Name, No. Methods, LCOM, AVCC, NOS, HBUG, HEFF, UWCS, INST, PACK, RFC, CBO, MI, CCML, NLOC, F-IN, DIT, MINC, S-R, R-R, COH, LMC, LCOM2, MAXCC, HVOL, HIER, NQU, FOUT, Superclass, SIX, EXT, NSUP, TCC, NSUB, MPC, NCO, INTR, CCOM, HLTH, MOD
"org.apache.solr.common.util.Base64",3,0.25,4.67,71,1.86,200994.00,5,2,0,9,3,33.37,30,95,3,1,81.85,0.00,0.00,0.33,1,5.00,8,5577.01,0,1,0,java.lang.Object,0.00,6,0,14,0,6,2,0,11,904,1
"org.apache.solr.common.util.ConcurrentLRUCache",16,0.09,4.06,233,3.40,454644.87,30,14,13,61,4,60.63,106,284,3,1,92.85,0.00,0.00,0.15,3,50.00,22,10198.71,1,3,1,java.lang.Object,0.00,45,0,65,0,45,13,0,78,1776,1
"org.apache.solr.common.util.ConcurrentLRUCache$CacheEntry<K,V>",6,0.05,1.33,20,0.23,5058.63,10,4,13,8,0,130.10,0,30,0,1,130.10,0.00,0.00,0.21,0,6.00,3,687.17,0,1,0,java.lang.Object,0.00,2,0,8,0,2,5,1,0,170,2
"org.apache.solr.common.util.ConcurrentLRUCache$CleanupThread",4,0.00,2.25,22,0.18,3708.09,6,2,13,9,1,121.38,0,34,0,2,121.38,0.00,0.50,0.50,0,2.00,6,533.05,0,0,1,org.apache.solr.common.util.Thread,0.00,5,1,9,0,5,4,0,0,126,2
"org.apache.solr.common.util.ConcurrentLRUCache$EvictionListener<K,V>",1,0.00,1.00,2,0.02,128.38,1,0,13,1,0,143.17,0,3,0,1,143.17,0.00,0.00,0.00,0,1.00,1,57.06,0,0,0,,0.00,0,0,1,0,0,1,0,0,18,2
"org.apache.solr.common.util.ConcurrentLRUCache$PQueue",4,0.67,1.50,20,0.22,6226.68,5,1,13,6,1,119.70,2,27,0,2,119.70,0.00,0.50,0.50,0,2.00,3,664.66,4,0,1,org.apache.lucene.util.PriorityQueue,0.00,2,1,6,0,2,4,0,2,154,2
"org.apache.solr.common.util.ConcurrentLRUCache$Stats",8,0.24,1.00,25,0.31,5865.72,14,6,13,15,0,130.64,0,37,0,1,130.64,0.00,0.00,0.38,0,4.00,1,940.72,0,0,0,java.lang.Object,0.00,7,0,8,0,7,8,0,0,236,2
"org.apache.solr.common.util.ConcurrentLRUCache$Thread",1,0.00,1.00,3,0.01,120.97,1,0,13,2,0,136.80,0,5,0,1,136.80,0.00,0.00,0.00,0,1.00,1,42.87,0,0,0,java.lang.Object,0.00,1,0,1,0,1,1,0,0,15,0
"org.apache.solr.common.util.ContentStream",6,0.00,1.00,7,0.02,93.53,6,0,3,6,55,129.39,40,8,55,1,161.61,0.00,0.00,0.00,0,6.00,1,73.02,0,6,0,,0.00,0,0,6,0,0,0,0,5,33,1
"org.apache.solr.common.util.ContentStreamBase",10,0.11,1.30,34,0.31,6551.97,15,5,12,17,30,170.85,29,54,29,1,130.96,0.00,0.00,0.10,2,50.00,3,940.86,0,6,1,java.lang.Object,0.00,7,0,13,6,7,4,1,12,228,2
"org.apache.solr.common.util.ContentStreamBase$FileStream",3,0.00,1.33,13,0.14,2306.12,4,1,12,10,1,175.75,5,21,0,2,125.75,0.00,0.50,1.00,1,0.00,2,426.79,1,2,1,org.apache.solr.common.util.ContentStreamBase,0.15,7,1,4,0,7,1,0,2,100,2
"org.apache.solr.common.util.ContentStreamBase$StringStream",3,0.50,1.33,13,0.14,2292.06,4,1,12,9,1,175.77,4,21,0,2,125.77,0.00,0.50,0.67,1,0.00,2,415.34,1,2,1,org.apache.solr.common.util.ContentStreamBase,0.15,6,1,4,0,6,1,0,1,98,2
"org.apache.solr.common.util.ContentStreamBase$URLStream",2,0.00,1.00,12,0.12,1895.26,4,2,12,8,1,118.53,0,16,0,2,118.53,0.00,0.50,0.50,0,0.00,1,358.14,0,1,1,org.apache.solr.common.util.ContentStreamBase,0.00,6,1,2,0,6,1,0,0,84,2
"org.apache.solr.common.util.ContentStreamTest",3,0.00,2.00,42,0.68,27114.28,3,0,15,36,2,146.93,5,59,0,2,96.93,0.00,0.50,0.00,0,3.00,4,2043.25,0,0,2,org.apache.lucene.util.LuceneTestCase,0.00,33,1,6,0,33,3,0,4,373,1
"org.apache.solr.common.util.DOMUtil",18,0.00,3.67,179,2.67,161306.44,18,0,5,57,19,71.76,113,231,16,1,103.98,0.00,0.00,0.00,9,18.00,14,7999.84,0,11,3,java.lang.Object,0.00,39,0,66,0,39,7,0,55,1489,1
"org.apache.solr.common.util.DOMUtilTest",6,0.30,1.00,43,0.68,23390.04,8,2,10,26,3,111.20,0,51,0,2,111.20,0.00,0.50,0.25,3,14.00,1,2038.60,1,3,3,org.apache.lucene.util.LuceneTestCase,0.00,20,1,6,0,20,3,0,0,395,1
"org.apache.solr.common.util.DateUtil",5,0.00,5.20,94,1.47,117524.67,14,9,12,32,7,59.99,65,123,7,1,89.37,0.00,0.00,0.11,2,14.00,14,4402.32,0,5,0,java.lang.Object,0.00,27,0,26,0,27,0,0,27,798,1
"org.apache.solr.common.util.DateUtil$ThreadLocalDateFormat",2,0.00,1.00,9,0.08,1070.68,3,1,12,5,0,127.05,1,13,0,2,127.05,0.00,0.50,1.00,0,0.00,1,225.58,0,1,0,java.lang.ThreadLocal,0.00,3,1,2,0,3,1,0,1,59,2
"org.apache.solr.common.util.FastInputStream",23,0.01,1.87,99,1.21,59762.27,27,4,1,34,9,121.51,10,147,9,2,121.51,0.00,0.50,0.24,7,99.00,8,3635.81,0,3,0,java.io.InputStream,0.00,11,1,43,0,11,20,1,8,819,1
"org.apache.solr.common.util.FastOutputStream",23,0.01,1.39,101,1.17,43312.11,27,4,1,32,5,122.68,20,128,5,2,122.68,0.00,0.50,0.24,6,100.00,4,3518.01,0,1,0,java.io.OutputStream,0.00,9,1,32,0,9,22,1,13,795,1
"org.apache.solr.common.util.FastWriter",11,0.28,1.64,64,0.74,38840.22,15,4,2,17,5,166.87,11,86,5,2,116.87,1.00,0.33,0.50,2,0.00,3,2217.34,0,2,0,java.io.Writer,0.00,6,1,18,1,6,9,0,9,488,1
"org.apache.solr.common.util.FileUtils",3,0.00,5.00,34,0.46,25986.89,3,0,2,20,6,58.48,23,49,6,1,100.78,0.00,0.00,0.00,0,3.00,8,1392.62,0,1,0,java.lang.Object,0.00,17,0,15,0,17,2,0,5,266,1
"org.apache.solr.common.util.FileUtilsTest",1,0.00,1.00,6,0.12,3345.66,1,0,3,5,1,114.22,0,8,0,2,114.22,0.00,0.50,0.00,0,1.00,1,363.34,0,0,1,org.apache.lucene.util.LuceneTestCase,0.00,4,1,1,0,4,1,0,0,80,1
"org.apache.solr.common.util.Hash",4,0.00,6.25,164,2.65,608604.00,4,0,0,7,2,119.61,100,123,2,1,69.61,0.00,0.00,0.00,1,4.00,10,7951.67,0,0,0,java.lang.Object,0.00,3,0,25,0,3,4,0,29,1387,1
"org.apache.solr.common.util.IteratorChain",5,0.17,2.20,27,0.26,7860.49,8,3,3,12,2,159.46,12,37,2,1,119.57,0.00,0.00,0.47,1,1.00,4,794.87,0,0,0,java.lang.Object,0.00,7,0,11,0,7,5,1,6,189,1
"org.apache.solr.common.util.IteratorChainTest",9,0.00,1.56,51,0.60,15786.22,9,0,5,24,1,119.28,4,66,0,2,119.28,0.00,0.50,0.00,1,9.00,2,1809.19,0,2,1,org.apache.lucene.util.LuceneTestCase,0.00,15,1,14,0,15,7,0,4,395,1
"org.apache.solr.common.util.JavaBinCodec",41,0.03,3.29,460,6.32,380707.11,76,35,7,113,19,150.63,54,575,13,1,100.63,0.00,0.00,0.05,21,850.00,15,18959.36,0,11,6,java.lang.Object,0.00,72,0,135,0,72,30,0,24,3521,1
"org.apache.solr.common.util.JavaBinCodec$ObjectResolver",1,0.00,1.00,2,0.02,108.48,1,0,7,1,1,143.74,0,3,0,1,143.74,0.00,0.00,0.00,0,1.00,1,48.15,0,1,1,,0.00,0,0,1,0,0,0,0,0,16,2
"org.apache.solr.common.util.NamedList",23,0.45,1.83,115,1.34,44971.04,24,1,2,46,253,86.65,139,142,253,1,118.87,0.00,0.00,0.57,7,0.00,5,4005.43,0,6,0,java.lang.Object,0.00,23,0,42,1,23,17,3,26,891,1
"org.apache.solr.common.util.NamedList$Iterator<Map.Entry<String,T>>",3,0.50,1.00,10,0.10,1724.48,4,1,2,6,0,131.47,0,13,0,1,131.47,0.00,0.00,0.67,0,1.00,1,292.28,0,1,0,java.lang.Object,0.00,3,0,3,0,3,2,0,0,74,0
"org.apache.solr.common.util.NamedList$Iterator<Map.Entry<String,T>>$Map.Entry<String,T>",4,0.00,1.00,9,0.08,909.38,4,0,2,7,0,141.21,0,16,0,1,141.21,0.00,0.00,0.00,1,4.00,1,252.33,0,2,0,java.lang.Object,0.00,3,0,4,0,3,2,0,0,70,0
"org.apache.solr.common.util.NamedList$NamedListEntry",5,0.00,1.00,15,0.10,1595.36,7,2,2,5,0,133.48,0,21,0,1,133.48,0.00,0.00,0.50,0,1.00,1,291.68,0,1,0,java.lang.Object,0.00,0,0,5,0,0,4,1,0,82,3
"org.apache.solr.common.util.NamedListTest",1,0.00,1.00,9,0.10,2422.44,1,0,1,6,1,108.75,0,11,0,2,108.75,0.00,0.50,0.00,0,1.00,1,306.94,0,0,1,org.apache.lucene.util.LuceneTestCase,0.00,5,1,1,0,5,1,0,0,68,1
"org.apache.solr.common.util.RTimer",11,0.22,1.64,73,0.73,21149.44,19,8,3,29,6,155.89,25,90,4,1,116.00,0.00,0.00,0.33,1,11.00,4,2184.60,0,4,2,java.lang.Object,0.00,18,0,18,0,18,7,0,7,473,1
"org.apache.solr.common.util.RegexFileFilter",4,0.33,1.00,10,0.09,948.47,5,1,3,9,2,191.07,4,16,2,1,141.07,0.00,0.00,0.75,0,0.00,1,255.35,0,1,0,java.lang.Object,0.00,5,0,4,0,5,3,1,1,72,2
"org.apache.solr.common.util.SimpleOrderedMap",4,0.00,1.00,12,0.12,2643.95,4,0,1,8,69,98.77,24,18,68,2,130.99,0.00,0.50,0.00,0,6.00,1,370.25,0,1,1,org.apache.solr.common.util.NamedList,0.07,4,1,4,0,4,3,0,3,95,1
"org.apache.solr.common.util.StrUtils",10,1.00,6.80,158,2.11,135511.03,11,1,6,31,36,76.28,57,179,35,1,94.15,0.00,0.00,0.00,0,10.00,15,6333.31,0,6,1,java.lang.Object,0.00,21,0,68,0,21,4,0,16,1164,1
"org.apache.solr.common.util.TestFastInputStream",3,0.00,3.00,43,0.82,56042.87,3,0,5,20,3,114.97,10,54,0,2,94.36,0.00,0.50,0.00,2,3.00,4,2453.25,0,0,3,org.apache.lucene.util.LuceneTestCase,0.00,17,1,9,0,17,3,0,5,452,1
"org.apache.solr.common.util.TestHash",3,0.00,2.33,57,0.73,40905.35,3,0,2,12,1,58.32,19,51,0,2,90.55,0.00,0.50,0.00,1,3.00,3,2186.82,0,0,1,org.apache.lucene.util.LuceneTestCase,0.00,9,1,7,0,9,3,0,6,410,1
"org.apache.solr.common.util.TestJavaBinCodec",1,0.00,2.00,13,0.14,3736.82,1,0,4,9,2,101.16,0,13,0,2,101.16,0.00,0.50,0.00,0,1.00,2,421.85,0,0,2,org.apache.lucene.util.LuceneTestCase,0.00,8,1,2,0,8,1,0,0,84,1
"org.apache.solr.common.util.TestNamedListCodec",9,0.50,1.89,165,2.45,97222.75,10,1,11,57,5,92.27,7,182,0,2,92.27,0.00,0.50,0.56,3,4.00,3,7363.65,0,4,5,org.apache.lucene.util.LuceneTestCase,0.00,48,1,17,0,48,5,0,7,1286,1
"org.apache.solr.common.util.TestXMLEscaping",8,0.00,1.00,20,0.17,2445.09,8,0,4,12,1,140.20,6,29,0,2,140.20,0.00,0.50,0.00,1,8.00,1,513.43,0,0,1,org.apache.lucene.util.LuceneTestCase,0.00,4,1,8,0,4,8,0,4,135,1
"org.apache.solr.common.util.XML",9,0.38,2.44,113,1.52,87703.49,11,2,3,14,10,81.26,45,125,10,1,99.13,0.00,0.00,0.17,3,26.00,4,4559.83,0,0,0,java.lang.Object,0.00,5,0,22,0,5,9,0,12,883,1
"org.apache.lucene.index.codecs.pulsing.PulsingCodec",6,0.80,1.67,51,0.64,25953.38,7,1,21,23,24,129.18,19,90,3,2,108.56,0.00,0.50,0.33,0,10.00,3,1912.25,0,3,21,org.apache.lucene.index.codecs.Codec,0.15,17,1,10,0,17,3,0,12,381,1
"org.apache.lucene.index.codecs.pulsing.PulsingPostingsReaderImpl",8,0.07,2.75,78,1.11,59026.73,10,2,13,30,16,125.33,25,106,3,2,104.71,0.00,0.50,0.56,0,0.00,6,3322.71,0,3,13,org.apache.lucene.index.codecs.PostingsReaderBase,0.27,22,1,22,0,22,5,0,23,642,1
"org.apache.lucene.index.codecs.pulsing.PulsingPostingsReaderImpl$PulsingDocsAndPositionsEnum",11,0.20,2.27,85,0.82,32379.75,21,10,13,22,5,161.97,16,119,0,4,111.97,0.00,0.75,0.28,2,2.00,5,2457.36,0,2,5,org.apache.lucene.index.DocsAndPositionsEnum,1.17,11,3,25,0,11,9,0,16,515,2
"org.apache.lucene.index.codecs.pulsing.PulsingPostingsReaderImpl$PulsingDocsEnum",7,0.25,2.71,62,0.62,41946.44,13,6,13,14,4,157.34,10,80,0,3,107.34,0.00,0.67,0.38,0,0.00,11,1861.87,0,1,4,org.apache.lucene.index.DocsEnum,0.80,7,2,19,0,7,6,0,10,381,2
"org.apache.lucene.index.codecs.pulsing.PulsingPostingsReaderImpl$PulsingTermState",3,0.50,2.33,31,0.36,15541.65,8,5,13,7,4,154.25,5,43,0,4,104.25,0.00,0.75,0.53,0,0.00,3,1090.38,3,2,4,org.apache.lucene.index.codecs.BlockTermState,1.00,4,3,7,0,4,1,0,5,226,2
"org.apache.lucene.index.codecs.pulsing.PulsingPostingsWriterImpl",11,0.20,3.27,148,1.73,164486.10,23,12,8,31,11,78.43,60,180,4,3,96.30,0.00,0.67,0.27,1,0.00,11,5193.01,0,0,7,org.apache.lucene.index.codecs.PostingsWriterBase,0.71,20,2,36,0,20,11,0,58,979,2
"org.apache.lucene.index.codecs.pulsing.PulsingPostingsWriterImpl$Position",0,0.00,0.00,5,0.03,328.28,4,4,8,0,1,171.00,1,6,0,1,171.00,0.00,0.00,0.00,0,0.00,0,85.11,0,0,1,java.lang.Object,0.00,0,0,0,0,0,0,0,1,23,3
"org.apache.lucene.analysis.ngram.EdgeNGramTokenFilter",0,0.00,0.00,5,0.06,1257.86,3,3,5,0,6,171.00,7,5,2,4,171.00,0.00,0.75,0.00,0,0.00,0,174.17,0,0,4,org.apache.lucene.analysis.TokenFilter,0.00,0,3,0,0,0,0,0,2,41,2
"org.apache.lucene.analysis.ngram.EdgeNGramTokenFilter$Side",4,0.19,3.75,59,0.77,96471.42,13,9,5,18,2,75.56,22,81,0,1,93.43,0.00,0.00,0.25,0,6.00,12,2324.66,1,4,2,java.lang.Object,0.00,14,0,15,0,14,0,0,8,385,2
"org.apache.lucene.analysis.ngram.EdgeNGramTokenFilterTest",11,0.10,1.27,62,0.81,16689.24,12,1,4,16,4,119.82,3,67,0,3,119.82,0.00,0.67,0.91,0,0.00,2,2428.82,2,0,4,org.apache.lucene.analysis.BaseTokenStreamTestCase,0.00,5,2,14,0,5,11,0,1,517,1
"org.apache.lucene.analysis.ngram.EdgeNGramTokenizer",0,0.00,0.00,7,0.10,2749.76,5,5,6,0,6,171.00,8,7,2,4,171.00,0.00,0.75,0.00,0,0.00,0,305.53,0,0,4,org.apache.lucene.analysis.Tokenizer,0.00,0,3,0,0,0,0,0,2,65,2
"org.apache.lucene.analysis.ngram.EdgeNGramTokenizer$Side",4,0.14,3.25,74,1.07,168839.31,11,7,6,19,0,77.12,62,102,0,1,87.48,0.00,0.00,0.25,0,6.00,10,3212.47,1,4,0,java.lang.Object,0.00,15,0,13,0,15,0,0,16,522,2
"org.apache.lucene.analysis.ngram.EdgeNGramTokenizerTest",10,0.00,1.30,61,0.71,14530.54,11,1,2,14,2,167.01,10,61,0,3,117.01,0.00,0.67,1.00,0,0.00,2,2115.35,2,0,2,org.apache.lucene.analysis.BaseTokenStreamTestCase,0.00,4,2,13,0,4,10,0,8,453,1
"org.apache.lucene.analysis.ngram.NGramTokenFilter",4,0.21,2.75,45,0.47,18200.97,15,11,5,13,6,103.35,16,59,2,4,103.11,0.00,0.75,0.25,0,6.00,6,1401.85,1,0,4,org.apache.lucene.analysis.TokenFilter,0.50,9,3,11,0,9,4,0,6,283,2
"org.apache.lucene.analysis.ngram.NGramTokenFilterTest",9,0.12,1.22,51,0.71,14881.56,10,1,4,14,4,119.54,3,58,0,3,119.54,0.00,0.67,0.89,0,0.00,2,2142.35,2,0,4,org.apache.lucene.analysis.BaseTokenStreamTestCase,0.00,5,2,11,0,5,9,0,1,450,1
"org.apache.lucene.analysis.ngram.NGramTokenizer",9,0.06,1.67,58,0.63,18824.72,20,11,6,18,6,136.32,34,78,2,4,115.71,0.00,0.75,0.14,2,29.00,5,1893.03,2,0,4,org.apache.lucene.analysis.Tokenizer,0.46,9,3,15,0,9,9,0,12,401,2
"org.apache.lucene.analysis.ngram.NGramTokenizerTest",8,0.00,1.25,49,0.62,13236.36,9,1,2,12,2,166.58,9,53,0,3,116.58,0.00,0.67,1.00,0,0.00,2,1846.74,2,0,2,org.apache.lucene.analysis.BaseTokenStreamTestCase,0.00,4,2,10,0,4,8,0,7,390,1
"org.apache.solr.search.function.distance.DistanceFunctionTest",4,0.00,1.25,77,2.30,174601.62,4,0,6,10,4,54.49,24,110,0,3,86.71,0.00,0.67,0.00,0,4.00,2,6897.45,10,0,4,org.apache.solr.SolrTestCaseJ4,0.00,6,2,5,0,6,4,0,21,1105,1
"org.apache.solr.search.function.distance.GeohashFunction",6,0.20,1.67,28,0.32,9263.01,8,2,6,14,5,173.31,8,39,2,2,123.31,0.00,0.50,0.67,1,0.00,5,950.46,0,3,3,org.apache.solr.search.function.ValueSource,0.29,8,1,10,0,8,3,0,1,224,1
"org.apache.solr.search.function.distance.GeohashFunction$DocValues",2,0.00,1.00,9,0.13,3237.19,2,0,6,12,1,123.27,0,13,0,1,123.27,0.00,0.00,0.00,0,2.00,1,394.73,0,2,1,java.lang.Object,0.00,10,0,2,0,10,0,0,0,92,0
"org.apache.solr.search.function.distance.GeohashHaversineFunction",8,0.24,1.38,45,0.68,25333.62,11,3,8,27,8,167.29,12,64,3,2,117.29,0.00,0.50,0.54,1,0.00,3,2038.53,0,3,5,org.apache.solr.search.function.ValueSource,0.25,19,1,11,0,19,5,0,3,436,1
"org.apache.solr.search.function.distance.GeohashHaversineFunction$DocValues",6,0.00,1.00,17,0.20,4150.00,6,0,8,15,0,137.41,0,29,0,1,137.41,0.00,0.00,0.00,1,6.00,1,608.12,0,2,0,java.lang.Object,0.00,9,0,6,0,9,4,0,0,153,0
"org.apache.solr.search.function.distance.HaversineConstFunction",11,0.00,1.73,71,1.13,41370.17,18,7,14,35,15,113.69,7,96,2,2,113.69,0.00,0.50,0.14,2,40.00,3,3386.79,0,6,13,org.apache.solr.search.function.ValueSource,0.21,24,1,19,0,24,5,0,5,697,1
"org.apache.solr.search.function.distance.HaversineConstFunction$DocValues",6,0.00,1.00,20,0.34,9531.99,6,0,14,16,1,127.99,0,33,0,1,127.99,0.00,0.00,0.00,1,14.00,1,1031.64,0,2,1,java.lang.Object,0.00,10,0,6,0,10,4,0,0,227,0
"org.apache.solr.search.function.distance.HaversineConstFunction$ValueSourceParser",1,0.00,17.00,53,0.83,137323.71,1,0,14,8,8,17.47,8,66,0,1,65.57,0.00,0.00,0.00,0,1.00,17,2484.95,0,1,8,java.lang.Object,0.00,7,0,17,0,7,0,0,8,420,0
"org.apache.solr.search.function.distance.HaversineFunction",9,0.16,1.33,62,0.79,30629.59,13,4,9,27,9,164.09,16,81,3,2,114.09,0.00,0.50,0.39,1,3.00,2,2360.01,0,3,6,org.apache.solr.search.function.ValueSource,0.24,18,1,12,0,18,6,0,2,509,1
"org.apache.solr.search.function.distance.HaversineFunction$DocValues",6,0.00,1.00,17,0.20,4150.00,6,0,9,15,0,137.41,0,29,0,1,137.41,0.00,0.00,0.00,1,6.00,1,608.12,0,2,0,java.lang.Object,0.00,9,0,6,0,9,4,0,0,153,0
"org.apache.solr.search.function.distance.SquaredEuclideanFunction",5,0.50,1.80,23,0.27,8425.84,6,1,3,10,6,173.00,8,33,2,3,123.00,0.00,0.67,0.60,0,5.00,5,818.89,2,1,4,org.apache.solr.search.function.distance.VectorDistanceFunction,0.29,5,2,9,0,5,4,0,3,191,1
"org.apache.solr.search.function.distance.StringDistanceFunction",5,0.58,2.00,30,0.39,11990.52,8,3,6,17,5,165.20,9,40,2,2,115.20,0.00,0.50,0.80,0,0.00,6,1163.47,0,2,3,org.apache.solr.search.function.ValueSource,0.31,12,1,10,0,12,3,0,2,264,1
"org.apache.solr.search.function.distance.StringDistanceFunction$DocValues",5,0.00,1.00,15,0.22,4608.37,5,0,6,14,0,129.86,0,26,0,1,129.86,0.00,0.00,0.00,2,7.00,1,651.59,0,1,0,java.lang.Object,0.00,9,0,5,0,9,4,0,0,156,0
"org.apache.solr.search.function.distance.VectorDistanceFunction",8,0.29,1.75,46,0.60,17877.20,12,4,9,23,9,158.31,22,61,3,2,118.42,1.00,0.33,0.50,1,0.00,6,1790.05,0,3,6,org.apache.solr.search.function.ValueSource,0.25,15,1,14,1,15,5,0,3,398,1
"org.apache.solr.search.function.distance.VectorDistanceFunction$DocValues",8,0.00,1.00,23,0.27,5472.25,8,0,9,17,0,137.45,0,39,0,1,137.45,0.00,0.00,0.00,1,14.00,1,815.67,0,2,0,java.lang.Object,0.00,9,0,8,0,9,6,0,0,202,0
"org.tartarus.snowball.ext.ArmenianStemmer",10,0.01,4.20,169,5.77,487084.62,19,9,2,14,4,70.97,53,433,2,2,88.84,0.00,0.50,0.12,0,0.00,13,17300.49,3,0,2,org.tartarus.snowball.SnowballProgram,0.05,4,1,42,0,4,10,0,50,2433,1
"org.tartarus.snowball.ext.BasqueStemmer",11,0.02,7.00,266,13.14,1257720.61,20,9,2,15,4,31.13,92,817,2,2,79.24,0.00,0.50,0.13,0,0.00,29,39416.71,4,0,2,org.tartarus.snowball.SnowballProgram,0.05,4,1,77,0,4,11,0,89,4854,1
"org.tartarus.snowball.ext.CatalanStemmer",12,0.00,6.58,250,17.15,1669477.07,22,10,2,16,4,33.43,106,931,2,2,81.53,0.00,0.50,0.10,0,0.00,20,51446.87,5,0,2,org.tartarus.snowball.SnowballProgram,0.05,4,1,79,0,4,12,0,103,5985,1
"org.tartarus.snowball.ext.DanishStemmer",7,0.19,5.86,210,2.56,165289.80,15,8,2,9,4,36.93,78,324,2,2,81.06,0.00,0.50,0.29,0,0.00,10,7686.56,9,0,2,org.tartarus.snowball.SnowballProgram,0.06,2,1,41,0,2,7,0,76,1361,1
"org.tartarus.snowball.ext.DutchStemmer",11,0.09,11.64,418,4.40,353945.64,23,12,2,12,4,65.65,167,642,2,2,76.01,0.00,0.50,0.17,0,0.00,60,13195.53,9,0,2,org.tartarus.snowball.SnowballProgram,0.05,1,1,128,0,1,11,0,165,2269,1
"org.tartarus.snowball.ext.EnglishStemmer",17,0.04,10.00,627,7.91,556638.64,34,17,2,18,4,66.50,259,1016,2,2,76.86,0.00,0.50,0.10,0,0.00,22,23715.70,12,0,2,org.tartarus.snowball.SnowballProgram,0.04,1,1,170,0,1,17,0,257,3876,1
"org.tartarus.snowball.ext.FinnishStemmer",13,0.10,9.23,517,6.70,564261.62,31,18,2,15,4,54.48,187,811,2,2,74.62,0.00,0.50,0.15,0,0.00,29,20088.70,10,0,2,org.tartarus.snowball.SnowballProgram,0.05,2,1,120,0,2,13,0,185,3321,1
"org.tartarus.snowball.ext.FrenchStemmer",14,0.07,12.64,731,10.02,869486.27,28,14,2,15,4,107.96,304,1164,2,2,68.66,0.00,0.50,0.14,0,0.00,71,30071.60,11,0,2,org.tartarus.snowball.SnowballProgram,0.05,1,1,177,0,1,14,0,302,4646,1
"org.tartarus.snowball.ext.German2Stemmer",8,0.12,12.12,368,3.98,369747.66,20,12,2,9,4,80.80,139,562,2,2,71.67,0.00,0.50,0.19,0,0.00,36,11938.45,8,0,2,org.tartarus.snowball.SnowballProgram,0.05,1,1,97,0,1,8,0,137,2028,1
"org.tartarus.snowball.ext.GermanStemmer",8,0.12,10.75,357,3.70,328881.14,19,11,2,9,3,72.34,131,533,1,2,72.82,0.00,0.50,0.19,0,0.00,36,11103.93,8,0,2,org.tartarus.snowball.SnowballProgram,0.05,1,1,86,0,1,8,0,129,1917,1
"org.tartarus.snowball.ext.HungarianStemmer",16,0.00,9.62,453,8.12,593316.73,30,14,2,17,4,80.04,258,862,2,2,80.52,0.00,0.50,0.07,0,0.00,33,24351.30,6,0,2,org.tartarus.snowball.SnowballProgram,0.04,1,1,154,0,1,16,0,256,3696,1
"org.tartarus.snowball.ext.ItalianStemmer",12,0.06,11.00,522,9.35,896658.40,26,14,2,13,4,70.67,200,949,2,2,71.14,0.00,0.50,0.13,0,0.00,36,28060.51,9,0,2,org.tartarus.snowball.SnowballProgram,0.05,1,1,132,0,1,12,0,198,4211,1
"org.tartarus.snowball.ext.KpStemmer",18,0.06,19.00,1069,11.33,855356.90,37,19,2,20,3,115.26,502,1644,1,2,67.44,0.00,0.50,0.11,0,0.00,63,33994.26,10,0,2,org.tartarus.snowball.SnowballProgram,0.04,2,1,342,0,2,18,0,500,5574,1
"org.tartarus.snowball.ext.LovinsStemmer",34,0.23,5.29,817,15.90,1020296.10,38,4,2,35,3,35.77,294,1567,1,2,83.87,0.00,0.50,0.03,0,0.00,53,47714.39,5,0,2,org.tartarus.snowball.SnowballProgram,0.03,1,1,180,0,1,34,0,292,6934,1
"org.tartarus.snowball.ext.NorwegianStemmer",6,0.20,6.00,173,2.25,143216.45,13,7,2,7,4,33.65,61,277,2,2,82.13,0.00,0.50,0.31,0,0.00,12,6745.61,8,0,2,org.tartarus.snowball.SnowballProgram,0.06,1,1,36,0,1,6,0,59,1181,1
"org.tartarus.snowball.ext.PorterStemmer",13,0.05,8.85,439,5.26,381393.29,24,11,2,14,3,49.29,177,700,1,2,78.67,0.00,0.50,0.14,0,0.00,32,15768.85,10,0,2,org.tartarus.snowball.SnowballProgram,0.05,1,1,115,0,1,13,0,175,2603,1
"org.tartarus.snowball.ext.PortugueseStemmer",12,0.06,10.83,489,8.73,802187.19,25,13,2,13,4,62.34,186,900,2,2,72.70,0.00,0.50,0.13,0,0.00,39,26191.06,6,0,2,org.tartarus.snowball.SnowballProgram,0.05,1,1,130,0,1,12,0,184,3932,1
"org.tartarus.snowball.ext.RomanianStemmer",13,0.08,8.62,433,9.11,800267.28,24,11,2,14,4,32.02,151,845,2,2,76.15,0.00,0.50,0.16,0,0.00,29,27316.66,8,0,2,org.tartarus.snowball.SnowballProgram,0.05,1,1,112,0,1,13,0,149,3974,1
"org.tartarus.snowball.ext.RussianStemmer",12,0.02,6.92,315,5.50,437513.95,23,11,2,13,4,31.85,117,580,2,2,81.85,0.00,0.50,0.11,0,0.00,13,16491.41,5,0,2,org.tartarus.snowball.SnowballProgram,0.05,1,1,83,0,1,12,0,115,2611,1
"org.tartarus.snowball.ext.SpanishStemmer",12,0.06,11.58,511,9.27,892823.92,26,14,2,13,4,80.65,208,943,2,2,71.52,0.00,0.50,0.13,0,0.00,40,27801.19,7,0,2,org.tartarus.snowball.SnowballProgram,0.05,1,1,139,0,1,12,0,206,4174,1
"org.tartarus.snowball.ext.SwedishStemmer",6,0.17,5.50,164,2.31,153417.02,13,7,2,7,4,32.51,57,272,2,2,82.51,0.00,0.50,0.29,0,0.00,9,6925.29,6,0,2,org.tartarus.snowball.SnowballProgram,0.06,1,1,33,0,1,6,0,55,1204,1
"org.tartarus.snowball.ext.TurkishStemmer",42,0.00,7.45,1650,18.57,1772265.60,76,34,2,43,4,64.41,656,2392,2,2,74.76,0.00,0.50,0.03,0,1254.00,53,55710.81,9,0,2,org.tartarus.snowball.SnowballProgram,0.03,1,1,313,0,1,42,0,654,8933,1
"org.apache.solr.search.function.BoostedQuery",9,0.06,1.22,38,0.48,13783.72,11,2,7,23,14,123.41,4,51,8,2,123.41,0.00,0.50,0.44,1,3.00,2,1437.50,2,5,6,org.apache.lucene.search.Query,0.10,14,1,11,0,14,4,0,2,331,1
"org.apache.solr.search.function.BoostedQuery$BoostedWeight",7,0.06,1.29,35,0.42,11675.09,10,3,7,21,8,119.50,0,52,0,2,119.50,0.00,0.50,0.29,0,0.00,2,1267.85,0,3,8,org.apache.lucene.search.Weight,0.57,14,1,9,0,14,4,0,0,277,1
"org.apache.solr.search.function.BoostedQuery$CustomScorer",6,0.16,1.33,31,0.42,10544.92,11,5,7,20,6,119.31,3,46,0,3,119.31,0.00,0.67,0.33,0,0.00,2,1249.48,0,1,6,org.apache.lucene.search.Scorer,0.75,14,2,8,0,14,5,0,3,272,1
"org.apache.solr.search.function.ByteFieldSource",3,0.00,1.00,9,0.10,1602.95,3,0,5,5,4,171.61,7,15,1,4,131.72,0.00,0.75,0.00,0,1.00,1,303.50,0,2,3,org.apache.solr.search.function.NumericFieldCacheSource,0.21,2,3,3,0,2,1,0,1,73,1
"org.apache.solr.search.function.ByteFieldSource$DocValues",8,0.00,1.00,17,0.18,2697.89,8,0,5,10,0,139.86,0,33,0,1,139.86,0.00,0.00,0.00,0,8.00,1,530.22,0,2,0,java.lang.Object,0.00,2,0,8,0,2,6,0,0,143,0
"org.apache.solr.search.function.ConstDoubleDocValues",7,0.14,1.00,26,0.22,2255.12,13,6,8,9,8,133.45,0,40,2,2,133.45,0.00,0.50,0.29,0,14.00,1,650.69,0,2,6,org.apache.solr.search.DocValues,0.00,2,1,7,0,2,5,0,0,163,0
"org.apache.solr.search.function.ConstIntDocValues",7,0.14,1.00,26,0.21,2169.78,13,6,8,9,9,133.58,0,40,3,2,133.58,0.00,0.50,0.29,0,14.00,1,616.10,0,2,6,org.apache.solr.search.DocValues,0.00,2,1,7,0,2,5,0,0,157,0
"org.apache.solr.search.function.ConstNumberSource",5,0.00,1.00,6,0.03,204.23,5,0,0,5,5,158.31,3,7,4,2,158.31,3.00,0.20,0.00,0,5.00,1,97.20,0,1,1,org.apache.solr.search.function.ValueSource,0.00,0,1,5,3,0,4,0,1,37,2
"org.apache.solr.search.function.ConstValueSource",10,0.17,1.10,26,0.22,3770.10,12,2,3,12,4,139.46,3,46,2,3,139.46,0.00,0.67,0.35,0,6.00,2,666.14,0,3,2,org.apache.solr.search.function.ConstNumberSource,0.91,2,2,11,0,2,7,0,1,178,1
"org.apache.solr.search.function.ConstValueSource$DocValues",6,0.00,1.00,13,0.11,1239.59,6,0,3,8,0,141.54,0,25,0,1,141.54,0.00,0.00,0.00,0,2.00,1,323.48,0,2,0,java.lang.Object,0.00,2,0,6,0,2,4,0,0,91,0
"org.apache.solr.search.function.DivFloatFunction",3,0.00,1.00,7,0.07,1084.71,3,0,0,4,4,179.51,6,13,1,3,139.63,0.00,0.67,0.00,0,3.00,1,203.62,0,1,3,org.apache.solr.search.function.DualFloatFunction,0.16,1,2,3,0,1,2,0,2,57,1
"org.apache.solr.search.function.DocFreqValueSource",7,0.04,1.14,26,0.33,7082.45,11,4,8,16,11,129.51,0,39,4,2,129.51,3.00,0.20,0.21,2,18.00,2,997.93,0,3,7,org.apache.solr.search.function.ValueSource,0.27,9,1,8,3,9,4,0,0,237,1
"org.apache.solr.search.function.DocValues",21,0.00,1.24,62,0.50,11455.50,21,0,4,26,50,188.17,28,57,46,1,138.17,0.00,0.00,0.00,1,21.00,6,1496.01,0,6,4,java.lang.Object,0.00,5,0,26,1,5,15,0,17,378,2
"org.apache.solr.search.function.DocValues$ValueFiller",2,0.00,1.00,3,0.02,117.79,2,0,4,2,1,207.06,2,4,0,1,157.06,0.00,0.00,0.00,0,2.00,1,55.02,0,1,1,java.lang.Object,0.00,0,0,2,0,0,1,0,2,20,3
"org.apache.solr.search.function.DocValues$ValueFiller_0",2,0.00,1.00,6,0.05,661.73,3,1,4,3,2,133.36,0,10,0,1,133.36,0.00,0.00,1.00,0,0.00,1,153.37,0,1,2,java.lang.Object,0.00,1,0,2,0,1,1,0,0,43,0
"org.apache.solr.search.function.DocValues$ValueSourceScorer",1,0.00,1.00,4,0.04,809.86,1,0,4,2,0,125.64,0,6,0,1,125.64,0.00,0.00,0.00,0,1.00,1,127.88,0,0,0,java.lang.Object,0.00,1,0,1,0,1,1,0,0,32,0
"org.apache.solr.search.function.DocValues$ValueSourceScorer_1",1,0.00,1.00,4,0.04,809.86,1,0,4,2,0,125.64,0,6,0,1,125.64,0.00,0.00,0.00,0,1.00,1,127.88,0,0,0,java.lang.Object,0.00,1,0,1,0,1,1,0,0,32,0
"org.apache.solr.search.function.DocValues$ValueSourceScorer_2",1,0.00,1.00,4,0.04,809.86,1,0,4,2,0,125.64,0,6,0,1,125.64,0.00,0.00,0.00,0,1.00,1,127.88,0,0,0,java.lang.Object,0.00,1,0,1,0,1,1,0,0,32,0
"org.apache.solr.search.function.DocValues$ValueSourceScorer_3",1,0.00,1.00,4,0.04,809.86,1,0,4,2,0,125.64,0,6,0,1,125.64,0.00,0.00,0.00,0,1.00,1,127.88,0,0,0,java.lang.Object,0.00,1,0,1,0,1,1,0,0,32,0
"org.apache.solr.search.function.DoubleConstValueSource",10,0.11,1.10,29,0.26,4647.31,13,3,3,12,7,138.75,0,49,5,3,138.75,0.00,0.67,0.23,0,38.00,2,791.81,0,3,2,org.apache.solr.search.function.ConstNumberSource,0.91,2,2,11,0,2,7,0,0,205,1
"org.apache.solr.search.function.DoubleConstValueSource$DocValues",6,0.00,1.00,13,0.11,1187.61,6,0,3,8,0,141.69,0,25,0,1,141.69,0.00,0.00,0.00,0,18.00,1,316.31,0,2,0,java.lang.Object,0.00,2,0,6,0,2,4,0,0,89,0
"org.apache.solr.search.function.DoubleFieldSource",3,0.00,1.00,10,0.12,1988.06,3,0,9,5,8,170.87,7,16,2,4,130.99,0.00,0.75,0.00,0,1.00,1,346.88,0,2,6,org.apache.solr.search.function.NumericFieldCacheSource,0.21,2,3,3,0,2,1,0,1,81,1
"org.apache.solr.search.function.DoubleFieldSource$DocValues",8,0.00,1.62,35,0.33,11003.62,8,0,9,13,1,123.72,0,57,0,1,123.72,0.00,0.00,0.00,0,8.00,6,1000.32,0,4,1,java.lang.Object,0.00,5,0,13,0,5,4,0,0,229,0
"org.apache.solr.search.function.DoubleFieldSource$DocValues$ValueFiller",2,0.50,1.00,8,0.08,1194.46,4,2,9,4,2,126.68,0,12,0,1,126.68,0.00,0.00,0.75,0,0.00,1,243.05,0,1,2,java.lang.Object,0.00,2,0,2,0,2,1,0,0,62,0
"org.apache.solr.search.function.DoubleFieldSource$DocValues$ValueSourceScorer",1,0.00,1.00,4,0.04,809.86,1,0,9,2,0,125.64,0,6,0,1,125.64,0.00,0.00,0.00,0,1.00,1,127.88,0,0,0,java.lang.Object,0.00,1,0,1,0,1,1,0,0,32,0
"org.apache.solr.search.function.DoubleFieldSource$DocValues$ValueSourceScorer_0",1,0.00,1.00,4,0.04,809.86,1,0,9,2,0,125.64,0,6,0,1,125.64,0.00,0.00,0.00,0,1.00,1,127.88,0,0,0,java.lang.Object,0.00,1,0,1,0,1,1,0,0,32,0
"org.apache.solr.search.function.DoubleFieldSource$DocValues$ValueSourceScorer_1",1,0.00,1.00,4,0.04,809.86,1,0,9,2,0,125.64,0,6,0,1,125.64,0.00,0.00,0.00,0,1.00,1,127.88,0,0,0,java.lang.Object,0.00,1,0,1,0,1,1,0,0,32,0
"org.apache.solr.search.function.DoubleFieldSource$DocValues$ValueSourceScorer_2",1,0.00,1.00,4,0.04,809.86,1,0,9,2,0,125.64,0,6,0,1,125.64,0.00,0.00,0.00,0,1.00,1,127.88,0,0,0,java.lang.Object,0.00,1,0,1,0,1,1,0,0,32,0
"org.apache.solr.search.function.DualFloatFunction",8,0.00,1.12,28,0.37,10660.06,10,2,4,15,6,128.57,4,41,3,2,128.57,2.00,0.25,0.50,2,8.00,2,1112.18,0,3,3,org.apache.solr.search.function.ValueSource,0.25,7,1,9,2,7,5,0,1,265,2
"org.apache.solr.search.function.DualFloatFunction$DocValues",6,0.00,1.00,13,0.15,2177.29,6,0,4,11,0,139.61,0,25,0,1,139.61,0.00,0.00,0.00,1,6.00,1,456.42,0,2,0,java.lang.Object,0.00,5,0,6,0,5,4,0,0,121,0
"org.apache.solr.search.function.FieldCacheSource",5,0.12,1.20,15,0.16,4023.88,7,2,1,7,6,180.28,6,25,4,2,130.28,15.00,0.06,0.40,1,6.00,2,469.32,0,2,2,org.apache.solr.search.function.ValueSource,0.31,2,1,6,15,2,3,0,1,118,2
"org.apache.solr.search.function.FileFloatSource",8,0.06,2.75,85,1.44,89836.77,13,5,16,42,17,141.45,18,117,4,2,101.57,0.00,0.50,0.15,2,14.00,14,4316.67,0,3,13,org.apache.solr.search.function.ValueSource,0.38,34,1,22,0,34,5,0,15,740,1
"org.apache.solr.search.function.FileFloatSource$Cache",1,0.00,1.00,3,0.03,477.11,1,0,16,2,1,132.11,0,5,0,1,132.11,0.00,0.00,0.00,0,1.00,1,100.00,0,1,1,java.lang.Object,0.00,1,0,1,0,1,0,0,0,27,0
"org.apache.solr.search.function.FileFloatSource$Cache_0",2,1.00,3.00,27,0.26,18577.54,3,1,16,7,1,97.95,0,36,0,1,97.95,0.00,0.00,0.50,0,2.00,5,778.64,0,2,1,java.lang.Object,0.00,5,0,6,0,5,0,0,0,167,2
"org.apache.solr.search.function.FileFloatSource$CreationPlaceholder",0,0.00,0.00,2,0.01,75.00,1,1,16,0,0,171.00,0,3,0,1,171.00,0.00,0.00,0.00,0,0.00,0,30.00,0,0,0,java.lang.Object,0.00,0,0,0,0,0,0,0,0,10,2
"org.apache.solr.search.function.FileFloatSource$DocValues",6,0.00,1.00,13,0.15,2507.67,6,0,16,8,0,139.13,0,25,0,1,139.13,0.00,0.00,0.00,0,6.00,1,460.92,0,2,0,java.lang.Object,0.00,2,0,6,0,2,4,0,0,119,0
"org.apache.solr.search.function.FileFloatSource$Entry",3,0.50,1.33,10,0.09,2145.15,4,1,16,5,1,130.66,0,16,0,1,130.66,0.00,0.00,0.67,0,1.00,2,275.58,0,0,1,java.lang.Object,0.00,2,0,4,0,2,3,0,0,72,2
"org.apache.solr.search.function.FloatDocValues",9,1.00,1.00,19,0.19,2613.27,10,1,8,11,8,140.38,0,36,2,2,140.38,0.00,0.50,0.11,1,16.00,1,584.66,0,2,6,org.apache.solr.search.DocValues,0.00,2,1,9,0,2,7,0,0,161,1
"org.apache.solr.search.function.FloatFieldSource",3,0.00,1.00,10,0.12,1988.06,3,0,8,5,8,170.87,7,16,2,4,130.99,0.00,0.75,0.00,0,1.00,1,346.88,0,2,6,org.apache.solr.search.function.NumericFieldCacheSource,0.21,2,3,3,0,2,1,0,1,81,1
"org.apache.solr.search.function.FloatFieldSource$DocValues",7,0.00,1.00,15,0.15,2164.16,7,0,8,10,0,140.16,0,29,0,1,140.16,0.00,0.00,0.00,0,7.00,1,436.10,0,3,0,java.lang.Object,0.00,3,0,7,0,3,4,0,0,119,0
"org.apache.solr.search.function.FloatFieldSource$DocValues$ValueFiller",2,0.50,1.00,8,0.08,1194.46,4,2,8,4,2,126.68,0,12,0,1,126.68,0.00,0.00,0.75,0,0.00,1,243.05,0,1,2,java.lang.Object,0.00,2,0,2,0,2,1,0,0,62,0
"org.apache.solr.search.function.FunctionQuery",8,0.71,1.38,22,0.28,6858.81,9,1,8,14,17,186.60,15,38,10,2,136.60,0.00,0.50,0.38,1,14.00,3,847.88,1,4,7,org.apache.lucene.search.Query,0.11,6,1,11,0,6,4,0,6,204,1
"org.apache.solr.search.function.FunctionQuery$AllScorer",6,0.28,1.67,44,0.50,13338.82,14,8,8,17,7,163.00,8,56,0,3,113.00,0.00,0.67,0.35,1,0.00,4,1487.41,0,1,7,org.apache.lucene.search.Scorer,0.75,11,2,10,0,11,5,0,8,313,1
"org.apache.solr.search.function.FunctionQuery$FunctionWeight",7,0.12,1.00,23,0.24,3771.83,11,4,8,12,6,131.69,0,37,0,2,131.69,0.00,0.50,0.14,1,15.00,1,731.74,0,3,6,org.apache.lucene.search.Weight,0.57,5,1,7,0,5,4,0,0,182,1
"org.apache.solr.search.function.IDFValueSource",3,0.00,1.00,12,0.18,3341.87,3,0,8,12,9,124.55,2,18,1,3,124.55,0.00,0.67,0.00,0,4.00,1,543.41,0,2,8,org.apache.solr.search.function.DocFreqValueSource,0.17,9,2,3,0,9,1,0,2,115,1
"org.apache.solr.search.function.IntDocValues",10,1.00,1.00,21,0.21,2717.87,11,1,8,13,7,140.60,0,40,1,2,140.60,0.00,0.50,0.10,1,18.00,1,616.82,0,2,6,org.apache.solr.search.DocValues,0.00,3,1,10,0,3,8,0,0,171,1
"org.apache.solr.search.function.IntDocValues$ValueFiller",2,0.00,1.00,6,0.05,661.73,3,1,8,3,2,133.36,0,10,0,1,133.36,0.00,0.00,1.00,0,0.00,1,153.37,0,1,2,java.lang.Object,0.00,1,0,2,0,1,1,0,0,43,0
"org.apache.solr.search.function.IntFieldSource",3,0.00,1.00,10,0.12,1988.06,3,0,9,5,8,170.87,6,16,2,4,130.99,0.00,0.75,0.00,0,1.00,1,346.88,0,2,6,org.apache.solr.search.function.NumericFieldCacheSource,0.21,2,3,3,0,2,1,0,1,81,1
"org.apache.solr.search.function.IntFieldSource$DocValues",8,1.00,1.50,31,0.34,14550.94,9,1,9,14,2,127.44,1,49,0,1,127.44,0.00,0.00,0.00,0,8.00,5,1029.80,0,4,2,java.lang.Object,0.00,6,0,12,0,6,4,0,1,234,0
"org.apache.solr.search.function.IntFieldSource$DocValues$ValueFiller",2,0.50,1.00,8,0.08,1194.46,4,2,9,4,2,126.68,0,12,0,1,126.68,0.00,0.00,0.75,0,0.00,1,243.05,0,1,2,java.lang.Object,0.00,2,0,2,0,2,1,0,0,62,0
"org.apache.solr.search.function.IntFieldSource$DocValues$ValueSourceScorer",1,0.00,1.00,4,0.04,984.65,1,0,9,1,0,164.86,2,6,0,1,124.97,0.00,0.00,0.00,0,1.00,1,127.88,0,0,0,java.lang.Object,0.00,0,0,1,0,0,1,0,2,32,0
"org.apache.solr.search.function.JoinDocFreqValueSource",5,0.12,1.40,19,0.24,5502.79,7,2,8,11,8,179.17,5,30,2,3,129.17,0.00,0.67,0.40,0,1.00,3,734.80,2,2,6,org.apache.solr.search.function.FieldCacheSource,0.33,6,2,7,0,6,3,0,1,172,1
"org.apache.solr.search.function.JoinDocFreqValueSource$DocValues",6,1.00,1.17,18,0.21,4267.97,7,1,8,11,2,130.71,1,34,0,1,130.71,0.00,0.00,0.17,1,10.00,2,644.70,0,2,2,java.lang.Object,0.00,5,0,7,0,5,4,0,1,157,0
"org.apache.solr.search.function.LinearFloatFunction",6,0.13,1.17,25,0.35,10542.45,9,3,4,13,5,172.95,8,39,2,2,122.95,0.00,0.50,0.44,1,0.00,2,1039.09,0,2,3,org.apache.solr.search.function.ValueSource,0.29,7,1,7,0,7,4,0,1,240,1
"org.apache.solr.search.function.LinearFloatFunction$DocValues",6,0.00,1.00,13,0.15,2276.04,6,0,4,9,0,139.46,0,25,0,1,139.46,0.00,0.00,0.00,1,10.00,1,453.01,0,2,0,java.lang.Object,0.00,3,0,6,0,3,4,0,0,120,0
"org.apache.solr.search.function.LiteralValueSource",6,0.10,1.50,19,0.19,4493.63,8,2,3,10,6,130.47,5,30,4,2,130.47,0.00,0.50,0.42,0,0.00,4,580.21,0,3,2,org.apache.solr.search.function.ValueSource,0.29,4,1,9,0,4,3,0,2,144,1
"org.apache.solr.search.function.LiteralValueSource$DocValues",2,0.00,1.00,5,0.03,338.23,2,0,3,2,0,142.22,0,9,0,1,142.22,0.00,0.00,0.00,0,0.00,1,101.21,0,2,0,java.lang.Object,0.00,0,0,2,0,0,0,0,0,30,0
"org.apache.solr.search.function.LongFieldSource",5,0.00,1.00,14,0.14,2298.73,5,0,9,9,9,188.80,7,22,3,4,138.80,0.33,0.60,0.00,0,7.00,1,427.07,0,3,6,org.apache.solr.search.function.NumericFieldCacheSource,0.19,4,3,5,1,4,2,0,1,105,1
"org.apache.solr.search.function.LongFieldSource$DocValues",8,0.00,1.50,30,0.32,13414.26,8,0,9,12,1,127.72,1,48,0,1,127.72,0.00,0.00,0.00,0,8.00,5,967.81,0,4,1,java.lang.Object,0.00,4,0,12,0,4,4,0,1,219,0
"org.apache.solr.search.function.LongFieldSource$DocValues$ValueFiller",2,0.50,1.00,8,0.08,1129.61,4,2,9,3,2,126.87,0,12,0,1,126.87,0.00,0.00,0.75,0,0.00,1,241.43,0,1,2,java.lang.Object,0.00,1,0,2,0,1,1,0,0,61,0
"org.apache.solr.search.function.LongFieldSource$DocValues$ValueSourceScorer",1,0.00,1.00,4,0.04,902.61,1,0,9,1,0,165.15,2,6,0,1,125.27,0.00,0.00,0.00,0,1.00,1,129.71,0,0,0,java.lang.Object,0.00,0,0,1,0,0,1,0,2,32,0
"org.apache.solr.search.function.MaxDocValueSource",6,0.00,1.00,14,0.16,2489.21,6,0,4,12,5,139.16,0,26,1,2,139.16,0.00,0.50,0.00,1,6.00,1,481.06,0,3,4,org.apache.solr.search.function.ValueSource,0.29,6,1,6,0,6,3,0,0,122,1
"org.apache.solr.search.function.MaxFloatFunction",6,0.00,1.17,21,0.28,7014.07,8,2,4,13,5,179.01,9,34,2,2,129.01,0.00,0.50,0.50,1,0.00,2,826.39,0,2,3,org.apache.solr.search.function.ValueSource,0.29,7,1,7,0,7,4,0,1,196,1
"org.apache.solr.search.function.MaxFloatFunction$DocValues",6,0.00,1.17,14,0.16,2971.51,6,0,4,9,0,138.51,0,26,0,1,138.51,0.00,0.00,0.00,1,10.00,2,486.12,0,2,0,java.lang.Object,0.00,3,0,7,0,3,4,0,0,127,0
"org.apache.solr.search.function.MultiFloatFunction",8,0.86,1.62,37,0.41,12956.29,9,1,5,20,6,123.16,5,1,3,2,123.16,2.00,0.25,0.25,1,16.00,3,1231.15,0,2,3,org.apache.solr.search.function.ValueSource,0.25,12,1,13,2,12,6,0,2,276,2
"org.apache.solr.search.function.MultiFloatFunction$DocValues",6,0.00,1.33,24,0.24,6234.36,6,0,5,14,0,124.72,0,0,0,1,124.72,0.00,0.00,0.00,1,6.00,3,712.14,0,2,0,java.lang.Object,0.00,8,0,8,0,8,4,0,0,168,0
"org.apache.solr.search.function.MultiValueSource",1,0.00,1.00,2,0.01,80.15,1,0,1,1,9,145.01,4,3,8,2,144.78,3.00,0.20,0.00,0,1.00,1,35.16,0,0,1,org.apache.solr.search.function.ValueSource,0.00,0,1,1,3,0,1,0,1,13,2
"org.apache.solr.search.function.NormValueSource",7,0.50,1.29,22,0.28,6099.68,8,1,5,17,8,129.99,0,36,2,2,129.99,0.00,0.50,0.57,2,3.00,2,843.78,0,3,6,org.apache.solr.search.function.ValueSource,0.27,10,1,9,0,10,4,0,0,196,1
"org.apache.solr.search.function.NormValueSource$FloatDocValues",1,0.00,1.00,3,0.03,397.41,1,0,5,2,0,132.73,0,5,0,1,132.73,0.00,0.00,0.00,0,1.00,1,87.61,0,0,0,java.lang.Object,0.00,1,0,1,0,1,1,0,0,24,0
"org.apache.solr.search.function.NumDocsValueSource",5,0.00,1.00,11,0.12,1767.19,5,0,4,10,5,139.70,1,21,1,2,139.70,0.00,0.50,0.00,1,5.00,1,368.40,0,3,4,org.apache.solr.search.function.ValueSource,0.31,5,1,5,0,5,2,0,1,96,1
"org.apache.solr.search.function.NumericFieldCacheSource",3,1.00,2.00,13,0.22,8801.95,4,1,2,5,10,171.08,4,21,7,3,121.08,3.50,0.20,0.33,0,4.00,3,665.82,2,0,3,org.apache.solr.search.function.FieldCacheSource,0.19,2,2,6,7,2,3,0,1,149,2
"org.apache.solr.search.function.NvlValueSourceParser",2,1.00,1.50,10,0.11,2015.53,3,1,4,6,6,73.08,17,16,0,2,121.18,0.00,0.50,0.00,0,2.00,2,327.71,0,1,6,org.apache.solr.search.ValueSourceParser,0.00,4,1,3,0,4,1,0,3,77,1
"org.apache.solr.search.function.NvlValueSourceParser$SimpleFloatFunction",2,0.00,1.50,9,0.07,1481.12,2,0,4,3,1,125.85,0,14,0,1,125.85,0.00,0.00,0.00,0,2.00,2,204.23,0,1,1,java.lang.Object,0.00,1,0,3,0,1,1,0,0,51,0
"org.apache.solr.search.function.OrdFieldSource",5,0.00,1.00,16,0.22,4219.49,7,2,8,11,10,150.77,17,26,4,2,130.16,0.00,0.50,0.50,1,0.00,1,659.66,0,2,6,org.apache.solr.search.function.ValueSource,0.31,6,1,5,0,6,3,0,1,153,1
"org.apache.solr.search.function.OrdFieldSource$DocValues",10,0.00,1.00,21,0.23,3554.63,10,0,8,15,0,139.68,1,40,0,1,139.68,0.00,0.00,0.00,0,10.00,1,692.64,0,4,0,java.lang.Object,0.00,5,0,10,0,5,6,0,1,182,0
"org.apache.solr.search.function.OrdFieldSource$DocValues$ValueFiller",2,0.00,1.00,7,0.07,1095.52,3,1,8,4,2,131.64,0,11,0,1,131.64,0.00,0.00,1.00,0,0.00,1,210.49,0,1,2,java.lang.Object,0.00,2,0,2,0,2,1,0,0,55,0
"org.apache.solr.search.function.PowFloatFunction",3,0.00,1.00,7,0.08,1106.61,3,0,0,5,3,179.44,6,13,0,3,139.56,0.00,0.67,0.00,0,3.00,1,226.70,0,1,3,org.apache.solr.search.function.DualFloatFunction,0.16,2,2,3,0,2,2,0,2,62,1
"org.apache.solr.search.function.ProductFloatFunction",3,0.00,1.33,11,0.08,1964.72,3,0,0,4,6,180.96,3,17,3,3,130.96,0.00,0.67,0.00,0,3.00,2,249.77,0,1,3,org.apache.solr.search.function.MultiFloatFunction,0.16,1,2,4,0,1,2,0,1,64,1
"org.apache.solr.search.function.QueryDocValues",7,0.06,2.29,49,0.59,22797.06,15,8,8,17,9,161.62,8,71,1,2,111.62,0.00,0.50,0.18,1,14.00,6,1779.52,0,2,8,org.apache.solr.search.function.DocValues,0.43,10,1,16,0,10,5,0,8,369,0
"org.apache.solr.search.function.QueryValueSource",8,0.00,1.12,23,0.26,5330.57,10,2,8,13,20,137.51,3,33,11,2,137.51,0.00,0.50,0.50,1,0.00,2,769.53,0,3,9,org.apache.solr.search.function.ValueSource,0.25,5,1,9,0,5,5,0,1,189,1
"org.apache.solr.search.function.RangeMapFloatFunction",6,0.20,1.33,33,0.53,20706.96,11,5,4,14,5,167.00,8,50,2,2,117.00,0.00,0.50,0.37,1,0.00,2,1585.47,0,2,3,org.apache.solr.search.function.ValueSource,0.29,8,1,8,0,8,4,0,1,346,1
"org.apache.solr.search.function.RangeMapFloatFunction$DocValues",6,0.00,1.33,14,0.20,4111.16,6,0,4,9,0,137.37,0,26,0,1,137.37,0.00,0.00,0.00,1,10.00,3,598.11,0,2,0,java.lang.Object,0.00,3,0,8,0,3,4,0,0,147,0
"org.apache.solr.search.function.ReciprocalFloatFunction",6,0.20,1.17,25,0.38,11100.28,10,4,4,14,5,143.39,21,42,2,2,122.78,0.00,0.50,0.42,1,0.00,2,1154.15,0,2,3,org.apache.solr.search.function.ValueSource,0.29,8,1,7,0,8,4,0,2,265,1
"org.apache.solr.search.function.ReciprocalFloatFunction$DocValues",6,0.00,1.00,13,0.18,2778.21,6,0,4,9,0,138.78,0,27,0,1,138.78,0.00,0.00,0.00,1,10.00,1,529.88,0,2,0,java.lang.Object,0.00,3,0,6,0,3,4,0,0,135,0
"org.apache.solr.search.function.ReverseOrdFieldSource",5,0.12,1.20,19,0.25,5121.93,7,2,6,12,7,129.69,20,29,2,2,129.45,0.00,0.50,0.40,1,2.00,2,750.61,0,2,5,org.apache.solr.search.function.ValueSource,0.31,7,1,6,0,7,3,0,1,170,1
"org.apache.solr.search.function.ReverseOrdFieldSource$DocValues",8,0.00,1.00,17,0.24,4002.71,8,0,6,11,0,138.51,1,33,0,1,138.51,0.00,0.00,0.00,0,8.00,1,715.13,0,2,0,java.lang.Object,0.00,3,0,8,0,3,6,0,1,177,0
"org.apache.solr.search.function.ScaleFloatFunction",7,0.22,2.29,59,0.80,42777.94,10,3,5,22,6,147.19,14,77,2,2,107.31,0.00,0.50,0.52,1,0.00,7,2414.23,0,3,4,org.apache.solr.search.function.ValueSource,0.27,15,1,16,0,15,4,0,4,481,1
"org.apache.solr.search.function.ScaleFloatFunction$DocValues",6,0.00,1.00,13,0.18,2688.31,6,0,5,9,0,138.89,0,28,0,1,138.89,0.00,0.00,0.00,1,10.00,1,534.52,0,2,0,java.lang.Object,0.00,3,0,6,0,3,4,0,0,135,0
"org.apache.solr.search.function.ScaleFloatFunction$ScaleInfo",0,0.00,0.00,3,0.01,138.68,2,2,5,0,0,171.00,0,4,0,1,171.00,0.00,0.00,0.00,0,0.00,0,44.38,0,0,0,java.lang.Object,0.00,0,0,0,0,0,0,0,0,14,2
"org.apache.solr.search.function.ShortFieldSource",3,0.00,1.00,9,0.10,1602.95,3,0,5,5,4,181.72,4,15,1,4,131.72,0.00,0.75,0.00,0,1.00,1,303.50,0,2,3,org.apache.solr.search.function.NumericFieldCacheSource,0.21,2,3,3,0,2,1,0,1,73,1
"org.apache.solr.search.function.ShortFieldSource$DocValues",8,0.00,1.00,17,0.18,2697.89,8,0,5,10,0,139.86,0,33,0,1,139.86,0.00,0.00,0.00,0,8.00,1,530.22,0,2,0,java.lang.Object,0.00,2,0,8,0,2,6,0,0,143,0
"org.apache.solr.search.function.SimpleFloatFunction",3,0.00,1.00,7,0.07,1065.76,3,0,3,5,5,139.69,2,11,2,3,139.69,0.00,0.67,0.00,0,4.00,1,199.56,0,1,3,org.apache.solr.search.function.SingleFunction,0.00,2,2,3,0,2,2,0,1,54,2
"org.apache.solr.search.function.SimpleFloatFunction$DocValues",6,0.00,1.00,13,0.14,1954.40,6,0,3,10,0,139.98,0,25,0,1,139.98,0.00,0.00,0.00,1,6.00,1,420.24,0,2,0,java.lang.Object,0.00,4,0,6,0,4,4,0,0,114,0
"org.apache.solr.search.function.SingleFunction",6,0.60,1.17,15,0.19,4569.48,7,1,3,13,5,137.04,2,26,3,2,137.04,2.00,0.25,0.50,2,6.00,2,584.67,0,2,2,org.apache.solr.search.function.ValueSource,0.29,7,1,7,2,7,4,0,1,147,2
"org.apache.solr.search.function.SortByFunctionTest",4,0.00,1.00,27,0.58,10248.06,4,0,1,4,1,165.13,6,91,0,3,115.13,0.00,0.67,0.00,0,4.00,1,1741.70,5,2,1,org.apache.solr.util.AbstractSolrTestCase,0.18,0,2,4,0,0,2,0,3,317,1
"org.apache.solr.search.function.StringIndexDocValues",6,0.13,2.50,38,0.49,27888.71,9,3,7,14,12,112.88,4,53,6,2,112.88,0.00,0.50,0.22,0,10.00,9,1459.57,0,5,6,org.apache.solr.search.DocValues,0.00,8,1,15,0,8,1,0,2,292,2
"org.apache.solr.search.function.StringIndexDocValues$StringIndexException",1,0.00,1.00,3,0.03,343.27,1,0,7,1,0,133.23,0,7,0,2,133.23,0.00,0.50,0.00,0,1.00,1,96.34,0,0,0,java.lang.RuntimeException,0.00,0,1,1,0,0,1,0,0,27,3
"org.apache.solr.search.function.StringIndexDocValues$ValueFiller",2,0.00,1.00,8,0.09,1543.37,3,1,7,3,2,125.80,0,12,0,1,125.80,0.00,0.00,1.00,0,0.00,1,258.74,0,1,2,java.lang.Object,0.00,1,0,2,0,1,1,0,0,65,0
"org.apache.solr.search.function.StringIndexDocValues$ValueSourceScorer",1,0.00,1.00,4,0.05,1037.89,1,0,7,1,0,124.79,0,6,0,1,124.79,0.00,0.00,0.00,0,0.00,1,138.49,0,0,0,java.lang.Object,0.00,0,0,1,0,0,1,0,0,34,0
"org.apache.solr.search.function.SumFloatFunction",3,0.00,1.33,11,0.08,1964.72,3,0,0,4,4,180.96,3,17,1,3,130.96,0.00,0.67,0.00,0,3.00,2,249.77,0,1,3,org.apache.solr.search.function.MultiFloatFunction,0.16,1,2,4,0,1,2,0,1,64,1
"org.apache.solr.search.function.TFValueSource",3,0.00,1.00,10,0.13,2329.95,3,0,9,9,10,130.44,0,16,1,4,130.44,0.00,0.75,0.00,0,4.00,1,394.95,0,2,9,org.apache.solr.search.function.TermFreqValueSource,0.19,6,3,3,0,6,1,0,0,92,1
"org.apache.solr.search.function.TFValueSource$FloatDocValues",2,1.00,3.50,21,0.23,7422.13,5,3,9,8,2,145.19,5,30,0,1,105.30,0.00,0.00,0.83,1,0.00,5,680.68,0,0,2,java.lang.Object,0.00,6,0,7,0,6,2,0,5,142,0
"org.apache.solr.search.function.TFValueSource$FloatDocValues$DocsEnum",4,0.00,1.00,9,0.07,952.86,4,0,9,4,1,141.05,0,17,0,1,141.05,0.00,0.00,0.00,0,4.00,1,214.67,0,0,1,java.lang.Object,0.00,0,0,4,0,0,4,0,0,60,0
"org.apache.solr.search.function.TermFreqValueSource",3,0.00,1.00,9,0.10,1526.49,3,0,7,6,9,131.89,0,15,2,3,131.89,0.50,0.50,0.00,0,4.00,1,285.22,0,2,7,org.apache.solr.search.function.DocFreqValueSource,0.17,3,2,3,1,3,1,0,0,72,1
"org.apache.solr.search.function.TermFreqValueSource$IntDocValues",2,1.00,3.50,21,0.21,6908.86,5,3,7,7,2,145.43,5,30,0,1,105.55,0.00,0.00,0.83,1,0.00,5,629.44,0,0,2,java.lang.Object,0.00,5,0,7,0,5,2,0,5,134,0
"org.apache.solr.search.function.TermFreqValueSource$IntDocValues$DocsEnum",4,0.00,1.00,9,0.07,952.86,4,0,7,4,1,141.05,0,17,0,1,141.05,0.00,0.00,0.00,0,4.00,1,214.67,0,0,1,java.lang.Object,0.00,0,0,4,0,0,4,0,0,60,0
"org.apache.solr.search.function.TestFunctionQuery",15,0.50,2.20,281,5.27,261721.13,17,2,14,68,6,90.83,70,344,0,3,90.59,0.00,0.67,0.03,6,28.00,8,15803.98,9,1,6,org.apache.solr.SolrTestCaseJ4,0.00,53,2,33,0,53,14,0,67,2529,1
"org.apache.solr.search.function.ValueSource",8,0.00,1.00,20,0.18,2763.99,8,0,15,12,129,121.91,41,29,119,1,139.78,0.00,0.00,0.00,1,8.00,1,541.08,0,5,10,java.lang.Object,0.00,4,0,8,59,4,3,1,10,141,2
"org.apache.solr.search.function.ValueSource$FieldComparatorSource",1,0.00,1.00,3,0.05,923.74,1,0,15,2,2,129.85,0,5,0,1,129.85,0.00,0.00,0.00,0,1.00,1,151.96,0,1,2,java.lang.Object,0.00,1,0,1,0,1,0,0,0,35,0
"org.apache.solr.search.function.ValueSource$ValueSourceComparator",7,0.12,1.57,34,0.32,8499.61,11,4,15,8,1,124.15,0,50,0,2,124.15,0.00,0.50,0.36,0,0.00,3,954.40,0,2,1,org.apache.lucene.search.FieldComparator,0.71,1,1,11,0,1,5,0,0,223,0
"org.apache.solr.search.function.ValueSource$ValueSourceComparatorSource",2,1.00,1.00,6,0.06,829.60,3,1,15,3,1,132.59,0,11,0,2,132.59,0.00,0.50,0.50,0,2.00,1,186.21,0,1,1,org.apache.solr.search.function.FieldComparatorSource,0.00,1,1,2,0,1,1,0,0,48,0
"org.apache.solr.search.function.ValueSource$ValueSourceScorer",9,0.02,1.33,37,0.32,5433.20,15,6,15,14,4,126.58,1,49,0,3,126.58,0.00,0.67,0.19,3,30.00,4,956.83,0,1,4,org.apache.lucene.search.Scorer,0.63,5,2,12,0,5,8,0,1,233,0
"org.apache.solr.search.function.ValueSource$ValueSourceSortField",2,0.00,1.00,7,0.08,1225.25,2,0,15,7,3,131.25,0,11,0,2,131.25,0.00,0.50,0.00,0,2.00,1,227.84,1,1,3,org.apache.lucene.search.SortField,0.00,5,1,2,0,5,1,1,0,57,0
"org.apache.solr.search.function.ValueSourceRangeFilter",6,0.20,3.50,43,0.66,32919.42,11,5,7,13,8,109.74,4,62,3,3,109.74,0.00,0.67,0.37,1,6.00,8,1974.04,0,2,5,org.apache.solr.search.SolrFilter,0.00,7,2,21,0,7,4,0,2,417,1
"org.apache.solr.search.function.ValueSourceRangeFilter$DocIdSet",1,0.00,1.00,3,0.04,582.81,1,0,7,2,1,131.42,0,5,0,1,131.42,0.00,0.00,0.00,0,0.00,1,132.86,0,1,1,java.lang.Object,0.00,1,0,1,0,1,0,0,0,32,0
"org.apache.solr.search.function.VectorValueSource",9,0.50,1.89,48,0.50,20326.55,10,1,8,19,11,118.37,6,63,7,3,118.37,1.00,0.40,0.56,1,4.00,4,1499.55,0,4,4,org.apache.solr.search.function.MultiValueSource,0.50,10,2,17,2,10,5,0,3,328,1
"org.apache.solr.search.function.VectorValueSource$DocValues",8,0.00,1.00,24,0.38,7237.16,8,0,8,23,0,129.92,0,40,0,1,129.92,0.00,0.00,0.00,0,8.00,1,1125.07,0,1,0,java.lang.Object,0.00,15,0,8,0,15,7,0,0,267,0
"org.apache.solr.search.function.VectorValueSource$DocValues_0",8,0.00,2.12,56,0.56,18413.85,8,0,8,21,0,112.83,0,59,0,1,112.83,0.00,0.00,0.00,0,8.00,3,1675.11,0,1,0,java.lang.Object,0.00,13,0,17,0,13,7,0,0,369,0
"org.egothor.stemmer.Cell",3,0.62,1.00,13,0.11,1517.65,7,4,0,3,9,95.03,18,16,9,1,127.25,0.00,0.00,0.67,0,1.00,1,330.79,0,1,0,java.lang.Object,0.00,0,0,3,0,0,2,0,8,89,0
"org.egothor.stemmer.Compile",2,1.33,11.00,91,1.32,130177.50,5,3,10,33,8,28.58,15,107,1,1,70.87,0.00,0.00,1.00,1,0.00,20,3950.98,0,0,7,java.lang.Object,0.00,31,0,22,0,31,2,0,4,591,1
"org.egothor.stemmer.Diff",4,0.33,9.75,148,1.81,386579.09,12,8,0,14,4,62.36,60,165,4,1,72.72,0.00,0.00,0.38,0,4.00,26,5421.92,0,1,0,java.lang.Object,0.00,10,0,39,0,10,3,0,23,913,1
"org.egothor.stemmer.DiffIt",2,0.00,4.50,32,0.49,28517.75,2,0,5,15,1,50.73,15,39,0,1,93.03,0.00,0.00,0.00,1,2.00,7,1462.26,0,0,1,java.lang.Object,0.00,13,0,9,0,13,2,0,4,254,1
"org.egothor.stemmer.Gener",3,0.00,3.67,41,0.57,46352.53,3,0,4,9,6,53.87,22,44,2,2,96.16,0.00,0.50,0.00,1,3.00,7,1707.33,0,0,4,org.egothor.stemmer.Reduce,0.33,6,1,11,0,6,3,0,4,318,1
"org.egothor.stemmer.Lift",3,1.00,4.00,45,0.59,39893.03,4,1,4,13,6,44.34,28,52,2,2,94.34,0.00,0.50,0.33,1,4.00,9,1779.38,0,0,4,org.egothor.stemmer.Reduce,0.33,10,1,12,0,10,3,0,4,335,1
"org.egothor.stemmer.MultiTrie",8,0.11,2.38,70,0.84,37028.62,12,4,5,26,6,65.96,57,78,4,2,108.25,1.00,0.33,0.34,0,0.00,4,2525.72,0,2,2,org.egothor.stemmer.Trie,0.00,18,1,19,1,18,6,0,9,512,1
"org.egothor.stemmer.MultiTrie2",12,0.00,3.92,147,1.87,190189.45,12,0,5,26,7,65.13,74,184,4,3,97.36,0.00,0.67,0.00,3,38.00,8,5604.70,1,4,3,org.egothor.stemmer.MultiTrie,0.00,14,2,47,0,14,8,0,20,1064,1
"org.egothor.stemmer.Optimizer",4,0.00,5.25,84,0.99,103503.80,4,0,4,22,7,38.44,33,93,3,2,86.55,1.00,0.33,0.00,1,4.00,9,2974.78,0,0,4,org.egothor.stemmer.Reduce,0.29,18,1,21,1,18,4,0,6,570,1
"org.egothor.stemmer.Optimizer2",2,0.00,1.50,9,0.10,5539.66,2,0,0,3,4,72.86,20,13,2,3,121.34,0.00,0.67,0.00,0,2.00,2,311.43,0,0,2,org.egothor.stemmer.Optimizer,0.33,1,2,3,0,1,2,0,3,72,1
"org.egothor.stemmer.Reduce",3,0.00,1.67,25,0.37,16804.50,3,0,4,15,8,89.81,16,27,6,1,107.68,0.00,0.00,0.00,1,3.00,3,1118.35,0,1,3,java.lang.Object,0.00,12,0,5,4,12,2,0,4,224,1
"org.egothor.stemmer.Reduce$Remap",1,0.00,3.00,17,0.17,7110.55,1,0,4,7,2,62.29,6,18,0,2,94.52,0.00,0.50,0.00,0,0.00,3,518.26,0,0,2,org.egothor.stemmer.Row,0.00,6,1,3,0,6,1,0,1,103,0
"org.egothor.stemmer.Row",15,0.07,2.53,135,1.36,47525.33,18,3,5,33,8,89.75,84,147,7,1,107.62,0.00,0.00,0.27,1,0.00,8,4070.96,0,0,1,java.lang.Object,0.00,18,0,38,1,18,15,0,15,841,1
"org.egothor.stemmer.TestCompile",5,0.00,2.60,61,0.91,39790.87,5,0,11,36,4,99.81,1,76,0,2,99.81,0.00,0.50,0.00,2,5.00,8,2731.23,0,1,4,org.apache.lucene.util.LuceneTestCase,0.00,31,1,13,0,31,4,0,1,510,1
"org.egothor.stemmer.TestStemmer",7,0.00,2.14,74,0.93,28235.43,7,0,1,22,7,155.13,8,75,0,2,105.13,0.00,0.50,0.00,1,7.00,3,2778.75,0,0,7,org.apache.lucene.util.LuceneTestCase,0.00,15,1,15,0,15,7,0,2,545,1
"org.egothor.stemmer.Trie",14,0.23,3.64,197,2.08,136411.05,18,4,5,36,15,64.32,90,208,13,1,96.54,0.00,0.00,0.46,1,0.00,14,6250.91,0,5,3,java.lang.Object,0.00,22,0,51,2,22,9,0,15,1207,1
"org.egothor.stemmer.Trie$StrEnum",3,0.50,1.33,18,0.11,1772.82,6,3,5,5,0,159.97,6,23,0,1,120.08,0.00,0.00,0.67,0,0.00,2,331.03,0,0,0,java.lang.Object,0.00,2,0,4,0,2,3,0,1,87,0
"org.apache.solr.spelling.suggest.BufferingTermFreqIteratorWrapper",6,0.20,1.17,23,0.20,3981.52,9,3,3,14,3,130.95,5,31,2,1,130.95,0.00,0.00,0.50,0,0.00,2,612.48,0,2,1,java.lang.Object,0.00,8,0,7,2,8,4,1,3,151,1
"org.apache.solr.spelling.suggest.BufferingTermFreqIteratorWrapper$Entry",2,0.50,1.00,8,0.07,1070.25,4,2,3,3,0,127.06,0,11,0,1,127.06,0.00,0.00,0.25,0,2.00,1,205.19,0,0,0,java.lang.Object,0.00,1,0,2,0,1,2,1,0,56,3
"org.apache.solr.spelling.suggest.FileDictionary",3,0.17,1.00,11,0.08,844.02,6,3,3,6,3,154.53,11,15,1,1,133.92,0.00,0.00,0.22,0,1.00,1,244.39,0,1,2,java.lang.Object,0.00,3,0,3,0,3,2,1,2,66,1
"org.apache.solr.spelling.suggest.FileDictionary$fileIterator",4,0.67,2.25,24,0.21,7097.10,5,1,3,7,1,116.20,0,34,0,1,116.20,0.00,0.00,0.50,1,2.00,5,620.75,0,1,1,java.lang.Object,0.00,3,0,9,0,3,3,1,0,134,1
"org.apache.solr.spelling.suggest.Lookup",8,0.00,1.12,18,0.20,4236.97,8,0,9,10,7,120.42,42,21,2,1,138.29,0.00,0.00,0.00,1,8.00,2,586.38,0,2,5,java.lang.Object,0.00,2,0,9,2,2,6,0,8,150,2
"org.apache.solr.spelling.suggest.Lookup$LookupPriorityQueue",3,0.00,1.33,14,0.12,3542.33,3,0,9,3,1,124.28,0,17,0,2,124.28,0.00,0.50,0.00,0,3.00,2,356.54,1,1,1,org.apache.lucene.util.PriorityQueue,0.00,0,1,4,0,0,2,0,0,89,3
"org.apache.solr.spelling.suggest.Lookup$LookupResult",3,0.25,1.00,10,0.09,1321.60,5,2,9,3,0,132.38,1,15,0,1,132.38,0.00,0.00,0.33,1,4.00,1,269.87,0,1,0,java.lang.Object,0.00,0,0,3,0,0,2,1,1,73,3
"org.apache.solr.spelling.suggest.SortedTermFreqIteratorWrapper",1,0.00,1.00,4,0.03,223.88,1,0,3,2,4,130.27,4,6,1,2,130.04,0.00,0.50,0.00,0,0.00,1,81.36,0,0,3,org.apache.solr.spelling.suggest.BufferingTermFreqIteratorWrapper,0.00,1,1,1,0,1,1,1,1,24,1
"org.apache.solr.spelling.suggest.Suggester",5,0.38,4.20,77,1.13,44177.81,21,16,20,37,13,116.34,16,105,0,2,95.72,0.00,0.50,0.36,1,0.00,6,3382.31,1,2,13,org.apache.solr.spelling.SolrSpellChecker,0.00,32,1,21,0,32,3,0,8,612,1
"org.apache.solr.spelling.suggest.SuggesterTest",8,0.00,2.50,98,1.50,90772.07,8,0,13,38,7,98.60,5,128,0,3,98.60,0.00,0.67,0.00,4,8.00,8,4486.58,6,2,7,org.apache.solr.SolrTestCaseJ4,0.00,30,2,20,0,30,6,0,5,798,1
"org.apache.solr.spelling.suggest.SuggesterTest$Bench",0,0.00,0.00,3,0.01,63.17,2,2,13,0,0,171.00,0,5,0,1,171.00,0.00,0.00,0.00,0,0.00,0,33.69,0,0,0,java.lang.Object,0.00,0,0,0,0,0,0,0,0,12,0
"org.apache.solr.spelling.suggest.SuggesterTest$TermFreqIterator",4,0.00,1.00,13,0.09,939.42,7,3,13,9,0,134.53,0,17,0,1,134.53,0.00,0.00,0.33,0,6.00,1,271.76,0,1,0,java.lang.Object,0.00,5,0,4,0,5,3,0,0,77,0
"org.apache.solr.spelling.suggest.UnsortedTermFreqIteratorWrapper",1,0.00,1.00,4,0.02,194.90,1,0,2,2,3,130.75,4,6,1,2,130.51,0.00,0.50,0.00,0,0.00,1,72.87,0,0,2,org.apache.solr.spelling.suggest.BufferingTermFreqIteratorWrapper,0.00,1,1,1,0,1,1,0,1,22,1
"com.sleepycat.db.DbHandleExtractor",3,0.00,1.00,6,0.04,415.48,3,0,2,3,1,163.52,10,13,1,1,142.91,0.00,0.00,0.00,0,3.00,1,109.21,0,2,0,java.lang.Object,0.00,0,0,3,0,0,1,0,1,34,1
"org.apache.lucene.benchmark.stats.MemUsage",2,0.67,1.00,14,0.21,7209.29,8,6,0,6,2,62.99,20,18,2,1,111.47,0.00,0.00,0.50,1,2.00,1,643.53,0,2,0,java.lang.Object,0.00,4,0,2,0,4,0,0,3,142,1
"org.apache.lucene.benchmark.stats.QueryData",3,0.20,3.33,36,0.42,22430.09,8,5,3,9,4,67.74,20,34,2,1,99.96,0.00,0.00,0.33,0,4.00,5,1260.13,0,3,2,java.lang.Object,0.00,6,0,10,0,6,0,0,8,250,1
"org.apache.lucene.benchmark.stats.TestData",31,0.02,2.16,306,4.90,669252.49,54,23,12,78,8,140.98,68,427,1,1,101.10,0.00,0.00,0.06,1,478.00,22,14688.60,0,14,7,java.lang.Object,0.00,47,0,67,0,47,17,0,29,2504,1
"org.apache.lucene.benchmark.stats.TestData$DCounter",0,0.00,0.00,3,0.02,129.73,3,3,12,0,0,171.00,0,5,0,1,171.00,0.00,0.00,0.00,0,0.00,0,51.89,0,0,0,java.lang.Object,0.00,0,0,0,0,0,0,0,0,15,2
"org.apache.lucene.benchmark.stats.TestData$LCounter",0,0.00,0.00,3,0.02,116.27,2,2,12,0,0,171.00,0,5,0,1,171.00,0.00,0.00,0.00,0,0.00,0,46.51,0,0,0,java.lang.Object,0.00,0,0,0,0,0,0,0,0,14,2
"org.apache.lucene.benchmark.stats.TestData$LDCounter",0,0.00,0.00,7,0.04,394.55,7,7,12,0,0,171.00,0,9,0,1,171.00,0.00,0.00,0.00,0,0.00,0,124.00,0,0,0,java.lang.Object,0.00,0,0,0,0,0,0,0,0,31,2
"org.apache.lucene.benchmark.stats.TestRunData",15,0.07,1.73,84,1.01,49046.17,19,4,4,35,3,167.12,17,115,1,1,117.12,0.00,0.00,0.18,3,106.00,7,3020.54,0,6,2,java.lang.Object,0.00,20,0,26,0,20,9,0,10,634,1
"org.apache.lucene.benchmark.stats.TimeData",11,0.17,1.18,43,0.38,7688.48,17,6,0,19,3,151.38,36,54,3,1,130.76,0.00,0.00,0.32,1,14.00,2,1133.23,0,4,0,java.lang.Object,0.00,8,0,13,0,8,7,0,15,283,1
"org.apache.lucene.search.highlight.DefaultEncoder",2,0.00,1.00,4,0.02,168.02,2,0,0,2,5,94.62,19,10,4,1,144.62,0.00,0.00,0.00,0,2.00,1,53.51,0,1,1,java.lang.Object,0.00,0,0,2,0,0,1,1,2,20,1
"org.apache.lucene.search.highlight.Encoder",1,0.00,1.00,2,0.01,33.58,1,0,0,1,10,191.70,22,4,10,1,147.75,0.00,0.00,0.00,0,1.00,1,23.93,0,1,0,,0.00,0,0,1,0,0,0,0,3,11,1
"org.apache.lucene.search.highlight.Formatter",1,0.00,1.00,2,0.01,41.95,1,0,0,1,9,196.48,26,4,8,1,146.99,0.00,0.00,0.00,0,1.00,1,32.46,0,1,1,,0.00,0,0,1,0,0,0,0,3,13,1
"org.apache.lucene.search.highlight.FragmentQueue",2,0.00,1.50,5,0.08,3346.88,2,0,10,3,8,134.29,0,15,1,2,134.29,0.00,0.50,0.00,0,2.00,2,251.65,1,0,7,org.apache.lucene.util.PriorityQueue,0.00,1,1,3,0,1,2,0,0,63,0
"org.apache.lucene.search.highlight.Fragmenter",2,0.00,1.00,3,0.02,72.21,2,0,1,2,13,108.74,19,4,12,1,158.73,0.00,0.00,0.00,0,2.00,1,48.14,0,0,1,,0.00,0,0,2,0,0,2,0,3,18,1
"org.apache.lucene.search.highlight.GradientFormatter",7,0.24,3.00,96,1.32,58976.06,23,16,0,19,3,50.18,58,147,1,1,98.28,0.00,0.00,0.27,4,25.00,7,3972.45,0,4,2,java.lang.Object,0.00,12,0,21,1,12,3,1,6,768,1
"org.apache.lucene.search.highlight.Highlighter",18,0.07,2.72,191,2.69,324162.55,24,6,10,66,37,51.85,144,304,20,1,99.96,0.00,0.00,0.10,4,98.00,17,8057.63,0,6,17,java.lang.Object,0.00,48,0,49,0,48,12,0,42,1392,1
"org.apache.lucene.search.highlight.HighlighterPhraseTest",5,0.00,1.20,136,2.54,78373.91,6,1,31,39,30,84.53,0,214,0,2,84.53,0.00,0.50,1.00,0,0.00,2,7615.41,0,0,30,org.apache.lucene.util.LuceneTestCase,0.00,34,1,6,0,34,5,0,0,1225,1
"org.apache.lucene.search.highlight.HighlighterPhraseTest$Collector",4,1.00,1.00,9,0.11,1308.54,5,1,31,5,1,139.97,1,19,0,1,139.97,0.00,0.00,0.00,0,4.00,1,317.03,0,0,1,java.lang.Object,0.00,1,0,4,0,1,4,0,1,82,0
"org.apache.lucene.search.highlight.HighlighterPhraseTest$TokenStreamConcurrent",3,0.10,1.33,25,0.40,11527.20,8,5,31,13,5,109.02,0,34,0,3,109.02,0.00,0.67,0.27,1,4.00,2,1202.71,0,0,5,org.apache.lucene.analysis.TokenStream,0.55,10,2,4,0,10,3,0,0,242,3
"org.apache.lucene.search.highlight.HighlighterPhraseTest$TokenStreamSparse",3,0.10,1.33,25,0.40,10771.26,8,5,31,13,5,109.25,0,34,0,3,109.25,0.00,0.67,0.27,1,4.00,2,1196.94,0,0,5,org.apache.lucene.analysis.TokenStream,0.55,10,2,4,0,10,3,0,0,239,3
"org.apache.lucene.search.highlight.HighlighterTest",60,0.08,1.77,569,8.57,371577.50,72,12,57,142,80,155.41,83,648,25,3,105.41,0.00,0.67,0.16,8,482.00,8,25716.05,2,6,55,org.apache.lucene.analysis.BaseTokenStreamTestCase,0.00,82,2,106,0,82,54,1,46,4633,1
"org.apache.lucene.search.highlight.HighlighterTest$Scorer",4,0.00,1.00,8,0.04,260.54,4,0,57,4,2,145.49,0,12,0,1,145.49,0.00,0.00,0.00,0,4.00,1,107.35,0,1,2,java.lang.Object,0.00,0,0,4,0,0,3,0,0,37,0
"org.apache.lucene.search.highlight.HighlighterTest$TestHighlightRunner",1,0.00,1.00,4,0.04,466.10,1,0,57,2,1,127.53,0,6,0,1,127.53,0.00,0.00,0.00,0,0.00,1,113.42,0,0,1,java.lang.Object,0.00,1,0,1,0,1,1,0,0,28,0
"org.apache.lucene.search.highlight.HighlighterTest$TestHighlightRunner_0",1,0.00,1.00,4,0.04,466.10,1,0,57,2,1,127.53,0,6,0,1,127.53,0.00,0.00,0.00,0,0.00,1,113.42,0,0,1,java.lang.Object,0.00,1,0,1,0,1,1,0,0,28,0
"org.apache.lucene.search.highlight.HighlighterTest$TestHighlightRunner_1",1,0.00,1.00,4,0.04,466.10,1,0,57,2,1,127.53,0,6,0,1,127.53,0.00,0.00,0.00,0,0.00,1,113.42,0,0,1,java.lang.Object,0.00,1,0,1,0,1,1,0,0,28,0
"org.apache.lucene.search.highlight.HighlighterTest$TestHighlightRunner_10",1,0.00,1.00,10,0.17,4697.05,1,0,57,9,7,154.78,1,14,0,1,104.78,0.00,0.00,0.00,0,0.00,1,513.25,0,0,7,java.lang.Object,0.00,8,0,1,0,8,1,0,1,96,0
"org.apache.lucene.search.highlight.HighlighterTest$TestHighlightRunner_11",1,0.00,1.00,11,0.16,4113.74,1,0,57,9,5,153.69,1,14,0,1,103.69,0.00,0.00,0.00,0,0.00,1,474.11,0,0,5,java.lang.Object,0.00,8,0,1,0,8,1,0,1,91,0
"org.apache.lucene.search.highlight.HighlighterTest$TestHighlightRunner_12",1,0.00,1.00,6,0.07,1108.88,1,0,57,4,1,118.00,0,9,0,1,118.00,0.00,0.00,0.00,0,0.00,1,197.46,0,0,1,java.lang.Object,0.00,3,0,1,0,3,1,0,0,43,0
"org.apache.lucene.search.highlight.HighlighterTest$TestHighlightRunner_13",1,0.00,1.00,6,0.07,1108.88,1,0,57,4,1,118.00,0,9,0,1,118.00,0.00,0.00,0.00,0,0.00,1,197.46,0,0,1,java.lang.Object,0.00,3,0,1,0,3,1,0,0,43,0
"org.apache.lucene.search.highlight.HighlighterTest$TestHighlightRunner_14",1,0.00,5.00,35,0.57,46774.68,1,0,57,11,4,76.26,0,37,0,1,76.26,0.00,0.00,0.00,0,0.00,5,1716.05,0,0,4,java.lang.Object,0.00,10,0,5,0,10,1,0,0,292,0
"org.apache.lucene.search.highlight.HighlighterTest$TestHighlightRunner_15",1,0.00,1.00,22,0.44,20680.03,1,0,57,15,6,87.18,4,26,0,1,86.94,0.00,0.00,0.00,0,0.00,1,1325.71,0,0,6,java.lang.Object,0.00,14,0,1,0,14,1,0,4,228,0
"org.apache.lucene.search.highlight.HighlighterTest$TestHighlightRunner_16",1,0.00,1.00,15,0.27,8747.92,1,0,57,12,7,146.09,1,18,0,1,96.09,0.00,0.00,0.00,0,1.00,1,802.17,0,0,7,java.lang.Object,0.00,11,0,1,0,11,1,0,1,142,0
"org.apache.lucene.search.highlight.HighlighterTest$TestHighlightRunner_17",1,0.00,3.00,14,0.22,7687.00,1,0,57,8,3,147.39,1,16,0,1,97.39,0.00,0.00,0.00,0,0.00,3,658.42,0,0,3,java.lang.Object,0.00,7,0,3,0,7,1,0,1,116,0
"org.apache.lucene.search.highlight.HighlighterTest$TestHighlightRunner_18",1,0.00,4.00,21,0.39,18098.94,1,0,57,13,5,127.72,2,23,0,1,87.83,0.00,0.00,0.00,0,0.00,4,1172.69,0,0,5,java.lang.Object,0.00,12,0,4,0,12,1,0,2,196,0
"org.apache.lucene.search.highlight.HighlighterTest$TestHighlightRunner_19",1,0.00,1.00,9,0.13,3441.64,1,0,57,7,3,147.44,2,14,0,1,107.55,0.00,0.00,0.00,0,0.00,1,393.83,0,0,3,java.lang.Object,0.00,6,0,1,0,6,1,0,2,77,0
"org.apache.lucene.search.highlight.HighlighterTest$TestHighlightRunner_2",1,0.00,1.00,6,0.07,1108.88,1,0,57,4,1,118.00,0,9,0,1,118.00,0.00,0.00,0.00,0,0.00,1,197.46,0,0,1,java.lang.Object,0.00,3,0,1,0,3,1,0,0,43,0
"org.apache.lucene.search.highlight.HighlighterTest$TestHighlightRunner_20",1,0.00,2.00,24,0.41,17423.96,1,0,57,20,9,35.96,9,27,0,1,85.96,0.00,0.00,0.00,0,1.00,2,1244.03,0,0,9,java.lang.Object,0.00,19,0,2,0,19,1,0,9,215,0
"org.apache.lucene.search.highlight.HighlighterTest$TestHighlightRunner_21",1,0.00,1.00,11,0.22,4742.76,1,0,57,17,9,103.21,0,15,0,1,103.21,0.00,0.00,0.00,0,1.00,1,652.33,0,0,9,java.lang.Object,0.00,16,0,1,0,16,1,0,0,120,0
"org.apache.lucene.search.highlight.HighlighterTest$TestHighlightRunner_22",1,0.00,5.00,22,0.42,17594.88,1,0,57,14,12,43.00,11,24,0,1,87.12,0.00,0.00,0.00,0,0.00,5,1256.95,0,0,12,java.lang.Object,0.00,13,0,5,0,13,1,0,11,201,0
"org.apache.lucene.search.highlight.HighlighterTest$TestHighlightRunner_23",1,0.00,2.00,9,0.11,2449.91,1,0,57,6,3,108.56,0,12,0,1,108.56,0.00,0.00,0.00,0,0.00,2,320.89,0,0,3,java.lang.Object,0.00,5,0,2,0,5,1,0,0,65,0
"org.apache.lucene.search.highlight.HighlighterTest$TestHighlightRunner_24",1,0.00,5.00,24,0.36,14123.64,1,0,57,11,8,126.35,2,30,0,1,86.47,0.00,0.00,0.00,0,0.00,5,1067.67,0,0,8,java.lang.Object,0.00,10,0,5,0,10,1,0,2,189,0
"org.apache.lucene.search.highlight.HighlighterTest$TestHighlightRunner_26",1,0.00,1.00,54,1.13,128111.61,1,0,57,8,6,106.04,2,56,0,1,66.16,0.00,0.00,0.00,0,1.00,1,3376.83,0,0,6,java.lang.Object,0.00,7,0,1,0,7,1,0,2,604,0
"org.apache.lucene.search.highlight.HighlighterTest$TestHighlightRunner_3",1,0.00,1.00,6,0.07,1140.58,1,0,57,4,1,117.90,0,9,0,1,117.90,0.00,0.00,0.00,0,0.00,1,204.28,0,0,1,java.lang.Object,0.00,3,0,1,0,3,1,0,0,44,0
"org.apache.lucene.search.highlight.HighlighterTest$TestHighlightRunner_4",1,0.00,1.00,6,0.07,1108.88,1,0,57,4,1,118.00,0,9,0,1,118.00,0.00,0.00,0.00,0,0.00,1,197.46,0,0,1,java.lang.Object,0.00,3,0,1,0,3,1,0,0,43,0
"org.apache.lucene.search.highlight.HighlighterTest$TestHighlightRunner_5",1,0.00,1.00,6,0.07,1108.88,1,0,57,4,1,118.00,0,9,0,1,118.00,0.00,0.00,0.00,0,0.00,1,197.46,0,0,1,java.lang.Object,0.00,3,0,1,0,3,1,0,0,43,0
"org.apache.lucene.search.highlight.HighlighterTest$TestHighlightRunner_6",1,0.00,1.00,10,0.13,2918.87,1,0,57,7,3,127.03,3,13,0,1,106.41,0.00,0.00,0.00,0,0.00,1,391.18,0,0,3,java.lang.Object,0.00,6,0,1,0,6,1,0,3,76,0
"org.apache.lucene.search.highlight.HighlighterTest$TestHighlightRunner_7",1,0.00,1.00,6,0.07,1108.88,1,0,57,4,1,168.00,1,9,0,1,118.00,0.00,0.00,0.00,0,0.00,1,197.46,0,0,1,java.lang.Object,0.00,3,0,1,0,3,1,0,1,43,0
"org.apache.lucene.search.highlight.HighlighterTest$TestHighlightRunner_8",1,0.00,1.00,8,0.13,3002.62,1,0,57,7,5,159.93,1,12,0,1,109.93,0.00,0.00,0.00,0,0.00,1,388.39,0,0,5,java.lang.Object,0.00,6,0,1,0,6,1,0,1,75,0
"org.apache.lucene.search.highlight.HighlighterTest$TestHighlightRunner_9",1,0.00,1.00,7,0.10,1836.05,1,0,57,10,6,113.77,0,9,0,1,113.77,0.00,0.00,0.00,0,0.00,1,305.25,0,0,6,java.lang.Object,0.00,9,0,1,0,9,1,0,0,64,0
"org.apache.lucene.search.highlight.HighlighterTest$TokenStream",1,1.00,2.00,33,0.42,15451.56,6,5,57,15,4,81.21,0,38,0,1,81.21,0.00,0.00,0.80,0,0.00,2,1274.60,0,0,4,java.lang.Object,0.00,14,0,2,0,14,1,0,0,240,0
"org.apache.lucene.search.highlight.HighlighterTest$TokenStream_25",1,1.00,2.00,33,0.42,15451.56,6,5,57,15,4,81.21,0,38,0,1,81.21,0.00,0.00,0.80,0,0.00,2,1274.60,0,0,4,java.lang.Object,0.00,14,0,2,0,14,1,0,0,240,0
"org.apache.lucene.search.highlight.InvalidTokenOffsetsException",1,0.00,1.00,3,0.02,106.02,1,0,0,1,5,170.64,20,7,5,2,137.25,0.00,0.50,0.00,0,1.00,1,45.51,0,0,0,java.lang.Exception,0.00,0,1,1,0,0,1,0,2,16,1
"org.apache.lucene.search.highlight.NullFragmenter",2,0.00,1.00,4,0.02,133.81,2,0,1,2,10,185.28,4,7,8,1,145.40,0.00,0.00,0.00,0,2.00,1,68.04,0,0,2,java.lang.Object,0.00,0,0,2,0,0,2,1,1,23,1
"org.apache.lucene.search.highlight.PositionSpan",1,2.00,1.00,6,0.03,519.81,3,2,3,1,4,120.59,0,8,4,1,120.59,0.00,0.00,0.00,0,1.00,1,102.88,0,0,0,java.lang.Object,0.00,0,0,1,0,0,1,0,0,32,0
"org.apache.lucene.search.highlight.QueryScorer",17,0.04,1.59,91,1.00,26982.43,31,14,14,39,22,119.85,84,121,9,1,119.62,0.00,0.00,0.11,2,108.00,4,3001.75,0,3,13,java.lang.Object,0.00,22,0,27,0,22,14,1,20,641,1
"org.apache.lucene.search.highlight.QueryTermExtractor",7,0.00,2.57,46,0.78,36105.42,7,0,10,25,9,70.23,53,82,1,1,112.52,0.00,0.00,0.00,3,7.00,6,2328.82,0,4,8,java.lang.Object,0.00,18,0,18,0,18,3,0,11,445,2
"org.apache.lucene.search.highlight.QueryTermScorer",10,0.04,1.40,44,0.47,12374.56,16,6,6,23,13,91.89,60,58,5,1,124.11,0.00,0.00,0.20,0,34.00,3,1399.55,0,1,8,java.lang.Object,0.00,13,0,14,0,13,9,1,17,313,1
"org.apache.lucene.search.highlight.Scorer",4,0.00,1.00,5,0.03,143.81,4,0,2,4,7,110.64,33,6,5,1,158.75,0.00,0.00,0.00,0,4.00,1,77.87,0,1,2,,0.00,0,0,4,0,0,3,0,5,30,1
"org.apache.lucene.search.highlight.SimpleFragmenter",6,0.10,1.17,21,0.15,2457.28,10,4,2,8,12,153.21,20,29,9,1,132.60,0.00,0.00,0.33,0,10.00,2,460.63,0,0,3,java.lang.Object,0.00,2,0,7,1,2,6,1,6,120,1
"org.apache.lucene.search.highlight.SimpleHTMLEncoder",3,0.00,3.33,27,0.29,19022.81,3,0,0,9,6,62.90,22,47,5,1,105.19,0.00,0.00,0.00,1,3.00,8,882.54,0,2,1,java.lang.Object,0.00,6,0,10,0,6,1,1,3,169,1
"org.apache.lucene.search.highlight.SimpleHTMLFormatter",3,0.12,1.33,18,0.18,4973.57,7,4,0,8,13,68.45,26,23,11,1,116.55,0.00,0.00,0.33,0,5.00,2,544.46,0,1,2,java.lang.Object,0.00,5,0,4,0,5,2,1,6,129,1
"org.apache.lucene.search.highlight.SimpleSpanFragmenter",4,0.40,2.50,43,0.50,20261.08,14,10,6,12,10,104.55,17,51,1,1,104.31,0.00,0.00,0.40,0,6.00,7,1514.42,0,0,9,java.lang.Object,0.00,8,0,10,0,8,4,1,5,296,1
"org.apache.lucene.search.highlight.SpanGradientFormatter",2,0.50,3.00,24,0.29,10694.80,4,2,0,7,2,71.75,26,43,0,2,101.13,0.00,0.50,0.25,0,2.00,5,883.58,2,1,2,org.apache.lucene.search.highlight.GradientFormatter,0.00,5,1,6,0,5,1,0,4,180,1
"org.apache.lucene.search.highlight.SynonymAnalyzer",2,1.00,1.00,10,0.13,2628.39,3,1,57,5,39,140.98,6,14,1,2,120.37,0.00,0.50,0.50,0,2.00,1,379.12,0,1,38,org.apache.lucene.analysis.Analyzer,0.00,3,1,2,0,3,1,0,1,86,1
"org.apache.lucene.search.highlight.SynonymTokenizer",2,1.40,3.50,48,0.62,22653.58,12,10,57,24,38,87.30,1,57,1,3,87.30,0.00,0.67,0.80,0,0.00,6,1846.10,0,0,37,org.apache.lucene.analysis.TokenStream,0.30,22,2,7,0,22,2,0,1,344,1
"org.apache.lucene.search.highlight.SynonymTokenizer$TestHighlightRunner_27",7,0.21,2.57,52,0.70,19317.81,11,4,57,20,15,112.16,0,64,0,1,112.16,0.00,0.00,0.43,3,3.00,5,2113.94,0,3,15,java.lang.Object,0.00,13,0,18,0,13,4,0,0,414,2
"org.apache.lucene.search.highlight.TextFragment",7,0.03,1.00,23,0.17,2178.67,12,5,0,10,14,133.81,34,39,14,1,133.57,0.00,0.00,0.23,0,20.00,1,499.51,0,1,0,java.lang.Object,0.00,3,0,7,0,3,6,0,6,138,1
"org.apache.lucene.search.highlight.TokenGroup",10,0.13,1.40,55,0.50,19712.27,21,11,4,18,10,158.79,25,71,6,1,118.90,0.00,0.00,0.21,0,38.00,5,1514.47,0,1,4,java.lang.Object,0.00,8,0,14,0,8,9,0,7,329,1
"org.apache.lucene.search.highlight.TokenSourcesTest",2,0.00,1.00,54,0.97,25919.25,3,1,23,30,24,105.84,7,88,0,2,85.22,0.00,0.50,1.00,0,0.00,1,2902.31,0,0,24,org.apache.lucene.util.LuceneTestCase,0.00,28,1,2,0,28,2,0,7,479,1
"org.apache.lucene.search.highlight.TokenSourcesTest$OverlapAnalyzer",1,0.00,1.00,3,0.03,333.52,1,0,23,2,2,133.33,0,6,0,2,133.33,0.00,0.50,0.00,0,1.00,1,90.42,0,1,2,org.apache.lucene.analysis.Analyzer,0.00,1,1,1,0,1,0,0,0,25,3
"org.apache.lucene.search.highlight.TokenSourcesTest$TokenStreamOverlap",3,0.10,1.33,27,0.46,13365.75,8,5,23,13,5,106.60,0,36,0,3,106.60,0.00,0.67,0.27,1,4.00,2,1377.76,0,0,5,org.apache.lucene.analysis.TokenStream,0.55,10,2,4,0,10,3,0,0,269,3
"org.apache.lucene.search.highlight.TokenStreamFromTermPositionVector",3,0.30,2.67,50,0.69,32217.48,8,5,14,27,9,114.73,9,57,0,3,94.12,0.00,0.67,0.40,0,1.00,5,2069.85,0,0,9,org.apache.lucene.analysis.TokenStream,0.55,24,2,8,0,24,3,0,4,377,2
"org.apache.lucene.search.highlight.TokenStreamFromTermPositionVector$Comparator<Token>",1,0.00,1.00,3,0.03,607.54,1,0,14,2,1,131.28,0,4,0,1,131.28,0.00,0.00,0.00,0,1.00,1,103.41,0,0,1,java.lang.Object,0.00,1,0,1,0,1,1,0,0,29,0
"org.apache.lucene.search.highlight.WeightedSpanTerm",7,0.33,1.29,24,0.25,5044.95,9,2,3,11,8,151.26,24,34,6,2,130.64,0.00,0.50,0.21,0,18.00,3,744.79,0,1,2,org.apache.lucene.search.highlight.WeightedTerm,0.00,4,1,9,0,4,6,0,8,177,1
"org.apache.lucene.search.highlight.WeightedSpanTermExtractor",18,0.03,4.78,283,4.01,372953.33,25,7,25,91,25,74.91,99,332,1,1,92.78,0.00,0.00,0.11,9,134.00,28,12038.22,0,5,24,java.lang.Object,0.00,73,0,86,0,73,13,0,19,2038,1
"org.apache.lucene.search.highlight.WeightedSpanTermExtractor$PositionCheckingMap",2,0.00,4.50,13,0.18,5477.31,2,0,25,2,1,114.56,0,18,0,2,114.56,0.00,0.50,0.00,0,2.00,6,540.21,1,1,1,java.util.HashMap,0.00,0,1,9,0,0,1,0,0,120,2
"org.apache.lucene.search.highlight.WeightedTerm",5,0.38,1.00,14,0.08,974.53,7,2,0,5,4,109.52,32,26,4,1,141.74,0.00,0.00,0.20,0,11.00,1,250.85,0,1,0,java.lang.Object,0.00,0,0,5,1,0,4,0,8,75,1
"org.apache.solr.BaseDistributedSearchTestCase",35,0.01,3.09,370,5.04,330764.10,61,26,28,110,14,152.13,42,413,2,3,102.13,3.00,0.22,0.05,15,534.00,16,15126.45,2,17,12,org.apache.solr.SolrTestCaseJ4,0.07,75,2,108,6,75,18,0,25,2826,2
"org.apache.solr.BaseDistributedSearchTestCase$RandDate",1,0.00,1.00,6,0.07,1176.00,2,1,28,4,1,117.79,0,9,0,2,117.79,0.00,0.50,1.00,0,0.00,1,196.89,0,1,1,org.apache.solr.RandVal,0.00,3,1,1,0,3,0,0,0,48,2
"org.apache.solr.BaseDistributedSearchTestCase$RandVal",1,0.00,1.00,3,0.02,222.80,1,0,28,1,0,134.71,0,5,0,1,134.71,0.00,0.00,0.00,0,0.00,1,58.19,0,1,0,java.lang.Object,0.00,0,0,1,0,0,0,0,0,18,0
"org.apache.solr.BaseDistributedSearchTestCase$RandVal_0",1,0.00,1.00,3,0.02,222.80,1,0,28,1,0,134.71,0,5,0,1,134.71,0.00,0.00,0.00,0,0.00,1,58.19,0,1,0,java.lang.Object,0.00,0,0,1,0,0,0,0,0,18,0
"org.apache.solr.BaseDistributedSearchTestCase$RandVal_1",1,0.00,1.00,3,0.02,222.80,1,0,28,1,0,134.71,0,5,0,1,134.71,0.00,0.00,0.00,0,0.00,1,58.19,0,1,0,java.lang.Object,0.00,0,0,1,0,0,0,0,0,18,0
"org.apache.solr.BaseDistributedSearchTestCase$RandVal_2",1,0.00,1.00,3,0.02,222.80,1,0,28,1,0,134.71,0,5,0,1,134.71,0.00,0.00,0.00,0,0.00,1,58.19,0,1,0,java.lang.Object,0.00,0,0,1,0,0,0,0,0,18,0
"org.apache.solr.BaseDistributedSearchTestCase$RandVal_3",2,0.50,2.00,11,0.07,1148.68,4,2,28,4,0,123.04,0,11,0,1,123.04,0.00,0.00,0.25,1,2.00,3,213.09,0,2,0,java.lang.Object,0.00,2,0,4,0,2,0,0,0,56,3
"org.apache.solr.BaseDistributedSearchTestCase$Thread",1,0.00,4.00,13,0.14,4176.98,1,0,28,5,3,100.62,0,16,0,1,100.62,0.00,0.00,0.00,0,0.00,4,420.53,0,0,3,java.lang.Object,0.00,4,0,4,0,4,1,0,0,81,0
"org.apache.solr.BasicFunctionalityTest",22,0.00,1.23,282,4.84,184167.72,22,0,32,108,24,120.42,76,475,0,3,99.81,0.00,0.67,0.00,0,98.00,2,14505.51,11,2,24,org.apache.solr.SolrTestCaseJ4,0.00,86,2,27,0,86,20,0,46,2538,1
"org.apache.solr.BasicFunctionalityTest$RequestHandlerBase",5,0.00,1.00,11,0.08,840.12,5,0,32,6,2,142.25,0,14,0,1,142.25,0.00,0.00,0.00,0,5.00,1,226.16,0,4,2,java.lang.Object,0.00,1,0,5,0,1,1,0,0,66,0
"org.apache.solr.CollectionTester",14,0.02,4.71,189,2.54,192615.40,21,7,3,53,2,96.50,8,226,1,1,96.50,0.00,0.00,0.16,10,58.00,24,7618.17,0,4,1,java.lang.Object,0.00,39,0,66,0,39,10,0,8,1368,0
"org.apache.solr.ConvertedLegacyTest",2,0.00,1.00,540,10.27,621460.21,2,0,4,6,3,50.84,69,1127,0,3,37.05,0.00,0.67,0.00,0,2.00,1,30812.17,7,0,3,org.apache.solr.SolrTestCaseJ4,0.00,4,2,2,0,4,2,0,64,3467,1
"org.apache.solr.DisMaxRequestHandlerTest",5,0.00,1.00,34,0.86,19476.73,5,0,4,14,2,163.70,6,159,0,3,113.70,0.00,0.67,0.00,1,7.00,1,2565.06,5,0,2,org.apache.solr.SolrTestCaseJ4,0.00,9,2,5,0,9,5,0,4,455,1
"org.apache.solr.EchoParamsTest",5,0.25,1.00,25,0.33,5235.85,6,1,2,8,1,121.14,1,42,0,3,121.14,0.00,0.67,0.80,0,0.00,1,1002.90,3,0,1,org.apache.solr.SolrTestCaseJ4,0.00,3,2,5,0,3,5,0,1,220,1
"org.apache.solr.JSONTestUtil",3,0.00,2.67,19,0.32,14013.34,3,0,3,11,4,152.74,8,25,2,1,112.85,0.00,0.00,0.00,2,3.00,4,960.09,0,3,2,java.lang.Object,0.00,8,0,8,0,8,0,0,1,195,1
"org.apache.solr.MinimalSchemaTest",4,0.00,2.00,26,0.40,9716.52,4,0,3,14,1,97.28,21,69,0,3,115.15,0.00,0.67,0.00,0,4.00,5,1189.25,5,0,1,org.apache.solr.SolrTestCaseJ4,0.00,10,2,8,0,10,4,0,6,237,1
"org.apache.solr.OutputWriterTest",4,1.00,1.00,30,0.38,8921.41,5,1,8,10,5,133.72,12,39,0,3,113.11,0.00,0.67,0.25,0,0.00,1,1127.17,3,0,5,org.apache.solr.SolrTestCaseJ4,0.00,6,2,4,0,6,4,0,9,247,1
"org.apache.solr.OutputWriterTest$UselessOutputWriter",4,0.00,1.00,7,0.06,471.75,4,0,8,5,4,154.69,0,11,0,1,154.69,0.00,0.00,0.00,0,8.00,1,166.32,0,1,4,java.lang.Object,0.00,1,0,4,0,1,3,1,0,49,2
"org.apache.solr.SampleTest",3,0.00,1.00,22,0.35,5756.65,3,0,4,8,2,65.52,26,55,0,3,113.62,0.00,0.67,0.00,0,4.00,1,1043.06,7,0,2,org.apache.solr.SolrTestCaseJ4,0.00,5,2,3,0,5,3,0,9,195,1
"org.apache.solr.SolrInfoMBeanTest",3,0.00,4.33,50,0.88,58358.28,3,0,13,38,8,92.21,14,65,0,3,91.97,0.00,0.67,0.00,1,4.00,7,2648.29,1,1,8,org.apache.solr.SolrTestCaseJ4,0.00,35,2,13,0,35,2,0,9,453,1
"org.apache.solr.SolrTestCaseJ4",53,0.01,2.47,403,5.79,284612.07,72,19,31,178,67,130.51,164,525,49,2,109.90,136.00,0.01,0.05,26,889.00,10,17382.53,2,25,18,org.apache.lucene.util.LuceneTestCase,0.00,125,1,131,136,125,28,0,62,3280,2
"org.apache.solr.SolrTestCaseJ4$Comparator<Doc>",1,0.00,1.00,3,0.04,766.48,1,0,31,1,0,130.49,0,5,0,1,130.49,0.00,0.00,0.00,0,1.00,1,117.75,0,0,0,java.lang.Object,0.00,0,0,1,0,0,1,0,0,31,0
"org.apache.solr.SolrTestCaseJ4$Comparator<Doc>_0",2,0.00,10.00,28,0.40,21753.61,2,0,31,4,0,95.93,1,36,0,1,95.93,0.00,0.00,0.00,0,2.00,10,1210.36,0,1,0,java.lang.Object,0.00,2,0,20,0,2,1,0,1,246,0
"org.apache.solr.SolrTestCaseJ4$Comparator<Doc>_1",1,0.00,3.00,8,0.09,4301.78,1,0,31,2,0,108.45,0,10,0,1,108.45,0.00,0.00,0.00,0,1.00,3,271.66,0,0,0,java.lang.Object,0.00,1,0,3,0,1,1,0,0,60,0
"org.apache.solr.SolrTestCaseJ4$Doc",7,0.17,2.00,34,0.49,16841.97,10,3,31,20,2,121.76,1,47,0,1,121.76,0.00,0.00,0.19,2,18.00,3,1463.44,0,4,2,java.lang.Object,0.00,13,0,14,0,13,3,1,1,317,2
"org.apache.solr.SolrTestCaseJ4$FVal",3,0.25,1.33,11,0.09,1836.28,5,2,31,4,0,131.19,0,16,0,2,131.19,0.00,0.50,0.33,1,4.00,2,276.27,0,1,0,org.apache.solr.Vals,0.00,1,1,4,0,1,2,0,0,75,2
"org.apache.solr.SolrTestCaseJ4$Fld",1,0.00,2.00,5,0.08,1553.12,3,2,31,5,0,119.64,0,8,0,1,119.64,0.00,0.00,1.00,0,0.00,2,231.61,0,1,0,java.lang.Object,0.00,4,0,2,0,4,0,0,0,55,2
"org.apache.solr.SolrTestCaseJ4$FldType",5,0.25,1.60,29,0.25,7047.42,8,3,31,9,0,120.02,0,32,0,1,120.02,0.00,0.00,0.13,1,14.00,3,743.31,0,3,0,java.lang.Object,0.00,4,0,8,0,4,2,0,0,176,0
"org.apache.solr.SolrTestCaseJ4$IRange",3,0.25,1.00,10,0.07,1037.76,5,2,31,4,0,133.21,0,16,0,2,133.21,0.00,0.50,0.33,1,4.00,1,220.19,0,1,0,org.apache.solr.IVals,0.00,1,1,3,0,1,2,0,0,63,2
"org.apache.solr.SolrTestCaseJ4$IVals",1,0.00,1.00,2,0.01,103.02,1,0,31,1,0,143.92,0,3,0,2,143.92,0.00,0.50,0.00,0,1.00,1,39.51,0,0,0,org.apache.solr.Vals,0.00,0,1,1,0,0,1,0,0,14,3
"org.apache.solr.SolrTestCaseJ4$SVal",3,0.12,1.33,20,0.17,4255.35,7,4,31,5,0,117.09,0,23,0,2,117.09,0.00,0.50,0.33,0,4.00,2,519.77,0,1,0,org.apache.solr.Vals,0.00,2,1,4,0,2,2,0,0,124,2
"org.apache.solr.SolrTestCaseJ4$Vals",3,0.00,1.33,6,0.07,1649.28,3,0,31,5,0,138.13,0,9,0,1,138.13,0.00,0.00,0.00,0,3.00,2,196.21,0,2,0,java.lang.Object,0.00,2,0,4,0,2,1,0,0,54,3
"org.apache.solr.SolrTestCaseJ4$XmlDoc",1,0.00,1.00,4,0.02,212.03,2,1,31,1,0,130.22,0,5,0,1,130.22,0.00,0.00,1.00,0,0.00,1,66.54,0,1,0,java.lang.Object,0.00,0,0,1,0,0,0,0,0,21,2
"org.apache.solr.TestDistributedSearch",1,10.00,6.00,118,2.59,286085.27,16,15,1,5,4,21.36,41,130,2,4,50.33,0.00,0.75,0.33,0,0.00,6,7764.15,6,0,2,org.apache.solr.BaseDistributedSearchTestCase,0.04,4,3,6,0,4,1,0,26,1067,1
"org.apache.solr.TestGroupingSearch",12,0.09,3.42,235,6.11,606969.87,17,5,9,54,5,68.10,65,408,0,3,85.97,0.00,0.67,0.12,3,38.00,20,18342.74,17,4,5,org.apache.solr.SolrTestCaseJ4,0.00,42,2,41,0,42,8,0,57,2815,1
"org.apache.solr.TestGroupingSearch$Comparator<Grp>",1,0.00,1.00,5,0.05,1099.53,1,0,9,2,0,170.98,1,7,0,1,120.98,0.00,0.00,0.00,0,1.00,1,164.08,0,0,0,java.lang.Object,0.00,1,0,1,0,1,1,0,1,41,0
"org.apache.solr.TestGroupingSearch$Comparator<Grp>_0",1,0.00,1.00,5,0.07,1411.42,1,0,9,4,0,170.12,1,7,0,1,120.12,0.00,0.00,0.00,0,1.00,1,204.13,0,0,0,java.lang.Object,0.00,3,0,1,0,3,1,0,1,49,0
"org.apache.solr.TestGroupingSearch$Grp",2,0.67,1.50,10,0.13,2698.57,5,3,9,5,0,120.18,1,14,0,1,120.18,0.00,0.00,0.67,0,0.00,2,385.28,0,1,0,java.lang.Object,0.00,3,0,3,0,3,1,0,1,89,2
"org.apache.solr.TestPluginEnable",2,0.00,1.00,6,0.07,911.55,2,0,3,6,2,152.88,6,11,0,3,132.27,0.00,0.67,0.00,0,2.00,1,209.87,1,0,2,org.apache.solr.SolrTestCaseJ4,0.00,4,2,2,0,4,2,0,1,54,1
"org.apache.solr.TestSolrCoreProperties",10,0.06,1.10,63,0.73,15531.00,16,6,11,41,7,166.82,10,75,0,2,116.82,0.00,0.50,0.22,4,50.00,2,2193.20,2,5,7,org.apache.lucene.util.LuceneTestCase,0.00,31,1,11,0,31,5,0,2,451,1
"org.apache.solr.TestTrie",13,0.00,2.31,173,3.38,188229.26,13,0,11,25,6,136.38,26,197,0,3,96.49,0.00,0.67,0.00,3,24.00,6,10136.66,8,0,6,org.apache.solr.SolrTestCaseJ4,0.05,12,2,30,0,12,13,0,21,1717,1
"org.apache.lucene.benchmark.utils.ExtractReuters",5,0.04,3.40,70,0.93,49839.35,11,6,8,35,1,117.09,18,84,1,1,96.48,0.00,0.00,0.20,2,11.00,8,2783.24,0,0,0,java.lang.Object,0.00,30,0,17,0,30,5,0,12,506,1
"org.apache.lucene.benchmark.utils.ExtractReuters$FileFilter",1,0.00,1.00,3,0.02,227.68,1,0,8,3,0,134.64,0,4,0,1,134.64,0.00,0.00,0.00,0,1.00,1,70.91,0,0,0,java.lang.Object,0.00,2,0,1,0,2,1,0,0,21,0
"org.apache.lucene.benchmark.utils.ExtractWikipedia",6,0.15,3.00,86,1.17,55182.14,10,4,8,34,5,96.78,4,101,1,1,96.78,0.00,0.00,0.12,3,14.00,6,3522.10,0,1,4,java.lang.Object,0.00,28,0,18,0,28,5,0,2,654,1
"org.apache.lucene.spatial.tier.projections.CartesianTierPlotter",13,0.04,1.08,51,0.58,11625.99,22,9,0,24,3,130.18,55,68,2,1,129.94,0.00,0.00,0.08,5,81.00,2,1740.44,0,2,1,java.lang.Object,0.00,11,0,14,0,11,11,0,13,401,1
"org.apache.lucene.spatial.tier.projections.Deprecated",2,0.00,1.00,9,0.09,2597.96,2,0,0,4,1,91.80,13,12,0,1,124.02,0.00,0.00,0.00,0,2.00,1,284.61,0,1,1,java.lang.Object,0.00,2,0,2,0,2,1,1,1,71,1
"org.apache.lucene.spatial.tier.projections.IProjector",2,0.00,1.00,3,0.02,150.60,2,0,0,2,3,196.11,5,4,3,1,156.22,0.00,0.00,0.00,0,2.00,1,65.00,0,1,0,,0.00,0,0,2,0,0,1,0,1,23,1
"org.apache.lucene.spatial.tier.projections.SinusoidalProjectorTest",1,0.00,1.00,3,0.03,376.22,1,0,2,2,0,176.86,22,6,0,2,132.92,0.00,0.50,0.00,0,1.00,1,80.23,0,0,0,org.apache.lucene.util.LuceneTestCase,0.00,1,1,1,0,1,1,0,3,23,1
"org.apache.lucene.queryParser.complexPhrase.ComplexPhraseQueryParser",9,0.04,2.00,57,0.68,19552.32,12,3,21,20,18,97.66,51,93,1,3,115.54,0.00,0.67,0.37,1,0.00,3,2038.27,8,7,17,org.apache.lucene.queryParser.QueryParser,0.00,11,2,18,0,11,2,0,28,433,1
"org.apache.lucene.queryParser.complexPhrase.ComplexPhraseQueryParser$ComplexPhraseQuery",7,0.25,5.14,113,1.72,131624.55,11,4,21,32,13,92.28,29,157,0,2,92.05,0.00,0.50,0.46,1,0.00,12,5159.18,0,2,13,org.apache.lucene.search.Query,0.11,25,1,36,0,25,5,0,29,911,1
"org.apache.lucene.queryParser.complexPhrase.TestComplexPhraseQuery",5,0.30,2.00,66,0.89,28337.78,10,5,13,32,12,120.35,18,78,0,2,99.73,0.00,0.50,0.44,2,0.00,4,2661.48,2,0,12,org.apache.lucene.util.LuceneTestCase,0.00,27,1,10,0,27,5,0,18,493,1
"org.apache.lucene.queryParser.complexPhrase.TestComplexPhraseQuery$DocData",1,2.00,1.00,7,0.04,592.22,3,2,13,1,0,117.64,0,9,0,1,117.64,0.00,0.00,0.00,0,1.00,1,121.45,0,0,0,java.lang.Object,0.00,0,0,1,0,0,1,0,0,36,1
"org.apache.lucene.analysis.wikipedia.WikipediaTokenizer",13,0.03,1.85,150,2.47,104132.11,55,42,10,44,11,69.05,81,191,4,4,101.27,0.00,0.75,0.05,6,33.00,6,7407.83,2,0,8,org.apache.lucene.analysis.Tokenizer,0.40,31,3,24,0,31,13,0,31,1259,2
"org.apache.lucene.analysis.wikipedia.WikipediaTokenizerImpl",27,0.04,3.67,478,7.28,455332.72,92,65,1,37,2,49.23,194,702,1,1,91.52,0.00,0.00,0.06,3,319.00,59,21836.56,0,1,2,java.lang.Object,0.00,10,0,99,0,10,26,0,80,3157,0
"org.apache.lucene.analysis.wikipedia.WikipediaTokenizerTest",7,0.83,1.14,61,1.76,60642.53,8,1,7,20,3,156.27,7,126,0,3,106.27,0.00,0.67,0.29,1,13.00,2,5276.88,1,0,3,org.apache.lucene.analysis.BaseTokenStreamTestCase,0.00,13,2,8,0,13,7,0,5,864,1
"org.apache.lucene.queryParser.standard.parser.EscapeQuerySyntaxImpl",8,0.05,5.50,146,2.02,195171.83,14,6,5,28,12,57.01,54,180,7,1,89.23,0.00,0.00,0.12,2,34.00,12,6068.94,0,7,5,java.lang.Object,0.00,20,0,44,0,20,1,1,28,1112,1
"org.apache.lucene.queryParser.standard.parser.JavaCharStream",39,0.10,2.18,267,3.57,243220.54,57,18,0,47,2,161.91,49,479,2,1,111.91,0.00,0.00,0.15,9,189.00,15,10717.33,0,1,0,java.lang.Object,0.00,8,0,85,0,8,38,0,38,2144,1
"org.apache.lucene.queryParser.standard.parser.ParseException",5,5.00,3.00,88,1.12,86343.00,10,5,4,15,8,62.10,69,105,3,4,91.48,0.00,0.75,0.00,0,5.00,9,3348.03,0,2,5,org.apache.lucene.queryParser.core.QueryNodeParseException,0.00,10,3,15,0,10,3,0,11,593,1
"org.apache.lucene.queryParser.standard.parser.StandardSyntaxParser",33,0.10,6.03,595,8.02,888353.21,56,23,28,83,36,128.76,84,727,5,1,88.88,0.00,0.00,0.14,10,0.00,54,24071.74,0,10,31,java.lang.Object,0.00,50,0,199,0,50,23,2,75,4112,1
"org.apache.lucene.queryParser.standard.parser.StandardSyntaxParser$JJCalls",0,0.00,0.00,5,0.03,253.51,4,4,28,0,1,171.00,0,6,0,1,171.00,0.00,0.00,0.00,0,0.00,0,78.87,0,0,1,java.lang.Object,0.00,0,0,0,0,0,0,0,0,22,2
"org.apache.lucene.queryParser.standard.parser.StandardSyntaxParser$LookaheadSuccess",0,0.00,0.00,1,0.01,145.30,0,0,28,0,0,171.00,0,1,0,2,171.00,0.00,0.50,0.00,0,0.00,0,41.51,0,0,0,java.lang.Error,0.00,0,1,0,0,0,0,0,0,12,3
"org.apache.lucene.queryParser.standard.parser.StandardSyntaxParserConstants",0,0.00,0.00,37,0.57,7120.59,36,36,0,0,2,171.00,40,71,2,1,171.00,0.00,0.00,0.00,0,0.00,0,1712.33,0,0,0,,0.00,0,0,0,0,0,0,0,37,254,1
"org.apache.lucene.queryParser.standard.parser.StandardSyntaxParserTokenManager",35,0.06,8.89,614,9.03,1349819.47,56,21,28,46,28,88.48,12,1071,1,1,88.48,0.00,0.00,0.11,19,350.00,129,27096.83,0,0,27,java.lang.Object,0.00,11,0,311,0,11,35,1,12,4433,1
"org.apache.lucene.queryParser.standard.parser.SuppressWarnings",6,0.20,1.50,48,0.66,33774.42,11,5,0,14,0,59.58,51,72,0,2,107.69,0.00,0.50,0.03,1,10.00,3,1967.96,1,3,0,java.lang.Error,0.00,8,1,9,0,8,3,0,14,375,1
"org.apache.lucene.queryParser.standard.parser.Token",7,0.12,1.00,24,0.16,1989.42,15,8,0,8,5,83.88,67,38,5,1,133.88,0.00,0.00,0.02,1,12.00,1,468.86,0,4,0,java.lang.Object,0.00,1,0,7,0,1,3,0,15,131,1
"org.apache.lucene.analysis.standard.ClassicAnalyzer",7,0.17,1.14,23,0.25,4586.85,10,3,11,14,11,88.70,52,32,2,4,130.99,0.00,0.75,0.19,0,15.00,2,744.47,0,1,9,org.apache.lucene.analysis.util.StopwordAnalyzerBase,0.00,7,3,8,0,7,6,0,9,178,2
"org.apache.lucene.analysis.standard.ClassicAnalyzer$TokenStreamComponents",1,0.00,1.00,4,0.05,764.47,1,0,11,2,1,125.84,0,6,0,1,125.84,0.00,0.00,0.00,0,1.00,1,147.28,1,0,1,java.lang.Object,0.00,1,0,1,0,1,1,0,0,36,0
"org.apache.lucene.analysis.standard.ClassicFilter",2,0.50,3.50,25,0.39,24010.30,6,4,4,7,7,80.46,10,33,2,4,98.33,0.00,0.75,0.50,0,2.00,6,1181.01,0,0,5,org.apache.lucene.analysis.TokenFilter,0.29,5,3,7,0,5,2,0,7,221,1
"org.apache.lucene.analysis.standard.ClassicTokenizer",9,0.01,1.44,58,0.80,24792.30,25,16,9,21,15,96.93,50,85,5,4,114.80,0.00,0.75,0.07,1,21.00,5,2394.82,2,0,10,org.apache.lucene.analysis.Tokenizer,0.31,12,3,13,0,12,9,0,15,464,2
"org.apache.lucene.analysis.standard.ClassicTokenizerImpl",24,0.05,2.46,254,3.82,189159.19,66,42,2,33,4,60.51,179,440,2,1,102.81,0.00,0.00,0.07,2,234.00,22,11468.92,0,1,3,java.lang.Object,0.00,9,0,59,0,9,23,1,68,1924,0
"org.apache.lucene.analysis.standard.GenerateJflexTLDMacros",6,0.11,2.50,91,1.48,69620.48,13,7,17,50,1,62.69,36,130,1,1,94.91,0.00,0.00,0.24,3,10.00,4,4437.09,0,2,0,java.lang.Object,0.00,44,0,15,0,44,4,0,5,793,1
"org.apache.lucene.analysis.standard.StandardAnalyzer",7,0.17,1.14,23,0.25,4703.02,10,3,11,14,34,88.62,50,32,26,4,130.91,0.00,0.75,0.19,0,15.00,2,749.28,0,1,9,org.apache.lucene.analysis.util.StopwordAnalyzerBase,0.00,7,3,8,0,7,6,0,9,179,2
"org.apache.lucene.analysis.standard.StandardAnalyzer$TokenStreamComponents",1,0.00,1.00,4,0.05,764.47,1,0,11,2,1,125.84,0,6,0,1,125.84,0.00,0.00,0.00,0,1.00,1,147.28,1,0,1,java.lang.Object,0.00,1,0,1,0,1,1,0,0,36,0
"org.apache.lucene.analysis.standard.StandardFilter",3,0.20,3.00,29,0.45,23249.27,8,5,6,9,36,144.41,8,41,30,4,104.52,0.00,0.75,0.33,0,1.00,6,1336.88,0,0,6,org.apache.lucene.analysis.TokenFilter,0.27,6,3,9,0,6,3,0,6,259,1
"org.apache.lucene.analysis.standard.StandardTokenizer",9,0.01,1.56,63,0.99,32724.54,30,21,9,23,57,79.11,58,102,49,4,111.34,0.00,0.75,0.05,1,21.00,5,2955.97,2,0,11,org.apache.lucene.analysis.Tokenizer,0.31,14,3,14,0,14,9,0,24,546,2
"org.apache.lucene.analysis.standard.StandardTokenizerImpl",24,0.05,2.38,245,6.05,237327.97,63,39,1,33,3,53.93,198,779,1,1,102.04,0.00,0.00,0.07,2,234.00,20,18137.44,0,1,3,java.lang.Object,0.00,9,0,57,0,9,23,1,71,2565,2
"org.apache.lucene.analysis.standard.StandardTokenizerInterface",5,1.00,1.00,7,0.04,256.70,6,1,3,5,5,139.66,27,8,4,1,157.53,0.00,0.00,0.00,0,5.00,1,109.13,0,0,1,,0.00,0,0,5,0,0,5,0,6,39,0
"org.apache.lucene.analysis.standard.UAX29URLEmailTokenizer",30,0.04,2.50,287,26.97,905482.27,77,47,8,43,15,57.63,238,3405,7,4,99.92,0.00,0.75,0.06,6,418.00,31,80916.86,2,1,8,org.apache.lucene.analysis.Tokenizer,0.17,13,3,75,0,13,29,0,84,8050,2
"org.apache.lucene.analysis.it.ItalianAnalyzer",5,0.50,1.80,21,0.29,7141.30,7,2,17,16,15,75.46,42,31,1,4,123.56,0.00,0.75,0.10,0,8.00,3,866.52,0,1,14,org.apache.lucene.analysis.util.StopwordAnalyzerBase,0.00,11,3,9,0,11,4,0,8,192,2
"org.apache.lucene.analysis.it.ItalianAnalyzer$DefaultSetHolder",0,0.00,0.00,6,0.05,843.89,1,1,17,0,2,171.00,2,11,0,1,171.00,0.00,0.00,0.00,0,0.00,0,162.56,0,0,2,java.lang.Object,0.00,0,0,0,0,0,0,0,2,40,2
"org.apache.lucene.analysis.it.ItalianLightStemFilter",2,0.33,2.00,14,0.16,3794.18,5,3,6,9,8,113.74,9,20,2,4,113.50,0.00,0.75,0.50,0,2.00,3,481.98,0,0,6,org.apache.lucene.analysis.TokenFilter,0.29,7,3,4,0,7,2,0,1,107,2
"org.apache.lucene.analysis.it.ItalianLightStemmer",1,0.00,14.00,23,0.50,39068.30,1,0,0,1,1,46.57,56,52,1,1,83.44,0.00,0.00,0.00,0,1.00,14,1488.03,0,0,0,java.lang.Object,0.00,0,0,14,0,0,1,0,4,260,1
"org.apache.lucene.analysis.it.TestItalianAnalyzer",3,0.00,1.00,14,0.15,2836.17,3,0,5,7,3,164.99,6,19,0,3,125.11,0.00,0.67,0.00,0,3.00,1,450.25,2,0,3,org.apache.lucene.analysis.BaseTokenStreamTestCase,0.00,4,2,3,0,4,3,0,5,103,1
"org.apache.lucene.analysis.it.TestItalianLightStemFilter",1,0.00,1.00,5,0.04,412.90,1,0,8,3,5,124.56,4,8,0,3,124.33,0.00,0.67,0.00,0,1.00,1,116.42,0,0,5,org.apache.lucene.analysis.BaseTokenStreamTestCase,0.00,2,2,1,0,2,1,0,2,31,1
"org.apache.lucene.analysis.it.TestItalianLightStemFilter$ReusableAnalyzerBase",1,0.00,1.00,4,0.05,771.22,1,0,8,4,3,125.81,0,7,0,1,125.81,0.00,0.00,0.00,0,1.00,1,141.98,0,1,3,java.lang.Object,0.00,3,0,1,0,3,0,0,0,35,0
"org.apache.lucene.index.BalancedSegmentMergePolicy",16,0.01,4.00,225,2.75,288419.70,21,5,2,27,5,144.41,28,251,0,4,94.41,0.00,0.75,0.21,8,64.00,13,8244.74,5,5,5,org.apache.lucene.index.LogByteSizeMergePolicy,0.07,11,3,64,0,11,11,0,20,1512,1
"org.apache.lucene.index.BalancedSegmentMergePolicy$MergePolicyParams",13,0.07,1.00,39,0.23,2680.55,19,6,2,13,1,134.98,0,53,0,1,134.98,0.00,0.00,0.23,0,84.00,1,687.28,0,0,1,java.lang.Object,0.00,0,0,13,0,0,13,0,0,191,2
"org.apache.lucene.index.BufferedDeletes",12,0.26,2.42,90,1.25,43073.27,23,11,11,36,8,131.89,39,117,5,1,111.28,0.00,0.00,0.33,0,0.00,6,3748.82,0,1,4,java.lang.Object,0.00,24,0,29,0,24,11,0,21,752,0
"org.apache.lucene.index.BufferedDeletes$Iterable<QueryAndLimit>",1,0.00,1.00,3,0.02,165.40,1,0,11,2,0,185.73,1,4,0,1,135.73,0.00,0.00,0.00,0,1.00,1,52.87,0,1,0,java.lang.Object,0.00,1,0,1,0,1,0,0,1,17,0
"org.apache.lucene.index.BufferedDeletes$Iterable<QueryAndLimit>$Iterator<QueryAndLimit>",3,0.50,1.00,9,0.11,2063.78,4,1,11,10,1,180.86,3,12,0,1,130.86,0.00,0.00,0.67,0,1.00,1,341.17,0,1,1,java.lang.Object,0.00,7,0,3,0,7,2,0,3,84,0
"org.apache.lucene.index.BufferedDeletes$Iterable<Term>",1,0.00,1.00,3,0.03,351.08,1,0,11,2,0,183.16,1,4,0,1,133.16,0.00,0.00,0.00,0,0.00,1,82.56,0,1,0,java.lang.Object,0.00,1,0,1,0,1,0,0,1,24,0
"org.apache.lucene.index.BufferedDeletesStream",16,0.10,3.50,206,2.84,264475.18,23,7,14,75,16,117.85,60,255,2,1,97.24,0.00,0.00,0.23,4,56.00,17,8515.20,0,1,14,java.lang.Object,0.00,59,0,56,0,59,15,0,43,1488,0
"org.apache.lucene.index.BufferedDeletesStream$ApplyDeletesResult",1,2.00,1.00,6,0.04,477.69,3,2,14,1,0,160.76,2,8,0,1,120.88,0.00,0.00,0.00,0,1.00,1,124.54,0,0,0,java.lang.Object,0.00,0,0,1,0,0,1,0,2,36,2
"org.apache.lucene.index.BufferedDeletesStream$Comparator<SegmentInfo>",2,0.00,2.00,11,0.10,2989.73,2,0,14,3,1,119.77,1,15,0,1,119.77,0.00,0.00,0.00,0,2.00,3,292.29,0,0,1,java.lang.Object,0.00,1,0,4,0,1,2,0,1,70,0
"org.apache.lucene.index.BufferedDeletesStream$QueryAndLimit",1,2.00,1.00,6,0.04,570.78,3,2,14,1,1,120.27,0,8,0,1,120.27,0.00,0.00,0.00,0,1.00,1,130.51,0,0,1,java.lang.Object,0.00,0,0,1,0,0,1,0,0,37,2
"org.apache.lucene.index.ByteSliceReader",6,0.55,2.17,70,0.82,47002.71,14,8,4,8,9,141.20,12,86,6,2,101.31,0.00,0.50,0.58,1,0.00,3,2474.82,0,0,3,org.apache.lucene.store.DataInput,0.24,2,1,13,0,2,6,0,8,487,1
"org.apache.lucene.index.ByteSliceWriter",5,0.56,1.60,33,0.37,12725.75,9,4,2,6,4,97.17,26,44,1,2,115.05,0.00,0.50,0.70,0,0.00,3,1103.09,0,0,3,org.apache.lucene.store.DataOutput,0.27,1,1,8,0,1,5,0,5,238,1
"org.apache.lucene.index.CheckIndex",0,0.00,0.00,4,0.02,204.34,2,2,21,0,16,171.00,16,4,4,1,171.00,0.00,0.00,0.00,0,0.00,0,68.11,0,0,12,java.lang.Object,0.00,0,0,0,0,0,0,0,2,19,1
"org.apache.lucene.index.CheckIndex$Status",14,0.05,9.36,480,8.83,1197741.35,31,17,21,117,24,26.04,141,618,0,1,74.52,0.00,0.00,0.01,3,18.00,46,26476.52,0,7,24,java.lang.Object,0.00,103,0,131,0,103,7,0,50,3756,2
"org.apache.lucene.index.CheckIndex$Status$FieldNormStatus",0,0.00,0.00,3,0.03,266.51,2,2,21,0,0,171.00,2,4,0,1,171.00,0.00,0.00,0.00,0,0.00,0,76.15,0,0,0,java.lang.Object,0.00,0,0,0,0,0,0,0,2,20,3
"org.apache.lucene.index.CheckIndex$Status$SegmentInfoStatus",0,0.00,0.00,21,0.20,3679.63,20,20,21,0,1,171.00,30,22,0,1,171.00,0.00,0.00,0.00,0,0.00,0,594.69,0,0,1,java.lang.Object,0.00,0,0,0,0,0,0,0,20,111,2
"org.apache.lucene.index.CheckIndex$Status$StoredFieldStatus",0,0.00,0.00,4,0.04,420.00,3,3,21,0,0,171.00,3,5,0,1,171.00,0.00,0.00,0.00,0,0.00,0,108.00,0,0,0,java.lang.Object,0.00,0,0,0,0,0,0,0,3,27,3
"org.apache.lucene.index.CheckIndex$Status$TermIndexStatus",0,0.00,0.00,5,0.05,687.56,4,4,21,0,0,171.00,4,6,0,1,171.00,0.00,0.00,0.00,0,0.00,0,136.00,0,0,0,java.lang.Object,0.00,0,0,0,0,0,0,0,4,34,3
"org.apache.lucene.index.CheckIndex$Status$TermVectorStatus",0,0.00,0.00,4,0.04,420.00,3,3,21,0,0,171.00,3,5,0,1,171.00,0.00,0.00,0.00,0,0.00,0,108.00,0,0,0,java.lang.Object,0.00,0,0,0,0,0,0,0,3,27,3
"org.apache.lucene.index.CompoundFileReader",17,0.02,1.76,93,1.17,59694.66,22,5,9,42,16,156.76,36,141,8,2,116.88,0.00,0.50,0.22,1,74.00,9,3523.19,0,7,8,org.apache.lucene.store.Directory,0.11,25,1,30,0,25,10,0,22,705,1
"org.apache.lucene.index.CompoundFileReader$CSIndexInput",8,0.14,1.38,35,0.40,10517.75,11,3,9,14,3,173.91,14,55,0,4,123.91,0.00,0.75,0.46,0,2.00,3,1196.25,2,1,3,org.apache.lucene.store.BufferedIndexInput,0.43,6,3,11,0,6,7,0,6,277,2
"org.apache.lucene.index.CompoundFileReader$FileEntry",0,0.00,0.00,3,0.02,186.86,2,2,9,0,0,171.00,0,4,0,1,171.00,0.00,0.00,0.00,0,0.00,0,49.83,0,0,0,java.lang.Object,0.00,0,0,0,0,0,0,0,0,15,3
"org.apache.lucene.index.CompoundFileWriter",7,0.17,2.86,76,0.97,44562.82,16,9,8,35,10,55.02,72,101,4,1,103.50,0.00,0.00,0.25,1,0.00,7,2905.53,0,2,6,java.lang.Object,0.00,28,0,20,0,28,5,0,34,545,1
"org.apache.lucene.index.CompoundFileWriter$FileEntry",0,0.00,0.00,4,0.02,238.40,3,3,8,0,0,171.00,3,5,0,1,171.00,0.00,0.00,0.00,0,0.00,0,68.11,0,0,0,java.lang.Object,0.00,0,0,0,0,0,0,0,3,19,3
"org.apache.lucene.index.ConcurrentMergeScheduler",19,0.02,2.95,159,1.86,96090.83,27,8,7,64,27,90.02,111,221,22,2,107.90,1.00,0.33,0.14,6,195.00,12,5573.09,0,0,5,org.apache.lucene.index.MergeScheduler,0.10,45,1,56,1,45,19,0,59,1046,1
"org.apache.lucene.index.ConcurrentMergeScheduler$Comparator<MergeThread>",1,0.00,3.00,7,0.13,4616.77,1,0,7,4,0,110.37,0,8,0,1,110.37,0.00,0.00,0.00,0,1.00,3,379.14,0,0,0,java.lang.Object,0.00,3,0,3,0,3,1,0,0,81,0
"org.apache.lucene.index.ConcurrentMergeScheduler$MergeThread",7,0.04,2.86,48,0.47,15357.88,11,4,7,17,3,165.42,11,74,0,2,115.42,0.00,0.50,0.29,2,8.00,9,1423.70,0,3,3,java.lang.Thread,0.00,10,1,20,0,10,4,0,11,298,1
"org.apache.lucene.index.CorruptIndexException",1,0.00,1.00,3,0.02,106.02,1,0,1,1,56,137.49,4,5,56,2,137.25,2.00,0.25,0.00,0,1.00,1,45.51,0,0,0,java.io.IOException,0.00,0,1,1,2,0,1,0,1,16,1
"org.apache.lucene.index.DirectoryReader",53,0.04,2.53,487,5.95,371679.11,71,18,20,147,31,125.52,185,610,7,2,104.91,0.00,0.50,0.09,11,1054.00,13,17845.52,1,21,26,org.apache.lucene.index.IndexReader,0.39,94,1,134,0,94,32,1,150,3361,0
"org.apache.lucene.index.DirectoryReader$ReaderCommit",11,0.04,1.00,36,0.34,5531.13,18,7,20,21,3,131.93,0,58,0,2,131.93,0.00,0.50,0.18,0,60.00,1,1023.05,0,5,3,org.apache.lucene.index.IndexCommit,0.75,10,1,11,0,10,6,0,0,245,3
"org.apache.lucene.index.DirectoryReader$SegmentInfos.FindSegmentsFile",1,0.00,1.00,5,0.07,1449.43,1,0,20,4,3,120.03,0,7,0,1,120.03,0.00,0.00,0.00,0,0.00,1,207.67,0,1,3,java.lang.Object,0.00,3,0,1,0,3,0,0,0,47,0
"org.apache.lucene.index.DirectoryReader$SegmentInfos.FindSegmentsFile_0",1,0.00,1.00,5,0.06,1378.46,1,0,20,4,2,120.20,0,7,0,1,120.20,0.00,0.00,0.00,0,0.00,1,193.57,0,1,2,java.lang.Object,0.00,3,0,1,0,3,0,0,0,44,0
"org.apache.lucene.index.DocConsumer",4,0.00,1.00,5,0.04,322.67,4,0,2,4,8,155.99,0,6,5,1,155.99,0.00,0.00,0.00,0,4.00,1,122.26,0,1,3,java.lang.Object,0.00,0,0,4,1,0,3,0,0,39,1
"org.apache.lucene.index.DocConsumerPerThread",2,0.00,1.00,3,0.02,100.74,2,0,1,2,5,178.21,6,4,5,1,157.60,0.00,0.00,0.00,0,2.00,1,48.14,0,1,0,java.lang.Object,0.00,0,0,2,1,0,1,0,1,18,1
"org.apache.lucene.index.DocFieldConsumer",5,1.00,1.00,8,0.06,497.94,6,1,3,5,6,205.26,7,10,2,1,155.26,0.00,0.00,0.00,0,5.00,1,188.88,0,1,4,java.lang.Object,0.00,0,0,5,1,0,4,0,4,58,1
"org.apache.lucene.index.DocFieldConsumerPerField",2,0.00,1.00,3,0.02,136.96,2,0,2,2,7,156.55,1,4,6,1,156.55,0.00,0.00,0.00,0,2.00,1,62.63,0,0,1,java.lang.Object,0.00,0,0,2,1,0,2,0,1,21,1
"org.apache.lucene.index.DocFieldConsumerPerThread",4,0.00,1.00,5,0.03,169.52,4,0,1,4,7,158.19,0,6,5,1,158.19,0.00,0.00,0.00,0,4.00,1,87.44,0,2,2,java.lang.Object,0.00,0,0,4,1,0,2,0,0,32,1
"org.apache.lucene.index.DocFieldProcessor",5,0.19,1.20,29,0.35,9637.15,9,4,4,20,13,158.90,11,39,2,2,119.02,0.00,0.50,0.40,0,0.00,2,1055.79,0,0,12,org.apache.lucene.index.DocConsumer,0.67,15,1,6,0,15,5,0,5,226,1
"org.apache.lucene.index.DocFieldProcessorPerField",2,0.17,1.00,12,0.10,1668.99,8,6,1,4,5,168.97,3,15,2,1,118.97,0.00,0.00,0.08,0,2.00,1,307.95,0,0,4,java.lang.Object,0.00,2,0,2,0,2,2,0,1,77,1
"org.apache.lucene.index.DocFieldProcessorPerThread",8,0.18,4.12,160,2.35,227062.53,23,15,9,45,18,87.31,37,182,5,2,87.08,0.00,0.50,0.22,2,4.00,13,7061.56,0,3,15,org.apache.lucene.index.DocConsumerPerThread,0.40,37,1,33,0,37,5,0,29,1190,1
"org.apache.lucene.index.DocFieldProcessorPerThread$Comparator<DocFieldProcessorPerField>",1,0.00,1.00,3,0.04,494.59,1,0,9,2,1,131.99,0,4,0,1,131.99,0.00,0.00,0.00,0,1.00,1,111.03,0,0,1,java.lang.Object,0.00,1,0,1,0,1,1,0,0,31,0
"org.apache.lucene.index.DocFieldProcessorPerThread$PerDoc",3,0.75,1.00,17,0.13,2228.02,5,2,9,7,0,122.32,0,32,0,2,122.32,0.00,0.50,1.00,0,0.00,1,384.75,0,0,0,DocumentsWriter.DocWriter,0.00,4,1,3,0,4,3,0,0,101,0
"org.apache.lucene.index.DocHelper",5,0.02,1.20,123,2.72,153601.44,61,56,13,20,19,51.91,31,157,8,1,84.14,0.00,0.00,0.00,2,8.00,2,8160.33,0,0,11,java.lang.Object,0.00,15,0,6,0,15,5,0,12,1305,0
"org.apache.lucene.index.DocInverter",6,0.10,1.33,34,0.47,18285.86,8,2,5,21,14,117.43,3,46,2,2,117.43,0.00,0.50,0.58,0,0.00,3,1418.64,1,1,13,org.apache.lucene.index.DocFieldConsumer,0.36,15,1,8,0,15,5,0,1,294,1
"org.apache.lucene.index.DocInverterPerField",3,0.58,5.33,87,1.24,139054.10,9,6,6,34,17,35.19,33,110,8,2,79.32,0.00,0.50,0.56,0,0.00,14,3707.81,0,0,10,org.apache.lucene.index.DocFieldConsumerPerField,0.40,31,1,16,0,31,3,0,26,601,1
"org.apache.lucene.index.DocInverterPerThread",5,0.14,1.00,26,0.25,4414.95,12,7,4,17,19,171.73,6,38,8,2,121.73,0.00,0.50,0.26,0,0.00,1,757.13,0,2,13,org.apache.lucene.index.DocFieldConsumerPerThread,0.89,12,1,5,0,12,3,0,4,182,1
"org.apache.lucene.index.DocInverterPerThread$SingleTokenAttributeSource",2,1.00,1.00,9,0.08,842.15,4,2,4,5,3,127.88,0,12,0,2,127.88,0.00,0.50,1.00,0,0.00,1,241.73,0,0,3,org.apache.lucene.util.AttributeSource,0.00,3,1,2,0,3,2,0,0,63,1
"org.apache.lucene.index.DocsAndPositionsEnum",5,0.00,1.00,8,0.06,647.85,5,0,2,6,78,204.36,7,13,76,3,154.36,6.50,0.12,0.00,0,5.00,1,178.32,0,1,2,org.apache.lucene.index.DocsEnum,0.46,1,2,5,13,1,4,0,3,56,2
"org.apache.lucene.index.DocsEnum",5,0.12,1.80,29,0.26,10286.26,7,2,4,7,105,100.83,28,37,102,2,118.70,25.00,0.04,0.40,1,5.00,3,780.91,1,2,3,org.apache.lucene.search.DocIdSetIterator,0.00,2,1,9,25,2,3,0,7,178,2
"org.apache.lucene.index.DocsEnum$BulkReadResult",0,0.00,0.00,3,0.03,728.52,2,2,4,1,1,171.00,0,4,0,1,171.00,0.00,0.00,0.00,0,0.00,0,92.51,0,0,1,java.lang.Object,0.00,1,0,0,0,1,0,0,0,25,2
"org.apache.lucene.index.DocumentsWriter",39,0.04,3.13,448,5.99,387644.20,75,36,23,124,44,82.54,207,589,16,1,100.41,0.00,0.00,0.07,14,727.00,22,17968.49,0,3,31,java.lang.Object,0.00,85,0,122,0,85,36,0,110,3069,1
"org.apache.lucene.index.DocumentsWriter$DocState",2,0.14,1.00,13,0.08,639.36,9,7,23,3,4,172.25,3,16,0,1,122.25,0.00,0.00,0.21,0,2.00,1,240.73,0,0,4,java.lang.Object,0.00,1,0,2,0,1,2,0,3,62,1
"org.apache.lucene.index.DocumentsWriter$DocWriter",4,2.00,1.00,8,0.04,352.34,6,2,23,4,0,144.46,0,10,0,1,144.46,0.00,0.00,0.00,0,4.00,1,127.11,0,0,0,java.lang.Object,0.00,0,0,4,0,0,4,0,0,43,2
"org.apache.lucene.index.DocumentsWriter$IndexingChain",1,0.00,1.00,2,0.01,52.70,1,0,23,1,2,146.21,0,3,0,1,146.21,0.00,0.00,0.00,0,1.00,1,31.26,0,0,2,java.lang.Object,0.00,0,0,1,0,0,1,0,0,12,2
"org.apache.lucene.index.DocumentsWriter$IndexingChain_0",1,0.00,1.00,9,0.13,2554.66,1,0,23,7,10,152.52,22,11,0,1,108.57,0.00,0.00,0.00,0,1.00,1,376.02,0,0,10,java.lang.Object,0.00,6,0,1,0,6,1,0,3,79,0
"org.apache.lucene.index.DocumentsWriter$SkipDocWriter",3,0.00,1.00,5,0.03,220.57,3,0,23,3,0,156.30,0,12,0,2,156.30,0.00,0.50,0.00,0,3.00,1,87.54,0,0,0,org.apache.lucene.index.DocWriter,0.00,0,1,3,0,0,3,0,0,31,2
"org.apache.lucene.index.DocumentsWriter$SuppressWarnings",2,0.00,1.50,11,0.10,1890.51,2,0,23,2,1,142.02,7,17,0,2,121.40,0.00,0.50,0.00,0,0.00,2,291.57,2,0,1,org.apache.lucene.store.RAMFile,0.15,0,1,3,0,0,2,0,3,70,0
"org.apache.lucene.index.DocumentsWriter$WaitQueue",7,0.33,2.29,75,0.72,64546.10,12,5,23,13,2,152.29,10,91,0,1,102.29,0.00,0.00,0.49,2,0.00,6,2154.11,0,0,2,java.lang.Object,0.00,6,0,16,0,6,7,0,10,422,1
"org.apache.lucene.index.DocumentsWriterThreadState",2,0.20,1.00,15,0.13,2683.38,7,5,1,4,5,135.46,6,18,4,1,114.85,0.00,0.00,0.30,0,2.00,1,397.82,0,0,2,java.lang.Object,0.00,2,0,2,0,2,2,0,3,96,1
"org.apache.lucene.index.FieldInfo",3,0.45,4.00,47,0.45,16368.90,13,10,0,4,77,47.38,29,65,77,1,97.38,0.00,0.00,0.40,0,1.00,9,1353.09,0,1,0,java.lang.Object,0.00,1,0,12,0,1,2,0,14,306,2
"org.apache.lucene.index.FieldInfos",24,0.01,2.12,155,2.06,77607.10,38,14,8,61,61,114.40,103,193,51,1,114.16,0.00,0.00,0.08,6,152.00,9,6191.47,0,2,10,java.lang.Object,0.00,37,0,51,0,37,22,0,18,1241,2
"org.apache.lucene.index.FieldInvertState",13,0.01,1.00,43,0.25,3336.97,20,7,1,13,40,174.11,38,57,39,1,134.23,0.00,0.00,0.15,0,73.00,1,757.79,0,1,1,java.lang.Object,0.00,0,0,13,0,0,12,0,8,211,2
"org.apache.lucene.index.FieldNormModifier",3,0.25,5.33,63,1.00,66608.75,5,2,13,41,17,49.50,37,75,3,1,87.07,0.00,0.00,0.67,0,1.00,10,2996.09,0,0,14,java.lang.Object,0.00,38,0,16,0,38,3,0,4,494,1
"org.apache.lucene.index.FieldReaderException",4,0.00,1.00,8,0.04,308.18,4,0,0,4,4,134.56,61,13,4,2,144.91,0.00,0.50,0.00,0,4.00,1,126.69,0,0,0,java.lang.RuntimeException,0.00,0,1,4,0,0,4,0,6,43,1
"org.apache.lucene.index.FieldSortedTermVectorMapper",6,0.10,1.00,21,0.27,5399.87,10,4,2,11,7,130.17,29,30,3,2,129.94,0.00,0.50,0.33,0,10.00,1,812.60,0,2,4,org.apache.lucene.index.TermVectorMapper,0.00,5,1,6,0,5,4,0,4,188,1
"org.apache.lucene.index.Fields",2,1.00,1.00,4,0.04,698.11,3,1,1,2,45,160.36,6,5,43,1,139.75,0.00,0.00,0.00,0,2.00,1,123.83,0,1,2,java.lang.Object,0.00,0,0,2,9,0,1,0,3,36,2
"org.apache.lucene.index.FieldsEnum",3,0.50,1.33,11,0.09,2184.74,5,2,2,5,44,98.37,19,15,42,1,130.60,0.00,0.00,0.17,0,4.00,2,279.18,0,2,2,java.lang.Object,0.00,2,0,4,8,2,1,0,7,73,2
"org.apache.lucene.index.FieldsEnum$FieldsEnum",2,0.00,1.00,5,0.03,359.83,2,0,2,3,1,142.01,0,9,0,1,142.01,0.00,0.00,0.00,0,2.00,1,94.73,0,1,1,java.lang.Object,0.00,1,0,2,0,1,1,0,0,29,0
"org.apache.lucene.index.FieldsReader",16,0.13,2.62,177,2.79,153042.59,29,13,14,46,28,121.20,59,229,9,1,100.58,0.00,0.00,0.20,7,0.00,9,8362.88,0,3,19,java.lang.Object,0.00,30,0,42,0,30,13,1,33,1513,2
"org.apache.lucene.index.FieldsReader$LazyField",7,0.06,2.71,68,0.71,24867.94,10,3,14,12,5,157.22,12,95,0,2,107.22,0.00,0.50,0.29,1,16.00,6,2135.99,0,4,5,org.apache.lucene.document.AbstractField,0.07,5,1,19,0,5,3,1,6,435,1
"org.apache.lucene.index.FieldsWriter",10,0.16,2.40,91,0.99,26435.33,20,10,9,33,16,158.25,15,118,6,1,108.25,0.00,0.00,0.24,3,0.00,5,2976.89,0,0,10,java.lang.Object,0.00,23,0,24,0,23,10,0,11,616,1
"org.apache.lucene.index.FilterIndexReader",31,0.03,1.00,90,0.91,14661.52,32,1,12,62,18,188.71,31,148,6,2,138.71,3.00,0.20,0.97,0,0.00,1,2723.78,3,8,12,org.apache.lucene.index.IndexReader,0.31,31,1,31,3,31,23,0,13,685,1
"org.apache.lucene.index.FilterIndexReader$FilterDocsAndPositionsEnum",8,0.14,1.00,18,0.16,2605.16,9,1,12,15,2,139.98,0,34,0,4,139.98,0.00,0.75,0.88,0,0.00,1,474.98,0,1,2,org.apache.lucene.index.DocsAndPositionsEnum,1.33,7,3,8,0,7,7,0,0,133,2
"org.apache.lucene.index.FilterIndexReader$FilterDocsEnum",7,0.17,1.00,16,0.14,2273.60,8,1,12,13,1,139.99,0,30,0,3,139.99,0.00,0.67,0.86,0,0.00,1,415.78,0,0,1,org.apache.lucene.index.DocsEnum,1.20,6,2,7,0,6,7,0,0,117,2
"org.apache.lucene.index.FilterIndexReader$FilterFields",3,0.50,1.00,8,0.07,1121.15,4,1,12,5,3,139.51,0,14,0,2,139.51,0.00,0.50,0.67,0,1.00,1,213.16,0,1,3,org.apache.lucene.index.Fields,0.40,2,1,3,0,2,2,0,0,59,2
"org.apache.lucene.index.FilterIndexReader$FilterFieldsEnum",3,0.50,1.00,8,0.07,1028.53,4,1,12,5,2,139.81,0,14,0,2,139.81,0.00,0.50,0.67,0,1.00,1,198.14,0,1,2,org.apache.lucene.index.FieldsEnum,0.67,2,1,3,0,2,2,0,0,56,2
"org.apache.lucene.index.FilterIndexReader$FilterTerms",8,0.14,1.00,18,0.21,3625.31,9,1,12,15,6,138.85,0,34,0,2,138.85,0.00,0.50,0.88,0,0.00,1,616.07,0,2,6,org.apache.lucene.index.Terms,0.40,7,1,8,0,7,6,0,0,160,2
"org.apache.lucene.index.FilterIndexReader$FilterTermsEnum",13,0.08,1.00,28,0.31,5373.84,14,1,12,23,6,139.17,0,52,0,2,139.17,0.00,0.50,0.92,0,0.00,1,935.12,0,4,6,org.apache.lucene.index.TermsEnum,0.59,10,1,13,0,10,9,0,0,245,2
"org.apache.lucene.index.FreqProxFieldMergeState",3,0.58,3.33,47,0.60,24218.65,15,12,5,11,5,116.70,9,62,1,1,96.09,0.00,0.00,0.47,1,1.00,6,1814.90,0,0,4,java.lang.Object,0.00,8,0,10,0,8,3,0,8,353,1
"org.apache.lucene.index.FreqProxTermsWriter",4,0.17,9.00,161,2.59,342917.62,6,2,13,44,21,81.02,69,177,1,2,71.89,0.00,0.50,0.38,1,4.00,25,7768.49,0,1,20,org.apache.lucene.index.TermsHashConsumer,0.25,40,1,36,0,40,3,0,57,1174,1
"org.apache.lucene.index.FreqProxTermsWriterPerField",13,0.09,1.85,86,1.26,97820.56,21,8,4,23,13,111.31,11,120,4,2,111.31,0.00,0.50,0.21,1,29.00,5,3794.68,0,1,10,org.apache.lucene.index.TermsHashConsumerPerField,0.57,10,1,24,0,10,12,1,11,755,1
"org.apache.lucene.index.FreqProxTermsWriterPerField$FreqProxPostingsArray",4,0.33,1.00,23,0.25,6418.70,8,4,4,6,2,169.69,4,31,0,2,119.69,0.00,0.50,0.50,0,4.00,1,739.26,1,1,2,org.apache.lucene.index.ParallelPostingsArray,0.44,2,1,4,0,2,3,0,4,176,2
"org.apache.lucene.index.FreqProxTermsWriterPerThread",5,0.38,1.00,12,0.09,1084.37,7,2,0,6,7,161.99,16,21,2,2,141.37,0.00,0.50,0.20,0,8.00,1,284.03,0,2,6,org.apache.lucene.index.TermsHashConsumerPerThread,0.67,1,1,5,0,1,3,0,1,81,1
"org.apache.lucene.index.FrozenBufferedDeletes",5,0.25,1.80,37,0.50,17019.34,13,8,5,14,6,132.14,15,47,3,1,111.53,0.00,0.00,0.32,0,2.00,4,1511.53,0,1,4,java.lang.Object,0.00,9,0,9,0,9,4,0,8,305,0
"org.apache.lucene.index.FrozenBufferedDeletes$Iterable<QueryAndLimit>",1,0.00,1.00,3,0.02,165.40,1,0,5,2,0,185.73,1,4,0,1,135.73,0.00,0.00,0.00,0,1.00,1,52.87,0,1,0,java.lang.Object,0.00,1,0,1,0,1,0,0,1,17,0
"org.apache.lucene.index.FrozenBufferedDeletes$Iterable<QueryAndLimit>$Iterator<QueryAndLimit>",3,0.50,1.00,10,0.07,1164.53,4,1,5,5,0,182.81,3,13,0,1,132.81,0.00,0.00,0.67,0,1.00,1,210.00,0,1,0,java.lang.Object,0.00,2,0,3,0,2,2,0,3,58,0
"org.apache.lucene.index.FrozenBufferedDeletes$Iterable<Term>",1,0.00,1.00,3,0.02,165.40,1,0,5,2,1,185.73,1,4,0,1,135.73,0.00,0.00,0.00,0,1.00,1,52.87,0,1,1,java.lang.Object,0.00,1,0,1,0,1,0,0,1,17,0
"org.apache.lucene.index.FrozenBufferedDeletes$Iterable<Term>$Iterator<Term>",3,0.50,1.00,8,0.05,524.15,4,1,5,4,1,192.11,3,11,0,1,142.11,0.00,0.00,0.67,0,1.00,1,154.29,0,0,1,java.lang.Object,0.00,1,0,3,0,1,3,0,3,45,0
"org.apache.lucene.index.IndexCommit",13,0.00,1.23,28,0.26,6323.47,13,0,4,19,35,138.80,53,37,34,1,138.56,0.00,0.00,0.00,3,13.00,3,769.97,0,4,1,java.lang.Object,0.00,6,0,16,4,6,9,1,11,204,2
"org.apache.lucene.index.IndexDeletionPolicy",2,0.00,1.00,3,0.04,438.42,2,0,2,2,28,166.35,69,4,28,1,152.57,0.00,0.00,0.00,0,2.00,1,114.61,0,0,0,,0.00,0,0,2,0,0,2,0,3,32,1
"org.apache.lucene.index.IndexFileDeleter",22,0.07,3.82,240,3.04,190835.17,34,12,9,69,12,60.09,169,310,3,1,102.38,0.00,0.00,0.15,9,102.00,22,9109.99,0,0,9,java.lang.Object,0.00,47,0,84,0,47,22,0,72,1656,1
"org.apache.lucene.index.IndexFileDeleter$CommitPoint",11,0.07,1.09,41,0.40,8247.84,20,9,9,21,3,130.54,4,64,0,2,130.54,0.00,0.50,0.17,0,74.00,2,1212.87,0,5,3,org.apache.lucene.index.IndexCommit,0.75,10,1,12,0,10,6,0,1,279,3
"org.apache.lucene.index.IndexFileDeleter$RefCount",3,0.33,1.33,15,0.14,2708.35,6,3,9,5,0,121.59,1,20,0,1,121.59,0.00,0.00,0.56,0,1.00,2,413.60,0,0,0,java.lang.Object,0.00,2,0,4,0,2,3,0,1,97,3
"org.apache.lucene.index.IndexFileNameFilter",2,0.00,5.00,24,0.27,9001.82,3,1,4,9,3,101.84,9,32,1,1,101.61,0.00,0.00,1.00,0,0.00,6,823.38,0,0,2,java.lang.Object,0.00,7,0,10,0,7,2,1,2,167,1
"org.apache.lucene.index.IndexFileNames",5,0.05,3.20,57,0.93,40642.45,24,19,1,15,43,110.23,89,102,42,1,101.10,0.00,0.00,0.01,1,8.00,4,2790.13,0,3,2,java.lang.Object,0.00,10,0,16,0,10,2,0,30,546,2
"org.apache.lucene.index.IndexFormatTooNewException",1,0.00,2.00,3,0.07,1184.88,1,0,0,1,6,129.07,4,6,5,3,128.84,0.00,0.67,0.00,0,1.00,2,219.84,0,0,1,org.apache.lucene.index.CorruptIndexException,0.00,0,2,2,0,0,1,0,1,50,1
"org.apache.lucene.index.IndexFormatTooOldException",2,0.00,2.00,5,0.12,1922.49,2,0,0,2,7,176.01,4,11,6,3,136.12,0.00,0.67,0.00,0,2.00,2,358.14,0,0,1,org.apache.lucene.index.CorruptIndexException,0.00,0,2,4,0,0,2,0,1,82,1
"org.apache.lucene.index.IndexNotFoundException",1,0.00,1.00,3,0.02,124.13,1,0,1,1,1,136.95,4,5,1,2,136.71,0.00,0.50,0.00,0,1.00,1,49.65,0,0,0,java.io.FileNotFoundException,0.00,0,1,1,0,0,1,0,1,17,2
"org.apache.lucene.index.IndexReader",86,0.13,1.47,331,3.75,149352.86,92,6,19,147,504,79.13,943,446,477,1,127.60,0.00,0.00,0.04,20,1634.00,12,11253.82,0,30,33,java.lang.Object,0.00,61,0,126,10,61,56,2,97,2421,2
"org.apache.lucene.index.IndexReader$AtomicReaderContext",2,2.00,1.00,10,0.11,2209.55,4,2,19,3,1,121.20,9,14,0,2,120.96,0.00,0.50,0.00,0,2.00,1,335.15,0,0,1,org.apache.lucene.index.ReaderContext,0.00,1,1,2,0,1,2,0,4,81,3
"org.apache.lucene.index.IndexReader$CompositeReaderContext",5,0.38,1.00,15,0.17,2578.90,7,2,19,5,1,181.84,9,26,0,2,131.84,0.00,0.50,0.20,0,11.00,1,506.09,0,1,1,org.apache.lucene.index.ReaderContext,0.00,0,1,5,0,0,4,0,4,129,3
"org.apache.lucene.index.IndexReader$FieldOption",3,12.00,1.00,18,0.28,7281.91,15,12,19,4,0,135.93,11,22,0,1,115.32,0.00,0.00,0.00,0,3.00,1,827.96,0,1,0,java.lang.Object,0.00,1,0,3,0,1,2,0,11,172,3
"org.apache.lucene.index.IndexReader$ReaderContext",3,6.00,1.00,18,0.15,2547.29,9,6,19,3,1,76.62,21,23,0,1,118.91,0.00,0.00,0.00,0,3.00,1,441.40,0,1,1,java.lang.Object,0.00,0,0,3,0,0,2,0,8,111,3
"org.apache.lucene.index.IndexReader$ReaderFinishedListener",1,0.00,1.00,2,0.01,52.70,1,0,19,1,1,146.21,0,3,0,1,146.21,0.00,0.00,0.00,0,1.00,1,31.26,0,0,1,,0.00,0,0,1,0,0,1,0,0,12,2
"org.apache.lucene.index.IndexReader$SegmentInfos.FindSegmentsFile",1,0.00,1.00,3,0.04,499.66,1,0,19,3,0,131.95,0,5,0,1,131.95,0.00,0.00,0.00,0,1.00,1,115.56,0,1,0,java.lang.Object,0.00,2,0,1,0,2,0,0,0,30,0
"org.apache.lucene.index.IndexSplitter",9,0.02,2.67,97,1.18,55409.08,14,5,11,43,6,143.52,22,106,2,1,103.63,0.00,0.00,0.22,3,18.00,7,3554.54,0,1,4,java.lang.Object,0.00,34,0,24,0,34,8,0,4,690,1
"org.apache.lucene.index.IndexWriter",111,0.03,3.43,1202,15.78,942803.12,157,46,31,357,241,58.35,1300,1610,212,1,102.47,0.00,0.00,0.05,51,4640.00,19,47327.53,0,15,34,java.lang.Object,0.00,246,0,381,8,246,96,1,403,8320,1
"org.apache.lucene.index.IndexWriter$FlushControl",9,0.05,2.56,66,0.64,25277.33,14,5,31,13,2,112.10,6,94,0,1,112.10,0.00,0.00,0.24,3,26.00,6,1932.56,0,0,2,java.lang.Object,0.00,4,0,23,0,4,9,0,6,399,1
"org.apache.lucene.index.IndexWriter$IndexReaderWarmer",1,0.00,1.00,2,0.02,121.82,1,0,31,1,1,143.35,0,3,0,1,143.35,0.00,0.00,0.00,0,1.00,1,48.73,0,0,1,java.lang.Object,0.00,0,0,1,0,0,1,0,0,16,3
"org.apache.lucene.index.IndexWriter$ReaderPool",11,0.60,2.55,86,1.13,38758.84,12,1,31,33,5,63.22,89,114,0,1,111.33,0.00,0.00,0.45,3,28.00,7,3382.03,0,4,5,java.lang.Object,0.00,22,0,28,0,22,7,0,47,675,0
"org.apache.lucene.index.IndexWriterConfig",40,0.03,1.40,176,2.02,67114.99,68,28,7,56,114,80.78,286,235,101,1,123.07,0.00,0.00,0.06,0,854.00,4,6069.37,1,26,14,java.lang.Object,0.00,16,0,56,0,16,14,1,59,1236,2
"org.apache.lucene.index.IndexWriterConfig$OpenMode",0,0.00,0.00,2,0.01,48.00,0,0,7,0,0,171.00,0,1,0,1,171.00,0.00,0.00,0.00,0,0.00,0,24.00,0,0,0,java.lang.Object,0.00,0,0,0,0,0,0,1,0,8,2
"org.apache.lucene.index.IntBlockPool",3,0.75,2.00,25,0.29,9670.16,9,6,0,6,3,67.24,22,32,2,1,109.53,0.00,0.00,0.67,0,1.00,3,870.55,0,0,1,java.lang.Object,0.00,3,0,6,0,3,3,0,7,187,1
"org.apache.lucene.index.InvertedDocConsumer",5,1.00,1.00,8,0.06,464.74,6,1,3,5,7,205.50,5,10,3,1,155.50,0.00,0.00,0.00,0,5.00,1,177.19,0,0,4,java.lang.Object,0.00,0,0,5,1,0,5,0,4,55,1
"org.apache.lucene.index.InvertedDocConsumerPerField",5,0.00,1.00,6,0.04,245.05,5,0,2,5,7,207.69,9,7,6,1,157.69,0.00,0.00,0.00,0,5.00,1,121.58,0,0,1,java.lang.Object,0.00,0,0,5,1,0,5,0,9,42,1
"org.apache.lucene.index.InvertedDocConsumerPerThread",4,0.00,1.00,5,0.03,182.83,4,0,1,4,8,157.93,0,6,5,1,157.93,0.00,0.00,0.00,0,4.00,1,96.32,0,2,3,java.lang.Object,0.00,0,0,4,1,0,2,0,0,34,1
"org.apache.lucene.index.InvertedDocEndConsumer",4,0.00,1.00,5,0.04,304.37,4,0,3,4,6,156.18,0,6,2,1,156.18,0.00,0.00,0.00,0,4.00,1,130.91,0,1,4,java.lang.Object,0.00,0,0,4,1,0,3,0,0,41,1
"org.apache.lucene.index.InvertedDocEndConsumerPerField",2,0.00,1.00,3,0.01,46.83,2,0,0,2,6,112.11,16,4,6,1,160.22,0.00,0.00,0.00,0,2.00,1,31.22,0,0,0,java.lang.Object,0.00,0,0,2,1,0,2,0,1,14,1
"org.apache.lucene.index.InvertedDocEndConsumerPerThread",4,0.00,1.00,5,0.02,107.04,4,0,0,4,8,159.99,16,6,5,1,159.76,0.00,0.00,0.00,0,4.00,1,71.36,0,0,3,java.lang.Object,0.00,0,0,4,1,0,4,0,1,28,1
"org.apache.lucene.index.KeepOnlyLastCommitDeletionPolicy",2,0.00,2.50,10,0.10,2597.29,2,0,1,5,8,77.91,15,11,7,1,120.20,0.00,0.00,0.00,1,2.00,3,289.54,0,0,1,java.lang.Object,0.00,3,0,5,0,3,2,1,6,68,2
"org.apache.lucene.index.LogByteSizeMergePolicy",8,0.24,1.00,22,0.24,3308.52,11,3,1,8,13,121.29,43,32,11,3,139.17,0.50,0.50,0.12,0,14.00,1,707.27,1,0,2,org.apache.lucene.index.LogMergePolicy,0.07,0,2,8,1,0,8,0,10,188,1
"org.apache.lucene.index.LogDocMergePolicy",4,1.00,1.00,12,0.09,1008.38,5,1,1,4,15,86.19,34,18,13,3,134.29,0.50,0.50,0.25,0,0.00,1,260.78,1,0,2,org.apache.lucene.index.LogMergePolicy,0.08,0,2,4,1,0,4,0,7,73,1
"org.apache.lucene.index.LogMergePolicy",28,0.02,3.64,295,4.51,497217.99,42,14,7,65,46,67.72,174,376,41,2,99.94,4.00,0.17,0.09,6,282.00,24,13539.66,0,6,5,org.apache.lucene.index.MergePolicy,0.06,37,1,102,4,37,22,0,78,2372,2
"org.apache.lucene.index.LogMergePolicy$SegmentInfoAndLevel",2,0.33,2.00,10,0.11,2459.20,5,3,7,2,1,120.44,1,18,0,1,120.44,0.00,0.00,0.17,0,2.00,3,336.21,0,0,1,java.lang.Object,0.00,0,0,4,0,0,2,1,1,84,2
"org.apache.lucene.index.LogMergePolicy$SortByIndex",1,0.00,1.00,3,0.03,504.81,1,0,7,1,0,131.92,0,5,0,1,131.92,0.00,0.00,0.00,0,1.00,1,99.83,0,0,0,java.lang.Object,0.00,0,0,1,0,0,1,1,0,28,2
"org.apache.lucene.index.MergeDocIDRemapper",2,1.50,7.00,49,0.85,106672.69,8,6,0,6,2,115.23,40,68,0,1,81.84,0.00,0.00,0.92,0,0.00,9,2538.07,0,0,2,java.lang.Object,0.00,4,0,14,0,4,2,0,22,475,1
"org.apache.lucene.index.MergePolicy",7,1.00,1.00,15,0.17,2295.26,8,1,7,9,23,110.58,91,22,18,1,139.96,0.00,0.00,0.14,0,12.00,1,515.01,0,3,6,java.lang.Object,0.00,2,0,7,8,2,4,1,11,130,2
"org.apache.lucene.index.MergePolicy$MergeAbortedException",2,0.00,1.00,5,0.02,169.05,2,0,7,2,0,144.60,0,8,0,2,144.60,0.00,0.50,0.00,0,2.00,1,72.11,0,0,0,java.io.IOException,0.00,0,1,2,0,0,2,0,0,25,2
"org.apache.lucene.index.MergePolicy$MergeException",3,1.00,1.00,10,0.07,776.22,4,1,7,3,1,134.20,2,14,0,2,134.20,0.00,0.50,0.33,0,4.00,1,198.73,0,1,1,java.lang.RuntimeException,0.00,0,1,3,0,0,2,0,1,56,2
"org.apache.lucene.index.MergePolicy$MergeSpecification",2,0.00,1.50,14,0.17,5385.55,3,1,7,8,1,162.37,3,14,0,1,112.37,0.00,0.00,1.00,0,0.00,2,507.19,0,1,1,java.lang.Object,0.00,6,0,3,0,6,1,0,1,110,2
"org.apache.lucene.index.MergePolicy$OneMerge",11,0.00,2.18,66,0.57,16492.60,23,12,7,23,4,156.67,27,86,0,1,116.78,0.00,0.00,0.08,0,47.00,6,1715.87,0,2,4,java.lang.Object,0.00,12,0,24,0,12,9,0,17,378,2
"org.apache.lucene.index.MergeScheduler",2,0.00,1.00,3,0.03,189.68,2,0,1,2,14,155.67,9,6,13,1,155.43,0.00,0.00,0.00,0,2.00,1,78.19,0,0,2,java.lang.Object,0.00,0,0,2,5,0,2,0,3,25,2
"org.apache.lucene.index.MockIndexInput",5,0.08,1.40,24,0.24,10942.69,8,3,1,6,2,122.16,2,35,1,4,122.16,0.00,0.75,0.40,0,5.00,3,720.19,0,0,1,org.apache.lucene.store.BufferedIndexInput,0.37,1,3,7,0,1,5,0,2,162,1
"org.apache.lucene.index.MockRandomMergePolicy",6,0.60,1.67,33,0.54,27456.34,7,1,5,21,5,165.98,6,52,0,2,115.98,0.00,0.50,0.50,1,6.00,4,1631.03,0,0,5,org.apache.lucene.index.MergePolicy,0.62,15,1,10,0,15,6,0,6,315,1
"org.apache.lucene.index.MultiDocsAndPositionsEnum",10,0.14,1.90,64,0.65,30449.37,17,7,4,17,8,114.39,6,87,4,4,114.39,0.00,0.75,0.27,0,0.00,5,1942.60,0,2,4,org.apache.lucene.index.DocsAndPositionsEnum,1.22,7,3,19,0,7,8,0,2,412,2
"org.apache.lucene.index.MultiDocsAndPositionsEnum$EnumWithSlice",0,0.00,0.00,3,0.02,233.13,2,2,4,0,1,171.00,0,4,0,1,171.00,0.00,0.00,0.00,0,0.00,0,66.61,0,0,1,java.lang.Object,0.00,0,0,0,0,0,0,0,0,18,3
"org.apache.lucene.index.MultiDocsEnum",7,0.21,2.29,58,0.59,29531.98,14,7,3,11,9,108.58,6,75,6,3,108.58,0.00,0.67,0.33,0,2.00,5,1775.75,0,2,3,org.apache.lucene.index.DocsEnum,0.80,4,2,16,0,4,5,0,2,366,2
"org.apache.lucene.index.MultiDocsEnum$EnumWithSlice",0,0.00,0.00,3,0.02,233.13,2,2,3,0,1,171.00,0,4,0,1,171.00,0.00,0.00,0.00,0,0.00,0,66.61,0,0,1,java.lang.Object,0.00,0,0,0,0,0,0,0,0,18,3
"org.apache.lucene.index.MultiFields",8,0.19,3.38,108,1.47,92273.24,11,3,9,46,114,97.42,38,129,104,2,97.18,0.00,0.50,0.17,2,16.00,7,4415.83,0,7,11,org.apache.lucene.index.Fields,0.20,38,1,27,0,38,1,0,14,833,2
"org.apache.lucene.index.MultiFields$MultiReaderBits",3,0.33,2.00,26,0.27,10845.77,6,3,9,7,3,159.13,4,30,0,1,109.13,0.00,0.00,0.56,0,0.00,3,814.57,0,0,3,java.lang.Object,0.00,4,0,6,0,4,3,1,4,179,2
"org.apache.lucene.index.MultiFields$ReaderUtil.Gather",1,0.00,2.00,6,0.10,2844.48,1,0,9,7,2,114.61,0,9,0,1,114.61,0.00,0.00,0.00,0,1.00,2,297.09,0,0,2,java.lang.Object,0.00,6,0,2,0,6,1,0,0,63,0
"org.apache.lucene.index.MultiFields$ReaderUtil.Gather_0",1,0.00,1.00,4,0.04,597.24,1,0,9,3,1,176.68,1,6,0,1,126.68,0.00,0.00,0.00,0,1.00,1,125.93,0,0,1,java.lang.Object,0.00,2,0,1,0,2,1,0,1,33,0
"org.apache.lucene.index.MultiFieldsEnum",3,0.50,4.33,54,0.69,43101.16,8,5,5,19,6,73.23,17,61,1,2,91.10,0.00,0.50,0.53,0,0.00,6,2069.70,0,1,5,org.apache.lucene.index.FieldsEnum,0.67,16,1,13,0,16,2,0,10,395,2
"org.apache.lucene.index.MultiFieldsEnum$FieldMergeQueue",2,0.00,1.00,5,0.06,972.35,2,0,5,3,1,138.61,1,9,0,2,138.61,0.00,0.50,0.00,0,2.00,1,175.20,1,0,1,org.apache.lucene.util.PriorityQueue,0.00,1,1,2,0,1,2,0,1,47,3
"org.apache.lucene.index.MultiFieldsEnum$FieldsEnumWithSlice",1,4.00,1.00,10,0.11,2481.24,5,4,5,1,1,106.97,0,12,0,1,106.97,0.00,0.00,0.00,0,1.00,1,316.68,0,0,1,java.lang.Object,0.00,0,0,1,0,0,1,0,0,72,3
"org.apache.lucene.index.MultiNorms",1,0.00,7.00,28,0.42,41651.91,1,0,5,13,18,127.46,23,33,15,1,80.19,0.00,0.00,0.00,1,1.00,7,1249.89,0,0,3,java.lang.Object,0.00,12,0,7,0,12,1,0,7,216,1
"org.apache.lucene.index.MultiPassIndexSplitter",2,0.00,12.50,99,1.46,143060.45,2,0,11,34,12,78.27,34,109,2,1,69.14,0.00,0.00,0.00,0,2.00,15,4387.22,0,0,10,java.lang.Object,0.00,32,0,25,0,32,2,0,11,697,1
"org.apache.lucene.index.MultiPassIndexSplitter$FakeDeleteIndexReader",6,0.20,1.67,28,0.31,8516.72,8,2,11,16,7,123.60,4,40,0,3,123.60,0.00,0.67,0.67,0,0.00,4,932.74,0,1,7,org.apache.lucene.index.FilterIndexReader,0.12,10,2,10,0,10,5,0,1,208,2
"org.apache.lucene.index.MultiReader",35,0.00,1.80,204,2.18,106110.26,42,7,10,62,29,157.26,92,263,16,2,117.37,0.00,0.50,0.14,2,340.00,11,6541.17,3,9,13,org.apache.lucene.index.IndexReader,0.30,27,1,63,0,27,26,1,41,1380,1
"org.apache.lucene.index.MultiTerms",4,0.00,3.00,43,0.52,27496.80,7,3,6,16,6,143.11,8,52,1,2,103.23,0.00,0.50,0.33,0,6.00,4,1564.41,0,1,5,org.apache.lucene.index.Terms,0.38,12,1,12,0,12,3,0,3,306,2
"org.apache.lucene.index.MultiTermsEnum",16,0.14,3.56,237,2.76,212884.44,28,12,8,48,13,116.09,51,276,2,2,95.48,0.00,0.50,0.22,2,0.00,11,8266.15,0,5,11,org.apache.lucene.index.TermsEnum,0.47,32,1,57,0,32,11,0,45,1525,2
"org.apache.lucene.index.MultiTermsEnum$TermMergeQueue",2,1.00,1.50,10,0.12,3423.52,3,1,8,3,2,119.37,0,15,0,2,119.37,0.00,0.50,0.50,0,2.00,2,351.51,1,0,2,org.apache.lucene.util.PriorityQueue,0.00,1,1,3,0,1,2,0,0,81,3
"org.apache.lucene.index.MultiTermsEnum$TermsEnumIndex",1,3.00,1.00,7,0.06,1042.35,4,3,8,1,1,115.71,0,9,0,1,115.71,0.00,0.00,0.00,0,1.00,1,183.70,0,0,1,java.lang.Object,0.00,0,0,1,0,0,1,0,0,48,2
"org.apache.lucene.index.MultiTermsEnum$TermsEnumWithSlice",2,0.33,1.00,10,0.09,1597.18,5,3,8,2,2,122.07,0,13,0,1,122.07,0.00,0.00,0.17,0,2.00,1,280.93,0,0,2,java.lang.Object,0.00,0,0,2,0,0,2,0,0,70,3
"org.apache.lucene.index.NoDeletionPolicy",3,1.00,1.67,5,0.06,993.49,4,1,2,4,4,190.92,7,7,3,1,151.04,0.00,0.00,0.00,0,3.00,2,181.21,0,0,1,java.lang.Object,0.00,1,0,5,0,1,3,1,3,50,2
"org.apache.lucene.index.NoMergePolicy",8,0.33,1.00,18,0.19,2952.48,11,3,2,9,11,179.44,18,28,6,2,139.56,0.00,0.50,0.04,0,14.00,1,570.83,0,4,5,org.apache.lucene.index.MergePolicy,0.13,1,1,8,0,1,4,0,4,148,2
"org.apache.lucene.index.NoMergeScheduler",3,1.00,1.00,5,0.05,760.11,4,1,1,4,6,152.31,12,9,3,2,152.07,0.00,0.50,0.00,0,3.00,1,143.67,0,0,3,org.apache.lucene.index.MergeScheduler,0.40,1,1,3,0,1,3,0,3,43,2
"org.apache.lucene.index.NormsWriter",5,1.00,4.40,90,1.48,219475.26,6,1,8,26,13,107.89,18,93,2,2,87.28,0.00,0.50,0.20,0,8.00,18,4447.72,0,1,12,org.apache.lucene.index.InvertedDocEndConsumer,0.22,21,1,22,0,21,4,0,14,681,1
"org.apache.lucene.index.NormsWriterPerField",5,0.31,1.60,35,0.43,14402.85,13,8,2,11,9,162.13,6,46,3,2,112.13,0.00,0.50,0.38,0,0.00,4,1282.05,0,0,7,org.apache.lucene.index.InvertedDocEndConsumerPerField,0.57,6,1,8,0,6,5,1,3,273,1
"org.apache.lucene.index.NormsWriterPerThread",6,0.50,1.00,13,0.10,1069.93,8,2,0,7,7,181.93,16,21,2,2,142.04,0.00,0.50,0.08,0,10.00,1,294.55,0,1,7,org.apache.lucene.index.InvertedDocEndConsumerPerThread,0.60,1,1,6,0,1,5,0,1,86,1
"org.apache.lucene.index.OrdTermState",1,0.00,1.00,5,0.07,1451.76,2,1,0,3,8,159.33,21,8,7,2,120.03,4.00,0.17,1.00,0,0.00,1,195.41,0,0,1,org.apache.lucene.index.TermState,0.67,2,1,1,4,2,1,0,2,47,1
"org.apache.lucene.index.ParallelArrayTermVectorMapper",3,0.69,3.00,33,0.36,9358.23,11,8,7,5,12,154.39,4,48,2,2,104.39,0.00,0.50,0.58,0,0.00,3,1088.26,0,1,10,org.apache.lucene.index.TermVectorMapper,0.00,2,1,9,0,2,2,0,1,233,0
"org.apache.lucene.index.ParallelPostingsArray",5,0.15,1.00,24,0.22,3992.20,10,5,2,8,10,125.69,0,30,8,1,125.69,0.00,0.00,0.32,2,13.00,1,666.66,0,2,2,java.lang.Object,0.00,3,0,5,2,3,3,0,0,167,0
"org.apache.lucene.index.ParallelReader",35,0.00,2.46,248,3.16,154063.55,47,12,10,110,24,150.46,90,344,9,2,110.58,0.00,0.50,0.08,2,565.00,11,9476.93,3,9,15,org.apache.lucene.index.IndexReader,0.28,75,1,86,0,75,26,0,34,1858,1
"org.apache.lucene.index.ParallelReader$ParallelFields",3,0.50,1.00,8,0.11,1828.60,4,1,10,9,5,137.84,0,15,0,2,137.84,0.00,0.50,0.67,0,1.00,1,333.94,0,1,5,org.apache.lucene.index.Fields,0.40,6,1,3,0,6,2,0,0,83,1
"org.apache.lucene.index.ParallelReader$ParallelFieldsEnum",3,0.50,1.67,21,0.18,4455.70,6,3,10,8,5,114.38,0,29,0,2,114.38,0.00,0.50,0.67,0,0.00,2,534.14,0,1,5,org.apache.lucene.index.FieldsEnum,0.67,5,1,5,0,5,2,0,0,124,1
"org.apache.lucene.index.Payload",14,0.13,1.71,58,0.67,25889.69,17,3,2,20,45,104.82,74,88,43,1,122.69,0.00,0.00,0.21,2,38.00,6,2005.13,1,1,2,java.lang.Object,0.00,6,0,24,0,6,13,1,22,455,1
"org.apache.lucene.index.PayloadProcessorProvider",1,0.00,1.00,4,0.03,210.55,1,0,3,1,5,118.18,38,5,3,1,130.25,0.00,0.00,0.00,0,1.00,1,84.22,0,1,2,java.lang.Object,0.00,0,0,1,1,0,0,0,4,27,2
"org.apache.lucene.index.PayloadProcessorProvider$DirPayloadProcessor",1,0.00,1.00,2,0.02,146.32,1,0,3,1,1,192.72,1,3,0,1,142.72,0.00,0.00,0.00,0,1.00,1,58.53,0,0,1,java.lang.Object,0.00,0,0,1,0,0,1,0,1,18,3
"org.apache.lucene.index.PayloadProcessorProvider$PayloadProcessor",1,0.00,1.00,2,0.02,121.82,1,0,3,1,1,193.35,1,3,0,1,143.35,0.00,0.00,0.00,0,1.00,1,48.73,0,0,1,java.lang.Object,0.00,0,0,1,0,0,1,0,1,16,3
"org.apache.lucene.index.PerFieldCodecWrapper",2,1.00,1.00,9,0.07,808.77,3,1,12,3,9,128.25,9,13,1,2,128.01,0.00,0.50,0.00,0,2.00,1,213.59,0,1,9,org.apache.lucene.index.codecs.Codec,0.00,1,1,2,0,1,1,0,1,57,1
"org.apache.lucene.index.PerFieldCodecWrapper$FieldsReader",8,0.21,2.62,53,0.80,33403.86,10,2,12,30,10,163.24,9,85,0,3,113.24,0.00,0.67,0.31,0,14.00,7,2408.39,0,3,10,org.apache.lucene.index.codecs.FieldsProducer,0.75,22,2,21,0,22,5,0,9,471,1
"org.apache.lucene.index.PerFieldCodecWrapper$FieldsReader$FieldsIterator",3,0.25,1.67,17,0.14,3434.19,5,2,12,6,3,120.72,0,26,0,2,120.72,0.00,0.50,0.67,0,0.00,2,433.20,0,1,3,org.apache.lucene.index.FieldsEnum,0.67,3,1,5,0,3,2,0,0,105,2
"org.apache.lucene.index.PerFieldCodecWrapper$FieldsWriter",3,0.00,2.67,23,0.28,11396.60,4,1,12,12,5,111.06,2,32,0,2,111.06,0.00,0.50,1.00,0,0.00,5,841.39,0,1,5,org.apache.lucene.index.codecs.FieldsConsumer,0.33,9,1,8,0,9,2,0,2,178,1
"org.apache.lucene.index.PersistentSnapshotDeletionPolicy",7,0.08,2.43,54,0.82,33981.94,9,2,14,34,14,61.77,72,76,1,2,110.24,0.00,0.50,0.43,1,8.00,5,2453.40,5,1,13,org.apache.lucene.index.SnapshotDeletionPolicy,0.00,27,1,17,0,27,6,0,22,468,1
"org.apache.lucene.index.PositionBasedTermVectorMapper",6,0.00,1.83,34,0.41,14595.64,10,4,5,14,4,85.90,39,48,1,2,118.12,0.00,0.50,0.25,0,10.00,4,1227.54,0,1,3,org.apache.lucene.index.TermVectorMapper,0.15,8,1,11,0,8,5,0,9,258,1
"org.apache.lucene.index.PositionBasedTermVectorMapper$TVPositionInfo",5,0.17,1.40,19,0.16,2309.29,8,3,5,7,2,172.03,12,28,0,1,132.14,0.00,0.00,0.47,0,0.00,2,466.23,0,2,2,java.lang.Object,0.00,2,0,7,0,2,3,0,3,118,2
"org.apache.lucene.index.RandomIndexWriter",14,0.08,1.57,58,0.74,15594.21,19,5,10,40,105,174.44,15,81,93,1,124.44,0.00,0.00,0.27,0,0.00,5,2234.36,0,0,12,java.lang.Object,0.00,26,0,22,0,26,14,1,11,484,1
"org.apache.lucene.index.RandomIndexWriter$MockIndexWriter",2,1.00,1.50,8,0.09,1373.19,3,1,10,5,3,176.11,3,13,0,2,126.11,0.00,0.50,0.50,0,2.00,2,283.99,0,0,3,org.apache.lucene.index.IndexWriter,0.00,3,1,3,0,3,2,0,3,69,3
"org.apache.lucene.index.RepeatingTokenStream",2,0.33,1.50,14,0.10,1529.45,5,3,12,4,8,116.68,0,19,1,3,116.68,0.00,0.67,0.50,0,2.00,2,306.36,0,0,7,org.apache.lucene.analysis.TokenStream,0.30,2,2,3,0,2,2,0,0,74,0
"org.apache.lucene.index.ReusableStringReader",4,0.00,1.50,26,0.24,11942.70,7,3,1,6,1,164.51,4,34,1,2,114.51,0.00,0.50,0.33,1,4.00,3,717.89,0,0,0,java.io.Reader,0.00,2,1,6,0,2,4,0,2,162,1
"org.apache.lucene.index.SegmentCodecs",7,0.06,1.86,52,0.66,22630.30,10,3,11,28,18,111.93,34,59,11,1,111.70,0.00,0.00,0.38,0,4.00,4,1971.57,0,3,9,java.lang.Object,0.00,21,0,13,0,21,4,1,2,396,1
"org.apache.lucene.index.SegmentInfo",45,0.10,2.27,355,4.01,265830.67,67,22,15,84,63,130.20,145,447,56,1,109.59,0.00,0.00,0.14,6,789.00,13,12031.64,0,10,10,java.lang.Object,0.00,39,0,102,0,39,35,0,66,2282,2
"org.apache.lucene.index.SegmentInfos",45,0.01,1.71,239,2.50,79711.07,58,13,18,98,43,119.46,217,338,34,2,119.22,0.00,0.50,0.06,10,982.00,6,7501.45,2,11,11,java.util.Vector,0.00,53,1,77,0,53,34,0,79,1588,2
"org.apache.lucene.index.SegmentInfos$FindSegmentsFile",1,0.00,1.00,4,0.03,396.88,1,0,18,2,1,128.08,0,6,0,1,128.08,0.00,0.00,0.00,0,0.00,1,103.35,0,1,1,java.lang.Object,0.00,1,0,1,0,1,0,0,0,27,0
"org.apache.lucene.index.SegmentInfos$FindSegmentsFile_0",4,1.00,9.75,101,1.44,183205.77,5,1,18,20,7,61.48,56,145,0,1,81.63,0.00,0.00,0.25,2,6.00,36,4331.73,0,3,7,java.lang.Object,0.00,16,0,39,0,16,1,0,48,649,3
"org.apache.lucene.index.SegmentMerger",19,0.11,4.00,354,4.95,402699.28,37,18,18,96,34,90.02,92,413,4,1,89.79,0.00,0.00,0.16,7,69.00,10,14864.14,0,3,30,java.lang.Object,0.00,77,0,76,0,77,16,0,68,2488,1
"org.apache.lucene.index.SegmentMerger$MergeState.CheckAbort",1,0.00,1.00,2,0.02,180.97,1,0,18,1,0,191.99,1,4,0,1,141.99,0.00,0.00,0.00,0,1.00,1,63.97,0,0,0,java.lang.Object,0.00,0,0,1,0,0,1,0,1,20,0
"org.apache.lucene.index.SegmentReadState",2,6.00,1.00,16,0.16,2200.66,8,6,1,2,19,113.60,8,25,16,1,113.36,0.00,0.00,0.00,0,2.00,1,476.15,0,0,3,java.lang.Object,0.00,0,0,2,0,0,2,0,6,114,1
"org.apache.lucene.index.SegmentReader",56,0.04,2.25,403,5.18,307741.07,76,20,20,130,49,149.72,133,567,26,2,109.84,0.00,0.50,0.08,13,1032.00,14,15528.05,1,13,23,org.apache.lucene.index.IndexReader,0.28,74,1,126,0,74,43,1,88,2968,1
"org.apache.lucene.index.SegmentReader$CoreReaders",7,0.22,3.43,85,1.05,51855.70,20,13,20,33,12,139.87,17,114,0,1,99.99,0.00,0.00,0.26,1,0.00,8,3159.10,0,1,12,java.lang.Object,0.00,26,0,24,0,26,6,0,17,583,2
"org.apache.lucene.index.SegmentReader$FieldsReaderLocal",1,0.00,1.00,3,0.03,413.69,1,0,20,2,2,132.60,0,6,0,2,132.60,0.00,0.50,0.00,0,0.00,1,98.84,0,0,2,org.apache.lucene.util.CloseableThreadLocal,0.40,1,1,1,0,1,1,0,0,28,1
"org.apache.lucene.index.SegmentReader$Norm",9,0.24,2.56,109,1.15,64449.56,18,9,20,28,3,120.79,34,141,0,1,100.17,0.00,0.00,0.32,2,0.00,4,3462.55,1,2,3,java.lang.Object,0.00,19,0,23,0,19,7,1,34,682,1
"org.apache.lucene.index.SegmentTermPositionVector",3,0.00,2.33,20,0.24,7361.45,6,3,1,3,5,65.09,28,30,1,2,115.08,0.00,0.50,0.33,0,5.00,3,706.08,0,0,4,org.apache.lucene.index.SegmentTermVector,0.00,0,1,7,0,0,3,1,3,160,0
"org.apache.lucene.index.SegmentTermVector",8,0.00,1.88,41,0.40,15272.17,11,3,2,13,5,168.95,9,49,3,1,118.95,0.00,0.00,0.33,0,12.00,4,1212.39,0,3,2,java.lang.Object,0.00,5,0,15,1,5,5,1,6,274,0
"org.apache.lucene.index.SegmentWriteState",2,0.54,1.00,34,0.33,5249.17,15,13,3,2,45,68.80,26,37,40,1,98.18,0.00,0.00,0.35,0,2.00,1,994.97,0,0,5,java.lang.Object,0.00,0,0,2,0,0,2,0,12,215,1
"org.apache.lucene.index.SerialMergeScheduler",2,0.00,2.00,7,0.08,2050.42,2,0,1,4,16,169.22,5,14,13,2,129.33,1.00,0.33,0.00,0,2.00,3,228.37,0,0,3,org.apache.lucene.index.MergeScheduler,0.50,2,1,4,1,2,2,0,2,55,1
"org.apache.lucene.index.SlowMultiReaderWrapper",7,0.25,1.43,27,0.31,8378.60,9,2,7,16,22,149.50,24,46,12,3,128.88,0.00,0.67,0.29,0,9.00,4,922.60,1,1,10,org.apache.lucene.index.FilterIndexReader,0.10,9,2,10,0,9,6,0,4,213,2
"org.apache.lucene.index.SnapshotDeletionPolicy",12,0.02,2.83,84,1.13,47019.45,16,4,10,37,9,60.94,115,113,6,1,110.94,0.00,0.00,0.27,4,30.00,10,3387.35,0,2,3,java.lang.Object,0.00,25,0,34,1,25,10,1,21,689,1
"org.apache.lucene.index.SnapshotDeletionPolicy$SnapshotCommitPoint",12,0.18,1.08,28,0.24,3894.96,13,1,10,21,3,139.98,6,53,0,2,139.98,0.00,0.50,0.83,2,0.00,2,734.47,0,5,3,org.apache.lucene.index.IndexCommit,0.72,9,1,13,0,9,7,0,3,202,1
"org.apache.lucene.index.SnapshotDeletionPolicy$SnapshotInfo",2,0.00,1.00,10,0.07,1118.76,5,3,10,2,1,123.29,0,14,0,1,123.29,0.00,0.00,0.33,0,2.00,1,221.39,0,1,1,java.lang.Object,0.00,0,0,2,0,0,1,0,0,61,2
"org.apache.lucene.index.SortedTermVectorMapper",5,0.10,2.80,42,0.73,60900.15,10,5,2,18,6,72.68,34,66,2,2,104.90,0.00,0.50,0.28,0,2.00,10,2177.08,0,1,4,org.apache.lucene.index.TermVectorMapper,0.00,13,1,14,0,13,4,0,9,412,1
"org.apache.lucene.index.StaleReaderException",1,0.00,1.00,3,0.02,106.02,1,0,1,1,3,88.78,10,5,3,2,137.25,0.00,0.50,0.00,0,1.00,1,45.51,0,0,0,java.io.IOException,0.00,0,1,1,0,0,1,0,1,16,1
"org.apache.lucene.index.StoredFieldsWriter",9,0.16,1.89,62,0.70,20652.07,16,7,4,26,10,115.36,8,80,2,1,115.36,0.00,0.00,0.29,3,14.00,4,2106.41,0,2,9,java.lang.Object,0.00,17,0,17,0,17,7,0,8,445,1
"org.apache.lucene.index.StoredFieldsWriter$PerDoc",4,0.00,1.00,15,0.12,1471.44,7,3,4,10,1,133.00,0,23,0,2,133.00,0.00,0.50,0.33,1,4.00,1,349.72,0,0,1,DocumentsWriter.DocWriter,0.00,6,1,4,0,6,4,0,0,92,0
"org.apache.lucene.index.StoredFieldsWriterPerThread",5,0.25,1.60,32,0.33,8457.92,9,4,3,14,6,166.44,5,43,2,1,116.44,0.00,0.00,0.45,0,0.00,2,990.05,0,1,5,java.lang.Object,0.00,9,0,8,0,9,4,0,5,220,1
"org.apache.lucene.index.Term",17,0.04,1.88,56,0.71,24177.71,20,3,3,30,333,128.46,76,87,331,1,128.23,0.00,0.00,0.37,0,0.00,10,2125.37,0,6,2,java.lang.Object,0.00,13,0,32,0,13,11,1,19,504,2
"org.apache.lucene.index.TermFreqVector",6,0.00,1.00,7,0.04,253.51,6,0,1,6,36,110.09,51,8,35,1,158.20,0.00,0.00,0.00,0,6.00,1,125.08,0,2,1,,0.00,0,0,6,0,0,4,0,8,46,1
"org.apache.lucene.index.TermPositionVector",2,0.00,1.00,3,0.02,138.91,2,0,0,2,17,165.63,34,4,16,2,156.50,0.00,0.50,0.00,0,2.00,1,61.97,0,0,1,,0.00,0,1,2,0,0,2,0,4,22,1
"org.apache.lucene.index.TermState",2,0.00,1.50,6,0.05,981.75,2,0,0,3,33,121.56,31,11,33,1,131.92,0.00,0.00,0.00,0,2.00,2,156.24,1,1,0,java.lang.Object,0.00,1,0,3,5,1,1,1,4,42,2
"org.apache.lucene.index.TermVectorAccessor",3,0.00,4.67,63,0.89,63575.98,7,4,6,29,12,43.13,34,72,1,1,87.26,0.00,0.00,0.25,1,5.00,11,2682.48,0,0,11,java.lang.Object,0.00,26,0,14,0,26,3,0,7,454,1
"org.apache.lucene.index.TermVectorAccessor$TermVectorMapperDecorator",5,0.12,1.00,14,0.15,2373.45,7,2,6,10,3,138.69,0,25,0,2,138.69,0.00,0.50,0.60,0,0.00,1,462.46,0,0,3,org.apache.lucene.index.TermVectorMapper,0.50,5,1,5,0,5,5,0,0,119,2
"org.apache.lucene.index.TermVectorEntry",13,0.05,1.38,39,0.37,9571.02,18,5,1,16,9,180.55,19,60,7,1,130.55,0.00,0.00,0.15,0,69.00,5,1107.97,0,3,2,java.lang.Object,0.00,3,0,18,0,3,10,0,3,277,1
"org.apache.lucene.index.TermVectorEntryFreqSortedComparator",1,0.00,3.00,9,0.11,4356.12,1,0,1,5,4,88.62,5,15,3,1,106.49,0.00,0.00,0.00,0,1.00,3,331.60,0,0,1,java.lang.Object,0.00,4,0,3,0,4,1,1,1,78,1
"org.apache.lucene.index.TermVectorMapper",7,0.42,1.00,14,0.10,1089.32,9,2,1,7,22,92.51,67,22,20,1,142.51,0.00,0.00,0.14,0,17.00,1,307.39,0,0,2,java.lang.Object,0.00,0,0,7,8,0,7,0,8,92,2
"org.apache.lucene.index.TermVectorOffsetInfo",8,0.10,1.50,28,0.24,6824.10,11,3,0,8,32,130.26,38,39,32,1,130.03,0.00,0.00,0.25,0,12.00,5,710.91,0,0,0,java.lang.Object,0.00,0,0,12,0,0,8,0,6,179,1
"org.apache.lucene.index.TermVectorsReader",21,0.06,2.95,268,3.18,218858.03,35,14,7,51,23,99.09,93,292,8,1,98.85,0.00,0.00,0.13,8,73.00,12,9540.93,1,7,15,java.lang.Object,0.00,30,0,62,0,30,14,1,67,1787,0
"org.apache.lucene.index.TermVectorsTermsWriter",9,0.31,2.78,109,1.50,65849.11,18,9,8,33,15,150.08,11,134,3,2,100.08,0.00,0.50,0.38,3,14.00,5,4510.53,0,0,14,org.apache.lucene.index.TermsHashConsumer,0.31,24,1,25,0,24,9,0,10,841,1
"org.apache.lucene.index.TermVectorsTermsWriter$PerDoc",5,0.15,1.40,25,0.24,5203.90,10,5,8,13,2,121.09,0,36,0,2,121.09,0.00,0.50,0.32,1,6.00,3,707.08,0,0,2,DocumentsWriter.DocWriter,0.00,8,1,7,0,8,5,0,0,169,0
"org.apache.lucene.index.TermVectorsTermsWriterPerField",11,0.21,2.82,137,1.85,128498.21,22,11,7,38,15,138.36,22,169,2,2,98.48,0.00,0.50,0.28,0,0.00,11,5564.72,0,1,15,org.apache.lucene.index.TermsHashConsumerPerField,0.63,27,1,31,0,27,10,0,19,984,1
"org.apache.lucene.index.TermVectorsTermsWriterPerField$TermVectorsPostingsArray",4,0.22,1.00,20,0.21,4831.85,7,3,7,6,2,120.66,3,28,0,2,120.66,0.00,0.50,0.50,0,4.00,1,633.94,2,1,2,org.apache.lucene.index.ParallelPostingsArray,0.44,2,1,4,0,2,3,0,3,153,2
"org.apache.lucene.index.TermVectorsTermsWriterPerThread",7,0.00,1.43,34,0.31,6275.32,14,7,1,13,9,125.21,3,55,2,2,125.21,0.00,0.50,0.14,1,17.00,2,928.07,0,1,9,org.apache.lucene.index.TermsHashConsumerPerThread,0.55,6,1,10,0,6,6,0,3,221,1
"org.apache.lucene.index.TermVectorsWriter",4,0.75,7.25,120,1.80,226256.38,8,4,5,29,11,45.80,24,136,1,1,78.02,0.00,0.00,0.81,0,0.00,16,5403.07,0,0,10,java.lang.Object,0.00,25,0,29,0,25,4,0,14,912,1
"org.apache.lucene.index.Terms",12,0.45,1.42,48,0.54,13144.51,14,2,5,22,106,124.76,59,63,99,1,124.53,0.00,0.00,0.08,1,28.00,2,1615.95,0,1,7,java.lang.Object,0.00,10,0,17,6,10,11,0,14,369,2
"org.apache.lucene.index.TermsEnum",14,1.00,1.07,24,0.22,2921.78,15,1,5,17,159,104.61,113,29,153,1,152.72,0.00,0.00,0.07,1,26.00,2,650.07,0,10,6,java.lang.Object,0.00,3,0,15,22,3,4,0,17,185,2
"org.apache.lucene.index.TermsEnum$SeekStatus",0,0.00,0.00,2,0.01,71.32,0,0,5,0,0,171.00,0,1,0,1,171.00,0.00,0.00,0.00,0,0.00,0,28.53,0,0,0,java.lang.Object,0.00,0,0,0,0,0,0,0,0,9,2
"org.apache.lucene.index.TermsEnum$TermState",1,0.00,1.00,2,0.01,88.08,1,0,5,1,1,144.46,0,4,0,1,144.46,0.00,0.00,0.00,0,1.00,1,39.70,0,0,1,java.lang.Object,0.00,0,0,1,0,0,1,0,0,14,0
"org.apache.lucene.index.TermsEnum$TermsEnum",13,0.00,1.00,27,0.25,3379.71,13,0,5,14,6,140.75,1,49,0,1,140.75,0.00,0.00,0.00,0,13.00,1,757.77,1,9,6,java.lang.Object,0.00,1,0,13,0,1,4,0,1,204,0
"org.apache.lucene.index.TermsHash",7,0.00,2.14,42,0.68,38778.97,11,4,6,23,14,162.32,8,66,3,2,112.32,0.00,0.50,0.25,0,0.00,8,2036.37,0,0,12,org.apache.lucene.index.InvertedDocConsumer,0.33,16,1,15,0,16,7,0,1,401,1
"org.apache.lucene.index.TermsHashConsumer",4,1.00,1.00,7,0.06,503.15,5,1,3,4,8,154.47,0,9,4,1,154.47,0.00,0.00,0.00,0,4.00,1,171.24,0,1,4,java.lang.Object,0.00,0,0,4,2,0,3,0,0,51,1
"org.apache.lucene.index.TermsHashConsumerPerField",8,0.00,1.00,9,0.07,388.64,8,0,2,8,10,157.72,0,10,8,1,157.72,0.00,0.00,0.00,0,8.00,1,198.29,0,1,2,java.lang.Object,0.00,0,0,8,2,0,7,0,0,67,1
"org.apache.lucene.index.TermsHashConsumerPerThread",4,0.00,1.00,5,0.03,220.08,4,0,1,4,10,157.29,0,6,7,1,157.29,0.00,0.00,0.00,0,4.00,1,104.91,0,2,3,java.lang.Object,0.00,0,0,4,2,0,2,0,0,36,1
"org.apache.lucene.index.TermsHashPerField",14,0.17,2.50,152,2.16,116013.12,35,21,10,45,24,152.63,25,189,10,2,102.63,0.00,0.50,0.20,2,0.00,8,6490.31,0,0,15,org.apache.lucene.index.InvertedDocConsumerPerField,0.32,31,1,35,0,31,14,0,25,1183,1
"org.apache.lucene.index.TermsHashPerField$PostingsBytesStartArray",5,0.25,1.40,24,0.30,9500.16,7,2,10,10,2,122.64,0,38,0,2,122.64,0.00,0.50,0.70,0,0.00,2,899.25,0,1,2,org.apache.lucene.util.BytesRefHash.BytesStartArray,0.00,5,1,7,0,5,4,0,0,207,3
"org.apache.lucene.index.TermsHashPerThread",6,0.27,1.83,43,0.48,15229.63,15,9,3,19,17,162.53,8,60,8,2,112.53,0.00,0.50,0.33,1,0.00,3,1427.58,0,1,11,org.apache.lucene.index.InvertedDocConsumerPerThread,0.60,13,1,11,0,13,5,0,8,309,1
"org.apache.lucene.index.Test2BTerms",0,0.00,0.00,4,0.05,1016.85,2,2,8,1,2,171.00,12,4,0,2,171.00,0.00,0.50,0.00,0,0.00,0,151.27,0,0,2,org.apache.lucene.util.LuceneTestCase,0.00,1,1,0,0,1,0,0,12,35,1
"org.apache.lucene.index.Test2BTerms$MyTokenStream",4,0.11,2.00,50,0.85,37946.81,7,3,8,40,12,99.27,2,67,0,3,99.27,0.00,0.67,0.25,0,6.00,4,2541.52,0,0,12,org.apache.lucene.analysis.TokenStream,0.50,36,2,8,0,36,4,0,2,421,3
"org.apache.lucene.index.Test2BTerms$MyTokenStream$MyAttributeFactory",2,1.00,2.50,8,0.11,3033.18,3,1,8,6,3,123.28,0,14,0,2,123.28,0.00,0.50,0.50,0,2.00,4,324.41,0,1,3,org.apache.lucene.util.AttributeFactory,0.00,4,1,5,0,4,1,0,0,75,3
"org.apache.lucene.index.Test2BTerms$MyTokenStream$MyTermAttributeImpl",6,0.00,1.00,14,0.13,2073.04,6,0,8,8,3,139.78,0,26,0,2,139.78,0.00,0.50,0.00,0,10.00,1,387.92,0,1,3,org.apache.lucene.util.AttributeImpl,0.36,2,1,6,0,2,5,1,0,108,3
"org.apache.lucene.index.TestAddIndexes",25,0.00,1.96,470,7.17,294352.01,25,0,22,98,24,112.58,80,575,0,2,91.96,0.00,0.50,0.00,7,25.00,4,21503.51,0,1,24,org.apache.lucene.util.LuceneTestCase,0.00,73,1,49,0,73,24,0,80,3780,1
"org.apache.lucene.index.TestAddIndexes$CommitAndAddIndexes",3,0.00,4.33,30,0.39,16877.31,3,0,22,12,1,103.83,0,48,0,2,103.83,0.00,0.50,0.00,0,3.00,11,1168.66,0,0,1,org.apache.lucene.index.RunAddIndexesThreads,0.00,9,1,13,0,9,3,0,0,227,1
"org.apache.lucene.index.TestAddIndexes$CommitAndAddIndexes2",2,0.00,1.50,8,0.08,1521.88,2,0,22,4,0,125.76,0,14,0,2,125.76,0.00,0.50,0.00,0,2.00,2,238.21,0,0,0,org.apache.lucene.index.CommitAndAddIndexes,0.00,2,1,3,0,2,2,0,0,59,1
"org.apache.lucene.index.TestAddIndexes$CommitAndAddIndexes3",3,0.00,5.67,37,0.50,21886.10,3,0,22,12,2,99.92,0,58,0,2,99.92,0.00,0.50,0.00,0,3.00,11,1511.53,0,0,2,org.apache.lucene.index.RunAddIndexesThreads,0.00,9,1,17,0,9,3,0,0,289,1
"org.apache.lucene.index.TestAddIndexes$MockCodecProvider",1,0.00,1.00,10,0.08,1565.64,1,0,22,4,4,108.54,0,12,0,2,108.54,0.00,0.50,0.00,0,1.00,1,236.30,2,0,4,org.apache.lucene.index.codecs.CodecProvider,0.00,3,1,1,0,3,1,0,0,58,2
"org.apache.lucene.index.TestAddIndexes$RunAddIndexesThreads",7,0.03,2.00,59,0.56,16558.95,17,10,22,19,7,110.58,0,50,0,1,110.58,0.00,0.00,0.13,0,19.00,4,1674.48,0,0,7,java.lang.Object,0.00,12,0,14,0,12,7,0,0,343,2
"org.apache.lucene.index.TestAddIndexes$RunAddIndexesThreads$Thread",1,0.00,5.00,14,0.15,7555.83,1,0,22,3,1,147.34,1,17,0,1,97.34,0.00,0.00,0.00,0,0.00,5,439.08,0,0,1,java.lang.Object,0.00,2,0,5,0,2,1,0,1,85,0
"org.apache.lucene.index.TestAtomicUpdate",2,0.00,2.50,57,0.85,45601.75,2,0,7,33,10,40.20,14,61,0,2,82.49,0.00,0.50,0.00,1,2.00,4,2535.56,0,0,10,org.apache.lucene.util.LuceneTestCase,0.00,31,1,5,0,31,2,0,8,421,1
"org.apache.lucene.index.TestAtomicUpdate$IndexerThread",2,1.00,1.50,14,0.21,6899.25,3,1,7,9,5,111.52,1,16,0,2,111.52,0.00,0.50,0.50,0,2.00,2,643.98,0,0,5,org.apache.lucene.index.TimedThread,0.00,7,1,3,0,7,2,0,1,129,2
"org.apache.lucene.index.TestAtomicUpdate$MockIndexWriter",2,1.00,1.50,7,0.07,817.19,3,1,7,4,3,132.55,1,12,0,2,132.55,0.00,0.50,0.50,0,2.00,2,211.12,0,0,3,org.apache.lucene.index.IndexWriter,0.00,2,1,3,0,2,2,0,1,54,3
"org.apache.lucene.index.TestAtomicUpdate$SearcherThread",2,1.00,1.00,9,0.09,1239.47,3,1,7,6,2,126.55,0,13,0,2,126.55,0.00,0.50,0.50,0,2.00,1,257.15,0,0,2,org.apache.lucene.index.TimedThread,0.00,4,1,2,0,4,2,0,0,64,2
"org.apache.lucene.index.TestAtomicUpdate$TimedThread",4,0.08,2.00,23,0.29,9000.37,8,4,7,9,0,118.37,0,31,0,2,118.37,0.00,0.50,0.31,2,4.00,3,855.98,0,0,0,org.apache.lucene.index.Thread,0.00,5,1,8,0,5,4,0,0,178,3
"org.apache.lucene.index.TestBackwardsCompatibility",20,0.34,2.80,420,7.25,377010.06,22,2,26,125,31,88.01,81,468,0,2,87.77,0.00,0.50,0.18,7,86.00,8,21758.34,0,2,31,org.apache.lucene.util.LuceneTestCase,0.00,105,1,56,0,105,18,0,57,3586,1
"org.apache.lucene.index.TestByteSlices",1,0.00,14.00,56,0.83,93253.71,1,0,3,15,4,116.05,1,53,0,2,66.05,0.00,0.50,0.00,0,1.00,14,2497.63,0,0,4,org.apache.lucene.util.LuceneTestCase,0.00,14,1,14,0,14,1,0,1,407,1
"org.apache.lucene.index.TestCheckIndex",2,0.00,2.50,54,0.98,46422.49,2,0,11,35,8,83.02,1,59,0,2,83.02,0.00,0.50,0.00,0,2.00,4,2938.97,0,0,8,org.apache.lucene.util.LuceneTestCase,0.00,33,1,5,0,33,2,0,1,461,1
"org.apache.lucene.index.TestCodecs",6,0.08,4.33,188,2.97,177626.69,14,8,25,74,32,80.06,28,190,1,2,79.82,0.00,0.50,0.19,3,10.00,10,8917.94,0,2,31,org.apache.lucene.util.LuceneTestCase,0.00,68,1,26,0,68,4,0,28,1472,1
"org.apache.lucene.index.TestCodecs$FieldData",3,0.12,1.67,29,0.31,8576.72,7,4,25,10,4,108.07,0,30,0,1,108.07,0.00,0.00,0.33,0,0.00,2,924.60,0,0,4,java.lang.Object,0.00,7,0,5,0,7,3,1,0,197,0
"org.apache.lucene.index.TestCodecs$MockSepCodecs",1,0.00,1.00,4,0.03,274.98,1,0,25,2,2,129.33,0,6,0,2,129.33,0.00,0.50,0.00,0,1.00,1,84.18,2,0,2,org.apache.lucene.index.codecs.CodecProvider,0.00,1,1,1,0,1,1,0,0,25,2
"org.apache.lucene.index.TestCodecs$PositionData",1,2.00,1.00,6,0.04,468.06,3,2,25,1,1,120.95,0,8,0,1,120.95,0.00,0.00,0.00,0,1.00,1,111.28,0,0,1,java.lang.Object,0.00,0,0,1,0,0,1,0,0,33,0
"org.apache.lucene.index.TestCodecs$TermData",3,0.20,2.33,37,0.40,20925.53,8,5,25,11,4,100.28,0,39,0,1,100.28,0.00,0.00,0.33,0,1.00,5,1204.78,0,0,4,java.lang.Object,0.00,8,0,7,0,8,3,1,0,242,0
"org.apache.lucene.index.TestCodecs$Verify",5,0.05,6.40,146,2.80,620286.46,10,5,25,35,8,96.53,16,166,0,2,75.91,0.00,0.50,0.16,3,11.00,22,8411.75,0,0,8,org.apache.lucene.index.Thread,0.00,30,1,32,0,30,5,0,16,1301,1
"org.apache.lucene.index.TestCompoundFile",23,0.45,1.70,356,4.42,224793.52,24,1,11,57,9,95.82,101,412,1,2,95.59,0.00,0.50,0.57,9,0.00,3,13267.15,2,0,8,org.apache.lucene.util.LuceneTestCase,0.00,34,1,39,0,34,23,0,79,2527,1
"org.apache.lucene.index.TestConcurrentMergeScheduler",4,0.00,6.50,131,1.93,92842.37,4,0,7,42,9,100.66,15,144,0,2,80.05,0.00,0.50,0.00,0,4.00,9,5780.57,0,0,9,org.apache.lucene.util.LuceneTestCase,0.00,38,1,26,0,38,4,0,15,935,1
"org.apache.lucene.index.TestConcurrentMergeScheduler$FailOnlyOnFlush",3,0.00,2.67,24,0.33,14742.05,5,2,7,11,1,108.02,0,34,0,2,108.02,0.00,0.50,0.50,0,1.00,6,998.20,0,0,1,MockDirectoryWrapper.Failure,0.00,8,1,8,0,8,3,0,0,192,2
"org.apache.lucene.index.TestCrash",10,0.00,1.20,96,1.18,26171.64,10,0,8,38,8,129.06,38,106,0,2,108.45,0.00,0.50,0.00,2,10.00,3,3536.01,0,2,8,org.apache.lucene.util.LuceneTestCase,0.00,28,1,12,0,28,8,0,11,719,1
"org.apache.lucene.index.TestDeletionPolicy",9,0.00,8.89,436,7.06,772857.09,9,0,15,75,18,20.45,97,497,0,2,68.93,0.00,0.50,0.00,1,9.00,18,21181.61,0,0,18,org.apache.lucene.util.LuceneTestCase,0.00,66,1,80,0,66,9,0,71,3247,1
"org.apache.lucene.index.TestDeletionPolicy$ExpirationTimeDeletionPolicy",3,0.00,2.33,20,0.24,9927.67,6,3,15,10,3,114.06,1,25,0,1,114.06,0.00,0.00,0.33,1,4.00,4,708.38,0,0,3,java.lang.Object,0.00,7,0,7,0,7,3,1,1,149,0
"org.apache.lucene.index.TestDeletionPolicy$KeepAllDeletionPolicy",2,0.33,2.00,14,0.18,4895.39,5,3,15,10,4,112.63,0,17,0,1,112.63,0.00,0.00,0.50,0,2.00,2,532.41,0,0,4,java.lang.Object,0.00,8,0,4,0,8,2,1,0,113,0
"org.apache.lucene.index.TestDeletionPolicy$KeepLastNDeletionPolicy",4,0.00,3.00,33,0.36,11612.69,9,5,15,14,2,109.79,3,40,0,1,109.79,0.00,0.00,0.20,1,8.00,5,1088.69,0,0,2,java.lang.Object,0.00,10,0,12,0,10,4,1,3,223,0
"org.apache.lucene.index.TestDeletionPolicy$KeepNoneOnInitDeletionPolicy",2,0.00,3.00,19,0.17,5248.19,4,2,15,9,2,158.23,2,20,0,1,108.23,0.00,0.00,0.50,0,2.00,3,514.00,0,0,2,java.lang.Object,0.00,7,0,6,0,7,2,1,2,112,0
"org.apache.lucene.index.TestDirectoryReader",9,0.12,1.78,123,1.69,68928.26,14,5,9,52,17,148.73,14,146,1,2,98.73,1.00,0.33,0.31,4,4.00,3,5061.97,2,1,16,org.apache.lucene.util.LuceneTestCase,0.00,43,1,16,1,43,8,0,14,968,1
"org.apache.lucene.index.TestDoc",7,0.06,2.43,121,1.83,77432.38,10,3,18,67,17,132.94,14,151,1,2,93.05,0.00,0.50,0.29,4,11.00,6,5483.06,1,3,16,org.apache.lucene.util.LuceneTestCase,0.00,60,1,17,0,60,4,0,5,980,1
"org.apache.lucene.index.TestDocsAndPositions",8,0.29,5.38,234,3.85,303305.60,10,2,14,54,12,119.89,21,256,0,2,80.01,0.00,0.50,0.75,3,0.00,12,11536.11,1,2,12,org.apache.lucene.util.LuceneTestCase,0.00,46,1,43,0,46,6,0,11,1757,1
"org.apache.lucene.index.TestDocumentWriter",9,0.00,1.22,148,2.69,103169.03,10,1,21,58,25,133.96,22,162,0,2,94.07,0.00,0.50,1.00,0,0.00,3,8083.45,2,0,25,org.apache.lucene.util.LuceneTestCase,0.00,49,1,11,0,49,9,0,15,1378,1
"org.apache.lucene.index.TestDocumentWriter$Analyzer",2,0.00,1.00,5,0.05,652.16,2,0,21,3,2,139.98,0,9,0,1,139.98,0.00,0.00,0.00,0,2.00,1,146.34,0,1,2,java.lang.Object,0.00,1,0,2,0,1,1,0,0,39,0
"org.apache.lucene.index.TestDocumentWriter$Analyzer_0",1,0.00,1.00,3,0.02,273.52,1,0,21,3,3,134.01,0,5,0,1,134.01,0.00,0.00,0.00,0,1.00,1,74.42,0,1,3,java.lang.Object,0.00,2,0,1,0,2,0,0,0,21,0
"org.apache.lucene.index.TestDocumentWriter$Analyzer_0$MockTokenizer",1,0.00,5.00,23,0.29,9459.32,6,5,21,10,4,128.41,2,28,0,1,88.53,0.00,0.00,1.00,0,0.00,5,882.63,0,0,4,java.lang.Object,0.00,9,0,5,0,9,1,0,2,170,0
"org.apache.lucene.index.TestDocumentWriter$TokenStream",1,0.00,2.00,11,0.12,2455.90,4,3,21,4,1,105.30,0,14,0,1,105.30,0.00,0.00,1.00,0,0.00,2,355.23,0,0,1,java.lang.Object,0.00,3,0,2,0,3,1,0,0,78,0
"org.apache.lucene.index.TestFieldInfos",2,0.00,1.00,36,0.48,23011.77,3,1,5,16,6,132.08,5,40,0,2,92.20,0.00,0.50,1.00,0,0.00,1,1444.43,1,0,6,org.apache.lucene.util.LuceneTestCase,0.00,14,1,2,0,14,2,0,5,270,1
"org.apache.lucene.index.TestFieldNormModifier",6,0.20,1.83,94,1.31,63187.32,8,2,14,34,15,135.20,13,95,0,2,95.31,0.00,0.50,0.67,0,0.00,3,3924.68,2,0,15,org.apache.lucene.util.LuceneTestCase,0.00,28,1,11,0,28,6,0,11,719,1
"org.apache.lucene.index.TestFieldNormModifier$Collector",4,0.17,1.00,11,0.11,1717.54,6,2,14,5,1,139.04,0,19,0,1,139.04,0.00,0.00,0.38,0,4.00,1,328.85,0,0,1,java.lang.Object,0.00,1,0,4,0,1,4,0,0,85,0
"org.apache.lucene.index.TestFieldNormModifier$Collector_0",4,0.17,1.00,11,0.11,1717.54,6,2,14,5,1,139.04,0,19,0,1,139.04,0.00,0.00,0.38,0,4.00,1,328.85,0,0,1,java.lang.Object,0.00,1,0,4,0,1,4,0,0,85,0
"org.apache.lucene.index.TestFieldNormModifier$Collector_1",4,0.17,1.00,11,0.11,1717.54,6,2,14,5,1,139.04,0,19,0,1,139.04,0.00,0.00,0.38,0,4.00,1,328.85,0,0,1,java.lang.Object,0.00,1,0,4,0,1,4,0,0,85,0
"org.apache.lucene.index.TestFieldNormModifier$DefaultSimilarity",1,0.00,2.00,3,0.06,1376.59,1,0,14,4,1,128.33,0,5,0,1,128.33,0.00,0.00,0.00,0,1.00,2,168.54,0,0,1,java.lang.Object,0.00,3,0,2,0,3,1,0,0,40,0
"org.apache.lucene.index.TestFieldsReader",11,0.35,1.91,296,4.87,318274.84,15,4,19,67,21,132.94,18,309,0,2,82.94,0.00,0.50,0.57,1,0.00,5,14624.69,2,0,21,org.apache.lucene.util.LuceneTestCase,0.00,56,1,21,0,56,11,0,12,2442,1
"org.apache.lucene.index.TestFieldsReader$FaultyFSDirectory",11,0.00,1.00,25,0.28,4651.92,12,1,19,23,3,139.09,0,47,0,2,139.09,0.00,0.50,1.00,0,0.00,1,848.33,0,3,3,org.apache.lucene.store.Directory,0.13,12,1,11,0,12,8,0,0,220,2
"org.apache.lucene.index.TestFieldsReader$FaultyIndexInput",7,0.00,1.14,20,0.20,3016.39,10,3,19,14,2,138.99,1,34,0,4,138.99,0.00,0.75,0.33,1,0.00,2,589.43,0,1,2,org.apache.lucene.store.BufferedIndexInput,0.44,7,3,8,0,7,6,0,1,151,2
"org.apache.lucene.index.TestFieldsReader$FieldSelector",1,0.00,3.00,3,0.08,1823.83,1,0,19,2,2,127.27,0,10,0,1,127.27,0.00,0.00,0.00,0,1.00,3,227.62,0,1,2,java.lang.Object,0.00,1,0,3,0,1,0,0,0,54,0
"org.apache.lucene.index.TestFieldsReader$SetBasedFieldSelector",1,0.00,2.00,7,0.06,1914.89,1,0,19,1,1,113.47,0,10,0,1,113.47,0.00,0.00,0.00,0,1.00,2,182.42,1,1,1,java.lang.Object,0.00,0,0,2,0,0,0,0,0,44,0
"org.apache.lucene.index.TestFilterIndexReader",0,0.00,0.00,2,0.01,129.56,0,0,8,0,6,171.00,0,2,0,2,171.00,0.00,0.50,0.00,0,0.00,0,43.19,0,0,6,org.apache.lucene.util.LuceneTestCase,0.00,0,1,0,0,0,0,0,0,13,1
"org.apache.lucene.index.TestFilterIndexReader$TestReader",3,0.00,1.67,40,0.70,27732.96,3,0,8,30,12,137.99,6,49,0,3,98.10,0.00,0.67,0.00,0,3.00,3,2113.48,1,1,12,org.apache.lucene.index.FilterIndexReader,0.02,27,2,5,0,27,2,0,3,366,2
"org.apache.lucene.index.TestFilterIndexReader$TestReader$TestFields",3,0.00,1.00,7,0.07,1105.31,3,0,8,5,3,139.56,0,13,0,2,139.56,0.00,0.50,0.00,0,3.00,1,211.88,2,2,3,org.apache.lucene.index.FilterFields,0.00,2,1,3,0,2,1,0,0,58,2
"org.apache.lucene.index.TestFilterIndexReader$TestReader$TestFieldsEnum",2,0.00,1.00,5,0.04,548.91,2,0,8,3,2,140.57,0,9,0,2,140.57,0.00,0.50,0.00,0,2.00,1,121.96,1,1,2,org.apache.lucene.index.FilterFieldsEnum,0.00,1,1,2,0,1,1,0,0,36,2
"org.apache.lucene.index.TestFilterIndexReader$TestReader$TestPositions",2,0.00,2.00,8,0.08,2319.56,2,0,8,2,1,124.25,1,14,0,2,124.25,0.00,0.50,0.00,0,2.00,3,226.07,0,0,1,org.apache.lucene.index.FilterDocsAndPositionsEnum,0.00,0,1,4,0,0,2,0,1,56,2
"org.apache.lucene.index.TestFilterIndexReader$TestReader$TestTerms",2,0.00,1.00,5,0.04,548.91,2,0,8,3,2,140.57,0,9,0,2,140.57,0.00,0.50,0.00,0,2.00,1,121.96,1,1,2,org.apache.lucene.index.FilterTerms,0.00,1,1,2,0,1,1,0,0,36,2
"org.apache.lucene.index.TestFilterIndexReader$TestReader$TestTermsEnum",3,0.00,2.00,10,0.14,3837.95,3,0,8,6,4,128.58,1,18,0,2,128.58,0.00,0.50,0.00,0,3.00,3,416.45,1,2,4,org.apache.lucene.index.FilterTermsEnum,0.00,3,1,6,0,3,1,0,1,97,2
"org.apache.lucene.index.TestFlex",2,0.00,3.00,42,0.72,27126.85,2,0,4,28,10,138.88,2,49,0,2,88.88,0.00,0.50,0.00,0,2.00,4,2154.40,0,0,10,org.apache.lucene.util.LuceneTestCase,0.00,26,1,6,0,26,2,0,2,362,1
"org.apache.lucene.index.TestIndexCommit",1,0.00,1.00,8,0.08,1602.80,1,0,6,7,2,162.08,1,11,0,2,112.08,0.00,0.50,0.00,0,1.00,1,228.12,0,0,2,org.apache.lucene.util.LuceneTestCase,0.00,6,1,1,0,6,1,0,1,53,1
"org.apache.lucene.index.TestIndexCommit$IndexCommit",10,0.00,1.00,20,0.14,1816.49,10,0,6,10,1,141.98,0,11,0,1,141.98,0.00,0.00,0.00,0,10.00,1,425.24,0,4,1,java.lang.Object,0.00,0,0,10,0,0,6,0,0,124,0
"org.apache.lucene.index.TestIndexCommit$IndexCommit_0",10,0.00,1.00,20,0.14,1816.49,10,0,6,10,1,141.98,0,11,0,1,141.98,0.00,0.00,0.00,0,10.00,1,425.24,0,4,1,java.lang.Object,0.00,0,0,10,0,0,6,0,0,124,0
"org.apache.lucene.index.TestIndexFileDeleter",5,0.00,3.80,116,1.77,111450.54,5,0,13,54,16,37.55,44,124,0,2,85.66,0.00,0.50,0.00,3,5.00,7,5310.84,0,2,16,org.apache.lucene.util.LuceneTestCase,0.00,49,1,19,0,49,3,0,37,870,1
"org.apache.lucene.index.TestIndexInput",1,0.00,1.00,17,0.60,29150.41,1,0,3,5,2,57.72,6,43,0,2,89.94,0.00,0.50,0.00,0,1.00,1,1801.77,0,0,2,org.apache.lucene.util.LuceneTestCase,0.00,4,1,1,0,4,1,0,6,306,1
"org.apache.lucene.index.TestIndexReader",51,0.00,2.90,1267,20.33,1418532.75,51,0,39,218,49,84.51,230,1428,2,2,84.27,0.00,0.50,0.00,8,51.00,26,61000.39,0,1,47,org.apache.lucene.util.LuceneTestCase,0.00,167,1,148,0,167,50,0,197,10196,1
"org.apache.lucene.index.TestIndexReader$IndexReader.ReaderFinishedListener",1,0.00,1.00,3,0.02,160.08,1,0,39,1,1,135.84,0,4,0,1,135.84,0.00,0.00,0.00,0,1.00,1,58.53,0,0,1,java.lang.Object,0.00,0,0,1,0,0,1,0,0,18,0
"org.apache.lucene.index.TestIndexReaderClone",25,0.00,1.76,310,3.85,124990.28,25,0,10,77,17,141.37,62,358,0,2,101.49,0.00,0.50,0.00,5,25.00,4,11558.84,0,0,17,org.apache.lucene.util.LuceneTestCase,0.00,52,1,44,0,52,25,0,49,2236,1
"org.apache.lucene.index.TestIndexReaderCloneNorms",12,0.08,1.75,195,2.79,120409.89,20,8,17,67,15,134.33,35,223,0,2,94.44,0.00,0.50,0.20,7,34.00,4,8358.08,1,1,15,org.apache.lucene.util.LuceneTestCase,0.00,55,1,21,0,55,11,0,29,1515,1
"org.apache.lucene.index.TestIndexReaderCloneNorms$SimilarityOne",1,0.00,1.00,3,0.03,338.69,1,0,17,2,2,183.28,1,6,0,3,133.28,0.00,0.67,0.00,0,1.00,1,85.83,0,0,2,org.apache.lucene.search.DefaultSimilarity,0.00,1,2,1,0,1,1,0,1,24,1
"org.apache.lucene.index.TestIndexReaderReopen",28,0.44,3.57,687,8.52,684483.43,30,2,29,120,35,124.55,57,743,9,2,84.67,0.00,0.50,0.07,9,120.00,14,25574.33,1,3,26,org.apache.lucene.util.LuceneTestCase,0.00,92,1,100,0,92,25,0,46,4522,1
"org.apache.lucene.index.TestIndexReaderReopen$KeepAllCommits",2,0.00,2.00,3,0.04,350.27,2,0,29,2,1,153.17,0,6,0,1,153.17,0.00,0.00,0.00,0,2.00,2,105.69,0,0,1,java.lang.Object,0.00,0,0,4,0,0,2,1,0,31,2
"org.apache.lucene.index.TestIndexReaderReopen$ReaderCouple",1,0.00,1.00,6,0.03,288.17,3,2,29,1,1,122.60,0,8,0,1,122.60,0.00,0.00,1.00,0,0.00,1,94.21,0,0,1,java.lang.Object,0.00,0,0,1,0,0,1,0,0,29,2
"org.apache.lucene.index.TestIndexReaderReopen$ReaderThread",3,2.00,1.33,12,0.10,1431.65,5,2,29,5,0,127.38,0,19,0,2,127.38,0.00,0.50,0.00,1,3.00,2,291.27,0,0,0,org.apache.lucene.index.Thread,0.00,2,1,4,0,2,3,0,0,76,2
"org.apache.lucene.index.TestIndexReaderReopen$ReaderThreadTask",1,0.00,5.00,20,0.31,14785.30,1,0,29,16,5,109.88,3,29,0,1,89.26,0.00,0.00,0.00,0,1.00,5,939.38,0,0,5,java.lang.Object,0.00,15,0,5,0,15,1,0,3,157,0
"org.apache.lucene.index.TestIndexReaderReopen$ReaderThreadTask_7",1,0.00,3.00,9,0.12,2937.40,1,0,29,7,1,107.84,0,14,0,1,107.84,0.00,0.00,0.00,0,1.00,3,359.61,0,0,1,java.lang.Object,0.00,6,0,3,0,6,1,0,0,71,0
"org.apache.lucene.index.TestIndexReaderReopen$ReaderThreadTask_8",2,1.00,1.00,5,0.03,340.21,3,1,29,2,0,142.20,0,7,0,1,142.20,0.00,0.00,0.00,0,2.00,1,103.57,0,0,0,java.lang.Object,0.00,0,0,2,0,0,2,0,0,31,3
"org.apache.lucene.index.TestIndexReaderReopen$TestReopen",2,0.00,1.00,5,0.05,730.90,2,0,29,4,2,139.59,0,9,0,1,139.59,0.00,0.00,0.00,0,2.00,1,152.55,0,1,2,java.lang.Object,0.00,2,0,2,0,2,1,0,0,41,0
"org.apache.lucene.index.TestIndexReaderReopen$TestReopen_0",2,0.00,1.00,5,0.05,730.90,2,0,29,4,2,139.59,0,9,0,1,139.59,0.00,0.00,0.00,0,2.00,1,152.55,0,1,2,java.lang.Object,0.00,2,0,2,0,2,1,0,0,41,0
"org.apache.lucene.index.TestIndexReaderReopen$TestReopen_1",2,0.00,1.00,9,0.10,2379.59,2,0,29,6,3,124.32,0,13,0,1,124.32,0.00,0.00,0.00,0,2.00,1,296.48,0,1,3,java.lang.Object,0.00,4,0,2,0,4,1,0,0,72,0
"org.apache.lucene.index.TestIndexReaderReopen$TestReopen_2",2,0.00,1.00,10,0.12,3532.16,2,0,29,7,4,169.36,2,14,0,1,119.36,0.00,0.00,0.00,0,2.00,1,361.73,0,1,4,java.lang.Object,0.00,5,0,2,0,5,1,0,2,86,0
"org.apache.lucene.index.TestIndexReaderReopen$TestReopen_3",2,0.00,1.00,6,0.07,1406.78,2,0,29,5,3,130.78,0,11,0,1,130.78,0.00,0.00,0.00,0,2.00,1,224.59,0,1,3,java.lang.Object,0.00,3,0,2,0,3,1,0,0,57,0
"org.apache.lucene.index.TestIndexReaderReopen$TestReopen_4",2,0.00,1.00,6,0.09,1926.18,2,0,29,6,4,179.71,2,12,0,1,129.71,0.00,0.00,0.00,0,2.00,1,264.93,0,1,4,java.lang.Object,0.00,4,0,2,0,4,1,0,2,66,0
"org.apache.lucene.index.TestIndexReaderReopen$TestReopen_5",2,0.00,1.50,11,0.17,5385.97,2,0,29,7,4,117.82,1,15,0,1,117.82,0.00,0.00,0.00,0,2.00,2,505.96,0,1,4,java.lang.Object,0.00,5,0,3,0,5,1,0,1,113,0
"org.apache.lucene.index.TestIndexReaderReopen$TestReopen_6",2,0.00,2.00,17,0.26,9429.67,2,0,29,16,6,108.23,0,23,0,1,108.23,0.00,0.00,0.00,0,2.00,3,778.20,0,1,6,java.lang.Object,0.00,14,0,4,0,14,1,0,0,148,0
"org.apache.lucene.index.TestIndexReaderReopen$TestReopen_9",2,0.00,1.00,3,0.02,181.82,2,0,29,2,1,155.58,0,5,0,1,155.58,0.00,0.00,0.00,0,2.00,1,72.73,0,1,1,java.lang.Object,0.00,0,0,2,0,0,1,0,0,24,3
"org.apache.lucene.index.TestIndexSplitter",1,0.00,4.00,60,0.91,44949.68,1,0,7,29,11,88.33,3,61,0,2,67.71,0.00,0.50,0.00,0,1.00,4,2727.99,0,0,11,org.apache.lucene.util.LuceneTestCase,0.00,28,1,4,0,28,1,0,3,427,1
"org.apache.lucene.index.TestIndexWriterConfig",6,0.00,3.17,134,2.39,137807.10,6,0,12,63,12,86.55,24,165,0,2,86.32,0.00,0.50,0.00,0,6.00,7,7172.10,0,0,12,org.apache.lucene.util.LuceneTestCase,0.00,57,1,19,0,57,6,0,24,1192,1
"org.apache.lucene.index.TestIndexWriterConfig$MyIndexingChain",1,0.00,1.00,3,0.02,193.08,1,0,12,1,2,185.20,1,7,0,2,135.20,0.00,0.50,0.00,0,1.00,1,65.51,0,1,2,org.apache.lucene.index.DocumentsWriter.IndexingChain,0.00,0,1,1,0,0,0,0,1,20,3
"org.apache.lucene.index.TestIndexWriterConfig$MySimilarity",0,0.00,0.00,1,0.01,72.00,0,0,12,0,1,171.00,1,2,0,3,171.00,0.00,0.67,0.00,0,0.00,0,24.00,0,0,1,org.apache.lucene.search.DefaultSimilarity,0.00,0,2,0,0,0,0,0,1,8,3
"org.apache.lucene.index.TestIndexWriterDelete",18,0.00,4.06,459,7.25,492162.96,18,0,13,84,17,83.83,76,545,0,2,83.59,0.00,0.50,0.00,4,18.00,29,21739.96,0,0,17,org.apache.lucene.util.LuceneTestCase,0.00,66,1,73,0,66,18,0,73,3511,1
"org.apache.lucene.index.TestIndexWriterDelete$MockDirectoryWrapper.Failure",2,1.33,6.00,40,0.44,24552.93,5,3,13,11,1,139.86,2,48,0,1,89.86,0.00,0.00,1.00,0,0.00,11,1310.75,0,1,1,java.lang.Object,0.00,9,0,12,0,9,1,0,2,242,0
"org.apache.lucene.index.TestIndexWriterDelete$MockDirectoryWrapper.Failure_0",2,0.00,1.50,9,0.08,1294.28,3,1,13,3,1,126.31,0,14,0,1,126.31,0.00,0.00,1.00,0,0.00,2,228.08,0,1,1,java.lang.Object,0.00,1,0,3,0,1,1,0,0,57,0
"org.apache.lucene.index.TestIndexWriterExceptions",19,1.00,4.68,540,8.08,465598.73,20,1,25,142,26,102.71,58,614,0,2,82.10,0.00,0.50,0.00,1,19.00,13,24239.47,0,0,26,org.apache.lucene.util.LuceneTestCase,0.00,123,1,89,0,123,19,0,58,3954,1
"org.apache.lucene.index.TestIndexWriterExceptions$Analyzer",1,0.00,1.00,3,0.04,614.43,1,0,25,3,2,131.24,0,5,0,1,131.24,0.00,0.00,0.00,0,1.00,1,118.45,0,1,2,java.lang.Object,0.00,2,0,1,0,2,0,0,0,30,0
"org.apache.lucene.index.TestIndexWriterExceptions$Analyzer_0",1,0.00,1.00,3,0.02,273.52,1,0,25,3,3,134.01,0,5,0,1,134.01,0.00,0.00,0.00,0,1.00,1,74.42,0,1,3,java.lang.Object,0.00,2,0,1,0,2,0,0,0,21,0
"org.apache.lucene.index.TestIndexWriterExceptions$Analyzer_0$MockTokenizer",1,0.00,2.00,6,0.06,1367.37,2,1,25,3,0,117.12,0,9,0,1,117.12,0.00,0.00,1.00,0,0.00,2,181.93,0,0,0,java.lang.Object,0.00,2,0,2,0,2,1,0,0,44,0
"org.apache.lucene.index.TestIndexWriterExceptions$Analyzer_1",1,0.00,1.00,3,0.04,614.43,1,0,25,3,2,131.24,0,5,0,1,131.24,0.00,0.00,0.00,0,1.00,1,118.45,0,1,2,java.lang.Object,0.00,2,0,1,0,2,0,0,0,30,0
"org.apache.lucene.index.TestIndexWriterExceptions$Analyzer_2",1,0.00,1.00,3,0.04,614.43,1,0,25,3,2,131.24,0,5,0,1,131.24,0.00,0.00,0.00,0,1.00,1,118.45,0,1,2,java.lang.Object,0.00,2,0,1,0,2,0,0,0,30,0
"org.apache.lucene.index.TestIndexWriterExceptions$CrashingFilter",3,0.25,1.33,12,0.12,2277.59,5,2,25,6,2,125.79,0,19,0,4,125.79,0.00,0.75,0.33,0,1.00,2,361.95,1,0,2,org.apache.lucene.analysis.TokenFilter,0.53,3,3,4,0,3,3,0,0,88,1
"org.apache.lucene.index.TestIndexWriterExceptions$FailOnlyInCommit",1,0.00,6.00,19,0.27,12863.23,3,2,25,9,1,90.53,0,24,0,2,90.53,0.00,0.50,1.00,0,0.00,6,807.88,0,0,1,MockDirectoryWrapper.Failure,0.00,8,1,6,0,8,1,0,0,149,2
"org.apache.lucene.index.TestIndexWriterExceptions$FailOnlyInSync",1,0.00,4.00,12,0.16,5113.61,2,1,25,7,1,101.22,0,15,0,2,101.22,0.00,0.50,1.00,0,0.00,4,467.74,0,0,1,MockDirectoryWrapper.Failure,0.00,6,1,4,0,6,1,0,0,93,2
"org.apache.lucene.index.TestIndexWriterExceptions$FailOnlyOnFlush",3,0.25,2.67,21,0.28,10592.93,5,2,25,10,1,111.31,0,30,0,2,111.31,0.00,0.50,0.33,0,4.00,6,829.87,0,0,1,MockDirectoryWrapper.Failure,0.00,7,1,8,0,7,3,0,0,165,2
"org.apache.lucene.index.TestIndexWriterExceptions$IndexerThread",2,0.33,4.00,49,0.99,74175.27,5,3,25,21,4,133.21,3,62,0,2,83.21,0.00,0.50,0.50,0,2.00,7,2974.37,0,0,4,org.apache.lucene.index.Thread,0.00,19,1,8,0,19,2,0,3,481,1
"org.apache.lucene.index.TestIndexWriterExceptions$MockAnalyzer",1,0.00,2.00,5,0.07,1704.16,1,0,25,5,0,119.32,0,8,0,1,119.32,0.00,0.00,0.00,0,1.00,2,196.02,0,0,0,java.lang.Object,0.00,4,0,2,0,4,1,0,0,44,0
"org.apache.lucene.index.TestIndexWriterExceptions$MockIndexWriter",2,1.00,2.00,11,0.19,4762.88,3,1,25,12,3,118.18,0,17,0,2,118.18,0.00,0.50,0.50,0,2.00,3,578.04,0,0,3,org.apache.lucene.index.IndexWriter,0.00,10,1,4,0,10,2,0,0,118,1
"org.apache.lucene.index.TestIndexWriterExceptions$MockIndexWriter2",2,1.00,1.50,7,0.07,1018.92,3,1,25,4,3,131.79,0,12,0,2,131.79,0.00,0.50,0.50,0,2.00,2,213.88,0,0,3,org.apache.lucene.index.IndexWriter,0.00,2,1,3,0,2,2,0,0,54,3
"org.apache.lucene.index.TestIndexWriterExceptions$MockIndexWriter3",2,0.00,1.50,10,0.09,1408.94,4,2,25,4,3,122.41,0,15,0,2,122.41,0.00,0.50,0.50,0,2.00,2,255.89,0,0,3,org.apache.lucene.index.IndexWriter,0.00,2,1,3,0,2,2,0,0,63,3
"org.apache.lucene.index.TestIndexWriterExceptions$MockIndexWriter4",2,1.00,1.50,7,0.07,1018.92,3,1,25,4,3,131.79,0,12,0,2,131.79,0.00,0.50,0.50,0,2.00,2,213.88,0,0,3,org.apache.lucene.index.IndexWriter,0.00,2,1,3,0,2,2,0,0,54,3
"org.apache.lucene.index.TestIndexWriterExceptions$Thread",1,0.00,5.00,25,0.43,27527.64,1,0,25,10,1,83.52,0,35,0,1,83.52,0.00,0.00,0.00,0,1.00,5,1278.65,0,0,1,java.lang.Object,0.00,9,0,5,0,9,1,0,0,220,0
"org.apache.lucene.index.TestIndexWriterLockRelease",3,1.00,4.00,29,0.47,18597.75,4,1,8,17,4,155.22,5,47,0,2,105.22,0.00,0.50,0.00,0,3.00,5,1403.89,2,0,4,org.apache.lucene.util.LuceneTestCase,0.00,14,1,12,0,14,3,0,1,278,1
"org.apache.lucene.index.TestIndexWriterMergePolicy",8,0.00,3.00,163,1.99,94917.15,8,0,7,45,10,140.13,13,176,0,2,90.13,0.00,0.50,0.00,2,8.00,5,5978.87,0,0,10,org.apache.lucene.util.LuceneTestCase,0.00,37,1,24,0,37,8,0,13,1089,1
"org.apache.lucene.index.TestIndexWriterMerging",3,0.00,3.00,48,0.68,22491.17,3,0,8,29,6,135.20,6,68,0,2,95.32,0.00,0.50,0.00,2,3.00,4,2054.58,0,0,6,org.apache.lucene.util.LuceneTestCase,0.00,26,1,9,0,26,3,0,3,373,1
"org.apache.lucene.index.TestIndexWriterOnDiskFull",6,0.00,12.00,289,4.61,658595.64,6,0,14,70,16,30.46,77,350,0,2,68.02,0.00,0.50,0.00,2,6.00,46,13830.09,0,0,16,org.apache.lucene.util.LuceneTestCase,0.00,64,1,72,0,64,6,0,64,2011,1
"org.apache.lucene.index.TestIndexWriterOnDiskFull$FailTwiceDuringMerge",1,0.00,5.00,17,0.24,11101.62,3,2,14,8,1,92.87,0,21,0,2,92.87,0.00,0.50,1.00,0,0.00,5,731.36,0,0,1,MockDirectoryWrapper.Failure,0.00,7,1,5,0,7,1,0,0,139,2
"org.apache.lucene.index.TestIndexWriterOnJRECrash",5,0.50,4.00,75,1.07,39980.44,6,1,11,44,5,116.69,18,93,0,3,96.08,0.00,0.67,0.60,2,2.00,6,3198.73,2,0,5,org.apache.lucene.index.TestNRTThreads,0.38,39,2,20,0,39,5,0,10,565,1
"org.apache.lucene.index.TestIndexWriterOnJRECrash$Thread",1,0.00,2.00,5,0.04,448.00,1,0,11,3,0,123.89,0,8,0,1,123.89,0.00,0.00,0.00,0,1.00,2,106.10,0,0,0,java.lang.Object,0.00,2,0,2,0,2,1,0,0,28,0
"org.apache.lucene.index.TestIndexWriterReader",24,0.61,2.50,572,8.62,417193.74,25,1,27,133,28,107.22,80,629,4,2,86.60,0.00,0.50,0.42,3,64.00,7,25846.97,0,1,24,org.apache.lucene.util.LuceneTestCase,0.00,109,1,60,0,109,23,0,62,4388,1
"org.apache.lucene.index.TestIndexWriterReader$AddDirectoriesThreads",7,0.09,2.71,76,0.72,19452.27,18,11,27,27,6,106.35,0,78,0,1,106.35,0.00,0.00,0.17,0,26.00,5,2149.64,0,0,6,java.lang.Object,0.00,20,0,19,0,20,7,0,0,441,1
"org.apache.lucene.index.TestIndexWriterReader$AddDirectoriesThreads$Thread",1,0.00,4.00,15,0.13,4550.36,1,0,27,3,1,49.53,10,14,0,1,98.00,0.00,0.00,0.00,0,0.00,4,381.29,0,0,1,java.lang.Object,0.00,2,0,4,0,2,1,0,10,78,0
"org.apache.lucene.index.TestIndexWriterReader$IndexWriter.IndexReaderWarmer",1,0.00,1.00,7,0.10,1512.18,1,0,27,8,5,114.44,0,9,0,1,114.44,0.00,0.00,0.00,0,1.00,1,287.91,0,0,5,java.lang.Object,0.00,7,0,1,0,7,1,0,0,60,0
"org.apache.lucene.index.TestIndexWriterReader$MyWarmer",1,0.00,1.00,4,0.04,404.10,2,1,27,1,1,128.02,0,7,0,2,128.02,0.00,0.50,1.00,0,0.00,1,107.30,0,0,1,IndexWriter.IndexReaderWarmer,0.00,0,1,1,0,0,1,0,0,29,2
"org.apache.lucene.index.TestIndexWriterReader$Thread_0",1,0.00,2.00,9,0.08,1951.45,1,0,27,6,0,109.33,0,13,0,1,109.33,0.00,0.00,0.00,0,1.00,2,243.56,0,0,0,java.lang.Object,0.00,5,0,2,0,5,1,0,0,53,0
"org.apache.lucene.index.TestIndexWriterReader$Thread_1",1,0.00,4.00,22,0.24,10981.02,2,1,27,11,1,88.79,0,22,0,1,88.79,0.00,0.00,1.00,0,0.00,4,721.28,0,0,1,java.lang.Object,0.00,10,0,4,0,10,1,0,0,134,0
"org.apache.lucene.index.TestIndexWriterWithThreads",12,0.00,3.08,162,2.09,106961.23,12,0,11,52,14,118.70,38,174,0,2,98.08,0.00,0.50,0.00,2,12.00,10,6282.73,0,0,14,org.apache.lucene.util.LuceneTestCase,0.00,40,1,37,0,40,12,0,36,1076,1
"org.apache.lucene.index.TestIndexWriterWithThreads$FailOnlyInWriteSegment",2,1.00,3.00,14,0.17,5355.50,3,1,11,9,1,112.23,0,19,0,2,112.23,0.00,0.50,0.50,0,2.00,5,512.88,0,0,1,MockDirectoryWrapper.Failure,0.00,7,1,6,0,7,2,0,0,106,2
"org.apache.lucene.index.TestIndexWriterWithThreads$FailOnlyOnAbortOrFlush",2,1.00,4.00,20,0.25,11371.70,3,1,11,8,1,153.81,2,28,0,2,103.81,0.00,0.50,0.50,0,2.00,7,738.09,0,0,1,MockDirectoryWrapper.Failure,0.00,6,1,8,0,6,2,0,2,144,2
"org.apache.lucene.index.TestIndexWriterWithThreads$IndexerThread",2,0.50,4.50,38,0.54,25966.67,8,6,11,18,5,140.56,3,52,0,2,90.56,0.00,0.50,0.42,0,2.00,8,1617.42,0,0,5,org.apache.lucene.index.Thread,0.00,16,1,9,0,16,2,0,3,275,1
"org.apache.lucene.index.TestIsCurrent",4,0.33,1.00,34,0.39,7135.09,6,2,7,22,5,93.84,20,43,0,2,111.71,0.00,0.50,0.75,0,0.00,1,1180.95,2,0,5,org.apache.lucene.util.LuceneTestCase,0.00,18,1,4,0,18,4,0,12,246,1
"org.apache.lucene.index.TestLazyBug",5,0.10,2.40,60,0.91,40718.45,10,5,7,35,8,99.75,4,76,0,2,99.75,0.00,0.50,0.12,2,11.00,5,2733.32,0,1,8,org.apache.lucene.util.LuceneTestCase,0.00,30,1,12,0,30,4,0,1,479,1
"org.apache.lucene.index.TestLazyBug$FieldSelector",1,0.00,2.00,5,0.04,482.05,1,0,7,2,1,123.64,0,7,0,1,123.64,0.00,0.00,0.00,0,0.00,2,105.67,0,1,1,java.lang.Object,0.00,1,0,2,0,1,0,0,0,29,0
"org.apache.lucene.index.TestLazyProxSkipping",5,0.17,2.20,79,1.14,39653.59,11,6,15,39,20,116.86,15,89,1,2,96.24,0.00,0.50,0.03,3,8.00,4,3428.57,0,1,19,org.apache.lucene.util.LuceneTestCase,0.00,34,1,11,0,34,4,0,12,619,1
"org.apache.lucene.index.TestLazyProxSkipping$SeekCountingDirectory",2,0.00,1.50,8,0.09,2384.26,2,0,15,4,3,124.22,1,13,0,3,124.22,0.00,0.67,0.00,0,2.00,2,256.70,1,1,3,org.apache.lucene.store.MockDirectoryWrapper,0.00,2,2,3,0,2,1,0,1,62,1
"org.apache.lucene.index.TestLazyProxSkipping$SeeksCountingStream",8,1.00,1.00,19,0.21,3213.41,9,1,15,9,2,139.27,0,35,0,3,139.27,0.00,0.67,0.00,7,8.00,1,620.35,0,1,2,org.apache.lucene.store.IndexInput,0.75,1,2,8,0,1,7,0,0,163,0
"org.apache.lucene.index.TestMaxTermFrequency",4,0.22,2.00,51,0.63,19059.84,7,3,12,29,11,122.24,13,50,0,2,101.62,0.00,0.50,0.50,1,0.00,3,1886.47,2,1,11,org.apache.lucene.util.LuceneTestCase,0.00,25,1,8,0,25,3,0,4,357,1
"org.apache.lucene.index.TestMaxTermFrequency$TestSimilarity",3,0.00,1.00,7,0.06,891.61,3,0,12,4,2,140.30,0,14,0,3,140.30,0.00,0.67,0.00,0,3.00,1,193.53,0,0,2,org.apache.lucene.search.DefaultSimilarity,0.25,1,2,3,0,1,3,0,0,55,0
"org.apache.lucene.index.TestMultiFields",2,0.00,7.50,91,1.70,120205.63,2,0,5,51,14,28.94,15,95,0,2,71.24,0.00,0.50,0.00,0,2.00,14,5109.06,0,0,14,org.apache.lucene.util.LuceneTestCase,0.00,49,1,15,0,49,2,0,3,761,1
"org.apache.lucene.index.TestMultiLevelSkipList",3,0.00,2.00,44,0.68,17982.46,4,1,19,33,17,80.47,16,48,1,2,98.34,0.00,0.50,1.00,1,0.00,3,2041.06,1,0,16,org.apache.lucene.util.LuceneTestCase,0.00,30,1,6,0,30,3,0,9,365,1
"org.apache.lucene.index.TestMultiLevelSkipList$CountingRAMDirectory",2,0.00,1.50,7,0.07,1710.96,2,0,19,4,3,130.02,0,13,0,3,130.02,0.00,0.67,0.00,0,2.00,2,215.94,1,1,3,org.apache.lucene.store.MockDirectoryWrapper,0.00,2,2,3,0,2,1,0,0,54,0
"org.apache.lucene.index.TestMultiLevelSkipList$CountingStream",8,1.00,1.00,20,0.22,3651.29,9,1,19,9,2,138.83,0,36,0,3,138.83,0.00,0.67,0.00,7,8.00,1,660.94,0,1,2,org.apache.lucene.store.IndexInput,0.75,1,2,8,0,1,7,0,0,171,0
"org.apache.lucene.index.TestMultiLevelSkipList$PayloadAnalyzer",1,0.00,1.00,4,0.06,1063.45,2,1,19,4,3,124.71,0,7,0,2,124.71,0.00,0.50,1.00,0,0.00,1,188.37,0,1,3,org.apache.lucene.analysis.Analyzer,0.00,3,1,1,0,3,0,0,0,45,2
"org.apache.lucene.index.TestMultiLevelSkipList$PayloadFilter",2,0.50,1.50,12,0.12,2440.76,4,2,19,6,4,117.57,0,17,0,4,117.57,0.00,0.75,0.75,0,0.00,2,364.37,0,0,4,org.apache.lucene.analysis.TokenFilter,0.29,4,3,3,0,4,2,0,0,86,2
"org.apache.lucene.index.TestMultiPassIndexSplitter",4,0.44,1.75,90,1.55,97171.18,7,3,6,35,11,126.15,9,101,0,2,86.26,0.00,0.50,0.67,0,0.00,2,4654.74,2,0,11,org.apache.lucene.util.LuceneTestCase,0.00,31,1,7,0,31,4,0,5,802,1
"org.apache.lucene.index.TestMultiReader",1,0.00,1.00,14,0.17,7450.60,1,0,1,6,4,97.75,0,17,0,3,97.75,0.00,0.67,0.00,0,0.00,1,514.90,0,1,4,org.apache.lucene.index.TestDirectoryReader,0.30,5,2,1,0,5,0,0,0,105,1
"org.apache.lucene.index.TestNRTReaderWithThreads",1,1.00,6.00,42,0.56,36624.62,2,1,6,19,5,94.71,3,42,0,2,74.10,0.00,0.50,0.00,0,1.00,6,1675.95,0,0,5,org.apache.lucene.util.LuceneTestCase,0.00,18,1,6,0,18,1,0,3,287,1
"org.apache.lucene.index.TestNRTReaderWithThreads$RunThread",2,0.71,3.00,30,0.38,12181.60,9,7,6,14,5,147.07,3,38,0,2,97.07,0.00,0.50,0.50,0,2.00,5,1126.86,0,0,5,org.apache.lucene.index.Thread,0.00,12,1,6,0,12,2,0,3,209,1
"org.apache.lucene.index.TestNRTThreads",3,0.00,10.67,149,2.90,346082.26,3,0,32,73,25,35.32,18,166,1,2,67.55,1.00,0.33,0.00,2,3.00,30,8701.15,0,0,24,org.apache.lucene.util.LuceneTestCase,0.00,70,1,32,1,70,3,0,13,1201,1
"org.apache.lucene.index.TestNRTThreads$IndexWriter.IndexReaderWarmer",1,0.00,5.00,20,0.32,14929.12,1,0,32,14,6,89.23,0,23,0,1,89.23,0.00,0.00,0.00,0,1.00,5,947.97,0,0,6,java.lang.Object,0.00,13,0,5,0,13,1,0,0,162,0
"org.apache.lucene.index.TestNRTThreads$Thread",1,0.00,17.00,48,0.95,87961.59,1,0,32,25,3,108.58,2,66,0,1,68.70,0.00,0.00,0.00,0,1.00,17,2845.71,0,0,3,java.lang.Object,0.00,24,0,17,0,24,1,0,2,433,0
"org.apache.lucene.index.TestNRTThreads$Thread_0",1,0.00,9.00,34,0.49,32825.39,1,0,32,20,5,59.93,5,45,0,1,77.80,0.00,0.00,0.00,0,1.00,9,1470.27,0,0,5,java.lang.Object,0.00,19,0,9,0,19,1,0,5,241,0
"org.apache.lucene.index.TestNewestSegment",1,0.00,1.00,7,0.07,1152.25,1,0,3,8,3,115.37,0,9,0,2,115.37,0.00,0.50,0.00,0,1.00,1,211.72,0,0,3,org.apache.lucene.util.LuceneTestCase,0.00,7,1,1,0,7,1,0,0,50,1
"org.apache.lucene.index.TestNoDeletionPolicy",4,0.00,2.00,29,0.45,12443.29,4,0,11,28,7,151.70,11,39,0,2,111.81,0.00,0.50,0.00,0,4.00,3,1337.51,0,0,7,org.apache.lucene.util.LuceneTestCase,0.00,24,1,8,0,24,4,0,11,261,1
"org.apache.lucene.index.TestNoMergePolicy",4,0.00,1.75,21,0.33,8598.11,4,0,6,22,2,158.44,8,31,0,2,118.56,0.00,0.50,0.00,0,4.00,3,988.49,0,0,2,org.apache.lucene.util.LuceneTestCase,0.00,18,1,7,0,18,4,0,8,211,1
"org.apache.lucene.index.TestNoMergeScheduler",3,0.00,2.00,15,0.24,6613.39,3,0,6,14,2,158.33,8,23,0,2,118.44,0.00,0.50,0.00,0,3.00,3,709.29,0,0,2,org.apache.lucene.util.LuceneTestCase,0.00,11,1,6,0,11,3,0,8,150,1
"org.apache.lucene.index.TestNorms",10,0.15,2.20,172,2.28,87559.73,18,8,15,62,14,133.76,24,183,0,2,93.88,0.00,0.50,0.26,7,0.00,4,6848.13,1,1,14,org.apache.lucene.util.LuceneTestCase,0.00,52,1,22,0,52,9,0,16,1241,1
"org.apache.lucene.index.TestNorms$CustomNormEncodingSimilarity",3,0.00,1.00,7,0.06,891.61,3,0,15,4,2,140.30,0,14,0,3,140.30,0.00,0.67,0.00,0,3.00,1,193.53,0,0,2,org.apache.lucene.search.DefaultSimilarity,0.25,1,2,3,0,1,3,0,0,55,0
"org.apache.lucene.index.TestNorms$SimilarityOne",1,0.00,1.00,3,0.03,338.69,1,0,15,2,2,183.28,1,6,0,3,133.28,0.00,0.67,0.00,0,1.00,1,85.83,0,0,2,org.apache.lucene.search.DefaultSimilarity,0.00,1,2,1,0,1,1,0,1,24,1
"org.apache.lucene.index.TestOmitNorms",7,0.00,2.29,173,2.53,100716.43,7,0,8,54,14,54.36,47,178,0,2,86.58,0.00,0.50,0.00,2,7.00,3,7594.24,0,0,14,org.apache.lucene.util.LuceneTestCase,0.00,47,1,16,0,47,7,0,39,1316,1
"org.apache.lucene.index.TestOmitTf",6,0.00,2.83,173,2.63,107217.27,6,0,13,55,16,51.07,39,184,0,2,83.29,0.00,0.50,0.00,1,6.00,6,7900.39,0,0,16,org.apache.lucene.util.LuceneTestCase,0.00,49,1,17,0,49,6,0,37,1284,1
"org.apache.lucene.index.TestOmitTf$CountingHitCollector",2,1.00,1.00,8,0.08,1498.24,3,1,13,4,1,125.91,1,12,0,1,125.91,0.00,0.00,0.50,0,2.00,1,238.89,1,0,1,java.lang.Object,0.00,2,0,2,0,2,2,0,1,59,0
"org.apache.lucene.index.TestOmitTf$CountingHitCollector_0",2,1.00,1.00,8,0.08,1612.84,3,1,13,4,1,125.65,1,12,0,1,125.65,0.00,0.00,0.50,0,2.00,1,250.05,1,0,1,java.lang.Object,0.00,2,0,2,0,2,2,0,1,61,0
"org.apache.lucene.index.TestOmitTf$CountingHitCollector_1",2,1.00,1.00,9,0.09,1939.78,3,1,13,5,1,125.02,1,13,0,1,125.02,0.00,0.00,0.50,0,2.00,1,284.44,1,0,1,java.lang.Object,0.00,3,0,2,0,3,2,0,1,67,0
"org.apache.lucene.index.TestOmitTf$CountingHitCollector_2",2,1.00,1.00,9,0.09,2026.63,3,1,13,4,1,124.87,1,13,0,1,124.87,0.00,0.00,0.50,0,2.00,1,282.12,1,0,1,java.lang.Object,0.00,2,0,2,0,2,2,0,1,67,0
"org.apache.lucene.index.TestOmitTf$CountingHitCollector_3",1,0.00,1.00,3,0.03,436.18,1,0,13,1,0,182.42,1,5,0,1,132.42,0.00,0.00,0.00,0,1.00,1,82.23,1,0,0,java.lang.Object,0.00,0,0,1,0,0,1,0,1,23,0
"org.apache.lucene.index.TestOmitTf$CountingHitCollector_4",7,0.06,1.00,19,0.14,2037.69,10,3,13,7,2,140.37,1,23,0,2,140.37,0.00,0.50,0.38,0,8.00,1,433.42,0,0,2,org.apache.lucene.search.Collector,0.36,0,1,7,0,0,7,0,1,118,2
"org.apache.lucene.index.TestOmitTf$SimpleSimilarity",8,0.00,1.00,17,0.14,1696.52,8,0,13,10,4,141.45,0,14,0,2,141.45,0.00,0.50,0.00,0,8.00,1,429.81,0,2,4,org.apache.lucene.search.Similarity,0.30,2,1,8,0,2,6,1,0,119,2
"org.apache.lucene.index.TestOmitTf$SimpleSimilarity$IDFExplanation",2,0.00,1.00,5,0.03,286.06,2,0,13,2,0,142.80,0,9,0,1,142.80,0.00,0.00,0.00,0,2.00,1,81.08,0,1,0,java.lang.Object,0.00,0,0,2,0,0,1,0,0,26,0
"org.apache.lucene.index.TestParallelReader",13,0.02,1.15,202,3.23,120305.83,18,5,12,60,16,95.86,11,226,0,2,95.86,0.00,0.50,0.18,3,48.00,2,9695.46,2,4,16,org.apache.lucene.util.LuceneTestCase,0.00,47,1,15,0,47,9,0,11,1848,1
"org.apache.lucene.index.TestParallelReaderEmptyIndex",2,0.00,1.00,51,0.72,24278.02,2,0,10,21,7,36.69,19,60,0,2,86.69,0.00,0.50,0.00,0,2.00,1,2173.78,0,0,7,org.apache.lucene.util.LuceneTestCase,0.00,19,1,2,0,19,2,0,6,399,1
"org.apache.lucene.index.TestParallelTermEnum",3,0.62,1.00,132,2.23,253821.04,7,4,8,28,10,70.89,0,142,0,2,70.89,0.00,0.50,0.67,0,0.00,1,6676.22,2,0,10,org.apache.lucene.util.LuceneTestCase,0.00,25,1,3,0,25,3,0,0,1185,1
"org.apache.lucene.index.TestPayloadProcessorProvider",7,0.50,2.57,99,1.48,70436.04,8,1,20,37,14,146.51,10,122,0,2,96.51,0.00,0.50,0.57,4,3.00,7,4452.19,0,0,14,org.apache.lucene.util.LuceneTestCase,0.00,30,1,18,0,30,7,0,10,794,1
"org.apache.lucene.index.TestPayloadProcessorProvider$DeletePayloadProcessor",1,0.00,1.00,3,0.03,432.00,1,0,20,1,1,132.45,0,6,0,2,132.45,0.00,0.50,0.00,0,1.00,1,96.00,0,0,1,org.apache.lucene.index.PayloadProcessorProvider.PayloadProcessor,0.00,0,1,1,0,0,1,0,0,26,3
"org.apache.lucene.index.TestPayloadProcessorProvider$PayloadTokenStream",3,0.38,1.33,19,0.19,3740.36,7,4,20,7,4,117.53,0,26,0,3,117.53,0.00,0.67,0.50,0,1.00,2,569.74,1,0,4,org.apache.lucene.analysis.TokenStream,0.55,4,2,4,0,4,3,0,0,129,3
"org.apache.lucene.index.TestPayloadProcessorProvider$PerDirPayloadProcessor",2,1.00,1.00,6,0.07,1003.77,3,1,20,3,2,131.94,0,10,0,2,131.94,0.00,0.50,0.50,0,2.00,1,203.33,0,1,2,org.apache.lucene.index.PayloadProcessorProvider,0.00,1,1,2,0,1,1,0,0,52,3
"org.apache.lucene.index.TestPayloadProcessorProvider$PerTermPayloadProcessor",1,0.00,2.00,5,0.07,1558.68,1,0,20,5,1,159.51,2,9,0,2,119.63,0.00,0.50,0.00,0,1.00,2,216.72,0,1,1,org.apache.lucene.index.PayloadProcessorProvider.DirPayloadProcessor,0.00,4,1,2,0,4,0,0,2,49,3
"org.apache.lucene.index.TestPayloads",9,0.00,3.44,235,3.86,412655.51,9,0,24,59,23,49.01,54,243,0,2,81.23,0.00,0.50,0.00,4,9.00,10,11569.93,0,1,23,org.apache.lucene.util.LuceneTestCase,0.00,50,1,31,0,50,8,0,43,1899,1
"org.apache.lucene.index.TestPayloads$PayloadAnalyzer",5,0.50,2.40,74,1.09,41565.31,6,1,24,42,15,97.18,3,83,0,2,97.18,0.00,0.50,0.60,0,2.00,6,3271.87,0,1,15,org.apache.lucene.analysis.Analyzer,0.00,37,1,12,0,37,4,0,1,587,2
"org.apache.lucene.index.TestPayloads$PayloadAnalyzer$ByteArrayPool",5,0.25,1.40,22,0.22,5795.34,6,1,24,12,2,124.34,0,28,0,1,124.34,0.00,0.00,0.80,0,0.00,2,673.31,0,1,2,java.lang.Object,0.00,7,0,7,0,7,4,0,0,157,2
"org.apache.lucene.index.TestPayloads$PayloadAnalyzer$PayloadData",1,3.00,1.00,10,0.07,1213.84,5,4,24,1,0,109.41,0,12,0,1,109.41,0.00,0.00,0.25,0,0.00,1,217.94,0,0,0,java.lang.Object,0.00,0,0,1,0,0,1,0,0,57,2
"org.apache.lucene.index.TestPayloads$PayloadAnalyzer$PayloadFilter",2,0.60,2.00,23,0.23,7416.89,7,5,24,6,4,103.89,0,29,0,4,103.89,0.00,0.75,0.50,0,0.00,3,676.27,0,0,4,org.apache.lucene.analysis.TokenFilter,0.29,4,3,4,0,4,2,0,0,146,2
"org.apache.lucene.index.TestPayloads$PayloadAnalyzer$PoolingPayloadTokenStream",3,0.75,1.33,24,0.22,3208.23,9,6,24,11,4,113.39,0,30,0,3,113.39,0.00,0.67,0.67,0,0.00,2,659.48,0,0,4,org.apache.lucene.analysis.TokenStream,0.55,8,2,4,0,8,3,0,0,147,1
"org.apache.lucene.index.TestPayloads$PayloadAnalyzer$Thread",1,0.00,3.00,12,0.12,3071.62,1,0,24,9,2,103.03,0,14,0,1,103.03,0.00,0.00,0.00,0,1.00,3,348.86,0,0,2,java.lang.Object,0.00,8,0,3,0,8,1,0,0,71,0
"org.apache.lucene.index.TestPerFieldCodecSupport",11,0.00,2.64,175,2.74,119136.67,11,0,24,66,26,145.13,21,203,0,2,95.13,0.00,0.50,0.00,8,11.00,7,8230.89,0,1,26,org.apache.lucene.util.LuceneTestCase,0.00,55,1,29,0,55,10,0,12,1427,1
"org.apache.lucene.index.TestPerFieldCodecSupport$MockCodecProvider",1,0.00,1.00,11,0.09,1839.90,1,0,24,4,4,106.44,0,13,0,2,106.44,0.00,0.50,0.00,0,1.00,1,266.00,3,0,4,org.apache.lucene.index.codecs.CodecProvider,0.00,3,1,1,0,3,1,0,0,64,2
"org.apache.lucene.index.TestPerFieldCodecSupport$MockCodecProvider2",1,0.00,1.00,11,0.09,1839.90,1,0,24,4,4,106.44,0,14,0,2,106.44,0.00,0.50,0.00,0,1.00,1,266.00,3,0,4,org.apache.lucene.index.codecs.CodecProvider,0.00,3,1,1,0,3,1,0,0,64,2
"org.apache.lucene.index.TestPerSegmentDeletes",6,0.00,3.00,97,1.34,57065.26,6,0,15,51,21,84.15,95,96,0,2,94.50,0.00,0.50,0.00,2,6.00,5,4017.58,0,0,21,org.apache.lucene.util.LuceneTestCase,0.00,45,1,18,0,45,6,0,30,700,1
"org.apache.lucene.index.TestPerSegmentDeletes$RangeMergePolicy",6,0.20,1.33,28,0.27,7729.67,10,4,15,12,4,123.99,0,42,0,2,123.99,0.00,0.50,0.08,0,14.00,3,813.87,0,3,4,org.apache.lucene.index.MergePolicy,0.15,6,1,8,0,6,3,0,0,183,1
"org.apache.lucene.index.TestPersistentSnapshotDeletionPolicy",11,0.20,1.36,77,1.09,27294.82,12,1,10,32,8,162.67,11,122,0,3,112.67,0.00,0.67,0.82,1,0.00,3,3281.71,4,2,8,org.apache.lucene.index.TestSnapshotDeletionPolicy,0.20,21,2,15,0,21,9,0,11,654,1
"org.apache.lucene.index.TestPositionBasedTermVectorMapper",2,1.25,4.00,62,1.15,98612.45,6,4,5,22,3,98.71,7,64,0,2,78.09,0.00,0.50,0.88,0,0.00,4,3441.63,1,0,3,org.apache.lucene.util.LuceneTestCase,0.00,20,1,8,0,20,2,0,7,593,1
"org.apache.lucene.index.TestRollback",1,0.00,3.00,28,0.43,14064.29,1,0,6,22,7,123.99,2,26,0,2,84.10,0.00,0.50,0.00,0,1.00,3,1302.97,0,0,7,org.apache.lucene.util.LuceneTestCase,0.00,21,1,3,0,21,1,0,2,219,1
"org.apache.lucene.index.TestSegmentInfo",1,0.00,2.00,17,0.28,7422.75,1,0,7,19,8,93.99,16,19,0,2,94.46,0.00,0.50,0.00,0,1.00,2,848.38,0,0,8,org.apache.lucene.util.LuceneTestCase,0.00,18,1,2,0,18,1,0,1,147,1
"org.apache.lucene.index.TestSegmentMerger",4,0.79,1.25,72,1.19,56522.01,12,8,8,37,16,131.33,9,82,0,2,91.44,0.00,0.50,0.72,0,0.00,2,3570.90,2,0,16,org.apache.lucene.util.LuceneTestCase,0.00,33,1,5,0,33,4,0,9,605,1
"org.apache.lucene.index.TestSegmentReader",10,0.19,1.90,119,1.91,89368.39,13,3,9,68,17,150.89,19,137,2,2,100.89,0.00,0.50,0.50,1,0.00,4,5733.31,2,0,15,org.apache.lucene.util.LuceneTestCase,0.00,58,1,19,0,58,10,0,10,1075,1
"org.apache.lucene.index.TestSegmentTermDocs",11,0.07,1.36,159,2.80,281080.99,14,3,7,50,14,143.47,13,192,0,2,93.47,0.00,0.50,0.27,3,29.00,4,8414.44,2,0,14,org.apache.lucene.util.LuceneTestCase,0.00,39,1,15,0,39,11,0,13,1425,1
"org.apache.lucene.index.TestSegmentTermEnum",6,0.20,1.33,62,0.82,22054.82,7,1,9,35,11,145.44,17,75,0,2,105.56,0.00,0.50,0.83,2,0.00,2,2463.16,2,0,11,org.apache.lucene.util.LuceneTestCase,0.00,29,1,8,0,29,6,0,17,480,1
"org.apache.lucene.index.TestSizeBoundedOptimize",13,0.00,1.23,237,2.61,76543.55,13,0,5,42,11,144.44,14,247,0,2,94.44,0.00,0.50,0.00,2,13.00,3,7841.00,0,1,11,org.apache.lucene.util.LuceneTestCase,0.00,29,1,16,0,29,12,0,14,1498,1
"org.apache.lucene.index.TestSnapshotDeletionPolicy",19,0.50,1.74,207,2.64,83506.65,21,2,17,70,14,125.50,64,248,1,2,104.88,1.00,0.33,0.03,9,36.00,5,7915.36,0,3,13,org.apache.lucene.util.LuceneTestCase,0.00,51,1,33,1,51,16,0,59,1491,1
"org.apache.lucene.index.TestSnapshotDeletionPolicy$Thread",1,0.00,6.00,21,0.27,10258.20,1,0,17,12,2,89.68,0,28,0,1,89.68,0.00,0.00,0.00,0,1.00,6,802.72,0,0,2,java.lang.Object,0.00,11,0,6,0,11,1,0,0,138,0
"org.apache.lucene.index.TestSnapshotDeletionPolicy$Thread_0",1,0.00,2.00,7,0.06,1153.33,1,0,17,7,1,115.20,0,11,0,1,115.20,0.00,0.00,0.00,0,1.00,2,193.47,0,0,1,java.lang.Object,0.00,6,0,2,0,6,1,0,0,45,0
"org.apache.lucene.index.TestStressIndexing",2,0.00,2.00,36,0.42,18018.44,2,0,6,16,5,50.58,15,36,0,2,92.87,0.00,0.50,0.00,1,2.00,3,1268.79,0,0,5,org.apache.lucene.util.LuceneTestCase,0.00,14,1,4,0,14,2,0,9,241,1
"org.apache.lucene.index.TestStressIndexing$IndexerThread",2,0.00,2.00,23,0.29,9970.76,4,2,6,11,4,152.88,2,23,0,2,102.88,0.00,0.50,0.50,0,2.00,3,863.13,0,0,4,org.apache.lucene.index.TimedThread,0.00,9,1,4,0,9,2,0,2,163,1
"org.apache.lucene.index.TestStressIndexing$SearcherThread",2,1.00,1.50,12,0.10,1959.58,3,1,6,2,1,118.33,0,13,0,2,118.33,0.00,0.50,0.00,0,2.00,2,286.12,0,0,1,org.apache.lucene.index.TimedThread,0.00,0,1,3,0,0,2,0,0,68,2
"org.apache.lucene.index.TestStressIndexing$TimedThread",4,0.08,2.00,23,0.27,8530.48,8,4,6,8,0,118.55,0,31,0,2,118.55,0.00,0.50,0.31,2,4.00,3,818.57,0,0,0,org.apache.lucene.index.Thread,0.00,4,1,8,0,4,4,0,0,172,3
"org.apache.lucene.index.TestStressIndexing2",12,0.02,6.58,403,6.50,851365.29,20,8,19,107,23,96.34,45,424,0,2,75.72,0.00,0.50,0.10,5,30.00,33,19502.83,0,2,23,org.apache.lucene.util.LuceneTestCase,0.00,95,1,79,0,95,10,0,40,3060,1
"org.apache.lucene.index.TestStressIndexing2$Comparator<Fieldable>",1,0.00,1.00,3,0.03,432.92,1,0,19,3,1,132.44,0,4,0,1,132.44,0.00,0.00,0.00,0,1.00,1,101.06,0,0,1,java.lang.Object,0.00,2,0,1,0,2,1,0,0,29,0
"org.apache.lucene.index.TestStressIndexing2$DocsAndWriter",0,0.00,0.00,3,0.02,239.86,2,2,19,0,2,171.00,0,4,0,1,171.00,0.00,0.00,0.00,0,0.00,0,68.53,0,0,2,java.lang.Object,0.00,0,0,0,0,0,0,0,0,18,2
"org.apache.lucene.index.TestStressIndexing2$IndexingThread",10,0.13,4.30,125,1.95,139219.44,17,7,19,39,4,97.78,9,156,0,2,97.78,0.00,0.50,0.26,5,18.00,15,5853.80,0,3,4,org.apache.lucene.index.Thread,0.00,29,1,43,0,29,7,0,9,1049,1
"org.apache.lucene.index.TestStressIndexing2$MockIndexWriter",2,0.00,1.50,6,0.06,690.80,2,0,19,4,3,133.12,1,11,0,2,133.12,0.00,0.50,0.00,0,2.00,2,181.65,0,0,3,org.apache.lucene.index.IndexWriter,0.00,2,1,3,0,2,2,0,1,47,1
"org.apache.lucene.index.TestTerm",1,0.00,1.00,12,0.13,4439.98,1,0,1,5,1,102.02,0,14,0,2,102.02,0.00,0.50,0.00,0,1.00,1,400.01,0,0,1,org.apache.lucene.util.LuceneTestCase,0.00,4,1,1,0,4,1,0,0,91,1
"org.apache.lucene.index.TestTermVectorAccessor",1,0.00,2.00,62,1.48,183148.06,1,0,5,21,9,42.39,14,62,0,2,62.54,0.00,0.50,0.00,0,1.00,2,4428.85,0,0,9,org.apache.lucene.util.LuceneTestCase,0.00,20,1,2,0,20,1,0,1,719,1
"org.apache.lucene.index.TestTermVectorsReader",8,0.40,4.88,263,4.33,438111.50,19,11,16,61,21,77.41,39,271,0,2,77.18,0.00,0.50,0.44,0,0.00,11,12986.17,2,0,21,org.apache.lucene.util.LuceneTestCase,0.00,53,1,39,0,53,8,0,33,2152,1
"org.apache.lucene.index.TestTermVectorsReader$DocNumAwareMapper",5,0.50,1.40,13,0.14,2304.52,6,1,16,6,3,138.72,0,24,0,2,138.72,0.00,0.50,0.60,0,2.00,2,425.24,0,0,3,org.apache.lucene.index.TermVectorMapper,0.17,1,1,7,0,1,5,0,0,103,2
"org.apache.lucene.index.TestTermVectorsReader$MyAnalyzer",1,0.00,1.00,3,0.03,292.54,1,0,16,2,2,133.78,0,6,0,2,133.78,0.00,0.50,0.00,0,1.00,1,81.93,0,1,2,org.apache.lucene.analysis.Analyzer,0.00,1,1,1,0,1,0,0,0,23,1
"org.apache.lucene.index.TestTermVectorsReader$MyTokenStream",2,1.25,2.00,20,0.22,7453.30,6,4,16,6,4,105.42,0,28,0,3,105.42,0.00,0.67,0.88,0,0.00,3,667.58,0,0,4,org.apache.lucene.analysis.TokenStream,0.30,4,2,4,0,4,2,0,0,139,1
"org.apache.lucene.index.TestTermVectorsReader$TestToken",1,3.00,1.00,7,0.05,734.78,5,4,16,1,0,116.91,0,9,0,1,116.91,0.00,0.00,0.25,0,0.00,1,151.77,0,0,0,java.lang.Object,0.00,0,0,1,0,0,1,1,0,40,1
"org.apache.lucene.index.TestTermVectorsWriter",13,0.00,1.46,293,5.15,171990.89,13,0,14,48,18,138.38,20,343,0,2,88.38,0.00,0.50,0.00,0,13.00,4,15442.56,0,0,18,org.apache.lucene.util.LuceneTestCase,0.00,35,1,19,0,35,13,0,20,2663,1
"org.apache.lucene.index.TestTermdocPerf",3,0.00,2.67,37,0.63,26661.48,3,0,12,27,13,99.42,2,44,0,2,99.42,0.00,0.50,0.00,1,3.00,5,1901.70,0,0,13,org.apache.lucene.util.LuceneTestCase,0.00,24,1,8,0,24,3,0,2,327,1
"org.apache.lucene.index.TestTermdocPerf$Analyzer",1,0.00,2.00,4,0.07,1602.03,1,0,12,3,1,123.15,0,7,0,1,123.15,0.00,0.00,0.00,0,1.00,2,209.91,0,1,1,java.lang.Object,0.00,2,0,2,0,2,0,0,0,46,0
"org.apache.lucene.index.TestThreadedOptimize",3,0.20,2.67,59,1.06,58844.56,8,5,10,34,13,129.16,6,60,0,2,89.27,0.00,0.50,0.33,1,1.00,6,3192.49,0,0,13,org.apache.lucene.util.LuceneTestCase,0.00,31,1,8,0,31,3,0,3,512,1
"org.apache.lucene.index.TestThreadedOptimize$Thread",1,0.00,5.00,25,0.39,17547.97,1,0,10,12,2,85.06,0,22,0,1,85.06,0.00,0.00,0.00,0,1.00,5,1164.49,0,0,2,java.lang.Object,0.00,11,0,5,0,11,1,0,0,199,0
"org.apache.lucene.index.TestTransactionRollback",6,0.10,2.83,75,1.09,39961.90,8,2,13,44,10,82.52,30,86,0,2,100.40,0.00,0.50,0.58,2,0.00,5,3256.26,2,0,10,org.apache.lucene.util.LuceneTestCase,0.00,38,1,17,0,38,6,0,11,591,1
"org.apache.lucene.index.TestTransactionRollback$DeleteLastCommitPolicy",2,0.00,2.00,4,0.06,1042.33,2,0,13,5,1,138.22,0,6,0,1,138.22,0.00,0.00,0.00,0,2.00,2,187.90,0,0,1,java.lang.Object,0.00,3,0,4,0,3,2,1,0,47,0
"org.apache.lucene.index.TestTransactionRollback$KeepAllDeletionPolicy",2,0.00,2.00,3,0.04,443.84,2,0,13,2,1,152.36,0,4,0,1,152.36,0.00,0.00,0.00,0,2.00,2,118.22,0,0,1,java.lang.Object,0.00,0,0,4,0,0,2,1,0,33,0
"org.apache.lucene.index.TestTransactionRollback$RollbackDeletionPolicy",3,1.00,2.67,15,0.20,6066.93,4,1,13,10,1,118.90,12,21,0,1,118.67,0.00,0.00,0.33,0,4.00,5,596.95,0,0,1,java.lang.Object,0.00,7,0,8,0,7,3,1,4,123,0
"org.apache.lucene.index.TestTransactions",2,1.00,2.50,49,0.58,26377.65,3,1,9,21,10,86.86,1,45,2,2,86.86,0.00,0.50,0.00,1,2.00,3,1740.10,0,0,8,org.apache.lucene.util.LuceneTestCase,0.00,19,1,5,0,19,2,0,1,328,1
"org.apache.lucene.index.TestTransactions$IndexerThread",3,0.12,2.33,52,0.68,27810.57,7,4,9,26,8,143.67,4,72,0,2,93.67,0.00,0.50,0.33,1,5.00,3,2037.88,0,0,8,org.apache.lucene.index.TimedThread,0.00,23,1,7,0,23,3,0,4,380,1
"org.apache.lucene.index.TestTransactions$RandomFailure",1,0.00,2.00,3,0.06,1188.11,1,0,9,3,2,128.83,0,7,0,2,128.83,0.00,0.50,0.00,0,1.00,2,174.41,0,0,2,MockDirectoryWrapper.Failure,0.00,2,1,2,0,2,1,0,0,40,1
"org.apache.lucene.index.TestTransactions$SearcherThread",2,0.33,1.50,17,0.20,6457.08,5,3,9,6,2,109.59,0,23,0,2,109.59,0.00,0.50,0.50,0,2.00,2,588.63,0,0,2,org.apache.lucene.index.TimedThread,0.00,4,1,3,0,4,2,0,0,130,2
"org.apache.lucene.index.TestTransactions$TimedThread",4,0.00,2.00,20,0.26,7813.41,7,3,9,8,0,118.85,0,28,0,2,118.85,0.00,0.50,0.33,2,4.00,3,769.13,0,0,0,org.apache.lucene.index.Thread,0.00,4,1,8,0,4,4,0,0,164,3
"org.apache.solr.core.AbstractSolrEventListener",6,0.50,1.17,21,0.18,4021.50,8,2,3,12,7,170.80,12,30,2,1,130.91,0.00,0.00,0.08,0,10.00,2,539.22,0,2,5,java.lang.Object,0.00,6,0,7,2,6,4,1,2,137,0
"org.apache.solr.core.AlternateDirectoryTest",2,0.00,1.00,10,0.10,1134.05,2,0,7,4,3,163.13,5,15,0,3,123.24,0.00,0.67,0.00,0,2.00,1,304.33,3,0,3,org.apache.solr.SolrTestCaseJ4,0.00,2,2,2,0,2,2,0,1,74,1
"org.apache.solr.core.AlternateDirectoryTest$TestFSDirectoryFactory",1,0.00,2.00,8,0.09,1707.58,3,2,7,3,2,161.70,1,12,0,2,111.70,0.00,0.50,1.00,0,0.00,2,261.68,0,1,2,org.apache.solr.core.DirectoryFactory,0.00,2,1,2,0,2,0,0,1,60,2
"org.apache.solr.core.AlternateDirectoryTest$TestIndexReaderFactory",1,1.00,1.00,5,0.06,959.94,2,1,7,2,3,121.44,0,9,0,2,121.44,0.00,0.50,0.00,0,1.00,1,178.49,0,1,3,org.apache.solr.core.IndexReaderFactory,0.00,1,1,1,0,1,0,0,0,43,2
"org.apache.solr.core.CloseHook",1,0.00,1.00,2,0.01,30.51,1,0,0,1,2,148.79,36,3,2,1,148.08,0.00,0.00,0.00,0,1.00,1,25.51,0,0,1,,0.00,0,0,1,0,0,1,0,3,11,1
"org.apache.solr.core.ClosingRequestHandler",1,1.00,1.00,4,0.03,270.16,2,1,11,3,12,129.39,0,6,1,3,129.39,0.00,0.67,0.00,0,1.00,1,90.05,0,0,11,org.apache.solr.core.EmptyRequestHandler,0.00,2,2,1,0,2,1,1,0,26,0
"org.apache.solr.core.ClosingRequestHandler$CloseHook",1,0.00,1.00,3,0.02,107.13,1,0,11,1,1,137.22,0,4,0,1,137.22,0.00,0.00,0.00,0,0.00,1,46.05,0,0,1,java.lang.Object,0.00,0,0,1,0,0,1,0,0,15,0
"org.apache.solr.core.Config",24,0.03,2.00,118,1.72,70410.62,31,7,19,58,20,171.08,46,174,16,1,121.08,0.00,0.00,0.11,4,182.00,9,5154.83,0,14,4,java.lang.Object,0.00,34,0,48,1,34,10,0,9,1027,1
"org.apache.solr.core.CoreContainer",45,0.03,3.49,507,8.14,529690.86,70,25,29,190,29,120.42,143,709,15,1,99.81,0.00,0.00,0.07,11,897.00,25,24433.29,1,16,17,java.lang.Object,0.00,145,0,157,0,145,29,0,59,4135,1
"org.apache.solr.core.CoreContainer$Initializer",3,0.50,2.00,21,0.27,9050.07,5,2,29,13,3,132.53,10,33,0,1,111.92,0.00,0.00,0.17,0,4.00,3,812.10,0,0,3,java.lang.Object,0.00,10,0,6,0,10,3,0,5,165,2
"org.apache.solr.core.CoreDescriptor",22,0.04,1.55,92,0.91,25614.39,31,9,3,40,12,174.30,24,125,10,1,124.30,0.00,0.00,0.08,1,186.00,5,2721.82,0,13,3,java.lang.Object,0.00,18,0,34,0,18,9,0,13,628,1
"org.apache.solr.core.DirectoryFactory",3,0.00,1.00,6,0.05,630.48,3,0,5,5,11,162.10,10,9,8,1,141.48,0.00,0.00,0.00,0,3.00,1,154.57,0,1,3,java.lang.Object,0.00,2,0,3,5,2,2,1,3,45,2
"org.apache.solr.core.DummyValueSourceParser",2,1.00,1.00,8,0.07,1208.58,3,1,7,4,8,166.53,4,13,1,2,126.64,0.00,0.50,0.00,0,2.00,1,208.34,0,1,7,org.apache.solr.search.ValueSourceParser,0.00,2,1,2,0,2,1,0,1,54,1
"org.apache.solr.core.DummyValueSourceParser$SimpleFloatFunction",2,0.00,1.00,6,0.04,527.78,2,0,7,2,0,134.13,0,10,0,1,134.13,0.00,0.00,0.00,0,2.00,1,128.15,0,1,0,java.lang.Object,0.00,0,0,2,0,0,1,0,0,36,0
"org.apache.solr.core.EmptyRequestHandler",5,0.00,1.00,10,0.07,711.24,5,0,11,5,10,142.82,1,10,2,2,142.82,1.00,0.33,0.00,0,5.00,1,209.58,0,4,8,org.apache.solr.RequestHandlerBase,0.00,0,1,5,1,0,1,0,1,63,0
"org.apache.solr.core.FakeDeletionPolicy",5,0.12,1.00,14,0.11,1161.97,7,2,5,7,4,191.14,6,20,1,1,141.14,0.00,0.00,0.40,0,6.00,1,341.96,0,2,3,java.lang.Object,0.00,2,0,5,0,2,3,2,4,92,1
"org.apache.solr.core.IndexDeletionPolicyWrapper",13,0.02,1.77,65,0.73,21938.80,18,5,7,34,9,119.62,52,78,6,1,119.38,0.00,0.00,0.18,3,98.00,3,2191.47,0,5,3,java.lang.Object,0.00,21,0,23,0,21,8,1,16,487,1
"org.apache.solr.core.IndexDeletionPolicyWrapper$IndexCommitWrapper",13,0.08,1.15,32,0.30,5664.06,14,1,7,26,2,138.95,0,58,0,2,138.95,0.00,0.50,0.92,0,0.00,3,899.43,0,4,2,org.apache.lucene.index.IndexCommit,0.85,13,1,15,0,13,9,0,0,238,1
"org.apache.solr.core.IndexReaderFactory",3,0.50,1.33,9,0.08,1093.06,4,1,5,5,10,84.86,26,14,6,1,132.96,0.00,0.00,0.67,0,1.00,2,250.51,0,1,4,java.lang.Object,0.00,2,0,4,2,2,2,1,5,65,2
"org.apache.solr.core.IndexReaderFactoryTest",3,0.00,1.00,10,0.10,1807.27,3,0,1,8,2,181.31,5,16,0,3,131.31,0.00,0.67,0.00,0,4.00,1,312.06,0,2,2,org.apache.solr.util.AbstractSolrTestCase,0.18,5,2,3,0,5,1,0,1,74,1
"org.apache.solr.core.JmxMonitoredMap",6,0.27,4.17,64,1.03,50833.82,9,3,12,30,5,60.15,42,105,2,2,102.44,0.00,0.50,0.56,2,0.00,9,3103.28,3,3,3,java.util.concurrent.ConcurrentHashMap,0.00,24,1,25,0,24,3,0,10,576,1
"org.apache.solr.core.JmxMonitoredMap$SolrDynamicMBean",7,0.17,2.43,55,0.82,41307.42,9,2,12,36,2,109.58,1,84,0,1,109.58,0.00,0.00,0.36,0,11.00,6,2455.84,0,5,2,java.lang.Object,0.00,29,0,17,0,29,2,1,1,472,1
"org.apache.solr.core.MMapDirectoryFactory",2,1.00,2.00,17,0.21,4730.07,5,3,8,12,5,92.71,10,25,0,2,110.59,0.00,0.50,0.83,0,0.00,2,639.59,0,1,5,org.apache.solr.core.DirectoryFactory,0.00,10,1,4,0,10,1,0,1,133,1
"org.apache.solr.core.MockEventListener",5,0.75,1.00,9,0.07,756.16,6,1,3,8,4,153.84,3,16,1,1,153.84,0.00,0.00,0.40,0,7.00,1,196.55,0,0,3,java.lang.Object,0.00,3,0,5,0,3,5,1,3,60,1
"org.apache.solr.core.MockQuerySenderListenerReqHandler",7,0.28,1.00,26,0.22,3987.46,10,3,5,11,5,131.50,4,41,1,2,131.50,0.00,0.50,0.10,0,13.00,1,669.12,2,5,4,org.apache.solr.handler.RequestHandlerBase,0.53,4,1,7,0,4,2,0,1,171,1
"org.apache.solr.core.PluginInfo",8,0.12,3.00,55,0.98,32677.76,16,8,7,34,12,163.28,9,63,10,1,113.28,0.00,0.00,0.23,1,18.00,6,2954.18,0,4,2,java.lang.Object,0.00,26,0,24,0,26,4,0,3,585,1
"org.apache.solr.core.QuerySenderListener",2,0.00,4.00,31,0.42,23107.49,2,0,10,17,12,95.05,9,35,1,2,94.82,0.00,0.50,0.00,0,2.00,7,1267.19,1,0,11,org.apache.solr.core.AbstractSolrEventListener,0.00,15,1,8,0,15,2,0,7,213,0
"org.apache.solr.core.QuerySenderListener$LocalSolrQueryRequest",2,0.00,1.00,4,0.02,220.18,2,0,10,2,1,143.69,0,3,0,1,143.69,0.00,0.00,0.00,0,2.00,1,74.51,0,1,1,java.lang.Object,0.00,0,0,2,0,0,1,0,0,25,0
"org.apache.solr.core.RAMDirectoryFactory",3,0.50,2.00,28,0.30,9798.58,4,1,5,11,5,147.46,6,39,2,3,107.57,0.00,0.67,0.67,1,1.00,2,909.90,1,2,3,org.apache.solr.core.StandardDirectoryFactory,0.00,8,2,6,0,8,1,0,2,191,1
"org.apache.solr.core.RAMDirectoryFactoryTest",2,0.00,1.00,15,0.16,3950.42,2,0,4,9,4,163.52,3,21,0,2,113.52,0.00,0.50,0.00,0,2.00,1,474.18,0,0,4,org.apache.lucene.util.LuceneTestCase,0.00,7,1,2,0,7,2,0,1,104,1
"org.apache.solr.core.RAMDirectoryFactoryTest$RAMDirectoryFactory",1,0.00,1.00,3,0.02,189.62,1,0,4,1,1,135.26,0,5,0,1,135.26,0.00,0.00,0.00,0,1.00,1,59.81,0,1,1,java.lang.Object,0.00,0,0,1,0,0,0,0,0,18,0
"org.apache.solr.core.RefCntRamDirectory",6,0.60,1.33,21,0.14,1916.03,7,1,4,11,4,133.42,0,30,2,3,133.42,0.00,0.67,0.50,1,10.00,2,419.21,2,0,2,org.apache.lucene.store.RAMDirectory,0.08,5,2,8,0,5,6,0,0,114,1
"org.apache.solr.core.RequestHandlers",7,0.00,3.29,66,1.11,62632.20,11,4,17,42,11,55.54,71,90,1,1,104.01,0.00,0.00,0.25,3,11.00,11,3341.82,0,5,11,java.lang.Object,0.00,35,0,23,0,35,2,0,12,603,1
"org.apache.solr.core.RequestHandlers$LazyRequestHandlerWrapper",13,0.06,1.77,61,0.51,12327.21,17,4,17,26,9,124.97,9,93,0,1,124.97,0.00,0.00,0.31,1,0.00,4,1519.27,0,9,9,java.lang.Object,0.00,13,0,23,0,13,4,2,5,361,3
"org.apache.solr.core.RequestHandlersTest",4,0.00,1.00,29,0.40,7179.85,4,0,5,12,4,113.85,3,54,0,3,113.85,0.00,0.67,0.00,0,0.00,1,1195.91,5,0,4,org.apache.solr.SolrTestCaseJ4,0.00,8,2,4,0,8,4,0,3,236,1
"org.apache.solr.core.ResourceLoaderTest",4,0.00,2.50,50,0.75,33663.43,4,0,15,25,9,139.51,11,75,0,2,99.62,0.00,0.50,0.00,0,4.00,5,2262.70,0,0,9,org.apache.lucene.util.LuceneTestCase,0.00,21,1,10,0,21,4,0,11,428,1
"org.apache.solr.core.RunExecutableListener",5,0.20,2.80,45,0.65,25989.70,10,5,7,21,5,126.52,15,63,0,2,105.91,0.00,0.50,0.36,1,7.00,6,1947.20,1,0,5,org.apache.solr.core.AbstractSolrEventListener,0.18,16,1,14,0,16,5,0,7,374,0
"org.apache.solr.core.SOLR749Test",2,0.00,1.00,12,0.16,3942.13,2,0,5,6,6,155.91,4,16,0,3,116.03,0.00,0.67,0.00,0,2.00,1,476.51,1,0,6,org.apache.solr.SolrTestCaseJ4,0.00,4,2,2,0,4,2,0,1,100,1
"org.apache.solr.core.SimpleFSDirectoryFactory",1,0.00,1.00,3,0.03,451.02,1,0,4,3,3,132.54,4,6,0,2,132.30,0.00,0.50,0.00,0,1.00,1,99.51,0,1,3,org.apache.solr.core.DirectoryFactory,0.00,2,1,1,0,2,0,0,1,27,1
"org.apache.solr.core.SolrConfig",9,0.09,1.67,114,2.03,81251.33,39,30,34,36,53,81.60,47,134,29,2,99.48,0.00,0.50,0.11,2,33.00,4,6096.84,3,1,28,org.apache.solr.core.Config,0.00,27,1,15,0,27,8,0,18,962,1
"org.apache.solr.core.SolrConfig$HttpCachingConfig",0,0.00,0.00,4,0.05,845.18,2,2,34,1,0,171.00,2,6,0,1,171.00,0.00,0.00,0.00,0,0.00,0,138.30,0,0,0,java.lang.Object,0.00,1,0,0,0,1,0,0,2,32,2
"org.apache.solr.core.SolrConfig$HttpCachingConfig$LastModFrom",1,0.00,13.00,64,1.13,102618.52,6,5,34,19,3,26.01,12,78,0,1,63.57,0.00,0.00,1.00,0,0.00,13,3388.53,0,1,3,java.lang.Object,0.00,18,0,13,0,18,0,0,7,489,2
"org.apache.solr.core.SolrConfig$HttpCachingConfig$LastModFrom$UpdateHandlerInfo",1,4.00,1.00,8,0.07,1290.31,5,4,34,1,0,80.60,6,10,0,1,112.82,0.00,0.00,0.00,0,1.00,1,207.37,0,0,0,java.lang.Object,0.00,0,0,1,0,0,1,0,1,55,2
"org.apache.solr.core.SolrConfig$JmxConfiguration",1,4.00,2.00,12,0.13,4069.97,5,4,34,2,1,102.16,0,21,0,1,102.16,0.00,0.00,0.00,0,1.00,2,380.12,0,0,1,java.lang.Object,0.00,1,0,2,0,1,1,0,0,86,2
"org.apache.solr.core.SolrCore",80,0.01,2.62,650,9.56,548365.06,115,35,56,271,177,107.12,387,879,128,1,106.88,0.00,0.00,0.04,31,3750.00,29,28686.13,1,42,64,java.lang.Object,0.00,191,0,210,0,191,38,1,173,5170,2
"org.apache.solr.core.SolrCore$Callable",1,0.00,1.00,4,0.02,206.27,1,0,56,2,0,130.32,0,5,0,1,130.32,0.00,0.00,0.00,0,1.00,1,63.51,0,1,0,java.lang.Object,0.00,1,0,1,0,1,0,0,0,19,0
"org.apache.solr.core.SolrCore$Callable_0",1,0.00,2.00,6,0.05,726.85,1,0,56,3,1,119.28,0,9,0,1,119.28,0.00,0.00,0.00,0,0.00,2,144.16,0,1,1,java.lang.Object,0.00,2,0,2,0,2,0,0,0,35,0
"org.apache.solr.core.SolrCore$Callable_1",1,0.00,3.00,8,0.06,1373.73,1,0,56,3,1,112.35,0,11,0,1,112.35,0.00,0.00,0.00,0,0.00,3,186.81,0,1,1,java.lang.Object,0.00,2,0,3,0,2,0,0,0,43,0
"org.apache.solr.core.SolrCore$Callable_2",1,0.00,3.00,8,0.06,1292.71,1,0,56,3,1,112.56,0,11,0,1,112.56,0.00,0.00,0.00,0,0.00,3,189.11,0,1,1,java.lang.Object,0.00,2,0,3,0,2,0,0,0,43,0
"org.apache.solr.core.SolrCore$Callable_3",1,0.00,3.00,8,0.08,2029.96,1,0,56,4,1,93.14,5,12,0,1,111.01,0.00,0.00,0.00,0,0.00,3,238.62,0,1,1,java.lang.Object,0.00,3,0,3,0,3,0,0,5,51,0
"org.apache.solr.core.SolrCore$RefCounted<SolrIndexSearcher>",1,0.00,3.00,8,0.09,2013.60,1,0,56,4,1,93.17,5,13,0,1,111.04,0.00,0.00,0.00,0,0.00,3,281.62,0,0,1,java.lang.Object,0.00,3,0,3,0,3,1,0,5,60,0
"org.apache.solr.core.SolrCoreTest",7,0.00,1.29,95,1.46,60957.85,7,0,11,37,13,148.36,9,108,0,3,98.36,0.00,0.67,0.00,0,0.00,3,4391.59,4,0,13,org.apache.solr.SolrTestCaseJ4,0.10,30,2,9,0,30,7,0,9,779,1
"org.apache.solr.core.SolrCoreTest$Callable<Integer>",2,0.00,2.50,26,0.26,12870.73,2,0,11,7,1,99.25,1,31,0,1,99.25,0.00,0.00,0.00,1,2.00,3,770.50,0,1,1,java.lang.Object,0.00,5,0,5,0,5,1,0,1,151,0
"org.apache.solr.core.SolrDeletionPolicy",12,0.00,2.42,104,1.38,63595.77,16,4,14,40,11,147.67,24,134,3,1,107.78,0.00,0.00,0.25,2,42.00,9,4133.25,0,4,9,java.lang.Object,0.00,28,0,29,0,28,8,2,13,801,1
"org.apache.solr.core.SolrEventListener",2,1.00,1.00,4,0.04,532.96,3,1,4,3,8,120.53,29,5,6,2,140.67,0.00,0.50,0.00,0,2.00,1,120.27,0,0,3,,0.00,1,1,2,0,1,2,0,2,34,1
"org.apache.solr.core.SolrInfoMBean",8,0.00,1.00,10,0.04,194.28,8,0,2,8,18,160.33,33,10,17,1,160.09,0.00,0.00,0.00,0,8.00,1,117.46,0,8,1,,0.00,0,0,8,0,0,0,0,9,49,1
"org.apache.solr.core.SolrInfoMBean$Category",0,0.00,0.00,2,0.01,76.11,0,0,2,0,0,171.00,0,1,0,1,171.00,0.00,0.00,0.00,0,0.00,0,38.05,0,0,0,java.lang.Object,0.00,0,0,0,0,0,0,0,0,11,1
"org.apache.solr.core.SolrResourceLoader",29,0.02,3.10,261,4.16,216486.08,44,15,36,108,50,86.77,166,395,35,1,104.64,0.00,0.00,0.09,9,377.00,9,12479.29,0,20,17,java.lang.Object,0.00,79,0,90,1,79,9,1,48,2304,1
"org.apache.solr.core.SolrResourceLoader$FileFilter",1,0.00,1.00,3,0.02,187.66,1,0,36,2,0,135.30,0,4,0,1,135.30,0.00,0.00,0.00,0,1.00,1,58.19,0,0,0,java.lang.Object,0.00,1,0,1,0,1,1,0,0,18,0
"org.apache.solr.core.StandardDirectoryFactory",1,0.00,1.00,3,0.04,587.43,1,0,4,3,5,131.63,4,6,2,2,131.40,1.00,0.33,0.00,0,1.00,1,105.43,0,1,3,org.apache.solr.core.DirectoryFactory,0.00,2,1,1,1,2,0,0,1,28,1
"org.apache.solr.core.StandardIndexReaderFactory",1,0.00,1.00,3,0.04,587.11,1,0,3,2,5,81.40,9,7,2,2,131.40,0.00,0.50,0.00,0,0.00,1,117.46,0,1,3,org.apache.solr.core.IndexReaderFactory,0.00,1,1,1,0,1,0,0,2,30,1
"org.apache.solr.core.TestArbitraryIndexDir",5,0.00,1.40,39,0.73,26844.25,5,0,18,36,11,160.03,9,66,0,3,110.03,0.00,0.67,0.00,0,7.00,3,2198.88,6,2,11,org.apache.solr.util.AbstractSolrTestCase,0.34,31,2,7,0,31,3,0,7,379,1
"org.apache.solr.core.TestBadConfig",4,0.00,1.25,14,0.11,1790.24,4,0,1,8,1,132.28,1,21,0,3,132.28,0.00,0.67,0.00,0,4.00,2,326.50,3,2,1,org.apache.solr.util.AbstractSolrTestCase,0.26,4,2,5,0,4,2,0,1,83,1
"org.apache.solr.core.TestConfig",7,0.00,1.43,58,0.84,21528.35,7,0,14,39,9,109.76,6,80,0,3,109.76,0.00,0.67,0.00,0,16.00,4,2516.44,1,0,9,org.apache.solr.SolrTestCaseJ4,0.00,32,2,10,0,32,7,0,6,499,1
"org.apache.solr.core.TestConfig$ExposeWriterHandler",2,0.00,1.00,6,0.03,287.25,2,0,14,3,2,136.21,0,9,0,3,136.21,0.00,0.67,0.00,0,2.00,1,101.55,1,1,2,org.apache.solr.update.DirectUpdateHandler2,0.00,1,2,2,0,1,1,0,0,31,0
"org.apache.solr.core.TestJmxIntegration",7,0.00,2.14,56,0.95,41231.13,7,0,10,42,2,157.45,8,77,0,3,107.45,0.00,0.67,0.00,1,14.00,4,2861.19,4,3,2,org.apache.solr.util.AbstractSolrTestCase,0.32,35,2,15,0,35,4,0,3,513,1
"org.apache.solr.core.TestJmxMonitoredMap",3,0.50,2.67,49,0.71,34182.06,7,4,17,24,3,133.80,7,74,0,2,93.91,0.00,0.50,0.58,0,0.00,5,2123.77,2,0,3,org.apache.lucene.util.LuceneTestCase,0.00,21,1,8,0,21,3,0,2,394,1
"org.apache.solr.core.TestJmxMonitoredMap$MockInfoMBean",8,0.00,1.00,17,0.08,667.94,8,0,17,8,2,144.64,1,27,0,1,144.64,0.00,0.00,0.00,0,8.00,1,237.25,0,8,2,java.lang.Object,0.00,0,0,8,0,0,0,1,1,77,1
"org.apache.solr.core.TestLegacyMergeSchedulerPolicyConfig",2,0.00,1.00,10,0.16,3582.42,2,0,8,12,5,119.31,0,15,0,3,119.31,0.00,0.67,0.00,0,2.00,1,482.56,1,0,5,org.apache.solr.SolrTestCaseJ4,0.00,10,2,2,0,10,2,0,0,107,1
"org.apache.solr.core.TestLegacyMergeSchedulerPolicyConfig$ExposeWriterHandler",2,0.00,1.00,6,0.03,287.25,2,0,8,3,2,136.21,0,9,0,3,136.21,0.00,0.67,0.00,0,2.00,1,101.55,1,1,2,org.apache.solr.update.DirectUpdateHandler2,0.00,1,2,2,0,1,1,0,0,31,0
"org.apache.solr.core.TestPropInject",4,0.00,1.00,18,0.18,2781.93,4,0,6,13,5,126.16,0,25,0,3,126.16,0.00,0.67,0.00,0,4.00,1,553.71,0,2,5,org.apache.solr.util.AbstractSolrTestCase,0.18,9,2,4,0,9,2,0,0,130,1
"org.apache.solr.core.TestPropInject$ExposeWriterHandler",2,0.00,1.00,6,0.03,287.25,2,0,6,3,2,136.21,0,9,0,3,136.21,0.00,0.67,0.00,0,2.00,1,101.55,1,1,2,org.apache.solr.update.DirectUpdateHandler2,0.00,1,2,2,0,1,1,0,0,31,0
"org.apache.solr.core.TestPropInjectDefaults",3,0.00,1.00,16,0.19,3377.95,3,0,8,12,5,120.90,0,22,0,3,120.90,0.00,0.67,0.00,0,3.00,1,580.89,1,0,5,org.apache.solr.SolrTestCaseJ4,0.00,9,2,3,0,9,3,0,0,130,1
"org.apache.solr.core.TestPropInjectDefaults$ExposeWriterHandler",2,0.00,1.00,6,0.03,287.25,2,0,8,3,2,136.21,0,10,0,3,136.21,0.00,0.67,0.00,0,2.00,1,101.55,1,1,2,org.apache.solr.update.DirectUpdateHandler2,0.00,1,2,2,0,1,1,0,0,31,0
"org.apache.solr.core.TestQuerySenderListener",4,0.17,1.00,34,0.57,20857.12,6,2,7,25,10,158.04,7,44,0,3,108.04,0.00,0.67,0.38,0,0.00,1,1697.23,1,0,10,org.apache.solr.SolrTestCaseJ4,0.00,21,2,4,0,21,4,0,7,314,1
"org.apache.solr.core.TestSolrDeletionPolicy1",6,0.00,1.33,49,0.81,21593.63,6,0,6,23,4,109.24,3,87,0,3,109.24,0.00,0.67,0.00,1,6.00,3,2423.68,8,0,4,org.apache.solr.SolrTestCaseJ4,0.05,17,2,8,0,17,6,0,1,470,1
"org.apache.solr.core.TestSolrDeletionPolicy2",2,0.00,1.00,16,0.26,5777.95,2,0,3,12,3,160.06,3,25,0,3,110.06,0.00,0.67,0.00,0,2.00,1,783.44,5,0,3,org.apache.solr.SolrTestCaseJ4,0.00,10,2,2,0,10,2,0,1,150,1
"org.apache.solr.core.TestXIncludeConfig",4,0.67,1.50,24,0.24,4712.48,5,1,5,14,3,157.58,8,35,0,3,117.70,0.00,0.67,0.50,0,4.00,2,722.68,2,2,3,org.apache.solr.util.AbstractSolrTestCase,0.26,10,2,6,0,10,2,0,5,154,1
"org.apache.lucene.spatial.DistanceUtils",18,0.04,3.39,196,3.01,290755.90,32,14,6,36,32,50.28,171,232,26,1,100.28,0.00,0.00,0.03,7,94.00,10,9038.11,0,2,6,java.lang.Object,0.00,18,0,61,0,18,16,0,39,1756,1
"org.apache.lucene.spatial.DistanceUtilsTest",7,0.00,1.86,159,3.06,266101.37,7,0,2,21,2,66.84,41,183,0,2,84.72,0.00,0.50,0.00,0,7.00,7,9176.01,0,0,2,org.apache.lucene.util.LuceneTestCase,0.00,14,1,13,0,14,7,0,23,1687,1
"org.apache.lucene.index.codecs.BlockTermState",2,1.20,1.00,16,0.19,4399.11,7,5,3,4,12,78.77,13,21,9,3,110.99,1.50,0.33,0.80,0,0.00,1,561.08,2,1,3,org.apache.lucene.index.OrdTermState,0.00,2,2,2,3,2,1,0,9,127,1
"org.apache.lucene.index.codecs.BlockTermsReader",9,0.04,1.78,67,0.94,41243.57,16,7,25,31,34,131.13,27,96,10,3,110.51,0.50,0.50,0.17,2,24.00,5,2809.88,0,2,24,org.apache.lucene.index.codecs.FieldsProducer,0.69,22,2,16,1,22,7,0,17,529,1
"org.apache.lucene.index.codecs.BlockTermsReader$FieldAndTerm",5,0.12,1.00,14,0.14,2719.01,7,2,25,10,1,138.23,0,23,0,2,138.23,0.00,0.50,0.60,0,2.00,1,422.35,0,1,1,DoubleBarrelLRUCache.CloneableKey,0.00,5,1,5,0,5,4,0,0,110,2
"org.apache.lucene.index.codecs.BlockTermsReader$FieldReader",6,0.20,1.00,22,0.18,3018.30,10,4,25,7,3,131.93,1,35,0,2,131.93,0.00,0.50,0.08,0,18.00,1,529.53,1,2,3,org.apache.lucene.index.Terms,0.56,1,1,6,0,1,4,1,1,139,1
"org.apache.lucene.index.codecs.BlockTermsReader$FieldReader$SegmentTermsEnum",17,0.16,2.82,199,2.37,123586.14,34,17,25,41,11,59.22,128,258,0,2,101.51,0.00,0.50,0.21,4,0.00,16,7115.00,0,7,11,org.apache.lucene.index.TermsEnum,0.52,24,1,48,0,24,10,0,102,1318,2
"org.apache.lucene.index.codecs.BlockTermsReader$TermFieldsEnum",3,0.25,1.33,14,0.11,2057.24,5,2,25,7,2,126.14,0,21,0,2,126.14,0.00,0.50,0.67,0,0.00,2,334.06,0,2,2,org.apache.lucene.index.FieldsEnum,0.67,4,1,4,0,4,1,0,0,85,1
"org.apache.lucene.index.codecs.BlockTermsWriter",5,0.25,2.00,62,0.78,27755.07,17,12,14,23,24,121.71,17,84,10,2,101.10,1.00,0.33,0.28,2,0.00,6,2331.37,0,1,14,org.apache.lucene.index.codecs.FieldsConsumer,0.25,18,1,10,1,18,4,0,11,447,1
"org.apache.lucene.index.codecs.BlockTermsWriter$TermEntry",0,0.00,0.00,3,0.03,468.83,2,2,14,1,2,171.00,0,4,0,1,171.00,0.00,0.00,0.00,0,0.00,0,78.14,0,0,2,java.lang.Object,0.00,1,0,0,0,1,0,0,0,20,2
"org.apache.lucene.index.codecs.BlockTermsWriter$TermsWriter",7,0.14,2.71,103,1.23,68562.44,18,11,14,28,9,136.47,17,118,0,2,96.59,0.00,0.50,0.21,2,5.00,5,3704.33,0,2,9,org.apache.lucene.index.codecs.TermsConsumer,0.33,21,1,19,0,21,5,0,17,696,0
"org.apache.lucene.index.codecs.Codec",7,0.50,1.14,16,0.21,3857.94,9,2,6,10,20,178.04,16,22,15,1,138.15,0.00,0.00,0.07,1,12.00,2,621.08,0,1,6,java.lang.Object,0.00,3,0,8,11,3,6,0,6,155,2
"org.apache.lucene.index.codecs.CodecProvider",12,0.02,1.75,52,0.66,20326.86,20,8,9,26,45,143.60,43,74,39,1,122.99,0.00,0.00,0.15,0,96.00,4,1965.53,0,5,9,java.lang.Object,0.00,14,0,21,6,14,7,0,7,428,1
"org.apache.lucene.index.codecs.DefaultCodecProvider",1,0.00,1.00,6,0.04,297.65,1,0,9,5,4,122.49,0,8,1,2,122.49,0.00,0.50,0.00,0,1.00,1,110.80,1,0,4,org.apache.lucene.index.codecs.CodecProvider,0.00,4,1,1,0,4,1,0,0,34,0
"org.apache.lucene.index.codecs.DefaultSegmentInfosReader",3,0.00,4.67,42,0.74,51970.25,3,0,12,28,15,62.29,18,62,2,2,94.51,1.00,0.33,0.00,1,3.00,11,2217.76,0,1,14,org.apache.lucene.index.codecs.SegmentInfosReader,0.00,25,1,14,1,25,2,0,15,375,1
"org.apache.lucene.index.codecs.DefaultSegmentInfosWriter",4,0.17,1.25,27,0.33,7964.45,10,6,6,15,11,116.18,16,37,6,2,115.94,1.00,0.33,0.04,1,6.00,2,997.91,0,2,6,org.apache.lucene.index.codecs.SegmentInfosWriter,0.00,11,1,5,1,11,2,0,10,220,1
"org.apache.lucene.index.codecs.FieldsConsumer",3,0.00,1.33,11,0.14,3577.75,3,0,5,7,25,149.52,9,14,20,1,128.91,0.00,0.00,0.00,1,3.00,2,428.62,0,1,5,java.lang.Object,0.00,4,0,4,6,4,2,1,3,96,2
"org.apache.lucene.index.codecs.FieldsProducer",2,0.00,1.00,3,0.03,228.64,2,0,3,2,17,175.41,7,4,16,2,154.79,5.00,0.14,0.00,0,2.00,1,85.75,0,0,1,org.apache.lucene.index.Fields,0.00,0,1,2,5,0,2,1,1,27,2
"org.apache.lucene.index.codecs.FixedGapTermsIndexReader",4,0.18,2.00,56,0.79,44906.72,15,11,15,19,20,116.81,14,66,8,2,96.19,1.00,0.33,0.23,1,6.00,5,2370.34,0,0,12,org.apache.lucene.index.codecs.TermsIndexReaderBase,0.40,15,1,8,1,15,4,0,14,410,1
"org.apache.lucene.index.codecs.FixedGapTermsIndexReader$FieldIndexData",9,0.05,1.89,53,0.60,15798.56,16,7,15,17,6,119.23,1,77,0,1,119.23,0.00,0.00,0.10,2,36.00,4,1802.66,0,0,6,java.lang.Object,0.00,8,0,17,0,8,9,0,1,394,2
"org.apache.lucene.index.codecs.FixedGapTermsIndexReader$FieldIndexData$CoreFieldIndex",1,2.00,5.00,62,0.95,131133.35,6,5,15,11,2,81.60,18,69,0,1,63.47,0.00,0.00,0.60,0,0.00,5,2863.86,0,0,2,java.lang.Object,0.00,10,0,5,0,10,1,0,18,468,2
"org.apache.lucene.index.codecs.FixedGapTermsIndexReader$IndexEnum",6,0.27,1.83,53,0.83,69686.56,9,3,15,9,1,105.16,2,70,0,2,105.16,0.00,0.50,0.56,0,0.00,5,2503.87,0,1,1,org.apache.lucene.index.codecs.FieldIndexEnum,0.00,3,1,11,0,3,5,0,2,482,1
"org.apache.lucene.index.codecs.FixedGapTermsIndexWriter",6,0.12,2.00,64,0.78,33558.39,14,8,12,23,19,124.64,18,69,9,2,104.03,1.00,0.33,0.23,2,6.00,5,2326.84,0,1,10,org.apache.lucene.index.codecs.TermsIndexWriterBase,0.25,17,1,12,1,17,5,0,9,468,1
"org.apache.lucene.index.codecs.FixedGapTermsIndexWriter$SimpleFieldWriter",4,0.42,2.50,64,0.71,30027.05,16,12,12,12,5,95.59,17,73,0,2,95.35,0.00,0.50,0.40,0,0.00,3,2130.61,0,0,5,org.apache.lucene.index.codecs.FieldWriter,0.00,8,1,10,0,8,4,0,17,412,1
"org.apache.lucene.index.codecs.MappingMultiDocsAndPositionsEnum",9,0.11,1.78,52,0.52,21417.15,17,8,4,18,6,118.21,7,76,2,4,118.21,0.00,0.75,0.22,0,0.00,7,1566.56,0,2,4,org.apache.lucene.index.DocsAndPositionsEnum,1.27,9,3,16,0,9,7,0,2,338,2
"org.apache.lucene.index.codecs.MappingMultiDocsEnum",6,0.12,2.00,43,0.42,18909.21,14,8,3,11,5,161.77,7,60,2,3,111.77,0.00,0.67,0.23,0,10.00,7,1273.46,0,1,3,org.apache.lucene.index.DocsEnum,0.86,5,2,12,0,5,5,0,2,267,2
"org.apache.lucene.index.codecs.MergeState",0,0.00,0.00,15,0.14,2005.83,13,13,9,0,12,171.00,11,16,6,1,171.00,0.00,0.00,0.00,0,0.00,0,415.00,0,0,6,java.lang.Object,0.00,0,0,0,0,0,0,0,9,83,1
"org.apache.lucene.index.codecs.MergeState$CheckAbort",2,0.33,1.50,12,0.10,1583.52,5,3,9,3,1,119.29,8,16,0,1,119.05,0.00,0.00,0.50,0,2.00,2,305.60,0,0,1,java.lang.Object,0.00,1,0,3,0,1,2,0,1,75,2
"org.apache.lucene.index.codecs.MultiLevelSkipListReader",10,0.25,2.90,112,1.42,84682.67,24,14,4,21,2,83.11,59,128,0,1,100.98,0.00,0.00,0.30,3,0.00,7,4258.28,0,0,2,java.lang.Object,0.00,11,0,29,2,11,10,0,42,825,2
"org.apache.lucene.index.codecs.MultiLevelSkipListReader$SkipBuffer",7,0.22,1.00,21,0.22,3647.30,10,3,4,10,1,131.81,0,35,0,3,131.81,0.00,0.67,0.52,0,0.00,1,670.02,0,0,1,org.apache.lucene.store.IndexInput,0.65,3,2,7,0,3,7,0,0,165,3
"org.apache.lucene.index.codecs.MultiLevelSkipListWriter",6,0.00,2.83,56,0.53,25314.56,9,3,3,15,4,58.51,53,56,2,1,106.62,0.00,0.00,0.33,2,0.00,4,1578.17,0,0,2,java.lang.Object,0.00,9,0,17,2,9,6,0,14,336,2
"org.apache.lucene.index.codecs.PostingsConsumer",4,0.00,2.75,40,0.42,26843.03,4,0,5,12,17,103.57,16,46,11,1,103.33,0.00,0.00,0.00,3,4.00,8,1265.01,0,0,6,java.lang.Object,0.00,8,0,11,7,8,4,0,5,239,2
"org.apache.lucene.index.codecs.PostingsConsumer$PostingsMergeState",0,0.00,0.00,4,0.02,238.40,3,3,5,0,1,171.00,0,5,0,1,171.00,0.00,0.00,0.00,0,0.00,0,68.11,0,0,1,java.lang.Object,0.00,0,0,0,0,0,0,0,0,19,2
"org.apache.lucene.index.codecs.PostingsReaderBase",7,0.00,1.00,8,0.11,836.79,7,0,8,7,20,194.53,18,9,13,1,154.64,0.00,0.00,0.00,0,7.00,1,322.21,0,2,7,java.lang.Object,0.00,0,0,7,3,0,5,1,7,91,2
"org.apache.lucene.index.codecs.PostingsWriterBase",6,0.00,1.00,7,0.06,479.68,6,0,4,6,18,156.02,4,8,14,2,156.02,3.00,0.20,0.00,0,6.00,1,190.97,0,0,4,org.apache.lucene.index.codecs.PostingsConsumer,0.00,0,1,6,3,0,6,1,2,61,2
"org.apache.lucene.index.codecs.SegmentInfosReader",1,0.00,1.00,2,0.03,183.22,1,0,3,1,6,104.39,12,3,5,1,141.95,0.00,0.00,0.00,0,1.00,1,75.61,0,0,3,java.lang.Object,0.00,0,0,1,2,0,1,0,2,21,2
"org.apache.lucene.index.codecs.SegmentInfosWriter",3,0.00,1.00,4,0.04,322.57,3,0,4,3,7,106.53,30,5,5,1,155.00,0.00,0.00,0.00,0,3.00,1,131.35,0,1,3,java.lang.Object,0.00,0,0,3,2,0,2,0,4,39,2
"org.apache.lucene.index.codecs.TermStats",1,2.00,1.00,6,0.04,527.22,3,2,0,1,21,120.07,16,8,21,1,120.54,0.00,0.00,0.00,0,1.00,1,124.85,0,0,0,java.lang.Object,0.00,0,0,1,0,0,1,0,1,36,1
"org.apache.lucene.index.codecs.TermsConsumer",5,0.38,3.80,55,0.77,71540.23,7,2,6,16,21,139.01,12,68,12,1,99.12,0.00,0.00,0.20,3,8.00,15,2309.98,0,2,9,java.lang.Object,0.00,11,0,19,4,11,3,0,7,400,2
"org.apache.lucene.index.codecs.TermsIndexReaderBase",6,0.00,1.00,8,0.06,490.88,6,0,5,6,14,195.82,15,9,12,1,155.94,0.00,0.00,0.00,0,6.00,1,191.50,0,0,2,java.lang.Object,0.00,0,0,6,3,0,6,1,8,62,2
"org.apache.lucene.index.codecs.TermsIndexReaderBase$FieldIndexEnum",5,0.00,1.00,6,0.05,342.92,5,0,5,5,1,206.54,5,7,0,1,156.54,0.00,0.00,0.00,0,5.00,1,135.45,0,1,1,java.lang.Object,0.00,0,0,5,0,0,4,0,3,46,3
"org.apache.lucene.index.codecs.TermsIndexWriterBase",2,0.00,1.00,4,0.03,219.25,2,0,3,2,13,143.71,1,5,11,1,143.71,0.00,0.00,0.00,0,2.00,1,92.87,0,1,2,java.lang.Object,0.00,0,0,2,3,0,1,0,1,30,2
"org.apache.lucene.index.codecs.TermsIndexWriterBase$FieldWriter",3,0.00,1.00,4,0.05,347.07,3,0,3,3,2,154.75,0,5,0,1,154.75,0.00,0.00,0.00,0,3.00,1,141.15,0,0,2,java.lang.Object,0.00,0,0,3,0,0,3,0,0,41,2
"org.apache.lucene.index.codecs.VariableGapTermsIndexReader",11,0.02,1.73,66,0.81,25171.13,17,6,16,31,16,115.39,7,91,2,2,115.39,0.00,0.50,0.18,3,41.00,4,2437.12,0,0,14,org.apache.lucene.index.codecs.TermsIndexReaderBase,0.47,20,1,19,0,20,11,0,5,493,1
"org.apache.lucene.index.codecs.VariableGapTermsIndexReader$FieldIndexData",2,0.00,3.50,27,0.37,15049.27,5,3,16,10,6,148.63,2,36,0,1,98.63,0.00,0.00,0.33,1,0.00,5,1119.25,0,0,6,java.lang.Object,0.00,8,0,7,0,8,2,0,2,212,2
"org.apache.lucene.index.codecs.VariableGapTermsIndexReader$IndexEnum",6,0.00,1.33,23,0.21,4294.06,8,2,16,10,3,130.66,4,38,0,2,130.66,0.00,0.50,0.50,0,2.00,2,631.18,0,1,3,org.apache.lucene.index.codecs.FieldIndexEnum,0.00,4,1,8,0,4,5,0,4,156,2
"org.apache.lucene.index.codecs.VariableGapTermsIndexWriter",6,0.12,2.00,63,0.77,29939.17,14,8,13,23,14,54.42,55,68,3,2,104.42,0.00,0.50,0.23,2,6.00,5,2302.12,0,0,11,org.apache.lucene.index.codecs.TermsIndexWriterBase,0.25,17,1,12,0,17,6,0,44,462,1
"org.apache.lucene.index.codecs.VariableGapTermsIndexWriter$EveryNOrDocFreqTermSelector",3,0.50,1.33,17,0.14,2794.28,6,3,13,3,3,121.48,1,24,0,2,121.48,0.00,0.50,0.67,0,0.00,2,418.47,0,0,3,org.apache.lucene.index.codecs.IndexTermSelector,0.00,0,1,4,0,0,3,0,1,102,3
"org.apache.lucene.index.codecs.VariableGapTermsIndexWriter$EveryNTermSelector",3,0.50,1.33,15,0.11,1807.07,5,2,13,3,3,122.97,1,22,0,2,122.97,0.00,0.50,0.83,0,0.00,2,326.74,0,0,3,org.apache.lucene.index.codecs.IndexTermSelector,0.00,0,1,4,0,0,3,0,1,82,3
"org.apache.lucene.index.codecs.VariableGapTermsIndexWriter$FSTFieldWriter",4,0.25,1.50,33,0.41,9244.26,12,8,13,12,6,160.73,6,48,0,2,110.73,0.00,0.50,0.31,0,0.00,2,1242.76,0,0,6,org.apache.lucene.index.codecs.FieldWriter,0.00,8,1,6,0,8,4,0,6,255,1
"org.apache.lucene.index.codecs.VariableGapTermsIndexWriter$IndexTermSelector",2,0.00,1.00,3,0.02,153.21,2,0,13,2,3,206.16,2,4,0,1,156.16,0.00,0.00,0.00,0,2.00,1,72.73,0,0,3,java.lang.Object,0.00,0,0,2,0,0,2,0,2,24,3
"org.apache.lucene.analysis.in.IndicNormalizationFilter",2,0.00,1.50,11,0.11,2172.37,4,2,4,8,7,160.81,4,16,3,4,120.93,0.00,0.75,0.50,0,2.00,2,340.92,0,0,4,org.apache.lucene.analysis.TokenFilter,0.29,6,3,3,0,6,2,0,1,81,2
"org.apache.lucene.analysis.in.IndicNormalizer",3,0.00,5.00,55,2.83,340296.91,5,2,4,7,1,91.26,107,145,1,1,84.00,0.00,0.00,0.50,0,2.00,10,8496.41,0,0,0,java.lang.Object,0.00,4,0,15,0,4,3,0,80,1372,1
"org.apache.lucene.analysis.in.IndicNormalizer$ScriptData",1,3.00,1.00,7,0.04,585.54,4,3,4,1,0,117.68,0,9,0,1,117.68,0.00,0.00,0.00,0,1.00,1,131.23,0,0,0,java.lang.Object,0.00,0,0,1,0,0,1,0,0,38,2
"org.apache.lucene.analysis.in.IndicTokenizer",4,0.00,1.00,9,0.13,2474.14,4,0,4,6,4,137.79,3,18,1,5,137.79,0.00,0.80,0.00,0,4.00,1,380.69,0,0,3,org.apache.lucene.analysis.CharTokenizer,0.17,2,4,4,0,2,4,0,1,99,2
"org.apache.lucene.analysis.in.TestIndicNormalizer",2,0.00,1.00,13,0.13,1677.60,2,0,6,5,5,139.57,7,17,0,3,118.95,0.00,0.67,0.00,1,2.00,1,386.44,1,0,5,org.apache.lucene.analysis.BaseTokenStreamTestCase,0.00,3,2,2,0,3,2,0,3,88,1
"org.apache.lucene.analysis.path.PathHierarchyTokenizer",7,0.20,2.00,74,0.78,50795.08,17,10,6,19,6,143.02,18,95,2,4,103.14,0.00,0.75,0.27,0,13.00,8,2354.16,2,0,4,org.apache.lucene.analysis.Tokenizer,0.33,12,3,14,0,12,7,0,2,466,1
"org.apache.lucene.analysis.path.TestPathHierarchyTokenizer",9,0.00,1.00,76,0.92,20342.97,9,0,5,15,5,110.90,0,95,0,3,110.90,0.00,0.67,0.00,0,9.00,1,2759.76,1,0,5,org.apache.lucene.analysis.BaseTokenStreamTestCase,0.00,6,2,9,0,6,9,0,0,568,1
"org.apache.lucene.spatial.tier.CartesianPolyFilterBuilder",4,0.07,3.50,76,1.06,84513.93,9,5,9,24,9,44.83,45,87,1,1,88.95,0.00,0.00,0.25,1,6.00,8,3184.67,0,1,8,java.lang.Object,0.00,20,0,14,0,20,3,0,37,580,1
"org.apache.lucene.spatial.tier.CartesianShapeFilter",2,0.00,3.00,29,0.43,24278.35,4,2,11,15,10,96.07,8,33,1,2,95.83,0.00,0.50,0.50,0,2.00,5,1280.12,0,1,9,org.apache.lucene.search.Filter,0.00,13,1,6,0,13,1,0,4,228,1
"org.apache.lucene.spatial.tier.CartesianShapeFilter$DocIdSet",2,0.00,1.00,5,0.04,534.33,2,0,11,3,1,140.66,0,9,0,1,140.66,0.00,0.00,0.00,0,2.00,1,132.11,0,1,1,java.lang.Object,0.00,1,0,2,0,1,1,0,0,36,0
"org.apache.lucene.spatial.tier.DistanceCheck",2,0.00,1.50,17,0.19,6975.63,2,0,2,6,1,159.32,3,18,0,1,109.32,0.00,0.00,0.00,0,2.00,2,572.47,0,1,1,java.lang.Object,0.00,4,0,3,0,4,1,0,1,118,1
"org.apache.lucene.spatial.tier.DistanceFieldComparatorSource",3,0.00,1.33,13,0.11,1898.19,5,2,5,5,5,176.42,5,20,1,2,126.42,0.00,0.50,0.50,0,1.00,2,339.82,0,1,4,org.apache.lucene.search.FieldComparatorSource,0.00,2,1,4,0,2,2,0,1,87,1
"org.apache.lucene.spatial.tier.DistanceFieldComparatorSource$DistanceScoreDocLookupComparator",8,0.05,1.50,31,0.31,7510.19,11,3,5,8,1,129.70,2,50,0,2,129.70,0.00,0.50,0.38,0,0.00,3,926.22,0,2,1,org.apache.lucene.search.FieldComparator,0.67,0,1,12,0,0,6,0,2,219,1
"org.apache.lucene.spatial.tier.DistanceFilter",7,0.06,1.14,24,0.24,4477.63,13,6,5,11,5,131.31,32,33,4,2,131.08,2.00,0.25,0.12,0,15.00,2,725.16,0,2,1,org.apache.lucene.search.Filter,0.00,4,1,8,2,4,5,0,14,171,2
"org.apache.lucene.spatial.tier.DistanceHandler",5,0.08,2.80,41,0.52,18372.26,8,3,3,14,2,129.62,16,49,1,1,109.00,0.00,0.00,0.27,1,7.00,6,1571.48,0,1,1,java.lang.Object,0.00,9,0,14,0,9,4,0,8,326,1
"org.apache.lucene.spatial.tier.DistanceHandler$Precision",0,0.00,0.00,2,0.01,36.00,0,0,3,0,0,171.00,0,1,0,1,171.00,0.00,0.00,0.00,0,0.00,0,24.00,0,0,0,java.lang.Object,0.00,0,0,0,0,0,0,0,0,8,1
"org.apache.lucene.spatial.tier.DistanceQueryBuilder",10,0.11,1.40,50,0.50,12092.30,15,5,6,18,10,141.19,37,68,1,1,120.58,0.00,0.00,0.30,1,30.00,2,1493.05,0,5,9,java.lang.Object,0.00,8,0,14,0,8,5,0,7,335,1
"org.apache.lucene.spatial.tier.InvalidGeoException",1,0.00,1.00,3,0.02,106.02,1,0,0,1,10,119.38,5,5,10,2,137.25,0.00,0.50,0.00,0,1.00,1,45.51,0,0,0,java.lang.Exception,0.00,0,1,1,0,0,1,0,1,16,1
"org.apache.lucene.spatial.tier.LatLongDistanceFilter",4,0.13,1.75,33,0.46,17518.53,9,5,7,11,9,108.74,17,47,3,3,108.51,0.00,0.67,0.30,1,4.00,4,1388.97,0,1,6,org.apache.lucene.spatial.tier.DistanceFilter,0.25,7,2,7,0,7,3,0,4,301,1
"org.apache.lucene.spatial.tier.LatLongDistanceFilter$FilteredDocIdSet",1,0.00,3.00,17,0.21,7488.37,1,0,7,7,1,76.47,5,21,0,1,94.34,0.00,0.00,0.00,0,0.00,3,625.61,0,0,1,java.lang.Object,0.00,6,0,3,0,6,1,0,5,118,0
"org.apache.lucene.spatial.tier.Shape",5,0.12,1.00,13,0.10,1239.97,7,2,2,8,2,190.92,5,19,2,1,140.92,0.00,0.00,0.40,0,5.00,1,295.18,0,2,0,java.lang.Object,0.00,3,0,5,0,3,3,0,1,82,1
"org.apache.lucene.spatial.tier.TestCartesian",10,0.28,3.60,253,5.05,246217.40,19,9,32,58,28,33.98,94,264,0,2,83.98,0.00,0.50,0.37,3,0.00,8,15147.95,2,0,28,org.apache.lucene.util.LuceneTestCase,0.00,48,1,36,0,48,10,0,69,2327,1
"org.apache.lucene.spatial.tier.TestCartesian$CustomScoreQuery",1,0.00,1.00,3,0.02,212.85,1,0,32,2,2,134.87,0,5,0,1,134.87,0.00,0.00,0.00,0,1.00,1,73.21,0,1,2,java.lang.Object,0.00,1,0,1,0,1,0,0,0,22,0
"org.apache.lucene.spatial.tier.TestCartesian$CustomScoreQuery$CustomScoreProvider",1,0.00,4.00,8,0.14,5151.83,1,0,32,3,0,108.00,4,12,0,1,107.76,0.00,0.00,0.00,0,1.00,4,406.56,0,0,0,java.lang.Object,0.00,2,0,4,0,2,1,0,4,82,0
"org.apache.lucene.spatial.tier.TestCartesian$CustomScoreQuery_0",1,0.00,1.00,3,0.02,212.85,1,0,32,2,2,134.87,0,5,0,1,134.87,0.00,0.00,0.00,0,1.00,1,73.21,0,1,2,java.lang.Object,0.00,1,0,1,0,1,0,0,0,22,0
"org.apache.lucene.spatial.tier.TestCartesian$CustomScoreQuery_0$CustomScoreProvider_1",1,0.00,4.00,8,0.14,5151.83,1,0,32,3,0,108.00,4,12,0,1,107.76,0.00,0.00,0.00,0,1.00,4,406.56,0,0,0,java.lang.Object,0.00,2,0,4,0,2,1,0,4,82,0
"org.apache.lucene.spatial.tier.TestCartesian$CustomScoreQuery_2",1,0.00,1.00,3,0.02,212.85,1,0,32,2,2,134.87,0,5,0,1,134.87,0.00,0.00,0.00,0,1.00,1,73.21,0,1,2,java.lang.Object,0.00,1,0,1,0,1,0,0,0,22,0
"org.apache.lucene.spatial.tier.TestCartesian$CustomScoreQuery_2$CustomScoreProvider_3",1,0.00,4.00,8,0.14,5151.83,1,0,32,3,0,108.00,4,12,0,1,107.76,0.00,0.00,0.00,0,1.00,4,406.56,0,0,0,java.lang.Object,0.00,2,0,4,0,2,1,0,4,82,0
"org.apache.lucene.spatial.tier.TestCartesian$CustomScoreQuery_4",1,0.00,1.00,3,0.02,172.71,1,0,32,2,2,135.58,0,5,0,1,135.58,0.00,0.00,0.00,0,1.00,1,57.02,0,1,2,java.lang.Object,0.00,1,0,1,0,1,0,0,0,18,0
"org.apache.lucene.spatial.tier.TestCartesian$CustomScoreQuery_4$CustomScoreProvider_5",1,0.00,4.00,8,0.14,5151.83,1,0,32,3,0,108.00,4,12,0,1,107.76,0.00,0.00,0.00,0,1.00,4,406.56,0,0,0,java.lang.Object,0.00,2,0,4,0,2,1,0,4,82,0
"org.apache.lucene.spatial.tier.TestDistance",5,0.25,1.20,53,0.80,16452.22,11,6,14,26,12,73.74,33,60,0,2,105.96,0.00,0.50,0.37,2,1.00,2,2407.96,2,0,12,org.apache.lucene.util.LuceneTestCase,0.00,21,1,6,0,21,5,0,19,454,1
"org.apache.lucene.store.instantiated.FieldSetting",4,0.08,1.50,19,0.18,3946.59,12,8,0,7,5,125.11,19,27,5,1,124.87,0.00,0.00,0.06,0,4.00,3,527.78,0,0,0,java.lang.Object,0.00,3,0,6,1,3,4,0,2,129,0
"org.apache.lucene.store.instantiated.FieldSettings",5,0.25,3.00,35,0.36,13542.72,6,1,3,12,2,112.43,20,51,1,1,112.19,0.00,0.00,0.80,0,0.00,10,1069.88,0,1,1,java.lang.Object,0.00,7,0,15,0,7,4,0,3,236,0
"org.apache.lucene.store.instantiated.InstantiatedDocsAndPositionsEnum",8,0.29,1.75,48,0.52,17532.61,14,6,3,16,7,115.54,0,69,2,4,115.54,0.00,0.75,0.42,2,0.00,5,1574.58,0,2,5,org.apache.lucene.index.DocsAndPositionsEnum,1.33,8,3,14,0,8,6,0,0,338,1
"org.apache.lucene.store.instantiated.InstantiatedDocsEnum",5,0.38,2.20,36,0.39,14773.86,9,4,2,11,6,111.97,0,51,2,3,111.97,0.00,0.67,0.55,2,0.00,5,1178.00,0,1,4,org.apache.lucene.index.DocsEnum,0.92,6,2,11,0,6,4,0,0,250,1
"org.apache.lucene.store.instantiated.InstantiatedDocument",8,0.19,1.00,20,0.15,1804.70,11,3,3,10,7,191.24,13,30,6,1,141.24,0.00,0.00,0.17,0,28.00,1,459.45,0,4,2,java.lang.Object,0.00,2,0,8,0,2,4,0,7,127,1
"org.apache.lucene.store.instantiated.InstantiatedIndex",21,0.03,2.90,201,3.55,464464.55,28,7,24,93,27,140.83,44,243,6,1,100.95,0.00,0.00,0.12,4,163.00,40,10635.31,0,8,23,java.lang.Object,0.00,72,0,61,0,72,13,1,16,1599,1
"org.apache.lucene.store.instantiated.InstantiatedIndexReader",26,0.11,2.42,157,2.46,132538.19,30,4,20,72,20,133.19,98,227,4,2,112.58,0.00,0.50,0.14,3,202.00,12,7380.85,0,9,17,org.apache.lucene.index.IndexReader,0.27,46,1,63,0,46,17,0,18,1448,1
"org.apache.lucene.store.instantiated.InstantiatedIndexReader$Bits",2,0.00,1.00,5,0.06,1403.84,2,0,20,4,0,137.36,0,8,0,1,137.36,0.00,0.00,0.00,0,2.00,1,182.15,0,0,0,java.lang.Object,0.00,2,0,2,0,2,2,0,0,49,0
"org.apache.lucene.store.instantiated.InstantiatedIndexReader$Fields",2,0.00,2.50,19,0.26,17473.76,2,0,20,10,4,154.16,3,26,0,1,104.16,0.00,0.00,0.00,0,2.00,4,782.61,0,2,4,java.lang.Object,0.00,8,0,5,0,8,0,0,3,149,0
"org.apache.lucene.store.instantiated.InstantiatedIndexReader$Fields$FieldsEnum",2,1.00,1.50,13,0.11,3648.15,4,2,20,4,2,116.20,0,18,0,1,116.20,0.00,0.00,1.00,0,0.00,2,333.77,0,2,2,java.lang.Object,0.00,2,0,3,0,2,0,0,0,79,0
"org.apache.lucene.store.instantiated.InstantiatedIndexReader$Fields$Terms",3,0.00,1.00,7,0.06,800.47,3,0,20,5,3,140.66,0,13,0,1,140.66,0.00,0.00,0.00,0,3.00,1,170.18,0,2,3,java.lang.Object,0.00,2,0,3,0,2,1,0,0,48,0
"org.apache.lucene.store.instantiated.InstantiatedIndexReader$NormUpdate",1,2.00,1.00,6,0.04,483.10,3,2,20,1,0,120.84,0,9,0,1,120.84,0.00,0.00,0.00,0,1.00,1,116.08,0,0,0,java.lang.Object,0.00,0,0,1,0,0,1,0,0,34,1
"org.apache.lucene.store.instantiated.InstantiatedIndexWriter",22,0.03,3.86,324,6.55,967919.64,31,9,32,177,23,59.15,139,375,3,1,91.37,0.00,0.00,0.09,4,174.00,34,19647.50,0,3,21,java.lang.Object,0.00,155,0,85,0,155,19,1,80,2857,1
"org.apache.lucene.store.instantiated.InstantiatedIndexWriter$Comparator<InstantiatedTermDocumentInformation>",1,0.00,1.00,3,0.04,626.40,1,0,32,4,1,131.18,0,4,0,1,131.18,0.00,0.00,0.00,0,1.00,1,123.26,0,0,1,java.lang.Object,0.00,3,0,1,0,3,1,0,0,35,0
"org.apache.lucene.store.instantiated.InstantiatedIndexWriter$FieldSetting",2,6.00,1.00,10,0.09,1192.24,8,6,32,2,1,123.07,0,13,0,2,123.07,0.00,0.50,0.00,0,2.00,1,274.84,0,0,1,org.apache.lucene.store.instantiated.FieldSetting,0.33,0,1,2,0,0,2,0,0,65,1
"org.apache.lucene.store.instantiated.InstantiatedIndexWriter$TermDocumentInformationFactory",0,0.00,0.00,4,0.07,2126.66,3,3,32,1,1,171.00,0,5,0,1,171.00,0.00,0.00,0.00,0,0.00,0,212.67,0,0,1,java.lang.Object,0.00,1,0,0,0,1,0,0,0,51,1
"org.apache.lucene.store.instantiated.InstantiatedTerm",18,0.13,1.67,81,0.86,94381.84,22,4,2,26,11,119.37,82,103,10,1,119.13,0.00,0.00,0.12,3,130.00,10,2593.78,0,4,2,java.lang.Object,0.00,8,0,30,0,8,14,0,30,571,1
"org.apache.lucene.store.instantiated.InstantiatedTerm$Comparator<InstantiatedTerm>",1,0.00,1.00,3,0.03,432.92,1,0,2,3,1,132.44,0,4,0,1,132.44,0.00,0.00,0.00,0,1.00,1,101.06,0,0,1,java.lang.Object,0.00,2,0,1,0,2,1,0,0,29,0
"org.apache.lucene.store.instantiated.InstantiatedTerm$Comparator<Object>",1,0.00,1.00,3,0.04,424.19,1,0,2,3,2,132.51,0,4,0,1,132.51,0.00,0.00,0.00,0,1.00,1,113.42,0,0,2,java.lang.Object,0.00,2,0,1,0,2,1,0,0,31,0
"org.apache.lucene.store.instantiated.InstantiatedTermDocumentInformation",10,0.11,1.00,35,0.29,6264.47,15,5,2,12,13,131.41,44,46,12,1,131.18,0.00,0.00,0.10,0,50.00,1,855.24,0,2,3,java.lang.Object,0.00,2,0,10,0,2,8,0,14,214,1
"org.apache.lucene.store.instantiated.InstantiatedTermDocumentInformation$Comparator",1,0.00,1.00,5,0.05,859.46,1,0,2,4,1,121.82,0,6,0,1,121.82,0.00,0.00,0.00,0,1.00,1,160.93,0,0,1,java.lang.Object,0.00,3,0,1,0,3,1,0,0,40,0
"org.apache.lucene.store.instantiated.InstantiatedTermDocumentInformation$Comparator<InstantiatedTermDocumentInformation>",1,0.00,1.00,3,0.04,626.40,1,0,2,4,1,131.18,0,4,0,1,131.18,0.00,0.00,0.00,0,1.00,1,123.26,0,0,1,java.lang.Object,0.00,3,0,1,0,3,1,0,0,35,0
"org.apache.lucene.store.instantiated.InstantiatedTermDocumentInformation$Comparator<InstantiatedTermDocumentInformation>_0",1,0.00,1.00,3,0.04,568.83,1,0,2,4,1,131.51,0,4,0,1,131.51,0.00,0.00,0.00,0,1.00,1,126.26,0,0,1,java.lang.Object,0.00,3,0,1,0,3,1,0,0,35,0
"org.apache.lucene.store.instantiated.InstantiatedTermFreqVector",9,0.09,1.89,52,0.57,20642.62,13,4,4,22,5,138.93,28,60,1,1,118.32,0.00,0.00,0.33,0,9.00,4,1699.30,0,4,4,java.lang.Object,0.00,13,0,17,1,13,5,1,8,366,1
"org.apache.lucene.store.instantiated.InstantiatedTermPositionVector",3,0.00,1.00,7,0.07,845.96,3,0,2,6,5,190.48,5,13,1,2,140.48,0.00,0.50,0.00,0,3.00,1,207.64,1,1,4,org.apache.lucene.store.instantiated.InstantiatedTermFreqVector,0.00,3,1,3,0,3,2,1,1,59,1
"org.apache.lucene.store.instantiated.InstantiatedTermsEnum",13,0.22,1.69,70,0.85,29753.50,18,5,11,29,13,118.35,3,104,2,2,118.35,0.00,0.50,0.40,1,0.00,3,2544.17,0,8,11,org.apache.lucene.index.TermsEnum,0.59,16,1,22,0,16,5,0,3,544,1
"org.apache.lucene.store.instantiated.TestEmptyIndex",5,0.00,1.20,40,0.44,8976.55,5,0,13,24,12,111.65,2,47,0,2,111.65,0.00,0.50,0.00,2,5.00,2,1313.37,0,0,12,org.apache.lucene.util.LuceneTestCase,0.00,19,1,6,0,19,5,0,2,282,1
"org.apache.lucene.store.instantiated.TestIndicesEquals",8,0.00,6.88,303,6.11,749018.61,8,0,29,93,25,73.15,35,331,0,2,72.91,0.00,0.50,0.00,5,8.00,32,18331.84,0,2,25,org.apache.lucene.util.LuceneTestCase,0.00,85,1,55,0,85,6,0,27,2832,1
"org.apache.lucene.store.instantiated.TestIndicesEquals$Comparator<TermFreqVector>",1,0.00,1.00,3,0.03,432.92,1,0,29,3,1,132.44,0,4,0,1,132.44,0.00,0.00,0.00,0,1.00,1,101.06,0,0,1,java.lang.Object,0.00,2,0,1,0,2,1,0,0,29,0
"org.apache.lucene.store.instantiated.TestIndicesEquals$Comparator<TermFreqVector>_0",1,0.00,1.00,3,0.03,432.92,1,0,29,3,1,132.44,0,4,0,1,132.44,0.00,0.00,0.00,0,1.00,1,101.06,0,0,1,java.lang.Object,0.00,2,0,1,0,2,1,0,0,29,0
"org.apache.lucene.store.instantiated.TestIndicesEquals$TokenStream",2,0.50,1.50,11,0.12,2208.14,4,2,29,7,3,120.87,0,16,0,1,120.87,0.00,0.00,0.75,0,0.00,2,374.34,0,0,3,java.lang.Object,0.00,5,0,3,0,5,2,0,0,86,0
"org.apache.lucene.store.instantiated.TestRealTime",1,0.00,1.00,23,0.33,9594.42,1,0,8,15,9,56.63,6,25,0,2,88.85,0.00,0.50,0.00,0,1.00,1,993.85,0,0,9,org.apache.lucene.util.LuceneTestCase,0.00,14,1,1,0,14,1,0,1,192,1
"org.apache.lucene.store.instantiated.TestRealTime$Collector",4,1.00,1.00,8,0.08,907.54,5,1,8,4,2,141.22,0,13,0,2,141.22,0.00,0.50,0.25,0,6.00,1,236.47,0,0,2,org.apache.lucene.search.Collector,0.50,0,1,4,0,0,4,0,0,66,2
"org.apache.lucene.store.instantiated.TestUnoptimizedReaderOnConstructor",2,0.00,1.50,26,0.35,10905.49,2,0,10,18,8,139.81,4,31,0,2,99.93,0.00,0.50,0.00,1,2.00,2,1053.06,0,0,8,org.apache.lucene.util.LuceneTestCase,0.00,16,1,3,0,16,2,0,2,205,1
"org.apache.lucene.analysis.pattern.PatternReplaceCharFilter",11,0.05,2.82,98,1.23,74306.73,22,11,6,31,4,146.80,28,126,2,5,106.92,0.00,0.80,0.14,3,68.00,7,3693.45,2,2,2,org.apache.lucene.analysis.charfilter.BaseCharFilter,0.21,20,4,31,0,20,9,0,7,734,1
"org.apache.lucene.analysis.pattern.PatternReplaceFilter",2,0.60,3.00,19,0.25,5625.36,7,5,6,10,5,70.43,24,27,2,4,107.99,0.00,0.75,0.50,0,0.00,4,736.35,0,0,3,org.apache.lucene.analysis.TokenFilter,0.29,8,3,6,0,8,2,0,3,155,2
"org.apache.lucene.analysis.pattern.PatternTokenizer",5,0.31,2.60,57,0.74,46102.16,13,8,7,17,5,58.42,36,72,2,4,100.71,0.00,0.75,0.38,1,0.00,8,2211.50,2,0,3,org.apache.lucene.analysis.Tokenizer,0.36,12,3,13,0,12,5,0,10,440,2
"org.apache.lucene.analysis.pattern.TestPatternReplaceCharFilter",10,0.00,1.00,66,1.20,22249.21,10,0,8,17,6,136.23,34,94,0,3,115.61,0.00,0.67,0.00,1,10.00,1,3588.93,1,1,6,org.apache.lucene.analysis.BaseTokenStreamTestCase,0.00,7,2,10,0,7,9,0,32,667,1
"org.apache.lucene.analysis.pattern.TestPatternReplaceFilter",5,0.00,1.00,21,0.37,5798.78,5,0,5,9,4,124.41,3,47,0,3,124.41,0.00,0.67,0.00,0,5.00,1,1115.16,1,0,4,org.apache.lucene.analysis.BaseTokenStreamTestCase,0.00,4,2,5,0,4,5,0,1,231,1
"org.apache.lucene.analysis.pattern.TestPatternTokenizer",3,0.00,2.00,37,0.70,25100.18,3,0,12,24,8,57.40,21,56,0,3,99.70,0.00,0.67,0.00,1,3.00,3,2088.98,1,1,8,org.apache.lucene.analysis.BaseTokenStreamTestCase,0.00,21,2,6,0,21,2,0,11,377,1
"org.apache.lucene.demo.html.Entities",3,0.25,3.67,289,4.33,62668.95,5,2,2,17,2,112.74,4,300,2,1,62.74,0.00,0.00,0.67,1,0.00,5,12988.68,0,2,0,java.lang.Object,0.00,14,0,11,0,14,1,0,4,1578,1
"org.apache.lucene.demo.html.HTMLParser",38,0.07,4.84,546,6.17,345749.72,76,38,3,81,11,96.71,34,647,5,1,96.71,0.00,0.00,0.10,16,338.00,15,18524.45,0,5,7,java.lang.Object,0.00,43,0,184,0,43,33,1,34,3441,1
"org.apache.lucene.demo.html.HTMLParser$JJCalls",0,0.00,0.00,5,0.03,253.51,4,4,3,0,1,171.00,0,6,0,1,171.00,0.00,0.00,0.00,0,0.00,0,78.87,0,0,1,java.lang.Object,0.00,0,0,0,0,0,0,0,0,22,2
"org.apache.lucene.demo.html.HTMLParser$LookaheadSuccess",0,0.00,0.00,1,0.01,145.30,0,0,3,0,0,171.00,0,1,0,2,171.00,0.00,0.50,0.00,0,0.00,0,41.51,0,0,0,java.lang.Error,0.00,0,1,0,0,0,0,0,0,12,3
"org.apache.lucene.demo.html.HTMLParser$MyPipedInputStream",3,0.00,1.00,7,0.05,452.47,3,0,3,4,0,142.62,0,11,0,2,142.62,0.00,0.50,0.00,0,3.00,1,139.88,0,0,0,java.io.PipedInputStream,0.00,1,1,3,0,1,3,0,0,42,1
"org.apache.lucene.demo.html.HTMLParserConstants",0,0.00,0.00,40,0.61,7906.55,39,39,0,0,2,171.00,43,73,2,1,171.00,0.00,0.00,0.00,0,0.00,0,1834.18,0,0,0,,0.00,0,0,0,0,0,0,0,40,271,1
"org.apache.lucene.demo.html.HTMLParserTokenManager",51,0.07,8.69,960,12.93,1736149.91,70,19,3,62,4,87.99,12,1623,1,1,87.99,0.00,0.00,0.13,24,216.00,124,38803.15,0,0,3,java.lang.Object,0.00,11,0,443,0,11,51,1,12,6474,1
"org.apache.lucene.demo.html.ParseException",5,0.30,3.20,92,1.07,80794.24,10,5,0,14,3,61.39,69,112,2,2,90.77,0.00,0.50,0.44,0,0.00,10,3210.28,1,2,1,java.lang.Exception,0.00,9,1,16,0,9,3,0,11,572,1
"org.apache.lucene.demo.html.ParserThread",2,0.00,2.50,16,0.19,5142.33,3,1,1,9,2,160.25,2,27,1,2,110.25,0.00,0.50,1.00,0,0.00,4,558.48,0,0,2,java.lang.Thread,0.00,7,1,5,0,7,2,0,2,116,0
"org.apache.lucene.demo.html.SimpleCharStream",36,0.09,1.89,204,2.72,162256.64,52,16,0,44,2,166.01,45,352,2,1,116.01,0.00,0.00,0.15,6,144.00,10,8153.78,0,1,0,java.lang.Object,0.00,8,0,68,0,8,35,0,34,1701,1
"org.apache.lucene.demo.html.SuppressWarnings",6,0.20,1.50,48,0.66,33774.42,11,5,0,14,0,59.58,51,72,0,2,107.69,0.00,0.50,0.03,1,10.00,3,1967.96,1,3,0,java.lang.Error,0.00,8,1,9,0,8,3,0,14,375,1
"org.apache.lucene.demo.html.Tags",0,0.00,0.00,33,0.35,7423.82,1,1,3,2,0,171.00,4,35,0,1,171.00,0.00,0.00,0.00,0,0.00,0,1058.57,0,0,0,java.lang.Object,0.00,2,0,0,0,2,0,0,2,208,2
"org.apache.lucene.demo.html.Test",2,0.00,3.00,28,0.41,17897.49,2,0,1,16,2,96.88,0,29,0,1,96.88,0.00,0.00,0.00,1,2.00,3,1215.34,0,0,2,java.lang.Object,0.00,14,0,6,0,14,2,0,0,228,0
"org.apache.lucene.demo.html.TestHtmlParser",12,0.00,1.08,57,0.72,12674.54,12,0,6,25,1,124.71,2,92,0,2,124.71,0.00,0.50,0.00,1,12.00,2,2171.45,0,0,1,org.apache.lucene.util.LuceneTestCase,0.00,13,1,13,0,13,12,0,2,475,1
"org.apache.lucene.demo.html.Token",7,0.12,1.00,24,0.16,1989.42,15,8,0,8,5,83.88,67,38,5,1,133.88,0.00,0.00,0.02,1,12.00,1,468.86,0,4,0,java.lang.Object,0.00,1,0,7,0,1,3,0,15,131,1
"org.apache.lucene.analysis.id.IndonesianAnalyzer",5,0.50,1.80,21,0.28,6647.49,7,2,13,15,12,73.81,46,31,1,4,123.81,0.00,0.75,0.10,0,8.00,3,832.81,0,1,11,org.apache.lucene.analysis.util.StopwordAnalyzerBase,0.00,10,3,9,0,10,4,0,8,186,2
"org.apache.lucene.analysis.id.IndonesianAnalyzer$DefaultSetHolder",0,0.00,0.00,6,0.05,853.95,1,1,13,0,1,171.00,2,10,0,1,171.00,0.00,0.00,0.00,0,0.00,0,164.39,0,0,1,java.lang.Object,0.00,0,0,0,0,0,0,0,2,40,2
"org.apache.lucene.analysis.id.IndonesianStemFilter",3,0.12,1.67,18,0.20,4286.50,7,4,5,10,9,117.25,12,26,4,4,117.01,0.00,0.75,0.33,0,4.00,3,593.46,0,0,5,org.apache.lucene.analysis.TokenFilter,0.27,7,3,5,0,7,3,0,3,133,2
"org.apache.lucene.analysis.id.IndonesianStemmer",8,0.27,5.75,142,1.80,131467.05,17,9,1,11,1,131.39,17,202,1,1,91.50,0.00,0.00,0.35,1,0.00,15,5407.45,0,0,0,java.lang.Object,0.00,3,0,46,0,3,8,0,5,1065,1
"org.apache.lucene.analysis.id.TestIndonesianAnalyzer",3,0.00,1.00,14,0.15,2789.77,3,0,5,7,3,165.05,6,19,0,3,125.17,0.00,0.67,0.00,0,3.00,1,452.56,2,0,3,org.apache.lucene.analysis.BaseTokenStreamTestCase,0.00,4,2,3,0,4,3,0,5,103,1
"org.apache.lucene.analysis.id.TestIndonesianStemmer",4,0.00,1.00,75,0.83,13891.20,4,0,7,6,5,136.18,8,82,0,3,96.29,0.00,0.67,0.00,0,4.00,1,2476.86,2,0,5,org.apache.lucene.analysis.BaseTokenStreamTestCase,0.00,2,2,4,0,2,4,0,6,449,1
"org.apache.lucene.analysis.id.TestIndonesianStemmer$ReusableAnalyzerBase",1,0.00,1.00,4,0.05,753.46,1,0,7,4,3,125.89,0,6,0,1,125.89,0.00,0.00,0.00,0,1.00,1,135.44,0,1,3,java.lang.Object,0.00,3,0,1,0,3,0,0,0,34,0
"org.apache.lucene.analysis.id.TestIndonesianStemmer$ReusableAnalyzerBase_0",1,0.00,1.00,4,0.05,771.22,1,0,7,4,3,125.81,0,6,0,1,125.81,0.00,0.00,0.00,0,1.00,1,141.98,0,1,3,java.lang.Object,0.00,3,0,1,0,3,0,0,0,35,0
"org.apache.lucene.index.memory.MemoryIndex",13,0.03,3.23,156,2.39,166706.06,18,5,45,65,35,137.42,281,189,2,1,98.12,0.00,0.00,0.17,3,36.00,14,7166.97,0,4,33,java.lang.Object,0.00,52,0,42,0,52,9,0,54,1278,1
"org.apache.lucene.index.memory.MemoryIndex$ArrayIntList",10,0.17,1.80,53,0.59,24503.24,12,2,45,17,0,118.10,4,60,0,1,118.10,0.00,0.00,0.65,4,0.00,4,1765.44,0,1,0,java.lang.Object,0.00,7,0,18,0,7,9,0,4,385,3
"org.apache.lucene.index.memory.MemoryIndex$Collector",4,1.00,1.00,9,0.08,1124.03,5,1,45,5,1,140.49,0,16,0,1,140.49,0.00,0.00,0.25,0,6.00,1,254.77,0,0,1,java.lang.Object,0.00,1,0,4,0,1,4,0,0,69,0
"org.apache.lucene.index.memory.MemoryIndex$Comparator<Object>",1,0.00,12.00,6,0.14,7177.07,1,0,45,3,0,111.04,0,8,0,1,111.04,0.00,0.00,0.00,0,1.00,12,433.33,0,0,0,java.lang.Object,0.00,2,0,12,0,2,1,0,0,94,0
"org.apache.lucene.index.memory.MemoryIndex$Info",6,0.03,1.33,28,0.29,6617.64,13,7,45,10,2,145.13,19,35,0,1,124.52,0.00,0.00,0.17,0,18.00,2,874.52,0,0,2,java.lang.Object,0.00,4,0,8,0,4,6,0,9,195,3
"org.apache.lucene.index.memory.MemoryIndex$MemoryIndexReader",25,0.17,2.28,128,1.91,80763.45,30,5,45,59,14,117.10,15,180,0,2,117.10,0.00,0.50,0.04,3,86.00,6,5722.44,0,11,14,org.apache.lucene.index.IndexReader,0.20,34,1,57,0,34,14,0,15,1135,2
"org.apache.lucene.index.memory.MemoryIndex$MemoryIndexReader$Fields",2,0.00,1.50,11,0.09,1949.40,2,0,45,7,2,121.30,0,16,0,1,121.30,0.00,0.00,0.00,0,2.00,2,272.88,0,2,2,java.lang.Object,0.00,5,0,3,0,5,0,0,0,62,0
"org.apache.lucene.index.memory.MemoryIndex$MemoryIndexReader$Fields$FieldsEnum",2,0.00,1.50,9,0.08,1561.81,3,1,45,3,1,125.67,0,14,0,1,125.67,0.00,0.00,1.00,0,0.00,2,243.30,0,2,1,java.lang.Object,0.00,1,0,3,0,1,0,0,0,61,0
"org.apache.lucene.index.memory.MemoryIndex$MemoryIndexReader$Fields$Terms",4,0.00,1.00,9,0.08,1111.48,4,0,45,7,2,140.53,0,17,0,1,140.53,0.00,0.00,0.00,0,4.00,1,226.85,0,2,2,java.lang.Object,0.00,3,0,4,0,3,2,0,0,64,0
"org.apache.lucene.index.memory.MemoryIndex$MemoryIndexReader$MemoryDocsAndPositionsEnum",8,0.04,1.12,29,0.22,3702.88,12,4,45,11,3,132.19,0,47,0,4,132.19,0.00,0.75,0.22,1,20.00,2,669.24,0,2,3,org.apache.lucene.index.DocsAndPositionsEnum,1.33,3,3,9,0,3,6,0,0,171,1
"org.apache.lucene.index.memory.MemoryIndex$MemoryIndexReader$MemoryDocsEnum",5,0.08,1.20,21,0.16,3016.42,8,3,45,7,2,126.60,0,32,0,3,126.60,0.00,0.67,0.27,1,10.00,2,489.93,0,1,2,org.apache.lucene.index.DocsEnum,0.92,2,2,6,0,2,4,0,0,124,1
"org.apache.lucene.index.memory.MemoryIndex$MemoryIndexReader$MemoryTermsEnum",13,0.11,1.46,57,0.66,19082.12,16,3,45,25,7,123.52,1,89,0,2,123.52,0.00,0.50,0.44,1,0.00,3,1979.56,0,8,7,org.apache.lucene.index.TermsEnum,0.59,12,1,19,0,12,5,0,1,441,1
"org.apache.lucene.index.memory.MemoryIndex$MemoryIndexReader$TermPositionVector",8,0.29,1.75,48,0.56,27248.67,9,1,45,15,2,114.03,3,49,0,1,114.03,0.00,0.00,0.75,0,0.00,3,1665.39,0,3,2,java.lang.Object,0.00,7,0,14,0,7,5,0,3,361,0
"org.apache.lucene.index.memory.MemoryIndex$MemoryIndexReader$VM",11,0.04,1.00,33,0.47,12536.60,22,11,45,13,1,179.13,14,45,0,1,129.13,0.00,0.00,0.12,2,8.00,1,1419.81,0,0,1,java.lang.Object,0.00,2,0,11,0,2,11,0,11,329,3
"org.apache.lucene.index.memory.MemoryIndex$TokenStream",1,0.00,3.00,15,0.22,6014.99,5,4,45,12,2,147.12,1,18,0,1,97.12,0.00,0.00,1.00,0,0.00,3,653.98,0,0,2,java.lang.Object,0.00,11,0,3,0,11,1,0,1,129,0
"org.apache.lucene.index.memory.MemoryIndexTest",7,0.28,2.00,77,1.16,41123.71,10,3,20,44,15,102.55,32,87,0,3,102.31,0.00,0.67,0.10,4,17.00,3,3468.78,1,3,15,org.apache.lucene.analysis.BaseTokenStreamTestCase,0.00,37,2,14,0,37,4,0,12,642,1
"org.apache.lucene.spatial.geometry.CartesianPoint",7,0.08,1.71,28,0.27,6933.17,9,2,0,9,2,174.83,12,44,2,1,124.83,0.00,0.00,0.57,0,0.00,6,809.00,0,2,0,java.lang.Object,0.00,2,0,12,0,2,5,0,2,199,1
"org.apache.lucene.spatial.geometry.DistanceUnits",6,0.10,1.67,26,0.24,5584.61,10,4,0,11,7,92.82,40,37,7,1,125.05,0.00,0.00,0.17,0,22.00,3,725.98,0,2,0,java.lang.Object,0.00,5,0,10,0,5,4,0,7,175,1
"org.apache.lucene.spatial.geometry.FixedLatLng",19,0.02,1.58,66,0.72,22147.06,24,5,0,25,3,128.95,5,112,3,2,128.95,0.00,0.50,0.22,4,91.00,6,2162.24,0,5,2,org.apache.lucene.spatial.geometry.LatLng,0.58,6,1,30,0,6,14,0,1,510,1
"org.apache.lucene.spatial.geometry.FloatLatLng",15,0.07,1.73,59,0.73,26415.60,18,3,0,23,7,127.52,5,100,7,2,127.52,0.00,0.50,0.27,1,40.00,6,2186.35,0,4,2,org.apache.lucene.spatial.geometry.LatLng,0.65,8,1,26,0,8,11,0,1,496,1
"org.apache.lucene.spatial.geometry.LatLng",19,0.00,1.21,41,0.59,26319.68,19,0,0,31,9,174.87,53,62,7,1,134.99,0.00,0.00,0.00,3,19.00,5,1784.62,0,5,4,java.lang.Object,0.00,12,0,23,2,12,14,0,14,398,2
"org.apache.lucene.spatial.geometry.TestDistanceUnits",3,0.00,1.33,13,0.18,5760.14,3,0,2,8,1,104.75,15,22,0,2,122.62,0.00,0.50,0.00,0,3.00,2,551.81,0,0,1,org.apache.lucene.util.LuceneTestCase,0.00,5,1,4,0,5,3,0,5,134,1
"org.apache.lucene.index.codecs.sep.IntIndexInput",3,0.00,1.00,6,0.05,369.35,3,0,4,3,12,183.20,6,7,10,1,143.31,0.00,0.00,0.00,0,3.00,1,135.12,0,0,2,java.lang.Object,0.00,0,0,3,3,0,3,1,2,43,2
"org.apache.lucene.index.codecs.sep.IntIndexInput$Index",5,0.00,1.00,6,0.07,573.29,5,0,4,5,1,154.78,1,8,0,1,154.78,0.00,0.00,0.00,0,5.00,1,205.85,0,1,1,java.lang.Object,0.00,0,0,5,0,0,4,0,1,61,3
"org.apache.lucene.index.codecs.sep.IntIndexInput$Reader",3,1.00,2.00,23,0.21,9600.50,4,1,4,5,1,161.71,5,26,0,1,111.71,0.00,0.00,0.33,1,4.00,3,632.79,0,1,1,java.lang.Object,0.00,2,0,6,0,2,2,0,4,139,3
"org.apache.lucene.index.codecs.sep.IntIndexOutput",4,0.33,1.25,15,0.22,8592.48,6,2,3,4,12,147.53,14,18,11,1,126.91,0.00,0.00,0.25,1,6.00,2,662.45,0,1,1,java.lang.Object,0.00,0,0,5,3,0,3,1,5,146,2
"org.apache.lucene.index.codecs.sep.IntIndexOutput$Index",4,0.00,1.00,5,0.05,396.92,4,0,3,4,2,205.28,4,6,0,1,155.28,0.00,0.00,0.00,0,4.00,1,158.77,0,0,2,java.lang.Object,0.00,0,0,4,0,0,4,0,3,48,3
"org.apache.lucene.index.codecs.sep.IntStreamFactory",3,0.00,1.00,5,0.06,637.36,3,0,3,3,8,152.67,1,7,4,1,152.67,0.00,0.00,0.00,1,3.00,1,187.93,0,2,4,java.lang.Object,0.00,0,0,3,3,0,1,0,1,51,2
"org.apache.lucene.index.codecs.sep.SepPostingsReaderImpl",9,0.16,3.44,109,1.59,74446.69,16,7,17,33,23,139.49,24,156,5,2,99.61,0.00,0.50,0.29,1,14.00,7,4763.38,0,3,18,org.apache.lucene.index.codecs.PostingsReaderBase,0.25,24,1,31,0,24,6,0,20,931,1
"org.apache.lucene.index.codecs.sep.SepPostingsReaderImpl$SepDocsAndPositionsEnum",9,0.30,2.89,141,1.54,69002.01,35,26,17,30,8,96.53,37,184,0,4,96.29,0.00,0.75,0.30,1,0.00,6,4614.95,0,2,8,org.apache.lucene.index.DocsAndPositionsEnum,1.27,21,3,26,0,21,7,0,37,859,0
"org.apache.lucene.index.codecs.sep.SepPostingsReaderImpl$SepDocsEnum",7,0.40,3.29,99,1.05,38321.41,24,17,17,19,6,119.15,23,138,0,3,98.53,0.00,0.67,0.40,1,0.00,7,3136.97,0,1,6,org.apache.lucene.index.DocsEnum,1.00,12,2,23,0,12,6,0,23,602,0
"org.apache.lucene.index.codecs.sep.SepPostingsReaderImpl$SepTermState",3,0.71,2.33,28,0.35,11457.40,10,7,17,5,4,157.00,5,40,0,4,107.00,0.00,0.75,0.62,0,0.00,3,1057.18,3,2,4,org.apache.lucene.index.codecs.BlockTermState,1.00,2,3,7,0,2,1,0,5,233,3
"org.apache.lucene.index.codecs.sep.SepPostingsWriterImpl",11,0.20,2.45,160,1.98,93140.11,44,33,12,39,18,117.73,38,207,5,3,97.11,0.00,0.67,0.21,0,6.00,7,5933.91,0,0,13,org.apache.lucene.index.codecs.PostingsWriterBase,0.71,28,2,27,0,28,11,0,34,1098,2
"org.apache.lucene.index.codecs.sep.SepSkipListReader",11,0.25,2.73,102,1.11,50402.47,23,12,4,16,5,156.34,16,142,2,2,106.34,0.00,0.50,0.31,0,22.00,8,3328.28,3,3,3,org.apache.lucene.index.codecs.MultiLevelSkipListReader,0.19,5,1,30,0,5,8,0,9,669,0
"org.apache.lucene.index.codecs.sep.SepSkipListWriter",7,0.26,2.86,90,1.03,51293.72,21,14,4,14,4,67.85,43,109,1,2,100.07,0.00,0.50,0.30,0,5.00,5,3080.72,1,0,3,org.apache.lucene.index.codecs.MultiLevelSkipListWriter,0.00,7,1,20,0,7,7,0,36,604,0
"org.apache.solr.handler.extraction.ExtractingDocumentLoader",4,0.30,4.00,94,1.62,104470.83,14,10,33,49,17,37.00,34,115,2,2,85.10,0.00,0.50,0.32,2,4.00,13,4869.15,0,0,15,org.apache.solr.handler.ContentStreamLoader,0.00,45,1,16,0,45,4,0,16,746,1
"org.apache.solr.handler.extraction.ExtractingMetadataConstants",0,0.00,0.00,5,0.04,368.22,4,4,0,0,1,171.00,4,6,1,1,171.00,0.00,0.00,0.00,0,0.00,0,113.30,0,0,0,,0.00,0,0,0,0,0,0,0,1,29,1
"org.apache.solr.handler.extraction.ExtractingParams",0,0.00,0.00,14,0.21,3103.22,13,13,0,0,3,171.00,89,15,3,1,171.00,0.00,0.00,0.00,0,0.00,0,620.64,0,0,0,,0.00,0,0,0,0,0,0,0,14,121,1
"org.apache.solr.handler.extraction.ExtractingRequestHandler",9,0.00,2.00,47,0.68,27027.97,15,6,20,28,12,117.38,7,74,1,3,117.38,0.00,0.67,0.17,0,22.00,10,2048.38,1,7,11,org.apache.solr.handler.ContentStreamHandlerBase,0.52,19,2,18,0,19,2,1,3,391,1
"org.apache.solr.handler.extraction.SolrContentHandler",11,0.11,3.64,144,2.10,115915.19,25,14,14,58,9,79.60,62,172,2,2,97.47,0.00,0.50,0.18,3,29.00,14,6295.79,0,3,7,org.xml.sax.helpers.DefaultHandler,0.00,47,1,40,0,47,8,1,28,1127,1
"org.apache.solr.handler.extraction.SolrContentHandlerFactory",2,1.00,1.00,6,0.06,794.73,3,1,4,3,5,172.62,4,10,2,1,132.73,0.00,0.00,0.50,0,2.00,1,175.16,0,1,3,java.lang.Object,0.00,1,0,2,0,1,1,0,1,47,1
"org.apache.solr.client.solrj.LargeVolumeTestBase",2,0.00,2.00,30,0.35,12017.18,4,2,7,15,9,97.45,9,31,3,4,97.21,1.00,0.43,0.50,1,2.00,3,1049.20,1,0,6,org.apache.solr.client.solrj.SolrJettyTestBase,0.00,13,3,4,3,13,2,0,6,206,2
"org.apache.solr.client.solrj.LargeVolumeTestBase$DocThread",2,0.50,3.50,36,0.49,34845.16,4,2,7,16,3,90.49,1,45,0,2,90.49,0.00,0.50,0.75,0,0.00,6,1477.36,0,0,3,java.lang.Thread,0.00,14,1,7,0,14,2,0,1,265,1
"org.apache.solr.client.solrj.MergeIndexesExampleTestBase",12,1.00,1.00,56,0.81,28527.02,13,1,7,34,10,171.96,14,75,0,4,121.96,0.33,0.60,0.08,5,22.00,1,2435.72,1,10,10,org.apache.solr.client.solrj.SolrExampleTestBase,0.50,22,3,12,1,22,2,0,9,477,2
"org.apache.solr.client.solrj.MultiCoreExampleTestBase",11,1.00,1.27,75,1.19,58762.88,12,1,8,40,13,162.56,15,89,2,4,112.56,0.67,0.50,0.09,5,20.00,4,3577.86,3,9,11,org.apache.solr.client.solrj.SolrExampleTestBase,0.51,29,3,14,2,29,2,0,12,623,2
"org.apache.solr.client.solrj.ResponseParser",4,0.00,1.00,6,0.05,372.72,4,0,3,4,8,195.38,9,10,7,1,155.49,0.00,0.00,0.00,0,4.00,1,137.28,0,4,1,java.lang.Object,0.00,0,0,4,3,0,0,0,3,43,2
"org.apache.solr.client.solrj.SolrExampleBinaryTest",2,0.00,1.50,14,0.15,4219.64,2,0,6,11,5,133.82,7,23,0,5,113.21,0.00,0.80,0.00,0,2.00,2,461.79,1,1,5,org.apache.solr.client.solrj.SolrExampleTests,0.07,9,4,3,0,9,1,0,4,98,1
"org.apache.solr.client.solrj.SolrExampleTestBase",6,0.00,1.00,14,0.12,1523.03,6,0,1,8,4,180.72,15,17,2,3,140.84,2.50,0.25,0.00,1,6.00,1,370.43,2,5,2,org.apache.solr.util.AbstractSolrTestCase,0.33,2,2,6,5,2,1,0,4,99,2
"org.apache.solr.client.solrj.SolrExampleTests",13,0.00,2.38,436,7.44,542477.88,13,0,28,129,26,33.64,143,471,4,4,77.77,1.33,0.38,0.00,2,24.00,6,22326.53,2,1,22,org.apache.solr.client.solrj.SolrJettyTestBase,0.00,116,3,31,4,116,12,0,130,3593,2
"org.apache.solr.client.solrj.SolrExampleTests$StreamingResponseCallback",2,0.00,1.00,5,0.05,443.56,2,0,28,4,1,141.30,0,9,0,1,141.30,0.00,0.00,0.00,0,2.00,1,137.74,0,0,1,java.lang.Object,0.00,2,0,2,0,2,2,0,0,38,0
"org.apache.solr.client.solrj.SolrExceptionTest",1,0.00,2.00,11,0.13,2577.20,1,0,4,10,4,94.78,15,15,0,2,105.13,0.00,0.50,0.00,0,1.00,2,389.95,0,0,4,org.apache.lucene.util.LuceneTestCase,0.00,9,1,2,0,9,1,0,7,79,1
"org.apache.solr.client.solrj.SolrJettyTestBase",5,0.19,2.00,40,0.40,11753.60,9,4,7,19,14,150.49,13,54,9,3,110.61,7.50,0.11,0.40,0,4.00,3,1209.12,2,4,5,org.apache.solr.SolrTestCaseJ4,0.00,14,2,10,15,14,1,0,8,251,2
"org.apache.solr.client.solrj.SolrQuery",0,0.00,0.00,2,0.01,75.00,0,0,7,0,21,171.00,7,2,15,3,171.00,0.00,0.67,0.00,0,0.00,0,30.00,0,0,6,org.apache.solr.common.params.ModifiableSolrParams,0.00,0,2,0,0,0,0,0,1,10,1
"org.apache.solr.client.solrj.SolrQuery$ORDER",1,0.00,28.00,365,7.08,1583482.98,2,1,7,34,6,40.40,149,494,0,1,25.83,0.00,0.00,1.00,0,0.00,28,21237.45,0,1,6,java.lang.Object,0.00,33,0,28,0,33,0,0,33,2634,1
"org.apache.solr.client.solrj.SolrQueryTest",6,0.00,1.00,135,2.35,87220.47,6,0,3,99,2,128.03,14,142,0,2,88.15,0.00,0.50,0.00,0,6.00,1,7037.35,0,0,2,org.apache.lucene.util.LuceneTestCase,0.00,93,1,6,0,93,6,0,10,1207,1
"org.apache.solr.client.solrj.SolrRequest",12,0.18,1.00,28,0.20,2566.27,16,4,5,12,26,191.42,18,40,20,1,141.42,0.00,0.00,0.08,0,52.00,1,606.52,0,6,7,java.lang.Object,0.00,0,0,12,13,0,6,1,7,169,2
"org.apache.solr.client.solrj.SolrRequest$METHOD",0,0.00,0.00,2,0.01,39.30,0,0,5,0,0,171.00,0,4,0,1,171.00,0.00,0.00,0.00,0,0.00,0,19.65,0,0,0,java.lang.Object,0.00,0,0,0,0,0,0,1,0,7,1
"org.apache.solr.client.solrj.SolrResponse",3,0.00,1.00,4,0.03,279.90,3,0,2,3,8,205.49,5,6,7,1,155.49,0.00,0.00,0.00,0,3.00,1,101.74,0,1,1,java.lang.Object,0.00,0,0,3,9,0,2,1,1,33,2
"org.apache.solr.client.solrj.SolrServer",19,1.00,1.16,54,0.71,13230.42,20,1,17,39,46,187.35,24,76,35,1,137.35,0.00,0.00,0.05,4,36.00,3,2125.35,0,19,14,java.lang.Object,0.00,20,0,22,5,20,0,1,5,500,2
"org.apache.solr.client.solrj.SolrServerException",4,1.00,1.50,17,0.11,2473.96,5,1,0,5,26,176.47,5,24,26,2,126.47,0.00,0.50,0.00,0,4.00,3,334.25,0,1,0,java.lang.Exception,0.00,1,1,6,0,1,3,0,1,88,1
"org.apache.solr.client.solrj.StartSolrJetty",1,0.00,3.00,22,0.29,9493.76,1,0,4,19,0,51.79,12,30,0,1,89.35,0.00,0.00,0.00,0,1.00,3,857.41,0,0,0,java.lang.Object,0.00,18,0,3,0,18,1,0,10,149,1
"org.apache.solr.client.solrj.StreamingResponseCallback",2,0.00,1.00,3,0.03,166.11,2,0,1,2,6,138.01,11,4,5,1,155.89,0.00,0.00,0.00,0,2.00,1,77.12,0,0,1,java.lang.Object,0.00,0,0,2,0,0,2,0,3,25,2
"org.apache.solr.client.solrj.TestBatchUpdate",5,0.75,1.00,36,0.43,10018.20,6,1,10,20,7,163.47,9,47,0,4,113.47,0.00,0.75,0.40,1,10.00,1,1303.00,2,0,7,org.apache.solr.client.solrj.SolrJettyTestBase,0.00,15,3,5,0,15,5,0,4,274,1
"org.apache.solr.client.solrj.TestBatchUpdate$Bean",0,0.00,0.00,3,0.02,354.94,2,2,10,0,0,171.00,0,6,0,1,171.00,0.00,0.00,0.00,0,0.00,0,65.73,0,0,0,java.lang.Object,0.00,0,0,0,0,0,0,0,0,19,2
"org.apache.solr.client.solrj.TestBatchUpdate$Iterator<Bean>",3,0.00,1.00,9,0.07,1437.34,3,0,10,4,0,132.09,1,12,0,1,132.09,0.00,0.00,0.00,0,4.00,1,216.90,0,0,0,java.lang.Object,0.00,1,0,3,0,1,3,0,1,57,0
"org.apache.solr.client.solrj.TestBatchUpdate$Iterator<SolrInputDocument>",3,0.00,1.00,9,0.08,1569.95,3,0,10,5,1,131.79,1,12,0,1,131.79,0.00,0.00,0.00,0,4.00,1,228.01,0,1,1,java.lang.Object,0.00,2,0,3,0,2,2,0,1,59,0
"org.apache.solr.client.solrj.TestLBHttpSolrServer",7,0.08,2.71,122,1.84,82160.97,9,2,19,45,9,132.71,15,127,0,2,92.83,0.00,0.50,0.57,2,0.00,5,5522.75,2,0,9,org.apache.lucene.util.LuceneTestCase,0.00,38,1,19,0,38,7,0,10,986,1
"org.apache.solr.client.solrj.TestLBHttpSolrServer$SolrInstance",10,0.04,1.20,49,0.52,10493.59,16,6,19,24,3,124.71,2,64,0,1,124.71,0.00,0.00,0.20,2,38.00,2,1569.37,0,6,3,java.lang.Object,0.00,14,0,12,0,14,4,0,2,353,1
"org.apache.lucene.analysis.hy.ArmenianAnalyzer",5,0.50,1.80,21,0.29,7141.30,7,2,16,16,14,75.46,42,31,1,4,123.56,0.00,0.75,0.10,0,8.00,3,866.52,0,2,13,org.apache.lucene.analysis.util.StopwordAnalyzerBase,0.00,11,3,9,0,11,3,0,8,192,2
"org.apache.lucene.analysis.hy.ArmenianAnalyzer$DefaultSetHolder",0,0.00,0.00,6,0.05,853.95,1,1,16,0,1,171.00,2,11,0,1,171.00,0.00,0.00,0.00,0,0.00,0,164.39,0,0,1,java.lang.Object,0.00,0,0,0,0,0,0,0,2,40,2
"org.apache.lucene.analysis.hy.TestArmenianAnalyzer",3,0.00,1.00,14,0.15,2836.17,3,0,5,7,3,164.99,6,19,0,3,125.11,0.00,0.67,0.00,0,3.00,1,450.25,2,0,3,org.apache.lucene.analysis.BaseTokenStreamTestCase,0.00,4,2,3,0,4,3,0,5,103,1
"org.apache.solr.util.AbstractSolrTestCase",30,0.04,1.93,148,1.91,60018.48,36,6,17,83,28,122.63,133,210,20,2,122.39,31.00,0.03,0.13,10,198.00,6,5726.95,2,14,8,org.apache.lucene.util.LuceneTestCase,0.00,53,1,58,31,53,16,0,34,1187,2
"org.apache.solr.util.AbstractSolrTestCase$Doc",1,0.00,1.00,4,0.02,212.03,2,1,17,1,0,130.22,0,5,0,1,130.22,0.00,0.00,1.00,0,0.00,1,66.54,0,1,0,java.lang.Object,0.00,0,0,1,0,0,0,0,0,21,2
"org.apache.solr.util.BCDUtils",12,0.27,5.00,206,2.97,376808.38,14,2,0,15,11,122.70,240,249,11,1,89.32,0.00,0.00,0.25,5,44.00,13,8896.33,0,4,0,java.lang.Object,0.00,3,0,60,0,3,8,0,136,1661,1
"org.apache.solr.util.Base100S",2,0.00,1.00,5,0.05,677.94,2,0,7,4,4,139.85,0,10,1,2,139.85,0.00,0.50,0.00,0,2.00,1,137.42,0,2,3,org.apache.solr.util.Converter,0.00,2,1,2,0,2,0,0,0,39,0
"org.apache.solr.util.Base10kS",2,0.00,1.00,5,0.05,677.94,2,0,7,4,4,139.85,0,10,1,2,139.85,0.00,0.50,0.00,0,2.00,1,137.42,0,2,3,org.apache.solr.util.Converter,0.00,2,1,2,0,2,0,0,0,39,0
"org.apache.solr.util.BitSetPerf",2,1.00,21.00,161,2.05,375377.28,3,1,4,24,2,39.91,11,139,0,1,57.78,0.00,0.00,0.50,1,2.00,40,6147.82,0,0,2,java.lang.Object,0.00,22,0,42,0,22,2,0,2,955,1
"org.apache.solr.util.BoundedTreeSet",9,0.88,1.44,30,0.26,4294.01,10,1,1,11,4,132.02,5,43,4,2,132.02,0.00,0.50,0.22,2,19.00,2,776.79,2,0,0,java.util.TreeSet,0.00,2,1,13,0,2,9,0,1,197,1
"org.apache.solr.util.ByteUtils",3,1.00,2.67,34,0.70,53949.88,4,1,2,9,14,119.04,10,43,13,1,98.42,0.00,0.00,0.00,1,3.00,6,2086.49,0,1,1,java.lang.Object,0.00,6,0,8,0,6,2,0,5,392,1
"org.apache.solr.util.Converter",2,0.00,1.00,3,0.01,84.38,2,0,7,2,11,158.20,0,4,9,1,158.20,0.00,0.00,0.00,0,2.00,1,44.19,0,2,2,java.lang.Object,0.00,0,0,2,8,0,0,0,0,18,1
"org.apache.solr.util.DateMathParser",7,0.07,3.29,98,1.56,113115.47,12,5,9,28,10,74.69,99,145,9,1,94.83,0.00,0.00,0.26,3,25.00,12,4666.75,0,3,1,java.lang.Object,0.00,21,0,23,0,21,4,0,21,842,1
"org.apache.solr.util.DateMathParserTest",14,0.15,1.43,159,2.23,58332.64,17,3,11,39,1,153.57,22,185,0,2,103.57,0.00,0.50,0.48,6,0.00,4,6694.55,0,3,1,org.apache.lucene.util.LuceneTestCase,0.00,25,1,20,0,25,11,0,14,1204,1
"org.apache.solr.util.FindClasses",5,0.38,4.20,67,1.08,63608.32,7,2,14,41,2,117.41,17,89,2,1,96.80,0.00,0.00,0.20,0,11.00,9,3239.52,0,3,0,java.lang.Object,0.00,36,0,21,0,36,2,0,5,575,0
"org.apache.solr.util.Float2Float",2,0.00,1.00,5,0.06,896.91,2,0,7,4,4,138.89,0,10,1,2,138.89,0.00,0.50,0.00,0,2.00,1,171.52,0,2,3,org.apache.solr.util.Converter,0.00,2,1,2,0,2,0,0,0,47,0
"org.apache.solr.util.HighFrequencyDictionary",2,3.00,1.00,11,0.09,1227.75,5,3,9,4,10,105.10,10,14,3,1,122.97,0.00,0.00,0.00,0,2.00,1,281.30,0,1,7,java.lang.Object,0.00,2,0,2,0,2,1,1,1,71,1
"org.apache.solr.util.HighFrequencyDictionary$HighFrequencyIterator",6,0.15,3.00,41,0.37,10547.14,10,4,9,13,6,116.17,2,63,0,1,116.17,0.00,0.00,0.38,1,6.00,8,1108.16,0,1,6,java.lang.Object,0.00,7,0,18,0,7,5,2,2,245,1
"org.apache.solr.util.Int2Int",2,0.00,1.00,5,0.06,896.91,2,0,7,4,4,138.89,0,10,1,2,138.89,0.00,0.50,0.00,0,2.00,1,171.52,0,2,3,org.apache.solr.util.Converter,0.00,2,1,2,0,2,0,0,0,47,0
"org.apache.solr.util.LongPriorityQueue",17,0.19,1.82,109,0.91,36120.99,22,5,1,20,3,97.76,91,142,3,1,115.63,0.00,0.00,0.38,6,0.00,4,2742.36,0,0,0,java.lang.Object,0.00,3,0,31,0,3,17,0,39,634,1
"org.apache.solr.util.NumberUtils",24,0.00,1.17,83,1.07,34025.32,24,0,1,39,21,178.35,28,108,20,1,128.35,0.00,0.00,0.00,8,24.00,2,3197.61,0,14,1,java.lang.Object,0.00,15,0,28,0,15,10,0,26,748,1
"org.apache.solr.util.PrimUtils",2,0.00,12.00,71,1.16,347549.34,2,0,0,4,2,34.01,24,85,2,1,71.57,0.00,0.00,0.00,1,2.00,18,3469.11,0,0,0,java.lang.Object,0.00,2,0,24,0,2,2,0,6,617,1
"org.apache.solr.util.PrimUtils$IntComparator",3,0.00,1.00,6,0.06,667.98,3,0,0,3,0,141.28,0,9,0,1,141.28,0.00,0.00,0.00,1,3.00,1,171.32,0,0,0,java.lang.Object,0.00,0,0,3,0,0,3,0,0,50,3
"org.apache.solr.util.PrimUtilsTest",2,0.00,6.00,64,0.76,73166.95,2,0,2,13,2,78.51,1,54,0,2,78.51,0.00,0.50,0.00,0,2.00,7,2279.81,0,0,2,org.apache.lucene.util.LuceneTestCase,0.00,11,1,12,0,11,2,0,1,417,1
"org.apache.solr.util.PrimUtilsTest$PrimUtils.IntComparator",1,0.00,1.00,3,0.03,457.63,1,0,2,1,0,182.25,1,5,0,1,132.25,0.00,0.00,0.00,0,1.00,1,76.45,0,0,0,java.lang.Object,0.00,0,0,1,0,0,1,0,1,23,0
"org.apache.solr.util.RefCounted",6,0.20,1.17,16,0.12,1748.70,8,2,1,10,15,190.33,11,23,15,1,140.33,0.00,0.00,0.33,1,10.00,2,347.87,0,2,0,java.lang.Object,0.00,4,0,7,0,4,4,0,1,96,2
"org.apache.solr.util.SentinelIntSet",14,0.04,1.93,83,0.88,57241.19,18,4,1,17,3,116.34,5,91,2,1,116.34,0.00,0.00,0.29,10,30.00,6,2652.91,0,0,1,java.lang.Object,0.00,3,0,27,0,3,14,0,5,567,1
"org.apache.solr.util.SimplePostTool",11,0.01,3.91,131,1.98,91016.13,23,12,14,49,1,140.87,28,190,1,1,100.99,0.00,0.00,0.09,7,25.00,13,5937.86,0,1,0,java.lang.Object,0.00,38,0,43,0,38,10,0,9,1054,1
"org.apache.solr.util.SolrPluginUtils",22,0.13,3.77,239,3.81,205009.41,28,6,30,112,48,52.14,212,312,18,1,102.13,0.00,0.00,0.04,8,82.00,9,11434.92,0,14,32,java.lang.Object,0.00,90,0,83,1,90,8,0,41,2134,1
"org.apache.solr.util.SolrPluginUtils$DisjunctionMaxQueryParser",7,0.83,4.14,94,1.53,84241.77,8,1,30,63,19,46.99,66,131,0,4,96.99,0.00,0.75,0.29,1,13.00,8,4599.09,2,4,19,org.apache.solr.search.SolrQueryParser,0.00,56,3,29,0,56,3,0,13,820,2
"org.apache.solr.util.SolrPluginUtils$DisjunctionMaxQueryParser$Alias",0,0.00,0.00,3,0.02,296.92,2,2,30,0,0,171.00,0,4,0,1,171.00,0.00,0.00,0.00,0,0.00,0,74.23,0,0,0,java.lang.Object,0.00,0,0,0,0,0,0,0,0,19,2
"org.apache.solr.util.SolrPluginUtils$DisjunctionMaxQueryParser$IdentityRegenerator",1,0.00,1.00,4,0.05,614.64,1,0,30,2,3,126.58,0,11,0,1,126.58,0.00,0.00,0.00,0,1.00,1,136.34,0,0,3,java.lang.Object,0.00,1,0,1,0,1,1,1,0,34,2
"org.apache.solr.util.SolrPluginUtilsTest",13,0.00,1.15,203,3.65,227369.45,13,0,26,64,17,143.69,20,266,0,3,93.69,0.00,0.67,0.00,0,31.00,2,10957.71,3,3,17,org.apache.solr.SolrTestCaseJ4,0.00,51,2,15,0,51,10,0,18,1851,1
"org.apache.solr.util.SortDouble",2,0.00,1.00,5,0.05,677.94,2,0,7,4,4,139.85,0,10,1,2,139.85,0.00,0.50,0.00,0,2.00,1,137.42,0,2,3,org.apache.solr.util.Converter,0.00,2,1,2,0,2,0,0,0,39,0
"org.apache.solr.util.SortFloat",2,0.00,1.00,5,0.05,677.94,2,0,7,4,4,139.85,0,10,1,2,139.85,0.00,0.50,0.00,0,2.00,1,137.42,0,2,3,org.apache.solr.util.Converter,0.00,2,1,2,0,2,0,0,0,39,0
"org.apache.solr.util.SortInt",2,0.00,1.00,5,0.05,677.94,2,0,7,4,4,139.85,0,10,1,2,139.85,0.00,0.50,0.00,0,2.00,1,137.42,0,2,3,org.apache.solr.util.Converter,0.00,2,1,2,0,2,0,0,0,39,0
"org.apache.solr.util.SortLong",2,0.00,1.00,5,0.05,677.94,2,0,7,4,4,139.85,0,10,1,2,139.85,0.00,0.50,0.00,0,2.00,1,137.42,0,2,3,org.apache.solr.util.Converter,0.00,2,1,2,0,2,0,0,0,39,0
"org.apache.solr.util.SortedIterator",0,0.00,0.00,1,0.00,12.00,0,0,1,0,4,171.00,4,2,4,1,171.00,0.00,0.00,0.00,0,0.00,0,8.00,0,0,0,,0.00,0,0,0,0,0,0,0,1,4,1
"org.apache.solr.util.SuggestMissingFactories",1,0.00,3.00,22,0.41,23366.17,1,0,14,13,1,68.40,5,34,0,1,86.27,0.00,0.00,0.00,0,1.00,3,1241.59,0,0,1,java.lang.Object,0.00,12,0,3,0,12,1,0,1,212,1
"org.apache.solr.util.TermFreqIterator",1,0.00,1.00,3,0.02,350.45,1,0,1,1,11,133.16,0,4,11,1,133.16,0.00,0.00,0.00,0,1.00,1,70.82,0,0,0,,0.00,0,0,1,0,0,1,0,0,21,1
"org.apache.solr.util.TermFreqIterator$TermFreqIteratorWrapper",5,0.75,1.00,12,0.07,793.66,6,1,1,9,1,142.44,0,18,0,1,142.44,0.00,0.00,0.40,0,7.00,1,218.45,0,1,1,java.lang.Object,0.00,4,0,5,0,4,4,1,0,67,2
"org.apache.solr.util.TestHarness",29,0.11,1.93,161,1.92,64277.61,34,5,35,76,25,100.56,157,239,6,1,118.43,0.00,0.00,0.10,7,173.00,6,5754.76,0,19,19,java.lang.Object,0.00,47,0,56,0,47,10,0,33,1214,1
"org.apache.solr.util.TestHarness$Initializer",3,0.25,1.33,21,0.22,5067.79,7,4,35,13,6,113.99,0,30,0,2,113.99,0.00,0.50,0.42,0,1.00,2,662.60,0,2,6,CoreContainer.Initializer,0.00,10,1,4,0,10,1,0,0,150,1
"org.apache.solr.util.TestHarness$Initializer$SolrResourceLoader",0,0.00,0.00,5,0.05,533.28,0,0,35,1,0,171.00,0,7,0,1,171.00,0.00,0.00,0.00,0,0.00,0,144.43,0,0,0,java.lang.Object,0.00,1,0,0,0,1,0,0,0,34,0
"org.apache.solr.util.TestHarness$LocalRequestFactory",2,0.50,2.50,18,0.29,17603.19,6,4,35,8,2,54.13,18,22,0,1,104.13,0.00,0.00,0.50,0,2.00,4,862.48,0,1,2,java.lang.Object,0.00,6,0,5,0,6,1,0,1,168,1
"org.apache.solr.util.TestNumberUtils",7,0.07,3.71,104,1.58,80612.96,12,5,7,29,11,116.58,25,107,0,2,95.96,0.00,0.50,0.26,5,3.00,9,4737.49,0,1,11,org.apache.lucene.util.LuceneTestCase,0.00,22,1,26,0,22,6,0,25,891,1
"org.apache.solr.util.TestUtils",3,0.00,1.67,79,1.29,74048.46,3,0,8,36,3,133.51,5,87,0,2,83.51,0.00,0.50,0.00,0,3.00,3,3877.05,0,0,3,org.apache.lucene.util.LuceneTestCase,0.00,33,1,5,0,33,3,0,3,697,1
"org.apache.solr.util.VersionedFile",2,1.00,5.50,41,0.52,41365.93,3,1,11,16,2,39.99,16,51,2,1,88.09,0.00,0.00,0.50,1,2.00,7,1567.26,0,1,0,java.lang.Object,0.00,14,0,11,0,14,1,0,9,285,1
"org.apache.solr.util.VersionedFile$FilenameFilter",1,0.00,1.00,3,0.02,217.60,1,0,11,2,0,134.79,0,4,0,1,134.79,0.00,0.00,0.00,0,1.00,1,68.92,0,0,0,java.lang.Object,0.00,1,0,1,0,1,1,0,0,20,0
"org.apache.lucene.analysis.stempel.StempelFilter",3,0.20,2.00,20,0.24,5510.14,8,5,5,9,7,66.11,27,28,2,4,116.11,0.00,0.75,0.33,0,5.00,4,708.94,0,0,5,org.apache.lucene.analysis.TokenFilter,0.27,6,3,6,0,6,3,0,6,155,2
"org.apache.lucene.analysis.stempel.StempelStemmer",4,0.33,1.75,24,0.29,8406.16,6,2,7,18,6,73.39,30,36,3,1,115.68,0.00,0.00,0.25,1,6.00,3,877.89,0,1,3,java.lang.Object,0.00,14,0,7,0,14,3,0,5,188,1
"org.apache.lucene.analysis.hu.HungarianAnalyzer",5,0.50,1.80,21,0.29,7141.30,7,2,17,16,15,75.46,42,31,1,4,123.56,0.00,0.75,0.10,0,8.00,3,866.52,0,1,14,org.apache.lucene.analysis.util.StopwordAnalyzerBase,0.00,11,3,9,0,11,4,0,8,192,2
"org.apache.lucene.analysis.hu.HungarianAnalyzer$DefaultSetHolder",0,0.00,0.00,6,0.05,843.89,1,1,17,0,2,171.00,2,11,0,1,171.00,0.00,0.00,0.00,0,0.00,0,162.56,0,0,2,java.lang.Object,0.00,0,0,0,0,0,0,0,2,40,2
"org.apache.lucene.analysis.hu.HungarianLightStemFilter",2,0.33,2.00,14,0.16,3794.18,5,3,6,9,8,113.74,9,20,2,4,113.50,0.00,0.75,0.50,0,2.00,3,481.98,0,0,6,org.apache.lucene.analysis.TokenFilter,0.29,7,3,4,0,7,2,0,1,107,2
"org.apache.lucene.analysis.hu.HungarianLightStemmer",6,0.00,7.33,65,1.75,137495.05,6,0,1,7,1,148.90,8,155,1,1,98.90,0.00,0.00,0.00,2,6.00,18,5261.27,0,0,0,java.lang.Object,0.00,1,0,44,0,1,6,0,2,935,1
"org.apache.lucene.analysis.hu.TestHungarianAnalyzer",3,0.00,1.00,14,0.15,2836.17,3,0,5,7,3,164.99,6,19,0,3,125.11,0.00,0.67,0.00,0,3.00,1,450.25,2,0,3,org.apache.lucene.analysis.BaseTokenStreamTestCase,0.00,4,2,3,0,4,3,0,5,103,1
"org.apache.lucene.analysis.hu.TestHungarianLightStemFilter",1,0.00,1.00,5,0.04,412.90,1,0,8,3,5,124.56,4,8,0,3,124.33,0.00,0.67,0.00,0,1.00,1,116.42,0,0,5,org.apache.lucene.analysis.BaseTokenStreamTestCase,0.00,2,2,1,0,2,1,0,2,31,1
"org.apache.lucene.analysis.hu.TestHungarianLightStemFilter$ReusableAnalyzerBase",1,0.00,1.00,4,0.05,771.22,1,0,8,4,3,125.81,0,7,0,1,125.81,0.00,0.00,0.00,0,1.00,1,141.98,0,1,3,java.lang.Object,0.00,3,0,1,0,3,0,0,0,35,0
"org.apache.lucene.search.AutomatonQuery",5,0.25,4.80,69,0.89,41300.66,8,3,12,32,18,50.14,40,95,7,3,98.24,1.00,0.40,0.53,0,4.00,10,2672.97,3,2,11,org.apache.lucene.search.MultiTermQuery,0.11,27,2,24,2,27,3,0,12,528,1
"org.apache.lucene.search.AutomatonQuery$TermsEnumFactory",1,0.00,1.00,2,0.02,130.77,1,0,12,1,3,143.10,0,3,0,1,143.10,0.00,0.00,0.00,0,1.00,1,54.63,0,1,3,java.lang.Object,0.00,0,0,1,0,0,0,0,0,17,2
"org.apache.lucene.search.AutomatonQuery$TermsEnumFactory_0",1,0.00,1.00,3,0.03,391.68,1,0,12,1,3,132.78,0,5,0,1,132.78,0.00,0.00,0.00,0,1.00,1,85.66,0,1,3,java.lang.Object,0.00,0,0,1,0,0,0,0,0,23,0
"org.apache.lucene.search.AutomatonQuery$TermsEnumFactory_1",1,0.00,1.00,3,0.03,411.66,1,0,12,2,3,132.61,0,5,0,1,132.61,0.00,0.00,0.00,0,1.00,1,89.75,0,1,3,java.lang.Object,0.00,1,0,1,0,1,0,0,0,24,0
"org.apache.lucene.search.AutomatonQuery$TermsEnumFactory_2",1,0.00,1.00,3,0.04,660.33,1,0,12,3,4,131.00,0,5,0,1,131.00,0.00,0.00,0.00,0,0.00,1,132.86,0,1,4,java.lang.Object,0.00,2,0,1,0,2,0,0,0,32,0
"org.apache.lucene.search.AutomatonQuery$TermsEnumFactory_3",1,0.00,1.00,3,0.04,660.33,1,0,12,3,4,131.00,0,5,0,1,131.00,0.00,0.00,0.00,0,0.00,1,132.86,0,1,4,java.lang.Object,0.00,2,0,1,0,2,0,0,0,32,0
"org.apache.lucene.search.AutomatonQuery$TermsEnumFactory_4",1,0.00,1.00,3,0.04,563.64,1,0,12,3,4,131.54,0,5,0,1,131.54,0.00,0.00,0.00,0,1.00,1,111.73,0,1,4,java.lang.Object,0.00,2,0,1,0,2,0,0,0,28,0
"org.apache.lucene.search.AutomatonTermsEnum",7,0.33,5.14,127,1.83,148326.02,18,11,10,25,11,98.86,124,155,2,3,89.73,0.50,0.50,0.38,2,0.00,9,5498.32,0,2,9,org.apache.lucene.search.FilteredTermsEnum,0.00,18,2,36,1,18,5,0,49,1006,1
"org.apache.lucene.search.AutomatonTermsEnum$CompiledAutomaton",1,1.00,2.00,14,0.13,2295.54,5,4,10,6,6,101.62,0,17,0,1,101.62,0.00,0.00,0.75,0,0.00,2,399.78,0,0,6,java.lang.Object,0.00,5,0,2,0,5,1,0,0,89,2
"org.apache.lucene.search.BaseTestRangeFilter",5,0.08,3.20,90,1.33,75636.98,14,9,14,35,10,111.61,15,102,3,2,90.99,3.00,0.20,0.18,1,7.00,9,3978.18,0,2,7,org.apache.lucene.util.LuceneTestCase,0.00,30,1,16,3,30,3,0,8,705,1
"org.apache.lucene.search.BaseTestRangeFilter$TestIndex",1,3.00,2.00,12,0.10,1914.19,5,4,14,2,1,104.74,0,14,0,1,104.74,0.00,0.00,0.25,0,0.00,2,292.42,0,0,1,java.lang.Object,0.00,1,0,2,0,1,1,0,0,69,1
"org.apache.lucene.search.BooleanClause",10,0.11,1.30,27,0.28,6503.93,12,2,0,13,60,177.44,24,43,59,1,137.56,0.00,0.00,0.40,1,10.00,3,829.67,0,3,1,java.lang.Object,0.00,3,0,13,0,3,7,0,7,210,1
"org.apache.lucene.search.BooleanClause$Occur",3,0.00,1.00,10,0.05,506.19,3,0,0,3,0,156.28,10,5,0,1,135.66,0.00,0.00,0.00,0,3.00,1,147.66,0,3,0,java.lang.Object,0.00,0,0,3,0,0,0,0,3,45,2
"org.apache.lucene.search.BooleanFilter",8,0.33,4.25,94,1.29,99407.06,11,3,7,32,10,139.46,22,131,3,2,99.58,0.00,0.50,0.62,3,0.00,14,3871.09,0,3,7,org.apache.lucene.search.Filter,0.00,24,1,34,0,24,5,0,8,768,1
"org.apache.lucene.search.BooleanFilterTest",15,0.36,1.07,88,1.48,32739.07,17,2,12,37,15,118.62,1,121,0,2,118.62,0.00,0.50,0.17,4,42.00,2,4443.17,2,2,15,org.apache.lucene.util.LuceneTestCase,0.00,22,1,16,0,22,13,0,1,917,1
"org.apache.lucene.search.BooleanQuery",19,0.07,2.21,101,1.38,76758.90,23,4,7,49,121,116.58,90,140,114,2,116.35,0.00,0.50,0.18,5,114.00,11,4132.80,2,6,7,org.apache.lucene.search.Query,0.13,30,1,42,0,30,13,1,30,834,1
"org.apache.lucene.search.BooleanQuery$BooleanWeight",9,0.03,4.22,131,1.92,147307.64,13,4,7,49,11,134.62,18,163,0,2,94.73,0.00,0.50,0.22,0,20.00,13,5746.85,0,2,11,org.apache.lucene.search.Weight,0.62,40,1,38,0,40,7,0,18,981,1
"org.apache.lucene.search.BooleanQuery$TooManyClauses",1,0.00,1.00,3,0.02,128.38,1,0,7,1,0,136.60,0,5,0,2,136.60,0.00,0.50,0.00,0,0.00,1,51.35,0,0,0,java.lang.RuntimeException,0.00,0,1,1,0,0,1,0,0,17,2
"org.apache.lucene.search.BooleanScorer",9,0.17,3.44,123,1.60,106558.36,18,9,5,27,6,64.86,62,150,3,3,97.09,0.00,0.67,0.26,1,15.00,9,4799.26,1,1,3,org.apache.lucene.search.Scorer,0.63,18,2,31,0,18,8,0,31,875,1
"org.apache.lucene.search.BooleanScorer$BooleanScorerCollector",5,0.17,1.40,28,0.33,17881.27,8,3,5,7,2,156.75,11,40,0,2,116.87,0.00,0.50,0.20,0,8.00,3,979.55,0,0,2,org.apache.lucene.search.Collector,0.44,2,1,7,0,2,5,0,11,208,3
"org.apache.lucene.search.BooleanScorer$Bucket",0,0.00,0.00,6,0.04,541.33,5,5,5,0,0,171.00,5,7,0,1,171.00,0.00,0.00,0.00,0,0.00,0,116.00,0,0,0,java.lang.Object,0.00,0,0,0,0,0,0,0,5,29,2
"org.apache.lucene.search.BooleanScorer$BucketScorer",6,0.20,1.00,16,0.11,1491.25,9,3,5,6,2,140.91,0,16,0,3,140.91,0.00,0.67,0.17,0,22.00,1,340.49,0,0,2,org.apache.lucene.search.Scorer,0.94,0,2,6,0,0,6,0,0,96,3
"org.apache.lucene.search.BooleanScorer$BucketTable",3,0.25,1.00,10,0.09,1948.37,7,4,5,4,1,131.05,1,11,0,1,131.05,0.00,0.00,0.08,0,4.00,1,275.45,0,1,1,java.lang.Object,0.00,1,0,3,0,1,2,0,1,70,2
"org.apache.lucene.search.BooleanScorer$SubScorer",1,4.00,2.00,12,0.11,2768.77,5,4,5,2,2,103.71,4,17,0,1,103.48,0.00,0.00,0.00,0,1.00,2,334.18,0,0,2,java.lang.Object,0.00,1,0,2,0,1,1,0,4,77,2
"org.apache.lucene.search.BooleanScorer2",16,0.07,2.06,85,1.22,42502.65,23,7,5,36,8,138.41,61,145,1,3,117.79,0.00,0.67,0.21,3,100.00,5,3653.56,1,0,7,org.apache.lucene.search.Scorer,0.58,20,2,33,0,20,16,0,27,766,0
"org.apache.lucene.search.BooleanScorer2$ConjunctionScorer",1,0.00,3.00,11,0.14,3604.29,3,2,5,2,0,71.67,6,14,0,1,103.89,0.00,0.00,1.00,0,0.00,3,420.66,1,0,0,java.lang.Object,0.00,1,0,3,0,1,1,0,6,90,0
"org.apache.lucene.search.BooleanScorer2$Coordinator",1,1.00,3.00,11,0.12,2915.20,4,3,5,2,0,125.23,3,11,0,1,104.62,0.00,0.00,0.67,0,0.00,3,368.76,0,0,0,java.lang.Object,0.00,1,0,3,0,1,1,0,3,79,1
"org.apache.lucene.search.BooleanScorer2$DisjunctionSumScorer",1,0.00,3.00,11,0.11,3174.77,3,2,5,2,0,144.21,2,14,0,1,104.33,0.00,0.00,1.00,0,0.00,3,334.14,1,0,0,java.lang.Object,0.00,1,0,3,0,1,1,0,2,74,0
"org.apache.lucene.search.BooleanScorer2$SingleMatchScorer",5,0.08,1.40,21,0.19,4166.86,8,3,5,9,1,125.46,2,33,0,3,125.46,0.00,0.67,0.40,1,0.00,3,573.81,0,0,1,org.apache.lucene.search.Scorer,0.80,4,2,7,0,4,5,0,2,141,1
"org.apache.lucene.search.BoostAttribute",2,0.00,1.00,3,0.02,77.91,2,0,3,2,12,126.25,12,4,9,2,158.47,0.00,0.50,0.00,0,2.00,1,46.77,0,0,3,,0.00,0,1,2,0,0,2,0,4,18,1
"org.apache.lucene.search.BoostAttributeImpl",4,0.33,1.00,10,0.08,950.90,5,1,1,5,2,141.06,3,17,0,2,141.06,0.00,0.50,0.75,0,0.00,1,245.34,0,0,2,org.apache.lucene.util.AttributeImpl,0.22,1,1,4,0,1,4,1,1,68,2
"org.apache.lucene.search.BoostingQuery",5,0.42,3.40,36,0.50,21117.16,8,3,5,13,7,110.88,20,54,3,2,110.64,0.00,0.50,0.67,0,0.00,11,1489.34,1,2,4,org.apache.lucene.search.Query,0.12,8,1,17,0,8,3,0,6,326,1
"org.apache.lucene.search.BoostingQuery$BooleanQuery",1,0.00,1.00,3,0.02,223.54,1,0,5,2,2,134.70,0,5,0,1,134.70,0.00,0.00,0.00,0,1.00,1,59.81,0,1,2,java.lang.Object,0.00,1,0,1,0,1,0,0,0,18,0
"org.apache.lucene.search.BoostingQuery$BooleanQuery$BooleanWeight",1,0.00,1.00,6,0.05,815.36,1,0,5,1,0,119.28,4,12,0,1,119.05,0.00,0.00,0.00,0,0.00,1,153.81,0,0,0,java.lang.Object,0.00,0,0,1,0,0,1,0,4,38,0
"org.apache.lucene.search.BoostingQueryTest",1,0.00,1.00,8,0.09,1852.95,1,0,2,5,3,111.58,0,10,0,2,111.58,0.00,0.50,0.00,0,1.00,1,283.44,0,0,3,org.apache.lucene.util.LuceneTestCase,0.00,4,1,1,0,4,1,0,0,67,1
"org.apache.lucene.search.CachingSpanFilter",8,0.04,1.62,35,0.41,11442.17,12,4,4,18,7,163.47,17,51,2,3,123.58,0.00,0.67,0.22,2,8.00,3,1244.88,0,3,5,org.apache.lucene.search.SpanFilter,0.00,10,2,13,0,10,5,0,5,279,1
"org.apache.lucene.search.CachingSpanFilter$CachingWrapperFilter.FilterCache<SpanFilterResult>",1,0.00,1.00,3,0.04,499.66,1,0,4,2,2,131.95,0,5,0,1,131.95,0.00,0.00,0.00,0,1.00,1,113.22,0,1,2,java.lang.Object,0.00,1,0,1,0,1,0,0,0,30,0
"org.apache.lucene.search.CachingWrapperFilter",7,0.04,2.00,39,0.45,15749.38,11,4,7,19,13,68.37,64,53,7,2,118.37,1.00,0.33,0.29,1,4.00,4,1364.52,0,3,6,org.apache.lucene.search.Filter,0.00,12,1,14,1,12,4,0,14,295,1
"org.apache.lucene.search.CachingWrapperFilter$DeletesMode",0,0.00,0.00,2,0.01,71.32,0,0,7,0,0,171.00,0,1,0,1,171.00,0.00,0.00,0.00,0,0.00,0,28.53,0,0,0,java.lang.Object,0.00,0,0,0,0,0,0,0,0,9,2
"org.apache.lucene.search.CachingWrapperFilter$FilterCache",4,0.00,3.00,32,0.37,20234.77,6,2,7,8,2,147.78,10,42,0,1,107.89,0.00,0.00,0.50,0,4.00,7,1101.25,0,0,2,java.lang.Object,0.00,4,0,12,0,4,4,0,8,232,2
"org.apache.lucene.search.CachingWrapperFilter$FilterCache<DocIdSet>",1,0.00,1.00,3,0.03,336.30,1,0,7,2,3,133.30,0,5,0,1,133.30,0.00,0.00,0.00,0,1.00,1,83.21,0,1,3,java.lang.Object,0.00,1,0,1,0,1,0,0,0,24,0
"org.apache.lucene.search.CachingWrapperFilter$FilterCache<DocIdSet>$FilteredDocIdSet",1,0.00,1.00,3,0.03,379.08,1,0,7,2,0,132.90,0,5,0,1,132.90,0.00,0.00,0.00,0,1.00,1,81.93,0,0,0,java.lang.Object,0.00,1,0,1,0,1,1,0,0,23,0
"org.apache.lucene.search.CachingWrapperFilterHelper",6,1.00,1.33,21,0.22,5367.69,7,1,3,8,3,179.89,6,33,0,3,129.89,0.00,0.67,0.17,2,14.00,2,648.81,1,2,3,org.apache.lucene.search.CachingWrapperFilter,0.43,2,2,8,0,2,4,0,2,154,1
"org.apache.lucene.search.ChainedFilter",10,0.06,3.30,104,1.21,56758.93,18,8,8,28,8,85.99,58,157,2,2,103.86,0.00,0.50,0.18,3,26.00,14,3635.41,0,6,6,org.apache.lucene.search.Filter,0.00,18,1,33,0,18,4,0,14,742,1
"org.apache.lucene.search.ChainedFilterTest",10,0.38,1.30,115,1.83,66202.44,18,8,20,41,18,152.00,13,130,0,2,102.00,0.00,0.50,0.46,0,0.00,3,5497.75,2,2,18,org.apache.lucene.util.LuceneTestCase,0.00,31,1,13,0,31,8,0,9,1011,1
"org.apache.lucene.search.CheckHits",11,1.00,3.91,173,3.02,227130.92,12,1,8,48,23,44.73,97,227,15,1,92.84,0.00,0.00,0.09,4,20.00,13,9045.19,0,2,9,java.lang.Object,0.00,37,0,43,0,37,9,0,17,1573,1
"org.apache.lucene.search.CheckHits$ExplanationAsserter",6,0.03,1.17,28,0.32,6798.82,12,6,8,12,5,124.45,1,42,0,2,124.45,0.00,0.50,0.19,0,10.00,2,968.07,0,0,5,org.apache.lucene.search.Collector,0.60,6,1,7,0,6,6,0,1,215,2
"org.apache.lucene.search.CheckHits$ExplanationAssertingSearcher",7,0.00,1.00,19,0.23,3478.19,7,0,8,8,9,138.54,0,37,0,2,138.54,0.00,0.50,0.00,1,7.00,1,683.58,1,0,9,org.apache.lucene.search.IndexSearcher,0.00,1,1,7,0,1,7,0,0,168,2
"org.apache.lucene.search.CheckHits$SetCollector",5,0.25,1.00,12,0.13,1734.76,7,2,8,7,2,139.77,0,21,0,2,139.77,0.00,0.50,0.30,0,7.00,1,377.86,0,0,2,org.apache.lucene.search.Collector,0.67,2,1,5,0,2,5,0,0,98,2
"org.apache.lucene.search.Collector",4,0.00,1.00,5,0.04,303.38,4,0,3,4,60,163.46,141,6,60,1,156.20,0.00,0.00,0.00,0,4.00,1,126.78,0,0,1,java.lang.Object,0.00,0,0,4,29,0,4,0,5,41,2
"org.apache.lucene.search.ComplexExplanation",6,1.00,1.50,17,0.18,3030.30,7,1,0,8,17,106.17,37,25,16,2,138.39,0.00,0.50,0.17,2,10.00,3,525.10,3,2,1,org.apache.lucene.search.Explanation,0.21,2,1,9,0,2,4,0,7,131,1
"org.apache.lucene.search.ConjunctionScorer",7,0.11,2.57,62,0.72,36886.88,10,3,4,15,4,128.40,25,73,1,3,107.79,0.00,0.67,0.43,1,0.00,5,2145.81,0,0,3,org.apache.lucene.search.Scorer,0.71,8,2,18,0,8,7,0,25,441,0
"org.apache.lucene.search.ConjunctionScorer$Comparator<Scorer>",1,0.00,1.00,3,0.03,480.85,1,0,4,2,1,182.08,1,4,0,1,132.08,0.00,0.00,0.00,0,1.00,1,93.66,0,0,1,java.lang.Object,0.00,1,0,1,0,1,1,0,1,27,0
"org.apache.lucene.search.ConstantScoreAutoRewrite",9,0.03,1.89,57,0.80,35056.35,13,4,12,30,18,153.44,24,75,3,3,113.55,0.50,0.50,0.28,2,0.00,6,2405.87,1,1,16,org.apache.lucene.search.TermCollectingRewrite,0.23,21,2,17,1,21,8,0,18,462,0
"org.apache.lucene.search.ConstantScoreAutoRewrite$CutOffTermCollector",3,0.21,1.67,26,0.36,15178.09,10,7,12,13,6,108.03,0,35,0,2,108.03,0.00,0.50,0.29,0,4.00,3,1083.74,0,0,6,org.apache.lucene.search.TermCollector,0.00,10,1,5,0,10,3,0,0,213,2
"org.apache.lucene.search.ConstantScoreAutoRewrite$TermStateByteStart",4,0.33,1.25,20,0.25,9430.67,5,1,12,6,3,118.32,0,29,0,2,118.32,0.00,0.50,0.75,0,0.00,2,739.03,3,0,3,org.apache.lucene.util.DirectBytesStartArray,0.00,2,1,5,0,2,4,0,0,164,2
"org.apache.lucene.search.ConstantScoreQuery",10,0.11,2.20,40,0.56,21122.99,12,2,6,23,28,162.06,25,70,21,2,122.18,1.00,0.33,0.40,1,10.00,6,1670.78,3,5,7,org.apache.lucene.search.Query,0.10,13,1,22,1,13,5,0,9,377,1
"org.apache.lucene.search.ConstantScoreQuery$ConstantScorer",8,0.07,1.25,27,0.27,5741.98,10,2,6,14,4,130.66,2,45,0,3,130.66,0.00,0.67,0.44,1,6.00,2,801.41,1,1,4,org.apache.lucene.search.Scorer,0.67,6,2,10,0,6,7,0,2,199,1
"org.apache.lucene.search.ConstantScoreQuery$ConstantScorer$Collector",4,0.00,1.00,9,0.10,1558.73,4,0,6,9,1,139.37,1,17,0,1,139.37,0.00,0.00,0.00,0,4.00,1,301.91,0,0,1,java.lang.Object,0.00,5,0,4,0,5,4,0,1,80,0
"org.apache.lucene.search.ConstantScoreQuery$ConstantWeight",8,0.05,2.00,47,0.63,24379.11,11,3,6,24,9,117.33,2,68,0,2,117.33,0.00,0.50,0.38,1,2.00,4,1879.10,0,3,9,org.apache.lucene.search.Weight,0.67,16,1,16,0,16,5,0,2,381,1
"org.apache.lucene.search.DefaultSimilarity",9,0.75,1.11,22,0.28,5979.39,10,1,1,14,42,119.65,45,39,39,2,137.52,11.00,0.08,0.33,0,18.00,2,830.83,0,1,3,org.apache.lucene.search.Similarity,0.29,5,1,10,11,5,8,1,12,204,1
"org.apache.lucene.search.DisjunctionMaxQuery",12,0.23,2.17,74,0.96,50433.20,14,2,8,32,18,95.39,61,100,13,2,113.26,0.00,0.50,0.29,3,22.00,8,2894.76,2,5,5,org.apache.lucene.search.Query,0.17,20,1,26,0,20,7,1,18,599,1
"org.apache.lucene.search.DisjunctionMaxQuery$DisjunctionMaxWeight",7,0.67,2.43,50,0.68,30956.27,8,1,8,29,9,160.56,11,63,0,2,110.56,0.00,0.50,0.43,0,7.00,5,2047.38,0,3,9,org.apache.lucene.search.Weight,0.57,22,1,17,0,22,4,0,11,402,1
"org.apache.lucene.search.DisjunctionMaxScorer",9,0.21,2.78,92,1.00,57566.71,15,6,1,14,3,124.11,35,117,1,3,103.49,0.00,0.67,0.35,4,0.00,6,3004.03,0,0,2,org.apache.lucene.search.Scorer,0.63,5,2,25,0,5,9,0,13,623,0
"org.apache.lucene.search.DisjunctionSumScorer",11,0.11,2.73,78,0.79,30258.32,18,7,3,23,5,69.87,86,109,1,3,112.16,0.00,0.67,0.25,3,13.00,7,2381.66,0,0,4,org.apache.lucene.search.Scorer,0.57,12,2,30,0,12,11,0,21,500,0
"org.apache.lucene.search.DocIdSet",0,0.00,0.00,3,0.02,467.02,0,0,1,1,65,171.00,5,2,65,1,171.00,0.00,0.00,0.00,0,0.00,0,51.89,0,0,0,java.lang.Object,0.00,1,0,0,9,1,0,0,2,15,2
"org.apache.lucene.search.DocIdSet$DocIdSet",4,0.00,1.00,10,0.06,694.92,4,0,1,5,1,182.02,11,18,0,1,142.13,0.00,0.00,0.00,0,4.00,1,175.88,0,2,1,java.lang.Object,0.00,1,0,4,0,1,2,0,2,55,0
"org.apache.lucene.search.DocIdSet$DocIdSet$DocIdSetIterator",3,0.00,1.00,7,0.05,603.80,3,0,1,3,0,141.63,0,7,0,1,141.63,0.00,0.00,0.00,0,3.00,1,146.65,0,0,0,java.lang.Object,0.00,0,0,3,0,0,3,0,0,43,0
"org.apache.lucene.search.DocIdSetIterator",3,1.00,1.00,5,0.04,464.21,4,1,1,3,78,193.06,65,6,78,1,153.76,0.00,0.00,0.00,0,3.00,1,132.13,0,0,0,java.lang.Object,0.00,0,0,3,64,0,3,0,5,40,2
"org.apache.lucene.search.DuplicateFilter",13,0.08,2.46,97,1.11,49518.54,20,7,10,27,13,161.07,21,151,3,2,111.07,0.00,0.50,0.22,2,32.00,10,3337.78,0,4,10,org.apache.lucene.search.Filter,0.00,14,1,32,0,14,9,0,8,670,1
"org.apache.lucene.search.DuplicateFilterTest",8,0.46,1.88,106,1.58,50195.76,13,5,13,42,14,99.40,3,127,0,2,99.40,0.00,0.50,0.60,1,0.00,3,4727.05,2,0,14,org.apache.lucene.util.LuceneTestCase,0.00,34,1,15,0,34,8,0,3,868,1
"org.apache.lucene.search.ElevationComparatorSource",2,1.00,1.00,6,0.07,1019.94,3,1,12,3,9,131.88,0,10,3,2,131.88,0.00,0.50,0.00,0,2.00,1,218.56,0,1,6,org.apache.lucene.search.FieldComparatorSource,0.00,1,1,2,0,1,1,0,0,54,0
"org.apache.lucene.search.ElevationComparatorSource$FieldComparator",7,0.08,1.29,26,0.33,7180.69,11,4,12,13,2,129.43,1,40,0,1,129.43,0.00,0.00,0.32,1,10.00,3,977.77,0,2,2,java.lang.Object,0.00,6,0,9,0,6,5,0,1,225,0
"org.apache.lucene.search.ExactPhraseScorer",8,0.18,6.00,174,2.20,317531.33,22,14,3,19,6,105.67,28,221,2,3,85.05,0.00,0.67,0.23,0,0.00,18,6585.17,0,1,4,org.apache.lucene.search.Scorer,0.83,11,2,48,0,11,7,0,28,1185,1
"org.apache.lucene.search.ExactPhraseScorer$ChunkState",1,7.00,1.00,12,0.09,1258.33,8,7,3,1,1,106.33,0,14,0,1,106.33,0.00,0.00,0.00,0,1.00,1,257.84,0,0,1,java.lang.Object,0.00,0,0,1,0,0,1,0,0,65,3
"org.apache.lucene.search.Explanation",13,0.25,1.54,62,0.55,19389.96,16,3,1,21,44,163.34,32,68,44,1,123.45,0.00,0.00,0.10,4,53.00,4,1641.84,0,6,0,java.lang.Object,0.00,8,0,20,1,8,7,0,15,375,1
"org.apache.lucene.search.Explanation$IDFExplanation",2,0.00,1.00,3,0.02,100.81,2,0,1,2,0,157.83,8,4,0,1,157.59,0.00,0.00,0.00,0,2.00,1,46.53,0,1,0,java.lang.Object,0.00,0,0,2,0,0,1,0,2,18,3
"org.apache.lucene.search.FieldCache",27,1.00,1.00,61,0.77,16437.08,28,1,13,34,67,93.72,316,78,58,1,137.84,0.00,0.00,0.00,0,27.00,1,2296.81,0,12,10,,0.00,7,0,27,0,7,15,0,50,539,1
"org.apache.lucene.search.FieldCache$ByteParser",1,0.00,1.00,2,0.01,60.50,1,0,13,1,1,195.74,1,3,0,2,145.74,0.00,0.50,0.00,0,1.00,1,35.16,0,0,1,,0.00,0,1,1,0,0,1,0,1,13,1
"org.apache.lucene.search.FieldCache$ByteParser_0",3,0.00,1.00,7,0.05,684.98,3,0,13,6,2,191.20,4,11,0,1,141.20,0.00,0.00,0.00,0,3.00,1,163.27,0,2,2,java.lang.Object,0.00,3,0,3,0,3,1,0,4,47,0
"org.apache.lucene.search.FieldCache$CacheEntry",10,1.00,1.10,27,0.34,9113.69,11,1,13,21,1,186.44,12,36,0,1,136.44,0.00,0.00,0.10,8,18.00,2,1028.30,0,7,1,java.lang.Object,0.00,11,0,11,0,11,3,0,4,235,3
"org.apache.lucene.search.FieldCache$CreationPlaceholder",0,0.00,0.00,2,0.01,104.61,1,1,13,0,0,171.00,0,3,0,1,171.00,0.00,0.00,0.00,0,0.00,0,34.87,0,0,0,java.lang.Object,0.00,0,0,0,0,0,0,0,0,11,3
"org.apache.lucene.search.FieldCache$DocTerms",3,0.00,1.00,4,0.03,193.87,3,0,13,3,1,196.63,7,5,0,1,156.74,0.00,0.00,0.00,0,3.00,1,86.72,0,1,1,java.lang.Object,0.00,0,0,3,0,0,2,0,3,30,3
"org.apache.lucene.search.FieldCache$DocTermsIndex",8,0.00,1.50,18,0.22,11225.39,8,0,13,9,2,174.78,17,28,0,1,134.89,0.00,0.00,0.00,3,8.00,5,666.84,0,4,2,java.lang.Object,0.00,1,0,12,0,1,4,0,10,161,3
"org.apache.lucene.search.FieldCache$DoubleParser",1,0.00,1.00,2,0.01,60.50,1,0,13,1,1,195.74,1,3,0,2,145.74,0.00,0.50,0.00,0,1.00,1,35.16,0,0,1,,0.00,0,1,1,0,0,1,0,1,13,1
"org.apache.lucene.search.FieldCache$DoubleParser_5",3,0.00,1.00,7,0.05,684.98,3,0,13,6,2,191.20,4,11,0,1,141.20,0.00,0.00,0.00,0,3.00,1,163.27,0,2,2,java.lang.Object,0.00,3,0,3,0,3,1,0,4,47,0
"org.apache.lucene.search.FieldCache$DoubleParser_9",3,0.00,1.33,8,0.08,1459.42,3,0,13,8,3,138.54,0,13,0,1,138.54,0.00,0.00,0.00,0,3.00,2,251.66,0,2,3,java.lang.Object,0.00,5,0,4,0,5,1,0,0,64,0
"org.apache.lucene.search.FieldCache$FloatParser",1,0.00,1.00,2,0.01,60.50,1,0,13,1,1,195.74,1,3,0,2,145.74,0.00,0.50,0.00,0,1.00,1,35.16,0,0,1,,0.00,0,1,1,0,0,1,0,1,13,1
"org.apache.lucene.search.FieldCache$FloatParser_3",3,0.00,1.00,7,0.05,684.98,3,0,13,6,2,191.20,4,11,0,1,141.20,0.00,0.00,0.00,0,3.00,1,163.27,0,2,2,java.lang.Object,0.00,3,0,3,0,3,1,0,4,47,0
"org.apache.lucene.search.FieldCache$FloatParser_7",3,0.00,1.33,8,0.08,1459.42,3,0,13,8,3,138.54,0,13,0,1,138.54,0.00,0.00,0.00,0,3.00,2,251.66,0,2,3,java.lang.Object,0.00,5,0,4,0,5,1,0,0,64,0
"org.apache.lucene.search.FieldCache$IntParser",1,0.00,1.00,2,0.01,60.50,1,0,13,1,1,195.74,1,3,0,2,145.74,0.00,0.50,0.00,0,1.00,1,35.16,0,0,1,,0.00,0,1,1,0,0,1,0,1,13,1
"org.apache.lucene.search.FieldCache$IntParser_2",3,0.00,1.00,7,0.05,684.98,3,0,13,6,2,191.20,4,11,0,1,141.20,0.00,0.00,0.00,0,3.00,1,163.27,0,2,2,java.lang.Object,0.00,3,0,3,0,3,1,0,4,47,0
"org.apache.lucene.search.FieldCache$IntParser_6",3,0.00,1.33,8,0.08,1283.98,3,0,13,7,3,138.98,0,13,0,1,138.98,0.00,0.00,0.00,0,3.00,2,231.98,0,2,3,java.lang.Object,0.00,4,0,4,0,4,1,0,0,60,0
"org.apache.lucene.search.FieldCache$LongParser",1,0.00,1.00,2,0.01,60.50,1,0,13,1,1,195.74,1,3,0,2,145.74,0.00,0.50,0.00,0,1.00,1,35.16,0,0,1,,0.00,0,1,1,0,0,1,0,1,13,1
"org.apache.lucene.search.FieldCache$LongParser_4",3,0.00,1.00,7,0.05,684.98,3,0,13,6,2,191.20,4,11,0,1,141.20,0.00,0.00,0.00,0,3.00,1,163.27,0,2,2,java.lang.Object,0.00,3,0,3,0,3,1,0,4,47,0
"org.apache.lucene.search.FieldCache$LongParser_8",3,0.00,1.33,8,0.08,1283.98,3,0,13,7,3,138.98,0,13,0,1,138.98,0.00,0.00,0.00,0,3.00,2,231.98,0,2,3,java.lang.Object,0.00,4,0,4,0,4,1,0,0,60,0
"org.apache.lucene.search.FieldCache$Parser",0,0.00,0.00,1,0.00,12.00,0,0,13,0,0,171.00,0,2,0,1,171.00,0.00,0.00,0.00,0,0.00,0,8.00,0,0,0,,0.00,0,0,0,0,0,0,0,0,4,1
"org.apache.lucene.search.FieldCache$ShortParser",1,0.00,1.00,2,0.01,60.50,1,0,13,1,1,195.74,1,3,0,2,145.74,0.00,0.50,0.00,0,1.00,1,35.16,0,0,1,,0.00,0,1,1,0,0,1,0,1,13,1
"org.apache.lucene.search.FieldCache$ShortParser_1",3,0.00,1.00,7,0.05,684.98,3,0,13,6,2,191.20,4,11,0,1,141.20,0.00,0.00,0.00,0,3.00,1,163.27,0,2,2,java.lang.Object,0.00,3,0,3,0,3,1,0,4,47,0
"org.apache.lucene.search.FieldCache$StopFillCacheException",0,0.00,0.00,1,0.01,72.00,0,0,13,0,0,171.00,0,2,0,2,171.00,0.00,0.50,0.00,0,0.00,0,24.00,0,0,0,java.lang.RuntimeException,0.00,0,1,0,0,0,0,0,0,8,3
"org.apache.lucene.search.FieldCacheImpl",31,0.33,1.39,93,1.81,53232.66,33,2,25,57,13,127.65,27,140,1,1,127.65,0.00,0.00,0.18,9,202.00,9,5416.46,0,7,13,java.lang.Object,0.00,26,0,43,0,26,24,1,17,1156,1
"org.apache.lucene.search.FieldCacheImpl$Cache<T>",6,0.20,2.67,61,0.78,52884.46,8,2,25,26,3,152.40,7,76,0,1,102.40,0.00,0.00,0.33,1,10.00,8,2330.60,0,2,3,java.lang.Object,0.00,20,0,16,0,20,4,0,7,448,2
"org.apache.lucene.search.FieldCacheImpl$CacheEntryImpl",6,0.04,1.17,22,0.19,3669.27,11,5,25,6,1,131.22,4,27,0,2,131.22,0.00,0.50,0.17,0,26.00,2,573.46,0,5,1,org.apache.lucene.search.CacheEntry,0.00,0,1,7,0,0,1,0,4,145,3
"org.apache.lucene.search.FieldCacheImpl$Entry<T>",3,0.25,3.00,17,0.19,5721.39,5,2,25,7,2,168.84,5,26,0,1,118.84,0.00,0.00,0.67,0,1.00,6,582.14,0,0,2,java.lang.Object,0.00,4,0,9,0,4,3,0,5,136,1
"org.apache.lucene.search.FieldCacheImpl$IndexReader.ReaderFinishedListener",1,0.00,1.00,3,0.02,184.66,1,0,25,2,1,185.36,1,4,0,1,135.36,0.00,0.00,0.00,0,1.00,1,69.28,0,0,1,java.lang.Object,0.00,1,0,1,0,1,1,0,1,21,0
"org.apache.lucene.search.FieldCacheRangeFilter",24,0.05,1.75,75,1.27,52428.07,30,6,8,39,11,127.01,102,98,3,2,126.78,0.00,0.50,0.12,7,152.00,10,3805.27,0,17,8,org.apache.lucene.search.Filter,0.00,15,1,42,0,15,7,0,23,834,2
"org.apache.lucene.search.FieldCacheRangeFilter$FieldCacheDocIdSet_6",4,0.33,1.50,16,0.14,3007.62,6,2,8,7,4,146.41,12,23,0,2,125.80,0.00,0.50,0.25,0,6.00,3,412.35,0,1,4,org.apache.lucene.search.DocIdSet,0.00,3,1,6,0,3,3,0,6,102,2
"org.apache.lucene.search.FieldCacheRangeFilter$FieldCacheDocIdSet_6$DocIdSetIterator",3,0.00,2.00,18,0.13,3608.41,4,1,8,3,0,117.56,0,29,0,1,117.56,0.00,0.00,1.00,0,0.00,3,403.09,0,0,0,java.lang.Object,0.00,0,0,6,0,0,3,0,0,97,0
"org.apache.lucene.search.FieldCacheRangeFilter$FieldCacheDocIdSet_6$DocIdSetIterator_7",3,0.00,2.00,19,0.15,5257.93,4,1,8,4,0,116.27,0,25,0,1,116.27,0.00,0.00,1.00,0,0.00,3,463.19,0,0,0,java.lang.Object,0.00,1,0,6,0,1,3,0,0,107,0
"org.apache.lucene.search.FieldCacheRangeFilter$FieldCacheRangeFilter<Byte>",1,0.00,8.00,18,0.31,22320.57,1,0,8,3,2,139.45,1,25,0,1,89.45,0.00,0.00,0.00,0,0.00,8,921.66,0,1,2,java.lang.Object,0.00,2,0,8,0,2,0,0,1,167,0
"org.apache.lucene.search.FieldCacheRangeFilter$FieldCacheRangeFilter<Byte>$FieldCacheDocIdSet_0",1,0.00,1.00,3,0.05,891.27,1,0,8,1,0,129.97,0,5,0,1,129.97,0.00,0.00,0.00,0,1.00,1,150.84,0,0,0,java.lang.Object,0.00,0,0,1,0,0,1,0,0,38,0
"org.apache.lucene.search.FieldCacheRangeFilter$FieldCacheRangeFilter<Double>",1,0.00,8.00,20,0.37,26861.95,1,0,8,6,3,107.73,3,27,0,1,87.11,0.00,0.00,0.00,0,0.00,8,1102.54,0,1,3,java.lang.Object,0.00,5,0,8,0,5,0,0,3,193,0
"org.apache.lucene.search.FieldCacheRangeFilter$FieldCacheRangeFilter<Double>$FieldCacheDocIdSet_5",1,0.00,1.00,3,0.05,891.27,1,0,8,1,0,129.97,0,5,0,1,129.97,0.00,0.00,0.00,0,1.00,1,150.84,0,0,0,java.lang.Object,0.00,0,0,1,0,0,1,0,0,38,0
"org.apache.lucene.search.FieldCacheRangeFilter$FieldCacheRangeFilter<Float>",1,0.00,8.00,20,0.37,26861.95,1,0,8,6,3,107.73,3,27,0,1,87.11,0.00,0.00,0.00,0,0.00,8,1102.54,0,1,3,java.lang.Object,0.00,5,0,8,0,5,0,0,3,193,0
"org.apache.lucene.search.FieldCacheRangeFilter$FieldCacheRangeFilter<Float>$FieldCacheDocIdSet_4",1,0.00,1.00,3,0.05,891.27,1,0,8,1,0,129.97,0,5,0,1,129.97,0.00,0.00,0.00,0,1.00,1,150.84,0,0,0,java.lang.Object,0.00,0,0,1,0,0,1,0,0,38,0
"org.apache.lucene.search.FieldCacheRangeFilter$FieldCacheRangeFilter<Integer>",1,0.00,8.00,18,0.29,20539.04,1,0,8,3,2,139.74,1,25,0,1,89.74,0.00,0.00,0.00,0,0.00,8,876.28,0,1,2,java.lang.Object,0.00,2,0,8,0,2,0,0,1,159,0
"org.apache.lucene.search.FieldCacheRangeFilter$FieldCacheRangeFilter<Integer>$FieldCacheDocIdSet_2",1,0.00,1.00,3,0.05,891.27,1,0,8,1,0,129.97,0,5,0,1,129.97,0.00,0.00,0.00,0,1.00,1,150.84,0,0,0,java.lang.Object,0.00,0,0,1,0,0,1,0,0,38,0
"org.apache.lucene.search.FieldCacheRangeFilter$FieldCacheRangeFilter<Long>",1,0.00,8.00,18,0.29,20539.04,1,0,8,3,2,139.74,1,25,0,1,89.74,0.00,0.00,0.00,0,0.00,8,876.28,0,1,2,java.lang.Object,0.00,2,0,8,0,2,0,0,1,159,0
"org.apache.lucene.search.FieldCacheRangeFilter$FieldCacheRangeFilter<Long>$FieldCacheDocIdSet_3",1,0.00,1.00,3,0.05,891.27,1,0,8,1,0,129.97,0,5,0,1,129.97,0.00,0.00,0.00,0,1.00,1,150.84,0,0,0,java.lang.Object,0.00,0,0,1,0,0,1,0,0,38,0
"org.apache.lucene.search.FieldCacheRangeFilter$FieldCacheRangeFilter<Short>",1,0.00,8.00,18,0.30,22032.26,1,0,8,3,2,139.50,1,25,0,1,89.50,0.00,0.00,0.00,0,0.00,8,910.31,0,1,2,java.lang.Object,0.00,2,0,8,0,2,0,0,1,165,0
"org.apache.lucene.search.FieldCacheRangeFilter$FieldCacheRangeFilter<Short>$FieldCacheDocIdSet_1",1,0.00,1.00,3,0.05,891.27,1,0,8,1,0,129.97,0,5,0,1,129.97,0.00,0.00,0.00,0,1.00,1,150.84,0,0,0,java.lang.Object,0.00,0,0,1,0,0,1,0,0,38,0
"org.apache.lucene.search.FieldCacheRangeFilter$FieldCacheRangeFilter<String>",1,0.00,10.00,28,0.43,39806.90,1,0,8,6,2,48.04,6,33,0,1,80.26,0.00,0.00,0.00,0,0.00,10,1296.34,0,1,2,java.lang.Object,0.00,5,0,10,0,5,0,0,6,227,0
"org.apache.lucene.search.FieldCacheRangeFilter$FieldCacheRangeFilter<String>$FieldCacheDocIdSet",1,0.00,1.00,4,0.05,1098.86,1,0,8,2,0,124.60,0,6,0,1,124.60,0.00,0.00,0.00,0,1.00,1,151.38,0,0,0,java.lang.Object,0.00,1,0,1,0,1,1,0,0,37,0
"org.apache.lucene.search.FieldCacheRewriteMethod",1,0.00,1.00,6,0.07,1225.90,1,0,8,5,9,69.18,10,9,1,2,117.65,0.00,0.50,0.00,0,1.00,1,207.51,0,1,8,MultiTermQuery.RewriteMethod,0.00,4,1,1,0,4,0,0,1,50,2
"org.apache.lucene.search.FieldCacheRewriteMethod$MultiTermQueryFieldCacheWrapperFilter",8,0.14,1.62,37,0.41,14960.38,9,1,8,25,5,143.28,25,51,0,2,122.67,0.00,0.50,0.88,1,0.00,4,1219.57,0,3,5,org.apache.lucene.search.Filter,0.00,17,1,13,0,17,5,0,7,264,1
"org.apache.lucene.search.FieldCacheRewriteMethod$MultiTermQueryFieldCacheWrapperFilter$FieldCacheRangeFilter.FieldCacheDocIdSet",1,0.00,1.00,3,0.04,441.08,1,0,8,3,0,132.38,0,5,0,1,132.38,0.00,0.00,0.00,0,1.00,1,121.62,0,0,0,java.lang.Object,0.00,2,0,1,0,2,1,0,0,32,0
"org.apache.lucene.search.FieldCacheRewriteMethod$MultiTermQueryFieldCacheWrapperFilter$Terms",3,0.00,1.00,7,0.06,984.57,3,0,8,5,2,139.96,0,13,0,1,139.96,0.00,0.00,0.00,0,3.00,1,186.43,0,2,2,java.lang.Object,0.00,2,0,3,0,2,1,0,0,51,0
"org.apache.lucene.search.FieldCacheTermsFilter",4,0.50,1.25,19,0.18,5347.66,6,2,6,6,9,133.00,69,21,2,2,123.87,1.00,0.33,0.12,1,6.00,2,554.59,0,1,7,org.apache.lucene.search.Filter,0.00,2,1,5,1,2,3,0,1,134,1
"org.apache.lucene.search.FieldCacheTermsFilter$FieldCacheTermsFilterDocIdSet",3,0.50,1.67,19,0.19,5842.01,5,2,6,9,4,115.95,1,25,0,2,115.95,0.00,0.50,0.17,0,4.00,3,557.51,0,1,4,org.apache.lucene.search.DocIdSet,0.00,6,1,5,0,6,2,0,1,124,1
"org.apache.lucene.search.FieldCacheTermsFilter$FieldCacheTermsFilterDocIdSet$FieldCacheTermsFilterDocIdSetIterator",3,0.00,2.33,16,0.15,3812.63,4,1,6,3,1,120.29,0,28,0,2,120.29,0.00,0.50,1.00,0,0.00,3,457.74,0,0,1,org.apache.lucene.search.DocIdSetIterator,1.00,0,1,7,0,0,3,0,0,105,1
"org.apache.lucene.search.FieldComparator",7,0.00,1.00,19,0.26,4557.77,7,0,26,7,50,176.91,153,20,35,1,137.61,0.00,0.00,0.00,0,7.00,1,786.19,0,2,15,java.lang.Object,0.00,0,0,7,13,0,5,0,20,185,2
"org.apache.lucene.search.FieldComparator$ByteComparator",7,0.17,1.43,27,0.39,9626.38,11,4,26,12,2,128.41,0,44,0,2,128.41,0.00,0.50,0.39,0,0.00,2,1157.42,0,1,2,org.apache.lucene.search.NumericComparator,0.00,5,1,10,0,5,6,0,0,257,3
"org.apache.lucene.search.FieldComparator$DocComparator",7,0.06,1.00,19,0.21,3943.03,10,3,26,8,1,138.11,5,33,0,2,138.11,0.00,0.50,0.38,0,0.00,1,617.52,0,1,1,org.apache.lucene.search.FieldComparator,0.71,1,1,7,0,1,6,0,5,158,3
"org.apache.lucene.search.FieldComparator$DoubleComparator",7,0.17,2.00,39,0.48,15324.34,11,4,26,12,2,118.46,0,58,0,2,118.46,0.00,0.50,0.39,0,0.00,4,1431.68,0,1,2,org.apache.lucene.search.NumericComparator,0.00,5,1,14,0,5,6,0,0,309,3
"org.apache.lucene.search.FieldComparator$FloatComparator",7,0.17,2.00,39,0.48,15324.34,11,4,26,12,2,118.46,3,58,0,2,118.46,0.00,0.50,0.39,0,0.00,4,1431.68,0,1,2,org.apache.lucene.search.NumericComparator,0.00,5,1,14,0,5,6,0,3,309,3
"org.apache.lucene.search.FieldComparator$IntComparator",7,0.17,2.00,39,0.47,16148.51,11,4,26,12,2,168.28,9,58,0,2,118.28,0.00,0.50,0.39,0,0.00,4,1416.99,0,1,2,org.apache.lucene.search.NumericComparator,0.00,5,1,14,0,5,6,0,9,308,3
"org.apache.lucene.search.FieldComparator$LongComparator",7,0.17,2.00,39,0.48,15324.34,11,4,26,12,2,118.46,4,58,0,2,118.46,0.00,0.50,0.39,0,0.00,4,1431.68,0,1,2,org.apache.lucene.search.NumericComparator,0.00,5,1,14,0,5,6,0,4,309,3
"org.apache.lucene.search.FieldComparator$NumericComparator",2,0.00,1.50,12,0.12,2323.23,6,4,26,2,3,117.74,0,16,0,2,117.74,0.00,0.50,0.25,0,2.00,2,359.13,0,0,3,org.apache.lucene.search.FieldComparator,0.00,0,1,3,0,0,2,0,0,86,3
"org.apache.lucene.search.FieldComparator$RelevanceComparator",8,0.00,1.50,23,0.30,7980.42,11,3,26,11,3,136.06,2,39,0,2,136.06,0.00,0.50,0.33,0,0.00,3,910.30,0,1,3,org.apache.lucene.search.FieldComparator,0.80,3,1,12,0,3,7,0,2,215,3
"org.apache.lucene.search.FieldComparator$ShortComparator",7,0.17,1.43,27,0.39,9626.38,11,4,26,12,2,128.41,0,44,0,2,128.41,0.00,0.50,0.39,0,0.00,2,1157.42,0,1,2,org.apache.lucene.search.NumericComparator,0.00,5,1,10,0,5,6,0,0,257,3
"org.apache.lucene.search.FieldComparator$StringComparatorLocale",7,0.22,2.14,44,0.51,15388.60,13,6,26,14,2,115.48,0,63,0,2,115.48,0.00,0.50,0.36,0,0.00,4,1523.37,0,1,2,org.apache.lucene.search.FieldComparator,0.71,7,1,15,0,7,6,0,0,330,3
"org.apache.lucene.search.FieldComparator$TermOrdValComparator",9,0.14,2.67,93,1.14,54309.05,20,11,26,22,5,143.59,26,125,0,2,103.70,0.00,0.50,0.21,1,16.00,5,3416.74,0,1,5,org.apache.lucene.search.FieldComparator,0.62,13,1,24,0,13,8,0,18,677,3
"org.apache.lucene.search.FieldComparator$TermOrdValComparator$AnyOrdComparator",3,0.17,3.33,36,0.39,16498.80,6,3,26,6,1,140.90,7,49,0,2,101.01,0.00,0.50,0.44,0,1.00,6,1162.94,0,0,1,org.apache.lucene.search.PerSegmentComparator,0.00,3,1,10,0,3,3,0,7,242,2
"org.apache.lucene.search.FieldComparator$TermOrdValComparator$ByteOrdComparator",3,0.17,3.33,36,0.38,17346.53,6,3,26,5,1,140.73,7,48,0,2,100.84,0.00,0.50,0.44,0,1.00,6,1139.03,0,0,1,org.apache.lucene.search.PerSegmentComparator,0.00,2,1,10,0,2,3,0,7,235,2
"org.apache.lucene.search.FieldComparator$TermOrdValComparator$IntOrdComparator",3,0.17,3.33,36,0.36,15868.29,6,3,26,5,1,141.03,7,48,0,2,101.15,0.00,0.50,0.44,0,1.00,6,1082.89,0,0,1,org.apache.lucene.search.PerSegmentComparator,0.00,2,1,10,0,2,3,0,7,228,2
"org.apache.lucene.search.FieldComparator$TermOrdValComparator$PerSegmentComparator",4,0.00,1.00,9,0.12,2041.49,4,0,26,8,1,138.45,0,18,0,2,138.45,0.00,0.50,0.00,0,4.00,1,345.54,0,1,1,org.apache.lucene.search.FieldComparator,0.55,4,1,4,0,4,3,0,0,90,1
"org.apache.lucene.search.FieldComparator$TermOrdValComparator$ShortOrdComparator",3,0.17,3.33,36,0.38,17346.53,6,3,26,5,1,140.73,7,48,0,2,100.84,0.00,0.50,0.44,0,1.00,6,1139.03,0,0,1,org.apache.lucene.search.PerSegmentComparator,0.00,2,1,10,0,2,3,0,7,235,2
"org.apache.lucene.search.FieldComparator$TermOrdValComparator$TermValComparator",7,0.13,2.00,39,0.42,12247.33,12,5,26,11,2,119.23,0,58,0,2,119.23,0.00,0.50,0.31,0,0.00,4,1261.92,0,1,2,org.apache.lucene.search.FieldComparator,0.71,4,1,14,0,4,6,0,0,282,3
"org.apache.lucene.search.FieldComparatorSource",1,0.00,1.00,2,0.02,195.12,1,0,1,1,12,131.38,15,4,11,1,141.74,0.00,0.00,0.00,0,1.00,1,74.12,0,0,1,java.lang.Object,0.00,0,0,1,5,0,1,0,2,21,2
"org.apache.lucene.search.FieldDoc",3,1.00,1.33,18,0.18,6105.94,4,1,0,9,5,115.38,48,21,4,2,115.85,0.00,0.50,0.33,0,4.00,2,547.57,1,1,1,org.apache.lucene.search.ScoreDoc,0.40,6,1,4,0,6,2,0,9,123,1
"org.apache.lucene.search.FieldDocSortedHitQueue",5,0.25,3.40,47,0.62,48962.74,7,2,4,14,6,55.59,40,56,2,2,103.70,0.00,0.50,0.30,0,7.00,10,1872.06,1,1,4,org.apache.lucene.util.PriorityQueue,0.00,9,1,17,0,9,4,0,13,360,0
"org.apache.lucene.search.FieldValueHitQueue",8,0.00,1.62,39,0.41,11780.22,12,4,2,13,20,91.26,53,44,16,2,123.48,2.00,0.25,0.25,0,16.00,3,1234.54,0,1,4,org.apache.lucene.util.PriorityQueue,0.00,5,1,13,2,5,7,0,16,277,2
"org.apache.lucene.search.FieldValueHitQueue$Entry",2,1.00,1.00,7,0.06,822.10,3,1,2,2,1,132.62,0,11,0,2,132.62,0.00,0.50,0.50,0,2.00,1,192.01,1,1,1,org.apache.lucene.search.ScoreDoc,0.50,0,1,2,0,0,1,0,0,52,2
"org.apache.lucene.search.FieldValueHitQueue$MultiComparatorsFieldValueHitQueue",2,0.00,3.00,24,0.28,15264.32,2,0,2,3,2,149.92,2,26,0,3,99.92,0.00,0.67,0.00,0,0.00,3,838.74,2,0,2,org.apache.lucene.search.FieldValueHitQueue,0.00,1,2,6,0,1,2,0,2,168,3
"org.apache.lucene.search.FieldValueHitQueue$OneComparatorFieldValueHitQueue",2,0.00,2.00,16,0.20,7438.51,3,1,2,3,2,129.65,7,22,0,3,109.04,0.00,0.67,1.00,0,0.00,2,612.92,2,0,2,org.apache.lucene.search.FieldValueHitQueue,0.00,1,2,4,0,1,2,0,2,132,3
"org.apache.lucene.search.Filter",1,0.00,1.00,2,0.01,106.27,1,0,4,1,68,188.94,28,3,65,1,143.81,0.00,0.00,0.00,0,1.00,1,44.83,0,1,3,java.lang.Object,0.00,0,0,1,30,0,0,0,2,15,2
"org.apache.lucene.search.FilterClause",3,0.25,1.00,10,0.06,685.88,5,2,1,3,4,102.40,19,18,3,1,134.62,0.00,0.00,0.33,0,5.00,1,178.51,0,2,1,java.lang.Object,0.00,0,0,3,0,0,1,0,4,53,1
"org.apache.lucene.search.FilteredDocIdSet",4,0.67,1.00,9,0.07,857.85,5,1,1,6,9,93.31,33,15,6,2,141.41,1.00,0.33,0.50,0,4.00,1,199.84,0,0,3,org.apache.lucene.search.DocIdSet,0.00,2,1,4,1,2,4,0,5,59,2
"org.apache.lucene.search.FilteredDocIdSet$FilteredDocIdSetIterator",1,0.00,1.00,3,0.04,506.92,1,0,1,2,1,131.90,0,5,0,1,131.90,0.00,0.00,0.00,0,1.00,1,106.46,0,0,1,java.lang.Object,0.00,1,0,1,0,1,1,0,0,29,0
"org.apache.lucene.search.FilteredDocIdSetIterator",5,0.12,2.40,27,0.23,7360.17,7,2,1,7,3,140.39,16,42,2,2,119.78,1.00,0.33,0.60,1,0.00,5,683.82,0,0,1,org.apache.lucene.search.DocIdSetIterator,0.75,2,1,12,1,2,5,0,3,163,2
"org.apache.lucene.search.FilteredQuery",9,0.06,1.22,38,0.40,11353.62,11,2,6,24,21,144.69,27,57,14,2,124.08,0.00,0.50,0.56,1,0.00,2,1204.58,2,4,7,org.apache.lucene.search.Query,0.10,15,1,11,0,15,5,0,8,287,1
"org.apache.lucene.search.FilteredQuery$Weight",6,0.80,2.17,40,0.52,23108.65,7,1,6,22,7,113.56,3,56,0,1,113.56,0.00,0.00,0.33,0,14.00,5,1569.67,0,2,7,java.lang.Object,0.00,16,0,13,0,16,4,0,3,313,0
"org.apache.lucene.search.FilteredQuery$Weight$Scorer",5,0.50,1.80,19,0.28,10584.25,6,1,6,12,0,126.88,0,30,0,1,126.88,0.00,0.00,0.60,0,2.00,3,846.00,0,0,0,java.lang.Object,0.00,7,0,9,0,7,5,0,0,193,0
"org.apache.lucene.search.FilteredTermsEnum",17,0.06,1.35,63,0.73,26846.44,21,4,9,32,17,128.18,72,99,10,2,127.95,10.00,0.08,0.19,2,2.00,7,2179.09,0,11,7,org.apache.lucene.index.TermsEnum,0.58,15,1,23,10,15,6,0,20,485,2
"org.apache.lucene.search.FilteredTermsEnum$AcceptStatus",0,0.00,0.00,2,0.01,95.13,0,0,9,0,0,171.00,0,1,0,1,171.00,0.00,0.00,0.00,0,0.00,0,38.05,0,0,0,java.lang.Object,0.00,0,0,0,0,0,0,0,0,11,2
"org.apache.lucene.search.FuzzyLikeThisQuery",9,0.16,4.67,137,2.21,173437.84,17,8,15,62,21,60.81,57,186,3,2,93.03,0.00,0.50,0.26,1,2.00,12,6615.02,1,2,18,org.apache.lucene.search.Query,0.10,53,1,42,0,53,7,0,31,1127,1
"org.apache.lucene.search.FuzzyLikeThisQuery$FieldVals",3,1.00,5.33,32,0.42,20772.02,7,4,15,7,0,103.07,0,52,0,1,103.07,0.00,0.00,0.92,0,0.00,12,1256.70,0,0,0,java.lang.Object,0.00,4,0,16,0,4,3,0,0,266,0
"org.apache.lucene.search.FuzzyLikeThisQuery$ScoreTerm",1,3.00,1.00,8,0.06,948.88,4,3,15,1,1,113.87,0,10,0,1,113.87,0.00,0.00,0.00,0,1.00,1,171.73,0,0,1,java.lang.Object,0.00,0,0,1,0,0,1,0,0,47,2
"org.apache.lucene.search.FuzzyLikeThisQuery$ScoreTermQueue",2,0.00,1.50,5,0.09,2781.31,2,0,15,3,1,184.93,3,13,0,2,134.93,0.00,0.50,0.00,0,2.00,2,259.43,1,0,1,org.apache.lucene.util.PriorityQueue,0.00,1,1,3,0,1,2,0,1,64,2
"org.apache.lucene.search.FuzzyLikeThisQueryTest",7,0.21,1.00,74,1.24,34573.56,11,4,11,33,13,104.61,4,89,0,2,104.61,0.00,0.50,0.43,1,0.00,1,3720.64,2,0,13,org.apache.lucene.util.LuceneTestCase,0.00,26,1,7,0,26,7,0,4,686,1
"org.apache.lucene.search.FuzzyQuery",11,0.14,2.45,67,0.93,38197.66,18,7,7,30,29,96.01,55,99,20,3,113.88,0.00,0.67,0.27,0,21.00,9,2793.80,4,3,9,org.apache.lucene.search.MultiTermQuery,0.09,19,2,27,0,19,8,0,9,574,1
"org.apache.lucene.search.FuzzyTermsEnum",21,0.04,1.81,129,1.92,103176.68,39,18,22,58,22,133.38,64,179,3,2,112.77,0.00,0.50,0.09,4,75.00,7,5763.06,0,10,19,org.apache.lucene.index.TermsEnum,0.46,37,1,38,0,37,11,0,28,1100,2
"org.apache.lucene.search.FuzzyTermsEnum$AutomatonFuzzyTermsEnum",4,0.17,3.00,41,0.53,22555.90,8,4,22,11,5,153.91,7,54,0,4,103.91,0.00,0.75,0.38,1,4.00,6,1583.22,1,2,5,org.apache.lucene.search.AutomatonTermsEnum,0.00,7,3,12,0,7,2,0,7,314,1
"org.apache.lucene.search.FuzzyTermsEnum$LevenshteinAutomataAttribute",1,0.00,1.00,2,0.01,109.13,1,0,22,1,0,143.72,0,3,0,2,143.72,0.00,0.50,0.00,0,1.00,1,43.65,0,1,0,,0.00,0,1,1,0,0,0,0,0,15,2
"org.apache.lucene.search.FuzzyTermsEnum$LevenshteinAutomataAttributeImpl",5,0.00,1.40,16,0.19,4312.61,6,1,22,12,1,130.01,0,29,0,2,130.01,0.00,0.50,1.00,0,0.00,3,578.59,0,1,1,org.apache.lucene.util.AttributeImpl,0.20,7,1,7,0,7,4,1,0,140,3
"org.apache.lucene.search.FuzzyTermsEnum$LinearFuzzyTermsEnum",4,0.28,4.25,65,1.00,115801.00,10,6,22,14,5,139.89,99,73,0,3,90.62,0.00,0.67,0.38,1,0.00,11,2988.13,1,1,5,org.apache.lucene.search.FilteredTermsEnum,0.00,10,2,17,0,10,3,0,37,557,1
"org.apache.lucene.search.HitQueue",3,1.00,1.67,9,0.13,4048.54,4,1,1,4,6,108.29,43,18,4,2,128.44,0.00,0.50,0.33,0,4.00,2,396.56,1,1,2,org.apache.lucene.util.PriorityQueue,0.13,1,1,5,0,1,2,0,5,96,1
"org.apache.lucene.search.Ignore",16,0.03,1.75,141,1.73,60561.88,26,10,14,51,12,129.62,52,181,0,2,109.01,0.00,0.50,0.12,7,100.00,5,5198.70,2,2,12,org.apache.lucene.util.LuceneTestCase,0.00,35,1,28,0,35,14,0,34,1003,1
"org.apache.lucene.search.Ignore$MyHitCollector",7,0.04,1.29,25,0.25,7290.10,11,4,14,12,3,129.38,4,40,0,2,129.38,0.00,0.50,0.29,0,16.00,3,757.98,0,0,3,org.apache.lucene.search.Collector,0.36,5,1,9,0,5,7,0,2,175,1
"org.apache.lucene.search.Ignore$Thread",1,0.00,2.00,8,0.05,807.21,1,0,14,4,0,114.26,0,12,0,1,114.26,0.00,0.00,0.00,0,1.00,2,143.93,0,0,0,java.lang.Object,0.00,3,0,2,0,3,1,0,0,36,0
"org.apache.lucene.search.IndexSearcher",37,0.02,1.84,228,2.88,146105.56,47,10,23,91,281,65.41,313,278,256,1,113.51,0.00,0.00,0.08,4,439.00,8,8646.13,0,5,26,java.lang.Object,0.00,54,0,68,3,54,32,0,64,1706,1
"org.apache.lucene.search.IndexSearcher$Callable<Integer>",1,0.00,1.00,3,0.03,323.26,1,0,23,3,0,133.44,0,4,0,1,133.44,0.00,0.00,0.00,0,1.00,1,88.18,0,1,0,java.lang.Object,0.00,2,0,1,0,2,0,0,0,25,0
"org.apache.lucene.search.IndexSearcher$ExecutionHelper",6,0.20,1.50,21,0.22,4174.99,8,2,23,13,1,130.72,1,33,0,1,130.72,0.00,0.00,0.33,2,6.00,4,654.18,0,1,1,java.lang.Object,0.00,7,0,9,0,7,5,2,1,157,3
"org.apache.lucene.search.IndexSearcher$LeafSlice",1,1.00,1.00,4,0.03,364.00,2,1,23,1,0,128.37,0,6,0,1,128.37,0.00,0.00,0.00,0,1.00,1,81.51,0,0,0,java.lang.Object,0.00,0,0,1,0,0,1,0,0,24,2
"org.apache.lucene.search.IndexSearcher$SearcherCallableNoSort",2,0.71,2.00,29,0.32,9432.46,9,7,23,6,6,149.16,2,34,0,1,99.16,0.00,0.00,0.50,0,2.00,3,958.41,0,0,6,java.lang.Object,0.00,4,0,4,0,4,2,1,2,196,3
"org.apache.lucene.search.IndexSearcher$SearcherCallableWithSort",2,0.75,2.00,35,0.40,12785.09,10,8,23,7,8,144.97,2,42,0,1,94.97,0.00,0.00,0.50,0,2.00,3,1194.02,0,0,8,java.lang.Object,0.00,5,0,4,0,5,2,1,2,236,3
"org.apache.lucene.search.JustCompileSearch",0,0.00,0.00,20,0.28,5161.31,1,1,5,0,3,171.00,7,31,0,1,171.00,0.00,0.00,0.00,0,0.00,0,840.21,0,0,3,java.lang.Object,0.00,0,0,0,0,0,0,0,1,146,1
"org.apache.lucene.search.JustCompileSearch$JustCompileCollector",4,0.00,1.00,9,0.10,1231.92,4,0,5,5,2,140.17,0,19,0,2,140.17,0.00,0.50,0.00,0,0.00,1,285.84,0,0,2,org.apache.lucene.search.Collector,0.50,1,1,4,0,1,4,0,0,75,2
"org.apache.lucene.search.JustCompileSearch$JustCompileDocIdSet",1,0.00,1.00,3,0.03,333.41,1,0,5,2,2,133.33,0,6,0,2,133.33,0.00,0.50,0.00,0,0.00,1,80.57,0,1,2,org.apache.lucene.search.DocIdSet,0.00,1,1,1,0,1,0,0,0,23,2
"org.apache.lucene.search.JustCompileSearch$JustCompileDocIdSetIterator",3,0.00,1.00,7,0.07,905.87,3,0,5,4,1,140.24,0,14,0,2,140.24,0.00,0.50,0.00,0,0.00,1,201.08,0,0,1,org.apache.lucene.search.DocIdSetIterator,1.00,1,1,3,0,1,3,0,0,55,2
"org.apache.lucene.search.JustCompileSearch$JustCompileExtendedFieldCacheDoubleParser",1,0.00,1.00,3,0.03,225.40,1,0,5,2,1,134.67,0,5,0,1,134.67,0.00,0.00,0.00,0,0.00,1,75.13,0,0,1,java.lang.Object,0.00,1,0,1,0,1,1,1,0,22,2
"org.apache.lucene.search.JustCompileSearch$JustCompileExtendedFieldCacheLongParser",1,0.00,1.00,3,0.03,225.40,1,0,5,2,1,134.67,0,5,0,1,134.67,0.00,0.00,0.00,0,0.00,1,75.13,0,0,1,java.lang.Object,0.00,1,0,1,0,1,1,1,0,22,2
"org.apache.lucene.search.JustCompileSearch$JustCompileFieldComparator",6,0.00,1.00,13,0.15,2164.57,6,0,5,7,1,139.63,0,27,0,2,139.63,0.00,0.50,0.00,0,0.00,1,450.84,0,2,1,org.apache.lucene.search.FieldComparator,0.77,1,1,6,0,1,4,0,0,116,2
"org.apache.lucene.search.JustCompileSearch$JustCompileFieldComparatorSource",1,0.00,1.00,3,0.04,535.66,1,0,5,2,2,131.71,0,7,0,2,131.71,0.00,0.50,0.00,0,0.00,1,125.07,0,1,2,org.apache.lucene.search.FieldComparatorSource,0.00,1,1,1,0,1,0,0,0,31,2
"org.apache.lucene.search.JustCompileSearch$JustCompileFilter",1,0.00,1.00,3,0.03,277.57,1,0,5,1,2,173.85,2,6,0,2,133.96,0.00,0.50,0.00,0,1.00,1,76.76,0,1,2,org.apache.lucene.search.Filter,0.00,0,1,1,0,0,0,0,2,22,2
"org.apache.lucene.search.JustCompileSearch$JustCompileFilteredDocIdSet",2,0.00,1.00,5,0.04,367.80,2,0,5,3,2,141.94,0,9,0,3,141.94,0.00,0.67,0.00,0,2.00,1,110.57,0,0,2,org.apache.lucene.search.FilteredDocIdSet,0.50,1,2,2,0,1,2,0,0,33,2
"org.apache.lucene.search.JustCompileSearch$JustCompileFilteredDocIdSetIterator",2,0.00,1.00,5,0.04,367.80,2,0,5,3,2,141.94,0,9,0,3,141.94,0.00,0.67,0.00,0,2.00,1,110.57,0,0,2,org.apache.lucene.search.FilteredDocIdSetIterator,0.30,1,2,2,0,1,2,0,0,33,2
"org.apache.lucene.search.JustCompileSearch$JustCompilePhraseScorer",2,0.00,1.00,5,0.06,640.43,2,0,5,3,3,140.04,0,10,0,4,140.04,0.00,0.75,0.00,0,2.00,1,171.38,0,0,3,org.apache.lucene.search.PhraseScorer,0.16,1,3,2,0,1,2,0,0,46,2
"org.apache.lucene.search.JustCompileSearch$JustCompileQuery",1,0.00,1.00,3,0.03,325.43,1,0,5,2,1,133.42,0,6,0,2,133.42,0.00,0.50,0.00,0,0.00,1,78.86,0,1,1,org.apache.lucene.search.Query,0.00,1,1,1,0,1,0,0,0,23,2
"org.apache.lucene.search.JustCompileSearch$JustCompileScorer",6,0.00,1.00,13,0.13,1706.94,6,0,5,7,3,140.45,0,26,0,3,140.45,0.00,0.67,0.00,0,0.00,1,385.45,0,0,3,org.apache.lucene.search.Scorer,0.75,1,2,6,0,1,6,0,0,103,2
"org.apache.lucene.search.JustCompileSearch$JustCompileSimilarity",4,0.00,1.00,9,0.09,1156.77,4,0,5,5,2,140.39,0,18,0,2,140.39,0.00,0.50,0.00,0,0.00,1,282.10,0,0,2,org.apache.lucene.search.Similarity,0.38,1,1,4,0,1,4,0,0,75,2
"org.apache.lucene.search.JustCompileSearch$JustCompileSimilarityProvider",3,0.00,1.00,7,0.06,541.15,3,0,5,4,2,142.00,0,11,0,1,142.00,0.00,0.00,0.00,0,0.00,1,166.74,0,1,2,java.lang.Object,0.00,1,0,3,0,1,2,1,0,48,2
"org.apache.lucene.search.JustCompileSearch$JustCompileSpanFilter",2,0.00,1.00,5,0.05,601.57,2,0,5,3,3,140.26,0,10,0,3,140.26,0.00,0.67,0.00,0,2.00,1,148.76,0,2,3,org.apache.lucene.search.SpanFilter,0.00,1,2,2,0,1,0,0,0,40,2
"org.apache.lucene.search.JustCompileSearch$JustCompileTopDocsCollector",8,0.00,1.00,17,0.18,2223.10,8,0,5,9,5,140.53,0,34,0,3,140.53,0.00,0.67,0.00,0,0.00,1,525.81,0,3,5,org.apache.lucene.search.TopDocsCollector,0.79,1,2,8,0,1,5,0,0,139,2
"org.apache.lucene.search.JustCompileSearch$JustCompileWeight",6,0.00,1.00,13,0.14,1732.58,6,0,5,7,4,140.39,0,27,0,2,140.39,0.00,0.50,0.00,0,0.00,1,408.66,0,3,4,org.apache.lucene.search.Weight,0.62,1,1,6,0,1,3,0,0,107,2
"org.apache.lucene.search.MatchAllDocsQuery",7,1.00,1.14,22,0.22,4385.58,8,1,7,14,41,181.15,7,35,34,2,131.15,0.00,0.50,0.00,0,7.00,2,674.56,1,2,7,org.apache.lucene.search.Query,0.11,7,1,8,0,7,5,0,2,169,1
"org.apache.lucene.search.MatchAllDocsQuery$MatchAllDocsWeight",8,0.14,1.38,26,0.31,6134.70,11,3,7,16,8,130.41,1,46,0,2,130.41,0.00,0.50,0.21,0,28.00,2,919.92,0,4,8,org.apache.lucene.search.Weight,0.53,8,1,11,0,8,4,0,1,218,1
"org.apache.lucene.search.MatchAllDocsQuery$MatchAllScorer",5,0.21,1.60,28,0.29,7157.54,11,6,7,9,5,119.97,0,41,0,3,119.97,0.00,0.67,0.33,1,0.00,3,878.70,0,0,5,org.apache.lucene.search.Scorer,0.80,4,2,8,0,4,5,0,0,198,1
"org.apache.lucene.search.MaxNonCompetitiveBoostAttribute",4,0.00,1.00,5,0.03,124.80,4,0,3,4,8,159.47,16,6,5,2,159.23,0.00,0.50,0.00,0,4.00,1,78.03,0,1,3,,0.00,0,1,4,0,0,3,0,5,30,1
"org.apache.lucene.search.MaxNonCompetitiveBoostAttributeImpl",6,0.00,1.00,18,0.15,2170.46,8,2,2,8,4,133.06,3,27,1,2,133.06,0.00,0.50,0.50,0,2.00,1,454.19,0,1,3,org.apache.lucene.util.AttributeImpl,0.18,2,1,6,0,2,5,1,1,117,2
"org.apache.lucene.search.MockFilter",3,0.00,1.00,9,0.06,664.83,4,1,3,5,4,134.73,0,14,1,2,134.73,0.00,0.50,1.00,0,0.00,1,177.45,0,1,3,org.apache.lucene.search.Filter,0.00,2,1,3,0,2,2,0,0,50,1
"org.apache.lucene.search.MultiCollector",6,1.00,3.33,48,0.40,26460.64,7,1,4,12,5,108.57,26,64,3,2,108.34,0.00,0.50,0.00,0,6.00,10,1202.94,0,1,2,org.apache.lucene.search.Collector,0.40,6,1,20,0,6,5,0,6,262,1
"org.apache.lucene.search.MultiCollectorTest",3,0.00,1.67,29,0.34,10566.78,3,0,6,12,3,147.24,8,37,0,2,107.36,0.00,0.50,0.00,0,3.00,2,1023.98,0,0,3,org.apache.lucene.util.LuceneTestCase,0.00,9,1,5,0,9,3,0,8,213,1
"org.apache.lucene.search.MultiCollectorTest$DummyCollector",4,0.00,1.00,14,0.12,1767.65,8,4,6,4,2,132.37,0,24,0,2,132.37,0.00,0.50,0.25,0,12.00,1,366.33,0,0,2,org.apache.lucene.search.Collector,0.50,0,1,4,0,0,4,0,0,95,2
"org.apache.lucene.search.MultiPhraseQuery",15,0.02,2.53,108,1.45,76293.83,19,4,13,47,34,130.69,49,138,20,2,110.08,0.00,0.50,0.23,2,60.00,8,4362.43,1,3,14,org.apache.lucene.search.Query,0.08,32,1,38,0,32,12,0,17,872,1
"org.apache.lucene.search.MultiPhraseQuery$MultiPhraseWeight",7,0.19,3.29,110,1.75,132344.40,13,6,13,50,16,133.06,14,140,0,2,93.18,0.00,0.50,0.33,0,1.00,10,5259.66,0,2,16,org.apache.lucene.search.Weight,0.57,43,1,23,0,43,5,0,14,884,1
"org.apache.lucene.search.MultiPhraseQuery$UnionDocsAndPositionsEnum",8,0.07,2.00,60,0.75,39141.41,12,4,13,35,5,110.26,5,80,0,4,110.26,0.00,0.75,0.31,1,16.00,4,2259.09,0,1,5,org.apache.lucene.index.DocsAndPositionsEnum,1.33,27,3,16,0,27,7,0,5,446,0
"org.apache.lucene.search.MultiPhraseQuery$UnionDocsAndPositionsEnum$DocsQueue",3,0.00,1.67,12,0.15,3371.74,3,0,13,8,3,124.40,0,19,0,2,124.40,0.00,0.50,0.00,0,3.00,3,445.00,3,1,3,org.apache.lucene.util.PriorityQueue,0.00,5,1,5,0,5,2,0,0,104,3
"org.apache.lucene.search.MultiPhraseQuery$UnionDocsAndPositionsEnum$IntQueue",6,0.40,1.17,22,0.18,3555.04,10,4,13,8,0,131.33,0,30,0,1,131.33,0.00,0.00,0.58,1,0.00,2,554.95,0,0,0,java.lang.Object,0.00,2,0,7,0,2,6,0,0,142,3
"org.apache.lucene.search.MultiTermQuery",12,0.02,1.58,50,0.61,22500.93,17,5,8,23,59,93.28,158,69,51,2,122.66,10.00,0.08,0.18,1,42.00,7,1833.22,1,5,10,org.apache.lucene.search.Query,0.09,11,1,19,10,11,7,0,17,401,2
"org.apache.lucene.search.MultiTermQuery$ConstantScoreAutoRewrite",0,0.00,0.00,1,0.02,186.81,0,0,8,0,1,171.00,0,1,0,4,171.00,0.00,0.75,0.00,0,0.00,0,51.89,0,0,1,org.apache.lucene.search.ConstantScoreAutoRewrite,0.00,0,3,0,0,0,0,0,0,15,2
"org.apache.lucene.search.MultiTermQuery$ConstantScoreAutoRewrite_1",2,0.00,1.00,5,0.04,499.34,2,0,8,3,0,140.89,0,9,0,1,140.89,0.00,0.00,0.00,0,2.00,1,129.84,0,0,0,java.lang.Object,0.00,1,0,2,0,1,2,0,0,36,0
"org.apache.lucene.search.MultiTermQuery$RewriteMethod",1,0.00,1.00,2,0.02,146.32,1,0,8,1,3,142.72,0,3,0,1,142.72,0.00,0.00,0.00,0,1.00,1,58.53,0,1,3,java.lang.Object,0.00,0,0,1,0,0,0,0,0,18,3
"org.apache.lucene.search.MultiTermQuery$RewriteMethod_0",1,0.00,1.00,5,0.06,1508.92,1,0,8,5,5,119.90,0,7,0,1,119.90,0.00,0.00,0.00,0,1.00,1,179.90,0,1,5,java.lang.Object,0.00,4,0,1,0,4,0,0,0,42,0
"org.apache.lucene.search.MultiTermQuery$TopTermsBoostOnlyBooleanQueryRewrite",4,0.00,1.00,11,0.13,2102.87,4,0,8,10,7,188.35,7,19,0,4,138.35,0.00,0.75,0.00,0,4.00,1,404.48,0,0,7,org.apache.lucene.search.TopTermsRewrite,0.57,6,3,4,0,6,4,0,1,97,3
"org.apache.lucene.search.MultiTermQuery$TopTermsScoringBooleanQueryRewrite",4,0.00,1.00,11,0.13,2069.52,4,0,8,9,5,188.40,7,19,0,4,138.40,0.00,0.75,0.00,0,4.00,1,385.28,0,0,5,org.apache.lucene.search.TopTermsRewrite,0.57,5,3,4,0,5,4,0,1,94,3
"org.apache.lucene.search.MultiTermQueryWrapperFilter",8,0.14,2.12,55,0.65,40311.36,9,1,9,27,14,94.77,44,70,5,2,112.64,3.00,0.20,0.88,1,0.00,7,1935.69,0,2,9,org.apache.lucene.search.Filter,0.00,19,1,17,3,19,6,0,13,376,1
"org.apache.lucene.search.MultiThreadTermVectorsReader",5,0.00,2.40,53,0.53,18495.12,9,4,10,22,8,105.40,3,54,1,1,105.40,0.00,0.00,0.25,1,6.00,4,1604.55,0,0,7,java.lang.Object,0.00,17,0,12,0,17,5,1,3,329,0
"org.apache.lucene.search.NumericRangeFilter",13,0.00,1.00,27,0.58,17033.22,13,0,3,22,11,103.00,81,65,7,3,135.22,0.00,0.67,0.00,0,33.00,1,1738.48,0,8,5,org.apache.lucene.search.MultiTermQueryWrapperFilter,0.00,9,2,13,0,9,5,0,14,404,2
"org.apache.lucene.search.NumericRangeQuery",17,0.03,2.12,66,1.42,63355.14,23,6,11,33,23,80.78,199,128,15,3,124.91,0.00,0.67,0.20,0,72.00,7,4250.37,5,10,9,org.apache.lucene.search.MultiTermQuery,0.08,16,2,36,0,16,7,0,22,869,2
"org.apache.lucene.search.NumericRangeQuery$NumericRangeTermsEnum",4,0.58,8.00,68,0.93,73557.31,8,4,11,17,4,130.93,10,92,0,3,91.04,0.00,0.67,0.69,1,0.00,23,2790.80,0,2,4,org.apache.lucene.search.FilteredTermsEnum,0.00,13,2,32,0,13,2,0,10,513,2
"org.apache.lucene.search.NumericRangeQuery$NumericRangeTermsEnum$NumericUtils.IntRangeBuilder",1,0.00,1.00,4,0.04,629.26,1,0,11,1,1,126.50,0,6,0,1,126.50,0.00,0.00,0.00,0,0.00,1,113.18,0,0,1,java.lang.Object,0.00,0,0,1,0,0,1,0,0,31,0
"org.apache.lucene.search.NumericRangeQuery$NumericRangeTermsEnum$NumericUtils.LongRangeBuilder",1,0.00,1.00,4,0.04,629.26,1,0,11,1,1,126.50,0,6,0,1,126.50,0.00,0.00,0.00,0,0.00,1,113.18,0,0,1,java.lang.Object,0.00,0,0,1,0,0,1,0,0,31,0
"org.apache.lucene.search.PhrasePositions",5,0.21,1.60,29,0.22,3370.13,12,7,2,9,4,143.16,19,38,3,1,122.54,0.00,0.00,0.31,1,0.00,2,649.31,0,0,1,java.lang.Object,0.00,4,0,8,0,4,5,0,12,157,1
"org.apache.lucene.search.PhraseQuery",13,0.12,2.15,88,1.21,65873.51,18,5,11,37,50,133.24,45,113,40,2,112.62,0.00,0.50,0.31,2,2.00,8,3617.97,2,3,10,org.apache.lucene.search.Query,0.17,24,1,28,0,24,10,0,13,727,1
"org.apache.lucene.search.PhraseQuery$PhraseWeight",8,0.14,2.75,104,1.70,132962.20,14,6,11,41,14,145.98,14,136,0,2,95.98,0.00,0.50,0.29,0,8.00,8,5103.98,0,2,14,org.apache.lucene.search.Weight,0.53,33,1,22,0,33,6,0,14,855,1
"org.apache.lucene.search.PhraseQuery$PostingsAndFreq",2,0.33,1.00,10,0.08,1438.63,5,3,11,2,1,122.43,0,13,0,1,122.43,0.00,0.00,0.17,0,2.00,1,247.57,0,0,1,java.lang.Object,0.00,0,0,2,0,0,2,1,0,66,1
"org.apache.lucene.search.PhraseQueue",2,0.00,2.00,6,0.11,5061.87,2,0,1,2,3,176.24,2,15,1,2,126.24,0.00,0.50,0.00,0,2.00,3,320.50,1,0,2,org.apache.lucene.util.PriorityQueue,0.00,0,1,4,0,0,2,0,2,79,1
"org.apache.lucene.search.PhraseScorer",13,0.14,2.38,96,0.93,27739.33,22,9,1,25,7,133.67,45,118,2,3,113.06,1.00,0.40,0.24,4,5.00,5,2778.26,0,1,5,org.apache.lucene.search.Scorer,0.65,12,2,31,2,12,12,0,28,593,1
"org.apache.lucene.search.PositiveScoresOnlyCollector",5,0.00,1.20,15,0.15,2610.20,7,2,2,11,4,181.76,7,26,1,2,131.76,0.00,0.50,0.50,0,0.00,2,453.39,0,0,3,org.apache.lucene.search.Collector,0.67,6,1,6,0,6,5,0,3,117,1
"org.apache.lucene.search.PrefixFilter",3,0.00,1.00,11,0.10,2058.03,3,0,1,9,4,180.87,5,14,1,3,130.87,0.00,0.67,0.00,1,4.00,1,285.89,0,2,3,org.apache.lucene.search.MultiTermQueryWrapperFilter,0.25,6,2,3,0,6,1,0,2,76,1
"org.apache.lucene.search.PrefixQuery",6,0.20,2.50,35,0.42,14684.80,7,1,6,19,25,168.03,10,51,18,3,118.03,0.00,0.67,0.83,0,0.00,7,1262.35,4,3,7,org.apache.lucene.search.MultiTermQuery,0.10,13,2,15,0,13,3,0,5,278,1
"org.apache.lucene.search.PrefixTermsEnum",2,0.00,1.50,10,0.09,1353.28,3,1,4,4,6,143.16,7,15,2,3,122.55,0.00,0.67,1.00,0,0.00,2,260.62,1,1,4,org.apache.lucene.search.FilteredTermsEnum,0.00,2,2,3,0,2,1,0,1,65,1
"org.apache.lucene.search.Query",11,0.70,1.55,39,0.43,10175.43,12,1,4,24,336,111.87,65,57,334,1,129.74,0.00,0.00,0.36,1,23.00,5,1291.71,1,4,4,java.lang.Object,0.00,13,0,17,50,13,7,1,12,300,2
"org.apache.lucene.search.QueryTermVector",10,0.11,2.20,77,0.98,57138.09,12,2,13,37,7,159.71,10,91,1,1,109.71,0.00,0.00,0.40,1,10.00,5,2943.81,0,3,6,java.lang.Object,0.00,27,0,22,0,27,7,1,4,574,1
"org.apache.lucene.search.QueryUtils",11,0.00,2.64,112,2.09,119340.66,11,0,18,61,37,83.82,62,157,20,1,101.70,0.00,0.00,0.00,8,11.00,7,6267.41,0,1,18,java.lang.Object,0.00,50,0,29,0,50,10,0,29,1138,1
"org.apache.lucene.search.QueryUtils$Collector",4,0.00,4.25,46,1.11,81081.85,7,3,18,20,5,147.91,4,71,0,1,97.91,0.00,0.00,0.33,0,4.00,12,3332.46,0,0,5,java.lang.Object,0.00,16,0,17,0,16,4,0,4,541,0
"org.apache.lucene.search.QueryUtils$Collector_0",4,0.33,2.25,39,0.74,40812.44,6,2,18,18,5,153.65,4,50,0,1,103.65,0.00,0.00,0.25,0,4.00,4,2220.52,0,0,5,java.lang.Object,0.00,14,0,9,0,14,4,0,4,386,0
"org.apache.lucene.search.QueryUtils$Query",1,0.00,1.00,3,0.02,200.88,1,0,18,1,0,135.07,0,5,0,1,135.07,0.00,0.00,0.00,0,1.00,1,52.97,0,1,0,java.lang.Object,0.00,0,0,1,0,0,0,0,0,17,0
"org.apache.lucene.search.QueryWrapperFilter",6,0.20,1.17,18,0.20,4535.04,7,1,3,11,13,170.39,15,30,8,2,130.50,0.00,0.50,0.83,1,0.00,2,608.77,0,2,5,org.apache.lucene.search.Filter,0.00,5,1,7,0,5,4,0,4,149,1
"org.apache.lucene.search.QueryWrapperFilter$DocIdSet",2,0.00,1.00,5,0.04,530.53,2,0,3,4,1,140.68,0,7,0,1,140.68,0.00,0.00,0.00,0,2.00,1,130.38,0,1,1,java.lang.Object,0.00,2,0,2,0,2,1,0,0,36,0
"org.apache.lucene.search.RegexpQuery",4,0.00,1.25,17,0.20,5053.89,4,0,6,14,17,113.71,63,24,11,4,124.07,0.00,0.75,0.00,0,6.00,2,589.47,1,1,6,org.apache.lucene.search.AutomatonQuery,0.00,10,3,5,0,10,3,0,7,140,1
"org.apache.lucene.search.RegexpQuery$AutomatonProvider",1,0.00,1.00,3,0.02,141.06,1,0,6,1,1,136.28,0,4,0,1,136.28,0.00,0.00,0.00,0,1.00,1,51.02,0,1,1,java.lang.Object,0.00,0,0,1,0,0,0,0,0,16,0
"org.apache.lucene.search.ReqExclScorer",6,0.27,2.67,47,0.41,17969.79,9,3,1,12,3,94.00,32,67,1,3,111.87,0.00,0.67,0.56,0,0.00,5,1235.39,0,0,2,org.apache.lucene.search.Scorer,0.75,6,2,16,0,6,6,0,11,283,0
"org.apache.lucene.search.ReqOptSumScorer",5,0.00,1.60,23,0.24,9999.95,7,2,1,9,2,143.05,17,38,1,3,122.44,0.00,0.67,0.50,0,0.00,4,721.20,0,0,1,org.apache.lucene.search.Scorer,0.80,4,2,8,0,4,5,0,4,171,0
"org.apache.lucene.search.ScoreCachingWrappingScorer",7,0.06,1.14,23,0.23,4446.23,10,3,1,11,5,181.10,12,38,3,3,131.10,0.00,0.67,0.38,0,0.00,2,686.38,0,0,2,org.apache.lucene.search.Scorer,0.71,4,2,8,0,4,7,0,2,173,1
"org.apache.lucene.search.ScoreDoc",2,0.00,1.00,8,0.06,742.00,4,2,0,2,89,90.75,24,12,89,1,128.31,0.00,0.00,0.50,0,2.00,1,180.80,0,1,0,java.lang.Object,0.00,0,0,2,2,0,1,0,6,51,1
"org.apache.lucene.search.Scorer",7,1.00,2.00,32,0.37,10723.23,8,1,2,14,147,79.17,78,47,145,2,123.30,31.00,0.03,0.14,1,17.00,6,1104.68,0,0,4,org.apache.lucene.search.DocIdSetIterator,0.00,7,1,14,31,7,7,0,10,243,2
"org.apache.lucene.search.Scorer$ScorerVisitor",3,0.00,1.00,4,0.06,473.29,3,0,2,3,0,111.40,21,5,0,2,153.69,0.00,0.50,0.00,0,3.00,1,178.89,0,0,0,Scorer>,0.00,0,1,3,0,0,3,0,3,50,3
"org.apache.lucene.search.ScoringRewrite",2,0.00,2.00,28,0.48,28627.89,2,0,13,16,14,65.98,27,32,2,3,95.36,0.00,0.67,0.00,0,2.00,3,1432.03,3,0,13,org.apache.lucene.search.TermCollectingRewrite,0.00,14,2,4,0,14,2,0,5,260,2
"org.apache.lucene.search.ScoringRewrite$ParallelArraysTermCollector",2,0.50,1.50,21,0.36,15412.32,6,4,13,16,8,153.00,2,27,0,2,103.00,0.00,0.50,0.50,0,2.00,2,1084.04,0,0,8,org.apache.lucene.search.TermCollector,0.00,14,1,3,0,14,2,0,2,206,1
"org.apache.lucene.search.ScoringRewrite$RewriteMethod",2,0.00,1.50,9,0.10,2856.48,2,0,13,8,5,173.61,3,13,0,1,123.61,0.00,0.00,0.00,0,2.00,2,313.76,0,2,5,java.lang.Object,0.00,6,0,3,0,6,0,0,3,70,0
"org.apache.lucene.search.ScoringRewrite$ScoringRewrite<BooleanQuery>",4,0.00,1.25,11,0.14,2457.34,4,0,13,10,4,137.76,1,20,0,1,137.76,0.00,0.00,0.00,0,4.00,2,414.94,0,1,4,java.lang.Object,0.00,6,0,5,0,6,3,0,1,99,0
"org.apache.lucene.search.ScoringRewrite$TermFreqBoostByteStart",4,0.33,1.25,24,0.34,16475.72,6,2,13,7,3,113.46,0,33,0,2,113.46,0.00,0.50,0.75,0,0.00,2,1007.70,3,0,3,org.apache.lucene.util.DirectBytesStartArray,0.00,3,1,5,0,3,4,0,0,216,2
"org.apache.lucene.search.Similarity",12,0.50,1.08,44,0.48,12389.99,14,2,6,21,49,96.30,684,53,45,1,129.45,0.00,0.00,0.04,2,22.00,2,1453.51,0,3,4,java.lang.Object,0.00,9,0,13,17,9,9,0,16,336,2
"org.apache.lucene.search.Similarity$IDFExplanation",2,0.00,1.00,5,0.04,441.31,2,0,6,2,0,141.31,0,9,0,1,141.31,0.00,0.00,0.00,0,2.00,1,118.77,0,1,0,java.lang.Object,0.00,0,0,2,0,0,1,0,0,34,0
"org.apache.lucene.search.Similarity$IDFExplanation_0",2,0.00,1.00,5,0.03,359.83,2,0,6,3,0,142.01,0,9,0,1,142.01,0.00,0.00,0.00,0,2.00,1,94.73,0,1,0,java.lang.Object,0.00,1,0,2,0,1,1,0,0,29,0
"org.apache.lucene.search.SimilarityProvider",3,0.00,1.00,4,0.03,195.97,3,0,0,3,36,174.84,55,5,35,1,156.71,0.00,0.00,0.00,0,3.00,1,86.16,0,1,1,,0.00,0,0,3,0,0,2,0,5,30,1
"org.apache.lucene.search.SingleDocTestFilter",2,1.00,1.00,8,0.08,1447.74,3,1,4,6,4,126.02,0,12,1,2,126.02,0.00,0.50,0.50,0,2.00,1,243.78,0,1,3,org.apache.lucene.search.Filter,0.00,4,1,2,0,4,1,0,0,60,1
"org.apache.lucene.search.SingleTermsEnum",2,0.00,1.50,8,0.08,1299.97,3,1,4,4,6,94.08,13,12,2,3,126.30,0.00,0.67,1.00,0,0.00,2,251.41,1,1,4,org.apache.lucene.search.FilteredTermsEnum,0.00,2,2,3,0,2,1,0,2,63,2
"org.apache.lucene.search.SloppyPhraseScorer",5,0.06,7.00,113,1.36,147516.87,9,4,2,17,6,55.90,66,122,2,4,85.28,0.00,0.75,0.30,1,1.00,18,4071.32,0,0,4,org.apache.lucene.search.PhraseScorer,0.14,12,3,35,0,12,5,0,31,738,1
"org.apache.lucene.search.Sort",9,0.25,1.44,32,0.32,10312.80,12,3,1,16,44,84.90,99,44,43,1,129.03,0.00,0.00,0.11,1,18.00,3,974.29,0,2,1,java.lang.Object,0.00,7,0,13,0,7,7,0,12,234,1
"org.apache.lucene.search.SortField",22,0.09,3.09,175,2.82,141333.69,42,20,4,60,74,77.01,153,246,69,1,109.23,0.00,0.00,0.13,1,186.00,16,8445.01,0,6,11,java.lang.Object,0.00,38,0,68,1,38,16,0,45,1582,1
"org.apache.lucene.search.SpanFilter",1,0.00,1.00,2,0.02,132.18,1,0,2,1,6,122.92,14,3,4,2,143.07,3.00,0.20,0.00,0,1.00,1,52.87,0,1,2,org.apache.lucene.search.Filter,0.00,0,1,1,3,0,0,0,2,17,2
"org.apache.lucene.search.SpanFilterResult",3,0.25,1.00,12,0.09,1291.58,5,2,2,3,7,95.58,18,17,6,1,127.80,0.00,0.00,0.33,0,5.00,1,257.40,0,1,1,java.lang.Object,0.00,0,0,3,0,0,2,0,5,69,1
"org.apache.lucene.search.SpanFilterResult$PositionInfo",4,0.00,1.00,12,0.10,1251.72,6,2,2,7,0,183.55,4,18,0,1,133.55,0.00,0.00,0.50,0,0.00,1,286.93,0,1,0,java.lang.Object,0.00,3,0,4,0,3,3,0,1,77,2
"org.apache.lucene.search.SpanFilterResult$StartEnd",3,0.25,1.00,10,0.06,763.50,5,2,2,3,0,174.14,8,15,0,1,134.26,0.00,0.00,0.33,0,5.00,1,167.02,0,0,0,java.lang.Object,0.00,0,0,3,0,0,3,0,2,51,2
"org.apache.lucene.search.SpanQueryFilter",8,0.43,1.25,31,0.39,15030.77,9,1,7,22,9,177.37,14,50,3,3,127.37,0.00,0.67,0.62,2,0.00,3,1179.03,0,4,6,org.apache.lucene.search.SpanFilter,0.00,14,2,10,0,14,4,0,2,251,1
"org.apache.lucene.search.TermCollectingRewrite",4,0.00,2.75,29,0.48,32244.29,4,0,13,14,13,158.48,6,38,3,2,108.48,6.00,0.12,0.00,1,4.00,8,1435.68,0,0,10,MultiTermQuery.RewriteMethod,0.00,10,1,11,6,10,4,0,6,262,1
"org.apache.lucene.search.TermCollectingRewrite$TermCollector",3,3.00,1.00,9,0.08,1247.23,6,3,13,4,3,182.58,3,11,0,1,132.58,0.00,0.00,0.00,0,3.00,1,252.57,0,0,3,java.lang.Object,0.00,1,0,3,0,1,3,0,3,67,3
"org.apache.lucene.search.TermQuery",9,0.08,1.44,45,0.52,17182.69,12,3,14,24,158,158.89,18,62,146,2,119.01,0.00,0.50,0.41,2,0.00,3,1555.32,1,3,12,org.apache.lucene.search.Query,0.10,15,1,13,0,15,6,0,12,344,1
"org.apache.lucene.search.TermQuery$TermWeight",9,0.11,1.78,88,1.48,94463.95,16,7,14,41,16,153.61,9,114,0,2,103.61,0.00,0.50,0.24,1,15.00,6,4437.51,0,4,16,org.apache.lucene.search.Weight,0.50,32,1,16,0,32,5,0,9,777,1
"org.apache.lucene.search.TermRangeFilter",9,0.00,1.00,19,0.19,2543.66,9,0,1,16,15,122.60,53,22,13,3,140.47,0.00,0.67,0.00,0,4.00,1,571.27,0,5,2,org.apache.lucene.search.MultiTermQueryWrapperFilter,0.00,7,2,9,0,7,4,0,10,157,1
"org.apache.lucene.search.TermRangeQuery",11,0.26,3.55,70,0.99,49768.64,16,5,6,25,33,80.67,71,92,27,3,112.90,0.00,0.67,0.44,0,0.00,15,2984.88,4,5,6,org.apache.lucene.search.MultiTermQuery,0.09,14,2,39,0,14,6,0,9,625,1
"org.apache.lucene.search.TermRangeTermsEnum",2,1.12,6.00,40,0.58,37630.31,10,8,5,7,5,121.78,40,59,2,3,88.40,0.00,0.67,0.69,0,0.00,8,1743.55,1,1,3,org.apache.lucene.search.FilteredTermsEnum,0.00,5,2,12,0,5,1,0,6,332,1
"org.apache.lucene.search.TermScorer",10,0.19,2.10,83,0.84,29975.44,23,13,2,19,6,110.00,45,105,1,3,109.76,0.00,0.67,0.25,2,10.00,4,2519.79,0,1,5,org.apache.lucene.search.Scorer,0.75,9,2,21,0,9,9,0,18,521,1
"org.apache.lucene.search.TermsFilter",4,0.33,3.25,45,0.63,28778.19,5,1,14,24,15,122.12,15,62,4,2,101.51,0.00,0.50,0.75,0,0.00,7,1892.76,0,1,11,org.apache.lucene.search.Filter,0.00,20,1,13,0,20,3,0,3,355,1
"org.apache.lucene.search.TermsFilterTest",2,0.00,1.50,47,0.74,32491.36,2,0,11,25,10,136.95,2,49,0,2,86.95,0.00,0.50,0.00,0,2.00,2,2219.92,0,0,10,org.apache.lucene.util.LuceneTestCase,0.00,23,1,3,0,23,2,0,2,390,1
"org.apache.lucene.search.TestAutomatonQuery",11,0.10,1.00,94,1.42,36485.72,15,4,14,50,17,149.47,29,125,0,2,109.59,0.00,0.50,0.34,2,0.00,1,4264.71,2,1,17,org.apache.lucene.util.LuceneTestCase,0.00,39,1,11,0,39,10,0,16,853,1
"org.apache.lucene.search.TestAutomatonQueryUnicode",6,0.15,1.00,65,0.81,26581.75,10,4,10,24,11,144.87,13,78,0,2,104.98,0.00,0.50,0.38,2,6.00,1,2421.42,2,1,11,org.apache.lucene.util.LuceneTestCase,0.00,18,1,6,0,18,5,0,4,467,1
"org.apache.lucene.search.TestBoolean2",16,0.05,1.81,179,2.54,128087.05,25,9,17,63,28,151.28,17,218,1,2,101.28,0.00,0.50,0.16,2,52.00,9,7612.47,0,2,27,org.apache.lucene.util.LuceneTestCase,0.00,47,1,29,0,47,14,0,15,1358,1
"org.apache.lucene.search.TestBoolean2$Callback",1,0.00,1.00,2,0.01,52.70,1,0,17,1,1,146.21,0,3,0,1,146.21,0.00,0.00,0.00,0,1.00,1,31.26,0,0,1,,0.00,0,0,1,0,0,1,0,0,12,2
"org.apache.lucene.search.TestBoolean2$DefaultSimilarity",1,0.00,1.00,3,0.03,601.38,1,0,17,1,0,131.32,0,5,0,1,131.32,0.00,0.00,0.00,0,1.00,1,93.95,0,0,0,java.lang.Object,0.00,0,0,1,0,0,1,0,0,26,0
"org.apache.lucene.search.TestBooleanMinShouldMatch",19,0.20,1.68,207,4.01,167206.11,22,3,9,54,15,84.64,112,242,0,2,102.52,0.00,0.50,0.14,2,63.00,9,12041.00,2,0,15,org.apache.lucene.util.LuceneTestCase,0.00,35,1,32,0,35,19,0,111,2279,1
"org.apache.lucene.search.TestBooleanMinShouldMatch$TestBoolean2.Callback",1,0.00,3.00,10,0.12,3530.76,1,0,9,5,2,105.51,0,9,0,1,105.51,0.00,0.00,0.00,0,1.00,3,345.51,0,0,2,java.lang.Object,0.00,4,0,3,0,4,1,0,0,72,0
"org.apache.lucene.search.TestBooleanOr",8,0.33,1.00,74,1.11,32361.15,17,9,8,26,12,127.62,29,93,0,2,107.00,0.00,0.50,0.40,0,4.00,1,3332.09,2,0,12,org.apache.lucene.util.LuceneTestCase,0.00,18,1,8,0,18,8,0,9,702,1
"org.apache.lucene.search.TestBooleanQuery",4,0.00,1.50,97,1.80,83629.03,4,0,14,45,17,125.29,8,105,0,2,85.40,0.00,0.50,0.00,0,4.00,2,5413.66,0,0,17,org.apache.lucene.util.LuceneTestCase,0.00,41,1,6,0,41,4,0,8,927,1
"org.apache.lucene.search.TestBooleanScorer",2,0.00,2.50,51,0.88,37674.32,4,2,10,25,13,124.86,4,54,0,2,84.98,0.00,0.50,0.50,0,2.00,3,2641.68,0,0,13,org.apache.lucene.util.LuceneTestCase,0.00,23,1,5,0,23,2,0,4,441,1
"org.apache.lucene.search.TestCachingSpanFilter",2,0.00,1.50,67,1.10,58936.68,2,0,11,30,16,29.07,19,77,0,2,79.07,0.00,0.50,0.00,0,2.00,2,3303.85,0,1,16,org.apache.lucene.util.LuceneTestCase,0.00,28,1,3,0,28,1,0,19,537,1
"org.apache.lucene.search.TestCachingWrapperFilter",7,0.00,1.29,152,2.37,141326.17,7,0,14,50,23,87.95,32,167,0,2,87.72,0.00,0.50,0.00,1,7.00,2,7111.88,0,1,23,org.apache.lucene.util.LuceneTestCase,0.00,43,1,9,0,43,6,0,32,1224,1
"org.apache.lucene.search.TestCachingWrapperFilter$Filter",1,0.00,1.00,3,0.02,175.12,1,0,14,1,1,135.54,0,5,0,1,135.54,0.00,0.00,0.00,0,1.00,1,54.60,0,1,1,java.lang.Object,0.00,0,0,1,0,0,0,0,0,17,0
"org.apache.lucene.search.TestCachingWrapperFilter$Filter_0",1,0.00,1.00,3,0.02,161.45,1,0,14,2,1,135.81,0,5,0,1,135.81,0.00,0.00,0.00,0,1.00,1,49.51,0,1,1,java.lang.Object,0.00,1,0,1,0,1,0,0,0,16,0
"org.apache.lucene.search.TestCachingWrapperFilter$Filter_0$DocIdSet",1,0.00,1.00,3,0.01,149.03,1,0,14,1,1,136.09,0,5,0,1,136.09,0.00,0.00,0.00,0,1.00,1,44.54,0,1,1,java.lang.Object,0.00,0,0,1,0,0,0,0,0,15,0
"org.apache.lucene.search.TestCachingWrapperFilter$Filter_1",1,0.00,1.00,3,0.02,238.65,1,0,14,2,2,134.48,0,5,0,1,134.48,0.00,0.00,0.00,0,1.00,1,63.51,0,1,2,java.lang.Object,0.00,1,0,1,0,1,0,0,0,19,0
"org.apache.lucene.search.TestComplexExplanations",24,0.00,1.00,138,2.26,78216.94,24,0,2,47,11,117.26,20,180,1,3,117.26,0.50,0.50,0.00,1,128.00,1,6765.70,9,1,10,org.apache.lucene.search.TestExplanations,0.12,23,2,24,1,23,23,0,13,1314,1
"org.apache.lucene.search.TestComplexExplanations$DefaultSimilarity",1,0.00,1.00,3,0.02,200.88,1,0,2,1,0,185.07,1,5,0,1,135.07,0.00,0.00,0.00,0,1.00,1,52.97,0,0,0,java.lang.Object,0.00,0,0,1,0,0,1,0,1,17,0
"org.apache.lucene.search.TestComplexExplanationsOfNonMatches",1,0.00,1.00,3,0.04,549.65,1,0,0,2,3,180.90,24,7,0,4,131.62,0.00,0.75,0.00,0,0.00,1,119.24,0,0,3,org.apache.lucene.search.TestComplexExplanations,0.00,1,3,1,0,1,1,0,3,30,1
"org.apache.lucene.search.TestConstantScoreQuery",3,0.00,2.00,49,0.88,45536.89,3,0,9,31,16,143.00,4,55,0,2,93.00,0.00,0.50,0.00,1,3.00,4,2634.80,0,0,16,org.apache.lucene.util.LuceneTestCase,0.00,28,1,6,0,28,3,0,3,470,1
"org.apache.lucene.search.TestConstantScoreQuery$Collector",4,1.00,1.25,14,0.18,4453.69,5,1,9,9,2,129.16,0,23,0,1,129.16,0.00,0.00,0.00,0,4.00,2,545.75,0,0,2,java.lang.Object,0.00,5,0,5,0,5,4,0,0,124,0
"org.apache.lucene.search.TestConstantScoreQuery$DefaultSimilarity",1,0.00,1.00,3,0.02,200.88,1,0,9,1,0,135.07,0,5,0,1,135.07,0.00,0.00,0.00,0,1.00,1,52.97,0,0,0,java.lang.Object,0.00,0,0,1,0,0,1,0,0,17,0
"org.apache.lucene.search.TestCustomSearcherSort",7,0.04,2.57,84,1.22,57960.87,11,4,14,39,13,57.38,50,101,0,2,99.67,0.00,0.50,0.29,3,4.00,5,3666.52,2,0,13,org.apache.lucene.util.LuceneTestCase,0.00,32,1,18,0,32,7,0,40,676,1
"org.apache.lucene.search.TestCustomSearcherSort$CustomSearcher",3,0.50,1.00,15,0.26,5681.72,4,1,14,8,10,101.25,17,25,0,2,119.12,0.00,0.50,0.67,0,1.00,1,779.83,1,2,10,org.apache.lucene.search.IndexSearcher,0.00,5,1,3,0,5,1,0,3,162,1
"org.apache.lucene.search.TestCustomSearcherSort$RandomGen",2,0.00,1.00,7,0.08,1012.32,4,2,14,6,1,131.91,1,11,0,1,131.91,0.00,0.00,0.50,0,2.00,1,246.16,0,1,1,java.lang.Object,0.00,4,0,2,0,4,1,0,1,62,1
"org.apache.lucene.search.TestDateFilter",2,0.00,1.00,63,1.38,61030.02,2,0,9,21,12,79.58,32,83,0,2,80.05,0.00,0.50,0.00,0,2.00,1,4136.97,0,0,12,org.apache.lucene.util.LuceneTestCase,0.00,19,1,2,0,19,2,0,23,674,1
"org.apache.lucene.search.TestDateSort",4,0.42,1.25,50,0.71,18221.75,8,4,13,26,13,102.12,16,56,0,2,101.88,0.00,0.50,0.56,1,0.00,2,2144.91,2,1,13,org.apache.lucene.util.LuceneTestCase,0.00,22,1,5,0,22,3,0,13,401,1
"org.apache.lucene.search.TestDisjunctionMaxQuery",15,0.16,2.00,256,4.80,229133.31,20,5,14,60,21,112.61,52,337,0,2,91.99,0.00,0.50,0.35,2,0.00,3,14406.51,2,2,21,org.apache.lucene.util.LuceneTestCase,0.00,45,1,30,0,45,13,0,41,2440,1
"org.apache.lucene.search.TestDisjunctionMaxQuery$TestSimilarity",4,0.00,1.25,8,0.08,1227.53,4,0,14,5,2,140.14,1,16,0,3,140.14,0.00,0.67,0.00,0,4.00,2,239.43,0,0,2,org.apache.lucene.search.DefaultSimilarity,0.24,1,2,5,0,1,4,0,1,66,2
"org.apache.lucene.search.TestDocBoost",1,0.00,2.00,34,0.50,23855.23,1,0,9,22,9,29.24,9,36,0,2,79.24,0.00,0.50,0.00,0,1.00,2,1490.34,0,0,9,org.apache.lucene.util.LuceneTestCase,0.00,21,1,2,0,21,1,0,5,250,1
"org.apache.lucene.search.TestDocBoost$Collector",4,0.17,1.00,11,0.11,1680.83,6,2,9,5,1,139.11,0,19,0,1,139.11,0.00,0.00,0.38,0,4.00,1,330.56,0,0,1,java.lang.Object,0.00,1,0,4,0,1,4,0,0,85,0
"org.apache.lucene.search.TestDocIdSet",2,0.00,3.00,38,0.63,25579.87,2,0,13,33,10,130.59,4,45,0,2,90.71,0.00,0.50,0.00,0,2.00,5,1885.52,0,0,10,org.apache.lucene.util.LuceneTestCase,0.00,31,1,6,0,31,2,0,4,328,1
"org.apache.lucene.search.TestDocIdSet$DocIdSet",1,0.00,1.00,3,0.01,138.80,1,0,13,2,1,136.33,0,5,0,1,136.33,0.00,0.00,0.00,0,1.00,1,39.70,0,1,1,java.lang.Object,0.00,1,0,1,0,1,0,0,0,14,0
"org.apache.lucene.search.TestDocIdSet$DocIdSet$DocIdSetIterator",3,0.00,1.67,10,0.09,1823.63,4,1,13,3,0,131.16,0,16,0,1,131.16,0.00,0.00,1.00,0,0.00,2,270.60,0,0,0,java.lang.Object,0.00,0,0,5,0,0,3,0,0,70,0
"org.apache.lucene.search.TestDocIdSet$Filter",1,0.00,1.00,3,0.02,240.44,1,0,13,1,1,134.45,0,5,0,1,134.45,0.00,0.00,0.00,0,1.00,1,65.11,0,1,1,java.lang.Object,0.00,0,0,1,0,0,0,0,0,19,0
"org.apache.lucene.search.TestDocIdSet$FilteredDocIdSet",1,0.00,1.00,3,0.03,358.99,1,0,13,1,0,183.08,1,5,0,1,133.08,0.00,0.00,0.00,0,1.00,1,78.03,0,0,0,java.lang.Object,0.00,0,0,1,0,0,1,0,1,22,0
"org.apache.lucene.search.TestElevationComparator",4,0.67,1.75,58,1.09,40770.91,5,1,12,36,18,117.17,14,67,0,2,96.55,0.00,0.50,0.50,3,4.00,2,3265.73,0,2,18,org.apache.lucene.util.LuceneTestCase,0.00,32,1,7,0,32,2,0,4,578,1
"org.apache.lucene.search.TestExplanations",24,0.06,1.08,87,1.12,25376.59,31,7,16,49,23,169.25,62,117,3,2,129.37,6.00,0.12,0.09,8,130.00,2,3359.52,2,17,20,org.apache.lucene.util.LuceneTestCase,0.00,25,1,26,6,25,7,0,24,761,1
"org.apache.lucene.search.TestExplanations$ItemizedFilter",3,0.00,1.33,13,0.12,4244.92,3,0,16,3,1,123.66,0,15,0,3,123.66,0.00,0.67,0.00,0,4.00,2,351.62,0,1,1,org.apache.lucene.search.FieldCacheTermsFilter,0.00,0,2,4,0,0,2,0,0,87,2
"org.apache.lucene.search.TestFieldCache",5,0.31,4.80,166,3.48,407591.43,9,4,14,60,11,125.32,9,156,0,2,75.32,0.00,0.50,0.50,0,0.00,13,10425.33,2,0,11,org.apache.lucene.util.LuceneTestCase,0.00,55,1,24,0,55,5,0,9,1577,1
"org.apache.lucene.search.TestFieldCacheRangeFilter",8,0.00,1.12,351,9.37,1190406.04,8,0,9,46,13,89.92,30,366,0,3,69.31,0.00,0.67,0.00,0,0.00,2,28117.34,1,0,13,org.apache.lucene.search.BaseTestRangeFilter,0.00,38,2,9,0,38,8,0,22,4532,1
"org.apache.lucene.search.TestFieldCacheRewriteMethod",1,0.00,1.00,9,0.16,3946.04,1,0,3,7,8,107.32,4,12,0,3,107.09,0.00,0.67,0.00,0,0.00,1,477.15,0,0,8,org.apache.lucene.search.TestRegexpRandom2,0.00,6,2,1,0,6,1,0,2,96,1
"org.apache.lucene.search.TestFieldCacheTermsFilter",1,0.00,2.00,35,0.59,32082.57,1,0,8,21,9,45.54,6,35,0,2,77.76,0.00,0.50,0.00,0,1.00,2,1773.42,0,0,9,org.apache.lucene.util.LuceneTestCase,0.00,20,1,2,0,20,1,0,2,290,1
"org.apache.lucene.search.TestFilteredQuery",9,0.18,1.11,111,1.92,73166.51,14,5,12,41,21,139.81,23,126,0,2,99.93,0.00,0.50,0.36,2,0.00,2,5755.08,2,2,21,org.apache.lucene.util.LuceneTestCase,0.00,32,1,10,0,32,7,0,12,1042,1
"org.apache.lucene.search.TestFilteredQuery$Filter",1,0.00,1.00,6,0.06,1079.33,1,0,12,4,2,118.09,0,8,0,1,118.09,0.00,0.00,0.00,0,1.00,1,166.12,0,1,2,java.lang.Object,0.00,3,0,1,0,3,0,0,0,40,0
"org.apache.lucene.search.TestFilteredQuery$Filter_0",1,0.00,1.00,5,0.05,888.96,1,0,12,4,2,121.71,0,7,0,1,121.71,0.00,0.00,0.00,0,1.00,1,141.98,0,1,2,java.lang.Object,0.00,3,0,1,0,3,0,0,0,35,0
"org.apache.lucene.search.TestFilteredSearch",2,1.00,2.50,35,0.55,15301.89,3,1,13,29,14,114.92,7,40,0,2,94.31,0.00,0.50,0.50,1,2.00,4,1657.17,0,0,14,org.apache.lucene.util.LuceneTestCase,0.00,27,1,5,0,27,2,0,5,295,1
"org.apache.lucene.search.TestFilteredSearch$SimpleDocIdSetFilter",3,0.00,2.33,21,0.22,13297.20,5,2,13,7,3,110.56,0,26,0,2,110.56,0.00,0.50,0.50,0,1.00,5,656.53,0,1,3,org.apache.lucene.search.Filter,0.00,4,1,7,0,4,2,0,0,136,3
"org.apache.lucene.search.TestFuzzyQuery",9,0.00,1.44,333,6.43,1034001.05,9,0,13,40,14,54.70,45,343,0,2,72.57,0.00,0.50,0.00,1,9.00,3,19302.02,0,0,14,org.apache.lucene.util.LuceneTestCase,0.00,31,1,13,0,31,9,0,36,3233,1
"org.apache.lucene.search.TestFuzzyQuery2",3,1.00,2.33,63,1.09,44935.98,4,1,12,38,11,127.90,63,61,0,2,88.60,0.00,0.50,0.33,2,4.00,4,3260.70,0,1,11,org.apache.lucene.util.LuceneTestCase,0.00,35,1,7,0,35,2,0,5,543,1
"org.apache.lucene.search.TestMatchAllDocsQuery",3,1.00,1.00,66,1.34,68456.03,4,1,11,41,15,107.22,11,71,0,2,86.60,0.00,0.50,0.33,1,4.00,1,4007.77,0,0,15,org.apache.lucene.util.LuceneTestCase,0.00,38,1,3,0,38,3,0,8,668,1
"org.apache.lucene.search.TestMultiPhraseQuery",10,0.00,1.30,178,2.75,133419.00,10,0,14,56,16,132.44,27,199,0,2,92.56,0.00,0.50,0.00,1,10.00,4,8260.47,0,0,16,org.apache.lucene.util.LuceneTestCase,0.00,46,1,13,0,46,10,0,23,1437,1
"org.apache.lucene.search.TestMultiPhraseQuery$DefaultSimilarity",1,0.00,1.00,3,0.03,408.14,1,0,14,2,1,132.64,0,6,0,1,132.64,0.00,0.00,0.00,0,1.00,1,87.23,0,1,1,java.lang.Object,0.00,1,0,1,0,1,0,0,0,23,0
"org.apache.lucene.search.TestMultiPhraseQuery$DefaultSimilarity$IDFExplanation",2,0.00,1.00,5,0.03,286.06,2,0,14,2,0,142.80,0,9,0,1,142.80,0.00,0.00,0.00,0,2.00,1,81.08,0,1,0,java.lang.Object,0.00,0,0,2,0,0,1,0,0,26,0
"org.apache.lucene.search.TestMultiTermConstantScore",20,0.21,1.30,382,8.36,920975.18,23,3,16,53,19,107.13,61,430,0,3,86.52,0.00,0.67,0.13,4,48.00,3,25090.51,1,5,19,org.apache.lucene.search.BaseTestRangeFilter,0.00,33,2,26,0,33,15,0,61,4282,1
"org.apache.lucene.search.TestMultiTermConstantScore$Collector",4,0.17,1.00,11,0.12,1552.71,6,2,16,6,1,139.38,0,19,0,1,139.38,0.00,0.00,0.38,0,4.00,1,348.13,0,0,1,java.lang.Object,0.00,2,0,4,0,2,4,0,0,89,0
"org.apache.lucene.search.TestMultiTermQueryRewrites",13,0.12,1.69,129,1.69,64743.47,22,9,17,52,19,106.17,7,147,0,2,106.17,0.00,0.50,0.22,6,19.00,3,5060.74,0,2,19,org.apache.lucene.util.LuceneTestCase,0.00,39,1,22,0,39,11,0,7,985,1
"org.apache.lucene.search.TestMultiTermQueryRewrites$MultiTermQuery",2,0.00,1.00,5,0.04,452.43,2,0,17,3,4,141.23,0,9,0,1,141.23,0.00,0.00,0.00,0,2.00,1,119.09,0,2,4,java.lang.Object,0.00,1,0,2,0,1,0,0,0,34,0
"org.apache.lucene.search.TestMultiTermQueryRewrites$MultiTermQuery$TermRangeTermsEnum",1,0.00,1.00,5,0.08,1139.25,2,1,17,5,2,120.86,0,8,0,1,120.86,0.00,0.00,1.00,0,0.00,1,239.79,1,1,2,java.lang.Object,0.00,4,0,1,0,4,0,0,0,57,0
"org.apache.lucene.search.TestMultiThreadTermVectors",4,0.11,3.50,60,0.64,31877.06,7,3,10,24,10,146.12,6,66,0,2,96.12,0.00,0.50,0.25,0,0.00,6,1934.61,2,0,10,org.apache.lucene.util.LuceneTestCase,0.00,20,1,14,0,20,4,0,6,370,1
"org.apache.lucene.search.TestMultiValuedNumericRangeQuery",1,0.00,5.00,41,0.70,35535.54,1,0,12,26,12,56.76,5,38,0,2,74.63,0.00,0.50,0.00,0,1.00,5,2100.70,0,0,12,org.apache.lucene.util.LuceneTestCase,0.00,25,1,5,0,25,1,0,1,328,1
"org.apache.lucene.search.TestNot",1,0.00,1.00,17,0.26,5082.08,1,0,8,18,10,63.70,6,19,0,2,95.92,0.00,0.50,0.00,0,1.00,1,769.40,0,0,10,org.apache.lucene.util.LuceneTestCase,0.00,17,1,1,0,17,1,0,2,137,1
"org.apache.lucene.search.TestNumericRangeQuery32",38,0.00,1.58,383,7.36,521755.39,44,6,20,110,30,101.01,26,476,0,2,101.01,0.00,0.50,0.17,8,210.00,7,22069.20,1,0,30,org.apache.lucene.util.LuceneTestCase,0.00,72,1,60,0,72,38,0,26,3818,1
"org.apache.lucene.search.TestNumericRangeQuery64",43,0.03,1.44,375,7.09,500505.20,49,6,17,107,27,105.21,23,476,0,2,105.21,0.00,0.50,0.14,7,274.00,7,21271.97,1,0,27,org.apache.lucene.util.LuceneTestCase,0.00,64,1,62,0,64,43,0,23,3704,1
"org.apache.lucene.search.TestPhrasePrefixQuery",1,0.00,2.00,47,0.88,62823.97,1,0,12,30,12,20.68,9,55,0,2,70.68,0.00,0.50,0.00,0,1.00,2,2638.04,0,0,12,org.apache.lucene.util.LuceneTestCase,0.00,29,1,2,0,29,1,0,5,412,1
"org.apache.lucene.search.TestPhraseQuery",19,0.12,1.58,427,7.18,387865.40,24,5,16,76,22,69.01,99,447,0,2,86.88,0.00,0.50,0.32,0,0.00,12,21536.12,2,0,22,org.apache.lucene.util.LuceneTestCase,0.00,57,1,30,0,57,19,0,72,3698,1
"org.apache.lucene.search.TestPhraseQuery$Analyzer",2,0.00,1.00,5,0.05,652.16,2,0,16,3,2,139.98,0,9,0,1,139.98,0.00,0.00,0.00,0,2.00,1,146.34,0,1,2,java.lang.Object,0.00,1,0,2,0,1,1,0,0,39,0
"org.apache.lucene.search.TestPositionIncrement",2,0.00,4.50,165,3.09,254645.06,4,2,31,58,31,38.92,28,185,0,2,59.06,0.00,0.50,0.50,0,2.00,8,9256.99,0,0,31,org.apache.lucene.util.LuceneTestCase,0.00,56,1,9,0,56,2,0,23,1427,1
"org.apache.lucene.search.TestPositionIncrement$Analyzer",1,0.00,1.00,3,0.02,189.62,1,0,31,2,1,135.26,0,5,0,1,135.26,0.00,0.00,0.00,0,1.00,1,59.81,0,1,1,java.lang.Object,0.00,1,0,1,0,1,0,0,0,18,0
"org.apache.lucene.search.TestPositionIncrement$Analyzer$TokenStream",1,0.00,2.00,15,0.19,4321.38,7,6,31,5,3,98.34,0,18,0,1,98.34,0.00,0.00,1.00,0,0.00,2,579.58,0,0,3,java.lang.Object,0.00,4,0,2,0,4,1,0,0,119,0
"org.apache.lucene.search.TestPositiveScoresOnlyCollector",1,0.00,5.00,35,0.53,22766.68,2,1,6,21,14,60.85,5,37,0,2,78.72,0.00,0.50,1.00,0,0.00,5,1584.06,0,0,14,org.apache.lucene.util.LuceneTestCase,0.00,20,1,5,0,20,1,0,5,264,1
"org.apache.lucene.search.TestPositiveScoresOnlyCollector$SimpleScorer",5,0.25,1.60,13,0.15,3184.60,6,1,6,5,2,137.58,0,17,0,3,137.58,0.00,0.67,0.80,0,0.00,2,450.94,0,0,2,org.apache.lucene.search.Scorer,0.80,0,2,8,0,0,5,0,0,111,3
"org.apache.lucene.search.TestPrefixFilter",1,0.00,2.00,54,0.95,65729.00,1,0,7,18,11,38.90,13,57,0,2,68.28,0.00,0.50,0.00,0,1.00,2,2835.17,0,0,11,org.apache.lucene.util.LuceneTestCase,0.00,17,1,2,0,17,1,0,10,463,1
"org.apache.lucene.search.TestPrefixInBooleanQuery",6,0.45,1.33,53,0.77,26574.11,10,4,7,23,11,158.53,10,74,0,2,108.53,0.00,0.50,0.62,0,0.00,3,2319.59,2,0,11,org.apache.lucene.util.LuceneTestCase,0.00,17,1,8,0,17,6,0,1,459,1
"org.apache.lucene.search.TestPrefixQuery",1,0.00,2.00,29,0.50,19661.12,1,0,9,21,11,82.71,4,31,0,2,82.48,0.00,0.50,0.00,0,1.00,2,1488.69,0,0,11,org.apache.lucene.util.LuceneTestCase,0.00,20,1,2,0,20,1,0,1,244,1
"org.apache.lucene.search.TestPrefixRandom",2,1.33,2.00,28,0.40,12282.45,5,3,16,20,15,118.87,7,32,0,2,98.26,0.00,0.50,1.00,0,0.00,3,1209.02,2,0,15,org.apache.lucene.util.LuceneTestCase,0.00,18,1,4,0,18,2,0,4,216,1
"org.apache.lucene.search.TestPrefixRandom$DumbPrefixQuery",5,0.50,1.20,23,0.27,5038.37,6,1,16,15,9,124.85,4,28,0,3,124.85,0.00,0.67,0.60,0,5.00,2,803.60,0,2,9,org.apache.lucene.search.MultiTermQuery,0.00,10,2,6,0,10,3,0,2,185,1
"org.apache.lucene.search.TestPrefixRandom$DumbPrefixQuery$SimplePrefixTermsEnum",2,1.00,1.50,8,0.09,1566.93,3,1,16,4,3,125.66,0,13,0,3,125.66,0.00,0.67,0.50,0,2.00,2,269.14,1,1,3,org.apache.lucene.search.FilteredTermsEnum,0.00,2,2,3,0,2,1,0,0,66,1
"org.apache.lucene.search.TestQueryTermVector",2,0.00,1.50,26,0.42,18207.39,2,0,3,9,3,98.18,1,29,0,2,98.18,0.00,0.50,0.00,1,2.00,2,1273.11,0,0,3,org.apache.lucene.util.LuceneTestCase,0.00,7,1,3,0,7,2,0,1,254,1
"org.apache.lucene.search.TestQueryWrapperFilter",1,0.00,1.00,38,0.67,26777.44,1,0,9,23,13,59.33,5,41,0,2,77.20,0.00,0.50,0.00,0,1.00,1,2021.49,0,0,13,org.apache.lucene.util.LuceneTestCase,0.00,22,1,1,0,22,1,0,5,347,1
"org.apache.lucene.search.TestRegexpQuery",11,0.02,1.00,43,0.45,6496.00,15,4,14,26,13,131.38,10,60,0,2,131.38,0.00,0.50,0.23,1,28.00,1,1357.67,2,1,13,org.apache.lucene.util.LuceneTestCase,0.00,15,1,11,0,15,10,0,3,316,1
"org.apache.lucene.search.TestRegexpQuery$AutomatonProvider",1,0.00,2.00,4,0.08,1133.72,2,1,14,5,3,174.33,1,9,0,1,124.33,0.00,0.00,1.00,0,0.00,2,236.09,0,1,3,java.lang.Object,0.00,4,0,2,0,4,0,0,1,56,0
"org.apache.lucene.search.TestRegexpRandom",6,0.07,1.83,91,1.01,31169.87,9,3,13,32,12,147.73,6,97,0,2,97.73,0.00,0.50,0.39,2,6.00,3,3035.67,2,1,12,org.apache.lucene.util.LuceneTestCase,0.00,26,1,11,0,26,5,0,2,552,1
"org.apache.lucene.search.TestRegexpRandom2",2,1.33,2.50,36,0.49,17762.41,5,3,25,22,22,113.49,6,41,1,2,92.87,1.00,0.33,1.00,0,0.00,4,1478.51,2,0,21,org.apache.lucene.util.LuceneTestCase,0.00,20,1,5,1,20,2,0,3,255,1
"org.apache.lucene.search.TestRegexpRandom2$DumbRegexpQuery",5,0.75,1.60,27,0.40,9872.36,6,1,25,23,13,158.75,12,34,0,3,118.87,0.00,0.67,0.40,1,10.00,3,1194.73,0,2,13,org.apache.lucene.search.MultiTermQuery,0.00,18,2,8,0,18,3,0,10,250,1
"org.apache.lucene.search.TestRegexpRandom2$DumbRegexpQuery$SimpleAutomatonTermsEnum",2,0.00,1.50,9,0.14,2682.95,4,2,25,7,5,123.82,0,15,0,3,123.82,0.00,0.67,0.50,0,2.00,2,417.54,1,1,5,org.apache.lucene.search.FilteredTermsEnum,0.00,5,2,3,0,5,1,0,0,95,1
"org.apache.lucene.search.TestScoreCachingWrappingScorer",1,0.00,3.00,26,0.38,11988.27,2,1,7,18,8,135.85,1,29,0,2,85.85,0.00,0.50,1.00,0,0.00,3,1132.43,0,0,8,org.apache.lucene.util.LuceneTestCase,0.00,17,1,3,0,17,1,0,1,201,1
"org.apache.lucene.search.TestScoreCachingWrappingScorer$ScoreCachingCollector",5,0.08,1.20,18,0.18,4694.40,8,3,7,7,3,129.75,2,26,0,2,129.75,0.00,0.50,0.27,0,7.00,2,553.16,0,0,3,org.apache.lucene.search.Collector,0.44,2,1,6,0,2,5,0,2,134,3
"org.apache.lucene.search.TestScoreCachingWrappingScorer$SimpleScorer",5,0.12,1.60,14,0.16,3510.01,7,2,7,5,2,137.25,4,18,0,3,137.25,0.00,0.67,0.40,0,5.00,2,488.16,0,0,2,org.apache.lucene.search.Scorer,0.80,0,2,8,0,0,5,0,4,119,3
"org.apache.lucene.search.TestScorerPerf",11,0.08,3.82,198,2.63,140673.93,16,5,12,51,14,43.05,119,194,0,2,91.53,0.00,0.50,0.27,3,35.00,7,7901.95,0,3,14,org.apache.lucene.util.LuceneTestCase,0.00,40,1,42,0,40,8,0,21,1396,1
"org.apache.lucene.search.TestScorerPerf$CountingHitCollector",6,0.00,1.00,16,0.12,1732.00,9,3,12,6,2,140.40,1,22,0,2,140.40,0.00,0.50,0.33,0,10.00,1,366.75,0,0,2,org.apache.lucene.search.Collector,0.40,0,1,6,0,0,6,0,1,101,2
"org.apache.lucene.search.TestScorerPerf$Filter",1,0.00,1.00,3,0.02,255.67,1,0,12,2,2,134.24,0,5,0,1,134.24,0.00,0.00,0.00,0,1.00,1,68.92,0,1,2,java.lang.Object,0.00,1,0,1,0,1,0,0,0,20,0
"org.apache.lucene.search.TestScorerPerf$MatchingHitCollector",2,0.00,1.50,10,0.11,2339.41,4,2,12,4,0,120.67,0,14,0,2,120.67,0.00,0.50,0.50,0,2.00,2,335.01,1,0,0,org.apache.lucene.search.CountingHitCollector,0.00,2,1,3,0,2,2,0,0,78,2
"org.apache.lucene.search.TestSearchWithThreads",1,2.00,9.00,50,0.71,37699.78,4,3,10,30,7,110.97,2,46,0,2,71.08,0.00,0.50,0.33,0,0.00,9,2144.85,0,0,7,org.apache.lucene.util.LuceneTestCase,0.00,29,1,9,0,29,1,0,2,340,1
"org.apache.lucene.search.TestSearchWithThreads$Thread",1,0.00,3.00,17,0.24,12376.81,2,1,10,11,3,92.62,0,22,0,1,92.62,0.00,0.00,1.00,0,0.00,3,729.61,0,0,3,java.lang.Object,0.00,10,0,3,0,10,1,0,0,136,0
"org.apache.lucene.search.TestSetNorm",1,0.00,2.00,31,0.49,21119.40,1,0,9,23,12,33.05,8,33,0,2,81.15,0.00,0.50,0.00,0,1.00,2,1471.61,0,0,12,org.apache.lucene.util.LuceneTestCase,0.00,22,1,2,0,22,1,0,4,242,1
"org.apache.lucene.search.TestSetNorm$Collector",4,0.17,1.00,11,0.11,1680.83,6,2,9,5,1,139.11,0,19,0,1,139.11,0.00,0.00,0.38,0,4.00,1,330.56,0,0,1,java.lang.Object,0.00,1,0,4,0,1,4,0,0,85,0
"org.apache.lucene.search.TestSimilarity",1,0.00,1.00,32,0.52,14537.15,1,0,13,26,13,33.97,8,37,0,2,82.08,0.00,0.50,0.00,0,1.00,1,1564.23,0,0,13,org.apache.lucene.util.LuceneTestCase,0.00,25,1,1,0,25,1,0,4,270,1
"org.apache.lucene.search.TestSimilarity$Collector",4,1.00,1.00,9,0.08,1067.76,5,1,13,6,1,140.66,0,16,0,1,140.66,0.00,0.00,0.25,0,6.00,1,253.13,0,0,1,java.lang.Object,0.00,2,0,4,0,2,4,0,0,69,0
"org.apache.lucene.search.TestSimilarity$Collector_0",4,0.17,1.00,11,0.11,1607.70,6,2,13,6,1,139.26,1,19,0,1,139.26,0.00,0.00,0.38,0,4.00,1,343.73,0,0,1,java.lang.Object,0.00,2,0,4,0,2,4,0,1,88,0
"org.apache.lucene.search.TestSimilarity$Collector_1",4,1.00,1.00,9,0.08,1067.76,5,1,13,6,1,140.66,1,16,0,1,140.66,0.00,0.00,0.25,0,6.00,1,253.13,0,0,1,java.lang.Object,0.00,2,0,4,0,2,4,0,1,69,0
"org.apache.lucene.search.TestSimilarity$Collector_2",4,1.00,1.00,9,0.08,1067.76,5,1,13,6,1,140.66,1,16,0,1,140.66,0.00,0.00,0.25,0,6.00,1,253.13,0,0,1,java.lang.Object,0.00,2,0,4,0,2,4,0,1,69,0
"org.apache.lucene.search.TestSimilarity$SimpleSimilarity",8,0.00,1.00,17,0.14,1696.52,8,0,13,10,4,141.45,0,14,0,2,141.45,0.00,0.50,0.00,0,8.00,1,429.81,0,2,4,org.apache.lucene.search.Similarity,0.30,2,1,8,0,2,6,1,0,119,2
"org.apache.lucene.search.TestSimilarity$SimpleSimilarity$IDFExplanation",2,0.00,1.00,5,0.03,286.06,2,0,13,2,0,142.80,0,9,0,1,142.80,0.00,0.00,0.00,0,2.00,1,81.08,0,1,0,java.lang.Object,0.00,0,0,2,0,0,1,0,0,26,0
"org.apache.lucene.search.TestSimilarityProvider",3,0.83,1.33,46,0.63,19805.93,6,3,11,25,14,96.98,2,53,0,2,96.98,0.00,0.50,0.89,0,0.00,2,1897.61,2,0,14,org.apache.lucene.util.LuceneTestCase,0.00,22,1,4,0,22,3,0,2,358,1
"org.apache.lucene.search.TestSimilarityProvider$ExampleSimilarityProvider",3,0.25,1.33,12,0.09,1062.78,5,2,11,6,2,128.40,0,17,0,1,128.40,0.00,0.00,0.33,0,4.00,2,258.98,0,1,2,java.lang.Object,0.00,3,0,4,0,3,2,1,0,69,1
"org.apache.lucene.search.TestSimilarityProvider$Sim1",4,0.00,1.00,9,0.07,789.86,4,0,11,4,2,141.69,0,18,0,2,141.69,0.00,0.50,0.00,0,4.00,1,219.70,0,0,2,org.apache.lucene.search.Similarity,0.38,0,1,4,0,0,4,0,0,62,1
"org.apache.lucene.search.TestSimilarityProvider$Sim2",4,0.00,1.00,9,0.07,789.86,4,0,11,4,2,141.69,0,18,0,2,141.69,0.00,0.50,0.00,0,4.00,1,219.70,0,0,2,org.apache.lucene.search.Similarity,0.38,0,1,4,0,0,4,0,0,62,1
"org.apache.lucene.search.TestSimpleExplanations",51,0.00,1.00,181,2.68,48529.85,51,0,0,66,9,129.75,30,238,1,3,129.75,0.50,0.50,0.00,0,298.00,1,8036.98,2,0,8,org.apache.lucene.search.TestExplanations,0.00,15,2,51,1,15,51,0,13,1784,1
"org.apache.lucene.search.TestSimpleExplanationsOfNonMatches",1,0.00,1.00,3,0.04,549.65,1,0,0,2,3,180.90,24,7,0,4,131.62,0.00,0.75,0.00,0,0.00,1,119.24,0,0,3,org.apache.lucene.search.TestSimpleExplanations,0.00,1,3,1,0,1,1,0,3,30,1
"org.apache.lucene.search.TestSloppyPhraseQuery",8,0.07,2.12,83,1.17,36138.81,20,12,11,31,11,125.36,26,81,0,2,104.74,0.00,0.50,0.15,1,22.00,4,3499.88,0,2,11,org.apache.lucene.util.LuceneTestCase,0.00,23,1,17,0,23,6,0,7,684,1
"org.apache.lucene.search.TestSort",42,0.05,2.29,643,11.79,624190.72,57,15,37,149,37,133.97,103,722,0,2,94.09,0.00,0.50,0.11,7,150.00,13,35363.90,2,10,37,org.apache.lucene.util.LuceneTestCase,0.00,107,1,96,0,107,32,0,90,6149,1
"org.apache.lucene.search.TestSort$FieldCache.ByteParser",1,0.00,1.00,3,0.04,622.45,1,0,37,1,1,131.20,0,4,0,1,131.20,0.00,0.00,0.00,0,1.00,1,107.51,0,0,1,java.lang.Object,0.00,0,0,1,0,0,1,0,0,29,0
"org.apache.lucene.search.TestSort$FieldCache.DoubleParser",1,0.00,1.00,3,0.05,1031.80,1,0,37,2,1,129.47,0,4,0,1,129.47,0.00,0.00,0.00,0,1.00,1,148.95,0,0,1,java.lang.Object,0.00,1,0,1,0,1,1,0,0,38,0
"org.apache.lucene.search.TestSort$FieldCache.FloatParser",1,0.00,1.00,3,0.04,559.02,1,0,37,2,1,131.57,0,4,0,1,131.57,0.00,0.00,0.00,0,1.00,1,111.51,0,0,1,java.lang.Object,0.00,1,0,1,0,1,1,0,0,30,0
"org.apache.lucene.search.TestSort$FieldCache.IntParser",1,0.00,1.00,3,0.04,630.45,1,0,37,1,1,131.16,0,4,0,1,131.16,0.00,0.00,0.00,0,1.00,1,111.42,0,0,1,java.lang.Object,0.00,0,0,1,0,0,1,0,0,29,0
"org.apache.lucene.search.TestSort$FieldCache.LongParser",1,0.00,1.00,3,0.04,630.45,1,0,37,1,1,131.16,0,4,0,1,131.16,0.00,0.00,0.00,0,1.00,1,111.42,0,0,1,java.lang.Object,0.00,0,0,1,0,0,1,0,0,29,0
"org.apache.lucene.search.TestSort$FieldCache.ShortParser",1,0.00,1.00,3,0.04,622.45,1,0,37,1,1,131.20,0,4,0,1,131.20,0.00,0.00,0.00,0,1.00,1,107.51,0,0,1,java.lang.Object,0.00,0,0,1,0,0,1,0,0,29,0
"org.apache.lucene.search.TestSort$Filter",1,0.00,1.00,6,0.09,2439.22,1,0,37,5,2,115.30,0,8,0,1,115.30,0.00,0.00,0.00,0,1.00,1,269.52,0,1,2,java.lang.Object,0.00,4,0,1,0,4,0,0,0,59,0
"org.apache.lucene.search.TestSort$MyFieldComparator",7,0.17,1.00,19,0.21,3483.69,10,3,37,10,1,138.53,0,33,0,2,138.53,0.00,0.50,0.48,0,0.00,1,617.20,0,2,1,org.apache.lucene.search.FieldComparator,0.71,3,1,7,0,3,5,0,0,157,1
"org.apache.lucene.search.TestSort$MyFieldComparator$FieldCache.IntParser_0",1,0.00,1.00,3,0.04,630.45,1,0,37,1,1,131.16,0,4,0,1,131.16,0.00,0.00,0.00,0,1.00,1,111.42,0,0,1,java.lang.Object,0.00,0,0,1,0,0,1,0,0,29,0
"org.apache.lucene.search.TestSort$MyFieldComparatorSource",1,0.00,1.00,3,0.04,439.67,1,0,37,2,2,132.39,0,6,0,2,132.39,0.00,0.50,0.00,0,1.00,1,107.25,0,1,2,org.apache.lucene.search.FieldComparatorSource,0.00,1,1,1,0,1,0,0,0,28,1
"org.apache.lucene.search.TestSort$SortMissingLastTestHelper",1,2.00,2.00,8,0.06,1213.12,4,3,37,1,1,112.87,0,10,0,1,112.87,0.00,0.00,0.33,0,0.00,2,191.95,0,0,1,java.lang.Object,0.00,0,0,2,0,0,1,0,0,49,2
"org.apache.lucene.search.TestSpanQueryFilter",3,0.00,2.00,43,0.79,38520.93,3,0,13,35,14,145.73,3,47,0,2,95.73,0.00,0.50,0.00,2,3.00,3,2377.20,0,0,14,org.apache.lucene.util.LuceneTestCase,0.00,32,1,6,0,32,3,0,3,392,1
"org.apache.lucene.search.TestSubScorerFreqs",2,1.00,1.50,25,0.33,10563.99,4,2,13,17,6,101.33,1,29,0,2,101.33,0.00,0.50,1.00,0,0.00,2,985.66,0,0,6,org.apache.lucene.util.LuceneTestCase,0.00,15,1,3,0,15,2,0,1,192,1
"org.apache.lucene.search.TestSubScorerFreqs$CountingCollector",9,0.04,2.11,99,1.78,99357.11,16,7,13,39,8,100.14,0,119,0,2,100.14,0.00,0.50,0.17,0,22.00,7,5345.24,0,0,8,org.apache.lucene.search.Collector,0.31,30,1,19,0,30,9,0,0,950,2
"org.apache.lucene.search.TestSubScorerFreqs$CountingCollector$MockScorerVisitor",3,0.00,2.00,7,0.14,1915.92,3,0,13,3,2,137.52,0,17,0,2,137.52,0.00,0.50,0.00,0,0.00,2,431.85,0,0,2,org.apache.lucene.search.Scorer.ScorerVisitor,0.00,0,1,6,0,0,3,0,0,101,1
"org.apache.lucene.search.TestTermRangeFilter",6,0.00,1.17,224,5.40,520272.37,6,0,10,26,12,55.71,35,312,0,3,73.58,0.00,0.67,0.00,0,0.00,2,16193.38,1,0,12,org.apache.lucene.search.BaseTestRangeFilter,0.00,20,2,7,0,20,6,0,27,2636,1
"org.apache.lucene.search.TestTermRangeQuery",12,0.09,1.08,175,2.92,109100.73,14,2,15,44,13,147.06,15,191,0,2,97.06,0.00,0.50,0.42,1,0.00,2,8767.82,2,0,13,org.apache.lucene.util.LuceneTestCase,0.00,32,1,13,0,32,12,0,14,1619,1
"org.apache.lucene.search.TestTermRangeQuery$SingleCharAnalyzer",8,0.00,1.25,71,0.97,27291.50,8,0,15,26,6,149.33,22,79,0,2,109.44,0.00,0.50,0.00,3,14.00,2,2905.96,0,2,6,org.apache.lucene.index.Analyzer,0.00,18,1,10,0,18,6,0,22,570,2
"org.apache.lucene.search.TestTermRangeQuery$SingleCharAnalyzer$SingleCharTokenizer",3,0.33,1.67,18,0.18,3449.55,6,3,15,6,2,117.75,0,29,0,4,117.75,0.00,0.75,0.56,0,0.00,3,531.14,1,0,2,org.apache.lucene.analysis.Tokenizer,0.20,3,3,5,0,3,3,0,0,120,2
"org.apache.lucene.search.TestTermScorer",5,0.45,1.20,57,1.01,29530.19,10,5,14,36,14,142.30,14,71,0,2,102.41,0.00,0.50,0.56,0,0.00,2,3038.75,1,0,14,org.apache.lucene.util.LuceneTestCase,0.00,31,1,6,0,31,5,0,6,560,1
"org.apache.lucene.search.TestTermScorer$Collector",4,0.17,1.00,15,0.18,4339.36,6,2,14,8,1,129.30,0,24,0,1,129.30,0.00,0.00,0.38,0,4.00,1,537.89,0,0,1,java.lang.Object,0.00,4,0,4,0,4,4,0,0,123,0
"org.apache.lucene.search.TestTermScorer$TestHit",2,0.00,1.00,8,0.07,837.28,4,2,14,2,0,127.90,0,12,0,1,127.90,0.00,0.00,0.50,0,2.00,1,202.21,0,1,0,java.lang.Object,0.00,0,0,2,0,0,1,0,0,55,1
"org.apache.lucene.search.TestTermVectors",11,0.10,4.09,319,6.06,494721.74,14,3,14,77,25,119.37,31,346,0,2,79.48,0.00,0.50,0.42,1,0.00,9,18171.68,2,0,25,org.apache.lucene.util.LuceneTestCase,0.00,66,1,45,0,66,11,0,26,2809,1
"org.apache.lucene.search.TestTermVectors$TestTermVectorMapper",2,1.00,1.00,5,0.07,856.04,3,1,14,2,3,139.05,0,10,0,2,139.05,0.00,0.50,0.00,0,2.00,1,213.87,0,0,3,org.apache.lucene.index.TermVectorMapper,0.00,0,1,2,0,0,2,0,0,54,2
"org.apache.lucene.search.TestThreadSafe",4,0.22,2.75,57,0.73,23769.72,7,3,12,35,7,148.30,4,54,0,2,98.30,0.00,0.50,0.17,2,6.00,4,2198.91,0,0,7,org.apache.lucene.util.LuceneTestCase,0.00,31,1,11,0,31,4,0,4,413,1
"org.apache.lucene.search.TestThreadSafe$Thr",3,0.00,2.67,25,0.24,5954.30,6,3,12,11,2,151.00,6,32,0,2,111.12,0.00,0.50,0.33,0,1.00,5,706.42,0,0,2,org.apache.lucene.index.Thread,0.00,8,1,8,0,8,3,0,3,153,0
"org.apache.lucene.search.TestThreadSafe$Thr$FieldSelector",1,0.00,1.00,6,0.06,993.27,1,0,12,1,1,168.37,1,8,0,1,118.37,0.00,0.00,0.00,0,0.00,1,167.91,0,1,1,java.lang.Object,0.00,0,0,1,0,0,0,0,1,41,0
"org.apache.lucene.search.TestTopDocsCollector",11,0.10,1.18,74,1.06,29948.24,15,4,7,27,10,164.89,18,90,0,2,114.89,0.00,0.50,0.16,1,40.00,2,3167.84,2,1,10,org.apache.lucene.util.LuceneTestCase,0.00,16,1,13,0,16,10,0,18,655,1
"org.apache.lucene.search.TestTopDocsCollector$MyTopsDocCollector",6,0.30,1.50,27,0.29,8623.89,8,2,7,11,5,123.58,1,38,0,3,123.58,0.00,0.67,0.25,0,10.00,4,875.82,0,1,5,org.apache.lucene.search.TopDocsCollector,0.35,5,2,9,0,5,5,0,1,194,3
"org.apache.lucene.search.TestTopScoreDocCollector",1,0.00,4.00,34,0.48,19470.69,1,0,6,21,10,80.01,4,33,0,2,79.78,0.00,0.50,0.00,0,1.00,4,1454.55,0,0,10,org.apache.lucene.util.LuceneTestCase,0.00,20,1,4,0,20,1,0,4,240,1
"org.apache.lucene.search.TestWildcard",11,0.00,2.09,210,3.58,162917.60,11,0,13,53,18,72.42,58,233,0,2,90.29,0.00,0.50,0.00,1,11.00,12,10742.29,1,1,18,org.apache.lucene.util.LuceneTestCase,0.00,42,1,23,0,42,10,0,32,1811,1
"org.apache.lucene.search.TestWildcardRandom",6,0.07,1.83,84,0.93,28779.33,9,3,13,32,12,149.12,7,90,0,2,99.12,0.00,0.50,0.39,2,6.00,3,2777.68,2,1,12,org.apache.lucene.util.LuceneTestCase,0.00,26,1,11,0,26,5,0,3,518,1
"org.apache.lucene.search.TimeLimitingCollector",9,0.07,1.22,40,0.41,9650.74,18,9,3,17,5,82.34,65,57,2,2,124.63,0.00,0.50,0.17,0,29.00,3,1244.53,0,0,3,org.apache.lucene.search.Collector,0.31,8,1,11,0,8,9,0,17,286,1
"org.apache.lucene.search.TimeLimitingCollector$TimeExceededException",4,0.11,1.00,15,0.11,1682.63,7,3,3,4,0,132.54,3,20,0,2,132.54,0.00,0.50,0.25,0,10.00,1,322.56,0,0,0,java.lang.RuntimeException,0.00,0,1,4,0,0,4,0,3,86,2
"org.apache.lucene.search.TimeLimitingCollector$TimerThread",3,0.50,1.67,13,0.10,1664.23,4,1,3,6,1,94.59,20,21,0,2,126.82,0.00,0.50,0.67,0,1.00,3,291.67,0,0,1,java.lang.Thread,0.00,3,1,5,0,3,3,0,13,73,3
"org.apache.lucene.search.TopDocs",4,0.33,1.00,14,0.11,1449.03,7,3,0,4,74,90.76,29,18,73,1,133.05,0.00,0.00,0.08,0,6.00,1,315.49,0,0,1,java.lang.Object,0.00,0,0,4,1,0,4,0,8,86,1
"org.apache.lucene.search.TopDocsCollector",7,0.17,2.00,33,0.43,21045.30,10,3,1,11,19,72.52,76,36,15,2,120.99,8.00,0.10,0.48,3,0.00,4,1277.44,0,4,4,org.apache.lucene.search.Collector,0.00,4,1,14,8,4,3,0,29,276,2
"org.apache.lucene.search.TopFieldCollector",6,0.03,3.83,84,1.01,46332.24,13,7,4,29,20,130.71,120,113,12,3,97.32,1.00,0.40,0.17,0,6.00,14,3040.47,0,2,8,org.apache.lucene.search.TopDocsCollector,0.18,23,2,23,2,23,4,0,29,576,2
"org.apache.lucene.search.TopFieldCollector$MultiComparatorNonScoringCollector",5,0.17,3.40,64,0.62,50090.90,8,3,4,14,4,138.84,11,63,0,4,98.96,0.00,0.75,0.47,1,0.00,11,1863.95,1,0,4,org.apache.lucene.search.TopFieldCollector,0.36,9,3,17,0,9,5,0,11,373,2
"org.apache.lucene.search.TopFieldCollector$MultiComparatorScoringMaxScoreCollector",4,1.00,3.75,54,0.53,51119.03,5,1,4,10,2,136.69,10,56,0,2,96.81,0.00,0.50,0.25,1,6.00,12,1604.67,1,0,2,org.apache.lucene.search.MultiComparatorNonScoringCollector,0.00,6,1,15,0,6,4,0,10,314,2
"org.apache.lucene.search.TopFieldCollector$MultiComparatorScoringNoMaxScoreCollector",4,1.00,3.50,52,0.52,52357.73,5,1,4,10,2,136.63,11,53,0,2,96.74,0.00,0.50,0.25,1,8.00,11,1558.77,1,0,2,org.apache.lucene.search.MultiComparatorNonScoringCollector,0.00,6,1,14,0,6,4,0,11,307,2
"org.apache.lucene.search.TopFieldCollector$OneComparatorNonScoringCollector",5,0.17,1.60,32,0.36,11073.40,8,3,4,14,4,165.52,7,46,0,4,115.52,0.00,0.75,0.47,1,0.00,4,1072.21,1,0,4,org.apache.lucene.search.TopFieldCollector,0.36,9,3,8,0,9,5,0,7,233,2
"org.apache.lucene.search.TopFieldCollector$OneComparatorScoringMaxScoreCollector",4,1.00,2.00,29,0.32,12910.06,5,1,4,10,2,161.68,7,42,0,2,111.69,0.00,0.50,0.25,1,6.00,5,945.85,1,0,2,org.apache.lucene.search.OneComparatorNonScoringCollector,0.00,6,1,8,0,6,4,0,7,200,2
"org.apache.lucene.search.TopFieldCollector$OneComparatorScoringNoMaxScoreCollector",4,1.00,1.75,27,0.30,12267.17,5,1,4,11,2,154.27,8,39,0,2,114.39,0.00,0.50,0.25,1,8.00,4,899.04,0,0,2,org.apache.lucene.search.OneComparatorNonScoringCollector,0.00,7,1,7,0,7,4,0,8,193,2
"org.apache.lucene.search.TopFieldCollector$OutOfOrderMultiComparatorNonScoringCollector",3,0.00,4.67,46,0.45,50497.44,3,0,4,8,1,133.38,8,48,0,2,93.50,0.00,0.50,0.00,0,4.00,12,1335.63,0,0,1,org.apache.lucene.search.MultiComparatorNonScoringCollector,0.00,5,1,14,0,5,3,0,8,254,2
"org.apache.lucene.search.TopFieldCollector$OutOfOrderMultiComparatorScoringMaxScoreCollector",3,0.00,5.00,49,0.48,55501.55,3,0,4,9,1,132.00,8,52,0,2,92.11,0.00,0.50,0.00,0,4.00,13,1454.15,0,0,1,org.apache.lucene.search.MultiComparatorScoringMaxScoreCollector,0.00,6,1,15,0,6,3,0,8,273,3
"org.apache.lucene.search.TopFieldCollector$OutOfOrderMultiComparatorScoringNoMaxScoreCollector",4,0.00,3.75,51,0.51,57699.43,4,0,4,10,2,137.57,10,56,0,2,97.69,0.00,0.50,0.00,0,6.00,12,1537.54,1,0,2,org.apache.lucene.search.MultiComparatorScoringNoMaxScoreCollector,0.00,6,1,15,0,6,4,0,10,296,3
"org.apache.lucene.search.TopFieldCollector$OutOfOrderOneComparatorNonScoringCollector",3,0.00,2.00,20,0.24,14670.84,3,0,4,8,1,162.76,4,31,0,2,112.76,0.00,0.50,0.00,0,4.00,4,725.26,0,0,1,org.apache.lucene.search.OneComparatorNonScoringCollector,0.00,5,1,6,0,5,3,0,4,146,2
"org.apache.lucene.search.TopFieldCollector$OutOfOrderOneComparatorScoringMaxScoreCollector",3,0.00,2.33,23,0.28,18231.40,3,0,4,9,1,159.49,4,35,0,2,109.49,0.00,0.50,0.00,0,4.00,5,831.74,0,0,1,org.apache.lucene.search.OneComparatorScoringMaxScoreCollector,0.00,6,1,7,0,6,3,0,4,164,2
"org.apache.lucene.search.TopFieldCollector$OutOfOrderOneComparatorScoringNoMaxScoreCollector",3,0.00,2.00,22,0.27,18723.06,3,0,4,9,1,149.32,6,34,0,2,109.43,0.00,0.50,0.00,0,4.00,4,822.19,0,0,1,org.apache.lucene.search.OneComparatorScoringNoMaxScoreCollector,0.00,6,1,6,0,6,3,0,6,163,2
"org.apache.lucene.search.TopFieldDocs",1,1.00,1.00,5,0.05,671.54,2,1,0,1,8,172.15,26,8,5,2,122.66,0.00,0.50,0.00,0,1.00,1,148.28,0,0,3,org.apache.lucene.search.TopDocs,0.00,0,1,1,0,0,1,0,4,38,1
"org.apache.lucene.search.TopScoreDocCollector",5,0.25,2.00,34,0.33,9898.09,8,3,2,12,19,83.63,32,43,14,3,115.85,1.00,0.40,0.13,0,10.00,4,998.96,0,2,5,org.apache.lucene.search.TopDocsCollector,0.19,7,2,10,2,7,3,0,11,217,2
"org.apache.lucene.search.TopScoreDocCollector$InOrderTopScoreDocCollector",3,0.00,1.33,15,0.14,5338.79,3,0,2,5,1,169.27,4,22,0,4,119.27,0.00,0.75,0.00,0,4.00,2,434.26,0,0,1,org.apache.lucene.search.TopScoreDocCollector,0.42,2,3,4,0,2,3,0,4,97,2
"org.apache.lucene.search.TopScoreDocCollector$OutOfOrderTopScoreDocCollector",3,0.00,1.33,15,0.16,8468.81,3,0,2,5,1,117.69,1,22,0,4,117.69,0.00,0.75,0.00,0,4.00,2,481.15,0,0,1,org.apache.lucene.search.TopScoreDocCollector,0.42,2,3,4,0,2,3,0,1,105,2
"org.apache.lucene.search.TopTermsRewrite",6,0.40,2.17,34,0.57,28171.93,7,1,12,20,14,155.72,15,44,5,3,115.84,1.00,0.40,0.67,0,0.00,7,1697.95,3,0,9,org.apache.lucene.search.TermCollectingRewrite,0.00,14,2,13,2,14,6,0,5,327,2
"org.apache.lucene.search.TopTermsRewrite$Comparator<ScoreTerm>",1,0.00,1.00,4,0.05,1456.24,1,0,12,2,0,123.63,0,6,0,1,123.63,0.00,0.00,0.00,0,1.00,1,158.63,0,0,0,java.lang.Object,0.00,1,0,1,0,1,1,0,0,41,0
"org.apache.lucene.search.TopTermsRewrite$ScoreTerm",2,0.25,1.50,10,0.15,3575.00,6,4,12,5,2,119.22,0,16,0,1,119.22,0.00,0.00,0.12,0,2.00,2,442.40,0,0,2,java.lang.Object,0.00,3,0,3,0,3,2,1,0,104,2
"org.apache.lucene.search.TopTermsRewrite$TermCollector",2,1.00,4.50,43,0.73,50315.31,8,6,12,27,6,107.29,7,55,0,1,86.68,0.00,0.00,0.67,0,0.00,7,2188.13,0,0,6,java.lang.Object,0.00,25,0,9,0,25,2,0,7,385,0
"org.apache.lucene.search.TotalHitCountCollector",5,0.75,1.00,10,0.07,621.93,6,1,1,5,4,143.28,4,20,2,2,143.28,0.00,0.50,0.40,0,7.00,1,207.09,0,0,2,org.apache.lucene.search.Collector,0.67,0,1,5,0,0,5,0,2,63,1
"org.apache.lucene.search.Weight",7,0.00,1.00,10,0.07,544.14,7,0,4,7,70,111.98,82,10,68,1,156.11,0.00,0.00,0.00,0,7.00,1,222.06,0,3,4,java.lang.Object,0.00,0,0,7,17,0,4,0,9,71,2
"org.apache.lucene.search.Weight$ScorerContext",4,0.11,1.50,17,0.14,3331.95,7,3,4,5,0,77.34,35,24,0,1,125.45,0.00,0.00,0.25,0,10.00,2,414.80,0,3,0,java.lang.Object,0.00,1,0,6,0,1,1,0,5,110,3
"org.apache.lucene.search.WildcardQuery",4,0.11,2.50,38,0.49,27349.47,7,3,7,19,25,62.70,28,50,19,4,105.00,0.00,0.75,0.25,0,6.00,6,1462.30,2,3,6,org.apache.lucene.search.AutomatonQuery,0.00,15,3,10,0,15,1,0,10,287,1
"org.apache.lucene.spatial.geohash.GeoHashDistanceFilter",4,0.00,1.75,29,0.39,14136.17,7,3,10,12,9,132.02,14,42,2,3,111.41,0.00,0.67,0.33,1,4.00,4,1173.92,0,1,7,org.apache.lucene.spatial.tier.DistanceFilter,0.25,8,2,7,0,8,3,0,4,258,1
"org.apache.lucene.spatial.geohash.GeoHashDistanceFilter$FilteredDocIdSet",1,0.00,3.00,18,0.23,7373.77,1,0,10,9,2,75.59,5,22,0,1,93.47,0.00,0.00,0.00,0,0.00,3,676.04,0,0,2,java.lang.Object,0.00,8,0,3,0,8,1,0,5,124,0
"org.apache.lucene.spatial.geohash.GeoHashUtils",3,0.00,4.33,70,0.98,82815.77,7,4,2,11,8,67.02,17,82,8,1,84.90,0.00,0.00,0.25,0,5.00,6,2952.49,0,1,0,java.lang.Object,0.00,8,0,13,0,8,2,0,3,527,1
"org.apache.lucene.spatial.geohash.TestGeoHashUtils",4,0.00,1.00,28,0.38,11117.26,4,0,2,7,1,112.59,18,37,0,2,112.36,0.00,0.50,0.00,0,4.00,1,1140.01,0,0,1,org.apache.lucene.util.LuceneTestCase,0.00,3,1,4,0,3,4,0,5,248,1
"org.apache.lucene.messages.Message",4,0.00,1.00,5,0.02,107.33,4,0,1,4,9,209.75,4,6,9,1,159.75,0.00,0.00,0.00,0,4.00,1,66.38,0,4,0,,0.00,0,0,4,0,0,0,0,1,27,1
"org.apache.lucene.messages.MessageImpl",7,2.00,1.43,26,0.25,7538.00,9,2,1,13,26,129.24,4,34,24,1,129.24,0.00,0.00,0.00,3,7.00,4,740.32,0,5,2,java.lang.Object,0.00,6,0,10,0,6,2,1,1,175,1
"org.apache.lucene.messages.MessagesTestBundle",1,4.00,1.00,8,0.07,1453.35,5,4,0,2,2,151.71,21,11,1,2,112.41,0.00,0.50,0.00,0,1.00,1,205.96,0,0,1,org.apache.lucene.messages.NLS,0.00,1,1,1,0,1,1,0,6,53,1
"org.apache.lucene.messages.NLS",11,0.90,3.09,64,1.03,40303.99,12,1,11,35,7,116.84,52,100,7,1,116.60,0.00,0.00,0.18,6,25.00,6,3091.34,0,5,0,java.lang.Object,0.00,24,0,34,2,24,6,0,21,613,1
"org.apache.lucene.messages.NLS$PrivilegedAction<Void>",1,0.00,1.00,4,0.02,199.70,1,0,11,2,0,130.43,0,5,0,1,130.43,0.00,0.00,0.00,0,1.00,1,69.84,0,1,0,java.lang.Object,0.00,1,0,1,0,1,0,0,0,21,0
"org.apache.lucene.messages.NLSException",1,0.00,1.00,2,0.01,29.41,1,0,0,1,3,193.33,28,3,2,1,148.21,0.00,0.00,0.00,0,1.00,1,19.61,0,0,1,,0.00,0,0,1,0,0,1,0,3,9,1
"org.apache.lucene.messages.TestNLS",6,0.00,1.83,27,0.46,8439.99,6,0,2,15,4,144.23,22,52,0,2,123.61,0.00,0.50,0.00,0,6.00,3,1393.40,0,0,4,org.apache.lucene.util.LuceneTestCase,0.00,9,1,11,0,9,6,0,6,301,1
"org.apache.solr.client.solrj.beans.DocumentObjectBinder",7,1.00,2.71,65,0.94,44552.84,8,1,8,34,5,105.22,6,82,2,1,105.22,0.00,0.00,0.14,2,12.00,5,2826.97,0,4,3,java.lang.Object,0.00,27,0,19,0,27,3,0,1,548,1
"org.apache.solr.client.solrj.beans.DocumentObjectBinder$DocField",7,0.44,9.00,165,2.37,157053.90,16,9,8,52,1,67.56,39,231,0,1,85.44,0.00,0.00,0.49,4,0.00,16,7103.56,0,2,1,java.lang.Object,0.00,45,0,63,0,45,5,0,22,1269,2
"org.apache.solr.client.solrj.beans.TestDocumentObjectBinder",4,0.67,1.25,94,2.11,118480.34,5,1,16,48,8,134.94,6,128,0,2,84.94,0.00,0.50,0.50,0,4.00,2,6343.57,0,0,8,org.apache.lucene.util.LuceneTestCase,0.00,44,1,5,0,44,4,0,6,1068,1
"org.apache.solr.client.solrj.beans.TestDocumentObjectBinder$Item",4,0.07,1.00,18,0.21,5473.08,13,9,16,4,0,123.85,1,33,0,1,123.85,0.00,0.00,0.06,0,4.00,1,615.00,0,1,0,java.lang.Object,0.00,0,0,4,0,0,3,0,1,136,2
"org.apache.solr.client.solrj.beans.TestDocumentObjectBinder$NotGettableItem",3,0.17,1.00,10,0.07,948.52,6,3,16,3,0,133.52,0,17,0,1,133.52,0.00,0.00,0.22,0,5.00,1,217.16,0,1,0,java.lang.Object,0.00,0,0,3,0,0,2,0,0,60,2
"org.apache.lucene.analysis.shingle.ShingleAnalyzerWrapper",17,0.01,1.41,83,0.80,23372.97,23,6,6,34,7,144.36,58,110,2,2,123.75,0.00,0.50,0.18,2,81.00,3,2411.06,2,3,5,org.apache.lucene.analysis.Analyzer,0.00,17,1,24,0,17,14,0,12,533,2
"org.apache.lucene.analysis.shingle.ShingleAnalyzerWrapper$SavedStreams",0,0.00,0.00,3,0.01,82.42,2,2,6,0,2,171.00,0,5,0,1,171.00,0.00,0.00,0.00,0,0.00,0,41.21,0,0,2,java.lang.Object,0.00,0,0,0,0,0,0,0,0,13,1
"org.apache.lucene.analysis.shingle.ShingleAnalyzerWrapperTest",17,0.88,1.18,163,2.83,83259.71,18,1,25,47,24,146.19,35,248,0,3,106.31,0.00,0.67,0.18,2,50.00,2,8500.55,1,2,24,org.apache.lucene.analysis.BaseTokenStreamTestCase,0.00,30,2,20,0,30,15,0,9,1608,1
"org.apache.lucene.analysis.shingle.ShingleAnalyzerWrapperTest$NonreusableAnalyzer",1,0.00,2.00,4,0.07,1410.19,2,1,25,3,4,123.58,0,10,0,2,123.58,0.00,0.50,1.00,0,0.00,2,207.51,0,1,4,org.apache.lucene.analysis.Analyzer,0.00,2,1,2,0,2,0,0,0,48,1
"org.apache.lucene.analysis.shingle.ShingleFilter",14,0.09,3.07,165,2.02,113033.99,37,23,10,48,12,63.57,179,213,5,4,101.13,0.00,0.75,0.12,5,58.00,11,6064.60,1,0,7,org.apache.lucene.analysis.TokenFilter,0.31,34,3,43,0,34,14,0,43,1116,2
"org.apache.lucene.analysis.shingle.ShingleFilter$CircularSequence",6,0.27,1.50,23,0.12,1612.00,9,3,10,6,0,116.11,32,31,0,1,133.98,0.00,0.00,0.56,1,0.00,3,372.47,0,0,0,java.lang.Object,0.00,0,0,9,0,0,6,0,5,105,1
"org.apache.lucene.analysis.shingle.ShingleFilter$InputWindowToken",1,4.00,1.00,9,0.08,1196.00,5,4,10,2,3,111.17,0,11,0,1,111.17,0.00,0.00,0.00,0,1.00,1,244.00,0,0,3,java.lang.Object,0.00,1,0,1,0,1,1,0,0,61,1
"org.apache.lucene.analysis.shingle.ShingleFilterTest",44,0.02,1.02,219,10.38,1761421.69,137,93,8,62,7,112.29,8,920,0,3,112.29,0.00,0.67,0.03,3,400.00,2,31129.31,2,2,7,org.apache.lucene.analysis.BaseTokenStreamTestCase,0.00,18,2,45,0,18,42,0,6,4603,1
"org.apache.lucene.analysis.shingle.ShingleFilterTest$TestTokenStream",2,0.67,1.50,25,0.29,6867.43,8,6,8,12,7,102.81,0,30,0,3,102.81,0.00,0.67,0.50,0,2.00,2,870.71,0,0,7,org.apache.lucene.analysis.TokenStream,0.30,10,2,3,0,10,2,0,0,177,1
"org.apache.lucene.analysis.shingle.ShingleMatrixFilter",14,0.15,3.57,249,3.59,206763.01,45,31,20,88,13,91.50,234,286,2,3,91.98,0.00,0.67,0.17,4,106.00,21,10783.00,0,3,11,org.apache.lucene.analysis.TokenStream,0.27,74,2,50,0,74,11,0,41,1901,2
"org.apache.lucene.analysis.shingle.ShingleMatrixFilter$Matrix",11,0.50,1.00,29,0.21,3284.96,13,2,20,12,0,190.28,20,44,0,1,140.28,0.00,0.00,0.05,0,65.00,1,621.33,0,3,0,java.lang.Object,0.00,1,0,11,0,1,8,0,3,168,2
"org.apache.lucene.analysis.shingle.ShingleMatrixFilter$Matrix$Column",12,0.18,1.08,35,0.29,4374.63,15,3,20,19,1,139.58,0,59,0,1,139.58,0.00,0.00,0.17,1,60.00,2,860.48,0,4,1,java.lang.Object,0.00,7,0,13,0,7,8,0,0,227,1
"org.apache.lucene.analysis.shingle.ShingleMatrixFilter$Matrix$Column$Iterator<Column.Row",4,0.33,2.00,29,0.34,13964.68,5,1,20,9,0,111.42,0,32,0,1,111.42,0.00,0.00,0.75,1,0.00,3,1030.93,0,1,0,java.lang.Object,0.00,5,0,8,0,5,3,0,0,221,0
"org.apache.lucene.analysis.shingle.ShingleMatrixFilter$Matrix$Column$Row",6,0.80,1.17,14,0.14,2185.23,7,1,20,9,1,179.45,15,25,0,1,139.57,0.00,0.00,0.33,0,10.00,2,434.10,0,2,1,java.lang.Object,0.00,3,0,7,0,3,4,0,15,115,1
"org.apache.lucene.analysis.shingle.ShingleMatrixFilter$Matrix$OneDimensionalNonWeightedTokenSettingsCodec",4,0.00,1.00,7,0.07,743.59,4,0,20,4,1,153.13,0,16,0,2,153.13,0.00,0.50,0.00,0,4.00,1,215.70,0,1,1,org.apache.lucene.analysis.shingle.TokenSettingsCodec,0.00,0,1,4,0,0,3,0,0,61,2
"org.apache.lucene.analysis.shingle.ShingleMatrixFilter$Matrix$SimpleThreeDimensionalTokenSettingsCodec",4,0.00,1.75,19,0.24,6232.00,4,0,20,14,3,105.40,22,34,0,2,123.27,0.00,0.50,0.00,0,4.00,2,732.88,0,1,3,org.apache.lucene.analysis.shingle.TokenSettingsCodec,0.00,10,1,7,0,10,3,0,4,165,2
"org.apache.lucene.analysis.shingle.ShingleMatrixFilter$Matrix$TwoDimensionalNonWeightedSynonymTokenSettingsCodec",4,0.00,1.25,11,0.11,1684.74,4,0,20,6,1,139.05,0,21,0,2,139.05,0.00,0.50,0.00,0,4.00,2,319.13,0,1,1,org.apache.lucene.analysis.shingle.TokenSettingsCodec,0.00,2,1,5,0,2,3,0,0,82,2
"org.apache.lucene.analysis.shingle.ShingleMatrixFilter$TokenPositioner",2,0.25,1.00,9,0.09,1903.16,6,4,20,3,0,125.09,0,12,0,1,125.09,0.00,0.00,0.12,0,2.00,1,263.52,0,0,0,java.lang.Object,0.00,1,0,2,0,1,2,0,0,67,2
"org.apache.lucene.analysis.shingle.ShingleMatrixFilter$TokenSettingsCodec",4,0.00,1.00,5,0.05,343.81,4,0,20,4,1,137.90,22,6,0,1,155.77,0.00,0.00,0.00,0,4.00,1,148.97,0,0,1,java.lang.Object,0.00,0,0,4,0,0,4,0,4,46,3
"org.apache.lucene.analysis.shingle.TestShingleMatrixFilter",12,0.00,1.17,290,5.77,560893.35,12,0,19,53,15,82.94,59,304,0,3,82.71,0.00,0.67,0.00,3,12.00,2,17316.15,1,5,15,org.apache.lucene.analysis.BaseTokenStreamTestCase,0.00,41,2,14,0,41,7,0,50,2730,1
"org.apache.lucene.analysis.shingle.TestShingleMatrixFilter$TokenListStream",3,0.38,1.67,27,0.40,10632.10,11,8,19,21,7,107.34,0,35,0,2,107.34,0.00,0.50,0.38,0,1.00,3,1208.13,0,0,7,org.apache.lucene.analysis.miscellaneous.TokenStream,0.00,18,1,5,0,18,3,0,0,236,3
"org.apache.lucene.benchmark.quality.Judge",3,0.00,1.00,4,0.03,150.71,3,0,1,3,5,109.50,24,5,4,1,157.60,0.00,0.00,0.00,0,3.00,1,89.40,0,0,1,,0.00,0,0,3,0,0,3,0,4,30,1
"org.apache.lucene.benchmark.quality.QualityBenchmark",7,0.08,1.86,57,0.75,29903.57,13,6,8,22,12,66.29,53,67,2,1,108.58,0.00,0.00,0.24,0,15.00,5,2255.25,0,2,10,java.lang.Object,0.00,15,0,13,0,15,5,0,18,421,1
"org.apache.lucene.benchmark.quality.QualityQuery",5,0.12,1.20,18,0.18,4122.49,7,2,1,10,11,97.97,34,26,11,1,130.20,0.00,0.00,0.40,0,9.00,2,534.55,0,3,0,java.lang.Object,0.00,5,0,6,0,5,2,1,8,136,1
"org.apache.lucene.benchmark.quality.QualityQueryParser",1,0.00,1.00,2,0.01,69.06,1,0,2,1,6,97.18,8,3,3,1,145.29,0.00,0.00,0.00,0,1.00,1,36.53,0,1,3,,0.00,0,0,1,0,0,0,0,2,13,1
"org.apache.lucene.benchmark.quality.QualityStats",16,0.12,2.25,141,1.95,169083.71,28,12,3,40,4,105.67,75,165,4,1,105.44,0.00,0.00,0.19,4,112.00,7,5853.81,0,4,0,java.lang.Object,0.00,24,0,36,0,24,12,0,25,1096,1
"org.apache.lucene.benchmark.quality.QualityStats$RecallPoint",3,0.25,1.00,10,0.06,670.02,5,2,3,3,0,134.70,2,14,0,1,134.70,0.00,0.00,0.33,0,5.00,1,171.59,0,0,0,java.lang.Object,0.00,0,0,3,0,0,3,0,2,51,2
"org.apache.lucene.benchmark.quality.TestQualityRun",4,0.00,4.00,92,1.69,153003.49,4,0,12,31,12,65.93,22,115,0,3,83.80,0.00,0.67,0.00,1,4.00,13,5062.57,4,0,12,org.apache.lucene.benchmark.BenchmarkTestCase,0.00,27,2,16,0,27,4,0,16,792,1
"org.apache.lucene.analysis.hi.HindiAnalyzer",5,0.33,1.80,23,0.31,7714.50,8,3,13,16,13,73.30,46,33,1,4,123.30,0.00,0.75,0.07,0,7.00,3,928.58,0,2,12,org.apache.lucene.analysis.util.StopwordAnalyzerBase,0.00,11,3,9,0,11,3,0,8,204,2
"org.apache.lucene.analysis.hi.HindiAnalyzer$DefaultSetHolder",0,0.00,0.00,6,0.05,853.95,1,1,13,0,1,171.00,2,10,0,1,171.00,0.00,0.00,0.00,0,0.00,0,164.39,0,0,1,java.lang.Object,0.00,0,0,0,0,0,0,0,2,40,2
"org.apache.lucene.analysis.hi.HindiNormalizationFilter",2,0.33,2.00,11,0.14,2865.07,5,3,6,9,9,102.04,11,18,3,4,119.91,0.00,0.75,0.50,0,2.00,3,425.46,0,0,6,org.apache.lucene.analysis.TokenFilter,0.29,7,3,4,0,7,2,0,1,98,2
"org.apache.lucene.analysis.hi.HindiNormalizer",1,0.00,38.00,82,1.01,71236.74,1,0,1,1,1,74.34,34,124,1,1,60.56,0.00,0.00,0.00,0,1.00,38,3040.63,0,0,0,java.lang.Object,0.00,0,0,38,0,0,1,0,10,470,1
"org.apache.lucene.analysis.hi.HindiStemFilter",2,0.33,2.00,12,0.15,3087.32,5,3,5,9,8,166.70,3,18,3,4,116.70,0.00,0.75,0.50,0,2.00,3,437.52,0,0,5,org.apache.lucene.analysis.TokenFilter,0.29,7,3,4,0,7,2,0,1,100,2
"org.apache.lucene.analysis.hi.HindiStemmer",1,0.00,6.00,8,1.03,63343.52,1,0,1,2,1,78.95,14,82,1,1,99.09,0.00,0.00,0.00,0,1.00,6,3091.63,0,0,0,java.lang.Object,0.00,1,0,6,0,1,1,0,6,479,1
"org.apache.lucene.analysis.hi.TestHindiAnalyzer",3,0.00,1.00,12,0.12,2180.09,3,0,4,7,3,83.72,22,17,0,3,126.01,0.00,0.67,0.00,0,3.00,1,368.77,1,0,3,org.apache.lucene.analysis.BaseTokenStreamTestCase,0.00,4,2,3,0,4,3,0,4,88,1
"org.apache.lucene.analysis.hi.TestHindiNormalizer",3,0.00,1.00,23,0.20,2827.49,3,0,6,6,5,136.67,11,28,0,3,116.05,0.00,0.67,0.00,1,3.00,1,607.93,1,0,5,org.apache.lucene.analysis.BaseTokenStreamTestCase,0.00,3,2,3,0,3,3,0,7,140,1
"org.apache.lucene.analysis.hi.TestHindiStemmer",5,0.00,1.00,30,0.24,3504.11,5,0,6,8,5,140.18,17,37,0,3,119.56,0.00,0.67,0.00,1,5.00,1,729.96,1,0,5,org.apache.lucene.analysis.BaseTokenStreamTestCase,0.00,3,2,5,0,3,5,0,5,179,1
"org.apache.lucene.util.automaton.fst.Builder",13,0.16,3.38,212,3.08,325241.95,21,8,5,46,13,48.88,91,238,8,1,91.17,0.00,0.00,0.27,5,0.00,10,9233.87,0,0,7,java.lang.Object,0.00,33,0,44,0,33,13,0,67,1620,1
"org.apache.lucene.util.automaton.fst.Builder$Arc",0,0.00,0.00,6,0.04,549.36,5,5,5,0,0,171.00,1,7,0,1,171.00,0.00,0.00,0.00,0,0.00,0,130.80,0,0,0,java.lang.Object,0.00,0,0,0,0,0,0,0,1,32,1
"org.apache.lucene.util.automaton.fst.Builder$CompiledNode",1,1.00,1.00,4,0.02,179.59,2,1,5,1,0,130.79,0,6,0,1,130.79,0.00,0.00,0.00,0,1.00,1,63.86,0,0,0,java.lang.Object,0.00,0,0,1,0,0,1,1,0,20,2
"org.apache.lucene.util.automaton.fst.Builder$Node",1,0.00,1.00,2,0.01,23.00,1,0,5,1,0,149.05,0,3,0,1,149.05,0.00,0.00,0.00,0,1.00,1,18.00,0,0,0,,0.00,0,0,1,0,0,1,0,0,9,1
"org.apache.lucene.util.automaton.fst.Builder$UnCompiledNode",9,0.31,1.44,70,0.92,44948.40,15,6,5,14,3,110.27,2,79,0,1,110.27,0.00,0.00,0.44,0,0.00,3,2769.35,0,0,3,java.lang.Object,0.00,5,0,13,0,5,9,1,2,556,2
"org.apache.lucene.util.automaton.fst.ByteSequenceOutputs",9,0.50,2.11,67,0.84,72840.92,10,1,4,18,6,158.53,9,90,2,2,108.53,0.00,0.50,0.56,0,4.00,6,2524.94,0,7,4,org.apache.lucene.util.automaton.fst.Outputs,0.12,9,1,19,0,9,2,0,6,526,2
"org.apache.lucene.util.automaton.fst.BytesRefFSTEnum",10,0.04,1.20,42,0.44,10208.48,13,3,2,13,7,174.80,10,59,4,2,124.81,0.00,0.50,0.30,1,14.00,2,1311.14,3,5,3,org.apache.lucene.util.automaton.fst.FSTEnum,0.35,3,1,12,0,3,5,0,6,303,2
"org.apache.lucene.util.automaton.fst.BytesRefFSTEnum$InputOutput",0,0.00,0.00,3,0.02,271.02,2,2,2,0,1,171.00,0,4,0,1,171.00,0.00,0.00,0.00,0,0.00,0,64.53,0,0,1,java.lang.Object,0.00,0,0,0,0,0,0,0,0,18,2
"org.apache.lucene.util.automaton.fst.FST",24,0.09,3.79,376,5.18,471439.07,52,28,7,55,20,93.25,98,460,13,1,93.01,0.00,0.00,0.12,9,180.00,21,15537.69,0,7,8,java.lang.Object,0.00,31,0,91,0,31,17,0,84,2701,1
"org.apache.lucene.util.automaton.fst.FST$Arc",4,0.23,1.25,32,0.26,8591.30,14,10,7,5,1,111.02,2,38,0,1,111.02,0.00,0.00,0.28,1,8.00,2,769.76,0,1,1,java.lang.Object,0.00,1,0,5,0,1,3,0,2,175,3
"org.apache.lucene.util.automaton.fst.FST$BytesReader",3,0.50,1.33,12,0.10,2413.74,4,1,7,3,1,125.59,0,16,0,2,125.59,0.00,0.50,0.67,0,1.00,2,305.07,0,0,1,org.apache.lucene.store.DataInput,0.29,0,1,4,0,0,3,0,0,76,0
"org.apache.lucene.util.automaton.fst.FST$BytesWriter",3,0.00,1.33,14,0.17,5906.03,4,1,7,5,2,122.53,2,21,0,2,122.53,0.00,0.50,1.00,0,0.00,2,507.96,0,0,2,org.apache.lucene.store.DataOutput,0.31,2,1,4,0,2,3,0,2,114,0
"org.apache.lucene.util.automaton.fst.FST$INPUT_TYPE",0,0.00,0.00,2,0.01,71.32,0,0,7,0,0,171.00,0,1,0,1,171.00,0.00,0.00,0.00,0,0.00,0,28.53,0,0,0,java.lang.Object,0.00,0,0,0,0,0,0,0,0,9,2
"org.apache.lucene.util.automaton.fst.FSTEnum",13,0.14,5.31,245,3.47,534327.30,20,7,3,26,5,39.35,104,310,2,1,87.46,0.00,0.00,0.27,9,0.00,23,10418.35,0,1,3,java.lang.Object,0.00,13,0,69,2,13,12,0,99,1786,1
"org.apache.lucene.util.automaton.fst.IntSequenceOutputs",9,0.50,2.33,75,0.90,78990.79,10,1,4,16,6,156.06,9,94,2,2,106.07,0.00,0.50,0.56,0,4.00,6,2708.72,0,7,4,org.apache.lucene.util.automaton.fst.Outputs,0.12,7,1,21,0,7,2,0,6,557,2
"org.apache.lucene.util.automaton.fst.IntsRefFSTEnum",10,0.04,1.20,42,0.43,9868.37,13,3,2,13,4,174.92,10,59,1,2,124.92,0.00,0.50,0.30,1,14.00,2,1276.71,3,5,3,org.apache.lucene.util.automaton.fst.FSTEnum,0.35,3,1,12,0,3,5,0,6,297,2
"org.apache.lucene.util.automaton.fst.IntsRefFSTEnum$InputOutput",0,0.00,0.00,3,0.02,271.02,2,2,2,0,1,171.00,0,4,0,1,171.00,0.00,0.00,0.00,0,0.00,0,64.53,0,0,1,java.lang.Object,0.00,0,0,0,0,0,0,0,0,18,2
"org.apache.lucene.util.automaton.fst.NoOutputs",9,1.00,1.00,26,0.22,5088.06,10,1,2,11,6,138.10,6,44,3,2,138.10,0.00,0.50,0.11,0,16.00,1,645.96,0,7,3,org.apache.lucene.util.automaton.fst.Outputs,0.12,2,1,9,0,2,2,0,4,172,2
"org.apache.lucene.util.automaton.fst.NoOutputs$Object",2,0.00,1.00,5,0.03,408.06,2,0,2,2,0,191.58,2,9,0,1,141.58,0.00,0.00,0.00,0,2.00,1,100.05,0,0,0,java.lang.Object,0.00,0,0,2,0,0,2,0,2,30,0
"org.apache.lucene.util.automaton.fst.NodeHash",7,0.23,3.57,94,1.28,77006.41,12,5,1,19,2,137.21,18,114,1,1,97.33,0.00,0.00,0.40,4,1.00,6,3825.74,0,0,2,java.lang.Object,0.00,12,0,25,0,12,7,0,18,722,1
"org.apache.lucene.util.automaton.fst.Outputs",7,0.00,1.00,8,0.08,611.62,7,0,3,7,12,195.60,15,9,10,1,155.71,0.00,0.00,0.00,0,7.00,1,229.75,0,1,2,java.lang.Object,0.00,0,0,7,5,0,6,0,9,74,2
"org.apache.lucene.util.automaton.fst.PairOutputs",9,0.33,1.11,31,0.61,18474.93,12,3,3,17,7,127.09,4,52,4,2,127.09,0.00,0.50,0.63,1,0.00,2,1833.85,0,7,3,org.apache.lucene.util.automaton.fst.Outputs,0.12,8,1,10,0,8,2,0,1,417,1
"org.apache.lucene.util.automaton.fst.PairOutputs$Pair",3,0.25,1.67,16,0.17,4686.71,5,2,3,7,0,119.66,0,23,0,1,119.66,0.00,0.00,0.67,0,1.00,3,503.96,0,0,0,java.lang.Object,0.00,4,0,5,0,4,3,0,0,120,2
"org.apache.lucene.util.automaton.fst.PositiveIntOutputs",11,0.02,1.91,64,0.57,20348.42,15,4,3,19,9,119.05,9,88,6,2,119.05,0.00,0.50,0.23,1,0.00,4,1702.40,0,8,3,org.apache.lucene.util.automaton.fst.Outputs,0.11,8,1,21,0,8,3,0,4,397,2
"org.apache.lucene.util.automaton.fst.TestFSTs",10,0.67,3.50,192,3.62,494374.45,11,1,36,54,26,136.05,15,202,0,2,86.05,0.00,0.50,0.40,3,18.00,10,10874.09,0,6,26,org.apache.lucene.util.LuceneTestCase,0.00,44,1,35,0,44,4,0,15,1815,1
"org.apache.lucene.util.automaton.fst.TestFSTs$FSTTester",18,0.01,8.44,563,10.41,1635932.86,23,5,36,154,27,57.96,102,678,0,1,75.83,0.00,0.00,0.19,8,50.00,46,31224.12,0,4,27,java.lang.Object,0.00,136,0,152,0,136,14,0,79,4794,2
"org.apache.lucene.util.automaton.fst.TestFSTs$FSTTester$CountMinOutput",0,0.00,0.00,6,0.04,672.19,5,5,36,0,0,171.00,0,7,0,1,171.00,0.00,0.00,0.00,0,0.00,0,129.27,0,0,0,java.lang.Object,0.00,0,0,0,0,0,0,0,0,31,2
"org.apache.lucene.util.automaton.fst.TestFSTs$FSTTester$InputOutput",2,0.50,1.50,11,0.11,2823.58,4,2,36,4,1,120.03,0,15,0,1,120.03,0.00,0.00,0.25,0,2.00,2,326.32,0,0,1,java.lang.Object,0.00,2,0,3,0,2,2,1,0,81,2
"org.apache.lucene.util.automaton.fst.TestFSTs$FSTTester$VisitTerms",3,0.30,5.33,70,1.33,120100.41,8,5,36,33,8,83.58,0,88,0,1,83.58,0.00,0.00,0.40,1,1.00,13,3989.99,0,0,8,java.lang.Object,0.00,30,0,16,0,30,3,0,0,624,3
"org.apache.lucene.util.automaton.fst.TestFSTs$FSTTester$VisitTerms<Long>",1,0.00,1.00,3,0.04,432.66,1,0,36,1,1,132.44,0,5,0,1,132.44,0.00,0.00,0.00,0,0.00,1,119.02,0,1,1,java.lang.Object,0.00,0,0,1,0,0,0,0,0,31,0
"org.apache.lucene.util.automaton.fst.TestFSTs$FSTTester$VisitTerms<Long>_0",1,0.00,2.00,6,0.08,1381.30,2,1,36,3,1,117.08,0,9,0,1,117.08,0.00,0.00,1.00,0,0.00,2,249.10,0,1,1,java.lang.Object,0.00,2,0,2,0,2,0,0,0,55,0
"org.apache.lucene.util.automaton.fst.TestFSTs$FSTTester$VisitTerms<Object>",1,0.00,1.00,3,0.03,300.30,1,0,36,1,1,133.69,0,5,0,1,133.69,0.00,0.00,0.00,0,1.00,1,100.13,0,1,1,java.lang.Object,0.00,0,0,1,0,0,0,0,0,27,0
"org.apache.lucene.util.automaton.fst.TestFSTs$FSTTester$VisitTerms<PairOutputs.Pair<Long,Long>>",1,0.00,2.00,6,0.13,3218.80,2,1,36,6,1,114.19,0,10,0,1,114.19,0.00,0.00,1.00,0,0.00,2,388.48,0,1,1,java.lang.Object,0.00,5,0,2,0,5,0,0,0,81,0
"org.apache.lucene.util.automaton.fst.Util",6,0.00,5.67,124,2.20,195152.08,6,0,8,28,5,54.32,40,145,2,1,86.54,0.00,0.00,0.00,0,6.00,9,6587.29,0,0,3,java.lang.Object,0.00,22,0,34,0,22,6,0,25,1117,2
"org.apache.solr.uima.processor.SolrUIMAConfiguration",6,0.04,1.00,22,0.20,5510.02,11,5,1,6,2,129.87,5,31,2,1,129.87,0.00,0.00,0.17,0,26.00,1,587.20,0,4,0,java.lang.Object,0.00,0,0,6,0,0,2,0,1,152,1
"org.apache.solr.uima.processor.SolrUIMAConfigurationReader",7,0.10,2.29,60,0.85,35736.18,12,5,5,27,3,147.81,14,69,1,1,107.92,0.00,0.00,0.29,1,0.00,7,2549.76,0,5,2,java.lang.Object,0.00,20,0,16,0,20,2,0,9,495,1
"org.apache.solr.uima.processor.UIMAToSolrMapper",2,0.33,3.00,28,0.50,22999.22,5,3,9,20,2,63.80,12,36,1,1,96.02,0.00,0.00,0.50,0,2.00,5,1498.35,0,0,1,java.lang.Object,0.00,18,0,6,0,18,2,0,2,261,1
"org.apache.solr.uima.processor.UIMAUpdateRequestProcessor",5,0.00,2.40,53,0.67,27423.83,7,2,13,34,10,124.67,17,64,1,2,104.05,0.00,0.50,0.50,2,1.00,5,2013.08,1,2,9,org.apache.solr.update.processor.UpdateRequestProcessor,0.00,29,1,12,0,29,3,0,11,395,1
"org.apache.solr.uima.processor.UIMAUpdateRequestProcessorFactory",1,0.00,1.00,3,0.04,591.46,1,0,4,3,6,113.50,5,7,1,2,131.37,0.00,0.50,0.00,0,1.00,1,115.59,0,1,5,org.apache.solr.update.processor.UpdateRequestProcessorFactory,0.00,2,1,1,0,2,0,0,1,30,1
"org.apache.solr.uima.processor.UIMAUpdateRequestProcessorTest",7,0.00,1.29,46,0.58,11006.02,7,0,19,28,12,166.74,7,78,0,3,116.74,0.00,0.67,0.00,2,12.00,2,1745.41,8,0,12,org.apache.solr.SolrTestCaseJ4,0.05,21,2,9,0,21,7,0,3,360,1
"org.apache.solr.uima.processor.UIMAUpdateRequestProcessorTest$SolrQueryRequestBase",0,0.00,0.00,1,0.01,69.74,0,0,19,0,0,171.00,0,1,0,1,171.00,0.00,0.00,0.00,0,0.00,0,34.87,0,0,0,java.lang.Object,0.00,0,0,0,0,0,0,0,0,11,0
"org.apache.lucene.analysis.tr.TestTurkishAnalyzer",3,0.00,1.00,14,0.15,2982.43,3,0,5,7,3,164.82,6,19,0,3,124.94,0.00,0.67,0.00,0,3.00,1,445.05,2,0,3,org.apache.lucene.analysis.BaseTokenStreamTestCase,0.00,4,2,3,0,4,3,0,5,103,1
"org.apache.lucene.analysis.tr.TestTurkishLowerCaseFilter",3,0.00,1.00,13,0.18,2513.78,3,0,4,6,4,125.76,14,23,0,3,125.52,0.00,0.67,0.00,0,3.00,1,538.20,1,0,4,org.apache.lucene.analysis.BaseTokenStreamTestCase,0.00,3,2,3,0,3,3,0,4,120,1
"org.apache.lucene.analysis.tr.TurkishAnalyzer",5,0.33,1.80,22,0.30,7346.10,8,3,15,16,14,73.47,46,32,1,4,123.47,0.00,0.75,0.07,0,8.00,3,905.69,0,2,13,org.apache.lucene.analysis.util.StopwordAnalyzerBase,0.00,11,3,9,0,11,3,0,9,200,2
"org.apache.lucene.analysis.tr.TurkishAnalyzer$DefaultSetHolder",0,0.00,0.00,6,0.05,853.95,1,1,15,0,1,171.00,2,11,0,1,171.00,0.00,0.00,0.00,0,0.00,0,164.39,0,0,1,java.lang.Object,0.00,0,0,0,0,0,0,0,2,40,2
"org.apache.lucene.analysis.tr.TurkishLowerCaseFilter",4,0.13,3.25,47,0.59,38986.60,9,5,4,14,8,58.18,29,59,5,4,100.47,0.00,0.75,0.30,1,4.00,6,1760.91,0,0,3,org.apache.lucene.analysis.TokenFilter,0.25,10,3,13,0,10,4,0,10,339,2
"org.apache.lucene.queryParser.standard.config.AllowLeadingWildcardAttribute",2,0.00,1.00,3,0.02,77.91,2,0,3,2,7,179.09,6,4,5,2,158.47,0.00,0.50,0.00,0,2.00,1,46.77,0,0,3,,0.00,0,1,2,0,0,2,0,1,18,1
"org.apache.lucene.queryParser.standard.config.AllowLeadingWildcardAttributeImpl",7,1.00,1.29,18,0.18,2908.94,8,1,3,8,6,189.09,8,35,2,2,139.09,0.00,0.50,0.14,0,12.00,2,530.54,0,1,4,org.apache.lucene.util.AttributeImpl,0.17,1,1,9,0,1,6,1,2,136,1
"org.apache.lucene.queryParser.standard.config.AnalyzerAttribute",2,0.00,1.00,3,0.02,77.91,2,0,4,2,8,179.09,7,4,5,2,158.47,0.00,0.50,0.00,0,2.00,1,46.77,0,1,4,,0.00,0,1,2,0,0,1,0,1,18,1
"org.apache.lucene.queryParser.standard.config.AnalyzerAttributeImpl",8,1.00,1.38,22,0.24,6971.56,9,1,4,9,7,186.54,9,41,2,2,136.54,0.00,0.50,0.12,2,14.00,3,709.31,0,2,5,org.apache.lucene.util.AttributeImpl,0.15,1,1,11,0,1,6,1,2,176,1
"org.apache.lucene.queryParser.standard.config.BoostAttribute",2,0.00,1.00,3,0.02,77.91,2,0,3,2,7,158.71,8,4,4,2,158.47,0.00,0.50,0.00,0,2.00,1,46.77,0,0,3,,0.00,0,1,2,0,0,2,0,1,18,1
"org.apache.lucene.queryParser.standard.config.BoostAttributeImpl",8,1.00,1.12,19,0.18,2794.48,9,1,3,11,6,189.72,10,36,2,2,139.72,0.00,0.50,0.12,0,14.00,2,531.29,0,1,4,org.apache.lucene.util.AttributeImpl,0.15,3,1,9,0,3,7,1,2,140,1
"org.apache.lucene.queryParser.standard.config.DateResolutionAttribute",2,0.00,1.00,3,0.02,127.38,2,0,6,2,9,124.57,13,4,5,2,156.79,0.00,0.50,0.00,0,2.00,1,63.69,0,1,5,,0.00,0,1,2,0,0,1,0,2,22,1
"org.apache.lucene.queryParser.standard.config.DateResolutionAttributeImpl",8,1.00,1.38,22,0.22,4988.81,9,1,5,11,7,187.69,8,41,2,2,137.69,0.00,0.50,0.12,2,14.00,3,674.88,0,2,5,org.apache.lucene.util.AttributeImpl,0.15,3,1,11,0,3,6,1,2,171,1
"org.apache.lucene.queryParser.standard.config.DefaultOperatorAttribute",2,0.00,1.00,4,0.02,151.50,2,0,3,2,8,165.59,7,5,6,2,144.97,0.00,0.50,0.00,0,2.00,1,66.13,0,1,3,,0.00,0,1,2,0,0,1,0,1,23,1
"org.apache.lucene.queryParser.standard.config.DefaultOperatorAttribute$Operator",0,0.00,0.00,2,0.01,60.00,0,0,3,0,0,171.00,0,3,0,1,171.00,0.00,0.00,0.00,0,0.00,0,24.00,0,0,0,java.lang.Object,0.00,0,0,0,0,0,0,0,0,8,2
"org.apache.lucene.queryParser.standard.config.DefaultOperatorAttributeImpl",8,1.00,1.38,23,0.21,3958.27,9,1,3,13,6,188.48,9,41,2,2,138.48,0.00,0.50,0.00,1,8.00,3,638.11,0,2,4,org.apache.lucene.util.AttributeImpl,0.15,5,1,11,0,5,6,1,2,162,1
"org.apache.lucene.queryParser.standard.config.DefaultPhraseSlopAttribute",2,0.00,1.00,3,0.02,77.91,2,0,3,2,8,179.09,7,4,5,2,158.47,0.00,0.50,0.00,0,2.00,1,46.77,0,0,3,,0.00,0,1,2,0,0,2,0,1,18,1
"org.apache.lucene.queryParser.standard.config.DefaultPhraseSlopAttributeImpl",8,0.86,1.12,20,0.18,2842.48,9,1,3,11,6,189.66,9,38,2,2,139.66,0.00,0.50,0.25,0,16.00,2,547.29,0,1,4,org.apache.lucene.util.AttributeImpl,0.15,3,1,9,0,3,7,1,2,144,1
"org.apache.lucene.queryParser.standard.config.FieldBoostMapAttribute",2,0.00,1.00,3,0.03,197.48,2,0,3,2,6,175.91,7,4,4,2,155.29,0.00,0.50,0.00,0,2.00,1,82.09,0,1,2,,0.00,0,1,2,0,0,1,0,2,26,1
"org.apache.lucene.queryParser.standard.config.FieldBoostMapAttributeImpl",8,1.00,1.25,20,0.25,5537.19,9,1,5,13,6,187.35,10,40,2,2,137.35,0.00,0.50,0.12,1,14.00,2,743.92,0,2,4,org.apache.lucene.util.AttributeImpl,0.15,5,1,10,0,5,6,1,2,182,1
"org.apache.lucene.queryParser.standard.config.FieldBoostMapFCListener",2,1.00,2.00,11,0.15,2798.75,3,1,3,10,6,102.12,11,16,1,1,119.99,0.00,0.00,0.00,0,2.00,3,444.67,0,0,5,java.lang.Object,0.00,8,0,4,0,8,2,1,1,98,1
"org.apache.lucene.queryParser.standard.config.FieldDateResolutionFCListener",2,1.00,2.50,15,0.21,5486.31,3,1,4,9,7,79.97,12,25,1,1,112.19,0.00,0.00,0.00,0,2.00,4,621.52,0,0,6,java.lang.Object,0.00,7,0,5,0,7,2,1,1,133,1
"org.apache.lucene.queryParser.standard.config.FieldDateResolutionMapAttribute",2,0.00,1.00,3,0.03,289.50,2,0,3,2,6,174.60,7,4,4,2,153.99,0.00,0.50,0.00,0,2.00,1,101.67,0,1,2,,0.00,0,1,2,0,0,1,0,2,30,1
"org.apache.lucene.queryParser.standard.config.FieldDateResolutionMapAttributeImpl",8,1.00,1.25,20,0.26,5886.06,9,1,5,13,5,137.14,7,40,2,2,137.14,0.00,0.50,0.12,1,14.00,2,774.78,0,2,3,org.apache.lucene.util.AttributeImpl,0.15,5,1,10,0,5,6,1,2,188,1
"org.apache.lucene.queryParser.standard.config.FuzzyAttribute",4,0.00,1.00,5,0.03,124.80,4,0,3,4,8,209.23,7,6,5,2,159.23,0.00,0.50,0.00,0,4.00,1,78.03,0,0,3,,0.00,0,1,4,0,0,4,0,1,30,1
"org.apache.lucene.queryParser.standard.config.FuzzyAttributeImpl",10,0.50,1.10,24,0.22,3401.29,12,2,4,13,7,139.81,9,43,2,2,139.81,0.00,0.50,0.05,0,18.00,2,662.82,0,1,5,org.apache.lucene.util.AttributeImpl,0.13,3,1,11,0,3,9,1,2,174,1
"org.apache.lucene.queryParser.standard.config.LocaleAttribute",2,0.00,1.00,3,0.02,77.91,2,0,4,2,7,179.09,6,4,5,2,158.47,0.00,0.50,0.00,0,2.00,1,46.77,0,1,3,,0.00,0,1,2,0,0,1,0,1,18,1
"org.apache.lucene.queryParser.standard.config.LocaleAttributeImpl",8,1.00,1.38,22,0.25,7278.07,9,1,4,10,6,186.40,8,41,2,2,136.40,0.00,0.50,0.12,2,14.00,3,747.24,0,2,4,org.apache.lucene.util.AttributeImpl,0.15,2,1,11,0,2,6,1,2,184,1
"org.apache.lucene.queryParser.standard.config.LowercaseExpandedTermsAttribute",2,0.00,1.00,3,0.02,77.91,2,0,4,2,8,179.09,6,4,5,2,158.47,0.00,0.50,0.00,0,2.00,1,46.77,0,0,3,,0.00,0,1,2,0,0,2,0,1,18,1
"org.apache.lucene.queryParser.standard.config.LowercaseExpandedTermsAttributeImpl",8,0.86,1.25,20,0.18,2968.94,9,1,4,9,6,189.49,8,38,2,2,139.49,0.00,0.50,0.25,0,16.00,2,554.54,0,1,4,org.apache.lucene.util.AttributeImpl,0.15,1,1,10,0,1,7,1,2,144,1
"org.apache.lucene.queryParser.standard.config.MultiFieldAttribute",2,0.00,1.00,3,0.02,110.04,2,0,3,2,6,177.91,6,4,4,2,157.29,0.00,0.50,0.00,0,2.00,1,55.02,0,1,3,,0.00,0,1,2,0,0,1,0,1,20,1
"org.apache.lucene.queryParser.standard.config.MultiFieldAttributeImpl",8,1.00,1.12,20,0.19,3176.80,9,1,4,12,6,189.28,8,36,2,2,139.28,0.00,0.50,0.00,0,8.00,2,562.34,0,2,4,org.apache.lucene.util.AttributeImpl,0.15,4,1,9,0,4,6,1,2,147,1
"org.apache.lucene.queryParser.standard.config.MultiTermRewriteMethodAttribute",2,1.00,1.00,4,0.03,318.39,3,1,5,2,13,163.05,7,5,9,2,142.43,0.00,0.50,0.00,0,2.00,1,103.69,0,1,4,,0.00,0,1,2,0,0,1,0,1,31,1
"org.apache.lucene.queryParser.standard.config.MultiTermRewriteMethodAttributeImpl",8,0.57,1.12,19,0.17,2842.74,9,1,5,10,7,189.66,9,37,2,2,139.66,0.00,0.50,0.50,0,8.00,2,524.10,0,2,5,org.apache.lucene.util.AttributeImpl,0.15,2,1,9,0,2,6,1,2,138,1
"org.apache.lucene.queryParser.standard.config.PositionIncrementsAttribute",2,0.00,1.00,3,0.02,77.91,2,0,3,2,7,179.09,6,4,5,2,158.47,0.00,0.50,0.00,0,2.00,1,46.77,0,0,3,,0.00,0,1,2,0,0,2,0,1,18,1
"org.apache.lucene.queryParser.standard.config.PositionIncrementsAttributeImpl",8,0.86,1.25,20,0.18,2968.94,9,1,3,9,6,189.49,8,38,2,2,139.49,0.00,0.50,0.25,0,16.00,2,554.54,0,1,4,org.apache.lucene.util.AttributeImpl,0.15,1,1,10,0,1,7,1,2,144,1
"org.apache.lucene.queryParser.standard.config.RangeCollatorAttribute",2,0.00,1.00,3,0.02,77.91,2,0,5,2,8,179.09,7,4,5,2,158.47,0.00,0.50,0.00,0,2.00,1,46.77,0,1,4,,0.00,0,1,2,0,0,1,0,1,18,1
"org.apache.lucene.queryParser.standard.config.RangeCollatorAttributeImpl",8,1.00,1.38,22,0.21,4822.34,9,1,5,10,7,187.80,9,41,2,2,137.80,0.00,0.50,0.12,1,14.00,3,639.53,0,2,5,org.apache.lucene.util.AttributeImpl,0.15,2,1,11,0,2,6,1,2,163,1
"org.apache.lucene.queryParser.standard.config.StandardQueryConfigHandler",1,0.00,1.00,15,0.13,2441.51,1,0,2,4,15,51.98,10,17,1,3,100.45,0.00,0.67,0.00,0,1.00,1,395.49,1,0,14,org.apache.lucene.queryParser.core.config.QueryConfigHandler,0.00,3,2,1,0,3,1,0,3,90,1
"org.apache.lucene.queryParser.standard.config.TestAttributes",1,0.00,1.00,17,0.66,17475.35,1,0,7,22,32,141.69,1,33,0,2,91.69,0.00,0.50,0.00,0,1.00,1,1989.14,0,0,32,org.apache.lucene.util.LuceneTestCase,0.00,21,1,1,0,21,1,0,1,328,1
"org.apache.lucene.queryParser.standard.config.TestAttributes$HashMap<String,Object>",0,0.00,0.00,3,0.05,981.27,0,0,7,1,2,171.00,0,3,0,1,171.00,0.00,0.00,0.00,0,0.00,0,159.91,0,0,2,java.lang.Object,0.00,1,0,0,0,1,0,0,0,37,0
"org.apache.solr.util.xslt.TransformerProvider",3,0.58,2.67,40,0.58,21648.36,9,6,11,22,4,80.97,16,55,2,1,98.84,0.00,0.00,0.56,0,0.00,4,1732.31,0,2,2,java.lang.Object,0.00,19,0,8,0,19,1,0,8,318,1
"org.apache.lucene.queryParser.core.nodes.AndQueryNode",3,0.00,3.00,24,0.35,14613.97,3,0,2,12,10,128.64,9,38,7,3,108.02,0.50,0.50,0.00,0,3.00,4,1051.68,2,2,3,org.apache.lucene.queryParser.core.nodes.BooleanQueryNode,0.12,9,2,9,1,9,1,0,3,210,1
"org.apache.lucene.queryParser.core.nodes.AnyQueryNode",8,2.00,2.38,52,0.66,23717.61,10,2,2,16,5,154.32,23,77,2,4,114.43,0.00,0.75,0.00,1,14.00,6,1966.54,3,4,3,org.apache.lucene.queryParser.core.nodes.AndQueryNode,0.24,8,3,19,0,8,4,0,6,405,1
"org.apache.lucene.queryParser.core.nodes.BooleanQueryNode",4,0.00,2.25,27,0.35,13482.24,4,0,2,11,20,153.89,11,40,17,2,114.01,5.00,0.14,0.00,0,4.00,4,1045.47,6,2,3,org.apache.lucene.queryParser.core.nodes.QueryNodeImpl,0.17,7,1,9,5,7,2,0,4,216,1
"org.apache.lucene.queryParser.core.nodes.BoostQueryNode",7,1.00,1.57,28,0.33,7210.60,8,1,6,15,13,124.95,32,47,6,2,124.71,0.00,0.50,0.00,1,7.00,2,986.51,5,5,7,org.apache.lucene.queryParser.core.nodes.QueryNodeImpl,0.15,8,1,11,0,8,2,0,5,230,1
"org.apache.lucene.queryParser.core.nodes.DeletedQueryNode",4,0.00,1.00,9,0.06,913.67,4,0,2,4,7,191.20,6,16,4,2,141.20,2.00,0.25,0.00,0,4.00,1,185.27,1,3,4,org.apache.lucene.queryParser.core.nodes.QueryNodeImpl,0.17,0,1,4,2,0,1,0,2,54,1
"org.apache.lucene.queryParser.core.nodes.FieldQueryNode",18,5.00,1.17,56,0.56,10742.63,23,5,3,20,25,171.19,45,87,21,2,131.31,5.00,0.14,0.00,2,18.00,2,1685.88,3,9,4,org.apache.lucene.queryParser.core.nodes.QueryNodeImpl,0.11,2,1,21,5,2,9,2,11,424,1
"org.apache.lucene.queryParser.core.nodes.FieldableNode",2,0.00,1.00,3,0.01,59.70,2,0,0,2,13,168.52,35,4,13,2,159.39,0.00,0.50,0.00,0,2.00,1,41.60,0,1,0,,0.00,0,1,2,0,0,1,0,4,17,1
"org.apache.lucene.queryParser.core.nodes.FuzzyQueryNode",8,2.00,1.12,26,0.27,5010.50,10,2,1,8,12,151.77,25,41,10,3,131.15,0.00,0.67,0.00,0,8.00,2,811.68,4,3,2,org.apache.lucene.queryParser.core.nodes.FieldQueryNode,0.13,0,2,9,0,0,5,0,4,201,1
"org.apache.lucene.queryParser.core.nodes.GroupQueryNode",6,0.00,1.33,21,0.22,3694.06,6,0,6,13,15,171.06,13,33,9,2,131.17,0.00,0.50,0.00,1,6.00,2,650.07,6,2,6,org.apache.lucene.queryParser.core.nodes.QueryNodeImpl,0.16,7,1,8,0,7,4,0,3,159,1
"org.apache.lucene.queryParser.core.nodes.MatchAllDocsQueryNode",4,0.00,1.00,9,0.06,1004.43,4,0,1,4,6,190.87,6,16,4,2,140.87,0.00,0.50,0.00,0,4.00,1,183.13,1,3,2,org.apache.lucene.queryParser.core.nodes.QueryNodeImpl,0.17,0,1,4,0,0,1,0,3,54,1
"org.apache.lucene.queryParser.core.nodes.MatchNoDocsQueryNode",2,0.00,1.00,4,0.02,180.05,2,0,0,2,6,100.25,22,8,5,3,144.38,0.00,0.67,0.00,0,2.00,1,60.05,0,1,1,org.apache.lucene.queryParser.core.nodes.DeletedQueryNode,0.12,0,2,2,0,0,1,0,3,21,1
"org.apache.lucene.queryParser.core.nodes.ModifierQueryNode",0,0.00,0.00,2,0.01,75.00,0,0,6,0,17,171.00,9,2,12,2,171.00,1.00,0.33,0.00,0,0.00,0,30.00,0,0,5,org.apache.lucene.queryParser.core.nodes.QueryNodeImpl,0.00,0,1,0,1,0,0,0,1,10,1
"org.apache.lucene.queryParser.core.nodes.ModifierQueryNode$Modifier",3,1.00,3.33,53,0.72,49687.71,4,1,6,15,5,91.84,14,88,0,1,91.60,0.00,0.00,0.00,3,3.00,6,2145.65,1,3,5,java.lang.Object,0.00,12,0,10,0,12,0,0,5,363,1
"org.apache.lucene.queryParser.core.nodes.NoTokenFoundQueryNode",4,0.00,1.00,10,0.07,1017.93,4,0,1,4,5,190.83,5,18,2,3,140.83,0.00,0.67,0.00,0,4.00,1,208.75,1,2,3,org.apache.lucene.queryParser.core.nodes.DeletedQueryNode,0.22,0,2,4,0,0,2,0,2,60,1
"org.apache.lucene.queryParser.core.nodes.OpaqueQueryNode",6,2.00,1.00,20,0.20,3344.25,8,2,1,6,6,171.46,17,29,3,2,131.58,0.00,0.50,0.00,0,6.00,1,586.26,2,5,3,org.apache.lucene.queryParser.core.nodes.QueryNodeImpl,0.16,0,1,6,0,0,1,0,4,150,1
"org.apache.lucene.queryParser.core.nodes.OrQueryNode",3,0.00,3.00,26,0.38,16348.12,3,0,3,13,10,128.25,10,38,7,3,107.64,0.00,0.67,0.00,0,3.00,4,1150.85,2,2,3,org.apache.lucene.queryParser.core.nodes.BooleanQueryNode,0.12,10,2,9,0,10,1,0,3,225,1
"org.apache.lucene.queryParser.core.nodes.ParametricQueryNode",6,1.00,1.00,19,0.22,3545.28,7,1,1,6,12,151.99,19,31,10,3,131.38,0.00,0.67,0.00,1,6.00,1,647.04,3,5,2,org.apache.lucene.queryParser.core.nodes.FieldQueryNode,0.14,0,2,6,0,0,1,0,3,160,1
"org.apache.lucene.queryParser.core.nodes.ParametricQueryNode$CompareOperator",6,0.00,1.00,19,0.09,939.80,6,0,1,6,0,135.92,0,26,0,1,135.92,0.00,0.00,0.00,0,6.00,1,278.06,0,6,0,java.lang.Object,0.00,0,0,6,0,0,0,0,0,83,1
"org.apache.lucene.queryParser.core.nodes.ParametricRangeQueryNode",8,0.00,1.75,36,0.49,17412.40,8,0,3,20,11,122.13,5,63,6,2,122.13,1.00,0.33,0.00,2,8.00,4,1460.32,5,4,5,org.apache.lucene.queryParser.core.nodes.QueryNodeImpl,0.15,12,1,14,1,12,4,1,2,326,1
"org.apache.lucene.queryParser.core.nodes.PathQueryNode",10,0.78,1.70,50,0.61,16769.77,11,1,5,24,4,119.65,45,68,1,2,119.41,0.00,0.50,0.30,1,22.00,3,1826.01,1,7,3,org.apache.lucene.queryParser.core.nodes.QueryNodeImpl,0.14,14,1,17,0,14,3,0,10,395,1
"org.apache.lucene.queryParser.core.nodes.PathQueryNode$QueryText",6,0.00,1.00,23,0.18,3850.24,9,3,5,6,0,151.71,23,32,0,1,131.10,0.00,0.00,0.33,0,10.00,1,544.31,1,3,0,java.lang.Object,0.00,0,0,6,0,0,3,1,6,143,2
"org.apache.lucene.queryParser.core.nodes.PhraseSlopQueryNode",9,1.00,1.56,34,0.37,7333.97,10,1,6,18,10,130.18,6,57,1,2,130.18,0.00,0.50,0.00,1,9.00,2,1107.47,5,4,9,org.apache.lucene.queryParser.core.nodes.QueryNodeImpl,0.14,9,1,14,0,9,5,1,1,265,1
"org.apache.lucene.queryParser.core.nodes.ProximityQueryNode",12,4.00,2.17,71,1.05,43551.58,16,4,5,23,10,116.95,53,107,3,3,116.72,0.00,0.67,0.00,3,22.00,6,3154.91,4,6,7,org.apache.lucene.queryParser.core.nodes.BooleanQueryNode,0.17,11,2,26,0,11,6,0,10,628,1
"org.apache.lucene.queryParser.core.nodes.ProximityQueryNode$ProximityType",2,2.00,1.00,8,0.06,597.62,4,2,5,2,0,129.05,0,11,0,1,129.05,0.00,0.00,0.00,0,2.00,1,177.62,0,0,0,java.lang.Object,0.00,0,0,2,0,0,2,0,0,49,2
"org.apache.lucene.queryParser.core.nodes.ProximityQueryNode$Type",3,0.00,1.00,11,0.05,469.26,3,0,5,3,0,135.92,0,15,0,1,135.92,0.00,0.00,0.00,0,3.00,1,152.46,0,3,0,java.lang.Object,0.00,0,0,3,0,0,0,0,0,46,1
"org.apache.lucene.queryParser.core.nodes.QueryNode",14,0.00,1.00,15,0.10,591.15,14,0,3,14,81,178.81,43,16,80,1,158.20,0.00,0.00,0.00,0,14.00,1,308.24,0,7,1,,0.00,0,0,14,0,0,7,0,16,107,1
"org.apache.lucene.queryParser.core.nodes.QueryNodeImpl",19,6.00,1.68,79,0.93,24975.71,25,6,8,39,22,163.75,42,114,18,1,123.86,0.00,0.00,0.00,6,19.00,4,2791.27,2,7,4,java.lang.Object,0.00,20,0,32,29,20,12,2,19,618,2
"org.apache.lucene.queryParser.core.nodes.QuotedFieldQueryNode",4,0.00,1.25,13,0.17,3571.81,4,0,1,4,7,150.53,15,24,5,3,129.91,0.00,0.67,0.00,0,4.00,2,520.48,2,3,2,org.apache.lucene.queryParser.core.nodes.FieldQueryNode,0.15,0,2,5,0,0,1,0,3,127,1
"org.apache.lucene.queryParser.core.nodes.SlopQueryNode",9,1.00,1.56,34,0.36,7123.99,10,1,4,18,14,180.28,16,56,7,2,130.28,0.00,0.50,0.00,1,9.00,2,1093.22,5,6,7,org.apache.lucene.queryParser.core.nodes.QueryNodeImpl,0.14,9,1,14,0,9,3,1,2,263,1
"org.apache.lucene.queryParser.core.nodes.TestQueryNode",1,0.00,1.00,7,0.11,1924.24,1,0,2,8,3,163.61,1,10,0,2,113.61,0.00,0.50,0.00,0,1.00,1,316.70,0,0,3,org.apache.lucene.util.LuceneTestCase,0.00,7,1,1,0,7,1,0,1,68,1
"org.apache.lucene.queryParser.core.nodes.TextableQueryNode",2,0.00,1.00,3,0.01,38.51,2,0,0,2,4,110.89,19,4,4,1,160.88,0.00,0.00,0.00,0,2.00,1,33.51,0,1,0,,0.00,0,0,2,0,0,1,0,2,15,1
"org.apache.lucene.queryParser.core.nodes.TokenizedPhraseQueryNode",6,0.00,2.33,39,0.43,14126.29,6,0,2,17,10,165.23,6,54,6,2,115.23,0.00,0.50,0.00,0,6.00,4,1286.15,4,3,4,org.apache.lucene.queryParser.core.nodes.QueryNodeImpl,0.16,11,1,14,0,11,3,1,3,277,1
"org.apache.solr.spelling.AbstractLuceneSpellChecker",12,0.08,3.17,129,2.12,146449.77,33,21,28,58,30,121.87,40,170,7,2,101.25,3.00,0.20,0.12,2,62.00,14,6356.73,1,8,23,org.apache.solr.spelling.SolrSpellChecker,0.00,46,1,38,3,46,4,0,13,1046,2
"org.apache.solr.spelling.DirectSolrSpellChecker",4,0.32,4.50,80,1.59,80073.12,27,23,14,30,14,56.03,25,103,1,2,88.25,0.00,0.50,0.28,0,4.00,12,4765.24,1,1,13,org.apache.solr.spelling.SolrSpellChecker,0.00,26,1,18,0,26,3,0,3,768,1
"org.apache.solr.spelling.DirectSolrSpellCheckerTest",2,0.00,1.00,34,0.70,28868.61,3,1,10,29,11,132.23,5,39,0,3,92.35,0.00,0.67,1.00,0,0.00,1,2105.20,3,0,11,org.apache.solr.SolrTestCaseJ4,0.00,27,2,2,0,27,2,0,3,358,1
"org.apache.solr.spelling.FileBasedSpellChecker",5,0.06,2.00,42,0.69,25514.75,9,4,15,38,16,147.84,13,64,1,3,107.96,0.00,0.67,0.30,1,1.00,5,2060.66,1,3,15,org.apache.solr.spelling.AbstractLuceneSpellChecker,0.00,33,2,10,0,33,2,0,5,368,1
"org.apache.solr.spelling.FileBasedSpellCheckerTest",5,0.00,1.00,106,2.45,115166.62,6,1,13,39,14,127.21,12,117,0,3,87.33,0.00,0.67,1.00,0,0.00,1,7360.91,3,0,14,org.apache.solr.SolrTestCaseJ4,0.00,34,2,5,0,34,5,0,6,1154,1
"org.apache.solr.spelling.IndexBasedSpellChecker",6,0.10,2.00,39,0.42,10768.95,10,4,10,16,11,156.07,16,59,4,3,116.19,0.50,0.50,0.17,1,2.00,3,1260.84,2,2,7,org.apache.solr.spelling.AbstractLuceneSpellChecker,0.00,10,2,12,1,10,4,0,5,270,1
"org.apache.solr.spelling.IndexBasedSpellCheckerTest",7,0.08,1.29,200,4.43,299935.93,9,2,27,62,26,120.37,14,242,0,3,80.48,0.00,0.67,0.43,0,0.00,2,13299.64,3,0,26,org.apache.solr.SolrTestCaseJ4,0.00,55,2,9,0,55,7,0,12,2024,1
"org.apache.solr.spelling.IndexBasedSpellCheckerTest$TestSpellChecker",1,0.00,1.00,3,0.02,168.05,1,0,27,1,2,135.68,0,7,0,4,135.68,0.00,0.75,0.00,0,0.00,1,52.05,0,1,2,org.apache.solr.spelling.IndexBasedSpellChecker,0.16,0,3,1,0,0,0,0,0,17,1
"org.apache.solr.spelling.PossibilityIterator",7,0.13,3.00,82,0.99,79937.10,12,5,8,33,5,100.18,31,94,2,1,99.95,0.00,0.00,0.31,1,8.00,9,2978.73,0,2,3,java.lang.Object,0.00,26,0,21,0,26,5,1,3,552,1
"org.apache.solr.spelling.QueryConverter",4,0.50,1.00,10,0.07,810.83,6,2,5,4,7,93.50,34,14,3,1,141.60,0.00,0.00,0.12,0,6.00,1,216.72,0,2,4,java.lang.Object,0.00,0,0,4,2,0,2,1,3,62,2
"org.apache.solr.spelling.RankedSpellPossibility",5,0.25,1.00,13,0.11,1469.01,7,2,1,7,4,140.34,0,19,3,1,140.34,0.00,0.00,0.30,0,10.00,1,324.20,0,1,1,java.lang.Object,0.00,2,0,5,0,2,4,1,0,89,1
"org.apache.solr.spelling.SampleComparator",1,0.00,1.00,3,0.04,596.66,1,0,2,2,1,131.58,4,6,0,1,131.34,0.00,0.00,0.00,0,1.00,1,118.39,0,0,1,java.lang.Object,0.00,1,0,1,0,1,1,1,1,32,1
"org.apache.solr.spelling.SimpleQueryConverter",1,0.00,3.00,24,0.45,20117.28,1,0,14,24,14,67.50,5,30,3,3,85.37,0.00,0.67,0.00,0,1.00,3,1344.76,0,1,11,org.apache.solr.spelling.SpellingQueryConverter,0.00,23,2,3,0,23,0,0,2,224,0
"org.apache.solr.spelling.SolrSpellChecker",6,0.05,1.17,17,0.14,2039.12,10,4,5,7,14,140.04,26,22,8,1,139.80,0.00,0.00,0.21,0,14.00,2,433.37,0,3,6,java.lang.Object,0.00,1,0,7,7,1,3,0,5,113,2
"org.apache.solr.spelling.SpellCheckCollation",9,0.09,1.11,26,0.20,3559.02,13,4,1,12,4,139.30,0,38,3,1,139.30,0.00,0.00,0.17,0,36.00,2,602.36,0,2,1,java.lang.Object,0.00,3,0,10,0,3,7,1,0,161,1
"org.apache.solr.spelling.SpellCheckCollator",2,1.00,8.00,69,1.27,106421.69,3,1,15,52,14,126.18,3,88,1,1,76.18,0.00,0.00,0.50,1,2.00,13,3817.56,0,2,13,java.lang.Object,0.00,50,0,16,0,50,0,0,3,578,1
"org.apache.solr.spelling.SpellCheckCollatorTest",4,0.00,1.50,155,2.87,198163.58,4,0,17,33,12,75.24,16,168,0,3,75.01,0.00,0.67,0.00,0,0.00,3,8624.32,3,0,12,org.apache.solr.SolrTestCaseJ4,0.00,29,2,6,0,29,4,0,16,1341,1
"org.apache.solr.spelling.SpellCheckCorrection",6,0.20,1.00,16,0.09,916.94,9,3,1,6,3,142.57,0,23,2,1,142.57,0.00,0.00,0.17,0,18.00,1,275.03,0,2,1,java.lang.Object,0.00,0,0,6,0,0,4,0,0,82,1
"org.apache.solr.spelling.SpellPossibilityIteratorTest",2,0.00,3.00,66,0.95,54373.03,3,1,7,11,3,79.18,0,76,0,3,79.18,0.00,0.67,1.00,0,0.00,5,2860.86,1,0,3,org.apache.solr.SolrTestCaseJ4,0.05,9,2,6,0,9,2,0,0,514,1
"org.apache.solr.spelling.SpellingOptions",5,7.00,1.00,27,0.28,5826.23,12,7,4,5,12,72.67,43,33,9,1,120.78,0.00,0.00,0.00,0,5.00,1,828.90,0,0,3,java.lang.Object,0.00,0,0,5,0,0,5,0,10,192,1
"org.apache.solr.spelling.SpellingQueryConverter",1,5.00,6.00,44,0.74,32204.60,7,6,14,28,14,105.69,31,60,6,2,73.78,1.00,0.33,0.17,0,0.00,6,2223.44,0,1,8,org.apache.solr.spelling.QueryConverter,0.00,27,1,6,1,27,0,0,7,378,1
"org.apache.solr.spelling.SpellingQueryConverterTest",5,0.00,1.40,62,0.99,47636.11,5,0,6,19,4,119.95,15,72,0,2,99.33,0.00,0.50,0.00,0,5.00,3,2978.65,0,0,4,org.apache.lucene.util.LuceneTestCase,0.00,14,1,7,0,14,5,0,10,571,1
"org.apache.solr.spelling.SpellingResult",12,0.09,1.33,40,0.48,13285.29,16,4,5,16,11,149.78,45,56,10,1,129.16,0.00,0.00,0.17,1,64.00,3,1450.18,0,5,1,java.lang.Object,0.00,4,0,16,0,4,7,0,9,334,1
"org.apache.lucene.benchmark.byTask.programmatic.Sample",2,0.00,1.00,37,0.47,13719.49,2,0,9,17,7,45.49,20,40,0,1,93.97,0.00,0.00,0.00,1,2.00,1,1405.53,0,1,7,java.lang.Object,0.00,15,0,2,0,15,1,0,14,262,1
"org.apache.lucene.analysis.th.TestThaiAnalyzer",7,0.00,1.00,44,0.92,19786.43,7,0,2,9,4,154.68,19,87,0,3,114.80,0.00,0.67,0.00,0,7.00,1,2773.03,2,0,4,org.apache.lucene.analysis.BaseTokenStreamTestCase,0.00,2,2,7,0,2,7,0,8,518,1
"org.apache.lucene.analysis.th.ThaiAnalyzer",2,1.00,1.50,10,0.15,3603.03,3,1,12,9,13,71.09,17,17,1,3,119.20,0.00,0.67,0.50,0,2.00,2,437.94,0,1,12,org.apache.lucene.analysis.util.ReusableAnalyzerBase,0.00,7,2,3,0,7,1,0,2,95,2
"org.apache.lucene.analysis.th.ThaiWordFilter",3,0.42,4.00,55,0.82,38115.63,15,12,13,25,12,49.25,21,70,4,4,91.54,0.00,0.75,0.36,0,0.00,8,2468.59,1,0,8,org.apache.lucene.analysis.TokenFilter,0.53,22,3,12,0,22,3,0,7,447,2
"org.apache.lucene.analysis.sinks.DateRecognizerSinkFilter",3,0.17,2.00,16,0.16,3510.02,6,3,5,7,3,141.22,10,25,1,2,120.61,0.00,0.50,0.22,0,4.00,4,476.42,0,0,2,TeeSinkTokenFilter.SinkFilter,0.00,4,1,6,0,4,3,0,3,107,1
"org.apache.lucene.analysis.sinks.DateRecognizerSinkTokenizerTest",1,0.00,3.00,16,0.21,6731.58,1,0,6,10,4,95.69,0,20,0,3,95.69,0.00,0.67,0.00,0,1.00,3,644.96,0,0,4,org.apache.lucene.analysis.BaseTokenStreamTestCase,0.00,9,2,3,0,9,1,0,0,122,1
"org.apache.lucene.analysis.sinks.TeeSinkTokenFilter",7,1.00,2.43,46,0.53,16895.54,8,1,9,23,8,66.65,74,61,4,4,115.13,0.00,0.75,0.00,1,12.00,6,1587.60,1,0,4,org.apache.lucene.analysis.TokenFilter,0.42,16,3,17,0,16,7,0,10,334,2
"org.apache.lucene.analysis.sinks.TeeSinkTokenFilter$SinkFilter",2,0.00,1.00,3,0.02,126.08,2,0,9,2,1,157.06,9,5,0,1,156.83,0.00,0.00,0.00,0,2.00,1,59.16,0,0,1,java.lang.Object,0.00,0,0,2,0,0,2,0,3,21,3
"org.apache.lucene.analysis.sinks.TeeSinkTokenFilter$SinkFilter_0",1,0.00,1.00,3,0.02,175.12,1,0,9,1,1,135.54,0,5,0,1,135.54,0.00,0.00,0.00,0,1.00,1,54.60,0,0,1,java.lang.Object,0.00,0,0,1,0,0,1,0,0,17,0
"org.apache.lucene.analysis.sinks.TeeSinkTokenFilter$SinkTokenStream",7,0.04,1.57,29,0.31,6731.83,11,4,9,15,2,124.95,1,44,0,3,124.95,0.00,0.67,0.29,0,20.00,3,930.29,0,0,2,org.apache.lucene.analysis.TokenStream,0.60,8,2,11,0,8,7,0,1,215,3
"org.apache.lucene.analysis.sinks.TestTeeSinkTokenFilter",5,0.31,3.60,148,2.48,156540.62,9,4,19,53,19,101.37,15,142,0,3,80.75,0.00,0.67,0.50,0,2.00,11,7432.17,2,0,19,org.apache.lucene.analysis.BaseTokenStreamTestCase,0.00,48,2,18,0,48,5,0,9,1236,1
"org.apache.lucene.analysis.sinks.TestTeeSinkTokenFilter$ModuloSinkFilter",2,0.50,1.00,9,0.08,1499.92,4,2,19,2,1,125.90,0,13,0,2,125.90,0.00,0.50,0.75,0,0.00,1,227.39,0,0,1,TeeSinkTokenFilter.SinkFilter,0.00,0,1,2,0,0,2,0,0,57,0
"org.apache.lucene.analysis.sinks.TestTeeSinkTokenFilter$ModuloTokenFilter",2,0.00,1.50,15,0.11,3531.74,4,2,19,2,1,113.81,1,19,0,4,113.81,0.00,0.75,0.50,0,2.00,2,315.33,0,0,1,org.apache.lucene.analysis.TokenFilter,0.29,0,3,3,0,0,2,0,1,77,0
"org.apache.lucene.analysis.sinks.TestTeeSinkTokenFilter$TeeSinkTokenFilter.SinkFilter",1,0.00,1.00,4,0.05,853.17,1,0,19,4,2,125.46,0,6,0,1,125.46,0.00,0.00,0.00,0,1.00,1,149.49,0,0,2,java.lang.Object,0.00,3,0,1,0,3,1,0,0,37,0
"org.apache.lucene.analysis.sinks.TestTeeSinkTokenFilter$TeeSinkTokenFilter.SinkFilter_0",1,0.00,1.00,4,0.05,853.17,1,0,19,4,2,125.46,0,6,0,1,125.46,0.00,0.00,0.00,0,1.00,1,149.49,0,0,2,java.lang.Object,0.00,3,0,1,0,3,1,0,0,37,0
"org.apache.lucene.analysis.sinks.TokenRangeSinkFilter",3,0.17,1.33,15,0.12,2323.64,6,3,2,3,2,172.11,4,24,1,2,122.11,0.00,0.50,0.44,0,1.00,2,357.84,0,0,1,TeeSinkTokenFilter.SinkFilter,0.00,0,1,4,0,0,3,0,1,90,1
"org.apache.lucene.analysis.sinks.TokenRangeSinkTokenizerTest",1,0.00,3.00,16,0.20,6740.07,1,0,4,9,4,95.68,0,20,0,3,95.68,0.00,0.67,0.00,0,1.00,3,606.24,0,0,4,org.apache.lucene.analysis.BaseTokenStreamTestCase,0.00,8,2,3,0,8,1,0,0,117,1
"org.apache.lucene.analysis.sinks.TokenTypeSinkFilter",2,0.00,1.50,9,0.09,1646.64,4,2,2,5,3,125.49,1,14,1,2,125.49,0.00,0.50,0.50,0,2.00,2,275.77,0,0,2,TeeSinkTokenFilter.SinkFilter,0.00,3,1,3,0,3,2,0,1,67,1
"org.apache.lucene.analysis.sinks.TokenTypeSinkTokenizerTest",1,0.00,4.00,23,0.38,16526.73,1,0,8,14,8,86.67,0,28,0,3,86.67,0.00,0.67,0.00,0,1.00,4,1133.48,0,0,8,org.apache.lucene.analysis.BaseTokenStreamTestCase,0.00,13,2,4,0,13,1,0,0,199,1
"org.apache.lucene.analysis.sinks.TokenTypeSinkTokenizerTest$WordTokenFilter",2,0.00,2.00,10,0.11,2043.22,4,2,8,6,4,121.07,0,15,0,4,121.07,0.00,0.75,0.50,0,2.00,3,340.40,0,0,4,org.apache.lucene.analysis.TokenFilter,0.29,4,3,4,0,4,2,0,0,81,1
"org.apache.solr.spelling.suggest.jaspell.JaspellLookup",7,0.00,2.43,56,0.71,38941.43,11,4,12,28,9,107.62,2,75,2,2,107.62,0.00,0.50,0.25,0,8.00,8,2144.42,0,2,7,org.apache.solr.spelling.suggest.Lookup,0.00,21,1,17,0,21,5,0,2,414,1
"org.apache.solr.spelling.suggest.jaspell.JaspellTernarySearchTrie",28,0.20,3.46,265,3.79,393021.00,31,3,8,60,1,73.08,364,392,1,1,102.46,0.00,0.00,0.14,13,214.00,15,11368.29,0,14,0,java.lang.Object,0.00,32,0,97,0,32,14,0,36,2183,1
"org.apache.solr.spelling.suggest.jaspell.JaspellTernarySearchTrie$TSTNode",1,5.00,1.00,8,0.09,1453.23,8,7,8,1,0,74.85,12,10,0,1,112.41,0.00,0.00,0.29,0,0.00,1,280.48,0,0,0,java.lang.Object,0.00,0,0,1,0,0,1,0,5,64,2
"org.apache.lucene.queryParser.core.messages.QueryParserMessages",1,15.00,1.00,19,0.18,5144.21,16,15,1,2,24,51.78,7,22,23,2,94.07,0.00,0.50,0.00,0,1.00,1,554.86,0,0,1,org.apache.lucene.messages.NLS,0.00,1,1,1,0,1,1,0,5,119,1
"org.apache.lucene.analysis.snowball.Deprecated",3,0.17,2.33,18,0.34,11900.79,6,3,11,15,12,71.15,23,31,0,3,113.44,0.00,0.67,0.44,0,1.00,4,1015.63,0,1,12,org.apache.lucene.analysis.util.ReusableAnalyzerBase,0.00,12,2,7,0,12,2,0,6,205,2
"org.apache.lucene.analysis.snowball.SnowballFilter",3,0.17,2.67,26,0.36,11590.09,6,3,8,18,28,66.55,22,39,21,4,108.84,0.00,0.75,0.44,0,1.00,4,1074.57,0,0,7,org.apache.lucene.analysis.TokenFilter,0.27,15,3,8,0,15,3,0,3,217,2
"org.apache.lucene.analysis.snowball.TestSnowball",7,0.00,1.00,44,0.68,15603.58,7,0,12,21,13,155.49,14,57,0,3,115.61,0.00,0.67,0.00,0,7.00,1,2036.48,2,0,13,org.apache.lucene.analysis.BaseTokenStreamTestCase,0.00,14,2,7,0,14,7,0,6,412,1
"org.apache.lucene.analysis.snowball.TestSnowball$TestTokenStream",2,0.67,1.00,18,0.24,4507.22,8,6,12,11,8,109.00,0,22,0,3,109.00,0.00,0.67,0.50,0,2.00,1,709.55,0,0,8,org.apache.lucene.analysis.TokenStream,0.30,9,2,2,0,9,2,0,0,149,2
"org.apache.lucene.analysis.snowball.TestSnowballVocab",2,0.00,1.50,23,0.24,3094.52,2,0,8,5,4,58.84,16,28,0,2,106.94,0.00,0.50,0.00,1,2.00,2,716.64,0,0,4,org.apache.lucene.util.LuceneTestCase,0.00,3,1,3,0,3,2,0,9,140,1
"org.apache.lucene.analysis.snowball.TestSnowballVocab$ReusableAnalyzerBase",1,0.00,1.00,4,0.05,771.22,1,0,8,4,3,125.81,0,7,0,1,125.81,0.00,0.00,0.00,0,1.00,1,141.98,0,1,3,java.lang.Object,0.00,3,0,1,0,3,0,0,0,35,0
"org.apache.lucene.analysis.gl.GalicianAnalyzer",5,0.50,1.80,21,0.28,7029.43,7,2,15,15,14,75.51,42,31,1,4,123.62,0.00,0.75,0.10,0,8.00,3,847.94,0,1,13,org.apache.lucene.analysis.util.StopwordAnalyzerBase,0.00,10,3,9,0,10,4,0,8,189,2
"org.apache.lucene.analysis.gl.GalicianAnalyzer$DefaultSetHolder",0,0.00,0.00,6,0.05,843.89,1,1,15,0,2,171.00,2,11,0,1,171.00,0.00,0.00,0.00,0,0.00,0,162.56,0,0,2,java.lang.Object,0.00,0,0,0,0,0,0,0,2,40,2
"org.apache.lucene.analysis.gl.GalicianStemFilter",2,0.33,2.00,15,0.18,4744.35,5,3,6,9,9,94.87,10,21,3,4,112.74,0.00,0.75,0.50,0,2.00,3,535.08,0,0,6,org.apache.lucene.analysis.TokenFilter,0.29,7,3,4,0,7,2,0,2,116,2
"org.apache.lucene.analysis.gl.GalicianStemmer",1,0.00,9.00,41,0.51,38559.53,8,7,2,2,2,44.84,13,40,1,2,74.22,0.00,0.50,1.00,0,0.00,9,1518.51,1,0,1,org.apache.lucene.analysis.pt.RSLPStemmerBase,0.00,1,1,9,0,1,1,0,4,280,1
"org.apache.lucene.analysis.gl.TestGalicianAnalyzer",3,0.00,1.00,14,0.15,2836.17,3,0,5,7,3,164.99,6,19,0,3,125.11,0.00,0.67,0.00,0,3.00,1,450.25,2,0,3,org.apache.lucene.analysis.BaseTokenStreamTestCase,0.00,4,2,3,0,4,3,0,5,103,1
"org.apache.lucene.analysis.gl.TestGalicianStemFilter",1,0.00,1.00,5,0.04,412.90,1,0,10,3,7,124.56,4,8,0,3,124.33,0.00,0.67,0.00,0,1.00,1,116.42,0,0,7,org.apache.lucene.analysis.BaseTokenStreamTestCase,0.00,2,2,1,0,2,1,0,2,31,1
"org.apache.lucene.analysis.gl.TestGalicianStemFilter$ReusableAnalyzerBase",1,0.00,1.00,5,0.06,1073.53,1,0,10,5,5,121.06,0,8,0,1,121.06,0.00,0.00,0.00,0,1.00,1,188.94,0,1,5,java.lang.Object,0.00,4,0,1,0,4,0,0,0,44,0
"org.apache.solr.servlet.CacheHeaderTest",9,0.44,1.33,128,1.82,74393.72,11,2,11,41,1,147.33,17,174,0,5,97.33,0.00,0.80,0.11,2,23.00,2,5462.13,5,2,1,org.apache.solr.servlet.CacheHeaderTestBase,0.00,32,4,12,0,32,7,0,15,1015,1
"org.apache.solr.servlet.CacheHeaderTestBase",10,0.00,2.10,52,0.71,28107.47,10,0,9,24,4,117.60,1,78,2,4,117.60,0.67,0.50,0.00,3,10.00,6,2120.56,1,3,2,org.apache.solr.client.solrj.SolrJettyTestBase,0.00,14,3,21,2,14,7,0,1,442,2
"org.apache.solr.servlet.DirectSolrConnection",5,0.12,3.00,51,0.76,37230.43,7,2,22,34,21,85.08,27,75,3,1,102.95,0.00,0.00,0.60,1,0.00,6,2286.16,0,3,18,java.lang.Object,0.00,29,0,15,0,29,2,0,7,429,1
"org.apache.solr.servlet.DirectSolrConnectionTest",5,0.50,1.60,30,0.34,10587.42,6,1,2,11,3,165.67,5,45,0,3,115.68,0.00,0.67,0.60,0,2.00,3,1020.22,1,2,3,org.apache.solr.util.AbstractSolrTestCase,0.26,6,2,8,0,6,3,0,5,215,1
"org.apache.solr.servlet.FileItemContentStream",2,0.00,1.00,10,0.08,946.18,3,1,30,7,12,123.86,0,15,1,2,123.86,0.00,0.50,1.00,0,0.00,1,241.60,0,1,11,org.apache.solr.common.util.ContentStreamBase,0.00,5,1,2,0,5,1,0,0,62,0
"org.apache.solr.servlet.HttpRequestContentStream",2,1.00,1.50,10,0.09,1543.69,3,1,30,6,12,172.09,2,15,1,2,122.10,0.00,0.50,0.50,0,2.00,2,284.88,0,1,11,org.apache.solr.common.util.ContentStreamBase,0.00,4,1,3,0,4,1,0,2,68,0
"org.apache.solr.servlet.LogLevelSelection",5,0.38,6.20,124,2.03,133596.50,7,2,10,41,0,84.47,20,178,0,2,84.24,0.00,0.50,0.20,2,11.00,12,6088.63,0,2,0,javax.servlet.http.HttpServlet,0.00,36,1,31,0,36,3,0,12,992,2
"org.apache.solr.servlet.LogLevelSelection$LogWrapper",6,0.07,2.83,31,0.37,11935.12,9,3,10,15,0,118.71,0,47,0,1,118.71,0.00,0.00,0.28,1,10.00,7,1106.25,0,1,0,java.lang.Object,0.00,9,0,17,0,9,5,1,0,254,2
"org.apache.solr.servlet.MultipartRequestParser",2,0.00,3.00,20,0.33,13725.31,3,1,30,21,16,103.47,8,33,3,1,103.23,0.00,0.00,1.00,0,0.00,5,993.40,0,1,14,java.lang.Object,0.00,19,0,6,0,19,1,1,8,175,0
"org.apache.solr.servlet.NoCacheHeaderTest",7,0.00,1.00,75,0.95,37930.59,7,0,6,16,1,144.18,15,109,0,5,104.29,0.00,0.80,0.00,3,12.00,1,2848.90,4,0,1,org.apache.solr.servlet.CacheHeaderTestBase,0.20,9,4,7,0,9,7,0,13,564,1
"org.apache.solr.servlet.RawRequestParser",1,0.00,1.00,4,0.06,1072.66,1,0,30,5,16,92.46,6,9,3,1,124.68,0.00,0.00,0.00,0,1.00,1,167.50,0,1,14,java.lang.Object,0.00,4,0,1,0,4,0,1,6,39,0
"org.apache.solr.servlet.SimpleRequestParser",1,0.00,1.00,3,0.03,513.01,1,0,30,2,13,131.86,0,8,1,1,131.86,0.00,0.00,0.00,0,1.00,1,100.82,0,1,12,java.lang.Object,0.00,1,0,1,0,1,0,1,0,26,0
"org.apache.solr.servlet.SolrDispatchFilter",11,0.01,4.45,179,2.99,235627.45,18,7,27,106,19,49.34,86,237,2,1,91.64,0.00,0.00,0.16,5,41.00,25,8980.89,0,2,17,java.lang.Object,0.00,95,0,49,0,95,9,1,51,1456,1
"org.apache.solr.servlet.SolrRequestParser",1,0.00,1.00,2,0.02,209.87,1,0,30,1,16,141.49,0,5,5,1,141.49,0.00,0.00,0.00,0,1.00,1,63.36,0,1,11,,0.00,0,0,1,0,0,0,0,0,18,0
"org.apache.solr.servlet.SolrRequestParserTest",6,0.40,1.67,86,1.59,78943.77,7,1,22,48,11,145.69,9,117,0,3,95.69,0.00,0.67,0.67,0,0.00,2,4761.05,1,0,11,org.apache.solr.SolrTestCaseJ4,0.00,42,2,10,0,42,6,0,9,817,1
"org.apache.solr.servlet.SolrRequestParsers",6,0.11,3.83,90,1.29,73840.33,15,9,30,38,20,115.23,20,122,6,1,94.61,0.00,0.00,0.20,1,10.00,13,3883.57,0,3,16,java.lang.Object,0.00,32,0,23,0,32,3,0,15,694,1
"org.apache.solr.servlet.SolrRequestParsers$SolrQueryRequestBase",0,0.00,0.00,1,0.01,23.26,0,0,30,0,0,171.00,0,0,0,1,171.00,0.00,0.00,0.00,0,0.00,0,15.51,0,0,0,java.lang.Object,0.00,0,0,0,0,0,0,0,0,6,0
"org.apache.solr.servlet.StandardRequestParser",2,0.00,4.00,22,0.33,13923.68,4,2,30,15,16,151.57,2,35,2,1,101.57,0.00,0.00,0.50,0,2.00,7,993.39,0,1,14,java.lang.Object,0.00,13,0,8,0,13,1,1,2,185,0
"org.apache.lucene.analysis.sv.SwedishAnalyzer",5,0.50,1.80,21,0.29,7141.30,7,2,17,16,15,75.46,42,31,1,4,123.56,0.00,0.75,0.10,0,8.00,3,866.52,0,2,14,org.apache.lucene.analysis.util.StopwordAnalyzerBase,0.00,11,3,9,0,11,3,0,8,192,2
"org.apache.lucene.analysis.sv.SwedishAnalyzer$DefaultSetHolder",0,0.00,0.00,6,0.05,843.89,1,1,17,0,2,171.00,2,11,0,1,171.00,0.00,0.00,0.00,0,0.00,0,162.56,0,0,2,java.lang.Object,0.00,0,0,0,0,0,0,0,2,40,2
"org.apache.lucene.analysis.sv.SwedishLightStemFilter",2,0.33,2.00,14,0.16,3794.18,5,3,6,9,8,113.74,9,20,2,4,113.50,0.00,0.75,0.50,0,2.00,3,481.98,0,0,6,org.apache.lucene.analysis.TokenFilter,0.29,7,3,4,0,7,2,0,1,107,2
"org.apache.lucene.analysis.sv.SwedishLightStemmer",1,0.00,8.00,10,0.42,31455.50,1,0,1,2,1,55.51,7,41,1,1,97.80,0.00,0.00,0.00,0,1.00,8,1250.96,0,0,0,java.lang.Object,0.00,1,0,8,0,1,1,0,1,221,1
"org.apache.lucene.analysis.sv.TestSwedishAnalyzer",3,0.00,1.00,14,0.15,2836.17,3,0,5,7,3,164.99,6,19,0,3,125.11,0.00,0.67,0.00,0,3.00,1,450.25,2,0,3,org.apache.lucene.analysis.BaseTokenStreamTestCase,0.00,4,2,3,0,4,3,0,5,103,1
"org.apache.lucene.analysis.sv.TestSwedishLightStemFilter",1,0.00,1.00,5,0.04,412.90,1,0,8,3,5,124.56,4,8,0,3,124.33,0.00,0.67,0.00,0,1.00,1,116.42,0,0,5,org.apache.lucene.analysis.BaseTokenStreamTestCase,0.00,2,2,1,0,2,1,0,2,31,1
"org.apache.lucene.analysis.sv.TestSwedishLightStemFilter$ReusableAnalyzerBase",1,0.00,1.00,4,0.05,771.22,1,0,8,4,3,125.81,0,7,0,1,125.81,0.00,0.00,0.00,0,1.00,1,141.98,0,1,3,java.lang.Object,0.00,3,0,1,0,3,0,0,0,35,0
"org.apache.lucene.queryParser.spans.SpanOrQueryNodeBuilder",1,0.00,2.00,10,0.13,4739.70,1,0,8,5,8,62.30,7,13,1,1,104.59,0.00,0.00,0.00,0,1.00,2,384.82,0,1,7,java.lang.Object,0.00,4,0,2,0,4,0,1,2,78,1
"org.apache.lucene.queryParser.spans.SpanTermQueryNodeBuilder",1,0.00,1.00,4,0.05,948.57,1,0,6,5,7,125.33,4,7,1,1,125.10,0.00,0.00,0.00,0,1.00,1,151.44,0,1,6,java.lang.Object,0.00,4,0,1,0,4,0,1,1,38,1
"org.apache.lucene.queryParser.spans.SpansQueryConfigHandler",2,0.00,1.00,5,0.03,289.23,2,0,2,3,5,163.37,7,9,2,3,142.76,0.00,0.67,0.00,0,2.00,1,93.81,0,1,3,org.apache.lucene.queryParser.core.config.QueryConfigHandler,0.00,1,2,2,0,1,1,0,2,29,1
"org.apache.lucene.queryParser.spans.SpansQueryTreeBuilder",2,0.00,1.00,6,0.06,908.13,2,0,7,4,11,114.41,10,11,2,2,132.28,0.00,0.50,0.00,0,2.00,1,187.45,2,1,9,org.apache.lucene.queryParser.core.builders.QueryTreeBuilder,0.00,2,1,2,0,2,1,1,1,51,1
"org.apache.lucene.queryParser.spans.SpansValidatorQueryNodeProcessor",3,0.00,1.33,9,0.13,4216.51,3,0,10,6,11,148.96,10,20,2,2,128.35,0.00,0.50,0.00,0,3.00,2,394.23,0,3,9,org.apache.lucene.queryParser.core.processors.QueryNodeProcessorImpl,0.00,3,1,4,0,3,0,0,1,92,1
"org.apache.lucene.queryParser.spans.TestSpanQueryParser",8,4.00,1.88,59,0.64,13798.51,12,4,12,26,16,65.74,70,89,0,2,113.84,0.00,0.50,0.00,1,8.00,8,1909.70,1,2,16,org.apache.lucene.util.LuceneTestCase,0.00,18,1,15,0,18,6,0,10,427,1
"org.apache.lucene.queryParser.spans.TestSpanQueryParserSimpleSample",1,0.00,3.00,17,0.25,6544.90,1,0,10,17,13,139.52,76,21,0,2,94.80,0.00,0.50,0.00,0,1.00,3,760.50,0,0,13,org.apache.lucene.util.LuceneTestCase,0.00,16,1,3,0,16,1,0,13,138,1
"org.apache.lucene.queryParser.spans.UniqueFieldAttribute",2,0.00,1.00,3,0.02,77.91,2,0,2,2,7,158.71,8,4,5,2,158.47,0.00,0.50,0.00,0,2.00,1,46.77,0,1,2,,0.00,0,1,2,0,0,1,0,1,18,1
"org.apache.lucene.queryParser.spans.UniqueFieldAttributeImpl",8,0.86,1.25,23,0.23,4685.15,9,1,2,13,4,187.92,8,43,1,2,137.93,0.00,0.50,0.25,2,16.00,2,681.70,0,2,3,org.apache.lucene.util.AttributeImpl,0.15,5,1,10,0,5,6,1,1,171,1
"org.apache.lucene.queryParser.spans.UniqueFieldQueryNodeProcessor",3,0.00,2.00,16,0.19,6712.62,3,0,6,8,8,139.00,10,30,2,2,118.39,0.00,0.50,0.00,0,3.00,4,583.71,1,3,6,org.apache.lucene.queryParser.core.processors.QueryNodeProcessorImpl,0.00,5,1,6,0,5,0,0,1,125,1
"org.apache.lucene.xmlparser.CoreParser",8,0.06,1.38,70,0.96,33614.43,13,5,9,38,30,108.94,32,103,3,1,108.71,0.00,0.00,0.15,2,16.00,3,2880.03,0,3,27,java.lang.Object,0.00,30,0,11,1,30,5,1,5,531,1
"org.apache.lucene.xmlparser.CorePlusExtensionsParser",3,0.00,1.00,14,0.18,3227.64,3,0,8,11,12,76.19,30,22,3,2,124.67,0.00,0.50,0.00,0,4.00,1,531.06,0,0,9,org.apache.lucene.xmlparser.CoreParser,0.00,8,1,3,0,8,3,0,4,117,1
"org.apache.lucene.xmlparser.DOMUtils",17,0.00,2.53,115,1.35,47777.25,17,0,7,43,25,154.49,38,205,24,1,114.60,0.00,0.00,0.00,5,17.00,6,4063.88,0,13,1,java.lang.Object,0.00,26,0,43,0,26,4,0,12,873,1
"org.apache.lucene.xmlparser.FilterBuilder",1,0.00,1.00,2,0.01,69.06,1,0,2,1,11,171.57,19,3,9,1,145.29,0.00,0.00,0.00,0,1.00,1,36.53,0,1,2,,0.00,0,0,1,0,0,0,0,2,13,1
"org.apache.lucene.xmlparser.FilterBuilderFactory",3,0.00,1.33,11,0.14,3433.29,4,1,3,9,6,96.83,19,19,3,1,129.05,0.00,0.00,1.00,0,0.00,2,408.23,0,2,3,java.lang.Object,0.00,6,0,4,0,6,1,1,2,98,1
"org.apache.lucene.xmlparser.ParserException",4,0.00,1.00,9,0.05,332.37,4,0,0,4,37,96.55,32,14,37,2,144.65,0.00,0.50,0.00,0,4.00,1,136.79,0,0,0,java.lang.Exception,0.00,0,1,4,0,0,4,0,6,46,1
"org.apache.lucene.xmlparser.QueryBuilder",1,0.00,1.00,2,0.01,69.06,1,0,2,1,17,178.67,20,3,15,1,145.29,0.00,0.00,0.00,0,1.00,1,36.53,0,1,2,,0.00,0,0,1,0,0,0,0,2,13,1
"org.apache.lucene.xmlparser.QueryBuilderFactory",3,0.00,1.33,11,0.14,3433.29,4,1,3,9,5,96.83,19,19,2,1,129.05,0.00,0.00,1.00,0,0.00,2,408.23,0,1,3,java.lang.Object,0.00,6,0,4,0,6,2,1,2,98,1
"org.apache.lucene.xmlparser.QueryTemplateManager",16,0.08,1.12,71,1.05,22894.25,20,4,21,42,3,144.28,48,111,2,1,123.67,0.00,0.00,0.17,4,106.00,3,3158.19,0,9,1,java.lang.Object,0.00,26,0,18,0,26,7,0,11,648,1
"org.apache.lucene.xmlparser.TestParser",24,0.12,1.21,120,1.58,37636.77,28,4,21,56,19,119.72,20,175,1,2,119.72,0.00,0.50,0.14,2,122.00,4,4743.97,0,1,18,org.apache.lucene.util.LuceneTestCase,0.00,32,1,29,0,32,23,0,5,950,1
"org.apache.lucene.xmlparser.TestQueryTemplateManager",5,0.21,2.40,60,0.94,28197.25,11,6,17,39,13,58.71,39,92,0,2,101.00,0.00,0.50,0.33,2,2.00,3,2816.13,2,2,13,org.apache.lucene.util.LuceneTestCase,0.00,34,1,12,0,34,3,0,19,519,1
"org.apache.solr.handler.clustering.AbstractClusteringTestCase",1,1.00,2.00,11,0.46,9399.35,3,2,2,4,3,121.32,3,105,2,3,100.71,1.00,0.40,0.50,0,0.00,2,1365.89,3,0,1,org.apache.solr.SolrTestCaseJ4,0.00,3,2,2,2,3,1,0,1,217,2
"org.apache.solr.handler.clustering.ClusteringComponent",13,0.00,3.46,134,2.20,130266.94,18,5,21,57,19,141.79,34,179,3,2,101.91,0.00,0.50,0.20,2,46.00,15,6596.47,1,7,16,org.apache.solr.handler.component.SearchComponent,0.29,44,1,45,0,44,6,1,16,1147,1
"org.apache.solr.handler.clustering.ClusteringComponentTest",1,0.00,1.00,33,0.50,17580.54,1,0,12,15,14,48.71,6,36,0,4,80.93,0.00,0.75,0.00,0,0.00,1,1491.90,0,0,14,org.apache.solr.handler.clustering.AbstractClusteringTestCase,0.00,14,3,1,0,14,1,0,3,253,1
"org.apache.solr.handler.clustering.ClusteringEngine",2,0.33,1.00,9,0.07,1013.17,5,3,2,3,5,167.13,4,12,3,1,127.24,0.00,0.00,0.50,0,0.00,1,217.49,0,2,2,java.lang.Object,0.00,1,0,2,3,1,0,0,1,57,1
"org.apache.solr.handler.clustering.ClusteringParams",0,0.00,0.00,6,0.08,1642.33,5,5,0,0,3,171.00,23,7,3,1,171.00,0.00,0.00,0.00,0,0.00,0,246.35,0,0,0,,0.00,0,0,0,0,0,0,0,3,57,1
"org.apache.solr.handler.clustering.DistributedClusteringComponentTest",2,0.00,1.50,14,0.20,5006.05,2,0,2,6,4,152.51,4,24,0,4,112.62,0.00,0.75,0.00,0,2.00,2,610.56,5,1,4,org.apache.solr.BaseDistributedSearchTestCase,0.09,4,3,3,0,4,1,0,4,116,1
"org.apache.solr.handler.clustering.DocumentClusteringEngine",2,0.00,1.00,3,0.03,163.57,2,0,3,2,6,107.46,20,4,2,2,155.94,1.00,0.33,0.00,0,2.00,1,76.87,0,2,4,org.apache.solr.handler.clustering.ClusteringEngine,0.00,0,1,2,1,0,0,0,3,25,2
"org.apache.solr.handler.clustering.MockDocumentClusteringEngine",2,0.00,1.00,7,0.06,1066.67,2,0,3,3,4,171.61,4,12,0,3,131.73,0.00,0.67,0.00,0,2.00,1,179.66,0,2,4,org.apache.solr.handler.clustering.DocumentClusteringEngine,0.00,1,2,2,0,1,0,0,1,48,1
"org.apache.solr.handler.clustering.SearchClusteringEngine",4,0.00,1.00,7,0.12,1437.61,4,0,9,6,8,171.49,12,14,1,2,150.88,0.00,0.50,0.00,0,4.00,1,346.64,0,4,7,org.apache.solr.handler.clustering.ClusteringEngine,0.00,2,1,4,0,2,0,0,3,85,2
"org.apache.lucene.search.regex.JakartaRegexpCapabilities",5,0.10,1.80,32,0.33,7805.70,10,5,7,7,6,116.93,24,44,3,1,116.69,0.00,0.00,0.12,0,2.00,5,979.48,0,1,3,java.lang.Object,0.00,2,0,9,0,2,4,1,7,226,1
"org.apache.lucene.search.regex.JakartaRegexpCapabilities$JakartaRegexMatcher",3,0.25,2.33,21,0.24,10092.28,5,2,7,10,2,111.51,1,29,0,1,111.51,0.00,0.00,0.67,0,0.00,5,729.29,0,1,2,java.lang.Object,0.00,7,0,7,0,7,2,1,1,161,0
"org.apache.lucene.search.regex.JakartaRegexpCapabilities$JakartaRegexMatcher$CharacterIterator",4,0.00,1.00,9,0.08,1212.77,4,0,7,5,0,140.23,0,13,0,1,140.23,0.00,0.00,0.00,1,4.00,1,247.43,0,2,0,java.lang.Object,0.00,1,0,4,0,1,2,0,0,68,0
"org.apache.lucene.search.regex.JavaUtilRegexCapabilities",5,0.06,1.80,29,0.36,9086.92,14,9,4,7,6,101.25,26,36,3,1,119.12,0.00,0.00,0.07,0,2.00,5,1074.47,0,1,3,java.lang.Object,0.00,2,0,9,0,2,4,1,5,234,1
"org.apache.lucene.search.regex.JavaUtilRegexCapabilities$JavaUtilRegexMatcher",3,0.17,1.00,14,0.16,2360.05,6,3,4,10,2,125.74,0,19,0,1,125.74,0.00,0.00,0.22,0,4.00,1,478.61,0,1,2,java.lang.Object,0.00,7,0,3,0,7,2,1,0,114,0
"org.apache.lucene.search.regex.JavaUtilRegexCapabilities$JavaUtilRegexMatcher$CharSequence",3,0.00,1.00,7,0.06,854.34,3,0,4,4,0,140.44,0,10,0,1,140.44,0.00,0.00,0.00,0,3.00,1,175.51,0,1,0,java.lang.Object,0.00,1,0,3,0,1,2,0,0,49,0
"org.apache.lucene.search.regex.RegexCapabilities",1,0.00,1.00,3,0.01,57.34,1,0,1,1,7,187.18,27,4,6,1,139.35,0.00,0.00,0.00,0,1.00,1,38.23,0,0,1,,0.00,0,0,1,0,0,1,0,3,15,1
"org.apache.lucene.search.regex.RegexCapabilities$RegexMatcher",2,0.00,1.00,3,0.01,58.89,2,0,1,2,1,141.56,11,4,0,1,159.43,0.00,0.00,0.00,0,2.00,1,39.26,0,1,1,,0.00,0,0,2,0,0,1,0,2,16,1
"org.apache.lucene.search.regex.RegexQuery",8,0.07,2.50,40,0.51,20970.93,10,2,7,23,14,167.80,15,52,4,3,117.80,0.00,0.67,0.56,0,0.00,10,1515.51,3,4,10,org.apache.lucene.search.MultiTermQuery,0.10,15,2,20,0,15,4,1,4,339,1
"org.apache.lucene.search.regex.RegexQueryCapable",2,0.00,1.00,3,0.01,38.51,2,0,0,2,2,110.89,19,4,1,1,160.88,0.00,0.00,0.00,0,2.00,1,33.51,0,0,1,,0.00,0,0,2,0,0,2,0,2,15,1
"org.apache.lucene.search.regex.RegexTermsEnum",2,1.00,2.50,15,0.18,4096.32,4,2,5,8,6,95.32,10,20,1,3,113.19,0.00,0.67,1.00,0,0.00,3,549.86,1,1,5,org.apache.lucene.search.FilteredTermsEnum,0.00,6,2,5,0,6,1,0,3,119,1
"org.apache.lucene.search.regex.TestJakartaRegexpCapabilities",2,0.00,1.00,15,0.19,3415.36,2,0,2,10,2,153.91,4,18,0,2,114.02,0.00,0.50,0.00,0,2.00,1,567.10,0,0,2,org.apache.lucene.util.LuceneTestCase,0.00,8,1,2,0,8,2,0,2,127,1
"org.apache.lucene.search.regex.TestRegexQuery",16,0.07,1.06,59,0.75,13424.43,20,4,15,43,18,130.16,2,76,0,2,130.16,0.00,0.50,0.19,1,52.00,2,2250.83,2,1,18,org.apache.lucene.util.LuceneTestCase,0.00,27,1,17,0,27,15,0,2,506,1
"org.apache.lucene.search.regex.TestSpanRegexQuery",4,0.33,1.00,42,0.63,15841.48,6,2,15,23,13,145.25,10,57,0,2,105.37,0.00,0.50,0.75,0,0.00,1,1903.46,2,0,13,org.apache.lucene.util.LuceneTestCase,0.00,19,1,4,0,19,4,0,10,362,1
"org.apache.solr.schema.AbstractSubTypeFieldType",7,0.10,1.57,48,0.61,18626.43,14,7,7,22,11,135.51,24,61,2,3,114.90,1.50,0.33,0.22,1,12.00,3,1838.02,0,4,9,org.apache.solr.schema.FieldType,0.00,15,2,11,3,15,3,1,7,373,2
"org.apache.solr.schema.BCDIntField",8,0.00,1.00,16,0.20,2611.43,8,0,8,14,11,139.98,5,33,2,3,139.98,1.00,0.40,0.00,2,8.00,1,591.74,1,6,9,org.apache.solr.schema.FieldType,0.00,6,2,8,2,6,2,0,3,154,1
"org.apache.solr.schema.BCDLongField",1,0.00,1.00,3,0.03,392.72,1,0,1,2,2,153.39,3,6,0,4,132.77,0.00,0.75,0.00,0,1.00,1,87.85,1,1,2,org.apache.solr.schema.BCDIntField,0.00,1,3,1,0,1,0,0,1,25,1
"org.apache.solr.schema.BCDStrField",1,0.00,1.00,3,0.02,246.12,1,0,1,1,2,92.08,7,6,0,4,134.37,0.00,0.75,0.00,0,1.00,1,69.28,1,1,2,org.apache.solr.schema.BCDIntField,0.00,0,3,1,0,0,0,0,2,21,1
"org.apache.solr.schema.BadIndexSchemaTest",4,0.00,1.50,15,0.19,5096.58,4,0,5,9,3,128.66,2,29,0,3,128.66,0.00,0.67,0.00,1,4.00,3,557.29,2,0,3,org.apache.solr.SolrTestCaseJ4,0.00,5,2,6,0,5,4,0,2,122,1
"org.apache.solr.schema.BinaryField",6,0.00,1.67,34,0.49,21071.96,6,0,7,24,8,116.89,1,47,1,3,116.89,0.00,0.67,0.00,2,10.00,5,1480.18,0,5,7,org.apache.solr.schema.FieldType,0.06,18,2,10,0,18,1,0,1,298,1
"org.apache.solr.schema.BoolField",12,2.00,1.33,34,0.48,10335.51,14,2,15,22,14,136.59,7,61,0,3,136.59,0.00,0.67,0.00,2,12.00,3,1445.29,1,9,14,org.apache.solr.schema.FieldType,0.16,10,2,16,0,10,3,0,5,334,1
"org.apache.solr.schema.BoolField$SolrAnalyzer",1,0.00,1.00,4,0.03,555.18,1,0,15,3,1,126.93,0,6,0,1,126.93,0.00,0.00,0.00,0,1.00,1,102.01,0,0,1,java.lang.Object,0.00,2,0,1,0,2,1,0,0,27,0
"org.apache.solr.schema.BoolField$SolrAnalyzer$Tokenizer",2,0.50,2.50,14,0.17,4586.86,4,2,15,5,1,112.80,0,20,0,1,112.80,0.00,0.00,0.75,0,0.00,4,524.31,1,0,1,java.lang.Object,0.00,3,0,5,0,3,2,0,0,111,0
"org.apache.solr.schema.ByteField",5,0.00,1.40,19,0.27,5914.41,5,0,10,16,11,168.81,11,33,0,3,128.93,0.00,0.67,0.00,0,8.00,3,795.90,2,3,11,org.apache.solr.schema.FieldType,0.06,11,2,7,0,11,2,0,9,175,1
"org.apache.solr.schema.CoordinateFieldType",1,2.00,1.00,6,0.05,767.99,4,3,0,1,2,158.55,21,8,1,4,119.25,0.33,0.60,0.33,0,0.00,1,151.44,0,0,1,org.apache.solr.schema.AbstractSubTypeFieldType,0.00,0,3,1,1,0,1,0,3,38,2
"org.apache.solr.schema.CopyField",6,0.00,1.50,23,0.22,6182.25,10,4,0,9,6,150.00,20,36,5,1,129.38,0.00,0.00,0.25,0,18.00,3,650.67,0,1,1,java.lang.Object,0.00,3,0,9,0,3,5,0,5,159,1
"org.apache.solr.schema.CopyFieldTest",7,0.00,2.00,67,1.05,41148.31,7,0,10,23,9,105.56,6,117,0,3,105.56,0.00,0.67,0.00,0,12.00,5,3146.60,5,0,9,org.apache.solr.SolrTestCaseJ4,0.00,16,2,14,0,16,7,0,1,630,1
"org.apache.solr.schema.CustomSimilarityFactory",1,0.00,1.00,3,0.03,352.50,1,0,1,3,3,133.14,0,6,0,2,133.14,0.00,0.50,0.00,0,0.00,1,85.83,0,1,3,org.apache.solr.schema.SimilarityFactory,0.50,2,1,1,0,2,0,0,0,24,1
"org.apache.solr.schema.DateField",20,0.03,1.80,92,1.44,62768.72,28,8,18,47,29,103.00,114,154,12,3,120.87,0.50,0.50,0.09,7,118.00,7,4320.62,1,17,17,org.apache.solr.schema.FieldType,0.05,27,2,36,1,27,3,0,25,870,1
"org.apache.solr.schema.DateField$DateFieldSource",5,0.50,1.00,14,0.14,2177.67,7,2,18,7,3,138.99,1,25,0,3,138.99,0.00,0.67,0.10,0,11.00,1,423.53,2,2,3,org.apache.solr.search.function.FieldCacheSource,0.33,2,2,5,0,2,3,0,1,110,0
"org.apache.solr.schema.DateField$DateFieldSource$StringIndexDocValues",7,0.00,1.14,23,0.24,5054.59,7,0,18,13,1,130.66,1,38,0,1,130.66,0.00,0.00,0.00,1,13.00,2,733.71,0,3,1,java.lang.Object,0.00,6,0,8,0,6,4,0,1,179,0
"org.apache.solr.schema.DateField$ISO8601CanonicalDateFormat",4,0.33,2.00,32,0.53,20730.91,6,2,18,24,0,157.90,5,54,0,2,107.90,0.00,0.50,0.25,0,8.00,3,1582.68,3,3,0,java.text.SimpleDateFormat,0.00,20,1,8,0,20,1,0,5,310,2
"org.apache.solr.schema.DateField$ThreadLocalDateFormat",2,0.00,1.00,7,0.05,679.49,3,1,18,3,0,133.27,0,12,0,2,133.27,0.00,0.50,1.00,0,0.00,1,154.32,0,1,0,java.lang.ThreadLocal,0.00,1,1,2,0,1,1,0,0,44,2
"org.apache.solr.schema.DateFieldTest",10,0.07,1.00,57,0.61,9012.04,13,3,6,21,2,121.66,6,69,0,2,121.66,0.00,0.50,0.27,3,0.00,1,1820.10,1,0,2,org.apache.lucene.util.LuceneTestCase,0.00,11,1,10,0,11,10,0,6,410,1
"org.apache.solr.schema.Deprecated",9,0.00,1.00,19,0.26,3601.40,9,0,17,17,17,139.28,6,38,0,3,139.28,0.00,0.67,0.00,1,9.00,1,765.01,1,6,17,org.apache.solr.schema.FieldType,0.00,8,2,9,0,8,3,0,2,194,1
"org.apache.solr.schema.DoubleField",5,0.00,1.40,19,0.27,5914.41,5,0,10,16,11,168.81,12,33,0,3,128.93,0.00,0.67,0.00,0,8.00,3,795.90,2,3,11,org.apache.solr.schema.FieldType,0.00,11,2,7,0,11,2,0,10,175,1
"org.apache.solr.schema.ExternalFileField",4,0.17,2.00,23,0.36,13399.11,8,4,9,13,10,84.79,27,34,0,3,117.01,0.00,0.67,0.38,0,4.00,4,1069.93,2,2,10,org.apache.solr.schema.FieldType,0.06,9,2,8,0,9,2,0,2,212,1
"org.apache.solr.schema.FieldProperties",6,0.05,2.17,53,0.68,19752.68,21,15,2,15,2,159.44,8,68,2,1,109.44,0.00,0.00,0.02,1,10.00,4,2036.94,0,2,0,java.lang.Object,0.00,9,0,13,31,9,4,0,6,400,1
"org.apache.solr.schema.FieldType",37,0.05,1.68,141,2.13,72984.98,46,9,27,82,87,109.26,198,215,65,2,127.14,29.00,0.03,0.06,9,341.00,9,6381.18,0,24,24,org.apache.solr.schema.FieldProperties,0.00,45,1,62,29,45,13,0,52,1329,2
"org.apache.solr.schema.FieldType$DefaultAnalyzer",2,1.00,1.00,7,0.06,793.53,3,1,27,4,2,132.74,0,11,0,3,132.74,0.00,0.67,0.00,0,2.00,1,168.74,0,0,2,org.apache.solr.analysis.SolrAnalyzer,0.00,2,2,2,0,2,2,0,0,46,2
"org.apache.solr.schema.FieldType$DefaultAnalyzer$Tokenizer",1,0.00,2.00,12,0.17,4065.09,4,3,27,9,2,102.16,0,14,0,1,102.16,0.00,0.00,1.00,0,0.00,2,505.08,0,0,2,java.lang.Object,0.00,8,0,2,0,8,1,0,0,105,0
"org.apache.solr.schema.FloatField",5,0.00,1.40,19,0.27,5914.41,5,0,10,16,11,168.81,10,33,0,3,128.93,0.00,0.67,0.00,0,8.00,3,795.90,2,3,11,org.apache.solr.schema.FieldType,0.06,11,2,7,0,11,2,0,8,175,1
"org.apache.solr.schema.GeoHashField",6,0.00,1.33,23,0.42,9738.29,6,0,16,19,19,167.74,13,41,0,3,127.86,0.00,0.67,0.00,1,6.00,2,1261.04,1,5,19,org.apache.solr.schema.FieldType,0.00,13,2,8,0,13,1,1,7,260,1
"org.apache.solr.schema.IndexSchema",45,0.01,2.89,416,6.97,483051.48,69,24,33,173,101,71.20,277,522,77,1,103.42,0.00,0.00,0.05,14,1298.00,29,20903.00,0,30,27,java.lang.Object,0.00,128,0,130,0,128,15,0,88,3386,2
"org.apache.solr.schema.IndexSchema$AbstractPluginLoader<CharFilterFactory>",2,0.00,2.00,9,0.16,4139.72,2,0,33,9,2,172.27,2,15,0,1,122.27,0.00,0.00,0.00,0,2.00,3,465.47,0,1,2,java.lang.Object,0.00,7,0,4,0,7,1,0,2,97,0
"org.apache.solr.schema.IndexSchema$AbstractPluginLoader<FieldType>",3,0.00,2.33,24,0.37,13850.02,3,0,33,13,5,108.26,1,33,0,1,108.26,0.00,0.00,0.00,0,4.00,5,1119.82,0,2,5,java.lang.Object,0.00,10,0,7,0,10,1,0,1,219,0
"org.apache.solr.schema.IndexSchema$AbstractPluginLoader<TokenFilterFactory>",2,0.00,2.00,9,0.16,4139.72,2,0,33,9,2,172.27,2,15,0,1,122.27,0.00,0.00,0.00,0,2.00,3,465.47,0,1,2,java.lang.Object,0.00,7,0,4,0,7,1,0,2,97,0
"org.apache.solr.schema.IndexSchema$AbstractPluginLoader<TokenizerFactory>",2,0.00,2.00,10,0.19,5825.67,2,0,33,11,3,167.49,2,17,0,1,117.49,0.00,0.00,0.00,0,2.00,3,562.17,0,1,3,java.lang.Object,0.00,9,0,4,0,9,1,0,2,112,0
"org.apache.solr.schema.IndexSchema$DynamicCopy",4,0.33,1.00,13,0.10,1040.43,6,2,33,5,2,134.18,0,19,0,2,134.18,0.00,0.50,0.25,0,4.00,1,287.97,0,2,2,org.apache.solr.schema.DynamicReplacement,0.00,1,1,4,0,1,2,0,0,80,1
"org.apache.solr.schema.IndexSchema$DynamicDestCopy",4,0.11,2.00,24,0.32,8313.37,7,3,33,12,2,115.69,0,37,0,2,115.69,0.00,0.50,0.42,0,4.00,3,946.91,0,2,2,org.apache.solr.schema.DynamicCopy,0.00,8,1,8,0,8,2,0,0,202,1
"org.apache.solr.schema.IndexSchema$DynamicField",3,0.50,1.00,9,0.06,745.54,4,1,33,5,1,184.34,5,14,0,2,134.34,0.00,0.50,0.67,0,1.00,1,190.29,0,2,1,org.apache.solr.schema.DynamicReplacement,0.00,2,1,3,0,2,1,0,5,56,2
"org.apache.solr.schema.IndexSchema$DynamicReplacement",3,0.60,2.33,20,0.25,5901.89,8,5,33,8,0,155.73,7,29,0,1,115.84,0.00,0.00,0.60,0,2.00,3,754.56,0,0,0,java.lang.Object,0.00,5,0,7,0,5,3,1,1,168,2
"org.apache.solr.schema.IndexSchema$SimilarityFactory",1,0.00,1.00,3,0.02,222.80,1,0,33,2,2,134.71,0,5,0,1,134.71,0.00,0.00,0.00,0,1.00,1,58.19,0,1,2,java.lang.Object,0.00,1,0,1,0,1,0,0,0,18,0
"org.apache.solr.schema.IndexSchema$SimilarityFactory_0",1,0.00,1.00,3,0.02,206.33,1,0,33,1,1,134.98,0,5,0,1,134.98,0.00,0.00,0.00,0,1.00,1,51.19,0,1,1,java.lang.Object,0.00,0,0,1,0,0,0,0,0,17,0
"org.apache.solr.schema.IndexSchema$SolrIndexAnalyzer",6,0.80,1.33,20,0.25,6035.43,7,1,33,15,2,129.49,0,32,0,2,129.49,0.00,0.50,0.33,1,10.00,2,742.50,0,4,2,org.apache.lucene.analysis.Analyzer,0.00,9,1,8,0,9,2,0,0,178,1
"org.apache.solr.schema.IndexSchema$SolrQueryAnalyzer",2,0.00,2.00,11,0.15,4898.30,2,0,33,8,1,118.08,0,17,0,2,118.08,0.00,0.50,0.00,0,2.00,2,460.73,0,2,1,org.apache.solr.schema.SolrIndexAnalyzer,0.00,6,1,4,0,6,0,0,0,101,1
"org.apache.solr.schema.IndexSchemaTest",6,0.00,1.00,55,0.81,20924.65,6,0,12,30,11,157.51,11,85,0,3,107.51,0.00,0.67,0.00,0,0.00,1,2432.08,6,0,11,org.apache.solr.SolrTestCaseJ4,0.00,24,2,6,0,24,6,0,7,460,1
"org.apache.solr.schema.IntField",5,0.00,1.40,19,0.27,5914.41,5,0,10,16,11,168.81,10,33,0,3,128.93,0.00,0.67,0.00,0,8.00,3,795.90,2,3,11,org.apache.solr.schema.FieldType,0.06,11,2,7,0,11,2,0,8,175,1
"org.apache.solr.schema.LatLonType",10,0.33,2.70,137,2.68,264997.09,12,2,20,36,22,115.00,30,179,0,4,94.39,0.00,0.75,0.20,0,22.00,8,8035.49,3,7,22,org.apache.solr.schema.AbstractSubTypeFieldType,0.13,26,3,27,0,26,3,1,28,1319,1
"org.apache.solr.schema.LatLonValueSource",3,1.00,1.00,9,0.08,1086.65,4,1,20,4,15,133.05,0,15,1,4,133.05,0.00,0.75,0.33,1,4.00,1,241.08,0,2,14,org.apache.solr.search.function.VectorValueSource,0.38,1,3,3,0,1,1,0,0,64,0
"org.apache.solr.schema.LongField",5,0.00,1.40,19,0.27,5914.41,5,0,10,16,11,168.81,11,33,0,3,128.93,0.00,0.67,0.00,0,8.00,3,795.90,2,3,11,org.apache.solr.schema.FieldType,0.00,11,2,7,0,11,2,0,9,175,1
"org.apache.solr.schema.MockConfigurableSimilarity",2,1.00,1.00,6,0.03,349.01,3,1,1,2,3,135.55,0,9,2,3,135.55,0.00,0.67,0.50,0,2.00,1,100.40,0,1,1,org.apache.lucene.search.DefaultSimilarity,0.00,0,2,2,0,0,1,0,0,31,1
"org.apache.solr.schema.NotRequiredUniqueKeyTest",2,0.00,1.00,9,0.10,1407.45,2,0,5,9,4,146.73,6,15,0,3,126.12,0.00,0.67,0.00,0,2.00,1,305.68,1,0,4,org.apache.solr.SolrTestCaseJ4,0.00,7,2,2,0,7,2,0,1,72,1
"org.apache.solr.schema.NumericFieldsTest",3,1.00,2.33,36,0.66,28936.03,4,1,4,5,2,149.17,5,92,0,3,99.17,0.00,0.67,0.00,1,3.00,4,1974.83,6,1,2,org.apache.solr.SolrTestCaseJ4,0.00,2,2,7,0,2,2,0,5,356,1
"org.apache.solr.schema.PointType",10,0.00,2.50,96,1.61,87822.92,10,0,20,34,22,144.02,29,121,1,5,104.14,0.00,0.80,0.00,0,0.00,7,4825.24,3,7,21,org.apache.solr.schema.CoordinateFieldType,0.08,24,4,25,0,24,3,1,15,871,1
"org.apache.solr.schema.PointTypeValueSource",3,1.00,1.00,9,0.08,1086.65,4,1,20,4,18,133.05,0,15,1,4,133.05,0.00,0.75,0.33,1,4.00,1,241.08,0,2,17,org.apache.solr.search.function.VectorValueSource,0.38,1,3,3,0,1,1,0,0,64,0
"org.apache.solr.schema.PolyFieldTest",5,0.00,2.00,98,1.57,80038.52,5,0,10,30,12,110.65,16,123,0,3,90.03,0.00,0.67,0.00,0,2.00,3,4723.04,10,0,12,org.apache.solr.SolrTestCaseJ4,0.00,25,2,10,0,25,5,0,12,789,1
"org.apache.solr.schema.RandomSortField",5,0.00,1.00,20,0.28,9109.42,5,0,11,12,11,74.76,41,29,0,3,122.87,0.00,0.67,0.00,0,5.00,1,843.39,0,2,11,org.apache.solr.schema.FieldType,0.06,7,2,5,0,7,3,0,8,195,1
"org.apache.solr.schema.RandomSortField$FieldComparatorSource",1,0.00,1.00,3,0.03,453.78,1,0,11,2,1,132.28,0,5,0,1,132.28,0.00,0.00,0.00,0,1.00,1,101.45,0,1,1,java.lang.Object,0.00,1,0,1,0,1,0,0,0,26,0
"org.apache.solr.schema.RandomSortField$FieldComparatorSource$FieldComparator",6,0.20,1.00,17,0.19,3357.64,9,3,11,6,0,138.13,1,29,0,1,138.13,0.00,0.00,0.50,0,0.00,1,571.09,0,2,0,java.lang.Object,0.00,0,0,6,0,0,4,0,1,144,0
"org.apache.solr.schema.RandomSortField$RandomValueSource",5,0.75,1.20,14,0.13,2692.53,6,1,11,7,2,138.22,0,24,0,2,138.22,0.00,0.50,0.40,1,7.00,2,404.72,0,2,2,org.apache.solr.search.function.ValueSource,0.31,2,1,6,0,2,3,0,0,105,1
"org.apache.solr.schema.RandomSortField$RandomValueSource$DocValues",6,0.20,1.00,14,0.17,2371.13,7,1,11,9,0,139.32,0,26,0,1,139.32,0.00,0.00,0.83,0,0.00,1,499.41,0,2,0,java.lang.Object,0.00,3,0,6,0,3,4,0,0,130,0
"org.apache.solr.schema.RequiredFieldsTest",4,0.00,1.00,44,0.88,20276.58,4,0,6,19,4,85.11,23,72,0,3,102.98,0.00,0.67,0.00,0,4.00,1,2631.55,8,0,4,org.apache.solr.SolrTestCaseJ4,0.00,15,2,4,0,15,4,0,21,468,1
"org.apache.solr.schema.SchemaAware",1,0.00,1.00,2,0.01,41.48,1,0,0,1,3,167.18,33,3,3,1,147.03,0.00,0.00,0.00,0,1.00,1,27.65,0,0,1,,0.00,0,0,1,0,0,1,0,3,11,1
"org.apache.solr.schema.SchemaField",32,0.01,1.41,104,1.16,43112.66,37,5,8,45,102,178.48,51,129,96,2,128.48,0.00,0.50,0.19,1,314.00,9,3493.93,2,8,7,org.apache.solr.schema.FieldProperties,0.00,13,1,45,0,13,24,0,17,801,2
"org.apache.solr.schema.ShortField",5,0.00,1.40,19,0.27,5914.41,5,0,10,16,11,168.81,12,33,0,3,128.93,0.00,0.67,0.00,0,8.00,3,795.90,2,3,11,org.apache.solr.schema.FieldType,0.06,11,2,7,0,11,2,0,9,175,1
"org.apache.solr.schema.SimilarityFactory",3,1.00,1.00,7,0.04,375.00,4,1,2,3,4,143.26,0,6,2,1,143.26,0.00,0.00,0.33,0,4.00,1,116.18,0,2,2,java.lang.Object,0.00,0,0,3,1,0,1,0,0,37,2
"org.apache.solr.schema.SortableDoubleFieldSource",6,0.20,1.00,19,0.22,4466.45,8,2,17,9,15,130.59,1,32,2,3,130.59,0.00,0.67,0.33,0,10.00,1,665.69,2,2,13,org.apache.solr.search.function.FieldCacheSource,0.32,3,2,6,0,3,4,0,1,162,0
"org.apache.solr.schema.SortableDoubleFieldSource$StringIndexDocValues",8,1.00,1.12,19,0.22,3596.66,9,1,17,16,2,138.85,0,35,0,1,138.85,0.00,0.00,0.12,1,14.00,2,662.40,0,4,2,java.lang.Object,0.00,8,0,9,0,8,4,0,0,171,0
"org.apache.solr.schema.SortableDoubleFieldSource$StringIndexDocValues$ValueFiller",2,0.00,1.50,12,0.12,2655.21,3,1,17,6,3,117.29,0,17,0,1,117.29,0.00,0.00,1.00,0,0.00,2,374.53,0,1,3,java.lang.Object,0.00,4,0,3,0,4,1,0,0,85,0
"org.apache.solr.schema.SortableFloatFieldSource",6,0.20,1.00,17,0.19,3232.57,8,2,17,9,15,138.26,0,30,2,3,138.26,0.00,0.67,0.33,0,10.00,1,563.18,2,2,13,org.apache.solr.search.function.FieldCacheSource,0.32,3,2,6,0,3,4,0,0,142,0
"org.apache.solr.schema.SortableFloatFieldSource$StringIndexDocValues",8,1.00,1.12,19,0.22,3596.66,9,1,17,16,2,138.85,0,35,0,1,138.85,0.00,0.00,0.12,1,14.00,2,662.40,0,4,2,java.lang.Object,0.00,8,0,9,0,8,4,0,0,171,0
"org.apache.solr.schema.SortableFloatFieldSource$StringIndexDocValues$ValueFiller",2,0.00,1.50,12,0.12,2655.21,3,1,17,6,3,117.29,0,17,0,1,117.29,0.00,0.00,1.00,0,0.00,2,374.53,0,1,3,java.lang.Object,0.00,4,0,3,0,4,1,0,0,85,0
"org.apache.solr.schema.SortableIntFieldSource",6,0.20,1.00,17,0.18,3234.51,8,2,17,8,14,138.26,0,30,1,3,138.26,0.00,0.67,0.33,0,10.00,1,541.50,2,2,13,org.apache.solr.search.function.FieldCacheSource,0.32,2,2,6,0,2,4,0,0,138,0
"org.apache.solr.schema.SortableIntFieldSource$StringIndexDocValues",8,1.00,1.12,19,0.22,3768.61,9,1,17,16,2,138.69,0,35,0,1,138.69,0.00,0.00,0.12,1,14.00,2,673.83,0,4,2,java.lang.Object,0.00,8,0,9,0,8,4,0,0,173,0
"org.apache.solr.schema.SortableIntFieldSource$StringIndexDocValues$ValueFiller",2,0.00,1.50,12,0.13,2787.88,3,1,17,6,3,117.12,0,17,0,1,117.12,0.00,0.00,1.00,0,0.00,2,387.28,0,1,3,java.lang.Object,0.00,4,0,3,0,4,1,0,0,87,0
"org.apache.solr.schema.SortableLongFieldSource",6,0.20,1.00,17,0.18,3252.30,8,2,17,8,14,138.24,0,30,1,3,138.24,0.00,0.67,0.33,0,10.00,1,551.13,2,2,13,org.apache.solr.search.function.FieldCacheSource,0.32,2,2,6,0,2,4,0,0,140,0
"org.apache.solr.schema.SortableLongFieldSource$StringIndexDocValues",8,1.00,1.12,19,0.22,3725.38,9,1,17,16,2,138.73,0,35,0,1,138.73,0.00,0.00,0.12,1,14.00,2,673.90,0,3,2,java.lang.Object,0.00,8,0,9,0,8,5,0,0,173,0
"org.apache.solr.schema.SortableLongFieldSource$StringIndexDocValues$ValueFiller",2,0.00,1.50,12,0.13,2787.88,3,1,17,6,3,117.12,0,17,0,1,117.12,0.00,0.00,1.00,0,0.00,2,387.28,0,1,3,java.lang.Object,0.00,4,0,3,0,4,1,0,0,87,0
"org.apache.solr.schema.SpatialDistanceQuery",6,0.13,1.50,29,0.66,22518.35,21,15,20,10,20,120.30,5,65,4,2,120.30,0.00,0.50,0.18,1,10.00,3,1973.08,1,3,16,org.apache.lucene.search.Query,0.12,4,1,9,0,4,3,0,5,392,0
"org.apache.solr.schema.SpatialDistanceQuery$SpatialScorer",8,0.19,2.25,93,1.37,44888.27,31,23,20,22,8,152.44,12,110,0,3,102.44,0.00,0.67,0.21,3,0.00,5,4123.03,0,1,8,org.apache.lucene.search.Scorer,0.67,14,2,18,0,14,7,0,12,777,1
"org.apache.solr.schema.SpatialDistanceQuery$SpatialWeight",7,0.07,1.00,26,0.28,4680.80,12,5,20,12,6,130.95,0,40,0,2,130.95,0.00,0.50,0.14,1,15.00,1,830.02,0,3,6,org.apache.lucene.search.Weight,0.57,5,1,7,0,5,4,0,0,204,1
"org.apache.solr.schema.SpatialQueryable",1,0.00,1.00,2,0.01,54.79,1,0,3,1,7,113.86,6,3,4,1,146.08,0.00,0.00,0.00,0,1.00,1,36.53,0,1,3,,0.00,0,0,1,0,0,0,0,1,13,1
"org.apache.solr.schema.StrField",5,0.00,1.00,11,0.15,2177.52,5,0,9,10,17,138.99,3,22,6,3,138.99,0.50,0.50,0.00,0,5.00,1,456.58,2,3,11,org.apache.solr.schema.FieldType,0.06,5,2,5,1,5,2,0,1,114,1
"org.apache.solr.schema.StrFieldSource",5,1.00,1.00,12,0.12,1874.07,6,1,7,7,9,139.50,0,23,4,3,139.50,0.00,0.67,0.20,0,11.00,1,370.92,2,2,5,org.apache.solr.search.function.FieldCacheSource,0.33,2,2,5,0,2,3,0,0,98,1
"org.apache.solr.schema.StrFieldSource$StringIndexDocValues",9,0.00,1.11,24,0.24,4345.81,9,0,7,15,1,138.61,0,43,0,1,138.61,0.00,0.00,0.00,1,9.00,2,720.78,0,3,1,java.lang.Object,0.00,6,0,10,0,6,6,0,0,187,0
"org.apache.solr.schema.TestBinaryField",3,0.38,6.00,120,1.56,172010.48,7,4,16,31,7,73.36,0,115,0,2,73.36,0.00,0.50,0.50,0,0.00,16,4689.21,2,0,7,org.apache.lucene.util.LuceneTestCase,0.00,28,1,18,0,28,3,0,0,795,1
"org.apache.solr.schema.TestBinaryField$Bean",0,0.00,0.00,3,0.02,388.55,2,2,16,0,0,171.00,0,7,0,1,171.00,0.00,0.00,0.00,0,0.00,0,74.01,0,0,0,java.lang.Object,0.00,0,0,0,0,0,0,0,0,20,2
"org.apache.solr.schema.TextField",7,0.83,5.29,131,1.83,299211.80,8,1,23,41,26,107.94,24,175,5,3,87.33,0.00,0.67,0.29,1,13.00,29,5490.59,2,4,21,org.apache.solr.schema.FieldType,0.06,34,2,37,0,34,3,0,21,893,1
"org.apache.solr.schema.TrieDateField",19,0.39,1.79,84,1.42,44460.66,21,2,24,57,27,121.88,10,133,4,4,121.88,0.00,0.75,0.13,4,71.00,7,4268.14,2,14,24,org.apache.solr.schema.DateField,0.05,38,3,34,0,38,5,0,8,869,1
"org.apache.solr.schema.TrieDoubleField",0,0.00,0.00,2,0.02,163.12,0,0,0,0,1,171.00,0,5,0,4,171.00,0.00,0.75,0.00,0,0.00,0,46.60,0,0,1,org.apache.solr.schema.TrieField,0.00,0,3,0,0,0,0,0,0,13,1
"org.apache.solr.schema.TrieField",30,0.02,3.53,270,5.10,251057.28,38,8,24,110,46,154.22,40,440,13,3,104.22,2.00,0.29,0.11,8,134.00,20,15288.93,1,14,34,org.apache.solr.schema.FieldType,0.12,80,2,106,4,80,16,0,14,2757,1
"org.apache.solr.schema.TrieField$TrieDateFieldSource",4,0.00,1.00,9,0.08,910.67,4,0,24,7,5,141.21,0,17,0,5,141.21,0.00,0.80,0.00,0,6.00,1,236.10,0,2,5,org.apache.solr.search.function.LongFieldSource,0.40,3,4,4,0,3,2,0,0,66,0
"org.apache.solr.schema.TrieField$TrieTypes",0,0.00,0.00,2,0.01,42.79,0,0,24,0,0,171.00,0,7,0,1,171.00,0.00,0.00,0.00,0,0.00,0,28.53,0,0,0,java.lang.Object,0.00,0,0,0,0,0,0,0,0,9,1
"org.apache.solr.schema.TrieFloatField",0,0.00,0.00,2,0.02,163.12,0,0,0,0,1,171.00,0,5,0,4,171.00,0.00,0.75,0.00,0,0.00,0,46.60,0,0,1,org.apache.solr.schema.TrieField,0.00,0,3,0,0,0,0,0,0,13,1
"org.apache.solr.schema.TrieIntField",0,0.00,0.00,2,0.02,163.12,0,0,0,0,1,171.00,0,5,0,4,171.00,0.00,0.75,0.00,0,0.00,0,46.60,0,0,1,org.apache.solr.schema.TrieField,0.00,0,3,0,0,0,0,0,0,13,1
"org.apache.solr.schema.TrieLongField",0,0.00,0.00,2,0.02,163.12,0,0,0,0,1,171.00,0,5,0,4,171.00,0.00,0.75,0.00,0,0.00,0,46.60,0,0,1,org.apache.solr.schema.TrieField,0.00,0,3,0,0,0,0,0,0,13,1
"org.apache.solr.schema.UUIDField",6,0.40,1.33,21,0.38,10863.58,8,2,8,18,8,148.10,19,38,1,4,127.48,0.00,0.75,0.17,0,14.00,3,1145.05,3,4,7,org.apache.solr.schema.StrField,0.00,12,3,8,0,12,2,0,4,246,1
"org.apache.solr.schema.UUIDFieldTest",1,0.00,6.00,29,0.25,10088.52,1,0,2,4,2,84.51,0,41,0,2,84.51,0.00,0.50,0.00,0,1.00,6,760.51,0,0,2,org.apache.lucene.util.LuceneTestCase,0.00,3,1,6,0,3,1,0,0,155,1
"org.apache.lucene.benchmark.byTask.feeds.AbstractQueryMaker",7,0.06,1.29,29,0.29,7915.63,10,3,2,15,7,174.44,9,35,4,1,124.44,0.00,0.00,0.29,0,4.00,3,875.25,0,4,3,java.lang.Object,0.00,8,0,9,5,8,3,1,3,200,2
"org.apache.lucene.benchmark.byTask.feeds.ContentSource",14,0.05,1.64,84,0.91,30840.15,29,15,12,33,13,115.77,65,95,10,1,115.53,0.00,0.00,0.11,1,98.00,6,2728.35,0,3,3,java.lang.Object,0.00,19,0,23,10,19,11,0,22,565,2
"org.apache.lucene.benchmark.byTask.feeds.DemoHTMLParser",1,0.00,6.00,26,0.49,27941.39,1,0,6,20,4,34.69,8,34,1,1,82.79,0.00,0.00,0.00,0,1.00,6,1468.09,0,1,3,java.lang.Object,0.00,19,0,6,0,19,0,1,6,243,1
"org.apache.lucene.benchmark.byTask.feeds.DirContentSource",0,0.00,0.00,3,0.04,681.48,0,0,13,0,2,171.00,10,3,0,2,171.00,0.00,0.50,0.00,0,0.00,0,108.42,0,0,2,org.apache.lucene.benchmark.byTask.feeds.ContentSource,0.00,0,1,0,0,0,0,0,1,26,1
"org.apache.lucene.benchmark.byTask.feeds.DirContentSource$DateFormatInfo",0,0.00,0.00,3,0.02,155.67,2,2,13,0,0,171.00,0,4,0,1,171.00,0.00,0.00,0.00,0,0.00,0,51.89,0,0,0,java.lang.Object,0.00,0,0,0,0,0,0,0,0,15,3
"org.apache.lucene.benchmark.byTask.feeds.DirContentSource$Iterator",14,0.03,1.64,100,1.14,39790.22,21,7,13,62,3,112.17,12,127,0,1,112.17,0.00,0.00,0.17,5,82.00,4,3405.90,2,4,3,java.lang.Object,0.00,48,0,23,0,48,10,1,11,693,2
"org.apache.lucene.benchmark.byTask.feeds.DirContentSource$Iterator$Comparator",1,0.00,5.00,13,0.16,9230.00,1,0,13,4,0,137.74,2,18,0,1,97.85,0.00,0.00,0.00,0,1.00,5,477.33,0,0,0,java.lang.Object,0.00,3,0,5,0,3,1,1,1,102,1
"org.apache.lucene.benchmark.byTask.feeds.DirContentSource$Iterator$FileFilter",1,0.00,1.00,3,0.02,173.90,1,0,13,2,0,135.56,0,4,0,1,135.56,0.00,0.00,0.00,0,1.00,1,52.97,0,0,0,java.lang.Object,0.00,1,0,1,0,1,1,0,0,17,0
"org.apache.lucene.benchmark.byTask.feeds.DirContentSource$Iterator$FileFilter_0",1,0.00,1.00,3,0.02,227.68,1,0,13,3,0,134.64,0,4,0,1,134.64,0.00,0.00,0.00,0,1.00,1,70.91,0,0,0,java.lang.Object,0.00,2,0,1,0,2,1,0,0,21,0
"org.apache.lucene.benchmark.byTask.feeds.DocData",14,0.03,1.07,43,0.27,3468.91,20,6,3,15,24,134.33,7,59,23,1,134.33,0.00,0.00,0.14,1,74.00,2,811.10,0,5,1,java.lang.Object,0.00,1,0,15,0,1,9,0,2,224,1
"org.apache.lucene.benchmark.byTask.feeds.DocMaker",11,0.16,4.82,225,3.87,307204.25,38,27,20,78,28,44.80,84,262,21,1,87.10,0.00,0.00,0.18,6,0.00,18,11615.47,0,4,7,java.lang.Object,0.00,67,0,53,6,67,7,0,29,1843,1
"org.apache.lucene.benchmark.byTask.feeds.DocMaker$DateUtil",1,2.00,1.00,6,0.07,1138.36,4,3,20,5,0,117.91,0,8,0,1,117.91,0.00,0.00,0.33,0,0.00,1,201.16,0,0,0,java.lang.Object,0.00,4,0,1,0,4,1,0,0,48,2
"org.apache.lucene.benchmark.byTask.feeds.DocMaker$DocState",3,0.40,2.67,39,0.53,20669.72,8,5,20,10,4,138.88,6,48,0,1,99.00,0.00,0.00,0.47,0,0.00,3,1592.97,0,2,4,java.lang.Object,0.00,7,0,8,0,7,1,0,2,318,1
"org.apache.lucene.benchmark.byTask.feeds.DocMaker$LeftOver",0,0.00,0.00,3,0.02,124.57,2,2,20,0,1,171.00,0,4,0,1,171.00,0.00,0.00,0.00,0,0.00,0,49.83,0,0,1,java.lang.Object,0.00,0,0,0,0,0,0,0,0,15,2
"org.apache.lucene.benchmark.byTask.feeds.DocMakerTest",4,0.00,1.75,54,0.84,33337.86,4,0,15,30,14,119.06,15,65,0,3,98.44,0.00,0.67,0.00,1,4.00,3,2524.49,0,1,14,org.apache.lucene.benchmark.BenchmarkTestCase,0.00,26,2,7,0,26,3,0,15,500,1
"org.apache.lucene.benchmark.byTask.feeds.DocMakerTest$OneDocSource",2,1.00,1.50,14,0.14,3522.28,3,1,15,9,3,113.82,0,21,0,2,113.82,0.00,0.50,0.50,0,2.00,2,418.51,0,1,3,org.apache.lucene.benchmark.byTask.feeds.ContentSource,0.12,7,1,3,0,7,1,0,0,91,2
"org.apache.lucene.benchmark.byTask.feeds.EnwikiContentSource",5,0.12,1.60,46,0.68,19047.35,17,12,13,20,7,127.71,16,62,2,2,107.10,0.00,0.50,0.18,0,12.00,2,2030.84,2,1,5,org.apache.lucene.benchmark.byTask.feeds.ContentSource,0.21,15,1,8,0,15,4,0,4,405,1
"org.apache.lucene.benchmark.byTask.feeds.EnwikiContentSource$Parser",6,0.27,5.00,109,1.31,67592.37,15,9,13,33,3,131.78,17,159,0,2,91.90,0.00,0.50,0.33,0,10.00,11,3937.85,0,2,3,org.xml.sax.helpers.DefaultHandler,0.00,27,1,30,0,27,4,1,17,716,1
"org.apache.lucene.benchmark.byTask.feeds.EnwikiQueryMaker",3,1.00,3.00,34,0.84,30978.19,4,1,16,22,16,100.53,14,74,0,2,100.29,0.00,0.50,0.33,2,4.00,6,2509.97,0,3,16,org.apache.lucene.benchmark.byTask.feeds.AbstractQueryMaker,0.20,19,1,9,0,19,0,1,5,436,1
"org.apache.lucene.benchmark.byTask.feeds.FileBasedQueryMaker",1,0.00,8.00,33,0.60,40411.15,1,0,9,23,10,114.64,30,48,1,2,77.60,0.00,0.50,0.00,0,0.00,8,1811.46,0,1,9,org.apache.lucene.benchmark.byTask.feeds.AbstractQueryMaker,0.25,22,1,8,0,22,0,1,3,282,1
"org.apache.lucene.benchmark.byTask.feeds.HTMLParser",1,0.00,1.00,2,0.03,202.63,1,0,4,1,4,150.74,17,3,3,1,141.61,0.00,0.00,0.00,0,1.00,1,91.40,0,1,1,,0.00,0,0,1,0,0,0,0,2,24,1
"org.apache.lucene.benchmark.byTask.feeds.LineDocSource",5,0.12,2.80,50,0.60,27454.97,9,4,7,23,6,104.25,20,71,1,2,104.01,0.00,0.50,0.35,2,1.00,5,1796.04,3,1,5,org.apache.lucene.benchmark.byTask.feeds.ContentSource,0.21,18,1,14,0,18,4,0,5,352,1
"org.apache.lucene.benchmark.byTask.feeds.LineDocSourceTest",7,1.00,1.43,65,0.99,25074.41,8,1,20,41,14,157.33,12,80,0,3,107.33,0.00,0.67,0.14,3,12.00,3,2980.36,1,0,14,org.apache.lucene.benchmark.BenchmarkTestCase,0.00,34,2,10,0,34,7,0,12,561,1
"org.apache.lucene.benchmark.byTask.feeds.LongToEnglishContentSource",3,0.50,1.33,19,0.22,7564.32,4,1,3,11,4,155.01,6,28,0,2,115.12,0.00,0.50,0.67,0,1.00,2,655.49,0,1,4,org.apache.lucene.benchmark.byTask.feeds.ContentSource,0.24,8,1,4,0,8,2,0,3,135,1
"org.apache.lucene.benchmark.byTask.feeds.LongToEnglishQueryMaker",6,0.10,1.17,18,0.22,3436.04,8,2,8,13,10,131.45,4,26,0,1,131.45,0.00,0.00,0.42,1,10.00,2,669.60,0,3,10,java.lang.Object,0.00,7,0,7,0,7,3,1,1,158,1
"org.apache.lucene.benchmark.byTask.feeds.NoMoreDataException",0,0.00,0.00,1,0.01,31.02,0,0,0,0,16,171.00,21,2,16,2,171.00,0.00,0.50,0.00,0,0.00,0,15.51,0,0,0,java.lang.Exception,0.00,0,1,0,0,0,0,0,2,6,1
"org.apache.lucene.benchmark.byTask.feeds.QueryMaker",5,0.00,1.00,6,0.04,200.25,5,0,2,5,15,198.27,13,7,13,1,158.38,0.00,0.00,0.00,0,5.00,1,107.93,0,3,2,,0.00,0,0,5,0,0,2,0,6,39,1
"org.apache.lucene.benchmark.byTask.feeds.ReutersContentSource",6,0.08,2.00,68,0.90,40315.98,11,5,11,42,4,141.74,16,88,0,2,101.86,0.00,0.50,0.27,2,14.00,4,2703.34,4,3,4,org.apache.lucene.benchmark.byTask.feeds.ContentSource,0.20,36,1,12,0,36,3,0,7,509,1
"org.apache.lucene.benchmark.byTask.feeds.ReutersContentSource$DateFormatInfo",0,0.00,0.00,3,0.02,155.67,2,2,11,0,0,171.00,0,4,0,1,171.00,0.00,0.00,0.00,0,0.00,0,51.89,0,0,0,java.lang.Object,0.00,0,0,0,0,0,0,0,0,15,3
"org.apache.lucene.benchmark.byTask.feeds.ReutersQueryMaker",3,1.00,2.67,32,0.60,24831.06,4,1,14,20,15,84.75,16,53,1,2,102.62,0.00,0.50,0.33,2,4.00,6,1801.99,0,3,14,org.apache.lucene.benchmark.byTask.feeds.AbstractQueryMaker,0.20,17,1,8,0,17,0,1,7,339,1
"org.apache.lucene.benchmark.byTask.feeds.SimpleQueryMaker",1,0.00,1.00,21,0.40,18404.74,1,0,10,12,12,43.97,11,25,1,2,88.09,1.00,0.33,0.00,0,0.00,1,1197.62,0,1,11,org.apache.lucene.benchmark.byTask.feeds.AbstractQueryMaker,0.25,11,1,1,1,11,0,1,3,211,1
"org.apache.lucene.benchmark.byTask.feeds.SimpleSloppyPhraseQueryMaker",1,0.00,9.00,48,0.58,63006.25,1,0,5,12,6,21.51,10,44,0,3,69.99,0.00,0.67,0.00,0,1.00,9,1728.51,0,1,6,org.apache.lucene.benchmark.byTask.feeds.SimpleQueryMaker,0.33,11,2,9,0,11,0,0,6,296,1
"org.apache.lucene.benchmark.byTask.feeds.SingleDocSource",4,0.17,1.25,18,0.23,4448.28,6,2,1,9,5,106.63,20,40,2,2,124.50,1.00,0.33,0.38,1,6.00,2,675.18,2,1,3,org.apache.lucene.benchmark.byTask.feeds.ContentSource,0.22,5,1,5,1,5,3,0,3,150,1
"org.apache.lucene.benchmark.byTask.feeds.SortableSingleDocSource",3,0.50,1.33,25,0.92,20100.17,6,3,3,11,4,107.35,13,68,0,3,107.12,0.00,0.67,0.67,1,0.00,2,2762.25,2,1,4,org.apache.lucene.benchmark.byTask.feeds.SingleDocSource,0.00,8,2,4,0,8,2,0,4,415,1
"org.apache.lucene.benchmark.byTask.feeds.TrecContentSource",11,0.11,3.64,164,2.13,84816.49,31,20,16,61,16,79.47,64,223,9,2,97.34,1.00,0.33,0.15,5,58.00,7,6399.41,6,5,9,org.apache.lucene.benchmark.byTask.feeds.ContentSource,0.16,50,1,40,1,50,6,0,38,1154,1
"org.apache.lucene.benchmark.byTask.feeds.TrecContentSource$DateFormatInfo",0,0.00,0.00,3,0.02,200.76,2,2,16,0,0,171.00,0,4,0,1,171.00,0.00,0.00,0.00,0,0.00,0,57.36,0,0,0,java.lang.Object,0.00,0,0,0,0,0,0,0,0,16,3
"org.apache.lucene.benchmark.byTask.feeds.TrecContentSourceTest",8,0.00,2.12,95,2.21,68199.57,8,0,14,41,7,151.03,14,300,0,2,101.03,0.00,0.50,0.00,2,8.00,8,6638.13,0,0,7,org.apache.lucene.util.LuceneTestCase,0.00,33,1,17,0,33,8,0,11,1110,1
"org.apache.lucene.benchmark.byTask.feeds.TrecContentSourceTest$StringableTrecSource",3,1.00,1.67,13,0.12,2154.78,4,1,14,7,4,125.93,0,21,0,3,125.93,0.00,0.67,0.33,0,5.00,3,361.62,0,0,4,org.apache.lucene.benchmark.byTask.feeds.TrecContentSource,0.11,4,2,5,0,4,3,0,0,89,2
"org.apache.lucene.benchmark.byTask.feeds.TrecDocParser",5,0.19,2.60,45,0.65,32585.64,9,4,5,17,8,57.04,40,59,7,1,105.15,0.00,0.00,0.10,1,8.00,6,1940.85,0,5,7,java.lang.Object,0.00,12,0,13,6,12,0,0,13,411,2
"org.apache.lucene.benchmark.byTask.feeds.TrecDocParser$ParsePathType",0,0.00,0.00,2,0.01,42.79,0,0,5,0,0,171.00,0,1,0,1,171.00,0.00,0.00,0.00,0,0.00,0,28.53,0,0,0,java.lang.Object,0.00,0,0,0,0,0,0,0,0,9,1
"org.apache.lucene.benchmark.byTask.feeds.TrecFBISParser",1,0.00,3.00,26,0.39,12783.45,8,7,2,10,3,43.34,7,32,0,2,85.63,0.00,0.50,1.00,0,0.00,3,1155.46,2,1,3,org.apache.lucene.benchmark.byTask.feeds.TrecDocParser,0.00,9,1,3,0,9,0,0,5,212,1
"org.apache.lucene.benchmark.byTask.feeds.TrecFR94Parser",1,0.00,3.00,23,0.36,11675.41,7,6,2,10,3,39.82,8,33,0,2,87.92,0.00,0.50,1.00,0,0.00,3,1081.22,2,1,3,org.apache.lucene.benchmark.byTask.feeds.TrecDocParser,0.00,9,1,3,0,9,0,0,6,199,1
"org.apache.lucene.benchmark.byTask.feeds.TrecFTParser",1,0.00,2.00,18,0.26,7214.73,5,4,2,8,3,61.41,6,23,0,2,93.63,0.00,0.50,1.00,0,0.00,2,779.11,2,1,3,org.apache.lucene.benchmark.byTask.feeds.TrecDocParser,0.00,7,1,2,0,7,0,0,4,149,1
"org.apache.lucene.benchmark.byTask.feeds.TrecGov2Parser",1,0.00,3.00,19,0.31,9733.84,6,5,3,9,4,73.77,5,25,1,2,91.64,0.00,0.50,1.00,0,0.00,3,932.57,1,1,4,org.apache.lucene.benchmark.byTask.feeds.TrecDocParser,0.00,8,1,3,0,8,0,0,3,174,1
"org.apache.lucene.benchmark.byTask.feeds.TrecLATimesParser",1,0.00,5.00,29,0.46,19859.17,8,7,2,12,3,34.13,8,37,0,2,82.23,0.00,0.50,1.00,0,0.00,5,1394.97,2,1,3,org.apache.lucene.benchmark.byTask.feeds.TrecDocParser,0.00,11,1,5,0,11,0,0,6,251,1
"org.apache.lucene.benchmark.byTask.feeds.TrecParserByPath",1,0.00,1.00,3,0.06,1062.64,1,0,1,3,4,129.61,4,7,1,2,129.37,0.00,0.50,0.00,0,0.00,1,180.57,0,1,3,org.apache.lucene.benchmark.byTask.feeds.TrecDocParser,0.00,2,1,1,0,2,0,0,1,42,1
"org.apache.lucene.analysis.phonetic.DoubleMetaphoneFilter",3,0.25,4.67,48,0.64,39774.44,9,6,7,23,8,133.15,6,61,3,4,93.27,0.00,0.75,0.33,0,1.00,12,1916.27,0,0,5,org.apache.lucene.analysis.TokenFilter,0.53,20,3,14,0,20,3,0,6,359,2
"org.apache.lucene.analysis.phonetic.DoubleMetaphoneFilterTest",6,0.00,1.00,28,0.41,6807.42,6,0,4,9,4,124.49,1,35,0,3,124.49,0.00,0.67,0.00,0,6.00,1,1237.84,1,0,4,org.apache.lucene.analysis.BaseTokenStreamTestCase,0.00,3,2,6,0,3,6,0,1,269,1
"org.apache.lucene.analysis.phonetic.PhoneticFilter",3,0.30,3.33,35,0.44,18920.39,8,5,6,16,7,122.57,11,45,2,4,101.95,0.00,0.75,0.40,0,1.00,8,1324.20,0,0,5,org.apache.lucene.analysis.TokenFilter,0.53,13,3,10,0,13,3,0,8,258,2
"org.apache.lucene.analysis.phonetic.TestPhoneticFilter",2,0.00,1.00,16,0.42,11673.54,2,0,10,10,4,157.65,3,32,0,3,107.66,0.00,0.67,0.00,1,2.00,1,1250.53,1,0,4,org.apache.lucene.analysis.BaseTokenStreamTestCase,0.00,8,2,2,0,8,2,0,1,236,1
"org.apache.lucene.queryParser.core.parser.EscapeQuerySyntax",1,0.00,1.00,3,0.02,77.59,1,0,1,1,26,108.94,13,4,26,1,138.32,0.00,0.00,0.00,0,1.00,1,52.38,0,1,0,,0.00,0,0,1,0,0,0,0,2,18,1
"org.apache.lucene.queryParser.core.parser.EscapeQuerySyntax$Type",0,0.00,0.00,2,0.01,39.30,0,0,1,0,0,171.00,0,3,0,1,171.00,0.00,0.00,0.00,0,0.00,0,19.65,0,0,0,java.lang.Object,0.00,0,0,0,0,0,0,0,0,7,1
"org.apache.lucene.queryParser.core.parser.SyntaxParser",1,0.00,1.00,2,0.01,97.26,1,0,2,1,8,95.64,10,4,7,1,144.12,0.00,0.00,0.00,0,1.00,1,44.54,0,1,2,,0.00,0,0,1,0,0,0,0,2,15,1
"org.apache.lucene.benchmark.quality.trec.QueryDriver",1,0.00,6.00,34,0.77,43103.06,1,0,11,24,11,32.84,11,37,0,1,76.96,0.00,0.00,0.00,0,1.00,6,2305.08,0,0,11,java.lang.Object,0.00,23,0,6,0,23,1,0,8,349,1
"org.apache.lucene.benchmark.quality.trec.Trec1MQReader",2,1.00,2.00,24,0.33,18607.38,3,1,6,15,1,69.95,26,31,0,1,99.33,0.00,0.00,0.50,0,2.00,3,989.63,0,1,1,java.lang.Object,0.00,13,0,4,0,13,1,0,8,183,1
"org.apache.lucene.benchmark.quality.trec.TrecJudge",4,0.00,4.50,65,0.89,61782.16,5,1,8,29,4,74.88,23,79,2,1,92.75,0.00,0.00,1.00,0,0.00,9,2660.52,0,0,2,java.lang.Object,0.00,25,0,18,0,25,4,1,7,484,1
"org.apache.lucene.benchmark.quality.trec.TrecJudge$QRelJudgement",4,0.00,1.00,12,0.09,1269.02,6,2,8,8,0,133.50,0,17,0,1,133.50,0.00,0.00,0.50,0,0.00,1,278.01,0,0,0,java.lang.Object,0.00,4,0,4,0,4,4,0,0,78,2
"org.apache.lucene.benchmark.quality.trec.TrecTopicsReader",3,1.00,5.33,55,0.86,63008.04,4,1,6,22,3,52.19,37,71,2,1,89.75,0.00,0.00,0.33,1,4.00,8,2570.43,0,1,1,java.lang.Object,0.00,19,0,16,0,19,2,0,11,442,1
"org.apache.lucene.index.codecs.mockintblock.MockFixedIntBlockCodec",7,0.50,1.57,54,0.65,24910.32,8,1,26,25,26,111.41,6,97,2,2,111.41,0.00,0.50,0.57,0,4.00,3,1961.03,0,4,24,org.apache.lucene.index.codecs.Codec,0.14,18,1,11,0,18,3,0,2,399,1
"org.apache.lucene.index.codecs.mockintblock.MockFixedIntBlockCodec$MockIntFactory",3,1.00,1.00,8,0.07,895.20,4,1,26,5,6,140.28,0,15,0,2,140.28,0.00,0.50,0.00,0,3.00,1,222.55,0,2,6,org.apache.lucene.index.codecs.sep.IntStreamFactory,0.00,2,1,3,0,2,1,0,0,59,2
"org.apache.lucene.index.codecs.mockintblock.MockFixedIntBlockCodec$MockIntFactory$FixedIntBlockIndexInput",1,0.00,1.00,3,0.04,456.56,1,0,26,2,1,132.26,0,5,0,1,132.26,0.00,0.00,0.00,0,1.00,1,109.36,0,0,1,java.lang.Object,0.00,1,0,1,0,1,1,0,0,29,0
"org.apache.lucene.index.codecs.mockintblock.MockFixedIntBlockCodec$MockIntFactory$FixedIntBlockIndexInput$BlockReader",2,0.00,1.50,8,0.06,1123.74,2,0,26,3,0,126.80,0,7,0,1,126.80,0.00,0.00,0.00,0,2.00,2,168.21,0,0,0,java.lang.Object,0.00,1,0,3,0,1,2,0,0,43,0
"org.apache.lucene.index.codecs.mockintblock.MockFixedIntBlockCodec$MockIntFactory$FixedIntBlockIndexOutput",1,0.00,2.00,8,0.07,2365.48,1,0,26,2,0,110.58,0,8,0,1,110.58,0.00,0.00,0.00,0,1.00,2,222.10,0,0,0,java.lang.Object,0.00,1,0,2,0,1,1,0,0,51,0
"org.apache.lucene.index.codecs.mockintblock.MockVariableIntBlockCodec",6,0.60,1.67,52,0.64,24800.70,7,1,28,24,27,158.72,6,95,1,2,108.72,0.00,0.50,0.50,0,6.00,3,1924.49,0,3,26,org.apache.lucene.index.codecs.Codec,0.15,18,1,10,0,18,3,0,1,388,1
"org.apache.lucene.index.codecs.mockintblock.MockVariableIntBlockCodec$MockIntFactory",3,1.00,1.00,12,0.13,2683.32,4,1,28,9,8,125.30,0,19,0,2,125.30,0.00,0.50,0.33,0,4.00,1,403.40,0,2,8,org.apache.lucene.index.codecs.sep.IntStreamFactory,0.00,6,1,3,0,6,1,0,0,95,2
"org.apache.lucene.index.codecs.mockintblock.MockVariableIntBlockCodec$MockIntFactory$VariableIntBlockIndexInput",1,0.00,1.00,3,0.03,410.58,1,0,28,2,1,132.62,0,5,0,1,132.62,0.00,0.00,0.00,0,1.00,1,89.27,0,1,1,java.lang.Object,0.00,1,0,1,0,1,0,0,0,24,0
"org.apache.lucene.index.codecs.mockintblock.MockVariableIntBlockCodec$MockIntFactory$VariableIntBlockIndexInput$BlockReader",2,0.00,2.00,12,0.15,10824.07,2,0,28,3,0,112.41,0,11,0,1,112.41,0.00,0.00,0.00,0,2.00,3,460.04,0,0,0,java.lang.Object,0.00,1,0,4,0,1,2,0,0,94,0
"org.apache.lucene.index.codecs.mockintblock.MockVariableIntBlockCodec$MockIntFactory$VariableIntBlockIndexOutput",1,0.00,4.00,18,0.20,15592.44,3,2,28,2,0,91.07,4,19,0,1,90.84,0.00,0.00,1.00,0,0.00,4,590.97,0,0,0,java.lang.Object,0.00,1,0,4,0,1,1,0,4,118,0
"org.apache.lucene.analysis.fr.Deprecated",3,0.00,2.33,18,0.22,5952.76,6,3,7,11,7,65.81,27,27,0,4,115.81,0.00,0.75,0.33,0,4.00,4,660.39,0,0,7,org.apache.lucene.analysis.TokenFilter,0.27,8,3,7,0,8,3,0,6,144,2
"org.apache.lucene.analysis.fr.ElisionFilter",3,0.12,3.00,32,0.46,25003.22,7,4,9,12,9,60.28,22,40,3,4,102.57,0.00,0.75,0.33,0,5.00,6,1379.83,0,0,6,org.apache.lucene.analysis.TokenFilter,0.27,9,3,9,0,9,3,0,6,261,2
"org.apache.lucene.analysis.fr.FrenchAnalyzer",5,0.33,2.40,31,1.12,32417.81,8,3,18,19,17,91.61,70,71,1,4,111.75,0.00,0.75,0.07,0,8.00,4,3367.42,0,1,16,org.apache.lucene.analysis.util.StopwordAnalyzerBase,0.00,14,3,12,0,14,4,0,10,523,2
"org.apache.lucene.analysis.fr.FrenchAnalyzer$DefaultSetHolder",0,0.00,0.00,7,0.11,2379.54,2,2,18,3,4,171.00,3,15,0,1,171.00,0.00,0.00,0.00,0,0.00,0,316.83,0,0,4,java.lang.Object,0.00,3,0,0,0,3,0,0,3,69,2
"org.apache.lucene.analysis.fr.FrenchLightStemFilter",2,0.33,2.00,14,0.16,3794.18,5,3,6,9,8,113.74,9,20,2,4,113.50,0.00,0.75,0.50,0,2.00,3,481.98,0,0,6,org.apache.lucene.analysis.TokenFilter,0.29,7,3,4,0,7,2,0,1,107,2
"org.apache.lucene.analysis.fr.FrenchLightStemmer",2,0.00,26.00,128,2.30,401621.10,2,0,1,3,1,61.35,8,168,1,1,61.12,0.00,0.00,0.00,1,2.00,34,6906.75,0,0,0,java.lang.Object,0.00,1,0,52,0,1,2,0,2,1138,1
"org.apache.lucene.analysis.fr.FrenchMinimalStemFilter",2,0.33,2.00,14,0.16,3794.18,5,3,6,9,8,113.74,9,20,2,4,113.50,0.00,0.75,0.50,0,2.00,3,481.98,0,0,6,org.apache.lucene.analysis.TokenFilter,0.29,7,3,4,0,7,2,0,1,107,2
"org.apache.lucene.analysis.fr.FrenchMinimalStemmer",1,0.00,9.00,12,0.21,12910.63,1,0,0,1,1,60.99,56,17,1,1,97.87,0.00,0.00,0.00,0,1.00,9,621.36,0,0,0,java.lang.Object,0.00,0,0,9,0,0,1,0,4,129,1
"org.apache.lucene.analysis.fr.TestElision",2,0.00,1.50,18,0.26,7176.44,2,0,11,13,6,157.32,3,22,0,3,107.32,0.00,0.67,0.00,1,2.00,2,784.94,0,1,6,org.apache.lucene.analysis.BaseTokenStreamTestCase,0.00,11,2,3,0,11,1,0,1,157,1
"org.apache.lucene.analysis.fr.TestFrenchAnalyzer",7,0.00,1.00,49,0.93,22887.63,7,0,4,10,4,93.93,40,160,0,3,111.80,0.00,0.67,0.00,0,7.00,1,2790.40,2,0,4,org.apache.lucene.analysis.BaseTokenStreamTestCase,0.00,3,2,7,0,3,7,0,24,524,1
"org.apache.lucene.analysis.fr.TestFrenchLightStemFilter",2,0.00,1.00,76,0.99,21025.23,2,0,8,4,5,80.64,9,80,0,3,80.40,0.00,0.67,0.00,0,2.00,1,2971.56,1,0,5,org.apache.lucene.analysis.BaseTokenStreamTestCase,0.00,2,2,2,0,2,2,0,7,458,1
"org.apache.lucene.analysis.fr.TestFrenchLightStemFilter$ReusableAnalyzerBase",1,0.00,1.00,4,0.05,771.22,1,0,8,4,3,125.81,0,7,0,1,125.81,0.00,0.00,0.00,0,1.00,1,141.98,0,1,3,java.lang.Object,0.00,3,0,1,0,3,0,0,0,35,0
"org.apache.lucene.analysis.fr.TestFrenchMinimalStemFilter",2,0.00,1.00,14,0.12,1734.02,2,0,8,4,5,156.23,5,18,0,3,116.34,0.00,0.67,0.00,0,2.00,1,358.00,1,0,5,org.apache.lucene.analysis.BaseTokenStreamTestCase,0.00,2,2,2,0,2,2,0,3,86,1
"org.apache.lucene.analysis.fr.TestFrenchMinimalStemFilter$ReusableAnalyzerBase",1,0.00,1.00,4,0.05,771.22,1,0,8,4,3,125.81,0,7,0,1,125.81,0.00,0.00,0.00,0,1.00,1,141.98,0,1,3,java.lang.Object,0.00,3,0,1,0,3,0,0,0,35,0
"org.apache.lucene.analysis.core.Ignore",1,0.00,1.00,980,32.56,1609032.85,1,0,3,1,2,-23.23,997,1960,0,3,10.55,0.00,0.67,0.00,0,1.00,1,97687.95,1,0,2,org.apache.lucene.analysis.BaseTokenStreamTestCase,0.00,0,2,1,0,0,1,0,979,9756,1
"org.apache.lucene.analysis.core.KeywordAnalyzer",2,0.00,1.00,4,0.04,567.13,2,0,2,4,3,180.34,4,8,1,3,140.46,0.00,0.67,0.00,0,2.00,1,119.65,0,0,2,org.apache.lucene.analysis.util.ReusableAnalyzerBase,0.00,2,2,2,0,2,2,0,1,34,2
"org.apache.lucene.analysis.core.KeywordTokenizer",7,0.10,1.57,38,0.43,16141.03,12,5,6,13,30,118.34,4,52,26,4,118.34,0.00,0.75,0.29,0,9.00,5,1285.71,2,0,4,org.apache.lucene.analysis.Tokenizer,0.33,6,3,11,0,6,7,0,2,277,2
"org.apache.lucene.analysis.core.LetterTokenizer",4,0.00,1.00,9,0.08,752.92,4,0,5,5,10,104.30,50,15,6,5,141.86,0.25,0.67,0.00,0,4.00,1,238.14,0,0,4,org.apache.lucene.analysis.CharTokenizer,0.17,1,4,4,1,1,4,0,5,68,1
"org.apache.lucene.analysis.core.LowerCaseFilter",2,0.50,2.00,17,0.19,6215.68,4,2,6,9,51,67.36,15,22,46,4,109.65,0.00,0.75,0.75,0,0.00,3,565.02,0,0,5,org.apache.lucene.analysis.TokenFilter,0.29,7,3,4,0,7,2,0,2,120,2
"org.apache.lucene.analysis.core.LowerCaseTokenizer",4,0.00,1.00,9,0.08,810.03,4,0,5,5,11,112.23,53,15,6,6,141.61,0.00,0.83,0.00,0,4.00,1,240.46,0,0,5,org.apache.lucene.analysis.core.LetterTokenizer,0.18,1,5,4,0,1,4,0,5,69,2
"org.apache.lucene.analysis.core.SimpleAnalyzer",2,1.00,1.00,6,0.06,859.98,3,1,5,4,9,84.36,16,11,4,3,132.46,0.00,0.67,0.50,0,2.00,1,182.93,0,0,5,org.apache.lucene.analysis.util.ReusableAnalyzerBase,0.00,2,2,2,0,2,2,0,2,49,2
"org.apache.lucene.analysis.core.StopAnalyzer",5,1.00,1.20,18,0.30,4757.51,6,1,11,9,17,87.41,37,35,10,4,129.71,0.00,0.75,0.20,0,11.00,2,908.02,0,0,7,org.apache.lucene.analysis.util.StopwordAnalyzerBase,0.00,4,3,6,0,4,5,0,7,193,2
"org.apache.lucene.analysis.core.StopFilter",7,0.42,1.71,22,0.34,7935.66,9,2,10,14,48,91.46,87,32,42,5,129.02,0.00,0.80,0.14,1,12.00,3,1034.30,0,4,6,org.apache.lucene.analysis.util.FilteringTokenFilter,0.21,7,4,12,0,7,3,0,8,235,2
"org.apache.lucene.analysis.core.TestAnalyzers",12,0.00,1.17,92,1.26,30578.32,12,0,12,33,15,162.62,21,138,0,3,112.62,0.00,0.67,0.00,1,12.00,3,3775.48,2,0,15,org.apache.lucene.analysis.BaseTokenStreamTestCase,0.00,21,2,14,0,21,12,0,15,783,1
"org.apache.lucene.analysis.core.TestAnalyzers$LowerCaseWhitespaceAnalyzer",1,0.00,1.00,3,0.04,476.88,1,0,12,3,4,132.11,0,7,0,2,132.11,0.00,0.50,0.00,0,1.00,1,113.66,0,1,4,org.apache.lucene.analysis.Analyzer,0.00,2,1,1,0,2,0,0,0,30,2
"org.apache.lucene.analysis.core.TestAnalyzers$PayloadSetter",2,0.67,1.50,13,0.13,2688.71,5,3,12,5,4,117.24,1,17,0,4,117.24,0.00,0.75,0.67,0,0.00,2,387.78,0,0,4,org.apache.lucene.analysis.TokenFilter,0.29,3,3,3,0,3,2,0,1,89,1
"org.apache.lucene.analysis.core.TestClassicAnalyzer",27,0.23,1.07,145,2.15,65732.22,28,1,17,54,15,158.13,55,189,0,3,118.24,0.00,0.67,0.78,0,0.00,2,6464.62,1,0,15,org.apache.lucene.analysis.BaseTokenStreamTestCase,0.00,27,2,29,0,27,27,0,39,1323,1
"org.apache.lucene.analysis.core.TestKeywordAnalyzer",3,0.25,1.00,34,0.60,15731.14,5,2,14,27,15,84.99,15,46,0,3,102.86,0.00,0.67,0.33,0,4.00,1,1796.43,1,0,15,org.apache.lucene.analysis.BaseTokenStreamTestCase,0.00,24,2,3,0,24,3,0,2,343,1
"org.apache.lucene.analysis.core.TestStandardAnalyzer",27,0.00,1.00,87,1.58,27309.43,27,0,9,38,5,179.54,33,140,0,3,129.54,0.00,0.67,0.00,0,27.00,1,4747.52,0,0,5,org.apache.lucene.analysis.BaseTokenStreamTestCase,0.00,11,2,27,0,11,27,0,12,1017,1
"org.apache.lucene.analysis.core.TestStandardAnalyzer$ReusableAnalyzerBase",1,0.00,1.00,4,0.04,637.60,1,0,9,3,2,126.46,0,7,0,1,126.46,0.00,0.00,0.00,0,1.00,1,122.69,0,1,2,java.lang.Object,0.00,2,0,1,0,2,0,0,0,31,0
"org.apache.lucene.analysis.core.TestStopAnalyzer",4,0.17,2.25,46,0.69,20934.32,6,2,11,22,6,102.68,0,56,0,3,102.68,0.00,0.67,0.38,0,4.00,3,2082.62,1,0,6,org.apache.lucene.analysis.BaseTokenStreamTestCase,0.00,18,2,9,0,18,4,0,0,391,1
"org.apache.lucene.analysis.core.TestStopFilter",6,0.00,3.00,101,1.62,111136.87,6,0,10,32,8,142.22,10,92,0,3,92.22,0.00,0.67,0.00,2,6.00,8,4871.24,0,0,8,org.apache.lucene.analysis.BaseTokenStreamTestCase,0.00,26,2,18,0,26,6,0,8,843,1
"org.apache.lucene.analysis.core.TestUAX29URLEmailTokenizer",30,0.00,1.50,179,2.97,109998.59,30,0,16,55,8,166.77,35,278,0,3,116.77,0.00,0.67,0.00,0,30.00,6,8903.03,0,0,8,org.apache.lucene.analysis.BaseTokenStreamTestCase,0.00,25,2,45,0,25,30,0,14,1720,1
"org.apache.lucene.analysis.core.TestUAX29URLEmailTokenizer$EmailFilter",2,1.00,2.00,11,0.11,2591.56,3,1,16,3,4,120.26,0,17,0,4,120.26,0.00,0.75,0.50,0,2.00,3,324.48,0,0,4,org.apache.lucene.analysis.TokenFilter,0.29,1,3,4,0,1,2,0,0,75,1
"org.apache.lucene.analysis.core.TestUAX29URLEmailTokenizer$ReusableAnalyzerBase",1,0.00,1.00,4,0.04,619.14,1,0,16,3,2,126.56,0,7,0,1,126.56,0.00,0.00,0.00,0,1.00,1,116.42,0,1,2,java.lang.Object,0.00,2,0,1,0,2,0,0,0,30,0
"org.apache.lucene.analysis.core.TestUAX29URLEmailTokenizer$ReusableAnalyzerBase_0",1,0.00,1.00,6,0.07,1372.36,1,0,16,5,2,167.27,1,8,0,1,117.27,0.00,0.00,0.00,0,1.00,1,205.15,0,1,2,java.lang.Object,0.00,4,0,1,0,4,0,0,1,47,0
"org.apache.lucene.analysis.core.TestUAX29URLEmailTokenizer$ReusableAnalyzerBase_1",1,0.00,1.00,5,0.05,970.03,1,0,16,4,2,121.41,0,7,0,1,121.41,0.00,0.00,0.00,0,1.00,1,159.27,0,1,2,java.lang.Object,0.00,3,0,1,0,3,0,0,0,39,0
"org.apache.lucene.analysis.core.TestUAX29URLEmailTokenizer$URLFilter",2,1.00,2.00,11,0.11,2591.56,3,1,16,3,4,120.26,0,17,0,4,120.26,0.00,0.75,0.50,0,2.00,3,324.48,0,0,4,org.apache.lucene.analysis.TokenFilter,0.29,1,3,4,0,1,2,0,0,75,1
"org.apache.lucene.analysis.core.WhitespaceAnalyzer",2,1.00,1.00,6,0.06,859.98,3,1,4,4,21,84.36,16,11,17,3,132.46,0.00,0.67,0.50,0,2.00,1,182.93,0,0,4,org.apache.lucene.analysis.util.ReusableAnalyzerBase,0.00,2,2,2,0,2,2,0,2,49,2
"org.apache.lucene.analysis.core.WhitespaceTokenizer",4,0.00,1.00,9,0.08,841.43,4,0,5,5,139,97.35,44,15,135,5,141.48,0.00,0.80,0.00,0,4.00,1,247.88,0,0,4,org.apache.lucene.analysis.CharTokenizer,0.17,1,4,4,0,1,4,0,5,70,2
"org.apache.lucene.analysis.icu.GenerateJFlexSupplementaryMacros",3,0.12,2.67,53,0.88,30932.28,7,4,8,21,1,143.27,4,74,1,1,93.27,0.00,0.00,0.33,2,5.00,6,2632.09,0,0,0,java.lang.Object,0.00,18,0,8,0,18,3,0,4,481,1
"org.apache.lucene.analysis.icu.ICUFoldingFilter",1,0.00,1.00,4,0.06,1088.65,2,1,2,3,4,90.92,42,8,2,5,124.63,0.00,0.80,1.00,0,0.00,1,175.42,0,0,2,org.apache.lucene.analysis.icu.ICUNormalizer2Filter,0.00,2,4,1,0,2,1,0,2,43,2
"org.apache.lucene.analysis.icu.ICUNormalizer2Filter",3,0.00,1.67,18,0.20,3972.84,6,3,6,11,9,73.14,35,25,6,4,117.27,0.33,0.60,0.33,0,4.00,3,590.01,0,0,3,org.apache.lucene.analysis.TokenFilter,0.27,8,3,5,1,8,3,0,3,133,1
"org.apache.lucene.analysis.icu.ICUTransformFilter",2,0.50,2.50,24,0.31,9169.08,6,4,8,12,5,148.97,47,31,2,4,101.70,0.00,0.75,0.50,0,2.00,3,937.17,0,0,3,org.apache.lucene.analysis.TokenFilter,0.29,10,3,5,0,10,2,0,9,192,2
"org.apache.lucene.analysis.icu.ICUTransformFilter$ReplaceableTermAttribute",10,0.15,1.20,37,0.46,13376.22,13,3,8,18,1,128.54,7,51,0,1,128.54,0.00,0.00,0.47,3,0.00,3,1371.29,0,0,1,java.lang.Object,0.00,8,0,12,0,8,10,1,7,322,1
"org.apache.lucene.analysis.icu.RBBIRuleCompiler",3,0.00,3.33,40,0.65,30315.97,3,0,11,30,0,97.87,14,49,0,1,97.64,0.00,0.00,0.00,2,3.00,5,1954.36,0,1,0,java.lang.Object,0.00,27,0,10,0,27,2,0,4,345,1
"org.apache.lucene.analysis.icu.RBBIRuleCompiler$FilenameFilter",1,0.00,1.00,3,0.02,217.60,1,0,11,2,0,134.79,0,3,0,1,134.79,0.00,0.00,0.00,0,1.00,1,68.92,0,0,0,java.lang.Object,0.00,1,0,1,0,1,1,0,0,20,0
"org.apache.lucene.analysis.icu.TestICUFoldingFilter",1,0.00,1.00,16,0.27,6977.59,1,0,6,2,4,95.34,16,18,0,3,95.82,0.00,0.67,0.00,0,1.00,1,802.79,1,0,4,org.apache.lucene.analysis.BaseTokenStreamTestCase,0.00,1,2,1,0,1,1,0,14,152,1
"org.apache.lucene.analysis.icu.TestICUFoldingFilter$Analyzer",1,0.00,1.00,3,0.03,389.68,1,0,6,3,3,132.80,0,6,0,1,132.80,0.00,0.00,0.00,0,1.00,1,97.92,0,1,3,java.lang.Object,0.00,2,0,1,0,2,0,0,0,26,0
"org.apache.lucene.analysis.icu.TestICUNormalizer2Filter",2,0.00,1.00,13,0.17,3524.61,2,0,7,4,4,98.54,10,16,0,3,116.41,0.00,0.67,0.00,0,2.00,1,517.50,1,0,4,org.apache.lucene.analysis.BaseTokenStreamTestCase,0.00,2,2,2,0,2,2,0,8,111,1
"org.apache.lucene.analysis.icu.TestICUNormalizer2Filter$Analyzer",1,0.00,1.00,3,0.03,389.68,1,0,7,3,3,132.80,0,6,0,1,132.80,0.00,0.00,0.00,0,1.00,1,97.92,0,1,3,java.lang.Object,0.00,2,0,1,0,2,0,0,0,26,0
"org.apache.lucene.analysis.icu.TestICUNormalizer2Filter$Analyzer_0",1,0.00,1.00,3,0.05,730.69,1,0,7,4,3,180.65,1,7,0,1,130.65,0.00,0.00,0.00,0,1.00,1,159.30,0,1,3,java.lang.Object,0.00,3,0,1,0,3,0,0,1,37,0
"org.apache.lucene.analysis.icu.TestICUTransformFilter",7,0.00,1.00,31,0.46,7421.07,7,0,7,16,4,174.72,7,46,0,3,124.72,0.00,0.67,0.00,1,7.00,1,1390.44,1,0,4,org.apache.lucene.analysis.BaseTokenStreamTestCase,0.00,9,2,7,0,9,7,0,5,300,1
"org.apache.lucene.analysis.ru.Deprecated",2,0.00,1.00,9,0.12,2023.94,2,0,4,4,2,164.76,4,15,0,3,124.88,0.00,0.67,0.00,0,2.00,1,366.29,1,0,2,org.apache.lucene.analysis.BaseTokenStreamTestCase,0.00,2,2,2,0,2,2,0,1,83,1
"org.apache.lucene.analysis.ru.RussianAnalyzer",5,0.33,2.40,30,0.77,25247.08,8,3,17,18,15,64.13,53,57,1,4,112.61,0.00,0.75,0.07,0,8.00,4,2299.58,0,1,14,org.apache.lucene.analysis.util.StopwordAnalyzerBase,0.00,13,3,12,0,13,4,0,7,406,2
"org.apache.lucene.analysis.ru.RussianAnalyzer$DefaultSetHolder",0,0.00,0.00,7,0.11,2379.54,2,2,17,3,4,171.00,3,15,0,1,171.00,0.00,0.00,0.00,0,0.00,0,316.83,0,0,4,java.lang.Object,0.00,3,0,0,0,3,0,0,3,69,2
"org.apache.lucene.analysis.ru.RussianLightStemFilter",2,0.33,2.00,14,0.16,3794.18,5,3,6,9,8,113.74,9,20,2,4,113.50,0.00,0.75,0.50,0,2.00,3,481.98,0,0,6,org.apache.lucene.analysis.TokenFilter,0.29,7,3,4,0,7,2,0,1,107,2
"org.apache.lucene.analysis.ru.RussianLightStemmer",3,0.00,3.67,16,0.90,58382.96,3,0,1,4,1,150.74,7,83,1,1,110.85,0.00,0.00,0.00,1,3.00,6,2714.52,0,0,0,java.lang.Object,0.00,1,0,11,0,1,3,0,1,454,1
"org.apache.lucene.analysis.ru.TestRussianAnalyzer",4,0.00,1.00,17,0.27,4488.66,4,0,5,8,5,174.52,5,29,0,3,124.52,0.00,0.67,0.00,0,4.00,1,822.51,2,0,5,org.apache.lucene.analysis.BaseTokenStreamTestCase,0.00,4,2,4,0,4,4,0,3,173,1
"org.apache.lucene.analysis.ru.TestRussianLightStemFilter",1,0.00,1.00,5,0.04,412.90,1,0,8,3,5,124.56,4,8,0,3,124.33,0.00,0.67,0.00,0,1.00,1,116.42,0,0,5,org.apache.lucene.analysis.BaseTokenStreamTestCase,0.00,2,2,1,0,2,1,0,2,31,1
"org.apache.lucene.analysis.ru.TestRussianLightStemFilter$ReusableAnalyzerBase",1,0.00,1.00,4,0.05,771.22,1,0,8,4,3,125.81,0,7,0,1,125.81,0.00,0.00,0.00,0,1.00,1,141.98,0,1,3,java.lang.Object,0.00,3,0,1,0,3,0,0,0,35,0
"org.apache.solr.client.solrj.impl.BinaryRequestWriter",5,0.00,1.80,27,0.33,11727.34,5,0,9,17,7,158.14,10,44,2,2,118.25,0.00,0.50,0.00,0,5.00,3,987.11,2,4,5,org.apache.solr.client.solrj.request.RequestWriter,0.17,12,1,9,0,12,1,0,2,213,1
"org.apache.solr.client.solrj.impl.BinaryRequestWriter$BAOS",1,0.00,1.00,3,0.02,120.56,1,0,9,1,0,136.81,0,6,0,2,136.81,0.00,0.50,0.00,0,1.00,1,47.15,0,0,0,java.io.ByteArrayOutputStream,0.00,0,1,1,0,0,1,0,0,16,0
"org.apache.solr.client.solrj.impl.BinaryRequestWriter$ContentStream",6,0.00,1.00,13,0.09,945.01,6,0,9,11,0,142.47,1,20,0,1,142.47,0.00,0.00,0.00,0,6.00,1,259.04,0,6,0,java.lang.Object,0.00,5,0,6,0,5,0,0,1,76,0
"org.apache.solr.client.solrj.impl.BinaryResponseParser",4,0.00,1.25,11,0.13,2782.32,4,0,7,8,9,187.34,4,22,5,2,137.34,1.00,0.33,0.00,0,4.00,2,399.44,0,4,4,org.apache.solr.client.solrj.ResponseParser,0.50,4,1,5,1,4,0,0,1,95,1
"org.apache.solr.client.solrj.impl.CloudSolrServer",8,0.02,2.50,60,0.85,33821.05,15,7,21,33,12,131.33,26,80,1,2,110.71,0.00,0.50,0.16,1,14.00,7,2551.93,0,1,11,org.apache.solr.client.solrj.SolrServer,0.00,25,1,20,0,25,7,0,15,485,1
"org.apache.solr.client.solrj.impl.CommonsHttpSolrServer",29,0.01,2.52,210,3.30,295780.06,40,11,41,114,37,75.48,182,303,20,2,107.70,1.00,0.33,0.08,4,287.00,38,9889.07,0,9,17,org.apache.solr.client.solrj.SolrServer,0.00,85,1,73,1,85,20,0,58,1595,1
"org.apache.solr.client.solrj.impl.CommonsHttpSolrServer$Iterator<SolrInputDocument>",3,0.00,1.33,9,0.07,1088.73,3,0,41,8,1,132.98,0,12,0,1,132.98,0.00,0.00,0.00,0,3.00,2,203.06,0,1,1,java.lang.Object,0.00,5,0,4,0,5,2,0,0,57,0
"org.apache.solr.client.solrj.impl.CommonsHttpSolrServer$PartBase",2,0.00,1.00,8,0.09,1457.58,2,0,41,6,0,126.00,0,16,0,1,126.00,0.00,0.00,0.00,0,2.00,1,270.27,0,0,0,java.lang.Object,0.00,4,0,2,0,4,2,0,0,66,0
"org.apache.solr.client.solrj.impl.CommonsHttpSolrServer$RequestEntity",4,0.00,1.00,9,0.07,700.55,4,0,41,6,1,142.10,0,13,0,1,142.10,0.00,0.00,0.00,0,4.00,1,195.43,0,1,1,java.lang.Object,0.00,2,0,4,0,2,3,0,0,56,0
"org.apache.solr.client.solrj.impl.LBHttpSolrServer",22,0.00,2.86,188,2.48,169733.96,33,11,15,75,15,88.59,115,264,6,2,106.46,0.00,0.50,0.09,7,214.00,14,7454.70,1,8,9,org.apache.solr.client.solrj.SolrServer,0.00,53,1,63,0,53,14,0,43,1411,1
"org.apache.solr.client.solrj.impl.LBHttpSolrServer$Req",5,0.17,1.00,16,0.12,1740.20,8,3,15,6,1,133.19,3,22,0,1,133.19,0.00,0.00,0.20,0,14.00,1,353.83,0,2,1,java.lang.Object,0.00,1,0,5,0,1,3,0,2,95,2
"org.apache.solr.client.solrj.impl.LBHttpSolrServer$Rsp",2,0.00,1.00,7,0.04,467.32,4,2,15,2,1,184.55,2,10,0,1,134.55,0.00,0.00,0.50,0,2.00,1,130.59,0,2,1,java.lang.Object,0.00,0,0,2,0,0,0,0,2,37,2
"org.apache.solr.client.solrj.impl.LBHttpSolrServer$Runnable",1,0.00,3.00,7,0.07,1705.89,1,0,15,3,1,113.77,0,9,0,1,113.77,0.00,0.00,0.00,0,1.00,3,202.51,0,0,1,java.lang.Object,0.00,2,0,3,0,2,1,0,0,47,0
"org.apache.solr.client.solrj.impl.LBHttpSolrServer$ServerWrapper",5,0.15,1.40,18,0.17,3194.93,10,5,15,9,1,181.03,5,27,0,1,131.03,0.00,0.00,0.08,1,7.00,3,508.24,0,2,1,java.lang.Object,0.00,4,0,7,0,4,3,0,5,128,2
"org.apache.solr.client.solrj.impl.StreamingBinaryResponseParser",2,1.00,1.50,9,0.11,2707.03,3,1,10,5,9,144.40,7,17,1,3,123.79,0.00,0.67,0.00,0,2.00,2,325.76,0,1,8,org.apache.solr.client.solrj.impl.BinaryResponseParser,0.00,3,2,3,0,3,1,0,1,73,1
"org.apache.solr.client.solrj.impl.StreamingBinaryResponseParser$JavaBinCodec",2,0.00,2.00,22,0.31,13189.69,2,0,10,14,3,151.92,2,28,0,1,101.92,0.00,0.00,0.00,0,0.00,3,920.45,1,2,3,java.lang.Object,0.00,12,0,4,0,12,0,0,2,172,0
"org.apache.solr.client.solrj.impl.StreamingUpdateSolrServer",5,0.21,2.80,61,0.80,41416.96,12,7,22,33,9,67.43,32,85,1,3,99.65,0.00,0.67,0.31,1,1.00,8,2386.94,1,1,8,org.apache.solr.client.solrj.impl.CommonsHttpSolrServer,0.00,28,2,14,0,28,4,0,10,436,1
"org.apache.solr.client.solrj.impl.StreamingUpdateSolrServer$Runner",1,0.00,6.00,34,0.48,23694.40,2,1,22,21,0,61.14,5,50,0,1,79.01,0.00,0.00,1.00,0,0.00,6,1440.83,0,0,0,java.lang.Object,0.00,20,0,6,0,20,1,1,5,237,0
"org.apache.solr.client.solrj.impl.StreamingUpdateSolrServer$Runner$RequestEntity",4,0.00,2.50,30,0.40,16920.58,4,0,22,13,4,110.71,3,38,0,1,110.71,0.00,0.00,0.00,0,6.00,7,1192.43,0,1,4,java.lang.Object,0.00,9,0,10,0,9,3,0,3,217,0
"org.apache.solr.client.solrj.impl.XMLResponseParser",5,0.38,3.00,46,0.59,28499.24,7,2,19,13,10,126.19,19,80,3,2,105.58,0.00,0.50,0.20,1,7.00,9,1765.50,0,4,7,org.apache.solr.client.solrj.ResponseParser,0.22,8,1,15,0,8,1,0,13,341,1
"org.apache.solr.client.solrj.impl.XMLResponseParser$KnownType",15,1.00,4.13,203,3.16,691226.07,16,1,19,60,5,142.40,27,240,0,1,92.40,0.00,0.00,0.00,0,15.00,47,9471.28,0,14,5,java.lang.Object,0.00,45,0,62,0,45,1,0,19,1475,1
"org.apache.lucene.analysis.fi.FinnishAnalyzer",5,0.50,1.80,21,0.29,7141.30,7,2,17,16,15,75.46,42,31,1,4,123.56,0.00,0.75,0.10,0,8.00,3,866.52,0,2,14,org.apache.lucene.analysis.util.StopwordAnalyzerBase,0.00,11,3,9,0,11,3,0,8,192,2
"org.apache.lucene.analysis.fi.FinnishAnalyzer$DefaultSetHolder",0,0.00,0.00,6,0.05,843.89,1,1,17,0,2,171.00,2,11,0,1,171.00,0.00,0.00,0.00,0,0.00,0,162.56,0,0,2,java.lang.Object,0.00,0,0,0,0,0,0,0,2,40,2
"org.apache.lucene.analysis.fi.FinnishLightStemFilter",2,0.33,2.00,14,0.16,3794.18,5,3,6,9,8,113.74,9,20,2,4,113.50,0.00,0.75,0.50,0,2.00,3,481.98,0,0,6,org.apache.lucene.analysis.TokenFilter,0.29,7,3,4,0,7,2,0,1,107,2
"org.apache.lucene.analysis.fi.FinnishLightStemmer",7,0.00,7.57,87,1.54,105769.25,7,0,1,8,1,147.37,8,162,1,1,97.37,0.00,0.00,0.00,0,7.00,20,4626.21,0,0,0,java.lang.Object,0.00,1,0,53,0,1,7,0,2,880,1
"org.apache.lucene.analysis.fi.TestFinnishAnalyzer",3,0.00,1.00,14,0.15,2836.17,3,0,5,7,3,164.99,6,19,0,3,125.11,0.00,0.67,0.00,0,3.00,1,450.25,2,0,3,org.apache.lucene.analysis.BaseTokenStreamTestCase,0.00,4,2,3,0,4,3,0,5,103,1
"org.apache.lucene.analysis.fi.TestFinnishLightStemFilter",1,0.00,1.00,5,0.04,412.90,1,0,8,3,5,124.56,4,8,0,3,124.33,0.00,0.67,0.00,0,1.00,1,116.42,0,0,5,org.apache.lucene.analysis.BaseTokenStreamTestCase,0.00,2,2,1,0,2,1,0,2,31,1
"org.apache.lucene.analysis.fi.TestFinnishLightStemFilter$ReusableAnalyzerBase",1,0.00,1.00,4,0.05,771.22,1,0,8,4,3,125.81,0,7,0,1,125.81,0.00,0.00,0.00,0,1.00,1,141.98,0,1,3,java.lang.Object,0.00,3,0,1,0,3,0,0,0,35,0
"org.apache.lucene.queryParser.CharStream",12,0.00,1.00,13,0.06,250.78,12,0,0,12,5,128.38,79,14,5,1,160.60,0.00,0.00,0.00,0,12.00,1,172.56,0,1,0,,0.00,0,0,12,0,0,11,0,13,70,1
"org.apache.lucene.queryParser.FastCharStream",14,0.14,1.43,56,0.55,20446.20,20,6,1,20,3,173.54,17,80,2,1,123.54,0.00,0.00,0.30,2,2.00,5,1644.78,0,1,1,java.lang.Object,0.00,6,0,20,0,6,13,1,13,372,2
"org.apache.lucene.queryParser.MultiFieldQueryParser",12,0.18,3.58,128,2.04,116238.03,14,2,10,26,13,57.89,141,167,4,3,102.01,0.00,0.67,0.33,5,12.00,7,6105.40,6,9,9,org.apache.lucene.queryParser.QueryParser,0.00,14,2,43,0,14,3,0,15,1128,1
"org.apache.lucene.queryParser.ParseException",5,0.30,3.20,92,1.07,80794.24,10,5,0,14,117,61.39,69,112,116,2,90.77,0.00,0.50,0.44,0,0.00,10,3210.28,1,2,1,java.lang.Exception,0.00,9,1,16,0,9,3,0,11,572,1
"org.apache.lucene.queryParser.QueryParser",28,0.11,5.79,484,6.03,522510.16,48,20,11,51,76,111.68,94,606,62,2,91.07,9.00,0.09,0.15,11,56.00,44,18085.58,2,8,14,org.apache.lucene.queryParser.QueryParserBase,0.00,23,1,162,9,23,20,1,18,3207,1
"org.apache.lucene.queryParser.QueryParser$JJCalls",0,0.00,0.00,5,0.03,253.51,4,4,11,0,1,171.00,0,6,0,1,171.00,0.00,0.00,0.00,0,0.00,0,78.87,0,0,1,java.lang.Object,0.00,0,0,0,0,0,0,0,0,22,2
"org.apache.lucene.queryParser.QueryParser$LookaheadSuccess",0,0.00,0.00,1,0.01,145.30,0,0,11,0,0,171.00,0,1,0,2,171.00,0.00,0.50,0.00,0,0.00,0,41.51,0,0,0,java.lang.Error,0.00,0,1,0,0,0,0,0,0,12,3
"org.apache.lucene.queryParser.QueryParser$Operator",0,0.00,0.00,2,0.01,39.30,0,0,11,0,1,171.00,0,1,0,1,171.00,0.00,0.00,0.00,0,0.00,0,19.65,0,0,1,java.lang.Object,0.00,0,0,0,0,0,0,1,0,7,2
"org.apache.lucene.queryParser.QueryParserBase",59,0.01,2.56,426,5.69,499673.87,82,23,16,139,27,76.11,406,587,1,1,108.33,0.00,0.00,0.04,17,1671.00,30,17063.05,0,34,26,java.lang.Object,0.00,80,0,151,10,80,25,0,118,3152,2
"org.apache.lucene.queryParser.QueryParserBase$MethodRemovedUseAnother",0,0.00,0.00,1,0.01,49.13,0,0,16,0,0,171.00,0,1,0,2,171.00,0.00,0.50,0.00,0,0.00,0,19.65,0,0,0,java.lang.Throwable,0.00,0,1,0,0,0,0,0,0,7,2
"org.apache.lucene.queryParser.QueryParserConstants",0,0.00,0.00,37,0.58,7033.38,36,36,0,0,3,171.00,40,72,3,1,171.00,0.00,0.00,0.00,0,0.00,0,1729.25,0,0,0,,0.00,0,0,0,0,0,0,0,37,255,1
"org.apache.lucene.queryParser.QueryParserTokenManager",30,0.06,10.93,588,9.22,1933925.30,51,21,11,40,12,84.88,12,1035,2,1,84.88,0.00,0.00,0.11,16,302.00,204,27656.61,0,2,10,java.lang.Object,0.00,10,0,328,0,10,28,1,12,4382,1
"org.apache.lucene.queryParser.SuppressWarnings",6,0.20,1.50,48,0.66,33774.42,11,5,0,14,0,59.58,51,72,0,2,107.69,0.00,0.50,0.03,1,10.00,3,1967.96,1,3,0,java.lang.Error,0.00,8,1,9,0,8,3,0,14,375,1
"org.apache.lucene.queryParser.TestMultiAnalyzer",3,1.00,1.00,45,0.86,24654.30,4,1,12,15,13,47.82,32,58,0,3,96.30,0.00,0.67,0.00,0,3.00,1,2574.87,0,0,13,org.apache.lucene.analysis.BaseTokenStreamTestCase,0.00,12,2,3,0,12,3,0,18,468,1
"org.apache.lucene.queryParser.TestMultiAnalyzer$DumbQueryParser",3,0.00,1.00,7,0.09,1279.76,3,0,12,4,4,139.06,2,14,0,3,139.06,0.00,0.67,0.00,1,3.00,1,272.80,1,2,4,org.apache.lucene.queryParser.QueryParser,0.00,1,2,3,0,1,1,0,2,70,3
"org.apache.lucene.queryParser.TestMultiAnalyzer$DumbQueryWrapper",2,1.00,1.00,7,0.05,803.42,3,1,12,3,1,132.70,0,11,0,2,132.70,0.00,0.50,0.50,0,2.00,1,156.02,0,1,1,org.apache.lucene.search.Query,0.00,1,1,2,0,1,1,0,0,45,3
"org.apache.lucene.queryParser.TestMultiAnalyzer$MultiAnalyzer",2,0.00,1.00,6,0.06,1107.06,2,0,12,4,3,131.60,0,10,0,2,131.60,0.00,0.50,0.00,0,2.00,1,172.85,0,1,3,org.apache.lucene.analysis.Analyzer,0.00,2,1,2,0,2,1,0,0,44,1
"org.apache.lucene.queryParser.TestMultiAnalyzer$PosIncrementAnalyzer",2,0.00,1.00,6,0.06,1107.06,2,0,12,4,3,131.60,0,10,0,2,131.60,0.00,0.50,0.00,0,2.00,1,172.85,0,1,3,org.apache.lucene.analysis.Analyzer,0.00,2,1,2,0,2,1,0,0,44,1
"org.apache.lucene.queryParser.TestMultiAnalyzer$TestFilter",2,1.29,3.00,38,0.39,12567.14,9,7,12,13,6,93.14,0,45,0,4,93.14,0.00,0.75,0.79,0,0.00,5,1165.26,0,0,6,org.apache.lucene.analysis.TokenFilter,0.29,11,3,6,0,11,2,0,0,224,2
"org.apache.lucene.queryParser.TestMultiAnalyzer$TestPosIncrementFilter",2,1.00,2.50,17,0.17,3508.76,4,2,12,5,4,111.56,1,23,0,4,111.56,0.00,0.75,1.00,0,0.00,4,495.03,0,0,4,org.apache.lucene.analysis.TokenFilter,0.29,3,3,5,0,3,2,0,1,110,2
"org.apache.lucene.queryParser.TestMultiFieldQueryParser",11,0.00,1.45,168,2.75,93888.95,11,0,17,36,14,135.97,25,190,0,2,96.09,0.00,0.50,0.00,1,11.00,2,8236.22,0,0,14,org.apache.lucene.util.LuceneTestCase,0.00,25,1,16,0,25,11,0,20,1502,1
"org.apache.lucene.queryParser.TestMultiFieldQueryParser$AnalyzerReturningNull",2,1.00,1.50,9,0.08,1601.80,3,1,17,6,3,125.58,0,16,0,2,125.58,0.00,0.50,0.50,0,2.00,2,251.59,0,1,3,org.apache.lucene.analysis.Analyzer,0.00,4,1,3,0,4,1,0,0,62,2
"org.apache.lucene.queryParser.TestMultiFieldQueryParser$AnalyzerReturningNull$EmptyTokenStream",1,0.00,1.00,3,0.02,244.87,1,0,17,1,1,134.39,0,6,0,3,134.39,0.00,0.67,0.00,0,1.00,1,66.26,0,0,1,org.apache.lucene.analysis.TokenStream,0.33,0,2,1,0,0,1,0,0,20,2
"org.apache.lucene.queryParser.TestQueryParser",54,0.48,1.35,593,8.77,264551.01,56,2,43,145,39,144.46,145,721,2,2,104.57,1.00,0.33,0.03,11,206.00,3,26318.78,2,7,37,org.apache.lucene.util.LuceneTestCase,0.00,91,1,73,1,91,47,0,117,4886,1
"org.apache.lucene.queryParser.TestQueryParser$Analyzer",1,0.00,1.00,3,0.03,489.04,1,0,43,2,2,132.02,0,5,0,1,132.02,0.00,0.00,0.00,0,1.00,1,99.74,0,1,2,java.lang.Object,0.00,1,0,1,0,1,0,0,0,26,0
"org.apache.lucene.queryParser.TestQueryParser$MockAnalyzer",3,0.00,1.00,10,0.14,2856.53,3,0,43,5,4,129.75,2,16,0,1,129.75,0.00,0.00,0.00,0,3.00,1,431.80,1,3,4,java.lang.Object,0.00,2,0,3,0,2,0,0,2,99,0
"org.apache.lucene.queryParser.TestQueryParser$QPTestAnalyzer",1,0.00,1.00,3,0.05,715.57,1,0,43,3,3,180.72,1,6,0,2,130.72,0.00,0.50,0.00,0,1.00,1,136.37,0,1,3,org.apache.lucene.analysis.Analyzer,0.00,2,1,1,0,2,0,0,1,34,3
"org.apache.lucene.queryParser.TestQueryParser$QPTestFilter",2,1.00,3.00,26,0.27,8254.38,7,5,43,11,4,140.61,4,33,0,4,100.72,0.00,0.75,0.70,0,0.00,5,822.80,0,0,4,org.apache.lucene.analysis.TokenFilter,0.29,9,3,6,0,9,2,0,1,169,3
"org.apache.lucene.queryParser.TestQueryParser$QPTestParser",3,0.00,1.00,7,0.08,1090.71,3,0,43,4,4,139.61,0,13,0,3,139.61,0.00,0.67,0.00,0,3.00,1,239.82,0,2,4,org.apache.lucene.queryParser.QueryParser,0.00,1,2,3,0,1,1,0,0,63,2
"org.apache.lucene.queryParser.TestQueryParser$SimpleCJKAnalyzer",1,0.00,1.00,3,0.03,338.69,1,0,43,2,2,133.28,0,6,0,2,133.28,0.00,0.50,0.00,0,1.00,1,85.83,0,1,2,org.apache.lucene.analysis.Analyzer,0.00,1,1,1,0,1,0,0,0,24,1
"org.apache.lucene.queryParser.TestQueryParser$SimpleCJKTokenizer",2,1.00,1.50,10,0.10,1712.34,3,1,43,6,2,121.74,0,15,0,4,121.74,0.00,0.75,0.50,0,2.00,2,297.37,0,0,2,org.apache.lucene.analysis.Tokenizer,0.21,4,3,3,0,4,2,0,0,70,1
"org.apache.lucene.queryParser.Token",7,0.12,1.00,24,0.16,1989.42,15,8,0,8,7,83.88,67,38,7,1,133.88,0.00,0.00,0.02,1,12.00,1,468.86,0,4,0,java.lang.Object,0.00,1,0,7,0,1,3,0,15,131,1
"org.apache.lucene.benchmark.BenchmarkTestCase",7,0.42,1.57,42,0.48,14526.00,9,2,8,25,8,165.75,7,52,7,2,115.75,7.00,0.11,0.14,3,12.00,3,1442.44,0,5,1,org.apache.lucene.util.LuceneTestCase,0.00,18,1,11,7,18,2,0,7,316,2
"org.apache.lucene.benchmark.Constants",0,0.00,0.00,6,0.09,2063.23,5,5,0,0,2,171.00,19,8,2,1,171.00,0.00,0.00,0.00,0,0.00,0,275.10,0,0,0,java.lang.Object,0.00,0,0,0,0,0,0,0,2,60,1
"org.apache.lucene.queryParser.ext.ExtendableQueryParser",4,0.11,1.25,18,0.26,7472.79,7,3,6,10,9,149.01,77,31,1,3,122.73,0.00,0.67,0.25,0,10.00,2,788.23,1,1,8,org.apache.lucene.queryParser.QueryParser,0.00,6,2,5,0,6,3,0,5,172,1
"org.apache.lucene.queryParser.ext.ExtensionQuery",4,0.11,1.00,14,0.08,1166.53,7,3,1,4,4,89.66,46,19,3,1,133.79,0.00,0.00,0.25,0,10.00,1,254.48,0,3,1,java.lang.Object,0.00,0,0,4,0,0,1,0,6,74,1
"org.apache.lucene.queryParser.ext.ExtensionStub",1,0.00,1.00,3,0.04,713.22,1,0,4,5,8,130.26,16,7,2,2,130.73,0.00,0.50,0.00,0,1.00,1,130.55,0,1,6,org.apache.lucene.queryParser.ext.ParserExtension,0.00,4,1,1,0,4,0,0,1,33,0
"org.apache.lucene.queryParser.ext.Extensions",9,0.29,1.22,30,0.36,12585.20,12,3,3,19,5,99.00,122,43,3,1,128.39,0.00,0.00,0.07,2,23.00,3,1084.84,0,4,2,java.lang.Object,0.00,10,0,11,0,10,5,0,12,255,1
"org.apache.lucene.queryParser.ext.Extensions$Pair",1,2.00,1.00,6,0.05,829.52,3,2,3,1,0,70.88,8,8,0,1,118.99,0.00,0.00,0.00,0,1.00,1,149.41,0,0,0,java.lang.Object,0.00,0,0,1,0,0,1,0,1,41,2
"org.apache.lucene.queryParser.ext.ParserExtension",1,0.00,1.00,2,0.02,137.38,1,0,3,1,8,192.93,25,3,4,1,142.94,0.00,0.00,0.00,0,1.00,1,49.66,0,1,4,java.lang.Object,0.00,0,0,1,1,0,0,0,2,16,2
"org.apache.lucene.queryParser.ext.TestExtendableQueryParser",7,0.67,1.86,72,1.11,41799.72,8,1,10,25,13,103.82,3,91,0,3,103.82,0.00,0.67,0.43,2,10.00,3,3342.07,0,3,13,org.apache.lucene.queryParser.TestQueryParser,0.00,18,2,13,0,18,4,0,1,612,1
"org.apache.lucene.queryParser.ext.TestExtensions",6,0.20,1.17,33,0.35,6806.97,7,1,1,17,3,120.84,4,45,0,2,120.84,0.00,0.50,0.83,0,0.00,2,1047.08,1,0,3,org.apache.lucene.util.LuceneTestCase,0.00,11,1,7,0,11,6,0,2,250,1
"org.apache.solr.client.solrj.response.AnalysisResponseBase",2,0.00,2.50,24,0.40,15593.81,2,0,4,11,6,126.12,64,27,4,3,99.89,1.00,0.40,0.00,1,2.00,3,1185.45,0,1,2,org.apache.solr.client.solrj.response.SolrResponseBase,0.00,9,2,5,2,9,1,0,6,234,1
"org.apache.solr.client.solrj.response.AnalysisResponseBase$AnalysisPhase",4,0.17,1.00,11,0.08,1212.46,6,2,4,6,0,180.11,10,16,0,1,140.23,0.00,0.00,0.38,0,6.00,1,252.34,0,2,0,java.lang.Object,0.00,2,0,4,0,2,2,0,2,69,2
"org.apache.solr.client.solrj.response.AnalysisResponseBase$TokenInfo",8,0.02,1.00,30,0.20,3164.09,15,7,4,8,0,100.53,51,39,0,1,132.75,0.00,0.00,0.12,0,50.00,1,605.15,0,3,0,java.lang.Object,0.00,0,0,8,0,0,5,0,8,162,2
"org.apache.solr.client.solrj.response.CoreAdminResponse",4,0.00,1.50,15,0.17,3749.11,4,0,2,6,5,179.71,5,28,3,3,129.71,0.00,0.67,0.00,1,4.00,2,522.91,1,4,2,org.apache.solr.client.solrj.response.SolrResponseBase,0.00,2,2,6,0,2,0,0,1,125,1
"org.apache.solr.client.solrj.response.DocumentAnalysisResponse",4,0.00,2.00,33,0.72,43088.71,5,1,5,23,4,55.40,37,46,2,4,105.40,0.00,0.75,1.00,0,0.00,5,2172.86,2,1,2,org.apache.solr.client.solrj.response.AnalysisResponseBase,0.00,19,3,8,0,19,3,1,8,403,1
"org.apache.solr.client.solrj.response.DocumentAnalysisResponse$DocumentAnalysis",6,0.10,1.00,15,0.16,3192.78,8,2,5,13,0,178.19,15,22,0,1,138.30,0.00,0.00,0.42,0,2.00,1,479.96,0,2,0,java.lang.Object,0.00,7,0,6,0,7,4,1,3,124,2
"org.apache.solr.client.solrj.response.DocumentAnalysisResponse$FieldAnalysis",10,0.07,1.10,24,0.26,4328.00,13,3,5,16,0,139.22,43,35,0,1,138.99,0.00,0.00,0.27,0,30.00,2,767.08,0,1,0,java.lang.Object,0.00,6,0,11,0,6,9,0,7,197,2
"org.apache.solr.client.solrj.response.DocumentAnalysisResponseTest",2,0.00,1.00,83,1.23,71205.11,2,0,5,24,3,42.78,12,87,0,2,75.00,0.00,0.50,0.00,1,2.00,1,3698.68,0,1,3,org.apache.lucene.util.LuceneTestCase,0.00,22,1,2,0,22,1,0,5,649,1
"org.apache.solr.client.solrj.response.DocumentAnalysisResponseTest$DocumentAnalysisResponse",1,0.00,1.00,3,0.04,562.00,1,0,5,1,1,131.55,0,5,0,1,131.55,0.00,0.00,0.00,0,1.00,1,108.00,0,1,1,java.lang.Object,0.00,0,0,1,0,0,0,0,0,29,0
"org.apache.solr.client.solrj.response.FacetField",11,0.10,1.55,41,0.39,9471.21,15,4,5,16,4,169.88,24,66,3,1,129.99,0.00,0.00,0.34,0,6.00,4,1178.27,0,6,1,java.lang.Object,0.00,5,0,17,0,5,5,1,6,279,1
"org.apache.solr.client.solrj.response.FacetField$Count",8,0.19,1.12,24,0.19,2351.93,11,3,5,11,2,133.74,1,42,0,1,133.74,0.00,0.00,0.50,0,0.00,2,562.63,0,3,2,java.lang.Object,0.00,3,0,9,0,3,5,1,1,149,2
"org.apache.solr.client.solrj.response.FieldAnalysisResponse",8,0.00,1.38,34,0.61,23960.90,10,2,4,19,3,88.87,49,48,1,4,121.09,0.00,0.75,0.50,0,2.00,3,1840.22,1,0,2,org.apache.solr.client.solrj.response.AnalysisResponseBase,0.00,11,3,11,0,11,8,0,10,393,1
"org.apache.solr.client.solrj.response.FieldAnalysisResponse$Analysis",7,0.25,1.14,16,0.13,1892.96,9,2,4,8,0,140.82,29,24,0,1,140.59,0.00,0.00,0.29,0,19.00,2,392.19,0,0,0,java.lang.Object,0.00,1,0,8,0,1,7,0,5,108,2
"org.apache.solr.client.solrj.response.FieldStatsInfo",11,0.16,2.73,85,1.18,66626.41,21,10,6,28,3,109.46,6,117,2,1,109.46,0.00,0.00,0.25,0,38.00,13,3553.17,0,10,1,java.lang.Object,0.00,17,0,30,0,17,1,1,1,654,1
"org.apache.solr.client.solrj.response.LukeResponse",10,0.07,2.00,51,0.72,39048.49,13,3,4,23,5,166.48,10,68,2,3,116.48,0.00,0.67,0.40,0,6.00,7,2148.72,1,9,3,org.apache.solr.client.solrj.response.SolrResponseBase,0.00,13,2,20,0,13,1,0,5,441,1
"org.apache.solr.client.solrj.response.LukeResponse$FieldInfo",11,0.06,1.91,55,0.61,22289.17,19,8,4,18,2,118.74,0,69,0,1,118.74,0.00,0.00,0.18,0,69.00,9,1828.57,0,6,2,java.lang.Object,0.00,7,0,21,0,7,5,1,0,381,2
"org.apache.solr.client.solrj.response.LukeResponse$FieldTypeInfo",7,0.10,1.71,32,0.38,14455.64,12,5,4,14,1,162.20,20,59,0,1,122.31,0.00,0.00,0.29,0,18.00,6,1132.28,0,4,1,java.lang.Object,0.00,7,0,12,0,7,3,1,1,236,2
"org.apache.solr.client.solrj.response.PivotField",7,0.38,1.43,31,0.27,5207.21,11,4,3,10,1,125.85,0,43,1,1,125.85,0.00,0.00,0.57,0,0.00,4,802.63,0,4,0,java.lang.Object,0.00,3,0,10,0,3,3,1,0,185,1
"org.apache.solr.client.solrj.response.QueryResponseTest",1,0.00,2.00,14,0.18,6125.23,1,0,10,10,3,48.27,9,17,0,2,98.26,0.00,0.50,0.00,0,1.00,2,551.26,0,0,3,org.apache.lucene.util.LuceneTestCase,0.00,9,1,2,0,9,1,0,5,106,1
"org.apache.solr.client.solrj.response.SolrPingResponse",0,0.00,0.00,1,0.01,31.02,0,0,0,0,3,171.00,6,3,2,3,171.00,0.00,0.67,0.00,0,0.00,0,15.51,0,0,1,org.apache.solr.client.solrj.response.SolrResponseBase,0.00,0,2,0,0,0,0,0,2,6,1
"org.apache.solr.client.solrj.response.SolrResponseBase",10,0.19,1.20,32,0.26,4091.12,13,3,2,12,8,132.59,6,52,6,2,132.59,7.00,0.11,0.17,1,38.00,2,779.28,0,4,2,org.apache.solr.client.solrj.SolrResponse,0.31,2,1,12,7,2,6,0,2,199,1
"org.apache.solr.client.solrj.response.SpellCheckResponse",8,0.11,2.38,66,0.96,59038.69,12,4,5,35,3,146.54,20,82,2,1,106.65,0.00,0.00,0.34,0,12.00,10,2866.54,0,5,1,java.lang.Object,0.00,27,0,19,0,27,3,0,4,522,1
"org.apache.solr.client.solrj.response.SpellCheckResponse$Collation",6,0.20,1.00,18,0.13,1704.59,9,3,5,8,0,133.88,0,25,0,1,133.88,0.00,0.00,0.17,0,18.00,1,378.18,0,4,0,java.lang.Object,0.00,2,0,6,0,2,2,0,0,103,1
"org.apache.solr.client.solrj.response.SpellCheckResponse$Correction",5,0.38,1.00,14,0.08,1093.10,7,2,5,5,0,141.35,0,20,0,1,141.35,0.00,0.00,0.20,0,11.00,1,251.51,0,2,0,java.lang.Object,0.00,0,0,5,0,0,3,0,0,76,1
"org.apache.solr.client.solrj.response.SpellCheckResponse$Suggestion",10,0.08,1.80,53,0.65,35278.51,17,7,5,19,1,116.86,5,69,0,1,116.86,0.00,0.00,0.21,0,50.00,9,1948.45,0,5,1,java.lang.Object,0.00,9,0,18,0,9,5,0,5,384,2
"org.apache.solr.client.solrj.response.SuppressWarnings",4,0.00,1.50,56,0.82,30313.70,4,0,5,27,2,118.22,13,62,0,2,97.60,0.00,0.50,0.00,1,4.00,2,2447.72,0,1,2,org.apache.lucene.util.LuceneTestCase,0.00,23,1,6,0,23,3,0,4,463,1
"org.apache.solr.client.solrj.response.SuppressWarnings$AnalysisResponseBase",1,0.00,1.00,3,0.02,175.12,1,0,5,1,1,135.54,0,5,0,1,135.54,0.00,0.00,0.00,0,1.00,1,54.60,0,1,1,java.lang.Object,0.00,0,0,1,0,0,0,0,0,17,0
"org.apache.solr.client.solrj.response.SuppressWarnings$FieldAnalysisResponse",1,0.00,1.00,3,0.04,562.00,1,0,6,1,1,131.55,0,5,0,1,131.55,0.00,0.00,0.00,0,1.00,1,108.00,0,1,1,java.lang.Object,0.00,0,0,1,0,0,0,0,0,29,0
"org.apache.solr.client.solrj.response.TermsResponse",3,0.00,1.67,22,0.28,8799.73,4,1,5,14,3,151.94,8,22,2,1,112.05,0.00,0.00,1.00,0,0.00,3,830.24,0,2,1,java.lang.Object,0.00,11,0,5,0,11,1,0,2,177,1
"org.apache.solr.client.solrj.response.TermsResponse$Term",6,0.40,1.00,16,0.10,1236.68,8,2,5,6,0,141.55,0,23,0,1,141.55,0.00,0.00,0.17,0,14.00,1,306.51,0,1,0,java.lang.Object,0.00,0,0,6,0,0,5,0,0,90,2
"org.apache.solr.client.solrj.response.TermsResponseTest",3,0.00,1.00,29,0.39,10990.33,3,0,10,25,4,157.34,3,37,0,4,107.34,0.00,0.75,0.00,0,4.00,1,1179.91,7,0,4,org.apache.solr.client.solrj.SolrJettyTestBase,0.07,22,3,3,0,22,3,0,1,222,1
"org.apache.solr.client.solrj.response.TestSpellCheckResponse",4,0.67,2.25,102,1.84,102910.37,5,1,12,40,7,104.55,13,118,0,4,83.94,0.00,0.75,0.50,0,0.00,6,5515.40,2,0,7,org.apache.solr.client.solrj.SolrJettyTestBase,0.00,36,3,9,0,36,4,0,8,892,1
"org.apache.solr.client.solrj.response.UpdateResponse",0,0.00,0.00,1,0.01,31.02,0,0,0,0,9,171.00,7,3,8,3,171.00,0.00,0.67,0.00,0,0.00,0,15.51,0,0,1,org.apache.solr.client.solrj.response.SolrResponseBase,0.00,0,2,0,0,0,0,0,2,6,1
"org.apache.lucene.queryParser.standard.QueryParserUtil",4,0.00,3.75,51,0.95,62552.95,4,0,5,15,8,146.90,105,65,2,1,97.41,0.00,0.00,0.00,0,4.00,4,2837.52,0,4,6,java.lang.Object,0.00,11,0,15,0,11,0,0,9,511,2
"org.apache.lucene.queryParser.standard.StandardQueryParser",30,0.00,1.07,93,1.01,16465.74,30,0,32,64,31,99.39,208,131,4,2,131.61,2.00,0.25,0.00,1,30.00,2,3030.80,2,7,27,org.apache.lucene.queryParser.core.QueryParserHelper,0.00,34,1,32,2,34,23,0,24,761,1
"org.apache.lucene.queryParser.standard.TestMultiAnalyzerQPHelper",2,1.00,1.00,41,0.83,28304.48,3,1,12,11,10,129.08,43,62,0,2,89.78,0.00,0.50,0.00,0,2.00,1,2480.96,0,0,10,org.apache.lucene.util.LuceneTestCase,0.00,9,1,2,0,9,2,0,31,441,1
"org.apache.lucene.queryParser.standard.TestMultiAnalyzerQPHelper$MultiAnalyzer",2,0.00,1.00,6,0.06,1107.06,2,0,12,4,3,131.60,0,10,0,2,131.60,0.00,0.50,0.00,0,2.00,1,172.85,0,1,3,org.apache.lucene.analysis.Analyzer,0.00,2,1,2,0,2,1,0,0,44,1
"org.apache.lucene.queryParser.standard.TestMultiAnalyzerQPHelper$PosIncrementAnalyzer",2,0.00,1.00,6,0.06,1107.06,2,0,12,4,3,131.60,0,10,0,2,131.60,0.00,0.50,0.00,0,2.00,1,172.85,0,1,3,org.apache.lucene.analysis.Analyzer,0.00,2,1,2,0,2,1,0,0,44,1
"org.apache.lucene.queryParser.standard.TestMultiAnalyzerQPHelper$TestFilter",2,0.71,3.00,34,0.39,13471.45,9,7,12,13,6,94.70,0,41,0,4,94.70,0.00,0.75,0.50,0,2.00,5,1171.90,0,0,6,org.apache.lucene.analysis.TokenFilter,0.29,11,3,6,0,11,2,0,0,224,2
"org.apache.lucene.queryParser.standard.TestMultiAnalyzerQPHelper$TestPosIncrementFilter",2,0.00,2.50,15,0.16,3738.22,4,2,12,5,4,113.50,1,21,0,4,113.50,0.00,0.75,0.50,0,2.00,4,483.67,0,0,4,org.apache.lucene.analysis.TokenFilter,0.29,3,3,5,0,3,2,0,1,108,1
"org.apache.lucene.queryParser.standard.TestMultiFieldQPHelper",11,0.00,1.45,181,2.91,101418.53,11,0,18,38,14,134.66,32,220,0,2,94.78,0.00,0.50,0.00,1,11.00,2,8727.82,0,0,14,org.apache.lucene.util.LuceneTestCase,0.00,27,1,16,0,27,11,0,22,1582,1
"org.apache.lucene.queryParser.standard.TestMultiFieldQPHelper$AnalyzerReturningNull",2,1.00,1.50,9,0.09,1690.04,3,1,18,6,3,125.40,0,16,0,2,125.40,0.00,0.50,0.50,0,2.00,2,257.73,0,1,3,org.apache.lucene.analysis.Analyzer,0.00,4,1,3,0,4,1,0,0,63,3
"org.apache.lucene.queryParser.standard.TestMultiFieldQPHelper$AnalyzerReturningNull$EmptyTokenStream",1,0.00,1.00,3,0.02,186.16,1,0,18,1,1,135.33,0,6,0,3,135.33,0.00,0.67,0.00,0,1.00,1,56.19,0,0,1,org.apache.lucene.analysis.TokenStream,0.33,0,2,1,0,0,1,0,0,18,2
"org.apache.lucene.queryParser.standard.TestQPHelper",0,0.00,0.00,5,0.06,1012.42,1,1,58,1,43,171.00,6,6,0,2,171.00,0.00,0.50,0.00,0,0.00,0,165.67,0,0,43,org.apache.lucene.util.LuceneTestCase,0.00,1,1,0,0,1,0,0,1,39,1
"org.apache.lucene.queryParser.standard.TestQPHelper$QPTestAnalyzer",1,0.00,1.00,3,0.05,715.57,1,0,58,3,3,180.72,1,6,0,2,130.72,0.00,0.50,0.00,0,1.00,1,136.37,0,1,3,org.apache.lucene.analysis.Analyzer,0.00,2,1,1,0,2,0,0,1,34,3
"org.apache.lucene.queryParser.standard.TestQPHelper$QPTestFilter",2,0.60,3.00,24,0.28,9177.99,7,5,58,10,4,141.54,4,31,0,4,101.66,0.00,0.75,0.50,0,2.00,5,842.14,0,0,4,org.apache.lucene.analysis.TokenFilter,0.29,8,3,6,0,8,2,0,1,171,3
"org.apache.lucene.queryParser.standard.TestQPHelper$QPTestParser",56,0.98,1.32,575,8.36,241043.48,57,1,58,142,29,125.63,191,710,0,3,105.02,0.00,0.67,0.04,13,214.00,3,25074.53,4,8,29,org.apache.lucene.queryParser.standard.StandardQueryParser,0.00,86,2,74,0,86,48,0,167,4693,2
"org.apache.lucene.queryParser.standard.TestQPHelper$QPTestParser$CannedAnalyzer",1,0.00,1.00,3,0.03,292.54,1,0,58,2,2,133.78,0,6,0,2,133.78,0.00,0.50,0.00,0,1.00,1,81.93,0,1,2,org.apache.lucene.analysis.Analyzer,0.00,1,1,1,0,1,0,0,0,23,1
"org.apache.lucene.queryParser.standard.TestQPHelper$QPTestParser$CannedTokenStream",1,0.00,5.00,22,0.23,7343.91,4,3,58,5,3,90.11,0,27,0,3,90.11,0.00,0.67,1.00,0,0.00,5,683.73,0,0,3,org.apache.lucene.analysis.TokenStream,0.33,4,2,5,0,4,1,0,0,143,1
"org.apache.lucene.queryParser.standard.TestQPHelper$QPTestParser$QPTestParserQueryNodeProcessor",3,0.00,1.33,9,0.11,2659.22,3,0,58,5,5,129.92,0,22,0,2,129.92,0.00,0.50,0.00,0,3.00,2,318.32,0,3,5,org.apache.lucene.queryParser.core.processors.QueryNodeProcessorImpl,0.00,2,1,4,0,2,0,0,0,79,2
"org.apache.lucene.queryParser.standard.TestQPHelper$QPTestParser$SimpleCJKAnalyzer",1,0.00,1.00,3,0.03,338.69,1,0,58,2,2,133.28,0,6,0,2,133.28,0.00,0.50,0.00,0,1.00,1,85.83,0,1,2,org.apache.lucene.analysis.Analyzer,0.00,1,1,1,0,1,0,0,0,24,1
"org.apache.lucene.queryParser.standard.TestQPHelper$QPTestParser$SimpleCJKTokenizer",2,1.00,1.50,10,0.10,1712.34,3,1,58,6,2,121.74,0,15,0,4,121.74,0.00,0.75,0.50,0,2.00,2,297.37,0,0,2,org.apache.lucene.analysis.Tokenizer,0.21,4,3,3,0,4,2,0,0,70,1
"org.apache.lucene.queryParser.core.util.QueryNodeOperation",2,0.00,4.50,27,0.41,55900.21,2,0,5,9,3,61.87,13,46,0,1,94.09,0.00,0.00,0.00,0,2.00,8,1221.24,0,1,3,java.lang.Object,0.00,7,0,9,0,7,1,0,3,229,2
"org.apache.lucene.queryParser.core.util.QueryNodeOperation$ANDOperation",0,0.00,0.00,2,0.01,36.00,0,0,5,0,0,171.00,0,3,0,1,171.00,0.00,0.00,0.00,0,0.00,0,24.00,0,0,0,java.lang.Object,0.00,0,0,0,0,0,0,0,0,8,1
"org.apache.lucene.queryParser.core.util.StringUtils",1,0.00,2.00,6,0.04,902.27,1,0,0,2,2,118.07,16,9,2,1,118.54,0.00,0.00,0.00,0,1.00,2,109.28,0,1,0,java.lang.Object,0.00,1,0,2,0,1,0,0,1,30,2
"org.apache.lucene.queryParser.core.util.UnescapedCharSequence",12,0.50,1.92,73,0.86,36412.01,14,2,0,24,6,114.64,51,87,6,1,114.40,0.00,0.00,0.04,0,22.00,5,2578.70,0,5,0,java.lang.Object,0.00,12,0,23,0,12,7,1,9,568,2
"org.apache.lucene.analysis.ro.RomanianAnalyzer",5,0.33,1.80,22,0.30,7511.21,8,3,16,16,14,73.39,46,32,1,4,123.39,0.00,0.75,0.07,0,8.00,3,910.78,0,2,13,org.apache.lucene.analysis.util.StopwordAnalyzerBase,0.00,11,3,9,0,11,3,0,9,201,2
"org.apache.lucene.analysis.ro.RomanianAnalyzer$DefaultSetHolder",0,0.00,0.00,6,0.05,853.95,1,1,16,0,1,171.00,2,11,0,1,171.00,0.00,0.00,0.00,0,0.00,0,164.39,0,0,1,java.lang.Object,0.00,0,0,0,0,0,0,0,2,40,2
"org.apache.lucene.analysis.ro.TestRomanianAnalyzer",3,0.00,1.00,14,0.15,2836.17,3,0,5,7,3,164.99,6,19,0,3,125.11,0.00,0.67,0.00,0,3.00,1,450.25,2,0,3,org.apache.lucene.analysis.BaseTokenStreamTestCase,0.00,4,2,3,0,4,3,0,5,103,1
"org.apache.solr.search.BitDocSet",16,0.03,1.50,61,0.64,17036.80,18,2,3,33,13,149.88,60,91,8,2,129.27,0.00,0.50,0.53,0,0.00,3,1906.38,1,2,6,org.apache.solr.search.DocSetBase,0.59,17,1,24,0,17,14,0,16,452,1
"org.apache.solr.search.BitDocSet$DocIterator",5,0.12,1.00,15,0.10,1323.44,7,2,3,7,2,134.12,0,20,0,1,134.12,0.00,0.00,0.40,1,2.00,1,299.93,0,1,2,java.lang.Object,0.00,2,0,5,0,2,4,0,0,85,0
"org.apache.solr.search.BoostQParserPlugin",2,2.00,1.00,6,0.06,623.72,4,2,9,3,11,115.69,10,10,1,2,133.56,0.00,0.50,0.00,0,2.00,1,175.41,0,1,11,org.apache.solr.search.QParserPlugin,0.00,1,1,2,0,1,1,0,1,47,1
"org.apache.solr.search.BoostQParserPlugin$QParser",4,0.44,1.50,23,0.27,8026.21,7,3,9,15,10,118.83,1,32,0,1,118.83,0.00,0.00,0.67,0,0.00,3,820.04,0,3,10,java.lang.Object,0.00,11,0,6,0,11,1,0,1,178,0
"org.apache.solr.search.CacheConfig",8,0.06,1.75,52,0.67,23272.83,15,7,8,24,7,164.57,10,62,2,1,114.57,0.00,0.00,0.09,1,16.00,4,1999.70,0,4,6,java.lang.Object,0.00,16,0,14,0,16,4,0,4,413,1
"org.apache.solr.search.CacheRegenerator",1,0.00,1.00,2,0.02,168.99,1,0,1,1,8,168.51,19,3,8,1,142.23,0.00,0.00,0.00,0,1.00,1,74.42,0,0,2,,0.00,0,0,1,0,0,1,0,2,21,1
"org.apache.solr.search.DisMaxQParser",13,0.00,2.69,116,1.85,70708.40,20,7,16,59,17,128.28,41,153,2,2,107.67,0.00,0.50,0.14,6,61.00,9,5543.47,3,8,15,org.apache.solr.search.QParser,0.18,46,1,35,0,46,5,0,15,1037,1
"org.apache.solr.search.DisMaxQParserPlugin",2,1.00,1.00,5,0.06,769.03,3,1,3,3,6,97.92,89,9,1,2,139.42,0.00,0.50,0.00,0,2.00,1,174.09,0,1,6,org.apache.solr.search.QParserPlugin,0.00,1,1,2,0,1,1,0,1,46,1
"org.apache.solr.search.DocIterator",2,0.00,1.00,3,0.02,120.42,2,0,1,2,31,127.61,27,4,31,1,156.99,0.00,0.00,0.00,0,2.00,1,51.75,0,0,0,,0.00,0,0,2,0,0,2,0,5,19,1
"org.apache.solr.search.DocList",7,0.00,1.00,8,0.04,184.11,7,0,0,7,35,127.60,48,9,34,2,159.82,0.00,0.50,0.00,0,7.00,1,112.17,0,2,1,,0.19,0,1,7,0,0,5,0,15,45,1
"org.apache.solr.search.DocListAndSet",0,0.00,0.00,3,0.02,124.57,2,2,0,0,12,171.00,13,4,10,1,171.00,0.00,0.00,0.00,0,0.00,0,49.83,0,0,2,java.lang.Object,0.00,0,0,0,0,0,0,0,1,15,2
"org.apache.solr.search.DocSet",14,0.00,1.00,15,0.08,384.50,14,0,8,14,34,127.45,91,16,27,1,159.67,0.00,0.00,0.00,0,14.00,1,238.24,0,6,7,,0.00,0,0,14,0,0,8,0,16,92,1
"org.apache.solr.search.DocSetBase",11,0.00,1.73,49,0.58,17433.00,11,0,8,29,12,173.22,21,64,4,1,123.22,0.00,0.00,0.00,3,11.00,6,1728.82,0,5,9,java.lang.Object,0.00,18,0,19,4,18,6,1,13,400,1
"org.apache.solr.search.DocSetBase$Filter",1,0.00,2.00,9,0.09,2731.80,1,0,8,3,2,158.18,1,12,0,1,108.18,0.00,0.00,0.00,0,1.00,2,269.52,0,1,2,java.lang.Object,0.00,2,0,2,0,2,0,0,1,59,0
"org.apache.solr.search.DocSetBase$Filter$DocIdSet",2,0.00,1.00,5,0.03,330.65,2,0,8,3,1,142.30,0,9,0,1,142.30,0.00,0.00,0.00,0,2.00,1,86.05,0,1,1,java.lang.Object,0.00,1,0,2,0,1,1,0,0,27,0
"org.apache.solr.search.DocSetBase$Filter$DocIdSet$DocIdSetIterator",3,0.50,2.00,12,0.18,6584.46,5,2,8,4,0,122.07,0,18,0,1,122.07,0.00,0.00,0.83,0,0.00,3,540.55,0,0,0,java.lang.Object,0.00,1,0,6,0,1,3,0,0,119,0
"org.apache.solr.search.DocSetCollector",6,0.07,1.67,34,0.31,9041.52,12,6,5,10,9,159.67,17,43,3,2,119.78,1.00,0.33,0.22,0,10.00,3,923.36,0,0,6,org.apache.lucene.search.Collector,0.40,4,1,10,1,4,6,0,15,212,0
"org.apache.solr.search.DocSetDelegateCollector",5,0.50,1.80,29,0.28,9258.39,6,1,5,12,9,158.95,11,37,2,3,119.06,0.00,0.67,0.60,0,1.00,3,844.85,0,0,7,org.apache.solr.search.DocSetCollector,0.40,7,2,9,0,7,5,0,11,188,0
"org.apache.solr.search.DocSetPerf",3,0.60,10.00,117,1.80,203744.46,8,5,6,33,4,123.07,5,118,0,1,73.07,0.00,0.00,0.60,2,1.00,24,5402.83,0,0,4,java.lang.Object,0.00,30,0,30,0,30,3,0,4,848,1
"org.apache.solr.search.DocSlice",12,0.12,1.67,54,0.59,20951.96,18,6,0,21,13,172.89,23,65,8,2,122.89,0.00,0.50,0.28,0,32.00,4,1762.82,0,2,5,org.apache.solr.search.DocSetBase,0.17,9,1,20,0,9,10,1,10,402,1
"org.apache.solr.search.DocSlice$DocIterator",5,0.12,1.00,13,0.08,905.91,7,2,0,6,0,141.99,3,18,0,1,141.99,0.00,0.00,0.40,1,2.00,1,251.84,0,1,0,java.lang.Object,0.00,1,0,5,0,1,4,0,1,73,0
"org.apache.solr.search.ExtendedDismaxQParser",10,0.07,11.70,381,6.68,968657.85,18,8,22,86,24,28.11,116,487,1,2,72.24,0.00,0.50,0.19,3,30.00,54,20039.98,6,7,23,org.apache.solr.search.QParser,0.20,76,1,117,0,76,3,0,82,2977,0
"org.apache.solr.search.ExtendedDismaxQParser$Clause",1,6.00,1.00,11,0.06,569.90,9,8,22,1,0,131.07,3,13,0,1,110.45,0.00,0.00,0.25,0,0.00,1,191.02,0,0,0,java.lang.Object,0.00,0,0,1,0,0,1,0,3,49,1
"org.apache.solr.search.ExtendedDismaxQParser$DMP",0,0.00,0.00,1,0.01,49.13,0,0,22,0,0,171.00,1,2,0,2,171.00,0.00,0.50,0.00,0,0.00,0,19.65,0,0,0,,0.00,0,1,0,0,0,0,0,1,7,2
"org.apache.solr.search.ExtendedDismaxQParser$ExtendedAnalyzer",6,0.05,3.67,76,1.03,89867.85,10,4,22,24,7,97.56,4,89,0,2,97.56,0.00,0.50,0.29,2,6.00,12,3076.56,0,3,7,org.apache.lucene.analysis.Analyzer,0.00,18,1,22,0,18,3,0,4,564,1
"org.apache.solr.search.ExtendedDismaxQParser$ExtendedSolrQueryParser",15,0.01,2.47,132,1.69,63074.09,29,14,22,37,10,129.18,50,174,0,4,108.57,0.00,0.75,0.08,4,68.00,8,5064.76,9,10,10,org.apache.solr.search.SolrQueryParser,0.00,22,3,37,0,22,5,0,29,1001,0
"org.apache.solr.search.ExtendedDismaxQParser$ExtendedSolrQueryParser$Alias",0,0.00,0.00,3,0.02,239.86,2,2,22,0,0,171.00,0,4,0,1,171.00,0.00,0.00,0.00,0,0.00,0,68.53,0,0,0,java.lang.Object,0.00,0,0,0,0,0,0,0,0,18,1
"org.apache.solr.search.ExtendedDismaxQParser$QType",0,0.00,0.00,2,0.01,28.53,0,0,22,0,0,171.00,0,8,0,1,171.00,0.00,0.00,0.00,0,0.00,0,28.53,0,0,0,java.lang.Object,0.00,0,0,0,0,0,0,0,0,9,0
"org.apache.solr.search.ExtendedDismaxQParser$U",0,0.00,0.00,1,0.01,49.13,0,0,22,0,1,171.00,1,2,0,2,171.00,0.00,0.50,0.00,0,0.00,0,19.65,0,0,1,org.apache.solr.util.SolrPluginUtils,0.00,0,1,0,0,0,0,0,1,7,2
"org.apache.solr.search.ExtendedDismaxQParserPlugin",2,1.00,1.00,5,0.06,815.39,3,1,22,3,20,189.21,3,9,1,2,139.22,0.00,0.50,0.00,0,2.00,1,179.41,0,1,20,org.apache.solr.search.QParserPlugin,0.00,1,1,2,0,1,1,0,1,47,1
"org.apache.solr.search.FastLRUCache",20,0.02,2.20,153,2.27,139825.36,29,9,12,65,12,159.02,25,184,3,2,109.02,0.00,0.50,0.13,0,114.00,11,6807.15,0,12,9,org.apache.solr.search.SolrCacheBase,0.00,45,1,44,0,45,8,1,13,1193,1
"org.apache.solr.search.FieldQParserPlugin",2,1.00,1.00,5,0.05,464.34,3,1,7,3,8,161.76,7,9,1,2,141.14,0.00,0.50,0.00,0,2.00,1,141.84,0,1,8,org.apache.solr.search.QParserPlugin,0.00,1,1,2,0,1,1,0,1,39,1
"org.apache.solr.search.FieldQParserPlugin$QParser",1,0.00,1.00,7,0.11,2014.08,1,0,7,6,5,113.46,0,9,0,1,113.46,0.00,0.00,0.00,0,1.00,1,326.21,0,1,5,java.lang.Object,0.00,5,0,1,0,5,0,0,0,69,0
"org.apache.solr.search.FooQParser",2,0.00,1.00,5,0.07,1084.82,2,0,7,5,10,138.24,0,9,1,2,138.24,0.00,0.50,0.00,0,2.00,1,220.22,0,1,9,org.apache.solr.search.QParser,0.09,3,1,2,0,3,1,0,0,56,0
"org.apache.solr.search.FooQParserPlugin",2,0.00,1.00,4,0.05,624.38,2,0,7,3,11,140.13,0,8,1,2,140.13,0.00,0.50,0.00,0,2.00,1,139.41,0,1,10,org.apache.solr.search.QParserPlugin,0.00,1,1,2,0,1,1,0,0,38,1
"org.apache.solr.search.FunctionQParser",18,0.07,2.89,174,2.19,121425.41,22,4,9,59,57,87.14,104,217,44,2,105.01,0.00,0.50,0.18,5,94.00,12,6581.47,3,8,15,org.apache.solr.search.QParser,0.05,41,1,52,0,41,10,0,28,1191,1
"org.apache.solr.search.FunctionQParserPlugin",2,1.00,1.00,5,0.06,769.03,3,1,3,3,11,179.30,5,9,6,2,139.42,0.00,0.50,0.00,0,2.00,1,174.09,0,0,6,org.apache.solr.search.QParserPlugin,0.00,1,1,2,0,1,2,0,1,46,1
"org.apache.solr.search.FunctionRangeQParserPlugin",2,1.00,1.00,5,0.05,464.34,3,1,6,3,7,123.27,10,9,1,2,141.14,0.00,0.50,0.00,0,2.00,1,141.84,0,0,7,org.apache.solr.search.QParserPlugin,0.00,1,1,2,0,1,2,0,1,39,1
"org.apache.solr.search.FunctionRangeQParserPlugin$QParser",1,0.00,2.00,17,0.25,8032.45,3,2,6,9,9,144.19,1,20,0,1,94.19,0.00,0.00,1.00,0,0.00,2,738.69,0,1,9,java.lang.Object,0.00,8,0,2,0,8,0,0,1,138,0
"org.apache.solr.search.Grouping",7,0.12,3.43,93,1.37,75681.47,24,17,12,43,25,147.40,11,107,1,1,97.40,0.00,0.00,0.16,1,15.00,14,4113.37,0,2,24,java.lang.Object,0.00,36,0,24,0,36,5,0,11,714,1
"org.apache.solr.search.Grouping$Command",8,0.03,1.75,50,0.62,29733.10,17,9,12,18,9,163.73,11,57,0,1,113.73,0.00,0.00,0.08,1,20.00,7,1867.80,0,4,9,java.lang.Object,0.00,10,0,14,0,10,4,0,11,361,2
"org.apache.solr.search.Grouping$CommandFunc",6,0.28,4.17,85,1.23,71183.34,11,5,12,31,9,135.72,14,103,0,2,95.84,0.00,0.50,0.43,0,0.00,10,3704.18,0,3,9,org.apache.solr.search.Command,0.00,25,1,25,0,25,3,0,8,637,1
"org.apache.solr.search.Grouping$CommandQuery",4,0.11,1.25,19,0.19,2883.85,7,3,12,10,5,125.99,0,29,0,2,125.99,0.00,0.50,0.42,0,0.00,2,563.33,0,1,5,org.apache.solr.search.Command,0.00,6,1,5,0,6,3,0,0,130,1
"org.apache.solr.search.Grouping$FilterCollector",7,0.12,1.14,23,0.20,3179.83,11,4,12,12,3,132.25,0,37,0,2,132.25,0.00,0.50,0.36,0,0.00,2,594.57,0,1,3,org.apache.solr.search.GroupCollector,0.00,5,1,8,0,5,6,0,0,154,0
"org.apache.solr.search.Grouping$Format",0,0.00,0.00,2,0.01,23.26,0,0,12,0,0,171.00,0,1,0,1,171.00,0.00,0.00,0.00,0,0.00,0,15.51,0,0,0,java.lang.Object,0.00,0,0,0,0,0,0,0,0,6,1
"org.apache.solr.search.Grouping$GroupCollector",1,0.00,1.00,2,0.01,62.04,1,0,12,1,1,195.65,1,3,0,2,145.65,0.00,0.50,0.00,0,1.00,1,31.02,0,0,1,org.apache.lucene.search.Collector,0.00,0,1,1,0,0,1,0,1,12,1
"org.apache.solr.search.Grouping$Phase2GroupCollector",5,0.12,2.40,44,0.57,19124.35,13,8,12,18,7,108.90,1,57,0,2,108.90,0.00,0.50,0.22,0,6.00,5,1724.85,0,0,7,org.apache.lucene.search.Collector,0.44,13,1,12,0,13,5,0,1,335,0
"org.apache.solr.search.Grouping$Phase2StringGroupCollector",5,0.25,2.00,33,0.45,11136.98,9,4,12,15,6,115.45,0,45,0,2,115.45,0.00,0.50,0.45,0,2.00,4,1338.05,1,0,6,org.apache.solr.search.Phase2GroupCollector,0.00,10,1,10,0,10,5,0,0,272,0
"org.apache.solr.search.Grouping$SearchGroup",0,0.00,0.00,5,0.02,177.91,4,4,12,0,1,171.00,12,6,0,1,171.00,0.00,0.00,0.00,0,0.00,0,69.19,0,0,1,java.lang.Object,0.00,0,0,0,0,0,0,0,2,20,0
"org.apache.solr.search.Grouping$SearchGroupDocs",0,0.00,0.00,3,0.01,76.08,2,2,12,0,2,171.00,0,4,0,1,171.00,0.00,0.00,0.00,0,0.00,0,38.04,0,0,2,java.lang.Object,0.00,0,0,0,0,0,0,0,0,12,0
"org.apache.solr.search.Grouping$TopGroupCollector",7,0.15,4.71,141,1.74,218743.23,21,14,12,35,5,68.84,37,143,0,2,86.72,0.00,0.50,0.20,1,16.00,21,5222.05,0,0,5,org.apache.solr.search.GroupCollector,0.00,28,1,33,0,28,7,0,37,906,0
"org.apache.solr.search.Grouping$TopGroupCollector$Comparator<SearchGroup>",1,0.00,4.00,12,0.13,6524.13,1,0,12,2,0,100.39,0,12,0,1,100.39,0.00,0.00,0.00,0,0.00,4,389.65,0,0,0,java.lang.Object,0.00,1,0,4,0,1,1,0,0,81,0
"org.apache.solr.search.HashDocSet",11,0.06,3.73,127,1.50,165503.11,16,5,1,20,9,119.57,38,131,5,2,98.96,0.00,0.50,0.25,2,4.00,8,4511.81,0,1,4,org.apache.solr.search.DocSetBase,0.36,9,1,41,0,9,10,0,27,890,2
"org.apache.solr.search.HashDocSet$DocIterator",6,0.40,1.17,18,0.11,1566.92,8,2,1,6,0,134.13,1,24,0,1,134.13,0.00,0.00,0.17,2,10.00,2,331.31,0,1,0,java.lang.Object,0.00,0,0,7,0,0,5,0,1,94,0
"org.apache.solr.search.LRUCache",20,0.05,1.85,134,1.63,77793.24,32,12,8,45,12,163.56,26,163,4,2,113.56,0.00,0.50,0.13,0,122.00,8,4898.08,0,12,8,org.apache.solr.search.SolrCacheBase,0.00,25,1,37,0,25,8,1,18,943,1
"org.apache.solr.search.LRUCache$CumulativeStats",0,0.00,0.00,5,0.05,1253.89,4,4,8,1,0,171.00,0,6,0,1,171.00,0.00,0.00,0.00,0,0.00,0,144.68,0,0,0,java.lang.Object,0.00,1,0,0,0,1,0,0,0,38,2
"org.apache.solr.search.LRUCache$LinkedHashMap<K,V>",1,0.00,2.00,7,0.07,1008.55,1,0,8,3,0,136.28,3,10,0,1,115.66,0.00,0.00,0.00,0,0.00,2,196.38,0,0,0,java.lang.Object,0.00,2,0,2,0,2,1,0,3,46,0
"org.apache.solr.search.LuceneQParser",3,0.25,2.00,17,0.22,5908.20,5,2,10,10,14,118.83,0,25,2,2,118.83,1.00,0.33,0.33,0,1.00,3,660.92,3,2,12,org.apache.solr.search.QParser,0.17,7,1,6,1,7,1,0,0,145,0
"org.apache.solr.search.LuceneQParserPlugin",2,1.00,1.00,5,0.06,769.03,3,1,10,3,12,139.65,8,9,1,2,139.42,0.00,0.50,0.00,0,2.00,1,174.09,0,1,12,org.apache.solr.search.QParserPlugin,0.00,1,1,2,0,1,1,0,1,46,1
"org.apache.solr.search.LuceneQueryOptimizer",2,0.00,4.00,31,0.45,30133.79,4,2,4,16,9,103.04,35,49,1,1,93.91,0.00,0.00,0.50,0,2.00,7,1349.87,0,1,8,java.lang.Object,0.00,14,0,8,0,14,1,0,18,240,0
"org.apache.solr.search.LuceneQueryOptimizer$LinkedHashMap",1,0.00,1.00,3,0.03,353.48,1,0,4,2,0,183.13,1,5,0,1,133.13,0.00,0.00,0.00,0,1.00,1,91.65,0,0,0,java.lang.Object,0.00,1,0,1,0,1,1,0,1,25,0
"org.apache.solr.search.MissingStringLastComparatorSource",3,1.00,1.00,8,0.08,1122.92,4,1,10,4,11,179.39,6,13,1,2,139.51,0.00,0.50,0.33,0,4.00,1,236.06,0,1,10,org.apache.lucene.search.FieldComparatorSource,0.00,1,1,3,0,1,2,0,1,62,1
"org.apache.solr.search.MutableValue",10,1.00,1.30,25,0.26,6425.12,11,1,0,15,24,137.60,1,35,24,1,137.60,0.00,0.00,0.10,3,18.00,3,772.78,0,3,0,java.lang.Object,0.00,5,0,13,6,5,7,1,1,195,2
"org.apache.solr.search.MutableValueDate",2,0.00,1.50,8,0.08,1652.07,2,0,1,4,4,125.48,0,13,2,3,125.48,0.00,0.67,0.00,0,2.00,2,226.48,0,1,2,org.apache.solr.search.MutableValueLong,0.33,2,2,3,0,2,1,0,0,58,1
"org.apache.solr.search.MutableValueDouble",6,0.20,1.67,26,0.29,7468.68,7,1,0,9,2,124.05,0,39,1,2,124.05,0.00,0.50,0.83,0,0.00,4,874.00,0,2,1,org.apache.solr.search.MutableValue,0.38,3,1,10,0,3,4,0,0,207,1
"org.apache.solr.search.MutableValueFloat",6,0.20,1.67,24,0.26,7255.12,7,1,0,9,2,124.15,0,37,1,2,124.15,0.00,0.50,0.83,0,0.00,4,794.30,0,1,1,org.apache.solr.search.MutableValue,0.50,3,1,10,0,3,5,0,0,189,1
"org.apache.solr.search.MutableValueInt",6,0.20,1.83,25,0.29,9715.01,7,1,0,7,2,123.13,1,39,1,2,123.13,0.00,0.50,0.83,0,0.00,5,870.11,0,1,1,org.apache.solr.search.MutableValue,0.50,1,1,11,0,1,5,0,1,205,1
"org.apache.solr.search.MutableValueLong",6,0.20,1.83,25,0.28,8436.66,7,1,0,7,5,123.61,0,38,4,2,123.61,1.00,0.33,0.83,0,0.00,5,835.73,0,1,1,org.apache.solr.search.MutableValue,0.50,1,1,11,1,1,5,0,0,199,1
"org.apache.solr.search.MutableValueStr",6,0.00,1.67,24,0.28,7640.56,7,1,2,13,6,123.97,0,37,3,2,123.97,0.00,0.50,1.00,0,0.00,4,840.71,0,1,3,org.apache.solr.search.MutableValue,0.50,7,1,10,0,7,5,0,0,199,1
"org.apache.solr.search.NestedQParserPlugin",2,1.00,1.00,5,0.05,464.34,3,1,6,3,8,141.38,9,9,1,2,141.14,0.00,0.50,0.00,0,2.00,1,141.84,0,1,8,org.apache.solr.search.QParserPlugin,0.00,1,1,2,0,1,1,0,1,39,1
"org.apache.solr.search.NestedQParserPlugin$QParser",4,0.00,1.00,13,0.13,1923.01,7,3,6,9,6,132.08,1,21,0,1,132.08,0.00,0.00,0.33,0,0.00,1,394.54,0,3,6,java.lang.Object,0.00,5,0,4,0,5,1,0,1,100,0
"org.apache.solr.search.OldLuceneQParser",3,0.50,3.33,26,0.38,15042.25,4,1,10,11,13,157.90,3,38,1,3,107.90,0.00,0.67,0.67,0,1.00,6,1129.70,5,2,12,org.apache.solr.search.LuceneQParser,0.23,8,2,10,0,8,1,0,3,223,0
"org.apache.solr.search.OldLuceneQParserPlugin",2,1.00,1.00,5,0.06,769.03,3,1,3,3,6,179.30,5,9,1,2,139.42,0.00,0.50,0.00,0,2.00,1,174.09,0,1,6,org.apache.solr.search.QParserPlugin,0.00,1,1,2,0,1,1,0,1,46,1
"org.apache.solr.search.PrefixQParserPlugin",2,1.00,1.00,5,0.05,464.34,3,1,7,3,9,161.76,7,9,1,2,141.14,0.00,0.50,0.00,0,2.00,1,141.84,0,1,9,org.apache.solr.search.QParserPlugin,0.00,1,1,2,0,1,1,0,1,39,1
"org.apache.solr.search.PrefixQParserPlugin$QParser",1,0.00,1.00,3,0.05,884.67,1,0,7,4,5,130.00,0,5,0,1,130.00,0.00,0.00,0.00,0,1.00,1,162.30,0,1,5,java.lang.Object,0.00,3,0,1,0,3,0,0,0,40,0
"org.apache.solr.search.QParser",20,0.04,2.20,134,1.67,91481.54,29,9,10,49,72,152.85,53,174,62,1,112.97,0.00,0.00,0.08,4,138.00,10,5003.26,0,12,12,java.lang.Object,0.00,29,0,44,7,29,8,0,25,980,2
"org.apache.solr.search.QParserPlugin",1,2.00,1.00,4,0.20,7382.98,3,2,3,1,24,138.70,3,20,20,1,118.08,0.00,0.00,0.00,0,1.00,1,606.81,0,1,18,java.lang.Object,0.00,0,0,1,15,0,0,1,3,125,2
"org.apache.solr.search.QueryParsing",10,0.03,8.50,286,4.45,458220.21,20,10,31,91,51,31.34,104,351,25,1,79.82,0.00,0.00,0.07,3,30.00,29,13364.87,0,7,28,java.lang.Object,0.00,81,0,85,0,81,3,0,47,2158,1
"org.apache.solr.search.QueryParsing$StrParser",20,0.33,3.15,187,2.10,104483.28,23,3,31,39,1,105.86,17,236,0,1,105.86,0.00,0.00,0.65,4,0.00,15,6303.64,0,7,1,java.lang.Object,0.00,19,0,63,0,19,13,0,10,1213,2
"org.apache.solr.search.QueryParsingTest",3,0.00,3.00,106,1.80,154879.96,3,0,8,14,7,27.93,25,125,0,3,76.04,0.00,0.67,0.00,0,1.00,7,5414.52,1,0,7,org.apache.solr.SolrTestCaseJ4,0.00,11,2,9,0,11,3,0,22,936,1
"org.apache.solr.search.QueryResultKey",4,0.00,4.25,42,0.57,31959.32,11,7,5,10,6,142.52,11,47,3,1,102.63,0.00,0.00,0.14,1,4.00,9,1708.13,0,0,3,java.lang.Object,0.00,6,0,17,0,6,4,0,9,341,2
"org.apache.solr.search.QueryUtils",4,0.00,3.75,34,0.41,20254.90,4,0,5,17,7,75.62,26,40,3,1,107.84,0.00,0.00,0.00,1,4.00,7,1244.38,0,3,4,java.lang.Object,0.00,13,0,15,0,13,1,0,11,254,1
"org.apache.solr.search.RawQParserPlugin",2,1.00,1.00,5,0.05,464.34,3,1,7,3,9,123.27,10,9,1,2,141.14,0.00,0.50,0.00,0,2.00,1,141.84,0,1,9,org.apache.solr.search.QParserPlugin,0.00,1,1,2,0,1,1,0,1,39,1
"org.apache.solr.search.RawQParserPlugin$QParser",1,0.00,1.00,3,0.05,884.67,1,0,7,4,5,130.00,0,5,0,1,130.00,0.00,0.00,0.00,0,1.00,1,162.30,0,1,5,java.lang.Object,0.00,3,0,1,0,3,0,0,0,40,0
"org.apache.solr.search.SolrCache",10,1.00,1.00,13,0.12,1410.84,11,1,5,11,15,111.78,72,14,14,2,154.07,0.00,0.50,0.00,0,10.00,1,345.38,0,3,3,,0.00,1,1,10,0,1,7,0,22,102,1
"org.apache.solr.search.SolrCache$State",0,0.00,0.00,2,0.01,36.00,0,0,5,0,0,171.00,1,6,0,1,171.00,0.00,0.00,0.00,0,0.00,0,24.00,0,0,0,java.lang.Object,0.00,0,0,0,0,0,0,0,1,8,1
"org.apache.solr.search.SolrCacheBase",0,0.00,0.00,2,0.01,70.18,0,0,0,0,2,171.00,6,3,2,1,171.00,0.00,0.00,0.00,0,0.00,0,28.07,0,0,0,java.lang.Object,0.00,0,0,0,2,0,0,0,2,10,2
"org.apache.solr.search.SolrCacheBase$AutoWarmCountRef",4,0.40,2.25,27,0.34,14166.47,9,5,0,12,0,113.84,1,38,0,1,113.84,0.00,0.00,0.50,0,0.00,5,1006.71,0,1,0,java.lang.Object,0.00,8,0,9,0,8,3,0,1,204,2
"org.apache.solr.search.SolrConstantScoreQuery",8,0.00,1.50,23,0.28,6596.82,8,0,8,15,12,157.33,31,41,4,3,136.71,0.00,0.67,0.00,0,8.00,3,849.44,1,4,8,org.apache.lucene.search.ConstantScoreQuery,0.21,7,2,12,0,7,4,0,10,206,1
"org.apache.solr.search.SolrConstantScoreQuery$ConstantScorer",5,0.08,1.60,24,0.26,7974.63,8,3,8,13,3,123.21,0,37,0,3,123.21,0.00,0.67,0.40,0,0.00,4,784.68,0,0,3,org.apache.lucene.search.Scorer,0.80,8,2,8,0,8,5,0,0,177,1
"org.apache.solr.search.SolrConstantScoreQuery$ConstantWeight",7,0.06,1.29,34,0.41,11635.78,10,3,8,18,8,123.12,0,52,0,2,123.12,0.00,0.50,0.29,0,8.00,2,1244.14,0,3,8,org.apache.lucene.search.Weight,0.57,11,1,9,0,11,4,0,0,264,1
"org.apache.solr.search.SolrFieldCacheMBean",8,1.00,1.25,34,0.30,10588.42,9,1,9,17,6,173.91,12,34,1,1,123.91,0.00,0.00,0.12,0,14.00,3,896.61,0,8,6,java.lang.Object,0.00,9,0,10,0,9,0,1,2,203,1
"org.apache.solr.search.SolrFilter",3,0.00,1.00,5,0.06,606.89,3,0,7,3,5,192.73,7,8,1,2,152.84,1.00,0.33,0.00,1,3.00,1,174.22,0,2,4,org.apache.lucene.search.Filter,0.00,0,1,3,1,0,1,0,2,49,2
"org.apache.solr.search.SolrIndexSearcher",62,0.01,3.92,804,12.76,1088795.92,96,34,25,228,111,54.71,465,962,65,2,97.01,0.00,0.50,0.04,11,1614.00,20,38287.78,4,22,51,org.apache.lucene.search.IndexSearcher,0.04,166,1,243,0,166,40,1,175,6572,1
"org.apache.solr.search.SolrIndexSearcher$CacheRegenerator",1,0.00,2.00,5,0.06,1022.98,1,0,25,2,3,121.07,0,7,0,1,121.07,0.00,0.00,0.00,0,1.00,2,168.47,0,0,3,java.lang.Object,0.00,1,0,2,0,1,1,0,0,39,0
"org.apache.solr.search.SolrIndexSearcher$CacheRegenerator_0",1,0.00,1.00,4,0.05,605.72,1,0,25,2,3,126.63,0,5,0,1,126.63,0.00,0.00,0.00,0,1.00,1,143.71,0,0,3,java.lang.Object,0.00,1,0,1,0,1,1,0,0,34,0
"org.apache.solr.search.SolrIndexSearcher$CacheRegenerator_1",1,0.00,2.00,14,0.25,7825.80,1,0,25,13,4,65.21,6,21,0,1,97.43,0.00,0.00,0.00,0,0.00,2,757.15,0,0,4,java.lang.Object,0.00,12,0,2,0,12,1,0,6,133,0
"org.apache.solr.search.SolrIndexSearcher$Collector",4,0.00,1.00,7,0.07,697.19,4,0,25,4,1,153.35,0,15,0,1,153.35,0.00,0.00,0.00,0,4.00,1,195.57,0,0,1,java.lang.Object,0.00,0,0,4,0,0,4,0,0,56,0
"org.apache.solr.search.SolrIndexSearcher$Collector_2",4,1.00,1.25,11,0.12,2365.67,5,1,25,5,1,137.89,0,19,0,1,137.89,0.00,0.00,0.25,0,6.00,2,347.87,0,0,1,java.lang.Object,0.00,1,0,5,0,1,4,0,0,88,0
"org.apache.solr.search.SolrIndexSearcher$Collector_3",4,1.00,1.25,10,0.11,1961.36,5,1,25,5,1,138.53,0,18,0,1,138.53,0.00,0.00,0.25,0,6.00,2,320.81,0,0,1,java.lang.Object,0.00,1,0,5,0,1,4,0,0,83,0
"org.apache.solr.search.SolrIndexSearcher$DocsEnumState",0,0.00,0.00,4,0.02,179.25,3,3,25,0,3,171.00,0,5,0,1,171.00,0.00,0.00,0.00,0,0.00,0,71.70,0,0,3,java.lang.Object,0.00,0,0,0,0,0,0,0,0,20,2
"org.apache.solr.search.SolrIndexSearcher$QueryCommand",23,0.05,1.22,77,0.54,10030.23,32,9,25,26,3,132.37,11,87,0,1,132.37,0.00,0.00,0.07,0,285.00,3,1620.11,0,16,3,java.lang.Object,0.00,3,0,28,0,3,7,0,4,414,2
"org.apache.solr.search.SolrIndexSearcher$QueryResult",8,0.05,1.25,24,0.16,2104.41,11,3,25,9,3,134.09,1,23,0,1,134.09,0.00,0.00,0.29,0,0.00,2,474.33,0,0,3,java.lang.Object,0.00,1,0,10,0,1,8,0,1,130,2
"org.apache.solr.search.SolrIndexSearcher$SetNonLazyFieldSelector",2,0.00,1.50,6,0.06,906.67,3,1,25,3,2,132.19,0,13,0,1,132.19,0.00,0.00,1.00,0,0.00,2,193.32,0,1,2,java.lang.Object,0.00,1,0,3,0,1,1,1,0,51,1
"org.apache.solr.search.SolrQueryParser",8,0.00,3.00,80,1.19,43463.15,12,4,20,50,26,104.27,38,111,3,3,104.03,1.00,0.40,0.25,2,22.00,6,3560.38,7,4,23,org.apache.lucene.queryParser.QueryParser,0.00,42,2,24,2,42,4,0,24,680,1
"org.apache.solr.search.SolrQueryParser$AutomatonQuery",1,0.00,2.00,9,0.11,3322.03,1,0,20,9,1,157.51,1,12,0,1,107.52,0.00,0.00,0.00,0,1.00,2,325.74,0,1,1,java.lang.Object,0.00,8,0,2,0,8,0,0,1,72,0
"org.apache.solr.search.SolrSortField",1,0.00,1.00,2,0.01,69.06,1,0,3,1,3,165.90,3,3,1,1,145.29,0.00,0.00,0.00,0,1.00,1,36.53,0,1,2,,0.00,0,0,1,0,0,0,0,1,13,1
"org.apache.solr.search.SortSpec",9,0.04,1.44,28,0.22,3563.48,12,3,2,10,8,182.66,16,35,6,1,132.66,0.00,0.00,0.30,1,19.00,4,660.03,0,2,2,java.lang.Object,0.00,1,0,13,0,1,7,0,4,174,1
"org.apache.solr.search.SortedIntDocSet",20,0.21,5.00,311,3.43,456658.87,23,3,7,29,14,113.05,75,352,6,2,92.44,0.00,0.50,0.13,7,52.00,15,10283.88,0,3,8,org.apache.solr.search.DocSetBase,0.32,9,1,100,0,9,17,0,67,2022,1
"org.apache.solr.search.SortedIntDocSet$DocIterator",5,0.75,1.00,12,0.07,608.05,6,1,7,6,0,143.35,3,17,0,1,143.35,0.00,0.00,0.40,1,7.00,1,203.48,0,1,0,java.lang.Object,0.00,1,0,5,0,1,4,0,1,62,0
"org.apache.solr.search.SortedIntDocSet$Filter",1,0.00,3.00,18,0.27,21184.49,2,1,7,5,2,39.86,9,22,0,1,89.86,0.00,0.00,1.00,0,0.00,3,816.25,0,1,2,java.lang.Object,0.00,4,0,3,0,4,0,0,9,155,0
"org.apache.solr.search.SortedIntDocSet$Filter$DocIdSet",2,0.00,1.00,5,0.03,330.65,2,0,7,3,1,142.30,0,9,0,1,142.30,0.00,0.00,0.00,0,2.00,1,86.05,0,1,1,java.lang.Object,0.00,1,0,2,0,1,1,0,0,27,0
"org.apache.solr.search.SortedIntDocSet$Filter$DocIdSet$DocIdSetIterator",3,0.50,3.33,27,0.32,34532.41,5,2,7,3,0,153.15,4,38,0,1,103.15,0.00,0.00,0.83,0,0.00,7,969.19,0,0,0,java.lang.Object,0.00,0,0,10,0,0,3,0,4,199,0
"org.apache.solr.search.Sorting",1,0.00,5.00,9,0.14,6153.46,2,1,1,3,5,104.72,16,14,2,1,105.20,0.00,0.00,1.00,0,0.00,5,414.47,0,1,3,java.lang.Object,0.00,2,0,5,0,2,0,0,2,94,1
"org.apache.solr.search.SpatialBoxQParserPlugin",2,1.00,1.00,5,0.06,831.58,3,1,3,3,7,139.15,0,11,1,3,139.15,0.00,0.67,0.00,0,2.00,1,192.33,0,0,6,org.apache.solr.search.SpatialFilterQParserPlugin,0.00,1,2,2,0,1,2,0,0,50,1
"org.apache.solr.search.SpatialFilterQParser",2,1.00,4.50,33,0.61,39073.00,3,1,11,12,15,41.95,19,44,2,2,91.95,0.00,0.50,0.50,0,2.00,8,1835.41,1,1,13,org.apache.solr.search.QParser,0.09,10,1,9,0,10,1,0,10,305,1
"org.apache.solr.search.SpatialFilterQParserPlugin",2,1.00,1.00,5,0.06,784.98,3,1,3,3,7,119.20,28,10,2,2,139.35,1.00,0.33,0.00,0,2.00,1,180.29,0,0,6,org.apache.solr.search.QParserPlugin,0.00,1,1,2,1,1,2,0,1,47,1
"org.apache.solr.search.SpatialFilterTest",7,0.00,1.57,72,1.16,30345.00,7,0,3,8,1,125.57,23,87,0,3,104.95,0.00,0.67,0.00,2,7.00,5,3490.83,7,0,1,org.apache.solr.SolrTestCaseJ4,0.00,1,2,11,0,1,7,0,20,637,1
"org.apache.solr.search.SpatialOptions",3,7.00,1.00,18,0.16,2277.28,10,7,2,3,7,159.18,8,22,5,1,119.29,0.00,0.00,0.00,0,3.00,1,494.34,0,0,2,java.lang.Object,0.00,0,0,3,0,0,3,0,2,120,1
"org.apache.solr.search.TermOrdValComparator_SML",8,0.09,1.50,48,0.63,20271.12,16,8,10,18,15,165.08,9,65,7,2,115.08,0.00,0.50,0.05,0,14.00,5,1901.57,0,3,8,org.apache.lucene.search.FieldComparator,0.67,10,1,12,0,10,5,0,9,393,0
"org.apache.solr.search.TermOrdValComparator_SML$AnyOrdComparator",3,0.50,3.00,30,0.33,13590.50,4,1,10,6,2,144.54,6,40,0,2,104.65,0.00,0.50,0.67,0,1.00,5,1001.65,0,0,2,org.apache.solr.search.PerSegmentComparator,0.00,3,1,9,0,3,3,0,6,207,3
"org.apache.solr.search.TermOrdValComparator_SML$ByteOrdComparator",3,0.50,3.00,30,0.33,14432.42,4,1,10,5,2,144.33,6,40,0,2,104.45,0.00,0.50,0.67,0,1.00,5,982.65,0,0,2,org.apache.solr.search.PerSegmentComparator,0.00,2,1,9,0,2,3,0,6,201,3
"org.apache.solr.search.TermOrdValComparator_SML$IntOrdComparator",3,0.50,3.00,30,0.32,13394.05,4,1,10,5,2,144.59,6,40,0,2,104.70,0.00,0.50,0.67,0,1.00,5,948.29,0,0,2,org.apache.solr.search.PerSegmentComparator,0.00,2,1,9,0,2,3,0,6,197,3
"org.apache.solr.search.TermOrdValComparator_SML$PerSegmentComparator",5,0.43,2.80,63,0.67,26773.21,16,11,10,9,3,101.14,2,80,0,2,101.14,0.00,0.50,0.44,0,0.00,5,2013.55,0,2,3,org.apache.lucene.search.FieldComparator,0.50,4,1,14,0,4,3,0,2,410,3
"org.apache.solr.search.TermOrdValComparator_SML$ShortOrdComparator",3,0.50,3.00,30,0.33,14432.42,4,1,10,5,2,144.33,6,40,0,2,104.45,0.00,0.50,0.67,0,1.00,5,982.65,0,0,2,org.apache.solr.search.PerSegmentComparator,0.00,2,1,9,0,2,3,0,6,201,3
"org.apache.solr.search.TermQParserPlugin",2,1.00,1.00,5,0.05,464.34,3,1,9,3,11,98.85,15,9,1,2,141.14,0.00,0.50,0.00,0,2.00,1,141.84,0,1,11,org.apache.solr.search.QParserPlugin,0.00,1,1,2,0,1,1,0,1,39,1
"org.apache.solr.search.TermQParserPlugin$QParser",1,0.00,2.00,11,0.15,4548.04,1,0,9,9,7,103.19,0,14,0,1,103.19,0.00,0.00,0.00,0,1.00,2,451.18,0,1,7,java.lang.Object,0.00,8,0,2,0,8,0,0,0,90,0
"org.apache.solr.search.TestDocSet",18,0.10,2.67,232,2.66,134670.48,22,4,15,59,15,57.72,135,216,0,2,100.01,0.00,0.50,0.15,10,34.00,8,7980.02,0,10,15,org.apache.lucene.util.LuceneTestCase,0.00,41,1,48,0,41,8,0,23,1557,1
"org.apache.solr.search.TestDocSet$FilterIndexReader",3,0.00,1.00,7,0.04,510.41,3,0,15,3,1,142.20,0,13,0,1,142.20,0.00,0.00,0.00,0,3.00,1,124.53,0,1,1,java.lang.Object,0.00,0,0,3,0,0,2,0,0,39,0
"org.apache.solr.search.TestExtendedDismaxParser",5,0.00,1.00,47,0.91,24099.70,5,0,1,5,1,74.18,32,116,0,3,106.40,0.00,0.67,0.00,0,5.00,1,2740.28,7,2,1,org.apache.solr.util.AbstractSolrTestCase,0.34,0,2,5,0,0,3,0,15,456,1
"org.apache.solr.search.TestFastLRUCache",13,0.00,2.54,269,4.37,214011.05,13,0,9,69,6,109.67,48,267,0,2,89.05,0.00,0.50,0.00,4,13.00,6,13105.71,0,1,6,org.apache.lucene.util.LuceneTestCase,0.00,56,1,33,0,56,12,0,12,2227,1
"org.apache.solr.search.TestFastLRUCache$CacheRegenerator",1,0.00,1.00,4,0.04,577.51,1,0,9,2,2,126.80,0,6,0,1,126.80,0.00,0.00,0.00,0,1.00,1,124.69,0,0,2,java.lang.Object,0.00,1,0,1,0,1,1,0,0,31,0
"org.apache.solr.search.TestFastLRUCache$Thread",1,0.00,1.00,4,0.04,539.08,1,0,9,3,0,127.03,0,6,0,1,127.03,0.00,0.00,0.00,0,1.00,1,122.20,0,0,0,java.lang.Object,0.00,2,0,1,0,2,1,0,0,30,0
"org.apache.solr.search.TestIndexSearcher",4,0.00,1.00,65,1.18,60537.90,4,0,11,23,6,133.05,10,72,0,3,93.17,0.00,0.67,0.00,1,4.00,1,3538.84,9,1,6,org.apache.solr.SolrTestCaseJ4,0.05,19,2,4,0,19,3,0,10,603,1
"org.apache.solr.search.TestLRUCache",5,0.00,2.00,94,1.60,76574.94,5,0,6,19,3,141.06,6,91,0,2,91.06,0.00,0.50,0.00,2,5.00,4,4786.32,0,1,3,org.apache.lucene.util.LuceneTestCase,0.00,14,1,10,0,14,4,0,4,820,1
"org.apache.solr.search.TestLRUCache$CacheRegenerator",1,0.00,1.00,4,0.05,759.90,1,0,6,2,2,125.86,0,7,0,1,125.86,0.00,0.00,0.00,0,1.00,1,148.23,0,0,2,java.lang.Object,0.00,1,0,1,0,1,1,0,0,35,0
"org.apache.solr.search.TestQueryTypes",6,0.00,1.33,75,1.66,87494.54,6,0,2,7,2,80.02,30,218,0,3,97.89,0.00,0.67,0.00,0,6.00,3,4987.80,7,3,2,org.apache.solr.util.AbstractSolrTestCase,0.33,1,2,8,0,1,3,0,30,708,1
"org.apache.solr.search.TestQueryUtils",7,0.00,1.43,83,1.54,54731.21,7,0,7,19,7,141.30,19,222,0,3,101.41,0.00,0.67,0.00,2,7.00,4,4634.40,6,2,7,org.apache.solr.util.AbstractSolrTestCase,0.32,12,2,10,0,12,5,0,17,749,1
"org.apache.solr.search.TestRangeQuery",7,0.83,4.00,166,3.94,531892.23,8,1,8,32,6,121.34,19,192,0,3,81.45,0.00,0.67,0.29,2,13.00,14,11824.64,8,0,6,org.apache.solr.SolrTestCaseJ4,0.05,25,2,28,0,25,7,0,19,1811,1
"org.apache.solr.search.TestRangeQuery$DocProcessor",1,0.00,1.00,2,0.01,34.23,1,0,8,1,1,147.69,0,3,0,1,147.69,0.00,0.00,0.00,0,1.00,1,24.41,0,0,1,,0.00,0,0,1,0,0,1,0,0,10,0
"org.apache.solr.search.TestRangeQuery$DocProcessor_0",1,0.00,1.00,3,0.02,124.93,1,0,8,2,1,136.69,0,4,0,1,136.69,0.00,0.00,0.00,0,1.00,1,58.19,0,0,1,java.lang.Object,0.00,1,0,1,0,1,1,0,0,18,0
"org.apache.solr.search.TestSearchPerf",13,0.46,2.00,144,2.17,83391.69,15,2,11,52,16,152.01,19,156,0,3,102.01,0.00,0.67,0.08,5,35.00,9,6517.44,6,3,16,org.apache.solr.util.AbstractSolrTestCase,0.28,39,2,26,0,39,10,0,17,1139,1
"org.apache.solr.search.TestSolrQueryParser",3,0.00,1.00,14,0.13,1811.98,3,0,3,3,1,126.64,2,24,0,3,126.64,0.00,0.67,0.00,1,3.00,1,394.35,6,0,1,org.apache.solr.SolrTestCaseJ4,0.00,0,2,3,0,0,3,0,2,97,1
"org.apache.solr.search.TestSort",4,0.06,4.50,101,1.89,172885.71,10,6,13,46,19,82.00,3,106,0,3,82.00,0.00,0.67,0.21,0,4.00,14,5672.73,0,3,19,org.apache.solr.util.AbstractSolrTestCase,0.18,42,2,18,0,42,1,0,3,836,1
"org.apache.solr.search.TestSort$Collector",4,0.67,1.00,12,0.12,2014.05,5,1,13,9,1,131.92,0,20,0,1,131.92,0.00,0.00,0.50,0,4.00,1,359.24,0,0,1,java.lang.Object,0.00,5,0,4,0,5,4,0,0,93,0
"org.apache.solr.search.TestSort$Comparator<MyDoc>",1,0.00,10.00,14,0.23,13794.09,1,0,13,2,0,95.12,0,16,0,1,95.12,0.00,0.00,0.00,0,1.00,10,680.47,0,0,0,java.lang.Object,0.00,1,0,10,0,1,1,0,0,138,0
"org.apache.solr.search.TestSort$Filter",1,0.00,1.00,3,0.03,451.63,1,0,13,3,1,132.30,0,5,0,1,132.30,0.00,0.00,0.00,0,1.00,1,97.92,0,1,1,java.lang.Object,0.00,2,0,1,0,2,0,0,0,26,0
"org.apache.solr.search.TestSort$MyDoc",1,0.00,1.00,6,0.05,493.71,4,3,13,1,0,120.76,0,9,0,1,120.76,0.00,0.00,1.00,0,0.00,1,150.48,0,1,0,java.lang.Object,0.00,0,0,1,0,0,0,0,0,40,1
"org.apache.solr.search.ValueSourceParser",8,0.71,2.12,128,1.47,77716.82,9,1,21,35,28,115.13,27,138,8,1,94.51,0.00,0.00,0.38,3,14.00,5,4397.67,0,3,22,java.lang.Object,0.00,27,0,17,4,27,5,1,13,829,2
"org.apache.solr.search.ValueSourceParser$DateValueSourceParser",4,1.00,4.50,32,0.58,38428.96,5,1,21,20,9,126.22,12,46,0,2,105.60,0.00,0.50,0.25,1,6.00,11,1743.66,0,3,9,org.apache.solr.search.ValueSourceParser,0.17,16,1,18,0,16,1,0,12,341,0
"org.apache.solr.search.ValueSourceParser$DateValueSourceParser$DualFloatFunction_53",2,0.00,1.00,5,0.05,945.09,2,0,21,3,0,138.71,0,9,0,1,138.71,0.00,0.00,0.00,0,2.00,1,162.41,0,1,0,java.lang.Object,0.00,1,0,2,0,1,1,0,0,44,0
"org.apache.solr.search.ValueSourceParser$DateValueSourceParser$LongConstValueSource",2,0.00,1.00,5,0.05,697.38,2,0,21,3,0,139.75,0,9,0,1,139.75,0.00,0.00,0.00,0,2.00,1,147.96,0,1,0,java.lang.Object,0.00,1,0,2,0,1,1,0,0,40,0
"org.apache.solr.search.ValueSourceParser$DateValueSourceParser$LongConstValueSource_52",2,0.00,1.00,5,0.05,691.53,2,0,21,3,0,139.78,0,9,0,1,139.78,0.00,0.00,0.00,0,2.00,1,144.06,0,1,0,java.lang.Object,0.00,1,0,2,0,1,1,0,0,39,0
"org.apache.solr.search.ValueSourceParser$Double2Parser",1,0.00,1.00,3,0.05,733.88,1,0,21,3,0,130.64,0,5,0,1,130.64,0.00,0.00,0.00,0,1.00,1,136.71,0,0,0,java.lang.Object,0.00,2,0,1,0,2,1,0,0,35,0
"org.apache.solr.search.ValueSourceParser$Double2Parser_39",1,0.00,1.00,3,0.05,733.88,1,0,21,3,0,130.64,0,5,0,1,130.64,0.00,0.00,0.00,0,1.00,1,136.71,0,0,0,java.lang.Object,0.00,2,0,1,0,2,1,0,0,35,0
"org.apache.solr.search.ValueSourceParser$Double2Parser_40",1,0.00,1.00,3,0.05,733.88,1,0,21,3,0,130.64,0,5,0,1,130.64,0.00,0.00,0.00,0,1.00,1,136.71,0,0,0,java.lang.Object,0.00,2,0,1,0,2,1,0,0,35,0
"org.apache.solr.search.ValueSourceParser$DoubleParser",1,0.00,1.00,3,0.04,516.14,1,0,21,2,1,131.84,0,5,0,1,131.84,0.00,0.00,0.00,0,1.00,1,107.52,0,0,1,java.lang.Object,0.00,1,0,1,0,1,1,0,0,28,0
"org.apache.solr.search.ValueSourceParser$DoubleParser_21",1,0.00,1.00,3,0.04,516.14,1,0,21,2,1,131.84,0,5,0,1,131.84,0.00,0.00,0.00,0,1.00,1,107.52,0,0,1,java.lang.Object,0.00,1,0,1,0,1,1,0,0,28,0
"org.apache.solr.search.ValueSourceParser$DoubleParser_22",1,0.00,1.00,3,0.04,445.17,1,0,21,3,0,132.35,0,5,0,1,132.35,0.00,0.00,0.00,0,1.00,1,105.62,0,0,0,java.lang.Object,0.00,2,0,1,0,2,1,0,0,28,0
"org.apache.solr.search.ValueSourceParser$DoubleParser_23",1,0.00,1.00,3,0.04,445.17,1,0,21,3,0,132.35,0,5,0,1,132.35,0.00,0.00,0.00,0,1.00,1,105.62,0,0,0,java.lang.Object,0.00,2,0,1,0,2,1,0,0,28,0
"org.apache.solr.search.ValueSourceParser$DoubleParser_24",1,0.00,1.00,3,0.04,445.17,1,0,21,3,0,132.35,0,5,0,1,132.35,0.00,0.00,0.00,0,1.00,1,105.62,0,0,0,java.lang.Object,0.00,2,0,1,0,2,1,0,0,28,0
"org.apache.solr.search.ValueSourceParser$DoubleParser_25",1,0.00,1.00,3,0.04,445.17,1,0,21,3,0,132.35,0,5,0,1,132.35,0.00,0.00,0.00,0,1.00,1,105.62,0,0,0,java.lang.Object,0.00,2,0,1,0,2,1,0,0,28,0
"org.apache.solr.search.ValueSourceParser$DoubleParser_26",1,0.00,1.00,3,0.04,445.17,1,0,21,3,0,132.35,0,5,0,1,132.35,0.00,0.00,0.00,0,1.00,1,105.62,0,0,0,java.lang.Object,0.00,2,0,1,0,2,1,0,0,28,0
"org.apache.solr.search.ValueSourceParser$DoubleParser_27",1,0.00,1.00,3,0.04,445.17,1,0,21,3,0,132.35,0,5,0,1,132.35,0.00,0.00,0.00,0,1.00,1,105.62,0,0,0,java.lang.Object,0.00,2,0,1,0,2,1,0,0,28,0
"org.apache.solr.search.ValueSourceParser$DoubleParser_28",1,0.00,1.00,3,0.04,445.17,1,0,21,3,0,132.35,0,5,0,1,132.35,0.00,0.00,0.00,0,1.00,1,105.62,0,0,0,java.lang.Object,0.00,2,0,1,0,2,1,0,0,28,0
"org.apache.solr.search.ValueSourceParser$DoubleParser_29",1,0.00,1.00,3,0.04,445.17,1,0,21,3,0,132.35,0,5,0,1,132.35,0.00,0.00,0.00,0,1.00,1,105.62,0,0,0,java.lang.Object,0.00,2,0,1,0,2,1,0,0,28,0
"org.apache.solr.search.ValueSourceParser$DoubleParser_30",1,0.00,1.00,3,0.04,445.17,1,0,21,3,0,132.35,0,5,0,1,132.35,0.00,0.00,0.00,0,1.00,1,105.62,0,0,0,java.lang.Object,0.00,2,0,1,0,2,1,0,0,28,0
"org.apache.solr.search.ValueSourceParser$DoubleParser_31",1,0.00,1.00,3,0.04,445.17,1,0,21,3,0,132.35,0,5,0,1,132.35,0.00,0.00,0.00,0,1.00,1,105.62,0,0,0,java.lang.Object,0.00,2,0,1,0,2,1,0,0,28,0
"org.apache.solr.search.ValueSourceParser$DoubleParser_32",1,0.00,1.00,3,0.04,445.17,1,0,21,3,0,132.35,0,5,0,1,132.35,0.00,0.00,0.00,0,1.00,1,105.62,0,0,0,java.lang.Object,0.00,2,0,1,0,2,1,0,0,28,0
"org.apache.solr.search.ValueSourceParser$DoubleParser_33",1,0.00,1.00,3,0.04,445.17,1,0,21,3,0,132.35,0,5,0,1,132.35,0.00,0.00,0.00,0,1.00,1,105.62,0,0,0,java.lang.Object,0.00,2,0,1,0,2,1,0,0,28,0
"org.apache.solr.search.ValueSourceParser$DoubleParser_34",1,0.00,1.00,3,0.04,445.17,1,0,21,3,0,132.35,0,5,0,1,132.35,0.00,0.00,0.00,0,1.00,1,105.62,0,0,0,java.lang.Object,0.00,2,0,1,0,2,1,0,0,28,0
"org.apache.solr.search.ValueSourceParser$DoubleParser_35",1,0.00,1.00,3,0.04,445.17,1,0,21,3,0,132.35,0,5,0,1,132.35,0.00,0.00,0.00,0,1.00,1,105.62,0,0,0,java.lang.Object,0.00,2,0,1,0,2,1,0,0,28,0
"org.apache.solr.search.ValueSourceParser$DoubleParser_36",1,0.00,1.00,3,0.04,445.17,1,0,21,3,0,132.35,0,5,0,1,132.35,0.00,0.00,0.00,0,1.00,1,105.62,0,0,0,java.lang.Object,0.00,2,0,1,0,2,1,0,0,28,0
"org.apache.solr.search.ValueSourceParser$DoubleParser_37",1,0.00,1.00,3,0.04,445.17,1,0,21,3,0,132.35,0,5,0,1,132.35,0.00,0.00,0.00,0,1.00,1,105.62,0,0,0,java.lang.Object,0.00,2,0,1,0,2,1,0,0,28,0
"org.apache.solr.search.ValueSourceParser$DoubleParser_38",1,0.00,1.00,3,0.04,445.17,1,0,21,3,0,132.35,0,5,0,1,132.35,0.00,0.00,0.00,0,1.00,1,105.62,0,0,0,java.lang.Object,0.00,2,0,1,0,2,1,0,0,28,0
"org.apache.solr.search.ValueSourceParser$DoubleParser_55",3,0.00,1.00,8,0.07,753.60,3,0,21,5,3,140.87,0,12,0,2,140.87,0.00,0.50,0.00,0,3.00,1,202.94,0,1,3,org.apache.solr.search.NamedParser,0.00,2,1,3,0,2,2,0,0,58,1
"org.apache.solr.search.ValueSourceParser$DoubleParser_55$Double2Parser_57",3,0.00,1.00,7,0.07,925.65,3,0,21,5,3,140.17,0,11,0,2,140.17,0.00,0.50,0.00,0,3.00,1,206.70,0,1,3,org.apache.solr.search.NamedParser,0.00,2,1,3,0,2,2,0,0,58,1
"org.apache.solr.search.ValueSourceParser$DoubleParser_55$Double2Parser_57$Function_58",6,0.00,1.17,24,0.33,9844.33,8,2,21,13,2,123.19,4,37,0,2,123.19,0.00,0.50,0.50,1,6.00,2,980.87,0,2,2,org.apache.solr.search.function.ValueSource,0.29,7,1,7,0,7,4,0,1,231,0
"org.apache.solr.search.ValueSourceParser$DoubleParser_55$Double2Parser_57$Function_58$DocValues_59",6,0.00,1.00,13,0.15,2236.44,6,0,21,11,0,139.52,0,25,0,1,139.52,0.00,0.00,0.00,1,6.00,1,463.59,0,2,0,java.lang.Object,0.00,5,0,6,0,5,4,0,0,123,0
"org.apache.solr.search.ValueSourceParser$DoubleParser_55$Function",3,0.00,1.00,8,0.07,1248.67,3,0,21,5,2,139.14,0,14,0,3,139.14,0.00,0.67,0.00,0,4.00,1,215.66,0,2,2,org.apache.solr.search.function.SingleFunction,0.18,2,2,3,0,2,1,0,0,58,0
"org.apache.solr.search.ValueSourceParser$DoubleParser_55$Function$DocValues_56",6,0.00,1.00,13,0.14,1954.40,6,0,21,10,0,139.98,0,25,0,1,139.98,0.00,0.00,0.00,1,6.00,1,420.24,0,2,0,java.lang.Object,0.00,4,0,6,0,4,4,0,0,114,0
"org.apache.solr.search.ValueSourceParser$LongConstValueSource_54",10,0.11,1.10,28,0.24,4234.76,13,3,21,12,1,139.06,0,48,0,3,139.06,0.00,0.67,0.23,0,26.00,2,725.24,0,3,1,org.apache.solr.search.function.ConstNumberSource,0.91,2,2,11,0,2,7,0,0,193,0
"org.apache.solr.search.ValueSourceParser$LongConstValueSource_54$DocValues",6,0.00,1.00,13,0.11,1187.61,6,0,21,8,0,141.69,0,25,0,1,141.69,0.00,0.00,0.00,0,14.00,1,316.31,0,2,0,java.lang.Object,0.00,2,0,6,0,2,4,0,0,89,0
"org.apache.solr.search.ValueSourceParser$MVResult",0,0.00,0.00,3,0.01,138.68,2,2,21,0,1,171.00,0,4,0,1,171.00,0.00,0.00,0.00,0,0.00,0,44.38,0,0,1,java.lang.Object,0.00,0,0,0,0,0,0,0,0,14,2
"org.apache.solr.search.ValueSourceParser$NamedParser",2,1.00,1.00,6,0.03,408.90,3,1,21,2,1,135.01,0,9,0,2,135.01,0.00,0.50,0.50,0,2.00,1,103.84,0,1,1,org.apache.solr.search.ValueSourceParser,0.00,0,1,2,0,0,1,0,0,32,1
"org.apache.solr.search.ValueSourceParser$TInfo",0,0.00,0.00,5,0.03,253.51,4,4,21,0,1,171.00,0,6,0,1,171.00,0.00,0.00,0.00,0,0.00,0,78.87,0,0,1,java.lang.Object,0.00,0,0,0,0,0,0,0,0,22,2
"org.apache.solr.search.ValueSourceParser$ValueSourceParser",1,0.00,1.00,4,0.04,742.41,1,0,21,3,4,125.94,0,6,0,1,125.94,0.00,0.00,0.00,0,1.00,1,120.37,0,1,4,java.lang.Object,0.00,2,0,1,0,2,0,0,0,30,0
"org.apache.solr.search.ValueSourceParser$ValueSourceParser_0",1,0.00,1.00,3,0.03,494.83,1,0,21,3,4,131.98,0,5,0,1,131.98,0.00,0.00,0.00,0,1.00,1,93.84,0,1,4,java.lang.Object,0.00,2,0,1,0,2,0,0,0,25,0
"org.apache.solr.search.ValueSourceParser$ValueSourceParser_1",1,0.00,1.00,4,0.04,742.41,1,0,21,3,4,125.94,0,6,0,1,125.94,0.00,0.00,0.00,0,1.00,1,120.37,0,1,4,java.lang.Object,0.00,2,0,1,0,2,0,0,0,30,0
"org.apache.solr.search.ValueSourceParser$ValueSourceParser_10",1,0.00,1.00,4,0.06,1777.83,1,0,21,5,4,122.95,0,6,0,1,122.95,0.00,0.00,0.00,0,1.00,1,189.11,0,1,4,java.lang.Object,0.00,4,0,1,0,4,0,0,0,43,0
"org.apache.solr.search.ValueSourceParser$ValueSourceParser_11",1,0.00,1.00,4,0.06,1777.83,1,0,21,5,4,122.95,0,6,0,1,122.95,0.00,0.00,0.00,0,1.00,1,189.11,0,1,4,java.lang.Object,0.00,4,0,1,0,4,0,0,0,43,0
"org.apache.solr.search.ValueSourceParser$ValueSourceParser_12",1,0.00,1.00,5,0.04,950.23,1,0,21,3,3,121.48,0,7,0,1,121.48,0.00,0.00,0.00,0,1.00,1,133.10,0,1,3,java.lang.Object,0.00,2,0,1,0,2,0,0,0,34,0
"org.apache.solr.search.ValueSourceParser$ValueSourceParser_12$DualFloatFunction",2,0.00,1.00,5,0.05,945.09,2,0,21,3,0,138.71,0,9,0,1,138.71,0.00,0.00,0.00,0,2.00,1,162.41,0,1,0,java.lang.Object,0.00,1,0,2,0,1,1,0,0,44,0
"org.apache.solr.search.ValueSourceParser$ValueSourceParser_13",1,0.00,1.00,3,0.03,494.83,1,0,21,3,4,131.98,0,5,0,1,131.98,0.00,0.00,0.00,0,1.00,1,93.84,0,1,4,java.lang.Object,0.00,2,0,1,0,2,0,0,0,25,0
"org.apache.solr.search.ValueSourceParser$ValueSourceParser_14",1,0.00,2.00,7,0.07,1756.18,1,0,21,5,5,163.77,1,10,0,1,113.77,0.00,0.00,0.00,0,1.00,2,224.22,0,1,5,java.lang.Object,0.00,4,0,2,0,4,0,0,1,50,0
"org.apache.solr.search.ValueSourceParser$ValueSourceParser_15",1,0.00,1.00,6,0.07,1578.53,1,0,21,5,6,116.79,0,8,0,1,116.79,0.00,0.00,0.00,0,1.00,1,212.33,0,1,6,java.lang.Object,0.00,4,0,1,0,4,0,0,0,48,0
"org.apache.solr.search.ValueSourceParser$ValueSourceParser_16",1,0.00,1.00,5,0.05,1269.80,1,0,21,3,4,120.49,0,7,0,1,120.49,0.00,0.00,0.00,0,1.00,1,161.73,0,1,4,java.lang.Object,0.00,2,0,1,0,2,0,0,0,39,0
"org.apache.solr.search.ValueSourceParser$ValueSourceParser_17",1,0.00,3.00,26,0.36,23083.17,1,0,21,11,7,123.49,2,31,0,1,83.61,0.00,0.00,0.00,0,1.00,3,1068.74,0,1,7,java.lang.Object,0.00,10,0,3,0,10,0,0,2,191,0
"org.apache.solr.search.ValueSourceParser$ValueSourceParser_18",1,0.00,1.00,6,0.07,1772.71,1,0,21,4,4,116.39,0,8,0,1,116.39,0.00,0.00,0.00,0,1.00,1,207.04,0,1,4,java.lang.Object,0.00,3,0,1,0,3,0,0,0,48,0
"org.apache.solr.search.ValueSourceParser$ValueSourceParser_19",1,0.00,1.00,5,0.05,1373.41,1,0,21,3,4,120.22,0,7,0,1,120.22,0.00,0.00,0.00,0,1.00,1,159.27,0,1,4,java.lang.Object,0.00,2,0,1,0,2,0,0,0,39,0
"org.apache.solr.search.ValueSourceParser$ValueSourceParser_2",1,0.00,1.00,4,0.03,646.58,1,0,21,2,3,176.41,1,6,0,1,126.41,0.00,0.00,0.00,0,1.00,1,102.01,0,1,3,java.lang.Object,0.00,1,0,1,0,1,0,0,1,27,0
"org.apache.solr.search.ValueSourceParser$ValueSourceParser_20",1,0.00,5.00,18,0.24,7908.39,1,0,21,13,8,93.11,0,22,0,1,93.11,0.00,0.00,0.00,0,1.00,5,734.10,0,1,8,java.lang.Object,0.00,12,0,5,0,12,0,0,0,137,0
"org.apache.solr.search.ValueSourceParser$ValueSourceParser_3",1,0.00,1.00,6,0.07,1772.71,1,0,21,4,4,116.39,0,8,0,1,116.39,0.00,0.00,0.00,0,1.00,1,207.04,0,1,4,java.lang.Object,0.00,3,0,1,0,3,0,0,0,48,0
"org.apache.solr.search.ValueSourceParser$ValueSourceParser_4",1,0.00,1.00,5,0.05,1182.60,1,0,21,4,4,120.73,0,7,0,1,120.73,0.00,0.00,0.00,0,1.00,1,164.08,0,1,4,java.lang.Object,0.00,3,0,1,0,3,0,0,0,39,0
"org.apache.solr.search.ValueSourceParser$ValueSourceParser_41",1,0.00,1.00,5,0.07,1649.58,1,0,21,4,4,119.59,0,7,0,1,119.59,0.00,0.00,0.00,0,1.00,1,202.95,0,1,4,java.lang.Object,0.00,3,0,1,0,3,0,0,0,45,0
"org.apache.solr.search.ValueSourceParser$ValueSourceParser_42",1,0.00,1.00,6,0.08,2138.32,1,0,21,5,4,115.75,0,8,0,1,115.75,0.00,0.00,0.00,0,1.00,1,253.34,0,1,4,java.lang.Object,0.00,4,0,1,0,4,0,0,0,54,0
"org.apache.solr.search.ValueSourceParser$ValueSourceParser_43",1,0.00,1.00,3,0.03,428.99,1,0,21,2,4,132.47,0,5,0,1,132.47,0.00,0.00,0.00,0,1.00,1,91.40,0,1,4,java.lang.Object,0.00,1,0,1,0,1,0,0,0,24,0
"org.apache.solr.search.ValueSourceParser$ValueSourceParser_44",1,0.00,1.00,3,0.03,428.99,1,0,21,2,4,132.47,0,5,0,1,132.47,0.00,0.00,0.00,0,1.00,1,91.40,0,1,4,java.lang.Object,0.00,1,0,1,0,1,0,0,0,24,0
"org.apache.solr.search.ValueSourceParser$ValueSourceParser_45",1,0.00,1.00,4,0.06,1190.99,1,0,21,3,4,124.32,0,6,0,1,124.32,0.00,0.00,0.00,0,1.00,1,173.06,0,1,4,java.lang.Object,0.00,2,0,1,0,2,0,0,0,40,0
"org.apache.solr.search.ValueSourceParser$ValueSourceParser_46",1,0.00,1.00,4,0.06,1190.99,1,0,21,3,4,124.32,0,6,0,1,124.32,0.00,0.00,0.00,0,1.00,1,173.06,0,1,4,java.lang.Object,0.00,2,0,1,0,2,0,0,0,40,0
"org.apache.solr.search.ValueSourceParser$ValueSourceParser_47",1,0.00,1.00,4,0.06,1190.99,1,0,21,3,4,124.32,0,6,0,1,124.32,0.00,0.00,0.00,0,1.00,1,173.06,0,1,4,java.lang.Object,0.00,2,0,1,0,2,0,0,0,40,0
"org.apache.solr.search.ValueSourceParser$ValueSourceParser_48",1,0.00,1.00,4,0.06,1190.99,1,0,21,3,4,124.32,0,6,0,1,124.32,0.00,0.00,0.00,0,1.00,1,173.06,0,1,4,java.lang.Object,0.00,2,0,1,0,2,0,0,0,40,0
"org.apache.solr.search.ValueSourceParser$ValueSourceParser_49",1,0.00,1.00,4,0.04,742.41,1,0,21,3,4,125.94,0,6,0,1,125.94,0.00,0.00,0.00,0,1.00,1,120.37,0,1,4,java.lang.Object,0.00,2,0,1,0,2,0,0,0,30,0
"org.apache.solr.search.ValueSourceParser$ValueSourceParser_5",1,0.00,1.00,7,0.08,2442.03,1,0,21,4,4,112.80,0,9,0,1,112.80,0.00,0.00,0.00,0,1.00,1,251.00,0,1,4,java.lang.Object,0.00,3,0,1,0,3,0,0,0,57,0
"org.apache.solr.search.ValueSourceParser$ValueSourceParser_50",1,0.00,1.00,3,0.02,315.62,1,0,21,2,4,133.52,0,5,0,1,133.52,0.00,0.00,0.00,0,1.00,1,74.42,0,1,4,java.lang.Object,0.00,1,0,1,0,1,0,0,0,21,0
"org.apache.solr.search.ValueSourceParser$ValueSourceParser_51",1,0.00,1.00,3,0.02,315.62,1,0,21,2,4,133.52,0,5,0,1,133.52,0.00,0.00,0.00,0,1.00,1,74.42,0,1,4,java.lang.Object,0.00,1,0,1,0,1,0,0,0,21,0
"org.apache.solr.search.ValueSourceParser$ValueSourceParser_6",1,0.00,1.00,6,0.07,1772.71,1,0,21,4,4,116.39,0,8,0,1,116.39,0.00,0.00,0.00,0,1.00,1,207.04,0,1,4,java.lang.Object,0.00,3,0,1,0,3,0,0,0,48,0
"org.apache.solr.search.ValueSourceParser$ValueSourceParser_7",1,0.00,1.00,5,0.05,1373.41,1,0,21,3,4,120.22,0,7,0,1,120.22,0.00,0.00,0.00,0,1.00,1,159.27,0,1,4,java.lang.Object,0.00,2,0,1,0,2,0,0,0,39,0
"org.apache.solr.search.ValueSourceParser$ValueSourceParser_8",1,0.00,2.00,8,0.12,4074.91,1,0,21,5,4,108.72,0,10,0,1,108.72,0.00,0.00,0.00,0,1.00,2,346.58,0,1,4,java.lang.Object,0.00,4,0,2,0,4,0,0,0,73,0
"org.apache.solr.search.ValueSourceParser$ValueSourceParser_9",1,0.00,1.00,4,0.03,568.41,1,0,21,3,3,126.85,0,6,0,1,126.85,0.00,0.00,0.00,0,1.00,1,97.92,0,1,3,java.lang.Object,0.00,2,0,1,0,2,0,0,0,26,0
"org.apache.solr.search.ValueSourceParser$ValueSourceParser_9$SimpleFloatFunction",2,0.00,1.00,5,0.05,582.20,2,0,21,4,0,140.37,0,9,0,1,140.37,0.00,0.00,0.00,0,2.00,1,142.16,0,1,0,java.lang.Object,0.00,2,0,2,0,2,1,0,0,39,0
"org.apache.lucene.analysis.fa.PersianAnalyzer",5,2.00,1.60,22,0.27,6468.05,7,2,14,15,13,79.80,58,34,1,4,123.93,0.00,0.75,0.00,0,7.00,2,813.79,0,2,12,org.apache.lucene.analysis.util.StopwordAnalyzerBase,0.00,10,3,8,0,10,3,0,11,182,2
"org.apache.lucene.analysis.fa.PersianAnalyzer$DefaultSetHolder",0,0.00,0.00,6,0.05,853.95,1,1,14,0,1,171.00,2,10,0,1,171.00,0.00,0.00,0.00,0,0.00,0,164.39,0,0,1,java.lang.Object,0.00,0,0,0,0,0,0,0,2,40,2
"org.apache.lucene.analysis.fa.PersianCharFilter",2,0.00,2.50,11,0.13,7537.45,2,0,3,2,4,156.44,4,18,2,4,116.55,0.00,0.75,0.00,0,2.00,4,385.51,1,0,2,org.apache.lucene.analysis.charfilter.CharFilter,0.36,0,3,5,0,0,2,0,1,84,1
"org.apache.lucene.analysis.fa.PersianNormalizationFilter",2,0.00,1.50,11,0.12,2515.75,4,2,4,8,7,160.31,5,17,3,4,120.42,0.00,0.75,0.50,0,2.00,2,367.15,0,0,4,org.apache.lucene.analysis.TokenFilter,0.29,6,3,3,0,6,2,0,1,85,2
"org.apache.lucene.analysis.fa.PersianNormalizer",1,0.00,7.00,27,0.29,9206.88,10,9,1,1,1,125.24,21,35,1,1,85.94,0.00,0.00,1.00,0,0.00,7,859.17,0,0,0,java.lang.Object,0.00,0,0,7,0,0,1,0,3,176,1
"org.apache.lucene.analysis.fa.TestPersianAnalyzer",7,0.00,1.00,81,1.37,59267.92,7,0,2,8,3,81.08,99,90,0,3,101.22,0.00,0.67,0.00,0,7.00,1,4110.69,2,0,3,org.apache.lucene.analysis.BaseTokenStreamTestCase,0.00,1,2,7,0,1,7,0,68,774,1
"org.apache.lucene.analysis.fa.TestPersianNormalizationFilter",7,0.00,1.00,17,0.15,2015.22,7,0,4,10,2,140.41,4,27,0,3,140.41,0.00,0.67,0.00,1,7.00,1,451.88,1,0,2,org.apache.lucene.analysis.BaseTokenStreamTestCase,0.00,3,2,7,0,3,7,0,1,120,1
"org.apache.lucene.index.codecs.preflexrw.PreFlexFieldsWriter",3,0.50,1.67,26,0.34,9009.26,8,5,15,11,13,109.81,2,40,1,2,109.81,0.00,0.50,0.53,0,1.00,2,1025.84,0,1,12,org.apache.lucene.index.codecs.FieldsConsumer,0.33,8,1,5,0,8,2,0,2,212,0
"org.apache.lucene.index.codecs.preflexrw.PreFlexFieldsWriter$PreFlexTermsWriter",5,0.05,1.40,26,0.32,6426.38,10,5,15,9,5,120.37,2,40,0,2,120.37,0.00,0.50,0.24,0,10.00,2,967.31,0,2,5,org.apache.lucene.index.codecs.TermsConsumer,0.40,4,1,7,0,4,3,0,2,214,1
"org.apache.lucene.index.codecs.preflexrw.PreFlexFieldsWriter$PreFlexTermsWriter$PostingsWriter",4,0.42,3.00,46,0.57,41010.48,8,4,15,5,3,100.32,3,62,0,2,100.32,0.00,0.50,0.56,0,0.00,5,1697.03,0,1,3,org.apache.lucene.index.codecs.PostingsConsumer,0.50,1,1,12,0,1,3,0,3,320,1
"org.apache.lucene.index.codecs.preflexrw.PreFlexRWCodec",3,0.00,1.00,7,0.05,640.42,3,0,8,5,6,162.04,9,13,1,2,141.43,0.00,0.50,0.00,0,3.00,1,155.73,0,2,5,org.apache.lucene.index.codecs.preflex.PreFlexCodec,0.00,2,1,3,0,2,1,0,5,45,1
"org.apache.lucene.index.codecs.preflexrw.PreFlexRWCodec$PreFlexFields",1,0.00,4.00,14,0.15,4368.41,1,0,8,6,0,119.88,3,16,0,1,99.26,0.00,0.00,0.00,0,1.00,4,464.57,0,0,0,java.lang.Object,0.00,5,0,4,0,5,1,0,3,95,0
"org.apache.lucene.index.codecs.preflexrw.TermInfosWriter",8,0.20,2.62,93,1.52,94536.45,26,18,7,29,7,67.64,54,122,2,1,99.86,0.00,0.00,0.23,4,2.00,6,4574.32,0,0,5,java.lang.Object,0.00,21,0,21,0,21,8,0,41,847,1
"org.apache.solr.common.luke.FieldFlag",4,0.33,1.50,23,0.27,6282.56,6,2,0,7,4,101.79,21,39,4,1,119.67,0.00,0.00,0.25,0,8.00,3,821.05,0,2,0,java.lang.Object,0.00,3,0,6,0,3,2,0,3,171,1
"org.apache.solr.highlight.DefaultEncoder",5,0.00,1.00,11,0.09,964.94,5,0,2,6,5,191.77,7,22,0,2,141.77,0.00,0.50,0.00,0,5.00,1,272.12,0,5,5,org.apache.solr.highlight.HighlightingPluginBase,0.57,1,1,5,0,1,0,1,4,76,1
"org.apache.solr.highlight.DefaultSolrHighlighter",22,0.29,3.14,240,4.12,247124.98,25,3,39,105,49,83.67,114,325,2,2,101.54,0.00,0.50,0.06,8,138.00,17,12352.48,1,11,47,org.apache.solr.highlight.SolrHighlighter,0.00,83,1,69,0,83,11,1,39,2169,1
"org.apache.solr.highlight.DefaultSolrHighlighter$Comparator<TextFragment>",1,0.00,1.00,3,0.04,541.40,1,0,39,3,1,131.68,0,4,0,1,131.68,0.00,0.00,0.00,0,1.00,1,113.42,0,0,1,java.lang.Object,0.00,2,0,1,0,2,1,0,0,31,0
"org.apache.solr.highlight.DummyHighlighter",2,0.00,1.00,6,0.08,1642.07,2,0,7,4,7,130.25,1,12,0,2,130.25,0.00,0.50,0.00,0,2.00,1,240.42,0,1,7,org.apache.solr.highlight.SolrHighlighter,0.00,2,1,2,0,2,1,0,1,55,1
"org.apache.solr.highlight.FastVectorHighlighterTest",3,0.00,1.00,30,0.44,11222.84,3,0,6,13,6,105.56,2,43,0,3,105.56,0.00,0.67,0.00,0,1.00,1,1317.12,6,0,6,org.apache.solr.SolrTestCaseJ4,0.00,10,2,3,0,10,3,0,2,254,1
"org.apache.solr.highlight.GapFragmenter",5,0.00,1.40,15,0.15,3217.40,5,0,9,9,13,131.01,3,28,1,2,131.01,0.00,0.50,0.00,0,8.00,3,442.56,0,5,12,org.apache.solr.highlight.HighlightingPluginBase,0.57,4,1,7,0,4,0,1,3,106,1
"org.apache.solr.highlight.HighlighterConfigTest",5,0.00,1.00,22,0.27,5082.97,5,0,4,13,4,174.86,6,31,0,3,124.86,0.00,0.67,0.00,0,8.00,1,811.79,7,2,4,org.apache.solr.util.AbstractSolrTestCase,0.34,8,2,5,0,8,3,0,6,166,1
"org.apache.solr.highlight.HighlighterTest",28,0.89,1.07,339,5.70,164071.04,29,1,15,54,11,151.06,48,626,0,3,101.06,0.00,0.67,0.14,0,0.00,3,17104.79,9,0,11,org.apache.solr.SolrTestCaseJ4,0.04,26,2,30,0,26,28,0,45,3044,1
"org.apache.solr.highlight.HighlightingPluginBase",9,0.44,1.22,22,0.18,3167.53,11,2,5,15,12,139.67,6,32,8,1,139.67,0.00,0.00,0.11,0,23.00,3,535.74,0,7,4,java.lang.Object,0.00,6,0,11,10,6,2,1,3,144,2
"org.apache.solr.highlight.HtmlEncoder",5,0.00,1.00,11,0.07,763.54,5,0,3,6,5,192.57,7,21,0,2,142.57,0.00,0.50,0.00,0,5.00,1,221.97,0,5,5,org.apache.solr.highlight.HighlightingPluginBase,0.57,1,1,5,0,1,0,1,4,66,1
"org.apache.solr.highlight.HtmlFormatter",5,0.00,1.20,14,0.14,2589.60,5,0,5,8,8,188.35,6,29,1,2,138.35,0.00,0.50,0.00,0,8.00,2,405.73,0,5,7,org.apache.solr.highlight.HighlightingPluginBase,0.57,3,1,6,0,3,0,1,4,101,1
"org.apache.solr.highlight.LuceneGapFragmenter",4,0.25,1.25,18,0.18,3868.90,8,4,9,7,10,164.87,10,28,1,2,124.98,0.00,0.50,0.44,0,4.00,2,539.03,0,0,9,org.apache.lucene.search.highlight.SimpleFragmenter,0.20,3,1,5,0,3,4,0,3,125,0
"org.apache.solr.highlight.LuceneRegexFragmenter",7,0.17,2.57,84,1.01,62990.57,24,17,13,21,10,81.52,37,114,1,1,99.39,0.00,0.00,0.20,1,25.00,10,3035.65,0,0,9,java.lang.Object,0.00,14,0,18,0,14,7,1,33,584,0
"org.apache.solr.highlight.OrderedToken",0,0.00,0.00,3,0.01,54.00,2,2,39,0,26,171.00,0,4,1,1,171.00,0.00,0.00,0.00,0,0.00,0,36.00,0,0,25,java.lang.Object,0.00,0,0,0,0,0,0,0,0,12,0
"org.apache.solr.highlight.RegexFragmenter",6,0.10,1.67,30,0.42,13773.23,8,2,13,14,12,138.96,20,47,0,2,118.34,0.00,0.50,0.42,0,6.00,4,1252.40,1,5,12,org.apache.solr.highlight.HighlightingPluginBase,0.53,8,1,10,0,8,1,1,4,252,1
"org.apache.solr.highlight.ScoreOrderFragmentsBuilder",5,0.00,1.00,13,0.14,2928.61,5,0,2,7,5,137.98,3,26,1,3,137.98,0.00,0.67,0.00,0,5.00,1,427.95,1,5,4,org.apache.solr.highlight.SolrFragmentsBuilder,0.60,2,2,5,0,2,0,0,3,106,1
"org.apache.solr.highlight.SimpleFragListBuilder",5,0.00,1.20,14,0.12,1817.68,5,0,3,7,7,139.57,3,26,1,2,139.57,0.00,0.50,0.00,0,8.00,2,351.28,0,5,6,org.apache.solr.highlight.HighlightingPluginBase,0.57,2,1,6,0,2,0,1,3,91,1
"org.apache.solr.highlight.SimpleFragmentsBuilder",5,0.00,1.00,13,0.14,2928.61,5,0,2,7,4,137.98,3,26,0,3,137.98,0.00,0.67,0.00,0,5.00,1,427.95,1,5,4,org.apache.solr.highlight.SolrFragmentsBuilder,0.60,2,2,5,0,2,0,0,3,106,1
"org.apache.solr.highlight.SingleFragListBuilder",5,0.00,1.20,14,0.12,1817.68,5,0,3,7,6,139.57,3,26,0,2,139.57,0.00,0.50,0.00,0,8.00,2,351.28,0,5,6,org.apache.solr.highlight.HighlightingPluginBase,0.57,2,1,6,0,2,0,1,3,91,1
"org.apache.solr.highlight.SolrEncoder",2,0.00,1.00,3,0.02,111.57,2,0,5,2,9,125.02,12,4,4,3,157.25,0.00,0.67,0.00,0,2.00,1,67.83,0,1,5,,0.00,0,2,2,0,0,1,0,2,23,1
"org.apache.solr.highlight.SolrFormatter",2,0.00,1.00,3,0.02,111.57,2,0,5,2,9,125.02,12,4,4,3,157.25,0.00,0.67,0.00,0,2.00,1,67.83,0,1,5,,0.00,0,2,2,0,0,1,0,2,23,1
"org.apache.solr.highlight.SolrFragListBuilder",2,0.00,1.00,3,0.02,98.26,2,0,5,2,10,139.81,11,4,5,3,157.68,0.00,0.67,0.00,0,2.00,1,58.95,0,1,5,,0.00,0,2,2,0,0,1,0,2,21,1
"org.apache.solr.highlight.SolrFragmenter",2,0.00,1.00,3,0.02,111.57,2,0,5,2,10,125.02,12,4,5,3,157.25,0.00,0.67,0.00,0,2.00,1,67.83,0,1,5,,0.00,0,2,2,0,0,1,0,2,23,1
"org.apache.solr.highlight.SolrFragmentsBuilder",6,0.40,1.83,30,0.42,14990.86,8,2,7,14,13,168.03,6,42,5,2,118.03,2.00,0.25,0.17,2,18.00,4,1267.10,0,5,8,org.apache.solr.highlight.HighlightingPluginBase,0.00,8,1,11,2,8,1,2,1,271,2
"org.apache.solr.highlight.SolrHighlighter",5,6.00,2.40,35,0.65,28584.30,11,6,16,23,20,77.47,34,52,9,1,109.69,0.00,0.00,0.00,1,5.00,8,1945.02,0,2,13,java.lang.Object,0.00,18,0,12,2,18,3,0,12,378,2
"org.apache.solr.highlight.TermOffsetsTokenStream",2,0.57,1.00,17,0.12,1629.29,9,7,39,4,27,114.39,0,20,2,1,114.39,0.00,0.00,0.43,0,0.00,1,373.96,0,1,25,java.lang.Object,0.00,2,0,2,0,2,1,0,0,89,0
"org.apache.solr.highlight.TermOffsetsTokenStream$MultiValuedStream",2,0.00,3.50,22,0.25,13732.59,4,2,39,6,2,101.65,0,32,0,3,101.65,0.00,0.67,0.50,0,0.00,6,736.62,0,0,2,org.apache.lucene.analysis.TokenStream,0.30,4,2,7,0,4,2,0,0,150,1
"org.apache.solr.highlight.TokenOrderingFilter",2,0.25,3.50,27,0.34,14724.18,6,4,39,14,27,138.59,5,36,1,4,98.71,0.00,0.75,0.38,0,2.00,6,1013.98,0,0,26,org.apache.lucene.analysis.TokenFilter,0.29,12,3,7,0,12,2,0,5,197,1
"org.apache.lucene.search.payloads.AveragePayloadFunction",5,0.00,2.00,21,0.28,7688.97,5,0,1,10,6,123.52,22,35,4,2,123.29,0.00,0.50,0.00,0,5.00,4,829.05,0,1,2,org.apache.lucene.search.payloads.PayloadFunction,0.40,5,1,10,0,5,4,0,2,189,1
"org.apache.lucene.search.payloads.MaxPayloadFunction",5,0.00,2.20,24,0.29,7912.90,5,0,1,11,4,123.40,22,39,2,2,123.17,0.00,0.50,0.00,0,5.00,4,872.56,0,1,2,org.apache.lucene.search.payloads.PayloadFunction,0.40,6,1,11,0,6,4,0,2,197,1
"org.apache.lucene.search.payloads.MinPayloadFunction",5,0.00,2.20,24,0.29,7912.90,5,0,1,11,3,123.40,20,39,1,2,123.17,0.00,0.50,0.00,0,5.00,4,872.56,0,1,2,org.apache.lucene.search.payloads.PayloadFunction,0.40,6,1,11,0,6,4,0,2,197,1
"org.apache.lucene.search.payloads.PayloadFunction",5,0.00,1.00,10,0.12,1473.66,5,0,1,8,7,108.10,31,14,6,1,140.32,0.00,0.00,0.00,0,5.00,1,348.43,0,1,1,java.lang.Object,0.00,3,0,5,3,3,4,0,3,93,2
"org.apache.lucene.search.payloads.PayloadHelper",2,0.43,1.50,30,0.52,18626.24,9,7,19,18,15,53.49,15,33,2,1,95.78,0.00,0.00,0.36,0,0.00,2,1566.96,0,1,13,java.lang.Object,0.00,16,0,3,0,16,1,0,5,285,1
"org.apache.lucene.search.payloads.PayloadHelper$PayloadAnalyzer",1,0.00,1.00,5,0.06,1202.11,1,0,19,3,0,120.67,0,8,0,2,120.67,0.00,0.50,0.00,0,1.00,1,173.38,0,1,0,org.apache.lucene.index.Analyzer,0.00,2,1,1,0,2,0,0,0,42,2
"org.apache.lucene.search.payloads.PayloadHelper$PayloadFilter",2,0.67,3.00,20,0.20,5207.46,5,3,19,6,3,106.55,0,33,0,4,106.55,0.00,0.75,0.67,0,0.00,5,601.27,0,0,3,org.apache.lucene.analysis.TokenFilter,0.29,4,3,6,0,4,2,0,0,128,2
"org.apache.lucene.search.payloads.PayloadNearQuery",7,0.08,3.00,58,0.75,31015.19,9,2,17,28,17,148.23,15,80,2,4,108.34,0.00,0.75,0.43,0,8.00,10,2236.58,3,3,15,org.apache.lucene.search.spans.SpanNearQuery,0.24,21,3,21,0,21,4,0,2,469,1
"org.apache.lucene.search.payloads.PayloadNearQuery$PayloadNearSpanScorer",6,0.27,2.17,52,0.74,34506.74,9,3,17,22,7,147.41,14,69,0,4,107.53,0.00,0.75,0.56,2,0.00,6,2208.25,2,1,7,org.apache.lucene.search.spans.SpanScorer,0.50,16,3,13,0,16,5,0,5,447,1
"org.apache.lucene.search.payloads.PayloadNearQuery$PayloadNearSpanWeight",2,0.00,1.00,5,0.08,1144.25,2,0,17,6,4,138.06,0,11,0,3,138.06,0.00,0.67,0.00,0,2.00,1,236.46,0,1,4,org.apache.lucene.search.spans.SpanWeight,0.00,4,2,2,0,4,1,0,0,57,1
"org.apache.lucene.search.payloads.PayloadSpanUtil",4,1.00,7.00,100,1.53,183124.24,5,1,23,31,18,63.83,21,108,2,1,81.70,0.00,0.00,0.25,2,6.00,21,4597.91,0,1,16,java.lang.Object,0.00,27,0,28,0,27,3,0,3,741,1
"org.apache.lucene.search.payloads.PayloadTermQuery",3,2.00,1.00,12,0.10,1313.27,5,2,15,4,18,127.98,12,17,4,4,127.74,0.00,0.75,0.00,0,3.00,1,311.96,0,1,14,org.apache.lucene.search.spans.SpanTermQuery,0.00,1,3,3,0,1,2,0,1,81,1
"org.apache.lucene.search.payloads.PayloadTermQuery$PayloadTermWeight",4,0.00,3.25,22,0.33,12046.24,4,0,15,9,5,117.26,0,39,0,3,117.26,0.00,0.67,0.00,0,6.00,8,976.89,2,1,5,org.apache.lucene.search.spans.SpanWeight,0.00,5,2,13,0,5,3,0,0,213,1
"org.apache.lucene.search.payloads.PayloadTermQuery$PayloadTermWeight$PayloadTermSpanScorer",7,0.08,1.86,50,0.72,28479.47,11,4,15,26,8,111.15,29,78,0,4,110.91,0.00,0.75,0.32,2,16.00,3,2170.04,2,1,8,org.apache.lucene.search.spans.SpanScorer,0.48,19,3,13,0,19,6,0,11,434,1
"org.apache.lucene.search.payloads.TestPayloadNearQuery",12,0.03,1.75,175,2.59,105857.48,18,6,28,44,29,136.93,29,173,0,2,97.05,0.00,0.50,0.19,1,0.00,4,7782.45,2,3,29,org.apache.lucene.util.LuceneTestCase,0.00,32,1,21,0,32,9,0,23,1404,1
"org.apache.lucene.search.payloads.TestPayloadNearQuery$BoostingSimilarity",7,0.00,1.00,15,0.16,2141.43,7,0,28,9,3,140.20,5,23,0,3,140.20,0.00,0.67,0.00,0,7.00,1,478.13,0,1,3,org.apache.lucene.search.DefaultSimilarity,0.43,2,2,7,0,2,6,0,5,125,1
"org.apache.lucene.search.payloads.TestPayloadNearQuery$BoostingSimilarity$IDFExplanation",2,0.00,1.00,5,0.03,286.06,2,0,28,2,0,142.80,0,9,0,1,142.80,0.00,0.00,0.00,0,2.00,1,81.08,0,1,0,java.lang.Object,0.00,0,0,2,0,0,1,0,0,26,0
"org.apache.lucene.search.payloads.TestPayloadNearQuery$PayloadAnalyzer",1,0.00,1.00,5,0.06,1184.00,1,0,28,3,3,120.72,0,8,0,2,120.72,0.00,0.50,0.00,0,1.00,1,169.24,0,1,3,org.apache.lucene.analysis.Analyzer,0.00,2,1,1,0,2,0,0,0,41,1
"org.apache.lucene.search.payloads.TestPayloadNearQuery$PayloadFilter",2,0.33,2.00,18,0.17,4535.06,5,3,28,5,4,108.82,0,24,0,4,108.82,0.00,0.75,0.50,0,0.00,3,501.43,0,0,4,org.apache.lucene.analysis.TokenFilter,0.29,3,3,4,0,3,2,0,0,110,1
"org.apache.lucene.search.payloads.TestPayloadTermQuery",8,0.10,2.00,128,2.25,104040.49,15,7,28,46,29,114.14,30,146,0,2,93.53,0.00,0.50,0.23,0,0.00,4,6754.65,2,0,29,org.apache.lucene.util.LuceneTestCase,0.00,38,1,16,0,38,8,0,23,1183,1
"org.apache.lucene.search.payloads.TestPayloadTermQuery$BoostingSimilarity",7,0.00,1.14,15,0.16,2327.23,7,0,28,8,2,139.88,5,30,0,3,139.88,0.00,0.67,0.00,0,7.00,2,483.67,0,0,2,org.apache.lucene.search.DefaultSimilarity,0.54,1,2,8,0,1,7,0,5,127,1
"org.apache.lucene.search.payloads.TestPayloadTermQuery$FullSimilarity",1,0.00,1.00,3,0.03,383.82,1,0,28,1,1,182.85,1,5,0,3,132.85,0.00,0.67,0.00,0,1.00,1,99.51,0,0,1,org.apache.lucene.search.DefaultSimilarity,0.00,0,2,1,0,0,1,0,1,27,1
"org.apache.lucene.search.payloads.TestPayloadTermQuery$PayloadAnalyzer",1,0.00,1.00,5,0.06,1184.00,1,0,28,3,3,120.72,0,8,0,2,120.72,0.00,0.50,0.00,0,1.00,1,169.24,0,1,3,org.apache.lucene.analysis.Analyzer,0.00,2,1,1,0,2,0,0,0,41,1
"org.apache.lucene.search.payloads.TestPayloadTermQuery$PayloadFilter",2,0.67,3.00,22,0.21,6191.34,5,3,28,6,4,104.41,0,30,0,4,104.41,0.00,0.75,0.67,0,0.00,5,638.10,0,0,4,org.apache.lucene.analysis.TokenFilter,0.29,4,3,6,0,4,2,0,0,134,1
"org.apache.solr.uima.processor.ae.AEProvider",1,0.00,1.00,2,0.01,51.30,1,0,2,1,2,128.43,5,3,2,1,146.30,0.00,0.00,0.00,0,1.00,1,27.65,0,1,0,,0.00,0,0,1,0,0,0,0,1,11,1
"org.apache.solr.uima.processor.ae.AEProviderFactory",3,0.25,1.67,13,0.16,5089.41,5,2,2,11,4,162.88,6,20,2,1,122.99,0.00,0.00,0.33,0,5.00,2,487.16,0,1,2,java.lang.Object,0.00,8,0,5,0,8,2,0,2,111,1
"org.apache.solr.uima.processor.ae.OverridingParamsAEProvider",2,0.50,3.50,26,0.51,25628.83,6,4,9,23,2,78.94,11,39,1,1,96.81,0.00,0.00,0.50,0,2.00,6,1532.48,0,1,1,java.lang.Object,0.00,21,0,7,0,21,1,1,5,275,1
"org.apache.lucene.analysis.util.CharArrayMap",31,0.00,2.45,239,3.08,184418.54,41,10,8,57,12,130.16,111,294,10,2,109.55,1.00,0.33,0.10,6,382.00,7,9241.67,1,5,3,java.util.AbstractMap,0.00,26,1,76,1,26,26,0,31,1868,1
"org.apache.lucene.analysis.util.CharArrayMap$CharArraySet",4,0.00,1.00,9,0.08,991.38,4,0,8,5,0,140.92,0,17,0,1,140.92,0.00,0.00,0.00,0,4.00,1,245.53,0,0,0,java.lang.Object,0.00,1,0,4,0,1,4,0,0,68,0
"org.apache.lucene.analysis.util.CharArrayMap$EmptyCharArrayMap<V>",7,0.00,1.86,21,0.25,4872.12,7,0,8,9,2,130.67,0,41,0,2,130.67,0.00,0.50,0.00,0,7.00,2,746.00,0,0,2,org.apache.lucene.analysis.util.UnmodifiableCharArrayMap,0.00,2,1,13,0,2,7,0,0,180,3
"org.apache.lucene.analysis.util.CharArrayMap$EntryIterator",9,0.00,1.22,30,0.25,4799.82,12,3,8,12,0,131.68,5,41,0,1,131.68,0.00,0.00,0.33,2,7.00,2,744.63,0,2,0,java.lang.Object,0.00,3,0,11,0,3,7,1,5,188,1
"org.apache.lucene.analysis.util.CharArrayMap$EntrySet",6,0.80,1.50,20,0.25,7677.10,7,1,8,13,1,128.64,0,34,0,2,128.64,0.00,0.50,0.33,0,14.00,3,745.18,0,1,1,java.util.AbstractSet,0.00,7,1,9,0,7,5,0,0,173,2
"org.apache.lucene.analysis.util.CharArrayMap$MapEntry",5,0.00,1.40,17,0.20,4496.74,7,2,8,9,1,129.86,2,27,0,1,129.86,0.00,0.00,0.50,0,0.00,2,595.55,0,2,1,java.lang.Object,0.00,4,0,7,0,4,3,1,2,144,2
"org.apache.lucene.analysis.util.CharArrayMap$UnmodifiableCharArrayMap",8,0.00,1.00,17,0.16,2137.62,8,0,8,10,1,140.66,0,33,0,3,140.66,0.00,0.67,0.00,0,8.00,1,489.24,0,1,1,org.apache.lucene.analysis.util.CharArrayMap,0.23,2,2,8,0,2,7,0,0,135,1
"org.apache.lucene.analysis.util.CharArraySet",16,0.00,1.62,52,0.67,21768.19,19,3,5,34,67,96.19,98,80,66,2,128.41,0.00,0.50,0.33,0,0.00,4,2024.16,0,4,2,java.util.AbstractSet,0.00,18,1,26,0,18,12,0,14,470,1
"org.apache.lucene.analysis.util.FilteringTokenFilter",5,0.25,2.20,25,0.22,7042.27,7,2,5,7,4,102.08,29,37,0,4,119.95,1.00,0.43,0.30,1,7.00,7,652.67,0,0,4,org.apache.lucene.analysis.TokenFilter,0.24,2,3,11,3,2,5,0,7,150,2
"org.apache.lucene.analysis.util.ReusableAnalyzerBase",4,0.00,1.25,14,0.17,4544.33,4,0,7,7,29,118.73,60,25,24,2,129.09,38.00,0.02,0.00,2,4.00,2,524.68,2,3,5,org.apache.lucene.analysis.Analyzer,0.00,3,1,5,38,3,1,0,7,121,2
"org.apache.lucene.analysis.util.ReusableAnalyzerBase$TokenStreamComponents",4,0.17,1.25,15,0.12,2145.65,6,2,7,6,2,83.55,34,22,0,1,131.66,0.00,0.00,0.38,0,4.00,2,357.75,0,1,2,java.lang.Object,0.00,2,0,5,0,2,3,0,5,95,2
"org.apache.lucene.analysis.util.StemmerUtil",5,0.00,3.20,26,0.44,20467.53,5,0,0,8,0,72.09,59,39,0,1,116.21,0.00,0.00,0.00,0,5.00,4,1307.85,0,0,0,java.lang.Object,0.00,3,0,16,0,3,5,0,8,274,1
"org.apache.lucene.analysis.util.StopwordAnalyzerBase",4,0.33,1.75,15,0.22,6304.29,6,2,5,10,20,83.77,47,24,16,3,127.89,15.50,0.06,0.25,0,8.00,3,667.06,0,2,4,org.apache.lucene.analysis.util.ReusableAnalyzerBase,0.00,6,2,7,31,6,2,0,7,147,2
"org.apache.lucene.analysis.util.TestCharArrayMap",5,0.00,4.20,165,2.65,224233.94,5,0,4,49,2,117.28,11,185,0,2,77.39,0.00,0.50,0.00,1,5.00,9,7950.59,0,0,2,org.apache.lucene.util.LuceneTestCase,0.00,44,1,21,0,44,5,0,11,1360,1
"org.apache.lucene.analysis.util.TestCharArraySet",17,0.38,3.82,347,5.02,299505.97,18,1,3,54,2,128.61,49,385,0,2,88.72,0.00,0.50,0.65,0,0.00,10,15048.01,0,0,2,org.apache.lucene.util.LuceneTestCase,0.00,37,1,65,0,37,17,0,32,2786,1
"org.apache.lucene.analysis.util.TestWordlistLoader",4,0.00,1.00,30,0.43,10537.88,4,0,7,16,1,133.15,14,44,0,2,112.54,0.00,0.50,0.00,1,4.00,1,1286.70,0,0,1,org.apache.lucene.util.LuceneTestCase,0.00,12,1,4,0,12,4,0,12,264,1
"org.apache.lucene.analysis.util.VocabularyAssert",4,0.00,1.75,30,0.47,14257.01,4,0,9,18,2,161.38,6,45,0,1,111.38,0.00,0.00,0.00,1,4.00,3,1408.38,0,0,2,java.lang.Object,0.00,14,0,7,0,14,4,0,6,284,1
"org.apache.lucene.analysis.util.WordlistLoader",9,0.00,3.33,83,1.23,81648.18,9,0,9,28,14,59.83,105,137,14,1,103.96,0.00,0.00,0.00,2,9.00,7,3704.07,0,9,0,java.lang.Object,0.00,19,0,30,0,19,0,0,10,712,1
"org.apache.lucene.analysis.query.QueryAutoStopWordAnalyzer",10,0.00,2.60,99,1.42,68161.97,14,4,13,38,11,55.00,98,123,1,2,105.00,0.00,0.50,0.25,1,18.00,6,4247.35,2,4,10,org.apache.lucene.analysis.Analyzer,0.00,28,1,26,0,28,6,0,18,831,2
"org.apache.lucene.analysis.query.QueryAutoStopWordAnalyzer$SavedStreams",0,0.00,0.00,3,0.01,97.50,2,2,13,0,1,171.00,5,5,0,1,171.00,0.00,0.00,0.00,0,0.00,0,39.00,0,0,1,java.lang.Object,0.00,0,0,0,0,0,0,0,2,13,1
"org.apache.lucene.analysis.query.QueryAutoStopWordAnalyzerTest",11,0.18,1.09,89,1.16,29284.06,17,6,20,35,18,160.32,12,101,0,3,110.32,0.00,0.67,0.33,1,0.00,2,3479.71,3,0,18,org.apache.lucene.analysis.BaseTokenStreamTestCase,0.00,24,2,12,0,24,11,0,5,694,1
"org.apache.lucene.analysis.query.QueryAutoStopWordAnalyzerTest$NonreusableAnalyzer",1,0.00,2.00,4,0.07,1410.19,2,1,20,3,4,123.58,0,10,0,2,123.58,0.00,0.50,1.00,0,0.00,2,207.51,0,1,4,org.apache.lucene.analysis.Analyzer,0.00,2,1,2,0,2,0,0,0,48,1
"org.apache.solr.util.plugin.AbstractPluginLoader",8,0.00,3.12,85,1.44,117209.93,12,4,11,23,7,52.15,82,125,3,1,100.63,0.00,0.00,0.25,3,16.00,12,4309.34,0,1,4,java.lang.Object,0.00,15,0,25,2,15,7,0,15,736,2
"org.apache.solr.util.plugin.AbstractPluginLoader$PluginInitInfo",1,2.00,1.00,6,0.04,417.53,3,2,11,1,0,121.34,0,10,0,1,121.34,0.00,0.00,0.00,0,1.00,1,112.24,0,0,0,java.lang.Object,0.00,0,0,1,0,0,1,0,0,33,1
"org.apache.solr.util.plugin.MapInitializedPlugin",1,0.00,1.00,2,0.01,91.08,1,0,1,1,0,112.12,6,3,0,1,144.34,0.00,0.00,0.00,0,1.00,1,41.70,0,0,0,,0.00,0,0,1,0,0,1,0,1,15,1
"org.apache.solr.util.plugin.MapPluginLoader",3,0.50,1.33,12,0.16,3231.29,4,1,3,7,2,174.60,5,21,0,2,124.60,0.00,0.50,0.67,0,1.00,2,486.73,0,0,2,org.apache.solr.util.plugin.AbstractPluginLoader,0.00,4,1,4,0,4,3,0,1,113,1
"org.apache.solr.util.plugin.NamedListInitializedPlugin",1,0.00,1.00,2,0.01,30.51,1,0,1,1,7,115.86,6,3,6,1,148.08,0.00,0.00,0.00,0,1.00,1,25.51,0,0,1,,0.00,0,0,1,0,0,1,0,1,11,1
"org.apache.solr.util.plugin.NamedListPluginLoader",3,0.50,1.33,11,0.14,2483.99,4,1,3,6,2,180.16,4,20,0,2,130.16,0.00,0.50,0.67,0,1.00,2,406.22,0,0,2,org.apache.solr.util.plugin.AbstractPluginLoader,0.00,3,1,4,0,3,3,0,1,99,1
"org.apache.solr.util.plugin.PluginInfoInitialized",1,0.00,1.00,2,0.01,41.48,1,0,1,1,4,114.81,6,3,3,1,147.03,0.00,0.00,0.00,0,1.00,1,27.65,0,0,1,,0.00,0,0,1,0,0,1,0,1,11,1
"org.apache.solr.util.plugin.ResourceLoaderAware",1,0.00,1.00,2,0.01,30.51,1,0,1,1,20,168.70,3,4,19,1,148.08,0.00,0.00,0.00,0,1.00,1,25.51,0,0,1,,0.00,0,0,1,0,0,1,0,1,11,1
"org.apache.solr.util.plugin.SolrCoreAware",1,0.00,1.00,2,0.01,30.51,1,0,1,1,14,168.70,3,4,13,1,148.08,0.00,0.00,0.00,0,1.00,1,25.51,0,0,1,,0.00,0,0,1,0,0,1,0,1,11,1
"org.apache.lucene.analysis.eu.BasqueAnalyzer",5,0.50,1.80,21,0.29,7141.30,7,2,16,16,14,75.46,42,31,1,4,123.56,0.00,0.75,0.10,0,8.00,3,866.52,0,1,13,org.apache.lucene.analysis.util.StopwordAnalyzerBase,0.00,11,3,9,0,11,4,0,8,192,2
"org.apache.lucene.analysis.eu.BasqueAnalyzer$DefaultSetHolder",0,0.00,0.00,6,0.05,853.95,1,1,16,0,1,171.00,2,11,0,1,171.00,0.00,0.00,0.00,0,0.00,0,164.39,0,0,1,java.lang.Object,0.00,0,0,0,0,0,0,0,2,40,2
"org.apache.lucene.analysis.eu.TestBasqueAnalyzer",3,0.00,1.00,14,0.15,2889.09,3,0,5,7,3,164.93,6,19,0,3,125.05,0.00,0.67,0.00,0,3.00,1,447.83,2,0,3,org.apache.lucene.analysis.BaseTokenStreamTestCase,0.00,4,2,3,0,4,3,0,5,103,1
"org.apache.lucene.store.je.Block",6,0.30,1.33,32,0.57,20287.45,8,2,3,14,4,117.07,5,43,2,1,117.07,0.00,0.00,0.75,1,0.00,2,1724.46,0,0,3,java.lang.Object,0.00,8,1,8,0,8,6,0,2,350,1
"org.apache.lucene.store.je.File",11,0.11,2.64,111,1.68,85683.95,18,7,12,40,6,102.83,7,152,6,1,102.83,0.00,0.00,0.25,2,34.00,8,5028.84,0,1,1,java.lang.Object,0.00,29,1,29,0,29,10,0,4,909,1
"org.apache.lucene.store.je.JEDirectory",15,0.17,1.53,69,0.98,41193.79,20,5,15,49,10,161.25,42,110,5,2,121.36,0.00,0.50,0.04,1,41.00,5,2952.13,0,4,8,org.apache.lucene.store.Directory,0.12,34,1,23,0,34,11,0,7,613,1
"org.apache.lucene.store.je.JEIndexInput",8,0.37,2.12,55,0.74,35370.02,13,5,2,20,6,113.09,4,86,2,3,113.09,0.00,0.67,0.52,0,0.00,4,2227.48,1,1,5,org.apache.lucene.store.IndexInput,0.75,12,2,17,0,12,7,0,1,451,1
"org.apache.lucene.store.je.JEIndexOutput",8,0.36,2.00,58,0.74,29896.40,16,8,2,21,5,161.18,8,85,3,3,111.18,0.00,0.67,0.44,2,0.00,4,2219.50,0,0,4,org.apache.lucene.store.IndexOutput,0.88,13,2,16,0,13,8,0,2,455,1
"org.apache.lucene.store.je.JELock",4,0.33,1.00,9,0.06,681.51,5,1,1,4,2,192.20,4,21,1,2,142.20,0.00,0.50,0.75,0,0.00,1,179.54,0,0,1,org.apache.lucene.store.Lock,0.75,0,1,4,0,0,4,0,1,54,1
"org.apache.lucene.store.je.JEStoreTest",5,0.69,18.20,406,6.06,1051187.62,9,4,19,53,5,107.23,6,477,0,2,57.23,0.00,0.50,0.80,0,0.00,38,18187.66,2,0,5,org.apache.lucene.util.LuceneTestCase,0.00,48,1,91,0,48,5,0,1,2771,1
"org.apache.solr.response.BaseResponseWriter",3,0.25,7.67,88,1.43,103266.72,5,2,20,56,17,60.11,42,103,2,1,80.25,0.00,0.00,0.33,1,5.00,13,4292.73,0,1,15,java.lang.Object,0.00,53,0,23,2,53,2,0,8,689,2
"org.apache.solr.response.BaseResponseWriter$DocListInfo",1,3.00,1.00,10,0.08,1398.34,5,4,20,1,0,108.93,0,12,0,1,108.93,0.00,0.00,0.25,0,0.00,1,250.04,0,0,0,java.lang.Object,0.00,0,0,1,0,0,1,0,0,64,2
"org.apache.solr.response.BaseResponseWriter$IdxInfo",1,3.00,3.00,13,0.16,6061.19,5,4,20,3,2,149.41,1,19,0,1,99.41,0.00,0.00,0.25,0,0.00,3,494.74,0,0,2,java.lang.Object,0.00,2,0,3,0,2,1,0,1,105,2
"org.apache.solr.response.BaseResponseWriter$SingleResponseWriter",9,0.00,1.00,11,0.09,642.92,9,0,20,9,2,108.30,79,11,0,1,156.40,0.00,0.00,0.00,0,9.00,1,284.93,0,0,2,java.lang.Object,0.00,0,0,9,0,0,9,0,9,89,3
"org.apache.solr.response.BinaryQueryResponseWriter",1,0.00,1.00,2,0.02,127.23,1,0,3,1,9,94.72,10,3,7,2,143.20,0.00,0.50,0.00,0,1.00,1,63.62,0,0,2,,0.00,0,1,1,0,0,1,0,2,19,1
"org.apache.solr.response.BinaryResponseWriter",5,2.00,1.40,48,0.73,18912.38,7,2,15,21,34,147.04,14,59,2,1,107.15,0.00,0.00,0.00,0,5.00,2,2181.11,0,2,32,java.lang.Object,0.00,16,0,7,0,16,3,1,4,440,1
"org.apache.solr.response.BinaryResponseWriter$Resolver",4,0.39,5.50,77,1.08,49951.34,10,6,15,36,10,130.53,8,93,0,1,90.65,0.00,0.00,0.46,2,0.00,9,3237.46,0,2,10,java.lang.Object,0.00,32,0,22,0,32,2,1,8,580,2
"org.apache.solr.response.CSVResponseWriter",3,0.00,1.00,9,0.08,1391.15,3,0,22,6,20,182.21,4,15,1,1,132.21,0.00,0.00,0.00,0,4.00,1,245.55,0,1,19,java.lang.Object,0.00,3,0,3,0,3,2,1,2,62,1
"org.apache.solr.response.CSVWriter",19,0.03,4.11,247,4.47,427105.06,44,25,22,90,19,144.85,23,315,1,2,94.85,0.00,0.50,0.07,7,0.00,39,13395.96,2,0,18,org.apache.solr.response.TextResponseWriter,0.04,71,1,78,0,71,19,0,23,2140,0
"org.apache.solr.response.CSVWriter$CSVField",0,0.00,0.00,6,0.05,785.16,5,5,22,1,2,171.00,3,7,0,1,171.00,0.00,0.00,0.00,0,0.00,0,162.85,0,0,2,java.lang.Object,0.00,1,0,0,0,1,0,0,3,36,1
"org.apache.solr.response.CSVWriter$CSVSharedBufPrinter",2,0.00,1.00,7,0.05,531.50,2,0,22,2,0,134.11,1,10,0,2,134.11,0.00,0.50,0.00,0,0.00,1,146.86,0,0,0,org.apache.commons.csv.CSVPrinter,0.00,0,1,2,0,0,2,0,1,41,0
"org.apache.solr.response.CSVWriter$OpenCharArrayWriter",1,0.00,1.00,3,0.01,116.61,1,0,22,1,0,136.93,0,3,0,2,136.93,0.00,0.50,0.00,0,1.00,1,44.04,0,0,0,java.io.CharArrayWriter,0.00,0,1,1,0,0,1,0,0,15,1
"org.apache.solr.response.CSVWriter$ResettableFastWriter",5,0.17,1.20,22,0.15,2374.10,8,3,22,9,1,127.42,0,25,0,3,127.42,0.00,0.67,0.47,0,0.00,2,446.17,1,0,1,org.apache.solr.common.util.FastWriter,0.00,4,2,6,0,4,5,0,0,114,1
"org.apache.solr.response.GenericBinaryResponseWriter",3,0.00,1.00,6,0.08,922.70,3,0,7,4,6,120.04,44,13,0,2,140.18,0.00,0.50,0.00,1,3.00,1,252.96,1,1,6,org.apache.solr.response.BaseResponseWriter,0.00,1,1,3,0,1,2,1,5,65,2
"org.apache.solr.response.GenericTextResponseWriter",2,0.00,1.00,4,0.06,645.40,2,0,6,2,6,173.40,41,10,0,2,140.01,0.00,0.50,0.00,1,2.00,1,173.74,1,1,6,org.apache.solr.response.BaseResponseWriter,0.00,0,1,2,0,0,1,1,4,46,2
"org.apache.solr.response.JSONResponseWriter",3,1.00,1.00,10,0.09,1523.24,4,1,17,6,19,181.90,4,16,2,1,131.90,0.00,0.00,0.00,0,4.00,1,276.65,0,1,17,java.lang.Object,0.00,3,0,3,0,3,2,1,2,69,1
"org.apache.solr.response.JSONWriter",31,0.06,3.48,442,5.06,267863.54,41,10,17,83,20,136.85,70,512,4,2,96.96,3.00,0.20,0.04,21,254.00,13,15167.87,4,0,16,org.apache.solr.response.TextResponseWriter,0.00,52,1,108,3,52,31,0,55,2713,0
"org.apache.solr.response.JSONWriter$MultiValueField",1,2.00,1.00,7,0.07,1209.86,3,2,17,3,2,115.20,0,9,0,1,115.20,0.00,0.00,0.00,0,1.00,1,206.14,0,0,2,java.lang.Object,0.00,2,0,1,0,2,1,0,0,51,2
"org.apache.solr.response.JSONWriter$NaNFloatWriter",5,0.00,2.20,21,0.25,5797.95,5,0,17,12,3,124.23,0,31,0,3,124.23,0.00,0.67,0.00,4,7.00,4,748.07,0,2,3,org.apache.solr.response.JSONWriter,0.00,7,2,11,0,7,3,0,0,168,1
"org.apache.solr.response.PHPResponseWriter",3,1.00,1.00,10,0.09,1523.24,4,1,4,6,5,131.90,1,16,0,1,131.90,0.00,0.00,0.00,0,4.00,1,276.65,0,1,5,java.lang.Object,0.00,3,0,3,0,3,2,1,1,69,1
"org.apache.solr.response.PHPSerializedResponseWriter",3,0.25,1.33,16,0.16,2833.21,5,2,16,8,18,89.21,19,23,2,1,121.43,0.00,0.00,0.33,0,2.00,2,481.47,0,1,16,java.lang.Object,0.00,5,0,4,0,5,2,1,5,111,1
"org.apache.solr.response.PHPSerializedWriter",25,0.48,2.64,211,2.97,181048.74,27,2,16,78,16,106.69,17,274,1,3,106.69,0.00,0.67,0.04,15,195.00,10,8917.47,3,0,15,org.apache.solr.response.JSONWriter,0.24,53,2,66,0,53,25,0,17,1629,0
"org.apache.solr.response.PHPWriter",9,0.00,1.33,37,0.40,14774.77,9,0,4,11,5,123.16,0,55,1,3,123.16,0.00,0.67,0.00,1,0.00,4,1189.42,1,0,4,org.apache.solr.response.JSONWriter,0.16,2,2,12,0,2,9,0,0,267,0
"org.apache.solr.response.PageTool",7,0.27,1.57,34,0.38,12708.04,12,5,4,16,5,122.77,1,48,1,1,122.77,0.00,0.00,0.43,0,0.00,5,1149.24,0,1,4,java.lang.Object,0.00,9,0,11,0,9,6,0,1,238,1
"org.apache.solr.response.PythonResponseWriter",3,1.00,1.00,10,0.09,1523.24,4,1,4,6,6,131.90,1,16,1,1,131.90,0.00,0.00,0.00,0,4.00,1,276.65,0,1,5,java.lang.Object,0.00,3,0,3,0,3,2,1,1,69,1
"org.apache.solr.response.PythonWriter",7,0.00,2.29,46,0.52,32276.11,7,0,4,14,4,95.06,37,53,1,2,112.93,0.00,0.50,0.00,1,7.00,9,1546.80,0,2,3,org.apache.solr.response.NaNFloatWriter,0.00,7,1,16,0,7,5,0,6,300,0
"org.apache.solr.response.QueryResponseWriter",3,3.00,1.00,7,0.07,681.82,6,3,5,3,26,130.86,47,8,22,2,141.21,0.00,0.50,0.00,0,3.00,1,216.29,0,1,4,,0.00,0,1,3,0,0,2,0,4,59,1
"org.apache.solr.response.RawResponseWriter",5,0.00,2.00,35,0.46,13332.00,7,2,8,19,8,94.47,26,56,2,1,112.34,0.00,0.00,0.50,1,4.00,3,1377.00,0,2,6,java.lang.Object,0.00,14,0,10,0,14,3,1,6,283,1
"org.apache.solr.response.RubyResponseWriter",3,1.00,1.00,10,0.09,1523.24,4,1,4,6,6,131.90,1,16,1,1,131.90,0.00,0.00,0.00,0,4.00,1,276.65,0,1,5,java.lang.Object,0.00,3,0,3,0,3,2,1,1,69,1
"org.apache.solr.response.RubyWriter",6,0.00,1.50,27,0.27,8675.30,6,0,4,8,4,173.56,6,35,1,2,123.56,0.00,0.50,0.00,1,6.00,4,805.98,0,2,3,org.apache.solr.response.NaNFloatWriter,0.00,2,1,9,0,2,4,0,6,181,0
"org.apache.solr.response.SolrParamResourceLoader",5,0.75,1.80,20,0.29,7147.32,6,1,11,17,3,123.56,4,34,1,2,123.56,0.00,0.50,0.40,0,7.00,3,875.26,0,1,2,org.apache.velocity.runtime.resource.loader.ResourceLoader,0.00,12,1,9,0,12,4,0,4,187,1
"org.apache.solr.response.SolrQueryResponse",16,0.06,1.12,43,0.36,5720.10,22,6,3,20,107,97.35,120,61,105,1,139.64,0.00,0.00,0.11,1,134.00,2,1078.15,0,5,2,java.lang.Object,0.00,4,0,18,0,4,11,0,24,281,1
"org.apache.solr.response.SolrVelocityResourceLoader",5,1.00,1.00,12,0.10,1109.88,6,1,6,6,2,141.29,1,22,1,2,141.29,0.00,0.50,0.20,0,8.00,1,289.34,0,1,1,org.apache.velocity.runtime.resource.loader.ResourceLoader,0.00,1,1,5,0,1,4,0,1,81,1
"org.apache.solr.response.TestCSVResponseWriter",3,0.00,1.33,69,1.56,112496.06,3,0,8,20,9,66.25,17,90,0,3,84.12,0.00,0.67,0.00,1,4.00,2,4684.52,5,0,9,org.apache.solr.SolrTestCaseJ4,0.00,17,2,4,0,17,3,0,17,689,1
"org.apache.solr.response.TestPHPSerializedResponseWriter",3,0.00,1.00,40,0.55,15510.26,3,0,14,18,8,120.82,10,49,0,3,100.20,0.00,0.67,0.00,0,3.00,1,1640.39,1,0,8,org.apache.solr.SolrTestCaseJ4,0.00,15,2,3,0,15,3,0,7,295,1
"org.apache.solr.response.TextResponseWriter",33,0.07,1.97,152,2.18,98523.90,42,9,11,64,35,171.02,55,169,26,1,121.02,0.00,0.00,0.04,16,299.00,18,6541.36,0,1,9,java.lang.Object,0.00,31,0,65,6,31,32,0,48,1302,2
"org.apache.solr.response.VelocityResponseWriter",6,0.00,3.17,88,1.43,78398.27,6,0,11,48,11,95.80,25,117,1,1,95.57,0.00,0.00,0.00,3,6.00,6,4299.07,0,4,10,java.lang.Object,0.00,42,0,19,0,42,2,1,25,736,1
"org.apache.solr.response.XMLResponseWriter",3,0.00,1.00,9,0.08,1391.15,3,0,4,6,5,182.21,4,15,0,1,132.21,0.00,0.00,0.00,0,4.00,1,245.55,0,1,5,java.lang.Object,0.00,3,0,3,0,3,2,1,2,62,1
"org.apache.solr.response.XMLWriter",27,0.08,3.59,307,4.24,217996.17,35,8,17,86,20,140.98,65,388,4,2,101.09,0.00,0.50,0.05,19,147.00,18,12713.24,3,0,16,org.apache.solr.response.TextResponseWriter,0.00,59,1,97,0,59,27,0,48,2286,2
"org.apache.solr.response.XMLWriter$Comparator",1,0.00,1.00,6,0.06,1208.77,1,0,17,3,1,157.59,2,6,0,1,117.70,0.00,0.00,0.00,0,1.00,1,178.97,0,0,1,java.lang.Object,0.00,2,0,1,0,2,1,0,2,45,0
"org.apache.solr.response.XMLWriter$DocumentListInfo",5,0.00,1.00,6,0.03,180.13,5,0,17,5,0,158.74,0,7,0,1,158.74,0.00,0.00,0.00,0,5.00,1,94.04,0,1,0,,0.00,0,0,5,0,0,4,0,0,35,2
"org.apache.solr.response.XMLWriter$DocumentListInfo_0",5,0.00,1.20,13,0.09,1231.61,5,0,17,10,0,140.90,0,18,0,1,140.90,0.00,0.00,0.00,0,5.00,2,274.01,0,1,0,java.lang.Object,0.00,5,0,6,0,5,4,0,0,76,0
"org.apache.solr.response.XMLWriter$DocumentListInfo_1",5,0.00,1.40,21,0.22,6547.56,5,0,17,16,3,123.92,0,24,0,1,123.92,0.00,0.00,0.00,0,5.00,3,669.66,0,1,3,java.lang.Object,0.00,11,0,7,0,11,4,0,0,143,0
"org.apache.solr.response.XSLTResponseWriter",4,0.19,2.25,44,0.66,20122.12,11,7,18,30,8,103.05,17,56,0,1,102.82,0.00,0.00,0.29,1,6.00,3,1966.48,0,2,8,java.lang.Object,0.00,26,0,9,0,26,2,1,11,377,1
"org.apache.lucene.analysis.es.SpanishAnalyzer",5,0.50,1.80,21,0.29,7141.30,7,2,17,16,15,75.46,42,31,1,4,123.56,0.00,0.75,0.10,0,8.00,3,866.52,0,1,14,org.apache.lucene.analysis.util.StopwordAnalyzerBase,0.00,11,3,9,0,11,4,0,8,192,2
"org.apache.lucene.analysis.es.SpanishAnalyzer$DefaultSetHolder",0,0.00,0.00,6,0.05,843.89,1,1,17,0,2,171.00,2,11,0,1,171.00,0.00,0.00,0.00,0,0.00,0,162.56,0,0,2,java.lang.Object,0.00,0,0,0,0,0,0,0,2,40,2
"org.apache.lucene.analysis.es.SpanishLightStemFilter",2,0.33,2.00,14,0.16,3794.18,5,3,6,9,8,113.74,9,20,2,4,113.50,0.00,0.75,0.50,0,2.00,3,481.98,0,0,6,org.apache.lucene.analysis.TokenFilter,0.29,7,3,4,0,7,2,0,1,107,2
"org.apache.lucene.analysis.es.SpanishLightStemmer",1,0.00,13.00,25,0.50,37209.13,1,0,0,1,1,45.40,56,44,1,1,82.27,0.00,0.00,0.00,0,1.00,13,1513.96,0,0,0,java.lang.Object,0.00,0,0,13,0,0,1,0,4,260,1
"org.apache.lucene.analysis.es.TestSpanishAnalyzer",3,0.00,1.00,14,0.15,2836.17,3,0,5,7,3,164.99,6,19,0,3,125.11,0.00,0.67,0.00,0,3.00,1,450.25,2,0,3,org.apache.lucene.analysis.BaseTokenStreamTestCase,0.00,4,2,3,0,4,3,0,5,103,1
"org.apache.lucene.analysis.es.TestSpanishLightStemFilter",1,0.00,1.00,5,0.04,412.90,1,0,8,3,5,124.56,4,8,0,3,124.33,0.00,0.67,0.00,0,1.00,1,116.42,0,0,5,org.apache.lucene.analysis.BaseTokenStreamTestCase,0.00,2,2,1,0,2,1,0,2,31,1
"org.apache.lucene.analysis.es.TestSpanishLightStemFilter$ReusableAnalyzerBase",1,0.00,1.00,4,0.05,771.22,1,0,8,4,3,125.81,0,7,0,1,125.81,0.00,0.00,0.00,0,1.00,1,141.98,0,1,3,java.lang.Object,0.00,3,0,1,0,3,0,0,0,35,0
"org.apache.lucene.analysis.compound.CompoundWordTokenFilterBase",16,0.05,1.75,101,1.47,45852.61,32,16,17,61,16,164.62,30,124,5,4,114.62,0.67,0.50,0.11,5,88.00,4,4397.37,1,3,11,org.apache.lucene.analysis.TokenFilter,0.29,45,3,28,2,45,13,0,8,886,2
"org.apache.lucene.analysis.compound.DictionaryCompoundWordTokenFilter",5,0.00,2.80,35,0.44,29149.59,5,0,5,9,7,109.11,84,47,2,5,109.59,0.00,0.80,0.00,0,8.00,10,1330.75,2,0,5,org.apache.lucene.analysis.compound.CompoundWordTokenFilterBase,0.00,4,4,14,0,4,5,0,6,267,1
"org.apache.lucene.analysis.compound.HyphenationCompoundWordTokenFilter",10,1.00,2.70,66,0.95,86150.04,11,1,9,21,9,81.38,136,106,2,5,110.76,0.00,0.80,0.10,1,30.00,15,2835.41,2,3,7,org.apache.lucene.analysis.compound.CompoundWordTokenFilterBase,0.00,11,4,27,0,11,7,0,21,552,1
"org.apache.lucene.analysis.compound.TestCompoundWordTokenFilter",6,0.00,1.00,51,1.60,38888.98,6,0,7,22,8,157.30,8,126,0,3,107.30,0.00,0.67,0.00,0,6.00,1,4806.51,1,0,8,org.apache.lucene.analysis.BaseTokenStreamTestCase,0.00,16,2,6,0,16,6,0,5,810,1
"org.tartarus.snowball.Among",1,6.00,3.00,20,0.25,8587.16,8,7,1,6,1,59.02,6,27,1,1,91.24,0.00,0.00,0.14,0,0.00,3,757.94,0,0,1,java.lang.Object,0.00,5,0,3,0,5,1,0,6,152,1
"org.tartarus.snowball.SnowballProgram",29,0.24,3.34,264,3.09,256392.72,36,7,3,42,31,124.66,88,336,29,1,104.05,0.00,0.00,0.37,6,0.00,18,9258.94,0,1,3,java.lang.Object,0.00,13,0,97,22,13,28,0,29,1777,2
"org.tartarus.snowball.TestApp",2,0.00,5.50,46,0.69,53937.48,2,0,10,27,1,84.92,0,56,0,1,84.92,0.00,0.00,0.00,1,2.00,10,2080.49,0,0,1,java.lang.Object,0.00,25,0,11,0,25,2,0,0,328,1
"org.apache.lucene.analysis.en.EnglishAnalyzer",5,1.00,2.00,21,0.30,7734.04,6,1,14,17,15,75.16,42,32,1,4,123.27,0.00,0.75,0.20,0,8.00,3,898.34,0,2,14,org.apache.lucene.analysis.util.StopwordAnalyzerBase,0.00,12,3,10,0,12,3,0,8,196,2
"org.apache.lucene.analysis.en.EnglishAnalyzer$DefaultSetHolder",0,0.00,0.00,2,0.02,396.00,1,1,14,0,1,171.00,0,3,0,1,171.00,0.00,0.00,0.00,0,0.00,0,72.00,0,0,1,java.lang.Object,0.00,0,0,0,0,0,0,0,0,18,2
"org.apache.lucene.analysis.en.EnglishMinimalStemFilter",2,0.33,2.00,14,0.16,3794.18,5,3,6,9,8,113.74,9,20,2,4,113.50,0.00,0.75,0.50,0,2.00,3,481.98,0,0,6,org.apache.lucene.analysis.TokenFilter,0.29,7,3,4,0,7,2,0,1,107,2
"org.apache.lucene.analysis.en.EnglishMinimalStemmer",1,0.00,4.00,10,0.24,22653.59,1,0,0,1,1,148.36,24,19,1,1,99.08,0.00,0.00,0.00,0,1.00,4,711.28,0,0,0,java.lang.Object,0.00,0,0,4,0,0,1,0,3,139,1
"org.apache.lucene.analysis.en.EnglishPossessiveFilter",2,1.00,2.00,11,0.18,7516.13,3,1,4,6,6,156.50,4,19,3,4,116.62,0.00,0.75,0.50,0,2.00,3,526.20,0,0,3,org.apache.lucene.analysis.TokenFilter,0.29,4,3,4,0,4,2,0,2,110,2
"org.apache.lucene.analysis.en.PorterStemFilter",2,0.33,2.00,10,0.17,3936.19,5,3,5,11,13,81.27,24,16,8,4,118.83,0.00,0.75,0.50,0,2.00,3,501.61,0,0,5,org.apache.lucene.analysis.TokenFilter,0.29,9,3,4,0,9,2,0,1,111,2
"org.apache.lucene.analysis.en.PorterStemmer",27,0.15,6.96,291,3.24,141694.34,34,7,5,46,3,104.19,116,333,2,1,103.96,0.00,0.00,0.29,14,0.00,52,9717.31,0,2,1,java.lang.Object,0.00,19,0,188,0,19,25,0,33,1867,0
"org.apache.lucene.analysis.en.TestEnglishAnalyzer",3,0.00,1.00,15,0.16,3223.28,3,0,5,7,3,160.94,7,20,0,3,121.06,0.00,0.67,0.00,0,3.00,1,476.92,2,0,3,org.apache.lucene.analysis.BaseTokenStreamTestCase,0.00,4,2,3,0,4,3,0,6,109,1
"org.apache.lucene.analysis.en.TestEnglishMinimalStemFilter",1,0.00,1.00,13,0.11,1709.34,1,0,7,2,5,104.23,4,16,0,3,103.99,0.00,0.67,0.00,0,1.00,1,340.60,1,0,5,org.apache.lucene.analysis.BaseTokenStreamTestCase,0.00,1,2,1,0,1,1,0,2,77,1
"org.apache.lucene.analysis.en.TestEnglishMinimalStemFilter$ReusableAnalyzerBase",1,0.00,1.00,4,0.05,771.22,1,0,7,4,3,125.81,0,7,0,1,125.81,0.00,0.00,0.00,0,1.00,1,141.98,0,1,3,java.lang.Object,0.00,3,0,1,0,3,0,0,0,35,0
"org.apache.lucene.analysis.en.TestPorterStemFilter",2,0.00,1.00,10,0.13,1970.10,2,0,13,10,10,141.97,7,13,0,3,121.35,0.00,0.67,0.00,0,2.00,1,377.90,1,0,10,org.apache.lucene.analysis.BaseTokenStreamTestCase,0.00,8,2,2,0,8,2,0,2,83,1
"org.apache.lucene.analysis.en.TestPorterStemFilter$ReusableAnalyzerBase",1,0.00,1.00,4,0.05,753.46,1,0,13,4,3,125.89,0,7,0,1,125.89,0.00,0.00,0.00,0,1.00,1,135.44,0,1,3,java.lang.Object,0.00,3,0,1,0,3,0,0,0,34,0
"org.apache.lucene.analysis.el.GreekAnalyzer",4,1.00,1.75,16,0.21,5394.23,5,1,12,11,13,86.20,50,25,2,4,123.77,0.00,0.75,0.00,0,6.00,3,644.83,0,2,11,org.apache.lucene.analysis.util.StopwordAnalyzerBase,0.00,7,3,7,0,7,2,0,6,145,2
"org.apache.lucene.analysis.el.GreekAnalyzer$DefaultSetHolder",0,0.00,0.00,6,0.06,870.09,1,1,12,0,1,171.00,2,10,0,1,171.00,0.00,0.00,0.00,0,0.00,0,167.97,0,0,1,java.lang.Object,0.00,0,0,0,0,0,0,0,2,41,2
"org.apache.lucene.analysis.el.GreekAnalyzerTest",3,0.00,1.00,16,0.31,5066.84,3,0,3,4,4,71.03,32,33,0,3,119.51,0.00,0.67,0.00,0,3.00,1,927.94,2,0,4,org.apache.lucene.analysis.BaseTokenStreamTestCase,0.00,1,2,3,0,1,3,0,20,182,1
"org.apache.lucene.analysis.el.GreekLowerCaseFilter",3,0.25,1.67,30,0.39,8161.76,5,2,6,10,8,139.92,60,59,3,4,106.53,0.00,0.75,0.33,1,4.00,3,1168.71,0,0,5,org.apache.lucene.analysis.TokenFilter,0.27,7,3,5,0,7,3,0,36,230,2
"org.apache.lucene.analysis.el.GreekStemFilter",2,0.33,2.00,14,0.16,3794.18,5,3,6,9,8,71.21,14,20,2,4,113.50,0.00,0.75,0.50,0,2.00,3,481.98,0,0,6,org.apache.lucene.analysis.TokenFilter,0.29,7,3,4,0,7,2,0,1,107,2
"org.apache.lucene.analysis.el.GreekStemmer",27,0.03,4.74,286,8.53,459291.82,43,16,3,32,3,150.02,49,681,1,1,100.02,0.00,0.00,0.04,4,352.00,16,25590.34,0,0,2,java.lang.Object,0.00,5,0,128,0,5,27,0,26,4297,1
"org.apache.lucene.analysis.el.TestGreekStemmer",6,0.00,1.00,350,4.68,106423.51,7,1,2,7,3,23.28,63,357,0,3,71.76,0.00,0.67,1.00,0,0.00,1,14035.21,1,0,3,org.apache.lucene.analysis.BaseTokenStreamTestCase,0.00,1,2,6,0,1,6,0,63,2110,1
"org.apache.lucene.util.automaton.Automaton",52,0.05,2.15,335,3.74,203971.61,61,9,10,104,39,95.63,271,394,35,1,113.50,0.00,0.00,0.06,9,990.00,9,11220.07,1,21,6,java.lang.Object,0.00,52,0,112,0,52,31,1,64,2280,1
"org.apache.lucene.util.automaton.AutomatonProvider",1,0.00,1.00,2,0.01,69.06,1,0,1,1,4,115.91,13,3,3,1,145.29,0.00,0.00,0.00,0,1.00,1,36.53,0,1,1,,0.00,0,0,1,0,0,0,0,2,13,1
"org.apache.lucene.util.automaton.AutomatonTestUtil",3,0.00,9.67,48,1.19,141486.95,3,0,12,9,12,88.99,13,73,7,1,88.76,0.00,0.00,0.00,1,3.00,18,3571.70,0,2,5,java.lang.Object,0.00,6,0,29,0,6,1,0,13,625,1
"org.apache.lucene.util.automaton.AutomatonTestUtil$RandomAcceptedStrings",6,0.30,6.50,131,2.15,181292.71,8,2,12,55,8,35.97,57,164,0,1,85.97,0.00,0.00,0.25,1,10.00,12,6445.65,0,0,8,java.lang.Object,0.00,49,0,39,0,49,6,0,20,1113,2
"org.apache.lucene.util.automaton.AutomatonTestUtil$RandomAcceptedStrings$ArrivingTransition",1,2.00,1.00,6,0.04,550.02,3,2,12,1,2,120.39,0,8,0,1,120.39,0.00,0.00,0.00,0,1.00,1,123.59,0,0,2,java.lang.Object,0.00,0,0,1,0,0,1,0,0,35,2
"org.apache.lucene.util.automaton.BasicAutomata",13,0.00,2.46,107,1.70,117780.11,13,0,2,34,27,106.18,61,135,23,1,105.94,0.00,0.00,0.00,1,13.00,8,5091.93,0,8,5,java.lang.Object,0.00,21,0,32,0,21,5,0,14,984,2
"org.apache.lucene.util.automaton.BasicOperations",20,0.00,6.35,446,7.24,767766.02,20,0,11,110,24,42.11,144,502,18,1,84.40,0.00,0.00,0.00,5,20.00,16,21716.59,0,11,8,java.lang.Object,0.00,90,0,127,0,90,9,0,46,3706,2
"org.apache.lucene.util.automaton.BasicOperations$PointTransitionSet",6,0.28,3.00,62,0.70,33737.60,11,5,11,22,3,103.92,3,72,0,1,103.92,0.00,0.00,0.43,2,0.00,7,2088.42,0,3,3,java.lang.Object,0.00,16,0,18,0,16,3,0,3,431,3
"org.apache.lucene.util.automaton.BasicOperations$PointTransitions",4,0.11,1.00,14,0.14,2614.47,7,3,11,5,0,131.03,0,21,0,1,131.03,0.00,0.00,0.42,0,0.00,1,406.97,0,0,0,java.lang.Object,0.00,1,0,4,0,1,4,1,0,104,3
"org.apache.lucene.util.automaton.BasicOperations$TransitionList",1,0.00,2.00,9,0.11,3156.50,3,2,11,3,3,107.69,0,12,0,1,107.69,0.00,0.00,1.00,0,0.00,2,341.64,0,0,3,java.lang.Object,0.00,2,0,2,0,2,1,0,0,75,3
"org.apache.lucene.util.automaton.ByteRunAutomaton",3,0.00,2.00,15,0.15,5316.83,3,0,0,5,9,86.96,20,17,6,2,119.19,0.00,0.50,0.00,0,4.00,3,462.57,0,0,3,org.apache.lucene.util.automaton.RunAutomaton,0.00,2,1,6,0,2,3,0,3,104,1
"org.apache.lucene.util.automaton.CharacterRunAutomaton",3,0.00,2.33,23,0.27,10304.81,3,0,0,6,21,69.15,22,23,19,2,111.44,0.00,0.50,0.00,0,1.00,3,798.46,0,0,2,org.apache.lucene.util.automaton.RunAutomaton,0.00,3,1,7,0,3,3,0,3,164,1
"org.apache.lucene.util.automaton.Lev1ParametricDescription",2,0.75,5.00,40,0.64,63445.35,10,8,1,2,1,42.52,23,66,1,2,86.65,0.00,0.50,0.50,0,2.00,9,1921.17,0,0,0,org.apache.lucene.util.automaton.LevenshteinAutomata.ParametricDescription,0.00,0,1,10,0,0,2,0,23,370,0
"org.apache.lucene.util.automaton.Lev2ParametricDescription",2,0.83,7.00,54,1.63,108922.58,14,12,1,2,1,127.69,54,137,1,2,79.86,0.00,0.50,0.50,0,2.00,13,4891.93,0,0,0,org.apache.lucene.util.automaton.LevenshteinAutomata.ParametricDescription,0.00,0,1,14,0,0,2,0,54,753,0
"org.apache.lucene.util.automaton.LevenshteinAutomata",3,0.50,6.67,97,1.28,104265.83,11,8,3,24,10,104.94,59,92,4,1,78.66,0.00,0.00,0.46,1,0.00,10,3841.07,0,1,6,java.lang.Object,0.00,21,0,20,0,21,2,0,26,673,1
"org.apache.lucene.util.automaton.LevenshteinAutomata$ParametricDescription",6,0.05,1.17,28,0.55,24067.88,10,4,3,6,0,140.75,18,51,0,1,120.13,0.00,0.00,0.29,0,10.00,2,1643.87,0,0,0,java.lang.Object,0.00,0,0,7,0,0,6,0,8,326,2
"org.apache.lucene.util.automaton.MinimizationOperations",3,0.00,12.33,164,2.77,695727.08,3,0,2,24,7,13.55,28,144,5,1,63.55,0.00,0.00,0.00,1,3.00,34,8317.24,0,0,3,java.lang.Object,0.00,21,0,37,0,21,3,0,17,1231,2
"org.apache.lucene.util.automaton.MinimizationOperations$IntPair",1,2.00,1.00,5,0.03,434.31,3,2,2,1,0,124.15,0,7,0,1,124.15,0.00,0.00,0.00,0,1.00,1,97.99,0,0,0,java.lang.Object,0.00,0,0,1,0,0,1,0,0,30,2
"org.apache.lucene.util.automaton.MinimizationOperations$StateList",1,3.00,1.00,5,0.03,280.88,4,3,2,2,1,125.65,0,7,0,1,125.65,0.00,0.00,0.00,0,1.00,1,95.08,0,0,1,java.lang.Object,0.00,1,0,1,0,1,1,0,0,28,2
"org.apache.lucene.util.automaton.MinimizationOperations$StateListNode",2,0.50,2.50,15,0.18,5270.67,6,4,2,2,1,112.33,0,22,0,1,112.33,0.00,0.00,0.50,0,0.00,3,535.17,0,0,1,java.lang.Object,0.00,0,0,5,0,0,2,0,0,128,2
"org.apache.lucene.util.automaton.RegExp",46,0.01,3.17,407,5.77,396191.66,68,22,6,90,26,63.77,359,549,21,1,106.06,0.00,0.00,0.06,21,674.00,22,17319.89,0,33,5,java.lang.Object,0.00,44,0,146,0,44,13,0,19,3274,1
"org.apache.lucene.util.automaton.RegExp$Kind",0,0.00,0.00,2,0.03,80.71,0,0,6,0,0,171.00,0,3,0,1,171.00,0.00,0.00,0.00,0,0.00,0,80.71,0,0,0,java.lang.Object,0.00,0,0,0,0,0,0,0,0,19,0
"org.apache.lucene.util.automaton.RunAutomaton",8,0.22,2.75,80,0.98,82759.73,15,7,0,19,6,83.98,44,88,2,1,101.85,0.00,0.00,0.34,0,0.00,8,2952.01,0,1,4,java.lang.Object,0.00,11,0,22,2,11,7,0,14,563,2
"org.apache.lucene.util.automaton.SortedIntSet",8,0.38,4.50,131,1.34,108604.45,16,8,4,21,5,143.19,10,151,2,1,93.19,0.00,0.00,0.45,0,0.00,10,4018.51,0,1,3,java.lang.Object,0.00,13,0,36,0,13,7,0,10,783,1
"org.apache.lucene.util.automaton.SortedIntSet$FrozenIntSet",5,0.08,3.60,55,0.52,37780.92,8,3,4,9,2,101.32,0,67,0,1,101.32,0.00,0.00,0.27,0,6.00,12,1545.40,0,1,2,java.lang.Object,0.00,4,0,18,0,4,4,0,0,330,3
"org.apache.lucene.util.automaton.SpecialOperations",10,0.00,3.30,101,1.55,88225.37,10,0,4,43,14,102.59,44,120,10,1,102.35,0.00,0.00,0.00,3,10.00,8,4635.74,0,5,4,java.lang.Object,0.00,33,0,33,0,33,5,0,19,885,2
"org.apache.lucene.util.automaton.State",18,0.04,2.06,103,1.07,65836.01,24,6,5,28,20,116.94,75,125,18,1,116.70,0.00,0.00,0.20,2,126.00,9,3199.35,0,2,3,java.lang.Object,0.00,10,0,37,0,10,16,1,17,687,1
"org.apache.lucene.util.automaton.State$TransitionsIterable",1,0.00,1.00,3,0.02,201.86,1,0,5,2,1,135.05,0,5,0,1,135.05,0.00,0.00,0.00,0,1.00,1,61.75,0,1,1,java.lang.Object,0.00,1,0,1,0,1,0,1,0,19,1
"org.apache.lucene.util.automaton.State$TransitionsIterable$Iterator<Transition>",3,0.50,1.00,8,0.05,447.53,4,1,5,4,1,142.65,0,11,0,1,142.65,0.00,0.00,0.67,0,1.00,1,142.84,0,1,1,java.lang.Object,0.00,1,0,3,0,1,2,0,0,43,0
"org.apache.lucene.util.automaton.StatePair",6,0.00,1.17,22,0.17,4034.84,9,3,0,7,4,113.03,33,31,3,1,130.90,0.00,0.00,0.33,0,2.00,2,515.73,0,0,1,java.lang.Object,0.00,1,0,7,0,1,6,0,6,139,1
"org.apache.lucene.util.automaton.TestBasicOperations",7,0.00,1.71,75,1.04,38521.97,7,0,2,27,6,154.12,8,82,0,2,104.12,0.00,0.50,0.00,0,7.00,6,3132.55,0,0,6,org.apache.lucene.util.LuceneTestCase,0.00,20,1,12,0,20,7,0,8,618,1
"org.apache.lucene.util.automaton.TestDeterminism",3,0.00,2.00,34,0.41,14819.68,3,0,1,17,4,85.03,17,34,0,2,102.91,0.00,0.50,0.00,0,3.00,2,1229.50,0,0,4,org.apache.lucene.util.LuceneTestCase,0.00,14,1,6,0,14,3,0,14,253,1
"org.apache.lucene.util.automaton.TestDeterminizeLexicon",2,0.50,3.00,32,0.35,9672.39,4,2,5,16,6,136.70,4,31,0,2,96.82,0.00,0.50,0.75,1,0.00,3,1040.89,0,0,6,org.apache.lucene.util.LuceneTestCase,0.00,14,1,6,0,14,2,0,1,207,1
"org.apache.lucene.util.automaton.TestLevenshteinAutomata",11,0.00,2.55,143,1.71,123058.92,11,0,3,39,7,79.48,61,149,0,2,97.35,0.00,0.50,0.00,4,11.00,7,5125.68,0,4,7,org.apache.lucene.util.LuceneTestCase,0.00,28,1,28,0,28,7,0,28,992,1
"org.apache.lucene.util.automaton.TestMinimize",2,0.00,2.00,24,0.25,5922.68,2,0,1,11,4,123.86,7,23,0,2,103.25,0.00,0.50,0.00,0,2.00,2,737.63,0,0,4,org.apache.lucene.util.LuceneTestCase,0.00,9,1,4,0,9,2,0,3,150,1
"org.apache.lucene.util.automaton.TestUTF32ToUTF8",11,0.40,2.64,148,2.11,174804.09,13,2,5,46,10,146.14,14,169,0,2,96.14,0.00,0.50,0.14,4,34.00,11,6316.43,1,0,10,org.apache.lucene.util.LuceneTestCase,0.00,35,1,29,0,35,11,0,14,1156,1
"org.apache.lucene.util.automaton.Transition",11,0.10,2.18,59,0.84,31388.92,16,5,1,20,22,117.77,49,89,22,1,117.54,0.00,0.00,0.29,1,0.00,9,2524.28,1,2,1,java.lang.Object,0.00,9,0,24,0,9,9,1,11,541,1
"org.apache.lucene.util.automaton.Transition$CompareByDestThenMinMaxSingle",1,0.00,8.00,9,0.17,11921.70,1,0,1,1,1,102.83,0,13,0,1,102.83,0.00,0.00,0.00,0,1.00,8,517.55,0,0,1,java.lang.Object,0.00,0,0,8,0,0,1,1,0,117,3
"org.apache.lucene.util.automaton.Transition$CompareByMinMaxThenDestSingle",1,0.00,8.00,10,0.17,10687.62,1,0,1,1,1,101.49,0,13,0,1,101.49,0.00,0.00,0.00,0,1.00,8,506.29,0,0,1,java.lang.Object,0.00,0,0,8,0,0,1,1,0,116,3
"org.apache.lucene.util.automaton.UTF32ToUTF8",8,0.06,3.25,143,2.28,211140.73,17,9,4,33,9,72.14,43,168,4,1,90.01,0.00,0.00,0.17,6,36.00,7,6842.70,0,1,5,java.lang.Object,0.00,25,0,26,0,25,7,0,39,1272,2
"org.apache.lucene.util.automaton.UTF32ToUTF8$UTF8Byte",0,0.00,0.00,3,0.02,116.27,2,2,4,0,0,171.00,1,4,0,1,171.00,0.00,0.00,0.00,0,0.00,0,46.51,0,0,0,java.lang.Object,0.00,0,0,0,0,0,0,0,1,14,2
"org.apache.lucene.util.automaton.UTF32ToUTF8$UTF8Sequence",6,0.10,2.17,52,0.55,24321.83,8,2,4,11,0,108.72,4,56,0,1,108.72,0.00,0.00,0.58,1,0.00,4,1656.18,0,1,0,java.lang.Object,0.00,5,0,13,0,5,5,0,4,347,2
"org.apache.lucene.analysis.Analyzer",9,0.75,1.78,35,0.40,12653.82,10,1,7,21,291,110.41,53,61,287,1,128.28,0.00,0.00,0.33,2,18.00,3,1201.40,0,1,4,java.lang.Object,0.00,12,0,16,90,12,8,1,8,268,2
"org.apache.lucene.analysis.BaseTokenStreamTestCase",23,0.00,1.52,86,1.82,72912.65,23,0,6,51,140,125.54,7,116,132,2,125.54,195.00,0.01,0.00,3,23.00,13,5445.83,0,0,8,org.apache.lucene.util.LuceneTestCase,0.00,28,1,35,195,28,23,0,5,1082,2
"org.apache.lucene.analysis.BaseTokenStreamTestCase$CheckClearAttributesAttribute",1,0.00,1.00,2,0.01,64.15,1,0,6,1,0,145.54,0,3,0,2,145.54,0.00,0.50,0.00,0,1.00,1,30.46,0,0,0,,0.00,0,1,1,0,0,1,0,0,12,2
"org.apache.lucene.analysis.BaseTokenStreamTestCase$CheckClearAttributesAttributeImpl",5,0.25,1.00,14,0.14,2349.79,6,1,6,8,1,138.73,0,29,0,2,138.73,0.00,0.50,0.80,0,0.00,1,424.21,0,0,1,org.apache.lucene.util.AttributeImpl,0.20,3,1,5,0,3,5,1,0,110,3
"org.apache.lucene.analysis.CachingTokenFilter",5,0.17,2.00,26,0.27,6474.99,8,3,5,13,16,160.14,13,40,13,4,120.26,0.00,0.75,0.47,1,1.00,3,799.19,0,0,3,org.apache.lucene.analysis.TokenFilter,0.71,8,3,10,0,8,5,0,5,182,2
"org.apache.lucene.analysis.CharReader",8,0.29,1.12,18,0.18,3333.97,9,1,2,14,16,139.11,6,34,15,3,139.11,0.00,0.67,0.75,0,0.00,2,538.74,0,1,1,org.apache.lucene.analysis.CharStream,0.33,6,2,9,0,6,7,0,1,146,2
"org.apache.lucene.analysis.CharStream",1,0.00,1.00,2,0.01,109.02,1,0,1,1,23,143.25,16,3,23,2,143.73,9.00,0.09,0.00,0,1.00,1,42.11,0,0,0,java.io.Reader,0.00,0,1,1,9,0,1,0,2,15,2
"org.apache.lucene.analysis.CharTokenizer",8,0.16,2.12,61,0.76,43480.23,18,10,8,22,13,65.76,90,81,7,4,109.89,1.67,0.33,0.24,2,8.00,10,2275.97,2,0,6,org.apache.lucene.analysis.Tokenizer,0.32,14,3,17,5,14,8,0,20,440,2
"org.apache.lucene.analysis.MockAnalyzer",9,0.04,1.33,47,0.51,12758.25,15,6,6,15,199,159.93,21,63,190,2,120.04,0.00,0.50,0.20,0,26.00,3,1517.21,2,0,9,org.apache.lucene.analysis.Analyzer,0.00,6,1,12,0,6,9,0,4,343,2
"org.apache.lucene.analysis.MockAnalyzer$SavedStreams",0,0.00,0.00,3,0.01,82.42,2,2,6,0,2,171.00,0,5,0,1,171.00,0.00,0.00,0.00,0,0.00,0,41.21,0,0,2,java.lang.Object,0.00,0,0,0,0,0,0,0,0,13,1
"org.apache.lucene.analysis.MockAnalyzer$SimplePayloadFilter",3,0.38,1.33,21,0.19,3165.28,7,4,6,7,5,115.60,0,28,0,4,115.60,0.00,0.75,0.50,0,0.00,2,558.50,1,0,5,org.apache.lucene.analysis.TokenFilter,0.53,4,3,4,0,4,3,0,0,129,1
"org.apache.lucene.analysis.MockPayloadAnalyzer",1,0.00,1.00,4,0.05,968.22,1,0,6,3,9,125.26,4,7,1,2,125.03,0.00,0.50,0.00,0,1.00,1,155.81,0,0,8,org.apache.lucene.analysis.Analyzer,0.00,2,1,1,0,2,1,0,1,38,2
"org.apache.lucene.analysis.MockPayloadFilter",3,0.67,1.67,32,0.29,6780.15,9,6,6,8,7,107.17,0,40,1,4,107.17,0.00,0.75,0.61,0,0.00,3,855.41,0,0,6,org.apache.lucene.analysis.TokenFilter,0.53,5,3,5,0,5,3,0,0,182,1
"org.apache.lucene.analysis.MockTokenFilter",4,0.06,1.75,24,0.52,15194.10,10,6,8,12,22,95.78,20,44,16,4,113.66,0.00,0.75,0.21,0,4.00,4,1564.07,0,0,6,org.apache.lucene.analysis.TokenFilter,0.25,8,3,7,0,8,4,0,7,289,2
"org.apache.lucene.analysis.MockTokenizer",5,0.00,1.40,29,0.35,7782.58,11,6,5,11,88,169.71,9,42,84,5,119.71,0.00,0.80,0.17,0,10.00,2,1064.62,1,0,4,org.apache.lucene.analysis.CharTokenizer,0.50,6,4,7,0,6,5,0,5,239,1
"org.apache.lucene.analysis.NumericTokenStream",9,0.23,1.56,42,0.56,13105.64,16,7,12,20,19,85.97,111,57,7,3,123.53,0.00,0.67,0.35,0,0.00,4,1666.59,0,4,13,org.apache.lucene.analysis.TokenStream,0.35,11,2,14,0,11,5,0,16,355,2
"org.apache.lucene.analysis.NumericTokenStream$NumericAttributeFactory",2,1.00,2.00,7,0.09,2126.48,3,1,12,5,2,129.21,0,12,0,2,129.21,0.00,0.50,0.50,0,2.00,3,255.29,0,1,2,org.apache.lucene.util.AttributeFactory,0.00,3,1,4,0,3,1,0,0,62,3
"org.apache.lucene.analysis.NumericTokenStream$NumericTermAttribute",6,0.00,1.00,7,0.04,133.53,6,0,12,6,0,210.39,9,8,0,2,160.39,0.00,0.50,0.00,0,6.00,1,105.47,0,0,0,,0.00,0,1,6,0,0,6,0,6,41,1
"org.apache.lucene.analysis.NumericTokenStream$NumericTermAttributeImpl",10,0.14,1.20,35,0.40,9170.65,14,4,12,15,5,129.83,3,45,0,2,129.83,0.00,0.50,0.38,1,0.00,3,1193.84,0,0,5,org.apache.lucene.util.AttributeImpl,0.13,5,1,12,0,5,10,2,3,279,3
"org.apache.lucene.analysis.TestCachingTokenFilter",2,1.00,1.50,40,0.60,21024.08,3,1,12,25,13,130.59,4,53,0,3,90.71,0.00,0.67,0.50,1,2.00,2,1802.69,0,0,13,org.apache.lucene.analysis.BaseTokenStreamTestCase,0.00,23,2,3,0,23,2,0,4,329,1
"org.apache.lucene.analysis.TestCachingTokenFilter$TokenStream",1,0.00,2.00,12,0.12,2500.52,4,3,12,4,2,103.83,0,15,0,1,103.83,0.00,0.00,1.00,0,0.00,2,351.22,0,0,2,java.lang.Object,0.00,3,0,2,0,3,1,0,0,78,0
"org.apache.lucene.analysis.TestCharTokenizers",4,0.00,2.50,47,0.63,22285.66,4,0,2,13,2,84.57,21,43,0,3,102.44,0.00,0.67,0.00,0,4.00,3,1875.50,1,0,2,org.apache.lucene.analysis.BaseTokenStreamTestCase,0.00,9,2,10,0,9,4,0,7,362,1
"org.apache.lucene.analysis.TestMockAnalyzer",6,0.00,1.00,33,0.60,11581.72,6,0,6,14,10,139.67,23,57,0,3,119.05,0.00,0.67,0.00,0,6.00,1,1787.80,2,0,10,org.apache.lucene.analysis.BaseTokenStreamTestCase,0.00,8,2,6,0,8,6,0,8,361,1
"org.apache.lucene.analysis.TestNumericTokenStream",4,0.33,3.00,67,1.10,57816.50,6,2,6,28,8,143.07,4,74,0,3,93.07,0.00,0.67,0.25,0,8.00,3,3297.06,0,0,8,org.apache.lucene.analysis.BaseTokenStreamTestCase,0.00,24,2,12,0,24,4,0,4,579,1
"org.apache.lucene.analysis.TestNumericTokenStream$TestAttribute",0,0.00,0.00,1,0.01,49.13,0,0,6,0,0,171.00,0,1,0,2,171.00,0.00,0.50,0.00,0,0.00,0,19.65,0,0,0,,0.00,0,1,0,0,0,0,0,0,7,2
"org.apache.lucene.analysis.TestNumericTokenStream$TestAttributeImpl",0,0.00,0.00,1,0.01,85.59,0,0,6,0,1,171.00,0,1,0,3,171.00,0.00,0.67,0.00,0,0.00,0,28.53,0,0,1,org.apache.lucene.analysis.tokenattributes.CharTermAttributeImpl,0.00,0,2,0,0,0,0,1,0,9,2
"org.apache.lucene.analysis.TestToken",12,0.00,1.42,182,2.45,136404.82,12,0,9,48,15,95.11,3,200,1,2,95.11,0.00,0.50,0.00,2,12.00,5,7360.54,0,0,14,org.apache.lucene.util.LuceneTestCase,0.00,36,1,17,0,36,12,0,3,1460,1
"org.apache.lucene.analysis.TestToken$HashMap<String,Object>",0,0.00,0.00,9,0.19,4144.31,0,0,9,2,8,171.00,0,9,0,1,171.00,0.00,0.00,0.00,0,0.00,0,573.04,0,0,8,java.lang.Object,0.00,2,0,0,0,2,0,0,0,110,0
"org.apache.lucene.analysis.TestToken$SenselessAttribute",0,0.00,0.00,1,0.01,31.02,0,0,9,0,0,171.00,0,1,0,2,171.00,0.00,0.50,0.00,0,0.00,0,15.51,0,0,0,,0.00,0,1,0,0,0,0,0,0,6,1
"org.apache.lucene.analysis.TestToken$SenselessAttributeImpl",4,0.00,1.00,7,0.06,665.56,4,0,9,4,1,153.51,0,10,0,2,153.51,0.00,0.50,0.00,0,4.00,1,183.13,0,0,1,org.apache.lucene.util.AttributeImpl,0.22,0,1,4,0,0,4,1,0,55,3
"org.apache.lucene.analysis.Token",38,0.24,1.32,195,2.03,54770.97,45,7,12,56,85,77.70,282,260,73,3,119.99,0.00,0.67,0.38,2,0.00,5,6090.49,9,10,12,org.apache.lucene.analysis.tokenattributes.CharTermAttributeImpl,0.13,18,2,50,0,18,28,5,38,1360,1
"org.apache.lucene.analysis.Token$TokenAttributeFactory",4,0.67,2.00,14,0.18,5042.81,5,1,12,8,2,128.63,2,24,0,2,128.63,0.00,0.50,0.50,1,4.00,3,536.13,0,1,2,AttributeSource.AttributeFactory,0.00,4,1,8,0,4,3,0,1,128,3
"org.apache.lucene.analysis.TokenFilter",4,0.33,1.00,11,0.09,1296.02,5,1,1,7,148,160.62,12,19,147,3,140.00,54.00,0.02,0.75,0,0.00,1,261.65,0,0,1,org.apache.lucene.analysis.TokenStream,0.75,3,2,4,108,3,4,0,6,74,2
"org.apache.lucene.analysis.TokenStream",8,0.00,1.25,20,0.19,4954.58,8,0,9,14,547,117.59,112,31,542,2,137.73,165.00,0.01,0.00,1,8.00,3,583.86,0,0,6,org.apache.lucene.util.AttributeSource,0.00,6,1,10,165,6,8,1,9,143,2
"org.apache.lucene.analysis.Tokenizer",9,0.88,1.22,23,0.20,3474.44,10,1,3,12,179,159.97,27,34,175,3,139.36,11.50,0.08,0.22,0,19.00,2,591.95,0,0,4,org.apache.lucene.analysis.TokenStream,0.18,3,2,11,23,3,9,0,13,161,2
"org.apache.lucene.queryParser.core.config.FieldConfig",3,1.00,1.33,10,0.09,1389.59,4,1,1,4,12,99.92,18,17,11,2,132.14,0.00,0.50,0.00,0,3.00,2,265.96,1,2,1,org.apache.lucene.util.AttributeSource,0.00,1,1,4,0,1,1,0,3,69,1
"org.apache.lucene.queryParser.core.config.FieldConfigListener",1,0.00,1.00,2,0.01,30.51,1,0,0,1,4,185.12,30,3,3,1,148.08,0.00,0.00,0.00,0,1.00,1,25.51,0,0,1,,0.00,0,0,1,0,0,1,0,3,11,1
"org.apache.lucene.queryParser.core.config.QueryConfigHandler",2,1.00,1.50,10,0.10,2049.99,3,1,4,6,50,154.51,40,13,46,2,121.12,2.00,0.25,0.00,0,2.00,2,286.32,0,0,5,org.apache.lucene.util.AttributeSource,0.00,4,1,3,2,4,2,0,3,70,2
"org.apache.lucene.analysis.compound.hyphenation.ByteVector",11,0.30,1.36,49,0.37,9039.20,15,4,0,12,1,165.40,23,65,1,1,125.52,0.00,0.00,0.52,0,0.00,2,1112.59,0,0,0,java.lang.Object,0.00,1,0,15,0,1,11,0,7,271,1
"org.apache.lucene.analysis.compound.hyphenation.CharVector",13,0.27,1.31,55,0.44,10504.63,17,4,0,16,2,175.58,24,74,2,1,125.58,0.00,0.00,0.50,0,0.00,2,1306.80,0,1,0,java.lang.Object,0.00,3,0,17,0,3,12,1,7,317,1
"org.apache.lucene.analysis.compound.hyphenation.Hyphen",3,1.00,1.33,23,0.19,6976.59,6,3,0,7,1,113.14,12,29,1,1,112.90,0.00,0.00,1.00,0,0.00,2,583.72,0,1,0,java.lang.Object,0.00,4,0,4,0,4,2,0,1,138,1
"org.apache.lucene.analysis.compound.hyphenation.Hyphenation",3,0.00,1.00,8,0.04,406.54,4,1,0,3,2,143.22,14,12,2,1,142.98,0.00,0.00,1.00,0,0.00,1,123.63,0,0,0,java.lang.Object,0.00,0,0,3,0,0,3,0,4,39,1
"org.apache.lucene.analysis.compound.hyphenation.HyphenationException",1,0.00,1.00,3,0.02,106.02,1,0,0,1,2,105.03,6,5,2,2,137.25,0.00,0.50,0.00,0,1.00,1,45.51,0,0,0,java.lang.Exception,0.00,0,1,1,0,0,1,0,2,16,1
"org.apache.lucene.analysis.compound.hyphenation.HyphenationTree",15,0.00,3.80,222,2.79,295569.54,19,4,5,52,8,49.99,171,255,2,2,94.12,0.00,0.50,0.25,5,66.00,14,8364.57,4,4,6,org.apache.lucene.analysis.compound.hyphenation.TernaryTree,0.00,37,1,57,0,37,11,1,50,1558,1
"org.apache.lucene.analysis.compound.hyphenation.PatternConsumer",3,0.00,1.00,4,0.03,133.57,3,0,1,3,2,109.91,25,5,2,1,158.02,0.00,0.00,0.00,0,3.00,1,86.02,0,0,0,,0.00,0,0,3,0,0,3,0,4,30,1
"org.apache.lucene.analysis.compound.hyphenation.PatternParser",21,0.04,3.48,234,2.83,140690.74,32,11,12,80,5,141.62,61,292,2,2,101.74,0.00,0.50,0.13,4,110.00,10,8481.00,0,8,3,org.xml.sax.helpers.DefaultHandler,0.00,59,1,73,0,59,13,1,27,1647,1
"org.apache.lucene.analysis.compound.hyphenation.TernaryTree",21,0.13,2.48,222,2.52,179178.95,30,9,2,36,4,70.31,138,263,3,1,102.53,0.00,0.00,0.23,11,83.00,9,7560.78,0,2,1,java.lang.Object,0.00,15,0,52,1,15,19,1,43,1561,1
"org.apache.lucene.analysis.compound.hyphenation.TernaryTree$Iterator",9,0.25,3.11,101,1.11,65523.33,13,4,2,29,1,122.09,30,132,0,1,101.48,0.00,0.00,0.47,2,0.00,10,3329.95,0,1,1,java.lang.Object,0.00,20,0,28,0,20,8,1,13,659,1
"org.apache.lucene.analysis.compound.hyphenation.TernaryTree$Iterator$Item",3,0.75,1.00,11,0.07,702.58,5,2,2,4,0,134.54,0,16,0,1,134.54,0.00,0.00,1.00,0,0.00,1,198.73,0,1,0,java.lang.Object,0.00,1,0,3,0,1,2,1,0,58,1
"org.apache.lucene.LucenePackage",2,0.00,1.00,4,0.02,235.98,2,0,0,3,3,93.46,19,6,3,1,143.46,0.00,0.00,0.00,0,2.00,1,69.80,0,1,0,java.lang.Object,0.00,1,0,2,0,1,1,0,4,23,2
"org.apache.lucene.TestAssertions",2,0.00,3.00,27,0.21,2974.49,2,0,4,12,2,104.21,0,45,0,2,104.21,0.00,0.50,0.00,0,2.00,4,632.13,0,0,2,org.apache.lucene.util.LuceneTestCase,0.00,10,1,6,0,10,2,0,0,148,1
"org.apache.lucene.TestAssertions$TestAnalyzer1",2,0.00,1.00,5,0.05,523.29,2,0,4,2,2,140.73,0,6,0,2,140.73,0.00,0.50,0.00,0,2.00,1,140.53,0,2,2,org.apache.lucene.analysis.Analyzer,0.00,0,1,2,0,0,0,0,0,38,1
"org.apache.lucene.TestAssertions$TestAnalyzer2",2,0.00,1.00,5,0.04,434.62,2,0,4,2,2,141.37,0,6,0,2,141.37,0.00,0.50,0.00,0,2.00,1,133.87,0,2,2,org.apache.lucene.analysis.Analyzer,0.00,0,1,2,0,0,0,0,0,37,2
"org.apache.lucene.TestAssertions$TestAnalyzer3",2,0.00,1.00,5,0.04,416.51,2,0,4,2,2,141.51,0,6,0,2,141.51,0.00,0.50,0.00,0,2.00,1,129.73,0,2,2,org.apache.lucene.analysis.Analyzer,0.00,0,1,2,0,0,0,0,0,36,1
"org.apache.lucene.TestAssertions$TestAnalyzer4",2,0.00,1.00,5,0.05,469.90,2,0,4,2,2,141.10,0,6,0,2,141.10,0.00,0.50,0.00,0,2.00,1,135.13,0,2,2,org.apache.lucene.analysis.Analyzer,0.00,0,1,2,0,0,0,0,0,37,1
"org.apache.lucene.TestAssertions$TestTokenStream1",1,0.00,1.00,3,0.02,212.64,1,0,4,1,1,134.87,0,4,0,3,134.87,0.00,0.67,0.00,0,1.00,1,57.02,0,0,1,org.apache.lucene.analysis.TokenStream,0.33,0,2,1,0,0,1,0,0,18,1
"org.apache.lucene.TestAssertions$TestTokenStream2",1,0.00,1.00,3,0.02,186.16,1,0,4,1,1,135.33,0,4,0,3,135.33,0.00,0.67,0.00,0,1.00,1,56.19,0,0,1,org.apache.lucene.analysis.TokenStream,0.33,0,2,1,0,0,1,0,0,18,2
"org.apache.lucene.TestAssertions$TestTokenStream3",1,0.00,1.00,3,0.02,168.05,1,0,4,1,1,135.68,0,4,0,3,135.68,0.00,0.67,0.00,0,1.00,1,52.05,0,0,1,org.apache.lucene.analysis.TokenStream,0.33,0,2,1,0,0,1,0,0,17,1
"org.apache.lucene.TestDemo",1,0.00,3.00,28,0.49,21395.20,1,0,15,21,13,62.52,14,29,0,2,82.67,0.00,0.50,0.00,0,1.00,3,1463.14,0,0,13,org.apache.lucene.util.LuceneTestCase,0.00,20,1,3,0,20,1,0,9,237,1
"org.apache.lucene.TestExternalCodecs",0,0.00,0.00,4,0.04,1119.69,0,0,12,1,2,171.00,8,4,0,2,171.00,0.00,0.50,0.00,0,0.00,0,133.98,0,0,2,org.apache.lucene.util.LuceneTestCase,0.00,1,1,0,0,1,0,0,7,31,1
"org.apache.lucene.TestExternalCodecs$Comparator<BytesRef>",2,0.00,2.50,19,0.23,19523.06,2,0,12,2,1,153.78,2,25,0,1,103.78,0.00,0.00,0.00,0,2.00,4,700.93,0,0,1,java.lang.Object,0.00,0,0,5,0,0,2,0,2,144,0
"org.apache.lucene.TestExternalCodecs$RAMOnlyCodec",7,0.83,2.00,95,1.68,120045.77,8,1,12,54,20,135.83,17,115,0,2,95.94,0.00,0.50,0.29,1,18.00,5,5048.83,0,2,20,org.apache.lucene.index.codecs.Codec,0.00,47,1,14,0,47,5,0,17,830,2
"org.apache.lucene.TestExternalCodecs$RAMOnlyCodec$MyCodecs",1,0.00,1.00,5,0.03,341.61,1,0,12,4,1,124.98,0,7,0,2,124.98,0.00,0.50,0.00,0,1.00,1,96.47,0,0,1,org.apache.lucene.util.CodecProvider,0.00,3,1,1,0,3,1,0,0,28,2
"org.apache.lucene.TestExternalCodecs$RAMOnlyCodec$PulsingReverseTermsCodec",5,0.00,1.80,48,0.58,25414.17,5,0,12,21,20,156.08,6,87,0,2,106.08,0.00,0.50,0.00,0,8.00,3,1753.14,0,2,20,org.apache.lucene.index.codecs.Codec,0.00,16,1,9,0,16,3,0,6,344,2
"org.apache.lucene.TestExternalCodecs$RAMOnlyCodec$PulsingReverseTermsCodec$FixedGapTermsIndexWriter",1,0.00,1.00,3,0.03,341.04,1,0,12,1,1,153.87,3,5,0,1,133.26,0.00,0.00,0.00,0,1.00,1,76.33,0,0,1,java.lang.Object,0.00,0,0,1,0,0,1,0,3,22,0
"org.apache.lucene.TestExternalCodecs$RAMOnlyCodec$RAMDoc",1,2.00,1.00,7,0.05,849.83,4,3,12,1,0,116.41,0,9,0,1,116.41,0.00,0.00,0.33,0,0.00,1,155.24,0,0,0,java.lang.Object,0.00,0,0,1,0,0,1,0,0,42,1
"org.apache.lucene.TestExternalCodecs$RAMOnlyCodec$RAMDocsAndPositionsEnum",8,0.17,1.38,34,0.36,8700.04,13,5,12,12,3,124.56,1,53,0,4,124.56,0.00,0.75,0.35,1,0.00,4,1070.96,0,1,3,org.apache.lucene.index.DocsAndPositionsEnum,1.33,4,3,11,0,4,7,0,1,246,2
"org.apache.lucene.TestExternalCodecs$RAMOnlyCodec$RAMDocsEnum",5,0.15,1.60,28,0.27,6970.20,10,5,12,8,2,120.06,1,41,0,3,120.06,0.00,0.67,0.32,1,0.00,4,820.50,0,0,2,org.apache.lucene.index.DocsEnum,0.92,3,2,8,0,3,5,0,1,185,2
"org.apache.lucene.TestExternalCodecs$RAMOnlyCodec$RAMField",5,0.25,1.00,14,0.13,2053.70,8,3,12,8,2,139.19,0,24,0,2,139.19,0.00,0.50,0.13,0,11.00,1,384.28,0,2,2,org.apache.lucene.index.Terms,0.47,3,1,5,0,3,3,0,0,100,1
"org.apache.lucene.TestExternalCodecs$RAMOnlyCodec$RAMFieldsConsumer",3,0.25,1.00,11,0.11,2072.61,5,2,12,7,3,130.84,1,17,0,2,130.84,0.00,0.50,0.33,0,4.00,1,332.70,0,1,3,org.apache.lucene.index.codecs.FieldsConsumer,0.33,4,1,3,0,4,2,0,1,83,2
"org.apache.lucene.TestExternalCodecs$RAMOnlyCodec$RAMFieldsEnum",3,0.17,1.33,15,0.14,2429.57,6,3,12,9,2,121.96,0,22,0,2,121.96,0.00,0.50,0.44,0,1.00,2,411.98,0,2,2,org.apache.lucene.index.FieldsEnum,0.67,6,1,4,0,6,1,0,0,103,1
"org.apache.lucene.TestExternalCodecs$RAMOnlyCodec$RAMPostings",4,1.00,1.00,8,0.09,1316.24,5,1,12,7,3,139.95,0,17,0,3,139.95,0.00,0.67,0.25,0,6.00,1,264.98,0,2,3,org.apache.lucene.index.codecs.FieldsProducer,1.12,3,2,4,0,3,2,0,0,72,1
"org.apache.lucene.TestExternalCodecs$RAMOnlyCodec$RAMPostingsWriterImpl",4,0.33,1.50,20,0.27,9796.60,7,3,12,7,2,118.15,0,30,0,2,118.15,0.00,0.50,0.58,0,0.00,3,807.91,0,0,2,org.apache.lucene.index.codecs.PostingsConsumer,0.50,3,1,6,0,3,4,0,0,176,2
"org.apache.lucene.TestExternalCodecs$RAMOnlyCodec$RAMTerm",1,3.00,1.00,6,0.05,840.17,4,3,12,2,0,118.94,0,8,0,1,118.94,0.00,0.00,0.00,0,1.00,1,158.81,0,0,0,java.lang.Object,0.00,1,0,1,0,1,1,0,0,40,1
"org.apache.lucene.TestExternalCodecs$RAMOnlyCodec$RAMTermsConsumer",5,0.00,1.00,20,0.22,4391.59,8,3,12,12,4,125.36,0,30,0,2,125.36,0.00,0.50,0.33,0,6.00,1,666.04,0,2,4,org.apache.lucene.index.codecs.TermsConsumer,0.40,7,1,5,0,7,3,0,0,156,2
"org.apache.lucene.TestExternalCodecs$RAMOnlyCodec$RAMTermsEnum",11,0.13,1.45,43,0.47,10941.92,14,3,12,28,5,129.51,1,70,0,2,129.51,0.00,0.50,0.45,0,0.00,4,1401.79,0,7,5,org.apache.lucene.index.TermsEnum,0.56,17,1,16,0,17,4,0,1,328,1
"org.apache.lucene.TestMergeSchedulerExternal",0,0.00,0.00,5,0.04,461.50,3,3,11,0,9,171.00,4,5,0,2,171.00,0.00,0.50,0.00,0,0.00,0,105.49,0,0,9,org.apache.lucene.util.LuceneTestCase,0.00,0,1,0,0,0,0,0,1,27,1
"org.apache.lucene.TestMergeSchedulerExternal$MyMergeScheduler",4,0.00,1.25,34,0.47,10267.03,4,0,11,30,8,110.41,0,43,0,3,110.41,0.00,0.67,0.00,0,2.00,2,1422.82,2,1,8,org.apache.lucene.index.ConcurrentMergeScheduler,0.00,26,2,5,0,26,3,0,0,269,1
"org.apache.lucene.TestMergeSchedulerExternal$MyMergeScheduler$FailOnlyOnMerge",1,0.00,3.00,8,0.11,3080.70,1,0,11,6,1,109.59,0,10,0,2,109.59,0.00,0.50,0.00,0,1.00,3,316.06,0,0,1,MockDirectoryWrapper.Failure,0.00,5,1,3,0,5,1,0,0,66,2
"org.apache.lucene.TestMergeSchedulerExternal$MyMergeScheduler$MyMergeThread",1,0.00,1.00,4,0.04,420.51,1,0,11,1,1,127.88,0,7,0,2,127.88,0.00,0.50,0.00,0,0.00,1,109.84,0,0,1,ConcurrentMergeScheduler.MergeThread,0.00,0,1,1,0,0,1,0,0,29,1
"org.apache.lucene.TestSearch",3,0.00,2.67,59,0.99,42385.17,3,0,12,36,15,90.63,12,77,1,2,90.39,0.00,0.50,0.00,1,3.00,6,2960.52,0,0,14,org.apache.lucene.util.LuceneTestCase,0.00,33,1,8,0,33,3,0,4,477,1
"org.apache.lucene.TestSearchForDuplicates",5,0.05,2.60,82,1.31,63144.98,10,5,13,40,15,133.45,12,89,1,2,93.57,0.00,0.50,0.24,3,2.00,5,3926.62,0,0,14,org.apache.lucene.util.LuceneTestCase,0.00,35,1,13,0,35,5,0,5,681,1
"org.apache.lucene.demo.DeleteFiles",2,0.00,2.00,16,0.26,8508.81,2,0,5,14,4,90.70,11,23,0,1,108.58,0.00,0.00,0.00,0,2.00,3,766.36,0,0,4,java.lang.Object,0.00,12,0,4,0,12,2,0,7,139,1
"org.apache.lucene.demo.FileDocument",2,0.00,1.00,8,0.17,4751.15,2,0,6,10,4,84.40,24,13,1,1,121.96,0.00,0.00,0.00,0,2.00,1,508.41,0,1,3,java.lang.Object,0.00,8,0,2,0,8,1,0,13,104,1
"org.apache.lucene.demo.HTMLDocument",4,0.67,1.25,22,0.56,21728.70,5,1,3,24,5,97.59,23,33,1,1,115.46,0.00,0.00,0.50,0,4.00,2,1677.37,0,3,4,java.lang.Object,0.00,20,0,5,0,20,1,0,23,312,1
"org.apache.lucene.demo.IndexFiles",3,1.00,4.00,40,0.67,33492.63,4,1,10,25,6,137.14,6,56,0,1,97.25,0.00,0.00,0.33,1,4.00,6,2020.50,0,0,6,java.lang.Object,0.00,22,0,12,0,22,3,0,6,348,1
"org.apache.lucene.demo.IndexHTML",4,0.42,6.50,91,1.40,101682.93,8,4,16,39,14,37.70,33,114,1,1,85.80,0.00,0.00,0.56,1,0.00,10,4203.33,0,0,13,java.lang.Object,0.00,35,0,26,0,35,4,0,29,699,1
"org.apache.lucene.demo.SearchFiles",4,0.00,10.00,141,2.39,283190.88,4,0,20,37,14,42.46,24,168,1,1,74.68,0.00,0.00,0.00,2,4.00,19,7173.73,0,0,13,java.lang.Object,0.00,33,0,40,0,33,4,0,9,1084,1
"org.apache.lucene.demo.SearchFiles$Collector",4,0.33,1.00,11,0.12,1727.11,6,2,20,6,1,139.02,1,20,0,1,139.02,0.00,0.00,0.25,0,6.00,1,371.61,0,0,1,java.lang.Object,0.00,2,0,4,0,2,4,0,1,94,0
"org.apache.lucene.demo.TestDemo",2,0.00,1.00,31,0.47,13795.70,2,0,4,14,2,136.79,4,38,0,2,96.90,0.00,0.50,0.00,0,2.00,1,1410.44,0,0,2,org.apache.lucene.util.LuceneTestCase,0.00,12,1,2,0,12,2,0,4,260,1
"org.apache.lucene.ant.ConfigurableDocumentHandler",1,0.00,1.00,2,0.01,51.70,1,0,1,1,1,146.28,0,3,1,2,146.28,0.00,0.50,0.00,0,1.00,1,33.60,0,0,0,,0.00,0,1,1,0,0,1,0,0,13,1
"org.apache.lucene.ant.DocumentHandler",1,0.00,1.00,2,0.01,51.00,1,0,2,1,4,102.20,11,4,2,1,146.32,0.00,0.00,0.00,0,1.00,1,34.00,0,1,2,,0.00,0,0,1,0,0,0,0,2,13,1
"org.apache.lucene.ant.DocumentHandlerException",7,0.67,1.29,25,0.18,3405.77,8,1,2,11,3,181.98,12,40,3,2,131.98,0.00,0.50,0.43,1,10.00,2,548.02,1,1,0,java.lang.Exception,0.00,4,1,9,0,4,6,0,4,145,1
"org.apache.lucene.ant.DocumentTestCase",1,0.00,1.00,5,0.07,1284.05,1,0,4,6,0,120.45,0,9,0,2,120.45,2.00,0.25,0.00,0,1.00,1,198.03,0,1,0,org.apache.lucene.util.LuceneTestCase,0.00,5,1,1,2,5,0,0,0,47,2
"org.apache.lucene.ant.FileExtensionDocumentHandler",1,0.00,4.00,11,0.13,4208.12,1,0,2,6,6,121.43,18,19,1,1,103.30,0.00,0.00,0.00,0,1.00,4,385.51,0,1,5,java.lang.Object,0.00,5,0,4,0,5,0,1,2,80,1
"org.apache.lucene.ant.HtmlDocument",10,0.56,2.10,103,1.62,56296.13,11,1,13,45,5,55.89,89,133,3,1,103.99,0.00,0.00,0.50,1,10.00,5,4852.20,0,6,2,java.lang.Object,0.00,35,0,21,0,35,4,0,23,937,1
"org.apache.lucene.ant.HtmlDocumentTest",3,0.00,1.00,9,0.09,866.45,4,1,3,9,2,133.83,0,16,0,3,133.83,0.00,0.67,1.00,0,0.00,1,258.66,1,0,2,org.apache.lucene.ant.DocumentTestCase,0.00,6,2,3,0,6,3,0,0,68,1
"org.apache.lucene.ant.IndexTask",14,0.02,2.79,126,2.05,153889.99,24,10,38,70,23,61.06,107,185,2,2,103.35,0.00,0.50,0.12,2,70.00,19,6146.65,0,1,21,org.apache.tools.ant.Task,0.00,56,1,39,0,56,13,0,45,991,1
"org.apache.lucene.ant.IndexTask$AnalyzerType",2,0.00,1.00,12,0.16,3329.92,3,1,38,7,4,166.61,3,17,0,2,116.61,0.00,0.50,1.00,0,0.00,1,485.36,0,2,4,org.apache.tools.ant.types.EnumeratedAttribute,0.00,5,1,2,0,5,0,0,1,118,2
"org.apache.lucene.ant.IndexTask$HandlerConfig",3,0.50,1.00,8,0.07,902.39,4,1,38,6,0,140.26,0,12,0,1,140.26,0.00,0.00,0.67,0,1.00,1,207.25,0,2,0,java.lang.Object,0.00,3,0,3,0,3,1,1,0,57,2
"org.apache.lucene.ant.IndexTaskTest",3,0.62,1.00,31,0.36,6871.65,7,4,11,25,7,107.47,14,38,0,2,107.24,0.00,0.50,0.67,0,0.00,1,1087.70,2,0,7,org.apache.lucene.util.LuceneTestCase,0.00,22,1,3,0,22,3,0,4,217,1
"org.apache.lucene.ant.TextDocument",3,0.50,1.33,21,0.29,9238.55,4,1,7,17,5,63.46,30,27,3,1,111.94,0.00,0.00,0.67,0,1.00,2,855.07,0,2,2,java.lang.Object,0.00,14,0,4,0,14,1,0,6,184,1
"org.apache.lucene.ant.TextDocumentTest",3,0.00,1.00,8,0.07,704.09,4,1,3,6,2,141.10,0,15,0,3,141.10,0.00,0.67,1.00,0,0.00,1,202.57,1,0,2,org.apache.lucene.ant.DocumentTestCase,0.00,3,2,3,0,3,3,0,0,56,1
"lucli.LuceneMethods",17,0.09,3.12,205,3.06,158521.75,25,8,42,93,26,139.11,41,243,1,1,99.22,0.00,0.00,0.21,9,79.00,10,9171.84,0,4,25,java.lang.Object,0.00,76,0,53,0,76,13,0,28,1641,0
"lucli.LuceneMethods$Comparator<Map.Entry<K,V>>",1,0.00,1.00,5,0.08,1801.80,1,0,42,3,0,169.29,1,6,0,1,119.29,0.00,0.00,0.00,0,1.00,1,238.23,0,0,0,java.lang.Object,0.00,2,0,1,0,2,1,0,1,57,0
"lucli.LuceneMethods$CountingCollector",4,1.00,1.00,8,0.07,769.85,5,1,42,4,1,141.78,0,15,0,2,141.78,0.00,0.50,0.25,0,6.00,1,218.67,0,0,1,org.apache.lucene.index.Collector,0.00,0,1,4,0,0,4,0,0,62,2
"lucli.Lucli",14,0.07,3.43,163,2.19,116245.70,34,20,14,54,3,121.62,48,202,1,1,101.01,0.00,0.00,0.11,10,54.00,23,6566.00,0,2,2,java.lang.Object,0.00,40,0,48,0,40,12,0,26,1158,1
"lucli.Lucli$Command",2,0.25,1.00,12,0.09,1253.77,6,4,14,2,0,169.95,3,15,0,1,119.95,0.00,0.00,0.38,0,2.00,1,274.50,0,1,0,java.lang.Object,0.00,0,0,2,0,0,1,0,1,75,1
"org.apache.lucene.index.codecs.standard.DefaultSkipListReader",8,0.39,1.25,49,0.46,12936.39,15,7,4,10,6,156.54,17,63,4,2,116.65,0.00,0.50,0.48,0,0.00,3,1388.05,3,0,2,org.apache.lucene.index.codecs.MultiLevelSkipListReader,0.22,2,1,10,0,2,8,0,9,312,1
"org.apache.lucene.index.codecs.standard.DefaultSkipListWriter",4,0.52,2.00,48,0.56,20594.26,15,11,4,7,4,53.25,34,59,2,2,101.36,0.00,0.50,0.48,0,0.00,3,1692.94,1,0,2,org.apache.lucene.index.codecs.MultiLevelSkipListWriter,0.20,3,1,8,0,3,4,0,28,353,1
"org.apache.lucene.index.codecs.standard.StandardCodec",6,0.20,1.67,53,0.65,25254.54,9,3,18,24,30,158.66,8,92,14,2,108.66,0.00,0.50,0.17,1,18.00,3,1941.03,0,2,18,org.apache.lucene.index.codecs.Codec,0.00,18,1,10,0,18,4,0,7,393,1
"org.apache.lucene.index.codecs.standard.StandardPostingsReader",9,0.03,3.11,93,1.30,65278.88,13,4,17,32,21,123.65,29,135,5,2,103.04,0.00,0.50,0.28,0,23.00,7,3889.68,0,3,17,org.apache.lucene.index.codecs.PostingsReaderBase,0.25,23,1,28,0,23,6,0,26,764,1
"org.apache.lucene.index.codecs.standard.StandardPostingsReader$SegmentDocsAndPositionsAndPayloadsEnum",9,0.29,2.89,127,1.38,91351.43,28,19,17,25,6,117.07,35,163,0,4,96.45,0.00,0.75,0.31,1,0.00,7,4141.97,0,2,6,org.apache.lucene.index.DocsAndPositionsEnum,1.27,16,3,26,0,16,7,0,34,781,1
"org.apache.lucene.index.codecs.standard.StandardPostingsReader$SegmentDocsAndPositionsEnum",9,0.23,2.33,94,0.96,41530.59,25,16,17,21,6,125.26,27,125,0,4,104.65,0.00,0.75,0.27,1,14.00,5,2873.71,0,2,6,org.apache.lucene.index.DocsAndPositionsEnum,1.27,12,3,21,0,12,7,0,26,563,1
"org.apache.lucene.index.codecs.standard.StandardPostingsReader$SegmentDocsEnum",7,0.36,3.00,90,0.94,51797.42,20,13,17,16,5,100.26,28,119,0,3,100.02,0.00,0.67,0.38,1,0.00,6,2817.26,0,1,5,org.apache.lucene.index.DocsEnum,1.00,9,2,21,0,9,6,0,28,539,1
"org.apache.lucene.index.codecs.standard.StandardPostingsReader$StandardTermState",3,0.30,1.00,18,0.17,2952.12,8,5,17,5,3,158.29,6,26,0,4,118.40,0.00,0.75,0.40,0,1.00,1,502.82,2,2,3,org.apache.lucene.index.codecs.BlockTermState,1.00,2,3,3,0,2,1,0,6,121,3
"org.apache.lucene.index.codecs.standard.StandardPostingsWriter",10,0.19,2.50,118,1.42,73729.34,33,23,11,31,17,122.10,31,157,6,3,101.49,0.00,0.67,0.22,0,0.00,5,4250.39,0,0,12,org.apache.lucene.index.codecs.PostingsWriterBase,0.75,21,2,25,0,21,10,0,30,809,2
"org.apache.lucene.queryParser.precedence.processors.BooleanModifiersQueryNodeProcessor",6,2.00,2.17,37,0.50,26328.81,8,2,13,18,10,153.00,17,56,1,2,113.11,0.00,0.50,0.00,1,6.00,5,1492.71,1,5,9,org.apache.lucene.queryParser.core.processors.QueryNodeProcessorImpl,0.00,12,1,13,0,12,1,0,3,312,1
"org.apache.lucene.queryParser.precedence.processors.PrecedenceQueryNodeProcessorPipeline",1,0.00,3.00,10,0.09,2155.87,1,0,4,4,5,116.32,17,11,1,3,107.19,0.00,0.67,0.00,0,1.00,3,260.68,3,0,5,org.apache.lucene.queryParser.standard.processors.StandardQueryNodeProcessorPipeline,0.00,3,2,3,0,3,1,0,2,57,1
"org.apache.lucene.queryParser.surround.query.AndQuery",2,0.00,1.00,5,0.07,830.62,2,0,3,3,6,139.15,1,10,1,3,139.15,0.00,0.67,0.00,0,2.00,1,206.43,1,1,5,org.apache.lucene.queryParser.surround.query.ComposedQuery,0.00,1,2,2,0,1,1,0,1,52,1
"org.apache.lucene.queryParser.surround.query.BasicQueryFactory",7,0.25,1.14,21,0.14,1905.08,9,2,3,10,16,134.00,0,26,12,1,134.00,0.00,0.00,0.29,2,14.00,2,406.59,0,2,4,java.lang.Object,0.00,3,0,8,0,3,5,0,0,115,1
"org.apache.lucene.queryParser.surround.query.BooleanQueryTst",3,0.14,1.33,30,0.31,6926.05,10,7,8,12,10,107.15,2,41,2,1,107.15,0.00,0.00,0.24,0,4.00,2,940.54,0,0,8,java.lang.Object,0.00,9,0,4,0,9,3,0,2,196,1
"org.apache.lucene.queryParser.surround.query.BooleanQueryTst$TestCollector",6,0.10,1.50,32,0.34,14447.55,10,4,8,9,2,118.20,2,43,0,2,118.20,0.00,0.50,0.33,0,6.00,4,1029.55,0,0,2,org.apache.lucene.search.Collector,0.40,3,1,9,0,3,6,0,2,219,0
"org.apache.lucene.queryParser.surround.query.ComposedQuery",15,0.24,1.60,68,0.64,14348.30,18,3,4,29,7,124.96,6,78,4,2,124.96,4.00,0.17,0.11,9,68.00,3,1917.40,1,8,3,org.apache.lucene.queryParser.surround.query.SrndQuery,0.15,14,1,24,4,14,7,0,6,454,2
"org.apache.lucene.queryParser.surround.query.DistanceQuery",7,0.42,2.14,45,0.56,20551.03,9,2,7,22,10,114.49,4,68,1,3,114.49,0.00,0.67,0.14,1,17.00,5,1686.04,1,3,9,org.apache.lucene.queryParser.surround.query.ComposedQuery,0.00,15,2,15,0,15,4,1,4,338,1
"org.apache.lucene.queryParser.surround.query.DistanceQuery$Query",2,0.00,1.00,5,0.07,1010.16,2,0,7,5,1,138.48,0,9,0,1,138.48,0.00,0.00,0.00,0,2.00,1,204.20,0,2,1,java.lang.Object,0.00,3,0,2,0,3,0,0,0,52,0
"org.apache.lucene.queryParser.surround.query.DistanceSubQuery",2,0.00,1.00,3,0.01,59.00,2,0,1,2,4,199.31,5,4,3,1,159.43,0.00,0.00,0.00,0,2.00,1,42.00,0,1,1,,0.00,0,0,2,0,0,1,0,1,17,1
"org.apache.lucene.queryParser.surround.query.ExceptionQueryTst",3,0.25,2.67,29,0.31,9145.35,5,2,2,12,6,107.74,0,38,3,1,107.74,0.00,0.00,0.33,0,4.00,5,942.73,0,1,3,java.lang.Object,0.00,9,0,8,0,9,2,0,0,196,1
"org.apache.lucene.queryParser.surround.query.FieldsQuery",9,0.03,1.33,47,0.56,14389.54,13,4,4,29,6,119.63,7,61,2,2,119.63,0.00,0.50,0.22,4,24.00,3,1694.63,0,4,4,org.apache.lucene.queryParser.surround.query.SrndQuery,0.19,20,1,12,0,20,5,0,7,361,1
"org.apache.lucene.queryParser.surround.query.NotQuery",2,0.00,1.00,9,0.14,3231.20,2,0,4,8,7,173.28,3,13,1,3,123.28,0.00,0.67,0.00,0,2.00,1,429.03,1,1,6,org.apache.lucene.queryParser.surround.query.ComposedQuery,0.00,6,2,2,0,6,1,0,3,91,1
"org.apache.lucene.queryParser.surround.query.OrQuery",4,0.00,2.00,20,0.23,5493.08,4,0,5,9,10,120.06,1,31,2,3,120.06,0.00,0.67,0.00,0,4.00,4,677.93,2,2,8,org.apache.lucene.queryParser.surround.query.ComposedQuery,0.00,5,2,8,0,5,2,1,1,155,1
"org.apache.lucene.queryParser.surround.query.SimpleTerm",12,0.91,1.17,32,0.26,4888.99,13,1,7,21,12,139.18,2,45,4,2,139.18,3.00,0.20,0.17,5,28.00,3,781.75,1,6,8,org.apache.lucene.queryParser.surround.query.SrndQuery,0.08,9,1,14,3,9,6,2,2,207,2
"org.apache.lucene.queryParser.surround.query.SimpleTerm$MatchingTermVisitor",1,0.00,1.00,2,0.01,51.00,1,0,7,1,1,146.32,0,3,0,1,146.32,0.00,0.00,0.00,0,1.00,1,34.00,0,0,1,,0.00,0,0,1,0,0,1,0,0,13,1
"org.apache.lucene.queryParser.surround.query.SimpleTerm$MatchingTermVisitor_1",1,0.00,1.00,3,0.02,230.45,1,0,7,2,1,134.60,0,4,0,1,134.60,0.00,0.00,0.00,0,1.00,1,72.73,0,0,1,java.lang.Object,0.00,1,0,1,0,1,1,0,0,21,0
"org.apache.lucene.queryParser.surround.query.SimpleTerm$Query",2,0.00,2.00,7,0.16,4863.25,2,0,7,10,3,176.38,2,15,0,1,126.38,0.00,0.00,0.00,0,2.00,3,480.47,0,2,3,java.lang.Object,0.00,8,0,4,0,8,0,0,2,100,0
"org.apache.lucene.queryParser.surround.query.SimpleTerm$Query$MatchingTermVisitor_0",1,0.00,1.00,3,0.03,259.44,1,0,7,3,1,134.19,0,4,0,1,134.19,0.00,0.00,0.00,0,1.00,1,82.23,0,0,1,java.lang.Object,0.00,2,0,1,0,2,1,0,0,23,0
"org.apache.lucene.queryParser.surround.query.SingleFieldTestDb",4,0.22,1.50,25,0.27,7702.74,7,3,10,15,12,116.01,0,26,3,1,116.01,0.00,0.00,0.50,0,0.00,3,806.62,0,3,9,java.lang.Object,0.00,11,0,6,0,11,1,0,0,161,1
"org.apache.lucene.queryParser.surround.query.SpanNearClauseFactory",10,0.06,1.50,40,0.48,13491.16,14,4,10,27,13,123.80,2,50,4,1,123.80,0.00,0.00,0.20,2,46.00,3,1448.59,0,3,9,java.lang.Object,0.00,17,0,15,0,17,7,0,2,324,1
"org.apache.lucene.queryParser.surround.query.SrndBooleanQuery",2,0.00,2.00,13,0.17,5395.85,2,0,4,8,7,114.80,0,20,4,1,114.80,0.00,0.00,0.00,1,2.00,2,511.02,0,1,3,java.lang.Object,0.00,6,0,4,0,6,1,0,0,107,0
"org.apache.lucene.queryParser.surround.query.SrndPrefixQuery",7,0.17,2.00,41,0.48,19172.65,10,3,7,20,8,117.70,2,54,1,3,117.70,0.00,0.67,0.19,3,23.00,8,1439.99,0,3,7,org.apache.lucene.queryParser.surround.query.SimpleTerm,0.19,13,2,14,0,13,4,0,2,291,1
"org.apache.lucene.queryParser.surround.query.SrndQuery",12,0.36,1.25,34,0.27,4123.24,14,2,3,18,14,139.75,4,41,10,1,139.75,0.00,0.00,0.17,5,34.00,2,795.39,1,6,4,java.lang.Object,0.00,6,0,15,10,6,6,1,4,208,2
"org.apache.lucene.queryParser.surround.query.SrndQuery$BooleanQuery",3,0.00,1.00,7,0.07,810.47,3,0,3,4,2,140.62,1,13,0,1,140.62,0.00,0.00,0.00,0,3.00,1,196.67,0,0,2,java.lang.Object,0.00,1,0,3,0,1,3,0,1,53,0
"org.apache.lucene.queryParser.surround.query.SrndTermQuery",5,1.00,1.40,18,0.20,4217.67,6,1,7,11,8,130.08,1,28,1,3,130.08,0.00,0.67,0.20,2,8.00,3,606.97,0,3,7,org.apache.lucene.queryParser.surround.query.SimpleTerm,0.10,6,2,7,0,6,2,0,1,138,1
"org.apache.lucene.queryParser.surround.query.SrndTruncQuery",7,0.14,2.43,57,0.70,25989.42,13,6,9,27,8,109.00,1,81,1,3,109.00,0.00,0.67,0.29,3,20.00,7,2111.53,0,2,7,org.apache.lucene.queryParser.surround.query.SimpleTerm,0.10,20,2,17,0,20,5,0,1,419,1
"org.apache.lucene.queryParser.surround.query.Test01Exceptions",2,0.00,1.50,10,0.16,2333.90,5,3,3,7,2,170.68,2,39,1,2,120.68,0.00,0.50,0.33,0,2.00,2,492.60,0,0,1,org.apache.lucene.util.LuceneTestCase,0.00,5,1,3,0,5,2,0,2,102,1
"org.apache.lucene.queryParser.surround.query.Test02Boolean",25,0.18,1.00,81,0.76,9785.11,30,5,3,32,4,132.79,0,91,1,2,132.79,0.00,0.50,0.03,1,48.00,1,2272.19,0,0,3,org.apache.lucene.util.LuceneTestCase,0.00,7,1,25,0,7,25,0,0,555,1
"org.apache.lucene.queryParser.surround.query.Test03Distance",47,0.08,1.02,150,1.44,19721.91,57,10,3,57,5,132.54,2,188,1,2,132.54,0.00,0.50,0.02,4,268.00,2,4325.31,0,0,4,org.apache.lucene.util.LuceneTestCase,0.00,10,1,48,0,10,47,0,2,1041,1
"org.apache.lucene.queryParser.surround.query.TooManyBasicQueries",1,0.00,1.00,3,0.02,172.28,1,0,1,1,1,185.59,1,5,1,2,135.59,0.00,0.50,0.00,0,1.00,1,63.94,0,0,0,java.io.IOException,0.00,0,1,1,0,0,1,0,1,20,1
"org.apache.lucene.queryParser.core.QueryNodeError",4,1.00,1.00,12,0.09,1021.22,5,1,2,5,11,102.03,25,17,9,2,134.25,0.00,0.50,0.00,0,4.00,1,261.70,0,1,2,java.lang.Error,0.00,1,1,4,0,1,3,1,5,74,1
"org.apache.lucene.queryParser.core.QueryNodeException",8,1.00,1.00,20,0.18,2363.36,9,1,7,11,69,190.32,14,32,63,2,140.32,2.00,0.25,0.00,1,8.00,1,538.64,0,5,6,java.lang.Exception,0.00,3,1,8,2,3,3,1,1,146,1
"org.apache.lucene.queryParser.core.QueryNodeParseException",12,4.00,1.00,30,0.22,2622.83,16,4,5,13,11,181.23,34,44,6,3,141.35,0.50,0.50,0.00,0,12.00,1,666.66,0,2,6,org.apache.lucene.queryParser.core.QueryNodeException,0.00,1,2,12,1,1,10,0,6,185,1
"org.apache.lucene.queryParser.core.QueryParserHelper",10,0.22,1.50,42,0.36,6664.74,14,4,5,15,7,106.07,146,60,1,1,126.21,0.00,0.00,0.05,5,26.00,2,1070.24,0,5,6,java.lang.Object,0.00,5,0,15,3,5,5,0,11,261,1
"org.apache.lucene.search.cache.ByteValuesCreator",8,0.71,3.00,62,0.79,43113.40,9,1,15,20,19,109.84,2,96,8,4,109.84,0.00,0.75,0.38,2,14.00,12,2361.37,4,4,12,org.apache.lucene.search.cache.CachedArrayCreator,0.43,12,3,24,0,12,4,0,2,438,1
"org.apache.lucene.search.cache.CachedArray",2,4.00,1.00,16,0.13,1924.92,6,4,1,2,11,95.95,11,19,10,1,113.82,0.00,0.00,0.00,0,2.00,1,391.20,0,1,1,java.lang.Object,0.00,0,0,2,6,0,1,0,6,95,2
"org.apache.lucene.search.cache.CachedArray$ByteValues",1,0.00,1.00,4,0.03,418.45,2,1,1,1,1,127.90,0,4,0,2,127.90,0.00,0.50,1.00,0,0.00,1,100.72,0,0,1,org.apache.lucene.search.cache.CachedArray,0.67,0,1,1,0,0,1,0,0,28,2
"org.apache.lucene.search.cache.CachedArray$DoubleValues",1,0.00,1.00,4,0.03,418.45,2,1,1,1,1,127.90,0,4,0,2,127.90,0.00,0.50,1.00,0,0.00,1,100.72,0,0,1,org.apache.lucene.search.cache.CachedArray,0.67,0,1,1,0,0,1,0,0,28,2
"org.apache.lucene.search.cache.CachedArray$FloatValues",1,0.00,1.00,4,0.03,418.45,2,1,1,1,1,127.90,0,4,0,2,127.90,0.00,0.50,1.00,0,0.00,1,100.72,0,0,1,org.apache.lucene.search.cache.CachedArray,0.67,0,1,1,0,0,1,0,0,28,2
"org.apache.lucene.search.cache.CachedArray$IntValues",1,0.00,1.00,4,0.03,418.45,2,1,1,1,1,127.90,0,4,0,2,127.90,0.00,0.50,1.00,0,0.00,1,100.72,0,0,1,org.apache.lucene.search.cache.CachedArray,0.67,0,1,1,0,0,1,0,0,28,2
"org.apache.lucene.search.cache.CachedArray$LongValues",1,0.00,1.00,4,0.03,418.45,2,1,1,1,1,127.90,0,4,0,2,127.90,0.00,0.50,1.00,0,0.00,1,100.72,0,0,1,org.apache.lucene.search.cache.CachedArray,0.67,0,1,1,0,0,1,0,0,28,2
"org.apache.lucene.search.cache.CachedArray$ShortValues",1,0.00,1.00,4,0.03,418.45,2,1,1,1,1,127.90,0,4,0,2,127.90,0.00,0.50,1.00,0,0.00,1,100.72,0,0,1,org.apache.lucene.search.cache.CachedArray,0.67,0,1,1,0,0,1,0,0,28,2
"org.apache.lucene.search.cache.CachedArrayCreator",10,0.11,2.50,67,0.86,31800.54,16,6,11,25,35,164.18,10,98,22,3,114.18,3.00,0.22,0.07,0,34.00,7,2589.05,1,3,13,org.apache.lucene.search.cache.EntryCreatorWithOptions,0.15,15,2,25,6,15,7,0,5,521,2
"org.apache.lucene.search.cache.DocTermsCreator",5,0.25,3.40,59,0.77,44648.19,7,2,14,25,16,140.65,13,84,2,3,100.76,0.00,0.67,0.30,0,10.00,11,2308.75,1,3,14,org.apache.lucene.search.cache.EntryCreatorWithOptions,0.20,20,2,17,0,20,2,0,13,403,1
"org.apache.lucene.search.cache.DocTermsCreator$DocTermsImpl",4,0.00,1.00,13,0.14,2379.88,6,2,14,7,1,131.35,0,21,0,2,131.35,0.00,0.50,0.50,0,0.00,1,434.87,0,1,1,org.apache.lucene.search.FieldCache.DocTerms,0.00,3,1,4,0,3,3,0,0,110,2
"org.apache.lucene.search.cache.DocTermsIndexCreator",5,0.25,4.00,77,1.02,88698.95,7,2,19,27,21,113.97,16,105,2,3,93.35,0.00,0.67,0.30,0,10.00,14,3070.94,1,3,19,org.apache.lucene.search.cache.EntryCreatorWithOptions,0.20,22,2,20,0,22,2,0,16,515,1
"org.apache.lucene.search.cache.DocTermsIndexCreator$DocTermsIndexImpl",7,0.04,1.00,23,0.24,4028.89,11,4,19,11,2,131.47,0,38,0,2,131.47,0.00,0.50,0.21,0,20.00,1,706.30,0,3,2,org.apache.lucene.search.FieldCache.DocTermsIndex,0.00,4,1,7,0,4,4,0,0,180,2
"org.apache.lucene.search.cache.DocTermsIndexCreator$DocTermsIndexImpl$DocTermsIndexEnum",13,0.11,1.62,73,0.89,41127.81,19,6,19,18,7,117.25,5,109,0,2,117.25,0.00,0.50,0.27,1,22.00,5,2672.86,0,8,7,org.apache.lucene.index.TermsEnum,0.59,5,1,21,0,5,5,0,5,559,0
"org.apache.lucene.search.cache.DoubleValuesCreator",8,0.71,3.38,73,0.93,63649.28,9,1,15,20,20,104.41,3,112,9,4,104.41,0.00,0.75,0.38,2,14.00,15,2799.05,4,4,12,org.apache.lucene.search.cache.CachedArrayCreator,0.43,12,3,27,0,12,4,0,3,504,1
"org.apache.lucene.search.cache.EntryCreator",6,0.00,1.17,12,0.11,1701.81,6,0,2,9,9,161.04,23,20,7,1,140.42,0.00,0.00,0.00,1,6.00,2,325.02,0,0,2,java.lang.Object,0.00,3,0,7,10,3,6,0,9,92,2
"org.apache.lucene.search.cache.EntryCreatorWithOptions",4,0.33,1.00,11,0.10,1622.74,6,2,0,4,4,139.47,16,19,3,2,139.23,9.00,0.09,0.25,1,8.00,1,301.56,0,0,1,org.apache.lucene.search.cache.EntryCreator,0.20,0,1,4,9,0,4,0,1,80,2
"org.apache.lucene.search.cache.EntryKey",0,0.00,0.00,1,0.00,23.22,0,0,0,0,5,171.00,19,2,5,1,171.00,0.00,0.00,0.00,0,0.00,0,11.61,0,0,0,java.lang.Object,0.00,0,0,0,1,0,0,0,2,5,2
"org.apache.lucene.search.cache.FloatValuesCreator",8,0.71,3.38,73,0.93,63649.28,9,1,15,20,20,104.41,3,112,9,4,104.41,0.00,0.75,0.38,2,14.00,15,2799.05,4,4,12,org.apache.lucene.search.cache.CachedArrayCreator,0.43,12,3,27,0,12,4,0,3,504,1
"org.apache.lucene.search.cache.IntValuesCreator",8,0.71,3.38,73,0.93,64506.78,9,1,15,20,20,104.36,2,112,9,4,104.36,0.00,0.75,0.38,2,14.00,15,2793.37,4,4,12,org.apache.lucene.search.cache.CachedArrayCreator,0.43,12,3,27,0,12,4,0,2,504,1
"org.apache.lucene.search.cache.LongValuesCreator",8,0.71,3.38,73,0.93,63649.28,9,1,15,20,22,104.41,3,112,11,4,104.41,0.00,0.75,0.38,2,14.00,15,2799.05,4,4,12,org.apache.lucene.search.cache.CachedArrayCreator,0.43,12,3,27,0,12,4,0,3,504,1
"org.apache.lucene.search.cache.ShortValuesCreator",8,0.71,3.00,62,0.79,42552.73,9,1,15,20,19,109.88,2,96,8,4,109.88,0.00,0.75,0.38,2,14.00,12,2366.06,4,4,12,org.apache.lucene.search.cache.CachedArrayCreator,0.43,12,3,24,0,12,4,0,2,438,1
"org.apache.lucene.search.cache.SimpleEntryKey",4,0.22,2.75,36,0.38,17015.48,7,3,0,12,5,106.83,18,49,4,2,106.60,0.00,0.50,0.50,0,0.00,5,1142.53,0,1,1,org.apache.lucene.search.cache.EntryKey,0.00,8,1,11,0,8,3,0,3,246,1
"org.apache.lucene.search.cache.TestEntryCreators",6,0.10,2.83,112,2.06,102348.72,10,4,16,52,18,130.50,12,138,0,2,90.61,0.00,0.50,0.33,1,0.00,6,6183.84,2,1,18,org.apache.lucene.util.LuceneTestCase,0.00,46,1,17,0,46,5,0,12,1053,1
"org.apache.lucene.search.cache.TestEntryCreators$NumberTypeTester",2,0.40,2.00,14,0.14,3201.18,7,5,16,2,1,114.08,0,19,0,1,114.08,0.00,0.00,0.40,0,0.00,3,425.12,0,1,1,java.lang.Object,0.00,0,0,4,0,0,1,0,0,96,1
"org.apache.lucene.document.AbstractField",23,0.02,1.91,106,1.10,41999.95,39,16,5,36,9,122.94,105,138,3,1,122.71,0.00,0.00,0.08,2,295.00,18,3312.85,0,2,6,java.lang.Object,0.00,13,0,44,3,13,21,1,24,702,2
"org.apache.lucene.document.CompressionTools",8,0.00,1.25,41,0.56,20659.24,8,0,6,27,3,138.62,26,55,1,1,118.01,0.00,0.00,0.00,3,8.00,2,1670.25,0,1,2,java.lang.Object,0.00,19,0,10,0,19,7,0,13,352,1
"org.apache.lucene.document.DateTools",7,0.00,3.14,76,1.15,90188.35,7,0,8,34,26,56.94,80,94,24,1,101.07,0.00,0.00,0.00,3,7.00,8,3453.81,0,4,2,java.lang.Object,0.00,27,0,22,0,27,3,0,11,663,1
"org.apache.lucene.document.DateTools$DateFormats",0,0.00,0.00,17,0.29,12543.03,9,9,8,4,0,171.00,2,20,0,1,171.00,0.00,0.00,0.00,0,0.00,0,858.21,0,0,0,java.lang.Object,0.00,4,0,0,0,4,0,0,2,166,3
"org.apache.lucene.document.DateTools$Resolution",1,0.00,1.00,4,0.04,462.93,1,0,8,2,0,167.44,2,8,0,1,127.55,0.00,0.00,0.00,0,1.00,1,124.25,1,1,0,java.lang.Object,0.00,1,0,1,0,1,0,0,1,33,2
"org.apache.lucene.document.DateTools$ThreadLocal<DateFormats>",1,0.00,1.00,3,0.02,301.04,1,0,8,2,0,133.68,0,5,0,1,133.68,0.00,0.00,0.00,0,1.00,1,62.84,0,1,0,java.lang.Object,0.00,1,0,1,0,1,0,0,0,20,0
"org.apache.lucene.document.Document",16,0.07,2.50,88,1.18,43444.11,22,6,4,45,343,69.57,129,119,340,1,117.68,0.00,0.00,0.10,1,116.00,4,3535.55,0,7,5,java.lang.Object,0.00,29,0,40,0,29,9,0,18,748,2
"org.apache.lucene.document.Field",17,0.00,2.18,98,1.17,31806.71,17,0,4,25,234,70.88,143,130,230,2,118.98,0.00,0.50,0.00,0,53.00,8,3509.83,1,3,5,org.apache.lucene.document.AbstractField,0.00,8,1,37,0,8,14,1,25,733,2
"org.apache.lucene.document.Field$Index",19,0.00,1.21,51,0.32,4862.39,19,0,4,19,1,190.76,34,63,0,1,140.76,0.00,0.00,0.00,1,19.00,5,963.74,0,2,1,java.lang.Object,0.00,0,0,23,0,0,17,1,10,271,2
"org.apache.lucene.document.Field$Store",2,0.00,1.00,8,0.04,474.82,2,0,4,2,1,150.45,6,11,0,1,129.84,0.00,0.00,0.00,0,2.00,1,130.44,0,0,1,java.lang.Object,0.00,0,0,2,0,0,2,1,2,38,2
"org.apache.lucene.document.Field$TermVector",18,0.00,1.22,49,0.31,5073.47,18,0,4,18,1,190.43,23,60,0,1,140.43,0.00,0.00,0.00,0,18.00,5,937.41,0,1,1,java.lang.Object,0.00,0,0,22,0,0,17,1,7,261,2
"org.apache.lucene.document.FieldSelector",1,0.00,1.00,2,0.01,30.51,1,0,0,1,22,197.57,26,3,21,1,148.08,0.00,0.00,0.00,0,1.00,1,25.51,0,1,1,,0.00,0,0,1,0,0,0,0,3,11,1
"org.apache.lucene.document.FieldSelectorResult",0,0.00,0.00,2,0.01,57.08,0,0,0,0,15,171.00,25,8,15,1,171.00,0.00,0.00,0.00,0,0.00,0,38.05,0,0,0,java.lang.Object,0.00,0,0,0,0,0,0,0,3,11,1
"org.apache.lucene.document.Fieldable",22,0.00,1.00,23,0.08,343.00,22,0,5,22,102,129.38,141,24,98,1,161.61,0.00,0.00,0.00,0,22.00,1,251.35,0,4,4,,0.00,0,0,22,0,0,18,0,23,111,1
"org.apache.lucene.document.LoadFirstFieldSelector",1,0.00,1.00,3,0.02,180.47,1,0,0,1,3,168.82,20,5,1,1,135.43,0.00,0.00,0.00,0,1.00,1,57.02,0,1,2,java.lang.Object,0.00,0,0,1,0,0,0,1,2,18,1
"org.apache.lucene.document.MapFieldSelector",4,0.67,1.50,14,0.16,3801.32,5,1,4,8,4,129.89,17,18,2,1,129.66,0.00,0.00,0.50,0,4.00,2,489.35,0,1,2,java.lang.Object,0.00,4,0,6,0,4,3,1,5,116,1
"org.apache.lucene.document.NumericField",13,0.58,1.23,38,0.38,5580.11,14,1,8,23,23,109.61,177,53,20,2,138.99,0.00,0.50,0.46,0,5.00,2,1139.85,2,8,8,org.apache.lucene.document.AbstractField,0.06,10,1,16,0,10,5,0,15,284,2
"org.apache.lucene.document.SetBasedFieldSelector",2,0.00,2.00,13,0.13,3160.96,4,2,1,3,6,116.15,33,18,4,1,116.62,0.00,0.00,0.50,0,2.00,3,397.98,0,0,2,java.lang.Object,0.00,1,0,4,0,1,2,1,4,97,1
"org.apache.lucene.document.TestBinaryDocument",2,0.00,1.00,45,0.69,18222.26,4,2,4,29,7,69.60,28,50,0,2,89.74,0.00,0.50,0.50,0,2.00,1,2078.56,0,0,7,org.apache.lucene.util.LuceneTestCase,0.00,27,1,2,0,27,2,0,11,369,1
"org.apache.lucene.document.TestDateTools",6,0.00,1.50,116,2.08,76778.12,6,0,8,28,1,58.64,41,137,0,2,90.86,0.00,0.50,0.00,0,6.00,4,6247.12,0,1,1,org.apache.lucene.util.LuceneTestCase,0.00,22,1,9,0,22,5,0,26,1095,1
"org.apache.lucene.document.TestDocument",9,0.44,2.11,149,2.42,105711.80,11,2,9,47,11,61.64,58,182,0,2,93.86,0.00,0.50,0.11,2,16.00,5,7259.15,0,1,11,org.apache.lucene.util.LuceneTestCase,0.00,38,1,19,0,38,8,0,26,1370,1
"org.apache.lucene.analysis.commongrams.CommonGramsFilter",7,0.21,2.00,62,0.73,19648.34,18,11,10,28,14,65.87,81,76,6,4,110.00,0.00,0.75,0.27,3,0.00,4,2196.18,1,0,8,org.apache.lucene.analysis.TokenFilter,0.42,21,3,14,0,21,7,0,13,453,2
"org.apache.lucene.analysis.commongrams.CommonGramsFilterTest",10,0.22,1.00,136,2.36,105952.99,11,1,10,28,9,97.99,40,193,0,3,97.75,0.00,0.67,0.80,0,0.00,1,7070.11,2,0,9,org.apache.lucene.analysis.BaseTokenStreamTestCase,0.00,18,2,10,0,18,10,0,16,1309,1
"org.apache.lucene.analysis.commongrams.CommonGramsFilterTest$Analyzer",1,0.00,1.00,3,0.04,513.79,1,0,10,4,4,131.86,0,6,0,1,131.86,0.00,0.00,0.00,0,0.00,1,122.69,0,1,4,java.lang.Object,0.00,3,0,1,0,3,0,0,0,31,0
"org.apache.lucene.analysis.commongrams.CommonGramsFilterTest$Analyzer_0",1,0.00,1.00,3,0.04,457.80,1,0,10,3,3,132.25,0,6,0,1,132.25,0.00,0.00,0.00,0,0.00,1,108.08,0,1,3,java.lang.Object,0.00,2,0,1,0,2,0,0,0,28,0
"org.apache.lucene.analysis.commongrams.CommonGramsQueryFilter",4,0.25,2.25,31,0.30,10143.79,8,4,5,9,8,62.48,39,43,3,4,112.48,0.00,0.75,0.44,1,2.00,6,896.40,1,0,5,org.apache.lucene.analysis.TokenFilter,0.50,5,3,9,0,5,4,0,7,192,2
"org.apache.solr.cloud.AbstractDistributedZkTestCase",4,0.00,1.75,45,0.61,16801.29,6,2,6,25,7,103.49,1,54,1,4,103.49,0.33,0.60,0.50,1,0.00,3,1830.69,6,0,6,org.apache.solr.BaseDistributedSearchTestCase,0.13,21,3,7,1,21,4,0,1,347,2
"org.apache.solr.cloud.AbstractZkTestCase",9,0.05,1.33,65,0.83,21259.05,14,5,12,30,11,112.85,4,86,6,3,112.85,0.50,0.50,0.16,4,28.00,3,2502.39,3,0,5,org.apache.solr.SolrTestCaseJ4,0.05,21,2,12,1,21,9,0,2,514,2
"org.apache.solr.cloud.BasicDistributedZkTest",6,0.02,3.17,154,2.95,285477.97,24,18,8,22,6,49.53,37,182,0,5,81.76,0.00,0.80,0.07,0,18.00,7,8842.83,9,1,6,org.apache.solr.cloud.AbstractDistributedZkTestCase,0.10,16,4,19,0,16,5,0,27,1297,1
"org.apache.solr.cloud.BasicZkTest",3,0.00,1.33,54,1.07,44119.91,3,0,6,31,6,91.53,12,77,0,4,91.29,0.00,0.75,0.00,0,4.00,2,3209.86,8,0,6,org.apache.solr.cloud.AbstractZkTestCase,0.00,28,3,4,0,28,3,0,10,485,1
"org.apache.solr.cloud.CloudDescriptor",6,0.20,1.00,16,0.09,938.37,9,3,1,6,6,182.38,17,23,5,1,142.49,0.00,0.00,0.17,0,18.00,1,272.65,0,3,1,java.lang.Object,0.00,0,0,6,0,0,3,0,2,82,1
"org.apache.solr.cloud.CloudStateUpdateTest",5,0.35,2.40,122,1.87,94325.27,17,12,18,61,15,135.64,9,138,3,3,85.64,0.00,0.67,0.37,1,2.00,7,5615.75,3,0,12,org.apache.solr.SolrTestCaseJ4,0.10,56,2,12,0,56,5,0,7,906,1
"org.apache.solr.cloud.CloudStateUpdateTest$CoreContainer.Initializer",0,0.00,0.00,2,0.02,253.74,0,0,18,1,1,171.00,0,4,0,1,171.00,0.00,0.00,0.00,0,0.00,0,74.01,0,0,1,java.lang.Object,0.00,1,0,0,0,1,0,0,0,20,0
"org.apache.solr.cloud.CloudStateUpdateTest$CoreContainer.Initializer_0",0,0.00,0.00,2,0.02,253.74,0,0,18,1,1,171.00,0,4,0,1,171.00,0.00,0.00,0.00,0,0.00,0,74.01,0,0,1,java.lang.Object,0.00,1,0,0,0,1,0,0,0,20,0
"org.apache.solr.cloud.CloudStateUpdateTest$CoreContainer.Initializer_1",0,0.00,0.00,2,0.02,253.74,0,0,18,1,1,171.00,0,4,0,1,171.00,0.00,0.00,0.00,0,0.00,0,74.01,0,0,1,java.lang.Object,0.00,1,0,0,0,1,0,0,0,20,0
"org.apache.solr.cloud.SolrZkServer",6,0.25,3.17,50,0.62,19398.48,14,8,20,26,3,109.41,5,67,1,1,109.41,0.00,0.00,0.33,0,0.00,7,1848.41,0,2,2,java.lang.Object,0.00,20,0,19,0,20,4,0,5,380,1
"org.apache.solr.cloud.SolrZkServer$Thread",1,0.00,3.00,14,0.16,5644.78,1,0,20,9,1,98.45,0,19,0,1,98.45,0.00,0.00,0.00,0,0.00,3,490.81,0,0,1,java.lang.Object,0.00,8,0,3,0,8,1,0,0,96,0
"org.apache.solr.cloud.SolrZkServerProps",7,0.11,9.00,175,3.15,310012.42,10,3,20,67,2,49.54,44,241,1,2,81.76,0.00,0.50,0.24,2,14.00,36,9447.33,0,2,1,org.apache.zookeeper.server.quorum.QuorumPeerConfig,0.00,60,1,63,0,60,5,0,24,1473,0
"org.apache.solr.cloud.ZkController",23,0.08,3.26,235,3.66,188491.90,38,15,23,80,17,84.73,130,343,8,1,102.61,0.00,0.00,0.14,6,0.00,18,10985.63,0,8,9,java.lang.Object,0.00,57,0,75,0,57,15,0,53,1943,2
"org.apache.solr.cloud.ZkController$OnReconnect",1,0.00,4.00,14,0.18,5245.70,1,0,23,5,1,138.52,2,22,0,1,98.64,0.00,0.00,0.00,0,0.00,4,543.00,0,0,1,java.lang.Object,0.00,4,0,4,0,4,1,0,2,111,0
"org.apache.solr.cloud.ZkController$Watcher",1,0.00,6.00,21,0.32,16763.48,1,0,23,6,1,108.62,3,33,0,1,88.00,0.00,0.00,0.00,0,0.00,6,972.31,0,0,1,java.lang.Object,0.00,5,0,6,0,5,1,0,3,174,0
"org.apache.solr.cloud.ZkControllerTest",6,0.18,2.67,107,1.71,82091.72,16,10,14,39,10,92.30,0,145,0,3,92.30,0.00,0.67,0.25,1,6.00,8,5117.74,3,0,10,org.apache.solr.SolrTestCaseJ4,0.05,33,2,16,0,33,6,0,0,864,1
"org.apache.solr.cloud.ZkNodePropsTest",1,0.00,1.00,18,0.24,9694.80,1,0,4,7,2,92.78,0,21,0,3,92.78,0.00,0.67,0.00,0,1.00,1,713.45,0,0,2,org.apache.solr.SolrTestCaseJ4,0.00,6,2,1,0,6,1,0,0,141,1
"org.apache.solr.cloud.ZkSolrClientTest",7,0.83,2.86,99,1.29,60580.44,8,1,9,33,5,147.00,13,132,0,3,97.00,0.00,0.67,0.29,0,3.00,10,3871.80,1,2,5,org.apache.solr.util.AbstractSolrTestCase,0.24,26,2,20,0,26,5,0,13,679,1
"org.apache.solr.cloud.ZkSolrClientTest$Watcher",1,0.00,4.00,9,0.09,1629.20,1,0,9,5,0,159.79,1,14,0,1,109.79,0.00,0.00,0.00,0,0.00,4,275.19,0,0,0,java.lang.Object,0.00,4,0,4,0,4,1,0,1,59,0
"org.apache.solr.cloud.ZkSolrResourceLoader",5,0.12,2.20,37,0.54,19529.39,7,2,9,18,5,111.25,23,63,1,2,111.01,0.00,0.50,0.60,0,0.00,5,1617.17,0,3,4,org.apache.solr.core.SolrResourceLoader,0.12,13,1,11,0,13,2,0,5,321,1
"org.apache.solr.cloud.ZkTestServer",11,0.12,2.09,81,0.91,32513.76,15,4,20,46,8,161.98,12,118,7,1,111.98,0.00,0.00,0.14,2,25.00,5,2730.17,0,4,1,java.lang.Object,0.00,35,0,23,0,35,7,0,5,548,1
"org.apache.solr.cloud.ZkTestServer$HostPort",1,2.00,1.00,6,0.04,417.53,3,2,20,1,0,121.34,0,8,0,1,121.34,0.00,0.00,0.00,0,1.00,1,112.24,0,0,0,java.lang.Object,0.00,0,0,1,0,0,1,0,0,33,2
"org.apache.solr.cloud.ZkTestServer$Session",2,0.00,1.00,5,0.03,286.06,2,0,20,2,0,142.80,0,8,0,1,142.80,0.00,0.00,0.00,0,2.00,1,81.08,0,0,0,java.lang.Object,0.00,0,0,2,0,0,2,0,0,26,0
"org.apache.solr.cloud.ZkTestServer$Thread",1,0.00,2.00,6,0.05,985.56,1,0,20,3,0,118.24,0,10,0,1,118.24,0.00,0.00,0.00,0,0.00,2,144.16,0,0,0,java.lang.Object,0.00,2,0,2,0,2,1,0,0,35,0
"org.apache.solr.cloud.ZkTestServer$Thread$ServerConfig",1,0.00,3.00,12,0.13,3143.46,1,0,20,5,1,102.95,0,19,0,1,102.95,0.00,0.00,0.00,0,1.00,3,380.76,0,0,1,java.lang.Object,0.00,4,0,3,0,4,1,0,0,85,0
"org.apache.solr.cloud.ZkTestServer$ZKServerMain",4,0.17,2.50,35,0.39,9891.65,6,2,20,29,0,131.00,14,51,0,1,110.38,0.00,0.00,0.62,1,0.00,3,1167.39,0,0,0,java.lang.Object,0.00,25,0,10,0,25,4,0,6,246,0
"org.apache.lucene.analysis.pt.PortugueseAnalyzer",5,0.50,1.80,21,0.29,7141.30,7,2,17,16,15,75.46,42,31,1,4,123.56,0.00,0.75,0.10,0,8.00,3,866.52,0,1,14,org.apache.lucene.analysis.util.StopwordAnalyzerBase,0.00,11,3,9,0,11,4,0,8,192,2
"org.apache.lucene.analysis.pt.PortugueseAnalyzer$DefaultSetHolder",0,0.00,0.00,6,0.05,843.89,1,1,17,0,2,171.00,2,11,0,1,171.00,0.00,0.00,0.00,0,0.00,0,162.56,0,0,2,java.lang.Object,0.00,0,0,0,0,0,0,0,2,40,2
"org.apache.lucene.analysis.pt.PortugueseLightStemFilter",2,0.33,2.00,14,0.16,3794.18,5,3,6,9,8,113.74,9,20,2,4,113.50,0.00,0.75,0.50,0,2.00,3,481.98,0,0,6,org.apache.lucene.analysis.TokenFilter,0.29,7,3,4,0,7,2,0,1,107,2
"org.apache.lucene.analysis.pt.PortugueseLightStemmer",3,0.00,11.00,73,1.25,100714.89,3,0,1,4,1,123.21,7,122,1,1,83.32,0.00,0.00,0.00,0,3.00,14,3736.92,0,0,0,java.lang.Object,0.00,1,0,33,0,1,3,0,1,670,1
"org.apache.lucene.analysis.pt.PortugueseMinimalStemFilter",2,0.33,2.00,14,0.16,3794.18,5,3,6,9,8,113.74,9,20,2,4,113.50,0.00,0.75,0.50,0,2.00,3,481.98,0,0,6,org.apache.lucene.analysis.TokenFilter,0.29,7,3,4,0,7,2,0,1,107,2
"org.apache.lucene.analysis.pt.PortugueseMinimalStemmer",1,0.00,1.00,4,0.06,973.48,2,1,0,3,2,172.84,27,7,1,2,125.01,0.00,0.50,1.00,0,0.00,1,170.48,0,0,1,org.apache.lucene.analysis.pt.RSLPStemmerBase,0.00,2,1,1,0,2,1,0,2,42,1
"org.apache.lucene.analysis.pt.PortugueseStemFilter",2,0.33,2.00,15,0.18,4744.35,5,3,6,9,8,94.87,10,21,2,4,112.74,0.00,0.75,0.50,0,2.00,3,535.08,0,0,6,org.apache.lucene.analysis.TokenFilter,0.29,7,3,4,0,7,2,0,2,116,2
"org.apache.lucene.analysis.pt.PortugueseStemmer",1,0.00,13.00,46,0.71,38971.65,8,7,1,2,2,52.09,14,61,1,2,72.23,0.00,0.50,1.00,0,0.00,13,2131.11,1,0,1,org.apache.lucene.analysis.pt.RSLPStemmerBase,0.00,1,1,13,0,1,1,0,5,364,1
"org.apache.lucene.analysis.pt.RSLPStemmerBase",6,0.10,3.33,71,1.24,74603.25,10,4,14,35,4,51.16,64,98,2,1,99.63,0.00,0.00,0.17,3,14.00,7,3733.28,0,6,2,java.lang.Object,0.00,29,0,20,3,29,0,0,7,691,2
"org.apache.lucene.analysis.pt.RSLPStemmerBase$Rule",3,0.17,1.33,14,0.18,4446.23,6,3,14,5,0,123.74,12,19,0,1,123.51,0.00,0.00,0.44,0,1.00,2,535.01,0,0,0,java.lang.Object,0.00,2,0,4,0,2,3,0,3,130,2
"org.apache.lucene.analysis.pt.RSLPStemmerBase$RuleWithSetExceptions",2,1.00,2.00,12,0.20,6148.13,3,1,14,7,2,114.35,0,17,0,2,114.35,0.00,0.50,0.50,0,2.00,3,599.57,1,0,2,org.apache.lucene.analysis.pt.Rule,0.00,5,1,4,0,5,2,0,0,123,2
"org.apache.lucene.analysis.pt.RSLPStemmerBase$RuleWithSuffixExceptions",2,1.00,4.00,19,0.28,12563.05,3,1,14,4,0,105.18,1,23,0,2,105.18,0.00,0.50,0.50,0,2.00,4,849.28,1,0,0,org.apache.lucene.analysis.pt.Rule,0.00,2,1,8,0,2,2,0,1,173,2
"org.apache.lucene.analysis.pt.RSLPStemmerBase$Step",2,0.25,6.50,37,0.44,27817.76,6,4,14,5,0,73.24,10,41,0,1,91.12,0.00,0.00,0.38,0,2.00,8,1328.87,0,0,0,java.lang.Object,0.00,3,0,13,0,3,2,0,2,265,2
"org.apache.lucene.analysis.pt.TestPortugueseAnalyzer",3,0.00,1.00,14,0.15,2836.17,3,0,5,7,3,164.99,6,19,0,3,125.11,0.00,0.67,0.00,0,3.00,1,450.25,2,0,3,org.apache.lucene.analysis.BaseTokenStreamTestCase,0.00,4,2,3,0,4,3,0,5,103,1
"org.apache.lucene.analysis.pt.TestPortugueseLightStemFilter",3,0.00,1.00,22,0.27,4740.68,3,0,10,5,7,134.90,11,37,0,3,114.29,0.00,0.67,0.00,0,3.00,1,819.10,2,0,7,org.apache.lucene.analysis.BaseTokenStreamTestCase,0.00,2,2,3,0,2,3,0,4,173,1
"org.apache.lucene.analysis.pt.TestPortugueseLightStemFilter$ReusableAnalyzerBase",1,0.00,1.00,5,0.06,1073.53,1,0,10,5,5,121.06,0,8,0,1,121.06,0.00,0.00,0.00,0,1.00,1,188.94,0,1,5,java.lang.Object,0.00,4,0,1,0,4,0,0,0,44,0
"org.apache.lucene.analysis.pt.TestPortugueseMinimalStemFilter",2,0.00,1.00,7,0.13,1624.07,2,0,10,4,7,130.53,8,21,0,3,130.29,0.00,0.67,0.00,0,2.00,1,396.51,1,0,7,org.apache.lucene.analysis.BaseTokenStreamTestCase,0.00,2,2,2,0,2,2,0,3,82,1
"org.apache.lucene.analysis.pt.TestPortugueseMinimalStemFilter$ReusableAnalyzerBase",1,0.00,1.00,5,0.06,1073.53,1,0,10,5,5,121.06,0,8,0,1,121.06,0.00,0.00,0.00,0,1.00,1,188.94,0,1,5,java.lang.Object,0.00,4,0,1,0,4,0,0,0,44,0
"org.apache.lucene.analysis.pt.TestPortugueseStemFilter",2,0.00,1.00,7,0.13,1624.07,2,0,10,4,7,130.53,8,21,0,3,130.29,0.00,0.67,0.00,0,2.00,1,396.51,1,0,7,org.apache.lucene.analysis.BaseTokenStreamTestCase,0.00,2,2,2,0,2,2,0,3,82,1
"org.apache.lucene.analysis.pt.TestPortugueseStemFilter$ReusableAnalyzerBase",1,0.00,1.00,5,0.06,1073.53,1,0,10,5,5,121.06,0,8,0,1,121.06,0.00,0.00,0.00,0,1.00,1,188.94,0,1,5,java.lang.Object,0.00,4,0,1,0,4,0,0,0,44,0
"org.apache.lucene.analysis.de.GermanAnalyzer",5,0.25,2.00,22,0.47,11538.27,8,3,19,17,17,92.52,68,50,1,4,121.90,0.00,0.75,0.13,0,7.00,3,1406.28,0,2,16,org.apache.lucene.analysis.util.StopwordAnalyzerBase,0.00,12,3,10,0,12,3,0,10,274,2
"org.apache.lucene.analysis.de.GermanAnalyzer$DefaultSetHolder",0,0.00,0.00,7,0.11,2461.47,2,2,19,3,4,171.00,3,14,0,1,171.00,0.00,0.00,0.00,0,0.00,0,326.34,0,0,4,java.lang.Object,0.00,3,0,0,0,3,0,0,3,71,2
"org.apache.lucene.analysis.de.GermanLightStemFilter",2,0.33,2.00,14,0.16,3794.18,5,3,6,9,8,113.74,9,20,2,4,113.50,0.00,0.75,0.50,0,2.00,3,481.98,0,0,6,org.apache.lucene.analysis.TokenFilter,0.29,7,3,4,0,7,2,0,1,107,2
"org.apache.lucene.analysis.de.GermanLightStemmer",4,0.00,4.50,32,0.69,36340.93,4,0,0,4,1,85.65,56,65,1,1,105.80,0.00,0.00,0.00,1,4.00,7,2080.72,0,0,0,java.lang.Object,0.00,0,0,18,0,0,4,0,4,419,1
"org.apache.lucene.analysis.de.GermanMinimalStemFilter",2,0.33,2.00,14,0.16,3794.18,5,3,6,9,8,113.74,9,20,2,4,113.50,0.00,0.75,0.50,0,2.00,3,481.98,0,0,6,org.apache.lucene.analysis.TokenFilter,0.29,7,3,4,0,7,2,0,1,107,2
"org.apache.lucene.analysis.de.GermanMinimalStemmer",1,0.00,19.00,22,0.41,48542.86,1,0,0,1,1,46.47,56,28,1,1,83.35,0.00,0.00,0.00,0,1.00,19,1221.27,0,0,0,java.lang.Object,0.00,0,0,19,0,0,1,0,4,229,1
"org.apache.lucene.analysis.de.GermanStemFilter",3,0.00,2.33,18,0.21,5600.37,6,3,6,11,10,66.02,28,30,4,4,116.02,0.00,0.75,0.33,0,4.00,4,641.51,0,0,6,org.apache.lucene.analysis.TokenFilter,0.27,8,3,7,0,8,3,0,6,141,2
"org.apache.lucene.analysis.de.GermanStemmer",7,0.33,6.29,125,2.10,186163.99,9,2,0,20,1,45.71,83,172,1,1,89.83,0.00,0.00,0.21,5,18.00,14,6286.39,0,1,0,java.lang.Object,0.00,13,0,44,0,13,6,0,23,1173,1
"org.apache.lucene.analysis.de.TestGermanAnalyzer",4,0.00,1.00,21,0.25,4747.52,4,0,9,12,8,170.72,5,28,0,3,120.72,0.00,0.67,0.00,0,4.00,1,735.45,2,0,8,org.apache.lucene.analysis.BaseTokenStreamTestCase,0.00,8,2,4,0,8,4,0,3,167,1
"org.apache.lucene.analysis.de.TestGermanLightStemFilter",1,0.00,1.00,5,0.04,412.90,1,0,8,3,5,124.56,4,8,0,3,124.33,0.00,0.67,0.00,0,1.00,1,116.42,0,0,5,org.apache.lucene.analysis.BaseTokenStreamTestCase,0.00,2,2,1,0,2,1,0,2,31,1
"org.apache.lucene.analysis.de.TestGermanLightStemFilter$ReusableAnalyzerBase",1,0.00,1.00,4,0.05,771.22,1,0,8,4,3,125.81,0,7,0,1,125.81,0.00,0.00,0.00,0,1.00,1,141.98,0,1,3,java.lang.Object,0.00,3,0,1,0,3,0,0,0,35,0
"org.apache.lucene.analysis.de.TestGermanMinimalStemFilter",2,0.00,1.00,14,0.12,1490.08,2,0,8,4,5,156.74,5,18,0,3,116.86,0.00,0.67,0.00,0,2.00,1,374.95,1,0,5,org.apache.lucene.analysis.BaseTokenStreamTestCase,0.00,2,2,2,0,2,2,0,3,86,1
"org.apache.lucene.analysis.de.TestGermanMinimalStemFilter$ReusableAnalyzerBase",1,0.00,1.00,4,0.05,771.22,1,0,8,4,3,125.81,0,7,0,1,125.81,0.00,0.00,0.00,0,1.00,1,141.98,0,1,3,java.lang.Object,0.00,3,0,1,0,3,0,0,0,35,0
"org.apache.lucene.analysis.de.TestGermanStemFilter",1,0.00,1.00,6,0.05,607.14,1,0,9,6,6,87.83,6,8,0,3,120.06,0.00,0.67,0.00,0,1.00,1,147.20,0,0,6,org.apache.lucene.analysis.BaseTokenStreamTestCase,0.00,5,2,1,0,5,1,0,1,37,1
"org.apache.lucene.analysis.de.TestGermanStemFilter$ReusableAnalyzerBase",1,0.00,1.00,4,0.05,839.11,1,0,9,5,4,125.52,0,8,0,1,125.52,0.00,0.00,0.00,0,1.00,1,157.34,0,1,4,java.lang.Object,0.00,4,0,1,0,4,0,0,0,38,0
"org.apache.lucene.index.codecs.preflex.Deprecated",14,0.16,2.50,122,1.37,60214.88,31,17,7,34,6,148.37,36,156,0,1,108.49,0.00,0.00,0.21,4,46.00,6,4108.50,0,0,6,java.lang.Object,0.00,20,0,35,0,20,14,0,25,813,1
"org.apache.lucene.index.codecs.preflex.Deprecated$CloneableTerm",4,0.67,1.00,11,0.10,1553.17,5,1,8,6,1,139.38,0,19,0,2,139.38,0.00,0.50,0.50,1,4.00,1,304.77,0,1,1,DoubleBarrelLRUCache.CloneableKey,0.00,2,1,4,0,2,3,0,0,82,2
"org.apache.lucene.index.codecs.preflex.Deprecated$PreDocsAndPositionsEnum",10,0.15,1.40,43,0.41,12182.14,13,3,24,23,4,124.17,0,65,0,4,124.17,0.00,0.75,0.47,0,0.00,3,1228.77,0,3,4,org.apache.lucene.index.DocsAndPositionsEnum,1.22,13,3,14,0,13,7,0,0,287,2
"org.apache.lucene.index.codecs.preflex.Deprecated$PreDocsEnum",8,0.00,1.38,31,0.30,7735.13,10,2,24,15,3,129.62,0,48,0,3,129.62,0.00,0.67,0.50,1,4.00,2,914.94,1,2,3,org.apache.lucene.index.DocsEnum,0.94,7,2,11,0,7,6,0,0,220,2
"org.apache.lucene.index.codecs.preflex.Deprecated$PreFlexFieldsEnum",3,0.50,1.33,16,0.13,2166.54,6,3,24,9,3,122.35,0,23,0,2,122.35,0.00,0.50,0.67,0,0.00,2,391.67,0,2,3,org.apache.lucene.index.FieldsEnum,0.67,6,1,4,0,6,1,0,0,97,1
"org.apache.lucene.index.codecs.preflex.Deprecated$PreTerms",4,1.00,1.25,15,0.12,2218.05,5,1,24,9,4,131.54,2,24,0,2,131.54,0.00,0.50,0.25,0,6.00,2,346.44,0,2,4,org.apache.lucene.index.Terms,0.38,5,1,5,0,5,2,0,2,90,1
"org.apache.lucene.index.codecs.preflex.Deprecated$PreTermsEnum",19,0.18,5.05,349,5.42,506137.43,32,13,24,53,8,46.66,141,445,0,2,88.95,0.00,0.50,0.24,7,35.00,14,16269.64,0,5,8,org.apache.lucene.index.TermsEnum,0.42,34,1,96,0,34,14,0,141,2763,1
"org.apache.lucene.index.codecs.preflex.Deprecated$TermInfoAndOrd",1,1.00,1.00,5,0.04,442.87,2,1,8,1,0,124.09,0,7,0,2,124.09,0.00,0.50,0.00,0,1.00,1,111.58,0,0,0,TermInfo,0.00,0,1,1,0,0,1,0,0,31,3
"org.apache.lucene.index.codecs.preflex.Deprecated$ThreadResources",18,0.94,2.83,149,2.11,176697.40,19,1,8,44,5,155.64,29,216,0,1,105.64,0.00,0.00,0.11,7,62.00,12,6324.66,0,1,5,java.lang.Object,0.00,26,0,51,0,26,17,0,29,1194,3
"org.apache.lucene.index.codecs.preflex.TestSurrogates",7,1.00,7.29,194,3.34,275217.81,8,1,9,67,12,120.85,19,229,0,2,80.97,0.00,0.50,0.14,4,12.00,15,10016.43,0,3,12,org.apache.lucene.util.LuceneTestCase,0.00,60,1,51,0,60,4,0,19,1611,1
"org.apache.lucene.index.codecs.preflex.TestSurrogates$SortTermAsUTF16Comparator",1,0.00,1.00,3,0.03,374.38,1,0,9,2,1,132.94,0,5,0,1,132.94,0.00,0.00,0.00,0,1.00,1,90.58,0,0,1,java.lang.Object,0.00,1,0,1,0,1,1,1,0,26,2
"org.apache.lucene.analysis.pl.PolishAnalyzer",5,0.19,1.80,24,0.33,7970.00,9,4,18,16,16,75.08,43,34,1,4,123.19,0.00,0.75,0.10,0,8.00,3,995.11,0,2,15,org.apache.lucene.analysis.util.StopwordAnalyzerBase,0.00,11,3,9,0,11,3,0,9,216,2
"org.apache.lucene.analysis.pl.PolishAnalyzer$DefaultsHolder",0,0.00,0.00,10,0.11,2333.30,2,2,18,0,4,171.00,4,17,0,1,171.00,0.00,0.00,0.00,0,0.00,0,334.67,0,0,4,java.lang.Object,0.00,0,0,0,0,0,0,0,4,75,2
"org.apache.lucene.analysis.pl.TestPolishAnalyzer",3,0.00,1.00,14,0.15,2836.17,3,0,5,7,3,164.99,6,19,0,3,125.11,0.00,0.67,0.00,0,3.00,1,450.25,2,0,3,org.apache.lucene.analysis.BaseTokenStreamTestCase,0.00,4,2,3,0,4,3,0,5,103,1
"org.apache.lucene.analysis.da.DanishAnalyzer",5,0.50,1.80,21,0.29,7141.30,7,2,17,16,15,75.46,42,31,1,4,123.56,0.00,0.75,0.10,0,8.00,3,866.52,0,1,14,org.apache.lucene.analysis.util.StopwordAnalyzerBase,0.00,11,3,9,0,11,4,0,8,192,2
"org.apache.lucene.analysis.da.DanishAnalyzer$DefaultSetHolder",0,0.00,0.00,6,0.05,843.89,1,1,17,0,2,171.00,2,11,0,1,171.00,0.00,0.00,0.00,0,0.00,0,162.56,0,0,2,java.lang.Object,0.00,0,0,0,0,0,0,0,2,40,2
"org.apache.lucene.analysis.da.TestDanishAnalyzer",3,0.00,1.00,14,0.15,2982.43,3,0,5,7,3,164.82,6,19,0,3,124.94,0.00,0.67,0.00,0,3.00,1,445.05,2,0,3,org.apache.lucene.analysis.BaseTokenStreamTestCase,0.00,4,2,3,0,4,3,0,5,103,1
"org.apache.lucene.spatial.geometry.shape.Ellipse",9,0.14,2.67,99,1.81,177726.73,17,8,0,28,6,65.88,59,125,0,1,98.10,0.00,0.00,0.25,3,4.00,9,5420.06,0,2,6,java.lang.Object,0.00,19,0,24,0,19,7,1,31,1008,1
"org.apache.lucene.spatial.geometry.shape.Geometry2D",5,0.00,1.00,6,0.03,135.26,5,0,0,5,5,141.85,25,7,3,1,159.72,0.00,0.00,0.00,0,5.00,1,90.17,0,2,4,,0.00,0,0,5,0,0,3,0,6,35,1
"org.apache.lucene.spatial.geometry.shape.IntersectCase",0,0.00,0.00,2,0.01,57.06,0,0,0,0,3,171.00,6,6,3,1,171.00,0.00,0.00,0.00,0,0.00,0,28.53,0,0,1,java.lang.Object,0.00,0,0,0,0,0,0,1,1,9,1
"org.apache.lucene.spatial.geometry.shape.LLRect",14,0.00,2.21,79,1.11,62370.49,16,2,2,28,6,155.90,35,112,3,1,116.01,0.00,0.00,0.50,2,2.00,10,3321.31,0,9,3,java.lang.Object,0.00,14,0,31,0,14,5,0,14,724,1
"org.apache.lucene.spatial.geometry.shape.LineSegment",5,0.62,3.80,42,0.54,27638.39,7,2,0,16,4,89.66,28,60,2,1,107.53,0.00,0.00,1.00,0,0.00,10,1624.01,0,0,2,java.lang.Object,0.00,11,0,19,0,11,5,0,12,354,1
"org.apache.lucene.spatial.geometry.shape.Point2D",19,0.25,1.26,62,0.61,15786.07,21,2,0,25,6,130.16,7,90,6,1,130.16,0.00,0.00,0.26,0,70.00,6,1820.00,0,1,1,java.lang.Object,0.00,6,0,24,0,6,18,0,1,457,1
"org.apache.lucene.spatial.geometry.shape.Rectangle",16,0.13,1.69,52,0.67,23525.10,18,2,0,26,8,128.14,8,83,5,1,128.14,0.00,0.00,0.62,1,0.00,10,2010.65,0,1,4,java.lang.Object,0.00,10,0,27,0,10,15,1,2,489,1
"org.apache.lucene.spatial.geometry.shape.Vector2D",17,0.09,1.29,54,0.58,16248.62,19,2,0,23,6,179.67,28,79,6,1,129.67,0.00,0.00,0.41,1,29.00,6,1740.42,0,1,1,java.lang.Object,0.00,6,0,22,0,6,16,0,6,436,1
"org.apache.lucene.analysis.cz.CzechAnalyzer",5,0.50,2.00,22,0.31,7716.43,7,2,15,16,16,85.71,61,32,2,4,123.27,0.00,0.75,0.10,0,8.00,3,942.38,0,2,14,org.apache.lucene.analysis.util.StopwordAnalyzerBase,0.00,11,3,10,0,11,3,0,7,204,2
"org.apache.lucene.analysis.cz.CzechAnalyzer$DefaultSetHolder",0,0.00,0.00,6,0.08,1289.87,1,1,15,0,4,171.00,2,12,0,1,171.00,0.00,0.00,0.00,0,0.00,0,232.39,0,0,4,java.lang.Object,0.00,0,0,0,0,0,0,0,2,53,2
"org.apache.lucene.analysis.cz.CzechStemFilter",2,0.33,2.00,14,0.16,3794.18,5,3,6,9,9,84.12,27,20,3,4,113.50,0.00,0.75,0.50,0,2.00,3,481.98,0,0,6,org.apache.lucene.analysis.TokenFilter,0.29,7,3,4,0,7,2,0,2,107,2
"org.apache.lucene.analysis.cz.CzechStemmer",4,0.00,4.00,39,1.14,76383.63,4,0,1,5,1,69.15,26,115,1,1,101.37,0.00,0.00,0.00,0,4.00,7,3431.39,0,0,0,java.lang.Object,0.00,1,0,16,0,1,4,0,8,602,1
"org.apache.lucene.analysis.cz.TestCzechAnalyzer",5,0.00,1.00,18,0.27,4459.27,5,0,5,8,5,169.85,13,28,0,3,129.97,0.00,0.67,0.00,0,5.00,1,798.84,2,0,5,org.apache.lucene.analysis.BaseTokenStreamTestCase,0.00,3,2,5,0,3,5,0,3,178,1
"org.apache.lucene.analysis.cz.TestCzechStemmer",8,0.00,1.00,163,2.95,128246.13,8,0,6,15,6,57.13,52,173,0,3,89.36,0.00,0.67,0.00,0,8.00,1,8856.52,2,0,6,org.apache.lucene.analysis.BaseTokenStreamTestCase,0.00,7,2,8,0,7,8,0,33,1593,1
"org.apache.lucene.wordnet.SynExpand",2,0.00,4.00,30,0.60,27030.00,2,0,25,26,18,120.56,38,47,1,1,94.28,0.00,0.00,0.00,1,2.00,6,1800.87,0,1,17,java.lang.Object,0.00,24,0,8,0,24,1,0,9,307,2
"org.apache.lucene.wordnet.SynExpand$Collector",4,1.00,1.75,19,0.24,7165.77,5,1,25,11,6,122.79,2,29,0,1,122.79,0.00,0.00,0.25,0,6.00,4,724.63,0,0,6,java.lang.Object,0.00,7,0,7,0,7,4,0,2,150,0
"org.apache.lucene.wordnet.SynLookup",2,0.00,4.50,45,0.77,39499.45,2,0,24,27,16,36.75,18,57,0,1,86.75,0.00,0.00,0.00,0,2.00,5,2320.82,0,1,16,java.lang.Object,0.00,25,0,9,0,25,1,0,8,394,1
"org.apache.lucene.wordnet.SynLookup$Collector",4,1.00,1.75,19,0.24,7165.77,5,1,24,11,6,122.79,1,29,0,1,122.79,0.00,0.00,0.25,0,6.00,4,724.63,0,0,6,java.lang.Object,0.00,7,0,7,0,7,4,0,1,150,0
"org.apache.lucene.wordnet.SynLookup$CountingCollector",4,1.00,1.00,8,0.07,769.85,5,1,24,4,1,141.78,0,15,0,2,141.78,0.00,0.50,0.25,0,6.00,1,218.67,0,0,1,org.apache.lucene.index.Collector,0.00,0,1,4,0,0,4,0,0,62,2
"org.apache.lucene.wordnet.SynonymMap",9,0.21,5.44,209,3.16,363847.65,12,3,11,62,3,73.18,137,212,3,1,83.54,0.00,0.00,0.15,4,26.00,14,9474.39,0,6,0,java.lang.Object,0.00,53,0,49,0,53,3,0,56,1628,1
"org.apache.lucene.wordnet.SynonymTokenFilter",5,0.25,2.80,56,0.67,27088.80,15,10,7,14,8,52.52,46,67,1,4,102.51,0.00,0.75,0.30,2,6.00,5,2020.11,1,0,7,org.apache.lucene.analysis.TokenFilter,0.47,9,3,14,0,9,5,0,15,405,1
"org.apache.lucene.wordnet.Syns2Index",5,0.10,4.40,114,2.05,165602.50,10,5,22,55,14,111.27,95,170,5,1,84.99,0.00,0.00,0.28,2,5.00,10,6158.84,0,0,9,java.lang.Object,0.00,50,0,22,0,50,5,0,42,999,1
"org.apache.lucene.wordnet.TestSynonymTokenFilter",4,0.00,1.00,32,0.60,12104.53,5,1,7,8,6,159.90,7,42,0,3,109.90,0.00,0.67,1.00,0,0.00,1,1790.14,2,0,6,org.apache.lucene.analysis.BaseTokenStreamTestCase,0.00,4,2,4,0,4,4,0,5,334,1
"org.apache.lucene.wordnet.TestSynonymTokenFilter$SynonymWhitespaceAnalyzer",3,0.25,1.33,22,0.25,7146.70,5,2,7,8,5,112.82,1,30,0,2,112.82,0.00,0.50,0.67,0,1.00,2,747.37,2,2,5,org.apache.lucene.analysis.Analyzer,0.00,5,1,4,0,5,1,0,1,162,1
"org.apache.lucene.wordnet.TestSynonymTokenFilter$SynonymWhitespaceAnalyzer$SavedStreams",0,0.00,0.00,3,0.01,82.42,2,2,7,0,2,171.00,0,5,0,1,171.00,0.00,0.00,0.00,0,0.00,0,41.21,0,0,2,java.lang.Object,0.00,0,0,0,0,0,0,0,0,13,1
"org.apache.lucene.wordnet.TestWordnet",6,0.07,1.50,38,0.43,9785.68,9,3,11,21,10,116.58,2,46,0,2,116.58,0.00,0.50,0.39,2,6.00,2,1301.20,2,0,10,org.apache.lucene.util.LuceneTestCase,0.00,15,1,9,0,15,6,0,2,277,1
"org.apache.lucene.index.codecs.appending.AppendingCodec",5,1.00,1.80,46,0.57,24463.38,6,1,18,20,21,146.10,11,86,1,2,106.22,0.00,0.50,0.20,0,8.00,3,1720.01,0,2,20,org.apache.lucene.index.codecs.Codec,0.00,15,1,9,0,15,3,0,1,343,1
"org.apache.lucene.index.codecs.appending.AppendingSegmentInfosReader",2,0.00,1.00,5,0.06,842.69,2,0,5,4,5,139.10,0,12,1,3,139.10,0.00,0.67,0.00,0,2.00,1,169.83,0,1,4,org.apache.lucene.index.codecs.DefaultSegmentInfosReader,0.00,2,2,2,0,2,1,0,0,45,1
"org.apache.lucene.index.codecs.appending.AppendingSegmentInfosWriter",3,0.00,1.00,6,0.07,947.36,3,0,4,5,4,140.09,1,14,1,3,140.09,0.00,0.67,0.00,0,3.00,1,205.75,0,1,3,org.apache.lucene.index.codecs.DefaultSegmentInfosWriter,0.00,2,2,3,0,2,2,0,1,56,1
"org.apache.lucene.index.codecs.appending.AppendingTermsDictReader",3,0.00,1.00,9,0.17,3070.63,3,0,11,7,11,129.50,0,20,1,4,129.50,0.00,0.75,0.00,0,3.00,1,517.33,0,0,10,org.apache.lucene.index.codecs.BlockTermsReader,0.00,4,3,3,0,4,3,0,0,115,1
"org.apache.lucene.index.codecs.appending.AppendingTermsDictWriter",3,1.00,1.00,8,0.10,1363.99,4,1,9,5,9,138.84,0,16,2,3,138.84,0.00,0.67,0.33,0,5.00,1,304.08,0,0,7,org.apache.lucene.index.codecs.BlockTermsWriter,0.27,2,2,3,0,2,3,0,0,76,1
"org.apache.lucene.index.codecs.appending.AppendingTermsIndexReader",3,0.00,1.00,9,0.15,2821.87,3,0,8,7,8,129.79,0,18,1,3,129.79,0.00,0.67,0.00,0,3.00,1,461.57,0,0,7,org.apache.lucene.index.codecs.FixedGapTermsIndexReader,0.00,4,2,3,0,4,3,0,0,106,1
"org.apache.lucene.index.codecs.appending.AppendingTermsIndexWriter",3,0.17,1.00,10,0.10,1400.08,6,3,5,5,6,132.18,0,16,2,3,132.18,0.00,0.67,0.22,0,5.00,1,312.81,0,0,4,org.apache.lucene.index.codecs.FixedGapTermsIndexWriter,0.27,2,2,3,0,2,3,0,0,80,1
"org.apache.lucene.index.codecs.appending.TestAppendingCodec",1,0.00,1.00,40,0.82,26854.74,2,1,28,33,21,76.36,0,43,0,2,76.36,0.00,0.50,1.00,0,0.00,1,2458.99,0,0,21,org.apache.lucene.util.LuceneTestCase,0.00,32,1,1,0,32,1,0,0,392,1
"org.apache.lucene.index.codecs.appending.TestAppendingCodec$AppendingCodecProvider",4,0.00,1.00,12,0.09,1043.17,7,3,28,7,7,134.17,0,20,0,2,134.17,0.00,0.50,0.33,0,8.00,1,283.07,1,3,7,org.apache.lucene.index.codecs.CodecProvider,0.25,3,1,4,0,3,1,0,0,76,1
"org.apache.lucene.index.codecs.appending.TestAppendingCodec$AppendingIndexOutputWrapper",8,0.29,1.00,18,0.18,2778.21,9,1,28,15,1,139.76,0,34,0,3,139.76,0.00,0.67,0.75,0,0.00,1,537.87,0,0,1,org.apache.lucene.store.IndexOutput,0.88,7,2,8,0,7,8,0,0,145,2
"org.apache.lucene.index.codecs.appending.TestAppendingCodec$SuppressWarnings",2,0.00,1.00,5,0.06,804.75,2,0,28,3,3,139.26,0,10,0,3,139.26,0.00,0.67,0.00,0,2.00,1,171.16,1,1,3,org.apache.lucene.store.MockDirectoryWrapper,0.00,1,2,2,0,1,1,0,0,46,2
"org.apache.solr.common.ResourceLoader",3,0.00,1.00,4,0.04,294.58,3,0,3,3,41,137.44,16,6,41,1,155.31,0.00,0.00,0.00,0,3.00,1,109.74,0,3,0,,0.00,0,0,3,0,0,0,0,2,35,1
"org.apache.solr.common.SolrDocument",24,0.09,1.67,91,1.00,40302.55,25,1,8,48,45,167.57,61,140,45,1,127.69,0.00,0.00,0.92,1,0.00,7,2990.26,0,14,0,java.lang.Object,0.00,24,0,40,0,24,10,3,26,680,1
"org.apache.solr.common.SolrDocument$Map<String,Collection<Object>>",13,0.00,1.15,27,0.26,3519.59,13,0,8,15,0,140.58,3,17,0,1,140.58,0.00,0.00,0.00,0,28.00,3,785.14,0,7,0,java.lang.Object,0.00,2,0,15,0,2,6,0,3,214,0
"org.apache.solr.common.SolrDocument$Map<String,Object>",13,0.00,1.15,27,0.24,3026.80,13,0,8,15,0,141.10,3,17,0,1,141.10,0.00,0.00,0.00,0,28.00,3,706.70,0,7,0,java.lang.Object,0.00,2,0,15,0,2,6,0,3,196,0
"org.apache.solr.common.SolrDocumentList",7,0.06,1.14,18,0.17,2654.95,10,3,1,7,39,189.43,7,32,38,2,139.43,0.00,0.50,0.29,0,15.00,2,504.00,1,2,1,java.util.ArrayList,0.00,0,1,8,0,0,5,0,1,130,1
"org.apache.solr.common.SolrDocumentTest",5,0.00,4.20,140,2.08,126369.27,5,0,9,50,2,121.90,13,122,0,2,82.02,0.00,0.50,0.00,0,5.00,15,6253.21,0,0,2,org.apache.lucene.util.LuceneTestCase,0.00,45,1,21,0,45,5,0,12,1139,1
"org.apache.solr.common.SolrDocumentTest$Iterable",1,0.00,1.00,3,0.01,151.48,1,0,9,2,0,136.03,0,4,0,1,136.03,0.00,0.00,0.00,0,1.00,1,42.87,0,1,0,java.lang.Object,0.00,1,0,1,0,1,0,0,0,15,0
"org.apache.solr.common.SolrException",0,0.00,0.00,2,0.01,75.00,0,0,6,0,177,171.00,6,2,177,2,171.00,1.00,0.33,0.00,0,0.00,0,30.00,0,0,0,java.lang.RuntimeException,0.00,0,1,0,1,0,0,0,2,10,1
"org.apache.solr.common.SolrException$ErrorCode",2,0.67,7.00,76,1.08,147420.29,5,3,6,15,1,31.00,14,102,0,1,73.29,0.00,0.00,0.67,0,0.00,13,3247.26,1,1,1,java.lang.Object,0.00,13,0,14,0,13,1,0,5,535,1
"org.apache.solr.common.SolrInputDocument",26,0.08,1.23,68,0.63,10571.00,28,2,6,45,74,179.06,62,111,73,1,139.18,0.00,0.00,0.42,3,0.00,3,1903.57,0,8,1,java.lang.Object,0.00,19,0,32,1,19,18,3,18,493,1
"org.apache.solr.common.SolrInputField",13,0.03,2.15,74,0.72,33946.04,16,3,4,21,15,157.73,33,110,15,1,117.84,0.00,0.00,0.36,1,0.00,7,2165.67,0,6,0,java.lang.Object,0.00,8,0,28,0,8,7,2,17,475,1
"org.apache.solr.common.SolrInputField$Iterator<Object>",3,0.50,1.00,9,0.05,538.54,4,1,4,4,0,135.45,0,12,0,1,135.45,0.00,0.00,0.67,0,1.00,1,161.94,0,1,0,java.lang.Object,0.00,1,0,3,0,1,2,0,0,47,0
"org.apache.lucene.queryParser.precedence.PrecedenceQueryParser",2,0.00,1.00,6,0.04,310.49,2,0,4,3,5,85.95,19,9,1,3,135.95,0.00,0.67,0.00,0,2.00,1,118.08,2,0,4,org.apache.lucene.queryParser.standard.StandardQueryParser,0.00,1,2,2,0,1,2,0,3,36,1
"org.apache.lucene.queryParser.precedence.TestPrecedenceQueryParser",32,0.47,1.38,336,4.61,155482.99,34,2,33,65,24,154.59,45,419,0,2,104.59,0.00,0.50,0.05,9,118.00,2,13818.86,1,8,24,org.apache.lucene.util.LuceneTestCase,0.00,33,1,44,0,33,24,0,29,2640,1
"org.apache.lucene.queryParser.precedence.TestPrecedenceQueryParser$QPTestAnalyzer",1,0.00,1.00,3,0.05,715.57,1,0,33,3,3,180.72,1,6,0,2,130.72,0.00,0.50,0.00,0,1.00,1,136.37,0,1,3,org.apache.lucene.analysis.Analyzer,0.00,2,1,1,0,2,0,0,1,34,3
"org.apache.lucene.queryParser.precedence.TestPrecedenceQueryParser$QPTestFilter",2,0.60,3.00,22,0.27,8735.41,7,5,33,10,4,143.12,4,29,0,4,103.24,0.00,0.75,0.50,0,2.00,5,795.85,0,0,4,org.apache.lucene.analysis.TokenFilter,0.29,8,3,6,0,8,2,0,1,163,3
"org.apache.lucene.analysis.charfilter.BaseCharFilter",4,0.56,3.50,28,0.41,38944.13,7,3,2,5,6,157.78,7,47,3,4,107.78,1.00,0.43,0.75,0,0.00,8,1221.37,0,0,3,org.apache.lucene.analysis.charfilter.CharFilter,0.31,1,3,14,3,1,4,0,2,260,2
"org.apache.lucene.analysis.charfilter.CharFilter",8,0.14,1.00,18,0.17,2909.00,9,1,3,14,7,179.49,16,33,5,3,139.61,3.50,0.20,0.88,1,0.00,1,510.64,0,0,2,org.apache.lucene.analysis.CharStream,0.33,6,2,8,7,6,8,0,3,140,2
"org.apache.lucene.analysis.charfilter.HTMLStripCharFilter",31,0.05,4.71,399,5.99,284238.42,46,15,9,55,7,99.42,152,501,4,5,99.19,0.00,0.80,0.12,19,223.00,18,17959.94,1,0,3,org.apache.lucene.analysis.charfilter.BaseCharFilter,0.23,24,4,146,0,24,31,0,110,3042,1
"org.apache.lucene.analysis.charfilter.HTMLStripCharFilterTest",15,0.00,1.80,152,2.46,86858.36,15,0,10,39,2,153.93,25,188,0,2,103.93,0.00,0.50,0.00,3,15.00,3,7391.65,2,0,2,org.apache.lucene.util.LuceneTestCase,0.00,24,1,27,0,24,15,0,25,1362,1
"org.apache.lucene.analysis.charfilter.MappingCharFilter",8,0.03,3.75,79,0.96,64272.66,13,5,5,21,8,154.35,8,96,4,5,104.35,0.00,0.80,0.22,4,14.00,10,2884.18,2,0,4,org.apache.lucene.analysis.charfilter.BaseCharFilter,0.24,13,4,30,0,13,8,0,3,570,1
"org.apache.lucene.analysis.charfilter.NormalizeCharMap",1,3.00,5.00,22,0.28,15784.53,4,3,2,9,6,49.93,12,25,6,1,87.49,0.00,0.00,0.00,0,1.00,5,854.31,0,0,0,java.lang.Object,0.00,8,0,5,0,8,1,0,2,162,1
"org.apache.lucene.analysis.charfilter.TestCharFilter",4,0.00,1.00,15,0.22,2814.37,4,0,5,10,3,130.78,0,20,0,2,130.78,0.00,0.50,0.00,0,4.00,1,668.10,0,0,3,org.apache.lucene.util.LuceneTestCase,0.00,6,1,4,0,6,4,0,0,152,1
"org.apache.lucene.analysis.charfilter.TestCharFilter$CharFilter1",2,0.00,1.00,5,0.03,407.16,2,0,5,2,2,141.59,0,9,0,4,141.59,0.00,0.75,0.00,0,2.00,1,99.28,0,0,2,org.apache.lucene.analysis.charfilter.CharFilter,0.36,0,3,2,0,0,2,0,0,31,1
"org.apache.lucene.analysis.charfilter.TestCharFilter$CharFilter2",2,0.00,1.00,5,0.03,407.16,2,0,5,2,2,141.59,0,9,0,4,141.59,0.00,0.75,0.00,0,2.00,1,99.28,0,0,2,org.apache.lucene.analysis.charfilter.CharFilter,0.36,0,3,2,0,0,2,0,0,31,1
"org.apache.lucene.analysis.charfilter.TestMappingCharFilter",13,0.00,1.00,89,1.19,21711.27,14,1,6,22,7,156.48,29,93,0,3,116.59,0.00,0.67,1.00,0,0.00,1,3556.60,2,0,7,org.apache.lucene.analysis.BaseTokenStreamTestCase,0.00,9,2,13,0,9,13,0,29,727,1
"org.apache.lucene.analysis.cn.Deprecated",4,0.00,1.25,34,0.45,9348.53,4,0,9,13,6,92.86,20,52,0,3,110.73,0.00,0.67,0.00,0,4.00,2,1350.05,2,0,6,org.apache.lucene.analysis.BaseTokenStreamTestCase,0.00,9,2,5,0,9,4,0,6,279,1
"org.apache.lucene.analysis.cn.Deprecated$JustChineseFilterAnalyzer",1,0.00,1.00,3,0.04,512.97,1,0,9,3,4,131.86,0,6,0,2,131.86,0.00,0.50,0.00,0,1.00,1,117.46,0,1,4,org.apache.lucene.analysis.Analyzer,0.00,2,1,1,0,2,0,0,0,30,1
"org.apache.lucene.analysis.cn.Deprecated$JustChineseTokenizerAnalyzer",1,0.00,1.00,3,0.03,338.69,1,0,9,2,2,133.28,0,6,0,2,133.28,0.00,0.50,0.00,0,1.00,1,85.83,0,1,2,org.apache.lucene.analysis.Analyzer,0.00,1,1,1,0,1,0,0,0,24,1
"org.apache.lucene.analysis.reverse.ReverseStringFilter",8,0.05,2.62,92,1.16,125874.06,16,8,5,17,6,54.76,89,112,2,4,98.88,0.00,0.75,0.08,2,16.00,10,3490.39,0,1,4,org.apache.lucene.analysis.TokenFilter,0.20,9,3,21,0,9,7,0,19,669,2
"org.apache.lucene.analysis.reverse.TestReverseStringFilter",7,0.00,1.00,41,0.58,13881.58,7,0,5,15,5,158.85,16,53,0,3,118.96,0.00,0.67,0.00,0,7.00,1,1735.59,1,0,5,org.apache.lucene.analysis.BaseTokenStreamTestCase,0.00,8,2,7,0,8,7,0,13,370,1
"org.apache.lucene.benchmark.byTask.stats.Points",7,0.06,1.00,21,0.18,3194.21,10,3,4,13,4,132.50,29,29,2,1,132.26,0.00,0.00,0.29,0,21.00,1,551.54,0,1,3,java.lang.Object,0.00,6,0,7,0,6,6,0,12,141,1
"org.apache.lucene.benchmark.byTask.stats.Report",5,0.06,1.00,18,0.11,1595.94,9,4,0,5,7,101.26,31,24,7,1,133.48,0.00,0.00,0.20,0,17.00,1,319.10,0,1,0,java.lang.Object,0.00,0,0,5,0,0,4,0,6,92,1
"org.apache.lucene.benchmark.byTask.stats.TaskStats",17,0.07,1.47,85,0.79,23473.91,29,12,1,32,10,140.73,66,110,10,1,120.11,0.00,0.00,0.15,0,161.00,6,2358.68,1,3,1,java.lang.Object,0.00,15,0,25,0,15,14,1,26,526,1
"org.apache.solr.spelling.suggest.tst.TSTAutocomplete",3,0.00,7.67,68,0.96,114110.19,3,0,1,12,2,55.01,41,89,1,1,84.39,0.00,0.00,0.00,1,3.00,14,2884.93,0,1,1,java.lang.Object,0.00,9,0,23,0,9,2,0,3,545,1
"org.apache.solr.spelling.suggest.tst.TSTLookup",7,0.08,2.00,46,0.65,30245.90,9,2,10,30,9,113.18,3,63,1,2,113.18,0.00,0.50,0.43,0,10.00,6,1947.51,0,2,8,org.apache.solr.spelling.suggest.Lookup,0.00,23,1,14,0,23,5,0,3,379,1
"org.apache.solr.spelling.suggest.tst.TernaryTreeNode",0,0.00,0.00,7,0.04,287.07,6,6,0,0,2,171.00,14,8,2,1,171.00,0.00,0.00,0.00,0,0.00,0,110.41,0,0,0,java.lang.Object,0.00,0,0,0,0,0,0,0,6,29,1
"org.apache.lucene.queryParser.standard.processors.AllowLeadingWildcardProcessor",5,0.00,2.20,20,0.29,10801.78,5,0,11,16,12,161.99,11,41,3,2,122.10,0.00,0.50,0.00,0,5.00,5,865.97,2,4,10,org.apache.lucene.queryParser.core.processors.QueryNodeProcessorImpl,0.00,11,1,11,0,11,1,0,3,188,1
"org.apache.lucene.queryParser.standard.processors.AnalyzerQueryNodeProcessor",5,2.00,7.40,132,1.85,321142.85,7,2,27,38,25,47.68,34,178,5,2,79.90,0.00,0.50,0.00,0,5.00,29,5561.56,2,4,22,org.apache.lucene.queryParser.core.processors.QueryNodeProcessorImpl,0.00,33,1,37,0,33,1,0,14,879,1
"org.apache.lucene.queryParser.standard.processors.BooleanSingleChildOptimizationQueryNodeProcessor",4,0.00,2.00,18,0.21,8910.25,4,0,8,8,7,161.90,9,33,1,2,122.02,0.00,0.50,0.00,0,4.00,5,635.02,0,3,6,org.apache.lucene.queryParser.core.processors.QueryNodeProcessorImpl,0.00,4,1,8,0,4,1,0,2,136,1
"org.apache.lucene.queryParser.standard.processors.BoostQueryNodeProcessor",3,0.00,2.00,16,0.26,11624.88,3,0,10,11,10,137.13,9,28,1,2,116.51,0.00,0.50,0.00,0,3.00,4,768.24,1,3,9,org.apache.lucene.queryParser.core.processors.QueryNodeProcessorImpl,0.00,8,1,6,0,8,0,0,1,155,1
"org.apache.lucene.queryParser.standard.processors.DefaultPhraseSlopQueryNodeProcessor",6,2.00,1.83,26,0.28,7041.66,8,2,9,10,9,164.12,12,46,1,2,124.23,0.00,0.50,0.00,0,6.00,3,846.46,3,4,8,org.apache.lucene.queryParser.core.processors.QueryNodeProcessorImpl,0.00,4,1,11,0,4,2,0,2,195,1
"org.apache.lucene.queryParser.standard.processors.FuzzyQueryNodeProcessor",3,0.00,2.33,17,0.25,11540.32,3,0,8,12,8,137.12,11,29,1,2,116.50,0.00,0.50,0.00,0,3.00,5,757.33,1,3,7,org.apache.lucene.queryParser.core.processors.QueryNodeProcessorImpl,0.00,9,1,7,0,9,0,0,1,153,1
"org.apache.lucene.queryParser.standard.processors.GroupQueryNodeProcessor",7,4.00,3.86,79,0.95,53946.90,11,4,16,26,15,141.12,17,103,5,1,101.24,0.00,0.00,0.00,3,7.00,10,2860.99,0,3,12,java.lang.Object,0.00,19,0,27,0,19,4,1,3,567,1
"org.apache.lucene.queryParser.standard.processors.LowercaseExpandedTermsQueryNodeProcessor",5,0.00,1.60,16,0.21,5269.43,5,0,12,11,12,169.18,11,34,1,2,129.29,0.00,0.50,0.00,0,5.00,3,617.78,2,4,11,org.apache.lucene.queryParser.core.processors.QueryNodeProcessorImpl,0.00,6,1,8,0,6,1,0,2,146,1
"org.apache.lucene.queryParser.standard.processors.MatchAllDocsQueryNodeProcessor",4,0.00,1.50,12,0.15,4426.07,4,0,8,9,8,169.02,8,24,1,2,129.14,0.00,0.50,0.00,0,4.00,3,436.65,0,3,7,org.apache.lucene.queryParser.core.processors.QueryNodeProcessorImpl,0.00,5,1,6,0,5,1,0,2,105,1
"org.apache.lucene.queryParser.standard.processors.MultiFieldQueryNodeProcessor",5,1.00,2.60,37,0.47,32623.63,6,1,10,16,13,129.83,16,56,6,2,109.22,0.00,0.50,0.00,0,5.00,8,1417.61,2,3,8,org.apache.lucene.queryParser.core.processors.QueryNodeProcessorImpl,0.00,11,1,13,0,11,2,0,3,269,1
"org.apache.lucene.queryParser.standard.processors.MultiTermRewriteMethodProcessor",3,0.00,1.67,12,0.16,5041.45,3,0,8,8,8,143.64,11,26,1,2,123.02,0.00,0.50,0.00,0,3.00,3,490.21,1,3,7,org.apache.lucene.queryParser.core.processors.QueryNodeProcessorImpl,0.00,5,1,5,0,5,0,0,6,109,1
"org.apache.lucene.queryParser.standard.processors.ParametricRangeQueryNodeProcessor",4,0.00,3.50,52,0.87,50644.49,4,0,20,29,20,54.56,31,75,12,2,96.85,0.00,0.50,0.00,0,4.00,11,2616.45,1,3,12,org.apache.lucene.queryParser.core.processors.QueryNodeProcessorImpl,0.00,25,1,14,0,25,1,0,6,420,1
"org.apache.lucene.queryParser.standard.processors.PhraseSlopQueryNodeProcessor",4,0.00,1.50,12,0.13,4452.59,4,0,7,5,11,169.00,8,24,5,2,129.12,0.00,0.50,0.00,0,4.00,3,403.60,0,3,6,org.apache.lucene.queryParser.core.processors.QueryNodeProcessorImpl,0.00,1,1,6,0,1,1,0,2,100,1
"org.apache.lucene.queryParser.standard.processors.RemoveEmptyNonLeafQueryNodeProcessor",5,1.00,2.00,28,0.34,17957.05,6,1,8,15,7,156.66,13,46,1,2,116.77,0.00,0.50,0.00,0,5.00,4,1029.25,1,4,6,org.apache.lucene.queryParser.core.processors.QueryNodeProcessorImpl,0.00,10,1,10,0,10,1,0,2,217,1
"org.apache.lucene.queryParser.standard.processors.StandardQueryNodeProcessorPipeline",1,0.00,1.00,20,0.18,2391.17,1,0,8,18,24,95.39,16,23,3,2,95.86,1.00,0.33,0.00,0,1.00,1,548.06,1,0,23,org.apache.lucene.queryParser.core.processors.QueryNodeProcessorPipeline,0.00,17,1,1,1,17,1,0,1,118,1
"org.apache.lucene.queryParser.standard.processors.WildcardQueryNodeProcessor",6,0.00,3.50,41,0.58,35977.24,6,0,13,12,14,132.55,23,58,2,2,111.94,0.00,0.50,0.00,2,6.00,9,1745.85,0,3,12,org.apache.lucene.queryParser.core.processors.QueryNodeProcessorImpl,0.00,6,1,21,0,6,3,0,14,353,1
"org.apache.lucene.benchmark.byTask.utils.Algorithm",5,0.00,10.00,168,2.76,412467.87,6,1,8,53,6,32.82,39,217,2,1,75.11,0.00,0.00,1.00,1,0.00,42,8290.74,0,2,4,java.lang.Object,0.00,48,0,50,0,48,3,0,25,1219,1
"org.apache.lucene.benchmark.byTask.utils.Config",17,0.12,3.53,247,3.75,263511.74,24,7,10,69,33,62.74,111,280,32,1,94.96,0.00,0.00,0.26,1,36.00,7,11245.73,0,5,1,java.lang.Object,0.00,52,0,60,0,52,12,0,38,2086,1
"org.apache.lucene.benchmark.byTask.utils.FileUtils",1,0.00,7.00,16,0.17,10646.93,1,0,2,5,1,45.45,10,20,1,1,93.92,0.00,0.00,0.00,0,1.00,7,505.54,0,0,0,java.lang.Object,0.00,4,0,7,0,4,1,0,2,101,1
"org.apache.lucene.benchmark.byTask.utils.Format",7,0.33,1.00,31,0.48,13114.48,9,2,1,12,3,104.90,35,44,3,1,122.77,0.00,0.00,0.79,0,0.00,1,1442.31,0,7,0,java.lang.Object,0.00,5,0,7,0,5,0,0,6,337,1
"org.apache.lucene.benchmark.byTask.utils.StringBuilderReader",11,0.20,1.64,61,0.62,26034.45,15,4,2,19,1,138.86,43,95,1,2,118.24,0.00,0.50,0.43,2,0.00,4,1865.69,0,0,0,java.io.Reader,0.00,8,1,18,0,8,11,0,9,405,1
"org.apache.lucene.benchmark.byTask.utils.TestConfig",1,0.00,1.00,8,0.10,2496.91,1,0,3,6,1,110.56,0,11,0,2,110.56,0.00,0.50,0.00,0,1.00,1,289.50,0,0,1,org.apache.lucene.util.LuceneTestCase,0.00,5,1,1,0,5,1,0,0,65,1
"org.apache.lucene.analysis.ca.CatalanAnalyzer",5,0.50,1.80,21,0.29,7141.30,7,2,16,16,14,75.46,42,31,1,4,123.56,0.00,0.75,0.10,0,8.00,3,866.52,0,1,13,org.apache.lucene.analysis.util.StopwordAnalyzerBase,0.00,11,3,9,0,11,4,0,8,192,2
"org.apache.lucene.analysis.ca.CatalanAnalyzer$DefaultSetHolder",0,0.00,0.00,6,0.05,853.95,1,1,16,0,1,171.00,2,11,0,1,171.00,0.00,0.00,0.00,0,0.00,0,164.39,0,0,1,java.lang.Object,0.00,0,0,0,0,0,0,0,2,40,2
"org.apache.lucene.analysis.ca.TestCatalanAnalyzer",3,0.00,1.00,14,0.15,2836.17,3,0,5,7,3,164.99,6,19,0,3,125.11,0.00,0.67,0.00,0,3.00,1,450.25,2,0,3,org.apache.lucene.analysis.BaseTokenStreamTestCase,0.00,4,2,3,0,4,3,0,5,103,1
"org.apache.lucene.queryParser.standard.builders.AnyQueryNodeBuilder",2,0.00,3.00,17,0.22,9621.35,2,0,11,10,10,147.95,5,25,0,1,108.06,0.00,0.00,0.00,0,2.00,5,657.97,0,1,10,java.lang.Object,0.00,8,0,6,0,8,1,1,2,123,1
"org.apache.lucene.queryParser.standard.builders.BooleanQueryNodeBuilder",3,0.00,3.00,24,0.33,14490.32,3,0,13,13,13,128.66,10,41,1,1,108.05,0.00,0.00,0.00,0,3.00,5,994.67,0,2,12,java.lang.Object,0.00,10,0,9,0,10,1,1,2,193,1
"org.apache.lucene.queryParser.standard.builders.BoostQueryNodeBuilder",2,0.00,1.50,10,0.10,2428.49,2,0,5,6,7,141.16,7,15,1,1,120.55,0.00,0.00,0.00,0,2.00,2,296.14,0,1,6,java.lang.Object,0.00,4,0,3,0,4,1,1,2,68,1
"org.apache.lucene.queryParser.standard.builders.FieldQueryNodeBuilder",2,0.00,1.00,5,0.05,960.57,2,0,5,6,7,178.54,4,9,1,1,138.65,0.00,0.00,0.00,0,2.00,1,159.44,0,1,6,java.lang.Object,0.00,4,0,2,0,4,1,1,2,42,1
"org.apache.lucene.queryParser.standard.builders.FuzzyQueryNodeBuilder",2,0.00,1.00,5,0.07,1294.83,2,0,5,8,7,177.52,4,10,1,1,137.63,0.00,0.00,0.00,0,2.00,1,199.20,0,1,6,java.lang.Object,0.00,6,0,2,0,6,1,1,2,50,1
"org.apache.lucene.queryParser.standard.builders.GroupQueryNodeBuilder",2,0.00,1.00,5,0.05,761.31,2,0,5,4,7,160.06,6,9,1,1,139.45,0.00,0.00,0.00,0,2.00,1,155.20,0,1,6,java.lang.Object,0.00,2,0,2,0,2,1,1,2,41,1
"org.apache.lucene.queryParser.standard.builders.MatchAllDocsQueryNodeBuilder",2,0.00,1.50,6,0.08,1856.27,2,0,7,9,9,150.35,6,13,1,1,129.74,0.00,0.00,0.00,0,2.00,2,241.77,0,1,8,java.lang.Object,0.00,7,0,3,0,7,1,1,3,57,1
"org.apache.lucene.queryParser.standard.builders.MatchNoDocsQueryNodeBuilder",2,0.00,1.50,6,0.08,1856.27,2,0,7,9,9,150.35,6,13,1,1,129.74,0.00,0.00,0.00,0,2.00,2,241.77,0,1,8,java.lang.Object,0.00,7,0,3,0,7,1,1,3,57,1
"org.apache.lucene.queryParser.standard.builders.ModifierQueryNodeBuilder",2,0.00,1.00,5,0.05,761.31,2,0,5,4,7,160.06,6,9,1,1,139.45,0.00,0.00,0.00,0,2.00,1,155.20,0,1,6,java.lang.Object,0.00,2,0,2,0,2,1,1,2,41,1
"org.apache.lucene.queryParser.standard.builders.MultiPhraseQueryNodeBuilder",2,0.00,3.00,22,0.35,19893.92,2,0,11,15,10,140.31,5,30,1,1,100.42,0.00,0.00,0.00,0,2.00,5,1048.81,0,1,9,java.lang.Object,0.00,13,0,6,0,13,1,1,2,189,1
"org.apache.lucene.queryParser.standard.builders.PhraseQueryNodeBuilder",2,0.00,2.00,13,0.15,5724.47,2,0,8,8,9,154.48,5,18,1,1,114.59,0.00,0.00,0.00,0,2.00,3,459.09,0,1,8,java.lang.Object,0.00,6,0,4,0,6,1,1,2,93,1
"org.apache.lucene.queryParser.standard.builders.PrefixWildcardQueryNodeBuilder",2,0.00,1.50,10,0.16,4468.23,2,0,7,11,9,158.35,5,14,1,1,118.46,0.00,0.00,0.00,0,2.00,2,480.08,0,1,8,java.lang.Object,0.00,9,0,3,0,9,1,1,2,97,1
"org.apache.lucene.queryParser.standard.builders.RangeQueryNodeBuilder",2,0.00,2.50,18,0.26,8587.08,2,0,8,12,9,146.47,4,26,1,1,106.59,0.00,0.00,0.00,0,2.00,4,788.65,0,1,8,java.lang.Object,0.00,10,0,5,0,10,1,1,2,147,1
"org.apache.lucene.queryParser.standard.builders.RegexpQueryNodeBuilder",2,0.00,1.50,9,0.12,3042.94,2,0,7,8,9,163.27,4,15,1,1,123.39,0.00,0.00,0.00,0,2.00,2,347.36,0,1,8,java.lang.Object,0.00,6,0,3,0,6,1,1,2,76,1
"org.apache.lucene.queryParser.standard.builders.SlopQueryNodeBuilder",2,0.00,1.50,10,0.11,3328.35,2,0,7,6,9,140.08,7,15,1,1,119.47,0.00,0.00,0.00,0,2.00,2,342.09,0,1,8,java.lang.Object,0.00,4,0,3,0,4,1,1,2,77,1
"org.apache.lucene.queryParser.standard.builders.StandardBooleanQueryNodeBuilder",3,0.00,3.33,27,0.36,15588.47,3,0,15,16,14,126.48,10,41,1,1,105.87,0.00,0.00,0.00,0,3.00,5,1093.36,0,2,13,java.lang.Object,0.00,13,0,10,0,13,1,1,2,212,1
"org.apache.lucene.queryParser.standard.builders.StandardQueryBuilder",1,0.00,1.00,2,0.01,88.08,1,0,5,1,26,102.16,7,3,21,2,144.46,0.00,0.50,0.00,0,1.00,1,44.04,0,1,5,,0.00,0,1,1,0,0,0,0,1,15,1
"org.apache.lucene.queryParser.standard.builders.StandardQueryTreeBuilder",2,0.00,1.00,20,0.30,4575.28,2,0,21,18,39,107.48,9,27,1,2,107.24,0.00,0.50,0.00,0,2.00,1,898.96,2,1,38,org.apache.lucene.queryParser.core.builders.QueryTreeBuilder,0.00,16,1,2,0,16,1,1,1,177,1
"org.apache.lucene.queryParser.standard.builders.WildcardQueryNodeBuilder",2,0.00,1.50,9,0.12,3042.94,2,0,7,8,9,163.27,5,14,1,1,123.39,0.00,0.00,0.00,0,2.00,2,347.36,0,1,8,java.lang.Object,0.00,6,0,3,0,6,1,1,2,76,1
"org.apache.lucene.queryParser.core.builders.QueryBuilder",1,0.00,1.00,2,0.01,51.00,1,0,2,1,6,145.85,16,3,4,1,146.32,0.00,0.00,0.00,0,1.00,1,34.00,0,1,2,,0.00,0,0,1,0,0,0,0,2,13,1
"org.apache.lucene.queryParser.core.builders.QueryTreeBuilder",8,0.29,3.62,56,0.77,38123.12,11,3,8,27,21,77.99,55,84,14,1,110.22,0.00,0.00,0.08,3,16.00,10,2301.69,0,3,7,java.lang.Object,0.00,19,0,29,2,19,5,1,7,468,1
"org.apache.lucene.queryParser.core.builders.TestQueryTreeBuilder",1,0.00,1.00,7,0.10,1667.17,1,0,7,8,5,114.10,0,10,0,2,114.10,0.00,0.50,0.00,0,1.00,1,290.15,0,0,5,org.apache.lucene.util.LuceneTestCase,0.00,7,1,1,0,7,1,0,0,64,1
"org.apache.lucene.queryParser.core.builders.TestQueryTreeBuilder$DummyBuilder",1,0.00,1.00,3,0.02,178.19,1,0,7,1,3,135.48,0,5,0,1,135.48,0.00,0.00,0.00,0,1.00,1,62.67,0,1,3,java.lang.Object,0.00,0,0,1,0,0,0,1,0,19,2
"org.apache.lucene.index.codecs.simpletext.SimpleTextCodec",6,0.80,1.00,14,0.17,2615.13,7,1,10,10,17,188.99,9,25,9,2,138.99,0.00,0.50,0.33,1,14.00,1,503.82,0,3,10,org.apache.lucene.index.codecs.Codec,0.00,4,1,6,0,4,3,0,2,127,1
"org.apache.lucene.index.codecs.simpletext.SimpleTextFieldsReader",6,0.00,2.17,52,0.69,25225.72,17,11,23,18,26,108.60,0,69,6,3,108.60,0.00,0.67,0.09,1,18.00,5,2056.61,0,2,21,org.apache.lucene.index.codecs.FieldsProducer,0.90,12,2,13,0,12,4,0,0,407,0
"org.apache.lucene.index.codecs.simpletext.SimpleTextFieldsReader$SimpleTextDocsAndPositionsEnum",10,0.10,1.90,79,1.04,55539.93,21,11,23,23,7,109.84,4,105,0,4,109.84,0.00,0.75,0.18,0,50.00,7,3112.37,0,2,7,org.apache.lucene.index.DocsAndPositionsEnum,1.22,13,3,19,0,13,8,0,4,598,1
"org.apache.lucene.index.codecs.simpletext.SimpleTextFieldsReader$SimpleTextDocsEnum",7,0.12,2.57,57,0.71,38962.83,15,8,23,18,7,107.60,2,77,0,3,107.60,0.00,0.67,0.23,0,13.00,10,2137.69,0,1,7,org.apache.lucene.index.DocsEnum,0.80,11,2,18,0,11,6,0,2,412,1
"org.apache.lucene.index.codecs.simpletext.SimpleTextFieldsReader$SimpleTextFieldsEnum",3,0.17,2.00,18,0.22,6230.62,6,3,23,12,6,115.69,0,27,0,2,115.69,0.00,0.50,0.44,0,1.00,4,672.96,0,2,6,org.apache.lucene.index.FieldsEnum,0.67,9,1,6,0,9,1,0,0,147,1
"org.apache.lucene.index.codecs.simpletext.SimpleTextFieldsReader$SimpleTextTerms",6,0.13,2.50,57,0.98,75368.48,12,6,23,23,9,152.91,7,84,0,2,102.91,0.00,0.50,0.28,1,10.00,9,2947.09,0,2,9,org.apache.lucene.index.Terms,0.44,17,1,15,0,17,4,0,2,522,1
"org.apache.lucene.index.codecs.simpletext.SimpleTextFieldsReader$SimpleTextTermsEnum",11,0.11,1.55,66,0.93,36692.74,18,7,23,25,10,114.13,6,94,0,2,114.13,0.00,0.50,0.25,0,23.00,3,2802.72,0,5,10,org.apache.lucene.index.TermsEnum,0.56,14,1,17,0,14,6,0,6,574,1
"org.apache.lucene.index.codecs.simpletext.SimpleTextFieldsReader$TermData",1,2.00,1.00,6,0.04,510.61,3,2,23,1,0,120.65,0,8,0,1,120.65,0.00,0.00,0.00,0,1.00,1,118.21,0,0,0,java.lang.Object,0.00,0,0,1,0,0,1,0,0,34,1
"org.apache.lucene.index.codecs.simpletext.SimpleTextFieldsWriter",6,0.12,1.33,39,0.48,11408.47,16,10,11,14,11,116.09,0,46,2,2,116.09,0.00,0.50,0.20,2,0.00,3,1436.67,0,1,10,org.apache.lucene.index.codecs.FieldsConsumer,0.22,8,1,8,0,8,5,0,0,303,0
"org.apache.lucene.index.codecs.simpletext.SimpleTextFieldsWriter$SimpleTextPostingsWriter",4,0.17,1.50,26,0.22,5240.06,6,2,11,7,2,117.33,1,37,0,2,117.33,0.00,0.50,0.38,0,6.00,2,670.90,0,1,2,org.apache.lucene.index.codecs.PostingsConsumer,0.50,3,1,6,0,3,3,0,1,152,1
"org.apache.lucene.index.codecs.simpletext.SimpleTextFieldsWriter$SimpleTextTermsWriter",4,1.00,1.00,8,0.10,1387.59,5,1,11,7,4,139.77,0,17,0,2,139.77,0.00,0.50,0.25,0,6.00,1,293.25,0,2,4,org.apache.lucene.index.codecs.TermsConsumer,0.44,3,1,4,0,3,2,0,0,78,1
"org.apache.lucene.analysis.br.BrazilianAnalyzer",5,0.38,1.80,20,0.28,7279.00,7,2,17,16,15,73.50,48,31,1,4,123.50,0.00,0.75,0.20,0,7.00,3,850.14,0,2,14,org.apache.lucene.analysis.util.StopwordAnalyzerBase,0.00,11,3,9,0,11,3,0,8,187,2
"org.apache.lucene.analysis.br.BrazilianAnalyzer$DefaultSetHolder",0,0.00,0.00,6,0.08,1273.74,1,1,17,0,4,171.00,2,12,0,1,171.00,0.00,0.00,0.00,0,0.00,0,228.81,0,0,4,java.lang.Object,0.00,0,0,0,0,0,0,0,2,52,2
"org.apache.lucene.analysis.br.BrazilianStemFilter",2,0.50,2.50,16,0.24,8239.60,6,4,7,11,9,60.16,20,23,3,4,108.64,0.00,0.75,0.50,0,2.00,4,719.57,0,0,6,org.apache.lucene.analysis.TokenFilter,0.29,9,3,5,0,9,2,0,5,146,2
"org.apache.lucene.analysis.br.BrazilianStemmer",19,0.04,12.63,670,9.09,931830.14,24,5,0,26,1,25.88,174,761,1,1,75.88,0.00,0.00,0.24,9,43.00,122,27280.09,0,7,0,java.lang.Object,0.00,7,0,240,0,7,12,0,56,4424,1
"org.apache.lucene.analysis.br.TestBrazilianStemmer",7,0.00,1.00,107,1.24,19042.11,7,0,8,15,7,120.70,27,117,0,3,100.08,0.00,0.67,0.00,2,7.00,1,3718.51,3,0,7,org.apache.lucene.analysis.BaseTokenStreamTestCase,0.00,8,2,7,0,8,7,0,22,610,1
"org.apache.solr.handler.component.DebugComponent",11,0.50,4.64,133,2.25,208206.15,13,2,10,65,13,146.71,16,184,3,2,96.71,0.00,0.50,0.05,1,20.00,19,6753.82,0,6,10,org.apache.solr.handler.component.SearchComponent,0.62,54,1,51,0,54,5,0,11,1170,1
"org.apache.solr.handler.component.DebugComponentTest",3,0.00,1.00,15,0.36,8032.72,3,0,4,3,2,75.64,22,98,0,3,117.93,0.00,0.67,0.00,0,3.00,1,1076.59,6,0,2,org.apache.solr.SolrTestCaseJ4,0.00,0,2,3,0,0,3,0,19,211,1
"org.apache.solr.handler.component.DistributedSpellCheckComponentTest",5,0.75,1.40,61,1.17,44708.91,6,1,3,18,4,139.44,12,72,0,4,99.55,0.00,0.75,0.40,1,13.00,2,3507.95,6,0,4,org.apache.solr.BaseDistributedSearchTestCase,0.13,13,3,7,0,13,5,0,6,590,1
"org.apache.solr.handler.component.DistributedTermsComponentTest",1,0.00,1.00,21,0.39,13316.24,1,0,1,3,1,56.98,6,24,0,4,89.20,0.00,0.75,0.00,0,0.00,1,1166.49,4,0,1,org.apache.solr.BaseDistributedSearchTestCase,0.04,2,3,1,0,2,1,0,1,206,1
"org.apache.solr.handler.component.DummyCustomParamSpellChecker",3,0.00,1.33,12,0.18,5543.15,3,0,9,10,6,80.46,21,20,0,2,122.75,0.00,0.50,0.00,0,3.00,2,549.66,0,1,6,org.apache.solr.spelling.SolrSpellChecker,0.00,7,1,4,0,7,2,0,3,116,1
"org.apache.solr.handler.component.FacetComponent",16,0.20,4.94,262,4.64,415490.27,20,4,16,73,21,73.08,80,318,4,2,90.95,0.00,0.50,0.06,2,54.00,19,13919.81,0,7,17,org.apache.solr.handler.component.SearchComponent,0.32,57,1,79,0,57,9,0,60,2238,1
"org.apache.solr.handler.component.FacetComponent$DistribFieldFacet",5,0.19,2.20,56,0.70,41290.73,14,9,16,21,3,121.74,15,63,0,2,101.13,0.00,0.50,0.27,0,0.00,7,2109.23,0,0,3,org.apache.solr.handler.component.FieldFacet,0.00,16,1,11,0,16,5,0,15,405,2
"org.apache.solr.handler.component.FacetComponent$DistribFieldFacet$Comparator<ShardFacetCount>",1,0.00,1.00,3,0.03,398.03,1,0,16,2,0,132.73,0,4,0,1,132.73,0.00,0.00,0.00,0,1.00,1,93.66,0,0,0,java.lang.Object,0.00,1,0,1,0,1,1,0,0,27,0
"org.apache.solr.handler.component.FacetComponent$DistribFieldFacet$Comparator<ShardFacetCount>_0",1,0.00,3.00,4,0.07,2328.85,1,0,16,2,0,121.77,0,6,0,1,121.77,0.00,0.00,0.00,0,1.00,3,215.06,0,0,0,java.lang.Object,0.00,1,0,3,0,1,1,0,0,53,0
"org.apache.solr.handler.component.FacetComponent$FacetBase",3,0.20,2.00,23,0.25,8013.47,8,5,16,8,7,152.22,7,27,0,1,112.33,0.00,0.00,0.33,0,2.00,4,736.21,0,2,7,java.lang.Object,0.00,5,0,6,0,5,1,0,7,153,2
"org.apache.solr.handler.component.FacetComponent$FacetInfo",2,0.33,4.00,23,0.30,11067.36,5,3,16,11,3,102.36,0,28,0,1,102.36,0.00,0.00,0.50,0,2.00,5,895.28,0,0,3,java.lang.Object,0.00,9,0,8,0,9,2,0,0,184,2
"org.apache.solr.handler.component.FacetComponent$FieldFacet",2,0.11,3.50,30,0.51,22920.35,11,9,16,9,4,134.76,4,35,0,2,94.88,0.00,0.50,0.06,1,2.00,6,1542.31,0,0,4,org.apache.solr.handler.component.FacetBase,0.00,7,1,7,0,7,2,0,4,283,2
"org.apache.solr.handler.component.FacetComponent$QueryFacet",1,1.00,1.00,4,0.03,304.61,2,1,16,1,2,128.98,0,6,0,2,128.98,0.00,0.50,0.00,0,1.00,1,99.07,0,0,2,org.apache.solr.handler.component.FacetBase,0.00,0,1,1,0,0,1,0,0,28,2
"org.apache.solr.handler.component.FacetComponent$ShardFacetCount",1,1.00,1.00,7,0.06,622.13,5,4,16,1,0,157.36,2,10,0,1,117.47,0.00,0.00,0.75,0,0.00,1,186.52,0,1,0,java.lang.Object,0.00,0,0,1,0,0,0,0,2,48,2
"org.apache.solr.handler.component.FieldFacetStats",5,0.32,3.80,79,1.02,46097.51,15,10,7,22,6,135.49,12,91,2,1,95.60,0.00,0.00,0.36,0,0.00,5,3051.88,0,1,4,java.lang.Object,0.00,17,0,19,0,17,4,0,5,567,1
"org.apache.solr.handler.component.HighlightComponent",14,0.23,2.36,88,1.40,67827.82,17,3,19,57,24,162.76,17,128,7,2,112.76,0.00,0.50,0.12,0,38.00,10,4207.43,0,7,19,org.apache.solr.handler.component.SearchComponent,0.55,43,1,33,0,43,7,2,12,786,1
"org.apache.solr.handler.component.HttpCommComponent",6,0.06,3.17,67,1.05,35916.19,13,7,45,31,23,69.92,38,92,1,1,102.14,0.00,0.00,0.19,1,10.00,6,3152.15,0,1,23,java.lang.Object,0.00,25,0,19,0,25,5,0,36,603,0
"org.apache.solr.handler.component.HttpCommComponent$Callable<ShardResponse>",1,0.00,5.00,31,0.50,26455.99,1,0,45,22,6,32.07,8,37,0,1,80.17,0.00,0.00,0.00,0,0.00,5,1500.41,0,0,6,java.lang.Object,0.00,21,0,5,0,21,1,0,8,244,0
"org.apache.solr.handler.component.HttpCommComponent$SimpleSolrResponse",3,0.00,1.00,9,0.08,1024.20,5,2,45,3,2,133.25,0,16,0,2,133.25,0.00,0.50,0.50,0,2.00,1,229.00,0,1,2,org.apache.solr.client.solrj.SolrResponse,0.67,0,1,3,0,0,2,0,0,61,2
"org.apache.solr.handler.component.MoreLikeThisComponent",8,1.00,1.75,50,0.87,34413.16,9,1,12,33,15,163.23,11,78,3,2,113.23,0.00,0.50,0.00,1,8.00,6,2604.65,0,6,12,org.apache.solr.handler.component.SearchComponent,0.43,25,1,14,0,25,2,0,6,466,1
"org.apache.solr.handler.component.PivotFacetHelper",3,0.00,3.67,52,1.08,64243.77,3,0,22,33,17,43.87,140,63,1,1,90.70,0.00,0.00,0.00,1,3.00,5,3231.84,0,3,16,java.lang.Object,0.00,30,0,11,0,30,0,0,131,524,1
"org.apache.solr.handler.component.QueryComponent",18,0.94,6.56,449,8.63,827157.91,19,1,32,204,56,40.08,139,540,7,2,82.37,0.00,0.50,0.11,8,46.00,25,25904.50,0,5,49,org.apache.solr.handler.component.SearchComponent,0.55,186,1,118,0,186,13,0,127,3922,1
"org.apache.solr.handler.component.QueryElevationComponent",13,0.04,4.15,196,3.59,252073.76,22,9,47,105,35,132.92,36,285,1,2,93.04,0.00,0.50,0.15,1,59.00,17,10771.64,0,8,34,org.apache.solr.handler.component.SearchComponent,0.50,92,1,54,0,92,5,1,28,1736,1
"org.apache.solr.handler.component.QueryElevationComponent$ElevationComparatorSource",2,1.00,1.00,6,0.07,1019.94,3,1,47,3,1,131.88,0,10,0,2,131.88,0.00,0.50,0.00,0,2.00,1,218.56,0,1,1,org.apache.solr.schema.FieldComparatorSource,0.00,1,1,2,0,1,1,0,0,54,0
"org.apache.solr.handler.component.QueryElevationComponent$ElevationComparatorSource$FieldComparator",7,0.08,1.14,22,0.28,5057.31,11,4,47,11,1,130.66,1,35,0,1,130.66,0.00,0.00,0.32,1,10.00,2,832.77,0,2,1,java.lang.Object,0.00,4,0,8,0,4,5,0,1,198,0
"org.apache.solr.handler.component.QueryElevationComponent$ElevationObj",1,4.00,4.00,30,0.45,27569.51,7,6,47,14,6,130.61,1,34,0,1,80.61,0.00,0.00,0.33,0,0.00,4,1361.08,0,0,6,java.lang.Object,0.00,13,0,4,0,13,1,0,1,241,0
"org.apache.solr.handler.component.QueryElevationComponentTest",6,0.00,1.17,132,2.40,104338.63,6,0,20,43,11,127.38,14,192,0,3,87.50,0.00,0.67,0.00,1,2.00,2,7187.60,8,0,11,org.apache.solr.SolrTestCaseJ4,0.05,37,2,7,0,37,6,0,14,1183,1
"org.apache.solr.handler.component.ResponseBuilder",39,0.01,1.18,145,1.52,34781.12,85,46,14,60,39,179.93,50,196,26,1,129.93,0.00,0.00,0.02,6,801.00,4,4564.03,0,10,16,java.lang.Object,0.00,21,0,46,0,21,29,0,26,954,1
"org.apache.solr.handler.component.ResponseBuilder$GlobalCollectionStat",1,2.00,1.00,6,0.06,952.18,3,2,14,1,0,118.52,0,8,0,1,118.52,0.00,0.00,0.00,0,1.00,1,178.04,0,0,0,java.lang.Object,0.00,0,0,1,0,0,1,0,0,45,2
"org.apache.solr.handler.component.SearchComponent",15,0.00,1.00,22,0.16,1379.76,15,0,6,18,27,195.42,32,34,22,1,155.54,0.00,0.00,0.00,0,15.00,1,468.80,0,7,6,java.lang.Object,0.00,3,0,15,11,3,8,2,11,148,2
"org.apache.solr.handler.component.SearchHandler",8,0.06,5.62,171,2.70,235540.93,19,11,45,61,35,53.87,52,218,5,2,86.09,1.00,0.33,0.15,0,8.00,26,8105.71,0,6,31,org.apache.solr.handler.RequestHandlerBase,0.40,53,1,45,1,53,2,1,44,1275,1
"org.apache.solr.handler.component.SearchHandlerTest",2,0.00,1.00,42,0.78,64254.15,2,0,7,18,8,106.80,7,54,0,3,86.19,0.00,0.67,0.00,0,2.00,1,2345.20,1,0,8,org.apache.solr.SolrTestCaseJ4,0.00,16,2,2,0,16,2,0,7,420,1
"org.apache.solr.handler.component.ShardDoc",1,1.00,1.00,10,0.10,870.11,8,7,10,1,17,90.41,14,18,12,1,110.55,0.00,0.00,0.86,0,0.00,1,286.13,0,1,5,java.lang.Object,0.00,0,0,1,0,0,0,0,14,67,1
"org.apache.solr.handler.component.ShardFieldSortedHitQueue",7,0.17,2.86,63,0.87,57940.39,10,3,10,22,7,124.93,24,87,1,2,104.31,0.00,0.50,0.19,0,13.00,7,2622.61,1,5,6,org.apache.lucene.util.PriorityQueue,0.00,15,1,20,0,15,2,0,24,508,0
"org.apache.solr.handler.component.ShardFieldSortedHitQueue$Comparator",1,0.00,3.00,9,0.10,3634.02,1,0,10,1,1,107.11,0,12,0,1,107.11,0.00,0.00,0.00,0,1.00,3,299.43,0,0,1,java.lang.Object,0.00,0,0,3,0,0,1,0,0,66,0
"org.apache.solr.handler.component.ShardFieldSortedHitQueue$ShardComparator",3,0.25,1.67,19,0.17,3919.36,5,2,10,7,1,117.32,0,22,0,1,117.32,0.00,0.00,0.33,0,5.00,3,521.29,0,1,1,java.lang.Object,0.00,4,0,5,0,4,2,1,0,123,0
"org.apache.solr.handler.component.ShardFieldSortedHitQueue$ShardComparator_0",1,0.00,4.00,10,0.13,5229.74,1,0,10,3,1,104.10,0,15,0,1,104.10,0.00,0.00,0.00,0,1.00,4,400.25,0,0,1,java.lang.Object,0.00,2,0,4,0,2,1,0,0,85,0
"org.apache.solr.handler.component.ShardFieldSortedHitQueue$ShardComparator_1",1,0.00,4.00,10,0.14,5433.78,1,0,10,3,1,103.97,0,15,0,1,103.97,0.00,0.00,0.00,0,1.00,4,405.11,0,0,1,java.lang.Object,0.00,2,0,4,0,2,1,0,0,86,0
"org.apache.solr.handler.component.ShardFieldSortedHitQueue$ShardComparator_2",1,0.00,4.00,10,0.13,5229.74,1,0,10,3,1,104.10,0,15,0,1,104.10,0.00,0.00,0.00,0,1.00,4,400.25,0,0,1,java.lang.Object,0.00,2,0,4,0,2,1,0,0,85,0
"org.apache.solr.handler.component.ShardRequest",1,14.00,1.00,20,0.32,7548.83,18,17,3,4,16,41.93,9,26,15,1,91.93,0.00,0.00,0.18,0,0.00,1,969.51,0,1,2,java.lang.Object,0.00,3,0,1,0,3,0,0,9,180,1
"org.apache.solr.handler.component.ShardResponse",12,0.05,1.08,31,0.24,2861.11,18,6,2,13,7,141.03,2,54,5,1,141.03,0.00,0.00,0.12,0,46.00,2,721.68,0,6,3,java.lang.Object,0.00,1,0,13,0,1,6,0,2,191,2
"org.apache.solr.handler.component.SimpleStats",4,0.08,4.75,79,1.28,97909.74,8,4,19,41,18,128.27,8,100,1,1,88.38,0.00,0.00,0.31,0,4.00,10,3826.64,0,3,17,java.lang.Object,0.00,37,0,19,0,37,1,0,8,638,0
"org.apache.solr.handler.component.SpellCheckComponent",18,0.03,5.67,397,7.68,880671.60,24,6,38,187,50,104.21,69,494,7,2,83.60,0.00,0.50,0.14,5,106.00,40,23032.00,1,9,43,org.apache.solr.handler.component.SearchComponent,0.42,169,1,102,0,169,9,2,48,3439,1
"org.apache.solr.handler.component.SpellCheckComponent$SpellCheckerListener",5,0.06,2.20,31,0.33,7032.71,9,4,38,11,5,117.00,2,47,0,1,117.00,0.00,0.00,0.30,1,7.00,6,975.87,0,0,5,java.lang.Object,0.00,6,0,11,0,6,5,1,2,217,2
"org.apache.solr.handler.component.SpellCheckComponentTest",11,0.60,1.09,73,1.37,33545.04,12,1,11,33,9,114.52,6,128,0,3,114.52,0.00,0.67,0.45,0,31.00,2,4116.79,11,0,9,org.apache.solr.SolrTestCaseJ4,0.09,22,2,12,0,22,11,0,4,797,1
"org.apache.solr.handler.component.StatsComponent",10,1.00,2.20,62,0.93,38287.26,11,1,19,32,23,163.58,16,89,2,2,113.58,0.00,0.50,0.00,0,10.00,5,2791.25,0,4,21,org.apache.solr.handler.component.SearchComponent,0.64,22,1,22,0,22,6,0,11,540,1
"org.apache.solr.handler.component.StatsComponentTest",9,0.00,1.22,57,1.11,15451.53,9,0,1,10,1,116.45,6,168,0,3,116.45,0.00,0.67,0.00,5,16.00,3,3342.89,5,2,1,org.apache.solr.util.AbstractSolrTestCase,0.23,1,2,11,0,1,7,0,4,617,1
"org.apache.solr.handler.component.StatsInfo",1,0.00,3.00,9,0.10,2538.67,2,1,19,5,18,108.34,0,12,2,1,108.34,0.00,0.00,1.00,0,0.00,3,295.02,0,0,17,java.lang.Object,0.00,4,0,3,0,4,1,0,0,64,0
"org.apache.solr.handler.component.StatsValues",10,0.42,2.40,90,1.23,62048.42,18,8,4,33,8,155.34,11,105,6,1,105.34,0.00,0.00,0.50,1,0.00,8,3675.04,0,1,2,java.lang.Object,0.00,23,0,24,0,23,9,0,5,702,1
"org.apache.solr.handler.component.TermVectorComponent",10,0.30,4.00,161,3.00,294145.81,13,3,34,72,31,72.70,59,202,1,2,90.58,0.00,0.50,0.07,1,18.00,23,9005.46,1,5,30,org.apache.solr.handler.component.SearchComponent,0.32,62,1,40,0,62,5,1,23,1366,1
"org.apache.solr.handler.component.TermVectorComponent$FieldOptions",0,0.00,0.00,3,0.02,86.04,6,6,34,0,0,171.00,0,4,0,1,171.00,0.00,0.00,0.00,0,0.00,0,57.36,0,0,0,java.lang.Object,0.00,0,0,0,0,0,0,0,0,16,0
"org.apache.solr.handler.component.TermVectorComponent$TVMapper",6,0.23,2.83,59,0.82,34577.29,13,7,34,22,9,105.55,5,77,0,2,105.55,0.00,0.50,0.33,0,0.00,8,2461.76,0,0,9,org.apache.lucene.index.TermVectorMapper,0.31,16,1,17,0,16,6,0,5,458,2
"org.apache.solr.handler.component.TermVectorComponentTest",5,0.50,1.40,57,1.44,73053.09,6,1,13,24,11,81.41,27,149,0,3,99.28,0.00,0.67,0.60,0,4.00,3,4308.78,6,0,11,org.apache.solr.SolrTestCaseJ4,0.00,19,2,7,0,19,5,0,9,726,1
"org.apache.solr.handler.component.TermsComponent",11,0.50,5.00,168,2.95,307634.55,13,2,20,67,22,112.36,40,220,1,2,91.74,0.00,0.50,0.05,1,20.00,31,8854.89,0,5,21,org.apache.solr.handler.component.SearchComponent,0.31,56,1,55,0,56,6,0,22,1408,1
"org.apache.solr.handler.component.TermsComponent$TermsHelper",7,0.17,3.57,75,1.13,72497.31,9,2,20,30,5,141.67,16,95,0,1,101.79,0.00,0.00,0.36,0,3.00,11,3386.83,0,4,5,java.lang.Object,0.00,23,0,25,0,23,3,0,16,627,1
"org.apache.solr.handler.component.TermsComponent$TermsHelper$Comparator<TermsResponse.Term>",1,0.00,1.00,3,0.04,568.17,1,0,20,3,0,131.51,0,4,0,1,131.51,0.00,0.00,0.00,0,1.00,1,127.52,0,0,0,java.lang.Object,0.00,2,0,1,0,2,1,0,0,35,0
"org.apache.solr.handler.component.TermsComponent$TermsHelper$Comparator<TermsResponse.Term>_0",1,0.00,3.00,10,0.11,3437.55,1,0,20,4,0,105.60,0,12,0,1,105.60,0.00,0.00,0.00,0,1.00,3,321.97,0,0,0,java.lang.Object,0.00,3,0,3,0,3,1,0,0,73,0
"org.apache.solr.handler.component.TermsComponentTest",14,0.00,1.00,63,1.70,46164.16,14,0,6,21,4,120.84,8,212,0,3,120.84,0.00,0.67,0.00,0,26.00,1,5089.55,5,0,4,org.apache.solr.SolrTestCaseJ4,0.00,7,2,14,0,7,14,0,5,944,1
"org.apache.lucene.analysis.miscellaneous.ASCIIFoldingFilter",4,0.11,60.00,706,25.69,1402237.44,7,3,6,9,7,46.93,1294,1960,2,4,42.63,0.00,0.75,0.42,1,4.00,233,77084.65,0,0,5,org.apache.lucene.analysis.TokenFilter,0.25,5,3,240,0,5,4,0,1249,7499,2
"org.apache.lucene.analysis.miscellaneous.CapitalizationFilter",4,0.23,6.25,85,1.02,80633.24,14,10,6,12,6,39.26,34,100,2,4,87.36,0.00,0.75,0.28,1,6.00,14,3049.66,0,0,4,org.apache.lucene.analysis.TokenFilter,0.25,8,3,25,0,8,4,0,9,567,2
"org.apache.lucene.analysis.miscellaneous.Deprecated",8,0.16,3.75,79,2.18,89310.78,17,9,16,30,9,102.75,132,154,1,2,103.23,0.00,0.50,0.25,3,16.00,6,6527.94,0,3,8,org.apache.lucene.analysis.Analyzer,0.00,22,1,30,0,22,5,0,34,1025,2
"org.apache.lucene.analysis.miscellaneous.Deprecated$FastStringReader",2,1.00,1.00,7,0.04,396.02,3,1,16,2,0,135.12,0,10,0,2,135.12,0.00,0.50,0.50,0,2.00,1,114.45,0,1,0,java.io.StringReader,0.00,0,1,2,0,0,1,0,0,35,2
"org.apache.lucene.analysis.miscellaneous.Deprecated$FastStringTokenizer",5,0.12,2.40,46,0.57,24161.35,13,8,16,16,3,146.08,14,59,0,3,106.19,0.00,0.67,0.22,0,10.00,6,1702.38,0,0,3,org.apache.lucene.analysis.TokenStream,0.46,11,2,12,0,11,5,0,14,342,3
"org.apache.lucene.analysis.miscellaneous.Deprecated$PatternTokenizer",3,0.36,3.00,35,0.41,13683.34,10,7,16,15,3,153.09,4,44,0,3,103.09,0.00,0.67,0.38,0,1.00,7,1232.29,0,0,3,org.apache.lucene.analysis.TokenStream,0.55,12,2,9,0,12,3,0,4,251,3
"org.apache.lucene.analysis.miscellaneous.EmptyTokenStream",1,0.00,1.00,3,0.02,297.80,1,0,2,1,4,154.34,3,6,3,3,133.72,0.00,0.67,0.00,0,1.00,1,71.46,0,0,1,org.apache.lucene.analysis.TokenStream,0.33,0,2,1,0,0,1,0,1,21,2
"org.apache.lucene.analysis.miscellaneous.HyphenatedWordsFilter",4,0.42,2.50,42,0.46,17978.10,8,4,4,17,7,67.16,50,54,2,4,104.72,0.00,0.75,0.56,1,0.00,6,1378.64,1,0,5,org.apache.lucene.analysis.TokenFilter,0.50,13,3,10,0,13,4,0,12,283,2
"org.apache.lucene.analysis.miscellaneous.KeepWordFilter",2,0.00,1.00,8,0.10,1439.84,4,2,6,5,7,126.28,8,12,2,5,126.04,0.00,0.80,0.50,0,2.00,1,288.48,0,0,5,org.apache.lucene.analysis.util.FilteringTokenFilter,0.26,3,4,2,0,3,2,0,2,71,2
"org.apache.lucene.analysis.miscellaneous.KeywordMarkerFilter",3,0.00,2.33,16,0.20,4275.91,6,3,8,9,61,69.90,27,25,55,4,119.90,0.00,0.75,0.33,0,4.00,3,603.89,0,0,6,org.apache.lucene.analysis.TokenFilter,0.27,6,3,7,0,6,3,0,3,138,2
"org.apache.lucene.analysis.miscellaneous.LengthFilter",2,0.33,1.00,11,0.13,2542.82,5,3,5,3,6,102.61,10,15,2,5,120.48,0.00,0.80,0.50,0,2.00,1,376.45,0,0,4,org.apache.lucene.analysis.util.FilteringTokenFilter,0.26,1,4,2,0,1,2,0,2,89,2
"org.apache.lucene.analysis.miscellaneous.LimitTokenCountAnalyzer",6,0.20,1.00,16,0.19,3030.94,8,2,5,12,5,188.48,7,32,1,2,138.48,0.00,0.50,0.67,0,0.00,1,566.08,0,3,4,org.apache.lucene.analysis.Analyzer,0.00,6,1,6,0,6,3,0,2,145,2
"org.apache.lucene.analysis.miscellaneous.LimitTokenCountFilter",3,0.00,1.33,14,0.12,2076.73,5,2,3,4,4,165.99,7,21,2,4,126.11,0.00,0.75,0.50,0,1.00,2,348.76,1,0,2,org.apache.lucene.analysis.TokenFilter,0.53,1,3,4,0,1,3,0,2,87,2
"org.apache.lucene.analysis.miscellaneous.PatternAnalyzerTest",5,0.00,1.00,33,0.59,14158.88,5,0,6,14,3,66.68,40,54,0,3,114.79,0.00,0.67,0.00,1,5.00,1,1774.01,2,0,3,org.apache.lucene.analysis.BaseTokenStreamTestCase,0.00,9,2,5,0,9,5,0,19,357,1
"org.apache.lucene.analysis.miscellaneous.PerFieldAnalyzerWrapper",8,0.29,1.62,30,0.37,8324.65,10,2,7,17,5,111.46,43,50,2,2,129.33,0.00,0.50,0.75,0,0.00,2,1106.52,0,3,3,org.apache.lucene.analysis.Analyzer,0.00,9,1,13,0,9,5,0,6,257,2
"org.apache.lucene.analysis.miscellaneous.PrefixAndSuffixAwareTokenFilter",6,0.60,1.00,20,0.20,4061.14,7,1,3,14,7,180.91,6,30,4,3,130.91,0.00,0.67,0.50,0,6.00,1,602.78,0,2,3,org.apache.lucene.analysis.TokenStream,0.64,8,2,6,0,8,4,0,1,160,1
"org.apache.lucene.analysis.miscellaneous.PrefixAndSuffixAwareTokenFilter$PrefixAwareTokenFilter",1,0.00,1.00,3,0.03,512.11,1,0,3,2,2,131.87,0,5,0,1,131.87,0.00,0.00,0.00,0,1.00,1,101.46,0,1,2,java.lang.Object,0.00,1,0,1,0,1,0,0,0,28,0
"org.apache.lucene.analysis.miscellaneous.PrefixAndSuffixAwareTokenFilter$PrefixAwareTokenFilter_0",1,0.00,1.00,3,0.03,567.72,1,0,3,2,2,131.51,0,5,0,1,131.51,0.00,0.00,0.00,0,1.00,1,99.27,0,1,2,java.lang.Object,0.00,1,0,1,0,1,0,0,0,28,0
"org.apache.lucene.analysis.miscellaneous.PrefixAwareTokenFilter",12,0.17,1.75,102,1.19,27873.98,29,17,10,50,11,160.68,17,124,2,3,110.68,0.00,0.67,0.21,3,30.00,5,3581.67,1,5,9,org.apache.lucene.analysis.TokenStream,0.45,38,2,21,0,38,7,0,3,731,1
"org.apache.lucene.analysis.miscellaneous.RemoveDuplicatesTokenFilter",3,0.17,2.00,23,0.30,12272.26,6,3,7,11,8,93.00,16,32,2,4,110.87,0.00,0.75,0.44,0,1.00,4,903.09,1,0,6,org.apache.lucene.analysis.TokenFilter,0.53,8,3,6,0,8,3,0,6,184,2
"org.apache.lucene.analysis.miscellaneous.SingleTokenTokenStream",5,0.08,1.20,24,0.21,3737.22,8,3,5,9,9,125.87,4,33,5,3,125.87,0.00,0.67,0.40,0,5.00,2,625.67,0,1,4,org.apache.lucene.analysis.TokenStream,0.46,4,2,6,0,4,4,0,2,150,2
"org.apache.lucene.analysis.miscellaneous.StemmerOverrideFilter",2,0.33,3.50,17,0.24,6375.20,5,3,8,11,9,77.21,13,26,3,4,109.44,0.00,0.75,0.50,0,2.00,4,720.53,0,0,6,org.apache.lucene.analysis.TokenFilter,0.29,9,3,7,0,9,2,0,3,151,2
"org.apache.lucene.analysis.miscellaneous.TestASCIIFoldingFilter",3,0.00,2.33,110,10.46,352910.88,3,0,8,21,5,35.99,1528,1587,0,3,72.82,0.00,0.67,0.00,1,3.00,5,31378.69,0,0,5,org.apache.lucene.analysis.BaseTokenStreamTestCase,0.00,18,2,7,0,18,3,0,1528,3204,1
"org.apache.lucene.analysis.miscellaneous.TestCapitalizationFilter",4,0.00,1.00,37,0.77,34248.72,4,0,12,12,6,154.44,7,63,0,3,104.44,0.00,0.67,0.00,2,4.00,1,2316.20,1,0,6,org.apache.lucene.analysis.BaseTokenStreamTestCase,0.00,8,2,4,0,8,4,0,7,416,1
"org.apache.lucene.analysis.miscellaneous.TestEmptyTokenStream",1,0.00,1.00,6,0.05,870.31,1,0,3,5,2,118.82,0,8,0,2,118.82,0.00,0.50,0.00,0,1.00,1,150.40,0,0,2,org.apache.lucene.util.LuceneTestCase,0.00,4,1,1,0,4,1,0,0,39,1
"org.apache.lucene.analysis.miscellaneous.TestHyphenatedWordsFilter",2,0.00,1.00,11,0.14,2193.88,2,0,4,5,4,121.22,8,16,0,3,120.99,0.00,0.67,0.00,0,2.00,1,426.66,1,0,4,org.apache.lucene.analysis.BaseTokenStreamTestCase,0.00,3,2,2,0,3,2,0,4,94,1
"org.apache.lucene.analysis.miscellaneous.TestKeepWordFilter",1,0.00,1.00,22,0.35,20774.33,1,0,7,7,5,69.05,5,21,0,3,86.93,0.00,0.67,0.00,0,1.00,1,1054.60,1,0,5,org.apache.lucene.analysis.BaseTokenStreamTestCase,0.00,6,2,1,0,6,1,0,5,204,1
"org.apache.lucene.analysis.miscellaneous.TestKeywordMarkerFilter",2,0.00,1.50,16,0.36,12629.85,2,0,14,11,8,58.82,20,32,0,3,107.29,0.00,0.67,0.00,0,2.00,2,1067.55,1,0,8,org.apache.lucene.analysis.BaseTokenStreamTestCase,0.00,9,2,3,0,9,2,0,3,210,1
"org.apache.lucene.analysis.miscellaneous.TestKeywordMarkerFilter$LowerCaseFilterMock",2,0.00,2.00,12,0.14,3102.55,4,2,14,8,4,116.69,0,18,0,4,116.69,0.00,0.75,0.50,0,2.00,3,433.32,0,0,4,org.apache.lucene.analysis.TokenFilter,0.29,6,3,4,0,6,2,0,0,97,3
"org.apache.lucene.analysis.miscellaneous.TestLengthFilter",2,0.00,1.00,11,0.16,2299.25,2,0,4,5,5,120.83,0,20,0,3,120.83,0.00,0.67,0.00,0,2.00,1,484.22,1,0,5,org.apache.lucene.analysis.BaseTokenStreamTestCase,0.00,3,2,2,0,3,2,0,0,102,1
"org.apache.lucene.analysis.miscellaneous.TestLimitTokenCountAnalyzer",2,0.00,1.50,39,0.54,18086.22,2,0,14,26,13,142.05,2,28,0,3,92.05,0.00,0.67,0.00,0,2.00,2,1623.62,1,0,13,org.apache.lucene.analysis.BaseTokenStreamTestCase,0.00,24,2,3,0,24,2,0,2,302,1
"org.apache.lucene.analysis.miscellaneous.TestPerFieldAnalzyerWrapper",1,0.00,1.00,13,0.20,5195.77,1,0,5,12,6,99.72,16,22,0,3,100.19,0.00,0.67,0.00,0,1.00,1,589.37,0,0,6,org.apache.lucene.analysis.BaseTokenStreamTestCase,0.00,11,2,1,0,11,1,0,1,117,1
"org.apache.lucene.analysis.miscellaneous.TestPrefixAndSuffixAwareTokenFilter",2,0.00,1.00,8,0.14,2666.56,2,0,5,7,5,123.93,0,16,0,3,123.93,0.00,0.67,0.00,1,2.00,1,415.51,1,1,5,org.apache.lucene.analysis.BaseTokenStreamTestCase,0.00,5,2,2,0,5,1,0,0,92,1
"org.apache.lucene.analysis.miscellaneous.TestPrefixAwareTokenFilter",2,0.00,1.00,14,0.23,6448.84,2,0,5,7,5,111.85,1,23,0,3,111.85,0.00,0.67,0.00,1,2.00,1,697.06,1,1,5,org.apache.lucene.analysis.BaseTokenStreamTestCase,0.00,5,2,2,0,5,1,0,1,145,1
"org.apache.lucene.analysis.miscellaneous.TestRemoveDuplicatesTokenFilter",6,0.00,1.00,17,0.42,7894.94,6,0,8,13,7,135.21,0,58,0,3,135.21,0.00,0.67,0.00,2,6.00,1,1264.43,1,2,7,org.apache.lucene.analysis.BaseTokenStreamTestCase,0.00,7,2,6,0,7,4,0,0,278,1
"org.apache.lucene.analysis.miscellaneous.TestRemoveDuplicatesTokenFilter$TokenStream",1,0.00,2.00,14,0.15,2847.86,4,3,8,11,4,100.88,0,17,0,1,100.88,0.00,0.00,1.00,0,0.00,2,458.76,0,0,4,java.lang.Object,0.00,10,0,2,0,10,1,0,0,100,0
"org.apache.lucene.analysis.miscellaneous.TestSingleTokenTokenFilter",1,0.00,1.00,16,0.18,6223.76,1,0,5,10,4,96.21,0,18,0,2,96.21,0.00,0.50,0.00,0,1.00,1,535.70,0,0,4,org.apache.lucene.util.LuceneTestCase,0.00,9,1,1,0,9,1,0,0,111,1
"org.apache.lucene.analysis.miscellaneous.TestStemmerOverrideFilter",1,0.00,1.00,7,0.11,2565.09,1,0,9,7,6,138.91,19,10,0,3,112.63,0.00,0.67,0.00,0,1.00,1,322.67,1,0,6,org.apache.lucene.analysis.BaseTokenStreamTestCase,0.00,6,2,1,0,6,1,0,4,68,1
"org.apache.lucene.analysis.miscellaneous.TestTrimFilter",1,0.00,1.00,21,0.49,20725.52,1,0,6,6,5,55.47,6,33,0,3,87.69,0.00,0.67,0.00,0,1.00,1,1477.88,1,0,5,org.apache.lucene.analysis.BaseTokenStreamTestCase,0.00,5,2,1,0,5,1,0,2,264,1
"org.apache.lucene.analysis.miscellaneous.TestTrimFilter$Deprecated",3,0.31,1.33,25,0.36,9551.86,11,8,6,19,8,109.66,0,33,0,3,109.66,0.00,0.67,0.33,0,4.00,2,1079.23,0,0,8,org.apache.lucene.analysis.TokenStream,0.27,16,2,4,0,16,3,0,0,215,2
"org.apache.lucene.analysis.miscellaneous.TestWordDelimiterFilter",10,0.00,1.00,94,1.58,74604.60,10,0,18,20,15,105.14,49,126,0,3,104.91,0.00,0.67,0.00,2,10.00,1,4739.19,2,0,15,org.apache.lucene.analysis.BaseTokenStreamTestCase,0.00,10,2,10,0,10,10,0,25,894,1
"org.apache.lucene.analysis.miscellaneous.TestWordDelimiterFilter$Analyzer",1,0.00,1.00,3,0.05,831.17,1,0,18,3,3,130.21,0,7,0,1,130.21,0.00,0.00,0.00,0,1.00,1,146.30,0,1,3,java.lang.Object,0.00,2,0,1,0,2,0,0,0,36,0
"org.apache.lucene.analysis.miscellaneous.TestWordDelimiterFilter$Analyzer_0",1,0.00,1.00,3,0.05,895.95,1,0,18,4,3,129.95,0,8,0,1,129.95,0.00,0.00,0.00,0,1.00,1,161.73,0,1,3,java.lang.Object,0.00,3,0,1,0,3,0,0,0,39,0
"org.apache.lucene.analysis.miscellaneous.TestWordDelimiterFilter$Analyzer_1",1,0.00,1.00,5,0.08,1833.73,1,0,18,5,5,119.23,0,9,0,1,119.23,0.00,0.00,0.00,0,1.00,1,248.37,0,1,5,java.lang.Object,0.00,4,0,1,0,4,0,0,0,54,0
"org.apache.lucene.analysis.miscellaneous.TestWordDelimiterFilter$LargePosIncTokenFilter",2,0.00,2.00,11,0.13,2544.21,4,2,18,6,4,120.32,0,18,0,4,120.32,0.00,0.75,0.50,0,2.00,3,381.02,0,0,4,org.apache.lucene.analysis.TokenFilter,0.29,4,3,4,0,4,2,0,0,89,2
"org.apache.lucene.analysis.miscellaneous.TrimFilter",2,0.33,5.00,35,0.42,39534.08,5,3,5,10,6,91.14,8,39,2,4,90.90,0.00,0.75,0.50,0,2.00,9,1259.05,0,0,4,org.apache.lucene.analysis.TokenFilter,0.29,8,3,10,0,8,2,0,6,233,2
"org.apache.lucene.analysis.miscellaneous.WordDelimiterFilter",15,0.09,2.80,161,2.14,99486.32,45,30,10,42,15,65.80,192,224,5,4,103.37,0.00,0.75,0.12,7,140.00,20,6406.47,1,0,10,org.apache.lucene.analysis.TokenFilter,0.30,27,3,42,0,27,15,0,57,1192,2
"org.apache.lucene.analysis.miscellaneous.WordDelimiterFilter$WordDelimiterConcatenation",5,0.30,1.40,31,0.28,5013.73,10,5,10,12,0,118.50,21,40,0,1,118.26,0.00,0.00,0.44,2,0.00,3,841.30,0,0,0,java.lang.Object,0.00,7,0,7,0,7,5,0,5,189,1
"org.apache.lucene.analysis.miscellaneous.WordDelimiterIterator",0,0.00,0.00,110,1.67,338590.89,14,14,1,8,3,171.00,109,157,3,1,171.00,0.00,0.00,0.00,0,0.00,0,4995.27,0,0,0,java.lang.Object,0.00,8,0,0,0,8,0,0,47,766,2
"org.apache.lucene.collation.CollationKeyAnalyzer",3,0.50,1.33,19,0.20,5624.46,4,1,7,7,8,115.66,49,26,3,2,116.13,0.00,0.50,0.67,0,1.00,2,598.91,2,2,5,org.apache.lucene.analysis.Analyzer,0.00,4,1,4,0,4,1,0,1,133,2
"org.apache.lucene.collation.CollationKeyAnalyzer$SavedStreams",0,0.00,0.00,3,0.01,82.42,2,2,7,0,2,171.00,0,5,0,1,171.00,0.00,0.00,0.00,0,0.00,0,41.21,0,0,2,java.lang.Object,0.00,0,0,0,0,0,0,0,0,13,1
"org.apache.lucene.collation.CollationKeyFilter",2,0.00,1.50,16,0.20,5108.72,4,2,6,11,8,159.67,49,23,4,4,110.39,0.00,0.75,0.50,0,2.00,2,592.73,0,0,4,org.apache.lucene.analysis.TokenFilter,0.29,9,3,3,0,9,2,0,2,125,2
"org.apache.lucene.collation.CollationTestBase",6,4.00,2.17,103,2.35,99463.82,10,4,22,39,23,59.47,36,147,4,2,91.70,4.00,0.17,0.00,1,6.00,6,7056.78,0,1,19,org.apache.lucene.util.LuceneTestCase,0.00,33,1,13,4,33,5,0,30,1168,2
"org.apache.lucene.collation.ICUCollationKeyAnalyzer",3,0.50,1.33,19,0.20,5624.46,4,1,8,7,7,86.75,41,26,1,2,116.13,0.00,0.50,0.67,0,1.00,2,598.91,2,2,6,org.apache.lucene.analysis.Analyzer,0.00,4,1,4,0,4,1,0,1,133,2
"org.apache.lucene.collation.ICUCollationKeyAnalyzer$SavedStreams",0,0.00,0.00,3,0.01,82.42,2,2,8,0,2,171.00,0,5,0,1,171.00,0.00,0.00,0.00,0,0.00,0,41.21,0,0,2,java.lang.Object,0.00,0,0,0,0,0,0,0,0,13,1
"org.apache.lucene.collation.ICUCollationKeyFilter",2,0.33,2.00,20,0.26,9177.08,5,3,8,12,8,144.00,43,28,3,4,104.70,0.00,0.75,0.50,0,2.00,3,793.60,0,0,5,org.apache.lucene.analysis.TokenFilter,0.29,10,3,4,0,10,2,0,2,160,2
"org.apache.lucene.collation.TestCollationKeyAnalyzer",4,0.57,1.25,20,0.40,10096.07,11,7,3,10,3,157.97,8,41,0,3,118.08,0.00,0.67,0.57,4,0.00,2,1195.71,0,0,3,org.apache.lucene.collation.CollationTestBase,0.00,6,2,5,0,6,4,0,8,242,1
"org.apache.lucene.collation.TestCollationKeyFilter",4,0.57,1.25,21,0.41,11324.48,11,7,6,10,4,157.58,8,41,0,3,117.69,0.00,0.67,0.57,4,0.00,2,1237.31,0,0,4,org.apache.lucene.collation.CollationTestBase,0.00,6,2,5,0,6,4,0,8,249,1
"org.apache.lucene.collation.TestCollationKeyFilter$TestAnalyzer",2,0.00,1.00,8,0.07,1026.85,3,1,6,4,4,127.20,0,12,0,2,127.20,0.00,0.50,1.00,0,0.00,1,200.20,0,1,4,org.apache.lucene.analysis.Analyzer,0.00,2,1,2,0,2,1,0,0,52,2
"org.apache.lucene.collation.TestICUCollationKeyAnalyzer",4,0.61,1.00,19,0.34,7663.79,10,6,3,9,3,162.58,8,38,0,3,122.69,0.00,0.67,0.62,4,0.00,1,1019.26,0,0,3,org.apache.lucene.collation.CollationTestBase,0.00,5,2,4,0,5,4,0,8,217,1
"org.apache.lucene.collation.TestICUCollationKeyFilter",4,0.61,1.00,20,0.35,8740.64,10,6,6,9,4,158.51,8,38,0,3,118.63,0.00,0.67,0.62,4,0.00,1,1058.74,0,0,4,org.apache.lucene.collation.CollationTestBase,0.00,5,2,4,0,5,4,0,8,224,1
"org.apache.lucene.collation.TestICUCollationKeyFilter$TestAnalyzer",2,0.00,1.00,8,0.07,1026.85,3,1,6,4,4,127.20,0,12,0,2,127.20,0.00,0.50,1.00,0,0.00,1,200.20,0,1,4,org.apache.lucene.analysis.Analyzer,0.00,2,1,2,0,2,1,0,0,52,2
"org.apache.lucene.index.codecs.mockrandom.MockRandomCodec",5,0.00,8.40,160,2.92,244130.56,7,2,38,56,33,127.44,8,233,0,2,77.44,0.00,0.50,0.50,0,0.00,19,8753.31,0,2,33,org.apache.lucene.index.codecs.Codec,0.00,51,1,42,0,51,3,0,6,1361,1
"org.apache.lucene.index.codecs.mockrandom.MockRandomCodec$VariableGapTermsIndexWriter.IndexTermSelector",2,1.00,1.00,5,0.06,706.25,3,1,38,4,3,139.71,0,9,0,1,139.71,0.00,0.00,0.50,0,2.00,1,178.27,0,0,3,java.lang.Object,0.00,2,0,2,0,2,2,0,0,47,0
"org.apache.lucene.analysis.bg.BulgarianAnalyzer",5,0.50,1.80,21,0.28,7029.43,7,2,14,15,14,73.62,48,29,2,4,123.62,0.00,0.75,0.10,0,8.00,3,847.94,0,2,12,org.apache.lucene.analysis.util.StopwordAnalyzerBase,0.00,10,3,9,0,10,3,0,8,189,2
"org.apache.lucene.analysis.bg.BulgarianAnalyzer$DefaultSetHolder",0,0.00,0.00,6,0.05,853.95,1,1,14,0,1,171.00,2,10,0,1,171.00,0.00,0.00,0.00,0,0.00,0,164.39,0,0,1,java.lang.Object,0.00,0,0,0,0,0,0,0,2,40,2
"org.apache.lucene.analysis.bg.BulgarianStemFilter",2,0.33,2.00,14,0.16,3828.15,5,3,6,9,9,113.71,9,20,3,4,113.47,0.00,0.75,0.50,0,2.00,3,486.85,0,0,6,org.apache.lucene.analysis.TokenFilter,0.29,7,3,4,0,7,2,0,1,108,2
"org.apache.lucene.analysis.bg.BulgarianStemmer",3,0.00,9.00,47,0.77,51673.55,3,0,1,4,1,49.14,34,81,1,1,93.27,0.00,0.00,0.00,0,3.00,14,2298.83,0,0,0,java.lang.Object,0.00,1,0,27,0,1,3,0,15,443,1
"org.apache.lucene.analysis.bg.TestBulgarianAnalyzer",6,0.00,1.00,25,0.33,5729.37,6,0,6,10,5,175.08,9,34,0,3,125.08,0.00,0.67,0.00,0,6.00,1,999.49,2,0,5,org.apache.lucene.analysis.BaseTokenStreamTestCase,0.00,4,2,6,0,4,6,0,3,222,1
"org.apache.lucene.analysis.bg.TestBulgarianStemmer",6,0.00,1.00,118,2.10,91054.92,6,0,7,13,7,48.08,45,127,0,3,90.37,0.00,0.67,0.00,0,6.00,1,6297.93,2,0,7,org.apache.lucene.analysis.BaseTokenStreamTestCase,0.00,7,2,6,0,7,6,0,31,1150,1
"org.apache.lucene.analysis.no.NorwegianAnalyzer",5,0.50,1.80,21,0.29,7141.30,7,2,17,16,15,75.46,42,31,1,4,123.56,0.00,0.75,0.10,0,8.00,3,866.52,0,2,14,org.apache.lucene.analysis.util.StopwordAnalyzerBase,0.00,11,3,9,0,11,3,0,8,192,2
"org.apache.lucene.analysis.no.NorwegianAnalyzer$DefaultSetHolder",0,0.00,0.00,6,0.05,843.89,1,1,17,0,2,171.00,2,11,0,1,171.00,0.00,0.00,0.00,0,0.00,0,162.56,0,0,2,java.lang.Object,0.00,0,0,0,0,0,0,0,2,40,2
"org.apache.lucene.analysis.no.TestNorwegianAnalyzer",3,0.00,1.00,14,0.15,2836.17,3,0,5,7,3,164.99,6,19,0,3,125.11,0.00,0.67,0.00,0,3.00,1,450.25,2,0,3,org.apache.lucene.analysis.BaseTokenStreamTestCase,0.00,4,2,3,0,4,3,0,5,103,1
"org.apache.lucene.analysis.nl.Deprecated",18,0.07,3.89,183,2.72,156640.22,23,5,1,37,0,122.98,70,287,0,1,102.36,0.00,0.00,0.13,11,86.00,11,8156.16,0,1,0,java.lang.Object,0.00,19,0,70,0,19,17,0,17,1594,1
"org.apache.lucene.analysis.nl.DutchAnalyzer",6,0.08,2.33,43,0.65,23420.95,11,5,22,26,17,61.00,59,58,1,3,111.00,0.00,0.67,0.27,0,6.00,5,1939.56,1,1,16,org.apache.lucene.analysis.util.ReusableAnalyzerBase,0.00,20,2,14,0,20,5,0,12,394,2
"org.apache.lucene.analysis.nl.DutchAnalyzer$DefaultSetHolder",0,0.00,0.00,6,0.05,843.89,1,1,22,0,2,171.00,2,11,0,1,171.00,0.00,0.00,0.00,0,0.00,0,162.56,0,0,2,java.lang.Object,0.00,0,0,0,0,0,0,0,2,40,2
"org.apache.lucene.analysis.nl.TestDutchStemmer",9,0.00,1.00,116,1.36,22280.55,9,0,6,14,5,143.91,24,128,0,3,104.02,0.00,0.67,0.00,1,9.00,1,4075.42,4,0,5,org.apache.lucene.analysis.BaseTokenStreamTestCase,0.00,5,2,9,0,5,9,0,8,696,1
"org.apache.lucene.search.spans.FieldMaskingSpanQuery",10,0.17,1.30,41,0.48,14169.88,12,2,9,25,11,123.90,44,67,3,3,123.67,0.00,0.67,0.35,2,6.00,3,1435.31,2,5,8,org.apache.lucene.search.spans.SpanQuery,0.25,15,2,13,0,15,5,0,3,337,1
"org.apache.lucene.search.spans.JustCompileSearchSpans",0,0.00,0.00,6,0.06,759.99,1,1,5,0,2,171.00,7,10,0,1,171.00,0.00,0.00,0.00,0,0.00,0,174.17,0,0,2,java.lang.Object,0.00,0,0,0,0,0,0,0,1,41,1
"org.apache.lucene.search.spans.JustCompileSearchSpans$JustCompilePayloadSpans",7,0.00,1.00,15,0.15,2024.81,7,0,5,8,1,140.39,0,30,0,2,140.39,0.00,0.50,0.00,0,0.00,1,436.73,0,1,1,org.apache.lucene.search.spans.Spans,1.00,1,1,7,0,1,6,0,0,117,2
"org.apache.lucene.search.spans.JustCompileSearchSpans$JustCompileSpanQuery",3,0.00,1.00,7,0.07,860.22,3,0,5,4,2,140.42,0,14,0,3,140.42,0.00,0.67,0.00,0,0.00,1,201.05,0,3,2,org.apache.lucene.search.spans.SpanQuery,0.18,1,2,3,0,1,0,0,0,55,2
"org.apache.lucene.search.spans.JustCompileSearchSpans$JustCompileSpanScorer",2,0.00,1.00,5,0.06,701.28,2,0,5,3,4,139.73,0,10,0,4,139.73,0.00,0.75,0.00,0,2.00,1,170.49,0,0,4,org.apache.lucene.search.spans.SpanScorer,0.20,1,3,2,0,1,2,0,0,45,2
"org.apache.lucene.search.spans.JustCompileSearchSpans$JustCompileSpans",7,0.00,1.00,15,0.15,2024.81,7,0,5,8,1,140.39,0,30,0,2,140.39,0.00,0.50,0.00,0,0.00,1,436.73,0,1,1,org.apache.lucene.search.spans.Spans,1.00,1,1,7,0,1,6,0,0,117,2
"org.apache.lucene.search.spans.MultiSpansWrapper",9,0.19,2.89,66,0.69,36831.53,13,4,7,21,12,110.79,8,99,8,2,110.79,0.00,0.50,0.42,0,0.00,7,2055.75,0,2,4,org.apache.lucene.search.spans.Spans,0.88,12,1,26,0,12,7,0,2,439,1
"org.apache.lucene.search.spans.NearSpansOrdered",17,0.12,3.18,180,2.29,173514.48,29,12,10,37,7,102.10,70,218,4,2,101.86,0.00,0.50,0.20,3,56.00,12,6866.64,0,3,4,org.apache.lucene.search.spans.Spans,0.58,20,1,54,0,20,14,0,31,1286,1
"org.apache.lucene.search.spans.NearSpansOrdered$Comparator<Spans>",1,0.00,1.00,3,0.03,480.85,1,0,10,2,1,132.08,0,4,0,1,132.08,0.00,0.00,0.00,0,1.00,1,93.66,0,0,1,java.lang.Object,0.00,1,0,1,0,1,1,0,0,27,0
"org.apache.lucene.search.spans.NearSpansUnordered",17,0.08,2.65,135,1.40,51079.59,28,11,8,46,6,151.75,44,166,3,2,111.87,0.00,0.50,0.17,8,92.00,11,4185.53,0,4,4,org.apache.lucene.search.spans.Spans,0.58,29,1,45,0,29,13,0,35,877,1
"org.apache.lucene.search.spans.NearSpansUnordered$CellQueue",2,0.00,1.50,8,0.09,2854.54,2,0,8,4,2,123.61,0,13,0,2,123.61,0.00,0.50,0.00,0,2.00,2,260.58,1,0,2,org.apache.lucene.util.PriorityQueue,0.00,2,1,3,0,2,2,0,0,65,1
"org.apache.lucene.search.spans.NearSpansUnordered$SpansCell",10,0.00,1.30,34,0.36,11038.58,14,4,8,18,1,129.18,4,49,0,2,129.18,0.00,0.50,0.25,3,0.00,4,1088.55,0,2,1,org.apache.lucene.search.spans.Spans,0.82,8,1,13,0,8,8,0,4,266,1
"org.apache.lucene.search.spans.SpanFirstQuery",6,0.00,1.67,29,0.44,16036.32,6,0,2,19,15,171.44,10,48,11,5,121.44,0.00,0.80,0.00,1,0.00,3,1317.08,1,3,4,org.apache.lucene.search.spans.SpanPositionRangeQuery,0.29,13,4,10,0,13,3,0,3,291,1
"org.apache.lucene.search.spans.SpanMultiTermQueryWrapper",9,0.25,1.67,41,0.47,13512.86,10,1,10,24,14,123.65,41,59,5,3,123.41,0.00,0.67,0.78,1,0.00,4,1423.48,0,4,9,org.apache.lucene.search.spans.SpanQuery,0.26,15,2,15,0,15,5,0,6,325,1
"org.apache.lucene.search.spans.SpanMultiTermQueryWrapper$SpanRewriteMethod",1,0.00,1.00,2,0.03,309.01,1,0,10,1,3,140.16,0,4,0,2,140.16,0.00,0.50,0.00,0,1.00,1,90.33,0,0,3,MultiTermQuery.RewriteMethod,0.00,0,1,1,0,0,1,0,0,25,3
"org.apache.lucene.search.spans.SpanMultiTermQueryWrapper$SpanRewriteMethod_0",2,0.00,1.00,8,0.08,1923.95,2,0,10,4,5,92.83,12,14,0,1,125.05,0.00,0.00,0.00,0,2.00,1,243.19,0,1,5,java.lang.Object,0.00,2,0,2,0,2,1,0,2,61,0
"org.apache.lucene.search.spans.SpanMultiTermQueryWrapper$SpanRewriteMethod_0$ScoringRewrite<SpanOrQuery>",3,0.00,1.00,8,0.09,1599.61,3,0,10,7,4,138.30,1,14,0,1,138.30,0.00,0.00,0.00,0,3.00,1,275.65,0,0,4,java.lang.Object,0.00,4,0,3,0,4,3,0,1,69,0
"org.apache.lucene.search.spans.SpanMultiTermQueryWrapper$SpanRewriteMethod_0$TopTermsSpanBooleanQueryRewrite",5,0.00,1.60,16,0.18,4223.19,6,1,10,11,5,180.05,5,25,0,2,130.05,0.00,0.50,1.00,0,0.00,4,534.36,0,0,5,org.apache.lucene.search.spans.SpanRewriteMethod,0.00,6,1,8,0,6,5,0,2,130,3
"org.apache.lucene.search.spans.SpanMultiTermQueryWrapper$SpanRewriteMethod_0$TopTermsSpanBooleanQueryRewrite$TopTermsRewrite<SpanOrQuery>",3,0.00,1.00,9,0.10,1730.15,3,0,10,7,4,131.46,0,15,0,1,131.46,0.00,0.00,0.00,0,3.00,1,294.90,0,0,4,java.lang.Object,0.00,4,0,3,0,4,3,0,0,73,0
"org.apache.lucene.search.spans.SpanNearPayloadCheckQuery",6,0.60,2.50,52,0.63,26122.58,7,1,4,23,6,148.33,16,70,2,4,108.45,0.00,0.75,0.50,1,2.00,7,1886.58,1,3,4,org.apache.lucene.search.spans.SpanPositionCheckQuery,0.30,17,3,15,0,17,3,0,8,388,1
"org.apache.lucene.search.spans.SpanNearQuery",13,0.13,2.54,97,1.19,51718.87,18,5,10,43,34,150.80,26,117,27,3,110.91,0.50,0.50,0.32,2,10.00,6,3558.13,1,5,9,org.apache.lucene.search.spans.SpanQuery,0.33,30,2,33,1,30,8,1,17,731,1
"org.apache.lucene.search.spans.SpanNotQuery",11,0.05,1.64,56,0.68,26026.63,13,2,9,28,17,118.24,10,74,11,3,118.24,0.00,0.67,0.55,2,0.00,5,2025.46,1,4,6,org.apache.lucene.search.spans.SpanQuery,0.36,17,2,18,0,17,7,1,9,460,1
"org.apache.lucene.search.spans.SpanNotQuery$Spans",8,0.18,2.38,37,0.61,40991.81,12,4,9,16,2,159.02,16,67,0,1,119.13,0.00,0.00,0.41,1,0.00,6,1829.90,0,2,2,java.lang.Object,0.00,8,0,19,0,8,6,0,16,397,0
"org.apache.lucene.search.spans.SpanOrQuery",11,0.05,2.45,78,0.95,36529.60,13,2,12,42,29,111.54,9,96,22,3,111.54,0.00,0.67,0.45,2,0.00,5,2860.25,1,5,7,org.apache.lucene.search.spans.SpanQuery,0.36,31,2,27,0,31,6,1,9,602,1
"org.apache.lucene.search.spans.SpanOrQuery$SpanQueue",2,0.00,2.00,11,0.13,6227.84,2,0,12,5,2,117.26,0,18,0,2,117.26,0.00,0.50,0.00,0,2.00,3,383.56,1,0,2,org.apache.lucene.util.PriorityQueue,0.00,3,1,4,0,3,2,0,0,93,1
"org.apache.lucene.search.spans.SpanOrQuery$Spans",10,0.56,2.20,52,0.69,23802.95,11,1,12,27,3,118.16,3,75,0,1,118.16,0.00,0.00,0.50,4,10.00,5,2060.40,0,3,3,java.lang.Object,0.00,17,0,22,0,17,7,0,3,436,0
"org.apache.lucene.search.spans.SpanPayloadCheckQuery",6,0.60,2.33,48,0.62,23272.12,7,1,5,26,6,129.47,21,66,2,4,108.86,0.00,0.75,0.50,1,2.00,5,1872.60,1,3,4,org.apache.lucene.search.spans.SpanPositionCheckQuery,0.30,20,3,14,0,20,3,0,9,386,1
"org.apache.lucene.search.spans.SpanPositionCheckQuery",7,0.50,1.29,25,0.23,5940.36,8,1,8,11,10,130.32,28,33,5,3,130.08,2.00,0.29,0.57,0,3.00,3,690.49,1,4,5,org.apache.lucene.search.spans.SpanQuery,0.14,4,2,9,4,4,3,1,6,170,2
"org.apache.lucene.search.spans.SpanPositionCheckQuery$AcceptStatus",0,0.00,0.00,2,0.01,71.32,0,0,8,0,0,171.00,0,1,0,1,171.00,0.00,0.00,0.00,0,0.00,0,28.53,0,0,0,java.lang.Object,0.00,0,0,0,0,0,0,1,0,9,2
"org.apache.lucene.search.spans.SpanPositionCheckQuery$PositionCheckSpan",10,0.11,1.90,36,0.36,8562.27,11,1,8,19,2,129.96,3,55,0,2,129.96,0.00,0.50,0.90,1,0.00,7,1090.35,0,2,2,org.apache.lucene.search.spans.Spans,0.82,9,1,19,0,9,8,0,3,261,1
"org.apache.lucene.search.spans.SpanPositionRangeQuery",8,0.14,1.50,37,0.52,18364.10,10,2,2,19,8,171.98,12,58,4,4,121.98,0.33,0.60,0.62,1,0.00,3,1561.25,1,2,4,org.apache.lucene.search.spans.SpanPositionCheckQuery,0.28,11,3,12,1,11,6,0,4,350,1
"org.apache.lucene.search.spans.SpanQuery",3,0.00,1.00,5,0.05,543.20,3,0,5,4,66,203.22,4,8,62,2,153.22,14.00,0.06,0.00,0,3.00,1,144.38,0,3,5,org.apache.lucene.search.Query,0.00,1,1,3,14,1,0,0,3,42,2
"org.apache.lucene.search.spans.SpanScorer",8,0.24,2.00,56,0.60,17808.25,15,7,5,20,11,162.96,8,75,6,3,112.96,1.50,0.33,0.36,1,0.00,4,1800.36,0,1,5,org.apache.lucene.search.Scorer,0.83,12,2,16,3,12,7,0,5,382,1
"org.apache.lucene.search.spans.SpanTermQuery",8,0.14,2.25,39,0.55,21468.96,9,1,7,26,44,121.35,5,60,37,3,121.35,0.50,0.50,0.88,0,0.00,7,1661.13,3,4,7,org.apache.lucene.search.spans.SpanQuery,0.27,18,2,18,1,18,4,0,5,357,1
"org.apache.lucene.search.spans.SpanWeight",7,0.25,1.43,61,1.08,59763.77,15,8,7,39,14,156.27,10,83,5,2,106.27,2.00,0.25,0.34,2,0.00,4,3245.65,0,3,10,org.apache.lucene.search.Weight,0.57,32,1,10,2,32,4,0,8,576,1
"org.apache.lucene.search.spans.Spans",7,0.00,1.00,8,0.06,462.42,7,0,2,7,38,114.38,49,9,38,1,156.67,0.00,0.00,0.00,0,7.00,1,173.89,0,1,0,java.lang.Object,0.00,0,0,7,9,0,6,0,9,59,2
"org.apache.lucene.search.spans.TermSpans",11,0.16,1.64,58,0.58,16749.57,18,7,7,21,10,119.75,7,84,5,2,119.75,1.00,0.33,0.29,0,0.00,4,1754.64,0,3,5,org.apache.lucene.search.spans.Spans,0.78,10,1,18,1,10,8,0,4,387,1
"org.apache.lucene.search.spans.TermSpans$EmptyTermSpans",7,0.00,1.00,15,0.11,1376.55,7,0,7,7,2,141.71,0,30,0,3,141.71,0.00,0.67,0.00,0,7.00,1,330.43,0,1,2,org.apache.lucene.search.spans.TermSpans,0.84,0,2,7,0,0,6,0,0,95,3
"org.apache.lucene.search.spans.TestBasics",28,0.12,1.07,286,8.73,211197.08,31,3,28,76,30,153.15,28,431,0,2,103.15,0.00,0.50,0.21,1,28.00,2,26194.47,0,0,30,org.apache.lucene.util.LuceneTestCase,0.00,48,1,30,0,48,28,0,6,4034,1
"org.apache.lucene.search.spans.TestFieldMaskingSpanQuery",18,0.10,1.11,174,3.13,123976.92,21,3,14,55,18,105.16,2,249,0,2,105.16,0.00,0.50,0.24,3,18.00,2,9376.51,2,4,18,org.apache.lucene.util.LuceneTestCase,0.00,37,1,20,0,37,14,0,2,1817,1
"org.apache.lucene.search.spans.TestFieldMaskingSpanQuery$Term",1,0.00,1.00,3,0.05,640.22,1,0,14,4,4,131.10,0,6,0,1,131.10,0.00,0.00,0.00,0,1.00,1,144.78,0,1,4,java.lang.Object,0.00,3,0,1,0,3,0,0,0,37,0
"org.apache.lucene.search.spans.TestNearSpansOrdered",16,0.04,1.06,95,1.38,26096.61,22,6,18,51,19,119.62,13,126,0,2,119.62,0.00,0.50,0.21,2,0.00,2,4150.68,2,4,19,org.apache.lucene.util.LuceneTestCase,0.00,35,1,17,0,35,12,0,3,864,1
"org.apache.lucene.search.spans.TestPayloadSpans",14,0.03,2.79,308,5.44,239953.09,19,5,30,62,30,87.35,7,347,0,2,87.35,0.00,0.50,0.23,2,62.00,7,16307.19,1,1,30,org.apache.lucene.util.LuceneTestCase,0.00,48,1,39,0,48,13,0,7,2760,1
"org.apache.lucene.search.spans.TestPayloadSpans$PayloadAnalyzer",1,0.00,1.00,5,0.06,1184.00,1,0,30,3,3,120.72,0,8,0,2,120.72,0.00,0.50,0.00,0,1.00,1,169.24,0,1,3,org.apache.lucene.analysis.Analyzer,0.00,2,1,1,0,2,0,0,0,41,1
"org.apache.lucene.search.spans.TestPayloadSpans$PayloadFilter",2,1.25,2.50,31,0.37,9367.48,10,8,30,11,6,98.01,0,38,0,4,98.01,0.00,0.75,0.75,0,0.00,4,1114.29,0,0,6,org.apache.lucene.analysis.TokenFilter,0.29,9,3,5,0,9,2,0,0,222,1
"org.apache.lucene.search.spans.TestPayloadSpans$TestPayloadAnalyzer",1,0.00,1.00,5,0.06,1202.11,1,0,30,3,3,120.67,0,8,0,2,120.67,0.00,0.50,0.00,0,1.00,1,173.38,0,1,3,org.apache.lucene.analysis.Analyzer,0.00,2,1,1,0,2,0,0,0,42,2
"org.apache.lucene.search.spans.TestSpanExplanations",30,0.00,1.00,101,1.34,18616.10,30,0,1,31,3,131.21,8,132,1,3,131.21,0.50,0.50,0.00,0,30.00,1,4026.30,6,0,2,org.apache.lucene.search.TestExplanations,0.00,1,2,30,1,1,30,0,6,892,1
"org.apache.lucene.search.spans.TestSpanExplanationsOfNonMatches",1,0.00,1.00,3,0.04,549.65,1,0,2,2,3,83.52,8,7,0,4,131.62,0.00,0.75,0.00,0,0.00,1,119.24,0,0,3,org.apache.lucene.search.spans.TestSpanExplanations,0.00,1,3,1,0,1,1,0,2,30,1
"org.apache.lucene.search.spans.TestSpanFirstQuery",1,0.00,1.00,23,0.41,9480.81,1,0,13,23,16,109.50,3,25,0,2,88.89,0.00,0.50,0.00,0,1.00,1,1219.45,0,0,16,org.apache.lucene.util.LuceneTestCase,0.00,22,1,1,0,22,1,0,3,209,1
"org.apache.lucene.search.spans.TestSpanMultiTermQueryWrapper",5,0.33,1.00,40,0.53,10899.91,8,3,10,24,13,161.02,7,48,0,2,111.02,0.00,0.50,0.60,0,0.00,1,1593.59,2,0,13,org.apache.lucene.util.LuceneTestCase,0.00,19,1,5,0,19,5,0,5,323,1
"org.apache.lucene.search.spans.TestSpans",40,0.13,1.10,269,3.94,230226.64,45,5,23,93,24,112.34,16,363,0,2,112.34,0.00,0.50,0.08,10,252.00,3,11819.26,2,5,24,org.apache.lucene.util.LuceneTestCase,0.00,53,1,44,0,53,35,0,16,2316,1
"org.apache.lucene.search.spans.TestSpans$DefaultSimilarity",1,0.00,1.00,3,0.02,175.12,1,0,23,1,0,135.54,0,5,0,1,135.54,0.00,0.00,0.00,0,1.00,1,54.60,0,0,0,java.lang.Object,0.00,0,0,1,0,0,1,0,0,17,0
"org.apache.lucene.search.spans.TestSpansAdvanced",6,0.20,1.33,57,0.93,33573.20,11,5,12,32,16,57.72,50,76,1,2,105.83,1.00,0.33,0.37,3,10.00,3,2778.88,2,0,15,org.apache.lucene.util.LuceneTestCase,0.00,26,1,8,1,26,6,0,15,523,1
"org.apache.lucene.search.spans.TestSpansAdvanced2",6,0.10,1.00,37,0.56,10953.97,8,2,9,22,11,98.42,32,54,0,3,116.29,0.00,0.67,0.58,0,0.00,1,1666.31,5,0,11,org.apache.lucene.search.spans.TestSpansAdvanced,0.75,16,2,6,0,16,6,0,10,335,1
"org.apache.solr.update.AddUpdateCommand",7,0.19,2.71,48,0.53,12964.69,13,6,8,23,29,166.01,10,67,20,2,116.01,0.00,0.50,0.33,0,0.00,6,1580.12,0,5,9,org.apache.solr.update.UpdateCommand,0.22,16,1,19,0,16,2,0,8,342,1
"org.apache.solr.update.AutoCommitTest",5,0.00,1.40,85,1.34,60605.72,5,0,14,27,12,74.99,26,94,0,3,92.87,0.00,0.67,0.00,1,7.00,2,4017.35,4,3,12,org.apache.solr.util.AbstractSolrTestCase,0.17,22,2,7,0,22,2,0,21,662,1
"org.apache.solr.update.AutoCommitTest$SolrQueryRequestBase",0,0.00,0.00,1,0.01,23.26,0,0,14,0,0,171.00,0,0,0,1,171.00,0.00,0.00,0.00,0,0.00,0,15.51,0,0,0,java.lang.Object,0.00,0,0,0,0,0,0,0,0,6,0
"org.apache.solr.update.AutoCommitTest$SolrQueryRequestBase_0",0,0.00,0.00,1,0.01,23.26,0,0,14,0,0,171.00,0,0,0,1,171.00,0.00,0.00,0.00,0,0.00,0,15.51,0,0,0,java.lang.Object,0.00,0,0,0,0,0,0,0,0,6,0
"org.apache.solr.update.CommitListener",6,0.00,1.67,27,0.22,5071.27,9,3,14,10,12,125.38,4,33,1,1,125.38,0.00,0.00,0.33,0,0.00,5,671.23,0,0,11,java.lang.Object,0.00,4,0,10,0,4,6,1,4,154,0
"org.apache.solr.update.CommitUpdateCommand",2,0.40,1.00,11,0.11,1311.86,7,5,1,2,19,122.98,8,19,17,2,122.74,0.00,0.50,0.40,0,2.00,1,341.32,0,1,2,org.apache.solr.update.UpdateCommand,0.50,0,1,2,0,0,1,0,2,83,1
"org.apache.solr.update.DeleteUpdateCommand",2,0.00,1.50,10,0.12,3397.81,4,2,1,6,15,159.28,5,15,13,2,119.40,0.00,0.50,0.50,0,2.00,2,360.65,0,1,2,org.apache.solr.update.UpdateCommand,0.50,4,1,3,0,4,1,0,3,85,1
"org.apache.solr.update.DirectUpdateHandler2",22,0.13,2.36,239,2.89,122061.46,40,18,32,67,38,143.90,55,325,14,2,104.02,4.00,0.17,0.18,4,18.00,11,8657.45,2,9,25,org.apache.solr.update.UpdateHandler,0.21,45,1,52,4,45,13,0,43,1590,1
"org.apache.solr.update.DirectUpdateHandler2$CommitTracker",9,0.25,2.56,66,0.74,20459.47,17,8,32,24,4,152.71,20,98,0,1,112.83,0.00,0.00,0.35,1,0.00,5,2230.06,0,1,4,java.lang.Object,0.00,15,0,23,0,15,8,1,19,458,0
"org.apache.solr.update.DirectUpdateHandlerOptimizeTest",4,0.00,1.50,40,0.53,24598.19,4,0,7,19,8,124.38,14,47,0,3,103.77,0.00,0.67,0.00,1,6.00,3,1582.15,0,2,8,org.apache.solr.util.AbstractSolrTestCase,0.18,15,2,6,0,15,2,0,11,284,1
"org.apache.solr.update.DirectUpdateHandlerOptimizeTest$FileFilter",1,0.00,1.00,3,0.02,227.68,1,0,7,3,0,134.64,0,4,0,1,134.64,0.00,0.00,0.00,0,1.00,1,70.91,0,0,0,java.lang.Object,0.00,2,0,1,0,2,1,0,0,21,0
"org.apache.solr.update.DirectUpdateHandlerTest",7,0.00,1.00,121,1.86,72207.59,7,0,12,32,11,93.73,32,158,0,3,93.50,0.00,0.67,0.00,0,13.00,1,5581.77,13,0,11,org.apache.solr.SolrTestCaseJ4,0.05,25,2,7,0,25,7,0,29,957,1
"org.apache.solr.update.DocumentBuilder",12,0.09,4.83,160,2.53,204238.76,15,3,12,56,16,53.48,89,214,4,1,95.77,0.00,0.00,0.25,2,36.00,21,7581.00,0,3,12,java.lang.Object,0.00,44,0,58,0,44,9,0,38,1290,1
"org.apache.solr.update.DocumentBuilderTest",4,0.00,1.25,25,0.36,7168.38,4,0,8,17,7,156.19,8,39,0,3,116.30,0.00,0.67,0.00,0,0.00,2,1079.29,1,0,7,org.apache.solr.SolrTestCaseJ4,0.00,13,2,5,0,13,4,0,5,219,1
"org.apache.solr.update.MergeIndexesCommand",3,1.00,1.67,18,0.18,7707.67,4,1,2,7,11,154.89,6,22,8,2,115.00,0.00,0.50,0.33,0,4.00,3,536.24,0,1,3,org.apache.solr.update.UpdateCommand,0.40,4,1,5,0,4,2,0,1,119,1
"org.apache.solr.update.RollbackUpdateCommand",1,0.00,1.00,3,0.02,114.71,1,0,1,1,17,137.22,4,5,15,2,136.98,0.00,0.50,0.00,0,1.00,1,50.38,0,0,2,org.apache.solr.update.UpdateCommand,0.00,0,1,1,0,0,1,0,1,17,1
"org.apache.solr.update.SolrIndexConfig",6,0.37,4.17,102,1.73,81096.84,24,18,11,39,15,132.13,12,125,4,1,92.24,0.00,0.00,0.36,2,0.00,7,5194.31,0,4,12,java.lang.Object,0.00,33,0,25,0,33,2,0,10,907,1
"org.apache.solr.update.SolrIndexWriter",5,0.31,3.40,54,0.80,33078.74,9,4,15,29,15,55.22,40,81,4,2,103.33,0.00,0.50,0.50,2,0.00,8,2413.72,4,1,11,org.apache.lucene.index.IndexWriter,0.03,24,1,17,0,24,4,0,6,445,1
"org.apache.solr.update.SolrIndexWriter$TimeLoggingPrintStream",2,1.00,1.00,8,0.08,1001.57,3,1,15,6,0,177.28,3,13,0,2,127.28,0.00,0.50,0.50,0,2.00,1,238.64,1,0,0,java.io.PrintStream,0.00,4,1,2,0,4,2,0,3,60,0
"org.apache.solr.update.TestIndexingPerformance",3,1.00,2.67,45,0.84,50106.91,4,1,11,27,10,51.36,22,53,0,3,93.65,0.00,0.67,0.33,0,4.00,6,2532.85,0,2,10,org.apache.solr.util.AbstractSolrTestCase,0.18,24,2,8,0,24,1,0,4,392,1
"org.apache.solr.update.UpdateCommand",2,0.50,1.00,8,0.05,697.43,4,2,1,2,6,168.41,4,12,5,1,128.52,0.00,0.00,0.25,0,2.00,1,163.59,0,1,1,java.lang.Object,0.00,0,0,2,5,0,1,0,1,47,1
"org.apache.solr.update.UpdateHandler",17,0.01,1.71,65,0.93,29849.30,25,8,18,40,25,177.53,26,82,5,1,127.53,0.00,0.00,0.13,1,97.00,4,2791.29,0,4,21,java.lang.Object,0.00,23,0,29,5,23,13,1,8,594,2
"org.apache.solr.update.UpdateHandler$DeleteHitCollector",5,0.08,1.20,16,0.17,3071.13,8,3,18,8,3,131.20,2,28,0,2,131.20,0.00,0.50,0.27,0,7.00,2,509.81,0,0,3,org.apache.lucene.index.Collector,0.00,3,1,6,0,3,5,0,2,123,1
"org.apache.lucene.index.codecs.intblock.FixedIntBlockIndexInput",5,0.12,1.00,18,0.20,4791.80,7,2,5,10,5,179.72,9,26,1,2,129.72,0.00,0.50,0.40,1,6.00,1,608.45,0,1,4,org.apache.lucene.index.codecs.sep.IntIndexInput,0.75,5,1,5,0,5,4,0,2,147,2
"org.apache.lucene.index.codecs.intblock.FixedIntBlockIndexInput$BlockReader",1,0.00,1.00,2,0.01,51.30,1,0,5,1,0,146.30,0,3,0,1,146.30,0.00,0.00,0.00,0,1.00,1,27.65,0,0,0,,0.00,0,0,1,0,0,1,0,0,11,1
"org.apache.lucene.index.codecs.intblock.FixedIntBlockIndexInput$Index",6,0.60,1.67,40,0.42,14500.03,8,2,5,12,1,115.21,4,57,0,2,115.21,0.00,0.50,1.00,0,0.00,3,1252.85,0,2,1,IntIndexInput.Index,0.00,6,1,10,0,6,4,0,4,277,1
"org.apache.lucene.index.codecs.intblock.FixedIntBlockIndexInput$Reader",5,0.45,2.00,50,0.47,14349.56,15,10,5,9,2,106.31,1,64,0,2,106.31,0.00,0.50,0.46,1,0.00,3,1416.44,0,1,2,IntIndexInput.Reader,0.00,4,1,10,0,4,4,0,1,299,2
"org.apache.lucene.index.codecs.intblock.FixedIntBlockIndexOutput",5,0.12,1.40,24,0.22,4682.10,9,4,3,8,4,164.95,10,35,2,2,125.06,0.00,0.50,0.35,1,6.00,2,648.16,0,1,2,org.apache.lucene.index.codecs.sep.IntIndexOutput,0.67,3,1,7,0,3,4,0,3,155,2
"org.apache.lucene.index.codecs.intblock.FixedIntBlockIndexOutput$Index",5,0.69,1.80,40,0.40,16417.04,9,4,3,9,3,109.49,4,54,0,2,109.49,0.00,0.50,0.80,0,0.00,3,1197.30,0,1,3,IntIndexOutput.Index,0.00,4,1,9,0,4,4,0,4,264,1
"org.apache.lucene.index.codecs.intblock.TestIntBlockCodec",2,0.00,2.00,29,0.30,7876.47,2,0,4,14,5,149.78,2,28,0,2,99.78,0.00,0.50,0.00,0,2.00,3,913.91,0,0,5,org.apache.lucene.util.LuceneTestCase,0.00,12,1,4,0,12,2,0,2,181,1
"org.apache.lucene.index.codecs.intblock.VariableIntBlockIndexInput",5,0.12,1.00,18,0.20,4791.80,7,2,5,10,5,169.61,10,26,1,2,129.72,0.00,0.50,0.40,1,6.00,1,608.45,0,3,4,org.apache.lucene.index.codecs.sep.IntIndexInput,0.75,5,1,5,0,5,2,0,3,147,2
"org.apache.lucene.index.codecs.intblock.VariableIntBlockIndexInput$BlockReader",2,0.00,1.00,3,0.02,108.36,2,0,5,2,0,157.35,0,4,0,1,157.35,0.00,0.00,0.00,0,2.00,1,56.18,0,0,0,,0.00,0,0,2,0,0,2,0,0,20,1
"org.apache.lucene.index.codecs.intblock.VariableIntBlockIndexInput$Index",6,0.60,1.67,38,0.42,14176.34,8,2,5,12,1,165.29,7,55,0,2,115.29,0.00,0.50,1.00,0,0.00,3,1274.81,0,2,1,IntIndexInput.Index,0.00,6,1,10,0,6,4,0,7,283,1
"org.apache.lucene.index.codecs.intblock.VariableIntBlockIndexInput$Reader",5,0.48,2.20,55,0.55,18865.41,15,10,5,10,2,153.81,9,70,0,2,103.81,0.00,0.50,0.48,1,0.00,4,1650.46,0,1,2,IntIndexInput.Reader,0.00,5,1,11,0,5,4,0,9,341,2
"org.apache.lucene.index.codecs.intblock.VariableIntBlockIndexOutput",5,0.08,1.40,24,0.26,7772.49,8,3,3,9,4,143.95,16,35,2,2,123.33,0.00,0.50,0.27,0,10.00,2,770.24,0,0,2,org.apache.lucene.index.codecs.sep.IntIndexOutput,0.67,4,1,7,0,4,5,0,5,174,2
"org.apache.lucene.index.codecs.intblock.VariableIntBlockIndexOutput$Index",4,0.83,2.00,40,0.40,17764.41,8,4,3,8,3,154.82,4,52,0,2,104.82,0.00,0.50,0.88,0,0.00,3,1195.07,0,0,3,IntIndexOutput.Index,0.00,4,1,8,0,4,4,0,4,259,1
"org.apache.lucene.analysis.ar.ArabicAnalyzer",5,0.50,2.00,21,0.31,8237.69,7,2,13,17,13,93.67,67,32,1,4,123.05,0.00,0.75,0.10,0,8.00,3,919.35,0,2,12,org.apache.lucene.analysis.util.StopwordAnalyzerBase,0.00,12,3,10,0,12,3,0,10,199,2
"org.apache.lucene.analysis.ar.ArabicAnalyzer$DefaultSetHolder",0,0.00,0.00,6,0.05,853.95,1,1,13,0,1,171.00,2,10,0,1,171.00,0.00,0.00,0.00,0,0.00,0,164.39,0,0,1,java.lang.Object,0.00,0,0,0,0,0,0,0,2,40,2
"org.apache.lucene.analysis.ar.ArabicNormalizationFilter",2,0.00,1.50,11,0.12,2323.29,4,2,4,8,8,160.58,4,16,4,4,120.70,0.00,0.75,0.50,0,2.00,2,359.90,0,0,4,org.apache.lucene.analysis.TokenFilter,0.29,6,3,3,0,6,2,0,1,84,2
"org.apache.lucene.analysis.ar.ArabicNormalizer",1,0.00,7.00,35,0.49,12385.63,18,17,1,1,2,124.67,22,51,2,1,80.72,0.00,0.00,1.00,0,0.00,7,1463.95,0,0,0,java.lang.Object,0.00,0,0,7,0,0,1,0,2,272,1
"org.apache.lucene.analysis.ar.ArabicStemFilter",2,0.33,2.00,14,0.16,3794.18,5,3,6,9,9,113.74,8,20,3,4,113.50,0.00,0.75,0.50,0,2.00,3,481.98,0,0,6,org.apache.lucene.analysis.TokenFilter,0.29,7,3,4,0,7,2,0,1,107,2
"org.apache.lucene.analysis.ar.ArabicStemmer",5,0.06,3.20,38,0.91,50299.27,18,13,1,6,2,57.69,48,73,2,1,107.69,0.00,0.00,0.03,2,11.00,5,2715.07,0,0,0,java.lang.Object,0.00,1,0,16,0,1,5,0,9,546,1
"org.apache.lucene.analysis.ar.Deprecated",2,0.00,1.00,9,0.12,1974.39,2,0,4,4,2,164.85,4,15,0,3,124.96,0.00,0.67,0.00,0,2.00,1,352.70,1,0,2,org.apache.lucene.analysis.BaseTokenStreamTestCase,0.00,2,2,2,0,2,2,0,1,81,1
"org.apache.lucene.analysis.ar.TestArabicAnalyzer",6,0.00,1.00,35,0.54,17250.03,6,0,6,10,3,117.93,25,44,0,3,117.69,0.00,0.67,0.00,0,6.00,1,1610.09,2,0,3,org.apache.lucene.analysis.BaseTokenStreamTestCase,0.00,4,2,6,0,4,6,0,13,342,1
"org.apache.lucene.analysis.ar.TestArabicNormalizationFilter",15,0.00,1.00,33,0.26,2845.48,15,0,3,18,2,141.83,3,49,0,3,141.83,0.00,0.67,0.00,1,15.00,1,783.99,1,0,2,org.apache.lucene.analysis.BaseTokenStreamTestCase,0.00,3,2,15,0,3,15,0,1,216,1
"org.apache.lucene.analysis.ar.TestArabicStemFilter",23,0.00,1.00,53,0.45,5467.49,23,0,5,29,4,141.06,4,77,0,3,141.06,0.00,0.67,0.00,1,23.00,1,1337.56,1,0,4,org.apache.lucene.analysis.BaseTokenStreamTestCase,0.00,6,2,23,0,6,23,0,1,356,1
"org.apache.lucene.queryParser.analyzing.ASCIIAnalyzer",2,0.00,1.00,6,0.07,1197.12,2,0,9,4,8,131.33,0,10,1,2,131.33,0.00,0.50,0.00,0,2.00,1,205.77,0,1,7,org.apache.lucene.analysis.Analyzer,0.00,2,1,2,0,2,1,0,0,52,1
"org.apache.lucene.queryParser.analyzing.AnalyzingQueryParser",5,0.00,8.60,119,1.94,188475.19,5,0,10,27,8,117.06,102,176,1,3,83.67,0.00,0.67,0.00,0,5.00,18,5830.27,5,4,7,org.apache.lucene.queryParser.QueryParser,0.00,22,2,43,0,22,1,0,25,969,1
"org.apache.lucene.queryParser.analyzing.TestAnalyzingQueryParser",6,0.33,1.67,49,0.64,14427.04,15,9,9,12,9,110.57,3,60,0,2,110.57,0.00,0.50,0.39,0,0.00,2,1912.79,1,1,9,org.apache.lucene.util.LuceneTestCase,0.00,6,1,10,0,6,5,0,1,391,1
"org.apache.lucene.queryParser.analyzing.TestFoldingFilter",2,1.00,4.50,22,0.21,8755.91,3,1,9,4,7,103.13,0,30,1,4,103.13,0.00,0.75,0.50,0,2.00,8,626.75,0,0,6,org.apache.lucene.analysis.TokenFilter,0.29,2,3,9,0,2,2,0,0,126,1
"org.apache.lucene.analysis.synonym.SynonymFilter",7,0.00,5.00,107,1.65,189180.52,11,4,12,38,12,43.75,60,134,3,4,91.86,0.00,0.75,0.25,3,16.00,18,4961.57,0,1,9,org.apache.lucene.analysis.TokenFilter,0.42,31,3,35,0,31,6,0,37,851,2
"org.apache.lucene.analysis.synonym.SynonymMap",8,0.14,4.25,84,1.38,150849.18,13,5,4,36,9,139.58,23,97,6,1,99.70,0.00,0.00,0.32,0,0.00,15,4127.04,0,3,3,java.lang.Object,0.00,28,0,34,0,28,5,0,10,761,1
"org.apache.lucene.analysis.synonym.TestSynonymFilter",13,0.00,1.38,203,3.54,188091.46,13,0,12,27,7,134.18,34,257,0,3,94.29,0.00,0.67,0.00,2,13.00,6,10610.84,1,2,7,org.apache.lucene.analysis.BaseTokenStreamTestCase,0.00,14,2,18,0,14,11,0,23,1951,1
"org.apache.lucene.analysis.synonym.TestSynonymFilter$Deprecated",3,0.31,1.33,25,0.36,9551.86,11,8,12,19,8,109.66,0,33,0,3,109.66,0.00,0.67,0.33,0,4.00,2,1079.23,0,0,8,org.apache.lucene.analysis.TokenStream,0.27,16,2,4,0,16,3,0,0,215,2
"org.apache.lucene.analysis.cn.smart.AnalyzerProfile",2,1.00,4.50,34,0.43,25273.13,3,1,4,16,2,60.23,12,47,2,1,92.46,0.00,0.00,0.50,1,2.00,7,1286.81,0,1,0,java.lang.Object,0.00,14,0,9,0,14,1,0,4,244,1
"org.apache.lucene.analysis.cn.smart.CharType",0,0.00,0.00,9,0.12,1715.65,8,8,0,0,2,171.00,28,10,2,1,171.00,0.00,0.00,0.00,0,0.00,0,352.93,0,0,0,java.lang.Object,0.00,0,0,0,0,0,0,0,9,76,1
"org.apache.lucene.analysis.cn.smart.SentenceTokenizer",7,0.10,1.86,58,0.67,35139.83,14,7,7,19,7,147.91,14,77,2,4,108.03,0.00,0.75,0.22,1,10.00,7,2011.42,2,0,5,org.apache.lucene.analysis.Tokenizer,0.50,12,3,13,0,12,7,0,6,397,2
"org.apache.lucene.analysis.cn.smart.SmartChineseAnalyzer",6,0.05,1.83,38,0.47,14713.13,10,4,15,14,11,65.14,55,51,2,2,115.14,0.00,0.50,0.21,0,6.00,3,1406.75,2,3,9,org.apache.lucene.analysis.Analyzer,0.00,8,1,11,0,8,3,0,10,298,2
"org.apache.lucene.analysis.cn.smart.SmartChineseAnalyzer$DefaultSetHolder",1,1.00,1.00,12,0.13,2734.04,2,1,15,6,2,124.30,3,20,0,1,103.68,0.00,0.00,0.00,0,0.00,1,383.33,0,1,2,java.lang.Object,0.00,5,0,1,0,5,0,0,3,85,2
"org.apache.lucene.analysis.cn.smart.SmartChineseAnalyzer$SavedStreams",0,0.00,0.00,3,0.02,155.67,2,2,15,0,2,171.00,0,5,0,1,171.00,0.00,0.00,0.00,0,0.00,0,51.89,0,0,2,java.lang.Object,0.00,0,0,0,0,0,0,0,0,15,3
"org.apache.lucene.analysis.cn.smart.TestSmartChineseAnalyzer",14,0.00,1.07,64,1.10,21073.08,14,0,3,16,4,144.12,47,91,0,3,123.50,0.00,0.67,0.00,0,14.00,2,3295.60,2,0,4,org.apache.lucene.analysis.BaseTokenStreamTestCase,0.00,2,2,15,0,2,14,0,18,671,1
"org.apache.lucene.analysis.cn.smart.Utility",3,7.00,9.00,48,0.97,77424.94,10,7,1,5,5,108.97,54,90,4,1,90.84,0.00,0.00,0.00,0,3.00,10,2895.23,0,0,2,java.lang.Object,0.00,2,0,27,0,2,3,0,21,551,1
"org.apache.lucene.analysis.cn.smart.WordSegmenter",2,0.00,3.00,20,0.28,9533.58,4,2,5,11,5,60.35,23,31,1,1,104.48,0.00,0.00,0.50,0,2.00,3,850.28,0,2,4,java.lang.Object,0.00,9,0,6,0,9,0,0,5,176,0
"org.apache.lucene.analysis.cn.smart.WordTokenFilter",3,0.33,2.00,27,0.35,9801.40,9,6,9,15,9,75.35,18,36,2,4,107.57,0.00,0.75,0.39,0,1.00,4,1060.03,1,0,7,org.apache.lucene.analysis.TokenFilter,0.53,12,3,6,0,12,3,0,8,212,2
"org.apache.lucene.analysis.cn.smart.WordType",0,0.00,0.00,9,0.12,1715.65,8,8,0,0,4,171.00,28,10,4,1,171.00,0.00,0.00,0.00,0,0.00,0,352.93,0,0,0,java.lang.Object,0.00,0,0,0,0,0,0,0,9,76,1
"org.apache.solr.handler.AnalysisRequestHandlerBase",7,1.00,3.29,117,1.96,126793.05,8,1,26,73,29,49.99,55,137,2,2,92.28,2.00,0.25,0.00,1,7.00,6,5878.00,0,6,27,org.apache.solr.handler.RequestHandlerBase,0.00,66,1,23,2,66,1,0,13,1008,2
"org.apache.solr.handler.AnalysisRequestHandlerBase$AnalysisContext",7,0.12,1.00,22,0.18,2730.00,11,4,26,7,3,114.93,35,30,0,1,132.80,0.00,0.00,0.14,0,32.00,1,554.56,0,4,3,java.lang.Object,0.00,0,0,7,0,0,3,0,3,143,2
"org.apache.solr.handler.AnalysisRequestHandlerBase$AttributeReflector",1,0.00,7.00,12,0.20,9069.90,1,0,26,9,5,139.02,2,18,0,1,99.13,0.00,0.00,0.00,0,1.00,7,610.32,0,0,5,java.lang.Object,0.00,8,0,7,0,8,1,0,2,115,0
"org.apache.solr.handler.AnalysisRequestHandlerBase$HashMap<String,String>",0,0.00,0.00,4,0.07,1334.17,0,0,26,1,2,171.00,0,4,0,1,171.00,0.00,0.00,0.00,0,0.00,0,197.65,0,0,2,java.lang.Object,0.00,1,0,0,0,1,0,0,0,45,0
"org.apache.solr.handler.AnalysisRequestHandlerBase$ListBasedTokenStream",3,0.25,2.00,18,0.21,5575.07,5,2,26,8,3,155.96,6,26,0,3,116.07,0.00,0.67,0.67,0,0.00,4,616.09,1,0,3,org.apache.lucene.analysis.TokenStream,0.55,5,2,6,0,5,3,0,2,136,3
"org.apache.solr.handler.AnalysisRequestHandlerBase$SorterTemplate",4,0.67,1.00,13,0.14,3296.48,5,1,26,5,0,130.24,0,21,0,1,130.24,0.00,0.00,0.50,0,4.00,1,411.01,0,0,0,java.lang.Object,0.00,1,0,4,0,1,4,0,0,105,0
"org.apache.solr.handler.AnalysisRequestHandlerTestBase",1,0.00,4.00,14,0.25,6729.50,1,0,2,12,4,55.49,7,19,2,3,97.78,1.00,0.40,0.00,0,1.00,4,748.32,0,0,2,org.apache.solr.SolrTestCaseJ4,0.00,11,2,4,2,11,1,0,2,149,2
"org.apache.solr.handler.AnalysisRequestHandlerTestBase$TokenInfo",9,0.02,1.00,34,0.22,3850.01,17,8,2,9,0,132.48,0,52,0,1,132.48,0.00,0.00,0.11,0,65.00,1,660.71,0,4,0,java.lang.Object,0.00,0,0,9,0,0,5,0,0,176,1
"org.apache.solr.handler.BinaryUpdateRequestHandler",8,0.00,1.50,32,0.35,8732.32,8,0,16,19,14,174.52,8,51,0,3,124.52,0.00,0.67,0.00,1,8.00,3,1062.76,0,6,14,org.apache.solr.handler.ContentStreamHandlerBase,0.55,11,2,12,0,11,2,0,1,237,1
"org.apache.solr.handler.BinaryUpdateRequestHandler$ContentStreamLoader",1,0.00,2.00,8,0.08,2240.96,1,0,16,4,3,110.77,0,13,0,1,110.77,0.00,0.00,0.00,0,1.00,2,250.90,0,0,3,java.lang.Object,0.00,3,0,2,0,3,1,0,0,54,0
"org.apache.solr.handler.BinaryUpdateRequestHandler$JavaBinUpdateRequestCodec.StreamingDocumentHandler",1,0.00,3.00,10,0.12,3110.81,2,1,16,5,4,105.94,0,14,0,1,105.94,0.00,0.00,1.00,0,0.00,3,359.36,0,0,4,java.lang.Object,0.00,4,0,3,0,4,1,0,0,75,0
"org.apache.solr.handler.BufferingRequestProcessor",6,0.10,1.00,16,0.21,3651.40,10,4,15,8,10,137.85,1,30,1,2,137.85,0.00,0.50,0.17,0,22.00,1,615.32,0,0,9,org.apache.solr.update.processor.UpdateRequestProcessor,0.15,2,1,6,0,2,6,0,1,154,0
"org.apache.solr.handler.CSVLoader",7,0.22,7.00,170,3.00,198042.51,31,24,17,48,14,66.14,41,194,2,2,84.01,1.00,0.33,0.23,3,5.00,16,9007.13,0,0,12,org.apache.solr.handler.ContentStreamLoader,0.00,41,1,49,1,41,7,0,31,1474,1
"org.apache.solr.handler.CSVLoader$FieldAdder",1,0.00,2.00,4,0.05,722.56,1,0,17,3,1,125.87,0,7,0,1,125.87,0.00,0.00,0.00,0,0.00,2,161.62,0,0,1,java.lang.Object,0.00,2,0,2,0,2,1,0,0,39,1
"org.apache.solr.handler.CSVLoader$FieldAdderEmpty",1,0.00,1.00,3,0.05,552.70,1,0,17,2,1,131.61,0,6,0,2,131.61,0.00,0.50,0.00,0,0.00,1,145.01,0,0,1,CSVLoader.FieldAdder,0.00,1,1,1,0,1,1,0,0,36,1
"org.apache.solr.handler.CSVLoader$FieldMapperSingle",2,0.33,1.50,11,0.12,1987.08,5,3,17,4,1,121.23,0,15,0,2,121.23,0.00,0.50,0.50,0,2.00,2,367.65,0,0,1,CSVLoader.FieldAdder,0.00,2,1,3,0,2,2,0,0,92,1
"org.apache.solr.handler.CSVLoader$FieldSplitter",2,0.00,2.50,17,0.20,7720.41,4,2,17,7,2,108.86,0,22,0,2,108.86,0.00,0.50,0.50,0,2.00,4,614.38,0,0,2,CSVLoader.FieldAdder,0.00,5,1,5,0,5,2,0,0,129,1
"org.apache.solr.handler.CSVLoader$FieldTrimmer",2,1.00,1.00,6,0.07,878.59,3,1,17,4,1,132.39,0,8,0,2,132.39,0.00,0.50,0.50,0,2.00,1,208.90,0,0,1,CSVLoader.FieldAdder,0.00,2,1,2,0,2,2,0,0,56,1
"org.apache.solr.handler.CSVLoader$SingleThreadedCSVLoader",2,0.00,1.00,7,0.07,1085.70,2,0,17,3,4,131.67,0,11,0,3,131.67,0.00,0.67,0.00,0,2.00,1,205.77,1,0,4,org.apache.solr.handler.CSVLoader,0.00,1,2,2,0,1,2,0,0,52,0
"org.apache.solr.handler.CSVRequestHandler",5,0.00,1.00,11,0.08,936.37,5,0,17,6,12,141.88,4,22,0,3,141.88,0.00,0.67,0.00,0,5.00,1,235.91,0,5,12,org.apache.solr.handler.ContentStreamHandlerBase,0.63,1,2,5,0,1,0,0,2,69,1
"org.apache.solr.handler.ContentStreamHandlerBase",2,0.00,2.50,19,0.32,18809.84,2,0,8,13,16,124.52,6,27,5,2,103.90,5.00,0.14,0.00,1,2.00,4,954.34,0,1,11,org.apache.solr.handler.RequestHandlerBase,0.00,11,1,5,5,11,1,0,3,169,2
"org.apache.solr.handler.ContentStreamLoader",3,1.00,1.00,7,0.05,477.24,4,1,3,3,13,163.05,11,10,10,1,142.43,0.00,0.00,0.33,0,4.00,1,153.97,0,1,3,java.lang.Object,0.00,0,0,3,5,0,2,0,2,45,2
"org.apache.solr.handler.DocumentAnalysisRequestHandler",10,0.15,4.20,127,2.02,119480.59,13,3,26,70,18,48.31,93,181,1,3,98.31,0.00,0.67,0.20,4,30.00,13,6062.43,1,9,17,org.apache.solr.handler.AnalysisRequestHandlerBase,0.41,60,2,42,0,60,1,0,19,1035,1
"org.apache.solr.handler.DocumentAnalysisRequestHandlerTest",6,0.20,1.00,156,3.72,334142.60,7,1,18,47,11,38.56,42,192,0,4,80.85,0.00,0.75,0.83,0,0.00,1,11170.48,3,0,11,org.apache.solr.handler.AnalysisRequestHandlerTestBase,0.07,41,3,6,0,41,6,0,14,1700,1
"org.apache.solr.handler.DocumentAnalysisRequestHandlerTest$ByteStream",3,1.00,1.00,12,0.11,1537.60,4,1,18,6,1,127.20,0,18,0,2,127.20,0.00,0.50,0.33,0,5.00,1,323.72,0,2,1,org.apache.solr.common.util.ContentStreamBase,0.15,3,1,3,0,3,1,0,0,81,1
"org.apache.solr.handler.DocumentAnalysisRequestHandlerTest$SolrQueryRequestBase",1,0.00,1.00,3,0.03,424.29,1,0,18,2,0,132.51,0,5,0,1,132.51,0.00,0.00,0.00,0,1.00,1,99.00,0,1,0,java.lang.Object,0.00,1,0,1,0,1,0,0,0,27,0
"org.apache.solr.handler.DocumentAnalysisRequestHandlerTest$SolrQueryRequestBase_0",1,0.00,1.00,3,0.03,424.29,1,0,18,2,0,132.51,0,5,0,1,132.51,0.00,0.00,0.00,0,1.00,1,99.00,0,1,0,java.lang.Object,0.00,1,0,1,0,1,0,0,0,27,0
"org.apache.solr.handler.DocumentAnalysisRequestHandlerTest$SolrQueryRequestBase_1",1,0.00,1.00,3,0.03,424.29,1,0,18,2,0,132.51,0,5,0,1,132.51,0.00,0.00,0.00,0,1.00,1,99.00,0,1,0,java.lang.Object,0.00,1,0,1,0,1,0,0,0,27,0
"org.apache.solr.handler.DumpRequestHandler",5,0.00,1.40,27,0.38,16918.08,5,0,9,21,6,117.06,4,43,0,2,117.06,0.00,0.50,0.00,0,5.00,3,1147.43,0,4,6,org.apache.solr.handler.RequestHandlerBase,0.47,16,1,7,0,16,1,0,4,219,1
"org.apache.solr.handler.ExtractingRequestHandlerTest",11,0.00,1.18,123,2.33,78438.35,11,0,16,25,10,122.39,37,270,0,3,101.77,0.00,0.67,0.00,1,0.00,2,6997.05,10,1,10,org.apache.solr.SolrTestCaseJ4,0.05,14,2,13,0,14,10,0,34,1218,1
"org.apache.solr.handler.FieldAnalysisRequestHandler",8,0.00,2.62,70,1.10,58386.58,8,0,15,41,13,62.54,88,98,1,3,106.67,0.00,0.67,0.00,2,14.00,7,3290.77,1,8,12,org.apache.solr.handler.AnalysisRequestHandlerBase,0.44,33,2,21,0,33,0,0,8,609,1
"org.apache.solr.handler.FieldAnalysisRequestHandlerTest",5,0.25,1.00,238,6.50,1318934.22,6,1,13,42,11,86.55,16,250,0,4,65.94,0.00,0.75,0.80,0,0.00,1,19513.85,3,0,11,org.apache.solr.handler.AnalysisRequestHandlerTestBase,0.07,37,3,5,0,37,5,0,6,2836,1
"org.apache.solr.handler.JsonLoader",10,0.44,7.00,198,3.40,219984.99,12,2,18,64,14,138.66,12,326,2,2,88.66,0.00,0.50,0.10,7,26.00,23,10201.14,0,4,12,org.apache.solr.handler.ContentStreamLoader,0.00,54,1,70,0,54,6,0,10,1717,0
"org.apache.solr.handler.JsonLoaderTest",2,1.00,1.00,40,0.78,22005.31,3,1,15,24,11,130.53,4,80,0,3,90.64,0.00,0.67,0.50,0,2.00,1,2329.11,1,0,11,org.apache.solr.SolrTestCaseJ4,0.00,22,2,2,0,22,2,0,4,400,1
"org.apache.solr.handler.JsonUpdateRequestHandler",6,1.00,1.00,14,0.12,1524.13,7,1,5,8,8,140.83,4,27,2,3,140.83,0.00,0.67,0.00,0,6.00,1,351.99,1,5,6,org.apache.solr.handler.ContentStreamHandlerBase,0.60,2,2,6,0,2,1,0,2,98,1
"org.apache.solr.handler.MoreLikeThisHandler",2,1.00,17.50,115,2.42,290087.83,3,1,33,53,32,20.07,23,158,2,2,64.20,0.00,0.50,0.00,0,2.00,34,7266.60,1,0,30,org.apache.solr.handler.RequestHandlerBase,0.00,51,1,35,0,51,2,0,17,992,1
"org.apache.solr.handler.MoreLikeThisHandler$InterestingTerm",5,2.00,1.20,18,0.14,2455.53,7,2,33,7,1,131.97,4,32,0,1,131.97,0.00,0.00,0.00,0,5.00,2,418.99,0,5,1,java.lang.Object,0.00,2,0,6,0,2,0,0,2,110,2
"org.apache.solr.handler.MoreLikeThisHandler$InterestingTerm$Comparator<InterestingTerm>",1,0.00,3.00,6,0.07,2283.77,1,0,33,1,0,115.27,0,8,0,1,115.27,0.00,0.00,0.00,0,1.00,3,200.59,0,0,0,java.lang.Object,0.00,0,0,3,0,0,1,0,0,47,0
"org.apache.solr.handler.MoreLikeThisHandler$InterestingTerm$MoreLikeThisHelper",10,0.14,2.00,94,1.56,52064.72,19,9,33,59,21,105.98,5,125,0,1,105.98,0.00,0.00,0.23,2,22.00,4,4674.24,0,6,21,java.lang.Object,0.00,49,0,20,0,49,4,0,5,842,2
"org.apache.solr.handler.MoreLikeThisHandlerTest",2,0.00,2.00,49,1.02,49033.55,2,0,12,17,12,42.50,14,76,0,3,84.79,0.00,0.67,0.00,0,0.00,3,3058.13,5,0,12,org.apache.solr.SolrTestCaseJ4,0.00,15,2,4,0,15,2,0,12,455,1
"org.apache.solr.handler.MoreLikeThisHandlerTest$SolrQueryRequestBase",0,0.00,0.00,1,0.01,23.26,0,0,12,0,0,171.00,0,0,0,1,171.00,0.00,0.00,0.00,0,0.00,0,15.51,0,0,0,java.lang.Object,0.00,0,0,0,0,0,0,0,0,6,0
"org.apache.solr.handler.PingRequestHandler",5,0.00,1.80,29,0.43,19448.98,5,0,8,20,9,156.41,10,50,1,2,116.52,0.00,0.50,0.00,0,5.00,5,1279.89,0,4,8,org.apache.solr.handler.RequestHandlerBase,0.47,15,1,9,0,15,1,0,6,235,1
"org.apache.solr.handler.ReplicationHandler",37,0.04,4.30,573,10.44,819124.12,93,56,31,189,27,132.46,81,713,5,2,92.58,0.00,0.50,0.06,18,367.00,26,31309.86,1,14,24,org.apache.solr.handler.RequestHandlerBase,0.20,152,1,159,0,152,23,1,36,4944,1
"org.apache.solr.handler.ReplicationHandler$BinaryQueryResponseWriter",4,0.00,1.00,9,0.10,1114.82,4,0,31,8,3,140.52,1,12,0,1,140.52,0.00,0.00,0.00,0,6.00,1,294.85,0,1,3,java.lang.Object,0.00,4,0,4,0,4,3,0,1,75,0
"org.apache.solr.handler.ReplicationHandler$CloseHook",1,0.00,2.00,4,0.03,286.13,1,0,31,1,1,129.04,0,6,0,1,129.04,0.00,0.00,0.00,0,0.00,2,76.53,0,0,1,java.lang.Object,0.00,0,0,2,0,0,1,0,0,22,0
"org.apache.solr.handler.ReplicationHandler$FileInfo",2,0.50,1.00,17,0.15,3251.08,6,4,31,4,0,112.03,0,20,0,1,112.03,0.00,0.00,0.50,0,2.00,1,460.88,0,1,0,java.lang.Object,0.00,2,0,2,0,2,1,0,0,111,1
"org.apache.solr.handler.ReplicationHandler$FileStream",3,0.50,6.00,68,1.08,98044.80,7,4,31,30,3,105.58,9,87,0,1,84.96,0.00,0.00,0.58,1,0.00,16,3230.34,0,0,3,java.lang.Object,0.00,27,0,18,0,27,3,0,7,499,1
"org.apache.solr.handler.ReplicationHandler$SolrEventListener",3,0.00,2.00,12,0.12,2009.23,3,0,31,6,5,108.26,16,17,0,1,126.13,0.00,0.00,0.00,0,4.00,4,350.17,0,0,5,java.lang.Object,0.00,3,0,6,0,3,3,0,7,80,0
"org.apache.solr.handler.ReplicationHandler$Thread",1,0.00,1.00,3,0.02,131.59,1,0,31,2,0,136.51,0,5,0,1,136.51,0.00,0.00,0.00,0,1.00,1,47.86,0,0,0,java.lang.Object,0.00,1,0,1,0,1,1,0,0,16,0
"org.apache.solr.handler.RequestHandlerBase",12,0.06,1.92,68,0.85,32105.15,22,10,12,29,33,118.02,49,86,22,1,117.79,0.00,0.00,0.16,1,40.00,7,2562.77,0,8,11,java.lang.Object,0.00,17,0,23,25,17,4,2,9,510,2
"org.apache.solr.handler.RequestHandlerUtils",4,0.00,2.50,41,0.74,35569.19,4,0,10,17,11,60.10,31,58,3,1,102.39,0.00,0.00,0.00,0,4.00,3,2211.23,0,0,8,java.lang.Object,0.00,13,0,10,0,13,4,0,12,403,1
"org.apache.solr.handler.SnapPuller",41,0.03,3.66,515,8.38,474420.08,89,48,34,189,17,119.06,131,667,3,1,98.45,0.00,0.00,0.05,16,823.00,18,25125.49,0,18,16,java.lang.Object,0.00,148,0,150,0,148,23,0,63,4346,1
"org.apache.solr.handler.SnapPuller$FileFetcher",7,0.22,5.00,118,1.72,69747.64,24,17,34,36,2,62.01,43,169,0,1,94.23,0.00,0.00,0.24,3,0.00,12,5170.69,0,1,2,java.lang.Object,0.00,29,0,35,0,29,6,0,32,930,1
"org.apache.solr.handler.SnapPuller$FileFetcher$Runnable_0",1,0.00,2.00,5,0.03,408.00,1,0,34,2,1,124.21,0,8,0,1,124.21,0.00,0.00,0.00,0,0.00,2,96.00,0,0,1,java.lang.Object,0.00,1,0,2,0,1,1,0,0,26,0
"org.apache.solr.handler.SnapPuller$ReplicationHandlerException",1,0.00,1.00,3,0.02,124.13,1,0,34,1,0,136.71,0,5,0,2,136.71,0.00,0.50,0.00,0,1.00,1,49.65,0,0,0,java.lang.InterruptedException,0.00,0,1,1,0,0,1,0,0,17,2
"org.apache.solr.handler.SnapPuller$Runnable",1,0.00,3.00,9,0.08,1260.86,1,0,34,2,0,110.74,0,13,0,1,110.74,0.00,0.00,0.00,0,0.00,3,231.48,0,0,0,java.lang.Object,0.00,1,0,3,0,1,1,0,0,51,0
"org.apache.solr.handler.SnapPuller$Thread",1,0.00,2.00,5,0.06,812.08,1,0,34,3,0,121.86,0,9,0,1,121.86,0.00,0.00,0.00,0,0.00,2,170.52,0,0,0,java.lang.Object,0.00,2,0,2,0,2,1,0,0,41,0
"org.apache.solr.handler.SnapShooter",3,0.42,3.33,49,0.84,31519.51,9,6,18,40,10,134.02,6,62,3,1,94.14,0.00,0.00,0.44,0,1.00,6,2526.47,0,0,9,java.lang.Object,0.00,37,0,10,0,37,3,0,1,438,1
"org.apache.solr.handler.SnapShooter$FileCopier",3,0.25,3.33,42,0.58,34092.08,7,4,18,19,2,116.65,11,59,0,1,96.03,0.00,0.00,0.08,1,5.00,7,1736.68,0,0,2,java.lang.Object,0.00,16,0,10,0,16,3,0,5,320,1
"org.apache.solr.handler.SnapShooter$Thread",1,0.00,1.00,3,0.02,143.17,1,0,18,2,0,136.23,0,5,0,1,136.23,0.00,0.00,0.00,0,1.00,1,52.97,0,0,0,java.lang.Object,0.00,1,0,1,0,1,1,0,0,17,0
"org.apache.solr.handler.StandardRequestHandler",5,0.00,1.20,13,0.09,1425.83,5,0,3,6,3,140.63,20,26,2,3,140.40,0.00,0.67,0.00,0,5.00,2,280.21,0,5,1,org.apache.solr.handler.component.SearchHandler,0.60,1,2,6,0,1,0,0,2,79,1
"org.apache.solr.handler.StandardRequestHandlerTest",4,0.00,1.00,33,0.51,17020.42,4,0,9,11,7,158.74,6,56,0,3,108.74,0.00,0.67,0.00,0,4.00,1,1525.73,5,2,7,org.apache.solr.util.AbstractSolrTestCase,0.26,7,2,4,0,7,2,0,3,274,1
"org.apache.solr.handler.TestCSVLoader",12,0.12,1.08,141,2.09,104122.73,15,3,11,25,4,141.01,33,198,0,3,101.12,0.00,0.67,0.22,4,32.00,2,6277.51,8,0,4,org.apache.solr.SolrTestCaseJ4,0.09,13,2,13,0,13,12,0,33,1062,1
"org.apache.solr.handler.TestReplicationHandler",19,0.25,2.37,386,5.69,305531.37,28,9,29,87,20,109.76,67,436,0,3,89.15,0.00,0.67,0.35,6,7.00,7,17078.84,0,5,20,org.apache.solr.SolrTestCaseJ4,0.00,68,2,45,0,68,14,0,60,2925,1
"org.apache.solr.handler.TestReplicationHandler$BackupThread",1,0.00,2.00,12,0.14,3291.16,2,1,29,6,1,102.89,0,18,0,2,102.89,0.00,0.50,1.00,0,0.00,2,427.55,0,0,1,org.apache.lucene.search.Thread,0.00,5,1,2,0,5,1,0,0,87,0
"org.apache.solr.handler.TestReplicationHandler$CheckStatus",1,0.00,3.00,17,0.21,5062.96,4,3,29,8,1,95.68,0,24,0,2,95.68,0.00,0.50,1.00,0,0.00,3,624.13,0,0,1,org.apache.lucene.search.Thread,0.00,7,1,3,0,7,1,0,0,122,0
"org.apache.solr.handler.TestReplicationHandler$FilenameFilter",1,0.00,2.00,5,0.03,373.94,1,0,29,2,0,124.51,0,7,0,1,124.51,0.00,0.00,0.00,0,1.00,2,102.01,0,0,0,java.lang.Object,0.00,1,0,2,0,1,1,0,0,27,0
"org.apache.solr.handler.TestReplicationHandler$SolrInstance",10,0.02,1.00,38,0.36,6040.24,15,5,29,19,1,131.30,8,54,0,1,131.30,0.00,0.00,0.22,3,38.00,1,1094.58,0,5,1,java.lang.Object,0.00,9,0,10,0,9,5,0,2,257,2
"org.apache.solr.handler.XMLLoader",5,0.38,10.80,172,2.85,222386.98,7,2,23,56,16,58.85,27,213,2,2,76.72,0.00,0.50,0.20,2,8.00,18,8553.71,0,1,15,org.apache.solr.handler.ContentStreamLoader,0.00,51,1,54,0,51,4,0,16,1343,0
"org.apache.solr.handler.XmlUpdateRequestHandler",6,0.05,1.17,29,0.35,6368.31,18,12,16,11,19,164.56,13,45,8,3,124.68,0.00,0.67,0.04,0,10.00,2,1050.65,1,5,12,org.apache.solr.handler.ContentStreamHandlerBase,0.60,5,2,7,0,5,1,0,11,224,1
"org.apache.solr.handler.XmlUpdateRequestHandlerTest",2,0.00,1.00,22,0.42,13449.78,4,2,8,17,4,122.63,6,37,0,3,102.01,0.00,0.67,0.50,0,2.00,1,1267.65,1,0,4,org.apache.solr.SolrTestCaseJ4,0.00,15,2,2,0,15,2,0,6,225,1
"org.apache.lucene.search.function.ByteFieldSource",6,0.80,1.50,19,0.25,6978.73,7,1,4,11,6,129.20,28,34,2,3,128.97,0.00,0.67,0.33,0,10.00,3,761.68,1,2,4,org.apache.lucene.search.function.FieldCacheSource,0.30,5,2,9,0,5,4,0,7,179,1
"org.apache.lucene.search.function.ByteFieldSource$DocValues",4,0.00,1.00,9,0.08,1013.08,4,0,4,5,0,190.84,4,17,0,1,140.84,0.00,0.00,0.00,0,4.00,1,227.12,0,2,0,java.lang.Object,0.00,1,0,4,0,1,2,0,4,64,0
"org.apache.lucene.search.function.CustomScoreProvider",5,1.00,2.60,45,0.47,30362.84,6,1,4,9,13,104.92,81,50,10,1,105.39,0.00,0.00,0.00,2,5.00,5,1395.32,0,2,3,java.lang.Object,0.00,4,0,13,0,4,3,0,7,295,1
"org.apache.lucene.search.function.CustomScoreQuery",14,0.00,2.21,79,1.02,46880.90,17,3,13,37,19,117.22,69,103,8,2,116.99,3.00,0.20,0.33,3,30.00,6,3067.77,3,5,11,org.apache.lucene.search.Query,0.16,23,1,31,3,23,9,0,20,650,1
"org.apache.lucene.search.function.CustomScoreQuery$CustomScorer",5,0.25,2.00,40,0.42,13993.59,10,5,13,12,4,110.01,3,48,0,3,110.01,0.00,0.67,0.40,0,0.00,3,1252.89,0,0,4,org.apache.lucene.search.Scorer,0.80,7,2,10,0,7,5,0,3,271,1
"org.apache.lucene.search.function.CustomScoreQuery$CustomWeight",9,0.04,2.11,72,0.85,37932.63,12,3,13,25,7,158.60,15,84,0,2,108.60,0.00,0.50,0.37,2,20.00,3,2551.11,0,4,7,org.apache.lucene.search.Weight,0.62,16,1,19,0,16,5,0,15,512,1
"org.apache.lucene.search.function.Deprecated",6,0.40,1.33,20,0.20,3958.23,7,1,6,12,6,170.82,12,34,0,2,130.93,0.00,0.50,0.67,1,0.00,2,596.83,0,3,6,org.apache.lucene.search.function.ValueSource,0.33,6,1,8,0,6,3,0,2,151,2
"org.apache.lucene.search.function.Deprecated$MultiDocValues",8,0.50,1.12,32,0.47,13463.53,10,2,6,16,3,123.11,0,46,0,2,123.11,0.00,0.50,0.94,0,0.00,2,1423.31,0,3,3,org.apache.lucene.search.function.DocValues,0.70,8,1,9,0,8,5,0,0,322,2
"org.apache.lucene.search.function.DocValues",12,0.11,1.50,44,0.38,12884.75,16,4,1,18,17,86.95,93,59,16,1,129.24,0.00,0.00,0.15,2,40.00,7,1144.26,0,4,1,java.lang.Object,0.00,6,0,18,3,6,8,0,15,274,2
"org.apache.lucene.search.function.FieldCacheSource",8,0.71,1.12,18,0.19,4041.56,9,1,4,9,10,120.58,43,33,6,2,138.45,5.00,0.14,0.38,2,14.00,2,584.73,0,3,4,org.apache.lucene.search.function.ValueSource,0.29,1,1,9,5,1,5,0,9,149,2
"org.apache.lucene.search.function.FieldScoreQuery",2,0.00,3.00,14,0.15,4084.65,2,0,0,7,9,107.39,74,21,3,3,113.16,0.00,0.67,0.00,1,2.00,5,440.64,0,1,6,org.apache.lucene.search.function.ValueSourceQuery,0.00,5,2,6,0,5,1,0,5,100,1
"org.apache.lucene.search.function.FieldScoreQuery$Type",2,0.20,1.00,10,0.12,2688.94,7,5,0,5,0,160.18,5,14,0,1,120.29,0.00,0.00,0.10,0,2.00,1,370.50,0,1,0,java.lang.Object,0.00,3,0,2,0,3,1,0,5,89,2
"org.apache.lucene.search.function.FloatFieldSource",6,0.80,1.50,19,0.25,6978.73,7,1,4,11,6,129.20,28,34,2,3,128.97,0.00,0.67,0.33,0,10.00,3,761.68,1,2,4,org.apache.lucene.search.function.FieldCacheSource,0.30,5,2,9,0,5,4,0,7,179,1
"org.apache.lucene.search.function.FloatFieldSource$DocValues",3,0.00,1.00,7,0.06,770.09,3,0,4,4,0,190.80,3,13,0,1,140.80,0.00,0.00,0.00,0,3.00,1,175.21,0,2,0,java.lang.Object,0.00,1,0,3,0,1,1,0,3,49,0
"org.apache.lucene.search.function.Ignore",9,0.04,2.00,78,1.11,40010.68,19,10,13,31,9,148.31,18,115,0,2,108.43,0.00,0.50,0.13,2,36.00,9,3319.67,2,2,9,org.apache.lucene.util.LuceneTestCase,0.00,22,1,18,0,22,7,0,13,620,1
"org.apache.lucene.search.function.IntFieldSource",6,0.80,1.50,19,0.25,6978.73,7,1,4,11,7,129.20,28,34,3,3,128.97,0.00,0.67,0.33,0,10.00,3,761.68,1,2,4,org.apache.lucene.search.function.FieldCacheSource,0.45,5,2,9,0,5,4,0,7,179,1
"org.apache.lucene.search.function.IntFieldSource$DocValues",4,0.00,1.00,9,0.08,1013.08,4,0,4,5,0,190.84,4,17,0,1,140.84,0.00,0.00,0.00,0,4.00,1,227.12,0,2,0,java.lang.Object,0.00,1,0,4,0,1,2,0,4,64,0
"org.apache.lucene.search.function.JustCompileSearchFunction",0,0.00,0.00,5,0.05,567.11,1,1,4,0,2,171.00,7,8,0,1,171.00,0.00,0.00,0.00,0,0.00,0,141.78,0,0,2,java.lang.Object,0.00,0,0,0,0,0,0,0,1,34,1
"org.apache.lucene.search.function.JustCompileSearchFunction$JustCompileDocValues",2,0.00,1.00,5,0.05,536.47,2,0,4,3,1,140.65,0,10,0,2,140.65,0.00,0.50,0.00,0,0.00,1,141.49,0,1,1,org.apache.lucene.search.function.DocValues,0.29,1,1,2,0,1,1,0,0,39,2
"org.apache.lucene.search.function.JustCompileSearchFunction$JustCompileFieldCacheSource",4,0.00,1.00,9,0.09,990.62,4,0,4,5,4,140.92,0,18,0,3,140.92,0.00,0.67,0.00,0,0.00,1,255.84,0,1,4,org.apache.lucene.search.function.FieldCacheSource,0.17,1,2,4,0,1,3,0,0,69,2
"org.apache.lucene.search.function.JustCompileSearchFunction$JustCompileValueSource",4,0.00,1.00,9,0.08,1038.39,4,0,4,5,2,140.76,0,18,0,2,140.76,0.00,0.50,0.00,0,0.00,1,252.95,0,2,2,org.apache.lucene.search.function.ValueSource,0.40,1,1,4,0,1,2,0,0,69,2
"org.apache.lucene.search.function.OrdFieldSource",5,0.12,1.60,18,0.22,5276.87,7,2,4,10,5,97.06,34,28,2,2,129.29,0.00,0.50,0.40,1,2.00,4,656.66,0,2,3,org.apache.lucene.search.function.ValueSource,0.36,5,1,8,0,5,3,0,6,154,1
"org.apache.lucene.search.function.OrdFieldSource$DocValues",4,0.00,1.00,9,0.09,1103.51,4,0,4,7,0,190.55,5,17,0,1,140.55,0.00,0.00,0.00,0,4.00,1,266.56,0,3,0,java.lang.Object,0.00,3,0,4,0,3,1,0,5,72,0
"org.apache.lucene.search.function.ReverseOrdFieldSource",5,0.12,1.60,19,0.24,5622.21,7,2,3,11,5,86.78,35,29,2,2,129.07,0.00,0.50,0.40,1,2.00,4,711.54,0,1,3,org.apache.lucene.search.function.ValueSource,0.36,6,1,8,0,6,4,0,6,165,1
"org.apache.lucene.search.function.ReverseOrdFieldSource$DocValues",5,0.00,1.00,11,0.12,1601.85,5,0,3,8,0,190.04,6,21,0,1,140.04,0.00,0.00,0.00,1,5.00,1,346.30,0,3,0,java.lang.Object,0.00,3,0,5,0,3,2,0,6,92,0
"org.apache.lucene.search.function.ShortFieldSource",6,0.80,1.50,19,0.25,6978.73,7,1,4,11,6,129.20,28,34,2,3,128.97,0.00,0.67,0.33,0,10.00,3,761.68,1,2,4,org.apache.lucene.search.function.FieldCacheSource,0.30,5,2,9,0,5,4,0,7,179,1
"org.apache.lucene.search.function.ShortFieldSource$DocValues",4,0.00,1.00,9,0.08,1013.08,4,0,4,5,0,190.84,4,17,0,1,140.84,0.00,0.00,0.00,0,4.00,1,227.12,0,2,0,java.lang.Object,0.00,1,0,4,0,1,2,0,4,64,0
"org.apache.lucene.search.function.TestCustomScoreQuery",11,0.00,1.27,131,2.28,116432.69,11,0,9,41,12,121.02,39,149,0,2,100.40,0.00,0.50,0.00,4,11.00,2,6844.54,0,1,12,FunctionTestSetup,0.00,30,1,14,0,30,10,0,29,1225,1
"org.apache.lucene.search.function.TestCustomScoreQuery$CustomAddQuery",3,0.00,1.00,7,0.05,418.70,3,0,9,4,5,142.88,2,13,0,3,142.88,0.00,0.67,0.00,0,3.00,1,138.55,0,2,5,org.apache.lucene.search.function.CustomScoreQuery,0.11,1,2,3,0,1,1,0,2,43,2
"org.apache.lucene.search.function.TestCustomScoreQuery$CustomAddQuery$CustomScoreProvider",2,0.00,2.00,10,0.13,5552.17,2,0,9,5,1,117.65,0,15,0,1,117.65,0.00,0.00,0.00,0,2.00,3,393.08,0,1,1,java.lang.Object,0.00,3,0,4,0,3,1,0,0,87,0
"org.apache.lucene.search.function.TestCustomScoreQuery$CustomExternalQuery",2,0.00,1.00,6,0.06,936.86,2,0,9,4,4,132.17,0,11,0,3,132.17,0.00,0.67,0.00,0,2.00,1,176.31,0,1,4,org.apache.lucene.search.function.CustomScoreQuery,0.00,2,2,2,0,2,1,0,0,45,2
"org.apache.lucene.search.function.TestCustomScoreQuery$CustomExternalQuery$CustomScoreProvider_1",1,0.00,1.00,4,0.05,965.04,1,0,9,3,0,125.04,0,6,0,1,125.04,0.00,0.00,0.00,0,1.00,1,145.39,0,0,0,java.lang.Object,0.00,2,0,1,0,2,1,0,0,35,0
"org.apache.lucene.search.function.TestCustomScoreQuery$CustomMulAddQuery",3,0.00,1.00,7,0.05,460.08,3,0,9,4,5,142.56,2,13,0,3,142.56,0.00,0.67,0.00,0,3.00,1,150.34,0,2,5,org.apache.lucene.search.function.CustomScoreQuery,0.11,1,2,3,0,1,1,0,2,46,2
"org.apache.lucene.search.function.TestCustomScoreQuery$CustomMulAddQuery$CustomScoreProvider_0",2,0.00,3.00,20,0.27,15322.66,2,0,9,7,1,152.86,3,28,0,1,102.86,0.00,0.00,0.00,0,2.00,3,807.96,0,1,1,java.lang.Object,0.00,5,0,6,0,5,1,0,3,170,0
"org.apache.lucene.search.function.TestDocValues",3,0.00,1.00,35,0.57,21908.11,3,0,2,10,0,141.62,7,50,0,2,101.73,0.00,0.50,0.00,0,3.00,1,1704.00,0,0,0,org.apache.lucene.util.LuceneTestCase,0.00,7,1,3,0,7,3,0,5,341,1
"org.apache.lucene.search.function.TestDocValues$DocValuesTestImpl",3,1.00,1.00,8,0.07,888.27,4,1,2,4,1,180.19,6,14,0,2,140.31,0.00,0.50,0.33,0,4.00,1,198.14,0,1,1,org.apache.lucene.search.function.DocValues,0.27,1,1,3,0,1,2,0,2,56,1
"org.apache.lucene.search.function.TestFieldScoreQuery",17,0.00,1.59,115,2.01,125739.22,17,0,9,46,7,151.28,44,154,0,2,111.40,0.00,0.50,0.00,3,17.00,9,6037.82,0,1,7,FunctionTestSetup,0.00,29,1,27,0,29,16,0,34,1067,1
"org.apache.lucene.search.function.TestOrdValues",12,0.00,2.75,140,2.18,166568.34,12,0,5,42,12,119.92,42,181,0,2,99.30,0.00,0.50,0.00,3,12.00,15,6554.24,0,1,12,FunctionTestSetup,0.00,30,1,33,0,30,11,0,20,1101,1
"org.apache.lucene.search.function.TestValueSource",1,0.00,4.00,35,0.54,27286.12,1,0,7,27,12,78.15,0,34,0,2,78.15,0.00,0.50,0.00,0,1.00,4,1605.72,0,0,12,org.apache.lucene.util.LuceneTestCase,0.00,26,1,4,0,26,1,0,0,259,1
"org.apache.lucene.search.function.ValueSource",6,0.00,1.00,9,0.08,848.10,6,0,5,6,10,121.85,36,16,9,1,154.07,0.00,0.00,0.00,2,6.00,1,236.08,0,4,1,java.lang.Object,0.00,0,0,6,10,0,2,0,7,72,2
"org.apache.lucene.search.function.ValueSourceQuery",7,0.83,1.43,22,0.28,7034.06,8,1,8,15,15,129.72,28,39,7,2,129.48,1.00,0.33,0.29,1,13.00,4,836.95,2,3,8,org.apache.lucene.search.Query,0.11,8,1,10,1,8,4,0,8,201,1
"org.apache.lucene.search.function.ValueSourceQuery$ValueSourceScorer",5,0.30,1.40,27,0.27,6406.53,10,5,8,9,4,120.38,3,40,0,3,120.38,0.00,0.67,0.44,1,0.00,3,816.72,0,0,4,org.apache.lucene.search.Scorer,0.80,4,2,7,0,4,5,0,3,186,1
"org.apache.lucene.search.function.ValueSourceQuery$ValueSourceWeight",7,0.17,1.00,24,0.28,6300.38,9,2,8,15,8,129.94,5,39,0,2,129.94,0.00,0.50,0.36,0,3.00,1,849.10,0,3,8,org.apache.lucene.search.Weight,0.57,8,1,7,0,8,4,0,5,192,0
"org.apache.lucene.benchmark.byTask.tasks.AddDocTask",7,0.17,1.14,25,0.23,3920.51,9,2,3,12,7,181.53,13,40,3,2,131.53,0.00,0.50,0.36,0,11.00,2,699.41,4,1,4,org.apache.lucene.benchmark.byTask.tasks.PerfTask,0.29,5,1,8,0,5,6,0,4,173,1
"org.apache.lucene.benchmark.byTask.tasks.BenchmarkHighlighter",1,0.00,1.00,2,0.03,263.79,1,0,3,1,7,140.70,0,4,4,1,140.70,0.00,0.00,0.00,0,1.00,1,95.01,0,0,3,java.lang.Object,0.00,0,0,1,0,0,1,0,0,25,2
"org.apache.lucene.benchmark.byTask.tasks.ClearStatsTask",3,0.00,1.00,8,0.06,639.05,3,0,1,5,2,99.14,23,14,0,2,141.44,0.00,0.50,0.00,0,3.00,1,170.05,1,0,2,org.apache.lucene.benchmark.byTask.tasks.PerfTask,0.13,2,1,3,0,2,3,0,3,49,1
"org.apache.lucene.benchmark.byTask.tasks.CloseIndexTask",4,0.67,1.50,18,0.19,4481.91,5,1,4,11,7,174.44,6,29,4,2,124.44,0.00,0.50,0.50,0,4.00,3,575.12,2,0,3,org.apache.lucene.benchmark.byTask.tasks.PerfTask,0.12,7,1,6,0,7,4,0,2,132,1
"org.apache.lucene.benchmark.byTask.tasks.CloseReaderTask",2,0.00,1.50,10,0.11,2410.42,2,0,3,7,3,160.46,5,15,0,2,120.57,0.00,0.50,0.00,0,2.00,2,317.56,1,0,3,org.apache.lucene.benchmark.byTask.tasks.PerfTask,0.07,5,1,3,0,5,2,0,1,72,1
"org.apache.lucene.benchmark.byTask.tasks.CommitIndexTask",4,0.67,1.50,22,0.21,5506.79,5,1,5,12,5,170.12,4,32,0,2,120.12,0.00,0.50,0.50,0,4.00,3,624.05,2,0,5,org.apache.lucene.benchmark.byTask.tasks.PerfTask,0.12,8,1,6,0,8,4,0,1,141,1
"org.apache.lucene.benchmark.byTask.tasks.ConsumeContentSourceTask",4,0.00,1.50,22,0.24,5441.11,6,2,4,16,5,170.16,7,33,0,2,120.16,0.00,0.50,0.50,0,0.00,3,727.79,1,1,5,org.apache.lucene.benchmark.byTask.tasks.PerfTask,0.19,12,1,6,0,12,3,0,1,159,1
"org.apache.lucene.benchmark.byTask.tasks.CountingHighlighterTestTask",3,0.50,1.33,13,0.12,2508.95,5,2,12,8,13,175.46,3,20,1,5,125.46,0.00,0.80,0.17,0,5.00,2,371.92,0,2,12,org.apache.lucene.benchmark.byTask.tasks.SearchTravRetHighlightTask,0.00,5,4,4,0,5,1,0,1,92,1
"org.apache.lucene.benchmark.byTask.tasks.CountingHighlighterTestTask$BenchmarkHighlighter",1,0.00,3.00,6,0.13,4319.11,1,0,12,3,5,113.09,0,8,0,1,113.09,0.00,0.00,0.00,0,0.00,3,390.85,0,0,5,java.lang.Object,0.00,2,0,3,0,2,1,0,0,75,0
"org.apache.lucene.benchmark.byTask.tasks.CountingSearchTestTask",4,0.17,1.25,19,0.14,2534.14,8,4,1,5,3,126.43,3,26,1,4,126.43,0.00,0.75,0.38,1,4.00,2,429.84,1,0,2,org.apache.lucene.benchmark.byTask.tasks.SearchTask,0.07,1,3,5,0,1,4,0,1,109,1
"org.apache.lucene.benchmark.byTask.tasks.CreateIndexTask",5,0.00,4.40,74,1.38,84444.83,5,0,23,41,24,76.74,25,101,6,2,94.61,0.00,0.50,0.00,2,5.00,13,4151.87,1,3,19,org.apache.lucene.benchmark.byTask.tasks.PerfTask,0.06,36,1,22,0,36,2,0,1,668,1
"org.apache.lucene.benchmark.byTask.tasks.CreateIndexTaskTest",6,0.00,1.17,52,0.66,18470.01,6,0,11,28,9,109.81,2,64,0,3,109.81,0.00,0.67,0.00,1,6.00,2,1976.11,1,1,9,org.apache.lucene.benchmark.BenchmarkTestCase,0.00,22,2,7,0,22,5,0,2,407,1
"org.apache.lucene.benchmark.byTask.tasks.DeleteByPercentTask",4,0.00,2.25,35,0.47,33015.21,7,3,5,19,5,106.52,17,48,0,2,106.28,0.00,0.50,0.33,0,2.00,6,1424.73,2,0,5,org.apache.lucene.benchmark.byTask.tasks.PerfTask,0.12,15,1,9,0,15,4,0,2,270,1
"org.apache.lucene.benchmark.byTask.tasks.DeleteDocTask",6,0.16,1.33,27,0.29,5675.43,11,5,2,12,3,145.66,19,40,0,2,125.04,0.00,0.50,0.33,0,2.00,3,874.32,3,1,3,org.apache.lucene.benchmark.byTask.tasks.PerfTask,0.24,6,1,8,0,6,5,0,7,202,1
"org.apache.lucene.benchmark.byTask.tasks.FlushReaderTask",4,0.67,1.25,19,0.18,4939.71,5,1,5,9,4,124.14,0,28,0,2,124.14,0.00,0.50,0.50,0,4.00,2,546.71,2,0,4,org.apache.lucene.benchmark.byTask.tasks.PerfTask,0.12,5,1,5,0,5,4,0,0,124,1
"org.apache.lucene.benchmark.byTask.tasks.NearRealtimeReaderTask",5,0.00,2.40,47,0.58,31597.52,8,3,4,18,5,125.89,18,61,0,2,105.27,0.00,0.50,0.33,0,6.00,7,1725.87,2,0,5,org.apache.lucene.benchmark.byTask.tasks.PerfTask,0.18,13,1,12,0,13,5,0,9,326,1
"org.apache.lucene.benchmark.byTask.tasks.NewAnalyzerTask",5,0.12,2.60,36,0.47,17385.44,7,2,8,22,9,131.98,17,53,6,2,111.37,0.00,0.50,0.40,1,2.00,5,1420.22,2,1,4,org.apache.lucene.benchmark.byTask.tasks.PerfTask,0.12,17,1,13,0,17,4,0,6,283,1
"org.apache.lucene.benchmark.byTask.tasks.NewCollationAnalyzerTask",0,0.00,0.00,2,0.01,75.00,0,0,6,0,3,171.00,9,2,0,2,171.00,0.00,0.50,0.00,0,0.00,0,30.00,0,0,3,org.apache.lucene.benchmark.byTask.tasks.PerfTask,0.00,0,1,0,0,0,0,0,1,10,1
"org.apache.lucene.benchmark.byTask.tasks.NewCollationAnalyzerTask$Implementation",1,2.00,10.00,40,0.81,67154.41,4,3,6,19,1,112.58,2,68,0,1,72.70,0.00,0.00,0.33,0,0.00,10,2422.32,1,0,1,java.lang.Object,0.00,18,0,10,0,18,1,0,2,371,1
"org.apache.lucene.benchmark.byTask.tasks.NewLocaleTask",5,0.08,2.40,25,0.34,8716.74,8,3,3,15,2,139.82,18,41,0,2,119.20,0.00,0.50,0.40,1,7.00,4,1006.22,2,1,2,org.apache.lucene.benchmark.byTask.tasks.PerfTask,0.12,10,1,12,0,10,4,0,3,223,1
"org.apache.lucene.benchmark.byTask.tasks.NewRoundTask",3,0.00,1.00,8,0.06,639.05,3,0,1,5,2,99.14,23,14,0,2,141.44,0.00,0.50,0.00,0,3.00,1,170.05,1,0,2,org.apache.lucene.benchmark.byTask.tasks.PerfTask,0.13,2,1,3,0,2,3,0,3,49,1
"org.apache.lucene.benchmark.byTask.tasks.NewShingleAnalyzerTask",5,0.17,3.00,45,0.60,23687.10,8,3,6,23,5,146.09,13,67,0,2,106.21,0.00,0.50,0.47,1,2.00,6,1813.67,2,0,5,org.apache.lucene.benchmark.byTask.tasks.PerfTask,0.12,18,1,15,0,18,5,0,5,346,1
"org.apache.lucene.benchmark.byTask.tasks.OpenIndexTask",4,0.17,1.50,24,0.26,6252.68,8,4,8,9,9,137.34,12,34,1,2,116.73,0.00,0.50,0.12,0,4.00,2,785.28,2,0,9,org.apache.lucene.benchmark.byTask.tasks.PerfTask,0.12,5,1,6,0,5,4,0,2,169,1
"org.apache.lucene.benchmark.byTask.tasks.OpenReaderTask",5,0.00,2.60,43,0.51,19361.16,8,3,9,20,13,158.84,6,63,5,2,108.84,0.00,0.50,0.33,0,10.00,4,1516.97,2,1,8,org.apache.lucene.benchmark.byTask.tasks.PerfTask,0.12,15,1,13,0,15,4,0,2,306,1
"org.apache.lucene.benchmark.byTask.tasks.OptimizeTask",4,0.67,1.00,13,0.11,1520.91,5,1,2,8,3,182.88,5,21,0,2,132.89,0.00,0.50,0.50,0,4.00,1,339.43,2,0,3,org.apache.lucene.benchmark.byTask.tasks.PerfTask,0.12,4,1,4,0,4,4,0,2,88,1
"org.apache.lucene.benchmark.byTask.tasks.PerfTask",28,0.01,1.50,119,1.19,31959.58,41,13,5,54,42,144.99,100,157,40,1,124.37,0.00,0.00,0.06,7,362.00,5,3560.65,1,7,4,java.lang.Object,0.00,26,0,42,52,26,21,1,27,778,2
"org.apache.lucene.benchmark.byTask.tasks.PerfTaskTest",3,0.00,1.67,21,0.29,7608.82,3,0,4,11,4,112.55,2,29,0,3,112.55,0.00,0.67,0.00,2,3.00,3,865.44,0,1,4,org.apache.lucene.benchmark.BenchmarkTestCase,0.00,8,2,5,0,8,2,0,2,191,1
"org.apache.lucene.benchmark.byTask.tasks.PerfTaskTest$MyPerfTask",3,0.00,1.00,7,0.04,402.74,3,0,4,3,2,143.01,0,10,0,2,143.01,0.00,0.50,0.00,0,4.00,1,124.60,0,0,2,org.apache.lucene.benchmark.byTask.tasks.PerfTask,0.06,0,1,3,0,0,3,0,0,39,3
"org.apache.lucene.benchmark.byTask.tasks.PrintReaderTask",4,0.67,1.25,16,0.21,5269.39,5,1,3,11,5,123.92,0,29,0,2,123.92,0.00,0.50,0.50,0,4.00,2,619.62,2,0,5,org.apache.lucene.benchmark.byTask.tasks.PerfTask,0.12,7,1,5,0,7,4,0,0,136,1
"org.apache.lucene.benchmark.byTask.tasks.ReadTask",19,0.26,2.21,130,1.80,168440.99,22,3,22,51,23,131.32,73,160,5,2,110.70,11.00,0.08,0.09,11,79.00,22,5396.15,2,6,19,org.apache.lucene.benchmark.byTask.tasks.PerfTask,0.09,32,1,42,11,32,13,0,24,891,2
"org.apache.lucene.benchmark.byTask.tasks.ReadTokensTask",5,0.08,2.20,38,0.49,28331.78,8,3,9,18,8,149.62,14,56,0,2,109.74,0.00,0.50,0.40,0,1.00,7,1476.46,3,1,8,org.apache.lucene.benchmark.byTask.tasks.PerfTask,0.24,13,1,11,0,13,4,0,8,283,1
"org.apache.lucene.benchmark.byTask.tasks.ReadTokensTask$ReusableStringReader",4,0.00,1.50,25,0.24,11692.25,7,3,9,6,0,114.59,0,33,0,2,114.59,0.00,0.50,0.33,1,4.00,3,705.73,0,0,0,java.io.Reader,0.00,2,1,6,0,2,4,0,0,160,3
"org.apache.lucene.benchmark.byTask.tasks.ReopenReaderTask",2,0.00,1.50,11,0.10,2470.63,2,0,3,6,3,160.37,4,16,0,2,120.49,0.00,0.50,0.00,0,2.00,2,288.51,1,0,3,org.apache.lucene.benchmark.byTask.tasks.PerfTask,0.07,4,1,3,0,4,2,0,1,69,1
"org.apache.lucene.benchmark.byTask.tasks.RepAllTask",3,0.00,2.67,30,0.42,23104.70,3,0,4,16,4,123.48,9,38,0,3,102.87,0.00,0.67,0.00,1,4.00,6,1252.28,3,1,4,org.apache.lucene.benchmark.byTask.tasks.ReportTask,0.08,13,2,8,0,13,2,0,3,238,1
"org.apache.lucene.benchmark.byTask.tasks.RepSelectByPrefTask",3,0.00,2.67,30,0.47,24435.94,3,0,4,20,4,152.67,5,39,0,4,102.67,0.00,0.75,0.00,1,1.00,6,1407.12,3,1,4,org.apache.lucene.benchmark.byTask.tasks.RepSumByPrefTask,0.09,17,3,8,0,17,2,0,2,261,1
"org.apache.lucene.benchmark.byTask.tasks.RepSumByNameRoundTask",3,0.00,2.33,28,0.41,20349.96,3,0,5,21,4,105.27,12,38,0,3,105.04,0.00,0.67,0.00,1,3.00,5,1220.07,2,1,4,org.apache.lucene.benchmark.byTask.tasks.ReportTask,0.08,18,2,7,0,18,2,0,6,232,1
"org.apache.lucene.benchmark.byTask.tasks.RepSumByNameTask",3,0.00,2.33,27,0.38,17845.61,3,0,5,20,5,126.10,11,37,1,3,105.49,0.00,0.67,0.00,1,3.00,5,1137.46,2,1,4,org.apache.lucene.benchmark.byTask.tasks.ReportTask,0.08,17,2,7,0,17,2,0,5,220,1
"org.apache.lucene.benchmark.byTask.tasks.RepSumByPrefRoundTask",3,0.00,2.33,28,0.44,23381.65,3,0,5,22,4,144.45,8,38,0,4,104.56,0.00,0.75,0.00,1,1.00,5,1327.80,2,1,4,org.apache.lucene.benchmark.byTask.tasks.RepSumByPrefTask,0.09,19,3,7,0,19,2,0,5,248,1
"org.apache.lucene.benchmark.byTask.tasks.RepSumByPrefTask",5,0.50,1.80,32,0.46,21300.02,6,1,5,23,7,153.14,10,45,3,3,113.26,1.00,0.40,0.60,1,2.00,5,1378.26,3,2,4,org.apache.lucene.benchmark.byTask.tasks.ReportTask,0.15,18,2,9,2,18,3,0,5,272,1
"org.apache.lucene.benchmark.byTask.tasks.ReportTask",7,0.08,3.14,89,1.39,93088.61,17,10,5,34,9,55.72,50,107,4,2,98.01,6.00,0.12,0.17,3,19.00,10,4180.90,1,4,5,org.apache.lucene.benchmark.byTask.tasks.PerfTask,0.11,27,1,22,6,27,3,0,11,752,2
"org.apache.lucene.benchmark.byTask.tasks.ResetInputsTask",3,0.00,1.00,8,0.05,582.39,3,0,1,4,3,93.65,24,14,1,2,141.75,2.00,0.25,0.00,0,3.00,1,156.28,1,0,2,org.apache.lucene.benchmark.byTask.tasks.PerfTask,0.13,1,1,3,2,1,3,0,3,46,1
"org.apache.lucene.benchmark.byTask.tasks.ResetSystemEraseTask",2,0.00,1.00,6,0.04,466.02,2,0,1,3,2,90.43,23,10,0,4,134.56,0.00,0.75,0.00,0,2.00,1,125.51,1,0,2,org.apache.lucene.benchmark.byTask.tasks.ResetSystemSoftTask,0.11,1,3,2,0,1,2,0,2,36,1
"org.apache.lucene.benchmark.byTask.tasks.ResetSystemSoftTask",2,0.00,1.00,6,0.04,466.02,2,0,1,3,3,90.43,23,10,1,3,134.56,0.50,0.50,0.00,0,2.00,1,125.51,1,0,2,org.apache.lucene.benchmark.byTask.tasks.ResetInputsTask,0.09,1,2,2,1,1,2,0,2,36,1
"org.apache.lucene.benchmark.byTask.tasks.RollbackIndexTask",2,1.00,2.00,13,0.14,3642.97,3,1,4,7,3,156.02,4,20,0,2,116.14,0.00,0.50,0.00,0,2.00,3,423.26,1,0,3,org.apache.lucene.benchmark.byTask.tasks.PerfTask,0.07,5,1,4,0,5,2,0,2,93,1
"org.apache.lucene.benchmark.byTask.tasks.SearchTask",6,0.00,1.00,13,0.08,935.20,6,0,2,7,5,192.50,6,25,3,3,142.50,1.00,0.40,0.00,0,6.00,1,249.03,1,1,3,org.apache.lucene.benchmark.byTask.tasks.ReadTask,0.28,1,2,6,2,1,5,0,1,76,1
"org.apache.lucene.benchmark.byTask.tasks.SearchTravRetHighlightTask",7,0.06,2.29,54,0.88,55182.59,13,6,15,28,13,108.84,30,67,1,4,108.60,0.33,0.60,0.21,0,20.00,8,2627.48,3,2,12,org.apache.lucene.benchmark.byTask.tasks.SearchTravTask,0.19,21,3,16,1,21,5,0,5,504,1
"org.apache.lucene.benchmark.byTask.tasks.SearchTravRetHighlightTask$BenchmarkHighlighter",1,0.00,2.00,5,0.11,2960.05,1,0,15,2,5,117.43,0,8,0,1,117.43,0.00,0.00,0.00,0,0.00,2,321.99,0,0,5,java.lang.Object,0.00,1,0,2,0,1,1,0,0,63,0
"org.apache.lucene.benchmark.byTask.tasks.SearchTravRetLoadFieldSelectorTask",5,0.75,1.20,20,0.20,4363.53,6,1,10,10,6,145.96,15,28,0,4,125.34,0.00,0.75,0.40,0,7.00,2,597.97,0,1,6,org.apache.lucene.benchmark.byTask.tasks.SearchTravTask,0.13,5,3,6,0,5,4,0,3,139,1
"org.apache.lucene.benchmark.byTask.tasks.SearchTravRetTask",2,0.00,1.00,5,0.03,243.05,2,0,1,2,2,111.13,12,9,0,4,143.35,0.00,0.75,0.00,0,2.00,1,82.05,0,0,2,org.apache.lucene.benchmark.byTask.tasks.SearchTravTask,0.07,0,3,2,0,0,2,0,1,27,1
"org.apache.lucene.benchmark.byTask.tasks.SearchTravRetVectorHighlightTask",7,0.00,2.57,55,0.89,62915.55,12,5,11,24,9,108.36,28,70,0,4,108.12,0.00,0.75,0.20,0,19.00,8,2677.77,3,2,9,org.apache.lucene.benchmark.byTask.tasks.SearchTravTask,0.19,17,3,18,0,17,5,0,5,520,1
"org.apache.lucene.benchmark.byTask.tasks.SearchTravRetVectorHighlightTask$BenchmarkHighlighter",1,0.00,2.00,4,0.09,2256.20,1,0,11,1,3,121.98,0,7,0,1,121.98,0.00,0.00,0.00,0,0.00,2,256.16,0,0,3,java.lang.Object,0.00,0,0,2,0,0,1,0,0,52,0
"org.apache.lucene.benchmark.byTask.tasks.SearchTravTask",9,0.88,1.00,21,0.16,1964.74,10,1,2,11,7,191.35,14,39,4,3,141.35,2.50,0.25,0.22,0,19.00,1,468.32,2,1,3,org.apache.lucene.benchmark.byTask.tasks.ReadTask,0.38,2,2,9,5,2,8,0,2,133,1
"org.apache.lucene.benchmark.byTask.tasks.SearchWithCollectorTask",9,0.88,1.33,32,0.32,8272.68,10,1,5,18,6,129.80,4,51,0,4,129.80,0.00,0.75,0.22,0,19.00,4,969.64,4,2,6,org.apache.lucene.benchmark.byTask.tasks.SearchTask,0.52,9,3,12,0,9,7,0,2,225,1
"org.apache.lucene.benchmark.byTask.tasks.SearchWithSortTask",12,0.21,2.33,85,0.91,47425.56,15,3,4,23,5,160.96,15,111,0,3,110.96,0.00,0.67,0.14,1,44.00,9,2732.57,2,2,5,org.apache.lucene.benchmark.byTask.tasks.ReadTask,0.46,11,2,28,0,11,10,0,2,536,1
"org.apache.lucene.benchmark.byTask.tasks.SetPropTask",4,0.00,1.25,17,0.20,4374.79,6,2,1,10,2,76.45,32,26,0,2,124.56,0.00,0.50,0.50,0,4.00,2,586.70,3,0,2,org.apache.lucene.benchmark.byTask.tasks.PerfTask,0.12,6,1,5,0,6,4,0,4,136,1
"org.apache.lucene.benchmark.byTask.tasks.TaskSequence",26,0.10,3.85,304,3.57,245345.41,45,19,7,71,11,140.43,59,352,6,2,100.54,0.00,0.50,0.15,7,310.00,16,10706.71,10,5,5,org.apache.lucene.benchmark.byTask.tasks.PerfTask,0.22,45,1,100,0,45,21,0,29,1940,1
"org.apache.lucene.benchmark.byTask.tasks.TaskSequence$ParallelTask",2,0.00,2.50,13,0.12,2504.62,4,2,7,5,2,117.37,0,22,0,2,117.37,0.00,0.50,0.50,0,2.00,4,353.02,0,0,2,org.apache.lucene.util.Thread,0.00,3,1,5,0,3,2,0,0,80,1
"org.apache.lucene.benchmark.byTask.tasks.TaskSequence$RunBackgroundTask",4,0.11,1.25,15,0.12,1844.52,7,3,7,7,1,132.17,0,23,0,2,132.17,0.00,0.50,0.42,0,2.00,2,362.94,0,0,1,org.apache.lucene.util.Thread,0.00,3,1,5,0,3,4,0,0,94,2
"org.apache.lucene.benchmark.byTask.tasks.UpdateDocTask",7,0.17,1.29,29,0.30,6387.27,9,2,5,15,6,165.06,14,45,0,2,125.17,0.00,0.50,0.36,0,11.00,2,910.65,4,1,6,org.apache.lucene.benchmark.byTask.tasks.PerfTask,0.29,8,1,9,0,8,6,0,4,210,1
"org.apache.lucene.benchmark.byTask.tasks.WaitForMergesTask",2,0.00,1.00,6,0.04,502.02,2,0,5,4,4,184.31,3,10,0,2,134.31,0.00,0.50,0.00,0,2.00,1,133.51,1,0,4,org.apache.lucene.benchmark.byTask.tasks.PerfTask,0.07,2,1,2,0,2,2,0,1,38,1
"org.apache.lucene.benchmark.byTask.tasks.WaitTask",4,0.67,2.00,27,0.29,12278.60,5,1,1,10,2,154.24,11,37,0,2,114.35,0.00,0.50,0.50,0,4.00,5,882.02,1,0,2,org.apache.lucene.benchmark.byTask.tasks.PerfTask,0.12,6,1,8,0,6,4,0,2,185,1
"org.apache.lucene.benchmark.byTask.tasks.WarmTask",6,0.00,1.00,13,0.08,791.17,6,0,2,6,3,193.08,11,25,0,3,143.08,0.00,0.67,0.00,0,6.00,1,228.22,0,1,3,org.apache.lucene.benchmark.byTask.tasks.ReadTask,0.28,0,2,6,0,0,5,0,2,71,1
"org.apache.lucene.benchmark.byTask.tasks.WriteLineDocTask",6,0.13,2.67,56,0.95,43249.74,12,6,14,39,9,105.04,28,74,3,2,104.80,0.00,0.50,0.28,0,6.00,8,2842.36,2,1,6,org.apache.lucene.benchmark.byTask.tasks.PerfTask,0.24,33,1,16,0,33,5,0,8,518,1
"org.apache.lucene.benchmark.byTask.tasks.WriteLineDocTaskTest",10,1.00,1.80,121,1.74,62735.84,11,1,17,38,7,140.59,20,142,0,3,100.70,0.00,0.67,0.10,2,18.00,5,5209.84,1,1,7,org.apache.lucene.benchmark.BenchmarkTestCase,0.00,28,2,18,0,28,9,0,20,965,1
"org.apache.lucene.benchmark.byTask.tasks.WriteLineDocTaskTest$JustDateDocMaker",1,0.00,1.00,5,0.06,1199.41,1,0,17,4,3,120.68,0,8,0,2,120.68,0.00,0.50,0.00,0,0.00,1,186.85,0,1,3,org.apache.lucene.benchmark.byTask.feeds.DocMaker,0.17,3,1,1,0,3,0,0,0,44,3
"org.apache.lucene.benchmark.byTask.tasks.WriteLineDocTaskTest$NewLinesDocMaker",1,0.00,1.00,7,0.12,3495.52,1,0,17,4,3,111.57,0,10,0,2,111.57,0.00,0.50,0.00,0,0.00,1,347.33,0,1,3,org.apache.lucene.benchmark.byTask.feeds.DocMaker,0.17,3,1,1,0,3,0,0,0,76,3
"org.apache.lucene.benchmark.byTask.tasks.WriteLineDocTaskTest$NoBodyDocMaker",1,0.00,1.00,6,0.09,2245.32,1,0,17,4,3,115.58,0,9,0,2,115.58,0.00,0.50,0.00,0,0.00,1,265.48,0,1,3,org.apache.lucene.benchmark.byTask.feeds.DocMaker,0.17,3,1,1,0,3,0,0,0,60,3
"org.apache.lucene.benchmark.byTask.tasks.WriteLineDocTaskTest$NoTitleDocMaker",1,0.00,1.00,6,0.09,2245.32,1,0,17,4,3,115.58,0,9,0,2,115.58,0.00,0.50,0.00,0,0.00,1,265.48,0,1,3,org.apache.lucene.benchmark.byTask.feeds.DocMaker,0.17,3,1,1,0,3,0,0,0,60,3
"org.apache.lucene.benchmark.byTask.tasks.WriteLineDocTaskTest$Thread",1,0.00,2.00,5,0.04,716.92,1,0,17,3,0,122.28,0,9,0,1,122.28,0.00,0.00,0.00,0,1.00,2,128.07,0,0,0,java.lang.Object,0.00,2,0,2,0,2,1,0,0,33,0
"org.apache.lucene.benchmark.byTask.tasks.WriteLineDocTaskTest$ThreadingDocMaker",1,0.00,1.00,8,0.15,4788.51,1,0,17,6,3,108.33,0,11,0,2,108.33,0.00,0.50,0.00,0,0.00,1,452.77,0,1,3,org.apache.lucene.benchmark.byTask.feeds.DocMaker,0.17,5,1,1,0,5,0,0,0,93,3
"org.apache.lucene.benchmark.byTask.tasks.WriteLineDocTaskTest$WriteLineDocMaker",1,0.00,1.00,7,0.12,3495.52,1,0,17,4,3,111.57,0,10,0,2,111.57,0.00,0.50,0.00,0,0.00,1,347.33,0,1,3,org.apache.lucene.benchmark.byTask.feeds.DocMaker,0.17,3,1,1,0,3,0,0,0,76,3
"org.apache.lucene.queryParser.surround.parser.CharStream",12,0.00,1.00,13,0.06,250.78,12,0,0,12,3,128.38,79,14,3,1,160.60,0.00,0.00,0.00,0,12.00,1,172.56,0,1,0,,0.00,0,0,12,0,0,11,0,13,70,1
"org.apache.lucene.queryParser.surround.parser.FastCharStream",14,0.14,1.43,56,0.55,20446.20,20,6,1,20,2,173.54,16,80,1,1,123.54,0.00,0.00,0.30,2,2.00,5,1644.78,0,1,1,java.lang.Object,0.00,6,0,20,0,6,13,1,13,372,2
"org.apache.lucene.queryParser.surround.parser.ParseException",5,0.30,3.20,92,1.07,80794.24,10,5,0,14,3,61.39,69,112,2,2,90.77,0.00,0.50,0.44,0,0.00,10,3210.28,1,2,1,java.lang.Exception,0.00,9,1,16,0,9,3,0,11,572,1
"org.apache.lucene.queryParser.surround.parser.QueryParser",46,0.05,4.02,523,6.18,373724.43,75,29,13,86,19,151.04,55,620,3,1,101.04,0.00,0.00,0.08,12,526.00,18,18527.33,0,26,16,java.lang.Object,0.00,40,0,185,0,40,20,1,50,3506,1
"org.apache.lucene.queryParser.surround.parser.QueryParser$JJCalls",0,0.00,0.00,5,0.03,253.51,4,4,13,0,1,171.00,0,6,0,1,171.00,0.00,0.00,0.00,0,0.00,0,78.87,0,0,1,java.lang.Object,0.00,0,0,0,0,0,0,0,0,22,2
"org.apache.lucene.queryParser.surround.parser.QueryParser$LookaheadSuccess",0,0.00,0.00,1,0.01,145.30,0,0,13,0,0,171.00,0,1,0,2,171.00,0.00,0.50,0.00,0,0.00,0,41.51,0,0,0,java.lang.Error,0.00,0,1,0,0,0,0,0,0,12,3
"org.apache.lucene.queryParser.surround.parser.QueryParserConstants",0,0.00,0.00,27,0.39,4761.14,26,26,0,0,2,171.00,30,53,2,1,171.00,0.00,0.00,0.00,0,0.00,0,1182.50,0,0,0,,0.00,0,0,0,0,0,0,0,27,186,1
"org.apache.lucene.queryParser.surround.parser.QueryParserTokenManager",21,0.07,10.24,386,6.13,1092753.23,40,19,13,31,14,86.50,12,668,1,1,86.50,0.00,0.00,0.12,11,162.00,155,18386.30,0,2,13,java.lang.Object,0.00,10,0,215,0,10,19,1,12,2909,1
"org.apache.lucene.queryParser.surround.parser.SuppressWarnings",6,0.20,1.50,48,0.66,33774.42,11,5,0,14,0,59.58,51,72,0,2,107.69,0.00,0.50,0.03,1,10.00,3,1967.96,1,3,0,java.lang.Error,0.00,8,1,9,0,8,3,0,14,375,1
"org.apache.lucene.queryParser.surround.parser.Token",7,0.12,1.00,24,0.16,1989.42,15,8,0,8,5,83.88,67,38,5,1,133.88,0.00,0.00,0.02,1,12.00,1,468.86,0,4,0,java.lang.Object,0.00,1,0,7,0,1,3,0,15,131,1
"org.apache.lucene.analysis.icu.segmentation.BreakIteratorWrapper",6,0.25,1.17,19,0.18,4264.26,10,4,6,10,5,112.84,33,26,4,1,130.71,0.00,0.00,0.04,1,10.00,2,551.06,0,1,1,java.lang.Object,0.00,4,0,7,2,4,5,0,4,140,1
"org.apache.lucene.analysis.icu.segmentation.BreakIteratorWrapper$BIWrapper",6,0.00,1.67,30,0.31,11397.01,8,2,6,12,1,118.99,2,43,0,2,118.99,0.00,0.50,0.50,0,6.00,5,935.08,0,0,1,org.apache.lucene.analysis.icu.segmentation.BreakIteratorWrapper,0.50,6,1,10,0,6,6,0,2,211,2
"org.apache.lucene.analysis.icu.segmentation.BreakIteratorWrapper$RBBIWrapper",5,0.25,1.00,12,0.09,1065.75,6,1,6,9,1,141.43,0,22,0,2,141.43,0.00,0.50,0.80,0,0.00,1,261.29,0,0,1,org.apache.lucene.analysis.icu.segmentation.BreakIteratorWrapper,0.55,4,1,5,0,4,5,0,0,78,2
"org.apache.lucene.analysis.icu.segmentation.CharArrayIterator",14,0.15,1.36,53,0.39,7709.50,19,5,1,17,5,131.55,11,72,5,1,131.55,0.00,0.00,0.34,1,2.00,2,1169.04,0,1,0,java.lang.Object,0.00,3,0,19,0,3,13,1,2,297,1
"org.apache.lucene.analysis.icu.segmentation.CompositeBreakIterator",7,0.13,1.71,34,0.44,15603.79,12,5,2,19,4,89.83,46,49,1,1,122.05,0.00,0.00,0.31,0,1.00,3,1313.23,0,0,3,java.lang.Object,0.00,12,0,12,0,12,7,0,6,299,1
"org.apache.lucene.analysis.icu.segmentation.DefaultICUTokenizerConfig",3,0.38,2.00,35,0.64,21455.36,15,12,7,11,5,51.64,28,58,2,2,101.64,0.00,0.50,0.33,0,5.00,3,1933.99,0,3,3,org.apache.lucene.analysis.icu.segmentation.ICUTokenizerConfig,0.80,8,1,6,0,8,0,0,9,375,1
"org.apache.lucene.analysis.icu.segmentation.ICUTokenizer",9,0.18,2.33,62,0.86,31220.94,20,11,9,26,11,71.61,68,88,3,4,113.90,0.00,0.75,0.25,2,0.00,4,2588.15,2,0,8,org.apache.lucene.analysis.Tokenizer,0.46,17,3,21,0,17,9,0,18,529,2
"org.apache.lucene.analysis.icu.segmentation.ICUTokenizerConfig",2,0.00,1.00,3,0.02,147.30,2,0,1,2,3,156.53,8,4,3,1,156.30,0.00,0.00,0.00,0,2.00,1,67.31,0,2,0,java.lang.Object,0.00,0,0,2,1,0,0,0,3,23,2
"org.apache.lucene.analysis.icu.segmentation.LaoBreakIterator",14,0.09,2.00,98,1.31,62102.40,21,7,5,33,4,150.48,41,136,3,2,110.60,0.00,0.50,0.22,4,38.00,4,3942.69,1,2,1,com.ibm.icu.text.BreakIterator,0.00,19,1,28,0,19,12,0,6,834,1
"org.apache.lucene.analysis.icu.segmentation.ScriptIterator",7,0.08,1.71,48,0.49,18534.25,15,8,3,11,1,66.79,57,63,1,1,114.89,0.00,0.00,0.20,2,20.00,5,1481.60,0,0,0,java.lang.Object,0.00,4,0,12,0,4,7,0,11,322,1
"org.apache.lucene.analysis.icu.segmentation.TestCharArrayIterator",7,0.00,1.14,61,0.78,17035.89,7,0,2,24,1,160.62,9,69,0,2,110.62,0.00,0.50,0.00,0,7.00,2,2336.73,0,0,1,org.apache.lucene.util.LuceneTestCase,0.00,17,1,8,0,17,7,0,9,497,1
"org.apache.lucene.analysis.icu.segmentation.TestICUTokenizer",27,0.00,1.04,97,1.61,26836.23,27,0,10,36,7,129.59,18,151,0,3,129.59,0.00,0.67,0.00,0,27.00,2,4825.33,3,0,7,org.apache.lucene.analysis.BaseTokenStreamTestCase,0.00,9,2,28,0,9,27,0,12,1028,1
"org.apache.lucene.analysis.icu.segmentation.TestICUTokenizer$ReusableAnalyzerBase",1,0.00,1.00,5,0.05,910.74,1,0,10,4,4,121.62,0,8,0,1,121.62,0.00,0.00,0.00,0,1.00,1,161.73,0,1,4,java.lang.Object,0.00,3,0,1,0,3,0,0,0,39,0
"org.apache.lucene.analysis.icu.segmentation.TestLaoBreakIterator",6,0.40,1.50,44,0.55,24428.42,7,1,6,22,2,110.96,3,49,0,2,110.96,0.00,0.50,0.67,1,0.00,3,1656.66,1,0,2,org.apache.lucene.util.LuceneTestCase,0.00,16,1,9,0,16,6,0,1,342,1
"org.apache.lucene.analysis.icu.tokenattributes.ScriptAttribute",4,0.00,1.00,5,0.02,112.74,4,0,2,4,3,141.71,23,6,2,2,159.58,0.00,0.50,0.00,0,4.00,1,69.99,0,2,1,,0.00,0,1,4,0,0,2,0,6,28,1
"org.apache.lucene.analysis.icu.tokenattributes.ScriptAttributeImpl",9,0.25,1.22,25,0.22,3365.82,10,1,3,13,4,139.46,5,42,1,2,139.46,0.00,0.50,0.78,0,0.00,3,650.85,0,2,3,org.apache.lucene.util.AttributeImpl,0.14,4,1,11,0,4,7,2,1,170,1
"org.apache.lucene.search.vectorhighlight.AbstractTestCase",25,0.01,1.32,108,1.27,27507.11,39,14,27,50,27,164.41,59,154,8,2,124.53,8.00,0.10,0.06,7,257.00,3,3805.39,2,12,19,org.apache.lucene.util.LuceneTestCase,0.00,25,1,33,8,25,13,0,59,820,2
"org.apache.lucene.search.vectorhighlight.AbstractTestCase$BasicNGramTokenizer",13,0.16,1.85,86,0.93,28960.27,30,17,27,26,3,115.47,0,117,0,4,115.47,0.00,0.75,0.21,3,69.00,8,2777.02,2,0,3,org.apache.lucene.analysis.Tokenizer,0.40,13,3,24,0,13,13,0,0,578,2
"org.apache.lucene.search.vectorhighlight.AbstractTestCase$BigramAnalyzer",1,0.00,1.00,3,0.03,356.80,1,0,27,2,2,133.10,0,6,0,2,133.10,0.00,0.50,0.00,0,1.00,1,89.98,0,1,2,org.apache.lucene.analysis.Analyzer,0.00,1,1,1,0,1,0,0,0,25,2
"org.apache.lucene.search.vectorhighlight.BaseFragmentsBuilder",18,0.07,1.61,77,1.37,52428.97,24,6,12,38,10,121.15,2,122,2,1,121.15,0.00,0.00,0.10,7,98.00,4,4098.07,0,14,8,java.lang.Object,0.00,20,0,29,2,20,4,1,2,832,2
"org.apache.lucene.search.vectorhighlight.FastVectorHighlighter",11,0.02,1.00,38,0.59,13192.17,17,6,4,19,16,80.85,95,61,5,1,128.96,0.00,0.00,0.15,1,53.00,1,1762.91,0,5,11,java.lang.Object,0.00,8,0,11,0,8,6,0,11,391,1
"org.apache.lucene.search.vectorhighlight.FieldFragList",2,1.00,1.00,6,0.07,1305.11,3,1,4,5,10,82.93,16,8,10,1,131.04,0.00,0.00,0.50,0,2.00,1,213.52,0,0,0,java.lang.Object,0.00,3,0,2,0,3,2,0,3,55,1
"org.apache.lucene.search.vectorhighlight.FieldFragList$WeightedFragInfo",6,0.15,1.33,31,0.31,8412.17,10,4,4,13,0,120.08,0,39,0,1,120.08,0.00,0.00,0.38,0,6.00,2,918.02,0,2,0,java.lang.Object,0.00,7,0,8,0,7,4,0,0,206,2
"org.apache.lucene.search.vectorhighlight.FieldFragList$WeightedFragInfo$SubInfo",4,0.11,1.25,20,0.17,3926.00,7,3,4,8,0,121.32,3,25,0,1,121.32,0.00,0.00,0.25,0,10.00,2,505.28,0,2,0,java.lang.Object,0.00,4,0,5,0,4,2,0,3,123,2
"org.apache.lucene.search.vectorhighlight.FieldPhraseList",2,1.00,6.50,38,0.50,36767.82,3,1,5,19,12,57.07,12,50,10,1,89.29,0.00,0.00,0.50,1,2.00,10,1503.61,0,0,2,java.lang.Object,0.00,17,0,13,0,17,2,0,4,279,1
"org.apache.lucene.search.vectorhighlight.FieldPhraseList$WeightedPhraseInfo",6,0.00,2.33,55,0.71,36564.65,10,4,5,24,0,105.40,4,65,0,1,105.40,0.00,0.00,0.25,2,6.00,5,2118.45,0,1,0,java.lang.Object,0.00,18,0,14,0,18,5,0,4,429,2
"org.apache.lucene.search.vectorhighlight.FieldPhraseList$WeightedPhraseInfo$Toffs",5,0.12,1.00,16,0.13,2424.75,7,2,5,9,0,132.05,0,23,0,1,132.05,0.00,0.00,0.40,0,6.00,1,392.38,0,1,0,java.lang.Object,0.00,4,0,5,0,4,4,0,0,106,2
"org.apache.lucene.search.vectorhighlight.FieldPhraseListTest",13,0.00,1.00,119,2.03,46042.53,13,0,2,24,5,107.46,9,133,0,3,107.46,0.00,0.67,0.00,0,0.00,1,6093.97,7,0,5,org.apache.lucene.search.vectorhighlight.AbstractTestCase,0.00,11,2,13,0,11,13,0,9,1189,1
"org.apache.lucene.search.vectorhighlight.FieldQuery",14,0.10,3.93,134,1.89,94622.83,18,4,15,51,24,87.06,81,161,17,1,104.93,0.00,0.00,0.16,7,66.00,12,5662.38,0,4,7,java.lang.Object,0.00,37,0,55,0,37,10,0,17,1113,1
"org.apache.lucene.search.vectorhighlight.FieldQuery$QueryPhraseMap",13,0.03,1.85,68,0.75,25934.12,19,6,15,34,5,118.80,7,84,0,1,118.80,0.00,0.00,0.14,3,99.00,5,2238.31,0,3,5,java.lang.Object,0.00,21,0,24,0,21,10,0,7,479,2
"org.apache.lucene.search.vectorhighlight.FieldQueryTest",23,0.00,1.00,576,9.62,863402.72,23,0,10,62,4,83.07,95,615,0,3,82.83,0.00,0.67,0.00,0,102.00,1,28848.23,5,0,4,org.apache.lucene.search.vectorhighlight.AbstractTestCase,0.00,39,2,23,0,39,23,0,76,5333,1
"org.apache.lucene.search.vectorhighlight.FieldTermStack",5,0.00,2.60,36,0.49,27213.71,7,2,9,17,15,61.36,50,42,9,1,109.84,0.00,0.00,0.50,0,0.00,9,1471.66,0,1,6,java.lang.Object,0.00,12,0,13,0,12,4,0,29,274,1
"org.apache.lucene.search.vectorhighlight.FieldTermStack$TermInfo",7,0.04,1.00,24,0.22,4349.67,11,4,9,11,0,131.21,0,25,0,1,131.21,0.00,0.00,0.29,0,16.00,1,656.32,0,2,0,java.lang.Object,0.00,4,0,7,0,4,5,1,0,169,2
"org.apache.lucene.search.vectorhighlight.FieldTermStackTest",11,0.00,1.00,94,1.47,31877.37,11,0,2,19,4,160.05,13,106,0,3,110.05,0.00,0.67,0.00,2,0.00,1,4419.49,7,0,4,org.apache.lucene.search.vectorhighlight.AbstractTestCase,0.00,8,2,11,0,8,11,0,13,876,1
"org.apache.lucene.search.vectorhighlight.FragListBuilder",1,0.00,1.00,2,0.01,54.79,1,0,0,1,12,193.91,27,3,10,1,146.08,0.00,0.00,0.00,0,1.00,1,36.53,0,1,2,,0.00,0,0,1,0,0,0,0,3,13,1
"org.apache.lucene.search.vectorhighlight.FragmentsBuilder",4,0.00,1.00,5,0.12,1002.81,4,0,3,4,12,122.73,55,12,9,1,152.11,0.00,0.00,0.00,0,4.00,1,347.18,0,4,3,,0.00,0,0,4,0,0,0,0,5,86,1
"org.apache.lucene.search.vectorhighlight.IndexTimeSynonymTest",23,0.00,1.00,171,2.97,63396.60,23,0,11,44,10,112.38,16,207,0,3,112.38,0.00,0.67,0.00,5,0.00,1,8921.27,3,2,10,org.apache.lucene.search.vectorhighlight.AbstractTestCase,0.00,21,2,23,0,21,21,0,16,1739,1
"org.apache.lucene.search.vectorhighlight.IndexTimeSynonymTest$TokenArrayAnalyzer",2,1.00,1.00,7,0.06,794.10,3,1,11,3,3,132.74,0,11,0,2,132.74,0.00,0.50,0.00,0,2.00,1,169.39,0,1,3,org.apache.lucene.analysis.Analyzer,0.00,1,1,2,0,1,1,0,0,46,3
"org.apache.lucene.search.vectorhighlight.IndexTimeSynonymTest$TokenArrayAnalyzer$TokenStream",1,0.00,2.00,8,0.09,1680.59,3,2,11,2,2,111.75,0,10,0,1,111.75,0.00,0.00,1.00,0,0.00,2,268.89,0,0,2,java.lang.Object,0.00,1,0,2,0,1,1,0,0,61,0
"org.apache.lucene.search.vectorhighlight.ScoreOrderFragmentsBuilder",3,0.00,1.00,9,0.08,1420.99,3,0,4,5,4,114.26,15,14,3,2,132.13,0.00,0.50,0.00,0,3.00,1,243.89,0,1,1,org.apache.lucene.search.vectorhighlight.BaseFragmentsBuilder,0.00,2,1,3,0,2,2,0,4,66,1
"org.apache.lucene.search.vectorhighlight.ScoreOrderFragmentsBuilder$ScoreComparator",1,0.00,5.00,5,0.11,4822.85,1,0,4,1,0,165.55,1,11,0,1,115.55,0.00,0.00,0.00,0,1.00,5,318.47,0,0,0,java.lang.Object,0.00,0,0,5,0,0,1,1,1,76,2
"org.apache.lucene.search.vectorhighlight.ScoreOrderFragmentsBuilderTest",2,0.00,1.00,16,0.22,4464.11,2,0,1,11,8,110.94,1,19,0,3,110.94,0.00,0.67,0.00,0,0.00,1,658.35,1,1,8,org.apache.lucene.search.vectorhighlight.AbstractTestCase,0.00,9,2,2,0,9,1,0,1,134,1
"org.apache.lucene.search.vectorhighlight.SimpleFragListBuilder",1,0.00,13.00,33,0.51,45289.98,3,2,4,12,8,77.34,4,47,5,1,77.10,0.00,0.00,1.00,0,0.00,13,1527.56,0,1,3,java.lang.Object,0.00,11,0,13,0,11,0,1,2,267,1
"org.apache.lucene.search.vectorhighlight.SimpleFragListBuilderTest",14,0.00,1.14,108,1.84,45222.85,14,0,1,26,7,111.81,1,126,0,3,111.81,0.00,0.67,0.00,1,38.00,2,5523.33,6,1,7,org.apache.lucene.search.vectorhighlight.AbstractTestCase,0.00,12,2,16,0,12,13,0,1,1107,1
"org.apache.lucene.search.vectorhighlight.SimpleFragmentsBuilder",3,0.00,1.00,7,0.05,772.74,3,0,2,3,3,122.91,16,12,2,2,140.79,0.00,0.50,0.00,0,3.00,1,153.74,0,1,1,org.apache.lucene.search.vectorhighlight.BaseFragmentsBuilder,0.00,0,1,3,0,0,2,0,4,47,1
"org.apache.lucene.search.vectorhighlight.SimpleFragmentsBuilderTest",12,0.00,1.08,100,1.48,29017.39,12,0,11,36,14,110.65,4,115,0,3,110.65,0.00,0.67,0.00,1,0.00,2,4435.44,7,1,14,org.apache.lucene.search.vectorhighlight.AbstractTestCase,0.00,24,2,13,0,24,11,0,4,871,1
"org.apache.lucene.search.vectorhighlight.SingleFragListBuilder",1,0.00,5.00,13,0.19,7359.31,1,0,5,9,5,48.63,9,18,2,1,98.63,0.00,0.00,0.00,0,1.00,5,558.35,0,1,3,java.lang.Object,0.00,8,0,5,0,8,0,1,1,108,1
"org.apache.lucene.search.vectorhighlight.SingleFragListBuilderTest",4,0.00,1.00,21,0.32,5493.68,4,0,1,14,7,120.45,16,26,0,3,120.22,0.00,0.67,0.00,1,6.00,1,955.33,1,1,7,org.apache.lucene.search.vectorhighlight.AbstractTestCase,0.00,10,2,4,0,10,3,0,1,201,1
"org.apache.solr.update.processor.CustomUpdateRequestProcessorFactory",2,1.00,1.00,6,0.06,689.28,3,1,5,2,6,173.11,4,13,1,2,133.22,0.00,0.50,0.00,0,2.00,1,170.60,0,1,5,org.apache.solr.update.processor.UpdateRequestProcessorFactory,0.00,0,1,2,0,0,1,0,2,46,1
"org.apache.solr.update.processor.LogUpdateProcessor",7,0.29,3.14,52,0.74,22405.54,15,8,13,25,12,161.61,13,74,1,2,111.61,0.00,0.50,0.38,0,0.00,6,2207.81,0,0,12,org.apache.solr.update.processor.UpdateRequestProcessor,0.14,18,1,22,0,18,7,0,11,449,0
"org.apache.solr.update.processor.LogUpdateProcessorFactory",2,1.00,2.00,11,0.13,2667.72,3,1,13,6,15,102.29,10,18,3,2,120.16,0.00,0.50,0.50,0,2.00,2,386.81,0,0,13,org.apache.solr.update.processor.UpdateRequestProcessorFactory,0.00,4,1,4,0,4,2,0,3,88,1
"org.apache.solr.update.processor.Lookup3Signature",3,0.50,1.00,7,0.15,3993.73,4,1,1,5,2,135.17,0,13,0,2,135.17,0.00,0.50,0.67,0,1.00,1,454.49,0,0,2,org.apache.solr.update.processor.Signature,0.33,2,1,3,0,2,3,0,0,110,1
"org.apache.solr.update.processor.MD5Signature",3,0.33,1.33,15,0.17,3738.84,6,3,5,12,2,120.48,1,24,1,2,120.48,1.00,0.33,0.56,0,0.00,2,496.30,0,0,1,org.apache.solr.update.processor.Signature,0.33,9,1,4,1,9,3,0,1,114,1
"org.apache.solr.update.processor.MD5Signature$ThreadLocal<MessageDigest>",1,0.00,2.00,5,0.05,948.63,1,0,5,3,0,121.32,0,9,0,1,121.32,0.00,0.00,0.00,0,0.00,2,138.59,0,1,0,java.lang.Object,0.00,2,0,2,0,2,0,0,0,35,0
"org.apache.solr.update.processor.RunUpdateProcessor",6,0.00,1.17,26,0.28,4629.60,8,2,10,17,11,125.77,3,43,1,2,125.77,0.00,0.50,0.50,0,0.00,2,832.79,5,0,10,org.apache.solr.update.processor.UpdateRequestProcessor,0.00,11,1,7,0,11,6,0,1,200,0
"org.apache.solr.update.processor.RunUpdateProcessorFactory",1,0.00,1.00,3,0.03,455.69,1,0,10,2,13,114.39,5,8,1,2,132.27,0.00,0.50,0.00,0,1.00,1,99.51,0,1,12,org.apache.solr.update.processor.UpdateRequestProcessorFactory,0.00,1,1,1,0,1,0,0,1,27,1
"org.apache.solr.update.processor.Signature",3,0.00,1.00,4,0.02,149.83,3,0,1,3,4,157.62,0,6,3,1,157.62,0.00,0.00,0.00,0,3.00,1,74.91,0,0,1,java.lang.Object,0.00,0,0,3,3,0,3,0,0,27,2
"org.apache.solr.update.processor.SignatureUpdateProcessorFactory",9,0.02,1.56,43,0.51,14274.11,16,7,19,21,17,123.24,1,69,2,2,123.24,0.00,0.50,0.16,2,35.00,4,1523.38,0,4,15,org.apache.solr.update.processor.UpdateRequestProcessorFactory,0.00,12,1,14,0,12,5,1,1,316,1
"org.apache.solr.update.processor.SignatureUpdateProcessorFactory$SignatureUpdateProcessor",2,1.00,6.50,43,0.68,50555.75,3,1,19,18,9,86.58,0,54,0,2,86.58,0.00,0.50,0.50,0,2.00,12,2046.46,0,0,9,org.apache.solr.update.processor.UpdateRequestProcessor,0.00,16,1,13,0,16,2,0,0,331,0
"org.apache.solr.update.processor.SignatureUpdateProcessorFactoryTest",8,0.71,1.88,115,1.40,53544.18,9,1,18,42,14,147.98,8,129,0,3,97.98,0.00,0.67,0.38,2,8.00,7,4211.08,7,0,14,org.apache.solr.SolrTestCaseJ4,0.05,34,2,15,0,34,8,0,4,780,1
"org.apache.solr.update.processor.SignatureUpdateProcessorFactoryTest$SolrQueryRequestBase",0,0.00,0.00,1,0.01,69.74,0,0,18,0,0,171.00,0,2,0,1,171.00,0.00,0.00,0.00,0,0.00,0,34.87,0,0,0,java.lang.Object,0.00,0,0,0,0,0,0,0,0,11,0
"org.apache.solr.update.processor.SignatureUpdateProcessorFactoryTest$Thread",1,0.00,3.00,9,0.09,2429.11,1,0,18,5,0,148.38,2,12,0,1,108.49,0.00,0.00,0.00,0,1.00,3,260.22,0,0,0,java.lang.Object,0.00,4,0,3,0,4,1,0,2,54,0
"org.apache.solr.update.processor.SignatureUpdateProcessorFactoryTest$Thread_0",1,0.00,3.00,10,0.10,2773.29,1,0,18,6,0,126.95,3,13,0,1,106.33,0.00,0.00,0.00,0,1.00,3,287.81,0,0,0,java.lang.Object,0.00,5,0,3,0,5,1,0,3,59,0
"org.apache.solr.update.processor.TextProfileSignature",3,0.25,6.00,59,0.92,81645.88,5,2,6,27,2,37.97,28,80,0,3,87.96,0.00,0.67,0.67,0,1.00,16,2763.95,2,0,2,org.apache.solr.update.processor.MD5Signature,0.33,24,2,18,0,24,3,0,7,474,1
"org.apache.solr.update.processor.TextProfileSignature$Token",2,0.00,1.00,8,0.06,776.67,4,2,6,2,0,128.15,0,12,0,1,128.15,0.00,0.00,0.50,0,2.00,1,179.10,0,1,0,java.lang.Object,0.00,0,0,2,0,0,1,0,0,50,2
"org.apache.solr.update.processor.TextProfileSignature$TokenComparator",1,0.00,1.00,3,0.03,504.81,1,0,6,1,0,131.92,0,5,0,1,131.92,0.00,0.00,0.00,0,1.00,1,99.83,0,0,0,java.lang.Object,0.00,0,0,1,0,0,1,1,0,28,2
"org.apache.solr.update.processor.UpdateRequestProcessor",7,0.08,1.86,17,0.20,3562.39,9,2,8,14,38,178.20,15,27,33,1,138.31,0.00,0.00,0.43,0,0.00,2,593.82,0,0,5,java.lang.Object,0.00,7,0,13,6,7,7,0,2,154,2
"org.apache.solr.update.processor.UpdateRequestProcessorChain",5,0.12,1.60,25,0.26,8122.91,7,2,6,12,15,140.15,19,32,9,1,119.53,0.00,0.00,0.40,0,2.00,3,793.13,0,0,7,java.lang.Object,0.00,7,0,8,0,7,5,1,1,177,2
"org.apache.solr.update.processor.UpdateRequestProcessorFactory",2,0.00,1.00,3,0.03,173.49,2,0,6,2,15,155.97,9,8,9,1,155.74,0.00,0.00,0.00,0,2.00,1,80.82,0,1,7,java.lang.Object,0.00,0,0,2,6,0,1,1,2,26,2
"org.apache.solr.update.processor.UpdateRequestProcessorFactoryTest",3,0.00,1.00,16,0.21,4189.53,3,0,3,8,5,160.05,6,17,0,3,120.16,0.00,0.67,0.00,0,4.00,1,619.96,0,2,5,org.apache.solr.util.AbstractSolrTestCase,0.18,5,2,3,0,5,1,0,4,130,1
"org.apache.lucene.benchmark.byTask.Benchmark",5,0.17,2.40,45,0.56,26323.63,8,3,5,27,7,73.68,31,62,4,1,105.90,0.00,0.00,0.47,0,0.00,5,1674.09,0,2,3,java.lang.Object,0.00,22,0,12,0,22,3,0,9,327,1
"org.apache.lucene.benchmark.byTask.PerfRunData",20,0.03,1.75,106,1.10,30024.33,32,12,19,57,72,120.02,81,142,60,1,119.78,0.00,0.00,0.11,4,244.00,6,3294.86,0,10,15,java.lang.Object,0.00,37,0,35,0,37,10,0,36,681,1
"org.apache.lucene.benchmark.byTask.TestPerfTasksLogic",32,0.00,1.47,298,5.92,164998.20,32,0,36,103,28,106.32,156,742,0,3,106.08,0.00,0.67,0.00,7,32.00,7,17765.07,4,5,28,org.apache.lucene.benchmark.BenchmarkTestCase,0.00,71,2,47,0,71,27,0,119,3129,1
"org.apache.lucene.benchmark.byTask.TestPerfTasksLogic$MyMergePolicy",1,0.00,1.00,4,0.02,179.59,2,1,36,1,1,130.79,0,6,0,4,130.79,0.00,0.75,1.00,0,0.00,1,63.86,0,0,1,org.apache.lucene.index.LogDocMergePolicy,0.00,0,3,1,0,0,1,0,0,20,2
"org.apache.lucene.benchmark.byTask.TestPerfTasksLogic$MyMergeScheduler",1,0.00,1.00,5,0.02,206.76,2,1,36,1,1,126.69,0,7,0,3,126.69,0.00,0.67,1.00,0,0.00,1,74.73,0,0,1,org.apache.lucene.index.SerialMergeScheduler,0.00,0,2,1,0,0,1,0,0,23,2
"org.apache.lucene.benchmark.byTask.TestPerfTasksParse",2,0.00,4.00,34,0.58,22144.57,5,3,6,15,4,132.82,4,44,0,2,92.94,0.00,0.50,0.33,0,0.00,4,1735.55,0,0,4,org.apache.lucene.util.LuceneTestCase,0.00,13,1,8,0,13,2,0,4,308,1
"org.apache.lucene.queryParser.core.processors.NoChildOptimizationQueryNodeProcessor",4,0.00,2.00,16,0.19,8656.45,4,0,9,7,10,142.73,12,31,1,2,122.12,0.00,0.50,0.00,0,4.00,5,579.16,0,3,9,org.apache.lucene.queryParser.core.processors.QueryNodeProcessorImpl,0.00,3,1,8,0,3,1,0,2,126,1
"org.apache.lucene.queryParser.core.processors.QueryNodeProcessor",3,0.00,1.00,4,0.02,126.39,3,0,3,3,7,147.85,47,5,5,1,158.21,0.00,0.00,0.00,0,3.00,1,66.26,0,2,3,,0.00,0,0,3,0,0,1,0,4,25,1
"org.apache.lucene.queryParser.core.processors.QueryNodeProcessorImpl",11,2.00,1.55,49,0.47,17925.54,13,2,5,19,25,74.67,110,68,21,1,123.15,0.00,0.00,0.00,3,11.00,4,1399.68,0,6,4,java.lang.Object,0.00,8,0,17,20,8,5,1,8,317,2
"org.apache.lucene.queryParser.core.processors.QueryNodeProcessorImpl$ChildrenList",0,0.00,0.00,2,0.02,222.03,1,1,5,0,1,171.00,0,3,0,2,171.00,0.00,0.50,0.00,0,0.00,0,55.51,0,0,1,java.util.ArrayList,0.00,0,1,0,0,0,0,0,0,15,2
"org.apache.lucene.queryParser.core.processors.QueryNodeProcessorPipeline",28,2.00,1.39,79,0.78,15889.59,30,2,4,32,9,138.24,119,111,5,1,138.01,0.00,0.00,0.00,18,28.00,3,2344.36,0,7,4,java.lang.Object,0.00,4,0,39,2,4,21,2,30,596,1
"org.apache.lucene.queryParser.core.processors.RemoveDeletedQueryNodesProcessor",5,0.00,2.60,35,0.37,17696.46,5,0,6,13,6,161.31,7,49,2,2,111.31,0.00,0.50,0.00,0,5.00,6,1099.83,1,4,5,org.apache.lucene.queryParser.core.processors.QueryNodeProcessorImpl,0.00,8,1,13,0,8,1,0,2,227,1
"org.apache.solr.handler.clustering.carrot.Bindable",2,0.00,3.00,34,0.50,21982.42,6,4,7,11,0,93.03,0,51,0,2,93.03,0.00,0.50,0.25,1,2.00,4,1497.92,0,1,0,ProcessingComponentBase,0.00,9,1,6,0,9,1,1,0,282,1
"org.apache.solr.handler.clustering.carrot.Bindable$SnowballStemmerFactory",1,0.00,4.00,30,0.54,20885.42,2,1,37,6,16,107.85,19,43,0,1,81.56,0.00,0.00,1.00,0,0.00,4,1612.04,0,1,16,java.lang.Object,0.00,5,0,4,0,5,0,0,4,299,3
"org.apache.solr.handler.clustering.carrot.Bindable$SnowballStemmerFactory$ArabicStemmerFactory",1,0.00,2.00,12,0.12,1872.01,1,0,37,2,2,56.71,8,24,0,1,104.82,0.00,0.00,0.00,0,1.00,2,350.02,0,1,2,java.lang.Object,0.00,1,0,2,0,1,0,0,2,85,2
"org.apache.solr.handler.clustering.carrot.Bindable$SnowballStemmerFactory$ArabicStemmerFactory$ChineseTokenizerFactory",1,0.00,2.00,11,0.09,1181.30,1,0,37,3,0,107.80,0,24,0,1,107.80,0.00,0.00,0.00,0,1.00,2,270.76,0,1,0,java.lang.Object,0.00,2,0,2,0,2,0,0,0,69,3
"org.apache.solr.handler.clustering.carrot.Bindable$SnowballStemmerFactory$ArabicStemmerFactory$ChineseTokenizerFactory$ChineseTokenizer",4,0.22,2.25,34,0.48,13101.83,10,6,37,18,3,159.44,4,48,0,1,109.44,0.00,0.00,0.33,0,2.00,4,1431.87,0,0,3,java.lang.Object,0.00,14,0,9,0,14,4,1,4,286,3
"org.apache.solr.handler.clustering.carrot.Bindable$SnowballStemmerFactory$ArabicStemmerFactory$LuceneStemmerAdapter",3,0.33,2.67,28,0.39,18411.02,6,3,37,10,2,105.35,1,31,0,1,105.35,0.00,0.00,0.56,0,1.00,4,1179.95,0,1,2,java.lang.Object,0.00,7,0,8,0,7,2,1,1,244,2
"org.apache.solr.handler.clustering.carrot.Bindable$SnowballStemmerFactory$SnowballStemmerAdapter",2,1.00,1.50,10,0.07,1220.79,3,1,37,6,1,122.90,0,14,0,1,122.90,0.00,0.00,0.50,0,2.00,2,220.84,0,1,1,java.lang.Object,0.00,4,0,3,0,4,1,1,0,59,2
"org.apache.solr.handler.clustering.carrot.CarrotParams",0,0.00,0.00,11,0.17,6206.49,10,10,2,1,1,171.00,16,14,1,1,171.00,0.00,0.00,0.00,0,0.00,0,506.65,0,0,0,,0.00,1,0,0,0,1,0,0,1,98,1
"org.apache.solr.handler.clustering.carrot.SuppressWarnings",15,0.00,1.33,92,1.41,36468.80,15,0,23,45,18,115.24,11,130,0,4,115.24,0.00,0.75,0.00,4,52.00,3,4217.13,0,3,18,org.apache.solr.handler.clustering.AbstractClusteringTestCase,0.00,30,3,20,0,30,12,0,9,838,1
"org.apache.solr.handler.clustering.carrot.SuppressWarnings$LocalSolrQueryRequest",1,0.00,1.00,3,0.03,347.48,1,0,37,2,1,133.19,0,5,0,1,133.19,0.00,0.00,0.00,0,1.00,1,95.04,0,1,1,java.lang.Object,0.00,1,0,1,0,1,0,0,0,27,0
"org.apache.lucene.analysis.payloads.AbstractEncoder",1,0.00,1.00,3,0.03,379.39,1,0,1,1,5,133.13,4,5,3,1,132.89,0.00,0.00,0.00,1,1.00,1,82.56,0,1,2,java.lang.Object,0.00,0,0,1,3,0,0,1,1,24,2
"org.apache.lucene.analysis.payloads.DelimitedPayloadTokenFilter",2,0.40,2.50,25,0.29,12170.67,7,5,5,8,8,58.44,14,28,3,4,100.73,0.00,0.75,0.40,0,2.00,4,875.75,0,0,5,org.apache.lucene.analysis.TokenFilter,0.29,6,3,5,0,6,2,0,3,178,2
"org.apache.lucene.analysis.payloads.DelimitedPayloadTokenFilterTest",6,0.00,1.67,91,1.62,61942.85,6,0,7,27,10,95.40,0,100,0,2,95.40,0.00,0.50,0.00,1,6.00,3,4859.14,0,0,10,org.apache.lucene.util.LuceneTestCase,0.00,21,1,10,0,21,6,0,0,884,1
"org.apache.lucene.analysis.payloads.FloatEncoder",1,0.00,1.00,7,0.09,1790.78,1,0,1,6,7,71.57,7,9,3,2,113.86,0.00,0.50,0.00,0,1.00,1,271.25,0,1,4,org.apache.lucene.analysis.payloads.AbstractEncoder,0.00,5,1,1,0,5,0,1,2,60,1
"org.apache.lucene.analysis.payloads.IdentityEncoder",3,1.00,1.33,13,0.18,5868.22,4,1,4,13,5,172.56,5,18,2,2,122.56,0.00,0.50,0.33,0,4.00,2,549.25,0,1,3,org.apache.lucene.analysis.payloads.AbstractEncoder,0.00,10,1,4,0,10,2,1,2,119,1
"org.apache.lucene.analysis.payloads.IntegerEncoder",1,0.00,1.00,7,0.08,1787.95,1,0,2,5,7,71.57,7,9,2,2,113.86,0.00,0.50,0.00,0,1.00,1,251.55,0,1,5,org.apache.lucene.analysis.payloads.AbstractEncoder,0.00,4,1,1,0,4,0,1,2,57,1
"org.apache.lucene.analysis.payloads.NumericPayloadTokenFilter",2,0.75,2.00,15,0.17,2957.24,6,4,6,8,8,154.24,5,21,2,4,114.35,0.00,0.75,0.62,0,0.00,3,504.71,0,0,6,org.apache.lucene.analysis.TokenFilter,0.29,6,3,4,0,6,2,0,2,113,1
"org.apache.lucene.analysis.payloads.NumericPayloadTokenFilterTest",1,0.00,3.00,22,0.48,26190.50,1,0,9,15,9,135.88,1,26,0,3,85.88,0.00,0.67,0.00,0,1.00,3,1447.85,0,0,9,org.apache.lucene.analysis.BaseTokenStreamTestCase,0.00,14,2,3,0,14,1,0,1,248,1
"org.apache.lucene.analysis.payloads.NumericPayloadTokenFilterTest$WordTokenFilter",2,0.00,2.00,11,0.11,1946.33,4,2,9,6,4,121.24,0,17,0,4,121.24,0.00,0.75,0.50,0,2.00,3,341.98,0,0,4,org.apache.lucene.analysis.TokenFilter,0.29,4,3,4,0,4,2,0,0,82,2
"org.apache.lucene.analysis.payloads.PayloadEncoder",2,0.00,1.00,3,0.02,107.12,2,0,1,2,7,125.16,13,4,6,1,157.39,0.00,0.00,0.00,0,2.00,1,66.19,0,2,1,,0.00,0,0,2,0,0,0,0,2,23,1
"org.apache.lucene.analysis.payloads.PayloadHelper",7,0.00,1.00,19,0.32,9172.28,7,0,0,9,11,117.35,35,28,11,1,135.22,0.00,0.00,0.00,4,7.00,1,957.98,0,0,0,java.lang.Object,0.00,2,0,7,0,2,7,0,4,227,1
"org.apache.lucene.analysis.payloads.TokenOffsetPayloadTokenFilter",2,0.00,1.50,15,0.17,4835.46,4,2,6,8,8,133.35,6,20,2,4,112.74,0.00,0.75,0.50,0,2.00,2,516.80,0,0,6,org.apache.lucene.analysis.TokenFilter,0.29,6,3,3,0,6,2,0,1,111,1
"org.apache.lucene.analysis.payloads.TokenOffsetPayloadTokenFilterTest",1,0.00,2.00,17,0.30,13290.32,1,0,7,11,7,92.47,0,20,0,3,92.47,0.00,0.67,0.00,0,1.00,2,887.68,0,0,7,org.apache.lucene.analysis.BaseTokenStreamTestCase,0.00,10,2,2,0,10,1,0,0,159,1
"org.apache.lucene.analysis.payloads.TypeAsPayloadTokenFilter",2,0.00,2.00,13,0.15,4399.05,4,2,6,8,7,136.11,6,19,2,4,115.49,0.00,0.75,0.50,0,2.00,3,462.96,0,0,5,org.apache.lucene.analysis.TokenFilter,0.29,6,3,4,0,6,2,0,1,101,1
"org.apache.lucene.analysis.payloads.TypeAsPayloadTokenFilterTest",1,0.00,2.00,16,0.33,14190.29,1,0,9,16,8,93.23,0,19,0,3,93.23,0.00,0.67,0.00,0,1.00,2,992.74,0,0,8,org.apache.lucene.analysis.BaseTokenStreamTestCase,0.00,15,2,2,0,15,1,0,0,178,1
"org.apache.lucene.analysis.payloads.TypeAsPayloadTokenFilterTest$WordTokenFilter",2,0.00,1.50,11,0.12,2166.66,4,2,9,7,4,120.94,0,16,0,4,120.94,0.00,0.75,0.50,0,2.00,2,363.22,0,0,4,org.apache.lucene.analysis.TokenFilter,0.29,5,3,3,0,5,2,0,0,85,2
"org.apache.lucene.xmlparser.webdemo.FormBasedXmlQueryDemo",3,0.62,3.67,58,1.08,45513.50,7,4,28,40,15,110.69,11,79,0,2,90.08,0.00,0.50,0.67,1,0.00,6,3236.18,1,0,15,javax.servlet.http.HttpServlet,0.00,37,1,11,0,37,3,0,11,547,1
"org.apache.solr.velocity.VelocityResponseWriterTest",3,0.00,1.00,13,0.15,2309.92,3,0,6,10,4,125.81,0,15,0,3,125.81,0.00,0.67,0.00,0,3.00,1,436.66,0,2,4,org.apache.solr.util.AbstractSolrTestCase,0.18,7,2,3,0,7,1,0,0,97,1
"org.apache.lucene.util.ArrayUtil",46,0.00,1.98,235,3.24,163919.01,46,0,2,55,75,117.04,214,318,72,1,116.80,0.00,0.00,0.00,9,46.00,7,9707.74,0,2,3,java.lang.Object,0.00,9,0,91,0,9,44,0,58,2063,2
"org.apache.lucene.util.ArrayUtil$SorterTemplate",4,0.67,1.00,12,0.13,2705.31,5,1,2,5,0,130.92,0,20,0,1,130.92,0.00,0.00,0.50,0,4.00,1,400.66,0,0,0,java.lang.Object,0.00,1,0,4,0,1,4,0,0,103,0
"org.apache.lucene.util.ArrayUtil$SorterTemplate_0",4,0.67,1.00,12,0.13,2606.88,5,1,2,5,0,131.04,0,20,0,1,131.04,0.00,0.00,0.50,0,4.00,1,390.98,0,0,0,java.lang.Object,0.00,1,0,4,0,1,4,0,0,101,0
"org.apache.lucene.util.Attribute",0,0.00,0.00,1,0.00,12.00,0,0,0,0,39,171.00,19,2,39,1,171.00,0.00,0.00,0.00,0,0.00,0,8.00,0,0,0,,0.00,0,0,0,0,0,0,0,2,4,1
"org.apache.lucene.util.AttributeImpl",5,0.00,2.60,30,0.42,19149.41,5,0,4,23,56,69.41,59,39,53,1,113.54,0.00,0.00,0.00,1,5.00,8,1272.09,1,2,3,java.lang.Object,0.00,18,0,13,33,18,3,2,9,243,2
"org.apache.lucene.util.AttributeImpl$AttributeReflector",1,0.00,5.00,7,0.12,3324.00,1,0,4,5,0,111.37,0,10,0,1,111.37,0.00,0.00,0.00,0,1.00,5,353.00,0,0,0,java.lang.Object,0.00,4,0,5,0,4,1,0,0,73,0
"org.apache.lucene.util.AttributeReflector",1,0.00,1.00,2,0.02,236.00,1,0,0,1,9,190.57,26,3,9,1,141.08,0.00,0.00,0.00,0,1.00,1,72.00,0,0,0,,0.00,0,0,1,0,0,1,0,3,20,1
"org.apache.lucene.util.AttributeSource",0,0.00,0.00,2,0.01,70.18,0,0,10,0,75,171.00,13,2,75,1,171.00,0.00,0.00,0.00,0,0.00,0,28.07,0,0,1,java.lang.Object,0.00,0,0,0,171,0,0,0,3,10,1
"org.apache.lucene.util.AttributeSource$AttributeFactory",23,0.05,3.48,184,2.47,124803.77,29,6,10,69,4,89.74,132,242,0,1,107.62,0.00,0.00,0.12,6,169.00,10,7397.70,0,6,4,java.lang.Object,0.00,46,0,80,0,46,17,0,34,1492,3
"org.apache.lucene.util.AttributeSource$AttributeFactory$AttributeReflector",1,0.00,5.00,7,0.12,3324.00,1,0,10,5,0,111.37,0,10,0,1,111.37,0.00,0.00,0.00,0,1.00,5,353.00,0,0,0,java.lang.Object,0.00,4,0,5,0,4,1,0,0,73,0
"org.apache.lucene.util.AttributeSource$AttributeFactory$DefaultAttributeFactory",3,1.00,4.33,17,0.41,23865.34,4,1,10,13,2,113.87,0,34,0,2,113.87,0.00,0.50,0.33,1,4.00,8,1217.95,0,1,2,org.apache.lucene.util.AttributeFactory,0.00,10,1,13,0,10,2,0,0,241,3
"org.apache.lucene.util.AttributeSource$AttributeFactory$Iterator<AttributeImpl>",3,0.50,1.33,11,0.08,1916.67,4,1,10,5,1,131.04,0,15,0,1,131.04,0.00,0.00,0.67,0,1.00,2,252.66,0,0,1,java.lang.Object,0.00,2,0,4,0,2,3,0,0,66,0
"org.apache.lucene.util.AttributeSource$AttributeFactory$State",1,0.00,2.00,9,0.09,2942.78,3,2,10,4,1,107.93,0,13,0,1,107.93,0.00,0.00,1.00,0,0.00,2,256.35,0,1,1,java.lang.Object,0.00,3,0,2,0,3,0,1,0,63,3
"org.apache.lucene.util.AverageGuessMemoryModel",4,0.00,1.25,11,0.11,2130.20,4,0,2,7,2,120.38,21,21,1,2,138.25,0.00,0.50,0.00,0,4.00,2,339.51,0,0,1,org.apache.lucene.util.MemoryModel,0.75,3,1,5,0,3,4,0,6,87,1
"org.apache.lucene.util.AverageGuessMemoryModel$IdentityHashMap<Class<?>,Integer>",0,0.00,0.00,9,0.16,5350.21,0,0,2,1,0,171.00,0,11,0,1,171.00,0.00,0.00,0.00,0,0.00,0,470.04,0,0,0,java.lang.Object,0.00,1,0,0,0,1,0,0,0,100,0
"org.apache.lucene.util.BitUtil",15,0.86,3.53,433,7.82,2054773.91,16,1,0,15,5,27.80,155,553,5,1,76.28,0.00,0.00,0.20,1,42.00,8,23458.42,0,0,0,java.lang.Object,0.00,0,0,53,0,0,15,0,93,4327,2
"org.apache.lucene.util.BitVector",19,0.22,2.11,139,2.34,231307.52,23,4,4,36,13,127.75,67,183,9,1,107.13,0.00,0.00,0.46,7,0.00,5,7010.34,0,2,4,java.lang.Object,0.00,17,0,40,0,17,17,2,42,1415,2
"org.apache.lucene.util.Bits",2,1.00,1.00,6,0.05,1274.49,3,1,0,2,137,81.12,19,7,137,1,131.12,0.00,0.00,0.00,0,2.00,1,155.26,0,0,0,,0.00,0,0,2,0,0,2,0,2,43,1
"org.apache.lucene.util.Bits$MatchAllBits",3,1.00,1.00,8,0.05,467.73,4,1,0,3,1,142.50,0,12,0,1,142.50,0.00,0.00,0.33,0,4.00,1,138.60,0,0,1,java.lang.Object,0.00,0,0,3,0,0,3,1,0,42,2
"org.apache.lucene.util.Bits$MatchNoBits",3,1.00,1.00,8,0.05,467.73,4,1,0,3,1,142.50,0,12,0,1,142.50,0.00,0.00,0.33,0,4.00,1,138.60,0,0,1,java.lang.Object,0.00,0,0,3,0,0,3,1,0,42,2
"org.apache.lucene.util.BitsSlice",3,0.33,1.33,16,0.18,5285.75,6,3,0,5,2,87.08,18,21,1,1,119.30,0.00,0.00,0.56,0,0.00,2,535.42,0,0,1,java.lang.Object,0.00,2,0,4,0,2,3,1,3,124,2
"org.apache.lucene.util.ByteBlockPool",6,0.32,2.17,73,1.09,57781.72,18,12,3,11,15,56.91,42,84,13,1,99.20,0.00,0.00,0.35,1,0.00,4,3277.99,0,0,2,java.lang.Object,0.00,5,0,13,0,5,6,0,24,630,2
"org.apache.lucene.util.ByteBlockPool$Allocator",4,1.00,1.00,10,0.11,2235.45,5,1,3,6,0,138.14,0,14,0,1,138.14,0.00,0.00,0.25,1,6.00,1,338.34,0,0,0,java.lang.Object,0.00,2,0,4,0,2,4,0,0,88,3
"org.apache.lucene.util.ByteBlockPool$DirectAllocator",3,0.00,1.00,6,0.05,376.94,3,0,3,3,0,143.24,0,11,0,2,143.24,0.00,0.50,0.00,0,4.00,1,135.67,0,0,0,org.apache.lucene.util.Allocator,0.00,0,1,3,0,0,3,0,0,42,3
"org.apache.lucene.util.BytesRef",24,0.02,1.62,129,1.40,60787.64,31,7,5,38,424,157.90,62,163,423,1,118.01,0.00,0.00,0.17,3,116.00,4,4213.34,0,5,2,java.lang.Object,0.00,14,0,39,0,14,19,1,18,925,2
"org.apache.lucene.util.BytesRef$UTF8SortedAsUTF16Comparator",2,0.00,4.00,23,0.29,32318.14,2,0,5,2,1,80.82,10,31,0,1,98.69,0.00,0.00,0.00,0,2.00,7,880.64,0,0,1,java.lang.Object,0.00,0,0,8,0,0,2,1,10,170,2
"org.apache.lucene.util.BytesRef$UTF8SortedAsUnicodeComparator",2,0.00,2.50,19,0.23,18192.71,2,0,5,2,1,154.02,2,24,0,1,104.02,0.00,0.00,0.00,0,2.00,4,690.80,0,0,1,java.lang.Object,0.00,0,0,5,0,0,2,1,2,139,2
"org.apache.lucene.util.BytesRefHash",17,0.20,2.53,198,2.68,276416.14,29,12,7,37,10,50.67,147,242,6,1,98.78,0.00,0.00,0.27,3,0.00,8,8051.14,0,0,4,java.lang.Object,0.00,20,0,43,0,20,17,0,35,1447,2
"org.apache.lucene.util.BytesRefHash$BytesStartArray",4,0.00,1.00,5,0.03,217.18,4,0,7,4,0,139.47,23,6,0,1,157.34,0.00,0.00,0.00,0,4.00,1,89.97,0,1,0,java.lang.Object,0.00,0,0,4,0,0,3,0,4,33,3
"org.apache.lucene.util.BytesRefHash$DirectBytesStartArray",5,0.00,1.00,15,0.16,3475.94,8,3,7,8,2,130.82,0,26,0,2,130.82,0.00,0.50,0.33,0,5.00,1,481.27,0,1,2,org.apache.lucene.util.BytesStartArray,0.00,3,1,5,0,3,4,0,0,119,2
"org.apache.lucene.util.BytesRefHash$SorterTemplate",4,0.11,1.00,18,0.28,8859.55,7,3,7,6,1,122.20,0,29,0,1,122.20,0.00,0.00,0.42,0,0.00,1,852.30,0,0,1,java.lang.Object,0.00,2,0,4,0,2,4,0,0,192,0
"org.apache.lucene.util.BytesRefHash$SuppressWarnings",1,0.00,1.00,3,0.02,192.67,1,0,7,1,0,135.21,0,6,0,2,135.21,0.00,0.50,0.00,0,1.00,1,66.78,0,0,0,java.lang.RuntimeException,0.00,0,1,1,0,0,1,0,0,21,2
"org.apache.lucene.util.CharacterUtils",6,0.40,1.33,15,0.21,4823.83,8,2,2,11,9,176.13,130,19,8,1,136.83,0.00,0.00,0.17,0,10.00,2,617.44,0,1,1,java.lang.Object,0.00,5,0,8,2,5,5,0,9,155,2
"org.apache.lucene.util.CharacterUtils$CharacterBuffer",5,0.06,1.00,19,0.12,1801.87,9,4,2,5,0,133.30,20,25,0,1,133.07,0.00,0.00,0.30,0,9.00,1,361.58,0,0,0,java.lang.Object,0.00,0,0,5,0,0,5,0,4,100,3
"org.apache.lucene.util.CharacterUtils$Java4CharacterUtils",5,0.00,1.40,15,0.20,5293.06,5,0,2,8,1,129.31,0,27,0,2,129.31,0.00,0.50,0.00,0,5.00,2,595.71,0,0,1,org.apache.lucene.util.CharacterUtils,0.36,3,1,7,0,3,5,0,0,140,3
"org.apache.lucene.util.CharacterUtils$Java5CharacterUtils",5,0.00,1.60,22,0.35,27028.46,5,0,2,8,1,119.04,1,36,0,2,119.04,0.00,0.50,0.00,0,5.00,4,1047.34,0,0,1,org.apache.lucene.util.CharacterUtils,0.36,3,1,8,0,3,5,0,1,220,3
"org.apache.lucene.util.CloseableThreadLocal",4,0.00,2.25,30,0.31,10594.43,6,2,5,15,3,64.23,34,38,3,1,112.33,0.00,0.00,0.50,2,2.00,3,938.17,0,0,0,java.lang.Object,0.00,11,0,9,2,11,4,1,7,208,1
"org.apache.lucene.util.CodecUtil",4,0.67,2.25,26,0.37,17810.76,5,1,6,15,26,163.05,6,37,21,1,113.05,0.00,0.00,0.50,0,4.00,5,1098.27,0,1,5,java.lang.Object,0.00,11,0,9,0,11,3,0,4,219,2
"org.apache.lucene.util.CollectionUtil",9,0.00,1.67,20,0.44,10906.99,9,0,4,15,7,117.50,49,31,6,1,135.37,0.00,0.00,0.00,1,9.00,3,1322.00,0,2,1,java.lang.Object,0.00,6,0,15,0,6,7,0,12,297,2
"org.apache.lucene.util.CollectionUtil$SorterTemplate",4,0.67,1.00,10,0.12,1922.80,5,1,4,7,0,138.65,0,18,0,1,138.65,0.00,0.00,0.50,0,4.00,1,370.86,0,0,0,java.lang.Object,0.00,3,0,4,0,3,4,0,0,97,0
"org.apache.lucene.util.CollectionUtil$SorterTemplate_0",4,0.67,1.00,10,0.12,1833.48,5,1,4,7,0,138.81,0,18,0,1,138.81,0.00,0.00,0.50,0,4.00,1,361.00,0,0,0,java.lang.Object,0.00,3,0,4,0,3,4,0,0,95,0
"org.apache.lucene.util.Constants",2,14.00,1.00,35,0.51,14324.51,16,14,1,5,13,44.75,19,42,12,1,94.74,0.00,0.00,0.00,0,2.00,1,1536.87,0,1,1,java.lang.Object,0.00,3,0,2,0,3,1,0,17,308,2
"org.apache.lucene.util.DocIdBitSet",4,1.00,1.00,11,0.08,859.99,5,1,3,5,12,191.40,5,18,10,2,141.40,0.00,0.50,0.25,0,6.00,1,226.42,0,2,2,org.apache.lucene.search.DocIdSet,0.00,1,1,4,0,1,2,0,3,65,1
"org.apache.lucene.util.DocIdBitSet$DocIdBitSetIterator",4,0.17,1.50,16,0.15,3811.82,6,2,3,5,1,124.99,3,24,0,2,124.99,0.00,0.50,0.62,0,0.00,2,456.34,0,0,1,org.apache.lucene.search.DocIdSetIterator,0.86,1,1,6,0,1,4,0,3,112,2
"org.apache.lucene.util.DoubleBarrelLRUCache",3,0.80,2.67,41,0.43,17956.52,8,5,3,11,3,51.00,32,52,3,2,99.48,0.00,0.50,0.73,1,0.00,4,1278.69,0,0,0,DoubleBarrelLRUCache.CloneableKey,V>,0.00,8,1,8,0,8,3,0,13,266,2
"org.apache.lucene.util.DoubleBarrelLRUCache$CloneableKey",1,0.00,1.00,2,0.01,128.77,1,0,3,1,0,143.16,0,4,0,1,143.16,0.00,0.00,0.00,0,1.00,1,42.51,0,1,0,java.lang.Object,0.00,0,0,1,0,0,0,0,0,15,3
"org.apache.lucene.util.DummyConcurrentLock",6,1.00,1.00,11,0.07,869.96,7,1,4,8,0,153.98,5,15,0,1,153.98,0.00,0.00,0.00,0,6.00,1,200.16,0,1,0,java.lang.Object,0.00,2,0,6,0,2,5,1,2,63,2
"org.apache.lucene.util.English",6,0.00,7.83,110,1.38,117762.21,6,0,0,11,23,90.13,28,159,23,1,89.90,0.00,0.00,0.00,1,6.00,42,4126.15,0,2,0,java.lang.Object,0.00,5,0,47,0,5,4,0,11,670,2
"org.apache.lucene.util.FieldCacheSanityChecker",8,0.86,3.75,113,2.00,154277.27,9,1,10,57,9,56.64,99,135,5,1,94.20,0.00,0.00,0.25,4,16.00,10,5991.30,0,3,4,java.lang.Object,0.00,49,0,30,0,49,5,0,32,1040,2
"org.apache.lucene.util.FieldCacheSanityChecker$Insanity",5,0.17,1.80,31,0.32,12014.75,8,3,10,11,0,155.10,14,34,0,1,115.22,0.00,0.00,0.20,3,14.00,3,949.07,0,3,0,java.lang.Object,0.00,6,0,9,0,6,2,0,4,206,3
"org.apache.lucene.util.FieldCacheSanityChecker$InsanityType",2,0.25,1.00,9,0.10,2072.31,6,4,10,3,0,87.23,24,14,0,1,124.80,0.00,0.00,0.12,0,2.00,1,285.41,0,1,0,java.lang.Object,0.00,1,0,2,0,1,1,0,3,72,3
"org.apache.lucene.util.FieldCacheSanityChecker$ReaderField",4,0.00,1.25,14,0.17,4188.97,6,2,10,7,0,129.37,0,23,0,1,129.37,0.00,0.00,0.50,1,4.00,2,498.39,0,1,0,java.lang.Object,0.00,3,0,5,0,3,3,0,0,123,3
"org.apache.lucene.util.IOUtils",3,0.00,4.67,18,0.22,15294.56,3,0,2,4,4,62.43,29,33,4,1,112.42,0.00,0.00,0.00,0,3.00,7,667.11,0,0,0,java.lang.Object,0.00,1,0,14,0,1,3,0,4,140,2
"org.apache.lucene.util.IndexableBinaryStringTools",5,0.75,4.40,84,1.62,227732.36,6,1,2,6,4,78.70,76,115,4,1,89.06,0.00,0.00,0.40,0,7.00,10,4847.88,0,0,0,java.lang.Object,0.00,1,0,22,0,1,5,0,20,868,2
"org.apache.lucene.util.IndexableBinaryStringTools$CodingCase",2,0.14,1.50,17,0.19,4164.69,9,7,2,2,0,111.09,0,20,0,1,111.09,0.00,0.00,0.07,0,2.00,2,558.74,0,0,0,java.lang.Object,0.00,0,0,3,0,0,2,0,0,131,1
"org.apache.lucene.util.IntsRef",12,0.06,2.00,80,0.81,40041.66,15,3,0,20,22,164.07,22,98,21,1,114.07,0.00,0.00,0.39,2,12.00,5,2422.74,0,2,1,java.lang.Object,0.00,8,0,24,0,8,10,1,4,524,2
"org.apache.lucene.util.LineFileDocs",6,0.10,3.17,73,1.04,48244.31,12,6,13,41,5,139.61,12,93,3,1,99.73,0.00,0.00,0.25,2,6.00,8,3109.10,0,1,2,java.lang.Object,0.00,35,0,19,0,35,5,1,12,557,1
"org.apache.lucene.util.LineFileDocs$DocState",1,0.00,1.00,19,0.28,8094.44,7,6,13,4,2,92.52,0,21,0,1,92.52,0.00,0.00,1.00,0,0.00,1,834.24,0,0,2,java.lang.Object,0.00,3,0,1,0,3,1,0,0,176,3
"org.apache.lucene.util.LuceneJUnitDividingSelector",3,0.67,2.67,26,0.30,10713.78,6,3,4,8,0,159.11,3,36,0,2,109.11,0.00,0.50,0.78,0,0.00,4,892.82,2,0,0,org.apache.tools.ant.types.selectors.BaseExtendSelector,0.00,5,1,8,0,5,3,0,3,187,1
"org.apache.lucene.util.LuceneJUnitResultFormatter",15,0.03,2.07,99,1.28,60935.02,23,8,16,43,4,95.52,79,150,1,1,113.39,0.00,0.00,0.10,5,60.00,11,3838.45,0,3,3,java.lang.Object,0.00,28,0,31,0,28,12,1,30,738,1
"org.apache.lucene.util.MapBackedSet",7,0.17,1.00,16,0.18,2937.26,8,1,3,14,4,189.12,9,30,4,2,139.12,0.00,0.50,0.86,0,0.00,1,551.23,0,1,0,java.util.AbstractSet,0.00,7,1,7,0,7,6,0,2,144,2
"org.apache.lucene.util.MapOfSets",4,0.00,1.75,24,0.28,9185.58,5,1,4,11,1,97.50,21,31,1,1,115.38,0.00,0.00,1.00,0,0.00,3,843.05,0,1,0,java.lang.Object,0.00,7,0,7,0,7,3,0,5,184,1
"org.apache.lucene.util.MemoryModel",4,0.00,1.00,5,0.03,249.47,4,0,0,4,2,108.76,34,6,2,1,156.87,0.00,0.00,0.00,0,4.00,1,96.19,0,0,0,java.lang.Object,0.00,0,0,4,1,0,4,0,6,34,2
"org.apache.lucene.util.MultiBits",6,0.20,2.00,54,0.76,43263.62,8,2,1,16,4,154.86,9,62,2,1,104.86,0.00,0.00,0.67,1,0.00,4,2282.27,0,2,2,java.lang.Object,0.00,10,0,12,0,10,4,1,2,458,2
"org.apache.lucene.util.MultiBits$SubResult",0,0.00,0.00,3,0.02,166.05,2,2,1,0,1,171.00,0,4,0,1,171.00,0.00,0.00,0.00,0,0.00,0,55.35,0,0,1,java.lang.Object,0.00,0,0,0,0,0,0,0,0,16,3
"org.apache.lucene.util.NamedThreadFactory",3,0.20,1.67,17,0.27,5690.56,8,5,3,14,2,101.12,16,24,2,1,119.00,0.00,0.00,0.33,0,1.00,2,799.72,0,2,0,java.lang.Object,0.00,11,0,5,0,11,1,1,3,173,1
"org.apache.lucene.util.NumericUtils",15,0.16,2.87,123,1.95,165553.21,20,5,4,24,25,61.11,172,170,24,1,105.23,0.00,0.00,0.05,2,59.00,9,5862.92,0,0,5,java.lang.Object,0.00,9,0,43,0,9,15,0,40,1106,2
"org.apache.lucene.util.NumericUtils$IntRangeBuilder",2,0.00,1.00,8,0.09,1801.28,2,0,4,5,1,125.51,8,11,0,1,125.28,0.00,0.00,0.00,1,2.00,1,257.52,0,0,1,java.lang.Object,0.00,3,0,2,0,3,2,0,2,66,3
"org.apache.lucene.util.NumericUtils$LongRangeBuilder",2,0.00,1.00,8,0.09,1696.26,2,0,4,5,1,125.72,8,11,0,1,125.48,0.00,0.00,0.00,1,2.00,1,261.10,0,0,1,java.lang.Object,0.00,3,0,2,0,3,2,0,2,66,3
"org.apache.lucene.util.OpenBitSet",58,0.10,1.86,340,4.31,230745.62,60,2,3,72,52,98.56,300,409,47,2,116.44,1.00,0.33,0.41,9,0.00,8,12929.55,1,2,6,org.apache.lucene.search.DocIdSet,0.00,14,1,108,1,14,56,2,128,2732,1
"org.apache.lucene.util.OpenBitSetDISI",6,0.00,1.83,29,0.29,7397.27,6,0,2,6,6,106.19,33,41,4,3,124.06,0.00,0.67,0.00,1,6.00,3,865.43,5,0,2,org.apache.lucene.util.OpenBitSet,0.00,0,2,11,0,0,6,0,6,201,1
"org.apache.lucene.util.OpenBitSetIterator",6,0.38,2.83,61,1.38,46255.70,14,8,1,8,7,52.85,57,102,6,2,102.85,0.00,0.50,0.44,1,0.00,5,4138.73,0,0,2,org.apache.lucene.search.DocIdSetIterator,0.67,2,1,17,0,2,6,0,22,633,1
"org.apache.lucene.util.PagedBytes",7,0.54,3.43,103,1.26,83935.72,15,8,5,15,7,135.73,18,128,5,1,95.84,0.00,0.00,0.59,1,0.00,5,3783.65,0,1,2,java.lang.Object,0.00,8,0,24,0,8,6,0,8,723,2
"org.apache.lucene.util.PagedBytes$Reader",8,0.33,2.00,88,1.25,86689.24,14,6,5,16,3,68.00,48,98,0,1,100.22,0.00,0.00,0.46,0,0.00,4,3761.47,0,0,3,java.lang.Object,0.00,8,0,16,0,8,8,1,8,726,3
"org.apache.lucene.util.PerReaderTermState",7,0.06,1.71,50,0.62,27867.40,10,3,11,20,28,68.71,49,62,20,1,111.00,0.00,0.00,0.38,1,0.00,5,1862.32,0,2,8,java.lang.Object,0.00,13,0,12,0,13,5,0,10,367,2
"org.apache.lucene.util.PriorityQueue",12,0.18,2.00,89,0.80,40975.99,15,3,0,12,37,67.36,135,109,37,1,111.49,0.00,0.00,0.50,5,0.00,5,2391.87,0,0,0,java.lang.Object,0.00,0,0,24,22,0,12,0,39,528,2
"org.apache.lucene.util.RamUsageEstimator",8,0.04,3.25,94,1.22,67645.62,26,18,3,34,46,68.74,48,116,43,1,100.96,0.00,0.00,0.09,1,22.00,12,3649.76,0,1,3,java.lang.Object,0.00,26,0,26,0,26,7,0,16,689,2
"org.apache.lucene.util.ReaderUtil",9,0.00,2.33,64,0.82,61227.07,9,0,7,20,41,66.81,66,91,40,1,109.10,0.00,0.00,0.00,0,9.00,5,2469.12,0,5,1,java.lang.Object,0.00,11,0,21,0,11,4,0,23,519,2
"org.apache.lucene.util.ReaderUtil$Gather",1,0.00,1.00,3,0.03,300.11,1,0,7,2,1,133.69,0,5,0,1,133.69,0.00,0.00,0.00,0,1.00,1,80.14,0,0,1,java.lang.Object,0.00,1,0,1,0,1,1,0,0,23,0
"org.apache.lucene.util.ReaderUtil$Gather_0",5,0.50,1.40,21,0.18,6885.01,6,1,7,7,1,123.75,2,25,0,1,123.75,0.00,0.00,0.60,2,2.00,3,546.76,0,0,1,java.lang.Object,0.00,2,0,7,0,2,5,0,2,130,3
"org.apache.lucene.util.ReaderUtil$ReaderContextBuilder",4,0.08,2.00,38,0.40,23433.78,8,4,7,11,1,105.57,1,45,0,1,105.57,0.00,0.00,0.31,1,6.00,4,1211.93,0,2,1,java.lang.Object,0.00,7,0,8,0,7,2,0,1,250,2
"org.apache.lucene.util.ReaderUtil$ReaderContextBuilder$Gather_1",1,0.00,1.00,3,0.03,281.86,1,0,7,1,1,133.91,0,5,0,1,133.91,0.00,0.00,0.00,0,1.00,1,79.61,0,0,1,java.lang.Object,0.00,0,0,1,0,0,1,0,0,22,0
"org.apache.lucene.util.ReaderUtil$Slice",2,0.25,1.00,11,0.11,2147.98,6,4,7,2,0,121.06,0,15,0,1,121.06,0.00,0.00,0.38,0,2.00,1,328.38,0,1,0,java.lang.Object,0.00,0,0,2,0,0,1,0,0,85,2
"org.apache.lucene.util.RecyclingByteBlockAllocator",9,0.12,1.67,64,0.69,38556.92,14,5,2,15,6,68.47,67,78,3,2,110.76,0.00,0.50,0.31,0,6.00,4,2077.94,0,0,3,ByteBlockPool.Allocator,0.00,6,1,15,0,6,9,0,9,426,2
"org.apache.lucene.util.ScorerDocQueue",16,0.20,1.50,94,0.88,40118.98,20,4,3,23,3,138.68,63,116,1,1,118.07,0.00,0.00,0.44,5,0.00,4,2629.31,0,2,2,java.lang.Object,0.00,7,0,24,0,7,14,0,33,597,1
"org.apache.lucene.util.ScorerDocQueue$HeapedScorerDoc",3,0.25,1.00,10,0.06,590.42,5,2,3,4,1,135.14,0,9,0,1,135.14,0.00,0.00,0.33,0,4.00,1,184.69,0,0,1,java.lang.Object,0.00,1,0,3,0,1,3,0,0,56,1
"org.apache.lucene.util.SetOnce",4,0.00,1.25,16,0.13,2346.76,6,2,1,7,3,78.21,40,22,3,1,126.69,0.00,0.00,0.50,0,0.00,2,396.73,0,0,0,java.lang.Object,0.00,3,0,5,0,3,4,0,7,99,2
"org.apache.lucene.util.SetOnce$AlreadySetException",1,0.00,1.00,3,0.02,116.92,1,0,1,1,0,136.92,0,5,0,2,136.92,0.00,0.50,0.00,0,1.00,1,46.46,0,0,0,java.lang.RuntimeException,0.00,0,1,1,0,0,1,0,0,16,3
"org.apache.lucene.util.SimpleStringInterner",2,0.50,3.00,27,0.35,24639.08,4,2,0,8,3,96.51,32,32,1,2,96.98,0.00,0.50,0.75,0,0.00,5,1044.57,0,1,2,org.apache.lucene.util.StringInterner,0.00,6,1,6,0,6,1,0,8,205,1
"org.apache.lucene.util.SimpleStringInterner$Entry",1,3.00,1.00,8,0.06,986.53,4,3,0,1,0,113.73,0,10,0,1,113.73,0.00,0.00,0.00,0,1.00,1,182.48,0,0,0,java.lang.Object,0.00,0,0,1,0,0,1,0,0,50,2
"org.apache.lucene.util.SmallFloat",6,0.00,3.00,42,0.66,33117.58,6,0,0,8,2,59.76,59,56,2,1,109.76,0.00,0.00,0.00,0,6.00,4,1987.57,0,0,0,java.lang.Object,0.00,2,0,18,0,2,6,0,24,398,1
"org.apache.lucene.util.SortedVIntList",11,0.06,1.45,56,0.52,13540.03,18,7,4,18,4,120.74,51,72,1,2,120.51,0.00,0.50,0.09,0,31.00,2,1571.88,0,1,3,org.apache.lucene.search.DocIdSet,0.00,7,1,16,0,7,10,0,12,362,1
"org.apache.lucene.util.SortedVIntList$DocIdSetIterator",4,0.44,2.00,28,0.22,6013.84,7,3,4,4,0,114.30,1,36,0,1,114.30,0.00,0.00,0.67,1,0.00,3,654.83,0,0,0,java.lang.Object,0.00,0,0,8,0,0,4,0,1,154,0
"org.apache.lucene.util.SortedVIntList$SortedVIntListBuilder",3,0.50,2.00,19,0.20,9671.38,4,1,4,7,1,164.19,4,27,0,1,114.19,0.00,0.00,0.67,0,0.00,4,585.58,0,0,1,java.lang.Object,0.00,4,0,6,0,4,3,0,4,122,1
"org.apache.lucene.util.SorterTemplate",11,0.45,3.09,113,1.16,97508.76,13,2,0,11,4,122.97,38,135,4,1,102.35,0.00,0.00,0.09,8,29.00,9,3472.29,0,0,0,java.lang.Object,0.00,0,0,34,0,0,11,0,9,731,2
"org.apache.lucene.util.StringHelper",3,1.00,2.00,9,0.13,5992.37,4,1,0,5,27,82.92,35,15,25,1,127.05,0.00,0.00,0.33,0,4.00,4,381.72,0,1,2,java.lang.Object,0.00,2,0,6,0,2,2,0,5,91,2
"org.apache.lucene.util.StringInterner",2,0.00,1.00,5,0.04,803.71,2,0,0,4,2,109.88,26,8,2,1,139.26,0.00,0.00,0.00,1,2.00,1,132.97,0,2,0,java.lang.Object,0.00,2,0,2,1,2,0,0,4,39,1
"org.apache.lucene.util.TestArrayUtil",11,0.00,2.82,155,2.02,103256.02,11,0,2,36,2,146.73,17,164,0,2,96.73,0.00,0.50,0.00,1,11.00,8,6060.34,0,1,2,LuceneTestCase,0.00,25,1,31,0,25,10,0,17,1196,1
"org.apache.lucene.util.TestArrayUtil$Item",3,0.50,1.00,9,0.08,1153.37,5,2,2,4,0,132.85,0,14,0,1,132.85,0.00,0.00,0.17,0,4.00,1,231.60,0,1,0,java.lang.Object,0.00,1,0,3,0,1,2,1,0,65,1
"org.apache.lucene.util.TestAttributeSource",4,0.00,2.25,83,1.26,59461.55,4,0,3,28,9,129.31,9,100,0,2,89.43,0.00,0.50,0.00,0,4.00,4,3772.16,0,0,9,LuceneTestCase,0.00,24,1,9,0,24,4,0,9,682,1
"org.apache.lucene.util.TestBitVector",16,0.93,1.88,192,1.82,85331.59,17,1,3,30,3,141.14,47,191,0,2,101.25,0.00,0.50,0.12,9,40.00,4,5466.50,0,1,3,LuceneTestCase,0.00,14,1,30,0,14,15,0,19,1149,1
"org.apache.lucene.util.TestBytesRefHash",11,0.00,3.45,239,3.19,243434.88,13,2,11,51,4,107.79,34,247,0,2,87.18,0.00,0.50,0.50,2,0.00,5,9573.37,1,2,4,LuceneTestCase,0.00,40,1,38,0,40,9,0,12,1668,1
"org.apache.lucene.util.TestCharacterUtils",7,0.00,1.86,111,1.87,72341.81,7,0,5,22,2,95.38,3,146,0,2,95.38,0.00,0.50,0.00,0,7.00,3,5601.65,0,0,2,LuceneTestCase,0.00,15,1,13,0,15,7,0,1,1062,1
"org.apache.lucene.util.TestCloseableThreadLocal",3,1.00,1.00,14,0.15,2818.80,4,1,0,10,1,175.13,4,19,0,2,125.13,0.00,0.50,0.33,0,4.00,1,463.29,0,0,1,LuceneTestCase,0.00,7,1,3,0,7,3,0,4,111,1
"org.apache.lucene.util.TestCloseableThreadLocal$InitValueThreadLocal",1,0.00,1.00,3,0.02,222.62,1,0,0,1,1,134.72,0,6,0,2,134.72,0.00,0.50,0.00,0,0.00,1,65.07,0,1,1,org.apache.lucene.util.CloseableThreadLocal,0.40,0,1,1,0,0,0,0,0,20,1
"org.apache.lucene.util.TestCollectionUtil",5,0.00,1.80,68,0.80,37265.33,5,0,4,16,1,98.82,4,66,0,2,98.82,0.00,0.50,0.00,1,5.00,2,2396.78,0,1,1,LuceneTestCase,0.00,11,1,9,0,11,4,0,4,489,1
"org.apache.lucene.util.TestDoubleBarrelLRUCache",4,0.33,3.25,68,0.71,57433.30,6,2,1,15,1,131.98,8,55,0,2,92.09,0.00,0.50,0.25,1,6.00,7,2129.01,0,0,1,org.apache.lucene.util.LuceneTestCase,0.00,11,1,13,0,11,4,0,8,419,1
"org.apache.lucene.util.TestDoubleBarrelLRUCache$CacheThread",2,0.50,3.50,30,0.35,17834.06,6,4,1,8,1,95.73,0,41,0,2,95.73,0.00,0.50,0.50,0,2.00,6,1046.59,0,0,1,java.lang.Thread,0.00,6,1,7,0,6,2,0,0,199,1
"org.apache.lucene.util.TestDoubleBarrelLRUCache$CloneableInteger",4,0.33,1.00,10,0.09,1343.94,5,1,1,6,0,139.88,0,18,0,2,139.88,0.00,0.50,0.75,1,0.00,1,284.06,0,1,0,DoubleBarrelLRUCache.CloneableKey,0.00,2,1,4,0,2,3,0,0,78,2
"org.apache.lucene.util.TestDoubleBarrelLRUCache$CloneableObject",4,0.33,1.00,10,0.09,1312.38,5,1,1,6,0,139.96,0,18,0,2,139.96,0.00,0.50,0.75,1,0.00,1,282.44,0,1,0,DoubleBarrelLRUCache.CloneableKey,0.00,2,1,4,0,2,3,0,0,78,2
"org.apache.lucene.util.TestFieldCacheSanityChecker",6,0.37,1.50,81,1.32,59006.67,12,6,11,30,9,147.91,6,99,0,2,97.91,0.00,0.50,0.47,0,0.00,3,3948.72,2,0,9,LuceneTestCase,0.00,24,1,9,0,24,6,0,6,702,1
"org.apache.lucene.util.TestIndexableBinaryStringTools",7,0.42,3.57,117,2.34,163445.50,9,2,0,23,3,131.28,19,171,0,2,91.39,0.00,0.50,0.14,0,13.00,10,7009.46,0,2,3,LuceneTestCase,0.00,16,1,25,0,16,5,0,4,1256,1
"org.apache.lucene.util.TestNumericUtils",14,0.00,3.50,200,4.16,281100.73,14,0,4,43,3,114.69,54,363,0,2,94.08,0.00,0.50,0.00,4,14.00,8,12474.65,0,0,3,LuceneTestCase,0.00,29,1,49,0,29,14,0,54,2253,1
"org.apache.lucene.util.TestNumericUtils$NumericUtils.IntRangeBuilder",1,0.00,5.00,15,0.24,15087.12,1,0,4,8,0,114.47,3,16,0,1,93.85,0.00,0.00,0.00,0,1.00,5,717.00,0,0,0,java.lang.Object,0.00,7,0,5,0,7,1,0,3,133,0
"org.apache.lucene.util.TestNumericUtils$NumericUtils.LongRangeBuilder",1,0.00,5.00,15,0.25,16009.71,1,0,4,9,0,114.27,3,16,0,1,93.65,0.00,0.00,0.00,0,1.00,5,751.04,0,0,0,java.lang.Object,0.00,8,0,5,0,8,1,0,3,137,0
"org.apache.lucene.util.TestOpenBitSet",11,0.00,2.27,172,2.45,229018.91,11,0,2,61,4,142.93,15,165,0,2,92.93,0.00,0.50,0.00,6,11.00,6,7354.82,0,0,4,LuceneTestCase,0.00,50,1,25,0,50,11,0,15,1340,1
"org.apache.lucene.util.TestPriorityQueue",5,0.00,1.40,59,0.63,23978.34,5,0,1,17,1,153.09,9,63,0,2,103.09,0.00,0.50,0.00,1,5.00,3,1898.87,0,0,1,LuceneTestCase,0.00,12,1,7,0,12,5,0,9,391,1
"org.apache.lucene.util.TestPriorityQueue$IntegerQueue",2,0.00,1.00,6,0.05,603.72,2,0,1,2,1,133.67,0,10,0,2,133.67,0.00,0.50,0.00,0,2.00,1,141.04,1,0,1,org.apache.lucene.util.PriorityQueue,0.00,0,1,2,0,0,2,0,0,41,2
"org.apache.lucene.util.TestRamUsageEstimator",1,0.00,1.00,11,0.12,3174.53,1,0,1,5,1,104.58,0,13,0,2,104.58,0.00,0.50,0.00,0,1.00,1,374.61,0,0,1,org.apache.lucene.util.LuceneTestCase,0.00,4,1,1,0,4,1,0,0,86,1
"org.apache.lucene.util.TestRamUsageEstimator$Holder",2,3.00,1.00,8,0.05,659.83,5,3,1,2,0,128.71,0,10,0,1,128.71,0.00,0.00,0.00,0,2.00,1,160.34,0,0,0,java.lang.Object,0.00,0,0,2,0,0,2,0,0,45,3
"org.apache.lucene.util.TestRecyclingByteBlockAllocator",5,0.00,2.80,101,1.39,97432.98,5,0,6,23,1,88.69,23,98,0,2,88.45,0.00,0.50,0.00,1,5.00,5,4173.94,1,1,1,LuceneTestCase,0.00,18,1,14,0,18,4,0,5,733,1
"org.apache.lucene.util.TestSetOnce",4,0.00,2.25,35,0.51,22318.99,4,0,3,18,1,107.62,0,42,0,2,107.62,0.00,0.50,0.00,0,4.00,6,1542.66,0,0,1,LuceneTestCase,0.00,14,1,9,0,14,4,0,0,304,1
"org.apache.lucene.util.TestSetOnce$SetOnceThread",2,0.67,2.00,12,0.15,2521.35,5,3,3,11,1,157.28,4,20,0,2,117.40,0.00,0.50,0.67,0,0.00,3,436.38,0,0,1,org.apache.lucene.util.Thread,0.00,9,1,4,0,9,2,0,4,97,3
"org.apache.lucene.util.TestSmallFloat",4,0.00,3.00,49,0.64,22978.52,4,0,0,15,1,56.76,44,55,0,2,100.89,0.00,0.50,0.00,2,4.00,5,1906.10,0,0,1,LuceneTestCase,0.00,11,1,12,0,11,4,0,13,368,1
"org.apache.lucene.util.TestSortedVIntList",29,0.11,1.55,132,1.42,61742.80,34,5,5,43,3,122.23,8,161,1,2,122.23,0.00,0.50,0.09,8,227.00,5,4253.51,0,0,2,LuceneTestCase,0.00,14,1,45,0,14,29,0,8,960,1
"org.apache.lucene.util.TestStringIntern",3,0.25,2.33,36,0.32,11974.40,5,2,1,8,0,152.19,5,32,0,2,102.19,0.00,0.50,0.33,1,4.00,3,969.88,0,1,0,LuceneTestCase,0.00,5,1,7,0,5,2,0,5,205,1
"org.apache.lucene.util.TestStringIntern$Thread",1,0.00,5.00,20,0.24,12961.31,1,0,1,7,1,110.33,3,22,0,1,89.71,0.00,0.00,0.00,0,0.00,5,720.55,0,0,1,java.lang.Object,0.00,6,0,5,0,6,1,0,3,137,0
"org.apache.lucene.util.TestUnicodeUtil",4,0.00,3.25,76,1.23,77462.03,4,0,0,26,4,133.21,89,92,0,2,89.27,0.00,0.50,0.00,0,4.00,6,3677.74,0,0,4,LuceneTestCase,0.00,22,1,13,0,22,4,0,15,652,1
"org.apache.lucene.util.TestVersion",1,0.00,2.00,8,0.10,2721.97,1,0,0,6,1,110.10,0,10,0,2,110.10,0.00,0.50,0.00,0,1.00,2,309.83,0,0,1,LuceneTestCase,0.00,5,1,2,0,5,1,0,0,72,1
"org.apache.lucene.util.TestVirtualMethod",4,0.17,2.00,38,0.58,20355.37,6,2,0,13,4,88.18,22,55,3,2,106.06,2.00,0.25,0.38,0,4.00,5,1749.03,0,0,1,LuceneTestCase,0.00,9,1,8,2,9,4,0,7,362,1
"org.apache.lucene.util.TestVirtualMethod$TestClass1",2,0.00,1.00,3,0.03,183.18,2,0,0,2,1,155.55,0,6,0,3,155.55,0.00,0.67,0.00,0,2.00,1,78.91,0,0,1,org.apache.lucene.util.TestVirtualMethod,0.50,0,2,2,0,0,2,0,0,26,1
"org.apache.lucene.util.TestVirtualMethod$TestClass2",1,0.00,1.00,2,0.02,107.10,1,0,0,1,0,193.79,1,4,0,2,143.79,0.00,0.50,0.00,0,1.00,1,47.21,0,0,0,org.apache.lucene.util.TestClass1,0.00,0,1,1,0,0,1,0,1,16,1
"org.apache.lucene.util.TestVirtualMethod$TestClass3",1,0.00,1.00,2,0.02,107.10,1,0,0,1,0,143.79,0,4,0,2,143.79,0.00,0.50,0.00,0,1.00,1,47.21,0,0,0,org.apache.lucene.util.TestClass2,0.00,0,1,1,0,0,1,0,0,16,1
"org.apache.lucene.util.TestVirtualMethod$TestClass4",0,0.00,0.00,1,0.01,31.02,0,0,0,0,1,171.00,0,2,0,3,171.00,0.00,0.67,0.00,0,0.00,0,15.51,0,0,1,org.apache.lucene.util.TestVirtualMethod,0.00,0,2,0,0,0,0,0,0,6,1
"org.apache.lucene.util.TestVirtualMethod$TestClass5",0,0.00,0.00,1,0.01,31.02,0,0,0,0,0,171.00,0,2,0,2,171.00,0.00,0.50,0.00,0,0.00,0,15.51,0,0,0,org.apache.lucene.util.TestClass4,0.00,0,1,0,0,0,0,0,0,6,1
"org.apache.lucene.util.ThreadInterruptedException",1,0.00,1.00,3,0.02,124.13,1,0,0,1,23,176.01,21,5,23,2,136.71,0.00,0.50,0.00,0,1.00,1,49.65,0,0,0,java.lang.RuntimeException,0.00,0,1,1,0,0,1,0,2,17,2
"org.apache.lucene.util.ToStringUtils",3,0.00,2.00,14,0.15,4839.82,3,0,0,6,30,80.83,23,16,30,1,123.12,0.00,0.00,0.00,0,3.00,3,437.17,0,1,0,java.lang.Object,0.00,3,0,6,0,3,2,0,4,99,2
"org.apache.lucene.util.UnicodeUtil",13,0.06,6.15,315,6.13,911797.38,29,16,0,30,35,99.07,237,397,33,1,80.94,0.00,0.00,0.12,2,83.00,9,18398.30,0,3,3,java.lang.Object,0.00,17,0,80,0,17,10,0,74,3181,2
"org.apache.lucene.util.UnicodeUtil$UTF16Result",3,0.50,1.33,15,0.16,2843.82,6,3,0,7,1,121.42,0,20,0,1,121.42,0.00,0.00,0.67,1,0.00,2,475.28,0,0,1,java.lang.Object,0.00,4,0,4,0,4,3,0,0,118,3
"org.apache.lucene.util.Version",1,0.00,1.00,4,0.04,461.07,1,0,0,2,150,87.35,55,12,150,1,127.57,0.00,0.00,0.00,0,1.00,1,112.46,0,0,0,java.lang.Object,0.00,1,0,1,0,1,1,0,7,32,1
"org.apache.lucene.util.VirtualMethod",5,0.00,3.80,36,0.65,28338.30,10,5,5,22,3,72.05,62,54,3,1,109.61,0.00,0.00,0.20,2,14.00,8,1943.95,0,0,0,java.lang.Object,0.00,17,0,19,0,17,5,0,7,383,2
"org.apache.lucene.util._TestUtil",17,0.50,2.29,109,2.75,94304.16,19,2,23,73,64,162.30,31,187,54,1,112.30,0.00,0.00,0.03,7,32.00,8,8261.48,0,9,10,java.lang.Object,0.00,56,0,39,0,56,8,0,20,1348,1
"org.apache.lucene.util._TestUtil$AttributeReflector",1,0.00,2.00,3,0.05,847.12,1,0,23,3,0,129.99,0,4,0,1,129.99,0.00,0.00,0.00,0,1.00,2,143.71,0,0,0,java.lang.Object,0.00,2,0,2,0,2,1,0,0,34,0
"org.apache.lucene.util._TestUtil$CodecProvider",1,0.00,2.00,6,0.05,1106.61,1,0,23,4,1,157.73,2,9,0,1,117.84,0.00,0.00,0.00,0,1.00,2,153.95,0,1,1,java.lang.Object,0.00,3,0,2,0,3,0,0,2,39,0
"org.apache.solr.common.params.AnalysisParams",0,0.00,0.00,7,0.09,1895.90,6,6,0,0,5,171.00,25,8,5,1,171.00,0.00,0.00,0.00,0,0.00,0,276.48,0,0,0,,0.00,0,0,0,0,0,0,0,8,62,1
"org.apache.solr.common.params.AppendedSolrParams",3,0.00,1.67,16,0.21,13831.64,3,0,0,5,4,165.96,5,24,2,3,115.96,0.00,0.67,0.00,0,1.00,3,635.72,0,2,2,org.apache.solr.common.params.DefaultSolrParams,0.08,2,2,5,0,2,1,0,1,143,1
"org.apache.solr.common.params.CommonParams",0,0.00,0.00,28,0.48,8416.01,26,26,1,0,75,171.00,49,28,75,1,171.00,0.00,0.00,0.00,0,0.00,0,1446.50,0,0,0,,0.00,0,0,0,0,0,0,0,28,242,1
"org.apache.solr.common.params.CommonParams$EchoParamStyle",1,9.00,5.00,21,0.28,7654.81,10,9,1,4,0,140.72,1,30,0,1,90.72,0.00,0.00,0.00,0,1.00,5,853.83,0,1,0,java.lang.Object,0.00,3,0,5,0,3,0,0,1,160,1
"org.apache.solr.common.params.CoreAdminParams",0,0.00,0.00,15,0.22,3682.54,13,13,1,0,6,171.00,17,16,6,1,171.00,0.00,0.00,0.00,0,0.00,0,651.18,0,0,0,,0.00,0,0,0,0,0,0,0,14,125,1
"org.apache.solr.common.params.CoreAdminParams$CoreAdminAction",1,0.00,3.00,7,0.08,1436.76,1,0,1,3,0,114.36,0,24,0,1,114.36,0.00,0.00,0.00,0,1.00,3,238.57,0,1,0,java.lang.Object,0.00,2,0,3,0,2,0,0,0,55,1
"org.apache.solr.common.params.DefaultSolrParams",5,0.38,1.40,19,0.23,7097.38,7,2,2,10,18,128.30,3,29,16,2,128.30,1.00,0.33,0.80,0,0.00,2,690.62,0,4,2,org.apache.solr.common.params.SolrParams,0.06,5,1,7,1,5,1,0,1,169,1
"org.apache.solr.common.params.DisMaxParams",0,0.00,0.00,11,0.13,1707.05,10,10,0,0,3,171.00,23,12,3,1,171.00,0.00,0.00,0.00,0,0.00,0,403.82,0,0,0,,0.00,0,0,0,0,0,0,0,11,84,1
"org.apache.solr.common.params.EventParams",0,0.00,0.00,4,0.04,529.87,3,3,0,0,2,171.00,21,5,2,1,171.00,0.00,0.00,0.00,0,0.00,0,121.11,0,0,0,,0.00,0,0,0,0,0,0,0,3,31,1
"org.apache.solr.common.params.FacetParams",0,0.00,0.00,37,0.78,21454.60,35,35,3,0,16,171.00,185,37,15,1,171.00,0.00,0.00,0.00,0,0.00,0,2348.26,0,0,1,,0.00,0,0,0,0,0,0,0,34,377,1
"org.apache.solr.common.params.FacetParams$FacetRangeOther",2,0.00,1.50,8,0.09,1722.21,2,0,3,6,1,175.34,3,15,0,1,125.34,0.00,0.00,0.00,0,2.00,2,263.81,1,2,1,java.lang.Object,0.00,4,0,3,0,4,0,0,1,64,1
"org.apache.solr.common.params.FacetParams$FacetRangeOther$Deprecated",2,0.00,1.50,8,0.09,1788.93,2,0,3,6,1,75.21,19,14,0,1,125.21,0.00,0.00,0.00,0,2.00,2,277.19,1,1,1,java.lang.Object,0.00,4,0,3,0,4,1,0,1,67,1
"org.apache.solr.common.params.FacetParams$FacetRangeOther$Deprecated$FacetRangeInclude",3,0.00,2.33,16,0.25,9461.41,3,0,3,13,1,157.06,8,26,0,1,117.18,0.00,0.00,0.00,0,3.00,4,753.95,1,3,1,java.lang.Object,0.00,10,0,7,0,10,0,0,5,157,1
"org.apache.solr.common.params.GroupParams",0,0.00,0.00,10,0.16,3495.91,9,9,0,0,1,171.00,7,11,1,1,171.00,0.00,0.00,0.00,0,0.00,0,485.54,0,0,0,,0.00,0,0,0,0,0,0,0,5,101,1
"org.apache.solr.common.params.HighlightParams",0,0.00,0.00,29,0.66,16307.36,28,28,0,0,15,171.00,6,30,15,1,171.00,0.00,0.00,0.00,0,0.00,0,1970.47,0,0,0,,0.00,0,0,0,0,0,0,0,3,326,1
"org.apache.solr.common.params.MapSolrParams",6,0.40,1.83,28,0.36,14529.48,7,1,4,16,18,121.75,4,38,17,2,121.75,0.00,0.50,0.67,0,0.00,5,1070.76,0,5,2,org.apache.solr.common.params.SolrParams,0.06,10,1,11,0,10,1,0,2,225,1
"org.apache.solr.common.params.ModifiableSolrParams",16,0.27,1.94,92,1.11,63842.45,17,1,6,35,49,156.30,35,129,48,2,116.42,1.00,0.33,0.75,3,0.00,6,3339.23,0,10,1,org.apache.solr.common.params.SolrParams,0.04,19,1,31,1,19,6,0,14,702,1
"org.apache.solr.common.params.ModifiableSolrParamsTest",8,0.14,1.12,62,0.74,19775.98,9,1,1,13,1,112.73,6,83,0,2,112.73,0.00,0.50,0.88,1,0.00,2,2230.79,2,0,1,org.apache.lucene.util.LuceneTestCase,0.00,5,1,9,0,5,8,0,1,485,1
"org.apache.solr.common.params.MoreLikeThisParams",0,0.00,0.00,17,0.30,7456.10,15,15,1,0,4,171.00,11,18,4,1,171.00,0.00,0.00,0.00,0,0.00,0,911.30,0,0,0,,0.00,0,0,0,0,0,0,0,9,169,1
"org.apache.solr.common.params.MoreLikeThisParams$TermStyle",1,0.00,4.00,10,0.09,1872.37,1,0,1,3,0,107.61,0,19,0,1,107.61,0.00,0.00,0.00,0,1.00,4,256.19,0,1,0,java.lang.Object,0.00,2,0,4,0,2,0,0,0,58,1
"org.apache.solr.common.params.MultiMapSolrParams",7,0.50,2.00,40,0.53,24837.10,8,1,4,20,15,116.81,4,52,14,2,116.81,1.00,0.33,0.57,0,3.00,6,1575.95,0,5,2,org.apache.solr.common.params.SolrParams,0.06,13,1,14,1,13,2,0,2,323,1
"org.apache.solr.common.params.QueryElevationParams",0,0.00,0.00,4,0.03,265.97,3,3,0,0,2,171.00,20,5,2,1,171.00,0.00,0.00,0.00,0,0.00,0,85.11,0,0,0,,0.00,0,0,0,0,0,0,0,2,23,1
"org.apache.solr.common.params.RequiredSolrParams",15,0.07,1.40,50,0.67,22734.46,16,1,2,26,3,178.08,21,90,2,2,128.08,0.00,0.50,0.93,0,0.00,3,2022.73,0,8,2,org.apache.solr.common.params.SolrParams,0.05,11,1,21,0,11,7,0,9,468,1
"org.apache.solr.common.params.ShardParams",0,0.00,0.00,7,0.08,1210.08,6,6,0,0,9,171.00,8,8,9,1,171.00,0.00,0.00,0.00,0,0.00,0,254.75,0,0,0,,0.00,0,0,0,0,0,0,0,6,58,1
"org.apache.solr.common.params.SolrParamTest",2,0.00,2.50,108,2.01,218398.40,2,0,7,28,4,28.93,24,120,0,2,66.49,0.00,0.50,0.00,0,2.00,3,6020.06,0,0,4,org.apache.lucene.util.LuceneTestCase,0.00,26,1,5,0,26,2,0,23,918,1
"org.apache.solr.common.params.SolrParamTest$Runnable",1,0.00,1.00,3,0.01,103.35,1,0,7,2,0,137.34,0,0,0,1,137.34,0.00,0.00,0.00,0,1.00,1,44.54,0,0,0,java.lang.Object,0.00,1,0,1,0,1,1,0,0,15,0
"org.apache.solr.common.params.SolrParamTest$Runnable_0",1,0.00,1.00,3,0.01,103.35,1,0,7,2,0,137.34,0,0,0,1,137.34,0.00,0.00,0.00,0,1.00,1,44.54,0,0,0,java.lang.Object,0.00,1,0,1,0,1,1,0,0,15,0
"org.apache.solr.common.params.SolrParamTest$Runnable_1",1,0.00,1.00,3,0.01,103.35,1,0,7,2,0,137.34,0,0,0,1,137.34,0.00,0.00,0.00,0,1.00,1,44.54,0,0,0,java.lang.Object,0.00,1,0,1,0,1,1,0,0,15,0
"org.apache.solr.common.params.SolrParamTest$Runnable_10",1,0.00,1.00,3,0.02,115.78,1,0,7,2,0,136.95,0,0,0,1,136.95,0.00,0.00,0.00,0,1.00,1,49.51,0,0,0,java.lang.Object,0.00,1,0,1,0,1,1,0,0,16,0
"org.apache.solr.common.params.SolrParamTest$Runnable_2",1,0.00,1.00,3,0.01,103.35,1,0,7,2,0,137.34,0,0,0,1,137.34,0.00,0.00,0.00,0,1.00,1,44.54,0,0,0,java.lang.Object,0.00,1,0,1,0,1,1,0,0,15,0
"org.apache.solr.common.params.SolrParamTest$Runnable_3",1,0.00,1.00,3,0.01,103.35,1,0,7,2,0,137.34,0,0,0,1,137.34,0.00,0.00,0.00,0,1.00,1,44.54,0,0,0,java.lang.Object,0.00,1,0,1,0,1,1,0,0,15,0
"org.apache.solr.common.params.SolrParamTest$Runnable_4",1,0.00,1.00,3,0.01,103.35,1,0,7,2,0,137.34,0,0,0,1,137.34,0.00,0.00,0.00,0,1.00,1,44.54,0,0,0,java.lang.Object,0.00,1,0,1,0,1,1,0,0,15,0
"org.apache.solr.common.params.SolrParamTest$Runnable_5",1,0.00,1.00,3,0.01,103.35,1,0,7,2,0,137.34,0,0,0,1,137.34,0.00,0.00,0.00,0,1.00,1,44.54,0,0,0,java.lang.Object,0.00,1,0,1,0,1,1,0,0,15,0
"org.apache.solr.common.params.SolrParamTest$Runnable_6",1,0.00,1.00,3,0.01,103.35,1,0,7,2,0,137.34,0,0,0,1,137.34,0.00,0.00,0.00,0,1.00,1,44.54,0,0,0,java.lang.Object,0.00,1,0,1,0,1,1,0,0,15,0
"org.apache.solr.common.params.SolrParamTest$Runnable_7",1,0.00,1.00,3,0.01,103.35,1,0,7,2,0,137.34,0,0,0,1,137.34,0.00,0.00,0.00,0,1.00,1,44.54,0,0,0,java.lang.Object,0.00,1,0,1,0,1,1,0,0,15,0
"org.apache.solr.common.params.SolrParamTest$Runnable_8",1,0.00,1.00,3,0.01,103.35,1,0,7,2,0,137.34,0,0,0,1,137.34,0.00,0.00,0.00,0,1.00,1,44.54,0,0,0,java.lang.Object,0.00,1,0,1,0,1,1,0,0,15,0
"org.apache.solr.common.params.SolrParamTest$Runnable_9",1,0.00,1.00,3,0.02,115.78,1,0,7,2,0,136.95,0,0,0,1,136.95,0.00,0.00,0.00,0,1.00,1,49.51,0,0,0,java.lang.Object,0.00,1,0,1,0,1,1,0,0,16,0
"org.apache.solr.common.params.SolrParams",29,0.00,2.31,132,1.92,66827.46,29,0,8,50,156,171.87,49,189,152,1,121.87,0.00,0.00,0.00,5,29.00,3,5771.82,0,20,7,java.lang.Object,0.00,21,0,67,8,21,9,1,32,1228,2
"org.apache.solr.common.params.SpatialParams",0,0.00,0.00,7,0.08,1210.08,6,6,0,0,2,171.00,31,8,2,1,171.00,0.00,0.00,0.00,0,0.00,0,254.75,0,0,0,,0.00,0,0,0,0,0,0,0,6,58,1
"org.apache.solr.common.params.SpellingParams",0,0.00,0.00,14,0.25,5568.75,13,13,0,0,4,171.00,68,15,4,1,171.00,0.00,0.00,0.00,0,0.00,0,749.64,0,0,0,,0.00,0,0,0,0,0,0,0,13,145,1
"org.apache.solr.common.params.StatsParams",0,0.00,0.00,4,0.05,840.00,3,3,0,0,5,171.00,3,5,5,1,171.00,0.00,0.00,0.00,0,0.00,0,140.00,0,0,0,,0.00,0,0,0,0,0,0,0,1,35,1
"org.apache.solr.common.params.TermVectorParams",0,0.00,0.00,10,0.16,3495.91,9,9,0,0,2,171.00,45,11,2,1,171.00,0.00,0.00,0.00,0,0.00,0,485.54,0,0,0,,0.00,0,0,0,0,0,0,0,10,101,1
"org.apache.solr.common.params.TermsParams",0,0.00,0.00,13,0.22,5274.68,11,11,1,0,5,171.00,32,13,5,1,171.00,0.00,0.00,0.00,0,0.00,0,651.20,0,0,0,,0.00,0,0,0,0,0,0,0,9,128,1
"org.apache.solr.common.params.TermsParams$TermsRegexpFlag",2,0.14,1.00,13,0.19,3980.79,9,7,1,2,0,83.77,13,24,0,1,115.99,0.00,0.00,0.07,0,2.00,1,576.30,0,0,0,java.lang.Object,0.00,0,0,2,0,0,2,0,4,131,2
"org.apache.solr.common.params.UpdateParams",0,0.00,0.00,10,0.13,1840.62,9,9,0,0,13,171.00,16,12,13,1,171.00,0.00,0.00,0.00,0,0.00,0,375.64,0,0,0,,0.00,0,0,0,0,0,0,0,9,79,1
"org.apache.solr.request.JSONWriterTest",3,0.00,1.00,34,0.44,11208.17,3,0,12,16,9,154.02,3,41,0,3,104.02,0.00,0.67,0.00,0,3.00,1,1309.51,1,0,9,org.apache.solr.SolrTestCaseJ4,0.00,13,2,3,0,13,3,0,1,254,1
"org.apache.solr.request.LocalSolrQueryRequest",5,1.00,1.80,25,0.49,25175.11,6,1,8,15,29,165.64,5,30,23,2,115.64,0.00,0.50,0.00,0,5.00,5,1472.60,0,1,6,org.apache.solr.request.SolrQueryRequestBase,0.00,10,1,9,0,10,4,0,3,289,1
"org.apache.solr.request.PerSegmentSingleValuedFaceting",3,0.36,7.00,113,1.78,227206.83,14,11,24,44,21,73.87,13,125,1,1,73.63,0.00,0.00,0.33,0,1.00,19,5344.29,0,1,21,java.lang.Object,0.00,41,0,21,0,41,2,0,13,801,0
"org.apache.solr.request.PerSegmentSingleValuedFaceting$Callable<SegFacet>",1,0.00,1.00,4,0.02,274.98,1,0,24,2,0,129.33,0,5,0,1,129.33,0.00,0.00,0.00,0,1.00,1,73.43,0,0,0,java.lang.Object,0.00,1,0,1,0,1,1,0,0,22,0
"org.apache.solr.request.PerSegmentSingleValuedFaceting$CountSortedFacetCollector",3,0.50,3.33,27,0.40,14730.18,8,5,24,10,4,145.95,6,34,0,2,106.06,0.00,0.50,0.53,0,2.00,5,1198.11,0,1,4,org.apache.solr.request.FacetCollector,0.00,7,1,10,0,7,2,0,6,240,0
"org.apache.solr.request.PerSegmentSingleValuedFaceting$FacetCollector",2,0.00,1.00,3,0.02,164.03,2,0,24,2,2,155.93,1,4,0,1,155.93,0.00,0.00,0.00,0,2.00,1,69.75,0,1,2,java.lang.Object,0.00,0,0,2,0,0,1,0,1,23,1
"org.apache.solr.request.PerSegmentSingleValuedFaceting$IndexSortedFacetCollector",3,0.12,2.33,21,0.21,5503.23,7,4,24,6,2,113.58,0,30,0,2,113.58,0.00,0.50,0.33,0,1.00,4,617.38,0,1,2,org.apache.solr.request.FacetCollector,0.00,3,1,7,0,3,2,0,0,141,0
"org.apache.solr.request.PerSegmentSingleValuedFaceting$PriorityQueue<SegFacet>",1,0.00,1.00,4,0.05,811.49,1,0,24,2,0,125.63,0,8,0,1,125.63,0.00,0.00,0.00,0,1.00,1,152.38,0,0,0,java.lang.Object,0.00,1,0,1,0,1,1,0,0,39,0
"org.apache.solr.request.PerSegmentSingleValuedFaceting$SegFacet",2,0.38,12.00,70,1.14,147558.56,10,8,24,11,8,74.73,9,88,0,1,74.50,0.00,0.00,0.31,0,2.00,23,3412.91,0,0,8,java.lang.Object,0.00,9,0,24,0,9,2,0,9,562,0
"org.apache.solr.request.ServletSolrParams",2,0.00,2.00,9,0.09,2883.15,2,0,2,5,9,163.39,4,13,8,3,123.51,0.00,0.67,0.00,0,2.00,3,273.92,0,1,1,org.apache.solr.common.params.MultiMapSolrParams,0.00,3,2,4,0,3,1,0,2,68,1
"org.apache.solr.request.SimpleFacets",19,0.11,9.16,585,11.82,1595417.57,32,13,33,163,50,26.62,184,785,6,1,76.61,0.00,0.00,0.18,5,18.00,39,35454.18,0,10,46,java.lang.Object,0.00,144,0,174,0,144,9,0,107,5324,1
"org.apache.solr.request.SimpleFacets$CountPair",4,0.33,2.50,15,0.25,8852.33,6,2,33,8,0,126.65,0,22,0,2,126.65,0.00,0.50,0.75,1,0.00,6,736.72,0,0,0,java.lang.Comparable,0.00,4,1,10,0,4,4,1,0,172,2
"org.apache.solr.request.SimpleFacets$DateRangeEndpointCalculator",5,1.00,1.20,17,0.23,4336.61,6,1,33,12,3,130.02,0,31,0,2,130.02,0.00,0.50,0.20,0,8.00,2,685.47,0,4,3,org.apache.solr.request.RangeEndpointCalculator,0.00,7,1,6,0,7,1,0,0,159,2
"org.apache.solr.request.SimpleFacets$DoubleRangeEndpointCalculator",3,0.00,1.00,7,0.08,1590.14,3,0,33,7,1,138.32,0,12,0,2,138.32,0.00,0.50,0.00,0,3.00,1,253.62,0,2,1,org.apache.solr.request.RangeEndpointCalculator,0.00,4,1,3,0,4,1,0,0,68,2
"org.apache.solr.request.SimpleFacets$Executor",1,0.00,1.00,3,0.02,131.59,1,0,33,2,0,136.51,0,4,0,1,136.51,0.00,0.00,0.00,0,1.00,1,47.86,0,0,0,java.lang.Object,0.00,1,0,1,0,1,1,0,0,16,0
"org.apache.solr.request.SimpleFacets$FloatRangeEndpointCalculator",3,0.00,1.00,7,0.08,1590.14,3,0,33,7,1,138.32,0,12,0,2,138.32,0.00,0.50,0.00,0,3.00,1,253.62,0,2,1,org.apache.solr.request.RangeEndpointCalculator,0.00,4,1,3,0,4,1,0,0,68,2
"org.apache.solr.request.SimpleFacets$IntegerRangeEndpointCalculator",3,0.00,1.00,7,0.08,1590.14,3,0,33,7,1,138.32,0,12,0,2,138.32,0.00,0.50,0.00,0,3.00,1,253.62,0,2,1,org.apache.solr.request.RangeEndpointCalculator,0.00,4,1,3,0,4,1,0,0,68,2
"org.apache.solr.request.SimpleFacets$LongRangeEndpointCalculator",3,0.00,1.00,7,0.08,1590.14,3,0,33,7,1,138.32,0,12,0,2,138.32,0.00,0.50,0.00,0,3.00,1,253.62,0,2,1,org.apache.solr.request.RangeEndpointCalculator,0.00,4,1,3,0,4,1,0,0,68,2
"org.apache.solr.request.SimpleFacets$RangeEndpointCalculator",8,0.71,1.38,22,0.33,6758.52,9,1,33,11,2,136.89,37,44,0,2,136.65,0.00,0.50,0.38,3,14.00,2,994.78,0,3,2,java.lang.Comparable,0.00,3,1,11,0,3,5,0,7,229,3
"org.apache.solr.request.SimpleFacetsTest",39,0.31,1.69,234,8.81,515859.51,42,3,5,42,1,159.40,64,1442,0,3,109.40,0.00,0.67,0.03,16,109.00,14,26444.03,6,0,1,org.apache.solr.SolrTestCaseJ4,0.00,3,2,66,0,3,39,0,63,4378,1
"org.apache.solr.request.SolrQueryRequest",11,0.00,1.00,12,0.06,330.79,11,0,6,11,190,199.25,31,13,186,1,159.36,0.00,0.00,0.00,0,11.00,1,171.53,0,7,5,,0.00,0,0,11,0,0,4,0,12,68,1
"org.apache.solr.request.SolrQueryRequestBase",14,0.01,1.36,43,0.38,7166.96,21,7,8,23,22,171.68,29,61,15,1,131.80,0.00,0.00,0.13,0,130.00,3,1125.16,0,8,7,java.lang.Object,0.00,9,0,19,1,9,6,1,13,284,2
"org.apache.solr.request.SolrRequestHandler",2,0.00,1.00,3,0.02,103.29,2,0,3,2,25,157.04,33,4,21,2,157.51,0.00,0.50,0.00,0,2.00,1,63.69,0,0,4,,0.00,0,1,2,0,0,2,0,3,22,1
"org.apache.solr.request.SolrRequestInfo",9,0.02,1.33,37,0.33,7329.34,14,5,4,21,11,125.55,2,49,8,1,125.55,0.00,0.00,0.18,0,42.00,3,996.93,0,4,4,java.lang.Object,0.00,12,0,12,0,12,5,0,2,235,1
"org.apache.solr.request.TestBinaryResponseWriter",3,0.00,1.33,22,0.38,7903.86,3,0,12,24,9,133.09,9,28,0,3,112.47,0.00,0.67,0.00,0,4.00,2,1136.70,3,2,9,org.apache.solr.util.AbstractSolrTestCase,0.18,21,2,4,0,21,1,0,2,199,1
"org.apache.solr.request.TestFaceting",9,0.31,2.44,120,2.20,165321.53,11,2,8,33,4,145.66,16,184,0,3,95.66,0.00,0.67,0.22,4,22.00,7,6613.98,8,1,4,org.apache.solr.SolrTestCaseJ4,0.05,24,2,22,0,24,8,0,14,1152,1
"org.apache.solr.request.TestWriterPerf",10,0.04,1.90,90,1.46,60720.57,15,5,11,38,8,155.46,16,113,0,3,105.46,0.00,0.67,0.16,4,34.00,8,4394.85,5,4,8,org.apache.solr.util.AbstractSolrTestCase,0.30,28,2,19,0,28,6,0,16,770,1
"org.apache.solr.request.UnInvertedField",11,0.22,11.00,497,8.38,1446635.78,25,14,35,98,34,94.75,213,544,4,1,68.47,0.00,0.00,0.27,5,13.00,31,25143.77,0,6,31,java.lang.Object,0.00,87,0,121,0,87,5,0,140,3652,1
"org.apache.solr.request.UnInvertedField$NumberedTermsEnum",18,0.05,1.67,98,1.15,71166.64,25,7,35,33,8,116.48,15,137,0,2,116.48,0.00,0.50,0.19,2,22.00,7,3441.91,0,11,8,org.apache.lucene.index.TermsEnum,0.44,15,1,30,0,15,7,0,13,713,0
"org.apache.solr.request.UnInvertedField$PrimUtils.IntComparator",3,0.00,1.00,7,0.09,2044.59,3,0,35,3,0,137.46,0,13,0,1,137.46,0.00,0.00,0.00,0,3.00,1,274.78,0,0,0,java.lang.Object,0.00,0,0,3,0,0,3,0,0,73,0
"org.apache.solr.request.UnInvertedField$TermIndex",5,0.03,1.40,23,0.26,5727.16,13,8,35,9,2,164.26,13,28,0,1,124.38,0.00,0.00,0.10,0,7.00,2,790.37,0,2,2,java.lang.Object,0.00,4,0,7,0,4,3,0,4,184,0
"org.apache.solr.request.UnInvertedField$TermIndex$BytesRef",3,0.00,2.00,20,0.26,9326.01,5,2,35,11,1,114.31,0,28,0,1,114.31,0.00,0.00,0.50,0,1.00,3,768.79,2,2,1,java.lang.Object,0.00,8,0,6,0,8,1,0,0,160,0
"org.apache.solr.request.UnInvertedField$TopTerm",1,1.00,1.00,5,0.03,326.20,3,2,35,1,1,145.75,3,9,0,1,125.13,0.00,0.00,0.50,0,0.00,1,102.15,0,0,1,java.lang.Object,0.00,0,0,1,0,0,1,0,3,30,1
"org.apache.lucene.analysis.cn.smart.hhmm.AbstractDictionary",6,3.00,2.00,62,0.76,34784.63,9,3,1,10,2,113.03,106,71,2,1,103.90,0.00,0.00,0.00,0,6.00,3,2267.14,0,1,1,java.lang.Object,0.00,4,0,12,2,4,5,0,46,462,1
"org.apache.lucene.analysis.cn.smart.hhmm.BiSegGraph",8,0.05,2.88,114,1.57,132665.38,11,3,6,37,7,76.90,46,132,1,1,94.78,0.00,0.00,0.38,4,4.00,8,4712.72,0,3,6,java.lang.Object,0.00,29,0,23,0,29,5,0,18,838,0
"org.apache.lucene.analysis.cn.smart.hhmm.BigramDictionary",11,0.09,3.45,130,1.65,123058.45,18,7,13,36,4,120.60,37,175,2,2,99.99,0.00,0.50,0.22,5,7.00,8,4962.30,2,1,2,org.apache.lucene.analysis.cn.smart.hhmm.AbstractDictionary,0.00,25,1,38,0,25,10,0,23,944,0
"org.apache.lucene.analysis.cn.smart.hhmm.HHMMSegmenter",3,1.00,7.33,104,1.66,362717.58,4,1,5,20,8,53.25,42,130,1,1,73.39,0.00,0.00,0.33,2,4.00,19,4968.61,0,1,7,java.lang.Object,0.00,17,0,22,0,17,2,0,24,806,1
"org.apache.lucene.analysis.cn.smart.hhmm.PathNode",3,0.50,3.33,21,0.28,9423.85,5,2,0,5,2,111.90,13,38,2,1,111.66,0.00,0.00,0.83,0,0.00,6,846.13,0,0,0,java.lang.Object,0.00,2,0,10,0,2,3,1,3,186,0
"org.apache.lucene.analysis.cn.smart.hhmm.SegGraph",7,0.00,2.29,55,0.61,24929.70,9,2,4,16,3,93.44,40,70,2,1,111.32,0.00,0.00,0.50,2,0.00,4,1817.37,0,4,1,java.lang.Object,0.00,9,0,16,0,9,3,0,8,380,0
"org.apache.lucene.analysis.cn.smart.hhmm.SegToken",3,0.75,4.33,39,0.44,18953.76,9,6,2,5,8,61.62,38,52,7,1,99.18,0.00,0.00,0.67,0,1.00,10,1315.25,0,0,1,java.lang.Object,0.00,2,0,13,0,2,3,0,11,280,1
"org.apache.lucene.analysis.cn.smart.hhmm.SegTokenFilter",1,0.00,10.00,20,0.28,28192.25,1,0,2,1,4,126.20,21,27,2,1,86.90,0.00,0.00,0.00,0,1.00,10,849.20,0,1,3,java.lang.Object,0.00,0,0,10,0,0,0,0,6,160,1
"org.apache.lucene.analysis.cn.smart.hhmm.SegTokenPair",3,0.62,3.67,34,0.41,17552.87,7,4,1,6,2,84.32,16,46,2,1,102.19,0.00,0.00,0.67,0,1.00,8,1216.27,0,0,0,java.lang.Object,0.00,3,0,11,0,3,3,0,5,254,0
"org.apache.lucene.analysis.cn.smart.hhmm.WordDictionary",19,0.16,3.74,255,3.44,315453.20,25,6,14,48,5,53.62,136,325,3,2,95.91,0.00,0.50,0.32,11,0.00,8,10319.29,2,1,3,org.apache.lucene.analysis.cn.smart.hhmm.AbstractDictionary,0.00,29,1,71,0,29,18,0,55,1978,0
"org.apache.lucene.util.packed.Direct16",8,0.07,1.38,36,0.35,13239.31,10,2,4,10,11,173.12,12,44,9,2,123.12,0.00,0.50,0.56,0,0.00,4,1037.57,0,0,2,PackedInts.ReaderImpl,0.00,2,1,11,0,2,8,1,3,237,1
"org.apache.lucene.util.packed.Direct32",8,0.07,1.25,31,0.30,9335.18,10,2,4,10,11,179.00,11,41,9,2,129.00,0.00,0.50,0.56,0,0.00,3,901.63,0,0,2,PackedInts.ReaderImpl,0.00,2,1,10,0,2,8,1,2,213,1
"org.apache.lucene.util.packed.Direct64",8,0.07,1.12,28,0.25,5253.55,10,2,4,10,4,180.99,11,37,2,2,130.99,0.00,0.50,0.56,0,0.00,2,764.09,0,0,2,PackedInts.ReaderImpl,0.00,2,1,9,0,2,8,1,2,187,1
"org.apache.lucene.util.packed.Direct8",8,0.07,1.38,36,0.34,13099.15,10,2,4,10,11,173.16,12,44,9,2,123.16,0.00,0.50,0.56,0,0.00,4,1019.05,0,0,2,PackedInts.ReaderImpl,0.00,2,1,11,0,2,8,1,3,233,1
"org.apache.lucene.util.packed.GrowableWriter",9,0.08,1.56,48,0.46,16417.35,12,3,0,20,4,159.03,22,57,3,1,119.15,0.00,0.00,0.41,2,0.00,4,1388.28,0,2,1,java.lang.Object,0.00,11,0,14,0,11,7,1,2,308,1
"org.apache.lucene.util.packed.Packed32",10,0.15,1.40,102,1.47,101217.16,23,13,4,14,4,59.79,71,127,2,2,102.08,0.00,0.50,0.21,1,0.00,3,4424.15,0,1,2,PackedInts.ReaderImpl,0.00,4,1,14,0,4,9,1,28,902,0
"org.apache.lucene.util.packed.Packed64",10,0.15,1.20,97,1.41,90173.40,23,13,4,12,4,61.93,71,116,2,2,104.22,0.00,0.50,0.21,1,0.00,2,4230.57,0,1,2,PackedInts.ReaderImpl,0.00,2,1,12,0,2,9,1,29,864,0
"org.apache.lucene.util.packed.PackedInts",8,0.19,2.12,63,0.81,34044.92,11,3,6,21,24,62.25,82,91,13,1,110.73,0.00,0.00,0.17,1,16.00,4,2418.41,0,4,12,java.lang.Object,0.00,13,0,17,0,13,4,0,17,495,1
"org.apache.lucene.util.packed.PackedInts$Mutable",2,0.00,1.00,3,0.02,88.15,2,0,6,2,0,158.29,8,4,0,2,158.05,0.00,0.50,0.00,0,2.00,1,54.46,0,0,0,,0.00,0,1,2,0,0,2,0,2,20,2
"org.apache.lucene.util.packed.PackedInts$Reader",3,0.00,1.00,4,0.02,59.37,3,0,6,3,0,161.03,13,5,0,1,160.79,0.00,0.00,0.00,0,3.00,1,45.44,0,0,0,,0.00,0,0,3,0,0,3,0,3,20,2
"org.apache.lucene.util.packed.PackedInts$ReaderImpl",4,0.17,1.00,13,0.10,2428.89,6,2,6,5,0,131.28,1,18,0,1,131.28,0.00,0.00,0.38,0,6.00,1,298.47,0,0,0,java.lang.Object,0.00,1,0,4,0,1,4,1,1,79,3
"org.apache.lucene.util.packed.PackedInts$ReaderIterator",5,0.00,1.00,6,0.03,139.41,5,0,6,5,0,209.62,7,7,0,2,159.62,0.00,0.50,0.00,0,5.00,1,85.97,0,0,0,,0.00,0,1,5,0,0,5,0,5,34,2
"org.apache.lucene.util.packed.PackedInts$Writer",3,3.00,1.00,14,0.13,2968.58,6,3,6,5,2,124.95,0,17,0,1,124.95,0.00,0.00,0.00,0,4.00,1,397.39,0,0,2,java.lang.Object,0.00,2,0,3,0,2,3,0,0,97,3
"org.apache.lucene.util.packed.PackedReaderIterator",7,0.24,1.71,63,0.70,47449.46,14,7,2,11,2,105.11,5,74,1,1,105.11,0.00,0.00,0.35,1,6.00,3,2114.17,0,0,1,java.lang.Object,0.00,4,0,12,0,4,7,1,5,417,1
"org.apache.lucene.util.packed.PackedWriter",4,0.42,2.25,40,0.45,27604.65,8,4,2,6,2,85.41,23,53,1,2,103.28,0.00,0.50,0.56,1,0.00,3,1352.51,0,1,2,PackedInts.Writer,0.00,2,1,9,0,2,3,0,17,272,0
"org.apache.lucene.util.packed.TestPackedInts",13,0.00,3.15,180,2.73,229523.81,13,0,6,69,10,95.74,10,223,0,2,95.74,0.00,0.50,0.00,4,13.00,11,8184.47,0,1,10,org.apache.lucene.util.LuceneTestCase,0.00,56,1,41,0,56,12,0,5,1473,1
"org.apache.solr.client.solrj.request.AbstractUpdateRequest",16,0.23,1.50,56,0.66,14625.24,18,2,7,25,10,129.79,9,81,4,2,129.79,2.00,0.25,0.28,2,30.00,4,1972.15,0,7,6,org.apache.solr.client.solrj.SolrRequest,0.07,9,1,24,2,9,9,0,4,459,2
"org.apache.solr.client.solrj.request.AbstractUpdateRequest$ACTION",0,0.00,0.00,2,0.01,23.26,0,0,7,0,0,171.00,0,4,0,1,171.00,0.00,0.00,0.00,0,0.00,0,15.51,0,0,0,java.lang.Object,0.00,0,0,0,0,0,0,0,0,6,1
"org.apache.solr.client.solrj.request.ContentStreamUpdateRequest",4,0.33,1.00,11,0.11,1370.60,5,1,7,7,4,107.59,25,17,1,3,139.81,0.00,0.67,0.75,1,0.00,1,319.73,0,1,3,org.apache.solr.client.solrj.request.AbstractUpdateRequest,0.09,3,2,4,0,3,3,0,4,83,1
"org.apache.solr.client.solrj.request.CoreAdminRequest",17,0.29,1.24,81,1.00,24220.22,20,3,13,46,15,173.66,19,124,7,2,123.66,3.00,0.20,0.06,0,32.00,3,3003.69,0,12,8,org.apache.solr.client.solrj.SolrRequest,0.14,29,1,21,3,29,5,0,15,656,1
"org.apache.solr.client.solrj.request.CoreAdminRequest$Create",10,0.06,1.50,40,0.37,12052.43,14,4,13,15,4,124.19,0,41,0,3,124.19,0.00,0.67,0.20,0,38.00,6,1119.43,0,5,4,org.apache.solr.client.solrj.request.CoreAdminRequest,0.08,5,2,15,0,5,5,0,0,253,2
"org.apache.solr.client.solrj.request.CoreAdminRequest$MergeIndexes",4,0.67,1.75,19,0.19,5652.51,5,1,13,8,4,123.61,0,27,0,3,123.61,0.00,0.67,0.50,0,2.00,4,560.69,0,2,4,org.apache.solr.client.solrj.request.CoreAdminRequest,0.09,4,2,7,0,4,2,0,0,125,2
"org.apache.solr.client.solrj.request.CoreAdminRequest$Persist",4,0.33,1.50,16,0.14,3445.05,5,1,13,8,4,125.34,0,24,0,3,125.34,0.00,0.67,0.75,0,0.00,3,419.59,0,2,4,org.apache.solr.client.solrj.request.CoreAdminRequest,0.09,4,2,6,0,4,2,0,0,100,2
"org.apache.solr.client.solrj.request.DirectXmlRequest",5,0.25,1.00,18,0.18,3524.21,7,2,9,11,9,180.77,6,30,2,2,130.77,0.00,0.50,0.30,0,10.00,1,546.15,0,3,7,org.apache.solr.client.solrj.SolrRequest,0.24,6,1,5,0,6,2,0,1,132,1
"org.apache.solr.client.solrj.request.DocumentAnalysisRequest",13,0.17,1.23,50,0.48,10392.77,16,3,14,31,12,98.07,85,68,3,2,130.30,0.00,0.50,0.18,1,59.00,3,1446.79,0,10,9,org.apache.solr.client.solrj.SolrRequest,0.16,18,1,16,0,18,3,0,16,338,1
"org.apache.solr.client.solrj.request.FieldAnalysisRequest",18,0.04,1.50,78,0.73,19639.93,23,5,12,34,11,92.30,113,108,3,2,124.53,0.00,0.50,0.17,1,102.00,4,2203.75,0,15,8,org.apache.solr.client.solrj.SolrRequest,0.13,16,1,27,0,16,3,0,21,501,1
"org.apache.solr.client.solrj.request.JavaBinUpdateRequestCodec",5,0.00,4.60,77,1.16,65818.68,5,0,11,41,11,76.47,28,92,3,1,94.34,0.00,0.00,0.00,2,5.00,7,3469.99,0,4,8,java.lang.Object,0.00,36,0,23,0,36,1,0,4,648,1
"org.apache.solr.client.solrj.request.JavaBinUpdateRequestCodec$JavaBinCodec",1,0.00,2.00,6,0.05,1187.56,1,0,11,3,1,117.60,0,9,0,1,117.60,0.00,0.00,0.00,0,1.00,2,154.95,1,0,1,java.lang.Object,0.00,2,0,2,0,2,1,0,0,38,0
"org.apache.solr.client.solrj.request.JavaBinUpdateRequestCodec$JavaBinCodec_0",3,1.00,3.00,28,0.35,12842.00,4,1,11,13,4,146.44,6,33,0,1,106.55,0.00,0.00,0.33,1,4.00,4,1042.71,1,3,4,java.lang.Object,0.00,10,0,9,0,10,0,0,6,206,0
"org.apache.solr.client.solrj.request.JavaBinUpdateRequestCodec$StreamingDocumentHandler",1,0.00,1.00,2,0.01,71.82,1,0,11,1,2,145.15,0,3,0,1,145.15,0.00,0.00,0.00,0,1.00,1,38.61,0,0,2,,0.00,0,0,1,0,0,1,0,0,14,2
"org.apache.solr.client.solrj.request.LukeRequest",11,0.13,1.36,39,0.40,10326.36,14,3,12,22,9,179.72,14,64,1,2,129.72,0.00,0.50,0.21,0,36.00,4,1211.19,0,3,8,org.apache.solr.client.solrj.SolrRequest,0.17,11,1,15,0,11,8,0,8,279,1
"org.apache.solr.client.solrj.request.QueryRequest",7,0.50,1.57,29,0.29,7863.60,8,1,8,14,15,174.42,10,51,10,2,124.42,0.00,0.50,0.57,0,3.00,3,863.09,1,4,6,org.apache.solr.client.solrj.SolrRequest,0.32,7,1,11,0,7,3,0,4,200,1
"org.apache.solr.client.solrj.request.RequestWriter",7,1.00,1.43,27,0.32,7754.03,8,1,9,23,8,179.15,8,40,3,1,129.15,0.00,0.00,0.14,2,12.00,3,974.67,0,4,5,java.lang.Object,0.00,16,0,10,1,16,3,0,1,227,1
"org.apache.solr.client.solrj.request.RequestWriter$LazyContentStream",9,0.38,1.22,25,0.18,2725.63,11,2,9,17,2,140.19,0,38,0,1,140.19,0.00,0.00,0.17,1,19.00,3,547.77,0,7,2,java.lang.Object,0.00,8,0,11,0,8,2,1,0,152,1
"org.apache.solr.client.solrj.request.SolrPing",4,0.67,1.00,15,0.15,2931.69,5,1,8,10,7,180.64,5,26,2,2,130.64,0.00,0.50,0.50,0,4.00,1,436.87,0,3,6,org.apache.solr.client.solrj.SolrRequest,0.25,6,1,4,0,6,1,0,1,105,1
"org.apache.solr.client.solrj.request.TestUpdateRequestCodec",3,0.00,2.67,91,1.49,82199.68,3,0,14,34,4,80.96,14,105,0,2,80.73,0.00,0.50,0.00,1,3.00,3,4462.66,0,0,4,org.apache.lucene.util.LuceneTestCase,0.00,31,1,8,0,31,3,0,8,728,1
"org.apache.solr.client.solrj.request.TestUpdateRequestCodec$Iterable<String>",1,0.00,1.00,3,0.02,300.08,1,0,14,2,0,133.69,0,2,0,1,133.69,0.00,0.00,0.00,0,1.00,1,69.84,0,1,0,java.lang.Object,0.00,1,0,1,0,1,0,0,0,21,0
"org.apache.solr.client.solrj.request.TestUpdateRequestCodec$JavaBinUpdateRequestCodec.StreamingDocumentHandler",1,0.00,1.00,4,0.04,335.76,1,0,14,4,2,128.65,0,5,0,1,128.65,0.00,0.00,0.00,0,1.00,1,109.28,0,0,2,java.lang.Object,0.00,3,0,1,0,3,1,0,0,30,0
"org.apache.solr.client.solrj.request.TestUpdateRequestCodec$JavaBinUpdateRequestCodec.StreamingDocumentHandler_0",1,0.00,1.00,4,0.04,335.76,1,0,14,4,2,128.65,0,5,0,1,128.65,0.00,0.00,0.00,0,1.00,1,109.28,0,0,2,java.lang.Object,0.00,3,0,1,0,3,1,0,0,30,0
"org.apache.solr.client.solrj.request.UpdateRequest",19,0.04,2.32,111,1.27,51989.19,23,4,13,37,26,157.55,43,165,19,3,117.67,0.00,0.67,0.21,3,136.00,14,3809.59,0,14,7,org.apache.solr.client.solrj.request.AbstractUpdateRequest,0.26,18,2,44,0,18,5,0,21,796,1
"org.apache.solr.client.solrj.request.UpdateRequest$Deprecated",0,0.00,0.00,2,0.01,99.06,0,0,13,0,0,171.00,0,4,0,1,171.00,0.00,0.00,0.00,0,0.00,0,31.70,0,0,0,java.lang.Object,0.00,0,0,0,0,0,0,0,0,10,1
"org.apache.lucene.analysis.cjk.CJKAnalyzer",4,1.00,1.25,12,0.13,1960.11,5,1,8,7,7,99.74,26,19,1,4,131.97,0.00,0.75,0.00,0,6.00,2,386.69,0,1,6,org.apache.lucene.analysis.util.StopwordAnalyzerBase,0.00,3,3,5,0,3,3,0,5,97,2
"org.apache.lucene.analysis.cjk.CJKAnalyzer$DefaultSetHolder",0,0.00,0.00,6,0.05,853.95,1,1,8,0,1,171.00,2,10,0,1,171.00,0.00,0.00,0.00,0,0.00,0,164.39,0,0,1,java.lang.Object,0.00,0,0,0,0,0,0,0,2,40,2
"org.apache.lucene.analysis.cjk.CJKTokenizer",7,0.15,4.43,121,1.38,127602.40,23,16,7,16,8,53.64,88,158,3,4,91.21,0.00,0.75,0.19,1,10.00,25,4140.04,2,0,5,org.apache.lucene.analysis.Tokenizer,0.50,9,3,31,0,9,7,0,46,724,2
"org.apache.lucene.analysis.cjk.TestCJKTokenizer",15,0.00,1.13,93,2.42,78642.40,15,0,3,17,4,112.65,13,207,0,3,112.65,0.00,0.67,0.00,3,15.00,2,7273.82,2,1,4,org.apache.lucene.analysis.BaseTokenStreamTestCase,0.00,2,2,17,0,2,14,0,4,1384,1
"org.apache.lucene.analysis.cjk.TestCJKTokenizer$TestToken",0,0.00,0.00,5,0.02,128.13,4,4,3,0,0,171.00,0,6,0,1,171.00,0.00,0.00,0.00,0,0.00,0,66.44,0,0,0,java.lang.Object,0.00,0,0,0,0,0,0,0,0,20,0
"org.apache.lucene.search.spell.Dictionary",1,0.00,1.00,2,0.01,54.30,1,0,1,1,8,101.98,11,3,8,1,146.11,0.00,0.00,0.00,0,1.00,1,29.65,0,1,0,,0.00,0,0,1,0,0,0,0,2,12,1
"org.apache.lucene.search.spell.DirectSpellChecker",24,0.02,1.96,134,2.12,168233.95,34,10,17,67,16,72.20,182,181,2,1,114.49,0.00,0.00,0.08,1,270.00,13,6362.77,0,3,14,java.lang.Object,0.00,43,0,47,0,43,21,0,46,1132,1
"org.apache.lucene.search.spell.DirectSpellChecker$ScoreTerm",3,0.00,4.00,23,0.31,11021.42,8,5,17,8,1,111.08,1,33,0,1,111.08,0.00,0.00,0.20,0,0.00,7,934.87,0,0,1,java.lang.Object,0.00,5,0,12,0,5,3,1,1,206,2
"org.apache.lucene.search.spell.DirectSpellChecker$StringDistance",1,0.00,1.00,3,0.02,202.31,1,0,17,2,0,135.04,0,3,0,1,135.04,0.00,0.00,0.00,0,1.00,1,63.51,0,0,0,java.lang.Object,0.00,1,0,1,0,1,1,0,0,19,0
"org.apache.lucene.search.spell.JaroWinklerDistance",4,1.00,4.50,74,0.95,150753.20,5,1,1,9,6,127.68,10,75,5,1,87.79,0.00,0.00,0.25,1,6.00,13,2842.95,0,0,1,java.lang.Object,0.00,5,0,18,0,5,4,1,2,516,1
"org.apache.lucene.search.spell.LevensteinDistance",2,0.00,4.00,43,0.47,67213.86,2,0,0,7,8,133.54,54,43,7,1,85.71,0.00,0.00,0.00,0,2.00,7,1395.97,0,0,1,java.lang.Object,0.00,5,0,8,0,5,2,1,19,256,2
"org.apache.lucene.search.spell.LuceneDictionary",2,2.00,1.00,9,0.08,1195.91,4,2,8,4,9,108.80,10,12,2,1,126.68,0.00,0.00,0.00,0,2.00,1,245.37,0,1,7,java.lang.Object,0.00,2,0,2,0,2,1,1,1,63,1
"org.apache.lucene.search.spell.LuceneDictionary$LuceneIterator",4,0.17,2.00,22,0.19,4439.47,6,2,8,10,4,120.79,0,33,0,1,120.79,0.00,0.00,0.62,0,0.00,3,566.19,0,1,4,java.lang.Object,0.00,6,0,8,0,6,3,1,0,131,1
"org.apache.lucene.search.spell.NGramDistance",3,1.00,6.33,83,0.94,209721.28,4,1,0,9,5,97.17,54,82,4,1,79.03,0.00,0.00,0.33,0,4.00,17,2823.53,0,0,1,java.lang.Object,0.00,6,0,19,0,6,3,1,21,502,1
"org.apache.lucene.search.spell.PlainTextDictionary",4,0.11,1.00,13,0.11,1454.02,7,3,2,8,3,172.92,11,18,2,1,133.04,0.00,0.00,0.25,0,0.00,1,344.91,0,1,1,java.lang.Object,0.00,4,0,4,0,4,3,1,2,90,1
"org.apache.lucene.search.spell.PlainTextDictionary$fileIterator",3,0.00,2.00,14,0.11,2140.06,3,0,2,5,0,125.91,0,21,0,1,125.91,0.00,0.00,0.00,1,1.00,3,319.69,0,1,0,java.lang.Object,0.00,2,0,6,0,2,2,1,0,78,1
"org.apache.lucene.search.spell.SpellChecker",33,0.02,2.09,244,3.31,239257.56,46,13,28,91,35,58.91,305,309,8,1,108.91,0.00,0.00,0.06,12,426.00,16,9936.80,0,10,27,java.lang.Object,0.00,58,0,69,1,58,23,1,76,1840,1
"org.apache.lucene.search.spell.SpellChecker$ReaderUtil.Gather",1,0.00,2.00,4,0.07,1271.74,1,0,28,4,2,123.94,0,7,0,1,123.94,0.00,0.00,0.00,0,0.00,2,199.64,0,0,2,java.lang.Object,0.00,3,0,2,0,3,1,0,0,47,0
"org.apache.lucene.search.spell.StringDistance",1,0.00,1.00,2,0.01,60.60,1,0,0,1,16,193.56,27,3,16,1,145.73,0.00,0.00,0.00,0,1.00,1,35.00,0,0,0,,0.00,0,0,1,0,0,1,0,3,13,1
"org.apache.lucene.search.spell.SuggestWord",0,0.00,0.00,4,0.02,179.25,3,3,0,0,11,171.00,32,5,11,1,171.00,0.00,0.00,0.00,0,0.00,0,71.70,0,0,0,java.lang.Object,0.00,0,0,0,0,0,0,0,5,20,2
"org.apache.lucene.search.spell.SuggestWordFrequencyComparator",1,0.00,5.00,11,0.12,5042.84,1,0,1,2,5,149.90,23,17,4,1,102.63,0.00,0.00,0.00,0,1.00,5,348.35,0,0,1,java.lang.Object,0.00,1,0,5,0,1,1,1,5,83,1
"org.apache.lucene.search.spell.SuggestWordQueue",3,0.00,1.00,12,0.13,2781.93,5,2,2,5,8,107.30,16,17,5,2,125.18,0.00,0.50,0.50,0,1.00,1,393.72,1,0,3,org.apache.lucene.util.PriorityQueue,0.00,2,1,3,0,2,3,0,3,95,2
"org.apache.lucene.search.spell.SuggestWordScoreComparator",1,0.00,5.00,11,0.12,5042.84,1,0,1,2,2,60.33,7,17,1,1,102.63,0.00,0.00,0.00,0,1.00,5,348.35,0,0,1,java.lang.Object,0.00,1,0,5,0,1,1,1,4,83,1
"org.apache.lucene.search.spell.TestDirectSpellChecker",2,0.00,2.50,87,1.57,99981.12,2,0,10,26,11,73.09,8,89,0,2,72.85,0.00,0.50,0.00,0,2.00,4,4699.23,0,0,11,org.apache.lucene.util.LuceneTestCase,0.00,24,1,5,0,24,2,0,8,778,1
"org.apache.lucene.search.spell.TestJaroWinklerDistance",1,0.00,1.00,23,0.36,12643.14,2,1,1,4,2,87.90,0,25,0,2,87.90,0.00,0.50,1.00,0,0.00,1,1078.65,0,0,2,org.apache.lucene.util.LuceneTestCase,0.00,3,1,1,0,3,1,0,0,196,1
"org.apache.lucene.search.spell.TestLevenshteinDistance",2,0.00,1.00,26,0.34,8526.29,3,1,1,6,2,100.86,0,29,0,2,100.86,0.00,0.50,1.00,0,0.00,1,1033.78,0,0,2,org.apache.lucene.util.LuceneTestCase,0.00,4,1,2,0,4,2,0,0,199,1
"org.apache.lucene.search.spell.TestLuceneDictionary",8,0.61,1.88,115,1.60,60812.65,12,4,10,33,9,147.54,9,136,0,2,97.54,0.00,0.50,0.78,0,0.00,3,4790.01,2,0,9,org.apache.lucene.util.LuceneTestCase,0.00,25,1,15,0,25,8,0,5,908,1
"org.apache.lucene.search.spell.TestNGramDistance",4,0.00,1.00,100,1.48,51227.16,4,0,1,8,2,86.51,0,105,0,2,86.51,0.00,0.50,0.00,0,4.00,1,4432.45,0,0,2,org.apache.lucene.util.LuceneTestCase,0.00,4,1,4,0,4,4,0,0,766,1
"org.apache.lucene.search.spell.TestPlainTextDictionary",1,0.00,1.00,14,0.19,5291.78,1,0,4,11,3,99.16,4,16,0,2,98.92,0.00,0.50,0.00,0,1.00,1,567.34,0,0,3,org.apache.lucene.util.LuceneTestCase,0.00,10,1,1,0,10,1,0,1,109,1
"org.apache.lucene.search.spell.TestSpellChecker",14,0.17,2.21,229,3.12,138812.38,18,4,20,67,18,115.05,46,255,1,2,94.43,0.00,0.50,0.41,8,0.00,6,9350.45,2,0,17,org.apache.lucene.util.LuceneTestCase,0.00,53,1,31,0,53,14,0,41,1697,1
"org.apache.lucene.search.spell.TestSpellChecker$SpellCheckWorker",2,0.33,2.50,17,0.12,2221.28,5,3,20,4,2,113.12,0,26,0,1,113.12,0.00,0.00,0.50,0,2.00,4,355.64,0,0,2,java.lang.Object,0.00,2,0,5,0,2,2,1,0,86,1
"org.apache.lucene.search.spell.TestSpellChecker$SpellCheckerMock",4,0.00,1.00,11,0.11,1556.15,4,0,20,5,5,139.38,0,18,0,2,139.38,0.00,0.50,0.00,0,4.00,1,333.71,1,1,5,org.apache.lucene.search.spell.SpellChecker,0.00,1,1,4,0,1,3,0,0,86,0
"org.apache.lucene.xmlparser.builders.BooleanFilterBuilder",2,1.00,2.00,19,0.23,6781.43,3,1,10,12,9,57.45,19,24,1,1,107.45,0.00,0.00,0.50,0,2.00,3,682.32,0,1,8,java.lang.Object,0.00,10,0,4,0,10,1,1,2,133,1
"org.apache.lucene.xmlparser.builders.BooleanQueryBuilder",3,1.00,3.00,36,0.48,19008.86,4,1,9,19,8,58.26,22,57,2,1,100.55,0.00,0.00,0.33,1,4.00,5,1440.13,0,2,6,java.lang.Object,0.00,16,0,9,0,16,1,1,3,272,1
"org.apache.lucene.xmlparser.builders.BoostingQueryBuilder",2,0.00,1.00,16,0.20,5679.90,4,2,6,8,6,60.12,19,22,1,1,110.12,0.00,0.00,0.50,0,2.00,1,602.17,0,1,5,java.lang.Object,0.00,6,0,2,0,6,1,1,2,128,1
"org.apache.lucene.xmlparser.builders.BoostingTermBuilder",1,0.00,1.00,7,0.10,1996.32,1,0,7,8,8,139.77,19,11,1,2,113.49,0.00,0.50,0.00,0,1.00,1,297.27,0,1,7,org.apache.lucene.xmlparser.builders.SpanBuilderBase,0.00,7,1,1,0,7,0,0,2,64,1
"org.apache.lucene.xmlparser.builders.CachedFilterBuilder",2,0.50,3.00,33,0.38,17075.21,6,4,12,12,11,113.01,36,50,1,1,94.87,0.00,0.00,0.50,0,2.00,5,1148.27,0,1,10,java.lang.Object,0.00,10,0,6,0,10,1,1,6,223,1
"org.apache.lucene.xmlparser.builders.CachedFilterBuilder$LRUCache",2,1.00,1.00,7,0.09,1488.55,3,1,12,3,0,130.59,0,14,0,2,130.59,0.00,0.50,0.50,0,2.00,1,277.71,0,0,0,java.util.LinkedHashMap,0.00,1,1,2,0,1,2,0,0,67,1
"org.apache.lucene.xmlparser.builders.ConstantScoreQueryBuilder",2,1.00,1.00,9,0.10,1699.58,3,1,7,7,7,75.48,19,15,1,1,125.47,0.00,0.00,0.50,0,2.00,1,285.38,0,1,6,java.lang.Object,0.00,5,0,2,0,5,1,1,2,68,1
"org.apache.lucene.xmlparser.builders.DuplicateFilterBuilder",1,0.00,5.00,19,0.25,10414.72,1,0,6,8,6,117.57,19,35,1,1,91.29,0.00,0.00,0.00,0,1.00,5,764.33,0,1,5,java.lang.Object,0.00,7,0,5,0,7,0,1,2,144,1
"org.apache.lucene.xmlparser.builders.FilteredQueryBuilder",2,0.00,1.00,16,0.19,4543.37,4,2,8,9,8,66.75,22,20,1,1,110.88,0.00,0.00,0.50,0,2.00,1,565.91,0,1,7,java.lang.Object,0.00,7,0,2,0,7,1,1,3,123,1
"org.apache.lucene.xmlparser.builders.FuzzyLikeThisQueryBuilder",2,0.60,1.50,25,0.35,10302.66,7,5,9,11,8,51.42,19,30,1,1,101.42,0.00,0.00,0.50,0,2.00,2,1038.49,0,1,7,java.lang.Object,0.00,9,0,3,0,9,1,1,2,193,1
"org.apache.lucene.xmlparser.builders.LikeThisQueryBuilder",2,0.60,4.50,43,0.72,56347.45,7,5,13,24,9,66.15,28,57,1,1,86.29,0.00,0.00,0.50,0,2.00,8,2170.39,0,1,8,java.lang.Object,0.00,22,0,9,0,22,1,1,9,354,1
"org.apache.lucene.xmlparser.builders.MatchAllDocsQueryBuilder",1,0.00,1.00,3,0.02,212.34,1,0,5,2,5,161.16,19,7,1,1,134.88,0.00,0.00,0.00,0,1.00,1,67.32,0,1,4,java.lang.Object,0.00,1,0,1,0,1,0,1,2,20,1
"org.apache.lucene.xmlparser.builders.NumericRangeFilterBuilder",2,0.00,4.00,30,0.54,26448.65,4,2,10,16,9,88.59,74,48,2,1,94.36,0.00,0.00,0.50,0,2.00,7,1613.98,0,1,7,java.lang.Object,0.00,14,0,8,0,14,1,1,2,282,1
"org.apache.lucene.xmlparser.builders.NumericRangeFilterBuilder$NoMatchFilter",1,0.00,1.00,3,0.02,259.46,1,0,10,1,2,134.19,0,6,0,2,134.19,0.00,0.50,0.00,0,1.00,1,72.62,0,1,2,org.apache.lucene.search.Filter,0.00,0,1,1,0,0,0,0,0,21,1
"org.apache.lucene.xmlparser.builders.NumericRangeQueryBuilder",1,0.00,6.00,23,0.47,24992.14,1,0,7,14,8,64.90,60,38,2,1,85.16,0.00,0.00,0.00,0,1.00,6,1402.24,0,1,6,java.lang.Object,0.00,13,0,6,0,13,0,1,1,238,1
"org.apache.lucene.xmlparser.builders.RangeFilterBuilder",1,0.00,1.00,8,0.12,2897.81,1,0,6,5,6,136.33,19,10,1,1,110.05,0.00,0.00,0.00,0,1.00,1,357.35,0,1,5,java.lang.Object,0.00,4,0,1,0,4,0,1,2,75,1
"org.apache.lucene.xmlparser.builders.SpanBuilderBase",1,0.00,1.00,3,0.02,224.79,1,0,3,2,10,160.97,19,7,7,1,134.68,0.00,0.00,0.00,0,1.00,1,69.84,0,1,3,java.lang.Object,0.00,1,0,1,7,1,0,1,2,21,2
"org.apache.lucene.xmlparser.builders.SpanFirstBuilder",2,1.00,1.00,12,0.13,2677.03,3,1,5,7,7,67.35,19,18,1,2,117.35,0.00,0.50,0.50,0,2.00,1,387.96,0,1,6,org.apache.lucene.xmlparser.builders.SpanBuilderBase,0.00,5,1,2,0,5,1,0,2,88,1
"org.apache.lucene.xmlparser.builders.SpanNearBuilder",2,1.00,2.00,18,0.26,10152.78,3,1,7,12,7,56.07,19,25,1,2,106.06,0.00,0.50,0.50,0,2.00,3,783.79,0,1,6,org.apache.lucene.xmlparser.builders.SpanBuilderBase,0.00,10,1,4,0,10,1,0,2,148,1
"org.apache.lucene.xmlparser.builders.SpanNotBuilder",2,1.00,1.00,15,0.17,4696.08,3,1,5,8,7,68.80,22,21,1,2,112.93,0.00,0.50,0.50,0,2.00,1,513.66,0,1,6,org.apache.lucene.xmlparser.builders.SpanBuilderBase,0.00,6,1,2,0,6,1,0,3,113,1
"org.apache.lucene.xmlparser.builders.SpanOrBuilder",2,1.00,2.00,18,0.23,9324.77,3,1,7,11,7,56.36,19,25,1,2,106.36,0.00,0.50,0.50,0,2.00,3,683.65,0,1,6,org.apache.lucene.xmlparser.builders.SpanBuilderBase,0.00,9,1,4,0,9,1,0,2,136,1
"org.apache.lucene.xmlparser.builders.SpanOrTermsBuilder",2,1.00,2.00,21,0.33,14149.27,3,1,14,19,12,59.10,22,33,1,2,103.22,0.00,0.50,0.50,0,2.00,3,975.04,0,1,11,org.apache.lucene.xmlparser.builders.SpanBuilderBase,0.00,17,1,4,0,17,1,0,3,177,1
"org.apache.lucene.xmlparser.builders.SpanQueryBuilder",1,0.00,1.00,2,0.01,88.08,1,0,4,1,9,144.46,0,3,6,2,144.46,0.00,0.50,0.00,0,1.00,1,44.04,0,1,3,,0.00,0,1,1,0,0,0,0,0,15,1
"org.apache.lucene.xmlparser.builders.SpanQueryBuilderFactory",3,0.50,1.33,11,0.14,3433.29,4,1,5,9,5,96.83,19,19,1,1,129.05,0.00,0.00,0.67,1,1.00,2,408.23,0,2,4,java.lang.Object,0.00,6,0,4,0,6,1,1,2,98,1
"org.apache.lucene.xmlparser.builders.SpanTermBuilder",1,0.00,1.00,7,0.09,1909.68,1,0,6,7,7,139.92,19,11,1,2,113.64,0.00,0.50,0.00,0,1.00,1,279.91,0,1,6,org.apache.lucene.xmlparser.builders.SpanBuilderBase,0.00,6,1,1,0,6,0,0,2,61,1
"org.apache.lucene.xmlparser.builders.TermQueryBuilder",1,0.00,1.00,7,0.09,1909.68,1,0,7,7,7,139.92,19,9,1,1,113.64,0.00,0.00,0.00,0,1.00,1,279.91,0,1,6,java.lang.Object,0.00,6,0,1,0,6,0,1,2,61,1
"org.apache.lucene.xmlparser.builders.TermsFilterBuilder",2,1.00,2.50,22,0.28,12126.30,3,1,13,14,11,82.01,28,38,1,1,102.16,0.00,0.00,0.50,0,2.00,4,830.82,0,1,10,java.lang.Object,0.00,12,0,5,0,12,1,1,5,155,1
"org.apache.lucene.xmlparser.builders.TermsQueryBuilder",2,1.00,2.50,24,0.38,17028.42,3,1,15,19,13,51.11,20,38,1,1,99.58,0.00,0.00,0.50,0,2.00,4,1126.46,0,1,12,java.lang.Object,0.00,17,0,5,0,17,1,1,3,197,1
"org.apache.lucene.xmlparser.builders.TestNumericRangeFilterBuilder",7,0.00,2.29,127,2.02,95004.68,7,0,17,57,8,91.44,0,156,0,2,91.44,0.00,0.50,0.00,1,7.00,3,6066.67,0,1,8,org.apache.lucene.util.LuceneTestCase,0.00,50,1,16,0,50,6,0,0,1082,1
"org.apache.lucene.xmlparser.builders.TestNumericRangeQueryBuilder",6,0.00,2.50,105,1.73,88133.51,6,0,12,44,4,92.08,0,123,0,2,92.08,0.00,0.50,0.00,1,6.00,3,5181.01,0,1,4,org.apache.lucene.util.LuceneTestCase,0.00,38,1,15,0,38,5,0,0,931,1
"org.apache.lucene.xmlparser.builders.UserInputQueryBuilder",4,0.11,1.50,25,0.27,9097.81,7,3,9,11,9,65.45,37,39,1,1,115.45,0.00,0.00,0.25,1,6.00,3,815.45,0,2,8,java.lang.Object,0.00,7,0,6,0,7,2,1,7,173,1
"org.apache.lucene.queryParser.standard.nodes.BooleanModifierNode",1,0.00,1.00,3,0.02,146.18,1,0,3,1,3,93.86,7,5,1,3,136.15,0.00,0.67,0.00,0,1.00,1,58.69,0,0,3,org.apache.lucene.queryParser.core.nodes.ModifierQueryNode,0.00,0,2,1,0,0,1,0,1,19,1
"org.apache.lucene.queryParser.standard.nodes.MultiPhraseQueryNode",6,0.00,2.33,39,0.43,14074.81,6,0,7,17,10,115.24,5,53,4,2,115.24,0.00,0.50,0.00,0,6.00,4,1281.56,4,4,6,org.apache.lucene.queryParser.core.nodes.QueryNodeImpl,0.16,11,1,14,0,11,2,1,2,276,1
"org.apache.lucene.queryParser.standard.nodes.PrefixWildcardQueryNode",4,0.00,1.00,10,0.12,1817.28,4,0,1,8,6,90.74,33,19,4,4,138.84,0.00,0.75,0.00,0,4.00,1,360.01,1,2,2,org.apache.lucene.queryParser.standard.nodes.WildcardQueryNode,0.17,4,3,4,0,4,2,0,4,96,1
"org.apache.lucene.queryParser.standard.nodes.RangeQueryNode",3,1.00,1.00,13,0.13,2682.99,4,1,5,7,8,107.43,15,18,5,3,125.30,0.00,0.67,0.00,0,3.00,1,390.52,2,2,4,org.apache.lucene.queryParser.core.nodes.ParametricRangeQueryNode,0.10,4,2,3,0,4,1,0,3,96,1
"org.apache.lucene.queryParser.standard.nodes.RegexpQueryNode",10,0.22,1.10,27,0.25,4334.63,12,2,6,13,10,188.98,13,42,4,2,138.98,0.00,0.50,0.30,0,26.00,2,757.91,2,7,6,org.apache.lucene.queryParser.core.nodes.QueryNodeImpl,0.14,3,1,11,0,3,3,2,2,200,1
"org.apache.lucene.queryParser.standard.nodes.StandardBooleanQueryNode",2,1.00,1.00,7,0.05,671.28,3,1,5,2,7,115.44,11,10,3,3,133.31,0.00,0.67,0.00,0,2.00,1,153.76,0,0,4,org.apache.lucene.queryParser.core.nodes.BooleanQueryNode,0.00,0,2,2,0,0,2,0,2,42,1
"org.apache.lucene.queryParser.standard.nodes.WildcardQueryNode",5,0.00,1.20,15,0.17,3062.00,5,0,2,9,9,151.83,15,26,7,3,131.21,0.50,0.50,0.00,0,5.00,2,515.59,2,3,2,org.apache.lucene.queryParser.core.nodes.FieldQueryNode,0.14,4,2,6,1,4,2,0,3,132,1
"org.apache.solr.client.solrj.embedded.EmbeddedSolrServer",4,0.33,5.75,70,1.18,82209.88,7,3,29,47,28,42.63,32,111,4,2,90.74,0.00,0.50,0.58,1,0.00,15,3535.83,0,2,24,org.apache.solr.client.solrj.SolrServer,0.00,43,1,23,0,43,2,0,9,582,1
"org.apache.solr.client.solrj.embedded.EmbeddedSolrServer$BinaryResponseWriter.Resolver",1,0.00,5.00,21,0.32,11891.40,1,0,29,20,6,139.22,1,22,0,1,89.22,0.00,0.00,0.00,0,1.00,5,968.16,0,0,6,java.lang.Object,0.00,19,0,5,0,19,1,0,1,169,0
"org.apache.solr.client.solrj.embedded.EmbeddedSolrServer$JavaBinCodec",2,0.00,1.50,12,0.17,5171.40,2,0,29,12,2,115.01,1,17,0,1,115.01,0.00,0.00,0.00,0,2.00,2,509.37,1,0,2,java.lang.Object,0.00,10,0,3,0,10,2,0,1,110,0
"org.apache.solr.client.solrj.embedded.JettySolrRunner",8,0.11,1.88,51,0.54,12586.35,13,5,15,33,13,137.27,24,70,12,1,116.65,0.00,0.00,0.10,2,8.00,4,1629.16,0,0,1,java.lang.Object,0.00,25,0,15,0,25,8,0,12,347,1
"org.apache.solr.client.solrj.embedded.JettySolrRunner$LifeCycle.Listener",5,0.00,1.40,15,0.17,2379.17,5,0,15,11,2,132.04,0,23,0,1,132.04,0.00,0.00,0.00,0,11.00,3,509.66,0,0,2,java.lang.Object,0.00,6,0,7,0,6,5,0,0,121,0
"org.apache.solr.client.solrj.embedded.JettySolrRunner$NoLog",11,0.40,1.18,21,0.22,4272.49,13,2,15,14,0,150.57,0,36,0,1,150.57,0.00,0.00,0.14,0,34.00,2,666.91,0,2,0,java.lang.Object,0.00,3,0,13,0,3,9,1,0,178,0
"org.apache.solr.client.solrj.embedded.JettySolrRunner$Servlet404",1,0.00,1.00,3,0.04,610.98,1,0,15,3,0,131.26,0,7,0,2,131.26,0.00,0.50,0.00,0,1.00,1,132.02,0,0,0,javax.servlet.http.HttpServlet,0.00,2,1,1,0,2,1,0,0,33,2
"org.apache.solr.client.solrj.embedded.JettyWebappTest",3,0.50,1.33,39,0.58,18906.36,6,3,12,28,2,81.59,15,51,0,2,99.46,0.00,0.50,0.67,0,0.00,2,1732.01,2,0,2,org.apache.lucene.util.LuceneTestCase,0.00,25,1,4,0,25,3,0,12,327,1
"org.apache.solr.client.solrj.embedded.LargeVolumeBinaryJettyTest",1,0.00,1.00,3,0.03,322.28,1,0,2,1,1,133.69,4,6,0,5,133.45,0.00,0.80,0.00,0,0.00,1,80.23,1,0,1,org.apache.solr.client.solrj.LargeVolumeTestBase,0.00,0,4,1,0,0,1,0,1,23,1
"org.apache.solr.client.solrj.embedded.LargeVolumeEmbeddedTest",1,0.00,1.00,3,0.03,292.54,1,0,2,1,1,133.78,0,6,0,5,133.78,0.00,0.80,0.00,0,0.00,1,81.93,1,0,1,org.apache.solr.client.solrj.LargeVolumeTestBase,0.00,0,4,1,0,0,1,0,0,23,1
"org.apache.solr.client.solrj.embedded.LargeVolumeJettyTest",1,0.00,1.00,3,0.03,322.28,1,0,2,1,1,133.45,0,6,0,5,133.45,0.00,0.80,0.00,0,0.00,1,80.23,1,0,1,org.apache.solr.client.solrj.LargeVolumeTestBase,0.00,0,4,1,0,0,1,0,0,23,1
"org.apache.solr.client.solrj.embedded.MergeIndexesEmbeddedTest",6,0.00,1.00,19,0.19,3168.48,6,0,4,12,4,181.76,6,32,0,5,131.76,0.00,0.80,0.00,0,0.00,1,567.02,2,5,4,org.apache.solr.client.solrj.MergeIndexesExampleTestBase,0.46,6,4,6,0,6,1,0,1,142,1
"org.apache.solr.client.solrj.embedded.MultiCoreEmbeddedTest",5,0.00,1.00,14,0.14,2352.88,5,0,3,8,3,188.72,6,29,0,5,138.72,0.00,0.80,0.00,0,0.00,1,426.84,2,4,3,org.apache.solr.client.solrj.MultiCoreExampleTestBase,0.38,3,4,5,0,3,1,0,1,109,1
"org.apache.solr.client.solrj.embedded.MultiCoreExampleJettyTest",7,0.06,1.14,30,0.29,5635.57,10,3,3,18,4,175.63,11,52,0,5,125.63,0.00,0.80,0.29,1,14.00,2,882.29,2,5,4,org.apache.solr.client.solrj.MultiCoreExampleTestBase,0.46,11,4,8,0,11,2,0,4,206,1
"org.apache.solr.client.solrj.embedded.SolrExampleEmbeddedTest",1,0.00,1.00,3,0.03,292.54,1,0,2,1,1,101.56,6,6,0,5,133.78,0.00,0.80,0.00,0,0.00,1,81.93,1,0,1,org.apache.solr.client.solrj.SolrExampleTests,0.00,0,4,1,0,0,1,0,1,23,1
"org.apache.solr.client.solrj.embedded.SolrExampleJettyTest",2,0.00,1.50,8,0.09,1602.99,2,0,5,5,2,125.82,8,17,0,5,125.58,0.00,0.80,0.00,0,2.00,2,261.35,1,0,2,org.apache.solr.client.solrj.SolrExampleTests,0.00,3,4,3,0,3,2,0,3,62,1
"org.apache.solr.client.solrj.embedded.SolrExampleStreamingTest",2,0.00,1.50,12,0.12,2902.01,2,0,5,7,4,117.22,8,21,0,5,116.98,0.00,0.80,0.00,0,2.00,2,350.11,1,1,4,org.apache.solr.client.solrj.SolrExampleTests,0.07,5,4,3,0,5,1,0,4,78,1
"org.apache.solr.client.solrj.embedded.SolrExampleStreamingTest$StreamingUpdateSolrServer",1,0.00,1.00,2,0.02,105.56,1,0,5,1,0,193.84,1,4,0,1,143.84,0.00,0.00,0.00,0,1.00,1,51.35,0,0,0,java.lang.Object,0.00,0,0,1,0,0,1,0,1,17,0
"org.apache.solr.client.solrj.embedded.TestSolrProperties",10,0.03,1.50,89,1.50,62408.65,14,4,27,61,11,157.33,13,117,0,2,107.33,0.00,0.50,0.28,5,10.00,4,4489.60,2,6,11,org.apache.lucene.util.LuceneTestCase,0.00,51,1,15,0,51,4,0,10,769,1
"org.apache.lucene.analysis.position.PositionFilter",4,0.00,1.50,21,0.17,3243.56,7,3,4,6,5,104.05,20,30,2,4,121.93,0.00,0.75,0.33,0,4.00,3,513.65,1,0,3,org.apache.lucene.analysis.TokenFilter,0.50,2,3,6,0,2,4,0,5,124,2
"org.apache.lucene.analysis.position.PositionFilterTest",4,0.28,1.00,20,0.46,14984.26,10,6,5,8,5,166.79,5,73,0,3,116.79,0.00,0.67,0.38,0,0.00,1,1370.40,1,0,5,org.apache.lucene.analysis.BaseTokenStreamTestCase,0.00,4,2,4,0,4,4,0,2,273,1
"org.apache.lucene.analysis.position.PositionFilterTest$TestTokenStream",3,0.17,1.33,16,0.14,2974.83,6,3,5,6,2,121.27,0,23,0,3,121.27,0.00,0.67,0.44,0,1.00,2,434.74,0,0,2,org.apache.lucene.analysis.TokenStream,0.55,3,2,4,0,3,3,0,0,101,1
"org.apache.lucene.store.db.Block",6,0.30,1.33,34,0.62,21891.03,8,2,3,16,4,116.81,0,55,2,1,116.81,0.00,0.00,0.75,1,0.00,2,1854.86,0,0,3,java.lang.Object,0.00,10,1,8,0,10,6,0,0,374,1
"org.apache.lucene.store.db.DbDirectory",17,0.16,1.59,76,1.11,47705.57,22,5,18,50,11,161.17,36,145,5,2,121.28,0.00,0.50,0.05,2,47.00,5,3320.26,0,4,9,org.apache.lucene.store.Directory,0.11,33,1,27,0,33,13,0,5,693,1
"org.apache.lucene.store.db.DbIndexInput",8,0.34,2.12,55,0.73,35123.28,13,5,2,19,6,113.12,0,102,2,3,113.12,0.00,0.67,0.50,0,0.00,4,2195.66,1,1,5,org.apache.lucene.store.IndexInput,0.75,11,2,17,0,11,7,0,0,446,1
"org.apache.lucene.store.db.DbIndexOutput",8,0.36,2.00,58,0.74,29896.40,16,8,2,21,5,111.18,4,102,3,3,111.18,0.00,0.67,0.44,2,0.00,4,2219.50,0,0,4,org.apache.lucene.store.IndexOutput,0.88,13,2,16,0,13,8,0,1,455,1
"org.apache.lucene.store.db.DbLock",4,0.33,1.00,9,0.06,681.51,5,1,1,4,2,192.20,6,21,1,2,142.20,0.00,0.50,0.75,0,0.00,1,179.54,0,0,1,org.apache.lucene.store.Lock,0.75,0,1,4,0,0,4,0,1,54,1
"org.apache.lucene.store.db.DbStoreTest",4,0.75,13.25,249,3.66,523532.62,8,4,16,50,5,113.25,5,302,0,2,63.25,0.00,0.50,0.81,0,0.00,22,10994.55,2,0,5,org.apache.lucene.util.LuceneTestCase,0.00,46,1,53,0,46,4,0,1,1713,1
"org.apache.lucene.store.db.File",11,0.11,2.64,116,1.81,99518.35,18,7,12,42,6,102.32,1,184,6,1,102.32,0.00,0.00,0.25,2,34.00,8,5438.17,0,1,1,java.lang.Object,0.00,31,1,29,0,31,10,0,1,974,1
"org.apache.lucene.store.db.SanityLoadLibrary",1,0.00,1.00,5,0.05,848.14,1,0,2,3,0,79.57,7,7,0,1,121.87,0.00,0.00,0.00,0,1.00,1,141.78,0,0,0,java.lang.Object,0.00,2,0,1,0,2,1,0,1,34,1
"org.apache.lucene.search.similar.MoreLikeThis",45,0.00,1.96,310,4.16,209563.03,69,24,33,108,24,64.46,477,392,5,1,112.93,0.00,0.00,0.04,6,947.00,9,12489.43,0,16,19,java.lang.Object,0.00,63,0,88,0,63,29,0,97,2321,2
"org.apache.lucene.search.similar.MoreLikeThis$FreqQ",2,0.00,1.00,7,0.09,2102.12,2,0,33,3,1,129.41,0,11,0,2,129.41,0.00,0.50,0.00,0,2.00,1,255.65,1,0,1,org.apache.lucene.util.PriorityQueue,0.00,1,1,2,0,1,2,0,0,64,2
"org.apache.lucene.search.similar.MoreLikeThis$Int",1,0.00,1.00,4,0.02,114.30,2,1,33,1,0,132.34,0,6,0,1,132.34,0.00,0.00,1.00,0,0.00,1,49.65,0,0,0,java.lang.Object,0.00,0,0,1,0,0,1,0,0,17,2
"org.apache.lucene.search.similar.MoreLikeThisQuery",19,0.01,1.11,60,0.54,11497.41,27,8,9,31,7,131.27,12,102,1,2,131.27,0.00,0.50,0.11,0,149.00,2,1615.72,0,6,6,org.apache.lucene.search.Query,0.00,12,1,21,0,12,13,0,4,380,1
"org.apache.lucene.search.similar.SimilarityQueries",2,0.00,3.50,16,0.28,16237.89,2,0,13,13,9,155.52,48,33,0,1,106.24,0.00,0.00,0.00,0,2.00,6,828.01,0,1,9,java.lang.Object,0.00,11,0,7,0,11,1,0,8,147,2
"org.apache.lucene.search.similar.TestMoreLikeThis",5,0.25,1.40,65,1.02,34990.29,8,3,17,41,12,99.09,3,74,0,2,99.09,0.00,0.50,0.53,2,0.00,2,3064.25,2,1,12,org.apache.lucene.util.LuceneTestCase,0.00,36,1,7,0,36,4,0,3,544,1
"org.apache.lucene.index.codecs.mocksep.MockSepCodec",6,0.00,1.67,49,0.60,24372.44,6,0,21,24,27,158.78,6,90,7,2,108.78,0.00,0.50,0.00,1,10.00,3,1806.23,0,2,20,org.apache.lucene.index.codecs.Codec,0.00,18,1,10,0,18,4,0,1,363,1
"org.apache.lucene.index.codecs.mocksep.MockSingleIntFactory",2,0.00,1.00,5,0.07,1044.91,2,0,5,4,8,138.37,1,10,2,2,138.37,0.00,0.50,0.00,0,2.00,1,203.30,0,2,6,org.apache.lucene.index.codecs.sep.IntStreamFactory,0.00,2,1,2,0,2,0,0,1,51,1
"org.apache.lucene.index.codecs.mocksep.MockSingleIntIndexInput",4,0.33,1.00,13,0.15,2645.96,5,1,6,10,7,180.99,7,23,1,2,130.99,0.00,0.50,0.75,0,0.00,1,450.89,0,1,6,org.apache.lucene.index.codecs.sep.IntIndexInput,0.86,6,1,4,0,6,3,0,1,113,1
"org.apache.lucene.index.codecs.mocksep.MockSingleIntIndexInput$Index",6,0.00,1.33,22,0.23,4810.62,7,1,6,10,1,130.27,0,40,0,2,130.27,0.00,0.50,1.00,0,0.00,2,677.24,0,2,1,IntIndexInput.Index,0.00,4,1,8,0,4,4,0,0,167,0
"org.apache.lucene.index.codecs.mocksep.MockSingleIntIndexInput$Reader",2,1.00,1.00,6,0.05,775.89,3,1,6,3,1,182.82,3,10,0,2,132.82,0.00,0.50,0.50,0,2.00,1,156.29,0,0,1,IntIndexInput.Reader,0.00,1,1,2,0,1,2,0,3,43,2
"org.apache.lucene.index.codecs.mocksep.MockSingleIntIndexOutput",4,0.08,1.00,16,0.17,2882.16,8,4,5,9,6,176.04,6,24,2,2,126.04,0.00,0.50,0.31,0,0.00,1,499.53,0,0,4,org.apache.lucene.index.codecs.sep.IntIndexOutput,0.75,5,1,4,0,5,4,0,2,121,1
"org.apache.lucene.index.codecs.mocksep.MockSingleIntIndexOutput$Index",5,0.38,1.40,21,0.20,4428.62,7,2,5,8,2,125.26,0,36,0,2,125.26,0.00,0.50,0.80,0,0.00,2,596.87,0,1,2,IntIndexOutput.Index,0.00,3,1,7,0,3,4,0,0,146,1
"org.apache.lucene.misc.GetTermInfo",3,0.00,1.33,20,0.28,6852.19,3,0,7,15,8,165.46,3,28,1,1,115.46,0.00,0.00,0.00,2,3.00,2,837.97,0,0,7,java.lang.Object,0.00,12,0,4,0,12,3,0,1,171,1
"org.apache.lucene.misc.HighFreqTerms",6,0.50,5.00,115,1.60,111616.69,8,2,15,38,17,57.09,36,139,2,1,89.31,0.00,0.00,0.08,4,10.00,9,4797.77,0,2,15,java.lang.Object,0.00,32,0,30,0,32,4,0,13,839,1
"org.apache.lucene.misc.IndexMergeTool",1,0.00,3.00,19,0.31,13493.34,1,0,9,13,6,90.76,4,22,0,1,90.52,0.00,0.00,0.00,0,1.00,3,918.74,0,0,6,java.lang.Object,0.00,12,0,3,0,12,1,0,1,163,1
"org.apache.lucene.misc.SweetSpotSimilarity",10,0.11,1.90,65,1.05,38767.07,23,13,4,27,3,69.44,110,107,1,3,113.57,0.00,0.67,0.18,1,50.00,4,3149.75,0,0,2,org.apache.lucene.search.DefaultSimilarity,0.10,17,2,19,0,17,10,0,10,641,1
"org.apache.lucene.misc.SweetSpotSimilarityTest",3,0.00,6.33,133,1.78,173995.92,3,0,4,16,4,72.00,12,141,0,2,71.76,0.00,0.50,0.00,0,3.00,11,5343.11,0,0,4,org.apache.lucene.util.LuceneTestCase,0.00,13,1,19,0,13,3,0,10,922,1
"org.apache.lucene.misc.SweetSpotSimilarityTest$SweetSpotSimilarity",1,0.00,1.00,3,0.02,227.10,1,0,4,2,0,134.65,0,5,0,1,134.65,0.00,0.00,0.00,0,1.00,1,61.77,0,0,0,java.lang.Object,0.00,1,0,1,0,1,1,0,0,19,0
"org.apache.lucene.misc.TermStats",4,0.00,1.00,18,0.17,2311.59,8,4,1,6,5,126.79,0,23,4,1,126.79,0.00,0.00,0.25,0,4.00,1,506.80,0,2,1,java.lang.Object,0.00,2,0,4,0,2,2,0,0,128,2
"org.apache.lucene.misc.TermStatsQueue",2,0.00,1.00,5,0.05,705.06,2,0,15,2,14,139.71,0,9,1,2,139.71,0.00,0.50,0.00,0,2.00,1,139.01,1,0,13,org.apache.lucene.util.PriorityQueue,0.00,0,1,2,0,0,2,0,0,40,1
"org.apache.lucene.misc.TestHighFreqTerms",17,0.02,2.12,181,2.32,113122.47,20,3,12,42,11,153.42,25,190,0,2,103.42,0.00,0.50,0.31,3,0.00,7,6946.84,0,1,11,org.apache.lucene.util.LuceneTestCase,0.00,25,1,36,0,25,16,0,19,1316,1
"org.apache.lucene.misc.TestLengthNormModifier",5,0.12,2.20,76,0.98,48015.47,7,2,19,32,16,135.47,11,86,0,2,95.59,0.00,0.50,0.60,0,0.00,3,2945.29,2,0,16,org.apache.lucene.util.LuceneTestCase,0.00,27,1,11,0,27,5,0,9,552,1
"org.apache.lucene.misc.TestLengthNormModifier$Collector",4,0.17,1.00,11,0.11,1717.54,6,2,19,5,1,139.04,0,19,0,1,139.04,0.00,0.00,0.38,0,4.00,1,328.85,0,0,1,java.lang.Object,0.00,1,0,4,0,1,4,0,0,85,0
"org.apache.lucene.misc.TestLengthNormModifier$Collector_1",4,0.17,1.00,11,0.11,1717.54,6,2,19,5,1,139.04,0,19,0,1,139.04,0.00,0.00,0.38,0,4.00,1,328.85,0,0,1,java.lang.Object,0.00,1,0,4,0,1,4,0,0,85,0
"org.apache.lucene.misc.TestLengthNormModifier$DefaultSimilarity",1,0.00,2.00,3,0.06,1376.59,1,0,19,4,1,128.33,0,5,0,1,128.33,0.00,0.00,0.00,0,1.00,2,168.54,0,0,1,java.lang.Object,0.00,3,0,2,0,3,1,0,0,40,0
"org.apache.lucene.misc.TestLengthNormModifier$DefaultSimilarity_0",1,0.00,2.00,3,0.06,1376.59,1,0,19,4,1,128.33,0,5,0,1,128.33,0.00,0.00,0.00,0,1.00,2,168.54,0,0,1,java.lang.Object,0.00,3,0,2,0,3,1,0,0,40,0
"org.apache.lucene.misc.TotalTermFreqComparatorSortDescending",1,0.00,3.00,8,0.07,2170.79,1,0,15,1,14,110.79,0,11,1,1,110.79,0.00,0.00,0.00,0,1.00,3,206.94,0,0,13,java.lang.Object,0.00,0,0,3,0,0,1,1,0,51,1
"org.apache.lucene.analysis.tokenattributes.CharTermAttribute",11,0.00,1.00,12,0.09,485.54,11,0,1,11,239,158.28,48,13,238,3,158.05,0.00,0.67,0.00,0,11.00,1,269.53,0,8,1,,0.00,0,2,11,0,0,3,0,10,92,1
"org.apache.lucene.analysis.tokenattributes.CharTermAttributeImpl",24,0.12,2.04,128,1.66,92038.96,27,3,7,47,13,166.54,29,178,5,2,116.54,2.00,0.25,0.44,4,0.00,12,4974.95,1,3,8,org.apache.lucene.util.AttributeImpl,0.14,23,1,49,2,23,21,3,19,1038,1
"org.apache.lucene.analysis.tokenattributes.FlagsAttribute",2,0.00,1.00,3,0.02,77.91,2,0,2,2,22,110.37,17,4,20,2,158.47,0.00,0.50,0.00,0,2.00,1,46.77,0,0,2,,0.00,0,1,2,0,0,2,0,3,18,1
"org.apache.lucene.analysis.tokenattributes.FlagsAttributeImpl",6,0.20,1.33,19,0.16,2564.38,7,1,1,7,4,172.30,17,32,2,2,132.42,0.00,0.50,0.83,0,0.00,3,465.77,0,0,2,org.apache.lucene.util.AttributeImpl,0.18,1,1,8,0,1,6,2,3,121,1
"org.apache.lucene.analysis.tokenattributes.KeywordAttribute",2,0.00,1.00,3,0.02,77.91,2,0,2,2,36,110.00,21,4,34,2,158.47,0.00,0.50,0.00,0,2.00,1,46.77,0,0,2,,0.00,0,1,2,0,0,2,0,3,18,1
"org.apache.lucene.analysis.tokenattributes.KeywordAttributeImpl",6,0.00,1.50,18,0.17,3321.15,7,1,2,8,5,152.12,21,32,2,2,131.51,0.00,0.50,1.00,0,0.00,3,509.29,0,0,3,org.apache.lucene.util.AttributeImpl,0.18,2,1,9,0,2,6,1,3,128,2
"org.apache.lucene.analysis.tokenattributes.OffsetAttribute",3,0.00,1.00,4,0.02,114.45,3,0,1,3,110,158.78,14,5,109,2,158.55,0.00,0.50,0.00,0,3.00,1,65.73,0,0,1,,0.00,0,1,3,0,0,3,0,4,25,1
"org.apache.lucene.analysis.tokenattributes.OffsetAttributeImpl",7,0.25,1.29,27,0.22,4781.06,9,2,1,8,4,170.71,14,41,2,2,130.82,0.00,0.50,0.71,0,0.00,3,664.08,0,0,2,org.apache.lucene.util.AttributeImpl,0.17,1,1,9,0,1,7,2,4,168,1
"org.apache.lucene.analysis.tokenattributes.PayloadAttribute",2,0.00,1.00,3,0.02,77.91,2,0,2,2,51,158.71,9,4,49,2,158.47,0.00,0.50,0.00,0,2.00,1,46.77,0,1,2,,0.00,0,1,2,0,0,1,0,3,18,1
"org.apache.lucene.analysis.tokenattributes.PayloadAttributeImpl",9,0.50,1.67,30,0.31,9018.85,10,1,2,13,5,179.45,15,48,2,2,129.45,0.00,0.50,0.56,0,4.00,4,932.84,1,2,3,org.apache.lucene.util.AttributeImpl,0.29,4,1,15,0,4,7,2,5,226,1
"org.apache.lucene.analysis.tokenattributes.PositionIncrementAttribute",2,0.00,1.00,3,0.02,77.91,2,0,1,2,94,158.00,33,4,93,2,158.47,0.00,0.50,0.00,0,2.00,1,46.77,0,0,1,,0.00,0,1,2,0,0,2,0,3,18,1
"org.apache.lucene.analysis.tokenattributes.PositionIncrementAttributeImpl",6,0.40,1.50,20,0.18,3348.77,7,1,2,8,5,113.61,31,35,2,2,131.48,0.00,0.50,0.67,0,0.00,3,541.54,0,0,3,org.apache.lucene.util.AttributeImpl,0.18,2,1,9,0,2,6,2,3,136,1
"org.apache.lucene.analysis.tokenattributes.TermToBytesRefAttribute",1,0.00,1.00,2,0.01,60.50,1,0,2,1,20,195.02,24,3,18,2,145.74,0.00,0.50,0.00,0,1.00,1,35.16,0,0,2,,0.00,0,1,1,0,0,1,0,2,13,1
"org.apache.lucene.analysis.tokenattributes.TestCharTermAttributeImpl",12,0.00,1.92,192,2.59,108863.64,12,0,9,51,5,115.38,42,211,0,2,94.77,0.00,0.50,0.00,0,12.00,5,7772.28,0,0,5,org.apache.lucene.util.LuceneTestCase,0.00,39,1,23,0,39,12,0,6,1495,1
"org.apache.lucene.analysis.tokenattributes.TestCharTermAttributeImpl$CharSequence",4,0.00,1.00,9,0.06,796.64,4,0,9,7,0,141.67,0,6,0,1,141.67,0.00,0.00,0.00,0,4.00,1,188.79,0,2,0,java.lang.Object,0.00,3,0,4,0,3,2,0,0,57,0
"org.apache.lucene.analysis.tokenattributes.TestCharTermAttributeImpl$HashMap<String,Object>",0,0.00,0.00,3,0.05,891.10,0,0,9,2,3,171.00,0,3,0,1,171.00,0.00,0.00,0.00,0,0.00,0,155.59,0,0,3,java.lang.Object,0.00,2,0,0,0,2,0,0,0,36,0
"org.apache.lucene.analysis.tokenattributes.TestSimpleAttributeImpl",1,0.00,1.00,8,0.21,4551.01,1,0,4,11,12,158.51,1,15,0,2,108.51,0.00,0.50,0.00,0,1.00,1,635.90,0,0,12,org.apache.lucene.util.LuceneTestCase,0.00,10,1,1,0,10,1,0,1,126,1
"org.apache.lucene.analysis.tokenattributes.TestSimpleAttributeImpl$HashMap<String,Object>",0,0.00,0.00,3,0.05,894.45,0,0,4,1,1,171.00,0,3,0,1,171.00,0.00,0.00,0.00,0,0.00,0,137.61,0,0,1,java.lang.Object,0.00,1,0,0,0,1,0,0,0,33,0
"org.apache.lucene.analysis.tokenattributes.TypeAttribute",2,1.00,1.00,4,0.03,268.92,3,1,1,2,57,163.62,7,5,56,2,143.01,0.00,0.50,0.00,0,2.00,1,86.77,0,1,1,,0.00,0,1,2,0,0,1,0,4,27,1
"org.apache.lucene.analysis.tokenattributes.TypeAttributeImpl",8,0.57,1.50,24,0.23,6365.20,9,1,1,10,6,130.27,6,39,4,2,130.27,0.00,0.50,0.50,1,10.00,4,681.10,0,1,2,org.apache.lucene.util.AttributeImpl,0.15,2,1,12,0,2,7,2,3,171,1
"org.apache.solr.handler.dataimport.AbstractDataImportHandlerTestCase",11,0.00,1.73,70,1.09,37093.36,11,0,21,41,50,153.95,28,105,32,3,114.07,16.00,0.06,0.00,1,32.00,3,3270.22,2,4,18,org.apache.solr.SolrTestCaseJ4,0.09,30,2,19,32,30,7,0,6,660,2
"org.apache.solr.handler.dataimport.AbstractDataImportHandlerTestCase$TestContext",22,0.01,1.23,51,0.60,12208.41,28,6,21,40,5,138.11,0,98,0,2,138.11,0.00,0.50,0.17,0,0.00,2,1806.07,0,17,5,org.apache.solr.handler.dataimport.Context,0.56,18,1,27,0,18,5,0,0,462,1
"org.apache.solr.handler.dataimport.AbstractDataImportHandlerTestCase$TestUpdateRequestProcessor",8,0.10,1.00,35,0.30,4999.28,14,6,21,8,6,126.53,0,50,0,2,126.53,0.00,0.50,0.25,1,26.00,1,907.08,6,0,6,org.apache.solr.update.processor.UpdateRequestProcessor,0.13,0,1,8,0,0,8,0,0,227,2
"org.apache.solr.handler.dataimport.AbstractDataImportHandlerTestCase$TestUpdateRequestProcessorFactory",1,0.00,1.00,3,0.03,422.46,1,0,21,2,4,132.52,0,7,0,2,132.52,0.00,0.50,0.00,0,1.00,1,99.65,0,1,4,org.apache.solr.update.processor.UpdateRequestProcessorFactory,0.00,1,1,1,0,1,0,0,0,27,2
"org.apache.solr.handler.dataimport.BinContentStreamDataSource",3,0.33,2.67,18,0.21,5406.64,6,3,5,8,5,136.72,11,31,0,2,116.11,0.00,0.50,0.56,0,1.00,4,632.91,0,1,5,org.apache.solr.handler.dataimport.DataSource,0.33,5,1,8,0,5,2,0,2,140,1
"org.apache.solr.handler.dataimport.BinFileDataSource",3,0.50,1.33,11,0.13,2414.69,4,1,7,8,3,112.38,16,20,0,2,130.25,0.00,0.50,0.67,0,1.00,2,396.63,0,1,3,org.apache.solr.handler.dataimport.DataSource,0.33,5,1,4,0,5,2,0,1,91,1
"org.apache.solr.handler.dataimport.BinURLDataSource",5,0.21,2.40,40,0.51,15326.28,11,6,8,21,2,149.54,11,57,0,2,109.66,0.00,0.50,0.33,1,10.00,5,1543.48,0,2,2,org.apache.solr.handler.dataimport.DataSource,0.25,16,1,12,0,16,3,0,2,304,1
"org.apache.solr.handler.dataimport.CachedSqlEntityProcessor",3,0.50,3.00,27,0.32,12165.02,4,1,3,6,3,88.87,15,41,1,4,106.74,0.00,0.75,0.67,0,0.00,4,964.88,6,2,2,org.apache.solr.handler.dataimport.SqlEntityProcessor,0.38,3,3,9,0,3,1,0,1,199,1
"org.apache.solr.handler.dataimport.ClobTransformer",2,1.00,5.50,34,0.49,29727.00,3,1,7,13,7,73.98,11,45,1,2,91.86,0.00,0.50,0.50,1,2.00,8,1482.75,0,2,6,org.apache.solr.handler.dataimport.Transformer,0.00,11,1,11,0,11,0,0,1,272,1
"org.apache.solr.handler.dataimport.ContentStreamDataSource",3,0.33,2.67,18,0.21,5406.64,6,3,5,8,5,136.72,11,31,0,2,116.11,0.00,0.50,0.56,0,1.00,4,632.91,0,1,5,org.apache.solr.handler.dataimport.DataSource,0.33,5,1,8,0,5,2,0,1,140,1
"org.apache.solr.handler.dataimport.Context",21,8.00,1.00,28,0.28,4127.21,29,8,3,22,85,120.72,145,29,83,1,152.94,0.00,0.00,0.00,0,21.00,1,839.10,0,14,4,java.lang.Object,0.00,1,0,21,3,1,7,0,26,237,2
"org.apache.solr.handler.dataimport.ContextImpl",26,0.03,2.46,112,1.52,50320.75,37,11,5,46,16,122.45,10,184,9,2,122.45,1.00,0.33,0.12,3,334.00,10,4572.51,0,15,8,org.apache.solr.handler.dataimport.Context,0.51,20,1,64,1,20,11,0,2,988,1
"org.apache.solr.handler.dataimport.DataConfig",0,0.00,0.00,12,0.19,5738.62,7,7,9,3,8,171.00,16,12,7,1,171.00,0.00,0.00,0.00,0,0.00,0,573.86,0,0,1,java.lang.Object,0.00,3,0,0,0,3,0,0,1,111,1
"org.apache.solr.handler.dataimport.DataConfig$Document",2,4.00,1.50,13,0.15,3688.69,6,4,9,4,0,116.16,1,15,0,1,116.16,0.00,0.00,0.00,0,2.00,2,446.85,0,0,0,java.lang.Object,0.00,2,0,3,0,2,2,0,1,97,2
"org.apache.solr.handler.dataimport.DataConfig$Entity",5,0.18,4.20,65,0.92,44252.67,20,15,9,24,4,98.04,1,80,0,1,98.04,0.00,0.00,0.21,0,1.00,11,2747.14,0,2,4,java.lang.Object,0.00,19,0,21,0,19,3,0,1,488,2
"org.apache.solr.handler.dataimport.DataConfig$Field",9,0.01,3.22,111,1.55,67016.37,26,17,9,43,3,99.98,4,134,0,1,99.98,0.00,0.00,0.05,4,26.00,11,4645.67,0,5,3,java.lang.Object,0.00,34,0,29,0,34,4,0,2,868,2
"org.apache.solr.handler.dataimport.DataConfig$Field$HashMap<String,String>",1,0.00,2.00,4,0.05,1308.22,1,0,9,1,0,123.84,0,7,0,1,123.84,0.00,0.00,0.00,0,1.00,2,158.46,3,1,0,java.lang.Object,0.00,0,0,2,0,0,0,0,0,42,0
"org.apache.solr.handler.dataimport.DataConfig$Script",2,2.00,1.50,9,0.09,1512.39,4,2,9,5,0,125.78,0,13,0,1,125.78,0.00,0.00,0.00,0,2.00,2,264.52,0,0,0,java.lang.Object,0.00,3,0,3,0,3,2,0,0,64,2
"org.apache.solr.handler.dataimport.DataImportHandler",11,0.05,4.27,165,3.01,205584.33,19,8,26,70,25,133.04,28,228,0,2,93.16,0.00,0.50,0.17,4,27.00,19,9021.62,2,7,25,org.apache.solr.handler.RequestHandlerBase,0.43,59,1,47,0,59,4,1,10,1456,1
"org.apache.solr.handler.dataimport.DataImportHandler$SolrWriter",1,0.00,4.00,9,0.12,3858.15,1,0,26,2,1,106.84,0,15,0,1,106.84,0.00,0.00,0.00,0,0.00,4,351.96,1,0,1,java.lang.Object,0.00,1,0,4,0,1,1,0,0,73,0
"org.apache.solr.handler.dataimport.DataImportHandlerException",7,0.00,1.57,29,0.30,5876.11,14,7,0,9,41,175.41,9,39,41,2,125.41,0.00,0.50,0.14,0,0.00,2,913.54,0,0,1,java.lang.RuntimeException,0.00,2,1,11,0,2,7,0,1,214,1
"org.apache.solr.handler.dataimport.DataImporter",25,0.03,2.96,243,3.85,180776.87,50,25,22,119,34,104.76,23,329,23,1,104.76,0.00,0.00,0.07,9,328.00,13,11559.60,0,9,13,java.lang.Object,0.00,94,0,74,0,94,16,0,12,2025,1
"org.apache.solr.handler.dataimport.DataImporter$MSG",0,0.00,0.00,15,0.23,3423.57,14,14,22,0,0,171.00,0,16,0,1,171.00,0.00,0.00,0.00,0,0.00,0,682.44,0,0,0,java.lang.Object,0.00,0,0,0,0,0,0,0,0,131,2
"org.apache.solr.handler.dataimport.DataImporter$RequestParams",2,0.69,7.00,43,0.81,51348.06,15,13,22,10,2,136.51,2,57,0,1,86.51,0.00,0.00,0.42,0,2.00,13,2425.05,0,0,2,java.lang.Object,0.00,8,0,14,0,8,2,0,2,419,2
"org.apache.solr.handler.dataimport.DataImporter$Status",0,0.00,0.00,2,0.01,36.00,0,0,22,0,0,171.00,0,3,0,1,171.00,0.00,0.00,0.00,0,0.00,0,24.00,0,0,0,java.lang.Object,0.00,0,0,0,0,0,0,0,0,8,1
"org.apache.solr.handler.dataimport.DataImporter$Thread",1,0.00,1.00,3,0.02,143.17,1,0,22,2,0,136.23,0,5,0,1,136.23,0.00,0.00,0.00,0,1.00,1,52.97,0,0,0,java.lang.Object,0.00,1,0,1,0,1,1,0,0,17,0
"org.apache.solr.handler.dataimport.DataImporter$ThreadLocal<AtomicLong>",1,0.00,1.00,3,0.02,301.04,1,0,22,2,0,133.68,0,5,0,1,133.68,0.00,0.00,0.00,0,1.00,1,62.84,0,1,0,java.lang.Object,0.00,1,0,1,0,1,0,0,0,20,0
"org.apache.solr.handler.dataimport.DataImporter$ThreadLocal<SimpleDateFormat>",1,0.00,1.00,3,0.02,303.40,1,0,22,2,0,133.66,0,5,0,1,133.66,0.00,0.00,0.00,0,1.00,1,68.08,0,1,0,java.lang.Object,0.00,1,0,1,0,1,0,0,0,21,0
"org.apache.solr.handler.dataimport.DataSource",3,0.00,1.00,4,0.03,217.46,3,0,1,3,28,136.21,43,5,28,1,156.35,0.00,0.00,0.00,0,3.00,1,96.73,0,0,1,java.lang.Object,0.00,0,0,3,14,0,3,0,4,32,2
"org.apache.solr.handler.dataimport.DateFormatTransformer",2,0.33,6.50,39,0.62,36914.40,5,3,5,17,5,41.17,16,54,1,2,89.27,0.00,0.50,0.50,1,2.00,9,1854.80,0,2,4,org.apache.solr.handler.dataimport.Transformer,0.00,15,1,13,0,15,0,0,1,333,1
"org.apache.solr.handler.dataimport.DebugLogger",9,0.00,4.33,101,1.53,123913.14,15,6,8,33,9,149.22,16,132,3,1,99.22,0.00,0.00,0.17,2,13.00,20,4595.28,0,4,7,java.lang.Object,0.00,24,0,39,0,24,5,0,1,852,0
"org.apache.solr.handler.dataimport.DebugLogger$DataSource",3,0.00,1.67,17,0.23,7851.14,3,0,8,9,4,117.89,0,31,0,1,117.89,0.00,0.00,0.00,0,4.00,3,696.78,0,1,4,java.lang.Object,0.00,6,0,5,0,6,2,0,0,143,0
"org.apache.solr.handler.dataimport.DebugLogger$DebugInfo",1,5.00,5.00,20,0.22,9405.57,7,6,8,4,2,90.81,0,25,0,1,90.81,0.00,0.00,0.17,0,0.00,5,670.19,0,0,2,java.lang.Object,0.00,3,0,5,0,3,1,0,0,138,2
"org.apache.solr.handler.dataimport.DebugLogger$Stack<DebugInfo>",1,0.00,2.00,4,0.05,968.26,1,0,8,3,1,124.87,0,8,0,1,124.87,0.00,0.00,0.00,0,1.00,2,144.99,1,0,1,java.lang.Object,0.00,2,0,2,0,2,1,0,0,36,0
"org.apache.solr.handler.dataimport.DebugLogger$Transformer",1,0.00,3.00,16,0.22,11196.19,1,0,8,4,3,93.95,0,21,0,1,93.95,0.00,0.00,0.00,0,0.00,3,661.62,0,1,3,java.lang.Object,0.00,3,0,3,0,3,0,0,0,126,0
"org.apache.solr.handler.dataimport.Deprecated",0,0.00,0.00,1,0.01,90.00,0,0,0,0,1,171.00,18,2,0,3,171.00,0.00,0.67,0.00,0,0.00,0,27.00,0,0,1,org.apache.solr.handler.dataimport.URLDataSource,0.00,0,2,0,0,0,0,0,1,9,1
"org.apache.solr.handler.dataimport.DocBuilder",23,0.11,6.65,432,7.69,618897.68,42,19,11,158,24,128.74,56,619,12,1,88.86,0.00,0.00,0.15,18,70.00,35,23058.61,0,3,16,java.lang.Object,0.00,135,0,153,0,135,20,0,36,3804,1
"org.apache.solr.handler.dataimport.DocBuilder$DocWrapper",2,0.00,2.00,7,0.09,1906.78,3,1,11,5,1,129.58,1,10,0,2,129.58,0.00,0.50,1.00,0,0.00,2,271.67,0,1,1,org.apache.solr.common.SolrInputDocument,0.00,3,1,4,0,3,1,0,1,66,1
"org.apache.solr.handler.dataimport.DocBuilder$EntityRow",1,3.00,1.00,8,0.07,1347.83,4,3,11,1,0,112.67,0,10,0,1,112.67,0.00,0.00,0.00,0,1.00,1,208.68,0,0,0,java.lang.Object,0.00,0,0,1,0,0,1,0,0,54,1
"org.apache.solr.handler.dataimport.DocBuilder$EntityRunner",4,0.36,7.50,122,1.66,121101.27,15,11,11,46,7,130.15,5,152,0,1,80.15,0.00,0.00,0.36,2,0.00,17,4965.27,0,0,7,java.lang.Object,0.00,42,0,30,0,42,4,0,5,811,0
"org.apache.solr.handler.dataimport.DocBuilder$EntityRunner$Runnable",1,0.00,2.00,7,0.06,775.35,1,0,11,3,0,116.56,0,11,0,1,116.56,0.00,0.00,0.00,0,0.00,2,166.32,0,0,0,java.lang.Object,0.00,2,0,2,0,2,1,0,0,39,0
"org.apache.solr.handler.dataimport.DocBuilder$Object",1,0.00,1.00,3,0.02,253.76,1,0,11,3,0,134.27,0,5,0,1,134.27,0.00,0.00,0.00,0,1.00,1,67.21,0,1,0,java.lang.Object,0.00,2,0,1,0,2,0,0,0,20,0
"org.apache.solr.handler.dataimport.DocBuilder$Statistics",2,0.33,1.00,21,0.28,8383.92,8,6,11,7,0,105.17,0,24,0,1,105.17,0.00,0.00,0.33,0,2.00,1,850.13,0,2,0,java.lang.Object,0.00,5,0,2,0,5,0,0,0,198,2
"org.apache.solr.handler.dataimport.EntityProcessor",8,0.00,1.00,9,0.08,613.42,8,0,1,8,11,106.16,77,12,11,1,156.16,0.00,0.00,0.00,0,8.00,1,233.66,0,4,1,java.lang.Object,0.00,0,0,8,11,0,4,0,10,75,2
"org.apache.solr.handler.dataimport.EntityProcessorBase",13,0.05,2.69,125,1.91,117202.36,35,22,4,37,12,104.27,55,175,8,2,104.03,8.00,0.10,0.09,2,58.00,11,5717.21,0,9,4,org.apache.solr.handler.dataimport.EntityProcessor,0.57,24,1,35,8,24,4,0,13,1063,1
"org.apache.solr.handler.dataimport.EntityProcessorWrapper",14,0.13,3.29,146,1.89,117091.56,23,9,10,56,17,102.54,9,200,10,2,102.54,1.00,0.33,0.23,3,10.00,18,5661.34,0,7,8,org.apache.solr.handler.dataimport.EntityProcessor,0.55,42,1,46,1,42,7,0,4,1036,1
"org.apache.solr.handler.dataimport.EntityProcessorWrapper$ArrayList<Transformer>",1,0.00,2.00,5,0.07,1624.84,1,0,10,3,1,119.48,0,8,0,1,119.48,0.00,0.00,0.00,0,0.00,2,200.59,1,0,1,java.lang.Object,0.00,2,0,2,0,2,1,0,0,47,0
"org.apache.solr.handler.dataimport.EntityProcessorWrapper$SuppressWarnings",2,0.50,1.50,15,0.17,3596.80,6,4,10,5,3,113.75,0,23,0,2,113.75,0.00,0.50,0.50,0,0.00,2,521.03,0,1,3,org.apache.solr.handler.dataimport.Transformer,0.00,3,1,3,0,3,1,0,0,114,1
"org.apache.solr.handler.dataimport.Evaluator",1,0.00,1.00,2,0.01,99.30,1,0,0,1,6,194.04,25,3,5,1,144.05,0.00,0.00,0.00,0,1.00,1,43.31,0,1,1,java.lang.Object,0.00,0,0,1,2,0,0,0,2,15,2
"org.apache.solr.handler.dataimport.EvaluatorBag",6,0.06,2.83,62,0.98,61815.91,13,7,16,35,11,51.86,56,81,5,1,101.86,0.00,0.00,0.10,0,10.00,9,2946.83,0,5,7,java.lang.Object,0.00,29,0,17,0,29,1,0,7,520,1
"org.apache.solr.handler.dataimport.EvaluatorBag$DateMathParser",1,0.00,1.00,3,0.03,341.91,1,0,16,2,0,133.25,0,6,0,1,133.25,0.00,0.00,0.00,0,1.00,1,79.19,0,1,0,java.lang.Object,0.00,1,0,1,0,1,0,0,0,25,0
"org.apache.solr.handler.dataimport.EvaluatorBag$Evaluator",1,0.00,2.00,7,0.12,3020.27,1,0,16,9,2,132.53,3,10,0,1,111.91,0.00,0.00,0.00,0,1.00,2,370.11,0,1,2,java.lang.Object,0.00,8,0,2,0,8,0,0,3,73,0
"org.apache.solr.handler.dataimport.EvaluatorBag$Evaluator_0",1,0.00,2.00,7,0.10,2436.19,1,0,16,8,3,112.65,0,10,0,1,112.65,0.00,0.00,0.00,0,1.00,2,300.57,0,1,3,java.lang.Object,0.00,7,0,2,0,7,0,0,0,62,0
"org.apache.solr.handler.dataimport.EvaluatorBag$Evaluator_1",1,0.00,3.00,10,0.15,5017.73,1,0,16,10,2,104.30,0,15,0,1,104.30,0.00,0.00,0.00,0,1.00,3,463.81,0,1,2,java.lang.Object,0.00,9,0,3,0,9,0,0,0,88,0
"org.apache.solr.handler.dataimport.EvaluatorBag$Evaluator_2",1,0.00,8.00,35,0.50,29194.87,1,0,16,15,2,77.76,0,47,0,1,77.76,0.00,0.00,0.00,0,0.00,8,1502.39,0,1,2,java.lang.Object,0.00,14,0,8,0,14,0,0,0,247,0
"org.apache.solr.handler.dataimport.EvaluatorBag$HashMap<String,Object>",1,0.00,4.00,10,0.17,4818.26,1,0,16,7,2,104.38,0,15,0,1,104.38,0.00,0.00,0.00,0,0.00,4,495.89,0,1,2,java.lang.Object,0.00,6,0,4,0,6,0,0,0,100,0
"org.apache.solr.handler.dataimport.EvaluatorBag$VariableWrapper",3,0.25,1.33,11,0.10,1686.97,5,2,16,5,1,131.48,0,16,0,1,131.48,0.00,0.00,0.67,0,1.00,2,285.71,0,2,1,java.lang.Object,0.00,2,0,4,0,2,1,0,0,75,2
"org.apache.solr.handler.dataimport.EventListener",1,0.00,1.00,2,0.01,41.48,1,0,0,1,4,117.65,13,3,3,1,147.03,0.00,0.00,0.00,0,1.00,1,27.65,0,0,1,,0.00,0,0,1,0,0,1,0,2,11,1
"org.apache.solr.handler.dataimport.FieldReaderDataSource",5,0.10,2.60,41,0.47,16057.71,10,5,9,18,7,109.71,22,60,2,2,109.48,0.00,0.50,0.28,2,6.00,7,1422.58,0,3,5,org.apache.solr.handler.dataimport.DataSource,0.25,13,1,13,0,13,2,0,5,289,1
"org.apache.solr.handler.dataimport.FieldStreamDataSource",3,0.25,2.67,29,0.40,14996.64,7,4,9,19,6,63.76,21,41,0,2,106.05,0.00,0.50,0.42,0,1.00,6,1212.19,0,1,6,org.apache.solr.handler.dataimport.DataSource,0.33,16,1,8,0,16,2,0,5,227,1
"org.apache.solr.handler.dataimport.FileDataSource",5,0.06,2.60,33,0.47,18837.93,9,4,6,20,4,63.59,49,52,1,2,113.59,0.00,0.50,0.30,2,9.00,6,1400.73,0,3,3,org.apache.solr.handler.dataimport.DataSource,0.25,15,1,13,0,15,2,0,5,292,1
"org.apache.solr.handler.dataimport.FileListEntityProcessor",6,0.20,4.67,105,1.70,69504.69,30,24,6,37,5,63.36,80,141,1,3,92.75,0.00,0.67,0.21,1,6.00,7,5092.09,2,3,4,org.apache.solr.handler.dataimport.EntityProcessorBase,0.11,31,2,28,0,31,3,0,15,915,1
"org.apache.solr.handler.dataimport.FileListEntityProcessor$FilenameFilter",1,0.00,6.00,11,0.14,5872.81,1,0,6,6,0,102.06,0,14,0,1,102.06,0.00,0.00,0.00,0,0.00,6,424.15,0,0,0,java.lang.Object,0.00,5,0,6,0,5,1,0,0,88,0
"org.apache.solr.handler.dataimport.HTMLStripTransformer",2,0.00,7.50,39,0.64,43209.33,4,2,8,22,6,88.94,9,56,0,2,88.70,0.00,0.50,0.50,1,2.00,9,1920.68,0,2,6,org.apache.solr.handler.dataimport.Transformer,0.00,20,1,15,0,20,0,0,2,340,1
"org.apache.solr.handler.dataimport.JdbcDataSource",10,0.08,3.40,95,1.64,77663.66,25,15,8,40,6,154.49,12,149,2,2,104.49,0.00,0.50,0.14,3,22.00,13,4918.82,1,4,5,org.apache.solr.handler.dataimport.DataSource,0.15,30,1,34,0,30,6,0,3,883,1
"org.apache.solr.handler.dataimport.JdbcDataSource$Callable<Connection>",1,0.00,16.00,49,0.95,66370.59,1,0,8,21,3,51.47,5,64,0,1,69.34,0.00,0.00,0.00,0,0.00,16,2845.38,0,1,3,java.lang.Object,0.00,20,0,16,0,20,0,0,5,427,0
"org.apache.solr.handler.dataimport.JdbcDataSource$ResultSetIterator",5,0.25,5.40,73,0.95,53232.95,9,4,8,32,0,96.15,1,107,0,1,96.15,0.00,0.00,0.45,1,0.00,14,2839.61,0,2,0,java.lang.Object,0.00,27,0,27,0,27,3,0,1,519,1
"org.apache.solr.handler.dataimport.JdbcDataSource$ResultSetIterator$Iterator<Map<String,Object>>",3,0.00,1.00,6,0.04,335.20,3,0,8,5,0,143.64,1,9,0,1,143.64,0.00,0.00,0.00,0,3.00,1,120.08,0,1,0,java.lang.Object,0.00,2,0,3,0,2,2,0,1,38,0
"org.apache.solr.handler.dataimport.LineEntityProcessor",3,0.57,4.33,37,0.51,22602.85,10,7,4,15,4,143.82,66,55,1,3,99.88,0.00,0.67,0.52,0,0.00,7,1539.05,2,1,3,org.apache.solr.handler.dataimport.EntityProcessorBase,0.38,12,2,13,0,12,2,0,13,298,1
"org.apache.solr.handler.dataimport.LogTransformer",1,0.00,12.00,19,0.38,17641.82,4,3,3,15,2,45.16,11,28,0,2,89.29,0.00,0.50,1.00,0,0.00,12,1140.19,0,1,2,org.apache.solr.handler.dataimport.Transformer,0.00,14,1,12,0,14,0,0,1,214,1
"org.apache.solr.handler.dataimport.MailEntityProcessor",13,0.11,4.85,232,4.36,237081.45,52,39,18,80,5,131.07,26,300,0,3,91.18,0.00,0.67,0.13,6,75.00,15,13065.72,1,3,5,org.apache.solr.handler.dataimport.EntityProcessorBase,0.09,67,2,63,0,67,10,0,19,2214,1
"org.apache.solr.handler.dataimport.MailEntityProcessor$CustomFilter",1,0.00,1.00,2,0.01,52.70,1,0,18,1,0,146.21,0,4,0,1,146.21,0.00,0.00,0.00,0,1.00,1,31.26,0,1,0,,0.00,0,0,1,0,0,0,0,0,12,2
"org.apache.solr.handler.dataimport.MailEntityProcessor$FolderIterator",6,0.10,4.00,66,0.85,52014.57,10,4,18,24,1,100.82,3,89,0,1,100.82,0.00,0.00,0.33,1,2.00,9,2537.62,0,0,1,java.lang.Object,0.00,18,0,24,0,18,6,1,3,477,0
"org.apache.solr.handler.dataimport.MailEntityProcessor$MailsSinceLastCheckFilter",2,0.00,1.00,6,0.04,397.09,3,1,18,3,0,135.11,0,9,0,1,135.11,0.00,0.00,1.00,0,0.00,1,125.91,0,1,0,java.lang.Object,0.00,1,0,2,0,1,1,1,0,36,0
"org.apache.solr.handler.dataimport.MailEntityProcessor$MessageIterator",6,0.34,3.17,64,0.78,31591.27,13,7,18,16,2,104.13,2,83,0,1,104.13,0.00,0.00,0.43,3,0.00,5,2327.66,0,1,2,java.lang.Object,0.00,10,0,19,0,10,5,1,2,457,0
"org.apache.solr.handler.dataimport.MockDataSource",5,0.25,1.00,11,0.18,4443.49,6,1,4,9,15,176.44,10,22,13,2,136.55,1.00,0.33,0.80,0,0.00,1,530.64,0,1,2,org.apache.solr.handler.dataimport.DataSource,0.25,4,1,5,1,4,4,0,1,132,1
"org.apache.solr.handler.dataimport.MockInitialContextFactory",3,0.17,1.33,16,0.22,4341.98,6,3,8,15,1,119.97,0,23,1,1,119.97,0.00,0.00,0.44,0,2.00,2,645.72,0,1,0,java.lang.Object,0.00,12,0,4,0,12,2,1,0,140,1
"org.apache.solr.handler.dataimport.MockInitialContextFactory$IAnswer<Object>",1,0.00,1.00,3,0.03,353.13,1,0,8,2,0,133.14,0,4,0,1,133.14,0.00,0.00,0.00,0,0.00,1,95.65,0,1,0,java.lang.Object,0.00,1,0,1,0,1,0,0,0,26,0
"org.apache.solr.handler.dataimport.NumberFormatTransformer",3,0.29,6.00,59,1.02,72454.19,10,7,9,31,6,56.15,19,81,1,2,88.37,0.00,0.50,0.33,2,5.00,11,3046.06,0,3,5,org.apache.solr.handler.dataimport.Transformer,0.00,28,1,18,0,28,0,0,1,530,1
"org.apache.solr.handler.dataimport.PlainTextEntityProcessor",2,0.33,3.50,30,0.44,21897.88,5,3,11,16,3,115.65,7,40,0,3,95.03,0.00,0.67,0.50,0,0.00,6,1313.04,1,1,3,org.apache.solr.handler.dataimport.EntityProcessorBase,0.26,14,2,7,0,14,1,0,1,237,1
"org.apache.solr.handler.dataimport.RegexTransformer",5,0.07,7.40,113,1.84,178113.53,12,7,5,37,9,105.24,18,146,6,2,84.62,0.00,0.50,0.20,4,14.00,18,5523.60,0,5,3,org.apache.solr.handler.dataimport.Transformer,0.00,32,1,37,0,32,0,0,1,946,1
"org.apache.solr.handler.dataimport.ScriptTransformer",4,0.22,2.75,30,0.46,17110.40,7,3,5,14,5,110.88,19,55,2,2,110.65,0.00,0.50,0.50,1,2.00,6,1389.16,0,2,3,org.apache.solr.handler.dataimport.Transformer,0.00,10,1,11,0,10,2,0,3,266,1
"org.apache.solr.handler.dataimport.SolrWriter",15,0.04,2.33,111,1.36,38535.20,36,21,11,47,18,162.43,15,173,11,1,112.43,0.00,0.00,0.09,2,23.00,6,4083.64,0,3,9,java.lang.Object,0.00,32,0,35,2,32,12,0,2,834,1
"org.apache.solr.handler.dataimport.SqlEntityProcessor",8,0.06,3.25,78,1.10,39150.25,17,9,6,34,10,145.96,18,112,6,3,106.08,0.50,0.50,0.17,3,0.00,7,3307.34,2,6,4,org.apache.solr.handler.dataimport.EntityProcessorBase,0.52,26,2,26,1,26,2,0,1,642,1
"org.apache.solr.handler.dataimport.TemplateString",6,0.10,2.33,47,0.61,22805.22,10,4,4,27,6,111.33,26,55,5,1,111.09,0.00,0.00,0.33,0,10.00,5,1819.22,0,4,1,java.lang.Object,0.00,21,0,14,0,21,2,0,3,382,1
"org.apache.solr.handler.dataimport.TemplateTransformer",2,0.00,4.50,30,0.51,24254.09,5,3,5,14,6,65.24,27,42,1,2,94.62,0.00,0.50,0.33,1,2.00,7,1536.17,0,2,5,org.apache.solr.handler.dataimport.Transformer,0.00,12,1,9,0,12,0,0,4,280,1
"org.apache.solr.handler.dataimport.TestCachedSqlEntityProcessor",6,0.00,4.00,158,2.88,169051.90,6,0,5,30,8,132.86,8,192,0,4,82.86,0.00,0.75,0.00,1,6.00,7,8652.09,2,0,8,org.apache.solr.handler.dataimport.AbstractDataImportHandlerTestCase,0.00,24,3,24,0,24,6,0,1,1465,1
"org.apache.solr.handler.dataimport.TestCachedSqlEntityProcessor$DoubleTransformer",1,0.00,1.00,6,0.08,2852.23,1,0,5,3,2,114.76,0,9,0,2,114.76,0.00,0.50,0.00,0,1.00,1,254.88,0,1,2,org.apache.solr.handler.dataimport.Transformer,0.00,2,1,1,0,2,0,0,0,59,2
"org.apache.solr.handler.dataimport.TestCachedSqlEntityProcessor$UppercaseTransformer",1,0.00,3.00,9,0.12,4544.68,1,0,5,4,2,106.35,0,14,0,2,106.35,0.00,0.50,0.00,0,1.00,3,359.65,0,1,2,org.apache.solr.handler.dataimport.Transformer,0.00,3,1,3,0,3,0,0,0,75,2
"org.apache.solr.handler.dataimport.TestClobTransformer",1,0.00,1.00,16,0.33,11689.31,1,0,7,15,6,45.95,8,18,0,4,94.05,0.00,0.75,0.00,0,1.00,1,987.93,1,0,6,org.apache.solr.handler.dataimport.AbstractDataImportHandlerTestCase,0.00,14,3,1,0,14,1,0,2,172,1
"org.apache.solr.handler.dataimport.TestClobTransformer$InvocationHandler",1,0.00,2.00,5,0.05,958.47,1,0,7,4,0,121.29,0,7,0,1,121.29,0.00,0.00,0.00,0,1.00,2,161.80,0,1,0,java.lang.Object,0.00,3,0,2,0,3,0,0,0,38,0
"org.apache.solr.handler.dataimport.TestContentStreamDataSource",4,0.17,1.00,38,0.56,12394.42,8,4,13,28,7,157.91,6,56,0,4,107.91,0.00,0.75,0.38,0,0.00,1,1690.95,2,1,7,org.apache.solr.handler.dataimport.AbstractDataImportHandlerTestCase,0.12,24,3,4,0,24,3,0,1,326,1
"org.apache.solr.handler.dataimport.TestContentStreamDataSource$SolrInstance",8,0.03,1.00,35,0.34,7101.60,13,5,13,16,0,125.32,4,45,0,1,125.32,0.00,0.00,0.18,2,18.00,1,1017.06,0,5,0,java.lang.Object,0.00,8,0,8,0,8,3,0,1,231,1
"org.apache.solr.handler.dataimport.TestDataConfig",3,1.00,1.00,16,0.28,4445.40,4,1,8,17,3,159.84,8,32,0,4,119.96,0.00,0.75,0.33,0,4.00,1,852.64,6,0,3,org.apache.solr.handler.dataimport.AbstractDataImportHandlerTestCase,0.00,14,3,3,0,14,3,0,1,173,1
"org.apache.solr.handler.dataimport.TestDateFormatTransformer",2,0.00,1.00,33,0.62,17693.10,2,0,3,16,6,95.24,8,46,0,4,95.00,0.00,0.75,0.00,0,2.00,1,1869.67,2,0,6,org.apache.solr.handler.dataimport.AbstractDataImportHandlerTestCase,0.00,14,3,2,0,14,2,0,1,333,1
"org.apache.solr.handler.dataimport.TestDocBuilder",7,0.17,1.86,140,2.72,95213.91,9,2,4,35,6,139.78,8,164,0,4,89.78,0.00,0.75,0.36,0,8.00,3,8151.87,2,0,6,org.apache.solr.handler.dataimport.AbstractDataImportHandlerTestCase,0.06,28,3,13,0,28,7,0,1,1353,1
"org.apache.solr.handler.dataimport.TestDocBuilder$SolrWriterImpl",6,0.10,1.00,16,0.17,3057.01,10,4,4,8,2,138.45,1,28,0,2,138.45,0.00,0.50,0.17,0,22.00,1,513.33,0,0,2,org.apache.solr.handler.dataimport.SolrWriter,0.29,2,1,6,0,2,6,0,1,130,1
"org.apache.solr.handler.dataimport.TestDocBuilder2",12,0.03,1.00,139,2.44,62708.84,19,7,8,26,3,102.87,11,240,0,4,102.87,0.00,0.75,0.12,0,82.00,1,7328.89,7,0,3,org.apache.solr.handler.dataimport.AbstractDataImportHandlerTestCase,0.00,14,3,12,0,14,12,0,4,1318,1
"org.apache.solr.handler.dataimport.TestDocBuilder2$AddDynamicFieldTransformer",1,0.00,1.00,4,0.04,738.67,1,0,8,2,2,175.95,1,7,0,2,125.95,0.00,0.50,0.00,0,1.00,1,132.02,0,1,2,org.apache.solr.handler.dataimport.Transformer,0.00,1,1,1,0,1,0,0,1,33,2
"org.apache.solr.handler.dataimport.TestDocBuilder2$EndEventListener",1,0.00,1.00,4,0.03,283.34,2,1,8,1,2,129.23,0,6,0,1,129.23,0.00,0.00,1.00,0,0.00,1,91.83,0,0,2,java.lang.Object,0.00,0,0,1,0,0,1,1,0,26,2
"org.apache.solr.handler.dataimport.TestDocBuilder2$MockDataSource2",0,0.00,0.00,1,0.01,49.13,0,0,8,0,1,171.00,0,2,0,3,171.00,0.00,0.67,0.00,0,0.00,0,19.65,0,0,1,org.apache.solr.handler.dataimport.MockDataSource,0.00,0,2,0,0,0,0,0,0,7,2
"org.apache.solr.handler.dataimport.TestDocBuilder2$MockTransformer",1,0.00,1.00,4,0.05,936.44,1,0,8,3,2,125.14,0,7,0,2,125.14,0.00,0.50,0.00,0,1.00,1,155.36,0,1,2,org.apache.solr.handler.dataimport.Transformer,0.00,2,1,1,0,2,0,0,0,37,2
"org.apache.solr.handler.dataimport.TestDocBuilder2$StartEventListener",1,0.00,1.00,4,0.03,283.34,2,1,8,1,2,129.23,0,6,0,1,129.23,0.00,0.00,1.00,0,0.00,1,91.83,0,0,2,java.lang.Object,0.00,0,0,1,0,0,1,1,0,26,2
"org.apache.solr.handler.dataimport.TestEntityProcessorBase",1,0.00,1.00,20,0.40,16570.02,1,0,5,14,5,41.14,8,27,0,4,89.24,0.00,0.75,0.00,0,1.00,1,1204.51,2,0,5,org.apache.solr.handler.dataimport.AbstractDataImportHandlerTestCase,0.00,13,3,1,0,13,1,0,1,219,1
"org.apache.solr.handler.dataimport.TestEntityProcessorBase$T1",1,0.00,1.00,4,0.04,720.56,1,0,5,2,2,126.04,0,7,0,2,126.04,0.00,0.50,0.00,0,1.00,1,127.88,0,1,2,org.apache.solr.handler.dataimport.Transformer,0.00,1,1,1,0,1,0,0,0,32,1
"org.apache.solr.handler.dataimport.TestEntityProcessorBase$T2",1,0.00,1.00,4,0.04,720.56,1,0,5,2,2,126.04,0,7,0,2,126.04,0.00,0.50,0.00,0,1.00,1,127.88,0,1,2,org.apache.solr.handler.dataimport.Transformer,0.00,1,1,1,0,1,0,0,0,32,1
"org.apache.solr.handler.dataimport.TestEntityProcessorBase$T3",1,0.00,1.00,4,0.03,474.00,1,0,5,2,0,127.47,0,6,0,1,127.47,0.00,0.00,0.00,0,1.00,1,92.00,0,1,0,java.lang.Object,0.00,1,0,1,0,1,0,0,0,25,1
"org.apache.solr.handler.dataimport.TestErrorHandling",6,0.07,1.00,36,0.65,16824.48,12,6,8,10,2,164.82,6,107,0,4,114.82,0.00,0.75,0.22,0,10.00,1,1941.93,9,0,2,org.apache.solr.handler.dataimport.AbstractDataImportHandlerTestCase,0.06,4,3,6,0,4,6,0,1,381,1
"org.apache.solr.handler.dataimport.TestErrorHandling$ExceptionTransformer",1,0.00,1.00,3,0.04,553.78,1,0,8,2,2,131.60,0,6,0,2,131.60,0.00,0.50,0.00,0,1.00,1,113.11,0,1,2,org.apache.solr.handler.dataimport.Transformer,0.00,1,1,1,0,1,0,0,0,29,2
"org.apache.solr.handler.dataimport.TestErrorHandling$StringDataSource",3,1.00,1.00,6,0.07,714.91,4,1,8,4,2,141.05,0,13,0,2,141.05,0.00,0.50,0.33,0,4.00,1,195.21,0,1,2,org.apache.solr.handler.dataimport.DataSource,0.33,1,1,3,0,1,2,0,0,54,2
"org.apache.solr.handler.dataimport.TestEvaluatorBag",7,0.04,1.14,75,1.24,37135.37,11,4,6,35,6,144.22,15,103,0,4,104.34,0.00,0.75,0.29,1,12.00,2,3708.49,1,0,6,org.apache.solr.handler.dataimport.AbstractDataImportHandlerTestCase,0.06,28,3,8,0,28,7,0,4,687,1
"org.apache.solr.handler.dataimport.TestFieldReader",1,0.00,1.00,14,0.28,5519.29,3,2,4,14,3,56.49,7,29,0,4,98.78,0.00,0.75,1.00,0,0.00,1,830.64,1,0,3,org.apache.solr.handler.dataimport.AbstractDataImportHandlerTestCase,0.00,13,3,1,0,13,1,0,1,156,1
"org.apache.solr.handler.dataimport.TestFileListEntityProcessor",5,0.00,2.40,104,2.04,94420.70,5,0,5,35,5,138.59,9,149,1,4,88.59,0.00,0.75,0.00,1,5.00,4,6120.50,3,1,4,org.apache.solr.handler.dataimport.AbstractDataImportHandlerTestCase,0.00,30,3,12,0,30,4,0,2,1012,1
"org.apache.solr.handler.dataimport.TestJdbcDataSource",6,0.40,1.33,88,1.40,41054.00,15,9,11,43,5,137.86,13,116,0,4,97.98,0.00,0.75,0.44,0,0.00,2,4186.18,3,0,5,org.apache.solr.handler.dataimport.AbstractDataImportHandlerTestCase,0.11,37,3,8,0,37,6,0,2,749,1
"org.apache.solr.handler.dataimport.TestLineEntityProcessor",6,0.40,2.67,59,1.22,41290.49,7,1,5,19,5,67.40,75,149,0,4,104.96,0.00,0.75,0.67,0,0.00,5,3648.25,2,2,5,org.apache.solr.handler.dataimport.AbstractDataImportHandlerTestCase,0.00,13,3,16,0,13,4,0,44,652,1
"org.apache.solr.handler.dataimport.TestLineEntityProcessor$DataSource<Reader>",3,0.00,1.00,5,0.05,447.58,3,0,5,4,1,153.88,0,11,0,1,153.88,0.00,0.00,0.00,0,3.00,1,144.54,0,1,1,java.lang.Object,0.00,1,0,3,0,1,2,0,0,43,0
"org.apache.solr.handler.dataimport.TestMailEntityProcessor",7,0.10,1.14,102,1.67,35824.47,12,5,8,22,3,138.89,19,128,0,4,99.01,0.00,0.75,0.29,1,0.00,2,5017.85,0,1,3,org.apache.solr.handler.dataimport.AbstractDataImportHandlerTestCase,0.00,15,3,8,0,15,6,0,10,905,1
"org.apache.solr.handler.dataimport.TestMailEntityProcessor$SolrWriterImpl",5,0.17,1.00,13,0.13,1691.89,8,3,8,7,2,139.85,1,23,0,2,139.85,0.00,0.50,0.20,0,14.00,1,384.04,0,0,2,org.apache.solr.handler.dataimport.SolrWriter,0.20,2,1,5,0,2,5,0,1,100,1
"org.apache.solr.handler.dataimport.TestNumberFormatTransformer",9,0.00,1.00,73,1.54,36641.16,11,2,6,21,6,108.89,8,112,0,4,108.89,0.00,0.75,0.50,0,0.00,1,4622.88,2,0,6,org.apache.solr.handler.dataimport.AbstractDataImportHandlerTestCase,0.00,12,3,9,0,12,9,0,1,861,1
"org.apache.solr.handler.dataimport.TestPlainTextEntityProcessor",1,0.00,1.00,10,0.17,2736.48,2,1,3,9,2,64.34,7,20,0,4,106.63,0.00,0.75,1.00,0,0.00,1,506.62,1,0,2,org.apache.solr.handler.dataimport.AbstractDataImportHandlerTestCase,0.00,8,3,1,0,8,1,0,1,105,1
"org.apache.solr.handler.dataimport.TestPlainTextEntityProcessor$DS",3,1.00,1.00,6,0.06,574.11,4,1,3,4,2,141.80,0,13,0,2,141.80,0.00,0.50,0.33,0,4.00,1,175.08,0,1,2,org.apache.solr.handler.dataimport.DataSource,0.33,1,1,3,0,1,2,0,0,50,2
"org.apache.solr.handler.dataimport.TestRegexTransformer",6,0.00,1.00,92,1.79,67503.51,6,0,9,23,4,95.46,26,112,0,4,95.23,0.00,0.75,0.00,1,6.00,1,5374.44,3,1,4,org.apache.solr.handler.dataimport.AbstractDataImportHandlerTestCase,0.00,17,3,6,0,17,5,0,21,962,1
"org.apache.solr.handler.dataimport.TestScriptTransformer",5,0.75,1.80,63,1.13,31488.52,6,1,11,32,6,140.58,11,101,0,4,100.69,0.00,0.75,0.40,1,7.00,2,3390.13,0,1,6,org.apache.solr.handler.dataimport.AbstractDataImportHandlerTestCase,0.00,27,3,9,0,27,4,0,1,605,1
"org.apache.solr.handler.dataimport.TestSqlEntityProcessor",6,1.00,2.50,81,1.39,56576.19,7,1,2,28,7,147.94,8,101,0,4,97.94,0.00,0.75,0.17,1,10.00,3,4165.60,1,2,7,org.apache.solr.handler.dataimport.AbstractDataImportHandlerTestCase,0.00,22,3,15,0,22,4,0,1,751,1
"org.apache.solr.handler.dataimport.TestSqlEntityProcessor$DataSource<Iterator<Map<String,Object>>>",3,0.00,1.00,5,0.07,798.54,3,0,2,4,1,151.90,0,11,0,1,151.90,0.00,0.00,0.00,0,3.00,1,206.39,0,1,1,java.lang.Object,0.00,1,0,3,0,1,2,0,0,57,0
"org.apache.solr.handler.dataimport.TestSqlEntityProcessor$T",1,0.00,1.00,4,0.04,738.67,1,0,2,2,2,125.95,0,7,0,2,125.95,0.00,0.50,0.00,0,1.00,1,132.02,0,1,2,org.apache.solr.handler.dataimport.Transformer,0.00,1,1,1,0,1,0,0,0,33,2
"org.apache.solr.handler.dataimport.TestSqlEntityProcessor$T2",1,0.00,1.00,8,0.12,3830.71,1,0,2,3,2,109.10,0,11,0,2,109.10,0.00,0.50,0.00,0,0.00,1,353.32,0,1,2,org.apache.solr.handler.dataimport.Transformer,0.00,2,1,1,0,2,0,0,0,75,2
"org.apache.solr.handler.dataimport.TestSqlEntityProcessor$T3",1,0.00,1.00,4,0.03,485.22,1,0,2,2,0,127.39,0,6,0,1,127.39,0.00,0.00,0.00,0,1.00,1,95.61,0,1,0,java.lang.Object,0.00,1,0,1,0,1,0,0,0,26,2
"org.apache.solr.handler.dataimport.TestSqlEntityProcessor2",9,0.06,1.00,103,1.62,43193.02,13,4,8,13,2,153.17,9,170,0,4,103.17,0.00,0.75,0.19,0,34.00,1,4853.35,10,0,2,org.apache.solr.handler.dataimport.AbstractDataImportHandlerTestCase,0.05,4,3,9,0,4,9,0,1,922,1
"org.apache.solr.handler.dataimport.TestSqlEntityProcessor2$DateFormatValidatingEvaluator",1,0.00,3.00,14,0.20,5945.63,1,0,8,9,4,98.27,0,20,0,2,98.27,0.00,0.50,0.00,0,1.00,3,599.67,0,1,4,org.apache.solr.handler.dataimport.Evaluator,0.00,8,1,3,0,8,0,0,0,113,1
"org.apache.solr.handler.dataimport.TestSqlEntityProcessorDelta",11,0.25,1.00,131,1.92,46555.72,15,4,6,17,2,153.60,11,199,0,4,103.60,0.00,0.75,0.48,1,0.00,1,5769.26,10,0,2,org.apache.solr.handler.dataimport.AbstractDataImportHandlerTestCase,0.05,6,3,11,0,6,11,0,3,1087,1
"org.apache.solr.handler.dataimport.TestSqlEntityProcessorDelta2",11,0.25,1.00,131,1.92,46555.72,15,4,6,17,2,103.60,9,199,0,4,103.60,0.00,0.75,0.48,1,0.00,1,5769.26,10,0,2,org.apache.solr.handler.dataimport.AbstractDataImportHandlerTestCase,0.05,6,3,11,0,6,11,0,1,1087,1
"org.apache.solr.handler.dataimport.TestSqlEntityProcessorDelta3",9,0.14,1.00,110,1.76,43941.91,18,9,6,15,2,101.70,1,167,0,4,101.70,0.00,0.75,0.23,1,0.00,1,5278.10,10,0,2,org.apache.solr.handler.dataimport.AbstractDataImportHandlerTestCase,0.05,6,3,9,0,6,9,0,1,975,1
"org.apache.solr.handler.dataimport.TestTemplateString",1,2.00,1.00,9,0.14,3027.97,3,2,5,11,3,59.89,8,16,0,4,107.99,0.00,0.75,0.00,0,1.00,1,433.98,0,0,3,org.apache.solr.handler.dataimport.AbstractDataImportHandlerTestCase,0.00,10,3,1,0,10,1,0,1,91,1
"org.apache.solr.handler.dataimport.TestTemplateTransformer",1,0.00,1.00,19,0.38,14033.97,1,0,5,10,4,40.64,9,33,0,4,90.64,0.00,0.75,0.00,0,1.00,1,1149.63,2,0,4,org.apache.solr.handler.dataimport.AbstractDataImportHandlerTestCase,0.00,9,3,1,0,9,1,0,2,198,1
"org.apache.solr.handler.dataimport.TestThreaded",2,1.00,1.00,22,0.36,8996.40,3,1,5,6,2,103.39,1,36,0,4,103.39,0.00,0.75,0.50,0,2.00,1,1066.66,5,0,2,org.apache.solr.handler.dataimport.AbstractDataImportHandlerTestCase,0.00,4,3,2,0,4,2,0,1,203,1
"org.apache.solr.handler.dataimport.TestTikaEntityProcessor",2,0.00,1.00,7,0.11,1334.20,2,0,1,3,1,170.85,4,21,0,4,130.96,0.00,0.75,0.00,0,2.00,1,331.93,4,0,1,org.apache.solr.handler.dataimport.AbstractDataImportHandlerTestCase,0.00,1,3,2,0,1,2,0,1,73,1
"org.apache.solr.handler.dataimport.TestURLDataSource",1,1.00,1.00,12,0.21,5500.95,6,5,6,11,4,101.29,0,16,0,4,101.29,0.00,0.75,0.80,0,0.00,1,642.92,0,0,4,org.apache.solr.handler.dataimport.AbstractDataImportHandlerTestCase,0.00,10,3,1,0,10,1,0,0,129,1
"org.apache.solr.handler.dataimport.TestVariableResolver",10,0.00,1.00,92,1.51,45084.56,10,0,4,36,7,156.63,11,126,1,4,106.63,0.00,0.75,0.00,1,10.00,1,4537.00,0,0,6,org.apache.solr.handler.dataimport.AbstractDataImportHandlerTestCase,0.00,26,3,10,0,26,10,0,4,851,1
"org.apache.solr.handler.dataimport.TestVariableResolver$DateMathParser",1,0.00,1.00,3,0.03,341.91,1,0,4,2,0,133.25,0,6,0,1,133.25,0.00,0.00,0.00,0,1.00,1,79.19,0,1,0,java.lang.Object,0.00,1,0,1,0,1,0,0,0,25,0
"org.apache.solr.handler.dataimport.TestVariableResolver$E",1,0.00,1.00,3,0.03,263.23,1,0,4,1,2,134.14,0,6,0,2,134.14,0.00,0.50,0.00,0,1.00,1,75.16,0,1,2,org.apache.solr.handler.dataimport.Evaluator,0.00,0,1,1,0,0,0,0,0,22,2
"org.apache.solr.handler.dataimport.TestXPathEntityProcessor",9,0.07,2.78,124,2.55,112490.71,16,7,9,41,7,146.95,9,214,0,4,96.95,0.00,0.75,0.21,1,41.00,9,7657.90,3,1,7,org.apache.solr.handler.dataimport.AbstractDataImportHandlerTestCase,0.00,32,3,25,0,32,8,0,2,1244,1
"org.apache.solr.handler.dataimport.TestXPathEntityProcessor$DataSource<Reader>",3,0.00,1.00,5,0.05,447.58,3,0,9,4,1,153.88,0,11,0,1,153.88,0.00,0.00,0.00,0,3.00,1,144.54,0,1,1,java.lang.Object,0.00,1,0,3,0,1,2,0,0,43,0
"org.apache.solr.handler.dataimport.TestXPathEntityProcessor$XPathEntityProcessor",1,1.00,3.00,9,0.11,4466.61,2,1,9,3,0,106.41,0,16,0,1,106.41,0.00,0.00,0.00,0,0.00,3,334.76,1,1,0,java.lang.Object,0.00,2,0,3,0,2,0,0,0,69,0
"org.apache.solr.handler.dataimport.TestXPathRecordReader",22,0.00,1.14,270,6.44,229792.20,22,0,5,43,2,99.07,13,523,0,4,99.07,0.00,0.75,0.00,0,22.00,3,19334.04,0,0,2,org.apache.solr.handler.dataimport.AbstractDataImportHandlerTestCase,0.00,21,3,25,0,21,22,0,8,3378,1
"org.apache.solr.handler.dataimport.TestXPathRecordReader$XPathRecordReader.Handler",1,0.00,4.00,5,0.08,1688.16,1,0,5,4,0,119.19,0,6,0,1,119.19,0.00,0.00,0.00,0,1.00,4,226.42,0,0,0,java.lang.Object,0.00,3,0,4,0,3,1,0,0,52,0
"org.apache.solr.handler.dataimport.ThreadedContext",11,0.30,1.09,32,0.31,4728.86,13,2,0,16,8,139.01,6,59,2,3,139.01,0.00,0.67,0.23,2,32.00,2,930.77,3,4,6,org.apache.solr.handler.dataimport.ContextImpl,0.26,5,2,12,0,5,7,0,2,242,1
"org.apache.solr.handler.dataimport.ThreadedEntityProcessorWrapper",4,0.11,4.25,53,0.67,27658.34,7,3,9,20,7,138.76,9,67,1,3,98.88,0.00,0.67,0.25,0,6.00,9,2000.26,1,1,6,org.apache.solr.handler.dataimport.EntityProcessorWrapper,0.12,16,2,17,0,16,3,0,4,389,1
"org.apache.solr.handler.dataimport.TikaEntityProcessor",5,0.17,4.60,77,1.24,60985.61,11,6,30,42,4,144.60,7,102,0,3,94.60,0.00,0.67,0.30,0,7.00,13,3718.14,0,4,4,org.apache.solr.handler.dataimport.EntityProcessorBase,0.12,37,2,23,0,37,1,0,1,641,1
"org.apache.solr.handler.dataimport.TikaEntityProcessor$ContentHandlerDecorator",4,0.00,2.00,13,0.18,4180.28,4,0,30,6,0,129.27,2,26,0,1,129.27,0.00,0.00,0.00,0,4.00,3,533.69,2,0,0,java.lang.Object,0.00,2,0,8,0,2,4,0,2,124,0
"org.apache.solr.handler.dataimport.Transformer",1,0.00,1.00,2,0.02,200.84,1,0,1,1,24,183.12,29,3,23,1,141.64,0.00,0.00,0.00,0,1.00,1,63.42,0,1,1,java.lang.Object,0.00,0,0,1,18,0,0,0,2,19,2
"org.apache.solr.handler.dataimport.URLDataSource",6,0.18,3.00,62,0.91,32459.87,22,16,10,29,6,154.05,10,88,3,2,104.05,1.00,0.33,0.21,1,10.00,7,2740.68,0,3,3,org.apache.solr.handler.dataimport.DataSource,0.22,23,1,18,1,23,3,0,1,497,1
"org.apache.solr.handler.dataimport.VariableResolver",2,0.00,1.00,3,0.02,131.11,2,0,0,2,11,136.55,29,4,11,1,156.69,0.00,0.00,0.00,0,2.00,1,58.07,0,2,0,java.lang.Object,0.00,0,0,2,1,0,0,0,3,21,2
"org.apache.solr.handler.dataimport.VariableResolverImpl",8,0.02,3.25,76,1.02,74814.81,14,6,4,27,26,143.75,17,97,23,2,103.86,0.00,0.50,0.19,2,28.00,9,3069.51,0,5,3,org.apache.solr.handler.dataimport.VariableResolver,0.00,19,1,26,0,19,3,0,3,594,1
"org.apache.solr.handler.dataimport.XPathEntityProcessor",12,0.10,6.33,227,3.85,247154.55,36,24,18,77,9,139.78,19,310,1,3,89.78,0.00,0.67,0.14,6,20.00,18,11550.06,1,5,8,org.apache.solr.handler.dataimport.EntityProcessorBase,0.09,65,2,76,0,65,7,0,8,1956,1
"org.apache.solr.handler.dataimport.XPathEntityProcessor$Iterator<Map<String,Object>>",3,0.25,3.33,31,0.38,20183.46,5,2,18,10,1,103.28,1,40,0,1,103.28,0.00,0.00,0.33,0,4.00,8,1142.88,0,1,1,java.lang.Object,0.00,7,0,10,0,7,2,0,1,212,0
"org.apache.solr.handler.dataimport.XPathEntityProcessor$SimpleCharArrayReader",1,0.00,1.00,3,0.03,308.03,1,0,18,2,0,133.61,0,5,0,2,133.61,0.00,0.50,0.00,0,1.00,1,84.38,0,1,0,java.io.CharArrayWriter,0.00,1,1,1,0,1,0,0,0,24,2
"org.apache.solr.handler.dataimport.XPathEntityProcessor$Thread",2,0.00,4.00,16,0.17,3949.16,2,0,18,8,0,111.04,0,28,0,1,111.04,0.00,0.00,0.00,1,2.00,4,522.90,0,0,0,java.lang.Object,0.00,6,0,8,0,6,2,0,0,109,0
"org.apache.solr.handler.dataimport.XPathEntityProcessor$Thread$XPathRecordReader.Handler_0",1,0.00,3.00,11,0.12,3952.32,1,0,18,6,0,143.46,2,16,0,1,103.58,0.00,0.00,0.00,0,1.00,3,374.96,0,0,0,java.lang.Object,0.00,5,0,3,0,5,1,0,2,75,0
"org.apache.solr.handler.dataimport.XPathEntityProcessor$XPathRecordReader.Handler",1,0.00,1.00,3,0.04,592.87,1,0,18,3,0,131.37,0,5,0,1,131.37,0.00,0.00,0.00,0,1.00,1,127.88,0,0,0,java.lang.Object,0.00,2,0,1,0,2,1,0,0,32,0
"org.apache.solr.handler.dataimport.XPathRecordReader",7,0.17,2.57,56,0.83,32825.70,11,4,9,35,3,117.32,125,74,3,1,108.19,0.00,0.00,0.11,3,13.00,6,2486.90,0,4,0,java.lang.Object,0.00,28,0,18,0,28,3,0,17,504,1
"org.apache.solr.handler.dataimport.XPathRecordReader$Handler",1,0.00,1.00,3,0.03,337.11,1,0,9,2,0,133.30,0,4,0,1,133.30,0.00,0.00,0.00,0,1.00,1,84.00,0,0,0,java.lang.Object,0.00,1,0,1,0,1,1,0,0,23,0
"org.apache.solr.handler.dataimport.XPathRecordReader$Handler_0",1,0.00,1.00,2,0.02,156.38,1,0,9,1,0,94.39,8,3,0,1,142.49,0.00,0.00,0.00,0,1.00,1,58.21,0,0,0,,0.00,0,0,1,0,0,1,0,1,18,2
"org.apache.solr.handler.dataimport.XPathRecordReader$Node",12,0.06,6.33,195,2.95,199095.62,26,14,9,60,0,48.30,139,271,0,1,92.43,0.00,0.00,0.12,5,54.00,21,8849.62,0,3,0,java.lang.Object,0.00,48,0,76,0,48,9,0,92,1576,2
"org.apache.lucene.benchmark.quality.utils.DocNameExtractor",2,0.50,1.00,8,0.07,794.04,4,2,4,5,5,85.79,14,11,2,1,128.08,0.00,0.00,0.75,0,0.00,1,199.77,0,1,3,java.lang.Object,0.00,3,0,2,0,3,1,0,3,53,1
"org.apache.lucene.benchmark.quality.utils.DocNameExtractor$FieldSelector",1,0.00,2.00,3,0.03,496.00,1,0,4,2,1,131.82,0,6,0,1,131.82,0.00,0.00,0.00,0,0.00,2,96.00,0,1,1,java.lang.Object,0.00,1,0,2,0,1,0,0,0,26,0
"org.apache.lucene.benchmark.quality.utils.QualityQueriesFinder",5,0.25,3.00,52,0.91,45656.43,7,2,9,26,8,142.14,14,69,1,1,102.26,0.00,0.00,0.30,1,10.00,5,2742.97,0,3,7,java.lang.Object,0.00,21,0,15,0,21,2,0,5,510,1
"org.apache.lucene.benchmark.quality.utils.QualityQueriesFinder$TermDf",1,2.00,1.00,6,0.04,383.86,3,2,9,1,0,121.62,0,8,0,1,121.62,0.00,0.00,0.00,0,1.00,1,114.62,0,0,0,java.lang.Object,0.00,0,0,1,0,0,1,0,0,33,2
"org.apache.lucene.benchmark.quality.utils.QualityQueriesFinder$TermsDfQueue",2,0.00,1.00,5,0.05,737.86,2,0,9,2,1,139.56,0,9,0,2,139.56,0.00,0.50,0.00,0,2.00,1,143.85,1,0,1,org.apache.lucene.util.PriorityQueue,0.00,0,1,2,0,0,2,0,0,41,2
"org.apache.lucene.benchmark.quality.utils.SimpleQQParser",3,0.17,1.67,22,0.26,8354.23,6,3,9,9,11,94.36,17,23,2,1,112.23,0.00,0.00,0.22,0,4.00,3,783.57,0,1,9,java.lang.Object,0.00,6,0,5,0,6,2,1,4,164,1
"org.apache.lucene.benchmark.quality.utils.SubmissionReport",4,0.17,2.00,30,0.40,12716.18,8,4,7,16,8,111.97,19,42,3,1,111.74,0.00,0.00,0.38,0,4.00,3,1208.66,0,1,5,java.lang.Object,0.00,12,0,8,0,12,3,0,3,245,1
"org.apache.lucene.swing.models.BaseListModel",5,0.00,1.40,15,0.14,1844.40,6,1,4,12,4,132.91,0,22,4,2,132.91,0.00,0.50,1.00,0,0.00,3,428.84,0,1,0,javax.swing.AbstractListModel,0.00,7,1,7,0,7,4,0,0,111,1
"org.apache.lucene.swing.models.BaseTableModel",10,0.11,1.90,49,0.51,11282.37,12,2,4,25,5,124.36,8,66,4,2,124.36,0.00,0.50,0.40,0,14.00,8,1525.54,0,3,1,javax.swing.table.AbstractTableModel,0.00,15,1,19,0,15,7,0,8,344,1
"org.apache.lucene.swing.models.DataStore",2,0.00,1.00,152,1.97,75912.60,21,19,3,5,9,64.78,0,156,8,1,64.78,0.00,0.00,0.05,1,2.00,1,5899.29,0,1,1,java.lang.Object,0.00,3,0,2,0,3,1,0,0,979,1
"org.apache.lucene.swing.models.ListSearcher",12,0.12,1.92,91,1.04,27708.21,20,8,23,45,21,80.62,74,108,5,2,112.84,0.00,0.50,0.24,7,40.00,3,3105.02,0,2,16,javax.swing.AbstractListModel,0.00,33,1,23,0,33,10,0,40,620,1
"org.apache.lucene.swing.models.ListSearcher$CountingCollector",4,1.00,1.00,8,0.07,769.85,5,1,23,4,1,141.78,0,15,0,2,141.78,0.00,0.50,0.25,0,6.00,1,218.67,0,0,1,org.apache.lucene.index.Collector,0.00,0,1,4,0,0,4,0,0,62,2
"org.apache.lucene.swing.models.ListSearcher$ListModelHandler",4,0.00,1.25,17,0.10,1400.46,4,0,23,8,1,128.46,2,23,0,1,128.46,0.00,0.00,0.00,1,6.00,2,305.52,0,0,1,java.lang.Object,0.00,4,0,5,0,4,4,1,2,81,0
"org.apache.lucene.swing.models.ListSearcherSimulator",2,0.00,1.00,29,0.46,13701.02,2,0,9,26,4,98.04,0,34,1,1,98.04,0.00,0.00,0.00,0,2.00,1,1369.62,0,0,3,java.lang.Object,0.00,24,0,2,0,24,2,0,0,250,1
"org.apache.lucene.swing.models.ListSearcherSimulator$DocumentListener",3,0.00,1.00,7,0.09,656.64,3,0,9,7,0,141.34,0,10,0,1,141.34,0.00,0.00,0.00,0,3.00,1,265.85,0,0,0,java.lang.Object,0.00,4,0,3,0,4,3,0,0,70,0
"org.apache.lucene.swing.models.RestaurantInfo",17,0.07,1.00,43,0.26,2927.95,25,8,0,17,6,142.16,15,62,6,1,142.16,0.00,0.00,0.06,1,137.00,1,790.69,0,8,0,java.lang.Object,0.00,0,0,17,0,0,9,0,1,229,1
"org.apache.lucene.swing.models.TableSearcher",18,0.08,1.78,112,1.27,37514.50,25,7,19,57,17,83.48,123,136,4,2,115.71,0.00,0.50,0.21,7,62.00,4,3820.64,0,5,13,javax.swing.table.AbstractTableModel,0.00,39,1,32,0,39,13,0,50,779,1
"org.apache.lucene.swing.models.TableSearcher$TableModelHandler",1,0.00,2.00,11,0.06,669.21,1,0,19,6,0,149.63,2,14,0,1,109.74,0.00,0.00,0.00,0,0.00,2,169.80,0,0,0,java.lang.Object,0.00,5,0,2,0,5,1,1,2,43,1
"org.apache.lucene.swing.models.TableSearcherSimulator",2,0.00,1.00,32,0.49,14963.09,2,0,4,26,4,95.58,0,35,1,1,95.58,0.00,0.00,0.00,0,2.00,1,1456.91,0,0,3,java.lang.Object,0.00,24,0,2,0,24,2,0,0,263,1
"org.apache.lucene.swing.models.TableSearcherSimulator$ActionListener",1,0.00,1.00,4,0.04,306.55,1,0,4,6,0,128.96,0,5,0,1,128.96,0.00,0.00,0.00,0,1.00,1,116.00,0,0,0,java.lang.Object,0.00,5,0,1,0,5,1,0,0,31,0
"org.apache.lucene.swing.models.TestBasicList",3,0.67,1.00,16,0.18,3276.70,6,3,4,14,4,121.00,2,21,0,2,121.00,0.00,0.50,0.78,0,0.00,1,547.51,1,0,4,org.apache.lucene.util.LuceneTestCase,0.00,11,1,3,0,11,3,0,1,128,1
"org.apache.lucene.swing.models.TestBasicTable",4,0.56,1.00,21,0.26,4961.60,7,3,4,21,4,120.57,0,27,0,2,120.57,0.00,0.50,0.75,0,0.00,1,778.99,1,0,4,org.apache.lucene.util.LuceneTestCase,0.00,17,1,4,0,17,4,0,0,187,1
"org.apache.lucene.swing.models.TestSearchingList",2,1.00,1.00,13,0.13,1974.10,4,2,2,9,3,168.39,3,17,0,2,118.39,0.00,0.50,1.00,0,0.00,1,379.28,1,0,3,org.apache.lucene.util.LuceneTestCase,0.00,7,1,2,0,7,2,0,3,95,1
"org.apache.lucene.swing.models.TestSearchingTable",2,1.00,1.00,13,0.13,1974.10,4,2,2,9,3,168.39,3,17,0,2,118.39,0.00,0.50,1.00,0,0.00,1,379.28,1,0,3,org.apache.lucene.util.LuceneTestCase,0.00,7,1,2,0,7,2,0,3,95,1
"org.apache.lucene.swing.models.TestUpdatingList",5,0.69,1.00,41,0.39,7545.28,9,4,1,17,4,112.28,0,48,0,2,112.28,0.00,0.50,0.80,0,0.00,1,1169.13,1,0,4,org.apache.lucene.util.LuceneTestCase,0.00,12,1,5,0,12,5,0,0,271,1
"org.apache.lucene.swing.models.TestUpdatingTable",5,0.69,1.00,41,0.39,7638.48,9,4,1,17,4,112.24,0,48,0,2,112.24,0.00,0.50,0.80,0,0.00,1,1181.53,1,0,4,org.apache.lucene.util.LuceneTestCase,0.00,12,1,5,0,12,5,0,0,274,1
"org.apache.solr.analysis.ASCIIFoldingFilterFactory",1,0.00,1.00,3,0.02,225.35,1,0,2,2,4,184.67,1,5,1,3,134.67,0.00,0.67,0.00,0,1.00,1,58.69,0,1,3,org.apache.solr.analysis.BaseTokenFilterFactory,0.00,1,2,1,0,1,0,0,1,19,1
"org.apache.solr.analysis.ArabicNormalizationFilterFactory",1,0.00,1.00,3,0.02,225.35,1,0,2,2,4,155.29,3,5,1,3,134.67,0.00,0.67,0.00,0,1.00,1,58.69,0,1,3,org.apache.solr.analysis.BaseTokenFilterFactory,0.00,1,2,1,0,1,0,0,1,19,1
"org.apache.solr.analysis.ArabicStemFilterFactory",1,0.00,1.00,3,0.02,225.35,1,0,2,2,4,155.29,3,5,1,3,134.67,0.00,0.67,0.00,0,1.00,1,58.69,0,1,3,org.apache.solr.analysis.BaseTokenFilterFactory,0.00,1,2,1,0,1,0,0,1,19,1
"org.apache.solr.analysis.BaseCharFilterFactory",5,0.38,1.40,17,0.20,4335.49,7,2,3,9,5,179.99,7,24,4,1,129.99,0.00,0.00,0.20,1,7.00,3,591.15,0,1,1,java.lang.Object,0.00,4,0,7,4,4,4,1,2,140,2
"org.apache.solr.analysis.BaseTokenFilterFactory",0,0.00,0.00,2,0.03,699.09,1,1,2,1,76,171.00,5,3,74,2,171.00,74.00,0.01,0.00,0,0.00,0,101.95,0,0,2,org.apache.solr.analysis.BaseTokenStreamFactory,0.00,1,1,0,74,1,0,1,1,24,2
"org.apache.solr.analysis.BaseTokenStreamFactory",10,0.07,1.90,47,0.64,16963.74,13,3,12,28,9,172.96,16,69,2,1,122.96,0.00,0.00,0.27,3,38.00,3,1907.07,0,2,7,java.lang.Object,0.00,18,0,19,93,18,8,0,8,407,1
"org.apache.solr.analysis.BaseTokenTestCase",0,0.00,0.00,3,0.08,1917.57,2,2,5,4,71,171.00,5,6,68,3,171.00,33.50,0.03,0.00,0,0.00,0,232.85,0,0,3,org.apache.lucene.analysis.BaseTokenStreamTestCase,0.00,4,2,0,67,4,0,0,3,47,2
"org.apache.solr.analysis.BaseTokenizerFactory",0,0.00,0.00,2,0.03,699.09,1,1,2,1,21,171.00,5,3,19,2,171.00,17.00,0.05,0.00,0,0.00,0,101.95,0,0,2,org.apache.solr.analysis.BaseTokenStreamFactory,0.00,1,1,0,17,1,0,1,1,24,2
"org.apache.solr.analysis.BrazilianStemFilterFactory",1,0.00,1.00,3,0.02,225.35,1,0,2,2,4,184.67,1,5,1,3,134.67,0.00,0.67,0.00,0,1.00,1,58.69,0,1,3,org.apache.solr.analysis.BaseTokenFilterFactory,0.00,1,2,1,0,1,0,0,1,19,1
"org.apache.solr.analysis.BulgarianStemFilterFactory",1,0.00,1.00,3,0.02,225.35,1,0,2,2,4,184.67,1,5,1,3,134.67,0.00,0.67,0.00,0,1.00,1,58.69,0,1,3,org.apache.solr.analysis.BaseTokenFilterFactory,0.00,1,2,1,0,1,0,0,1,19,1
"org.apache.solr.analysis.CJKTokenizerFactory",1,0.00,1.00,3,0.02,225.35,1,0,2,2,3,184.67,1,5,1,3,134.67,0.00,0.67,0.00,0,1.00,1,58.69,0,1,2,org.apache.solr.analysis.BaseTokenizerFactory,0.00,1,2,1,0,1,0,0,1,19,1
"org.apache.solr.analysis.CapitalizationFilterFactory",2,1.33,6.00,53,0.81,35256.57,17,15,8,16,5,40.24,23,68,1,3,84.37,0.00,0.67,0.73,0,0.00,11,2427.08,2,1,4,org.apache.solr.analysis.BaseTokenFilterFactory,0.00,14,2,12,0,14,1,0,5,420,1
"org.apache.solr.analysis.CharFilterFactory",3,0.00,1.00,4,0.03,247.81,3,0,2,3,9,195.79,6,5,8,1,155.90,0.00,0.00,0.00,0,3.00,1,89.64,0,2,1,,0.00,0,0,3,0,0,1,0,1,31,1
"org.apache.solr.analysis.ClassicFilterFactory",1,0.00,1.00,3,0.02,192.92,1,0,3,2,5,155.82,3,5,1,3,135.21,0.00,0.67,0.00,0,1.00,1,60.48,0,1,4,org.apache.solr.analysis.BaseTokenFilterFactory,0.00,1,2,1,0,1,0,0,1,19,1
"org.apache.solr.analysis.ClassicTokenizerFactory",2,0.00,1.00,10,0.09,1539.78,3,1,5,4,5,172.20,3,15,1,3,122.20,0.00,0.67,1.00,0,0.00,1,281.43,2,1,4,org.apache.solr.analysis.BaseTokenizerFactory,0.00,2,2,2,0,2,1,0,1,68,1
"org.apache.solr.analysis.CollationKeyFilterFactory",4,0.67,5.25,34,0.86,46442.45,5,1,13,17,7,60.79,44,75,1,3,104.92,0.00,0.67,0.50,0,4.00,13,2567.55,0,3,6,org.apache.solr.analysis.BaseTokenFilterFactory,0.00,13,2,21,0,13,1,1,9,468,1
"org.apache.solr.analysis.CommonGramsFilterFactory",4,0.33,1.50,19,0.17,3428.80,6,2,8,7,8,175.35,7,28,1,3,125.35,0.00,0.67,0.75,0,0.00,3,520.39,0,2,7,org.apache.solr.analysis.BaseTokenFilterFactory,0.00,3,2,6,0,3,2,1,3,118,1
"org.apache.solr.analysis.CommonGramsFilterFactoryTest",2,0.00,2.00,35,0.61,28517.54,2,0,9,16,7,92.47,8,43,0,4,92.23,0.00,0.75,0.00,0,0.00,2,1819.27,1,0,7,org.apache.solr.analysis.BaseTokenTestCase,0.00,14,3,4,0,14,2,0,2,325,1
"org.apache.solr.analysis.CommonGramsQueryFilterFactory",5,0.12,1.40,23,0.22,4213.87,7,2,10,9,9,165.31,11,36,1,3,125.43,0.00,0.67,0.60,0,0.00,3,648.88,2,2,8,org.apache.solr.analysis.BaseTokenFilterFactory,0.00,4,2,7,0,4,3,1,4,149,1
"org.apache.solr.analysis.CommonGramsQueryFilterFactoryTest",2,0.00,2.00,35,0.60,28293.17,2,0,9,16,7,92.49,8,43,0,4,92.26,0.00,0.75,0.00,0,0.00,2,1795.62,1,0,7,org.apache.solr.analysis.BaseTokenTestCase,0.00,14,3,4,0,14,2,0,2,322,1
"org.apache.solr.analysis.CzechStemFilterFactory",1,0.00,1.00,3,0.02,225.35,1,0,2,2,4,184.67,1,5,1,3,134.67,0.00,0.67,0.00,0,1.00,1,58.69,0,1,3,org.apache.solr.analysis.BaseTokenFilterFactory,0.00,1,2,1,0,1,0,0,1,19,1
"org.apache.solr.analysis.DelimitedPayloadTokenFilterFactory",3,0.38,2.67,25,0.31,7530.01,7,4,10,13,11,160.32,4,33,1,3,110.32,0.00,0.67,0.50,0,1.00,6,938.68,1,1,10,org.apache.solr.analysis.BaseTokenFilterFactory,0.00,10,2,8,0,10,2,1,1,190,1
"org.apache.solr.analysis.Deprecated",2,0.00,1.00,7,0.06,923.91,2,0,3,3,1,172.10,4,11,0,3,132.22,0.00,0.67,0.00,0,2.00,1,188.02,3,1,1,org.apache.solr.analysis.BaseTokenizerFactory,0.00,1,2,2,0,1,1,0,1,50,1
"org.apache.solr.analysis.DictionaryCompoundWordTokenFilterFactory",3,0.75,1.67,23,0.27,5659.66,9,6,8,7,9,113.56,1,32,1,3,113.56,0.00,0.67,0.67,0,0.00,2,821.69,3,0,8,org.apache.solr.analysis.BaseTokenFilterFactory,0.00,4,2,5,0,4,3,1,1,169,1
"org.apache.solr.analysis.DoubleMetaphoneFilterFactory",2,0.80,1.50,13,0.17,3282.11,7,5,3,5,4,116.56,0,19,1,3,116.56,0.00,0.67,0.60,0,0.00,2,501.94,1,1,3,org.apache.solr.analysis.BaseTokenFilterFactory,0.00,3,2,3,0,3,1,0,0,111,1
"org.apache.solr.analysis.DoubleMetaphoneFilterFactoryTest",3,0.00,1.00,30,0.46,12275.04,3,0,7,19,6,155.25,4,34,0,4,105.25,0.00,0.75,0.00,0,0.00,1,1375.29,1,0,6,org.apache.solr.analysis.BaseTokenTestCase,0.00,16,3,3,0,16,3,0,2,265,1
"org.apache.solr.analysis.EdgeNGramFilterFactory",2,1.33,2.50,15,0.22,7546.16,5,3,3,6,4,161.10,3,22,1,3,111.10,0.00,0.67,1.00,0,0.00,4,669.56,1,1,3,org.apache.solr.analysis.BaseTokenFilterFactory,0.00,4,2,5,0,4,1,0,1,138,1
"org.apache.solr.analysis.EdgeNGramTokenizerFactory",2,1.33,2.50,15,0.22,7546.16,5,3,3,6,3,161.10,3,20,1,3,111.10,0.00,0.67,1.00,0,0.00,4,669.56,1,1,2,org.apache.solr.analysis.BaseTokenizerFactory,0.00,4,2,5,0,4,1,0,1,138,1
"org.apache.solr.analysis.ElisionFilterFactory",2,0.00,2.50,11,0.12,2614.77,3,1,6,5,7,120.18,1,18,1,3,120.18,0.00,0.67,1.00,0,0.00,3,367.77,1,0,6,org.apache.solr.analysis.BaseTokenFilterFactory,0.00,3,2,5,0,3,2,1,1,84,1
"org.apache.solr.analysis.EnglishMinimalStemFilterFactory",1,0.00,1.00,3,0.02,225.35,1,0,2,2,4,184.67,1,5,1,3,134.67,0.00,0.67,0.00,0,1.00,1,58.69,0,1,3,org.apache.solr.analysis.BaseTokenFilterFactory,0.00,1,2,1,0,1,0,0,1,19,1
"org.apache.solr.analysis.EnglishPossessiveFilterFactory",1,0.00,1.00,3,0.02,225.35,1,0,2,2,3,184.67,1,5,0,3,134.67,0.00,0.67,0.00,0,1.00,1,58.69,0,1,3,org.apache.solr.analysis.BaseTokenFilterFactory,0.00,1,2,1,0,1,0,0,1,19,1
"org.apache.solr.analysis.FinnishLightStemFilterFactory",1,0.00,1.00,3,0.02,225.35,1,0,2,2,4,184.67,1,5,1,3,134.67,0.00,0.67,0.00,0,1.00,1,58.69,0,1,3,org.apache.solr.analysis.BaseTokenFilterFactory,0.00,1,2,1,0,1,0,0,1,19,1
"org.apache.solr.analysis.FrenchLightStemFilterFactory",1,0.00,1.00,3,0.02,225.35,1,0,2,2,4,184.67,1,5,1,3,134.67,0.00,0.67,0.00,0,1.00,1,58.69,0,1,3,org.apache.solr.analysis.BaseTokenFilterFactory,0.00,1,2,1,0,1,0,0,1,19,1
"org.apache.solr.analysis.FrenchMinimalStemFilterFactory",1,0.00,1.00,3,0.02,225.35,1,0,2,2,4,184.67,1,5,1,3,134.67,0.00,0.67,0.00,0,1.00,1,58.69,0,1,3,org.apache.solr.analysis.BaseTokenFilterFactory,0.00,1,2,1,0,1,0,0,1,19,1
"org.apache.solr.analysis.GalicianStemFilterFactory",1,0.00,1.00,3,0.02,225.35,1,0,2,2,4,184.67,1,5,1,3,134.67,0.00,0.67,0.00,0,1.00,1,58.69,0,1,3,org.apache.solr.analysis.BaseTokenFilterFactory,0.00,1,2,1,0,1,0,0,1,19,1
"org.apache.solr.analysis.GermanLightStemFilterFactory",1,0.00,1.00,3,0.02,225.35,1,0,2,2,4,184.67,1,5,1,3,134.67,0.00,0.67,0.00,0,1.00,1,58.69,0,1,3,org.apache.solr.analysis.BaseTokenFilterFactory,0.00,1,2,1,0,1,0,0,1,19,1
"org.apache.solr.analysis.GermanMinimalStemFilterFactory",1,0.00,1.00,3,0.02,225.35,1,0,2,2,4,184.67,1,5,1,3,134.67,0.00,0.67,0.00,0,1.00,1,58.69,0,1,3,org.apache.solr.analysis.BaseTokenFilterFactory,0.00,1,2,1,0,1,0,0,1,19,1
"org.apache.solr.analysis.GermanStemFilterFactory",1,0.00,1.00,3,0.02,225.35,1,0,2,2,4,184.67,1,5,1,3,134.67,0.00,0.67,0.00,0,1.00,1,58.69,0,1,3,org.apache.solr.analysis.BaseTokenFilterFactory,0.00,1,2,1,0,1,0,0,1,19,1
"org.apache.solr.analysis.GreekLowerCaseFilterFactory",2,0.00,1.50,7,0.09,1794.04,2,0,5,5,5,129.86,1,15,1,3,129.86,0.00,0.67,0.00,0,2.00,2,258.89,2,1,4,org.apache.solr.analysis.BaseTokenFilterFactory,0.00,3,2,3,0,3,1,0,1,61,1
"org.apache.solr.analysis.GreekStemFilterFactory",1,0.00,1.00,3,0.02,225.35,1,0,2,2,4,184.67,1,5,1,3,134.67,0.00,0.67,0.00,0,1.00,1,58.69,0,1,3,org.apache.solr.analysis.BaseTokenFilterFactory,0.00,1,2,1,0,1,0,0,1,19,1
"org.apache.solr.analysis.HTMLStripCharFilterFactory",1,0.00,1.00,3,0.02,225.35,1,0,2,2,3,134.67,0,5,0,2,134.67,0.00,0.50,0.00,0,1.00,1,58.69,0,1,3,org.apache.solr.analysis.BaseCharFilterFactory,0.00,1,1,1,0,1,0,0,0,19,1
"org.apache.solr.analysis.HindiNormalizationFilterFactory",1,0.00,1.00,3,0.02,225.35,1,0,2,2,4,184.67,1,5,1,3,134.67,0.00,0.67,0.00,0,1.00,1,58.69,0,1,3,org.apache.solr.analysis.BaseTokenFilterFactory,0.00,1,2,1,0,1,0,0,1,19,1
"org.apache.solr.analysis.HindiStemFilterFactory",1,0.00,1.00,3,0.02,225.35,1,0,2,2,4,184.67,1,5,1,3,134.67,0.00,0.67,0.00,0,1.00,1,58.69,0,1,3,org.apache.solr.analysis.BaseTokenFilterFactory,0.00,1,2,1,0,1,0,0,1,19,1
"org.apache.solr.analysis.HungarianLightStemFilterFactory",1,0.00,1.00,3,0.02,225.35,1,0,2,2,4,184.67,1,5,1,3,134.67,0.00,0.67,0.00,0,1.00,1,58.69,0,1,3,org.apache.solr.analysis.BaseTokenFilterFactory,0.00,1,2,1,0,1,0,0,1,19,1
"org.apache.solr.analysis.HyphenatedWordsFilterFactory",1,0.00,1.00,3,0.02,225.35,1,0,3,2,3,155.29,3,5,0,3,134.67,0.00,0.67,0.00,0,1.00,1,58.69,0,1,3,org.apache.solr.analysis.BaseTokenFilterFactory,0.00,1,2,1,0,1,0,0,1,19,1
"org.apache.solr.analysis.HyphenationCompoundWordTokenFilterFactory",3,0.83,2.33,35,0.45,11620.14,12,9,13,14,10,61.41,23,47,1,3,103.70,0.00,0.67,0.67,0,0.00,3,1356.02,2,1,9,org.apache.solr.analysis.BaseTokenFilterFactory,0.00,11,2,7,0,11,2,1,6,261,1
"org.apache.solr.analysis.ICUCollationKeyFilterFactory",4,0.67,4.25,29,0.64,28862.55,5,1,11,17,7,60.28,40,60,1,3,108.76,0.00,0.67,0.50,0,4.00,13,1926.96,0,3,6,org.apache.solr.analysis.BaseTokenFilterFactory,0.00,13,2,17,0,13,1,1,8,353,1
"org.apache.solr.analysis.ICUFoldingFilterFactory",1,0.00,1.00,3,0.02,352.23,1,0,2,2,4,142.28,17,6,1,3,133.15,0.00,0.67,0.00,0,1.00,1,72.87,0,1,3,org.apache.solr.analysis.BaseTokenFilterFactory,0.00,1,2,1,0,1,0,0,2,22,1
"org.apache.solr.analysis.ICUNormalizer2FilterFactory",2,0.00,4.00,17,0.32,16798.52,3,1,8,11,5,57.99,17,30,1,3,106.09,0.00,0.67,1.00,0,0.00,7,964.20,1,1,4,org.apache.solr.analysis.BaseTokenFilterFactory,0.00,9,2,8,0,9,1,0,2,180,1
"org.apache.solr.analysis.ICUTokenizerFactory",1,0.00,1.00,3,0.02,307.32,1,0,3,2,4,173.50,2,6,1,3,133.61,0.00,0.67,0.00,0,1.00,1,74.72,0,1,3,org.apache.solr.analysis.BaseTokenizerFactory,0.00,1,2,1,0,1,0,0,2,22,1
"org.apache.solr.analysis.ICUTransformFilterFactory",2,0.00,2.50,13,0.22,9241.55,3,1,7,7,5,95.03,11,23,1,3,112.90,0.00,0.67,1.00,0,0.00,4,674.59,1,1,4,org.apache.solr.analysis.BaseTokenFilterFactory,0.00,5,2,5,0,5,1,0,2,133,1
"org.apache.solr.analysis.IndicNormalizationFilterFactory",1,0.00,1.00,3,0.02,225.35,1,0,2,2,4,184.67,1,5,1,3,134.67,0.00,0.67,0.00,0,1.00,1,58.69,0,1,3,org.apache.solr.analysis.BaseTokenFilterFactory,0.00,1,2,1,0,1,0,0,1,19,1
"org.apache.solr.analysis.IndonesianStemFilterFactory",2,0.00,1.00,7,0.07,1082.60,3,1,3,3,4,131.68,1,11,1,3,131.68,0.00,0.67,1.00,0,0.00,1,211.73,1,1,3,org.apache.solr.analysis.BaseTokenFilterFactory,0.00,1,2,2,0,1,1,0,1,54,1
"org.apache.solr.analysis.ItalianLightStemFilterFactory",1,0.00,1.00,3,0.02,225.35,1,0,2,2,4,184.67,1,5,1,3,134.67,0.00,0.67,0.00,0,1.00,1,58.69,0,1,3,org.apache.solr.analysis.BaseTokenFilterFactory,0.00,1,2,1,0,1,0,0,1,19,1
"org.apache.solr.analysis.KeepWordFilterFactory",8,0.10,1.38,29,0.28,5446.84,11,3,8,12,7,130.82,7,43,1,3,130.82,0.00,0.67,0.42,0,2.00,3,827.16,2,2,6,org.apache.solr.analysis.BaseTokenFilterFactory,0.00,4,2,11,0,4,6,1,2,197,1
"org.apache.solr.analysis.KeywordMarkerFilterFactory",3,0.33,2.00,15,0.16,3106.87,6,3,6,6,7,88.80,19,22,1,3,121.02,0.00,0.67,0.56,0,0.00,3,466.54,0,1,6,org.apache.solr.analysis.BaseTokenFilterFactory,0.00,3,2,6,0,3,2,1,2,105,1
"org.apache.solr.analysis.KeywordTokenizerFactory",1,0.00,1.00,3,0.02,225.35,1,0,2,2,4,155.29,3,5,2,3,134.67,0.00,0.67,0.00,0,1.00,1,58.69,0,1,2,org.apache.solr.analysis.BaseTokenizerFactory,0.00,1,2,1,0,1,0,0,1,19,1
"org.apache.solr.analysis.LengthFilterFactory",2,1.20,1.00,12,0.15,2502.00,7,5,3,5,4,167.58,3,16,1,3,117.58,0.00,0.67,0.80,0,0.00,1,448.65,1,1,3,org.apache.solr.analysis.BaseTokenFilterFactory,0.00,3,2,2,0,3,1,0,1,101,1
"org.apache.solr.analysis.LengthFilterTest",1,0.00,1.00,20,0.33,15412.55,1,0,6,9,4,139.49,1,20,0,4,89.49,0.00,0.75,0.00,0,0.00,1,979.87,1,0,4,org.apache.solr.analysis.BaseTokenTestCase,0.00,8,3,1,0,8,1,0,1,186,1
"org.apache.solr.analysis.LetterTokenizerFactory",2,0.00,1.00,6,0.05,786.43,2,0,3,3,3,182.77,3,10,1,3,132.77,0.00,0.67,0.00,0,2.00,1,155.94,2,1,2,org.apache.solr.analysis.BaseTokenizerFactory,0.00,1,2,2,0,1,1,0,1,43,1
"org.apache.solr.analysis.LimitTokenCountFilterFactory",2,0.00,1.00,7,0.08,1313.47,3,1,3,5,3,131.02,0,12,0,3,131.02,0.00,0.67,1.00,0,0.00,1,238.33,1,1,3,org.apache.solr.analysis.BaseTokenFilterFactory,0.00,3,2,2,0,3,1,0,0,60,1
"org.apache.solr.analysis.LowerCaseFilterFactory",2,0.00,1.00,6,0.05,786.43,2,0,3,3,3,182.77,3,10,0,3,132.77,0.00,0.67,0.00,0,2.00,1,155.94,2,1,3,org.apache.solr.analysis.BaseTokenFilterFactory,0.00,1,2,2,0,1,1,0,1,43,1
"org.apache.solr.analysis.LowerCaseTokenizerFactory",2,0.00,1.00,6,0.05,786.43,2,0,3,3,3,182.77,3,10,1,3,132.77,0.00,0.67,0.00,0,2.00,1,155.94,2,1,2,org.apache.solr.analysis.BaseTokenizerFactory,0.00,1,2,2,0,1,1,0,1,43,1
"org.apache.solr.analysis.MappingCharFilterFactory",4,0.17,5.75,61,0.81,46060.53,8,4,12,25,8,144.75,7,73,1,2,94.75,0.00,0.50,0.38,2,4.00,14,2434.25,0,2,7,org.apache.solr.analysis.BaseCharFilterFactory,0.00,21,1,23,0,21,2,1,2,443,1
"org.apache.solr.analysis.NGramFilterFactory",2,1.00,2.00,11,0.16,4556.47,4,2,3,5,5,158.21,4,17,2,3,118.33,0.00,0.67,1.00,0,0.00,3,487.78,1,1,3,org.apache.solr.analysis.BaseTokenFilterFactory,0.00,3,2,4,0,3,1,0,2,107,1
"org.apache.solr.analysis.NGramTokenizerFactory",2,1.00,2.00,11,0.16,4556.47,4,2,4,5,5,158.21,5,15,2,3,118.33,0.00,0.67,1.00,0,0.00,3,487.78,1,1,3,org.apache.solr.analysis.BaseTokenizerFactory,0.00,3,2,4,0,3,1,0,3,107,1
"org.apache.solr.analysis.NumericPayloadTokenFilterFactory",2,1.00,1.00,9,0.10,1608.54,4,2,3,5,3,125.66,1,13,0,3,125.66,0.00,0.67,1.00,0,0.00,1,292.08,1,1,3,org.apache.solr.analysis.BaseTokenFilterFactory,0.00,3,2,2,0,3,1,0,1,71,1
"org.apache.solr.analysis.PathHierarchyTokenizerFactory",2,1.00,3.00,23,0.25,10582.14,4,2,4,7,3,123.19,6,35,0,3,102.58,0.00,0.67,1.00,0,0.00,5,750.39,1,1,3,org.apache.solr.analysis.BaseTokenizerFactory,0.00,5,2,6,0,5,1,0,2,152,1
"org.apache.solr.analysis.PatternReplaceCharFilterFactory",2,1.50,2.00,16,0.22,6025.34,6,4,5,8,4,149.64,5,25,1,2,109.76,0.00,0.50,1.00,0,0.00,3,652.38,1,1,3,org.apache.solr.analysis.BaseCharFilterFactory,0.00,6,1,4,0,6,1,0,1,131,1
"org.apache.solr.analysis.PatternReplaceFilterFactory",2,1.33,3.00,21,0.27,9768.33,5,3,5,9,4,144.28,4,34,1,3,104.40,0.00,0.67,1.00,0,0.00,5,805.86,1,1,3,org.apache.solr.analysis.BaseTokenFilterFactory,0.00,7,2,6,0,7,1,0,1,156,1
"org.apache.solr.analysis.PatternTokenizerFactory",2,1.00,3.00,22,0.31,11546.85,6,4,7,7,5,120.41,37,35,1,3,102.28,0.00,0.67,0.75,0,0.00,4,915.09,0,1,4,org.apache.solr.analysis.BaseTokenizerFactory,0.00,5,2,6,0,5,1,0,5,178,1
"org.apache.solr.analysis.PersianCharFilterFactory",1,0.00,1.00,3,0.02,352.23,1,0,2,2,4,153.76,3,6,1,2,133.15,0.00,0.50,0.00,0,1.00,1,72.87,0,1,3,org.apache.solr.analysis.BaseCharFilterFactory,0.00,1,1,1,0,1,0,0,1,22,1
"org.apache.solr.analysis.PersianNormalizationFilterFactory",1,0.00,1.00,3,0.02,225.35,1,0,2,2,4,184.67,1,5,1,3,134.67,0.00,0.67,0.00,0,1.00,1,58.69,0,1,3,org.apache.solr.analysis.BaseTokenFilterFactory,0.00,1,2,1,0,1,0,0,1,19,1
"org.apache.solr.analysis.PhoneticFilterFactory",2,0.83,3.50,32,0.65,29248.46,8,6,13,12,5,50.71,15,45,1,3,93.00,0.00,0.67,0.58,0,0.00,6,1941.15,1,1,4,org.apache.solr.analysis.BaseTokenFilterFactory,0.00,10,2,7,0,10,1,0,3,354,1
"org.apache.solr.analysis.PorterStemFilterFactory",1,0.00,1.00,3,0.02,225.35,1,0,2,2,4,155.29,3,5,1,3,134.67,0.00,0.67,0.00,0,1.00,1,58.69,0,1,3,org.apache.solr.analysis.BaseTokenFilterFactory,0.00,1,2,1,0,1,0,0,1,19,1
"org.apache.solr.analysis.PortugueseLightStemFilterFactory",1,0.00,1.00,3,0.02,225.35,1,0,2,2,4,184.67,1,5,1,3,134.67,0.00,0.67,0.00,0,1.00,1,58.69,0,1,3,org.apache.solr.analysis.BaseTokenFilterFactory,0.00,1,2,1,0,1,0,0,1,19,1
"org.apache.solr.analysis.PortugueseMinimalStemFilterFactory",1,0.00,1.00,3,0.02,225.35,1,0,2,2,4,184.67,1,5,1,3,134.67,0.00,0.67,0.00,0,1.00,1,58.69,0,1,3,org.apache.solr.analysis.BaseTokenFilterFactory,0.00,1,2,1,0,1,0,0,1,19,1
"org.apache.solr.analysis.PortugueseStemFilterFactory",1,0.00,1.00,3,0.02,225.35,1,0,2,2,4,184.67,1,5,1,3,134.67,0.00,0.67,0.00,0,1.00,1,58.69,0,1,3,org.apache.solr.analysis.BaseTokenFilterFactory,0.00,1,2,1,0,1,0,0,1,19,1
"org.apache.solr.analysis.PositionFilterFactory",2,0.00,1.00,7,0.07,1029.10,3,1,3,3,3,132.09,8,11,0,3,131.85,0.00,0.67,1.00,0,0.00,1,201.67,1,1,3,org.apache.solr.analysis.BaseTokenFilterFactory,0.00,1,2,2,0,1,1,0,1,52,1
"org.apache.solr.analysis.RemoveDuplicatesTokenFilterFactory",1,0.00,1.00,3,0.02,225.35,1,0,2,2,4,155.29,3,5,1,3,134.67,0.00,0.67,0.00,0,1.00,1,58.69,0,1,3,org.apache.solr.analysis.BaseTokenFilterFactory,0.00,1,2,1,0,1,0,0,1,19,1
"org.apache.solr.analysis.ReverseStringFilterFactory",1,0.00,1.00,4,0.03,274.80,1,0,2,2,4,97.11,6,6,1,3,129.34,0.00,0.67,0.00,0,0.00,1,76.45,1,1,3,org.apache.solr.analysis.BaseTokenFilterFactory,0.00,1,2,1,0,1,0,0,1,23,1
"org.apache.solr.analysis.ReversedWildcardFilter",3,0.20,5.00,74,0.89,115443.82,8,5,5,11,6,33.04,29,87,1,4,83.04,0.00,0.75,0.33,1,4.00,9,2675.64,0,0,5,org.apache.lucene.analysis.TokenFilter,0.27,8,3,15,0,8,3,0,11,494,2
"org.apache.solr.analysis.ReversedWildcardFilterFactory",5,0.29,2.80,50,0.54,25577.26,11,6,3,12,6,56.15,40,65,2,3,104.25,0.00,0.67,0.40,0,8.00,9,1629.98,1,1,4,org.apache.solr.analysis.BaseTokenFilterFactory,0.00,7,2,14,0,7,4,0,7,328,1
"org.apache.solr.analysis.RussianLightStemFilterFactory",1,0.00,1.00,3,0.02,225.35,1,0,2,2,4,184.67,1,5,1,3,134.67,0.00,0.67,0.00,0,1.00,1,58.69,0,1,3,org.apache.solr.analysis.BaseTokenFilterFactory,0.00,1,2,1,0,1,0,0,1,19,1
"org.apache.solr.analysis.ShingleFilterFactory",2,1.60,3.00,25,0.34,11381.36,7,5,5,9,5,100.92,1,43,1,3,100.92,0.00,0.67,1.00,0,0.00,5,1034.00,1,1,4,org.apache.solr.analysis.BaseTokenFilterFactory,0.00,7,2,6,0,7,1,0,1,200,1
"org.apache.solr.analysis.SmartChineseSentenceTokenizerFactory",1,0.00,1.00,3,0.02,192.92,1,0,3,2,4,135.44,4,5,1,3,135.21,0.00,0.67,0.00,0,1.00,1,60.48,0,1,3,org.apache.solr.analysis.BaseTokenizerFactory,0.00,1,2,1,0,1,0,0,1,19,1
"org.apache.solr.analysis.SmartChineseWordTokenFilterFactory",1,0.00,1.00,3,0.02,192.92,1,0,3,2,5,85.21,9,5,1,3,135.21,0.00,0.67,0.00,0,1.00,1,60.48,0,1,4,org.apache.solr.analysis.BaseTokenFilterFactory,0.00,1,2,1,0,1,0,0,1,19,1
"org.apache.solr.analysis.SnowballPorterFilterFactory",3,0.50,3.00,25,0.35,10485.29,7,4,10,9,10,149.04,7,38,1,3,109.16,0.00,0.67,0.58,0,0.00,3,1036.64,1,1,9,org.apache.solr.analysis.BaseTokenFilterFactory,0.00,6,2,9,0,6,2,1,1,208,1
"org.apache.solr.analysis.SnowballPorterFilterFactoryTest",2,0.00,1.50,33,0.53,15014.27,2,0,16,19,9,145.47,3,35,0,4,95.47,0.00,0.75,0.00,0,0.00,2,1603.81,1,0,9,org.apache.solr.analysis.BaseTokenTestCase,0.00,17,3,3,0,17,2,0,1,279,1
"org.apache.solr.analysis.SnowballPorterFilterFactoryTest$LinesMockSolrResourceLoader",4,1.00,1.00,10,0.08,939.54,5,1,16,4,1,141.10,0,15,0,1,141.10,0.00,0.00,0.25,0,6.00,1,241.90,0,3,1,java.lang.Object,0.00,0,0,4,0,0,1,1,0,67,0
"org.apache.solr.analysis.SolrAnalyzer",6,0.80,1.17,21,0.21,4285.95,7,1,3,10,4,180.69,8,31,2,2,130.69,2.00,0.25,0.33,2,10.00,2,616.75,2,4,2,org.apache.lucene.analysis.Analyzer,0.00,4,1,7,2,4,2,0,6,148,2
"org.apache.solr.analysis.SolrAnalyzer$TokenStreamInfo",3,0.25,1.00,10,0.06,727.65,5,2,3,3,2,134.42,0,10,0,1,134.42,0.00,0.00,0.33,0,5.00,1,180.64,0,2,2,java.lang.Object,0.00,0,0,3,0,0,1,0,0,53,2
"org.apache.solr.analysis.SpanishLightStemFilterFactory",1,0.00,1.00,3,0.02,225.35,1,0,2,2,4,184.67,1,5,1,3,134.67,0.00,0.67,0.00,0,1.00,1,58.69,0,1,3,org.apache.solr.analysis.BaseTokenFilterFactory,0.00,1,2,1,0,1,0,0,1,19,1
"org.apache.solr.analysis.StandardFilterFactory",2,0.00,1.00,6,0.05,786.43,2,0,3,3,3,182.77,3,10,0,3,132.77,0.00,0.67,0.00,0,2.00,1,155.94,2,1,3,org.apache.solr.analysis.BaseTokenFilterFactory,0.00,1,2,2,0,1,1,0,1,43,1
"org.apache.solr.analysis.StandardTokenizerFactory",2,0.00,1.00,10,0.09,1599.37,3,1,4,4,6,172.07,3,16,3,3,122.07,0.00,0.67,1.00,0,0.00,1,279.24,2,1,3,org.apache.solr.analysis.BaseTokenizerFactory,0.00,2,2,2,0,2,1,0,1,68,1
"org.apache.solr.analysis.StemmerOverrideFilterFactory",3,0.25,3.00,24,0.33,12325.51,5,2,8,13,8,158.60,3,33,1,3,108.60,0.00,0.67,0.67,0,0.00,6,987.31,1,1,7,org.apache.solr.analysis.BaseTokenFilterFactory,0.00,10,2,9,0,10,2,1,1,186,1
"org.apache.solr.analysis.StempelPolishStemFilterFactory",2,0.50,1.50,9,0.11,1837.61,4,2,9,7,9,175.11,3,14,1,3,125.11,0.00,0.67,0.75,0,0.00,2,336.81,0,1,8,org.apache.solr.analysis.BaseTokenFilterFactory,0.00,5,2,3,0,5,1,1,1,78,1
"org.apache.solr.analysis.StopFilterFactory",6,0.20,1.33,27,0.25,5100.98,9,3,9,11,9,165.29,12,38,2,3,125.41,0.00,0.67,0.50,0,0.00,3,747.86,2,2,7,org.apache.solr.analysis.BaseTokenFilterFactory,0.00,5,2,8,0,5,4,1,1,170,1
"org.apache.solr.analysis.SwedishLightStemFilterFactory",1,0.00,1.00,3,0.02,225.35,1,0,2,2,4,184.67,1,5,1,3,134.67,0.00,0.67,0.00,0,1.00,1,58.69,0,1,3,org.apache.solr.analysis.BaseTokenFilterFactory,0.00,1,2,1,0,1,0,0,1,19,1
"org.apache.solr.analysis.SynonymFilterFactory",8,0.71,3.00,81,1.21,63690.13,9,1,15,38,12,152.73,11,109,2,3,102.73,0.00,0.67,0.38,2,14.00,7,3643.62,1,5,10,org.apache.solr.analysis.BaseTokenFilterFactory,0.00,30,2,24,0,30,3,1,9,667,1
"org.apache.solr.analysis.TestArabicFilters",4,0.00,1.00,34,0.45,9208.44,4,0,5,19,8,111.07,16,40,0,4,110.84,0.00,0.75,0.00,0,0.00,1,1355.36,1,0,8,org.apache.solr.analysis.BaseTokenTestCase,0.00,15,3,4,0,15,4,0,5,274,1
"org.apache.solr.analysis.TestBrazilianStemFilterFactory",1,0.00,1.00,7,0.08,1369.99,1,0,5,5,5,82.55,6,9,0,4,114.78,0.00,0.75,0.00,0,0.00,1,251.07,1,0,5,org.apache.solr.analysis.BaseTokenTestCase,0.00,4,3,1,0,4,1,0,2,55,1
"org.apache.solr.analysis.TestBulgarianStemFilterFactory",1,0.00,1.00,7,0.08,1369.99,1,0,5,5,5,82.55,6,9,0,4,114.78,0.00,0.75,0.00,0,0.00,1,251.07,1,0,5,org.apache.solr.analysis.BaseTokenTestCase,0.00,4,3,1,0,4,1,0,2,55,1
"org.apache.solr.analysis.TestCJKTokenizerFactory",1,0.00,1.00,6,0.07,1155.55,1,0,3,4,3,85.63,6,8,0,4,117.85,0.00,0.75,0.00,0,1.00,1,219.97,1,0,3,org.apache.solr.analysis.BaseTokenTestCase,0.00,3,3,1,0,3,1,0,2,49,1
"org.apache.solr.analysis.TestCapitalizationFilterFactory",7,0.00,1.00,86,1.74,70047.94,7,0,7,15,6,99.48,31,131,0,4,99.24,0.00,0.75,0.00,0,0.00,1,5209.62,1,0,6,org.apache.solr.analysis.BaseTokenTestCase,0.00,8,3,7,0,8,7,0,14,934,1
"org.apache.solr.analysis.TestChineseFilterFactory",1,0.00,1.00,7,0.09,1425.28,1,0,5,5,4,82.42,6,9,0,4,114.64,0.00,0.75,0.00,0,0.00,1,265.76,1,0,4,org.apache.solr.analysis.BaseTokenTestCase,0.00,4,3,1,0,4,1,0,2,57,1
"org.apache.solr.analysis.TestChineseTokenizerFactory",1,0.00,1.00,6,0.08,1183.27,1,0,3,4,2,85.55,6,8,0,4,117.77,0.00,0.75,0.00,0,1.00,1,227.03,1,0,2,org.apache.solr.analysis.BaseTokenTestCase,0.00,3,3,1,0,3,1,0,2,50,1
"org.apache.solr.analysis.TestCollationKeyFilterFactory",6,0.00,1.00,77,1.18,31758.24,6,0,14,25,6,101.66,27,100,0,4,101.42,0.00,0.75,0.00,1,6.00,1,3525.68,0,0,6,org.apache.solr.analysis.BaseTokenTestCase,0.00,19,3,6,0,19,6,0,9,665,1
"org.apache.solr.analysis.TestCollationKeyFilterFactory$StringMockSolrResourceLoader",4,1.00,1.00,10,0.08,958.21,5,1,14,6,1,141.03,0,15,0,1,141.03,0.00,0.00,0.25,0,6.00,1,251.11,0,3,1,java.lang.Object,0.00,2,0,4,0,2,1,1,0,69,1
"org.apache.solr.analysis.TestCzechStemFilterFactory",1,0.00,1.00,7,0.08,1369.99,1,0,5,5,5,82.55,6,9,0,4,114.78,0.00,0.75,0.00,0,0.00,1,251.07,1,0,5,org.apache.solr.analysis.BaseTokenTestCase,0.00,4,3,1,0,4,1,0,2,55,1
"org.apache.solr.analysis.TestDelimitedPayloadTokenFilterFactory",2,0.00,2.00,35,0.62,24571.65,2,0,11,17,10,92.74,0,40,0,4,92.74,0.00,0.75,0.00,0,0.00,2,1851.86,0,0,10,org.apache.solr.analysis.BaseTokenTestCase,0.00,15,3,4,0,15,2,0,0,315,1
"org.apache.solr.analysis.TestDictionaryCompoundWordTokenFilterFactory",1,0.00,1.00,12,0.19,4295.02,1,0,9,10,7,69.91,6,15,0,4,102.14,0.00,0.75,0.00,0,0.00,1,571.37,1,0,7,org.apache.solr.analysis.BaseTokenTestCase,0.00,9,3,1,0,9,1,0,2,105,1
"org.apache.solr.analysis.TestElisionFilterFactory",2,0.00,1.00,23,0.33,8015.95,2,0,9,11,7,104.02,9,26,0,4,103.78,0.00,0.75,0.00,0,0.00,1,977.61,1,0,7,org.apache.solr.analysis.BaseTokenTestCase,0.00,9,3,2,0,9,2,0,3,186,1
"org.apache.solr.analysis.TestEnglishMinimalStemFilterFactory",1,0.00,1.00,6,0.07,1180.69,1,0,4,5,4,138.40,3,8,0,4,117.78,0.00,0.75,0.00,0,0.00,1,222.33,1,0,4,org.apache.solr.analysis.BaseTokenTestCase,0.00,4,3,1,0,4,1,0,1,50,1
"org.apache.solr.analysis.TestFinnishLightStemFilterFactory",1,0.00,1.00,6,0.07,1180.69,1,0,4,5,4,138.40,3,8,0,4,117.78,0.00,0.75,0.00,0,0.00,1,222.33,1,0,4,org.apache.solr.analysis.BaseTokenTestCase,0.00,4,3,1,0,4,1,0,1,50,1
"org.apache.solr.analysis.TestFrenchLightStemFilterFactory",1,0.00,1.00,6,0.07,1180.69,1,0,4,5,4,138.40,3,8,0,4,117.78,0.00,0.75,0.00,0,0.00,1,222.33,1,0,4,org.apache.solr.analysis.BaseTokenTestCase,0.00,4,3,1,0,4,1,0,1,50,1
"org.apache.solr.analysis.TestFrenchMinimalStemFilterFactory",1,0.00,1.00,6,0.07,1180.69,1,0,4,5,4,138.40,3,8,0,4,117.78,0.00,0.75,0.00,0,0.00,1,222.33,1,0,4,org.apache.solr.analysis.BaseTokenTestCase,0.00,4,3,1,0,4,1,0,1,50,1
"org.apache.solr.analysis.TestGalicianStemFilterFactory",1,0.00,1.00,6,0.07,1180.69,1,0,4,5,4,138.40,3,8,0,4,117.78,0.00,0.75,0.00,0,0.00,1,222.33,1,0,4,org.apache.solr.analysis.BaseTokenTestCase,0.00,4,3,1,0,4,1,0,1,50,1
"org.apache.solr.analysis.TestGermanLightStemFilterFactory",1,0.00,1.00,6,0.07,1180.69,1,0,4,5,4,138.40,3,8,0,4,117.78,0.00,0.75,0.00,0,0.00,1,222.33,1,0,4,org.apache.solr.analysis.BaseTokenTestCase,0.00,4,3,1,0,4,1,0,1,50,1
"org.apache.solr.analysis.TestGermanMinimalStemFilterFactory",1,0.00,1.00,6,0.07,1180.69,1,0,4,5,4,138.40,3,8,0,4,117.78,0.00,0.75,0.00,0,0.00,1,222.33,1,0,4,org.apache.solr.analysis.BaseTokenTestCase,0.00,4,3,1,0,4,1,0,1,50,1
"org.apache.solr.analysis.TestGermanStemFilterFactory",1,0.00,1.00,7,0.08,1369.99,1,0,5,5,5,82.55,6,9,0,4,114.78,0.00,0.75,0.00,0,0.00,1,251.07,1,0,5,org.apache.solr.analysis.BaseTokenTestCase,0.00,4,3,1,0,4,1,0,2,55,1
"org.apache.solr.analysis.TestGreekLowerCaseFilterFactory",1,0.00,1.00,8,0.10,1679.73,1,0,5,6,5,79.69,6,10,0,4,111.91,0.00,0.75,0.00,0,0.00,1,290.30,1,0,5,org.apache.solr.analysis.BaseTokenTestCase,0.00,5,3,1,0,5,1,0,2,62,1
"org.apache.solr.analysis.TestGreekStemFilterFactory",1,0.00,1.00,8,0.10,1799.60,1,0,6,6,6,137.96,19,10,0,4,111.68,0.00,0.75,0.00,0,0.00,1,300.11,1,0,6,org.apache.solr.analysis.BaseTokenTestCase,0.00,5,3,1,0,5,1,0,2,64,1
"org.apache.solr.analysis.TestHindiFilters",3,0.00,1.00,34,0.42,9874.10,3,0,4,16,7,104.69,12,38,0,4,104.46,0.00,0.75,0.00,0,0.00,1,1270.92,1,0,7,org.apache.solr.analysis.BaseTokenTestCase,0.00,13,3,3,0,13,3,0,4,256,1
"org.apache.solr.analysis.TestHungarianLightStemFilterFactory",1,0.00,1.00,6,0.07,1180.69,1,0,4,5,4,138.40,3,8,0,4,117.78,0.00,0.75,0.00,0,0.00,1,222.33,1,0,4,org.apache.solr.analysis.BaseTokenTestCase,0.00,4,3,1,0,4,1,0,1,50,1
"org.apache.solr.analysis.TestHyphenationCompoundWordTokenFilterFactory",2,0.00,1.00,27,0.46,11362.83,2,0,9,11,7,82.01,11,34,0,4,99.88,0.00,0.75,0.00,0,0.00,1,1368.27,1,0,7,org.apache.solr.analysis.BaseTokenTestCase,0.00,9,3,2,0,9,2,0,3,241,1
"org.apache.solr.analysis.TestICUCollationKeyFilterFactory",5,0.00,1.00,64,0.98,26521.29,5,0,14,24,6,101.65,23,84,0,4,101.41,0.00,0.75,0.00,1,5.00,1,2926.58,0,0,6,org.apache.solr.analysis.BaseTokenTestCase,0.00,19,3,5,0,19,5,0,8,554,1
"org.apache.solr.analysis.TestICUCollationKeyFilterFactory$StringMockSolrResourceLoader",4,1.00,1.00,10,0.08,958.21,5,1,14,6,1,141.03,0,15,0,1,141.03,0.00,0.00,0.25,0,6.00,1,251.11,0,3,1,java.lang.Object,0.00,2,0,4,0,2,1,1,0,69,1
"org.apache.solr.analysis.TestICUFoldingFilterFactory",1,0.00,1.00,8,0.10,1592.46,1,0,5,6,5,151.98,2,10,0,4,112.10,0.00,0.75,0.00,0,0.00,1,285.39,1,0,5,org.apache.solr.analysis.BaseTokenTestCase,0.00,5,3,1,0,5,1,0,2,61,1
"org.apache.solr.analysis.TestICUNormalizer2FilterFactory",1,0.00,1.00,8,0.10,1676.75,1,0,5,6,5,132.54,3,10,0,4,111.92,0.00,0.75,0.00,0,0.00,1,308.08,1,0,5,org.apache.solr.analysis.BaseTokenTestCase,0.00,5,3,1,0,5,1,0,3,64,1
"org.apache.solr.analysis.TestICUTokenizerFactory",1,0.00,1.00,6,0.10,1450.97,1,0,3,4,3,167.08,1,10,0,4,117.08,0.00,0.75,0.00,0,1.00,1,291.61,1,0,3,org.apache.solr.analysis.BaseTokenTestCase,0.00,3,3,1,0,3,1,0,1,59,1
"org.apache.solr.analysis.TestICUTransformFilterFactory",2,0.00,1.00,25,0.36,10425.60,2,0,7,9,5,141.36,5,28,0,4,101.47,0.00,0.75,0.00,0,0.00,1,1089.49,1,0,5,org.apache.solr.analysis.BaseTokenTestCase,0.00,7,3,2,0,7,2,0,5,207,1
"org.apache.solr.analysis.TestIndonesianStemFilterFactory",2,0.00,1.00,18,0.26,6150.90,2,0,7,9,5,108.17,9,21,0,4,107.94,0.00,0.75,0.00,0,0.00,1,772.76,1,0,5,org.apache.solr.analysis.BaseTokenTestCase,0.00,7,3,2,0,7,2,0,3,153,1
"org.apache.solr.analysis.TestItalianLightStemFilterFactory",1,0.00,1.00,6,0.08,1262.81,1,0,4,5,4,138.17,3,8,0,4,117.55,0.00,0.75,0.00,0,0.00,1,227.03,1,0,4,org.apache.solr.analysis.BaseTokenTestCase,0.00,4,3,1,0,4,1,0,1,51,1
"org.apache.solr.analysis.TestKeepFilterFactory",1,0.00,2.00,20,0.31,16165.92,1,0,5,10,4,89.40,4,22,0,4,89.17,0.00,0.75,0.00,0,0.00,2,943.13,0,0,4,org.apache.solr.analysis.BaseTokenTestCase,0.00,9,3,2,0,9,1,0,1,173,1
"org.apache.solr.analysis.TestKeywordMarkerFilterFactory",2,0.00,1.00,24,0.38,8960.75,2,0,11,12,8,151.99,3,27,0,4,101.99,0.00,0.75,0.00,0,0.00,1,1134.64,1,0,8,org.apache.solr.analysis.BaseTokenTestCase,0.00,10,3,2,0,10,2,0,1,208,1
"org.apache.solr.analysis.TestLuceneMatchVersion",2,1.00,1.00,25,0.45,16059.53,3,1,9,18,10,139.88,5,30,0,3,100.00,0.00,0.67,0.50,0,2.00,1,1344.60,1,0,10,org.apache.solr.SolrTestCaseJ4,0.00,16,2,2,0,16,2,0,3,246,1
"org.apache.solr.analysis.TestMappingCharFilterFactory",1,0.00,4.00,15,0.17,4562.04,1,0,1,5,1,98.00,0,26,0,2,98.00,0.00,0.50,0.00,0,1.00,4,498.82,0,0,1,org.apache.lucene.util.LuceneTestCase,0.00,4,1,4,0,4,1,0,0,101,1
"org.apache.solr.analysis.TestMultiWordSynonyms",1,0.00,1.00,8,0.14,3333.81,1,0,8,8,5,109.81,4,11,0,4,109.57,0.00,0.75,0.00,0,0.00,1,406.63,1,0,5,org.apache.solr.analysis.BaseTokenTestCase,0.00,7,3,1,0,7,1,0,2,80,1
"org.apache.solr.analysis.TestNGramFilters",10,0.00,1.00,81,1.25,30199.81,10,0,7,26,8,130.52,33,102,0,4,109.91,0.00,0.75,0.00,0,10.00,1,3740.66,1,0,8,org.apache.solr.analysis.BaseTokenTestCase,0.00,16,3,10,0,16,10,0,11,728,1
"org.apache.solr.analysis.TestPatternReplaceCharFilterFactory",3,0.00,1.00,34,0.52,13283.46,3,0,8,13,6,124.06,11,43,0,4,103.44,0.00,0.75,0.00,0,0.00,1,1568.43,1,0,6,org.apache.solr.analysis.BaseTokenTestCase,0.00,10,3,3,0,10,3,0,9,290,1
"org.apache.solr.analysis.TestPatternReplaceFilterFactory",1,0.00,1.00,10,0.15,3690.76,1,0,5,8,4,126.22,3,14,0,4,105.61,0.00,0.75,0.00,0,0.00,1,437.48,1,0,4,org.apache.solr.analysis.BaseTokenTestCase,0.00,7,3,1,0,7,1,0,1,87,1
"org.apache.solr.analysis.TestPatternTokenizerFactory",1,0.00,1.00,9,0.13,3694.67,1,0,4,7,3,147.20,2,13,0,4,107.31,0.00,0.75,0.00,0,1.00,1,395.08,1,0,3,org.apache.solr.analysis.BaseTokenTestCase,0.00,6,3,1,0,6,1,0,2,80,1
"org.apache.solr.analysis.TestPersianNormalizationFilterFactory",1,0.00,1.00,7,0.08,1369.99,1,0,5,5,5,82.55,6,9,0,4,114.78,0.00,0.75,0.00,0,0.00,1,251.07,1,0,5,org.apache.solr.analysis.BaseTokenTestCase,0.00,4,3,1,0,4,1,0,2,55,1
"org.apache.solr.analysis.TestPhoneticFilterFactory",3,0.00,1.67,38,0.67,22195.42,3,0,7,13,5,150.16,4,60,0,4,100.16,0.00,0.75,0.00,1,4.00,3,2000.67,1,0,5,org.apache.solr.analysis.BaseTokenTestCase,0.00,10,3,5,0,10,3,0,2,377,1
"org.apache.solr.analysis.TestPorterStemFilterFactory",1,0.00,1.00,7,0.08,1369.99,1,0,5,5,5,82.55,6,9,0,4,114.78,0.00,0.75,0.00,0,0.00,1,251.07,1,0,5,org.apache.solr.analysis.BaseTokenTestCase,0.00,4,3,1,0,4,1,0,2,55,1
"org.apache.solr.analysis.TestPortugueseLightStemFilterFactory",1,0.00,1.00,6,0.07,1180.69,1,0,4,5,4,138.40,3,8,0,4,117.78,0.00,0.75,0.00,0,0.00,1,222.33,1,0,4,org.apache.solr.analysis.BaseTokenTestCase,0.00,4,3,1,0,4,1,0,1,50,1
"org.apache.solr.analysis.TestPortugueseMinimalStemFilterFactory",1,0.00,1.00,6,0.07,1180.69,1,0,4,5,4,138.40,3,8,0,4,117.78,0.00,0.75,0.00,0,0.00,1,222.33,1,0,4,org.apache.solr.analysis.BaseTokenTestCase,0.00,4,3,1,0,4,1,0,1,50,1
"org.apache.solr.analysis.TestPortugueseStemFilterFactory",1,0.00,1.00,6,0.07,1180.69,1,0,4,5,4,138.40,3,8,0,4,117.78,0.00,0.75,0.00,0,0.00,1,222.33,1,0,4,org.apache.solr.analysis.BaseTokenTestCase,0.00,4,3,1,0,4,1,0,1,50,1
"org.apache.solr.analysis.TestRemoveDuplicatesTokenFilterFactory",4,0.00,1.00,14,0.24,4754.94,4,0,7,12,7,128.99,1,28,0,4,128.99,0.00,0.75,0.00,2,4.00,1,718.20,1,2,7,org.apache.solr.analysis.BaseTokenTestCase,0.00,8,3,4,0,8,2,0,1,159,1
"org.apache.solr.analysis.TestRemoveDuplicatesTokenFilterFactory$TokenStream",1,0.00,2.00,14,0.15,2847.86,4,3,7,11,4,100.88,0,17,0,1,100.88,0.00,0.00,1.00,0,0.00,2,458.76,0,0,4,java.lang.Object,0.00,10,0,2,0,10,1,0,0,100,0
"org.apache.solr.analysis.TestReverseStringFilterFactory",1,0.00,1.00,8,0.10,1619.97,1,0,5,6,5,79.82,6,10,0,4,112.04,0.00,0.75,0.00,0,0.00,1,292.94,1,0,5,org.apache.solr.analysis.BaseTokenTestCase,0.00,5,3,1,0,5,1,0,2,62,1
"org.apache.solr.analysis.TestReversedWildcardFilterFactory",7,0.17,1.14,81,1.28,42558.07,10,3,21,31,13,152.33,10,121,0,3,102.33,0.00,0.67,0.19,1,18.00,2,3835.15,7,0,13,org.apache.solr.SolrTestCaseJ4,0.05,24,2,8,0,24,7,0,10,716,1
"org.apache.solr.analysis.TestRussianFilters",1,0.00,1.00,7,0.09,1455.37,1,0,3,5,2,82.35,6,10,0,4,114.57,0.00,0.75,0.00,0,0.00,1,275.51,1,0,2,org.apache.solr.analysis.BaseTokenTestCase,0.00,4,3,1,0,4,1,0,2,58,1
"org.apache.solr.analysis.TestRussianLightStemFilterFactory",1,0.00,1.00,6,0.07,1180.69,1,0,4,5,4,138.40,3,8,0,4,117.78,0.00,0.75,0.00,0,0.00,1,222.33,1,0,4,org.apache.solr.analysis.BaseTokenTestCase,0.00,4,3,1,0,4,1,0,1,50,1
"org.apache.solr.analysis.TestShingleFilterFactory",13,0.00,1.00,117,1.91,45906.46,13,0,6,20,4,128.08,50,149,0,4,107.47,0.00,0.75,0.00,0,0.00,1,5737.32,1,0,4,org.apache.solr.analysis.BaseTokenTestCase,0.00,7,3,13,0,7,13,0,14,1078,1
"org.apache.solr.analysis.TestSmartChineseFactories",2,0.00,1.00,14,0.21,4255.62,2,0,4,8,6,95.40,10,21,0,4,113.27,0.00,0.75,0.00,0,2.00,1,638.57,1,0,6,org.apache.solr.analysis.BaseTokenTestCase,0.00,6,3,2,0,6,2,0,7,130,1
"org.apache.solr.analysis.TestSpanishLightStemFilterFactory",1,0.00,1.00,6,0.07,1180.69,1,0,4,5,4,138.40,3,8,0,4,117.78,0.00,0.75,0.00,0,0.00,1,222.33,1,0,4,org.apache.solr.analysis.BaseTokenTestCase,0.00,4,3,1,0,4,1,0,1,50,1
"org.apache.solr.analysis.TestStandardFactories",10,0.00,1.20,87,1.19,28563.80,10,0,7,42,12,149.94,29,103,0,4,110.06,0.00,0.75,0.00,0,0.00,2,3560.27,1,0,12,org.apache.solr.analysis.BaseTokenTestCase,0.00,32,3,12,0,32,10,0,11,683,1
"org.apache.solr.analysis.TestStemmerOverrideFilterFactory",2,0.00,1.00,24,0.38,8931.11,2,0,11,12,8,141.89,4,27,0,4,102.00,0.00,0.75,0.00,0,0.00,1,1125.90,1,0,8,org.apache.solr.analysis.BaseTokenTestCase,0.00,10,3,2,0,10,2,0,2,207,1
"org.apache.solr.analysis.TestStempelPolishStemFilterFactory",1,0.00,1.00,7,0.09,1721.82,1,0,4,7,5,140.28,19,10,0,4,113.99,0.00,0.75,0.00,0,0.00,1,279.91,1,0,5,org.apache.solr.analysis.BaseTokenTestCase,0.00,6,3,1,0,6,1,0,2,61,1
"org.apache.solr.analysis.TestStopFilterFactory",1,0.00,2.00,22,0.38,21647.93,1,0,5,11,4,86.86,4,24,0,4,86.62,0.00,0.75,0.00,0,0.00,2,1149.92,0,0,4,org.apache.solr.analysis.BaseTokenTestCase,0.00,10,3,2,0,10,1,0,1,207,1
"org.apache.solr.analysis.TestSwedishLightStemFilterFactory",1,0.00,1.00,6,0.08,1262.81,1,0,4,5,4,138.17,3,8,0,4,117.55,0.00,0.75,0.00,0,0.00,1,227.03,1,0,4,org.apache.solr.analysis.BaseTokenTestCase,0.00,4,3,1,0,4,1,0,1,51,1
"org.apache.solr.analysis.TestSynonymMap",7,0.00,1.43,174,2.55,186047.00,7,0,7,25,5,66.72,37,185,0,2,84.59,0.00,0.50,0.00,2,7.00,3,7664.15,0,1,5,org.apache.lucene.util.LuceneTestCase,0.00,18,1,10,0,18,6,0,37,1392,1
"org.apache.solr.analysis.TestThaiWordFilterFactory",1,0.00,1.00,9,0.13,2006.45,1,0,6,7,6,77.18,6,12,0,4,109.40,0.00,0.75,0.00,0,0.00,1,385.18,1,0,6,org.apache.solr.analysis.BaseTokenTestCase,0.00,6,3,1,0,6,1,0,2,75,1
"org.apache.solr.analysis.TestTrimFilterFactory",1,0.00,1.00,8,0.12,2710.31,1,0,5,8,4,130.89,3,10,0,4,110.28,0.00,0.75,0.00,0,1.00,1,345.51,1,0,4,org.apache.solr.analysis.BaseTokenTestCase,0.00,7,3,1,0,7,1,0,1,72,1
"org.apache.solr.analysis.TestTurkishLowerCaseFilterFactory",1,0.00,1.00,7,0.08,1369.99,1,0,5,5,5,82.55,6,9,0,4,114.78,0.00,0.75,0.00,0,0.00,1,251.07,1,0,5,org.apache.solr.analysis.BaseTokenTestCase,0.00,4,3,1,0,4,1,0,2,55,1
"org.apache.solr.analysis.TestUAX29URLEmailTokenizerFactory",8,0.00,1.12,62,1.07,22351.68,8,0,5,18,3,162.31,8,134,0,4,112.31,0.00,0.75,0.00,0,0.00,2,3223.11,1,0,3,org.apache.solr.analysis.BaseTokenTestCase,0.00,10,3,9,0,10,8,0,6,591,1
"org.apache.solr.analysis.TestWikipediaTokenizerFactory",1,0.00,1.00,10,0.14,2588.89,1,0,5,4,4,133.10,19,13,0,4,106.82,0.00,0.75,0.00,0,1.00,1,425.30,1,0,4,org.apache.solr.analysis.BaseTokenTestCase,0.00,3,3,1,0,3,1,0,2,83,1
"org.apache.solr.analysis.TestWordDelimiterFilterFactory",9,0.00,1.00,75,1.10,30475.27,9,0,10,19,7,149.40,26,151,0,3,109.52,0.00,0.67,0.00,1,9.00,1,3301.25,6,0,7,org.apache.solr.SolrTestCaseJ4,0.00,10,2,9,0,10,9,0,8,634,1
"org.apache.solr.analysis.ThaiWordFilterFactory",1,0.00,1.00,4,0.03,274.80,1,0,2,2,4,179.34,1,6,1,3,129.34,0.00,0.67,0.00,0,0.00,1,76.45,1,1,3,org.apache.solr.analysis.BaseTokenFilterFactory,0.00,1,2,1,0,1,0,0,1,23,1
"org.apache.solr.analysis.TokenFilterFactory",3,0.00,1.00,4,0.03,247.81,3,0,2,3,11,126.52,39,5,10,1,155.90,0.00,0.00,0.00,0,3.00,1,89.64,0,2,1,,0.00,0,0,3,0,0,1,0,4,31,1
"org.apache.solr.analysis.TokenOffsetPayloadTokenFilterFactory",1,0.00,1.00,3,0.02,225.35,1,0,2,2,3,184.67,1,5,0,3,134.67,0.00,0.67,0.00,0,1.00,1,58.69,0,1,3,org.apache.solr.analysis.BaseTokenFilterFactory,0.00,1,2,1,0,1,0,0,1,19,1
"org.apache.solr.analysis.TokenizerChain",8,0.05,1.62,48,0.44,14456.73,11,3,5,16,16,116.21,7,51,8,3,116.21,0.00,0.67,0.29,1,24.00,3,1320.54,0,6,8,org.apache.solr.analysis.SolrAnalyzer,0.00,8,2,13,0,8,2,0,5,295,2
"org.apache.solr.analysis.TokenizerFactory",3,0.00,1.00,4,0.03,241.10,3,0,3,3,8,118.44,37,5,7,1,156.00,0.00,0.00,0.00,0,3.00,1,91.19,0,2,1,,0.00,0,0,3,0,0,1,0,4,31,1
"org.apache.solr.analysis.TrieTokenizer",7,0.12,2.14,53,0.68,21650.39,14,7,8,27,6,111.81,1,78,1,4,111.81,0.00,0.75,0.24,1,0.00,7,2030.03,2,1,5,org.apache.lucene.analysis.Tokenizer,0.67,20,3,15,0,20,6,0,1,397,1
"org.apache.solr.analysis.TrieTokenizerFactory",2,0.00,1.00,8,0.07,1046.28,4,2,8,4,9,94.91,12,11,2,3,127.13,0.00,0.67,0.50,0,2.00,1,214.45,0,0,7,org.apache.solr.analysis.BaseTokenizerFactory,0.00,2,2,2,0,2,2,0,1,58,1
"org.apache.solr.analysis.TrimFilterFactory",2,0.00,2.00,11,0.14,3944.21,3,1,4,6,5,158.71,4,19,1,3,118.82,0.00,0.67,1.00,0,0.00,3,413.05,1,1,4,org.apache.solr.analysis.BaseTokenFilterFactory,0.00,4,2,4,0,4,1,0,1,89,1
"org.apache.solr.analysis.TurkishLowerCaseFilterFactory",1,0.00,1.00,3,0.02,225.35,1,0,2,2,4,184.67,1,5,1,3,134.67,0.00,0.67,0.00,0,1.00,1,58.69,0,1,3,org.apache.solr.analysis.BaseTokenFilterFactory,0.00,1,2,1,0,1,0,0,1,19,1
"org.apache.solr.analysis.TypeAsPayloadTokenFilterFactory",1,0.00,1.00,3,0.02,225.35,1,0,2,2,3,184.67,1,5,0,3,134.67,0.00,0.67,0.00,0,1.00,1,58.69,0,1,3,org.apache.solr.analysis.BaseTokenFilterFactory,0.00,1,2,1,0,1,0,0,1,19,1
"org.apache.solr.analysis.UAX29URLEmailTokenizerFactory",2,0.00,1.00,10,0.09,1592.33,3,1,4,4,4,161.97,4,15,1,3,122.08,0.00,0.67,1.00,0,0.00,1,273.01,2,1,3,org.apache.solr.analysis.BaseTokenizerFactory,0.00,2,2,2,0,2,1,0,1,67,1
"org.apache.solr.analysis.WhitespaceTokenizerFactory",2,0.00,1.00,6,0.05,786.43,2,0,3,3,3,182.77,3,10,1,3,132.77,0.00,0.67,0.00,0,2.00,1,155.94,2,1,2,org.apache.solr.analysis.BaseTokenizerFactory,0.00,1,2,2,0,1,1,0,1,43,1
"org.apache.solr.analysis.WikipediaTokenizerFactory",1,0.00,1.00,3,0.02,192.92,1,0,3,2,4,175.09,2,5,1,3,135.21,0.00,0.67,0.00,0,1.00,1,60.48,0,1,3,org.apache.solr.analysis.BaseTokenizerFactory,0.00,1,2,1,0,1,0,0,2,19,1
"org.apache.solr.analysis.WordDelimiterFilterFactory",6,0.27,6.00,97,1.58,78047.82,21,15,15,29,9,143.27,6,127,1,3,93.27,0.00,0.67,0.29,2,18.00,13,4732.27,1,3,8,org.apache.solr.analysis.BaseTokenFilterFactory,0.00,23,2,36,0,23,3,1,4,846,1
"org.apache.solr.client.solrj.util.ClientUtils",9,3.00,3.33,89,1.34,67312.51,12,3,18,44,22,86.75,49,122,13,1,104.62,0.00,0.00,0.00,1,9.00,9,4030.55,0,8,9,java.lang.Object,0.00,35,0,30,0,35,1,0,17,752,1
"org.apache.solr.client.solrj.util.ClientUtilsTest",1,0.00,1.00,7,0.07,1113.60,1,0,1,3,1,97.61,5,10,0,2,115.48,0.00,0.50,0.00,0,1.00,1,224.01,0,0,1,org.apache.lucene.util.LuceneTestCase,0.00,2,1,1,0,2,1,0,1,56,1
"org.apache.lucene.store.AlreadyClosedException",1,0.00,1.00,3,0.02,106.02,1,0,0,1,19,170.64,20,5,19,2,137.25,0.00,0.50,0.00,0,1.00,1,45.51,0,0,0,java.lang.IllegalStateException,0.00,0,1,1,0,0,1,0,2,16,1
"org.apache.lucene.store.BufferedIndexInput",22,0.18,2.23,150,1.95,118367.16,28,6,1,26,21,152.30,51,208,20,3,112.41,3.00,0.22,0.34,6,0.00,7,5838.80,6,1,2,org.apache.lucene.store.IndexInput,0.87,4,2,49,6,4,21,0,35,1180,2
"org.apache.lucene.store.BufferedIndexOutput",9,0.12,1.89,46,0.51,34493.44,13,4,1,10,3,116.80,41,68,2,3,116.56,0.50,0.50,0.36,2,8.00,8,1534.91,0,0,1,org.apache.lucene.store.IndexOutput,0.84,1,2,17,1,1,9,0,21,330,2
"org.apache.lucene.store.ByteArrayDataInput",13,0.25,1.15,53,0.70,26916.29,16,3,0,14,4,172.40,20,73,3,2,122.40,0.00,0.50,0.56,1,0.00,2,2094.05,0,0,1,org.apache.lucene.store.DataInput,0.58,1,1,15,0,1,13,0,5,475,2
"org.apache.lucene.store.ChecksumIndexInput",8,0.07,1.00,23,0.21,3532.67,10,2,3,17,2,138.94,5,39,1,3,138.94,0.00,0.67,0.56,0,0.00,1,623.92,0,0,1,org.apache.lucene.store.IndexInput,0.62,9,2,8,0,9,8,0,1,164,1
"org.apache.lucene.store.ChecksumIndexOutput",11,0.05,1.00,32,0.30,4792.53,13,2,3,23,2,188.99,17,51,1,3,138.99,0.00,0.67,0.55,1,0.00,1,905.19,0,0,1,org.apache.lucene.store.IndexOutput,0.78,12,2,11,0,12,11,0,8,233,1
"org.apache.lucene.store.DataInput",11,0.00,1.36,52,0.57,17568.98,11,0,3,14,17,105.37,55,62,17,1,123.24,0.00,0.00,0.00,5,11.00,2,1714.84,1,3,0,java.lang.Object,0.00,3,0,15,22,3,8,1,12,394,2
"org.apache.lucene.store.DataOutput",10,0.44,1.70,49,0.61,20782.97,12,2,4,17,11,142.91,38,66,8,1,122.29,0.00,0.00,0.10,5,18.00,4,1838.54,0,0,3,java.lang.Object,0.00,7,0,17,12,7,10,0,10,406,2
"org.apache.lucene.store.DirectIOLinuxDirectory",3,0.17,1.67,16,0.22,4626.85,6,3,9,6,7,69.70,29,22,0,3,119.70,0.00,0.67,0.22,0,1.00,2,674.18,3,2,7,org.apache.lucene.store.FSDirectory,0.00,3,2,5,0,3,1,0,3,147,1
"org.apache.lucene.store.DirectIOLinuxDirectory$DirectIOLinuxIndexInput",10,0.36,1.90,81,0.84,25660.29,18,8,9,27,2,160.32,12,112,0,3,110.32,0.00,0.67,0.45,2,0.00,3,2516.52,0,1,2,org.apache.lucene.store.IndexInput,0.69,17,2,19,0,17,9,0,12,528,3
"org.apache.lucene.store.DirectIOLinuxDirectory$DirectIOLinuxIndexOutput",9,0.28,1.78,74,0.83,33104.78,17,8,9,25,2,148.99,25,104,0,3,109.10,0.00,0.67,0.38,1,0.00,3,2502.62,0,0,2,org.apache.lucene.store.IndexOutput,0.84,16,2,16,0,16,9,0,25,514,3
"org.apache.lucene.store.Directory",19,0.44,1.16,40,0.42,6702.96,21,2,5,27,380,107.45,116,63,374,1,139.68,0.00,0.00,0.08,3,66.00,2,1258.23,1,3,6,java.lang.Object,0.00,8,0,22,18,8,16,1,20,323,2
"org.apache.lucene.store.FSDirectory",25,0.04,2.04,148,1.92,68962.23,31,6,14,70,49,75.38,177,218,39,2,117.67,5.00,0.14,0.13,5,92.00,7,5746.71,2,8,13,org.apache.lucene.store.Directory,0.23,45,1,51,5,45,17,0,36,1180,2
"org.apache.lucene.store.FSDirectory$FSIndexOutput",6,0.15,1.50,31,0.32,6976.73,10,4,14,14,2,120.69,5,49,0,4,120.69,0.00,0.75,0.38,0,0.00,4,956.71,2,0,2,org.apache.lucene.store.BufferedIndexOutput,0.65,8,3,9,0,8,6,0,5,219,2
"org.apache.lucene.store.FSDirectory$FilenameFilter",1,0.00,1.00,3,0.03,458.50,1,0,14,3,0,132.24,0,4,0,1,132.24,0.00,0.00,0.00,0,1.00,1,86.14,0,0,0,java.lang.Object,0.00,2,0,1,0,2,1,0,0,24,0
"org.apache.lucene.store.FSLockFactory",2,1.00,1.50,7,0.06,1213.45,3,1,1,3,5,83.09,16,11,4,2,131.19,2.00,0.25,0.50,0,2.00,2,190.50,0,1,1,org.apache.lucene.store.LockFactory,0.00,1,1,3,2,1,1,0,4,49,2
"org.apache.lucene.store.FileSwitchDirectory",15,0.07,1.47,61,0.71,21560.39,19,4,6,35,4,173.59,15,96,1,2,123.59,0.00,0.50,0.18,2,44.00,3,2136.03,0,7,3,org.apache.lucene.store.Directory,0.12,20,1,22,0,20,8,0,4,493,1
"org.apache.lucene.store.IndexInput",5,1.00,1.60,15,0.19,9035.17,6,1,2,6,116,127.68,24,19,114,2,127.45,18.00,0.05,0.20,0,8.00,4,574.07,1,0,3,org.apache.lucene.store.DataInput,0.00,1,1,8,18,1,5,2,6,126,2
"org.apache.lucene.store.IndexOutput",6,0.00,1.00,7,0.06,436.71,6,0,2,6,81,156.57,25,8,80,2,156.34,9.00,0.09,0.00,0,6.00,1,177.79,0,0,1,org.apache.lucene.store.DataOutput,0.00,0,1,6,9,0,6,1,7,58,2
"org.apache.lucene.store.Lock",4,0.11,2.50,28,0.34,19599.75,7,3,2,10,30,61.73,41,37,28,1,110.21,0.00,0.00,0.25,1,6.00,7,1012.61,0,0,2,java.lang.Object,0.00,6,0,10,9,6,4,0,9,197,2
"org.apache.lucene.store.Lock$With",3,0.25,1.33,13,0.11,1805.78,5,2,2,5,2,147.20,10,19,0,1,126.59,0.00,0.00,0.33,1,4.00,2,320.43,0,2,2,java.lang.Object,0.00,2,0,4,0,2,1,0,3,81,3
"org.apache.lucene.store.LockFactory",4,1.00,1.00,8,0.06,564.89,5,1,1,4,16,92.84,36,11,15,1,142.84,0.00,0.00,0.00,0,4.00,1,176.92,0,2,1,java.lang.Object,0.00,0,0,4,7,0,2,0,5,53,2
"org.apache.lucene.store.LockObtainFailedException",1,0.00,1.00,3,0.02,106.02,1,0,1,1,19,94.96,7,5,19,2,137.25,0.00,0.50,0.00,0,1.00,1,45.51,0,0,0,java.io.IOException,0.00,0,1,1,0,0,1,0,1,16,1
"org.apache.lucene.store.LockReleaseFailedException",1,0.00,1.00,3,0.02,106.02,1,0,1,1,5,119.38,5,5,5,2,137.25,0.00,0.50,0.00,0,1.00,1,45.51,0,0,0,java.io.IOException,0.00,0,1,1,0,0,1,0,1,16,1
"org.apache.lucene.store.LockStressTest",1,0.00,11.00,36,0.74,45735.51,1,0,2,17,5,27.59,8,64,0,1,75.70,0.00,0.00,0.00,0,1.00,11,2208.03,0,0,5,java.lang.Object,0.00,16,0,11,0,16,1,0,1,331,1
"org.apache.lucene.store.LockVerifyServer",2,0.00,4.50,36,0.57,33684.68,2,0,5,18,0,72.67,10,47,0,1,90.55,0.00,0.00,0.00,1,2.00,8,1721.18,0,1,0,java.lang.Object,0.00,16,0,9,0,16,1,0,2,290,1
"org.apache.lucene.store.MMapDirectory",8,0.11,1.62,43,0.47,12035.30,12,4,13,20,8,82.23,99,66,5,3,119.79,0.00,0.67,0.16,0,30.00,3,1418.06,2,0,4,org.apache.lucene.store.FSDirectory,0.00,12,2,13,0,12,8,0,13,312,1
"org.apache.lucene.store.MMapDirectory$MMapIndexInput",11,0.03,1.64,44,0.48,10637.15,14,3,13,23,2,124.92,1,79,0,3,124.92,0.00,0.67,0.36,0,0.00,2,1445.27,1,1,2,org.apache.lucene.store.IndexInput,1.00,12,2,18,0,12,10,0,1,335,1
"org.apache.lucene.store.MMapDirectory$MultiMMapIndexInput",11,0.14,2.64,98,1.22,71838.42,18,7,13,29,2,107.05,6,142,0,3,107.05,0.00,0.67,0.27,2,0.00,6,3673.26,4,1,2,org.apache.lucene.store.IndexInput,1.00,18,2,29,0,18,10,0,6,723,1
"org.apache.lucene.store.MMapDirectory$PrivilegedExceptionAction<Object>",1,0.00,2.00,8,0.10,2648.16,1,0,13,7,0,110.20,0,12,0,1,110.20,0.00,0.00,0.00,0,1.00,2,292.28,0,1,0,java.lang.Object,0.00,6,0,2,0,6,0,0,0,65,0
"org.apache.lucene.store.MockDirectoryWrapper",44,0.03,2.05,254,3.30,146103.53,62,18,16,117,58,167.03,72,352,49,2,117.03,3.00,0.20,0.09,6,574.00,8,9914.09,0,5,11,org.apache.lucene.store.Directory,0.19,73,1,90,3,73,39,0,38,1948,1
"org.apache.lucene.store.MockDirectoryWrapper$Failure",4,0.67,1.00,9,0.05,354.80,5,1,16,4,1,144.67,16,11,0,1,144.43,0.00,0.00,0.50,0,4.00,1,141.29,0,1,1,java.lang.Object,0.00,0,0,4,0,0,3,0,2,45,2
"org.apache.lucene.store.MockIndexInputWrapper",15,0.07,1.20,51,0.58,15035.04,19,4,2,36,4,169.41,40,86,2,3,129.53,0.00,0.67,0.32,0,0.00,4,1727.86,0,3,3,org.apache.lucene.store.IndexInput,1.26,21,2,18,0,21,12,0,11,409,1
"org.apache.lucene.store.MockIndexOutputWrapper",10,0.13,2.20,70,0.97,62552.21,15,5,2,32,3,159.40,17,102,1,3,109.40,0.00,0.67,0.32,1,0.00,11,2900.24,0,0,3,org.apache.lucene.store.IndexOutput,1.04,22,2,22,0,22,10,0,12,552,1
"org.apache.lucene.store.NIOFSDirectory",3,0.00,1.00,9,0.10,1162.56,3,0,6,5,5,103.44,39,14,3,3,132.82,0.00,0.67,0.00,0,3.00,1,288.68,2,0,3,org.apache.lucene.store.FSDirectory,0.00,2,2,3,0,2,3,0,5,74,1
"org.apache.lucene.store.NIOFSDirectory$NIOFSIndexInput",4,0.25,3.00,54,0.64,53637.94,8,4,6,16,0,117.31,13,76,0,2,96.69,0.00,0.50,0.44,0,0.00,8,1915.10,1,0,0,SimpleFSDirectory.SimpleFSIndexInput,0.00,12,1,12,0,12,4,0,13,351,2
"org.apache.lucene.store.NativeFSLock",6,0.30,4.17,82,0.86,49000.87,12,6,6,25,3,50.21,53,135,1,2,98.31,0.00,0.50,0.42,3,0.00,13,2569.58,0,1,2,org.apache.lucene.store.Lock,0.60,19,1,25,0,19,5,0,35,489,0
"org.apache.lucene.store.NativeFSLockFactory",5,0.00,1.60,16,0.17,3732.97,5,0,6,10,7,86.34,58,27,4,3,130.47,0.00,0.67,0.00,1,7.00,3,520.24,1,1,3,org.apache.lucene.store.FSLockFactory,0.00,5,2,8,0,5,4,0,14,125,1
"org.apache.lucene.store.NativePosixUtil",6,6.00,1.17,18,0.25,4279.56,12,6,3,7,2,130.70,0,22,2,1,130.70,0.00,0.00,0.00,1,6.00,2,742.94,0,1,0,java.lang.Object,0.00,1,0,7,0,1,5,0,0,179,2
"org.apache.lucene.store.NoLock",4,0.00,1.00,8,0.05,547.10,4,0,1,4,2,142.95,0,17,1,2,142.95,0.00,0.50,0.00,0,4.00,1,153.76,0,1,1,org.apache.lucene.store.Lock,0.75,0,1,4,0,0,3,0,0,48,0
"org.apache.lucene.store.NoLockFactory",4,0.33,1.00,9,0.07,1149.42,6,2,1,6,8,180.30,8,14,5,2,140.41,0.00,0.50,0.25,0,8.00,1,216.41,0,2,3,org.apache.lucene.store.LockFactory,0.00,2,1,4,0,2,2,0,2,62,1
"org.apache.lucene.store.NoSuchDirectoryException",1,0.00,1.00,3,0.02,106.02,1,0,1,1,5,137.49,4,5,5,2,137.25,0.00,0.50,0.00,0,1.00,1,45.51,0,0,0,java.io.FileNotFoundException,0.00,0,1,1,0,0,1,0,1,16,1
"org.apache.lucene.store.RAMDirectory",15,0.11,1.73,83,0.90,25834.65,17,2,10,42,48,139.93,53,118,41,2,119.32,1.00,0.33,0.40,1,0.00,3,2704.34,2,3,8,org.apache.lucene.store.Directory,0.12,27,1,26,1,27,12,0,19,580,1
"org.apache.lucene.store.RAMFile",11,0.06,1.09,33,0.27,5820.64,16,5,1,16,5,181.73,11,45,5,1,131.73,0.00,0.00,0.15,1,49.00,2,820.24,0,0,1,java.lang.Object,0.00,5,0,12,2,5,11,0,6,206,1
"org.apache.lucene.store.RAMInputStream",9,0.38,2.44,66,0.79,37686.45,17,8,1,14,7,110.75,6,94,3,3,110.75,0.00,0.67,0.46,1,0.00,4,2359.64,0,0,4,org.apache.lucene.store.IndexInput,0.72,5,2,22,0,5,9,1,6,472,0
"org.apache.lucene.store.RAMOutputStream",15,0.31,1.87,91,0.92,35269.03,22,7,1,25,8,115.28,14,126,5,3,115.28,0.00,0.67,0.43,3,0.00,4,2755.33,0,0,3,org.apache.lucene.store.IndexOutput,0.77,10,2,28,0,10,15,0,10,586,1
"org.apache.lucene.store.SimpleFSDirectory",3,0.00,1.00,9,0.09,1082.28,3,0,3,5,8,100.84,19,13,6,3,133.06,0.00,0.67,0.00,0,4.00,1,273.70,1,1,3,org.apache.lucene.store.FSDirectory,0.00,2,2,3,0,2,2,0,4,71,1
"org.apache.lucene.store.SimpleFSDirectory$SimpleFSIndexInput",8,0.05,1.62,46,0.52,30825.94,11,3,3,18,2,166.58,10,72,0,4,116.58,0.00,0.75,0.29,0,0.00,5,1570.91,2,1,2,org.apache.lucene.store.BufferedIndexInput,0.43,10,3,13,0,10,7,0,8,326,2
"org.apache.lucene.store.SimpleFSDirectory$SimpleFSIndexInput$Descriptor",2,0.33,1.50,12,0.09,1358.75,5,3,3,2,0,169.58,2,17,0,2,119.58,0.00,0.50,0.50,0,0.00,2,273.95,1,0,0,java.io.RandomAccessFile,0.00,0,1,3,0,0,2,0,2,69,2
"org.apache.lucene.store.SimpleFSLock",5,0.12,1.80,18,0.22,5633.91,7,2,2,14,3,129.03,1,33,1,2,129.03,0.00,0.50,0.60,0,0.00,4,651.51,0,1,2,org.apache.lucene.store.Lock,0.67,9,1,9,0,9,4,0,1,155,0
"org.apache.lucene.store.SimpleFSLockFactory",5,0.00,1.80,18,0.20,5735.12,5,0,2,10,6,78.97,45,30,3,3,128.97,0.00,0.67,0.00,0,7.00,4,594.31,1,1,3,org.apache.lucene.store.FSLockFactory,0.00,5,2,9,0,5,4,0,4,139,1
"org.apache.lucene.store.SingleInstanceLock",5,0.25,1.00,17,0.15,2520.69,7,2,2,8,2,131.92,0,30,1,2,131.92,0.00,0.50,0.70,0,0.00,1,445.66,1,1,1,org.apache.lucene.store.Lock,0.67,3,1,5,0,3,4,0,0,117,0
"org.apache.lucene.store.SingleInstanceLockFactory",2,0.00,1.50,8,0.09,1813.75,3,1,2,6,7,92.94,13,15,4,2,125.16,0.00,0.50,1.00,0,0.00,2,273.82,0,0,3,org.apache.lucene.store.LockFactory,0.00,4,1,3,0,4,2,0,4,68,1
"org.apache.lucene.store.TestBufferedIndexInput",9,0.31,2.78,143,1.86,98608.64,11,2,24,54,14,115.70,35,165,0,2,95.08,0.00,0.50,0.22,5,18.00,7,5581.93,0,0,14,org.apache.lucene.util.LuceneTestCase,0.00,45,1,25,0,45,9,0,35,1009,1
"org.apache.lucene.store.TestBufferedIndexInput$MockFSDirectory",13,0.03,1.08,39,0.47,8820.87,16,3,24,30,6,130.89,4,74,0,2,130.89,0.00,0.50,0.36,1,0.00,2,1421.35,0,4,6,org.apache.lucene.store.Directory,0.12,17,1,14,0,17,9,0,4,337,2
"org.apache.lucene.store.TestBufferedIndexInput$MyBufferedIndexInput",6,0.50,1.17,19,0.16,3287.11,8,2,24,6,1,131.60,1,27,0,4,131.60,0.00,0.75,0.08,0,10.00,2,481.59,0,0,1,org.apache.lucene.store.BufferedIndexInput,0.36,0,3,7,0,0,6,0,1,125,2
"org.apache.lucene.store.TestCopyBytes",2,0.00,5.50,60,0.85,89852.51,2,0,3,21,4,128.87,3,67,0,2,78.87,0.00,0.50,0.00,1,2.00,10,2535.44,0,0,4,org.apache.lucene.util.LuceneTestCase,0.00,19,1,11,0,19,2,0,3,416,1
"org.apache.lucene.store.TestDirectory",8,0.00,2.25,108,1.33,83082.85,8,0,5,43,12,147.63,14,121,0,2,97.63,0.00,0.50,0.00,1,8.00,8,4000.86,0,0,12,org.apache.lucene.util.LuceneTestCase,0.00,35,1,18,0,35,8,0,14,724,1
"org.apache.lucene.store.TestFileSwitchDirectory",1,0.00,4.00,40,0.57,28175.05,1,0,10,27,9,27.77,8,40,0,2,75.88,0.00,0.50,0.00,0,1.00,4,1695.75,0,0,9,org.apache.lucene.util.LuceneTestCase,0.00,26,1,4,0,26,1,0,5,285,1
"org.apache.lucene.store.TestHugeRamFile",1,1.00,8.00,57,0.71,80764.32,2,1,3,12,2,18.28,8,48,0,2,66.38,0.00,0.50,0.00,0,1.00,8,2134.25,0,0,2,org.apache.lucene.util.LuceneTestCase,0.00,11,1,8,0,11,1,0,7,368,1
"org.apache.lucene.store.TestHugeRamFile$DenseRAMFile",1,0.00,3.00,12,0.16,6226.52,3,2,3,4,1,121.23,3,17,0,2,100.61,0.00,0.50,1.00,0,0.00,3,471.85,0,0,1,org.apache.lucene.store.RAMFile,0.17,3,1,3,0,3,1,0,3,101,2
"org.apache.lucene.store.TestLock",1,0.00,2.00,9,0.08,1329.35,1,0,2,5,1,110.65,0,13,0,2,110.65,0.00,0.50,0.00,0,1.00,2,247.01,0,0,1,org.apache.lucene.util.LuceneTestCase,0.00,4,1,2,0,4,1,0,0,57,1
"org.apache.lucene.store.TestLock$LockMock",3,1.00,1.00,8,0.05,517.34,4,1,2,3,1,142.16,1,15,0,2,142.16,0.00,0.50,0.33,0,4.00,1,145.73,0,0,1,org.apache.lucene.store.Lock,0.86,0,1,3,0,0,3,0,1,44,1
"org.apache.lucene.store.TestLockFactory",12,0.00,1.75,125,1.66,47272.93,12,0,17,57,20,145.14,33,151,0,2,105.26,0.00,0.50,0.00,1,12.00,3,4987.72,0,0,20,org.apache.lucene.util.LuceneTestCase,0.00,45,1,21,0,45,12,0,33,965,1
"org.apache.lucene.store.TestLockFactory$MockLockFactory",4,0.11,1.00,18,0.22,3957.07,7,3,17,12,4,124.95,0,26,0,2,124.95,0.00,0.50,0.25,0,8.00,1,647.92,1,1,4,org.apache.lucene.store.LockFactory,0.00,8,1,4,0,8,3,0,0,147,1
"org.apache.lucene.store.TestLockFactory$MockLockFactory$MockLock",3,1.00,1.00,8,0.05,494.89,4,1,17,3,1,142.31,1,15,0,2,142.31,0.00,0.50,0.33,0,4.00,1,144.06,0,0,1,org.apache.lucene.store.Lock,0.86,0,1,3,0,0,3,0,1,44,1
"org.apache.lucene.store.TestLockFactory$SearcherThread",2,0.00,3.00,32,0.36,15195.26,5,3,17,10,5,95.27,1,40,0,2,95.27,0.00,0.50,0.33,0,2.00,5,1089.29,0,0,5,org.apache.lucene.index.Thread,0.00,8,1,6,0,8,2,0,1,207,1
"org.apache.lucene.store.TestLockFactory$WriterThread",2,0.00,4.50,38,0.47,32043.69,5,3,17,12,4,110.46,6,49,0,2,89.84,0.00,0.50,0.33,0,2.00,8,1423.60,0,0,4,org.apache.lucene.index.Thread,0.00,10,1,9,0,10,2,0,6,259,1
"org.apache.lucene.store.TestMultiMMap",3,0.50,2.33,44,0.61,23582.50,4,1,9,28,7,137.26,8,43,0,2,97.38,0.00,0.50,0.67,0,1.00,4,1837.80,1,0,7,org.apache.lucene.util.LuceneTestCase,0.00,25,1,7,0,25,3,0,2,317,1
"org.apache.lucene.store.TestRAMDirectory",7,0.00,2.00,99,1.22,38737.87,11,4,15,48,14,138.50,16,98,0,2,98.61,0.00,0.50,0.25,1,3.00,4,3647.44,2,0,14,org.apache.lucene.util.LuceneTestCase,0.00,41,1,14,0,41,7,0,13,695,1
"org.apache.lucene.store.TestRAMDirectory$Thread",1,0.00,3.00,11,0.14,4670.96,1,0,15,8,2,103.01,0,13,0,1,103.01,0.00,0.00,0.00,0,0.00,3,428.60,0,0,2,java.lang.Object,0.00,7,0,3,0,7,1,0,0,82,0
"org.apache.lucene.store.TestWindowsMMap",5,0.38,2.00,52,0.58,16161.74,7,2,9,28,7,155.90,6,57,0,2,105.90,0.00,0.50,0.20,3,11.00,3,1753.30,1,2,7,org.apache.lucene.util.LuceneTestCase,0.00,23,1,10,0,23,3,0,6,345,1
"org.apache.lucene.store.VerifyingLockFactory",3,0.12,1.00,15,0.15,2461.31,7,4,4,6,3,79.69,21,22,1,2,121.98,0.00,0.50,0.17,0,1.00,1,435.22,0,1,2,org.apache.lucene.store.LockFactory,0.00,3,1,3,0,3,2,0,2,107,1
"org.apache.lucene.store.VerifyingLockFactory$CheckedLock",6,0.40,1.67,29,0.32,7709.26,7,1,4,18,2,123.94,0,47,0,2,123.94,0.00,0.50,0.67,2,2.00,3,952.89,0,0,2,org.apache.lucene.store.Lock,0.80,12,1,10,0,12,6,0,0,211,1
"org.apache.lucene.store.WindowsDirectory",7,1.00,1.00,16,0.19,2392.75,8,1,2,10,4,140.05,34,22,1,3,139.82,0.00,0.67,0.14,0,12.00,1,562.96,2,1,3,org.apache.lucene.store.FSDirectory,0.00,3,2,7,0,3,6,0,8,145,1
"org.apache.lucene.store.WindowsDirectory$WindowsIndexInput",6,0.10,1.33,23,0.25,4940.11,10,4,2,12,2,130.18,1,37,0,4,130.18,0.00,0.75,0.33,0,6.00,2,749.29,1,1,2,org.apache.lucene.store.BufferedIndexInput,0.45,6,3,8,0,6,5,0,1,179,2
"org.apache.lucene.store._TestHelper",3,0.00,1.67,14,0.10,1978.43,3,0,2,4,2,108.35,16,22,1,1,126.22,0.00,0.00,0.00,1,3.00,2,314.30,0,0,1,java.lang.Object,0.00,1,0,5,0,1,3,0,4,78,1
"org.apache.solr.handler.admin.AdminHandlers",11,1.00,1.73,45,0.59,29091.95,12,1,9,30,14,171.47,11,76,0,1,121.47,0.00,0.00,0.09,0,20.00,9,1782.06,0,7,14,java.lang.Object,0.00,19,0,19,0,19,4,2,4,348,1
"org.apache.solr.handler.admin.AdminHandlers$StandardHandler",1,2.00,1.00,6,0.04,469.78,3,2,9,1,1,120.93,0,9,0,1,120.93,0.00,0.00,0.00,0,1.00,1,128.04,0,0,1,java.lang.Object,0.00,0,0,1,0,0,1,0,0,35,2
"org.apache.solr.handler.admin.CoreAdminHandler",21,0.60,2.81,218,3.15,135094.44,22,1,25,79,22,85.60,111,301,1,2,103.47,0.00,0.50,0.43,10,48.00,16,9440.82,0,7,22,org.apache.solr.handler.RequestHandlerBase,0.24,58,1,59,0,58,14,0,24,1699,1
"org.apache.solr.handler.admin.LukeRequestHandler",15,0.13,6.00,287,6.35,479075.19,20,5,48,167,38,108.03,57,359,4,2,87.42,0.00,0.50,0.08,2,50.00,15,19044.86,0,13,34,org.apache.solr.handler.RequestHandlerBase,0.37,152,1,90,0,152,2,0,32,3184,1
"org.apache.solr.handler.admin.LukeRequestHandler$TermHistogram",3,0.00,2.33,25,0.27,9530.49,5,2,48,10,1,109.54,1,35,0,1,109.54,0.00,0.00,0.50,1,1.00,3,820.99,0,1,1,java.lang.Object,0.00,7,0,7,0,7,2,0,1,177,1
"org.apache.solr.handler.admin.LukeRequestHandler$TopTermQueue",4,0.33,4.00,53,0.84,50768.98,7,3,48,32,11,136.70,10,74,0,2,96.81,0.00,0.50,0.08,0,6.00,10,2510.00,2,2,11,org.apache.lucene.util.PriorityQueue,0.00,28,1,16,0,28,2,0,8,452,2
"org.apache.solr.handler.admin.LukeRequestHandler$TopTermQueue$TermInfo",1,0.00,1.00,6,0.03,215.85,3,2,48,1,1,123.59,0,8,0,1,123.59,0.00,0.00,1.00,0,0.00,1,93.10,0,0,1,java.lang.Object,0.00,0,0,1,0,0,1,0,0,28,1
"org.apache.solr.handler.admin.LukeRequestHandlerTest",5,0.00,1.00,26,0.35,8613.94,5,0,1,7,1,169.44,5,61,0,3,119.44,0.00,0.67,0.00,2,5.00,1,1046.24,5,2,1,org.apache.solr.util.AbstractSolrTestCase,0.17,2,2,5,0,2,3,0,3,219,1
"org.apache.solr.handler.admin.PluginInfoHandler",6,0.00,2.83,43,0.78,51651.85,6,0,10,28,8,158.25,11,61,1,2,108.25,0.00,0.50,0.00,0,6.00,12,2352.75,0,5,7,org.apache.solr.handler.RequestHandlerBase,0.44,22,1,17,0,22,1,0,2,417,1
"org.apache.solr.handler.admin.PropertiesRequestHandler",5,0.00,1.20,20,0.21,5939.34,5,0,6,13,6,174.29,5,35,1,2,124.29,0.00,0.50,0.00,0,5.00,2,624.68,0,4,5,org.apache.solr.handler.RequestHandlerBase,0.47,8,1,6,0,8,1,0,2,137,1
"org.apache.solr.handler.admin.ShowFileRequestHandler",9,0.06,3.11,85,1.44,98962.95,13,4,22,56,14,71.10,55,130,3,2,103.32,0.00,0.50,0.19,0,28.00,13,4331.72,1,6,12,org.apache.solr.handler.RequestHandlerBase,0.38,47,1,28,0,47,3,0,17,721,1
"org.apache.solr.handler.admin.SolrInfoMBeanHandler",6,0.00,2.67,48,0.89,57572.97,6,0,10,36,8,155.73,9,62,1,2,105.73,0.00,0.50,0.00,1,6.00,8,2670.09,0,5,7,org.apache.solr.handler.RequestHandlerBase,0.44,30,1,16,0,30,1,0,3,454,1
"org.apache.solr.handler.admin.SystemInfoHandler",13,0.12,1.85,131,2.20,107186.04,18,5,23,69,10,102.95,57,176,2,2,102.72,0.00,0.50,0.09,1,53.00,4,6587.72,0,10,8,org.apache.solr.handler.RequestHandlerBase,0.32,56,1,24,0,56,3,0,30,1203,1
"org.apache.solr.handler.admin.SystemInfoHandlerTest",1,0.00,1.00,12,0.18,5608.05,1,0,4,10,2,121.84,3,14,0,2,101.22,0.00,0.50,0.00,0,1.00,1,525.83,0,0,2,org.apache.lucene.util.LuceneTestCase,0.00,9,1,1,0,9,1,0,3,110,1
"org.apache.solr.handler.admin.ThreadDumpHandler",7,0.00,2.29,63,1.01,59464.68,7,0,9,34,6,144.16,17,85,1,2,104.27,0.00,0.50,0.00,0,7.00,7,3028.45,0,6,5,org.apache.solr.handler.RequestHandlerBase,0.42,27,1,16,0,27,1,0,8,539,1
"org.apache.solr.common.cloud.CloudState",10,0.11,1.70,65,0.98,51570.95,13,3,10,36,11,162.62,10,88,8,1,112.62,0.00,0.00,0.23,2,22.00,5,2950.84,0,8,4,java.lang.Object,0.00,26,0,17,0,26,2,0,3,579,1
"org.apache.solr.common.cloud.ConnectionManager",7,0.15,2.29,62,0.72,21617.24,17,10,8,22,4,109.64,2,82,2,1,109.64,0.00,0.00,0.23,1,0.00,6,2155.10,0,1,3,java.lang.Object,0.00,15,0,16,0,15,6,1,2,427,0
"org.apache.solr.common.cloud.ConnectionManager$ZkClientConnectionStrategy.ZkUpdate",1,0.00,2.00,7,0.08,1300.68,1,0,8,2,3,114.79,0,10,0,1,114.79,0.00,0.00,0.00,0,0.00,2,236.32,0,0,3,java.lang.Object,0.00,1,0,2,0,1,1,0,0,51,0
"org.apache.solr.common.cloud.DefaultConnectionStrategy",2,0.00,1.00,10,0.16,2433.14,4,2,8,9,3,170.63,3,15,1,2,120.63,0.00,0.50,0.50,0,2.00,1,471.38,0,0,2,org.apache.solr.common.cloud.ZkClientConnectionStrategy,0.00,7,1,2,0,7,2,0,1,101,1
"org.apache.solr.common.cloud.DefaultConnectionStrategy$Runnable",1,0.00,4.00,17,0.17,4553.73,2,1,8,3,1,95.97,0,22,0,1,95.97,0.00,0.00,1.00,0,0.00,4,524.91,0,0,1,java.lang.Object,0.00,2,0,4,0,2,1,0,0,101,0
"org.apache.solr.common.cloud.OnReconnect",1,0.00,1.00,2,0.01,29.41,1,0,0,1,4,147.73,16,3,4,1,148.21,0.00,0.00,0.00,0,1.00,1,19.61,0,0,0,,0.00,0,0,1,0,0,1,0,1,9,1
"org.apache.solr.common.cloud.Slice",3,0.25,1.00,10,0.09,1361.94,5,2,2,4,7,132.28,1,14,6,1,132.28,0.00,0.00,0.33,0,5.00,1,256.42,0,2,1,java.lang.Object,0.00,1,0,3,0,1,1,0,1,68,1
"org.apache.solr.common.cloud.SolrZkClient",27,0.08,1.63,121,1.87,78661.72,32,5,17,62,15,78.86,212,185,10,1,121.15,0.00,0.00,0.13,7,159.00,8,5613.07,0,6,6,java.lang.Object,0.00,35,0,44,0,35,21,0,29,1123,1
"org.apache.solr.common.cloud.SolrZkClient$ZkUpdate",1,0.00,3.00,10,0.11,3035.41,1,0,17,5,2,156.02,1,16,0,1,106.02,0.00,0.00,0.00,0,0.00,3,333.60,0,0,2,java.lang.Object,0.00,4,0,3,0,4,1,0,1,68,0
"org.apache.solr.common.cloud.SolrZooKeeper",2,0.00,1.00,5,0.04,319.46,2,0,4,2,6,142.42,0,9,6,2,142.42,0.00,0.50,0.00,0,2.00,1,108.04,0,1,0,org.apache.zookeeper.ZooKeeper,0.00,0,1,2,0,0,1,0,0,32,1
"org.apache.solr.common.cloud.ZkClientConnectionStrategy",2,0.00,1.00,4,0.06,452.50,2,0,3,2,3,191.23,3,5,3,1,141.23,0.00,0.00,0.00,0,2.00,1,181.00,0,0,0,java.lang.Object,0.00,0,0,2,1,0,2,0,1,47,2
"org.apache.solr.common.cloud.ZkClientConnectionStrategy$ZkUpdate",1,0.00,1.00,2,0.02,146.32,1,0,3,1,1,142.72,0,3,0,1,142.72,0.00,0.00,0.00,0,1.00,1,58.53,0,0,1,java.lang.Object,0.00,0,0,1,0,0,1,0,0,18,3
"org.apache.solr.common.cloud.ZkNodeProps",3,1.00,2.00,25,0.37,12413.59,4,1,4,16,9,108.67,0,30,9,2,108.67,0.00,0.50,0.00,0,3.00,2,1109.27,0,1,0,java.util.HashMap,0.00,13,1,6,0,13,2,0,0,224,1
"org.apache.solr.common.cloud.ZkStateReader",12,0.08,2.33,99,1.29,47720.56,24,12,18,40,13,158.77,16,132,8,1,108.77,0.00,0.00,0.15,3,8.00,7,3879.09,0,1,6,java.lang.Object,0.00,28,0,28,0,28,11,0,11,727,1
"org.apache.solr.common.cloud.ZkStateReader$OnReconnect",1,0.00,4.00,13,0.16,4752.06,1,0,18,7,1,140.06,2,21,0,1,100.17,0.00,0.00,0.00,0,0.00,4,488.88,0,0,1,java.lang.Object,0.00,6,0,4,0,6,1,0,2,102,0
"org.apache.solr.common.cloud.ZkStateReader$Runnable",1,0.00,5.00,19,0.30,14584.65,1,0,18,7,3,130.03,2,30,0,1,90.14,0.00,0.00,0.00,0,0.00,5,900.74,0,0,3,java.lang.Object,0.00,6,0,5,0,6,1,0,2,163,0
"org.apache.solr.common.cloud.ZkStateReader$Watcher",1,0.00,5.00,16,0.25,11438.59,1,0,18,7,1,143.75,1,25,0,1,93.75,0.00,0.00,0.00,0,0.00,5,761.40,0,0,1,java.lang.Object,0.00,6,0,5,0,6,1,0,1,142,0
"org.apache.solr.common.cloud.ZkStateReader$Watcher_0",1,0.00,5.00,15,0.25,10885.16,1,0,18,6,1,144.97,1,24,0,1,94.97,0.00,0.00,0.00,0,0.00,5,760.38,0,0,1,java.lang.Object,0.00,5,0,5,0,5,1,0,1,141,0
"org.apache.solr.common.cloud.ZkStateReader$Watcher_1",1,0.00,6.00,20,0.31,14767.12,1,0,18,9,1,129.11,2,30,0,1,89.22,0.00,0.00,0.00,0,0.00,6,930.20,0,0,1,java.lang.Object,0.00,8,0,6,0,8,1,0,2,165,0
"org.apache.solr.common.cloud.ZkStateReader$Watcher_2",1,0.00,6.00,20,0.31,13381.42,1,0,18,9,2,139.56,1,30,0,1,89.56,0.00,0.00,0.00,0,0.00,6,935.92,0,0,2,java.lang.Object,0.00,8,0,6,0,8,1,0,1,166,0
"org.apache.solr.common.cloud.ZkStateReader$ZKTF",1,0.00,1.00,6,0.06,1245.76,2,1,18,4,0,117.60,0,9,0,1,117.60,0.00,0.00,1.00,0,0.00,1,185.29,0,1,0,java.lang.Object,0.00,3,0,1,0,3,0,1,0,46,2
"org.apache.solr.common.cloud.ZooKeeperException",2,0.00,1.00,5,0.04,303.92,2,0,1,2,15,142.59,0,8,14,3,142.59,0.00,0.67,0.00,0,2.00,1,116.05,0,0,1,org.apache.solr.common.SolrException,0.00,0,2,2,0,0,2,0,0,35,1
"org.apache.solr.servlet.cache.HttpCacheHeaderUtil",10,1.00,3.00,91,1.39,53339.39,11,1,18,48,9,55.80,97,148,2,1,105.80,0.00,0.00,0.10,4,18.00,4,4177.92,0,1,7,java.lang.Object,0.00,38,0,30,0,38,9,0,35,798,2
"org.apache.solr.servlet.cache.HttpCacheHeaderUtil$EtagCacheVal",2,0.33,2.00,13,0.16,4336.07,5,3,18,8,0,115.54,1,23,0,1,115.54,0.00,0.00,0.50,0,2.00,3,471.81,0,1,0,java.lang.Object,0.00,6,0,4,0,6,1,0,1,103,2
"org.apache.solr.servlet.cache.Method",1,0.00,2.00,6,0.05,769.59,1,0,1,3,2,119.09,0,10,2,1,119.09,0.00,0.00,0.00,0,1.00,2,162.51,0,1,0,java.lang.Object,0.00,2,0,2,0,2,0,0,0,40,1
