Name, No. Methods, LCOM, AVCC, NOS, HBUG, HEFF, UWCS, INST, PACK, RFC, CBO, MI, CCML, NLOC, F-IN, DIT, MINC, S-R, R-R, COH, LMC, LCOM2, MAXCC, HVOL, HIER, NQU, FOUT, Superclass, SIX, EXT, NSUP, TCC, NSUB, MPC, NCO, INTR, CCOM, HLTH, MOD
"org.apache.solr.common.util.Base64",3,0.25,4.67,71,1.86,200994.00,5,2,0,9,3,33.37,30,95,3,1,81.85,0.00,0.00,0.33,1,5.00,8,5577.01,0,1,0,java.lang.Object,0.00,6,0,14,0,6,2,0,11,904,1
"org.apache.solr.common.util.ContentStream",6,0.00,1.00,7,0.02,93.53,6,0,3,6,58,129.39,40,8,58,1,161.61,0.00,0.00,0.00,0,6.00,1,73.02,0,6,0,,0.00,0,0,6,0,0,0,0,5,33,1
"org.apache.solr.common.util.ContentStreamBase",10,0.11,1.30,34,0.31,6551.97,15,5,12,17,37,170.85,29,54,36,1,130.96,0.00,0.00,0.10,2,50.00,3,940.86,0,6,1,java.lang.Object,0.00,7,0,13,6,7,4,1,12,228,2
"org.apache.solr.common.util.ContentStreamBase$FileStream",3,0.00,1.33,13,0.14,2306.12,4,1,12,10,1,175.75,5,21,0,2,125.75,0.00,0.50,1.00,1,0.00,2,426.79,1,2,1,org.apache.solr.common.util.ContentStreamBase,0.15,7,1,4,0,7,1,0,2,100,2
"org.apache.solr.common.util.ContentStreamBase$StringStream",3,0.50,1.33,13,0.14,2292.06,4,1,12,9,1,175.77,4,21,0,2,125.77,0.00,0.50,0.67,1,0.00,2,415.34,1,2,1,org.apache.solr.common.util.ContentStreamBase,0.15,6,1,4,0,6,1,0,1,98,2
"org.apache.solr.common.util.ContentStreamBase$URLStream",2,0.00,1.00,12,0.12,1895.26,4,2,12,8,1,118.53,0,16,0,2,118.53,0.00,0.50,0.50,0,0.00,1,358.14,0,1,1,org.apache.solr.common.util.ContentStreamBase,0.00,6,1,2,0,6,1,0,0,84,2
"org.apache.solr.common.util.ContentStreamTest",3,0.00,2.00,42,0.69,26954.15,3,0,15,37,2,146.95,4,60,0,2,96.95,0.00,0.50,0.00,0,3.00,4,2057.83,0,0,2,org.apache.lucene.util.LuceneTestCase,0.00,34,1,6,0,34,3,0,3,374,1
"org.apache.solr.common.util.DOMUtil",18,0.00,3.67,179,2.67,161306.44,18,0,5,57,19,71.76,113,231,16,1,103.98,0.00,0.00,0.00,9,18.00,14,7999.84,0,11,3,java.lang.Object,0.00,39,0,66,0,39,7,0,55,1489,1
"org.apache.solr.common.util.DOMUtilTest",2,0.00,1.00,31,0.52,20853.62,2,0,1,14,4,95.49,0,34,0,3,95.49,0.00,0.67,0.00,1,2.00,1,1553.08,1,0,4,org.apache.solr.util.DOMUtilTestBase,0.00,12,2,2,0,12,2,0,0,280,1
"org.apache.solr.common.util.DateUtil",5,0.00,5.20,94,1.47,117524.67,14,9,12,32,15,59.99,65,123,15,1,89.37,0.00,0.00,0.11,2,14.00,14,4402.32,0,5,0,java.lang.Object,0.00,27,0,26,0,27,0,0,27,798,1
"org.apache.solr.common.util.DateUtil$ThreadLocalDateFormat",2,0.00,1.00,9,0.08,1070.68,3,1,12,5,0,127.05,1,13,0,2,127.05,0.00,0.50,1.00,0,0.00,1,225.58,0,1,0,java.lang.ThreadLocal,0.00,3,1,2,0,3,1,0,1,59,2
"org.apache.solr.common.util.FastInputStream",24,0.03,1.83,101,1.24,59556.67,28,4,1,35,13,121.67,10,150,13,2,121.67,1.00,0.33,0.22,8,134.00,8,3709.02,0,3,0,java.io.InputStream,0.00,11,1,44,1,11,21,1,8,838,1
"org.apache.solr.common.util.FastOutputStream",23,0.01,1.43,102,1.18,43768.86,27,4,1,32,8,122.63,20,130,8,2,122.63,0.00,0.50,0.24,6,100.00,4,3547.19,0,1,0,java.io.OutputStream,0.00,9,1,33,0,9,22,1,13,801,1
"org.apache.solr.common.util.FastWriter",11,0.28,1.64,64,0.74,38840.22,15,4,2,17,6,166.87,11,86,6,2,116.87,1.00,0.33,0.50,2,0.00,3,2217.34,0,2,0,java.io.Writer,0.00,6,1,18,1,6,9,0,9,488,1
"org.apache.solr.common.util.FileUtils",3,0.00,5.00,34,0.46,25986.89,3,0,2,20,7,58.48,21,49,7,1,100.78,0.00,0.00,0.00,0,3.00,8,1392.62,0,1,0,java.lang.Object,0.00,17,0,15,0,17,2,0,5,266,1
"org.apache.solr.common.util.FileUtilsTest",1,0.00,1.00,6,0.12,3345.66,1,0,3,5,1,114.22,0,8,0,2,114.22,0.00,0.50,0.00,0,1.00,1,363.34,0,0,1,org.apache.lucene.util.LuceneTestCase,0.00,4,1,1,0,4,1,0,0,80,1
"org.apache.solr.common.util.Hash",4,0.00,6.25,164,2.65,608604.00,4,0,0,7,2,119.61,100,123,2,1,69.61,0.00,0.00,0.00,1,4.00,10,7951.67,0,0,0,java.lang.Object,0.00,3,0,25,0,3,4,0,29,1387,1
"org.apache.solr.common.util.IteratorChain",5,0.17,2.20,27,0.26,7860.49,8,3,3,12,2,159.46,12,37,2,1,119.57,0.00,0.00,0.47,1,1.00,4,794.87,0,0,0,java.lang.Object,0.00,7,0,11,0,7,5,1,6,189,1
"org.apache.solr.common.util.IteratorChainTest",9,0.00,1.56,51,0.60,15786.22,9,0,5,24,1,119.28,4,66,0,2,119.28,0.00,0.50,0.00,1,9.00,2,1809.19,0,2,1,org.apache.lucene.util.LuceneTestCase,0.00,15,1,14,0,15,7,0,4,395,1
"org.apache.solr.common.util.JavaBinCodec",44,0.02,3.16,487,6.56,386829.56,80,36,9,122,26,150.83,55,606,18,1,100.83,0.00,0.00,0.05,24,984.00,15,19671.92,0,12,8,java.lang.Object,0.00,78,0,139,1,78,32,0,25,3668,1
"org.apache.solr.common.util.JavaBinCodec$ObjectResolver",1,0.00,1.00,2,0.02,108.48,1,0,9,1,1,143.74,0,3,0,1,143.74,0.00,0.00,0.00,0,1.00,1,48.15,0,1,1,,0.00,0,0,1,0,0,0,0,0,16,2
"org.apache.solr.common.util.NamedList",23,0.45,1.83,115,1.34,44971.04,24,1,2,46,294,86.65,151,142,294,1,118.87,0.00,0.00,0.57,7,0.00,5,4005.43,0,6,0,java.lang.Object,0.00,23,0,42,1,23,17,3,27,891,1
"org.apache.solr.common.util.NamedList$Iterator<Map.Entry<String,T>>",3,0.50,1.00,10,0.10,1724.48,4,1,2,6,0,131.47,0,13,0,1,131.47,0.00,0.00,0.67,0,1.00,1,292.28,0,1,0,java.lang.Object,0.00,3,0,3,0,3,2,0,0,74,0
"org.apache.solr.common.util.NamedList$Iterator<Map.Entry<String,T>>$Map.Entry<String,T>",4,0.00,1.00,9,0.08,909.38,4,0,2,7,0,141.21,0,16,0,1,141.21,0.00,0.00,0.00,1,4.00,1,252.33,0,2,0,java.lang.Object,0.00,3,0,4,0,3,2,0,0,70,0
"org.apache.solr.common.util.NamedList$NamedListEntry",5,0.00,1.00,15,0.10,1595.36,7,2,2,5,0,133.48,0,21,0,1,133.48,0.00,0.00,0.50,0,1.00,1,291.68,0,1,0,java.lang.Object,0.00,0,0,5,0,0,4,1,0,82,3
"org.apache.solr.common.util.NamedListTest",1,0.00,1.00,9,0.10,2422.44,1,0,1,6,1,108.75,0,11,0,2,108.75,0.00,0.50,0.00,0,1.00,1,306.94,0,0,1,org.apache.lucene.util.LuceneTestCase,0.00,5,1,1,0,5,1,0,0,68,1
"org.apache.solr.common.util.RTimer",11,0.22,1.64,73,0.73,21149.44,19,8,3,29,5,155.89,25,90,3,1,116.00,0.00,0.00,0.33,1,11.00,4,2184.60,0,4,2,java.lang.Object,0.00,18,0,18,0,18,7,0,7,473,1
"org.apache.solr.common.util.RegexFileFilter",4,0.33,1.00,10,0.09,948.47,5,1,3,9,2,191.07,4,16,2,1,141.07,0.00,0.00,0.75,0,0.00,1,255.35,0,1,0,java.lang.Object,0.00,5,0,4,0,5,3,1,1,72,2
"org.apache.solr.common.util.SimpleOrderedMap",4,0.00,1.00,12,0.12,2643.95,4,0,1,8,78,98.77,24,18,77,2,130.99,0.00,0.50,0.00,0,6.00,1,370.25,0,1,1,org.apache.solr.common.util.NamedList,0.07,4,1,4,0,4,3,0,3,95,1
"org.apache.solr.common.util.StrUtils",10,1.00,6.80,158,2.11,135511.03,11,1,6,31,36,76.28,57,179,35,1,94.15,0.00,0.00,0.00,0,10.00,15,6333.31,0,6,1,java.lang.Object,0.00,21,0,68,0,21,4,0,16,1164,1
"org.apache.solr.common.util.SystemIdResolver",9,0.03,2.00,55,0.66,24886.31,13,4,16,32,11,154.60,26,77,10,1,114.71,0.00,0.00,0.22,2,18.00,6,1982.54,0,8,1,java.lang.Object,0.00,23,0,18,0,23,1,2,9,402,2
"org.apache.solr.common.util.SystemIdResolver$URIResolver",1,0.00,3.00,6,0.09,3457.00,1,0,16,4,1,113.85,0,9,0,1,113.85,0.00,0.00,0.00,0,1.00,3,273.00,0,1,1,java.lang.Object,0.00,3,0,3,0,3,0,0,0,57,0
"org.apache.solr.common.util.SystemIdResolver$XMLResolver",1,0.00,3.00,6,0.10,4071.25,1,0,16,4,1,113.29,0,9,0,1,113.29,0.00,0.00,0.00,0,1.00,3,295.53,0,1,1,java.lang.Object,0.00,3,0,3,0,3,0,0,0,61,0
"org.apache.solr.common.util.TestFastInputStream",3,0.00,3.00,43,0.82,56042.87,3,0,5,20,3,114.97,10,54,0,2,94.36,0.00,0.50,0.00,2,3.00,4,2453.25,0,0,3,org.apache.lucene.util.LuceneTestCase,0.00,17,1,9,0,17,3,0,5,452,1
"org.apache.solr.common.util.TestHash",3,0.00,2.33,57,0.73,40905.35,3,0,2,12,1,58.32,19,51,0,2,90.55,0.00,0.50,0.00,1,3.00,3,2186.82,0,0,1,org.apache.lucene.util.LuceneTestCase,0.00,9,1,7,0,9,3,0,6,410,1
"org.apache.solr.common.util.TestJavaBinCodec",1,0.00,2.00,13,0.14,3736.82,1,0,4,9,2,101.16,0,13,0,2,101.16,0.00,0.50,0.00,0,1.00,2,421.85,0,0,2,org.apache.lucene.util.LuceneTestCase,0.00,8,1,2,0,8,1,0,0,84,1
"org.apache.solr.common.util.TestNamedListCodec",9,0.50,1.89,165,2.45,97222.75,10,1,11,57,5,92.27,7,182,0,2,92.27,0.00,0.50,0.56,3,4.00,3,7363.65,0,4,5,org.apache.lucene.util.LuceneTestCase,0.00,48,1,17,0,48,5,0,7,1286,1
"org.apache.solr.common.util.TestSystemIdResolver",2,0.00,1.00,24,0.52,16983.72,2,0,7,19,4,139.69,5,33,0,2,99.80,0.00,0.50,0.00,1,2.00,1,1569.10,0,0,4,org.apache.lucene.util.LuceneTestCase,0.00,17,1,2,0,17,2,0,5,277,1
"org.apache.solr.common.util.TestXMLEscaping",8,0.00,1.00,20,0.17,2445.09,8,0,4,12,1,140.20,6,29,0,2,140.20,0.00,0.50,0.00,1,8.00,1,513.43,0,0,1,org.apache.lucene.util.LuceneTestCase,0.00,4,1,8,0,4,8,0,4,135,1
"org.apache.solr.common.util.XML",9,0.38,2.44,113,1.52,87703.49,11,2,3,14,9,81.26,45,125,9,1,99.13,0.00,0.00,0.17,3,26.00,4,4559.83,0,0,0,java.lang.Object,0.00,5,0,22,0,5,9,0,12,883,1
"org.apache.solr.common.util.XMLErrorLogger",8,0.71,1.12,21,0.30,5584.63,9,1,8,21,11,137.35,3,32,11,1,137.35,0.00,0.00,0.38,0,14.00,2,911.38,0,0,0,java.lang.Object,0.00,13,0,9,0,13,8,3,3,214,2
"org.apache.lucene.facet.search.aggregator.association.AssociationFloatSumAggregator",6,0.07,1.33,23,0.28,6328.98,9,3,5,14,6,149.94,22,34,2,1,129.33,0.00,0.00,0.39,0,6.00,2,848.28,0,0,4,java.lang.Object,0.00,8,0,8,0,8,6,1,2,198,1
"org.apache.lucene.facet.search.aggregator.association.AssociationIntSumAggregator",6,0.07,1.33,23,0.27,6099.99,9,3,5,13,6,150.07,22,34,2,1,129.46,0.00,0.00,0.39,0,6.00,2,817.20,0,0,4,java.lang.Object,0.00,7,0,8,0,7,6,1,2,192,1
"org.apache.lucene.index.codecs.pulsing.PulsingCodec",11,0.13,1.18,49,0.58,16089.94,14,3,21,26,28,173.58,16,79,7,2,123.58,0.00,0.50,0.21,0,26.00,2,1741.10,0,5,21,org.apache.lucene.index.codecs.Codec,0.10,15,1,13,0,15,6,0,9,386,1
"org.apache.lucene.index.codecs.pulsing.PulsingPostingsReader",10,0.06,2.90,105,1.47,85732.44,12,2,19,37,20,102.72,48,140,4,2,102.48,0.00,0.50,0.45,2,0.00,8,4424.69,0,5,16,org.apache.lucene.index.codecs.PostingsReaderBase,0.24,27,1,29,0,27,5,0,31,846,1
"org.apache.lucene.index.codecs.pulsing.PulsingPostingsReader$PulsingDocsAndPositionsEnum",11,0.20,2.45,90,0.89,37646.11,22,11,19,23,6,159.27,16,125,0,4,109.27,0.00,0.75,0.27,2,2.00,5,2684.09,0,2,6,org.apache.lucene.index.DocsAndPositionsEnum,1.17,12,3,27,0,12,9,0,16,554,2
"org.apache.lucene.index.codecs.pulsing.PulsingPostingsReader$PulsingDocsEnum",7,0.25,3.14,68,0.71,43161.77,15,8,19,15,5,155.30,12,88,0,3,105.30,0.00,0.67,0.34,0,0.00,12,2144.41,0,1,5,org.apache.lucene.index.DocsEnum,0.80,8,2,22,0,8,6,0,12,429,2
"org.apache.lucene.index.codecs.pulsing.PulsingPostingsReader$PulsingEnumAttribute",1,0.00,1.00,2,0.02,120.45,1,0,19,1,0,143.38,0,3,0,2,143.38,0.00,0.50,0.00,0,1.00,1,48.18,0,1,0,,0.00,0,1,1,0,0,0,0,0,16,2
"org.apache.lucene.index.codecs.pulsing.PulsingPostingsReader$PulsingEnumAttributeImpl",3,1.00,1.00,6,0.07,1410.15,4,1,19,4,3,159.34,11,13,0,2,138.73,0.00,0.50,0.33,0,4.00,1,220.54,0,1,3,org.apache.lucene.util.AttributeImpl,0.25,1,1,3,0,1,2,1,11,58,3
"org.apache.lucene.index.codecs.pulsing.PulsingPostingsReader$PulsingTermState",3,0.50,2.33,31,0.36,15541.65,8,5,19,7,4,154.25,5,43,0,4,104.25,0.00,0.75,0.53,0,0.00,3,1090.38,3,2,4,org.apache.lucene.index.codecs.BlockTermState,0.80,4,3,7,0,4,1,0,5,226,2
"org.apache.lucene.index.codecs.pulsing.PulsingPostingsWriter",11,0.25,5.73,208,3.10,325777.04,24,13,11,40,11,70.69,61,237,4,3,88.56,0.00,0.67,0.31,1,0.00,18,9286.65,0,0,7,org.apache.lucene.index.codecs.PostingsWriterBase,0.71,29,2,63,0,29,11,0,51,1609,2
"org.apache.lucene.index.codecs.pulsing.PulsingPostingsWriter$PendingTerm",1,1.00,1.00,4,0.03,375.63,2,1,11,1,0,128.27,0,6,0,1,128.27,0.00,0.00,0.00,0,1.00,1,84.84,0,0,0,java.lang.Object,0.00,0,0,1,0,0,1,0,0,25,2
"org.apache.lucene.index.codecs.pulsing.PulsingPostingsWriter$Position",0,0.00,0.00,5,0.03,328.28,4,4,11,0,1,171.00,1,6,0,1,171.00,0.00,0.00,0.00,0,0.00,0,85.11,0,0,1,java.lang.Object,0.00,0,0,0,0,0,0,0,1,23,3
"org.apache.lucene.index.codecs.pulsing.Test10KPulsings",2,0.00,6.50,92,1.49,72679.19,2,0,23,40,16,40.41,13,83,0,2,72.63,0.00,0.50,0.00,0,2.00,7,4472.31,0,0,16,org.apache.lucene.util.LuceneTestCase,0.00,38,1,13,0,38,2,0,7,669,1
"org.apache.lucene.index.codecs.pulsing.TestPulsingReuse",2,0.00,3.00,57,0.97,36217.87,2,0,37,31,33,65.36,11,66,0,2,83.24,0.00,0.50,0.00,0,2.00,3,2913.77,0,0,33,org.apache.lucene.util.LuceneTestCase,0.00,29,1,6,0,29,2,0,9,478,1
"org.apache.lucene.index.codecs.pulsing.TestPulsingReuse$NestedPulsing",7,0.00,1.29,36,0.48,15912.52,7,0,37,22,21,118.44,1,62,0,2,118.44,0.00,0.50,0.00,0,7.00,2,1449.94,0,4,21,org.apache.lucene.index.codecs.Codec,0.00,15,1,9,0,15,3,0,1,303,1
"org.apache.lucene.analysis.ngram.EdgeNGramTokenFilter",0,0.00,0.00,5,0.06,1257.86,3,3,5,0,6,171.00,7,5,2,4,171.00,0.00,0.75,0.00,0,0.00,0,174.17,0,0,4,org.apache.lucene.analysis.TokenFilter,0.00,0,3,0,0,0,0,0,2,41,2
"org.apache.lucene.analysis.ngram.EdgeNGramTokenFilter$Side",4,0.19,3.75,59,0.77,96471.42,13,9,5,18,2,75.56,22,81,0,1,93.43,0.00,0.00,0.25,0,6.00,12,2324.66,1,4,2,java.lang.Object,0.00,14,0,15,0,14,0,0,8,385,2
"org.apache.lucene.analysis.ngram.EdgeNGramTokenFilterTest",11,0.10,1.27,62,0.82,16954.63,12,1,5,17,5,119.77,3,67,0,3,119.77,0.00,0.67,0.91,0,0.00,2,2461.18,2,0,5,org.apache.lucene.analysis.BaseTokenStreamTestCase,0.00,6,2,14,0,6,11,0,1,523,1
"org.apache.lucene.analysis.ngram.EdgeNGramTokenizer",0,0.00,0.00,7,0.10,2749.76,5,5,6,0,6,171.00,8,7,2,4,171.00,0.00,0.75,0.00,0,0.00,0,305.53,0,0,4,org.apache.lucene.analysis.Tokenizer,0.00,0,3,0,0,0,0,0,2,65,2
"org.apache.lucene.analysis.ngram.EdgeNGramTokenizer$Side",4,0.14,3.25,74,1.07,168839.31,11,7,6,19,0,77.12,62,102,0,1,87.48,0.00,0.00,0.25,0,6.00,10,3212.47,1,4,0,java.lang.Object,0.00,15,0,13,0,15,0,0,16,522,2
"org.apache.lucene.analysis.ngram.EdgeNGramTokenizerTest",10,0.00,1.30,61,0.71,14530.54,11,1,2,14,2,167.01,10,61,0,3,117.01,0.00,0.67,1.00,0,0.00,2,2115.35,2,0,2,org.apache.lucene.analysis.BaseTokenStreamTestCase,0.00,4,2,13,0,4,10,0,8,453,1
"org.apache.lucene.analysis.ngram.NGramTokenFilter",4,0.21,2.75,45,0.47,18200.97,15,11,5,13,6,103.35,16,59,2,4,103.11,0.00,0.75,0.25,0,6.00,6,1401.85,1,0,4,org.apache.lucene.analysis.TokenFilter,0.50,9,3,11,0,9,4,0,6,283,2
"org.apache.lucene.analysis.ngram.NGramTokenFilterTest",9,0.12,1.22,51,0.73,15315.85,10,1,5,15,5,119.44,3,58,0,3,119.44,0.00,0.67,0.89,0,0.00,2,2176.97,2,0,5,org.apache.lucene.analysis.BaseTokenStreamTestCase,0.00,6,2,11,0,6,9,0,1,456,1
"org.apache.lucene.analysis.ngram.NGramTokenizer",9,0.06,1.67,58,0.63,18824.72,20,11,6,18,6,136.32,34,78,2,4,115.71,0.00,0.75,0.14,2,29.00,5,1893.03,2,0,4,org.apache.lucene.analysis.Tokenizer,0.46,9,3,15,0,9,9,0,12,401,2
"org.apache.lucene.analysis.ngram.NGramTokenizerTest",8,0.00,1.25,49,0.62,13236.36,9,1,2,12,2,166.58,9,53,0,3,116.58,0.00,0.67,1.00,0,0.00,2,1846.74,2,0,2,org.apache.lucene.analysis.BaseTokenStreamTestCase,0.00,4,2,10,0,4,8,0,7,390,1
"org.apache.lucene.queryparser.flexible.precedence.processors.BooleanModifiersQueryNodeProcessor",6,2.00,2.17,38,0.51,26943.37,8,2,10,16,7,152.92,17,56,1,2,113.03,0.00,0.50,0.00,1,6.00,5,1526.84,2,5,6,org.apache.lucene.queryparser.flexible.core.processors.QueryNodeProcessorImpl,0.00,10,1,13,0,10,1,0,3,318,1
"org.apache.lucene.queryparser.flexible.precedence.processors.PrecedenceQueryNodeProcessorPipeline",1,0.00,3.00,10,0.09,2155.87,1,0,4,4,5,116.32,17,11,1,3,107.19,0.00,0.67,0.00,0,1.00,3,260.68,3,0,5,org.apache.lucene.queryparser.flexible.standard.processors.StandardQueryNodeProcessorPipeline,0.00,3,2,3,0,3,1,0,2,57,1
"org.apache.solr.search.function.distance.DistanceFunctionTest",4,0.00,1.25,77,2.31,175277.59,4,0,6,10,4,54.47,24,145,0,3,86.70,0.00,0.67,0.00,0,4.00,2,6939.62,10,0,4,org.apache.solr.SolrTestCaseJ4,0.00,6,2,5,0,6,4,0,21,1112,1
"org.apache.solr.search.function.distance.GeohashFunction",6,0.20,1.67,28,0.32,9263.01,8,2,6,14,5,173.31,8,39,2,2,123.31,0.00,0.50,0.67,1,0.00,5,950.46,0,3,3,org.apache.lucene.queries.function.ValueSource,0.29,8,1,10,0,8,3,0,1,224,1
"org.apache.solr.search.function.distance.GeohashFunction$DocValues",2,0.00,1.00,9,0.13,3237.19,2,0,6,12,1,123.27,0,13,0,1,123.27,0.00,0.00,0.00,0,2.00,1,394.73,0,2,1,java.lang.Object,0.00,10,0,2,0,10,0,0,0,92,0
"org.apache.solr.search.function.distance.GeohashHaversineFunction",8,0.24,1.38,45,0.68,25333.62,11,3,9,27,9,167.29,12,64,3,2,117.29,0.00,0.50,0.54,1,0.00,3,2038.53,0,3,6,org.apache.lucene.queries.function.ValueSource,0.25,19,1,11,0,19,5,0,3,436,1
"org.apache.solr.search.function.distance.GeohashHaversineFunction$DoubleDocValues",2,0.00,1.00,9,0.12,2964.58,2,0,9,10,0,123.57,0,13,0,1,123.57,0.00,0.00,0.00,0,2.00,1,356.80,0,1,0,java.lang.Object,0.00,8,0,2,0,8,1,0,0,84,0
"org.apache.solr.search.function.distance.HaversineConstFunction",11,0.00,1.73,71,1.13,41370.17,18,7,21,35,17,113.69,7,96,2,2,113.69,0.00,0.50,0.14,2,40.00,3,3386.79,0,6,15,org.apache.lucene.queries.function.ValueSource,0.21,24,1,19,0,24,5,0,5,697,1
"org.apache.solr.search.function.distance.HaversineConstFunction$DoubleDocValues",2,0.00,1.00,12,0.26,8346.57,2,0,21,11,1,113.46,0,17,0,1,113.46,0.00,0.00,0.00,0,2.00,1,780.32,0,1,1,java.lang.Object,0.00,9,0,2,0,9,1,0,0,158,0
"org.apache.solr.search.function.distance.HaversineConstFunction$ValueSourceParser",1,0.00,17.00,53,0.83,137323.71,1,0,21,8,8,17.47,8,66,0,1,65.57,0.00,0.00,0.00,0,1.00,17,2484.95,0,1,8,java.lang.Object,0.00,7,0,17,0,7,0,0,8,420,0
"org.apache.solr.search.function.distance.HaversineFunction",9,0.16,1.33,62,0.79,30629.59,13,4,10,27,10,164.09,16,81,3,2,114.09,0.00,0.50,0.39,1,3.00,2,2360.01,0,3,7,org.apache.lucene.queries.function.ValueSource,0.24,18,1,12,0,18,6,0,2,509,1
"org.apache.solr.search.function.distance.HaversineFunction$DoubleDocValues",2,0.00,1.00,9,0.12,2964.58,2,0,10,10,0,123.57,0,13,0,1,123.57,0.00,0.00,0.00,0,2.00,1,356.80,0,1,0,java.lang.Object,0.00,8,0,2,0,8,1,0,0,84,0
"org.apache.solr.search.function.distance.SquaredEuclideanFunction",5,0.50,1.80,23,0.27,8425.84,6,1,3,10,6,173.00,8,33,2,3,123.00,0.00,0.67,0.60,0,5.00,5,818.89,2,1,4,org.apache.solr.search.function.distance.VectorDistanceFunction,0.29,5,2,9,0,5,4,0,3,191,1
"org.apache.solr.search.function.distance.StringDistanceFunction",5,0.58,2.00,30,0.39,11990.52,8,3,7,17,6,165.20,9,40,2,2,115.20,0.00,0.50,0.80,0,0.00,6,1163.47,0,2,4,org.apache.lucene.queries.function.ValueSource,0.31,12,1,10,0,12,3,0,2,264,1
"org.apache.solr.search.function.distance.StringDistanceFunction$FloatDocValues",2,0.00,1.00,9,0.16,3747.71,2,0,7,11,0,122.77,0,14,0,1,122.77,0.00,0.00,0.00,0,0.00,1,474.50,0,1,0,java.lang.Object,0.00,9,0,2,0,9,1,0,0,106,0
"org.apache.solr.search.function.distance.VectorDistanceFunction",8,0.29,1.75,46,0.60,17877.20,12,4,10,23,10,158.31,22,61,3,2,118.42,1.00,0.33,0.50,1,0.00,6,1790.05,0,3,7,org.apache.lucene.queries.function.ValueSource,0.25,15,1,14,1,15,5,0,3,398,1
"org.apache.solr.search.function.distance.VectorDistanceFunction$DoubleDocValues",2,0.00,1.00,11,0.15,3738.33,2,0,10,10,0,119.16,0,15,0,1,119.16,0.00,0.00,0.00,0,2.00,1,442.46,0,1,0,java.lang.Object,0.00,8,0,2,0,8,1,0,0,99,0
"org.apache.lucene.util.fst.Builder",15,0.12,3.27,230,3.54,394970.29,26,11,6,52,13,47.92,172,263,8,1,92.05,0.00,0.00,0.20,5,0.00,11,10609.51,0,0,7,java.lang.Object,0.00,37,0,49,0,37,15,0,83,1842,1
"org.apache.lucene.util.fst.Builder$Arc",0,0.00,0.00,6,0.04,566.52,5,5,6,0,0,171.00,1,7,0,1,171.00,0.00,0.00,0.00,0,0.00,0,134.89,0,0,0,java.lang.Object,0.00,0,0,0,0,0,0,0,1,33,2
"org.apache.lucene.util.fst.Builder$CompiledNode",1,1.00,1.00,4,0.02,179.59,2,1,6,1,0,130.79,0,6,0,1,130.79,0.00,0.00,0.00,0,1.00,1,63.86,0,0,0,java.lang.Object,0.00,0,0,1,0,0,1,1,0,20,2
"org.apache.lucene.util.fst.Builder$FreezeTail",1,0.00,1.00,2,0.04,463.05,1,0,6,1,1,138.78,0,3,0,1,138.78,0.00,0.00,0.00,0,1.00,1,109.24,0,0,1,java.lang.Object,0.00,0,0,1,0,0,1,0,0,28,3
"org.apache.lucene.util.fst.Builder$Node",1,0.00,1.00,2,0.01,23.00,1,0,6,1,0,149.05,0,3,0,1,149.05,0.00,0.00,0.00,0,1.00,1,18.00,0,0,0,,0.00,0,0,1,0,0,1,0,0,9,1
"org.apache.lucene.util.fst.Builder$UnCompiledNode",9,0.27,1.44,72,0.96,46036.48,16,7,6,14,3,158.02,15,81,0,1,108.02,0.00,0.00,0.38,0,0.00,3,2876.99,0,0,3,java.lang.Object,0.00,5,0,13,0,5,9,1,10,576,3
"org.apache.lucene.util.fst.ByteSequenceOutputs",9,0.50,2.11,67,0.84,72840.92,10,1,4,18,10,158.53,10,90,6,2,108.53,0.00,0.50,0.56,0,4.00,6,2524.94,0,7,4,org.apache.lucene.util.fst.Outputs,0.12,9,1,19,0,9,2,0,6,526,2
"org.apache.lucene.util.fst.BytesRefFSTEnum",11,0.07,1.27,50,0.52,12612.86,14,3,2,14,9,174.39,15,69,6,2,124.39,0.00,0.50,0.27,1,5.00,2,1551.58,4,6,3,org.apache.lucene.util.fst.FSTEnum,0.32,3,1,14,0,3,5,0,7,352,2
"org.apache.lucene.util.fst.BytesRefFSTEnum$InputOutput",0,0.00,0.00,3,0.02,271.02,2,2,2,0,1,171.00,0,4,0,1,171.00,0.00,0.00,0.00,0,0.00,0,64.53,0,0,1,java.lang.Object,0.00,0,0,0,0,0,0,0,0,18,2
"org.apache.lucene.util.fst.FST",30,0.08,3.73,459,6.33,541675.63,63,33,6,62,31,75.43,167,567,26,1,93.31,0.00,0.00,0.11,13,346.00,20,18999.67,0,8,6,java.lang.Object,0.00,32,0,112,0,32,22,0,119,3297,1
"org.apache.lucene.util.fst.FST$Arc",4,0.23,1.25,32,0.26,8672.61,14,10,6,5,1,110.99,2,38,0,1,110.99,0.00,0.00,0.28,1,8.00,2,783.38,0,1,1,java.lang.Object,0.00,1,0,5,0,1,3,0,2,178,3
"org.apache.lucene.util.fst.FST$BytesReader",3,0.50,1.33,12,0.10,2440.91,4,1,6,3,1,125.56,0,16,0,2,125.56,0.00,0.50,0.67,0,1.00,2,309.94,0,0,1,org.apache.lucene.store.DataInput,0.29,0,1,4,0,0,3,0,0,77,1
"org.apache.lucene.util.fst.FST$BytesWriter",3,0.00,1.33,14,0.17,5906.03,4,1,6,5,2,122.53,2,21,0,2,122.53,0.00,0.50,1.00,0,0.00,2,507.96,0,0,2,org.apache.lucene.store.DataOutput,0.29,2,1,4,0,2,3,0,2,114,0
"org.apache.lucene.util.fst.FST$INPUT_TYPE",0,0.00,0.00,2,0.01,71.32,0,0,6,0,0,171.00,0,1,0,1,171.00,0.00,0.00,0.00,0,0.00,0,28.53,0,0,0,java.lang.Object,0.00,0,0,0,0,0,0,0,0,9,2
"org.apache.lucene.util.fst.FSTEnum",14,0.15,5.14,257,3.68,563727.36,21,7,3,29,5,39.43,123,325,2,1,87.54,0.00,0.00,0.29,9,0.00,23,11031.15,0,1,3,java.lang.Object,0.00,15,0,72,2,15,13,0,117,1898,1
"org.apache.lucene.util.fst.IntSequenceOutputs",9,0.50,2.33,75,0.90,78990.79,10,1,4,16,6,156.06,10,94,2,2,106.07,0.00,0.50,0.56,0,4.00,6,2708.72,0,7,4,org.apache.lucene.util.fst.Outputs,0.12,7,1,21,0,7,2,0,6,557,2
"org.apache.lucene.util.fst.IntsRefFSTEnum",11,0.07,1.27,50,0.51,12272.74,14,3,2,14,4,174.49,15,69,1,2,124.49,0.00,0.50,0.27,1,5.00,2,1517.15,4,6,3,org.apache.lucene.util.fst.FSTEnum,0.32,3,1,14,0,3,5,0,7,346,2
"org.apache.lucene.util.fst.IntsRefFSTEnum$InputOutput",0,0.00,0.00,3,0.02,271.02,2,2,2,0,1,171.00,0,4,0,1,171.00,0.00,0.00,0.00,0,0.00,0,64.53,0,0,1,java.lang.Object,0.00,0,0,0,0,0,0,0,0,18,2
"org.apache.lucene.util.fst.NoOutputs",9,1.00,1.00,26,0.22,5136.84,10,1,2,11,9,138.06,8,44,6,2,138.06,0.00,0.50,0.11,0,16.00,1,650.13,0,7,3,org.apache.lucene.util.fst.Outputs,0.12,2,1,9,0,2,2,0,4,173,2
"org.apache.lucene.util.fst.NoOutputs$Object",2,0.00,1.00,5,0.03,408.06,2,0,2,2,0,191.58,2,9,0,1,141.58,0.00,0.00,0.00,0,2.00,1,100.05,0,0,0,java.lang.Object,0.00,0,0,2,0,0,2,0,2,30,0
"org.apache.lucene.util.fst.NodeHash",8,0.20,3.25,98,1.36,83125.94,13,5,1,21,2,138.73,18,119,1,1,98.84,0.00,0.00,0.38,4,10.00,6,4090.70,0,0,2,java.lang.Object,0.00,13,0,26,0,13,8,0,18,765,1
"org.apache.lucene.util.fst.Outputs",8,0.00,1.00,10,0.09,815.03,8,0,3,9,14,195.07,16,12,12,1,155.19,0.00,0.00,0.00,0,8.00,1,278.18,0,1,2,java.lang.Object,0.00,1,0,8,6,1,7,0,9,88,2
"org.apache.lucene.util.fst.PairOutputs",9,0.33,1.11,31,0.61,18474.93,12,3,3,17,7,127.09,5,52,4,2,127.09,0.00,0.50,0.63,1,0.00,2,1833.85,0,7,3,org.apache.lucene.util.fst.Outputs,0.12,8,1,10,0,8,2,0,1,417,1
"org.apache.lucene.util.fst.PairOutputs$Pair",3,0.25,1.67,16,0.17,4686.71,5,2,3,7,0,119.66,0,23,0,1,119.66,0.00,0.00,0.67,0,1.00,3,503.96,0,0,0,java.lang.Object,0.00,4,0,5,0,4,3,0,0,120,2
"org.apache.lucene.util.fst.PositiveIntOutputs",11,0.02,1.91,64,0.57,20348.42,15,4,3,19,9,119.05,8,88,6,2,119.05,0.00,0.50,0.23,1,0.00,4,1702.40,0,8,3,org.apache.lucene.util.fst.Outputs,0.11,8,1,21,0,8,3,0,1,397,2
"org.apache.lucene.util.fst.UpToTwoPositiveIntOutputs",14,0.08,2.07,102,1.07,48538.82,18,4,3,23,6,161.43,16,134,3,2,111.43,0.00,0.50,0.18,1,26.00,4,3204.54,0,10,3,org.apache.lucene.util.fst.Outputs,0.09,9,1,29,0,9,4,0,4,690,2
"org.apache.lucene.util.fst.UpToTwoPositiveIntOutputs$TwoLongs",4,0.33,1.25,18,0.18,5052.04,6,2,3,4,0,124.07,0,27,0,1,124.07,0.00,0.00,0.75,0,0.00,2,549.34,0,1,0,java.lang.Object,0.00,0,0,5,0,0,3,0,0,138,3
"org.apache.lucene.util.fst.UseNoMemoryExpensiveCodec",10,0.67,4.00,216,4.16,717463.14,11,1,39,56,34,133.12,18,230,0,2,83.12,0.00,0.50,0.40,3,18.00,15,12477.99,2,6,34,org.apache.lucene.util.LuceneTestCase,0.00,46,1,40,0,46,4,0,18,2033,1
"org.apache.lucene.util.fst.UseNoMemoryExpensiveCodec$FSTTester",26,0.04,8.12,833,15.81,2222349.85,31,5,39,224,34,75.77,119,982,0,1,75.54,0.00,0.00,0.16,10,98.00,50,47438.92,0,5,34,java.lang.Object,0.00,198,0,211,0,198,21,0,98,7257,2
"org.apache.lucene.util.fst.UseNoMemoryExpensiveCodec$FSTTester$CountMinOutput",0,0.00,0.00,6,0.04,672.19,5,5,39,0,0,171.00,0,7,0,1,171.00,0.00,0.00,0.00,0,0.00,0,129.27,0,0,0,java.lang.Object,0.00,0,0,0,0,0,0,0,0,31,2
"org.apache.lucene.util.fst.UseNoMemoryExpensiveCodec$FSTTester$InputOutput",2,0.50,1.50,11,0.11,2823.58,4,2,39,4,1,120.03,0,15,0,1,120.03,0.00,0.00,0.25,0,2.00,2,326.32,0,0,1,java.lang.Object,0.00,2,0,3,0,2,2,1,0,81,2
"org.apache.lucene.util.fst.UseNoMemoryExpensiveCodec$FSTTester$SyntheticData",3,0.00,3.67,39,0.59,34670.86,3,0,39,22,4,97.15,0,51,0,1,97.15,0.00,0.00,0.00,2,3.00,4,1779.88,0,1,4,java.lang.Object,0.00,19,0,11,0,19,2,0,0,330,0
"org.apache.lucene.util.fst.UseNoMemoryExpensiveCodec$FSTTester$VisitTerms",3,0.30,6.00,73,1.43,127767.81,8,5,39,35,9,82.65,0,95,0,1,82.65,0.00,0.00,0.40,1,1.00,15,4288.89,0,0,9,java.lang.Object,0.00,32,0,18,0,32,3,0,0,657,3
"org.apache.lucene.util.fst.UseNoMemoryExpensiveCodec$FSTTester$VisitTerms<Long>",1,0.00,1.00,3,0.04,432.66,1,0,39,1,1,132.44,0,5,0,1,132.44,0.00,0.00,0.00,0,0.00,1,119.02,0,1,1,java.lang.Object,0.00,0,0,1,0,0,0,0,0,31,0
"org.apache.lucene.util.fst.UseNoMemoryExpensiveCodec$FSTTester$VisitTerms<Long>_0",1,0.00,2.00,6,0.08,1381.30,2,1,39,3,1,117.08,0,9,0,1,117.08,0.00,0.00,1.00,0,0.00,2,249.10,0,1,1,java.lang.Object,0.00,2,0,2,0,2,0,0,0,55,0
"org.apache.lucene.util.fst.UseNoMemoryExpensiveCodec$FSTTester$VisitTerms<Object>",1,0.00,1.00,3,0.03,300.30,1,0,39,1,1,133.69,0,5,0,1,133.69,0.00,0.00,0.00,0,1.00,1,100.13,0,1,1,java.lang.Object,0.00,0,0,1,0,0,0,0,0,27,0
"org.apache.lucene.util.fst.UseNoMemoryExpensiveCodec$FSTTester$VisitTerms<PairOutputs.Pair<Long,Long>>",1,0.00,2.00,6,0.13,3218.80,2,1,39,6,1,114.19,0,10,0,1,114.19,0.00,0.00,1.00,0,0.00,2,388.48,0,1,1,java.lang.Object,0.00,5,0,2,0,5,0,0,0,81,0
"org.apache.lucene.util.fst.Util",8,0.00,6.50,172,3.22,375580.89,8,0,4,41,6,40.33,91,212,3,1,84.46,0.00,0.00,0.00,1,8.00,21,9653.30,0,1,3,java.lang.Object,0.00,33,0,52,0,33,7,0,39,1563,2
"org.tartarus.snowball.ext.ArmenianStemmer",10,0.01,4.20,169,5.77,487084.62,19,9,2,14,4,70.97,53,433,2,2,88.84,0.00,0.50,0.12,0,0.00,13,17300.49,3,0,2,org.tartarus.snowball.SnowballProgram,0.05,4,1,42,0,4,10,0,50,2433,1
"org.tartarus.snowball.ext.BasqueStemmer",11,0.02,7.00,266,13.14,1257720.61,20,9,2,15,4,31.13,92,817,2,2,79.24,0.00,0.50,0.13,0,0.00,29,39416.71,4,0,2,org.tartarus.snowball.SnowballProgram,0.05,4,1,77,0,4,11,0,89,4854,1
"org.tartarus.snowball.ext.CatalanStemmer",12,0.00,6.58,250,17.15,1669477.07,22,10,2,16,4,33.43,106,931,2,2,81.53,0.00,0.50,0.10,0,0.00,20,51446.87,5,0,2,org.tartarus.snowball.SnowballProgram,0.05,4,1,79,0,4,12,0,103,5985,1
"org.tartarus.snowball.ext.DanishStemmer",7,0.19,5.86,210,2.56,165289.80,15,8,2,9,4,36.93,78,324,2,2,81.06,0.00,0.50,0.29,0,0.00,10,7686.56,9,0,2,org.tartarus.snowball.SnowballProgram,0.06,2,1,41,0,2,7,0,76,1361,1
"org.tartarus.snowball.ext.DutchStemmer",11,0.09,11.64,418,4.40,353945.64,23,12,2,12,4,65.65,167,642,2,2,76.01,0.00,0.50,0.17,0,0.00,60,13195.53,9,0,2,org.tartarus.snowball.SnowballProgram,0.05,1,1,128,0,1,11,0,165,2269,1
"org.tartarus.snowball.ext.EnglishStemmer",17,0.04,10.00,627,7.91,556638.64,34,17,2,18,4,66.50,259,1016,2,2,76.86,0.00,0.50,0.10,0,0.00,22,23715.70,12,0,2,org.tartarus.snowball.SnowballProgram,0.04,1,1,170,0,1,17,0,257,3876,1
"org.tartarus.snowball.ext.FinnishStemmer",13,0.10,9.23,517,6.70,564261.62,31,18,2,15,4,54.48,187,811,2,2,74.62,0.00,0.50,0.15,0,0.00,29,20088.70,10,0,2,org.tartarus.snowball.SnowballProgram,0.05,2,1,120,0,2,13,0,185,3321,1
"org.tartarus.snowball.ext.FrenchStemmer",14,0.07,12.64,731,10.02,869486.27,28,14,2,15,4,107.96,304,1164,2,2,68.66,0.00,0.50,0.14,0,0.00,71,30071.60,11,0,2,org.tartarus.snowball.SnowballProgram,0.05,1,1,177,0,1,14,0,302,4646,1
"org.tartarus.snowball.ext.German2Stemmer",8,0.12,12.12,368,3.98,369747.66,20,12,2,9,4,80.80,139,562,2,2,71.67,0.00,0.50,0.19,0,0.00,36,11938.45,8,0,2,org.tartarus.snowball.SnowballProgram,0.05,1,1,97,0,1,8,0,137,2028,1
"org.tartarus.snowball.ext.GermanStemmer",8,0.12,10.75,357,3.70,328881.14,19,11,2,9,3,72.34,131,533,1,2,72.82,0.00,0.50,0.19,0,0.00,36,11103.93,8,0,2,org.tartarus.snowball.SnowballProgram,0.05,1,1,86,0,1,8,0,129,1917,1
"org.tartarus.snowball.ext.HungarianStemmer",16,0.00,9.62,453,8.12,593316.73,30,14,2,17,4,80.04,258,862,2,2,80.52,0.00,0.50,0.07,0,0.00,33,24351.30,6,0,2,org.tartarus.snowball.SnowballProgram,0.04,1,1,154,0,1,16,0,256,3696,1
"org.tartarus.snowball.ext.ItalianStemmer",12,0.06,11.00,522,9.35,896658.40,26,14,2,13,4,70.67,200,949,2,2,71.14,0.00,0.50,0.13,0,0.00,36,28060.51,9,0,2,org.tartarus.snowball.SnowballProgram,0.05,1,1,132,0,1,12,0,198,4211,1
"org.tartarus.snowball.ext.KpStemmer",18,0.06,19.00,1069,11.33,855356.90,37,19,2,20,3,115.26,502,1644,1,2,67.44,0.00,0.50,0.11,0,0.00,63,33994.26,10,0,2,org.tartarus.snowball.SnowballProgram,0.04,2,1,342,0,2,18,0,500,5574,1
"org.tartarus.snowball.ext.LovinsStemmer",34,0.23,5.29,817,15.90,1020296.10,38,4,2,35,3,35.77,294,1567,1,2,83.87,0.00,0.50,0.03,0,0.00,53,47714.39,5,0,2,org.tartarus.snowball.SnowballProgram,0.03,1,1,180,0,1,34,0,292,6934,1
"org.tartarus.snowball.ext.NorwegianStemmer",6,0.20,6.00,173,2.25,143216.45,13,7,2,7,4,33.65,61,277,2,2,82.13,0.00,0.50,0.31,0,0.00,12,6745.61,8,0,2,org.tartarus.snowball.SnowballProgram,0.06,1,1,36,0,1,6,0,59,1181,1
"org.tartarus.snowball.ext.PorterStemmer",13,0.05,8.85,439,5.26,381393.29,24,11,2,14,3,49.29,177,700,1,2,78.67,0.00,0.50,0.14,0,0.00,32,15768.85,10,0,2,org.tartarus.snowball.SnowballProgram,0.05,1,1,115,0,1,13,0,175,2603,1
"org.tartarus.snowball.ext.PortugueseStemmer",12,0.06,10.83,489,8.73,802187.19,25,13,2,13,4,62.34,186,900,2,2,72.70,0.00,0.50,0.13,0,0.00,39,26191.06,6,0,2,org.tartarus.snowball.SnowballProgram,0.05,1,1,130,0,1,12,0,184,3932,1
"org.tartarus.snowball.ext.RomanianStemmer",13,0.08,8.62,433,9.11,800267.28,24,11,2,14,4,32.02,151,845,2,2,76.15,0.00,0.50,0.16,0,0.00,29,27316.66,8,0,2,org.tartarus.snowball.SnowballProgram,0.05,1,1,112,0,1,13,0,149,3974,1
"org.tartarus.snowball.ext.RussianStemmer",12,0.02,6.92,315,5.50,437513.95,23,11,2,13,4,31.85,117,580,2,2,81.85,0.00,0.50,0.11,0,0.00,13,16491.41,5,0,2,org.tartarus.snowball.SnowballProgram,0.05,1,1,83,0,1,12,0,115,2611,1
"org.tartarus.snowball.ext.SpanishStemmer",12,0.06,11.58,511,9.27,892823.92,26,14,2,13,4,80.65,208,943,2,2,71.52,0.00,0.50,0.13,0,0.00,40,27801.19,7,0,2,org.tartarus.snowball.SnowballProgram,0.05,1,1,139,0,1,12,0,206,4174,1
"org.tartarus.snowball.ext.SwedishStemmer",6,0.17,5.50,164,2.31,153417.02,13,7,2,7,4,32.51,57,272,2,2,82.51,0.00,0.50,0.29,0,0.00,9,6925.29,6,0,2,org.tartarus.snowball.SnowballProgram,0.06,1,1,33,0,1,6,0,55,1204,1
"org.tartarus.snowball.ext.TurkishStemmer",42,0.00,7.45,1650,18.57,1772265.60,76,34,2,43,4,64.41,656,2392,2,2,74.76,0.00,0.50,0.03,0,1254.00,53,55710.81,9,0,2,org.tartarus.snowball.SnowballProgram,0.03,1,1,313,0,1,42,0,654,8933,1
"org.apache.solr.search.function.FileFloatSource",9,0.08,2.56,87,1.43,92274.83,14,5,33,43,24,143.49,18,120,5,2,103.60,0.00,0.50,0.13,2,18.00,14,4297.74,0,3,19,org.apache.lucene.queries.function.ValueSource,0.35,34,1,23,0,34,6,0,15,746,1
"org.apache.solr.search.function.FileFloatSource$Cache",1,0.00,1.00,3,0.03,477.11,1,0,33,2,1,132.11,0,5,0,1,132.11,0.00,0.00,0.00,0,1.00,1,100.00,0,1,1,java.lang.Object,0.00,1,0,1,0,1,0,0,0,27,0
"org.apache.solr.search.function.FileFloatSource$Cache_0",3,0.50,2.33,30,0.28,18751.94,4,1,33,9,1,103.61,2,41,0,1,103.61,0.00,0.00,0.67,0,1.00,5,825.15,0,2,1,java.lang.Object,0.00,6,0,7,0,6,1,0,2,181,2
"org.apache.solr.search.function.FileFloatSource$CreationPlaceholder",0,0.00,0.00,2,0.01,75.00,1,1,33,0,0,171.00,0,3,0,1,171.00,0.00,0.00,0.00,0,0.00,0,30.00,0,0,0,java.lang.Object,0.00,0,0,0,0,0,0,0,0,10,2
"org.apache.solr.search.function.FileFloatSource$Entry",3,0.50,1.33,10,0.09,2145.15,4,1,33,5,1,130.66,0,16,0,1,130.66,0.00,0.00,0.67,0,1.00,2,275.58,0,0,1,java.lang.Object,0.00,2,0,4,0,2,3,0,0,72,2
"org.apache.solr.search.function.FileFloatSource$FloatDocValues",2,0.00,1.00,5,0.04,574.09,2,0,33,2,0,140.42,1,9,0,1,140.42,0.00,0.00,0.00,1,2.00,1,131.80,0,1,0,java.lang.Object,0.00,0,0,2,0,0,1,0,1,37,0
"org.apache.solr.search.function.FileFloatSource$ReloadCacheRequestHandler",5,1.00,1.00,17,0.18,3174.85,6,1,33,14,6,131.13,0,33,0,2,131.13,0.00,0.50,0.20,0,8.00,1,550.67,0,4,6,org.apache.solr.handler.RequestHandlerBase,0.47,9,1,5,0,9,1,0,0,128,2
"org.apache.solr.search.function.NvlValueSourceParser",2,1.00,1.50,10,0.11,2015.53,3,1,7,6,7,73.08,17,16,0,2,121.18,0.00,0.50,0.00,0,2.00,2,327.71,0,1,7,org.apache.solr.search.ValueSourceParser,0.00,4,1,3,0,4,1,0,3,77,1
"org.apache.solr.search.function.NvlValueSourceParser$SimpleFloatFunction",2,0.00,1.50,9,0.07,1481.12,2,0,7,3,1,125.85,0,14,0,1,125.85,0.00,0.00,0.00,0,2.00,2,204.23,0,1,1,java.lang.Object,0.00,1,0,3,0,1,1,0,0,51,0
"org.apache.solr.search.function.SortByFunctionTest",4,0.00,1.00,27,0.58,10248.06,4,0,1,4,1,165.13,6,91,0,3,115.13,0.00,0.67,0.00,0,4.00,1,1741.70,5,2,1,org.apache.solr.util.AbstractSolrTestCase,0.17,0,2,4,0,0,2,0,3,317,1
"org.apache.solr.search.function.TestFunctionQuery",21,0.50,1.95,364,7.02,329776.64,23,2,18,84,9,92.14,98,467,0,3,91.91,0.00,0.67,0.02,6,55.00,8,21066.30,8,1,9,org.apache.solr.SolrTestCaseJ4,0.00,63,2,41,0,63,20,0,85,3406,1
"org.apache.solr.search.function.ValueSourceRangeFilter",11,0.10,2.36,53,0.70,33219.42,16,5,8,18,9,120.94,4,77,4,3,120.94,0.00,0.67,0.29,1,27.00,8,2094.04,0,5,5,org.apache.solr.search.SolrFilter,0.00,7,2,26,0,7,6,0,2,457,1
"org.apache.solr.search.function.ValueSourceRangeFilter$DocIdSet",1,0.00,1.00,3,0.04,582.81,1,0,8,2,1,131.42,0,5,0,1,131.42,0.00,0.00,0.00,0,0.00,1,132.86,0,1,1,java.lang.Object,0.00,1,0,1,0,1,0,0,0,32,0
"org.egothor.stemmer.Cell",3,0.62,1.00,13,0.11,1517.65,7,4,0,3,9,95.03,18,16,9,1,127.25,0.00,0.00,0.67,0,1.00,1,330.79,0,1,0,java.lang.Object,0.00,0,0,3,0,0,2,0,8,89,0
"org.egothor.stemmer.Compile",2,1.33,11.00,91,1.32,130177.50,5,3,10,33,8,28.58,15,107,1,1,70.87,0.00,0.00,1.00,1,0.00,20,3950.98,0,0,7,java.lang.Object,0.00,31,0,22,0,31,2,0,4,591,1
"org.egothor.stemmer.Diff",4,0.33,9.75,148,1.81,386579.09,12,8,0,14,4,62.36,60,165,4,1,72.72,0.00,0.00,0.38,0,4.00,26,5421.92,0,1,0,java.lang.Object,0.00,10,0,39,0,10,3,0,23,913,1
"org.egothor.stemmer.DiffIt",2,0.00,4.50,32,0.49,28517.75,2,0,5,15,1,50.73,15,39,0,1,93.03,0.00,0.00,0.00,1,2.00,7,1462.26,0,0,1,java.lang.Object,0.00,13,0,9,0,13,2,0,4,254,1
"org.egothor.stemmer.Gener",3,0.00,3.67,41,0.57,46352.53,3,0,4,9,6,53.87,22,44,2,2,96.16,0.00,0.50,0.00,1,3.00,7,1707.33,0,0,4,org.egothor.stemmer.Reduce,0.33,6,1,11,0,6,3,0,4,318,1
"org.egothor.stemmer.Lift",3,1.00,4.00,45,0.59,39893.03,4,1,4,13,6,44.34,28,52,2,2,94.34,0.00,0.50,0.33,1,4.00,9,1779.38,0,0,4,org.egothor.stemmer.Reduce,0.33,10,1,12,0,10,3,0,4,335,1
"org.egothor.stemmer.MultiTrie",8,0.11,2.38,70,0.84,37028.62,12,4,5,26,6,65.96,57,78,4,2,108.25,1.00,0.33,0.34,0,0.00,4,2525.72,0,2,2,org.egothor.stemmer.Trie,0.00,18,1,19,1,18,6,0,9,512,1
"org.egothor.stemmer.MultiTrie2",12,0.00,3.92,147,1.87,190189.45,12,0,5,26,7,65.13,74,184,4,3,97.36,0.00,0.67,0.00,3,38.00,8,5604.70,1,4,3,org.egothor.stemmer.MultiTrie,0.00,14,2,47,0,14,8,0,20,1064,1
"org.egothor.stemmer.Optimizer",4,0.00,5.25,84,0.99,103503.80,4,0,4,22,7,38.44,33,93,3,2,86.55,1.00,0.33,0.00,1,4.00,9,2974.78,0,0,4,org.egothor.stemmer.Reduce,0.29,18,1,21,1,18,4,0,6,570,1
"org.egothor.stemmer.Optimizer2",2,0.00,1.50,9,0.10,5539.66,2,0,0,3,4,72.86,20,13,2,3,121.34,0.00,0.67,0.00,0,2.00,2,311.43,0,0,2,org.egothor.stemmer.Optimizer,0.33,1,2,3,0,1,2,0,3,72,1
"org.egothor.stemmer.Reduce",3,0.00,1.67,25,0.37,16804.50,3,0,4,15,8,89.81,16,27,6,1,107.68,0.00,0.00,0.00,1,3.00,3,1118.35,0,1,3,java.lang.Object,0.00,12,0,5,4,12,2,0,4,224,1
"org.egothor.stemmer.Reduce$Remap",1,0.00,3.00,17,0.17,7110.55,1,0,4,7,2,62.29,6,18,0,2,94.52,0.00,0.50,0.00,0,0.00,3,518.26,0,0,2,org.egothor.stemmer.Row,0.00,6,1,3,0,6,1,0,1,103,0
"org.egothor.stemmer.Row",15,0.07,2.53,135,1.36,47525.33,18,3,5,33,8,89.75,84,147,7,1,107.62,0.00,0.00,0.27,1,0.00,8,4070.96,0,0,1,java.lang.Object,0.00,18,0,38,1,18,15,0,15,841,1
"org.egothor.stemmer.TestCompile",5,0.00,2.60,61,0.91,39790.87,5,0,11,36,4,99.81,1,76,0,2,99.81,0.00,0.50,0.00,2,5.00,8,2731.23,0,1,4,org.apache.lucene.util.LuceneTestCase,0.00,31,1,13,0,31,4,0,1,510,1
"org.egothor.stemmer.TestStemmer",7,0.00,2.14,74,0.93,28235.43,7,0,1,22,7,155.13,8,75,0,2,105.13,0.00,0.50,0.00,1,7.00,3,2778.75,0,0,7,org.apache.lucene.util.LuceneTestCase,0.00,15,1,15,0,15,7,0,2,545,1
"org.egothor.stemmer.Trie",14,0.23,3.64,197,2.08,136411.05,18,4,5,36,15,64.32,90,208,13,1,96.54,0.00,0.00,0.46,1,0.00,14,6250.91,0,5,3,java.lang.Object,0.00,22,0,51,2,22,9,0,15,1207,1
"org.egothor.stemmer.Trie$StrEnum",3,0.50,1.33,18,0.11,1772.82,6,3,5,5,0,159.97,6,23,0,1,120.08,0.00,0.00,0.67,0,0.00,2,331.03,0,0,0,java.lang.Object,0.00,2,0,4,0,2,3,0,1,87,0
"org.apache.solr.spelling.suggest.LookupFactory",1,0.00,1.00,2,0.01,89.66,1,0,3,1,7,165.01,3,3,4,1,144.39,0.00,0.00,0.00,0,1.00,1,44.83,0,1,3,java.lang.Object,0.00,0,0,1,3,0,0,0,1,15,2
"org.apache.solr.spelling.suggest.Suggester",5,0.38,4.80,83,1.26,58303.32,19,14,24,41,17,114.31,18,113,1,2,93.70,0.00,0.50,0.37,1,0.00,9,3786.15,1,2,16,org.apache.solr.spelling.SolrSpellChecker,0.00,36,1,24,0,36,3,0,10,666,1
"org.apache.solr.spelling.suggest.SuggesterFSTTest",1,0.00,1.00,3,0.02,130.68,1,0,0,1,1,136.54,0,5,0,4,136.54,0.00,0.75,0.00,0,1.00,1,48.73,0,0,1,org.apache.solr.spelling.suggest.SuggesterTest,0.00,0,3,1,0,0,1,0,0,16,1
"org.apache.solr.spelling.suggest.SuggesterTSTTest",1,0.00,1.00,3,0.02,130.68,1,0,0,1,1,136.54,0,5,0,4,136.54,0.00,0.75,0.00,0,1.00,1,48.73,0,0,1,org.apache.solr.spelling.suggest.SuggesterTest,0.00,0,3,1,0,0,1,0,0,16,1
"org.apache.solr.spelling.suggest.SuggesterTest",6,0.60,1.17,39,0.50,8991.37,7,1,6,15,6,166.93,6,68,2,3,116.93,1.00,0.40,0.50,1,10.00,2,1513.24,7,0,4,org.apache.solr.SolrTestCaseJ4,0.00,9,2,7,2,9,6,0,4,311,1
"org.apache.lucene.queries.function.BoostedQuery",9,0.06,1.22,38,0.48,13783.72,11,2,8,23,13,123.41,4,51,6,2,123.41,0.00,0.50,0.44,1,3.00,2,1437.50,2,5,7,org.apache.lucene.search.Query,0.11,14,1,11,0,14,4,0,2,331,1
"org.apache.lucene.queries.function.BoostedQuery$BoostedWeight",6,0.00,1.33,33,0.42,11940.84,9,3,8,18,9,118.88,1,49,0,2,118.88,0.00,0.50,0.33,0,0.00,2,1274.96,0,3,9,org.apache.lucene.search.Weight,0.50,12,1,8,0,12,3,0,1,273,1
"org.apache.lucene.queries.function.BoostedQuery$CustomScorer",6,0.16,1.33,31,0.41,10567.43,11,5,8,19,6,119.30,3,46,0,3,119.30,0.00,0.67,0.33,0,0.00,2,1244.78,0,1,6,org.apache.lucene.search.Scorer,0.75,13,2,8,0,13,5,0,3,271,1
"org.apache.lucene.queries.function.DocValues",25,0.00,1.24,75,0.60,12961.70,25,0,5,31,121,181.77,33,75,116,1,131.78,0.00,0.00,0.00,3,25.00,6,1807.26,0,7,6,java.lang.Object,0.00,6,0,31,11,6,18,0,22,455,2
"org.apache.lucene.queries.function.DocValues$ValueFiller",2,0.00,1.00,3,0.02,117.79,2,0,5,2,1,207.06,2,4,0,1,157.06,0.00,0.00,0.00,0,2.00,1,55.02,0,1,1,java.lang.Object,0.00,0,0,2,0,0,1,0,2,20,3
"org.apache.lucene.queries.function.DocValues$ValueFiller_0",2,0.00,1.00,6,0.05,661.73,3,1,5,3,2,133.36,0,10,0,1,133.36,0.00,0.00,1.00,0,0.00,1,153.37,0,1,2,java.lang.Object,0.00,1,0,2,0,1,1,0,0,43,0
"org.apache.lucene.queries.function.DocValues$ValueSourceScorer",1,0.00,1.00,4,0.04,809.86,1,0,5,2,0,125.64,0,6,0,1,125.64,0.00,0.00,0.00,0,1.00,1,127.88,0,0,0,java.lang.Object,0.00,1,0,1,0,1,1,0,0,32,0
"org.apache.lucene.queries.function.DocValues$ValueSourceScorer_1",1,0.00,1.00,4,0.04,809.86,1,0,5,2,0,125.64,0,6,0,1,125.64,0.00,0.00,0.00,0,1.00,1,127.88,0,0,0,java.lang.Object,0.00,1,0,1,0,1,1,0,0,32,0
"org.apache.lucene.queries.function.DocValues$ValueSourceScorer_2",1,0.00,1.00,4,0.04,809.86,1,0,5,2,0,125.64,0,6,0,1,125.64,0.00,0.00,0.00,0,1.00,1,127.88,0,0,0,java.lang.Object,0.00,1,0,1,0,1,1,0,0,32,0
"org.apache.lucene.queries.function.DocValues$ValueSourceScorer_3",1,0.00,1.00,4,0.04,809.86,1,0,5,2,0,125.64,0,6,0,1,125.64,0.00,0.00,0.00,0,1.00,1,127.88,0,0,0,java.lang.Object,0.00,1,0,1,0,1,1,0,0,32,0
"org.apache.lucene.queries.function.FunctionQuery",8,0.71,1.38,22,0.28,6858.81,9,1,8,14,21,186.60,15,38,14,2,136.60,0.00,0.50,0.38,1,14.00,3,847.88,1,4,7,org.apache.lucene.search.Query,0.11,6,1,11,0,6,4,0,6,204,1
"org.apache.lucene.queries.function.FunctionQuery$AllScorer",6,0.23,1.67,41,0.45,11381.85,13,7,8,14,6,166.04,8,53,0,3,116.04,0.00,0.67,0.33,1,0.00,4,1358.81,0,1,6,org.apache.lucene.search.Scorer,0.75,8,2,10,0,8,5,0,8,291,1
"org.apache.lucene.queries.function.FunctionQuery$FunctionWeight",6,0.10,1.00,21,0.24,4075.12,10,4,8,9,7,130.90,0,34,0,2,130.90,0.00,0.50,0.17,1,10.00,1,725.90,0,3,7,org.apache.lucene.search.Weight,0.50,3,1,6,0,3,3,0,0,177,1
"org.apache.lucene.queries.function.Ignore",7,0.04,2.29,78,1.22,47267.24,22,15,18,39,20,102.04,34,110,0,2,101.81,0.00,0.50,0.10,2,24.00,9,3648.90,0,2,20,org.apache.lucene.util.LuceneTestCase,0.00,32,1,16,0,32,5,0,14,652,2
"org.apache.lucene.queries.function.TestFieldScoreQuery",11,0.00,1.18,53,0.72,19985.47,11,0,13,27,10,162.72,31,72,0,2,122.84,0.00,0.50,0.00,2,11.00,2,2165.95,0,0,10,FunctionTestSetup,0.00,16,1,13,0,16,11,0,21,426,1
"org.apache.lucene.queries.function.TestOrdValues",8,0.00,1.88,66,1.03,47392.53,8,0,8,29,11,128.07,30,83,0,2,107.46,0.00,0.50,0.00,2,8.00,5,3092.26,0,0,11,FunctionTestSetup,0.00,21,1,15,0,21,8,0,12,544,1
"org.apache.lucene.queries.function.ValueSource",8,0.00,1.00,17,0.15,1888.94,8,0,13,11,158,123.21,40,25,149,1,141.08,0.00,0.00,0.00,1,8.00,1,459.87,0,4,9,java.lang.Object,0.00,3,0,8,72,3,4,1,10,126,2
"org.apache.lucene.queries.function.ValueSource$ValueSourceComparator",7,0.12,1.57,34,0.32,8710.43,11,4,13,8,2,124.07,0,50,0,2,124.07,0.00,0.50,0.36,0,0.00,3,973.84,0,2,2,org.apache.lucene.search.FieldComparator,0.67,1,1,11,0,1,5,0,0,226,0
"org.apache.lucene.queries.function.ValueSource$ValueSourceComparatorSource",2,1.00,1.00,6,0.06,829.60,3,1,13,3,2,132.59,0,11,0,2,132.59,0.00,0.50,0.50,0,2.00,1,186.21,0,1,2,org.apache.lucene.search.FieldComparatorSource,0.00,1,1,2,0,1,1,0,0,48,0
"org.apache.lucene.queries.function.ValueSource$ValueSourceSortField",2,0.00,1.00,7,0.08,1279.53,2,0,13,7,2,131.11,0,11,0,2,131.11,0.00,0.50,0.00,0,2.00,1,239.52,1,1,2,org.apache.lucene.search.SortField,0.00,5,1,2,0,5,1,0,0,59,0
"org.apache.lucene.queries.function.ValueSourceScorer",9,0.02,1.33,37,0.32,5547.61,15,6,5,14,12,126.51,1,49,8,3,126.51,0.00,0.67,0.19,3,30.00,4,959.85,0,1,5,org.apache.lucene.search.Scorer,0.63,5,2,12,0,5,8,0,1,233,1
"org.apache.lucene.queries.function.docvalues.BoolDocValues",12,1.00,1.58,25,0.31,5012.79,13,1,4,15,8,139.03,0,48,4,2,139.03,0.00,0.50,0.08,1,22.00,2,937.09,1,4,4,org.apache.lucene.queries.function.DocValues,0.59,3,1,19,0,3,8,0,0,242,2
"org.apache.lucene.queries.function.docvalues.BoolDocValues$ValueFiller",2,0.00,1.00,7,0.06,920.28,3,1,4,3,2,132.23,0,11,0,1,132.23,0.00,0.00,1.00,0,0.00,1,187.05,0,1,2,java.lang.Object,0.00,1,0,2,0,1,1,0,0,51,0
"org.apache.lucene.queries.function.docvalues.DoubleDocValues",12,1.00,1.08,25,0.26,3534.45,13,1,4,15,15,140.31,0,48,11,2,140.31,1.00,0.33,0.08,1,22.00,2,770.18,1,4,4,org.apache.lucene.queries.function.DocValues,0.59,3,1,13,1,3,8,0,0,210,2
"org.apache.lucene.queries.function.docvalues.DoubleDocValues$ValueFiller",2,0.00,1.00,7,0.06,920.28,3,1,4,3,2,132.23,0,11,0,1,132.23,0.00,0.00,1.00,0,0.00,1,187.05,0,1,2,java.lang.Object,0.00,1,0,2,0,1,1,0,0,51,0
"org.apache.lucene.queries.function.docvalues.FloatDocValues",11,1.00,1.09,23,0.24,3243.19,12,1,4,14,19,140.30,0,44,15,2,140.30,1.00,0.33,0.09,1,20.00,2,705.45,1,3,4,org.apache.lucene.queries.function.DocValues,0.56,3,1,12,1,3,8,0,0,193,2
"org.apache.lucene.queries.function.docvalues.FloatDocValues$ValueFiller",2,0.00,1.00,7,0.06,920.28,3,1,4,3,2,132.23,0,11,0,1,132.23,0.00,0.00,1.00,0,0.00,1,187.05,0,1,2,java.lang.Object,0.00,1,0,2,0,1,1,0,0,51,0
"org.apache.lucene.queries.function.docvalues.IntDocValues",11,1.00,1.09,23,0.24,3221.00,12,1,4,14,13,140.33,0,44,9,2,140.33,1.00,0.33,0.09,1,20.00,2,705.91,1,4,4,org.apache.lucene.queries.function.DocValues,0.56,3,1,12,1,3,7,0,0,193,2
"org.apache.lucene.queries.function.docvalues.IntDocValues$ValueFiller",2,0.00,1.00,7,0.06,920.28,3,1,4,3,2,132.23,0,11,0,1,132.23,0.00,0.00,1.00,0,0.00,1,187.05,0,1,2,java.lang.Object,0.00,1,0,2,0,1,1,0,0,51,0
"org.apache.lucene.queries.function.docvalues.LongDocValues",12,1.00,1.08,25,0.26,3534.45,13,1,4,15,8,140.31,0,48,4,2,140.31,0.00,0.50,0.08,1,22.00,2,770.18,1,4,4,org.apache.lucene.queries.function.DocValues,0.59,3,1,13,0,3,8,0,0,210,2
"org.apache.lucene.queries.function.docvalues.LongDocValues$ValueFiller",2,0.00,1.00,7,0.06,920.28,3,1,4,3,2,132.23,0,11,0,1,132.23,0.00,0.00,1.00,0,0.00,1,187.05,0,1,2,java.lang.Object,0.00,1,0,2,0,1,1,0,0,51,0
"org.apache.lucene.queries.function.docvalues.StrDocValues",6,1.00,1.17,13,0.13,1759.70,7,1,4,8,5,140.31,0,24,1,2,140.31,0.00,0.50,0.17,0,10.00,2,392.56,1,4,4,org.apache.lucene.queries.function.DocValues,0.32,2,1,7,0,2,2,0,0,106,2
"org.apache.lucene.queries.function.docvalues.StrDocValues$ValueFiller",2,0.00,1.00,6,0.06,746.06,3,1,4,3,2,132.95,0,10,0,1,132.95,0.00,0.00,1.00,0,0.00,1,167.05,0,1,2,java.lang.Object,0.00,1,0,2,0,1,1,0,0,46,0
"org.apache.lucene.queries.function.docvalues.StringIndexDocValues",11,0.04,2.00,58,0.72,32884.49,16,5,11,24,16,117.40,5,83,7,2,117.40,0.00,0.50,0.16,1,14.00,9,2157.94,0,7,9,org.apache.lucene.queries.function.DocValues,0.33,13,1,22,0,13,4,0,3,449,2
"org.apache.lucene.queries.function.docvalues.StringIndexDocValues$StringIndexException",1,0.00,1.00,3,0.03,343.27,1,0,11,1,0,133.23,0,7,0,2,133.23,0.00,0.50,0.00,0,1.00,1,96.34,0,0,0,java.lang.RuntimeException,0.00,0,1,1,0,0,1,0,0,27,3
"org.apache.lucene.queries.function.docvalues.StringIndexDocValues$ValueFiller",2,0.00,1.00,8,0.09,1543.37,3,1,11,3,2,125.80,0,12,0,1,125.80,0.00,0.00,1.00,0,0.00,1,258.74,0,1,2,java.lang.Object,0.00,1,0,2,0,1,1,0,0,65,0
"org.apache.lucene.queries.function.docvalues.StringIndexDocValues$ValueSourceScorer",1,0.00,1.00,4,0.05,1037.89,1,0,11,1,0,124.79,0,6,0,1,124.79,0.00,0.00,0.00,0,0.00,1,138.49,0,0,0,java.lang.Object,0.00,0,0,1,0,0,1,0,0,34,0
"org.apache.lucene.search.highlight.DefaultEncoder",2,0.00,1.00,4,0.02,168.02,2,0,0,2,5,94.62,19,10,4,1,144.62,0.00,0.00,0.00,0,2.00,1,53.51,0,1,1,java.lang.Object,0.00,0,0,2,0,0,1,1,2,20,1
"org.apache.lucene.search.highlight.Encoder",1,0.00,1.00,2,0.01,33.58,1,0,0,1,10,191.70,22,4,10,1,147.75,0.00,0.00,0.00,0,1.00,1,23.93,0,1,0,,0.00,0,0,1,0,0,0,0,3,11,1
"org.apache.lucene.search.highlight.Formatter",1,0.00,1.00,2,0.01,41.95,1,0,0,1,9,196.48,26,4,8,1,146.99,0.00,0.00,0.00,0,1.00,1,32.46,0,1,1,,0.00,0,0,1,0,0,0,0,3,13,1
"org.apache.lucene.search.highlight.FragmentQueue",2,0.00,1.50,5,0.08,3346.88,2,0,10,3,8,134.29,0,15,1,2,134.29,0.00,0.50,0.00,0,2.00,2,251.65,0,0,7,org.apache.lucene.util.PriorityQueue,0.00,1,1,3,0,1,2,0,0,63,0
"org.apache.lucene.search.highlight.Fragmenter",2,0.00,1.00,3,0.02,72.21,2,0,1,2,13,108.74,19,4,12,1,158.73,0.00,0.00,0.00,0,2.00,1,48.14,0,0,1,,0.00,0,0,2,0,0,2,0,3,18,1
"org.apache.lucene.search.highlight.GradientFormatter",7,0.24,3.00,96,1.32,58976.06,23,16,0,19,3,50.18,58,147,1,1,98.28,0.00,0.00,0.27,4,25.00,7,3972.45,0,4,2,java.lang.Object,0.00,12,0,21,1,12,3,1,6,768,1
"org.apache.lucene.search.highlight.Highlighter",18,0.07,2.78,194,2.74,339546.68,24,6,10,68,38,51.69,144,308,20,1,99.79,0.00,0.00,0.10,4,98.00,18,8229.01,0,6,18,java.lang.Object,0.00,50,0,50,0,50,12,0,42,1412,1
"org.apache.lucene.search.highlight.HighlighterPhraseTest",5,0.00,1.20,156,2.88,99810.27,6,1,30,44,32,81.46,0,229,0,2,81.46,0.00,0.50,1.00,0,0.00,2,8649.55,0,0,32,org.apache.lucene.util.LuceneTestCase,0.00,39,1,6,0,39,5,0,0,1367,1
"org.apache.lucene.search.highlight.HighlighterPhraseTest$Collector",4,1.00,1.00,9,0.11,1308.54,5,1,30,5,1,139.97,1,19,0,1,139.97,0.00,0.00,0.00,0,4.00,1,317.03,0,0,1,java.lang.Object,0.00,1,0,4,0,1,4,0,1,82,0
"org.apache.lucene.search.highlight.HighlighterPhraseTest$TokenStreamConcurrent",3,0.10,1.33,25,0.40,11527.20,8,5,30,13,5,109.02,0,34,0,3,109.02,0.00,0.67,0.27,1,4.00,2,1202.71,0,0,5,org.apache.lucene.analysis.TokenStream,0.55,10,2,4,0,10,3,0,0,242,3
"org.apache.lucene.search.highlight.HighlighterPhraseTest$TokenStreamSparse",3,0.10,1.33,25,0.40,10771.26,8,5,30,13,5,109.25,0,34,0,3,109.25,0.00,0.67,0.27,1,4.00,2,1196.94,0,0,5,org.apache.lucene.analysis.TokenStream,0.55,10,2,4,0,10,3,0,0,239,3
"org.apache.lucene.search.highlight.HighlighterTest",59,0.08,1.78,622,9.73,460160.33,71,12,36,142,74,152.92,85,700,25,3,102.92,0.00,0.67,0.16,8,489.00,8,29196.22,2,6,49,org.apache.lucene.analysis.BaseTokenStreamTestCase,0.00,83,2,105,0,83,53,1,48,5167,1
"org.apache.lucene.search.highlight.HighlighterTest$Scorer",4,0.00,1.00,8,0.04,260.54,4,0,36,4,1,145.49,0,12,0,1,145.49,0.00,0.00,0.00,0,4.00,1,107.35,0,1,1,java.lang.Object,0.00,0,0,4,0,0,3,0,0,37,0
"org.apache.lucene.search.highlight.HighlighterTest$TestHighlightRunner",1,0.00,1.00,4,0.04,466.10,1,0,36,2,1,127.53,0,6,0,1,127.53,0.00,0.00,0.00,0,0.00,1,113.42,0,0,1,java.lang.Object,0.00,1,0,1,0,1,1,0,0,28,0
"org.apache.lucene.search.highlight.HighlighterTest$TestHighlightRunner_0",1,0.00,1.00,4,0.04,466.10,1,0,36,2,1,127.53,0,6,0,1,127.53,0.00,0.00,0.00,0,0.00,1,113.42,0,0,1,java.lang.Object,0.00,1,0,1,0,1,1,0,0,28,0
"org.apache.lucene.search.highlight.HighlighterTest$TestHighlightRunner_1",1,0.00,1.00,4,0.04,466.10,1,0,36,2,1,127.53,0,6,0,1,127.53,0.00,0.00,0.00,0,0.00,1,113.42,0,0,1,java.lang.Object,0.00,1,0,1,0,1,1,0,0,28,0
"org.apache.lucene.search.highlight.HighlighterTest$TestHighlightRunner_10",1,0.00,1.00,10,0.17,4725.87,1,0,36,9,7,154.76,1,14,0,1,104.76,0.00,0.00,0.00,0,0.00,1,521.69,0,0,7,java.lang.Object,0.00,8,0,1,0,8,1,0,1,97,0
"org.apache.lucene.search.highlight.HighlighterTest$TestHighlightRunner_11",1,0.00,1.00,11,0.16,4137.30,1,0,36,9,5,153.67,1,14,0,1,103.67,0.00,0.00,0.00,0,0.00,1,482.52,0,0,5,java.lang.Object,0.00,8,0,1,0,8,1,0,1,92,0
"org.apache.lucene.search.highlight.HighlighterTest$TestHighlightRunner_12",1,0.00,1.00,11,0.17,3986.47,1,0,36,10,6,103.80,0,14,0,1,103.80,0.00,0.00,0.00,0,0.00,1,504.81,0,0,6,java.lang.Object,0.00,9,0,1,0,9,1,0,0,95,0
"org.apache.lucene.search.highlight.HighlighterTest$TestHighlightRunner_13",1,0.00,1.00,9,0.14,3430.73,1,0,36,8,4,107.56,0,12,0,1,107.56,0.00,0.00,0.00,0,0.00,1,417.34,0,0,4,java.lang.Object,0.00,7,0,1,0,7,1,0,0,82,0
"org.apache.lucene.search.highlight.HighlighterTest$TestHighlightRunner_14",1,0.00,5.00,33,0.53,37900.32,1,0,36,13,5,77.93,0,35,0,1,77.93,0.00,0.00,0.00,0,0.00,5,1597.96,0,0,5,java.lang.Object,0.00,12,0,5,0,12,1,0,0,270,0
"org.apache.lucene.search.highlight.HighlighterTest$TestHighlightRunner_15",1,0.00,1.00,22,0.44,20680.03,1,0,36,15,5,87.18,4,26,0,1,86.94,0.00,0.00,0.00,0,0.00,1,1325.71,0,0,5,java.lang.Object,0.00,14,0,1,0,14,1,0,4,228,0
"org.apache.lucene.search.highlight.HighlighterTest$TestHighlightRunner_16",1,0.00,1.00,15,0.30,10265.68,1,0,36,14,6,145.54,1,18,0,1,95.54,0.00,0.00,0.00,0,1.00,1,913.95,0,0,6,java.lang.Object,0.00,13,0,1,0,13,1,0,1,160,0
"org.apache.lucene.search.highlight.HighlighterTest$TestHighlightRunner_17",1,0.00,3.00,14,0.23,8043.57,1,0,36,10,4,147.24,1,16,0,1,97.24,0.00,0.00,0.00,0,0.00,3,699.24,0,0,4,java.lang.Object,0.00,9,0,3,0,9,1,0,1,122,0
"org.apache.lucene.search.highlight.HighlighterTest$TestHighlightRunner_18",1,0.00,4.00,21,0.41,18450.98,1,0,36,15,6,127.65,2,23,0,1,87.77,0.00,0.00,0.00,0,0.00,4,1217.49,0,0,6,java.lang.Object,0.00,14,0,4,0,14,1,0,2,202,0
"org.apache.lucene.search.highlight.HighlighterTest$TestHighlightRunner_19",1,0.00,1.00,9,0.14,3689.87,1,0,36,9,4,147.20,2,14,0,1,107.32,0.00,0.00,0.00,0,0.00,1,431.25,0,0,4,java.lang.Object,0.00,8,0,1,0,8,1,0,2,83,0
"org.apache.lucene.search.highlight.HighlighterTest$TestHighlightRunner_2",1,0.00,1.00,6,0.08,1462.26,1,0,36,6,3,117.05,0,9,0,1,117.05,0.00,0.00,0.00,0,0.00,1,240.04,0,0,3,java.lang.Object,0.00,5,0,1,0,5,1,0,0,50,0
"org.apache.lucene.search.highlight.HighlighterTest$TestHighlightRunner_20",1,0.00,2.00,26,0.39,15595.75,1,0,36,19,8,40.91,11,28,0,1,85.04,0.00,0.00,0.00,0,1.00,2,1170.42,0,0,8,java.lang.Object,0.00,18,0,2,0,18,1,0,11,200,0
"org.apache.lucene.search.highlight.HighlighterTest$TestHighlightRunner_21",1,0.00,1.00,12,0.23,5098.08,1,0,36,16,8,101.55,0,17,0,1,101.55,0.00,0.00,0.00,0,1.00,1,692.99,0,0,8,java.lang.Object,0.00,15,0,1,0,15,1,0,0,126,0
"org.apache.lucene.search.highlight.HighlighterTest$TestHighlightRunner_22",1,0.00,5.00,23,0.47,20073.67,1,0,36,16,10,41.82,11,25,0,1,85.95,0.00,0.00,0.00,0,0.00,5,1395.13,0,0,10,java.lang.Object,0.00,15,0,5,0,15,1,0,11,221,0
"org.apache.lucene.search.highlight.HighlighterTest$TestHighlightRunner_23",1,0.00,2.00,9,0.12,2670.02,1,0,36,8,4,108.26,0,12,0,1,108.26,0.00,0.00,0.00,0,0.00,2,357.03,0,0,4,java.lang.Object,0.00,7,0,2,0,7,1,0,0,71,0
"org.apache.lucene.search.highlight.HighlighterTest$TestHighlightRunner_24",1,0.00,5.00,25,0.40,16083.85,1,0,36,13,9,125.24,2,31,0,1,85.36,0.00,0.00,0.00,0,0.00,5,1198.51,0,0,9,java.lang.Object,0.00,12,0,5,0,12,1,0,2,209,0
"org.apache.lucene.search.highlight.HighlighterTest$TestHighlightRunner_26",1,0.00,1.00,57,0.94,90807.38,1,0,36,9,6,106.34,2,59,0,1,66.46,0.00,0.00,0.00,0,1.00,1,2828.41,0,0,6,java.lang.Object,0.00,8,0,1,0,8,1,0,2,509,0
"org.apache.lucene.search.highlight.HighlighterTest$TestHighlightRunner_3",1,0.00,1.00,8,0.11,2165.24,1,0,36,7,4,111.05,0,11,0,1,111.05,0.00,0.00,0.00,0,0.00,1,330.41,0,0,4,java.lang.Object,0.00,6,0,1,0,6,1,0,0,65,0
"org.apache.lucene.search.highlight.HighlighterTest$TestHighlightRunner_4",1,0.00,1.00,8,0.11,2092.58,1,0,36,7,4,111.16,0,11,0,1,111.16,0.00,0.00,0.00,0,0.00,1,315.36,0,0,4,java.lang.Object,0.00,6,0,1,0,6,1,0,0,63,0
"org.apache.lucene.search.highlight.HighlighterTest$TestHighlightRunner_5",1,0.00,1.00,8,0.11,2092.58,1,0,36,7,4,111.16,0,11,0,1,111.16,0.00,0.00,0.00,0,0.00,1,315.36,0,0,4,java.lang.Object,0.00,6,0,1,0,6,1,0,0,63,0
"org.apache.lucene.search.highlight.HighlighterTest$TestHighlightRunner_6",1,0.00,1.00,10,0.14,3065.79,1,0,36,7,4,126.86,3,17,0,1,106.24,0.00,0.00,0.00,0,0.00,1,417.82,0,0,4,java.lang.Object,0.00,6,0,1,0,6,1,0,3,80,0
"org.apache.lucene.search.highlight.HighlighterTest$TestHighlightRunner_7",1,0.00,1.00,9,0.12,2639.36,1,0,36,7,3,158.46,1,12,0,1,108.46,0.00,0.00,0.00,0,0.00,1,349.22,0,0,3,java.lang.Object,0.00,6,0,1,0,6,1,0,1,70,0
"org.apache.lucene.search.highlight.HighlighterTest$TestHighlightRunner_8",1,0.00,1.00,8,0.13,3002.62,1,0,36,7,5,159.93,1,12,0,1,109.93,0.00,0.00,0.00,0,0.00,1,388.39,0,0,5,java.lang.Object,0.00,6,0,1,0,6,1,0,1,75,0
"org.apache.lucene.search.highlight.HighlighterTest$TestHighlightRunner_9",1,0.00,1.00,7,0.10,1836.05,1,0,36,10,6,113.77,0,9,0,1,113.77,0.00,0.00,0.00,0,0.00,1,305.25,0,0,6,java.lang.Object,0.00,9,0,1,0,9,1,0,0,64,0
"org.apache.lucene.search.highlight.HighlighterTest$TokenStream",2,0.80,1.50,36,0.45,15891.56,7,5,36,16,4,93.37,0,43,0,1,93.37,0.00,0.00,0.60,0,0.00,2,1362.60,1,0,4,java.lang.Object,0.00,14,0,3,0,14,2,0,0,262,0
"org.apache.lucene.search.highlight.HighlighterTest$TokenStream_25",2,0.80,1.50,36,0.45,15891.56,7,5,36,16,4,93.37,0,43,0,1,93.37,0.00,0.00,0.60,0,0.00,2,1362.60,1,0,4,java.lang.Object,0.00,14,0,3,0,14,2,0,0,262,0
"org.apache.lucene.search.highlight.InvalidTokenOffsetsException",1,0.00,1.00,3,0.02,106.02,1,0,0,1,5,170.64,20,7,5,2,137.25,0.00,0.50,0.00,0,1.00,1,45.51,0,0,0,java.lang.Exception,0.00,0,1,1,0,0,1,0,2,16,1
"org.apache.lucene.search.highlight.NullFragmenter",2,0.00,1.00,4,0.02,133.81,2,0,1,2,10,185.28,4,7,8,1,145.40,0.00,0.00,0.00,0,2.00,1,68.04,0,0,2,java.lang.Object,0.00,0,0,2,0,0,2,1,1,23,1
"org.apache.lucene.search.highlight.OffsetLimitTokenFilter",3,0.17,1.33,16,0.16,3406.43,6,3,4,6,7,170.80,4,23,4,4,120.80,0.00,0.75,0.44,0,1.00,2,469.12,1,0,3,org.apache.lucene.analysis.TokenFilter,0.53,3,3,4,0,3,3,0,1,109,2
"org.apache.lucene.search.highlight.OffsetLimitTokenFilterTest",1,0.00,1.00,16,0.22,8658.75,1,0,3,6,4,134.96,2,24,0,3,95.08,0.00,0.67,0.00,0,1.00,1,654.60,2,0,4,org.apache.lucene.analysis.BaseTokenStreamTestCase,0.00,5,2,1,0,5,1,0,2,135,1
"org.apache.lucene.search.highlight.OffsetLimitTokenFilterTest$Analyzer",1,0.00,1.00,5,0.06,1383.12,1,0,3,5,2,120.19,0,7,0,1,120.19,0.00,0.00,0.00,0,1.00,1,193.47,0,1,2,java.lang.Object,0.00,4,0,1,0,4,0,0,0,45,0
"org.apache.lucene.search.highlight.PositionSpan",1,2.00,1.00,6,0.03,519.81,3,2,3,1,4,120.59,0,8,4,1,120.59,0.00,0.00,0.00,0,1.00,1,102.88,0,0,0,java.lang.Object,0.00,0,0,1,0,0,1,0,0,32,0
"org.apache.lucene.search.highlight.QueryScorer",18,0.04,1.56,95,1.02,27654.77,33,15,13,40,22,119.97,84,126,10,1,119.73,0.00,0.00,0.10,2,118.00,4,3074.81,0,3,12,java.lang.Object,0.00,22,0,28,0,22,15,1,20,657,1
"org.apache.lucene.search.highlight.QueryTermExtractor",7,0.00,2.43,44,0.75,34621.75,7,0,9,25,8,70.39,52,78,1,1,112.68,0.00,0.00,0.00,3,7.00,6,2263.70,0,4,7,java.lang.Object,0.00,18,0,17,0,18,3,0,10,433,2
"org.apache.lucene.search.highlight.QueryTermScorer",10,0.04,1.40,44,0.47,12374.56,16,6,6,23,13,91.89,60,58,5,1,124.11,0.00,0.00,0.20,0,34.00,3,1399.55,0,1,8,java.lang.Object,0.00,13,0,14,0,13,9,1,17,313,1
"org.apache.lucene.search.highlight.Scorer",4,0.00,1.00,5,0.03,143.81,4,0,2,4,7,110.64,33,6,5,1,158.75,0.00,0.00,0.00,0,4.00,1,77.87,0,1,2,,0.00,0,0,4,0,0,3,0,5,30,1
"org.apache.lucene.search.highlight.SimpleFragmenter",6,0.10,1.17,21,0.15,2457.28,10,4,2,8,12,153.21,20,29,9,1,132.60,0.00,0.00,0.33,0,10.00,2,460.63,0,0,3,java.lang.Object,0.00,2,0,7,1,2,6,1,6,120,1
"org.apache.lucene.search.highlight.SimpleHTMLEncoder",3,0.00,3.33,27,0.29,19022.81,3,0,0,9,6,62.90,22,47,5,1,105.19,0.00,0.00,0.00,1,3.00,8,882.54,0,2,1,java.lang.Object,0.00,6,0,10,0,6,1,1,3,169,1
"org.apache.lucene.search.highlight.SimpleHTMLFormatter",3,0.12,1.33,18,0.18,4973.57,7,4,0,8,13,68.45,26,23,11,1,116.55,0.00,0.00,0.33,0,5.00,2,544.46,0,1,2,java.lang.Object,0.00,5,0,4,0,5,2,1,6,129,1
"org.apache.lucene.search.highlight.SimpleSpanFragmenter",4,0.40,2.50,43,0.50,20261.08,14,10,6,12,10,104.55,17,51,1,1,104.31,0.00,0.00,0.40,0,6.00,7,1514.42,0,0,9,java.lang.Object,0.00,8,0,10,0,8,4,1,5,296,1
"org.apache.lucene.search.highlight.SpanGradientFormatter",2,0.50,3.00,24,0.29,10694.80,4,2,0,7,2,71.75,26,43,0,2,101.13,0.00,0.50,0.25,0,2.00,5,883.58,2,1,2,org.apache.lucene.search.highlight.GradientFormatter,0.00,5,1,6,0,5,1,0,4,180,1
"org.apache.lucene.search.highlight.SynonymAnalyzer",2,1.00,1.00,10,0.13,2930.19,3,1,36,6,20,140.61,6,14,1,2,120.00,0.00,0.50,0.50,0,2.00,1,398.35,0,1,19,org.apache.lucene.index.Analyzer,0.00,4,1,2,0,4,1,0,1,90,1
"org.apache.lucene.search.highlight.SynonymTokenizer",5,0.28,2.00,59,0.73,24716.78,15,10,36,27,18,102.90,1,74,1,2,102.90,0.00,0.50,0.32,3,7.00,6,2200.40,3,0,17,org.apache.lucene.document.TokenStream,0.00,22,1,10,0,22,5,0,1,431,1
"org.apache.lucene.search.highlight.SynonymTokenizer$TestHighlightRunner_27",7,0.21,2.57,52,0.69,19217.17,11,4,36,20,13,112.18,0,64,0,1,112.18,0.00,0.00,0.43,3,3.00,5,2081.92,0,3,13,java.lang.Object,0.00,13,0,18,0,13,4,0,0,409,2
"org.apache.lucene.search.highlight.TextFragment",7,0.03,1.00,23,0.17,2178.67,12,5,0,10,14,133.81,34,39,14,1,133.57,0.00,0.00,0.23,0,20.00,1,499.51,0,1,0,java.lang.Object,0.00,3,0,7,0,3,6,0,6,138,1
"org.apache.lucene.search.highlight.TokenGroup",10,0.13,1.40,55,0.50,19712.27,21,11,4,18,10,158.79,25,71,6,1,118.90,0.00,0.00,0.21,0,38.00,5,1514.47,0,1,4,java.lang.Object,0.00,8,0,14,0,8,9,0,7,329,1
"org.apache.lucene.search.highlight.TokenSourcesTest",4,0.00,1.00,115,2.08,59540.37,5,1,25,37,26,104.77,13,180,0,2,84.16,0.00,0.50,1.00,0,0.00,1,6251.60,0,0,26,org.apache.lucene.util.LuceneTestCase,0.00,33,1,4,0,33,4,0,13,1003,1
"org.apache.lucene.search.highlight.TokenSourcesTest$OverlapAnalyzer",1,0.00,1.00,3,0.03,413.85,1,0,25,3,0,132.60,0,6,0,2,132.60,0.00,0.50,0.00,0,1.00,1,102.14,0,1,0,org.apache.lucene.index.Analyzer,0.00,2,1,1,0,2,0,0,0,28,3
"org.apache.lucene.search.highlight.TokenSourcesTest$TokenStreamOverlap",3,0.10,1.33,27,0.46,13365.75,8,5,25,13,4,106.60,0,36,0,2,106.60,0.00,0.50,0.27,1,4.00,2,1377.76,0,0,4,org.apache.lucene.search.Tokenizer,0.00,10,1,4,0,10,3,0,0,269,3
"org.apache.lucene.search.highlight.TokenStreamFromTermPositionVector",3,0.30,2.67,50,0.69,32217.48,8,5,14,27,9,114.73,9,57,0,3,94.12,0.00,0.67,0.40,0,1.00,5,2069.85,0,0,9,org.apache.lucene.analysis.TokenStream,0.55,24,2,8,0,24,3,0,4,377,2
"org.apache.lucene.search.highlight.TokenStreamFromTermPositionVector$Comparator<Token>",1,0.00,1.00,3,0.03,607.54,1,0,14,2,1,131.28,0,4,0,1,131.28,0.00,0.00,0.00,0,1.00,1,103.41,0,0,1,java.lang.Object,0.00,1,0,1,0,1,1,0,0,29,0
"org.apache.lucene.search.highlight.WeightedSpanTerm",7,0.33,1.29,24,0.25,5044.95,9,2,3,11,8,151.26,24,34,6,2,130.64,0.00,0.50,0.21,0,18.00,3,744.79,0,1,2,org.apache.lucene.search.highlight.WeightedTerm,0.00,4,1,9,0,4,6,0,8,177,1
"org.apache.lucene.search.highlight.WeightedSpanTermExtractor",19,0.03,4.58,287,4.08,376782.26,27,8,25,94,26,75.07,99,337,1,1,92.94,0.00,0.00,0.10,9,144.00,28,12232.62,0,5,25,java.lang.Object,0.00,75,0,87,0,75,14,0,19,2074,1
"org.apache.lucene.search.highlight.WeightedSpanTermExtractor$PositionCheckingMap",2,0.00,4.50,13,0.18,5477.31,2,0,25,2,1,114.56,0,18,0,2,114.56,0.00,0.50,0.00,0,2.00,6,540.21,1,1,1,java.util.HashMap,0.00,0,1,9,0,0,1,0,0,120,2
"org.apache.lucene.search.highlight.WeightedTerm",5,0.38,1.00,14,0.08,974.53,7,2,0,5,4,109.52,32,26,4,1,141.74,0.00,0.00,0.20,0,11.00,1,250.85,0,1,0,java.lang.Object,0.00,0,0,5,1,0,4,0,8,75,1
"org.apache.lucene.facet.index.attributes.CategoryAttribute",11,0.00,1.00,12,0.10,932.14,11,0,4,11,21,107.71,92,16,18,2,155.82,0.00,0.50,0.00,0,11.00,1,313.06,0,5,3,,0.00,0,1,11,0,0,6,0,13,101,1
"org.apache.lucene.facet.index.attributes.CategoryAttributeImpl",16,0.03,2.44,75,0.83,32799.33,18,2,5,32,11,162.14,43,119,7,2,122.26,0.00,0.50,0.53,2,0.00,6,2493.89,1,2,4,org.apache.lucene.util.AttributeImpl,0.19,16,1,39,0,16,14,1,8,563,2
"org.apache.lucene.facet.index.attributes.CategoryAttributeImplTest",3,0.00,2.33,56,0.83,49811.60,3,0,9,26,7,72.87,16,75,0,2,90.75,0.00,0.50,0.00,0,3.00,5,2480.97,0,0,7,org.apache.lucene.util.LuceneTestCase,0.00,23,1,7,0,23,3,0,1,456,1
"org.apache.lucene.facet.index.attributes.CategoryAttributesIterable",2,1.00,1.00,7,0.08,1216.99,3,1,3,3,5,87.15,23,10,3,1,131.28,0.00,0.00,0.00,0,2.00,1,226.02,0,1,2,java.lang.Object,0.00,1,0,2,0,1,1,1,2,58,1
"org.apache.lucene.facet.index.attributes.CategoryAttributesIterable$CategoryAttributesIterator",4,2.00,1.00,13,0.12,1700.17,6,2,3,7,3,132.50,0,19,0,1,132.50,0.00,0.00,0.00,3,4.00,1,361.95,0,1,3,java.lang.Object,0.00,3,0,4,0,3,3,1,0,97,2
"org.apache.lucene.facet.index.attributes.CategoryAttributesIterableTest",1,0.00,3.00,17,0.17,6012.83,1,0,9,7,4,104.22,17,17,0,3,95.09,0.00,0.67,0.00,0,0.00,3,512.34,0,0,4,org.apache.lucene.facet.index.CategoryContainerTestBase,0.00,6,2,3,0,6,1,0,2,100,1
"org.apache.lucene.facet.index.attributes.CategoryProperty",1,0.00,1.00,2,0.01,88.08,1,0,2,1,22,126.37,39,4,22,2,144.46,0.00,0.50,0.00,0,1.00,1,44.04,0,0,1,,0.00,0,1,1,0,0,1,0,3,15,1
"org.apache.lucene.facet.index.attributes.OrdinalProperty",7,1.00,1.29,21,0.17,3337.04,8,1,0,8,6,152.67,25,34,5,1,132.05,0.00,0.00,0.14,0,12.00,3,509.74,0,0,1,java.lang.Object,0.00,1,0,9,0,1,7,1,2,131,1
"org.apache.solr.BaseDistributedSearchTestCase",35,0.01,3.09,370,5.04,330774.06,61,26,28,111,19,152.13,42,413,7,3,102.13,3.50,0.20,0.05,15,534.00,16,15129.77,2,17,12,org.apache.solr.SolrTestCaseJ4,0.07,76,2,108,7,76,18,0,25,2827,2
"org.apache.solr.BaseDistributedSearchTestCase$RandDate",1,0.00,1.00,6,0.07,1176.00,2,1,28,4,1,117.79,0,9,0,2,117.79,0.00,0.50,1.00,0,0.00,1,196.89,0,1,1,org.apache.solr.RandVal,0.00,3,1,1,0,3,0,0,0,48,2
"org.apache.solr.BaseDistributedSearchTestCase$RandVal",1,0.00,1.00,3,0.02,222.80,1,0,28,1,0,134.71,0,5,0,1,134.71,0.00,0.00,0.00,0,0.00,1,58.19,0,1,0,java.lang.Object,0.00,0,0,1,0,0,0,0,0,18,0
"org.apache.solr.BaseDistributedSearchTestCase$RandVal_0",1,0.00,1.00,3,0.02,222.80,1,0,28,1,0,134.71,0,5,0,1,134.71,0.00,0.00,0.00,0,0.00,1,58.19,0,1,0,java.lang.Object,0.00,0,0,1,0,0,0,0,0,18,0
"org.apache.solr.BaseDistributedSearchTestCase$RandVal_1",1,0.00,1.00,3,0.02,222.80,1,0,28,1,0,134.71,0,5,0,1,134.71,0.00,0.00,0.00,0,0.00,1,58.19,0,1,0,java.lang.Object,0.00,0,0,1,0,0,0,0,0,18,0
"org.apache.solr.BaseDistributedSearchTestCase$RandVal_2",1,0.00,1.00,3,0.02,222.80,1,0,28,1,0,134.71,0,5,0,1,134.71,0.00,0.00,0.00,0,0.00,1,58.19,0,1,0,java.lang.Object,0.00,0,0,1,0,0,0,0,0,18,0
"org.apache.solr.BaseDistributedSearchTestCase$RandVal_3",2,0.50,2.00,11,0.07,1148.68,4,2,28,4,0,123.04,0,11,0,1,123.04,0.00,0.00,0.25,1,2.00,3,213.09,0,2,0,java.lang.Object,0.00,2,0,4,0,2,0,0,0,56,3
"org.apache.solr.BaseDistributedSearchTestCase$Thread",1,0.00,4.00,13,0.14,4176.98,1,0,28,5,3,100.62,0,16,0,1,100.62,0.00,0.00,0.00,0,0.00,4,420.53,0,0,3,java.lang.Object,0.00,4,0,4,0,4,1,0,0,81,0
"org.apache.solr.BasicFunctionalityTest",23,0.00,1.22,290,5.00,185755.83,23,0,34,110,26,120.55,76,488,0,3,99.93,0.00,0.67,0.00,0,121.00,2,14989.11,12,2,26,org.apache.solr.SolrTestCaseJ4,0.00,87,2,28,0,87,21,0,46,2634,1
"org.apache.solr.BasicFunctionalityTest$RequestHandlerBase",5,0.00,1.00,11,0.08,840.12,5,0,34,6,2,142.25,0,14,0,1,142.25,0.00,0.00,0.00,0,5.00,1,226.16,0,4,2,java.lang.Object,0.00,1,0,5,0,1,1,0,0,66,0
"org.apache.solr.CollectionTester",15,0.02,4.47,193,2.58,193336.65,23,8,3,54,2,98.03,8,231,1,1,98.03,0.00,0.00,0.14,10,71.00,24,7731.72,0,4,2,java.lang.Object,0.00,39,0,67,0,39,11,0,8,1394,0
"org.apache.solr.ConvertedLegacyTest",2,0.00,1.00,515,9.77,555908.47,2,0,5,6,4,52.02,69,1098,0,3,38.23,0.00,0.67,0.00,0,2.00,1,29307.46,7,0,4,org.apache.solr.SolrTestCaseJ4,0.00,4,2,2,0,4,2,0,64,3294,1
"org.apache.solr.DisMaxRequestHandlerTest",5,0.00,1.00,34,0.88,20323.02,5,0,4,14,2,163.55,6,159,0,3,113.55,0.00,0.67,0.00,1,7.00,1,2637.92,5,0,2,org.apache.solr.SolrTestCaseJ4,0.00,9,2,5,0,9,5,0,4,467,1
"org.apache.solr.EchoParamsTest",6,0.40,1.00,30,0.35,4505.02,7,1,3,9,2,122.28,2,45,0,3,122.28,0.00,0.67,0.67,4,0.00,1,1045.21,3,0,2,org.apache.solr.SolrTestCaseJ4,0.00,3,2,6,0,3,6,0,2,236,1
"org.apache.solr.JSONTestUtil",6,0.60,1.83,26,0.43,15829.65,7,1,3,14,5,103.59,35,35,4,1,121.46,0.00,0.00,0.50,2,6.00,4,1289.14,0,6,2,java.lang.Object,0.00,8,0,11,0,8,0,0,7,274,1
"org.apache.solr.MinimalSchemaTest",4,0.00,2.00,26,0.41,9850.12,4,0,4,14,2,97.23,21,71,0,3,115.11,0.00,0.67,0.00,0,4.00,5,1219.61,5,0,2,org.apache.solr.SolrTestCaseJ4,0.00,10,2,8,0,10,4,0,6,241,1
"org.apache.solr.OutputWriterTest",5,1.00,1.00,29,0.37,6502.09,6,1,9,11,6,141.02,16,40,0,3,120.40,0.00,0.67,0.20,0,0.00,1,1120.10,3,0,6,org.apache.solr.SolrTestCaseJ4,0.00,6,2,5,0,6,5,0,10,247,1
"org.apache.solr.OutputWriterTest$UselessOutputWriter",4,0.00,1.00,7,0.06,471.75,4,0,9,5,4,154.69,0,11,0,1,154.69,0.00,0.00,0.00,0,8.00,1,166.32,0,1,4,java.lang.Object,0.00,1,0,4,0,1,3,1,0,49,2
"org.apache.solr.SampleTest",3,0.00,1.00,22,0.36,6075.06,3,0,5,8,3,65.33,26,55,0,3,113.44,0.00,0.67,0.00,0,1.00,1,1079.11,7,0,3,org.apache.solr.SolrTestCaseJ4,0.00,5,2,3,0,5,3,0,9,201,1
"org.apache.solr.SolrInfoMBeanTest",3,0.00,4.33,50,0.88,58358.28,3,0,13,38,8,92.21,14,65,0,3,91.97,0.00,0.67,0.00,1,4.00,7,2648.29,1,1,8,org.apache.solr.SolrTestCaseJ4,0.00,35,2,13,0,35,2,0,9,453,1
"org.apache.solr.SolrJettyTestBase",5,0.19,2.00,40,0.41,11980.77,9,4,6,19,9,150.43,13,54,3,3,110.54,8.00,0.11,0.40,0,1.00,3,1223.70,2,4,6,org.apache.solr.SolrTestCaseJ4,0.00,14,2,10,16,14,1,0,8,254,2
"org.apache.solr.SolrTestCaseJ4",57,0.01,2.46,432,6.11,299403.49,72,15,34,186,131,130.59,175,559,110,2,109.97,170.00,0.01,0.06,29,1008.00,10,18323.56,2,26,21,org.apache.lucene.util.LuceneTestCase,0.00,129,1,140,170,129,31,0,63,3488,2
"org.apache.solr.SolrTestCaseJ4$Comparator<Doc>",1,0.00,1.00,3,0.04,766.48,1,0,34,1,0,130.49,0,5,0,1,130.49,0.00,0.00,0.00,0,1.00,1,117.75,0,0,0,java.lang.Object,0.00,0,0,1,0,0,1,0,0,31,0
"org.apache.solr.SolrTestCaseJ4$Comparator<Doc>_0",2,0.00,10.00,28,0.40,21753.61,2,0,34,4,0,95.93,1,36,0,1,95.93,0.00,0.00,0.00,0,2.00,10,1210.36,0,1,0,java.lang.Object,0.00,2,0,20,0,2,1,0,1,246,0
"org.apache.solr.SolrTestCaseJ4$Comparator<Doc>_1",1,0.00,3.00,8,0.09,4301.78,1,0,34,2,0,108.45,0,10,0,1,108.45,0.00,0.00,0.00,0,1.00,3,271.66,0,0,0,java.lang.Object,0.00,1,0,3,0,1,1,0,0,60,0
"org.apache.solr.SolrTestCaseJ4$Doc",7,0.17,2.00,34,0.49,16841.97,10,3,34,20,2,121.76,1,47,0,1,121.76,0.00,0.00,0.19,2,18.00,3,1463.44,0,4,2,java.lang.Object,0.00,13,0,14,0,13,3,1,1,317,2
"org.apache.solr.SolrTestCaseJ4$FVal",3,0.25,1.33,11,0.09,1836.28,5,2,34,4,0,131.19,0,16,0,2,131.19,0.00,0.50,0.33,1,4.00,2,276.27,0,1,0,org.apache.solr.Vals,0.00,1,1,4,0,1,2,0,0,75,2
"org.apache.solr.SolrTestCaseJ4$Fld",1,0.00,2.00,5,0.08,1553.12,3,2,34,5,0,119.64,0,8,0,1,119.64,0.00,0.00,1.00,0,0.00,2,231.61,0,1,0,java.lang.Object,0.00,4,0,2,0,4,0,0,0,55,2
"org.apache.solr.SolrTestCaseJ4$FldType",5,0.25,1.60,29,0.25,7047.42,8,3,34,9,0,120.02,0,32,0,1,120.02,0.00,0.00,0.13,1,14.00,3,743.31,0,3,0,java.lang.Object,0.00,4,0,8,0,4,2,0,0,176,0
"org.apache.solr.SolrTestCaseJ4$IRange",3,0.25,1.00,10,0.07,1037.76,5,2,34,4,0,133.21,0,16,0,2,133.21,0.00,0.50,0.33,1,4.00,1,220.19,0,1,0,org.apache.solr.IVals,0.00,1,1,3,0,1,2,0,0,63,2
"org.apache.solr.SolrTestCaseJ4$IVals",1,0.00,1.00,2,0.01,103.02,1,0,34,1,0,143.92,0,3,0,2,143.92,0.00,0.50,0.00,0,1.00,1,39.51,0,0,0,org.apache.solr.Vals,0.00,0,1,1,0,0,1,0,0,14,3
"org.apache.solr.SolrTestCaseJ4$SVal",3,0.12,1.33,20,0.17,4255.35,7,4,34,5,0,117.09,0,23,0,2,117.09,0.00,0.50,0.33,0,4.00,2,519.77,0,1,0,org.apache.solr.Vals,0.00,2,1,4,0,2,2,0,0,124,2
"org.apache.solr.SolrTestCaseJ4$Vals",3,0.00,1.33,6,0.07,1649.28,3,0,34,5,0,138.13,0,9,0,1,138.13,0.00,0.00,0.00,0,3.00,2,196.21,0,2,0,java.lang.Object,0.00,2,0,4,0,2,1,0,0,54,3
"org.apache.solr.SolrTestCaseJ4$XmlDoc",1,0.00,1.00,4,0.02,212.03,2,1,34,1,0,130.22,0,5,0,1,130.22,0.00,0.00,1.00,0,0.00,1,66.54,0,1,0,java.lang.Object,0.00,0,0,1,0,0,0,0,0,21,2
"org.apache.solr.TestDistributedGrouping",2,0.71,3.50,89,2.71,335721.95,9,7,7,7,4,36.04,13,99,0,4,68.26,0.00,0.75,0.50,1,2.00,5,8141.28,6,0,4,org.apache.solr.BaseDistributedSearchTestCase,0.04,5,3,7,0,5,2,0,7,1156,1
"org.apache.solr.TestDistributedSearch",1,9.00,10.00,132,3.27,381138.76,17,16,1,7,3,4.28,54,179,1,4,47.42,0.00,0.75,0.44,0,0.00,10,9818.74,6,0,2,org.apache.solr.BaseDistributedSearchTestCase,0.04,6,3,10,0,6,1,0,39,1288,1
"org.apache.solr.TestGroupingSearch",17,0.12,3.47,327,8.43,857041.02,22,5,10,71,6,86.22,75,596,0,3,85.98,0.00,0.67,0.08,3,58.00,32,25296.99,17,4,6,org.apache.solr.SolrTestCaseJ4,0.00,54,2,59,0,54,13,0,67,3881,1
"org.apache.solr.TestGroupingSearch$Comparator<Grp>",1,0.00,1.00,5,0.05,1099.53,1,0,10,2,0,170.98,1,7,0,1,120.98,0.00,0.00,0.00,0,1.00,1,164.08,0,0,0,java.lang.Object,0.00,1,0,1,0,1,1,0,1,41,0
"org.apache.solr.TestGroupingSearch$Comparator<Grp>_0",1,0.00,1.00,5,0.07,1411.42,1,0,10,4,0,170.12,1,7,0,1,120.12,0.00,0.00,0.00,0,1.00,1,204.13,0,0,0,java.lang.Object,0.00,3,0,1,0,3,1,0,1,49,0
"org.apache.solr.TestGroupingSearch$Grp",2,0.67,1.50,10,0.13,2698.57,5,3,10,5,0,120.18,1,14,0,1,120.18,0.00,0.00,0.67,0,0.00,2,385.28,0,1,0,java.lang.Object,0.00,3,0,3,0,3,1,0,1,89,2
"org.apache.solr.TestJoin",5,0.00,4.60,111,2.71,247524.72,5,0,14,41,10,123.49,14,148,0,3,83.60,0.00,0.67,0.00,1,8.00,11,8127.73,10,2,10,org.apache.solr.SolrTestCaseJ4,0.00,36,2,23,0,36,3,0,14,1235,1
"org.apache.solr.TestPluginEnable",2,0.00,1.00,6,0.07,911.55,2,0,3,6,2,152.88,6,11,0,3,132.27,0.00,0.67,0.00,0,2.00,1,209.87,1,0,2,org.apache.solr.SolrTestCaseJ4,0.00,4,2,2,0,4,2,0,1,54,1
"org.apache.solr.TestSolrCoreProperties",10,0.06,1.10,63,0.73,15531.00,16,6,11,41,7,166.82,10,75,0,2,116.82,0.00,0.50,0.22,4,50.00,2,2193.20,2,5,7,org.apache.lucene.util.LuceneTestCase,0.00,31,1,11,0,31,5,0,2,451,1
"org.apache.solr.TestTrie",13,0.00,2.31,173,3.38,188229.26,13,0,11,25,6,136.38,26,197,0,3,96.49,0.00,0.67,0.00,3,24.00,6,10136.66,8,0,6,org.apache.solr.SolrTestCaseJ4,0.04,12,2,30,0,12,13,0,21,1717,1
"org.apache.lucene.benchmark.utils.ExtractReuters",5,0.04,3.40,72,0.98,52435.45,11,6,8,36,1,116.92,18,86,1,1,96.30,0.00,0.00,0.20,2,11.00,8,2952.11,0,0,0,java.lang.Object,0.00,31,0,17,0,31,5,0,12,536,1
"org.apache.lucene.benchmark.utils.ExtractReuters$FileFilter",1,0.00,1.00,3,0.02,227.68,1,0,8,3,0,134.64,0,4,0,1,134.64,0.00,0.00,0.00,0,1.00,1,70.91,0,0,0,java.lang.Object,0.00,2,0,1,0,2,1,0,0,21,0
"org.apache.lucene.benchmark.utils.ExtractWikipedia",6,0.15,3.00,86,1.17,55182.14,10,4,8,34,5,96.78,4,101,1,1,96.78,0.00,0.00,0.12,3,14.00,6,3522.10,0,1,4,java.lang.Object,0.00,28,0,18,0,28,5,0,2,654,1
"org.apache.lucene.sandbox.queries.Deprecated",2,0.60,3.00,22,0.32,13620.14,7,5,5,5,3,119.85,37,35,0,3,101.72,0.00,0.67,0.50,0,2.00,4,962.55,1,1,3,org.apache.lucene.index.FilteredTermsEnum,0.00,3,2,6,0,3,1,0,5,199,1
"org.apache.lucene.sandbox.queries.DuplicateFilter",13,0.03,2.46,99,1.10,49610.23,16,3,8,29,12,161.06,20,137,3,2,111.06,0.00,0.50,0.36,2,25.00,10,3300.78,0,6,9,org.apache.lucene.search.Filter,0.00,16,1,32,0,16,7,0,8,658,1
"org.apache.lucene.sandbox.queries.DuplicateFilter$KeepMode",0,0.00,0.00,2,0.01,23.26,0,0,8,0,0,171.00,0,3,0,1,171.00,0.00,0.00,0.00,0,0.00,0,15.51,0,0,0,java.lang.Object,0.00,0,0,0,0,0,0,0,0,6,1
"org.apache.lucene.sandbox.queries.DuplicateFilter$ProcessingMode",0,0.00,0.00,2,0.01,23.26,0,0,8,0,0,171.00,0,3,0,1,171.00,0.00,0.00,0.00,0,0.00,0,15.51,0,0,0,java.lang.Object,0.00,0,0,0,0,0,0,0,0,6,1
"org.apache.lucene.sandbox.queries.DuplicateFilterTest",8,0.46,1.88,96,1.44,41745.04,13,5,13,42,15,101.33,3,115,0,2,101.33,0.00,0.50,0.60,1,0.00,3,4309.57,2,0,15,org.apache.lucene.util.LuceneTestCase,0.00,34,1,15,0,34,8,0,3,795,1
"org.apache.lucene.sandbox.queries.FuzzyLikeThisQuery",9,0.16,4.56,138,2.20,172579.88,17,8,18,63,21,60.83,60,186,3,2,93.05,0.00,0.50,0.26,1,2.00,12,6601.65,1,2,18,org.apache.lucene.search.Query,0.11,54,1,41,0,54,7,0,34,1125,1
"org.apache.lucene.sandbox.queries.FuzzyLikeThisQuery$FieldVals",3,1.00,5.33,32,0.42,20772.02,7,4,18,7,0,103.07,0,52,0,1,103.07,0.00,0.00,0.92,0,0.00,12,1256.70,0,0,0,java.lang.Object,0.00,4,0,16,0,4,3,0,0,266,0
"org.apache.lucene.sandbox.queries.FuzzyLikeThisQuery$ScoreTerm",1,3.00,1.00,8,0.06,948.88,4,3,18,1,1,113.87,0,10,0,1,113.87,0.00,0.00,0.00,0,1.00,1,171.73,0,0,1,java.lang.Object,0.00,0,0,1,0,0,1,0,0,47,2
"org.apache.lucene.sandbox.queries.FuzzyLikeThisQuery$ScoreTermQueue",2,0.00,1.50,5,0.09,2781.31,2,0,18,3,1,184.93,3,13,0,2,134.93,0.00,0.50,0.00,0,2.00,2,259.43,0,0,1,org.apache.lucene.util.PriorityQueue,0.00,1,1,3,0,1,2,0,1,64,2
"org.apache.lucene.sandbox.queries.FuzzyLikeThisQueryTest",7,0.21,1.00,74,1.22,34022.70,11,4,15,33,13,104.67,4,85,0,2,104.67,0.00,0.50,0.43,1,0.00,1,3664.96,2,0,13,org.apache.lucene.util.LuceneTestCase,0.00,26,1,7,0,26,7,0,4,675,1
"org.apache.lucene.sandbox.queries.TestSlowCollationMethods",7,0.39,1.86,87,1.21,45760.75,13,6,15,39,17,121.17,21,91,0,2,100.56,0.00,0.50,0.50,2,0.00,3,3624.34,0,0,17,org.apache.lucene.util.LuceneTestCase,0.00,32,1,13,0,32,7,0,4,685,1
"org.apache.lucene.sandbox.queries.TestSlowCollationMethods$FieldComparatorSource",1,0.00,1.00,3,0.04,609.36,1,0,15,2,1,131.27,0,5,0,1,131.27,0.00,0.00,0.00,0,0.00,1,122.20,0,1,1,java.lang.Object,0.00,1,0,1,0,1,0,0,0,30,0
"org.apache.lucene.spatial.tier.projections.CartesianTierPlotter",13,0.04,1.08,51,0.58,11625.99,22,9,0,24,3,130.18,55,68,2,1,129.94,0.00,0.00,0.08,5,81.00,2,1740.44,0,2,1,java.lang.Object,0.00,11,0,14,0,11,11,0,13,401,1
"org.apache.lucene.spatial.tier.projections.Deprecated",2,0.00,1.00,9,0.09,2597.96,2,0,0,4,1,91.80,13,12,0,1,124.02,0.00,0.00,0.00,0,2.00,1,284.61,0,1,1,java.lang.Object,0.00,2,0,2,0,2,1,1,1,71,1
"org.apache.lucene.spatial.tier.projections.IProjector",2,0.00,1.00,3,0.02,150.60,2,0,0,2,3,196.11,5,4,3,1,156.22,0.00,0.00,0.00,0,2.00,1,65.00,0,1,0,,0.00,0,0,2,0,0,1,0,1,23,1
"org.apache.lucene.spatial.tier.projections.SinusoidalProjectorTest",1,0.00,1.00,3,0.03,376.22,1,0,2,2,0,176.86,22,6,0,2,132.92,0.00,0.50,0.00,0,1.00,1,80.23,0,0,0,org.apache.lucene.util.LuceneTestCase,0.00,1,1,1,0,1,1,0,3,23,1
"org.apache.lucene.facet.taxonomy.CategoryPath",42,0.28,4.05,544,5.92,521919.36,45,3,4,59,83,48.18,403,595,83,1,98.18,0.00,0.00,0.61,7,0.00,9,17766.79,0,7,0,java.lang.Object,0.00,17,0,170,0,17,35,3,94,3560,1
"org.apache.lucene.facet.taxonomy.TaxonomyReader",12,2.00,1.00,16,0.13,1176.77,14,2,3,12,64,173.45,217,17,63,2,155.32,0.00,0.50,0.00,0,12.00,1,381.48,0,2,1,,0.00,0,1,12,0,0,10,0,17,119,1
"org.apache.lucene.facet.taxonomy.TaxonomyReader$ChildrenArrays",2,0.00,1.00,3,0.01,85.26,2,0,3,2,0,115.88,14,4,0,1,158.17,0.00,0.00,0.00,0,2.00,1,42.63,0,0,0,,0.00,0,0,2,0,0,2,0,2,17,2
"org.apache.lucene.facet.taxonomy.TaxonomyWriter",7,0.00,1.00,8,0.07,577.83,7,0,4,7,34,145.55,108,9,32,2,155.91,0.00,0.50,0.00,0,7.00,1,215.16,0,0,2,,0.00,0,1,7,0,0,7,0,9,69,1
"org.apache.lucene.facet.taxonomy.TestCategoryPath",31,0.00,1.65,636,8.91,660565.20,31,0,8,80,1,88.50,127,701,0,2,88.27,0.00,0.50,0.00,0,31.00,7,26741.98,0,0,1,org.apache.lucene.util.LuceneTestCase,0.00,49,1,51,0,49,31,0,112,5175,1
"org.apache.lucene.facet.taxonomy.TestCategoryPath$CS",4,1.00,1.00,11,0.10,1569.64,5,1,8,6,0,139.35,1,16,0,1,139.35,0.00,0.00,0.00,0,4.00,1,308.95,0,1,0,java.lang.Object,0.00,2,0,4,0,2,3,1,1,83,2
"org.apache.lucene.facet.taxonomy.TestTaxonomyCombined",29,0.19,3.21,579,8.14,518580.02,32,3,15,83,9,41.07,307,692,0,2,89.54,0.00,0.50,0.15,5,203.00,14,24406.88,0,3,9,org.apache.lucene.util.LuceneTestCase,0.00,54,1,93,0,54,26,0,166,4396,1
"org.apache.lucene.facet.taxonomy.TestTaxonomyCombined$Thread",2,0.00,2.00,13,0.25,7350.13,2,0,15,9,0,113.74,0,23,0,1,113.74,0.00,0.00,0.00,1,2.00,3,746.72,0,0,0,java.lang.Object,0.00,7,0,4,0,7,2,0,0,147,0
"org.apache.lucene.facet.index.categorypolicy.DefaultOrdinalPolicy",2,0.00,1.00,4,0.03,272.04,2,0,2,2,6,122.83,29,6,3,1,142.97,0.00,0.00,0.00,0,2.00,1,86.97,0,0,3,java.lang.Object,0.00,0,0,2,0,0,2,1,4,27,1
"org.apache.lucene.facet.index.categorypolicy.DefaultPathPolicy",1,0.00,1.00,3,0.02,257.67,1,0,2,2,6,183.70,26,5,3,1,134.22,0.00,0.00,0.00,0,1.00,1,71.02,0,0,3,java.lang.Object,0.00,1,0,1,0,1,1,1,3,21,1
"org.apache.lucene.facet.index.categorypolicy.NonTopLevelOrdinalPolicy",3,1.00,2.00,13,0.11,1807.43,4,1,2,4,6,97.11,39,21,3,1,126.49,0.00,0.00,0.00,0,3.00,4,318.29,0,0,3,java.lang.Object,0.00,1,0,6,0,1,3,1,6,79,1
"org.apache.lucene.facet.index.categorypolicy.NonTopLevelPathPolicy",1,0.00,1.00,4,0.04,402.32,2,1,2,2,6,169.51,29,6,3,1,128.03,0.00,0.00,1.00,0,0.00,1,105.70,0,0,3,java.lang.Object,0.00,1,0,1,0,1,1,1,4,29,1
"org.apache.lucene.facet.index.categorypolicy.OrdinalPolicy",2,0.00,1.00,3,0.02,127.02,2,0,3,2,10,196.10,42,4,8,2,156.80,0.00,0.50,0.00,0,2.00,1,63.51,0,0,2,,0.00,0,1,2,0,0,2,0,4,22,1
"org.apache.lucene.facet.index.categorypolicy.OrdinalPolicyTest",2,0.00,4.00,52,0.70,40346.49,2,0,10,17,8,34.00,19,54,0,2,84.00,0.00,0.50,0.00,0,2.00,6,2114.72,0,0,8,org.apache.lucene.util.LuceneTestCase,0.00,15,1,8,0,15,2,0,4,365,1
"org.apache.lucene.facet.index.categorypolicy.PathPolicy",1,0.00,1.00,2,0.01,79.02,1,0,3,1,10,158.61,34,3,8,2,144.83,0.00,0.50,0.00,0,1.00,1,39.51,0,0,2,,0.00,0,1,1,0,0,1,0,3,14,1
"org.apache.lucene.facet.index.categorypolicy.PathPolicyTest",2,0.00,4.50,60,0.79,46067.74,2,0,9,17,7,31.20,18,59,0,2,81.20,0.00,0.50,0.00,0,2.00,6,2358.54,0,0,7,org.apache.lucene.util.LuceneTestCase,0.00,15,1,9,0,15,2,0,3,413,1
"org.apache.lucene.analysis.wikipedia.WikipediaTokenizer",13,0.03,1.85,150,2.47,104132.11,55,42,10,44,11,69.05,81,191,4,4,101.27,0.00,0.75,0.05,6,33.00,6,7407.83,2,0,8,org.apache.lucene.analysis.Tokenizer,0.40,31,3,24,0,31,13,0,31,1259,2
"org.apache.lucene.analysis.wikipedia.WikipediaTokenizerImpl",27,0.04,4.74,509,7.47,472876.32,92,65,1,37,2,42.30,222,707,1,1,90.40,0.00,0.00,0.06,3,319.00,88,22399.55,0,1,2,java.lang.Object,0.00,10,0,128,0,10,26,0,108,3228,0
"org.apache.lucene.analysis.wikipedia.WikipediaTokenizerTest",7,0.83,1.14,61,1.76,60642.53,8,1,7,20,3,156.27,7,126,0,3,106.27,0.00,0.67,0.29,1,13.00,2,5276.88,1,0,3,org.apache.lucene.analysis.BaseTokenStreamTestCase,0.00,13,2,8,0,13,7,0,5,864,1
"org.apache.lucene.facet.taxonomy.writercache.cl.CharBlockArray",16,0.13,1.69,100,1.04,48461.07,22,6,8,37,4,164.44,23,126,4,1,114.44,0.00,0.00,0.04,3,60.00,4,3122.67,0,8,0,java.lang.Object,0.00,21,0,27,0,21,8,3,3,682,0
"org.apache.lucene.facet.taxonomy.writercache.cl.CharBlockArray$Block",1,3.00,1.00,7,0.06,838.86,4,3,8,1,0,116.45,0,9,0,1,116.45,0.00,0.00,0.00,0,1.00,1,188.58,0,0,0,java.lang.Object,0.00,0,0,1,0,0,1,2,0,46,2
"org.apache.lucene.facet.taxonomy.writercache.cl.Cl2oTaxonomyWriterCache",8,0.43,1.25,23,0.22,4397.08,9,1,2,12,4,138.38,33,33,1,1,138.14,0.00,0.00,0.62,1,0.00,2,662.25,0,0,3,java.lang.Object,0.00,4,0,10,0,4,8,1,8,170,1
"org.apache.lucene.facet.taxonomy.writercache.cl.CollisionMap",15,0.13,2.13,112,1.34,60148.80,21,6,4,21,4,150.81,38,134,1,1,110.93,0.00,0.00,0.04,3,50.00,5,4009.41,0,1,4,java.lang.Object,0.00,6,0,32,0,6,14,0,9,830,1
"org.apache.lucene.facet.taxonomy.writercache.cl.CollisionMap$Entry",1,4.00,1.00,10,0.07,986.62,5,4,4,1,0,110.12,0,12,0,1,110.12,0.00,0.00,0.00,0,1.00,1,203.02,0,0,0,java.lang.Object,0.00,0,0,1,0,0,1,0,0,56,1
"org.apache.lucene.facet.taxonomy.writercache.cl.CollisionMap$EntryIterator",4,0.33,2.00,28,0.28,12629.14,7,3,4,6,0,161.76,4,36,0,1,111.76,0.00,0.00,0.08,0,6.00,3,841.35,0,1,0,java.lang.Object,0.00,2,0,8,0,2,3,1,4,185,1
"org.apache.lucene.facet.taxonomy.writercache.cl.CompactLabelToOrdinal",23,0.08,3.13,272,3.76,252706.31,32,9,10,60,7,82.20,128,330,4,2,100.07,0.00,0.50,0.03,10,96.00,9,11281.06,0,1,4,org.apache.lucene.facet.taxonomy.writercache.cl2o.LabelToOrdinal,0.00,37,1,72,0,37,22,0,76,2130,1
"org.apache.lucene.facet.taxonomy.writercache.cl.CompactLabelToOrdinal$HashArray",1,3.00,1.00,8,0.07,1374.03,4,3,10,1,0,112.60,0,10,0,1,112.60,0.00,0.00,0.00,0,1.00,1,200.93,0,0,0,java.lang.Object,0.00,0,0,1,0,0,1,0,0,54,3
"org.apache.lucene.facet.taxonomy.writercache.cl.LabelToOrdinal",6,2.00,1.00,11,0.09,987.08,8,2,1,6,5,111.26,46,14,4,1,153.55,0.00,0.00,0.00,0,6.00,1,279.84,0,0,1,java.lang.Object,0.00,0,0,6,2,0,6,0,8,81,2
"org.apache.lucene.facet.taxonomy.writercache.cl.TestCharBlockArray",2,0.00,3.50,55,0.68,48984.80,2,0,8,26,1,34.65,16,48,0,2,82.76,0.00,0.50,0.00,1,2.00,5,2040.97,0,0,1,org.apache.lucene.util.LuceneTestCase,0.00,24,1,7,0,24,2,0,1,360,1
"org.apache.lucene.facet.taxonomy.writercache.cl.TestCompactLabelToOrdinal",1,0.00,8.00,48,0.69,73685.08,1,0,8,21,3,78.61,17,49,0,2,69.48,0.00,0.50,0.00,0,1.00,8,2073.62,0,0,3,org.apache.lucene.util.LuceneTestCase,0.00,20,1,8,0,20,1,0,2,337,1
"org.apache.lucene.facet.taxonomy.writercache.cl.TestCompactLabelToOrdinal$LabelToOrdinalMap",5,0.25,1.40,13,0.21,4542.94,6,1,8,10,2,136.40,0,22,0,2,136.40,0.00,0.50,0.80,0,0.00,2,638.93,0,0,2,org.apache.lucene.facet.taxonomy.writercache.cl2o.LabelToOrdinal,0.00,5,1,7,0,5,5,0,0,148,2
"org.apache.lucene.analysis.standard.ClassicAnalyzer",7,0.17,1.14,23,0.25,4586.85,10,3,11,14,10,88.70,52,32,2,3,130.99,0.00,0.67,0.19,0,15.00,2,744.47,0,1,8,org.apache.lucene.analysis.util.StopwordAnalyzerBase,0.00,7,2,8,0,7,6,0,9,178,2
"org.apache.lucene.analysis.standard.ClassicAnalyzer$TokenStreamComponents",1,0.00,1.00,4,0.05,649.94,1,0,11,2,1,126.39,0,6,0,1,126.39,0.00,0.00,0.00,0,1.00,1,140.85,1,0,1,java.lang.Object,0.00,1,0,1,0,1,1,0,0,35,0
"org.apache.lucene.analysis.standard.ClassicFilter",2,0.50,3.50,25,0.39,24010.30,6,4,4,7,7,80.46,10,33,2,4,98.33,0.00,0.75,0.50,0,2.00,6,1181.01,0,0,5,org.apache.lucene.analysis.TokenFilter,0.29,5,3,7,0,5,2,0,7,221,1
"org.apache.lucene.analysis.standard.ClassicTokenizer",9,0.01,1.44,58,0.80,24792.30,25,16,9,21,14,96.93,50,85,5,4,114.80,0.00,0.75,0.07,1,21.00,5,2394.82,2,0,9,org.apache.lucene.analysis.Tokenizer,0.31,12,3,13,0,12,9,0,15,464,2
"org.apache.lucene.analysis.standard.ClassicTokenizerImpl",24,0.05,2.50,255,3.83,189527.85,66,42,2,33,4,60.50,180,440,2,1,102.80,0.00,0.00,0.07,2,234.00,23,11482.09,0,1,3,java.lang.Object,0.00,9,0,60,0,9,23,1,69,1926,0
"org.apache.lucene.analysis.standard.GenerateJflexTLDMacros",6,0.11,2.50,91,1.48,69620.48,13,7,17,50,1,62.69,36,130,1,1,94.91,0.00,0.00,0.24,3,10.00,4,4437.09,0,2,0,java.lang.Object,0.00,44,0,15,0,44,4,0,5,793,1
"org.apache.lucene.analysis.standard.StandardAnalyzer",7,0.17,1.14,23,0.25,4703.02,10,3,11,14,33,88.62,53,32,26,3,130.91,0.00,0.67,0.19,0,15.00,2,749.28,0,1,8,org.apache.lucene.analysis.util.StopwordAnalyzerBase,0.00,7,2,8,0,7,6,0,9,179,2
"org.apache.lucene.analysis.standard.StandardAnalyzer$TokenStreamComponents",1,0.00,1.00,4,0.05,649.94,1,0,11,2,1,126.39,0,6,0,1,126.39,0.00,0.00,0.00,0,1.00,1,140.85,1,0,1,java.lang.Object,0.00,1,0,1,0,1,1,0,0,35,0
"org.apache.lucene.analysis.standard.StandardFilter",3,0.20,3.00,29,0.45,23249.27,8,5,6,9,37,144.41,8,41,32,4,104.52,0.00,0.75,0.33,0,1.00,6,1336.88,0,0,5,org.apache.lucene.analysis.TokenFilter,0.27,6,3,9,0,6,3,0,6,259,1
"org.apache.lucene.analysis.standard.StandardTokenizer",9,0.01,1.67,68,1.03,34517.14,30,21,10,24,59,78.92,61,107,52,4,111.14,0.00,0.75,0.05,1,21.00,5,3089.12,2,0,10,org.apache.lucene.analysis.Tokenizer,0.31,15,3,15,0,15,9,0,24,574,2
"org.apache.lucene.analysis.standard.StandardTokenizerImpl",24,0.05,2.42,246,6.19,240767.74,63,39,1,33,3,53.88,199,798,1,1,101.98,0.00,0.00,0.07,2,234.00,21,18560.07,0,1,3,java.lang.Object,0.00,9,0,58,0,9,23,1,72,2605,2
"org.apache.lucene.analysis.standard.StandardTokenizerInterface",5,1.00,1.00,7,0.04,333.84,6,1,3,5,8,138.76,28,8,7,1,156.63,0.00,0.00,0.00,0,5.00,1,132.36,0,0,1,,0.00,0,0,5,0,0,5,0,7,45,1
"org.apache.lucene.analysis.standard.UAX29URLEmailTokenizer",9,0.02,1.44,56,0.84,28265.93,25,16,14,22,18,96.48,48,83,9,4,114.35,0.00,0.75,0.08,0,21.00,4,2532.53,2,1,10,org.apache.lucene.analysis.Tokenizer,0.31,13,3,13,0,13,8,0,13,497,2
"org.apache.lucene.analysis.standard.UAX29URLEmailTokenizerImpl",24,0.05,2.50,254,27.06,888367.14,65,41,1,33,3,49.41,202,3447,1,1,97.51,0.00,0.00,0.07,2,234.00,23,81172.90,0,1,3,java.lang.Object,0.00,9,0,60,0,9,23,1,72,7929,2
"org.apache.lucene.analysis.it.ItalianAnalyzer",5,0.25,2.00,24,0.42,10955.81,8,3,19,20,15,73.60,50,40,1,3,122.08,0.00,0.67,0.13,0,8.00,3,1274.95,0,2,14,org.apache.lucene.analysis.util.StopwordAnalyzerBase,0.00,15,2,10,0,15,3,0,8,255,2
"org.apache.lucene.analysis.it.ItalianAnalyzer$DefaultSetHolder",0,0.00,0.00,6,0.05,843.89,1,1,19,0,2,171.00,2,11,0,1,171.00,0.00,0.00,0.00,0,0.00,0,162.56,0,0,2,java.lang.Object,0.00,0,0,0,0,0,0,0,2,40,2
"org.apache.lucene.analysis.it.ItalianLightStemFilter",2,0.33,2.00,14,0.16,3794.18,5,3,6,9,8,113.74,9,20,2,4,113.50,0.00,0.75,0.50,0,2.00,3,481.98,0,0,6,org.apache.lucene.analysis.TokenFilter,0.29,7,3,4,0,7,2,0,1,107,2
"org.apache.lucene.analysis.it.ItalianLightStemmer",1,0.00,14.00,23,0.50,39068.30,1,0,0,1,1,46.57,56,52,1,1,83.44,0.00,0.00,0.00,0,1.00,14,1488.03,0,0,0,java.lang.Object,0.00,0,0,14,0,0,1,0,4,260,1
"org.apache.lucene.analysis.it.TestItalianAnalyzer",6,0.00,1.00,24,0.28,4913.72,6,0,6,10,3,175.60,9,32,0,3,125.60,0.00,0.67,0.00,0,6.00,1,840.89,3,0,3,org.apache.lucene.analysis.BaseTokenStreamTestCase,0.00,4,2,6,0,4,6,0,8,193,1
"org.apache.lucene.analysis.it.TestItalianLightStemFilter",2,0.00,1.00,7,0.06,643.14,2,0,7,4,4,173.34,5,11,0,3,133.46,0.00,0.67,0.00,0,2.00,1,171.82,1,0,4,org.apache.lucene.analysis.BaseTokenStreamTestCase,0.00,2,2,2,0,2,2,0,3,46,1
"org.apache.lucene.analysis.it.TestItalianLightStemFilter$Analyzer",1,0.00,1.00,4,0.05,1009.20,1,0,7,4,3,124.89,0,7,0,1,124.89,0.00,0.00,0.00,0,1.00,1,159.62,0,1,3,java.lang.Object,0.00,3,0,1,0,3,0,0,0,38,0
"org.apache.lucene.index.AutomatonTermsEnum",7,0.33,5.14,127,1.83,148295.38,18,11,7,25,8,98.86,122,155,1,3,89.73,0.00,0.67,0.38,2,0.00,9,5499.46,0,2,7,org.apache.lucene.index.FilteredTermsEnum,0.00,18,2,36,0,18,5,0,49,1007,0
"org.apache.lucene.index.BalancedSegmentMergePolicy",16,0.01,4.00,227,2.84,287834.58,21,5,3,31,5,144.42,31,253,0,4,94.42,0.00,0.75,0.21,8,64.00,13,8530.48,5,5,5,org.apache.lucene.index.LogByteSizeMergePolicy,0.07,15,3,64,0,15,11,0,23,1552,1
"org.apache.lucene.index.BalancedSegmentMergePolicy$MergePolicyParams",13,0.07,1.00,39,0.23,2680.55,19,6,3,13,1,134.98,0,53,0,1,134.98,0.00,0.00,0.23,0,84.00,1,687.28,0,0,1,java.lang.Object,0.00,0,0,13,0,0,13,0,0,191,2
"org.apache.lucene.index.BinaryTokenStream",3,0.00,1.33,14,0.13,2655.13,5,2,5,4,5,175.27,3,21,1,3,125.27,0.00,0.67,0.50,0,2.00,2,380.24,0,0,4,org.apache.lucene.analysis.TokenStream,0.55,1,2,4,0,1,3,0,1,92,2
"org.apache.lucene.index.BinaryTokenStream$ByteTermAttribute",1,0.00,1.00,2,0.01,60.50,1,0,5,1,1,145.74,0,3,0,2,145.74,0.00,0.50,0.00,0,1.00,1,35.16,0,0,1,,0.00,0,1,1,0,0,1,0,0,13,1
"org.apache.lucene.index.BinaryTokenStream$ByteTermAttributeImpl",5,0.50,1.00,12,0.09,1115.43,6,1,5,6,3,141.28,0,18,0,2,141.28,0.00,0.50,0.60,0,2.00,1,264.09,0,1,3,org.apache.lucene.util.AttributeImpl,0.20,1,1,5,0,1,4,2,0,75,2
"org.apache.lucene.index.BufferedDeletes",9,0.22,1.89,57,0.90,30099.89,20,11,8,30,17,134.69,34,77,14,1,114.07,0.00,0.00,0.28,0,0.00,6,2687.01,0,1,3,java.lang.Object,0.00,21,0,17,0,21,8,0,15,538,0
"org.apache.lucene.index.BufferedDeletesStream",16,0.10,4.06,220,3.25,338573.70,23,7,16,83,19,77.19,83,274,3,1,95.06,0.00,0.00,0.24,4,52.00,24,9745.79,0,1,16,java.lang.Object,0.00,67,0,65,0,67,15,0,50,1666,0
"org.apache.lucene.index.BufferedDeletesStream$ApplyDeletesResult",1,3.00,1.00,8,0.07,1209.33,4,3,16,1,1,133.65,3,10,0,1,113.04,0.00,0.00,0.00,0,1.00,1,224.00,0,0,1,java.lang.Object,0.00,0,0,1,0,0,1,0,3,56,2
"org.apache.lucene.index.BufferedDeletesStream$Comparator<SegmentInfo>",1,0.00,3.00,9,0.09,3214.13,1,0,16,2,1,107.53,0,12,0,1,107.53,0.00,0.00,0.00,0,1.00,3,256.49,0,0,1,java.lang.Object,0.00,1,0,3,0,1,1,0,0,58,0
"org.apache.lucene.index.BufferedDeletesStream$QueryAndLimit",1,2.00,1.00,6,0.04,570.78,3,2,16,1,1,120.27,0,8,0,1,120.27,0.00,0.00,0.00,0,1.00,1,130.51,0,0,1,java.lang.Object,0.00,0,0,1,0,0,1,0,0,37,2
"org.apache.lucene.index.BugReproAnalyzer",1,0.00,1.00,3,0.03,372.87,1,0,12,3,11,132.95,0,6,1,2,132.95,0.00,0.50,0.00,0,1.00,1,93.65,0,1,10,org.apache.lucene.analysis.Analyzer,0.00,2,1,1,0,2,0,0,0,26,1
"org.apache.lucene.index.BugReproAnalyzerTokenizer",2,0.78,1.50,22,0.33,9684.58,11,9,12,6,10,103.04,0,28,1,4,103.04,0.00,0.75,0.50,0,2.00,2,989.64,1,0,9,org.apache.lucene.analysis.Tokenizer,0.42,4,3,3,0,4,2,0,0,199,1
"org.apache.lucene.index.ByteSliceReader",6,0.55,2.17,70,0.82,47002.71,14,8,4,8,8,141.20,12,86,5,2,101.31,0.00,0.50,0.58,1,0.00,3,2474.82,0,0,3,org.apache.lucene.store.DataInput,0.24,2,1,13,0,2,6,0,8,487,1
"org.apache.lucene.index.ByteSliceWriter",5,0.56,1.60,33,0.37,12725.75,9,4,2,6,4,97.17,26,44,1,2,115.05,0.00,0.50,0.70,0,0.00,3,1103.09,0,0,3,org.apache.lucene.store.DataOutput,0.25,1,1,8,0,1,5,0,5,238,1
"org.apache.lucene.index.CheckIndex",0,0.00,0.00,4,0.02,204.34,2,2,29,0,24,171.00,16,4,6,1,171.00,0.00,0.00,0.00,0,0.00,0,68.11,0,0,18,java.lang.Object,0.00,0,0,0,0,0,0,0,2,19,1
"org.apache.lucene.index.CheckIndex$Status",16,0.04,11.44,648,12.51,1943797.40,36,20,29,154,32,20.64,154,835,0,1,70.64,0.00,0.00,0.01,4,22.00,71,37527.51,0,8,32,java.lang.Object,0.00,138,0,183,0,138,8,0,62,5117,2
"org.apache.lucene.index.CheckIndex$Status$DocValuesStatus",0,0.00,0.00,4,0.03,314.50,3,3,29,0,0,171.00,3,5,0,1,171.00,0.00,0.00,0.00,0,0.00,0,89.86,0,0,0,java.lang.Object,0.00,0,0,0,0,0,0,0,3,23,3
"org.apache.lucene.index.CheckIndex$Status$FieldNormStatus",0,0.00,0.00,3,0.03,266.51,2,2,29,0,0,171.00,2,4,0,1,171.00,0.00,0.00,0.00,0,0.00,0,76.15,0,0,0,java.lang.Object,0.00,0,0,0,0,0,0,0,2,20,3
"org.apache.lucene.index.CheckIndex$Status$SegmentInfoStatus",0,0.00,0.00,22,0.21,3832.22,21,21,29,0,1,171.00,31,23,0,1,171.00,0.00,0.00,0.00,0,0.00,0,629.45,0,0,1,java.lang.Object,0.00,0,0,0,0,0,0,0,21,116,2
"org.apache.lucene.index.CheckIndex$Status$StoredFieldStatus",0,0.00,0.00,4,0.04,420.00,3,3,29,0,0,171.00,3,5,0,1,171.00,0.00,0.00,0.00,0,0.00,0,108.00,0,0,0,java.lang.Object,0.00,0,0,0,0,0,0,0,3,27,3
"org.apache.lucene.index.CheckIndex$Status$TermIndexStatus",0,0.00,0.00,6,0.07,1462.28,5,5,29,0,1,171.00,4,7,0,1,171.00,0.00,0.00,0.00,0,0.00,0,215.49,0,0,1,java.lang.Object,0.00,0,0,0,0,0,0,0,4,47,3
"org.apache.lucene.index.CheckIndex$Status$TermVectorStatus",0,0.00,0.00,4,0.04,420.00,3,3,29,0,0,171.00,3,5,0,1,171.00,0.00,0.00,0.00,0,0.00,0,108.00,0,0,0,java.lang.Object,0.00,0,0,0,0,0,0,0,3,27,3
"org.apache.lucene.index.CoalescedDeletes",5,0.12,1.20,21,0.25,5160.01,7,2,8,15,7,124.77,2,26,2,1,124.77,0.00,0.00,0.40,0,7.00,2,749.41,0,2,5,java.lang.Object,0.00,10,0,6,0,10,3,0,2,172,0
"org.apache.lucene.index.CoalescedDeletes$Iterable<QueryAndLimit>",1,0.00,1.00,3,0.02,282.15,1,0,8,2,0,133.91,0,5,0,1,133.91,0.00,0.00,0.00,0,1.00,1,66.26,0,1,0,java.lang.Object,0.00,1,0,1,0,1,0,0,0,20,0
"org.apache.lucene.index.CoalescedDeletes$Iterable<QueryAndLimit>$Iterator<QueryAndLimit>",3,0.50,1.00,9,0.13,2585.36,4,1,8,10,1,130.09,0,15,0,1,130.09,0.00,0.00,0.67,0,1.00,1,385.91,0,1,1,java.lang.Object,0.00,7,0,3,0,7,2,0,0,93,0
"org.apache.lucene.index.CoalescedDeletes$Iterable<Term>",1,0.00,2.00,7,0.10,3550.60,1,0,8,5,1,111.36,0,9,0,1,111.36,0.00,0.00,0.00,0,0.00,2,289.00,0,1,1,java.lang.Object,0.00,4,0,2,0,4,0,0,0,65,0
"org.apache.lucene.index.CoalescedDeletes$Iterator<Term>",5,0.44,2.60,51,0.49,18551.23,9,4,8,16,1,155.37,5,62,0,1,105.37,0.00,0.00,0.60,2,0.00,4,1465.22,0,0,1,java.lang.Object,0.00,11,0,13,0,11,5,0,5,313,0
"org.apache.lucene.index.CoalescedDeletes$SubIterator",0,0.00,0.00,4,0.03,319.82,3,3,8,0,1,171.00,0,5,0,1,171.00,0.00,0.00,0.00,0,0.00,0,79.95,0,0,1,java.lang.Object,0.00,0,0,0,0,0,0,0,0,21,2
"org.apache.lucene.index.CoalescedDeletes$TermMergeQueue",2,0.00,1.50,9,0.09,2952.29,2,0,8,3,1,123.49,0,14,0,2,123.49,0.00,0.50,0.00,0,2.00,2,284.71,0,0,1,org.apache.lucene.util.PriorityQueue,0.00,1,1,3,0,1,2,0,0,68,2
"org.apache.lucene.index.ConcurrentMergeScheduler",19,0.02,2.95,159,1.86,96090.83,27,8,7,64,28,90.02,111,221,23,2,107.90,1.00,0.33,0.14,6,195.00,12,5573.09,0,0,5,org.apache.lucene.index.MergeScheduler,0.10,45,1,56,1,45,19,0,59,1046,1
"org.apache.lucene.index.ConcurrentMergeScheduler$Comparator<MergeThread>",1,0.00,3.00,7,0.12,4217.11,1,0,7,2,0,110.68,0,8,0,1,110.68,0.00,0.00,0.00,0,1.00,3,346.55,0,0,0,java.lang.Object,0.00,1,0,3,0,1,1,0,0,75,0
"org.apache.lucene.index.ConcurrentMergeScheduler$MergeThread",7,0.04,2.86,48,0.47,15357.88,11,4,7,17,3,165.42,13,74,0,2,115.42,0.00,0.50,0.29,2,8.00,9,1423.70,0,3,3,org.apache.lucene.index.Thread,0.00,10,1,20,0,10,4,0,13,298,1
"org.apache.lucene.index.CorruptIndexException",1,0.00,1.00,3,0.02,106.02,1,0,1,1,86,137.49,4,5,86,2,137.25,2.00,0.25,0.00,0,1.00,1,45.51,0,0,0,java.io.IOException,0.00,0,1,1,2,0,1,0,1,16,1
"org.apache.lucene.index.DirectoryReader",55,0.03,2.55,507,6.27,389737.18,73,18,20,160,33,125.48,182,639,8,2,104.87,0.00,0.50,0.09,11,1114.00,13,18811.24,2,22,27,org.apache.lucene.index.IndexReader,0.38,105,1,140,0,105,33,1,147,3528,0
"org.apache.lucene.index.DirectoryReader$ReaderCommit",11,0.04,1.00,36,0.34,5531.13,18,7,20,21,3,131.93,0,59,0,2,131.93,0.00,0.50,0.18,0,60.00,1,1023.05,0,5,3,org.apache.lucene.index.IndexCommit,0.75,10,1,11,0,10,6,0,0,245,3
"org.apache.lucene.index.DirectoryReader$SegmentInfos.FindSegmentsFile",1,0.00,1.00,5,0.07,1449.43,1,0,20,4,3,120.03,0,7,0,1,120.03,0.00,0.00,0.00,0,0.00,1,207.67,0,1,3,java.lang.Object,0.00,3,0,1,0,3,0,0,0,47,0
"org.apache.lucene.index.DirectoryReader$SegmentInfos.FindSegmentsFile_0",1,0.00,1.00,5,0.06,1378.46,1,0,20,4,2,120.20,0,7,0,1,120.20,0.00,0.00,0.00,0,0.00,1,193.57,0,1,2,java.lang.Object,0.00,3,0,1,0,3,0,0,0,44,0
"org.apache.lucene.index.DocConsumer",6,0.00,1.00,7,0.04,243.65,6,0,1,6,7,158.33,0,8,5,1,158.33,0.00,0.00,0.00,0,6.00,1,124.23,0,0,2,java.lang.Object,0.00,0,0,6,1,0,6,0,0,45,1
"org.apache.lucene.index.DocFieldConsumer",6,0.00,1.00,7,0.05,330.72,6,0,2,6,6,207.29,6,8,3,1,157.29,0.00,0.00,0.00,0,6.00,1,148.78,0,1,3,java.lang.Object,0.00,0,0,6,2,0,5,0,3,50,1
"org.apache.lucene.index.DocFieldConsumerPerField",3,0.00,1.00,4,0.02,154.38,3,0,1,3,9,157.52,1,5,7,1,157.52,0.00,0.00,0.00,0,3.00,1,74.24,0,0,2,java.lang.Object,0.00,0,0,3,2,0,3,0,1,26,1
"org.apache.lucene.index.DocFieldConsumers",7,0.28,1.14,35,0.41,13576.32,10,3,3,18,6,119.01,2,53,1,2,119.01,0.00,0.50,0.57,0,0.00,2,1239.49,0,1,6,org.apache.lucene.index.DocFieldConsumer,0.62,11,1,8,0,11,6,0,1,284,1
"org.apache.lucene.index.DocFieldConsumersPerField",4,0.08,1.00,19,0.16,2650.25,8,4,1,6,4,126.33,0,29,1,2,126.33,0.00,0.50,0.31,0,6.00,1,474.25,0,1,4,org.apache.lucene.index.DocFieldConsumerPerField,0.86,2,1,4,0,2,3,0,0,123,1
"org.apache.lucene.index.DocFieldProcessor",10,0.19,4.20,176,2.48,182930.94,22,12,13,63,20,111.82,38,219,3,2,91.21,0.00,0.50,0.25,2,0.00,13,7428.94,0,2,18,org.apache.lucene.index.DocConsumer,0.75,53,1,42,0,53,8,0,31,1293,1
"org.apache.lucene.index.DocFieldProcessor$Comparator<DocFieldProcessorPerField>",1,0.00,1.00,3,0.04,494.59,1,0,13,2,1,131.99,0,4,0,1,131.99,0.00,0.00,0.00,0,1.00,1,111.03,0,0,1,java.lang.Object,0.00,1,0,1,0,1,1,0,0,31,0
"org.apache.lucene.index.DocFieldProcessor$DocValuesConsumerAndDocID",1,2.00,1.00,5,0.03,367.59,3,2,13,1,1,124.73,0,7,0,1,124.73,0.00,0.00,0.00,0,1.00,1,93.64,0,0,1,java.lang.Object,0.00,0,0,1,0,0,1,0,0,27,2
"org.apache.lucene.index.DocFieldProcessorPerField",3,0.00,1.33,19,0.20,4660.56,9,6,2,7,7,166.78,3,24,2,1,116.78,0.00,0.00,0.17,0,5.00,2,597.45,0,0,6,java.lang.Object,0.00,4,0,4,0,4,3,0,1,136,1
"org.apache.lucene.index.DocHelper",6,0.02,1.33,182,3.06,136214.21,69,63,18,30,30,63.66,33,214,15,1,81.53,0.00,0.00,0.00,2,10.00,2,9166.12,0,1,15,java.lang.Object,0.00,24,0,8,0,24,5,0,14,1564,0
"org.apache.lucene.index.DocInverter",7,0.06,1.14,36,0.43,11963.99,13,6,6,25,15,119.44,6,52,2,2,119.44,0.00,0.50,0.21,0,0.00,2,1295.14,0,1,14,org.apache.lucene.index.DocFieldConsumer,0.62,18,1,8,0,18,6,0,4,289,1
"org.apache.lucene.index.DocInverter$SingleTokenAttributeSource",2,1.00,1.00,9,0.08,842.15,4,2,6,5,3,127.88,0,12,0,2,127.88,0.00,0.50,1.00,0,0.00,1,241.73,0,0,3,org.apache.lucene.util.AttributeSource,0.00,3,1,2,0,3,2,0,0,63,1
"org.apache.lucene.index.DocInverterPerField",4,0.33,3.50,65,0.85,72260.29,10,6,5,27,16,60.05,27,81,7,2,92.27,0.00,0.50,0.42,0,0.00,11,2558.75,0,1,10,org.apache.lucene.index.DocFieldConsumerPerField,0.86,23,1,14,0,23,3,0,20,449,1
"org.apache.lucene.index.DocTermOrds",14,0.04,4.71,256,3.74,601362.19,33,19,8,42,15,67.19,209,291,7,1,87.34,0.00,0.00,0.09,5,62.00,36,11212.83,0,2,8,java.lang.Object,0.00,28,0,66,1,28,12,0,107,1773,1
"org.apache.lucene.index.DocTermOrds$OrdWrappedTermsEnum",12,0.16,2.00,87,1.07,90161.29,16,4,8,26,7,158.80,15,121,0,2,108.80,0.00,0.50,0.40,2,0.00,8,3222.61,0,6,7,org.apache.lucene.index.TermsEnum,0.52,14,1,24,0,14,6,0,15,634,2
"org.apache.lucene.index.DocTermOrds$TermOrdsIterator",2,1.33,6.00,50,0.43,33789.30,5,3,8,2,0,42.86,14,51,0,1,85.15,0.00,0.00,1.00,0,0.00,10,1298.34,0,1,0,java.lang.Object,0.00,0,0,12,0,0,1,0,12,254,1
"org.apache.lucene.index.DocsAndPositionsEnum",5,0.00,1.00,8,0.06,647.85,5,0,2,6,87,204.36,7,13,85,3,154.36,7.00,0.12,0.00,0,5.00,1,178.32,0,1,2,org.apache.lucene.index.DocsEnum,0.46,1,2,5,14,1,4,0,3,56,2
"org.apache.lucene.index.DocsEnum",5,0.12,1.80,29,0.26,10286.26,7,2,4,7,128,100.83,28,37,125,2,118.70,27.00,0.03,0.40,1,5.00,3,780.91,1,2,3,org.apache.lucene.search.DocIdSetIterator,0.00,2,1,9,27,2,3,0,7,178,2
"org.apache.lucene.index.DocsEnum$BulkReadResult",0,0.00,0.00,3,0.03,728.52,2,2,4,1,1,171.00,0,4,0,1,171.00,0.00,0.00,0.00,0,0.00,0,92.51,0,0,1,java.lang.Object,0.00,1,0,0,0,1,0,0,0,25,2
"org.apache.lucene.index.DocumentsWriter",29,0.06,2.59,270,3.14,134924.74,44,15,17,99,22,106.54,137,383,9,1,106.30,0.00,0.00,0.13,9,232.00,6,9434.87,0,1,18,java.lang.Object,0.00,70,0,75,0,70,28,0,45,1804,1
"org.apache.lucene.index.DocumentsWriter$FlushTicket",2,0.00,1.00,9,0.06,625.70,5,3,17,2,1,128.89,1,12,0,1,128.89,0.00,0.00,0.33,0,2.00,1,176.86,0,0,1,java.lang.Object,0.00,0,0,2,0,0,2,0,1,50,2
"org.apache.lucene.index.DocumentsWriterDeleteQueue",18,0.11,1.89,103,1.02,29991.00,24,6,4,39,9,101.54,100,146,5,1,119.41,0.00,0.00,0.27,4,34.00,8,3053.97,0,2,4,java.lang.Object,0.00,21,0,34,0,21,16,0,23,673,1
"org.apache.lucene.index.DocumentsWriterDeleteQueue$DeleteSlice",5,0.50,1.60,22,0.17,4742.36,7,2,4,6,1,125.23,20,29,0,1,124.99,0.00,0.00,0.90,1,0.00,3,507.34,0,0,1,java.lang.Object,0.00,1,0,8,0,1,5,0,8,123,1
"org.apache.lucene.index.DocumentsWriterDeleteQueue$Node<T>",3,0.33,1.67,10,0.13,3321.39,6,3,4,5,1,129.11,0,16,0,1,129.11,0.00,0.00,0.11,0,4.00,3,390.47,0,0,1,java.lang.Object,0.00,2,0,5,0,2,3,0,0,94,2
"org.apache.lucene.index.DocumentsWriterDeleteQueue$QueryArrayNode",2,0.00,1.50,7,0.06,782.27,2,0,4,3,2,132.70,0,11,0,2,132.70,0.00,0.50,0.00,0,2.00,2,180.85,0,0,2,Node,0.00,1,1,3,0,1,2,0,0,48,3
"org.apache.lucene.index.DocumentsWriterDeleteQueue$TermArrayNode",3,0.00,1.33,9,0.08,1127.47,3,0,4,5,2,132.86,0,15,0,2,132.86,0.00,0.50,0.00,0,3.00,2,245.58,0,1,2,Node,0.00,2,1,4,0,2,2,0,0,65,3
"org.apache.lucene.index.DocumentsWriterDeleteQueue$TermNode",3,0.00,1.00,7,0.06,637.61,3,0,4,4,2,141.44,0,13,0,2,141.44,0.00,0.50,0.00,0,3.00,1,181.92,0,1,2,Node,0.00,1,1,3,0,1,2,0,0,52,3
"org.apache.lucene.index.DocumentsWriterFlushControl",40,0.06,1.98,304,3.47,125091.96,61,21,10,108,11,151.68,98,430,6,1,111.80,0.00,0.00,0.11,12,646.00,6,10411.77,0,7,8,java.lang.Object,0.00,68,0,79,0,68,33,0,48,2064,2
"org.apache.lucene.index.DocumentsWriterFlushControl$BlockedFlush",1,2.00,1.00,7,0.04,493.69,3,2,10,1,1,118.27,0,9,0,1,118.27,0.00,0.00,0.00,0,1.00,1,130.76,0,0,1,java.lang.Object,0.00,0,0,1,0,0,1,0,0,37,2
"org.apache.lucene.index.DocumentsWriterPerThread",24,0.11,2.62,256,3.37,208392.58,50,26,17,84,39,123.07,76,342,20,1,102.46,0.00,0.00,0.14,6,78.00,13,10099.25,0,4,21,java.lang.Object,0.00,60,0,63,0,60,20,0,50,1762,1
"org.apache.lucene.index.DocumentsWriterPerThread$DocState",3,0.00,1.00,15,0.10,1283.85,10,7,17,4,4,174.21,3,19,0,1,124.21,0.00,0.00,0.14,0,5.00,1,311.88,0,0,4,java.lang.Object,0.00,1,0,3,0,1,3,0,3,78,1
"org.apache.lucene.index.DocumentsWriterPerThread$FlushedSegment",1,3.00,1.00,8,0.06,809.92,4,3,17,1,3,114.41,0,11,0,1,114.41,0.00,0.00,0.00,0,1.00,1,174.72,0,0,3,java.lang.Object,0.00,0,0,1,0,0,1,0,0,47,1
"org.apache.lucene.index.DocumentsWriterPerThread$IndexingChain",1,0.00,1.00,2,0.01,52.70,1,0,17,1,2,146.21,0,3,0,1,146.21,0.00,0.00,0.00,0,1.00,1,31.26,0,0,2,java.lang.Object,0.00,0,0,1,0,0,1,0,0,12,2
"org.apache.lucene.index.DocumentsWriterPerThread$IndexingChain_0",1,0.00,1.00,8,0.12,2711.59,1,0,17,7,10,128.41,18,11,0,1,110.28,0.00,0.00,0.00,0,1.00,1,364.70,0,0,10,java.lang.Object,0.00,6,0,1,0,6,1,0,2,76,0
"org.apache.lucene.index.DocumentsWriterPerThreadPool",15,0.01,1.67,93,0.94,32006.73,21,6,6,33,9,97.77,82,115,5,1,115.64,0.00,0.00,0.16,3,61.00,4,2815.48,0,4,6,java.lang.Object,0.00,18,0,25,1,18,11,0,21,594,2
"org.apache.lucene.index.DocumentsWriterPerThreadPool$Iterator<ThreadState>",3,1.00,1.00,8,0.05,518.13,4,1,6,4,0,142.15,0,11,0,1,142.15,0.00,0.00,0.33,0,4.00,1,158.00,0,0,0,java.lang.Object,0.00,1,0,3,0,1,3,0,0,46,0
"org.apache.lucene.index.DocumentsWriterPerThreadPool$SuppressWarnings",6,0.05,1.17,25,0.18,2916.95,10,4,6,7,1,127.58,28,34,0,2,127.35,0.00,0.50,0.21,0,22.00,2,549.23,0,1,1,java.util.concurrent.locks.ReentrantLock,0.00,1,1,7,0,1,5,0,11,137,3
"org.apache.lucene.index.DocumentsWriterStallControl",4,0.17,1.50,17,0.14,2758.12,6,2,2,9,1,83.80,28,25,1,1,126.10,0.00,0.00,0.62,0,0.00,3,431.71,0,0,1,java.lang.Object,0.00,5,0,6,0,5,4,0,7,105,1
"org.apache.lucene.index.DocumentsWriterStallControl$SuppressWarnings",7,1.00,1.43,24,0.20,3137.35,8,1,2,11,0,132.24,2,37,0,2,132.24,0.00,0.50,0.14,1,12.00,3,591.58,0,0,0,java.util.concurrent.locks.AbstractQueuedSynchronizer,0.00,4,1,10,0,4,7,0,2,151,3
"org.apache.lucene.index.FieldInfo",12,0.10,2.17,86,0.85,42200.18,26,14,1,14,105,131.99,46,117,104,1,111.37,0.00,0.00,0.17,1,46.00,10,2541.92,0,2,1,java.lang.Object,0.00,2,0,26,0,2,10,0,20,549,2
"org.apache.lucene.index.FieldInfo$IndexOptions",0,0.00,0.00,2,0.01,48.00,0,0,1,0,0,171.00,1,4,0,1,171.00,0.00,0.00,0.00,0,0.00,0,24.00,0,0,0,java.lang.Object,0.00,0,0,0,0,0,0,0,1,8,2
"org.apache.lucene.index.FieldInfos",36,0.02,3.06,303,4.13,231822.05,58,22,20,92,76,107.30,166,416,64,1,107.06,0.00,0.00,0.07,9,450.00,26,12388.24,0,5,13,java.lang.Object,0.00,56,0,110,0,56,31,1,42,2251,2
"org.apache.lucene.index.FieldInfos$FieldNumberBiMap",10,0.17,1.70,66,0.79,25311.12,18,8,20,31,4,115.29,45,84,0,1,115.05,0.00,0.00,0.28,2,0.00,4,2378.73,0,1,4,java.lang.Object,0.00,21,0,17,0,21,9,0,13,504,2
"org.apache.lucene.index.FieldInvertState",14,0.02,1.00,47,0.27,3506.08,22,8,1,14,44,174.20,41,62,43,1,134.31,0.00,0.00,0.14,0,90.00,1,809.29,0,1,1,java.lang.Object,0.00,0,0,14,0,0,13,0,9,225,2
"org.apache.lucene.index.FieldNormModifier",3,0.25,5.33,62,0.96,61880.31,5,2,12,39,16,50.55,37,74,3,1,88.11,0.00,0.00,0.67,0,1.00,10,2878.05,0,0,13,java.lang.Object,0.00,36,0,16,0,36,3,0,4,479,1
"org.apache.lucene.index.FieldReaderException",4,0.00,1.00,8,0.04,308.18,4,0,0,4,6,134.56,61,13,6,2,144.91,0.00,0.50,0.00,0,4.00,1,126.69,0,0,0,java.lang.RuntimeException,0.00,0,1,4,0,0,4,0,6,43,1
"org.apache.lucene.index.FieldSortedTermVectorMapper",6,0.10,1.00,21,0.27,5399.87,10,4,2,11,7,130.17,29,30,3,2,129.94,0.00,0.50,0.33,0,10.00,1,812.60,0,2,4,org.apache.lucene.index.TermVectorMapper,0.00,5,1,6,0,5,4,0,4,188,1
"org.apache.lucene.index.Fields",2,1.00,1.00,4,0.04,698.11,3,1,1,2,53,160.36,6,5,51,1,139.75,0.00,0.00,0.00,0,2.00,1,123.83,0,1,2,java.lang.Object,0.00,0,0,2,11,0,1,0,3,36,2
"org.apache.lucene.index.FieldsEnum",3,0.50,1.33,11,0.09,2184.74,5,2,2,5,54,112.72,17,15,52,1,130.60,0.00,0.00,0.17,0,4.00,2,279.18,0,2,2,java.lang.Object,0.00,2,0,4,9,2,1,0,7,73,2
"org.apache.lucene.index.FieldsEnum$FieldsEnum",2,0.00,1.00,5,0.03,359.83,2,0,2,3,1,142.01,0,9,0,1,142.01,0.00,0.00,0.00,0,2.00,1,94.73,0,1,1,java.lang.Object,0.00,1,0,2,0,1,1,0,0,29,0
"org.apache.lucene.index.FilterIndexReader",32,0.03,1.00,98,0.95,15174.14,33,1,11,64,21,132.13,30,160,9,2,132.13,5.00,0.14,0.97,0,0.00,1,2853.11,3,8,12,org.apache.lucene.index.IndexReader,0.31,32,1,32,5,32,24,0,12,718,1
"org.apache.lucene.index.FilterIndexReader$FilterDocsAndPositionsEnum",8,0.14,1.00,18,0.16,2605.16,9,1,11,15,2,139.98,0,34,0,4,139.98,0.00,0.75,0.88,0,0.00,1,474.98,0,1,2,org.apache.lucene.index.DocsAndPositionsEnum,1.33,7,3,8,0,7,7,0,0,133,2
"org.apache.lucene.index.FilterIndexReader$FilterDocsEnum",7,0.17,1.00,16,0.14,2273.60,8,1,11,13,1,139.99,0,30,0,3,139.99,0.00,0.67,0.86,0,0.00,1,415.78,0,0,1,org.apache.lucene.index.DocsEnum,1.20,6,2,7,0,6,7,0,0,117,2
"org.apache.lucene.index.FilterIndexReader$FilterFields",3,0.50,1.00,8,0.07,1121.15,4,1,11,5,3,139.51,0,14,0,2,139.51,0.00,0.50,0.67,0,1.00,1,213.16,0,1,3,org.apache.lucene.index.Fields,0.40,2,1,3,0,2,2,0,0,59,2
"org.apache.lucene.index.FilterIndexReader$FilterFieldsEnum",3,0.50,1.00,8,0.07,1028.53,4,1,11,5,2,139.81,0,14,0,2,139.81,0.00,0.50,0.67,0,1.00,1,198.14,0,1,2,org.apache.lucene.index.FieldsEnum,0.67,2,1,3,0,2,2,0,0,56,2
"org.apache.lucene.index.FilterIndexReader$FilterTerms",10,0.11,1.00,22,0.24,4288.43,11,1,11,19,6,139.04,0,42,0,2,139.04,0.00,0.50,0.90,0,0.00,1,734.49,0,2,6,org.apache.lucene.index.Terms,0.48,9,1,10,0,9,8,0,0,192,2
"org.apache.lucene.index.FilterIndexReader$FilterTermsEnum",14,0.08,1.00,30,0.34,5864.33,15,1,11,25,6,139.12,0,56,0,2,139.12,0.00,0.50,0.93,0,0.00,1,1017.43,0,4,6,org.apache.lucene.index.TermsEnum,0.55,11,1,14,0,11,10,0,0,266,2
"org.apache.lucene.index.FilteredTermsEnum",19,0.07,1.32,68,0.79,27776.97,23,4,5,34,24,128.45,84,107,17,2,128.22,11.00,0.08,0.18,2,39.00,7,2355.39,0,7,7,org.apache.lucene.index.TermsEnum,0.53,15,1,25,11,15,12,0,27,528,2
"org.apache.lucene.index.FilteredTermsEnum$AcceptStatus",0,0.00,0.00,2,0.01,95.13,0,0,5,0,0,171.00,0,1,0,1,171.00,0.00,0.00,0.00,0,0.00,0,38.05,0,0,0,java.lang.Object,0.00,0,0,0,0,0,0,0,0,11,2
"org.apache.lucene.index.FlushByRamOrCountsPolicy",6,0.00,2.33,30,0.51,17099.73,6,0,1,17,7,69.42,50,52,4,2,117.53,1.00,0.33,0.00,4,0.00,5,1537.17,1,0,4,org.apache.lucene.index.FlushPolicy,0.00,11,1,14,1,11,6,0,8,304,1
"org.apache.lucene.index.FlushPolicy",5,0.25,1.80,27,0.33,12660.62,7,2,4,14,7,80.43,62,39,5,1,117.99,0.00,0.00,0.30,2,7.00,4,988.20,0,1,5,java.lang.Object,0.00,9,0,9,2,9,4,0,7,211,2
"org.apache.lucene.index.FreqProxTermsWriter",5,1.00,2.20,43,0.61,43553.09,6,1,9,22,12,106.34,22,57,2,2,106.10,0.00,0.50,0.00,0,5.00,7,1832.32,0,1,11,org.apache.lucene.index.TermsHashConsumer,0.40,17,1,11,0,17,4,0,12,317,1
"org.apache.lucene.index.FreqProxTermsWriterPerField",14,0.10,3.36,201,3.02,309277.79,23,9,13,53,22,114.37,44,249,2,2,93.76,0.00,0.50,0.21,1,22.00,20,9050.24,0,1,21,org.apache.lucene.index.TermsHashConsumerPerField,0.55,39,1,47,0,39,13,1,42,1514,1
"org.apache.lucene.index.FreqProxTermsWriterPerField$FreqProxPostingsArray",4,0.33,1.00,23,0.25,6418.70,8,4,13,6,2,169.69,4,31,0,2,119.69,0.00,0.50,0.50,0,4.00,1,739.26,1,1,2,org.apache.lucene.index.ParallelPostingsArray,0.44,2,1,4,0,2,3,0,4,176,2
"org.apache.lucene.index.FrozenBufferedDeletes",7,0.13,1.71,52,0.66,28572.18,16,9,6,21,14,160.92,13,64,8,1,110.92,0.00,0.00,0.22,0,15.00,4,1978.55,0,1,6,java.lang.Object,0.00,14,0,12,0,14,6,0,10,384,0
"org.apache.lucene.index.FrozenBufferedDeletes$Iterable<QueryAndLimit>",1,0.00,1.00,3,0.02,282.15,1,0,6,2,0,133.91,0,5,0,1,133.91,0.00,0.00,0.00,0,1.00,1,66.26,0,1,0,java.lang.Object,0.00,1,0,1,0,1,0,0,0,20,0
"org.apache.lucene.index.FrozenBufferedDeletes$Iterable<QueryAndLimit>$Iterator<QueryAndLimit>",3,0.50,1.00,10,0.08,1633.35,4,1,6,5,0,131.66,0,16,0,1,131.66,0.00,0.00,0.67,0,1.00,1,253.96,0,1,0,java.lang.Object,0.00,2,0,3,0,2,2,0,0,67,0
"org.apache.lucene.index.FrozenBufferedDeletes$Iterable<Term>",1,0.00,1.00,3,0.03,456.90,1,0,6,1,0,132.26,0,5,0,1,132.26,0.00,0.00,0.00,0,0.00,1,84.38,0,1,0,java.lang.Object,0.00,0,0,1,0,0,0,0,0,24,0
"org.apache.lucene.index.IndexCommit",13,0.00,1.23,28,0.26,6323.47,13,0,4,19,39,138.80,53,37,38,1,138.56,0.00,0.00,0.00,3,13.00,3,769.97,0,4,1,java.lang.Object,0.00,6,0,16,4,6,9,1,11,204,2
"org.apache.lucene.index.IndexDeletionPolicy",2,0.00,1.00,3,0.04,438.42,2,0,2,2,29,166.35,69,4,29,1,152.57,0.00,0.00,0.00,0,2.00,1,114.61,0,0,0,,0.00,0,0,2,0,0,2,0,3,32,1
"org.apache.lucene.index.IndexFileDeleter",23,0.06,3.87,272,3.37,219198.49,36,13,15,73,12,58.22,183,348,3,1,100.51,0.00,0.00,0.14,10,153.00,26,10124.71,0,0,10,java.lang.Object,0.00,50,0,89,0,50,23,0,78,1815,1
"org.apache.lucene.index.IndexFileDeleter$CommitPoint",11,0.07,1.09,41,0.40,8247.84,20,9,15,21,3,130.54,4,64,0,2,130.54,0.00,0.50,0.17,0,74.00,2,1212.87,0,5,3,org.apache.lucene.index.IndexCommit,0.75,10,1,12,0,10,6,0,1,279,3
"org.apache.lucene.index.IndexFileDeleter$RefCount",3,0.33,1.33,15,0.14,2708.35,6,3,15,5,0,121.59,1,20,0,1,121.59,0.00,0.00,0.56,0,1.00,2,413.60,0,0,0,java.lang.Object,0.00,2,0,4,0,2,3,0,1,97,3
"org.apache.lucene.index.IndexFileNameFilter",2,0.00,5.00,24,0.27,9001.82,3,1,4,9,3,101.84,9,32,1,1,101.61,0.00,0.00,1.00,0,0.00,6,823.38,0,0,2,java.lang.Object,0.00,7,0,10,0,7,2,1,2,167,1
"org.apache.lucene.index.IndexFileNames",8,0.04,2.62,71,1.13,45985.08,29,21,2,20,56,69.92,96,122,55,1,107.49,0.00,0.00,0.01,1,20.00,4,3393.60,0,5,2,java.lang.Object,0.00,12,0,21,0,12,3,0,34,670,2
"org.apache.lucene.index.IndexFormatTooNewException",1,0.00,2.00,3,0.07,1184.88,1,0,0,1,6,129.07,4,6,5,3,128.84,0.00,0.67,0.00,0,1.00,2,219.84,0,0,1,org.apache.lucene.index.CorruptIndexException,0.00,0,2,2,0,0,1,0,1,50,1
"org.apache.lucene.index.IndexFormatTooOldException",2,0.00,2.00,5,0.12,1922.49,2,0,0,2,7,176.01,4,11,6,3,136.12,0.00,0.67,0.00,0,2.00,2,358.14,0,0,1,org.apache.lucene.index.CorruptIndexException,0.00,0,2,4,0,0,2,0,1,82,1
"org.apache.lucene.index.IndexNotFoundException",1,0.00,1.00,3,0.02,124.13,1,0,1,1,3,136.95,4,5,3,2,136.71,0.00,0.50,0.00,0,1.00,1,49.65,0,0,0,java.io.FileNotFoundException,0.00,0,1,1,0,0,1,0,1,17,2
"org.apache.lucene.index.IndexReader",96,0.11,1.48,385,4.30,168116.02,103,7,21,164,649,74.43,977,515,621,1,122.91,0.00,0.00,0.03,21,2012.00,12,12905.87,0,36,37,java.lang.Object,0.00,68,0,142,13,68,60,2,121,2773,2
"org.apache.lucene.index.IndexReader$AtomicReaderContext",2,2.00,1.00,10,0.11,2209.55,4,2,21,3,1,121.20,9,14,0,2,120.96,0.00,0.50,0.00,0,2.00,1,335.15,0,0,1,org.apache.lucene.index.ReaderContext,0.00,1,1,2,0,1,2,0,4,81,3
"org.apache.lucene.index.IndexReader$CompositeReaderContext",5,0.38,1.00,15,0.17,2578.90,7,2,21,5,1,181.84,9,26,0,2,131.84,0.00,0.50,0.20,0,11.00,1,506.09,0,1,1,org.apache.lucene.index.ReaderContext,0.00,0,1,5,0,0,4,0,4,129,3
"org.apache.lucene.index.IndexReader$FieldOption",0,0.00,0.00,2,0.03,150.12,0,0,21,0,0,171.00,1,15,0,1,171.00,0.00,0.00,0.00,0,0.00,0,75.06,0,0,0,java.lang.Object,0.00,0,0,0,0,0,0,0,1,18,2
"org.apache.lucene.index.IndexReader$ReaderContext",3,6.00,1.00,18,0.15,2547.29,9,6,21,3,1,76.62,21,23,0,1,118.91,0.00,0.00,0.00,0,3.00,1,441.40,0,1,1,java.lang.Object,0.00,0,0,3,0,0,2,0,8,111,3
"org.apache.lucene.index.IndexReader$ReaderFinishedListener",1,0.00,1.00,2,0.01,52.70,1,0,21,1,1,146.21,0,3,0,1,146.21,0.00,0.00,0.00,0,1.00,1,31.26,0,0,1,,0.00,0,0,1,0,0,1,0,0,12,2
"org.apache.lucene.index.IndexReader$SegmentInfos.FindSegmentsFile",1,0.00,1.00,3,0.04,499.66,1,0,21,3,0,131.95,0,5,0,1,131.95,0.00,0.00,0.00,0,1.00,1,115.56,0,1,0,java.lang.Object,0.00,2,0,1,0,2,0,0,0,30,0
"org.apache.lucene.index.IndexSplitter",9,0.05,2.67,98,1.20,56116.58,14,5,12,43,7,124.20,27,107,2,1,103.59,0.00,0.00,0.24,3,0.00,7,3605.40,0,1,5,java.lang.Object,0.00,34,0,24,0,34,8,0,4,698,1
"org.apache.lucene.index.IndexUpgrader",6,0.10,2.33,58,0.79,26356.42,10,4,8,33,13,106.76,29,73,2,1,106.52,0.00,0.00,0.17,1,10.00,6,2365.37,0,0,11,java.lang.Object,0.00,27,0,14,0,27,6,0,4,462,2
"org.apache.lucene.index.IndexWriter",3,0.03,3.33,76,1.12,43875.44,41,38,39,25,278,135.20,250,90,255,1,85.78,0.00,0.00,0.04,1,5.00,8,3347.04,0,3,30,java.lang.Object,0.00,22,0,10,10,22,0,2,42,539,1
"org.apache.lucene.index.IndexWriter$ReaderPool",140,0.09,3.37,1432,18.87,1159296.60,147,7,39,313,33,52.57,1289,1957,0,1,102.56,0.00,0.00,0.06,61,8406.00,22,56595.17,0,20,33,java.lang.Object,0.00,173,0,472,0,173,120,0,455,10058,0
"org.apache.lucene.index.IndexWriter$ReaderPool$IndexReaderWarmer",1,0.00,1.00,2,0.02,121.82,1,0,39,1,1,143.35,0,3,0,1,143.35,0.00,0.00,0.00,0,1.00,1,48.73,0,0,1,java.lang.Object,0.00,0,0,1,0,0,1,0,0,16,3
"org.apache.lucene.index.IndexWriter$ReaderPool$SegmentCacheKey",4,0.33,1.25,16,0.19,5251.21,6,2,39,7,1,123.94,0,25,0,1,123.94,0.00,0.00,0.75,0,0.00,2,576.48,0,1,1,java.lang.Object,0.00,3,0,5,0,3,3,0,0,139,1
"org.apache.lucene.index.IndexWriterConfig",44,0.02,1.39,197,2.29,75639.50,74,30,7,64,146,74.88,368,261,131,1,122.99,0.00,0.00,0.06,0,962.00,3,6870.86,1,29,18,java.lang.Object,0.00,20,0,61,0,20,15,1,62,1380,2
"org.apache.lucene.index.IndexWriterConfig$OpenMode",0,0.00,0.00,2,0.01,48.00,0,0,7,0,0,171.00,0,1,0,1,171.00,0.00,0.00,0.00,0,0.00,0,24.00,0,0,0,java.lang.Object,0.00,0,0,0,0,0,0,1,0,8,2
"org.apache.lucene.index.IndexableField",12,0.00,1.00,13,0.06,282.51,12,0,8,12,108,200.08,35,14,102,1,160.20,0.00,0.00,0.00,0,12.00,1,172.28,0,10,7,,0.00,0,0,12,0,0,2,0,19,70,1
"org.apache.lucene.index.IndexableFieldType",8,0.00,1.00,9,0.03,151.32,8,0,1,8,6,210.95,9,10,6,1,160.95,0.00,0.00,0.00,0,8.00,1,100.88,0,1,0,,0.00,0,0,8,0,0,7,0,8,44,1
"org.apache.lucene.index.IntBlockPool",3,0.75,2.00,27,0.31,10047.67,9,6,1,7,3,65.20,21,34,2,1,107.49,0.00,0.00,0.67,0,1.00,3,922.40,0,0,1,java.lang.Object,0.00,4,0,6,0,4,3,0,6,197,1
"org.apache.lucene.index.InvertedDocConsumer",6,0.00,1.00,7,0.05,344.04,6,0,2,6,7,157.15,4,8,3,1,157.15,0.00,0.00,0.00,0,6.00,1,157.65,0,0,4,java.lang.Object,0.00,0,0,6,1,0,6,0,3,52,1
"org.apache.lucene.index.InvertedDocConsumerPerField",5,0.00,1.00,6,0.04,245.05,5,0,1,5,6,207.69,9,7,5,1,157.69,0.00,0.00,0.00,0,5.00,1,121.58,0,0,1,java.lang.Object,0.00,0,0,5,1,0,5,0,9,42,1
"org.apache.lucene.index.InvertedDocEndConsumer",5,0.00,1.00,6,0.05,326.62,5,0,2,5,6,156.71,0,7,2,1,156.71,0.00,0.00,0.00,0,5.00,1,146.05,0,1,4,java.lang.Object,0.00,0,0,5,1,0,4,0,0,47,1
"org.apache.lucene.index.InvertedDocEndConsumerPerField",2,0.00,1.00,3,0.01,46.83,2,0,0,2,5,112.11,16,4,5,1,160.22,0.00,0.00,0.00,0,2.00,1,31.22,0,0,0,java.lang.Object,0.00,0,0,2,1,0,2,0,1,14,1
"org.apache.lucene.index.KeepOnlyLastCommitDeletionPolicy",2,0.00,2.50,10,0.10,2597.29,2,0,1,5,9,77.91,15,11,8,1,120.20,0.00,0.00,0.00,1,2.00,3,289.54,0,0,1,java.lang.Object,0.00,3,0,5,0,3,2,1,6,68,2
"org.apache.lucene.index.LogByteSizeMergePolicy",8,0.24,1.00,22,0.24,3308.52,11,3,1,8,19,121.29,43,32,17,3,139.17,0.50,0.50,0.12,0,14.00,1,707.27,1,0,2,org.apache.lucene.index.LogMergePolicy,0.07,0,2,8,1,0,8,0,10,188,1
"org.apache.lucene.index.LogDocMergePolicy",4,1.00,1.00,12,0.09,1008.38,5,1,1,4,16,86.19,34,18,14,3,134.29,0.50,0.50,0.25,0,0.00,1,260.78,1,0,2,org.apache.lucene.index.LogMergePolicy,0.08,0,2,4,1,0,4,0,7,73,1
"org.apache.lucene.index.LogMergePolicy",26,0.02,3.88,296,4.69,523208.69,38,12,5,63,47,65.73,164,373,42,2,97.95,4.00,0.17,0.10,7,210.00,25,14056.46,0,6,5,org.apache.lucene.index.MergePolicy,0.06,37,1,101,4,37,20,0,73,2420,2
"org.apache.lucene.index.LogMergePolicy$SegmentInfoAndLevel",2,0.33,2.00,10,0.11,2459.20,5,3,5,2,1,120.44,1,19,0,1,120.44,0.00,0.00,0.17,0,2.00,3,336.21,0,0,1,java.lang.Object,0.00,0,0,4,0,0,2,1,1,84,2
"org.apache.lucene.index.MergePolicy",7,1.00,1.00,15,0.17,2315.04,8,1,9,9,34,110.55,96,22,27,1,139.93,0.00,0.00,0.14,0,12.00,1,520.66,0,3,8,java.lang.Object,0.00,2,0,7,10,2,4,1,11,131,2
"org.apache.lucene.index.MergePolicy$MergeAbortedException",2,0.00,1.00,5,0.02,169.05,2,0,9,2,0,144.60,0,8,0,2,144.60,0.00,0.50,0.00,0,2.00,1,72.11,0,0,0,java.io.IOException,0.00,0,1,2,0,0,2,0,0,25,2
"org.apache.lucene.index.MergePolicy$MergeException",3,1.00,1.00,10,0.07,776.22,4,1,9,3,1,134.20,2,14,0,2,134.20,0.00,0.50,0.33,0,4.00,1,198.73,0,1,1,java.lang.RuntimeException,0.00,0,1,3,0,0,2,0,1,56,2
"org.apache.lucene.index.MergePolicy$MergeSpecification",2,0.00,1.50,14,0.17,5385.55,3,1,9,8,1,162.37,3,14,0,1,112.37,0.00,0.00,1.00,0,0.00,2,507.19,0,1,1,java.lang.Object,0.00,6,0,3,0,6,1,0,1,110,2
"org.apache.lucene.index.MergePolicy$OneMerge",12,0.03,2.17,75,0.68,20007.56,26,14,9,26,5,156.31,29,96,0,1,116.42,0.00,0.00,0.10,0,56.00,6,2042.01,0,3,5,java.lang.Object,0.00,14,0,26,0,14,9,0,19,441,2
"org.apache.lucene.index.MergeScheduler",2,0.00,1.00,3,0.03,189.68,2,0,1,2,15,155.67,9,6,14,1,155.43,0.00,0.00,0.00,0,2.00,1,78.19,0,0,2,java.lang.Object,0.00,0,0,2,7,0,2,0,3,25,2
"org.apache.lucene.index.MockIndexInput",5,0.08,1.40,24,0.24,10942.69,8,3,1,6,2,122.16,2,35,1,4,122.16,0.00,0.75,0.40,0,5.00,3,720.19,0,0,1,org.apache.lucene.store.BufferedIndexInput,0.36,1,3,7,0,1,5,0,2,162,1
"org.apache.lucene.index.MockRandomMergePolicy",6,0.60,2.50,41,0.68,44264.57,7,1,7,24,5,161.30,8,62,0,2,111.30,0.00,0.50,0.50,1,6.00,9,2032.58,0,0,5,org.apache.lucene.index.MergePolicy,0.62,18,1,15,0,18,6,0,8,373,1
"org.apache.lucene.index.MultiDocsAndPositionsEnum",12,0.09,1.75,70,0.71,32337.51,20,8,3,19,7,117.78,6,95,4,4,117.78,0.00,0.75,0.21,0,22.00,5,2126.04,0,2,4,org.apache.lucene.index.DocsAndPositionsEnum,1.12,7,3,21,0,7,10,0,2,456,2
"org.apache.lucene.index.MultiDocsAndPositionsEnum$EnumWithSlice",0,0.00,0.00,3,0.02,233.13,2,2,3,0,1,171.00,0,4,0,1,171.00,0.00,0.00,0.00,0,0.00,0,66.61,0,0,1,java.lang.Object,0.00,0,0,0,0,0,0,0,0,18,3
"org.apache.lucene.index.MultiDocsEnum",9,0.12,2.00,64,0.65,30604.09,17,8,2,13,9,111.51,6,83,7,3,111.51,0.00,0.67,0.24,0,25.00,5,1949.80,0,2,3,org.apache.lucene.index.DocsEnum,0.71,4,2,18,0,4,7,0,2,409,2
"org.apache.lucene.index.MultiDocsEnum$EnumWithSlice",0,0.00,0.00,3,0.02,233.13,2,2,2,0,1,171.00,0,4,0,1,171.00,0.00,0.00,0.00,0,0.00,0,66.61,0,0,1,java.lang.Object,0.00,0,0,0,0,0,0,0,0,18,3
"org.apache.lucene.index.MultiFields",8,0.19,3.25,101,1.36,77977.26,11,3,10,42,131,99.30,39,124,120,2,99.06,0.00,0.50,0.17,2,16.00,7,4069.09,0,7,12,org.apache.lucene.index.Fields,0.20,34,1,26,0,34,1,0,14,776,2
"org.apache.lucene.index.MultiFields$ReaderUtil.Gather",1,0.00,2.00,6,0.10,2844.48,1,0,10,7,2,114.61,0,9,0,1,114.61,0.00,0.00,0.00,0,1.00,2,297.09,0,0,2,java.lang.Object,0.00,6,0,2,0,6,1,0,0,63,0
"org.apache.lucene.index.MultiFields$ReaderUtil.Gather_0",1,0.00,1.00,4,0.05,654.94,1,0,10,4,1,176.36,1,6,0,1,126.36,0.00,0.00,0.00,0,1.00,1,140.58,0,0,1,java.lang.Object,0.00,3,0,1,0,3,1,0,1,36,0
"org.apache.lucene.index.MultiFieldsEnum",3,0.43,4.33,60,0.80,49276.28,10,7,6,23,7,71.06,17,67,1,2,88.94,0.00,0.50,0.43,0,0.00,6,2404.60,0,1,6,org.apache.lucene.index.FieldsEnum,0.67,20,1,13,0,20,2,0,10,448,2
"org.apache.lucene.index.MultiFieldsEnum$FieldMergeQueue",2,0.00,1.00,5,0.06,972.35,2,0,6,3,1,138.61,1,9,0,2,138.61,0.00,0.50,0.00,0,2.00,1,175.20,0,0,1,org.apache.lucene.util.PriorityQueue,0.00,1,1,2,0,1,2,0,1,47,3
"org.apache.lucene.index.MultiFieldsEnum$FieldsEnumWithSlice",1,5.00,1.00,11,0.13,3135.51,6,5,6,1,1,104.62,0,13,0,1,104.62,0.00,0.00,0.00,0,1.00,1,384.70,0,0,1,java.lang.Object,0.00,0,0,1,0,0,1,0,0,85,3
"org.apache.lucene.index.MultiNorms",1,0.00,7.00,28,0.42,41651.91,1,0,5,13,19,127.46,23,33,16,1,80.19,0.00,0.00,0.00,1,1.00,7,1249.89,0,0,3,java.lang.Object,0.00,12,0,7,0,12,1,0,7,216,1
"org.apache.lucene.index.MultiPassIndexSplitter",2,0.00,12.50,99,1.48,145584.67,2,0,10,33,10,95.37,39,110,2,1,69.08,0.00,0.00,0.00,0,2.00,15,4435.14,0,0,8,java.lang.Object,0.00,31,0,25,0,31,2,0,11,700,1
"org.apache.lucene.index.MultiPassIndexSplitter$FakeDeleteIndexReader",6,0.40,1.50,26,0.25,8430.71,7,1,10,15,5,173.66,7,37,0,3,123.66,0.00,0.67,0.67,2,0.00,4,748.13,0,1,5,org.apache.lucene.index.FilterIndexReader,0.11,9,2,9,0,9,5,0,4,174,3
"org.apache.lucene.index.MultiPerDocValues",5,0.00,3.60,63,0.94,78273.30,9,4,15,32,11,79.54,26,83,4,2,97.42,0.00,0.50,0.25,1,10.00,7,2818.23,0,3,7,org.apache.lucene.index.codecs.PerDocValues,0.29,27,1,18,0,27,2,0,7,529,1
"org.apache.lucene.index.MultiPerDocValues$ReaderUtil.Gather",1,0.00,2.00,6,0.10,2721.41,1,0,15,7,2,114.77,0,10,0,1,114.77,0.00,0.00,0.00,0,1.00,2,299.65,0,0,2,java.lang.Object,0.00,6,0,2,0,6,1,0,0,63,0
"org.apache.lucene.index.MultiReader",36,0.00,1.78,217,2.26,116084.28,43,7,9,63,32,154.10,87,276,19,2,114.21,0.00,0.50,0.14,2,362.00,11,6766.26,3,9,13,org.apache.lucene.index.IndexReader,0.32,27,1,64,0,27,27,1,37,1426,1
"org.apache.lucene.index.MultiTerms",7,0.06,3.14,74,0.88,45813.82,10,3,7,22,7,153.39,8,91,1,2,103.39,0.00,0.50,0.29,0,19.00,4,2654.55,0,1,6,org.apache.lucene.index.Terms,0.45,15,1,22,0,15,6,0,3,517,2
"org.apache.lucene.index.MultiTermsEnum",17,0.18,4.00,284,3.55,328050.48,30,13,8,53,13,92.25,69,332,4,2,92.02,0.00,0.50,0.24,3,0.00,11,10653.19,0,5,11,org.apache.lucene.index.TermsEnum,0.44,36,1,68,0,36,12,0,63,1908,2
"org.apache.lucene.index.MultiTermsEnum$TermMergeQueue",2,1.00,1.50,10,0.12,3423.52,3,1,8,3,2,119.37,0,15,0,2,119.37,0.00,0.50,0.50,0,2.00,2,351.51,0,0,2,org.apache.lucene.util.PriorityQueue,0.00,1,1,3,0,1,2,0,0,81,3
"org.apache.lucene.index.MultiTermsEnum$TermsEnumIndex",1,3.00,1.00,7,0.06,1042.35,4,3,8,1,1,115.71,0,9,0,1,115.71,0.00,0.00,0.00,0,1.00,1,183.70,0,0,1,java.lang.Object,0.00,0,0,1,0,0,1,0,0,48,2
"org.apache.lucene.index.MultiTermsEnum$TermsEnumWithSlice",2,0.25,1.00,12,0.11,2143.52,6,4,8,2,2,118.11,0,15,0,1,118.11,0.00,0.00,0.12,0,2.00,1,344.54,0,0,2,java.lang.Object,0.00,0,0,2,0,0,2,0,0,83,3
"org.apache.lucene.index.NRTManager",21,0.14,2.24,110,1.30,35337.40,28,7,17,49,13,101.46,109,154,5,1,119.34,0.00,0.00,0.28,2,58.00,6,3893.15,0,3,10,java.lang.Object,0.00,28,0,47,0,28,18,1,24,843,1
"org.apache.lucene.index.NRTManager$SearcherManagerRef",2,0.00,1.00,12,0.09,1114.34,5,3,17,3,1,120.35,1,15,0,1,120.35,0.00,0.00,0.33,0,2.00,1,268.70,0,0,1,java.lang.Object,0.00,1,0,2,0,1,2,1,1,70,2
"org.apache.lucene.index.NRTManager$WaitingListener",1,0.00,1.00,2,0.01,66.01,1,0,17,1,0,145.44,0,3,0,1,145.44,0.00,0.00,0.00,0,1.00,1,40.14,0,0,0,,0.00,0,0,1,0,0,1,0,0,14,2
"org.apache.lucene.index.NRTManagerReopenThread",4,0.28,3.50,50,0.57,26492.75,10,6,3,18,3,144.31,88,70,1,2,100.37,0.00,0.50,0.38,0,2.00,9,1710.56,0,0,2,org.apache.lucene.index.Thread,0.00,14,1,14,0,14,4,2,21,327,1
"org.apache.lucene.index.NoDeletionPolicy",3,1.00,1.67,5,0.06,993.49,4,1,2,4,6,190.92,7,7,5,1,151.04,0.00,0.00,0.00,0,3.00,2,181.21,0,0,1,java.lang.Object,0.00,1,0,5,0,1,3,1,3,50,2
"org.apache.lucene.index.NoMergePolicy",8,0.33,1.00,18,0.19,2978.87,11,3,2,9,15,179.41,18,28,10,2,139.53,0.00,0.50,0.04,0,14.00,1,576.83,0,4,5,org.apache.lucene.index.MergePolicy,0.13,1,1,8,0,1,4,0,4,149,2
"org.apache.lucene.index.NoMergeScheduler",3,1.00,1.00,5,0.05,760.11,4,1,1,4,6,152.31,12,9,3,2,152.07,0.00,0.50,0.00,0,3.00,1,143.67,0,0,3,org.apache.lucene.index.MergeScheduler,0.40,1,1,3,0,1,3,0,3,43,2
"org.apache.lucene.index.NormsWriter",6,0.00,2.33,47,0.67,56237.21,6,0,6,17,11,158.00,10,57,1,2,108.00,0.00,0.50,0.00,0,6.00,9,2009.31,0,1,10,org.apache.lucene.index.InvertedDocEndConsumer,0.55,11,1,14,0,11,5,0,6,344,1
"org.apache.lucene.index.NormsWriterPerField",5,0.36,1.60,32,0.37,12176.50,12,7,2,10,8,165.20,6,43,2,2,115.20,0.00,0.50,0.43,0,0.00,4,1119.69,0,0,6,org.apache.lucene.index.InvertedDocEndConsumerPerField,0.57,5,1,8,0,5,5,1,3,246,1
"org.apache.lucene.index.OrdTermState",2,0.00,1.00,7,0.08,1647.50,3,1,0,4,9,81.76,21,12,8,2,130.24,4.00,0.17,1.00,0,0.00,1,242.01,0,1,1,org.apache.lucene.index.TermState,0.80,2,1,2,4,2,1,0,2,60,1
"org.apache.lucene.index.PKIndexSplitter",7,0.03,1.29,44,0.53,11159.84,13,6,11,18,13,166.70,13,62,1,1,116.70,0.00,0.00,0.14,1,12.00,2,1594.05,0,1,12,java.lang.Object,0.00,11,0,9,0,11,6,0,4,351,1
"org.apache.lucene.index.PKIndexSplitter$DocumentFilteredIndexReader",4,0.17,2.50,32,0.39,15216.39,6,2,11,18,8,108.91,1,43,0,3,108.91,0.00,0.67,0.38,0,4.00,7,1183.13,0,1,8,org.apache.lucene.index.FilterIndexReader,0.07,14,2,10,0,14,3,0,1,227,2
"org.apache.lucene.index.ParallelArrayTermVectorMapper",3,0.69,3.00,33,0.36,9358.23,11,8,12,5,14,154.39,4,48,2,2,104.39,0.00,0.50,0.58,0,0.00,3,1088.26,0,1,12,org.apache.lucene.index.TermVectorMapper,0.00,2,1,9,0,2,2,0,1,233,0
"org.apache.lucene.index.ParallelPostingsArray",5,0.15,1.00,24,0.22,3992.20,10,5,2,8,10,125.69,0,30,8,1,125.69,0.00,0.00,0.32,2,13.00,1,666.66,0,2,2,java.lang.Object,0.00,3,0,5,2,3,3,0,0,167,0
"org.apache.lucene.index.ParallelReader",36,0.00,2.28,251,3.11,154312.94,49,13,8,107,25,153.07,89,345,11,2,113.18,0.00,0.50,0.07,2,592.00,11,9335.26,3,9,14,org.apache.lucene.index.IndexReader,0.29,71,1,82,0,71,27,0,33,1845,1
"org.apache.lucene.index.ParallelReader$ParallelFields",3,0.50,1.00,9,0.12,2034.76,4,1,8,9,5,130.91,0,16,0,2,130.91,0.00,0.50,0.67,0,1.00,1,361.68,0,1,5,org.apache.lucene.index.Fields,0.40,6,1,3,0,6,2,0,0,88,1
"org.apache.lucene.index.ParallelReader$ParallelFieldsEnum",3,0.50,1.67,21,0.18,4455.70,6,3,8,8,5,114.38,0,29,0,2,114.38,0.00,0.50,0.67,0,0.00,2,534.14,0,1,5,org.apache.lucene.index.FieldsEnum,0.67,5,1,5,0,5,2,0,0,124,1
"org.apache.lucene.index.ParallelReader$ParallelPerDocs",4,0.33,1.00,10,0.14,2325.17,5,1,8,10,4,138.00,1,18,0,2,138.00,0.00,0.50,0.75,0,0.00,1,406.33,0,2,4,org.apache.lucene.index.codecs.PerDocValues,0.33,6,1,4,0,6,2,0,1,101,3
"org.apache.lucene.index.Payload",14,0.13,1.71,58,0.67,25889.69,17,3,2,20,48,104.82,74,88,46,1,122.69,0.00,0.00,0.21,2,38.00,6,2005.13,1,1,2,java.lang.Object,0.00,6,0,24,0,6,13,1,22,455,1
"org.apache.lucene.index.PayloadProcessorProvider",1,0.00,1.00,4,0.03,210.55,1,0,3,1,8,118.18,38,5,6,1,130.25,0.00,0.00,0.00,0,1.00,1,84.22,0,1,2,java.lang.Object,0.00,0,0,1,2,0,0,0,4,27,2
"org.apache.lucene.index.PayloadProcessorProvider$DirPayloadProcessor",1,0.00,1.00,2,0.02,146.32,1,0,3,1,1,192.72,1,3,0,1,142.72,0.00,0.00,0.00,0,1.00,1,58.53,0,0,1,java.lang.Object,0.00,0,0,1,0,0,1,0,1,18,3
"org.apache.lucene.index.PayloadProcessorProvider$PayloadProcessor",1,0.00,1.00,2,0.02,121.82,1,0,3,1,1,193.35,1,3,0,1,143.35,0.00,0.00,0.00,0,1.00,1,48.73,0,0,1,java.lang.Object,0.00,0,0,1,0,0,1,0,1,16,3
"org.apache.lucene.index.PerDocWriteState",3,0.31,1.00,36,0.35,5570.86,11,8,5,5,31,144.89,6,40,24,1,105.00,0.00,0.00,0.33,0,4.00,1,1055.46,0,0,7,java.lang.Object,0.00,2,0,3,0,2,3,0,1,244,1
"org.apache.lucene.index.PerFieldCodecWrapper",2,1.00,1.00,9,0.07,808.77,3,1,20,3,13,128.25,9,13,1,2,128.01,0.00,0.50,0.00,0,2.00,1,213.59,0,1,13,org.apache.lucene.index.codecs.Codec,0.00,1,1,2,0,1,1,0,1,57,1
"org.apache.lucene.index.PerFieldCodecWrapper$FieldsReader",9,0.31,1.67,41,0.68,23469.17,11,2,20,30,14,121.52,4,70,0,3,121.52,0.00,0.67,0.22,0,25.00,5,2032.55,0,5,14,org.apache.lucene.index.codecs.FieldsProducer,0.50,21,2,15,0,21,4,0,4,414,1
"org.apache.lucene.index.PerFieldCodecWrapper$FieldsReader$FieldsIterator",3,0.25,1.67,17,0.14,3434.19,5,2,20,6,3,120.72,0,26,0,2,120.72,0.00,0.50,0.67,0,0.00,2,433.20,0,1,3,org.apache.lucene.index.FieldsEnum,0.67,3,1,5,0,3,2,0,0,105,2
"org.apache.lucene.index.PerFieldCodecWrapper$FieldsReader$PerDocConsumers",3,0.50,1.33,20,0.23,7828.65,6,3,20,8,6,115.00,0,26,0,2,115.00,0.00,0.50,0.67,0,0.00,2,677.28,0,1,6,org.apache.lucene.index.codecs.PerDocConsumer,0.00,5,1,4,0,5,2,0,0,149,2
"org.apache.lucene.index.PerFieldCodecWrapper$FieldsReader$PerDocProducers",4,0.00,2.25,26,0.40,17583.83,5,1,20,21,10,113.10,0,41,0,2,113.10,0.00,0.50,1.00,0,0.00,5,1209.93,0,2,10,org.apache.lucene.index.codecs.PerDocValues,0.33,17,1,9,0,17,2,0,0,235,2
"org.apache.lucene.index.PerFieldCodecWrapper$FieldsWriter",3,0.00,1.67,21,0.25,10058.85,4,1,20,12,6,111.60,0,28,0,2,111.60,0.00,0.50,1.00,0,0.00,3,760.56,0,1,6,org.apache.lucene.index.codecs.FieldsConsumer,0.33,9,1,5,0,9,2,0,0,160,1
"org.apache.lucene.index.PersistentSnapshotDeletionPolicy",7,0.08,2.71,60,0.85,36780.51,9,2,12,36,13,59.31,74,85,1,2,107.78,0.00,0.50,0.43,1,8.00,5,2553.50,5,1,12,org.apache.lucene.index.SnapshotDeletionPolicy,0.00,29,1,19,0,29,6,0,24,486,1
"org.apache.lucene.index.PositionBasedTermVectorMapper",6,0.00,1.83,34,0.41,14595.64,10,4,5,14,4,85.90,39,48,1,2,118.12,0.00,0.50,0.25,0,10.00,4,1227.54,0,1,3,org.apache.lucene.index.TermVectorMapper,0.15,8,1,11,0,8,5,0,9,258,1
"org.apache.lucene.index.PositionBasedTermVectorMapper$TVPositionInfo",5,0.17,1.40,19,0.16,2309.29,8,3,5,7,2,172.03,12,28,0,1,132.14,0.00,0.00,0.47,0,0.00,2,466.23,0,2,2,java.lang.Object,0.00,2,0,7,0,2,3,0,3,118,2
"org.apache.lucene.index.PrefixCodedTerms",3,1.00,1.00,10,0.08,1043.29,4,1,8,5,9,173.08,7,14,3,1,133.19,0.00,0.00,0.33,0,4.00,1,227.61,0,1,6,java.lang.Object,0.00,2,0,3,0,2,2,1,4,62,0
"org.apache.lucene.index.PrefixCodedTerms$Builder",3,0.17,2.67,34,0.47,28163.58,6,3,8,17,5,100.65,2,45,0,1,100.65,0.00,0.00,0.44,1,1.00,3,1405.79,0,0,5,java.lang.Object,0.00,14,0,8,0,14,3,0,2,281,2
"org.apache.lucene.index.PrefixCodedTerms$PrefixCodedTermsIterator",4,0.17,1.75,27,0.29,10824.05,8,4,8,16,4,114.82,1,37,0,1,114.82,0.00,0.00,0.38,1,0.00,3,864.69,0,1,4,java.lang.Object,0.00,12,0,7,0,12,3,1,1,185,0
"org.apache.lucene.index.RandomCodecProvider",6,0.07,1.67,35,0.59,22840.23,9,3,15,29,7,156.50,15,51,0,2,116.61,0.00,0.50,0.39,1,0.00,3,1773.22,2,2,7,org.apache.lucene.index.codecs.CodecProvider,0.00,23,1,10,0,23,4,0,7,363,1
"org.apache.lucene.index.RandomIndexWriter",27,0.06,2.19,160,2.16,83101.70,39,12,17,77,161,167.28,49,222,145,1,117.28,0.00,0.00,0.14,5,0.00,12,6480.82,0,0,16,java.lang.Object,0.00,50,0,59,0,50,27,1,25,1261,1
"org.apache.lucene.index.RandomIndexWriter$Iterable<Iterable<T>>",1,0.00,1.00,3,0.03,389.47,1,0,17,2,0,132.80,0,5,0,1,132.80,0.00,0.00,0.00,0,1.00,1,87.28,0,1,0,java.lang.Object,0.00,1,0,1,0,1,0,0,0,26,0
"org.apache.lucene.index.RandomIndexWriter$Iterable<Iterable<T>>$Iterator<Iterable<T>>",3,0.50,1.33,11,0.09,1409.24,4,1,17,5,0,132.10,0,18,0,1,132.10,0.00,0.00,0.67,0,1.00,2,255.07,0,0,0,java.lang.Object,0.00,2,0,4,0,2,3,0,0,67,0
"org.apache.lucene.index.RandomIndexWriter$Iterable<Iterable<T>>_0",1,0.00,1.00,3,0.03,389.47,1,0,17,2,0,132.80,0,5,0,1,132.80,0.00,0.00,0.00,0,1.00,1,87.28,0,1,0,java.lang.Object,0.00,1,0,1,0,1,0,0,0,26,0
"org.apache.lucene.index.RandomIndexWriter$Iterable<Iterable<T>>_0$Iterator<Iterable<T>>_1",3,0.50,1.33,11,0.09,1409.24,4,1,17,5,0,132.10,0,18,0,1,132.10,0.00,0.00,0.67,0,1.00,2,255.07,0,0,0,java.lang.Object,0.00,2,0,4,0,2,3,0,0,67,0
"org.apache.lucene.index.RandomIndexWriter$MockIndexWriter",2,1.00,1.50,8,0.09,1373.19,3,1,17,5,3,176.11,3,13,0,2,126.11,0.00,0.50,0.50,0,2.00,2,283.99,0,0,3,org.apache.lucene.index.IndexWriter,0.00,3,1,3,0,3,2,0,3,69,3
"org.apache.lucene.index.RepeatingTokenStream",3,0.33,1.67,26,0.23,4201.20,9,6,12,7,8,112.42,0,34,1,4,112.42,0.00,0.75,0.39,0,1.00,2,694.53,1,0,7,org.apache.lucene.analysis.Tokenizer,0.40,4,3,5,0,4,3,0,0,156,0
"org.apache.lucene.index.ReusableStringReader",4,0.00,1.50,26,0.24,11942.70,7,3,1,6,1,164.51,4,34,1,2,114.51,0.00,0.50,0.33,1,4.00,3,717.89,0,0,0,java.io.Reader,0.00,2,1,6,0,2,4,0,2,162,1
"org.apache.lucene.index.SegmentCodecs",7,0.06,1.43,37,0.40,11531.14,10,3,11,18,19,101.64,41,42,14,1,119.51,0.00,0.00,0.29,0,11.00,2,1199.75,0,3,7,java.lang.Object,0.00,11,0,10,0,11,4,1,3,265,1
"org.apache.lucene.index.SegmentCodecs$SegmentCodecsBuilder",5,0.17,1.40,24,0.28,5494.60,8,3,11,22,4,124.52,0,33,0,1,124.52,0.00,0.00,0.47,0,2.00,3,827.43,0,3,4,java.lang.Object,0.00,17,0,7,0,17,2,0,0,188,2
"org.apache.lucene.index.SegmentCoreReaders",8,0.19,2.50,83,1.08,51991.11,22,14,10,33,16,143.35,20,110,1,1,103.46,0.00,0.00,0.24,1,8.00,8,3241.22,0,3,16,java.lang.Object,0.00,25,0,20,0,25,5,0,19,585,1
"org.apache.lucene.index.SegmentInfo",45,0.09,2.56,381,4.84,315726.07,70,25,18,94,80,107.05,186,496,70,1,106.81,0.00,0.00,0.13,8,746.00,15,14505.71,0,11,13,java.lang.Object,0.00,49,0,115,0,49,34,1,93,2659,2
"org.apache.lucene.index.SegmentInfos",65,0.01,1.97,397,4.43,166510.36,86,21,25,149,49,115.21,266,547,37,1,114.98,0.00,0.00,0.06,20,2225.00,8,13280.54,1,16,15,java.lang.Object,0.00,84,0,128,0,84,49,2,115,2697,2
"org.apache.lucene.index.SegmentInfos$FindSegmentsFile",1,0.00,1.00,4,0.03,396.88,1,0,25,2,1,128.08,0,6,0,1,128.08,0.00,0.00,0.00,0,0.00,1,103.35,0,1,1,java.lang.Object,0.00,1,0,1,0,1,0,0,0,27,0
"org.apache.lucene.index.SegmentInfos$FindSegmentsFile_0",4,1.00,9.75,101,1.46,182178.95,5,1,25,20,8,61.50,56,145,0,1,81.65,0.00,0.00,0.25,2,6.00,36,4366.72,0,3,8,java.lang.Object,0.00,16,0,39,0,16,1,0,48,652,3
"org.apache.lucene.index.SegmentMerger",20,0.14,4.00,369,5.20,398386.26,37,17,23,95,35,90.24,97,445,3,1,90.00,0.00,0.00,0.19,8,40.00,10,15603.32,0,3,32,java.lang.Object,0.00,75,0,80,0,75,17,0,68,2626,1
"org.apache.lucene.index.SegmentMerger$MergeState.CheckAbort",1,0.00,1.00,2,0.02,180.97,1,0,23,1,0,191.99,1,4,0,1,141.99,0.00,0.00,0.00,0,1.00,1,63.97,0,0,0,java.lang.Object,0.00,0,0,1,0,0,1,0,1,20,0
"org.apache.lucene.index.SegmentMerger$ReaderUtil.Gather",1,0.00,1.00,3,0.04,576.65,1,0,23,3,1,131.46,0,5,0,1,131.46,0.00,0.00,0.00,0,0.00,1,132.24,0,0,1,java.lang.Object,0.00,2,0,1,0,2,1,0,0,34,0
"org.apache.lucene.index.SegmentNorms",9,0.24,2.56,113,1.30,71751.01,20,11,6,33,11,100.04,43,145,6,1,99.80,0.00,0.00,0.30,2,0.00,4,3895.16,1,2,6,java.lang.Object,0.00,24,0,23,0,24,7,1,36,752,1
"org.apache.lucene.index.SegmentReadState",2,6.00,1.00,16,0.16,2271.08,8,6,2,2,26,113.49,8,25,22,1,113.25,0.00,0.00,0.00,0,2.00,1,484.23,0,0,4,java.lang.Object,0.00,0,0,2,0,0,2,0,6,115,1
"org.apache.lucene.index.SegmentReader",55,0.04,2.33,405,5.30,298810.70,74,19,20,137,49,149.75,123,582,27,2,109.87,0.00,0.50,0.09,12,1110.00,14,15894.79,1,14,24,org.apache.lucene.index.IndexReader,0.29,82,1,128,0,82,41,1,85,3017,1
"org.apache.lucene.index.SegmentReader$FieldsReaderLocal",1,0.00,1.00,3,0.03,342.46,1,0,20,2,2,133.24,0,6,0,2,133.24,0.00,0.50,0.00,0,0.00,1,91.44,0,1,2,org.apache.lucene.util.CloseableThreadLocal,0.40,1,1,1,0,1,0,0,0,26,1
"org.apache.lucene.index.SegmentTermPositionVector",3,0.00,2.33,20,0.24,7361.45,6,3,1,3,5,65.09,28,30,1,2,115.08,0.00,0.50,0.33,0,5.00,3,706.08,0,0,4,org.apache.lucene.index.SegmentTermVector,0.00,0,1,7,0,0,3,1,3,160,0
"org.apache.lucene.index.SegmentTermVector",8,0.00,1.88,41,0.40,15272.17,11,3,2,13,5,168.95,9,49,3,1,118.95,0.00,0.00,0.33,0,12.00,4,1212.39,0,3,2,java.lang.Object,0.00,5,0,15,1,5,5,1,6,274,0
"org.apache.lucene.index.SegmentWriteState",2,0.73,1.00,34,0.33,5756.29,13,11,4,2,53,47.86,18,37,47,1,97.86,0.00,0.00,0.45,0,2.00,1,988.94,0,0,6,java.lang.Object,0.00,0,0,2,0,0,2,0,10,215,1
"org.apache.lucene.index.SerialMergeScheduler",2,0.00,2.00,7,0.08,2050.42,2,0,1,4,18,169.22,5,14,15,2,129.33,1.00,0.33,0.00,0,2.00,3,228.37,0,0,3,org.apache.lucene.index.MergeScheduler,0.50,2,1,4,1,2,2,0,2,55,1
"org.apache.lucene.index.SingleTermsEnum",2,0.00,1.50,8,0.08,1178.82,3,1,3,3,7,84.34,14,12,4,3,126.63,0.00,0.67,1.00,0,0.00,2,235.17,1,1,4,org.apache.lucene.index.FilteredTermsEnum,0.00,1,2,3,0,1,1,0,2,60,2
"org.apache.lucene.index.SlowMultiReaderWrapper",9,0.31,1.33,35,0.37,9106.30,11,2,8,19,25,169.36,23,58,13,3,129.47,0.00,0.67,0.22,0,1.00,4,1096.41,1,3,12,org.apache.lucene.index.FilterIndexReader,0.13,10,2,12,0,10,6,0,3,257,2
"org.apache.lucene.index.SnapshotDeletionPolicy",12,0.02,2.83,84,1.13,47019.45,16,4,10,37,9,60.94,115,113,6,1,110.94,0.00,0.00,0.27,4,30.00,10,3387.35,0,2,3,java.lang.Object,0.00,25,0,34,1,25,10,1,21,689,1
"org.apache.lucene.index.SnapshotDeletionPolicy$SnapshotCommitPoint",12,0.18,1.08,28,0.24,3894.96,13,1,10,21,3,139.98,6,53,0,2,139.98,0.00,0.50,0.83,2,0.00,2,734.47,0,5,3,org.apache.lucene.index.IndexCommit,0.72,9,1,13,0,9,7,0,3,202,1
"org.apache.lucene.index.SnapshotDeletionPolicy$SnapshotInfo",2,0.00,1.00,10,0.07,1118.76,5,3,10,2,1,123.29,0,14,0,1,123.29,0.00,0.00,0.33,0,2.00,1,221.39,0,1,1,java.lang.Object,0.00,0,0,2,0,0,1,0,0,61,2
"org.apache.lucene.index.SortedTermVectorMapper",5,0.10,2.80,42,0.73,60900.15,10,5,2,18,6,72.68,34,66,2,2,104.90,0.00,0.50,0.28,0,2.00,10,2177.08,0,1,4,org.apache.lucene.index.TermVectorMapper,0.00,13,1,14,0,13,4,0,9,412,1
"org.apache.lucene.index.StaleReaderException",1,0.00,1.00,3,0.02,106.02,1,0,1,1,3,88.78,10,5,3,2,137.25,0.00,0.50,0.00,0,1.00,1,45.51,0,0,0,java.io.IOException,0.00,0,1,1,0,0,1,0,1,16,1
"org.apache.lucene.index.StoredFieldVisitor",6,0.00,1.00,15,0.15,1818.56,6,0,4,8,25,122.36,34,22,22,1,140.23,0.00,0.00,0.00,0,6.00,1,454.60,0,0,4,java.lang.Object,0.00,2,0,6,3,2,6,0,7,114,1
"org.apache.lucene.index.StoredFieldsWriter",9,0.19,2.11,72,0.81,23659.68,19,10,6,25,11,110.21,7,89,1,1,110.21,0.00,0.00,0.27,3,6.00,4,2423.11,0,0,10,java.lang.Object,0.00,16,0,19,0,16,9,0,7,494,1
"org.apache.lucene.index.Term",12,0.09,2.00,47,0.50,19051.43,14,2,1,21,430,148.45,44,63,429,1,127.84,0.00,0.00,0.58,0,0.00,10,1513.50,0,4,1,java.lang.Object,0.00,9,0,24,0,9,8,1,10,362,2
"org.apache.lucene.index.TermFreqVector",6,0.00,1.00,7,0.04,253.51,6,0,1,6,39,110.09,51,8,38,1,158.20,0.00,0.00,0.00,0,6.00,1,125.08,0,2,1,,0.00,0,0,6,0,0,4,0,8,46,1
"org.apache.lucene.index.TermPositionVector",2,0.00,1.00,3,0.02,138.91,2,0,0,2,18,165.63,34,4,17,2,156.50,0.00,0.50,0.00,0,2.00,1,61.97,0,0,1,,0.00,0,1,2,0,0,2,0,4,22,1
"org.apache.lucene.index.TermState",3,0.00,1.33,8,0.06,1118.78,3,0,0,4,39,90.98,31,15,39,1,139.45,0.00,0.00,0.00,0,3.00,2,192.78,1,2,0,java.lang.Object,0.00,1,0,4,5,1,1,1,4,53,2
"org.apache.lucene.index.TermVectorAccessor",3,0.00,4.67,62,0.88,63189.11,7,4,5,28,11,43.94,34,71,1,1,88.07,0.00,0.00,0.25,1,5.00,11,2637.94,0,0,10,java.lang.Object,0.00,25,0,14,0,25,3,0,7,446,1
"org.apache.lucene.index.TermVectorAccessor$TermVectorMapperDecorator",5,0.12,1.00,14,0.15,2373.45,7,2,5,10,3,138.69,0,25,0,2,138.69,0.00,0.50,0.60,0,0.00,1,462.46,0,0,3,org.apache.lucene.index.TermVectorMapper,0.50,5,1,5,0,5,5,0,0,119,2
"org.apache.lucene.index.TermVectorEntry",13,0.05,1.38,39,0.37,9571.02,18,5,1,16,9,180.55,19,60,7,1,130.55,0.00,0.00,0.15,0,69.00,5,1107.97,0,3,2,java.lang.Object,0.00,3,0,18,0,3,10,0,3,277,1
"org.apache.lucene.index.TermVectorEntryFreqSortedComparator",1,0.00,3.00,9,0.11,4356.12,1,0,1,5,4,88.62,5,15,3,1,106.49,0.00,0.00,0.00,0,1.00,3,331.60,0,0,1,java.lang.Object,0.00,4,0,3,0,4,1,1,1,78,1
"org.apache.lucene.index.TermVectorMapper",7,0.42,1.00,14,0.10,1089.32,9,2,1,7,24,92.51,67,22,22,1,142.51,0.00,0.00,0.14,0,17.00,1,307.39,0,0,2,java.lang.Object,0.00,0,0,7,8,0,7,0,8,92,2
"org.apache.lucene.index.TermVectorOffsetInfo",8,0.10,1.50,28,0.24,6824.10,11,3,0,8,32,130.26,38,39,32,1,130.03,0.00,0.00,0.25,0,12.00,5,710.91,0,0,0,java.lang.Object,0.00,0,0,12,0,0,8,0,6,179,1
"org.apache.lucene.index.TermVectorsReader",20,0.07,2.60,256,3.03,208017.56,34,14,12,49,25,99.13,91,285,8,1,98.89,0.00,0.00,0.14,8,56.00,12,9092.31,1,7,17,java.lang.Object,0.00,29,0,52,0,29,13,2,65,1685,0
"org.apache.lucene.index.TermVectorsTermsWriter",12,0.17,2.42,123,1.66,71930.69,25,13,10,41,19,153.75,13,161,2,2,103.75,0.00,0.50,0.23,4,52.00,5,4990.93,0,1,18,org.apache.lucene.index.TermsHashConsumer,0.24,29,1,29,0,29,11,0,12,935,1
"org.apache.lucene.index.TermVectorsTermsWriterPerField",12,0.20,2.58,128,1.64,94742.90,22,10,6,36,14,152.79,17,45,1,2,102.79,0.00,0.50,0.28,0,0.00,10,4930.26,0,1,14,org.apache.lucene.index.TermsHashConsumerPerField,0.80,24,1,31,0,24,11,0,14,903,1
"org.apache.lucene.index.TermVectorsTermsWriterPerField$TermVectorsPostingsArray",4,0.22,1.00,20,0.21,4831.85,7,3,6,6,2,120.66,3,0,0,2,120.66,0.00,0.50,0.50,0,4.00,1,633.94,2,1,2,org.apache.lucene.index.ParallelPostingsArray,0.44,2,1,4,0,2,3,0,3,153,2
"org.apache.lucene.index.TermVectorsWriter",4,0.75,5.25,115,1.74,219574.92,8,4,7,29,13,47.09,24,123,1,1,79.31,0.00,0.00,0.81,0,0.00,16,5226.32,0,0,12,java.lang.Object,0.00,25,0,21,0,25,4,0,14,860,1
"org.apache.lucene.index.Terms",15,0.46,1.47,57,0.60,13650.61,17,2,6,27,126,111.94,86,75,118,1,129.81,0.00,0.00,0.07,2,37.00,3,1785.37,0,1,9,java.lang.Object,0.00,12,0,22,9,12,14,0,20,413,2
"org.apache.lucene.index.Terms$AutomatonTermsEnum",1,0.00,2.00,5,0.05,1212.84,1,0,6,1,1,120.48,0,8,0,1,120.48,0.00,0.00,0.00,0,1.00,2,141.28,1,1,1,java.lang.Object,0.00,0,0,2,0,0,0,0,0,36,0
"org.apache.lucene.index.TermsEnum",15,1.00,1.13,27,0.27,4017.31,16,1,5,19,179,109.56,117,34,173,1,151.85,0.00,0.00,0.07,1,28.00,2,809.51,0,9,6,java.lang.Object,0.00,4,0,17,26,4,6,0,18,220,2
"org.apache.lucene.index.TermsEnum$SeekStatus",0,0.00,0.00,2,0.01,71.32,0,0,5,0,0,171.00,0,1,0,1,171.00,0.00,0.00,0.00,0,0.00,0,28.53,0,0,0,java.lang.Object,0.00,0,0,0,0,0,0,0,0,9,2
"org.apache.lucene.index.TermsEnum$TermState",1,0.00,1.00,2,0.01,88.08,1,0,5,1,1,144.46,0,4,0,1,144.46,0.00,0.00,0.00,0,1.00,1,39.70,0,0,1,java.lang.Object,0.00,0,0,1,0,0,1,0,0,14,0
"org.apache.lucene.index.TermsEnum$TermsEnum",13,0.00,1.00,26,0.24,3196.75,13,0,5,14,6,140.94,1,49,0,1,140.94,0.00,0.00,0.00,0,13.00,1,733.96,1,8,6,java.lang.Object,0.00,1,0,13,0,1,5,0,1,199,0
"org.apache.lucene.index.TermsHash",8,0.10,2.12,66,0.71,26350.64,20,12,5,25,16,159.44,12,91,6,2,109.44,0.00,0.50,0.17,1,6.00,5,2133.77,0,0,12,org.apache.lucene.index.InvertedDocConsumer,0.71,17,1,17,0,17,8,0,5,450,1
"org.apache.lucene.index.TermsHashConsumer",5,0.00,1.00,6,0.06,416.21,5,0,2,5,8,155.88,0,7,4,1,155.88,0.00,0.00,0.00,0,5.00,1,165.01,0,1,5,java.lang.Object,0.00,0,0,5,2,0,4,0,0,51,1
"org.apache.lucene.index.TermsHashConsumerPerField",8,0.00,1.00,9,0.07,388.64,8,0,1,8,9,157.72,0,10,7,1,157.72,0.00,0.00,0.00,0,8.00,1,198.29,0,1,2,java.lang.Object,0.00,0,0,8,2,0,7,0,0,67,1
"org.apache.lucene.index.TermsHashPerField",14,0.17,2.50,154,2.15,114551.86,35,21,9,46,23,151.13,25,192,8,2,101.13,0.00,0.50,0.20,2,0.00,8,6459.93,0,0,16,org.apache.lucene.index.InvertedDocConsumerPerField,0.53,32,1,35,0,32,14,0,25,1179,1
"org.apache.lucene.index.TermsHashPerField$PostingsBytesStartArray",5,0.25,1.40,24,0.30,9556.03,7,2,9,10,3,122.62,0,38,0,2,122.62,0.00,0.50,0.70,0,0.00,2,903.77,0,1,3,org.apache.lucene.util.BytesRefHash.BytesStartArray,0.00,5,1,7,0,5,4,0,0,208,3
"org.apache.lucene.index.Test2BPostings",1,0.00,5.00,33,0.67,32990.64,1,0,13,37,16,46.18,6,43,0,2,78.40,0.00,0.50,0.00,0,1.00,5,2018.93,0,0,16,org.apache.lucene.util.LuceneTestCase,0.00,36,1,5,0,36,1,0,3,306,1
"org.apache.lucene.index.Test2BPostings$MyTokenStream",3,0.33,1.33,14,0.13,2360.65,6,3,13,5,2,125.67,0,21,0,3,125.67,0.00,0.67,0.56,0,0.00,2,387.01,0,0,2,org.apache.lucene.analysis.TokenStream,0.55,2,2,4,0,2,3,0,0,93,3
"org.apache.lucene.index.Test2BTerms",0,0.00,0.00,4,0.05,1016.85,2,2,14,1,2,171.00,12,4,0,2,171.00,0.00,0.50,0.00,0,0.00,0,151.27,0,0,2,org.apache.lucene.util.LuceneTestCase,0.00,1,1,0,0,1,0,0,12,35,1
"org.apache.lucene.index.Test2BTerms$MyTokenStream",6,0.16,3.33,120,2.28,136589.79,11,5,14,69,21,87.88,4,144,0,3,87.88,0.00,0.67,0.33,1,0.00,7,6843.57,0,1,21,org.apache.lucene.analysis.TokenStream,0.43,63,2,20,0,63,5,0,4,1065,3
"org.apache.lucene.index.Test2BTerms$MyTokenStream$MyAttributeFactory",2,1.00,2.50,8,0.11,3033.18,3,1,14,6,3,123.28,0,14,0,2,123.28,0.00,0.50,0.50,0,2.00,4,324.41,0,1,3,org.apache.lucene.util.AttributeFactory,0.00,4,1,5,0,4,1,0,0,75,3
"org.apache.lucene.index.Test2BTerms$MyTokenStream$MyTermAttributeImpl",7,0.00,1.00,13,0.10,1104.30,7,0,14,9,3,153.69,0,26,0,2,153.69,0.00,0.50,0.00,0,13.00,1,303.90,0,2,3,org.apache.lucene.util.AttributeImpl,0.33,2,1,7,0,2,5,1,0,90,3
"org.apache.lucene.index.TestAddIndexes",28,0.00,2.07,586,8.76,360451.41,28,0,24,125,28,110.55,96,699,0,2,89.94,0.00,0.50,0.00,7,28.00,4,26278.52,0,1,28,org.apache.lucene.util.LuceneTestCase,0.00,97,1,58,0,97,27,0,94,4566,1
"org.apache.lucene.index.TestAddIndexes$CommitAndAddIndexes",3,0.00,4.33,30,0.39,16877.31,3,0,24,12,1,103.83,0,48,0,2,103.83,0.00,0.50,0.00,0,3.00,11,1168.66,0,0,1,org.apache.lucene.index.RunAddIndexesThreads,0.00,9,1,13,0,9,3,0,0,227,1
"org.apache.lucene.index.TestAddIndexes$CommitAndAddIndexes2",2,0.00,1.50,8,0.08,1521.88,2,0,24,4,0,125.76,0,14,0,2,125.76,0.00,0.50,0.00,0,2.00,2,238.21,0,0,0,org.apache.lucene.index.CommitAndAddIndexes,0.00,2,1,3,0,2,2,0,0,59,1
"org.apache.lucene.index.TestAddIndexes$CommitAndAddIndexes3",3,0.00,6.00,39,0.53,22883.48,3,0,24,12,2,98.46,0,60,0,2,98.46,0.00,0.50,0.00,0,3.00,11,1576.24,0,0,2,org.apache.lucene.index.RunAddIndexesThreads,0.00,9,1,18,0,9,3,0,0,301,1
"org.apache.lucene.index.TestAddIndexes$MockCodecProvider",1,0.00,1.00,10,0.08,1565.64,1,0,24,4,4,108.54,0,12,0,2,108.54,0.00,0.50,0.00,0,1.00,1,236.30,2,0,4,org.apache.lucene.index.codecs.CodecProvider,0.00,3,1,1,0,3,1,0,0,58,2
"org.apache.lucene.index.TestAddIndexes$RunAddIndexesThreads",7,0.03,2.00,59,0.56,17000.49,17,10,24,19,7,110.49,0,50,0,1,110.49,0.00,0.00,0.13,0,19.00,4,1685.65,0,0,7,java.lang.Object,0.00,12,0,14,0,12,7,0,0,345,2
"org.apache.lucene.index.TestAddIndexes$RunAddIndexesThreads$Thread",1,0.00,5.00,14,0.15,7941.18,1,0,24,3,1,147.17,1,17,0,1,97.17,0.00,0.00,0.00,0,0.00,5,458.03,0,0,1,java.lang.Object,0.00,2,0,5,0,2,1,0,1,88,0
"org.apache.lucene.index.TestAtomicUpdate",2,0.00,2.50,57,0.81,42938.29,2,0,7,33,12,40.40,14,61,0,2,82.70,0.00,0.50,0.00,1,2.00,4,2441.12,0,0,12,org.apache.lucene.util.LuceneTestCase,0.00,31,1,5,0,31,2,0,8,408,1
"org.apache.lucene.index.TestAtomicUpdate$IndexerThread",2,1.00,1.50,14,0.18,5123.65,3,1,7,10,7,112.54,1,16,0,2,112.54,0.00,0.50,0.50,0,2.00,2,543.28,0,0,7,org.apache.lucene.index.TimedThread,0.00,8,1,3,0,8,2,0,1,112,2
"org.apache.lucene.index.TestAtomicUpdate$MockIndexWriter",2,1.00,1.50,7,0.07,817.19,3,1,7,4,3,132.55,1,12,0,2,132.55,0.00,0.50,0.50,0,2.00,2,211.12,0,0,3,org.apache.lucene.index.IndexWriter,0.00,2,1,3,0,2,2,0,1,54,3
"org.apache.lucene.index.TestAtomicUpdate$SearcherThread",2,1.00,1.00,9,0.09,1239.47,3,1,7,6,2,126.55,0,13,0,2,126.55,0.00,0.50,0.50,0,2.00,1,257.15,0,0,2,org.apache.lucene.index.TimedThread,0.00,4,1,2,0,4,2,0,0,64,2
"org.apache.lucene.index.TestAtomicUpdate$TimedThread",4,0.08,2.00,23,0.28,8474.76,8,4,7,9,0,118.58,0,31,0,2,118.58,0.00,0.50,0.31,2,4.00,3,833.97,0,0,0,org.apache.lucene.analysis.Thread,0.00,5,1,8,0,5,4,0,0,175,3
"org.apache.lucene.index.TestBackwardsCompatibility",24,0.22,3.12,496,8.24,419199.82,27,3,32,143,38,109.42,90,565,0,2,88.80,0.00,0.50,0.12,9,116.00,9,24723.64,0,2,38,org.apache.lucene.util.LuceneTestCase,0.00,119,1,75,0,119,22,0,65,4073,1
"org.apache.lucene.index.TestBinaryTerms",1,0.00,3.00,36,0.56,25617.03,1,0,12,28,14,98.59,3,35,0,2,77.98,0.00,0.50,0.00,0,1.00,3,1674.38,0,0,14,org.apache.lucene.util.LuceneTestCase,0.00,27,1,3,0,27,1,0,1,274,1
"org.apache.lucene.index.TestByteSlices",1,0.00,14.00,56,0.83,88529.10,1,0,3,16,4,116.22,1,53,0,2,66.22,0.00,0.50,0.00,0,1.00,14,2489.65,0,0,4,org.apache.lucene.util.LuceneTestCase,0.00,15,1,14,0,15,1,0,1,407,1
"org.apache.lucene.index.TestCheckIndex",2,0.00,2.50,58,1.01,49301.48,2,0,12,39,9,81.65,1,63,0,2,81.65,0.00,0.50,0.00,0,2.00,4,3044.80,0,0,9,org.apache.lucene.util.LuceneTestCase,0.00,37,1,5,0,37,2,0,1,476,1
"org.apache.lucene.index.TestCodecs",7,0.06,3.86,194,3.03,182227.83,15,8,28,77,34,82.76,28,198,1,2,82.53,0.00,0.50,0.18,3,20.00,10,9103.61,0,2,33,org.apache.lucene.util.LuceneTestCase,0.00,70,1,27,0,70,5,0,28,1509,1
"org.apache.lucene.index.TestCodecs$FieldData",3,0.12,2.33,37,0.44,16652.05,7,4,28,13,5,101.06,1,36,0,1,101.06,0.00,0.00,0.33,0,0.00,3,1310.61,0,0,5,java.lang.Object,0.00,10,0,7,0,10,3,1,1,260,0
"org.apache.lucene.index.TestCodecs$MockSepCodecs",1,0.00,1.00,4,0.03,274.98,1,0,28,2,2,129.33,0,6,0,2,129.33,0.00,0.50,0.00,0,1.00,1,84.18,2,0,2,org.apache.lucene.index.codecs.CodecProvider,0.00,1,1,1,0,1,1,0,0,25,2
"org.apache.lucene.index.TestCodecs$PositionData",1,2.00,1.00,6,0.04,468.06,3,2,28,1,1,120.95,0,8,0,1,120.95,0.00,0.00,0.00,0,1.00,1,111.28,0,0,1,java.lang.Object,0.00,0,0,1,0,0,1,0,0,33,0
"org.apache.lucene.index.TestCodecs$TermData",3,0.20,2.33,37,0.40,20925.53,8,5,28,11,4,100.28,0,39,0,1,100.28,0.00,0.00,0.33,0,1.00,5,1204.78,0,0,4,java.lang.Object,0.00,8,0,7,0,8,3,1,0,242,0
"org.apache.lucene.index.TestCodecs$Verify",5,0.05,6.80,152,2.86,567558.62,10,5,28,38,9,96.27,16,174,0,2,75.65,0.00,0.50,0.16,3,11.00,24,8586.25,0,0,9,org.apache.lucene.analysis.Thread,0.00,33,1,34,0,33,5,0,16,1308,1
"org.apache.lucene.index.TestCompoundFile",27,0.46,1.93,509,6.80,346835.73,28,1,11,64,8,112.28,95,551,0,2,91.67,0.00,0.50,0.56,7,0.00,6,20394.75,2,0,8,org.apache.lucene.util.LuceneTestCase,0.00,37,1,52,0,37,27,0,73,3773,1
"org.apache.lucene.index.TestConcurrentMergeScheduler",4,0.00,6.50,131,1.87,90006.92,4,0,9,42,11,100.77,15,144,0,2,80.15,0.00,0.50,0.00,0,4.00,9,5616.88,0,0,11,org.apache.lucene.util.LuceneTestCase,0.00,38,1,26,0,38,4,0,15,912,1
"org.apache.lucene.index.TestConcurrentMergeScheduler$FailOnlyOnFlush",3,0.00,2.67,24,0.29,10416.24,5,2,9,11,1,109.21,0,33,0,2,109.21,0.00,0.50,0.50,0,1.00,6,860.34,0,0,1,MockDirectoryWrapper.Failure,0.00,8,1,8,0,8,3,0,0,169,1
"org.apache.lucene.index.TestConsistentFieldNumbers",5,0.00,3.40,291,5.22,463124.15,5,0,11,50,14,65.83,4,311,0,2,65.83,0.00,0.50,0.00,1,5.00,7,15662.70,0,1,14,org.apache.lucene.util.LuceneTestCase,0.00,45,1,17,0,45,4,0,4,2524,1
"org.apache.lucene.index.TestContribFieldsReader",9,0.25,1.56,209,3.83,265048.94,12,3,17,54,17,134.91,14,216,0,2,84.91,0.00,0.50,0.56,2,0.00,3,11502.25,0,1,17,org.apache.lucene.util.LuceneTestCase,0.00,45,1,14,0,45,8,0,8,1887,1
"org.apache.lucene.index.TestContribFieldsReader$FieldSelector",1,0.00,3.00,3,0.08,1823.83,1,0,17,2,2,127.27,0,10,0,1,127.27,0.00,0.00,0.00,0,1.00,3,227.62,0,1,2,java.lang.Object,0.00,1,0,3,0,1,0,0,0,54,0
"org.apache.lucene.index.TestContribFieldsReader$SetBasedFieldSelector",1,0.00,2.00,7,0.06,1914.89,1,0,17,1,1,113.47,0,10,0,1,113.47,0.00,0.00,0.00,0,1.00,2,182.42,1,1,1,java.lang.Object,0.00,0,0,2,0,0,0,0,0,44,0
"org.apache.lucene.index.TestContribIndexReader",6,0.00,1.67,117,1.87,119825.12,6,0,17,42,15,89.32,1,116,0,2,89.32,0.00,0.50,0.00,4,6.00,5,5601.72,0,1,15,org.apache.lucene.util.LuceneTestCase,0.00,36,1,10,0,36,5,0,1,954,1
"org.apache.lucene.index.TestContribParallelReader",8,0.06,1.00,90,1.27,39410.97,13,5,12,35,11,103.08,2,101,0,2,103.08,0.00,0.50,0.25,3,20.00,1,3797.04,2,5,11,org.apache.lucene.util.LuceneTestCase,0.00,27,1,8,0,27,3,0,2,758,1
"org.apache.lucene.index.TestCrash",10,0.00,1.20,97,1.16,25225.14,10,0,8,38,8,129.19,38,107,0,2,108.57,0.00,0.50,0.00,2,10.00,3,3479.19,0,2,8,org.apache.lucene.util.LuceneTestCase,0.00,28,1,12,0,28,8,0,11,711,1
"org.apache.lucene.index.TestDeletionPolicy",9,0.00,9.33,445,7.31,812185.77,9,0,16,76,19,19.94,97,509,0,2,68.42,0.00,0.50,0.00,1,9.00,22,21917.29,0,0,19,org.apache.lucene.util.LuceneTestCase,0.00,67,1,84,0,67,9,0,71,3335,1
"org.apache.lucene.index.TestDeletionPolicy$ExpirationTimeDeletionPolicy",3,0.00,2.33,20,0.24,9927.67,6,3,16,10,3,114.06,1,25,0,1,114.06,0.00,0.00,0.33,1,4.00,4,708.38,0,0,3,java.lang.Object,0.00,7,0,7,0,7,3,1,1,149,0
"org.apache.lucene.index.TestDeletionPolicy$KeepAllDeletionPolicy",2,0.33,2.00,14,0.18,4895.39,5,3,16,10,4,112.63,0,17,0,1,112.63,0.00,0.00,0.50,0,2.00,2,532.41,0,0,4,java.lang.Object,0.00,8,0,4,0,8,2,1,0,113,0
"org.apache.lucene.index.TestDeletionPolicy$KeepLastNDeletionPolicy",4,0.00,3.00,33,0.36,11612.69,9,5,16,14,2,109.79,3,40,0,1,109.79,0.00,0.00,0.20,1,8.00,5,1088.69,0,0,2,java.lang.Object,0.00,10,0,12,0,10,4,1,3,223,0
"org.apache.lucene.index.TestDeletionPolicy$KeepNoneOnInitDeletionPolicy",2,0.00,3.00,19,0.17,5248.19,4,2,16,9,2,158.23,2,20,0,1,108.23,0.00,0.00,0.50,0,2.00,3,514.00,0,0,2,java.lang.Object,0.00,7,0,6,0,7,2,1,2,112,0
"org.apache.lucene.index.TestDirectoryReader",9,0.12,1.78,123,1.68,68847.08,14,5,9,52,17,148.73,14,146,1,2,98.73,1.00,0.33,0.31,4,4.00,3,5035.28,2,1,16,org.apache.lucene.util.LuceneTestCase,0.00,43,1,16,1,43,8,0,14,964,1
"org.apache.lucene.index.TestDoc",7,0.06,2.57,125,1.88,79941.95,10,3,19,67,18,132.82,14,155,1,2,92.93,0.00,0.50,0.29,4,11.00,6,5645.52,1,3,17,org.apache.lucene.util.LuceneTestCase,0.00,60,1,18,0,60,4,0,5,1002,1
"org.apache.lucene.index.TestDocCount",3,0.00,3.00,45,0.57,17969.41,3,0,8,32,15,147.13,3,50,0,2,97.13,0.00,0.50,0.00,2,3.00,5,1695.72,0,1,15,org.apache.lucene.util.LuceneTestCase,0.00,29,1,9,0,29,2,0,1,319,1
"org.apache.lucene.index.TestDocTermOrds",4,0.00,13.00,239,4.34,351746.36,4,0,37,70,36,33.20,26,272,0,2,65.42,0.00,0.50,0.00,1,4.00,21,13008.40,0,0,36,org.apache.lucene.util.LuceneTestCase,0.00,66,1,52,0,66,4,0,22,1938,1
"org.apache.lucene.index.TestDocTermOrds$StandardCodecWithOrds",8,0.24,1.50,59,0.70,26847.21,11,3,37,29,23,111.62,6,102,0,2,111.62,0.00,0.50,0.12,1,20.00,3,2099.40,0,4,23,org.apache.lucene.index.codecs.Codec,0.00,21,1,12,0,21,4,0,6,436,2
"org.apache.lucene.index.TestDocsAndPositions",8,0.14,5.50,246,3.92,312324.16,9,1,14,58,12,99.97,25,260,0,2,79.35,0.00,0.50,0.88,3,0.00,12,11757.94,1,2,12,org.apache.lucene.util.LuceneTestCase,0.00,50,1,44,0,50,6,0,14,1790,1
"org.apache.lucene.index.TestDocumentWriter",9,0.00,1.22,153,2.70,97250.39,10,1,17,64,24,133.18,22,170,0,2,93.29,0.00,0.50,1.00,0,0.00,3,8108.17,2,0,24,org.apache.lucene.util.LuceneTestCase,0.00,55,1,11,0,55,9,0,15,1380,1
"org.apache.lucene.index.TestDocumentWriter$Analyzer",2,0.00,1.00,5,0.05,758.91,2,0,17,4,1,139.46,0,9,0,1,139.46,0.00,0.00,0.00,0,2.00,1,158.85,0,1,1,java.lang.Object,0.00,2,0,2,0,2,1,0,0,42,0
"org.apache.lucene.index.TestDocumentWriter$Analyzer_0",1,0.00,1.00,4,0.05,852.03,1,0,17,4,3,125.47,0,6,0,1,125.47,0.00,0.00,0.00,0,1.00,1,139.77,0,1,3,java.lang.Object,0.00,3,0,1,0,3,0,0,0,34,0
"org.apache.lucene.index.TestDocumentWriter$Analyzer_0$TokenFilter",2,1.00,3.00,27,0.32,10020.36,7,5,17,11,4,150.06,2,34,0,1,100.06,0.00,0.00,0.70,0,0.00,5,968.93,1,0,4,java.lang.Object,0.00,9,0,6,0,9,2,0,2,192,0
"org.apache.lucene.index.TestDocumentWriter$TokenStream",1,0.00,2.00,11,0.12,2455.90,4,3,17,4,1,105.30,0,14,0,1,105.30,0.00,0.00,1.00,0,0.00,2,355.23,0,0,1,java.lang.Object,0.00,3,0,2,0,3,1,0,0,78,0
"org.apache.lucene.index.TestDocumentsWriterDeleteQueue",5,0.00,4.40,147,2.09,144756.62,5,0,9,42,7,80.97,4,148,0,2,80.97,0.00,0.50,0.00,1,5.00,6,6282.38,0,0,7,org.apache.lucene.util.LuceneTestCase,0.00,37,1,22,0,37,5,0,2,1053,1
"org.apache.lucene.index.TestDocumentsWriterDeleteQueue$UpdateThread",2,0.67,2.00,24,0.28,6718.55,8,6,9,12,4,102.82,0,32,0,2,102.82,0.00,0.50,0.50,0,0.00,3,848.91,0,0,4,org.apache.lucene.index.Thread,0.00,10,1,4,0,10,2,0,0,173,2
"org.apache.lucene.index.TestFieldInfos",5,0.75,2.80,77,1.10,50338.99,6,1,8,30,7,135.26,14,102,0,2,95.37,0.00,0.50,0.40,2,7.00,10,3309.03,1,1,7,org.apache.lucene.util.LuceneTestCase,0.00,25,1,14,0,25,4,0,14,633,1
"org.apache.lucene.index.TestFieldNormModifier",6,0.20,2.17,96,1.27,59869.84,8,2,17,34,18,134.30,15,101,0,2,94.41,0.00,0.50,0.67,0,0.00,3,3813.29,2,0,18,org.apache.lucene.util.LuceneTestCase,0.00,28,1,13,0,28,6,0,13,699,1
"org.apache.lucene.index.TestFieldNormModifier$Collector",4,0.17,1.00,11,0.11,1717.54,6,2,17,5,1,139.04,0,19,0,1,139.04,0.00,0.00,0.38,0,4.00,1,328.85,0,0,1,java.lang.Object,0.00,1,0,4,0,1,4,0,0,85,0
"org.apache.lucene.index.TestFieldNormModifier$Collector_0",4,0.17,1.00,11,0.11,1717.54,6,2,17,5,1,139.04,0,19,0,1,139.04,0.00,0.00,0.38,0,4.00,1,328.85,0,0,1,java.lang.Object,0.00,1,0,4,0,1,4,0,0,85,0
"org.apache.lucene.index.TestFieldNormModifier$Collector_1",4,0.17,1.00,11,0.11,1717.54,6,2,17,5,1,139.04,0,19,0,1,139.04,0.00,0.00,0.38,0,4.00,1,328.85,0,0,1,java.lang.Object,0.00,1,0,4,0,1,4,0,0,85,0
"org.apache.lucene.index.TestFieldNormModifier$DefaultSimilarityProvider",1,0.00,1.00,3,0.02,161.45,1,0,17,2,1,135.81,0,5,0,1,135.81,0.00,0.00,0.00,0,1.00,1,49.51,0,1,1,java.lang.Object,0.00,1,0,1,0,1,0,0,0,16,0
"org.apache.lucene.index.TestFieldNormModifier$DefaultSimilarityProvider$DefaultSimilarity",1,0.00,2.00,3,0.06,1403.49,1,0,17,5,1,128.26,0,5,0,1,128.26,0.00,0.00,0.00,0,1.00,2,166.12,0,0,1,java.lang.Object,0.00,4,0,2,0,4,1,0,0,40,0
"org.apache.lucene.index.TestFieldsReader",6,0.13,2.67,159,2.39,128768.70,9,3,22,78,22,83.88,5,169,0,2,83.88,0.00,0.50,0.44,0,6.00,7,7177.60,0,0,22,org.apache.lucene.util.LuceneTestCase,0.00,72,1,16,0,72,6,0,5,1213,1
"org.apache.lucene.index.TestFieldsReader$FaultyFSDirectory",10,0.00,1.00,23,0.27,4517.28,11,1,22,21,4,138.86,0,43,0,2,138.86,0.00,0.50,1.00,0,0.00,1,811.77,0,3,4,org.apache.lucene.store.Directory,0.14,11,1,10,0,11,7,0,0,208,2
"org.apache.lucene.index.TestFieldsReader$FaultyIndexInput",7,0.00,1.14,20,0.20,3016.39,10,3,22,14,2,138.99,1,34,0,4,138.99,0.00,0.75,0.33,1,0.00,2,589.43,0,1,2,org.apache.lucene.store.BufferedIndexInput,0.43,7,3,8,0,7,6,0,1,151,2
"org.apache.lucene.index.TestFilterIndexReader",0,0.00,0.00,2,0.01,129.56,0,0,8,0,6,171.00,0,2,0,2,171.00,0.00,0.50,0.00,0,0.00,0,43.19,0,0,6,org.apache.lucene.util.LuceneTestCase,0.00,0,1,0,0,0,0,0,0,13,1
"org.apache.lucene.index.TestFilterIndexReader$TestReader",3,0.00,1.67,40,0.66,24847.81,3,0,8,30,13,138.36,6,49,0,3,98.48,0.00,0.67,0.00,0,3.00,3,1984.27,1,1,13,org.apache.lucene.index.FilterIndexReader,0.02,27,2,5,0,27,2,0,3,347,2
"org.apache.lucene.index.TestFilterIndexReader$TestReader$TestFields",3,0.00,1.00,7,0.07,1105.31,3,0,8,5,3,139.56,0,13,0,2,139.56,0.00,0.50,0.00,0,3.00,1,211.88,2,2,3,org.apache.lucene.index.FilterFields,0.00,2,1,3,0,2,1,0,0,58,2
"org.apache.lucene.index.TestFilterIndexReader$TestReader$TestFieldsEnum",2,0.00,1.00,5,0.04,548.91,2,0,8,3,2,140.57,0,9,0,2,140.57,0.00,0.50,0.00,0,2.00,1,121.96,1,1,2,org.apache.lucene.index.FilterFieldsEnum,0.00,1,1,2,0,1,1,0,0,36,2
"org.apache.lucene.index.TestFilterIndexReader$TestReader$TestPositions",2,0.00,2.00,8,0.08,2319.56,2,0,8,2,1,124.25,1,14,0,2,124.25,0.00,0.50,0.00,0,2.00,3,226.07,0,0,1,org.apache.lucene.index.FilterDocsAndPositionsEnum,0.00,0,1,4,0,0,2,0,1,56,2
"org.apache.lucene.index.TestFilterIndexReader$TestReader$TestTerms",2,0.00,1.00,5,0.04,548.91,2,0,8,3,2,140.57,0,9,0,2,140.57,0.00,0.50,0.00,0,2.00,1,121.96,1,1,2,org.apache.lucene.index.FilterTerms,0.00,1,1,2,0,1,1,0,0,36,2
"org.apache.lucene.index.TestFilterIndexReader$TestReader$TestTermsEnum",3,0.00,2.00,10,0.14,3837.95,3,0,8,6,4,128.58,1,18,0,2,128.58,0.00,0.50,0.00,0,3.00,3,416.45,1,2,4,org.apache.lucene.index.FilterTermsEnum,0.00,3,1,6,0,3,1,0,1,97,2
"org.apache.lucene.index.TestFlex",2,0.00,3.00,42,0.65,22303.01,2,0,4,28,10,139.55,2,49,0,2,89.55,0.00,0.50,0.00,0,2.00,4,1939.19,0,0,10,org.apache.lucene.util.LuceneTestCase,0.00,26,1,6,0,26,2,0,2,329,1
"org.apache.lucene.index.TestFlushByRamOrCountsPolicy",10,0.44,3.40,210,3.41,185519.65,11,1,14,59,16,87.78,3,242,0,2,87.78,0.00,0.50,0.60,2,0.00,7,10235.06,0,0,16,org.apache.lucene.util.LuceneTestCase,0.00,49,1,34,0,49,10,0,3,1634,1
"org.apache.lucene.index.TestFlushByRamOrCountsPolicy$IndexThread",2,0.40,3.50,26,0.25,6452.53,7,5,14,9,4,101.53,0,36,0,2,101.53,0.00,0.50,0.40,0,2.00,6,759.52,0,0,4,org.apache.lucene.analysis.Thread,0.00,7,1,7,0,7,2,0,0,159,1
"org.apache.lucene.index.TestFlushByRamOrCountsPolicy$MockDefaultFlushPolicy",2,0.67,6.50,57,0.78,51627.27,5,3,14,14,2,81.85,0,74,0,3,81.85,0.00,0.67,0.67,0,0.00,7,2346.87,5,0,2,org.apache.lucene.index.FlushByRamOrCountsPolicy,0.00,12,2,13,0,12,2,0,0,416,2
"org.apache.lucene.index.TestForTooMuchCloning",1,0.00,3.00,33,0.52,21851.39,1,0,12,27,13,37.64,7,36,0,2,79.93,0.00,0.50,0.00,0,1.00,3,1558.75,0,0,13,org.apache.lucene.util.LuceneTestCase,0.00,26,1,3,0,26,1,0,7,253,1
"org.apache.lucene.index.TestGlobalFieldNumbers",10,0.89,4.60,381,6.23,413039.50,11,1,21,90,21,125.37,15,435,0,2,75.37,0.00,0.50,0.20,2,22.00,9,18697.68,0,1,21,org.apache.lucene.util.LuceneTestCase,0.00,80,1,46,0,80,9,0,15,2993,1
"org.apache.lucene.index.TestGlobalFieldNumbers$KeepAllDeletionPolicy",2,0.00,2.00,3,0.04,443.84,2,0,21,2,1,152.36,0,7,0,1,152.36,0.00,0.00,0.00,0,2.00,2,118.22,0,0,1,java.lang.Object,0.00,0,0,4,0,0,2,1,0,33,0
"org.apache.lucene.index.TestIndexCommit",1,0.00,1.00,8,0.08,1602.80,1,0,6,7,2,162.08,1,11,0,2,112.08,0.00,0.50,0.00,0,1.00,1,228.12,0,0,2,org.apache.lucene.util.LuceneTestCase,0.00,6,1,1,0,6,1,0,1,53,1
"org.apache.lucene.index.TestIndexCommit$IndexCommit",10,0.00,1.00,20,0.14,1816.49,10,0,6,10,1,141.98,0,11,0,1,141.98,0.00,0.00,0.00,0,10.00,1,425.24,0,4,1,java.lang.Object,0.00,0,0,10,0,0,6,0,0,124,0
"org.apache.lucene.index.TestIndexCommit$IndexCommit_0",10,0.00,1.00,20,0.14,1816.49,10,0,6,10,1,141.98,0,11,0,1,141.98,0.00,0.00,0.00,0,10.00,1,425.24,0,4,1,java.lang.Object,0.00,0,0,10,0,0,6,0,0,124,0
"org.apache.lucene.index.TestIndexFileDeleter",5,0.00,4.00,116,1.81,120477.59,5,0,14,54,15,37.27,44,126,0,2,85.38,0.00,0.50,0.00,3,5.00,7,5422.94,0,2,15,org.apache.lucene.util.LuceneTestCase,0.00,49,1,20,0,49,3,0,37,877,1
"org.apache.lucene.index.TestIndexInput",3,0.50,1.00,33,0.85,47205.70,4,1,5,15,4,138.99,8,64,0,2,99.10,0.00,0.50,0.67,1,1.00,1,2553.25,0,0,4,org.apache.lucene.util.LuceneTestCase,0.00,12,1,3,0,12,3,0,8,492,1
"org.apache.lucene.index.TestIndexReader",40,0.00,2.62,972,14.93,865070.09,40,0,35,188,42,105.77,147,1096,2,2,85.16,0.00,0.50,0.00,5,40.00,13,44793.85,0,1,40,org.apache.lucene.util.LuceneTestCase,0.00,148,1,105,0,148,39,0,131,7579,1
"org.apache.lucene.index.TestIndexReader$IncThread",2,0.00,2.00,14,0.11,2146.87,5,3,35,6,1,115.45,0,21,0,2,115.45,0.00,0.50,0.33,0,2.00,3,339.53,0,0,1,org.apache.lucene.analysis.Thread,0.00,4,1,4,0,4,2,0,0,84,1
"org.apache.lucene.index.TestIndexReader$IndexReader.ReaderFinishedListener",1,0.00,1.00,3,0.02,160.08,1,0,35,1,1,135.84,0,4,0,1,135.84,0.00,0.00,0.00,0,1.00,1,58.53,0,0,1,java.lang.Object,0.00,0,0,1,0,0,1,0,0,18,0
"org.apache.lucene.index.TestIndexReaderClone",25,0.00,1.80,314,3.85,125559.93,25,0,8,78,17,141.35,62,363,0,2,101.47,0.00,0.50,0.00,5,25.00,4,11553.64,0,0,17,org.apache.lucene.util.LuceneTestCase,0.00,53,1,45,0,53,25,0,49,2238,1
"org.apache.lucene.index.TestIndexReaderCloneNorms",12,0.08,2.25,207,2.95,131449.18,20,8,17,71,19,132.99,35,239,0,2,93.10,0.00,0.50,0.20,7,34.00,4,8836.81,1,1,19,org.apache.lucene.util.LuceneTestCase,0.00,59,1,27,0,59,11,0,29,1581,1
"org.apache.lucene.index.TestIndexReaderCloneNorms$SimilarityProviderOne",1,0.00,1.00,3,0.02,180.47,1,0,17,2,3,135.43,0,6,0,2,135.43,0.00,0.50,0.00,0,1.00,1,57.02,0,1,3,org.apache.lucene.search.similarities.DefaultSimilarityProvider,0.00,1,1,1,0,1,0,0,0,18,1
"org.apache.lucene.index.TestIndexReaderCloneNorms$SimilarityProviderOne$DefaultSimilarity",1,0.00,1.00,3,0.03,320.40,1,0,17,3,1,183.47,1,5,0,1,133.47,0.00,0.00,0.00,0,1.00,1,76.53,0,0,1,java.lang.Object,0.00,2,0,1,0,2,1,0,1,22,0
"org.apache.lucene.index.TestIndexReaderDelete",12,0.00,1.75,244,3.41,264387.73,12,0,12,56,11,108.75,44,256,0,2,88.14,0.00,0.50,0.00,2,12.00,5,10227.15,0,0,11,org.apache.lucene.util.LuceneTestCase,0.00,44,1,21,0,44,12,0,44,1817,1
"org.apache.lucene.index.TestIndexReaderOnDiskFull",1,0.00,27.00,116,1.81,226523.77,1,0,14,35,15,64.85,34,140,0,2,51.06,0.00,0.50,0.00,0,1.00,27,5435.85,0,0,15,org.apache.lucene.util.LuceneTestCase,0.00,34,1,27,0,34,1,0,17,750,1
"org.apache.lucene.index.TestIndexReaderReopen",26,1.00,3.81,737,9.23,733759.01,27,1,28,119,38,121.55,64,797,9,2,81.66,0.00,0.50,0.04,9,50.00,14,27678.95,0,3,29,org.apache.lucene.util.LuceneTestCase,0.00,93,1,99,0,93,23,0,53,4839,1
"org.apache.lucene.index.TestIndexReaderReopen$KeepAllCommits",2,0.00,2.00,3,0.04,350.27,2,0,28,2,1,153.17,0,6,0,1,153.17,0.00,0.00,0.00,0,2.00,2,105.69,0,0,1,java.lang.Object,0.00,0,0,4,0,0,2,1,0,31,2
"org.apache.lucene.index.TestIndexReaderReopen$ReaderCouple",1,0.00,1.00,6,0.03,288.17,3,2,28,1,1,122.60,0,8,0,1,122.60,0.00,0.00,1.00,0,0.00,1,94.21,0,0,1,java.lang.Object,0.00,0,0,1,0,0,1,0,0,29,2
"org.apache.lucene.index.TestIndexReaderReopen$ReaderThread",3,2.00,1.33,12,0.10,1431.65,5,2,28,5,0,127.38,0,19,0,2,127.38,0.00,0.50,0.00,1,3.00,2,291.27,0,0,0,org.apache.lucene.analysis.Thread,0.00,2,1,4,0,2,3,0,0,76,2
"org.apache.lucene.index.TestIndexReaderReopen$ReaderThreadTask",1,0.00,6.00,22,0.34,16962.61,1,0,28,16,5,107.82,3,32,0,1,87.21,0.00,0.00,0.00,0,1.00,6,1006.34,0,0,5,java.lang.Object,0.00,15,0,6,0,15,1,0,3,168,0
"org.apache.lucene.index.TestIndexReaderReopen$ReaderThreadTask_7",1,0.00,3.00,9,0.12,2937.40,1,0,28,7,1,107.84,0,14,0,1,107.84,0.00,0.00,0.00,0,1.00,3,359.61,0,0,1,java.lang.Object,0.00,6,0,3,0,6,1,0,0,71,0
"org.apache.lucene.index.TestIndexReaderReopen$ReaderThreadTask_8",2,1.00,1.00,5,0.03,340.21,3,1,28,2,0,142.20,0,7,0,1,142.20,0.00,0.00,0.00,0,2.00,1,103.57,0,0,0,java.lang.Object,0.00,0,0,2,0,0,2,0,0,31,3
"org.apache.lucene.index.TestIndexReaderReopen$TestReopen",2,0.00,1.00,5,0.05,730.90,2,0,28,4,2,139.59,0,9,0,1,139.59,0.00,0.00,0.00,0,2.00,1,152.55,0,1,2,java.lang.Object,0.00,2,0,2,0,2,1,0,0,41,0
"org.apache.lucene.index.TestIndexReaderReopen$TestReopen_0",2,0.00,1.00,5,0.05,730.90,2,0,28,4,2,139.59,0,9,0,1,139.59,0.00,0.00,0.00,0,2.00,1,152.55,0,1,2,java.lang.Object,0.00,2,0,2,0,2,1,0,0,41,0
"org.apache.lucene.index.TestIndexReaderReopen$TestReopen_1",2,0.00,1.00,9,0.10,2379.59,2,0,28,6,3,124.32,0,13,0,1,124.32,0.00,0.00,0.00,0,2.00,1,296.48,0,1,3,java.lang.Object,0.00,4,0,2,0,4,1,0,0,72,0
"org.apache.lucene.index.TestIndexReaderReopen$TestReopen_2",2,0.00,1.00,10,0.12,3532.16,2,0,28,7,4,169.36,2,14,0,1,119.36,0.00,0.00,0.00,0,2.00,1,361.73,0,1,4,java.lang.Object,0.00,5,0,2,0,5,1,0,2,86,0
"org.apache.lucene.index.TestIndexReaderReopen$TestReopen_3",2,0.00,1.00,6,0.07,1406.78,2,0,28,5,3,130.78,0,11,0,1,130.78,0.00,0.00,0.00,0,2.00,1,224.59,0,1,3,java.lang.Object,0.00,3,0,2,0,3,1,0,0,57,0
"org.apache.lucene.index.TestIndexReaderReopen$TestReopen_4",2,0.00,1.00,6,0.09,1926.18,2,0,28,6,4,179.71,2,12,0,1,129.71,0.00,0.00,0.00,0,2.00,1,264.93,0,1,4,java.lang.Object,0.00,4,0,2,0,4,1,0,2,66,0
"org.apache.lucene.index.TestIndexReaderReopen$TestReopen_5",2,0.00,1.50,11,0.17,5385.97,2,0,28,7,4,117.82,1,15,0,1,117.82,0.00,0.00,0.00,0,2.00,2,505.96,0,1,4,java.lang.Object,0.00,5,0,3,0,5,1,0,1,113,0
"org.apache.lucene.index.TestIndexReaderReopen$TestReopen_6",2,0.00,2.00,17,0.25,9290.77,2,0,28,15,5,108.28,0,23,0,1,108.28,0.00,0.00,0.00,0,2.00,3,757.72,0,1,5,java.lang.Object,0.00,13,0,4,0,13,1,0,0,145,0
"org.apache.lucene.index.TestIndexReaderReopen$TestReopen_9",2,0.00,1.00,3,0.02,181.82,2,0,28,2,1,155.58,0,4,0,1,155.58,0.00,0.00,0.00,0,2.00,1,72.73,0,1,1,java.lang.Object,0.00,0,0,2,0,0,1,0,0,24,3
"org.apache.lucene.index.TestIndexSplitter",2,0.00,2.50,102,1.58,67612.89,2,0,9,37,13,71.66,9,109,0,2,71.43,0.00,0.50,0.00,0,2.00,4,4746.42,0,0,13,org.apache.lucene.util.LuceneTestCase,0.00,35,1,5,0,35,2,0,9,754,1
"org.apache.lucene.index.TestIndexWriterCommit",12,0.00,3.67,404,5.58,302318.22,12,0,18,89,20,47.18,77,418,0,2,79.40,0.00,0.50,0.00,0,12.00,7,16725.13,0,0,20,org.apache.lucene.util.LuceneTestCase,0.00,77,1,44,0,77,12,0,56,2871,1
"org.apache.lucene.index.TestIndexWriterCommit$Analyzer",1,0.00,1.00,3,0.04,595.79,1,0,18,3,1,131.35,0,5,0,1,131.35,0.00,0.00,0.00,0,1.00,1,112.25,0,1,1,java.lang.Object,0.00,2,0,1,0,2,0,0,0,29,0
"org.apache.lucene.index.TestIndexWriterCommit$Analyzer_0",1,0.00,1.00,4,0.06,1051.87,1,0,18,4,3,124.74,0,6,0,1,124.74,0.00,0.00,0.00,0,1.00,1,173.06,0,1,3,java.lang.Object,0.00,3,0,1,0,3,0,0,0,40,0
"org.apache.lucene.index.TestIndexWriterCommit$Thread",1,0.00,4.00,28,0.38,19559.94,1,0,18,20,5,82.91,0,30,0,1,82.91,0.00,0.00,0.00,0,1.00,4,1146.93,0,0,5,java.lang.Object,0.00,19,0,4,0,19,1,0,0,188,0
"org.apache.lucene.index.TestIndexWriterConfig",6,0.00,3.50,139,2.49,140871.72,6,0,12,65,15,85.73,26,174,0,2,85.50,0.00,0.50,0.00,0,6.00,9,7482.27,0,0,15,org.apache.lucene.util.LuceneTestCase,0.00,59,1,21,0,59,6,0,26,1227,1
"org.apache.lucene.index.TestIndexWriterConfig$MyIndexingChain",1,0.00,1.00,3,0.02,193.08,1,0,12,1,2,185.20,1,7,0,2,135.20,0.00,0.50,0.00,0,1.00,1,65.51,0,1,2,org.apache.lucene.index.DocumentsWriterPerThread.IndexingChain,0.00,0,1,1,0,0,0,0,1,20,3
"org.apache.lucene.index.TestIndexWriterConfig$MySimilarityProvider",0,0.00,0.00,1,0.01,72.00,0,0,12,0,1,171.00,1,2,0,2,171.00,0.00,0.50,0.00,0,0.00,0,24.00,0,0,1,org.apache.lucene.search.similarities.DefaultSimilarityProvider,0.00,0,1,0,0,0,0,0,1,8,3
"org.apache.lucene.index.TestIndexWriterDelete",23,0.00,4.83,616,9.44,615333.84,23,0,21,127,22,83.23,106,708,0,2,82.99,0.00,0.50,0.00,4,23.00,30,28317.73,0,0,22,org.apache.lucene.util.LuceneTestCase,0.00,104,1,111,0,104,23,0,103,4536,1
"org.apache.lucene.index.TestIndexWriterDelete$Analyzer",1,0.00,1.00,3,0.04,595.79,1,0,21,3,1,131.35,0,5,0,1,131.35,0.00,0.00,0.00,0,1.00,1,112.25,0,1,1,java.lang.Object,0.00,2,0,1,0,2,0,0,0,29,0
"org.apache.lucene.index.TestIndexWriterDelete$MockAnalyzer",1,0.00,1.00,5,0.10,1461.36,1,0,21,6,0,120.01,0,8,0,1,120.01,0.00,0.00,0.00,0,1.00,1,285.99,0,0,0,java.lang.Object,0.00,5,0,1,0,5,1,0,0,66,0
"org.apache.lucene.index.TestIndexWriterDelete$MockDirectoryWrapper.Failure",2,1.33,6.00,40,0.44,24552.93,5,3,21,11,1,139.86,2,48,0,1,89.86,0.00,0.00,1.00,0,0.00,11,1310.75,0,1,1,java.lang.Object,0.00,9,0,12,0,9,1,0,2,242,0
"org.apache.lucene.index.TestIndexWriterDelete$MockDirectoryWrapper.Failure_0",2,0.00,1.50,9,0.08,1294.28,3,1,21,3,1,126.31,0,14,0,1,126.31,0.00,0.00,1.00,0,0.00,2,228.08,0,1,1,java.lang.Object,0.00,1,0,3,0,1,1,0,0,57,0
"org.apache.lucene.index.TestIndexWriterExceptions",22,0.48,5.23,732,10.94,707233.94,24,2,28,178,30,99.10,72,792,0,2,78.48,0.00,0.50,0.05,1,58.00,13,32822.99,0,0,30,org.apache.lucene.util.LuceneTestCase,0.00,156,1,115,0,156,22,0,72,5284,1
"org.apache.lucene.index.TestIndexWriterExceptions$Analyzer",1,0.00,1.00,5,0.06,1123.43,1,0,28,5,2,170.90,1,7,0,1,120.90,0.00,0.00,0.00,0,1.00,1,168.54,0,1,2,java.lang.Object,0.00,4,0,1,0,4,0,0,1,40,0
"org.apache.lucene.index.TestIndexWriterExceptions$Analyzer$TokenFilter",2,1.00,1.50,9,0.08,1668.24,3,1,28,4,0,125.44,0,14,0,1,125.44,0.00,0.00,0.50,0,2.00,2,246.53,1,0,0,java.lang.Object,0.00,2,0,3,0,2,2,0,0,61,0
"org.apache.lucene.index.TestIndexWriterExceptions$Analyzer.PerFieldReuseStrategy",1,0.00,1.00,5,0.07,1486.68,1,0,28,5,1,169.95,1,7,0,1,119.95,0.00,0.00,0.00,0,1.00,1,198.35,0,1,1,java.lang.Object,0.00,4,0,1,0,4,0,0,1,47,0
"org.apache.lucene.index.TestIndexWriterExceptions$Analyzer.PerFieldReuseStrategy_0",1,0.00,1.00,5,0.07,1486.68,1,0,28,5,1,169.95,1,7,0,1,119.95,0.00,0.00,0.00,0,1.00,1,198.35,0,1,1,java.lang.Object,0.00,4,0,1,0,4,0,0,1,47,0
"org.apache.lucene.index.TestIndexWriterExceptions$Analyzer.PerFieldReuseStrategy_1",1,0.00,1.00,5,0.07,1486.68,1,0,28,5,1,169.95,1,7,0,1,119.95,0.00,0.00,0.00,0,1.00,1,198.35,0,1,1,java.lang.Object,0.00,4,0,1,0,4,0,0,1,47,0
"org.apache.lucene.index.TestIndexWriterExceptions$CrashingFilter",3,0.25,1.33,12,0.12,2277.59,5,2,28,6,1,125.79,0,19,0,4,125.79,0.00,0.75,0.33,0,1.00,2,361.95,1,0,1,org.apache.lucene.analysis.TokenFilter,0.53,3,3,4,0,3,3,0,0,88,1
"org.apache.lucene.index.TestIndexWriterExceptions$DocCopyIterator",2,7.00,1.00,26,0.28,7801.51,9,7,28,4,4,151.17,2,31,0,1,101.17,0.00,0.00,0.00,0,2.00,1,832.09,0,1,4,java.lang.Object,0.00,2,0,2,0,2,1,1,2,193,2
"org.apache.lucene.index.TestIndexWriterExceptions$DocCopyIterator$Iterator<Document>",3,0.50,1.00,9,0.06,722.88,4,1,28,4,1,134.45,0,15,0,1,134.45,0.00,0.00,0.67,0,1.00,1,181.63,0,1,1,java.lang.Object,0.00,1,0,3,0,1,2,0,0,52,0
"org.apache.lucene.index.TestIndexWriterExceptions$FailOnTermVectors",2,0.00,3.50,21,0.31,13945.29,6,4,28,9,1,103.14,0,26,0,2,103.14,0.00,0.50,0.25,0,2.00,6,928.40,0,0,1,MockDirectoryWrapper.Failure,0.00,7,1,7,0,7,2,0,0,182,2
"org.apache.lucene.index.TestIndexWriterExceptions$FailOnlyInCommit",2,0.33,4.50,30,0.43,21954.93,8,6,28,11,1,94.97,0,38,0,2,94.97,0.00,0.50,0.33,0,2.00,8,1275.65,0,0,1,MockDirectoryWrapper.Failure,0.00,9,1,9,0,9,2,0,0,241,2
"org.apache.lucene.index.TestIndexWriterExceptions$FailOnlyInSync",1,0.00,4.00,12,0.16,5113.61,2,1,28,7,1,101.22,0,15,0,2,101.22,0.00,0.50,1.00,0,0.00,4,467.74,0,0,1,MockDirectoryWrapper.Failure,0.00,6,1,4,0,6,1,0,0,93,2
"org.apache.lucene.index.TestIndexWriterExceptions$FailOnlyOnFlush",3,0.25,2.67,21,0.28,10886.14,5,2,28,10,1,111.22,0,30,0,2,111.22,0.00,0.50,0.33,0,4.00,6,826.16,0,0,1,MockDirectoryWrapper.Failure,0.00,7,1,8,0,7,3,0,0,165,2
"org.apache.lucene.index.TestIndexWriterExceptions$IndexerThread",2,0.33,4.50,52,0.94,63086.61,5,3,28,25,6,132.44,3,66,0,2,82.44,0.00,0.50,0.50,0,2.00,8,2808.63,0,0,6,org.apache.lucene.analysis.Thread,0.00,23,1,9,0,23,2,0,3,449,1
"org.apache.lucene.index.TestIndexWriterExceptions$MockAnalyzer",1,0.00,2.00,5,0.07,1709.57,1,0,28,5,0,119.31,0,8,0,1,119.31,0.00,0.00,0.00,0,1.00,2,199.63,0,0,0,java.lang.Object,0.00,4,0,2,0,4,1,0,0,45,0
"org.apache.lucene.index.TestIndexWriterExceptions$MockIndexWriter",2,1.00,2.00,11,0.19,4762.88,3,1,28,12,3,118.18,0,17,0,2,118.18,0.00,0.50,0.50,0,2.00,3,578.04,0,0,3,org.apache.lucene.index.IndexWriter,0.00,10,1,4,0,10,2,0,0,118,1
"org.apache.lucene.index.TestIndexWriterExceptions$MockIndexWriter2",2,1.00,1.50,7,0.07,1018.92,3,1,28,4,3,131.79,0,12,0,2,131.79,0.00,0.50,0.50,0,2.00,2,213.88,0,0,3,org.apache.lucene.index.IndexWriter,0.00,2,1,3,0,2,2,0,0,54,3
"org.apache.lucene.index.TestIndexWriterExceptions$MockIndexWriter3",2,0.00,1.50,10,0.09,1408.94,4,2,28,4,3,122.41,0,15,0,2,122.41,0.00,0.50,0.50,0,2.00,2,255.89,0,0,3,org.apache.lucene.index.IndexWriter,0.00,2,1,3,0,2,2,0,0,63,3
"org.apache.lucene.index.TestIndexWriterExceptions$MockIndexWriter4",2,1.00,1.50,7,0.07,1018.92,3,1,28,4,3,131.79,0,12,0,2,131.79,0.00,0.50,0.50,0,2.00,2,213.88,0,0,3,org.apache.lucene.index.IndexWriter,0.00,2,1,3,0,2,2,0,0,54,3
"org.apache.lucene.index.TestIndexWriterExceptions$Thread",1,0.00,5.00,25,0.32,17558.50,1,0,28,10,1,85.06,0,31,0,1,85.06,0.00,0.00,0.00,0,1.00,5,974.82,0,0,1,java.lang.Object,0.00,9,0,5,0,9,1,0,0,172,0
"org.apache.lucene.index.TestIndexWriterLockRelease",3,1.00,4.00,29,0.47,18756.81,4,1,9,17,5,155.19,5,47,0,2,105.19,0.00,0.50,0.00,0,3.00,5,1417.25,2,0,5,org.apache.lucene.util.LuceneTestCase,0.00,14,1,12,0,14,3,0,1,280,1
"org.apache.lucene.index.TestIndexWriterMergePolicy",8,0.00,3.12,164,2.17,107741.42,8,0,7,47,11,139.69,13,179,0,2,89.69,0.00,0.50,0.00,2,8.00,5,6496.32,0,0,11,org.apache.lucene.util.LuceneTestCase,0.00,39,1,25,0,39,8,0,13,1162,1
"org.apache.lucene.index.TestIndexWriterMerging",7,0.00,3.14,189,2.77,116031.67,7,0,11,52,11,124.00,14,221,0,2,84.12,0.00,0.50,0.00,2,7.00,4,8319.58,0,0,11,org.apache.lucene.util.LuceneTestCase,0.00,45,1,22,0,45,7,0,11,1394,1
"org.apache.lucene.index.TestIndexWriterMerging$MyMergeScheduler",2,0.00,2.50,13,0.14,5497.54,2,0,11,5,3,114.68,0,18,0,2,114.68,0.00,0.50,0.00,0,2.00,4,423.47,0,0,3,org.apache.lucene.index.MergeScheduler,0.50,3,1,5,0,3,2,0,0,88,1
"org.apache.lucene.index.TestIndexWriterOnDiskFull",6,0.00,12.67,293,4.81,681299.28,6,0,16,78,18,47.75,86,354,0,2,67.89,0.00,0.50,0.00,2,6.00,49,14415.80,0,0,18,org.apache.lucene.util.LuceneTestCase,0.00,72,1,76,0,72,6,0,73,2065,1
"org.apache.lucene.index.TestIndexWriterOnDiskFull$FailTwiceDuringMerge",1,0.00,5.00,17,0.24,11101.62,3,2,16,8,1,92.87,0,21,0,2,92.87,0.00,0.50,1.00,0,0.00,5,731.36,0,0,1,MockDirectoryWrapper.Failure,0.00,7,1,5,0,7,1,0,0,139,2
"org.apache.lucene.index.TestIndexWriterOnJRECrash",5,0.50,4.00,77,1.11,42753.73,6,1,12,45,5,96.08,20,95,0,2,95.85,0.00,0.50,0.60,2,2.00,6,3315.45,2,0,5,TestNRTThreads,0.00,40,1,20,0,40,5,0,12,584,1
"org.apache.lucene.index.TestIndexWriterOnJRECrash$Thread",1,0.00,2.00,5,0.04,448.00,1,0,12,3,0,123.89,0,8,0,1,123.89,0.00,0.00,0.00,0,1.00,2,106.10,0,0,0,java.lang.Object,0.00,2,0,2,0,2,1,0,0,28,0
"org.apache.lucene.index.TestIndexWriterOptimize",4,0.00,5.00,130,1.93,102615.44,4,0,9,45,11,100.38,15,139,0,2,79.76,0.00,0.50,0.00,0,4.00,7,5780.84,0,0,11,org.apache.lucene.util.LuceneTestCase,0.00,41,1,20,0,41,4,0,11,945,1
"org.apache.lucene.index.TestIndexWriterReader",24,0.26,2.58,580,8.71,420395.04,26,2,26,136,29,106.50,84,641,2,2,85.88,0.00,0.50,0.25,2,64.00,7,26122.17,0,0,27,org.apache.lucene.util.LuceneTestCase,0.00,112,1,62,0,112,24,0,66,4418,1
"org.apache.lucene.index.TestIndexWriterReader$AddDirectoriesThreads",7,0.10,2.71,75,0.71,18981.34,17,10,26,27,7,106.43,0,77,0,1,106.43,0.00,0.00,0.19,0,26.00,5,2128.41,0,0,7,java.lang.Object,0.00,20,0,19,0,20,7,0,0,436,1
"org.apache.lucene.index.TestIndexWriterReader$AddDirectoriesThreads$Thread",1,0.00,4.00,15,0.13,4810.75,1,0,26,3,1,49.34,10,14,0,1,97.81,0.00,0.00,0.00,0,0.00,4,399.73,0,0,1,java.lang.Object,0.00,2,0,4,0,2,1,0,10,81,0
"org.apache.lucene.index.TestIndexWriterReader$IndexWriter.IndexReaderWarmer",1,0.00,1.00,7,0.10,1512.18,1,0,26,8,5,114.44,0,9,0,1,114.44,0.00,0.00,0.00,0,1.00,1,287.91,0,0,5,java.lang.Object,0.00,7,0,1,0,7,1,0,0,60,0
"org.apache.lucene.index.TestIndexWriterReader$MyWarmer",1,0.00,1.00,4,0.04,404.10,2,1,26,1,1,128.02,0,7,0,2,128.02,0.00,0.50,1.00,0,0.00,1,107.30,0,0,1,IndexWriter.IndexReaderWarmer,0.00,0,1,1,0,0,1,0,0,29,2
"org.apache.lucene.index.TestIndexWriterReader$Thread_0",1,0.00,2.00,9,0.08,1951.45,1,0,26,6,0,109.33,0,13,0,1,109.33,0.00,0.00,0.00,0,1.00,2,243.56,0,0,0,java.lang.Object,0.00,5,0,2,0,5,1,0,0,53,0
"org.apache.lucene.index.TestIndexWriterReader$Thread_1",1,0.00,4.00,22,0.25,11077.36,2,1,26,11,2,88.76,0,22,0,1,88.76,0.00,0.00,1.00,0,0.00,4,735.96,0,0,2,java.lang.Object,0.00,10,0,4,0,10,1,0,0,136,0
"org.apache.lucene.index.TestIndexWriterUnicode",12,1.00,3.50,196,3.32,260936.93,13,1,15,69,15,131.53,24,231,0,2,91.64,0.00,0.50,0.08,4,22.00,11,9969.82,0,2,15,org.apache.lucene.util.LuceneTestCase,0.00,57,1,42,0,57,10,0,24,1735,1
"org.apache.lucene.index.TestIndexWriterWithThreads",13,0.00,3.31,192,2.53,139984.53,13,0,14,66,16,116.83,43,209,0,2,96.22,0.00,0.50,0.00,2,13.00,12,7586.03,0,0,16,org.apache.lucene.util.LuceneTestCase,0.00,53,1,43,0,53,13,0,41,1287,1
"org.apache.lucene.index.TestIndexWriterWithThreads$DelayedIndexAndCloseRunnable",3,0.20,1.33,25,0.27,5196.49,8,5,14,14,6,111.74,0,34,0,2,111.74,0.00,0.50,0.33,0,4.00,2,803.88,0,0,6,org.apache.lucene.analysis.Thread,0.00,11,1,4,0,11,3,0,0,165,1
"org.apache.lucene.index.TestIndexWriterWithThreads$FailOnlyInWriteSegment",2,1.00,3.00,14,0.17,5355.50,3,1,14,9,1,112.23,0,19,0,2,112.23,0.00,0.50,0.50,0,2.00,5,512.88,0,0,1,MockDirectoryWrapper.Failure,0.00,7,1,6,0,7,2,0,0,106,2
"org.apache.lucene.index.TestIndexWriterWithThreads$FailOnlyOnAbortOrFlush",2,1.00,4.00,20,0.25,11371.70,3,1,14,8,1,153.81,2,28,0,2,103.81,0.00,0.50,0.50,0,2.00,7,738.09,0,0,1,MockDirectoryWrapper.Failure,0.00,6,1,8,0,6,2,0,2,144,2
"org.apache.lucene.index.TestIndexWriterWithThreads$IndexerThread",2,0.50,5.00,45,0.61,33484.10,8,6,14,22,7,137.29,3,60,0,2,87.29,0.00,0.50,0.42,0,2.00,9,1841.52,0,0,7,org.apache.lucene.analysis.Thread,0.00,20,1,10,0,20,2,0,3,309,1
"org.apache.lucene.index.TestIndexableField",0,0.00,0.00,2,0.01,119.59,0,0,22,0,16,171.00,0,2,0,2,171.00,0.00,0.50,0.00,0,0.00,0,39.86,0,0,16,org.apache.lucene.util.LuceneTestCase,0.00,0,1,0,0,0,0,0,0,12,1
"org.apache.lucene.index.TestIndexableField$MyField",14,0.54,2.43,160,2.59,317991.84,15,1,22,55,20,97.64,6,196,0,1,97.64,0.00,0.00,0.50,4,14.00,15,7779.38,0,10,20,java.lang.Object,0.00,41,0,34,0,41,4,1,6,1214,1
"org.apache.lucene.index.TestIndexableField$MyField$IndexableFieldType",8,0.00,1.00,17,0.19,3152.96,8,0,22,8,0,139.33,0,33,0,1,139.33,0.00,0.00,0.00,0,0.00,1,561.56,0,1,0,java.lang.Object,0.00,0,0,8,0,0,7,0,0,145,0
"org.apache.lucene.index.TestIndexableField$MyField$Iterable<IndexableField>",1,0.00,1.00,3,0.02,282.15,1,0,22,2,1,133.91,0,5,0,1,133.91,0.00,0.00,0.00,0,1.00,1,66.26,0,1,1,java.lang.Object,0.00,1,0,1,0,1,0,0,0,20,0
"org.apache.lucene.index.TestIndexableField$MyField$Iterable<IndexableField>$Iterator<IndexableField>",3,0.50,1.33,13,0.12,3232.08,4,1,22,6,2,124.60,0,20,0,1,124.60,0.00,0.00,0.67,0,1.00,2,371.44,0,1,2,java.lang.Object,0.00,3,0,4,0,3,2,0,0,86,0
"org.apache.lucene.index.TestIsCurrent",4,0.33,1.00,34,0.39,7055.75,6,2,6,22,6,93.87,20,43,0,2,111.75,0.00,0.50,0.75,0,0.00,1,1160.51,2,0,6,org.apache.lucene.util.LuceneTestCase,0.00,18,1,4,0,18,4,0,12,243,1
"org.apache.lucene.index.TestLazyBug",7,0.06,2.00,66,1.00,45453.01,13,6,13,39,11,105.22,4,85,0,2,105.22,0.00,0.50,0.21,1,18.00,5,3012.66,0,1,11,org.apache.lucene.util.LuceneTestCase,0.00,32,1,14,0,32,6,0,1,537,1
"org.apache.lucene.index.TestLazyBug$FieldSelector",1,0.00,2.00,5,0.04,482.05,1,0,13,2,1,123.64,0,7,0,1,123.64,0.00,0.00,0.00,0,0.00,2,105.67,0,1,1,java.lang.Object,0.00,1,0,2,0,1,0,0,0,29,0
"org.apache.lucene.index.TestLazyProxSkipping",5,0.17,2.20,81,1.13,40395.08,11,6,16,40,21,115.75,16,91,1,2,95.13,0.00,0.50,0.03,3,8.00,4,3401.11,0,1,20,org.apache.lucene.util.LuceneTestCase,0.00,35,1,11,0,35,4,0,13,622,1
"org.apache.lucene.index.TestLazyProxSkipping$Analyzer",1,0.00,1.00,3,0.04,595.79,1,0,16,3,1,131.35,0,5,0,1,131.35,0.00,0.00,0.00,0,1.00,1,112.25,0,1,1,java.lang.Object,0.00,2,0,1,0,2,0,0,0,29,0
"org.apache.lucene.index.TestLazyProxSkipping$SeekCountingDirectory",2,0.00,1.50,8,0.09,2532.07,2,0,16,4,4,124.02,1,13,0,3,124.02,0.00,0.67,0.00,0,2.00,2,276.00,1,1,4,org.apache.lucene.store.MockDirectoryWrapper,0.00,2,2,3,0,2,1,0,1,65,1
"org.apache.lucene.index.TestLazyProxSkipping$SeeksCountingStream",8,1.00,1.00,19,0.21,3213.41,9,1,16,9,2,139.27,0,35,0,3,139.27,0.00,0.67,0.00,7,8.00,1,620.35,0,1,2,org.apache.lucene.store.IndexInput,0.75,1,2,8,0,1,7,0,0,163,0
"org.apache.lucene.index.TestMaxTermFrequency",4,0.22,2.00,51,0.61,18561.18,7,3,15,29,14,122.33,13,50,0,2,101.71,0.00,0.50,0.50,1,0.00,3,1824.83,2,1,14,org.apache.lucene.util.LuceneTestCase,0.00,25,1,8,0,25,3,0,4,348,1
"org.apache.lucene.index.TestMaxTermFrequency$DefaultSimilarityProvider",1,0.00,1.00,3,0.02,238.65,1,0,15,2,1,134.48,0,5,0,1,134.48,0.00,0.00,0.00,0,1.00,1,63.51,0,1,1,java.lang.Object,0.00,1,0,1,0,1,0,0,0,19,0
"org.apache.lucene.index.TestMaxTermFrequency$TestSimilarity",3,0.00,1.00,7,0.06,857.43,3,0,15,4,2,140.43,0,14,0,4,140.43,0.00,0.75,0.00,1,3.00,1,193.53,0,0,2,org.apache.lucene.search.similarities.DefaultSimilarity,0.29,1,3,3,0,1,3,0,0,55,0
"org.apache.lucene.index.TestMultiFields",2,0.00,11.00,107,1.99,162997.13,2,0,5,54,15,25.16,14,116,0,2,67.46,0.00,0.50,0.00,0,2.00,21,5960.25,0,0,15,org.apache.lucene.util.LuceneTestCase,0.00,52,1,22,0,52,2,0,2,871,1
"org.apache.lucene.index.TestMultiLevelSkipList",3,0.00,2.00,44,0.67,17881.67,4,1,16,33,15,80.49,16,48,1,2,98.36,0.00,0.50,1.00,1,0.00,3,2014.82,1,0,14,org.apache.lucene.util.LuceneTestCase,0.00,30,1,6,0,30,3,0,9,362,1
"org.apache.lucene.index.TestMultiLevelSkipList$CountingRAMDirectory",2,0.00,1.50,7,0.08,1850.79,2,0,16,4,4,129.75,0,13,0,3,129.75,0.00,0.67,0.00,0,2.00,2,234.46,1,1,4,org.apache.lucene.store.MockDirectoryWrapper,0.00,2,2,3,0,2,1,0,0,57,0
"org.apache.lucene.index.TestMultiLevelSkipList$CountingStream",8,1.00,1.00,20,0.22,3651.29,9,1,16,9,2,138.83,0,36,0,3,138.83,0.00,0.67,0.00,7,8.00,1,660.94,0,1,2,org.apache.lucene.store.IndexInput,0.75,1,2,8,0,1,7,0,0,171,0
"org.apache.lucene.index.TestMultiLevelSkipList$PayloadAnalyzer",1,0.00,1.00,5,0.08,1519.40,2,1,16,5,3,119.87,0,8,0,2,119.87,0.00,0.50,1.00,0,0.00,1,234.32,0,1,3,org.apache.lucene.analysis.Analyzer,0.00,4,1,1,0,4,0,0,0,54,2
"org.apache.lucene.index.TestMultiLevelSkipList$PayloadFilter",2,0.50,1.50,12,0.12,2440.76,4,2,16,6,3,117.57,0,17,0,4,117.57,0.00,0.75,0.75,0,0.00,2,364.37,0,0,3,org.apache.lucene.analysis.TokenFilter,0.29,4,3,3,0,4,2,0,0,86,2
"org.apache.lucene.index.TestMultiPassIndexSplitter",4,0.44,1.75,87,1.49,93189.59,7,3,7,34,12,127.04,9,98,0,2,87.16,0.00,0.50,0.67,0,0.00,2,4483.01,2,0,12,org.apache.lucene.util.LuceneTestCase,0.00,30,1,7,0,30,4,0,5,773,1
"org.apache.lucene.index.TestMultiReader",1,0.00,1.00,14,0.18,7898.89,1,0,2,6,5,97.55,0,17,0,3,97.55,0.00,0.67,0.00,0,0.00,1,554.08,0,1,5,org.apache.lucene.index.TestDirectoryReader,0.30,5,2,1,0,5,0,0,0,111,1
"org.apache.lucene.index.TestNRTManager",15,0.09,2.80,115,1.96,68151.40,20,5,9,53,11,110.44,6,175,1,3,110.44,0.00,0.67,0.28,1,0.00,6,5873.55,2,3,10,org.apache.lucene.index.ThreadedIndexingAndSearchingTestCase,0.36,38,2,42,0,38,12,0,6,1073,1
"org.apache.lucene.index.TestNRTManager$SearcherWarmer",1,0.00,1.00,4,0.06,811.32,1,0,9,4,4,125.63,0,6,0,1,125.63,0.00,0.00,0.00,0,1.00,1,165.89,0,0,4,java.lang.Object,0.00,3,0,1,0,3,1,0,0,38,0
"org.apache.lucene.index.TestNRTReaderWithThreads",1,1.00,7.00,43,0.60,41933.64,2,1,6,20,5,93.83,3,43,0,2,73.22,0.00,0.50,0.00,0,1.00,7,1795.58,0,0,5,org.apache.lucene.util.LuceneTestCase,0.00,19,1,7,0,19,1,0,3,300,1
"org.apache.lucene.index.TestNRTReaderWithThreads$RunThread",2,0.71,3.00,30,0.38,11988.45,9,7,6,14,6,147.13,3,38,0,2,97.13,0.00,0.50,0.50,0,2.00,5,1130.24,0,0,6,org.apache.lucene.analysis.Thread,0.00,12,1,6,0,12,2,0,3,209,1
"org.apache.lucene.index.TestNeverDelete",1,0.00,8.00,40,0.67,37312.76,1,0,10,32,10,42.54,6,47,0,2,74.76,0.00,0.50,0.00,0,1.00,8,2012.75,0,0,10,org.apache.lucene.util.LuceneTestCase,0.00,31,1,8,0,31,1,0,6,310,1
"org.apache.lucene.index.TestNeverDelete$Thread",1,0.00,4.00,13,0.17,7263.11,1,0,10,7,3,98.72,0,19,0,1,98.72,0.00,0.00,0.00,0,1.00,4,510.64,0,0,3,java.lang.Object,0.00,6,0,4,0,6,1,0,0,95,0
"org.apache.lucene.index.TestNewestSegment",1,0.00,1.00,7,0.07,1170.96,1,0,3,8,3,115.31,0,9,0,2,115.31,0.00,0.50,0.00,0,1.00,1,219.07,0,0,3,org.apache.lucene.util.LuceneTestCase,0.00,7,1,1,0,7,1,0,0,51,1
"org.apache.lucene.index.TestNoDeletionPolicy",4,0.00,2.00,29,0.44,12355.09,4,0,10,28,8,151.72,11,39,0,2,111.84,0.00,0.50,0.00,0,4.00,3,1323.08,0,0,8,org.apache.lucene.util.LuceneTestCase,0.00,24,1,8,0,24,4,0,11,259,1
"org.apache.lucene.index.TestNoMergePolicy",4,0.00,1.75,21,0.33,8598.11,4,0,6,22,2,158.44,8,31,0,2,118.56,0.00,0.50,0.00,0,4.00,3,988.49,0,0,2,org.apache.lucene.util.LuceneTestCase,0.00,18,1,7,0,18,4,0,8,211,1
"org.apache.lucene.index.TestNoMergeScheduler",3,0.00,2.00,15,0.24,6613.39,3,0,6,14,2,158.33,8,23,0,2,118.44,0.00,0.50,0.00,0,3.00,3,709.29,0,0,2,org.apache.lucene.util.LuceneTestCase,0.00,11,1,6,0,11,3,0,8,150,1
"org.apache.lucene.index.TestNorms",10,0.15,2.20,174,2.26,86512.51,18,8,15,60,16,133.80,24,185,0,2,93.92,0.00,0.50,0.26,7,0.00,4,6789.07,1,1,16,org.apache.lucene.util.LuceneTestCase,0.00,50,1,22,0,50,9,0,16,1233,1
"org.apache.lucene.index.TestNorms$CustomNormEncodingSimilarity",3,0.00,1.00,7,0.06,857.43,3,0,15,4,2,140.43,0,14,0,4,140.43,0.00,0.75,0.00,1,3.00,1,193.53,0,0,2,org.apache.lucene.search.similarities.DefaultSimilarity,0.29,1,3,3,0,1,3,0,0,55,0
"org.apache.lucene.index.TestNorms$DefaultSimilarityProvider",1,0.00,1.00,3,0.02,238.65,1,0,15,2,1,134.48,0,5,0,1,134.48,0.00,0.00,0.00,0,1.00,1,63.51,0,1,1,java.lang.Object,0.00,1,0,1,0,1,0,0,0,19,0
"org.apache.lucene.index.TestNorms$SimilarityProviderOne",1,0.00,1.00,3,0.02,180.47,1,0,15,2,3,135.43,0,6,0,2,135.43,0.00,0.50,0.00,0,1.00,1,57.02,0,1,3,org.apache.lucene.search.similarities.DefaultSimilarityProvider,0.00,1,1,1,0,1,0,0,0,18,1
"org.apache.lucene.index.TestNorms$SimilarityProviderOne$DefaultSimilarity",1,0.00,1.00,3,0.03,320.40,1,0,15,3,1,183.47,1,5,0,1,133.47,0.00,0.00,0.00,0,1.00,1,76.53,0,0,1,java.lang.Object,0.00,2,0,1,0,2,1,0,1,22,0
"org.apache.lucene.index.TestOmitNorms",7,0.00,2.29,176,2.46,96096.69,7,0,10,54,16,53.86,47,181,0,2,86.08,0.00,0.50,0.00,2,7.00,3,7391.83,0,0,16,org.apache.lucene.util.LuceneTestCase,0.00,47,1,16,0,47,7,0,39,1283,1
"org.apache.lucene.index.TestOmitPositions",4,0.00,2.25,127,1.89,82633.26,4,0,11,43,17,38.91,29,124,0,2,81.20,0.00,0.50,0.00,1,4.00,3,5670.44,0,0,17,org.apache.lucene.util.LuceneTestCase,0.00,39,1,9,0,39,4,0,26,944,1
"org.apache.lucene.index.TestOmitTf",7,0.17,2.86,194,2.83,109388.54,9,2,18,66,25,66.47,41,206,0,2,84.34,0.00,0.50,0.64,1,0.00,6,8479.21,0,0,25,org.apache.lucene.util.LuceneTestCase,0.00,59,1,20,0,59,7,0,39,1408,1
"org.apache.lucene.index.TestOmitTf$CountingHitCollector",2,1.00,1.00,8,0.08,1498.24,3,1,18,4,1,125.91,1,12,0,1,125.91,0.00,0.00,0.50,0,2.00,1,238.89,1,0,1,java.lang.Object,0.00,2,0,2,0,2,2,0,1,59,0
"org.apache.lucene.index.TestOmitTf$CountingHitCollector_0",2,1.00,1.00,8,0.08,1612.84,3,1,18,4,1,125.65,1,12,0,1,125.65,0.00,0.00,0.50,0,2.00,1,250.05,1,0,1,java.lang.Object,0.00,2,0,2,0,2,2,0,1,61,0
"org.apache.lucene.index.TestOmitTf$CountingHitCollector_1",2,1.00,1.00,9,0.09,1939.78,3,1,18,5,1,125.02,1,13,0,1,125.02,0.00,0.00,0.50,0,2.00,1,284.44,1,0,1,java.lang.Object,0.00,3,0,2,0,3,2,0,1,67,0
"org.apache.lucene.index.TestOmitTf$CountingHitCollector_2",2,1.00,1.00,9,0.09,2026.63,3,1,18,4,1,124.87,1,13,0,1,124.87,0.00,0.00,0.50,0,2.00,1,282.12,1,0,1,java.lang.Object,0.00,2,0,2,0,2,2,0,1,67,0
"org.apache.lucene.index.TestOmitTf$CountingHitCollector_3",1,0.00,1.00,3,0.03,436.18,1,0,18,1,0,182.42,1,5,0,1,132.42,0.00,0.00,0.00,0,1.00,1,82.23,1,0,0,java.lang.Object,0.00,0,0,1,0,0,1,0,1,23,0
"org.apache.lucene.index.TestOmitTf$CountingHitCollector_4",7,0.06,1.00,19,0.14,2037.69,10,3,18,7,2,140.37,1,23,0,2,140.37,0.00,0.50,0.38,0,8.00,1,433.42,0,0,2,org.apache.lucene.search.Collector,0.36,0,1,7,0,0,7,0,1,118,2
"org.apache.lucene.index.TestOmitTf$SimpleSimilarityProvider",3,0.00,1.00,7,0.04,340.59,3,0,18,4,3,143.59,0,7,0,1,143.59,0.00,0.00,0.00,0,3.00,1,121.39,0,1,3,java.lang.Object,0.00,1,0,3,0,1,2,1,0,38,2
"org.apache.lucene.index.TestOmitTf$SimpleSimilarityProvider$TFIDFSimilarity",6,0.00,1.00,13,0.13,1725.38,6,0,18,9,5,140.41,0,9,0,1,140.41,0.00,0.00,0.00,0,6.00,1,391.28,0,1,5,java.lang.Object,0.00,3,0,6,0,3,5,0,0,104,0
"org.apache.lucene.index.TestOptimizeForever",1,0.00,5.00,34,0.51,26840.35,1,0,8,26,7,99.24,3,35,0,2,78.63,0.00,0.50,0.00,0,1.00,5,1532.83,0,0,7,org.apache.lucene.util.LuceneTestCase,0.00,25,1,5,0,25,1,0,3,250,1
"org.apache.lucene.index.TestOptimizeForever$MyIndexWriter",2,0.00,2.00,12,0.15,3024.89,4,2,8,6,4,116.77,0,18,0,2,116.77,0.00,0.50,0.50,0,2.00,3,438.48,1,0,4,org.apache.lucene.index.IndexWriter,0.00,4,1,4,0,4,2,0,0,96,2
"org.apache.lucene.index.TestOptimizeForever$Thread",1,0.00,3.00,7,0.10,2161.29,1,0,8,8,1,162.96,1,13,0,1,112.96,0.00,0.00,0.00,0,1.00,3,295.53,0,0,1,java.lang.Object,0.00,7,0,3,0,7,1,0,1,61,0
"org.apache.lucene.index.TestPKIndexSplitter",4,0.00,2.25,66,0.94,35573.64,4,0,11,31,12,94.80,1,71,0,2,94.80,0.00,0.50,0.00,3,4.00,3,2820.55,0,1,12,org.apache.lucene.util.LuceneTestCase,0.00,27,1,9,0,27,3,0,1,519,1
"org.apache.lucene.index.TestParallelReader",12,0.00,1.17,184,2.66,96910.37,17,5,11,52,14,96.33,11,207,0,2,96.33,0.00,0.50,0.20,3,42.00,2,7982.67,2,4,14,org.apache.lucene.util.LuceneTestCase,0.00,40,1,14,0,40,8,0,11,1545,1
"org.apache.lucene.index.TestParallelReaderEmptyIndex",2,0.00,1.00,51,0.71,24851.09,2,0,8,22,8,36.61,19,58,0,2,86.61,0.00,0.50,0.00,0,2.00,1,2133.06,0,0,8,org.apache.lucene.util.LuceneTestCase,0.00,20,1,2,0,20,2,0,6,395,1
"org.apache.lucene.index.TestParallelTermEnum",3,0.62,1.00,132,2.19,251760.24,7,4,7,28,11,70.92,0,138,0,2,70.92,0.00,0.50,0.67,0,0.00,1,6581.21,2,0,11,org.apache.lucene.util.LuceneTestCase,0.00,25,1,3,0,25,3,0,0,1169,1
"org.apache.lucene.index.TestPayloadProcessorProvider",7,0.50,2.57,101,1.51,72437.19,8,1,19,39,15,146.41,10,124,0,2,96.41,0.00,0.50,0.57,4,3.00,7,4518.04,0,0,15,org.apache.lucene.util.LuceneTestCase,0.00,32,1,18,0,32,7,0,10,805,1
"org.apache.lucene.index.TestPayloadProcessorProvider$DeletePayloadProcessor",1,0.00,1.00,3,0.03,432.00,1,0,19,1,1,132.45,0,6,0,2,132.45,0.00,0.50,0.00,0,1.00,1,96.00,0,0,1,org.apache.lucene.index.PayloadProcessorProvider.PayloadProcessor,0.00,0,1,1,0,0,1,0,0,26,3
"org.apache.lucene.index.TestPayloadProcessorProvider$PayloadTokenStream",3,0.38,1.33,19,0.19,3740.36,7,4,19,7,4,117.53,0,26,0,3,117.53,0.00,0.67,0.50,0,1.00,2,569.74,1,0,4,org.apache.lucene.analysis.TokenStream,0.55,4,2,4,0,4,3,0,0,129,3
"org.apache.lucene.index.TestPayloadProcessorProvider$PerDirPayloadProcessor",2,1.00,1.00,6,0.07,1003.77,3,1,19,3,2,131.94,0,10,0,2,131.94,0.00,0.50,0.50,0,2.00,1,203.33,0,1,2,org.apache.lucene.index.PayloadProcessorProvider,0.00,1,1,2,0,1,1,0,0,52,3
"org.apache.lucene.index.TestPayloadProcessorProvider$PerTermPayloadProcessor",1,0.00,2.00,5,0.07,1558.68,1,0,19,5,1,159.51,2,9,0,2,119.63,0.00,0.50,0.00,0,1.00,2,216.72,0,1,1,org.apache.lucene.index.PayloadProcessorProvider.DirPayloadProcessor,0.00,4,1,2,0,4,0,0,2,49,3
"org.apache.lucene.index.TestPayloads",9,1.00,3.56,244,3.88,417812.88,10,1,20,63,18,48.34,59,253,0,2,80.57,0.00,0.50,0.11,4,16.00,11,11637.21,0,1,18,org.apache.lucene.util.LuceneTestCase,0.00,54,1,32,0,54,8,0,48,1917,1
"org.apache.lucene.index.TestPayloads$PayloadAnalyzer",6,0.80,2.00,72,1.01,36469.33,7,1,20,45,16,100.79,3,81,0,2,100.79,0.00,0.50,0.33,1,10.00,6,3033.81,0,1,16,org.apache.lucene.analysis.Analyzer,0.00,39,1,12,0,39,5,0,1,557,2
"org.apache.lucene.index.TestPayloads$PayloadAnalyzer$ByteArrayPool",4,0.00,1.25,15,0.12,2418.37,5,1,20,7,0,131.25,0,18,0,1,131.25,0.00,0.00,1.00,0,0.00,2,357.55,0,0,0,java.lang.Object,0.00,3,0,5,0,3,4,0,0,92,2
"org.apache.lucene.index.TestPayloads$PayloadAnalyzer$PayloadData",1,3.00,1.00,8,0.06,948.88,4,3,20,1,0,113.87,0,10,0,1,113.87,0.00,0.00,0.00,0,1.00,1,171.73,0,0,0,java.lang.Object,0.00,0,0,1,0,0,1,0,0,47,2
"org.apache.lucene.index.TestPayloads$PayloadAnalyzer$PayloadFilter",3,0.42,1.67,30,0.31,9209.70,9,6,20,9,4,106.12,1,38,0,4,106.12,0.00,0.75,0.44,0,2.00,3,928.60,1,0,4,org.apache.lucene.analysis.TokenFilter,0.53,6,3,5,0,6,3,0,1,196,2
"org.apache.lucene.index.TestPayloads$PayloadAnalyzer$PoolingPayloadTokenStream",3,0.75,1.33,24,0.22,3351.03,9,6,20,11,3,113.24,0,30,0,2,113.24,0.00,0.50,0.67,0,0.00,2,665.71,0,0,3,org.apache.lucene.document.TokenStream,0.00,8,1,4,0,8,3,0,0,147,1
"org.apache.lucene.index.TestPayloads$PayloadAnalyzer$Thread",1,0.00,3.00,12,0.12,3071.62,1,0,20,9,2,103.03,0,14,0,1,103.03,0.00,0.00,0.00,0,1.00,3,348.86,0,0,2,java.lang.Object,0.00,8,0,3,0,8,1,0,0,71,0
"org.apache.lucene.index.TestPerFieldCodecSupport",11,0.00,2.64,178,2.72,118419.57,11,0,26,72,29,144.11,21,204,0,2,94.11,0.00,0.50,0.00,8,11.00,7,8160.64,0,1,29,org.apache.lucene.util.LuceneTestCase,0.00,61,1,29,0,61,10,0,12,1410,1
"org.apache.lucene.index.TestPerFieldCodecSupport$MockCodecProvider",1,0.00,1.00,11,0.09,1839.90,1,0,26,4,4,106.44,0,13,0,2,106.44,0.00,0.50,0.00,0,1.00,1,266.00,3,0,4,org.apache.lucene.index.codecs.CodecProvider,0.00,3,1,1,0,3,1,0,0,64,2
"org.apache.lucene.index.TestPerFieldCodecSupport$MockCodecProvider2",1,0.00,1.00,11,0.09,1839.90,1,0,26,4,4,106.44,0,14,0,2,106.44,0.00,0.50,0.00,0,1.00,1,266.00,3,0,4,org.apache.lucene.index.codecs.CodecProvider,0.00,3,1,1,0,3,1,0,0,64,2
"org.apache.lucene.index.TestPerSegmentDeletes",6,0.00,3.00,96,1.31,56795.56,6,0,13,50,20,84.16,95,95,0,2,94.52,0.00,0.50,0.00,2,6.00,5,3934.63,0,0,20,org.apache.lucene.util.LuceneTestCase,0.00,44,1,18,0,44,6,0,30,688,1
"org.apache.lucene.index.TestPerSegmentDeletes$RangeMergePolicy",6,0.10,1.17,22,0.23,4418.75,10,4,13,11,4,130.59,0,38,0,2,130.59,0.00,0.50,0.17,0,14.00,2,683.87,0,3,4,org.apache.lucene.index.MergePolicy,0.15,5,1,7,0,5,3,0,0,160,1
"org.apache.lucene.index.TestPersistentSnapshotDeletionPolicy",11,0.00,1.55,81,1.15,30025.99,13,2,10,32,8,162.32,12,127,0,3,112.32,0.00,0.67,0.50,1,0.00,3,3460.25,4,2,8,org.apache.lucene.index.TestSnapshotDeletionPolicy,0.20,21,2,17,0,21,9,0,12,688,1
"org.apache.lucene.index.TestPositionBasedTermVectorMapper",2,1.25,4.00,62,1.15,98612.45,6,4,5,22,3,98.71,7,64,0,2,78.09,0.00,0.50,0.88,0,0.00,4,3441.63,1,0,3,org.apache.lucene.util.LuceneTestCase,0.00,20,1,8,0,20,2,0,7,593,1
"org.apache.lucene.index.TestPrefixCodedTerms",6,0.00,2.33,91,1.31,51715.44,6,0,8,30,4,95.94,0,91,0,2,95.94,0.00,0.50,0.00,0,6.00,6,3920.08,0,0,4,org.apache.lucene.util.LuceneTestCase,0.00,24,1,14,0,24,6,0,0,737,1
"org.apache.lucene.index.TestReaderClosed",3,0.50,1.67,31,0.38,8876.95,6,3,12,21,13,156.25,3,38,0,2,106.25,0.00,0.50,0.67,0,0.00,2,1138.90,2,0,13,org.apache.lucene.util.LuceneTestCase,0.00,18,1,5,0,18,3,0,3,219,1
"org.apache.lucene.index.TestRollback",1,0.00,3.00,27,0.39,12689.82,1,0,5,21,8,124.93,2,25,0,2,85.04,0.00,0.50,0.00,0,1.00,3,1177.93,0,0,8,org.apache.lucene.util.LuceneTestCase,0.00,20,1,3,0,20,1,0,2,202,1
"org.apache.lucene.index.TestRollingUpdates",2,0.00,7.00,70,1.06,69112.71,2,0,6,38,10,117.10,4,72,0,2,77.22,0.00,0.50,0.00,0,2.00,9,3184.04,0,0,10,org.apache.lucene.util.LuceneTestCase,0.00,36,1,14,0,36,2,0,4,509,1
"org.apache.lucene.index.TestRollingUpdates$IndexingThread",2,0.33,4.00,30,0.37,15415.97,5,3,6,16,6,96.20,1,37,0,2,96.20,0.00,0.50,0.17,0,2.00,7,1124.44,0,0,6,org.apache.lucene.analysis.Thread,0.00,14,1,8,0,14,2,0,1,211,1
"org.apache.lucene.index.TestSameTokenSamePosition",2,0.00,1.50,21,0.25,4981.44,2,0,12,11,11,107.10,9,22,0,2,106.86,0.00,0.50,0.00,0,2.00,2,735.89,0,0,11,org.apache.lucene.util.LuceneTestCase,0.00,9,1,3,0,9,2,0,4,148,1
"org.apache.lucene.index.TestSegmentInfo",1,0.00,2.00,17,0.28,7338.01,1,0,6,19,9,94.03,16,19,0,2,94.50,0.00,0.50,0.00,0,1.00,2,833.20,0,0,9,org.apache.lucene.util.LuceneTestCase,0.00,18,1,2,0,18,1,0,1,145,1
"org.apache.lucene.index.TestSegmentMerger",5,0.56,1.60,100,1.65,77004.57,13,8,9,54,18,110.00,16,115,0,2,89.38,0.00,0.50,0.58,0,0.00,3,4939.83,2,0,18,org.apache.lucene.util.LuceneTestCase,0.00,49,1,8,0,49,5,0,16,840,1
"org.apache.lucene.index.TestSegmentReader",10,0.19,1.90,119,1.94,90051.37,13,3,9,70,18,150.87,19,137,2,2,100.87,0.00,0.50,0.50,1,0.00,4,5828.45,2,0,16,org.apache.lucene.util.LuceneTestCase,0.00,60,1,19,0,60,10,0,10,1089,1
"org.apache.lucene.index.TestSegmentTermDocs",11,0.07,1.36,159,2.83,279224.16,14,3,7,50,14,143.49,13,192,0,2,93.49,0.00,0.50,0.27,3,29.00,4,8475.39,2,0,14,org.apache.lucene.util.LuceneTestCase,0.00,39,1,15,0,39,11,0,13,1430,1
"org.apache.lucene.index.TestSegmentTermEnum",6,0.20,1.33,62,0.80,21487.15,7,1,9,36,11,145.53,17,75,0,2,105.64,0.00,0.50,0.83,2,0.00,2,2399.13,2,0,11,org.apache.lucene.util.LuceneTestCase,0.00,30,1,8,0,30,6,0,17,469,1
"org.apache.lucene.index.TestSizeBoundedOptimize",13,0.00,1.23,237,2.61,76543.55,13,0,5,42,11,144.44,14,247,0,2,94.44,0.00,0.50,0.00,2,13.00,3,7841.00,0,1,11,org.apache.lucene.util.LuceneTestCase,0.00,29,1,16,0,29,12,0,14,1498,1
"org.apache.lucene.index.TestSnapshotDeletionPolicy",19,0.50,1.74,211,2.68,85052.08,21,2,13,75,15,123.89,64,252,1,2,103.28,1.00,0.33,0.03,9,36.00,5,8035.31,0,3,14,org.apache.lucene.util.LuceneTestCase,0.00,56,1,33,1,56,16,0,59,1510,1
"org.apache.lucene.index.TestSnapshotDeletionPolicy$Thread",1,0.00,6.00,25,0.30,12277.37,1,0,13,16,4,86.24,0,32,0,1,86.24,0.00,0.00,0.00,0,1.00,6,889.22,0,0,4,java.lang.Object,0.00,15,0,6,0,15,1,0,0,152,0
"org.apache.lucene.index.TestSnapshotDeletionPolicy$Thread_0",1,0.00,2.00,7,0.06,1153.33,1,0,13,7,1,115.20,0,11,0,1,115.20,0.00,0.00,0.00,0,1.00,2,193.47,0,0,1,java.lang.Object,0.00,6,0,2,0,6,1,0,0,45,0
"org.apache.lucene.index.TestStressAdvance",2,0.00,9.50,87,1.39,99638.51,2,0,7,41,9,122.56,2,95,0,2,72.56,0.00,0.50,0.00,1,2.00,10,4155.47,0,0,9,org.apache.lucene.util.LuceneTestCase,0.00,39,1,19,0,39,2,0,2,660,1
"org.apache.lucene.index.TestStressIndexing",2,0.00,2.00,36,0.43,17926.39,2,0,6,16,5,50.60,15,36,0,2,92.89,0.00,0.50,0.00,1,2.00,3,1279.86,0,0,5,org.apache.lucene.util.LuceneTestCase,0.00,14,1,4,0,14,2,0,9,242,1
"org.apache.lucene.index.TestStressIndexing$IndexerThread",2,0.00,2.00,23,0.26,8419.03,4,2,6,11,6,153.45,2,23,0,2,103.45,0.00,0.50,0.50,0,2.00,3,773.27,0,0,6,org.apache.lucene.index.TimedThread,0.00,9,1,4,0,9,2,0,2,149,1
"org.apache.lucene.index.TestStressIndexing$SearcherThread",2,1.00,1.50,12,0.10,1959.58,3,1,6,2,1,118.33,0,13,0,2,118.33,0.00,0.50,0.00,0,2.00,2,286.12,0,0,1,org.apache.lucene.index.TimedThread,0.00,0,1,3,0,0,2,0,0,68,2
"org.apache.lucene.index.TestStressIndexing$TimedThread",4,0.08,2.00,23,0.27,8101.38,8,4,6,8,0,118.73,0,31,0,2,118.73,0.00,0.50,0.31,2,4.00,3,802.23,0,0,0,org.apache.lucene.analysis.Thread,0.00,4,1,8,0,4,4,0,0,170,3
"org.apache.lucene.index.TestStressIndexing2",12,0.02,6.42,395,6.41,840100.06,20,8,20,106,25,96.89,45,417,0,2,76.27,0.00,0.50,0.10,5,30.00,33,19224.49,0,2,25,org.apache.lucene.util.LuceneTestCase,0.00,94,1,77,0,94,10,0,40,3024,1
"org.apache.lucene.index.TestStressIndexing2$Comparator<IndexableField>",1,0.00,1.00,3,0.03,432.92,1,0,20,3,1,132.44,0,4,0,1,132.44,0.00,0.00,0.00,0,1.00,1,101.06,0,0,1,java.lang.Object,0.00,2,0,1,0,2,1,0,0,29,0
"org.apache.lucene.index.TestStressIndexing2$DocsAndWriter",0,0.00,0.00,3,0.02,239.86,2,2,20,0,2,171.00,0,4,0,1,171.00,0.00,0.00,0.00,0,0.00,0,68.53,0,0,2,java.lang.Object,0.00,0,0,0,0,0,0,0,0,18,2
"org.apache.lucene.index.TestStressIndexing2$IndexingThread",10,0.11,4.10,140,1.95,136087.36,17,7,20,48,7,95.37,8,166,0,2,95.37,0.00,0.50,0.24,5,34.00,15,5858.16,0,3,7,org.apache.lucene.analysis.Thread,0.00,38,1,41,0,38,7,0,8,1045,1
"org.apache.lucene.index.TestStressIndexing2$MockIndexWriter",2,0.00,1.50,6,0.06,690.80,2,0,20,4,3,133.12,1,11,0,2,133.12,0.00,0.50,0.00,0,2.00,2,181.65,0,0,3,org.apache.lucene.index.IndexWriter,0.00,2,1,3,0,2,2,0,1,47,1
"org.apache.lucene.index.TestStressNRT",2,0.62,6.50,79,1.18,70384.73,10,8,20,32,15,115.30,5,78,2,2,75.42,0.00,0.50,0.44,1,2.00,11,3552.95,0,0,13,org.apache.lucene.util.LuceneTestCase,0.00,30,1,13,0,30,2,0,5,570,1
"org.apache.lucene.index.TestStressNRT$Thread",1,0.00,28.00,103,2.11,304447.77,2,1,20,31,6,99.24,23,135,0,1,51.97,0.00,0.00,1.00,0,0.00,28,6338.61,0,0,6,java.lang.Object,0.00,30,0,28,0,30,1,0,23,909,0
"org.apache.lucene.index.TestStressNRT$Thread_0",1,0.00,12.00,43,0.96,90848.06,2,1,20,24,8,22.35,8,56,0,1,70.45,0.00,0.00,1.00,0,0.00,12,2884.46,0,0,8,java.lang.Object,0.00,23,0,12,0,23,1,0,8,431,0
"org.apache.lucene.index.TestSumDocFreq",2,0.00,4.00,56,0.80,37658.96,2,0,7,31,14,122.92,5,59,0,2,83.04,0.00,0.50,0.00,1,2.00,5,2406.41,0,0,14,org.apache.lucene.util.LuceneTestCase,0.00,29,1,8,0,29,2,0,2,408,1
"org.apache.lucene.index.TestTerm",1,0.00,1.00,12,0.13,4439.98,1,0,1,5,1,102.02,0,14,0,2,102.02,0.00,0.50,0.00,0,1.00,1,400.01,0,0,1,org.apache.lucene.util.LuceneTestCase,0.00,4,1,1,0,4,1,0,0,91,1
"org.apache.lucene.index.TestTermVectorAccessor",1,0.00,2.00,70,1.20,112873.10,1,0,6,25,10,42.08,14,70,0,2,62.23,0.00,0.50,0.00,0,1.00,2,3603.31,0,0,10,org.apache.lucene.util.LuceneTestCase,0.00,24,1,2,0,24,1,0,1,582,1
"org.apache.lucene.index.TestTermVectorsReader",8,0.40,4.62,274,4.40,435023.63,19,11,17,65,21,76.47,37,277,0,2,76.23,0.00,0.50,0.44,0,0.00,11,13191.57,2,0,21,org.apache.lucene.util.LuceneTestCase,0.00,57,1,37,0,57,8,0,31,2177,1
"org.apache.lucene.index.TestTermVectorsReader$DocNumAwareMapper",5,0.50,1.40,13,0.14,2304.52,6,1,17,6,3,138.72,0,24,0,2,138.72,0.00,0.50,0.60,0,2.00,2,425.24,0,0,3,org.apache.lucene.index.TermVectorMapper,0.17,1,1,7,0,1,5,0,0,103,2
"org.apache.lucene.index.TestTermVectorsReader$MyAnalyzer",1,0.00,1.00,3,0.03,372.87,1,0,17,3,1,132.95,0,6,0,2,132.95,0.00,0.50,0.00,0,1.00,1,93.65,0,1,1,org.apache.lucene.analysis.Analyzer,0.00,2,1,1,0,2,0,0,0,26,1
"org.apache.lucene.index.TestTermVectorsReader$MyTokenStream",3,0.50,1.67,23,0.26,7996.65,7,4,17,7,4,112.38,0,33,0,4,112.38,0.00,0.75,0.58,0,1.00,3,777.72,1,0,4,org.apache.lucene.analysis.Tokenizer,0.40,4,3,5,0,4,3,0,0,166,1
"org.apache.lucene.index.TestTermVectorsReader$TestToken",1,3.00,1.00,7,0.05,734.78,5,4,17,1,0,116.91,0,9,0,1,116.91,0.00,0.00,0.25,0,0.00,1,151.77,0,0,0,java.lang.Object,0.00,0,0,1,0,0,1,1,0,40,1
"org.apache.lucene.index.TestTermVectorsWriter",13,0.00,1.46,356,5.50,179140.05,13,0,17,54,21,134.92,21,385,0,2,84.92,0.00,0.50,0.00,0,13.00,4,16495.81,0,0,21,org.apache.lucene.util.LuceneTestCase,0.00,41,1,19,0,41,13,0,21,2804,1
"org.apache.lucene.index.TestTermdocPerf",3,0.00,2.67,37,0.62,26705.67,3,0,12,27,13,99.42,2,44,0,2,99.42,0.00,0.50,0.00,1,3.00,5,1869.02,0,0,13,org.apache.lucene.util.LuceneTestCase,0.00,24,1,8,0,24,3,0,2,323,1
"org.apache.lucene.index.TestTermdocPerf$Analyzer",1,0.00,1.00,3,0.03,319.67,1,0,12,2,0,133.48,0,5,0,1,133.48,0.00,0.00,0.00,0,1.00,1,78.32,0,1,0,java.lang.Object,0.00,1,0,1,0,1,0,0,0,22,0
"org.apache.lucene.index.TestTermsEnum2",6,0.30,3.50,99,1.47,48688.29,12,6,26,58,24,134.90,14,104,0,2,95.01,0.00,0.50,0.42,0,0.00,5,4415.10,2,0,24,org.apache.lucene.util.LuceneTestCase,0.00,52,1,21,0,52,6,0,14,769,1
"org.apache.lucene.index.TestThreadedOptimize",3,0.20,3.00,61,1.06,66038.89,8,5,11,34,11,138.02,5,61,0,2,88.02,0.00,0.50,0.33,1,1.00,7,3192.83,0,0,11,org.apache.lucene.util.LuceneTestCase,0.00,31,1,9,0,31,3,0,2,507,1
"org.apache.lucene.index.TestThreadedOptimize$Thread",1,0.00,5.00,25,0.34,15937.12,1,0,11,12,2,85.39,0,22,0,1,85.39,0.00,0.00,0.00,0,1.00,5,1031.30,0,0,2,java.lang.Object,0.00,11,0,5,0,11,1,0,0,181,0
"org.apache.lucene.index.TestTieredMergePolicy",3,0.00,4.33,109,1.62,81099.70,3,0,7,49,13,77.71,0,109,0,2,77.71,0.00,0.50,0.00,0,3.00,6,4861.17,0,0,13,org.apache.lucene.util.LuceneTestCase,0.00,46,1,13,0,46,3,0,0,778,1
"org.apache.lucene.index.TestTransactionRollback",6,0.10,2.83,75,1.07,38737.18,8,2,13,44,10,82.63,30,86,0,2,100.50,0.00,0.50,0.58,2,0.00,5,3223.24,2,0,10,org.apache.lucene.util.LuceneTestCase,0.00,38,1,17,0,38,6,0,11,586,1
"org.apache.lucene.index.TestTransactionRollback$DeleteLastCommitPolicy",2,0.00,2.00,4,0.06,1042.33,2,0,13,5,1,138.22,0,6,0,1,138.22,0.00,0.00,0.00,0,2.00,2,187.90,0,0,1,java.lang.Object,0.00,3,0,4,0,3,2,1,0,47,0
"org.apache.lucene.index.TestTransactionRollback$KeepAllDeletionPolicy",2,0.00,2.00,3,0.04,443.84,2,0,13,2,1,152.36,0,4,0,1,152.36,0.00,0.00,0.00,0,2.00,2,118.22,0,0,1,java.lang.Object,0.00,0,0,4,0,0,2,1,0,33,0
"org.apache.lucene.index.TestTransactionRollback$RollbackDeletionPolicy",3,1.00,2.67,15,0.20,6066.93,4,1,13,10,1,118.90,12,21,0,1,118.67,0.00,0.00,0.33,0,4.00,5,596.95,0,0,1,java.lang.Object,0.00,7,0,8,0,7,3,1,4,123,0
"org.apache.lucene.index.TestTransactions",2,1.00,2.50,49,0.57,26162.02,3,1,11,21,12,86.89,1,45,2,2,86.89,0.00,0.50,0.00,1,2.00,3,1699.20,0,0,10,org.apache.lucene.util.LuceneTestCase,0.00,19,1,5,0,19,2,0,1,322,1
"org.apache.lucene.index.TestTransactions$IndexerThread",3,0.12,2.33,54,0.68,27876.51,7,4,11,28,11,142.73,4,74,0,2,92.73,0.00,0.50,0.33,1,5.00,3,2054.94,0,0,11,org.apache.lucene.index.TimedThread,0.00,25,1,7,0,25,3,0,4,382,1
"org.apache.lucene.index.TestTransactions$RandomFailure",1,0.00,2.00,3,0.06,1188.11,1,0,11,3,2,128.83,0,7,0,2,128.83,0.00,0.50,0.00,0,1.00,2,174.41,0,0,2,MockDirectoryWrapper.Failure,0.00,2,1,2,0,2,1,0,0,40,1
"org.apache.lucene.index.TestTransactions$SearcherThread",2,0.33,1.50,17,0.20,6457.08,5,3,11,6,2,109.59,0,23,0,2,109.59,0.00,0.50,0.50,0,2.00,2,588.63,0,0,2,org.apache.lucene.index.TimedThread,0.00,4,1,3,0,4,2,0,0,130,2
"org.apache.lucene.index.TestTransactions$TimedThread",4,0.00,2.00,20,0.25,7408.19,7,3,11,8,0,119.04,0,28,0,2,119.04,0.00,0.50,0.33,2,4.00,3,752.86,0,0,0,org.apache.lucene.analysis.Thread,0.00,4,1,8,0,4,4,0,0,162,3
"org.apache.lucene.index.TestUniqueTermCount",4,0.22,1.75,47,0.56,15336.83,7,3,13,30,14,143.69,11,49,0,2,103.80,0.00,0.50,0.50,1,0.00,2,1682.55,2,1,14,org.apache.lucene.util.LuceneTestCase,0.00,26,1,7,0,26,3,0,4,325,1
"org.apache.lucene.index.TestUniqueTermCount$DefaultSimilarityProvider",1,0.00,1.00,3,0.02,238.65,1,0,13,2,1,134.48,0,5,0,1,134.48,0.00,0.00,0.00,0,1.00,1,63.51,0,1,1,java.lang.Object,0.00,1,0,1,0,1,0,0,0,19,0
"org.apache.lucene.index.TestUniqueTermCount$TestSimilarity",1,0.00,1.00,3,0.03,367.11,1,0,13,2,2,133.01,0,6,0,4,133.01,0.00,0.75,0.00,0,1.00,1,78.22,0,0,2,org.apache.lucene.search.similarities.DefaultSimilarity,0.00,1,3,1,0,1,1,0,0,23,0
"org.apache.lucene.index.ThreadAffinityDocumentsWriterThreadPool",3,1.00,2.33,24,0.25,12581.28,4,1,3,10,6,60.49,24,32,4,2,108.59,0.00,0.50,0.33,0,5.00,5,763.49,2,1,2,org.apache.lucene.index.DocumentsWriterPerThreadPool,0.00,7,1,7,0,7,2,0,7,159,1
"org.apache.lucene.index.ThreadedIndexingAndSearchingTestCase",18,0.07,3.22,192,3.63,324377.90,24,6,34,92,30,149.92,27,223,2,2,99.92,2.00,0.25,0.10,7,54.00,31,10904.22,0,4,28,org.apache.lucene.util.LuceneTestCase,0.00,74,1,58,2,74,14,0,26,1647,2
"org.apache.lucene.index.ThreadedIndexingAndSearchingTestCase$IndexWriter.IndexReaderWarmer",1,0.00,5.00,20,0.31,14000.38,1,0,34,14,6,89.45,0,23,0,1,89.45,0.00,0.00,0.00,0,1.00,5,938.41,0,0,6,java.lang.Object,0.00,13,0,5,0,13,1,0,0,161,0
"org.apache.lucene.index.ThreadedIndexingAndSearchingTestCase$SubDocs",1,3.00,1.00,7,0.06,1214.84,4,3,34,1,0,115.19,0,9,0,1,115.19,0.00,0.00,0.00,0,1.00,1,187.57,0,0,0,java.lang.Object,0.00,0,0,1,0,0,1,0,0,48,2
"org.apache.lucene.index.ThreadedIndexingAndSearchingTestCase$Thread",1,0.00,34.00,121,2.53,394286.58,1,0,34,40,5,10.87,12,155,0,1,48.43,0.00,0.00,0.00,0,0.00,34,7590.20,0,0,5,java.lang.Object,0.00,39,0,34,0,39,1,0,12,1066,0
"org.apache.lucene.index.ThreadedIndexingAndSearchingTestCase$Thread_0",1,0.00,12.00,48,0.64,52292.82,1,0,34,24,8,22.45,8,64,0,1,70.56,0.00,0.00,0.00,0,0.00,12,1933.26,0,0,8,java.lang.Object,0.00,23,0,12,0,23,1,0,8,306,0
"org.apache.lucene.index.TieredMergePolicy",30,0.04,3.00,309,4.79,542596.59,40,10,8,75,20,100.16,134,389,15,2,99.92,0.00,0.50,0.14,4,482.00,26,14381.51,0,14,5,org.apache.lucene.index.MergePolicy,0.05,45,1,90,0,45,16,0,67,2413,1
"org.apache.lucene.index.TieredMergePolicy$MergeScore",2,0.00,1.00,3,0.01,73.60,2,0,8,2,0,158.67,0,5,0,1,158.67,0.00,0.00,0.00,0,2.00,1,38.73,0,1,0,java.lang.Object,0.00,0,0,2,0,0,1,0,0,16,3
"org.apache.lucene.index.TieredMergePolicy$MergeScore_0",2,0.00,1.00,5,0.05,835.72,2,0,8,3,0,139.13,0,9,0,1,139.13,0.00,0.00,0.00,0,2.00,1,154.90,0,1,0,java.lang.Object,0.00,1,0,2,0,1,1,0,0,42,0
"org.apache.lucene.index.TieredMergePolicy$SegmentByteSizeDescending",1,0.00,4.00,12,0.13,5525.96,1,0,8,4,1,100.95,0,17,0,1,100.95,0.00,0.00,0.00,0,1.00,4,380.28,0,0,1,java.lang.Object,0.00,3,0,4,0,3,1,1,0,80,1
"org.apache.lucene.index.UpgradeIndexMergePolicy",11,0.40,2.09,49,0.70,34919.13,12,1,6,36,7,141.41,35,77,1,2,120.80,0.00,0.50,0.64,2,4.00,12,2099.23,1,4,6,org.apache.lucene.index.MergePolicy,0.11,25,1,23,0,25,7,0,8,426,1
"org.apache.lucene.index.UseNoMemoryExpensiveCodec",4,0.00,17.25,263,4.10,464969.37,4,0,18,64,20,52.47,62,301,0,2,62.83,0.00,0.50,0.00,2,4.00,33,12293.64,0,1,20,org.apache.lucene.util.LuceneTestCase,0.00,60,1,69,0,60,3,0,18,1764,1
"org.apache.lucene.index.UseNoMemoryExpensiveCodec$TermAndState",1,2.00,1.00,6,0.04,607.65,3,2,28,1,2,120.05,0,8,0,1,120.05,0.00,0.00,0.00,0,1.00,1,132.64,0,0,2,java.lang.Object,0.00,0,0,1,0,0,1,0,0,37,2
"org.apache.solr.core.AbstractSolrEventListener",7,0.50,1.14,23,0.20,4266.35,9,2,3,13,7,181.24,12,34,2,1,131.24,0.00,0.00,0.07,0,12.00,2,589.75,0,2,5,java.lang.Object,0.00,6,0,8,2,6,5,1,2,151,1
"org.apache.solr.core.AlternateDirectoryTest",2,0.00,1.00,9,0.09,965.00,2,0,7,3,3,167.30,5,14,0,3,127.41,0.00,0.67,0.00,0,2.00,1,268.35,3,0,3,org.apache.solr.SolrTestCaseJ4,0.00,1,2,2,0,1,2,0,1,67,1
"org.apache.solr.core.AlternateDirectoryTest$TestFSDirectoryFactory",1,0.00,1.00,6,0.07,957.04,3,2,7,2,2,118.50,0,9,0,3,118.50,0.00,0.67,1.00,0,0.00,1,202.23,0,1,2,org.apache.solr.core.CachingDirectoryFactory,0.00,1,2,1,0,1,0,0,0,49,2
"org.apache.solr.core.AlternateDirectoryTest$TestIndexReaderFactory",1,1.00,1.00,5,0.06,959.94,2,1,7,2,3,121.44,0,9,0,2,121.44,0.00,0.50,0.00,0,1.00,1,178.49,0,1,3,org.apache.solr.core.IndexReaderFactory,0.00,1,1,1,0,1,0,0,0,43,2
"org.apache.solr.core.CachingDirectoryFactory",10,0.07,2.50,78,1.04,47138.30,13,3,14,37,14,110.57,48,113,6,2,110.34,8.00,0.10,0.27,3,26.00,7,3131.08,0,4,8,org.apache.solr.core.DirectoryFactory,0.12,27,1,25,8,27,6,0,11,614,2
"org.apache.solr.core.CachingDirectoryFactory$CacheValue",0,0.00,0.00,5,0.03,260.00,4,4,14,0,1,171.00,0,6,0,1,171.00,0.00,0.00,0.00,0,0.00,0,104.00,0,0,1,java.lang.Object,0.00,0,0,0,0,0,0,0,0,26,0
"org.apache.solr.core.CloseHook",2,0.00,1.00,3,0.02,119.22,2,0,0,2,3,204.29,47,4,2,1,157.02,0.00,0.00,0.00,0,2.00,1,59.61,0,0,1,java.lang.Object,0.00,0,0,2,0,0,2,0,4,21,2
"org.apache.solr.core.ClosingRequestHandler",1,1.00,1.00,4,0.03,270.16,2,1,11,3,12,129.39,0,6,1,3,129.39,0.00,0.67,0.00,0,1.00,1,90.05,0,0,11,org.apache.solr.core.EmptyRequestHandler,0.00,2,2,1,0,2,1,1,0,26,0
"org.apache.solr.core.ClosingRequestHandler$CloseHook",2,0.00,1.00,4,0.03,265.70,2,0,11,2,1,143.05,0,7,0,1,143.05,0.00,0.00,0.00,0,2.00,1,91.51,0,0,1,java.lang.Object,0.00,0,0,2,0,0,2,0,0,28,0
"org.apache.solr.core.CodecProviderFactory",2,0.00,1.00,3,0.02,109.63,2,0,3,2,6,207.31,3,5,3,1,157.31,0.00,0.00,0.00,0,2.00,1,54.81,0,1,3,java.lang.Object,0.00,0,0,2,1,0,1,1,1,20,2
"org.apache.solr.core.Config",24,0.02,2.00,124,1.84,77381.25,32,8,26,67,14,167.14,47,182,9,1,117.14,0.00,0.00,0.10,4,182.00,9,5511.98,0,14,5,java.lang.Object,0.00,43,0,48,1,43,10,0,10,1078,1
"org.apache.solr.core.CoreContainer",40,0.04,3.45,469,8.03,526854.78,67,27,31,175,31,120.04,146,657,16,1,99.43,0.00,0.00,0.08,10,648.00,23,24094.43,1,16,18,java.lang.Object,0.00,135,0,138,0,135,24,0,61,3958,1
"org.apache.solr.core.CoreContainer$Initializer",3,0.50,2.00,21,0.28,9197.33,5,2,31,14,3,132.48,10,33,0,1,111.86,0.00,0.00,0.17,0,4.00,3,832.11,0,0,3,java.lang.Object,0.00,11,0,6,0,11,3,0,5,168,2
"org.apache.solr.core.CoreDescriptor",22,0.04,1.55,92,0.91,25690.78,31,9,3,41,12,174.29,24,125,10,1,124.29,0.00,0.00,0.08,1,186.00,5,2727.18,0,13,3,java.lang.Object,0.00,19,0,34,0,19,9,0,13,629,1
"org.apache.solr.core.DirectoryFactory",7,0.00,1.00,8,0.09,648.88,7,0,4,7,11,123.29,42,12,9,1,155.51,0.00,0.00,0.00,0,7.00,1,255.76,0,3,2,java.lang.Object,0.00,0,0,7,9,0,4,2,8,78,2
"org.apache.solr.core.DummyValueSourceParser",2,1.00,1.00,8,0.07,1208.58,3,1,7,4,8,166.53,4,13,1,2,126.64,0.00,0.50,0.00,0,2.00,1,208.34,0,1,7,org.apache.solr.search.ValueSourceParser,0.00,2,1,2,0,2,1,0,1,54,1
"org.apache.solr.core.DummyValueSourceParser$SimpleFloatFunction",2,0.00,1.00,6,0.04,527.78,2,0,7,2,1,134.13,0,10,0,1,134.13,0.00,0.00,0.00,0,2.00,1,128.15,0,1,1,java.lang.Object,0.00,0,0,2,0,0,1,0,0,36,0
"org.apache.solr.core.EmptyRequestHandler",5,0.00,1.00,10,0.07,711.24,5,0,11,5,10,142.82,1,10,2,2,142.82,1.00,0.33,0.00,0,5.00,1,209.58,0,4,8,org.apache.solr.RequestHandlerBase,0.00,0,1,5,1,0,1,0,1,63,0
"org.apache.solr.core.FakeDeletionPolicy",5,0.12,1.00,14,0.11,1161.97,7,2,5,7,4,191.14,6,20,1,1,141.14,0.00,0.00,0.40,0,6.00,1,341.96,0,2,3,java.lang.Object,0.00,2,0,5,0,2,3,2,4,92,1
"org.apache.solr.core.IndexDeletionPolicyWrapper",13,0.02,1.77,65,0.73,21938.80,18,5,7,34,8,119.62,52,78,5,1,119.38,0.00,0.00,0.18,3,98.00,3,2191.47,0,5,3,java.lang.Object,0.00,21,0,23,0,21,8,1,16,487,1
"org.apache.solr.core.IndexDeletionPolicyWrapper$IndexCommitWrapper",13,0.08,1.15,32,0.30,5664.06,14,1,7,26,2,138.95,0,58,0,2,138.95,0.00,0.50,0.92,0,0.00,3,899.43,0,4,2,org.apache.lucene.index.IndexCommit,0.85,13,1,15,0,13,9,0,0,238,1
"org.apache.solr.core.IndexReaderFactory",4,0.33,1.25,12,0.11,1371.64,6,2,6,6,11,90.90,29,18,6,1,133.19,0.00,0.00,0.25,0,4.00,2,317.91,0,1,5,java.lang.Object,0.00,2,0,5,2,2,3,1,6,83,2
"org.apache.solr.core.IndexReaderFactoryTest",3,0.00,1.00,10,0.10,1807.27,3,0,1,8,2,181.31,5,16,0,3,131.31,0.00,0.67,0.00,0,4.00,1,312.06,0,2,2,org.apache.solr.util.AbstractSolrTestCase,0.17,5,2,3,0,5,1,0,1,74,1
"org.apache.solr.core.JmxMonitoredMap",6,0.25,4.17,64,1.06,52637.14,10,4,12,32,5,60.03,42,104,2,2,102.32,0.00,0.50,0.46,2,0.00,9,3185.18,3,3,3,java.util.concurrent.ConcurrentHashMap,0.00,26,1,25,0,26,3,0,10,588,1
"org.apache.solr.core.JmxMonitoredMap$SolrDynamicMBean",7,0.06,2.57,60,0.91,48804.69,10,3,12,37,2,106.83,2,90,0,1,106.83,0.00,0.00,0.29,0,11.00,6,2716.95,0,5,2,java.lang.Object,0.00,30,0,18,0,30,2,1,2,517,1
"org.apache.solr.core.MMapDirectoryFactory",2,1.00,2.00,17,0.21,4730.07,5,3,8,12,5,92.71,10,25,0,3,110.59,0.00,0.67,0.83,0,0.00,2,639.59,0,1,5,org.apache.solr.core.CachingDirectoryFactory,0.00,10,2,4,0,10,1,0,1,133,1
"org.apache.solr.core.MockCodecProviderFactory",2,1.00,4.00,22,0.29,14124.01,4,2,5,13,6,141.41,4,32,0,2,101.53,0.00,0.50,1.00,0,0.00,7,869.31,1,1,6,org.apache.solr.core.CodecProviderFactory,0.50,11,1,8,0,11,1,0,1,170,1
"org.apache.solr.core.MockDirectoryFactory",1,0.00,1.00,3,0.04,535.58,1,0,4,3,2,152.33,3,6,0,3,131.71,0.00,0.67,0.00,0,1.00,1,107.25,0,1,2,org.apache.solr.core.CachingDirectoryFactory,0.00,2,2,1,0,2,0,0,1,28,1
"org.apache.solr.core.MockEventListener",6,0.80,1.00,10,0.07,816.05,7,1,3,9,5,154.20,4,19,2,1,154.20,0.00,0.00,0.33,0,10.00,1,219.01,0,0,3,java.lang.Object,0.00,3,0,6,0,3,6,1,4,68,1
"org.apache.solr.core.MockQuerySenderListenerReqHandler",7,0.28,1.00,26,0.22,3987.46,10,3,5,11,6,131.50,4,41,2,2,131.50,0.00,0.50,0.10,0,13.00,1,669.12,2,5,4,org.apache.solr.handler.RequestHandlerBase,0.53,4,1,7,0,4,2,0,1,171,1
"org.apache.solr.core.NIOFSDirectoryFactory",1,0.00,1.00,3,0.03,451.02,1,0,4,3,3,132.54,4,6,0,3,132.30,0.00,0.67,0.00,0,1.00,1,99.51,0,1,3,org.apache.solr.core.CachingDirectoryFactory,0.00,2,2,1,0,2,0,0,1,27,1
"org.apache.solr.core.NRTCachingDirectoryFactory",1,0.00,1.00,3,0.04,653.63,1,0,5,4,4,151.65,3,6,0,4,131.03,0.00,0.75,0.00,0,1.00,1,134.10,0,1,4,org.apache.solr.core.StandardDirectoryFactory,0.00,3,3,1,0,3,0,0,1,33,1
"org.apache.solr.core.PluginInfo",8,0.12,3.00,55,0.99,32704.46,16,8,7,34,18,163.28,9,68,16,1,113.28,0.00,0.00,0.23,1,18.00,6,2962.92,0,4,2,java.lang.Object,0.00,26,0,24,0,26,4,0,3,586,1
"org.apache.solr.core.PluginInfoTest",9,0.19,1.33,73,1.17,31010.70,11,2,5,32,3,109.39,6,125,0,3,109.39,0.00,0.67,0.33,0,20.00,2,3506.80,1,0,3,org.apache.solr.util.DOMUtilTestBase,0.00,23,2,12,0,23,9,0,2,684,1
"org.apache.solr.core.QuerySenderListener",2,0.00,4.50,33,0.46,28693.29,2,0,10,18,13,93.24,9,37,2,2,93.00,0.00,0.50,0.00,0,2.00,8,1376.32,1,0,11,org.apache.solr.core.AbstractSolrEventListener,0.00,16,1,9,0,16,2,0,7,229,1
"org.apache.solr.core.QuerySenderListener$LocalSolrQueryRequest",2,0.00,1.00,4,0.02,220.18,2,0,10,2,1,143.69,0,3,0,1,143.69,0.00,0.00,0.00,0,2.00,1,74.51,0,1,1,java.lang.Object,0.00,0,0,2,0,0,1,0,0,25,0
"org.apache.solr.core.RAMDirectoryFactory",2,0.00,2.00,14,0.14,4418.50,2,0,4,6,5,162.98,3,22,1,4,112.98,0.00,0.75,0.00,0,2.00,3,419.90,0,1,4,org.apache.solr.core.StandardDirectoryFactory,0.00,4,3,4,0,4,1,0,1,90,1
"org.apache.solr.core.RAMDirectoryFactoryTest",3,0.00,1.00,18,0.18,3942.98,3,0,4,11,3,167.41,3,24,0,2,117.41,0.00,0.50,0.00,2,3.00,1,536.98,0,0,3,org.apache.lucene.util.LuceneTestCase,0.00,8,1,3,0,8,3,0,1,120,1
"org.apache.solr.core.RAMDirectoryFactoryTest$RAMDirectoryFactory",1,0.00,1.00,3,0.02,240.44,1,0,4,1,1,134.45,0,5,0,1,134.45,0.00,0.00,0.00,0,1.00,1,65.11,0,1,1,java.lang.Object,0.00,0,0,1,0,0,0,0,0,19,0
"org.apache.solr.core.RequestHandlers",7,0.00,3.29,66,1.11,62632.20,11,4,20,42,13,55.54,70,90,1,1,104.01,0.00,0.00,0.25,3,11.00,11,3341.82,0,5,13,java.lang.Object,0.00,35,0,23,0,35,2,0,12,603,1
"org.apache.solr.core.RequestHandlers$LazyRequestHandlerWrapper",13,0.06,1.77,61,0.51,12327.21,17,4,20,26,9,124.97,9,93,0,1,124.97,0.00,0.00,0.31,1,0.00,4,1519.27,0,9,9,java.lang.Object,0.00,13,0,23,0,13,4,2,5,361,3
"org.apache.solr.core.RequestHandlersTest",4,0.00,1.00,29,0.40,7179.85,4,0,5,12,4,113.85,3,54,0,3,113.85,0.00,0.67,0.00,0,0.00,1,1195.91,5,0,4,org.apache.solr.SolrTestCaseJ4,0.00,8,2,4,0,8,4,0,3,236,1
"org.apache.solr.core.ResourceLoaderTest",4,0.00,2.50,50,0.75,33663.43,4,0,15,25,9,139.51,11,75,0,2,99.62,0.00,0.50,0.00,0,4.00,5,2262.70,0,0,9,org.apache.lucene.util.LuceneTestCase,0.00,21,1,10,0,21,4,0,11,428,1
"org.apache.solr.core.RunExecutableListener",5,0.20,2.80,45,0.65,25989.70,10,5,7,21,5,126.52,15,63,0,2,105.91,0.00,0.50,0.36,1,7.00,6,1947.20,1,0,5,org.apache.solr.core.AbstractSolrEventListener,0.17,16,1,14,0,16,5,0,7,374,0
"org.apache.solr.core.SOLR749Test",2,0.00,1.00,12,0.16,3942.13,2,0,5,6,6,155.91,4,16,0,3,116.03,0.00,0.67,0.00,0,2.00,1,476.51,1,0,6,org.apache.solr.SolrTestCaseJ4,0.00,4,2,2,0,4,2,0,1,100,1
"org.apache.solr.core.SchemaCodecProvider",17,0.09,1.35,60,0.61,17387.63,19,2,8,35,7,129.43,5,105,1,2,129.43,0.00,0.50,0.41,0,0.00,4,1815.31,0,8,6,org.apache.lucene.index.codecs.CodecProvider,0.29,18,1,23,0,18,9,0,1,434,1
"org.apache.solr.core.SimpleFSDirectoryFactory",1,0.00,1.00,3,0.03,451.02,1,0,4,3,3,132.54,4,6,0,3,132.30,0.00,0.67,0.00,0,1.00,1,99.51,0,1,3,org.apache.solr.core.CachingDirectoryFactory,0.00,2,2,1,0,2,0,0,1,27,1
"org.apache.solr.core.SolrConfig",9,0.09,1.67,117,2.12,85961.75,39,30,33,36,52,80.12,47,139,28,2,97.99,0.00,0.50,0.11,2,33.00,4,6368.83,3,1,27,org.apache.solr.core.Config,0.00,27,1,15,0,27,8,0,18,999,1
"org.apache.solr.core.SolrConfig$HttpCachingConfig",0,0.00,0.00,4,0.05,845.18,2,2,33,1,0,171.00,2,6,0,1,171.00,0.00,0.00,0.00,0,0.00,0,138.30,0,0,0,java.lang.Object,0.00,1,0,0,0,1,0,0,2,32,2
"org.apache.solr.core.SolrConfig$HttpCachingConfig$LastModFrom",1,0.00,13.00,64,1.13,102618.52,6,5,33,19,3,26.01,12,78,0,1,63.57,0.00,0.00,1.00,0,0.00,13,3388.53,0,1,3,java.lang.Object,0.00,18,0,13,0,18,0,0,7,489,2
"org.apache.solr.core.SolrConfig$HttpCachingConfig$LastModFrom$UpdateHandlerInfo",1,6.00,1.00,10,0.10,2180.53,7,6,33,1,0,75.19,6,14,0,1,107.41,0.00,0.00,0.00,0,1.00,1,290.04,0,0,0,java.lang.Object,0.00,0,0,1,0,0,1,0,1,73,2
"org.apache.solr.core.SolrConfig$JmxConfiguration",1,4.00,2.00,12,0.13,4069.97,5,4,33,2,1,102.16,0,21,0,1,102.16,0.00,0.00,0.00,0,1.00,2,380.12,0,0,1,java.lang.Object,0.00,1,0,2,0,1,1,0,0,86,2
"org.apache.solr.core.SolrCore",89,0.01,2.79,750,11.18,704674.02,126,37,47,292,201,106.61,412,1026,148,1,106.38,0.00,0.00,0.04,33,4572.00,42,33554.84,1,49,66,java.lang.Object,0.00,203,0,248,0,203,40,1,186,5990,2
"org.apache.solr.core.SolrCore$Callable",1,0.00,1.00,4,0.02,206.27,1,0,47,2,0,130.32,0,5,0,1,130.32,0.00,0.00,0.00,0,1.00,1,63.51,0,1,0,java.lang.Object,0.00,1,0,1,0,1,0,0,0,19,0
"org.apache.solr.core.SolrCore$Callable_0",1,0.00,2.00,6,0.05,726.85,1,0,47,3,1,119.28,0,9,0,1,119.28,0.00,0.00,0.00,0,0.00,2,144.16,0,1,1,java.lang.Object,0.00,2,0,2,0,2,0,0,0,35,0
"org.apache.solr.core.SolrCore$Callable_1",1,0.00,3.00,8,0.06,1373.73,1,0,47,3,1,112.35,0,11,0,1,112.35,0.00,0.00,0.00,0,0.00,3,186.81,0,1,1,java.lang.Object,0.00,2,0,3,0,2,0,0,0,43,0
"org.apache.solr.core.SolrCore$Callable_2",1,0.00,3.00,8,0.06,1292.71,1,0,47,3,1,112.56,0,11,0,1,112.56,0.00,0.00,0.00,0,0.00,3,189.11,0,1,1,java.lang.Object,0.00,2,0,3,0,2,0,0,0,43,0
"org.apache.solr.core.SolrCore$Callable_3",1,0.00,3.00,8,0.08,2029.96,1,0,47,4,1,93.14,5,12,0,1,111.01,0.00,0.00,0.00,0,0.00,3,238.62,0,1,1,java.lang.Object,0.00,3,0,3,0,3,0,0,5,51,0
"org.apache.solr.core.SolrCore$RefCounted<SolrIndexSearcher>",1,0.00,3.00,8,0.09,2013.60,1,0,47,4,1,93.17,5,13,0,1,111.04,0.00,0.00,0.00,0,0.00,3,281.62,0,0,1,java.lang.Object,0.00,3,0,3,0,3,1,0,5,60,0
"org.apache.solr.core.SolrCoreTest",7,0.00,1.29,95,1.46,60957.85,7,0,11,37,13,148.36,9,108,0,3,98.36,0.00,0.67,0.00,0,0.00,3,4391.59,4,0,13,org.apache.solr.SolrTestCaseJ4,0.09,30,2,9,0,30,7,0,9,779,1
"org.apache.solr.core.SolrCoreTest$Callable<Integer>",2,0.00,2.50,26,0.26,12870.73,2,0,11,7,1,99.25,1,31,0,1,99.25,0.00,0.00,0.00,1,2.00,3,770.50,0,1,1,java.lang.Object,0.00,5,0,5,0,5,1,0,1,151,0
"org.apache.solr.core.SolrDeletionPolicy",12,0.00,2.42,104,1.38,63595.77,16,4,14,40,11,147.67,24,134,3,1,107.78,0.00,0.00,0.25,2,42.00,9,4133.25,0,4,9,java.lang.Object,0.00,28,0,29,0,28,8,2,13,801,1
"org.apache.solr.core.SolrEventListener",3,1.00,1.00,5,0.04,550.37,4,1,4,4,12,103.18,29,6,10,2,153.18,0.00,0.50,0.00,0,3.00,1,131.88,0,0,3,,0.00,1,1,3,0,1,3,0,2,39,1
"org.apache.solr.core.SolrInfoMBean",8,0.00,1.00,10,0.04,194.28,8,0,2,8,18,160.33,33,10,17,1,160.09,0.00,0.00,0.00,0,8.00,1,117.46,0,8,1,,0.00,0,0,8,0,0,0,0,9,49,1
"org.apache.solr.core.SolrInfoMBean$Category",0,0.00,0.00,2,0.01,76.11,0,0,2,0,0,171.00,0,1,0,1,171.00,0.00,0.00,0.00,0,0.00,0,38.05,0,0,0,java.lang.Object,0.00,0,0,0,0,0,0,0,0,11,1
"org.apache.solr.core.SolrResourceLoader",29,0.02,3.10,261,4.17,216578.94,44,15,37,108,54,86.77,166,396,37,1,104.64,0.00,0.00,0.09,9,377.00,9,12497.04,0,20,18,java.lang.Object,0.00,79,0,90,1,79,9,1,48,2307,1
"org.apache.solr.core.SolrResourceLoader$FileFilter",1,0.00,1.00,3,0.02,187.66,1,0,37,2,0,135.30,0,4,0,1,135.30,0.00,0.00,0.00,0,1.00,1,58.19,0,0,0,java.lang.Object,0.00,1,0,1,0,1,1,0,0,18,0
"org.apache.solr.core.SolrXMLSerializer",6,0.30,5.17,104,1.50,92764.16,8,2,16,38,4,91.97,24,135,2,1,91.73,0.00,0.00,0.25,3,14.00,12,4494.68,0,0,2,java.lang.Object,0.00,32,0,31,0,32,6,0,7,821,1
"org.apache.solr.core.SolrXMLSerializer$SolrCoreXMLDef",0,0.00,0.00,3,0.02,271.98,2,2,16,0,0,171.00,0,4,0,1,171.00,0.00,0.00,0.00,0,0.00,0,66.61,0,0,0,java.lang.Object,0.00,0,0,0,0,0,0,0,0,18,2
"org.apache.solr.core.SolrXMLSerializer$SolrXMLDef",0,0.00,0.00,5,0.04,660.94,4,4,16,0,0,171.00,0,6,0,1,171.00,0.00,0.00,0.00,0,0.00,0,134.89,0,0,0,java.lang.Object,0.00,0,0,0,0,0,0,0,0,33,2
"org.apache.solr.core.StandardDirectoryFactory",1,0.00,1.00,3,0.04,535.58,1,0,4,3,6,113.84,5,6,3,3,131.71,1.00,0.40,0.00,0,1.00,1,107.25,0,1,3,org.apache.solr.core.CachingDirectoryFactory,0.00,2,2,1,2,2,0,0,1,28,1
"org.apache.solr.core.StandardIndexReaderFactory",1,0.00,1.00,3,0.04,607.28,1,0,3,2,5,81.29,9,7,2,2,131.28,0.00,0.50,0.00,0,0.00,1,123.56,0,1,3,org.apache.solr.core.IndexReaderFactory,0.00,1,1,1,0,1,0,0,2,31,1
"org.apache.solr.core.TestArbitraryIndexDir",5,0.00,1.40,39,0.71,24692.11,5,0,20,36,12,160.31,9,66,0,3,110.31,0.00,0.67,0.00,0,7.00,3,2115.17,6,2,12,org.apache.solr.util.AbstractSolrTestCase,0.32,31,2,7,0,31,3,0,7,367,1
"org.apache.solr.core.TestBadConfig",4,0.00,1.25,14,0.11,1790.24,4,0,1,8,1,132.28,1,21,0,3,132.28,0.00,0.67,0.00,0,4.00,2,326.50,3,2,1,org.apache.solr.util.AbstractSolrTestCase,0.25,4,2,5,0,4,2,0,1,83,1
"org.apache.solr.core.TestCodecProviderSupport",5,0.00,2.00,44,0.56,13496.40,5,0,6,21,4,160.13,5,62,0,3,110.13,0.00,0.67,0.00,0,0.00,5,1672.46,1,0,4,org.apache.solr.SolrTestCaseJ4,0.00,16,2,10,0,16,5,0,5,350,1
"org.apache.solr.core.TestConfig",7,0.00,1.43,56,0.83,20609.06,7,0,15,40,10,109.91,6,78,0,3,109.91,0.00,0.67,0.00,0,9.00,4,2501.45,1,0,10,org.apache.solr.SolrTestCaseJ4,0.00,33,2,10,0,33,7,0,6,494,1
"org.apache.solr.core.TestCoreContainer",3,0.00,3.00,60,1.13,60354.94,3,0,8,35,4,128.21,8,96,0,3,88.33,0.00,0.67,0.00,1,1.00,5,3379.25,1,0,4,org.apache.solr.SolrTestCaseJ4,0.00,32,2,9,0,32,3,0,8,528,1
"org.apache.solr.core.TestJmxIntegration",8,0.00,2.75,82,1.49,81278.51,8,0,8,54,3,151.91,10,112,0,3,101.91,0.00,0.67,0.00,1,12.00,9,4455.83,4,3,3,org.apache.solr.util.AbstractSolrTestCase,0.30,46,2,22,0,46,5,0,5,769,1
"org.apache.solr.core.TestJmxMonitoredMap",3,0.50,2.67,49,0.71,34179.16,7,4,17,24,3,133.80,7,74,0,2,93.91,0.00,0.50,0.58,0,0.00,5,2133.35,2,0,3,org.apache.lucene.util.LuceneTestCase,0.00,21,1,8,0,21,3,0,2,395,1
"org.apache.solr.core.TestJmxMonitoredMap$MockInfoMBean",8,0.00,1.00,17,0.08,667.94,8,0,17,8,2,144.64,1,27,0,1,144.64,0.00,0.00,0.00,0,8.00,1,237.25,0,8,2,java.lang.Object,0.00,0,0,8,0,0,0,1,1,77,1
"org.apache.solr.core.TestLegacyMergeSchedulerPolicyConfig",2,0.00,1.00,7,0.16,3189.38,2,0,7,13,5,127.98,0,12,0,3,127.98,0.00,0.67,0.00,0,2.00,1,488.61,1,0,5,org.apache.solr.SolrTestCaseJ4,0.00,11,2,2,0,11,2,0,0,106,1
"org.apache.solr.core.TestMergePolicyConfig",2,0.00,1.00,12,0.16,2586.29,2,0,5,12,4,167.47,3,16,0,3,117.47,0.00,0.67,0.00,0,2.00,1,476.51,1,0,4,org.apache.solr.SolrTestCaseJ4,0.00,10,2,2,0,10,2,0,3,100,1
"org.apache.solr.core.TestPropInject",4,0.00,1.00,13,0.19,2486.42,4,0,6,14,5,131.20,0,20,0,3,131.20,0.00,0.67,0.00,0,4.00,1,579.20,0,2,5,org.apache.solr.util.AbstractSolrTestCase,0.17,10,2,4,0,10,2,0,0,133,1
"org.apache.solr.core.TestPropInjectDefaults",3,0.00,1.00,11,0.20,3051.01,3,0,7,13,5,129.52,0,18,0,3,129.52,0.00,0.67,0.00,0,1.00,1,607.16,1,0,5,org.apache.solr.SolrTestCaseJ4,0.00,10,2,3,0,10,3,0,0,133,1
"org.apache.solr.core.TestQuerySenderListener",4,0.17,1.00,33,0.57,21210.90,6,2,6,26,9,157.98,7,43,0,3,107.98,0.00,0.67,0.38,0,0.00,1,1709.28,1,0,9,org.apache.solr.SolrTestCaseJ4,0.00,22,2,4,0,22,4,0,7,316,1
"org.apache.solr.core.TestQuerySenderNoQuery",4,0.17,1.00,30,0.44,11449.08,6,2,5,24,8,152.14,10,40,0,3,112.26,0.00,0.67,0.38,0,0.00,1,1319.51,1,0,8,org.apache.solr.SolrTestCaseJ4,0.00,20,2,4,0,20,4,0,10,256,1
"org.apache.solr.core.TestSolrDeletionPolicy1",6,0.00,1.33,49,0.81,21593.63,6,0,6,23,4,109.24,3,87,0,3,109.24,0.00,0.67,0.00,1,6.00,3,2423.68,8,0,4,org.apache.solr.SolrTestCaseJ4,0.05,17,2,8,0,17,6,0,1,470,1
"org.apache.solr.core.TestSolrDeletionPolicy2",2,0.00,1.00,16,0.26,5777.95,2,0,3,12,3,160.06,3,25,0,3,110.06,0.00,0.67,0.00,0,2.00,1,783.44,5,0,3,org.apache.solr.SolrTestCaseJ4,0.00,10,2,2,0,10,2,0,1,150,1
"org.apache.solr.core.TestSolrXMLSerializer",4,0.49,1.00,62,1.08,36175.56,17,13,27,31,1,145.97,7,82,0,2,95.97,0.00,0.50,0.44,3,6.00,1,3226.86,0,1,1,org.apache.lucene.util.LuceneTestCase,0.00,27,1,4,0,27,3,0,7,593,1
"org.apache.solr.core.TestXIncludeConfig",4,0.67,1.50,21,0.20,3476.41,5,1,3,11,3,161.57,8,32,0,3,121.69,0.00,0.67,0.50,0,4.00,2,585.55,1,2,3,org.apache.solr.util.AbstractSolrTestCase,0.25,7,2,6,0,7,2,0,5,132,1
"org.apache.lucene.spatial.DistanceUtils",18,0.04,3.39,196,3.01,290755.90,32,14,6,36,32,50.28,171,232,26,1,100.28,0.00,0.00,0.03,7,94.00,10,9038.11,0,2,6,java.lang.Object,0.00,18,0,61,0,18,16,0,39,1756,1
"org.apache.lucene.spatial.DistanceUtilsTest",7,0.00,1.86,159,3.10,271033.49,7,0,2,21,2,66.78,41,183,0,2,84.65,0.00,0.50,0.00,0,7.00,7,9297.23,0,0,2,org.apache.lucene.util.LuceneTestCase,0.00,14,1,13,0,14,7,0,23,1706,1
"org.apache.lucene.index.codecs.BlockTermState",2,1.50,1.00,15,0.16,4011.26,6,4,3,4,14,81.25,12,20,11,3,113.47,1.50,0.33,1.00,0,0.00,1,491.89,1,1,3,org.apache.lucene.index.OrdTermState,0.43,2,2,2,3,2,1,0,8,113,1
"org.apache.lucene.index.codecs.BlockTermsReader",8,0.02,1.88,65,0.93,44415.37,14,6,26,29,33,128.30,26,92,9,3,107.68,0.50,0.50,0.19,2,20.00,5,2778.62,0,2,24,org.apache.lucene.index.codecs.FieldsProducer,0.55,21,2,15,1,21,6,0,16,515,1
"org.apache.lucene.index.codecs.BlockTermsReader$FieldAndTerm",5,0.12,1.00,14,0.14,2713.33,7,2,26,11,1,138.24,0,23,0,2,138.24,0.00,0.50,0.60,0,2.00,1,428.48,0,1,1,DoubleBarrelLRUCache.CloneableKey,0.00,6,1,5,0,6,4,0,0,112,2
"org.apache.lucene.index.codecs.BlockTermsReader$FieldReader",8,0.10,1.00,30,0.26,4663.73,14,6,26,10,4,131.42,1,47,0,2,131.42,0.00,0.50,0.08,0,32.00,1,765.25,1,2,4,org.apache.lucene.index.Terms,0.61,2,1,8,0,2,6,1,1,194,1
"org.apache.lucene.index.codecs.BlockTermsReader$FieldReader$SegmentTermsEnum",17,0.17,3.94,266,3.58,522033.58,35,18,26,45,11,41.48,163,342,0,2,91.48,0.00,0.50,0.22,4,0.00,37,10739.57,0,7,11,org.apache.lucene.index.TermsEnum,0.50,28,1,67,0,28,10,0,145,1835,2
"org.apache.lucene.index.codecs.BlockTermsReader$TermFieldsEnum",3,0.25,1.33,14,0.11,2057.24,5,2,26,7,2,126.14,0,21,0,2,126.14,0.00,0.50,0.67,0,0.00,2,334.06,0,2,2,org.apache.lucene.index.FieldsEnum,0.67,4,1,4,0,4,1,0,0,85,1
"org.apache.lucene.index.codecs.BlockTermsWriter",5,0.28,2.20,61,0.78,28452.75,15,10,16,22,24,121.61,18,79,9,2,100.99,1.00,0.33,0.32,2,0.00,6,2350.87,0,1,15,org.apache.lucene.index.codecs.FieldsConsumer,0.25,17,1,11,1,17,4,0,12,446,1
"org.apache.lucene.index.codecs.BlockTermsWriter$TermEntry",0,0.00,0.00,3,0.03,468.83,2,2,16,1,2,171.00,0,4,0,1,171.00,0.00,0.00,0.00,0,0.00,0,78.14,0,0,2,java.lang.Object,0.00,1,0,0,0,1,0,0,0,20,2
"org.apache.lucene.index.codecs.BlockTermsWriter$TermsWriter",7,0.12,2.71,106,1.28,67947.62,19,12,16,29,9,135.39,18,121,0,2,95.50,0.00,0.50,0.19,2,0.00,5,3828.76,0,2,9,org.apache.lucene.index.codecs.TermsConsumer,0.33,22,1,19,0,22,5,0,18,718,0
"org.apache.lucene.index.codecs.BlockTreeTermsReader",10,0.00,2.00,84,1.28,78907.51,18,8,40,37,38,106.70,47,115,8,3,106.46,0.00,0.67,0.12,3,30.00,8,3848.50,0,3,30,org.apache.lucene.index.codecs.FieldsProducer,0.46,27,2,20,0,27,7,0,19,694,1
"org.apache.lucene.index.codecs.BlockTreeTermsReader$FieldReader",10,0.05,1.20,45,0.53,15015.07,19,9,40,21,10,173.49,18,65,0,2,123.49,0.00,0.50,0.07,0,50.00,2,1583.32,1,4,10,org.apache.lucene.index.Terms,0.56,11,1,12,0,11,6,1,10,339,2
"org.apache.lucene.index.codecs.BlockTreeTermsReader$FieldReader$IntersectEnum",19,0.08,3.11,239,3.53,338231.16,27,8,40,44,13,79.14,97,288,0,2,97.01,0.00,0.50,0.20,4,5.00,19,10603.26,0,10,13,org.apache.lucene.index.TermsEnum,0.47,25,1,59,0,25,9,0,97,1856,2
"org.apache.lucene.index.codecs.BlockTreeTermsReader$FieldReader$IntersectEnum$Frame",9,0.19,2.78,128,1.70,98108.06,37,28,40,20,6,96.45,44,152,0,1,96.22,0.00,0.00,0.20,2,0.00,10,5085.51,0,0,6,java.lang.Object,0.00,11,0,25,0,11,9,0,44,901,2
"org.apache.lucene.index.codecs.BlockTreeTermsReader$FieldReader$IntersectEnum$SegmentTermsEnum",22,0.19,5.27,459,7.43,993948.22,33,11,40,59,14,47.87,274,564,0,2,85.43,0.00,0.50,0.27,6,0.00,23,22281.63,0,12,14,org.apache.lucene.index.TermsEnum,0.43,37,1,116,0,37,10,0,271,3615,2
"org.apache.lucene.index.codecs.BlockTreeTermsReader$FieldReader$IntersectEnum$SegmentTermsEnum$Frame_0",17,0.19,4.29,292,3.58,257251.55,44,27,40,28,4,62.47,233,353,0,1,91.85,0.00,0.00,0.21,4,0.00,16,10729.21,0,3,4,java.lang.Object,0.00,11,0,73,0,11,14,0,187,1889,2
"org.apache.lucene.index.codecs.BlockTreeTermsReader$Stats",6,0.32,3.33,94,1.53,108889.22,26,20,40,15,2,93.32,2,106,0,1,93.32,0.00,0.00,0.32,0,2.00,8,4583.05,0,1,2,java.lang.Object,0.00,9,0,20,0,9,5,0,2,801,2
"org.apache.lucene.index.codecs.BlockTreeTermsReader$TermFieldsEnum",3,0.25,1.33,14,0.11,2057.24,5,2,40,7,2,126.14,0,21,0,2,126.14,0.00,0.50,0.67,0,0.00,2,334.06,0,2,2,org.apache.lucene.index.FieldsEnum,0.67,4,1,4,0,4,1,0,0,85,1
"org.apache.lucene.index.codecs.BlockTreeTermsWriter",7,0.08,2.00,75,1.10,45780.15,28,21,25,21,29,55.39,56,96,9,2,103.49,0.00,0.50,0.12,2,10.00,6,3295.55,0,0,20,org.apache.lucene.index.codecs.FieldsConsumer,0.00,14,1,14,0,14,7,0,15,599,1
"org.apache.lucene.index.codecs.BlockTreeTermsWriter$PendingBlock",4,0.14,3.50,56,0.91,71692.76,11,7,25,20,5,76.59,23,69,0,2,94.46,0.00,0.50,0.25,1,4.00,10,2737.17,0,1,5,org.apache.lucene.index.codecs.PendingEntry,0.00,16,1,14,0,16,3,0,18,489,3
"org.apache.lucene.index.codecs.BlockTreeTermsWriter$PendingEntry",1,1.00,1.00,4,0.03,307.28,2,1,25,1,0,128.95,0,6,0,1,128.95,0.00,0.00,0.00,0,1.00,1,76.40,0,0,0,java.lang.Object,0.00,0,0,1,0,0,1,0,0,23,2
"org.apache.lucene.index.codecs.BlockTreeTermsWriter$PendingTerm",2,0.50,1.00,9,0.07,960.84,4,2,25,3,2,127.42,0,13,0,2,127.42,0.00,0.50,0.25,0,2.00,1,217.71,0,1,2,org.apache.lucene.index.codecs.PendingEntry,0.00,1,1,2,0,1,1,0,0,58,3
"org.apache.lucene.index.codecs.BlockTreeTermsWriter$TermsWriter",9,0.09,5.33,262,4.20,660055.88,25,16,25,45,11,95.88,166,307,0,2,77.75,0.00,0.50,0.15,1,0.00,17,12599.81,0,4,11,org.apache.lucene.index.codecs.TermsConsumer,0.29,36,1,48,0,36,5,0,140,2011,0
"org.apache.lucene.index.codecs.BlockTreeTermsWriter$TermsWriter$FindBlocks",1,0.00,5.00,25,0.37,31973.00,1,0,25,4,1,38.88,11,26,0,2,83.01,0.00,0.50,0.00,0,0.00,5,1102.71,0,0,1,Builder.FreezeTail,0.00,3,1,5,0,3,1,0,11,196,1
"org.apache.lucene.index.codecs.Codec",10,0.50,1.10,20,0.24,4207.09,12,2,7,13,37,189.09,16,27,29,1,139.09,0.00,0.00,0.05,1,18.00,2,732.86,0,1,9,java.lang.Object,0.00,3,0,11,13,3,9,0,6,188,2
"org.apache.lucene.index.codecs.CodecProvider",17,0.00,1.53,63,0.80,22491.55,25,8,9,34,78,149.14,55,90,71,1,128.52,0.00,0.00,0.12,0,170.00,4,2392.91,0,8,11,java.lang.Object,0.00,17,0,26,8,17,9,0,12,531,1
"org.apache.lucene.index.codecs.CoreCodecProvider",1,0.00,1.00,7,0.05,509.87,1,0,5,6,7,117.68,16,9,3,2,118.16,0.00,0.50,0.00,0,1.00,1,137.40,1,0,5,org.apache.lucene.index.codecs.CodecProvider,0.00,5,1,1,0,5,1,0,1,40,1
"org.apache.lucene.index.codecs.DefaultDocValuesConsumer",5,1.00,1.40,22,0.36,15894.86,6,1,10,12,20,170.88,5,34,12,3,120.88,0.00,0.67,0.20,1,8.00,3,1091.29,0,1,8,org.apache.lucene.index.codecs.DocValuesWriterBase,0.40,7,2,7,0,7,4,0,2,227,1
"org.apache.lucene.index.codecs.DefaultDocValuesProducer",3,0.25,1.33,12,0.22,5159.81,5,2,13,8,18,162.88,8,20,11,3,123.00,0.00,0.67,0.67,0,0.00,2,646.51,0,1,7,org.apache.lucene.index.codecs.DocValuesReaderBase,0.23,5,2,4,0,5,2,0,2,142,1
"org.apache.lucene.index.codecs.DefaultFieldsReader",13,0.17,2.69,137,2.09,130576.14,26,13,16,41,18,122.57,45,183,3,2,101.96,0.00,0.50,0.23,4,2.00,9,6268.95,0,2,15,org.apache.lucene.index.FieldsReader,0.00,28,1,35,0,28,11,2,22,1133,2
"org.apache.lucene.index.codecs.DefaultFieldsWriter",10,0.12,3.50,122,1.48,66583.05,25,15,10,39,11,140.23,26,153,2,2,100.35,0.00,0.50,0.17,3,0.00,14,4434.59,0,0,9,org.apache.lucene.index.FieldsWriter,0.00,29,1,35,0,29,10,0,22,835,2
"org.apache.lucene.index.codecs.DefaultSegmentInfosReader",3,0.00,5.00,44,0.81,59977.28,3,0,12,30,16,61.79,18,65,2,2,94.01,1.00,0.33,0.00,1,3.00,12,2426.32,0,1,15,org.apache.lucene.index.codecs.SegmentInfosReader,0.00,27,1,15,1,27,2,0,15,403,1
"org.apache.lucene.index.codecs.DefaultSegmentInfosWriter",4,0.17,1.50,33,0.45,14781.81,10,6,9,20,14,109.36,16,46,7,2,109.12,1.00,0.33,0.04,1,6.00,3,1336.62,0,2,9,org.apache.lucene.index.codecs.SegmentInfosWriter,0.00,16,1,6,1,16,2,0,10,272,1
"org.apache.lucene.index.codecs.DocValuesConsumer",6,1.00,1.67,22,0.31,9758.62,7,1,8,10,12,90.23,72,27,7,1,127.80,0.00,0.00,0.00,2,6.00,4,920.98,0,0,7,java.lang.Object,0.00,4,0,10,2,4,6,0,9,194,2
"org.apache.lucene.index.codecs.DocValuesConsumer$SingleSubMergeState",1,4.00,1.00,11,0.09,1945.54,5,4,8,1,2,63.96,7,13,0,1,106.25,0.00,0.00,0.00,0,1.00,1,281.38,0,0,2,java.lang.Object,0.00,0,0,1,0,0,1,0,4,70,2
"org.apache.lucene.index.codecs.DocValuesReaderBase",8,0.00,1.38,37,0.77,38715.50,8,0,16,23,13,140.07,27,71,1,2,119.45,2.00,0.25,0.00,2,8.00,4,2305.84,0,6,12,org.apache.lucene.index.codecs.PerDocValues,0.20,15,1,11,2,15,2,0,6,439,2
"org.apache.lucene.index.codecs.DocValuesWriterBase",6,0.10,1.00,18,0.21,3282.89,10,4,9,9,10,131.64,4,28,1,2,131.64,2.00,0.25,0.17,0,10.00,1,634.47,0,3,9,org.apache.lucene.index.codecs.PerDocConsumer,0.00,3,1,6,2,3,3,0,1,159,2
"org.apache.lucene.index.codecs.FieldsConsumer",3,0.00,1.67,14,0.19,7076.40,3,0,6,7,33,142.48,9,18,27,1,121.87,0.00,0.00,0.00,1,3.00,3,557.67,0,1,6,java.lang.Object,0.00,4,0,5,7,4,2,1,3,118,2
"org.apache.lucene.index.codecs.FieldsProducer",1,0.00,1.00,4,0.04,816.00,1,0,5,2,24,83.32,7,6,21,2,125.61,6.00,0.12,0.00,0,1.00,1,108.00,0,0,3,org.apache.lucene.index.Fields,0.00,1,1,1,6,1,1,1,1,29,2
"org.apache.lucene.index.codecs.FieldsProducer$FieldsProducer",3,0.00,1.00,6,0.05,650.34,3,0,5,3,2,141.38,0,12,0,1,141.38,0.00,0.00,0.00,0,3.00,1,152.32,0,2,2,java.lang.Object,0.00,0,0,3,0,0,1,0,0,44,0
"org.apache.lucene.index.codecs.FieldsReader",4,0.00,1.00,5,0.05,456.40,4,0,5,4,8,155.03,19,6,5,1,154.80,0.00,0.00,0.00,0,4.00,1,158.63,0,2,3,java.lang.Object,0.00,0,0,4,0,0,2,2,2,48,2
"org.apache.lucene.index.codecs.FieldsWriter",6,0.00,1.00,7,0.09,836.18,6,0,5,6,4,174.73,20,8,1,1,154.12,0.00,0.00,0.00,0,6.00,1,262.00,0,0,3,java.lang.Object,0.00,0,0,6,0,0,6,1,2,75,2
"org.apache.lucene.index.codecs.FixedGapTermsIndexReader",4,0.18,2.25,59,0.85,57325.10,15,11,16,20,22,115.95,14,70,8,2,95.33,1.00,0.33,0.23,1,6.00,6,2564.98,0,0,14,org.apache.lucene.index.codecs.TermsIndexReaderBase,0.44,16,1,9,1,16,4,0,14,434,1
"org.apache.lucene.index.codecs.FixedGapTermsIndexReader$FieldIndexData",8,0.04,1.62,40,0.43,9312.72,15,7,16,13,6,120.67,0,59,0,1,120.67,0.00,0.00,0.11,2,32.00,3,1301.07,0,0,6,java.lang.Object,0.00,5,0,13,0,5,8,0,0,300,2
"org.apache.lucene.index.codecs.FixedGapTermsIndexReader$FieldIndexData$CoreFieldIndex",1,2.00,5.00,62,0.95,131133.35,6,5,16,11,2,81.60,18,69,0,1,63.47,0.00,0.00,0.60,0,0.00,5,2863.86,0,0,2,java.lang.Object,0.00,10,0,5,0,10,1,0,18,468,2
"org.apache.lucene.index.codecs.FixedGapTermsIndexReader$IndexEnum",6,0.27,1.83,53,0.83,69686.56,9,3,16,9,1,105.16,2,70,0,2,105.16,0.00,0.50,0.56,0,0.00,5,2503.87,0,1,1,org.apache.lucene.index.codecs.FieldIndexEnum,0.00,3,1,11,0,3,5,0,2,482,1
"org.apache.lucene.index.codecs.FixedGapTermsIndexWriter",6,0.12,2.33,75,0.89,40612.85,14,8,13,24,20,121.00,18,86,9,2,100.38,1.00,0.33,0.23,2,6.00,6,2661.39,0,1,11,org.apache.lucene.index.codecs.TermsIndexWriterBase,0.00,18,1,14,1,18,5,0,9,518,1
"org.apache.lucene.index.codecs.FixedGapTermsIndexWriter$SimpleFieldWriter",4,0.42,2.50,64,0.71,30027.05,16,12,13,12,5,95.59,17,72,0,2,95.35,0.00,0.50,0.40,0,0.00,3,2130.61,0,0,5,org.apache.lucene.index.codecs.FieldWriter,0.00,8,1,10,0,8,4,0,17,412,1
"org.apache.lucene.index.codecs.MappingMultiDocsAndPositionsEnum",9,0.11,1.78,52,0.52,21417.15,17,8,4,18,6,118.21,7,76,2,4,118.21,0.00,0.75,0.22,0,0.00,7,1566.56,0,2,4,org.apache.lucene.index.DocsAndPositionsEnum,1.27,9,3,16,0,9,7,0,2,338,2
"org.apache.lucene.index.codecs.MappingMultiDocsEnum",6,0.12,2.00,43,0.42,18909.21,14,8,3,11,5,161.77,7,60,2,3,111.77,0.00,0.67,0.23,0,10.00,7,1273.46,0,1,3,org.apache.lucene.index.DocsEnum,0.86,5,2,12,0,5,5,0,2,267,2
"org.apache.lucene.index.codecs.MergeState",0,0.00,0.00,14,0.12,1852.51,11,11,9,0,21,171.00,10,15,15,1,171.00,0.00,0.00,0.00,0,0.00,0,374.06,0,0,6,java.lang.Object,0.00,0,0,0,0,0,0,0,8,77,1
"org.apache.lucene.index.codecs.MergeState$CheckAbort",2,0.33,1.50,12,0.10,1583.52,5,3,9,3,1,119.29,8,16,0,1,119.05,0.00,0.00,0.50,0,2.00,2,305.60,0,0,1,java.lang.Object,0.00,1,0,3,0,1,2,0,1,75,2
"org.apache.lucene.index.codecs.MergeState$IndexReaderAndLiveDocs",1,2.00,1.00,6,0.04,570.78,3,2,9,1,2,120.27,0,8,0,1,120.27,0.00,0.00,0.00,0,1.00,1,130.51,0,0,2,java.lang.Object,0.00,0,0,1,0,0,1,0,0,37,2
"org.apache.lucene.index.codecs.MultiLevelSkipListReader",11,0.22,2.73,120,1.43,76461.04,25,14,4,20,3,85.34,61,138,1,1,103.21,0.00,0.00,0.27,3,0.00,7,4293.67,0,0,2,java.lang.Object,0.00,9,0,30,2,9,11,0,44,846,2
"org.apache.lucene.index.codecs.MultiLevelSkipListReader$SkipBuffer",7,0.22,1.00,21,0.22,3647.30,10,3,4,10,1,131.81,0,35,0,3,131.81,0.00,0.67,0.52,0,0.00,1,670.02,0,0,1,org.apache.lucene.store.IndexInput,0.65,3,2,7,0,3,7,0,0,165,3
"org.apache.lucene.index.codecs.MultiLevelSkipListWriter",6,0.00,2.67,56,0.50,23058.41,9,3,3,14,5,58.85,53,56,2,1,106.95,0.00,0.00,0.33,2,0.00,4,1486.01,0,0,3,java.lang.Object,0.00,8,0,16,2,8,6,0,14,319,2
"org.apache.lucene.index.codecs.PerDocConsumer",4,0.00,3.50,43,0.60,46036.68,4,0,7,18,29,53.32,34,52,21,1,101.43,0.00,0.00,0.00,1,4.00,10,1811.64,0,2,8,java.lang.Object,0.00,14,0,14,4,14,2,1,8,340,2
"org.apache.lucene.index.codecs.PerDocValues",2,1.00,1.00,4,0.05,813.27,3,1,4,2,38,101.66,24,5,37,1,139.22,0.00,0.00,0.00,0,2.00,1,139.89,0,2,1,java.lang.Object,0.00,0,0,2,6,0,0,1,3,39,2
"org.apache.lucene.index.codecs.PostingsConsumer",4,0.00,2.75,43,0.48,33322.73,4,0,7,13,22,102.83,16,49,15,1,102.59,0.00,0.00,0.00,3,4.00,8,1448.44,0,0,7,java.lang.Object,0.00,9,0,11,8,9,4,0,5,265,2
"org.apache.lucene.index.codecs.PostingsConsumer$PostingsMergeState",0,0.00,0.00,4,0.02,238.40,3,3,7,0,1,171.00,0,5,0,1,171.00,0.00,0.00,0.00,0,0.00,0,68.11,0,0,1,java.lang.Object,0.00,0,0,0,0,0,0,0,0,19,2
"org.apache.lucene.index.codecs.PostingsReaderBase",7,0.00,1.00,8,0.11,836.79,7,0,7,7,23,194.53,18,9,17,1,154.64,0.00,0.00,0.00,0,7.00,1,322.21,0,2,6,java.lang.Object,0.00,0,0,7,3,0,5,1,6,91,2
"org.apache.lucene.index.codecs.PostingsWriterBase",6,0.00,1.00,7,0.07,540.76,6,0,4,6,22,205.61,8,8,18,2,155.61,3.00,0.20,0.00,0,6.00,1,208.48,0,0,4,org.apache.lucene.index.codecs.PostingsConsumer,0.00,0,1,6,3,0,6,1,3,65,2
"org.apache.lucene.index.codecs.SegmentInfosReader",1,0.00,1.00,2,0.03,210.87,1,0,4,1,8,103.91,12,3,6,1,141.47,0.00,0.00,0.00,0,1.00,1,86.67,0,0,4,java.lang.Object,0.00,0,0,1,2,0,1,0,2,23,2
"org.apache.lucene.index.codecs.SegmentInfosWriter",3,0.00,1.00,4,0.05,349.32,3,0,5,3,9,106.25,30,5,6,1,154.73,0.00,0.00,0.00,0,3.00,1,142.05,0,1,4,java.lang.Object,0.00,0,0,3,2,0,2,0,4,41,2
"org.apache.lucene.index.codecs.TermStats",1,2.00,1.00,6,0.04,527.22,3,2,0,1,24,120.07,16,8,24,1,120.54,0.00,0.00,0.00,0,1.00,1,124.85,0,0,0,java.lang.Object,0.00,0,0,1,0,0,1,0,1,36,1
"org.apache.lucene.index.codecs.TermsConsumer",5,0.38,3.80,60,0.87,83068.70,7,2,8,18,27,117.82,16,73,17,1,97.20,0.00,0.00,0.20,3,8.00,15,2619.24,0,2,10,java.lang.Object,0.00,13,0,19,6,13,3,0,11,444,2
"org.apache.lucene.index.codecs.TermsIndexReaderBase",5,0.00,1.00,7,0.05,407.83,5,0,5,5,13,176.56,15,8,11,1,155.95,0.00,0.00,0.00,0,5.00,1,158.28,0,0,2,java.lang.Object,0.00,0,0,5,3,0,5,1,8,52,2
"org.apache.lucene.index.codecs.TermsIndexReaderBase$FieldIndexEnum",5,0.00,1.00,6,0.05,342.92,5,0,5,5,1,206.54,5,7,0,1,156.54,0.00,0.00,0.00,0,5.00,1,135.45,0,1,1,java.lang.Object,0.00,0,0,5,0,0,4,0,3,46,3
"org.apache.lucene.index.codecs.TermsIndexWriterBase",1,0.00,1.00,3,0.03,197.55,1,0,4,1,12,185.12,1,4,10,1,135.12,0.00,0.00,0.00,0,1.00,1,79.02,0,1,2,java.lang.Object,0.00,0,0,1,3,0,0,1,1,24,2
"org.apache.lucene.index.codecs.TermsIndexWriterBase$FieldWriter",3,0.00,1.00,4,0.05,347.07,3,0,4,3,2,154.75,0,5,0,1,154.75,0.00,0.00,0.00,0,3.00,1,141.15,0,0,2,java.lang.Object,0.00,0,0,3,0,0,3,0,0,41,2
"org.apache.lucene.index.codecs.VariableGapTermsIndexReader",10,0.02,1.50,58,0.75,28207.18,17,7,20,27,17,117.66,7,78,1,2,117.66,0.00,0.50,0.13,3,38.00,4,2243.10,0,0,16,org.apache.lucene.index.codecs.TermsIndexReaderBase,0.40,17,1,15,0,17,10,0,5,445,1
"org.apache.lucene.index.codecs.VariableGapTermsIndexReader$FieldIndexData",2,0.00,3.50,25,0.35,13778.79,4,2,20,10,5,100.47,9,34,0,1,100.23,0.00,0.00,0.50,1,0.00,5,1048.81,0,0,5,java.lang.Object,0.00,8,0,7,0,8,2,0,3,197,2
"org.apache.lucene.index.codecs.VariableGapTermsIndexReader$IndexEnum",6,0.00,1.33,23,0.21,4294.06,8,2,20,10,3,130.66,4,38,0,2,130.66,0.00,0.50,0.50,0,2.00,2,631.18,0,1,3,org.apache.lucene.index.codecs.FieldIndexEnum,0.00,4,1,8,0,4,5,0,4,156,2
"org.apache.lucene.index.codecs.VariableGapTermsIndexWriter",6,0.12,2.17,69,0.82,33197.38,14,8,14,24,14,52.50,55,79,2,2,102.50,0.00,0.50,0.23,2,6.00,5,2474.78,0,0,12,org.apache.lucene.index.codecs.TermsIndexWriterBase,0.00,18,1,13,0,18,6,0,44,490,1
"org.apache.lucene.index.codecs.VariableGapTermsIndexWriter$EveryNOrDocFreqTermSelector",3,0.50,1.33,17,0.14,2794.28,6,3,14,3,3,121.48,1,24,0,2,121.48,0.00,0.50,0.67,0,0.00,2,418.47,0,0,3,org.apache.lucene.index.codecs.IndexTermSelector,0.00,0,1,4,0,0,3,0,1,102,3
"org.apache.lucene.index.codecs.VariableGapTermsIndexWriter$EveryNTermSelector",3,0.50,1.33,15,0.11,1807.07,5,2,14,3,3,122.97,1,22,0,2,122.97,0.00,0.50,0.83,0,0.00,2,326.74,0,0,3,org.apache.lucene.index.codecs.IndexTermSelector,0.00,0,1,4,0,0,3,0,1,82,3
"org.apache.lucene.index.codecs.VariableGapTermsIndexWriter$FSTFieldWriter",4,0.30,1.75,38,0.46,11882.43,13,9,14,12,5,157.93,7,51,0,2,107.93,0.00,0.50,0.33,0,0.00,2,1373.88,0,0,5,org.apache.lucene.index.codecs.FieldWriter,0.00,8,1,7,0,8,4,0,7,277,1
"org.apache.lucene.index.codecs.VariableGapTermsIndexWriter$IndexTermSelector",2,0.00,1.00,3,0.02,153.21,2,0,14,2,3,206.16,2,4,0,1,156.16,0.00,0.00,0.00,0,2.00,1,72.73,0,0,3,java.lang.Object,0.00,0,0,2,0,0,2,0,2,24,3
"org.apache.lucene.analysis.in.IndicNormalizationFilter",2,0.00,1.50,11,0.11,2172.37,4,2,4,8,7,160.81,4,16,3,4,120.93,0.00,0.75,0.50,0,2.00,2,340.92,0,0,4,org.apache.lucene.analysis.TokenFilter,0.29,6,3,3,0,6,2,0,1,81,2
"org.apache.lucene.analysis.in.IndicNormalizer",3,0.00,5.00,55,2.83,340296.91,5,2,4,7,1,91.26,107,145,1,1,84.00,0.00,0.00,0.50,0,2.00,10,8496.41,0,0,0,java.lang.Object,0.00,4,0,15,0,4,3,0,80,1372,1
"org.apache.lucene.analysis.in.IndicNormalizer$ScriptData",1,3.00,1.00,7,0.04,585.54,4,3,4,1,0,117.68,0,9,0,1,117.68,0.00,0.00,0.00,0,1.00,1,131.23,0,0,0,java.lang.Object,0.00,0,0,1,0,0,1,0,0,38,2
"org.apache.lucene.analysis.in.IndicTokenizer",4,0.00,1.00,9,0.13,2474.14,4,0,4,6,3,137.79,3,18,1,5,137.79,0.00,0.80,0.00,0,4.00,1,380.69,0,0,2,org.apache.lucene.analysis.util.CharTokenizer,0.17,2,4,4,0,2,4,0,1,99,2
"org.apache.lucene.analysis.in.TestIndicNormalizer",2,0.00,1.00,13,0.14,1986.08,2,0,6,5,5,138.99,7,16,0,3,118.37,0.00,0.67,0.00,1,2.00,1,409.83,1,0,5,org.apache.lucene.analysis.BaseTokenStreamTestCase,0.00,3,2,2,0,3,2,0,3,92,1
"org.apache.lucene.queryparser.flexible.standard.QueryParserUtil",4,0.00,3.75,51,0.95,62552.95,4,0,5,15,8,146.90,105,65,2,1,97.41,0.00,0.00,0.00,0,4.00,4,2837.52,0,4,6,java.lang.Object,0.00,11,0,15,0,11,0,0,9,511,2
"org.apache.lucene.queryparser.flexible.standard.StandardQueryParser",36,0.00,1.25,110,1.13,16324.02,36,0,20,49,19,100.01,249,164,6,2,132.23,2.00,0.25,0.00,2,36.00,2,3382.77,2,10,14,org.apache.lucene.queryparser.flexible.core.QueryParserHelper,0.00,13,1,45,2,13,26,0,32,833,1
"org.apache.lucene.queryparser.flexible.standard.TestMultiAnalyzerQPHelper",2,1.00,1.00,41,0.83,28245.80,3,1,11,11,7,129.09,43,64,0,2,89.79,0.00,0.50,0.00,0,2.00,1,2500.42,0,0,7,org.apache.lucene.util.LuceneTestCase,0.00,9,1,2,0,9,2,0,31,443,1
"org.apache.lucene.queryparser.flexible.standard.TestMultiAnalyzerQPHelper$MultiAnalyzer",1,0.00,1.00,4,0.06,1028.22,1,0,11,4,3,124.82,0,7,0,2,124.82,0.00,0.50,0.00,0,1.00,1,167.13,0,1,3,org.apache.lucene.analysis.Analyzer,0.00,3,1,1,0,3,0,0,0,40,1
"org.apache.lucene.queryparser.flexible.standard.TestMultiAnalyzerQPHelper$PosIncrementAnalyzer",1,0.00,1.00,4,0.06,1028.22,1,0,11,4,3,124.82,0,7,0,2,124.82,0.00,0.50,0.00,0,1.00,1,167.13,0,1,3,org.apache.lucene.analysis.Analyzer,0.00,3,1,1,0,3,0,0,0,40,1
"org.apache.lucene.queryparser.flexible.standard.TestMultiAnalyzerQPHelper$TestFilter",3,0.29,2.33,39,0.44,14023.85,10,7,11,14,6,100.35,0,48,0,4,100.35,0.00,0.75,0.33,0,4.00,5,1306.41,1,0,6,org.apache.lucene.analysis.TokenFilter,0.53,11,3,7,0,11,3,0,0,256,2
"org.apache.lucene.queryparser.flexible.standard.TestMultiAnalyzerQPHelper$TestPosIncrementFilter",2,0.00,2.50,15,0.16,3738.22,4,2,11,5,4,113.50,1,21,0,4,113.50,0.00,0.75,0.50,0,2.00,4,483.67,0,0,4,org.apache.lucene.analysis.TokenFilter,0.29,3,3,5,0,3,2,0,1,108,1
"org.apache.lucene.queryparser.flexible.standard.TestMultiFieldQPHelper",11,0.00,1.45,181,2.95,102946.61,11,0,16,38,12,134.61,32,219,0,2,94.73,0.00,0.50,0.00,1,11.00,2,8854.64,0,0,12,org.apache.lucene.util.LuceneTestCase,0.00,27,1,16,0,27,11,0,22,1598,1
"org.apache.lucene.queryparser.flexible.standard.TestMultiFieldQPHelper$AnalyzerReturningNull",2,1.00,1.50,10,0.10,1948.67,3,1,16,8,0,121.30,0,17,0,2,121.30,0.00,0.50,0.50,0,2.00,2,299.09,0,1,0,org.apache.lucene.index.Analyzer,0.00,6,1,3,0,6,1,0,0,73,3
"org.apache.lucene.queryparser.flexible.standard.TestMultiFieldQPHelper$AnalyzerReturningNull$EmptyTokenStream",1,0.00,1.00,3,0.02,186.16,1,0,16,1,0,135.33,0,6,0,2,135.33,0.00,0.50,0.00,0,1.00,1,56.19,0,0,0,org.apache.lucene.search.Tokenizer,0.00,0,1,1,0,0,1,0,0,18,2
"org.apache.lucene.queryparser.flexible.standard.TestNumericQueryParser",18,0.08,2.33,238,4.75,302963.90,35,17,32,93,17,95.97,12,321,0,2,95.97,0.00,0.50,0.13,7,98.00,9,14238.38,0,3,17,org.apache.lucene.util.LuceneTestCase,0.00,75,1,42,0,75,15,0,12,2463,1
"org.apache.lucene.queryparser.flexible.standard.TestNumericQueryParser$NumberType",0,0.00,0.00,2,0.01,71.32,0,0,32,0,0,171.00,0,3,0,1,171.00,0.00,0.00,0.00,0,0.00,0,28.53,0,0,0,java.lang.Object,0.00,0,0,0,0,0,0,0,0,9,2
"org.apache.lucene.queryparser.flexible.standard.TestQPHelper",0,0.00,0.00,5,0.06,1012.42,1,1,51,1,37,171.00,6,6,0,2,171.00,0.00,0.50,0.00,0,0.00,0,165.67,0,0,37,org.apache.lucene.util.LuceneTestCase,0.00,1,1,0,0,1,0,0,1,39,1
"org.apache.lucene.queryparser.flexible.standard.TestQPHelper$QPTestAnalyzer",1,0.00,1.00,4,0.06,1228.99,1,0,51,4,1,174.21,1,7,0,2,124.21,0.00,0.50,0.00,0,1.00,1,182.32,0,1,1,org.apache.lucene.index.Analyzer,0.00,3,1,1,0,3,0,0,1,43,3
"org.apache.lucene.queryparser.flexible.standard.TestQPHelper$QPTestFilter",3,0.20,2.33,30,0.34,10287.31,8,5,51,11,2,155.66,4,39,0,2,105.66,0.00,0.50,0.33,0,4.00,5,1010.18,1,0,2,org.apache.lucene.index.TokenFilter,0.00,8,1,7,0,8,3,0,1,210,3
"org.apache.lucene.queryparser.flexible.standard.TestQPHelper$QPTestParser",55,0.98,1.33,563,8.08,230753.20,56,1,51,137,28,125.72,180,695,0,3,105.10,0.00,0.67,0.04,13,210.00,3,24244.36,4,8,28,org.apache.lucene.queryparser.flexible.standard.StandardQueryParser,0.00,82,2,73,0,82,47,0,156,4540,2
"org.apache.lucene.queryparser.flexible.standard.TestQPHelper$QPTestParser$CannedAnalyzer",1,0.00,1.00,3,0.03,372.87,1,0,51,3,0,132.95,0,6,0,2,132.95,0.00,0.50,0.00,0,1.00,1,93.65,0,1,0,org.apache.lucene.index.Analyzer,0.00,2,1,1,0,2,0,0,0,26,1
"org.apache.lucene.queryparser.flexible.standard.TestQPHelper$QPTestParser$CannedTokenStream",2,0.33,3.00,25,0.26,7813.61,5,3,51,6,2,102.21,0,32,0,2,102.21,0.00,0.50,0.50,0,2.00,5,776.23,1,0,2,org.apache.lucene.search.Tokenizer,0.00,4,1,6,0,4,2,0,0,166,1
"org.apache.lucene.queryparser.flexible.standard.TestQPHelper$QPTestParser$QPTestParserQueryNodeProcessor",3,0.00,1.33,9,0.11,2659.22,3,0,51,5,5,129.92,0,22,0,2,129.92,0.00,0.50,0.00,0,3.00,2,318.32,0,3,5,org.apache.lucene.queryparser.flexible.core.processors.QueryNodeProcessorImpl,0.00,2,1,4,0,2,0,0,0,79,2
"org.apache.lucene.queryparser.flexible.standard.TestQPHelper$QPTestParser$SimpleCJKAnalyzer",1,0.00,1.00,3,0.03,425.86,1,0,51,3,0,132.50,0,6,0,2,132.50,0.00,0.50,0.00,0,1.00,1,97.55,0,1,0,org.apache.lucene.index.Analyzer,0.00,2,1,1,0,2,0,0,0,27,1
"org.apache.lucene.queryparser.flexible.standard.TestQPHelper$QPTestParser$SimpleCJKTokenizer",2,1.00,1.50,10,0.10,1712.34,3,1,51,6,1,121.74,0,15,0,2,121.74,0.00,0.50,0.50,0,2.00,2,297.37,0,0,1,org.apache.lucene.search.Tokenizer,0.00,4,1,3,0,4,2,0,0,70,1
"org.apache.lucene.analysis.path.PathHierarchyTokenizer",9,0.17,2.44,101,1.09,96801.62,23,14,6,21,6,150.20,17,133,2,4,100.20,0.00,0.75,0.22,0,20.00,14,3257.63,2,0,4,org.apache.lucene.analysis.Tokenizer,0.31,12,3,22,0,12,9,0,2,629,1
"org.apache.lucene.analysis.path.ReversePathHierarchyTokenizer",11,0.15,1.64,84,1.05,50628.03,27,16,8,28,6,160.52,19,108,2,4,110.52,0.00,0.75,0.20,0,30.00,8,3153.62,2,0,4,org.apache.lucene.analysis.Tokenizer,0.29,17,3,18,0,17,11,0,2,616,1
"org.apache.lucene.analysis.path.TestPathHierarchyTokenizer",15,0.00,1.00,124,1.44,31308.18,15,0,5,21,5,111.17,0,155,0,3,111.17,0.00,0.67,0.00,0,15.00,1,4333.60,1,0,5,org.apache.lucene.analysis.BaseTokenStreamTestCase,0.00,6,2,15,0,6,15,0,0,900,1
"org.apache.lucene.analysis.path.TestReversePathHierarchyTokenizer",12,0.00,1.00,97,1.07,23637.71,12,0,2,15,2,111.37,0,122,0,3,111.37,0.00,0.67,0.00,0,12.00,1,3220.73,1,0,2,org.apache.lucene.analysis.BaseTokenStreamTestCase,0.00,3,2,12,0,3,12,0,0,684,1
"org.apache.lucene.spatial.tier.CartesianPolyFilterBuilder",4,0.07,3.50,76,1.06,84513.93,9,5,9,24,9,44.83,45,87,1,1,88.95,0.00,0.00,0.25,1,6.00,8,3184.67,0,1,8,java.lang.Object,0.00,20,0,14,0,20,3,0,37,580,1
"org.apache.lucene.spatial.tier.CartesianShapeFilter",2,0.00,3.00,29,0.43,24278.35,4,2,11,15,10,96.07,8,33,1,2,95.83,0.00,0.50,0.50,0,2.00,5,1280.12,0,1,9,org.apache.lucene.search.Filter,0.00,13,1,6,0,13,1,0,4,228,1
"org.apache.lucene.spatial.tier.CartesianShapeFilter$DocIdSet",2,0.00,1.00,5,0.04,534.33,2,0,11,3,1,140.66,0,9,0,1,140.66,0.00,0.00,0.00,0,2.00,1,132.11,0,1,1,java.lang.Object,0.00,1,0,2,0,1,1,0,0,36,0
"org.apache.lucene.spatial.tier.DistanceCheck",2,0.00,1.50,17,0.19,6975.63,2,0,2,6,1,159.32,3,18,0,1,109.32,0.00,0.00,0.00,0,2.00,2,572.47,0,1,1,java.lang.Object,0.00,4,0,3,0,4,1,0,1,118,1
"org.apache.lucene.spatial.tier.DistanceFieldComparatorSource",3,0.00,1.33,14,0.12,2098.68,5,2,5,5,5,176.07,5,21,1,2,126.07,0.00,0.50,0.50,0,1.00,2,362.11,0,1,4,org.apache.lucene.search.FieldComparatorSource,0.00,2,1,4,0,2,2,0,1,91,1
"org.apache.lucene.spatial.tier.DistanceFieldComparatorSource$DistanceScoreDocLookupComparator",8,0.05,1.50,31,0.31,7546.39,11,3,5,8,1,129.68,2,50,0,2,129.68,0.00,0.50,0.38,0,0.00,3,928.55,0,2,1,org.apache.lucene.search.FieldComparator,0.62,0,1,12,0,0,6,0,2,219,1
"org.apache.lucene.spatial.tier.DistanceFilter",7,0.06,1.14,24,0.24,4477.63,13,6,5,11,5,131.31,32,33,4,2,131.08,2.00,0.25,0.12,0,15.00,2,725.16,0,2,1,org.apache.lucene.search.Filter,0.00,4,1,8,2,4,5,0,14,171,2
"org.apache.lucene.spatial.tier.DistanceHandler",5,0.08,2.80,41,0.52,18372.26,8,3,3,14,2,129.62,16,49,1,1,109.00,0.00,0.00,0.27,1,7.00,6,1571.48,0,1,1,java.lang.Object,0.00,9,0,14,0,9,4,0,8,326,1
"org.apache.lucene.spatial.tier.DistanceHandler$Precision",0,0.00,0.00,2,0.01,36.00,0,0,3,0,0,171.00,0,1,0,1,171.00,0.00,0.00,0.00,0,0.00,0,24.00,0,0,0,java.lang.Object,0.00,0,0,0,0,0,0,0,0,8,1
"org.apache.lucene.spatial.tier.DistanceQueryBuilder",10,0.11,1.40,50,0.50,12092.30,15,5,6,18,10,141.19,37,68,1,1,120.58,0.00,0.00,0.30,1,30.00,2,1493.05,0,5,9,java.lang.Object,0.00,8,0,14,0,8,5,0,7,335,1
"org.apache.lucene.spatial.tier.InvalidGeoException",1,0.00,1.00,3,0.02,106.02,1,0,0,1,10,119.38,5,5,10,2,137.25,0.00,0.50,0.00,0,1.00,1,45.51,0,0,0,java.lang.Exception,0.00,0,1,1,0,0,1,0,1,16,1
"org.apache.lucene.spatial.tier.LatLongDistanceFilter",4,0.13,1.75,33,0.46,17518.53,9,5,7,11,9,108.74,17,47,3,3,108.51,0.00,0.67,0.30,1,4.00,4,1388.97,0,1,6,org.apache.lucene.spatial.tier.DistanceFilter,0.25,7,2,7,0,7,3,0,4,301,1
"org.apache.lucene.spatial.tier.LatLongDistanceFilter$FilteredDocIdSet",1,0.00,3.00,17,0.21,7488.37,1,0,7,7,1,76.47,5,21,0,1,94.34,0.00,0.00,0.00,0,0.00,3,625.61,0,0,1,java.lang.Object,0.00,6,0,3,0,6,1,0,5,118,0
"org.apache.lucene.spatial.tier.Shape",5,0.12,1.00,13,0.10,1239.97,7,2,2,8,2,190.92,5,19,2,1,140.92,0.00,0.00,0.40,0,5.00,1,295.18,0,2,0,java.lang.Object,0.00,3,0,5,0,3,3,0,1,82,1
"org.apache.lucene.spatial.tier.TestCartesian",10,0.28,3.60,245,4.84,241248.56,19,9,28,56,25,34.71,94,252,0,2,84.71,0.00,0.50,0.37,3,0.00,8,14521.35,2,0,25,org.apache.lucene.util.LuceneTestCase,0.00,46,1,36,0,46,10,0,69,2252,1
"org.apache.lucene.spatial.tier.TestDistance",5,0.25,1.20,53,0.77,15219.25,11,6,14,26,12,74.00,33,60,0,2,106.22,0.00,0.50,0.37,2,1.00,2,2295.46,2,0,12,org.apache.lucene.util.LuceneTestCase,0.00,21,1,6,0,21,5,0,19,435,1
"org.apache.lucene.store.instantiated.FieldSetting",4,0.08,1.50,19,0.18,3946.59,12,8,0,7,5,125.11,19,27,5,1,124.87,0.00,0.00,0.06,0,4.00,3,527.78,0,0,0,java.lang.Object,0.00,3,0,6,1,3,4,0,2,129,0
"org.apache.lucene.store.instantiated.FieldSettings",5,0.25,3.00,35,0.36,13542.72,6,1,3,12,2,112.43,20,51,1,1,112.19,0.00,0.00,0.80,0,0.00,10,1069.88,0,1,1,java.lang.Object,0.00,7,0,15,0,7,4,0,3,236,0
"org.apache.lucene.store.instantiated.InstantiatedDocsAndPositionsEnum",8,0.29,1.75,48,0.53,17830.32,14,6,3,16,7,115.48,0,69,2,4,115.48,0.00,0.75,0.42,2,0.00,5,1575.42,0,2,5,org.apache.lucene.index.DocsAndPositionsEnum,1.33,8,3,14,0,8,6,0,0,338,1
"org.apache.lucene.store.instantiated.InstantiatedDocsEnum",5,0.38,2.20,36,0.39,15113.73,9,4,2,11,6,111.89,0,51,2,3,111.89,0.00,0.67,0.55,2,0.00,5,1178.94,0,1,4,org.apache.lucene.index.DocsEnum,0.92,6,2,11,0,6,4,0,0,250,1
"org.apache.lucene.store.instantiated.InstantiatedDocument",8,0.19,1.00,20,0.15,1804.70,11,3,3,10,7,191.24,13,30,6,1,141.24,0.00,0.00,0.17,0,28.00,1,459.45,0,4,2,java.lang.Object,0.00,2,0,8,0,2,4,0,7,127,1
"org.apache.lucene.store.instantiated.InstantiatedIndex",21,0.03,2.90,202,3.59,460674.17,28,7,25,96,28,140.86,44,244,6,1,100.97,0.00,0.00,0.12,4,163.00,40,10782.94,0,8,24,java.lang.Object,0.00,75,0,61,0,75,13,1,16,1612,1
"org.apache.lucene.store.instantiated.InstantiatedIndexReader",27,0.12,2.37,159,2.48,132869.97,31,4,19,73,20,155.54,67,231,4,2,115.65,0.00,0.50,0.14,2,214.00,12,7432.26,0,9,17,org.apache.lucene.index.IndexReader,0.26,46,1,64,0,46,18,0,17,1461,1
"org.apache.lucene.store.instantiated.InstantiatedIndexReader$Bits",2,0.00,1.00,5,0.06,1477.41,2,0,19,4,0,137.18,0,8,0,1,137.18,0.00,0.00,0.00,0,2.00,1,190.32,0,0,0,java.lang.Object,0.00,2,0,2,0,2,2,0,0,51,0
"org.apache.lucene.store.instantiated.InstantiatedIndexReader$Fields",2,0.00,2.50,19,0.27,17286.11,2,0,19,11,4,154.19,3,26,0,1,104.19,0.00,0.00,0.00,0,2.00,4,810.38,0,2,4,java.lang.Object,0.00,9,0,5,0,9,0,0,3,154,0
"org.apache.lucene.store.instantiated.InstantiatedIndexReader$Fields$FieldsEnum",2,1.00,1.50,13,0.11,3403.77,4,2,19,5,2,116.44,0,18,0,1,116.44,0.00,0.00,1.00,0,0.00,2,342.94,0,2,2,java.lang.Object,0.00,3,0,3,0,3,0,0,0,81,0
"org.apache.lucene.store.instantiated.InstantiatedIndexReader$Fields$Terms",5,0.00,1.00,11,0.09,1230.76,5,0,19,7,3,140.94,2,21,0,1,140.94,0.00,0.00,0.00,0,5.00,1,263.50,0,2,3,java.lang.Object,0.00,2,0,5,0,2,3,0,2,74,0
"org.apache.lucene.store.instantiated.InstantiatedIndexReader$NormUpdate",1,2.00,1.00,6,0.04,518.92,3,2,19,1,0,120.59,0,9,0,1,120.59,0.00,0.00,0.00,0,1.00,1,121.53,0,0,0,java.lang.Object,0.00,0,0,1,0,0,1,0,0,35,2
"org.apache.lucene.store.instantiated.InstantiatedIndexWriter",22,0.03,3.82,318,6.42,952433.20,31,9,31,171,22,59.21,139,368,3,1,91.43,0.00,0.00,0.09,4,174.00,34,19270.25,0,3,20,java.lang.Object,0.00,149,0,84,0,149,19,1,80,2827,1
"org.apache.lucene.store.instantiated.InstantiatedIndexWriter$Comparator<InstantiatedTermDocumentInformation>",1,0.00,1.00,3,0.04,626.40,1,0,31,4,1,131.18,0,4,0,1,131.18,0.00,0.00,0.00,0,1.00,1,123.26,0,0,1,java.lang.Object,0.00,3,0,1,0,3,1,0,0,35,0
"org.apache.lucene.store.instantiated.InstantiatedIndexWriter$FieldSetting",2,6.00,1.00,10,0.09,1192.24,8,6,31,2,1,123.07,0,13,0,2,123.07,0.00,0.50,0.00,0,2.00,1,274.84,0,0,1,org.apache.lucene.store.instantiated.FieldSetting,0.33,0,1,2,0,0,2,0,0,65,1
"org.apache.lucene.store.instantiated.InstantiatedIndexWriter$TermDocumentInformationFactory",0,0.00,0.00,4,0.07,2126.66,3,3,31,1,1,171.00,0,5,0,1,171.00,0.00,0.00,0.00,0,0.00,0,212.67,0,0,1,java.lang.Object,0.00,1,0,0,0,1,0,0,0,51,1
"org.apache.lucene.store.instantiated.InstantiatedTerm",18,0.13,1.67,81,0.86,94381.84,22,4,2,26,11,119.37,82,103,10,1,119.13,0.00,0.00,0.12,3,130.00,10,2593.78,0,4,2,java.lang.Object,0.00,8,0,30,0,8,14,0,30,571,1
"org.apache.lucene.store.instantiated.InstantiatedTerm$Comparator<InstantiatedTerm>",1,0.00,1.00,3,0.03,432.92,1,0,2,3,1,132.44,0,4,0,1,132.44,0.00,0.00,0.00,0,1.00,1,101.06,0,0,1,java.lang.Object,0.00,2,0,1,0,2,1,0,0,29,0
"org.apache.lucene.store.instantiated.InstantiatedTerm$Comparator<Object>",1,0.00,1.00,3,0.04,424.19,1,0,2,3,2,132.51,0,4,0,1,132.51,0.00,0.00,0.00,0,1.00,1,113.42,0,0,2,java.lang.Object,0.00,2,0,1,0,2,1,0,0,31,0
"org.apache.lucene.store.instantiated.InstantiatedTermDocumentInformation",10,0.11,1.00,35,0.29,6264.47,15,5,2,12,13,131.41,44,46,12,1,131.18,0.00,0.00,0.10,0,50.00,1,855.24,0,2,3,java.lang.Object,0.00,2,0,10,0,2,8,0,14,214,1
"org.apache.lucene.store.instantiated.InstantiatedTermDocumentInformation$Comparator",1,0.00,1.00,5,0.05,859.46,1,0,2,4,1,121.82,0,6,0,1,121.82,0.00,0.00,0.00,0,1.00,1,160.93,0,0,1,java.lang.Object,0.00,3,0,1,0,3,1,0,0,40,0
"org.apache.lucene.store.instantiated.InstantiatedTermDocumentInformation$Comparator<InstantiatedTermDocumentInformation>",1,0.00,1.00,3,0.04,626.40,1,0,2,4,1,131.18,0,4,0,1,131.18,0.00,0.00,0.00,0,1.00,1,123.26,0,0,1,java.lang.Object,0.00,3,0,1,0,3,1,0,0,35,0
"org.apache.lucene.store.instantiated.InstantiatedTermDocumentInformation$Comparator<InstantiatedTermDocumentInformation>_0",1,0.00,1.00,3,0.04,568.83,1,0,2,4,1,131.51,0,4,0,1,131.51,0.00,0.00,0.00,0,1.00,1,126.26,0,0,1,java.lang.Object,0.00,3,0,1,0,3,1,0,0,35,0
"org.apache.lucene.store.instantiated.InstantiatedTermFreqVector",9,0.09,1.89,52,0.57,20642.62,13,4,4,22,5,138.93,28,60,1,1,118.32,0.00,0.00,0.33,0,9.00,4,1699.30,0,4,4,java.lang.Object,0.00,13,0,17,1,13,5,1,8,366,1
"org.apache.lucene.store.instantiated.InstantiatedTermPositionVector",3,0.00,1.00,7,0.07,845.96,3,0,2,6,5,190.48,5,13,1,2,140.48,0.00,0.50,0.00,0,3.00,1,207.64,1,1,4,org.apache.lucene.store.instantiated.InstantiatedTermFreqVector,0.00,3,1,3,0,3,2,1,1,59,1
"org.apache.lucene.store.instantiated.InstantiatedTermsEnum",14,0.25,1.57,73,0.88,26701.49,19,5,11,31,13,118.99,1,108,2,2,118.99,0.00,0.50,0.43,1,0.00,3,2645.82,0,7,11,org.apache.lucene.index.TermsEnum,0.55,17,1,22,0,17,7,0,1,567,1
"org.apache.lucene.store.instantiated.TestEmptyIndex",5,0.00,1.20,40,0.44,8967.94,5,0,13,24,12,111.65,2,47,0,2,111.65,0.00,0.50,0.00,2,5.00,2,1331.38,0,0,12,org.apache.lucene.util.LuceneTestCase,0.00,19,1,6,0,19,5,0,2,284,1
"org.apache.lucene.store.instantiated.TestIndicesEquals",8,0.00,6.88,317,6.13,742426.10,8,0,32,102,27,54.22,46,345,0,2,72.09,0.00,0.50,0.00,5,8.00,32,18397.45,0,2,27,org.apache.lucene.util.LuceneTestCase,0.00,94,1,55,0,94,6,0,38,2835,1
"org.apache.lucene.store.instantiated.TestIndicesEquals$Comparator<TermFreqVector>",1,0.00,1.00,3,0.03,432.92,1,0,32,3,1,132.44,0,4,0,1,132.44,0.00,0.00,0.00,0,1.00,1,101.06,0,0,1,java.lang.Object,0.00,2,0,1,0,2,1,0,0,29,0
"org.apache.lucene.store.instantiated.TestIndicesEquals$Comparator<TermFreqVector>_0",1,0.00,1.00,3,0.03,432.92,1,0,32,3,1,132.44,0,4,0,1,132.44,0.00,0.00,0.00,0,1.00,1,101.06,0,0,1,java.lang.Object,0.00,2,0,1,0,2,1,0,0,29,0
"org.apache.lucene.store.instantiated.TestIndicesEquals$TokenStream",2,0.50,1.50,11,0.12,2208.14,4,2,32,7,3,120.87,0,16,0,1,120.87,0.00,0.00,0.75,0,0.00,2,374.34,0,0,3,java.lang.Object,0.00,5,0,3,0,5,2,0,0,86,0
"org.apache.lucene.store.instantiated.TestRealTime",1,0.00,1.00,23,0.29,8030.57,1,0,8,15,9,57.23,6,25,0,2,89.46,0.00,0.50,0.00,0,1.00,1,875.39,0,0,9,org.apache.lucene.util.LuceneTestCase,0.00,14,1,1,0,14,1,0,1,173,1
"org.apache.lucene.store.instantiated.TestRealTime$Collector",4,1.00,1.00,8,0.08,907.54,5,1,8,4,2,141.22,0,13,0,2,141.22,0.00,0.50,0.25,0,6.00,1,236.47,0,0,2,org.apache.lucene.search.Collector,0.50,0,1,4,0,0,4,0,0,66,2
"org.apache.lucene.store.instantiated.TestUnoptimizedReaderOnConstructor",2,0.00,1.50,27,0.36,11227.94,2,0,10,19,8,139.72,4,32,0,2,99.83,0.00,0.50,0.00,1,2.00,2,1079.37,0,0,8,org.apache.lucene.util.LuceneTestCase,0.00,17,1,3,0,17,2,0,2,206,1
"org.apache.lucene.analysis.pattern.PatternReplaceCharFilter",11,0.05,2.82,98,1.23,74306.73,22,11,6,31,4,146.80,28,126,2,5,106.92,0.00,0.80,0.14,3,68.00,7,3693.45,2,2,2,org.apache.lucene.analysis.charfilter.BaseCharFilter,0.21,20,4,31,0,20,9,0,7,734,1
"org.apache.lucene.analysis.pattern.PatternReplaceFilter",2,0.60,3.00,19,0.25,5625.36,7,5,6,10,5,70.43,24,27,2,4,107.99,0.00,0.75,0.50,0,0.00,4,736.35,0,0,3,org.apache.lucene.analysis.TokenFilter,0.29,8,3,6,0,8,2,0,3,155,2
"org.apache.lucene.analysis.pattern.PatternTokenizer",5,0.31,2.60,57,0.74,46102.16,13,8,7,17,5,58.42,36,72,2,4,100.71,0.00,0.75,0.38,1,0.00,8,2211.50,2,0,3,org.apache.lucene.analysis.Tokenizer,0.36,12,3,13,0,12,5,0,10,440,2
"org.apache.lucene.analysis.pattern.TestPatternReplaceCharFilter",10,0.00,1.00,66,1.25,23941.27,10,0,8,15,6,135.98,34,94,0,3,115.36,0.00,0.67,0.00,1,10.00,1,3761.41,1,1,6,org.apache.lucene.analysis.BaseTokenStreamTestCase,0.00,5,2,10,0,5,9,0,32,695,1
"org.apache.lucene.analysis.pattern.TestPatternReplaceFilter",5,0.00,1.00,21,0.40,6548.97,5,0,5,9,4,123.99,2,47,0,3,123.99,0.00,0.67,0.00,0,5.00,1,1195.36,1,0,4,org.apache.lucene.analysis.BaseTokenStreamTestCase,0.00,4,2,5,0,4,5,0,1,246,1
"org.apache.lucene.analysis.pattern.TestPatternTokenizer",3,0.00,2.00,37,0.70,25100.18,3,0,12,24,8,57.40,21,56,0,3,99.70,0.00,0.67,0.00,1,3.00,3,2088.98,1,1,8,org.apache.lucene.analysis.BaseTokenStreamTestCase,0.00,21,2,6,0,21,2,0,11,377,1
"org.apache.lucene.analysis.id.IndonesianAnalyzer",5,0.50,1.80,21,0.28,6647.49,7,2,13,15,11,73.81,46,31,1,3,123.81,0.00,0.67,0.10,0,8.00,3,832.81,0,2,10,org.apache.lucene.analysis.util.StopwordAnalyzerBase,0.00,10,2,9,0,10,3,0,8,186,2
"org.apache.lucene.analysis.id.IndonesianAnalyzer$DefaultSetHolder",0,0.00,0.00,6,0.05,853.95,1,1,13,0,1,171.00,2,10,0,1,171.00,0.00,0.00,0.00,0,0.00,0,164.39,0,0,1,java.lang.Object,0.00,0,0,0,0,0,0,0,2,40,2
"org.apache.lucene.analysis.id.IndonesianStemFilter",3,0.12,1.67,18,0.20,4286.50,7,4,5,10,9,117.25,12,26,4,4,117.01,0.00,0.75,0.33,0,4.00,3,593.46,0,0,5,org.apache.lucene.analysis.TokenFilter,0.27,7,3,5,0,7,3,0,3,133,2
"org.apache.lucene.analysis.id.IndonesianStemmer",8,0.27,5.75,142,1.80,131467.05,17,9,1,11,1,131.39,17,202,1,1,91.50,0.00,0.00,0.35,1,0.00,15,5407.45,0,0,0,java.lang.Object,0.00,3,0,46,0,3,8,0,5,1065,1
"org.apache.lucene.analysis.id.TestIndonesianAnalyzer",4,0.00,1.00,16,0.17,3041.77,4,0,5,8,3,175.85,7,22,0,3,125.85,0.00,0.67,0.00,0,4.00,1,524.56,3,0,3,org.apache.lucene.analysis.BaseTokenStreamTestCase,0.00,4,2,4,0,4,4,0,6,121,1
"org.apache.lucene.analysis.id.TestIndonesianStemmer",4,0.00,1.00,75,0.82,13975.62,4,0,6,6,4,136.16,8,82,0,3,96.27,0.00,0.67,0.00,0,4.00,1,2474.19,2,0,4,org.apache.lucene.analysis.BaseTokenStreamTestCase,0.00,2,2,4,0,2,4,0,6,449,1
"org.apache.lucene.analysis.id.TestIndonesianStemmer$Analyzer",1,0.00,1.00,4,0.05,753.46,1,0,6,4,3,125.89,0,6,0,1,125.89,0.00,0.00,0.00,0,1.00,1,135.44,0,1,3,java.lang.Object,0.00,3,0,1,0,3,0,0,0,34,0
"org.apache.lucene.analysis.id.TestIndonesianStemmer$Analyzer_0",1,0.00,1.00,4,0.05,771.22,1,0,6,4,3,125.81,0,6,0,1,125.81,0.00,0.00,0.00,0,1.00,1,141.98,0,1,3,java.lang.Object,0.00,3,0,1,0,3,0,0,0,35,0
"org.apache.lucene.facet.example.multiCL.MultiCLIndexer",4,0.00,2.25,71,1.17,47012.03,10,6,21,30,19,92.39,67,94,2,1,92.86,0.00,0.00,0.17,1,6.00,5,3501.85,0,0,17,java.lang.Object,0.00,26,0,9,0,26,4,0,30,648,1
"org.apache.lucene.facet.example.multiCL.MultiCLMain",2,0.00,1.00,14,0.16,3770.78,2,0,6,10,9,93.54,28,18,2,1,113.68,0.00,0.00,0.00,0,2.00,1,469.95,0,1,7,java.lang.Object,0.00,8,0,2,0,8,1,0,5,100,1
"org.apache.lucene.facet.example.multiCL.MultiCLSearcher",2,0.00,1.50,25,0.43,17595.97,2,0,19,19,21,147.42,54,35,3,1,99.59,0.00,0.00,0.00,1,2.00,2,1302.62,0,2,18,java.lang.Object,0.00,17,0,3,0,17,0,0,23,231,1
"org.apache.lucene.index.memory.MemoryIndex",13,0.03,3.31,159,2.42,167545.47,18,5,45,66,36,137.40,278,193,2,1,98.10,0.00,0.00,0.17,3,36.00,14,7250.63,0,4,34,java.lang.Object,0.00,53,0,43,0,53,9,0,54,1292,1
"org.apache.lucene.index.memory.MemoryIndex$ArrayIntList",10,0.17,1.80,53,0.59,24503.24,12,2,45,17,0,118.10,4,60,0,1,118.10,0.00,0.00,0.65,4,0.00,4,1765.44,0,1,0,java.lang.Object,0.00,7,0,18,0,7,9,0,4,385,3
"org.apache.lucene.index.memory.MemoryIndex$Collector",4,1.00,1.00,9,0.08,1124.03,5,1,45,5,1,140.49,0,16,0,1,140.49,0.00,0.00,0.25,0,6.00,1,254.77,0,0,1,java.lang.Object,0.00,1,0,4,0,1,4,0,0,69,0
"org.apache.lucene.index.memory.MemoryIndex$Comparator<Object>",1,0.00,12.00,6,0.14,7177.07,1,0,45,3,0,111.04,0,8,0,1,111.04,0.00,0.00,0.00,0,1.00,12,433.33,0,0,0,java.lang.Object,0.00,2,0,12,0,2,1,0,0,94,0
"org.apache.lucene.index.memory.MemoryIndex$Info",6,0.03,1.33,28,0.29,6617.64,13,7,45,10,1,145.13,19,35,0,1,124.52,0.00,0.00,0.17,0,18.00,2,874.52,0,0,1,java.lang.Object,0.00,4,0,8,0,4,6,0,9,195,3
"org.apache.lucene.index.memory.MemoryIndex$MemoryIndexReader",25,0.17,2.24,125,1.85,78847.41,30,5,45,58,13,117.19,13,177,0,2,117.19,0.00,0.50,0.04,3,115.00,6,5557.29,0,10,13,org.apache.lucene.index.IndexReader,0.18,33,1,56,0,33,15,0,13,1104,2
"org.apache.lucene.index.memory.MemoryIndex$MemoryIndexReader$Fields",2,0.00,1.50,11,0.09,1949.40,2,0,45,7,2,121.30,0,16,0,1,121.30,0.00,0.00,0.00,0,2.00,2,272.88,0,2,2,java.lang.Object,0.00,5,0,3,0,5,0,0,0,62,0
"org.apache.lucene.index.memory.MemoryIndex$MemoryIndexReader$Fields$FieldsEnum",2,0.00,1.50,9,0.08,1561.81,3,1,45,3,1,125.67,0,14,0,1,125.67,0.00,0.00,1.00,0,0.00,2,243.30,0,2,1,java.lang.Object,0.00,1,0,3,0,1,0,0,0,61,0
"org.apache.lucene.index.memory.MemoryIndex$MemoryIndexReader$Fields$Terms",6,0.00,1.17,13,0.13,2083.32,6,0,45,9,1,139.73,1,25,0,1,139.73,0.00,0.00,0.00,0,6.00,2,392.67,0,2,1,java.lang.Object,0.00,3,0,7,0,3,4,0,1,104,0
"org.apache.lucene.index.memory.MemoryIndex$MemoryIndexReader$MemoryDocsAndPositionsEnum",8,0.04,1.12,29,0.22,3526.06,12,4,45,11,2,132.35,0,47,0,4,132.35,0.00,0.75,0.22,1,20.00,2,662.50,0,2,2,org.apache.lucene.index.DocsAndPositionsEnum,1.33,3,3,9,0,3,6,0,0,170,1
"org.apache.lucene.index.memory.MemoryIndex$MemoryIndexReader$MemoryDocsEnum",5,0.08,1.20,21,0.16,2839.60,8,3,45,7,2,126.81,0,32,0,3,126.81,0.00,0.67,0.27,1,10.00,2,483.20,0,1,2,org.apache.lucene.index.DocsEnum,0.92,2,2,6,0,2,4,0,0,123,1
"org.apache.lucene.index.memory.MemoryIndex$MemoryIndexReader$MemoryTermsEnum",14,0.15,1.43,61,0.72,20449.46,17,3,45,26,6,123.54,1,95,0,2,123.54,0.00,0.50,0.48,1,0.00,3,2164.11,0,7,6,org.apache.lucene.index.TermsEnum,0.55,12,1,20,0,12,7,0,1,479,1
"org.apache.lucene.index.memory.MemoryIndex$MemoryIndexReader$TermPositionVector",8,0.29,1.75,48,0.56,27248.67,9,1,45,15,1,114.03,3,49,0,1,114.03,0.00,0.00,0.75,0,0.00,3,1665.39,0,3,1,java.lang.Object,0.00,7,0,14,0,7,5,0,3,361,0
"org.apache.lucene.index.memory.MemoryIndex$MemoryIndexReader$VM",11,0.04,1.00,33,0.47,12536.60,22,11,45,13,1,179.13,14,45,0,1,129.13,0.00,0.00,0.12,2,8.00,1,1419.81,0,0,1,java.lang.Object,0.00,2,0,11,0,2,11,0,11,329,3
"org.apache.lucene.index.memory.MemoryIndex$TokenStream",1,0.00,3.00,15,0.22,6014.99,5,4,45,12,2,147.12,1,18,0,1,97.12,0.00,0.00,1.00,0,0.00,3,653.98,0,0,2,java.lang.Object,0.00,11,0,3,0,11,1,0,1,129,0
"org.apache.lucene.index.memory.MemoryIndexTest",7,0.28,2.00,77,1.13,39446.53,10,3,21,44,16,102.69,32,87,0,3,102.46,0.00,0.67,0.10,4,17.00,3,3388.03,1,3,16,org.apache.lucene.analysis.BaseTokenStreamTestCase,0.00,37,2,14,0,37,4,0,12,631,1
"org.apache.lucene.spatial.geometry.CartesianPoint",7,0.08,1.71,28,0.27,6933.17,9,2,0,9,2,174.83,12,44,2,1,124.83,0.00,0.00,0.57,0,0.00,6,809.00,0,2,0,java.lang.Object,0.00,2,0,12,0,2,5,0,2,199,1
"org.apache.lucene.spatial.geometry.DistanceUnits",6,0.10,1.67,26,0.24,5584.61,10,4,0,11,7,92.82,40,37,7,1,125.05,0.00,0.00,0.17,0,22.00,3,725.98,0,2,0,java.lang.Object,0.00,5,0,10,0,5,4,0,7,175,1
"org.apache.lucene.spatial.geometry.FixedLatLng",19,0.02,1.58,66,0.72,22147.06,24,5,0,25,3,128.95,5,112,3,2,128.95,0.00,0.50,0.22,4,91.00,6,2162.24,0,5,2,org.apache.lucene.spatial.geometry.LatLng,0.58,6,1,30,0,6,14,0,1,510,1
"org.apache.lucene.spatial.geometry.FloatLatLng",15,0.07,1.73,59,0.73,26415.60,18,3,0,23,7,127.52,5,100,7,2,127.52,0.00,0.50,0.27,1,40.00,6,2186.35,0,4,2,org.apache.lucene.spatial.geometry.LatLng,0.65,8,1,26,0,8,11,0,1,496,1
"org.apache.lucene.spatial.geometry.LatLng",19,0.00,1.21,41,0.59,26319.68,19,0,0,31,9,174.87,53,62,7,1,134.99,0.00,0.00,0.00,3,19.00,5,1784.62,0,5,4,java.lang.Object,0.00,12,0,23,2,12,14,0,14,398,2
"org.apache.lucene.spatial.geometry.TestDistanceUnits",3,0.00,1.33,13,0.18,5760.14,3,0,2,8,1,104.75,15,22,0,2,122.62,0.00,0.50,0.00,0,3.00,2,551.81,0,0,1,org.apache.lucene.util.LuceneTestCase,0.00,5,1,4,0,5,3,0,5,134,1
"org.apache.lucene.index.codecs.sep.IntIndexInput",3,0.00,1.00,6,0.05,369.35,3,0,4,3,13,183.20,6,7,11,1,143.31,0.00,0.00,0.00,0,3.00,1,135.12,0,0,2,java.lang.Object,0.00,0,0,3,3,0,3,1,2,43,2
"org.apache.lucene.index.codecs.sep.IntIndexInput$Index",4,0.00,1.00,5,0.05,413.38,4,0,4,4,1,155.14,1,7,0,1,155.14,0.00,0.00,0.00,0,4.00,1,152.55,0,1,1,java.lang.Object,0.00,0,0,4,0,0,3,0,1,47,3
"org.apache.lucene.index.codecs.sep.IntIndexInput$Reader",2,1.00,2.00,16,0.13,6465.90,3,1,4,4,1,159.52,3,17,0,1,109.52,0.00,0.00,0.50,0,2.00,3,400.60,0,1,1,java.lang.Object,0.00,2,0,4,0,2,1,0,3,89,3
"org.apache.lucene.index.codecs.sep.IntIndexOutput",3,0.00,1.00,5,0.04,326.68,3,0,3,3,9,175.57,11,6,8,1,154.96,0.00,0.00,0.00,0,3.00,1,122.43,0,1,1,java.lang.Object,0.00,0,0,3,3,0,2,1,3,39,2
"org.apache.lucene.index.codecs.sep.IntIndexOutput$Index",3,0.00,1.00,4,0.04,313.87,3,0,3,3,1,205.10,4,5,0,1,155.10,0.00,0.00,0.00,0,3.00,1,125.55,0,0,1,java.lang.Object,0.00,0,0,3,0,0,3,0,3,38,3
"org.apache.lucene.index.codecs.sep.IntStreamFactory",2,0.00,1.00,4,0.05,495.07,2,0,3,2,9,190.92,2,6,5,1,140.92,0.00,0.00,0.00,1,2.00,1,143.05,0,1,4,java.lang.Object,0.00,0,0,2,4,0,1,0,2,39,2
"org.apache.lucene.index.codecs.sep.SepDocValuesConsumer",4,1.00,1.75,23,0.44,19821.64,5,1,10,11,12,165.70,5,51,4,3,115.70,0.00,0.67,0.25,0,6.00,4,1326.13,1,1,8,org.apache.lucene.index.codecs.DocValuesWriterBase,0.21,7,2,7,0,7,3,0,2,245,1
"org.apache.lucene.index.codecs.sep.SepDocValuesProducer",3,0.50,1.33,8,0.12,2074.87,4,1,9,4,8,177.23,8,14,4,3,137.34,0.00,0.67,0.67,0,1.00,2,368.69,0,1,4,org.apache.lucene.index.codecs.DocValuesReaderBase,0.23,1,2,4,0,1,2,0,2,89,1
"org.apache.lucene.index.codecs.sep.SepPostingsReader",9,0.16,3.78,115,1.69,77234.44,17,8,19,35,24,139.35,25,165,5,2,99.46,0.00,0.50,0.26,1,14.00,8,5080.12,0,3,19,org.apache.lucene.index.codecs.PostingsReaderBase,0.25,26,1,34,0,26,6,0,21,979,1
"org.apache.lucene.index.codecs.sep.SepPostingsReader$SepDocsAndPositionsEnum",9,0.30,2.89,142,1.57,72189.98,35,26,19,31,8,96.38,36,185,0,4,96.14,0.00,0.75,0.30,1,0.00,6,4720.57,0,2,8,org.apache.lucene.index.DocsAndPositionsEnum,1.27,22,3,26,0,22,7,0,36,873,0
"org.apache.lucene.index.codecs.sep.SepPostingsReader$SepDocsEnum",7,0.40,3.29,101,1.09,41576.74,25,18,19,19,6,118.87,21,140,0,3,98.26,0.00,0.67,0.40,1,0.00,7,3279.74,0,1,6,org.apache.lucene.index.DocsEnum,1.00,12,2,23,0,12,6,0,21,622,0
"org.apache.lucene.index.codecs.sep.SepPostingsReader$SepTermState",3,0.50,2.67,37,0.39,17060.26,10,7,19,7,4,140.84,8,50,0,4,100.95,0.00,0.75,0.48,0,1.00,6,1175.35,2,2,4,org.apache.lucene.index.codecs.BlockTermState,0.80,4,3,8,0,4,1,0,8,252,3
"org.apache.lucene.index.codecs.sep.SepPostingsWriter",12,0.18,2.92,196,2.75,156123.19,45,33,17,50,20,93.67,49,247,5,3,93.44,0.00,0.67,0.20,0,12.00,9,8254.56,0,0,15,org.apache.lucene.index.codecs.PostingsWriterBase,0.68,38,2,35,0,38,12,0,37,1438,2
"org.apache.lucene.index.codecs.sep.SepPostingsWriter$PendingTerm",1,5.00,1.00,12,0.12,2782.76,6,5,17,1,0,103.62,0,14,0,1,103.62,0.00,0.00,0.00,0,1.00,1,367.59,0,0,0,java.lang.Object,0.00,0,0,1,0,0,1,0,0,91,2
"org.apache.lucene.index.codecs.sep.SepSkipListReader",11,0.25,2.82,104,1.15,56095.86,23,12,5,16,5,155.97,16,145,2,2,105.97,0.00,0.50,0.31,0,22.00,8,3464.58,3,3,3,org.apache.lucene.index.codecs.MultiLevelSkipListReader,0.18,5,1,31,0,5,8,0,9,689,0
"org.apache.lucene.index.codecs.sep.SepSkipListWriter",7,0.26,3.00,91,1.07,55045.13,21,14,5,14,4,66.30,43,111,1,2,98.52,0.00,0.50,0.30,0,5.00,6,3198.57,1,0,3,org.apache.lucene.index.codecs.MultiLevelSkipListWriter,0.00,7,1,21,0,7,7,0,36,620,0
"org.apache.solr.handler.extraction.ExtractingDocumentLoader",4,0.33,4.25,99,1.82,112705.45,16,12,35,58,17,36.04,34,125,2,2,84.14,0.00,0.50,0.33,2,4.00,14,5450.49,0,0,15,org.apache.solr.handler.ContentStreamLoader,0.00,54,1,17,0,54,4,0,16,826,1
"org.apache.solr.handler.extraction.ExtractingMetadataConstants",0,0.00,0.00,5,0.04,368.22,4,4,0,0,1,171.00,4,6,1,1,171.00,0.00,0.00,0.00,0,0.00,0,113.30,0,0,0,,0.00,0,0,0,0,0,0,0,1,29,1
"org.apache.solr.handler.extraction.ExtractingParams",0,0.00,0.00,15,0.23,3397.43,14,14,0,0,3,171.00,92,16,3,1,171.00,0.00,0.00,0.00,0,0.00,0,677.23,0,0,0,,0.00,0,0,0,0,0,0,0,15,130,1
"org.apache.solr.handler.extraction.ExtractingRequestHandler",9,0.00,2.00,47,0.68,27027.97,15,6,20,28,12,117.38,7,74,1,3,117.38,0.00,0.67,0.17,0,22.00,10,2048.38,1,7,11,org.apache.solr.handler.ContentStreamHandlerBase,0.52,19,2,18,0,19,2,1,3,391,1
"org.apache.solr.handler.extraction.ExtractingRequestHandlerTest",13,0.00,1.31,147,2.77,87438.02,13,0,18,36,13,141.83,38,317,0,3,101.95,0.00,0.67,0.00,1,0.00,3,8311.66,10,1,13,org.apache.solr.SolrTestCaseJ4,0.04,23,2,17,0,23,12,0,35,1444,1
"org.apache.solr.handler.extraction.SolrContentHandler",15,0.06,2.93,152,2.08,108079.87,29,14,14,62,9,85.20,81,184,2,2,103.07,0.00,0.50,0.13,7,104.00,14,6225.02,0,3,7,org.xml.sax.helpers.DefaultHandler,0.00,47,1,44,0,47,12,1,32,1158,1
"org.apache.solr.handler.extraction.SolrContentHandlerFactory",2,1.00,1.00,6,0.06,794.73,3,1,4,3,5,172.62,4,10,2,1,132.73,0.00,0.00,0.50,0,2.00,1,175.16,0,1,3,java.lang.Object,0.00,1,0,2,0,1,1,0,1,47,1
"org.apache.lucene.search.grouping.term.TermAllGroupHeadsCollector",4,0.20,2.25,32,0.40,13726.17,9,5,7,11,13,61.18,33,38,7,3,109.29,2.00,0.29,0.05,2,6.00,6,1208.60,0,2,6,org.apache.lucene.search.grouping.AbstractAllGroupHeadsCollector,0.00,7,2,9,4,7,2,0,6,249,2
"org.apache.lucene.search.grouping.term.TermAllGroupHeadsCollector$GeneralAllGroupHeadsCollector",5,0.08,2.80,46,0.58,19257.73,8,3,7,18,5,106.93,1,49,0,4,106.93,0.00,0.75,0.27,0,1.00,4,1753.99,0,1,5,org.apache.lucene.search.grouping.term.TermAllGroupHeadsCollector,0.47,13,3,14,0,13,4,0,1,354,1
"org.apache.lucene.search.grouping.term.TermAllGroupHeadsCollector$GeneralAllGroupHeadsCollector$GroupHead",3,0.50,1.67,22,0.28,9118.20,4,1,7,12,4,111.93,0,24,0,2,111.93,0.00,0.50,0.67,0,1.00,2,839.42,0,0,4,AbstractAllGroupHeadsCollector.GroupHead,0.00,9,1,5,0,9,3,0,0,173,0
"org.apache.lucene.search.grouping.term.TermAllGroupHeadsCollector$GeneralAllGroupHeadsCollector$OrdScoreAllGroupHeadsCollector",5,0.29,3.00,65,0.88,39900.21,11,6,7,22,7,98.47,2,69,0,4,98.47,0.00,0.75,0.40,0,0.00,7,2644.98,0,1,7,org.apache.lucene.search.grouping.term.TermAllGroupHeadsCollector,0.47,17,3,15,0,17,4,0,2,494,1
"org.apache.lucene.search.grouping.term.TermAllGroupHeadsCollector$GeneralAllGroupHeadsCollector$OrdScoreAllGroupHeadsCollector$GroupHead_0",3,1.00,3.67,42,0.57,24097.64,6,3,7,5,1,97.20,1,47,0,2,97.20,0.00,0.50,1.00,0,0.00,5,1724.52,0,0,1,AbstractAllGroupHeadsCollector.GroupHead,0.00,2,1,11,0,2,3,0,1,331,0
"org.apache.lucene.search.grouping.term.TermAllGroupHeadsCollector$GeneralAllGroupHeadsCollector$OrdScoreAllGroupHeadsCollector$OrdAllGroupHeadsCollector",5,0.35,2.60,59,0.79,32886.10,10,5,7,21,7,101.87,2,61,0,4,101.87,0.00,0.75,0.48,0,0.00,5,2364.23,0,1,7,org.apache.lucene.search.grouping.term.TermAllGroupHeadsCollector,0.47,16,3,13,0,16,4,0,2,449,1
"org.apache.lucene.search.grouping.term.TermAllGroupHeadsCollector$GeneralAllGroupHeadsCollector$OrdScoreAllGroupHeadsCollector$OrdAllGroupHeadsCollector$GroupHead_1",3,0.75,2.00,26,0.33,12316.94,5,2,7,5,1,108.70,1,27,0,2,108.70,0.00,0.50,1.00,0,0.00,2,1002.75,0,0,1,AbstractAllGroupHeadsCollector.GroupHead,0.00,2,1,6,0,2,3,0,1,213,0
"org.apache.lucene.search.grouping.term.TermAllGroupHeadsCollector$GeneralAllGroupHeadsCollector$OrdScoreAllGroupHeadsCollector$OrdAllGroupHeadsCollector$ScoreAllGroupHeadsCollector",5,0.20,2.20,48,0.61,21802.39,10,5,7,20,6,106.56,1,55,0,4,106.56,0.00,0.75,0.36,0,0.00,3,1824.89,0,1,6,org.apache.lucene.search.grouping.term.TermAllGroupHeadsCollector,0.47,15,3,11,0,15,4,0,1,359,1
"org.apache.lucene.search.grouping.term.TermAllGroupHeadsCollector$GeneralAllGroupHeadsCollector$OrdScoreAllGroupHeadsCollector$OrdAllGroupHeadsCollector$ScoreAllGroupHeadsCollector$GroupHead_2",3,0.00,2.33,26,0.26,8395.37,4,1,7,3,1,109.97,0,27,0,2,109.97,0.00,0.50,1.00,0,0.00,3,790.41,0,0,1,AbstractAllGroupHeadsCollector.GroupHead,0.00,0,1,7,0,0,3,0,0,169,0
"org.apache.lucene.search.grouping.term.TermAllGroupsCollector",5,0.25,1.80,29,0.36,8383.64,11,6,9,16,9,77.11,36,37,4,3,119.40,0.00,0.67,0.37,0,0.00,3,1072.33,0,1,5,org.apache.lucene.search.grouping.AbstractAllGroupsCollector,0.46,11,2,9,0,11,4,0,5,226,1
"org.apache.lucene.search.grouping.term.TermFirstPassGroupingCollector",4,0.00,1.75,21,0.24,6787.27,7,3,6,9,7,101.49,23,30,3,3,119.37,0.00,0.67,0.33,0,4.00,3,715.46,1,2,4,org.apache.lucene.search.grouping.AbstractFirstPassGroupingCollector,0.18,5,2,7,0,5,2,0,2,164,1
"org.apache.lucene.search.grouping.term.TermSecondPassGroupingCollector",3,0.50,2.33,25,0.42,12876.83,7,4,9,12,9,129.13,9,35,3,3,108.51,0.00,0.67,0.58,0,0.00,4,1261.74,1,1,6,org.apache.lucene.search.grouping.AbstractSecondPassGroupingCollector,0.21,9,2,7,0,9,2,0,3,242,1
"org.apache.solr.client.solrj.LargeVolumeTestBase",2,0.00,2.00,30,0.35,12017.18,4,2,8,15,9,97.45,9,31,3,4,97.21,1.00,0.43,0.50,1,2.00,3,1049.20,1,0,6,org.apache.solr.SolrJettyTestBase,0.00,13,3,4,3,13,2,0,6,206,2
"org.apache.solr.client.solrj.LargeVolumeTestBase$DocThread",2,0.50,3.50,36,0.49,34845.16,4,2,8,16,3,90.49,1,45,0,2,90.49,0.00,0.50,0.75,0,0.00,6,1477.36,0,0,3,java.lang.Thread,0.00,14,1,7,0,14,2,0,1,265,1
"org.apache.solr.client.solrj.MergeIndexesExampleTestBase",15,0.26,1.20,81,1.24,35437.36,18,3,10,48,12,168.32,17,109,0,4,118.32,0.33,0.60,0.09,5,37.00,4,3715.32,2,11,12,org.apache.solr.client.solrj.SolrExampleTestBase,0.53,33,3,18,1,33,4,0,12,734,2
"org.apache.solr.client.solrj.MultiCoreExampleTestBase",12,0.41,1.42,100,1.86,104320.75,14,2,12,58,14,156.21,18,120,2,4,106.21,0.67,0.50,0.12,5,28.00,4,5594.59,4,9,12,org.apache.solr.client.solrj.SolrExampleTestBase,0.56,46,3,17,2,46,3,0,15,914,2
"org.apache.solr.client.solrj.ResponseParser",4,0.00,1.00,6,0.05,372.72,4,0,3,4,10,195.38,9,10,9,1,155.49,0.00,0.00,0.00,0,4.00,1,137.28,0,4,1,java.lang.Object,0.00,0,0,4,3,0,0,0,3,43,2
"org.apache.solr.client.solrj.SolrExampleBinaryTest",2,0.00,1.50,14,0.16,4308.38,2,0,7,11,6,133.75,7,23,0,5,113.13,0.00,0.80,0.00,0,2.00,2,473.07,1,1,6,org.apache.solr.client.solrj.SolrExampleTests,0.06,9,4,3,0,9,1,0,4,100,1
"org.apache.solr.client.solrj.SolrExampleTestBase",6,0.00,1.00,14,0.12,1523.03,6,0,1,8,4,180.72,15,17,2,3,140.84,2.50,0.25,0.00,1,6.00,1,370.43,2,5,2,org.apache.solr.util.AbstractSolrTestCase,0.32,2,2,6,5,2,1,0,4,99,2
"org.apache.solr.client.solrj.SolrExampleTests",20,0.00,2.60,615,10.13,670954.11,20,0,35,158,34,30.04,191,668,4,4,80.04,1.33,0.38,0.00,2,20.00,8,30400.14,2,2,30,org.apache.solr.SolrJettyTestBase,0.00,138,3,52,4,138,18,0,176,4955,2
"org.apache.solr.client.solrj.SolrExampleTests$StreamingResponseCallback",2,0.00,1.00,7,0.08,1100.54,2,0,35,6,1,131.62,1,11,0,1,131.62,0.00,0.00,0.00,0,2.00,1,238.31,0,0,1,java.lang.Object,0.00,4,0,2,0,4,2,0,1,58,0
"org.apache.solr.client.solrj.SolrExceptionTest",1,0.00,2.00,11,0.13,2577.20,1,0,4,10,4,94.78,15,15,0,2,105.13,0.00,0.50,0.00,0,1.00,2,389.95,0,0,4,org.apache.lucene.util.LuceneTestCase,0.00,9,1,2,0,9,1,0,7,79,1
"org.apache.solr.client.solrj.SolrQuery",0,0.00,0.00,2,0.01,75.00,0,0,11,0,24,171.00,7,2,16,3,171.00,0.00,0.67,0.00,0,0.00,0,30.00,0,0,8,org.apache.solr.common.params.ModifiableSolrParams,0.00,0,2,0,0,0,0,0,1,10,1
"org.apache.solr.client.solrj.SolrQuery$ORDER",1,0.00,28.00,380,7.62,1737778.30,2,1,11,40,7,74.29,167,511,0,1,24.86,0.00,0.00,1.00,0,0.00,28,22847.09,0,1,7,java.lang.Object,0.00,39,0,28,0,39,0,0,35,2808,1
"org.apache.solr.client.solrj.SolrQueryTest",9,0.00,1.00,174,3.05,117209.20,9,0,7,112,3,140.90,14,184,0,2,90.90,0.00,0.50,0.00,0,9.00,1,9136.85,0,0,3,org.apache.lucene.util.LuceneTestCase,0.00,103,1,9,0,103,9,0,10,1613,1
"org.apache.solr.client.solrj.SolrRequest",12,0.18,1.00,28,0.20,2566.27,16,4,5,12,24,191.42,18,40,18,1,141.42,0.00,0.00,0.08,0,52.00,1,606.52,0,6,7,java.lang.Object,0.00,0,0,12,14,0,6,1,7,169,2
"org.apache.solr.client.solrj.SolrRequest$METHOD",0,0.00,0.00,2,0.01,39.30,0,0,5,0,0,171.00,0,4,0,1,171.00,0.00,0.00,0.00,0,0.00,0,19.65,0,0,0,java.lang.Object,0.00,0,0,0,0,0,0,1,0,7,1
"org.apache.solr.client.solrj.SolrResponse",3,0.00,1.00,4,0.03,279.90,3,0,2,3,7,205.49,5,6,6,1,155.49,0.00,0.00,0.00,0,3.00,1,101.74,0,1,1,java.lang.Object,0.00,0,0,3,9,0,2,1,1,33,2
"org.apache.solr.client.solrj.SolrServer",23,0.50,1.17,65,0.86,16089.62,25,2,17,44,46,105.11,159,91,35,1,137.33,0.00,0.00,0.02,6,44.00,3,2584.30,0,23,14,java.lang.Object,0.00,21,0,27,5,21,0,1,23,605,2
"org.apache.solr.client.solrj.SolrServerException",4,1.00,1.50,17,0.11,2473.96,5,1,0,5,29,176.47,5,24,29,2,126.47,0.00,0.50,0.00,0,4.00,3,334.25,0,1,0,java.lang.Exception,0.00,1,1,6,0,1,3,0,1,88,1
"org.apache.solr.client.solrj.StartSolrJetty",1,0.00,3.00,22,0.29,9493.76,1,0,4,19,0,51.79,12,30,0,1,89.35,0.00,0.00,0.00,0,1.00,3,857.41,0,0,0,java.lang.Object,0.00,18,0,3,0,18,1,0,10,149,1
"org.apache.solr.client.solrj.StreamingResponseCallback",2,0.00,1.00,3,0.03,166.11,2,0,1,2,6,138.01,11,4,5,1,155.89,0.00,0.00,0.00,0,2.00,1,77.12,0,0,1,java.lang.Object,0.00,0,0,2,0,0,2,0,3,25,2
"org.apache.solr.client.solrj.TestBatchUpdate",5,0.75,1.00,36,0.44,10106.94,6,1,12,20,8,163.44,9,47,0,4,113.44,0.00,0.75,0.40,1,7.00,1,1314.28,2,0,8,org.apache.solr.SolrJettyTestBase,0.00,15,3,5,0,15,5,0,4,276,1
"org.apache.solr.client.solrj.TestBatchUpdate$Bean",0,0.00,0.00,3,0.02,354.94,2,2,12,0,0,171.00,0,6,0,1,171.00,0.00,0.00,0.00,0,0.00,0,65.73,0,0,0,java.lang.Object,0.00,0,0,0,0,0,0,0,0,19,2
"org.apache.solr.client.solrj.TestBatchUpdate$Iterator<Bean>",3,0.00,1.00,9,0.07,1437.34,3,0,12,4,0,132.09,1,12,0,1,132.09,0.00,0.00,0.00,0,4.00,1,216.90,0,0,0,java.lang.Object,0.00,1,0,3,0,1,3,0,1,57,0
"org.apache.solr.client.solrj.TestBatchUpdate$Iterator<SolrInputDocument>",3,0.00,1.00,9,0.08,1569.95,3,0,12,5,1,131.79,1,12,0,1,131.79,0.00,0.00,0.00,0,4.00,1,228.01,0,1,1,java.lang.Object,0.00,2,0,3,0,2,2,0,1,59,0
"org.apache.solr.client.solrj.TestLBHttpSolrServer",7,0.08,2.71,121,1.81,77769.52,9,2,19,45,9,132.90,15,126,0,2,93.01,0.00,0.50,0.57,2,0.00,5,5418.17,2,0,9,org.apache.lucene.util.LuceneTestCase,0.00,38,1,19,0,38,7,0,10,973,1
"org.apache.solr.client.solrj.TestLBHttpSolrServer$SolrInstance",10,0.04,1.20,47,0.46,9087.86,16,6,19,24,3,125.20,2,62,0,1,125.20,0.00,0.00,0.20,2,38.00,2,1369.84,0,6,3,java.lang.Object,0.00,14,0,12,0,14,4,0,2,308,1
"org.apache.lucene.facet.search.params.association.AssociationFloatSumFacetRequest",5,0.00,1.00,12,0.12,2088.90,5,0,8,7,9,121.26,26,24,2,2,139.13,0.00,0.50,0.00,0,5.00,1,373.44,0,1,7,org.apache.lucene.facet.search.params.FacetRequest,0.14,2,1,5,0,2,4,0,3,95,1
"org.apache.lucene.facet.search.params.association.AssociationIntSumFacetRequest",5,0.00,1.00,12,0.12,2088.90,5,0,8,7,9,121.26,26,24,2,2,139.13,0.00,0.50,0.00,0,5.00,1,373.44,0,1,7,org.apache.lucene.facet.search.params.FacetRequest,0.14,2,1,5,0,2,4,0,3,95,1
"org.apache.lucene.analysis.hy.ArmenianAnalyzer",5,0.50,1.80,21,0.29,7141.30,7,2,16,16,13,75.46,42,31,1,3,123.56,0.00,0.67,0.10,0,8.00,3,866.52,0,2,12,org.apache.lucene.analysis.util.StopwordAnalyzerBase,0.00,11,2,9,0,11,3,0,8,192,2
"org.apache.lucene.analysis.hy.ArmenianAnalyzer$DefaultSetHolder",0,0.00,0.00,6,0.05,853.95,1,1,16,0,1,171.00,2,11,0,1,171.00,0.00,0.00,0.00,0,0.00,0,164.39,0,0,1,java.lang.Object,0.00,0,0,0,0,0,0,0,2,40,2
"org.apache.lucene.analysis.hy.TestArmenianAnalyzer",4,0.00,1.00,16,0.17,3088.17,4,0,5,8,3,175.80,7,22,0,3,125.80,0.00,0.67,0.00,0,4.00,1,522.25,3,0,3,org.apache.lucene.analysis.BaseTokenStreamTestCase,0.00,4,2,4,0,4,4,0,6,121,1
"org.apache.solr.util.AbstractSolrTestCase",32,0.05,1.88,154,1.97,60962.29,38,6,19,90,43,122.80,133,220,34,2,122.57,32.00,0.03,0.12,10,230.00,6,5909.49,2,14,9,org.apache.lucene.util.LuceneTestCase,0.00,58,1,60,32,58,18,0,34,1232,2
"org.apache.solr.util.AbstractSolrTestCase$Doc",1,0.00,1.00,4,0.02,212.03,2,1,19,1,0,130.22,0,5,0,1,130.22,0.00,0.00,1.00,0,0.00,1,66.54,0,1,0,java.lang.Object,0.00,0,0,1,0,0,0,0,0,21,2
"org.apache.solr.util.BCDUtils",12,0.27,5.00,206,2.97,376808.38,14,2,0,15,11,122.70,240,249,11,1,89.32,0.00,0.00,0.25,5,44.00,13,8896.33,0,4,0,java.lang.Object,0.00,3,0,60,0,3,8,0,136,1661,1
"org.apache.solr.util.Base100S",2,0.00,1.00,5,0.05,677.94,2,0,7,4,4,139.85,0,10,1,2,139.85,0.00,0.50,0.00,0,2.00,1,137.42,0,2,3,org.apache.solr.util.Converter,0.00,2,1,2,0,2,0,0,0,39,0
"org.apache.solr.util.Base10kS",2,0.00,1.00,5,0.05,677.94,2,0,7,4,4,139.85,0,10,1,2,139.85,0.00,0.50,0.00,0,2.00,1,137.42,0,2,3,org.apache.solr.util.Converter,0.00,2,1,2,0,2,0,0,0,39,0
"org.apache.solr.util.BitSetPerf",2,1.00,21.00,161,2.05,375377.28,3,1,4,24,2,39.91,11,139,0,1,57.78,0.00,0.00,0.50,1,2.00,40,6147.82,0,0,2,java.lang.Object,0.00,22,0,42,0,22,2,0,2,955,1
"org.apache.solr.util.BoundedTreeSet",9,0.88,1.44,30,0.26,4294.01,10,1,1,11,4,132.02,5,43,4,2,132.02,0.00,0.50,0.22,2,19.00,2,776.79,2,0,0,java.util.TreeSet,0.00,2,1,13,0,2,9,0,1,197,1
"org.apache.solr.util.ConcurrentLRUCache",16,0.09,4.06,233,3.40,454644.87,30,14,13,61,4,60.63,106,284,3,1,92.85,0.00,0.00,0.15,3,50.00,22,10198.71,1,3,1,java.lang.Object,0.00,45,0,65,0,45,13,0,78,1776,1
"org.apache.solr.util.ConcurrentLRUCache$CacheEntry<K,V>",6,0.05,1.33,20,0.23,5058.63,10,4,13,8,0,130.10,0,30,0,1,130.10,0.00,0.00,0.21,0,6.00,3,687.17,0,1,0,java.lang.Object,0.00,2,0,8,0,2,5,1,0,170,2
"org.apache.solr.util.ConcurrentLRUCache$CleanupThread",4,0.00,2.25,22,0.18,3708.09,6,2,13,9,1,121.38,0,34,0,2,121.38,0.00,0.50,0.50,0,2.00,6,533.05,0,0,1,org.apache.solr.util.Thread,0.00,5,1,9,0,5,4,0,0,126,2
"org.apache.solr.util.ConcurrentLRUCache$EvictionListener<K,V>",1,0.00,1.00,2,0.02,128.38,1,0,13,1,0,143.17,0,3,0,1,143.17,0.00,0.00,0.00,0,1.00,1,57.06,0,0,0,,0.00,0,0,1,0,0,1,0,0,18,2
"org.apache.solr.util.ConcurrentLRUCache$PQueue",4,0.17,1.50,22,0.28,9080.65,6,2,13,6,1,118.41,2,31,0,2,118.41,0.00,0.50,0.62,0,0.00,3,829.44,3,0,1,org.apache.lucene.util.PriorityQueue,0.00,2,1,6,0,2,4,0,2,185,2
"org.apache.solr.util.ConcurrentLRUCache$Stats",8,0.24,1.00,25,0.31,5865.72,14,6,13,15,0,130.64,0,37,0,1,130.64,0.00,0.00,0.38,0,4.00,1,940.72,0,0,0,java.lang.Object,0.00,7,0,8,0,7,8,0,0,236,2
"org.apache.solr.util.ConcurrentLRUCache$Thread",1,0.00,1.00,3,0.01,120.97,1,0,13,2,0,136.80,0,5,0,1,136.80,0.00,0.00,0.00,0,1.00,1,42.87,0,0,0,java.lang.Object,0.00,1,0,1,0,1,1,0,0,15,0
"org.apache.solr.util.Converter",2,0.00,1.00,3,0.01,84.38,2,0,7,2,11,158.20,0,4,9,1,158.20,0.00,0.00,0.00,0,2.00,1,44.19,0,2,2,java.lang.Object,0.00,0,0,2,8,0,0,0,0,18,1
"org.apache.solr.util.DOMUtilTestBase",4,0.17,1.00,13,0.17,2663.68,6,2,10,12,1,130.97,0,19,1,2,130.97,2.00,0.25,0.38,2,6.00,1,507.07,1,3,0,org.apache.lucene.util.LuceneTestCase,0.00,8,1,4,2,8,1,0,0,122,2
"org.apache.solr.util.DateMathParser",7,0.07,3.29,98,1.56,113115.47,12,5,9,28,9,74.69,99,145,8,1,94.83,0.00,0.00,0.26,3,25.00,12,4666.75,0,3,1,java.lang.Object,0.00,21,0,23,0,21,4,0,21,842,1
"org.apache.solr.util.DateMathParserTest",14,0.15,1.43,159,2.23,58332.64,17,3,11,39,1,153.57,22,185,0,2,103.57,0.00,0.50,0.48,6,0.00,4,6694.55,0,3,1,org.apache.lucene.util.LuceneTestCase,0.00,25,1,20,0,25,11,0,14,1204,1
"org.apache.solr.util.ExternalPaths",1,6.00,4.00,18,0.28,9974.47,7,6,2,10,16,44.26,8,24,15,1,92.37,0.00,0.00,0.00,0,1.00,4,853.95,0,1,1,java.lang.Object,0.00,9,0,4,0,9,0,0,4,173,1
"org.apache.solr.util.FindClasses",5,0.38,4.20,67,1.08,63608.32,7,2,14,41,2,117.41,17,89,2,1,96.80,0.00,0.00,0.20,0,11.00,9,3239.52,0,3,0,java.lang.Object,0.00,36,0,21,0,36,2,0,5,575,0
"org.apache.solr.util.Float2Float",2,0.00,1.00,5,0.06,896.91,2,0,7,4,4,138.89,0,10,1,2,138.89,0.00,0.50,0.00,0,2.00,1,171.52,0,2,3,org.apache.solr.util.Converter,0.00,2,1,2,0,2,0,0,0,47,0
"org.apache.solr.util.Int2Int",2,0.00,1.00,5,0.06,896.91,2,0,7,4,4,138.89,0,10,1,2,138.89,0.00,0.50,0.00,0,2.00,1,171.52,0,2,3,org.apache.solr.util.Converter,0.00,2,1,2,0,2,0,0,0,47,0
"org.apache.solr.util.LongPriorityQueue",17,0.19,1.82,109,0.91,36120.99,22,5,1,20,3,97.76,91,142,3,1,115.63,0.00,0.00,0.38,6,0.00,4,2742.36,0,0,0,java.lang.Object,0.00,3,0,31,0,3,17,0,39,634,1
"org.apache.solr.util.NumberUtils",25,0.00,1.28,94,1.26,44665.32,25,0,2,44,23,177.54,28,121,22,1,127.54,0.00,0.00,0.00,8,25.00,4,3767.61,0,15,1,java.lang.Object,0.00,19,0,32,0,19,10,0,26,862,1
"org.apache.solr.util.PrimUtils",2,0.00,12.00,71,1.16,347549.34,2,0,0,4,2,34.01,24,85,2,1,71.57,0.00,0.00,0.00,1,2.00,18,3469.11,0,0,0,java.lang.Object,0.00,2,0,24,0,2,2,0,6,617,1
"org.apache.solr.util.PrimUtils$IntComparator",3,0.00,1.00,6,0.06,667.98,3,0,0,3,0,141.28,0,9,0,1,141.28,0.00,0.00,0.00,1,3.00,1,171.32,0,0,0,java.lang.Object,0.00,0,0,3,0,0,3,0,0,50,3
"org.apache.solr.util.PrimUtilsTest",2,0.00,6.00,64,0.76,73166.95,2,0,2,13,2,78.51,1,54,0,2,78.51,0.00,0.50,0.00,0,2.00,7,2279.81,0,0,2,org.apache.lucene.util.LuceneTestCase,0.00,11,1,12,0,11,2,0,1,417,1
"org.apache.solr.util.PrimUtilsTest$PrimUtils.IntComparator",1,0.00,1.00,3,0.03,457.63,1,0,2,1,0,182.25,1,5,0,1,132.25,0.00,0.00,0.00,0,1.00,1,76.45,0,0,0,java.lang.Object,0.00,0,0,1,0,0,1,0,1,23,0
"org.apache.solr.util.RefCounted",6,0.20,1.17,16,0.12,1748.70,8,2,1,10,20,190.33,11,23,20,1,140.33,0.00,0.00,0.33,1,10.00,2,347.87,0,2,0,java.lang.Object,0.00,4,0,7,0,4,4,0,1,96,2
"org.apache.solr.util.SimplePostTool",15,0.00,3.47,150,2.29,105842.25,27,12,13,58,1,142.99,39,224,1,1,103.11,0.00,0.00,0.08,8,51.00,14,6863.78,0,2,0,java.lang.Object,0.00,43,0,52,0,43,13,0,12,1230,1
"org.apache.solr.util.SolrPluginUtils",20,0.13,3.85,225,3.60,192975.35,26,6,32,108,56,51.99,200,291,24,1,100.47,0.00,0.00,0.04,6,74.00,9,10808.30,0,14,34,java.lang.Object,0.00,88,0,77,1,88,6,0,37,2010,1
"org.apache.solr.util.SolrPluginUtils$DisjunctionMaxQueryParser",8,0.86,4.00,98,1.66,90095.40,9,1,32,66,21,48.52,75,141,0,4,98.52,0.00,0.75,0.25,1,16.00,8,4991.64,2,5,21,org.apache.solr.search.SolrQueryParser,0.00,58,3,32,0,58,3,0,14,900,2
"org.apache.solr.util.SolrPluginUtils$DisjunctionMaxQueryParser$Alias",0,0.00,0.00,3,0.02,296.92,2,2,32,0,0,171.00,0,4,0,1,171.00,0.00,0.00,0.00,0,0.00,0,74.23,0,0,0,java.lang.Object,0.00,0,0,0,0,0,0,0,0,19,2
"org.apache.solr.util.SolrPluginUtils$DisjunctionMaxQueryParser$IdentityRegenerator",1,0.00,1.00,4,0.05,614.64,1,0,32,2,3,126.58,0,11,0,1,126.58,0.00,0.00,0.00,0,1.00,1,136.34,0,0,3,java.lang.Object,0.00,1,0,1,0,1,1,1,0,34,2
"org.apache.solr.util.SolrPluginUtilsTest",13,0.00,1.15,203,3.65,227369.45,13,0,26,64,17,143.69,20,266,0,3,93.69,0.00,0.67,0.00,0,31.00,2,10957.71,3,3,17,org.apache.solr.SolrTestCaseJ4,0.00,51,2,15,0,51,10,0,18,1851,1
"org.apache.solr.util.SortDouble",2,0.00,1.00,5,0.05,677.94,2,0,7,4,4,139.85,0,10,1,2,139.85,0.00,0.50,0.00,0,2.00,1,137.42,0,2,3,org.apache.solr.util.Converter,0.00,2,1,2,0,2,0,0,0,39,0
"org.apache.solr.util.SortFloat",2,0.00,1.00,5,0.05,677.94,2,0,7,4,4,139.85,0,10,1,2,139.85,0.00,0.50,0.00,0,2.00,1,137.42,0,2,3,org.apache.solr.util.Converter,0.00,2,1,2,0,2,0,0,0,39,0
"org.apache.solr.util.SortInt",2,0.00,1.00,5,0.05,677.94,2,0,7,4,4,139.85,0,10,1,2,139.85,0.00,0.50,0.00,0,2.00,1,137.42,0,2,3,org.apache.solr.util.Converter,0.00,2,1,2,0,2,0,0,0,39,0
"org.apache.solr.util.SortLong",2,0.00,1.00,5,0.05,677.94,2,0,7,4,4,139.85,0,10,1,2,139.85,0.00,0.50,0.00,0,2.00,1,137.42,0,2,3,org.apache.solr.util.Converter,0.00,2,1,2,0,2,0,0,0,39,0
"org.apache.solr.util.SuggestMissingFactories",1,0.00,3.00,22,0.41,23366.17,1,0,14,13,1,68.40,5,34,0,1,86.27,0.00,0.00,0.00,0,1.00,3,1241.59,0,0,1,java.lang.Object,0.00,12,0,3,0,12,1,0,1,212,1
"org.apache.solr.util.TestHarness",31,0.12,2.00,176,2.09,70886.11,36,5,35,81,26,100.44,157,262,7,1,118.31,0.00,0.00,0.08,8,224.00,6,6255.18,0,21,19,java.lang.Object,0.00,50,0,62,0,50,10,0,33,1322,1
"org.apache.solr.util.TestHarness$Initializer",3,0.25,1.33,21,0.22,5189.11,7,4,35,13,6,113.91,0,30,0,2,113.91,0.00,0.50,0.42,0,1.00,2,658.96,0,2,6,CoreContainer.Initializer,0.00,10,1,4,0,10,1,0,0,150,1
"org.apache.solr.util.TestHarness$Initializer$SolrResourceLoader",0,0.00,0.00,5,0.05,533.28,0,0,35,1,0,171.00,0,7,0,1,171.00,0.00,0.00,0.00,0,0.00,0,144.43,0,0,0,java.lang.Object,0.00,1,0,0,0,1,0,0,0,34,0
"org.apache.solr.util.TestHarness$LocalRequestFactory",2,0.50,2.50,18,0.29,17603.19,6,4,35,8,3,54.13,18,22,0,1,104.13,0.00,0.00,0.50,0,2.00,4,862.48,0,1,3,java.lang.Object,0.00,6,0,5,0,6,1,0,1,168,1
"org.apache.solr.util.TestNumberUtils",7,0.07,3.71,104,1.58,80612.96,12,5,7,29,11,116.58,25,107,0,2,95.96,0.00,0.50,0.26,5,3.00,9,4737.49,0,1,11,org.apache.lucene.util.LuceneTestCase,0.00,22,1,26,0,22,6,0,25,891,1
"org.apache.solr.util.TestUtils",3,0.00,1.67,79,1.30,74056.57,3,0,8,36,3,133.51,5,87,0,2,83.51,0.00,0.50,0.00,0,3.00,3,3885.58,0,0,3,org.apache.lucene.util.LuceneTestCase,0.00,33,1,5,0,33,3,0,3,698,1
"org.apache.solr.util.VersionedFile",2,1.00,5.50,41,0.52,41365.93,3,1,11,16,2,39.99,16,51,2,1,88.09,0.00,0.00,0.50,1,2.00,7,1567.26,0,1,0,java.lang.Object,0.00,14,0,11,0,14,1,0,9,285,1
"org.apache.solr.util.VersionedFile$FilenameFilter",1,0.00,1.00,3,0.02,217.60,1,0,11,2,0,134.79,0,4,0,1,134.79,0.00,0.00,0.00,0,1.00,1,68.92,0,0,0,java.lang.Object,0.00,1,0,1,0,1,1,0,0,20,0
"org.apache.lucene.analysis.stempel.StempelFilter",3,0.20,2.00,20,0.24,5510.14,8,5,5,9,7,66.11,27,28,2,4,116.11,0.00,0.75,0.33,0,5.00,4,708.94,0,0,5,org.apache.lucene.analysis.TokenFilter,0.27,6,3,6,0,6,3,0,6,155,2
"org.apache.lucene.analysis.stempel.StempelStemmer",4,0.33,1.75,24,0.29,8406.16,6,2,7,18,6,73.39,30,36,3,1,115.68,0.00,0.00,0.25,1,6.00,3,877.89,0,1,3,java.lang.Object,0.00,14,0,7,0,14,3,0,5,188,1
"org.apache.lucene.queryparser.complexPhrase.ComplexPhraseQueryParser",9,0.04,2.00,57,0.68,19203.31,12,3,21,20,17,97.72,51,92,1,3,115.60,0.00,0.67,0.37,1,0.00,3,2030.47,8,7,16,org.apache.lucene.queryparser.classic.QueryParser,0.00,11,2,18,0,11,2,0,28,432,1
"org.apache.lucene.queryparser.complexPhrase.ComplexPhraseQueryParser$ComplexPhraseQuery",7,0.25,5.14,113,1.72,131624.55,11,4,21,32,13,92.28,29,157,0,2,92.05,0.00,0.50,0.46,1,0.00,12,5159.18,0,2,13,org.apache.lucene.search.Query,0.12,25,1,36,0,25,5,0,29,911,1
"org.apache.lucene.queryparser.complexPhrase.TestComplexPhraseQuery",5,0.30,2.00,66,0.86,27047.42,10,5,13,32,12,120.51,18,76,0,2,99.89,0.00,0.50,0.44,2,0.00,4,2581.14,2,0,12,org.apache.lucene.util.LuceneTestCase,0.00,27,1,10,0,27,5,0,18,480,1
"org.apache.lucene.queryparser.complexPhrase.TestComplexPhraseQuery$DocData",1,2.00,1.00,7,0.04,592.22,3,2,13,1,0,117.64,0,9,0,1,117.64,0.00,0.00,0.00,0,1.00,1,121.45,0,0,0,java.lang.Object,0.00,0,0,1,0,0,1,0,0,36,1
"org.apache.lucene.analysis.hu.HungarianAnalyzer",5,0.50,1.80,21,0.29,7141.30,7,2,17,16,15,75.46,42,31,2,3,123.56,0.00,0.67,0.10,0,8.00,3,866.52,0,2,13,org.apache.lucene.analysis.util.StopwordAnalyzerBase,0.00,11,2,9,0,11,3,0,8,192,2
"org.apache.lucene.analysis.hu.HungarianAnalyzer$DefaultSetHolder",0,0.00,0.00,6,0.05,843.89,1,1,17,0,2,171.00,2,11,0,1,171.00,0.00,0.00,0.00,0,0.00,0,162.56,0,0,2,java.lang.Object,0.00,0,0,0,0,0,0,0,2,40,2
"org.apache.lucene.analysis.hu.HungarianLightStemFilter",2,0.33,2.00,14,0.16,3794.18,5,3,6,9,8,113.74,9,20,2,4,113.50,0.00,0.75,0.50,0,2.00,3,481.98,0,0,6,org.apache.lucene.analysis.TokenFilter,0.29,7,3,4,0,7,2,0,1,107,2
"org.apache.lucene.analysis.hu.HungarianLightStemmer",6,0.00,7.33,65,1.75,137495.05,6,0,1,7,1,148.90,8,155,1,1,98.90,0.00,0.00,0.00,2,6.00,18,5261.27,0,0,0,java.lang.Object,0.00,1,0,44,0,1,6,0,2,935,1
"org.apache.lucene.analysis.hu.TestHungarianAnalyzer",4,0.00,1.00,16,0.17,3088.17,4,0,5,8,3,175.80,7,22,0,3,125.80,0.00,0.67,0.00,0,4.00,1,522.25,3,0,3,org.apache.lucene.analysis.BaseTokenStreamTestCase,0.00,4,2,4,0,4,4,0,6,121,1
"org.apache.lucene.analysis.hu.TestHungarianLightStemFilter",1,0.00,1.00,5,0.04,471.81,1,0,7,3,4,124.11,4,8,0,3,123.87,0.00,0.67,0.00,0,1.00,1,114.71,0,0,4,org.apache.lucene.analysis.BaseTokenStreamTestCase,0.00,2,2,1,0,2,1,0,2,31,1
"org.apache.lucene.analysis.hu.TestHungarianLightStemFilter$Analyzer",1,0.00,1.00,4,0.05,1009.20,1,0,7,4,3,124.89,0,7,0,1,124.89,0.00,0.00,0.00,0,1.00,1,159.62,0,1,3,java.lang.Object,0.00,3,0,1,0,3,0,0,0,38,0
"org.apache.lucene.search.AssertingIndexSearcher",5,0.00,1.00,12,0.09,1161.93,5,0,6,6,5,191.14,6,19,0,2,141.14,0.00,0.50,0.00,0,5.00,1,261.96,1,0,5,org.apache.lucene.search.IndexSearcher,0.05,1,1,5,0,1,5,0,2,76,1
"org.apache.lucene.search.AssertingIndexSearcher$Weight",6,0.00,1.00,13,0.15,2398.47,6,0,6,11,4,139.28,0,26,0,1,139.28,0.00,0.00,0.00,0,6.00,1,447.04,0,0,4,java.lang.Object,0.00,5,0,6,0,5,6,0,0,116,0
"org.apache.lucene.search.AutomatonQuery",5,0.17,3.60,45,0.60,25145.02,8,3,9,21,17,73.74,31,65,8,3,105.96,1.00,0.40,0.47,0,5.00,10,1793.11,3,2,9,org.apache.lucene.search.MultiTermQuery,0.11,16,2,18,2,16,3,0,7,377,1
"org.apache.lucene.search.BaseTestRangeFilter",5,0.11,3.20,91,1.29,69605.43,14,9,15,35,11,111.89,15,103,3,2,91.28,3.00,0.20,0.20,1,7.00,9,3869.33,0,2,8,org.apache.lucene.util.LuceneTestCase,0.00,30,1,16,3,30,3,0,8,689,1
"org.apache.lucene.search.BaseTestRangeFilter$TestIndex",1,3.00,2.00,12,0.10,1914.19,5,4,15,2,1,104.74,0,14,0,1,104.74,0.00,0.00,0.25,0,0.00,2,292.42,0,0,1,java.lang.Object,0.00,1,0,2,0,1,1,0,0,69,1
"org.apache.lucene.search.BooleanClause",10,0.11,1.30,27,0.28,6503.93,12,2,0,13,62,177.44,24,43,61,1,137.56,0.00,0.00,0.40,1,10.00,3,829.67,0,3,1,java.lang.Object,0.00,3,0,13,0,3,7,0,7,210,1
"org.apache.lucene.search.BooleanClause$Occur",3,0.00,1.00,10,0.05,506.19,3,0,0,3,0,156.28,10,5,0,1,135.66,0.00,0.00,0.00,0,3.00,1,147.66,0,3,0,java.lang.Object,0.00,0,0,3,0,0,0,0,3,45,2
"org.apache.lucene.search.BooleanQuery",19,0.07,2.21,103,1.38,77086.02,23,4,13,49,141,98.46,96,142,132,2,116.33,0.00,0.50,0.18,5,114.00,11,4143.97,2,7,10,org.apache.lucene.search.Query,0.14,30,1,42,0,30,12,1,36,836,1
"org.apache.lucene.search.BooleanQuery$BooleanWeight",9,0.05,4.67,145,2.19,165738.20,14,5,13,52,14,132.03,18,182,0,2,92.14,0.00,0.50,0.24,1,11.00,13,6570.54,0,2,14,org.apache.lucene.search.Weight,0.53,43,1,42,0,43,7,0,18,1115,1
"org.apache.lucene.search.BooleanQuery$TooManyClauses",1,0.00,1.00,3,0.02,128.38,1,0,13,1,0,136.60,0,5,0,2,136.60,0.00,0.50,0.00,0,0.00,1,51.35,0,0,0,java.lang.RuntimeException,0.00,0,1,1,0,0,1,0,0,17,2
"org.apache.lucene.search.BooleanScorer",9,0.02,3.00,100,1.31,88661.71,17,8,7,30,6,82.58,51,121,4,3,100.45,0.00,0.67,0.14,1,19.00,9,3920.97,0,2,2,org.apache.lucene.search.Scorer,0.79,21,2,27,0,21,7,0,20,727,1
"org.apache.lucene.search.BooleanScorer$BooleanScorerCollector",5,0.17,1.20,27,0.29,13004.55,8,3,7,6,2,157.88,11,38,0,2,117.99,0.00,0.50,0.20,0,8.00,2,881.52,0,0,2,org.apache.lucene.search.Collector,0.44,1,1,6,0,1,5,0,11,192,3
"org.apache.lucene.search.BooleanScorer$Bucket",0,0.00,0.00,6,0.04,541.33,5,5,7,0,0,171.00,8,7,0,1,171.00,0.00,0.00,0.00,0,0.00,0,116.00,0,0,0,java.lang.Object,0.00,0,0,0,0,0,0,0,8,29,2
"org.apache.lucene.search.BooleanScorer$BucketScorer",6,0.20,1.00,16,0.11,1491.25,9,3,7,6,2,140.91,0,16,0,3,140.91,0.00,0.67,0.17,0,22.00,1,340.49,0,0,2,org.apache.lucene.search.Scorer,0.94,0,2,6,0,0,6,0,0,96,3
"org.apache.lucene.search.BooleanScorer$BucketTable",3,0.12,1.33,15,0.12,2695.47,7,4,7,5,1,171.60,3,15,0,1,121.60,0.00,0.00,0.17,0,5.00,2,373.73,0,1,1,java.lang.Object,0.00,2,0,4,0,2,2,0,3,92,2
"org.apache.lucene.search.BooleanScorer$SubScorer",1,4.00,2.00,12,0.11,2670.02,5,4,7,2,2,103.84,4,17,0,1,103.60,0.00,0.00,0.00,0,1.00,2,321.36,0,0,2,java.lang.Object,0.00,1,0,2,0,1,1,0,4,75,2
"org.apache.lucene.search.BooleanScorer2",16,0.07,2.06,85,1.22,43512.39,23,7,8,39,8,138.33,61,145,1,3,117.71,0.00,0.67,0.21,3,94.00,5,3671.04,0,1,7,org.apache.lucene.search.Scorer,0.69,23,2,33,0,23,15,0,27,772,0
"org.apache.lucene.search.BooleanScorer2$ConjunctionScorer",1,0.00,3.00,11,0.14,3604.29,3,2,8,2,0,71.67,6,14,0,1,103.89,0.00,0.00,1.00,0,0.00,3,420.66,1,0,0,java.lang.Object,0.00,1,0,3,0,1,1,0,6,90,0
"org.apache.lucene.search.BooleanScorer2$Coordinator",1,1.00,3.00,11,0.12,2915.20,4,3,8,2,0,125.23,3,11,0,1,104.62,0.00,0.00,0.67,0,0.00,3,368.76,0,0,0,java.lang.Object,0.00,1,0,3,0,1,1,0,3,79,1
"org.apache.lucene.search.BooleanScorer2$DisjunctionSumScorer",1,0.00,3.00,11,0.11,3174.77,3,2,8,2,0,144.21,2,14,0,1,104.33,0.00,0.00,1.00,0,0.00,3,334.14,1,0,0,java.lang.Object,0.00,1,0,3,0,1,1,0,2,74,0
"org.apache.lucene.search.BooleanScorer2$SingleMatchScorer",5,0.08,1.40,21,0.19,4166.86,8,3,8,9,1,125.46,2,33,0,3,125.46,0.00,0.67,0.40,1,0.00,3,573.81,0,0,1,org.apache.lucene.search.Scorer,0.80,4,2,7,0,4,5,0,2,141,1
"org.apache.lucene.search.BoostAttribute",2,0.00,1.00,3,0.02,77.91,2,0,3,2,12,126.25,12,4,9,2,158.47,0.00,0.50,0.00,0,2.00,1,46.77,0,0,3,,0.00,0,1,2,0,0,2,0,4,18,1
"org.apache.lucene.search.BoostAttributeImpl",4,0.33,1.00,10,0.08,950.90,5,1,1,5,2,141.06,3,17,0,2,141.06,0.00,0.50,0.75,0,0.00,1,245.34,0,0,2,org.apache.lucene.util.AttributeImpl,0.22,1,1,4,0,1,4,1,1,68,2
"org.apache.lucene.search.CachingCollector",10,0.08,1.70,57,0.74,22173.24,22,12,5,21,8,70.35,82,77,6,2,118.46,2.00,0.25,0.16,2,38.00,4,2226.47,0,3,2,org.apache.lucene.search.Collector,0.14,11,1,17,2,11,7,0,16,463,2
"org.apache.lucene.search.CachingCollector$CachedScorer",6,0.40,1.00,15,0.11,1512.70,8,2,5,7,1,140.86,4,15,0,3,140.86,0.00,0.67,0.17,0,14.00,1,326.33,0,0,1,org.apache.lucene.search.Scorer,0.94,1,2,6,0,1,6,0,4,93,3
"org.apache.lucene.search.CachingCollector$Collector",4,0.00,1.00,6,0.06,512.27,4,0,5,4,1,154.40,0,11,0,1,154.40,0.00,0.00,0.00,0,4.00,1,169.08,0,0,1,java.lang.Object,0.00,0,0,4,0,0,4,0,0,51,0
"org.apache.lucene.search.CachingCollector$NoScoreCachingCollector",6,0.00,2.50,51,0.51,30063.00,6,0,5,10,3,107.97,5,69,0,3,107.97,0.00,0.67,0.00,0,10.00,6,1523.80,2,1,3,org.apache.lucene.search.CachingCollector,0.15,4,2,15,0,4,5,0,5,309,3
"org.apache.lucene.search.CachingCollector$ScoreCachingCollector",6,0.40,2.50,78,0.86,55598.24,10,4,5,15,3,98.00,5,96,0,3,98.00,0.00,0.67,0.58,0,0.00,6,2581.06,2,1,3,org.apache.lucene.search.CachingCollector,0.00,9,2,15,0,9,5,0,5,500,3
"org.apache.lucene.search.CachingCollector$SegStart",1,2.00,1.00,6,0.04,607.65,3,2,5,1,0,120.05,0,8,0,1,120.05,0.00,0.00,0.00,0,1.00,1,132.64,0,0,0,java.lang.Object,0.00,0,0,1,0,0,1,0,0,37,2
"org.apache.lucene.search.CachingSpanFilter",8,0.04,1.62,35,0.41,11442.17,12,4,4,18,7,163.47,17,51,2,3,123.58,0.00,0.67,0.22,2,8.00,3,1244.88,0,3,5,org.apache.lucene.search.SpanFilter,0.00,10,2,13,0,10,5,0,5,279,1
"org.apache.lucene.search.CachingSpanFilter$CachingWrapperFilter.FilterCache<SpanFilterResult>",1,0.00,1.00,3,0.04,499.66,1,0,4,2,2,131.95,0,5,0,1,131.95,0.00,0.00,0.00,0,1.00,1,113.22,0,1,2,java.lang.Object,0.00,1,0,1,0,1,0,0,0,30,0
"org.apache.lucene.search.CachingWrapperFilter",7,0.04,2.00,44,0.48,16258.56,11,4,7,20,15,65.31,64,59,9,2,115.31,1.00,0.33,0.29,1,4.00,4,1437.39,0,3,6,org.apache.lucene.search.Filter,0.00,13,1,14,1,13,4,0,14,310,1
"org.apache.lucene.search.CachingWrapperFilter$DeletesMode",0,0.00,0.00,2,0.01,71.32,0,0,7,0,0,171.00,0,1,0,1,171.00,0.00,0.00,0.00,0,0.00,0,28.53,0,0,0,java.lang.Object,0.00,0,0,0,0,0,0,0,0,9,2
"org.apache.lucene.search.CachingWrapperFilter$FilterCache",4,0.00,3.00,32,0.37,20234.77,6,2,7,8,2,147.78,10,42,0,1,107.89,0.00,0.00,0.50,0,4.00,7,1101.25,0,0,2,java.lang.Object,0.00,4,0,12,0,4,4,0,8,232,2
"org.apache.lucene.search.CachingWrapperFilter$FilterCache<DocIdSet>",1,0.00,1.00,3,0.03,336.30,1,0,7,2,3,133.30,0,5,0,1,133.30,0.00,0.00,0.00,0,1.00,1,83.21,0,1,3,java.lang.Object,0.00,1,0,1,0,1,0,0,0,24,0
"org.apache.lucene.search.CachingWrapperFilter$FilterCache<DocIdSet>$FilteredDocIdSet",1,0.00,1.00,3,0.03,308.68,1,0,7,2,0,133.60,0,5,0,1,133.60,0.00,0.00,0.00,0,1.00,1,76.33,0,0,0,java.lang.Object,0.00,1,0,1,0,1,1,0,0,22,0
"org.apache.lucene.search.CachingWrapperFilterHelper",6,1.00,1.33,21,0.22,5367.69,7,1,3,8,3,179.89,6,33,0,3,129.89,0.00,0.67,0.17,2,14.00,2,648.81,1,1,3,org.apache.lucene.search.CachingWrapperFilter,0.43,2,2,8,0,2,5,0,2,154,1
"org.apache.lucene.search.CheckHits",12,0.45,3.83,179,3.18,239156.38,14,2,9,54,24,44.08,109,236,16,1,94.08,0.00,0.00,0.08,4,22.00,15,9527.36,0,2,9,java.lang.Object,0.00,42,0,46,0,42,10,0,23,1656,1
"org.apache.lucene.search.CheckHits$ExplanationAsserter",6,0.03,1.17,29,0.37,8747.87,12,6,9,15,5,123.59,1,45,0,2,123.59,0.00,0.50,0.19,0,10.00,2,1103.86,0,0,5,org.apache.lucene.search.Collector,0.60,9,1,7,0,9,6,0,1,238,2
"org.apache.lucene.search.CheckHits$ExplanationAssertingSearcher",7,0.00,1.00,19,0.23,3478.19,7,0,9,8,9,138.54,0,37,0,2,138.54,0.00,0.50,0.00,1,7.00,1,683.58,1,0,9,org.apache.lucene.search.IndexSearcher,0.00,1,1,7,0,1,7,0,0,168,2
"org.apache.lucene.search.CheckHits$SetCollector",5,0.25,1.00,12,0.13,1734.76,7,2,9,7,2,139.77,0,21,0,2,139.77,0.00,0.50,0.30,0,7.00,1,377.86,0,0,2,org.apache.lucene.search.Collector,0.67,2,1,5,0,2,5,0,0,98,2
"org.apache.lucene.search.Collector",4,0.00,1.00,5,0.04,303.38,4,0,3,4,72,163.46,141,6,72,1,156.20,0.00,0.00,0.00,0,4.00,1,126.78,0,0,1,java.lang.Object,0.00,0,0,4,41,0,4,0,5,41,2
"org.apache.lucene.search.ComplexExplanation",6,1.00,1.50,17,0.18,3030.30,7,1,0,8,21,106.17,37,25,20,2,138.39,0.00,0.50,0.17,2,10.00,3,525.10,3,2,1,org.apache.lucene.search.Explanation,0.21,2,1,9,0,2,4,0,7,131,1
"org.apache.lucene.search.ConjunctionScorer",7,0.11,2.57,62,0.72,36886.88,10,3,4,15,4,128.40,25,73,1,3,107.79,0.00,0.67,0.43,1,0.00,5,2145.81,0,0,3,org.apache.lucene.search.Scorer,0.71,8,2,18,0,8,7,0,25,441,0
"org.apache.lucene.search.ConjunctionScorer$Comparator<Scorer>",1,0.00,1.00,3,0.03,480.85,1,0,4,2,1,182.08,1,4,0,1,132.08,0.00,0.00,0.00,0,1.00,1,93.66,0,0,1,java.lang.Object,0.00,1,0,1,0,1,1,0,1,27,0
"org.apache.lucene.search.ConjunctionTermScorer",6,0.20,1.83,43,0.46,20497.33,10,4,5,12,5,161.51,7,56,1,3,111.51,0.00,0.67,0.42,0,0.00,5,1392.70,0,0,4,org.apache.lucene.search.Scorer,0.75,6,2,11,0,6,6,0,7,302,1
"org.apache.lucene.search.ConjunctionTermScorer$Comparator<DocsAndFreqs>",1,0.00,1.00,3,0.03,437.67,1,0,5,1,0,132.40,0,4,0,1,132.40,0.00,0.00,0.00,0,1.00,1,86.26,0,0,0,java.lang.Object,0.00,0,0,1,0,0,1,0,0,25,0
"org.apache.lucene.search.ConjunctionTermScorer$DocsAndFreqs",1,4.00,1.00,9,0.07,919.56,5,4,5,1,1,112.07,0,11,0,1,112.07,0.00,0.00,0.00,0,1.00,1,207.91,0,0,1,java.lang.Object,0.00,0,0,1,0,0,1,0,0,54,2
"org.apache.lucene.search.ConstantScoreAutoRewrite",9,0.03,1.89,56,0.78,33776.26,13,4,12,29,18,153.57,24,74,3,3,113.68,0.50,0.50,0.28,2,0.00,6,2341.87,1,1,16,org.apache.lucene.search.TermCollectingRewrite,0.23,20,2,17,1,20,8,0,18,453,0
"org.apache.lucene.search.ConstantScoreAutoRewrite$CutOffTermCollector",3,0.21,1.67,26,0.38,16632.91,10,7,12,14,6,107.71,0,35,0,2,107.71,0.00,0.50,0.29,0,4.00,3,1132.62,0,0,6,org.apache.lucene.search.TermCollector,0.00,11,1,5,0,11,3,0,0,221,2
"org.apache.lucene.search.ConstantScoreAutoRewrite$TermStateByteStart",4,0.33,1.25,20,0.25,9430.67,5,1,12,6,3,118.32,0,29,0,2,118.32,0.00,0.50,0.75,0,0.00,2,739.03,3,0,3,org.apache.lucene.util.DirectBytesStartArray,0.00,2,1,5,0,2,4,0,0,164,2
"org.apache.lucene.search.ConstantScoreQuery",10,0.11,2.20,40,0.56,21122.99,12,2,7,23,30,162.06,25,70,22,2,122.18,2.00,0.25,0.40,1,10.00,6,1670.78,3,5,8,org.apache.lucene.search.Query,0.10,13,1,22,2,13,5,0,9,377,1
"org.apache.lucene.search.ConstantScoreQuery$ConstantScorer",8,0.14,1.25,27,0.27,5842.12,10,2,7,13,4,130.60,2,45,0,3,130.60,0.00,0.67,0.38,1,4.00,2,805.50,1,1,4,org.apache.lucene.search.Scorer,0.67,5,2,10,0,5,7,0,2,200,1
"org.apache.lucene.search.ConstantScoreQuery$ConstantScorer$Collector",4,0.00,1.00,9,0.11,1765.65,4,0,7,9,1,138.94,1,17,0,1,138.94,0.00,0.00,0.00,0,4.00,1,325.18,0,0,1,java.lang.Object,0.00,5,0,4,0,5,4,0,1,85,0
"org.apache.lucene.search.ConstantScoreQuery$ConstantWeight",7,0.11,2.14,47,0.65,26018.38,10,3,7,23,10,113.68,2,66,0,2,113.68,0.00,0.50,0.43,1,0.00,4,1961.21,0,3,10,org.apache.lucene.search.Weight,0.62,16,1,15,0,16,4,0,2,388,1
"org.apache.lucene.search.DisjunctionMaxQuery",12,0.23,2.17,74,0.96,50433.20,14,2,9,32,19,95.39,61,100,13,2,113.26,0.00,0.50,0.29,3,22.00,8,2894.76,2,5,6,org.apache.lucene.search.Query,0.18,20,1,26,0,20,7,1,18,599,1
"org.apache.lucene.search.DisjunctionMaxQuery$DisjunctionMaxWeight",6,0.60,2.67,48,0.68,31097.19,7,1,9,27,10,157.84,11,62,0,2,107.84,0.00,0.50,0.50,0,2.00,5,2051.13,0,3,10,org.apache.lucene.search.Weight,0.50,21,1,16,0,21,3,0,11,396,1
"org.apache.lucene.search.DisjunctionMaxScorer",9,0.21,2.78,92,1.00,57566.71,15,6,1,14,3,124.11,35,117,1,3,103.49,0.00,0.67,0.35,4,0.00,6,3004.03,0,0,2,org.apache.lucene.search.Scorer,0.63,5,2,25,0,5,9,0,13,623,0
"org.apache.lucene.search.DisjunctionSumScorer",11,0.11,2.73,79,0.81,31306.90,18,7,3,23,5,69.75,87,110,1,3,112.04,0.00,0.67,0.25,2,5.00,7,2436.60,0,1,4,org.apache.lucene.search.Scorer,0.57,12,2,30,0,12,10,0,21,511,0
"org.apache.lucene.search.DocIdSet",0,0.00,0.00,3,0.02,467.02,0,0,1,1,87,171.00,5,2,87,1,171.00,0.00,0.00,0.00,0,0.00,0,51.89,0,0,0,java.lang.Object,0.00,1,0,0,11,1,0,0,2,15,2
"org.apache.lucene.search.DocIdSet$DocIdSet",4,0.00,1.00,10,0.06,694.92,4,0,1,5,1,182.02,11,18,0,1,142.13,0.00,0.00,0.00,0,4.00,1,175.88,0,2,1,java.lang.Object,0.00,1,0,4,0,1,2,0,2,55,0
"org.apache.lucene.search.DocIdSet$DocIdSet$DocIdSetIterator",3,0.00,1.00,7,0.05,603.80,3,0,1,3,0,141.63,0,7,0,1,141.63,0.00,0.00,0.00,0,3.00,1,146.65,0,0,0,java.lang.Object,0.00,0,0,3,0,0,3,0,0,43,0
"org.apache.lucene.search.DocIdSetIterator",3,1.00,1.00,5,0.04,464.21,4,1,1,3,110,197.70,66,6,110,1,153.76,0.00,0.00,0.00,0,3.00,1,132.13,0,0,0,java.lang.Object,0.00,0,0,3,73,0,3,0,5,40,2
"org.apache.lucene.search.ElevationComparatorSource",2,1.00,1.00,6,0.07,1019.94,3,1,13,3,10,131.88,0,10,3,2,131.88,0.00,0.50,0.00,0,2.00,1,218.56,0,1,7,org.apache.lucene.search.FieldComparatorSource,0.00,1,1,2,0,1,1,0,0,54,0
"org.apache.lucene.search.ElevationComparatorSource$FieldComparator<Integer>",7,0.08,1.29,26,0.33,7291.54,11,4,13,13,2,129.38,1,40,0,1,129.38,0.00,0.00,0.32,1,10.00,3,979.75,0,2,2,java.lang.Object,0.00,6,0,9,0,6,5,0,1,225,0
"org.apache.lucene.search.ExactPhraseScorer",8,0.19,5.62,158,1.97,305074.79,18,10,4,17,6,107.44,26,206,2,3,86.83,0.00,0.67,0.26,0,0.00,18,5904.51,0,1,4,org.apache.lucene.search.Scorer,0.83,9,2,45,0,9,7,0,26,1070,1
"org.apache.lucene.search.ExactPhraseScorer$ChunkState",1,7.00,1.00,12,0.09,1258.33,8,7,4,1,1,106.33,0,14,0,1,106.33,0.00,0.00,0.00,0,1.00,1,257.84,0,0,1,java.lang.Object,0.00,0,0,1,0,0,1,0,0,65,3
"org.apache.lucene.search.Explanation",13,0.25,1.54,61,0.54,19145.61,16,3,1,21,89,173.49,24,67,89,1,123.49,0.00,0.00,0.10,4,53.00,4,1611.15,0,6,0,java.lang.Object,0.00,8,0,20,1,8,7,0,14,369,1
"org.apache.lucene.search.FieldCache",28,1.00,1.00,62,0.78,16513.18,29,1,14,35,74,93.82,326,79,64,1,137.95,0.00,0.00,0.00,0,28.00,1,2334.86,0,13,11,,0.00,7,0,28,0,7,15,0,51,550,1
"org.apache.lucene.search.FieldCache$ByteParser",1,0.00,1.00,2,0.01,60.50,1,0,14,1,1,195.74,1,3,0,2,145.74,0.00,0.50,0.00,0,1.00,1,35.16,0,0,1,,0.00,0,1,1,0,0,1,0,1,13,1
"org.apache.lucene.search.FieldCache$ByteParser_0",3,0.00,1.00,7,0.05,684.98,3,0,14,6,2,191.20,4,11,0,1,141.20,0.00,0.00,0.00,0,3.00,1,163.27,0,2,2,java.lang.Object,0.00,3,0,3,0,3,1,0,4,47,0
"org.apache.lucene.search.FieldCache$CacheEntry",10,1.00,1.10,27,0.34,9113.69,11,1,14,21,1,186.44,12,36,0,1,136.44,0.00,0.00,0.10,8,18.00,2,1028.30,0,7,1,java.lang.Object,0.00,11,0,11,0,11,3,0,4,235,3
"org.apache.lucene.search.FieldCache$CreationPlaceholder",0,0.00,0.00,2,0.01,104.61,1,1,14,0,0,171.00,0,3,0,1,171.00,0.00,0.00,0.00,0,0.00,0,34.87,0,0,0,java.lang.Object,0.00,0,0,0,0,0,0,0,0,11,3
"org.apache.lucene.search.FieldCache$DocTerms",3,0.00,1.00,4,0.03,193.87,3,0,14,3,1,196.63,7,5,0,1,156.74,0.00,0.00,0.00,0,3.00,1,86.72,0,1,1,java.lang.Object,0.00,0,0,3,0,0,2,0,3,30,3
"org.apache.lucene.search.FieldCache$DocTermsIndex",8,0.00,1.50,18,0.22,11225.39,8,0,14,9,2,174.78,17,28,0,1,134.89,0.00,0.00,0.00,3,8.00,5,666.84,0,4,2,java.lang.Object,0.00,1,0,12,0,1,4,0,10,161,3
"org.apache.lucene.search.FieldCache$DoubleParser",1,0.00,1.00,2,0.01,60.50,1,0,14,1,1,195.74,1,3,0,2,145.74,0.00,0.50,0.00,0,1.00,1,35.16,0,0,1,,0.00,0,1,1,0,0,1,0,1,13,1
"org.apache.lucene.search.FieldCache$DoubleParser_5",3,0.00,1.00,7,0.05,684.98,3,0,14,6,2,191.20,4,11,0,1,141.20,0.00,0.00,0.00,0,3.00,1,163.27,0,2,2,java.lang.Object,0.00,3,0,3,0,3,1,0,4,47,0
"org.apache.lucene.search.FieldCache$DoubleParser_9",3,0.00,1.33,8,0.08,1459.42,3,0,14,8,3,138.54,0,13,0,1,138.54,0.00,0.00,0.00,0,3.00,2,251.66,0,2,3,java.lang.Object,0.00,5,0,4,0,5,1,0,0,64,0
"org.apache.lucene.search.FieldCache$FloatParser",1,0.00,1.00,2,0.01,60.50,1,0,14,1,1,195.74,1,3,0,2,145.74,0.00,0.50,0.00,0,1.00,1,35.16,0,0,1,,0.00,0,1,1,0,0,1,0,1,13,1
"org.apache.lucene.search.FieldCache$FloatParser_3",3,0.00,1.00,7,0.05,684.98,3,0,14,6,2,191.20,4,11,0,1,141.20,0.00,0.00,0.00,0,3.00,1,163.27,0,2,2,java.lang.Object,0.00,3,0,3,0,3,1,0,4,47,0
"org.apache.lucene.search.FieldCache$FloatParser_7",3,0.00,1.33,8,0.08,1459.42,3,0,14,8,3,138.54,0,13,0,1,138.54,0.00,0.00,0.00,0,3.00,2,251.66,0,2,3,java.lang.Object,0.00,5,0,4,0,5,1,0,0,64,0
"org.apache.lucene.search.FieldCache$IntParser",1,0.00,1.00,2,0.01,60.50,1,0,14,1,1,195.74,1,3,0,2,145.74,0.00,0.50,0.00,0,1.00,1,35.16,0,0,1,,0.00,0,1,1,0,0,1,0,1,13,1
"org.apache.lucene.search.FieldCache$IntParser_2",3,0.00,1.00,7,0.05,684.98,3,0,14,6,2,191.20,4,11,0,1,141.20,0.00,0.00,0.00,0,3.00,1,163.27,0,2,2,java.lang.Object,0.00,3,0,3,0,3,1,0,4,47,0
"org.apache.lucene.search.FieldCache$IntParser_6",3,0.00,1.33,8,0.08,1283.98,3,0,14,7,3,138.98,0,13,0,1,138.98,0.00,0.00,0.00,0,3.00,2,231.98,0,2,3,java.lang.Object,0.00,4,0,4,0,4,1,0,0,60,0
"org.apache.lucene.search.FieldCache$LongParser",1,0.00,1.00,2,0.01,60.50,1,0,14,1,1,195.74,1,3,0,2,145.74,0.00,0.50,0.00,0,1.00,1,35.16,0,0,1,,0.00,0,1,1,0,0,1,0,1,13,1
"org.apache.lucene.search.FieldCache$LongParser_4",3,0.00,1.00,7,0.05,684.98,3,0,14,6,2,191.20,4,11,0,1,141.20,0.00,0.00,0.00,0,3.00,1,163.27,0,2,2,java.lang.Object,0.00,3,0,3,0,3,1,0,4,47,0
"org.apache.lucene.search.FieldCache$LongParser_8",3,0.00,1.33,8,0.08,1283.98,3,0,14,7,3,138.98,0,13,0,1,138.98,0.00,0.00,0.00,0,3.00,2,231.98,0,2,3,java.lang.Object,0.00,4,0,4,0,4,1,0,0,60,0
"org.apache.lucene.search.FieldCache$Parser",0,0.00,0.00,1,0.00,12.00,0,0,14,0,0,171.00,0,2,0,1,171.00,0.00,0.00,0.00,0,0.00,0,8.00,0,0,0,,0.00,0,0,0,0,0,0,0,0,4,1
"org.apache.lucene.search.FieldCache$ShortParser",1,0.00,1.00,2,0.01,60.50,1,0,14,1,1,195.74,1,3,0,2,145.74,0.00,0.50,0.00,0,1.00,1,35.16,0,0,1,,0.00,0,1,1,0,0,1,0,1,13,1
"org.apache.lucene.search.FieldCache$ShortParser_1",3,0.00,1.00,7,0.05,684.98,3,0,14,6,2,191.20,4,11,0,1,141.20,0.00,0.00,0.00,0,3.00,1,163.27,0,2,2,java.lang.Object,0.00,3,0,3,0,3,1,0,4,47,0
"org.apache.lucene.search.FieldCache$StopFillCacheException",0,0.00,0.00,1,0.01,72.00,0,0,14,0,0,171.00,0,2,0,2,171.00,0.00,0.50,0.00,0,0.00,0,24.00,0,0,0,java.lang.RuntimeException,0.00,0,1,0,0,0,0,0,0,8,3
"org.apache.lucene.search.FieldCacheImpl",32,0.32,1.38,96,1.89,56456.15,34,2,8,59,14,127.56,27,146,1,1,127.56,0.00,0.00,0.19,9,208.00,9,5678.95,0,3,14,java.lang.Object,0.00,27,0,44,0,27,29,1,17,1210,1
"org.apache.lucene.search.FieldCacheImpl$Cache<T>",6,0.20,2.67,61,0.78,52884.46,8,2,8,26,3,152.40,7,76,0,1,102.40,0.00,0.00,0.33,1,10.00,8,2330.60,0,2,3,java.lang.Object,0.00,20,0,16,0,20,4,0,7,448,2
"org.apache.lucene.search.FieldCacheImpl$CacheEntryImpl",6,0.04,1.17,22,0.19,3669.27,11,5,8,6,1,131.22,4,27,0,2,131.22,0.00,0.50,0.17,0,26.00,2,573.46,0,5,1,org.apache.lucene.search.CacheEntry,0.00,0,1,7,0,0,1,0,4,145,3
"org.apache.lucene.search.FieldCacheImpl$Entry<T>",3,0.25,3.00,17,0.19,5927.00,5,2,8,7,1,168.72,5,26,0,1,118.72,0.00,0.00,0.67,0,1.00,6,570.99,0,0,1,java.lang.Object,0.00,4,0,9,0,4,3,0,5,134,1
"org.apache.lucene.search.FieldCacheImpl$IndexReader.ReaderFinishedListener",1,0.00,1.00,3,0.03,288.02,1,0,8,2,1,133.83,0,5,0,1,133.83,0.00,0.00,0.00,0,1.00,1,84.04,0,0,1,java.lang.Object,0.00,1,0,1,0,1,1,0,0,24,0
"org.apache.lucene.search.FieldCacheRangeFilter",24,0.05,1.75,75,1.27,52428.07,30,6,7,39,10,127.01,102,98,3,2,126.78,0.00,0.50,0.12,7,152.00,10,3805.27,0,17,7,org.apache.lucene.search.Filter,0.00,15,1,42,0,15,7,0,23,834,2
"org.apache.lucene.search.FieldCacheRangeFilter$FieldCacheDocIdSet_6",4,0.33,1.50,16,0.14,3007.62,6,2,7,7,4,146.41,12,23,0,2,125.80,0.00,0.50,0.25,0,6.00,3,412.35,0,1,4,org.apache.lucene.search.DocIdSet,0.00,3,1,6,0,3,3,0,6,102,2
"org.apache.lucene.search.FieldCacheRangeFilter$FieldCacheDocIdSet_6$DocIdSetIterator",3,0.00,2.00,18,0.13,3608.41,4,1,7,3,0,117.56,0,29,0,1,117.56,0.00,0.00,1.00,0,0.00,3,403.09,0,0,0,java.lang.Object,0.00,0,0,6,0,0,3,0,0,97,0
"org.apache.lucene.search.FieldCacheRangeFilter$FieldCacheDocIdSet_6$DocIdSetIterator_7",3,0.00,2.00,19,0.15,5034.36,4,1,7,4,0,116.42,0,25,0,1,116.42,0.00,0.00,1.00,0,0.00,3,460.55,0,0,0,java.lang.Object,0.00,1,0,6,0,1,3,0,0,107,0
"org.apache.lucene.search.FieldCacheRangeFilter$FieldCacheRangeFilter<Byte>",1,0.00,8.00,18,0.31,22320.57,1,0,7,3,2,139.45,1,25,0,1,89.45,0.00,0.00,0.00,0,0.00,8,921.66,0,1,2,java.lang.Object,0.00,2,0,8,0,2,0,0,1,167,0
"org.apache.lucene.search.FieldCacheRangeFilter$FieldCacheRangeFilter<Byte>$FieldCacheDocIdSet_0",1,0.00,1.00,3,0.05,891.27,1,0,7,1,0,129.97,0,5,0,1,129.97,0.00,0.00,0.00,0,1.00,1,150.84,0,0,0,java.lang.Object,0.00,0,0,1,0,0,1,0,0,38,0
"org.apache.lucene.search.FieldCacheRangeFilter$FieldCacheRangeFilter<Double>",1,0.00,8.00,20,0.37,26861.95,1,0,7,6,3,107.73,3,27,0,1,87.11,0.00,0.00,0.00,0,0.00,8,1102.54,0,1,3,java.lang.Object,0.00,5,0,8,0,5,0,0,3,193,0
"org.apache.lucene.search.FieldCacheRangeFilter$FieldCacheRangeFilter<Double>$FieldCacheDocIdSet_5",1,0.00,1.00,3,0.05,891.27,1,0,7,1,0,129.97,0,5,0,1,129.97,0.00,0.00,0.00,0,1.00,1,150.84,0,0,0,java.lang.Object,0.00,0,0,1,0,0,1,0,0,38,0
"org.apache.lucene.search.FieldCacheRangeFilter$FieldCacheRangeFilter<Float>",1,0.00,8.00,20,0.37,26861.95,1,0,7,6,3,107.73,3,27,0,1,87.11,0.00,0.00,0.00,0,0.00,8,1102.54,0,1,3,java.lang.Object,0.00,5,0,8,0,5,0,0,3,193,0
"org.apache.lucene.search.FieldCacheRangeFilter$FieldCacheRangeFilter<Float>$FieldCacheDocIdSet_4",1,0.00,1.00,3,0.05,891.27,1,0,7,1,0,129.97,0,5,0,1,129.97,0.00,0.00,0.00,0,1.00,1,150.84,0,0,0,java.lang.Object,0.00,0,0,1,0,0,1,0,0,38,0
"org.apache.lucene.search.FieldCacheRangeFilter$FieldCacheRangeFilter<Integer>",1,0.00,8.00,18,0.29,20539.04,1,0,7,3,2,139.74,1,25,0,1,89.74,0.00,0.00,0.00,0,0.00,8,876.28,0,1,2,java.lang.Object,0.00,2,0,8,0,2,0,0,1,159,0
"org.apache.lucene.search.FieldCacheRangeFilter$FieldCacheRangeFilter<Integer>$FieldCacheDocIdSet_2",1,0.00,1.00,3,0.05,891.27,1,0,7,1,0,129.97,0,5,0,1,129.97,0.00,0.00,0.00,0,1.00,1,150.84,0,0,0,java.lang.Object,0.00,0,0,1,0,0,1,0,0,38,0
"org.apache.lucene.search.FieldCacheRangeFilter$FieldCacheRangeFilter<Long>",1,0.00,8.00,18,0.29,20539.04,1,0,7,3,2,139.74,1,25,0,1,89.74,0.00,0.00,0.00,0,0.00,8,876.28,0,1,2,java.lang.Object,0.00,2,0,8,0,2,0,0,1,159,0
"org.apache.lucene.search.FieldCacheRangeFilter$FieldCacheRangeFilter<Long>$FieldCacheDocIdSet_3",1,0.00,1.00,3,0.05,891.27,1,0,7,1,0,129.97,0,5,0,1,129.97,0.00,0.00,0.00,0,1.00,1,150.84,0,0,0,java.lang.Object,0.00,0,0,1,0,0,1,0,0,38,0
"org.apache.lucene.search.FieldCacheRangeFilter$FieldCacheRangeFilter<Short>",1,0.00,8.00,18,0.30,22032.26,1,0,7,3,2,139.50,1,25,0,1,89.50,0.00,0.00,0.00,0,0.00,8,910.31,0,1,2,java.lang.Object,0.00,2,0,8,0,2,0,0,1,165,0
"org.apache.lucene.search.FieldCacheRangeFilter$FieldCacheRangeFilter<Short>$FieldCacheDocIdSet_1",1,0.00,1.00,3,0.05,891.27,1,0,7,1,0,129.97,0,5,0,1,129.97,0.00,0.00,0.00,0,1.00,1,150.84,0,0,0,java.lang.Object,0.00,0,0,1,0,0,1,0,0,38,0
"org.apache.lucene.search.FieldCacheRangeFilter$FieldCacheRangeFilter<String>",1,0.00,10.00,28,0.43,39806.90,1,0,7,6,2,48.04,6,33,0,1,80.26,0.00,0.00,0.00,0,0.00,10,1296.34,0,1,2,java.lang.Object,0.00,5,0,10,0,5,0,0,6,227,0
"org.apache.lucene.search.FieldCacheRangeFilter$FieldCacheRangeFilter<String>$FieldCacheDocIdSet",1,0.00,1.00,4,0.05,1098.86,1,0,7,2,0,124.60,0,6,0,1,124.60,0.00,0.00,0.00,0,1.00,1,151.38,0,0,0,java.lang.Object,0.00,1,0,1,0,1,1,0,0,37,0
"org.apache.lucene.search.FieldCacheRewriteMethod",1,0.00,1.00,6,0.07,1225.90,1,0,8,5,9,69.18,10,9,1,2,117.65,0.00,0.50,0.00,0,1.00,1,207.51,0,1,8,MultiTermQuery.RewriteMethod,0.00,4,1,1,0,4,0,0,1,50,2
"org.apache.lucene.search.FieldCacheRewriteMethod$MultiTermQueryFieldCacheWrapperFilter",8,0.14,1.62,37,0.41,14960.38,9,1,8,25,5,143.28,26,51,0,2,122.67,0.00,0.50,0.88,1,0.00,4,1219.57,0,3,5,org.apache.lucene.search.Filter,0.00,17,1,13,0,17,5,0,8,264,1
"org.apache.lucene.search.FieldCacheRewriteMethod$MultiTermQueryFieldCacheWrapperFilter$FieldCacheRangeFilter.FieldCacheDocIdSet",1,0.00,1.00,3,0.04,441.08,1,0,8,3,0,132.38,0,5,0,1,132.38,0.00,0.00,0.00,0,1.00,1,121.62,0,0,0,java.lang.Object,0.00,2,0,1,0,2,1,0,0,32,0
"org.apache.lucene.search.FieldCacheRewriteMethod$MultiTermQueryFieldCacheWrapperFilter$Terms",5,0.00,1.00,11,0.10,1481.91,5,0,8,7,2,140.31,0,21,0,1,140.31,0.00,0.00,0.00,0,5.00,1,290.04,0,2,2,java.lang.Object,0.00,2,0,5,0,2,3,0,0,79,0
"org.apache.lucene.search.FieldCacheTermsFilter",4,0.50,1.25,19,0.18,5347.66,6,2,6,6,8,133.00,69,21,2,2,123.87,1.00,0.33,0.12,1,6.00,2,554.59,0,1,6,org.apache.lucene.util.Filter,0.00,2,1,5,1,2,3,0,1,134,1
"org.apache.lucene.search.FieldCacheTermsFilter$FieldCacheTermsFilterDocIdSet",3,0.50,1.67,19,0.19,5842.01,5,2,6,9,4,115.95,1,25,0,2,115.95,0.00,0.50,0.17,0,4.00,3,557.51,0,1,4,org.apache.lucene.search.DocIdSet,0.00,6,1,5,0,6,2,0,1,124,1
"org.apache.lucene.search.FieldCacheTermsFilter$FieldCacheTermsFilterDocIdSet$FieldCacheTermsFilterDocIdSetIterator",3,0.00,2.33,16,0.15,3812.63,4,1,6,3,1,120.29,0,28,0,2,120.29,0.00,0.50,1.00,0,0.00,3,457.74,0,0,1,org.apache.lucene.search.DocIdSetIterator,1.00,0,1,7,0,0,3,0,0,105,1
"org.apache.lucene.search.FieldComparator",8,0.00,1.38,30,0.43,9667.46,8,0,11,9,55,155.14,153,35,50,1,128.86,0.00,0.00,0.00,0,8.00,4,1296.55,0,1,5,java.lang.Object,0.00,1,0,11,14,1,7,0,22,279,2
"org.apache.lucene.search.FieldComparator$ByteComparator",7,0.17,1.43,27,0.38,9424.68,11,4,11,12,2,128.48,0,44,0,2,128.48,0.00,0.50,0.39,0,0.00,2,1145.11,0,1,2,org.apache.lucene.search.NumericComparator,0.00,5,1,10,0,5,6,0,0,255,3
"org.apache.lucene.search.FieldComparator$DocComparator",7,0.06,1.00,19,0.21,3964.32,10,3,11,8,1,138.09,5,33,0,2,138.09,0.00,0.50,0.38,0,0.00,1,617.38,0,1,1,org.apache.lucene.search.FieldComparator,0.67,1,1,7,0,1,6,0,5,158,3
"org.apache.lucene.search.FieldComparator$DoubleComparator",7,0.17,2.00,39,0.47,15122.63,11,4,11,12,2,118.51,0,58,0,2,118.51,0.00,0.50,0.39,0,0.00,4,1419.37,0,1,2,org.apache.lucene.search.NumericComparator,0.00,5,1,14,0,5,6,0,0,307,3
"org.apache.lucene.search.FieldComparator$FloatComparator",7,0.17,2.00,39,0.47,15122.63,11,4,11,12,2,118.51,3,58,0,2,118.51,0.00,0.50,0.39,0,0.00,4,1419.37,0,1,2,org.apache.lucene.search.NumericComparator,0.00,5,1,14,0,5,6,0,3,307,3
"org.apache.lucene.search.FieldComparator$FloatDocValuesComparator",7,0.12,1.71,36,0.37,10238.91,11,4,11,11,2,119.88,0,53,0,2,119.88,0.00,0.50,0.36,0,0.00,3,1110.75,0,1,2,org.apache.lucene.search.FieldComparator,0.67,4,1,12,0,4,6,0,0,252,3
"org.apache.lucene.search.FieldComparator$IntComparator",7,0.17,2.00,39,0.47,15947.23,11,4,11,12,2,168.33,9,58,0,2,118.33,0.00,0.50,0.39,0,0.00,4,1404.61,0,1,2,org.apache.lucene.search.NumericComparator,0.00,5,1,14,0,5,6,0,9,306,3
"org.apache.lucene.search.FieldComparator$IntDocValuesComparator",7,0.12,1.71,36,0.37,10059.77,11,4,11,11,2,119.94,4,53,0,2,119.94,0.00,0.50,0.36,0,0.00,3,1103.84,0,1,2,org.apache.lucene.search.FieldComparator,0.67,4,1,12,0,4,6,0,4,251,3
"org.apache.lucene.search.FieldComparator$LongComparator",7,0.17,2.00,39,0.47,15122.63,11,4,11,12,2,118.51,4,58,0,2,118.51,0.00,0.50,0.39,0,0.00,4,1419.37,0,1,2,org.apache.lucene.search.NumericComparator,0.00,5,1,14,0,5,6,0,4,307,3
"org.apache.lucene.search.FieldComparator$NumericComparator",2,0.00,1.50,12,0.13,2587.37,6,4,11,2,3,117.38,0,16,0,2,117.38,0.00,0.50,0.25,0,2.00,2,391.41,0,0,3,org.apache.lucene.search.FieldComparator,0.00,0,1,3,0,0,2,0,0,92,3
"org.apache.lucene.search.FieldComparator$RelevanceComparator",9,0.04,1.56,28,0.35,9869.02,12,3,11,13,3,129.16,6,47,0,2,129.16,0.00,0.50,0.30,0,7.00,3,1056.81,0,1,3,org.apache.lucene.search.FieldComparator,0.71,4,1,14,0,4,8,0,6,250,3
"org.apache.lucene.search.FieldComparator$ShortComparator",7,0.17,1.43,27,0.38,9424.68,11,4,11,12,2,128.48,0,44,0,2,128.48,0.00,0.50,0.39,0,0.00,2,1145.11,0,1,2,org.apache.lucene.search.NumericComparator,0.00,5,1,10,0,5,6,0,0,255,3
"org.apache.lucene.search.FieldComparator$TermOrdValComparator",9,0.14,2.89,95,1.19,60149.02,20,11,11,23,2,123.95,29,129,0,2,103.33,0.00,0.50,0.21,1,16.00,7,3568.63,0,1,2,org.apache.lucene.search.FieldComparator,0.47,14,1,26,0,14,8,0,21,699,3
"org.apache.lucene.search.FieldComparator$TermOrdValComparator$AnyOrdComparator",3,0.17,3.33,36,0.39,16498.80,6,3,11,6,1,140.90,7,49,0,2,101.01,0.00,0.50,0.44,0,1.00,6,1162.94,0,0,1,org.apache.lucene.search.PerSegmentComparator,0.00,3,1,10,0,3,3,0,7,242,2
"org.apache.lucene.search.FieldComparator$TermOrdValComparator$ByteOrdComparator",3,0.17,3.33,36,0.38,17346.53,6,3,11,5,1,140.73,7,48,0,2,100.84,0.00,0.50,0.44,0,1.00,6,1139.03,0,0,1,org.apache.lucene.search.PerSegmentComparator,0.00,2,1,10,0,2,3,0,7,235,2
"org.apache.lucene.search.FieldComparator$TermOrdValComparator$IntOrdComparator",3,0.17,3.33,36,0.36,15868.29,6,3,11,5,1,141.03,7,48,0,2,101.15,0.00,0.50,0.44,0,1.00,6,1082.89,0,0,1,org.apache.lucene.search.PerSegmentComparator,0.00,2,1,10,0,2,3,0,7,228,2
"org.apache.lucene.search.FieldComparator$TermOrdValComparator$PerSegmentComparator",5,0.00,1.60,17,0.18,4134.58,5,0,11,10,2,130.12,0,30,0,2,130.12,0.00,0.50,0.00,0,5.00,4,551.80,0,1,2,org.apache.lucene.search.FieldComparator,0.46,5,1,8,0,5,4,0,0,138,1
"org.apache.lucene.search.FieldComparator$TermOrdValComparator$ShortOrdComparator",3,0.17,3.33,36,0.38,17346.53,6,3,11,5,1,140.73,7,48,0,2,100.84,0.00,0.50,0.44,0,1.00,6,1139.03,0,0,1,org.apache.lucene.search.PerSegmentComparator,0.00,2,1,10,0,2,3,0,7,235,2
"org.apache.lucene.search.FieldComparator$TermOrdValComparator$TermValComparator",8,0.09,2.25,47,0.49,14886.26,13,5,11,12,2,118.99,0,70,0,2,118.99,0.00,0.50,0.28,0,0.00,4,1475.03,0,1,2,org.apache.lucene.search.FieldComparator,0.62,4,1,18,0,4,7,0,0,330,3
"org.apache.lucene.search.FieldComparatorSource",1,0.00,1.00,2,0.02,195.12,1,0,1,1,15,131.38,15,4,14,1,141.74,0.00,0.00,0.00,0,1.00,1,74.12,0,0,1,java.lang.Object,0.00,0,0,1,6,0,1,0,2,21,2
"org.apache.lucene.search.FieldDoc",4,1.00,1.25,21,0.22,6678.19,5,1,0,10,11,81.94,50,25,10,2,119.50,1.00,0.33,0.25,0,6.00,2,649.75,1,1,1,org.apache.lucene.search.ScoreDoc,0.29,6,1,5,1,6,3,0,10,148,1
"org.apache.lucene.search.FieldValueHitQueue",8,0.00,1.50,40,0.49,16434.02,12,4,2,13,21,86.53,53,49,17,2,118.75,2.00,0.25,0.25,0,16.00,3,1469.69,0,1,4,org.apache.lucene.util.PriorityQueue,0.00,5,1,12,2,5,7,0,16,323,2
"org.apache.lucene.search.FieldValueHitQueue$Entry",2,1.00,1.00,7,0.07,911.22,3,1,2,2,1,132.27,0,11,0,2,132.27,0.00,0.50,0.50,0,2.00,1,197.96,1,1,1,org.apache.lucene.search.ScoreDoc,0.40,0,1,2,0,0,1,0,0,53,2
"org.apache.lucene.search.FieldValueHitQueue$MultiComparatorsFieldValueHitQueue",2,0.00,3.00,23,0.29,15518.32,2,0,2,3,2,151.27,2,25,0,3,101.27,0.00,0.67,0.00,0,0.00,3,863.24,1,0,2,org.apache.lucene.search.FieldValueHitQueue,0.00,1,2,6,0,1,2,0,2,175,3
"org.apache.lucene.search.FieldValueHitQueue$OneComparatorFieldValueHitQueue",2,0.00,2.00,15,0.21,7810.13,3,1,2,3,2,131.65,7,21,0,3,111.03,0.00,0.67,1.00,0,0.00,2,643.50,1,0,2,org.apache.lucene.search.FieldValueHitQueue,0.00,1,2,4,0,1,2,0,2,139,3
"org.apache.lucene.search.Filter",1,0.00,1.00,2,0.01,106.27,1,0,4,1,67,188.94,28,3,64,1,143.81,0.00,0.00,0.00,0,1.00,1,44.83,0,1,3,java.lang.Object,0.00,0,0,1,24,0,0,0,2,15,2
"org.apache.lucene.search.FilteredDocIdSet",4,0.67,1.00,9,0.07,857.85,5,1,1,6,9,93.31,33,15,6,2,141.41,1.00,0.33,0.50,0,4.00,1,199.84,0,0,3,org.apache.lucene.search.DocIdSet,0.00,2,1,4,1,2,4,0,5,59,2
"org.apache.lucene.search.FilteredDocIdSet$FilteredDocIdSetIterator",1,0.00,1.00,3,0.04,506.92,1,0,1,2,1,131.90,0,5,0,1,131.90,0.00,0.00,0.00,0,1.00,1,106.46,0,0,1,java.lang.Object,0.00,1,0,1,0,1,1,0,0,29,0
"org.apache.lucene.search.FilteredDocIdSetIterator",5,0.12,2.40,27,0.23,7360.17,7,2,1,7,3,140.39,16,42,2,2,119.78,1.00,0.33,0.60,1,0.00,5,683.82,0,0,1,org.apache.lucene.search.DocIdSetIterator,0.75,2,1,12,1,2,5,0,3,163,2
"org.apache.lucene.search.FilteredQuery",9,0.06,1.22,38,0.40,11353.62,11,2,7,24,19,144.69,27,57,11,2,124.08,0.00,0.50,0.56,1,0.00,2,1204.58,2,5,8,org.apache.lucene.search.Query,0.11,15,1,11,0,15,4,0,8,287,1
"org.apache.lucene.search.FilteredQuery$Weight",5,0.00,2.20,31,0.42,15169.23,5,0,7,17,8,164.37,5,47,0,1,114.37,0.00,0.00,0.00,0,8.00,4,1249.40,0,2,8,java.lang.Object,0.00,12,0,11,0,12,3,0,5,253,0
"org.apache.lucene.search.FilteredQuery$Weight$Scorer",5,0.50,1.80,19,0.28,10470.43,6,1,7,11,0,126.91,0,30,0,1,126.91,0.00,0.00,0.60,0,2.00,3,830.98,0,0,0,java.lang.Object,0.00,6,0,9,0,6,5,0,0,190,0
"org.apache.lucene.search.FuzzyQuery",11,0.14,2.45,66,0.93,37827.53,18,7,8,31,28,96.05,55,98,19,3,113.92,0.00,0.67,0.27,0,21.00,9,2781.90,4,3,9,org.apache.lucene.search.MultiTermQuery,0.09,20,2,27,0,20,8,0,9,572,1
"org.apache.lucene.search.FuzzyTermsEnum",22,0.04,1.82,132,2.01,107964.93,40,18,24,63,25,133.39,67,184,3,2,112.77,0.00,0.50,0.09,4,86.00,7,6023.74,0,9,22,org.apache.lucene.index.TermsEnum,0.43,41,1,40,0,41,13,0,31,1150,2
"org.apache.lucene.search.FuzzyTermsEnum$AutomatonFuzzyTermsEnum",3,0.33,3.00,33,0.43,16857.26,6,3,24,10,7,122.99,11,42,0,3,102.37,0.00,0.67,0.56,1,0.00,5,1294.83,0,1,7,org.apache.lucene.index.FilteredTermsEnum,0.00,7,2,9,0,7,2,0,11,254,1
"org.apache.lucene.search.FuzzyTermsEnum$LevenshteinAutomataAttribute",1,0.00,1.00,2,0.01,109.13,1,0,24,1,0,143.72,0,3,0,2,143.72,0.00,0.50,0.00,0,1.00,1,43.65,0,1,0,,0.00,0,1,1,0,0,0,0,0,15,2
"org.apache.lucene.search.FuzzyTermsEnum$LevenshteinAutomataAttributeImpl",5,0.00,1.40,16,0.19,4312.61,6,1,24,12,2,130.01,0,29,0,2,130.01,0.00,0.50,1.00,0,0.00,3,578.59,0,1,2,org.apache.lucene.util.AttributeImpl,0.20,7,1,7,0,7,4,1,0,140,3
"org.apache.lucene.search.FuzzyTermsEnum$LinearFuzzyTermsEnum",4,0.28,4.25,65,1.00,115917.45,10,6,24,14,5,139.89,99,73,0,3,90.61,0.00,0.67,0.38,1,0.00,11,3007.15,1,1,5,org.apache.lucene.index.FilteredTermsEnum,0.00,10,2,17,0,10,3,0,37,560,1
"org.apache.lucene.search.HitQueue",3,0.00,1.33,7,0.11,3479.32,3,0,1,4,6,115.43,42,16,4,2,135.57,0.00,0.50,0.00,0,3.00,2,324.05,0,1,2,org.apache.lucene.util.PriorityQueue,0.12,1,1,4,0,1,2,0,4,82,1
"org.apache.lucene.search.Ignore",16,0.03,1.81,144,1.82,64661.23,26,10,14,56,14,127.48,52,184,0,2,106.87,0.00,0.50,0.12,7,100.00,5,5460.59,2,2,14,org.apache.lucene.util.LuceneTestCase,0.00,40,1,29,0,40,14,0,34,1041,1
"org.apache.lucene.search.Ignore$MyHitCollector",7,0.04,1.29,25,0.25,7290.10,11,4,14,12,3,129.38,4,40,0,2,129.38,0.00,0.50,0.29,0,16.00,3,757.98,0,0,3,org.apache.lucene.search.Collector,0.36,5,1,9,0,5,7,0,2,175,1
"org.apache.lucene.search.Ignore$Thread",1,0.00,2.00,8,0.05,807.21,1,0,14,4,0,114.26,0,12,0,1,114.26,0.00,0.00,0.00,0,1.00,2,143.93,0,0,0,java.lang.Object,0.00,3,0,2,0,3,1,0,0,36,0
"org.apache.lucene.search.IndexSearcher",39,0.02,1.79,229,2.95,139764.21,49,10,25,93,336,68.70,332,289,314,1,116.80,0.00,0.00,0.08,6,470.00,8,8864.66,0,7,24,java.lang.Object,0.00,54,0,70,7,54,32,1,63,1764,1
"org.apache.lucene.search.IndexSearcher$Callable<Integer>",1,0.00,1.00,3,0.03,323.26,1,0,25,3,0,133.44,0,4,0,1,133.44,0.00,0.00,0.00,0,1.00,1,88.18,0,1,0,java.lang.Object,0.00,2,0,1,0,2,0,0,0,25,0
"org.apache.lucene.search.IndexSearcher$SearcherCallableNoSort",2,0.75,2.00,32,0.35,10000.11,10,8,25,6,5,146.80,2,37,0,1,96.80,0.00,0.00,0.50,0,2.00,3,1050.80,0,0,5,java.lang.Object,0.00,4,0,4,0,4,2,1,2,212,3
"org.apache.lucene.search.IndexSearcher$SearcherCallableWithSort",3,0.33,1.33,39,0.52,16505.97,12,9,25,10,5,100.16,13,47,0,1,99.93,0.00,0.00,0.33,0,5.00,2,1555.15,0,1,5,java.lang.Object,0.00,7,0,4,0,7,2,1,2,301,3
"org.apache.lucene.search.IndexSearcher$SearcherCallableWithSort$ExecutionHelper",6,0.20,1.50,21,0.22,4174.99,8,2,25,13,1,130.72,1,33,0,1,130.72,0.00,0.00,0.33,2,6.00,4,654.18,0,1,1,java.lang.Object,0.00,7,0,9,0,7,5,2,1,157,3
"org.apache.lucene.search.IndexSearcher$SearcherCallableWithSort$FakeScorer",6,0.40,1.00,15,0.10,1185.38,8,2,25,7,1,141.69,0,27,0,3,141.69,0.00,0.67,0.17,0,14.00,1,294.95,0,0,1,org.apache.lucene.search.Scorer,0.94,1,2,6,0,1,6,0,0,87,2
"org.apache.lucene.search.IndexSearcher$SearcherCallableWithSort$LeafSlice",1,1.00,1.00,4,0.03,364.00,2,1,25,1,0,128.37,0,7,0,1,128.37,0.00,0.00,0.00,0,1.00,1,81.51,0,0,0,java.lang.Object,0.00,0,0,1,0,0,1,0,0,24,2
"org.apache.lucene.search.JustCompileSearch",0,0.00,0.00,20,0.29,5288.73,1,1,12,0,7,171.00,7,31,0,1,171.00,0.00,0.00,0.00,0,0.00,0,861.42,0,0,7,java.lang.Object,0.00,0,0,0,0,0,0,0,1,149,1
"org.apache.lucene.search.JustCompileSearch$JustCompileCollector",4,0.00,1.00,9,0.10,1231.92,4,0,12,5,2,140.17,0,19,0,2,140.17,0.00,0.50,0.00,0,0.00,1,285.84,0,0,2,org.apache.lucene.search.Collector,0.50,1,1,4,0,1,4,0,0,75,2
"org.apache.lucene.search.JustCompileSearch$JustCompileDocIdSet",1,0.00,1.00,3,0.03,333.41,1,0,12,2,2,133.33,0,6,0,2,133.33,0.00,0.50,0.00,0,0.00,1,80.57,0,1,2,org.apache.lucene.search.DocIdSet,0.00,1,1,1,0,1,0,0,0,23,2
"org.apache.lucene.search.JustCompileSearch$JustCompileDocIdSetIterator",3,0.00,1.00,7,0.07,905.87,3,0,12,4,1,140.24,0,14,0,2,140.24,0.00,0.50,0.00,0,0.00,1,201.08,0,0,1,org.apache.lucene.search.DocIdSetIterator,1.00,1,1,3,0,1,3,0,0,55,2
"org.apache.lucene.search.JustCompileSearch$JustCompileExtendedFieldCacheDoubleParser",1,0.00,1.00,3,0.03,225.40,1,0,12,2,1,134.67,0,5,0,1,134.67,0.00,0.00,0.00,0,0.00,1,75.13,0,0,1,java.lang.Object,0.00,1,0,1,0,1,1,1,0,22,2
"org.apache.lucene.search.JustCompileSearch$JustCompileExtendedFieldCacheLongParser",1,0.00,1.00,3,0.03,225.40,1,0,12,2,1,134.67,0,5,0,1,134.67,0.00,0.00,0.00,0,0.00,1,75.13,0,0,1,java.lang.Object,0.00,1,0,1,0,1,1,1,0,22,2
"org.apache.lucene.search.JustCompileSearch$JustCompileFieldComparator",6,0.00,1.00,13,0.15,2031.60,6,0,12,7,1,139.85,0,27,0,2,139.85,0.00,0.50,0.00,0,0.00,1,447.66,0,2,1,org.apache.lucene.search.FieldComparator,0.71,1,1,6,0,1,4,0,0,116,2
"org.apache.lucene.search.JustCompileSearch$JustCompileFieldComparatorSource",1,0.00,1.00,3,0.04,535.66,1,0,12,2,2,131.71,0,7,0,2,131.71,0.00,0.50,0.00,0,0.00,1,125.07,0,1,2,org.apache.lucene.search.FieldComparatorSource,0.00,1,1,1,0,1,0,0,0,31,2
"org.apache.lucene.search.JustCompileSearch$JustCompileFilter",1,0.00,1.00,3,0.03,277.57,1,0,12,1,2,173.85,2,6,0,2,133.96,0.00,0.50,0.00,0,1.00,1,76.76,0,1,2,org.apache.lucene.search.Filter,0.00,0,1,1,0,0,0,0,2,22,2
"org.apache.lucene.search.JustCompileSearch$JustCompileFilteredDocIdSet",2,0.00,1.00,5,0.04,367.80,2,0,12,3,2,141.94,0,9,0,3,141.94,0.00,0.67,0.00,0,2.00,1,110.57,0,0,2,org.apache.lucene.search.FilteredDocIdSet,0.50,1,2,2,0,1,2,0,0,33,2
"org.apache.lucene.search.JustCompileSearch$JustCompileFilteredDocIdSetIterator",2,0.00,1.00,5,0.04,367.80,2,0,12,3,2,141.94,0,9,0,3,141.94,0.00,0.67,0.00,0,2.00,1,110.57,0,0,2,org.apache.lucene.search.FilteredDocIdSetIterator,0.30,1,2,2,0,1,2,0,0,33,2
"org.apache.lucene.search.JustCompileSearch$JustCompilePhraseScorer",2,0.00,1.00,5,0.06,683.78,2,0,12,3,2,139.82,0,10,0,4,139.82,0.00,0.75,0.00,0,2.00,1,173.30,0,0,2,org.apache.lucene.search.PhraseScorer,0.19,1,3,2,0,1,2,0,0,46,2
"org.apache.lucene.search.JustCompileSearch$JustCompileQuery",1,0.00,1.00,3,0.03,325.43,1,0,12,2,1,133.42,0,6,0,2,133.42,0.00,0.50,0.00,0,0.00,1,78.86,0,1,1,org.apache.lucene.search.Query,0.00,1,1,1,0,1,0,0,0,23,2
"org.apache.lucene.search.JustCompileSearch$JustCompileScorer",6,0.00,1.00,13,0.13,1706.94,6,0,12,7,3,140.45,0,26,0,3,140.45,0.00,0.67,0.00,0,0.00,1,385.45,0,0,3,org.apache.lucene.search.Scorer,0.75,1,2,6,0,1,6,0,0,103,2
"org.apache.lucene.search.JustCompileSearch$JustCompileSimilarity",4,0.00,1.00,9,0.13,1662.10,4,0,12,5,4,139.15,0,18,0,2,139.15,0.00,0.50,0.00,0,0.00,1,383.82,0,3,4,org.apache.lucene.search.similarities.Similarity,0.00,1,1,4,0,1,1,0,0,92,2
"org.apache.lucene.search.JustCompileSearch$JustCompileSimilarityProvider",3,0.00,1.00,7,0.06,541.15,3,0,12,4,2,142.00,0,11,0,1,142.00,0.00,0.00,0.00,0,0.00,1,166.74,0,1,2,java.lang.Object,0.00,1,0,3,0,1,2,1,0,48,2
"org.apache.lucene.search.JustCompileSearch$JustCompileSpanFilter",2,0.00,1.00,5,0.05,601.57,2,0,12,3,3,140.26,0,10,0,3,140.26,0.00,0.67,0.00,0,2.00,1,148.76,0,2,3,org.apache.lucene.search.SpanFilter,0.00,1,2,2,0,1,0,0,0,40,2
"org.apache.lucene.search.JustCompileSearch$JustCompileTopDocsCollector",8,0.00,1.00,17,0.18,2223.10,8,0,12,9,5,140.53,0,34,0,3,140.53,0.00,0.67,0.00,0,0.00,1,525.81,0,3,5,org.apache.lucene.search.TopDocsCollector,0.75,1,2,8,0,1,5,0,0,139,2
"org.apache.lucene.search.JustCompileSearch$JustCompileWeight",5,0.00,1.00,11,0.13,1705.36,5,0,12,6,5,139.83,0,24,0,2,139.83,0.00,0.50,0.00,0,0.00,1,389.90,0,3,5,org.apache.lucene.search.Weight,0.55,1,1,5,0,1,2,0,0,99,2
"org.apache.lucene.search.MatchAllDocsQuery",5,0.00,1.20,17,0.19,3988.77,5,0,7,12,54,130.31,4,28,47,2,130.31,0.00,0.50,0.00,0,5.00,2,580.74,1,2,7,org.apache.lucene.search.Query,0.13,7,1,6,0,7,3,0,1,143,1
"org.apache.lucene.search.MatchAllDocsQuery$MatchAllDocsWeight",7,0.17,1.14,22,0.25,4887.10,9,2,7,12,8,130.78,1,40,0,2,130.78,0.00,0.50,0.36,0,3.00,2,745.00,0,4,8,org.apache.lucene.search.Weight,0.46,5,1,8,0,5,3,0,1,178,1
"org.apache.lucene.search.MatchAllDocsQuery$MatchAllScorer",5,0.06,1.40,24,0.22,5710.06,9,4,7,6,4,124.39,0,36,0,3,124.39,0.00,0.67,0.30,1,4.00,3,662.25,0,0,4,org.apache.lucene.search.Scorer,0.80,1,2,7,0,1,5,0,0,157,1
"org.apache.lucene.search.MaxNonCompetitiveBoostAttribute",4,0.00,1.00,5,0.03,124.80,4,0,3,4,8,159.47,16,6,5,2,159.23,0.00,0.50,0.00,0,4.00,1,78.03,0,1,3,,0.00,0,1,4,0,0,3,0,5,30,1
"org.apache.lucene.search.MaxNonCompetitiveBoostAttributeImpl",6,0.00,1.00,18,0.15,2170.46,8,2,2,8,4,133.06,3,27,1,2,133.06,0.00,0.50,0.50,0,2.00,1,454.19,0,1,3,org.apache.lucene.util.AttributeImpl,0.18,2,1,6,0,2,5,1,1,117,2
"org.apache.lucene.search.MockFilter",3,0.00,1.00,9,0.06,664.83,4,1,3,5,4,134.73,0,14,1,2,134.73,0.00,0.50,1.00,0,0.00,1,177.45,0,1,3,org.apache.lucene.search.Filter,0.00,2,1,3,0,2,2,0,0,50,1
"org.apache.lucene.search.MultiCollector",6,1.00,3.33,48,0.40,26460.64,7,1,4,12,15,108.57,26,64,13,2,108.34,0.00,0.50,0.00,0,6.00,10,1202.94,0,1,2,org.apache.lucene.search.Collector,0.40,6,1,20,0,6,5,0,6,262,1
"org.apache.lucene.search.MultiCollectorTest",3,0.00,1.67,29,0.34,10566.78,3,0,6,12,3,147.24,8,37,0,2,107.36,0.00,0.50,0.00,0,3.00,2,1023.98,0,0,3,org.apache.lucene.util.LuceneTestCase,0.00,9,1,5,0,9,3,0,8,213,1
"org.apache.lucene.search.MultiCollectorTest$DummyCollector",4,0.00,1.00,14,0.12,1767.65,8,4,6,4,2,132.37,0,24,0,2,132.37,0.00,0.50,0.25,0,12.00,1,366.33,0,0,2,org.apache.lucene.search.Collector,0.50,0,1,4,0,0,4,0,0,95,2
"org.apache.lucene.search.MultiPhraseQuery",15,0.02,2.60,112,1.51,79099.24,19,4,16,49,34,130.56,48,142,18,2,109.95,0.00,0.50,0.23,2,60.00,8,4523.46,1,4,16,org.apache.lucene.search.Query,0.08,34,1,39,0,34,11,0,17,900,1
"org.apache.lucene.search.MultiPhraseQuery$MultiPhraseWeight",6,0.20,3.00,74,1.20,80636.92,8,2,16,45,17,147.98,6,93,0,2,97.98,0.00,0.50,0.67,0,0.00,9,3602.09,0,2,17,org.apache.lucene.search.Weight,0.50,39,1,18,0,39,4,0,6,621,1
"org.apache.lucene.search.MultiPhraseQuery$UnionDocsAndPositionsEnum",8,0.07,2.00,59,0.74,37525.85,12,4,16,34,5,110.41,5,79,0,4,110.41,0.00,0.75,0.31,1,16.00,4,2211.49,0,1,5,org.apache.lucene.index.DocsAndPositionsEnum,1.33,26,3,16,0,26,7,0,5,439,0
"org.apache.lucene.search.MultiPhraseQuery$UnionDocsAndPositionsEnum$DocsQueue",3,0.00,1.67,12,0.15,3371.74,3,0,16,8,3,124.40,0,19,0,2,124.40,0.00,0.50,0.00,0,3.00,3,445.00,2,1,3,org.apache.lucene.util.PriorityQueue,0.00,5,1,5,0,5,2,0,0,104,3
"org.apache.lucene.search.MultiPhraseQuery$UnionDocsAndPositionsEnum$IntQueue",6,0.40,1.17,22,0.18,3555.04,10,4,16,8,0,131.33,0,30,0,1,131.33,0.00,0.00,0.58,1,0.00,2,554.95,0,0,0,java.lang.Object,0.00,2,0,7,0,2,6,0,0,142,3
"org.apache.lucene.search.MultiTermQuery",12,0.02,1.58,50,0.61,22592.04,17,5,9,23,62,93.27,163,69,53,2,122.65,10.00,0.08,0.18,1,42.00,7,1839.06,1,5,11,org.apache.lucene.search.Query,0.09,11,1,19,10,11,7,0,18,402,2
"org.apache.lucene.search.MultiTermQuery$ConstantScoreAutoRewrite",0,0.00,0.00,1,0.02,186.81,0,0,9,0,1,171.00,0,1,0,4,171.00,0.00,0.75,0.00,0,0.00,0,51.89,0,0,1,org.apache.lucene.search.ConstantScoreAutoRewrite,0.00,0,3,0,0,0,0,0,0,15,2
"org.apache.lucene.search.MultiTermQuery$ConstantScoreAutoRewrite_1",2,0.00,1.00,5,0.04,499.34,2,0,9,3,0,140.89,0,9,0,1,140.89,0.00,0.00,0.00,0,2.00,1,129.84,0,0,0,java.lang.Object,0.00,1,0,2,0,1,2,0,0,36,0
"org.apache.lucene.search.MultiTermQuery$RewriteMethod",1,0.00,1.00,2,0.02,146.32,1,0,9,1,3,142.72,0,3,0,1,142.72,0.00,0.00,0.00,0,1.00,1,58.53,0,1,3,java.lang.Object,0.00,0,0,1,0,0,0,0,0,18,3
"org.apache.lucene.search.MultiTermQuery$RewriteMethod_0",1,0.00,1.00,5,0.06,1508.92,1,0,9,5,5,119.90,0,7,0,1,119.90,0.00,0.00,0.00,0,1.00,1,179.90,0,1,5,java.lang.Object,0.00,4,0,1,0,4,0,0,0,42,0
"org.apache.lucene.search.MultiTermQuery$TopTermsBoostOnlyBooleanQueryRewrite",4,0.00,1.00,11,0.13,2102.87,4,0,9,10,7,188.35,7,19,0,4,138.35,0.00,0.75,0.00,0,4.00,1,404.48,0,0,7,org.apache.lucene.search.TopTermsRewrite,0.57,6,3,4,0,6,4,0,1,97,3
"org.apache.lucene.search.MultiTermQuery$TopTermsScoringBooleanQueryRewrite",4,0.00,1.00,11,0.13,2069.52,4,0,9,9,5,188.40,7,19,0,4,138.40,0.00,0.75,0.00,0,4.00,1,385.28,0,0,5,org.apache.lucene.search.TopTermsRewrite,0.57,5,3,4,0,5,4,0,1,94,3
"org.apache.lucene.search.MultiTermQueryWrapperFilter",8,0.14,2.12,55,0.65,40311.36,9,1,9,27,13,94.77,44,70,5,2,112.64,3.00,0.20,0.88,1,0.00,7,1935.69,0,2,8,org.apache.lucene.util.Filter,0.00,19,1,17,3,19,6,0,13,376,1
"org.apache.lucene.search.MultiThreadTermVectorsReader",5,0.00,2.40,53,0.53,18495.12,9,4,10,22,8,105.40,3,54,1,1,105.40,0.00,0.00,0.25,1,6.00,4,1604.55,0,0,7,java.lang.Object,0.00,17,0,12,0,17,5,1,3,329,0
"org.apache.lucene.search.NGramPhraseQuery",4,0.67,3.00,36,0.47,36731.79,5,1,3,8,6,86.07,20,48,2,3,103.94,0.00,0.67,0.50,0,4.00,7,1415.48,6,1,4,org.apache.lucene.search.PhraseQuery,0.11,4,2,12,0,4,3,0,10,279,1
"org.apache.lucene.search.NumericRangeFilter",14,0.00,1.00,29,0.59,17172.69,14,0,3,24,11,117.58,82,66,7,3,135.45,0.00,0.67,0.00,0,34.00,1,1773.35,0,8,5,org.apache.lucene.search.MultiTermQueryWrapperFilter,0.00,10,2,14,0,10,6,0,15,415,2
"org.apache.lucene.search.NumericRangeQuery",18,0.03,2.06,68,1.42,63415.14,24,6,12,34,27,80.98,200,129,18,3,125.11,0.00,0.67,0.19,0,90.00,7,4274.37,5,10,10,org.apache.lucene.search.MultiTermQuery,0.08,16,2,37,0,16,8,0,23,877,2
"org.apache.lucene.search.NumericRangeQuery$NumericRangeTermsEnum",4,0.58,8.00,68,0.93,73557.31,8,4,12,17,4,130.93,10,92,0,3,91.04,0.00,0.67,0.69,1,0.00,23,2790.80,0,2,4,org.apache.lucene.index.FilteredTermsEnum,0.00,13,2,32,0,13,2,0,10,513,2
"org.apache.lucene.search.NumericRangeQuery$NumericRangeTermsEnum$NumericUtils.IntRangeBuilder",1,0.00,1.00,4,0.04,629.26,1,0,12,1,1,126.50,0,6,0,1,126.50,0.00,0.00,0.00,0,0.00,1,113.18,0,0,1,java.lang.Object,0.00,0,0,1,0,0,1,0,0,31,0
"org.apache.lucene.search.NumericRangeQuery$NumericRangeTermsEnum$NumericUtils.LongRangeBuilder",1,0.00,1.00,4,0.04,629.26,1,0,12,1,1,126.50,0,6,0,1,126.50,0.00,0.00,0.00,0,0.00,1,113.18,0,0,1,java.lang.Object,0.00,0,0,1,0,0,1,0,0,31,0
"org.apache.lucene.search.PhrasePositions",6,0.25,1.67,36,0.30,5083.71,14,8,2,10,5,139.41,21,48,3,1,118.80,0.00,0.00,0.33,1,0.00,2,913.78,0,1,2,java.lang.Object,0.00,4,0,10,0,4,5,0,14,214,1
"org.apache.lucene.search.PhraseQuery",13,0.10,2.15,90,1.19,65869.58,18,5,18,39,66,133.24,44,112,50,2,112.62,1.00,0.33,0.29,2,15.00,8,3561.09,2,4,17,org.apache.lucene.search.Query,0.17,26,1,28,1,26,9,0,12,717,1
"org.apache.lucene.search.PhraseQuery$PhraseWeight",8,0.10,2.12,71,1.23,67069.14,11,3,18,48,20,156.24,8,91,0,2,106.24,0.00,0.50,0.42,1,0.00,7,3689.23,0,2,20,org.apache.lucene.search.Weight,0.43,40,1,17,0,40,6,0,8,649,1
"org.apache.lucene.search.PhraseQuery$PostingsAndFreq",4,0.42,3.75,34,0.39,16315.68,8,4,18,8,2,108.58,0,43,0,1,108.58,0.00,0.00,0.56,0,0.00,9,1182.23,0,0,2,java.lang.Object,0.00,4,0,15,0,4,4,1,0,266,1
"org.apache.lucene.search.PhraseQueue",2,0.00,2.50,12,0.14,8137.34,2,0,1,2,3,163.34,2,21,1,2,113.34,0.00,0.50,0.00,0,2.00,4,427.10,0,0,2,org.apache.lucene.util.PriorityQueue,0.00,0,1,5,0,0,2,0,2,102,1
"org.apache.lucene.search.PhraseScorer",9,0.09,1.78,51,0.53,19197.29,13,4,2,12,6,139.19,33,69,2,3,118.58,1.00,0.40,0.33,1,0.00,5,1597.99,0,1,4,org.apache.lucene.search.Scorer,0.79,3,2,16,2,3,8,0,16,346,1
"org.apache.lucene.search.PositiveScoresOnlyCollector",5,0.00,1.20,15,0.15,2610.20,7,2,2,11,4,181.76,7,26,1,2,131.76,0.00,0.50,0.50,0,0.00,2,453.39,0,0,3,org.apache.lucene.search.Collector,0.67,6,1,6,0,6,5,0,3,117,1
"org.apache.lucene.search.PrefixFilter",3,0.00,1.00,11,0.10,2058.03,3,0,1,9,4,180.87,5,14,1,3,130.87,0.00,0.67,0.00,1,4.00,1,285.89,0,2,3,org.apache.lucene.search.MultiTermQueryWrapperFilter,0.27,6,2,3,0,6,1,0,2,76,1
"org.apache.lucene.search.PrefixQuery",6,0.20,2.50,35,0.43,14892.11,7,1,6,19,27,167.98,10,51,20,3,117.98,0.00,0.67,0.83,0,0.00,7,1276.62,4,3,7,org.apache.lucene.search.MultiTermQuery,0.11,13,2,15,0,13,3,0,5,281,1
"org.apache.lucene.search.PrefixTermsEnum",2,1.00,1.50,10,0.09,1336.11,3,1,4,3,5,143.20,7,15,2,3,122.59,0.00,0.67,0.50,0,2.00,2,256.54,1,1,3,org.apache.lucene.index.FilteredTermsEnum,0.00,1,2,3,0,1,1,0,1,64,1
"org.apache.lucene.search.Query",10,0.67,1.50,31,0.32,7118.74,11,1,4,15,375,130.88,47,47,373,1,130.65,0.00,0.00,0.40,1,18.00,5,955.90,1,5,4,java.lang.Object,0.00,5,0,15,57,5,5,1,11,232,2
"org.apache.lucene.search.QueryTermVector",10,0.11,2.30,80,1.01,59117.89,12,2,13,38,7,157.42,10,96,1,1,107.42,0.00,0.00,0.40,1,10.00,6,3041.53,0,3,6,java.lang.Object,0.00,28,0,23,0,28,7,1,4,590,1
"org.apache.lucene.search.QueryUtils",11,1.00,2.55,119,2.11,105486.78,12,1,18,60,43,102.36,47,165,24,1,102.13,0.00,0.00,0.09,7,20.00,7,6339.90,0,1,20,java.lang.Object,0.00,49,0,28,0,49,10,0,28,1170,1
"org.apache.lucene.search.QueryUtils$Collector",4,0.00,4.25,48,1.16,83678.65,7,3,18,22,5,146.39,4,73,0,1,96.39,0.00,0.00,0.33,0,4.00,12,3472.73,0,0,5,java.lang.Object,0.00,18,0,17,0,18,4,0,4,559,0
"org.apache.lucene.search.QueryUtils$Collector_0",4,0.00,2.25,41,0.77,41814.12,7,3,18,20,6,151.86,4,52,0,1,101.86,0.00,0.00,0.33,0,4.00,4,2311.19,0,0,6,java.lang.Object,0.00,16,0,9,0,16,4,0,4,401,0
"org.apache.lucene.search.QueryUtils$Query",1,0.00,1.00,3,0.02,200.88,1,0,18,1,0,135.07,0,5,0,1,135.07,0.00,0.00,0.00,0,1.00,1,52.97,0,1,0,java.lang.Object,0.00,0,0,1,0,0,0,0,0,17,0
"org.apache.lucene.search.QueryWrapperFilter",6,0.20,1.17,18,0.20,4403.05,7,1,2,11,18,170.49,15,30,13,2,130.60,0.00,0.50,0.83,1,0.00,2,611.55,0,2,5,org.apache.lucene.search.Filter,0.00,5,1,7,0,5,4,0,4,149,1
"org.apache.lucene.search.QueryWrapperFilter$DocIdSet",2,0.00,1.00,5,0.05,651.06,2,0,2,4,1,139.98,0,7,0,1,139.98,0.00,0.00,0.00,0,2.00,1,150.74,0,1,1,java.lang.Object,0.00,2,0,2,0,2,1,0,0,40,0
"org.apache.lucene.search.RandomSimilarityProvider",5,0.18,1.60,57,0.74,20344.12,16,11,36,32,30,143.51,14,83,0,2,103.62,0.00,0.50,0.24,0,0.00,2,2210.86,2,2,30,org.apache.lucene.search.similarities.DefaultSimilarityProvider,0.50,27,1,8,0,27,3,0,13,436,1
"org.apache.lucene.search.RegexpQuery",4,0.00,1.25,17,0.20,5053.89,4,0,6,14,20,113.71,63,24,14,4,124.07,0.00,0.75,0.00,0,6.00,2,589.47,1,1,6,org.apache.lucene.search.AutomatonQuery,0.00,10,3,5,0,10,3,0,7,140,1
"org.apache.lucene.search.RegexpQuery$AutomatonProvider",1,0.00,1.00,3,0.02,141.06,1,0,6,1,1,136.28,0,4,0,1,136.28,0.00,0.00,0.00,0,1.00,1,51.02,0,1,1,java.lang.Object,0.00,0,0,1,0,0,0,0,0,16,0
"org.apache.lucene.search.ReqExclScorer",6,0.27,2.67,47,0.41,17969.79,9,3,1,12,3,94.00,32,67,1,3,111.87,0.00,0.67,0.56,0,0.00,5,1235.39,0,0,2,org.apache.lucene.search.Scorer,0.75,6,2,16,0,6,6,0,11,283,0
"org.apache.lucene.search.ReqOptSumScorer",5,0.00,1.60,23,0.24,9999.95,7,2,1,9,2,143.05,17,38,1,3,122.44,0.00,0.67,0.50,0,0.00,4,721.20,0,0,1,org.apache.lucene.search.Scorer,0.80,4,2,8,0,4,5,0,4,171,0
"org.apache.lucene.search.ScoreCachingWrappingScorer",7,0.06,1.14,23,0.23,4446.23,10,3,1,11,6,181.10,12,38,4,3,131.10,0.00,0.67,0.38,0,0.00,2,686.38,0,0,2,org.apache.lucene.search.Scorer,0.71,4,2,8,0,4,7,0,2,173,1
"org.apache.lucene.search.ScoreDoc",3,0.17,1.00,12,0.10,1289.50,6,3,0,3,107,79.70,24,17,107,1,127.81,0.00,0.00,0.22,0,4.00,1,285.23,0,1,0,java.lang.Object,0.00,0,0,3,3,0,2,0,8,79,1
"org.apache.lucene.search.Scorer",7,1.00,1.29,24,0.21,3953.59,8,1,3,11,167,83.37,58,33,166,2,131.47,38.00,0.02,0.14,0,17.00,2,628.27,0,2,3,org.apache.lucene.search.DocIdSetIterator,0.00,4,1,9,38,4,5,0,9,155,2
"org.apache.lucene.search.Scorer$ChildScorer",1,2.00,1.00,6,0.04,570.78,3,2,3,1,1,120.27,0,8,0,1,120.27,0.00,0.00,0.00,0,1.00,1,130.51,0,0,1,java.lang.Object,0.00,0,0,1,0,0,1,0,0,37,2
"org.apache.lucene.search.ScoringRewrite",2,0.00,2.00,27,0.46,27509.11,2,0,13,16,14,67.32,27,31,2,3,96.70,0.00,0.67,0.00,0,2.00,3,1375.81,3,0,13,org.apache.lucene.search.TermCollectingRewrite,0.00,14,2,4,0,14,2,0,5,252,2
"org.apache.lucene.search.ScoringRewrite$ParallelArraysTermCollector",2,0.50,1.50,21,0.38,16794.62,6,4,13,17,8,152.70,2,27,0,2,102.70,0.00,0.50,0.50,0,2.00,2,1133.71,0,0,8,org.apache.lucene.search.TermCollector,0.00,15,1,3,0,15,2,0,2,214,1
"org.apache.lucene.search.ScoringRewrite$RewriteMethod",2,0.00,1.50,9,0.10,2856.48,2,0,13,8,5,173.61,3,13,0,1,123.61,0.00,0.00,0.00,0,2.00,2,313.76,0,2,5,java.lang.Object,0.00,6,0,3,0,6,0,0,3,70,0
"org.apache.lucene.search.ScoringRewrite$ScoringRewrite<BooleanQuery>",4,0.00,1.25,11,0.14,2457.34,4,0,13,10,4,137.76,1,20,0,1,137.76,0.00,0.00,0.00,0,4.00,2,414.94,0,1,4,java.lang.Object,0.00,6,0,5,0,6,3,0,1,99,0
"org.apache.lucene.search.ScoringRewrite$TermFreqBoostByteStart",4,0.33,1.25,24,0.34,16475.72,6,2,13,7,3,113.46,0,33,0,2,113.46,0.00,0.50,0.75,0,0.00,2,1007.70,3,0,3,org.apache.lucene.util.DirectBytesStartArray,0.00,3,1,5,0,3,4,0,0,216,2
"org.apache.lucene.search.SearcherLifetimeManager",6,0.00,2.67,48,0.65,25873.02,8,2,11,29,6,141.85,125,63,1,1,108.46,0.00,0.00,0.50,1,0.00,4,1947.60,0,1,5,java.lang.Object,0.00,23,0,16,0,23,5,1,19,388,1
"org.apache.lucene.search.SearcherLifetimeManager$PruneByAge",2,1.00,1.50,8,0.08,1472.60,3,1,11,3,1,125.87,0,13,0,1,125.87,0.00,0.00,0.50,0,2.00,2,235.55,0,0,1,java.lang.Object,0.00,1,0,3,0,1,2,1,0,59,3
"org.apache.lucene.search.SearcherLifetimeManager$Pruner",1,0.00,1.00,2,0.01,54.79,1,0,11,1,1,113.86,6,3,0,1,146.08,0.00,0.00,0.00,0,1.00,1,36.53,0,0,1,,0.00,0,0,1,0,0,1,0,1,13,1
"org.apache.lucene.search.SearcherLifetimeManager$SearcherTracker",3,0.17,1.67,18,0.18,3560.25,6,3,11,9,1,157.53,6,25,0,1,117.65,0.00,0.00,0.44,0,2.00,3,546.67,0,0,1,java.lang.Object,0.00,6,0,5,0,6,3,2,6,130,2
"org.apache.lucene.search.SearcherManager",9,0.03,1.89,62,0.59,16219.30,13,4,10,24,11,86.81,117,90,4,1,116.19,0.00,0.00,0.28,4,0.00,5,1779.15,0,1,8,java.lang.Object,0.00,15,0,17,0,15,8,0,15,386,2
"org.apache.lucene.search.SearcherManager$IndexWriter.IndexReaderWarmer",1,0.00,1.00,3,0.04,510.62,1,0,10,2,2,131.88,0,5,0,1,131.88,0.00,0.00,0.00,0,0.00,1,105.43,0,0,2,java.lang.Object,0.00,1,0,1,0,1,1,0,0,28,0
"org.apache.lucene.search.SearcherWarmer",1,0.00,1.00,2,0.01,69.06,1,0,2,1,5,97.18,8,3,4,1,145.29,0.00,0.00,0.00,0,1.00,1,36.53,0,0,2,,0.00,0,0,1,0,0,1,0,4,13,1
"org.apache.lucene.search.SingleDocTestFilter",2,1.00,1.00,8,0.08,1447.74,3,1,4,6,4,126.02,0,12,1,2,126.02,0.00,0.50,0.50,0,2.00,1,243.78,0,1,3,org.apache.lucene.search.Filter,0.00,4,1,2,0,4,1,0,0,60,1
"org.apache.lucene.search.SloppyPhraseScorer",5,0.10,7.40,115,1.41,167911.03,10,5,3,18,7,131.37,118,136,2,4,84.10,0.00,0.75,0.28,1,6.00,18,4227.90,0,0,5,org.apache.lucene.search.PhraseScorer,0.17,13,3,37,0,13,5,0,76,770,1
"org.apache.lucene.search.Sort",10,0.22,1.70,43,0.46,17455.60,13,3,2,18,85,74.41,109,55,84,1,122.89,0.00,0.00,0.13,1,18.00,4,1371.11,0,3,2,java.lang.Object,0.00,8,0,17,0,8,7,0,13,312,1
"org.apache.lucene.search.SortField",24,0.03,2.88,167,2.53,127489.73,34,10,5,63,97,80.17,147,242,84,1,112.39,0.00,0.00,0.12,1,206.00,16,7589.51,0,8,13,java.lang.Object,0.00,39,0,69,1,39,16,0,41,1448,1
"org.apache.lucene.search.SortField$Type",0,0.00,0.00,2,0.03,150.12,0,0,5,0,0,171.00,2,15,0,1,171.00,0.00,0.00,0.00,0,0.00,0,75.06,0,0,0,java.lang.Object,0.00,0,0,0,0,0,0,0,1,18,2
"org.apache.lucene.search.SpanFilter",1,0.00,1.00,2,0.02,132.18,1,0,2,1,6,122.92,14,3,4,2,143.07,3.00,0.20,0.00,0,1.00,1,52.87,0,1,2,org.apache.lucene.search.Filter,0.00,0,1,1,3,0,0,0,2,17,2
"org.apache.lucene.search.SpanFilterResult",3,0.25,1.00,12,0.09,1291.58,5,2,2,3,7,95.58,18,17,6,1,127.80,0.00,0.00,0.33,0,5.00,1,257.40,0,1,1,java.lang.Object,0.00,0,0,3,0,0,2,0,5,69,1
"org.apache.lucene.search.SpanFilterResult$PositionInfo",4,0.00,1.00,12,0.10,1251.72,6,2,2,7,0,183.55,4,18,0,1,133.55,0.00,0.00,0.50,0,0.00,1,286.93,0,1,0,java.lang.Object,0.00,3,0,4,0,3,3,0,1,77,2
"org.apache.lucene.search.SpanFilterResult$StartEnd",3,0.25,1.00,10,0.06,763.50,5,2,2,3,0,174.14,8,15,0,1,134.26,0.00,0.00,0.33,0,5.00,1,167.02,0,0,0,java.lang.Object,0.00,0,0,3,0,0,3,0,2,51,2
"org.apache.lucene.search.SpanQueryFilter",8,0.43,1.25,31,0.41,15876.04,9,1,7,23,9,177.18,14,50,3,3,127.18,0.00,0.67,0.62,2,0.00,3,1216.65,0,4,6,org.apache.lucene.search.SpanFilter,0.00,15,2,10,0,15,4,0,2,257,1
"org.apache.lucene.search.TermCollectingRewrite",4,0.00,2.75,29,0.48,32244.29,4,0,13,14,13,158.48,6,38,3,2,108.48,6.00,0.12,0.00,1,4.00,8,1435.68,0,0,10,MultiTermQuery.RewriteMethod,0.00,10,1,11,6,10,4,0,6,262,1
"org.apache.lucene.search.TermCollectingRewrite$TermCollector",3,3.00,1.00,9,0.08,1247.23,6,3,13,4,3,182.58,3,11,0,1,132.58,0.00,0.00,0.00,0,3.00,1,252.57,0,0,3,java.lang.Object,0.00,1,0,3,0,1,3,0,3,67,3
"org.apache.lucene.search.TermQuery",9,0.08,1.44,43,0.50,14709.69,12,3,17,25,213,163.04,18,61,198,2,123.15,0.00,0.50,0.41,2,0.00,3,1488.09,1,3,15,org.apache.lucene.search.Query,0.11,16,1,13,0,16,6,0,12,333,1
"org.apache.lucene.search.TermQuery$TermWeight",10,0.04,1.40,54,0.90,29206.39,13,3,17,39,18,167.56,11,74,0,2,117.56,0.00,0.50,0.30,2,18.00,3,2698.33,0,6,18,org.apache.lucene.search.Weight,0.38,29,1,14,0,29,4,0,7,532,1
"org.apache.lucene.search.TermRangeFilter",8,0.00,1.25,19,0.23,5151.21,8,0,1,15,14,105.38,54,21,11,3,137.60,0.00,0.67,0.00,0,8.00,3,675.59,0,5,3,org.apache.lucene.search.MultiTermQueryWrapperFilter,0.00,7,2,10,0,7,3,0,10,172,1
"org.apache.lucene.search.TermRangeQuery",10,0.28,3.60,64,0.94,44284.73,14,4,6,24,41,113.20,44,84,34,3,112.97,0.00,0.67,0.50,0,0.00,12,2821.77,4,5,7,org.apache.lucene.search.MultiTermQuery,0.09,14,2,36,0,14,5,0,9,589,1
"org.apache.lucene.search.TermRangeTermsEnum",2,1.00,3.50,29,0.32,10937.21,7,5,5,5,5,116.66,36,40,2,3,98.52,0.00,0.67,0.70,0,0.00,4,968.92,1,1,3,org.apache.lucene.index.FilteredTermsEnum,0.00,3,2,7,0,3,1,0,6,199,1
"org.apache.lucene.search.TermScorer",9,0.26,1.89,69,0.66,23650.56,18,9,3,16,6,112.64,40,90,1,3,112.40,0.00,0.67,0.35,1,0.00,4,1984.00,0,1,5,org.apache.lucene.search.Scorer,0.79,7,2,17,0,7,8,0,15,421,1
"org.apache.lucene.search.TestAutomatonQuery",11,0.10,1.09,95,1.38,33886.14,15,4,16,50,19,149.71,29,124,0,2,109.82,0.00,0.50,0.34,2,0.00,2,4149.57,2,1,19,org.apache.lucene.util.LuceneTestCase,0.00,39,1,12,0,39,10,0,16,835,1
"org.apache.lucene.search.TestAutomatonQueryUnicode",6,0.15,1.00,65,0.76,23912.87,10,4,11,24,12,145.23,13,75,0,2,105.34,0.00,0.50,0.38,2,6.00,1,2286.40,2,1,12,org.apache.lucene.util.LuceneTestCase,0.00,18,1,6,0,18,5,0,4,446,1
"org.apache.lucene.search.TestBlockJoin",12,0.00,4.92,377,7.83,913079.15,12,0,19,73,29,76.80,51,406,0,2,76.56,0.00,0.50,0.00,8,12.00,37,23498.22,0,7,29,org.apache.lucene.util.LuceneTestCase,0.00,61,1,59,0,61,5,0,51,3410,1
"org.apache.lucene.search.TestBoolean2",15,0.13,1.87,202,3.36,156033.78,24,9,18,61,27,147.67,15,240,1,2,97.67,0.00,0.50,0.24,1,0.00,9,10087.22,0,1,26,org.apache.lucene.util.LuceneTestCase,0.00,46,1,28,0,46,14,0,13,1815,1
"org.apache.lucene.search.TestBoolean2$Callback",1,0.00,1.00,2,0.01,52.70,1,0,18,1,1,146.21,0,3,0,1,146.21,0.00,0.00,0.00,0,1.00,1,31.26,0,0,1,,0.00,0,0,1,0,0,1,0,0,12,2
"org.apache.lucene.search.TestBoolean2$DefaultSimilarityProvider",1,0.00,1.00,3,0.03,601.38,1,0,18,1,0,131.32,0,5,0,1,131.32,0.00,0.00,0.00,0,1.00,1,93.95,0,0,0,java.lang.Object,0.00,0,0,1,0,0,1,0,0,26,0
"org.apache.lucene.search.TestBooleanMinShouldMatch",19,0.20,1.63,207,3.96,159234.22,22,3,12,55,16,84.82,113,242,0,2,102.69,0.00,0.50,0.14,2,63.00,8,11893.25,0,0,16,org.apache.lucene.util.LuceneTestCase,0.00,36,1,31,0,36,19,0,112,2261,1
"org.apache.lucene.search.TestBooleanMinShouldMatch$TestBoolean2.Callback",1,0.00,3.00,10,0.12,3530.76,1,0,12,5,2,105.51,0,9,0,1,105.51,0.00,0.00,0.00,0,1.00,3,345.51,0,0,2,java.lang.Object,0.00,4,0,3,0,4,1,0,0,72,0
"org.apache.lucene.search.TestBooleanOr",8,0.33,1.00,74,1.08,31502.94,17,9,8,26,12,127.71,29,91,0,2,107.09,0.00,0.50,0.40,0,4.00,1,3248.65,2,0,12,org.apache.lucene.util.LuceneTestCase,0.00,18,1,8,0,18,8,0,9,688,1
"org.apache.lucene.search.TestBooleanQuery",5,0.00,5.00,180,3.33,241131.43,5,0,19,69,25,96.31,17,199,0,2,75.70,0.00,0.50,0.00,0,5.00,19,9990.75,0,0,25,org.apache.lucene.util.LuceneTestCase,0.00,64,1,25,0,64,5,0,17,1573,1
"org.apache.lucene.search.TestBooleanQuery$DefaultSimilarityProvider",2,0.00,1.00,5,0.04,726.21,2,0,19,4,1,139.61,0,9,0,1,139.61,0.00,0.00,0.00,0,2.00,1,131.85,0,1,1,java.lang.Object,0.00,2,0,2,0,2,1,0,0,38,0
"org.apache.lucene.search.TestBooleanScorer",3,0.25,2.33,78,1.29,60572.58,5,2,14,33,15,134.12,4,82,0,2,84.12,0.00,0.50,0.33,0,5.00,3,3881.31,0,0,15,org.apache.lucene.util.LuceneTestCase,0.00,30,1,7,0,30,3,0,4,650,1
"org.apache.lucene.search.TestBooleanScorer$Collector",4,0.67,1.00,9,0.08,974.14,5,1,14,5,1,140.98,0,17,0,1,140.98,0.00,0.00,0.50,0,4.00,1,234.46,0,0,1,java.lang.Object,0.00,1,0,4,0,1,4,0,0,66,0
"org.apache.lucene.search.TestBooleanScorer$Collector_0",4,1.00,1.00,10,0.11,1566.64,5,1,14,7,2,139.35,1,18,0,1,139.35,0.00,0.00,0.00,0,4.00,1,316.97,0,0,2,java.lang.Object,0.00,3,0,4,0,3,4,0,1,82,0
"org.apache.lucene.search.TestCachingCollector",5,0.25,3.20,69,0.86,34356.59,6,1,3,18,2,119.58,19,68,0,2,98.96,0.00,0.50,0.80,0,0.00,4,2567.32,0,0,2,org.apache.lucene.util.LuceneTestCase,0.00,13,1,16,0,13,5,0,19,492,1
"org.apache.lucene.search.TestCachingCollector$Collector",4,1.00,1.00,9,0.08,1041.96,5,1,3,5,1,140.75,0,15,0,1,140.75,0.00,0.00,0.25,0,6.00,1,253.44,0,0,1,java.lang.Object,0.00,1,0,4,0,1,4,0,0,70,0
"org.apache.lucene.search.TestCachingCollector$MockScorer",5,0.00,1.00,11,0.08,896.67,5,0,3,5,1,142.02,0,13,0,3,142.02,0.00,0.67,0.00,0,5.00,1,234.91,0,0,1,org.apache.lucene.search.Scorer,0.80,0,2,5,0,0,5,0,0,69,2
"org.apache.lucene.search.TestCachingCollector$NoOpCollector",5,1.00,1.00,9,0.08,837.06,6,1,3,5,2,153.49,0,16,0,2,153.49,0.00,0.50,0.20,0,8.00,1,245.92,0,0,2,org.apache.lucene.search.Collector,0.44,0,1,5,0,0,5,0,0,72,2
"org.apache.lucene.search.TestCachingSpanFilter",2,0.00,1.50,71,1.17,67555.92,2,0,13,33,18,33.52,22,81,0,2,77.65,0.00,0.50,0.00,0,2.00,2,3515.15,0,1,18,org.apache.lucene.util.LuceneTestCase,0.00,31,1,3,0,31,1,0,22,563,1
"org.apache.lucene.search.TestCachingWrapperFilter",7,0.00,1.29,154,2.41,154106.05,7,0,14,51,23,86.90,33,169,0,2,86.67,0.00,0.50,0.00,1,7.00,2,7229.03,0,1,23,org.apache.lucene.util.LuceneTestCase,0.00,44,1,9,0,44,6,0,33,1238,1
"org.apache.lucene.search.TestCachingWrapperFilter$Filter",1,0.00,1.00,3,0.02,175.12,1,0,14,1,1,135.54,0,5,0,1,135.54,0.00,0.00,0.00,0,1.00,1,54.60,0,1,1,java.lang.Object,0.00,0,0,1,0,0,0,0,0,17,0
"org.apache.lucene.search.TestCachingWrapperFilter$Filter_0",1,0.00,1.00,3,0.02,161.45,1,0,14,2,1,135.81,0,5,0,1,135.81,0.00,0.00,0.00,0,1.00,1,49.51,0,1,1,java.lang.Object,0.00,1,0,1,0,1,0,0,0,16,0
"org.apache.lucene.search.TestCachingWrapperFilter$Filter_0$DocIdSet",1,0.00,1.00,3,0.01,149.03,1,0,14,1,1,136.09,0,5,0,1,136.09,0.00,0.00,0.00,0,1.00,1,44.54,0,1,1,java.lang.Object,0.00,0,0,1,0,0,0,0,0,15,0
"org.apache.lucene.search.TestCachingWrapperFilter$Filter_1",1,0.00,1.00,3,0.03,432.00,1,0,14,3,2,132.45,0,5,0,1,132.45,0.00,0.00,0.00,0,1.00,1,92.00,0,1,2,java.lang.Object,0.00,2,0,1,0,2,0,0,0,25,0
"org.apache.lucene.search.TestComplexExplanations",24,0.00,1.00,196,3.41,141980.04,24,0,4,52,15,107.61,20,238,1,3,107.61,0.50,0.50,0.00,1,104.00,1,10239.84,9,1,14,org.apache.lucene.search.TestExplanations,0.00,28,2,24,1,28,23,0,13,1921,1
"org.apache.lucene.search.TestComplexExplanations$DefaultSimilarityProvider",1,0.00,1.00,3,0.02,200.88,1,0,4,1,0,185.07,1,5,0,1,135.07,0.00,0.00,0.00,0,1.00,1,52.97,0,0,0,java.lang.Object,0.00,0,0,1,0,0,1,0,1,17,0
"org.apache.lucene.search.TestComplexExplanationsOfNonMatches",1,0.00,1.00,3,0.04,549.65,1,0,0,2,3,180.90,24,7,0,4,131.62,0.00,0.75,0.00,0,0.00,1,119.24,0,0,3,org.apache.lucene.search.TestComplexExplanations,0.00,1,3,1,0,1,1,0,3,30,1
"org.apache.lucene.search.TestConstantScoreQuery",3,0.00,2.00,49,0.86,45169.17,3,0,10,31,16,143.03,4,55,0,2,93.03,0.00,0.50,0.00,1,3.00,4,2584.52,0,0,16,org.apache.lucene.util.LuceneTestCase,0.00,28,1,6,0,28,3,0,3,464,1
"org.apache.lucene.search.TestConstantScoreQuery$Collector",4,1.00,1.25,14,0.18,4517.67,5,1,10,9,2,129.11,0,23,0,1,129.11,0.00,0.00,0.00,0,4.00,2,550.28,0,0,2,java.lang.Object,0.00,5,0,5,0,5,4,0,0,125,0
"org.apache.lucene.search.TestConstantScoreQuery$DefaultSimilarityProvider",1,0.00,1.00,3,0.02,200.88,1,0,10,1,0,135.07,0,5,0,1,135.07,0.00,0.00,0.00,0,1.00,1,52.97,0,0,0,java.lang.Object,0.00,0,0,1,0,0,1,0,0,17,0
"org.apache.lucene.search.TestCustomSearcherSort",7,0.08,2.57,85,1.19,54881.00,11,4,15,39,14,57.57,50,99,0,2,99.86,0.00,0.50,0.32,3,4.00,5,3556.86,2,0,14,org.apache.lucene.util.LuceneTestCase,0.00,32,1,18,0,32,7,0,40,659,1
"org.apache.lucene.search.TestCustomSearcherSort$CustomSearcher",3,0.50,1.00,15,0.26,5681.72,4,1,15,8,10,101.25,17,25,0,2,119.12,0.00,0.50,0.67,0,1.00,1,779.83,1,2,10,org.apache.lucene.search.IndexSearcher,0.00,5,1,3,0,5,1,0,3,162,1
"org.apache.lucene.search.TestCustomSearcherSort$RandomGen",2,0.00,1.00,7,0.08,1012.32,4,2,15,6,1,131.91,1,11,0,1,131.91,0.00,0.00,0.50,0,2.00,1,246.16,0,1,1,java.lang.Object,0.00,4,0,2,0,4,1,0,1,62,1
"org.apache.lucene.search.TestDateFilter",2,0.00,1.00,63,1.32,58425.00,2,0,10,21,13,69.85,31,81,0,2,80.20,0.00,0.50,0.00,0,2.00,1,3962.71,0,0,13,org.apache.lucene.util.LuceneTestCase,0.00,19,1,2,0,19,2,0,23,650,1
"org.apache.lucene.search.TestDateSort",4,0.42,1.25,49,0.67,16814.19,8,4,11,25,15,102.39,16,54,0,2,102.16,0.00,0.50,0.56,1,0.00,2,2018.90,2,1,15,org.apache.lucene.util.LuceneTestCase,0.00,21,1,5,0,21,3,0,13,380,1
"org.apache.lucene.search.TestDisjunctionMaxQuery",15,0.16,2.00,262,4.67,209974.23,20,5,18,61,24,112.91,52,339,0,2,92.29,0.00,0.50,0.35,2,0.00,3,13999.67,2,2,24,org.apache.lucene.util.LuceneTestCase,0.00,46,1,30,0,46,13,0,41,2374,1
"org.apache.lucene.search.TestDisjunctionMaxQuery$DefaultSimilarityProvider",1,0.00,1.00,3,0.02,238.65,1,0,18,2,2,134.48,0,5,0,1,134.48,0.00,0.00,0.00,0,1.00,1,63.51,0,1,2,java.lang.Object,0.00,1,0,1,0,1,0,0,0,19,0
"org.apache.lucene.search.TestDisjunctionMaxQuery$TestSimilarity",4,0.00,1.25,8,0.08,1228.26,4,0,18,6,1,140.13,1,16,0,2,140.13,0.00,0.50,0.00,0,4.00,2,237.64,0,0,1,org.apache.lucene.index.DefaultSimilarity,0.00,2,1,5,0,2,4,0,1,66,2
"org.apache.lucene.search.TestDocBoost",1,0.00,3.00,29,0.46,20878.31,1,0,9,23,11,49.96,6,32,0,2,82.18,0.00,0.50,0.00,0,1.00,3,1366.72,0,0,11,org.apache.lucene.util.LuceneTestCase,0.00,22,1,3,0,22,1,0,3,225,1
"org.apache.lucene.search.TestDocBoost$Collector",4,0.17,1.00,11,0.11,1680.83,6,2,9,5,1,139.11,0,19,0,1,139.11,0.00,0.00,0.38,0,4.00,1,330.56,0,0,1,java.lang.Object,0.00,1,0,4,0,1,4,0,0,85,0
"org.apache.lucene.search.TestDocIdSet",2,0.00,3.00,38,0.62,25515.49,2,0,12,33,11,130.60,4,45,0,2,90.72,0.00,0.50,0.00,0,2.00,5,1861.24,0,0,11,org.apache.lucene.util.LuceneTestCase,0.00,31,1,6,0,31,2,0,4,325,1
"org.apache.lucene.search.TestDocIdSet$DocIdSet",1,0.00,1.00,3,0.01,138.80,1,0,12,2,1,136.33,0,5,0,1,136.33,0.00,0.00,0.00,0,1.00,1,39.70,0,1,1,java.lang.Object,0.00,1,0,1,0,1,0,0,0,14,0
"org.apache.lucene.search.TestDocIdSet$DocIdSet$DocIdSetIterator",3,0.00,1.67,10,0.09,1823.63,4,1,12,3,0,131.16,0,16,0,1,131.16,0.00,0.00,1.00,0,0.00,2,270.60,0,0,0,java.lang.Object,0.00,0,0,5,0,0,3,0,0,70,0
"org.apache.lucene.search.TestDocIdSet$Filter",1,0.00,1.00,3,0.02,240.44,1,0,12,1,1,134.45,0,5,0,1,134.45,0.00,0.00,0.00,0,1.00,1,65.11,0,1,1,java.lang.Object,0.00,0,0,1,0,0,0,0,0,19,0
"org.apache.lucene.search.TestDocIdSet$FilteredDocIdSet",1,0.00,1.00,3,0.03,358.99,1,0,12,1,0,183.08,1,5,0,1,133.08,0.00,0.00,0.00,0,1.00,1,78.03,0,0,0,java.lang.Object,0.00,0,0,1,0,0,1,0,1,22,0
"org.apache.lucene.search.TestDocValuesScoring",1,0.00,1.00,56,0.95,52143.87,2,1,19,28,19,112.58,22,59,0,2,68.64,0.00,0.50,1.00,0,0.00,1,2859.33,0,0,19,org.apache.lucene.util.LuceneTestCase,0.00,27,1,1,0,27,1,0,12,460,1
"org.apache.lucene.search.TestDocValuesScoring$BoostingSimilarity",5,0.12,1.00,18,0.25,4850.78,7,2,19,13,4,129.68,0,28,0,2,129.68,0.00,0.50,0.60,0,0.00,1,761.12,0,3,4,org.apache.lucene.search.similarities.Similarity,0.00,8,1,5,0,8,2,0,0,174,1
"org.apache.lucene.search.TestDocValuesScoring$BoostingSimilarity$ExactDocScorer",2,0.00,1.00,10,0.16,4869.78,2,0,19,8,1,118.26,0,14,0,1,118.26,0.00,0.00,0.00,0,2.00,1,480.65,0,1,1,java.lang.Object,0.00,6,0,2,0,6,1,0,0,105,0
"org.apache.lucene.search.TestDocValuesScoring$BoostingSimilarity$SloppyDocScorer",4,0.00,1.00,14,0.22,5869.57,4,0,19,12,2,128.27,0,22,0,1,128.27,0.00,0.00,0.00,0,6.00,1,649.83,0,1,2,java.lang.Object,0.00,8,0,4,0,8,3,0,0,148,0
"org.apache.lucene.search.TestDocValuesScoring$SimilarityProvider",3,1.00,1.33,8,0.10,1584.64,4,1,19,8,1,138.26,0,13,0,1,138.26,0.00,0.00,0.33,0,4.00,2,299.32,0,1,1,java.lang.Object,0.00,5,0,4,0,5,2,0,0,78,0
"org.apache.lucene.search.TestElevationComparator",4,0.67,1.75,59,1.11,41413.20,5,1,13,39,19,117.12,14,69,0,2,96.50,0.00,0.50,0.50,3,4.00,2,3341.43,0,2,19,org.apache.lucene.util.LuceneTestCase,0.00,35,1,7,0,35,2,0,4,588,1
"org.apache.lucene.search.TestExplanations",19,0.03,1.11,81,1.03,26158.72,26,7,18,43,24,163.69,49,105,4,2,123.80,7.00,0.11,0.11,6,73.00,2,3104.61,0,14,20,org.apache.lucene.util.LuceneTestCase,0.00,24,1,21,7,24,5,0,22,689,1
"org.apache.lucene.search.TestExplanations$ItemizedFilter",3,0.00,1.33,13,0.12,4244.92,3,0,18,3,1,123.66,0,15,0,3,123.66,0.00,0.67,0.00,0,4.00,2,351.62,0,1,1,org.apache.lucene.search.FieldCacheTermsFilter,0.00,0,2,4,0,0,2,0,0,87,2
"org.apache.lucene.search.TestFieldCache",6,0.27,5.67,223,4.33,572892.22,12,6,15,76,12,112.77,13,208,0,2,72.89,0.00,0.50,0.39,1,0.00,20,12985.96,2,1,12,org.apache.lucene.util.LuceneTestCase,0.00,70,1,34,0,70,5,0,13,1907,1
"org.apache.lucene.search.TestFieldCacheRangeFilter",8,0.00,1.12,351,9.34,1188100.53,8,0,9,46,13,89.93,30,366,0,3,69.31,0.00,0.67,0.00,0,0.00,2,28021.97,1,0,13,org.apache.lucene.search.BaseTestRangeFilter,0.00,38,2,9,0,38,8,0,22,4519,1
"org.apache.lucene.search.TestFieldCacheRewriteMethod",1,0.00,1.00,9,0.16,3830.91,1,0,3,7,8,107.42,4,12,0,3,107.19,0.00,0.67,0.00,0,0.00,1,480.80,0,0,8,org.apache.lucene.search.TestRegexpRandom2,0.00,6,2,1,0,6,1,0,2,96,1
"org.apache.lucene.search.TestFieldCacheTermsFilter",1,0.00,2.00,35,0.57,31749.22,1,0,8,21,9,45.57,6,35,0,2,77.79,0.00,0.50,0.00,0,1.00,2,1713.32,0,0,9,org.apache.lucene.util.LuceneTestCase,0.00,20,1,2,0,20,1,0,2,283,1
"org.apache.lucene.search.TestFilteredQuery",9,0.18,1.11,111,1.82,65488.60,14,5,12,41,21,140.19,23,126,0,2,100.31,0.00,0.50,0.36,2,0.00,2,5445.74,2,2,21,org.apache.lucene.util.LuceneTestCase,0.00,32,1,10,0,32,7,0,12,990,1
"org.apache.lucene.search.TestFilteredQuery$Filter",1,0.00,1.00,6,0.06,1079.33,1,0,12,4,2,118.09,0,8,0,1,118.09,0.00,0.00,0.00,0,1.00,1,166.12,0,1,2,java.lang.Object,0.00,3,0,1,0,3,0,0,0,40,0
"org.apache.lucene.search.TestFilteredQuery$Filter_0",1,0.00,1.00,5,0.05,888.96,1,0,12,4,2,121.71,0,7,0,1,121.71,0.00,0.00,0.00,0,1.00,1,141.98,0,1,2,java.lang.Object,0.00,3,0,1,0,3,0,0,0,35,0
"org.apache.lucene.search.TestFilteredSearch",2,1.00,2.50,35,0.54,14955.36,3,1,13,29,14,115.00,7,40,0,2,94.39,0.00,0.50,0.50,1,2.00,4,1620.16,0,0,14,org.apache.lucene.util.LuceneTestCase,0.00,27,1,5,0,27,2,0,5,290,1
"org.apache.lucene.search.TestFilteredSearch$SimpleDocIdSetFilter",3,0.00,2.33,21,0.24,15753.90,5,2,13,7,3,109.98,0,26,0,2,109.98,0.00,0.50,0.50,0,1.00,5,706.51,0,1,3,org.apache.lucene.search.Filter,0.00,4,1,7,0,4,2,0,0,144,3
"org.apache.lucene.search.TestFuzzyQuery",8,0.00,1.50,328,6.34,1034037.85,8,0,12,35,13,52.62,45,337,0,2,70.50,0.00,0.50,0.00,1,8.00,3,19014.19,0,0,13,org.apache.lucene.util.LuceneTestCase,0.00,27,1,12,0,27,8,0,36,3181,1
"org.apache.lucene.search.TestFuzzyQuery2",3,0.25,3.33,62,1.23,66700.96,5,2,16,44,15,127.26,65,73,0,2,87.96,0.00,0.50,0.33,2,5.00,7,3684.35,0,1,15,org.apache.lucene.util.LuceneTestCase,0.00,41,1,10,0,41,2,0,7,588,1
"org.apache.lucene.search.TestFuzzyQuery2$DefaultSimilarityProvider",2,0.00,1.00,5,0.05,799.15,2,0,16,4,1,139.28,0,9,0,1,139.28,0.00,0.00,0.00,0,2.00,1,147.05,0,1,1,java.lang.Object,0.00,2,0,2,0,2,1,0,0,41,0
"org.apache.lucene.search.TestMatchAllDocsQuery",3,1.00,1.00,45,0.76,25508.90,4,1,11,35,15,136.07,6,50,0,2,96.18,0.00,0.50,0.33,1,4.00,1,2293.82,0,0,15,org.apache.lucene.util.LuceneTestCase,0.00,32,1,3,0,32,3,0,3,409,1
"org.apache.lucene.search.TestMultiTermConstantScore",13,0.14,1.62,250,5.26,657791.01,16,3,18,51,23,126.03,37,278,0,3,86.15,0.00,0.67,0.21,4,13.00,3,15771.88,1,4,23,org.apache.lucene.search.BaseTestRangeFilter,0.00,38,2,21,0,38,9,0,37,2696,1
"org.apache.lucene.search.TestMultiTermConstantScore$Collector",4,0.17,1.00,11,0.12,1576.28,6,2,18,6,1,139.33,0,19,0,1,139.33,0.00,0.00,0.38,0,4.00,1,354.47,0,0,1,java.lang.Object,0.00,2,0,4,0,2,4,0,0,90,0
"org.apache.lucene.search.TestMultiTermConstantScore$DefaultSimilarityProvider",2,0.00,1.00,5,0.05,799.15,2,0,18,4,1,139.28,0,9,0,1,139.28,0.00,0.00,0.00,0,2.00,1,147.05,0,1,1,java.lang.Object,0.00,2,0,2,0,2,1,0,0,41,0
"org.apache.lucene.search.TestMultiTermQueryRewrites",13,0.12,1.69,134,1.75,67099.52,22,9,16,53,19,104.34,5,155,0,2,104.34,0.00,0.50,0.22,6,19.00,3,5241.14,0,2,19,org.apache.lucene.util.LuceneTestCase,0.00,40,1,22,0,40,11,0,5,1019,1
"org.apache.lucene.search.TestMultiTermQueryRewrites$MultiTermQuery",2,0.00,1.00,5,0.06,828.91,2,0,16,5,5,139.16,0,9,0,1,139.16,0.00,0.00,0.00,0,2.00,1,175.17,0,2,5,java.lang.Object,0.00,3,0,2,0,3,0,0,0,45,0
"org.apache.lucene.search.TestMultiTermQueryRewrites$MultiTermQuery$BytesRef",1,0.00,1.00,5,0.07,1019.00,2,1,16,5,1,121.24,0,8,0,1,121.24,0.00,0.00,1.00,0,0.00,1,207.14,1,1,1,java.lang.Object,0.00,4,0,1,0,4,0,0,0,51,0
"org.apache.lucene.search.TestMultiThreadTermVectors",4,0.11,3.50,63,0.66,32364.92,7,3,10,27,12,146.07,6,69,0,2,96.07,0.00,0.50,0.25,0,0.00,6,1994.69,2,0,12,org.apache.lucene.util.LuceneTestCase,0.00,23,1,14,0,23,4,0,6,379,1
"org.apache.lucene.search.TestMultiValuedNumericRangeQuery",1,0.00,5.00,41,0.67,31508.47,1,0,12,27,12,57.17,5,38,0,2,75.05,0.00,0.50,0.00,0,1.00,5,2014.08,0,0,12,org.apache.lucene.util.LuceneTestCase,0.00,26,1,5,0,26,1,0,1,317,1
"org.apache.lucene.search.TestNGramPhraseQuery",3,0.50,1.00,52,0.72,42681.02,5,2,7,18,7,142.40,3,52,0,2,92.40,0.00,0.50,0.83,0,0.00,1,2152.20,0,0,7,org.apache.lucene.util.LuceneTestCase,0.00,15,1,3,0,15,3,0,3,410,1
"org.apache.lucene.search.TestNot",1,0.00,1.00,18,0.28,6274.58,1,0,7,19,10,94.51,4,20,0,2,94.27,0.00,0.50,0.00,0,1.00,1,851.79,0,0,10,org.apache.lucene.util.LuceneTestCase,0.00,18,1,1,0,18,1,0,1,152,1
"org.apache.lucene.search.TestNumericRangeQuery32",38,0.00,1.61,383,7.40,537999.90,44,6,19,109,29,100.90,25,480,0,2,100.90,0.00,0.50,0.17,8,210.00,7,22189.57,1,0,29,org.apache.lucene.util.LuceneTestCase,0.00,71,1,61,0,71,38,0,25,3828,1
"org.apache.lucene.search.TestNumericRangeQuery64",43,0.03,1.47,375,7.12,515460.49,49,6,16,106,26,105.11,22,480,0,2,105.11,0.00,0.50,0.14,7,274.00,7,21353.79,1,0,26,org.apache.lucene.util.LuceneTestCase,0.00,63,1,63,0,63,43,0,22,3708,1
"org.apache.lucene.search.TestPhrasePrefixQuery",1,0.00,2.00,47,0.80,53533.41,1,0,12,30,12,21.23,9,50,0,2,71.23,0.00,0.50,0.00,0,1.00,2,2393.39,0,0,12,org.apache.lucene.util.LuceneTestCase,0.00,29,1,2,0,29,1,0,5,377,1
"org.apache.lucene.search.TestPhraseQuery",20,0.11,1.55,433,6.97,374394.45,25,5,18,81,24,70.06,100,458,0,2,87.93,0.00,0.50,0.30,0,0.00,12,20922.94,1,0,24,org.apache.lucene.util.LuceneTestCase,0.00,61,1,31,0,61,20,0,73,3621,1
"org.apache.lucene.search.TestPhraseQuery$Analyzer",2,0.00,1.00,5,0.05,758.91,2,0,18,4,1,139.46,0,9,0,1,139.46,0.00,0.00,0.00,0,2.00,1,158.85,0,1,1,java.lang.Object,0.00,2,0,2,0,2,1,0,0,42,0
"org.apache.lucene.search.TestPositionIncrement",2,0.50,4.50,145,2.57,205419.61,4,2,27,54,26,17.78,22,163,0,2,61.91,0.00,0.50,0.25,0,2.00,8,7715.53,0,0,26,org.apache.lucene.util.LuceneTestCase,0.00,52,1,9,0,52,2,0,18,1220,1
"org.apache.lucene.search.TestPositionIncrement$Analyzer",1,0.00,1.00,3,0.02,303.26,1,0,27,3,1,133.66,0,5,0,1,133.66,0.00,0.00,0.00,0,1.00,1,72.73,0,1,1,java.lang.Object,0.00,2,0,1,0,2,0,0,0,21,0
"org.apache.lucene.search.TestPositionIncrement$Analyzer$Tokenizer",2,0.67,1.50,18,0.22,4741.38,8,6,27,6,3,108.74,0,23,0,1,108.74,0.00,0.00,0.50,0,2.00,2,663.58,1,0,3,java.lang.Object,0.00,4,0,3,0,4,2,0,0,140,0
"org.apache.lucene.search.TestPositiveScoresOnlyCollector",1,0.00,5.00,35,0.53,22766.68,2,1,6,21,14,60.85,5,37,0,2,78.72,0.00,0.50,1.00,0,0.00,5,1584.06,0,0,14,org.apache.lucene.util.LuceneTestCase,0.00,20,1,5,0,20,1,0,5,264,1
"org.apache.lucene.search.TestPositiveScoresOnlyCollector$SimpleScorer",5,0.25,1.60,13,0.15,3184.60,6,1,6,5,2,137.58,0,17,0,3,137.58,0.00,0.67,0.80,0,0.00,2,450.94,0,0,2,org.apache.lucene.search.Scorer,0.80,0,2,8,0,0,5,0,0,111,3
"org.apache.lucene.search.TestPrefixFilter",1,0.00,2.00,54,0.92,66292.43,1,0,7,18,11,38.87,13,57,0,2,68.25,0.00,0.50,0.00,0,1.00,2,2764.35,0,0,11,org.apache.lucene.util.LuceneTestCase,0.00,17,1,2,0,17,1,0,10,456,1
"org.apache.lucene.search.TestPrefixInBooleanQuery",6,0.45,1.33,52,0.67,16828.19,10,4,10,24,12,160.10,10,65,0,2,110.10,0.00,0.50,0.62,0,0.00,3,1995.41,0,0,12,org.apache.lucene.util.LuceneTestCase,0.00,18,1,8,0,18,6,0,1,402,1
"org.apache.lucene.search.TestPrefixQuery",1,0.00,2.00,29,0.48,19244.55,1,0,9,21,11,82.79,4,31,0,2,82.55,0.00,0.50,0.00,0,1.00,2,1431.37,0,0,11,org.apache.lucene.util.LuceneTestCase,0.00,20,1,2,0,20,1,0,1,237,1
"org.apache.lucene.search.TestPrefixRandom",2,1.33,2.00,28,0.39,11767.24,5,3,18,20,17,119.02,7,32,0,2,98.40,0.00,0.50,1.00,0,0.00,3,1165.78,2,0,17,org.apache.lucene.util.LuceneTestCase,0.00,18,1,4,0,18,2,0,4,210,1
"org.apache.lucene.search.TestPrefixRandom$DumbPrefixQuery",5,0.50,1.20,23,0.27,4917.27,6,1,18,16,9,124.93,4,28,0,3,124.93,0.00,0.67,0.60,0,5.00,2,801.48,0,2,9,org.apache.lucene.search.MultiTermQuery,0.00,11,2,6,0,11,3,0,2,185,1
"org.apache.lucene.search.TestPrefixRandom$DumbPrefixQuery$SimplePrefixTermsEnum",2,1.00,1.50,8,0.09,1566.93,3,1,18,4,3,125.66,0,13,0,3,125.66,0.00,0.67,0.50,0,2.00,2,269.14,1,1,3,org.apache.lucene.index.FilteredTermsEnum,0.00,2,2,3,0,2,1,0,0,66,1
"org.apache.lucene.search.TestQueryTermVector",2,0.00,1.50,26,0.43,18026.47,2,0,3,9,3,98.21,1,29,0,2,98.21,0.00,0.50,0.00,1,2.00,2,1285.78,0,0,3,org.apache.lucene.util.LuceneTestCase,0.00,7,1,3,0,7,2,0,1,255,1
"org.apache.lucene.search.TestQueryWrapperFilter",3,0.00,3.00,100,1.58,68490.01,3,0,13,41,17,129.78,5,100,0,2,79.78,0.00,0.50,0.00,0,3.00,5,4740.64,0,0,17,org.apache.lucene.util.LuceneTestCase,0.00,38,1,9,0,38,3,0,5,789,1
"org.apache.lucene.search.TestRegexpQuery",11,0.02,1.00,43,0.44,6224.72,15,4,14,26,13,131.53,10,60,0,2,131.53,0.00,0.50,0.23,1,28.00,1,1312.44,2,1,13,org.apache.lucene.util.LuceneTestCase,0.00,15,1,11,0,15,10,0,3,309,1
"org.apache.lucene.search.TestRegexpQuery$AutomatonProvider",1,0.00,2.00,4,0.08,1133.72,2,1,14,5,3,174.33,1,9,0,1,124.33,0.00,0.00,1.00,0,0.00,2,236.09,0,1,3,java.lang.Object,0.00,4,0,2,0,4,0,0,1,56,0
"org.apache.lucene.search.TestRegexpRandom",6,0.07,1.83,79,0.86,24215.81,9,3,15,35,14,150.91,6,85,0,2,100.91,0.00,0.50,0.39,2,6.00,3,2592.91,2,1,14,org.apache.lucene.util.LuceneTestCase,0.00,29,1,11,0,29,5,0,2,489,1
"org.apache.lucene.search.TestRegexpRandom2",2,1.50,2.50,39,0.51,17208.20,6,4,27,23,24,112.72,6,44,1,2,92.10,1.00,0.33,1.00,0,0.00,4,1517.32,2,0,23,org.apache.lucene.util.LuceneTestCase,0.00,21,1,5,1,21,2,0,3,265,1
"org.apache.lucene.search.TestRegexpRandom2$DumbRegexpQuery",5,0.75,1.60,27,0.37,7932.71,6,1,27,22,12,169.62,6,34,0,3,119.62,0.00,0.67,0.40,1,10.00,4,1119.99,0,2,12,org.apache.lucene.search.MultiTermQuery,0.00,17,2,8,0,17,3,0,4,238,1
"org.apache.lucene.search.TestRegexpRandom2$DumbRegexpQuery$SimpleAutomatonTermsEnum",2,0.00,1.50,9,0.13,2474.79,4,2,27,7,6,124.10,0,15,0,3,124.10,0.00,0.67,0.50,0,2.00,2,403.09,1,1,6,org.apache.lucene.index.FilteredTermsEnum,0.00,5,2,3,0,5,1,0,0,92,1
"org.apache.lucene.search.TestScoreCachingWrappingScorer",1,0.00,3.00,26,0.38,11988.27,2,1,7,18,8,135.85,1,29,0,2,85.85,0.00,0.50,1.00,0,0.00,3,1132.43,0,0,8,org.apache.lucene.util.LuceneTestCase,0.00,17,1,3,0,17,1,0,1,201,1
"org.apache.lucene.search.TestScoreCachingWrappingScorer$ScoreCachingCollector",5,0.08,1.20,18,0.18,4694.40,8,3,7,7,3,129.75,2,26,0,2,129.75,0.00,0.50,0.27,0,7.00,2,553.16,0,0,3,org.apache.lucene.search.Collector,0.44,2,1,6,0,2,5,0,2,134,3
"org.apache.lucene.search.TestScoreCachingWrappingScorer$SimpleScorer",5,0.12,1.60,14,0.16,3510.01,7,2,7,5,2,137.25,4,18,0,3,137.25,0.00,0.67,0.40,0,5.00,2,488.16,0,0,2,org.apache.lucene.search.Scorer,0.80,0,2,8,0,0,5,0,4,119,3
"org.apache.lucene.search.TestScorerPerf",11,0.08,3.82,198,2.62,140289.27,16,5,12,52,14,43.06,119,194,0,2,91.54,0.00,0.50,0.27,3,35.00,7,7857.09,0,3,14,org.apache.lucene.util.LuceneTestCase,0.00,41,1,42,0,41,8,0,21,1391,1
"org.apache.lucene.search.TestScorerPerf$CountingHitCollector",6,0.00,1.00,16,0.12,1732.00,9,3,12,6,2,140.40,1,22,0,2,140.40,0.00,0.50,0.33,0,10.00,1,366.75,0,0,2,org.apache.lucene.search.Collector,0.40,0,1,6,0,0,6,0,1,101,2
"org.apache.lucene.search.TestScorerPerf$Filter",1,0.00,1.00,3,0.02,255.67,1,0,12,2,2,134.24,0,5,0,1,134.24,0.00,0.00,0.00,0,1.00,1,68.92,0,1,2,java.lang.Object,0.00,1,0,1,0,1,0,0,0,20,0
"org.apache.lucene.search.TestScorerPerf$MatchingHitCollector",2,0.00,1.50,10,0.11,2339.41,4,2,12,4,0,120.67,0,14,0,2,120.67,0.00,0.50,0.50,0,2.00,2,335.01,1,0,0,org.apache.lucene.search.CountingHitCollector,0.00,2,1,3,0,2,2,0,0,78,2
"org.apache.lucene.search.TestSearchAfter",5,0.17,2.00,56,0.81,30181.47,8,3,9,28,17,102.22,3,62,0,2,102.22,0.00,0.50,0.47,2,2.00,3,2427.78,2,0,17,org.apache.lucene.util.LuceneTestCase,0.00,23,1,10,0,23,5,0,1,473,1
"org.apache.lucene.search.TestSearchWithThreads",1,2.00,9.00,50,0.71,35197.06,4,3,10,30,8,111.20,2,46,0,2,71.32,0.00,0.50,0.33,0,0.00,9,2117.32,0,0,8,org.apache.lucene.util.LuceneTestCase,0.00,29,1,9,0,29,1,0,2,338,1
"org.apache.lucene.search.TestSearchWithThreads$Thread",1,0.00,3.00,17,0.24,12376.81,2,1,10,11,3,92.62,0,22,0,1,92.62,0.00,0.00,1.00,0,0.00,3,729.61,0,0,3,java.lang.Object,0.00,10,0,3,0,10,1,0,0,136,0
"org.apache.lucene.search.TestSearcherManager",8,0.12,3.00,100,1.38,66584.82,14,6,18,66,15,149.62,12,132,1,3,99.62,0.00,0.67,0.27,0,10.00,8,4146.98,2,2,14,org.apache.lucene.index.ThreadedIndexingAndSearchingTestCase,0.35,58,2,24,0,58,6,0,12,736,1
"org.apache.lucene.search.TestSearcherManager$Runnable",1,0.00,3.00,8,0.08,1680.69,1,0,18,4,1,151.55,2,13,0,1,111.66,0.00,0.00,0.00,0,1.00,3,235.55,0,0,1,java.lang.Object,0.00,3,0,3,0,3,1,0,2,53,0
"org.apache.lucene.search.TestSearcherManager$SearcherWarmer",1,0.00,1.00,4,0.06,811.32,1,0,18,4,4,125.63,0,6,0,1,125.63,0.00,0.00,0.00,0,1.00,1,165.89,0,0,4,java.lang.Object,0.00,3,0,1,0,3,1,0,0,38,0
"org.apache.lucene.search.TestSearcherManager$SearcherWarmer_0",1,0.00,2.00,5,0.05,632.96,1,0,18,3,1,172.71,1,9,0,1,122.71,0.00,0.00,0.00,0,1.00,2,135.38,0,0,1,java.lang.Object,0.00,2,0,2,0,2,1,0,1,33,0
"org.apache.lucene.search.TestSearcherManager$Thread",1,0.00,4.00,13,0.17,4638.96,1,0,18,8,0,100.26,0,19,0,1,100.26,0.00,0.00,0.00,0,0.00,4,521.19,0,0,0,java.lang.Object,0.00,7,0,4,0,7,1,0,0,98,0
"org.apache.lucene.search.TestSetNorm",1,0.00,2.00,31,0.46,20540.13,1,0,10,22,12,38.96,7,33,0,2,81.25,0.00,0.50,0.00,0,1.00,2,1391.28,0,0,12,org.apache.lucene.util.LuceneTestCase,0.00,21,1,2,0,21,1,0,4,232,1
"org.apache.lucene.search.TestSetNorm$Collector",4,0.17,1.00,11,0.11,1680.83,6,2,10,5,1,139.11,0,19,0,1,139.11,0.00,0.00,0.38,0,4.00,1,330.56,0,0,1,java.lang.Object,0.00,1,0,4,0,1,4,0,0,85,0
"org.apache.lucene.search.TestSimilarity",1,0.00,1.00,32,0.49,13625.41,1,0,15,26,18,40.01,7,37,1,2,82.30,0.00,0.50,0.00,0,1.00,1,1460.82,0,0,17,org.apache.lucene.util.LuceneTestCase,0.00,25,1,1,0,25,1,0,4,255,1
"org.apache.lucene.search.TestSimilarity$Collector",4,1.00,1.00,9,0.09,1090.26,5,1,15,6,1,140.59,0,16,0,1,140.59,0.00,0.00,0.25,0,6.00,1,259.02,0,0,1,java.lang.Object,0.00,2,0,4,0,2,4,0,0,70,0
"org.apache.lucene.search.TestSimilarity$Collector_0",4,0.17,1.00,11,0.12,1633.42,6,2,15,6,1,139.21,1,19,0,1,139.21,0.00,0.00,0.38,0,4.00,1,350.01,0,0,1,java.lang.Object,0.00,2,0,4,0,2,4,0,1,89,0
"org.apache.lucene.search.TestSimilarity$Collector_1",4,1.00,1.00,9,0.09,1090.26,5,1,15,6,1,140.59,1,16,0,1,140.59,0.00,0.00,0.25,0,6.00,1,259.02,0,0,1,java.lang.Object,0.00,2,0,4,0,2,4,0,1,70,0
"org.apache.lucene.search.TestSimilarity$Collector_2",4,1.00,1.00,9,0.09,1090.26,5,1,15,6,1,140.59,1,16,0,1,140.59,0.00,0.00,0.25,0,6.00,1,259.02,0,0,1,java.lang.Object,0.00,2,0,4,0,2,4,0,1,70,0
"org.apache.lucene.search.TestSimilarity$SimpleSimilarityProvider",3,0.00,1.00,7,0.04,340.59,3,0,15,4,2,143.59,0,7,0,1,143.59,0.00,0.00,0.00,0,3.00,1,121.39,0,1,2,java.lang.Object,0.00,1,0,3,0,1,2,1,0,38,2
"org.apache.lucene.search.TestSimilarity$SimpleSimilarityProvider$DefaultSimilarity",5,0.00,1.00,11,0.11,1428.98,5,0,15,8,4,140.43,0,8,0,1,140.43,0.00,0.00,0.00,0,5.00,1,315.28,0,1,4,java.lang.Object,0.00,3,0,5,0,3,4,0,0,85,0
"org.apache.lucene.search.TestSimilarityProvider",3,0.83,1.33,46,0.61,18768.60,6,3,16,25,18,97.17,2,53,0,2,97.17,0.00,0.50,0.89,0,0.00,2,1815.04,2,0,18,org.apache.lucene.util.LuceneTestCase,0.00,22,1,4,0,22,3,0,2,345,1
"org.apache.lucene.search.TestSimilarityProvider$ExampleSimilarityProvider",3,0.25,1.33,12,0.09,1062.78,5,2,16,6,2,128.40,0,17,0,1,128.40,0.00,0.00,0.33,0,4.00,2,258.98,0,1,2,java.lang.Object,0.00,3,0,4,0,3,2,1,0,69,1
"org.apache.lucene.search.TestSimilarityProvider$Sim1",5,0.00,1.00,11,0.10,1083.83,5,0,16,6,2,141.38,0,22,0,2,141.38,0.00,0.50,0.00,0,5.00,1,294.10,0,0,2,org.apache.lucene.index.TFIDFSimilarity,0.00,1,1,5,0,1,5,0,0,81,1
"org.apache.lucene.search.TestSimilarityProvider$Sim2",5,0.00,1.00,11,0.10,1083.83,5,0,16,6,2,141.38,0,22,0,2,141.38,0.00,0.50,0.00,0,5.00,1,294.10,0,0,2,org.apache.lucene.index.TFIDFSimilarity,0.00,1,1,5,0,1,5,0,0,81,1
"org.apache.lucene.search.TestSimpleExplanations",68,0.00,1.00,513,9.20,279792.68,68,0,1,88,12,111.01,16,586,1,3,111.01,0.50,0.50,0.00,0,0.00,1,27592.86,2,0,11,org.apache.lucene.search.TestExplanations,0.00,20,2,68,1,20,68,0,14,5570,1
"org.apache.lucene.search.TestSimpleExplanationsOfNonMatches",1,0.00,1.00,3,0.04,549.65,1,0,0,2,3,180.90,24,7,0,4,131.62,0.00,0.75,0.00,0,0.00,1,119.24,0,0,3,org.apache.lucene.search.TestSimpleExplanations,0.00,1,3,1,0,1,1,0,3,30,1
"org.apache.lucene.search.TestSloppyPhraseQuery",13,0.02,1.92,175,2.44,69699.98,28,15,13,41,14,139.82,37,201,0,2,99.93,0.00,0.50,0.09,2,63.00,4,7319.95,0,2,14,org.apache.lucene.util.LuceneTestCase,0.00,28,1,25,0,28,11,0,18,1363,1
"org.apache.lucene.search.TestSloppyPhraseQuery$Collector",4,1.00,1.00,10,0.11,1426.62,5,1,13,8,1,139.67,1,18,0,1,139.67,0.00,0.00,0.25,0,6.00,1,318.07,0,0,1,java.lang.Object,0.00,4,0,4,0,4,4,0,1,84,0
"org.apache.lucene.search.TestSloppyPhraseQuery$MaxFreqCollector",4,0.11,1.00,12,0.11,1504.06,7,3,13,6,2,132.92,0,21,0,2,132.92,0.00,0.50,0.25,0,6.00,1,335.38,0,0,2,org.apache.lucene.search.Collector,0.50,2,1,4,0,2,4,0,0,87,1
"org.apache.lucene.search.TestSort",20,0.06,2.60,287,5.56,320233.14,35,15,40,94,37,134.80,49,344,0,2,94.92,0.00,0.50,0.12,6,106.00,17,16672.36,2,10,37,org.apache.lucene.util.LuceneTestCase,0.00,74,1,52,0,74,10,0,36,2813,1
"org.apache.lucene.search.TestSort$FieldCache.ByteParser",1,0.00,1.00,3,0.04,622.45,1,0,40,1,1,131.20,0,4,0,1,131.20,0.00,0.00,0.00,0,1.00,1,107.51,0,0,1,java.lang.Object,0.00,0,0,1,0,0,1,0,0,29,0
"org.apache.lucene.search.TestSort$FieldCache.DoubleParser",1,0.00,1.00,3,0.05,1031.80,1,0,40,2,1,129.47,0,4,0,1,129.47,0.00,0.00,0.00,0,1.00,1,148.95,0,0,1,java.lang.Object,0.00,1,0,1,0,1,1,0,0,38,0
"org.apache.lucene.search.TestSort$FieldCache.FloatParser",1,0.00,1.00,3,0.04,559.02,1,0,40,2,1,131.57,0,4,0,1,131.57,0.00,0.00,0.00,0,1.00,1,111.51,0,0,1,java.lang.Object,0.00,1,0,1,0,1,1,0,0,30,0
"org.apache.lucene.search.TestSort$FieldCache.IntParser",1,0.00,1.00,3,0.04,630.45,1,0,40,1,1,131.16,0,4,0,1,131.16,0.00,0.00,0.00,0,1.00,1,111.42,0,0,1,java.lang.Object,0.00,0,0,1,0,0,1,0,0,29,0
"org.apache.lucene.search.TestSort$FieldCache.LongParser",1,0.00,1.00,3,0.04,630.45,1,0,40,1,1,131.16,0,4,0,1,131.16,0.00,0.00,0.00,0,1.00,1,111.42,0,0,1,java.lang.Object,0.00,0,0,1,0,0,1,0,0,29,0
"org.apache.lucene.search.TestSort$FieldCache.ShortParser",1,0.00,1.00,3,0.04,622.45,1,0,40,1,1,131.20,0,4,0,1,131.20,0.00,0.00,0.00,0,1.00,1,107.51,0,0,1,java.lang.Object,0.00,0,0,1,0,0,1,0,0,29,0
"org.apache.lucene.search.TestSort$MyFieldComparator",27,0.22,2.15,398,6.78,432896.28,30,3,40,91,25,144.96,47,442,0,2,94.96,0.00,0.50,0.12,2,221.00,11,20326.34,0,2,25,org.apache.lucene.search.FieldComparator,0.29,64,1,58,0,64,25,0,47,3625,1
"org.apache.lucene.search.TestSort$MyFieldComparator$FieldCache.IntParser_0",1,0.00,1.00,3,0.04,630.45,1,0,40,1,1,131.16,0,4,0,1,131.16,0.00,0.00,0.00,0,1.00,1,111.42,0,0,1,java.lang.Object,0.00,0,0,1,0,0,1,0,0,29,0
"org.apache.lucene.search.TestSort$MyFieldComparator$Filter",1,0.00,1.00,6,0.09,2439.22,1,0,40,5,2,115.30,0,8,0,1,115.30,0.00,0.00,0.00,0,1.00,1,269.52,0,1,2,java.lang.Object,0.00,4,0,1,0,4,0,0,0,59,0
"org.apache.lucene.search.TestSort$MyFieldComparator$MyFieldComparatorSource",1,0.00,1.00,3,0.04,439.67,1,0,40,2,2,132.39,0,6,0,2,132.39,0.00,0.50,0.00,0,1.00,1,107.25,0,1,2,org.apache.lucene.search.FieldComparatorSource,0.00,1,1,1,0,1,0,0,0,28,1
"org.apache.lucene.search.TestSort$SortMissingLastTestHelper",1,2.00,2.00,8,0.06,1213.12,4,3,40,1,1,112.87,0,10,0,1,112.87,0.00,0.00,0.33,0,0.00,2,191.95,0,0,1,java.lang.Object,0.00,0,0,2,0,0,1,0,0,49,2
"org.apache.lucene.search.TestSpanQueryFilter",3,0.00,2.00,43,0.79,41451.08,3,0,13,35,14,145.48,3,47,0,2,95.48,0.00,0.50,0.00,2,3.00,3,2372.46,0,0,14,org.apache.lucene.util.LuceneTestCase,0.00,32,1,6,0,32,3,0,3,392,1
"org.apache.lucene.search.TestSubScorerFreqs",5,0.42,2.80,95,1.68,93041.73,8,3,13,42,13,89.44,1,108,0,2,89.44,0.00,0.50,0.67,0,0.00,7,5026.06,0,0,13,org.apache.lucene.util.LuceneTestCase,0.00,37,1,14,0,37,5,0,1,859,1
"org.apache.lucene.search.TestSubScorerFreqs$CountingCollector",7,0.10,1.57,35,0.54,15729.13,12,5,13,28,3,118.43,0,49,0,2,118.43,0.00,0.50,0.29,1,4.00,3,1606.76,0,0,3,org.apache.lucene.search.Collector,0.36,21,1,11,0,21,7,0,0,343,2
"org.apache.lucene.search.TestTermRangeFilter",2,0.00,1.00,91,2.38,281415.30,2,0,4,10,8,26.50,15,130,0,3,68.79,0.00,0.67,0.00,0,0.00,1,7134.96,1,0,8,org.apache.lucene.search.BaseTestRangeFilter,0.00,8,2,2,0,8,2,0,7,1162,1
"org.apache.lucene.search.TestTermRangeQuery",8,0.14,1.12,115,1.92,75487.44,10,2,14,39,14,96.92,4,127,0,2,96.92,0.00,0.50,0.38,1,0.00,2,5761.00,2,0,14,org.apache.lucene.util.LuceneTestCase,0.00,31,1,9,0,31,8,0,3,1074,1
"org.apache.lucene.search.TestTermRangeQuery$SingleCharAnalyzer",7,0.00,1.14,64,0.88,24056.14,7,0,14,23,8,128.14,23,69,0,2,107.53,0.00,0.50,0.00,3,8.00,2,2638.27,0,1,8,org.apache.lucene.index.Analyzer,0.00,16,1,8,0,16,6,0,23,514,2
"org.apache.lucene.search.TestTermRangeQuery$SingleCharAnalyzer$SingleCharTokenizer",3,0.33,1.67,18,0.18,3449.55,6,3,14,6,2,117.75,0,29,0,4,117.75,0.00,0.75,0.56,0,0.00,3,531.14,1,0,2,org.apache.lucene.analysis.Tokenizer,0.20,3,3,5,0,3,3,0,0,120,2
"org.apache.lucene.search.TestTermScorer",5,0.45,1.20,62,1.04,31294.24,10,5,14,37,15,140.69,14,78,0,2,100.81,0.00,0.50,0.56,0,0.00,2,3119.27,2,0,15,org.apache.lucene.util.LuceneTestCase,0.00,32,1,6,0,32,5,0,6,576,1
"org.apache.lucene.search.TestTermScorer$Collector",4,0.17,1.00,15,0.18,4339.36,6,2,14,8,1,129.30,0,24,0,1,129.30,0.00,0.00,0.38,0,4.00,1,537.89,0,0,1,java.lang.Object,0.00,4,0,4,0,4,4,0,0,123,0
"org.apache.lucene.search.TestTermScorer$TestHit",2,0.00,1.00,8,0.07,837.28,4,2,14,2,0,127.90,0,12,0,1,127.90,0.00,0.00,0.50,0,2.00,1,202.21,0,1,0,java.lang.Object,0.00,0,0,2,0,0,1,0,0,55,1
"org.apache.lucene.search.TestTermVectors",18,0.08,3.17,414,6.77,517337.41,21,3,18,102,30,134.83,33,432,0,2,84.83,0.00,0.50,0.26,5,34.00,9,20323.69,2,2,30,org.apache.lucene.util.LuceneTestCase,0.00,84,1,57,0,84,16,0,28,3242,1
"org.apache.lucene.search.TestTermVectors$TestTermVectorMapper",2,1.00,1.00,5,0.07,856.04,3,1,18,2,3,139.05,0,10,0,2,139.05,0.00,0.50,0.00,0,2.00,1,213.87,0,0,3,org.apache.lucene.index.TermVectorMapper,0.00,0,1,2,0,0,2,0,0,54,2
"org.apache.lucene.search.TestThreadSafe",4,0.22,2.75,55,0.69,21584.02,7,3,12,36,8,99.83,2,52,0,2,99.83,0.00,0.50,0.17,2,6.00,4,2057.36,0,0,8,org.apache.lucene.util.LuceneTestCase,0.00,32,1,11,0,32,4,0,2,393,1
"org.apache.lucene.search.TestThreadSafe$Thr",4,0.11,2.25,28,0.26,6424.65,7,3,12,13,3,164.04,6,36,0,2,114.04,0.00,0.50,0.25,0,4.00,5,794.88,0,1,3,org.apache.lucene.analysis.Thread,0.00,9,1,9,0,9,3,0,3,176,0
"org.apache.lucene.search.TestThreadSafe$Thr$FieldSelector",1,0.00,1.00,6,0.06,993.27,1,0,12,1,1,168.37,1,8,0,1,118.37,0.00,0.00,0.00,0,0.00,1,167.91,0,1,1,java.lang.Object,0.00,0,0,1,0,0,0,0,1,41,0
"org.apache.lucene.search.TestTopDocsCollector",11,0.10,1.18,74,1.06,29948.24,15,4,7,27,10,164.89,18,90,0,2,114.89,0.00,0.50,0.16,1,40.00,2,3167.84,2,1,10,org.apache.lucene.util.LuceneTestCase,0.00,16,1,13,0,16,10,0,18,655,1
"org.apache.lucene.search.TestTopDocsCollector$MyTopsDocCollector",6,0.30,1.50,27,0.29,8623.89,8,2,7,11,5,123.58,1,38,0,3,123.58,0.00,0.67,0.25,0,10.00,4,875.82,0,1,5,org.apache.lucene.search.TopDocsCollector,0.33,5,2,9,0,5,5,0,1,194,3
"org.apache.lucene.search.TestTopDocsMerge",1,0.00,29.00,148,3.09,425815.46,1,0,14,47,19,15.56,13,148,0,2,44.94,0.00,0.50,0.00,0,1.00,29,9272.46,0,0,19,org.apache.lucene.util.LuceneTestCase,0.00,46,1,29,0,46,1,0,13,1241,1
"org.apache.lucene.search.TestTopDocsMerge$ShardSearcher",4,0.33,1.00,11,0.13,1928.79,5,1,14,4,5,138.64,0,17,0,2,138.64,0.00,0.50,0.75,1,0.00,1,386.01,0,2,5,org.apache.lucene.search.IndexSearcher,0.00,0,1,4,0,0,2,0,0,99,2
"org.apache.lucene.search.TestTopScoreDocCollector",1,0.00,4.00,34,0.48,19470.69,1,0,6,21,10,80.01,4,33,0,2,79.78,0.00,0.50,0.00,0,1.00,4,1454.55,0,0,10,org.apache.lucene.util.LuceneTestCase,0.00,20,1,4,0,20,1,0,4,240,1
"org.apache.lucene.search.TestWildcard",11,0.00,2.09,196,4.02,225014.22,11,0,10,54,17,73.11,56,260,0,2,90.99,0.00,0.50,0.00,1,11.00,12,12057.22,1,1,17,org.apache.lucene.util.LuceneTestCase,0.00,43,1,23,0,43,10,0,30,2006,1
"org.apache.lucene.search.TestWildcardRandom",6,0.07,2.17,76,0.85,24898.86,9,3,14,34,13,152.08,7,84,0,2,102.08,0.00,0.50,0.39,3,6.00,3,2544.98,2,1,13,org.apache.lucene.util.LuceneTestCase,0.00,28,1,13,0,28,5,0,3,484,1
"org.apache.lucene.search.TimeLimitingCollector",9,0.07,1.22,40,0.41,9650.74,18,9,3,17,5,82.34,65,57,2,2,124.63,0.00,0.50,0.17,0,29.00,3,1244.53,0,0,3,org.apache.lucene.search.Collector,0.31,8,1,11,0,8,9,0,17,286,1
"org.apache.lucene.search.TimeLimitingCollector$TimeExceededException",4,0.11,1.00,15,0.11,1682.63,7,3,3,4,0,132.54,3,20,0,2,132.54,0.00,0.50,0.25,0,10.00,1,322.56,0,0,0,java.lang.RuntimeException,0.00,0,1,4,0,0,4,0,3,86,2
"org.apache.lucene.search.TimeLimitingCollector$TimerThread",3,0.50,1.67,13,0.10,1664.23,4,1,3,6,1,94.59,20,21,0,2,126.82,0.00,0.50,0.67,0,1.00,3,291.67,0,0,1,java.lang.Thread,0.00,3,1,5,0,3,3,0,13,73,3
"org.apache.lucene.search.TopDocs",5,0.25,2.20,51,0.68,59233.03,8,3,2,17,105,69.22,30,59,102,1,101.44,0.00,0.00,0.13,0,11.00,7,2040.90,0,1,4,java.lang.Object,0.00,12,0,11,1,12,4,0,15,376,1
"org.apache.lucene.search.TopDocs$MergeSortQueue",2,1.00,6.50,53,0.75,61081.21,5,3,2,7,7,50.25,13,54,0,2,82.47,0.00,0.50,0.83,0,0.00,8,2239.20,0,0,7,org.apache.lucene.util.PriorityQueue,0.00,5,1,13,0,5,2,0,13,399,2
"org.apache.lucene.search.TopDocs$ScoreMergeSortQueue",2,1.00,3.50,26,0.29,17409.11,3,1,2,2,3,138.02,4,29,0,2,98.13,0.00,0.50,0.50,0,2.00,5,856.58,0,0,3,org.apache.lucene.util.PriorityQueue,0.00,0,1,7,0,0,2,0,4,184,2
"org.apache.lucene.search.TopDocs$ShardRef",2,0.00,1.00,7,0.05,658.53,4,2,2,2,0,183.38,2,11,0,1,133.38,0.00,0.00,0.50,0,2.00,1,163.92,0,1,0,java.lang.Object,0.00,0,0,2,0,0,1,0,2,46,2
"org.apache.lucene.search.TopDocsCollector",8,0.05,1.62,35,0.39,16116.68,11,3,1,12,20,73.93,82,39,16,2,122.41,10.00,0.08,0.29,4,14.00,3,1183.37,0,4,4,org.apache.lucene.search.Collector,0.00,4,1,13,10,4,4,0,35,263,2
"org.apache.lucene.search.TopFieldCollector",6,0.03,3.83,84,1.05,52746.88,13,7,4,29,25,130.26,120,113,17,3,96.88,1.00,0.40,0.17,0,6.00,14,3136.65,0,2,8,org.apache.lucene.search.TopDocsCollector,0.17,23,2,23,2,23,4,0,29,588,2
"org.apache.lucene.search.TopFieldCollector$MultiComparatorNonScoringCollector",5,0.17,3.40,64,0.63,50644.80,8,3,4,14,4,138.81,11,63,0,4,98.92,0.00,0.75,0.47,1,0.00,11,1903.72,1,0,4,org.apache.lucene.search.TopFieldCollector,0.35,9,3,17,0,9,5,0,11,379,2
"org.apache.lucene.search.TopFieldCollector$MultiComparatorScoringMaxScoreCollector",4,1.00,3.75,54,0.54,51339.85,5,1,4,10,2,136.68,10,56,0,2,96.79,0.00,0.50,0.25,1,6.00,12,1623.12,1,0,2,org.apache.lucene.search.MultiComparatorNonScoringCollector,0.00,6,1,15,0,6,4,0,10,317,2
"org.apache.lucene.search.TopFieldCollector$MultiComparatorScoringNoMaxScoreCollector",4,1.00,3.50,52,0.53,52519.85,5,1,4,10,2,136.61,11,53,0,2,96.73,0.00,0.50,0.25,1,8.00,11,1576.08,1,0,2,org.apache.lucene.search.MultiComparatorNonScoringCollector,0.00,6,1,14,0,6,4,0,11,310,2
"org.apache.lucene.search.TopFieldCollector$OneComparatorNonScoringCollector",5,0.17,1.60,32,0.37,11662.81,8,3,4,14,4,165.34,7,46,0,4,115.34,0.00,0.75,0.47,1,0.00,4,1112.04,1,0,4,org.apache.lucene.search.TopFieldCollector,0.35,9,3,8,0,9,5,0,7,239,2
"org.apache.lucene.search.TopFieldCollector$OneComparatorScoringMaxScoreCollector",4,1.00,2.00,29,0.32,13130.88,5,1,4,10,2,161.63,7,42,0,2,111.63,0.00,0.50,0.25,1,6.00,5,964.30,1,0,2,org.apache.lucene.search.OneComparatorNonScoringCollector,0.00,6,1,8,0,6,4,0,7,203,2
"org.apache.lucene.search.TopFieldCollector$OneComparatorScoringNoMaxScoreCollector",4,1.00,1.75,27,0.31,12429.29,5,1,4,11,2,154.23,8,39,0,2,114.34,0.00,0.50,0.25,1,8.00,4,916.35,0,0,2,org.apache.lucene.search.OneComparatorNonScoringCollector,0.00,7,1,7,0,7,4,0,8,196,2
"org.apache.lucene.search.TopFieldCollector$OutOfOrderMultiComparatorNonScoringCollector",3,0.00,4.67,46,0.45,50659.55,3,0,4,8,1,133.37,8,48,0,2,93.48,0.00,0.50,0.00,0,4.00,12,1352.93,0,0,1,org.apache.lucene.search.MultiComparatorNonScoringCollector,0.00,5,1,14,0,5,3,0,8,257,2
"org.apache.lucene.search.TopFieldCollector$OutOfOrderMultiComparatorScoringMaxScoreCollector",3,0.00,5.00,49,0.49,55663.67,3,0,4,9,1,131.99,8,52,0,2,92.10,0.00,0.50,0.00,0,4.00,13,1471.45,0,0,1,org.apache.lucene.search.MultiComparatorScoringMaxScoreCollector,0.00,6,1,15,0,6,3,0,8,276,3
"org.apache.lucene.search.TopFieldCollector$OutOfOrderMultiComparatorScoringNoMaxScoreCollector",4,0.00,3.75,51,0.52,57861.55,4,0,4,10,2,137.56,10,56,0,2,97.68,0.00,0.50,0.00,0,6.00,12,1554.84,1,0,2,org.apache.lucene.search.MultiComparatorScoringNoMaxScoreCollector,0.00,6,1,15,0,6,4,0,10,299,3
"org.apache.lucene.search.TopFieldCollector$OutOfOrderOneComparatorNonScoringCollector",3,0.00,2.00,20,0.25,14832.95,3,0,4,8,1,162.72,4,31,0,2,112.72,0.00,0.50,0.00,0,4.00,4,742.57,0,0,1,org.apache.lucene.search.OneComparatorNonScoringCollector,0.00,5,1,6,0,5,3,0,4,149,2
"org.apache.lucene.search.TopFieldCollector$OutOfOrderOneComparatorScoringMaxScoreCollector",3,0.00,2.33,23,0.28,18393.52,3,0,4,9,1,159.45,4,35,0,2,109.46,0.00,0.50,0.00,0,4.00,5,849.05,0,0,1,org.apache.lucene.search.OneComparatorScoringMaxScoreCollector,0.00,6,1,7,0,6,3,0,4,167,2
"org.apache.lucene.search.TopFieldCollector$OutOfOrderOneComparatorScoringNoMaxScoreCollector",3,0.00,2.00,22,0.28,18885.18,3,0,4,9,1,149.29,6,34,0,2,109.40,0.00,0.50,0.00,0,4.00,4,839.49,0,0,1,org.apache.lucene.search.OneComparatorScoringNoMaxScoreCollector,0.00,6,1,6,0,6,3,0,6,166,2
"org.apache.lucene.search.TopFieldDocs",1,1.00,1.00,5,0.05,671.54,2,1,0,1,8,172.15,26,8,6,2,122.66,0.00,0.50,0.00,0,1.00,1,148.28,0,0,3,org.apache.lucene.search.TopDocs,0.00,0,1,1,0,0,1,0,4,38,1
"org.apache.lucene.search.TopScoreDocCollector",6,0.27,2.17,38,0.42,13052.98,9,3,2,15,28,73.22,44,52,23,3,115.51,2.00,0.29,0.11,1,14.00,5,1256.68,0,3,5,org.apache.lucene.search.TopDocsCollector,0.17,9,2,13,4,9,3,0,14,270,2
"org.apache.lucene.search.TopScoreDocCollector$InOrderPagingScoreDocCollector",6,0.00,1.67,29,0.35,13526.69,9,3,2,10,3,172.02,6,43,0,4,122.02,0.00,0.75,0.33,0,10.00,3,1042.79,1,1,3,org.apache.lucene.search.TopScoreDocCollector,0.50,4,3,10,0,4,5,0,6,228,2
"org.apache.lucene.search.TopScoreDocCollector$InOrderTopScoreDocCollector",3,0.00,1.33,15,0.14,5338.79,3,0,2,5,1,169.27,4,22,0,4,119.27,0.00,0.75,0.00,0,4.00,2,434.26,0,0,1,org.apache.lucene.search.TopScoreDocCollector,0.38,2,3,4,0,2,3,0,4,97,2
"org.apache.lucene.search.TopScoreDocCollector$OutOfOrderPagingScoreDocCollector",6,0.00,1.83,31,0.37,16357.37,9,3,2,10,3,117.73,5,46,0,4,117.73,0.00,0.75,0.33,0,10.00,4,1097.54,1,1,3,org.apache.lucene.search.TopScoreDocCollector,0.50,4,3,11,0,4,5,0,5,239,2
"org.apache.lucene.search.TopScoreDocCollector$OutOfOrderTopScoreDocCollector",3,0.00,1.67,17,0.16,8273.91,3,0,2,5,1,167.72,3,25,0,4,117.72,0.00,0.75,0.00,0,4.00,3,493.19,0,0,1,org.apache.lucene.search.TopScoreDocCollector,0.38,2,3,5,0,2,3,0,3,108,2
"org.apache.lucene.search.TopTermsRewrite",6,0.40,2.17,33,0.55,27498.25,7,1,12,19,14,155.80,15,43,5,3,115.92,1.00,0.40,0.67,0,0.00,7,1664.27,3,0,9,org.apache.lucene.search.TermCollectingRewrite,0.00,13,2,13,2,13,6,0,5,322,2
"org.apache.lucene.search.TopTermsRewrite$Comparator<ScoreTerm>",1,0.00,1.00,4,0.05,1456.24,1,0,12,2,0,123.63,0,6,0,1,123.63,0.00,0.00,0.00,0,1.00,1,158.63,0,0,0,java.lang.Object,0.00,1,0,1,0,1,1,0,0,41,0
"org.apache.lucene.search.TopTermsRewrite$ScoreTerm",2,0.25,1.50,10,0.15,3575.00,6,4,12,5,2,119.22,0,16,0,1,119.22,0.00,0.00,0.12,0,2.00,2,442.40,0,0,2,java.lang.Object,0.00,3,0,3,0,3,2,1,0,104,2
"org.apache.lucene.search.TopTermsRewrite$TermCollector",3,0.50,4.00,55,0.89,60203.36,10,7,12,31,6,110.59,11,69,0,1,89.98,0.00,0.00,0.48,1,0.00,7,2684.55,0,0,6,java.lang.Object,0.00,28,0,12,0,28,3,0,11,477,0
"org.apache.lucene.search.TotalHitCountCollector",5,0.75,1.00,10,0.07,621.93,6,1,1,5,6,143.28,4,20,4,2,143.28,0.00,0.50,0.40,0,7.00,1,207.09,0,0,2,org.apache.lucene.search.Collector,0.67,0,1,5,0,0,5,0,2,63,1
"org.apache.lucene.search.Weight",6,0.00,1.00,8,0.07,529.77,6,0,6,6,85,135.53,86,9,81,1,155.68,0.00,0.00,0.00,0,6.00,1,212.35,0,3,6,java.lang.Object,0.00,0,0,6,18,0,3,0,7,65,2
"org.apache.lucene.search.WildcardQuery",4,0.11,2.50,38,0.49,27349.47,7,3,7,19,29,62.70,28,50,23,4,105.00,0.00,0.75,0.25,0,6.00,6,1462.30,2,3,6,org.apache.lucene.search.AutomatonQuery,0.00,15,3,10,0,15,1,0,10,287,1
"org.apache.lucene.spatial.geohash.GeoHashDistanceFilter",4,0.00,1.75,29,0.39,14136.17,7,3,10,12,9,132.02,14,42,2,3,111.41,0.00,0.67,0.33,1,4.00,4,1173.92,0,1,7,org.apache.lucene.spatial.tier.DistanceFilter,0.25,8,2,7,0,8,3,0,4,258,1
"org.apache.lucene.spatial.geohash.GeoHashDistanceFilter$FilteredDocIdSet",1,0.00,3.00,18,0.23,7373.77,1,0,10,9,2,75.59,5,22,0,1,93.47,0.00,0.00,0.00,0,0.00,3,676.04,0,0,2,java.lang.Object,0.00,8,0,3,0,8,1,0,5,124,0
"org.apache.lucene.spatial.geohash.GeoHashUtils",3,0.00,4.33,70,0.98,82815.77,7,4,2,11,8,67.02,17,82,8,1,84.90,0.00,0.00,0.25,0,5.00,6,2952.49,0,1,0,java.lang.Object,0.00,8,0,13,0,8,2,0,3,527,1
"org.apache.lucene.spatial.geohash.TestGeoHashUtils",4,0.00,1.00,28,0.38,11117.26,4,0,2,7,1,112.59,18,37,0,2,112.36,0.00,0.50,0.00,0,4.00,1,1140.01,0,0,1,org.apache.lucene.util.LuceneTestCase,0.00,3,1,4,0,3,4,0,5,248,1
"org.apache.lucene.validation.DependencyChecker",5,0.25,9.20,182,2.93,315179.68,7,2,11,53,2,95.26,17,199,0,1,74.64,0.00,0.00,0.30,4,7.00,31,8799.66,0,2,2,java.lang.Object,0.00,48,0,46,0,48,3,0,9,1394,1
"org.apache.lucene.validation.DependencyChecker$FileFilter",1,0.00,1.00,3,0.04,732.66,1,0,11,4,0,180.64,1,4,0,1,130.64,0.00,0.00,0.00,0,1.00,1,131.19,0,0,0,java.lang.Object,0.00,3,0,1,0,3,1,0,1,33,0
"org.apache.lucene.validation.DependencyChecker$FileFilter_0",1,0.00,1.00,3,0.04,732.66,1,0,11,4,0,130.64,0,4,0,1,130.64,0.00,0.00,0.00,0,1.00,1,131.19,0,0,0,java.lang.Object,0.00,3,0,1,0,3,1,0,0,33,0
"org.apache.lucene.validation.DependencyChecker$FileFilter_1",1,0.00,1.00,3,0.02,227.68,1,0,11,3,0,134.64,0,4,0,1,134.64,0.00,0.00,0.00,0,1.00,1,70.91,0,0,0,java.lang.Object,0.00,2,0,1,0,2,1,0,0,21,0
"org.apache.lucene.validation.LicenseType",4,0.17,1.00,13,0.15,1677.82,6,2,0,4,1,114.68,23,30,1,1,132.55,0.00,0.00,0.38,0,6.00,1,450.38,0,2,0,java.lang.Object,0.00,0,0,4,0,0,2,0,5,106,1
"org.apache.lucene.validation.UpdateableInt",0,0.00,0.00,2,0.01,44.92,1,1,11,0,1,171.00,0,3,1,1,171.00,0.00,0.00,0.00,0,0.00,0,22.46,0,0,0,java.lang.Object,0.00,0,0,0,0,0,0,0,0,8,0
"org.apache.lucene.messages.Message",4,0.00,1.00,5,0.02,107.33,4,0,1,4,9,209.75,4,6,9,1,159.75,0.00,0.00,0.00,0,4.00,1,66.38,0,4,0,,0.00,0,0,4,0,0,0,0,1,27,1
"org.apache.lucene.messages.MessageImpl",7,2.00,1.43,26,0.25,7538.00,9,2,1,13,30,129.24,4,34,28,1,129.24,0.00,0.00,0.00,3,7.00,4,740.32,0,5,2,java.lang.Object,0.00,6,0,10,0,6,2,1,1,175,1
"org.apache.lucene.messages.MessagesTestBundle",1,4.00,1.00,8,0.07,1453.35,5,4,0,2,2,151.71,21,11,1,2,112.41,0.00,0.50,0.00,0,1.00,1,205.96,0,0,1,org.apache.lucene.messages.NLS,0.00,1,1,1,0,1,1,0,6,53,1
"org.apache.lucene.messages.NLS",11,0.90,3.09,64,1.03,40303.99,12,1,11,35,7,116.84,52,100,7,1,116.60,0.00,0.00,0.18,6,25.00,6,3091.34,0,5,0,java.lang.Object,0.00,24,0,34,2,24,6,0,21,613,1
"org.apache.lucene.messages.NLS$PrivilegedAction<Void>",1,0.00,1.00,4,0.02,199.70,1,0,11,2,0,130.43,0,5,0,1,130.43,0.00,0.00,0.00,0,1.00,1,69.84,0,1,0,java.lang.Object,0.00,1,0,1,0,1,0,0,0,21,0
"org.apache.lucene.messages.NLSException",1,0.00,1.00,2,0.01,29.41,1,0,0,1,3,193.33,28,3,2,1,148.21,0.00,0.00,0.00,0,1.00,1,19.61,0,0,1,,0.00,0,0,1,0,0,1,0,3,9,1
"org.apache.lucene.messages.TestNLS",6,0.00,1.83,27,0.46,8439.99,6,0,2,15,4,144.23,22,52,0,2,123.61,0.00,0.50,0.00,0,6.00,3,1393.40,0,0,4,org.apache.lucene.util.LuceneTestCase,0.00,9,1,11,0,9,6,0,6,301,1
"org.apache.solr.client.solrj.beans.BindingException",2,0.00,1.00,5,0.03,221.18,2,0,0,2,2,95.57,16,8,2,2,143.68,0.00,0.50,0.00,0,2.00,1,88.69,0,0,0,java.lang.RuntimeException,0.00,0,1,2,0,0,2,0,1,29,1
"org.apache.solr.client.solrj.beans.DocumentObjectBinder",7,1.00,2.71,58,0.86,40973.37,8,1,8,32,6,107.42,6,77,2,1,107.42,0.00,0.00,0.14,2,12.00,5,2577.41,0,4,4,java.lang.Object,0.00,25,0,19,0,25,3,0,1,506,1
"org.apache.solr.client.solrj.beans.DocumentObjectBinder$DocField",7,0.44,9.00,168,2.36,156642.11,16,9,8,51,2,84.99,31,224,0,1,84.76,0.00,0.00,0.49,4,0.00,16,7093.67,0,2,2,java.lang.Object,0.00,44,0,63,0,44,5,0,21,1268,2
"org.apache.solr.client.solrj.beans.TestDocumentObjectBinder",5,0.75,1.00,98,2.03,105457.94,6,1,18,49,8,89.25,4,129,0,2,89.25,0.00,0.50,0.40,0,7.00,1,6103.10,0,0,8,org.apache.lucene.util.LuceneTestCase,0.00,44,1,5,0,44,5,0,4,1049,1
"org.apache.solr.client.solrj.beans.TestDocumentObjectBinder$Item",4,0.07,1.00,18,0.20,4994.54,13,9,18,4,0,124.16,1,32,0,1,124.16,0.00,0.00,0.06,0,4.00,1,597.57,0,1,0,java.lang.Object,0.00,0,0,4,0,0,3,0,1,134,2
"org.apache.solr.client.solrj.beans.TestDocumentObjectBinder$NotGettableItem",3,0.17,1.00,10,0.07,948.52,6,3,18,3,0,133.52,0,17,0,1,133.52,0.00,0.00,0.22,0,5.00,1,217.16,0,1,0,java.lang.Object,0.00,0,0,3,0,0,2,0,0,60,2
"org.apache.lucene.collation.tokenattributes.CollatedTermAttributeImpl",2,1.00,1.00,10,0.11,1892.83,3,1,3,6,3,103.62,10,14,1,3,121.49,0.00,0.67,0.50,0,2.00,1,323.30,2,0,2,org.apache.lucene.analysis.tokenattributes.CharTermAttributeImpl,0.09,4,2,2,0,4,2,0,4,79,1
"org.apache.lucene.collation.tokenattributes.ICUCollatedTermAttributeImpl",2,0.00,1.50,14,0.15,2899.11,4,2,4,7,3,114.72,9,20,1,3,114.49,0.00,0.67,0.50,0,2.00,2,439.28,2,0,2,org.apache.lucene.analysis.tokenattributes.CharTermAttributeImpl,0.09,5,2,3,0,5,2,0,3,102,1
"org.apache.lucene.analysis.shingle.ShingleAnalyzerWrapper",13,0.03,1.31,50,0.49,12796.67,19,6,4,24,6,169.46,37,76,2,3,129.57,0.00,0.67,0.14,0,70.00,5,1460.10,0,3,4,org.apache.lucene.analysis.AnalyzerWrapper,0.00,11,2,17,0,11,10,0,6,341,2
"org.apache.lucene.analysis.shingle.ShingleAnalyzerWrapperTest",11,0.90,1.27,124,2.47,75376.88,12,1,17,36,22,151.89,18,213,0,3,101.89,0.00,0.67,0.18,1,25.00,2,7423.33,1,1,22,org.apache.lucene.analysis.BaseTokenStreamTestCase,0.00,25,2,14,0,25,10,0,4,1347,1
"org.apache.lucene.analysis.shingle.ShingleFilter",14,0.09,3.07,168,2.06,120418.28,38,24,10,48,13,61.94,179,216,6,4,99.50,0.00,0.75,0.12,5,58.00,11,6183.98,1,0,7,org.apache.lucene.analysis.TokenFilter,0.31,34,3,43,0,34,14,0,43,1132,2
"org.apache.lucene.analysis.shingle.ShingleFilter$CircularSequence",6,0.27,1.50,23,0.12,1612.00,9,3,10,6,0,116.11,32,31,0,1,133.98,0.00,0.00,0.56,1,0.00,3,372.47,0,0,0,java.lang.Object,0.00,0,0,9,0,0,6,0,5,105,1
"org.apache.lucene.analysis.shingle.ShingleFilter$InputWindowToken",1,4.00,1.00,9,0.08,1196.00,5,4,10,2,3,111.17,0,11,0,1,111.17,0.00,0.00,0.00,0,1.00,1,244.00,0,0,3,java.lang.Object,0.00,1,0,1,0,1,1,0,0,61,1
"org.apache.lucene.analysis.shingle.ShingleFilterTest",44,0.02,1.02,219,10.38,1761421.69,137,93,8,62,7,112.29,8,920,0,3,112.29,0.00,0.67,0.03,3,400.00,2,31129.31,2,2,7,org.apache.lucene.analysis.BaseTokenStreamTestCase,0.00,18,2,45,0,18,42,0,6,4603,1
"org.apache.lucene.analysis.shingle.ShingleFilterTest$TestTokenStream",2,0.67,1.50,25,0.29,6867.43,8,6,8,12,7,102.81,0,30,0,3,102.81,0.00,0.67,0.50,0,2.00,2,870.71,0,0,7,org.apache.lucene.analysis.TokenStream,0.30,10,2,3,0,10,2,0,0,177,1
"org.apache.lucene.queryparser.flexible.standard.nodes.AbstractRangeQueryNode",10,0.33,2.00,72,0.83,30339.48,12,2,8,25,9,94.02,55,100,2,2,111.90,2.00,0.25,0.20,4,26.00,5,2504.70,4,3,7,org.apache.lucene.queryparser.flexible.core.nodes.QueryNodeImpl,0.07,15,1,20,2,15,7,1,9,534,1
"org.apache.lucene.queryparser.flexible.standard.nodes.BooleanModifierNode",1,0.00,1.00,3,0.02,146.18,1,0,3,1,3,93.86,7,5,1,3,136.15,0.00,0.67,0.00,0,1.00,1,58.69,0,0,3,org.apache.lucene.queryparser.flexible.core.nodes.ModifierQueryNode,0.00,0,2,1,0,0,1,0,1,19,1
"org.apache.lucene.queryparser.flexible.standard.nodes.MultiPhraseQueryNode",6,0.00,2.33,39,0.43,14074.81,6,0,7,17,10,115.24,5,53,4,2,115.24,0.00,0.50,0.00,0,6.00,4,1281.56,4,4,6,org.apache.lucene.queryparser.flexible.core.nodes.QueryNodeImpl,0.16,11,1,14,0,11,2,1,2,276,1
"org.apache.lucene.queryparser.flexible.standard.nodes.NumericQueryNode",10,0.26,1.10,30,0.27,3394.67,13,3,8,14,10,115.38,54,47,5,2,133.25,0.00,0.50,0.10,4,22.00,2,803.85,1,6,5,org.apache.lucene.queryparser.flexible.core.nodes.QueryNodeImpl,0.07,4,1,11,0,4,4,1,9,205,1
"org.apache.lucene.queryparser.flexible.standard.nodes.NumericRangeQueryNode",5,1.00,2.80,42,0.65,30323.15,6,1,6,17,12,58.81,51,70,4,3,107.29,0.00,0.67,0.20,1,8.00,6,1938.98,5,3,8,org.apache.lucene.queryparser.flexible.standard.nodes.AbstractRangeQueryNode,0.09,12,2,14,0,12,2,0,5,388,1
"org.apache.lucene.queryparser.flexible.standard.nodes.PrefixWildcardQueryNode",4,0.00,1.00,10,0.12,1817.28,4,0,1,8,6,90.74,33,19,4,4,138.84,0.00,0.75,0.00,0,4.00,1,360.01,1,2,2,org.apache.lucene.queryparser.flexible.standard.nodes.WildcardQueryNode,0.17,4,3,4,0,4,2,0,4,96,1
"org.apache.lucene.queryparser.flexible.standard.nodes.RegexpQueryNode",10,0.22,1.10,27,0.25,4334.63,12,2,6,13,10,188.98,13,42,4,2,138.98,0.00,0.50,0.30,0,26.00,2,757.91,2,7,6,org.apache.lucene.queryparser.flexible.core.nodes.QueryNodeImpl,0.14,3,1,11,0,3,3,2,2,200,1
"org.apache.lucene.queryparser.flexible.standard.nodes.StandardBooleanQueryNode",2,1.00,1.00,7,0.05,671.28,3,1,5,2,7,115.44,11,10,3,3,133.31,0.00,0.67,0.00,0,2.00,1,153.76,0,0,4,org.apache.lucene.queryparser.flexible.core.nodes.BooleanQueryNode,0.00,0,2,2,0,0,2,0,2,42,1
"org.apache.lucene.queryparser.flexible.standard.nodes.TermRangeQueryNode",1,0.00,1.00,3,0.03,323.99,1,0,1,1,8,132.96,16,6,6,3,133.43,0.00,0.67,0.00,0,1.00,1,96.64,1,0,2,org.apache.lucene.queryparser.flexible.standard.nodes.AbstractRangeQueryNode,0.00,0,2,1,0,0,1,0,2,28,1
"org.apache.lucene.queryparser.flexible.standard.nodes.WildcardQueryNode",5,0.00,1.20,15,0.17,3062.00,5,0,2,9,9,151.83,15,26,7,3,131.21,0.50,0.50,0.00,0,5.00,2,515.59,2,3,2,org.apache.lucene.queryparser.flexible.core.nodes.FieldQueryNode,0.14,4,2,6,1,4,2,0,3,132,1
"org.apache.lucene.benchmark.quality.Judge",3,0.00,1.00,4,0.03,150.71,3,0,1,3,5,109.50,24,5,4,1,157.60,0.00,0.00,0.00,0,3.00,1,89.40,0,0,1,,0.00,0,0,3,0,0,3,0,4,30,1
"org.apache.lucene.benchmark.quality.QualityBenchmark",7,0.08,1.86,57,0.75,29903.57,13,6,8,22,12,66.29,53,67,2,1,108.58,0.00,0.00,0.24,0,15.00,5,2255.25,0,2,10,java.lang.Object,0.00,15,0,13,0,15,5,0,18,421,1
"org.apache.lucene.benchmark.quality.QualityQuery",5,0.12,1.20,18,0.18,4122.49,7,2,1,10,11,97.97,34,26,11,1,130.20,0.00,0.00,0.40,0,9.00,2,534.55,0,3,0,java.lang.Object,0.00,5,0,6,0,5,2,1,8,136,1
"org.apache.lucene.benchmark.quality.QualityQueryParser",1,0.00,1.00,2,0.01,69.06,1,0,2,1,6,97.18,8,3,3,1,145.29,0.00,0.00,0.00,0,1.00,1,36.53,0,1,3,,0.00,0,0,1,0,0,0,0,2,13,1
"org.apache.lucene.benchmark.quality.QualityStats",16,0.12,2.25,141,1.95,169083.71,28,12,3,40,4,105.67,75,165,4,1,105.44,0.00,0.00,0.19,4,112.00,7,5853.81,0,4,0,java.lang.Object,0.00,24,0,36,0,24,12,0,25,1096,1
"org.apache.lucene.benchmark.quality.QualityStats$RecallPoint",3,0.25,1.00,10,0.06,670.02,5,2,3,3,0,134.70,2,14,0,1,134.70,0.00,0.00,0.33,0,5.00,1,171.59,0,0,0,java.lang.Object,0.00,0,0,3,0,0,3,0,2,51,2
"org.apache.lucene.benchmark.quality.TestQualityRun",4,0.00,4.00,92,1.69,153003.49,4,0,12,31,12,65.93,22,115,0,3,83.80,0.00,0.67,0.00,1,4.00,13,5062.57,4,0,12,org.apache.lucene.benchmark.BenchmarkTestCase,0.00,27,2,16,0,27,4,0,16,792,1
"org.apache.lucene.facet.example.merge.TaxonomyMergeUtils",3,0.00,1.00,20,0.29,7643.90,3,0,13,19,10,95.01,44,32,1,1,115.15,0.00,0.00,0.00,1,3.00,1,855.39,0,0,9,java.lang.Object,0.00,16,0,3,0,16,3,0,7,177,1
"org.apache.lucene.analysis.hi.HindiAnalyzer",5,0.33,1.80,23,0.31,7714.50,8,3,13,16,12,73.30,46,33,1,3,123.30,0.00,0.67,0.07,0,7.00,3,928.58,0,2,11,org.apache.lucene.analysis.util.StopwordAnalyzerBase,0.00,11,2,9,0,11,3,0,8,204,2
"org.apache.lucene.analysis.hi.HindiAnalyzer$DefaultSetHolder",0,0.00,0.00,6,0.05,853.95,1,1,13,0,1,171.00,2,10,0,1,171.00,0.00,0.00,0.00,0,0.00,0,164.39,0,0,1,java.lang.Object,0.00,0,0,0,0,0,0,0,2,40,2
"org.apache.lucene.analysis.hi.HindiNormalizationFilter",2,0.33,2.00,11,0.14,2865.07,5,3,6,9,9,102.04,11,18,3,4,119.91,0.00,0.75,0.50,0,2.00,3,425.46,0,0,6,org.apache.lucene.analysis.TokenFilter,0.29,7,3,4,0,7,2,0,1,98,2
"org.apache.lucene.analysis.hi.HindiNormalizer",1,0.00,38.00,82,1.01,71236.74,1,0,1,1,1,74.34,34,124,1,1,60.56,0.00,0.00,0.00,0,1.00,38,3040.63,0,0,0,java.lang.Object,0.00,0,0,38,0,0,1,0,10,470,1
"org.apache.lucene.analysis.hi.HindiStemFilter",2,0.33,2.00,12,0.15,3087.32,5,3,5,9,8,166.70,3,18,3,4,116.70,0.00,0.75,0.50,0,2.00,3,437.52,0,0,5,org.apache.lucene.analysis.TokenFilter,0.29,7,3,4,0,7,2,0,1,100,2
"org.apache.lucene.analysis.hi.HindiStemmer",1,0.00,6.00,8,1.03,63343.52,1,0,1,2,1,78.95,14,82,1,1,99.09,0.00,0.00,0.00,0,1.00,6,3091.63,0,0,0,java.lang.Object,0.00,1,0,6,0,1,1,0,6,479,1
"org.apache.lucene.analysis.hi.TestHindiAnalyzer",4,0.00,1.00,14,0.15,2432.09,4,0,4,8,3,113.41,23,20,0,3,131.28,0.00,0.67,0.00,0,4.00,1,440.77,2,0,3,org.apache.lucene.analysis.BaseTokenStreamTestCase,0.00,4,2,4,0,4,4,0,5,106,1
"org.apache.lucene.analysis.hi.TestHindiNormalizer",3,0.00,1.00,23,0.21,3105.93,3,0,6,6,5,136.35,11,27,0,3,115.73,0.00,0.67,0.00,1,3.00,1,626.68,1,0,5,org.apache.lucene.analysis.BaseTokenStreamTestCase,0.00,3,2,3,0,3,3,0,7,143,1
"org.apache.lucene.analysis.hi.TestHindiStemmer",5,0.00,1.00,30,0.25,3782.55,5,0,6,8,5,139.92,17,36,0,3,119.30,0.00,0.67,0.00,1,5.00,1,748.71,1,0,5,org.apache.lucene.analysis.BaseTokenStreamTestCase,0.00,3,2,5,0,3,5,0,5,182,1
"org.apache.solr.uima.processor.SolrUIMAConfiguration",8,0.02,1.00,31,0.27,7396.94,15,7,1,8,3,129.85,5,42,3,1,129.85,0.00,0.00,0.12,0,50.00,1,812.97,0,5,0,java.lang.Object,0.00,0,0,8,0,0,3,0,1,199,1
"org.apache.solr.uima.processor.SolrUIMAConfiguration$MapField",3,0.33,2.67,20,0.19,5695.41,6,3,1,8,0,115.93,2,29,0,1,115.93,0.00,0.00,0.56,0,0.00,4,584.22,0,2,0,java.lang.Object,0.00,5,0,8,0,5,1,0,2,132,2
"org.apache.solr.uima.processor.SolrUIMAConfigurationReader",10,0.44,1.60,57,0.83,45360.66,11,1,5,24,3,116.02,8,70,1,1,116.02,0.00,0.00,0.60,2,0.00,5,2475.83,0,7,2,java.lang.Object,0.00,14,0,16,0,14,3,0,3,493,1
"org.apache.solr.uima.processor.UIMAToSolrMapper",2,0.33,3.50,30,0.54,31952.70,5,3,11,19,3,75.87,11,38,1,1,93.74,0.00,0.00,0.50,0,2.00,6,1622.84,0,0,2,java.lang.Object,0.00,17,0,7,0,17,2,0,2,279,1
"org.apache.solr.uima.processor.UIMAUpdateRequestProcessor",5,0.08,3.20,69,1.15,71825.76,8,3,16,43,12,117.06,17,89,2,2,96.44,0.00,0.50,0.40,3,0.00,9,3464.72,1,2,10,org.apache.solr.update.processor.UpdateRequestProcessor,0.00,38,1,16,0,38,3,0,11,604,1
"org.apache.solr.uima.processor.UIMAUpdateRequestProcessorFactory",2,1.00,1.00,6,0.10,1612.54,3,1,5,7,8,170.20,5,14,1,2,130.31,0.00,0.50,0.50,0,2.00,1,308.98,0,1,7,org.apache.solr.update.processor.UpdateRequestProcessorFactory,0.00,5,1,2,0,5,1,0,1,73,1
"org.apache.solr.uima.processor.UIMAUpdateRequestProcessorTest",8,0.00,1.50,71,1.08,25698.18,8,0,22,33,16,109.60,7,136,0,3,109.60,0.00,0.67,0.00,1,16.00,5,3244.69,7,0,16,org.apache.solr.SolrTestCaseJ4,0.05,25,2,12,0,25,8,0,3,623,1
"org.apache.solr.uima.processor.UIMAUpdateRequestProcessorTest$SolrQueryRequestBase",0,0.00,0.00,1,0.01,69.74,0,0,22,0,0,171.00,0,1,0,1,171.00,0.00,0.00,0.00,0,0.00,0,34.87,0,0,0,java.lang.Object,0.00,0,0,0,0,0,0,0,0,11,0
"org.apache.lucene.analysis.tr.TestTurkishAnalyzer",4,0.00,1.00,16,0.17,3234.43,4,0,5,8,3,175.64,7,22,0,3,125.64,0.00,0.67,0.00,0,4.00,1,517.05,3,0,3,org.apache.lucene.analysis.BaseTokenStreamTestCase,0.00,4,2,4,0,4,4,0,6,121,1
"org.apache.lucene.analysis.tr.TestTurkishLowerCaseFilter",3,0.00,1.00,13,0.20,3244.88,3,0,4,6,4,124.88,14,23,0,3,124.65,0.00,0.67,0.00,0,3.00,1,593.66,1,0,4,org.apache.lucene.analysis.BaseTokenStreamTestCase,0.00,3,2,3,0,3,3,0,4,129,1
"org.apache.lucene.analysis.tr.TurkishAnalyzer",5,0.33,1.80,22,0.30,7346.10,8,3,15,16,13,73.47,46,32,1,3,123.47,0.00,0.67,0.07,0,8.00,3,905.69,0,2,12,org.apache.lucene.analysis.util.StopwordAnalyzerBase,0.00,11,2,9,0,11,3,0,9,200,2
"org.apache.lucene.analysis.tr.TurkishAnalyzer$DefaultSetHolder",0,0.00,0.00,6,0.05,853.95,1,1,15,0,1,171.00,2,11,0,1,171.00,0.00,0.00,0.00,0,0.00,0,164.39,0,0,1,java.lang.Object,0.00,0,0,0,0,0,0,0,2,40,2
"org.apache.lucene.analysis.tr.TurkishLowerCaseFilter",4,0.13,3.25,47,0.59,38986.60,9,5,4,14,8,58.18,29,59,5,4,100.47,0.00,0.75,0.30,1,4.00,6,1760.91,0,0,3,org.apache.lucene.analysis.TokenFilter,0.25,10,3,13,0,10,4,0,10,339,2
"org.apache.solr.util.xslt.TransformerProvider",3,0.58,2.67,45,0.69,27862.91,9,6,14,29,6,77.78,17,63,2,1,95.66,0.00,0.00,0.56,0,0.00,4,2084.14,0,2,4,java.lang.Object,0.00,26,0,8,0,26,1,0,9,369,1
"org.apache.solr.spelling.AbstractLuceneSpellChecker",12,0.05,3.00,117,1.83,121350.75,30,18,29,47,32,124.23,40,155,8,2,103.61,3.00,0.20,0.10,2,70.00,15,5500.24,1,8,24,org.apache.solr.spelling.SolrSpellChecker,0.00,35,1,36,3,35,4,0,13,927,2
"org.apache.solr.spelling.DirectSolrSpellChecker",4,0.30,4.75,80,1.55,76712.36,25,21,18,31,20,56.16,26,104,1,2,88.38,0.00,0.50,0.27,0,4.00,12,4649.02,1,1,19,org.apache.solr.spelling.SolrSpellChecker,0.00,27,1,19,0,27,3,0,4,760,1
"org.apache.solr.spelling.DirectSolrSpellCheckerTest",3,0.50,1.00,37,0.79,30834.39,4,1,14,30,15,149.15,5,49,0,3,99.15,0.00,0.67,0.67,0,1.00,1,2368.01,5,0,15,org.apache.solr.SolrTestCaseJ4,0.00,27,2,3,0,27,3,0,3,410,1
"org.apache.solr.spelling.FileBasedSpellChecker",5,0.06,2.00,42,0.66,24459.62,9,4,15,38,16,147.98,13,64,1,3,108.10,0.00,0.67,0.30,1,1.00,5,1981.14,1,3,15,org.apache.solr.spelling.AbstractLuceneSpellChecker,0.00,33,2,10,0,33,2,0,5,358,1
"org.apache.solr.spelling.FileBasedSpellCheckerTest",5,0.00,1.00,106,2.45,115166.62,6,1,13,39,14,127.21,12,117,0,3,87.33,0.00,0.67,1.00,0,0.00,1,7360.91,3,0,14,org.apache.solr.SolrTestCaseJ4,0.00,34,2,5,0,34,5,0,6,1154,1
"org.apache.solr.spelling.IndexBasedSpellChecker",6,0.10,2.00,39,0.42,10768.95,10,4,10,16,12,156.07,16,59,5,3,116.19,0.50,0.50,0.17,1,2.00,3,1260.84,2,2,7,org.apache.solr.spelling.AbstractLuceneSpellChecker,0.00,10,2,12,1,10,4,0,5,270,1
"org.apache.solr.spelling.IndexBasedSpellCheckerTest",7,0.08,1.29,200,4.41,298731.71,9,2,28,62,27,120.38,14,242,0,3,80.50,0.00,0.67,0.43,0,0.00,2,13238.57,3,0,27,org.apache.solr.SolrTestCaseJ4,0.00,55,2,9,0,55,7,0,12,2017,1
"org.apache.solr.spelling.IndexBasedSpellCheckerTest$TestSpellChecker",1,0.00,1.00,3,0.02,168.05,1,0,28,1,2,135.68,0,7,0,4,135.68,0.00,0.75,0.00,0,0.00,1,52.05,0,1,2,org.apache.solr.spelling.IndexBasedSpellChecker,0.16,0,3,1,0,0,0,0,0,17,1
"org.apache.solr.spelling.PossibilityIterator",7,0.12,3.43,94,1.23,112695.18,11,4,9,41,5,96.27,31,106,2,1,96.04,0.00,0.00,0.36,1,8.00,10,3692.76,0,2,3,java.lang.Object,0.00,34,0,24,0,34,5,1,3,649,1
"org.apache.solr.spelling.QueryConverter",4,0.50,1.00,10,0.07,810.83,6,2,5,4,7,93.50,34,14,3,1,141.60,0.00,0.00,0.12,0,6.00,1,216.72,0,2,4,java.lang.Object,0.00,0,0,4,2,0,2,1,3,62,2
"org.apache.solr.spelling.RankedSpellPossibility",6,0.10,1.33,22,0.24,6297.39,8,2,1,15,5,129.35,1,30,4,1,129.35,0.00,0.00,0.42,0,6.00,3,726.57,0,2,1,java.lang.Object,0.00,9,0,8,0,9,4,1,1,171,1
"org.apache.solr.spelling.SampleComparator",1,0.00,1.00,3,0.04,596.66,1,0,2,2,1,131.58,4,6,0,1,131.34,0.00,0.00,0.00,0,1.00,1,118.39,0,0,1,java.lang.Object,0.00,1,0,1,0,1,1,1,1,32,1
"org.apache.solr.spelling.SimpleQueryConverter",1,0.00,3.00,26,0.47,21227.46,1,0,14,26,13,66.02,5,32,3,3,83.89,0.00,0.67,0.00,0,1.00,3,1415.22,0,1,10,org.apache.solr.spelling.SpellingQueryConverter,0.00,25,2,3,0,25,0,0,2,234,0
"org.apache.solr.spelling.SolrSpellChecker",6,0.10,1.67,30,0.39,11954.62,14,8,7,17,16,119.06,26,38,8,1,118.83,0.00,0.00,0.21,0,10.00,5,1161.24,0,3,8,java.lang.Object,0.00,11,0,10,7,11,3,0,5,246,2
"org.apache.solr.spelling.SpellCheckCollation",9,0.09,1.11,26,0.20,3559.02,13,4,1,12,4,139.30,0,38,3,1,139.30,0.00,0.00,0.17,0,36.00,2,602.36,0,2,1,java.lang.Object,0.00,3,0,10,0,3,7,1,0,161,1
"org.apache.solr.spelling.SpellCheckCollator",2,1.00,8.00,70,1.30,110964.32,3,1,15,52,15,125.57,3,89,1,1,75.57,0.00,0.00,0.50,1,2.00,13,3912.09,0,2,14,java.lang.Object,0.00,50,0,16,0,50,0,0,3,590,1
"org.apache.solr.spelling.SpellCheckCollatorTest",5,0.00,1.60,182,3.34,218053.26,5,0,18,33,13,96.92,18,198,0,3,76.30,0.00,0.67,0.00,0,0.00,3,10017.68,3,0,13,org.apache.solr.SolrTestCaseJ4,0.00,28,2,8,0,28,5,0,18,1564,1
"org.apache.solr.spelling.SpellCheckCorrection",6,0.20,1.00,16,0.09,916.94,9,3,1,6,3,142.57,0,23,2,1,142.57,0.00,0.00,0.17,0,18.00,1,275.03,0,2,1,java.lang.Object,0.00,0,0,6,0,0,4,0,0,82,1
"org.apache.solr.spelling.SpellPossibilityIteratorTest",3,0.25,3.00,93,1.65,106729.18,5,2,7,16,4,79.28,0,107,0,3,79.28,0.00,0.67,0.67,0,0.00,6,4935.30,1,0,4,org.apache.solr.SolrTestCaseJ4,0.05,13,2,9,0,13,3,0,0,842,1
"org.apache.solr.spelling.SpellingOptions",5,7.00,1.00,27,0.28,5826.23,12,7,4,5,12,72.67,43,33,9,1,120.78,0.00,0.00,0.00,0,5.00,1,828.90,0,0,3,java.lang.Object,0.00,0,0,5,0,0,5,0,10,192,1
"org.apache.solr.spelling.SpellingQueryConverter",1,5.00,6.00,46,0.76,33871.93,7,6,14,30,14,104.80,31,62,6,2,72.89,1.00,0.33,0.17,0,0.00,6,2291.15,0,1,8,org.apache.solr.spelling.QueryConverter,0.00,29,1,6,1,29,0,0,7,388,1
"org.apache.solr.spelling.SpellingQueryConverterTest",5,0.00,1.40,62,0.99,47636.11,5,0,6,19,4,119.95,15,72,0,2,99.33,0.00,0.50,0.00,0,5.00,3,2978.65,0,0,4,org.apache.lucene.util.LuceneTestCase,0.00,14,1,7,0,14,5,0,10,571,1
"org.apache.solr.spelling.SpellingResult",12,0.09,1.33,40,0.48,13285.29,16,4,5,16,11,129.40,51,56,10,1,129.16,0.00,0.00,0.17,1,64.00,3,1450.18,0,5,1,java.lang.Object,0.00,4,0,16,0,4,7,0,10,334,1
"org.apache.lucene.analysis.standard.std.Deprecated",24,0.05,2.42,246,6.06,244551.85,63,39,3,33,3,53.83,196,779,0,1,101.93,0.00,0.00,0.07,2,234.00,21,18184.46,0,1,3,java.lang.Object,0.00,9,0,58,0,9,23,1,73,2570,2
"org.apache.lucene.benchmark.byTask.programmatic.Sample",2,0.00,1.00,37,0.47,13719.49,2,0,9,17,7,45.49,20,40,0,1,93.97,0.00,0.00,0.00,1,2.00,1,1405.53,0,1,7,java.lang.Object,0.00,15,0,2,0,15,1,0,14,262,1
"org.apache.lucene.analysis.th.TestThaiAnalyzer",9,0.00,1.00,54,1.07,23644.34,9,0,5,14,5,154.93,22,99,0,3,115.05,0.00,0.67,0.00,0,9.00,1,3209.13,4,0,5,org.apache.lucene.analysis.BaseTokenStreamTestCase,0.00,5,2,9,0,5,9,0,12,608,1
"org.apache.lucene.analysis.th.ThaiAnalyzer",2,1.00,1.50,10,0.15,3603.03,3,1,11,9,11,71.09,16,17,1,2,119.20,0.00,0.50,0.50,0,2.00,2,437.94,0,1,10,org.apache.lucene.analysis.Analyzer,0.00,7,1,3,0,7,1,0,2,95,2
"org.apache.lucene.analysis.th.ThaiWordFilter",3,0.54,4.00,58,0.84,38452.15,15,12,13,25,11,48.34,21,73,4,4,90.63,0.00,0.75,0.44,0,0.00,8,2526.05,1,0,7,org.apache.lucene.analysis.TokenFilter,0.53,22,3,12,0,22,3,0,7,459,2
"org.apache.lucene.facet.example.association.AssociationIndexer",1,0.00,4.00,38,0.61,31922.71,1,0,16,20,18,36.07,55,40,2,1,76.28,0.00,0.00,0.00,0,1.00,4,1833.88,0,0,16,java.lang.Object,0.00,19,0,4,0,19,1,0,25,292,1
"org.apache.lucene.facet.example.association.AssociationMain",3,0.00,1.00,25,0.28,6874.11,3,0,6,13,9,62.38,31,29,2,1,110.85,0.00,0.00,0.00,0,3.00,1,825.66,0,2,7,java.lang.Object,0.00,10,0,3,0,10,1,0,9,173,1
"org.apache.lucene.facet.example.association.AssociationSearcher",2,0.00,1.00,17,0.26,7280.91,2,0,10,10,11,89.13,28,26,1,1,109.27,0.00,0.00,0.00,0,2.00,1,773.15,0,2,10,java.lang.Object,0.00,8,0,2,0,8,0,0,8,152,1
"org.apache.lucene.facet.example.association.AssociationUtils",0,0.00,0.00,4,0.16,4254.55,3,3,6,5,9,171.00,37,26,3,1,171.00,0.00,0.00,0.00,0,0.00,0,480.00,0,0,6,java.lang.Object,0.00,5,0,0,0,5,0,0,14,96,1
"org.apache.lucene.analysis.sinks.DateRecognizerSinkFilter",3,0.17,2.00,16,0.16,3510.02,6,3,5,7,3,141.22,10,25,1,2,120.61,0.00,0.50,0.22,0,4.00,4,476.42,0,0,2,TeeSinkTokenFilter.SinkFilter,0.00,4,1,6,0,4,3,0,3,107,1
"org.apache.lucene.analysis.sinks.DateRecognizerSinkTokenizerTest",1,0.00,3.00,16,0.22,6974.39,1,0,6,10,4,95.56,0,20,0,3,95.56,0.00,0.67,0.00,0,1.00,3,665.18,0,0,4,org.apache.lucene.analysis.BaseTokenStreamTestCase,0.00,9,2,3,0,9,1,0,0,125,1
"org.apache.lucene.analysis.sinks.TeeSinkTokenFilter",7,1.00,2.43,46,0.53,16895.54,8,1,9,23,8,66.65,74,61,4,4,115.13,0.00,0.75,0.00,1,12.00,6,1587.60,1,0,4,org.apache.lucene.analysis.TokenFilter,0.42,16,3,17,0,16,7,0,10,334,2
"org.apache.lucene.analysis.sinks.TeeSinkTokenFilter$SinkFilter",2,0.00,1.00,3,0.02,126.08,2,0,9,2,1,157.06,9,5,0,1,156.83,0.00,0.00,0.00,0,2.00,1,59.16,0,0,1,java.lang.Object,0.00,0,0,2,0,0,2,0,3,21,3
"org.apache.lucene.analysis.sinks.TeeSinkTokenFilter$SinkFilter_0",1,0.00,1.00,3,0.02,175.12,1,0,9,1,1,135.54,0,5,0,1,135.54,0.00,0.00,0.00,0,1.00,1,54.60,0,0,1,java.lang.Object,0.00,0,0,1,0,0,1,0,0,17,0
"org.apache.lucene.analysis.sinks.TeeSinkTokenFilter$SinkTokenStream",7,0.04,1.57,29,0.31,6731.83,11,4,9,15,2,124.95,1,44,0,3,124.95,0.00,0.67,0.29,0,20.00,3,930.29,0,0,2,org.apache.lucene.analysis.TokenStream,0.60,8,2,11,0,8,7,0,1,215,3
"org.apache.lucene.analysis.sinks.TestTeeSinkTokenFilter",5,0.31,3.60,154,2.58,160005.83,9,4,19,58,20,100.74,15,148,0,3,80.13,0.00,0.67,0.50,0,2.00,11,7743.62,2,0,20,org.apache.lucene.analysis.BaseTokenStreamTestCase,0.00,53,2,18,0,53,5,0,9,1279,1
"org.apache.lucene.analysis.sinks.TestTeeSinkTokenFilter$ModuloSinkFilter",2,0.50,1.00,9,0.08,1499.92,4,2,19,2,1,125.90,0,13,0,2,125.90,0.00,0.50,0.75,0,0.00,1,227.39,0,0,1,TeeSinkTokenFilter.SinkFilter,0.00,0,1,2,0,0,2,0,0,57,0
"org.apache.lucene.analysis.sinks.TestTeeSinkTokenFilter$ModuloTokenFilter",2,0.00,1.50,15,0.11,3531.74,4,2,19,2,0,113.81,1,19,0,2,113.81,0.00,0.50,0.50,0,2.00,2,315.33,0,0,0,org.apache.lucene.index.TokenFilter,0.00,0,1,3,0,0,2,0,1,77,0
"org.apache.lucene.analysis.sinks.TestTeeSinkTokenFilter$TeeSinkTokenFilter.SinkFilter",1,0.00,1.00,4,0.05,853.17,1,0,19,4,2,125.46,0,6,0,1,125.46,0.00,0.00,0.00,0,1.00,1,149.49,0,0,2,java.lang.Object,0.00,3,0,1,0,3,1,0,0,37,0
"org.apache.lucene.analysis.sinks.TestTeeSinkTokenFilter$TeeSinkTokenFilter.SinkFilter_0",1,0.00,1.00,4,0.05,853.17,1,0,19,4,2,125.46,0,6,0,1,125.46,0.00,0.00,0.00,0,1.00,1,149.49,0,0,2,java.lang.Object,0.00,3,0,1,0,3,1,0,0,37,0
"org.apache.lucene.analysis.sinks.TokenRangeSinkFilter",3,0.17,1.33,15,0.12,2323.64,6,3,2,3,2,172.11,4,24,1,2,122.11,0.00,0.50,0.44,0,1.00,2,357.84,0,0,1,TeeSinkTokenFilter.SinkFilter,0.00,0,1,4,0,0,3,0,1,90,1
"org.apache.lucene.analysis.sinks.TokenRangeSinkTokenizerTest",1,0.00,3.00,16,0.21,6981.06,1,0,4,9,4,95.56,0,20,0,3,95.56,0.00,0.67,0.00,0,1.00,3,626.27,0,0,4,org.apache.lucene.analysis.BaseTokenStreamTestCase,0.00,8,2,3,0,8,1,0,0,120,1
"org.apache.lucene.analysis.sinks.TokenTypeSinkFilter",2,0.00,1.50,9,0.09,1646.64,4,2,2,5,3,125.49,1,14,1,2,125.49,0.00,0.50,0.50,0,2.00,2,275.77,0,0,2,TeeSinkTokenFilter.SinkFilter,0.00,3,1,3,0,3,2,0,1,67,1
"org.apache.lucene.analysis.sinks.TokenTypeSinkTokenizerTest",1,0.00,4.00,23,0.38,17178.61,1,0,8,14,8,86.54,0,28,0,3,86.54,0.00,0.67,0.00,0,1.00,4,1151.06,0,0,8,org.apache.lucene.analysis.BaseTokenStreamTestCase,0.00,13,2,4,0,13,1,0,0,202,1
"org.apache.lucene.analysis.sinks.TokenTypeSinkTokenizerTest$WordTokenFilter",2,0.00,2.00,10,0.11,2043.22,4,2,8,6,4,121.07,0,15,0,4,121.07,0.00,0.75,0.50,0,2.00,3,340.40,0,0,4,org.apache.lucene.analysis.TokenFilter,0.29,4,3,4,0,4,2,0,0,81,1
"org.apache.solr.spelling.suggest.jaspell.JaspellLookupFactory",1,0.00,1.00,5,0.07,1056.25,2,1,7,4,6,141.73,3,8,1,2,121.12,0.00,0.50,1.00,0,0.00,1,195.62,0,1,5,org.apache.solr.spelling.suggest.LookupFactory,0.00,3,1,1,0,3,0,0,1,46,1
"org.apache.lucene.analysis.snowball.Deprecated",3,0.17,2.33,18,0.34,11900.79,6,3,10,15,11,71.15,23,31,0,2,113.44,0.00,0.50,0.44,0,1.00,4,1015.63,0,1,11,org.apache.lucene.analysis.Analyzer,0.00,12,1,7,0,12,2,0,6,205,2
"org.apache.lucene.analysis.snowball.SnowballFilter",3,0.17,2.67,26,0.36,11590.09,6,3,8,18,28,66.55,22,39,21,4,108.84,0.00,0.75,0.44,0,1.00,4,1074.57,0,0,7,org.apache.lucene.analysis.TokenFilter,0.27,15,3,8,0,15,3,0,3,217,2
"org.apache.lucene.analysis.snowball.TestSnowball",7,0.00,1.00,44,0.68,15603.58,7,0,12,21,12,155.49,14,57,0,3,115.61,0.00,0.67,0.00,0,7.00,1,2036.48,2,0,12,org.apache.lucene.analysis.BaseTokenStreamTestCase,0.00,14,2,7,0,14,7,0,6,412,1
"org.apache.lucene.analysis.snowball.TestSnowball$TestTokenStream",2,0.67,1.00,18,0.24,4507.22,8,6,12,11,8,109.00,0,22,0,3,109.00,0.00,0.67,0.50,0,2.00,1,709.55,0,0,8,org.apache.lucene.analysis.TokenStream,0.30,9,2,2,0,9,2,0,0,149,2
"org.apache.lucene.analysis.snowball.TestSnowballVocab",2,0.00,1.50,23,0.24,3094.52,2,0,7,5,3,58.84,16,28,0,2,106.94,0.00,0.50,0.00,1,2.00,2,716.64,0,0,3,org.apache.lucene.util.LuceneTestCase,0.00,3,1,3,0,3,2,0,9,140,1
"org.apache.lucene.analysis.snowball.TestSnowballVocab$Analyzer",1,0.00,1.00,4,0.05,771.22,1,0,7,4,3,125.81,0,7,0,1,125.81,0.00,0.00,0.00,0,1.00,1,141.98,0,1,3,java.lang.Object,0.00,3,0,1,0,3,0,0,0,35,0
"org.apache.lucene.analysis.gl.GalicianAnalyzer",5,0.50,1.80,21,0.28,7029.43,7,2,15,15,13,75.51,42,31,1,3,123.62,0.00,0.67,0.10,0,8.00,3,847.94,0,2,12,org.apache.lucene.analysis.util.StopwordAnalyzerBase,0.00,10,2,9,0,10,3,0,8,189,2
"org.apache.lucene.analysis.gl.GalicianAnalyzer$DefaultSetHolder",0,0.00,0.00,6,0.05,843.89,1,1,15,0,2,171.00,2,11,0,1,171.00,0.00,0.00,0.00,0,0.00,0,162.56,0,0,2,java.lang.Object,0.00,0,0,0,0,0,0,0,2,40,2
"org.apache.lucene.analysis.gl.GalicianStemFilter",2,0.33,2.00,15,0.18,4744.35,5,3,6,9,9,94.87,10,21,3,4,112.74,0.00,0.75,0.50,0,2.00,3,535.08,0,0,6,org.apache.lucene.analysis.TokenFilter,0.29,7,3,4,0,7,2,0,2,116,2
"org.apache.lucene.analysis.gl.GalicianStemmer",1,0.00,9.00,41,0.51,38559.53,8,7,2,2,2,44.84,13,40,1,2,74.22,0.00,0.50,1.00,0,0.00,9,1518.51,1,0,1,org.apache.lucene.analysis.pt.RSLPStemmerBase,0.00,1,1,9,0,1,1,0,4,280,1
"org.apache.lucene.analysis.gl.TestGalicianAnalyzer",4,0.00,1.00,16,0.17,3088.17,4,0,5,8,3,175.80,7,22,0,3,125.80,0.00,0.67,0.00,0,4.00,1,522.25,3,0,3,org.apache.lucene.analysis.BaseTokenStreamTestCase,0.00,4,2,4,0,4,4,0,6,121,1
"org.apache.lucene.analysis.gl.TestGalicianStemFilter",1,0.00,1.00,5,0.04,471.81,1,0,9,3,6,124.11,4,8,0,3,123.87,0.00,0.67,0.00,0,1.00,1,114.71,0,0,6,org.apache.lucene.analysis.BaseTokenStreamTestCase,0.00,2,2,1,0,2,1,0,2,31,1
"org.apache.lucene.analysis.gl.TestGalicianStemFilter$Analyzer",1,0.00,1.00,5,0.06,1073.53,1,0,9,5,5,121.06,0,8,0,1,121.06,0.00,0.00,0.00,0,1.00,1,188.94,0,1,5,java.lang.Object,0.00,4,0,1,0,4,0,0,0,44,0
"org.apache.solr.servlet.CacheHeaderTest",9,0.44,1.33,128,1.82,74393.72,11,2,11,41,1,147.33,17,174,0,5,97.33,0.00,0.80,0.11,2,23.00,2,5462.13,5,2,1,org.apache.solr.servlet.CacheHeaderTestBase,0.00,32,4,12,0,32,7,0,15,1015,1
"org.apache.solr.servlet.CacheHeaderTestBase",10,0.00,2.10,52,0.71,28107.47,10,0,9,24,4,117.60,1,78,2,4,117.60,0.67,0.50,0.00,3,10.00,6,2120.56,1,3,2,org.apache.solr.SolrJettyTestBase,0.00,14,3,21,2,14,7,0,1,442,2
"org.apache.solr.servlet.DirectSolrConnection",5,0.12,3.00,51,0.76,37230.43,7,2,22,34,22,85.08,27,75,4,1,102.95,0.00,0.00,0.60,1,0.00,6,2286.16,0,3,18,java.lang.Object,0.00,29,0,15,0,29,2,0,7,429,1
"org.apache.solr.servlet.DirectSolrConnectionTest",5,0.50,1.60,30,0.34,10587.42,6,1,2,11,3,165.67,5,45,0,3,115.68,0.00,0.67,0.60,0,2.00,3,1020.22,1,2,3,org.apache.solr.util.AbstractSolrTestCase,0.24,6,2,8,0,6,3,0,5,215,1
"org.apache.solr.servlet.FileItemContentStream",2,0.00,1.00,10,0.08,946.18,3,1,30,7,12,123.86,0,15,1,2,123.86,0.00,0.50,1.00,0,0.00,1,241.60,0,1,11,org.apache.solr.common.util.ContentStreamBase,0.00,5,1,2,0,5,1,0,0,62,0
"org.apache.solr.servlet.HttpRequestContentStream",2,1.00,1.50,10,0.09,1543.69,3,1,30,6,12,172.09,2,15,1,2,122.10,0.00,0.50,0.50,0,2.00,2,284.88,0,1,11,org.apache.solr.common.util.ContentStreamBase,0.00,4,1,3,0,4,1,0,2,68,0
"org.apache.solr.servlet.LogLevelSelection",5,0.38,6.20,124,2.03,133596.50,7,2,10,41,0,84.47,20,178,0,2,84.24,0.00,0.50,0.20,2,11.00,12,6088.63,0,2,0,javax.servlet.http.HttpServlet,0.00,36,1,31,0,36,3,0,12,992,2
"org.apache.solr.servlet.LogLevelSelection$LogWrapper",6,0.07,2.83,31,0.37,11935.12,9,3,10,15,0,118.71,0,47,0,1,118.71,0.00,0.00,0.28,1,10.00,7,1106.25,0,1,0,java.lang.Object,0.00,9,0,17,0,9,5,1,0,254,2
"org.apache.solr.servlet.MultipartRequestParser",2,0.00,2.50,20,0.31,12940.92,3,1,30,20,16,103.71,8,33,3,1,103.48,0.00,0.00,1.00,0,0.00,4,938.67,0,1,14,java.lang.Object,0.00,18,0,5,0,18,1,1,8,167,0
"org.apache.solr.servlet.NoCacheHeaderTest",7,0.00,1.00,75,0.95,37945.98,7,0,6,16,1,144.18,15,109,0,5,104.29,0.00,0.80,0.00,3,7.00,1,2852.80,5,0,1,org.apache.solr.servlet.CacheHeaderTestBase,0.19,9,4,7,0,9,7,0,13,565,1
"org.apache.solr.servlet.RawRequestParser",1,0.00,1.00,4,0.06,1072.66,1,0,30,5,16,92.46,6,9,3,1,124.68,0.00,0.00,0.00,0,1.00,1,167.50,0,1,14,java.lang.Object,0.00,4,0,1,0,4,0,1,6,39,0
"org.apache.solr.servlet.SimpleRequestParser",1,0.00,1.00,3,0.03,513.01,1,0,30,2,13,131.86,0,8,1,1,131.86,0.00,0.00,0.00,0,1.00,1,100.82,0,1,12,java.lang.Object,0.00,1,0,1,0,1,0,1,0,26,0
"org.apache.solr.servlet.SolrDispatchFilter",11,0.02,4.55,183,3.13,245967.16,19,8,33,112,21,49.19,86,243,2,1,91.48,0.00,0.00,0.15,5,50.00,25,9385.45,0,2,19,java.lang.Object,0.00,101,0,50,0,101,9,1,51,1517,1
"org.apache.solr.servlet.SolrRequestParser",1,0.00,1.00,2,0.02,209.87,1,0,30,1,16,141.49,0,5,5,1,141.49,0.00,0.00,0.00,0,1.00,1,63.36,0,1,11,,0.00,0,0,1,0,0,0,0,0,18,0
"org.apache.solr.servlet.SolrRequestParserTest",6,0.40,1.67,86,1.59,78943.77,7,1,22,48,11,145.69,9,117,0,3,95.69,0.00,0.67,0.67,0,0.00,2,4761.05,1,0,11,org.apache.solr.SolrTestCaseJ4,0.00,42,2,10,0,42,6,0,9,817,1
"org.apache.solr.servlet.SolrRequestParsers",6,0.11,3.83,90,1.29,73840.33,15,9,30,38,21,115.23,20,122,7,1,94.61,0.00,0.00,0.20,1,10.00,13,3883.57,0,3,16,java.lang.Object,0.00,32,0,23,0,32,3,0,15,694,1
"org.apache.solr.servlet.SolrRequestParsers$SolrQueryRequestBase",0,0.00,0.00,1,0.01,23.26,0,0,30,0,0,171.00,0,0,0,1,171.00,0.00,0.00,0.00,0,0.00,0,15.51,0,0,0,java.lang.Object,0.00,0,0,0,0,0,0,0,0,6,0
"org.apache.solr.servlet.StandardRequestParser",2,0.00,4.00,22,0.33,13923.68,4,2,30,15,16,151.57,2,35,2,1,101.57,0.00,0.00,0.50,0,2.00,7,993.39,0,1,14,java.lang.Object,0.00,13,0,8,0,13,1,1,2,185,0
"org.apache.lucene.analysis.sv.SwedishAnalyzer",5,0.50,1.80,21,0.29,7141.30,7,2,17,16,14,75.46,42,31,1,3,123.56,0.00,0.67,0.10,0,8.00,3,866.52,0,2,13,org.apache.lucene.analysis.util.StopwordAnalyzerBase,0.00,11,2,9,0,11,3,0,8,192,2
"org.apache.lucene.analysis.sv.SwedishAnalyzer$DefaultSetHolder",0,0.00,0.00,6,0.05,843.89,1,1,17,0,2,171.00,2,11,0,1,171.00,0.00,0.00,0.00,0,0.00,0,162.56,0,0,2,java.lang.Object,0.00,0,0,0,0,0,0,0,2,40,2
"org.apache.lucene.analysis.sv.SwedishLightStemFilter",2,0.33,2.00,14,0.16,3794.18,5,3,6,9,8,113.74,9,20,2,4,113.50,0.00,0.75,0.50,0,2.00,3,481.98,0,0,6,org.apache.lucene.analysis.TokenFilter,0.29,7,3,4,0,7,2,0,1,107,2
"org.apache.lucene.analysis.sv.SwedishLightStemmer",1,0.00,8.00,10,0.42,31455.50,1,0,1,2,1,55.51,7,41,1,1,97.80,0.00,0.00,0.00,0,1.00,8,1250.96,0,0,0,java.lang.Object,0.00,1,0,8,0,1,1,0,1,221,1
"org.apache.lucene.analysis.sv.TestSwedishAnalyzer",4,0.00,1.00,16,0.17,3088.17,4,0,6,8,4,175.80,7,22,0,3,125.80,0.00,0.67,0.00,0,4.00,1,522.25,3,0,4,org.apache.lucene.analysis.BaseTokenStreamTestCase,0.00,4,2,4,0,4,4,0,6,121,1
"org.apache.lucene.analysis.sv.TestSwedishLightStemFilter",2,0.00,1.00,7,0.06,643.14,2,0,7,4,4,173.34,5,11,0,3,133.46,0.00,0.67,0.00,0,2.00,1,171.82,1,0,4,org.apache.lucene.analysis.BaseTokenStreamTestCase,0.00,2,2,2,0,2,2,0,3,46,1
"org.apache.lucene.analysis.sv.TestSwedishLightStemFilter$Analyzer",1,0.00,1.00,4,0.05,1009.20,1,0,7,4,3,124.89,0,7,0,1,124.89,0.00,0.00,0.00,0,1.00,1,159.62,0,1,3,java.lang.Object,0.00,3,0,1,0,3,0,0,0,38,0
"org.apache.solr.handler.clustering.AbstractClusteringTestCase",1,1.00,2.00,11,0.46,9399.35,3,2,2,4,3,121.32,3,105,2,3,100.71,1.00,0.40,0.50,0,0.00,2,1365.89,3,0,1,org.apache.solr.SolrTestCaseJ4,0.00,3,2,2,2,3,1,0,1,217,2
"org.apache.solr.handler.clustering.ClusteringComponent",13,0.00,3.46,134,2.20,130266.94,18,5,21,57,20,141.79,34,179,3,2,101.91,0.00,0.50,0.20,2,46.00,15,6596.47,1,7,17,org.apache.solr.handler.component.SearchComponent,0.29,44,1,45,0,44,6,1,16,1147,1
"org.apache.solr.handler.clustering.ClusteringComponentTest",1,0.00,1.00,33,0.50,17580.54,1,0,12,15,14,48.71,6,36,0,4,80.93,0.00,0.75,0.00,0,0.00,1,1491.90,0,0,14,org.apache.solr.handler.clustering.AbstractClusteringTestCase,0.00,14,3,1,0,14,1,0,3,253,1
"org.apache.solr.handler.clustering.ClusteringEngine",2,0.33,1.00,9,0.07,1013.17,5,3,2,3,5,167.13,4,12,3,1,127.24,0.00,0.00,0.50,0,0.00,1,217.49,0,2,2,java.lang.Object,0.00,1,0,2,4,1,0,0,1,57,1
"org.apache.solr.handler.clustering.ClusteringParams",0,0.00,0.00,6,0.08,1642.33,5,5,0,0,3,171.00,23,7,3,1,171.00,0.00,0.00,0.00,0,0.00,0,246.35,0,0,0,,0.00,0,0,0,0,0,0,0,3,57,1
"org.apache.solr.handler.clustering.DistributedClusteringComponentTest",2,0.00,1.50,14,0.20,4901.31,2,0,2,5,4,162.69,3,24,0,4,112.69,0.00,0.75,0.00,0,2.00,2,587.89,4,1,4,org.apache.solr.BaseDistributedSearchTestCase,0.09,3,3,3,0,3,1,0,3,111,1
"org.apache.solr.handler.clustering.DocumentClusteringEngine",2,0.00,1.00,3,0.03,163.57,2,0,3,2,6,107.46,20,4,2,2,155.94,1.00,0.33,0.00,0,2.00,1,76.87,0,2,4,org.apache.solr.handler.clustering.ClusteringEngine,0.00,0,1,2,1,0,0,0,3,25,2
"org.apache.solr.handler.clustering.MockDocumentClusteringEngine",2,0.00,1.00,7,0.06,1066.67,2,0,3,3,4,171.61,4,12,0,3,131.73,0.00,0.67,0.00,0,2.00,1,179.66,0,2,4,org.apache.solr.handler.clustering.DocumentClusteringEngine,0.00,1,2,2,0,1,0,0,1,48,1
"org.apache.solr.handler.clustering.SearchClusteringEngine",4,0.00,1.00,7,0.12,1437.61,4,0,9,6,9,171.49,12,14,2,2,150.88,1.00,0.33,0.00,0,4.00,1,346.64,0,4,7,org.apache.solr.handler.clustering.ClusteringEngine,0.00,2,1,4,1,2,0,0,3,85,2
"org.apache.lucene.facet.search.AdaptiveAccumulatorTest",1,0.00,1.00,5,0.06,1150.60,1,0,5,3,7,120.35,16,11,0,5,120.82,0.00,0.80,0.00,0,1.00,1,173.83,0,1,7,org.apache.lucene.facet.search.sampling.BaseSampleTestTopK,0.00,2,4,1,0,2,0,0,1,41,1
"org.apache.lucene.facet.search.AdaptiveFacetsAccumulator",6,0.80,1.50,23,0.24,5304.61,7,1,12,11,16,81.80,52,37,2,3,129.91,0.00,0.67,0.33,1,10.00,3,731.20,2,3,14,org.apache.lucene.facet.search.StandardFacetsAccumulator,0.00,5,2,9,0,5,3,0,10,171,2
"org.apache.lucene.facet.search.BaseTestTopK",8,0.02,1.38,41,0.58,16379.37,15,7,15,20,14,158.66,19,64,3,3,118.78,3.00,0.22,0.12,2,24.00,2,1750.51,3,5,11,org.apache.lucene.facet.FacetTestBase,0.32,12,2,11,6,12,3,0,4,377,2
"org.apache.lucene.facet.search.CategoryListIterator",3,0.00,1.00,4,0.03,147.66,3,0,1,3,13,175.81,55,5,13,1,157.67,0.00,0.00,0.00,0,3.00,1,75.83,0,0,0,,0.00,0,0,3,0,0,3,0,5,27,1
"org.apache.lucene.facet.search.CategoryListIteratorTest",2,0.00,7.00,94,1.54,102790.49,3,1,22,34,18,41.70,26,99,0,2,71.08,0.00,0.50,1.00,0,0.00,9,4623.47,0,0,18,org.apache.lucene.util.LuceneTestCase,0.00,32,1,14,0,32,2,0,9,727,1
"org.apache.lucene.facet.search.CategoryListIteratorTest$Analyzer",1,0.00,1.00,3,0.04,595.79,1,0,22,3,1,131.35,0,5,0,1,131.35,0.00,0.00,0.00,0,1.00,1,112.25,0,1,1,java.lang.Object,0.00,2,0,1,0,2,0,0,0,29,0
"org.apache.lucene.facet.search.CategoryListIteratorTest$DataTokenStream",3,0.36,1.67,27,0.30,7506.38,10,7,22,13,5,108.53,0,33,0,2,108.53,0.00,0.50,0.38,0,2.00,3,887.99,0,0,5,org.apache.lucene.document.TokenStream,0.00,10,1,5,0,10,3,0,0,184,3
"org.apache.lucene.facet.search.DrillDown",7,0.00,1.43,29,0.42,13819.54,7,0,9,20,15,80.22,49,39,7,1,122.51,0.00,0.00,0.00,2,7.00,4,1251.75,0,7,8,java.lang.Object,0.00,13,0,10,0,13,0,0,9,273,2
"org.apache.lucene.facet.search.DrillDownTest",7,0.22,2.00,85,1.28,42742.07,13,6,28,39,23,101.01,31,104,0,2,100.77,0.00,0.50,0.36,0,6.00,6,3833.22,0,0,23,org.apache.lucene.util.LuceneTestCase,0.00,32,1,14,0,32,7,0,16,729,1
"org.apache.lucene.facet.search.FacetArrays",5,0.35,1.80,29,0.21,3809.65,10,5,0,9,17,73.99,41,40,15,1,122.10,0.00,0.00,0.48,0,0.00,3,620.80,0,0,2,java.lang.Object,0.00,4,0,9,0,4,5,0,11,156,1
"org.apache.lucene.facet.search.FacetResultsHandler",9,2.00,1.00,18,0.17,2304.74,11,2,6,10,14,103.24,113,25,9,1,140.81,0.00,0.00,0.00,0,9.00,1,504.03,0,6,6,java.lang.Object,0.00,1,0,9,2,1,3,0,13,140,2
"org.apache.lucene.facet.search.FacetsAccumulator",7,0.10,1.29,28,0.24,4113.69,15,8,7,8,24,97.30,91,38,18,1,126.68,0.00,0.00,0.04,0,17.00,3,734.79,0,1,6,java.lang.Object,0.00,1,0,9,4,1,6,0,16,177,2
"org.apache.lucene.facet.search.FacetsCollector",8,0.07,1.38,31,0.33,5606.12,12,4,10,18,20,88.43,60,52,10,2,130.72,0.00,0.50,0.31,0,0.00,3,979.22,0,1,10,org.apache.lucene.index.Collector,0.00,10,1,11,0,10,7,0,8,231,1
"org.apache.lucene.facet.search.FloatArrayAllocator",3,1.00,1.00,9,0.08,1265.51,4,1,1,4,7,112.39,43,15,6,2,132.53,0.00,0.50,0.33,0,4.00,1,251.14,0,0,1,org.apache.lucene.facet.search.TemporaryObjectAllocator,0.25,1,1,3,0,1,3,0,4,67,2
"org.apache.lucene.facet.search.Heap",6,0.00,1.00,7,0.03,191.17,6,0,0,6,3,126.94,40,8,3,1,159.16,0.00,0.00,0.00,0,6.00,1,102.28,0,0,0,,0.00,0,0,6,0,0,6,0,8,41,1
"org.apache.lucene.facet.search.IntArrayAllocator",3,1.00,1.00,9,0.08,1333.70,4,1,1,4,7,112.21,43,15,6,2,132.35,0.00,0.50,0.33,0,4.00,1,249.55,0,0,1,org.apache.lucene.facet.search.TemporaryObjectAllocator,0.25,1,1,3,0,1,3,0,4,67,2
"org.apache.lucene.facet.search.PayloadIntDecodingIterator",7,0.14,1.43,35,0.38,9324.12,13,6,5,20,10,88.02,44,50,4,1,120.24,0.00,0.00,0.29,0,9.00,3,1143.18,0,0,6,java.lang.Object,0.00,13,0,10,0,13,7,1,4,261,1
"org.apache.lucene.facet.search.PayloadIterator",6,0.05,2.33,40,0.49,22362.73,10,4,8,17,8,65.55,49,57,1,1,113.65,0.00,0.00,0.29,0,14.00,9,1474.58,0,0,7,java.lang.Object,0.00,11,0,14,1,11,6,0,14,296,1
"org.apache.lucene.facet.search.SamplingWrapper",6,0.00,1.33,35,0.43,15795.03,8,2,8,22,8,75.63,43,49,1,2,117.93,0.00,0.50,0.50,2,0.00,3,1284.20,0,1,7,org.apache.lucene.facet.search.FacetsAccumulator,0.77,16,1,8,0,16,5,0,14,264,1
"org.apache.lucene.facet.search.SamplingWrapperTest",1,0.00,1.00,4,0.05,913.99,1,0,5,3,8,124.75,16,10,0,5,125.23,0.00,0.80,0.00,0,1.00,1,162.67,0,1,8,org.apache.lucene.facet.search.sampling.BaseSampleTestTopK,0.00,2,4,1,0,2,0,0,1,39,1
"org.apache.lucene.facet.search.ScoredDocIDs",3,0.00,1.00,4,0.02,86.13,3,0,2,3,20,111.41,26,5,18,1,159.52,0.00,0.00,0.00,0,3.00,1,50.87,0,2,2,,0.00,0,0,3,0,0,1,0,5,21,1
"org.apache.lucene.facet.search.ScoredDocIDsIterator",3,1.00,1.00,5,0.03,250.46,4,1,0,3,16,105.87,29,6,16,1,155.87,0.00,0.00,0.00,0,3.00,1,91.50,0,0,0,,0.00,0,0,3,0,0,3,0,6,31,1
"org.apache.lucene.facet.search.ScoredDocIdCollector",7,0.28,1.14,18,0.16,2529.99,10,3,9,11,19,121.72,37,25,10,2,139.60,2.00,0.25,0.10,0,12.00,2,485.75,0,3,9,org.apache.lucene.index.Collector,0.00,4,1,8,2,4,4,0,5,128,2
"org.apache.lucene.facet.search.ScoredDocIdCollector$NonScoringDocIdCollector",7,1.00,1.00,17,0.14,1980.82,8,1,9,9,3,140.46,0,28,0,3,140.46,0.00,0.67,0.14,0,17.00,1,432.22,0,1,3,org.apache.lucene.facet.search.ScoredDocIdCollector,0.64,2,2,7,0,2,6,0,0,116,3
"org.apache.lucene.facet.search.ScoredDocIdCollector$NonScoringDocIdCollector$ScoredDocIDsIterator",3,0.00,1.33,13,0.09,1529.57,5,2,9,4,1,127.16,2,14,0,1,127.16,0.00,0.00,0.50,0,2.00,2,269.02,0,0,1,java.lang.Object,0.00,1,0,4,0,1,3,0,2,70,0
"org.apache.lucene.facet.search.ScoredDocIdCollector$ScoredDocIDs",3,0.00,1.00,7,0.03,241.62,3,0,9,4,2,144.76,0,10,0,1,144.76,0.00,0.00,0.00,0,5.00,1,92.54,0,2,2,java.lang.Object,0.00,1,0,3,0,1,1,0,0,31,0
"org.apache.lucene.facet.search.ScoredDocIdCollector$ScoringDocIdCollector",7,0.42,1.14,25,0.26,6479.82,9,2,9,12,4,129.81,0,35,0,3,129.81,0.00,0.67,0.14,0,13.00,2,789.59,0,1,4,org.apache.lucene.facet.search.ScoredDocIdCollector,0.64,5,2,8,0,5,6,0,0,181,3
"org.apache.lucene.facet.search.ScoredDocIdCollector$ScoringDocIdCollector$ScoredDocIDsIterator_0",3,0.33,1.67,17,0.12,2537.71,6,3,9,4,1,121.76,2,19,0,1,121.76,0.00,0.00,0.56,0,0.00,3,371.14,0,0,1,java.lang.Object,0.00,1,0,5,0,1,3,0,2,90,0
"org.apache.lucene.facet.search.StandardFacetsAccumulator",9,0.08,3.89,119,1.78,114911.85,17,8,16,57,29,59.24,114,167,11,2,96.80,2.00,0.25,0.19,4,15.00,14,5353.81,2,3,19,org.apache.lucene.facet.search.FacetsAccumulator,0.00,48,1,35,2,48,6,0,42,922,1
"org.apache.lucene.facet.search.TemporaryObjectAllocator",5,0.25,1.40,16,0.14,2802.54,7,2,1,9,2,131.01,80,22,2,1,131.48,0.00,0.00,0.30,2,7.00,2,431.33,0,0,0,java.lang.Object,0.00,4,0,7,2,4,5,0,10,111,2
"org.apache.lucene.facet.search.TestCategoryListCache",8,0.00,1.38,41,0.49,13620.59,8,0,16,26,11,159.29,21,61,0,3,119.41,0.00,0.67,0.00,2,14.00,4,1475.36,7,0,11,org.apache.lucene.facet.FacetTestBase,0.00,18,2,11,0,18,8,0,6,295,1
"org.apache.lucene.facet.search.TestCategoryListCache$CategoryListData",1,0.00,1.00,4,0.04,762.59,1,0,16,3,1,125.84,0,6,0,1,125.84,0.00,0.00,0.00,0,1.00,1,108.08,0,1,1,java.lang.Object,0.00,2,0,1,0,2,0,0,0,28,0
"org.apache.lucene.facet.search.TestCategoryListCache$CategoryListData$CategoryListIterator",3,0.00,1.67,10,0.10,3072.08,3,0,16,6,0,129.38,0,14,0,1,129.38,0.00,0.00,0.00,0,3.00,3,286.10,0,0,0,java.lang.Object,0.00,3,0,5,0,3,3,0,0,72,0
"org.apache.lucene.facet.search.TestFacetArrays",1,0.00,1.00,13,0.16,4876.22,1,0,5,8,3,133.79,20,16,0,2,100.40,0.00,0.50,0.00,0,1.00,1,486.57,0,0,3,org.apache.lucene.util.LuceneTestCase,0.00,7,1,1,0,7,1,0,5,102,1
"org.apache.lucene.facet.search.TestFacetsAccumulatorWithComplement",8,0.00,1.50,52,0.67,19783.18,8,0,20,28,15,115.40,35,80,0,3,115.16,0.00,0.67,0.00,3,8.00,4,2024.15,5,2,15,org.apache.lucene.facet.FacetTestBase,0.11,20,2,12,0,20,6,0,10,404,1
"org.apache.lucene.facet.search.TestMultipleCategoryLists",11,0.00,1.18,180,3.13,107459.69,11,0,38,55,32,94.86,47,233,0,2,94.63,0.00,0.50,0.00,6,11.00,3,9403.32,0,2,32,org.apache.lucene.util.LuceneTestCase,0.00,44,1,13,0,44,9,0,30,1638,1
"org.apache.lucene.facet.search.TestScoredDocIdCollector",8,0.00,1.88,72,1.13,47467.66,8,0,20,41,15,126.16,30,99,0,3,105.55,0.00,0.67,0.00,1,16.00,4,3403.34,6,3,15,org.apache.lucene.facet.FacetTestBase,0.11,33,2,15,0,33,5,0,15,605,1
"org.apache.lucene.facet.search.TestTopKInEachNodeResultHandler",2,0.00,8.00,204,4.50,791850.72,2,0,30,69,28,90.82,42,225,0,2,51.52,0.00,0.50,0.00,1,2.00,15,13503.77,0,0,28,org.apache.lucene.util.LuceneTestCase,0.00,67,1,16,0,67,2,0,27,1833,1
"org.apache.lucene.facet.search.TestTopKInEachNodeResultHandler$DefaultFacetIndexingParams",1,0.00,1.00,3,0.01,149.03,1,0,30,1,0,136.09,0,5,0,1,136.09,0.00,0.00,0.00,0,1.00,1,44.54,0,0,0,java.lang.Object,0.00,0,0,1,0,0,1,0,0,15,0
"org.apache.lucene.facet.search.TestTopKResultsHandler",6,0.80,2.00,107,2.01,155155.19,7,1,11,30,10,90.43,28,139,0,4,90.19,0.00,0.75,0.33,0,14.00,3,6022.05,4,2,10,org.apache.lucene.facet.search.BaseTestTopK,0.35,24,3,12,0,24,4,0,8,1006,1
"org.apache.lucene.facet.search.TestTopKResultsHandler$FacetsCollector",1,0.00,1.00,5,0.06,1164.06,1,0,11,3,5,120.78,0,7,0,1,120.78,0.00,0.00,0.00,0,1.00,1,175.73,0,1,5,java.lang.Object,0.00,2,0,1,0,2,0,0,0,42,0
"org.apache.lucene.facet.search.TestTopKResultsHandler$FacetsCollector_0",1,0.00,1.00,5,0.06,1164.06,1,0,11,3,5,120.78,0,7,0,1,120.78,0.00,0.00,0.00,0,1.00,1,175.73,0,1,5,java.lang.Object,0.00,2,0,1,0,2,0,0,0,42,0
"org.apache.lucene.facet.search.TestTopKResultsHandler$FacetsCollector_1",1,0.00,1.00,5,0.06,1164.06,1,0,11,3,5,120.78,0,7,0,1,120.78,0.00,0.00,0.00,0,1.00,1,175.73,0,1,5,java.lang.Object,0.00,2,0,1,0,2,0,0,0,42,0
"org.apache.lucene.facet.search.TestTopKResultsHandlerRandom",2,0.00,5.50,58,0.96,66287.04,2,0,11,19,9,106.74,38,64,0,4,80.46,0.00,0.75,0.00,1,2.00,10,2894.24,5,1,9,org.apache.lucene.facet.search.BaseTestTopK,0.00,17,3,11,0,17,1,0,9,468,1
"org.apache.lucene.facet.search.TestTopKResultsHandlerRandom$FacetsCollector",1,0.00,2.00,6,0.08,1961.19,1,0,11,3,5,115.89,0,10,0,1,115.89,0.00,0.00,0.00,0,1.00,2,240.79,0,1,5,java.lang.Object,0.00,2,0,2,0,2,0,0,0,53,0
"org.apache.lucene.facet.search.TestTotalFacetCounts",3,0.00,1.33,49,1.06,78752.84,3,0,12,28,8,43.11,25,58,0,2,91.22,0.00,0.50,0.00,2,3.00,2,3193.37,0,0,8,org.apache.lucene.util.LuceneTestCase,0.00,25,1,4,0,25,3,0,10,513,1
"org.apache.lucene.facet.search.TestTotalFacetCounts$DefaultFacetIndexingParams",1,0.00,1.00,3,0.01,149.03,1,0,12,1,0,136.09,0,5,0,1,136.09,0.00,0.00,0.00,0,1.00,1,44.54,0,0,0,java.lang.Object,0.00,0,0,1,0,0,1,0,0,15,0
"org.apache.lucene.facet.search.TestTotalFacetCountsCache",12,0.64,2.08,236,4.29,269397.57,13,1,37,86,30,38.87,118,265,1,2,88.87,0.00,0.50,0.42,5,22.00,6,12860.78,1,0,29,org.apache.lucene.util.LuceneTestCase,0.00,74,1,25,0,74,12,0,78,2145,1
"org.apache.lucene.facet.search.TestTotalFacetCountsCache$DefaultFacetIndexingParams",1,0.00,1.00,3,0.01,149.03,1,0,37,1,0,136.09,0,5,0,1,136.09,0.00,0.00,0.00,0,1.00,1,44.54,0,0,0,java.lang.Object,0.00,0,0,1,0,0,1,0,0,15,0
"org.apache.lucene.facet.search.TestTotalFacetCountsCache$Multi",3,0.25,1.33,17,0.15,2507.61,7,4,37,7,6,121.85,0,25,0,2,121.85,0.00,0.50,0.42,0,1.00,2,441.30,0,1,6,org.apache.lucene.analysis.Thread,0.00,4,1,4,0,4,2,0,0,108,0
"org.apache.lucene.facet.search.TestTotalFacetCountsCache$TFCThread",2,0.50,1.50,13,0.12,1985.61,6,4,37,3,4,118.28,0,19,0,2,118.28,0.00,0.50,0.50,0,2.00,2,371.86,0,0,4,org.apache.lucene.analysis.Thread,0.00,1,1,3,0,1,2,0,0,89,2
"org.apache.lucene.facet.search.TopKFacetResultsHandler",7,0.00,4.29,123,1.65,111638.69,7,0,10,44,12,54.11,86,151,3,2,91.67,0.00,0.50,0.00,1,3.00,10,4950.54,1,4,10,org.apache.lucene.facet.search.FacetResultsHandler,0.00,37,1,30,0,37,3,0,40,873,1
"org.apache.lucene.facet.search.TopKFacetResultsHandler$TopKFacetResult",3,1.00,1.00,8,0.07,863.99,4,1,10,3,6,122.53,15,12,0,2,140.40,0.00,0.50,0.33,0,4.00,1,217.28,0,1,6,org.apache.lucene.facet.search.results.FacetResult,0.00,0,1,3,0,0,2,1,5,59,2
"org.apache.lucene.facet.search.TopKInEachNodeHandler",11,0.00,5.73,264,3.97,523869.74,11,0,14,60,11,127.40,315,331,1,2,82.28,0.00,0.50,0.00,4,23.00,19,11921.28,1,5,11,org.apache.lucene.facet.search.FacetResultsHandler,0.00,49,1,63,0,49,6,0,123,1987,1
"org.apache.lucene.facet.search.TopKInEachNodeHandler$AACO",1,3.00,1.00,8,0.06,874.11,4,3,14,1,0,134.76,3,11,0,1,114.15,0.00,0.00,0.00,0,1.00,1,193.71,0,0,0,java.lang.Object,0.00,0,0,1,0,0,1,0,3,50,3
"org.apache.lucene.facet.search.TopKInEachNodeHandler$ACComparator",2,0.00,1.00,3,0.02,175.47,2,0,14,2,0,155.70,0,4,0,1,155.70,0.00,0.00,0.00,0,2.00,1,73.04,0,0,0,java.lang.Object,0.00,0,0,2,0,0,2,0,0,24,3
"org.apache.lucene.facet.search.TopKInEachNodeHandler$AggregatedCategory",1,2.00,1.00,6,0.04,397.36,3,2,14,1,0,121.51,0,8,0,1,121.51,0.00,0.00,0.00,0,1.00,1,122.20,0,0,0,java.lang.Object,0.00,0,0,1,0,0,1,0,0,34,3
"org.apache.lucene.facet.search.TopKInEachNodeHandler$AggregatedCategoryHeap",2,1.00,1.00,7,0.08,1280.02,3,1,14,3,1,131.10,0,11,0,2,131.10,0.00,0.50,0.50,0,2.00,1,244.74,0,0,1,org.apache.lucene.util.PriorityQueue,0.00,1,1,2,0,1,2,0,0,63,2
"org.apache.lucene.facet.search.TopKInEachNodeHandler$AscOrdACComparator",2,0.00,1.00,4,0.04,564.87,2,0,14,2,0,140.47,0,7,0,2,140.47,0.00,0.50,0.00,0,2.00,1,119.75,0,0,0,org.apache.lucene.facet.search.ACComparator,0.00,0,1,2,0,0,2,0,0,34,3
"org.apache.lucene.facet.search.TopKInEachNodeHandler$AscValueACComparator",2,0.00,1.00,4,0.04,564.87,2,0,14,2,0,140.47,0,7,0,2,140.47,0.00,0.50,0.00,0,2.00,1,119.75,0,0,0,org.apache.lucene.facet.search.ACComparator,0.00,0,1,2,0,0,2,0,0,34,3
"org.apache.lucene.facet.search.TopKInEachNodeHandler$DescOrdACComparator",2,0.00,1.00,4,0.04,564.87,2,0,14,2,0,140.47,0,7,0,2,140.47,0.00,0.50,0.00,0,2.00,1,119.75,0,0,0,org.apache.lucene.facet.search.ACComparator,0.00,0,1,2,0,0,2,0,0,34,3
"org.apache.lucene.facet.search.TopKInEachNodeHandler$DescValueACComparator",2,0.00,1.00,4,0.04,564.87,2,0,14,2,0,140.47,0,7,0,2,140.47,0.00,0.50,0.00,0,2.00,1,119.75,0,0,0,org.apache.lucene.facet.search.ACComparator,0.00,0,1,2,0,0,2,0,0,34,3
"org.apache.lucene.facet.search.TopKInEachNodeHandler$IntermediateFacetResultWithHash",2,5.00,1.00,14,0.12,1818.77,7,5,14,2,3,136.79,7,18,0,1,116.18,0.00,0.00,0.00,0,2.00,1,354.30,0,1,3,java.lang.Object,0.00,0,0,2,0,0,1,1,7,82,2
"org.apache.lucene.facet.search.TopKInEachNodeHandler$ResultNodeHeap",2,1.00,1.00,7,0.09,1383.02,3,1,14,5,2,130.84,0,11,0,2,130.84,0.00,0.50,0.50,0,2.00,1,261.09,0,0,2,org.apache.lucene.util.PriorityQueue,0.00,3,1,2,0,3,2,0,0,67,2
"org.apache.lucene.facet.search.TotalFacetCounts",7,0.06,2.29,74,0.96,37294.97,13,6,22,34,20,71.94,46,91,6,1,104.16,0.00,0.00,0.12,0,18.00,4,2875.49,0,2,15,java.lang.Object,0.00,27,0,16,0,27,5,0,9,572,1
"org.apache.lucene.facet.search.TotalFacetCounts$CreationType",0,0.00,0.00,2,0.00,11.61,0,0,22,0,0,171.00,0,1,0,1,171.00,0.00,0.00,0.00,0,0.00,0,11.61,0,0,0,java.lang.Object,0.00,0,0,0,0,0,0,0,0,5,0
"org.apache.lucene.facet.search.TotalFacetCounts$StandardFacetsAccumulator",1,0.00,2.00,9,0.14,5335.10,1,0,22,5,4,105.89,0,12,0,1,105.89,0.00,0.00,0.00,0,1.00,2,410.77,0,1,4,java.lang.Object,0.00,4,0,2,0,4,0,0,0,81,0
"org.apache.lucene.facet.search.TotalFacetCountsCache",11,0.02,1.73,59,0.77,22458.20,16,5,11,35,10,74.61,131,84,4,1,118.74,0.00,0.00,0.22,4,36.00,3,2305.03,0,3,6,java.lang.Object,0.00,24,0,19,0,24,8,0,24,490,2
"org.apache.lucene.facet.search.TotalFacetCountsCache$TFCKey",3,0.25,2.00,26,0.34,13835.53,9,6,11,11,4,108.30,1,36,0,1,108.30,0.00,0.00,0.33,0,2.00,4,1008.47,0,0,4,java.lang.Object,0.00,8,0,6,0,8,3,0,1,215,2
"org.apache.lucene.facet.enhancements.association.AssociationEnhancement",8,0.24,2.38,50,0.54,17237.89,11,3,11,20,14,97.65,45,72,5,1,115.52,0.00,0.00,0.12,2,20.00,6,1618.99,0,4,10,java.lang.Object,0.00,12,0,19,0,12,4,1,5,358,1
"org.apache.lucene.facet.enhancements.association.AssociationFloatProperty",6,0.00,1.33,19,0.23,4701.10,6,0,1,11,5,130.58,29,33,3,2,130.35,0.00,0.50,0.00,0,10.00,3,676.87,1,1,2,org.apache.lucene.facet.enhancements.association.AssociationProperty,0.20,5,1,8,0,5,5,0,3,166,1
"org.apache.lucene.facet.enhancements.association.AssociationIntProperty",4,0.00,1.50,15,0.14,3354.70,4,0,1,5,7,97.86,26,24,5,2,130.09,1.00,0.33,0.00,0,6.00,3,417.68,0,0,2,org.apache.lucene.facet.enhancements.association.AssociationProperty,0.00,1,1,6,1,1,4,0,3,104,1
"org.apache.lucene.facet.enhancements.association.AssociationListTokenizer",3,0.25,3.00,28,0.34,13198.55,5,2,8,19,9,64.17,21,48,1,6,106.46,0.00,0.83,0.67,0,0.00,7,1017.37,0,0,9,org.apache.lucene.facet.index.streaming.CategoryListTokenizer,0.55,16,5,9,0,16,3,0,2,197,1
"org.apache.lucene.facet.enhancements.association.AssociationProperty",4,0.67,1.00,10,0.09,1137.98,5,1,2,6,9,96.32,45,16,7,1,140.45,0.00,0.00,0.50,0,4.00,1,271.12,0,1,2,java.lang.Object,0.00,2,0,4,3,2,3,1,5,73,2
"org.apache.lucene.facet.enhancements.association.AssociationPropertyTest",3,0.00,1.00,25,0.32,9554.00,3,0,6,13,4,91.85,17,32,0,2,109.73,0.00,0.50,0.00,0,3.00,1,967.17,0,0,4,org.apache.lucene.util.LuceneTestCase,0.00,10,1,3,0,10,3,0,2,212,1
"org.apache.lucene.facet.enhancements.association.AssociationsPayloadIterator",7,0.17,3.00,61,0.64,21776.42,12,5,8,25,12,89.41,102,93,4,1,109.55,0.00,0.00,0.34,0,0.00,7,1910.58,0,1,8,java.lang.Object,0.00,18,0,21,0,18,6,0,28,402,1
"org.apache.lucene.facet.enhancements.association.CustomAssociationPropertyTest",1,0.00,3.00,41,0.65,26773.99,1,0,17,34,17,75.25,16,43,0,2,75.72,0.00,0.50,0.00,0,1.00,3,1964.71,0,0,17,org.apache.lucene.util.LuceneTestCase,0.00,33,1,3,0,33,1,0,1,307,1
"org.apache.lucene.facet.enhancements.association.CustomAssociationPropertyTest$CustomProperty",2,0.00,1.00,5,0.03,319.07,2,0,17,3,2,142.42,0,9,0,3,142.42,0.00,0.67,0.00,0,2.00,1,97.12,0,0,2,org.apache.lucene.facet.enhancements.association.AssociationIntProperty,0.00,1,2,2,0,1,2,0,0,30,0
"org.apache.solr.schema.AbstractSubTypeFieldType",7,0.10,1.57,49,0.63,19234.34,14,7,7,22,11,132.91,24,62,2,3,112.29,1.50,0.33,0.22,1,12.00,3,1877.95,0,4,9,org.apache.solr.schema.FieldType,0.00,15,2,11,3,15,3,1,7,380,2
"org.apache.solr.schema.BCDIntField",8,0.00,1.00,16,0.20,2611.43,8,0,8,14,11,139.98,5,33,2,3,139.98,1.00,0.40,0.00,2,8.00,1,591.74,1,6,9,org.apache.solr.schema.FieldType,0.00,6,2,8,2,6,2,0,3,154,1
"org.apache.solr.schema.BCDLongField",1,0.00,1.00,3,0.03,392.72,1,0,1,2,2,153.39,3,6,0,4,132.77,0.00,0.75,0.00,0,1.00,1,87.85,1,1,2,org.apache.solr.schema.BCDIntField,0.00,1,3,1,0,1,0,0,1,25,1
"org.apache.solr.schema.BCDStrField",1,0.00,1.00,3,0.02,246.12,1,0,1,1,2,92.08,7,6,0,4,134.37,0.00,0.75,0.00,0,1.00,1,69.28,1,1,2,org.apache.solr.schema.BCDIntField,0.00,0,3,1,0,0,0,0,2,21,1
"org.apache.solr.schema.BadIndexSchemaTest",6,0.00,1.33,22,0.25,6100.48,6,0,6,12,3,129.45,2,40,0,3,129.45,0.00,0.67,0.00,1,6.00,3,759.35,2,0,3,org.apache.solr.SolrTestCaseJ4,0.00,6,2,8,0,6,6,0,2,171,1
"org.apache.solr.schema.BinaryField",6,0.00,1.67,35,0.53,22654.58,6,0,8,22,9,116.64,1,49,0,3,116.64,0.00,0.67,0.00,2,10.00,5,1604.22,0,5,9,org.apache.solr.schema.FieldType,0.06,16,2,10,0,16,1,0,1,314,1
"org.apache.solr.schema.BoolField",12,0.23,1.33,39,0.55,12719.46,16,4,21,24,21,129.31,8,66,0,3,129.31,0.00,0.67,0.04,2,22.00,3,1654.92,1,10,21,org.apache.solr.schema.FieldType,0.16,12,2,16,0,12,2,0,6,374,1
"org.apache.solr.schema.BoolField$BoolFieldSource",5,0.00,1.40,26,0.33,12954.70,7,2,21,13,4,117.97,1,35,0,2,117.97,0.00,0.50,0.50,1,0.00,3,1004.30,0,2,4,org.apache.lucene.queries.function.ValueSource,0.31,8,1,7,0,8,3,0,1,208,0
"org.apache.solr.schema.BoolField$BoolFieldSource$BoolDocValues",3,0.00,1.00,7,0.07,904.21,3,0,21,5,0,140.25,0,13,0,1,140.25,0.00,0.00,0.00,0,3.00,1,195.31,0,0,0,java.lang.Object,0.00,2,0,3,0,2,3,0,0,53,0
"org.apache.solr.schema.BoolField$BoolFieldSource$BoolDocValues$ValueFiller",2,0.00,1.00,8,0.08,1439.25,3,1,21,4,2,126.04,0,12,0,1,126.04,0.00,0.00,1.00,0,0.00,1,248.05,0,1,2,java.lang.Object,0.00,2,0,2,0,2,1,0,0,62,0
"org.apache.solr.schema.BoolField$SolrAnalyzer",1,0.00,1.00,4,0.03,491.60,1,0,21,3,1,127.35,0,6,0,1,127.35,0.00,0.00,0.00,0,1.00,1,97.92,0,1,1,java.lang.Object,0.00,2,0,1,0,2,0,0,0,26,0
"org.apache.solr.schema.BoolField$SolrAnalyzer$Tokenizer",2,0.50,2.50,14,0.17,4586.86,4,2,21,5,1,112.80,0,20,0,1,112.80,0.00,0.00,0.75,0,0.00,4,524.31,1,0,1,java.lang.Object,0.00,3,0,5,0,3,2,0,0,111,0
"org.apache.solr.schema.ByteField",5,0.00,1.40,20,0.28,6164.01,5,0,10,17,11,164.01,11,34,0,3,124.12,0.00,0.67,0.00,0,8.00,3,835.23,2,3,11,org.apache.solr.schema.FieldType,0.06,12,2,7,0,12,2,0,9,183,1
"org.apache.solr.schema.CollationField",10,0.67,3.30,69,1.40,75145.89,11,1,24,39,16,93.30,57,129,0,3,111.18,0.00,0.67,0.40,1,26.00,13,4200.89,2,7,16,org.apache.solr.schema.FieldType,0.16,29,2,33,0,29,3,0,14,782,1
"org.apache.solr.schema.CoordinateFieldType",1,2.00,1.00,6,0.05,767.99,4,3,0,1,2,158.55,21,8,1,4,119.25,0.33,0.60,0.33,0,0.00,1,151.44,0,0,1,org.apache.solr.schema.AbstractSubTypeFieldType,0.00,0,3,1,1,0,1,0,3,38,2
"org.apache.solr.schema.CopyField",6,0.00,1.50,23,0.22,6182.25,10,4,0,9,6,150.00,20,36,5,1,129.38,0.00,0.00,0.25,0,18.00,3,650.67,0,1,1,java.lang.Object,0.00,3,0,9,0,3,5,0,5,159,1
"org.apache.solr.schema.CopyFieldTest",7,0.00,2.00,67,1.05,41148.31,7,0,10,23,9,105.56,6,117,0,3,105.56,0.00,0.67,0.00,0,12.00,5,3146.60,5,0,9,org.apache.solr.SolrTestCaseJ4,0.00,16,2,14,0,16,7,0,1,630,1
"org.apache.solr.schema.DateField",21,0.03,1.81,99,1.54,66235.78,30,9,21,48,29,102.98,118,163,11,3,120.85,0.50,0.50,0.08,8,147.00,7,4606.03,2,19,19,org.apache.solr.schema.FieldType,0.05,27,2,38,1,27,2,0,27,929,1
"org.apache.solr.schema.DateField$DateFieldSource",5,0.50,1.00,14,0.14,2177.67,7,2,21,7,4,138.99,1,25,0,3,138.99,0.00,0.67,0.10,0,11.00,1,423.53,2,2,4,org.apache.lucene.queries.function.valuesource.FieldCacheSource,0.32,2,2,5,0,2,3,0,1,110,0
"org.apache.solr.schema.DateField$DateFieldSource$StringIndexDocValues",8,0.00,1.25,28,0.31,6789.87,8,0,21,13,0,130.09,1,46,0,1,130.09,0.00,0.00,0.00,1,14.00,2,929.81,0,4,0,java.lang.Object,0.00,5,0,10,0,5,4,0,1,220,0
"org.apache.solr.schema.DateField$ISO8601CanonicalDateFormat",4,0.33,2.25,34,0.55,22688.17,6,2,21,24,0,157.57,6,57,0,2,107.57,0.00,0.50,0.25,0,8.00,4,1646.02,3,3,0,java.text.SimpleDateFormat,0.00,20,1,9,0,20,1,0,6,320,2
"org.apache.solr.schema.DateField$ThreadLocalDateFormat",2,0.00,1.00,7,0.05,679.49,3,1,21,3,0,133.27,0,12,0,2,133.27,0.00,0.50,1.00,0,0.00,1,154.32,0,1,0,java.lang.ThreadLocal,0.00,1,1,2,0,1,1,0,0,44,2
"org.apache.solr.schema.DateFieldTest",15,0.14,1.00,105,1.10,16363.18,18,3,8,31,6,165.55,25,123,0,2,115.55,0.00,0.50,0.20,5,7.00,1,3295.55,1,0,6,org.apache.lucene.util.LuceneTestCase,0.00,16,1,15,0,16,15,0,22,702,1
"org.apache.solr.schema.Deprecated",9,0.00,1.00,23,0.30,5326.45,9,0,16,20,17,137.94,6,42,0,3,137.94,0.00,0.67,0.00,1,9.00,1,903.76,1,7,17,org.apache.solr.schema.FieldType,0.00,11,2,9,0,11,2,0,2,222,1
"org.apache.solr.schema.DoubleField",5,0.00,1.40,20,0.28,6164.01,5,0,10,17,11,164.01,11,34,0,3,124.12,0.00,0.67,0.00,0,8.00,3,835.23,2,3,11,org.apache.solr.schema.FieldType,0.00,12,2,7,0,12,2,0,9,183,1
"org.apache.solr.schema.ExternalFileField",4,0.17,2.00,23,0.36,13399.11,8,4,9,13,10,84.79,27,34,0,3,117.01,0.00,0.67,0.38,0,4.00,4,1069.93,2,2,10,org.apache.solr.schema.FieldType,0.06,9,2,8,0,9,2,0,2,212,1
"org.apache.solr.schema.FieldProperties",6,0.05,2.17,54,0.73,22397.41,22,16,2,15,3,157.10,10,69,3,1,107.10,0.00,0.00,0.02,1,10.00,4,2198.31,0,2,0,java.lang.Object,0.00,9,0,13,33,9,4,0,6,424,2
"org.apache.solr.schema.FieldType",39,0.04,1.54,166,2.34,88390.02,51,12,29,97,100,89.80,235,235,76,2,122.02,31.00,0.03,0.05,10,462.00,10,7021.35,0,25,26,org.apache.solr.schema.FieldProperties,0.00,58,1,60,31,58,14,0,56,1413,2
"org.apache.solr.schema.FieldType$DefaultAnalyzer",2,1.00,1.00,7,0.05,729.94,3,1,29,4,2,133.03,0,11,0,3,133.03,0.00,0.67,0.00,0,2.00,1,164.66,0,1,2,org.apache.solr.analysis.SolrAnalyzer,0.00,2,2,2,0,2,1,0,0,45,2
"org.apache.solr.schema.FieldType$DefaultAnalyzer$Tokenizer",1,0.00,2.00,12,0.17,4065.09,4,3,29,9,2,102.16,0,14,0,1,102.16,0.00,0.00,1.00,0,0.00,2,505.08,0,0,2,java.lang.Object,0.00,8,0,2,0,8,1,0,0,105,0
"org.apache.solr.schema.FieldTypePluginLoader",5,0.17,3.80,70,1.43,84879.93,11,6,24,47,17,76.76,26,116,1,2,94.63,0.00,0.50,0.30,1,5.00,10,4285.48,0,1,17,org.apache.solr.util.plugin.AbstractPluginLoader,0.00,42,1,19,0,42,4,0,20,725,2
"org.apache.solr.schema.FieldTypePluginLoader$AbstractPluginLoader<CharFilterFactory>",2,0.00,2.00,9,0.15,4116.81,2,0,24,9,2,172.29,2,18,0,1,122.29,0.00,0.00,0.00,0,2.00,3,459.81,0,1,2,java.lang.Object,0.00,7,0,4,0,7,1,0,2,96,0
"org.apache.solr.schema.FieldTypePluginLoader$AbstractPluginLoader<TokenFilterFactory>",2,0.00,2.00,9,0.16,4193.29,2,0,24,9,2,172.23,2,16,0,1,122.23,0.00,0.00,0.00,0,2.00,3,470.72,0,1,2,java.lang.Object,0.00,7,0,4,0,7,1,0,2,98,0
"org.apache.solr.schema.FieldTypePluginLoader$AbstractPluginLoader<TokenizerFactory>",2,0.00,2.00,10,0.19,5813.14,2,0,24,11,3,167.49,2,19,0,1,117.49,0.00,0.00,0.00,0,2.00,3,556.72,0,1,3,java.lang.Object,0.00,9,0,4,0,9,1,0,2,111,0
"org.apache.solr.schema.FloatField",5,0.00,1.40,20,0.28,6164.01,5,0,10,17,11,164.01,10,34,0,3,124.12,0.00,0.67,0.00,0,8.00,3,835.23,2,3,11,org.apache.solr.schema.FieldType,0.06,12,2,7,0,12,2,0,8,183,1
"org.apache.solr.schema.GeoHashField",6,0.00,1.33,24,0.43,9945.76,6,0,16,20,19,163.01,13,42,0,3,123.12,0.00,0.67,0.00,1,6.00,2,1287.71,1,5,19,org.apache.solr.schema.FieldType,0.00,14,2,8,0,14,1,1,7,266,1
"org.apache.solr.schema.ICUCollationField",10,0.67,2.90,64,1.19,56252.71,11,1,23,39,16,94.32,52,114,0,3,112.20,0.00,0.67,0.40,1,26.00,13,3556.67,2,7,16,org.apache.solr.schema.FieldType,0.16,29,2,29,0,29,3,0,13,667,1
"org.apache.solr.schema.IndexSchema",47,0.01,2.64,403,6.47,452709.67,72,25,26,162,108,87.85,263,491,88,1,105.72,0.00,0.00,0.05,15,1423.00,30,19403.15,0,32,25,java.lang.Object,0.00,115,0,124,0,115,15,0,74,3169,2
"org.apache.solr.schema.IndexSchema$DynamicCopy",4,0.33,1.00,13,0.10,1040.43,6,2,26,5,2,134.18,0,19,0,2,134.18,0.00,0.50,0.25,0,4.00,1,287.97,0,2,2,org.apache.solr.schema.DynamicReplacement,0.00,1,1,4,0,1,2,0,0,80,1
"org.apache.solr.schema.IndexSchema$DynamicDestCopy",4,0.11,2.00,24,0.32,8313.37,7,3,26,12,2,115.69,0,37,0,2,115.69,0.00,0.50,0.42,0,4.00,3,946.91,0,2,2,org.apache.solr.schema.DynamicCopy,0.00,8,1,8,0,8,2,0,0,202,1
"org.apache.solr.schema.IndexSchema$DynamicField",3,0.50,1.00,9,0.06,745.54,4,1,26,5,1,184.34,5,14,0,2,134.34,0.00,0.50,0.67,0,1.00,1,190.29,0,2,1,org.apache.solr.schema.DynamicReplacement,0.00,2,1,3,0,2,1,0,5,56,2
"org.apache.solr.schema.IndexSchema$DynamicReplacement",3,0.60,2.33,20,0.25,5901.89,8,5,26,8,0,155.73,7,29,0,1,115.84,0.00,0.00,0.60,0,2.00,3,754.56,0,0,0,java.lang.Object,0.00,5,0,7,0,5,3,1,1,168,2
"org.apache.solr.schema.IndexSchema$SimilarityFactory",1,0.00,1.00,3,0.02,206.33,1,0,26,1,1,134.98,0,5,0,1,134.98,0.00,0.00,0.00,0,1.00,1,51.19,0,1,1,java.lang.Object,0.00,0,0,1,0,0,0,0,0,17,0
"org.apache.solr.schema.IndexSchema$SimilarityProviderFactory",1,0.00,1.00,3,0.02,175.12,1,0,26,1,2,135.54,0,5,0,1,135.54,0.00,0.00,0.00,0,1.00,1,54.60,0,1,2,java.lang.Object,0.00,0,0,1,0,0,0,0,0,17,0
"org.apache.solr.schema.IndexSchema$SolrIndexAnalyzer",4,0.67,1.50,16,0.19,4909.27,5,1,26,10,2,124.12,0,23,0,3,124.12,0.00,0.67,0.50,0,4.00,2,563.23,0,3,2,org.apache.lucene.analysis.AnalyzerWrapper,0.00,6,2,6,0,6,1,0,0,131,1
"org.apache.solr.schema.IndexSchema$SolrQueryAnalyzer",2,0.00,2.00,11,0.15,4898.30,2,0,26,8,1,118.08,0,16,0,2,118.08,0.00,0.50,0.00,0,2.00,2,460.73,0,2,1,org.apache.solr.schema.SolrIndexAnalyzer,0.00,6,1,4,0,6,0,0,0,101,1
"org.apache.solr.schema.IndexSchemaRuntimeFieldTest",2,0.00,1.00,20,0.28,6216.79,2,0,7,15,7,126.81,6,31,0,3,106.19,0.00,0.67,0.00,0,2.00,1,852.20,6,0,7,org.apache.solr.SolrTestCaseJ4,0.00,13,2,2,0,13,2,0,6,155,1
"org.apache.solr.schema.IndexSchemaTest",5,0.00,1.00,38,0.55,14982.55,5,0,12,19,9,162.10,5,59,0,3,112.10,0.00,0.67,0.00,0,0.00,1,1656.31,6,0,9,org.apache.solr.SolrTestCaseJ4,0.00,14,2,5,0,14,5,0,1,327,1
"org.apache.solr.schema.IntField",5,0.00,1.40,20,0.28,6164.01,5,0,10,17,11,164.01,10,34,0,3,124.12,0.00,0.67,0.00,0,8.00,3,835.23,2,3,11,org.apache.solr.schema.FieldType,0.06,12,2,7,0,12,2,0,8,183,1
"org.apache.solr.schema.LatLonType",10,0.33,2.70,140,2.69,265278.99,12,2,20,39,22,113.80,30,180,0,4,93.18,0.00,0.75,0.20,0,22.00,8,8075.20,3,7,22,org.apache.solr.schema.AbstractSubTypeFieldType,0.13,29,3,27,0,29,3,1,28,1325,1
"org.apache.solr.schema.LatLonValueSource",3,1.00,1.00,9,0.08,1086.65,4,1,20,4,15,133.05,0,15,1,4,133.05,0.00,0.75,0.33,1,4.00,1,241.08,0,2,14,org.apache.lucene.queries.function.valuesource.VectorValueSource,0.38,1,3,3,0,1,1,0,0,64,0
"org.apache.solr.schema.LongField",5,0.00,1.40,20,0.28,6164.01,5,0,10,17,11,164.01,11,34,0,3,124.12,0.00,0.67,0.00,0,8.00,3,835.23,2,3,11,org.apache.solr.schema.FieldType,0.00,12,2,7,0,12,2,0,9,183,1
"org.apache.solr.schema.NotRequiredUniqueKeyTest",2,0.00,1.00,9,0.10,1407.45,2,0,5,9,4,146.73,6,15,0,3,126.12,0.00,0.67,0.00,0,2.00,1,305.68,1,0,4,org.apache.solr.SolrTestCaseJ4,0.00,7,2,2,0,7,2,0,1,72,1
"org.apache.solr.schema.NumericFieldsTest",3,1.00,2.33,36,0.66,28936.03,4,1,4,5,2,149.17,5,92,0,3,99.17,0.00,0.67,0.00,1,3.00,4,1974.83,6,1,2,org.apache.solr.SolrTestCaseJ4,0.00,2,2,7,0,2,2,0,5,356,1
"org.apache.solr.schema.PointType",10,0.00,2.50,99,1.62,88122.28,10,0,20,37,22,144.01,29,122,1,5,104.13,0.00,0.80,0.00,0,0.00,7,4864.58,3,7,21,org.apache.solr.schema.CoordinateFieldType,0.08,27,4,25,0,27,3,1,15,877,1
"org.apache.solr.schema.PointTypeValueSource",3,1.00,1.00,9,0.08,1086.65,4,1,20,4,18,133.05,0,15,1,4,133.05,0.00,0.75,0.33,1,4.00,1,241.08,0,2,17,org.apache.lucene.queries.function.valuesource.VectorValueSource,0.38,1,3,3,0,1,1,0,0,64,0
"org.apache.solr.schema.PolyFieldTest",5,0.00,2.00,98,1.55,78078.69,5,0,10,29,12,110.73,16,122,0,3,90.12,0.00,0.67,0.00,0,2.00,3,4660.82,10,0,12,org.apache.solr.SolrTestCaseJ4,0.00,24,2,10,0,24,5,0,12,780,1
"org.apache.solr.schema.RandomSortField",5,0.00,1.00,20,0.28,9109.42,5,0,12,12,12,74.76,41,29,0,3,122.87,0.00,0.67,0.00,0,5.00,1,843.39,0,2,12,org.apache.solr.schema.FieldType,0.06,7,2,5,0,7,3,0,8,195,1
"org.apache.solr.schema.RandomSortField$FieldComparatorSource",1,0.00,1.00,3,0.04,662.33,1,0,12,2,1,130.99,0,5,0,1,130.99,0.00,0.00,0.00,0,1.00,1,119.49,0,1,1,java.lang.Object,0.00,1,0,1,0,1,0,0,0,29,0
"org.apache.solr.schema.RandomSortField$FieldComparatorSource$FieldComparator<Integer>",6,0.20,1.00,17,0.20,3604.03,9,3,12,6,1,137.89,1,29,0,1,137.89,0.00,0.00,0.50,0,0.00,1,590.35,0,2,1,java.lang.Object,0.00,0,0,6,0,0,4,0,1,147,0
"org.apache.solr.schema.RandomSortField$RandomValueSource",5,0.75,1.20,14,0.13,2692.53,6,1,12,7,3,138.22,0,24,0,2,138.22,0.00,0.50,0.40,1,7.00,2,404.72,0,2,3,org.apache.lucene.queries.function.ValueSource,0.31,2,1,6,0,2,3,0,0,105,1
"org.apache.solr.schema.RandomSortField$RandomValueSource$IntDocValues",1,0.00,1.00,4,0.04,543.48,2,1,12,2,0,127.00,0,6,0,1,127.00,0.00,0.00,1.00,0,0.00,1,123.83,0,0,0,java.lang.Object,0.00,1,0,1,0,1,1,0,0,33,0
"org.apache.solr.schema.RequiredFieldsTest",5,0.00,1.00,46,0.89,20492.62,5,0,6,20,4,107.19,23,76,0,3,106.96,0.00,0.67,0.00,0,7.00,1,2677.15,9,0,4,org.apache.solr.SolrTestCaseJ4,0.05,15,2,5,0,15,5,0,21,483,1
"org.apache.solr.schema.SchemaAware",1,0.00,1.00,2,0.01,41.48,1,0,0,1,3,167.18,33,3,3,1,147.03,0.00,0.00,0.00,0,1.00,1,27.65,0,0,1,,0.00,0,0,1,0,0,1,0,3,11,1
"org.apache.solr.schema.SchemaField",35,0.02,1.54,123,1.42,66196.04,40,5,7,48,119,177.30,60,158,114,2,127.30,0.00,0.50,0.18,2,371.00,13,4248.25,2,8,7,org.apache.solr.schema.FieldProperties,0.00,13,1,54,0,13,27,0,19,950,2
"org.apache.solr.schema.ShortField",5,0.00,1.40,20,0.28,6164.01,5,0,10,17,11,164.01,12,34,0,3,124.12,0.00,0.67,0.00,0,8.00,3,835.23,2,3,11,org.apache.solr.schema.FieldType,0.06,12,2,7,0,12,2,0,9,183,1
"org.apache.solr.schema.SimilarityFactory",3,1.00,1.00,7,0.04,375.00,4,1,2,3,10,143.26,0,6,8,1,143.26,0.00,0.00,0.33,0,4.00,1,116.18,0,2,2,java.lang.Object,0.00,0,0,3,7,0,1,0,0,37,2
"org.apache.solr.schema.SimilarityProviderFactory",2,0.00,1.50,3,0.02,170.88,2,0,2,2,5,176.31,7,4,3,1,155.70,0.00,0.00,0.00,0,2.00,2,68.83,0,1,3,java.lang.Object,0.00,0,0,3,2,0,1,0,1,23,2
"org.apache.solr.schema.SortableDoubleFieldSource",6,0.20,1.00,19,0.22,4466.45,8,2,16,9,15,130.59,1,32,2,3,130.59,0.00,0.67,0.33,0,10.00,1,665.69,2,2,13,org.apache.lucene.queries.function.valuesource.FieldCacheSource,0.30,3,2,6,0,3,4,0,1,162,0
"org.apache.solr.schema.SortableDoubleFieldSource$StringIndexDocValues",9,0.88,1.22,22,0.28,4946.69,10,1,16,17,1,138.15,0,40,0,1,138.15,0.00,0.00,0.22,1,19.00,2,834.23,0,5,1,java.lang.Object,0.00,8,0,11,0,8,4,0,0,208,0
"org.apache.solr.schema.SortableDoubleFieldSource$StringIndexDocValues$ValueFiller",2,0.00,1.50,12,0.12,2655.21,3,1,16,6,3,117.29,0,17,0,1,117.29,0.00,0.00,1.00,0,0.00,2,374.53,0,1,3,java.lang.Object,0.00,4,0,3,0,4,1,0,0,85,0
"org.apache.solr.schema.SortableFloatFieldSource",6,0.20,1.00,17,0.19,3232.57,8,2,16,9,15,138.26,0,30,2,3,138.26,0.00,0.67,0.33,0,10.00,1,563.18,2,2,13,org.apache.lucene.queries.function.valuesource.FieldCacheSource,0.30,3,2,6,0,3,4,0,0,142,0
"org.apache.solr.schema.SortableFloatFieldSource$StringIndexDocValues",9,0.88,1.22,22,0.28,4946.69,10,1,16,17,1,138.15,0,40,0,1,138.15,0.00,0.00,0.22,1,19.00,2,834.23,0,5,1,java.lang.Object,0.00,8,0,11,0,8,4,0,0,208,0
"org.apache.solr.schema.SortableFloatFieldSource$StringIndexDocValues$ValueFiller",2,0.00,1.50,12,0.12,2655.21,3,1,16,6,3,117.29,0,17,0,1,117.29,0.00,0.00,1.00,0,0.00,2,374.53,0,1,3,java.lang.Object,0.00,4,0,3,0,4,1,0,0,85,0
"org.apache.solr.schema.SortableIntFieldSource",6,0.20,1.00,17,0.18,3234.51,8,2,16,8,14,138.26,0,30,1,3,138.26,0.00,0.67,0.33,0,10.00,1,541.50,2,2,13,org.apache.lucene.queries.function.valuesource.FieldCacheSource,0.30,2,2,6,0,2,4,0,0,138,0
"org.apache.solr.schema.SortableIntFieldSource$StringIndexDocValues",9,0.88,1.22,22,0.28,5118.64,10,1,16,17,1,138.03,0,40,0,1,138.03,0.00,0.00,0.22,1,19.00,2,845.65,0,5,1,java.lang.Object,0.00,8,0,11,0,8,4,0,0,210,0
"org.apache.solr.schema.SortableIntFieldSource$StringIndexDocValues$ValueFiller",2,0.00,1.50,12,0.13,2787.88,3,1,16,6,3,117.12,0,17,0,1,117.12,0.00,0.00,1.00,0,0.00,2,387.28,0,1,3,java.lang.Object,0.00,4,0,3,0,4,1,0,0,87,0
"org.apache.solr.schema.SortableLongFieldSource",6,0.20,1.00,17,0.18,3252.30,8,2,16,8,14,138.24,0,30,1,3,138.24,0.00,0.67,0.33,0,10.00,1,551.13,2,2,13,org.apache.lucene.queries.function.valuesource.FieldCacheSource,0.30,2,2,6,0,2,4,0,0,140,0
"org.apache.solr.schema.SortableLongFieldSource$StringIndexDocValues",9,0.88,1.22,22,0.28,5075.42,10,1,16,17,1,138.06,0,40,0,1,138.06,0.00,0.00,0.22,1,19.00,2,845.72,0,5,1,java.lang.Object,0.00,8,0,11,0,8,4,0,0,210,0
"org.apache.solr.schema.SortableLongFieldSource$StringIndexDocValues$ValueFiller",2,0.00,1.50,12,0.13,2787.88,3,1,16,6,3,117.12,0,17,0,1,117.12,0.00,0.00,1.00,0,0.00,2,387.28,0,1,3,java.lang.Object,0.00,4,0,3,0,4,1,0,0,87,0
"org.apache.solr.schema.SpatialDistanceQuery",6,0.13,1.50,29,0.66,22518.35,21,15,20,10,20,120.30,5,65,4,2,120.30,0.00,0.50,0.18,1,10.00,3,1973.08,1,3,16,org.apache.lucene.search.Query,0.12,4,1,9,0,4,3,0,5,392,0
"org.apache.solr.schema.SpatialDistanceQuery$SpatialScorer",8,0.19,2.25,93,1.37,44796.52,31,23,20,20,8,152.45,12,110,0,3,102.45,0.00,0.67,0.21,3,0.00,5,4122.28,0,1,8,org.apache.lucene.search.Scorer,0.67,12,2,18,0,12,7,0,12,776,1
"org.apache.solr.schema.SpatialDistanceQuery$SpatialWeight",6,0.04,1.00,24,0.27,4984.08,11,5,20,9,7,125.55,0,37,0,2,125.55,0.00,0.50,0.17,1,10.00,1,824.17,0,3,7,org.apache.lucene.search.Weight,0.50,3,1,6,0,3,3,0,0,199,1
"org.apache.solr.schema.SpatialQueryable",1,0.00,1.00,2,0.01,54.79,1,0,3,1,7,113.86,6,3,4,1,146.08,0.00,0.00,0.00,0,1.00,1,36.53,0,1,3,,0.00,0,0,1,0,0,0,0,1,13,1
"org.apache.solr.schema.StrField",5,0.00,1.00,12,0.16,2370.93,5,0,8,11,16,138.70,3,23,6,3,138.70,0.50,0.50,0.00,0,5.00,1,477.66,2,3,10,org.apache.solr.schema.FieldType,0.06,6,2,5,1,6,2,0,1,119,1
"org.apache.solr.schema.StrFieldSource",5,1.00,1.00,12,0.12,1874.07,6,1,6,7,8,139.50,0,23,4,3,139.50,0.00,0.67,0.20,0,11.00,1,370.92,2,2,4,org.apache.lucene.queries.function.valuesource.FieldCacheSource,0.32,2,2,5,0,2,3,0,0,98,1
"org.apache.solr.schema.StrFieldSource$StringIndexDocValues",5,0.00,1.00,11,0.10,1397.68,5,0,6,9,0,140.51,0,21,0,1,140.51,0.00,0.00,0.00,0,5.00,1,306.09,0,3,0,java.lang.Object,0.00,4,0,5,0,4,2,0,0,86,0
"org.apache.solr.schema.TestBinaryField",3,0.38,6.00,120,1.56,172010.48,7,4,16,31,7,73.36,0,115,0,2,73.36,0.00,0.50,0.50,0,0.00,16,4689.21,2,0,7,org.apache.lucene.util.LuceneTestCase,0.00,28,1,18,0,28,3,0,0,795,1
"org.apache.solr.schema.TestBinaryField$Bean",0,0.00,0.00,3,0.02,388.55,2,2,16,0,0,171.00,0,7,0,1,171.00,0.00,0.00,0.00,0,0.00,0,74.01,0,0,0,java.lang.Object,0.00,0,0,0,0,0,0,0,0,20,2
"org.apache.solr.schema.TestCollationField",10,0.00,1.00,51,0.81,18025.04,10,0,10,28,2,119.52,47,105,0,3,119.29,0.00,0.67,0.00,1,10.00,1,2436.35,6,1,2,org.apache.solr.SolrTestCaseJ4,0.00,18,2,10,0,18,9,0,15,470,1
"org.apache.solr.schema.TestICUCollationField",9,0.00,1.00,49,0.78,17858.24,9,0,10,27,2,119.19,43,97,0,3,118.96,0.00,0.67,0.00,1,9.00,1,2352.95,6,1,2,org.apache.solr.SolrTestCaseJ4,0.00,18,2,9,0,18,8,0,14,450,1
"org.apache.solr.schema.TestOmitPositions",3,0.00,1.33,14,0.16,1917.07,3,0,2,5,1,166.27,6,29,0,3,126.38,0.00,0.67,0.00,0,3.00,2,472.95,7,0,1,org.apache.solr.SolrTestCaseJ4,0.00,2,2,4,0,2,3,0,6,106,1
"org.apache.solr.schema.TextField",9,0.88,4.33,137,1.88,302703.87,10,1,22,43,22,131.03,23,185,2,3,91.14,0.00,0.67,0.22,1,19.00,28,5643.52,2,4,20,org.apache.solr.schema.FieldType,0.06,34,2,39,0,34,5,0,20,930,1
"org.apache.solr.schema.TrieDateField",19,0.00,1.11,43,0.57,10599.37,19,0,12,39,14,138.12,4,84,2,4,138.12,0.00,0.75,0.00,0,36.00,3,1699.16,0,14,13,org.apache.solr.schema.DateField,0.09,20,3,21,0,20,5,0,2,425,1
"org.apache.solr.schema.TrieDateField$TrieField",0,0.00,0.00,2,0.01,109.62,0,0,12,0,0,171.00,0,2,0,1,171.00,0.00,0.00,0.00,0,0.00,0,36.54,0,0,0,java.lang.Object,0.00,0,0,0,0,0,0,0,0,11,0
"org.apache.solr.schema.TrieDoubleField",0,0.00,0.00,2,0.02,163.12,0,0,0,0,1,171.00,0,5,0,4,171.00,0.00,0.75,0.00,0,0.00,0,46.60,0,0,1,org.apache.solr.schema.TrieField,0.00,0,3,0,0,0,0,0,0,13,1
"org.apache.solr.schema.TrieField",24,0.01,4.25,250,5.30,314201.62,32,8,28,114,49,150.94,47,432,16,3,100.94,2.00,0.29,0.14,5,38.00,17,15888.55,1,15,34,org.apache.solr.schema.FieldType,0.13,90,2,102,4,90,9,0,21,2772,1
"org.apache.solr.schema.TrieField$TrieDateFieldSource",5,0.00,1.00,11,0.10,1186.97,5,0,28,9,5,141.06,0,21,0,5,141.06,0.00,0.80,0.00,0,8.00,1,295.31,0,3,5,org.apache.lucene.queries.function.valuesource.LongFieldSource,0.54,4,4,5,0,4,2,0,0,82,0
"org.apache.solr.schema.TrieField$TrieTypes",0,0.00,0.00,2,0.01,42.79,0,0,28,0,0,171.00,0,7,0,1,171.00,0.00,0.00,0.00,0,0.00,0,28.53,0,0,0,java.lang.Object,0.00,0,0,0,0,0,0,0,0,9,1
"org.apache.solr.schema.TrieFloatField",0,0.00,0.00,2,0.02,163.12,0,0,0,0,1,171.00,0,5,0,4,171.00,0.00,0.75,0.00,0,0.00,0,46.60,0,0,1,org.apache.solr.schema.TrieField,0.00,0,3,0,0,0,0,0,0,13,1
"org.apache.solr.schema.TrieIntField",0,0.00,0.00,2,0.02,163.12,0,0,0,0,1,171.00,0,5,0,4,171.00,0.00,0.75,0.00,0,0.00,0,46.60,0,0,1,org.apache.solr.schema.TrieField,0.00,0,3,0,0,0,0,0,0,13,1
"org.apache.solr.schema.TrieLongField",0,0.00,0.00,2,0.02,163.12,0,0,0,0,1,171.00,0,5,0,4,171.00,0.00,0.75,0.00,0,0.00,0,46.60,0,0,1,org.apache.solr.schema.TrieField,0.00,0,3,0,0,0,0,0,0,13,1
"org.apache.solr.schema.UUIDField",6,0.40,1.33,21,0.38,10863.58,8,2,8,18,8,148.10,19,38,1,4,127.48,0.00,0.75,0.17,0,14.00,3,1145.05,3,4,7,org.apache.solr.schema.StrField,0.00,12,3,8,0,12,2,0,4,246,1
"org.apache.solr.schema.UUIDFieldTest",1,0.00,6.00,29,0.25,10088.52,1,0,2,4,2,84.51,0,41,0,2,84.51,0.00,0.50,0.00,0,1.00,6,760.51,0,0,2,org.apache.lucene.util.LuceneTestCase,0.00,3,1,6,0,3,1,0,0,155,1
"org.apache.lucene.benchmark.byTask.feeds.AbstractQueryMaker",7,0.06,1.29,29,0.29,7915.63,10,3,2,15,7,174.44,9,35,4,1,124.44,0.00,0.00,0.29,0,4.00,3,875.25,0,4,3,java.lang.Object,0.00,8,0,9,5,8,3,1,3,200,2
"org.apache.lucene.benchmark.byTask.feeds.ContentItemsSource",13,0.06,1.62,78,0.93,30784.68,25,12,6,28,4,135.91,49,86,2,1,115.29,0.00,0.00,0.13,4,86.00,5,2794.52,0,1,2,java.lang.Object,0.00,15,0,21,13,15,12,0,12,562,2
"org.apache.lucene.benchmark.byTask.feeds.ContentSource",1,0.00,1.00,2,0.02,158.75,1,0,1,1,13,104.88,12,3,10,2,142.44,10.00,0.08,0.00,0,1.00,1,56.19,0,1,3,org.apache.lucene.benchmark.byTask.feeds.ContentItemsSource,0.00,0,1,1,10,0,0,0,2,18,2
"org.apache.lucene.benchmark.byTask.feeds.DemoHTMLParser",1,0.00,6.00,26,0.51,29113.58,1,0,6,20,4,34.55,8,34,1,1,82.65,0.00,0.00,0.00,0,1.00,6,1526.77,0,1,3,java.lang.Object,0.00,19,0,6,0,19,0,1,6,251,1
"org.apache.lucene.benchmark.byTask.feeds.DirContentSource",0,0.00,0.00,3,0.04,681.48,0,0,13,0,2,171.00,10,3,0,3,171.00,0.00,0.67,0.00,0,0.00,0,108.42,0,0,2,org.apache.lucene.benchmark.byTask.feeds.ContentSource,0.00,0,2,0,0,0,0,0,1,26,1
"org.apache.lucene.benchmark.byTask.feeds.DirContentSource$DateFormatInfo",0,0.00,0.00,3,0.02,155.67,2,2,13,0,0,171.00,0,4,0,1,171.00,0.00,0.00,0.00,0,0.00,0,51.89,0,0,0,java.lang.Object,0.00,0,0,0,0,0,0,0,0,15,3
"org.apache.lucene.benchmark.byTask.feeds.DirContentSource$Iterator",14,0.03,1.64,100,1.14,39790.22,21,7,13,62,3,112.17,12,127,0,1,112.17,0.00,0.00,0.17,5,82.00,4,3405.90,2,4,3,java.lang.Object,0.00,48,0,23,0,48,10,1,11,693,2
"org.apache.lucene.benchmark.byTask.feeds.DirContentSource$Iterator$Comparator",1,0.00,5.00,13,0.16,9230.00,1,0,13,4,0,137.74,2,18,0,1,97.85,0.00,0.00,0.00,0,1.00,5,477.33,0,0,0,java.lang.Object,0.00,3,0,5,0,3,1,1,1,102,1
"org.apache.lucene.benchmark.byTask.feeds.DirContentSource$Iterator$FileFilter",1,0.00,1.00,3,0.02,173.90,1,0,13,2,0,135.56,0,4,0,1,135.56,0.00,0.00,0.00,0,1.00,1,52.97,0,0,0,java.lang.Object,0.00,1,0,1,0,1,1,0,0,17,0
"org.apache.lucene.benchmark.byTask.feeds.DirContentSource$Iterator$FileFilter_0",1,0.00,1.00,3,0.02,227.68,1,0,13,3,0,134.64,0,4,0,1,134.64,0.00,0.00,0.00,0,1.00,1,70.91,0,0,0,java.lang.Object,0.00,2,0,1,0,2,1,0,0,21,0
"org.apache.lucene.benchmark.byTask.feeds.DocData",14,0.03,1.07,43,0.27,3468.91,20,6,3,15,26,134.33,7,59,25,1,134.33,0.00,0.00,0.14,1,74.00,2,811.10,0,5,1,java.lang.Object,0.00,1,0,15,0,1,9,0,2,224,1
"org.apache.lucene.benchmark.byTask.feeds.DocMaker",11,0.14,3.36,195,3.18,266790.27,32,21,19,77,32,48.00,84,225,23,1,90.29,0.00,0.00,0.17,4,0.00,18,9538.36,0,4,9,java.lang.Object,0.00,66,0,37,8,66,7,0,29,1518,1
"org.apache.lucene.benchmark.byTask.feeds.DocMaker$DateUtil",1,2.00,1.00,6,0.07,1138.36,4,3,19,5,0,117.91,0,8,0,1,117.91,0.00,0.00,0.33,0,0.00,1,201.16,0,0,0,java.lang.Object,0.00,4,0,1,0,4,1,0,0,48,2
"org.apache.lucene.benchmark.byTask.feeds.DocMaker$DocState",3,0.40,2.67,39,0.47,17424.92,8,5,19,10,6,139.47,6,48,0,1,99.58,0.00,0.00,0.47,0,0.00,3,1402.93,0,2,6,java.lang.Object,0.00,7,0,8,0,7,1,0,2,289,1
"org.apache.lucene.benchmark.byTask.feeds.DocMaker$LeftOver",0,0.00,0.00,3,0.02,124.57,2,2,19,0,1,171.00,0,4,0,1,171.00,0.00,0.00,0.00,0,0.00,0,49.83,0,0,1,java.lang.Object,0.00,0,0,0,0,0,0,0,0,15,2
"org.apache.lucene.benchmark.byTask.feeds.DocMakerTest",4,0.00,1.75,54,0.89,37389.09,4,0,15,31,14,118.67,15,65,0,3,98.05,0.00,0.67,0.00,1,4.00,3,2672.06,0,1,14,org.apache.lucene.benchmark.BenchmarkTestCase,0.00,27,2,7,0,27,3,0,15,530,1
"org.apache.lucene.benchmark.byTask.feeds.DocMakerTest$OneDocSource",2,1.00,1.50,14,0.14,3522.28,3,1,15,9,3,113.82,0,21,0,3,113.82,0.00,0.67,0.50,0,2.00,2,418.51,0,1,3,org.apache.lucene.benchmark.byTask.feeds.ContentSource,0.19,7,2,3,0,7,1,0,0,91,2
"org.apache.lucene.benchmark.byTask.feeds.EnwikiContentSource",5,0.12,1.60,46,0.68,19086.96,17,12,14,21,8,127.71,16,62,2,3,107.09,0.00,0.67,0.18,0,12.00,2,2040.86,2,1,6,org.apache.lucene.benchmark.byTask.feeds.ContentSource,0.32,16,2,8,0,16,4,0,4,407,1
"org.apache.lucene.benchmark.byTask.feeds.EnwikiContentSource$Parser",6,0.27,5.00,109,1.32,67658.36,15,9,14,34,4,131.78,17,159,0,2,91.90,0.00,0.50,0.33,0,10.00,11,3953.15,0,2,4,org.xml.sax.helpers.DefaultHandler,0.00,28,1,30,0,28,4,1,17,718,1
"org.apache.lucene.benchmark.byTask.feeds.EnwikiQueryMaker",3,1.00,3.00,34,0.84,30978.19,4,1,16,22,15,100.53,14,74,0,2,100.29,0.00,0.50,0.33,2,4.00,6,2509.97,0,3,15,org.apache.lucene.benchmark.byTask.feeds.AbstractQueryMaker,0.20,19,1,9,0,19,0,1,5,436,1
"org.apache.lucene.benchmark.byTask.feeds.FacetSource",2,0.00,1.00,6,0.05,569.42,2,0,2,2,5,116.00,10,9,2,2,133.87,1.00,0.33,0.00,0,2.00,1,152.19,4,1,3,org.apache.lucene.benchmark.byTask.feeds.ContentItemsSource,0.13,0,1,2,1,0,1,0,3,42,2
"org.apache.lucene.benchmark.byTask.feeds.FileBasedQueryMaker",1,0.00,8.00,33,0.60,40411.15,1,0,9,23,9,114.64,30,48,1,2,77.60,0.00,0.50,0.00,0,0.00,8,1811.46,0,1,8,org.apache.lucene.benchmark.byTask.feeds.AbstractQueryMaker,0.25,22,1,8,0,22,0,1,3,282,1
"org.apache.lucene.benchmark.byTask.feeds.HTMLParser",1,0.00,1.00,2,0.03,202.63,1,0,4,1,4,150.74,17,3,3,1,141.61,0.00,0.00,0.00,0,1.00,1,91.40,0,1,1,,0.00,0,0,1,0,0,0,0,2,24,1
"org.apache.lucene.benchmark.byTask.feeds.LineDocSource",0,0.00,0.00,4,0.03,377.77,0,0,11,0,5,171.00,29,4,1,3,171.00,0.00,0.67,0.00,0,0.00,0,89.95,0,0,4,org.apache.lucene.benchmark.byTask.feeds.ContentSource,0.00,0,2,0,0,0,0,0,4,26,1
"org.apache.lucene.benchmark.byTask.feeds.LineDocSource$HeaderLineParser",9,0.06,4.44,116,1.48,67794.85,15,6,11,49,5,149.87,9,157,0,2,99.87,0.00,0.50,0.22,3,30.00,8,4427.71,2,2,5,org.apache.lucene.benchmark.byTask.feeds.LineParser,0.00,40,1,40,0,40,7,0,9,844,2
"org.apache.lucene.benchmark.byTask.feeds.LineDocSource$HeaderLineParser$FieldName",0,0.00,0.00,2,0.01,42.79,0,0,11,0,0,171.00,0,1,0,1,171.00,0.00,0.00,0.00,0,0.00,0,28.53,0,0,0,java.lang.Object,0.00,0,0,0,0,0,0,0,0,9,1
"org.apache.lucene.benchmark.byTask.feeds.LineDocSource$LineParser",2,1.00,1.00,5,0.04,512.27,3,1,11,2,1,180.69,4,7,0,1,140.80,0.00,0.00,0.00,0,2.00,1,124.80,0,0,1,java.lang.Object,0.00,0,0,2,0,0,2,0,2,36,3
"org.apache.lucene.benchmark.byTask.feeds.LineDocSource$SimpleLineParser",2,0.00,2.50,19,0.26,13083.89,2,0,11,8,2,105.15,1,25,0,2,105.15,0.00,0.50,0.00,0,2.00,4,772.62,0,0,2,org.apache.lucene.benchmark.byTask.feeds.LineParser,0.00,6,1,5,0,6,2,0,1,158,2
"org.apache.lucene.benchmark.byTask.feeds.LineDocSourceTest",14,1.00,1.93,121,1.70,65819.26,15,1,24,53,16,158.24,20,145,0,3,108.24,0.00,0.67,0.07,6,26.00,6,5107.34,1,0,16,org.apache.lucene.benchmark.BenchmarkTestCase,0.00,39,2,27,0,39,14,0,20,969,1
"org.apache.lucene.benchmark.byTask.feeds.LongToEnglishContentSource",3,0.50,1.33,19,0.22,7564.32,4,1,3,11,4,155.01,6,28,0,3,115.12,0.00,0.67,0.67,0,1.00,2,655.49,0,1,4,org.apache.lucene.benchmark.byTask.feeds.ContentSource,0.35,8,2,4,0,8,2,0,3,135,1
"org.apache.lucene.benchmark.byTask.feeds.LongToEnglishQueryMaker",6,0.10,1.17,18,0.22,3436.04,8,2,8,13,9,131.45,4,26,0,1,131.45,0.00,0.00,0.42,1,10.00,2,669.60,0,3,9,java.lang.Object,0.00,7,0,7,0,7,3,1,1,158,1
"org.apache.lucene.benchmark.byTask.feeds.NoMoreDataException",0,0.00,0.00,1,0.01,31.02,0,0,0,0,18,171.00,21,2,18,2,171.00,0.00,0.50,0.00,0,0.00,0,15.51,0,0,0,java.lang.Exception,0.00,0,1,0,0,0,0,0,2,6,1
"org.apache.lucene.benchmark.byTask.feeds.QueryMaker",5,0.00,1.00,6,0.04,200.25,5,0,2,5,15,198.27,13,7,13,1,158.38,0.00,0.00,0.00,0,5.00,1,107.93,0,3,2,,0.00,0,0,5,0,0,2,0,6,39,1
"org.apache.lucene.benchmark.byTask.feeds.RandomFacetSource",3,0.62,2.00,33,0.38,15743.92,7,4,5,14,5,84.83,16,37,0,3,102.70,0.00,0.67,0.67,0,1.00,4,1137.27,3,1,5,org.apache.lucene.benchmark.byTask.feeds.FacetSource,0.17,11,2,6,0,11,2,0,5,225,1
"org.apache.lucene.benchmark.byTask.feeds.ReutersContentSource",6,0.08,2.00,68,0.90,40315.98,11,5,11,42,4,141.74,16,88,0,3,101.86,0.00,0.67,0.27,2,14.00,4,2703.34,4,3,4,org.apache.lucene.benchmark.byTask.feeds.ContentSource,0.30,36,2,12,0,36,3,0,7,509,1
"org.apache.lucene.benchmark.byTask.feeds.ReutersContentSource$DateFormatInfo",0,0.00,0.00,3,0.02,155.67,2,2,11,0,0,171.00,0,4,0,1,171.00,0.00,0.00,0.00,0,0.00,0,51.89,0,0,0,java.lang.Object,0.00,0,0,0,0,0,0,0,0,15,3
"org.apache.lucene.benchmark.byTask.feeds.ReutersQueryMaker",3,1.00,2.67,32,0.60,24831.06,4,1,14,20,14,84.75,16,53,1,2,102.62,0.00,0.50,0.33,2,4.00,6,1801.99,0,3,13,org.apache.lucene.benchmark.byTask.feeds.AbstractQueryMaker,0.20,17,1,8,0,17,0,1,7,339,1
"org.apache.lucene.benchmark.byTask.feeds.SimpleQueryMaker",1,0.00,1.00,21,0.40,18404.74,1,0,10,12,11,43.97,11,25,1,2,88.09,1.00,0.33,0.00,0,0.00,1,1197.62,0,1,10,org.apache.lucene.benchmark.byTask.feeds.AbstractQueryMaker,0.25,11,1,1,1,11,0,1,3,211,1
"org.apache.lucene.benchmark.byTask.feeds.SimpleSloppyPhraseQueryMaker",1,0.00,9.00,48,0.58,63006.25,1,0,5,12,6,21.51,10,44,0,3,69.99,0.00,0.67,0.00,0,1.00,9,1728.51,0,1,6,org.apache.lucene.benchmark.byTask.feeds.SimpleQueryMaker,0.33,11,2,9,0,11,0,0,6,296,1
"org.apache.lucene.benchmark.byTask.feeds.SingleDocSource",4,0.17,1.25,18,0.23,4448.28,6,2,1,9,5,106.63,20,40,2,3,124.50,0.50,0.50,0.38,1,6.00,2,675.18,2,1,3,org.apache.lucene.benchmark.byTask.feeds.ContentSource,0.33,5,2,5,1,5,3,0,3,150,1
"org.apache.lucene.benchmark.byTask.feeds.SortableSingleDocSource",3,0.50,1.33,25,0.92,20100.17,6,3,3,11,4,107.35,13,68,0,4,107.12,0.00,0.75,0.67,1,0.00,2,2762.25,2,1,4,org.apache.lucene.benchmark.byTask.feeds.SingleDocSource,0.00,8,3,4,0,8,2,0,4,415,1
"org.apache.lucene.benchmark.byTask.feeds.TrecContentSource",11,0.11,3.64,164,2.14,85501.88,31,20,17,62,17,79.44,64,223,9,3,97.31,0.50,0.50,0.15,5,58.00,7,6422.85,5,5,10,org.apache.lucene.benchmark.byTask.feeds.ContentSource,0.24,51,2,40,1,51,6,0,38,1158,1
"org.apache.lucene.benchmark.byTask.feeds.TrecContentSource$DateFormatInfo",0,0.00,0.00,3,0.02,200.76,2,2,17,0,0,171.00,0,4,0,1,171.00,0.00,0.00,0.00,0,0.00,0,57.36,0,0,0,java.lang.Object,0.00,0,0,0,0,0,0,0,0,16,3
"org.apache.lucene.benchmark.byTask.feeds.TrecContentSourceTest",8,0.00,2.12,95,2.21,68199.57,8,0,14,41,7,151.03,14,300,0,2,101.03,0.00,0.50,0.00,2,8.00,8,6638.13,0,0,7,org.apache.lucene.util.LuceneTestCase,0.00,33,1,17,0,33,8,0,11,1110,1
"org.apache.lucene.benchmark.byTask.feeds.TrecContentSourceTest$StringableTrecSource",3,1.00,1.67,13,0.12,2154.78,4,1,14,7,4,125.93,0,21,0,4,125.93,0.00,0.75,0.33,0,5.00,3,361.62,0,0,4,org.apache.lucene.benchmark.byTask.feeds.TrecContentSource,0.14,4,3,5,0,4,3,0,0,89,2
"org.apache.lucene.benchmark.byTask.feeds.TrecDocParser",5,0.19,2.60,45,0.65,32585.64,9,4,5,17,8,57.04,40,59,7,1,105.15,0.00,0.00,0.10,1,8.00,6,1940.85,0,5,7,java.lang.Object,0.00,12,0,13,6,12,0,0,13,411,2
"org.apache.lucene.benchmark.byTask.feeds.TrecDocParser$ParsePathType",0,0.00,0.00,2,0.01,42.79,0,0,5,0,0,171.00,0,1,0,1,171.00,0.00,0.00,0.00,0,0.00,0,28.53,0,0,0,java.lang.Object,0.00,0,0,0,0,0,0,0,0,9,1
"org.apache.lucene.benchmark.byTask.feeds.TrecFBISParser",1,0.00,3.00,26,0.39,12783.45,8,7,2,10,3,43.34,7,32,0,2,85.63,0.00,0.50,1.00,0,0.00,3,1155.46,2,1,3,org.apache.lucene.benchmark.byTask.feeds.TrecDocParser,0.00,9,1,3,0,9,0,0,5,212,1
"org.apache.lucene.benchmark.byTask.feeds.TrecFR94Parser",1,0.00,3.00,23,0.36,11675.41,7,6,2,10,3,39.82,8,33,0,2,87.92,0.00,0.50,1.00,0,0.00,3,1081.22,2,1,3,org.apache.lucene.benchmark.byTask.feeds.TrecDocParser,0.00,9,1,3,0,9,0,0,6,199,1
"org.apache.lucene.benchmark.byTask.feeds.TrecFTParser",1,0.00,2.00,18,0.26,7214.73,5,4,2,8,3,61.41,6,23,0,2,93.63,0.00,0.50,1.00,0,0.00,2,779.11,2,1,3,org.apache.lucene.benchmark.byTask.feeds.TrecDocParser,0.00,7,1,2,0,7,0,0,4,149,1
"org.apache.lucene.benchmark.byTask.feeds.TrecGov2Parser",1,0.00,3.00,19,0.31,9733.84,6,5,3,9,4,73.77,5,25,1,2,91.64,0.00,0.50,1.00,0,0.00,3,932.57,1,1,4,org.apache.lucene.benchmark.byTask.feeds.TrecDocParser,0.00,8,1,3,0,8,0,0,3,174,1
"org.apache.lucene.benchmark.byTask.feeds.TrecLATimesParser",1,0.00,5.00,29,0.46,19859.17,8,7,2,12,3,34.13,8,37,0,2,82.23,0.00,0.50,1.00,0,0.00,5,1394.97,2,1,3,org.apache.lucene.benchmark.byTask.feeds.TrecDocParser,0.00,11,1,5,0,11,0,0,6,251,1
"org.apache.lucene.benchmark.byTask.feeds.TrecParserByPath",1,0.00,1.00,3,0.06,1062.64,1,0,1,3,4,129.61,4,7,1,2,129.37,0.00,0.50,0.00,0,0.00,1,180.57,0,1,3,org.apache.lucene.benchmark.byTask.feeds.TrecDocParser,0.00,2,1,1,0,2,0,0,1,42,1
"org.apache.lucene.analysis.phonetic.DoubleMetaphoneFilter",3,0.25,4.67,48,0.64,39774.44,9,6,7,23,7,133.15,6,61,3,4,93.27,0.00,0.75,0.33,0,1.00,12,1916.27,0,0,4,org.apache.lucene.analysis.TokenFilter,0.53,20,3,14,0,20,3,0,6,359,2
"org.apache.lucene.analysis.phonetic.DoubleMetaphoneFilterTest",6,0.00,1.00,28,0.41,6807.42,6,0,4,9,4,124.49,1,35,0,3,124.49,0.00,0.67,0.00,0,6.00,1,1237.84,1,0,4,org.apache.lucene.analysis.BaseTokenStreamTestCase,0.00,3,2,6,0,3,6,0,1,269,1
"org.apache.lucene.analysis.phonetic.PhoneticFilter",3,0.30,3.33,35,0.44,18920.39,8,5,6,16,6,122.57,11,45,2,4,101.95,0.00,0.75,0.40,0,1.00,8,1324.20,0,0,4,org.apache.lucene.analysis.TokenFilter,0.53,13,3,10,0,13,3,0,8,258,2
"org.apache.lucene.analysis.phonetic.TestPhoneticFilter",2,0.00,1.00,16,0.42,11673.54,2,0,10,10,4,157.65,3,32,0,3,107.66,0.00,0.67,0.00,1,2.00,1,1250.53,1,0,4,org.apache.lucene.analysis.BaseTokenStreamTestCase,0.00,8,2,2,0,8,2,0,1,236,1
"org.apache.lucene.queryparser.surround.query.AndQuery",2,0.00,1.00,5,0.07,830.62,2,0,3,3,6,139.15,1,10,1,3,139.15,0.00,0.67,0.00,0,2.00,1,206.43,1,1,5,org.apache.lucene.queryparser.surround.query.ComposedQuery,0.00,1,2,2,0,1,1,0,1,52,1
"org.apache.lucene.queryparser.surround.query.BasicQueryFactory",11,0.20,1.27,31,0.26,4553.41,13,2,3,18,22,139.11,3,46,18,1,139.11,0.00,0.00,0.32,3,24.00,2,786.12,0,3,4,java.lang.Object,0.00,7,0,14,0,7,8,0,1,207,1
"org.apache.lucene.queryparser.surround.query.BooleanQueryTst",3,0.14,1.33,30,0.31,6926.05,10,7,8,12,10,107.15,2,41,2,1,107.15,0.00,0.00,0.24,0,4.00,2,940.54,0,0,8,java.lang.Object,0.00,9,0,4,0,9,3,0,2,196,1
"org.apache.lucene.queryparser.surround.query.BooleanQueryTst$TestCollector",6,0.10,1.50,32,0.34,14447.55,10,4,8,9,2,118.20,2,43,0,2,118.20,0.00,0.50,0.33,0,6.00,4,1029.55,0,0,2,org.apache.lucene.search.Collector,0.40,3,1,9,0,3,6,0,2,219,0
"org.apache.lucene.queryparser.surround.query.ComposedQuery",15,0.24,1.60,68,0.68,17512.27,18,3,4,29,7,124.28,6,78,4,2,124.28,4.00,0.17,0.11,9,68.00,3,2051.83,1,8,3,org.apache.lucene.queryparser.surround.query.SrndQuery,0.14,14,1,24,4,14,7,0,6,472,2
"org.apache.lucene.queryparser.surround.query.DistanceQuery",7,0.42,2.14,45,0.59,21739.41,9,2,7,22,11,114.30,4,70,2,3,114.30,0.00,0.67,0.14,1,17.00,5,1755.16,1,3,10,org.apache.lucene.queryparser.surround.query.ComposedQuery,0.00,15,2,15,0,15,4,1,4,350,1
"org.apache.lucene.queryparser.surround.query.DistanceRewriteQuery",2,0.00,1.00,5,0.06,636.39,2,0,3,2,5,140.06,0,12,1,3,140.06,0.00,0.67,0.00,0,2.00,1,176.59,0,1,5,org.apache.lucene.queryparser.surround.query.RewriteQuery,0.00,0,2,2,0,0,1,0,0,47,0
"org.apache.lucene.queryparser.surround.query.DistanceSubQuery",2,0.00,1.00,3,0.01,59.00,2,0,1,2,4,199.31,5,4,3,1,159.43,0.00,0.00,0.00,0,2.00,1,42.00,0,1,1,,0.00,0,0,2,0,0,1,0,1,17,1
"org.apache.lucene.queryparser.surround.query.ExceptionQueryTst",3,0.25,2.67,29,0.31,9145.35,5,2,2,12,6,107.74,0,38,3,1,107.74,0.00,0.00,0.33,0,4.00,5,942.73,0,1,3,java.lang.Object,0.00,9,0,8,0,9,2,0,0,196,1
"org.apache.lucene.queryparser.surround.query.FieldsQuery",9,0.03,1.33,47,0.56,14389.54,13,4,4,29,6,119.63,7,61,2,2,119.63,0.00,0.50,0.22,4,24.00,3,1694.63,0,4,4,org.apache.lucene.queryparser.surround.query.SrndQuery,0.17,20,1,12,0,20,5,0,7,361,1
"org.apache.lucene.queryparser.surround.query.NotQuery",2,0.00,1.00,9,0.14,3231.20,2,0,4,8,7,173.28,3,13,1,3,123.28,0.00,0.67,0.00,0,2.00,1,429.03,1,1,6,org.apache.lucene.queryparser.surround.query.ComposedQuery,0.00,6,2,2,0,6,1,0,3,91,1
"org.apache.lucene.queryparser.surround.query.OrQuery",4,0.00,2.00,20,0.23,5493.08,4,0,5,9,10,120.06,1,31,2,3,120.06,0.00,0.67,0.00,0,4.00,4,677.93,2,2,8,org.apache.lucene.queryparser.surround.query.ComposedQuery,0.00,5,2,8,0,5,2,1,1,155,1
"org.apache.lucene.queryparser.surround.query.RewriteQuery",7,0.11,1.43,22,0.34,8623.59,10,3,3,20,6,128.78,1,50,3,2,128.78,2.00,0.25,0.43,1,10.00,3,1009.68,0,4,3,org.apache.lucene.search.Query,0.35,13,1,10,2,13,3,0,1,240,1
"org.apache.lucene.queryparser.surround.query.SimpleTerm",12,0.91,1.17,32,0.29,5525.18,13,1,4,21,12,138.76,5,47,5,2,138.76,3.00,0.20,0.17,5,28.00,3,855.23,1,6,8,org.apache.lucene.queryparser.surround.query.SrndQuery,0.08,9,1,14,3,9,6,2,3,222,2
"org.apache.lucene.queryparser.surround.query.SimpleTerm$MatchingTermVisitor",1,0.00,1.00,2,0.01,51.00,1,0,4,1,1,146.32,0,4,0,1,146.32,0.00,0.00,0.00,0,1.00,1,34.00,0,0,1,,0.00,0,0,1,0,0,1,0,0,13,1
"org.apache.lucene.queryparser.surround.query.SimpleTerm$MatchingTermVisitor_0",1,0.00,1.00,3,0.02,230.45,1,0,4,2,1,134.60,0,4,0,1,134.60,0.00,0.00,0.00,0,1.00,1,72.73,0,0,1,java.lang.Object,0.00,1,0,1,0,1,1,0,0,21,0
"org.apache.lucene.queryparser.surround.query.SimpleTermRewriteQuery",2,0.00,2.00,7,0.15,4481.90,2,0,7,8,9,176.66,2,18,1,3,126.66,0.00,0.67,0.00,0,2.00,3,454.16,0,1,9,org.apache.lucene.queryparser.surround.query.RewriteQuery,0.00,6,2,4,0,6,1,0,2,95,0
"org.apache.lucene.queryparser.surround.query.SimpleTermRewriteQuery$SimpleTerm.MatchingTermVisitor",1,0.00,1.00,3,0.03,278.46,1,0,7,3,1,133.95,0,4,0,1,133.95,0.00,0.00,0.00,0,1.00,1,89.74,0,0,1,java.lang.Object,0.00,2,0,1,0,2,1,0,0,25,0
"org.apache.lucene.queryparser.surround.query.SingleFieldTestDb",4,0.22,1.50,25,0.25,7168.00,7,3,10,15,11,116.26,0,26,3,1,116.26,0.00,0.00,0.50,0,0.00,3,742.59,0,3,8,java.lang.Object,0.00,11,0,6,0,11,1,0,0,152,1
"org.apache.lucene.queryparser.surround.query.SpanNearClauseFactory",10,0.06,1.50,40,0.48,13491.16,14,4,10,27,13,123.80,2,50,4,1,123.80,0.00,0.00,0.20,2,46.00,3,1448.59,0,3,9,java.lang.Object,0.00,17,0,15,0,17,7,0,2,324,1
"org.apache.lucene.queryparser.surround.query.SrndBooleanQuery",2,0.00,2.00,13,0.17,5395.85,2,0,4,8,7,114.80,0,20,4,1,114.80,0.00,0.00,0.00,1,2.00,2,511.02,0,1,3,java.lang.Object,0.00,6,0,4,0,6,1,0,0,107,0
"org.apache.lucene.queryparser.surround.query.SrndPrefixQuery",7,0.17,2.00,41,0.48,19172.65,10,3,7,20,8,117.70,2,54,1,3,117.70,0.00,0.67,0.19,3,23.00,8,1439.99,0,3,7,org.apache.lucene.queryparser.surround.query.SimpleTerm,0.18,13,2,14,0,13,4,0,2,291,1
"org.apache.lucene.queryparser.surround.query.SrndQuery",14,0.38,1.36,40,0.35,6489.67,16,2,3,24,15,188.71,17,53,11,1,138.71,0.00,0.00,0.14,6,42.00,3,1060.00,1,6,4,java.lang.Object,0.00,10,0,19,10,10,8,1,7,273,2
"org.apache.lucene.queryparser.surround.query.SrndQuery$BooleanQuery",3,0.00,1.00,7,0.07,810.47,3,0,3,4,2,140.62,1,13,0,1,140.62,0.00,0.00,0.00,0,3.00,1,196.67,0,0,2,java.lang.Object,0.00,1,0,3,0,1,3,0,1,53,0
"org.apache.lucene.queryparser.surround.query.SrndQueryTest",2,0.00,1.00,13,0.14,2354.47,2,0,6,6,4,138.41,6,17,0,2,117.79,0.00,0.50,0.00,1,2.00,1,427.56,0,0,4,org.apache.lucene.util.LuceneTestCase,0.00,4,1,2,0,4,2,0,3,97,1
"org.apache.lucene.queryparser.surround.query.SrndTermQuery",5,1.00,1.40,18,0.20,4217.67,6,1,7,11,8,130.08,1,28,1,3,130.08,0.00,0.67,0.20,2,8.00,3,606.97,0,3,7,org.apache.lucene.queryparser.surround.query.SimpleTerm,0.10,6,2,7,0,6,2,0,1,138,1
"org.apache.lucene.queryparser.surround.query.SrndTruncQuery",7,0.14,2.43,57,0.70,25989.42,13,6,9,27,8,109.00,1,81,1,3,109.00,0.00,0.67,0.29,3,20.00,7,2111.53,0,2,7,org.apache.lucene.queryparser.surround.query.SimpleTerm,0.09,20,2,17,0,20,5,0,1,419,1
"org.apache.lucene.queryparser.surround.query.Test01Exceptions",2,0.00,1.50,10,0.16,2333.90,5,3,3,7,2,170.68,2,39,1,2,120.68,0.00,0.50,0.33,0,2.00,2,492.60,0,0,1,org.apache.lucene.util.LuceneTestCase,0.00,5,1,3,0,5,2,0,2,102,1
"org.apache.lucene.queryparser.surround.query.Test02Boolean",25,0.18,1.00,81,0.76,9785.11,30,5,3,32,4,132.79,0,91,1,2,132.79,0.00,0.50,0.03,1,48.00,1,2272.19,0,0,3,org.apache.lucene.util.LuceneTestCase,0.00,7,1,25,0,7,25,0,0,555,1
"org.apache.lucene.queryparser.surround.query.Test03Distance",47,0.08,1.02,150,1.44,19721.91,57,10,3,57,5,132.54,2,188,1,2,132.54,0.00,0.50,0.02,4,268.00,2,4325.31,0,0,4,org.apache.lucene.util.LuceneTestCase,0.00,10,1,48,0,10,47,0,2,1041,1
"org.apache.lucene.queryparser.surround.query.TooManyBasicQueries",1,0.00,1.00,3,0.02,172.28,1,0,1,1,1,185.59,1,5,1,2,135.59,0.00,0.50,0.00,0,1.00,1,63.94,0,0,0,java.io.IOException,0.00,0,1,1,0,0,1,0,1,20,1
"org.apache.lucene.search.suggest.tst.TSTAutocomplete",3,0.00,7.67,68,0.96,114110.19,3,0,1,12,2,55.01,41,89,1,1,84.39,0.00,0.00,0.00,1,3.00,14,2884.93,0,1,1,java.lang.Object,0.00,9,0,23,0,9,2,0,3,545,1
"org.apache.lucene.search.suggest.tst.TSTLookup",8,0.25,4.38,106,1.56,66598.72,16,8,12,52,9,148.24,8,139,3,2,98.24,0.00,0.50,0.34,2,0.00,11,4687.86,0,2,6,org.apache.lucene.search.suggest.Lookup,0.00,44,1,35,0,44,6,0,8,892,1
"org.apache.lucene.search.suggest.tst.TernaryTreeNode",0,0.00,0.00,7,0.04,287.07,6,6,0,0,2,171.00,14,8,2,1,171.00,0.00,0.00,0.00,0,0.00,0,110.41,0,0,0,java.lang.Object,0.00,0,0,0,0,0,0,0,6,29,1
"org.apache.lucene.benchmark.quality.trec.QueryDriver",1,0.00,6.00,34,0.77,43103.06,1,0,11,24,11,32.84,11,37,0,1,76.96,0.00,0.00,0.00,0,1.00,6,2305.08,0,0,11,java.lang.Object,0.00,23,0,6,0,23,1,0,8,349,1
"org.apache.lucene.benchmark.quality.trec.Trec1MQReader",2,1.00,2.00,24,0.33,18607.38,3,1,6,15,1,69.95,26,31,0,1,99.33,0.00,0.00,0.50,0,2.00,3,989.63,0,1,1,java.lang.Object,0.00,13,0,4,0,13,1,0,8,183,1
"org.apache.lucene.benchmark.quality.trec.TrecJudge",4,0.00,4.50,65,0.89,61782.16,5,1,8,29,4,74.88,23,79,2,1,92.75,0.00,0.00,1.00,0,0.00,9,2660.52,0,0,2,java.lang.Object,0.00,25,0,18,0,25,4,1,7,484,1
"org.apache.lucene.benchmark.quality.trec.TrecJudge$QRelJudgement",4,0.00,1.00,12,0.09,1269.02,6,2,8,8,0,133.50,0,17,0,1,133.50,0.00,0.00,0.50,0,0.00,1,278.01,0,0,0,java.lang.Object,0.00,4,0,4,0,4,4,0,0,78,2
"org.apache.lucene.benchmark.quality.trec.TrecTopicsReader",3,1.00,5.33,55,0.86,63008.04,4,1,6,22,3,52.19,37,71,2,1,89.75,0.00,0.00,0.33,1,4.00,8,2570.43,0,1,1,java.lang.Object,0.00,19,0,16,0,19,2,0,11,442,1
"org.apache.lucene.facet.search.cache.CategoryListCache",3,0.50,1.00,9,0.11,1759.64,4,1,6,7,11,82.93,30,15,6,1,131.40,0.00,0.00,0.67,1,1.00,1,325.85,0,1,5,java.lang.Object,0.00,4,0,3,0,4,2,0,5,82,1
"org.apache.lucene.facet.search.cache.CategoryListData",3,0.50,3.33,36,0.48,26242.16,4,1,7,16,10,89.07,47,38,4,1,99.43,0.00,0.00,0.67,0,1.00,8,1427.50,0,1,6,java.lang.Object,0.00,13,0,10,0,13,2,0,7,258,1
"org.apache.lucene.facet.search.cache.CategoryListData$RAMCategoryListIterator",4,0.58,1.50,20,0.23,6126.34,8,4,7,4,1,119.75,0,27,0,1,119.75,0.00,0.00,0.69,0,0.00,2,694.81,0,0,1,java.lang.Object,0.00,0,0,6,0,0,4,1,0,160,2
"org.apache.lucene.index.codecs.mockintblock.MockFixedIntBlockCodec",9,0.62,1.44,60,0.72,25936.30,10,1,32,31,33,114.64,6,107,2,2,114.64,0.00,0.50,0.44,0,13.00,3,2166.98,0,6,31,org.apache.lucene.index.codecs.Codec,0.11,22,1,13,0,22,3,0,2,447,1
"org.apache.lucene.index.codecs.mockintblock.MockFixedIntBlockCodec$MockIntFactory",3,1.00,1.33,15,0.15,3359.04,4,1,32,7,9,120.85,0,25,0,2,120.85,0.00,0.50,0.00,0,3.00,2,447.57,0,2,9,org.apache.lucene.index.codecs.sep.IntStreamFactory,0.00,4,1,4,0,4,1,0,0,100,2
"org.apache.lucene.index.codecs.mockintblock.MockFixedIntBlockCodec$MockIntFactory$FixedIntBlockIndexInput",1,0.00,1.00,3,0.04,456.56,1,0,32,2,1,132.26,0,5,0,1,132.26,0.00,0.00,0.00,0,1.00,1,109.36,0,0,1,java.lang.Object,0.00,1,0,1,0,1,1,0,0,29,0
"org.apache.lucene.index.codecs.mockintblock.MockFixedIntBlockCodec$MockIntFactory$FixedIntBlockIndexInput$BlockReader",2,0.00,1.50,8,0.06,1123.74,2,0,32,3,0,126.80,0,7,0,1,126.80,0.00,0.00,0.00,0,2.00,2,168.21,0,0,0,java.lang.Object,0.00,1,0,3,0,1,2,0,0,43,0
"org.apache.lucene.index.codecs.mockintblock.MockFixedIntBlockCodec$MockIntFactory$FixedIntBlockIndexOutput",1,0.00,2.00,8,0.07,2325.35,1,0,32,2,0,110.64,0,8,0,1,110.64,0.00,0.00,0.00,0,1.00,2,205.91,0,0,0,java.lang.Object,0.00,1,0,2,0,1,1,0,0,47,0
"org.apache.lucene.index.codecs.mockintblock.MockVariableIntBlockCodec",8,0.71,1.50,58,0.71,26501.59,9,1,35,30,34,111.66,6,104,1,2,111.66,0.00,0.50,0.38,0,14.00,3,2120.99,0,5,33,org.apache.lucene.index.codecs.Codec,0.11,22,1,12,0,22,3,0,1,436,1
"org.apache.lucene.index.codecs.mockintblock.MockVariableIntBlockCodec$MockIntFactory",3,1.00,1.33,18,0.20,4969.98,4,1,35,10,10,116.56,0,28,0,2,116.56,0.00,0.50,0.33,0,4.00,2,593.81,0,2,10,org.apache.lucene.index.codecs.sep.IntStreamFactory,0.00,7,1,4,0,7,1,0,0,127,2
"org.apache.lucene.index.codecs.mockintblock.MockVariableIntBlockCodec$MockIntFactory$VariableIntBlockIndexInput",1,0.00,1.00,3,0.03,410.58,1,0,35,2,1,132.62,0,5,0,1,132.62,0.00,0.00,0.00,0,1.00,1,89.27,0,1,1,java.lang.Object,0.00,1,0,1,0,1,0,0,0,24,0
"org.apache.lucene.index.codecs.mockintblock.MockVariableIntBlockCodec$MockIntFactory$VariableIntBlockIndexInput$BlockReader",2,0.00,2.00,12,0.15,10824.07,2,0,35,3,0,112.41,0,11,0,1,112.41,0.00,0.00,0.00,0,2.00,3,460.04,0,0,0,java.lang.Object,0.00,1,0,4,0,1,2,0,0,94,0
"org.apache.lucene.index.codecs.mockintblock.MockVariableIntBlockCodec$MockIntFactory$VariableIntBlockIndexOutput",1,0.00,4.00,18,0.20,15592.44,3,2,35,2,0,91.07,4,19,0,1,90.84,0.00,0.00,1.00,0,0.00,4,590.97,0,0,0,java.lang.Object,0.00,1,0,4,0,1,1,0,4,118,0
"org.apache.solr.search.grouping.distributed.shardresultserializer.SearchGroupsResultTransformer",4,1.00,4.25,56,1.08,69883.23,5,1,12,32,13,134.39,9,64,2,1,94.51,0.00,0.00,0.25,0,6.00,8,3244.33,0,3,11,java.lang.Object,0.00,28,0,17,0,28,1,1,3,579,1
"org.apache.solr.search.grouping.distributed.shardresultserializer.ShardResultTransformer",2,0.00,1.00,3,0.04,302.75,2,0,3,2,5,116.27,24,4,3,1,153.83,0.00,0.00,0.00,0,2.00,1,117.42,0,1,2,,0.00,0,0,2,0,0,1,0,3,34,1
"org.apache.solr.search.grouping.distributed.shardresultserializer.TopGroupsResultTransformer",6,0.40,7.00,170,3.67,349228.47,7,1,26,68,24,129.05,10,193,2,1,79.05,0.00,0.00,0.67,1,0.00,13,11010.97,0,5,22,java.lang.Object,0.00,62,0,42,0,62,1,1,3,1713,1
"org.apache.solr.search.grouping.distributed.shardresultserializer.TopGroupsResultTransformer$FieldSelector",1,0.00,2.00,5,0.04,534.67,1,0,26,3,1,123.28,0,7,0,1,123.28,0.00,0.00,0.00,0,1.00,2,120.00,0,1,1,java.lang.Object,0.00,2,0,2,0,2,0,0,0,32,0
"org.apache.lucene.queryparser.flexible.core.messages.QueryParserMessages",1,19.00,1.00,23,0.23,6661.89,20,19,1,2,28,47.80,7,26,27,2,90.09,0.00,0.50,0.00,0,1.00,1,695.74,0,0,1,org.apache.lucene.messages.NLS,0.00,1,1,1,0,1,1,0,5,143,1
"org.apache.lucene.analysis.fr.Deprecated",3,0.00,2.33,18,0.22,5952.76,6,3,7,11,7,65.81,27,27,0,4,115.81,0.00,0.75,0.33,0,4.00,4,660.39,0,0,7,org.apache.lucene.analysis.TokenFilter,0.27,8,3,7,0,8,3,0,6,144,2
"org.apache.lucene.analysis.fr.ElisionFilter",3,0.12,3.00,32,0.46,25003.22,7,4,9,12,9,70.35,20,40,4,4,102.57,0.00,0.75,0.33,0,5.00,6,1379.83,0,0,5,org.apache.lucene.analysis.TokenFilter,0.27,9,3,9,0,9,3,0,6,261,2
"org.apache.lucene.analysis.fr.FrenchAnalyzer",5,0.33,2.40,31,1.12,32417.81,8,3,18,19,16,91.61,70,71,1,3,111.75,0.00,0.67,0.07,0,8.00,4,3367.42,0,2,15,org.apache.lucene.analysis.util.StopwordAnalyzerBase,0.00,14,2,12,0,14,3,0,10,523,2
"org.apache.lucene.analysis.fr.FrenchAnalyzer$DefaultSetHolder",0,0.00,0.00,7,0.11,2379.54,2,2,18,3,3,171.00,3,15,0,1,171.00,0.00,0.00,0.00,0,0.00,0,316.83,0,0,3,java.lang.Object,0.00,3,0,0,0,3,0,0,3,69,2
"org.apache.lucene.analysis.fr.FrenchLightStemFilter",2,0.33,2.00,14,0.16,3794.18,5,3,6,9,8,113.74,9,20,2,4,113.50,0.00,0.75,0.50,0,2.00,3,481.98,0,0,6,org.apache.lucene.analysis.TokenFilter,0.29,7,3,4,0,7,2,0,1,107,2
"org.apache.lucene.analysis.fr.FrenchLightStemmer",2,0.00,26.00,128,2.30,401621.10,2,0,1,3,1,61.35,8,168,1,1,61.12,0.00,0.00,0.00,1,2.00,34,6906.75,0,0,0,java.lang.Object,0.00,1,0,52,0,1,2,0,2,1138,1
"org.apache.lucene.analysis.fr.FrenchMinimalStemFilter",2,0.33,2.00,14,0.16,3794.18,5,3,6,9,8,113.74,9,20,2,4,113.50,0.00,0.75,0.50,0,2.00,3,481.98,0,0,6,org.apache.lucene.analysis.TokenFilter,0.29,7,3,4,0,7,2,0,1,107,2
"org.apache.lucene.analysis.fr.FrenchMinimalStemmer",1,0.00,9.00,12,0.21,12910.63,1,0,0,1,1,60.99,56,17,1,1,97.87,0.00,0.00,0.00,0,1.00,9,621.36,0,0,0,java.lang.Object,0.00,0,0,9,0,0,1,0,4,129,1
"org.apache.lucene.analysis.fr.TestElision",2,0.00,1.50,18,0.26,7176.44,2,0,11,13,6,157.32,3,22,0,3,107.32,0.00,0.67,0.00,1,2.00,2,784.94,0,1,6,org.apache.lucene.analysis.BaseTokenStreamTestCase,0.00,11,2,3,0,11,1,0,1,157,1
"org.apache.lucene.analysis.fr.TestFrenchAnalyzer",8,0.00,1.00,51,0.95,23139.63,8,0,4,11,3,96.84,40,163,0,3,114.72,0.00,0.67,0.00,0,8.00,1,2862.40,3,0,3,org.apache.lucene.analysis.BaseTokenStreamTestCase,0.00,3,2,8,0,3,8,0,25,542,1
"org.apache.lucene.analysis.fr.TestFrenchLightStemFilter",3,0.00,1.00,78,1.01,21255.47,3,0,7,5,4,108.51,10,83,0,3,87.90,0.00,0.67,0.00,0,3.00,1,3026.96,2,0,4,org.apache.lucene.analysis.BaseTokenStreamTestCase,0.00,2,2,3,0,2,3,0,8,473,1
"org.apache.lucene.analysis.fr.TestFrenchLightStemFilter$Analyzer",1,0.00,1.00,4,0.05,1009.20,1,0,7,4,3,124.89,0,7,0,1,124.89,0.00,0.00,0.00,0,1.00,1,159.62,0,1,3,java.lang.Object,0.00,3,0,1,0,3,0,0,0,38,0
"org.apache.lucene.analysis.fr.TestFrenchMinimalStemFilter",3,0.00,1.00,16,0.14,1964.26,3,0,7,5,4,162.64,6,21,0,3,122.75,0.00,0.67,0.00,0,3.00,1,413.40,2,0,4,org.apache.lucene.analysis.BaseTokenStreamTestCase,0.00,2,2,3,0,2,3,0,4,101,1
"org.apache.lucene.analysis.fr.TestFrenchMinimalStemFilter$Analyzer",1,0.00,1.00,4,0.05,1009.20,1,0,7,4,3,124.89,0,7,0,1,124.89,0.00,0.00,0.00,0,1.00,1,159.62,0,1,3,java.lang.Object,0.00,3,0,1,0,3,0,0,0,38,0
"org.apache.lucene.analysis.core.Ignore",1,0.00,1.00,980,32.56,1609032.85,1,0,3,1,2,-23.23,997,1960,0,3,10.55,0.00,0.67,0.00,0,1.00,1,97687.95,1,0,2,org.apache.lucene.analysis.BaseTokenStreamTestCase,0.00,0,2,1,0,0,1,0,979,9756,1
"org.apache.lucene.analysis.core.KeywordAnalyzer",2,0.00,1.00,4,0.04,567.13,2,0,2,4,4,180.34,4,8,2,2,140.46,0.00,0.50,0.00,0,2.00,1,119.65,0,1,2,org.apache.lucene.analysis.Analyzer,0.00,2,1,2,0,2,1,0,1,34,2
"org.apache.lucene.analysis.core.KeywordTokenizer",7,0.10,1.57,38,0.43,16141.03,12,5,6,13,19,118.34,5,52,15,4,118.34,0.00,0.75,0.29,0,9.00,5,1285.71,2,0,4,org.apache.lucene.analysis.Tokenizer,0.33,6,3,11,0,6,7,0,3,277,2
"org.apache.lucene.analysis.core.LetterTokenizer",4,0.00,1.00,9,0.08,752.92,4,0,5,5,5,104.30,50,15,2,5,141.86,0.25,0.67,0.00,0,4.00,1,238.14,0,0,3,org.apache.lucene.analysis.util.CharTokenizer,0.17,1,4,4,1,1,4,0,5,68,1
"org.apache.lucene.analysis.core.LowerCaseFilter",2,0.50,2.00,17,0.19,6215.68,4,2,6,9,52,67.36,15,22,48,4,109.65,0.00,0.75,0.75,0,0.00,3,565.02,0,0,4,org.apache.lucene.analysis.TokenFilter,0.29,7,3,4,0,7,2,0,2,120,2
"org.apache.lucene.analysis.core.LowerCaseTokenizer",4,0.00,1.00,9,0.08,810.03,4,0,5,5,11,112.23,53,15,7,6,141.61,0.00,0.83,0.00,0,4.00,1,240.46,0,0,4,org.apache.lucene.analysis.core.LetterTokenizer,0.18,1,5,4,0,1,4,0,5,69,2
"org.apache.lucene.analysis.core.SimpleAnalyzer",2,1.00,1.00,6,0.06,859.98,3,1,4,4,7,84.36,16,11,4,2,132.46,0.00,0.50,0.50,0,2.00,1,182.93,0,1,3,org.apache.lucene.analysis.Analyzer,0.00,2,1,2,0,2,1,0,2,49,2
"org.apache.lucene.analysis.core.StopAnalyzer",5,1.00,1.20,18,0.30,4757.51,6,1,11,9,15,87.41,37,35,9,3,129.71,0.00,0.67,0.20,0,11.00,2,908.02,0,1,6,org.apache.lucene.analysis.util.StopwordAnalyzerBase,0.00,4,2,6,0,4,4,0,7,193,2
"org.apache.lucene.analysis.core.StopFilter",7,0.42,1.71,22,0.34,7935.66,9,2,9,14,47,91.46,87,32,43,5,129.02,0.00,0.80,0.14,1,12.00,3,1034.30,0,4,4,org.apache.lucene.analysis.util.FilteringTokenFilter,0.21,7,4,12,0,7,3,0,8,235,2
"org.apache.lucene.analysis.core.TestAnalyzers",13,0.00,1.15,96,1.31,31692.83,13,0,9,34,11,162.77,22,143,0,3,112.77,0.00,0.67,0.00,1,13.00,3,3942.28,3,0,11,org.apache.lucene.analysis.BaseTokenStreamTestCase,0.00,21,2,15,0,21,13,0,16,823,1
"org.apache.lucene.analysis.core.TestAnalyzers$LowerCaseWhitespaceAnalyzer",1,0.00,1.00,4,0.05,878.94,1,0,9,4,3,125.36,0,7,0,2,125.36,0.00,0.50,0.00,0,1.00,1,157.95,0,1,3,org.apache.lucene.index.Analyzer,0.00,3,1,1,0,3,0,0,0,39,2
"org.apache.lucene.analysis.core.TestAnalyzers$PayloadSetter",2,0.67,1.50,13,0.13,2688.71,5,3,9,5,2,117.24,1,17,0,2,117.24,0.00,0.50,0.67,0,0.00,2,387.78,0,0,2,org.apache.lucene.index.TokenFilter,0.00,3,1,3,0,3,2,0,1,89,1
"org.apache.lucene.analysis.core.TestClassicAnalyzer",28,0.26,1.07,147,2.11,61058.32,29,1,17,55,14,158.51,56,192,0,3,118.62,0.00,0.67,0.75,0,0.00,2,6323.99,2,0,14,org.apache.lucene.analysis.BaseTokenStreamTestCase,0.00,27,2,30,0,27,28,0,40,1311,1
"org.apache.lucene.analysis.core.TestKeywordAnalyzer",4,0.33,1.00,37,0.57,13920.76,6,2,16,29,17,107.75,16,50,0,3,107.52,0.00,0.67,0.25,0,6.00,1,1722.38,2,0,17,org.apache.lucene.analysis.BaseTokenStreamTestCase,0.00,25,2,4,0,25,4,0,3,337,1
"org.apache.lucene.analysis.core.TestStandardAnalyzer",30,0.00,1.00,100,1.71,29737.42,30,0,10,42,5,179.61,43,157,0,3,129.61,0.00,0.67,0.00,0,30.00,1,5140.17,2,0,5,org.apache.lucene.analysis.BaseTokenStreamTestCase,0.00,12,2,30,0,12,30,0,22,1110,1
"org.apache.lucene.analysis.core.TestStandardAnalyzer$Analyzer",1,0.00,1.00,4,0.04,637.60,1,0,10,3,2,126.46,0,7,0,1,126.46,0.00,0.00,0.00,0,1.00,1,122.69,0,1,2,java.lang.Object,0.00,2,0,1,0,2,0,0,0,31,0
"org.apache.lucene.analysis.core.TestStopAnalyzer",4,0.17,2.25,47,0.70,21209.79,6,2,10,23,5,102.64,0,57,0,3,102.64,0.00,0.67,0.38,0,4.00,3,2110.78,1,0,5,org.apache.lucene.analysis.BaseTokenStreamTestCase,0.00,19,2,9,0,19,4,0,0,396,1
"org.apache.lucene.analysis.core.TestStopFilter",6,0.00,3.00,91,1.49,108493.27,6,0,11,33,7,143.35,10,82,0,3,93.35,0.00,0.67,0.00,2,6.00,8,4483.30,1,0,7,org.apache.lucene.analysis.BaseTokenStreamTestCase,0.00,27,2,18,0,27,6,0,8,773,1
"org.apache.lucene.analysis.core.TestUAX29URLEmailTokenizer",33,0.00,1.45,192,3.08,111954.90,33,0,17,58,8,167.04,45,295,0,3,117.04,0.00,0.67,0.00,0,33.00,6,9246.94,2,0,8,org.apache.lucene.analysis.BaseTokenStreamTestCase,0.00,25,2,48,0,25,33,0,24,1805,1
"org.apache.lucene.analysis.core.TestUAX29URLEmailTokenizer$Analyzer",1,0.00,1.00,4,0.04,637.60,1,0,17,3,2,126.46,0,7,0,1,126.46,0.00,0.00,0.00,0,1.00,1,122.69,0,1,2,java.lang.Object,0.00,2,0,1,0,2,0,0,0,31,0
"org.apache.lucene.analysis.core.TestUAX29URLEmailTokenizer$Analyzer_0",1,0.00,1.00,6,0.07,1391.23,1,0,17,5,2,167.22,1,8,0,1,117.22,0.00,0.00,0.00,0,1.00,1,212.33,0,1,2,java.lang.Object,0.00,4,0,1,0,4,0,0,1,48,0
"org.apache.lucene.analysis.core.TestUAX29URLEmailTokenizer$Analyzer_1",1,0.00,1.00,5,0.06,985.07,1,0,17,4,2,121.35,0,7,0,1,121.35,0.00,0.00,0.00,0,1.00,1,166.12,0,1,2,java.lang.Object,0.00,3,0,1,0,3,0,0,0,40,0
"org.apache.lucene.analysis.core.TestUAX29URLEmailTokenizer$Analyzer_2",1,0.00,1.00,4,0.05,776.26,1,0,17,3,2,125.78,0,7,0,1,125.78,0.00,0.00,0.00,0,1.00,1,135.38,0,1,2,java.lang.Object,0.00,2,0,1,0,2,0,0,0,33,0
"org.apache.lucene.analysis.core.TestUAX29URLEmailTokenizer$EmailFilter",2,1.00,2.00,11,0.12,3072.71,3,1,17,3,4,119.67,0,17,0,4,119.67,0.00,0.75,0.50,0,2.00,3,348.78,0,0,4,org.apache.lucene.analysis.TokenFilter,0.29,1,3,4,0,1,2,0,0,79,1
"org.apache.lucene.analysis.core.TestUAX29URLEmailTokenizer$URLFilter",2,1.00,2.00,11,0.12,3072.71,3,1,17,3,4,119.67,0,17,0,4,119.67,0.00,0.75,0.50,0,2.00,3,348.78,0,0,4,org.apache.lucene.analysis.TokenFilter,0.29,1,3,4,0,1,2,0,0,79,1
"org.apache.lucene.analysis.core.WhitespaceAnalyzer",2,1.00,1.00,6,0.06,859.98,3,1,4,4,14,84.36,16,11,11,2,132.46,0.00,0.50,0.50,0,2.00,1,182.93,0,1,3,org.apache.lucene.analysis.Analyzer,0.00,2,1,2,0,2,1,0,2,49,2
"org.apache.lucene.analysis.core.WhitespaceTokenizer",4,0.00,1.00,9,0.08,841.43,4,0,5,5,31,97.35,44,15,28,5,141.48,0.00,0.80,0.00,0,4.00,1,247.88,0,0,3,org.apache.lucene.analysis.util.CharTokenizer,0.17,1,4,4,0,1,4,0,5,70,2
"org.apache.lucene.demo.xmlparser.FormBasedXmlQueryDemo",3,0.62,3.67,60,1.04,43530.78,7,4,30,42,16,110.01,11,75,0,2,89.40,0.00,0.50,0.67,1,0.00,6,3127.69,1,0,16,javax.servlet.http.HttpServlet,0.00,39,1,11,0,39,3,0,11,528,1
"org.apache.lucene.facet.search.results.FacetResult",6,3.00,1.33,27,0.29,10374.20,9,3,1,10,40,80.69,47,39,38,1,122.98,0.00,0.00,0.00,1,6.00,3,874.17,0,3,2,java.lang.Object,0.00,4,0,8,1,4,3,0,9,206,1
"org.apache.lucene.facet.search.results.FacetResultNode",9,0.00,1.00,10,0.06,338.07,9,0,6,9,36,110.49,78,11,32,1,158.60,0.00,0.00,0.00,0,9.00,1,165.54,0,3,5,,0.00,0,0,9,0,0,6,0,11,62,1
"org.apache.lucene.facet.search.results.IntermediateFacetResult",1,0.00,1.00,2,0.01,23.00,1,0,2,1,9,186.08,30,3,8,1,149.05,0.00,0.00,0.00,0,1.00,1,18.00,0,1,2,,0.00,0,0,1,0,0,0,0,3,9,1
"org.apache.lucene.facet.search.results.MutableFacetResultNode",25,0.04,1.68,107,1.19,44569.95,31,6,5,45,8,90.60,151,146,5,1,122.82,0.00,0.00,0.13,5,184.00,4,3563.04,0,6,3,java.lang.Object,0.00,20,0,42,0,20,19,1,25,799,1
"org.apache.lucene.analysis.icu.GenerateJFlexSupplementaryMacros",3,0.12,2.67,53,0.88,30932.28,7,4,8,21,1,143.27,4,74,1,1,93.27,0.00,0.00,0.33,2,5.00,6,2632.09,0,0,0,java.lang.Object,0.00,18,0,8,0,18,3,0,4,481,1
"org.apache.lucene.analysis.icu.ICUFoldingFilter",1,0.00,1.00,4,0.06,1088.65,2,1,2,3,4,90.92,42,8,2,5,124.63,0.00,0.80,1.00,0,0.00,1,175.42,0,0,2,org.apache.lucene.analysis.icu.ICUNormalizer2Filter,0.00,2,4,1,0,2,1,0,2,43,2
"org.apache.lucene.analysis.icu.ICUNormalizer2Filter",3,0.00,1.67,18,0.20,3972.84,6,3,6,11,9,73.14,35,25,6,4,117.27,0.33,0.60,0.33,0,4.00,3,590.01,0,0,3,org.apache.lucene.analysis.TokenFilter,0.27,8,3,5,1,8,3,0,3,133,1
"org.apache.lucene.analysis.icu.ICUTransformFilter",2,0.50,2.50,24,0.31,9169.08,6,4,8,12,6,148.97,47,31,3,4,101.70,0.00,0.75,0.50,0,2.00,3,937.17,0,0,3,org.apache.lucene.analysis.TokenFilter,0.29,10,3,5,0,10,2,0,9,192,2
"org.apache.lucene.analysis.icu.ICUTransformFilter$ReplaceableTermAttribute",10,0.15,1.20,37,0.46,13376.22,13,3,8,18,1,128.54,7,51,0,1,128.54,0.00,0.00,0.47,3,0.00,3,1371.29,0,0,1,java.lang.Object,0.00,8,0,12,0,8,10,1,7,322,1
"org.apache.lucene.analysis.icu.RBBIRuleCompiler",3,0.00,3.00,37,0.56,23611.59,3,0,9,27,0,100.05,13,46,0,1,99.81,0.00,0.00,0.00,2,3.00,4,1693.62,0,1,0,java.lang.Object,0.00,24,0,9,0,24,2,0,3,311,1
"org.apache.lucene.analysis.icu.RBBIRuleCompiler$FilenameFilter",1,0.00,1.00,3,0.02,217.60,1,0,9,2,0,134.79,0,3,0,1,134.79,0.00,0.00,0.00,0,1.00,1,68.92,0,0,0,java.lang.Object,0.00,1,0,1,0,1,1,0,0,20,0
"org.apache.lucene.analysis.icu.TestICUFoldingFilter",2,0.00,1.00,19,0.29,6309.18,2,0,4,3,2,59.75,17,23,0,3,107.85,0.00,0.67,0.00,0,2.00,1,870.18,2,0,2,org.apache.lucene.analysis.BaseTokenStreamTestCase,0.00,1,2,2,0,1,2,0,15,173,1
"org.apache.lucene.analysis.icu.TestICUFoldingFilter$Analyzer",1,0.00,1.00,4,0.05,771.22,1,0,4,4,3,125.81,0,6,0,1,125.81,0.00,0.00,0.00,0,1.00,1,141.98,0,1,3,java.lang.Object,0.00,3,0,1,0,3,0,0,0,35,0
"org.apache.lucene.analysis.icu.TestICUNormalizer2Filter",3,0.00,1.00,16,0.20,3374.61,3,0,5,5,2,141.52,11,21,0,3,120.90,0.00,0.67,0.00,0,3.00,1,588.94,2,0,2,org.apache.lucene.analysis.BaseTokenStreamTestCase,0.00,2,2,3,0,2,3,0,9,132,1
"org.apache.lucene.analysis.icu.TestICUNormalizer2Filter$Analyzer",1,0.00,1.00,4,0.05,771.22,1,0,5,4,3,125.81,0,6,0,1,125.81,0.00,0.00,0.00,0,1.00,1,141.98,0,1,3,java.lang.Object,0.00,3,0,1,0,3,0,0,0,35,0
"org.apache.lucene.analysis.icu.TestICUNormalizer2Filter$Analyzer_0",1,0.00,1.00,4,0.07,1210.23,1,0,5,5,3,174.26,1,8,0,1,124.26,0.00,0.00,0.00,0,1.00,1,207.71,0,1,3,java.lang.Object,0.00,4,0,1,0,4,0,0,1,46,0
"org.apache.lucene.analysis.icu.TestICUTransformFilter",8,0.00,1.00,35,0.51,8092.56,8,0,11,18,7,174.88,8,51,0,3,124.88,0.00,0.67,0.00,1,8.00,1,1519.76,2,0,7,org.apache.lucene.analysis.BaseTokenStreamTestCase,0.00,10,2,8,0,10,8,0,6,329,1
"org.apache.lucene.analysis.icu.TestICUTransformFilter$Analyzer",1,0.00,1.00,4,0.05,790.45,1,0,11,4,3,125.72,0,6,0,1,125.72,0.00,0.00,0.00,0,1.00,1,148.55,0,1,3,java.lang.Object,0.00,3,0,1,0,3,0,0,0,36,0
"org.apache.solr.search.grouping.distributed.command.QueryCommand",6,0.12,1.33,32,0.34,7627.69,14,8,11,14,14,120.42,3,40,1,1,120.42,0.00,0.00,0.23,0,14.00,2,1020.69,0,5,13,java.lang.Object,0.00,8,0,8,0,8,1,1,1,226,1
"org.apache.solr.search.grouping.distributed.command.QueryCommand$Builder",8,0.02,1.12,32,0.28,4795.21,14,6,11,13,7,166.53,16,42,0,1,126.64,0.00,0.00,0.15,2,16.00,2,840.24,0,8,7,java.lang.Object,0.00,5,0,9,0,5,0,0,2,209,2
"org.apache.solr.search.grouping.distributed.command.QueryCommandResult",3,0.25,1.00,10,0.06,680.40,5,2,1,3,5,184.65,3,14,4,1,134.65,0.00,0.00,0.33,0,5.00,1,175.05,0,1,1,java.lang.Object,0.00,0,0,3,0,0,2,0,1,52,1
"org.apache.solr.search.grouping.distributed.command.SearchGroupsFieldCommand",6,0.05,1.00,21,0.20,3058.84,10,4,11,10,9,131.88,3,28,2,1,131.88,0.00,0.00,0.29,0,10.00,1,604.53,0,5,7,java.lang.Object,0.00,4,0,6,0,4,1,1,1,148,1
"org.apache.solr.search.grouping.distributed.command.SearchGroupsFieldCommand$Builder",4,0.11,1.25,17,0.13,2389.73,7,3,11,6,3,126.63,0,23,0,1,126.63,0.00,0.00,0.25,0,6.00,2,383.69,0,3,3,java.lang.Object,0.00,2,0,5,0,2,1,0,0,101,2
"org.apache.solr.search.grouping.distributed.command.TopGroupsFieldCommand",6,0.18,1.33,41,0.47,12164.65,16,10,13,14,11,115.87,3,59,2,1,115.87,0.00,0.00,0.25,0,10.00,2,1397.04,0,5,9,java.lang.Object,0.00,8,0,8,0,8,1,1,1,298,1
"org.apache.solr.search.grouping.distributed.command.TopGroupsFieldCommand$Builder",9,0.02,1.11,37,0.32,6215.21,17,8,13,11,4,126.16,0,49,0,1,126.16,0.00,0.00,0.11,0,16.00,2,965.52,0,8,4,java.lang.Object,0.00,2,0,10,0,2,1,0,0,237,2
"org.apache.lucene.analysis.ru.Deprecated",2,0.00,1.00,9,0.12,2023.94,2,0,4,4,1,164.76,4,15,0,3,124.88,0.00,0.67,0.00,0,2.00,1,366.29,1,0,1,org.apache.lucene.analysis.BaseTokenStreamTestCase,0.00,2,2,2,0,2,2,0,1,83,1
"org.apache.lucene.analysis.ru.RussianAnalyzer",5,0.33,2.40,30,0.77,25247.08,8,3,17,18,14,64.13,53,57,1,3,112.61,0.00,0.67,0.07,0,8.00,4,2299.58,0,2,13,org.apache.lucene.analysis.util.StopwordAnalyzerBase,0.00,13,2,12,0,13,3,0,7,406,2
"org.apache.lucene.analysis.ru.RussianAnalyzer$DefaultSetHolder",0,0.00,0.00,7,0.11,2379.54,2,2,17,3,3,171.00,3,15,0,1,171.00,0.00,0.00,0.00,0,0.00,0,316.83,0,0,3,java.lang.Object,0.00,3,0,0,0,3,0,0,3,69,2
"org.apache.lucene.analysis.ru.RussianLightStemFilter",2,0.33,2.00,14,0.16,3794.18,5,3,6,9,8,113.74,9,20,2,4,113.50,0.00,0.75,0.50,0,2.00,3,481.98,0,0,6,org.apache.lucene.analysis.TokenFilter,0.29,7,3,4,0,7,2,0,1,107,2
"org.apache.lucene.analysis.ru.RussianLightStemmer",3,0.00,3.67,16,0.90,58382.96,3,0,1,4,1,150.74,7,83,1,1,110.85,0.00,0.00,0.00,1,3.00,6,2714.52,0,0,0,java.lang.Object,0.00,1,0,11,0,1,3,0,1,454,1
"org.apache.lucene.analysis.ru.TestRussianAnalyzer",5,0.00,1.00,19,0.30,4740.66,5,0,5,9,4,179.76,6,32,0,3,129.76,0.00,0.67,0.00,0,5.00,1,894.51,3,0,4,org.apache.lucene.analysis.BaseTokenStreamTestCase,0.00,4,2,5,0,4,5,0,4,191,1
"org.apache.lucene.analysis.ru.TestRussianLightStemFilter",2,0.00,1.00,7,0.06,643.14,2,0,7,4,4,173.34,5,11,0,3,133.46,0.00,0.67,0.00,0,2.00,1,171.82,1,0,4,org.apache.lucene.analysis.BaseTokenStreamTestCase,0.00,2,2,2,0,2,2,0,3,46,1
"org.apache.lucene.analysis.ru.TestRussianLightStemFilter$Analyzer",1,0.00,1.00,4,0.05,1009.20,1,0,7,4,3,124.89,0,7,0,1,124.89,0.00,0.00,0.00,0,1.00,1,159.62,0,1,3,java.lang.Object,0.00,3,0,1,0,3,0,0,0,38,0
"org.apache.solr.client.solrj.impl.BinaryRequestWriter",5,0.00,1.80,27,0.33,11727.34,5,0,9,17,7,158.14,10,44,2,2,118.25,0.00,0.50,0.00,0,5.00,3,987.11,2,4,5,org.apache.solr.client.solrj.request.RequestWriter,0.17,12,1,9,0,12,1,0,2,213,1
"org.apache.solr.client.solrj.impl.BinaryRequestWriter$BAOS",1,0.00,1.00,3,0.02,120.56,1,0,9,1,0,136.81,0,6,0,2,136.81,0.00,0.50,0.00,0,1.00,1,47.15,0,0,0,java.io.ByteArrayOutputStream,0.00,0,1,1,0,0,1,0,0,16,0
"org.apache.solr.client.solrj.impl.BinaryRequestWriter$ContentStream",6,0.00,1.00,13,0.09,945.01,6,0,9,11,0,142.47,1,20,0,1,142.47,0.00,0.00,0.00,0,6.00,1,259.04,0,6,0,java.lang.Object,0.00,5,0,6,0,5,0,0,1,76,0
"org.apache.solr.client.solrj.impl.BinaryResponseParser",4,0.00,1.25,11,0.13,2782.32,4,0,7,8,10,187.34,4,22,6,2,137.34,1.00,0.33,0.00,0,4.00,2,399.44,0,4,4,org.apache.solr.client.solrj.ResponseParser,0.50,4,1,5,1,4,0,0,1,95,1
"org.apache.solr.client.solrj.impl.CloudSolrServer",8,0.02,2.50,60,0.85,33821.05,15,7,21,33,12,131.33,26,80,1,2,110.71,0.00,0.50,0.16,1,14.00,7,2551.93,0,1,11,org.apache.solr.client.solrj.SolrServer,0.00,25,1,20,0,25,7,0,15,485,1
"org.apache.solr.client.solrj.impl.CommonsHttpSolrServer",31,0.02,2.42,221,3.48,302306.00,43,12,34,121,37,75.64,191,319,20,2,107.86,1.00,0.33,0.07,6,317.00,38,10448.34,0,9,17,org.apache.solr.client.solrj.SolrServer,0.00,90,1,75,1,90,22,0,61,1693,1
"org.apache.solr.client.solrj.impl.CommonsHttpSolrServer$Iterator<SolrInputDocument>",3,0.00,1.33,9,0.07,1088.73,3,0,34,8,1,132.98,0,12,0,1,132.98,0.00,0.00,0.00,0,3.00,2,203.06,0,1,1,java.lang.Object,0.00,5,0,4,0,5,2,0,0,57,0
"org.apache.solr.client.solrj.impl.CommonsHttpSolrServer$PartSource",3,0.00,1.00,7,0.05,616.70,3,0,34,6,0,141.56,0,12,0,1,141.56,0.00,0.00,0.00,0,3.00,1,155.65,0,2,0,java.lang.Object,0.00,3,0,3,0,3,1,0,0,45,0
"org.apache.solr.client.solrj.impl.CommonsHttpSolrServer$RequestEntity",4,0.00,1.00,9,0.07,700.55,4,0,34,6,1,142.10,0,13,0,1,142.10,0.00,0.00,0.00,0,4.00,1,195.43,0,1,1,java.lang.Object,0.00,2,0,4,0,2,3,0,0,56,0
"org.apache.solr.client.solrj.impl.LBHttpSolrServer",22,0.00,2.86,188,2.48,169733.96,33,11,15,75,15,88.59,115,264,6,2,106.46,0.00,0.50,0.09,7,214.00,14,7454.70,1,8,9,org.apache.solr.client.solrj.SolrServer,0.00,53,1,63,0,53,14,0,43,1411,1
"org.apache.solr.client.solrj.impl.LBHttpSolrServer$Req",5,0.17,1.00,16,0.12,1740.20,8,3,15,6,1,133.19,3,22,0,1,133.19,0.00,0.00,0.20,0,14.00,1,353.83,0,2,1,java.lang.Object,0.00,1,0,5,0,1,3,0,2,95,2
"org.apache.solr.client.solrj.impl.LBHttpSolrServer$Rsp",2,0.00,1.00,7,0.04,467.32,4,2,15,2,1,184.55,2,10,0,1,134.55,0.00,0.00,0.50,0,2.00,1,130.59,0,2,1,java.lang.Object,0.00,0,0,2,0,0,0,0,2,37,2
"org.apache.solr.client.solrj.impl.LBHttpSolrServer$Runnable",1,0.00,3.00,7,0.07,1705.89,1,0,15,3,1,113.77,0,9,0,1,113.77,0.00,0.00,0.00,0,1.00,3,202.51,0,0,1,java.lang.Object,0.00,2,0,3,0,2,1,0,0,47,0
"org.apache.solr.client.solrj.impl.LBHttpSolrServer$ServerWrapper",5,0.15,1.40,18,0.17,3194.93,10,5,15,9,1,181.03,5,27,0,1,131.03,0.00,0.00,0.08,1,7.00,3,508.24,0,2,1,java.lang.Object,0.00,4,0,7,0,4,3,0,5,128,2
"org.apache.solr.client.solrj.impl.StreamingBinaryResponseParser",2,1.00,1.50,9,0.11,2707.03,3,1,10,5,9,144.40,7,17,1,3,123.79,0.00,0.67,0.00,0,2.00,2,325.76,0,1,8,org.apache.solr.client.solrj.impl.BinaryResponseParser,0.00,3,2,3,0,3,1,0,1,73,1
"org.apache.solr.client.solrj.impl.StreamingBinaryResponseParser$JavaBinCodec",2,0.00,2.00,22,0.31,13189.69,2,0,10,14,3,151.92,2,28,0,1,101.92,0.00,0.00,0.00,0,0.00,3,920.45,1,2,3,java.lang.Object,0.00,12,0,4,0,12,0,0,2,172,0
"org.apache.solr.client.solrj.impl.StreamingUpdateSolrServer",5,0.21,3.40,69,0.87,52322.36,12,7,22,33,9,49.41,44,92,1,3,97.51,0.00,0.67,0.31,1,1.00,11,2623.01,1,1,8,org.apache.solr.client.solrj.impl.CommonsHttpSolrServer,0.00,28,2,17,0,28,4,0,22,468,1
"org.apache.solr.client.solrj.impl.StreamingUpdateSolrServer$Runner",1,0.00,6.00,34,0.48,23694.40,2,1,22,21,0,36.72,7,50,0,1,79.01,0.00,0.00,1.00,0,0.00,6,1440.83,0,0,0,java.lang.Object,0.00,20,0,6,0,20,1,1,7,237,0
"org.apache.solr.client.solrj.impl.StreamingUpdateSolrServer$Runner$RequestEntity",4,0.00,2.50,30,0.38,15257.99,4,0,22,13,4,111.06,3,37,0,1,111.06,0.00,0.00,0.00,0,6.00,7,1129.09,0,1,4,java.lang.Object,0.00,9,0,10,0,9,3,0,3,207,0
"org.apache.solr.client.solrj.impl.XMLResponseParser",5,0.25,3.00,48,0.62,29561.45,8,3,20,14,12,126.07,19,82,4,2,105.45,0.00,0.50,0.13,1,7.00,9,1860.24,0,4,8,org.apache.solr.client.solrj.ResponseParser,0.22,9,1,15,0,9,1,0,13,359,1
"org.apache.solr.client.solrj.impl.XMLResponseParser$KnownType",15,1.00,4.13,207,3.19,703742.07,16,1,20,60,5,142.34,27,240,0,1,92.34,0.00,0.00,0.00,0,15.00,47,9555.28,0,14,5,java.lang.Object,0.00,45,0,62,0,45,1,0,19,1487,1
"org.apache.lucene.analysis.fi.FinnishAnalyzer",5,0.50,1.80,21,0.29,7141.30,7,2,17,16,14,75.46,42,31,1,3,123.56,0.00,0.67,0.10,0,8.00,3,866.52,0,2,13,org.apache.lucene.analysis.util.StopwordAnalyzerBase,0.00,11,2,9,0,11,3,0,8,192,2
"org.apache.lucene.analysis.fi.FinnishAnalyzer$DefaultSetHolder",0,0.00,0.00,6,0.05,843.89,1,1,17,0,2,171.00,2,11,0,1,171.00,0.00,0.00,0.00,0,0.00,0,162.56,0,0,2,java.lang.Object,0.00,0,0,0,0,0,0,0,2,40,2
"org.apache.lucene.analysis.fi.FinnishLightStemFilter",2,0.33,2.00,14,0.16,3794.18,5,3,6,9,8,113.74,9,20,2,4,113.50,0.00,0.75,0.50,0,2.00,3,481.98,0,0,6,org.apache.lucene.analysis.TokenFilter,0.29,7,3,4,0,7,2,0,1,107,2
"org.apache.lucene.analysis.fi.FinnishLightStemmer",7,0.00,7.57,87,1.54,105769.25,7,0,1,8,1,147.37,8,162,1,1,97.37,0.00,0.00,0.00,0,7.00,20,4626.21,0,0,0,java.lang.Object,0.00,1,0,53,0,1,7,0,2,880,1
"org.apache.lucene.analysis.fi.TestFinnishAnalyzer",4,0.00,1.00,16,0.17,3088.17,4,0,5,8,3,175.80,7,22,0,3,125.80,0.00,0.67,0.00,0,4.00,1,522.25,3,0,3,org.apache.lucene.analysis.BaseTokenStreamTestCase,0.00,4,2,4,0,4,4,0,6,121,1
"org.apache.lucene.analysis.fi.TestFinnishLightStemFilter",2,0.00,1.00,7,0.06,643.14,2,0,7,4,4,173.34,5,11,0,3,133.46,0.00,0.67,0.00,0,2.00,1,171.82,1,0,4,org.apache.lucene.analysis.BaseTokenStreamTestCase,0.00,2,2,2,0,2,2,0,3,46,1
"org.apache.lucene.analysis.fi.TestFinnishLightStemFilter$Analyzer",1,0.00,1.00,4,0.05,1009.20,1,0,7,4,3,124.89,0,7,0,1,124.89,0.00,0.00,0.00,0,1.00,1,159.62,0,1,3,java.lang.Object,0.00,3,0,1,0,3,0,0,0,38,0
"org.apache.lucene.benchmark.BenchmarkTestCase",7,0.42,1.57,42,0.48,14526.00,9,2,8,25,11,165.75,7,52,10,2,115.75,10.00,0.08,0.14,3,12.00,3,1442.44,0,5,1,org.apache.lucene.util.LuceneTestCase,0.00,18,1,11,10,18,2,0,7,316,2
"org.apache.lucene.benchmark.Constants",0,0.00,0.00,6,0.09,2063.23,5,5,0,0,0,171.00,19,8,0,1,171.00,0.00,0.00,0.00,0,0.00,0,275.10,0,0,0,java.lang.Object,0.00,0,0,0,0,0,0,0,2,60,1
"org.apache.solr.client.solrj.response.AnalysisResponseBase",2,0.00,2.50,24,0.40,15593.81,2,0,4,11,6,126.12,64,27,4,3,99.89,1.00,0.40,0.00,1,2.00,3,1185.45,0,1,2,org.apache.solr.client.solrj.response.SolrResponseBase,0.00,9,2,5,2,9,1,0,6,234,1
"org.apache.solr.client.solrj.response.AnalysisResponseBase$AnalysisPhase",4,0.17,1.00,11,0.08,1212.46,6,2,4,6,0,180.11,10,16,0,1,140.23,0.00,0.00,0.38,0,6.00,1,252.34,0,2,0,java.lang.Object,0.00,2,0,4,0,2,2,0,2,69,2
"org.apache.solr.client.solrj.response.AnalysisResponseBase$TokenInfo",8,0.02,1.00,30,0.20,3164.09,15,7,4,8,0,100.53,51,39,0,1,132.75,0.00,0.00,0.12,0,50.00,1,605.15,0,3,0,java.lang.Object,0.00,0,0,8,0,0,5,0,8,162,2
"org.apache.solr.client.solrj.response.CoreAdminResponse",4,0.00,1.50,15,0.17,3749.11,4,0,2,6,5,179.71,5,28,3,3,129.71,0.00,0.67,0.00,1,4.00,2,522.91,1,4,2,org.apache.solr.client.solrj.response.SolrResponseBase,0.00,2,2,6,0,2,0,0,1,125,1
"org.apache.solr.client.solrj.response.DocumentAnalysisResponse",4,0.00,2.00,33,0.72,43088.71,5,1,5,23,4,55.40,37,46,2,4,105.40,0.00,0.75,1.00,0,0.00,5,2172.86,2,1,2,org.apache.solr.client.solrj.response.AnalysisResponseBase,0.00,19,3,8,0,19,3,1,8,403,1
"org.apache.solr.client.solrj.response.DocumentAnalysisResponse$DocumentAnalysis",6,0.10,1.00,15,0.16,3192.78,8,2,5,13,0,178.19,15,22,0,1,138.30,0.00,0.00,0.42,0,2.00,1,479.96,0,2,0,java.lang.Object,0.00,7,0,6,0,7,4,1,3,124,2
"org.apache.solr.client.solrj.response.DocumentAnalysisResponse$FieldAnalysis",10,0.07,1.10,24,0.26,4328.00,13,3,5,16,0,139.22,43,35,0,1,138.99,0.00,0.00,0.27,0,30.00,2,767.08,0,1,0,java.lang.Object,0.00,6,0,11,0,6,9,0,7,197,2
"org.apache.solr.client.solrj.response.DocumentAnalysisResponseTest",2,0.00,1.00,83,1.23,71205.11,2,0,5,24,3,42.78,12,87,0,2,75.00,0.00,0.50,0.00,1,2.00,1,3698.68,0,1,3,org.apache.lucene.util.LuceneTestCase,0.00,22,1,2,0,22,1,0,5,649,1
"org.apache.solr.client.solrj.response.DocumentAnalysisResponseTest$DocumentAnalysisResponse",1,0.00,1.00,3,0.04,562.00,1,0,5,1,1,131.55,0,5,0,1,131.55,0.00,0.00,0.00,0,1.00,1,108.00,0,1,1,java.lang.Object,0.00,0,0,1,0,0,0,0,0,29,0
"org.apache.solr.client.solrj.response.FacetField",11,0.10,1.64,41,0.41,10016.23,15,4,6,16,5,169.67,23,66,4,1,129.79,0.00,0.00,0.34,0,6.00,4,1236.12,0,6,1,java.lang.Object,0.00,5,0,18,0,5,5,1,6,291,1
"org.apache.solr.client.solrj.response.FacetField$Count",8,0.19,1.12,24,0.19,2351.93,11,3,6,11,2,133.74,1,42,0,1,133.74,0.00,0.00,0.50,0,0.00,2,562.63,0,3,2,java.lang.Object,0.00,3,0,9,0,3,5,1,1,149,2
"org.apache.solr.client.solrj.response.FacetFieldTest",1,0.00,1.00,7,0.08,1342.39,1,0,1,7,1,114.84,0,9,0,2,114.84,0.00,0.50,0.00,0,1.00,1,227.28,0,0,1,org.apache.lucene.util.LuceneTestCase,0.00,6,1,1,0,6,1,0,0,55,1
"org.apache.solr.client.solrj.response.FieldAnalysisResponse",8,0.00,1.38,34,0.61,23960.90,10,2,4,19,3,88.87,49,48,1,4,121.09,0.00,0.75,0.50,0,2.00,3,1840.22,1,0,2,org.apache.solr.client.solrj.response.AnalysisResponseBase,0.00,11,3,11,0,11,8,0,10,393,1
"org.apache.solr.client.solrj.response.FieldAnalysisResponse$Analysis",7,0.25,1.14,16,0.13,1892.96,9,2,4,8,0,140.82,29,24,0,1,140.59,0.00,0.00,0.29,0,19.00,2,392.19,0,0,0,java.lang.Object,0.00,1,0,8,0,1,7,0,5,108,2
"org.apache.solr.client.solrj.response.FieldStatsInfo",11,0.16,2.73,85,1.18,66626.41,21,10,6,28,3,109.46,6,117,2,1,109.46,0.00,0.00,0.25,0,38.00,13,3553.17,0,10,1,java.lang.Object,0.00,17,0,30,0,17,1,1,1,654,1
"org.apache.solr.client.solrj.response.Group",3,0.25,1.00,10,0.06,537.50,5,2,2,3,3,85.46,27,14,2,1,135.46,0.00,0.00,0.67,0,0.00,1,171.97,0,2,1,java.lang.Object,0.00,0,0,3,0,0,1,1,4,50,1
"org.apache.solr.client.solrj.response.GroupCommand",7,0.17,1.00,23,0.17,2191.57,11,4,3,9,3,85.44,62,31,2,1,133.55,0.00,0.00,0.39,0,10.00,1,496.55,0,3,1,java.lang.Object,0.00,2,0,7,0,2,4,1,8,130,1
"org.apache.solr.client.solrj.response.GroupResponse",2,0.00,1.00,6,0.06,926.50,3,1,3,4,2,83.73,21,9,1,1,132.21,0.00,0.00,1.00,0,0.00,1,172.98,0,1,1,java.lang.Object,0.00,2,0,2,0,2,1,1,3,46,1
"org.apache.solr.client.solrj.response.LukeResponse",10,0.07,2.00,51,0.72,39048.49,13,3,4,23,5,166.48,10,68,2,3,116.48,0.00,0.67,0.40,0,6.00,7,2148.72,1,9,3,org.apache.solr.client.solrj.response.SolrResponseBase,0.00,13,2,20,0,13,1,0,5,441,1
"org.apache.solr.client.solrj.response.LukeResponse$FieldInfo",11,0.06,1.91,55,0.61,22289.17,19,8,4,18,2,118.74,0,69,0,1,118.74,0.00,0.00,0.18,0,69.00,9,1828.57,0,6,2,java.lang.Object,0.00,7,0,21,0,7,5,1,0,381,2
"org.apache.solr.client.solrj.response.LukeResponse$FieldTypeInfo",7,0.10,1.71,32,0.38,14455.64,12,5,4,14,1,162.20,20,59,0,1,122.31,0.00,0.00,0.29,0,18.00,6,1132.28,0,4,1,java.lang.Object,0.00,7,0,12,0,7,3,1,1,236,2
"org.apache.solr.client.solrj.response.PivotField",7,0.38,1.43,31,0.27,5207.21,11,4,3,10,1,125.85,0,43,1,1,125.85,0.00,0.00,0.57,0,0.00,4,802.63,0,4,0,java.lang.Object,0.00,3,0,10,0,3,3,1,0,185,1
"org.apache.solr.client.solrj.response.QueryResponseTest",3,0.00,2.33,156,3.81,317735.07,3,0,11,45,8,87.84,9,164,0,2,67.22,0.00,0.50,0.00,0,3.00,4,11426.49,0,0,8,org.apache.lucene.util.LuceneTestCase,0.00,42,1,7,0,42,3,0,5,1728,1
"org.apache.solr.client.solrj.response.RangeFacet",9,0.02,1.00,34,0.32,8189.08,16,7,2,12,4,129.90,3,44,4,1,129.90,0.00,0.00,0.13,0,61.00,1,946.94,0,4,0,java.lang.Object,0.00,3,0,9,2,3,5,0,1,223,2
"org.apache.solr.client.solrj.response.RangeFacet$Count",4,0.11,1.00,14,0.09,1126.13,7,3,2,4,1,133.91,0,19,0,1,133.91,0.00,0.00,0.25,0,10.00,1,266.18,0,1,1,java.lang.Object,0.00,0,0,4,0,0,3,0,0,75,2
"org.apache.solr.client.solrj.response.RangeFacet$Date",1,0.00,1.00,3,0.06,940.86,1,0,2,1,1,129.79,0,5,0,2,129.79,0.00,0.50,0.00,0,1.00,1,190.39,0,0,1,org.apache.solr.client.solrj.response.RangeFacet,0.00,0,1,1,0,0,1,0,0,48,2
"org.apache.solr.client.solrj.response.RangeFacet$Numeric",1,0.00,1.00,3,0.04,551.26,1,0,2,1,1,131.61,0,5,0,2,131.61,0.00,0.50,0.00,0,1.00,1,131.73,0,0,1,org.apache.solr.client.solrj.response.RangeFacet,0.00,0,1,1,0,0,1,0,0,36,2
"org.apache.solr.client.solrj.response.SolrPingResponse",0,0.00,0.00,1,0.01,31.02,0,0,0,0,3,171.00,6,3,2,3,171.00,0.00,0.67,0.00,0,0.00,0,15.51,0,0,1,org.apache.solr.client.solrj.response.SolrResponseBase,0.00,0,2,0,0,0,0,0,2,6,1
"org.apache.solr.client.solrj.response.SolrResponseBase",10,0.19,1.20,32,0.26,4091.12,13,3,2,12,8,132.59,6,52,6,2,132.59,7.00,0.11,0.17,1,38.00,2,779.28,0,4,2,org.apache.solr.client.solrj.SolrResponse,0.31,2,1,12,7,2,6,0,2,199,1
"org.apache.solr.client.solrj.response.SpellCheckResponse",8,0.11,2.38,66,0.96,59038.69,12,4,5,35,3,146.54,20,82,2,1,106.65,0.00,0.00,0.34,0,12.00,10,2866.54,0,5,1,java.lang.Object,0.00,27,0,19,0,27,3,0,4,522,1
"org.apache.solr.client.solrj.response.SpellCheckResponse$Collation",6,0.20,1.00,18,0.13,1704.59,9,3,5,8,0,133.88,0,25,0,1,133.88,0.00,0.00,0.17,0,18.00,1,378.18,0,4,0,java.lang.Object,0.00,2,0,6,0,2,2,0,0,103,1
"org.apache.solr.client.solrj.response.SpellCheckResponse$Correction",5,0.38,1.00,14,0.08,1093.10,7,2,5,5,0,141.35,0,20,0,1,141.35,0.00,0.00,0.20,0,11.00,1,251.51,0,2,0,java.lang.Object,0.00,0,0,5,0,0,3,0,0,76,1
"org.apache.solr.client.solrj.response.SpellCheckResponse$Suggestion",10,0.08,1.80,53,0.65,35278.51,17,7,5,19,1,116.86,5,69,0,1,116.86,0.00,0.00,0.21,0,50.00,9,1948.45,0,5,1,java.lang.Object,0.00,9,0,18,0,9,5,0,5,384,2
"org.apache.solr.client.solrj.response.SuppressWarnings",4,0.00,1.50,56,0.82,30313.70,4,0,5,27,2,118.22,13,62,0,2,97.60,0.00,0.50,0.00,1,4.00,2,2447.72,0,1,2,org.apache.lucene.util.LuceneTestCase,0.00,23,1,6,0,23,3,0,4,463,1
"org.apache.solr.client.solrj.response.SuppressWarnings$AnalysisResponseBase",1,0.00,1.00,3,0.02,175.12,1,0,5,1,1,135.54,0,5,0,1,135.54,0.00,0.00,0.00,0,1.00,1,54.60,0,1,1,java.lang.Object,0.00,0,0,1,0,0,0,0,0,17,0
"org.apache.solr.client.solrj.response.SuppressWarnings$FieldAnalysisResponse",1,0.00,1.00,3,0.04,562.00,1,0,6,1,1,131.55,0,5,0,1,131.55,0.00,0.00,0.00,0,1.00,1,108.00,0,1,1,java.lang.Object,0.00,0,0,1,0,0,0,0,0,29,0
"org.apache.solr.client.solrj.response.TermsResponse",3,0.00,1.67,22,0.28,8799.73,4,1,5,14,3,151.94,8,22,2,1,112.05,0.00,0.00,1.00,0,0.00,3,830.24,0,2,1,java.lang.Object,0.00,11,0,5,0,11,1,0,2,177,1
"org.apache.solr.client.solrj.response.TermsResponse$Term",6,0.40,1.00,16,0.10,1236.68,8,2,5,6,0,141.55,0,23,0,1,141.55,0.00,0.00,0.17,0,14.00,1,306.51,0,1,0,java.lang.Object,0.00,0,0,6,0,0,5,0,0,90,2
"org.apache.solr.client.solrj.response.TermsResponseTest",3,0.00,1.00,29,0.40,11230.21,3,0,11,25,5,157.27,3,37,0,4,107.27,0.00,0.75,0.00,0,3.00,1,1207.50,7,0,5,org.apache.solr.SolrJettyTestBase,0.06,22,3,3,0,22,3,0,1,228,1
"org.apache.solr.client.solrj.response.TestSpellCheckResponse",4,0.67,2.25,102,1.85,103948.63,5,1,13,40,8,104.52,13,118,0,4,83.90,0.00,0.75,0.50,0,0.00,6,5535.82,2,0,8,org.apache.solr.SolrJettyTestBase,0.00,36,3,9,0,36,4,0,8,898,1
"org.apache.solr.client.solrj.response.UpdateResponse",0,0.00,0.00,1,0.01,31.02,0,0,0,0,9,171.00,7,3,8,3,171.00,0.00,0.67,0.00,0,0.00,0,15.51,0,0,1,org.apache.solr.client.solrj.response.SolrResponseBase,0.00,0,2,0,0,0,0,0,2,6,1
"org.apache.lucene.search.suggest.Average",3,0.25,1.33,17,0.19,9141.51,5,2,2,7,2,117.66,12,29,2,1,117.43,0.00,0.00,0.33,0,4.00,2,566.20,0,2,0,java.lang.Object,0.00,4,0,4,0,4,1,0,4,131,1
"org.apache.lucene.search.suggest.BufferingTermFreqIteratorWrapper",6,0.20,1.17,23,0.20,3981.52,9,3,3,14,3,130.95,5,31,2,1,130.95,0.00,0.00,0.50,0,0.00,2,612.48,0,2,1,java.lang.Object,0.00,8,0,7,2,8,4,1,3,151,1
"org.apache.lucene.search.suggest.BufferingTermFreqIteratorWrapper$Entry",2,0.50,1.00,8,0.07,1070.25,4,2,3,3,0,127.06,0,11,0,1,127.06,0.00,0.00,0.25,0,2.00,1,205.19,0,0,0,java.lang.Object,0.00,1,0,2,0,1,2,1,0,56,3
"org.apache.lucene.search.suggest.FileDictionary",3,0.17,1.00,11,0.08,844.02,6,3,3,6,3,154.53,11,15,1,1,133.92,0.00,0.00,0.22,0,1.00,1,244.39,0,1,2,java.lang.Object,0.00,3,0,3,0,3,2,1,2,66,1
"org.apache.lucene.search.suggest.FileDictionary$fileIterator",4,0.67,2.25,24,0.21,7097.10,5,1,3,7,1,116.20,0,34,0,1,116.20,0.00,0.00,0.50,1,2.00,5,620.75,0,1,1,java.lang.Object,0.00,3,0,9,0,3,3,1,0,134,1
"org.apache.lucene.search.suggest.Ignore",10,0.07,2.10,85,1.52,56734.73,20,10,19,53,7,107.82,40,120,0,2,107.58,0.00,0.50,0.16,3,54.00,4,4569.37,0,2,7,org.apache.lucene.util.LuceneTestCase,0.00,43,1,21,0,43,8,0,14,834,1
"org.apache.lucene.search.suggest.Ignore$BenchmarkResult",1,1.00,1.00,4,0.06,840.13,2,1,19,4,1,175.51,1,6,0,1,125.51,0.00,0.00,0.00,0,1.00,1,172.70,0,0,1,java.lang.Object,0.00,3,0,1,0,3,1,0,1,42,2
"org.apache.lucene.search.suggest.Ignore$Callable<Integer>",1,0.00,1.00,4,0.04,507.82,1,0,19,3,1,127.23,0,5,0,1,127.23,0.00,0.00,0.00,0,0.00,1,111.39,0,1,1,java.lang.Object,0.00,2,0,1,0,2,0,0,0,29,0
"org.apache.lucene.search.suggest.Ignore$Callable<Integer>_0",1,0.00,2.00,7,0.06,1203.30,1,0,19,3,0,115.06,0,8,0,1,115.06,0.00,0.00,0.00,0,0.00,2,180.13,0,1,0,java.lang.Object,0.00,2,0,2,0,2,0,0,0,42,0
"org.apache.lucene.search.suggest.Lookup",7,0.00,1.14,17,0.18,4170.53,7,0,7,9,10,120.01,41,20,7,1,137.89,0.00,0.00,0.00,1,7.00,2,553.16,0,2,3,java.lang.Object,0.00,2,0,8,3,2,5,0,7,140,2
"org.apache.lucene.search.suggest.Lookup$LookupPriorityQueue",3,0.00,1.33,14,0.12,3542.33,3,0,7,3,1,124.28,0,17,0,2,124.28,0.00,0.50,0.00,0,3.00,2,356.54,0,1,1,org.apache.lucene.util.PriorityQueue,0.00,0,1,4,0,0,2,0,0,89,3
"org.apache.lucene.search.suggest.Lookup$LookupResult",3,0.25,1.00,10,0.09,1383.14,5,2,7,3,0,132.23,1,15,0,1,132.23,0.00,0.00,0.33,1,4.00,1,281.59,0,1,0,java.lang.Object,0.00,0,0,3,0,0,2,1,1,76,3
"org.apache.lucene.search.suggest.PersistenceTest",4,1.00,2.00,31,0.44,23476.01,5,1,6,15,6,159.64,4,50,0,2,109.64,0.00,0.50,0.00,1,4.00,5,1331.76,0,0,6,org.apache.lucene.util.LuceneTestCase,0.00,11,1,8,0,11,4,0,4,248,1
"org.apache.lucene.search.suggest.SortedTermFreqIteratorWrapper",1,0.00,1.00,4,0.03,223.88,1,0,3,2,4,130.27,4,6,1,2,130.04,0.00,0.50,0.00,0,0.00,1,81.36,0,0,3,org.apache.lucene.search.suggest.BufferingTermFreqIteratorWrapper,0.00,1,1,1,0,1,1,1,1,24,1
"org.apache.lucene.search.suggest.TermFreq",1,2.00,1.00,6,0.04,535.53,3,2,0,1,4,120.01,16,8,4,1,120.48,0.00,0.00,0.00,0,1.00,1,128.17,0,0,0,java.lang.Object,0.00,0,0,1,0,0,1,0,1,37,2
"org.apache.lucene.search.suggest.TermFreqArrayIterator",7,0.25,1.00,17,0.14,1746.69,9,2,3,12,5,140.89,3,23,3,1,140.89,0.00,0.00,0.29,0,14.00,1,407.68,0,1,2,java.lang.Object,0.00,5,0,7,0,5,6,1,1,114,2
"org.apache.lucene.search.suggest.UnsortedTermFreqIteratorWrapper",1,0.00,1.00,4,0.02,194.90,1,0,2,2,3,130.75,4,6,1,2,130.51,0.00,0.50,0.00,0,0.00,1,72.87,0,0,2,org.apache.lucene.search.suggest.BufferingTermFreqIteratorWrapper,0.00,1,1,1,0,1,1,0,1,22,1
"org.apache.lucene.analysis.ro.RomanianAnalyzer",5,0.33,1.80,22,0.30,7511.21,8,3,16,16,13,73.39,46,32,1,3,123.39,0.00,0.67,0.07,0,8.00,3,910.78,0,2,12,org.apache.lucene.analysis.util.StopwordAnalyzerBase,0.00,11,2,9,0,11,3,0,9,201,2
"org.apache.lucene.analysis.ro.RomanianAnalyzer$DefaultSetHolder",0,0.00,0.00,6,0.05,853.95,1,1,16,0,1,171.00,2,11,0,1,171.00,0.00,0.00,0.00,0,0.00,0,164.39,0,0,1,java.lang.Object,0.00,0,0,0,0,0,0,0,2,40,2
"org.apache.lucene.analysis.ro.TestRomanianAnalyzer",4,0.00,1.00,16,0.17,3088.17,4,0,5,8,3,175.80,7,22,0,3,125.80,0.00,0.67,0.00,0,4.00,1,522.25,3,0,3,org.apache.lucene.analysis.BaseTokenStreamTestCase,0.00,4,2,4,0,4,4,0,6,121,1
"org.apache.solr.uima.processor.an.DummyEntityAnnotator",1,0.00,4.00,15,0.22,7339.99,1,0,6,13,1,105.50,17,20,0,2,96.37,0.00,0.50,0.00,0,1.00,4,658.06,0,0,1,org.apache.uima.analysis_component.JCasAnnotator_ImplBase,0.00,12,1,4,0,12,1,0,2,123,1
"org.apache.solr.uima.processor.an.DummyExceptionAnnotator",1,0.00,1.00,3,0.03,376.22,1,0,3,2,0,132.45,16,6,0,2,132.92,0.00,0.50,0.00,0,1.00,1,80.23,0,0,0,org.apache.uima.analysis_component.JCasAnnotator_ImplBase,0.00,1,1,1,0,1,1,0,1,23,1
"org.apache.solr.uima.processor.an.DummySentimentAnnotator",2,0.00,3.00,21,0.30,8520.49,4,2,7,14,1,56.76,16,28,0,2,104.86,0.00,0.50,0.50,1,2.00,5,907.38,0,1,1,org.apache.uima.analysis_component.JCasAnnotator_ImplBase,0.00,12,1,6,0,12,1,0,1,183,1
"org.apache.solr.search.BitDocSet",19,0.06,1.47,70,0.73,19264.92,21,2,3,38,17,150.06,61,107,12,2,129.44,0.00,0.50,0.55,0,0.00,3,2196.02,1,3,6,org.apache.solr.search.DocSetBase,0.56,19,1,28,0,19,16,0,17,525,1
"org.apache.solr.search.BitDocSet$DocIterator",5,0.12,1.00,15,0.10,1323.44,7,2,3,7,2,134.12,0,20,0,1,134.12,0.00,0.00,0.40,1,2.00,1,299.93,0,1,2,java.lang.Object,0.00,2,0,5,0,2,4,0,0,85,0
"org.apache.solr.search.BoostQParserPlugin",2,2.00,1.00,6,0.06,623.72,4,2,9,3,11,115.69,11,10,1,2,133.56,0.00,0.50,0.00,0,2.00,1,175.41,0,1,11,org.apache.solr.search.QParserPlugin,0.00,1,1,2,0,1,1,0,1,47,1
"org.apache.solr.search.BoostQParserPlugin$QParser",4,0.44,1.50,23,0.27,7806.90,7,3,9,15,10,118.92,1,32,0,1,118.92,0.00,0.00,0.67,0,0.00,3,823.62,0,3,10,java.lang.Object,0.00,11,0,6,0,11,1,0,1,178,0
"org.apache.solr.search.CacheConfig",8,0.06,1.75,52,0.67,23272.83,15,7,8,24,7,164.57,10,62,2,1,114.57,0.00,0.00,0.09,1,16.00,4,1999.70,0,4,6,java.lang.Object,0.00,16,0,14,0,16,4,0,4,413,1
"org.apache.solr.search.CacheRegenerator",1,0.00,1.00,2,0.02,168.99,1,0,1,1,8,168.51,19,3,8,1,142.23,0.00,0.00,0.00,0,1.00,1,74.42,0,0,2,,0.00,0,0,1,0,0,1,0,2,21,1
"org.apache.solr.search.DelegatingCollector",7,0.03,1.14,30,0.24,4529.62,12,5,4,12,10,126.38,3,38,7,2,126.38,1.00,0.33,0.17,0,0.00,2,733.81,0,1,3,org.apache.lucene.index.Collector,0.00,5,1,8,1,5,6,0,3,184,1
"org.apache.solr.search.DisMaxQParser",13,0.00,2.69,116,1.86,70921.40,20,7,16,59,18,128.27,41,153,2,2,107.66,0.00,0.50,0.14,6,61.00,9,5565.44,3,8,16,org.apache.solr.search.QParser,0.18,46,1,35,0,46,5,0,15,1041,1
"org.apache.solr.search.DisMaxQParserPlugin",2,1.00,1.00,5,0.06,769.03,3,1,3,3,6,97.92,89,9,1,2,139.42,0.00,0.50,0.00,0,2.00,1,174.09,0,1,6,org.apache.solr.search.QParserPlugin,0.00,1,1,2,0,1,1,0,1,46,1
"org.apache.solr.search.DocIterator",2,0.00,1.00,3,0.02,120.42,2,0,1,2,22,127.61,27,4,22,1,156.99,0.00,0.00,0.00,0,2.00,1,51.75,0,0,0,,0.00,0,0,2,0,0,2,0,5,19,1
"org.apache.solr.search.DocList",7,0.00,1.00,8,0.04,184.11,7,0,0,7,31,127.60,48,9,30,2,159.82,0.00,0.50,0.00,0,7.00,1,112.17,0,2,1,,0.17,0,1,7,0,0,5,0,15,45,1
"org.apache.solr.search.DocListAndSet",0,0.00,0.00,3,0.02,124.57,2,2,0,0,12,171.00,13,4,10,1,171.00,0.00,0.00,0.00,0,0.00,0,49.83,0,0,2,java.lang.Object,0.00,0,0,0,0,0,0,0,1,15,2
"org.apache.solr.search.DocSet",16,1.00,1.00,18,0.11,887.20,17,1,8,17,40,125.05,96,19,33,1,157.27,0.00,0.00,0.00,0,16.00,1,341.88,0,6,8,,0.00,1,0,16,0,1,10,0,18,121,1
"org.apache.solr.search.DocSetBase",13,0.00,1.77,57,0.66,18879.30,13,0,8,33,12,173.51,24,76,4,1,123.51,0.00,0.00,0.00,3,13.00,6,1968.28,0,5,9,java.lang.Object,0.00,20,0,23,4,20,8,1,16,458,1
"org.apache.solr.search.DocSetBase$Filter",1,0.00,2.00,9,0.09,2731.80,1,0,8,3,2,158.18,1,12,0,1,108.18,0.00,0.00,0.00,0,1.00,2,269.52,0,1,2,java.lang.Object,0.00,2,0,2,0,2,0,0,1,59,0
"org.apache.solr.search.DocSetBase$Filter$DocIdSet",2,0.00,1.00,5,0.03,330.65,2,0,8,3,1,142.30,0,9,0,1,142.30,0.00,0.00,0.00,0,2.00,1,86.05,0,1,1,java.lang.Object,0.00,1,0,2,0,1,1,0,0,27,0
"org.apache.solr.search.DocSetBase$Filter$DocIdSet$DocIdSetIterator",3,0.50,2.00,12,0.18,6584.46,5,2,8,4,0,122.07,0,18,0,1,122.07,0.00,0.00,0.83,0,0.00,3,540.55,0,0,0,java.lang.Object,0.00,1,0,6,0,1,3,0,0,119,0
"org.apache.solr.search.DocSetCollector",6,0.07,1.67,34,0.32,9420.57,12,6,5,10,11,159.53,17,43,4,2,119.64,1.00,0.33,0.22,0,10.00,3,947.21,0,0,7,org.apache.lucene.index.Collector,0.00,4,1,10,1,4,6,0,15,216,1
"org.apache.solr.search.DocSetDelegateCollector",5,0.50,1.80,29,0.29,9419.51,6,1,5,12,11,158.89,14,37,3,3,119.00,0.00,0.67,0.60,0,1.00,3,866.16,0,0,8,org.apache.solr.search.DocSetCollector,0.55,7,2,9,0,7,5,0,12,192,1
"org.apache.solr.search.DocSetPerf",3,0.60,10.00,117,1.80,203744.46,8,5,6,33,4,123.07,5,118,0,1,73.07,0.00,0.00,0.60,2,1.00,24,5402.83,0,0,4,java.lang.Object,0.00,30,0,30,0,30,3,0,4,848,1
"org.apache.solr.search.DocSlice",14,0.12,1.71,63,0.69,24046.77,20,6,1,25,13,172.94,24,80,8,2,122.94,0.00,0.50,0.27,0,38.00,4,2081.31,1,3,5,org.apache.solr.search.DocSetBase,0.22,11,1,24,0,11,11,1,11,474,1
"org.apache.solr.search.DocSlice$DocIterator",5,0.12,1.00,13,0.08,905.91,7,2,1,6,0,141.99,3,18,0,1,141.99,0.00,0.00,0.40,1,2.00,1,251.84,0,1,0,java.lang.Object,0.00,1,0,5,0,1,4,0,1,73,0
"org.apache.solr.search.ExtendedDismaxQParser",10,0.06,11.70,385,6.73,977896.67,19,9,21,87,23,28.08,116,492,1,2,72.21,0.00,0.50,0.17,3,30.00,54,20197.90,6,7,22,org.apache.solr.search.QParser,0.19,77,1,117,0,77,3,0,82,3001,0
"org.apache.solr.search.ExtendedDismaxQParser$Clause",1,6.00,1.00,11,0.06,569.90,9,8,21,1,0,131.07,3,13,0,1,110.45,0.00,0.00,0.25,0,0.00,1,191.02,0,0,0,java.lang.Object,0.00,0,0,1,0,0,1,0,3,49,1
"org.apache.solr.search.ExtendedDismaxQParser$DMP",0,0.00,0.00,1,0.01,49.13,0,0,21,0,0,171.00,1,2,0,2,171.00,0.00,0.50,0.00,0,0.00,0,19.65,0,0,0,,0.00,0,1,0,0,0,0,0,1,7,2
"org.apache.solr.search.ExtendedDismaxQParser$ExtendedSolrQueryParser",17,0.00,3.12,183,2.35,114075.46,33,16,21,50,14,123.92,58,233,0,4,103.30,0.00,0.75,0.07,4,91.00,10,7035.40,9,12,14,org.apache.solr.search.SolrQueryParser,0.00,33,3,53,0,33,5,0,37,1344,0
"org.apache.solr.search.ExtendedDismaxQParser$ExtendedSolrQueryParser$Alias",0,0.00,0.00,3,0.02,239.86,2,2,21,0,0,171.00,0,4,0,1,171.00,0.00,0.00,0.00,0,0.00,0,68.53,0,0,0,java.lang.Object,0.00,0,0,0,0,0,0,0,0,18,1
"org.apache.solr.search.ExtendedDismaxQParser$QType",0,0.00,0.00,2,0.01,28.53,0,0,21,0,0,171.00,0,8,0,1,171.00,0.00,0.00,0.00,0,0.00,0,28.53,0,0,0,java.lang.Object,0.00,0,0,0,0,0,0,0,0,9,0
"org.apache.solr.search.ExtendedDismaxQParser$U",0,0.00,0.00,1,0.01,49.13,0,0,21,0,1,171.00,1,2,0,2,171.00,0.00,0.50,0.00,0,0.00,0,19.65,0,0,1,org.apache.solr.util.SolrPluginUtils,0.00,0,1,0,0,0,0,0,1,7,2
"org.apache.solr.search.ExtendedDismaxQParserPlugin",2,1.00,1.00,5,0.06,815.39,3,1,21,3,19,179.10,4,9,1,2,139.22,0.00,0.50,0.00,0,2.00,1,179.41,0,1,19,org.apache.solr.search.QParserPlugin,0.00,1,1,2,0,1,1,0,1,47,1
"org.apache.solr.search.ExtendedQuery",6,0.00,1.00,7,0.03,152.68,6,0,0,6,5,209.93,9,8,5,1,159.93,0.00,0.00,0.00,0,6.00,1,101.78,0,0,0,,0.00,0,0,6,0,0,6,0,4,40,1
"org.apache.solr.search.ExtendedQueryBase",8,0.10,1.25,29,0.24,5276.11,11,3,1,11,3,130.95,0,45,1,2,130.95,1.00,0.33,0.25,1,20.00,3,718.76,0,2,2,org.apache.lucene.search.Query,0.00,3,1,10,1,3,6,1,0,181,1
"org.apache.solr.search.FastLRUCache",20,0.02,2.20,153,2.27,139825.36,29,9,12,65,12,159.02,25,184,3,2,109.02,0.00,0.50,0.13,0,114.00,11,6807.15,0,12,9,org.apache.solr.search.SolrCacheBase,0.00,45,1,44,0,45,8,1,13,1193,1
"org.apache.solr.search.FieldQParserPlugin",2,1.00,1.00,5,0.05,464.34,3,1,7,3,8,161.76,7,9,1,2,141.14,0.00,0.50,0.00,0,2.00,1,141.84,0,1,8,org.apache.solr.search.QParserPlugin,0.00,1,1,2,0,1,1,0,1,39,1
"org.apache.solr.search.FieldQParserPlugin$QParser",1,0.00,1.00,7,0.11,2014.08,1,0,7,6,5,113.46,0,9,0,1,113.46,0.00,0.00,0.00,0,1.00,1,326.21,0,1,5,java.lang.Object,0.00,5,0,1,0,5,0,0,0,69,0
"org.apache.solr.search.FooQParser",2,0.00,1.00,5,0.07,1084.82,2,0,7,5,10,138.24,0,9,1,2,138.24,0.00,0.50,0.00,0,2.00,1,220.22,0,1,9,org.apache.solr.search.QParser,0.09,3,1,2,0,3,1,0,0,56,0
"org.apache.solr.search.FooQParserPlugin",2,0.00,1.00,4,0.05,624.38,2,0,7,3,11,140.13,0,8,1,2,140.13,0.00,0.50,0.00,0,2.00,1,139.41,0,1,10,org.apache.solr.search.QParserPlugin,0.00,1,1,2,0,1,1,0,0,38,1
"org.apache.solr.search.FunctionQParser",18,0.07,3.00,179,2.27,126747.57,22,4,12,61,71,86.98,104,223,58,2,104.85,0.00,0.50,0.18,5,94.00,14,6824.24,3,8,15,org.apache.solr.search.QParser,0.05,43,1,54,0,43,10,0,28,1224,1
"org.apache.solr.search.FunctionQParserPlugin",2,1.00,1.00,5,0.06,769.03,3,1,3,3,13,179.30,5,9,8,2,139.42,0.00,0.50,0.00,0,2.00,1,174.09,0,1,6,org.apache.solr.search.QParserPlugin,0.00,1,1,2,0,1,1,0,1,46,1
"org.apache.solr.search.FunctionRangeQParserPlugin",2,1.00,1.00,5,0.05,464.34,3,1,15,3,13,123.27,10,9,1,2,141.14,0.00,0.50,0.00,0,2.00,1,141.84,0,1,13,org.apache.solr.search.QParserPlugin,0.00,1,1,2,0,1,1,0,1,39,1
"org.apache.solr.search.FunctionRangeQParserPlugin$QParser",1,0.00,2.00,17,0.25,7853.76,3,2,15,9,9,144.27,1,20,0,1,94.27,0.00,0.00,1.00,0,0.00,2,742.29,0,1,9,java.lang.Object,0.00,8,0,2,0,8,0,0,1,138,0
"org.apache.solr.search.FunctionRangeQuery",2,1.00,1.00,9,0.08,1039.42,3,1,15,4,17,127.16,0,13,1,4,127.16,0.00,0.75,0.00,0,2.00,1,226.47,0,0,16,org.apache.solr.search.SolrConstantScoreQuery,0.00,2,3,2,0,2,2,1,0,58,0
"org.apache.solr.search.FunctionRangeQuery$FunctionRangeCollector",3,0.33,1.33,14,0.19,3368.94,6,3,15,8,3,124.45,0,21,0,3,124.45,0.00,0.67,0.56,0,1.00,2,573.01,1,0,3,org.apache.solr.search.DelegatingCollector,0.30,5,2,4,0,5,3,0,0,128,0
"org.apache.solr.search.Grouping",17,0.07,3.29,246,3.59,238319.73,46,29,32,77,43,95.55,75,297,3,1,95.32,0.00,0.00,0.10,1,58.00,29,10768.54,0,9,40,java.lang.Object,0.00,60,0,56,0,60,8,0,26,1748,1
"org.apache.solr.search.Grouping$Command",11,0.01,2.36,88,1.17,64219.68,23,12,32,26,9,89.58,55,101,0,1,107.46,0.00,0.00,0.08,2,34.00,8,3501.32,0,7,9,java.lang.Object,0.00,15,0,26,0,15,4,0,19,644,2
"org.apache.solr.search.Grouping$CommandField",7,0.19,3.71,73,0.96,36974.65,13,6,32,32,15,104.32,29,94,0,2,104.08,0.00,0.50,0.33,0,2.00,8,2870.70,0,4,15,org.apache.solr.search.Command,0.00,25,1,26,0,25,3,0,15,530,1
"org.apache.solr.search.Grouping$CommandFunc",7,0.24,3.57,69,0.87,31058.16,14,7,32,29,13,127.01,23,89,0,2,106.39,0.00,0.50,0.35,0,2.00,7,2610.20,0,4,13,org.apache.solr.search.Command,0.00,22,1,25,0,22,3,0,11,499,1
"org.apache.solr.search.Grouping$CommandQuery",5,0.08,1.40,28,0.33,7047.97,8,3,32,17,10,159.94,12,36,0,2,120.05,0.00,0.50,0.40,0,0.00,2,999.54,0,2,10,org.apache.solr.search.Command,0.00,12,1,7,0,12,3,0,4,212,1
"org.apache.solr.search.Grouping$Format",0,0.00,0.00,2,0.01,39.30,0,0,32,0,0,171.00,3,4,0,1,171.00,0.00,0.00,0.00,0,0.00,0,19.65,0,0,0,java.lang.Object,0.00,0,0,0,0,0,0,0,1,7,2
"org.apache.solr.search.Grouping$TotalCount",0,0.00,0.00,2,0.01,39.30,0,0,32,0,0,171.00,3,4,0,1,171.00,0.00,0.00,0.00,0,0.00,0,19.65,0,0,0,java.lang.Object,0.00,0,0,0,0,0,0,0,1,7,2
"org.apache.solr.search.HashDocSet",14,0.02,3.64,154,1.81,192123.18,19,5,1,24,10,139.16,40,162,6,2,99.27,0.00,0.50,0.21,2,18.00,8,5427.43,0,2,4,org.apache.solr.search.DocSetBase,0.37,10,1,51,0,10,12,0,29,1077,2
"org.apache.solr.search.HashDocSet$DocIterator",6,0.40,1.17,18,0.11,1566.92,8,2,1,6,0,134.13,1,24,0,1,134.13,0.00,0.00,0.17,2,10.00,2,331.31,0,1,0,java.lang.Object,0.00,0,0,7,0,0,5,0,1,94,0
"org.apache.solr.search.JoinQParserPlugin",2,1.00,1.00,5,0.04,363.78,3,1,24,3,18,141.98,0,8,1,2,141.98,0.00,0.50,0.00,0,2.00,1,126.95,0,0,18,org.apache.solr.search.QParserPlugin,0.00,1,1,2,0,1,2,0,0,36,1
"org.apache.solr.search.JoinQParserPlugin$QParser",1,0.00,1.00,10,0.12,2461.11,1,0,24,6,4,106.99,0,11,0,1,106.99,0.00,0.00,0.00,0,1.00,1,359.00,0,1,4,java.lang.Object,0.00,5,0,1,0,5,0,0,0,75,0
"org.apache.solr.search.JoinQuery",8,0.07,1.38,35,0.48,16282.33,12,4,24,16,24,122.41,0,52,3,2,122.41,0.00,0.50,0.31,1,0.00,2,1454.11,2,4,21,org.apache.lucene.search.Query,0.11,8,1,11,0,8,4,0,0,333,0
"org.apache.solr.search.JoinQuery$JoinQueryWeight",7,0.22,9.43,292,4.74,774280.78,27,20,24,85,30,70.84,34,316,0,2,70.60,0.00,0.50,0.24,0,13.00,48,14213.80,0,3,30,org.apache.lucene.search.Weight,0.46,78,1,66,0,78,4,0,34,2074,1
"org.apache.solr.search.JoinQuery$JoinQueryWeight$Closeable",1,0.00,1.00,3,0.02,238.65,1,0,24,2,0,134.48,0,5,0,1,134.48,0.00,0.00,0.00,0,1.00,1,63.51,0,0,0,java.lang.Object,0.00,1,0,1,0,1,1,0,0,19,0
"org.apache.solr.search.JoinQuery$JoinQueryWeight$Closeable_0",1,0.00,1.00,3,0.02,275.49,1,0,24,2,0,133.99,0,5,0,1,133.99,0.00,0.00,0.00,0,1.00,1,61.77,0,0,0,java.lang.Object,0.00,1,0,1,0,1,1,0,0,19,0
"org.apache.solr.search.JoinQuery$JoinScorer",5,0.08,1.20,16,0.17,3095.65,8,3,24,9,2,131.18,0,27,0,3,131.18,0.00,0.67,0.27,0,5.00,2,503.84,0,0,2,org.apache.lucene.search.Scorer,0.80,4,2,6,0,4,5,0,0,125,2
"org.apache.solr.search.LRUCache",20,0.05,1.85,134,1.63,77793.24,32,12,8,45,12,163.56,26,163,4,2,113.56,0.00,0.50,0.13,0,122.00,8,4898.08,0,12,8,org.apache.solr.search.SolrCacheBase,0.00,25,1,37,0,25,8,1,18,943,1
"org.apache.solr.search.LRUCache$CumulativeStats",0,0.00,0.00,5,0.05,1253.89,4,4,8,1,0,171.00,0,6,0,1,171.00,0.00,0.00,0.00,0,0.00,0,144.68,0,0,0,java.lang.Object,0.00,1,0,0,0,1,0,0,0,38,2
"org.apache.solr.search.LRUCache$LinkedHashMap<K,V>",1,0.00,2.00,7,0.07,1008.55,1,0,8,3,0,136.28,3,10,0,1,115.66,0.00,0.00,0.00,0,0.00,2,196.38,0,0,0,java.lang.Object,0.00,2,0,2,0,2,1,0,3,46,0
"org.apache.solr.search.LuceneQParser",3,0.25,2.00,17,0.22,5908.20,5,2,10,10,14,118.83,0,25,2,2,118.83,1.00,0.33,0.33,0,1.00,3,660.92,3,2,12,org.apache.solr.search.QParser,0.17,7,1,6,1,7,1,0,0,145,0
"org.apache.solr.search.LuceneQParserPlugin",2,1.00,1.00,5,0.06,769.03,3,1,10,3,12,139.65,8,9,1,2,139.42,0.00,0.50,0.00,0,2.00,1,174.09,0,1,12,org.apache.solr.search.QParserPlugin,0.00,1,1,2,0,1,1,0,1,46,1
"org.apache.solr.search.LuceneQueryOptimizer",2,0.00,4.00,31,0.45,30133.79,4,2,4,16,9,103.04,35,49,1,1,93.91,0.00,0.00,0.50,0,2.00,7,1349.87,0,1,8,java.lang.Object,0.00,14,0,8,0,14,1,0,18,240,0
"org.apache.solr.search.LuceneQueryOptimizer$LinkedHashMap",1,0.00,1.00,3,0.03,353.48,1,0,4,2,0,183.13,1,5,0,1,133.13,0.00,0.00,0.00,0,1.00,1,91.65,0,0,0,java.lang.Object,0.00,1,0,1,0,1,1,0,1,25,0
"org.apache.solr.search.MissingStringLastComparatorSource",3,1.00,1.00,8,0.08,1122.92,4,1,9,4,9,179.39,6,13,1,2,139.51,0.00,0.50,0.33,0,4.00,1,236.06,0,1,8,org.apache.lucene.search.FieldComparatorSource,0.00,1,1,3,0,1,2,0,1,62,1
"org.apache.solr.search.NestedQParserPlugin",2,1.00,1.00,5,0.05,464.34,3,1,6,3,8,141.38,9,9,1,2,141.14,0.00,0.50,0.00,0,2.00,1,141.84,0,1,8,org.apache.solr.search.QParserPlugin,0.00,1,1,2,0,1,1,0,1,39,1
"org.apache.solr.search.NestedQParserPlugin$QParser",4,0.00,1.00,13,0.13,1923.01,7,3,6,9,6,132.08,1,21,0,1,132.08,0.00,0.00,0.33,0,0.00,1,394.54,0,3,6,java.lang.Object,0.00,5,0,4,0,5,1,0,1,100,0
"org.apache.solr.search.OldLuceneQParser",3,0.50,3.33,26,0.38,15042.25,4,1,10,11,13,157.90,3,38,1,3,107.90,0.00,0.67,0.67,0,1.00,6,1129.70,5,2,12,org.apache.solr.search.LuceneQParser,0.22,8,2,10,0,8,1,0,3,223,0
"org.apache.solr.search.OldLuceneQParserPlugin",2,1.00,1.00,5,0.06,769.03,3,1,3,3,6,179.30,5,9,1,2,139.42,0.00,0.50,0.00,0,2.00,1,174.09,0,1,6,org.apache.solr.search.QParserPlugin,0.00,1,1,2,0,1,1,0,1,46,1
"org.apache.solr.search.PostFilter",1,0.00,1.00,2,0.01,60.50,1,0,1,1,4,189.68,22,3,2,2,145.74,0.00,0.50,0.00,0,1.00,1,35.16,0,1,2,,0.00,0,1,1,0,0,0,0,2,13,1
"org.apache.solr.search.PrefixQParserPlugin",2,1.00,1.00,5,0.05,464.34,3,1,7,3,9,161.76,7,9,1,2,141.14,0.00,0.50,0.00,0,2.00,1,141.84,0,1,9,org.apache.solr.search.QParserPlugin,0.00,1,1,2,0,1,1,0,1,39,1
"org.apache.solr.search.PrefixQParserPlugin$QParser",1,0.00,1.00,3,0.05,884.67,1,0,7,4,5,130.00,0,5,0,1,130.00,0.00,0.00,0.00,0,1.00,1,162.30,0,1,5,java.lang.Object,0.00,3,0,1,0,3,0,0,0,40,0
"org.apache.solr.search.QParser",21,0.03,2.52,154,1.93,101009.95,30,9,10,59,84,150.15,54,200,72,1,110.27,0.00,0.00,0.08,5,147.00,10,5790.28,0,12,14,java.lang.Object,0.00,38,0,53,8,38,9,0,26,1133,2
"org.apache.solr.search.QParserPlugin",1,2.00,1.00,4,0.23,8494.84,3,2,3,1,26,138.22,3,22,22,1,117.60,0.00,0.00,0.00,0,1.00,1,677.56,0,1,20,java.lang.Object,0.00,0,0,1,17,0,0,1,3,137,2
"org.apache.solr.search.QueryParsing",12,0.05,7.58,303,4.78,485345.78,22,10,33,97,56,34.00,104,375,27,1,82.11,0.00,0.00,0.06,4,48.00,30,14340.62,0,7,31,java.lang.Object,0.00,85,0,91,0,85,5,0,47,2323,1
"org.apache.solr.search.QueryParsing$StrParser",21,0.37,3.24,205,2.35,120921.35,24,3,33,40,1,105.52,18,260,0,1,105.52,0.00,0.00,0.68,4,0.00,15,7061.60,0,8,1,java.lang.Object,0.00,19,0,68,0,19,13,0,11,1351,2
"org.apache.solr.search.QueryParsingTest",3,0.00,3.00,106,1.89,165110.50,3,0,8,14,7,27.71,25,125,0,3,75.82,0.00,0.67,0.00,0,1.00,7,5677.59,1,0,7,org.apache.solr.SolrTestCaseJ4,0.00,11,2,9,0,11,3,0,22,974,1
"org.apache.solr.search.QueryResultKey",4,0.00,4.50,45,0.58,32921.22,11,7,5,9,6,140.86,11,50,3,1,100.97,0.00,0.00,0.14,1,4.00,9,1748.92,0,0,3,java.lang.Object,0.00,5,0,18,0,5,4,0,9,348,2
"org.apache.solr.search.QueryUtils",4,0.00,4.50,43,0.56,32010.14,4,0,5,19,8,70.39,26,51,3,1,102.61,0.00,0.00,0.00,3,4.00,9,1670.21,0,3,5,java.lang.Object,0.00,15,0,18,0,15,1,0,11,326,1
"org.apache.solr.search.RawQParserPlugin",2,1.00,1.00,5,0.05,464.34,3,1,7,3,9,123.27,10,9,1,2,141.14,0.00,0.50,0.00,0,2.00,1,141.84,0,1,9,org.apache.solr.search.QParserPlugin,0.00,1,1,2,0,1,1,0,1,39,1
"org.apache.solr.search.RawQParserPlugin$QParser",1,0.00,1.00,3,0.05,884.67,1,0,7,4,5,130.00,0,5,0,1,130.00,0.00,0.00,0.00,0,1.00,1,162.30,0,1,5,java.lang.Object,0.00,3,0,1,0,3,0,0,0,40,0
"org.apache.solr.search.ReturnFields",12,0.16,4.58,188,2.78,321104.96,20,8,21,72,35,92.15,52,245,14,1,91.91,0.00,0.00,0.27,3,0.00,27,8338.46,0,2,21,java.lang.Object,0.00,60,0,55,0,60,10,0,47,1351,1
"org.apache.solr.search.SolrCache",10,1.00,1.00,13,0.12,1410.84,11,1,5,11,15,111.78,72,14,14,2,154.07,0.00,0.50,0.00,0,10.00,1,345.38,0,3,3,,0.00,1,1,10,0,1,7,0,22,102,1
"org.apache.solr.search.SolrCache$State",0,0.00,0.00,2,0.01,36.00,0,0,5,0,0,171.00,1,6,0,1,171.00,0.00,0.00,0.00,0,0.00,0,24.00,0,0,0,java.lang.Object,0.00,0,0,0,0,0,0,0,1,8,1
"org.apache.solr.search.SolrCacheBase",0,0.00,0.00,2,0.01,70.18,0,0,0,0,2,171.00,6,3,2,1,171.00,0.00,0.00,0.00,0,0.00,0,28.07,0,0,0,java.lang.Object,0.00,0,0,0,2,0,0,0,2,10,2
"org.apache.solr.search.SolrCacheBase$AutoWarmCountRef",4,0.40,2.25,27,0.34,14166.47,9,5,0,12,0,113.84,1,38,0,1,113.84,0.00,0.00,0.50,0,0.00,5,1006.71,0,1,0,java.lang.Object,0.00,8,0,9,0,8,3,0,1,204,2
"org.apache.solr.search.SolrConstantScoreQuery",14,0.46,1.29,36,0.39,8085.91,16,2,9,21,13,177.85,32,66,4,3,137.97,0.50,0.50,0.07,0,62.00,3,1180.89,1,4,9,org.apache.lucene.search.ConstantScoreQuery,0.18,7,2,18,1,7,10,1,11,294,1
"org.apache.solr.search.SolrConstantScoreQuery$ConstantScorer",5,0.00,1.60,24,0.26,8083.51,8,3,9,12,3,123.17,0,37,0,3,123.17,0.00,0.67,0.33,0,0.00,4,793.73,0,0,3,org.apache.lucene.search.Scorer,0.80,7,2,8,0,7,5,0,0,178,1
"org.apache.solr.search.SolrConstantScoreQuery$ConstantWeight",6,0.00,1.33,32,0.42,12139.45,9,3,9,17,9,118.83,0,49,0,2,118.83,0.00,0.50,0.33,0,2.00,2,1261.97,0,3,9,org.apache.lucene.search.Weight,0.50,11,1,8,0,11,3,0,0,263,1
"org.apache.solr.search.SolrFieldCacheMBean",8,1.00,1.25,34,0.30,10588.42,9,1,9,17,6,173.91,12,34,1,1,123.91,0.00,0.00,0.12,0,14.00,3,896.61,0,8,6,java.lang.Object,0.00,9,0,10,0,9,0,1,2,203,1
"org.apache.solr.search.SolrFilter",3,0.00,1.00,5,0.06,606.89,3,0,7,3,5,192.73,7,8,1,2,152.84,1.00,0.33,0.00,1,3.00,1,174.22,0,2,4,org.apache.lucene.search.Filter,0.00,0,1,3,1,0,1,0,2,49,2
"org.apache.solr.search.SolrIndexSearcher",59,0.01,4.29,870,14.06,1380620.52,95,36,33,257,136,51.21,443,1056,77,2,93.51,0.00,0.50,0.04,11,1554.00,25,42170.87,6,22,65,org.apache.lucene.search.IndexSearcher,0.04,198,1,253,0,198,37,1,159,7000,1
"org.apache.solr.search.SolrIndexSearcher$CacheRegenerator",1,0.00,2.00,5,0.06,1022.98,1,0,33,2,3,121.07,0,7,0,1,121.07,0.00,0.00,0.00,0,1.00,2,168.47,0,0,3,java.lang.Object,0.00,1,0,2,0,1,1,0,0,39,0
"org.apache.solr.search.SolrIndexSearcher$CacheRegenerator_0",1,0.00,1.00,4,0.05,605.72,1,0,33,2,3,126.63,0,5,0,1,126.63,0.00,0.00,0.00,0,1.00,1,143.71,0,0,3,java.lang.Object,0.00,1,0,1,0,1,1,0,0,34,0
"org.apache.solr.search.SolrIndexSearcher$CacheRegenerator_1",1,0.00,2.00,14,0.25,7825.80,1,0,33,13,4,65.21,6,21,0,1,97.43,0.00,0.00,0.00,0,0.00,2,757.15,0,0,4,java.lang.Object,0.00,12,0,2,0,12,1,0,6,133,0
"org.apache.solr.search.SolrIndexSearcher$Collector",4,0.00,1.00,7,0.07,697.19,4,0,33,4,1,153.35,0,15,0,1,153.35,0.00,0.00,0.00,0,4.00,1,195.57,0,0,1,java.lang.Object,0.00,0,0,4,0,0,4,0,0,56,0
"org.apache.solr.search.SolrIndexSearcher$Collector_2",4,1.00,1.25,11,0.12,2365.67,5,1,33,5,1,137.89,0,19,0,1,137.89,0.00,0.00,0.25,0,6.00,2,347.87,0,0,1,java.lang.Object,0.00,1,0,5,0,1,4,0,0,88,0
"org.apache.solr.search.SolrIndexSearcher$Collector_3",4,1.00,1.25,10,0.11,1961.36,5,1,33,5,1,138.53,0,18,0,1,138.53,0.00,0.00,0.25,0,6.00,2,320.81,0,0,1,java.lang.Object,0.00,1,0,5,0,1,4,0,0,83,0
"org.apache.solr.search.SolrIndexSearcher$Comparator<Query>",1,0.00,1.00,3,0.05,861.13,1,0,33,2,2,130.09,0,5,0,1,130.09,0.00,0.00,0.00,0,1.00,1,135.65,0,0,2,java.lang.Object,0.00,1,0,1,0,1,1,0,0,36,0
"org.apache.solr.search.SolrIndexSearcher$DocsEnumState",0,0.00,0.00,7,0.05,487.88,6,6,33,0,3,171.00,1,8,0,1,171.00,0.00,0.00,0.00,0,0.00,0,150.12,0,0,3,java.lang.Object,0.00,0,0,0,0,0,0,0,1,36,2
"org.apache.solr.search.SolrIndexSearcher$FilterImpl",2,0.00,2.50,15,0.19,5274.56,5,3,33,6,3,112.32,0,19,0,2,112.32,0.00,0.50,0.33,0,2.00,3,572.63,0,1,3,org.apache.lucene.util.Filter,0.00,4,1,5,0,4,1,0,0,126,0
"org.apache.solr.search.SolrIndexSearcher$FilterImpl$DualFilterIterator",4,0.17,2.50,28,0.23,9619.82,6,2,33,7,0,112.64,0,32,0,2,112.64,0.00,0.50,0.62,0,0.00,4,681.55,0,0,0,org.apache.lucene.util.DocIdSetIterator,0.00,3,1,10,0,3,4,0,0,166,2
"org.apache.solr.search.SolrIndexSearcher$FilterImpl$FilterIterator",5,0.12,1.80,32,0.26,10886.80,7,2,33,8,0,115.55,1,38,0,2,115.55,0.00,0.50,0.40,1,5.00,5,766.25,0,0,0,org.apache.lucene.util.DocIdSetIterator,0.00,3,1,9,0,3,5,0,1,177,2
"org.apache.solr.search.SolrIndexSearcher$FilterImpl$FilterSet",2,0.00,4.50,21,0.34,21034.87,4,2,33,12,2,101.68,0,26,0,2,101.68,0.00,0.50,0.50,0,2.00,8,1015.12,0,1,2,org.apache.lucene.search.DocIdSet,0.00,10,1,9,0,10,1,0,0,195,1
"org.apache.solr.search.SolrIndexSearcher$LocalSolrQueryRequest",2,0.00,1.00,4,0.03,319.26,2,0,33,2,1,142.42,0,3,0,1,142.42,0.00,0.00,0.00,0,2.00,1,82.94,0,0,1,java.lang.Object,0.00,0,0,2,0,0,2,0,0,27,0
"org.apache.solr.search.SolrIndexSearcher$ProcessedFilter",0,0.00,0.00,4,0.02,179.25,3,3,33,0,2,171.00,1,5,0,1,171.00,0.00,0.00,0.00,0,0.00,0,71.70,0,0,2,java.lang.Object,0.00,0,0,0,0,0,0,0,1,20,2
"org.apache.solr.search.SolrIndexSearcher$QueryCommand",23,0.05,1.22,77,0.54,10030.23,32,9,33,26,3,132.37,11,87,0,1,132.37,0.00,0.00,0.07,0,285.00,3,1620.11,0,16,3,java.lang.Object,0.00,3,0,28,0,3,7,0,4,414,2
"org.apache.solr.search.SolrIndexSearcher$QueryResult",8,0.05,1.25,24,0.16,2104.41,11,3,33,9,3,134.09,1,23,0,1,134.09,0.00,0.00,0.29,0,0.00,2,474.33,0,0,3,java.lang.Object,0.00,1,0,10,0,1,8,0,1,130,2
"org.apache.solr.search.SolrIndexSearcher$SetNonLazyFieldSelector",2,0.00,1.50,6,0.06,906.67,3,1,33,3,2,132.19,0,13,0,1,132.19,0.00,0.00,1.00,0,0.00,2,193.32,0,1,2,java.lang.Object,0.00,1,0,3,0,1,1,1,0,51,1
"org.apache.solr.search.SolrQueryParser",8,0.00,3.00,80,1.19,43997.56,12,4,20,50,27,104.23,38,111,5,3,103.99,1.00,0.40,0.25,2,22.00,6,3564.47,7,4,22,org.apache.lucene.queryparser.classic.QueryParser,0.00,42,2,24,2,42,4,0,24,681,1
"org.apache.solr.search.SolrQueryParser$AutomatonQuery",1,0.00,2.00,9,0.11,3322.03,1,0,20,9,1,157.51,1,12,0,1,107.52,0.00,0.00,0.00,0,1.00,2,325.74,0,1,1,java.lang.Object,0.00,8,0,2,0,8,0,0,1,72,0
"org.apache.solr.search.SolrSimilarityProvider",2,1.00,2.00,11,0.11,3642.86,3,1,4,5,9,76.80,14,16,6,2,119.09,1.00,0.33,0.50,0,2.00,3,338.14,0,1,4,org.apache.lucene.search.similarities.DefaultSimilarityProvider,0.00,3,1,4,1,3,1,0,4,78,1
"org.apache.solr.search.SolrSortField",1,0.00,1.00,2,0.01,69.06,1,0,3,1,2,165.90,3,3,0,1,145.29,0.00,0.00,0.00,0,1.00,1,36.53,0,1,2,,0.00,0,0,1,0,0,0,0,1,13,1
"org.apache.solr.search.SortSpec",9,0.04,1.44,28,0.22,3619.46,12,3,2,10,9,182.61,16,35,7,1,132.61,0.00,0.00,0.30,1,19.00,4,671.78,0,2,2,java.lang.Object,0.00,1,0,13,0,1,7,0,4,176,1
"org.apache.solr.search.SortedIntDocSet",24,0.20,5.21,381,4.23,564690.67,27,3,7,34,15,112.94,84,434,8,2,92.32,0.00,0.50,0.14,8,64.00,15,12686.58,0,4,8,org.apache.solr.search.DocSetBase,0.32,10,1,125,0,10,20,0,76,2475,1
"org.apache.solr.search.SortedIntDocSet$DocIterator",5,0.75,1.00,12,0.07,608.05,6,1,7,6,0,143.35,3,17,0,1,143.35,0.00,0.00,0.40,1,7.00,1,203.48,0,1,0,java.lang.Object,0.00,1,0,5,0,1,4,0,1,62,0
"org.apache.solr.search.SortedIntDocSet$Filter",1,0.00,3.00,18,0.27,21184.49,2,1,7,5,2,39.86,9,22,0,1,89.86,0.00,0.00,1.00,0,0.00,3,816.25,0,1,2,java.lang.Object,0.00,4,0,3,0,4,0,0,9,155,0
"org.apache.solr.search.SortedIntDocSet$Filter$DocIdSet",2,0.00,1.00,5,0.03,330.65,2,0,7,3,1,142.30,0,9,0,1,142.30,0.00,0.00,0.00,0,2.00,1,86.05,0,1,1,java.lang.Object,0.00,1,0,2,0,1,1,0,0,27,0
"org.apache.solr.search.SortedIntDocSet$Filter$DocIdSet$DocIdSetIterator",3,0.50,3.33,27,0.32,34532.41,5,2,7,3,0,153.15,4,38,0,1,103.15,0.00,0.00,0.83,0,0.00,7,969.19,0,0,0,java.lang.Object,0.00,0,0,10,0,0,3,0,4,199,0
"org.apache.solr.search.Sorting",1,0.00,5.00,9,0.15,6687.41,2,1,1,3,5,104.44,16,14,2,1,104.91,0.00,0.00,1.00,0,0.00,5,446.83,0,1,3,java.lang.Object,0.00,2,0,5,0,2,0,0,2,100,1
"org.apache.solr.search.SpatialBoxQParserPlugin",2,1.00,1.00,5,0.06,831.58,3,1,3,3,7,139.15,0,11,1,3,139.15,0.00,0.67,0.00,0,2.00,1,192.33,0,1,6,org.apache.solr.search.SpatialFilterQParserPlugin,0.00,1,2,2,0,1,1,0,0,50,1
"org.apache.solr.search.SpatialFilterQParser",2,1.00,4.50,33,0.61,39073.00,3,1,11,12,15,41.95,19,44,2,2,91.95,0.00,0.50,0.50,0,2.00,8,1835.41,1,1,13,org.apache.solr.search.QParser,0.09,10,1,9,0,10,1,0,10,305,1
"org.apache.solr.search.SpatialFilterQParserPlugin",2,1.00,1.00,5,0.06,784.98,3,1,3,3,7,119.20,28,10,2,2,139.35,1.00,0.33,0.00,0,2.00,1,180.29,0,1,6,org.apache.solr.search.QParserPlugin,0.00,1,1,2,1,1,1,0,1,47,1
"org.apache.solr.search.SpatialFilterTest",7,0.00,1.57,72,1.16,30345.00,7,0,3,8,1,125.57,23,87,0,3,104.95,0.00,0.67,0.00,2,7.00,5,3490.83,7,0,1,org.apache.solr.SolrTestCaseJ4,0.00,1,2,11,0,1,7,0,20,637,1
"org.apache.solr.search.SpatialOptions",3,7.00,1.00,18,0.16,2277.28,10,7,2,3,7,159.18,8,22,5,1,119.29,0.00,0.00,0.00,0,3.00,1,494.34,0,0,2,java.lang.Object,0.00,0,0,3,0,0,3,0,2,120,1
"org.apache.solr.search.SurroundQParser",2,0.17,3.50,30,0.49,22201.78,8,6,11,12,14,144.98,3,45,1,2,94.98,0.00,0.50,0.25,0,2.00,6,1470.22,2,1,13,org.apache.solr.search.QParser,0.09,10,1,7,0,10,1,0,3,265,0
"org.apache.solr.search.SurroundQParserPlugin",2,1.00,1.00,5,0.06,815.63,3,1,11,3,10,106.99,13,11,1,2,139.21,0.00,0.50,0.00,0,2.00,1,186.14,0,1,10,org.apache.solr.search.QParserPlugin,0.00,1,1,2,0,1,1,0,1,49,1
"org.apache.solr.search.TermOrdValComparator_SML",9,0.09,2.00,60,0.76,27033.62,17,8,9,21,14,164.43,9,83,7,2,114.43,0.00,0.50,0.04,0,16.00,7,2273.32,0,3,7,org.apache.lucene.search.FieldComparator,0.59,12,1,18,0,12,6,0,9,464,0
"org.apache.solr.search.TermOrdValComparator_SML$AnyOrdComparator",3,0.50,3.00,30,0.33,13590.50,4,1,9,6,1,144.54,6,40,0,2,104.65,0.00,0.50,0.67,0,1.00,5,1001.65,0,0,1,org.apache.solr.search.PerSegmentComparator,0.00,3,1,9,0,3,3,0,6,207,3
"org.apache.solr.search.TermOrdValComparator_SML$ByteOrdComparator",3,0.50,3.00,30,0.33,14432.42,4,1,9,5,1,144.33,6,40,0,2,104.45,0.00,0.50,0.67,0,1.00,5,982.65,0,0,1,org.apache.solr.search.PerSegmentComparator,0.00,2,1,9,0,2,3,0,6,201,3
"org.apache.solr.search.TermOrdValComparator_SML$IntOrdComparator",3,0.50,3.00,30,0.32,13394.05,4,1,9,5,1,144.59,6,40,0,2,104.70,0.00,0.50,0.67,0,1.00,5,948.29,0,0,1,org.apache.solr.search.PerSegmentComparator,0.00,2,1,9,0,2,3,0,6,197,3
"org.apache.solr.search.TermOrdValComparator_SML$PerSegmentComparator",5,0.43,2.80,63,0.67,27543.54,16,11,9,9,2,101.05,2,80,0,2,101.05,0.00,0.50,0.44,0,0.00,5,2019.31,0,2,2,org.apache.lucene.search.FieldComparator,0.46,4,1,14,0,4,3,0,2,410,3
"org.apache.solr.search.TermOrdValComparator_SML$ShortOrdComparator",3,0.50,3.00,30,0.33,14432.42,4,1,9,5,1,144.33,6,40,0,2,104.45,0.00,0.50,0.67,0,1.00,5,982.65,0,0,1,org.apache.solr.search.PerSegmentComparator,0.00,2,1,9,0,2,3,0,6,201,3
"org.apache.solr.search.TermQParserPlugin",2,1.00,1.00,5,0.05,464.34,3,1,9,3,11,98.85,15,9,1,2,141.14,0.00,0.50,0.00,0,2.00,1,141.84,0,1,11,org.apache.solr.search.QParserPlugin,0.00,1,1,2,0,1,1,0,1,39,1
"org.apache.solr.search.TermQParserPlugin$QParser",1,0.00,2.00,11,0.15,4548.04,1,0,9,9,6,103.19,0,14,0,1,103.19,0.00,0.00,0.00,0,1.00,2,451.18,0,1,6,java.lang.Object,0.00,8,0,2,0,8,0,0,0,90,0
"org.apache.solr.search.TestDocSet",18,0.10,2.67,232,2.66,134670.48,22,4,15,59,15,57.72,135,216,0,2,100.01,0.00,0.50,0.15,10,34.00,8,7980.02,0,10,15,org.apache.lucene.util.LuceneTestCase,0.00,41,1,48,0,41,8,0,23,1557,1
"org.apache.solr.search.TestDocSet$FilterIndexReader",3,0.00,1.00,7,0.04,510.41,3,0,15,3,1,142.20,0,13,0,1,142.20,0.00,0.00,0.00,0,3.00,1,124.53,0,1,1,java.lang.Object,0.00,0,0,3,0,0,2,0,0,39,0
"org.apache.solr.search.TestExtendedDismaxParser",5,0.00,1.00,63,1.46,45461.28,5,0,1,5,1,57.28,35,167,0,3,99.57,0.00,0.67,0.00,0,5.00,1,4375.86,7,2,1,org.apache.solr.util.AbstractSolrTestCase,0.32,0,2,5,0,0,3,0,18,672,1
"org.apache.solr.search.TestFastLRUCache",14,0.00,2.50,280,4.53,221433.18,14,0,9,70,6,109.81,49,277,0,2,89.19,0.00,0.50,0.00,4,14.00,6,13591.68,0,1,6,org.apache.lucene.util.LuceneTestCase,0.00,56,1,35,0,56,13,0,13,2321,1
"org.apache.solr.search.TestFastLRUCache$CacheRegenerator",1,0.00,1.00,4,0.04,577.51,1,0,9,2,2,126.80,0,6,0,1,126.80,0.00,0.00,0.00,0,1.00,1,124.69,0,0,2,java.lang.Object,0.00,1,0,1,0,1,1,0,0,31,0
"org.apache.solr.search.TestFastLRUCache$Thread",1,0.00,1.00,4,0.04,539.08,1,0,9,3,0,127.03,0,6,0,1,127.03,0.00,0.00,0.00,0,1.00,1,122.20,0,0,0,java.lang.Object,0.00,2,0,1,0,2,1,0,0,30,0
"org.apache.solr.search.TestFiltering",5,0.50,10.20,190,3.14,320868.51,6,1,7,36,5,73.92,24,219,0,3,73.68,0.00,0.67,0.60,2,2.00,25,9428.16,7,2,5,org.apache.solr.SolrTestCaseJ4,0.00,31,2,51,0,31,3,0,24,1485,1
"org.apache.solr.search.TestFiltering$Model",1,0.00,1.00,12,0.08,1505.96,5,4,7,3,1,105.72,0,14,0,1,105.72,0.00,0.00,1.00,0,0.00,1,246.16,0,0,1,java.lang.Object,0.00,2,0,1,0,2,1,0,0,66,0
"org.apache.solr.search.TestIndexSearcher",4,0.00,1.00,65,1.18,60537.90,4,0,11,23,6,133.05,10,72,0,3,93.17,0.00,0.67,0.00,1,4.00,1,3538.84,9,1,6,org.apache.solr.SolrTestCaseJ4,0.05,19,2,4,0,19,3,0,10,603,1
"org.apache.solr.search.TestLRUCache",5,0.00,2.00,94,1.60,76574.94,5,0,6,19,3,141.06,6,91,0,2,91.06,0.00,0.50,0.00,2,5.00,4,4786.32,0,1,3,org.apache.lucene.util.LuceneTestCase,0.00,14,1,10,0,14,4,0,4,820,1
"org.apache.solr.search.TestLRUCache$CacheRegenerator",1,0.00,1.00,4,0.05,759.90,1,0,6,2,2,125.86,0,7,0,1,125.86,0.00,0.00,0.00,0,1.00,1,148.23,0,0,2,java.lang.Object,0.00,1,0,1,0,1,1,0,0,35,0
"org.apache.solr.search.TestPseudoReturnFields",14,2.00,1.29,78,1.75,45217.29,16,2,8,27,1,117.24,8,340,0,3,117.24,0.00,0.67,0.00,0,14.00,3,5239.44,5,0,1,org.apache.solr.SolrTestCaseJ4,0.00,13,2,18,0,13,14,0,4,1015,1
"org.apache.solr.search.TestQueryTypes",6,0.00,1.83,91,2.17,162926.91,6,0,2,8,2,59.85,36,253,0,3,92.07,0.00,0.67,0.00,0,6.00,6,6513.11,7,3,2,org.apache.solr.util.AbstractSolrTestCase,0.32,2,2,11,0,2,3,0,36,899,1
"org.apache.solr.search.TestQueryUtils",7,0.00,1.43,83,1.54,54731.21,7,0,7,19,7,141.30,19,222,0,3,101.41,0.00,0.67,0.00,2,7.00,4,4634.40,6,2,7,org.apache.solr.util.AbstractSolrTestCase,0.31,12,2,10,0,12,5,0,17,749,1
"org.apache.solr.search.TestRangeQuery",7,0.83,4.00,168,3.98,534850.62,8,1,9,32,8,120.63,19,194,0,3,80.74,0.00,0.67,0.29,2,13.00,14,11951.97,8,0,8,org.apache.solr.SolrTestCaseJ4,0.05,25,2,28,0,25,7,0,19,1827,1
"org.apache.solr.search.TestRangeQuery$DocProcessor",1,0.00,1.00,2,0.01,34.23,1,0,9,1,1,147.69,0,3,0,1,147.69,0.00,0.00,0.00,0,1.00,1,24.41,0,0,1,,0.00,0,0,1,0,0,1,0,0,10,0
"org.apache.solr.search.TestRangeQuery$DocProcessor_0",1,0.00,1.00,3,0.02,124.93,1,0,9,2,1,136.69,0,4,0,1,136.69,0.00,0.00,0.00,0,1.00,1,58.19,0,0,1,java.lang.Object,0.00,1,0,1,0,1,1,0,0,18,0
"org.apache.solr.search.TestRealTimeGet",5,0.04,2.60,81,1.02,45193.24,12,7,13,27,5,52.42,37,110,2,3,94.71,0.00,0.67,0.17,1,8.00,6,3072.98,8,0,3,org.apache.solr.SolrTestCaseJ4,0.00,22,2,13,0,22,5,0,6,576,1
"org.apache.solr.search.TestRealTimeGet$Thread",1,0.00,18.00,63,0.90,71867.50,2,1,13,19,2,32.75,6,85,0,1,64.97,0.00,0.00,1.00,0,0.00,18,2701.42,0,0,2,java.lang.Object,0.00,18,0,18,0,18,1,0,6,411,0
"org.apache.solr.search.TestRealTimeGet$Thread_0",1,0.00,9.00,33,0.60,30345.30,2,1,13,19,3,78.79,4,45,0,1,78.56,0.00,0.00,1.00,0,0.00,9,1789.41,0,0,3,java.lang.Object,0.00,18,0,9,0,18,1,0,4,282,0
"org.apache.solr.search.TestSearchPerf",13,0.46,2.00,144,2.17,83391.69,15,2,11,52,16,152.01,19,156,0,3,102.01,0.00,0.67,0.08,5,35.00,9,6517.44,6,3,16,org.apache.solr.util.AbstractSolrTestCase,0.27,39,2,26,0,39,10,0,17,1139,1
"org.apache.solr.search.TestSolrQueryParser",4,0.00,1.00,36,0.45,15522.51,4,0,4,14,3,107.14,3,48,0,3,107.14,0.00,0.67,0.00,1,4.00,1,1352.89,6,0,3,org.apache.solr.SolrTestCaseJ4,0.00,10,2,4,0,10,4,0,3,281,1
"org.apache.solr.search.TestSort",4,0.11,7.25,156,3.06,285903.20,10,6,18,72,25,122.97,7,175,0,3,72.97,0.00,0.67,0.25,0,0.00,14,9193.14,1,1,25,org.apache.solr.SolrTestCaseJ4,0.00,68,2,29,0,68,3,0,7,1341,1
"org.apache.solr.search.TestSort$Collector",4,0.67,1.00,12,0.12,2014.05,5,1,18,9,1,131.92,0,20,0,1,131.92,0.00,0.00,0.50,0,4.00,1,359.24,0,0,1,java.lang.Object,0.00,5,0,4,0,5,4,0,0,93,0
"org.apache.solr.search.TestSort$Comparator<MyDoc>",1,0.00,10.00,14,0.23,13794.09,1,0,18,2,0,95.12,0,16,0,1,95.12,0.00,0.00,0.00,0,1.00,10,680.47,0,0,0,java.lang.Object,0.00,1,0,10,0,1,1,0,0,138,0
"org.apache.solr.search.TestSort$Filter",1,0.00,1.00,3,0.03,451.63,1,0,18,3,1,132.30,0,5,0,1,132.30,0.00,0.00,0.00,0,1.00,1,97.92,0,1,1,java.lang.Object,0.00,2,0,1,0,2,0,0,0,26,0
"org.apache.solr.search.TestSort$MyDoc",1,0.00,1.00,6,0.05,493.71,4,3,18,1,0,120.76,0,9,0,1,120.76,0.00,0.00,1.00,0,0.00,1,150.48,0,1,0,java.lang.Object,0.00,0,0,1,0,0,0,0,0,40,1
"org.apache.solr.search.TestSurroundQueryParser",5,0.00,1.00,31,0.35,8703.96,5,0,1,5,1,156.34,10,43,0,3,116.45,0.00,0.67,0.00,0,5.00,1,1035.81,7,2,1,org.apache.solr.util.AbstractSolrTestCase,0.32,0,2,5,0,0,3,0,10,218,1
"org.apache.solr.search.ValueSourceParser",8,0.71,2.12,143,1.62,80658.03,9,1,27,35,33,114.02,27,153,8,1,93.40,0.00,0.00,0.38,3,14.00,5,4856.14,0,3,27,java.lang.Object,0.00,27,0,17,4,27,5,1,13,891,2
"org.apache.solr.search.ValueSourceParser$DateValueSourceParser",4,1.00,4.50,32,0.58,38428.96,5,1,27,20,9,126.22,12,46,0,2,105.60,0.00,0.50,0.25,1,6.00,11,1743.66,0,3,9,org.apache.solr.search.ValueSourceParser,0.17,16,1,18,0,16,1,0,12,341,0
"org.apache.solr.search.ValueSourceParser$DateValueSourceParser$DualFloatFunction_69",2,0.00,1.00,5,0.05,945.09,2,0,27,3,1,138.71,0,9,0,1,138.71,0.00,0.00,0.00,0,2.00,1,162.41,0,1,1,java.lang.Object,0.00,1,0,2,0,1,1,0,0,44,0
"org.apache.solr.search.ValueSourceParser$DateValueSourceParser$LongConstValueSource",2,0.00,1.00,5,0.05,697.38,2,0,27,3,1,139.75,0,9,0,1,139.75,0.00,0.00,0.00,0,2.00,1,147.96,0,1,1,java.lang.Object,0.00,1,0,2,0,1,1,0,0,40,0
"org.apache.solr.search.ValueSourceParser$DateValueSourceParser$LongConstValueSource_68",2,0.00,1.00,5,0.05,691.53,2,0,27,3,1,139.78,0,9,0,1,139.78,0.00,0.00,0.00,0,2.00,1,144.06,0,1,1,java.lang.Object,0.00,1,0,2,0,1,1,0,0,39,0
"org.apache.solr.search.ValueSourceParser$Double2Parser",1,0.00,1.00,3,0.05,733.88,1,0,27,3,1,130.64,0,5,0,1,130.64,0.00,0.00,0.00,0,1.00,1,136.71,0,0,1,java.lang.Object,0.00,2,0,1,0,2,1,0,0,35,0
"org.apache.solr.search.ValueSourceParser$Double2Parser_39",1,0.00,1.00,3,0.05,733.88,1,0,27,3,1,130.64,0,5,0,1,130.64,0.00,0.00,0.00,0,1.00,1,136.71,0,0,1,java.lang.Object,0.00,2,0,1,0,2,1,0,0,35,0
"org.apache.solr.search.ValueSourceParser$Double2Parser_40",1,0.00,1.00,3,0.05,733.88,1,0,27,3,1,130.64,0,5,0,1,130.64,0.00,0.00,0.00,0,1.00,1,136.71,0,0,1,java.lang.Object,0.00,2,0,1,0,2,1,0,0,35,0
"org.apache.solr.search.ValueSourceParser$DoubleParser",1,0.00,1.00,3,0.04,516.14,1,0,27,2,2,131.84,0,5,0,1,131.84,0.00,0.00,0.00,0,1.00,1,107.52,0,0,2,java.lang.Object,0.00,1,0,1,0,1,1,0,0,28,0
"org.apache.solr.search.ValueSourceParser$DoubleParser_21",1,0.00,1.00,3,0.04,516.14,1,0,27,2,2,131.84,0,5,0,1,131.84,0.00,0.00,0.00,0,1.00,1,107.52,0,0,2,java.lang.Object,0.00,1,0,1,0,1,1,0,0,28,0
"org.apache.solr.search.ValueSourceParser$DoubleParser_22",1,0.00,1.00,3,0.04,445.17,1,0,27,3,1,132.35,0,5,0,1,132.35,0.00,0.00,0.00,0,1.00,1,105.62,0,0,1,java.lang.Object,0.00,2,0,1,0,2,1,0,0,28,0
"org.apache.solr.search.ValueSourceParser$DoubleParser_23",1,0.00,1.00,3,0.04,445.17,1,0,27,3,1,132.35,0,5,0,1,132.35,0.00,0.00,0.00,0,1.00,1,105.62,0,0,1,java.lang.Object,0.00,2,0,1,0,2,1,0,0,28,0
"org.apache.solr.search.ValueSourceParser$DoubleParser_24",1,0.00,1.00,3,0.04,445.17,1,0,27,3,1,132.35,0,5,0,1,132.35,0.00,0.00,0.00,0,1.00,1,105.62,0,0,1,java.lang.Object,0.00,2,0,1,0,2,1,0,0,28,0
"org.apache.solr.search.ValueSourceParser$DoubleParser_25",1,0.00,1.00,3,0.04,445.17,1,0,27,3,1,132.35,0,5,0,1,132.35,0.00,0.00,0.00,0,1.00,1,105.62,0,0,1,java.lang.Object,0.00,2,0,1,0,2,1,0,0,28,0
"org.apache.solr.search.ValueSourceParser$DoubleParser_26",1,0.00,1.00,3,0.04,445.17,1,0,27,3,1,132.35,0,5,0,1,132.35,0.00,0.00,0.00,0,1.00,1,105.62,0,0,1,java.lang.Object,0.00,2,0,1,0,2,1,0,0,28,0
"org.apache.solr.search.ValueSourceParser$DoubleParser_27",1,0.00,1.00,3,0.04,445.17,1,0,27,3,1,132.35,0,5,0,1,132.35,0.00,0.00,0.00,0,1.00,1,105.62,0,0,1,java.lang.Object,0.00,2,0,1,0,2,1,0,0,28,0
"org.apache.solr.search.ValueSourceParser$DoubleParser_28",1,0.00,1.00,3,0.04,445.17,1,0,27,3,1,132.35,0,5,0,1,132.35,0.00,0.00,0.00,0,1.00,1,105.62,0,0,1,java.lang.Object,0.00,2,0,1,0,2,1,0,0,28,0
"org.apache.solr.search.ValueSourceParser$DoubleParser_29",1,0.00,1.00,3,0.04,445.17,1,0,27,3,1,132.35,0,5,0,1,132.35,0.00,0.00,0.00,0,1.00,1,105.62,0,0,1,java.lang.Object,0.00,2,0,1,0,2,1,0,0,28,0
"org.apache.solr.search.ValueSourceParser$DoubleParser_30",1,0.00,1.00,3,0.04,445.17,1,0,27,3,1,132.35,0,5,0,1,132.35,0.00,0.00,0.00,0,1.00,1,105.62,0,0,1,java.lang.Object,0.00,2,0,1,0,2,1,0,0,28,0
"org.apache.solr.search.ValueSourceParser$DoubleParser_31",1,0.00,1.00,3,0.04,445.17,1,0,27,3,1,132.35,0,5,0,1,132.35,0.00,0.00,0.00,0,1.00,1,105.62,0,0,1,java.lang.Object,0.00,2,0,1,0,2,1,0,0,28,0
"org.apache.solr.search.ValueSourceParser$DoubleParser_32",1,0.00,1.00,3,0.04,445.17,1,0,27,3,1,132.35,0,5,0,1,132.35,0.00,0.00,0.00,0,1.00,1,105.62,0,0,1,java.lang.Object,0.00,2,0,1,0,2,1,0,0,28,0
"org.apache.solr.search.ValueSourceParser$DoubleParser_33",1,0.00,1.00,3,0.04,445.17,1,0,27,3,1,132.35,0,5,0,1,132.35,0.00,0.00,0.00,0,1.00,1,105.62,0,0,1,java.lang.Object,0.00,2,0,1,0,2,1,0,0,28,0
"org.apache.solr.search.ValueSourceParser$DoubleParser_34",1,0.00,1.00,3,0.04,445.17,1,0,27,3,1,132.35,0,5,0,1,132.35,0.00,0.00,0.00,0,1.00,1,105.62,0,0,1,java.lang.Object,0.00,2,0,1,0,2,1,0,0,28,0
"org.apache.solr.search.ValueSourceParser$DoubleParser_35",1,0.00,1.00,3,0.04,445.17,1,0,27,3,1,132.35,0,5,0,1,132.35,0.00,0.00,0.00,0,1.00,1,105.62,0,0,1,java.lang.Object,0.00,2,0,1,0,2,1,0,0,28,0
"org.apache.solr.search.ValueSourceParser$DoubleParser_36",1,0.00,1.00,3,0.04,445.17,1,0,27,3,1,132.35,0,5,0,1,132.35,0.00,0.00,0.00,0,1.00,1,105.62,0,0,1,java.lang.Object,0.00,2,0,1,0,2,1,0,0,28,0
"org.apache.solr.search.ValueSourceParser$DoubleParser_37",1,0.00,1.00,3,0.04,445.17,1,0,27,3,1,132.35,0,5,0,1,132.35,0.00,0.00,0.00,0,1.00,1,105.62,0,0,1,java.lang.Object,0.00,2,0,1,0,2,1,0,0,28,0
"org.apache.solr.search.ValueSourceParser$DoubleParser_38",1,0.00,1.00,3,0.04,445.17,1,0,27,3,1,132.35,0,5,0,1,132.35,0.00,0.00,0.00,0,1.00,1,105.62,0,0,1,java.lang.Object,0.00,2,0,1,0,2,1,0,0,28,0
"org.apache.solr.search.ValueSourceParser$DoubleParser_71",3,0.00,1.00,8,0.07,753.60,3,0,27,5,4,140.87,0,12,0,2,140.87,0.00,0.50,0.00,0,3.00,1,202.94,0,1,4,org.apache.solr.search.NamedParser,0.00,2,1,3,0,2,2,0,0,58,1
"org.apache.solr.search.ValueSourceParser$DoubleParser_71$Double2Parser_72",3,0.00,1.00,8,0.08,965.95,3,0,27,5,4,140.02,0,12,0,2,140.02,0.00,0.50,0.00,0,3.00,1,226.85,0,1,4,org.apache.solr.search.NamedParser,0.00,2,1,3,0,2,2,0,0,63,1
"org.apache.solr.search.ValueSourceParser$DoubleParser_71$Double2Parser_72$BoolConstValueSource",11,0.30,1.64,26,0.25,4199.65,12,1,27,13,3,139.33,0,48,0,3,139.33,0.00,0.67,0.73,0,0.00,2,745.20,0,3,3,org.apache.lucene.queries.function.valuesource.ConstNumberSource,0.96,2,2,18,0,2,8,0,0,193,0
"org.apache.solr.search.ValueSourceParser$DoubleParser_71$Double2Parser_72$BoolConstValueSource$BoolDocValues",1,0.00,1.00,3,0.02,180.53,1,0,27,1,0,135.43,0,5,0,1,135.43,0.00,0.00,0.00,0,0.00,1,58.21,0,0,0,java.lang.Object,0.00,0,0,1,0,0,1,0,0,18,0
"org.apache.solr.search.ValueSourceParser$DoubleParser_71$Double2Parser_72$Function_73",6,0.00,1.17,24,0.33,9844.33,8,2,27,13,4,123.19,4,37,0,2,123.19,0.00,0.50,0.50,1,6.00,2,980.87,0,2,4,org.apache.lucene.queries.function.ValueSource,0.29,7,1,7,0,7,4,0,1,231,0
"org.apache.solr.search.ValueSourceParser$DoubleParser_71$Double2Parser_72$Function_73$DoubleDocValues_74",2,0.00,1.00,5,0.07,1051.02,2,0,27,6,0,138.35,0,9,0,1,138.35,0.00,0.00,0.00,0,2.00,1,212.27,0,1,0,java.lang.Object,0.00,4,0,2,0,4,1,0,0,54,0
"org.apache.solr.search.ValueSourceParser$DoubleParser_71$Function",3,0.00,1.00,8,0.07,1248.67,3,0,27,6,4,139.14,0,14,0,3,139.14,0.00,0.67,0.00,0,4.00,1,215.66,0,2,4,org.apache.lucene.queries.function.valuesource.SingleFunction,0.18,3,2,3,0,3,1,0,0,58,0
"org.apache.solr.search.ValueSourceParser$DoubleParser_71$Function$DoubleDocValues",2,0.00,1.00,5,0.06,768.98,2,0,27,5,0,139.42,0,9,0,1,139.42,0.00,0.00,0.00,0,2.00,1,168.92,0,1,0,java.lang.Object,0.00,3,0,2,0,3,1,0,0,45,0
"org.apache.solr.search.ValueSourceParser$LongConstValueSource_70",11,0.10,1.09,30,0.26,4430.50,14,3,27,13,3,139.24,0,52,0,3,139.24,0.00,0.67,0.24,0,23.00,2,771.85,0,3,3,org.apache.lucene.queries.function.valuesource.ConstNumberSource,0.96,2,2,12,0,2,8,0,0,206,0
"org.apache.solr.search.ValueSourceParser$LongConstValueSource_70$LongDocValues",5,0.00,1.00,11,0.08,931.50,5,0,27,6,0,141.89,0,21,0,1,141.89,0.00,0.00,0.00,0,13.00,1,253.50,0,1,0,java.lang.Object,0.00,1,0,5,0,1,4,0,0,73,0
"org.apache.solr.search.ValueSourceParser$MVResult",0,0.00,0.00,3,0.01,138.68,2,2,27,0,1,171.00,0,4,0,1,171.00,0.00,0.00,0.00,0,0.00,0,44.38,0,0,1,java.lang.Object,0.00,0,0,0,0,0,0,0,0,14,2
"org.apache.solr.search.ValueSourceParser$NamedParser",2,1.00,1.00,6,0.03,408.90,3,1,27,2,1,135.01,0,9,0,2,135.01,0.00,0.50,0.50,0,2.00,1,103.84,0,1,1,org.apache.solr.search.ValueSourceParser,0.00,0,1,2,0,0,1,0,0,32,1
"org.apache.solr.search.ValueSourceParser$TInfo",0,0.00,0.00,5,0.03,253.51,4,4,27,0,0,171.00,0,6,0,1,171.00,0.00,0.00,0.00,0,0.00,0,78.87,0,0,0,java.lang.Object,0.00,0,0,0,0,0,0,0,0,22,2
"org.apache.solr.search.ValueSourceParser$ValueSourceParser",1,0.00,1.00,4,0.04,742.41,1,0,27,3,4,125.94,0,6,0,1,125.94,0.00,0.00,0.00,0,1.00,1,120.37,0,1,4,java.lang.Object,0.00,2,0,1,0,2,0,0,0,30,0
"org.apache.solr.search.ValueSourceParser$ValueSourceParser_0",1,0.00,1.00,3,0.03,494.83,1,0,27,3,4,131.98,0,5,0,1,131.98,0.00,0.00,0.00,0,1.00,1,93.84,0,1,4,java.lang.Object,0.00,2,0,1,0,2,0,0,0,25,0
"org.apache.solr.search.ValueSourceParser$ValueSourceParser_1",1,0.00,1.00,4,0.04,742.41,1,0,27,3,4,125.94,0,6,0,1,125.94,0.00,0.00,0.00,0,1.00,1,120.37,0,1,4,java.lang.Object,0.00,2,0,1,0,2,0,0,0,30,0
"org.apache.solr.search.ValueSourceParser$ValueSourceParser_10",1,0.00,1.00,4,0.06,1777.83,1,0,27,5,4,122.95,0,6,0,1,122.95,0.00,0.00,0.00,0,1.00,1,189.11,0,1,4,java.lang.Object,0.00,4,0,1,0,4,0,0,0,43,0
"org.apache.solr.search.ValueSourceParser$ValueSourceParser_11",1,0.00,1.00,5,0.04,950.23,1,0,27,3,3,121.48,0,7,0,1,121.48,0.00,0.00,0.00,0,1.00,1,133.10,0,1,3,java.lang.Object,0.00,2,0,1,0,2,0,0,0,34,0
"org.apache.solr.search.ValueSourceParser$ValueSourceParser_11$DualFloatFunction",2,0.00,1.00,5,0.05,945.09,2,0,27,3,1,138.71,0,9,0,1,138.71,0.00,0.00,0.00,0,2.00,1,162.41,0,1,1,java.lang.Object,0.00,1,0,2,0,1,1,0,0,44,0
"org.apache.solr.search.ValueSourceParser$ValueSourceParser_12",1,0.00,1.00,3,0.03,494.83,1,0,27,3,4,131.98,0,5,0,1,131.98,0.00,0.00,0.00,0,1.00,1,93.84,0,1,4,java.lang.Object,0.00,2,0,1,0,2,0,0,0,25,0
"org.apache.solr.search.ValueSourceParser$ValueSourceParser_13",1,0.00,2.00,7,0.07,1756.18,1,0,27,5,5,163.77,1,10,0,1,113.77,0.00,0.00,0.00,0,1.00,2,224.22,0,1,5,java.lang.Object,0.00,4,0,2,0,4,0,0,1,50,0
"org.apache.solr.search.ValueSourceParser$ValueSourceParser_14",1,0.00,1.00,6,0.07,1578.53,1,0,27,5,6,116.79,0,8,0,1,116.79,0.00,0.00,0.00,0,1.00,1,212.33,0,1,6,java.lang.Object,0.00,4,0,1,0,4,0,0,0,48,0
"org.apache.solr.search.ValueSourceParser$ValueSourceParser_15",1,0.00,1.00,5,0.05,1269.80,1,0,27,3,4,120.49,0,7,0,1,120.49,0.00,0.00,0.00,0,1.00,1,161.73,0,1,4,java.lang.Object,0.00,2,0,1,0,2,0,0,0,39,0
"org.apache.solr.search.ValueSourceParser$ValueSourceParser_16",1,0.00,3.00,26,0.36,23083.17,1,0,27,11,7,123.49,2,31,0,1,83.61,0.00,0.00,0.00,0,1.00,3,1068.74,0,1,7,java.lang.Object,0.00,10,0,3,0,10,0,0,2,191,0
"org.apache.solr.search.ValueSourceParser$ValueSourceParser_17",1,0.00,1.00,6,0.07,1772.71,1,0,27,4,4,116.39,0,8,0,1,116.39,0.00,0.00,0.00,0,1.00,1,207.04,0,1,4,java.lang.Object,0.00,3,0,1,0,3,0,0,0,48,0
"org.apache.solr.search.ValueSourceParser$ValueSourceParser_18",1,0.00,1.00,5,0.05,1373.41,1,0,27,3,4,120.22,0,7,0,1,120.22,0.00,0.00,0.00,0,1.00,1,159.27,0,1,4,java.lang.Object,0.00,2,0,1,0,2,0,0,0,39,0
"org.apache.solr.search.ValueSourceParser$ValueSourceParser_19",1,0.00,5.00,18,0.24,7908.39,1,0,27,13,8,93.11,0,22,0,1,93.11,0.00,0.00,0.00,0,1.00,5,734.10,0,1,8,java.lang.Object,0.00,12,0,5,0,12,0,0,0,137,0
"org.apache.solr.search.ValueSourceParser$ValueSourceParser_2",1,0.00,1.00,4,0.03,646.58,1,0,27,2,3,176.41,1,6,0,1,126.41,0.00,0.00,0.00,0,1.00,1,102.01,0,1,3,java.lang.Object,0.00,1,0,1,0,1,0,0,1,27,0
"org.apache.solr.search.ValueSourceParser$ValueSourceParser_20",1,0.00,1.00,5,0.07,1393.84,1,0,27,7,4,120.17,0,7,0,1,120.17,0.00,0.00,0.00,0,1.00,1,221.62,0,1,4,java.lang.Object,0.00,6,0,1,0,6,0,0,0,50,0
"org.apache.solr.search.ValueSourceParser$ValueSourceParser_3",1,0.00,1.00,6,0.07,1772.71,1,0,27,4,4,116.39,0,8,0,1,116.39,0.00,0.00,0.00,0,1.00,1,207.04,0,1,4,java.lang.Object,0.00,3,0,1,0,3,0,0,0,48,0
"org.apache.solr.search.ValueSourceParser$ValueSourceParser_4",1,0.00,1.00,7,0.08,2442.03,1,0,27,4,4,112.80,0,9,0,1,112.80,0.00,0.00,0.00,0,1.00,1,251.00,0,1,4,java.lang.Object,0.00,3,0,1,0,3,0,0,0,57,0
"org.apache.solr.search.ValueSourceParser$ValueSourceParser_41",1,0.00,1.00,4,0.06,1777.83,1,0,27,5,4,122.95,0,6,0,1,122.95,0.00,0.00,0.00,0,1.00,1,189.11,0,1,4,java.lang.Object,0.00,4,0,1,0,4,0,0,0,43,0
"org.apache.solr.search.ValueSourceParser$ValueSourceParser_42",1,0.00,1.00,4,0.06,1777.83,1,0,27,5,4,122.95,0,6,0,1,122.95,0.00,0.00,0.00,0,1.00,1,189.11,0,1,4,java.lang.Object,0.00,4,0,1,0,4,0,0,0,43,0
"org.apache.solr.search.ValueSourceParser$ValueSourceParser_43",1,0.00,1.00,5,0.07,1649.58,1,0,27,4,4,119.59,0,7,0,1,119.59,0.00,0.00,0.00,0,1.00,1,202.95,0,1,4,java.lang.Object,0.00,3,0,1,0,3,0,0,0,45,0
"org.apache.solr.search.ValueSourceParser$ValueSourceParser_44",1,0.00,1.00,6,0.08,2138.32,1,0,27,5,4,115.75,0,8,0,1,115.75,0.00,0.00,0.00,0,1.00,1,253.34,0,1,4,java.lang.Object,0.00,4,0,1,0,4,0,0,0,54,0
"org.apache.solr.search.ValueSourceParser$ValueSourceParser_45",1,0.00,1.00,3,0.03,428.99,1,0,27,2,4,132.47,0,5,0,1,132.47,0.00,0.00,0.00,0,1.00,1,91.40,0,1,4,java.lang.Object,0.00,1,0,1,0,1,0,0,0,24,0
"org.apache.solr.search.ValueSourceParser$ValueSourceParser_46",1,0.00,1.00,3,0.03,428.99,1,0,27,2,4,132.47,0,5,0,1,132.47,0.00,0.00,0.00,0,1.00,1,91.40,0,1,4,java.lang.Object,0.00,1,0,1,0,1,0,0,0,24,0
"org.apache.solr.search.ValueSourceParser$ValueSourceParser_47",1,0.00,1.00,4,0.06,1190.99,1,0,27,3,4,124.32,0,6,0,1,124.32,0.00,0.00,0.00,0,1.00,1,173.06,0,1,4,java.lang.Object,0.00,2,0,1,0,2,0,0,0,40,0
"org.apache.solr.search.ValueSourceParser$ValueSourceParser_48",1,0.00,1.00,4,0.06,1190.99,1,0,27,3,4,124.32,0,6,0,1,124.32,0.00,0.00,0.00,0,1.00,1,173.06,0,1,4,java.lang.Object,0.00,2,0,1,0,2,0,0,0,40,0
"org.apache.solr.search.ValueSourceParser$ValueSourceParser_49",1,0.00,1.00,4,0.04,742.41,1,0,27,3,4,125.94,0,6,0,1,125.94,0.00,0.00,0.00,0,1.00,1,120.37,0,1,4,java.lang.Object,0.00,2,0,1,0,2,0,0,0,30,0
"org.apache.solr.search.ValueSourceParser$ValueSourceParser_5",1,0.00,1.00,6,0.07,1772.71,1,0,27,4,4,116.39,0,8,0,1,116.39,0.00,0.00,0.00,0,1.00,1,207.04,0,1,4,java.lang.Object,0.00,3,0,1,0,3,0,0,0,48,0
"org.apache.solr.search.ValueSourceParser$ValueSourceParser_50",1,0.00,1.00,4,0.06,1190.99,1,0,27,3,4,124.32,0,6,0,1,124.32,0.00,0.00,0.00,0,1.00,1,173.06,0,1,4,java.lang.Object,0.00,2,0,1,0,2,0,0,0,40,0
"org.apache.solr.search.ValueSourceParser$ValueSourceParser_51",1,0.00,1.00,4,0.06,1190.99,1,0,27,3,4,124.32,0,6,0,1,124.32,0.00,0.00,0.00,0,1.00,1,173.06,0,1,4,java.lang.Object,0.00,2,0,1,0,2,0,0,0,40,0
"org.apache.solr.search.ValueSourceParser$ValueSourceParser_52",1,0.00,1.00,4,0.06,1190.99,1,0,27,3,4,124.32,0,6,0,1,124.32,0.00,0.00,0.00,0,1.00,1,173.06,0,1,4,java.lang.Object,0.00,2,0,1,0,2,0,0,0,40,0
"org.apache.solr.search.ValueSourceParser$ValueSourceParser_53",1,0.00,1.00,4,0.04,742.41,1,0,27,3,4,125.94,0,6,0,1,125.94,0.00,0.00,0.00,0,1.00,1,120.37,0,1,4,java.lang.Object,0.00,2,0,1,0,2,0,0,0,30,0
"org.apache.solr.search.ValueSourceParser$ValueSourceParser_54",1,0.00,1.00,3,0.02,315.62,1,0,27,2,4,133.52,0,5,0,1,133.52,0.00,0.00,0.00,0,1.00,1,74.42,0,1,4,java.lang.Object,0.00,1,0,1,0,1,0,0,0,21,0
"org.apache.solr.search.ValueSourceParser$ValueSourceParser_55",1,0.00,1.00,3,0.02,315.62,1,0,27,2,4,133.52,0,5,0,1,133.52,0.00,0.00,0.00,0,1.00,1,74.42,0,1,4,java.lang.Object,0.00,1,0,1,0,1,0,0,0,21,0
"org.apache.solr.search.ValueSourceParser$ValueSourceParser_56",1,0.00,1.00,3,0.03,336.00,1,0,27,2,3,133.31,0,5,0,1,133.31,0.00,0.00,0.00,0,1.00,1,80.00,0,1,3,java.lang.Object,0.00,1,0,1,0,1,0,0,0,22,0
"org.apache.solr.search.ValueSourceParser$ValueSourceParser_57",1,0.00,1.00,3,0.03,336.00,1,0,27,2,3,133.31,0,5,0,1,133.31,0.00,0.00,0.00,0,1.00,1,80.00,0,1,3,java.lang.Object,0.00,1,0,1,0,1,0,0,0,22,0
"org.apache.solr.search.ValueSourceParser$ValueSourceParser_58",1,0.00,1.00,4,0.03,568.41,1,0,27,3,3,126.85,0,6,0,1,126.85,0.00,0.00,0.00,0,1.00,1,97.92,0,1,3,java.lang.Object,0.00,2,0,1,0,2,0,0,0,26,0
"org.apache.solr.search.ValueSourceParser$ValueSourceParser_58$SimpleBoolFunction",2,0.00,1.00,5,0.04,511.68,2,0,27,3,1,140.81,0,9,0,1,140.81,0.00,0.00,0.00,0,2.00,1,122.38,0,1,1,java.lang.Object,0.00,1,0,2,0,1,1,0,0,35,0
"org.apache.solr.search.ValueSourceParser$ValueSourceParser_59",1,0.00,1.00,4,0.03,568.41,1,0,27,3,3,126.85,0,6,0,1,126.85,0.00,0.00,0.00,0,1.00,1,97.92,0,1,3,java.lang.Object,0.00,2,0,1,0,2,0,0,0,26,0
"org.apache.solr.search.ValueSourceParser$ValueSourceParser_59$SimpleBoolFunction_60",2,0.00,1.00,5,0.04,594.44,2,0,27,3,1,140.30,0,9,0,1,140.30,0.00,0.00,0.00,0,2.00,1,128.15,0,1,1,java.lang.Object,0.00,1,0,2,0,1,1,0,0,36,0
"org.apache.solr.search.ValueSourceParser$ValueSourceParser_6",1,0.00,1.00,5,0.05,1373.41,1,0,27,3,4,120.22,0,7,0,1,120.22,0.00,0.00,0.00,0,1.00,1,159.27,0,1,4,java.lang.Object,0.00,2,0,1,0,2,0,0,0,39,0
"org.apache.solr.search.ValueSourceParser$ValueSourceParser_61",1,0.00,1.00,4,0.04,804.35,1,0,27,3,3,125.66,0,6,0,1,125.66,0.00,0.00,0.00,0,1.00,1,116.05,0,1,3,java.lang.Object,0.00,2,0,1,0,2,0,0,0,29,0
"org.apache.solr.search.ValueSourceParser$ValueSourceParser_61$MultiBoolFunction",2,0.00,2.00,6,0.07,1457.23,2,0,27,3,1,130.50,0,11,0,1,130.50,0.00,0.00,0.00,0,2.00,3,197.43,0,1,1,java.lang.Object,0.00,1,0,4,0,1,1,0,0,49,0
"org.apache.solr.search.ValueSourceParser$ValueSourceParser_62",1,0.00,1.00,4,0.04,804.35,1,0,27,3,3,125.66,0,6,0,1,125.66,0.00,0.00,0.00,0,1.00,1,116.05,0,1,3,java.lang.Object,0.00,2,0,1,0,2,0,0,0,29,0
"org.apache.solr.search.ValueSourceParser$ValueSourceParser_62$MultiBoolFunction_63",2,0.00,2.00,6,0.06,1296.06,2,0,27,3,1,130.90,0,11,0,1,130.90,0.00,0.00,0.00,0,2.00,3,190.85,0,1,1,java.lang.Object,0.00,1,0,4,0,1,1,0,0,48,0
"org.apache.solr.search.ValueSourceParser$ValueSourceParser_64",1,0.00,1.00,4,0.04,804.35,1,0,27,3,3,125.66,0,6,0,1,125.66,0.00,0.00,0.00,0,1.00,1,116.05,0,1,3,java.lang.Object,0.00,2,0,1,0,2,0,0,0,29,0
"org.apache.solr.search.ValueSourceParser$ValueSourceParser_64$MultiBoolFunction_65",2,0.00,2.00,9,0.10,4240.70,2,0,27,3,1,122.19,0,14,0,1,122.19,0.00,0.00,0.00,0,2.00,3,293.33,0,1,1,java.lang.Object,0.00,1,0,4,0,1,1,0,0,67,0
"org.apache.solr.search.ValueSourceParser$ValueSourceParser_66",1,0.00,1.00,6,0.07,2032.47,1,0,27,3,4,115.92,0,8,0,1,115.92,0.00,0.00,0.00,0,1.00,1,201.26,0,1,4,java.lang.Object,0.00,2,0,1,0,2,0,0,0,48,0
"org.apache.solr.search.ValueSourceParser$ValueSourceParser_67",1,0.00,1.00,3,0.03,494.83,1,0,27,3,4,131.98,0,5,0,1,131.98,0.00,0.00,0.00,0,1.00,1,93.84,0,1,4,java.lang.Object,0.00,2,0,1,0,2,0,0,0,25,0
"org.apache.solr.search.ValueSourceParser$ValueSourceParser_7",1,0.00,2.00,8,0.12,4074.91,1,0,27,5,4,108.72,0,10,0,1,108.72,0.00,0.00,0.00,0,1.00,2,346.58,0,1,4,java.lang.Object,0.00,4,0,2,0,4,0,0,0,73,0
"org.apache.solr.search.ValueSourceParser$ValueSourceParser_8",1,0.00,1.00,4,0.03,568.41,1,0,27,3,3,126.85,0,6,0,1,126.85,0.00,0.00,0.00,0,1.00,1,97.92,0,1,3,java.lang.Object,0.00,2,0,1,0,2,0,0,0,26,0
"org.apache.solr.search.ValueSourceParser$ValueSourceParser_8$SimpleFloatFunction",2,0.00,1.00,5,0.05,582.20,2,0,27,4,1,140.37,0,9,0,1,140.37,0.00,0.00,0.00,0,2.00,1,142.16,0,1,1,java.lang.Object,0.00,2,0,2,0,2,1,0,0,39,0
"org.apache.solr.search.ValueSourceParser$ValueSourceParser_9",1,0.00,1.00,4,0.06,1777.83,1,0,27,5,4,122.95,0,6,0,1,122.95,0.00,0.00,0.00,0,1.00,1,189.11,0,1,4,java.lang.Object,0.00,4,0,1,0,4,0,0,0,43,0
"org.apache.solr.search.WrappedQuery",12,0.18,1.08,30,0.29,5417.31,13,1,7,21,10,138.85,2,53,4,3,138.85,0.00,0.67,0.83,1,0.00,2,873.87,2,5,6,org.apache.solr.search.ExtendedQueryBase,0.40,9,2,13,0,9,7,0,2,233,1
"org.apache.lucene.analysis.fa.PersianAnalyzer",5,2.00,1.60,22,0.27,6468.05,7,2,14,15,12,79.80,58,34,1,3,123.93,0.00,0.67,0.00,0,7.00,2,813.79,0,3,11,org.apache.lucene.analysis.util.StopwordAnalyzerBase,0.00,10,2,8,0,10,2,0,11,182,2
"org.apache.lucene.analysis.fa.PersianAnalyzer$DefaultSetHolder",0,0.00,0.00,6,0.05,853.95,1,1,14,0,1,171.00,2,10,0,1,171.00,0.00,0.00,0.00,0,0.00,0,164.39,0,0,1,java.lang.Object,0.00,0,0,0,0,0,0,0,2,40,2
"org.apache.lucene.analysis.fa.PersianCharFilter",2,0.00,2.50,11,0.13,7537.45,2,0,3,2,4,156.44,4,18,2,4,116.55,0.00,0.75,0.00,0,2.00,4,385.51,1,0,2,org.apache.lucene.analysis.charfilter.CharFilter,0.36,0,3,5,0,0,2,0,1,84,1
"org.apache.lucene.analysis.fa.PersianNormalizationFilter",2,0.00,1.50,11,0.12,2515.75,4,2,4,8,7,160.31,5,17,3,4,120.42,0.00,0.75,0.50,0,2.00,2,367.15,0,0,4,org.apache.lucene.analysis.TokenFilter,0.29,6,3,3,0,6,2,0,1,85,2
"org.apache.lucene.analysis.fa.PersianNormalizer",1,0.00,7.00,27,0.29,9206.88,10,9,1,1,1,125.24,21,35,1,1,85.94,0.00,0.00,1.00,0,0.00,7,859.17,0,0,0,java.lang.Object,0.00,0,0,7,0,0,1,0,3,176,1
"org.apache.lucene.analysis.fa.TestPersianAnalyzer",8,0.00,1.00,83,1.39,59519.92,8,0,2,9,3,65.65,100,93,0,3,103.21,0.00,0.67,0.00,0,8.00,1,4182.69,3,0,3,org.apache.lucene.analysis.BaseTokenStreamTestCase,0.00,1,2,8,0,1,8,0,69,792,1
"org.apache.lucene.analysis.fa.TestPersianNormalizationFilter",7,0.00,1.00,17,0.15,2015.22,7,0,4,10,2,140.41,4,27,0,3,140.41,0.00,0.67,0.00,1,7.00,1,451.88,1,0,2,org.apache.lucene.analysis.BaseTokenStreamTestCase,0.00,3,2,7,0,3,7,0,1,120,1
"org.apache.lucene.index.codecs.preflexrw.PreFlexFieldsWriter",3,0.50,1.33,23,0.34,9016.62,8,5,17,10,14,112.02,2,36,1,2,112.02,0.00,0.50,0.53,0,1.00,2,1005.77,0,1,13,org.apache.lucene.index.codecs.FieldsConsumer,0.33,7,1,4,0,7,2,0,2,205,0
"org.apache.lucene.index.codecs.preflexrw.PreFlexFieldsWriter$PreFlexTermsWriter",5,0.05,1.40,26,0.34,6644.48,10,5,17,9,5,120.25,2,40,0,2,120.25,0.00,0.50,0.24,0,10.00,2,1009.90,0,2,5,org.apache.lucene.index.codecs.TermsConsumer,0.40,4,1,7,0,4,3,0,2,222,1
"org.apache.lucene.index.codecs.preflexrw.PreFlexFieldsWriter$PreFlexTermsWriter$PostingsWriter",4,0.42,3.00,46,0.57,41010.48,8,4,17,5,3,100.32,3,62,0,2,100.32,0.00,0.50,0.56,0,0.00,5,1697.03,0,1,3,org.apache.lucene.index.codecs.PostingsConsumer,0.50,1,1,12,0,1,3,0,3,320,1
"org.apache.lucene.index.codecs.preflexrw.PreFlexRWCodec",3,0.00,1.00,6,0.05,616.23,3,0,8,5,6,162.17,9,12,1,2,141.56,0.00,0.50,0.00,0,3.00,1,145.64,0,2,5,org.apache.lucene.index.codecs.preflex.PreFlexCodec,0.00,2,1,3,0,2,1,0,5,42,1
"org.apache.lucene.index.codecs.preflexrw.PreFlexRWCodec$PreFlexFields",1,0.00,4.00,14,0.15,4368.41,1,0,8,6,0,119.88,3,16,0,1,99.26,0.00,0.00,0.00,0,1.00,4,464.57,0,0,0,java.lang.Object,0.00,5,0,4,0,5,1,0,3,95,0
"org.apache.lucene.index.codecs.preflexrw.TermInfosWriter",8,0.21,3.62,114,1.83,111218.58,26,18,13,33,11,53.03,56,167,2,1,95.32,0.00,0.00,0.24,4,0.00,6,5500.05,0,0,9,java.lang.Object,0.00,25,0,29,0,25,8,1,43,994,1
"org.apache.lucene.index.values.Bytes",3,0.00,6.33,44,0.73,40429.04,3,0,25,17,21,132.34,90,59,3,1,95.30,0.00,0.00,0.00,0,3.00,9,2177.15,0,2,19,java.lang.Object,0.00,14,0,19,0,14,1,0,14,397,2
"org.apache.lucene.index.values.Bytes$BytesReaderBase",5,0.15,1.40,36,0.42,14358.16,10,5,25,11,9,162.17,6,54,0,2,112.17,0.00,0.50,0.32,0,0.00,3,1252.46,1,2,9,org.apache.lucene.index.values.IndexDocValues,0.33,6,1,7,0,6,3,0,2,254,2
"org.apache.lucene.index.values.Bytes$BytesSortedSourceBase",4,0.12,1.25,26,0.42,13396.23,12,8,25,13,6,114.16,0,36,0,2,114.16,0.00,0.50,0.22,0,8.00,2,1255.91,0,0,6,org.apache.lucene.index.values.IndexDocValues.SortedSource,0.00,9,1,5,0,9,4,0,0,253,2
"org.apache.lucene.index.values.Bytes$BytesSourceBase",1,5.00,1.00,16,0.22,6770.70,7,6,25,5,3,95.92,0,20,0,2,95.92,0.00,0.50,0.17,0,0.00,1,660.43,0,0,3,org.apache.lucene.index.values.IndexDocValues.Source,0.00,4,1,1,0,4,1,0,0,134,2
"org.apache.lucene.index.values.Bytes$BytesWriterBase",10,0.11,1.60,54,0.61,14506.80,18,8,25,18,10,119.92,6,82,0,3,119.92,0.00,0.67,0.22,1,30.00,3,1840.07,0,4,10,org.apache.lucene.index.values.Writer,0.24,8,2,16,0,8,6,0,3,393,2
"org.apache.lucene.index.values.Bytes$DerefBytesWriterBase",12,0.02,2.58,119,1.48,88705.99,17,5,25,31,12,104.72,3,146,0,2,104.72,0.00,0.50,0.22,5,22.00,6,4446.71,0,0,12,org.apache.lucene.index.values.BytesWriterBase,0.00,19,1,31,0,19,12,0,3,872,2
"org.apache.lucene.index.values.Bytes$Mode",0,0.00,0.00,2,0.01,71.32,0,0,25,0,0,171.00,3,5,0,1,171.00,0.00,0.00,0.00,0,0.00,0,28.53,0,0,0,java.lang.Object,0.00,0,0,0,0,0,0,0,1,9,2
"org.apache.lucene.index.values.DirectSource",5,0.17,2.20,41,0.44,11124.95,8,3,4,15,3,110.77,4,65,0,2,110.77,4.00,0.17,0.47,1,0.00,4,1330.56,0,1,3,org.apache.lucene.index.values.IndexDocValues.Source,0.00,10,1,11,4,10,4,0,1,284,1
"org.apache.lucene.index.values.DirectSource$ByteToLong",1,0.00,1.00,3,0.03,363.26,1,0,4,2,1,133.04,0,6,0,2,133.04,0.00,0.50,0.00,0,1.00,1,88.73,0,0,1,org.apache.lucene.index.values.ToNumeric,0.00,1,1,1,0,1,1,0,0,25,3
"org.apache.lucene.index.values.DirectSource$IntToLong",2,0.00,1.00,5,0.05,594.56,2,0,4,4,1,140.30,0,9,0,2,140.30,0.00,0.50,0.00,0,2.00,1,157.26,0,0,1,org.apache.lucene.index.values.ToNumeric,0.00,2,1,2,0,2,2,0,0,43,3
"org.apache.lucene.index.values.DirectSource$LongToLong",2,0.00,1.00,5,0.05,594.56,2,0,4,4,1,140.30,0,9,0,2,140.30,0.00,0.50,0.00,0,2.00,1,157.26,0,0,1,org.apache.lucene.index.values.ToNumeric,0.00,2,1,2,0,2,2,0,0,43,3
"org.apache.lucene.index.values.DirectSource$ShortToLong",1,0.00,1.00,3,0.03,363.26,1,0,4,2,1,133.04,0,6,0,2,133.04,0.00,0.50,0.00,0,1.00,1,88.73,0,0,1,org.apache.lucene.index.values.ToNumeric,0.00,1,1,1,0,1,1,0,0,25,3
"org.apache.lucene.index.values.DirectSource$ToNumeric",2,0.00,1.00,4,0.03,227.00,2,0,4,2,1,143.59,0,6,0,1,143.59,0.00,0.00,0.00,1,2.00,1,89.01,0,0,1,java.lang.Object,0.00,0,0,2,0,0,2,0,0,28,3
"org.apache.lucene.index.values.FixedDerefBytesImpl",0,0.00,0.00,8,0.08,1134.78,3,3,13,0,10,171.00,5,9,0,1,171.00,0.00,0.00,0.00,0,0.00,0,252.17,0,0,10,java.lang.Object,0.00,0,0,0,0,0,0,0,3,55,0
"org.apache.lucene.index.values.FixedDerefBytesImpl$DirectFixedDerefSource",2,0.00,1.00,10,0.12,1896.59,4,2,13,5,4,121.48,0,15,0,3,121.48,0.00,0.67,0.50,0,2.00,1,353.85,0,0,4,org.apache.lucene.index.values.DirectSource,0.43,3,2,2,0,3,2,0,0,84,2
"org.apache.lucene.index.values.FixedDerefBytesImpl$FixedDerefReader",4,0.33,1.00,13,0.16,1917.96,6,2,13,9,3,132.09,0,22,0,2,132.09,0.00,0.50,0.75,0,0.00,1,468.05,0,0,3,org.apache.lucene.index.values.Bytes.BytesReaderBase,0.00,5,1,4,0,5,4,0,0,112,2
"org.apache.lucene.index.values.FixedDerefBytesImpl$FixedDerefSource",2,0.50,1.00,10,0.15,2995.00,4,2,13,6,5,119.92,0,15,0,2,119.92,0.00,0.50,0.75,0,0.00,1,447.04,0,1,5,org.apache.lucene.index.values.Bytes.BytesSourceBase,0.00,4,1,2,0,4,1,0,0,100,2
"org.apache.lucene.index.values.FixedDerefBytesImpl$Writer",2,0.00,2.00,18,0.23,9141.17,2,0,13,10,5,106.42,0,22,0,2,106.42,0.00,0.50,0.00,0,2.00,3,685.32,0,0,5,org.apache.lucene.index.values.Bytes.DerefBytesWriterBase,0.00,8,1,4,0,8,2,0,0,135,2
"org.apache.lucene.index.values.FixedSortedBytesImpl",0,0.00,0.00,8,0.08,979.63,3,3,18,0,10,171.00,5,9,0,1,171.00,0.00,0.00,0.00,0,0.00,0,248.80,0,0,10,java.lang.Object,0.00,0,0,0,0,0,0,0,3,55,0
"org.apache.lucene.index.values.FixedSortedBytesImpl$DirectFixedSortedSource",4,0.20,1.50,28,0.32,7996.77,9,5,18,11,4,113.39,0,42,0,2,113.39,0.00,0.50,0.35,0,4.00,2,965.41,0,1,4,org.apache.lucene.index.values.IndexDocValues.SortedSource,0.00,7,1,6,0,7,3,0,0,207,2
"org.apache.lucene.index.values.FixedSortedBytesImpl$FixedSortedSource",3,0.25,1.00,12,0.14,2619.26,5,2,18,5,3,125.38,0,20,0,2,125.38,0.00,0.50,0.33,0,5.00,1,421.48,0,1,3,org.apache.lucene.index.values.Bytes.BytesSortedSourceBase,0.00,2,1,3,0,2,2,0,0,100,2
"org.apache.lucene.index.values.FixedSortedBytesImpl$Reader",4,0.56,1.00,15,0.20,3040.91,7,3,18,9,4,130.52,0,26,0,2,130.52,0.00,0.50,0.75,0,0.00,1,599.89,0,0,4,org.apache.lucene.index.values.Bytes.BytesReaderBase,0.00,5,1,4,0,5,4,0,0,135,2
"org.apache.lucene.index.values.FixedSortedBytesImpl$Writer",3,0.50,2.33,47,0.70,35504.00,4,1,18,24,11,144.86,3,58,0,2,94.86,0.00,0.50,0.67,0,2.00,3,2104.84,0,0,11,org.apache.lucene.index.values.Bytes.DerefBytesWriterBase,0.00,21,1,7,0,21,3,0,3,370,2
"org.apache.lucene.index.values.FixedStraightBytesImpl",0,0.00,0.00,10,0.11,1996.89,3,3,17,0,11,171.00,6,11,0,1,171.00,0.00,0.00,0.00,0,0.00,0,344.92,0,0,11,java.lang.Object,0.00,0,0,0,0,0,0,0,4,71,0
"org.apache.lucene.index.values.FixedStraightBytesImpl$DirectFixedStraightSource",2,1.00,1.00,8,0.08,1242.72,3,1,17,3,3,126.54,0,12,0,3,126.54,0.00,0.67,0.50,0,2.00,1,232.53,0,0,3,org.apache.lucene.index.values.DirectSource,0.43,1,2,2,0,1,2,0,0,59,3
"org.apache.lucene.index.values.FixedStraightBytesImpl$FixedBytesWriterBase",7,0.25,2.00,47,0.58,22618.58,11,4,17,16,6,114.18,1,61,0,2,114.18,0.00,0.50,0.46,1,0.00,5,1726.60,0,0,6,org.apache.lucene.index.values.Bytes.BytesWriterBase,0.00,9,1,14,0,9,7,0,1,356,2
"org.apache.lucene.index.values.FixedStraightBytesImpl$FixedStraightReader",6,0.10,1.17,17,0.23,3550.39,8,2,17,12,3,137.91,0,29,0,2,137.91,0.00,0.50,0.42,0,2.00,2,691.37,0,2,3,org.apache.lucene.index.values.Bytes.BytesReaderBase,0.00,6,1,7,0,6,4,0,0,164,2
"org.apache.lucene.index.values.FixedStraightBytesImpl$FixedStraightSource",2,1.00,1.00,7,0.10,1762.10,3,1,17,4,4,130.01,0,13,0,2,130.01,0.00,0.50,0.50,0,2.00,1,291.72,0,1,4,org.apache.lucene.index.values.Bytes.BytesSourceBase,0.00,2,1,2,0,2,1,0,0,70,3
"org.apache.lucene.index.values.FixedStraightBytesImpl$SingleByteSource",4,0.33,1.00,17,0.16,2912.26,5,1,17,6,4,126.00,0,27,0,2,126.00,0.00,0.50,0.75,0,0.00,1,478.56,0,2,4,org.apache.lucene.index.values.Source,0.00,2,1,4,0,2,2,0,0,114,3
"org.apache.lucene.index.values.FixedStraightBytesImpl$Writer",8,0.21,2.75,80,0.96,58863.88,10,2,17,19,7,103.02,5,112,0,2,103.02,0.00,0.50,0.31,2,20.00,8,2868.74,1,0,7,org.apache.lucene.index.values.FixedBytesWriterBase,0.00,11,1,22,0,11,8,0,5,542,1
"org.apache.lucene.index.values.Floats",3,3.00,1.00,15,0.21,3779.26,6,3,8,6,11,141.13,9,25,3,1,120.51,0.00,0.00,0.00,0,3.00,1,618.54,0,0,9,java.lang.Object,0.00,3,0,3,0,3,3,0,1,138,1
"org.apache.lucene.index.values.Floats$FloatsReader",2,0.00,1.00,11,0.14,2672.26,3,1,8,6,6,120.31,0,18,0,2,120.31,0.00,0.50,1.00,0,0.00,1,428.65,0,1,6,FixedStraightBytesImpl.FixedStraightReader,0.00,4,1,2,0,4,1,0,0,93,2
"org.apache.lucene.index.values.Floats$FloatsWriter",5,0.00,1.00,20,0.27,4733.25,7,2,8,12,8,125.11,1,30,0,2,125.11,0.00,0.50,0.50,1,0.00,1,804.46,1,0,8,FixedStraightBytesImpl.Writer,0.00,7,1,5,0,7,5,0,1,181,2
"org.apache.lucene.index.values.IndexDocValues",7,0.22,1.14,21,0.21,5415.24,10,3,10,12,40,92.86,87,28,33,1,130.43,0.00,0.00,0.14,0,18.00,2,637.93,0,0,9,java.lang.Object,0.00,5,0,8,4,5,7,1,10,155,2
"org.apache.lucene.index.values.IndexDocValues$SortedSource",8,1.00,1.50,33,0.34,18302.50,9,1,10,9,2,161.88,22,45,0,2,121.99,0.00,0.50,0.12,2,14.00,4,1013.64,0,3,2,org.apache.lucene.index.values.Source,0.00,1,1,12,0,1,5,0,4,233,3
"org.apache.lucene.index.values.IndexDocValues$Source",8,1.00,1.00,18,0.11,1079.59,9,1,10,9,2,125.12,45,27,0,1,143.00,0.00,0.00,0.12,0,14.00,1,324.55,0,2,2,java.lang.Object,0.00,1,0,8,0,1,6,0,7,97,3
"org.apache.lucene.index.values.IndexDocValuesArray",5,2.00,1.00,28,0.34,7864.27,7,2,8,7,15,140.37,19,37,11,2,119.75,6.00,0.12,0.00,0,5.00,1,1011.27,0,1,4,org.apache.lucene.index.values.IndexDocValues.Source,0.00,2,1,5,6,2,4,0,2,231,1
"org.apache.lucene.index.values.IndexDocValuesArray$ByteValues",6,0.40,1.00,18,0.20,3457.36,7,1,8,8,4,131.46,0,29,0,3,131.46,0.00,0.67,0.67,0,0.00,1,608.28,0,0,4,org.apache.lucene.index.values.IndexDocValuesArray,0.00,2,2,6,0,2,6,0,0,147,2
"org.apache.lucene.index.values.IndexDocValuesArray$DoubleValues",5,0.25,1.20,20,0.21,4539.38,6,1,8,8,4,125.21,4,28,0,3,125.21,0.00,0.67,0.80,0,0.00,2,641.98,0,0,4,org.apache.lucene.index.values.IndexDocValuesArray,0.00,3,2,6,0,3,5,0,1,148,2
"org.apache.lucene.index.values.IndexDocValuesArray$FloatValues",6,0.40,1.17,22,0.24,4832.11,7,1,8,11,5,130.28,4,32,0,3,130.28,0.00,0.67,0.67,0,0.00,2,733.98,0,0,5,org.apache.lucene.index.values.IndexDocValuesArray,0.00,5,2,7,0,5,6,0,1,171,2
"org.apache.lucene.index.values.IndexDocValuesArray$IntValues",6,0.40,1.17,22,0.23,4902.58,7,1,8,9,5,130.23,0,31,0,3,130.23,0.00,0.67,0.67,0,0.00,2,699.50,0,0,5,org.apache.lucene.index.values.IndexDocValuesArray,0.00,3,2,7,0,3,6,0,0,165,2
"org.apache.lucene.index.values.IndexDocValuesArray$LongValues",5,0.25,1.20,20,0.21,4402.21,6,1,8,7,4,125.31,0,28,0,3,125.31,0.00,0.67,0.80,0,0.00,2,617.25,0,0,4,org.apache.lucene.index.values.IndexDocValuesArray,0.00,2,2,6,0,2,5,0,0,144,2
"org.apache.lucene.index.values.IndexDocValuesArray$ShortValues",6,0.40,1.17,22,0.23,4623.25,7,1,8,9,5,130.43,0,31,0,3,130.43,0.00,0.67,0.67,0,0.00,2,689.59,0,0,5,org.apache.lucene.index.values.IndexDocValuesArray,0.00,3,2,7,0,3,6,0,0,163,2
"org.apache.lucene.index.values.Ints",5,3.00,1.40,25,0.37,9391.26,8,3,7,10,11,169.07,5,47,3,1,119.07,0.00,0.00,0.00,0,5.00,2,1120.69,0,1,9,java.lang.Object,0.00,5,0,7,0,5,4,0,1,239,2
"org.apache.lucene.index.values.Ints$IntsReader",2,0.00,1.00,12,0.15,2854.41,3,1,7,6,6,117.13,0,20,0,2,117.13,0.00,0.50,1.00,0,0.00,1,448.83,0,0,6,FixedStraightBytesImpl.FixedStraightReader,0.00,4,1,2,0,4,2,0,0,97,2
"org.apache.lucene.index.values.Ints$IntsWriter",6,0.40,1.00,20,0.30,4753.63,7,1,7,13,8,130.37,1,33,0,2,130.37,0.00,0.50,0.67,1,2.00,1,892.90,1,0,8,FixedStraightBytesImpl.Writer,0.00,7,1,6,0,7,6,0,1,202,1
"org.apache.lucene.index.values.MultiIndexDocValues",7,0.04,1.43,40,0.45,22268.79,11,4,4,16,7,167.26,8,53,2,2,117.26,0.00,0.50,0.29,1,20.00,4,1351.15,0,0,5,org.apache.lucene.index.values.IndexDocValues,0.57,9,1,10,0,9,7,0,2,287,1
"org.apache.lucene.index.values.MultiIndexDocValues$DocValuesIndex",1,4.00,1.00,9,0.08,1545.09,5,4,4,1,1,110.29,0,11,0,1,110.29,0.00,0.00,0.00,0,1.00,1,238.50,0,0,1,java.lang.Object,0.00,0,0,1,0,0,1,0,0,61,2
"org.apache.lucene.index.values.MultiIndexDocValues$EmptyDocValues",4,0.17,1.00,12,0.10,1337.68,6,2,4,6,2,133.32,0,20,0,2,133.32,0.00,0.50,0.38,0,0.00,1,294.41,0,0,2,org.apache.lucene.index.values.IndexDocValues,0.55,2,1,4,0,2,4,0,0,80,2
"org.apache.lucene.index.values.MultiIndexDocValues$EmptySource",4,0.00,1.00,10,0.08,954.36,4,0,4,4,2,141.05,0,19,0,2,141.05,0.00,0.50,0.00,0,4.00,1,226.86,0,1,2,org.apache.lucene.index.values.Source,0.00,0,1,4,0,0,3,0,0,64,2
"org.apache.lucene.index.values.MultiIndexDocValues$MultiSource",5,0.17,1.60,38,0.48,23891.53,11,6,4,14,2,110.39,2,49,0,2,110.39,0.00,0.50,0.30,1,0.00,4,1445.53,0,1,2,org.apache.lucene.index.values.Source,0.00,9,1,8,0,9,4,0,2,297,2
"org.apache.lucene.index.values.PackedIntValues",0,0.00,0.00,10,0.12,1661.42,5,5,14,0,10,171.00,9,11,0,1,171.00,0.00,0.00,0.00,0,0.00,0,346.13,0,0,10,java.lang.Object,0.00,0,0,0,0,0,0,0,2,72,0
"org.apache.lucene.index.values.PackedIntValues$DirectPackedIntsSource",4,0.11,1.50,20,0.22,4762.94,7,3,14,10,4,120.61,0,31,0,2,120.61,0.00,0.50,0.42,1,4.00,3,665.20,0,1,4,org.apache.lucene.index.values.IndexDocValues.Source,0.00,6,1,6,0,6,3,0,0,153,3
"org.apache.lucene.index.values.PackedIntValues$PackedIntsReader",5,0.25,2.00,37,0.45,13805.29,9,4,14,17,9,112.22,4,57,0,2,112.22,0.00,0.50,0.45,0,0.00,3,1353.02,1,2,9,org.apache.lucene.index.values.IndexDocValues,0.67,12,1,10,0,12,3,0,1,273,1
"org.apache.lucene.index.values.PackedIntValues$PackedIntsSource",2,1.33,1.50,13,0.14,3256.86,5,3,14,5,3,166.59,3,17,0,2,116.59,0.00,0.50,1.00,0,0.00,2,428.81,0,0,3,org.apache.lucene.index.values.IndexDocValues.Source,0.00,3,1,3,0,3,2,0,3,98,1
"org.apache.lucene.index.values.PackedIntValues$PackedIntsWriter",6,0.20,2.83,65,0.79,41470.84,10,4,14,24,8,103.22,5,84,0,2,103.22,0.00,0.50,0.42,2,10.00,5,2364.59,0,0,8,org.apache.lucene.index.values.FixedStraightBytesImpl.FixedBytesWriterBase,0.00,18,1,17,0,18,6,0,5,456,1
"org.apache.lucene.index.values.PerDocFieldValues",12,0.00,1.00,13,0.09,531.11,12,0,4,12,13,158.27,48,14,11,1,158.04,0.00,0.00,0.00,0,12.00,1,270.60,0,2,4,,0.00,0,0,12,0,0,10,0,13,93,1
"org.apache.lucene.index.values.SortedBytesMergeUtils",5,0.00,3.40,81,1.21,94170.99,5,0,14,25,10,74.27,27,101,2,1,92.14,0.00,0.00,0.00,1,5.00,5,3635.86,0,1,8,java.lang.Object,0.00,20,0,17,0,20,4,0,12,652,1
"org.apache.lucene.index.values.SortedBytesMergeUtils$MergeContext",1,4.00,2.00,16,0.20,6545.07,7,6,14,3,3,135.76,2,20,0,1,95.87,0.00,0.00,0.33,0,0.00,2,585.00,0,0,3,java.lang.Object,0.00,2,0,2,0,2,1,0,2,119,3
"org.apache.lucene.index.values.SortedBytesMergeUtils$MergeQueue",2,1.00,1.50,11,0.13,3265.14,3,1,14,3,2,119.53,1,17,0,2,119.53,0.00,0.50,0.50,0,2.00,2,381.14,0,0,2,org.apache.lucene.util.PriorityQueue,0.00,1,1,3,0,1,2,0,1,88,3
"org.apache.lucene.index.values.SortedBytesMergeUtils$MissingValueSource",4,1.00,1.00,12,0.10,1308.11,5,1,14,5,1,133.40,0,20,0,2,133.40,0.00,0.50,0.25,0,6.00,1,296.10,0,1,1,org.apache.lucene.index.values.IndexDocValues.SortedSource,0.00,1,1,4,0,1,3,0,0,81,3
"org.apache.lucene.index.values.SortedBytesMergeUtils$RecordMerger",3,0.70,2.33,30,0.32,12033.56,8,5,14,9,1,155.13,4,36,0,1,105.13,0.00,0.00,0.67,0,1.00,3,968.39,0,0,1,java.lang.Object,0.00,6,0,7,0,6,3,0,4,206,3
"org.apache.lucene.index.values.SortedBytesMergeUtils$SortedSourceSlice",4,0.08,2.00,40,0.42,13326.54,12,8,14,8,2,145.68,11,44,0,1,105.80,0.00,0.00,0.19,0,4.00,3,1270.81,0,1,2,java.lang.Object,0.00,4,0,8,0,4,3,0,6,272,1
"org.apache.lucene.index.values.SourceCache",3,0.00,1.00,6,0.05,466.98,3,0,3,3,3,122.37,43,8,2,1,142.51,0.00,0.00,0.00,1,3.00,1,138.29,0,1,2,java.lang.Object,0.00,0,0,3,1,0,2,0,5,43,2
"org.apache.lucene.index.values.SourceCache$DirectSourceCache",2,0.00,1.50,8,0.07,1252.52,3,1,3,3,2,126.42,0,12,0,2,126.42,0.00,0.50,1.00,0,0.00,2,198.04,0,1,2,org.apache.lucene.index.values.SourceCache,0.80,1,1,3,0,1,1,0,0,51,3
"org.apache.lucene.index.values.TestDocValues",19,1.00,2.89,335,5.34,409164.56,20,1,10,65,11,90.73,9,332,0,2,90.73,0.00,0.50,0.05,4,36.00,16,16025.05,0,2,11,org.apache.lucene.util.LuceneTestCase,0.00,46,1,55,0,46,17,0,9,2689,1
"org.apache.lucene.index.values.TestDocValuesIndexing",15,0.43,4.67,369,6.59,583606.43,17,2,33,104,29,122.90,36,475,0,2,83.02,0.00,0.50,0.10,6,50.00,19,19767.37,1,4,29,org.apache.lucene.util.LuceneTestCase,0.00,89,1,70,0,89,11,0,27,3107,1
"org.apache.lucene.index.values.TestTypePromotion",10,0.08,3.80,179,3.00,190518.20,14,4,20,69,15,130.98,23,242,0,2,91.09,0.00,0.50,0.18,3,38.00,13,9007.42,1,1,15,org.apache.lucene.util.LuceneTestCase,0.00,59,1,38,0,59,9,0,8,1497,1
"org.apache.lucene.index.values.TestTypePromotion$TestType",0,0.00,0.00,2,0.01,48.00,0,0,20,0,0,171.00,0,3,0,1,171.00,0.00,0.00,0.00,0,0.00,0,24.00,0,0,0,java.lang.Object,0.00,0,0,0,0,0,0,0,0,8,2
"org.apache.lucene.index.values.TypePromoter",7,0.15,1.57,66,1.18,65877.23,26,19,2,12,5,55.90,57,102,4,1,104.01,0.00,0.00,0.18,1,17.00,4,3548.35,0,4,1,java.lang.Object,0.00,5,0,11,1,5,3,0,11,672,1
"org.apache.lucene.index.values.TypePromoter$IdentityTypePromoter",2,0.00,1.00,5,0.03,367.20,2,0,2,2,1,141.94,0,9,0,2,141.94,0.00,0.50,0.00,0,2.00,1,99.38,0,0,1,org.apache.lucene.index.values.TypePromoter,0.22,0,1,2,0,0,2,0,0,31,2
"org.apache.lucene.index.values.ValueType",0,0.00,0.00,2,0.02,104.23,0,0,5,0,72,171.00,22,14,69,1,171.00,0.00,0.00,0.00,0,0.00,0,69.49,0,0,3,java.lang.Object,0.00,0,0,0,0,0,0,0,2,17,1
"org.apache.lucene.index.values.VarDerefBytesImpl",0,0.00,0.00,8,0.08,1114.15,3,3,13,0,10,171.00,15,9,0,1,171.00,0.00,0.00,0.00,0,0.00,0,247.59,0,0,10,java.lang.Object,0.00,0,0,0,0,0,0,0,5,54,0
"org.apache.lucene.index.values.VarDerefBytesImpl$DirectVarDerefSource",2,1.00,1.50,12,0.17,4936.66,3,1,13,6,4,115.17,1,18,0,3,115.17,0.00,0.67,0.50,0,2.00,2,495.18,0,0,4,org.apache.lucene.index.values.DirectSource,0.43,4,2,3,0,4,2,0,1,106,2
"org.apache.lucene.index.values.VarDerefBytesImpl$VarDerefReader",3,0.50,1.00,9,0.12,1440.62,4,1,13,7,3,132.09,0,16,0,2,132.09,0.00,0.50,0.67,0,1.00,1,359.21,0,0,3,org.apache.lucene.index.values.Bytes.BytesReaderBase,0.00,4,1,3,0,4,3,0,0,86,2
"org.apache.lucene.index.values.VarDerefBytesImpl$VarDerefSource",2,0.00,1.00,7,0.10,1498.86,3,1,13,6,5,130.56,0,14,0,2,130.56,0.00,0.50,1.00,0,0.00,1,302.88,0,1,5,org.apache.lucene.index.values.Bytes.BytesSourceBase,0.00,4,1,2,0,4,1,0,0,72,2
"org.apache.lucene.index.values.VarDerefBytesImpl$Writer",3,0.00,1.33,23,0.30,14511.51,3,0,13,12,5,160.39,4,28,0,2,110.39,0.00,0.50,0.00,0,4.00,2,914.19,0,0,5,org.apache.lucene.index.values.Bytes.DerefBytesWriterBase,0.00,9,1,4,0,9,3,0,4,177,1
"org.apache.lucene.index.values.VarSortedBytesImpl",0,0.00,0.00,8,0.09,1363.55,3,3,18,0,10,171.00,6,9,0,1,171.00,0.00,0.00,0.00,0,0.00,0,269.34,0,0,10,java.lang.Object,0.00,0,0,0,0,0,0,0,4,58,1
"org.apache.lucene.index.values.VarSortedBytesImpl$DirectSortedSource",4,0.33,1.50,33,0.41,12321.26,9,5,18,16,4,109.75,3,46,0,2,109.75,0.00,0.50,0.45,0,0.00,2,1243.45,0,1,4,org.apache.lucene.index.values.IndexDocValues.SortedSource,0.00,12,1,6,0,12,3,0,3,256,3
"org.apache.lucene.index.values.VarSortedBytesImpl$Reader",3,0.50,1.00,9,0.16,2310.07,4,1,18,6,4,130.47,0,18,0,2,130.47,0.00,0.50,0.67,0,2.00,1,470.25,0,2,4,org.apache.lucene.index.values.Bytes.BytesReaderBase,0.00,3,1,3,0,3,1,0,0,106,2
"org.apache.lucene.index.values.VarSortedBytesImpl$VarSortedSource",3,0.50,1.00,13,0.17,3863.07,4,1,18,8,3,124.05,1,20,0,2,124.05,0.00,0.50,0.67,0,1.00,1,507.36,0,1,3,org.apache.lucene.index.values.Bytes.BytesSortedSourceBase,0.00,5,1,3,0,5,2,0,1,115,3
"org.apache.lucene.index.values.VarSortedBytesImpl$Writer",4,0.67,2.00,62,0.94,53914.22,5,1,18,26,11,134.34,8,74,0,2,94.45,0.00,0.50,0.50,0,6.00,4,2824.80,0,0,11,org.apache.lucene.index.values.Bytes.DerefBytesWriterBase,0.00,22,1,8,0,22,4,0,8,482,2
"org.apache.lucene.index.values.VarStraightBytesImpl",0,0.00,0.00,8,0.09,1316.53,3,3,19,0,14,171.00,4,9,0,1,171.00,0.00,0.00,0.00,0,0.00,0,260.06,0,0,14,java.lang.Object,0.00,0,0,0,0,0,0,0,2,56,0
"org.apache.lucene.index.values.VarStraightBytesImpl$DirectVarStraightSource",2,1.00,1.00,10,0.13,2613.36,3,1,19,7,4,120.39,0,15,0,3,120.39,0.00,0.67,0.50,0,2.00,1,380.58,0,0,4,org.apache.lucene.index.values.DirectSource,0.43,5,2,2,0,5,2,0,0,88,3
"org.apache.lucene.index.values.VarStraightBytesImpl$VarStraightReader",3,1.00,1.00,9,0.12,1448.18,4,1,19,6,3,132.07,0,16,0,2,132.07,0.00,0.50,0.00,0,4.00,1,345.07,0,0,3,org.apache.lucene.index.values.Bytes.BytesReaderBase,0.00,3,1,3,0,3,3,0,0,84,2
"org.apache.lucene.index.values.VarStraightBytesImpl$VarStraightSource",2,0.00,1.00,8,0.13,2933.75,3,1,19,7,5,123.61,0,14,0,2,123.61,0.00,0.50,1.00,0,0.00,1,403.40,0,1,5,org.apache.lucene.index.values.Bytes.BytesSourceBase,0.00,5,1,2,0,5,1,0,0,92,3
"org.apache.lucene.index.values.VarStraightBytesImpl$Writer",7,0.44,3.29,129,1.61,125677.56,13,6,19,35,11,140.40,8,158,0,2,90.40,0.00,0.50,0.55,1,0.00,7,4817.91,1,0,11,org.apache.lucene.index.values.Bytes.BytesWriterBase,0.00,28,1,23,0,28,7,0,8,839,1
"org.apache.lucene.index.values.Writer",9,0.33,1.33,43,0.75,45883.39,12,3,9,17,18,75.15,103,74,11,2,119.28,1.00,0.33,0.04,2,16.00,3,2243.86,0,1,10,org.apache.lucene.index.codecs.DocValuesConsumer,0.13,8,1,12,1,8,8,0,18,431,2
"org.apache.solr.common.luke.FieldFlag",4,0.33,1.50,23,0.28,6383.04,6,2,0,7,4,101.74,21,40,4,1,119.61,0.00,0.00,0.25,0,8.00,3,849.76,0,2,0,java.lang.Object,0.00,3,0,6,0,3,2,0,3,175,1
"org.apache.solr.highlight.BreakIteratorBoundaryScanner",5,0.00,3.20,29,0.54,37158.40,5,0,7,15,6,164.18,5,48,0,3,114.18,0.00,0.67,0.00,0,5.00,12,1620.68,0,5,6,org.apache.solr.highlight.SolrBoundaryScanner,0.75,10,2,16,0,10,0,0,5,297,1
"org.apache.solr.highlight.DefaultEncoder",5,0.00,1.00,11,0.09,964.94,5,0,2,6,5,191.77,7,22,0,2,141.77,0.00,0.50,0.00,0,5.00,1,272.12,0,5,5,org.apache.solr.highlight.HighlightingPluginBase,0.57,1,1,5,0,1,0,1,4,76,1
"org.apache.solr.highlight.DefaultSolrHighlighter",23,0.29,3.35,271,4.85,321336.28,26,3,41,116,54,81.36,117,364,2,2,99.23,0.00,0.50,0.06,9,160.00,20,14553.70,1,12,52,org.apache.solr.highlight.SolrHighlighter,0.00,93,1,77,0,93,11,1,42,2495,1
"org.apache.solr.highlight.DefaultSolrHighlighter$Comparator<TextFragment>",1,0.00,1.00,3,0.04,541.40,1,0,41,3,1,131.68,0,4,0,1,131.68,0.00,0.00,0.00,0,1.00,1,113.42,0,0,1,java.lang.Object,0.00,2,0,1,0,2,1,0,0,31,0
"org.apache.solr.highlight.DummyHighlighter",2,0.00,1.00,6,0.08,1642.07,2,0,7,4,7,130.25,1,12,0,2,130.25,0.00,0.50,0.00,0,2.00,1,240.42,0,1,7,org.apache.solr.highlight.SolrHighlighter,0.00,2,1,2,0,2,1,0,1,55,1
"org.apache.solr.highlight.FastVectorHighlighterTest",3,0.00,1.00,38,0.58,16892.78,3,0,6,14,7,151.21,3,51,0,3,101.21,0.00,0.67,0.00,0,1.00,1,1731.29,6,0,7,org.apache.solr.SolrTestCaseJ4,0.00,11,2,3,0,11,3,0,3,321,1
"org.apache.solr.highlight.GapFragmenter",5,0.00,1.40,15,0.15,3217.40,5,0,9,9,13,131.01,3,28,1,2,131.01,0.00,0.50,0.00,0,8.00,3,442.56,0,5,12,org.apache.solr.highlight.HighlightingPluginBase,0.57,4,1,7,0,4,0,1,3,106,1
"org.apache.solr.highlight.HighlighterConfigTest",5,0.00,1.00,22,0.27,5082.97,5,0,4,13,4,174.86,6,31,0,3,124.86,0.00,0.67,0.00,0,8.00,1,811.79,7,2,4,org.apache.solr.util.AbstractSolrTestCase,0.32,8,2,5,0,8,3,0,6,166,1
"org.apache.solr.highlight.HighlighterTest",28,0.89,1.07,342,5.73,165777.35,29,1,15,55,11,151.02,48,629,0,3,101.02,0.00,0.67,0.14,0,0.00,3,17190.74,9,0,11,org.apache.solr.SolrTestCaseJ4,0.04,27,2,30,0,27,28,0,45,3059,1
"org.apache.solr.highlight.HighlightingPluginBase",9,0.44,1.22,22,0.18,3167.53,11,2,5,15,13,139.67,6,32,9,1,139.67,0.00,0.00,0.11,0,23.00,3,535.74,0,7,4,java.lang.Object,0.00,6,0,11,13,6,2,1,3,144,2
"org.apache.solr.highlight.HtmlEncoder",5,0.00,1.00,11,0.07,763.54,5,0,3,6,5,192.57,7,21,0,2,142.57,0.00,0.50,0.00,0,5.00,1,221.97,0,5,5,org.apache.solr.highlight.HighlightingPluginBase,0.57,1,1,5,0,1,0,1,4,66,1
"org.apache.solr.highlight.HtmlFormatter",5,0.00,1.20,14,0.14,2589.60,5,0,5,8,8,188.35,6,29,1,2,138.35,0.00,0.50,0.00,0,8.00,2,405.73,0,5,7,org.apache.solr.highlight.HighlightingPluginBase,0.57,3,1,6,0,3,0,1,4,101,1
"org.apache.solr.highlight.LuceneGapFragmenter",4,0.25,1.25,18,0.18,3868.90,8,4,9,7,10,164.87,10,28,1,2,124.98,0.00,0.50,0.44,0,4.00,2,539.03,0,0,9,org.apache.lucene.search.highlight.SimpleFragmenter,0.20,3,1,5,0,3,4,0,3,125,0
"org.apache.solr.highlight.LuceneRegexFragmenter",7,0.17,2.57,84,1.01,62990.57,24,17,13,21,10,81.52,37,114,1,1,99.39,0.00,0.00,0.20,1,25.00,10,3035.65,0,0,9,java.lang.Object,0.00,14,0,18,0,14,7,1,33,584,0
"org.apache.solr.highlight.OrderedToken",0,0.00,0.00,3,0.01,54.00,2,2,41,0,28,171.00,0,4,1,1,171.00,0.00,0.00,0.00,0,0.00,0,36.00,0,0,27,java.lang.Object,0.00,0,0,0,0,0,0,0,0,12,0
"org.apache.solr.highlight.RegexFragmenter",6,0.10,1.67,30,0.42,13773.23,8,2,13,14,12,138.96,20,47,0,2,118.34,0.00,0.50,0.42,0,6.00,4,1252.40,1,5,12,org.apache.solr.highlight.HighlightingPluginBase,0.53,8,1,10,0,8,1,1,4,252,1
"org.apache.solr.highlight.ScoreOrderFragmentsBuilder",5,0.00,1.00,13,0.15,3068.21,5,0,3,7,6,137.82,3,26,1,3,137.82,0.00,0.67,0.00,0,5.00,1,448.30,1,5,5,org.apache.solr.highlight.SolrFragmentsBuilder,0.60,2,2,5,0,2,0,0,3,109,1
"org.apache.solr.highlight.SimpleBoundaryScanner",5,0.00,1.20,19,0.22,6146.05,5,0,3,10,6,128.83,3,28,1,3,128.83,0.00,0.67,0.00,0,5.00,2,668.55,0,5,5,org.apache.solr.highlight.SolrBoundaryScanner,0.75,5,2,6,0,5,0,0,3,144,1
"org.apache.solr.highlight.SimpleFragListBuilder",5,0.00,1.20,14,0.12,1817.68,5,0,3,7,7,139.57,3,26,1,2,139.57,0.00,0.50,0.00,0,8.00,2,351.28,0,5,6,org.apache.solr.highlight.HighlightingPluginBase,0.57,2,1,6,0,2,0,1,3,91,1
"org.apache.solr.highlight.SimpleFragmentsBuilder",5,0.00,1.00,13,0.15,3068.21,5,0,3,7,5,137.82,3,26,0,3,137.82,0.00,0.67,0.00,0,5.00,1,448.30,1,5,5,org.apache.solr.highlight.SolrFragmentsBuilder,0.60,2,2,5,0,2,0,0,3,109,1
"org.apache.solr.highlight.SingleFragListBuilder",5,0.00,1.20,14,0.12,1817.68,5,0,3,7,6,139.57,3,26,0,2,139.57,0.00,0.50,0.00,0,8.00,2,351.28,0,5,6,org.apache.solr.highlight.HighlightingPluginBase,0.57,2,1,6,0,2,0,1,3,91,1
"org.apache.solr.highlight.SolrBoundaryScanner",2,0.00,1.50,7,0.07,1188.31,2,0,5,3,11,131.27,0,11,5,2,131.27,2.00,0.25,0.00,1,2.00,2,206.99,0,2,6,org.apache.solr.highlight.HighlightingPluginBase,0.00,1,1,3,2,1,0,2,0,52,2
"org.apache.solr.highlight.SolrEncoder",2,0.00,1.00,3,0.02,111.57,2,0,5,2,9,125.02,12,4,4,3,157.25,0.00,0.67,0.00,0,2.00,1,67.83,0,1,5,,0.00,0,2,2,0,0,1,0,2,23,1
"org.apache.solr.highlight.SolrFormatter",2,0.00,1.00,3,0.02,111.57,2,0,5,2,9,125.02,12,4,4,3,157.25,0.00,0.67,0.00,0,2.00,1,67.83,0,1,5,,0.00,0,2,2,0,0,1,0,2,23,1
"org.apache.solr.highlight.SolrFragListBuilder",2,0.00,1.00,3,0.02,98.26,2,0,5,2,10,139.81,11,4,5,3,157.68,0.00,0.67,0.00,0,2.00,1,58.95,0,1,5,,0.00,0,2,2,0,0,1,0,2,21,1
"org.apache.solr.highlight.SolrFragmenter",2,0.00,1.00,3,0.02,111.57,2,0,5,2,10,125.02,12,4,5,3,157.25,0.00,0.67,0.00,0,2.00,1,67.83,0,1,5,,0.00,0,2,2,0,0,1,0,2,23,1
"org.apache.solr.highlight.SolrFragmentsBuilder",6,0.40,1.83,30,0.43,15132.64,8,2,8,14,14,168.00,6,43,5,2,118.00,2.00,0.25,0.17,2,18.00,4,1296.29,0,5,9,org.apache.solr.highlight.HighlightingPluginBase,0.00,8,1,11,2,8,1,2,1,276,2
"org.apache.solr.highlight.SolrHighlighter",5,7.00,2.40,36,0.68,30749.19,12,7,16,23,21,67.15,35,54,8,1,109.44,0.00,0.00,0.00,1,5.00,8,2046.13,0,2,14,java.lang.Object,0.00,18,0,12,2,18,3,0,13,396,2
"org.apache.solr.highlight.TermOffsetsTokenStream",2,0.57,1.00,17,0.12,1629.29,9,7,41,4,29,114.39,0,20,2,1,114.39,0.00,0.00,0.43,0,0.00,1,373.96,0,1,27,java.lang.Object,0.00,2,0,2,0,2,1,0,0,89,0
"org.apache.solr.highlight.TermOffsetsTokenStream$MultiValuedStream",2,0.00,3.50,22,0.25,13732.59,4,2,41,6,2,101.65,0,32,0,3,101.65,0.00,0.67,0.50,0,0.00,6,736.62,0,0,2,org.apache.lucene.analysis.TokenStream,0.30,4,2,7,0,4,2,0,0,150,1
"org.apache.solr.highlight.TokenOrderingFilter",2,0.25,3.50,27,0.34,14724.18,6,4,41,14,29,138.59,5,36,1,4,98.71,0.00,0.75,0.38,0,2.00,6,1013.98,0,0,28,org.apache.lucene.analysis.TokenFilter,0.29,12,3,7,0,12,2,0,5,197,1
"org.apache.lucene.search.payloads.AveragePayloadFunction",5,0.00,2.00,21,0.28,7688.97,5,0,1,10,7,123.52,22,35,5,2,123.29,0.00,0.50,0.00,0,5.00,4,829.05,0,1,2,org.apache.lucene.search.payloads.PayloadFunction,0.40,5,1,10,0,5,4,0,2,189,1
"org.apache.lucene.search.payloads.MaxPayloadFunction",5,0.00,2.20,24,0.29,7912.90,5,0,1,11,5,123.40,22,39,3,2,123.17,0.00,0.50,0.00,0,5.00,4,872.56,0,1,2,org.apache.lucene.search.payloads.PayloadFunction,0.40,6,1,11,0,6,4,0,2,197,1
"org.apache.lucene.search.payloads.MinPayloadFunction",5,0.00,2.20,24,0.29,7912.90,5,0,1,11,4,123.40,20,39,2,2,123.17,0.00,0.50,0.00,0,5.00,4,872.56,0,1,2,org.apache.lucene.search.payloads.PayloadFunction,0.40,6,1,11,0,6,4,0,2,197,1
"org.apache.lucene.search.payloads.PayloadFunction",5,0.00,1.00,10,0.12,1473.66,5,0,1,8,8,108.10,31,14,7,1,140.32,0.00,0.00,0.00,0,5.00,1,348.43,0,1,1,java.lang.Object,0.00,3,0,5,3,3,4,0,3,93,2
"org.apache.lucene.search.payloads.PayloadHelper",2,0.43,1.50,30,0.48,15664.42,9,7,20,18,16,54.08,15,32,2,1,96.37,0.00,0.00,0.36,0,0.00,2,1435.53,0,1,14,java.lang.Object,0.00,16,0,3,0,16,1,0,5,264,1
"org.apache.lucene.search.payloads.PayloadHelper$PayloadAnalyzer",2,0.00,1.00,6,0.07,1204.68,2,0,20,6,1,131.31,0,10,0,2,131.31,0.00,0.50,0.00,0,2.00,1,205.73,0,1,1,org.apache.lucene.index.Analyzer,0.00,4,1,2,0,4,1,0,0,52,2
"org.apache.lucene.search.payloads.PayloadHelper$PayloadFilter",3,0.17,2.33,23,0.23,5744.56,6,3,20,7,2,113.44,0,33,0,2,113.44,0.00,0.50,0.44,0,1.00,5,703.55,1,0,2,org.apache.lucene.index.TokenFilter,0.00,4,1,7,0,4,3,0,0,153,2
"org.apache.lucene.search.payloads.PayloadNearQuery",7,0.08,3.00,58,0.75,31015.19,9,2,22,28,21,148.23,15,80,2,4,108.34,0.00,0.75,0.43,0,8.00,10,2236.58,3,3,19,org.apache.lucene.search.spans.SpanNearQuery,0.24,21,3,21,0,21,4,0,2,469,1
"org.apache.lucene.search.payloads.PayloadNearQuery$PayloadNearSpanScorer",5,0.25,2.40,47,0.66,31669.27,9,4,22,17,7,145.15,13,62,0,4,105.27,0.00,0.75,0.45,2,2.00,6,1974.94,1,0,7,org.apache.lucene.search.spans.SpanScorer,0.36,12,3,12,0,12,5,0,4,396,1
"org.apache.lucene.search.payloads.PayloadNearQuery$PayloadNearSpanWeight",3,0.00,1.67,25,0.49,20339.64,3,0,22,22,7,107.03,2,36,0,3,107.03,0.00,0.67,0.00,0,1.00,3,1478.39,0,2,7,org.apache.lucene.search.spans.SpanWeight,0.00,19,2,5,0,19,1,0,2,264,1
"org.apache.lucene.search.payloads.PayloadSpanUtil",4,1.00,7.00,100,1.55,183582.95,5,1,23,32,18,63.82,21,108,2,1,81.70,0.00,0.00,0.25,2,6.00,21,4636.19,0,1,16,java.lang.Object,0.00,28,0,28,0,28,3,0,3,747,1
"org.apache.lucene.search.payloads.PayloadTermQuery",3,2.00,1.00,12,0.10,1313.27,5,2,19,4,21,127.98,13,17,5,4,127.74,0.00,0.75,0.00,0,3.00,1,311.96,0,1,16,org.apache.lucene.search.spans.SpanTermQuery,0.00,1,3,3,0,1,2,0,1,81,1
"org.apache.lucene.search.payloads.PayloadTermQuery$PayloadTermWeight",5,0.00,3.40,49,0.82,39077.61,5,0,19,26,8,154.47,7,71,0,3,104.47,0.00,0.67,0.00,0,1.00,8,2464.24,2,2,8,org.apache.lucene.search.spans.SpanWeight,0.00,21,2,17,0,21,3,0,7,458,1
"org.apache.lucene.search.payloads.PayloadTermQuery$PayloadTermWeight$PayloadTermSpanScorer",6,0.15,1.83,37,0.48,15393.99,10,4,19,16,6,115.22,24,55,0,4,114.99,0.00,0.75,0.38,1,10.00,3,1431.41,1,0,6,org.apache.lucene.search.spans.SpanScorer,0.35,10,3,11,0,10,6,0,6,296,1
"org.apache.lucene.search.payloads.TestPayloadExplanations",6,1.00,1.67,35,0.44,10677.90,7,1,7,14,12,169.21,6,47,0,3,119.21,0.00,0.67,0.00,1,14.00,2,1318.02,2,1,12,org.apache.lucene.search.TestExplanations,0.00,8,2,10,0,8,5,0,4,287,1
"org.apache.lucene.search.payloads.TestPayloadExplanations$DefaultSimilarityProvider",1,0.00,1.00,3,0.02,161.45,1,0,7,2,1,135.81,0,5,0,1,135.81,0.00,0.00,0.00,0,1.00,1,49.51,0,1,1,java.lang.Object,0.00,1,0,1,0,1,0,0,0,16,0
"org.apache.lucene.search.payloads.TestPayloadExplanations$DefaultSimilarityProvider$DefaultSimilarity",1,0.00,1.00,3,0.04,723.56,1,0,7,2,0,130.68,0,5,0,1,130.68,0.00,0.00,0.00,0,1.00,1,126.59,0,0,0,java.lang.Object,0.00,1,0,1,0,1,1,0,0,31,0
"org.apache.lucene.search.payloads.TestPayloadNearQuery",12,0.03,1.83,178,2.62,107772.92,18,6,29,45,29,136.86,29,177,0,2,96.98,0.00,0.50,0.19,1,0.00,5,7861.12,0,3,29,org.apache.lucene.util.LuceneTestCase,0.00,33,1,22,0,33,9,0,23,1415,1
"org.apache.lucene.search.payloads.TestPayloadNearQuery$BoostingSimilarityProvider",3,0.00,1.00,7,0.04,322.48,3,0,29,4,1,143.77,0,11,0,1,143.77,0.00,0.00,0.00,0,3.00,1,117.25,0,1,1,java.lang.Object,0.00,1,0,3,0,1,2,1,0,37,1
"org.apache.lucene.search.payloads.TestPayloadNearQuery$BoostingSimilarityProvider$DefaultSimilarity",5,0.00,1.00,11,0.12,1794.93,5,0,29,8,4,189.65,5,21,0,1,139.65,0.00,0.00,0.00,0,5.00,1,367.76,0,1,4,java.lang.Object,0.00,3,0,5,0,3,4,0,5,95,0
"org.apache.lucene.search.payloads.TestPayloadNearQuery$PayloadAnalyzer",1,0.00,1.00,4,0.06,1129.68,1,0,29,4,1,124.50,0,7,0,2,124.50,0.00,0.50,0.00,0,1.00,1,175.73,0,1,1,org.apache.lucene.index.Analyzer,0.00,3,1,1,0,3,0,0,0,42,2
"org.apache.lucene.search.payloads.TestPayloadNearQuery$PayloadFilter",3,0.00,1.67,21,0.20,4812.06,6,3,29,6,2,114.12,0,29,0,2,114.12,0.00,0.50,0.33,0,1.00,3,593.80,1,0,2,org.apache.lucene.index.TokenFilter,0.00,3,1,5,0,3,3,0,0,133,2
"org.apache.lucene.search.payloads.TestPayloadTermQuery",8,0.10,2.00,129,2.23,103374.07,15,7,32,46,30,114.16,30,145,0,2,93.55,0.00,0.50,0.23,0,0.00,4,6689.90,0,0,30,org.apache.lucene.util.LuceneTestCase,0.00,38,1,16,0,38,8,0,23,1175,1
"org.apache.lucene.search.payloads.TestPayloadTermQuery$BoostingSimilarityProvider",3,0.00,1.00,7,0.04,322.48,3,0,32,4,1,143.77,0,11,0,1,143.77,0.00,0.00,0.00,0,3.00,1,117.25,0,1,1,java.lang.Object,0.00,1,0,3,0,1,2,1,0,37,1
"org.apache.lucene.search.payloads.TestPayloadTermQuery$BoostingSimilarityProvider$DefaultSimilarity",5,0.00,1.20,11,0.12,1872.22,5,0,32,7,1,189.46,5,21,0,1,139.46,0.00,0.00,0.00,0,5.00,2,359.07,0,0,1,java.lang.Object,0.00,2,0,6,0,2,5,0,5,94,0
"org.apache.lucene.search.payloads.TestPayloadTermQuery$DefaultSimilarityProvider",1,0.00,1.00,3,0.02,238.65,1,0,32,2,1,134.48,0,5,0,1,134.48,0.00,0.00,0.00,0,1.00,1,63.51,0,1,1,java.lang.Object,0.00,1,0,1,0,1,0,0,0,19,0
"org.apache.lucene.search.payloads.TestPayloadTermQuery$FullSimilarity",1,0.00,1.00,3,0.03,383.82,1,0,32,1,0,182.85,1,5,0,2,132.85,0.00,0.50,0.00,0,1.00,1,99.51,0,0,0,org.apache.lucene.index.DefaultSimilarity,0.00,0,1,1,0,0,1,0,1,27,1
"org.apache.lucene.search.payloads.TestPayloadTermQuery$PayloadAnalyzer",2,0.00,1.00,6,0.07,1204.68,2,0,32,6,1,131.31,0,10,0,2,131.31,0.00,0.50,0.00,0,2.00,1,205.73,0,1,1,org.apache.lucene.index.Analyzer,0.00,4,1,2,0,4,1,0,0,52,2
"org.apache.lucene.search.payloads.TestPayloadTermQuery$PayloadFilter",3,0.17,2.33,25,0.25,6790.30,6,3,32,7,2,110.70,0,35,0,2,110.70,0.00,0.50,0.44,0,1.00,5,746.33,1,0,2,org.apache.lucene.index.TokenFilter,0.00,4,1,7,0,4,3,0,0,160,2
"org.apache.solr.uima.processor.ae.AEProvider",1,0.00,1.00,2,0.01,51.30,1,0,2,1,2,128.43,5,3,2,1,146.30,0.00,0.00,0.00,0,1.00,1,27.65,0,1,0,,0.00,0,0,1,0,0,0,0,1,11,1
"org.apache.solr.uima.processor.ae.AEProviderFactory",3,0.25,1.67,13,0.16,4917.03,5,2,2,11,4,163.00,6,20,2,1,123.11,0.00,0.00,0.33,0,5.00,2,490.05,0,1,2,java.lang.Object,0.00,8,0,5,0,8,2,0,2,111,1
"org.apache.solr.uima.processor.ae.OverridingParamsAEProvider",3,0.25,4.67,41,0.76,34967.24,7,4,9,32,2,97.31,13,63,1,1,97.07,0.00,0.00,0.42,1,1.00,7,2283.86,0,2,1,java.lang.Object,0.00,29,0,14,0,29,1,1,7,414,1
"org.apache.lucene.analysis.util.CharArrayMap",31,0.00,2.45,239,3.08,184418.54,41,10,8,57,12,130.16,111,294,11,2,109.55,1.00,0.33,0.10,6,382.00,7,9241.67,1,5,2,java.util.AbstractMap,0.00,26,1,76,1,26,26,0,31,1868,1
"org.apache.lucene.analysis.util.CharArrayMap$CharArraySet",4,0.00,1.00,9,0.08,991.38,4,0,8,5,0,140.92,0,17,0,1,140.92,0.00,0.00,0.00,0,4.00,1,245.53,0,0,0,java.lang.Object,0.00,1,0,4,0,1,4,0,0,68,0
"org.apache.lucene.analysis.util.CharArrayMap$EmptyCharArrayMap<V>",7,0.00,1.86,21,0.25,4872.12,7,0,8,9,1,130.67,0,41,0,2,130.67,0.00,0.50,0.00,0,7.00,2,746.00,0,0,1,org.apache.lucene.analysis.util.UnmodifiableCharArrayMap,0.00,2,1,13,0,2,7,0,0,180,3
"org.apache.lucene.analysis.util.CharArrayMap$EntryIterator",9,0.00,1.22,30,0.25,4799.82,12,3,8,12,0,131.68,5,41,0,1,131.68,0.00,0.00,0.33,2,7.00,2,744.63,0,2,0,java.lang.Object,0.00,3,0,11,0,3,7,1,5,188,1
"org.apache.lucene.analysis.util.CharArrayMap$EntrySet",6,0.80,1.50,20,0.25,7677.10,7,1,8,13,1,128.64,0,34,0,2,128.64,0.00,0.50,0.33,0,14.00,3,745.18,0,1,1,java.util.AbstractSet,0.00,7,1,9,0,7,5,0,0,173,2
"org.apache.lucene.analysis.util.CharArrayMap$MapEntry",5,0.00,1.40,17,0.20,4496.74,7,2,8,9,1,129.86,2,27,0,1,129.86,0.00,0.00,0.50,0,0.00,2,595.55,0,2,1,java.lang.Object,0.00,4,0,7,0,4,3,1,2,144,2
"org.apache.lucene.analysis.util.CharArrayMap$UnmodifiableCharArrayMap",8,0.00,1.00,17,0.16,2137.62,8,0,8,10,1,140.66,0,33,0,3,140.66,0.00,0.67,0.00,0,8.00,1,489.24,0,1,1,org.apache.lucene.analysis.util.CharArrayMap,0.23,2,2,8,0,2,7,0,0,135,1
"org.apache.lucene.analysis.util.CharArraySet",16,0.00,1.62,52,0.67,21768.19,19,3,5,34,68,96.19,98,80,68,2,128.41,0.00,0.50,0.33,0,0.00,4,2024.16,0,4,1,java.util.AbstractSet,0.00,18,1,26,0,18,12,0,14,470,1
"org.apache.lucene.analysis.util.CharTokenizer",8,0.16,2.12,61,0.76,43480.23,18,10,9,22,6,65.76,90,81,1,4,109.89,1.33,0.38,0.24,2,8.00,10,2275.97,2,0,5,org.apache.lucene.analysis.Tokenizer,0.32,14,3,17,4,14,8,0,20,440,2
"org.apache.lucene.analysis.util.CharacterUtils",6,0.40,1.33,15,0.21,4823.83,8,2,3,11,10,176.13,130,19,10,1,136.83,0.00,0.00,0.17,0,10.00,2,617.44,0,1,0,java.lang.Object,0.00,5,0,8,2,5,5,0,9,155,2
"org.apache.lucene.analysis.util.CharacterUtils$CharacterBuffer",5,0.06,1.00,19,0.12,1801.87,9,4,3,5,0,133.30,20,25,0,1,133.07,0.00,0.00,0.30,0,9.00,1,361.58,0,0,0,java.lang.Object,0.00,0,0,5,0,0,5,0,4,100,3
"org.apache.lucene.analysis.util.CharacterUtils$Java4CharacterUtils",5,0.00,1.40,15,0.20,5293.06,5,0,3,8,1,129.31,0,27,0,2,129.31,0.00,0.50,0.00,0,5.00,2,595.71,0,0,1,org.apache.lucene.analysis.util.CharacterUtils,0.36,3,1,7,0,3,5,0,0,140,3
"org.apache.lucene.analysis.util.CharacterUtils$Java5CharacterUtils",5,0.00,1.60,22,0.35,27028.46,5,0,3,8,1,119.04,1,36,0,2,119.04,0.00,0.50,0.00,0,5.00,4,1047.34,0,0,1,org.apache.lucene.analysis.util.CharacterUtils,0.36,3,1,8,0,3,5,0,1,220,3
"org.apache.lucene.analysis.util.FilteringTokenFilter",5,0.25,2.20,25,0.22,7042.27,7,2,4,7,3,102.08,28,37,0,4,119.95,1.00,0.43,0.30,1,7.00,7,652.67,0,0,3,org.apache.lucene.analysis.TokenFilter,0.24,2,3,11,3,2,5,0,6,150,2
"org.apache.lucene.analysis.util.OpenStringBuilder",30,0.16,1.10,80,0.69,10625.27,32,2,0,38,2,139.67,20,96,2,1,139.67,0.00,0.00,0.35,6,106.00,2,2064.05,0,2,0,java.lang.Object,0.00,8,0,33,0,8,28,2,3,541,1
"org.apache.lucene.analysis.util.StemmerUtil",5,0.00,3.20,26,0.44,20467.53,5,0,0,8,0,72.09,59,39,0,1,116.21,0.00,0.00,0.00,0,5.00,4,1307.85,0,0,0,java.lang.Object,0.00,3,0,16,0,3,5,0,8,274,1
"org.apache.lucene.analysis.util.StopwordAnalyzerBase",4,0.33,1.75,15,0.22,6304.29,6,2,4,10,20,83.77,47,24,17,2,127.89,32.00,0.03,0.25,0,8.00,3,667.06,0,2,3,org.apache.lucene.analysis.Analyzer,0.00,6,1,7,32,6,2,0,7,147,2
"org.apache.lucene.analysis.util.TestCharArrayMap",5,0.00,4.20,165,2.65,224233.94,5,0,4,49,2,117.28,11,185,0,2,77.39,0.00,0.50,0.00,1,5.00,9,7950.59,0,0,2,org.apache.lucene.util.LuceneTestCase,0.00,44,1,21,0,44,5,0,11,1360,1
"org.apache.lucene.analysis.util.TestCharArraySet",17,0.38,3.82,347,5.02,299505.97,18,1,3,54,1,128.61,49,385,0,2,88.72,0.00,0.50,0.65,0,0.00,10,15048.01,0,0,1,org.apache.lucene.util.LuceneTestCase,0.00,37,1,65,0,37,17,0,32,2786,1
"org.apache.lucene.analysis.util.TestCharTokenizers",4,0.00,2.50,47,0.60,20488.82,4,0,5,13,3,84.86,21,43,0,3,102.73,0.00,0.67,0.00,0,4.00,3,1813.03,1,0,3,org.apache.lucene.analysis.BaseTokenStreamTestCase,0.00,9,2,10,0,9,4,0,7,350,1
"org.apache.lucene.analysis.util.TestCharacterUtils",7,0.00,1.86,111,1.87,72341.81,7,0,7,22,1,95.38,3,146,0,2,95.38,0.00,0.50,0.00,0,7.00,3,5601.65,0,0,1,org.apache.lucene.util.LuceneTestCase,0.00,15,1,13,0,15,7,0,1,1062,1
"org.apache.lucene.analysis.util.TestWordlistLoader",4,0.00,1.00,30,0.43,10537.88,4,0,7,16,1,133.15,14,44,0,2,112.54,0.00,0.50,0.00,1,4.00,1,1286.70,0,0,1,org.apache.lucene.util.LuceneTestCase,0.00,12,1,4,0,12,4,0,12,264,1
"org.apache.lucene.analysis.util.WordlistLoader",9,0.00,3.33,83,1.23,81648.18,9,0,9,28,14,59.83,105,137,14,1,103.96,0.00,0.00,0.00,2,9.00,7,3704.07,0,9,0,java.lang.Object,0.00,19,0,30,0,19,0,0,10,712,1
"org.apache.lucene.analysis.query.QueryAutoStopWordAnalyzer",9,0.06,1.89,48,0.77,23125.31,13,4,13,33,11,67.93,82,85,1,3,117.93,0.00,0.67,0.19,0,27.00,5,2320.20,0,4,10,org.apache.lucene.analysis.AnalyzerWrapper,0.00,24,2,17,0,24,5,0,10,474,2
"org.apache.lucene.analysis.query.QueryAutoStopWordAnalyzerTest",9,0.33,1.11,71,1.16,31797.19,15,6,11,26,10,161.51,9,83,0,3,111.51,0.00,0.67,0.46,0,0.00,2,3475.26,3,0,10,org.apache.lucene.analysis.BaseTokenStreamTestCase,0.00,17,2,10,0,17,9,0,9,683,1
"org.apache.lucene.search.grouping.function.FunctionAllGroupHeadsCollector",5,0.16,2.40,54,0.63,18493.75,13,8,13,19,11,126.01,19,57,2,3,105.40,0.00,0.67,0.25,0,1.00,3,1891.51,0,1,9,org.apache.lucene.search.grouping.AbstractAllGroupHeadsCollector,0.46,14,2,12,0,14,4,0,4,377,1
"org.apache.lucene.search.grouping.function.FunctionAllGroupHeadsCollector$GroupHead",3,0.50,1.67,22,0.28,9118.20,4,1,13,12,4,111.93,0,24,0,2,111.93,0.00,0.50,0.67,0,1.00,2,839.42,0,0,4,AbstractAllGroupHeadsCollector.GroupHead,0.00,9,1,5,0,9,3,0,0,173,0
"org.apache.lucene.search.grouping.function.FunctionAllGroupsCollector",4,0.27,1.25,19,0.21,3735.14,9,5,10,12,8,92.88,24,25,3,3,125.10,0.00,0.67,0.40,0,2.00,2,641.45,0,1,5,org.apache.lucene.search.grouping.AbstractAllGroupsCollector,0.50,8,2,5,0,8,3,0,4,148,1
"org.apache.lucene.search.grouping.function.FunctionFirstPassGroupingCollector",4,0.20,1.25,23,0.24,4341.35,9,5,8,10,8,103.10,20,32,2,3,120.97,0.00,0.67,0.35,0,4.00,2,707.41,1,2,6,org.apache.lucene.search.grouping.AbstractFirstPassGroupingCollector,0.18,6,2,5,0,6,2,0,2,164,1
"org.apache.lucene.search.grouping.function.FunctionSecondPassGroupingCollector",3,0.38,1.00,17,0.23,4141.38,7,4,11,8,10,72.09,26,21,2,3,120.20,0.00,0.67,0.50,0,1.00,1,693.62,1,0,8,org.apache.lucene.search.grouping.AbstractSecondPassGroupingCollector,0.21,5,2,3,0,5,3,0,4,151,1
"org.apache.solr.util.plugin.AbstractPluginLoader",8,0.00,3.12,85,1.44,117209.93,12,4,11,23,7,52.15,82,125,3,1,100.63,0.00,0.00,0.25,3,16.00,12,4309.34,0,1,4,java.lang.Object,0.00,15,0,25,3,15,7,0,15,736,2
"org.apache.solr.util.plugin.AbstractPluginLoader$PluginInitInfo",1,2.00,1.00,6,0.04,417.53,3,2,11,1,0,121.34,0,10,0,1,121.34,0.00,0.00,0.00,0,1.00,1,112.24,0,0,0,java.lang.Object,0.00,0,0,1,0,0,1,0,0,33,1
"org.apache.solr.util.plugin.MapInitializedPlugin",1,0.00,1.00,2,0.01,91.08,1,0,1,1,0,112.12,6,3,0,1,144.34,0.00,0.00,0.00,0,1.00,1,41.70,0,0,0,,0.00,0,0,1,0,0,1,0,1,15,1
"org.apache.solr.util.plugin.MapPluginLoader",3,0.50,1.33,12,0.16,3231.29,4,1,3,7,2,174.60,5,21,0,2,124.60,0.00,0.50,0.67,0,1.00,2,486.73,0,0,2,org.apache.solr.util.plugin.AbstractPluginLoader,0.00,4,1,4,0,4,3,0,1,113,1
"org.apache.solr.util.plugin.NamedListInitializedPlugin",1,0.00,1.00,2,0.01,30.51,1,0,1,1,7,115.86,6,3,6,1,148.08,0.00,0.00,0.00,0,1.00,1,25.51,0,0,1,,0.00,0,0,1,0,0,1,0,1,11,1
"org.apache.solr.util.plugin.NamedListPluginLoader",3,0.50,1.33,11,0.14,2483.99,4,1,3,6,2,180.16,4,20,0,2,130.16,0.00,0.50,0.67,0,1.00,2,406.22,0,0,2,org.apache.solr.util.plugin.AbstractPluginLoader,0.00,3,1,4,0,3,3,0,1,99,1
"org.apache.solr.util.plugin.PluginInfoInitialized",1,0.00,1.00,2,0.01,41.48,1,0,1,1,5,114.81,6,3,4,1,147.03,0.00,0.00,0.00,0,1.00,1,27.65,0,0,1,,0.00,0,0,1,0,0,1,0,1,11,1
"org.apache.solr.util.plugin.ResourceLoaderAware",1,0.00,1.00,2,0.01,30.51,1,0,1,1,18,168.70,3,4,17,1,148.08,0.00,0.00,0.00,0,1.00,1,25.51,0,0,1,,0.00,0,0,1,0,0,1,0,1,11,1
"org.apache.solr.util.plugin.SolrCoreAware",1,0.00,1.00,2,0.01,30.51,1,0,1,1,11,168.70,3,4,10,1,148.08,0.00,0.00,0.00,0,1.00,1,25.51,0,0,1,,0.00,0,0,1,0,0,1,0,1,11,1
"org.apache.lucene.analysis.eu.BasqueAnalyzer",5,0.50,1.80,21,0.29,7141.30,7,2,16,16,13,75.46,42,31,1,3,123.56,0.00,0.67,0.10,0,8.00,3,866.52,0,2,12,org.apache.lucene.analysis.util.StopwordAnalyzerBase,0.00,11,2,9,0,11,3,0,8,192,2
"org.apache.lucene.analysis.eu.BasqueAnalyzer$DefaultSetHolder",0,0.00,0.00,6,0.05,853.95,1,1,16,0,1,171.00,2,11,0,1,171.00,0.00,0.00,0.00,0,0.00,0,164.39,0,0,1,java.lang.Object,0.00,0,0,0,0,0,0,0,2,40,2
"org.apache.lucene.analysis.eu.TestBasqueAnalyzer",4,0.00,1.00,16,0.17,3141.09,4,0,5,8,3,175.74,7,22,0,3,125.74,0.00,0.67,0.00,0,4.00,1,519.83,3,0,3,org.apache.lucene.analysis.BaseTokenStreamTestCase,0.00,4,2,4,0,4,4,0,6,121,1
"org.apache.solr.response.BinaryQueryResponseWriter",1,0.00,1.00,2,0.02,127.23,1,0,3,1,8,94.72,10,3,6,2,143.20,0.00,0.50,0.00,0,1.00,1,63.62,0,0,2,,0.00,0,1,1,0,0,1,0,2,19,1
"org.apache.solr.response.BinaryResponseWriter",5,2.00,1.40,48,0.73,18912.38,7,2,18,21,37,147.04,14,59,2,1,107.15,0.00,0.00,0.00,0,5.00,2,2181.11,0,2,35,java.lang.Object,0.00,16,0,7,0,16,3,1,4,440,1
"org.apache.solr.response.BinaryResponseWriter$Resolver",6,0.24,5.00,110,1.53,73510.58,11,5,18,49,15,131.50,12,136,0,1,91.61,0.00,0.00,0.40,3,0.00,9,4601.70,0,3,15,java.lang.Object,0.00,43,0,30,0,43,3,1,12,818,2
"org.apache.solr.response.CSVResponseWriter",3,0.00,1.00,9,0.08,1391.15,3,0,20,6,18,182.21,4,15,1,1,132.21,0.00,0.00,0.00,0,4.00,1,245.55,0,1,17,java.lang.Object,0.00,3,0,3,0,3,2,1,2,62,1
"org.apache.solr.response.CSVWriter",18,0.03,3.72,201,3.68,376951.21,41,23,20,75,18,147.82,23,267,1,2,97.82,0.00,0.50,0.07,2,0.00,40,11031.28,4,0,17,org.apache.solr.response.TextResponseWriter,0.08,57,1,67,0,57,18,0,23,1756,0
"org.apache.solr.response.CSVWriter$CSVField",0,0.00,0.00,6,0.05,785.16,5,5,20,1,2,171.00,3,7,0,1,171.00,0.00,0.00,0.00,0,0.00,0,162.85,0,0,2,java.lang.Object,0.00,1,0,0,0,1,0,0,3,36,1
"org.apache.solr.response.CSVWriter$CSVSharedBufPrinter",2,0.00,1.00,7,0.05,531.50,2,0,20,2,0,134.11,1,10,0,2,134.11,0.00,0.50,0.00,0,0.00,1,146.86,0,0,0,org.apache.commons.csv.CSVPrinter,0.00,0,1,2,0,0,2,0,1,41,0
"org.apache.solr.response.CSVWriter$OpenCharArrayWriter",1,0.00,1.00,3,0.01,116.61,1,0,20,1,0,136.93,0,3,0,2,136.93,0.00,0.50,0.00,0,1.00,1,44.04,0,0,0,java.io.CharArrayWriter,0.00,0,1,1,0,0,1,0,0,15,1
"org.apache.solr.response.CSVWriter$ResettableFastWriter",5,0.17,1.20,22,0.15,2374.10,8,3,20,9,1,127.42,0,25,0,3,127.42,0.00,0.67,0.47,0,0.00,2,446.17,1,0,1,org.apache.solr.common.util.FastWriter,0.00,4,2,6,0,4,5,0,0,114,1
"org.apache.solr.response.JSONResponseWriter",3,1.00,1.00,10,0.09,1523.24,4,1,16,6,13,181.90,4,16,2,1,131.90,0.00,0.00,0.00,0,4.00,1,276.65,0,1,11,java.lang.Object,0.00,3,0,3,0,3,2,1,2,69,1
"org.apache.solr.response.JSONWriter",29,0.07,2.79,322,3.45,157415.26,38,9,16,55,14,152.51,56,379,4,2,102.51,3.00,0.20,0.05,17,114.00,12,10338.33,4,0,10,org.apache.solr.response.TextResponseWriter,0.03,26,1,81,3,26,29,0,41,1959,0
"org.apache.solr.response.JSONWriter$MultiValueField",1,2.00,1.00,7,0.07,1209.86,3,2,16,3,2,115.20,0,10,0,1,115.20,0.00,0.00,0.00,0,1.00,1,206.14,0,0,2,java.lang.Object,0.00,2,0,1,0,2,1,0,0,51,2
"org.apache.solr.response.JSONWriter$NaNFloatWriter",5,0.00,2.20,21,0.25,5797.95,5,0,16,12,3,124.23,0,31,0,3,124.23,0.00,0.67,0.00,4,7.00,4,748.07,0,2,3,org.apache.solr.response.JSONWriter,0.00,7,2,11,0,7,3,0,0,168,1
"org.apache.solr.response.PHPResponseWriter",3,1.00,1.00,10,0.09,1523.24,4,1,4,6,5,131.90,1,16,0,1,131.90,0.00,0.00,0.00,0,4.00,1,276.65,0,1,5,java.lang.Object,0.00,3,0,3,0,3,2,1,1,69,1
"org.apache.solr.response.PHPSerializedResponseWriter",3,1.00,1.00,10,0.09,1523.24,4,1,14,6,13,181.90,4,16,2,1,131.90,0.00,0.00,0.00,0,4.00,1,276.65,0,1,11,java.lang.Object,0.00,3,0,3,0,3,2,1,1,69,1
"org.apache.solr.response.PHPSerializedWriter",24,1.00,1.58,110,1.38,49433.09,25,1,14,46,11,122.34,10,164,1,3,122.34,0.00,0.67,0.04,13,122.00,7,4145.79,2,0,10,org.apache.solr.response.JSONWriter,0.27,22,2,38,0,22,24,0,10,875,0
"org.apache.solr.response.PHPWriter",9,0.00,1.33,37,0.40,14774.77,9,0,4,11,5,123.16,0,55,1,3,123.16,0.00,0.67,0.00,1,0.00,4,1189.42,1,0,4,org.apache.solr.response.JSONWriter,0.16,2,2,12,0,2,9,0,0,267,0
"org.apache.solr.response.PageTool",7,0.27,1.86,40,0.50,20436.55,12,5,6,19,8,117.50,1,54,1,1,117.50,0.00,0.00,0.43,0,0.00,7,1494.67,0,1,7,java.lang.Object,0.00,12,0,13,0,12,6,0,1,291,1
"org.apache.solr.response.PythonResponseWriter",3,1.00,1.00,10,0.09,1523.24,4,1,4,6,6,131.90,1,16,1,1,131.90,0.00,0.00,0.00,0,4.00,1,276.65,0,1,5,java.lang.Object,0.00,3,0,3,0,3,2,1,1,69,1
"org.apache.solr.response.PythonWriter",7,0.00,2.29,46,0.52,32276.11,7,0,4,14,4,95.06,37,53,1,2,112.93,0.00,0.50,0.00,1,7.00,9,1546.80,0,2,3,org.apache.solr.response.NaNFloatWriter,0.00,7,1,16,0,7,5,0,6,300,0
"org.apache.solr.response.QueryResponseWriter",3,3.00,1.00,7,0.07,681.82,6,3,5,3,26,130.86,47,8,22,2,141.21,0.00,0.50,0.00,0,3.00,1,216.29,0,1,4,,0.00,0,1,3,0,0,2,0,4,59,1
"org.apache.solr.response.RawResponseWriter",5,0.00,2.00,35,0.46,13332.00,7,2,8,19,8,94.47,26,56,2,1,112.34,0.00,0.00,0.50,1,4.00,3,1377.00,0,2,6,java.lang.Object,0.00,14,0,10,0,14,3,1,6,283,1
"org.apache.solr.response.ResultContext",0,0.00,0.00,3,0.01,88.76,2,2,2,0,10,171.00,5,4,8,1,171.00,0.00,0.00,0.00,0,0.00,0,44.38,0,0,2,java.lang.Object,0.00,0,0,0,0,0,0,0,1,14,1
"org.apache.solr.response.RubyResponseWriter",3,1.00,1.00,10,0.09,1523.24,4,1,4,6,6,131.90,1,16,1,1,131.90,0.00,0.00,0.00,0,4.00,1,276.65,0,1,5,java.lang.Object,0.00,3,0,3,0,3,2,1,1,69,1
"org.apache.solr.response.RubyWriter",6,0.00,1.50,27,0.27,8675.30,6,0,4,8,4,173.56,6,35,1,2,123.56,0.00,0.50,0.00,1,6.00,4,805.98,0,2,3,org.apache.solr.response.NaNFloatWriter,0.00,2,1,9,0,2,4,0,6,181,0
"org.apache.solr.response.SolrParamResourceLoader",5,0.75,1.80,20,0.29,7147.32,6,1,11,17,3,123.56,4,34,1,2,123.56,0.00,0.50,0.40,0,7.00,3,875.26,0,1,2,org.apache.velocity.runtime.resource.loader.ResourceLoader,0.00,12,1,9,0,12,4,0,4,187,1
"org.apache.solr.response.SolrQueryResponse",16,0.06,1.19,45,0.36,5981.57,22,6,4,21,126,97.18,119,64,123,1,139.47,0.00,0.00,0.11,1,134.00,2,1081.57,0,5,3,java.lang.Object,0.00,5,0,19,0,5,11,0,23,284,1
"org.apache.solr.response.SolrVelocityResourceLoader",5,1.00,1.00,12,0.10,1109.88,6,1,6,6,2,141.29,1,22,1,2,141.29,0.00,0.50,0.20,0,8.00,1,289.34,0,1,1,org.apache.velocity.runtime.resource.loader.ResourceLoader,0.00,1,1,5,0,1,4,0,1,81,1
"org.apache.solr.response.TestCSVResponseWriter",3,0.00,1.33,69,1.59,115868.62,3,0,8,21,9,66.15,17,90,0,3,84.02,0.00,0.67,0.00,1,4.00,2,4769.31,5,0,9,org.apache.solr.SolrTestCaseJ4,0.00,18,2,4,0,18,3,0,17,701,1
"org.apache.solr.response.TestPHPSerializedResponseWriter",3,0.00,1.00,40,0.55,15510.26,3,0,14,18,8,120.82,10,49,0,3,100.20,0.00,0.67,0.00,0,3.00,1,1640.39,1,0,8,org.apache.solr.SolrTestCaseJ4,0.00,15,2,3,0,15,3,0,7,295,1
"org.apache.solr.response.TextResponseWriter",35,0.06,1.97,177,2.51,115042.69,44,9,17,93,42,167.08,43,203,28,1,117.08,0.00,0.00,0.05,18,342.00,22,7527.94,0,2,16,java.lang.Object,0.00,58,0,69,6,58,33,0,40,1452,2
"org.apache.solr.response.VelocityResponseWriter",6,0.00,3.17,88,1.43,78398.27,6,0,11,48,11,95.80,25,117,1,1,95.57,0.00,0.00,0.00,3,6.00,6,4299.07,0,4,10,java.lang.Object,0.00,42,0,19,0,42,2,1,25,736,1
"org.apache.solr.response.XMLResponseWriter",3,0.00,1.00,9,0.08,1391.15,3,0,4,6,5,182.21,4,15,0,1,132.21,0.00,0.00,0.00,0,4.00,1,245.55,0,1,5,java.lang.Object,0.00,3,0,3,0,3,2,1,2,62,1
"org.apache.solr.response.XMLWriter",24,0.14,2.38,166,2.13,60146.13,30,6,13,60,13,165.01,34,228,4,2,115.01,0.00,0.50,0.03,6,86.00,7,6402.65,4,0,9,org.apache.solr.response.TextResponseWriter,0.03,36,1,57,0,36,24,0,17,1283,1
"org.apache.solr.response.XSLTResponseWriter",4,0.21,2.75,51,0.78,26610.36,12,8,19,33,9,100.64,17,65,0,1,100.41,0.00,0.00,0.28,1,6.00,5,2325.79,0,2,9,java.lang.Object,0.00,29,0,11,0,29,2,1,11,438,1
"org.apache.lucene.analysis.es.SpanishAnalyzer",5,0.50,1.80,21,0.29,7141.30,7,2,17,16,14,75.46,42,31,1,3,123.56,0.00,0.67,0.10,0,8.00,3,866.52,0,2,13,org.apache.lucene.analysis.util.StopwordAnalyzerBase,0.00,11,2,9,0,11,3,0,8,192,2
"org.apache.lucene.analysis.es.SpanishAnalyzer$DefaultSetHolder",0,0.00,0.00,6,0.05,843.89,1,1,17,0,2,171.00,2,11,0,1,171.00,0.00,0.00,0.00,0,0.00,0,162.56,0,0,2,java.lang.Object,0.00,0,0,0,0,0,0,0,2,40,2
"org.apache.lucene.analysis.es.SpanishLightStemFilter",2,0.33,2.00,14,0.16,3794.18,5,3,6,9,8,113.74,9,20,2,4,113.50,0.00,0.75,0.50,0,2.00,3,481.98,0,0,6,org.apache.lucene.analysis.TokenFilter,0.29,7,3,4,0,7,2,0,1,107,2
"org.apache.lucene.analysis.es.SpanishLightStemmer",1,0.00,13.00,25,0.50,37209.13,1,0,0,1,1,45.40,56,44,1,1,82.27,0.00,0.00,0.00,0,1.00,13,1513.96,0,0,0,java.lang.Object,0.00,0,0,13,0,0,1,0,4,260,1
"org.apache.lucene.analysis.es.TestSpanishAnalyzer",4,0.00,1.00,16,0.17,3088.17,4,0,5,8,3,175.80,7,22,0,3,125.80,0.00,0.67,0.00,0,4.00,1,522.25,3,0,3,org.apache.lucene.analysis.BaseTokenStreamTestCase,0.00,4,2,4,0,4,4,0,6,121,1
"org.apache.lucene.analysis.es.TestSpanishLightStemFilter",2,0.00,1.00,7,0.06,643.14,2,0,7,4,4,173.34,5,11,0,3,133.46,0.00,0.67,0.00,0,2.00,1,171.82,1,0,4,org.apache.lucene.analysis.BaseTokenStreamTestCase,0.00,2,2,2,0,2,2,0,3,46,1
"org.apache.lucene.analysis.es.TestSpanishLightStemFilter$Analyzer",1,0.00,1.00,4,0.05,1009.20,1,0,7,4,3,124.89,0,7,0,1,124.89,0.00,0.00,0.00,0,1.00,1,159.62,0,1,3,java.lang.Object,0.00,3,0,1,0,3,0,0,0,38,0
"org.apache.lucene.analysis.compound.CompoundWordTokenFilterBase",16,0.05,1.75,101,1.47,45852.61,32,16,17,61,15,164.62,30,124,5,4,114.62,0.67,0.50,0.11,5,88.00,4,4397.37,1,3,10,org.apache.lucene.analysis.TokenFilter,0.29,45,3,28,2,45,13,0,8,886,2
"org.apache.lucene.analysis.compound.DictionaryCompoundWordTokenFilter",5,0.00,2.80,35,0.44,30844.63,5,0,5,9,6,108.92,84,47,2,5,109.39,0.00,0.80,0.00,0,8.00,10,1319.58,2,0,4,org.apache.lucene.analysis.compound.CompoundWordTokenFilterBase,0.00,4,4,14,0,4,5,0,6,265,1
"org.apache.lucene.analysis.compound.HyphenationCompoundWordTokenFilter",10,1.00,2.70,66,0.95,86150.04,11,1,9,21,8,81.38,136,106,2,5,110.76,0.00,0.80,0.10,1,30.00,15,2835.41,2,3,6,org.apache.lucene.analysis.compound.CompoundWordTokenFilterBase,0.00,11,4,27,0,11,7,0,21,552,1
"org.apache.lucene.analysis.compound.TestCompoundWordTokenFilter",8,0.00,1.00,65,1.92,47830.94,8,0,8,25,9,157.57,9,163,0,3,107.57,0.00,0.67,0.00,0,8.00,1,5750.28,1,0,9,org.apache.lucene.analysis.BaseTokenStreamTestCase,0.00,17,2,8,0,17,8,0,6,985,1
"org.apache.lucene.facet.enhancements.params.DefaultEnhancementsIndexingParams",6,0.60,2.67,34,0.33,11792.60,7,1,6,14,9,100.89,30,50,4,3,118.77,0.00,0.67,0.50,2,6.00,7,989.00,0,2,5,org.apache.lucene.facet.index.params.PerDimensionIndexingParams,0.00,8,2,16,0,8,4,1,4,225,1
"org.apache.lucene.facet.enhancements.params.DefaultEnhancementsIndexingParamsTest",1,0.00,2.00,14,0.23,8307.61,1,0,10,15,7,115.36,18,25,0,2,97.22,0.00,0.50,0.00,0,1.00,2,696.88,0,0,7,org.apache.lucene.util.LuceneTestCase,0.00,14,1,2,0,14,1,0,3,128,1
"org.apache.lucene.facet.enhancements.params.EnhancementsIndexingParams",3,0.00,1.00,4,0.04,296.42,3,0,6,3,16,144.93,46,5,13,2,155.29,0.00,0.50,0.00,0,3.00,1,108.48,0,2,5,,0.00,0,1,3,0,0,1,0,5,35,1
"org.tartarus.snowball.Among",1,6.00,3.00,20,0.25,8587.16,8,7,1,6,1,59.02,6,27,1,1,91.24,0.00,0.00,0.14,0,0.00,3,757.94,0,0,1,java.lang.Object,0.00,5,0,3,0,5,1,0,6,152,1
"org.tartarus.snowball.SnowballProgram",29,0.24,3.34,264,3.09,256392.72,36,7,3,42,31,124.66,88,336,29,1,104.05,0.00,0.00,0.37,6,0.00,18,9258.94,0,1,3,java.lang.Object,0.00,13,0,97,22,13,28,0,29,1777,2
"org.tartarus.snowball.TestApp",2,0.00,5.50,46,0.69,53937.48,2,0,10,27,1,84.92,0,56,0,1,84.92,0.00,0.00,0.00,1,2.00,10,2080.49,0,0,1,java.lang.Object,0.00,25,0,11,0,25,2,0,0,328,1
"org.apache.lucene.analysis.en.EnglishAnalyzer",5,1.00,2.00,21,0.30,7734.04,6,1,14,17,15,75.16,42,32,2,3,123.27,0.00,0.67,0.20,0,8.00,3,898.34,0,2,13,org.apache.lucene.analysis.util.StopwordAnalyzerBase,0.00,12,2,10,0,12,3,0,8,196,2
"org.apache.lucene.analysis.en.EnglishAnalyzer$DefaultSetHolder",0,0.00,0.00,2,0.02,396.00,1,1,14,0,1,171.00,0,3,0,1,171.00,0.00,0.00,0.00,0,0.00,0,72.00,0,0,1,java.lang.Object,0.00,0,0,0,0,0,0,0,0,18,2
"org.apache.lucene.analysis.en.EnglishMinimalStemFilter",2,0.33,2.00,14,0.16,3794.18,5,3,6,9,8,113.74,9,20,2,4,113.50,0.00,0.75,0.50,0,2.00,3,481.98,0,0,6,org.apache.lucene.analysis.TokenFilter,0.29,7,3,4,0,7,2,0,1,107,2
"org.apache.lucene.analysis.en.EnglishMinimalStemmer",1,0.00,4.00,10,0.24,22653.59,1,0,0,1,1,148.36,24,19,1,1,99.08,0.00,0.00,0.00,0,1.00,4,711.28,0,0,0,java.lang.Object,0.00,0,0,4,0,0,1,0,3,139,1
"org.apache.lucene.analysis.en.EnglishPossessiveFilter",2,1.00,2.00,11,0.18,7516.13,3,1,4,6,6,156.50,4,19,3,4,116.62,0.00,0.75,0.50,0,2.00,3,526.20,0,0,3,org.apache.lucene.analysis.TokenFilter,0.29,4,3,4,0,4,2,0,2,110,2
"org.apache.lucene.analysis.en.KStemData1",1,1.00,1.00,3,13.79,124057.50,2,1,0,1,1,133.71,3,706,1,1,113.09,0.00,0.00,0.00,0,1.00,1,41356.50,0,0,0,java.lang.Object,0.00,0,0,1,0,0,1,0,2,3515,0
"org.apache.lucene.analysis.en.KStemData2",1,1.00,1.00,3,13.79,124057.50,2,1,0,1,1,152.98,2,706,1,1,113.09,0.00,0.00,0.00,0,1.00,1,41356.50,0,0,0,java.lang.Object,0.00,0,0,1,0,0,1,0,1,3515,0
"org.apache.lucene.analysis.en.KStemData3",1,1.00,1.00,3,13.79,124057.50,2,1,0,1,1,152.98,2,706,1,1,113.09,0.00,0.00,0.00,0,1.00,1,41356.50,0,0,0,java.lang.Object,0.00,0,0,1,0,0,1,0,1,3515,0
"org.apache.lucene.analysis.en.KStemData4",1,1.00,1.00,3,13.79,124057.50,2,1,0,1,1,152.98,2,706,1,1,113.09,0.00,0.00,0.00,0,1.00,1,41356.50,0,0,0,java.lang.Object,0.00,0,0,1,0,0,1,0,1,3515,0
"org.apache.lucene.analysis.en.KStemData5",1,1.00,1.00,3,13.79,124057.50,2,1,0,1,1,152.98,2,706,1,1,113.09,0.00,0.00,0.00,0,1.00,1,41356.50,0,0,0,java.lang.Object,0.00,0,0,1,0,0,1,0,1,3515,0
"org.apache.lucene.analysis.en.KStemData6",1,1.00,1.00,3,13.79,124057.50,2,1,0,1,1,152.98,2,706,1,1,113.09,0.00,0.00,0.00,0,1.00,1,41356.50,0,0,0,java.lang.Object,0.00,0,0,1,0,0,1,0,1,3515,0
"org.apache.lucene.analysis.en.KStemData7",1,1.00,1.00,3,13.79,124057.50,2,1,0,1,1,152.98,2,706,1,1,113.09,0.00,0.00,0.00,0,1.00,1,41356.50,0,0,0,java.lang.Object,0.00,0,0,1,0,0,1,0,1,3515,0
"org.apache.lucene.analysis.en.KStemData8",1,1.00,1.00,3,11.58,104193.97,2,1,0,1,1,153.57,2,605,1,1,113.69,0.00,0.00,0.00,0,1.00,1,34735.32,0,0,0,java.lang.Object,0.00,0,0,1,0,0,1,0,1,3010,0
"org.apache.lucene.analysis.en.KStemFilter",2,0.33,2.00,13,0.18,4480.96,5,3,5,11,7,83.21,13,19,2,4,115.43,0.00,0.75,0.50,0,2.00,3,553.15,0,0,5,org.apache.lucene.analysis.TokenFilter,0.29,9,3,4,0,9,2,0,2,119,2
"org.apache.lucene.analysis.en.KStemmer",43,0.09,5.26,729,11.56,864438.22,59,16,3,65,11,43.71,383,973,1,1,91.81,0.00,0.00,0.15,29,0.00,27,34678.02,0,6,10,java.lang.Object,0.00,22,0,226,0,22,37,0,204,5722,1
"org.apache.lucene.analysis.en.KStemmer$DictEntry",1,2.00,1.00,6,0.04,350.01,3,2,3,1,0,121.94,0,8,0,1,121.94,0.00,0.00,0.00,0,1.00,1,109.32,0,0,0,java.lang.Object,0.00,0,0,1,0,0,1,0,0,32,1
"org.apache.lucene.analysis.en.PorterStemFilter",2,0.33,2.00,10,0.17,3936.19,5,3,5,11,13,81.27,24,16,8,4,118.83,0.00,0.75,0.50,0,2.00,3,501.61,0,0,5,org.apache.lucene.analysis.TokenFilter,0.29,9,3,4,0,9,2,0,1,111,2
"org.apache.lucene.analysis.en.PorterStemmer",27,0.15,6.96,291,3.24,141694.34,34,7,5,46,3,104.19,116,333,2,1,103.96,0.00,0.00,0.29,14,0.00,52,9717.31,0,2,1,java.lang.Object,0.00,19,0,188,0,19,25,0,33,1867,0
"org.apache.lucene.analysis.en.TestEnglishAnalyzer",4,0.00,1.00,17,0.18,3475.28,4,0,5,8,3,165.28,8,23,0,3,125.40,0.00,0.67,0.00,0,4.00,1,548.92,3,0,3,org.apache.lucene.analysis.BaseTokenStreamTestCase,0.00,4,2,4,0,4,4,0,7,127,1
"org.apache.lucene.analysis.en.TestEnglishMinimalStemFilter",2,0.00,1.00,15,0.13,1939.58,2,0,6,3,4,155.84,5,19,0,3,115.96,0.00,0.67,0.00,0,2.00,1,396.00,2,0,4,org.apache.lucene.analysis.BaseTokenStreamTestCase,0.00,1,2,2,0,1,2,0,3,92,1
"org.apache.lucene.analysis.en.TestEnglishMinimalStemFilter$Analyzer",1,0.00,1.00,4,0.05,1009.20,1,0,6,4,3,124.89,0,7,0,1,124.89,0.00,0.00,0.00,0,1.00,1,159.62,0,1,3,java.lang.Object,0.00,3,0,1,0,3,0,0,0,38,0
"org.apache.lucene.analysis.en.TestKStemmer",2,0.00,1.00,7,0.06,596.89,2,0,6,4,4,151.85,36,11,0,3,133.71,0.00,0.67,0.00,0,2.00,1,169.98,1,0,4,org.apache.lucene.analysis.BaseTokenStreamTestCase,0.00,2,2,2,0,2,2,0,4,46,1
"org.apache.lucene.analysis.en.TestKStemmer$Analyzer",1,0.00,1.00,4,0.05,1009.20,1,0,6,4,3,124.89,0,6,0,1,124.89,0.00,0.00,0.00,0,1.00,1,159.62,0,1,3,java.lang.Object,0.00,3,0,1,0,3,0,0,0,38,0
"org.apache.lucene.analysis.en.TestPorterStemFilter",3,0.00,1.00,13,0.16,2369.65,3,0,11,11,8,165.61,8,18,0,3,125.72,0.00,0.67,0.00,0,3.00,1,478.05,2,0,8,org.apache.lucene.analysis.BaseTokenStreamTestCase,0.00,8,2,3,0,8,3,0,3,107,1
"org.apache.lucene.analysis.en.TestPorterStemFilter$Analyzer",1,0.00,1.00,4,0.05,1009.20,1,0,11,4,3,124.89,0,7,0,1,124.89,0.00,0.00,0.00,0,1.00,1,159.62,0,1,3,java.lang.Object,0.00,3,0,1,0,3,0,0,0,38,0
"org.apache.solr.uima.processor.exception.FieldMappingException",1,0.00,1.00,2,0.01,54.28,1,0,0,1,1,172.39,19,4,1,2,146.11,0.00,0.50,0.00,0,1.00,1,31.02,0,0,0,java.lang.Exception,0.00,0,1,1,0,0,1,0,2,12,1
"org.apache.lucene.analysis.el.GreekAnalyzer",4,1.00,1.75,16,0.21,5394.23,5,1,12,11,12,86.20,50,25,2,3,123.77,0.00,0.67,0.00,0,6.00,3,644.83,0,2,10,org.apache.lucene.analysis.util.StopwordAnalyzerBase,0.00,7,2,7,0,7,2,0,6,145,2
"org.apache.lucene.analysis.el.GreekAnalyzer$DefaultSetHolder",0,0.00,0.00,6,0.06,870.09,1,1,12,0,1,171.00,2,10,0,1,171.00,0.00,0.00,0.00,0,0.00,0,167.97,0,0,1,java.lang.Object,0.00,0,0,0,0,0,0,0,2,41,2
"org.apache.lucene.analysis.el.GreekAnalyzerTest",4,0.00,1.00,18,0.33,5318.84,4,0,3,5,3,75.84,33,36,0,3,123.94,0.00,0.67,0.00,0,4.00,1,999.94,3,0,3,org.apache.lucene.analysis.BaseTokenStreamTestCase,0.00,1,2,4,0,1,4,0,21,200,1
"org.apache.lucene.analysis.el.GreekLowerCaseFilter",3,0.25,1.67,30,0.39,8161.76,5,2,6,10,7,139.92,60,59,3,4,106.53,0.00,0.75,0.33,1,4.00,3,1168.71,0,0,4,org.apache.lucene.analysis.TokenFilter,0.27,7,3,5,0,7,3,0,36,230,2
"org.apache.lucene.analysis.el.GreekStemFilter",2,0.33,2.00,14,0.16,3794.18,5,3,6,9,8,71.21,14,20,2,4,113.50,0.00,0.75,0.50,0,2.00,3,481.98,0,0,6,org.apache.lucene.analysis.TokenFilter,0.29,7,3,4,0,7,2,0,1,107,2
"org.apache.lucene.analysis.el.GreekStemmer",27,0.03,4.74,286,8.53,459291.82,43,16,3,32,2,150.02,49,681,1,1,100.02,0.00,0.00,0.04,4,352.00,16,25590.34,0,0,1,java.lang.Object,0.00,5,0,128,0,5,27,0,26,4297,1
"org.apache.lucene.analysis.el.TestGreekStemmer",6,0.00,1.00,350,4.68,106423.51,7,1,2,7,3,23.28,63,357,0,3,71.76,0.00,0.67,1.00,0,0.00,1,14035.21,1,0,3,org.apache.lucene.analysis.BaseTokenStreamTestCase,0.00,1,2,6,0,1,6,0,63,2110,1
"org.apache.lucene.search.suggest.fst.FSTLookup",18,0.02,3.28,198,2.96,157242.81,24,6,24,88,15,63.28,222,246,4,2,100.84,0.00,0.50,0.15,8,106.00,8,8880.30,0,6,11,org.apache.lucene.search.suggest.Lookup,0.00,70,1,59,0,70,12,0,71,1626,1
"org.apache.lucene.search.suggest.fst.FSTLookup$Comparator<Entry>",1,0.00,3.00,14,0.15,7661.63,1,0,24,2,0,97.41,0,13,0,1,97.41,0.00,0.00,0.00,0,1.00,3,454.65,0,0,0,java.lang.Object,0.00,1,0,3,0,1,1,0,0,94,0
"org.apache.lucene.search.suggest.fst.FSTLookup$Comparator<LookupResult>",1,0.00,1.00,3,0.03,398.03,1,0,24,2,0,182.73,1,4,0,1,132.73,0.00,0.00,0.00,0,1.00,1,93.66,0,0,0,java.lang.Object,0.00,1,0,1,0,1,1,0,1,27,0
"org.apache.lucene.search.suggest.fst.FSTLookup$Entry",1,2.00,1.00,6,0.04,595.42,3,2,24,1,0,120.12,0,8,0,1,120.12,0.00,0.00,0.00,0,1.00,1,131.85,0,0,0,java.lang.Object,0.00,0,0,1,0,0,1,0,0,36,2
"org.apache.lucene.search.suggest.fst.FSTLookupTest",14,0.31,1.79,88,1.41,56895.18,15,1,11,42,3,113.42,9,135,0,2,113.42,0.00,0.50,0.71,3,0.00,6,4241.98,1,2,3,org.apache.lucene.util.LuceneTestCase,0.00,28,1,25,0,28,12,0,7,832,1
"org.apache.lucene.util.automaton.Automaton",52,0.05,2.15,335,3.74,203971.61,61,9,10,104,42,95.63,271,394,38,1,113.50,0.00,0.00,0.06,9,990.00,9,11220.07,1,24,6,java.lang.Object,0.00,52,0,112,0,52,28,1,64,2280,1
"org.apache.lucene.util.automaton.AutomatonProvider",1,0.00,1.00,2,0.01,69.06,1,0,1,1,4,115.91,13,3,3,1,145.29,0.00,0.00,0.00,0,1.00,1,36.53,0,1,1,,0.00,0,0,1,0,0,0,0,2,13,1
"org.apache.lucene.util.automaton.AutomatonTestUtil",3,0.00,9.67,48,1.19,141486.95,3,0,12,9,15,88.99,13,73,10,1,88.76,0.00,0.00,0.00,1,3.00,18,3571.70,0,2,5,java.lang.Object,0.00,6,0,29,0,6,1,0,11,625,1
"org.apache.lucene.util.automaton.AutomatonTestUtil$RandomAcceptedStrings",9,0.38,5.00,143,2.35,187707.17,11,2,12,63,8,44.64,74,180,0,1,92.75,0.00,0.00,0.17,2,19.00,12,7035.05,0,0,8,java.lang.Object,0.00,54,0,45,0,54,9,0,26,1241,2
"org.apache.lucene.util.automaton.AutomatonTestUtil$RandomAcceptedStrings$ArrivingTransition",1,2.00,1.00,6,0.04,550.02,3,2,12,1,2,120.39,0,8,0,1,120.39,0.00,0.00,0.00,0,1.00,1,123.59,0,0,2,java.lang.Object,0.00,0,0,1,0,0,1,0,0,35,2
"org.apache.lucene.util.automaton.BasicAutomata",13,0.00,2.46,107,1.70,117780.11,13,0,2,34,27,106.18,61,135,23,1,105.94,0.00,0.00,0.00,1,13.00,8,5091.93,0,12,5,java.lang.Object,0.00,21,0,32,0,21,1,0,14,984,2
"org.apache.lucene.util.automaton.BasicOperations",20,0.00,6.35,446,7.24,767766.02,20,0,11,110,26,42.11,144,502,20,1,84.40,0.00,0.00,0.00,5,20.00,16,21716.59,0,11,8,java.lang.Object,0.00,90,0,127,0,90,9,0,46,3706,2
"org.apache.lucene.util.automaton.BasicOperations$PointTransitionSet",6,0.28,3.00,62,0.70,33737.60,11,5,11,22,3,103.92,3,72,0,1,103.92,0.00,0.00,0.43,2,0.00,7,2088.42,0,3,3,java.lang.Object,0.00,16,0,18,0,16,3,0,3,431,3
"org.apache.lucene.util.automaton.BasicOperations$PointTransitions",4,0.11,1.00,14,0.14,2614.47,7,3,11,5,0,131.03,0,21,0,1,131.03,0.00,0.00,0.42,0,0.00,1,406.97,0,0,0,java.lang.Object,0.00,1,0,4,0,1,4,1,0,104,3
"org.apache.lucene.util.automaton.BasicOperations$TransitionList",1,0.00,2.00,9,0.11,3156.50,3,2,11,3,3,107.69,0,12,0,1,107.69,0.00,0.00,1.00,0,0.00,2,341.64,0,0,3,java.lang.Object,0.00,2,0,2,0,2,1,0,0,75,3
"org.apache.lucene.util.automaton.ByteRunAutomaton",3,0.00,2.00,15,0.15,5316.83,3,0,0,5,8,86.96,20,17,5,2,119.19,0.00,0.50,0.00,0,4.00,3,462.57,0,0,3,org.apache.lucene.util.automaton.RunAutomaton,0.00,2,1,6,0,2,3,0,3,104,1
"org.apache.lucene.util.automaton.CharacterRunAutomaton",3,0.00,2.33,23,0.27,10304.81,3,0,0,6,22,69.15,22,23,20,2,111.44,0.00,0.50,0.00,0,1.00,3,798.46,0,0,2,org.apache.lucene.util.automaton.RunAutomaton,0.00,3,1,7,0,3,3,0,3,164,1
"org.apache.lucene.util.automaton.CompiledAutomaton",5,0.25,6.80,158,1.94,210997.23,11,6,8,36,22,34.38,58,196,11,1,78.50,0.00,0.00,0.37,1,1.00,14,5806.88,0,3,12,java.lang.Object,0.00,31,0,34,0,31,2,0,46,1019,1
"org.apache.lucene.util.automaton.CompiledAutomaton$AUTOMATON_TYPE",0,0.00,0.00,2,0.01,66.44,0,0,8,0,0,171.00,0,1,0,1,171.00,0.00,0.00,0.00,0,0.00,0,33.22,0,0,0,java.lang.Object,0.00,0,0,0,0,0,0,0,0,10,1
"org.apache.lucene.util.automaton.DaciukMihovAutomatonBuilder",7,0.04,2.43,63,0.94,42655.76,11,4,4,35,9,63.10,49,78,3,1,105.40,0.00,0.00,0.29,3,11.00,3,2831.40,0,2,6,java.lang.Object,0.00,28,0,17,0,28,5,0,16,560,2
"org.apache.lucene.util.automaton.DaciukMihovAutomatonBuilder$State",14,0.03,1.57,61,0.78,25879.48,19,5,4,20,1,104.84,77,84,0,1,122.71,0.00,0.00,0.17,1,58.00,4,2326.93,0,6,1,java.lang.Object,0.00,6,0,22,0,6,8,0,20,521,2
"org.apache.lucene.util.automaton.Lev1ParametricDescription",2,0.75,5.00,40,0.64,63445.35,10,8,1,2,1,42.52,23,66,1,2,86.65,0.00,0.50,0.50,0,2.00,9,1921.17,0,0,0,org.apache.lucene.util.automaton.LevenshteinAutomata.ParametricDescription,0.00,0,1,10,0,0,2,0,23,370,0
"org.apache.lucene.util.automaton.Lev2ParametricDescription",2,0.83,7.00,54,1.63,108922.58,14,12,1,2,1,127.69,54,137,1,2,79.86,0.00,0.50,0.50,0,2.00,13,4891.93,0,0,0,org.apache.lucene.util.automaton.LevenshteinAutomata.ParametricDescription,0.00,0,1,14,0,0,2,0,54,753,0
"org.apache.lucene.util.automaton.LevenshteinAutomata",3,0.50,6.67,97,1.28,103713.43,11,8,3,24,10,112.06,62,92,4,1,78.68,0.00,0.00,0.46,1,0.00,10,3835.01,0,1,6,java.lang.Object,0.00,21,0,20,0,21,2,0,29,672,1
"org.apache.lucene.util.automaton.LevenshteinAutomata$ParametricDescription",6,0.05,1.17,28,0.55,24067.88,10,4,3,6,0,140.75,18,51,0,1,120.13,0.00,0.00,0.29,0,10.00,2,1643.87,0,0,0,java.lang.Object,0.00,0,0,7,0,0,6,0,8,326,2
"org.apache.lucene.util.automaton.MinimizationOperations",3,0.00,12.33,154,2.74,666707.32,3,0,4,31,6,14.62,28,147,4,1,64.62,0.00,0.00,0.00,1,3.00,34,8228.78,0,0,3,java.lang.Object,0.00,28,0,37,0,28,3,0,17,1212,2
"org.apache.lucene.util.automaton.MinimizationOperations$IntPair",1,2.00,1.00,5,0.03,434.31,3,2,4,1,0,124.15,0,7,0,1,124.15,0.00,0.00,0.00,0,1.00,1,97.99,0,0,0,java.lang.Object,0.00,0,0,1,0,0,1,0,0,30,2
"org.apache.lucene.util.automaton.MinimizationOperations$StateList",1,3.00,1.00,5,0.03,280.88,4,3,4,2,1,125.65,0,7,0,1,125.65,0.00,0.00,0.00,0,1.00,1,95.08,0,0,1,java.lang.Object,0.00,1,0,1,0,1,1,0,0,28,2
"org.apache.lucene.util.automaton.MinimizationOperations$StateListNode",2,0.50,2.50,15,0.18,5270.67,6,4,4,2,1,112.33,0,22,0,1,112.33,0.00,0.00,0.50,0,0.00,3,535.17,0,0,1,java.lang.Object,0.00,0,0,5,0,0,2,0,0,128,2
"org.apache.lucene.util.automaton.RegExp",46,0.01,3.17,407,5.77,396191.66,68,22,6,90,28,63.77,359,549,23,1,106.06,0.00,0.00,0.06,21,674.00,22,17319.89,0,33,5,java.lang.Object,0.00,44,0,146,0,44,13,0,19,3274,1
"org.apache.lucene.util.automaton.RegExp$Kind",0,0.00,0.00,2,0.03,80.71,0,0,6,0,0,171.00,0,3,0,1,171.00,0.00,0.00,0.00,0,0.00,0,80.71,0,0,0,java.lang.Object,0.00,0,0,0,0,0,0,0,0,19,0
"org.apache.lucene.util.automaton.RunAutomaton",8,0.22,2.75,80,0.98,82759.73,15,7,0,19,6,83.98,44,88,2,1,101.85,0.00,0.00,0.34,0,0.00,8,2952.01,0,1,4,java.lang.Object,0.00,11,0,22,2,11,7,0,14,563,2
"org.apache.lucene.util.automaton.SortedIntSet",8,0.38,4.50,131,1.34,108604.45,16,8,4,21,5,143.19,10,151,2,1,93.19,0.00,0.00,0.45,0,0.00,10,4018.51,0,1,3,java.lang.Object,0.00,13,0,36,0,13,7,0,10,783,1
"org.apache.lucene.util.automaton.SortedIntSet$FrozenIntSet",5,0.08,3.60,55,0.52,37780.92,8,3,4,9,2,101.32,0,67,0,1,101.32,0.00,0.00,0.27,0,6.00,12,1545.40,0,1,2,java.lang.Object,0.00,4,0,18,0,4,4,0,0,330,3
"org.apache.lucene.util.automaton.SpecialOperations",10,0.00,3.30,102,1.60,91437.79,10,0,5,45,14,102.47,44,121,10,1,102.23,0.00,0.00,0.00,3,10.00,8,4794.90,0,5,4,java.lang.Object,0.00,35,0,33,0,35,5,0,19,919,2
"org.apache.lucene.util.automaton.State",18,0.04,2.06,103,1.07,65836.01,24,6,5,28,22,116.94,75,125,20,1,116.70,0.00,0.00,0.20,2,126.00,9,3199.35,0,2,3,java.lang.Object,0.00,10,0,37,0,10,16,1,17,687,1
"org.apache.lucene.util.automaton.State$TransitionsIterable",1,0.00,1.00,3,0.02,201.86,1,0,5,2,1,135.05,0,5,0,1,135.05,0.00,0.00,0.00,0,1.00,1,61.75,0,1,1,java.lang.Object,0.00,1,0,1,0,1,0,1,0,19,1
"org.apache.lucene.util.automaton.State$TransitionsIterable$Iterator<Transition>",3,0.50,1.00,8,0.05,447.53,4,1,5,4,1,142.65,0,11,0,1,142.65,0.00,0.00,0.67,0,1.00,1,142.84,0,1,1,java.lang.Object,0.00,1,0,3,0,1,2,0,0,43,0
"org.apache.lucene.util.automaton.StatePair",6,0.00,1.17,22,0.17,4034.84,9,3,0,7,4,113.03,33,31,3,1,130.90,0.00,0.00,0.33,0,2.00,2,515.73,0,2,1,java.lang.Object,0.00,1,0,7,0,1,4,0,6,139,1
"org.apache.lucene.util.automaton.TestBasicOperations",7,0.00,1.71,75,1.04,37090.01,7,0,2,28,6,154.25,8,82,0,2,104.25,0.00,0.50,0.00,0,7.00,6,3127.97,0,0,6,org.apache.lucene.util.LuceneTestCase,0.00,21,1,12,0,21,7,0,8,618,1
"org.apache.lucene.util.automaton.TestCompiledAutomaton",6,0.00,3.00,70,0.91,51573.58,6,0,9,28,5,100.92,3,81,0,2,100.92,0.00,0.50,0.00,4,6.00,10,2720.49,0,2,5,org.apache.lucene.util.LuceneTestCase,0.00,22,1,18,0,22,4,0,3,512,1
"org.apache.lucene.util.automaton.TestDeterminism",3,0.00,2.00,34,0.41,14366.10,3,0,1,18,4,85.14,17,34,0,2,103.01,0.00,0.50,0.00,0,3.00,2,1224.13,0,0,4,org.apache.lucene.util.LuceneTestCase,0.00,15,1,6,0,15,3,0,14,253,1
"org.apache.lucene.util.automaton.TestDeterminizeLexicon",2,0.50,3.00,32,0.35,9317.31,4,2,5,17,6,136.83,4,31,0,2,96.94,0.00,0.50,0.75,1,0.00,3,1037.45,0,0,6,org.apache.lucene.util.LuceneTestCase,0.00,15,1,6,0,15,2,0,1,207,1
"org.apache.lucene.util.automaton.TestLevenshteinAutomata",12,0.00,2.42,146,1.75,124312.36,12,0,3,42,8,81.05,62,153,0,2,98.92,0.00,0.50,0.00,4,12.00,7,5260.40,0,4,8,org.apache.lucene.util.LuceneTestCase,0.00,30,1,29,0,30,8,0,29,1020,1
"org.apache.lucene.util.automaton.TestMinimize",3,0.00,1.67,26,0.26,5486.60,3,0,1,15,5,151.39,8,26,0,2,111.51,0.00,0.50,0.00,0,3.00,2,788.45,0,0,5,org.apache.lucene.util.LuceneTestCase,0.00,12,1,5,0,12,3,0,4,166,1
"org.apache.lucene.util.automaton.TestSpecialOperations",1,0.00,2.00,10,0.09,1816.32,1,0,1,7,3,134.16,19,10,0,2,107.87,0.00,0.50,0.00,0,1.00,2,284.72,0,0,3,org.apache.lucene.util.LuceneTestCase,0.00,6,1,2,0,6,1,0,2,62,1
"org.apache.lucene.util.automaton.TestUTF32ToUTF8",11,0.40,2.64,148,2.10,172418.26,13,2,5,47,10,146.19,14,169,0,2,96.19,0.00,0.50,0.14,4,34.00,11,6305.48,1,0,10,org.apache.lucene.util.LuceneTestCase,0.00,36,1,29,0,36,11,0,14,1156,1
"org.apache.lucene.util.automaton.Transition",11,0.10,2.18,59,0.84,31388.92,16,5,1,20,23,117.77,49,89,23,1,117.54,0.00,0.00,0.29,1,0.00,9,2524.28,1,3,1,java.lang.Object,0.00,9,0,24,0,9,8,1,11,541,1
"org.apache.lucene.util.automaton.Transition$CompareByDestThenMinMaxSingle",1,0.00,8.00,9,0.17,11921.70,1,0,1,1,1,102.83,0,13,0,1,102.83,0.00,0.00,0.00,0,1.00,8,517.55,0,0,1,java.lang.Object,0.00,0,0,8,0,0,1,1,0,117,3
"org.apache.lucene.util.automaton.Transition$CompareByMinMaxThenDestSingle",1,0.00,8.00,10,0.17,10687.62,1,0,1,1,1,101.49,0,13,0,1,101.49,0.00,0.00,0.00,0,1.00,8,506.29,0,0,1,java.lang.Object,0.00,0,0,8,0,0,1,1,0,116,3
"org.apache.lucene.util.automaton.UTF32ToUTF8",8,0.06,3.25,143,2.28,211140.73,17,9,4,33,8,72.14,43,168,3,1,90.01,0.00,0.00,0.17,6,36.00,7,6842.70,0,2,5,java.lang.Object,0.00,25,0,26,0,25,6,0,39,1272,2
"org.apache.lucene.util.automaton.UTF32ToUTF8$UTF8Byte",0,0.00,0.00,3,0.02,116.27,2,2,4,0,0,171.00,1,4,0,1,171.00,0.00,0.00,0.00,0,0.00,0,46.51,0,0,0,java.lang.Object,0.00,0,0,0,0,0,0,0,1,14,2
"org.apache.lucene.util.automaton.UTF32ToUTF8$UTF8Sequence",6,0.10,2.17,52,0.55,24321.83,8,2,4,11,0,108.72,4,56,0,1,108.72,0.00,0.00,0.58,1,0.00,4,1656.18,0,1,0,java.lang.Object,0.00,5,0,13,0,5,5,0,4,347,2
"org.apache.lucene.analysis.Analyzer",8,0.86,1.25,31,0.25,5350.41,9,1,7,16,268,82.43,82,43,265,1,130.90,0.00,0.00,0.25,1,16.00,2,759.80,0,1,4,java.lang.Object,0.00,8,0,10,67,8,7,0,11,189,2
"org.apache.lucene.analysis.Analyzer$GlobalReuseStrategy",2,0.00,1.00,5,0.04,304.35,2,0,7,4,0,163.20,6,8,0,2,142.59,0.00,0.50,0.00,0,2.00,1,112.16,0,1,0,org.apache.lucene.analysis.ReuseStrategy,0.00,2,1,2,0,2,1,0,2,34,3
"org.apache.lucene.analysis.Analyzer$PerFieldReuseStrategy",2,0.00,2.00,10,0.16,5198.83,2,0,7,7,0,138.49,6,16,0,2,117.88,0.00,0.50,0.00,0,2.00,2,469.32,0,1,0,org.apache.lucene.analysis.ReuseStrategy,0.00,5,1,4,0,5,1,0,2,103,2
"org.apache.lucene.analysis.Analyzer$ReuseStrategy",5,0.75,1.80,21,0.18,4098.55,6,1,7,10,2,107.59,28,31,0,1,125.46,0.00,0.00,0.40,0,7.00,3,533.97,0,2,2,java.lang.Object,0.00,5,0,9,0,5,3,0,5,129,3
"org.apache.lucene.analysis.Analyzer$TokenStreamComponents",5,0.25,1.00,15,0.11,1499.41,7,2,7,6,2,101.48,33,22,0,1,133.70,0.00,0.00,0.30,0,10.00,1,320.03,0,0,2,java.lang.Object,0.00,1,0,5,0,1,5,0,5,90,2
"org.apache.lucene.analysis.AnalyzerWrapper",6,0.00,1.00,11,0.13,2029.17,6,0,2,11,8,118.86,41,19,6,2,151.08,5.00,0.14,0.00,2,6.00,1,377.63,0,3,2,org.apache.lucene.analysis.Analyzer,0.00,5,1,6,5,5,3,0,7,104,2
"org.apache.lucene.analysis.BaseTokenStreamTestCase",26,0.00,2.23,149,3.16,239745.17,26,0,10,65,146,113.52,22,206,137,2,113.52,205.00,0.00,0.00,4,26.00,17,9476.82,0,0,9,org.apache.lucene.util.LuceneTestCase,0.00,39,1,58,205,39,26,0,12,1712,2
"org.apache.lucene.analysis.BaseTokenStreamTestCase$CheckClearAttributesAttribute",1,0.00,1.00,2,0.01,64.15,1,0,10,1,0,145.54,0,3,0,2,145.54,0.00,0.50,0.00,0,1.00,1,30.46,0,0,0,,0.00,0,1,1,0,0,1,0,0,12,2
"org.apache.lucene.analysis.BaseTokenStreamTestCase$CheckClearAttributesAttributeImpl",5,0.25,1.00,14,0.14,2349.79,6,1,10,8,1,138.73,0,29,0,2,138.73,0.00,0.50,0.80,0,0.00,1,424.21,0,0,1,org.apache.lucene.util.AttributeImpl,0.20,3,1,5,0,3,5,1,0,110,3
"org.apache.lucene.analysis.CachingTokenFilter",5,0.17,2.00,26,0.27,6474.99,8,3,5,13,15,160.14,13,40,12,4,120.26,0.00,0.75,0.47,1,1.00,3,799.19,0,0,3,org.apache.lucene.analysis.TokenFilter,0.71,8,3,10,0,8,5,0,5,182,2
"org.apache.lucene.analysis.CharReader",8,0.29,1.12,18,0.18,3333.97,9,1,2,14,16,139.11,6,34,15,3,139.11,0.00,0.67,0.75,0,0.00,2,538.74,0,1,1,org.apache.lucene.analysis.CharStream,0.33,6,2,9,0,6,7,0,1,146,2
"org.apache.lucene.analysis.CharStream",1,0.00,1.00,2,0.01,109.02,1,0,1,1,23,143.25,16,3,23,2,143.73,9.00,0.09,0.00,0,1.00,1,42.11,0,0,0,java.io.Reader,0.00,0,1,1,9,0,1,0,2,15,2
"org.apache.lucene.analysis.CollationTestBase",7,4.00,2.57,137,2.67,115638.91,11,4,28,58,29,71.99,41,168,3,2,89.87,3.00,0.20,0.00,1,7.00,6,8024.22,0,1,26,org.apache.lucene.util.LuceneTestCase,0.00,51,1,18,3,51,6,0,34,1336,2
"org.apache.lucene.analysis.CollationTestBase$Thread",1,0.00,3.00,15,0.20,7148.47,1,0,28,13,3,96.53,0,19,0,1,96.53,0.00,0.00,0.00,0,1.00,3,608.77,0,0,3,java.lang.Object,0.00,12,0,3,0,12,1,0,0,111,0
"org.apache.lucene.analysis.MockAnalyzer",8,0.00,2.00,45,0.56,18482.60,16,8,7,20,231,100.41,44,64,224,2,118.28,0.00,0.50,0.12,0,26.00,9,1675.50,0,0,7,org.apache.lucene.analysis.Analyzer,0.00,12,1,16,0,12,8,0,10,357,2
"org.apache.lucene.analysis.MockFixedLengthPayloadFilter",2,0.75,1.50,17,0.17,3009.48,6,4,4,5,6,112.20,0,22,2,4,112.20,0.00,0.75,0.62,0,0.00,2,503.74,0,0,4,org.apache.lucene.analysis.TokenFilter,0.29,3,3,3,0,3,2,0,0,113,2
"org.apache.lucene.analysis.MockPayloadAnalyzer",1,0.00,1.00,4,0.06,1129.68,1,0,6,4,9,124.74,4,7,1,2,124.50,0.00,0.50,0.00,0,1.00,1,175.73,0,0,8,org.apache.lucene.analysis.Analyzer,0.00,3,1,1,0,3,1,0,1,42,2
"org.apache.lucene.analysis.MockPayloadFilter",3,0.67,1.67,33,0.29,6977.76,9,6,6,8,7,105.53,0,41,1,4,105.53,0.00,0.75,0.61,0,0.00,3,878.88,1,0,6,org.apache.lucene.analysis.TokenFilter,0.53,5,3,5,0,5,3,0,0,187,1
"org.apache.lucene.analysis.MockTokenFilter",4,0.06,1.75,24,0.52,15194.10,10,6,8,12,19,81.43,27,44,13,4,113.66,0.00,0.75,0.21,0,4.00,4,1564.07,0,0,6,org.apache.lucene.analysis.TokenFilter,0.25,8,3,7,0,8,4,0,8,289,2
"org.apache.lucene.analysis.MockTokenizer",12,0.08,1.83,100,1.23,54315.89,25,13,7,26,241,129.00,36,123,235,4,108.39,0.00,0.75,0.15,3,46.00,6,3679.06,3,0,6,org.apache.lucene.analysis.Tokenizer,0.55,14,3,22,0,14,12,0,20,726,1
"org.apache.lucene.analysis.MockTokenizer$State",0,0.00,0.00,2,0.01,107.55,0,0,7,0,0,171.00,0,8,0,1,171.00,0.00,0.00,0.00,0,0.00,0,43.02,0,0,0,java.lang.Object,0.00,0,0,0,0,0,0,0,0,12,2
"org.apache.lucene.analysis.MockVariableLengthPayloadFilter",2,0.80,1.50,18,0.20,3999.89,7,5,4,7,5,109.32,0,23,1,4,109.32,0.00,0.75,0.60,0,0.00,2,590.61,0,0,4,org.apache.lucene.analysis.TokenFilter,0.29,5,3,3,0,5,2,0,0,128,2
"org.apache.lucene.analysis.NumericTokenStream",10,0.21,1.50,44,0.56,13165.64,17,7,12,21,16,79.76,112,60,5,2,123.88,0.00,0.50,0.33,0,0.00,4,1690.59,0,4,12,org.apache.lucene.document.TokenStream,0.00,11,1,15,0,11,6,0,17,363,2
"org.apache.lucene.analysis.NumericTokenStream$NumericAttributeFactory",2,1.00,2.00,7,0.09,2126.48,3,1,12,5,2,129.21,0,12,0,2,129.21,0.00,0.50,0.50,0,2.00,3,255.29,0,1,2,org.apache.lucene.util.AttributeFactory,0.00,3,1,4,0,3,1,0,0,62,3
"org.apache.lucene.analysis.NumericTokenStream$NumericTermAttribute",6,0.00,1.00,7,0.04,133.53,6,0,12,6,0,210.39,9,8,0,2,160.39,0.00,0.50,0.00,0,6.00,1,105.47,0,0,0,,0.00,0,1,6,0,0,6,0,6,41,1
"org.apache.lucene.analysis.NumericTokenStream$NumericTermAttributeImpl",11,0.14,1.18,37,0.41,8667.80,16,5,12,16,5,130.35,3,48,0,2,130.35,0.00,0.50,0.33,1,3.00,3,1220.22,0,1,5,org.apache.lucene.util.AttributeImpl,0.12,5,1,13,0,5,10,2,3,288,3
"org.apache.lucene.analysis.TestCachingTokenFilter",2,1.00,1.50,40,0.59,21154.32,3,1,11,25,13,130.57,4,53,0,3,90.68,0.00,0.67,0.50,1,2.00,2,1772.09,0,0,13,org.apache.lucene.analysis.BaseTokenStreamTestCase,0.00,23,2,3,0,23,2,0,4,326,1
"org.apache.lucene.analysis.TestCachingTokenFilter$TokenStream",1,0.00,2.00,12,0.12,2500.52,4,3,11,4,2,103.83,0,15,0,1,103.83,0.00,0.00,1.00,0,0.00,2,351.22,0,0,2,java.lang.Object,0.00,3,0,2,0,3,1,0,0,78,0
"org.apache.lucene.analysis.TestMockAnalyzer",8,0.00,1.12,44,0.74,14453.40,8,0,7,21,11,139.87,25,71,0,3,119.25,0.00,0.67,0.00,0,8.00,2,2226.37,3,0,11,org.apache.lucene.analysis.BaseTokenStreamTestCase,0.00,13,2,9,0,13,8,0,10,451,1
"org.apache.lucene.analysis.TestNumericTokenStream",4,0.33,3.00,67,1.10,56943.17,6,2,6,28,8,143.12,4,74,0,3,93.12,0.00,0.67,0.25,0,8.00,3,3305.89,0,0,8,org.apache.lucene.analysis.BaseTokenStreamTestCase,0.00,24,2,12,0,24,4,0,4,579,1
"org.apache.lucene.analysis.TestNumericTokenStream$TestAttribute",0,0.00,0.00,1,0.01,49.13,0,0,6,0,0,171.00,0,1,0,2,171.00,0.00,0.50,0.00,0,0.00,0,19.65,0,0,0,,0.00,0,1,0,0,0,0,0,0,7,2
"org.apache.lucene.analysis.TestNumericTokenStream$TestAttributeImpl",0,0.00,0.00,1,0.01,85.59,0,0,6,0,1,171.00,0,1,0,3,171.00,0.00,0.67,0.00,0,0.00,0,28.53,0,0,1,org.apache.lucene.analysis.tokenattributes.CharTermAttributeImpl,0.00,0,2,0,0,0,0,1,0,9,2
"org.apache.lucene.analysis.TestToken",12,0.00,1.42,182,2.46,136607.32,12,0,9,48,15,95.11,3,200,1,2,95.11,0.00,0.50,0.00,2,12.00,5,7380.74,0,0,14,org.apache.lucene.util.LuceneTestCase,0.00,36,1,17,0,36,12,0,3,1463,1
"org.apache.lucene.analysis.TestToken$HashMap<String,Object>",0,0.00,0.00,9,0.19,4144.31,0,0,9,2,8,171.00,0,9,0,1,171.00,0.00,0.00,0.00,0,0.00,0,573.04,0,0,8,java.lang.Object,0.00,2,0,0,0,2,0,0,0,110,0
"org.apache.lucene.analysis.TestToken$SenselessAttribute",0,0.00,0.00,1,0.01,31.02,0,0,9,0,0,171.00,0,1,0,2,171.00,0.00,0.50,0.00,0,0.00,0,15.51,0,0,0,,0.00,0,1,0,0,0,0,0,0,6,1
"org.apache.lucene.analysis.TestToken$SenselessAttributeImpl",4,0.00,1.00,7,0.06,665.56,4,0,9,4,1,153.51,0,10,0,2,153.51,0.00,0.50,0.00,0,4.00,1,183.13,0,0,1,org.apache.lucene.util.AttributeImpl,0.22,0,1,4,0,0,4,1,0,55,3
"org.apache.lucene.analysis.Token",38,0.24,1.32,195,2.03,54770.97,45,7,12,56,72,77.70,282,260,60,3,119.99,0.00,0.67,0.38,2,0.00,5,6090.49,9,10,12,org.apache.lucene.analysis.tokenattributes.CharTermAttributeImpl,0.13,18,2,50,0,18,28,5,38,1360,1
"org.apache.lucene.analysis.Token$TokenAttributeFactory",4,0.67,2.00,14,0.18,5042.81,5,1,12,8,2,128.63,2,24,0,2,128.63,0.00,0.50,0.50,1,4.00,3,536.13,0,1,2,AttributeSource.AttributeFactory,0.00,4,1,8,0,4,3,0,1,128,3
"org.apache.lucene.analysis.TokenFilter",4,0.33,1.00,11,0.09,1296.02,5,1,1,7,128,160.62,12,19,127,3,140.00,55.50,0.02,0.75,0,0.00,1,261.65,0,0,1,org.apache.lucene.analysis.TokenStream,0.75,3,2,4,111,3,4,0,6,74,2
"org.apache.lucene.analysis.TokenStream",8,0.00,1.38,21,0.21,6610.50,8,0,9,15,449,116.58,113,33,444,2,136.73,165.00,0.01,0.00,1,8.00,4,644.67,0,0,6,org.apache.lucene.util.AttributeSource,0.00,7,1,11,165,7,8,1,9,153,2
"org.apache.lucene.analysis.Tokenizer",9,0.88,1.22,23,0.20,3474.44,10,1,3,12,230,159.97,27,34,226,3,139.36,14.00,0.06,0.22,0,19.00,2,591.95,0,0,4,org.apache.lucene.analysis.TokenStream,0.18,3,2,11,28,3,9,0,13,161,2
"org.apache.lucene.analysis.VocabularyAssert",4,0.00,1.75,30,0.47,14257.01,4,0,9,18,2,161.38,6,45,0,1,111.38,0.00,0.00,0.00,1,4.00,3,1408.38,0,0,2,java.lang.Object,0.00,14,0,7,0,14,4,0,6,284,1
"org.apache.solr.search.grouping.distributed.ShardRequestFactory",1,0.00,1.00,2,0.01,44.48,1,0,2,1,3,109.23,12,3,1,1,146.79,0.00,0.00,0.00,0,1.00,1,29.65,0,1,2,,0.00,0,0,1,0,0,0,0,2,12,1
"org.apache.solr.search.grouping.distributed.ShardResponseProcessor",1,0.00,1.00,2,0.01,39.00,1,0,2,1,6,109.68,12,3,4,1,147.24,0.00,0.00,0.00,0,1.00,1,34.00,0,0,2,,0.00,0,0,1,0,0,1,0,2,13,1
"org.apache.lucene.analysis.compound.hyphenation.ByteVector",11,0.30,1.36,49,0.37,9039.20,15,4,0,12,1,165.40,23,65,1,1,125.52,0.00,0.00,0.52,0,0.00,2,1112.59,0,0,0,java.lang.Object,0.00,1,0,15,0,1,11,0,7,271,1
"org.apache.lucene.analysis.compound.hyphenation.CharVector",13,0.27,1.31,55,0.44,10504.63,17,4,0,16,2,175.58,24,74,2,1,125.58,0.00,0.00,0.50,0,0.00,2,1306.80,0,1,0,java.lang.Object,0.00,3,0,17,0,3,12,1,7,317,1
"org.apache.lucene.analysis.compound.hyphenation.Hyphen",3,1.00,1.33,23,0.19,6976.59,6,3,0,7,1,113.14,12,29,1,1,112.90,0.00,0.00,1.00,0,0.00,2,583.72,0,1,0,java.lang.Object,0.00,4,0,4,0,4,2,0,1,138,1
"org.apache.lucene.analysis.compound.hyphenation.Hyphenation",3,0.00,1.00,8,0.04,406.54,4,1,0,3,2,143.22,14,12,2,1,142.98,0.00,0.00,1.00,0,0.00,1,123.63,0,0,0,java.lang.Object,0.00,0,0,3,0,0,3,0,4,39,1
"org.apache.lucene.analysis.compound.hyphenation.HyphenationException",1,0.00,1.00,3,0.02,106.02,1,0,0,1,2,105.03,6,5,2,2,137.25,0.00,0.50,0.00,0,1.00,1,45.51,0,0,0,java.lang.Exception,0.00,0,1,1,0,0,1,0,2,16,1
"org.apache.lucene.analysis.compound.hyphenation.HyphenationTree",15,0.00,3.80,222,2.79,295569.54,19,4,5,52,8,49.99,171,255,2,2,94.12,0.00,0.50,0.25,5,66.00,14,8364.57,4,4,6,org.apache.lucene.analysis.compound.hyphenation.TernaryTree,0.00,37,1,57,0,37,11,1,50,1558,1
"org.apache.lucene.analysis.compound.hyphenation.PatternConsumer",3,0.00,1.00,4,0.03,133.57,3,0,1,3,2,109.91,25,5,2,1,158.02,0.00,0.00,0.00,0,3.00,1,86.02,0,0,0,,0.00,0,0,3,0,0,3,0,4,30,1
"org.apache.lucene.analysis.compound.hyphenation.PatternParser",21,0.04,3.48,234,2.83,140690.74,32,11,12,80,5,141.62,61,292,2,2,101.74,0.00,0.50,0.13,4,110.00,10,8481.00,0,8,3,org.xml.sax.helpers.DefaultHandler,0.00,59,1,73,0,59,13,1,27,1647,1
"org.apache.lucene.analysis.compound.hyphenation.TernaryTree",21,0.13,2.48,222,2.52,179178.95,30,9,2,36,4,70.31,138,263,3,1,102.53,0.00,0.00,0.23,11,83.00,9,7560.78,0,2,1,java.lang.Object,0.00,15,0,52,1,15,19,1,43,1561,1
"org.apache.lucene.analysis.compound.hyphenation.TernaryTree$Iterator",9,0.25,3.11,101,1.11,65523.33,13,4,2,29,1,122.09,30,132,0,1,101.48,0.00,0.00,0.47,2,0.00,10,3329.95,0,1,1,java.lang.Object,0.00,20,0,28,0,20,8,1,13,659,1
"org.apache.lucene.analysis.compound.hyphenation.TernaryTree$Iterator$Item",3,0.75,1.00,11,0.07,702.58,5,2,2,4,0,134.54,0,16,0,1,134.54,0.00,0.00,1.00,0,0.00,1,198.73,0,1,0,java.lang.Object,0.00,1,0,3,0,1,2,1,0,58,1
"org.apache.lucene.DocumentBuilder",1,0.00,1.00,3,0.02,172.11,1,0,2,1,5,88.76,46,4,3,1,135.60,0.00,0.00,0.00,0,1.00,1,61.87,0,1,2,,0.00,0,0,1,0,0,0,0,4,20,1
"org.apache.lucene.DocumentBuilder$DocumentBuilderException",4,0.00,1.00,9,0.05,350.48,4,0,2,4,0,144.47,0,14,0,2,144.47,0.00,0.50,0.00,0,4.00,1,140.93,0,0,0,java.lang.Exception,0.00,0,1,4,0,0,4,0,0,47,2
"org.apache.lucene.LucenePackage",2,0.00,1.00,4,0.02,235.98,2,0,0,3,3,93.46,19,6,3,1,143.46,0.00,0.00,0.00,0,2.00,1,69.80,0,1,0,java.lang.Object,0.00,1,0,2,0,1,1,0,4,23,2
"org.apache.lucene.TestAssertions",2,0.00,3.00,27,0.21,2974.49,2,0,4,12,2,104.21,0,45,0,2,104.21,0.00,0.50,0.00,0,2.00,4,632.13,0,0,2,org.apache.lucene.util.LuceneTestCase,0.00,10,1,6,0,10,2,0,0,148,1
"org.apache.lucene.TestAssertions$TestAnalyzer1",1,0.00,1.00,3,0.02,223.77,1,0,4,1,1,134.70,0,6,0,2,134.70,0.00,0.50,0.00,0,1.00,1,72.62,0,1,1,org.apache.lucene.analysis.Analyzer,0.00,0,1,1,0,0,0,0,0,21,1
"org.apache.lucene.TestAssertions$TestAnalyzer2",1,0.00,1.00,3,0.03,241.88,1,0,4,1,1,134.43,0,6,0,2,134.43,0.00,0.50,0.00,0,1.00,1,76.76,0,1,1,org.apache.lucene.analysis.Analyzer,0.00,0,1,1,0,0,0,0,0,22,2
"org.apache.lucene.TestAssertions$TestAnalyzer3",1,0.00,1.00,3,0.02,223.77,1,0,4,1,1,134.70,0,6,0,2,134.70,0.00,0.50,0.00,0,1.00,1,72.62,0,1,1,org.apache.lucene.analysis.Analyzer,0.00,0,1,1,0,0,0,0,0,21,1
"org.apache.lucene.TestAssertions$TestAnalyzer4",1,0.00,1.00,3,0.02,223.77,1,0,4,1,1,134.70,0,6,0,2,134.70,0.00,0.50,0.00,0,1.00,1,72.62,0,1,1,org.apache.lucene.analysis.Analyzer,0.00,0,1,1,0,0,0,0,0,21,1
"org.apache.lucene.TestAssertions$TestTokenStream1",1,0.00,1.00,3,0.02,212.64,1,0,4,1,1,134.87,0,4,0,3,134.87,0.00,0.67,0.00,0,1.00,1,57.02,0,0,1,org.apache.lucene.analysis.TokenStream,0.33,0,2,1,0,0,1,0,0,18,1
"org.apache.lucene.TestAssertions$TestTokenStream2",1,0.00,1.00,3,0.02,186.16,1,0,4,1,1,135.33,0,4,0,3,135.33,0.00,0.67,0.00,0,1.00,1,56.19,0,0,1,org.apache.lucene.analysis.TokenStream,0.33,0,2,1,0,0,1,0,0,18,2
"org.apache.lucene.TestAssertions$TestTokenStream3",1,0.00,1.00,3,0.02,168.05,1,0,4,1,1,135.68,0,4,0,3,135.68,0.00,0.67,0.00,0,1.00,1,52.05,0,0,1,org.apache.lucene.analysis.TokenStream,0.33,0,2,1,0,0,1,0,0,17,1
"org.apache.lucene.TestDemo",1,0.00,3.00,29,0.49,23696.74,1,0,10,21,12,52.37,13,29,0,2,81.75,0.00,0.50,0.00,0,1.00,3,1477.78,0,0,12,org.apache.lucene.util.LuceneTestCase,0.00,20,1,3,0,20,1,0,8,243,1
"org.apache.lucene.TestExternalCodecs",0,0.00,0.00,4,0.04,1119.69,0,0,10,1,2,171.00,8,4,0,2,171.00,0.00,0.50,0.00,0,0.00,0,133.98,0,0,2,org.apache.lucene.util.LuceneTestCase,0.00,1,1,0,0,1,0,0,7,31,1
"org.apache.lucene.TestExternalCodecs$Comparator<BytesRef>",2,0.00,2.50,19,0.23,19523.06,2,0,10,2,1,153.78,2,25,0,1,103.78,0.00,0.00,0.00,0,2.00,4,700.93,0,0,1,java.lang.Object,0.00,0,0,5,0,0,2,0,2,144,0
"org.apache.lucene.TestExternalCodecs$RAMOnlyCodec",8,0.86,1.62,83,1.46,99374.89,9,1,10,50,22,151.35,10,108,0,2,101.35,0.00,0.50,0.25,0,16.00,6,4374.89,0,4,22,org.apache.lucene.index.codecs.Codec,0.00,42,1,13,0,42,4,0,10,723,2
"org.apache.lucene.TestExternalCodecs$RAMOnlyCodec$RAMDoc",1,2.00,1.00,7,0.05,849.83,4,3,10,1,0,116.41,0,9,0,1,116.41,0.00,0.00,0.33,0,0.00,1,155.24,0,0,0,java.lang.Object,0.00,0,0,1,0,0,1,0,0,42,1
"org.apache.lucene.TestExternalCodecs$RAMOnlyCodec$RAMDocsAndPositionsEnum",8,0.17,1.38,34,0.35,8339.31,13,5,10,12,3,124.70,1,53,0,4,124.70,0.00,0.75,0.35,1,0.00,4,1063.03,0,1,3,org.apache.lucene.index.DocsAndPositionsEnum,1.33,4,3,11,0,4,7,0,1,245,2
"org.apache.lucene.TestExternalCodecs$RAMOnlyCodec$RAMDocsEnum",5,0.15,1.60,28,0.27,6609.47,10,5,10,8,2,120.24,1,41,0,3,120.24,0.00,0.67,0.32,1,0.00,4,812.57,0,0,2,org.apache.lucene.index.DocsEnum,0.92,3,2,8,0,3,5,0,1,184,2
"org.apache.lucene.TestExternalCodecs$RAMOnlyCodec$RAMField",7,0.10,1.00,20,0.17,2759.27,12,5,10,10,2,139.33,0,34,0,2,139.33,0.00,0.50,0.11,0,27.00,1,520.34,0,2,2,org.apache.lucene.index.Terms,0.55,3,1,7,0,3,5,0,0,134,1
"org.apache.lucene.TestExternalCodecs$RAMOnlyCodec$RAMFieldsConsumer",3,0.25,1.00,11,0.11,2072.61,5,2,10,7,3,130.84,1,17,0,2,130.84,0.00,0.50,0.33,0,4.00,1,332.70,0,1,3,org.apache.lucene.index.codecs.FieldsConsumer,0.33,4,1,3,0,4,2,0,1,83,2
"org.apache.lucene.TestExternalCodecs$RAMOnlyCodec$RAMFieldsEnum",3,0.17,1.33,15,0.14,2429.57,6,3,10,9,2,121.96,0,22,0,2,121.96,0.00,0.50,0.44,0,1.00,2,411.98,0,2,2,org.apache.lucene.index.FieldsEnum,0.67,6,1,4,0,6,1,0,0,103,1
"org.apache.lucene.TestExternalCodecs$RAMOnlyCodec$RAMPostings",3,1.00,1.00,7,0.08,1240.16,4,1,10,6,3,139.17,0,14,0,3,139.17,0.00,0.67,0.33,0,4.00,1,233.28,0,2,3,org.apache.lucene.index.codecs.FieldsProducer,1.00,3,2,3,0,3,1,0,0,62,1
"org.apache.lucene.TestExternalCodecs$RAMOnlyCodec$RAMPostingsWriterImpl",4,0.33,1.50,20,0.27,9796.60,7,3,10,7,2,118.15,0,30,0,2,118.15,0.00,0.50,0.58,0,0.00,3,807.91,0,0,2,org.apache.lucene.index.codecs.PostingsConsumer,0.50,3,1,6,0,3,4,0,0,176,2
"org.apache.lucene.TestExternalCodecs$RAMOnlyCodec$RAMTerm",1,3.00,1.00,6,0.05,840.17,4,3,10,2,0,118.94,0,8,0,1,118.94,0.00,0.00,0.00,0,1.00,1,158.81,0,0,0,java.lang.Object,0.00,1,0,1,0,1,1,0,0,40,1
"org.apache.lucene.TestExternalCodecs$RAMOnlyCodec$RAMTermsConsumer",5,0.00,1.00,22,0.24,5026.53,8,3,10,12,4,124.90,0,32,0,2,124.90,0.00,0.50,0.33,0,6.00,1,734.83,0,2,4,org.apache.lucene.index.codecs.TermsConsumer,0.40,7,1,5,0,7,3,0,0,172,2
"org.apache.lucene.TestExternalCodecs$RAMOnlyCodec$RAMTermsEnum",11,0.13,1.45,43,0.47,10941.92,14,3,10,28,5,129.51,1,70,0,2,129.51,0.00,0.50,0.45,0,0.00,4,1401.79,0,6,5,org.apache.lucene.index.TermsEnum,0.54,17,1,16,0,17,5,0,1,328,1
"org.apache.lucene.TestMergeSchedulerExternal",0,0.00,0.00,5,0.04,461.50,3,3,17,0,14,171.00,4,5,0,2,171.00,0.00,0.50,0.00,0,0.00,0,105.49,0,0,14,org.apache.lucene.util.LuceneTestCase,0.00,0,1,0,0,0,0,0,1,27,1
"org.apache.lucene.TestMergeSchedulerExternal$MyMergeScheduler",5,0.00,1.20,47,0.60,12735.92,5,0,17,39,11,158.54,5,58,0,3,108.54,0.00,0.67,0.00,0,6.00,2,1800.62,2,1,11,org.apache.lucene.index.ConcurrentMergeScheduler,0.00,34,2,6,0,34,4,0,5,351,1
"org.apache.lucene.TestMergeSchedulerExternal$MyMergeScheduler$FailOnlyOnMerge",1,0.00,3.00,8,0.11,3080.70,1,0,17,6,1,109.59,0,10,0,2,109.59,0.00,0.50,0.00,0,1.00,3,316.06,0,0,1,MockDirectoryWrapper.Failure,0.00,5,1,3,0,5,1,0,0,66,2
"org.apache.lucene.TestMergeSchedulerExternal$MyMergeScheduler$MyMergeThread",1,0.00,1.00,4,0.04,420.51,1,0,17,1,1,127.88,0,7,0,2,127.88,0.00,0.50,0.00,0,0.00,1,109.84,0,0,1,ConcurrentMergeScheduler.MergeThread,0.00,0,1,1,0,0,1,0,0,29,1
"org.apache.lucene.TestMergeSchedulerExternal$MyMergeScheduler$ReportingMergeScheduler",2,0.00,2.00,8,0.11,2797.49,2,0,17,6,3,123.61,0,14,0,2,123.61,0.00,0.50,0.00,0,2.00,3,333.10,0,0,3,org.apache.lucene.index.MergeScheduler,0.50,4,1,4,0,4,2,0,0,75,2
"org.apache.lucene.TestSearch",4,0.00,2.25,82,1.32,74699.02,4,0,13,42,20,109.26,12,96,1,2,88.65,0.00,0.50,0.00,1,4.00,6,3948.91,0,1,19,org.apache.lucene.util.LuceneTestCase,0.00,38,1,9,0,38,3,0,4,698,1
"org.apache.lucene.TestSearchForDuplicates",5,0.05,2.60,82,1.34,64126.84,10,5,12,44,18,133.40,12,89,1,2,93.51,0.00,0.50,0.24,3,2.00,5,4013.57,0,0,17,org.apache.lucene.util.LuceneTestCase,0.00,39,1,13,0,39,5,0,5,693,1
"org.apache.lucene.demo.IndexFiles",3,0.00,5.67,72,1.16,73403.52,3,0,21,40,13,117.94,61,90,1,1,84.56,0.00,0.00,0.00,1,3.00,9,3480.82,0,0,12,java.lang.Object,0.00,37,0,17,0,37,3,0,43,549,1
"org.apache.lucene.demo.SearchFiles",3,0.00,13.33,136,2.34,293859.29,3,0,16,32,10,51.56,16,160,1,1,69.43,0.00,0.00,0.00,1,3.00,20,7011.64,0,0,9,java.lang.Object,0.00,29,0,40,0,29,3,0,7,1053,1
"org.apache.lucene.demo.TestDemo",2,0.00,1.00,22,0.31,7757.17,2,0,5,14,3,103.89,1,27,0,2,103.89,0.00,0.50,0.00,1,2.00,1,931.31,0,0,3,org.apache.lucene.util.LuceneTestCase,0.00,12,1,2,0,12,2,0,1,178,1
"org.apache.solr.uima.ts.EntityAnnotation",10,0.50,1.40,30,0.39,6100.72,12,2,4,16,3,151.81,33,37,3,2,131.19,0.00,0.50,0.05,1,18.00,2,1170.23,0,2,1,org.apache.uima.jcas.tcas.Annotation,0.00,6,1,14,0,6,8,0,17,277,1
"org.apache.solr.uima.ts.EntityAnnotation_Type",6,0.37,2.00,30,0.44,8531.50,12,6,10,15,2,140.55,18,38,2,2,119.94,0.00,0.50,0.47,0,0.00,3,1314.67,0,3,1,org.apache.uima.jcas.tcas.Annotation_Type,0.00,9,1,12,0,9,3,0,14,277,1
"org.apache.solr.uima.ts.EntityAnnotation_Type$FSGenerator",1,0.00,3.00,10,0.12,4415.53,1,0,10,4,2,154.74,1,12,0,1,104.74,0.00,0.00,0.00,0,1.00,3,351.13,0,1,2,java.lang.Object,0.00,3,0,3,0,3,0,0,1,77,0
"org.apache.solr.uima.ts.SentimentAnnotation",8,0.50,1.25,24,0.25,3786.88,10,2,4,14,3,152.70,27,29,3,2,132.08,0.00,0.50,0.06,1,14.00,2,764.10,0,1,1,org.apache.uima.jcas.tcas.Annotation,0.00,6,1,10,0,6,7,0,13,189,1
"org.apache.solr.uima.ts.SentimentAnnotation_Type",4,0.42,1.75,20,0.28,4841.33,8,4,10,13,2,141.14,14,25,2,2,120.52,0.00,0.50,0.56,0,0.00,2,827.16,0,2,1,org.apache.uima.jcas.tcas.Annotation_Type,0.00,9,1,7,0,9,2,0,10,177,1
"org.apache.solr.uima.ts.SentimentAnnotation_Type$FSGenerator",1,0.00,3.00,10,0.12,4415.53,1,0,10,4,2,154.74,1,12,0,1,104.74,0.00,0.00,0.00,0,1.00,3,351.13,0,1,2,java.lang.Object,0.00,3,0,3,0,3,0,0,1,77,0
"org.apache.lucene.queryparser.flexible.standard.builders.AnyQueryNodeBuilder",2,0.00,3.00,17,0.22,9621.35,2,0,11,10,10,147.95,5,25,0,1,108.06,0.00,0.00,0.00,0,2.00,5,657.97,0,1,10,java.lang.Object,0.00,8,0,6,0,8,1,1,2,123,1
"org.apache.lucene.queryparser.flexible.standard.builders.BooleanQueryNodeBuilder",3,0.00,3.00,24,0.33,14490.32,3,0,13,13,13,128.66,10,41,1,1,108.05,0.00,0.00,0.00,0,3.00,5,994.67,0,2,12,java.lang.Object,0.00,10,0,9,0,10,1,1,2,193,1
"org.apache.lucene.queryparser.flexible.standard.builders.BoostQueryNodeBuilder",2,0.00,1.50,10,0.10,2428.49,2,0,5,6,7,141.16,7,15,1,1,120.55,0.00,0.00,0.00,0,2.00,2,296.14,0,1,6,java.lang.Object,0.00,4,0,3,0,4,1,1,2,68,1
"org.apache.lucene.queryparser.flexible.standard.builders.DummyQueryNodeBuilder",2,0.00,1.00,4,0.02,172.08,2,0,5,2,7,96.43,16,7,1,1,144.54,0.00,0.00,0.00,0,2.00,1,66.53,0,1,6,java.lang.Object,0.00,0,0,2,0,0,1,1,4,22,1
"org.apache.lucene.queryparser.flexible.standard.builders.FieldQueryNodeBuilder",2,0.00,1.00,5,0.05,960.57,2,0,5,6,7,178.54,4,9,1,1,138.65,0.00,0.00,0.00,0,2.00,1,159.44,0,1,6,java.lang.Object,0.00,4,0,2,0,4,1,1,2,42,1
"org.apache.lucene.queryparser.flexible.standard.builders.FuzzyQueryNodeBuilder",2,0.00,1.00,5,0.07,1294.83,2,0,5,8,7,177.52,4,10,1,1,137.63,0.00,0.00,0.00,0,2.00,1,199.20,0,1,6,java.lang.Object,0.00,6,0,2,0,6,1,1,2,50,1
"org.apache.lucene.queryparser.flexible.standard.builders.GroupQueryNodeBuilder",2,0.00,1.00,5,0.05,761.31,2,0,5,4,7,160.06,6,9,1,1,139.45,0.00,0.00,0.00,0,2.00,1,155.20,0,1,6,java.lang.Object,0.00,2,0,2,0,2,1,1,2,41,1
"org.apache.lucene.queryparser.flexible.standard.builders.MatchAllDocsQueryNodeBuilder",2,0.00,1.50,6,0.08,1856.27,2,0,7,9,9,150.35,6,13,1,1,129.74,0.00,0.00,0.00,0,2.00,2,241.77,0,1,8,java.lang.Object,0.00,7,0,3,0,7,1,1,3,57,1
"org.apache.lucene.queryparser.flexible.standard.builders.MatchNoDocsQueryNodeBuilder",2,0.00,1.50,6,0.08,1856.27,2,0,7,9,9,150.35,6,13,1,1,129.74,0.00,0.00,0.00,0,2.00,2,241.77,0,1,8,java.lang.Object,0.00,7,0,3,0,7,1,1,3,57,1
"org.apache.lucene.queryparser.flexible.standard.builders.ModifierQueryNodeBuilder",2,0.00,1.00,5,0.05,761.31,2,0,5,4,7,160.06,6,9,1,1,139.45,0.00,0.00,0.00,0,2.00,1,155.20,0,1,6,java.lang.Object,0.00,2,0,2,0,2,1,1,2,41,1
"org.apache.lucene.queryparser.flexible.standard.builders.MultiPhraseQueryNodeBuilder",2,0.00,3.00,22,0.35,19893.92,2,0,11,15,10,140.31,5,30,1,1,100.42,0.00,0.00,0.00,0,2.00,5,1048.81,0,1,9,java.lang.Object,0.00,13,0,6,0,13,1,1,2,189,1
"org.apache.lucene.queryparser.flexible.standard.builders.NumericRangeQueryNodeBuilder",2,0.00,1.00,20,0.41,20943.31,2,0,10,18,12,84.17,10,38,1,1,102.04,0.00,0.00,0.00,0,2.00,1,1241.00,0,1,11,java.lang.Object,0.00,16,0,2,0,16,1,1,3,210,1
"org.apache.lucene.queryparser.flexible.standard.builders.PhraseQueryNodeBuilder",2,0.00,2.00,13,0.15,5724.47,2,0,8,8,9,154.48,5,18,1,1,114.59,0.00,0.00,0.00,0,2.00,3,459.09,0,1,8,java.lang.Object,0.00,6,0,4,0,6,1,1,2,93,1
"org.apache.lucene.queryparser.flexible.standard.builders.PrefixWildcardQueryNodeBuilder",2,0.00,1.50,10,0.16,4468.23,2,0,7,11,9,158.35,5,14,1,1,118.46,0.00,0.00,0.00,0,2.00,2,480.08,0,1,8,java.lang.Object,0.00,9,0,3,0,9,1,1,2,97,1
"org.apache.lucene.queryparser.flexible.standard.builders.RegexpQueryNodeBuilder",2,0.00,1.50,9,0.12,3042.94,2,0,7,8,9,163.27,4,15,1,1,123.39,0.00,0.00,0.00,0,2.00,2,347.36,0,1,8,java.lang.Object,0.00,6,0,3,0,6,1,1,2,76,1
"org.apache.lucene.queryparser.flexible.standard.builders.SlopQueryNodeBuilder",2,0.00,1.50,10,0.11,3328.35,2,0,7,6,9,140.08,7,15,1,1,119.47,0.00,0.00,0.00,0,2.00,2,342.09,0,1,8,java.lang.Object,0.00,4,0,3,0,4,1,1,2,77,1
"org.apache.lucene.queryparser.flexible.standard.builders.StandardBooleanQueryNodeBuilder",3,0.00,3.33,27,0.36,15588.47,3,0,15,16,14,126.48,10,41,1,1,105.87,0.00,0.00,0.00,0,3.00,5,1093.36,0,2,13,java.lang.Object,0.00,13,0,10,0,13,1,1,2,212,1
"org.apache.lucene.queryparser.flexible.standard.builders.StandardQueryBuilder",1,0.00,1.00,2,0.01,88.08,1,0,5,1,28,102.16,7,3,23,2,144.46,0.00,0.50,0.00,0,1.00,1,44.04,0,1,5,,0.00,0,1,1,0,0,0,0,1,15,1
"org.apache.lucene.queryparser.flexible.standard.builders.StandardQueryTreeBuilder",2,0.00,1.00,22,0.34,5193.92,2,0,23,20,43,105.50,9,29,1,2,105.27,0.00,0.50,0.00,0,2.00,1,1017.69,2,1,42,org.apache.lucene.queryparser.flexible.core.builders.QueryTreeBuilder,0.00,18,1,2,0,18,1,1,1,195,1
"org.apache.lucene.queryparser.flexible.standard.builders.TermRangeQueryNodeBuilder",2,0.00,2.50,18,0.26,8197.53,2,0,8,13,10,146.63,5,26,1,1,106.75,0.00,0.00,0.00,0,2.00,4,775.89,0,1,9,java.lang.Object,0.00,11,0,5,0,11,1,1,2,147,1
"org.apache.lucene.queryparser.flexible.standard.builders.WildcardQueryNodeBuilder",2,0.00,1.50,9,0.12,3042.94,2,0,7,8,9,163.27,5,14,1,1,123.39,0.00,0.00,0.00,0,2.00,2,347.36,0,1,8,java.lang.Object,0.00,6,0,3,0,6,1,1,2,76,1
"org.apache.lucene.queryparser.analyzing.ASCIIAnalyzer",1,0.00,1.00,4,0.06,1028.22,1,0,6,4,7,124.82,0,7,1,2,124.82,0.00,0.50,0.00,0,1.00,1,167.13,0,1,6,org.apache.lucene.analysis.Analyzer,0.00,3,1,1,0,3,0,0,0,40,1
"org.apache.lucene.queryparser.analyzing.AnalyzingQueryParser",5,0.00,9.00,136,2.14,205226.28,5,0,10,30,7,114.16,101,197,1,3,80.77,0.00,0.67,0.00,0,5.00,19,6407.52,4,4,6,org.apache.lucene.queryparser.classic.QueryParser,0.00,25,2,45,0,25,1,0,25,1055,1
"org.apache.lucene.queryparser.analyzing.TestAnalyzingQueryParser",6,0.33,1.67,49,0.64,14427.04,15,9,6,12,6,110.57,2,60,0,2,110.57,0.00,0.50,0.39,0,0.00,2,1912.79,1,1,6,org.apache.lucene.util.LuceneTestCase,0.00,6,1,10,0,6,5,0,1,391,1
"org.apache.lucene.queryparser.analyzing.TestFoldingFilter",2,1.00,4.50,22,0.21,8755.91,3,1,6,4,5,103.13,0,30,1,4,103.13,0.00,0.75,0.50,0,2.00,8,626.75,0,0,4,org.apache.lucene.analysis.TokenFilter,0.29,2,3,9,0,2,2,0,0,126,1
"org.apache.lucene.facet.search.params.CountFacetRequest",5,0.00,1.20,14,0.14,2267.54,5,0,7,8,23,106.59,31,27,15,2,138.81,1.00,0.33,0.00,0,5.00,2,406.73,0,1,8,org.apache.lucene.facet.search.params.FacetRequest,0.14,3,1,6,1,3,4,0,4,102,1
"org.apache.lucene.facet.search.params.FacetRequest",23,0.01,1.30,81,0.85,21305.32,34,11,13,36,30,81.67,192,122,21,1,129.78,0.00,0.00,0.08,1,219.00,3,2546.93,1,9,13,java.lang.Object,0.00,13,0,30,6,13,14,1,31,581,2
"org.apache.lucene.facet.search.params.FacetRequest$ResultMode",0,0.00,0.00,2,0.01,23.26,0,0,13,0,0,171.00,1,4,0,1,171.00,0.00,0.00,0.00,0,0.00,0,15.51,0,0,0,java.lang.Object,0.00,0,0,0,0,0,0,1,1,6,1
"org.apache.lucene.facet.search.params.FacetRequest$SortBy",0,0.00,0.00,2,0.01,23.26,0,0,13,0,0,171.00,1,4,0,1,171.00,0.00,0.00,0.00,0,0.00,0,15.51,0,0,0,java.lang.Object,0.00,0,0,0,0,0,0,1,1,6,1
"org.apache.lucene.facet.search.params.FacetRequest$SortOrder",0,0.00,0.00,2,0.01,23.26,0,0,13,0,0,171.00,0,1,0,1,171.00,0.00,0.00,0.00,0,0.00,0,15.51,0,0,0,java.lang.Object,0.00,0,0,0,0,0,0,1,0,6,1
"org.apache.lucene.facet.search.params.FacetRequestTest",6,0.00,1.00,42,0.62,14489.67,6,0,9,27,9,133.45,20,55,0,2,112.84,0.00,0.50,0.00,0,6.00,1,1861.51,0,0,9,org.apache.lucene.util.LuceneTestCase,0.00,21,1,6,0,21,6,0,5,377,1
"org.apache.lucene.facet.search.params.FacetSearchParams",8,0.14,1.25,31,0.29,7470.63,11,3,6,16,44,81.66,65,42,40,1,129.76,0.00,0.00,0.21,1,26.00,2,862.71,0,4,5,java.lang.Object,0.00,8,0,10,0,8,4,0,9,205,1
"org.apache.lucene.facet.search.params.FacetSearchParamsTest",4,0.00,1.25,33,0.47,10477.04,4,0,10,26,10,110.58,16,44,0,2,110.34,0.00,0.50,0.00,0,4.00,2,1396.54,0,0,10,org.apache.lucene.util.LuceneTestCase,0.00,22,1,5,0,22,4,0,1,278,1
"org.apache.lucene.facet.search.params.MultiIteratorsPerCLParamsTest",6,0.50,1.67,66,1.09,37037.17,8,2,33,44,29,84.31,34,98,0,2,102.19,0.00,0.50,0.08,3,10.00,3,3257.24,0,0,29,org.apache.lucene.util.LuceneTestCase,0.00,38,1,10,0,38,6,0,13,599,1
"org.apache.lucene.facet.search.params.MultiIteratorsPerCLParamsTest$PerDimCountFacetRequest",3,0.00,1.00,7,0.09,1324.49,3,0,33,5,8,138.94,2,16,0,3,138.94,0.00,0.67,0.00,0,3.00,1,256.10,1,2,8,org.apache.lucene.facet.search.params.CountFacetRequest,0.00,2,2,3,0,2,1,0,2,65,1
"org.apache.lucene.facet.search.params.MultiIteratorsPerCLParamsTest$PerDimCountFacetRequest$TopKFacetResultsHandler",1,0.00,2.00,7,0.11,3627.44,1,0,33,5,3,111.29,0,11,0,1,111.29,0.00,0.00,0.00,0,0.00,2,330.88,1,1,3,java.lang.Object,0.00,4,0,2,0,4,0,0,0,67,0
"org.apache.lucene.facet.search.params.MultiIteratorsPerCLParamsTest$PerDimensionCLI",5,0.08,1.80,26,0.25,5652.07,8,3,33,11,3,120.75,1,38,0,1,120.75,0.00,0.00,0.40,0,9.00,3,752.76,0,0,3,java.lang.Object,0.00,6,0,9,0,6,5,1,1,176,2
"org.apache.lucene.facet.search.params.ScoreFacetRequest",5,0.00,1.00,12,0.12,1821.68,5,0,6,7,8,139.84,22,24,1,2,139.60,0.00,0.50,0.00,0,5.00,1,355.74,0,1,7,org.apache.lucene.facet.search.params.FacetRequest,0.14,2,1,5,0,2,4,0,3,92,1
"org.apache.lucene.index.codecs.standard.DefaultSkipListReader",8,0.39,1.25,49,0.46,12936.39,15,7,4,10,6,156.54,17,63,4,2,116.65,0.00,0.50,0.48,0,0.00,3,1388.05,3,0,2,org.apache.lucene.index.codecs.MultiLevelSkipListReader,0.21,2,1,10,0,2,8,0,9,312,1
"org.apache.lucene.index.codecs.standard.DefaultSkipListWriter",4,0.52,2.00,48,0.56,20594.26,15,11,4,7,4,53.25,34,59,2,2,101.36,0.00,0.50,0.48,0,0.00,3,1692.94,1,0,2,org.apache.lucene.index.codecs.MultiLevelSkipListWriter,0.20,3,1,8,0,3,4,0,28,353,1
"org.apache.lucene.index.codecs.standard.StandardCodec",10,0.09,1.20,48,0.58,15357.27,15,5,18,24,34,123.41,8,79,18,2,123.41,0.00,0.50,0.12,1,30.00,2,1733.99,0,5,18,org.apache.lucene.index.codecs.Codec,0.10,14,1,12,0,14,5,0,7,384,1
"org.apache.lucene.index.codecs.standard.StandardPostingsReader",9,0.05,3.11,95,1.33,63795.93,14,5,19,32,25,123.73,35,137,8,2,103.11,0.00,0.50,0.24,0,23.00,7,3996.40,0,3,18,org.apache.lucene.index.codecs.PostingsReaderBase,0.25,23,1,28,0,23,6,0,27,781,1
"org.apache.lucene.index.codecs.standard.StandardPostingsReader$SegmentDocsAndPositionsAndPayloadsEnum",9,0.29,2.89,127,1.39,89929.71,28,19,19,25,6,117.12,35,163,0,4,96.51,0.00,0.75,0.31,1,0.00,7,4157.18,0,2,6,org.apache.lucene.index.DocsAndPositionsEnum,1.27,16,3,26,0,16,7,0,34,783,1
"org.apache.lucene.index.codecs.standard.StandardPostingsReader$SegmentDocsAndPositionsEnum",9,0.23,2.33,94,0.97,41147.82,25,16,19,21,6,125.30,28,125,0,4,104.68,0.00,0.75,0.27,1,14.00,5,2895.23,0,2,6,org.apache.lucene.index.DocsAndPositionsEnum,1.27,12,3,21,0,12,7,0,27,565,1
"org.apache.lucene.index.codecs.standard.StandardPostingsReader$SegmentDocsEnum",7,0.36,3.00,90,0.94,50098.38,20,13,19,16,5,100.37,32,119,0,3,100.14,0.00,0.67,0.38,1,0.00,6,2832.91,0,1,5,org.apache.lucene.index.DocsEnum,1.00,9,2,21,0,9,6,0,32,541,1
"org.apache.lucene.index.codecs.standard.StandardPostingsReader$StandardTermState",3,0.30,1.00,18,0.17,2952.12,8,5,19,5,3,158.29,7,26,0,4,118.40,0.00,0.75,0.40,0,1.00,1,502.82,2,2,3,org.apache.lucene.index.codecs.BlockTermState,0.80,2,3,3,0,2,1,0,7,121,3
"org.apache.lucene.index.codecs.standard.StandardPostingsWriter",11,0.16,2.64,141,1.89,117970.34,34,23,15,40,21,99.02,53,181,9,3,98.78,0.00,0.67,0.19,0,9.00,7,5658.18,0,0,13,org.apache.lucene.index.codecs.PostingsWriterBase,0.71,29,2,29,0,29,11,0,38,1037,2
"org.apache.lucene.index.codecs.standard.StandardPostingsWriter$PendingTerm",1,3.00,1.00,8,0.06,1058.02,4,3,15,1,0,113.50,0,10,0,1,113.50,0.00,0.00,0.00,0,1.00,1,188.72,0,0,0,java.lang.Object,0.00,0,0,1,0,0,1,0,0,51,2
"org.apache.lucene.search.cache.ByteValuesCreator",8,0.71,3.00,62,0.79,43258.95,9,1,15,20,19,109.83,2,96,8,4,109.83,0.00,0.75,0.38,2,14.00,12,2375.71,4,5,12,org.apache.lucene.search.cache.CachedArrayCreator,0.43,12,3,24,0,12,3,0,2,442,1
"org.apache.lucene.search.cache.CachedArray",2,4.00,1.00,16,0.13,1924.92,6,4,1,2,10,95.95,11,19,9,1,113.82,0.00,0.00,0.00,0,2.00,1,391.20,0,1,1,java.lang.Object,0.00,0,0,2,6,0,1,0,6,95,2
"org.apache.lucene.search.cache.CachedArray$ByteValues",1,0.00,1.00,4,0.03,418.45,2,1,1,1,1,127.90,0,4,0,2,127.90,0.00,0.50,1.00,0,0.00,1,100.72,0,0,1,org.apache.lucene.search.cache.CachedArray,0.67,0,1,1,0,0,1,0,0,28,2
"org.apache.lucene.search.cache.CachedArray$DoubleValues",1,0.00,1.00,4,0.03,418.45,2,1,1,1,1,127.90,0,4,0,2,127.90,0.00,0.50,1.00,0,0.00,1,100.72,0,0,1,org.apache.lucene.search.cache.CachedArray,0.67,0,1,1,0,0,1,0,0,28,2
"org.apache.lucene.search.cache.CachedArray$FloatValues",1,0.00,1.00,4,0.03,418.45,2,1,1,1,1,127.90,0,4,0,2,127.90,0.00,0.50,1.00,0,0.00,1,100.72,0,0,1,org.apache.lucene.search.cache.CachedArray,0.67,0,1,1,0,0,1,0,0,28,2
"org.apache.lucene.search.cache.CachedArray$IntValues",1,0.00,1.00,4,0.03,418.45,2,1,1,1,1,127.90,0,4,0,2,127.90,0.00,0.50,1.00,0,0.00,1,100.72,0,0,1,org.apache.lucene.search.cache.CachedArray,0.67,0,1,1,0,0,1,0,0,28,2
"org.apache.lucene.search.cache.CachedArray$LongValues",1,0.00,1.00,4,0.03,418.45,2,1,1,1,1,127.90,0,4,0,2,127.90,0.00,0.50,1.00,0,0.00,1,100.72,0,0,1,org.apache.lucene.search.cache.CachedArray,0.67,0,1,1,0,0,1,0,0,28,2
"org.apache.lucene.search.cache.CachedArray$ShortValues",1,0.00,1.00,4,0.03,418.45,2,1,1,1,1,127.90,0,4,0,2,127.90,0.00,0.50,1.00,0,0.00,1,100.72,0,0,1,org.apache.lucene.search.cache.CachedArray,0.67,0,1,1,0,0,1,0,0,28,2
"org.apache.lucene.search.cache.CachedArrayCreator",10,0.11,2.50,67,0.87,31829.52,16,6,12,25,35,164.18,10,98,22,3,114.18,3.00,0.22,0.07,0,34.00,7,2597.54,1,4,14,org.apache.lucene.search.cache.EntryCreatorWithOptions,0.15,15,2,25,6,15,6,0,5,523,2
"org.apache.lucene.search.cache.DocTermOrdsCreator",4,0.67,1.00,11,0.11,1638.95,5,1,3,6,7,139.20,3,19,2,3,139.20,0.00,0.67,0.50,0,4.00,1,329.09,0,2,5,org.apache.lucene.search.cache.EntryCreatorWithOptions,0.21,2,2,4,0,2,2,0,1,86,1
"org.apache.lucene.search.cache.DocTermsCreator",5,0.12,3.40,58,0.74,43273.57,7,2,13,24,15,140.75,12,83,2,3,100.87,0.00,0.67,0.40,0,6.00,11,2219.47,1,3,13,org.apache.lucene.search.cache.EntryCreatorWithOptions,0.20,19,2,17,0,19,2,0,12,392,1
"org.apache.lucene.search.cache.DocTermsCreator$DocTermsImpl",4,0.00,1.00,13,0.14,2379.88,6,2,13,7,1,131.35,0,21,0,2,131.35,0.00,0.50,0.50,0,0.00,1,434.87,0,1,1,org.apache.lucene.search.FieldCache.DocTerms,0.00,3,1,4,0,3,3,0,0,110,2
"org.apache.lucene.search.cache.DocTermsIndexCreator",5,0.12,4.00,76,0.99,87778.87,7,2,18,26,20,114.00,15,104,2,3,93.39,0.00,0.67,0.40,0,6.00,14,2974.68,1,3,18,org.apache.lucene.search.cache.EntryCreatorWithOptions,0.20,21,2,20,0,21,2,0,15,504,1
"org.apache.lucene.search.cache.DocTermsIndexCreator$DocTermsIndexImpl",7,0.04,1.00,23,0.24,4028.89,11,4,18,11,2,131.47,0,38,0,2,131.47,0.00,0.50,0.21,0,20.00,1,706.30,0,3,2,org.apache.lucene.search.FieldCache.DocTermsIndex,0.00,4,1,7,0,4,4,0,0,180,2
"org.apache.lucene.search.cache.DocTermsIndexCreator$DocTermsIndexImpl$DocTermsIndexEnum",13,0.11,1.62,72,0.88,39756.89,19,6,18,18,7,117.37,6,107,0,2,117.37,0.00,0.50,0.27,1,22.00,5,2627.88,0,7,7,org.apache.lucene.index.TermsEnum,0.57,5,1,21,0,5,6,0,6,551,0
"org.apache.lucene.search.cache.DoubleValuesCreator",8,0.71,3.38,73,0.94,63794.83,9,1,15,20,19,104.40,3,112,8,4,104.40,0.00,0.75,0.38,2,14.00,15,2813.39,4,5,12,org.apache.lucene.search.cache.CachedArrayCreator,0.43,12,3,27,0,12,3,0,3,508,1
"org.apache.lucene.search.cache.EntryCreator",6,0.00,1.17,12,0.11,1701.81,6,0,2,9,9,161.04,23,20,7,1,140.42,0.00,0.00,0.00,1,6.00,2,325.02,0,0,2,java.lang.Object,0.00,3,0,7,11,3,6,0,9,92,2
"org.apache.lucene.search.cache.EntryCreatorWithOptions",4,0.33,1.00,11,0.10,1622.74,6,2,0,4,5,139.47,16,19,4,2,139.23,10.00,0.08,0.25,1,8.00,1,301.56,0,0,1,org.apache.lucene.search.cache.EntryCreator,0.20,0,1,4,10,0,4,0,1,80,2
"org.apache.lucene.search.cache.EntryKey",0,0.00,0.00,1,0.00,23.22,0,0,0,0,6,171.00,19,2,6,1,171.00,0.00,0.00,0.00,0,0.00,0,11.61,0,0,0,java.lang.Object,0.00,0,0,0,1,0,0,0,2,5,2
"org.apache.lucene.search.cache.FloatValuesCreator",8,0.71,3.38,73,0.94,63794.83,9,1,15,20,21,104.40,3,112,10,4,104.40,0.00,0.75,0.38,2,14.00,15,2813.39,4,5,12,org.apache.lucene.search.cache.CachedArrayCreator,0.43,12,3,27,0,12,3,0,3,508,1
"org.apache.lucene.search.cache.IntValuesCreator",8,0.71,3.38,73,0.94,64652.33,9,1,15,20,20,104.35,2,112,9,4,104.35,0.00,0.75,0.38,2,14.00,15,2807.71,4,5,12,org.apache.lucene.search.cache.CachedArrayCreator,0.43,12,3,27,0,12,3,0,2,508,1
"org.apache.lucene.search.cache.LongValuesCreator",8,0.71,3.38,73,0.94,63794.83,9,1,15,20,20,104.40,3,112,9,4,104.40,0.00,0.75,0.38,2,14.00,15,2813.39,4,5,12,org.apache.lucene.search.cache.CachedArrayCreator,0.43,12,3,27,0,12,3,0,3,508,1
"org.apache.lucene.search.cache.ShortValuesCreator",8,0.71,3.00,62,0.79,43258.95,9,1,15,20,19,109.83,2,96,8,4,109.83,0.00,0.75,0.38,2,14.00,12,2375.71,4,5,12,org.apache.lucene.search.cache.CachedArrayCreator,0.43,12,3,24,0,12,3,0,2,442,1
"org.apache.lucene.search.cache.SimpleEntryKey",4,0.22,2.75,36,0.38,17015.48,7,3,0,12,6,106.83,18,49,5,2,106.60,0.00,0.50,0.50,0,0.00,5,1142.53,0,1,1,org.apache.lucene.search.cache.EntryKey,0.00,8,1,11,0,8,3,0,3,246,1
"org.apache.lucene.search.cache.TestEntryCreators",7,0.08,2.57,116,2.09,103567.92,11,4,18,55,19,143.03,12,143,0,2,93.03,0.00,0.50,0.32,1,8.00,6,6271.87,2,1,19,org.apache.lucene.util.LuceneTestCase,0.00,48,1,18,0,48,6,0,12,1073,1
"org.apache.lucene.search.cache.TestEntryCreators$NumberTypeTester",2,0.40,2.00,14,0.14,3201.18,7,5,18,2,1,114.08,0,19,0,1,114.08,0.00,0.00,0.40,0,0.00,3,425.12,0,1,1,java.lang.Object,0.00,0,0,4,0,0,1,0,0,96,1
"org.apache.lucene.queryparser.flexible.core.processors.NoChildOptimizationQueryNodeProcessor",4,0.00,2.00,16,0.19,8656.45,4,0,3,7,5,142.73,12,31,1,2,122.12,0.00,0.50,0.00,0,4.00,5,579.16,0,3,4,org.apache.lucene.queryparser.flexible.core.processors.QueryNodeProcessorImpl,0.00,3,1,8,0,3,1,0,2,126,1
"org.apache.lucene.queryparser.flexible.core.processors.QueryNodeProcessor",3,0.00,1.00,4,0.02,126.39,3,0,3,3,7,147.85,47,5,5,1,158.21,0.00,0.00,0.00,0,3.00,1,66.26,0,2,3,,0.00,0,0,3,0,0,1,0,4,25,1
"org.apache.lucene.queryparser.flexible.core.processors.QueryNodeProcessorImpl",11,2.00,1.55,49,0.47,17925.54,13,2,5,19,28,74.67,110,68,24,1,123.15,0.00,0.00,0.00,3,11.00,4,1399.68,0,6,4,java.lang.Object,0.00,8,0,17,23,8,5,1,8,317,2
"org.apache.lucene.queryparser.flexible.core.processors.QueryNodeProcessorImpl$ChildrenList",0,0.00,0.00,2,0.02,222.03,1,1,5,0,1,171.00,0,3,0,2,171.00,0.00,0.50,0.00,0,0.00,0,55.51,0,0,1,java.util.ArrayList,0.00,0,1,0,0,0,0,0,0,15,2
"org.apache.lucene.queryparser.flexible.core.processors.QueryNodeProcessorPipeline",28,2.00,1.39,79,0.78,15889.59,30,2,4,32,9,138.24,119,111,5,1,138.01,0.00,0.00,0.00,18,28.00,3,2344.36,0,7,4,java.lang.Object,0.00,4,0,39,2,4,21,2,30,596,1
"org.apache.lucene.queryparser.flexible.core.processors.RemoveDeletedQueryNodesProcessor",5,0.00,2.60,35,0.37,17696.46,5,0,6,13,6,161.31,7,49,2,2,111.31,0.00,0.50,0.00,0,5.00,6,1099.83,1,4,5,org.apache.lucene.queryparser.flexible.core.processors.QueryNodeProcessorImpl,0.00,8,1,13,0,8,1,0,2,227,1
"org.apache.lucene.document.BinaryField",3,1.00,1.00,11,0.11,1473.16,4,1,1,4,13,99.79,20,16,10,2,132.01,0.00,0.50,0.00,0,3.00,1,322.01,0,0,3,org.apache.lucene.document.Field,0.00,1,1,3,0,1,3,0,5,87,2
"org.apache.lucene.document.CompressionTools",12,0.00,1.17,49,0.69,24444.27,12,0,7,31,4,162.33,26,67,1,1,122.45,0.00,0.00,0.00,4,12.00,2,2075.22,0,3,3,java.lang.Object,0.00,19,0,14,0,19,9,0,13,449,1
"org.apache.lucene.document.DateTools",7,1.00,1.29,34,0.52,19989.13,8,1,8,23,21,77.14,81,54,19,1,121.27,0.00,0.00,0.00,3,7.00,2,1556.08,0,4,2,java.lang.Object,0.00,16,0,9,0,16,3,0,12,324,1
"org.apache.lucene.document.DateTools$Resolution",2,2.00,1.00,10,0.13,1621.89,4,2,8,6,0,161.90,5,15,0,1,122.02,0.00,0.00,0.00,0,2.00,1,402.99,1,1,0,java.lang.Object,0.00,4,0,2,0,4,1,0,4,93,2
"org.apache.lucene.document.DateTools$ThreadLocal<Calendar>",1,0.00,1.00,3,0.03,357.52,1,0,8,2,0,133.10,0,5,0,1,133.10,0.00,0.00,0.00,0,0.00,1,88.18,0,1,0,java.lang.Object,0.00,1,0,1,0,1,0,0,0,25,0
"org.apache.lucene.document.DateTools$ThreadLocal<SimpleDateFormat",1,0.00,2.00,7,0.09,3080.44,1,0,8,2,0,111.84,0,9,0,1,111.84,0.00,0.00,0.00,0,1.00,2,265.48,0,1,0,java.lang.Object,0.00,1,0,2,0,1,0,0,0,60,0
"org.apache.lucene.document.Document",13,0.25,2.62,80,0.95,35182.56,15,2,6,38,386,72.43,95,107,383,1,114.72,0.00,0.00,0.27,0,30.00,4,2849.75,0,9,5,java.lang.Object,0.00,25,0,34,0,25,4,1,13,608,2
"org.apache.lucene.document.DocumentStoredFieldVisitor",11,0.10,1.64,64,0.90,25828.88,13,2,7,34,12,118.27,10,90,3,2,118.27,0.00,0.50,0.41,1,4.00,2,2697.98,0,1,10,org.apache.lucene.index.StoredFieldVisitor,0.00,23,1,18,0,23,10,0,4,542,1
"org.apache.lucene.document.Field",28,0.07,1.93,128,1.25,34523.13,34,6,12,44,161,163.94,77,189,153,1,124.05,0.00,0.00,0.10,4,252.00,7,3744.17,0,12,9,java.lang.Object,0.00,16,0,54,5,16,16,1,16,855,1
"org.apache.lucene.document.Field$TokenStream",2,0.67,1.50,13,0.12,2080.30,5,3,12,7,2,118.12,0,18,0,1,118.12,0.00,0.00,0.67,0,0.00,2,374.08,0,0,2,java.lang.Object,0.00,5,0,3,0,5,2,0,0,88,0
"org.apache.lucene.document.FieldSelector",1,0.00,1.00,2,0.01,30.51,1,0,0,1,12,197.57,26,3,11,1,148.08,0.00,0.00,0.00,0,1.00,1,25.51,0,1,1,,0.00,0,0,1,0,0,0,0,3,11,1
"org.apache.lucene.document.FieldSelectorResult",0,0.00,0.00,2,0.01,57.08,0,0,1,0,16,171.00,7,8,15,1,171.00,0.00,0.00,0.00,0,0.00,0,38.05,0,0,1,java.lang.Object,0.00,0,0,0,0,0,0,0,2,11,1
"org.apache.lucene.document.FieldSelectorVisitor",11,0.05,1.09,98,1.61,61293.09,13,2,10,34,22,157.79,19,141,7,2,107.79,0.00,0.50,0.45,2,0.00,2,4841.50,0,1,15,org.apache.lucene.index.StoredFieldVisitor,0.00,23,1,12,0,23,10,0,8,912,1
"org.apache.lucene.document.FieldSelectorVisitor$LazyField",7,0.08,2.29,60,0.56,19907.05,13,6,10,13,5,159.92,9,84,0,2,109.92,0.00,0.50,0.24,1,18.00,5,1674.84,0,6,5,org.apache.lucene.document.Field,0.29,6,1,16,0,6,1,0,5,349,2
"org.apache.lucene.document.FieldType",21,0.11,1.67,90,0.80,25724.90,30,9,2,34,96,124.11,7,127,95,1,124.11,0.00,0.00,0.01,8,59.00,14,2398.10,0,2,1,java.lang.Object,0.00,13,0,35,0,13,19,1,3,559,1
"org.apache.lucene.document.IndexDocValuesField",26,0.02,2.04,113,1.24,37809.97,31,5,6,43,12,91.25,158,183,7,2,123.47,0.00,0.50,0.18,3,178.00,9,3712.87,0,7,5,java.lang.reflect.Field,0.00,17,1,53,0,17,19,1,24,790,1
"org.apache.lucene.document.LoadFirstFieldSelector",1,0.00,1.00,3,0.02,180.47,1,0,0,1,3,168.82,20,5,1,1,135.43,0.00,0.00,0.00,0,1.00,1,57.02,0,1,2,java.lang.Object,0.00,0,0,1,0,0,0,1,2,18,1
"org.apache.lucene.document.MapFieldSelector",4,0.67,1.50,14,0.16,3801.32,5,1,4,8,3,129.89,17,18,1,1,129.66,0.00,0.00,0.50,0,4.00,2,489.35,0,1,2,java.lang.Object,0.00,4,0,6,0,4,3,1,5,116,1
"org.apache.lucene.document.NumericField",15,0.03,1.80,78,0.77,19797.92,20,5,10,31,40,100.08,220,106,36,2,120.22,0.00,0.50,0.17,0,24.00,8,2321.24,0,9,9,org.apache.lucene.document.Field,0.23,16,1,27,0,16,6,0,22,524,2
"org.apache.lucene.document.NumericField$DataType",0,0.00,0.00,2,0.01,57.06,0,0,10,0,0,171.00,0,1,0,1,171.00,0.00,0.00,0.00,0,0.00,0,28.53,0,0,0,java.lang.Object,0.00,0,0,0,0,0,0,0,0,9,2
"org.apache.lucene.document.SetBasedFieldSelector",2,0.00,2.00,13,0.13,3160.96,4,2,1,3,4,66.63,18,18,2,1,116.62,0.00,0.00,0.50,0,2.00,3,397.98,0,0,2,java.lang.Object,0.00,1,0,4,0,1,2,1,3,97,1
"org.apache.lucene.document.StringField",2,0.50,1.50,17,0.16,3205.47,4,2,1,4,129,101.63,30,22,127,2,111.98,0.00,0.50,0.25,0,2.00,2,470.41,0,1,2,org.apache.lucene.document.Field,0.07,2,1,3,0,2,1,0,5,122,2
"org.apache.lucene.document.TestBinaryDocument",2,0.00,1.00,49,0.73,19135.68,4,2,6,34,10,68.02,28,54,0,2,88.17,0.00,0.50,0.50,0,2.00,1,2203.55,0,0,10,org.apache.lucene.util.LuceneTestCase,0.00,32,1,2,0,32,2,0,11,386,1
"org.apache.lucene.document.TestDateTools",6,0.00,1.50,116,2.08,76778.12,6,0,8,28,1,58.64,41,137,0,2,90.86,0.00,0.50,0.00,0,6.00,4,6247.12,0,1,1,org.apache.lucene.util.LuceneTestCase,0.00,22,1,9,0,22,5,0,26,1095,1
"org.apache.lucene.document.TestDocument",10,0.44,2.00,167,2.47,99223.41,12,2,11,58,16,76.58,58,192,0,2,94.45,0.00,0.50,0.10,2,18.00,5,7421.95,0,1,16,org.apache.lucene.util.LuceneTestCase,0.00,48,1,20,0,48,9,0,26,1393,1
"org.apache.lucene.document.TextField",3,2.00,1.00,17,0.14,2568.45,5,2,2,4,234,122.07,12,22,231,2,121.83,0.00,0.50,0.00,0,3.00,1,433.94,0,0,3,org.apache.lucene.document.Field,0.00,1,1,3,0,1,3,0,6,119,2
"org.apache.lucene.analysis.commongrams.CommonGramsFilter",7,0.21,2.00,62,0.73,19648.34,18,11,10,28,13,65.87,81,76,6,4,110.00,0.00,0.75,0.27,3,0.00,4,2196.18,1,0,7,org.apache.lucene.analysis.TokenFilter,0.42,21,3,14,0,21,7,0,13,453,2
"org.apache.lucene.analysis.commongrams.CommonGramsFilterTest",10,0.22,1.00,136,2.40,107690.34,11,1,7,29,9,97.93,40,193,0,3,97.70,0.00,0.67,0.80,0,0.00,1,7206.17,2,0,9,org.apache.lucene.analysis.BaseTokenStreamTestCase,0.00,19,2,10,0,19,10,0,16,1327,1
"org.apache.lucene.analysis.commongrams.CommonGramsFilterTest$Analyzer",1,0.00,1.00,4,0.06,1132.62,1,0,7,5,4,124.49,0,7,0,1,124.49,0.00,0.00,0.00,0,0.00,1,189.11,0,1,4,java.lang.Object,0.00,4,0,1,0,4,0,0,0,43,0
"org.apache.lucene.analysis.commongrams.CommonGramsFilterTest$Analyzer_0",1,0.00,1.00,4,0.06,1051.87,1,0,7,4,3,124.74,0,7,0,1,124.74,0.00,0.00,0.00,0,0.00,1,173.06,0,1,3,java.lang.Object,0.00,3,0,1,0,3,0,0,0,40,0
"org.apache.lucene.analysis.commongrams.CommonGramsQueryFilter",4,0.33,2.25,34,0.33,11202.38,9,5,5,9,7,59.98,39,46,3,4,109.98,0.00,0.75,0.45,1,2.00,6,985.84,1,0,4,org.apache.lucene.analysis.TokenFilter,0.50,5,3,9,0,5,4,0,7,208,2
"org.apache.solr.cloud.AbstractDistributedZkTestCase",4,0.00,1.75,45,0.61,16801.29,6,2,6,25,7,103.49,1,54,1,4,103.49,0.33,0.60,0.50,1,0.00,3,1830.69,6,0,6,org.apache.solr.BaseDistributedSearchTestCase,0.12,21,3,7,1,21,4,0,1,347,2
"org.apache.solr.cloud.AbstractZkTestCase",9,0.05,1.33,65,0.83,21259.05,14,5,12,30,11,112.85,4,86,6,3,112.85,0.50,0.50,0.16,4,28.00,3,2502.39,3,0,5,org.apache.solr.SolrTestCaseJ4,0.05,21,2,12,1,21,9,0,2,514,2
"org.apache.solr.cloud.BasicDistributedZkTest",6,0.02,3.17,154,2.95,285496.14,24,18,8,23,6,49.53,37,182,0,5,81.75,0.00,0.80,0.07,0,18.00,7,8846.92,9,1,6,org.apache.solr.cloud.AbstractDistributedZkTestCase,0.10,17,4,19,0,17,5,0,27,1298,1
"org.apache.solr.cloud.BasicZkTest",3,0.00,1.67,60,1.20,54501.23,3,0,10,35,9,89.05,14,83,0,4,88.81,0.00,0.75,0.00,0,4.00,3,3596.08,8,0,9,org.apache.solr.cloud.AbstractZkTestCase,0.00,32,3,5,0,32,3,0,12,528,1
"org.apache.solr.cloud.CloudDescriptor",6,0.20,1.00,16,0.09,938.37,9,3,1,6,7,182.38,17,23,6,1,142.49,0.00,0.00,0.17,0,18.00,1,272.65,0,3,1,java.lang.Object,0.00,0,0,6,0,0,3,0,2,82,1
"org.apache.solr.cloud.CloudStateUpdateTest",9,0.13,1.78,188,3.09,143199.39,30,21,21,76,14,139.25,14,219,1,3,89.25,0.00,0.67,0.16,4,21.00,7,9260.12,3,0,13,org.apache.solr.SolrTestCaseJ4,0.09,67,2,16,0,67,9,0,12,1506,1
"org.apache.solr.cloud.SolrZkServer",6,0.25,3.17,50,0.62,19398.48,14,8,20,26,3,109.41,5,67,1,1,109.41,0.00,0.00,0.33,0,0.00,7,1848.41,0,2,2,java.lang.Object,0.00,20,0,19,0,20,4,0,5,380,1
"org.apache.solr.cloud.SolrZkServer$Thread",1,0.00,3.00,14,0.16,5644.78,1,0,20,9,1,98.45,0,19,0,1,98.45,0.00,0.00,0.00,0,0.00,3,490.81,0,0,1,java.lang.Object,0.00,8,0,3,0,8,1,0,0,96,0
"org.apache.solr.cloud.SolrZkServerProps",7,0.11,9.00,175,3.15,310012.42,10,3,20,67,2,49.54,44,241,1,2,81.76,0.00,0.50,0.24,2,14.00,36,9447.33,0,2,1,org.apache.zookeeper.server.quorum.QuorumPeerConfig,0.00,60,1,63,0,60,5,0,24,1473,0
"org.apache.solr.cloud.ZkController",23,0.08,3.26,235,3.66,188491.90,38,15,23,80,18,84.73,130,343,9,1,102.61,0.00,0.00,0.14,6,0.00,18,10985.63,0,8,9,java.lang.Object,0.00,57,0,75,0,57,15,0,53,1943,2
"org.apache.solr.cloud.ZkController$OnReconnect",1,0.00,4.00,14,0.18,5245.70,1,0,23,5,1,138.52,2,22,0,1,98.64,0.00,0.00,0.00,0,0.00,4,543.00,0,0,1,java.lang.Object,0.00,4,0,4,0,4,1,0,2,111,0
"org.apache.solr.cloud.ZkController$Watcher",1,0.00,6.00,21,0.32,16763.48,1,0,23,6,1,108.62,3,33,0,1,88.00,0.00,0.00,0.00,0,0.00,6,972.31,0,0,1,java.lang.Object,0.00,5,0,6,0,5,1,0,3,174,0
"org.apache.solr.cloud.ZkControllerTest",6,0.18,2.67,107,1.71,82091.72,16,10,14,39,10,92.30,0,145,0,3,92.30,0.00,0.67,0.25,1,6.00,8,5117.74,3,0,10,org.apache.solr.SolrTestCaseJ4,0.05,33,2,16,0,33,6,0,0,864,1
"org.apache.solr.cloud.ZkNodePropsTest",1,0.00,1.00,18,0.24,9694.80,1,0,4,7,2,92.78,0,21,0,3,92.78,0.00,0.67,0.00,0,1.00,1,713.45,0,0,2,org.apache.solr.SolrTestCaseJ4,0.00,6,2,1,0,6,1,0,0,141,1
"org.apache.solr.cloud.ZkSolrClientTest",7,0.83,2.86,99,1.29,60634.68,8,1,9,33,5,147.00,13,132,0,3,97.00,0.00,0.67,0.29,0,3.00,10,3884.55,1,2,5,org.apache.solr.util.AbstractSolrTestCase,0.23,26,2,20,0,26,5,0,13,681,1
"org.apache.solr.cloud.ZkSolrClientTest$Watcher",1,0.00,4.00,9,0.09,1629.20,1,0,9,5,0,159.79,1,14,0,1,109.79,0.00,0.00,0.00,0,0.00,4,275.19,0,0,0,java.lang.Object,0.00,4,0,4,0,4,1,0,1,59,0
"org.apache.solr.cloud.ZkSolrResourceLoader",5,0.12,2.20,37,0.54,19529.39,7,2,9,18,5,111.25,23,63,1,2,111.01,0.00,0.50,0.60,0,0.00,5,1617.17,0,3,4,org.apache.solr.core.SolrResourceLoader,0.12,13,1,11,0,13,2,0,5,321,1
"org.apache.solr.cloud.ZkTestServer",11,0.12,2.09,81,0.91,32513.76,15,4,21,46,8,161.98,12,118,7,1,111.98,0.00,0.00,0.14,2,25.00,5,2730.17,0,4,1,java.lang.Object,0.00,35,0,23,0,35,7,0,5,548,1
"org.apache.solr.cloud.ZkTestServer$HostPort",1,2.00,1.00,6,0.04,417.53,3,2,21,1,0,121.34,0,8,0,1,121.34,0.00,0.00,0.00,0,1.00,1,112.24,0,0,0,java.lang.Object,0.00,0,0,1,0,0,1,0,0,33,2
"org.apache.solr.cloud.ZkTestServer$Session",2,0.00,1.00,5,0.03,286.06,2,0,21,2,0,142.80,0,8,0,1,142.80,0.00,0.00,0.00,0,2.00,1,81.08,0,0,0,java.lang.Object,0.00,0,0,2,0,0,2,0,0,26,0
"org.apache.solr.cloud.ZkTestServer$Thread",1,0.00,2.00,6,0.05,985.56,1,0,21,3,0,118.24,0,10,0,1,118.24,0.00,0.00,0.00,0,0.00,2,144.16,0,0,0,java.lang.Object,0.00,2,0,2,0,2,1,0,0,35,0
"org.apache.solr.cloud.ZkTestServer$Thread$ServerConfig",1,0.00,3.00,12,0.13,3143.46,1,0,21,5,1,102.95,0,19,0,1,102.95,0.00,0.00,0.00,0,1.00,3,380.76,0,0,1,java.lang.Object,0.00,4,0,3,0,4,1,0,0,85,0
"org.apache.solr.cloud.ZkTestServer$ZKServerMain",4,0.17,3.25,39,0.44,11994.18,6,2,21,29,0,128.37,14,58,0,1,107.75,0.00,0.00,0.62,1,0.00,4,1331.75,0,0,0,java.lang.Object,0.00,25,0,13,0,25,4,0,6,276,0
"org.apache.lucene.search.grouping.AbstractAllGroupHeadsCollector",8,0.19,1.88,48,0.45,16148.55,11,3,5,15,11,97.93,47,55,8,2,115.80,6.00,0.12,0.17,2,16.00,6,1336.78,0,2,3,org.apache.lucene.index.Collector,0.00,7,1,15,6,7,6,0,14,293,2
"org.apache.lucene.search.grouping.AbstractAllGroupHeadsCollector$GroupHead",3,2.00,1.00,8,0.07,1028.11,5,2,5,3,0,121.94,15,10,0,1,139.81,0.00,0.00,0.00,0,3.00,1,220.93,0,0,0,java.lang.Object,0.00,0,0,3,0,0,3,0,2,62,3
"org.apache.lucene.search.grouping.AbstractAllGroupHeadsCollector$TemporalResult",0,0.00,0.00,3,0.02,116.27,2,2,5,0,0,171.00,0,4,0,1,171.00,0.00,0.00,0.00,0,0.00,0,46.51,0,0,0,java.lang.Object,0.00,0,0,0,0,0,0,0,0,14,1
"org.apache.lucene.search.grouping.AbstractAllGroupsCollector",4,0.00,1.00,7,0.05,438.50,4,0,5,5,6,122.71,27,10,3,2,154.94,2.00,0.25,0.00,1,4.00,1,154.14,0,1,3,org.apache.lucene.search.Collector,0.25,1,1,4,2,1,3,0,4,48,2
"org.apache.lucene.search.grouping.AbstractFirstPassGroupingCollector",9,0.17,4.67,157,2.05,249156.03,18,9,4,36,9,41.29,93,172,2,2,89.77,2.00,0.25,0.26,2,8.00,21,6162.03,0,1,7,org.apache.lucene.search.Collector,0.31,27,1,42,2,27,8,0,53,1077,2
"org.apache.lucene.search.grouping.AbstractFirstPassGroupingCollector$Comparator<CollectedSearchGroup>",1,0.00,4.00,12,0.12,6687.63,1,0,4,2,2,100.30,0,12,0,1,100.30,0.00,0.00,0.00,0,0.00,4,374.65,0,0,2,java.lang.Object,0.00,1,0,4,0,1,1,0,0,78,0
"org.apache.lucene.search.grouping.AbstractSecondPassGroupingCollector",7,0.06,2.14,52,0.84,35161.77,15,8,6,22,12,130.77,27,77,2,2,110.16,2.00,0.25,0.18,1,14.00,4,2514.76,0,0,10,org.apache.lucene.search.Collector,0.36,15,1,15,2,15,7,0,10,484,2
"org.apache.lucene.search.grouping.AbstractSecondPassGroupingCollector$SearchGroupDocs",1,2.00,1.00,6,0.05,680.43,3,2,6,1,1,119.67,0,8,0,1,119.67,0.00,0.00,0.00,0,1.00,1,139.81,0,0,1,java.lang.Object,0.00,0,0,1,0,0,1,0,0,39,1
"org.apache.lucene.search.grouping.AllGroupHeadsCollectorTest",8,0.00,6.88,314,6.04,631409.15,8,0,21,85,23,112.53,18,345,0,2,72.64,0.00,0.50,0.00,5,8.00,28,18111.82,0,3,23,org.apache.lucene.util.LuceneTestCase,0.00,77,1,55,0,77,5,0,18,2683,1
"org.apache.lucene.search.grouping.AllGroupHeadsCollectorTest$Comparator<GroupDoc>",1,0.00,11.00,25,0.39,30842.19,1,0,21,10,0,132.95,1,30,0,1,82.95,0.00,0.00,0.00,0,1.00,11,1165.44,0,0,0,java.lang.Object,0.00,9,0,11,0,9,1,0,1,208,0
"org.apache.lucene.search.grouping.AllGroupHeadsCollectorTest$GroupDoc",1,7.00,1.00,15,0.13,2406.85,8,7,21,1,1,150.50,1,17,0,1,100.50,0.00,0.00,0.00,0,1.00,1,375.18,0,0,1,java.lang.Object,0.00,0,0,1,0,0,1,0,1,91,2
"org.apache.lucene.search.grouping.AllGroupsCollectorTest",2,0.00,1.50,61,1.12,54498.86,2,0,17,30,15,81.12,8,69,0,2,80.88,0.00,0.50,0.00,1,2.00,2,3368.22,0,1,15,org.apache.lucene.util.LuceneTestCase,0.00,28,1,3,0,28,1,0,8,552,1
"org.apache.lucene.search.grouping.BlockGroupingCollector",7,0.32,7.00,217,2.63,223670.58,29,22,17,40,18,97.58,131,242,1,2,79.45,0.00,0.50,0.32,1,0.00,19,7875.29,0,1,17,org.apache.lucene.index.Collector,0.00,33,1,49,0,33,6,0,64,1336,1
"org.apache.lucene.search.grouping.BlockGroupingCollector$FakeScorer",5,0.38,1.00,13,0.09,1051.80,7,2,17,6,1,141.48,0,23,0,3,141.48,0.00,0.67,0.20,0,11.00,1,263.06,0,0,1,org.apache.lucene.search.Scorer,0.80,1,2,5,0,1,5,0,0,77,3
"org.apache.lucene.search.grouping.BlockGroupingCollector$GroupQueue",2,0.00,2.00,15,0.18,10817.03,2,0,17,2,1,159.92,3,18,0,2,109.92,0.00,0.50,0.00,0,2.00,3,529.98,0,0,1,org.apache.lucene.util.PriorityQueue,0.00,0,1,4,0,0,2,0,3,111,2
"org.apache.lucene.search.grouping.BlockGroupingCollector$OneGroup",0,0.00,0.00,7,0.04,613.73,6,6,17,0,0,171.00,1,8,0,1,171.00,0.00,0.00,0.00,0,0.00,0,134.89,0,0,0,java.lang.Object,0.00,0,0,0,0,0,0,0,1,33,3
"org.apache.lucene.search.grouping.CollectedSearchGroup",0,0.00,0.00,3,0.03,362.64,2,2,0,0,3,171.00,1,4,2,2,171.00,0.00,0.50,0.00,0,0.00,0,77.71,0,0,1,org.apache.lucene.search.grouping.SearchGroup,0.00,0,1,0,0,0,0,0,1,21,1
"org.apache.lucene.search.grouping.GroupDocs",1,5.00,1.00,12,0.12,2204.74,6,5,1,1,11,66.85,12,18,10,1,104.42,0.00,0.00,0.00,0,1.00,1,361.07,0,0,1,java.lang.Object,0.00,0,0,1,0,0,1,0,6,85,1
"org.apache.lucene.search.grouping.SearchGroup",4,0.00,2.75,26,0.37,12867.17,6,2,5,11,14,96.25,21,38,11,1,114.12,0.00,0.00,0.50,0,0.00,6,1103.36,0,2,3,java.lang.Object,0.00,7,0,11,1,7,2,0,5,241,1
"org.apache.lucene.search.grouping.SearchGroup$GroupComparator",2,1.00,3.50,28,0.38,22919.35,4,2,5,6,3,145.99,3,31,0,1,95.99,0.00,0.00,1.00,0,0.00,4,1145.28,0,0,3,java.lang.Object,0.00,4,0,7,0,4,2,1,3,225,2
"org.apache.lucene.search.grouping.SearchGroup$GroupMerger",3,0.67,7.00,78,1.20,110881.21,6,3,5,20,2,49.58,20,92,0,1,81.80,0.00,0.00,0.78,1,0.00,12,3601.57,0,1,2,java.lang.Object,0.00,17,0,21,0,17,2,0,20,624,2
"org.apache.lucene.search.grouping.SearchGroup$MergedGroup",4,0.06,2.25,32,0.29,9560.38,10,6,5,7,0,160.52,4,44,0,1,110.52,0.00,0.00,0.12,1,0.00,3,873.97,0,0,0,java.lang.Object,0.00,3,0,9,0,3,4,0,4,195,2
"org.apache.lucene.search.grouping.SearchGroup$ShardIter",3,0.00,1.33,15,0.17,4032.93,5,2,5,7,1,120.22,0,21,0,1,120.22,0.00,0.00,0.50,0,2.00,2,501.82,0,1,1,java.lang.Object,0.00,4,0,4,0,4,2,0,0,117,2
"org.apache.lucene.search.grouping.SentinelIntSet",9,0.22,2.44,72,0.80,54238.48,13,4,1,12,7,157.34,9,80,6,1,107.34,0.00,0.00,0.44,5,0.00,6,2390.17,0,0,1,java.lang.Object,0.00,3,0,22,0,3,9,0,5,501,1
"org.apache.lucene.search.grouping.TestGrouping",19,0.00,9.47,745,15.41,2211400.71,19,0,29,183,43,91.85,75,881,0,2,71.24,0.00,0.50,0.00,12,19.00,84,46224.23,0,13,43,org.apache.lucene.util.LuceneTestCase,0.00,164,1,180,0,164,6,0,75,6603,1
"org.apache.lucene.search.grouping.TestGrouping$Comparator<GroupDoc>",1,0.00,9.00,23,0.31,21245.14,1,0,29,9,0,135.62,1,28,0,1,85.62,0.00,0.00,0.00,0,1.00,9,925.05,0,0,0,java.lang.Object,0.00,8,0,9,0,8,1,0,1,170,0
"org.apache.lucene.search.grouping.TestGrouping$GroupDoc",1,7.00,1.00,14,0.11,1967.01,8,7,29,1,1,152.31,1,16,0,1,102.31,0.00,0.00,0.00,0,1.00,1,334.46,0,0,1,java.lang.Object,0.00,0,0,1,0,0,1,0,1,82,2
"org.apache.lucene.search.grouping.TestGrouping$ShardSearcher",4,0.33,1.00,11,0.13,2018.33,5,1,29,4,4,138.49,0,17,0,2,138.49,0.00,0.50,0.75,1,0.00,1,397.25,0,2,4,org.apache.lucene.search.IndexSearcher,0.00,0,1,4,0,0,2,0,0,101,2
"org.apache.lucene.search.grouping.TestGrouping$ShardState",1,0.00,5.00,27,0.34,25455.30,3,2,29,6,2,132.54,1,27,0,1,82.54,0.00,0.00,1.00,0,0.00,5,1014.79,0,0,2,java.lang.Object,0.00,5,0,5,0,5,1,0,1,192,2
"org.apache.lucene.search.grouping.TopGroups",3,0.17,6.00,76,1.26,203219.81,9,6,5,12,18,42.84,37,104,13,1,80.40,0.00,0.00,0.06,0,4.00,16,3769.77,0,1,5,java.lang.Object,0.00,9,0,18,0,9,2,0,15,647,1
"org.apache.lucene.analysis.pt.PortugueseAnalyzer",5,0.50,1.80,21,0.29,7141.30,7,2,17,16,14,75.46,42,31,1,3,123.56,0.00,0.67,0.10,0,8.00,3,866.52,0,2,13,org.apache.lucene.analysis.util.StopwordAnalyzerBase,0.00,11,2,9,0,11,3,0,8,192,2
"org.apache.lucene.analysis.pt.PortugueseAnalyzer$DefaultSetHolder",0,0.00,0.00,6,0.05,843.89,1,1,17,0,2,171.00,2,11,0,1,171.00,0.00,0.00,0.00,0,0.00,0,162.56,0,0,2,java.lang.Object,0.00,0,0,0,0,0,0,0,2,40,2
"org.apache.lucene.analysis.pt.PortugueseLightStemFilter",2,0.33,2.00,14,0.16,3794.18,5,3,6,9,8,113.74,9,20,2,4,113.50,0.00,0.75,0.50,0,2.00,3,481.98,0,0,6,org.apache.lucene.analysis.TokenFilter,0.29,7,3,4,0,7,2,0,1,107,2
"org.apache.lucene.analysis.pt.PortugueseLightStemmer",3,0.00,11.00,73,1.25,100714.89,3,0,1,4,1,123.21,7,122,1,1,83.32,0.00,0.00,0.00,0,3.00,14,3736.92,0,0,0,java.lang.Object,0.00,1,0,33,0,1,3,0,1,670,1
"org.apache.lucene.analysis.pt.PortugueseMinimalStemFilter",2,0.33,2.00,14,0.16,3794.18,5,3,6,9,8,113.74,9,20,2,4,113.50,0.00,0.75,0.50,0,2.00,3,481.98,0,0,6,org.apache.lucene.analysis.TokenFilter,0.29,7,3,4,0,7,2,0,1,107,2
"org.apache.lucene.analysis.pt.PortugueseMinimalStemmer",1,0.00,1.00,4,0.06,973.48,2,1,0,3,2,172.84,27,7,1,2,125.01,0.00,0.50,1.00,0,0.00,1,170.48,0,0,1,org.apache.lucene.analysis.pt.RSLPStemmerBase,0.00,2,1,1,0,2,1,0,2,42,1
"org.apache.lucene.analysis.pt.PortugueseStemFilter",2,0.33,2.00,15,0.18,4744.35,5,3,6,9,8,94.87,10,21,2,4,112.74,0.00,0.75,0.50,0,2.00,3,535.08,0,0,6,org.apache.lucene.analysis.TokenFilter,0.29,7,3,4,0,7,2,0,2,116,2
"org.apache.lucene.analysis.pt.PortugueseStemmer",1,0.00,13.00,46,0.71,38971.65,8,7,1,2,2,52.09,14,61,1,2,72.23,0.00,0.50,1.00,0,0.00,13,2131.11,1,0,1,org.apache.lucene.analysis.pt.RSLPStemmerBase,0.00,1,1,13,0,1,1,0,5,364,1
"org.apache.lucene.analysis.pt.RSLPStemmerBase",6,0.10,3.33,71,1.24,74603.25,10,4,14,35,3,51.16,64,98,2,1,99.63,0.00,0.00,0.17,3,14.00,7,3733.28,0,6,1,java.lang.Object,0.00,29,0,20,3,29,0,0,7,691,2
"org.apache.lucene.analysis.pt.RSLPStemmerBase$Rule",3,0.17,1.33,14,0.18,4446.23,6,3,14,5,0,123.74,12,19,0,1,123.51,0.00,0.00,0.44,0,1.00,2,535.01,0,0,0,java.lang.Object,0.00,2,0,4,0,2,3,0,3,130,2
"org.apache.lucene.analysis.pt.RSLPStemmerBase$RuleWithSetExceptions",2,1.00,2.00,12,0.20,6148.13,3,1,14,7,1,114.35,0,17,0,2,114.35,0.00,0.50,0.50,0,2.00,3,599.57,1,0,1,org.apache.lucene.analysis.pt.Rule,0.00,5,1,4,0,5,2,0,0,123,2
"org.apache.lucene.analysis.pt.RSLPStemmerBase$RuleWithSuffixExceptions",2,1.00,4.00,19,0.28,12563.05,3,1,14,4,0,105.18,1,23,0,2,105.18,0.00,0.50,0.50,0,2.00,4,849.28,1,0,0,org.apache.lucene.analysis.pt.Rule,0.00,2,1,8,0,2,2,0,1,173,2
"org.apache.lucene.analysis.pt.RSLPStemmerBase$Step",2,0.25,6.50,37,0.44,27817.76,6,4,14,5,0,73.24,10,41,0,1,91.12,0.00,0.00,0.38,0,2.00,8,1328.87,0,0,0,java.lang.Object,0.00,3,0,13,0,3,2,0,2,265,2
"org.apache.lucene.analysis.pt.TestPortugueseAnalyzer",4,0.00,1.00,16,0.17,3088.17,4,0,5,8,3,175.80,7,22,0,3,125.80,0.00,0.67,0.00,0,4.00,1,522.25,3,0,3,org.apache.lucene.analysis.BaseTokenStreamTestCase,0.00,4,2,4,0,4,4,0,6,121,1
"org.apache.lucene.analysis.pt.TestPortugueseLightStemFilter",4,0.00,1.00,24,0.29,4970.92,4,0,9,6,6,138.22,12,40,0,3,117.61,0.00,0.67,0.00,0,4.00,1,874.50,3,0,6,org.apache.lucene.analysis.BaseTokenStreamTestCase,0.00,2,2,4,0,2,4,0,5,188,1
"org.apache.lucene.analysis.pt.TestPortugueseLightStemFilter$Analyzer",1,0.00,1.00,5,0.06,1073.53,1,0,9,5,5,121.06,0,8,0,1,121.06,0.00,0.00,0.00,0,1.00,1,188.94,0,1,5,java.lang.Object,0.00,4,0,1,0,4,0,0,0,44,0
"org.apache.lucene.analysis.pt.TestPortugueseMinimalStemFilter",3,0.00,1.00,9,0.15,1854.31,3,0,9,5,6,151.84,9,24,0,3,131.22,0.00,0.67,0.00,0,3.00,1,451.91,2,0,6,org.apache.lucene.analysis.BaseTokenStreamTestCase,0.00,2,2,3,0,2,3,0,4,97,1
"org.apache.lucene.analysis.pt.TestPortugueseMinimalStemFilter$Analyzer",1,0.00,1.00,5,0.06,1073.53,1,0,9,5,5,121.06,0,8,0,1,121.06,0.00,0.00,0.00,0,1.00,1,188.94,0,1,5,java.lang.Object,0.00,4,0,1,0,4,0,0,0,44,0
"org.apache.lucene.analysis.pt.TestPortugueseStemFilter",3,0.00,1.00,9,0.15,1854.31,3,0,9,5,6,151.84,9,24,0,3,131.22,0.00,0.67,0.00,0,3.00,1,451.91,2,0,6,org.apache.lucene.analysis.BaseTokenStreamTestCase,0.00,2,2,3,0,2,3,0,4,97,1
"org.apache.lucene.analysis.pt.TestPortugueseStemFilter$Analyzer",1,0.00,1.00,5,0.06,1073.53,1,0,9,5,5,121.06,0,8,0,1,121.06,0.00,0.00,0.00,0,1.00,1,188.94,0,1,5,java.lang.Object,0.00,4,0,1,0,4,0,0,0,44,0
"org.apache.lucene.search.suggest.jaspell.JaspellLookup",8,0.20,3.88,110,1.55,78691.15,16,8,13,48,8,97.69,3,142,3,2,97.69,0.00,0.50,0.30,2,0.00,8,4651.36,0,2,5,org.apache.lucene.search.suggest.Lookup,0.00,40,1,31,0,40,6,0,3,875,1
"org.apache.lucene.search.suggest.jaspell.JaspellTernarySearchTrie",30,0.18,3.30,269,3.81,393136.38,33,3,8,62,1,67.05,366,398,1,1,104.61,0.00,0.00,0.16,13,234.00,15,11419.64,0,15,0,java.lang.Object,0.00,32,0,99,0,32,15,0,38,2200,1
"org.apache.lucene.search.suggest.jaspell.JaspellTernarySearchTrie$TSTNode",1,5.00,1.00,8,0.09,1453.23,8,7,8,1,0,74.85,12,10,0,1,112.41,0.00,0.00,0.29,0,0.00,1,280.48,0,0,0,java.lang.Object,0.00,0,0,1,0,0,1,0,5,64,2
"org.apache.lucene.analysis.de.GermanAnalyzer",5,0.25,2.00,22,0.47,11538.27,8,3,19,17,16,92.52,68,50,1,3,121.90,0.00,0.67,0.13,0,7.00,3,1406.28,0,2,15,org.apache.lucene.analysis.util.StopwordAnalyzerBase,0.00,12,2,10,0,12,3,0,10,274,2
"org.apache.lucene.analysis.de.GermanAnalyzer$DefaultSetHolder",0,0.00,0.00,7,0.11,2461.47,2,2,19,3,3,171.00,3,14,0,1,171.00,0.00,0.00,0.00,0,0.00,0,326.34,0,0,3,java.lang.Object,0.00,3,0,0,0,3,0,0,3,71,2
"org.apache.lucene.analysis.de.GermanLightStemFilter",2,0.33,2.00,14,0.16,3794.18,5,3,6,9,8,113.74,9,20,2,4,113.50,0.00,0.75,0.50,0,2.00,3,481.98,0,0,6,org.apache.lucene.analysis.TokenFilter,0.29,7,3,4,0,7,2,0,1,107,2
"org.apache.lucene.analysis.de.GermanLightStemmer",4,0.00,4.50,32,0.69,36340.93,4,0,0,4,1,85.65,56,65,1,1,105.80,0.00,0.00,0.00,1,4.00,7,2080.72,0,0,0,java.lang.Object,0.00,0,0,18,0,0,4,0,4,419,1
"org.apache.lucene.analysis.de.GermanMinimalStemFilter",2,0.33,2.00,14,0.16,3794.18,5,3,6,9,8,113.74,9,20,2,4,113.50,0.00,0.75,0.50,0,2.00,3,481.98,0,0,6,org.apache.lucene.analysis.TokenFilter,0.29,7,3,4,0,7,2,0,1,107,2
"org.apache.lucene.analysis.de.GermanMinimalStemmer",1,0.00,19.00,22,0.41,48542.86,1,0,0,1,1,46.47,56,28,1,1,83.35,0.00,0.00,0.00,0,1.00,19,1221.27,0,0,0,java.lang.Object,0.00,0,0,19,0,0,1,0,4,229,1
"org.apache.lucene.analysis.de.GermanStemFilter",3,0.00,2.33,18,0.21,5600.37,6,3,6,11,10,66.02,28,30,4,4,116.02,0.00,0.75,0.33,0,4.00,4,641.51,0,0,6,org.apache.lucene.analysis.TokenFilter,0.27,8,3,7,0,8,3,0,6,141,2
"org.apache.lucene.analysis.de.GermanStemmer",7,0.33,6.29,125,2.11,186671.07,9,2,0,20,1,52.26,84,172,1,1,89.83,0.00,0.00,0.21,5,18.00,14,6323.92,0,1,0,java.lang.Object,0.00,13,0,44,0,13,6,0,24,1180,1
"org.apache.lucene.analysis.de.TestGermanAnalyzer",5,0.00,1.00,23,0.27,4999.52,5,0,9,13,7,174.92,6,31,0,3,124.92,0.00,0.67,0.00,0,5.00,1,807.45,3,0,7,org.apache.lucene.analysis.BaseTokenStreamTestCase,0.00,8,2,5,0,8,5,0,4,185,1
"org.apache.lucene.analysis.de.TestGermanLightStemFilter",2,0.00,1.00,7,0.06,643.14,2,0,7,4,4,173.34,5,11,0,3,133.46,0.00,0.67,0.00,0,2.00,1,171.82,1,0,4,org.apache.lucene.analysis.BaseTokenStreamTestCase,0.00,2,2,2,0,2,2,0,3,46,1
"org.apache.lucene.analysis.de.TestGermanLightStemFilter$Analyzer",1,0.00,1.00,4,0.05,1009.20,1,0,7,4,3,124.89,0,7,0,1,124.89,0.00,0.00,0.00,0,1.00,1,159.62,0,1,3,java.lang.Object,0.00,3,0,1,0,3,0,0,0,38,0
"org.apache.lucene.analysis.de.TestGermanMinimalStemFilter",3,0.00,1.00,16,0.14,1720.32,3,0,7,5,4,163.09,6,21,0,3,123.20,0.00,0.67,0.00,0,3.00,1,430.35,2,0,4,org.apache.lucene.analysis.BaseTokenStreamTestCase,0.00,2,2,3,0,2,3,0,4,101,1
"org.apache.lucene.analysis.de.TestGermanMinimalStemFilter$Analyzer",1,0.00,1.00,4,0.05,1009.20,1,0,7,4,3,124.89,0,7,0,1,124.89,0.00,0.00,0.00,0,1.00,1,159.62,0,1,3,java.lang.Object,0.00,3,0,1,0,3,0,0,0,38,0
"org.apache.lucene.analysis.de.TestGermanStemFilter",3,0.00,1.00,11,0.10,1182.73,3,0,8,8,5,153.38,9,16,0,3,132.76,0.00,0.67,0.00,0,3.00,1,291.78,2,0,5,org.apache.lucene.analysis.BaseTokenStreamTestCase,0.00,5,2,3,0,5,3,0,4,75,1
"org.apache.lucene.analysis.de.TestGermanStemFilter$Analyzer",1,0.00,1.00,4,0.05,839.11,1,0,8,5,4,125.52,0,8,0,1,125.52,0.00,0.00,0.00,0,1.00,1,157.34,0,1,4,java.lang.Object,0.00,4,0,1,0,4,0,0,0,38,0
"org.apache.lucene.index.codecs.preflex.Deprecated",14,0.15,2.50,122,1.41,60307.89,31,17,8,34,6,158.48,26,156,0,1,108.48,0.00,0.00,0.20,4,46.00,6,4219.27,0,0,6,java.lang.Object,0.00,20,0,35,0,20,14,0,25,829,1
"org.apache.lucene.index.codecs.preflex.Deprecated$CloneableTerm",4,0.67,1.00,11,0.10,1553.17,5,1,11,6,1,139.38,0,19,0,2,139.38,0.00,0.50,0.50,1,4.00,1,304.77,0,1,1,DoubleBarrelLRUCache.CloneableKey,0.00,2,1,4,0,2,3,0,0,82,2
"org.apache.lucene.index.codecs.preflex.Deprecated$PreDocsAndPositionsEnum",10,0.15,1.40,43,0.41,12182.14,13,3,27,23,4,124.17,0,65,0,4,124.17,0.00,0.75,0.47,0,0.00,3,1228.77,0,3,4,org.apache.lucene.index.DocsAndPositionsEnum,1.22,13,3,14,0,13,7,0,0,287,2
"org.apache.lucene.index.codecs.preflex.Deprecated$PreDocsEnum",8,0.00,1.38,31,0.30,7735.13,10,2,27,15,3,129.62,0,48,0,3,129.62,0.00,0.67,0.50,1,4.00,2,914.94,1,2,3,org.apache.lucene.index.DocsEnum,0.94,7,2,11,0,7,6,0,0,220,2
"org.apache.lucene.index.codecs.preflex.Deprecated$PreFlexFieldsEnum",3,0.50,1.33,16,0.13,2166.54,6,3,27,9,3,122.35,0,23,0,2,122.35,0.00,0.50,0.67,0,0.00,2,391.67,0,2,3,org.apache.lucene.index.FieldsEnum,0.67,6,1,4,0,6,1,0,0,97,1
"org.apache.lucene.index.codecs.preflex.Deprecated$PreTerms",6,1.00,1.17,19,0.15,2715.39,7,1,27,11,4,132.25,2,32,0,2,132.25,0.00,0.50,0.17,0,10.00,2,450.05,0,2,4,org.apache.lucene.index.Terms,0.48,5,1,7,0,5,4,0,2,118,1
"org.apache.lucene.index.codecs.preflex.Deprecated$PreTermsEnum",19,0.18,5.05,350,5.40,521111.36,32,13,27,53,8,46.56,142,446,0,2,88.85,0.00,0.50,0.24,7,35.00,14,16207.14,0,5,8,org.apache.lucene.index.TermsEnum,0.41,34,1,96,0,34,14,0,142,2754,1
"org.apache.lucene.index.codecs.preflex.Deprecated$TermInfoAndOrd",1,1.00,1.00,6,0.05,709.40,2,1,11,1,0,119.52,0,8,0,2,119.52,0.00,0.50,0.00,0,1.00,1,136.97,0,0,0,TermInfo,0.00,0,1,1,0,0,1,0,0,36,3
"org.apache.lucene.index.codecs.preflex.Deprecated$ThreadResources",19,0.44,2.84,156,2.21,179611.28,21,2,11,50,7,155.77,33,227,0,1,105.77,0.00,0.00,0.08,8,83.00,13,6623.04,0,1,7,java.lang.Object,0.00,31,0,54,0,31,18,0,33,1260,3
"org.apache.lucene.index.codecs.preflex.TestSurrogates",7,1.00,7.29,194,3.34,266698.73,8,1,9,69,13,120.96,19,229,0,2,81.08,0.00,0.50,0.14,4,12.00,15,10015.65,0,3,13,org.apache.lucene.util.LuceneTestCase,0.00,62,1,51,0,62,4,0,19,1614,1
"org.apache.lucene.index.codecs.preflex.TestSurrogates$SortTermAsUTF16Comparator",1,0.00,2.00,7,0.11,2742.14,2,1,9,7,2,112.24,0,11,0,1,112.24,0.00,0.00,1.00,0,0.00,2,321.08,0,0,2,java.lang.Object,0.00,6,0,2,0,6,1,1,0,77,2
"org.apache.solr.search.grouping.distributed.responseprocessor.SearchGroupShardResponseProcessor",1,0.00,11.00,39,0.94,83002.86,1,0,13,29,12,40.14,6,47,1,1,72.36,0.00,0.00,0.00,0,1.00,11,2823.79,0,0,11,java.lang.Object,0.00,28,0,11,0,28,1,1,2,443,1
"org.apache.solr.search.grouping.distributed.responseprocessor.StoredFieldsShardResponseProcessor",1,0.00,4.00,15,0.28,8293.58,1,0,9,15,10,63.73,6,19,1,1,95.95,0.00,0.00,0.00,0,1.00,4,850.85,0,0,9,java.lang.Object,0.00,14,0,4,0,14,1,1,2,148,1
"org.apache.solr.search.grouping.distributed.responseprocessor.TopGroupsShardResponseProcessor",1,0.00,19.00,74,1.55,178940.68,1,0,21,44,17,16.94,7,82,1,1,59.23,0.00,0.00,0.00,0,1.00,19,4660.05,0,0,16,java.lang.Object,0.00,43,0,19,0,43,1,1,3,675,1
"org.apache.lucene.analysis.pl.PolishAnalyzer",5,0.19,1.80,24,0.33,7970.00,9,4,18,16,15,75.08,43,34,1,3,123.19,0.00,0.67,0.10,0,8.00,3,995.11,0,2,14,org.apache.lucene.analysis.util.StopwordAnalyzerBase,0.00,11,2,9,0,11,3,0,9,216,2
"org.apache.lucene.analysis.pl.PolishAnalyzer$DefaultsHolder",0,0.00,0.00,10,0.11,2333.30,2,2,18,0,4,171.00,4,17,0,1,171.00,0.00,0.00,0.00,0,0.00,0,334.67,0,0,4,java.lang.Object,0.00,0,0,0,0,0,0,0,4,75,2
"org.apache.lucene.analysis.pl.TestPolishAnalyzer",4,0.00,1.00,16,0.17,3088.17,4,0,5,8,3,175.80,7,22,0,3,125.80,0.00,0.67,0.00,0,4.00,1,522.25,3,0,3,org.apache.lucene.analysis.BaseTokenStreamTestCase,0.00,4,2,4,0,4,4,0,6,121,1
"org.apache.lucene.analysis.da.DanishAnalyzer",5,0.50,1.80,21,0.29,7141.30,7,2,17,16,14,75.46,42,31,1,3,123.56,0.00,0.67,0.10,0,8.00,3,866.52,0,2,13,org.apache.lucene.analysis.util.StopwordAnalyzerBase,0.00,11,2,9,0,11,3,0,8,192,2
"org.apache.lucene.analysis.da.DanishAnalyzer$DefaultSetHolder",0,0.00,0.00,6,0.05,843.89,1,1,17,0,2,171.00,2,11,0,1,171.00,0.00,0.00,0.00,0,0.00,0,162.56,0,0,2,java.lang.Object,0.00,0,0,0,0,0,0,0,2,40,2
"org.apache.lucene.analysis.da.TestDanishAnalyzer",4,0.00,1.00,16,0.17,3234.43,4,0,5,8,3,175.64,7,22,0,3,125.64,0.00,0.67,0.00,0,4.00,1,517.05,3,0,3,org.apache.lucene.analysis.BaseTokenStreamTestCase,0.00,4,2,4,0,4,4,0,6,121,1
"org.apache.lucene.queryparser.ext.ExtendableQueryParser",4,0.11,1.25,18,0.26,7472.79,7,3,6,10,8,149.01,77,31,1,3,122.73,0.00,0.67,0.25,0,10.00,2,788.23,1,1,7,org.apache.lucene.queryparser.classic.QueryParser,0.00,6,2,5,0,6,3,0,5,172,1
"org.apache.lucene.queryparser.ext.ExtensionQuery",4,0.11,1.00,14,0.08,1166.53,7,3,1,4,4,89.66,46,19,3,1,133.79,0.00,0.00,0.25,0,10.00,1,254.48,0,3,1,java.lang.Object,0.00,0,0,4,0,0,1,0,6,74,1
"org.apache.lucene.queryparser.ext.ExtensionStub",1,0.00,1.00,3,0.04,713.22,1,0,4,5,8,130.26,16,7,2,2,130.73,0.00,0.50,0.00,0,1.00,1,130.55,0,1,6,org.apache.lucene.queryparser.ext.ParserExtension,0.00,4,1,1,0,4,0,0,1,33,0
"org.apache.lucene.queryparser.ext.Extensions",9,0.29,1.22,30,0.36,12585.20,12,3,3,19,5,99.00,122,43,3,1,128.39,0.00,0.00,0.07,2,23.00,3,1084.84,0,4,2,java.lang.Object,0.00,10,0,11,0,10,5,0,12,255,1
"org.apache.lucene.queryparser.ext.Extensions$Pair",1,2.00,1.00,6,0.05,829.52,3,2,3,1,0,70.88,8,8,0,1,118.99,0.00,0.00,0.00,0,1.00,1,149.41,0,0,0,java.lang.Object,0.00,0,0,1,0,0,1,0,1,41,2
"org.apache.lucene.queryparser.ext.ParserExtension",1,0.00,1.00,2,0.02,137.38,1,0,2,1,7,192.42,26,3,4,1,142.94,0.00,0.00,0.00,0,1.00,1,49.66,0,1,3,java.lang.Object,0.00,0,0,1,1,0,0,0,2,16,2
"org.apache.lucene.queryparser.ext.TestExtendableQueryParser",7,0.67,1.86,72,1.12,41808.90,8,1,10,25,13,103.82,3,91,0,3,103.82,0.00,0.67,0.43,2,10.00,3,3349.78,0,3,13,org.apache.lucene.queryparser.util.QueryParserTestBase,0.00,18,2,13,0,18,4,0,1,613,1
"org.apache.lucene.queryparser.ext.TestExtensions",6,0.20,1.17,33,0.35,6806.97,7,1,1,17,3,120.84,4,45,0,2,120.84,0.00,0.50,0.83,0,0.00,2,1047.08,1,0,3,org.apache.lucene.util.LuceneTestCase,0.00,11,1,7,0,11,6,0,2,250,1
"org.apache.lucene.queries.BooleanFilter",9,0.62,3.00,63,0.83,54247.34,10,1,11,30,9,130.07,27,89,3,2,109.46,0.00,0.50,0.44,3,13.00,14,2490.77,0,5,6,org.apache.lucene.search.Filter,0.00,21,1,27,0,21,4,1,8,501,1
"org.apache.lucene.queries.BooleanFilterTest",21,0.40,1.05,172,2.35,79311.44,23,2,19,46,17,109.13,9,198,0,2,109.13,0.00,0.50,0.12,7,66.00,2,7060.77,2,5,17,org.apache.lucene.util.LuceneTestCase,0.00,25,1,22,0,25,16,0,9,1477,1
"org.apache.lucene.queries.BooleanFilterTest$Filter",1,0.00,1.00,3,0.02,175.12,1,0,19,1,1,135.54,0,5,0,1,135.54,0.00,0.00,0.00,0,1.00,1,54.60,0,1,1,java.lang.Object,0.00,0,0,1,0,0,0,0,0,17,0
"org.apache.lucene.queries.BooleanFilterTest$Filter_0",1,0.00,1.00,3,0.02,161.45,1,0,19,2,1,135.81,0,5,0,1,135.81,0.00,0.00,0.00,0,1.00,1,49.51,0,1,1,java.lang.Object,0.00,1,0,1,0,1,0,0,0,16,0
"org.apache.lucene.queries.BooleanFilterTest$Filter_0$DocIdSet",2,0.00,1.00,5,0.03,286.06,2,0,19,2,1,142.80,0,9,0,1,142.80,0.00,0.00,0.00,0,2.00,1,81.08,0,1,1,java.lang.Object,0.00,0,0,2,0,0,1,0,0,26,0
"org.apache.lucene.queries.BoostingQuery",5,0.42,3.40,44,0.51,21882.64,8,3,3,13,6,108.59,20,62,3,2,108.36,0.00,0.50,0.67,0,0.00,11,1528.59,1,2,3,org.apache.lucene.search.Query,0.13,8,1,17,0,8,3,0,6,334,1
"org.apache.lucene.queries.BoostingQuery$BooleanQuery",1,0.00,1.00,3,0.02,223.54,1,0,3,2,2,134.70,0,5,0,1,134.70,0.00,0.00,0.00,0,1.00,1,59.81,0,1,2,java.lang.Object,0.00,1,0,1,0,1,0,0,0,18,0
"org.apache.lucene.queries.BoostingQuery$BooleanQuery$BooleanWeight",1,0.00,1.00,6,0.05,815.36,1,0,3,1,0,119.28,4,12,0,1,119.05,0.00,0.00,0.00,0,0.00,1,153.81,0,0,0,java.lang.Object,0.00,0,0,1,0,0,1,0,4,38,0
"org.apache.lucene.queries.BoostingQueryTest",1,0.00,1.00,8,0.09,1852.95,1,0,3,5,3,111.58,0,10,0,2,111.58,0.00,0.50,0.00,0,1.00,1,283.44,0,0,3,org.apache.lucene.util.LuceneTestCase,0.00,4,1,1,0,4,1,0,0,67,1
"org.apache.lucene.queries.ChainedFilter",10,0.04,3.30,107,1.19,55477.76,18,8,8,28,8,71.72,63,141,2,2,103.94,0.00,0.50,0.16,4,30.00,14,3580.93,0,6,6,org.apache.lucene.search.Filter,0.00,18,1,33,0,18,4,0,14,733,1
"org.apache.lucene.queries.ChainedFilterTest",10,0.38,1.30,115,1.79,62519.13,18,8,20,41,18,152.20,13,130,0,2,102.20,0.00,0.50,0.46,0,0.00,3,5363.15,2,2,18,org.apache.lucene.util.LuceneTestCase,0.00,31,1,13,0,31,8,0,9,991,1
"org.apache.lucene.queries.CustomScoreProvider",5,1.00,2.60,45,0.47,30362.84,6,1,5,9,8,104.92,81,50,5,1,105.39,0.00,0.00,0.00,2,5.00,5,1395.32,0,2,3,java.lang.Object,0.00,4,0,13,0,4,3,0,7,295,1
"org.apache.lucene.queries.CustomScoreQuery",14,0.00,2.21,79,1.01,47886.96,17,3,14,33,17,117.15,63,103,6,2,116.91,3.00,0.20,0.33,3,30.00,6,3039.67,3,5,11,org.apache.lucene.search.Query,0.17,19,1,31,3,19,9,0,20,648,1
"org.apache.lucene.queries.CustomScoreQuery$CustomScorer",5,0.25,2.00,40,0.40,14014.32,10,5,14,10,2,110.00,3,48,0,3,110.00,0.00,0.67,0.40,0,0.00,3,1206.78,0,0,2,org.apache.lucene.search.Scorer,0.80,5,2,10,0,5,5,0,3,264,1
"org.apache.lucene.queries.CustomScoreQuery$CustomWeight",8,0.10,2.25,70,0.86,39158.81,11,3,14,22,8,158.07,13,81,0,2,108.07,0.00,0.50,0.42,1,14.00,3,2574.92,0,4,8,org.apache.lucene.search.Weight,0.57,14,1,18,0,14,4,0,13,510,1
"org.apache.lucene.queries.FilterClause",6,0.00,1.33,19,0.20,6008.87,8,2,2,10,4,150.12,19,32,3,1,129.51,0.00,0.00,0.50,1,2.00,3,602.76,0,3,1,java.lang.Object,0.00,4,0,8,0,4,3,0,4,150,2
"org.apache.lucene.queries.TermsFilter",4,0.33,3.50,44,0.59,27768.61,5,1,10,24,14,101.85,16,61,4,2,101.61,0.00,0.50,0.75,0,0.00,8,1758.68,0,1,10,org.apache.lucene.search.Filter,0.00,20,1,14,0,20,3,0,4,333,1
"org.apache.lucene.queries.TermsFilterTest",3,0.00,1.67,76,1.13,46750.67,3,0,14,28,12,85.72,2,78,0,2,85.72,0.00,0.50,0.00,0,3.00,2,3385.53,0,0,12,org.apache.lucene.util.LuceneTestCase,0.00,25,1,5,0,25,3,0,2,592,1
"org.apache.lucene.queries.TestCustomScoreQuery",11,0.00,1.27,135,2.38,125899.30,11,0,13,44,14,119.34,35,154,0,2,98.73,0.00,0.50,0.00,4,11.00,2,7147.73,0,1,14,org.apache.lucene.queries.function.FunctionTestSetup,0.00,33,1,14,0,33,10,0,25,1267,1
"org.apache.lucene.queries.TestCustomScoreQuery$CustomAddQuery",3,0.00,1.00,7,0.05,418.70,3,0,13,4,4,142.88,2,13,0,3,142.88,0.00,0.67,0.00,0,3.00,1,138.55,0,2,4,org.apache.lucene.queries.CustomScoreQuery,0.11,1,2,3,0,1,1,0,2,43,2
"org.apache.lucene.queries.TestCustomScoreQuery$CustomAddQuery$CustomScoreProvider",2,0.00,2.00,10,0.13,5552.17,2,0,13,5,1,117.65,0,15,0,1,117.65,0.00,0.00,0.00,0,2.00,3,393.08,0,1,1,java.lang.Object,0.00,3,0,4,0,3,1,0,0,87,0
"org.apache.lucene.queries.TestCustomScoreQuery$CustomExternalQuery",2,0.00,1.00,6,0.06,997.04,2,0,13,4,3,131.96,0,11,0,3,131.96,0.00,0.67,0.00,0,2.00,1,187.20,0,1,3,org.apache.lucene.queries.CustomScoreQuery,0.00,2,2,2,0,2,1,0,0,47,2
"org.apache.lucene.queries.TestCustomScoreQuery$CustomExternalQuery$CustomScoreProvider_1",1,0.00,1.00,4,0.05,1019.56,1,0,13,3,0,124.85,0,6,0,1,124.85,0.00,0.00,0.00,0,1.00,1,156.36,0,0,0,java.lang.Object,0.00,2,0,1,0,2,1,0,0,37,0
"org.apache.lucene.queries.TestCustomScoreQuery$CustomMulAddQuery",3,0.00,1.00,7,0.05,460.08,3,0,13,4,4,142.56,2,13,0,3,142.56,0.00,0.67,0.00,0,3.00,1,150.34,0,2,4,org.apache.lucene.queries.CustomScoreQuery,0.11,1,2,3,0,1,1,0,2,46,2
"org.apache.lucene.queries.TestCustomScoreQuery$CustomMulAddQuery$CustomScoreProvider_0",2,0.00,3.00,20,0.27,15322.66,2,0,13,7,1,152.86,3,28,0,1,102.86,0.00,0.00,0.00,0,2.00,3,807.96,0,1,1,java.lang.Object,0.00,5,0,6,0,5,1,0,3,170,0
"org.apache.solr.search.similarities.BM25SimilarityFactory",2,1.33,1.00,13,0.13,1945.32,5,3,4,6,4,68.45,18,18,0,2,118.44,0.00,0.50,1.00,0,0.00,1,383.28,1,1,4,org.apache.solr.schema.SimilarityFactory,0.40,4,1,2,0,4,1,0,1,90,1
"org.apache.solr.search.similarities.BaseSimilarityTestCase",2,0.00,1.00,13,0.15,2782.25,2,0,6,8,13,167.22,2,16,7,3,117.22,3.50,0.20,0.00,0,0.00,1,438.96,0,2,6,org.apache.solr.SolrTestCaseJ4,0.00,6,2,2,7,6,0,0,2,99,2
"org.apache.solr.search.similarities.BasicSimilarityProviderFactory",1,0.00,1.00,3,0.02,180.47,1,0,4,2,4,103.21,6,6,0,2,135.43,0.00,0.50,0.00,0,1.00,1,57.02,0,1,4,org.apache.solr.schema.SimilarityProviderFactory,0.00,1,1,1,0,1,0,0,1,18,1
"org.apache.solr.search.similarities.BasicSimilarityProviderFactory$SolrSimilarityProvider",2,0.00,1.00,5,0.04,420.40,2,0,4,2,0,141.48,0,9,0,1,141.48,0.00,0.00,0.00,0,2.00,1,112.09,0,0,0,java.lang.Object,0.00,0,0,2,0,0,2,0,0,33,0
"org.apache.solr.search.similarities.CustomSimilarityFactory",1,0.00,1.00,3,0.03,352.50,1,0,2,3,3,133.14,0,6,0,2,133.14,0.00,0.50,0.00,0,0.00,1,85.83,0,1,3,org.apache.solr.schema.SimilarityFactory,0.50,2,1,1,0,2,0,0,0,24,1
"org.apache.solr.search.similarities.CustomSimilarityProviderFactory",2,0.00,1.50,6,0.07,975.51,3,1,4,4,5,131.94,0,11,0,2,131.94,0.00,0.50,1.00,0,0.00,2,197.30,0,1,5,org.apache.solr.schema.SimilarityProviderFactory,0.00,2,1,3,0,2,1,0,0,51,1
"org.apache.solr.search.similarities.DFRSimilarityFactory",5,0.19,5.00,60,0.77,29958.51,9,4,22,28,21,56.50,58,80,1,2,100.63,0.00,0.50,0.40,0,7.00,11,2322.49,1,4,20,org.apache.solr.schema.SimilarityFactory,0.25,23,1,25,0,23,1,0,2,468,1
"org.apache.solr.search.similarities.DefaultSimilarityFactory",2,0.00,1.00,9,0.08,1289.19,3,1,5,5,5,84.13,14,14,0,2,126.42,0.00,0.50,1.00,0,0.00,1,234.73,1,1,5,org.apache.solr.schema.SimilarityFactory,0.40,3,1,2,0,3,1,0,1,60,1
"org.apache.solr.search.similarities.IBSimilarityFactory",4,0.33,2.00,29,0.31,5778.84,8,4,12,15,12,64.44,36,39,0,2,114.43,0.00,0.50,0.50,0,4.00,3,939.89,1,3,12,org.apache.solr.schema.SimilarityFactory,0.29,11,1,8,0,11,1,0,2,208,1
"org.apache.solr.search.similarities.LMDirichletSimilarityFactory",2,1.00,1.50,11,0.12,2356.64,4,2,4,6,4,72.54,16,17,0,2,120.65,0.00,0.50,1.00,0,0.00,2,349.32,1,1,4,org.apache.solr.schema.SimilarityFactory,0.40,4,1,3,0,4,1,0,1,83,1
"org.apache.solr.search.similarities.LMJelinekMercerSimilarityFactory",2,1.00,1.00,11,0.10,1571.20,4,2,4,6,4,74.02,16,16,0,2,122.13,0.00,0.50,1.00,0,0.00,1,308.88,1,1,4,org.apache.solr.schema.SimilarityFactory,0.40,4,1,2,0,4,1,0,1,75,1
"org.apache.solr.search.similarities.MockConfigurableSimilarity",2,1.00,1.00,6,0.03,349.01,3,1,1,2,3,135.55,0,9,2,4,135.55,0.00,0.75,0.50,0,2.00,1,100.40,0,1,1,org.apache.lucene.search.similarities.DefaultSimilarity,0.00,0,3,2,0,0,1,0,0,31,1
"org.apache.solr.search.similarities.MockConfigurableSimilarityProvider",2,1.00,1.00,7,0.04,455.09,3,1,2,2,5,134.64,0,10,3,3,134.64,0.00,0.67,0.50,0,2.00,1,127.15,0,1,2,org.apache.solr.search.SolrSimilarityProvider,0.00,0,2,2,0,0,1,0,0,37,1
"org.apache.solr.search.similarities.TestBM25SimilarityFactory",3,0.00,1.00,11,0.13,1938.64,3,0,3,8,3,181.07,5,16,0,4,131.07,0.00,0.75,0.00,0,3.00,1,375.32,2,0,3,org.apache.solr.search.similarities.BaseSimilarityTestCase,0.00,5,3,3,0,5,3,0,3,90,1
"org.apache.solr.search.similarities.TestDFRSimilarityFactory",3,0.00,1.00,19,0.28,5863.48,3,0,7,10,7,166.06,5,24,0,4,116.06,0.00,0.75,0.00,0,3.00,1,833.86,2,0,7,org.apache.solr.search.similarities.BaseSimilarityTestCase,0.00,7,3,3,0,7,3,0,3,181,1
"org.apache.solr.search.similarities.TestDefaultSimilarityFactory",2,0.00,1.00,5,0.05,534.50,2,0,2,4,2,180.54,4,9,0,4,140.66,0.00,0.75,0.00,0,2.00,1,150.66,1,0,2,org.apache.solr.search.similarities.BaseSimilarityTestCase,0.00,2,3,2,0,2,2,0,2,41,1
"org.apache.solr.search.similarities.TestIBSimilarityFactory",3,0.00,1.00,19,0.28,5863.48,3,0,9,10,9,166.06,5,24,0,4,116.06,0.00,0.75,0.00,0,3.00,1,833.86,2,0,9,org.apache.solr.search.similarities.BaseSimilarityTestCase,0.00,7,3,3,0,7,3,0,3,181,1
"org.apache.solr.search.similarities.TestLMDirichletSimilarityFactory",3,0.00,1.00,10,0.11,1553.80,3,0,3,7,3,181.83,5,15,0,4,131.83,0.00,0.75,0.00,0,3.00,1,329.04,2,0,3,org.apache.solr.search.similarities.BaseSimilarityTestCase,0.00,4,3,3,0,4,3,0,3,81,1
"org.apache.solr.search.similarities.TestLMJelinekMercerSimilarityFactory",3,0.00,1.00,10,0.11,1553.80,3,0,3,7,3,181.83,5,15,0,4,131.83,0.00,0.75,0.00,0,3.00,1,329.04,2,0,3,org.apache.solr.search.similarities.BaseSimilarityTestCase,0.00,4,3,3,0,4,3,0,3,81,1
"org.apache.solr.search.similarities.TestPerFieldSimilarity",9,0.00,1.00,32,0.40,5909.85,9,0,6,17,7,181.02,10,44,0,4,131.02,0.00,0.75,0.00,0,16.00,1,1190.20,2,0,7,org.apache.solr.search.similarities.BaseSimilarityTestCase,0.00,8,3,9,0,8,9,0,8,280,1
"org.apache.lucene.spatial.geometry.shape.Ellipse",9,0.14,2.67,99,1.81,177726.73,17,8,0,28,6,65.88,59,125,0,1,98.10,0.00,0.00,0.25,3,4.00,9,5420.06,0,2,6,java.lang.Object,0.00,19,0,24,0,19,7,1,31,1008,1
"org.apache.lucene.spatial.geometry.shape.Geometry2D",5,0.00,1.00,6,0.03,135.26,5,0,0,5,5,141.85,25,7,3,1,159.72,0.00,0.00,0.00,0,5.00,1,90.17,0,2,4,,0.00,0,0,5,0,0,3,0,6,35,1
"org.apache.lucene.spatial.geometry.shape.IntersectCase",0,0.00,0.00,2,0.01,57.06,0,0,0,0,3,171.00,6,6,3,1,171.00,0.00,0.00,0.00,0,0.00,0,28.53,0,0,1,java.lang.Object,0.00,0,0,0,0,0,0,1,1,9,1
"org.apache.lucene.spatial.geometry.shape.LLRect",14,0.00,2.21,79,1.11,62370.49,16,2,2,28,6,155.90,35,112,3,1,116.01,0.00,0.00,0.50,2,2.00,10,3321.31,0,9,3,java.lang.Object,0.00,14,0,31,0,14,5,0,14,724,1
"org.apache.lucene.spatial.geometry.shape.LineSegment",5,0.62,3.80,42,0.54,27638.39,7,2,0,16,4,89.66,28,60,2,1,107.53,0.00,0.00,1.00,0,0.00,10,1624.01,0,0,2,java.lang.Object,0.00,11,0,19,0,11,5,0,12,354,1
"org.apache.lucene.spatial.geometry.shape.Point2D",19,0.25,1.26,62,0.61,15786.07,21,2,0,25,6,130.16,7,90,6,1,130.16,0.00,0.00,0.26,0,70.00,6,1820.00,0,1,1,java.lang.Object,0.00,6,0,24,0,6,18,0,1,457,1
"org.apache.lucene.spatial.geometry.shape.Rectangle",16,0.13,1.69,52,0.67,23525.10,18,2,0,26,8,128.14,8,83,5,1,128.14,0.00,0.00,0.62,1,0.00,10,2010.65,0,1,4,java.lang.Object,0.00,10,0,27,0,10,15,1,2,489,1
"org.apache.lucene.spatial.geometry.shape.Vector2D",17,0.09,1.29,54,0.58,16248.62,19,2,0,23,6,179.67,28,79,6,1,129.67,0.00,0.00,0.41,1,29.00,6,1740.42,0,1,1,java.lang.Object,0.00,6,0,22,0,6,16,0,6,436,1
"org.apache.lucene.analysis.cz.CzechAnalyzer",5,0.50,2.00,22,0.31,7653.19,7,2,14,16,14,85.74,61,32,2,3,123.30,0.00,0.67,0.10,0,8.00,3,928.46,0,2,12,org.apache.lucene.analysis.util.StopwordAnalyzerBase,0.00,11,2,10,0,11,3,0,7,202,2
"org.apache.lucene.analysis.cz.CzechAnalyzer$DefaultSetHolder",0,0.00,0.00,6,0.08,1289.87,1,1,14,0,3,171.00,2,12,0,1,171.00,0.00,0.00,0.00,0,0.00,0,232.39,0,0,3,java.lang.Object,0.00,0,0,0,0,0,0,0,2,53,2
"org.apache.lucene.analysis.cz.CzechStemFilter",2,0.33,2.00,14,0.16,3794.18,5,3,6,9,9,84.12,27,20,3,4,113.50,0.00,0.75,0.50,0,2.00,3,481.98,0,0,6,org.apache.lucene.analysis.TokenFilter,0.29,7,3,4,0,7,2,0,2,107,2
"org.apache.lucene.analysis.cz.CzechStemmer",4,0.00,4.00,39,1.14,76383.63,4,0,1,5,1,69.15,26,115,1,1,101.37,0.00,0.00,0.00,0,4.00,7,3431.39,0,0,0,java.lang.Object,0.00,1,0,16,0,1,4,0,8,602,1
"org.apache.lucene.analysis.cz.TestCzechAnalyzer",6,0.00,1.00,20,0.29,4711.27,6,0,5,9,4,170.29,14,31,0,3,130.40,0.00,0.67,0.00,0,6.00,1,870.84,3,0,4,org.apache.lucene.analysis.BaseTokenStreamTestCase,0.00,3,2,6,0,3,6,0,4,196,1
"org.apache.lucene.analysis.cz.TestCzechStemmer",8,0.00,1.00,163,2.96,128326.04,8,0,6,15,6,57.13,52,173,0,3,89.35,0.00,0.67,0.00,0,8.00,1,8876.41,2,0,6,org.apache.lucene.analysis.BaseTokenStreamTestCase,0.00,7,2,8,0,7,8,0,33,1596,1
"org.apache.lucene.queryparser.flexible.core.nodes.AndQueryNode",3,0.00,3.00,24,0.35,14613.97,3,0,2,12,9,128.64,9,38,6,3,108.02,0.50,0.50,0.00,0,3.00,4,1051.68,2,2,3,org.apache.lucene.queryparser.flexible.core.nodes.BooleanQueryNode,0.12,9,2,9,1,9,1,0,3,210,1
"org.apache.lucene.queryparser.flexible.core.nodes.AnyQueryNode",8,2.00,2.38,52,0.66,23717.61,10,2,2,16,5,154.32,23,77,2,4,114.43,0.00,0.75,0.00,1,14.00,6,1966.54,3,4,3,org.apache.lucene.queryparser.flexible.core.nodes.AndQueryNode,0.24,8,3,19,0,8,4,0,6,405,1
"org.apache.lucene.queryparser.flexible.core.nodes.BooleanQueryNode",4,0.00,2.25,27,0.35,13482.24,4,0,2,11,19,153.89,11,40,16,2,114.01,5.00,0.14,0.00,0,4.00,4,1045.47,6,2,3,org.apache.lucene.queryparser.flexible.core.nodes.QueryNodeImpl,0.17,7,1,9,5,7,2,0,4,216,1
"org.apache.lucene.queryparser.flexible.core.nodes.BoostQueryNode",7,1.00,1.57,28,0.33,7210.60,8,1,6,15,13,124.95,32,47,6,2,124.71,0.00,0.50,0.00,1,7.00,2,986.51,5,5,7,org.apache.lucene.queryparser.flexible.core.nodes.QueryNodeImpl,0.15,8,1,11,0,8,2,0,5,230,1
"org.apache.lucene.queryparser.flexible.core.nodes.DeletedQueryNode",4,0.00,1.00,9,0.06,913.67,4,0,2,4,7,191.20,6,16,4,2,141.20,2.00,0.25,0.00,0,4.00,1,185.27,1,3,4,org.apache.lucene.queryparser.flexible.core.nodes.QueryNodeImpl,0.17,0,1,4,2,0,1,0,2,54,1
"org.apache.lucene.queryparser.flexible.core.nodes.FieldQueryNode",20,5.00,1.15,60,0.59,11352.79,25,5,2,22,34,171.37,45,92,30,2,131.48,4.00,0.17,0.00,4,20.00,2,1782.23,3,10,4,org.apache.lucene.queryparser.flexible.core.nodes.QueryNodeImpl,0.10,2,1,23,4,2,10,2,11,451,1
"org.apache.lucene.queryparser.flexible.core.nodes.FieldValuePairQueryNode",0,0.00,0.00,1,0.02,186.81,0,0,0,0,3,171.00,23,3,3,1,171.00,0.00,0.00,0.00,0,0.00,0,51.89,0,0,0,,0.00,0,0,0,0,0,0,0,2,15,1
"org.apache.lucene.queryparser.flexible.core.nodes.FieldableNode",2,0.00,1.00,3,0.01,59.70,2,0,0,2,12,168.52,35,4,12,2,159.39,0.00,0.50,0.00,0,2.00,1,41.60,0,1,0,,0.00,0,1,2,0,0,1,0,4,17,1
"org.apache.lucene.queryparser.flexible.core.nodes.FuzzyQueryNode",8,2.00,1.12,26,0.27,5010.50,10,2,1,8,12,151.77,25,41,10,3,131.15,0.00,0.67,0.00,0,8.00,2,811.68,4,3,2,org.apache.lucene.queryparser.flexible.core.nodes.FieldQueryNode,0.13,0,2,9,0,0,5,0,4,201,1
"org.apache.lucene.queryparser.flexible.core.nodes.GroupQueryNode",6,0.00,1.33,21,0.22,3694.06,6,0,6,13,15,171.06,13,33,9,2,131.17,0.00,0.50,0.00,1,6.00,2,650.07,6,2,6,org.apache.lucene.queryparser.flexible.core.nodes.QueryNodeImpl,0.16,7,1,8,0,7,4,0,3,159,1
"org.apache.lucene.queryparser.flexible.core.nodes.MatchAllDocsQueryNode",4,0.00,1.00,9,0.06,1004.43,4,0,1,4,6,190.87,6,16,4,2,140.87,0.00,0.50,0.00,0,4.00,1,183.13,1,3,2,org.apache.lucene.queryparser.flexible.core.nodes.QueryNodeImpl,0.17,0,1,4,0,0,1,0,3,54,1
"org.apache.lucene.queryparser.flexible.core.nodes.MatchNoDocsQueryNode",2,0.00,1.00,4,0.02,180.05,2,0,0,2,6,100.25,22,8,5,3,144.38,0.00,0.67,0.00,0,2.00,1,60.05,0,1,1,org.apache.lucene.queryparser.flexible.core.nodes.DeletedQueryNode,0.12,0,2,2,0,0,1,0,3,21,1
"org.apache.lucene.queryparser.flexible.core.nodes.ModifierQueryNode",0,0.00,0.00,2,0.01,75.00,0,0,6,0,17,171.00,9,2,12,2,171.00,1.00,0.33,0.00,0,0.00,0,30.00,0,0,5,org.apache.lucene.queryparser.flexible.core.nodes.QueryNodeImpl,0.00,0,1,0,1,0,0,0,1,10,1
"org.apache.lucene.queryparser.flexible.core.nodes.ModifierQueryNode$Modifier",3,1.00,3.33,53,0.72,49687.71,4,1,6,15,5,91.84,14,88,0,1,91.60,0.00,0.00,0.00,3,3.00,6,2145.65,1,3,5,java.lang.Object,0.00,12,0,10,0,12,0,0,5,363,1
"org.apache.lucene.queryparser.flexible.core.nodes.NoTokenFoundQueryNode",4,0.00,1.00,10,0.07,1017.93,4,0,1,4,5,190.83,5,18,2,3,140.83,0.00,0.67,0.00,0,4.00,1,208.75,1,2,3,org.apache.lucene.queryparser.flexible.core.nodes.DeletedQueryNode,0.22,0,2,4,0,0,2,0,2,60,1
"org.apache.lucene.queryparser.flexible.core.nodes.OpaqueQueryNode",6,2.00,1.00,20,0.20,3344.25,8,2,1,6,4,171.46,17,29,1,2,131.58,0.00,0.50,0.00,0,6.00,1,586.26,2,5,3,org.apache.lucene.queryparser.flexible.core.nodes.QueryNodeImpl,0.16,0,1,6,0,0,1,0,4,150,1
"org.apache.lucene.queryparser.flexible.core.nodes.OrQueryNode",3,0.00,3.00,26,0.38,16348.12,3,0,3,13,9,128.25,10,38,6,3,107.64,0.00,0.67,0.00,0,3.00,4,1150.85,2,2,3,org.apache.lucene.queryparser.flexible.core.nodes.BooleanQueryNode,0.12,10,2,9,0,10,1,0,3,225,1
"org.apache.lucene.queryparser.flexible.core.nodes.PathQueryNode",10,0.78,1.70,50,0.61,16769.77,11,1,5,24,4,119.65,45,68,1,2,119.41,0.00,0.50,0.30,1,22.00,3,1826.01,1,7,3,org.apache.lucene.queryparser.flexible.core.nodes.QueryNodeImpl,0.14,14,1,17,0,14,3,0,10,395,1
"org.apache.lucene.queryparser.flexible.core.nodes.PathQueryNode$QueryText",6,0.00,1.00,23,0.18,3850.24,9,3,5,6,0,151.71,23,32,0,1,131.10,0.00,0.00,0.33,0,10.00,1,544.31,1,3,0,java.lang.Object,0.00,0,0,6,0,0,3,1,6,143,2
"org.apache.lucene.queryparser.flexible.core.nodes.PhraseSlopQueryNode",9,1.00,1.56,34,0.37,7333.97,10,1,6,18,10,130.18,6,57,1,2,130.18,0.00,0.50,0.00,1,9.00,2,1107.47,5,4,9,org.apache.lucene.queryparser.flexible.core.nodes.QueryNodeImpl,0.14,9,1,14,0,9,5,1,1,265,1
"org.apache.lucene.queryparser.flexible.core.nodes.ProximityQueryNode",12,4.00,2.17,71,1.05,43551.58,16,4,5,23,8,116.95,53,107,1,3,116.72,0.00,0.67,0.00,3,22.00,6,3154.91,4,6,7,org.apache.lucene.queryparser.flexible.core.nodes.BooleanQueryNode,0.17,11,2,26,0,11,6,0,10,628,1
"org.apache.lucene.queryparser.flexible.core.nodes.ProximityQueryNode$ProximityType",2,2.00,1.00,8,0.06,597.62,4,2,5,2,0,129.05,0,11,0,1,129.05,0.00,0.00,0.00,0,2.00,1,177.62,0,0,0,java.lang.Object,0.00,0,0,2,0,0,2,0,0,49,2
"org.apache.lucene.queryparser.flexible.core.nodes.ProximityQueryNode$Type",3,0.00,1.00,11,0.05,469.26,3,0,5,3,0,135.92,0,15,0,1,135.92,0.00,0.00,0.00,0,3.00,1,152.46,0,3,0,java.lang.Object,0.00,0,0,3,0,0,0,0,0,46,1
"org.apache.lucene.queryparser.flexible.core.nodes.QueryNode",14,0.00,1.00,15,0.10,591.15,14,0,3,14,86,178.81,43,16,85,1,158.20,0.00,0.00,0.00,0,14.00,1,308.24,0,7,1,,0.00,0,0,14,0,0,7,0,16,107,1
"org.apache.lucene.queryparser.flexible.core.nodes.QueryNodeImpl",19,6.00,1.68,79,0.93,25016.86,25,6,8,39,21,163.74,42,114,17,1,123.86,0.00,0.00,0.00,6,19.00,4,2804.41,2,7,4,java.lang.Object,0.00,20,0,32,30,20,12,2,19,621,2
"org.apache.lucene.queryparser.flexible.core.nodes.QuotedFieldQueryNode",4,0.00,1.25,13,0.17,3571.81,4,0,1,4,7,150.53,15,24,5,3,129.91,0.00,0.67,0.00,0,4.00,2,520.48,2,3,2,org.apache.lucene.queryparser.flexible.core.nodes.FieldQueryNode,0.14,0,2,5,0,0,1,0,3,127,1
"org.apache.lucene.queryparser.flexible.core.nodes.RangeQueryNode",4,0.00,1.00,5,0.03,213.62,4,0,0,4,4,139.52,21,7,4,2,157.40,0.00,0.50,0.00,0,4.00,1,83.89,0,0,0,,0.00,0,1,4,0,0,4,0,2,31,1
"org.apache.lucene.queryparser.flexible.core.nodes.SlopQueryNode",9,1.00,1.56,34,0.36,7123.99,10,1,4,18,14,180.28,16,56,7,2,130.28,0.00,0.50,0.00,1,9.00,2,1093.22,5,6,7,org.apache.lucene.queryparser.flexible.core.nodes.QueryNodeImpl,0.14,9,1,14,0,9,3,1,2,263,1
"org.apache.lucene.queryparser.flexible.core.nodes.TestQueryNode",2,0.00,1.00,13,0.20,3882.09,2,0,2,15,3,166.08,2,17,0,2,116.08,0.00,0.50,0.00,0,2.00,1,596.40,0,0,3,org.apache.lucene.util.LuceneTestCase,0.00,13,1,2,0,13,2,0,2,125,1
"org.apache.lucene.queryparser.flexible.core.nodes.TextableQueryNode",2,0.00,1.00,3,0.01,38.51,2,0,0,2,4,110.89,19,4,4,1,160.88,0.00,0.00,0.00,0,2.00,1,33.51,0,1,0,,0.00,0,0,2,0,0,1,0,2,15,1
"org.apache.lucene.queryparser.flexible.core.nodes.TokenizedPhraseQueryNode",6,0.00,2.33,39,0.43,14126.29,6,0,2,17,10,165.23,6,54,6,2,115.23,0.00,0.50,0.00,0,6.00,4,1286.15,4,3,4,org.apache.lucene.queryparser.flexible.core.nodes.QueryNodeImpl,0.16,11,1,14,0,11,3,1,3,277,1
"org.apache.lucene.queryparser.flexible.core.nodes.ValueQueryNode",2,0.00,1.00,3,0.02,156.52,2,0,0,2,0,107.61,20,4,0,2,156.09,0.00,0.50,0.00,0,2.00,1,67.80,0,0,0,,0.00,0,1,2,0,0,2,0,2,23,1
"org.apache.lucene.queryparser.flexible.core.util.QueryNodeOperation",2,0.00,4.50,27,0.41,55900.21,2,0,5,9,3,61.87,13,46,0,1,94.09,0.00,0.00,0.00,0,2.00,8,1221.24,0,1,3,java.lang.Object,0.00,7,0,9,0,7,1,0,3,229,2
"org.apache.lucene.queryparser.flexible.core.util.QueryNodeOperation$ANDOperation",0,0.00,0.00,2,0.01,36.00,0,0,5,0,0,171.00,0,3,0,1,171.00,0.00,0.00,0.00,0,0.00,0,24.00,0,0,0,java.lang.Object,0.00,0,0,0,0,0,0,0,0,8,1
"org.apache.lucene.queryparser.flexible.core.util.StringUtils",1,0.00,2.00,6,0.04,902.27,1,0,0,2,7,118.07,16,9,7,1,118.54,0.00,0.00,0.00,0,1.00,2,109.28,0,1,0,java.lang.Object,0.00,1,0,2,0,1,0,0,1,30,2
"org.apache.lucene.queryparser.flexible.core.util.UnescapedCharSequence",12,0.50,1.92,73,0.86,36412.01,14,2,0,24,7,114.64,51,87,7,1,114.40,0.00,0.00,0.04,0,22.00,5,2578.70,0,5,0,java.lang.Object,0.00,12,0,23,0,12,7,1,9,568,2
"org.apache.lucene.index.codecs.appending.AppendingCodec",7,1.00,1.57,52,0.63,25855.65,8,1,23,26,26,161.28,11,95,1,2,111.28,0.00,0.50,0.14,0,12.00,3,1898.49,0,4,25,org.apache.lucene.index.codecs.Codec,0.00,19,1,11,0,19,3,0,1,389,1
"org.apache.lucene.index.codecs.appending.AppendingSegmentInfosReader",2,0.00,1.00,5,0.06,939.16,2,0,6,4,6,138.73,0,12,1,3,138.73,0.00,0.67,0.00,0,2.00,1,185.91,0,1,5,org.apache.lucene.index.codecs.DefaultSegmentInfosReader,0.00,2,2,2,0,2,1,0,0,48,1
"org.apache.lucene.index.codecs.appending.AppendingSegmentInfosWriter",3,0.00,1.00,6,0.07,1043.83,3,0,5,5,5,139.76,1,14,1,3,139.76,0.00,0.67,0.00,0,3.00,1,221.83,0,1,4,org.apache.lucene.index.codecs.DefaultSegmentInfosWriter,0.00,2,2,3,0,2,2,0,1,59,1
"org.apache.lucene.index.codecs.appending.AppendingTermsDictReader",3,0.00,1.00,9,0.16,2624.41,3,0,10,7,11,130.04,0,20,1,4,130.04,0.00,0.75,0.00,0,3.00,1,481.17,0,0,10,org.apache.lucene.index.codecs.BlockTermsReader,0.00,4,3,3,0,4,3,0,0,109,1
"org.apache.lucene.index.codecs.appending.AppendingTermsDictWriter",3,1.00,1.00,8,0.09,1116.67,4,1,7,5,8,139.53,0,16,2,3,139.53,0.00,0.67,0.33,0,5.00,1,270.66,0,0,6,org.apache.lucene.index.codecs.BlockTermsWriter,0.27,2,2,3,0,2,3,0,0,70,1
"org.apache.lucene.index.codecs.appending.AppendingTermsIndexReader",3,0.00,1.00,9,0.16,2913.89,3,0,9,7,9,129.68,0,18,1,3,129.68,0.00,0.67,0.00,0,3.00,1,479.09,0,0,8,org.apache.lucene.index.codecs.FixedGapTermsIndexReader,0.00,4,2,3,0,4,3,0,0,109,1
"org.apache.lucene.index.codecs.appending.AppendingTermsIndexWriter",3,0.17,1.00,10,0.10,1400.08,6,3,5,5,6,132.18,0,16,2,3,132.18,0.00,0.67,0.22,0,5.00,1,312.81,0,0,4,org.apache.lucene.index.codecs.FixedGapTermsIndexWriter,0.30,2,2,3,0,2,3,0,0,80,1
"org.apache.lucene.index.codecs.appending.TestAppendingCodec",1,0.00,1.00,44,0.87,29588.20,2,1,28,37,23,74.49,0,47,0,2,74.49,0.00,0.50,1.00,0,0.00,1,2613.26,0,0,23,org.apache.lucene.util.LuceneTestCase,0.00,36,1,1,0,36,1,0,0,414,1
"org.apache.lucene.index.codecs.appending.TestAppendingCodec$AppendingCodecProvider",4,0.00,1.00,12,0.09,1043.17,7,3,28,7,7,134.17,0,20,0,2,134.17,0.00,0.50,0.33,0,8.00,1,283.07,1,3,7,org.apache.lucene.index.codecs.CodecProvider,0.19,3,1,4,0,3,1,0,0,76,1
"org.apache.lucene.index.codecs.appending.TestAppendingCodec$AppendingIndexOutputWrapper",8,0.29,1.00,18,0.18,2778.21,9,1,28,15,1,139.76,0,34,0,3,139.76,0.00,0.67,0.75,0,0.00,1,537.87,0,0,1,org.apache.lucene.store.IndexOutput,0.84,7,2,8,0,7,8,0,0,145,2
"org.apache.lucene.index.codecs.appending.TestAppendingCodec$SuppressWarnings",2,0.00,1.00,5,0.06,917.40,2,0,28,3,4,138.81,0,10,0,3,138.81,0.00,0.67,0.00,0,2.00,1,187.44,1,1,4,org.apache.lucene.store.MockDirectoryWrapper,0.00,1,2,2,0,1,1,0,0,49,2
"org.apache.lucene.queryparser.flexible.spans.SpanOrQueryNodeBuilder",1,0.00,2.00,10,0.13,4739.70,1,0,8,5,8,62.30,7,13,1,1,104.59,0.00,0.00,0.00,0,1.00,2,384.82,0,1,7,java.lang.Object,0.00,4,0,2,0,4,0,1,2,78,1
"org.apache.lucene.queryparser.flexible.spans.SpanTermQueryNodeBuilder",1,0.00,1.00,4,0.05,948.57,1,0,6,5,7,125.33,4,7,1,1,125.10,0.00,0.00,0.00,0,1.00,1,151.44,0,1,6,java.lang.Object,0.00,4,0,1,0,4,0,1,1,38,1
"org.apache.lucene.queryparser.flexible.spans.SpansQueryConfigHandler",2,1.00,1.00,5,0.05,788.09,3,1,3,3,6,139.57,8,9,3,3,139.33,0.00,0.67,0.00,0,2.00,1,142.17,0,1,3,org.apache.lucene.queryparser.flexible.core.config.QueryConfigHandler,0.00,1,2,2,0,1,1,0,3,38,1
"org.apache.lucene.queryparser.flexible.spans.SpansQueryTreeBuilder",2,0.00,1.00,6,0.06,908.13,2,0,7,4,11,114.41,10,11,2,2,132.28,0.00,0.50,0.00,0,2.00,1,187.45,2,1,9,org.apache.lucene.queryparser.flexible.core.builders.QueryTreeBuilder,0.00,2,1,2,0,2,1,1,1,51,1
"org.apache.lucene.queryparser.flexible.spans.SpansValidatorQueryNodeProcessor",3,0.00,1.33,9,0.13,4216.51,3,0,10,6,11,148.96,10,20,2,2,128.35,0.00,0.50,0.00,0,3.00,2,394.23,0,3,9,org.apache.lucene.queryparser.flexible.core.processors.QueryNodeProcessorImpl,0.00,3,1,4,0,3,0,0,1,92,1
"org.apache.lucene.queryparser.flexible.spans.TestSpanQueryParser",8,4.00,1.88,58,0.62,13168.26,12,4,12,25,15,65.90,70,87,0,2,114.00,0.00,0.50,0.00,1,8.00,8,1867.86,1,2,15,org.apache.lucene.util.LuceneTestCase,0.00,17,1,15,0,17,6,0,10,419,1
"org.apache.lucene.queryparser.flexible.spans.TestSpanQueryParserSimpleSample",1,0.00,3.00,16,0.23,5522.56,1,0,10,16,12,141.08,76,19,0,2,96.36,0.00,0.50,0.00,0,1.00,3,704.28,0,0,12,org.apache.lucene.util.LuceneTestCase,0.00,15,1,3,0,15,1,0,13,130,1
"org.apache.lucene.queryparser.flexible.spans.UniqueFieldAttribute",2,0.00,1.00,3,0.02,77.91,2,0,2,2,3,158.71,8,4,1,2,158.47,0.00,0.50,0.00,0,2.00,1,46.77,0,1,2,,0.00,0,1,2,0,0,1,0,1,18,1
"org.apache.lucene.queryparser.flexible.spans.UniqueFieldAttributeImpl",8,0.86,1.25,23,0.23,4685.15,9,1,2,13,4,187.92,8,43,1,2,137.93,0.00,0.50,0.25,2,16.00,2,681.70,0,2,3,org.apache.lucene.util.AttributeImpl,0.15,5,1,10,0,5,6,1,1,171,1
"org.apache.lucene.queryparser.flexible.spans.UniqueFieldQueryNodeProcessor",3,0.00,2.00,16,0.19,6265.13,3,0,6,7,8,139.24,10,29,2,2,118.62,0.00,0.50,0.00,0,3.00,4,564.92,1,3,6,org.apache.lucene.queryparser.flexible.core.processors.QueryNodeProcessorImpl,0.00,4,1,6,0,4,0,0,1,122,1
"org.apache.solr.common.ResourceLoader",3,0.00,1.00,4,0.04,294.58,3,0,3,3,48,137.44,16,6,48,1,155.31,0.00,0.00,0.00,0,3.00,1,109.74,0,3,0,,0.00,0,0,3,0,0,0,0,2,35,1
"org.apache.solr.common.SolrDocument",24,0.17,1.71,92,1.01,40947.83,25,1,9,48,62,167.51,63,142,61,1,127.63,0.00,0.00,0.83,3,0.00,7,3029.81,0,14,1,java.lang.Object,0.00,24,0,41,0,24,10,3,27,687,1
"org.apache.solr.common.SolrDocument$Map<String,Collection<Object>>",13,0.00,1.15,27,0.26,3519.59,13,0,9,15,0,140.58,3,17,0,1,140.58,0.00,0.00,0.00,0,28.00,3,785.14,0,7,0,java.lang.Object,0.00,2,0,15,0,2,6,0,3,214,0
"org.apache.solr.common.SolrDocument$Map<String,Object>",13,0.00,1.15,27,0.24,3026.80,13,0,9,15,0,141.10,3,17,0,1,141.10,0.00,0.00,0.00,0,28.00,3,706.70,0,7,0,java.lang.Object,0.00,2,0,15,0,2,6,0,3,196,0
"org.apache.solr.common.SolrDocumentList",7,0.06,1.14,18,0.17,2582.35,10,3,1,7,40,189.53,7,32,39,2,139.53,0.00,0.50,0.29,0,15.00,2,506.18,1,2,1,java.util.ArrayList,0.00,0,1,8,0,0,5,0,1,130,1
"org.apache.solr.common.SolrDocumentTest",5,0.00,4.20,140,2.08,126369.27,5,0,9,50,2,121.90,13,122,0,2,82.02,0.00,0.50,0.00,0,5.00,15,6253.21,0,0,2,org.apache.lucene.util.LuceneTestCase,0.00,45,1,21,0,45,5,0,12,1139,1
"org.apache.solr.common.SolrDocumentTest$Iterable",1,0.00,1.00,3,0.01,151.48,1,0,9,2,0,136.03,0,4,0,1,136.03,0.00,0.00,0.00,0,1.00,1,42.87,0,1,0,java.lang.Object,0.00,1,0,1,0,1,0,0,0,15,0
"org.apache.solr.common.SolrException",0,0.00,0.00,2,0.01,75.00,0,0,6,0,203,171.00,6,2,203,2,171.00,1.00,0.33,0.00,0,0.00,0,30.00,0,0,0,java.lang.RuntimeException,0.00,0,1,0,1,0,0,0,2,10,1
"org.apache.solr.common.SolrException$ErrorCode",2,0.67,7.00,76,1.08,147420.29,5,3,6,15,1,31.00,14,102,0,1,73.29,0.00,0.00,0.67,0,0.00,13,3247.26,1,1,1,java.lang.Object,0.00,13,0,14,0,13,1,0,5,535,1
"org.apache.solr.common.SolrInputDocument",26,0.08,1.23,68,0.63,10571.00,28,2,6,45,86,179.06,62,111,85,1,139.18,0.00,0.00,0.42,3,0.00,3,1903.57,0,8,1,java.lang.Object,0.00,19,0,32,1,19,18,3,18,493,1
"org.apache.solr.common.SolrInputField",13,0.03,2.15,74,0.72,33946.04,16,3,4,21,16,157.73,33,110,16,1,117.84,0.00,0.00,0.36,1,0.00,7,2165.67,0,6,0,java.lang.Object,0.00,8,0,28,0,8,7,2,17,475,1
"org.apache.solr.common.SolrInputField$Iterator<Object>",3,0.50,1.00,9,0.05,538.54,4,1,4,4,0,135.45,0,12,0,1,135.45,0.00,0.00,0.67,0,1.00,1,161.94,0,1,0,java.lang.Object,0.00,1,0,3,0,1,2,0,0,47,0
"org.apache.lucene.analysis.charfilter.BaseCharFilter",4,0.56,3.50,28,0.41,38944.13,7,3,2,5,6,157.78,7,47,3,4,107.78,1.00,0.43,0.75,0,0.00,8,1221.37,0,0,3,org.apache.lucene.analysis.charfilter.CharFilter,0.31,1,3,14,3,1,4,0,2,260,2
"org.apache.lucene.analysis.charfilter.CharFilter",8,0.14,1.00,18,0.17,2909.00,9,1,3,14,7,179.49,16,33,5,3,139.61,3.50,0.20,0.88,1,0.00,1,510.64,0,0,2,org.apache.lucene.analysis.CharStream,0.33,6,2,8,7,6,8,0,3,140,2
"org.apache.lucene.analysis.charfilter.HTMLStripCharFilter",31,0.05,4.71,399,5.99,284238.42,46,15,9,55,7,99.42,152,501,4,5,99.19,0.00,0.80,0.12,19,223.00,18,17959.94,1,0,3,org.apache.lucene.analysis.charfilter.BaseCharFilter,0.23,24,4,146,0,24,31,0,110,3042,1
"org.apache.lucene.analysis.charfilter.HTMLStripCharFilterTest",15,0.00,1.80,152,2.46,86858.36,15,0,10,39,2,153.93,25,188,0,2,103.93,0.00,0.50,0.00,3,15.00,3,7391.65,2,0,2,org.apache.lucene.util.LuceneTestCase,0.00,24,1,27,0,24,15,0,25,1362,1
"org.apache.lucene.analysis.charfilter.MappingCharFilter",8,0.03,3.75,79,0.96,64272.66,13,5,5,21,8,154.35,8,96,4,5,104.35,0.00,0.80,0.22,4,14.00,10,2884.18,2,0,4,org.apache.lucene.analysis.charfilter.BaseCharFilter,0.24,13,4,30,0,13,8,0,3,570,1
"org.apache.lucene.analysis.charfilter.NormalizeCharMap",1,3.00,5.00,22,0.28,15784.53,4,3,2,9,6,49.93,12,25,6,1,87.49,0.00,0.00,0.00,0,1.00,5,854.31,0,0,0,java.lang.Object,0.00,8,0,5,0,8,1,0,2,162,1
"org.apache.lucene.analysis.charfilter.TestCharFilter",4,0.00,1.00,15,0.22,2814.37,4,0,5,10,3,130.78,0,20,0,2,130.78,0.00,0.50,0.00,0,4.00,1,668.10,0,0,3,org.apache.lucene.util.LuceneTestCase,0.00,6,1,4,0,6,4,0,0,152,1
"org.apache.lucene.analysis.charfilter.TestCharFilter$CharFilter1",2,0.00,1.00,5,0.03,407.16,2,0,5,2,2,141.59,0,9,0,4,141.59,0.00,0.75,0.00,0,2.00,1,99.28,0,0,2,org.apache.lucene.analysis.charfilter.CharFilter,0.36,0,3,2,0,0,2,0,0,31,1
"org.apache.lucene.analysis.charfilter.TestCharFilter$CharFilter2",2,0.00,1.00,5,0.03,407.16,2,0,5,2,2,141.59,0,9,0,4,141.59,0.00,0.75,0.00,0,2.00,1,99.28,0,0,2,org.apache.lucene.analysis.charfilter.CharFilter,0.36,0,3,2,0,0,2,0,0,31,1
"org.apache.lucene.analysis.charfilter.TestMappingCharFilter",13,0.00,1.00,89,1.26,24436.61,14,1,6,22,7,156.08,29,93,0,3,116.19,0.00,0.67,1.00,0,0.00,1,3767.35,2,0,7,org.apache.lucene.analysis.BaseTokenStreamTestCase,0.00,9,2,13,0,9,13,0,29,760,1
"org.apache.lucene.facet.index.params.CategoryListParams",7,0.22,1.43,28,0.29,7126.62,10,3,14,17,37,76.30,75,43,27,1,124.77,0.00,0.00,0.14,1,18.00,4,870.31,0,3,12,java.lang.Object,0.00,10,0,10,0,10,4,1,15,207,1
"org.apache.lucene.facet.index.params.CategoryListParamsTest",3,0.00,1.00,23,0.33,10077.74,3,0,4,13,2,61.71,29,42,0,2,111.71,0.00,0.50,0.00,0,3.00,1,991.88,0,0,2,org.apache.lucene.util.LuceneTestCase,0.00,10,1,3,0,10,3,0,8,214,1
"org.apache.lucene.facet.index.params.DefaultFacetIndexingParams",14,0.06,2.21,74,0.73,39981.42,19,5,7,29,23,117.77,59,104,16,1,117.53,0.00,0.00,0.26,1,46.00,14,2198.44,0,5,7,java.lang.Object,0.00,15,0,31,2,15,9,1,10,483,1
"org.apache.lucene.facet.index.params.DefaultFacetIndexingParamsTest",3,0.00,2.00,50,0.95,36309.28,3,0,14,33,12,61.55,18,78,0,2,93.77,0.00,0.50,0.00,0,3.00,4,2851.05,0,0,12,org.apache.lucene.util.LuceneTestCase,0.00,30,1,6,0,30,3,0,3,492,1
"org.apache.lucene.facet.index.params.FacetIndexingParams",7,0.00,1.00,8,0.05,256.59,7,0,4,7,38,110.21,72,9,34,2,158.68,0.00,0.50,0.00,0,7.00,1,138.82,0,3,4,,0.00,0,1,7,0,0,4,0,10,51,1
"org.apache.lucene.facet.index.params.FacetParamsMissingPropertyException",1,0.00,1.00,3,0.02,172.28,1,0,1,1,1,174.89,21,5,0,3,135.59,0.00,0.67,0.00,0,1.00,1,63.94,0,0,1,org.apache.lucene.facet.FacetException,0.00,0,2,1,0,0,1,0,2,20,1
"org.apache.lucene.facet.index.params.PerDimensionIndexingParams",5,0.50,1.60,20,0.22,5473.53,6,1,4,13,7,80.37,59,31,4,2,124.50,1.00,0.33,0.60,0,2.00,3,656.26,1,0,3,org.apache.lucene.facet.index.params.DefaultFacetIndexingParams,0.11,8,1,8,1,8,5,0,9,156,1
"org.apache.lucene.facet.index.params.PerDimensionIndexingParamsTest",2,0.00,1.00,24,0.48,12892.11,2,0,9,23,7,52.64,16,46,0,2,100.75,0.00,0.50,0.00,0,2.00,1,1450.68,0,0,7,org.apache.lucene.util.LuceneTestCase,0.00,21,1,2,0,21,2,0,1,259,1
"org.apache.lucene.analysis.cn.Deprecated",4,0.00,1.25,34,0.45,9348.53,4,0,7,13,3,92.86,20,52,0,3,110.73,0.00,0.67,0.00,0,4.00,2,1350.05,2,0,3,org.apache.lucene.analysis.BaseTokenStreamTestCase,0.00,9,2,5,0,9,4,0,6,279,1
"org.apache.lucene.analysis.cn.Deprecated$JustChineseFilterAnalyzer",1,0.00,1.00,4,0.05,947.95,1,0,7,4,2,125.10,0,7,0,2,125.10,0.00,0.50,0.00,0,1.00,1,162.67,0,1,2,org.apache.lucene.analysis.core.Analyzer,0.00,3,1,1,0,3,0,0,0,39,1
"org.apache.lucene.analysis.cn.Deprecated$JustChineseTokenizerAnalyzer",1,0.00,1.00,3,0.03,425.86,1,0,7,3,0,132.50,0,6,0,2,132.50,0.00,0.50,0.00,0,1.00,1,97.55,0,1,0,org.apache.lucene.analysis.core.Analyzer,0.00,2,1,1,0,2,0,0,0,27,1
"org.apache.lucene.analysis.reverse.ReverseStringFilter",8,0.05,2.62,92,1.16,125874.06,16,8,5,17,5,54.76,89,112,2,4,98.88,0.00,0.75,0.08,2,16.00,10,3490.39,0,1,3,org.apache.lucene.analysis.TokenFilter,0.20,9,3,21,0,9,7,0,19,669,2
"org.apache.lucene.analysis.reverse.TestReverseStringFilter",7,0.00,1.00,41,0.59,14309.57,7,0,5,15,4,158.74,16,53,0,3,118.86,0.00,0.67,0.00,0,7.00,1,1777.73,1,0,4,org.apache.lucene.analysis.BaseTokenStreamTestCase,0.00,8,2,7,0,8,7,0,13,376,1
"org.apache.lucene.benchmark.byTask.stats.Points",7,0.06,1.00,21,0.18,3194.21,10,3,4,13,4,132.50,29,29,2,1,132.26,0.00,0.00,0.29,0,21.00,1,551.54,0,1,3,java.lang.Object,0.00,6,0,7,0,6,6,0,12,141,1
"org.apache.lucene.benchmark.byTask.stats.Report",5,0.06,1.00,18,0.11,1595.94,9,4,0,5,7,101.26,31,24,7,1,133.48,0.00,0.00,0.20,0,17.00,1,319.10,0,1,0,java.lang.Object,0.00,0,0,5,0,0,4,0,6,92,1
"org.apache.lucene.benchmark.byTask.stats.TaskStats",17,0.07,1.47,85,0.79,23473.91,29,12,1,32,10,140.73,66,110,10,1,120.11,0.00,0.00,0.15,0,161.00,6,2358.68,1,3,1,java.lang.Object,0.00,15,0,25,0,15,14,1,26,526,1
"org.apache.lucene.facet.enhancements.CategoryEnhancement",6,0.00,1.00,7,0.05,241.93,6,0,7,6,16,157.89,98,10,10,1,158.36,0.00,0.00,0.00,0,6.00,1,143.94,0,4,7,,0.00,0,0,6,0,0,2,0,8,50,1
"org.apache.lucene.facet.enhancements.CategoryEnhancementDummy1",8,0.00,1.12,19,0.13,1501.93,8,0,7,8,9,181.73,16,33,2,1,141.84,0.00,0.00,0.00,0,8.00,2,396.51,1,4,7,java.lang.Object,0.00,0,0,9,0,0,4,1,1,111,1
"org.apache.lucene.facet.enhancements.CategoryEnhancementDummy2",8,0.86,1.25,24,0.22,4685.92,9,1,8,10,10,171.24,16,40,2,1,131.36,0.00,0.00,0.25,0,16.00,2,656.14,1,4,8,java.lang.Object,0.00,2,0,10,0,2,4,1,1,163,1
"org.apache.lucene.facet.enhancements.CategoryEnhancementDummy3",8,0.86,1.25,24,0.22,4687.56,9,1,7,10,8,171.24,16,40,1,1,131.35,0.00,0.00,0.25,0,16.00,2,657.55,1,4,7,java.lang.Object,0.00,2,0,10,0,2,4,1,1,163,1
"org.apache.lucene.facet.enhancements.EnhancementsCategoryTokenizer",2,1.50,5.00,42,0.56,49422.33,6,4,6,10,6,135.99,48,54,1,6,86.72,0.00,0.83,1.00,1,0.00,8,1670.02,0,0,5,org.apache.lucene.facet.index.streaming.CategoryTokenizer,0.32,8,5,10,0,8,2,0,13,310,1
"org.apache.lucene.facet.enhancements.EnhancementsDocumentBuilder",4,0.00,2.50,21,0.26,8587.77,4,0,11,10,14,70.37,32,39,5,2,118.48,0.00,0.50,0.00,0,0.00,5,783.29,2,3,10,org.apache.lucene.facet.index.CategoryDocumentBuilder,0.00,6,1,10,0,6,1,0,4,169,1
"org.apache.lucene.facet.enhancements.EnhancementsPayloadIterator",3,0.75,2.67,35,0.38,16553.42,7,4,7,9,7,92.11,45,40,2,2,102.46,0.00,0.50,0.75,0,0.00,4,1143.11,1,1,5,org.apache.lucene.facet.search.PayloadIterator,0.22,6,1,8,0,6,2,0,6,233,1
"org.apache.lucene.facet.enhancements.EnhancementsPayloadIteratorTest",5,0.56,1.20,48,0.70,13921.38,9,4,15,22,10,128.85,18,65,0,2,108.24,0.00,0.50,0.70,0,0.00,2,2114.42,0,0,10,org.apache.lucene.util.LuceneTestCase,0.00,17,1,6,0,17,5,0,3,407,1
"org.apache.lucene.facet.enhancements.TwoEnhancementsTest",2,0.00,1.00,48,0.98,31718.50,2,0,20,32,18,42.31,22,72,0,2,86.44,0.00,0.50,0.00,0,2.00,1,2930.60,0,0,18,org.apache.lucene.util.LuceneTestCase,0.00,30,1,2,0,30,2,0,7,474,1
"org.apache.solr.spelling.suggest.tst.TSTLookupFactory",1,0.00,1.00,3,0.03,292.54,1,0,5,2,6,154.40,3,6,1,2,133.78,0.00,0.50,0.00,0,1.00,1,81.93,0,1,5,org.apache.solr.spelling.suggest.LookupFactory,0.00,1,1,1,0,1,0,0,1,23,1
"org.apache.lucene.benchmark.byTask.utils.Algorithm",7,0.00,8.00,187,2.99,423759.94,9,2,9,60,7,47.86,43,242,2,1,80.08,0.00,0.00,0.50,2,0.00,42,8981.89,0,4,5,java.lang.Object,0.00,53,0,56,0,53,3,0,26,1362,1
"org.apache.lucene.benchmark.byTask.utils.Config",17,0.12,3.53,247,3.75,263511.74,24,7,10,69,37,62.74,111,280,36,1,94.96,0.00,0.00,0.26,1,36.00,7,11245.73,0,5,1,java.lang.Object,0.00,52,0,60,0,52,12,0,38,2086,1
"org.apache.lucene.benchmark.byTask.utils.FileUtils",1,0.00,7.00,16,0.17,10646.93,1,0,2,5,1,45.45,10,20,1,1,93.92,0.00,0.00,0.00,0,1.00,7,505.54,0,0,0,java.lang.Object,0.00,4,0,7,0,4,1,0,2,101,1
"org.apache.lucene.benchmark.byTask.utils.Format",7,0.33,1.00,31,0.48,13114.48,9,2,1,12,3,104.90,35,44,3,1,122.77,0.00,0.00,0.79,0,0.00,1,1442.31,0,7,0,java.lang.Object,0.00,5,0,7,0,5,0,0,6,337,1
"org.apache.lucene.benchmark.byTask.utils.StreamUtils",0,0.00,0.00,3,0.02,334.04,1,1,13,0,7,171.00,6,3,7,1,171.00,0.00,0.00,0.00,0,0.00,0,74.23,0,0,0,java.lang.Object,0.00,0,0,0,0,0,0,0,4,19,1
"org.apache.lucene.benchmark.byTask.utils.StreamUtils$Type",3,0.00,3.00,36,0.62,41765.46,5,2,13,23,0,65.64,19,51,0,1,97.86,0.00,0.00,0.50,0,1.00,5,1847.84,0,2,0,java.lang.Object,0.00,20,0,9,0,20,1,0,11,324,1
"org.apache.lucene.benchmark.byTask.utils.StreamUtilsTest",14,0.19,1.00,73,0.78,14259.08,16,2,17,35,3,121.24,0,96,0,3,121.24,0.00,0.67,0.32,6,38.00,1,2334.69,3,4,3,org.apache.lucene.benchmark.BenchmarkTestCase,0.00,21,2,14,0,21,10,0,0,538,1
"org.apache.lucene.benchmark.byTask.utils.StringBuilderReader",11,0.20,1.64,61,0.62,26034.45,15,4,2,19,1,138.86,43,95,1,2,118.24,0.00,0.50,0.43,2,0.00,4,1865.69,0,0,0,java.io.Reader,0.00,8,1,18,0,8,11,0,9,405,1
"org.apache.lucene.benchmark.byTask.utils.TestConfig",1,0.00,1.00,8,0.10,2496.91,1,0,3,6,1,110.56,0,11,0,2,110.56,0.00,0.50,0.00,0,1.00,1,289.50,0,0,1,org.apache.lucene.util.LuceneTestCase,0.00,5,1,1,0,5,1,0,0,65,1
"org.apache.lucene.analysis.ca.CatalanAnalyzer",5,0.50,1.80,21,0.29,7141.30,7,2,16,16,13,75.46,42,31,1,3,123.56,0.00,0.67,0.10,0,8.00,3,866.52,0,2,12,org.apache.lucene.analysis.util.StopwordAnalyzerBase,0.00,11,2,9,0,11,3,0,8,192,2
"org.apache.lucene.analysis.ca.CatalanAnalyzer$DefaultSetHolder",0,0.00,0.00,6,0.05,853.95,1,1,16,0,1,171.00,2,11,0,1,171.00,0.00,0.00,0.00,0,0.00,0,164.39,0,0,1,java.lang.Object,0.00,0,0,0,0,0,0,0,2,40,2
"org.apache.lucene.analysis.ca.TestCatalanAnalyzer",4,0.00,1.00,16,0.17,3088.17,4,0,5,8,3,175.80,7,22,0,3,125.80,0.00,0.67,0.00,0,4.00,1,522.25,3,0,3,org.apache.lucene.analysis.BaseTokenStreamTestCase,0.00,4,2,4,0,4,4,0,6,121,1
"org.apache.lucene.facet.util.MultiCategoryListIterator",4,0.11,2.50,28,0.27,7245.95,7,3,4,13,1,71.32,31,37,0,1,113.61,0.00,0.00,0.25,0,6.00,3,819.49,0,0,1,java.lang.Object,0.00,9,0,10,0,9,4,1,6,189,1
"org.apache.lucene.facet.util.PartitionsUtils",8,0.00,1.12,21,0.27,5381.65,8,0,4,14,11,105.25,51,37,8,1,137.48,0.00,0.00,0.00,4,8.00,2,811.68,0,2,4,java.lang.Object,0.00,6,0,9,0,6,6,0,11,200,2
"org.apache.lucene.facet.util.ResultSortUtils",1,0.00,5.00,20,0.30,12831.06,1,0,8,10,5,121.65,31,32,1,1,89.75,0.00,0.00,0.00,0,1.00,5,909.11,0,1,4,java.lang.Object,0.00,9,0,5,0,9,0,0,4,184,1
"org.apache.lucene.facet.util.ResultSortUtils$AllValueHeap",7,0.00,1.29,25,0.20,3423.91,10,3,8,15,2,131.97,0,35,0,1,131.97,0.00,0.00,0.33,0,0.00,2,586.31,0,4,2,java.lang.Object,0.00,8,0,9,0,8,3,1,0,153,2
"org.apache.lucene.facet.util.ResultSortUtils$AllValueHeap$Comparator<FacetResultNode>",1,0.00,3.00,8,0.09,2794.33,1,0,8,4,1,109.92,0,12,0,1,109.92,0.00,0.00,0.00,0,0.00,3,261.23,0,0,1,java.lang.Object,0.00,3,0,3,0,3,1,0,0,62,0
"org.apache.lucene.facet.util.ResultSortUtils$MaxOrdinalHeap",2,0.00,1.00,5,0.06,960.04,2,0,8,3,3,138.66,0,10,0,2,138.66,0.00,0.50,0.00,0,2.00,1,173.63,0,0,3,org.apache.lucene.util.PriorityQueue,0.00,1,1,2,0,1,2,1,0,48,2
"org.apache.lucene.facet.util.ResultSortUtils$MaxValueHeap",2,0.00,1.50,10,0.12,3285.96,2,0,8,5,3,119.51,0,15,0,2,119.51,0.00,0.50,0.00,0,2.00,2,369.07,0,0,3,org.apache.lucene.util.PriorityQueue,0.00,3,1,3,0,3,2,1,0,85,2
"org.apache.lucene.facet.util.ResultSortUtils$MinOrdinalHeap",2,0.00,1.00,5,0.06,960.04,2,0,8,3,3,138.66,0,10,0,2,138.66,0.00,0.50,0.00,0,2.00,1,173.63,0,0,3,org.apache.lucene.util.PriorityQueue,0.00,1,1,2,0,1,2,1,0,48,2
"org.apache.lucene.facet.util.ResultSortUtils$MinValueHeap",2,0.00,1.50,10,0.12,3285.96,2,0,8,5,3,119.51,0,15,0,2,119.51,0.00,0.50,0.00,0,2.00,2,369.07,0,0,3,org.apache.lucene.util.PriorityQueue,0.00,3,1,3,0,3,2,1,0,85,2
"org.apache.lucene.facet.util.ScoredDocIdsUtils",5,0.00,2.40,42,0.54,21666.86,5,0,11,24,15,79.09,67,58,6,1,108.47,0.00,0.00,0.00,2,5.00,4,1615.32,0,4,9,java.lang.Object,0.00,19,0,12,0,19,1,0,15,328,1
"org.apache.lucene.facet.util.ScoredDocIdsUtils$AllDocsScoredDocIDs",4,1.00,1.25,13,0.09,1444.80,5,1,11,9,4,133.01,1,20,0,1,133.01,0.00,0.00,0.25,1,6.00,2,266.71,0,2,4,java.lang.Object,0.00,5,0,5,0,5,2,1,1,72,2
"org.apache.lucene.facet.util.ScoredDocIdsUtils$AllDocsScoredDocIDs$DocIdSet_2",2,0.00,1.00,5,0.03,330.65,2,0,11,3,1,142.30,0,9,0,1,142.30,0.00,0.00,0.00,0,2.00,1,86.05,0,1,1,java.lang.Object,0.00,1,0,2,0,1,1,0,0,27,0
"org.apache.lucene.facet.util.ScoredDocIdsUtils$AllDocsScoredDocIDs$DocIdSet_2$DocIdSetIterator_3",3,0.00,2.00,10,0.11,2965.48,4,1,11,3,0,129.46,0,18,0,1,129.46,0.00,0.00,1.00,0,0.00,3,319.78,0,0,0,java.lang.Object,0.00,0,0,6,0,0,3,0,0,78,0
"org.apache.lucene.facet.util.ScoredDocIdsUtils$AllDocsScoredDocIDs$ScoredDocIDsIterator_4",3,0.00,1.33,9,0.06,650.74,3,0,11,5,1,134.74,1,14,0,1,134.74,0.00,0.00,0.00,0,3.00,2,172.79,0,0,1,java.lang.Object,0.00,2,0,4,0,2,3,0,1,48,0
"org.apache.lucene.facet.util.ScoredDocIdsUtils$AllLiveDocsScoredDocIDs",4,0.50,1.25,15,0.11,1696.51,6,2,11,10,4,132.46,1,22,0,1,132.46,0.00,0.00,0.12,1,6.00,2,318.90,0,2,4,java.lang.Object,0.00,6,0,5,0,6,2,1,1,86,3
"org.apache.lucene.facet.util.ScoredDocIdsUtils$AllLiveDocsScoredDocIDs$DocIdSet_5",2,0.00,1.00,5,0.03,330.65,2,0,11,3,1,142.30,0,9,0,1,142.30,0.00,0.00,0.00,0,2.00,1,86.05,0,1,1,java.lang.Object,0.00,1,0,2,0,1,1,0,0,27,0
"org.apache.lucene.facet.util.ScoredDocIdsUtils$AllLiveDocsScoredDocIDs$DocIdSet_5$DocIdSetIterator_6",3,0.25,1.67,14,0.15,4448.69,5,2,11,5,2,123.45,0,21,0,1,123.45,0.00,0.00,0.67,1,0.00,2,446.34,0,0,2,java.lang.Object,0.00,2,0,5,0,2,3,0,0,103,0
"org.apache.lucene.facet.util.ScoredDocIdsUtils$AllLiveDocsScoredDocIDs$ScoredDocIDsIterator_7",3,0.00,1.33,9,0.06,650.74,3,0,11,5,1,134.74,1,14,0,1,134.74,0.00,0.00,0.00,0,3.00,2,172.79,0,0,1,java.lang.Object,0.00,2,0,4,0,2,3,0,1,48,0
"org.apache.lucene.facet.util.ScoredDocIdsUtils$ScoredDocIDs",3,0.00,1.00,7,0.03,230.94,3,0,11,5,2,144.92,0,8,0,1,144.92,0.00,0.00,0.00,0,3.00,1,78.64,0,2,2,java.lang.Object,0.00,2,0,3,0,2,1,0,0,28,0
"org.apache.lucene.facet.util.ScoredDocIdsUtils$ScoredDocIDs$DocIdSet",2,0.00,1.00,5,0.03,330.65,2,0,11,3,1,142.30,0,7,0,1,142.30,0.00,0.00,0.00,0,2.00,1,86.05,0,1,1,java.lang.Object,0.00,1,0,2,0,1,1,0,0,27,0
"org.apache.lucene.facet.util.ScoredDocIdsUtils$ScoredDocIDs$DocIdSet$DocIdSetIterator",3,0.00,2.00,11,0.12,3409.48,4,1,11,3,0,128.98,0,19,0,1,128.98,0.00,0.00,1.00,0,0.00,3,359.37,0,0,0,java.lang.Object,0.00,0,0,6,0,0,3,0,0,86,0
"org.apache.lucene.facet.util.ScoredDocIdsUtils$ScoredDocIDs$ScoredDocIDsIterator",3,0.00,1.00,8,0.05,489.43,4,1,11,3,0,142.35,0,5,0,1,142.35,0.00,0.00,1.00,0,0.00,1,142.84,0,0,0,java.lang.Object,0.00,0,0,3,0,0,3,0,0,43,0
"org.apache.lucene.facet.util.ScoredDocIdsUtils$ScoredDocIDs_0",3,1.00,1.67,15,0.12,3089.92,4,1,11,8,4,121.08,1,19,0,1,121.08,0.00,0.00,0.33,0,4.00,3,368.03,0,2,4,java.lang.Object,0.00,5,0,5,0,5,1,0,1,88,0
"org.apache.lucene.facet.util.ScoredDocIdsUtils$ScoredDocIDs_0$ScoredDocIDsIterator_1",3,0.00,1.33,9,0.06,921.15,3,0,11,6,1,133.55,0,10,0,1,133.55,0.00,0.00,0.00,0,3.00,2,189.56,0,0,1,java.lang.Object,0.00,3,0,4,0,3,3,0,0,51,0
"org.apache.lucene.facet.util.TestScoredDocIDsUtils",5,0.00,2.00,87,1.46,66021.39,5,0,26,56,23,74.62,26,113,0,2,92.49,0.00,0.50,0.00,1,5.00,3,4392.08,0,2,23,org.apache.lucene.util.LuceneTestCase,0.00,51,1,10,0,51,3,0,9,737,1
"org.apache.lucene.facet.util.TestScoredDocIDsUtils$DocumentFactory",2,0.00,1.00,5,0.10,3209.93,2,0,26,2,0,174.41,4,13,0,1,134.53,0.00,0.00,0.00,0,2.00,1,287.07,0,0,0,java.lang.Object,0.00,0,0,2,0,0,2,0,4,69,0
"org.apache.lucene.facet.util.TestScoredDocIDsUtils$DocumentFactory_0",4,0.11,1.50,23,0.24,5245.82,10,6,26,11,4,120.28,2,30,0,1,120.28,0.00,0.00,0.08,2,6.00,3,729.48,0,1,4,java.lang.Object,0.00,7,0,6,0,7,3,0,2,165,2
"org.apache.lucene.facet.search.association.AssociationsFacetRequestTest",5,0.68,1.60,85,1.31,40925.14,12,7,29,44,24,76.31,27,100,0,2,94.18,0.00,0.50,0.69,0,0.00,3,3940.66,0,0,24,org.apache.lucene.util.LuceneTestCase,0.00,39,1,8,0,39,5,0,12,704,1
"org.apache.lucene.facet.FacetException",4,0.00,1.00,10,0.05,359.54,4,0,1,5,5,126.51,21,15,5,2,144.39,1.00,0.33,0.00,0,4.00,1,148.96,0,0,0,java.io.IOException,0.00,1,1,4,1,1,4,0,2,49,1
"org.apache.lucene.facet.FacetTestBase",20,0.03,1.75,140,1.92,65147.50,28,8,44,90,33,132.30,67,178,0,2,111.68,10.00,0.08,0.09,8,130.00,6,5748.17,0,10,33,org.apache.lucene.util.LuceneTestCase,0.00,70,1,35,10,70,10,0,40,1111,2
"org.apache.lucene.facet.FacetTestBase$DefaultFacetIndexingParams",1,0.00,1.00,3,0.01,149.03,1,0,44,1,0,136.09,0,5,0,1,136.09,0.00,0.00,0.00,0,1.00,1,44.54,0,0,0,java.lang.Object,0.00,0,0,1,0,0,1,0,0,15,0
"org.apache.lucene.facet.FacetTestBase$NotSameResultError",1,0.00,1.00,3,0.01,94.05,1,0,44,1,0,137.66,0,5,0,2,137.66,0.00,0.50,0.00,0,1.00,1,42.11,0,0,0,java.lang.Error,0.00,0,1,1,0,0,1,0,0,15,2
"org.apache.lucene.facet.FacetTestUtils",5,0.00,1.80,62,0.90,37985.32,5,0,31,38,30,120.66,16,73,3,1,100.05,0.00,0.00,0.00,0,5.00,2,2704.77,0,2,27,java.lang.Object,0.00,33,0,9,0,33,3,0,1,515,1
"org.apache.lucene.facet.FacetTestUtils$IndexTaxonomyReaderPair",1,0.00,1.00,8,0.05,534.16,4,3,31,4,3,115.83,0,10,0,1,115.83,0.00,0.00,1.00,0,0.00,1,150.57,0,0,3,java.lang.Object,0.00,3,0,1,0,3,1,0,0,42,2
"org.apache.lucene.facet.FacetTestUtils$IndexTaxonomyWriterPair",2,1.00,1.00,9,0.06,618.58,4,2,31,6,2,128.93,0,12,0,1,128.93,0.00,0.00,1.00,0,0.00,1,167.45,0,0,2,java.lang.Object,0.00,4,0,2,0,4,2,0,0,49,2
"org.apache.lucene.queryparser.flexible.core.builders.QueryBuilder",1,0.00,1.00,2,0.01,51.00,1,0,2,1,6,172.56,32,3,4,1,146.32,0.00,0.00,0.00,0,1.00,1,34.00,0,1,2,,0.00,0,0,1,0,0,0,0,3,13,1
"org.apache.lucene.queryparser.flexible.core.builders.QueryTreeBuilder",8,0.29,3.62,56,0.77,38123.12,11,3,8,27,22,77.99,55,84,15,1,110.22,0.00,0.00,0.08,3,16.00,10,2301.69,0,3,7,java.lang.Object,0.00,19,0,29,2,19,5,1,7,468,1
"org.apache.lucene.queryparser.flexible.core.builders.TestQueryTreeBuilder",1,0.00,1.00,7,0.10,1667.17,1,0,7,8,5,114.10,0,10,0,2,114.10,0.00,0.50,0.00,0,1.00,1,290.15,0,0,5,org.apache.lucene.util.LuceneTestCase,0.00,7,1,1,0,7,1,0,0,64,1
"org.apache.lucene.queryparser.flexible.core.builders.TestQueryTreeBuilder$DummyBuilder",1,0.00,1.00,3,0.02,178.19,1,0,7,1,3,135.48,0,5,0,1,135.48,0.00,0.00,0.00,0,1.00,1,62.67,0,1,3,java.lang.Object,0.00,0,0,1,0,0,0,1,0,19,2
"org.apache.lucene.queryparser.flexible.core.parser.EscapeQuerySyntax",1,0.00,1.00,3,0.02,77.59,1,0,1,1,27,108.94,13,4,27,1,138.32,0.00,0.00,0.00,0,1.00,1,52.38,0,1,0,,0.00,0,0,1,0,0,0,0,2,18,1
"org.apache.lucene.queryparser.flexible.core.parser.EscapeQuerySyntax$Type",0,0.00,0.00,2,0.01,39.30,0,0,1,0,0,171.00,0,3,0,1,171.00,0.00,0.00,0.00,0,0.00,0,19.65,0,0,0,java.lang.Object,0.00,0,0,0,0,0,0,0,0,7,1
"org.apache.lucene.queryparser.flexible.core.parser.SyntaxParser",1,0.00,1.00,2,0.01,97.26,1,0,2,1,8,95.64,10,4,7,1,144.12,0.00,0.00,0.00,0,1.00,1,44.54,0,1,2,,0.00,0,0,1,0,0,0,0,2,15,1
"org.apache.lucene.index.codecs.simpletext.SimpleTextCodec",8,0.86,1.00,20,0.24,3964.20,9,1,15,16,22,188.55,10,35,9,2,138.55,0.00,0.50,0.25,1,16.00,1,716.68,0,5,15,org.apache.lucene.index.codecs.Codec,0.00,8,1,8,0,8,3,0,3,178,1
"org.apache.lucene.index.codecs.simpletext.SimpleTextFieldsReader",5,0.02,2.40,52,0.70,26159.74,17,12,25,17,27,104.21,0,67,6,3,104.21,0.00,0.67,0.10,1,13.00,5,2086.78,0,2,22,org.apache.lucene.index.codecs.FieldsProducer,0.75,12,2,12,0,12,3,0,0,408,0
"org.apache.lucene.index.codecs.simpletext.SimpleTextFieldsReader$SimpleTextDocsAndPositionsEnum",10,0.10,2.00,81,1.11,66660.49,21,11,25,23,8,107.04,5,107,0,4,107.04,0.00,0.75,0.18,0,50.00,8,3317.44,0,2,8,org.apache.lucene.index.DocsAndPositionsEnum,1.22,13,3,20,0,13,8,0,5,633,1
"org.apache.lucene.index.codecs.simpletext.SimpleTextFieldsReader$SimpleTextDocsEnum",7,0.15,2.71,60,0.80,51812.12,15,8,25,18,8,106.61,3,80,0,3,106.61,0.00,0.67,0.25,0,5.00,11,2411.96,0,1,8,org.apache.lucene.index.DocsEnum,0.80,11,2,19,0,11,6,0,3,458,1
"org.apache.lucene.index.codecs.simpletext.SimpleTextFieldsReader$SimpleTextFieldsEnum",3,0.17,2.00,16,0.20,5334.86,6,3,25,11,5,119.17,0,25,0,2,119.17,0.00,0.50,0.44,0,1.00,4,607.87,0,2,5,org.apache.lucene.index.FieldsEnum,0.67,8,1,6,0,8,1,0,0,136,1
"org.apache.lucene.index.codecs.simpletext.SimpleTextFieldsReader$SimpleTextTerms",8,0.13,2.25,70,1.23,91136.19,17,9,25,31,12,105.18,7,98,0,2,105.18,0.00,0.50,0.22,1,18.00,9,3688.38,0,2,12,org.apache.lucene.index.Terms,0.52,23,1,18,0,23,6,0,2,638,1
"org.apache.lucene.index.codecs.simpletext.SimpleTextFieldsReader$SimpleTextTermsEnum",12,0.13,1.67,77,1.18,46944.50,19,7,25,27,10,113.57,7,108,0,2,113.57,0.00,0.50,0.26,0,2.00,3,3535.58,0,5,10,org.apache.lucene.index.TermsEnum,0.52,15,1,20,0,15,7,0,7,707,1
"org.apache.lucene.index.codecs.simpletext.SimpleTextFieldsReader$TermData",1,2.00,1.00,6,0.04,510.61,3,2,25,1,0,120.65,0,8,0,1,120.65,0.00,0.00,0.00,0,1.00,1,118.21,0,0,0,java.lang.Object,0.00,0,0,1,0,0,1,0,0,34,1
"org.apache.lucene.index.codecs.simpletext.SimpleTextFieldsWriter",6,0.11,1.33,41,0.51,12444.32,17,11,12,14,11,115.79,0,50,2,2,115.79,0.00,0.50,0.18,2,0.00,3,1543.99,0,1,10,org.apache.lucene.index.codecs.FieldsConsumer,0.22,8,1,8,0,8,5,0,0,322,0
"org.apache.lucene.index.codecs.simpletext.SimpleTextFieldsWriter$SimpleTextPostingsWriter",5,0.08,1.60,33,0.29,7107.13,8,3,12,8,3,117.04,1,46,0,2,117.04,0.00,0.50,0.27,0,10.00,3,868.07,0,1,3,org.apache.lucene.index.codecs.PostingsConsumer,0.44,3,1,8,0,3,4,0,1,194,1
"org.apache.lucene.index.codecs.simpletext.SimpleTextFieldsWriter$SimpleTextTermsWriter",5,0.75,1.00,10,0.11,1401.10,6,1,12,8,5,140.50,0,20,0,2,140.50,0.00,0.50,0.40,0,7.00,1,338.28,0,2,5,org.apache.lucene.index.codecs.TermsConsumer,0.40,3,1,5,0,3,3,0,0,91,1
"org.apache.lucene.facet.search.aggregator.Aggregator",2,0.00,1.00,3,0.02,80.34,2,0,1,2,14,184.65,39,4,14,1,158.37,0.00,0.00,0.00,0,2.00,1,58.73,0,0,0,,0.00,0,0,2,0,0,2,0,4,21,1
"org.apache.lucene.facet.search.aggregator.ComplementCountingAggregator",2,0.00,1.00,6,0.05,1127.10,2,0,0,2,2,83.06,21,10,1,2,131.54,0.00,0.50,0.00,0,2.00,1,160.83,0,0,1,org.apache.lucene.facet.search.aggregator.CountingAggregator,0.00,0,1,2,0,0,2,0,2,43,1
"org.apache.lucene.facet.search.aggregator.CountingAggregator",5,0.75,1.40,15,0.16,3864.09,6,1,0,7,6,112.51,25,24,5,1,130.38,0.00,0.00,0.40,0,7.00,2,465.04,0,0,1,java.lang.Object,0.00,2,0,7,1,2,5,1,4,116,1
"org.apache.lucene.facet.search.aggregator.ScoringAggregator",5,0.08,1.40,18,0.18,4095.25,8,3,0,7,3,130.42,22,27,2,1,130.18,0.00,0.00,0.27,0,10.00,2,553.83,0,0,1,java.lang.Object,0.00,2,0,7,0,2,5,1,2,136,1
"org.apache.lucene.index.codecs.memory.MemoryCodec",1,1.00,1.00,5,0.04,458.92,2,1,42,1,37,142.10,18,6,2,2,123.97,0.00,0.50,0.00,0,1.00,1,114.46,0,0,35,org.apache.lucene.index.codecs.Codec,0.00,0,1,1,0,0,1,0,6,31,1
"org.apache.lucene.index.codecs.memory.MemoryCodec$TermsWriter",11,0.07,1.91,87,1.42,57612.18,21,10,42,51,23,110.04,0,116,0,2,110.04,0.00,0.50,0.16,0,39.00,5,4257.85,0,6,23,org.apache.lucene.index.codecs.TermsConsumer,0.25,40,1,21,0,40,5,0,0,792,3
"org.apache.lucene.index.codecs.memory.MemoryCodec$TermsWriter$FSTDocsAndPositionsEnum",10,0.20,3.00,103,1.31,80169.02,23,13,42,21,5,152.70,12,129,0,4,102.70,0.00,0.75,0.25,1,18.00,13,3944.45,0,2,5,org.apache.lucene.index.DocsAndPositionsEnum,1.22,11,3,30,0,11,8,0,12,730,3
"org.apache.lucene.index.codecs.memory.MemoryCodec$TermsWriter$FSTDocsEnum",7,0.17,3.14,70,0.89,56097.03,17,10,42,16,5,102.69,6,91,0,3,102.69,0.00,0.67,0.24,0,4.00,14,2669.39,0,1,5,org.apache.lucene.index.DocsEnum,0.80,9,2,22,0,9,6,0,6,507,3
"org.apache.lucene.index.codecs.memory.MemoryCodec$TermsWriter$FSTTermsEnum",13,0.18,2.62,93,1.36,51924.48,20,7,42,35,9,110.89,4,127,0,2,110.89,0.00,0.50,0.31,1,11.00,8,4086.65,0,5,9,org.apache.lucene.index.TermsEnum,0.50,22,1,34,0,22,8,0,4,791,3
"org.apache.lucene.index.codecs.memory.MemoryCodec$TermsWriter$FieldsConsumer",2,0.00,1.50,8,0.08,1606.20,2,0,42,4,2,125.57,1,14,0,1,125.57,0.00,0.00,0.00,0,0.00,2,250.70,0,1,2,java.lang.Object,0.00,2,0,3,0,2,1,0,1,61,0
"org.apache.lucene.index.codecs.memory.MemoryCodec$TermsWriter$FieldsProducer",3,0.00,1.33,10,0.09,1583.81,3,0,42,7,2,131.70,1,16,0,1,131.70,0.00,0.00,0.00,0,3.00,2,279.00,0,2,2,java.lang.Object,0.00,4,0,4,0,4,1,0,1,70,0
"org.apache.lucene.index.codecs.memory.MemoryCodec$TermsWriter$FieldsProducer$FieldsEnum",2,0.00,1.00,7,0.05,668.28,3,1,42,4,1,133.33,0,10,0,1,133.33,0.00,0.00,1.00,0,0.00,1,149.49,0,2,1,java.lang.Object,0.00,2,0,2,0,2,0,0,0,42,0
"org.apache.lucene.index.codecs.memory.MemoryCodec$TermsWriter$PostingsWriter",4,0.47,3.00,46,0.57,35699.69,9,5,42,9,3,100.79,1,58,0,2,100.79,0.00,0.50,0.55,0,0.00,6,1698.24,0,1,3,org.apache.lucene.index.codecs.PostingsConsumer,0.50,5,1,12,0,5,3,0,1,323,1
"org.apache.lucene.index.codecs.memory.MemoryCodec$TermsWriter$TermsReader",6,0.17,1.17,27,0.30,7233.87,12,6,42,13,8,124.24,0,41,0,2,124.24,0.00,0.50,0.31,0,10.00,2,891.32,0,2,8,org.apache.lucene.index.Terms,0.48,7,1,7,0,7,4,0,0,196,3
"org.apache.lucene.analysis.br.BrazilianAnalyzer",5,0.38,1.80,20,0.28,7279.00,7,2,17,16,14,73.50,48,31,1,3,123.50,0.00,0.67,0.20,0,7.00,3,850.14,0,2,13,org.apache.lucene.analysis.util.StopwordAnalyzerBase,0.00,11,2,9,0,11,3,0,8,187,2
"org.apache.lucene.analysis.br.BrazilianAnalyzer$DefaultSetHolder",0,0.00,0.00,6,0.08,1273.74,1,1,17,0,3,171.00,2,12,0,1,171.00,0.00,0.00,0.00,0,0.00,0,228.81,0,0,3,java.lang.Object,0.00,0,0,0,0,0,0,0,2,52,2
"org.apache.lucene.analysis.br.BrazilianStemFilter",2,0.50,2.50,16,0.24,8239.60,6,4,7,11,9,60.16,20,23,3,4,108.64,0.00,0.75,0.50,0,2.00,4,719.57,0,0,6,org.apache.lucene.analysis.TokenFilter,0.29,9,3,5,0,9,2,0,5,146,2
"org.apache.lucene.analysis.br.BrazilianStemmer",19,0.04,12.63,670,9.09,931830.14,24,5,0,26,1,25.88,174,761,1,1,75.88,0.00,0.00,0.24,9,43.00,122,27280.09,0,7,0,java.lang.Object,0.00,7,0,240,0,7,12,0,56,4424,1
"org.apache.lucene.analysis.br.TestBrazilianStemmer",8,0.00,1.00,109,1.26,19294.11,8,0,8,16,7,123.43,28,120,0,3,102.81,0.00,0.67,0.00,2,8.00,1,3790.51,4,0,7,org.apache.lucene.analysis.BaseTokenStreamTestCase,0.00,8,2,8,0,8,8,0,23,628,1
"org.apache.solr.handler.component.DebugComponent",11,0.50,4.64,133,2.25,208206.15,13,2,10,65,13,146.71,16,184,3,2,96.71,0.00,0.50,0.05,1,20.00,19,6753.82,0,6,10,org.apache.solr.handler.component.SearchComponent,0.62,54,1,51,0,54,5,0,11,1170,1
"org.apache.solr.handler.component.DebugComponentTest",3,0.00,1.00,15,0.36,8032.72,3,0,4,3,2,75.64,22,98,0,3,117.93,0.00,0.67,0.00,0,3.00,1,1076.59,6,0,2,org.apache.solr.SolrTestCaseJ4,0.00,0,2,3,0,0,3,0,19,211,1
"org.apache.solr.handler.component.DistributedSpellCheckComponentTest",5,0.75,1.40,61,1.17,44708.91,6,1,3,18,4,139.44,12,72,0,4,99.55,0.00,0.75,0.40,1,13.00,2,3507.95,6,0,4,org.apache.solr.BaseDistributedSearchTestCase,0.12,13,3,7,0,13,5,0,6,590,1
"org.apache.solr.handler.component.DistributedTermsComponentTest",1,0.00,1.00,21,0.39,13316.24,1,0,1,3,1,56.98,6,24,0,4,89.20,0.00,0.75,0.00,0,0.00,1,1166.49,4,0,1,org.apache.solr.BaseDistributedSearchTestCase,0.04,2,3,1,0,2,1,0,1,206,1
"org.apache.solr.handler.component.DummyCustomParamSpellChecker",3,0.00,1.33,12,0.18,5543.15,3,0,9,10,6,80.46,21,20,0,2,122.75,0.00,0.50,0.00,0,3.00,2,549.66,0,1,6,org.apache.solr.spelling.SolrSpellChecker,0.00,7,1,4,0,7,2,0,3,116,1
"org.apache.solr.handler.component.FacetComponent",16,0.20,6.19,318,5.88,684275.92,20,4,16,85,21,44.12,112,395,4,2,86.41,0.00,0.50,0.06,2,54.00,31,17652.45,0,7,17,org.apache.solr.handler.component.SearchComponent,0.32,69,1,99,0,69,9,0,92,2741,1
"org.apache.solr.handler.component.FacetComponent$DistribFieldFacet",5,0.20,2.20,57,0.71,40832.75,15,10,16,21,3,121.78,15,64,0,2,101.17,0.00,0.50,0.26,0,0.00,7,2142.74,0,0,3,org.apache.solr.handler.component.FieldFacet,0.00,16,1,11,0,16,5,0,15,410,2
"org.apache.solr.handler.component.FacetComponent$DistribFieldFacet$Comparator<ShardFacetCount>",1,0.00,1.00,3,0.03,398.03,1,0,16,2,0,132.73,0,4,0,1,132.73,0.00,0.00,0.00,0,1.00,1,93.66,0,0,0,java.lang.Object,0.00,1,0,1,0,1,1,0,0,27,0
"org.apache.solr.handler.component.FacetComponent$DistribFieldFacet$Comparator<ShardFacetCount>_0",1,0.00,3.00,4,0.07,2328.85,1,0,16,2,0,121.77,0,6,0,1,121.77,0.00,0.00,0.00,0,1.00,3,215.06,0,0,0,java.lang.Object,0.00,1,0,3,0,1,1,0,0,53,0
"org.apache.solr.handler.component.FacetComponent$FacetBase",3,0.20,2.00,23,0.25,8013.47,8,5,16,8,7,152.22,7,27,0,1,112.33,0.00,0.00,0.33,0,2.00,4,736.21,0,2,7,java.lang.Object,0.00,5,0,6,0,5,1,0,7,153,2
"org.apache.solr.handler.component.FacetComponent$FacetInfo",1,2.00,5.00,20,0.30,11848.32,5,4,16,9,4,90.02,0,26,0,1,90.02,0.00,0.00,0.50,0,0.00,5,894.26,0,0,4,java.lang.Object,0.00,8,0,5,0,8,1,0,0,181,2
"org.apache.solr.handler.component.FacetComponent$FieldFacet",2,0.11,3.50,30,0.51,22920.35,11,9,16,9,4,134.76,4,35,0,2,94.88,0.00,0.50,0.06,1,2.00,6,1542.31,0,0,4,org.apache.solr.handler.component.FacetBase,0.00,7,1,7,0,7,2,0,4,283,2
"org.apache.solr.handler.component.FacetComponent$QueryFacet",1,1.00,1.00,4,0.03,304.61,2,1,16,1,2,128.98,0,6,0,2,128.98,0.00,0.50,0.00,0,1.00,1,99.07,0,0,2,org.apache.solr.handler.component.FacetBase,0.00,0,1,1,0,0,1,0,0,28,2
"org.apache.solr.handler.component.FacetComponent$ShardFacetCount",1,1.00,1.00,7,0.06,622.13,5,4,16,1,0,157.36,2,10,0,1,117.47,0.00,0.00,0.75,0,0.00,1,186.52,0,1,0,java.lang.Object,0.00,0,0,1,0,0,0,0,2,48,2
"org.apache.solr.handler.component.FieldFacetStats",5,0.32,3.80,79,1.02,46097.51,15,10,7,22,6,135.49,12,91,2,1,95.60,0.00,0.00,0.36,0,0.00,5,3051.88,0,1,4,java.lang.Object,0.00,17,0,19,0,17,4,0,5,567,1
"org.apache.solr.handler.component.HighlightComponent",14,0.23,2.36,88,1.40,67827.82,17,3,19,57,25,162.76,17,128,8,2,112.76,0.00,0.50,0.12,0,38.00,10,4207.43,0,7,19,org.apache.solr.handler.component.SearchComponent,0.55,43,1,33,0,43,7,2,12,786,1
"org.apache.solr.handler.component.HttpShardHandler",7,0.17,5.29,121,2.06,143577.68,11,4,23,57,26,48.47,51,148,1,2,90.76,0.00,0.50,0.39,1,4.00,18,6193.55,0,1,26,org.apache.solr.handler.component.ShardHandler,0.55,50,1,37,0,50,6,0,44,1039,1
"org.apache.solr.handler.component.HttpShardHandler$Callable<ShardResponse>",1,0.00,5.00,31,0.51,27013.11,1,0,23,23,6,32.00,8,37,0,1,80.10,0.00,0.00,0.00,0,1.00,5,1529.95,0,0,6,java.lang.Object,0.00,22,0,5,0,22,1,0,8,248,0
"org.apache.solr.handler.component.HttpShardHandler$SimpleSolrResponse",3,0.00,1.00,9,0.08,1024.20,5,2,23,3,2,133.25,0,16,0,2,133.25,0.00,0.50,0.50,0,2.00,1,229.00,0,1,2,org.apache.solr.client.solrj.SolrResponse,0.67,0,1,3,0,0,2,0,0,61,2
"org.apache.solr.handler.component.HttpShardHandlerFactory",2,0.64,3.50,39,0.61,21029.82,13,11,16,21,8,42.86,21,53,2,2,91.34,0.00,0.50,0.41,0,2.00,6,1830.67,0,1,7,org.apache.solr.handler.component.ShardHandlerFactory,0.67,19,1,7,0,19,1,1,21,318,1
"org.apache.solr.handler.component.MoreLikeThisComponent",8,1.00,1.75,50,0.87,34413.16,9,1,12,33,15,163.23,11,78,3,2,113.23,0.00,0.50,0.00,1,8.00,6,2604.65,0,6,12,org.apache.solr.handler.component.SearchComponent,0.43,25,1,14,0,25,2,0,6,466,1
"org.apache.solr.handler.component.PivotFacetHelper",3,0.00,3.67,52,1.08,64243.77,3,0,22,33,17,43.87,140,63,1,1,90.70,0.00,0.00,0.00,1,3.00,5,3231.84,0,3,16,java.lang.Object,0.00,30,0,11,0,30,0,0,131,524,1
"org.apache.solr.handler.component.QueryComponent",24,0.29,6.42,557,11.24,1080450.23,27,3,55,313,82,65.26,140,707,7,2,83.13,0.00,0.50,0.06,13,86.00,29,33724.93,0,5,75,org.apache.solr.handler.component.SearchComponent,0.46,289,1,154,0,289,19,0,128,5065,1
"org.apache.solr.handler.component.QueryComponent$EndResultTransformer.SolrDocumentSource",1,0.00,1.00,4,0.04,495.97,1,0,55,2,3,127.32,0,5,0,1,127.32,0.00,0.00,0.00,0,1.00,1,117.70,0,1,3,java.lang.Object,0.00,1,0,1,0,1,0,0,0,31,0
"org.apache.solr.handler.component.QueryElevationComponent",13,0.04,4.15,198,3.62,254563.35,22,9,47,107,34,132.89,36,287,1,2,93.00,0.00,0.50,0.15,1,59.00,17,10861.15,0,8,33,org.apache.solr.handler.component.SearchComponent,0.50,94,1,54,0,94,5,1,28,1751,1
"org.apache.solr.handler.component.QueryElevationComponent$ElevationComparatorSource",2,1.00,1.00,6,0.08,1228.49,3,1,47,3,2,131.24,0,10,0,2,131.24,0.00,0.50,0.00,0,2.00,1,236.60,0,1,2,org.apache.solr.schema.FieldComparatorSource,0.00,1,1,2,0,1,1,0,0,57,0
"org.apache.solr.handler.component.QueryElevationComponent$ElevationComparatorSource$FieldComparator<Integer>",7,0.08,1.14,22,0.28,5386.48,11,4,47,11,2,130.44,1,35,0,1,130.44,0.00,0.00,0.32,1,10.00,2,853.97,0,2,2,java.lang.Object,0.00,4,0,8,0,4,5,0,1,201,0
"org.apache.solr.handler.component.QueryElevationComponent$ElevationObj",1,4.00,4.00,30,0.45,27569.51,7,6,47,14,6,130.61,1,34,0,1,80.61,0.00,0.00,0.33,0,0.00,4,1361.08,0,0,6,java.lang.Object,0.00,13,0,4,0,13,1,0,1,241,0
"org.apache.solr.handler.component.QueryElevationComponentTest",6,0.00,1.17,132,2.40,104338.63,6,0,20,43,11,127.38,14,192,0,3,87.50,0.00,0.67,0.00,1,2.00,2,7187.60,8,0,11,org.apache.solr.SolrTestCaseJ4,0.05,37,2,7,0,37,6,0,14,1183,1
"org.apache.solr.handler.component.RealTimeGetComponent",9,1.00,3.56,104,1.68,169214.63,10,1,25,62,25,138.09,19,144,2,2,98.20,0.00,0.50,0.11,1,16.00,19,5029.37,0,7,23,org.apache.solr.handler.component.SearchComponent,0.58,53,1,32,0,53,2,0,14,812,1
"org.apache.solr.handler.component.ResponseBuilder",43,0.01,1.23,173,2.09,68554.14,96,53,23,69,61,173.27,51,228,41,1,123.27,0.00,0.00,0.01,6,1004.00,4,6265.40,0,11,23,java.lang.Object,0.00,26,0,53,0,26,32,0,27,1235,1
"org.apache.solr.handler.component.ResponseBuilder$GlobalCollectionStat",1,2.00,1.00,6,0.06,952.18,3,2,23,1,0,118.52,0,8,0,1,118.52,0.00,0.00,0.00,0,1.00,1,178.04,0,0,0,java.lang.Object,0.00,0,0,1,0,0,1,0,0,45,2
"org.apache.solr.handler.component.SearchComponent",15,0.00,1.00,22,0.16,1379.76,15,0,6,18,29,195.42,32,34,24,1,155.54,0.00,0.00,0.00,0,15.00,1,468.80,0,7,6,java.lang.Object,0.00,3,0,15,12,3,8,2,11,148,2
"org.apache.solr.handler.component.SearchHandler",9,0.04,5.11,169,2.66,228117.95,16,7,17,69,32,89.36,43,216,5,2,89.12,2.00,0.25,0.17,1,13.00,26,7992.50,0,6,27,org.apache.solr.handler.RequestHandlerBase,0.38,60,1,46,2,60,3,2,35,1259,1
"org.apache.solr.handler.component.SearchHandlerTest",2,0.00,1.00,42,0.78,64254.15,2,0,7,18,8,106.80,7,54,0,3,86.19,0.00,0.67,0.00,0,2.00,1,2345.20,1,0,8,org.apache.solr.SolrTestCaseJ4,0.00,16,2,2,0,16,2,0,7,420,1
"org.apache.solr.handler.component.ShardDoc",5,0.11,2.00,24,0.30,8185.74,12,7,11,8,24,162.96,14,38,18,3,123.07,0.00,0.67,0.23,0,2.00,5,890.49,0,1,6,org.apache.lucene.search.FieldDoc,0.25,3,2,10,0,3,4,0,14,202,1
"org.apache.solr.handler.component.ShardFieldSortedHitQueue",7,0.17,2.71,61,0.81,52887.00,10,3,11,21,8,127.16,24,82,1,2,106.54,0.00,0.50,0.19,0,13.00,6,2430.91,0,5,7,org.apache.lucene.util.PriorityQueue,0.00,14,1,19,0,14,2,0,24,477,0
"org.apache.solr.handler.component.ShardFieldSortedHitQueue$Comparator",1,0.00,3.00,9,0.10,3634.02,1,0,11,1,1,107.11,0,12,0,1,107.11,0.00,0.00,0.00,0,1.00,3,299.43,0,0,1,java.lang.Object,0.00,0,0,3,0,0,1,0,0,66,0
"org.apache.solr.handler.component.ShardFieldSortedHitQueue$ShardComparator",3,0.25,1.67,19,0.17,3919.36,5,2,11,7,1,117.32,0,22,0,1,117.32,0.00,0.00,0.33,0,5.00,3,521.29,0,1,1,java.lang.Object,0.00,4,0,5,0,4,2,1,0,123,0
"org.apache.solr.handler.component.ShardFieldSortedHitQueue$ShardComparator_0",1,0.00,4.00,10,0.13,5229.74,1,0,11,3,1,104.10,0,15,0,1,104.10,0.00,0.00,0.00,0,1.00,4,400.25,0,0,1,java.lang.Object,0.00,2,0,4,0,2,1,0,0,85,0
"org.apache.solr.handler.component.ShardFieldSortedHitQueue$ShardComparator_1",1,0.00,4.00,10,0.14,5433.78,1,0,11,3,1,103.97,0,15,0,1,103.97,0.00,0.00,0.00,0,1.00,4,405.11,0,0,1,java.lang.Object,0.00,2,0,4,0,2,1,0,0,86,0
"org.apache.solr.handler.component.ShardFieldSortedHitQueue$ShardComparator_2",1,0.00,4.00,10,0.13,5229.74,1,0,11,3,1,104.10,0,15,0,1,104.10,0.00,0.00,0.00,0,1.00,4,400.25,0,0,1,java.lang.Object,0.00,2,0,4,0,2,1,0,0,85,0
"org.apache.solr.handler.component.ShardHandler",4,0.00,1.00,5,0.04,219.30,4,0,1,4,8,157.31,0,6,4,1,157.31,0.00,0.00,0.00,0,4.00,1,109.65,0,0,4,java.lang.Object,0.00,0,0,4,1,0,4,0,0,37,2
"org.apache.solr.handler.component.ShardHandlerFactory",1,0.00,1.00,2,0.01,54.24,1,0,0,1,4,145.64,16,3,3,1,146.11,0.00,0.00,0.00,0,1.00,1,27.12,0,1,1,java.lang.Object,0.00,0,0,1,1,0,0,0,1,11,2
"org.apache.solr.handler.component.ShardRequest",1,15.00,1.00,21,0.34,8077.22,19,18,3,4,25,40.91,9,27,24,1,90.91,0.00,0.00,0.17,0,0.00,1,1029.14,0,1,2,java.lang.Object,0.00,3,0,1,0,3,0,0,9,189,1
"org.apache.solr.handler.component.ShardResponse",12,0.05,1.08,31,0.24,2952.51,18,6,2,13,11,140.92,2,54,9,1,140.92,0.00,0.00,0.12,0,46.00,2,731.88,0,6,3,java.lang.Object,0.00,1,0,13,0,1,6,0,2,193,2
"org.apache.solr.handler.component.SimpleStats",4,0.08,4.75,77,1.26,96029.90,8,4,19,40,19,128.33,8,98,1,1,88.45,0.00,0.00,0.31,0,4.00,10,3775.93,0,3,18,java.lang.Object,0.00,36,0,19,0,36,1,0,8,631,0
"org.apache.solr.handler.component.SpellCheckComponent",18,0.03,5.67,401,7.76,885968.91,24,6,38,190,51,104.19,71,498,8,2,83.58,0.00,0.50,0.14,5,106.00,40,23265.82,1,9,43,org.apache.solr.handler.component.SearchComponent,0.42,172,1,102,0,172,9,2,50,3469,1
"org.apache.solr.handler.component.SpellCheckComponent$SpellCheckerListener",6,0.00,2.00,32,0.33,7092.60,10,4,38,12,5,120.57,2,50,0,1,120.57,0.00,0.00,0.25,1,10.00,6,998.33,0,0,5,java.lang.Object,0.00,6,0,12,0,6,6,1,2,225,2
"org.apache.solr.handler.component.SpellCheckComponentTest",12,0.55,1.08,108,2.07,67408.42,13,1,16,46,15,105.86,10,169,0,3,105.86,0.00,0.67,0.50,0,18.00,2,6202.76,11,0,15,org.apache.solr.SolrTestCaseJ4,0.09,34,2,13,0,34,12,0,8,1134,1
"org.apache.solr.handler.component.StatsComponent",10,1.00,2.20,62,0.93,38287.26,11,1,19,32,24,163.58,16,89,2,2,113.58,0.00,0.50,0.00,0,10.00,5,2791.25,0,4,22,org.apache.solr.handler.component.SearchComponent,0.64,22,1,22,0,22,6,0,11,540,1
"org.apache.solr.handler.component.StatsComponentTest",9,0.00,1.22,57,1.11,15451.53,9,0,1,10,1,116.45,6,168,0,3,116.45,0.00,0.67,0.00,5,16.00,3,3342.89,5,2,1,org.apache.solr.util.AbstractSolrTestCase,0.22,1,2,11,0,1,7,0,4,617,1
"org.apache.solr.handler.component.StatsInfo",1,0.00,3.00,9,0.10,2538.67,2,1,19,5,19,108.34,0,12,2,1,108.34,0.00,0.00,1.00,0,0.00,3,295.02,0,0,18,java.lang.Object,0.00,4,0,3,0,4,1,0,0,64,0
"org.apache.solr.handler.component.StatsValues",10,0.42,2.40,90,1.23,62048.42,18,8,4,33,8,155.34,11,105,6,1,105.34,0.00,0.00,0.50,1,0.00,8,3675.04,0,1,2,java.lang.Object,0.00,23,0,24,0,23,9,0,5,702,1
"org.apache.solr.handler.component.TermVectorComponent",10,0.30,3.90,161,2.93,293011.20,13,3,32,71,30,58.37,60,201,1,2,90.60,0.00,0.50,0.07,1,18.00,22,8776.30,1,5,29,org.apache.solr.handler.component.SearchComponent,0.32,61,1,39,0,61,5,1,24,1339,1
"org.apache.solr.handler.component.TermVectorComponent$FieldOptions",0,0.00,0.00,3,0.02,86.04,6,6,32,0,0,171.00,0,4,0,1,171.00,0.00,0.00,0.00,0,0.00,0,57.36,0,0,0,java.lang.Object,0.00,0,0,0,0,0,0,0,0,16,0
"org.apache.solr.handler.component.TermVectorComponent$StoredFieldVisitor",3,0.00,2.00,17,0.24,5986.69,3,0,32,11,2,118.78,0,26,0,1,118.78,0.00,0.00,0.00,0,3.00,2,734.82,0,0,2,java.lang.Object,0.00,8,0,6,0,8,3,0,0,150,0
"org.apache.solr.handler.component.TermVectorComponent$TVMapper",6,0.20,2.67,57,0.74,29870.62,13,7,32,19,8,106.07,5,74,0,2,106.07,0.00,0.50,0.31,0,2.00,8,2209.04,0,0,8,org.apache.lucene.index.TermVectorMapper,0.31,13,1,16,0,13,6,0,5,417,2
"org.apache.solr.handler.component.TermVectorComponentTest",5,0.50,2.20,77,1.87,105614.01,6,1,13,31,11,75.02,28,176,0,3,92.89,0.00,0.67,0.60,0,4.00,5,5620.67,6,0,11,org.apache.solr.SolrTestCaseJ4,0.00,26,2,11,0,26,5,0,10,925,1
"org.apache.solr.handler.component.TermsComponent",11,0.50,5.00,165,2.91,300957.88,13,2,20,66,23,112.43,40,217,1,2,91.82,0.00,0.50,0.05,1,20.00,31,8724.22,0,5,22,org.apache.solr.handler.component.SearchComponent,0.31,55,1,55,0,55,6,0,22,1392,1
"org.apache.solr.handler.component.TermsComponent$TermsHelper",7,0.17,3.57,75,1.13,72497.31,9,2,20,30,5,141.67,16,95,0,1,101.79,0.00,0.00,0.36,0,3.00,11,3386.83,0,4,5,java.lang.Object,0.00,23,0,25,0,23,3,0,16,627,1
"org.apache.solr.handler.component.TermsComponent$TermsHelper$Comparator<TermsResponse.Term>",1,0.00,1.00,3,0.04,568.17,1,0,20,3,0,131.51,0,4,0,1,131.51,0.00,0.00,0.00,0,1.00,1,127.52,0,0,0,java.lang.Object,0.00,2,0,1,0,2,1,0,0,35,0
"org.apache.solr.handler.component.TermsComponent$TermsHelper$Comparator<TermsResponse.Term>_0",1,0.00,3.00,10,0.11,3437.55,1,0,20,4,0,105.60,0,12,0,1,105.60,0.00,0.00,0.00,0,1.00,3,321.97,0,0,0,java.lang.Object,0.00,3,0,3,0,3,1,0,0,73,0
"org.apache.solr.handler.component.TermsComponentTest",14,0.00,1.00,63,1.70,46164.16,14,0,6,21,4,120.84,8,212,0,3,120.84,0.00,0.67,0.00,0,26.00,1,5089.55,5,0,4,org.apache.solr.SolrTestCaseJ4,0.00,7,2,14,0,7,14,0,5,944,1
"org.apache.lucene.analysis.miscellaneous.ASCIIFoldingFilter",4,0.11,60.00,706,25.69,1402237.44,7,3,6,9,7,46.93,1294,1960,2,4,42.63,0.00,0.75,0.42,1,4.00,233,77084.65,0,0,5,org.apache.lucene.analysis.TokenFilter,0.25,5,3,240,0,5,4,0,1249,7499,2
"org.apache.lucene.analysis.miscellaneous.CapitalizationFilter",4,0.23,6.25,85,1.02,80633.24,14,10,6,12,6,39.26,34,100,2,4,87.36,0.00,0.75,0.28,1,6.00,14,3049.66,0,0,4,org.apache.lucene.analysis.TokenFilter,0.25,8,3,25,0,8,4,0,9,567,2
"org.apache.lucene.analysis.miscellaneous.Deprecated",8,0.16,3.75,77,2.19,92633.88,17,9,17,31,9,102.63,132,150,1,2,103.10,0.00,0.50,0.25,3,16.00,6,6581.55,0,3,8,org.apache.lucene.analysis.Analyzer,0.00,23,1,30,0,23,5,0,34,1029,2
"org.apache.lucene.analysis.miscellaneous.Deprecated$FastStringReader",2,1.00,1.00,7,0.04,396.02,3,1,17,2,0,135.12,0,10,0,2,135.12,0.00,0.50,0.50,0,2.00,1,114.45,0,1,0,java.io.StringReader,0.00,0,1,2,0,0,1,0,0,35,2
"org.apache.lucene.analysis.miscellaneous.Deprecated$FastStringTokenizer",7,0.04,2.00,51,0.62,24980.64,15,8,17,19,3,151.23,14,68,0,4,111.34,0.00,0.75,0.16,0,18.00,6,1873.12,1,0,3,org.apache.lucene.analysis.Tokenizer,0.50,12,3,14,0,12,7,0,14,384,3
"org.apache.lucene.analysis.miscellaneous.Deprecated$PatternTokenizer",5,0.12,2.20,44,0.52,15680.97,13,8,17,18,3,109.60,4,57,0,4,109.60,0.00,0.75,0.22,0,10.00,7,1546.74,1,0,3,org.apache.lucene.analysis.Tokenizer,0.55,13,3,11,0,13,5,0,4,323,3
"org.apache.lucene.analysis.miscellaneous.EmptyTokenStream",1,0.00,1.00,3,0.02,297.80,1,0,2,1,2,154.34,3,6,1,3,133.72,0.00,0.67,0.00,0,1.00,1,71.46,0,0,1,org.apache.lucene.analysis.TokenStream,0.33,0,2,1,0,0,1,0,1,21,2
"org.apache.lucene.analysis.miscellaneous.HyphenatedWordsFilter",4,0.47,2.50,45,0.50,20086.38,9,5,4,17,6,65.24,50,57,2,4,102.80,0.00,0.75,0.55,1,0.00,6,1486.68,1,0,4,org.apache.lucene.analysis.TokenFilter,0.50,13,3,10,0,13,4,0,12,301,2
"org.apache.lucene.analysis.miscellaneous.KeepWordFilter",2,0.00,1.00,8,0.10,1439.84,4,2,6,5,7,126.28,8,12,2,5,126.04,0.00,0.80,0.50,0,2.00,1,288.48,0,0,5,org.apache.lucene.analysis.util.FilteringTokenFilter,0.26,3,4,2,0,3,2,0,2,71,2
"org.apache.lucene.analysis.miscellaneous.KeywordMarkerFilter",3,0.00,2.33,16,0.20,4275.91,6,3,8,9,62,69.90,27,25,57,4,119.90,0.00,0.75,0.33,0,4.00,3,603.89,0,0,5,org.apache.lucene.analysis.TokenFilter,0.27,6,3,7,0,6,3,0,3,138,2
"org.apache.lucene.analysis.miscellaneous.LengthFilter",2,0.33,1.00,11,0.13,2542.82,5,3,5,3,6,102.61,10,15,2,5,120.48,0.00,0.80,0.50,0,2.00,1,376.45,0,0,4,org.apache.lucene.analysis.util.FilteringTokenFilter,0.26,1,4,2,0,1,2,0,2,89,2
"org.apache.lucene.analysis.miscellaneous.LimitTokenCountAnalyzer",4,0.00,1.00,12,0.13,1969.11,6,2,2,9,4,182.00,7,21,1,3,132.00,0.00,0.67,0.50,0,2.00,1,397.54,0,3,3,org.apache.lucene.analysis.AnalyzerWrapper,0.00,5,2,4,0,5,1,0,2,103,2
"org.apache.lucene.analysis.miscellaneous.LimitTokenCountFilter",3,0.00,1.33,14,0.12,2076.73,5,2,3,4,4,165.99,7,21,2,4,126.11,0.00,0.75,0.50,0,1.00,2,348.76,1,0,2,org.apache.lucene.analysis.TokenFilter,0.53,1,3,4,0,1,3,0,2,87,2
"org.apache.lucene.analysis.miscellaneous.PatternAnalyzerTest",5,0.00,1.00,33,0.60,14241.97,5,0,7,15,3,66.66,40,54,0,3,114.77,0.00,0.67,0.00,1,5.00,1,1791.23,2,0,3,org.apache.lucene.analysis.BaseTokenStreamTestCase,0.00,10,2,5,0,10,5,0,19,360,1
"org.apache.lucene.analysis.miscellaneous.PerFieldAnalyzerWrapper",5,0.12,1.40,15,0.18,3886.15,7,2,4,6,3,88.07,38,25,1,3,130.36,0.00,0.67,0.40,0,7.00,2,549.16,0,3,2,org.apache.lucene.analysis.AnalyzerWrapper,0.00,1,2,7,0,1,2,0,3,135,2
"org.apache.lucene.analysis.miscellaneous.PrefixAndSuffixAwareTokenFilter",7,0.50,1.00,22,0.22,4324.64,8,1,3,16,6,131.22,6,34,3,3,131.22,0.00,0.67,0.57,0,3.00,1,656.55,0,2,3,org.apache.lucene.analysis.TokenStream,0.80,9,2,7,0,9,5,0,1,175,1
"org.apache.lucene.analysis.miscellaneous.PrefixAndSuffixAwareTokenFilter$PrefixAwareTokenFilter",1,0.00,1.00,3,0.03,512.11,1,0,3,2,2,131.87,0,5,0,1,131.87,0.00,0.00,0.00,0,1.00,1,101.46,0,1,2,java.lang.Object,0.00,1,0,1,0,1,0,0,0,28,0
"org.apache.lucene.analysis.miscellaneous.PrefixAndSuffixAwareTokenFilter$PrefixAwareTokenFilter_0",1,0.00,1.00,3,0.03,567.72,1,0,3,2,2,131.51,0,5,0,1,131.51,0.00,0.00,0.00,0,1.00,1,99.27,0,1,2,java.lang.Object,0.00,1,0,1,0,1,0,0,0,28,0
"org.apache.lucene.analysis.miscellaneous.PrefixAwareTokenFilter",13,0.16,1.69,105,1.22,28262.52,30,17,10,52,11,160.91,17,129,2,3,110.91,0.00,0.67,0.20,3,27.00,5,3655.68,1,5,9,org.apache.lucene.analysis.TokenStream,0.57,39,2,22,0,39,8,0,3,751,1
"org.apache.lucene.analysis.miscellaneous.RemoveDuplicatesTokenFilter",3,0.17,2.00,23,0.30,12272.26,6,3,7,11,7,93.00,16,32,2,4,110.87,0.00,0.75,0.44,0,1.00,4,903.09,1,0,5,org.apache.lucene.analysis.TokenFilter,0.53,8,3,6,0,8,3,0,6,184,2
"org.apache.lucene.analysis.miscellaneous.SingleTokenTokenStream",5,0.08,1.20,24,0.21,3737.22,8,3,5,9,8,125.87,4,33,4,3,125.87,0.00,0.67,0.40,0,5.00,2,625.67,0,1,4,org.apache.lucene.analysis.TokenStream,0.46,4,2,6,0,4,4,0,2,150,2
"org.apache.lucene.analysis.miscellaneous.StemmerOverrideFilter",2,0.33,3.50,17,0.24,6375.20,5,3,8,11,8,77.21,13,26,3,4,109.44,0.00,0.75,0.50,0,2.00,4,720.53,0,0,5,org.apache.lucene.analysis.TokenFilter,0.29,9,3,7,0,9,2,0,3,151,2
"org.apache.lucene.analysis.miscellaneous.TestASCIIFoldingFilter",3,0.00,2.33,112,10.51,353949.24,3,0,9,22,6,35.54,1528,1589,0,3,72.37,0.00,0.67,0.00,1,3.00,5,31539.06,0,0,6,org.apache.lucene.analysis.BaseTokenStreamTestCase,0.00,19,2,7,0,19,3,0,1528,3220,1
"org.apache.lucene.analysis.miscellaneous.TestCapitalizationFilter",4,0.00,1.00,37,0.79,35046.82,4,0,11,11,5,154.36,7,63,0,3,104.36,0.00,0.67,0.00,2,4.00,1,2362.95,1,0,5,org.apache.lucene.analysis.BaseTokenStreamTestCase,0.00,7,2,4,0,7,4,0,7,423,1
"org.apache.lucene.analysis.miscellaneous.TestEmptyTokenStream",1,0.00,1.00,6,0.05,870.31,1,0,3,5,2,118.82,0,8,0,2,118.82,0.00,0.50,0.00,0,1.00,1,150.40,0,0,2,org.apache.lucene.util.LuceneTestCase,0.00,4,1,1,0,4,1,0,0,39,1
"org.apache.lucene.analysis.miscellaneous.TestHyphenatedWordsFilter",2,0.00,1.00,11,0.15,2765.60,2,0,4,5,4,120.43,8,16,0,3,120.19,0.00,0.67,0.00,0,2.00,1,464.94,1,0,4,org.apache.lucene.analysis.BaseTokenStreamTestCase,0.00,3,2,2,0,3,2,0,4,100,1
"org.apache.lucene.analysis.miscellaneous.TestKeepWordFilter",1,0.00,1.00,22,0.38,23141.44,1,0,7,7,5,68.68,5,21,0,3,86.56,0.00,0.67,0.00,0,1.00,1,1125.44,1,0,5,org.apache.lucene.analysis.BaseTokenStreamTestCase,0.00,6,2,1,0,6,1,0,5,216,1
"org.apache.lucene.analysis.miscellaneous.TestKeywordMarkerFilter",2,0.00,1.50,16,0.38,13897.23,2,0,14,11,8,58.49,20,31,0,3,106.97,0.00,0.67,0.00,0,2.00,2,1143.20,1,0,8,org.apache.lucene.analysis.BaseTokenStreamTestCase,0.00,9,2,3,0,9,2,0,3,222,1
"org.apache.lucene.analysis.miscellaneous.TestKeywordMarkerFilter$LowerCaseFilterMock",2,0.00,2.00,12,0.14,3102.55,4,2,14,8,4,116.69,0,18,0,4,116.69,0.00,0.75,0.50,0,2.00,3,433.32,0,0,4,org.apache.lucene.analysis.TokenFilter,0.29,6,3,4,0,6,2,0,0,97,3
"org.apache.lucene.analysis.miscellaneous.TestLengthFilter",2,0.00,1.00,11,0.17,2929.48,2,0,2,5,4,120.00,0,20,0,3,120.00,0.00,0.67,0.00,0,2.00,1,520.76,1,0,4,org.apache.lucene.analysis.BaseTokenStreamTestCase,0.00,3,2,2,0,3,2,0,0,108,1
"org.apache.lucene.analysis.miscellaneous.TestLimitTokenCountAnalyzer",2,0.00,1.50,35,0.47,13951.13,2,0,14,25,13,144.74,2,27,0,3,94.74,0.00,0.67,0.00,0,2.00,2,1418.63,1,0,13,org.apache.lucene.analysis.BaseTokenStreamTestCase,0.00,23,2,3,0,23,2,0,2,265,1
"org.apache.lucene.analysis.miscellaneous.TestPerFieldAnalzyerWrapper",1,0.00,1.00,16,0.25,8463.94,1,0,7,14,7,94.68,16,25,0,3,95.16,0.00,0.67,0.00,0,1.00,1,758.91,0,0,7,org.apache.lucene.analysis.BaseTokenStreamTestCase,0.00,13,2,1,0,13,1,0,1,143,1
"org.apache.lucene.analysis.miscellaneous.TestPrefixAndSuffixAwareTokenFilter",2,0.00,1.00,8,0.15,3120.40,2,0,5,7,5,123.40,0,16,0,3,123.40,0.00,0.67,0.00,1,2.00,1,436.66,1,1,5,org.apache.lucene.analysis.BaseTokenStreamTestCase,0.00,5,2,2,0,5,1,0,0,95,1
"org.apache.lucene.analysis.miscellaneous.TestPrefixAwareTokenFilter",2,0.00,1.00,14,0.24,7425.94,2,0,5,7,5,111.37,1,23,0,3,111.37,0.00,0.67,0.00,1,2.00,1,722.39,1,1,5,org.apache.lucene.analysis.BaseTokenStreamTestCase,0.00,5,2,2,0,5,1,0,1,148,1
"org.apache.lucene.analysis.miscellaneous.TestRemoveDuplicatesTokenFilter",6,0.00,1.00,17,0.42,7894.94,6,0,8,13,7,135.21,0,58,0,3,135.21,0.00,0.67,0.00,2,6.00,1,1264.43,1,2,7,org.apache.lucene.analysis.BaseTokenStreamTestCase,0.00,7,2,6,0,7,4,0,0,278,1
"org.apache.lucene.analysis.miscellaneous.TestRemoveDuplicatesTokenFilter$TokenStream",1,0.00,2.00,14,0.15,2847.86,4,3,8,11,4,100.88,0,17,0,1,100.88,0.00,0.00,1.00,0,0.00,2,458.76,0,0,4,java.lang.Object,0.00,10,0,2,0,10,1,0,0,100,0
"org.apache.lucene.analysis.miscellaneous.TestSingleTokenTokenFilter",1,0.00,1.00,16,0.18,6223.76,1,0,5,10,4,96.21,0,18,0,2,96.21,0.00,0.50,0.00,0,1.00,1,535.70,0,0,4,org.apache.lucene.util.LuceneTestCase,0.00,9,1,1,0,9,1,0,0,111,1
"org.apache.lucene.analysis.miscellaneous.TestStemmerOverrideFilter",1,0.00,1.00,7,0.11,2565.09,1,0,9,7,6,138.91,19,10,0,3,112.63,0.00,0.67,0.00,0,1.00,1,322.67,1,0,6,org.apache.lucene.analysis.BaseTokenStreamTestCase,0.00,6,2,1,0,6,1,0,4,68,1
"org.apache.lucene.analysis.miscellaneous.TestTrimFilter",1,0.00,1.00,21,0.49,20725.52,1,0,6,6,5,69.81,5,33,0,3,87.69,0.00,0.67,0.00,0,1.00,1,1477.88,1,0,5,org.apache.lucene.analysis.BaseTokenStreamTestCase,0.00,5,2,1,0,5,1,0,2,264,1
"org.apache.lucene.analysis.miscellaneous.TestTrimFilter$Deprecated",3,0.31,1.33,25,0.36,9551.86,11,8,6,19,8,109.66,0,33,0,3,109.66,0.00,0.67,0.33,0,4.00,2,1079.23,0,0,8,org.apache.lucene.analysis.TokenStream,0.27,16,2,4,0,16,3,0,0,215,2
"org.apache.lucene.analysis.miscellaneous.TestWordDelimiterFilter",10,0.00,1.10,103,1.74,76625.32,10,0,14,20,12,103.32,49,131,0,3,103.09,0.00,0.67,0.00,2,10.00,2,5219.01,2,0,12,org.apache.lucene.analysis.BaseTokenStreamTestCase,0.00,10,2,11,0,10,10,0,25,952,1
"org.apache.lucene.analysis.miscellaneous.TestWordDelimiterFilter$Analyzer",1,0.00,1.00,4,0.06,1051.87,1,0,14,4,3,124.74,0,8,0,1,124.74,0.00,0.00,0.00,0,1.00,1,173.06,0,1,3,java.lang.Object,0.00,3,0,1,0,3,0,0,0,40,0
"org.apache.lucene.analysis.miscellaneous.TestWordDelimiterFilter$Analyzer_0",1,0.00,1.00,4,0.06,1132.62,1,0,14,5,3,124.49,0,8,0,1,124.49,0.00,0.00,0.00,0,1.00,1,189.11,0,1,3,java.lang.Object,0.00,4,0,1,0,4,0,0,0,43,0
"org.apache.lucene.analysis.miscellaneous.TestWordDelimiterFilter$Analyzer_1",1,0.00,1.00,6,0.09,1708.36,1,0,14,6,5,116.52,0,9,0,1,116.52,0.00,0.00,0.00,0,1.00,1,275.53,0,1,5,java.lang.Object,0.00,5,0,1,0,5,0,0,0,58,0
"org.apache.lucene.analysis.miscellaneous.TestWordDelimiterFilter$LargePosIncTokenFilter",2,0.00,2.00,11,0.13,2544.21,4,2,14,6,4,120.32,0,18,0,4,120.32,0.00,0.75,0.50,0,2.00,3,381.02,0,0,4,org.apache.lucene.analysis.TokenFilter,0.29,4,3,4,0,4,2,0,0,89,2
"org.apache.lucene.analysis.miscellaneous.TrimFilter",2,0.33,5.00,35,0.42,39534.08,5,3,5,10,6,91.14,8,39,2,4,90.90,0.00,0.75,0.50,0,2.00,9,1259.05,0,0,4,org.apache.lucene.analysis.TokenFilter,0.29,8,3,10,0,8,2,0,6,233,2
"org.apache.lucene.analysis.miscellaneous.WordDelimiterFilter",16,0.08,2.69,162,2.19,99551.87,50,34,10,43,15,66.03,200,206,5,4,103.59,0.00,0.75,0.10,8,182.00,20,6556.85,1,0,10,org.apache.lucene.analysis.TokenFilter,0.29,27,3,43,0,27,16,0,61,1198,2
"org.apache.lucene.analysis.miscellaneous.WordDelimiterFilter$WordDelimiterConcatenation",5,0.30,1.40,31,0.28,5013.73,10,5,10,12,0,118.50,21,40,0,1,118.26,0.00,0.00,0.44,2,0.00,3,841.30,0,0,0,java.lang.Object,0.00,7,0,7,0,7,5,0,5,189,1
"org.apache.lucene.analysis.miscellaneous.WordDelimiterIterator",0,0.00,0.00,110,1.67,338590.89,14,14,1,8,3,171.00,109,157,3,1,171.00,0.00,0.00,0.00,0,0.00,0,4995.27,0,0,0,java.lang.Object,0.00,8,0,0,0,8,0,0,47,766,2
"org.apache.lucene.collation.CollationAttributeFactory",3,0.25,1.67,10,0.13,2704.02,5,2,5,6,6,147.95,56,18,2,2,129.82,0.00,0.50,0.33,0,4.00,3,379.42,0,1,4,AttributeSource.AttributeFactory,0.00,3,1,5,0,3,2,0,3,94,1
"org.apache.lucene.collation.CollationKeyAnalyzer",3,0.00,1.33,18,0.19,4372.69,6,3,6,8,7,160.94,66,25,4,2,116.99,0.00,0.50,0.33,0,4.00,2,570.78,0,1,3,org.apache.lucene.analysis.Analyzer,0.00,5,1,4,0,5,2,0,3,132,2
"org.apache.lucene.collation.Deprecated",4,0.61,1.00,20,0.38,10841.45,10,6,6,10,3,157.78,9,38,0,3,117.89,0.00,0.67,0.62,4,0.00,1,1144.25,0,0,3,org.apache.lucene.analysis.CollationTestBase,0.00,6,2,4,0,6,4,0,9,239,1
"org.apache.lucene.collation.Deprecated$TestAnalyzer",2,0.00,1.00,7,0.07,972.01,3,1,6,5,2,132.05,0,11,0,2,132.05,0.00,0.50,1.00,0,0.00,1,202.49,0,1,2,org.apache.lucene.analysis.core.Analyzer,0.00,3,1,2,0,3,1,0,0,52,2
"org.apache.lucene.collation.ICUCollationAttributeFactory",3,0.25,1.67,10,0.13,2704.02,5,2,6,6,6,129.34,49,18,1,2,129.82,0.00,0.50,0.33,0,4.00,3,379.42,0,1,5,AttributeSource.AttributeFactory,0.00,3,1,5,0,3,2,0,3,94,1
"org.apache.lucene.collation.ICUCollationKeyAnalyzer",3,0.00,1.33,18,0.19,4372.69,6,3,7,8,6,143.28,58,24,2,2,116.99,0.00,0.50,0.33,0,4.00,2,570.78,0,1,4,org.apache.lucene.analysis.Analyzer,0.00,5,1,4,0,5,2,0,3,132,2
"org.apache.lucene.collation.TestCollationKeyAnalyzer",6,0.29,1.33,32,0.55,13723.81,13,7,6,18,5,168.41,8,50,0,3,118.41,0.00,0.67,0.38,4,10.00,2,1646.19,2,0,5,org.apache.lucene.analysis.CollationTestBase,0.00,12,2,8,0,12,6,0,8,336,1
"org.apache.lucene.collation.TestICUCollationKeyAnalyzer",6,0.30,1.17,32,0.50,11551.16,12,6,6,17,5,169.03,8,52,0,3,119.03,0.00,0.67,0.42,4,6.00,2,1495.20,2,0,5,org.apache.lucene.analysis.CollationTestBase,0.00,11,2,7,0,11,6,0,8,316,1
"org.apache.solr.response.transform.DocIdAugmenter",3,0.50,1.33,9,0.07,949.51,4,1,3,4,5,133.45,0,19,1,2,133.45,0.00,0.50,0.67,0,1.00,2,214.00,0,1,4,org.apache.solr.response.transform.DocTransformer,0.29,1,1,4,0,1,2,0,0,58,0
"org.apache.solr.response.transform.DocIdAugmenterFactory",1,0.00,1.00,3,0.03,374.37,1,0,3,2,6,133.17,4,7,0,2,132.94,0.00,0.50,0.00,0,1.00,1,97.26,0,0,6,org.apache.solr.response.transform.TransformerFactory,0.00,1,1,1,0,1,1,0,1,26,1
"org.apache.solr.response.transform.DocTransformer",4,0.00,1.00,6,0.04,340.75,4,0,2,4,17,205.80,5,10,15,1,155.80,0.00,0.00,0.00,1,4.00,1,129.65,0,2,2,java.lang.Object,0.00,0,0,4,8,0,2,0,1,42,2
"org.apache.solr.response.transform.DocTransformers",6,0.40,1.67,26,0.27,7000.03,7,1,5,19,4,124.27,5,42,1,2,124.27,0.00,0.50,0.67,0,0.00,3,799.97,0,1,3,org.apache.solr.response.transform.DocTransformer,0.20,13,1,10,0,13,5,0,1,186,1
"org.apache.solr.response.transform.ExplainAugmenterFactory",3,0.50,2.00,18,0.21,4570.00,4,1,9,7,9,166.75,4,33,0,2,116.75,0.00,0.50,0.67,0,1.00,2,621.72,1,1,9,org.apache.solr.response.transform.TransformerFactory,0.00,4,1,6,0,4,2,0,1,137,1
"org.apache.solr.response.transform.ExplainAugmenterFactory$ExplainAugmenter",3,0.00,2.33,19,0.23,7186.28,5,2,9,9,4,115.17,0,35,0,3,115.17,0.00,0.67,0.50,0,1.00,5,703.66,0,1,4,org.apache.solr.response.transform.TransformerWithContext,0.38,6,2,7,0,6,2,0,0,147,1
"org.apache.solr.response.transform.ExplainAugmenterFactory$Style",0,0.00,0.00,2,0.01,71.32,0,0,9,0,0,171.00,0,5,0,1,171.00,0.00,0.00,0.00,0,0.00,0,28.53,0,0,0,java.lang.Object,0.00,0,0,0,0,0,0,0,0,9,2
"org.apache.solr.response.transform.RenameFieldsTransformer",3,0.50,2.33,24,0.27,9924.69,4,1,2,11,4,149.29,6,31,1,2,109.40,0.00,0.50,0.67,0,1.00,3,812.97,0,1,3,org.apache.solr.response.transform.DocTransformer,0.29,8,1,7,0,8,2,0,1,172,1
"org.apache.solr.response.transform.ScoreAugmenter",3,0.50,1.67,10,0.10,1678.53,4,1,1,5,4,171.33,6,21,2,3,131.45,0.00,0.67,0.67,0,1.00,3,304.59,0,1,2,org.apache.solr.response.transform.TransformerWithContext,0.38,2,2,5,0,2,2,0,1,76,1
"org.apache.solr.response.transform.ShardAugmenterFactory",1,0.00,3.00,9,0.11,3028.83,1,0,3,5,6,107.97,4,16,0,2,107.74,0.00,0.50,0.00,0,1.00,3,343.40,0,1,6,org.apache.solr.response.transform.TransformerFactory,0.00,4,1,3,0,4,0,0,1,71,1
"org.apache.solr.response.transform.TransformContext",0,0.00,0.00,5,0.03,253.95,4,4,3,0,9,171.00,6,7,6,1,171.00,0.00,0.00,0.00,0,0.00,0,101.58,0,0,3,java.lang.Object,0.00,0,0,0,0,0,0,0,1,26,1
"org.apache.solr.response.transform.TransformerFactory",2,0.50,1.00,11,0.14,2579.28,4,2,6,4,12,160.32,5,15,7,1,120.43,0.00,0.00,0.25,0,2.00,1,406.91,0,0,9,java.lang.Object,0.00,2,0,2,4,2,2,1,1,100,2
"org.apache.solr.response.transform.TransformerWithContext",1,1.00,1.00,4,0.04,518.06,2,1,0,1,4,127.40,4,8,2,2,127.17,2.00,0.25,0.00,0,1.00,1,111.01,0,0,2,org.apache.solr.response.transform.DocTransformer,0.00,0,1,1,2,0,1,0,1,30,2
"org.apache.solr.response.transform.ValueAugmenter",3,0.00,1.00,10,0.08,934.70,5,2,7,4,9,133.57,0,19,2,2,133.57,0.00,0.50,0.50,0,1.00,1,236.13,0,1,7,org.apache.solr.response.transform.DocTransformer,0.29,1,1,3,0,1,2,0,0,65,0
"org.apache.solr.response.transform.ValueAugmenterFactory",3,0.25,4.33,27,0.38,12047.73,5,2,7,12,9,156.69,4,46,0,2,106.69,0.00,0.50,0.67,0,1.00,7,1138.15,0,2,9,org.apache.solr.response.transform.TransformerFactory,0.00,9,1,13,0,9,1,0,1,229,1
"org.apache.solr.response.transform.ValueSourceAugmenter",4,0.33,2.00,35,0.50,14835.97,11,7,10,16,11,148.93,10,52,1,2,109.05,0.00,0.50,0.39,0,2.00,4,1490.89,0,1,10,org.apache.solr.response.transform.DocTransformer,0.25,12,1,8,0,12,3,0,3,289,1
"org.apache.lucene.analysis.morfologik.MorfologikAnalyzer",3,2.00,1.00,11,0.14,2679.98,5,2,7,7,6,81.49,31,18,1,2,129.96,0.00,0.50,0.00,0,3.00,1,425.65,0,1,5,org.apache.lucene.analysis.Analyzer,0.00,4,1,3,0,4,2,0,4,102,1
"org.apache.lucene.analysis.morfologik.MorfologikFilter",6,0.20,1.67,54,0.62,14815.02,16,10,12,26,8,108.81,24,64,1,4,108.57,0.00,0.75,0.27,4,2.00,4,1855.70,1,1,7,org.apache.lucene.analysis.TokenFilter,0.44,20,3,10,0,20,5,0,6,381,1
"org.apache.lucene.analysis.morfologik.MorphosyntacticTagAttribute",3,0.00,1.00,4,0.02,95.33,3,0,1,3,4,179.79,11,5,3,2,159.17,0.00,0.50,0.00,0,3.00,1,58.38,0,1,1,,0.00,0,1,3,0,0,2,0,4,23,1
"org.apache.lucene.analysis.morfologik.MorphosyntacticTagAttributeImpl",8,0.57,2.12,28,0.35,12809.50,9,1,1,15,3,167.68,16,44,1,2,127.79,0.00,0.50,0.50,2,8.00,6,1056.81,0,2,2,org.apache.lucene.util.AttributeImpl,0.31,7,1,17,0,7,6,2,5,247,1
"org.apache.lucene.analysis.morfologik.TestMorfologikAnalyzer",7,0.00,1.00,45,0.66,15342.62,7,0,6,18,6,165.67,8,56,0,3,115.67,0.00,0.67,0.00,2,7.00,1,1966.92,1,1,6,org.apache.lucene.analysis.BaseTokenStreamTestCase,0.00,11,2,7,0,11,6,0,6,409,1
"org.apache.lucene.index.codecs.mockrandom.MockRandomCodec",7,0.11,7.14,198,3.27,292012.49,10,3,53,68,46,120.07,18,293,0,2,80.18,0.00,0.50,0.43,0,0.00,20,9818.35,0,4,46,org.apache.lucene.index.codecs.Codec,0.00,61,1,50,0,61,3,0,16,1557,1
"org.apache.lucene.index.codecs.mockrandom.MockRandomCodec$MockIntStreamFactory",4,0.33,1.50,24,0.45,11931.21,6,2,53,20,6,114.52,3,34,0,2,114.52,0.00,0.50,0.75,0,0.00,2,1345.77,0,3,6,org.apache.lucene.index.codecs.sep.IntStreamFactory,0.00,16,1,6,0,16,1,0,3,271,2
"org.apache.lucene.index.codecs.mockrandom.MockRandomCodec$VariableGapTermsIndexWriter.IndexTermSelector",2,1.00,1.00,5,0.06,845.64,3,1,53,4,3,139.09,0,9,0,1,139.09,0.00,0.00,0.50,0,2.00,1,188.46,0,0,3,java.lang.Object,0.00,2,0,2,0,2,2,0,0,49,0
"org.apache.lucene.analysis.bg.BulgarianAnalyzer",5,0.50,1.80,21,0.28,7029.43,7,2,14,15,13,73.62,48,29,2,3,123.62,0.00,0.67,0.10,0,8.00,3,847.94,0,2,11,org.apache.lucene.analysis.util.StopwordAnalyzerBase,0.00,10,2,9,0,10,3,0,8,189,2
"org.apache.lucene.analysis.bg.BulgarianAnalyzer$DefaultSetHolder",0,0.00,0.00,6,0.05,853.95,1,1,14,0,1,171.00,2,10,0,1,171.00,0.00,0.00,0.00,0,0.00,0,164.39,0,0,1,java.lang.Object,0.00,0,0,0,0,0,0,0,2,40,2
"org.apache.lucene.analysis.bg.BulgarianStemFilter",2,0.33,2.00,14,0.16,3828.15,5,3,6,9,9,113.71,9,20,3,4,113.47,0.00,0.75,0.50,0,2.00,3,486.85,0,0,6,org.apache.lucene.analysis.TokenFilter,0.29,7,3,4,0,7,2,0,1,108,2
"org.apache.lucene.analysis.bg.BulgarianStemmer",3,0.00,9.00,47,0.77,51673.55,3,0,1,4,1,49.14,34,81,1,1,93.27,0.00,0.00,0.00,0,3.00,14,2298.83,0,0,0,java.lang.Object,0.00,1,0,27,0,1,3,0,15,443,1
"org.apache.lucene.analysis.bg.TestBulgarianAnalyzer",7,0.00,1.00,27,0.36,5981.37,7,0,6,11,4,180.12,10,37,0,3,130.12,0.00,0.67,0.00,0,7.00,1,1071.49,3,0,4,org.apache.lucene.analysis.BaseTokenStreamTestCase,0.00,4,2,7,0,4,7,0,4,240,1
"org.apache.lucene.analysis.bg.TestBulgarianStemmer",6,0.00,1.00,118,2.11,91202.15,6,0,7,13,6,48.08,45,126,0,3,90.37,0.00,0.67,0.00,0,6.00,1,6315.63,2,0,6,org.apache.lucene.analysis.BaseTokenStreamTestCase,0.00,7,2,6,0,7,6,0,31,1153,1
"org.apache.lucene.analysis.no.NorwegianAnalyzer",5,0.50,1.80,21,0.29,7141.30,7,2,17,16,14,75.46,42,31,1,3,123.56,0.00,0.67,0.10,0,8.00,3,866.52,0,2,13,org.apache.lucene.analysis.util.StopwordAnalyzerBase,0.00,11,2,9,0,11,3,0,8,192,2
"org.apache.lucene.analysis.no.NorwegianAnalyzer$DefaultSetHolder",0,0.00,0.00,6,0.05,843.89,1,1,17,0,2,171.00,2,11,0,1,171.00,0.00,0.00,0.00,0,0.00,0,162.56,0,0,2,java.lang.Object,0.00,0,0,0,0,0,0,0,2,40,2
"org.apache.lucene.analysis.no.TestNorwegianAnalyzer",4,0.00,1.00,16,0.17,3088.17,4,0,5,8,3,175.80,7,22,0,3,125.80,0.00,0.67,0.00,0,4.00,1,522.25,3,0,3,org.apache.lucene.analysis.BaseTokenStreamTestCase,0.00,4,2,4,0,4,4,0,6,121,1
"org.apache.lucene.search.join.BlockJoinCollector",9,0.21,5.33,200,2.74,222443.08,27,18,25,51,19,41.82,102,220,1,2,85.95,0.00,0.50,0.24,3,0.00,14,8221.09,0,1,18,org.apache.lucene.index.Collector,0.00,42,1,48,0,42,8,0,47,1417,1
"org.apache.lucene.search.join.BlockJoinCollector$FakeScorer",5,0.38,1.00,13,0.09,1051.80,7,2,25,6,1,141.48,0,23,0,3,141.48,0.00,0.67,0.20,0,11.00,1,263.06,0,0,1,org.apache.lucene.search.Scorer,0.80,1,2,5,0,1,5,0,0,77,3
"org.apache.lucene.search.join.BlockJoinCollector$OneGroup",1,1.00,4.00,21,0.19,7513.22,5,4,25,1,0,90.84,0,21,0,2,90.84,0.00,0.50,0.75,0,0.00,4,578.14,0,0,0,FieldValueHitQueue.Entry,0.00,0,1,4,0,0,1,0,0,125,3
"org.apache.lucene.search.join.BlockJoinQuery",9,0.25,1.22,49,0.53,15338.60,13,4,22,22,19,119.67,44,73,3,2,119.43,0.00,0.50,0.47,0,0.00,2,1604.64,1,4,16,org.apache.lucene.search.Query,0.21,13,1,11,0,13,5,0,6,370,1
"org.apache.lucene.search.join.BlockJoinQuery$BlockJoinScorer",9,0.18,2.67,85,0.88,49770.24,18,9,22,19,4,145.59,18,116,0,3,105.71,0.00,0.67,0.27,1,24.00,10,2626.48,0,1,4,org.apache.lucene.search.Scorer,0.79,10,2,24,0,10,8,0,18,520,1
"org.apache.lucene.search.join.BlockJoinQuery$BlockJoinWeight",7,0.04,1.57,34,0.42,12119.37,11,4,22,18,9,172.94,7,54,0,2,122.94,0.00,0.50,0.29,0,7.00,5,1270.03,0,3,9,org.apache.lucene.search.Weight,0.62,11,1,11,0,11,4,0,7,275,2
"org.apache.lucene.search.join.BlockJoinQuery$ScoreMode",0,0.00,0.00,2,0.01,83.05,0,0,22,0,0,171.00,0,1,0,1,171.00,0.00,0.00,0.00,0,0.00,0,33.22,0,0,0,java.lang.Object,0.00,0,0,0,0,0,0,0,0,10,2
"org.apache.lucene.facet.taxonomy.writercache.TaxonomyWriterCache",6,0.00,1.00,7,0.05,242.40,6,0,2,6,5,147.99,94,8,4,1,158.35,0.00,0.00,0.00,0,6.00,1,150.98,0,0,2,,0.00,0,0,6,0,0,6,0,8,52,1
"org.apache.lucene.analysis.nl.Deprecated",18,0.07,3.89,183,2.72,156640.22,23,5,1,37,0,122.98,70,287,0,1,102.36,0.00,0.00,0.13,11,86.00,11,8156.16,0,1,0,java.lang.Object,0.00,19,0,70,0,19,17,0,17,1594,1
"org.apache.lucene.analysis.nl.DutchAnalyzer",5,0.10,2.40,38,0.60,22637.29,10,5,21,23,15,62.01,52,50,1,2,110.49,0.00,0.50,0.28,0,6.00,5,1801.81,0,2,14,org.apache.lucene.analysis.Analyzer,0.00,18,1,12,0,18,3,0,9,363,2
"org.apache.lucene.analysis.nl.DutchAnalyzer$DefaultSetHolder",0,0.00,0.00,6,0.05,843.89,1,1,21,0,2,171.00,2,11,0,1,171.00,0.00,0.00,0.00,0,0.00,0,162.56,0,0,2,java.lang.Object,0.00,0,0,0,0,0,0,0,2,40,2
"org.apache.lucene.analysis.nl.TestDutchStemmer",9,0.00,1.00,112,1.32,21471.02,9,0,6,12,4,144.03,21,124,0,3,104.15,0.00,0.67,0.00,1,9.00,1,3966.47,5,0,4,org.apache.lucene.analysis.BaseTokenStreamTestCase,0.00,3,2,9,0,3,9,0,8,674,1
"org.apache.lucene.search.similarities.AfterEffect",3,0.00,1.00,5,0.04,448.86,3,0,1,3,8,136.00,17,7,6,1,153.87,0.00,0.00,0.00,0,3.00,1,133.13,0,2,2,java.lang.Object,0.00,0,0,3,3,0,1,0,5,42,2
"org.apache.lucene.search.similarities.AfterEffect$NoAfterEffect",3,0.00,1.00,7,0.07,882.82,3,0,1,4,3,140.33,0,15,0,2,140.33,0.00,0.50,0.00,0,3.00,1,203.21,0,2,3,org.apache.lucene.search.similarities.AfterEffect,0.33,1,1,3,0,1,1,0,0,55,3
"org.apache.lucene.search.similarities.AfterEffectB",3,0.00,1.00,15,0.22,6735.68,3,0,1,11,6,168.54,4,22,3,2,118.54,0.00,0.50,0.00,1,3.00,1,666.65,0,2,3,org.apache.lucene.search.similarities.AfterEffect,0.33,8,1,3,0,8,1,0,1,144,1
"org.apache.lucene.search.similarities.AfterEffectL",3,0.00,1.00,11,0.13,3145.14,3,0,1,9,5,179.42,4,18,2,2,129.42,0.00,0.50,0.00,1,3.00,1,392.81,0,2,3,org.apache.lucene.search.similarities.AfterEffect,1.00,6,1,3,0,6,1,0,1,92,1
"org.apache.lucene.search.similarities.BM25Similarity",20,0.11,1.45,107,1.64,76105.40,24,4,10,43,12,166.65,36,135,3,2,116.65,0.00,0.50,0.15,4,134.00,3,4927.65,0,7,9,org.apache.lucene.search.similarities.Similarity,0.00,23,1,29,0,23,13,0,17,985,1
"org.apache.lucene.search.similarities.BM25Similarity$BM25Stats",3,0.08,1.00,18,0.18,3644.99,9,6,10,4,1,157.57,8,24,0,2,117.68,0.00,0.50,0.22,0,1.00,1,541.99,0,0,1,org.apache.lucene.search.similarities.Stats,0.00,1,1,3,0,1,3,0,8,133,2
"org.apache.lucene.search.similarities.BM25Similarity$ExactBM25DocScorer",3,0.25,1.00,15,0.18,3816.87,7,4,10,4,1,120.48,1,21,0,2,120.48,0.00,0.50,0.42,0,2.00,1,534.26,0,1,1,org.apache.lucene.search.similarities.ExactDocScorer,0.00,1,1,3,0,1,2,0,1,126,1
"org.apache.lucene.search.similarities.BM25Similarity$ExactBM25DocScorerNoNorms",3,0.00,1.67,17,0.20,5389.45,7,4,10,4,1,169.18,5,22,0,2,119.18,0.00,0.50,0.25,0,2.00,2,610.27,0,1,1,org.apache.lucene.search.similarities.ExactDocScorer,0.00,1,1,5,0,1,2,0,5,138,1
"org.apache.lucene.search.similarities.BM25Similarity$SloppyBM25DocScorer",5,0.00,1.20,19,0.24,5142.54,9,4,10,8,2,129.44,2,29,0,2,129.44,0.00,0.50,0.25,0,6.00,2,717.56,0,1,2,org.apache.lucene.search.similarities.SloppyDocScorer,0.00,3,1,6,0,3,4,0,2,171,1
"org.apache.lucene.search.similarities.BasicModel",3,0.00,1.00,11,0.15,3391.00,3,0,1,11,12,86.87,21,16,10,1,129.16,0.00,0.00,0.00,1,3.00,1,435.67,0,2,2,java.lang.Object,0.00,8,0,3,7,8,1,0,4,100,2
"org.apache.lucene.search.similarities.BasicModelBE",3,0.00,1.00,9,0.18,6349.13,3,0,1,5,4,127.25,12,16,2,2,127.01,0.00,0.50,0.00,0,3.00,1,530.68,0,1,2,org.apache.lucene.search.similarities.BasicModel,0.33,2,1,3,0,2,2,0,3,121,1
"org.apache.lucene.search.similarities.BasicModelD",2,0.00,1.00,10,0.19,8198.97,2,0,1,4,4,74.19,15,15,2,2,116.48,0.00,0.50,0.00,0,2.00,1,560.80,0,1,2,org.apache.lucene.search.similarities.BasicModel,0.40,2,1,2,0,2,1,0,4,117,1
"org.apache.lucene.search.similarities.BasicModelG",2,0.00,1.00,8,0.11,4039.87,2,0,1,5,4,122.75,8,13,2,2,122.51,0.00,0.50,0.00,0,2.00,1,343.48,0,1,2,org.apache.lucene.search.similarities.BasicModel,0.80,3,1,2,0,3,1,0,3,79,1
"org.apache.lucene.search.similarities.BasicModelIF",2,0.00,1.00,7,0.10,2404.75,2,0,1,5,5,168.83,4,12,3,2,128.95,0.00,0.50,0.00,0,2.00,1,285.04,0,1,2,org.apache.lucene.search.similarities.BasicModel,0.40,3,1,2,0,3,1,0,1,66,1
"org.apache.lucene.search.similarities.BasicModelIn",3,0.00,1.00,15,0.22,6596.40,3,0,2,12,5,168.61,4,24,2,2,118.61,0.00,0.50,0.00,1,3.00,1,669.31,0,2,3,org.apache.lucene.search.similarities.BasicModel,0.33,9,1,3,0,9,1,0,1,144,1
"org.apache.lucene.search.similarities.BasicModelIne",2,0.00,1.00,8,0.13,4180.94,2,0,1,6,4,162.28,5,13,2,2,122.40,0.00,0.50,0.00,0,2.00,1,397.05,0,1,2,org.apache.lucene.search.similarities.BasicModel,0.40,4,1,2,0,4,1,0,1,86,1
"org.apache.lucene.search.similarities.BasicModelP",2,1.00,1.00,7,0.15,5097.75,3,1,1,4,4,126.61,9,14,2,2,126.38,0.00,0.50,0.50,0,2.00,1,463.41,0,1,2,org.apache.lucene.search.similarities.BasicModel,0.40,2,1,2,0,2,1,0,2,101,1
"org.apache.lucene.search.similarities.BasicSimilarityProvider",5,0.75,1.00,12,0.09,1117.43,6,1,0,5,4,141.51,24,22,2,1,141.27,0.00,0.00,0.40,0,7.00,1,283.97,0,2,2,java.lang.Object,0.00,0,0,5,0,0,3,1,2,80,1
"org.apache.lucene.search.similarities.BasicStats",15,0.05,1.00,42,0.28,4003.51,23,8,1,15,41,180.55,44,60,40,2,140.66,1.00,0.33,0.08,1,111.00,1,842.05,0,0,1,Similarity.Stats,0.00,0,1,15,1,0,15,0,27,231,1
"org.apache.lucene.search.similarities.DFRSimilarity",7,0.28,1.29,29,0.37,10560.88,10,3,1,21,10,144.07,22,47,4,3,123.45,0.00,0.67,0.57,0,0.00,2,1114.05,0,2,6,org.apache.lucene.search.similarities.SimilarityBase,0.12,14,2,9,0,14,5,0,4,254,1
"org.apache.lucene.search.similarities.DefaultSimilarity",8,0.71,1.12,20,0.26,5474.07,9,1,2,13,44,119.54,40,38,41,3,137.42,2.00,0.29,0.38,0,14.00,2,773.99,1,1,3,org.apache.lucene.search.similarities.TFIDFSimilarity,0.36,5,2,9,4,5,7,0,10,187,1
"org.apache.lucene.search.similarities.DefaultSimilarityProvider",3,1.00,1.00,8,0.08,1125.06,4,1,0,5,34,97.21,23,12,31,1,139.50,0.00,0.00,0.33,0,4.00,1,226.88,0,1,3,java.lang.Object,0.00,2,0,3,6,2,2,1,4,62,1
"org.apache.lucene.search.similarities.Distribution",3,0.00,1.00,5,0.06,777.46,3,0,1,5,7,152.23,13,9,5,1,151.99,0.00,0.00,0.00,1,3.00,1,184.75,0,2,2,java.lang.Object,0.00,2,0,3,2,2,1,0,4,52,2
"org.apache.lucene.search.similarities.DistributionLL",2,0.00,1.00,5,0.06,1435.81,2,0,0,3,5,93.15,23,10,3,2,137.28,0.00,0.50,0.00,0,2.00,1,181.71,0,1,2,org.apache.lucene.search.similarities.Distribution,0.40,1,1,2,0,1,1,0,2,47,1
"org.apache.lucene.search.similarities.DistributionSPL",2,0.00,1.50,7,0.10,3762.74,2,0,0,4,5,89.76,24,14,3,2,127.32,0.00,0.50,0.00,0,2.00,2,308.81,0,1,2,org.apache.lucene.search.similarities.Distribution,0.40,2,1,3,0,2,1,0,2,71,1
"org.apache.lucene.search.similarities.IBSimilarity",7,0.28,1.14,26,0.33,8192.57,10,3,1,20,10,129.24,31,47,4,3,129.01,0.00,0.67,0.57,0,0.00,2,998.60,0,3,6,org.apache.lucene.search.similarities.SimilarityBase,0.12,13,2,8,0,13,4,0,5,232,1
"org.apache.lucene.search.similarities.LMDirichletSimilarity",8,0.71,1.25,28,0.43,15555.31,9,1,1,16,7,167.14,21,46,4,4,127.25,0.00,0.75,0.38,0,14.00,2,1277.17,1,1,3,org.apache.lucene.search.similarities.LMSimilarity,0.12,8,3,10,0,8,7,0,7,275,1
"org.apache.lucene.search.similarities.LMJelinekMercerSimilarity",6,0.60,1.17,18,0.25,5500.20,7,1,1,12,7,169.73,16,34,4,4,129.84,0.00,0.75,0.50,0,6.00,2,750.88,1,1,3,org.apache.lucene.search.similarities.LMSimilarity,0.12,6,3,7,0,6,5,0,5,176,1
"org.apache.lucene.search.similarities.LMSimilarity",7,0.67,1.14,24,0.27,5430.83,8,1,4,15,7,112.54,40,39,2,3,130.42,1.00,0.40,0.43,0,10.00,2,818.46,1,3,5,org.apache.lucene.search.similarities.SimilarityBase,0.23,8,2,8,2,8,4,0,10,195,2
"org.apache.lucene.search.similarities.LMSimilarity$CollectionModel",2,0.00,1.00,3,0.01,70.11,2,0,4,2,1,198.72,5,4,0,1,158.84,0.00,0.00,0.00,0,2.00,1,42.87,0,1,1,,0.00,0,0,2,0,0,1,0,2,17,2
"org.apache.lucene.search.similarities.LMSimilarity$DefaultCollectionModel",2,0.00,1.00,5,0.06,931.10,2,0,4,4,1,138.76,0,10,0,1,138.76,0.00,0.00,0.00,0,2.00,1,166.55,0,1,1,java.lang.Object,0.00,2,0,2,0,2,1,1,0,45,2
"org.apache.lucene.search.similarities.LMSimilarity$LMStats",3,1.00,1.00,8,0.05,551.81,4,1,4,3,1,162.55,9,12,0,3,141.94,0.00,0.67,0.33,0,4.00,1,150.23,0,0,1,org.apache.lucene.search.similarities.BasicStats,0.00,0,2,3,0,0,3,0,3,45,2
"org.apache.lucene.search.similarities.Lambda",3,0.00,1.00,4,0.03,209.22,3,0,1,3,7,156.72,14,6,5,1,156.48,0.00,0.00,0.00,0,3.00,1,86.61,0,2,2,java.lang.Object,0.00,0,0,3,2,0,1,0,4,30,2
"org.apache.lucene.search.similarities.LambdaDF",3,0.00,1.00,12,0.16,4274.13,3,0,1,11,6,173.71,4,21,3,2,123.71,0.00,0.50,0.00,1,3.00,1,490.90,0,2,3,org.apache.lucene.search.similarities.Lambda,0.33,8,1,3,0,8,1,0,1,112,1
"org.apache.lucene.search.similarities.LambdaTTF",3,0.00,1.00,12,0.16,4274.13,3,0,1,11,6,173.71,4,21,3,2,123.71,0.00,0.50,0.00,1,3.00,1,490.90,0,2,3,org.apache.lucene.search.similarities.Lambda,0.33,8,1,3,0,8,1,0,1,112,1
"org.apache.lucene.search.similarities.MultiSimilarity",5,0.25,1.60,33,0.44,15579.61,6,1,7,12,7,164.35,6,37,1,2,114.35,0.00,0.50,0.80,0,0.00,2,1308.06,0,3,6,org.apache.lucene.search.similarities.Similarity,0.00,7,1,8,0,7,2,0,1,273,1
"org.apache.lucene.search.similarities.MultiSimilarity$MultiExactDocScorer",3,1.00,1.67,16,0.16,4548.82,4,1,7,8,1,119.76,0,22,0,2,119.76,0.00,0.50,0.00,1,3.00,2,482.78,0,1,1,org.apache.lucene.search.similarities.ExactDocScorer,0.00,5,1,5,0,5,2,0,0,112,2
"org.apache.lucene.search.similarities.MultiSimilarity$MultiSloppyDocScorer",5,0.75,1.40,20,0.22,5608.69,6,1,7,12,2,124.45,0,30,0,2,124.45,0.00,0.50,0.40,1,7.00,2,666.67,0,1,2,org.apache.lucene.search.similarities.SloppyDocScorer,0.00,7,1,7,0,7,4,0,0,157,2
"org.apache.lucene.search.similarities.MultiSimilarity$MultiStats",3,1.00,1.67,14,0.11,2720.68,4,1,7,5,0,125.13,0,20,0,2,125.13,0.00,0.50,0.33,0,4.00,2,340.45,0,0,0,org.apache.lucene.search.similarities.Stats,0.00,2,1,5,0,2,3,0,0,85,2
"org.apache.lucene.search.similarities.Normalization",3,0.00,1.00,12,0.16,3787.41,3,0,1,10,12,91.90,20,16,10,1,124.12,0.00,0.00,0.00,1,3.00,1,473.43,0,2,2,java.lang.Object,0.00,7,0,3,5,7,1,0,5,110,2
"org.apache.lucene.search.similarities.Normalization$NoNormalization",3,0.00,1.00,7,0.07,1063.00,3,0,1,4,3,139.69,0,15,0,2,139.69,0.00,0.50,0.00,0,3.00,1,220.81,0,2,3,org.apache.lucene.search.similarities.Normalization,0.33,1,1,3,0,1,1,0,0,59,3
"org.apache.lucene.search.similarities.NormalizationH1",2,0.00,1.00,5,0.05,1080.22,2,0,0,3,4,89.78,20,10,2,2,138.25,0.00,0.50,0.00,0,2.00,1,156.30,0,1,2,org.apache.lucene.search.similarities.Normalization,0.40,1,1,2,0,1,1,0,2,42,1
"org.apache.lucene.search.similarities.NormalizationH2",2,0.00,1.00,5,0.06,1482.23,2,0,1,3,6,177.06,5,10,4,2,137.17,0.00,0.50,0.00,0,2.00,1,192.61,0,1,2,org.apache.lucene.search.similarities.Normalization,0.40,1,1,2,0,1,1,0,1,49,1
"org.apache.lucene.search.similarities.NormalizationH3",5,0.50,1.00,12,0.13,2501.02,6,1,0,7,6,138.75,20,20,4,2,138.52,0.00,0.50,0.60,0,2.00,1,376.60,0,1,2,org.apache.lucene.search.similarities.Normalization,0.25,2,1,5,0,2,4,0,2,99,1
"org.apache.lucene.search.similarities.NormalizationZ",5,0.50,1.00,12,0.10,1607.16,6,1,0,6,4,140.26,20,20,2,2,140.03,0.00,0.50,0.60,0,2.00,1,312.35,0,1,2,org.apache.lucene.search.similarities.Normalization,0.25,1,1,5,0,1,4,0,2,85,1
"org.apache.lucene.search.similarities.Similarity",4,0.00,1.00,8,0.09,705.25,4,0,16,4,104,189.91,111,9,91,1,142.08,0.00,0.00,0.00,0,4.00,1,273.00,0,0,14,java.lang.Object,0.00,0,0,4,16,0,4,0,8,76,2
"org.apache.lucene.search.similarities.Similarity$ExactDocScorer",2,0.00,1.00,6,0.08,1933.27,2,0,16,5,1,97.47,12,9,0,1,129.69,0.00,0.00,0.00,1,2.00,1,249.26,0,1,1,java.lang.Object,0.00,3,0,2,0,3,1,0,2,62,3
"org.apache.lucene.search.similarities.Similarity$SloppyDocScorer",4,0.00,1.00,8,0.10,1955.21,4,0,16,7,2,159.21,14,11,0,1,138.59,0.00,0.00,0.00,1,4.00,1,314.66,0,1,2,java.lang.Object,0.00,3,0,4,0,3,3,0,4,82,3
"org.apache.lucene.search.similarities.Similarity$Stats",2,0.00,1.00,3,0.02,145.87,2,0,16,2,0,124.11,12,4,0,1,156.33,0.00,0.00,0.00,0,2.00,1,62.72,0,0,0,java.lang.Object,0.00,0,0,2,0,0,2,0,2,22,3
"org.apache.lucene.search.similarities.SimilarityBase",15,0.24,1.67,100,1.34,54200.58,18,3,11,45,18,81.62,104,126,6,2,113.84,5.00,0.14,0.11,4,68.00,4,4030.91,0,6,12,org.apache.lucene.search.similarities.Similarity,0.00,30,1,25,5,30,9,0,33,807,2
"org.apache.lucene.search.similarities.SimilarityBase$BasicExactDocScorer",3,0.25,1.67,10,0.15,3175.73,5,2,11,5,3,129.27,1,18,0,2,129.27,0.00,0.50,0.67,0,1.00,2,449.20,0,1,3,org.apache.lucene.search.similarities.ExactDocScorer,0.00,2,1,5,0,2,2,0,1,106,1
"org.apache.lucene.search.similarities.SimilarityBase$BasicSloppyDocScorer",5,0.12,1.40,14,0.20,3833.80,7,2,11,7,4,136.98,1,26,0,2,136.98,0.00,0.50,0.40,0,7.00,2,595.52,0,1,4,org.apache.lucene.search.similarities.SloppyDocScorer,0.00,2,1,7,0,2,4,0,1,143,1
"org.apache.lucene.search.similarities.SimilarityProvider",3,0.00,1.00,4,0.03,195.97,3,0,1,3,43,174.84,55,5,41,1,156.71,0.00,0.00,0.00,0,3.00,1,86.16,0,1,2,,0.00,0,0,3,0,0,2,0,5,30,1
"org.apache.lucene.search.similarities.SpoofIndexSearcher",1,0.00,1.00,6,0.05,379.33,1,0,18,2,15,79.37,7,8,1,2,121.66,0.00,0.50,0.00,0,1.00,1,143.10,0,0,14,org.apache.lucene.search.IndexSearcher,0.00,1,1,1,0,1,1,0,3,40,1
"org.apache.lucene.search.similarities.SpoofIndexSearcher$SpoofFields",3,1.00,1.00,8,0.07,826.72,4,1,18,4,4,140.55,2,14,0,2,140.55,0.00,0.50,0.33,0,4.00,1,199.13,0,2,4,org.apache.lucene.index.Fields,0.40,1,1,3,0,1,1,0,2,55,2
"org.apache.lucene.search.similarities.SpoofIndexSearcher$SpoofIndexReader",20,0.45,1.00,36,0.39,4822.68,22,2,18,24,9,152.24,3,83,0,2,152.24,0.00,0.50,0.08,0,70.00,1,1167.78,0,7,9,org.apache.lucene.index.IndexReader,0.19,4,1,20,0,4,13,0,3,313,2
"org.apache.lucene.search.similarities.SpoofIndexSearcher$SpoofTerms",6,0.60,1.00,14,0.12,1701.45,7,1,18,8,3,140.46,2,26,0,2,140.46,0.00,0.50,0.50,0,6.00,1,373.24,0,2,3,org.apache.lucene.index.Terms,0.48,2,1,6,0,2,4,0,2,101,2
"org.apache.lucene.search.similarities.TFIDFSimilarity",13,1.00,1.38,76,1.20,63787.37,14,1,9,27,20,67.26,618,98,12,2,115.79,5.00,0.14,0.08,2,24.00,4,3596.07,0,6,8,org.apache.lucene.search.similarities.Similarity,0.00,14,1,18,5,14,7,0,17,706,2
"org.apache.lucene.search.similarities.TFIDFSimilarity$ExactTFIDFDocScorer",3,0.20,2.00,20,0.24,6387.96,8,5,9,4,1,165.60,5,26,0,2,115.60,0.00,0.50,0.33,0,1.00,3,733.44,0,1,1,org.apache.lucene.search.similarities.ExactDocScorer,0.00,1,1,6,0,1,2,0,5,162,2
"org.apache.lucene.search.similarities.TFIDFSimilarity$IDFStats",3,0.10,1.00,16,0.15,2894.33,8,5,9,4,1,161.31,7,22,0,2,121.43,0.00,0.50,0.27,0,1.00,1,453.35,0,0,1,org.apache.lucene.search.similarities.Stats,0.00,1,1,3,0,1,3,0,7,113,2
"org.apache.lucene.search.similarities.TFIDFSimilarity$SloppyTFIDFDocScorer",5,0.08,1.20,17,0.20,3859.89,8,3,9,9,2,130.42,2,27,0,2,130.42,0.00,0.50,0.27,0,7.00,2,607.92,0,1,2,org.apache.lucene.search.similarities.SloppyDocScorer,0.00,4,1,6,0,4,4,0,2,150,2
"org.apache.lucene.search.similarities.TestSimilarity2",8,1.00,2.62,165,2.35,65154.57,9,1,26,45,28,131.34,17,175,0,2,91.45,0.00,0.50,0.12,0,14.00,7,7061.95,1,0,28,org.apache.lucene.util.LuceneTestCase,0.00,37,1,21,0,37,8,0,13,1225,1
"org.apache.lucene.search.similarities.TestSimilarityBase",34,0.07,1.29,253,4.21,116543.54,54,20,21,116,46,111.82,168,351,0,2,111.58,0.00,0.50,0.12,3,0.00,8,12639.34,2,1,46,org.apache.lucene.util.LuceneTestCase,0.00,82,1,44,0,82,33,0,80,2426,1
"org.apache.lucene.facet.example.adaptive.AdaptiveMain",2,0.00,1.00,14,0.15,3572.97,2,0,9,10,11,93.72,28,17,2,1,113.87,0.00,0.00,0.00,0,2.00,1,451.79,0,1,9,java.lang.Object,0.00,8,0,2,0,8,1,0,5,97,1
"org.apache.lucene.facet.example.adaptive.AdaptiveSearcher",1,0.00,2.00,21,0.38,14770.46,1,0,19,21,19,54.98,42,23,1,1,88.69,0.00,0.00,0.00,0,1.00,2,1130.93,0,1,18,java.lang.Object,0.00,20,0,2,0,20,0,0,17,186,1
"org.apache.solr.search.grouping.collector.FilterCollector",7,0.08,1.14,23,0.18,2657.11,11,4,5,12,7,182.86,10,32,3,2,132.86,0.00,0.50,0.32,0,0.00,2,548.74,0,1,4,org.apache.lucene.index.Collector,0.00,5,1,8,0,5,6,0,2,145,1
"org.apache.lucene.search.spans.FieldMaskingSpanQuery",10,0.17,1.30,41,0.48,14265.26,12,2,10,25,12,123.88,44,67,3,3,123.64,0.00,0.67,0.35,2,6.00,3,1451.00,2,5,9,org.apache.lucene.search.spans.SpanQuery,0.26,15,2,13,0,15,5,0,3,340,1
"org.apache.lucene.search.spans.JustCompileSearchSpans",0,0.00,0.00,6,0.06,759.99,1,1,6,0,3,171.00,7,10,0,1,171.00,0.00,0.00,0.00,0,0.00,0,174.17,0,0,3,java.lang.Object,0.00,0,0,0,0,0,0,0,1,41,1
"org.apache.lucene.search.spans.JustCompileSearchSpans$JustCompilePayloadSpans",7,0.00,1.00,15,0.15,2024.81,7,0,6,8,1,140.39,0,30,0,2,140.39,0.00,0.50,0.00,0,0.00,1,436.73,0,1,1,org.apache.lucene.search.spans.Spans,1.00,1,1,7,0,1,6,0,0,117,2
"org.apache.lucene.search.spans.JustCompileSearchSpans$JustCompileSpanQuery",3,0.00,1.00,7,0.07,903.18,3,0,6,4,3,140.25,0,14,0,3,140.25,0.00,0.67,0.00,0,0.00,1,212.45,0,3,3,org.apache.lucene.search.spans.SpanQuery,0.19,1,2,3,0,1,0,0,0,57,2
"org.apache.lucene.search.spans.JustCompileSearchSpans$JustCompileSpanScorer",2,0.00,1.00,5,0.05,645.41,2,0,6,3,3,140.01,0,10,0,4,140.01,0.00,0.75,0.00,0,2.00,1,160.57,0,0,3,org.apache.lucene.search.spans.SpanScorer,0.21,1,3,2,0,1,2,0,0,43,2
"org.apache.lucene.search.spans.JustCompileSearchSpans$JustCompileSpans",7,0.00,1.00,15,0.15,2024.81,7,0,6,8,1,140.39,0,30,0,2,140.39,0.00,0.50,0.00,0,0.00,1,436.73,0,1,1,org.apache.lucene.search.spans.Spans,1.00,1,1,7,0,1,6,0,0,117,2
"org.apache.lucene.search.spans.MultiSpansWrapper",9,0.19,2.89,66,0.78,47063.06,13,4,7,22,12,109.95,8,99,8,2,109.95,0.00,0.50,0.42,0,0.00,7,2325.27,0,2,4,org.apache.lucene.search.spans.Spans,0.88,13,1,26,0,13,7,0,2,487,1
"org.apache.lucene.search.spans.NearSpansOrdered",17,0.12,3.18,180,2.30,173797.74,29,12,11,37,8,102.09,70,218,4,2,101.86,0.00,0.50,0.20,3,56.00,12,6905.92,0,3,5,org.apache.lucene.search.spans.Spans,0.58,20,1,54,0,20,14,0,31,1292,1
"org.apache.lucene.search.spans.NearSpansOrdered$Comparator<Spans>",1,0.00,1.00,3,0.03,480.85,1,0,11,2,1,132.08,0,4,0,1,132.08,0.00,0.00,0.00,0,1.00,1,93.66,0,0,1,java.lang.Object,0.00,1,0,1,0,1,1,0,0,27,0
"org.apache.lucene.search.spans.NearSpansUnordered",17,0.08,2.65,135,1.40,51260.43,28,11,9,46,7,151.74,44,166,3,2,111.85,0.00,0.50,0.17,8,92.00,11,4208.67,0,4,5,org.apache.lucene.search.spans.Spans,0.58,29,1,45,0,29,13,0,35,880,1
"org.apache.lucene.search.spans.NearSpansUnordered$CellQueue",2,0.00,1.50,8,0.09,2854.54,2,0,9,4,2,123.61,0,13,0,2,123.61,0.00,0.50,0.00,0,2.00,2,260.58,0,0,2,org.apache.lucene.util.PriorityQueue,0.00,2,1,3,0,2,2,0,0,65,1
"org.apache.lucene.search.spans.NearSpansUnordered$SpansCell",10,0.00,1.30,34,0.36,11038.58,14,4,9,18,1,129.18,4,49,0,2,129.18,0.00,0.50,0.25,3,0.00,4,1088.55,0,2,1,org.apache.lucene.search.spans.Spans,0.82,8,1,13,0,8,8,0,4,266,1
"org.apache.lucene.search.spans.SpanFirstQuery",6,0.00,1.67,29,0.44,16036.32,6,0,2,19,15,171.44,10,48,11,5,121.44,0.00,0.80,0.00,1,0.00,3,1317.08,1,3,4,org.apache.lucene.search.spans.SpanPositionRangeQuery,0.29,13,4,10,0,13,3,0,3,291,1
"org.apache.lucene.search.spans.SpanMultiTermQueryWrapper",9,0.25,1.67,41,0.48,13555.81,10,1,11,24,15,123.63,41,59,5,3,123.40,0.00,0.67,0.78,1,0.00,4,1434.88,0,4,10,org.apache.lucene.search.spans.SpanQuery,0.27,15,2,15,0,15,5,0,6,327,1
"org.apache.lucene.search.spans.SpanMultiTermQueryWrapper$SpanRewriteMethod",1,0.00,1.00,2,0.03,309.01,1,0,11,1,3,140.16,0,4,0,2,140.16,0.00,0.50,0.00,0,1.00,1,90.33,0,0,3,MultiTermQuery.RewriteMethod,0.00,0,1,1,0,0,1,0,0,25,3
"org.apache.lucene.search.spans.SpanMultiTermQueryWrapper$SpanRewriteMethod_0",2,0.00,1.00,8,0.08,1923.95,2,0,11,4,5,92.83,12,14,0,1,125.05,0.00,0.00,0.00,0,2.00,1,243.19,0,1,5,java.lang.Object,0.00,2,0,2,0,2,1,0,2,61,0
"org.apache.lucene.search.spans.SpanMultiTermQueryWrapper$SpanRewriteMethod_0$ScoringRewrite<SpanOrQuery>",3,0.00,1.00,8,0.09,1599.61,3,0,11,7,4,138.30,1,14,0,1,138.30,0.00,0.00,0.00,0,3.00,1,275.65,0,0,4,java.lang.Object,0.00,4,0,3,0,4,3,0,1,69,0
"org.apache.lucene.search.spans.SpanMultiTermQueryWrapper$SpanRewriteMethod_0$TopTermsSpanBooleanQueryRewrite",5,0.00,1.60,16,0.18,4223.19,6,1,11,11,5,180.05,5,25,0,2,130.05,0.00,0.50,1.00,0,0.00,4,534.36,0,0,5,org.apache.lucene.search.spans.SpanRewriteMethod,0.00,6,1,8,0,6,5,0,2,130,3
"org.apache.lucene.search.spans.SpanMultiTermQueryWrapper$SpanRewriteMethod_0$TopTermsSpanBooleanQueryRewrite$TopTermsRewrite<SpanOrQuery>",3,0.00,1.00,9,0.10,1730.15,3,0,11,7,4,131.46,0,15,0,1,131.46,0.00,0.00,0.00,0,3.00,1,294.90,0,0,4,java.lang.Object,0.00,4,0,3,0,4,3,0,0,73,0
"org.apache.lucene.search.spans.SpanNearPayloadCheckQuery",6,0.60,2.50,52,0.63,26122.58,7,1,4,23,6,148.33,16,70,2,4,108.45,0.00,0.75,0.50,1,2.00,7,1886.58,1,3,4,org.apache.lucene.search.spans.SpanPositionCheckQuery,0.31,17,3,15,0,17,3,0,8,388,1
"org.apache.lucene.search.spans.SpanNearQuery",13,0.13,2.54,97,1.20,52511.16,18,5,11,43,36,150.75,26,117,28,3,110.86,0.50,0.50,0.32,2,10.00,6,3594.87,1,5,10,org.apache.lucene.search.spans.SpanQuery,0.35,30,2,33,1,30,8,1,17,737,1
"org.apache.lucene.search.spans.SpanNotQuery",11,0.05,1.64,56,0.68,26084.11,13,2,10,28,18,118.24,10,74,11,3,118.24,0.00,0.67,0.55,2,0.00,5,2040.35,1,4,7,org.apache.lucene.search.spans.SpanQuery,0.38,17,2,18,0,17,7,1,9,463,1
"org.apache.lucene.search.spans.SpanNotQuery$Spans",8,0.18,2.38,37,0.61,41080.08,12,4,10,16,2,159.01,16,67,0,1,119.12,0.00,0.00,0.41,1,0.00,6,1841.72,0,2,2,java.lang.Object,0.00,8,0,19,0,8,6,0,16,399,0
"org.apache.lucene.search.spans.SpanOrQuery",11,0.05,2.45,78,0.96,36720.74,13,2,13,42,31,111.52,9,96,23,3,111.52,0.00,0.67,0.45,2,0.00,5,2882.99,1,5,8,org.apache.lucene.search.spans.SpanQuery,0.38,31,2,27,0,31,6,1,9,606,1
"org.apache.lucene.search.spans.SpanOrQuery$SpanQueue",2,0.00,2.00,11,0.13,6227.84,2,0,13,5,2,117.26,0,18,0,2,117.26,0.00,0.50,0.00,0,2.00,3,383.56,0,0,2,org.apache.lucene.util.PriorityQueue,0.00,3,1,4,0,3,2,0,0,93,1
"org.apache.lucene.search.spans.SpanOrQuery$Spans",10,0.56,2.20,52,0.69,23814.31,11,1,13,27,3,118.15,3,75,0,1,118.15,0.00,0.00,0.50,4,10.00,5,2068.92,0,3,3,java.lang.Object,0.00,17,0,22,0,17,7,0,3,437,0
"org.apache.lucene.search.spans.SpanPayloadCheckQuery",6,0.60,2.33,48,0.62,23272.12,7,1,5,26,6,129.47,21,66,2,4,108.86,0.00,0.75,0.50,1,2.00,5,1872.60,1,3,4,org.apache.lucene.search.spans.SpanPositionCheckQuery,0.31,20,3,14,0,20,3,0,9,386,1
"org.apache.lucene.search.spans.SpanPositionCheckQuery",7,0.50,1.29,25,0.24,6051.07,8,1,9,11,11,130.25,28,33,5,3,130.02,2.00,0.29,0.57,0,3.00,3,706.23,1,4,6,org.apache.lucene.search.spans.SpanQuery,0.15,4,2,9,4,4,3,1,6,173,2
"org.apache.lucene.search.spans.SpanPositionCheckQuery$AcceptStatus",0,0.00,0.00,2,0.01,71.32,0,0,9,0,0,171.00,0,1,0,1,171.00,0.00,0.00,0.00,0,0.00,0,28.53,0,0,0,java.lang.Object,0.00,0,0,0,0,0,0,1,0,9,2
"org.apache.lucene.search.spans.SpanPositionCheckQuery$PositionCheckSpan",10,0.11,1.90,36,0.37,8643.71,11,1,9,19,3,129.93,3,55,0,2,129.93,0.00,0.50,0.90,1,0.00,7,1105.43,0,2,3,org.apache.lucene.search.spans.Spans,0.82,9,1,19,0,9,8,0,3,264,1
"org.apache.lucene.search.spans.SpanPositionRangeQuery",8,0.14,1.50,37,0.52,18364.10,10,2,2,19,8,171.98,12,58,4,4,121.98,0.33,0.60,0.62,1,0.00,3,1561.25,1,2,4,org.apache.lucene.search.spans.SpanPositionCheckQuery,0.29,11,3,12,1,11,6,0,4,350,1
"org.apache.lucene.search.spans.SpanQuery",3,0.00,1.00,5,0.05,567.70,3,0,6,4,70,203.07,4,8,65,2,153.07,14.00,0.06,0.00,0,3.00,1,154.18,0,3,6,org.apache.lucene.search.Query,0.00,1,1,3,14,1,0,0,3,44,2
"org.apache.lucene.search.spans.SpanScorer",7,0.30,1.86,44,0.42,11449.05,12,5,4,14,10,116.52,4,62,6,3,116.52,1.50,0.33,0.46,0,0.00,4,1258.84,0,0,4,org.apache.lucene.search.Scorer,0.88,7,2,13,3,7,7,0,2,278,1
"org.apache.lucene.search.spans.SpanTermQuery",8,0.14,2.25,39,0.55,21024.41,9,1,8,26,46,121.43,5,60,38,3,121.43,0.50,0.50,0.88,0,0.00,7,1663.13,3,4,8,org.apache.lucene.search.spans.SpanQuery,0.29,18,2,18,1,18,4,0,5,356,1
"org.apache.lucene.search.spans.SpanWeight",6,0.30,1.50,40,0.66,21538.41,10,4,11,33,16,113.88,3,53,5,2,113.88,2.00,0.25,0.50,0,0.00,3,1986.85,0,2,12,org.apache.lucene.search.Weight,0.50,27,1,9,2,27,4,0,1,379,1
"org.apache.lucene.search.spans.Spans",7,0.00,1.00,8,0.06,462.42,7,0,2,7,38,114.38,49,9,38,1,156.67,0.00,0.00,0.00,0,7.00,1,173.89,0,1,0,java.lang.Object,0.00,0,0,7,9,0,6,0,9,59,2
"org.apache.lucene.search.spans.TermSpans",11,0.16,1.64,58,0.58,16749.57,18,7,7,21,10,119.75,7,84,5,2,119.75,1.00,0.33,0.29,0,0.00,4,1754.64,0,3,5,org.apache.lucene.search.spans.Spans,0.78,10,1,18,1,10,8,0,4,387,1
"org.apache.lucene.search.spans.TermSpans$EmptyTermSpans",7,0.00,1.00,15,0.11,1376.55,7,0,7,7,2,141.71,0,30,0,3,141.71,0.00,0.67,0.00,0,7.00,1,330.43,0,1,2,org.apache.lucene.search.spans.TermSpans,0.84,0,2,7,0,0,6,0,0,95,3
"org.apache.lucene.search.spans.TestBasics",28,0.12,1.07,289,8.73,211146.30,31,3,30,76,30,153.15,28,435,0,2,103.15,0.00,0.50,0.21,1,28.00,2,26192.18,0,0,30,org.apache.lucene.util.LuceneTestCase,0.00,48,1,30,0,48,28,0,6,4038,1
"org.apache.lucene.search.spans.TestBasics$Analyzer",1,0.00,1.00,4,0.05,1009.20,1,0,30,4,2,124.89,0,6,0,1,124.89,0.00,0.00,0.00,0,1.00,1,159.62,0,1,2,java.lang.Object,0.00,3,0,1,0,3,0,0,0,38,0
"org.apache.lucene.search.spans.TestBasics$SimplePayloadFilter",3,0.50,1.33,19,0.17,2926.66,6,3,30,8,3,118.37,0,26,0,2,118.37,0.00,0.50,0.67,0,0.00,2,501.89,1,0,3,org.apache.lucene.index.TokenFilter,0.00,5,1,4,0,5,3,0,0,118,2
"org.apache.lucene.search.spans.TestFieldMaskingSpanQuery",18,0.10,1.11,175,3.13,127535.38,21,3,17,55,19,105.06,2,250,0,2,105.06,0.00,0.50,0.24,3,18.00,2,9385.59,0,4,19,org.apache.lucene.util.LuceneTestCase,0.00,37,1,20,0,37,14,0,2,1819,1
"org.apache.lucene.search.spans.TestFieldMaskingSpanQuery$Term",1,0.00,1.00,3,0.05,640.22,1,0,17,4,4,131.10,0,6,0,1,131.10,0.00,0.00,0.00,0,1.00,1,144.78,0,1,4,java.lang.Object,0.00,3,0,1,0,3,0,0,0,37,0
"org.apache.lucene.search.spans.TestNearSpansOrdered",16,0.07,1.06,92,1.30,24058.18,21,5,16,50,18,119.89,13,122,0,2,119.89,0.00,0.50,0.26,2,0.00,2,3912.36,2,4,18,org.apache.lucene.util.LuceneTestCase,0.00,34,1,17,0,34,12,0,3,824,1
"org.apache.lucene.search.spans.TestPayloadSpans",14,0.03,2.79,308,5.38,238650.39,19,5,27,62,26,87.37,7,346,0,2,87.37,0.00,0.50,0.23,2,62.00,7,16149.84,1,1,26,org.apache.lucene.util.LuceneTestCase,0.00,48,1,39,0,48,13,0,7,2739,1
"org.apache.lucene.search.spans.TestPayloadSpans$PayloadAnalyzer",1,0.00,1.00,4,0.06,1028.22,1,0,27,4,2,124.82,0,7,0,2,124.82,0.00,0.50,0.00,0,1.00,1,167.13,0,1,2,org.apache.lucene.index.Analyzer,0.00,3,1,1,0,3,0,0,0,40,1
"org.apache.lucene.search.spans.TestPayloadSpans$PayloadFilter",3,0.75,2.00,31,0.36,9049.60,9,6,27,12,4,106.14,0,40,0,2,106.14,0.00,0.50,0.67,0,1.00,4,1093.20,1,0,4,org.apache.lucene.index.TokenFilter,0.00,9,1,6,0,9,3,0,0,225,1
"org.apache.lucene.search.spans.TestPayloadSpans$TestPayloadAnalyzer",1,0.00,1.00,4,0.06,1046.33,1,0,27,4,2,124.76,0,7,0,2,124.76,0.00,0.50,0.00,0,1.00,1,171.27,0,1,2,org.apache.lucene.index.Analyzer,0.00,3,1,1,0,3,0,0,0,41,2
"org.apache.lucene.search.spans.TestSpanExplanations",30,0.00,1.00,101,1.34,18616.10,30,0,1,31,3,131.21,8,132,1,3,131.21,0.50,0.50,0.00,0,30.00,1,4026.30,6,0,2,org.apache.lucene.search.TestExplanations,0.00,1,2,30,1,1,30,0,6,892,1
"org.apache.lucene.search.spans.TestSpanExplanationsOfNonMatches",1,0.00,1.00,3,0.04,549.65,1,0,2,2,3,83.52,8,7,0,4,131.62,0.00,0.75,0.00,0,0.00,1,119.24,0,0,3,org.apache.lucene.search.spans.TestSpanExplanations,0.00,1,3,1,0,1,1,0,2,30,1
"org.apache.lucene.search.spans.TestSpanFirstQuery",1,0.00,1.00,23,0.40,9391.17,1,0,13,23,16,109.54,3,25,0,2,88.92,0.00,0.50,0.00,0,1.00,1,1196.89,0,0,16,org.apache.lucene.util.LuceneTestCase,0.00,22,1,1,0,22,1,0,3,206,1
"org.apache.lucene.search.spans.TestSpanMultiTermQueryWrapper",6,0.27,1.00,45,0.60,12126.94,9,3,11,25,14,163.45,8,54,0,2,113.45,0.00,0.50,0.56,0,0.00,1,1798.61,2,0,14,org.apache.lucene.util.LuceneTestCase,0.00,19,1,6,0,19,6,0,6,367,1
"org.apache.lucene.search.spans.TestSpans",40,0.12,1.10,269,3.92,230470.18,45,5,25,93,27,112.34,16,363,0,2,112.34,0.00,0.50,0.08,10,252.00,3,11750.45,2,5,27,org.apache.lucene.util.LuceneTestCase,0.00,53,1,44,0,53,35,0,16,2303,1
"org.apache.lucene.search.spans.TestSpans$DefaultSimilarityProvider",1,0.00,1.00,3,0.01,83.32,1,0,25,2,1,138.08,0,4,0,1,138.08,0.00,0.00,0.00,0,1.00,1,36.53,0,1,1,java.lang.Object,0.00,1,0,1,0,1,0,0,0,13,0
"org.apache.lucene.search.spans.TestSpans$DefaultSimilarityProvider$DefaultSimilarity",1,0.00,1.00,3,0.02,175.12,1,0,25,1,0,135.54,0,5,0,1,135.54,0.00,0.00,0.00,0,1.00,1,54.60,0,0,0,java.lang.Object,0.00,0,0,1,0,0,1,0,0,17,0
"org.apache.lucene.search.spans.TestSpansAdvanced",6,0.20,1.33,58,0.93,33711.65,11,5,14,35,18,57.71,50,75,1,2,105.81,1.00,0.33,0.37,3,10.00,3,2790.01,2,0,17,org.apache.lucene.util.LuceneTestCase,0.00,29,1,8,1,29,6,0,15,524,1
"org.apache.lucene.search.spans.TestSpansAdvanced2",6,0.10,1.00,38,0.59,11828.33,8,2,10,25,12,98.15,32,56,0,3,116.03,0.00,0.67,0.58,0,0.00,1,1755.73,5,0,12,org.apache.lucene.search.spans.TestSpansAdvanced,0.75,19,2,6,0,19,6,0,10,350,1
"org.apache.solr.update.AddUpdateCommand",7,0.07,2.57,46,0.55,18444.11,12,5,9,23,39,164.82,12,62,28,2,114.82,0.00,0.50,0.26,1,0.00,8,1654.17,0,5,11,org.apache.solr.update.UpdateCommand,0.22,16,1,18,0,16,2,0,8,341,1
"org.apache.solr.update.CommitTracker",14,0.05,2.00,82,0.86,21803.41,26,12,13,34,8,140.24,42,118,2,1,119.63,0.00,0.00,0.13,1,66.00,5,2594.40,0,1,6,java.lang.Object,0.00,20,0,28,0,20,13,1,33,555,1
"org.apache.solr.update.CommitUpdateCommand",2,0.40,1.00,11,0.12,1383.79,7,5,1,2,20,122.80,8,19,18,2,122.56,0.00,0.50,0.40,0,2.00,1,349.66,0,1,2,org.apache.solr.update.UpdateCommand,0.50,0,1,2,0,0,1,0,2,85,1
"org.apache.solr.update.DefaultSolrCoreState",8,0.00,1.62,31,0.35,6939.25,11,3,4,19,6,129.95,0,55,1,2,129.95,0.00,0.50,0.33,1,12.00,3,1052.46,0,3,5,org.apache.solr.update.SolrCoreState,0.43,11,1,13,0,11,5,0,0,244,2
"org.apache.solr.update.DeleteUpdateCommand",4,0.33,1.75,23,0.24,6408.27,7,3,5,13,22,169.56,6,32,16,2,119.56,0.00,0.50,0.58,0,0.00,3,707.24,0,2,6,org.apache.solr.update.UpdateCommand,0.33,9,1,7,0,9,2,0,4,163,1
"org.apache.solr.update.DirectUpdateHandler2",26,0.12,2.46,275,3.63,167539.15,44,18,26,97,34,153.49,46,369,10,2,103.49,0.00,0.50,0.17,2,0.00,16,10886.33,3,11,25,org.apache.solr.update.UpdateHandler,0.38,71,1,64,0,71,15,0,39,1983,1
"org.apache.solr.update.DirectUpdateHandlerOptimizeTest",4,0.00,1.50,40,0.46,21755.73,4,0,8,18,9,124.80,14,47,0,3,104.19,0.00,0.67,0.00,1,6.00,3,1392.04,0,2,9,org.apache.solr.util.AbstractSolrTestCase,0.17,14,2,6,0,14,2,0,11,258,1
"org.apache.solr.update.DirectUpdateHandlerOptimizeTest$FileFilter",1,0.00,1.00,3,0.02,227.68,1,0,8,3,0,134.64,0,4,0,1,134.64,0.00,0.00,0.00,0,1.00,1,70.91,0,0,0,java.lang.Object,0.00,2,0,1,0,2,1,0,0,21,0
"org.apache.solr.update.DirectUpdateHandlerTest",7,0.00,1.00,121,1.86,72207.59,7,0,12,32,11,93.73,32,158,0,3,93.50,0.00,0.67,0.00,0,13.00,1,5581.77,13,0,11,org.apache.solr.SolrTestCaseJ4,0.05,25,2,7,0,25,7,0,29,957,1
"org.apache.solr.update.DocumentBuilder",12,0.12,4.58,142,2.30,189148.93,15,3,10,53,15,56.46,87,198,6,1,98.75,0.00,0.00,0.22,3,38.00,17,6906.35,0,4,9,java.lang.Object,0.00,41,0,55,0,41,8,0,36,1206,1
"org.apache.solr.update.DocumentBuilderTest",5,0.00,1.60,43,0.64,17617.20,5,0,8,23,7,149.16,10,66,0,3,109.27,0.00,0.67,0.00,0,0.00,3,1927.11,1,0,7,org.apache.solr.SolrTestCaseJ4,0.00,18,2,8,0,18,5,0,7,370,1
"org.apache.solr.update.FSUpdateLog",16,0.13,1.81,115,1.20,33849.34,30,14,15,42,14,133.77,53,163,0,2,113.15,0.00,0.50,0.19,3,46.00,4,3595.04,0,2,14,org.apache.solr.update.UpdateLog,0.08,26,1,29,0,26,14,0,37,759,1
"org.apache.solr.update.FSUpdateLog$FilenameFilter",1,0.00,1.00,3,0.02,217.60,1,0,15,2,0,134.79,0,4,0,1,134.79,0.00,0.00,0.00,0,1.00,1,68.92,0,0,0,java.lang.Object,0.00,1,0,1,0,1,1,0,0,20,0
"org.apache.solr.update.FSUpdateLog$LogPtr",2,1.00,1.00,6,0.04,371.42,3,1,15,2,0,135.34,0,9,0,1,135.34,0.00,0.00,0.50,0,2.00,1,108.38,0,1,0,java.lang.Object,0.00,0,0,2,0,0,1,0,0,33,1
"org.apache.solr.update.FSUpdateLog$TransactionLog",13,0.10,2.23,124,1.48,47129.84,25,12,15,53,9,157.19,21,163,0,1,107.19,0.00,0.00,0.17,3,0.00,5,4443.89,0,3,9,java.lang.Object,0.00,40,0,29,0,40,10,0,21,864,0
"org.apache.solr.update.FSUpdateLog$TransactionLog$ChannelFastInputStream",3,0.00,1.33,15,0.15,3720.86,5,2,15,6,1,120.50,0,22,0,3,120.50,0.00,0.67,0.50,0,1.00,2,439.41,0,0,1,org.apache.solr.common.util.FastInputStream,0.22,3,2,4,0,3,3,0,0,104,0
"org.apache.solr.update.FSUpdateLog$TransactionLog$JavaBinCodec.ObjectResolver",1,0.00,2.00,7,0.08,2174.66,1,0,15,2,2,113.04,0,10,0,1,113.04,0.00,0.00,0.00,0,1.00,2,233.77,0,1,2,java.lang.Object,0.00,1,0,2,0,1,0,0,0,53,0
"org.apache.solr.update.FSUpdateLog$TransactionLog$LogCodec",3,0.00,2.00,18,0.17,4544.07,3,0,15,4,3,156.65,7,27,0,2,116.77,0.00,0.50,0.00,0,6.00,3,510.71,3,1,3,org.apache.solr.common.util.JavaBinCodec,0.00,1,1,6,0,1,2,0,7,111,1
"org.apache.solr.update.MergeIndexesCommand",2,1.00,2.00,16,0.18,8213.31,3,1,3,7,11,129.31,6,19,7,2,108.70,0.00,0.50,0.50,0,2.00,3,535.17,0,1,4,org.apache.solr.update.UpdateCommand,0.50,5,1,4,0,5,1,0,1,114,1
"org.apache.solr.update.NewSearcherListener",8,0.00,1.88,37,0.39,9860.92,12,4,16,14,13,124.06,4,54,1,1,124.06,0.00,0.00,0.25,0,14.00,5,1158.50,0,0,12,java.lang.Object,0.00,6,0,15,0,6,8,1,4,258,0
"org.apache.solr.update.NewSearcherListener$AutoCommitTest",9,0.00,1.89,259,4.24,230368.35,9,0,16,44,10,49.94,56,280,0,3,82.16,0.00,0.67,0.00,2,11.00,3,12720.05,4,3,10,org.apache.solr.util.AbstractSolrTestCase,0.15,35,2,17,0,35,6,0,52,1996,1
"org.apache.solr.update.NewSearcherListener$AutoCommitTest$SolrQueryRequestBase",0,0.00,0.00,1,0.01,23.26,0,0,16,0,0,171.00,0,0,0,1,171.00,0.00,0.00,0.00,0,0.00,0,15.51,0,0,0,java.lang.Object,0.00,0,0,0,0,0,0,0,0,6,0
"org.apache.solr.update.NewSearcherListener$AutoCommitTest$SolrQueryRequestBase_0",0,0.00,0.00,1,0.01,23.26,0,0,16,0,0,171.00,0,0,0,1,171.00,0.00,0.00,0.00,0,0.00,0,15.51,0,0,0,java.lang.Object,0.00,0,0,0,0,0,0,0,0,6,0
"org.apache.solr.update.NewSearcherListener$AutoCommitTest$SolrQueryRequestBase_1",0,0.00,0.00,1,0.01,23.26,0,0,16,0,0,171.00,0,0,0,1,171.00,0.00,0.00,0.00,0,0.00,0,15.51,0,0,0,java.lang.Object,0.00,0,0,0,0,0,0,0,0,6,0
"org.apache.solr.update.NewSearcherListener$AutoCommitTest$SolrQueryRequestBase_2",0,0.00,0.00,1,0.01,23.26,0,0,16,0,0,171.00,0,0,0,1,171.00,0.00,0.00,0.00,0,0.00,0,15.51,0,0,0,java.lang.Object,0.00,0,0,0,0,0,0,0,0,6,0
"org.apache.solr.update.NewSearcherListener$AutoCommitTest$SolrQueryRequestBase_3",0,0.00,0.00,1,0.01,23.26,0,0,16,0,0,171.00,0,0,0,1,171.00,0.00,0.00,0.00,0,0.00,0,15.51,0,0,0,java.lang.Object,0.00,0,0,0,0,0,0,0,0,6,0
"org.apache.solr.update.NewSearcherListener$TriggerOn",0,0.00,0.00,2,0.01,15.51,0,0,16,0,1,171.00,0,1,0,1,171.00,0.00,0.00,0.00,0,0.00,0,15.51,0,0,1,java.lang.Object,0.00,0,0,0,0,0,0,1,0,6,0
"org.apache.solr.update.NullUpdateLog",11,0.00,1.00,13,0.13,943.93,11,0,15,11,14,155.77,1,36,1,2,155.77,0.00,0.50,0.00,0,11.00,1,375.78,0,1,14,org.apache.solr.update.UpdateLog,0.10,0,1,11,0,0,10,0,1,118,0
"org.apache.solr.update.RollbackUpdateCommand",1,0.00,1.00,3,0.02,114.71,1,0,1,1,15,137.22,4,5,13,2,136.98,0.00,0.50,0.00,0,1.00,1,50.38,0,0,2,org.apache.solr.update.UpdateCommand,0.00,0,1,1,0,0,1,0,1,17,1
"org.apache.solr.update.SolrCoreState",6,0.00,1.00,7,0.06,394.40,6,0,4,6,6,124.46,37,8,3,1,156.69,0.00,0.00,0.00,0,6.00,1,166.29,0,2,3,java.lang.Object,0.00,0,0,6,1,0,4,0,7,55,2
"org.apache.solr.update.SolrIndexConfig",6,0.40,4.67,110,1.88,100356.44,24,18,11,44,16,130.45,12,134,5,1,90.56,0.00,0.00,0.39,2,0.00,9,5643.49,0,4,12,java.lang.Object,0.00,38,0,28,0,38,2,0,10,968,1
"org.apache.solr.update.SolrIndexWriter",5,0.25,2.00,46,0.59,14364.48,12,7,17,23,11,65.72,37,70,3,2,108.01,0.00,0.50,0.34,2,0.00,3,1764.02,3,0,8,org.apache.lucene.index.IndexWriter,0.00,18,1,10,0,18,5,0,4,352,1
"org.apache.solr.update.SolrIndexWriter$TimeLoggingPrintStream",2,1.00,1.00,8,0.08,1001.57,3,1,17,6,0,177.28,3,13,0,2,127.28,0.00,0.50,0.50,0,2.00,1,238.64,1,0,0,java.io.PrintStream,0.00,4,1,2,0,4,2,0,3,60,0
"org.apache.solr.update.TestIndexingPerformance",3,1.00,2.33,42,0.70,36930.23,4,1,9,24,8,53.55,21,49,0,3,95.84,0.00,0.67,0.33,0,4.00,5,2110.66,0,2,8,org.apache.solr.util.AbstractSolrTestCase,0.17,21,2,7,0,21,1,0,3,339,1
"org.apache.solr.update.UpdateCommand",2,0.50,1.00,8,0.05,697.43,4,2,1,2,6,168.41,4,12,5,1,128.52,0.00,0.00,0.25,0,2.00,1,163.59,0,1,1,java.lang.Object,0.00,0,0,2,5,0,1,0,1,47,1
"org.apache.solr.update.UpdateHandler",22,0.05,1.36,70,0.78,21880.47,31,9,14,40,22,169.41,47,85,8,1,129.53,0.00,0.00,0.06,2,130.00,4,2354.96,0,3,17,java.lang.Object,0.00,18,0,30,1,18,19,1,8,529,2
"org.apache.solr.update.UpdateLog",10,3.00,1.00,14,0.13,1261.23,13,3,3,10,13,154.46,1,15,7,1,154.46,0.00,0.00,0.00,0,10.00,1,382.51,0,1,7,java.lang.Object,0.00,0,0,10,2,0,9,1,1,114,2
"org.apache.solr.update.UpdateParamsTest",3,0.00,1.67,24,0.31,10138.41,3,0,8,18,7,149.29,7,30,0,3,109.41,0.00,0.67,0.00,0,4.00,3,930.80,0,2,7,org.apache.solr.util.AbstractSolrTestCase,0.17,15,2,5,0,15,1,0,4,178,1
"org.apache.solr.update.UpdateParamsTest$SolrQueryRequestBase",0,0.00,0.00,1,0.01,23.26,0,0,8,0,0,171.00,0,0,0,1,171.00,0.00,0.00,0.00,0,0.00,0,15.51,0,0,0,java.lang.Object,0.00,0,0,0,0,0,0,0,0,6,0
"org.apache.solr.search.grouping.distributed.requestfactory.SearchGroupsRequestFactory",1,0.00,5.00,23,0.48,32194.04,1,0,8,16,9,110.62,19,29,1,1,84.34,0.00,0.00,0.00,0,1.00,5,1444.98,0,1,8,java.lang.Object,0.00,15,0,5,0,15,0,1,14,248,1
"org.apache.solr.search.grouping.distributed.requestfactory.StoredFieldsShardRequestFactory",2,0.00,5.50,44,0.88,51570.59,2,0,16,30,16,125.68,5,51,1,1,85.79,0.00,0.00,0.00,1,2.00,8,2633.97,0,1,15,java.lang.Object,0.00,28,0,11,0,28,1,1,3,422,1
"org.apache.solr.search.grouping.distributed.requestfactory.TopGroupsShardRequestFactory",3,0.50,6.67,87,1.94,138377.36,4,1,17,35,14,31.18,25,102,1,1,79.29,0.00,0.00,0.67,2,1.00,10,5823.07,0,3,13,java.lang.Object,0.00,32,0,20,0,32,0,1,18,896,1
"org.apache.lucene.index.codecs.intblock.FixedIntBlockIndexInput",5,0.12,1.00,18,0.20,4791.80,7,2,5,10,5,179.72,9,26,1,2,129.72,0.00,0.50,0.40,1,6.00,1,608.45,0,1,4,org.apache.lucene.index.codecs.sep.IntIndexInput,0.75,5,1,5,0,5,4,0,2,147,2
"org.apache.lucene.index.codecs.intblock.FixedIntBlockIndexInput$BlockReader",1,0.00,1.00,2,0.01,51.30,1,0,5,1,0,146.30,0,3,0,1,146.30,0.00,0.00,0.00,0,1.00,1,27.65,0,0,0,,0.00,0,0,1,0,0,1,0,0,11,1
"org.apache.lucene.index.codecs.intblock.FixedIntBlockIndexInput$Index",5,0.62,1.40,28,0.30,10827.91,7,2,5,9,1,118.58,2,41,0,2,118.58,0.00,0.50,1.00,0,0.00,3,910.06,0,2,1,IntIndexInput.Index,0.00,4,1,7,0,4,3,0,2,207,1
"org.apache.lucene.index.codecs.intblock.FixedIntBlockIndexInput$Reader",5,0.45,2.00,50,0.47,14349.56,15,10,5,9,2,106.31,1,64,0,2,106.31,0.00,0.50,0.46,1,0.00,3,1416.44,0,1,2,IntIndexInput.Reader,0.00,4,1,10,0,4,4,0,1,299,2
"org.apache.lucene.index.codecs.intblock.FixedIntBlockIndexOutput",5,0.12,1.40,24,0.22,4682.10,9,4,3,8,4,164.95,10,35,2,2,125.06,0.00,0.50,0.35,1,6.00,2,648.16,0,1,2,org.apache.lucene.index.codecs.sep.IntIndexOutput,0.75,3,1,7,0,3,4,0,3,155,2
"org.apache.lucene.index.codecs.intblock.FixedIntBlockIndexOutput$Index",4,0.67,1.75,30,0.30,11133.18,8,4,3,6,2,112.22,2,42,0,2,112.22,0.00,0.50,0.75,0,0.00,3,905.54,0,1,2,IntIndexOutput.Index,0.00,2,1,7,0,2,3,0,2,199,1
"org.apache.lucene.index.codecs.intblock.TestIntBlockCodec",2,0.00,2.00,29,0.33,8597.06,2,0,4,14,5,149.48,2,28,0,2,99.48,0.00,0.50,0.00,0,2.00,3,989.89,0,0,5,org.apache.lucene.util.LuceneTestCase,0.00,12,1,4,0,12,2,0,2,193,1
"org.apache.lucene.index.codecs.intblock.VariableIntBlockIndexInput",5,0.12,1.00,18,0.20,4791.80,7,2,5,10,5,169.61,10,26,1,2,129.72,0.00,0.50,0.40,1,6.00,1,608.45,0,3,4,org.apache.lucene.index.codecs.sep.IntIndexInput,0.75,5,1,5,0,5,2,0,3,147,2
"org.apache.lucene.index.codecs.intblock.VariableIntBlockIndexInput$BlockReader",2,0.00,1.00,3,0.02,108.36,2,0,5,2,0,157.35,0,4,0,1,157.35,0.00,0.00,0.00,0,2.00,1,56.18,0,0,0,,0.00,0,0,2,0,0,2,0,0,20,1
"org.apache.lucene.index.codecs.intblock.VariableIntBlockIndexInput$Index",5,0.62,1.40,27,0.30,9444.38,7,2,5,9,1,169.05,5,40,0,2,119.05,0.00,0.50,1.00,0,0.00,3,893.25,0,2,1,IntIndexInput.Index,0.00,4,1,7,0,4,3,0,5,206,1
"org.apache.lucene.index.codecs.intblock.VariableIntBlockIndexInput$Reader",5,0.48,2.20,55,0.55,18865.41,15,10,5,10,2,153.81,9,70,0,2,103.81,0.00,0.50,0.48,1,0.00,4,1650.46,0,1,2,IntIndexInput.Reader,0.00,5,1,11,0,5,4,0,9,341,2
"org.apache.lucene.index.codecs.intblock.VariableIntBlockIndexOutput",5,0.00,1.40,25,0.24,7048.82,8,3,3,8,4,140.67,18,36,2,2,120.05,0.00,0.50,0.33,0,7.00,3,712.03,0,0,2,org.apache.lucene.index.codecs.sep.IntIndexOutput,0.75,3,1,7,0,3,5,0,7,163,2
"org.apache.lucene.index.codecs.intblock.VariableIntBlockIndexOutput$Index",3,0.88,2.00,29,0.29,11351.91,7,4,3,5,2,107.07,2,39,0,2,107.07,0.00,0.50,0.83,0,0.00,3,869.91,0,0,2,IntIndexOutput.Index,0.00,2,1,6,0,2,3,0,2,187,1
"org.apache.lucene.facet.example.simple.SimpleIndexer",1,0.00,2.00,24,0.40,17184.10,1,0,15,19,15,48.11,43,24,2,1,86.01,0.00,0.00,0.00,0,1.00,2,1193.05,0,0,13,java.lang.Object,0.00,18,0,2,0,18,1,0,19,198,1
"org.apache.lucene.facet.example.simple.SimpleMain",3,0.00,1.00,33,0.39,10206.37,3,0,9,18,12,60.21,33,37,2,1,104.34,0.00,0.00,0.00,0,3.00,1,1182.71,0,2,10,java.lang.Object,0.00,15,0,3,0,15,1,0,11,232,1
"org.apache.lucene.facet.example.simple.SimpleSearcher",4,0.00,2.00,35,0.64,23932.47,4,0,21,25,23,116.54,71,49,3,1,107.41,0.00,0.00,0.00,2,4.00,4,1926.61,0,4,20,java.lang.Object,0.00,21,0,8,0,21,0,0,23,344,1
"org.apache.lucene.facet.example.simple.SimpleUtils",0,0.00,0.00,7,0.16,4198.75,6,6,6,2,10,171.00,39,17,6,1,171.00,0.00,0.00,0.00,0,0.00,0,482.15,0,0,4,java.lang.Object,0.00,2,0,0,0,2,0,0,8,94,1
"org.apache.lucene.analysis.ar.ArabicAnalyzer",5,0.50,2.00,21,0.31,8237.69,7,2,13,17,12,93.67,67,32,1,3,123.05,0.00,0.67,0.10,0,8.00,3,919.35,0,2,11,org.apache.lucene.analysis.util.StopwordAnalyzerBase,0.00,12,2,10,0,12,3,0,10,199,2
"org.apache.lucene.analysis.ar.ArabicAnalyzer$DefaultSetHolder",0,0.00,0.00,6,0.05,853.95,1,1,13,0,1,171.00,2,10,0,1,171.00,0.00,0.00,0.00,0,0.00,0,164.39,0,0,1,java.lang.Object,0.00,0,0,0,0,0,0,0,2,40,2
"org.apache.lucene.analysis.ar.ArabicNormalizationFilter",2,0.00,1.50,11,0.12,2323.29,4,2,4,8,8,160.58,4,16,4,4,120.70,0.00,0.75,0.50,0,2.00,2,359.90,0,0,4,org.apache.lucene.analysis.TokenFilter,0.29,6,3,3,0,6,2,0,1,84,2
"org.apache.lucene.analysis.ar.ArabicNormalizer",1,0.00,7.00,35,0.49,12385.63,18,17,1,1,2,124.67,22,51,2,1,80.72,0.00,0.00,1.00,0,0.00,7,1463.95,0,0,0,java.lang.Object,0.00,0,0,7,0,0,1,0,2,272,1
"org.apache.lucene.analysis.ar.ArabicStemFilter",2,0.33,2.00,14,0.16,3794.18,5,3,6,9,9,113.74,8,20,3,4,113.50,0.00,0.75,0.50,0,2.00,3,481.98,0,0,6,org.apache.lucene.analysis.TokenFilter,0.29,7,3,4,0,7,2,0,1,107,2
"org.apache.lucene.analysis.ar.ArabicStemmer",5,0.06,3.20,38,0.91,50299.27,18,13,1,6,2,57.69,48,73,2,1,107.69,0.00,0.00,0.03,2,11.00,5,2715.07,0,0,0,java.lang.Object,0.00,1,0,16,0,1,5,0,9,546,1
"org.apache.lucene.analysis.ar.Deprecated",2,0.00,1.00,9,0.12,1974.39,2,0,4,4,1,164.85,4,15,0,3,124.96,0.00,0.67,0.00,0,2.00,1,352.70,1,0,1,org.apache.lucene.analysis.BaseTokenStreamTestCase,0.00,2,2,2,0,2,2,0,1,81,1
"org.apache.lucene.analysis.ar.TestArabicAnalyzer",7,0.00,1.00,37,0.56,17502.03,7,0,6,11,3,138.78,26,47,0,3,118.17,0.00,0.67,0.00,0,7.00,1,1682.09,3,0,3,org.apache.lucene.analysis.BaseTokenStreamTestCase,0.00,4,2,7,0,4,7,0,14,360,1
"org.apache.lucene.analysis.ar.TestArabicNormalizationFilter",15,0.00,1.00,33,0.26,2845.48,15,0,3,18,2,141.83,3,49,0,3,141.83,0.00,0.67,0.00,1,15.00,1,783.99,1,0,2,org.apache.lucene.analysis.BaseTokenStreamTestCase,0.00,3,2,15,0,3,15,0,1,216,1
"org.apache.lucene.analysis.ar.TestArabicStemFilter",23,0.00,1.00,53,0.45,5467.49,23,0,5,29,4,141.06,4,77,0,3,141.06,0.00,0.67,0.00,1,23.00,1,1337.56,1,0,4,org.apache.lucene.analysis.BaseTokenStreamTestCase,0.00,6,2,23,0,6,23,0,1,356,1
"org.apache.lucene.analysis.synonym.SolrSynonymParser",5,0.38,5.00,96,1.23,116177.81,7,2,8,25,4,46.26,35,105,2,2,88.55,0.00,0.50,0.20,3,8.00,11,3693.12,0,2,2,SynonymMap.Builder,0.00,20,1,25,0,20,3,0,9,680,1
"org.apache.lucene.analysis.synonym.SynonymFilter",8,0.25,5.12,209,2.71,214645.66,28,20,15,44,29,126.91,178,238,14,4,82.97,0.00,0.75,0.27,3,0.00,15,8128.67,1,0,15,org.apache.lucene.analysis.TokenFilter,0.40,36,3,41,0,36,8,0,118,1367,2
"org.apache.lucene.analysis.synonym.SynonymFilter$PendingInput",1,3.00,1.00,13,0.09,1489.51,8,7,15,2,1,104.46,0,15,0,1,104.46,0.00,0.00,0.57,0,0.00,1,277.11,0,0,1,java.lang.Object,0.00,1,0,1,0,1,1,0,0,64,2
"org.apache.lucene.analysis.synonym.SynonymFilter$PendingOutputs",4,0.50,1.75,26,0.26,7509.45,8,4,15,8,3,116.07,0,34,0,1,116.07,0.00,0.00,0.62,1,0.00,3,770.09,0,1,3,java.lang.Object,0.00,4,0,7,0,4,3,0,0,169,2
"org.apache.lucene.analysis.synonym.SynonymMap",1,4.00,1.00,10,0.10,1728.23,5,4,18,1,16,88.06,14,11,5,1,108.20,0.00,0.00,0.00,0,1.00,1,298.01,0,0,11,java.lang.Object,0.00,0,0,1,0,0,1,0,6,70,1
"org.apache.lucene.analysis.synonym.SynonymMap$Builder",8,0.00,4.50,148,2.38,210625.69,13,5,18,54,13,71.15,44,176,0,1,89.02,0.00,0.00,0.20,1,16.00,8,7138.13,0,2,13,java.lang.Object,0.00,46,0,36,0,46,6,0,27,1221,2
"org.apache.lucene.analysis.synonym.SynonymMap$Builder$MapEntry",0,0.00,0.00,3,0.03,640.00,2,2,18,1,0,171.00,1,4,0,1,171.00,0.00,0.00,0.00,0,0.00,0,96.00,0,0,0,java.lang.Object,0.00,1,0,0,0,1,0,0,1,24,2
"org.apache.lucene.analysis.synonym.TestSolrSynonymParser",7,0.00,1.00,47,0.76,18227.68,7,0,10,15,8,165.08,11,73,0,3,115.08,0.00,0.67,0.00,0,7.00,1,2289.03,1,0,8,org.apache.lucene.analysis.BaseTokenStreamTestCase,0.00,8,2,7,0,8,7,0,8,449,1
"org.apache.lucene.analysis.synonym.TestSolrSynonymParser$Analyzer",1,0.00,1.00,4,0.06,1111.23,1,0,10,4,3,124.56,0,6,0,1,124.56,0.00,0.00,0.00,0,1.00,1,170.85,0,1,3,java.lang.Object,0.00,3,0,1,0,3,0,0,0,40,0
"org.apache.lucene.analysis.synonym.TestSolrSynonymParser$Analyzer_0",1,0.00,1.00,4,0.06,1111.23,1,0,10,4,3,124.56,0,6,0,1,124.56,0.00,0.00,0.00,0,1.00,1,170.85,0,1,3,java.lang.Object,0.00,3,0,1,0,3,0,0,0,40,0
"org.apache.lucene.analysis.synonym.TestSynonymMapFilter",20,0.11,3.30,398,5.83,504733.00,26,6,17,86,13,138.36,25,463,0,3,88.36,0.00,0.67,0.28,7,0.00,22,17477.14,3,3,13,org.apache.lucene.analysis.BaseTokenStreamTestCase,0.00,66,2,66,0,66,17,0,23,3011,1
"org.apache.lucene.analysis.synonym.TestSynonymMapFilter$Analyzer",1,0.00,1.00,4,0.06,1051.87,1,0,17,4,3,124.74,0,6,0,1,124.74,0.00,0.00,0.00,0,1.00,1,173.06,0,1,3,java.lang.Object,0.00,3,0,1,0,3,0,0,0,40,0
"org.apache.lucene.analysis.synonym.TestSynonymMapFilter$Analyzer_0",1,0.00,1.00,4,0.06,1111.23,1,0,17,4,3,124.56,0,6,0,1,124.56,0.00,0.00,0.00,0,1.00,1,170.85,0,1,3,java.lang.Object,0.00,3,0,1,0,3,0,0,0,40,0
"org.apache.lucene.analysis.synonym.TestSynonymMapFilter$Analyzer_1",1,0.00,1.00,4,0.06,1051.87,1,0,17,4,3,124.74,0,6,0,1,124.74,0.00,0.00,0.00,0,1.00,1,173.06,0,1,3,java.lang.Object,0.00,3,0,1,0,3,0,0,0,40,0
"org.apache.lucene.analysis.synonym.TestSynonymMapFilter$Analyzer_2",1,0.00,1.00,4,0.06,1051.87,1,0,17,4,3,124.74,0,6,0,1,124.74,0.00,0.00,0.00,0,1.00,1,173.06,0,1,3,java.lang.Object,0.00,3,0,1,0,3,0,0,0,40,0
"org.apache.lucene.analysis.synonym.TestSynonymMapFilter$Analyzer_3",1,0.00,1.00,4,0.06,1051.87,1,0,17,4,3,124.74,0,6,0,1,124.74,0.00,0.00,0.00,0,1.00,1,173.06,0,1,3,java.lang.Object,0.00,3,0,1,0,3,0,0,0,40,0
"org.apache.lucene.analysis.synonym.TestSynonymMapFilter$Analyzer_4",1,0.00,1.00,4,0.06,1051.87,1,0,17,4,3,124.74,0,6,0,1,124.74,0.00,0.00,0.00,0,1.00,1,173.06,0,1,3,java.lang.Object,0.00,3,0,1,0,3,0,0,0,40,0
"org.apache.lucene.analysis.synonym.TestSynonymMapFilter$Analyzer_5",1,0.00,1.00,4,0.06,1051.87,1,0,17,4,3,124.74,0,6,0,1,124.74,0.00,0.00,0.00,0,1.00,1,173.06,0,1,3,java.lang.Object,0.00,3,0,1,0,3,0,0,0,40,0
"org.apache.lucene.analysis.synonym.TestSynonymMapFilter$Analyzer_6",1,0.00,1.00,4,0.06,1051.87,1,0,17,4,3,124.74,0,6,0,1,124.74,0.00,0.00,0.00,0,1.00,1,173.06,0,1,3,java.lang.Object,0.00,3,0,1,0,3,0,0,0,40,0
"org.apache.lucene.analysis.synonym.TestSynonymMapFilter$Analyzer_7",1,0.00,1.00,4,0.06,1051.87,1,0,17,4,3,124.74,0,6,0,1,124.74,0.00,0.00,0.00,0,1.00,1,173.06,0,1,3,java.lang.Object,0.00,3,0,1,0,3,0,0,0,40,0
"org.apache.lucene.analysis.synonym.TestSynonymMapFilter$Analyzer_8",1,0.00,1.00,4,0.06,1051.87,1,0,17,4,3,124.74,0,6,0,1,124.74,0.00,0.00,0.00,0,1.00,1,173.06,0,1,3,java.lang.Object,0.00,3,0,1,0,3,0,0,0,40,0
"org.apache.lucene.analysis.synonym.TestSynonymMapFilter$OneSyn",0,0.00,0.00,4,0.03,319.82,3,3,17,0,0,171.00,0,5,0,1,171.00,0.00,0.00,0.00,0,0.00,0,79.95,0,0,0,java.lang.Object,0.00,0,0,0,0,0,0,0,0,21,2
"org.apache.lucene.analysis.synonym.TestWordnetSynonymParser",1,0.00,1.00,14,0.26,5506.11,3,2,7,7,7,119.40,3,28,0,3,98.79,0.00,0.67,1.00,0,0.00,1,776.80,1,0,7,org.apache.lucene.analysis.BaseTokenStreamTestCase,0.00,6,2,1,0,6,1,0,3,144,1
"org.apache.lucene.analysis.synonym.TestWordnetSynonymParser$Analyzer",1,0.00,1.00,4,0.06,1111.23,1,0,7,4,3,124.56,0,6,0,1,124.56,0.00,0.00,0.00,0,1.00,1,170.85,0,1,3,java.lang.Object,0.00,3,0,1,0,3,0,0,0,40,0
"org.apache.lucene.analysis.synonym.WordnetSynonymParser",4,0.33,3.50,57,0.66,37393.00,6,2,6,17,3,136.58,9,65,1,2,96.69,0.00,0.50,0.25,2,8.00,6,1993.28,0,1,2,SynonymMap.Builder,0.00,13,1,14,0,13,3,0,4,379,1
"org.apache.lucene.queryparser.flexible.standard.parser.EscapeQuerySyntaxImpl",8,0.05,5.50,146,2.02,195171.83,14,6,5,28,13,57.01,54,180,8,1,89.23,0.00,0.00,0.12,2,34.00,12,6068.94,0,7,5,java.lang.Object,0.00,20,0,44,0,20,1,1,28,1112,1
"org.apache.lucene.queryparser.flexible.standard.parser.JavaCharStream",39,0.10,2.18,267,3.57,243220.54,57,18,0,47,2,161.91,49,479,2,1,111.91,0.00,0.00,0.15,9,189.00,15,10717.33,0,1,0,java.lang.Object,0.00,8,0,85,0,8,38,0,38,2144,1
"org.apache.lucene.queryparser.flexible.standard.parser.ParseException",5,5.00,3.00,88,1.12,86343.00,10,5,4,15,8,62.10,69,105,3,4,91.48,0.00,0.75,0.00,0,5.00,9,3348.03,0,2,5,org.apache.lucene.queryparser.flexible.core.QueryNodeParseException,0.00,10,3,15,0,10,3,0,11,593,1
"org.apache.lucene.queryparser.flexible.standard.parser.StandardSyntaxParser",45,0.07,5.89,749,9.69,1065831.35,69,24,20,96,30,141.23,84,943,5,1,91.23,0.00,0.00,0.11,21,456.00,50,29075.34,0,10,25,java.lang.Object,0.00,51,0,265,0,51,35,2,75,5037,1
"org.apache.lucene.queryparser.flexible.standard.parser.StandardSyntaxParser$JJCalls",0,0.00,0.00,5,0.03,253.51,4,4,20,0,1,171.00,0,6,0,1,171.00,0.00,0.00,0.00,0,0.00,0,78.87,0,0,1,java.lang.Object,0.00,0,0,0,0,0,0,0,0,22,2
"org.apache.lucene.queryparser.flexible.standard.parser.StandardSyntaxParser$LookaheadSuccess",0,0.00,0.00,1,0.01,145.30,0,0,20,0,0,171.00,0,1,0,2,171.00,0.00,0.50,0.00,0,0.00,0,41.51,0,0,0,java.lang.Error,0.00,0,1,0,0,0,0,0,0,12,3
"org.apache.lucene.queryparser.flexible.standard.parser.StandardSyntaxParserConstants",0,0.00,0.00,38,0.60,7264.45,37,37,0,0,2,171.00,41,74,2,1,171.00,0.00,0.00,0.00,0,0.00,0,1786.89,0,0,0,,0.00,0,0,0,0,0,0,0,38,262,1
"org.apache.lucene.queryparser.flexible.standard.parser.StandardSyntaxParserTokenManager",30,0.06,8.60,514,7.72,1137919.98,51,21,20,41,22,88.55,12,900,1,1,88.55,0.00,0.00,0.11,18,298.00,129,23159.38,0,0,21,java.lang.Object,0.00,11,0,258,0,11,30,1,12,3781,1
"org.apache.lucene.queryparser.flexible.standard.parser.SuppressWarnings",6,0.20,1.50,48,0.66,33774.42,11,5,0,14,0,59.58,51,72,0,2,107.69,0.00,0.50,0.03,1,10.00,3,1967.96,1,3,0,java.lang.Error,0.00,8,1,9,0,8,3,0,14,375,1
"org.apache.lucene.queryparser.flexible.standard.parser.Token",7,0.12,1.00,24,0.16,1989.42,15,8,0,8,5,83.88,67,38,5,1,133.88,0.00,0.00,0.02,1,12.00,1,468.86,0,4,0,java.lang.Object,0.00,1,0,7,0,1,3,0,15,131,1
"org.apache.solr.spelling.suggest.fst.FSTLookupFactory",1,0.00,3.00,7,0.15,3943.76,3,2,5,6,6,110.43,16,14,1,2,110.91,0.00,0.50,1.00,0,0.00,3,457.94,0,1,5,org.apache.solr.spelling.suggest.LookupFactory,0.00,5,1,3,0,5,0,0,3,95,1
"org.apache.lucene.analysis.cn.smart.AnalyzerProfile",2,1.00,4.50,34,0.43,25273.13,3,1,4,16,2,60.23,12,47,2,1,92.46,0.00,0.00,0.50,1,2.00,7,1286.81,0,1,0,java.lang.Object,0.00,14,0,9,0,14,1,0,4,244,1
"org.apache.lucene.analysis.cn.smart.CharType",0,0.00,0.00,9,0.12,1715.65,8,8,0,0,2,171.00,28,10,2,1,171.00,0.00,0.00,0.00,0,0.00,0,352.93,0,0,0,java.lang.Object,0.00,0,0,0,0,0,0,0,9,76,1
"org.apache.lucene.analysis.cn.smart.SentenceTokenizer",7,0.10,1.86,58,0.67,35139.83,14,7,7,19,7,147.91,14,77,2,4,108.03,0.00,0.75,0.22,1,10.00,7,2011.42,2,0,5,org.apache.lucene.analysis.Tokenizer,0.50,12,3,13,0,12,7,0,6,397,2
"org.apache.lucene.analysis.cn.smart.SmartChineseAnalyzer",5,0.12,1.60,23,0.27,5659.35,9,4,15,11,10,75.91,54,32,2,2,124.39,0.00,0.50,0.15,0,7.00,2,816.11,0,2,8,org.apache.lucene.analysis.Analyzer,0.00,6,1,8,0,6,3,0,9,184,2
"org.apache.lucene.analysis.cn.smart.SmartChineseAnalyzer$DefaultSetHolder",1,1.00,1.00,12,0.13,2734.04,2,1,15,6,2,124.30,3,20,0,1,103.68,0.00,0.00,0.00,0,0.00,1,383.33,0,1,2,java.lang.Object,0.00,5,0,1,0,5,0,0,3,85,2
"org.apache.lucene.analysis.cn.smart.TestSmartChineseAnalyzer",17,0.00,1.29,88,1.36,27132.32,17,0,5,25,4,159.53,50,116,0,3,119.64,0.00,0.67,0.00,0,17.00,3,4085.70,3,0,4,org.apache.lucene.analysis.BaseTokenStreamTestCase,0.00,8,2,22,0,8,17,0,21,829,1
"org.apache.lucene.analysis.cn.smart.Utility",3,7.00,9.00,48,0.97,77424.94,10,7,1,5,5,108.97,54,90,4,1,90.84,0.00,0.00,0.00,0,3.00,10,2895.23,0,0,2,java.lang.Object,0.00,2,0,27,0,2,3,0,21,551,1
"org.apache.lucene.analysis.cn.smart.WordSegmenter",2,0.00,3.00,20,0.28,9533.58,4,2,5,11,5,60.35,23,31,1,1,104.48,0.00,0.00,0.50,0,2.00,3,850.28,0,2,4,java.lang.Object,0.00,9,0,6,0,9,0,0,5,176,0
"org.apache.lucene.analysis.cn.smart.WordTokenFilter",3,0.33,2.00,27,0.35,9801.40,9,6,9,15,9,75.35,18,36,2,4,107.57,0.00,0.75,0.39,0,1.00,4,1060.03,1,0,7,org.apache.lucene.analysis.TokenFilter,0.53,12,3,6,0,12,3,0,8,212,2
"org.apache.lucene.analysis.cn.smart.WordType",0,0.00,0.00,9,0.12,1715.65,8,8,0,0,4,171.00,28,10,4,1,171.00,0.00,0.00,0.00,0,0.00,0,352.93,0,0,0,java.lang.Object,0.00,0,0,0,0,0,0,0,9,76,1
"org.apache.lucene.util.collections.ArrayHashMap",23,0.10,1.96,177,1.84,67166.22,33,10,2,42,3,69.74,165,219,3,1,112.03,0.00,0.00,0.20,9,112.00,4,5515.03,0,4,0,java.lang.Object,0.00,19,0,45,0,19,19,1,81,1161,1
"org.apache.lucene.util.collections.ArrayHashMap$IndexIterator",4,0.33,1.75,22,0.18,4947.72,7,3,2,5,2,120.68,16,28,0,1,120.45,0.00,0.00,0.58,0,0.00,3,526.52,0,0,2,java.lang.Object,0.00,1,0,7,0,1,4,1,9,129,2
"org.apache.lucene.util.collections.ArrayHashMap$KeyIterator",4,0.33,1.00,9,0.07,1057.18,5,1,2,8,1,140.70,0,14,0,1,140.70,0.00,0.00,0.75,0,0.00,1,219.63,0,0,1,java.lang.Object,0.00,4,0,4,0,4,4,1,0,62,2
"org.apache.lucene.util.collections.ArrayHashMap$ValueIterator",4,0.33,1.00,9,0.07,1057.18,5,1,2,8,1,140.70,0,14,0,1,140.70,0.00,0.00,0.75,0,0.00,1,219.63,0,0,1,java.lang.Object,0.00,4,0,4,0,4,4,1,0,62,2
"org.apache.lucene.util.collections.ArrayHashMapTest",6,1.00,6.50,243,2.90,279398.93,7,1,6,40,7,94.66,20,201,6,2,74.05,0.00,0.50,0.17,0,10.00,10,8710.20,0,0,1,org.apache.lucene.util.LuceneTestCase,0.00,34,1,39,0,34,6,0,5,1570,1
"org.apache.lucene.util.collections.DoubleIterator",3,0.00,1.00,4,0.01,39.00,3,0,0,3,3,119.94,21,5,3,1,162.23,0.00,0.00,0.00,0,3.00,1,34.00,0,0,0,,0.00,0,0,3,0,0,3,0,2,17,1
"org.apache.lucene.util.collections.FloatIterator",3,0.00,1.00,4,0.01,39.00,3,0,0,3,6,119.94,21,5,6,1,162.23,0.00,0.00,0.00,0,3.00,1,34.00,0,0,0,,0.00,0,0,3,0,0,3,0,2,17,1
"org.apache.lucene.util.collections.FloatToObjectMap",23,0.04,2.00,182,1.92,72150.55,33,10,2,42,4,63.31,241,224,3,1,111.78,0.00,0.00,0.13,9,159.00,5,5770.59,0,3,1,java.lang.Object,0.00,19,0,46,0,19,20,1,82,1209,1
"org.apache.lucene.util.collections.FloatToObjectMap$IndexIterator",4,0.33,1.75,22,0.17,4819.23,7,3,2,5,2,102.66,20,27,0,1,120.54,0.00,0.00,0.58,0,0.00,3,499.62,0,0,2,java.lang.Object,0.00,1,0,7,0,1,4,1,9,124,2
"org.apache.lucene.util.collections.FloatToObjectMap$KeyIterator",4,0.33,1.00,9,0.06,715.12,5,1,2,8,2,142.03,0,13,0,1,142.03,0.00,0.00,0.75,0,0.00,1,175.51,0,0,2,java.lang.Object,0.00,4,0,4,0,4,4,1,0,53,2
"org.apache.lucene.util.collections.FloatToObjectMap$ValueIterator",4,0.33,1.00,9,0.07,1057.18,5,1,2,8,1,140.70,0,14,0,1,140.70,0.00,0.00,0.75,0,0.00,1,219.63,0,0,1,java.lang.Object,0.00,4,0,4,0,4,4,1,0,62,2
"org.apache.lucene.util.collections.FloatToObjectMapTest",6,0.00,6.50,242,2.98,295838.27,6,0,7,40,3,94.47,19,200,0,2,73.85,0.00,0.50,0.00,0,6.00,10,8941.66,0,0,3,org.apache.lucene.util.LuceneTestCase,0.00,34,1,39,0,34,6,0,4,1597,1
"org.apache.lucene.util.collections.IntArray",13,0.17,2.77,108,1.00,85913.17,16,3,1,18,4,74.77,86,138,3,1,107.00,0.00,0.00,0.49,2,0.00,12,3003.95,0,1,1,java.lang.Object,0.00,5,0,36,0,5,12,0,16,653,1
"org.apache.lucene.util.collections.IntArrayTest",4,0.00,4.00,83,0.80,40900.96,4,0,3,16,1,72.70,20,74,0,2,90.57,0.00,0.50,0.00,0,4.00,5,2393.76,0,0,1,org.apache.lucene.util.LuceneTestCase,0.00,12,1,16,0,12,4,0,5,474,1
"org.apache.lucene.util.collections.IntHashSet",19,0.06,2.11,164,1.51,56835.41,28,9,1,30,5,65.64,225,186,4,1,109.77,0.00,0.00,0.17,6,100.00,4,4529.93,0,3,1,java.lang.Object,0.00,11,0,40,0,11,16,0,85,980,1
"org.apache.lucene.util.collections.IntHashSet$IndexIterator",4,0.33,1.75,22,0.17,4819.23,7,3,1,5,2,102.66,20,27,0,1,120.54,0.00,0.00,0.58,0,0.00,3,499.62,0,0,2,java.lang.Object,0.00,1,0,7,0,1,4,1,9,124,2
"org.apache.lucene.util.collections.IntHashSet$KeyIterator",4,0.33,1.00,9,0.06,774.03,5,1,1,8,1,141.76,0,13,0,1,141.76,0.00,0.00,0.75,0,0.00,1,173.80,0,0,1,java.lang.Object,0.00,4,0,4,0,4,4,1,0,53,2
"org.apache.lucene.util.collections.IntHashSetTest",10,0.00,3.70,187,1.80,87123.55,10,0,4,28,1,142.85,16,179,0,2,92.85,0.00,0.50,0.00,0,10.00,6,5408.20,0,0,1,org.apache.lucene.util.LuceneTestCase,0.00,18,1,37,0,18,10,0,1,1053,1
"org.apache.lucene.util.collections.IntIterator",3,0.00,1.00,4,0.01,39.00,3,0,0,3,34,119.94,21,5,34,1,162.23,0.00,0.00,0.00,0,3.00,1,34.00,0,0,0,,0.00,0,0,3,0,0,3,0,2,17,1
"org.apache.lucene.util.collections.IntToDoubleMap",23,0.04,2.04,186,1.81,62622.58,34,11,1,42,5,61.62,242,221,3,1,110.10,0.00,0.00,0.13,9,180.00,5,5439.82,0,2,2,java.lang.Object,0.00,19,0,47,0,19,21,0,82,1163,1
"org.apache.lucene.util.collections.IntToDoubleMap$IndexIterator",4,0.33,1.75,22,0.17,4819.23,7,3,1,5,2,102.66,20,27,0,1,120.54,0.00,0.00,0.58,0,0.00,3,499.62,0,0,2,java.lang.Object,0.00,1,0,7,0,1,4,1,9,124,2
"org.apache.lucene.util.collections.IntToDoubleMap$KeyIterator",4,0.33,1.00,9,0.06,774.03,5,1,1,8,1,141.76,0,13,0,1,141.76,0.00,0.00,0.75,0,0.00,1,173.80,0,0,1,java.lang.Object,0.00,4,0,4,0,4,4,1,0,53,2
"org.apache.lucene.util.collections.IntToDoubleMap$ValueIterator",4,0.33,1.00,9,0.06,715.12,5,1,1,8,2,142.03,0,13,0,1,142.03,0.00,0.00,0.75,0,0.00,1,175.51,0,0,2,java.lang.Object,0.00,4,0,4,0,4,4,1,0,53,2
"org.apache.lucene.util.collections.IntToDoubleMapTest",7,0.00,5.71,244,2.79,243026.33,7,0,7,42,4,117.60,19,203,0,2,77.72,0.00,0.50,0.00,1,7.00,10,8372.81,0,0,4,org.apache.lucene.util.LuceneTestCase,0.00,35,1,40,0,35,7,0,4,1512,1
"org.apache.lucene.util.collections.IntToIntMap",23,0.04,2.00,183,1.74,63099.75,34,11,1,40,5,63.76,239,218,4,1,112.24,0.00,0.00,0.13,9,177.00,5,5208.93,0,1,1,java.lang.Object,0.00,17,0,46,0,17,22,0,82,1132,1
"org.apache.lucene.util.collections.IntToIntMap$IndexIterator",4,0.33,1.75,22,0.17,4819.23,7,3,1,5,2,102.66,20,27,0,1,120.54,0.00,0.00,0.58,0,0.00,3,499.62,0,0,2,java.lang.Object,0.00,1,0,7,0,1,4,1,9,124,2
"org.apache.lucene.util.collections.IntToIntMap$KeyIterator",4,0.33,1.00,9,0.06,774.03,5,1,1,8,1,141.76,0,13,0,1,141.76,0.00,0.00,0.75,0,0.00,1,173.80,0,0,1,java.lang.Object,0.00,4,0,4,0,4,4,1,0,53,2
"org.apache.lucene.util.collections.IntToIntMap$ValueIterator",4,0.33,1.00,9,0.06,774.03,5,1,1,8,1,141.76,0,13,0,1,141.76,0.00,0.00,0.75,0,0.00,1,173.80,0,0,1,java.lang.Object,0.00,4,0,4,0,4,4,1,0,53,2
"org.apache.lucene.util.collections.IntToIntMapTest",7,0.00,5.71,244,2.69,246742.65,7,0,6,36,3,117.55,19,203,0,2,77.66,0.00,0.50,0.00,1,7.00,10,8080.91,0,0,3,org.apache.lucene.util.LuceneTestCase,0.00,29,1,40,0,29,7,0,4,1478,1
"org.apache.lucene.util.collections.IntToObjectMap",23,0.04,2.00,182,1.91,73700.98,33,10,2,41,6,63.23,241,224,5,1,111.71,0.00,0.00,0.13,9,159.00,5,5720.50,0,4,1,java.lang.Object,0.00,18,0,46,0,18,19,1,82,1205,1
"org.apache.lucene.util.collections.IntToObjectMap$IndexIterator",4,0.33,1.75,22,0.17,4819.23,7,3,2,5,2,102.66,20,27,0,1,120.54,0.00,0.00,0.58,0,0.00,3,499.62,0,0,2,java.lang.Object,0.00,1,0,7,0,1,4,1,9,124,2
"org.apache.lucene.util.collections.IntToObjectMap$KeyIterator",4,0.33,1.00,9,0.06,774.03,5,1,2,8,1,141.76,0,13,0,1,141.76,0.00,0.00,0.75,0,0.00,1,173.80,0,0,1,java.lang.Object,0.00,4,0,4,0,4,4,1,0,53,2
"org.apache.lucene.util.collections.IntToObjectMap$ValueIterator",4,0.33,1.00,9,0.07,1057.18,5,1,2,8,1,140.70,0,14,0,1,140.70,0.00,0.00,0.75,0,0.00,1,219.63,0,0,1,java.lang.Object,0.00,4,0,4,0,4,4,1,0,62,2
"org.apache.lucene.util.collections.IntToObjectMapTest",6,0.00,6.50,242,2.86,268560.59,6,0,7,40,3,94.80,19,200,0,2,74.18,0.00,0.50,0.00,0,6.00,10,8583.24,0,0,3,org.apache.lucene.util.LuceneTestCase,0.00,34,1,39,0,34,6,0,4,1543,1
"org.apache.lucene.util.collections.LRUHashMap",4,0.67,1.00,11,0.10,1354.29,5,1,2,5,2,166.13,76,17,2,2,139.85,0.00,0.50,0.50,0,4.00,1,303.30,0,0,0,java.util.LinkedHashMap,0.00,1,1,4,0,1,4,0,10,80,1
"org.apache.lucene.util.collections.ObjectToFloatMap",23,0.04,1.96,180,1.84,64346.93,33,10,2,42,4,63.70,240,216,3,1,112.18,0.00,0.00,0.14,9,155.00,4,5520.00,0,2,1,java.lang.Object,0.00,19,0,45,0,19,21,0,82,1164,1
"org.apache.lucene.util.collections.ObjectToFloatMap$IndexIterator",4,0.33,1.75,22,0.18,4957.69,7,3,2,5,2,102.57,20,28,0,1,120.44,0.00,0.00,0.58,0,0.00,3,529.84,0,0,2,java.lang.Object,0.00,1,0,7,0,1,4,1,9,130,2
"org.apache.lucene.util.collections.ObjectToFloatMap$KeyIterator",4,0.33,1.00,9,0.07,1057.18,5,1,2,8,1,140.70,0,14,0,1,140.70,0.00,0.00,0.75,0,0.00,1,219.63,0,0,1,java.lang.Object,0.00,4,0,4,0,4,4,1,0,62,2
"org.apache.lucene.util.collections.ObjectToFloatMap$ValueIterator",4,0.33,1.00,9,0.06,715.12,5,1,2,8,2,142.03,0,13,0,1,142.03,0.00,0.00,0.75,0,0.00,1,175.51,0,0,2,java.lang.Object,0.00,4,0,4,0,4,4,1,0,53,2
"org.apache.lucene.util.collections.ObjectToFloatMapTest",8,0.00,5.12,247,2.90,266131.92,8,0,7,42,3,119.80,19,207,0,2,79.91,0.00,0.50,0.00,2,8.00,10,8687.62,0,0,3,org.apache.lucene.util.LuceneTestCase,0.00,34,1,41,0,34,8,0,4,1568,1
"org.apache.lucene.util.collections.ObjectToIntMap",23,0.04,1.96,180,1.82,65559.18,33,10,2,42,4,63.64,239,216,3,1,112.12,0.00,0.00,0.14,9,155.00,4,5451.60,0,3,1,java.lang.Object,0.00,19,0,45,0,19,20,0,81,1160,1
"org.apache.lucene.util.collections.ObjectToIntMap$IndexIterator",4,0.33,1.75,22,0.18,4957.69,7,3,2,5,2,102.57,20,28,0,1,120.44,0.00,0.00,0.58,0,0.00,3,529.84,0,0,2,java.lang.Object,0.00,1,0,7,0,1,4,1,9,130,2
"org.apache.lucene.util.collections.ObjectToIntMap$KeyIterator",4,0.33,1.00,9,0.07,1057.18,5,1,2,8,1,140.70,0,14,0,1,140.70,0.00,0.00,0.75,0,0.00,1,219.63,0,0,1,java.lang.Object,0.00,4,0,4,0,4,4,1,0,62,2
"org.apache.lucene.util.collections.ObjectToIntMap$ValueIterator",4,0.33,1.00,9,0.06,774.03,5,1,2,8,1,141.76,0,13,0,1,141.76,0.00,0.00,0.75,0,0.00,1,173.80,0,0,1,java.lang.Object,0.00,4,0,4,0,4,4,1,0,53,2
"org.apache.lucene.util.collections.ObjectToIntMapTest",8,0.00,5.12,247,2.87,275007.82,8,0,7,38,3,119.69,19,207,0,2,79.80,0.00,0.50,0.00,2,8.00,10,8620.49,0,0,3,org.apache.lucene.util.LuceneTestCase,0.00,30,1,41,0,30,8,0,4,1563,1
"org.apache.lucene.util.collections.TestLRUHashMap",1,0.00,1.00,31,0.44,28621.09,1,0,3,8,1,113.66,20,34,0,2,80.27,0.00,0.50,0.00,0,1.00,1,1315.06,0,0,1,org.apache.lucene.util.LuceneTestCase,0.00,7,1,1,0,7,1,0,5,247,1
"org.apache.lucene.analysis.hunspell.HunspellAffix",13,0.07,1.00,35,0.24,2684.03,20,7,1,16,3,123.67,72,49,3,1,141.54,0.00,0.00,0.08,0,90.00,1,705.99,0,3,0,java.lang.Object,0.00,3,0,13,0,3,10,0,16,197,1
"org.apache.lucene.analysis.hunspell.HunspellDictionary",14,0.05,2.71,144,2.25,104895.73,30,16,10,65,8,52.96,130,178,5,1,102.96,0.00,0.00,0.11,5,102.00,8,6742.52,0,6,3,java.lang.Object,0.00,51,0,38,0,51,8,0,28,1208,1
"org.apache.lucene.analysis.hunspell.HunspellDictionary$DoubleASCIIFlagParsingStrategy",1,0.00,3.00,14,0.18,11166.78,1,0,10,7,0,116.73,3,15,0,2,96.12,0.00,0.50,0.00,0,1.00,3,544.65,0,0,0,org.apache.lucene.analysis.hunspell.FlagParsingStrategy,0.00,6,1,3,0,6,1,0,1,112,2
"org.apache.lucene.analysis.hunspell.HunspellDictionary$FlagParsingStrategy",2,0.00,1.00,4,0.03,224.41,2,0,10,2,0,111.41,12,6,0,1,143.63,0.00,0.00,0.00,1,2.00,1,87.07,0,0,0,java.lang.Object,0.00,0,0,2,0,0,2,0,2,28,3
"org.apache.lucene.analysis.hunspell.HunspellDictionary$NumFlagParsingStrategy",1,0.00,2.00,10,0.12,3827.43,1,0,10,5,0,105.56,4,10,0,2,105.32,0.00,0.50,0.00,0,1.00,2,363.13,0,0,0,org.apache.lucene.analysis.hunspell.FlagParsingStrategy,0.00,4,1,2,0,4,1,0,2,77,2
"org.apache.lucene.analysis.hunspell.HunspellDictionary$SimpleFlagParsingStrategy",1,0.00,1.00,3,0.02,259.92,1,0,10,2,0,154.80,3,5,0,2,134.19,0.00,0.50,0.00,0,1.00,1,69.84,0,0,0,org.apache.lucene.analysis.hunspell.FlagParsingStrategy,0.00,1,1,1,0,1,1,0,1,21,2
"org.apache.lucene.analysis.hunspell.HunspellDictionaryTest",1,0.00,1.00,13,0.20,5286.60,1,0,6,10,1,100.13,0,13,0,1,100.13,0.00,0.00,0.00,0,1.00,1,591.97,0,0,1,java.lang.Object,0.00,9,0,1,0,9,1,0,0,113,1
"org.apache.lucene.analysis.hunspell.HunspellStemFilter",4,0.17,2.25,35,0.47,19915.36,10,6,7,18,7,75.79,26,46,1,4,108.01,0.00,0.75,0.29,0,4.00,6,1419.07,1,0,6,org.apache.lucene.analysis.TokenFilter,0.50,14,3,9,0,14,4,0,6,284,2
"org.apache.lucene.analysis.hunspell.HunspellStemmer",10,0.08,4.00,134,2.11,134492.22,14,4,12,61,8,54.32,76,161,3,1,96.62,0.00,0.00,0.18,5,18.00,11,6333.74,0,5,5,java.lang.Object,0.00,51,0,40,0,51,5,0,15,1143,1
"org.apache.lucene.analysis.hunspell.HunspellStemmer$Stem",8,0.00,1.00,22,0.19,3552.30,12,4,12,11,1,139.16,35,31,0,1,138.92,0.00,0.00,0.25,0,34.00,1,572.66,0,3,1,java.lang.Object,0.00,3,0,8,0,3,5,0,7,150,2
"org.apache.lucene.analysis.hunspell.HunspellStemmerTest",7,0.17,1.00,58,0.89,33617.17,8,1,8,16,3,108.32,0,72,1,1,108.32,0.00,0.00,0.86,1,0.00,1,2669.24,0,0,2,java.lang.Object,0.00,9,0,7,0,9,7,0,0,539,1
"org.apache.lucene.analysis.hunspell.HunspellWord",4,0.33,1.00,10,0.07,991.21,5,1,1,5,2,123.04,20,15,2,1,140.92,0.00,0.00,0.75,0,0.00,1,221.61,0,0,0,java.lang.Object,0.00,1,0,4,0,1,4,0,5,62,1
"org.apache.lucene.benchmark.byTask.tasks.alt.AltPackageTaskTest",3,0.00,1.67,14,0.14,2611.61,3,0,2,10,2,175.27,4,26,0,3,125.27,0.00,0.67,0.00,1,3.00,2,434.55,1,1,2,org.apache.lucene.benchmark.BenchmarkTestCase,0.00,7,2,5,0,7,2,0,4,104,1
"org.apache.lucene.benchmark.byTask.tasks.alt.AltTestTask",2,0.00,1.00,5,0.03,301.76,2,0,2,2,2,192.61,3,9,0,2,142.61,0.00,0.50,0.00,0,2.00,1,92.11,0,0,2,org.apache.lucene.benchmark.byTask.tasks.PerfTask,0.07,0,1,2,0,0,2,0,1,29,1
"org.apache.solr.handler.AnalysisRequestHandlerBase",7,1.00,3.29,115,1.94,117427.32,8,1,27,74,30,44.44,62,137,2,2,92.54,2.00,0.25,0.00,1,7.00,7,5815.40,0,6,28,org.apache.solr.handler.RequestHandlerBase,0.00,67,1,23,2,67,1,0,14,1001,2
"org.apache.solr.handler.AnalysisRequestHandlerBase$AnalysisContext",7,0.12,1.00,22,0.18,2730.00,11,4,27,7,3,114.93,35,30,0,1,132.80,0.00,0.00,0.14,0,32.00,1,554.56,0,4,3,java.lang.Object,0.00,0,0,7,0,0,3,0,3,143,2
"org.apache.solr.handler.AnalysisRequestHandlerBase$AttributeReflector",1,0.00,7.00,12,0.20,9069.90,1,0,27,9,5,139.02,2,18,0,1,99.13,0.00,0.00,0.00,0,1.00,7,610.32,0,0,5,java.lang.Object,0.00,8,0,7,0,8,1,0,2,115,0
"org.apache.solr.handler.AnalysisRequestHandlerBase$Comparator<AttributeSource>",2,0.00,2.00,11,0.16,8010.80,2,0,27,5,1,116.40,1,17,0,1,116.40,0.00,0.00,0.00,1,2.00,3,471.28,0,0,1,java.lang.Object,0.00,3,0,4,0,3,2,0,1,108,0
"org.apache.solr.handler.AnalysisRequestHandlerBase$HashMap<String,String>",0,0.00,0.00,6,0.11,2403.86,0,0,27,1,2,171.00,0,6,0,1,171.00,0.00,0.00,0.00,0,0.00,0,324.33,0,0,2,java.lang.Object,0.00,1,0,0,0,1,0,0,0,69,0
"org.apache.solr.handler.AnalysisRequestHandlerBase$ListBasedTokenStream",3,0.25,2.00,19,0.21,5717.18,5,2,27,9,3,155.87,6,27,0,3,115.98,0.00,0.67,0.67,0,0.00,4,634.32,1,0,3,org.apache.lucene.analysis.TokenStream,0.55,6,2,6,0,6,3,0,2,139,3
"org.apache.solr.handler.AnalysisRequestHandlerBase$TokenTrackingAttribute",4,0.00,1.00,5,0.03,125.71,4,0,27,4,0,159.21,0,6,0,2,159.21,0.00,0.50,0.00,0,4.00,1,80.21,0,0,0,,0.00,0,1,4,0,0,4,0,0,31,1
"org.apache.solr.handler.AnalysisRequestHandlerBase$TokenTrackingAttributeImpl",7,0.06,1.14,26,0.27,4884.36,10,3,27,11,1,130.78,2,38,0,2,130.78,0.00,0.50,0.29,1,10.00,2,818.55,0,0,1,org.apache.lucene.util.AttributeImpl,0.17,4,1,8,0,4,7,1,2,200,3
"org.apache.solr.handler.AnalysisRequestHandlerTestBase",1,0.00,4.00,15,0.29,8647.51,1,0,3,15,4,53.52,7,20,2,3,95.81,1.00,0.40,0.00,0,1.00,4,881.46,0,0,2,org.apache.solr.SolrTestCaseJ4,0.00,14,2,4,2,14,1,0,2,168,2
"org.apache.solr.handler.AnalysisRequestHandlerTestBase$TokenInfo",10,0.01,1.00,38,0.26,5386.26,19,9,3,10,0,131.69,0,58,0,1,131.69,0.00,0.00,0.10,0,82.00,1,771.13,0,4,0,java.lang.Object,0.00,0,0,10,0,0,6,0,0,200,1
"org.apache.solr.handler.BinaryUpdateRequestHandler",8,0.00,1.50,32,0.36,8856.39,8,0,15,19,14,174.48,8,51,0,3,124.48,0.00,0.67,0.00,1,8.00,3,1072.05,0,6,14,org.apache.solr.handler.ContentStreamHandlerBase,0.55,11,2,12,0,11,2,0,1,239,1
"org.apache.solr.handler.BinaryUpdateRequestHandler$ContentStreamLoader",1,0.00,2.00,8,0.08,2240.96,1,0,15,4,3,110.77,0,13,0,1,110.77,0.00,0.00,0.00,0,1.00,2,250.90,0,0,3,java.lang.Object,0.00,3,0,2,0,3,1,0,0,54,0
"org.apache.solr.handler.BinaryUpdateRequestHandler$JavaBinUpdateRequestCodec.StreamingDocumentHandler",1,0.00,3.00,10,0.12,3110.81,2,1,15,5,4,105.94,0,14,0,1,105.94,0.00,0.00,1.00,0,0.00,3,359.36,0,0,4,java.lang.Object,0.00,4,0,3,0,4,1,0,0,75,0
"org.apache.solr.handler.CSVLoader",7,0.21,7.57,188,3.46,245705.00,34,27,22,59,17,49.74,44,214,3,2,81.96,1.00,0.33,0.22,3,5.00,16,10369.28,0,0,14,org.apache.solr.handler.ContentStreamLoader,0.00,52,1,53,1,52,7,0,34,1653,1
"org.apache.solr.handler.CSVLoader$FieldAdder",1,0.00,2.00,4,0.05,722.56,1,0,22,3,1,125.87,0,7,0,1,125.87,0.00,0.00,0.00,0,0.00,2,161.62,0,0,1,java.lang.Object,0.00,2,0,2,0,2,1,0,0,39,1
"org.apache.solr.handler.CSVLoader$FieldAdderEmpty",1,0.00,1.00,3,0.05,552.70,1,0,22,2,1,131.61,0,6,0,2,131.61,0.00,0.50,0.00,0,0.00,1,145.01,0,0,1,CSVLoader.FieldAdder,0.00,1,1,1,0,1,1,0,0,36,1
"org.apache.solr.handler.CSVLoader$FieldMapperSingle",2,0.33,1.50,11,0.12,1987.08,5,3,22,4,1,121.23,0,15,0,2,121.23,0.00,0.50,0.50,0,2.00,2,367.65,0,0,1,CSVLoader.FieldAdder,0.00,2,1,3,0,2,2,0,0,92,1
"org.apache.solr.handler.CSVLoader$FieldSplitter",2,0.00,2.50,17,0.20,7720.41,4,2,22,7,2,108.86,0,22,0,2,108.86,0.00,0.50,0.50,0,2.00,4,614.38,0,0,2,CSVLoader.FieldAdder,0.00,5,1,5,0,5,2,0,0,129,1
"org.apache.solr.handler.CSVLoader$FieldTrimmer",2,1.00,1.00,6,0.07,878.59,3,1,22,4,1,132.39,0,8,0,2,132.39,0.00,0.50,0.50,0,2.00,1,208.90,0,0,1,CSVLoader.FieldAdder,0.00,2,1,2,0,2,2,0,0,56,1
"org.apache.solr.handler.CSVLoader$SingleThreadedCSVLoader",2,0.00,1.00,7,0.07,1064.84,2,0,22,4,4,131.73,0,11,0,3,131.73,0.00,0.67,0.00,0,2.00,1,199.13,1,0,4,org.apache.solr.handler.CSVLoader,0.00,2,2,2,0,2,2,0,0,51,0
"org.apache.solr.handler.CSVRequestHandler",5,1.00,1.00,12,0.10,1315.58,6,1,22,7,15,140.71,4,23,2,3,140.71,0.00,0.67,0.00,0,5.00,1,298.53,0,5,13,org.apache.solr.handler.ContentStreamHandlerBase,0.63,2,2,5,0,2,0,0,2,83,1
"org.apache.solr.handler.CSVRequestHandlerTest",2,0.00,1.00,14,0.20,3815.21,2,0,8,11,8,113.64,0,20,0,3,113.64,0.00,0.67,0.00,0,2.00,1,605.99,1,0,8,org.apache.solr.SolrTestCaseJ4,0.00,9,2,2,0,9,2,0,0,119,1
"org.apache.solr.handler.ContentStreamHandlerBase",2,1.00,2.50,20,0.34,19066.91,3,1,10,14,16,122.77,6,28,5,2,102.15,6.00,0.12,0.50,1,2.00,4,1014.60,0,1,12,org.apache.solr.handler.RequestHandlerBase,0.00,12,1,5,6,12,1,0,3,182,2
"org.apache.solr.handler.ContentStreamLoader",3,1.00,1.00,7,0.05,477.24,4,1,3,3,13,163.05,11,10,10,1,142.43,0.00,0.00,0.33,0,4.00,1,153.97,0,1,3,java.lang.Object,0.00,0,0,3,6,0,2,0,2,45,2
"org.apache.solr.handler.DocumentAnalysisRequestHandler",10,0.08,4.20,129,2.05,120402.77,14,4,27,72,19,48.28,93,183,1,3,98.28,0.00,0.67,0.18,4,30.00,13,6158.73,1,9,18,org.apache.solr.handler.AnalysisRequestHandlerBase,0.41,62,2,42,0,62,1,0,19,1053,1
"org.apache.solr.handler.DocumentAnalysisRequestHandlerTest",6,0.20,1.00,190,4.28,526772.44,7,1,19,48,12,34.15,42,192,0,4,76.44,0.00,0.75,0.83,0,0.00,1,12838.97,3,0,12,org.apache.solr.handler.AnalysisRequestHandlerTestBase,0.06,42,3,6,0,42,6,0,14,1931,1
"org.apache.solr.handler.DocumentAnalysisRequestHandlerTest$ByteStream",3,1.00,1.00,12,0.11,1537.60,4,1,19,6,1,127.20,0,18,0,2,127.20,0.00,0.50,0.33,0,5.00,1,323.72,0,2,1,org.apache.solr.common.util.ContentStreamBase,0.15,3,1,3,0,3,1,0,0,81,1
"org.apache.solr.handler.DocumentAnalysisRequestHandlerTest$SolrQueryRequestBase",1,0.00,1.00,3,0.03,424.29,1,0,19,2,0,132.51,0,5,0,1,132.51,0.00,0.00,0.00,0,1.00,1,99.00,0,1,0,java.lang.Object,0.00,1,0,1,0,1,0,0,0,27,0
"org.apache.solr.handler.DocumentAnalysisRequestHandlerTest$SolrQueryRequestBase_0",1,0.00,1.00,3,0.03,424.29,1,0,19,2,0,132.51,0,5,0,1,132.51,0.00,0.00,0.00,0,1.00,1,99.00,0,1,0,java.lang.Object,0.00,1,0,1,0,1,0,0,0,27,0
"org.apache.solr.handler.DocumentAnalysisRequestHandlerTest$SolrQueryRequestBase_1",1,0.00,1.00,3,0.03,424.29,1,0,19,2,0,132.51,0,5,0,1,132.51,0.00,0.00,0.00,0,1.00,1,99.00,0,1,0,java.lang.Object,0.00,1,0,1,0,1,0,0,0,27,0
"org.apache.solr.handler.DumpRequestHandler",5,0.00,1.40,27,0.38,16918.08,5,0,9,21,6,117.06,4,43,0,2,117.06,0.00,0.50,0.00,0,5.00,3,1147.43,0,4,6,org.apache.solr.handler.RequestHandlerBase,0.47,16,1,7,0,16,1,0,4,219,1
"org.apache.solr.handler.FieldAnalysisRequestHandler",8,0.00,2.62,70,1.10,58386.58,8,0,15,41,13,62.54,88,98,1,3,106.67,0.00,0.67,0.00,2,14.00,7,3290.77,1,8,12,org.apache.solr.handler.AnalysisRequestHandlerBase,0.44,33,2,21,0,33,0,0,8,609,1
"org.apache.solr.handler.FieldAnalysisRequestHandlerTest",6,0.20,1.00,375,9.02,2175034.32,7,1,14,44,12,100.25,16,290,0,4,60.36,0.00,0.75,0.83,0,0.00,1,27067.59,3,0,12,org.apache.solr.handler.AnalysisRequestHandlerTestBase,0.06,38,3,6,0,38,6,0,6,3951,1
"org.apache.solr.handler.JsonLoader",12,0.18,6.50,228,3.88,253232.70,18,6,20,69,16,128.70,24,362,2,2,88.82,0.00,0.50,0.33,9,0.00,24,11649.92,0,4,14,org.apache.solr.handler.ContentStreamLoader,0.00,57,1,78,0,57,8,0,11,1966,0
"org.apache.solr.handler.JsonLoaderTest",5,1.00,1.00,84,1.51,39180.22,6,1,12,29,11,95.42,4,133,0,3,95.42,0.00,0.67,0.20,0,8.00,1,4541.78,4,0,11,org.apache.solr.SolrTestCaseJ4,0.00,24,2,5,0,24,5,0,4,785,1
"org.apache.solr.handler.JsonUpdateRequestHandler",6,1.00,1.00,14,0.12,1573.70,7,1,5,8,8,140.72,4,27,2,3,140.72,0.00,0.67,0.00,0,6.00,1,355.89,1,5,6,org.apache.solr.handler.ContentStreamHandlerBase,0.60,2,2,6,0,2,1,0,2,99,1
"org.apache.solr.handler.MoreLikeThisHandler",2,1.00,17.50,116,2.43,286569.07,3,1,33,55,33,19.83,23,159,2,2,63.96,0.00,0.50,0.00,0,2.00,34,7289.51,1,0,31,org.apache.solr.handler.RequestHandlerBase,0.00,53,1,35,0,53,2,0,17,993,1
"org.apache.solr.handler.MoreLikeThisHandler$InterestingTerm",5,2.00,1.20,18,0.14,2455.53,7,2,33,7,1,131.97,4,32,0,1,131.97,0.00,0.00,0.00,0,5.00,2,418.99,0,5,1,java.lang.Object,0.00,2,0,6,0,2,0,0,2,110,2
"org.apache.solr.handler.MoreLikeThisHandler$InterestingTerm$Comparator<InterestingTerm>",1,0.00,3.00,6,0.07,2283.77,1,0,33,1,0,115.27,0,8,0,1,115.27,0.00,0.00,0.00,0,1.00,3,200.59,0,0,0,java.lang.Object,0.00,0,0,3,0,0,1,0,0,47,0
"org.apache.solr.handler.MoreLikeThisHandler$InterestingTerm$MoreLikeThisHelper",10,0.14,2.00,94,1.57,53058.69,19,9,33,60,21,105.91,6,125,0,1,105.91,0.00,0.00,0.23,2,22.00,4,4716.74,0,8,21,java.lang.Object,0.00,50,0,20,0,50,2,0,6,848,2
"org.apache.solr.handler.MoreLikeThisHandlerTest",2,0.00,2.00,49,1.02,49033.55,2,0,12,17,12,42.50,14,76,0,3,84.79,0.00,0.67,0.00,0,0.00,3,3058.13,5,0,12,org.apache.solr.SolrTestCaseJ4,0.00,15,2,4,0,15,2,0,12,455,1
"org.apache.solr.handler.MoreLikeThisHandlerTest$SolrQueryRequestBase",0,0.00,0.00,1,0.01,23.26,0,0,12,0,0,171.00,0,0,0,1,171.00,0.00,0.00,0.00,0,0.00,0,15.51,0,0,0,java.lang.Object,0.00,0,0,0,0,0,0,0,0,6,0
"org.apache.solr.handler.PingRequestHandler",5,0.00,2.00,31,0.47,23320.32,5,0,8,20,8,152.81,10,54,0,2,112.92,0.00,0.50,0.00,0,5.00,6,1395.60,0,4,8,org.apache.solr.handler.RequestHandlerBase,0.47,15,1,10,0,15,1,0,6,252,1
"org.apache.solr.handler.RealTimeGetHandler",6,0.00,1.00,15,0.12,2152.24,6,0,5,8,2,139.65,1,29,0,3,139.65,0.00,0.67,0.00,0,6.00,1,361.31,0,6,2,org.apache.solr.handler.component.SearchHandler,0.67,2,2,6,0,2,0,0,1,98,1
"org.apache.solr.handler.ReplicationHandler",35,0.05,4.26,549,10.11,798687.41,91,56,47,183,29,132.36,89,683,5,2,92.48,0.00,0.50,0.06,17,313.00,26,30343.02,1,14,26,org.apache.solr.handler.RequestHandlerBase,0.21,148,1,149,0,148,21,1,40,4752,1
"org.apache.solr.handler.ReplicationHandler$BinaryQueryResponseWriter",4,0.00,1.00,9,0.10,1114.82,4,0,47,8,3,140.52,1,12,0,1,140.52,0.00,0.00,0.00,0,6.00,1,294.85,0,1,3,java.lang.Object,0.00,4,0,4,0,4,3,0,1,75,0
"org.apache.solr.handler.ReplicationHandler$CloseHook",2,0.00,1.50,5,0.04,508.08,2,0,47,2,1,140.74,0,9,0,1,140.74,0.00,0.00,0.00,0,2.00,2,123.70,0,0,1,java.lang.Object,0.00,0,0,3,0,0,2,0,0,35,0
"org.apache.solr.handler.ReplicationHandler$FileInfo",2,0.50,1.00,17,0.15,3251.08,6,4,47,4,0,112.03,0,20,0,1,112.03,0.00,0.00,0.50,0,2.00,1,460.88,0,1,0,java.lang.Object,0.00,2,0,2,0,2,1,0,0,111,1
"org.apache.solr.handler.ReplicationHandler$FileStream",3,0.50,6.00,68,1.08,98044.80,7,4,47,30,3,105.58,9,87,0,1,84.96,0.00,0.00,0.58,1,0.00,16,3230.34,0,0,3,java.lang.Object,0.00,27,0,18,0,27,3,0,7,499,1
"org.apache.solr.handler.ReplicationHandler$SolrEventListener",4,0.00,1.75,13,0.12,2069.12,4,0,47,7,5,131.94,16,20,0,1,131.70,0.00,0.00,0.00,0,6.00,4,372.63,0,0,5,java.lang.Object,0.00,3,0,7,0,3,4,0,7,88,0
"org.apache.solr.handler.ReplicationHandler$Thread",1,0.00,1.00,3,0.02,131.59,1,0,47,2,0,136.51,0,5,0,1,136.51,0.00,0.00,0.00,0,1.00,1,47.86,0,0,0,java.lang.Object,0.00,1,0,1,0,1,1,0,0,16,0
"org.apache.solr.handler.RequestHandlerBase",12,0.06,1.92,68,0.85,32105.15,22,10,12,29,33,118.02,49,86,22,1,117.79,0.00,0.00,0.16,1,40.00,7,2562.77,0,8,11,java.lang.Object,0.00,17,0,23,28,17,4,2,9,510,2
"org.apache.solr.handler.RequestHandlerUtils",4,0.00,2.50,41,0.74,35569.19,4,0,10,17,13,60.10,31,58,5,1,102.39,0.00,0.00,0.00,0,4.00,3,2211.23,0,0,8,java.lang.Object,0.00,13,0,10,0,13,4,0,12,403,1
"org.apache.solr.handler.SnapPuller",41,0.03,3.63,506,8.24,466987.65,88,47,32,188,17,119.12,132,656,5,1,98.50,0.00,0.00,0.05,16,891.00,18,24710.33,0,18,14,java.lang.Object,0.00,147,0,149,0,147,23,0,64,4279,1
"org.apache.solr.handler.SnapPuller$FileFetcher",7,0.22,5.00,118,1.72,69747.64,24,17,32,36,2,62.01,43,169,0,1,94.23,0.00,0.00,0.24,3,0.00,12,5170.69,0,1,2,java.lang.Object,0.00,29,0,35,0,29,6,0,32,930,1
"org.apache.solr.handler.SnapPuller$FileFetcher$Runnable_0",1,0.00,2.00,5,0.03,408.00,1,0,32,2,1,124.21,0,8,0,1,124.21,0.00,0.00,0.00,0,0.00,2,96.00,0,0,1,java.lang.Object,0.00,1,0,2,0,1,1,0,0,26,0
"org.apache.solr.handler.SnapPuller$ReplicationHandlerException",1,0.00,1.00,3,0.02,124.13,1,0,32,1,0,136.71,0,5,0,2,136.71,0.00,0.50,0.00,0,1.00,1,49.65,0,0,0,java.lang.InterruptedException,0.00,0,1,1,0,0,1,0,0,17,2
"org.apache.solr.handler.SnapPuller$Runnable",1,0.00,3.00,9,0.08,1260.86,1,0,32,2,0,110.74,0,13,0,1,110.74,0.00,0.00,0.00,0,0.00,3,231.48,0,0,0,java.lang.Object,0.00,1,0,3,0,1,1,0,0,51,0
"org.apache.solr.handler.SnapPuller$Thread",1,0.00,2.00,5,0.06,812.08,1,0,32,3,0,121.86,0,9,0,1,121.86,0.00,0.00,0.00,0,0.00,2,170.52,0,0,0,java.lang.Object,0.00,2,0,2,0,2,1,0,0,41,0
"org.apache.solr.handler.SnapShooter",3,0.42,3.33,49,0.84,31519.51,9,6,18,40,10,134.02,6,62,3,1,94.14,0.00,0.00,0.44,0,1.00,6,2526.47,0,0,9,java.lang.Object,0.00,37,0,10,0,37,3,0,1,438,1
"org.apache.solr.handler.SnapShooter$FileCopier",3,0.25,3.33,42,0.58,34092.08,7,4,18,19,2,116.65,11,59,0,1,96.03,0.00,0.00,0.08,1,5.00,7,1736.68,0,0,2,java.lang.Object,0.00,16,0,10,0,16,3,0,5,320,1
"org.apache.solr.handler.SnapShooter$Thread",1,0.00,1.00,3,0.02,143.17,1,0,18,2,0,136.23,0,5,0,1,136.23,0.00,0.00,0.00,0,1.00,1,52.97,0,0,0,java.lang.Object,0.00,1,0,1,0,1,1,0,0,17,0
"org.apache.solr.handler.StandardRequestHandler",5,0.00,1.20,13,0.09,1425.83,5,0,3,6,3,140.63,20,26,2,3,140.40,0.00,0.67,0.00,0,5.00,2,280.21,0,5,1,org.apache.solr.handler.component.SearchHandler,0.58,1,2,6,0,1,0,0,2,79,1
"org.apache.solr.handler.StandardRequestHandlerTest",4,0.00,1.00,33,0.51,17020.42,4,0,9,11,7,158.74,6,56,0,3,108.74,0.00,0.67,0.00,0,4.00,1,1525.73,5,2,7,org.apache.solr.util.AbstractSolrTestCase,0.25,7,2,4,0,7,2,0,3,274,1
"org.apache.solr.handler.TestCSVLoader",13,0.11,1.08,145,2.15,102551.14,16,3,12,26,5,141.33,33,204,0,3,101.45,0.00,0.67,0.23,4,28.00,2,6457.89,8,0,5,org.apache.solr.SolrTestCaseJ4,0.09,13,2,14,0,13,13,0,33,1094,1
"org.apache.solr.handler.TestReplicationHandler",24,0.21,2.12,469,6.76,338209.03,33,9,32,92,19,111.07,75,514,0,3,90.45,0.00,0.67,0.31,18,50.00,7,20266.22,0,8,19,org.apache.solr.SolrTestCaseJ4,0.00,68,2,51,0,68,16,0,68,3503,1
"org.apache.solr.handler.TestReplicationHandler$BackupThread",1,0.00,2.00,12,0.14,3291.16,2,1,32,6,1,102.89,0,18,0,2,102.89,0.00,0.50,1.00,0,0.00,2,427.55,0,0,1,org.apache.lucene.search.Thread,0.00,5,1,2,0,5,1,0,0,87,0
"org.apache.solr.handler.TestReplicationHandler$CheckStatus",1,0.00,3.00,17,0.21,5062.96,4,3,32,8,1,95.68,0,24,0,2,95.68,0.00,0.50,1.00,0,0.00,3,624.13,0,0,1,org.apache.lucene.search.Thread,0.00,7,1,3,0,7,1,0,0,122,0
"org.apache.solr.handler.TestReplicationHandler$FilenameFilter",1,0.00,2.00,5,0.03,373.94,1,0,32,2,0,124.51,0,7,0,1,124.51,0.00,0.00,0.00,0,1.00,2,102.01,0,0,0,java.lang.Object,0.00,1,0,2,0,1,1,0,0,27,0
"org.apache.solr.handler.TestReplicationHandler$SolrInstance",10,0.02,1.00,37,0.35,5399.22,15,5,32,19,1,131.69,8,53,0,1,131.69,0.00,0.00,0.22,3,38.00,1,1043.81,0,5,1,java.lang.Object,0.00,9,0,10,0,9,5,0,2,248,2
"org.apache.solr.handler.XMLLoader",5,0.38,10.80,171,2.88,223730.35,7,2,24,59,18,58.83,26,212,3,2,76.70,1.00,0.33,0.20,2,8.00,18,8628.08,0,1,16,org.apache.solr.handler.ContentStreamLoader,0.00,54,1,54,1,54,4,0,15,1348,0
"org.apache.solr.handler.XmlUpdateRequestHandler",6,0.03,1.17,31,0.39,8253.88,19,13,7,13,16,160.06,14,47,11,3,120.18,0.00,0.67,0.05,0,10.00,2,1165.94,1,5,7,org.apache.solr.handler.ContentStreamHandlerBase,0.60,7,2,7,0,7,1,0,12,242,1
"org.apache.solr.handler.XmlUpdateRequestHandlerTest",3,0.00,1.00,32,0.60,17577.86,5,2,13,24,9,143.91,6,56,0,3,104.03,0.00,0.67,0.50,0,2.00,1,1809.45,1,0,9,org.apache.solr.SolrTestCaseJ4,0.00,21,2,3,0,21,3,0,6,322,1
"org.apache.solr.handler.XsltUpdateRequestHandler",6,0.06,1.17,28,0.34,6641.68,13,7,8,16,9,164.42,12,44,2,3,124.53,0.00,0.67,0.19,0,10.00,2,1007.23,1,5,8,org.apache.solr.handler.ContentStreamHandlerBase,0.60,10,2,7,0,10,1,0,10,214,1
"org.apache.solr.handler.XsltUpdateRequestHandlerTest",3,1.00,1.00,30,0.47,12343.26,4,1,16,22,10,105.24,0,51,0,3,105.24,0.00,0.67,0.33,0,5.00,1,1421.88,6,0,10,org.apache.solr.SolrTestCaseJ4,0.05,19,2,3,0,19,3,0,0,252,1
"org.apache.solr.handler.XsltXMLLoader",3,0.00,2.67,38,0.64,24248.39,6,3,24,30,11,81.87,15,51,1,3,99.75,0.00,0.67,0.33,1,5.00,4,1912.59,1,1,11,org.apache.solr.handler.XMLLoader,0.00,27,2,8,0,27,2,0,8,342,0
"org.apache.solr.search.grouping.Command",5,0.00,1.00,6,0.03,159.47,5,0,5,5,10,141.29,29,7,7,1,159.16,0.00,0.00,0.00,0,5.00,1,82.99,0,4,3,,0.00,0,0,5,0,0,1,0,6,33,1
"org.apache.solr.search.grouping.CommandHandler",5,0.25,2.20,54,0.86,28816.81,11,6,13,34,18,153.90,6,72,2,1,103.90,0.00,0.00,0.37,0,0.00,4,2580.74,0,3,16,java.lang.Object,0.00,29,0,11,0,29,2,0,1,482,1
"org.apache.solr.search.grouping.CommandHandler$Builder",6,0.00,1.17,26,0.24,4820.46,11,5,13,11,3,175.63,7,34,0,1,125.63,0.00,0.00,0.20,0,10.00,2,723.31,0,5,3,java.lang.Object,0.00,5,0,7,0,5,1,0,1,175,2
"org.apache.solr.search.grouping.GroupingSpecification",28,0.04,1.11,77,0.53,8302.05,42,14,2,28,9,140.28,5,109,7,1,140.28,0.00,0.00,0.04,0,392.00,2,1587.56,0,6,2,java.lang.Object,0.00,0,0,31,0,0,22,0,1,422,1
"org.apache.lucene.queryparser.surround.parser.CharStream",12,0.00,1.00,13,0.06,250.78,12,0,0,12,3,128.38,79,14,3,1,160.60,0.00,0.00,0.00,0,12.00,1,172.56,0,1,0,,0.00,0,0,12,0,0,11,0,13,70,1
"org.apache.lucene.queryparser.surround.parser.FastCharStream",14,0.14,1.43,56,0.55,20446.20,20,6,1,20,2,173.54,16,80,1,1,123.54,0.00,0.00,0.30,2,2.00,5,1644.78,0,1,1,java.lang.Object,0.00,6,0,20,0,6,13,1,13,372,2
"org.apache.lucene.queryparser.surround.parser.ParseException",5,0.30,3.20,92,1.07,80794.24,10,5,0,14,4,61.39,69,112,3,2,90.77,0.00,0.50,0.44,0,0.00,10,3210.28,1,2,1,java.lang.Exception,0.00,9,1,16,0,9,3,0,11,572,1
"org.apache.lucene.queryparser.surround.parser.QueryParser",46,0.05,4.02,523,6.16,371182.43,75,29,13,87,21,151.07,55,620,5,1,101.07,0.00,0.00,0.08,12,526.00,18,18485.21,0,26,16,java.lang.Object,0.00,41,0,185,0,41,20,1,50,3501,1
"org.apache.lucene.queryparser.surround.parser.QueryParser$JJCalls",0,0.00,0.00,5,0.03,253.51,4,4,13,0,1,171.00,0,6,0,1,171.00,0.00,0.00,0.00,0,0.00,0,78.87,0,0,1,java.lang.Object,0.00,0,0,0,0,0,0,0,0,22,2
"org.apache.lucene.queryparser.surround.parser.QueryParser$LookaheadSuccess",0,0.00,0.00,1,0.01,145.30,0,0,13,0,0,171.00,0,1,0,2,171.00,0.00,0.50,0.00,0,0.00,0,41.51,0,0,0,java.lang.Error,0.00,0,1,0,0,0,0,0,0,12,3
"org.apache.lucene.queryparser.surround.parser.QueryParserConstants",0,0.00,0.00,27,0.39,4761.14,26,26,0,0,2,171.00,30,53,2,1,171.00,0.00,0.00,0.00,0,0.00,0,1182.50,0,0,0,,0.00,0,0,0,0,0,0,0,27,186,1
"org.apache.lucene.queryparser.surround.parser.QueryParserTokenManager",21,0.07,10.24,386,6.13,1092753.23,40,19,13,31,14,86.50,12,668,1,1,86.50,0.00,0.00,0.12,11,162.00,155,18386.30,0,2,13,java.lang.Object,0.00,10,0,215,0,10,19,1,12,2909,1
"org.apache.lucene.queryparser.surround.parser.SuppressWarnings",6,0.20,1.50,48,0.66,33774.42,11,5,0,14,0,59.58,51,72,0,2,107.69,0.00,0.50,0.03,1,10.00,3,1967.96,1,3,0,java.lang.Error,0.00,8,1,9,0,8,3,0,14,375,1
"org.apache.lucene.queryparser.surround.parser.Token",7,0.12,1.00,24,0.16,1989.42,15,8,0,8,5,83.88,67,38,5,1,133.88,0.00,0.00,0.02,1,12.00,1,468.86,0,4,0,java.lang.Object,0.00,1,0,7,0,1,3,0,15,131,1
"org.apache.lucene.queries.mlt.MoreLikeThis",41,0.00,1.78,242,3.09,142036.65,65,24,16,86,19,72.79,466,313,3,1,116.92,0.00,0.00,0.04,5,825.00,9,9259.77,0,13,16,java.lang.Object,0.00,45,0,73,0,45,28,0,92,1803,2
"org.apache.lucene.queries.mlt.MoreLikeThis$FreqQ",2,0.00,1.00,7,0.07,1627.99,2,0,16,2,1,130.28,0,11,0,2,130.28,0.00,0.50,0.00,0,2.00,1,223.95,0,0,1,org.apache.lucene.util.PriorityQueue,0.00,0,1,2,0,0,2,0,0,58,2
"org.apache.lucene.queries.mlt.MoreLikeThis$Int",1,0.00,1.00,4,0.02,114.30,2,1,16,1,0,132.34,0,6,0,1,132.34,0.00,0.00,1.00,0,0.00,1,49.65,0,0,0,java.lang.Object,0.00,0,0,1,0,0,1,0,0,17,2
"org.apache.lucene.queries.mlt.MoreLikeThisQuery",19,0.01,1.11,62,0.56,12287.16,28,9,9,30,7,131.05,12,85,1,2,131.05,0.00,0.50,0.11,0,149.00,2,1691.25,0,6,6,org.apache.lucene.search.Query,0.00,11,1,21,0,11,13,0,4,396,1
"org.apache.lucene.queries.mlt.TestMoreLikeThis",6,0.20,1.33,67,1.03,32874.92,9,3,17,39,12,102.65,4,81,0,2,102.65,0.00,0.50,0.50,2,0.00,2,3081.29,2,1,12,org.apache.lucene.util.LuceneTestCase,0.00,33,1,8,0,33,5,0,4,563,1
"org.apache.lucene.queries.function.valuesource.BoolFunction",0,0.00,0.00,1,0.01,49.13,0,0,1,0,4,171.00,1,2,3,2,171.00,3.00,0.20,0.00,0,0.00,0,19.65,0,0,1,org.apache.lucene.queries.function.ValueSource,0.00,0,1,0,3,0,0,0,1,7,2
"org.apache.lucene.queries.function.valuesource.ByteFieldSource",3,0.00,1.00,9,0.10,1602.95,3,0,6,5,6,171.61,7,15,3,4,131.72,0.00,0.75,0.00,0,1.00,1,303.50,0,2,3,org.apache.lucene.queries.function.valuesource.NumericFieldCacheSource,0.20,2,3,3,0,2,1,0,1,73,1
"org.apache.lucene.queries.function.valuesource.ByteFieldSource$DocValues",9,0.00,1.00,19,0.20,2956.92,9,0,6,11,0,139.95,1,37,0,1,139.95,0.00,0.00,0.00,0,9.00,1,585.73,0,3,0,java.lang.Object,0.00,2,0,9,0,2,6,0,1,158,0
"org.apache.lucene.queries.function.valuesource.BytesRefFieldSource",2,0.00,1.00,5,0.04,433.02,2,0,6,3,8,191.38,3,9,3,3,141.38,0.00,0.67,0.00,0,2.00,1,119.08,0,1,5,org.apache.lucene.queries.function.valuesource.FieldCacheSource,0.00,1,2,2,0,1,1,0,1,34,1
"org.apache.lucene.queries.function.valuesource.BytesRefFieldSource$StringIndexDocValues",3,0.00,1.00,7,0.06,813.15,3,0,6,5,0,140.61,0,13,0,1,140.61,0.00,0.00,0.00,0,3.00,1,194.75,0,3,0,java.lang.Object,0.00,2,0,3,0,2,0,0,0,55,0
"org.apache.lucene.queries.function.valuesource.ConstDoubleDocValues",7,0.14,1.00,27,0.22,2346.94,13,6,10,9,9,133.32,0,41,2,3,133.32,0.00,0.67,0.29,0,14.00,1,671.41,0,2,7,org.apache.lucene.queries.function.docvalues.DoubleDocValues,0.41,2,2,7,0,2,5,0,0,167,0
"org.apache.lucene.queries.function.valuesource.ConstIntDocValues",7,0.14,1.00,27,0.21,2260.59,13,6,10,9,10,133.44,0,41,3,3,133.44,0.00,0.67,0.29,0,14.00,1,635.98,0,2,7,org.apache.lucene.queries.function.docvalues.IntDocValues,0.42,2,2,7,0,2,5,0,0,161,0
"org.apache.lucene.queries.function.valuesource.ConstNumberSource",6,0.00,1.00,7,0.04,235.25,6,0,1,6,6,158.45,3,8,5,2,158.45,4.00,0.17,0.00,0,6.00,1,112.71,0,1,1,org.apache.lucene.queries.function.ValueSource,0.00,0,1,6,4,0,5,0,1,43,2
"org.apache.lucene.queries.function.valuesource.ConstValueSource",11,0.15,1.09,28,0.24,3965.84,13,2,5,13,5,139.62,3,50,2,3,139.62,0.00,0.67,0.36,0,0.00,2,712.75,0,3,3,org.apache.lucene.queries.function.valuesource.ConstNumberSource,0.96,2,2,12,0,2,8,0,1,191,1
"org.apache.lucene.queries.function.valuesource.ConstValueSource$FloatDocValues",7,0.00,1.00,15,0.12,1375.04,7,0,5,8,0,141.71,0,29,0,1,141.71,0.00,0.00,0.00,0,0.00,1,364.39,0,2,0,java.lang.Object,0.00,1,0,7,0,1,5,0,0,103,0
"org.apache.lucene.queries.function.valuesource.DefFunction",3,0.00,1.00,7,0.05,576.08,3,0,9,4,6,141.79,0,13,1,3,141.79,0.00,0.67,0.00,0,3.00,1,159.53,0,2,5,org.apache.lucene.queries.function.valuesource.MultiFunction,0.15,1,2,3,0,1,1,0,0,46,1
"org.apache.lucene.queries.function.valuesource.DefFunction$Values",13,1.00,1.31,39,0.39,8156.74,14,1,9,25,1,131.11,2,64,0,1,131.11,0.00,0.00,0.08,1,24.00,3,1176.91,1,4,1,java.lang.Object,0.00,12,0,17,0,12,9,0,2,302,0
"org.apache.lucene.queries.function.valuesource.DivFloatFunction",3,0.00,1.00,7,0.07,1084.71,3,0,2,4,4,179.51,6,13,1,3,139.63,0.00,0.67,0.00,0,3.00,1,203.62,0,1,3,org.apache.lucene.queries.function.valuesource.DualFloatFunction,0.16,1,2,3,0,1,2,0,2,57,1
"org.apache.lucene.queries.function.valuesource.DocFreqValueSource",7,0.04,1.14,26,0.33,7082.45,11,4,10,16,12,129.51,0,39,4,2,129.51,3.00,0.20,0.21,2,18.00,2,997.93,0,3,8,org.apache.lucene.queries.function.ValueSource,0.27,9,1,8,3,9,4,0,0,237,1
"org.apache.lucene.queries.function.valuesource.DoubleConstValueSource",11,0.10,1.09,31,0.28,4843.05,14,3,5,13,8,138.93,0,53,5,3,138.93,0.00,0.67,0.24,0,39.00,2,838.41,0,3,3,org.apache.lucene.queries.function.valuesource.ConstNumberSource,0.96,2,2,12,0,2,8,0,0,218,1
"org.apache.lucene.queries.function.valuesource.DoubleConstValueSource$DoubleDocValues",7,0.00,1.00,15,0.12,1356.14,7,0,5,9,0,141.76,0,29,0,1,141.76,0.00,0.00,0.00,0,21.00,1,366.53,0,3,0,java.lang.Object,0.00,2,0,7,0,2,4,0,0,103,0
"org.apache.lucene.queries.function.valuesource.DoubleFieldSource",3,0.00,1.00,10,0.12,1988.06,3,0,12,5,11,170.87,7,16,2,4,130.99,0.00,0.75,0.00,0,1.00,1,346.88,0,2,9,org.apache.lucene.queries.function.valuesource.NumericFieldCacheSource,0.20,2,3,3,0,2,1,0,1,81,1
"org.apache.lucene.queries.function.valuesource.DoubleFieldSource$DoubleDocValues",4,0.00,2.25,27,0.24,9533.97,4,0,12,9,2,115.19,0,41,0,1,115.19,0.00,0.00,0.00,0,4.00,6,727.76,0,2,2,java.lang.Object,0.00,5,0,9,0,5,2,0,0,157,0
"org.apache.lucene.queries.function.valuesource.DoubleFieldSource$DoubleDocValues$ValueFiller",2,0.50,1.00,8,0.08,1194.46,4,2,12,4,2,126.68,0,12,0,1,126.68,0.00,0.00,0.75,0,0.00,1,243.05,0,1,2,java.lang.Object,0.00,2,0,2,0,2,1,0,0,62,0
"org.apache.lucene.queries.function.valuesource.DoubleFieldSource$DoubleDocValues$ValueSourceScorer",1,0.00,1.00,4,0.04,809.86,1,0,12,2,0,125.64,0,6,0,1,125.64,0.00,0.00,0.00,0,1.00,1,127.88,0,0,0,java.lang.Object,0.00,1,0,1,0,1,1,0,0,32,0
"org.apache.lucene.queries.function.valuesource.DoubleFieldSource$DoubleDocValues$ValueSourceScorer_0",1,0.00,1.00,4,0.04,809.86,1,0,12,2,0,125.64,0,6,0,1,125.64,0.00,0.00,0.00,0,1.00,1,127.88,0,0,0,java.lang.Object,0.00,1,0,1,0,1,1,0,0,32,0
"org.apache.lucene.queries.function.valuesource.DoubleFieldSource$DoubleDocValues$ValueSourceScorer_1",1,0.00,1.00,4,0.04,809.86,1,0,12,2,0,125.64,0,6,0,1,125.64,0.00,0.00,0.00,0,1.00,1,127.88,0,0,0,java.lang.Object,0.00,1,0,1,0,1,1,0,0,32,0
"org.apache.lucene.queries.function.valuesource.DoubleFieldSource$DoubleDocValues$ValueSourceScorer_2",1,0.00,1.00,4,0.04,809.86,1,0,12,2,0,125.64,0,6,0,1,125.64,0.00,0.00,0.00,0,1.00,1,127.88,0,0,0,java.lang.Object,0.00,1,0,1,0,1,1,0,0,32,0
"org.apache.lucene.queries.function.valuesource.DualFloatFunction",8,0.00,1.12,28,0.37,10660.06,10,2,7,15,7,128.57,4,41,3,2,128.57,2.00,0.25,0.50,2,8.00,2,1112.18,0,3,4,org.apache.lucene.queries.function.ValueSource,0.25,7,1,9,2,7,5,0,1,265,2
"org.apache.lucene.queries.function.valuesource.DualFloatFunction$FloatDocValues",2,0.00,1.00,5,0.07,1051.02,2,0,7,6,0,138.35,0,9,0,1,138.35,0.00,0.00,0.00,0,2.00,1,212.27,0,1,0,java.lang.Object,0.00,4,0,2,0,4,1,0,0,54,0
"org.apache.lucene.queries.function.valuesource.FieldCacheSource",6,0.10,1.17,17,0.16,4083.88,8,2,2,8,6,187.43,6,28,4,2,137.43,16.00,0.06,0.42,1,6.00,2,493.32,0,3,2,org.apache.lucene.queries.function.ValueSource,0.29,2,1,7,16,2,3,0,1,126,2
"org.apache.lucene.queries.function.valuesource.FloatFieldSource",3,0.00,1.00,10,0.12,1988.06,3,0,10,5,12,170.87,7,16,5,4,130.99,0.00,0.75,0.00,0,1.00,1,346.88,0,2,7,org.apache.lucene.queries.function.valuesource.NumericFieldCacheSource,0.20,2,3,3,0,2,1,0,1,81,1
"org.apache.lucene.queries.function.valuesource.FloatFieldSource$FloatDocValues",4,0.00,1.25,9,0.09,1345.85,4,0,10,6,0,139.82,0,17,0,1,139.82,0.00,0.00,0.00,0,4.00,2,261.24,0,2,0,java.lang.Object,0.00,2,0,5,0,2,2,0,0,70,0
"org.apache.lucene.queries.function.valuesource.FloatFieldSource$FloatDocValues$ValueFiller",2,0.50,1.00,8,0.08,1194.46,4,2,10,4,2,126.68,0,12,0,1,126.68,0.00,0.00,0.75,0,0.00,1,243.05,0,1,2,java.lang.Object,0.00,2,0,2,0,2,1,0,0,62,0
"org.apache.lucene.queries.function.valuesource.IDFValueSource",3,0.00,1.33,13,0.20,5171.99,3,0,9,11,9,122.99,1,20,1,3,122.99,0.00,0.67,0.00,0,4.00,2,595.14,0,2,8,org.apache.lucene.queries.function.valuesource.DocFreqValueSource,0.17,8,2,4,0,8,1,0,1,123,1
"org.apache.lucene.queries.function.valuesource.IfFunction",6,0.60,1.17,28,0.36,10168.48,9,3,10,12,9,123.08,0,42,2,3,123.08,0.00,0.67,0.83,0,0.00,2,1071.00,0,2,7,org.apache.lucene.queries.function.valuesource.BoolFunction,0.43,6,2,7,0,6,4,0,0,255,1
"org.apache.lucene.queries.function.valuesource.IfFunction$DocValues",13,0.00,1.77,27,0.50,10972.90,13,0,10,37,0,136.60,3,53,0,1,136.60,0.00,0.00,0.00,0,13.00,2,1486.40,1,4,0,java.lang.Object,0.00,24,0,23,0,24,9,0,3,362,0
"org.apache.lucene.queries.function.valuesource.IntFieldSource",3,0.00,1.00,10,0.12,1988.06,3,0,12,5,13,170.87,6,16,4,4,130.99,0.00,0.75,0.00,0,1.00,1,346.88,0,2,9,org.apache.lucene.queries.function.valuesource.NumericFieldCacheSource,0.20,2,3,3,0,2,1,0,1,81,1
"org.apache.lucene.queries.function.valuesource.IntFieldSource$IntDocValues",10,1.00,1.50,35,0.40,15503.11,11,1,12,17,3,127.99,1,57,0,1,127.99,0.00,0.00,0.00,0,10.00,5,1197.52,0,5,3,java.lang.Object,0.00,7,0,15,0,7,5,0,1,275,0
"org.apache.lucene.queries.function.valuesource.IntFieldSource$IntDocValues$ValueFiller",2,0.50,1.00,8,0.08,1194.46,4,2,12,4,2,126.68,0,12,0,1,126.68,0.00,0.00,0.75,0,0.00,1,243.05,0,1,2,java.lang.Object,0.00,2,0,2,0,2,1,0,0,62,0
"org.apache.lucene.queries.function.valuesource.IntFieldSource$IntDocValues$ValueSourceScorer",1,0.00,1.00,4,0.04,984.65,1,0,12,1,0,164.86,2,6,0,1,124.97,0.00,0.00,0.00,0,1.00,1,127.88,0,0,0,java.lang.Object,0.00,0,0,1,0,0,1,0,2,32,0
"org.apache.lucene.queries.function.valuesource.JoinDocFreqValueSource",5,0.12,1.40,19,0.24,5502.79,7,2,9,11,8,179.17,5,30,2,3,129.17,0.00,0.67,0.40,0,1.00,3,734.80,2,2,6,org.apache.lucene.queries.function.valuesource.FieldCacheSource,0.32,6,2,7,0,6,3,0,1,172,1
"org.apache.lucene.queries.function.valuesource.JoinDocFreqValueSource$IntDocValues",1,0.00,2.00,8,0.10,2530.79,2,1,9,5,1,160.35,1,14,0,1,110.35,0.00,0.00,1.00,0,0.00,2,294.63,0,0,1,java.lang.Object,0.00,4,0,2,0,4,1,0,1,65,0
"org.apache.lucene.queries.function.valuesource.LinearFloatFunction",6,0.13,1.17,25,0.35,10542.45,9,3,7,13,6,172.95,8,39,2,2,122.95,0.00,0.50,0.44,1,0.00,2,1039.09,0,2,4,org.apache.lucene.queries.function.ValueSource,0.29,7,1,7,0,7,4,0,1,240,1
"org.apache.lucene.queries.function.valuesource.LinearFloatFunction$FloatDocValues",2,0.00,1.00,5,0.07,1090.62,2,0,7,4,0,138.22,0,9,0,1,138.22,0.00,0.00,0.00,0,0.00,1,201.69,0,1,0,java.lang.Object,0.00,2,0,2,0,2,1,0,0,51,0
"org.apache.lucene.queries.function.valuesource.LiteralValueSource",6,0.07,1.50,21,0.22,4931.25,9,3,7,11,8,130.16,5,32,4,2,130.16,0.00,0.50,0.28,0,0.00,4,647.94,0,3,4,org.apache.lucene.queries.function.ValueSource,0.29,5,1,9,0,5,3,0,2,159,1
"org.apache.lucene.queries.function.valuesource.LiteralValueSource$StrDocValues",3,0.00,1.00,8,0.06,704.16,3,0,7,4,1,141.10,0,14,0,1,141.10,0.00,0.00,0.00,0,2.00,1,190.66,0,2,1,java.lang.Object,0.00,1,0,3,0,1,1,0,0,52,0
"org.apache.lucene.queries.function.valuesource.LongFieldSource",6,0.00,1.00,16,0.15,2397.79,6,0,12,10,11,189.28,7,25,2,4,139.28,0.33,0.60,0.00,0,10.00,1,458.77,0,4,9,org.apache.lucene.queries.function.valuesource.NumericFieldCacheSource,0.17,4,3,6,1,4,2,0,1,115,1
"org.apache.lucene.queries.function.valuesource.LongFieldSource$LongDocValues",5,0.00,2.00,24,0.27,12718.15,5,0,12,8,2,121.57,1,36,0,1,121.57,0.00,0.00,0.00,0,5.00,5,810.70,0,3,2,java.lang.Object,0.00,3,0,10,0,3,2,0,1,174,0
"org.apache.lucene.queries.function.valuesource.LongFieldSource$LongDocValues$ValueFiller",2,0.50,1.00,8,0.08,1129.61,4,2,12,3,2,126.87,0,12,0,1,126.87,0.00,0.00,0.75,0,0.00,1,241.43,0,1,2,java.lang.Object,0.00,1,0,2,0,1,1,0,0,61,0
"org.apache.lucene.queries.function.valuesource.LongFieldSource$LongDocValues$ValueSourceScorer",1,0.00,1.00,4,0.04,902.61,1,0,12,1,0,165.15,2,6,0,1,125.27,0.00,0.00,0.00,0,1.00,1,129.71,0,0,0,java.lang.Object,0.00,0,0,1,0,0,1,0,2,32,0
"org.apache.lucene.queries.function.valuesource.MaxDocValueSource",6,0.00,1.00,14,0.16,2489.21,6,0,6,12,5,139.16,0,26,1,2,139.16,0.00,0.50,0.00,1,6.00,1,481.06,0,3,4,org.apache.lucene.queries.function.ValueSource,0.29,6,1,6,0,6,3,0,0,122,1
"org.apache.lucene.queries.function.valuesource.MaxFloatFunction",3,0.00,1.67,16,0.13,4119.40,3,0,2,5,4,170.10,3,23,1,3,120.10,0.00,0.67,0.00,0,3.00,3,400.96,0,1,3,org.apache.lucene.queries.function.valuesource.MultiFloatFunction,0.16,2,2,5,0,2,2,0,1,92,1
"org.apache.lucene.queries.function.valuesource.MinFloatFunction",3,0.00,1.67,16,0.13,4119.40,3,0,2,5,4,170.10,3,23,1,3,120.10,0.00,0.67,0.00,0,3.00,3,400.96,0,1,3,org.apache.lucene.queries.function.valuesource.MultiFloatFunction,0.16,2,2,5,0,2,2,0,1,92,1
"org.apache.lucene.queries.function.valuesource.MultiBoolFunction",8,0.86,1.62,35,0.38,10323.04,9,1,8,19,6,123.93,0,48,1,3,123.93,0.00,0.67,0.25,2,16.00,3,1139.94,0,3,5,org.apache.lucene.queries.function.valuesource.BoolFunction,0.38,11,2,13,0,11,5,0,0,257,2
"org.apache.lucene.queries.function.valuesource.MultiBoolFunction$BoolDocValues",2,0.00,2.00,15,0.14,4195.93,2,0,8,8,0,113.16,0,20,0,1,113.16,0.00,0.00,0.00,0,2.00,3,412.66,0,1,0,java.lang.Object,0.00,6,0,4,0,6,1,0,0,90,0
"org.apache.lucene.queries.function.valuesource.MultiFloatFunction",8,0.86,1.62,37,0.41,12956.29,9,1,8,20,9,123.16,5,1,5,2,123.16,4.00,0.17,0.25,1,16.00,3,1231.15,0,3,4,org.apache.lucene.queries.function.ValueSource,0.25,12,1,13,4,12,5,0,2,276,2
"org.apache.lucene.queries.function.valuesource.MultiFloatFunction$FloatDocValues",2,0.00,2.00,16,0.15,5048.94,2,0,8,9,0,110.36,0,0,0,1,110.36,0.00,0.00,0.00,0,2.00,3,460.82,0,1,0,java.lang.Object,0.00,7,0,4,0,7,1,0,0,99,0
"org.apache.lucene.queries.function.valuesource.MultiFunction",9,0.88,1.78,51,0.55,19841.69,10,1,9,19,7,118.47,0,65,3,2,118.47,1.00,0.33,0.22,3,19.00,3,1662.03,0,5,4,org.apache.lucene.queries.function.ValueSource,0.24,10,1,16,1,10,4,0,0,361,2
"org.apache.lucene.queries.function.valuesource.MultiFunction$Values",3,1.00,1.00,8,0.07,1052.44,4,1,9,5,2,139.73,1,14,0,2,139.73,0.00,0.50,0.33,0,4.00,1,211.41,1,2,2,org.apache.lucene.queries.function.DocValues,0.14,2,1,3,0,2,1,0,1,59,1
"org.apache.lucene.queries.function.valuesource.MultiValueSource",1,0.00,1.00,2,0.01,80.15,1,0,1,1,10,145.01,4,3,9,2,144.78,3.00,0.20,0.00,0,1.00,1,35.16,0,0,1,org.apache.lucene.queries.function.ValueSource,0.00,0,1,1,3,0,1,0,1,13,2
"org.apache.lucene.queries.function.valuesource.NormValueSource",7,0.50,1.43,25,0.32,8732.25,8,1,9,18,9,128.74,0,40,2,2,128.74,0.00,0.50,0.57,2,3.00,3,974.93,0,3,7,org.apache.lucene.queries.function.ValueSource,0.27,11,1,10,0,11,4,0,0,217,1
"org.apache.lucene.queries.function.valuesource.NormValueSource$FloatDocValues",1,0.00,1.00,3,0.03,397.41,1,0,9,2,0,132.73,0,5,0,1,132.73,0.00,0.00,0.00,0,1.00,1,87.61,0,0,0,java.lang.Object,0.00,1,0,1,0,1,1,0,0,24,0
"org.apache.lucene.queries.function.valuesource.NumDocsValueSource",5,0.00,1.00,11,0.12,1767.19,5,0,6,10,5,139.70,1,21,1,2,139.70,0.00,0.50,0.00,1,5.00,1,368.40,0,3,4,org.apache.lucene.queries.function.ValueSource,0.31,5,1,5,0,5,2,0,1,96,1
"org.apache.lucene.queries.function.valuesource.NumericFieldCacheSource",3,1.00,2.00,13,0.22,8801.95,4,1,2,5,10,171.08,4,21,7,3,121.08,3.50,0.20,0.33,0,4.00,3,665.82,2,0,3,org.apache.lucene.queries.function.valuesource.FieldCacheSource,0.18,2,2,6,7,2,3,0,1,149,2
"org.apache.lucene.queries.function.valuesource.NumericIndexDocValueSource",6,0.40,2.17,29,0.36,12775.05,7,1,7,15,5,172.15,8,52,1,2,122.16,0.00,0.50,0.67,1,0.00,7,1082.97,0,3,4,org.apache.lucene.queries.function.ValueSource,0.43,9,1,13,0,9,3,0,1,237,1
"org.apache.lucene.queries.function.valuesource.NumericIndexDocValueSource$DocValues",2,0.00,1.00,5,0.05,698.46,2,0,7,3,0,139.74,1,9,0,1,139.74,0.00,0.00,0.00,0,2.00,1,154.57,0,1,0,java.lang.Object,0.00,1,0,2,0,1,1,0,1,42,0
"org.apache.lucene.queries.function.valuesource.NumericIndexDocValueSource$DocValues_0",2,0.00,1.00,5,0.05,698.46,2,0,7,3,0,139.74,0,9,0,1,139.74,0.00,0.00,0.00,0,2.00,1,154.57,0,1,0,java.lang.Object,0.00,1,0,2,0,1,1,0,0,42,0
"org.apache.lucene.queries.function.valuesource.OrdFieldSource",5,0.00,1.00,16,0.23,4570.83,7,2,11,11,11,150.50,17,26,3,2,129.88,0.00,0.50,0.50,1,0.00,1,681.99,0,2,8,org.apache.lucene.queries.function.ValueSource,0.31,6,1,5,0,6,3,0,1,157,1
"org.apache.lucene.queries.function.valuesource.OrdFieldSource$IntDocValues",6,0.00,1.00,13,0.12,1853.46,6,0,11,9,0,140.16,0,24,0,1,140.16,0.00,0.00,0.00,0,6.00,1,357.77,0,2,0,java.lang.Object,0.00,3,0,6,0,3,4,0,0,98,0
"org.apache.lucene.queries.function.valuesource.OrdFieldSource$IntDocValues$ValueFiller",2,0.00,1.00,7,0.07,1095.52,3,1,11,4,2,131.64,0,11,0,1,131.64,0.00,0.00,1.00,0,0.00,1,210.49,0,1,2,java.lang.Object,0.00,2,0,2,0,2,1,0,0,55,0
"org.apache.lucene.queries.function.valuesource.PowFloatFunction",3,0.00,1.00,7,0.08,1106.61,3,0,2,5,3,179.44,6,13,0,3,139.56,0.00,0.67,0.00,0,3.00,1,226.70,0,1,3,org.apache.lucene.queries.function.valuesource.DualFloatFunction,0.16,2,2,3,0,2,2,0,2,62,1
"org.apache.lucene.queries.function.valuesource.ProductFloatFunction",3,0.00,1.33,11,0.08,1964.72,3,0,2,4,5,180.96,3,17,2,3,130.96,0.00,0.67,0.00,0,3.00,2,249.77,0,1,3,org.apache.lucene.queries.function.valuesource.MultiFloatFunction,0.16,1,2,4,0,1,2,0,1,64,1
"org.apache.lucene.queries.function.valuesource.QueryDocValues",6,0.32,4.00,70,0.84,35935.69,16,10,11,16,12,141.97,14,99,1,3,102.09,0.00,0.67,0.37,1,0.00,7,2510.06,0,3,12,org.apache.lucene.queries.function.docvalues.FloatDocValues,0.36,10,2,24,0,10,3,0,14,487,0
"org.apache.lucene.queries.function.valuesource.QueryDocValues$ValueFiller",2,0.00,3.50,28,0.29,16348.92,3,1,11,4,2,147.15,3,38,0,1,97.15,0.00,0.00,1.00,0,0.00,6,872.92,0,1,2,java.lang.Object,0.00,2,0,7,0,2,1,0,3,168,0
"org.apache.lucene.queries.function.valuesource.QueryValueSource",8,0.14,1.12,23,0.25,5310.21,10,2,11,13,21,137.52,3,33,11,2,137.52,0.00,0.50,0.38,1,10.00,2,763.57,0,3,11,org.apache.lucene.queries.function.ValueSource,0.25,5,1,9,0,5,5,0,1,188,1
"org.apache.lucene.queries.function.valuesource.RangeMapFloatFunction",6,0.20,1.33,33,0.53,20706.96,11,5,7,14,6,167.00,8,50,2,2,117.00,0.00,0.50,0.37,1,0.00,2,1585.47,0,2,4,org.apache.lucene.queries.function.ValueSource,0.29,8,1,8,0,8,4,0,1,346,1
"org.apache.lucene.queries.function.valuesource.RangeMapFloatFunction$FloatDocValues",2,0.00,2.00,6,0.12,2925.74,2,0,7,4,0,128.12,0,10,0,1,128.12,0.00,0.00,0.00,0,0.00,3,346.79,0,1,0,java.lang.Object,0.00,2,0,4,0,2,1,0,0,78,0
"org.apache.lucene.queries.function.valuesource.ReciprocalFloatFunction",6,0.20,1.17,25,0.38,11100.28,10,4,7,14,6,143.39,21,42,2,2,122.78,0.00,0.50,0.42,1,0.00,2,1154.15,0,2,4,org.apache.lucene.queries.function.ValueSource,0.29,8,1,7,0,8,4,0,2,265,1
"org.apache.lucene.queries.function.valuesource.ReciprocalFloatFunction$FloatDocValues",2,0.00,1.00,5,0.09,1592.79,2,0,7,5,0,136.93,0,11,0,1,136.93,0.00,0.00,0.00,0,0.00,1,278.56,0,1,0,java.lang.Object,0.00,3,0,2,0,3,1,0,0,66,0
"org.apache.lucene.queries.function.valuesource.ReverseOrdFieldSource",5,0.12,1.20,19,0.26,5814.88,7,2,9,12,9,129.26,20,29,3,2,129.02,0.00,0.50,0.40,1,2.00,2,781.39,0,2,6,org.apache.lucene.queries.function.ValueSource,0.31,7,1,6,0,7,3,0,1,175,1
"org.apache.lucene.queries.function.valuesource.ReverseOrdFieldSource$IntDocValues",1,0.00,1.00,3,0.03,573.82,1,0,9,2,0,131.48,0,5,0,1,131.48,0.00,0.00,0.00,0,1.00,1,101.53,0,0,0,java.lang.Object,0.00,1,0,1,0,1,1,0,0,27,0
"org.apache.lucene.queries.function.valuesource.ScaleFloatFunction",7,0.22,2.29,59,0.80,42777.94,10,3,8,22,7,147.19,14,77,2,2,107.31,0.00,0.50,0.52,1,0.00,7,2414.23,0,3,5,org.apache.lucene.queries.function.ValueSource,0.27,15,1,16,0,15,4,0,4,481,1
"org.apache.lucene.queries.function.valuesource.ScaleFloatFunction$FloatDocValues",2,0.00,1.00,5,0.09,1502.89,2,0,8,4,0,137.12,0,12,0,1,137.12,0.00,0.00,0.00,0,0.00,1,283.20,0,1,0,java.lang.Object,0.00,2,0,2,0,2,1,0,0,66,0
"org.apache.lucene.queries.function.valuesource.ScaleFloatFunction$ScaleInfo",0,0.00,0.00,3,0.01,138.68,2,2,8,0,0,171.00,0,4,0,1,171.00,0.00,0.00,0.00,0,0.00,0,44.38,0,0,0,java.lang.Object,0.00,0,0,0,0,0,0,0,0,14,2
"org.apache.lucene.queries.function.valuesource.ShortFieldSource",3,0.00,1.00,9,0.10,1602.95,3,0,6,5,6,181.72,4,15,3,4,131.72,0.00,0.75,0.00,0,1.00,1,303.50,0,2,3,org.apache.lucene.queries.function.valuesource.NumericFieldCacheSource,0.20,2,3,3,0,2,1,0,1,73,1
"org.apache.lucene.queries.function.valuesource.ShortFieldSource$DocValues",8,0.00,1.00,17,0.18,2697.89,8,0,6,10,0,139.86,0,33,0,1,139.86,0.00,0.00,0.00,0,8.00,1,530.22,0,2,0,java.lang.Object,0.00,2,0,8,0,2,6,0,0,143,0
"org.apache.lucene.queries.function.valuesource.SimpleBoolFunction",8,0.57,1.12,19,0.23,4269.18,9,1,7,15,6,138.27,0,31,1,3,138.27,0.00,0.67,0.50,2,8.00,2,678.32,0,3,5,org.apache.lucene.queries.function.valuesource.BoolFunction,0.38,7,2,9,0,7,5,0,0,172,2
"org.apache.lucene.queries.function.valuesource.SimpleBoolFunction$BoolDocValues",2,0.00,1.00,5,0.06,768.98,2,0,7,5,0,139.42,0,9,0,1,139.42,0.00,0.00,0.00,0,2.00,1,168.92,0,1,0,java.lang.Object,0.00,3,0,2,0,3,1,0,0,45,0
"org.apache.lucene.queries.function.valuesource.SimpleFloatFunction",3,0.00,1.00,7,0.07,1065.76,3,0,6,5,6,139.69,2,11,2,3,139.69,0.00,0.67,0.00,0,4.00,1,199.56,0,1,4,org.apache.lucene.queries.function.valuesource.SingleFunction,0.00,2,2,3,0,2,2,0,1,54,2
"org.apache.lucene.queries.function.valuesource.SimpleFloatFunction$FloatDocValues",2,0.00,1.00,5,0.06,768.98,2,0,6,5,0,139.42,0,9,0,1,139.42,0.00,0.00,0.00,0,2.00,1,168.92,0,1,0,java.lang.Object,0.00,3,0,2,0,3,1,0,0,45,0
"org.apache.lucene.queries.function.valuesource.SingleFunction",6,0.60,1.17,15,0.19,4569.48,7,1,4,13,5,137.04,2,26,3,2,137.04,2.00,0.25,0.50,2,6.00,2,584.67,0,2,2,org.apache.lucene.queries.function.ValueSource,0.29,7,1,7,2,7,4,0,1,147,2
"org.apache.lucene.queries.function.valuesource.SumFloatFunction",3,0.00,1.33,11,0.08,1964.72,3,0,2,4,4,180.96,3,17,1,3,130.96,0.00,0.67,0.00,0,3.00,2,249.77,0,1,3,org.apache.lucene.queries.function.valuesource.MultiFloatFunction,0.16,1,2,4,0,1,2,0,1,64,1
"org.apache.lucene.queries.function.valuesource.SumTotalTermFreqValueSource",7,0.67,1.57,27,0.35,9277.01,8,1,10,17,10,128.51,5,40,2,2,128.51,0.00,0.50,0.43,2,10.00,4,1041.79,0,3,8,org.apache.lucene.queries.function.ValueSource,0.27,10,1,11,0,10,4,0,2,228,1
"org.apache.lucene.queries.function.valuesource.SumTotalTermFreqValueSource$LongDocValues",1,0.00,1.00,3,0.02,180.53,1,0,10,1,0,135.43,0,5,0,1,135.43,0.00,0.00,0.00,0,1.00,1,58.21,0,0,0,java.lang.Object,0.00,0,0,1,0,0,1,0,0,18,0
"org.apache.lucene.queries.function.valuesource.TFValueSource",3,0.00,1.33,13,0.18,5044.39,3,0,11,10,10,123.07,0,20,1,4,123.07,0.00,0.75,0.00,0,4.00,2,532.43,0,2,9,org.apache.lucene.queries.function.valuesource.TermFreqValueSource,0.19,7,3,4,0,7,1,0,0,114,1
"org.apache.lucene.queries.function.valuesource.TFValueSource$FloatDocValues",2,1.00,4.00,21,0.23,7862.61,5,3,11,8,1,144.96,5,30,0,1,105.07,0.00,0.00,0.83,1,0.00,5,678.95,0,0,1,java.lang.Object,0.00,6,0,8,0,6,2,0,5,143,0
"org.apache.lucene.queries.function.valuesource.TFValueSource$FloatDocValues$DocsEnum",4,0.00,1.00,9,0.07,952.86,4,0,11,4,1,141.05,0,17,0,1,141.05,0.00,0.00,0.00,0,4.00,1,214.67,0,0,1,java.lang.Object,0.00,0,0,4,0,0,4,0,0,60,0
"org.apache.lucene.queries.function.valuesource.TermFreqValueSource",3,0.00,1.00,9,0.10,1526.49,3,0,8,6,8,131.89,0,15,2,3,131.89,0.50,0.50,0.00,0,4.00,1,285.22,0,2,6,org.apache.lucene.queries.function.valuesource.DocFreqValueSource,0.17,3,2,3,1,3,1,0,0,72,1
"org.apache.lucene.queries.function.valuesource.TermFreqValueSource$IntDocValues",2,1.00,4.00,21,0.21,7366.11,5,3,8,7,1,145.18,5,30,0,1,105.30,0.00,0.00,0.83,1,0.00,5,628.43,0,0,1,java.lang.Object,0.00,5,0,8,0,5,2,0,5,135,0
"org.apache.lucene.queries.function.valuesource.TermFreqValueSource$IntDocValues$DocsEnum",4,0.00,1.00,9,0.07,952.86,4,0,8,4,1,141.05,0,17,0,1,141.05,0.00,0.00,0.00,0,4.00,1,214.67,0,0,1,java.lang.Object,0.00,0,0,4,0,0,4,0,0,60,0
"org.apache.lucene.queries.function.valuesource.TotalTermFreqValueSource",7,0.04,1.29,29,0.38,8689.19,11,4,8,16,8,124.12,5,42,2,2,124.12,0.00,0.50,0.21,2,18.00,2,1128.10,0,3,6,org.apache.lucene.queries.function.ValueSource,0.27,9,1,9,0,9,4,0,2,259,1
"org.apache.lucene.queries.function.valuesource.TotalTermFreqValueSource$LongDocValues",1,0.00,1.00,3,0.02,180.53,1,0,8,1,0,135.43,0,5,0,1,135.43,0.00,0.00,0.00,0,1.00,1,58.21,0,0,0,java.lang.Object,0.00,0,0,1,0,0,1,0,0,18,0
"org.apache.lucene.queries.function.valuesource.VectorValueSource",9,0.50,1.89,48,0.50,20326.55,10,1,7,20,11,118.37,6,63,7,3,118.37,1.00,0.40,0.56,1,4.00,4,1499.55,0,4,4,org.apache.lucene.queries.function.valuesource.MultiValueSource,0.50,11,2,17,2,11,5,0,3,328,1
"org.apache.lucene.queries.function.valuesource.VectorValueSource$DocValues",8,0.00,1.00,24,0.37,7298.98,8,0,7,25,0,129.89,0,40,0,1,129.89,0.00,0.00,0.00,0,8.00,1,1122.63,0,1,0,java.lang.Object,0.00,17,0,8,0,17,7,0,0,267,0
"org.apache.lucene.queries.function.valuesource.VectorValueSource$DocValues_0",8,0.00,2.12,56,0.56,18413.85,8,0,7,21,0,112.83,0,59,0,1,112.83,0.00,0.00,0.00,0,8.00,3,1675.11,0,1,0,java.lang.Object,0.00,13,0,17,0,13,7,0,0,369,0
"org.apache.lucene.benchmark.byTask.tasks.AddDocTask",7,0.17,1.14,25,0.24,4018.43,9,2,4,13,8,171.33,16,40,4,2,131.45,1.00,0.33,0.36,0,11.00,2,705.08,4,1,4,org.apache.lucene.benchmark.byTask.tasks.PerfTask,0.29,6,1,8,1,6,6,0,4,174,1
"org.apache.lucene.benchmark.byTask.tasks.AddFacetedDocTask",4,0.22,1.75,21,0.22,4345.19,7,3,4,12,5,141.51,15,32,0,3,120.89,0.00,0.67,0.50,0,0.00,2,671.30,4,1,5,org.apache.lucene.benchmark.byTask.tasks.AddDocTask,0.23,8,2,7,0,8,3,0,2,155,1
"org.apache.lucene.benchmark.byTask.tasks.BenchmarkHighlighter",1,0.00,1.00,2,0.03,263.79,1,0,3,1,7,140.70,0,4,4,1,140.70,0.00,0.00,0.00,0,1.00,1,95.01,0,0,3,java.lang.Object,0.00,0,0,1,0,0,1,0,0,25,2
"org.apache.lucene.benchmark.byTask.tasks.ClearStatsTask",3,0.00,1.00,8,0.06,639.05,3,0,1,5,2,99.14,23,14,0,2,141.44,0.00,0.50,0.00,0,3.00,1,170.05,1,0,2,org.apache.lucene.benchmark.byTask.tasks.PerfTask,0.13,2,1,3,0,2,3,0,3,49,1
"org.apache.lucene.benchmark.byTask.tasks.CloseIndexTask",4,0.67,1.50,18,0.19,4481.91,5,1,4,11,7,174.44,6,29,4,2,124.44,0.00,0.50,0.50,0,4.00,3,575.12,2,0,3,org.apache.lucene.benchmark.byTask.tasks.PerfTask,0.12,7,1,6,0,7,4,0,2,132,1
"org.apache.lucene.benchmark.byTask.tasks.CloseReaderTask",2,0.00,1.50,10,0.11,2410.42,2,0,3,7,3,160.46,5,15,0,2,120.57,0.00,0.50,0.00,0,2.00,2,317.56,1,0,3,org.apache.lucene.benchmark.byTask.tasks.PerfTask,0.07,5,1,3,0,5,2,0,1,72,1
"org.apache.lucene.benchmark.byTask.tasks.CloseTaxonomyIndexTask",2,0.00,1.00,7,0.06,708.45,2,0,3,5,3,173.01,4,11,0,2,133.13,0.00,0.50,0.00,0,2.00,1,172.95,1,0,3,org.apache.lucene.benchmark.byTask.tasks.PerfTask,0.07,3,1,2,0,3,2,0,1,46,1
"org.apache.lucene.benchmark.byTask.tasks.CloseTaxonomyReaderTask",2,0.00,1.50,10,0.11,2410.42,2,0,3,7,3,160.46,4,15,0,2,120.57,0.00,0.50,0.00,0,2.00,2,317.56,1,0,3,org.apache.lucene.benchmark.byTask.tasks.PerfTask,0.07,5,1,3,0,5,2,0,1,72,1
"org.apache.lucene.benchmark.byTask.tasks.CommitIndexTask",4,0.67,1.50,22,0.21,5506.79,5,1,5,12,5,170.12,4,32,0,2,120.12,0.00,0.50,0.50,0,4.00,3,624.05,2,0,5,org.apache.lucene.benchmark.byTask.tasks.PerfTask,0.12,8,1,6,0,8,4,0,1,141,1
"org.apache.lucene.benchmark.byTask.tasks.CommitTaxonomyIndexTask",2,0.00,1.50,10,0.08,1785.59,2,0,2,5,3,171.60,3,15,0,2,121.60,0.00,0.50,0.00,0,2.00,2,240.46,1,0,3,org.apache.lucene.benchmark.byTask.tasks.PerfTask,0.07,3,1,3,0,3,2,0,1,57,1
"org.apache.lucene.benchmark.byTask.tasks.ConsumeContentSourceTask",4,0.00,1.50,22,0.24,5441.11,6,2,4,16,5,170.16,7,33,0,2,120.16,0.00,0.50,0.50,0,0.00,3,727.79,1,1,5,org.apache.lucene.benchmark.byTask.tasks.PerfTask,0.19,12,1,6,0,12,3,0,1,159,1
"org.apache.lucene.benchmark.byTask.tasks.CountingHighlighterTestTask",3,0.50,1.33,13,0.12,2508.95,5,2,12,8,13,175.46,3,20,1,5,125.46,0.00,0.80,0.17,0,5.00,2,371.92,0,2,12,org.apache.lucene.benchmark.byTask.tasks.SearchTravRetHighlightTask,0.00,5,4,4,0,5,1,0,1,92,1
"org.apache.lucene.benchmark.byTask.tasks.CountingHighlighterTestTask$BenchmarkHighlighter",1,0.00,3.00,6,0.13,4319.11,1,0,12,3,5,113.09,0,8,0,1,113.09,0.00,0.00,0.00,0,0.00,3,390.85,0,0,5,java.lang.Object,0.00,2,0,3,0,2,1,0,0,75,0
"org.apache.lucene.benchmark.byTask.tasks.CountingSearchTestTask",4,0.17,1.25,19,0.14,2534.14,8,4,1,5,3,126.43,3,26,1,4,126.43,0.00,0.75,0.38,1,4.00,2,429.84,1,0,2,org.apache.lucene.benchmark.byTask.tasks.SearchTask,0.07,1,3,5,0,1,4,0,1,109,1
"org.apache.lucene.benchmark.byTask.tasks.CreateIndexTask",5,0.00,4.60,77,1.45,91700.53,5,0,24,42,24,75.33,25,104,6,2,93.20,0.00,0.50,0.00,2,5.00,14,4340.84,1,3,19,org.apache.lucene.benchmark.byTask.tasks.PerfTask,0.06,37,1,23,0,37,2,0,1,694,1
"org.apache.lucene.benchmark.byTask.tasks.CreateIndexTaskTest",6,0.00,1.17,52,0.66,18470.01,6,0,11,28,8,109.81,2,64,0,3,109.81,0.00,0.67,0.00,1,6.00,2,1976.11,1,1,8,org.apache.lucene.benchmark.BenchmarkTestCase,0.00,22,2,7,0,22,5,0,2,407,1
"org.apache.lucene.benchmark.byTask.tasks.CreateTaxonomyIndexTask",2,0.00,1.00,7,0.07,1052.49,2,0,4,5,3,171.66,4,11,0,2,131.77,0.00,0.50,0.00,0,2.00,1,199.31,1,0,3,org.apache.lucene.benchmark.byTask.tasks.PerfTask,0.07,3,1,2,0,3,2,0,1,50,1
"org.apache.lucene.benchmark.byTask.tasks.DeleteByPercentTask",4,0.00,2.25,35,0.47,31410.08,7,3,5,19,5,106.69,17,48,0,2,106.45,0.00,0.50,0.33,0,2.00,6,1414.23,2,0,5,org.apache.lucene.benchmark.byTask.tasks.PerfTask,0.12,15,1,9,0,15,4,0,2,269,1
"org.apache.lucene.benchmark.byTask.tasks.DeleteDocTask",6,0.16,1.33,27,0.29,5675.43,11,5,2,12,3,145.66,19,40,0,2,125.04,0.00,0.50,0.33,0,2.00,3,874.32,3,1,3,org.apache.lucene.benchmark.byTask.tasks.PerfTask,0.24,6,1,8,0,6,5,0,7,202,1
"org.apache.lucene.benchmark.byTask.tasks.FlushReaderTask",4,0.67,1.25,19,0.18,4939.71,5,1,5,9,4,124.14,0,28,0,2,124.14,0.00,0.50,0.50,0,4.00,2,546.71,2,0,4,org.apache.lucene.benchmark.byTask.tasks.PerfTask,0.12,5,1,5,0,5,4,0,0,124,1
"org.apache.lucene.benchmark.byTask.tasks.NearRealtimeReaderTask",5,0.00,2.40,47,0.58,32059.38,8,3,4,18,5,125.84,18,61,0,2,105.22,0.00,0.50,0.33,0,6.00,7,1731.85,2,0,5,org.apache.lucene.benchmark.byTask.tasks.PerfTask,0.18,13,1,12,0,13,5,0,9,327,1
"org.apache.lucene.benchmark.byTask.tasks.NewAnalyzerTask",5,0.12,3.00,46,0.58,27320.01,7,2,6,22,9,126.33,18,63,7,2,105.72,0.00,0.50,0.40,0,2.00,7,1726.97,2,1,3,org.apache.lucene.benchmark.byTask.tasks.PerfTask,0.12,17,1,15,0,17,4,0,7,333,1
"org.apache.lucene.benchmark.byTask.tasks.NewCollationAnalyzerTask",0,0.00,0.00,2,0.01,75.00,0,0,7,0,3,171.00,9,2,0,2,171.00,0.00,0.50,0.00,0,0.00,0,30.00,0,0,3,org.apache.lucene.benchmark.byTask.tasks.PerfTask,0.00,0,1,0,0,0,0,0,1,10,1
"org.apache.lucene.benchmark.byTask.tasks.NewCollationAnalyzerTask$Implementation",1,2.00,10.00,40,0.82,68072.56,4,3,7,19,1,112.54,2,68,0,1,72.65,0.00,0.00,0.33,0,0.00,10,2472.32,1,0,1,java.lang.Object,0.00,18,0,10,0,18,1,0,2,377,1
"org.apache.lucene.benchmark.byTask.tasks.NewLocaleTask",5,0.08,2.40,25,0.34,8716.74,8,3,3,15,2,139.82,18,41,0,2,119.20,0.00,0.50,0.40,1,7.00,4,1006.22,2,1,2,org.apache.lucene.benchmark.byTask.tasks.PerfTask,0.12,10,1,12,0,10,4,0,3,223,1
"org.apache.lucene.benchmark.byTask.tasks.NewRoundTask",3,0.00,1.00,8,0.06,639.05,3,0,1,5,2,99.14,23,14,0,2,141.44,0.00,0.50,0.00,0,3.00,1,170.05,1,0,2,org.apache.lucene.benchmark.byTask.tasks.PerfTask,0.13,2,1,3,0,2,3,0,3,49,1
"org.apache.lucene.benchmark.byTask.tasks.NewShingleAnalyzerTask",5,0.17,2.80,47,0.58,20928.56,8,3,5,18,6,146.53,11,73,0,2,106.65,0.00,0.50,0.47,1,2.00,5,1751.63,2,0,6,org.apache.lucene.benchmark.byTask.tasks.PerfTask,0.12,13,1,14,0,13,5,0,3,339,1
"org.apache.lucene.benchmark.byTask.tasks.OpenIndexTask",4,0.17,1.50,24,0.26,6252.68,8,4,8,9,9,137.34,12,34,1,2,116.73,0.00,0.50,0.12,0,4.00,2,785.28,2,0,9,org.apache.lucene.benchmark.byTask.tasks.PerfTask,0.12,5,1,6,0,5,4,0,2,169,1
"org.apache.lucene.benchmark.byTask.tasks.OpenReaderTask",5,0.00,2.60,43,0.51,19361.16,8,3,9,20,13,158.84,6,63,5,2,108.84,0.00,0.50,0.33,0,10.00,4,1516.97,2,1,8,org.apache.lucene.benchmark.byTask.tasks.PerfTask,0.12,15,1,13,0,15,4,0,2,306,1
"org.apache.lucene.benchmark.byTask.tasks.OpenTaxonomyIndexTask",2,0.00,1.00,7,0.06,972.50,2,0,3,5,3,171.93,4,11,0,2,132.04,0.00,0.50,0.00,0,2.00,1,181.67,1,0,3,org.apache.lucene.benchmark.byTask.tasks.PerfTask,0.07,3,1,2,0,3,2,0,1,47,1
"org.apache.lucene.benchmark.byTask.tasks.OpenTaxonomyReaderTask",2,0.00,1.00,9,0.08,1461.35,2,0,3,6,3,165.88,5,13,0,2,125.99,0.00,0.50,0.00,0,2.00,1,230.98,1,0,3,org.apache.lucene.benchmark.byTask.tasks.PerfTask,0.07,4,1,2,0,4,2,0,2,57,1
"org.apache.lucene.benchmark.byTask.tasks.OptimizeTask",4,0.67,1.00,13,0.11,1520.91,5,1,2,8,3,182.88,5,21,0,2,132.89,0.00,0.50,0.50,0,4.00,1,339.43,2,0,3,org.apache.lucene.benchmark.byTask.tasks.PerfTask,0.12,4,1,4,0,4,4,0,2,88,1
"org.apache.lucene.benchmark.byTask.tasks.PerfTask",28,0.01,1.50,117,1.16,31088.63,41,13,4,52,49,145.08,100,155,47,1,124.47,0.00,0.00,0.06,7,362.00,5,3484.31,1,7,4,java.lang.Object,0.00,24,0,42,60,24,21,1,27,765,2
"org.apache.lucene.benchmark.byTask.tasks.PerfTaskTest",3,0.00,1.67,21,0.29,7608.82,3,0,4,11,4,112.55,2,29,0,3,112.55,0.00,0.67,0.00,2,3.00,3,865.44,0,1,4,org.apache.lucene.benchmark.BenchmarkTestCase,0.00,8,2,5,0,8,2,0,2,191,1
"org.apache.lucene.benchmark.byTask.tasks.PerfTaskTest$MyPerfTask",3,0.00,1.00,7,0.04,402.74,3,0,4,3,2,143.01,0,10,0,2,143.01,0.00,0.50,0.00,0,4.00,1,124.60,0,0,2,org.apache.lucene.benchmark.byTask.tasks.PerfTask,0.06,0,1,3,0,0,3,0,0,39,3
"org.apache.lucene.benchmark.byTask.tasks.PrintReaderTask",4,0.67,1.25,16,0.21,5269.39,5,1,3,11,5,123.92,0,29,0,2,123.92,0.00,0.50,0.50,0,4.00,2,619.62,2,0,5,org.apache.lucene.benchmark.byTask.tasks.PerfTask,0.12,7,1,5,0,7,4,0,0,136,1
"org.apache.lucene.benchmark.byTask.tasks.ReadTask",19,0.26,2.21,130,1.81,169880.63,22,3,23,51,24,131.29,73,160,5,2,110.67,11.00,0.08,0.09,11,79.00,22,5431.14,2,6,20,org.apache.lucene.benchmark.byTask.tasks.PerfTask,0.09,32,1,42,11,32,13,0,24,895,2
"org.apache.lucene.benchmark.byTask.tasks.ReadTokensTask",5,0.00,1.60,31,0.36,13414.40,8,3,10,16,9,154.75,10,42,0,2,114.87,0.00,0.50,0.33,0,1.00,4,1090.40,3,1,9,org.apache.lucene.benchmark.byTask.tasks.PerfTask,0.24,11,1,8,0,11,4,0,4,224,1
"org.apache.lucene.benchmark.byTask.tasks.ReadTokensTask$ReusableStringReader",4,0.00,1.50,25,0.24,11692.25,7,3,10,6,0,114.59,0,33,0,2,114.59,0.00,0.50,0.33,1,4.00,3,705.73,0,0,0,java.io.Reader,0.00,2,1,6,0,2,4,0,0,160,3
"org.apache.lucene.benchmark.byTask.tasks.ReopenReaderTask",2,0.00,1.50,11,0.10,2470.41,2,0,3,6,3,160.37,4,16,0,2,120.49,0.00,0.50,0.00,0,2.00,2,296.28,1,0,3,org.apache.lucene.benchmark.byTask.tasks.PerfTask,0.07,4,1,3,0,4,2,0,1,70,1
"org.apache.lucene.benchmark.byTask.tasks.RepAllTask",3,0.00,2.67,30,0.42,23104.70,3,0,4,16,4,123.48,9,38,0,3,102.87,0.00,0.67,0.00,1,4.00,6,1252.28,3,1,4,org.apache.lucene.benchmark.byTask.tasks.ReportTask,0.08,13,2,8,0,13,2,0,3,238,1
"org.apache.lucene.benchmark.byTask.tasks.RepSelectByPrefTask",3,0.00,2.67,30,0.47,24435.94,3,0,4,20,4,152.67,5,39,0,4,102.67,0.00,0.75,0.00,1,1.00,6,1407.12,3,1,4,org.apache.lucene.benchmark.byTask.tasks.RepSumByPrefTask,0.09,17,3,8,0,17,2,0,2,261,1
"org.apache.lucene.benchmark.byTask.tasks.RepSumByNameRoundTask",3,0.00,2.33,28,0.41,20349.96,3,0,5,21,4,105.27,12,38,0,3,105.04,0.00,0.67,0.00,1,3.00,5,1220.07,2,1,4,org.apache.lucene.benchmark.byTask.tasks.ReportTask,0.08,18,2,7,0,18,2,0,6,232,1
"org.apache.lucene.benchmark.byTask.tasks.RepSumByNameTask",3,0.00,2.33,27,0.38,17845.61,3,0,5,20,5,126.10,11,37,1,3,105.49,0.00,0.67,0.00,1,3.00,5,1137.46,2,1,4,org.apache.lucene.benchmark.byTask.tasks.ReportTask,0.08,17,2,7,0,17,2,0,5,220,1
"org.apache.lucene.benchmark.byTask.tasks.RepSumByPrefRoundTask",3,0.00,2.33,28,0.44,23381.65,3,0,5,22,4,144.45,8,38,0,4,104.56,0.00,0.75,0.00,1,1.00,5,1327.80,2,1,4,org.apache.lucene.benchmark.byTask.tasks.RepSumByPrefTask,0.09,19,3,7,0,19,2,0,5,248,1
"org.apache.lucene.benchmark.byTask.tasks.RepSumByPrefTask",5,0.50,1.80,32,0.46,21300.02,6,1,5,23,7,153.14,10,45,3,3,113.26,1.00,0.40,0.60,1,2.00,5,1378.26,3,2,4,org.apache.lucene.benchmark.byTask.tasks.ReportTask,0.15,18,2,9,2,18,3,0,5,272,1
"org.apache.lucene.benchmark.byTask.tasks.ReportTask",7,0.08,3.14,89,1.39,93088.61,17,10,5,34,9,55.72,50,107,4,2,98.01,6.00,0.12,0.17,3,19.00,10,4180.90,1,4,5,org.apache.lucene.benchmark.byTask.tasks.PerfTask,0.11,27,1,22,6,27,3,0,11,752,2
"org.apache.lucene.benchmark.byTask.tasks.ResetInputsTask",3,0.00,1.00,8,0.05,582.39,3,0,1,4,3,93.65,24,14,1,2,141.75,2.00,0.25,0.00,0,3.00,1,156.28,1,0,2,org.apache.lucene.benchmark.byTask.tasks.PerfTask,0.13,1,1,3,2,1,3,0,3,46,1
"org.apache.lucene.benchmark.byTask.tasks.ResetSystemEraseTask",2,0.00,1.00,6,0.04,466.02,2,0,1,3,2,90.43,23,10,0,4,134.56,0.00,0.75,0.00,0,2.00,1,125.51,1,0,2,org.apache.lucene.benchmark.byTask.tasks.ResetSystemSoftTask,0.11,1,3,2,0,1,2,0,2,36,1
"org.apache.lucene.benchmark.byTask.tasks.ResetSystemSoftTask",2,0.00,1.00,6,0.04,466.02,2,0,1,3,3,90.43,23,10,1,3,134.56,0.50,0.50,0.00,0,2.00,1,125.51,1,0,2,org.apache.lucene.benchmark.byTask.tasks.ResetInputsTask,0.09,1,2,2,1,1,2,0,2,36,1
"org.apache.lucene.benchmark.byTask.tasks.RollbackIndexTask",2,1.00,2.00,13,0.14,3642.97,3,1,4,7,3,156.02,4,20,0,2,116.14,0.00,0.50,0.00,0,2.00,3,423.26,1,0,3,org.apache.lucene.benchmark.byTask.tasks.PerfTask,0.07,5,1,4,0,5,2,0,2,93,1
"org.apache.lucene.benchmark.byTask.tasks.SearchTask",6,0.00,1.00,13,0.08,935.20,6,0,2,7,5,192.50,6,25,3,3,142.50,1.00,0.40,0.00,0,6.00,1,249.03,1,1,3,org.apache.lucene.benchmark.byTask.tasks.ReadTask,0.28,1,2,6,2,1,5,0,1,76,1
"org.apache.lucene.benchmark.byTask.tasks.SearchTravRetHighlightTask",7,0.06,2.29,54,0.88,55182.59,13,6,15,28,13,108.84,30,67,1,4,108.60,0.33,0.60,0.21,0,20.00,8,2627.48,3,2,12,org.apache.lucene.benchmark.byTask.tasks.SearchTravTask,0.19,21,3,16,1,21,5,0,5,504,1
"org.apache.lucene.benchmark.byTask.tasks.SearchTravRetHighlightTask$BenchmarkHighlighter",1,0.00,2.00,5,0.11,2960.05,1,0,15,2,5,117.43,0,8,0,1,117.43,0.00,0.00,0.00,0,0.00,2,321.99,0,0,5,java.lang.Object,0.00,1,0,2,0,1,1,0,0,63,0
"org.apache.lucene.benchmark.byTask.tasks.SearchTravRetLoadFieldSelectorTask",5,0.75,1.40,24,0.22,5714.84,6,1,8,11,5,145.00,16,33,0,4,124.38,0.00,0.75,0.40,0,7.00,2,655.86,0,1,5,org.apache.lucene.benchmark.byTask.tasks.SearchTravTask,0.13,6,3,7,0,6,4,0,3,152,1
"org.apache.lucene.benchmark.byTask.tasks.SearchTravRetTask",2,0.00,1.00,5,0.03,243.05,2,0,1,2,2,111.13,12,9,0,4,143.35,0.00,0.75,0.00,0,2.00,1,82.05,0,0,2,org.apache.lucene.benchmark.byTask.tasks.SearchTravTask,0.07,0,3,2,0,0,2,0,1,27,1
"org.apache.lucene.benchmark.byTask.tasks.SearchTravRetVectorHighlightTask",7,0.00,2.57,55,0.88,62721.84,12,5,11,23,9,108.37,28,70,0,4,108.14,0.00,0.75,0.20,0,19.00,8,2654.42,3,2,9,org.apache.lucene.benchmark.byTask.tasks.SearchTravTask,0.19,16,3,18,0,16,5,0,5,516,1
"org.apache.lucene.benchmark.byTask.tasks.SearchTravRetVectorHighlightTask$BenchmarkHighlighter",1,0.00,2.00,5,0.11,3224.40,1,0,11,1,4,117.14,0,8,0,1,117.14,0.00,0.00,0.00,0,0.00,2,321.99,0,0,4,java.lang.Object,0.00,0,0,2,0,0,1,0,0,63,0
"org.apache.lucene.benchmark.byTask.tasks.SearchTravTask",9,0.88,1.00,21,0.16,1964.74,10,1,2,11,7,191.35,14,39,4,3,141.35,2.50,0.25,0.22,0,19.00,1,468.32,2,1,3,org.apache.lucene.benchmark.byTask.tasks.ReadTask,0.38,2,2,9,5,2,8,0,2,133,1
"org.apache.lucene.benchmark.byTask.tasks.SearchWithCollectorTask",9,0.88,1.33,32,0.32,8272.68,10,1,5,18,6,129.80,4,51,0,4,129.80,0.00,0.75,0.22,0,19.00,4,969.64,4,2,6,org.apache.lucene.benchmark.byTask.tasks.SearchTask,0.52,9,3,12,0,9,7,0,2,225,1
"org.apache.lucene.benchmark.byTask.tasks.SearchWithSortTask",11,0.20,1.73,63,0.67,36920.70,14,3,4,24,6,167.04,15,87,1,3,117.04,0.00,0.67,0.15,0,39.00,8,2016.33,2,2,5,org.apache.lucene.benchmark.byTask.tasks.ReadTask,0.47,13,2,19,0,13,9,0,2,397,1
"org.apache.lucene.benchmark.byTask.tasks.SearchWithSortTaskTest",1,0.00,1.00,5,0.08,1311.34,1,0,5,10,5,120.38,0,7,0,3,120.38,0.00,0.67,0.00,0,1.00,1,245.83,0,0,5,org.apache.lucene.benchmark.BenchmarkTestCase,0.00,9,2,1,0,9,1,0,0,55,1
"org.apache.lucene.benchmark.byTask.tasks.SetPropTask",4,0.00,1.25,17,0.20,4374.79,6,2,1,10,2,76.45,32,26,0,2,124.56,0.00,0.50,0.50,0,4.00,2,586.70,3,0,2,org.apache.lucene.benchmark.byTask.tasks.PerfTask,0.12,6,1,5,0,6,4,0,4,136,1
"org.apache.lucene.benchmark.byTask.tasks.TaskSequence",26,0.10,3.85,304,3.57,245345.41,45,19,7,71,11,140.43,59,352,6,2,100.54,0.00,0.50,0.15,7,310.00,16,10706.71,10,5,5,org.apache.lucene.benchmark.byTask.tasks.PerfTask,0.22,45,1,100,0,45,21,0,29,1940,1
"org.apache.lucene.benchmark.byTask.tasks.TaskSequence$ParallelTask",2,0.00,2.50,13,0.12,2504.62,4,2,7,5,2,117.37,0,22,0,2,117.37,0.00,0.50,0.50,0,2.00,4,353.02,0,0,2,java.lang.Thread,0.00,3,1,5,0,3,2,0,0,80,1
"org.apache.lucene.benchmark.byTask.tasks.TaskSequence$RunBackgroundTask",4,0.11,1.25,15,0.12,1844.52,7,3,7,7,1,132.17,0,23,0,2,132.17,0.00,0.50,0.42,0,2.00,2,362.94,0,0,1,java.lang.Thread,0.00,3,1,5,0,3,4,0,0,94,2
"org.apache.lucene.benchmark.byTask.tasks.UpdateDocTask",7,0.17,1.29,29,0.30,6387.27,9,2,5,15,6,165.06,14,45,0,2,125.17,0.00,0.50,0.36,0,11.00,2,910.65,4,1,6,org.apache.lucene.benchmark.byTask.tasks.PerfTask,0.29,8,1,9,0,8,6,0,4,210,1
"org.apache.lucene.benchmark.byTask.tasks.WaitForMergesTask",2,0.00,1.00,6,0.04,502.02,2,0,5,4,4,184.31,3,10,0,2,134.31,0.00,0.50,0.00,0,2.00,1,133.51,1,0,4,org.apache.lucene.benchmark.byTask.tasks.PerfTask,0.07,2,1,2,0,2,2,0,1,38,1
"org.apache.lucene.benchmark.byTask.tasks.WaitTask",4,0.67,2.00,27,0.29,12278.60,5,1,1,10,2,154.24,11,37,0,2,114.35,0.00,0.50,0.50,0,4.00,5,882.02,1,0,2,org.apache.lucene.benchmark.byTask.tasks.PerfTask,0.12,6,1,8,0,6,4,0,2,185,1
"org.apache.lucene.benchmark.byTask.tasks.WarmTask",6,0.00,1.00,13,0.08,791.17,6,0,2,6,3,193.08,11,25,0,3,143.08,0.00,0.67,0.00,0,6.00,1,228.22,0,1,3,org.apache.lucene.benchmark.byTask.tasks.ReadTask,0.28,0,2,6,0,0,5,0,2,71,1
"org.apache.lucene.benchmark.byTask.tasks.WriteLineDocTask",7,0.22,3.00,88,1.33,65213.81,19,12,15,43,13,67.01,45,110,6,2,99.23,0.00,0.50,0.27,1,4.00,7,3984.28,2,1,7,org.apache.lucene.benchmark.byTask.tasks.PerfTask,0.23,36,1,21,0,36,6,0,9,700,1
"org.apache.lucene.benchmark.byTask.tasks.WriteLineDocTaskTest",13,1.00,1.85,165,2.33,86262.71,14,1,16,45,7,140.39,28,200,0,3,100.51,0.00,0.67,0.08,3,24.00,6,7003.47,1,1,7,org.apache.lucene.benchmark.BenchmarkTestCase,0.00,32,2,24,0,32,12,0,28,1291,1
"org.apache.lucene.benchmark.byTask.tasks.WriteLineDocTaskTest$EmptyDocMaker",1,0.00,1.00,3,0.03,394.65,1,0,16,2,2,132.76,0,6,0,2,132.76,0.00,0.50,0.00,0,1.00,1,77.77,0,1,2,org.apache.lucene.benchmark.byTask.feeds.DocMaker,0.17,1,1,1,0,1,0,0,0,23,3
"org.apache.lucene.benchmark.byTask.tasks.WriteLineDocTaskTest$JustDateDocMaker",1,0.00,1.00,5,0.05,1063.18,1,0,16,4,3,121.09,0,8,0,2,121.09,0.00,0.50,0.00,0,0.00,1,151.44,0,1,3,org.apache.lucene.benchmark.byTask.feeds.DocMaker,0.17,3,1,1,0,3,0,0,0,38,3
"org.apache.lucene.benchmark.byTask.tasks.WriteLineDocTaskTest$LegalJustDateDocMaker",1,0.00,1.00,5,0.05,1063.18,1,0,16,4,3,121.09,0,8,0,2,121.09,0.00,0.50,0.00,0,0.00,1,151.44,0,1,3,org.apache.lucene.benchmark.byTask.feeds.DocMaker,0.17,3,1,1,0,3,0,0,0,38,3
"org.apache.lucene.benchmark.byTask.tasks.WriteLineDocTaskTest$NewLinesDocMaker",1,0.00,1.00,7,0.08,2159.80,1,0,16,4,3,113.22,0,10,0,2,113.22,0.00,0.50,0.00,0,0.00,1,250.18,0,1,3,org.apache.lucene.benchmark.byTask.feeds.DocMaker,0.17,3,1,1,0,3,0,0,0,58,3
"org.apache.lucene.benchmark.byTask.tasks.WriteLineDocTaskTest$NoBodyDocMaker",1,0.00,1.00,6,0.07,1589.35,1,0,16,4,3,116.76,0,9,0,2,116.76,0.00,0.50,0.00,0,0.00,1,199.69,0,1,3,org.apache.lucene.benchmark.byTask.feeds.DocMaker,0.17,3,1,1,0,3,0,0,0,48,3
"org.apache.lucene.benchmark.byTask.tasks.WriteLineDocTaskTest$NoTitleDocMaker",1,0.00,1.00,6,0.07,1589.35,1,0,16,4,3,116.76,0,9,0,2,116.76,0.00,0.50,0.00,0,0.00,1,199.69,0,1,3,org.apache.lucene.benchmark.byTask.feeds.DocMaker,0.17,3,1,1,0,3,0,0,0,48,3
"org.apache.lucene.benchmark.byTask.tasks.WriteLineDocTaskTest$Thread",1,0.00,2.00,5,0.04,716.92,1,0,16,3,0,122.28,0,9,0,1,122.28,0.00,0.00,0.00,0,1.00,2,128.07,0,0,0,java.lang.Object,0.00,2,0,2,0,2,1,0,0,33,0
"org.apache.lucene.benchmark.byTask.tasks.WriteLineDocTaskTest$ThreadingDocMaker",1,0.00,1.00,8,0.12,3254.52,1,0,16,6,3,109.65,0,11,0,2,109.65,0.00,0.50,0.00,0,0.00,1,349.48,0,1,3,org.apache.lucene.benchmark.byTask.feeds.DocMaker,0.17,5,1,1,0,5,0,0,0,75,3
"org.apache.lucene.benchmark.byTask.tasks.WriteLineDocTaskTest$WriteLineDocMaker",1,0.00,1.00,7,0.08,2159.80,1,0,16,4,3,113.22,0,10,0,2,113.22,0.00,0.50,0.00,0,0.00,1,250.18,0,1,3,org.apache.lucene.benchmark.byTask.feeds.DocMaker,0.17,3,1,1,0,3,0,0,0,58,3
"org.apache.lucene.analysis.icu.segmentation.BreakIteratorWrapper",6,0.25,1.17,19,0.18,4264.26,10,4,6,10,5,112.84,33,26,4,1,130.71,0.00,0.00,0.04,1,10.00,2,551.06,0,1,1,java.lang.Object,0.00,4,0,7,2,4,5,0,4,140,1
"org.apache.lucene.analysis.icu.segmentation.BreakIteratorWrapper$BIWrapper",6,0.00,1.67,30,0.31,11397.01,8,2,6,12,1,118.99,2,43,0,2,118.99,0.00,0.50,0.50,0,6.00,5,935.08,0,0,1,org.apache.lucene.analysis.icu.segmentation.BreakIteratorWrapper,0.50,6,1,10,0,6,6,0,2,211,2
"org.apache.lucene.analysis.icu.segmentation.BreakIteratorWrapper$RBBIWrapper",5,0.25,1.00,12,0.09,1065.75,6,1,6,9,1,141.43,0,22,0,2,141.43,0.00,0.50,0.80,0,0.00,1,261.29,0,0,1,org.apache.lucene.analysis.icu.segmentation.BreakIteratorWrapper,0.55,4,1,5,0,4,5,0,0,78,2
"org.apache.lucene.analysis.icu.segmentation.CharArrayIterator",14,0.15,1.36,53,0.39,7709.50,19,5,1,17,5,131.55,11,72,5,1,131.55,0.00,0.00,0.34,1,2.00,2,1169.04,0,1,0,java.lang.Object,0.00,3,0,19,0,3,13,1,2,297,1
"org.apache.lucene.analysis.icu.segmentation.CompositeBreakIterator",7,0.13,1.71,34,0.44,15603.79,12,5,2,19,4,89.83,46,49,1,1,122.05,0.00,0.00,0.31,0,1.00,3,1313.23,0,0,3,java.lang.Object,0.00,12,0,12,0,12,7,0,6,299,1
"org.apache.lucene.analysis.icu.segmentation.DefaultICUTokenizerConfig",3,0.38,2.00,35,0.64,21455.36,15,12,7,11,5,51.64,28,58,2,2,101.64,0.00,0.50,0.33,0,5.00,3,1933.99,0,3,3,org.apache.lucene.analysis.icu.segmentation.ICUTokenizerConfig,0.80,8,1,6,0,8,0,0,9,375,1
"org.apache.lucene.analysis.icu.segmentation.ICUTokenizer",9,0.18,2.33,62,0.86,31220.94,20,11,9,26,11,71.61,68,88,3,4,113.90,0.00,0.75,0.25,2,0.00,4,2588.15,2,0,8,org.apache.lucene.analysis.Tokenizer,0.46,17,3,21,0,17,9,0,18,529,2
"org.apache.lucene.analysis.icu.segmentation.ICUTokenizerConfig",2,0.00,1.00,3,0.02,147.30,2,0,1,2,3,156.53,8,4,3,1,156.30,0.00,0.00,0.00,0,2.00,1,67.31,0,2,0,java.lang.Object,0.00,0,0,2,1,0,0,0,3,23,2
"org.apache.lucene.analysis.icu.segmentation.LaoBreakIterator",14,0.09,2.00,98,1.31,62102.40,21,7,5,33,4,150.48,41,136,3,2,110.60,0.00,0.50,0.22,4,38.00,4,3942.69,1,2,1,com.ibm.icu.text.BreakIterator,0.00,19,1,28,0,19,12,0,6,834,1
"org.apache.lucene.analysis.icu.segmentation.ScriptIterator",7,0.08,1.71,48,0.49,18534.25,15,8,3,11,1,66.79,57,63,1,1,114.89,0.00,0.00,0.20,2,20.00,5,1481.60,0,0,0,java.lang.Object,0.00,4,0,12,0,4,7,0,11,322,1
"org.apache.lucene.analysis.icu.segmentation.TestCharArrayIterator",7,0.00,1.14,61,0.78,17035.89,7,0,2,24,1,160.62,9,69,0,2,110.62,0.00,0.50,0.00,0,7.00,2,2336.73,0,0,1,org.apache.lucene.util.LuceneTestCase,0.00,17,1,8,0,17,7,0,9,497,1
"org.apache.lucene.analysis.icu.segmentation.TestICUTokenizer",28,0.00,1.04,99,1.63,27066.48,28,0,9,37,6,129.69,19,154,0,3,129.69,0.00,0.67,0.00,0,28.00,2,4880.73,4,0,6,org.apache.lucene.analysis.BaseTokenStreamTestCase,0.00,9,2,29,0,9,28,0,13,1043,1
"org.apache.lucene.analysis.icu.segmentation.TestICUTokenizer$Analyzer",1,0.00,1.00,5,0.05,910.74,1,0,9,4,4,121.62,0,8,0,1,121.62,0.00,0.00,0.00,0,1.00,1,161.73,0,1,4,java.lang.Object,0.00,3,0,1,0,3,0,0,0,39,0
"org.apache.lucene.analysis.icu.segmentation.TestLaoBreakIterator",6,0.40,1.50,44,0.55,24428.42,7,1,6,22,2,110.96,3,49,0,2,110.96,0.00,0.50,0.67,1,0.00,3,1656.66,1,0,2,org.apache.lucene.util.LuceneTestCase,0.00,16,1,9,0,16,6,0,1,342,1
"org.apache.lucene.queryparser.xml.CoreParser",8,0.06,1.38,70,0.96,33614.43,13,5,9,38,30,108.94,33,87,3,1,108.71,0.00,0.00,0.15,2,16.00,3,2880.03,0,3,27,java.lang.Object,0.00,30,0,11,1,30,5,1,5,531,1
"org.apache.lucene.queryparser.xml.CorePlusExtensionsParser",3,0.00,1.00,14,0.18,3227.64,3,0,3,11,12,76.19,32,18,3,2,124.67,0.00,0.50,0.00,0,4.00,1,531.06,0,0,9,org.apache.lucene.queryparser.xml.CoreParser,0.00,8,1,3,0,8,3,0,4,117,1
"org.apache.lucene.queryparser.xml.DOMUtils",17,0.00,2.53,105,1.33,47943.72,17,0,7,42,25,154.48,40,144,24,1,114.59,0.00,0.00,0.00,5,17.00,6,3992.58,0,13,1,java.lang.Object,0.00,25,0,43,0,25,4,0,12,855,1
"org.apache.lucene.queryparser.xml.FilterBuilder",1,0.00,1.00,2,0.01,69.06,1,0,2,1,11,171.57,19,3,9,1,145.29,0.00,0.00,0.00,0,1.00,1,36.53,0,1,2,,0.00,0,0,1,0,0,0,0,2,13,1
"org.apache.lucene.queryparser.xml.FilterBuilderFactory",3,0.00,1.33,11,0.14,3433.29,4,1,3,9,6,96.83,19,16,3,1,129.05,0.00,0.00,1.00,0,0.00,2,408.23,0,2,3,java.lang.Object,0.00,6,0,4,0,6,1,1,2,98,1
"org.apache.lucene.queryparser.xml.ParserException",4,0.00,1.00,9,0.05,332.37,4,0,0,4,37,96.55,32,14,37,2,144.65,0.00,0.50,0.00,0,4.00,1,136.79,0,0,0,java.lang.Exception,0.00,0,1,4,0,0,4,0,6,46,1
"org.apache.lucene.queryparser.xml.QueryBuilder",1,0.00,1.00,2,0.01,69.06,1,0,2,1,17,178.67,20,3,15,1,145.29,0.00,0.00,0.00,0,1.00,1,36.53,0,1,2,,0.00,0,0,1,0,0,0,0,2,13,1
"org.apache.lucene.queryparser.xml.QueryBuilderFactory",3,0.00,1.33,11,0.14,3433.29,4,1,3,9,5,96.83,19,16,2,1,129.05,0.00,0.00,1.00,0,0.00,2,408.23,0,1,3,java.lang.Object,0.00,6,0,4,0,6,2,1,2,98,1
"org.apache.lucene.queryparser.xml.QueryTemplateManager",16,0.08,1.12,71,1.06,23172.93,20,4,16,42,3,144.24,48,106,2,1,123.62,0.00,0.00,0.17,4,106.00,3,3170.19,0,9,1,java.lang.Object,0.00,26,0,18,0,26,7,0,11,650,1
"org.apache.lucene.queryparser.xml.TestParser",24,0.12,1.21,121,1.54,35539.10,28,4,23,59,18,119.92,4,151,1,2,119.92,0.00,0.50,0.14,2,122.00,4,4617.47,0,1,17,org.apache.lucene.util.LuceneTestCase,0.00,35,1,29,0,35,23,0,4,939,1
"org.apache.lucene.queryparser.xml.TestQueryTemplateManager",5,0.12,2.40,56,0.87,23708.58,11,6,17,39,13,103.24,23,83,0,2,103.01,0.00,0.50,0.27,2,2.00,3,2622.81,2,2,13,org.apache.lucene.util.LuceneTestCase,0.00,34,1,12,0,34,3,0,18,491,1
"org.apache.lucene.analysis.icu.tokenattributes.ScriptAttribute",4,0.00,1.00,5,0.02,112.74,4,0,2,4,3,141.71,23,6,2,2,159.58,0.00,0.50,0.00,0,4.00,1,69.99,0,2,1,,0.00,0,1,4,0,0,2,0,6,28,1
"org.apache.lucene.analysis.icu.tokenattributes.ScriptAttributeImpl",9,0.25,1.22,25,0.22,3365.82,10,1,3,13,4,139.46,5,42,1,2,139.46,0.00,0.50,0.78,0,0.00,3,650.85,0,2,3,org.apache.lucene.util.AttributeImpl,0.14,4,1,11,0,4,7,2,1,170,1
"org.apache.lucene.facet.taxonomy.lucene.Consts",0,0.00,0.00,7,0.09,2023.68,5,5,4,1,6,171.00,34,8,3,1,171.00,0.00,0.00,0.00,0,0.00,0,266.27,0,0,3,java.lang.Object,0.00,1,0,0,0,1,0,0,5,56,1
"org.apache.lucene.facet.taxonomy.lucene.Consts$LoadFullPathOnly",2,0.00,1.00,9,0.09,1813.93,3,1,4,4,3,125.25,1,12,0,2,125.25,0.00,0.50,1.00,0,0.00,1,284.36,0,1,3,org.apache.lucene.index.StoredFieldVisitor,0.00,2,1,2,0,2,1,0,1,65,3
"org.apache.lucene.facet.taxonomy.lucene.LuceneTaxonomyReader",22,0.06,2.09,194,2.11,89800.12,32,10,21,79,38,64.58,245,250,24,1,108.71,0.00,0.00,0.16,9,142.00,7,6338.73,0,6,14,java.lang.Object,0.00,57,0,46,1,57,16,1,144,1252,1
"org.apache.lucene.facet.taxonomy.lucene.LuceneTaxonomyReader$ChildrenArraysImpl",3,0.25,1.00,9,0.06,1000.49,5,2,21,3,0,133.33,0,13,0,1,133.33,0.00,0.00,0.33,0,5.00,1,191.43,0,0,0,java.lang.Object,0.00,0,0,3,0,0,3,1,0,55,3
"org.apache.lucene.facet.taxonomy.lucene.LuceneTaxonomyWriter",31,0.05,2.61,284,3.58,278276.77,44,13,43,88,62,74.67,419,363,30,1,104.05,0.00,0.00,0.12,12,271.00,17,10740.85,0,3,33,java.lang.Object,0.00,57,0,81,1,57,28,1,182,2002,1
"org.apache.lucene.facet.taxonomy.lucene.LuceneTaxonomyWriter$DiskOrdinalMap",5,0.08,1.80,33,0.32,11182.37,8,3,43,17,0,165.46,5,42,0,1,115.46,0.00,0.00,0.40,1,0.00,4,971.97,0,0,0,java.lang.Object,0.00,12,0,9,0,12,5,1,5,214,3
"org.apache.lucene.facet.taxonomy.lucene.LuceneTaxonomyWriter$MemoryOrdinalMap",4,0.33,1.00,9,0.06,791.67,5,1,43,4,0,141.69,1,13,0,1,141.69,0.00,0.00,0.75,0,0.00,1,194.29,0,0,0,java.lang.Object,0.00,0,0,4,0,0,4,1,1,57,3
"org.apache.lucene.facet.taxonomy.lucene.LuceneTaxonomyWriter$OrdinalMap",4,0.00,1.00,5,0.04,264.84,4,0,43,4,0,156.90,18,6,0,1,156.66,0.00,0.00,0.00,0,4.00,1,120.33,0,0,0,,0.00,0,0,4,0,0,4,0,3,40,2
"org.apache.lucene.facet.taxonomy.lucene.LuceneTaxonomyWriter$SinglePositionTokenStream",3,0.50,1.33,17,0.13,1737.34,6,3,43,6,3,123.34,12,23,0,3,123.10,0.00,0.67,0.67,0,0.00,2,393.16,0,0,3,org.apache.lucene.analysis.TokenStream,0.27,3,2,4,0,3,3,0,1,98,2
"org.apache.lucene.facet.taxonomy.lucene.ParentArray",3,0.00,4.33,43,0.58,42856.04,4,1,8,14,10,143.02,81,60,2,1,95.19,0.00,0.00,1.00,0,0.00,10,1730.91,0,0,8,java.lang.Object,0.00,11,0,13,0,11,3,0,49,313,0
"org.apache.lucene.facet.taxonomy.lucene.TestAddTaxonomies",4,0.00,6.25,190,2.87,329882.84,4,0,13,35,7,19.49,36,177,0,2,69.49,0.00,0.50,0.00,1,4.00,21,8624.40,0,0,7,org.apache.lucene.util.LuceneTestCase,0.00,31,1,25,0,31,4,0,21,1374,1
"org.apache.lucene.facet.taxonomy.lucene.TestIndexClose",1,0.00,3.00,43,0.52,36631.94,1,0,18,16,12,121.15,23,41,0,2,73.88,0.00,0.50,0.00,0,1.00,3,1559.56,0,0,12,org.apache.lucene.util.LuceneTestCase,0.00,15,1,3,0,15,1,0,2,284,1
"org.apache.lucene.facet.taxonomy.lucene.TestIndexClose$LeakChecker",4,4.00,1.50,25,0.25,6000.23,8,4,18,8,5,116.87,0,30,0,1,116.87,0.00,0.00,0.00,0,4.00,3,738.99,0,2,5,java.lang.Object,0.00,4,0,6,0,4,2,0,0,164,2
"org.apache.lucene.facet.taxonomy.lucene.TestIndexClose$LeakChecker$InstrumentedIndexReader",3,0.50,1.67,17,0.16,3450.73,4,1,18,7,3,160.59,7,25,0,3,120.71,0.00,0.67,0.67,0,0.00,2,477.61,0,1,3,org.apache.lucene.index.FilterIndexReader,0.05,4,2,5,0,4,2,0,7,112,1
"org.apache.lucene.facet.taxonomy.lucene.TestIndexClose$LeakChecker$InstrumentedIndexWriter",2,0.00,1.50,11,0.11,1892.97,3,1,18,3,5,171.40,3,16,0,2,121.40,0.00,0.50,1.00,0,0.00,2,327.31,1,0,5,org.apache.lucene.index.IndexWriter,0.00,1,1,3,0,1,2,0,3,77,1
"org.apache.lucene.facet.taxonomy.lucene.TestIndexClose$LeakChecker$InstrumentedTaxonomyReader",2,0.00,1.00,5,0.06,770.83,2,0,18,4,5,139.41,0,9,0,2,139.41,0.00,0.50,0.00,0,2.00,1,167.65,0,1,5,org.apache.lucene.facet.taxonomy.lucene.LuceneTaxonomyReader,0.00,2,1,2,0,2,1,0,0,44,1
"org.apache.lucene.facet.taxonomy.lucene.TestIndexClose$LeakChecker$InstrumentedTaxonomyWriter",3,0.00,1.00,7,0.11,1575.13,3,0,18,7,7,138.35,0,16,0,2,138.35,0.00,0.50,0.00,0,4.00,1,324.53,1,1,7,org.apache.lucene.facet.taxonomy.lucene.LuceneTaxonomyWriter,0.06,4,1,3,0,4,2,0,0,77,1
"org.apache.lucene.facet.taxonomy.lucene.TestLuceneTaxonomyReader",3,0.00,1.33,32,0.33,8220.11,3,0,5,15,5,74.34,19,41,0,2,106.56,0.00,0.50,0.00,0,3.00,2,989.49,0,0,5,org.apache.lucene.util.LuceneTestCase,0.00,12,1,4,0,12,3,0,4,210,1
"org.apache.lucene.facet.taxonomy.lucene.TestLuceneTaxonomyWriter",2,0.00,1.00,30,0.44,11506.33,2,0,10,22,5,53.39,23,35,0,2,97.52,0.00,0.50,0.00,0,2.00,1,1314.81,0,0,5,org.apache.lucene.util.LuceneTestCase,0.00,20,1,2,0,20,2,0,8,245,1
"org.apache.lucene.facet.taxonomy.lucene.TestLuceneTaxonomyWriter$NoOpCache",7,0.00,1.00,13,0.08,714.81,7,0,10,7,2,155.18,0,10,0,1,155.18,0.00,0.00,0.00,1,7.00,1,251.43,0,0,2,java.lang.Object,0.00,0,0,7,0,0,7,1,0,77,2
"org.apache.lucene.search.vectorhighlight.AbstractTestCase",27,0.02,1.37,129,1.52,38014.54,39,12,26,67,26,163.56,60,180,8,2,123.67,8.00,0.10,0.06,7,275.00,3,4560.66,2,14,18,org.apache.lucene.util.LuceneTestCase,0.00,40,1,37,8,40,13,0,60,970,2
"org.apache.lucene.search.vectorhighlight.AbstractTestCase$BasicNGramTokenizer",13,0.16,1.85,86,0.93,28960.27,30,17,26,27,2,115.47,0,117,0,2,115.47,0.00,0.50,0.21,3,69.00,8,2777.02,1,0,2,org.apache.lucene.search.Tokenizer,0.00,14,1,24,0,14,13,0,0,578,2
"org.apache.lucene.search.vectorhighlight.AbstractTestCase$BigramAnalyzer",1,0.00,1.00,3,0.03,443.97,1,0,26,3,0,132.36,0,6,0,2,132.36,0.00,0.50,0.00,0,1.00,1,101.70,0,1,0,org.apache.lucene.index.Analyzer,0.00,2,1,1,0,2,0,0,0,28,2
"org.apache.lucene.search.vectorhighlight.BaseFragmentsBuilder",20,0.06,1.60,93,1.65,67011.17,27,7,15,49,15,120.67,1,137,2,1,120.67,0.00,0.00,0.09,9,132.00,4,4940.32,0,14,13,java.lang.Object,0.00,29,0,32,2,29,6,1,1,992,2
"org.apache.lucene.search.vectorhighlight.BaseFragmentsBuilder$StoredFieldVisitor",1,0.00,2.00,13,0.22,7623.69,1,0,15,12,5,98.72,0,16,0,1,98.72,0.00,0.00,0.00,0,1.00,2,648.98,0,0,5,java.lang.Object,0.00,11,0,2,0,11,1,0,0,117,0
"org.apache.lucene.search.vectorhighlight.BoundaryScanner",2,0.00,1.00,3,0.02,109.20,2,0,0,2,17,146.96,31,4,17,1,157.32,0.00,0.00,0.00,0,2.00,1,62.00,0,0,0,,0.00,0,0,2,0,0,2,0,4,22,1
"org.apache.lucene.search.vectorhighlight.BreakIteratorBoundaryScanner",3,0.50,1.67,13,0.16,3922.68,4,1,1,9,3,163.77,7,17,2,1,123.88,0.00,0.00,0.67,0,1.00,2,471.78,0,0,1,java.lang.Object,0.00,6,0,5,0,6,3,1,3,111,1
"org.apache.lucene.search.vectorhighlight.BreakIteratorBoundaryScannerTest",6,0.40,1.00,44,0.60,14232.77,7,1,3,16,2,112.90,0,54,0,2,112.90,0.00,0.50,0.67,2,0.00,1,1801.94,0,0,2,org.apache.lucene.util.LuceneTestCase,0.00,10,1,6,0,10,6,0,0,377,1
"org.apache.lucene.search.vectorhighlight.FastVectorHighlighter",14,0.00,1.07,47,0.68,14712.71,21,7,4,23,16,87.10,111,71,5,1,129.39,0.00,0.00,0.14,1,94.00,2,2045.32,0,6,11,java.lang.Object,0.00,9,0,15,0,9,8,0,17,456,1
"org.apache.lucene.search.vectorhighlight.FieldFragList",3,0.50,1.00,8,0.08,1521.14,4,1,4,6,10,96.18,21,11,10,1,138.47,0.00,0.00,0.67,0,1.00,1,253.81,0,1,0,java.lang.Object,0.00,3,0,3,0,3,2,0,4,66,1
"org.apache.lucene.search.vectorhighlight.FieldFragList$WeightedFragInfo",6,0.15,1.33,31,0.31,8412.17,10,4,4,13,0,120.08,0,39,0,1,120.08,0.00,0.00,0.38,0,6.00,2,918.02,0,2,0,java.lang.Object,0.00,7,0,8,0,7,4,0,0,206,2
"org.apache.lucene.search.vectorhighlight.FieldFragList$WeightedFragInfo$SubInfo",4,0.11,1.25,20,0.17,3926.00,7,3,4,8,0,121.32,3,25,0,1,121.32,0.00,0.00,0.25,0,10.00,2,505.28,0,2,0,java.lang.Object,0.00,4,0,5,0,4,2,0,3,123,2
"org.apache.lucene.search.vectorhighlight.FieldPhraseList",3,1.00,4.67,40,0.55,39821.83,4,1,5,20,12,64.40,19,54,10,1,96.63,0.00,0.00,0.33,1,4.00,10,1644.98,0,0,2,java.lang.Object,0.00,17,0,14,0,17,3,0,5,305,1
"org.apache.lucene.search.vectorhighlight.FieldPhraseList$WeightedPhraseInfo",6,0.00,2.33,55,0.71,36564.65,10,4,5,24,0,105.40,4,65,0,1,105.40,0.00,0.00,0.25,2,6.00,5,2118.45,0,1,0,java.lang.Object,0.00,18,0,14,0,18,5,0,4,429,2
"org.apache.lucene.search.vectorhighlight.FieldPhraseList$WeightedPhraseInfo$Toffs",5,0.12,1.00,16,0.13,2424.75,7,2,5,9,0,132.05,0,23,0,1,132.05,0.00,0.00,0.40,0,6.00,1,392.38,0,1,0,java.lang.Object,0.00,4,0,5,0,4,4,0,0,106,2
"org.apache.lucene.search.vectorhighlight.FieldPhraseListTest",13,0.00,1.00,119,2.03,46042.53,13,0,2,24,5,147.34,38,133,0,3,107.46,0.00,0.67,0.00,0,0.00,1,6093.97,7,0,5,org.apache.lucene.search.vectorhighlight.AbstractTestCase,0.00,11,2,13,0,11,13,0,11,1189,1
"org.apache.lucene.search.vectorhighlight.FieldQuery",15,0.07,4.00,149,2.22,118096.05,20,5,19,59,27,86.53,85,179,18,1,104.40,0.00,0.00,0.13,7,87.00,13,6666.42,0,4,9,java.lang.Object,0.00,44,0,60,0,44,11,0,19,1272,1
"org.apache.lucene.search.vectorhighlight.FieldQuery$QueryPhraseMap",13,0.03,1.85,68,0.76,26629.22,19,6,19,34,6,118.71,7,84,0,1,118.71,0.00,0.00,0.14,3,99.00,5,2274.65,0,3,6,java.lang.Object,0.00,21,0,24,0,21,10,0,7,483,2
"org.apache.lucene.search.vectorhighlight.FieldQueryTest",28,0.00,1.00,621,10.61,907474.75,28,0,19,75,12,106.02,95,665,0,3,85.40,0.00,0.67,0.00,1,0.00,1,31824.38,8,0,12,org.apache.lucene.search.vectorhighlight.AbstractTestCase,0.00,47,2,28,0,47,28,0,76,5862,1
"org.apache.lucene.search.vectorhighlight.FieldTermStack",5,0.00,2.60,37,0.53,29941.99,7,2,10,19,16,61.03,53,43,9,1,109.51,0.00,0.00,0.50,0,0.00,9,1579.86,0,1,7,java.lang.Object,0.00,14,0,13,0,14,4,0,32,290,1
"org.apache.lucene.search.vectorhighlight.FieldTermStack$TermInfo",7,0.04,1.00,24,0.22,4349.67,11,4,10,11,0,131.21,0,25,0,1,131.21,0.00,0.00,0.29,0,16.00,1,656.32,0,2,0,java.lang.Object,0.00,4,0,7,0,4,5,1,0,169,2
"org.apache.lucene.search.vectorhighlight.FieldTermStackTest",12,0.00,1.00,103,1.63,35330.16,12,0,4,22,6,160.00,13,116,0,3,110.00,0.00,0.67,0.00,2,0.00,1,4888.62,7,0,6,org.apache.lucene.search.vectorhighlight.AbstractTestCase,0.00,10,2,12,0,10,12,0,13,969,1
"org.apache.lucene.search.vectorhighlight.FragListBuilder",1,0.00,1.00,2,0.01,54.79,1,0,0,1,12,193.91,27,3,10,1,146.08,0.00,0.00,0.00,0,1.00,1,36.53,0,1,2,,0.00,0,0,1,0,0,0,0,3,13,1
"org.apache.lucene.search.vectorhighlight.FragmentsBuilder",4,0.00,1.00,5,0.12,1002.81,4,0,3,4,12,122.73,55,12,9,1,152.11,0.00,0.00,0.00,0,4.00,1,347.18,0,4,3,,0.00,0,0,4,0,0,0,0,5,86,1
"org.apache.lucene.search.vectorhighlight.IndexTimeSynonymTest",23,0.00,1.00,171,2.97,63396.60,23,0,9,44,8,112.38,16,207,0,3,112.38,0.00,0.67,0.00,5,0.00,1,8921.27,3,2,8,org.apache.lucene.search.vectorhighlight.AbstractTestCase,0.00,21,2,23,0,21,21,0,16,1739,1
"org.apache.lucene.search.vectorhighlight.IndexTimeSynonymTest$TokenArrayAnalyzer",2,1.00,1.00,7,0.06,916.46,3,1,9,4,1,132.25,0,11,0,2,132.25,0.00,0.50,0.00,0,2.00,1,185.09,0,1,1,org.apache.lucene.search.Analyzer,0.00,2,1,2,0,2,1,0,0,49,3
"org.apache.lucene.search.vectorhighlight.IndexTimeSynonymTest$TokenArrayAnalyzer$Tokenizer",2,0.00,1.50,11,0.12,2100.59,4,2,9,3,2,121.04,0,15,0,1,121.04,0.00,0.00,0.50,0,2.00,2,352.89,1,0,2,java.lang.Object,0.00,1,0,3,0,1,2,0,0,82,0
"org.apache.lucene.search.vectorhighlight.ScoreOrderFragmentsBuilder",5,0.00,1.00,13,0.11,1749.50,5,0,4,7,5,160.35,15,20,3,2,139.74,0.00,0.50,0.00,0,5.00,1,338.42,0,1,2,org.apache.lucene.search.vectorhighlight.BaseFragmentsBuilder,0.00,2,1,5,0,2,4,0,4,94,1
"org.apache.lucene.search.vectorhighlight.ScoreOrderFragmentsBuilder$ScoreComparator",1,0.00,5.00,5,0.11,4822.85,1,0,4,1,0,165.55,1,11,0,1,115.55,0.00,0.00,0.00,0,1.00,5,318.47,0,0,0,java.lang.Object,0.00,0,0,5,0,0,1,1,1,76,2
"org.apache.lucene.search.vectorhighlight.ScoreOrderFragmentsBuilderTest",2,0.00,1.00,18,0.29,6418.81,2,0,5,14,12,107.79,1,21,0,3,107.79,0.00,0.67,0.00,0,0.00,1,858.65,1,1,12,org.apache.lucene.search.vectorhighlight.AbstractTestCase,0.00,12,2,2,0,12,1,0,1,168,1
"org.apache.lucene.search.vectorhighlight.SimpleBoundaryScanner",7,0.04,1.86,38,0.42,15776.39,11,4,3,13,4,168.38,7,42,3,1,118.38,0.00,0.00,0.29,0,20.00,4,1246.15,0,0,1,java.lang.Object,0.00,6,0,13,0,6,7,1,7,277,1
"org.apache.lucene.search.vectorhighlight.SimpleBoundaryScannerTest",2,0.00,1.00,22,0.29,8924.05,3,1,1,9,2,153.41,2,26,0,2,103.41,0.00,0.50,1.00,0,0.00,1,863.09,0,0,2,org.apache.lucene.util.LuceneTestCase,0.00,7,1,2,0,7,2,0,2,181,1
"org.apache.lucene.search.vectorhighlight.SimpleFragListBuilder",3,0.12,5.33,41,0.59,47103.29,7,4,4,15,8,146.02,4,58,5,1,96.02,0.00,0.00,0.33,0,6.00,13,1770.75,0,1,3,java.lang.Object,0.00,12,0,16,0,12,2,1,2,323,1
"org.apache.lucene.search.vectorhighlight.SimpleFragListBuilderTest",14,0.00,1.14,120,2.29,56866.15,14,0,2,33,11,108.86,1,138,0,3,108.86,0.00,0.67,0.00,1,0.00,2,6880.59,6,1,11,org.apache.lucene.search.vectorhighlight.AbstractTestCase,0.00,19,2,16,0,19,13,0,1,1338,1
"org.apache.lucene.search.vectorhighlight.SimpleFragmentsBuilder",5,0.00,1.00,11,0.08,1101.25,5,0,2,5,4,161.94,16,18,2,2,141.32,0.00,0.50,0.00,0,5.00,1,248.27,0,1,2,org.apache.lucene.search.vectorhighlight.BaseFragmentsBuilder,0.00,0,1,5,0,0,4,0,4,75,1
"org.apache.lucene.search.vectorhighlight.SimpleFragmentsBuilderTest",12,0.00,1.08,106,1.62,33176.37,12,0,14,43,20,110.19,4,121,0,3,110.19,0.00,0.67,0.00,1,0.00,2,4867.22,7,1,20,org.apache.lucene.search.vectorhighlight.AbstractTestCase,0.00,31,2,13,0,31,11,0,4,946,1
"org.apache.lucene.search.vectorhighlight.SingleFragListBuilder",1,0.00,5.00,13,0.19,7359.31,1,0,5,9,5,48.63,9,18,2,1,98.63,0.00,0.00,0.00,0,1.00,5,558.35,0,1,3,java.lang.Object,0.00,8,0,5,0,8,0,1,1,108,1
"org.apache.lucene.search.vectorhighlight.SingleFragListBuilderTest",4,0.00,1.00,20,0.35,5535.81,4,0,3,16,9,120.43,16,25,0,3,120.19,0.00,0.67,0.00,1,0.00,1,1051.57,1,1,9,org.apache.lucene.search.vectorhighlight.AbstractTestCase,0.00,12,2,4,0,12,3,0,1,218,1
"org.apache.solr.update.processor.BufferingRequestProcessor",6,0.10,1.00,16,0.21,4102.69,10,4,7,8,9,137.45,1,30,4,2,137.45,0.00,0.50,0.17,0,22.00,1,637.32,0,0,5,org.apache.solr.update.processor.UpdateRequestProcessor,0.15,2,1,6,0,2,6,0,1,158,1
"org.apache.solr.update.processor.CustomUpdateRequestProcessorFactory",2,1.00,1.00,6,0.06,689.28,3,1,5,2,6,173.11,4,13,1,2,133.22,0.00,0.50,0.00,0,2.00,1,170.60,0,1,5,org.apache.solr.update.processor.UpdateRequestProcessorFactory,0.00,0,1,2,0,0,1,0,2,46,1
"org.apache.solr.update.processor.DetectedLanguage",3,0.25,1.00,10,0.06,553.64,5,2,0,3,4,85.36,27,14,4,1,135.36,0.00,0.00,0.33,0,5.00,1,171.47,0,2,0,java.lang.Object,0.00,0,0,3,0,0,1,0,4,51,1
"org.apache.solr.update.processor.LangDetectLanguageIdentifierUpdateProcessor",2,0.00,2.50,18,0.25,9664.82,2,0,9,12,7,126.80,7,26,2,3,106.18,0.00,0.67,0.00,0,2.00,4,737.48,0,1,5,org.apache.solr.update.processor.LanguageIdentifierUpdateProcessor,0.00,10,2,5,0,10,1,0,2,141,1
"org.apache.solr.update.processor.LangDetectLanguageIdentifierUpdateProcessorFactory",4,0.20,3.00,40,0.66,25710.28,9,5,17,19,11,71.24,25,63,0,2,103.46,0.00,0.50,0.35,1,6.00,6,1994.16,0,0,11,org.apache.solr.update.processor.UpdateRequestProcessorFactory,0.00,15,1,12,0,15,4,2,5,363,1
"org.apache.solr.update.processor.LangDetectLanguageIdentifierUpdateProcessorFactoryTest",3,0.00,1.00,25,0.41,10618.13,3,0,3,9,5,159.37,4,32,0,4,109.37,0.00,0.75,0.00,0,5.00,1,1241.89,1,2,5,org.apache.solr.update.processor.LanguageIdentifierUpdateProcessorFactoryTestCase,0.11,6,3,3,0,6,1,0,2,223,1
"org.apache.solr.update.processor.LangIdParams",0,0.00,0.00,27,0.39,6399.79,26,26,0,0,3,171.00,36,28,3,1,171.00,0.00,0.00,0.00,0,0.00,0,1175.47,0,0,0,,0.00,0,0,0,0,0,0,0,21,199,1
"org.apache.solr.update.processor.LanguageIdentifierUpdateProcessor",12,0.13,3.92,196,3.13,193915.49,37,25,18,61,16,74.76,63,242,5,2,92.63,2.00,0.25,0.16,9,14.00,13,9392.45,1,7,11,org.apache.solr.update.processor.UpdateRequestProcessor,0.00,49,1,47,2,49,5,1,18,1571,2
"org.apache.solr.update.processor.LanguageIdentifierUpdateProcessorFactoryTestCase",13,0.02,1.15,125,1.71,48139.43,18,5,12,33,12,107.27,7,146,2,3,107.27,1.00,0.40,0.22,2,17.00,2,5125.37,5,4,10,org.apache.solr.SolrTestCaseJ4,0.04,20,2,15,2,20,9,0,7,988,2
"org.apache.solr.update.processor.LogUpdateProcessor",7,0.33,4.00,66,0.90,28891.05,16,9,15,26,12,146.50,15,82,1,2,106.61,0.00,0.50,0.40,0,0.00,8,2714.97,0,0,12,org.apache.solr.update.processor.UpdateRequestProcessor,0.14,19,1,28,0,19,7,0,13,536,0
"org.apache.solr.update.processor.LogUpdateProcessorFactory",2,1.00,2.00,14,0.17,4895.23,3,1,15,7,15,94.76,11,21,3,2,112.63,0.00,0.50,0.50,0,2.00,2,521.56,0,0,13,org.apache.solr.update.processor.UpdateRequestProcessorFactory,0.00,5,1,4,0,5,2,0,3,111,1
"org.apache.solr.update.processor.Lookup3Signature",3,0.50,1.00,7,0.15,3993.73,4,1,1,5,2,135.17,0,13,0,2,135.17,0.00,0.50,0.67,0,1.00,1,454.49,0,0,2,org.apache.solr.update.processor.Signature,0.33,2,1,3,0,2,3,0,0,110,1
"org.apache.solr.update.processor.MD5Signature",3,0.33,1.33,15,0.17,3738.84,6,3,5,12,2,120.48,1,24,1,2,120.48,1.00,0.33,0.56,0,0.00,2,496.30,0,0,1,org.apache.solr.update.processor.Signature,0.33,9,1,4,1,9,3,0,1,114,1
"org.apache.solr.update.processor.MD5Signature$ThreadLocal<MessageDigest>",1,0.00,2.00,5,0.05,948.63,1,0,5,3,0,121.32,0,9,0,1,121.32,0.00,0.00,0.00,0,0.00,2,138.59,0,1,0,java.lang.Object,0.00,2,0,2,0,2,0,0,0,35,0
"org.apache.solr.update.processor.RunUpdateProcessor",6,0.10,1.17,25,0.25,4076.32,8,2,10,14,11,126.20,3,42,1,2,126.20,0.00,0.50,0.42,0,0.00,2,743.32,5,0,10,org.apache.solr.update.processor.UpdateRequestProcessor,0.00,8,1,7,0,8,6,0,1,183,0
"org.apache.solr.update.processor.RunUpdateProcessorFactory",1,0.00,1.00,3,0.03,455.69,1,0,10,2,13,114.39,5,8,1,2,132.27,0.00,0.50,0.00,0,1.00,1,99.51,0,1,12,org.apache.solr.update.processor.UpdateRequestProcessorFactory,0.00,1,1,1,0,1,0,0,1,27,1
"org.apache.solr.update.processor.Signature",3,0.00,1.00,4,0.02,149.83,3,0,1,3,4,157.62,0,6,3,1,157.62,0.00,0.00,0.00,0,3.00,1,74.91,0,0,1,java.lang.Object,0.00,0,0,3,3,0,3,0,0,27,2
"org.apache.solr.update.processor.SignatureUpdateProcessorFactory",9,0.00,1.56,42,0.49,13147.23,16,7,19,20,17,123.52,1,68,2,2,123.52,0.00,0.50,0.14,2,35.00,4,1464.52,0,4,15,org.apache.solr.update.processor.UpdateRequestProcessorFactory,0.00,11,1,14,0,11,5,1,1,308,1
"org.apache.solr.update.processor.SignatureUpdateProcessorFactory$SignatureUpdateProcessor",2,1.00,6.50,43,0.68,51232.07,3,1,19,19,10,86.53,0,54,0,2,86.53,0.00,0.50,0.50,0,2.00,12,2041.49,0,0,10,org.apache.solr.update.processor.UpdateRequestProcessor,0.00,17,1,13,0,17,2,0,0,331,0
"org.apache.solr.update.processor.SignatureUpdateProcessorFactoryTest",8,0.71,1.88,115,1.40,53544.18,9,1,18,42,14,147.98,8,129,0,3,97.98,0.00,0.67,0.38,2,8.00,7,4211.08,7,0,14,org.apache.solr.SolrTestCaseJ4,0.05,34,2,15,0,34,8,0,4,780,1
"org.apache.solr.update.processor.SignatureUpdateProcessorFactoryTest$SolrQueryRequestBase",0,0.00,0.00,1,0.01,69.74,0,0,18,0,0,171.00,0,2,0,1,171.00,0.00,0.00,0.00,0,0.00,0,34.87,0,0,0,java.lang.Object,0.00,0,0,0,0,0,0,0,0,11,0
"org.apache.solr.update.processor.SignatureUpdateProcessorFactoryTest$Thread",1,0.00,3.00,9,0.09,2429.11,1,0,18,5,0,148.38,2,12,0,1,108.49,0.00,0.00,0.00,0,1.00,3,260.22,0,0,0,java.lang.Object,0.00,4,0,3,0,4,1,0,2,54,0
"org.apache.solr.update.processor.SignatureUpdateProcessorFactoryTest$Thread_0",1,0.00,3.00,10,0.10,2773.29,1,0,18,6,0,126.95,3,13,0,1,106.33,0.00,0.00,0.00,0,1.00,3,287.81,0,0,0,java.lang.Object,0.00,5,0,3,0,5,1,0,3,59,0
"org.apache.solr.update.processor.TextProfileSignature",3,0.25,6.00,59,0.92,81645.88,5,2,6,27,2,37.97,28,80,0,3,87.96,0.00,0.67,0.67,0,1.00,16,2763.95,2,0,2,org.apache.solr.update.processor.MD5Signature,0.33,24,2,18,0,24,3,0,7,474,1
"org.apache.solr.update.processor.TextProfileSignature$Token",2,0.00,1.00,8,0.06,776.67,4,2,6,2,0,128.15,0,12,0,1,128.15,0.00,0.00,0.50,0,2.00,1,179.10,0,1,0,java.lang.Object,0.00,0,0,2,0,0,1,0,0,50,2
"org.apache.solr.update.processor.TextProfileSignature$TokenComparator",1,0.00,1.00,3,0.03,504.81,1,0,6,1,0,131.92,0,5,0,1,131.92,0.00,0.00,0.00,0,1.00,1,99.83,0,0,0,java.lang.Object,0.00,0,0,1,0,0,1,1,0,28,2
"org.apache.solr.update.processor.TikaLanguageIdentifierUpdateProcessor",2,0.00,2.00,16,0.29,14184.64,2,0,5,15,7,88.96,10,22,2,3,106.83,0.00,0.67,0.00,0,2.00,3,878.55,0,1,5,org.apache.solr.update.processor.LanguageIdentifierUpdateProcessor,0.00,13,2,4,0,13,1,0,3,162,1
"org.apache.solr.update.processor.TikaLanguageIdentifierUpdateProcessorFactory",3,0.50,2.67,23,0.28,11582.21,6,3,7,7,11,68.72,23,37,0,2,111.01,0.00,0.50,0.67,0,1.00,5,844.63,0,0,11,org.apache.solr.update.processor.UpdateRequestProcessorFactory,0.00,4,1,8,0,4,3,2,3,182,1
"org.apache.solr.update.processor.TikaLanguageIdentifierUpdateProcessorFactoryTest",1,0.00,1.00,3,0.04,720.56,1,0,1,3,4,130.70,0,6,0,4,130.70,0.00,0.75,0.00,0,0.00,1,127.88,0,1,4,org.apache.solr.update.processor.LanguageIdentifierUpdateProcessorFactoryTestCase,0.00,2,3,1,0,2,0,0,0,32,1
"org.apache.solr.update.processor.UniqFieldsUpdateProcessorFactory",2,0.00,2.00,14,0.18,4805.64,3,1,11,7,8,64.59,16,21,1,2,112.69,0.00,0.50,1.00,0,0.00,3,530.27,0,0,7,org.apache.solr.update.processor.UpdateRequestProcessorFactory,0.00,5,1,4,0,5,2,0,1,113,1
"org.apache.solr.update.processor.UniqFieldsUpdateProcessorFactory$UniqFieldsUpdateProcessor",2,1.00,4.00,22,0.26,10603.64,3,1,11,10,3,102.51,0,30,0,2,102.51,0.00,0.50,0.50,0,2.00,7,770.56,1,0,3,org.apache.solr.update.processor.UpdateRequestProcessor,0.00,8,1,8,0,8,2,0,0,152,1
"org.apache.solr.update.processor.UniqFieldsUpdateProcessorFactoryTest",4,0.00,1.00,37,0.60,16361.96,4,0,17,20,13,106.96,3,72,0,3,106.96,0.00,0.67,0.00,1,6.00,1,1812.00,8,0,13,org.apache.solr.SolrTestCaseJ4,0.05,16,2,4,0,16,4,0,1,333,1
"org.apache.solr.update.processor.UniqFieldsUpdateProcessorFactoryTest$SolrQueryRequestBase",0,0.00,0.00,1,0.01,69.74,0,0,17,0,0,171.00,0,2,0,1,171.00,0.00,0.00,0.00,0,0.00,0,34.87,0,0,0,java.lang.Object,0.00,0,0,0,0,0,0,0,0,11,0
"org.apache.solr.update.processor.UpdateRequestProcessor",7,0.08,1.86,17,0.20,3373.59,9,2,8,14,48,178.39,15,27,43,1,138.50,0.00,0.00,0.43,0,0.00,2,589.73,0,0,5,java.lang.Object,0.00,7,0,13,10,7,7,0,2,153,2
"org.apache.solr.update.processor.UpdateRequestProcessorChain",5,0.12,1.60,25,0.26,8122.91,7,2,6,12,17,140.15,19,32,11,1,119.53,0.00,0.00,0.40,0,2.00,3,793.13,0,0,7,java.lang.Object,0.00,7,0,8,0,7,5,1,1,177,2
"org.apache.solr.update.processor.UpdateRequestProcessorFactory",2,0.00,1.00,3,0.03,173.49,2,0,6,2,15,155.97,9,8,9,1,155.74,0.00,0.00,0.00,0,2.00,1,80.82,0,1,7,java.lang.Object,0.00,0,0,2,9,0,1,1,2,26,2
"org.apache.solr.update.processor.UpdateRequestProcessorFactoryTest",3,0.00,1.00,16,0.21,4189.53,3,0,3,8,5,160.05,6,17,0,3,120.16,0.00,0.67,0.00,0,4.00,1,619.96,0,2,5,org.apache.solr.util.AbstractSolrTestCase,0.17,5,2,3,0,5,1,0,4,130,1
"org.apache.lucene.benchmark.byTask.Benchmark",6,0.07,2.17,47,0.57,26485.53,9,3,5,28,8,78.37,38,65,5,1,110.60,0.00,0.00,0.39,1,2.00,5,1719.06,0,2,3,java.lang.Object,0.00,22,0,13,0,22,4,0,11,340,1
"org.apache.lucene.benchmark.byTask.PerfRunData",27,0.02,1.63,135,1.37,36646.93,43,16,23,65,86,120.38,115,182,70,1,120.15,0.00,0.00,0.08,4,485.00,4,4106.68,0,15,19,java.lang.Object,0.00,38,0,44,0,38,12,0,42,865,1
"org.apache.lucene.benchmark.byTask.TestPerfTasksLogic",33,0.00,1.48,315,6.22,177181.86,33,0,38,110,31,106.18,162,780,0,3,105.94,0.00,0.67,0.00,7,33.00,7,18661.61,4,5,31,org.apache.lucene.benchmark.BenchmarkTestCase,0.00,77,2,49,0,77,28,0,123,3272,1
"org.apache.lucene.benchmark.byTask.TestPerfTasksLogic$MyMergePolicy",1,0.00,1.00,4,0.02,179.59,2,1,38,1,1,130.79,0,6,0,4,130.79,0.00,0.75,1.00,0,0.00,1,63.86,0,0,1,org.apache.lucene.index.LogDocMergePolicy,0.00,0,3,1,0,0,1,0,0,20,2
"org.apache.lucene.benchmark.byTask.TestPerfTasksLogic$MyMergeScheduler",1,0.00,1.00,5,0.02,206.76,2,1,38,1,1,126.69,0,7,0,3,126.69,0.00,0.67,1.00,0,0.00,1,74.73,0,0,1,org.apache.lucene.index.SerialMergeScheduler,0.00,0,2,1,0,0,1,0,0,23,2
"org.apache.lucene.benchmark.byTask.TestPerfTasksParse",2,0.00,4.00,34,0.58,22144.57,5,3,6,15,4,132.82,4,44,0,2,92.94,0.00,0.50,0.33,0,0.00,4,1735.55,0,0,4,org.apache.lucene.util.LuceneTestCase,0.00,13,1,8,0,13,2,0,4,308,1
"org.apache.solr.handler.clustering.carrot.Bindable",1,0.00,2.00,11,0.20,5571.55,3,2,13,9,0,102.73,4,22,0,2,102.50,0.00,0.50,1.00,0,0.00,2,589.32,0,0,0,org.carrot2.core.ProcessingComponentBase,0.00,8,1,2,0,8,1,1,1,119,1
"org.apache.solr.handler.clustering.carrot.Bindable$ILexicalData",2,0.00,2.50,11,0.09,1783.25,2,0,22,5,0,161.37,4,16,0,1,121.48,0.00,0.00,0.00,0,2.00,4,272.65,0,0,0,java.lang.Object,0.00,3,0,5,0,3,2,0,4,65,0
"org.apache.solr.handler.clustering.carrot.CarrotClusteringEngine",10,0.04,3.30,147,2.93,144172.79,16,6,48,94,24,63.00,65,198,2,3,95.22,0.00,0.67,0.13,7,30.00,8,8785.04,1,8,22,org.apache.solr.handler.clustering.SearchClusteringEngine,0.00,84,2,33,0,84,2,0,41,1472,1
"org.apache.solr.handler.clustering.carrot.CarrotClusteringEngine$IResourceLocator",1,0.00,2.00,12,0.21,6894.53,1,0,48,5,2,120.97,3,20,0,1,100.36,0.00,0.00,0.00,0,0.00,2,617.60,0,1,2,java.lang.Object,0.00,4,0,2,0,4,0,0,3,115,0
"org.apache.solr.handler.clustering.carrot.CarrotClusteringEngine$IResourceLocator$IResource",1,0.00,1.00,3,0.02,207.74,1,0,48,1,0,134.95,0,5,0,1,134.95,0.00,0.00,0.00,0,1.00,1,54.60,0,1,0,java.lang.Object,0.00,0,0,1,0,0,0,0,0,17,0
"org.apache.solr.handler.clustering.carrot.CarrotClusteringEngine$LocalSolrQueryRequest",1,0.00,1.00,3,0.03,347.48,1,0,48,2,1,133.19,0,5,0,1,133.19,0.00,0.00,0.00,0,1.00,1,95.04,0,1,1,java.lang.Object,0.00,1,0,1,0,1,0,0,0,27,0
"org.apache.solr.handler.clustering.carrot.CarrotClusteringEngineTest",29,0.00,1.34,166,2.92,86507.61,29,0,24,66,19,117.50,18,248,0,4,117.50,0.00,0.75,0.00,10,136.00,3,8759.09,0,10,19,org.apache.solr.handler.clustering.AbstractClusteringTestCase,0.00,37,3,39,0,37,19,0,16,1704,1
"org.apache.solr.handler.clustering.carrot.CarrotParams",0,0.00,0.00,12,0.19,6803.74,11,11,2,1,3,171.00,16,15,3,1,171.00,0.00,0.00,0.00,0,0.00,0,556.28,0,0,0,,0.00,1,0,0,0,1,0,0,1,106,1
"org.apache.solr.handler.clustering.carrot.LuceneCarrot2StemmerFactory",1,1.00,1.00,8,0.10,1951.81,2,1,25,4,19,73.84,12,15,1,1,111.40,0.00,0.00,0.00,0,1.00,1,303.58,0,1,18,java.lang.Object,0.00,3,0,1,0,3,0,1,3,69,1
"org.apache.solr.handler.clustering.carrot.LuceneCarrot2StemmerFactory$SnowballStemmerFactory",1,0.00,4.00,30,0.54,20885.42,2,1,25,5,16,107.85,19,43,0,1,81.56,0.00,0.00,1.00,0,0.00,4,1612.04,0,1,16,java.lang.Object,0.00,4,0,4,0,4,0,0,4,299,3
"org.apache.solr.handler.clustering.carrot.LuceneCarrot2StemmerFactory$SnowballStemmerFactory$ArabicStemmerFactory",1,0.00,2.00,12,0.12,1880.84,1,0,25,2,2,62.51,7,25,0,1,104.80,0.00,0.00,0.00,0,1.00,2,350.46,0,1,2,java.lang.Object,0.00,1,0,2,0,1,0,0,2,86,2
"org.apache.solr.handler.clustering.carrot.LuceneCarrot2StemmerFactory$SnowballStemmerFactory$ArabicStemmerFactory$IdentityStemmer",1,1.00,1.00,4,0.04,743.95,2,1,25,2,0,125.93,0,7,0,1,125.93,0.00,0.00,0.00,0,1.00,1,111.58,0,1,0,java.lang.Object,0.00,1,0,1,0,1,0,1,0,31,2
"org.apache.solr.handler.clustering.carrot.LuceneCarrot2StemmerFactory$SnowballStemmerFactory$ArabicStemmerFactory$LuceneStemmerAdapter",3,0.33,2.67,28,0.39,18411.02,6,3,25,10,2,105.35,1,31,0,1,105.35,0.00,0.00,0.56,0,1.00,4,1179.95,0,1,2,java.lang.Object,0.00,7,0,8,0,7,2,1,1,244,2
"org.apache.solr.handler.clustering.carrot.LuceneCarrot2StemmerFactory$SnowballStemmerFactory$SnowballStemmerAdapter",2,1.00,1.50,10,0.07,1220.79,3,1,25,6,1,122.90,0,14,0,1,122.90,0.00,0.00,0.50,0,2.00,2,220.84,0,1,1,java.lang.Object,0.00,4,0,3,0,4,1,1,0,59,2
"org.apache.solr.handler.clustering.carrot.LuceneCarrot2TokenizerFactory",1,1.00,1.00,7,0.09,1720.01,2,1,14,4,4,132.13,18,14,1,1,114.00,0.00,0.00,0.00,0,1.00,1,270.21,0,1,3,java.lang.Object,0.00,3,0,1,0,3,0,1,4,62,1
"org.apache.solr.handler.clustering.carrot.LuceneCarrot2TokenizerFactory$ChineseTokenizerFactory",1,0.00,2.00,11,0.09,1181.30,1,0,14,3,0,107.80,0,24,0,1,107.80,0.00,0.00,0.00,0,1.00,2,270.76,0,1,0,java.lang.Object,0.00,2,0,2,0,2,0,0,0,69,3
"org.apache.solr.handler.clustering.carrot.LuceneCarrot2TokenizerFactory$ChineseTokenizerFactory$ChineseTokenizer",4,0.28,2.25,35,0.50,13510.07,10,6,14,19,3,159.34,4,49,0,1,109.34,0.00,0.00,0.38,0,0.00,4,1487.54,0,0,3,java.lang.Object,0.00,15,0,9,0,15,4,1,4,296,3
"org.apache.lucene.facet.index.streaming.CategoryAttributesStream",3,0.00,2.00,19,0.19,4339.91,6,3,4,8,10,79.36,37,28,8,3,116.93,0.00,0.67,0.33,0,4.00,4,555.19,0,0,2,org.apache.lucene.analysis.TokenStream,0.55,5,2,6,0,5,3,0,3,129,1
"org.apache.lucene.facet.index.streaming.CategoryAttributesStreamTest",1,0.00,7.00,30,0.39,25292.86,1,0,10,16,5,130.78,25,37,0,3,80.78,0.00,0.67,0.00,0,0.00,7,1159.56,0,0,5,org.apache.lucene.facet.index.CategoryContainerTestBase,0.00,15,2,7,0,15,1,0,5,203,1
"org.apache.lucene.facet.index.streaming.CategoryListTokenizer",5,0.00,1.00,9,0.07,690.76,5,0,3,5,14,111.85,35,17,11,5,154.15,0.75,0.50,0.00,1,5.00,1,205.29,1,0,3,org.apache.lucene.facet.index.streaming.CategoryTokenizerBase,0.53,0,4,5,3,0,5,0,7,63,2
"org.apache.lucene.facet.index.streaming.CategoryParentsStream",4,0.11,6.00,64,0.88,53585.18,10,6,14,28,15,102.30,69,88,7,4,93.17,0.00,0.75,0.08,1,6.00,10,2625.21,0,0,10,org.apache.lucene.analysis.TokenFilter,0.25,24,3,24,0,24,4,0,17,497,1
"org.apache.lucene.facet.index.streaming.CategoryParentsStreamTest",4,0.00,2.75,59,0.75,26059.47,4,0,18,20,16,68.60,53,85,0,3,97.98,0.00,0.67,0.00,0,0.00,4,2238.22,0,0,16,org.apache.lucene.facet.index.CategoryContainerTestBase,0.00,16,2,11,0,16,4,0,11,414,1
"org.apache.lucene.facet.index.streaming.CategoryParentsStreamTest$DefaultFacetIndexingParams",2,0.00,1.00,5,0.03,405.51,2,0,18,4,4,141.60,0,9,0,1,141.60,0.00,0.00,0.00,0,2.00,1,97.95,0,2,4,java.lang.Object,0.00,2,0,2,0,2,0,0,0,30,0
"org.apache.lucene.facet.index.streaming.CategoryParentsStreamTest$MyCategoryListTokenizer",2,0.00,3.00,11,0.11,3031.85,2,0,18,6,4,119.63,0,21,0,6,119.63,0.00,0.83,0.00,0,2.00,5,329.11,0,0,4,org.apache.lucene.facet.index.streaming.CategoryListTokenizer,0.29,4,5,6,0,4,2,0,0,76,2
"org.apache.lucene.facet.index.streaming.CategoryTokenizer",3,0.00,1.67,14,0.16,4314.40,3,0,6,9,10,73.56,29,22,4,5,123.56,0.25,0.67,0.00,1,4.00,3,471.43,0,0,6,org.apache.lucene.facet.index.streaming.CategoryTokenizerBase,0.29,6,4,5,1,6,3,0,4,101,1
"org.apache.lucene.facet.index.streaming.CategoryTokenizerBase",2,5.00,1.00,13,0.14,2489.03,7,5,9,4,10,143.88,38,17,2,4,117.60,2.00,0.30,0.00,0,2.00,1,434.27,0,0,8,org.apache.lucene.analysis.TokenFilter,0.29,2,3,2,6,2,2,0,8,101,2
"org.apache.lucene.facet.index.streaming.CategoryTokenizerTest",2,0.00,3.00,37,0.58,21656.21,2,0,16,28,10,81.79,31,50,0,3,92.15,0.00,0.67,0.00,0,2.00,4,1737.76,0,0,10,org.apache.lucene.facet.index.CategoryContainerTestBase,0.00,26,2,6,0,26,2,0,6,300,1
"org.apache.lucene.facet.index.streaming.CountingListTokenizer",5,0.25,2.20,46,0.69,29189.14,7,2,12,33,10,73.34,31,68,1,6,105.56,0.00,0.83,0.30,1,6.00,6,2082.20,1,1,9,org.apache.lucene.facet.index.streaming.CategoryListTokenizer,0.50,28,5,11,0,28,4,0,5,380,1
"org.apache.lucene.analysis.payloads.AbstractEncoder",1,0.00,1.00,3,0.03,379.39,1,0,1,1,5,133.13,4,5,3,1,132.89,0.00,0.00,0.00,1,1.00,1,82.56,0,1,2,java.lang.Object,0.00,0,0,1,3,0,0,1,1,24,2
"org.apache.lucene.analysis.payloads.DelimitedPayloadTokenFilter",2,0.40,2.50,25,0.29,12170.67,7,5,5,8,8,58.44,14,28,3,4,100.73,0.00,0.75,0.40,0,2.00,4,875.75,0,0,5,org.apache.lucene.analysis.TokenFilter,0.29,6,3,5,0,6,2,0,3,178,2
"org.apache.lucene.analysis.payloads.DelimitedPayloadTokenFilterTest",6,0.00,1.67,93,1.67,63674.19,6,0,7,28,10,95.31,0,102,0,2,95.31,0.00,0.50,0.00,1,6.00,3,5008.19,0,0,10,org.apache.lucene.util.LuceneTestCase,0.00,22,1,10,0,22,6,0,0,906,1
"org.apache.lucene.analysis.payloads.FloatEncoder",1,0.00,1.00,7,0.09,1790.78,1,0,1,6,7,71.57,7,9,3,2,113.86,0.00,0.50,0.00,0,1.00,1,271.25,0,1,4,org.apache.lucene.analysis.payloads.AbstractEncoder,0.00,5,1,1,0,5,0,1,2,60,1
"org.apache.lucene.analysis.payloads.IdentityEncoder",3,1.00,1.33,13,0.18,5868.22,4,1,4,13,5,172.56,5,18,2,2,122.56,0.00,0.50,0.33,0,4.00,2,549.25,0,1,3,org.apache.lucene.analysis.payloads.AbstractEncoder,0.00,10,1,4,0,10,2,1,2,119,1
"org.apache.lucene.analysis.payloads.IntegerEncoder",1,0.00,1.00,7,0.08,1787.95,1,0,2,5,7,71.57,7,9,2,2,113.86,0.00,0.50,0.00,0,1.00,1,251.55,0,1,5,org.apache.lucene.analysis.payloads.AbstractEncoder,0.00,4,1,1,0,4,0,1,2,57,1
"org.apache.lucene.analysis.payloads.NumericPayloadTokenFilter",2,0.75,2.00,15,0.17,2957.24,6,4,6,8,8,154.24,5,21,2,4,114.35,0.00,0.75,0.62,0,0.00,3,504.71,0,0,6,org.apache.lucene.analysis.TokenFilter,0.29,6,3,4,0,6,2,0,2,113,1
"org.apache.lucene.analysis.payloads.NumericPayloadTokenFilterTest",1,0.00,3.00,23,0.50,27588.56,1,0,9,16,9,134.98,1,27,0,3,84.98,0.00,0.67,0.00,0,1.00,3,1501.19,0,0,9,org.apache.lucene.analysis.BaseTokenStreamTestCase,0.00,15,2,3,0,15,1,0,1,256,1
"org.apache.lucene.analysis.payloads.NumericPayloadTokenFilterTest$WordTokenFilter",2,0.00,2.00,11,0.11,1946.33,4,2,9,6,4,121.24,0,17,0,4,121.24,0.00,0.75,0.50,0,2.00,3,341.98,0,0,4,org.apache.lucene.analysis.TokenFilter,0.29,4,3,4,0,4,2,0,0,82,2
"org.apache.lucene.analysis.payloads.PayloadEncoder",2,0.00,1.00,3,0.02,107.12,2,0,1,2,7,125.16,13,4,6,1,157.39,0.00,0.00,0.00,0,2.00,1,66.19,0,2,1,,0.00,0,0,2,0,0,0,0,2,23,1
"org.apache.lucene.analysis.payloads.PayloadHelper",7,0.00,1.00,19,0.32,9172.28,7,0,0,9,8,117.35,35,28,8,1,135.22,0.00,0.00,0.00,4,7.00,1,957.98,0,0,0,java.lang.Object,0.00,2,0,7,0,2,7,0,4,227,1
"org.apache.lucene.analysis.payloads.TokenOffsetPayloadTokenFilter",2,0.00,1.50,15,0.17,4835.46,4,2,6,8,8,133.35,6,20,2,4,112.74,0.00,0.75,0.50,0,2.00,2,516.80,0,0,6,org.apache.lucene.analysis.TokenFilter,0.29,6,3,3,0,6,2,0,1,111,1
"org.apache.lucene.analysis.payloads.TokenOffsetPayloadTokenFilterTest",1,0.00,2.00,18,0.31,14107.25,1,0,7,12,7,91.34,0,21,0,3,91.34,0.00,0.67,0.00,0,1.00,2,942.05,0,0,7,org.apache.lucene.analysis.BaseTokenStreamTestCase,0.00,11,2,2,0,11,1,0,0,167,1
"org.apache.lucene.analysis.payloads.TypeAsPayloadTokenFilter",2,0.00,2.00,13,0.15,4399.05,4,2,6,8,7,136.11,6,19,2,4,115.49,0.00,0.75,0.50,0,2.00,3,462.96,0,0,5,org.apache.lucene.analysis.TokenFilter,0.29,6,3,4,0,6,2,0,1,101,1
"org.apache.lucene.analysis.payloads.TypeAsPayloadTokenFilterTest",1,0.00,2.00,17,0.35,15015.86,1,0,9,17,8,92.05,0,20,0,3,92.05,0.00,0.67,0.00,0,1.00,2,1047.86,0,0,8,org.apache.lucene.analysis.BaseTokenStreamTestCase,0.00,16,2,2,0,16,1,0,0,186,1
"org.apache.lucene.analysis.payloads.TypeAsPayloadTokenFilterTest$WordTokenFilter",2,0.00,1.50,11,0.12,2166.66,4,2,9,7,4,120.94,0,16,0,4,120.94,0.00,0.75,0.50,0,2.00,2,363.22,0,0,4,org.apache.lucene.analysis.TokenFilter,0.29,5,3,3,0,5,2,0,0,85,2
"org.apache.solr.velocity.VelocityResponseWriterTest",3,0.00,1.00,13,0.15,2309.92,3,0,6,10,4,125.81,0,15,0,3,125.81,0.00,0.67,0.00,0,3.00,1,436.66,0,2,4,org.apache.solr.util.AbstractSolrTestCase,0.17,7,2,3,0,7,1,0,0,97,1
"org.apache.lucene.util.ArrayUtil",54,0.00,2.04,301,4.32,241455.98,54,0,2,63,101,116.25,217,397,98,1,116.02,0.00,0.00,0.00,9,54.00,7,12949.53,0,2,3,java.lang.Object,0.00,9,0,110,0,9,52,0,59,2678,2
"org.apache.lucene.util.ArrayUtil$SorterTemplate",4,0.67,1.00,12,0.13,2705.31,5,1,2,5,0,130.92,0,20,0,1,130.92,0.00,0.00,0.50,0,4.00,1,400.66,0,0,0,java.lang.Object,0.00,1,0,4,0,1,4,0,0,103,0
"org.apache.lucene.util.ArrayUtil$SorterTemplate_0",4,0.67,1.00,12,0.13,2606.88,5,1,2,5,0,131.04,0,20,0,1,131.04,0.00,0.00,0.50,0,4.00,1,390.98,0,0,0,java.lang.Object,0.00,1,0,4,0,1,4,0,0,101,0
"org.apache.lucene.util.Attribute",0,0.00,0.00,1,0.00,12.00,0,0,0,0,28,171.00,19,2,28,1,171.00,0.00,0.00,0.00,0,0.00,0,8.00,0,0,0,,0.00,0,0,0,0,0,0,0,2,4,1
"org.apache.lucene.util.AttributeImpl",5,0.00,2.60,30,0.42,19149.41,5,0,4,23,50,69.41,59,39,47,1,113.54,0.00,0.00,0.00,1,5.00,8,1272.09,1,2,3,java.lang.Object,0.00,18,0,13,25,18,3,2,9,243,2
"org.apache.lucene.util.AttributeImpl$AttributeReflector",1,0.00,5.00,7,0.12,3324.00,1,0,4,5,0,111.37,0,10,0,1,111.37,0.00,0.00,0.00,0,1.00,5,353.00,0,0,0,java.lang.Object,0.00,4,0,5,0,4,1,0,0,73,0
"org.apache.lucene.util.AttributeReflector",1,0.00,1.00,2,0.02,236.00,1,0,0,1,9,190.57,26,3,9,1,141.08,0.00,0.00,0.00,0,1.00,1,72.00,0,0,0,,0.00,0,0,1,0,0,1,0,3,20,1
"org.apache.lucene.util.AttributeSource",0,0.00,0.00,2,0.01,70.18,0,0,10,0,70,171.00,13,2,70,1,171.00,0.00,0.00,0.00,0,0.00,0,28.07,0,0,1,java.lang.Object,0.00,0,0,0,167,0,0,0,3,10,1
"org.apache.lucene.util.AttributeSource$AttributeFactory",23,0.11,2.96,166,2.39,122106.43,29,6,10,70,4,92.02,132,211,0,1,109.89,0.00,0.00,0.07,6,134.00,10,7163.23,0,7,4,java.lang.Object,0.00,47,0,68,0,47,16,0,34,1444,3
"org.apache.lucene.util.AttributeSource$AttributeFactory$AttributeReflector",1,0.00,5.00,7,0.12,3324.00,1,0,10,5,0,111.37,0,10,0,1,111.37,0.00,0.00,0.00,0,1.00,5,353.00,0,0,0,java.lang.Object,0.00,4,0,5,0,4,1,0,0,73,0
"org.apache.lucene.util.AttributeSource$AttributeFactory$DefaultAttributeFactory",3,1.00,4.33,17,0.41,23865.34,4,1,10,13,2,113.87,0,34,0,2,113.87,0.00,0.50,0.33,1,4.00,8,1217.95,0,1,2,org.apache.lucene.util.AttributeFactory,0.00,10,1,13,0,10,2,0,0,241,3
"org.apache.lucene.util.AttributeSource$AttributeFactory$Iterator<AttributeImpl>",3,0.50,1.33,11,0.08,1916.67,4,1,10,5,1,131.04,0,15,0,1,131.04,0.00,0.00,0.67,0,1.00,2,252.66,0,0,1,java.lang.Object,0.00,2,0,4,0,2,3,0,0,66,0
"org.apache.lucene.util.AttributeSource$AttributeFactory$State",1,0.00,2.00,9,0.09,2942.78,3,2,10,4,1,107.93,0,13,0,1,107.93,0.00,0.00,1.00,0,0.00,2,256.35,0,1,1,java.lang.Object,0.00,3,0,2,0,3,0,1,0,63,3
"org.apache.lucene.util.AverageGuessMemoryModel",4,0.00,1.25,11,0.11,2130.20,4,0,2,7,2,120.38,21,21,1,2,138.25,0.00,0.50,0.00,0,4.00,2,339.51,0,0,1,org.apache.lucene.util.MemoryModel,0.75,3,1,5,0,3,4,0,6,87,1
"org.apache.lucene.util.AverageGuessMemoryModel$IdentityHashMap<Class<?>,Integer>",0,0.00,0.00,9,0.16,5350.21,0,0,2,1,0,171.00,0,11,0,1,171.00,0.00,0.00,0.00,0,0.00,0,470.04,0,0,0,java.lang.Object,0.00,1,0,0,0,1,0,0,0,100,0
"org.apache.lucene.util.BitUtil",16,0.40,3.56,447,8.36,2337244.73,18,2,0,16,5,28.17,166,562,5,1,76.64,0.00,0.00,0.12,1,60.00,8,25068.50,0,0,0,java.lang.Object,0.00,0,0,57,0,0,16,0,97,4680,2
"org.apache.lucene.util.BitVector",26,0.15,2.19,222,3.06,228784.33,36,10,6,45,17,145.96,70,289,11,1,106.07,0.00,0.00,0.25,11,0.00,6,9173.27,0,1,6,java.lang.Object,0.00,19,0,57,0,19,25,2,51,1806,2
"org.apache.lucene.util.Bits",2,1.00,1.00,6,0.05,1274.49,3,1,0,2,204,81.12,19,7,204,1,131.12,0.00,0.00,0.00,0,2.00,1,155.26,0,0,0,,0.00,0,0,2,0,0,2,0,2,43,1
"org.apache.lucene.util.Bits$MatchAllBits",3,1.00,1.00,8,0.05,467.73,4,1,0,3,1,142.50,0,12,0,1,142.50,0.00,0.00,0.33,0,4.00,1,138.60,0,0,1,java.lang.Object,0.00,0,0,3,0,0,3,1,0,42,2
"org.apache.lucene.util.Bits$MatchNoBits",3,1.00,1.00,8,0.05,467.73,4,1,0,3,1,142.50,0,12,0,1,142.50,0.00,0.00,0.33,0,4.00,1,138.60,0,0,1,java.lang.Object,0.00,0,0,3,0,0,3,1,0,42,2
"org.apache.lucene.util.BitsSlice",3,0.33,1.33,16,0.18,5285.75,6,3,0,5,2,87.08,18,21,1,1,119.30,0.00,0.00,0.56,0,0.00,2,535.42,0,0,1,java.lang.Object,0.00,2,0,4,0,2,3,1,3,124,2
"org.apache.lucene.util.ByteBlockPool",10,0.30,2.00,113,1.51,78621.62,22,12,5,16,20,83.45,55,131,17,1,101.32,0.00,0.00,0.35,1,0.00,4,4525.33,0,0,3,java.lang.Object,0.00,6,0,20,0,6,10,0,29,886,2
"org.apache.lucene.util.ByteBlockPool$Allocator",4,1.00,1.00,10,0.11,2235.45,5,1,5,6,0,138.14,0,14,0,1,138.14,0.00,0.00,0.25,1,6.00,1,338.34,0,0,0,java.lang.Object,0.00,2,0,4,0,2,4,0,0,88,3
"org.apache.lucene.util.ByteBlockPool$DirectAllocator",3,0.00,1.00,6,0.05,376.94,3,0,5,3,0,143.24,0,11,0,2,143.24,0.00,0.50,0.00,0,4.00,1,135.67,0,0,0,org.apache.lucene.util.Allocator,0.00,0,1,3,0,0,3,0,0,42,3
"org.apache.lucene.util.ByteBlockPool$DirectTrackingAllocator",4,0.67,1.25,17,0.15,3706.77,5,1,5,5,1,125.13,0,21,0,2,125.13,0.00,0.50,0.50,0,6.00,2,448.60,0,0,1,org.apache.lucene.util.Allocator,0.00,1,1,5,0,1,4,0,0,110,2
"org.apache.lucene.util.BytesRef",34,0.06,1.56,174,2.00,80271.97,41,7,1,49,592,138.88,106,219,589,1,118.26,0.00,0.00,0.20,5,50.00,4,6001.46,0,6,4,java.lang.Object,0.00,15,0,53,0,15,28,1,25,1327,2
"org.apache.lucene.util.BytesRef$UTF8SortedAsUTF16Comparator",2,0.00,4.00,23,0.29,32318.14,2,0,1,2,1,80.82,10,31,0,1,98.69,0.00,0.00,0.00,0,2.00,7,880.64,0,0,1,java.lang.Object,0.00,0,0,8,0,0,2,1,10,170,2
"org.apache.lucene.util.BytesRef$UTF8SortedAsUnicodeComparator",2,0.00,2.50,19,0.23,18192.71,2,0,1,2,1,154.02,2,24,0,1,104.02,0.00,0.00,0.00,0,2.00,4,690.80,0,0,1,java.lang.Object,0.00,0,0,5,0,0,2,1,2,139,2
"org.apache.lucene.util.BytesRefHash",18,0.21,2.50,209,2.80,280044.91,30,12,7,38,15,50.83,153,255,9,1,98.93,0.00,0.00,0.28,3,0.00,8,8386.71,0,0,6,java.lang.Object,0.00,20,0,45,0,20,18,0,37,1511,2
"org.apache.lucene.util.BytesRefHash$BytesStartArray",4,0.00,1.00,5,0.03,217.18,4,0,7,4,1,139.47,23,6,0,1,157.34,0.00,0.00,0.00,0,4.00,1,89.97,0,0,1,java.lang.Object,0.00,0,0,4,0,0,4,0,4,33,3
"org.apache.lucene.util.BytesRefHash$DirectBytesStartArray",5,0.00,1.00,16,0.16,3142.89,8,3,7,8,3,131.17,0,27,0,2,131.17,0.00,0.50,0.33,0,5.00,1,489.54,0,0,3,org.apache.lucene.util.BytesStartArray,0.00,3,1,5,0,3,5,0,0,123,2
"org.apache.lucene.util.BytesRefHash$SorterTemplate",4,0.11,1.00,18,0.28,8859.55,7,3,7,6,1,122.20,0,29,0,1,122.20,0.00,0.00,0.42,0,0.00,1,852.30,0,0,1,java.lang.Object,0.00,2,0,4,0,2,4,0,0,192,0
"org.apache.lucene.util.BytesRefHash$SuppressWarnings",1,0.00,1.00,3,0.02,192.67,1,0,7,1,0,135.21,0,6,0,2,135.21,0.00,0.50,0.00,0,1.00,1,66.78,0,0,0,java.lang.RuntimeException,0.00,0,1,1,0,0,1,0,0,21,2
"org.apache.lucene.util.BytesRefHash$TrackingDirectBytesStartArray",5,0.25,1.20,23,0.26,7641.35,8,3,7,8,3,123.43,0,35,0,2,123.43,0.00,0.50,0.53,0,0.00,2,789.24,0,0,3,org.apache.lucene.util.BytesStartArray,0.00,3,1,6,0,3,5,0,0,181,2
"org.apache.lucene.util.CharsRef",19,0.07,1.84,107,1.15,48298.74,24,5,1,28,62,138.59,57,141,61,1,117.97,0.00,0.00,0.26,4,40.00,7,3438.02,0,4,1,java.lang.Object,0.00,9,0,35,0,9,15,2,12,749,2
"org.apache.lucene.util.CharsRef$UTF16SortedAsUTF8Comparator",2,0.00,4.00,24,0.30,28453.57,2,0,1,3,1,118.34,6,32,0,1,97.72,0.00,0.00,0.00,0,2.00,7,890.57,0,0,1,java.lang.Object,0.00,1,0,8,0,1,2,1,6,169,2
"org.apache.lucene.util.CloseableThreadLocal",4,0.00,2.25,30,0.31,10594.43,6,2,5,15,4,64.23,34,38,4,1,112.33,0.00,0.00,0.50,2,2.00,3,938.17,0,0,0,java.lang.Object,0.00,11,0,9,2,11,4,1,7,208,1
"org.apache.lucene.util.CodecUtil",4,0.67,2.25,26,0.37,18203.26,5,1,6,15,34,162.98,5,37,28,1,112.98,0.00,0.00,0.50,0,4.00,5,1095.35,0,1,6,java.lang.Object,0.00,11,0,9,0,11,3,0,3,219,2
"org.apache.lucene.util.CollectionUtil",9,0.00,2.33,32,0.59,22617.67,9,0,4,15,7,108.36,49,43,6,1,126.23,0.00,0.00,0.00,1,9.00,3,1771.08,0,2,1,java.lang.Object,0.00,6,0,21,0,6,7,0,12,375,2
"org.apache.lucene.util.CollectionUtil$SorterTemplate",4,0.67,1.00,10,0.12,1922.80,5,1,4,7,0,138.65,0,18,0,1,138.65,0.00,0.00,0.50,0,4.00,1,370.86,0,0,0,java.lang.Object,0.00,3,0,4,0,3,4,0,0,97,0
"org.apache.lucene.util.CollectionUtil$SorterTemplate_0",4,0.67,1.00,10,0.12,1833.48,5,1,4,7,0,138.81,0,18,0,1,138.81,0.00,0.00,0.50,0,4.00,1,361.00,0,0,0,java.lang.Object,0.00,3,0,4,0,3,4,0,0,95,0
"org.apache.lucene.util.Constants",2,15.00,1.00,36,0.54,15191.62,17,15,1,5,15,45.14,20,43,14,1,93.62,0.00,0.00,0.00,0,2.00,1,1619.45,0,1,1,java.lang.Object,0.00,3,0,2,0,3,1,0,18,321,2
"org.apache.lucene.util.Counter",4,0.00,1.25,9,0.07,1104.42,4,0,1,6,30,96.37,45,12,30,1,140.50,0.00,0.00,0.00,1,4.00,2,219.72,0,2,0,java.lang.Object,0.00,2,0,5,2,2,2,0,6,65,2
"org.apache.lucene.util.Counter$AtomicCounter",2,0.00,1.00,6,0.05,795.62,3,1,1,4,1,132.73,0,11,0,2,132.73,0.00,0.50,1.00,0,0.00,1,154.35,0,0,1,org.apache.lucene.util.Counter,0.67,2,1,2,0,2,2,0,0,44,3
"org.apache.lucene.util.Counter$SerialCounter",2,0.00,1.00,6,0.05,672.65,3,1,1,2,1,133.30,0,11,0,2,133.30,0.00,0.50,1.00,0,0.00,1,149.14,0,0,1,org.apache.lucene.util.Counter,0.67,0,1,2,0,0,2,0,0,42,3
"org.apache.lucene.util.Deprecated",8,0.29,3.25,120,2.36,163601.80,10,2,1,24,2,132.80,22,176,0,2,92.91,0.00,0.50,0.25,0,14.00,10,7066.67,0,2,2,LuceneTestCase,0.00,16,1,26,0,16,6,0,5,1272,1
"org.apache.lucene.util.Deprecated$CodingCase",2,0.14,1.50,17,0.19,4164.69,9,7,3,2,0,111.09,0,20,0,1,111.09,0.00,0.00,0.07,0,2.00,2,558.74,0,0,0,java.lang.Object,0.00,0,0,3,0,0,2,0,0,131,1
"org.apache.lucene.util.DocIdBitSet",4,1.00,1.00,11,0.08,859.99,5,1,3,5,12,191.40,5,18,10,2,141.40,0.00,0.50,0.25,0,6.00,1,226.42,0,2,2,org.apache.lucene.search.DocIdSet,0.00,1,1,4,0,1,2,0,3,65,1
"org.apache.lucene.util.DocIdBitSet$DocIdBitSetIterator",4,0.17,1.50,16,0.15,3811.82,6,2,3,5,1,124.99,3,24,0,2,124.99,0.00,0.50,0.62,0,0.00,2,456.34,0,0,1,org.apache.lucene.search.DocIdSetIterator,0.86,1,1,6,0,1,4,0,3,112,2
"org.apache.lucene.util.DoubleBarrelLRUCache",3,0.80,2.67,41,0.43,17956.52,8,5,3,11,3,51.00,32,52,3,2,99.48,0.00,0.50,0.73,1,0.00,4,1278.69,0,0,0,DoubleBarrelLRUCache.CloneableKey,V>,0.00,8,1,8,0,8,3,0,13,266,2
"org.apache.lucene.util.DoubleBarrelLRUCache$CloneableKey",1,0.00,1.00,2,0.01,128.77,1,0,3,1,0,143.16,0,4,0,1,143.16,0.00,0.00,0.00,0,1.00,1,42.51,0,1,0,java.lang.Object,0.00,0,0,1,0,0,0,0,0,15,3
"org.apache.lucene.util.DummyConcurrentLock",6,1.00,1.00,11,0.07,869.96,7,1,4,8,0,153.98,5,15,0,1,153.98,0.00,0.00,0.00,0,6.00,1,200.16,0,1,0,java.lang.Object,0.00,2,0,6,0,2,5,1,2,63,2
"org.apache.lucene.util.English",6,0.00,7.83,110,1.38,117762.21,6,0,0,11,25,90.13,28,159,25,1,89.90,0.00,0.00,0.00,1,6.00,42,4126.15,0,2,0,java.lang.Object,0.00,5,0,47,0,5,4,0,11,670,2
"org.apache.lucene.util.FieldCacheSanityChecker",8,0.86,3.75,113,2.00,154277.27,9,1,10,57,9,56.64,99,135,5,1,94.20,0.00,0.00,0.25,4,16.00,10,5991.30,0,3,4,java.lang.Object,0.00,49,0,30,0,49,5,0,32,1040,2
"org.apache.lucene.util.FieldCacheSanityChecker$Insanity",5,0.17,1.80,31,0.32,12014.75,8,3,10,11,0,155.10,14,34,0,1,115.22,0.00,0.00,0.20,3,14.00,3,949.07,0,3,0,java.lang.Object,0.00,6,0,9,0,6,2,0,4,206,3
"org.apache.lucene.util.FieldCacheSanityChecker$InsanityType",2,0.25,1.00,9,0.10,2072.31,6,4,10,3,0,87.23,24,14,0,1,124.80,0.00,0.00,0.12,0,2.00,1,285.41,0,1,0,java.lang.Object,0.00,1,0,2,0,1,1,0,3,72,3
"org.apache.lucene.util.FieldCacheSanityChecker$ReaderField",4,0.00,1.25,14,0.17,4188.97,6,2,10,7,0,129.37,0,23,0,1,129.37,0.00,0.00,0.50,1,4.00,2,498.39,0,1,0,java.lang.Object,0.00,3,0,5,0,3,3,0,0,123,3
"org.apache.lucene.util.FixedBitSet",30,0.02,2.03,206,2.59,162912.86,32,2,4,41,49,152.28,77,266,44,2,112.40,0.00,0.50,0.52,6,0.00,6,7784.36,0,2,5,org.apache.lucene.search.DocIdSet,0.00,11,1,61,0,11,28,1,45,1589,2
"org.apache.lucene.util.IOUtils",8,1.00,6.75,89,1.02,84053.40,9,1,3,11,63,67.82,55,129,63,1,100.05,0.00,0.00,0.12,1,14.00,11,3062.75,0,0,0,java.lang.Object,0.00,3,0,54,0,3,8,0,11,612,2
"org.apache.lucene.util.IntsRef",12,0.05,2.00,81,0.83,40999.41,16,4,0,20,26,163.99,23,99,25,1,113.99,0.00,0.00,0.29,2,12.00,5,2489.71,0,2,1,java.lang.Object,0.00,8,0,24,0,8,10,1,4,537,2
"org.apache.lucene.util.LineFileDocs",6,0.10,3.17,72,1.01,46622.68,12,6,15,40,14,139.73,12,92,9,1,99.84,0.00,0.00,0.25,2,6.00,8,3040.23,0,1,5,java.lang.Object,0.00,34,0,19,0,34,5,1,9,547,1
"org.apache.lucene.util.LineFileDocs$DocState",1,0.00,1.00,23,0.24,5319.07,7,6,15,9,5,90.86,0,25,0,1,90.86,0.00,0.00,1.00,0,0.00,1,720.65,0,0,5,java.lang.Object,0.00,8,0,1,0,8,1,0,0,152,3
"org.apache.lucene.util.LuceneJUnitDividingSelector",3,0.67,2.67,26,0.30,10713.78,6,3,4,8,0,159.11,3,36,0,2,109.11,0.00,0.50,0.78,0,0.00,4,892.82,2,0,0,org.apache.tools.ant.types.selectors.BaseExtendSelector,0.00,5,1,8,0,5,3,0,3,187,1
"org.apache.lucene.util.LuceneJUnitResultFormatter",15,0.03,2.07,99,1.28,60935.02,23,8,16,43,4,95.52,79,150,1,1,113.39,0.00,0.00,0.10,5,60.00,11,3838.45,0,3,3,java.lang.Object,0.00,28,0,31,0,28,12,1,30,738,1
"org.apache.lucene.util.LuceneTestCaseRunner",3,0.25,8.00,70,1.26,91034.16,5,2,26,41,1,84.67,12,97,0,2,84.43,0.00,0.50,0.33,0,4.00,13,3766.89,1,1,1,org.junit.runners.BlockJUnit4ClassRunner,0.00,38,1,24,0,38,2,0,12,620,1
"org.apache.lucene.util.LuceneTestCaseRunner$Comparator<FrameworkMethod>",1,0.00,1.00,3,0.04,604.64,1,0,26,3,0,131.30,0,5,0,1,131.30,0.00,0.00,0.00,0,1.00,1,117.32,0,0,0,java.lang.Object,0.00,2,0,1,0,2,1,0,0,32,0
"org.apache.lucene.util.LuceneTestCaseRunner$Filter",2,0.00,1.00,5,0.05,749.50,2,0,26,4,0,139.50,0,7,0,1,139.50,0.00,0.00,0.00,0,2.00,1,144.62,0,1,0,java.lang.Object,0.00,2,0,2,0,2,1,0,0,39,0
"org.apache.lucene.util.LuceneTestCaseRunner$RunListener",1,0.00,2.00,4,0.05,748.87,1,0,26,2,0,125.75,0,7,0,1,125.75,0.00,0.00,0.00,0,1.00,2,145.55,0,0,0,java.lang.Object,0.00,1,0,2,0,1,1,0,0,34,0
"org.apache.lucene.util.MapBackedSet",7,0.17,1.00,16,0.18,2937.26,8,1,3,14,4,189.12,9,30,4,2,139.12,0.00,0.50,0.86,0,0.00,1,551.23,0,1,0,java.util.AbstractSet,0.00,7,1,7,0,7,6,0,2,144,2
"org.apache.lucene.util.MapOfSets",4,0.00,1.75,24,0.28,9185.58,5,1,4,11,1,97.50,21,31,1,1,115.38,0.00,0.00,1.00,0,0.00,3,843.05,0,1,0,java.lang.Object,0.00,7,0,7,0,7,3,0,5,184,1
"org.apache.lucene.util.MemoryModel",4,0.00,1.00,5,0.03,249.47,4,0,0,4,2,108.76,34,6,2,1,156.87,0.00,0.00,0.00,0,4.00,1,96.19,0,0,0,java.lang.Object,0.00,0,0,4,1,0,4,0,6,34,2
"org.apache.lucene.util.MultiBits",6,0.20,2.00,56,0.79,44288.33,9,3,1,16,4,154.78,9,64,2,1,104.78,0.00,0.00,0.50,1,0.00,4,2359.45,0,2,2,java.lang.Object,0.00,10,0,12,0,10,4,1,2,472,2
"org.apache.lucene.util.MultiBits$SubResult",0,0.00,0.00,3,0.02,166.05,2,2,1,0,1,171.00,0,4,0,1,171.00,0.00,0.00,0.00,0,0.00,0,55.35,0,0,1,java.lang.Object,0.00,0,0,0,0,0,0,0,0,16,3
"org.apache.lucene.util.NamedThreadFactory",3,0.20,1.67,17,0.27,5690.56,8,5,3,14,3,101.12,16,24,3,1,119.00,0.00,0.00,0.33,0,1.00,2,799.72,0,2,0,java.lang.Object,0.00,11,0,5,0,11,1,1,3,173,1
"org.apache.lucene.util.NumericUtils",15,0.16,2.87,123,1.95,165553.21,20,5,4,24,24,61.11,172,170,23,1,105.23,0.00,0.00,0.05,2,59.00,9,5862.92,0,0,5,java.lang.Object,0.00,9,0,43,0,9,15,0,40,1106,2
"org.apache.lucene.util.NumericUtils$IntRangeBuilder",2,0.00,1.00,8,0.09,1801.28,2,0,4,5,1,125.51,8,11,0,1,125.28,0.00,0.00,0.00,1,2.00,1,257.52,0,0,1,java.lang.Object,0.00,3,0,2,0,3,2,0,2,66,3
"org.apache.lucene.util.NumericUtils$LongRangeBuilder",2,0.00,1.00,8,0.09,1696.26,2,0,4,5,1,125.72,8,11,0,1,125.48,0.00,0.00,0.00,1,2.00,1,261.10,0,0,1,java.lang.Object,0.00,3,0,2,0,3,2,0,2,66,3
"org.apache.lucene.util.OpenBitSet",60,0.05,2.03,399,5.18,319414.77,63,3,3,75,41,94.59,316,479,36,2,112.47,1.00,0.33,0.38,9,0.00,8,15528.53,1,2,6,org.apache.lucene.search.DocIdSet,0.00,15,1,122,1,15,58,2,138,3205,1
"org.apache.lucene.util.OpenBitSetDISI",6,0.00,1.83,29,0.29,7397.27,6,0,2,6,6,106.19,33,41,4,3,124.06,0.00,0.67,0.00,1,6.00,3,865.43,5,0,2,org.apache.lucene.util.OpenBitSet,0.00,0,2,11,0,0,6,0,6,201,1
"org.apache.lucene.util.OpenBitSetIterator",6,0.38,2.83,61,1.37,46155.55,14,8,1,8,8,52.86,57,102,7,2,102.86,0.00,0.50,0.44,1,0.00,5,4122.46,0,0,2,org.apache.lucene.search.DocIdSetIterator,0.67,2,1,17,0,2,6,0,22,631,1
"org.apache.lucene.util.PagedBytes",7,0.54,3.43,103,1.26,83935.72,15,8,5,15,12,135.73,18,128,10,1,95.84,0.00,0.00,0.59,1,0.00,5,3783.65,0,1,2,java.lang.Object,0.00,8,0,24,0,8,6,0,8,723,2
"org.apache.lucene.util.PagedBytes$Reader",9,0.38,2.33,118,1.72,142521.15,15,6,5,17,3,63.96,61,132,0,1,96.18,0.00,0.00,0.50,0,0.00,5,5166.85,0,0,3,java.lang.Object,0.00,8,0,21,0,8,9,1,11,968,3
"org.apache.lucene.util.PriorityQueue",14,0.13,1.93,95,0.83,40505.46,17,3,0,14,51,66.09,142,117,51,1,114.56,0.00,0.00,0.45,5,0.00,6,2490.87,0,1,0,java.lang.Object,0.00,0,0,27,33,0,13,0,39,558,2
"org.apache.lucene.util.RamUsageEstimator",8,0.04,3.25,94,1.22,67645.62,26,18,3,34,59,68.74,48,116,56,1,100.96,0.00,0.00,0.09,1,22.00,12,3649.76,0,1,3,java.lang.Object,0.00,26,0,26,0,26,7,0,16,689,2
"org.apache.lucene.util.ReaderUtil",9,0.00,2.33,64,0.82,61227.07,9,0,7,20,42,66.81,66,91,41,1,109.10,0.00,0.00,0.00,0,9.00,5,2469.12,0,5,1,java.lang.Object,0.00,11,0,21,0,11,4,0,23,519,2
"org.apache.lucene.util.ReaderUtil$Gather",1,0.00,1.00,3,0.03,300.11,1,0,7,2,1,133.69,0,5,0,1,133.69,0.00,0.00,0.00,0,1.00,1,80.14,0,0,1,java.lang.Object,0.00,1,0,1,0,1,1,0,0,23,0
"org.apache.lucene.util.ReaderUtil$Gather_0",5,0.50,1.40,21,0.18,6885.01,6,1,7,7,1,123.75,2,25,0,1,123.75,0.00,0.00,0.60,2,2.00,3,546.76,0,0,1,java.lang.Object,0.00,2,0,7,0,2,5,0,2,130,3
"org.apache.lucene.util.ReaderUtil$ReaderContextBuilder",4,0.08,2.00,38,0.40,23433.78,8,4,7,11,1,105.57,1,45,0,1,105.57,0.00,0.00,0.31,1,6.00,4,1211.93,0,2,1,java.lang.Object,0.00,7,0,8,0,7,2,0,1,250,2
"org.apache.lucene.util.ReaderUtil$ReaderContextBuilder$Gather_1",1,0.00,1.00,3,0.03,281.86,1,0,7,1,1,133.91,0,5,0,1,133.91,0.00,0.00,0.00,0,1.00,1,79.61,0,0,1,java.lang.Object,0.00,0,0,1,0,0,1,0,0,22,0
"org.apache.lucene.util.ReaderUtil$Slice",2,0.25,1.00,11,0.11,2147.98,6,4,7,2,0,121.06,0,15,0,1,121.06,0.00,0.00,0.38,0,2.00,1,328.38,0,1,0,java.lang.Object,0.00,0,0,2,0,0,1,0,0,85,2
"org.apache.lucene.util.RecyclingByteBlockAllocator",9,0.12,1.67,64,0.69,38603.47,14,5,2,15,6,68.46,67,78,3,2,110.75,0.00,0.50,0.31,0,6.00,4,2082.93,0,0,3,ByteBlockPool.Allocator,0.00,6,1,15,0,6,9,0,9,427,2
"org.apache.lucene.util.ScorerDocQueue",16,0.20,1.50,94,0.88,40118.98,20,4,3,23,3,138.68,63,116,1,1,118.07,0.00,0.00,0.44,5,0.00,4,2629.31,0,2,2,java.lang.Object,0.00,7,0,24,0,7,14,0,33,597,1
"org.apache.lucene.util.ScorerDocQueue$HeapedScorerDoc",3,0.25,1.00,10,0.06,590.42,5,2,3,4,1,135.14,0,9,0,1,135.14,0.00,0.00,0.33,0,4.00,1,184.69,0,0,1,java.lang.Object,0.00,1,0,3,0,1,3,0,0,56,1
"org.apache.lucene.util.SetOnce",4,0.00,1.25,16,0.13,2346.76,6,2,1,7,3,78.21,40,22,3,1,126.69,0.00,0.00,0.50,0,0.00,2,396.73,0,0,0,java.lang.Object,0.00,3,0,5,0,3,4,0,7,99,2
"org.apache.lucene.util.SetOnce$AlreadySetException",1,0.00,1.00,3,0.02,116.92,1,0,1,1,0,136.92,0,5,0,2,136.92,0.00,0.50,0.00,0,1.00,1,46.46,0,0,0,java.lang.RuntimeException,0.00,0,1,1,0,0,1,0,0,16,3
"org.apache.lucene.util.SlowRAMDirectory",5,0.08,2.00,26,0.31,8557.44,8,3,7,11,7,101.43,28,39,2,3,119.31,0.00,0.67,0.27,0,2.00,4,940.98,2,2,5,org.apache.lucene.store.RAMDirectory,0.00,6,2,10,0,6,3,0,5,209,1
"org.apache.lucene.util.SlowRAMDirectory$SlowIndexInput",10,0.06,1.20,31,0.28,5790.50,12,2,7,20,1,131.40,0,32,0,3,131.40,0.00,0.67,0.55,0,0.00,2,830.40,0,1,1,org.apache.lucene.store.IndexInput,0.69,10,2,12,0,10,9,0,0,212,1
"org.apache.lucene.util.SlowRAMDirectory$SlowIndexOutput",8,0.07,1.25,27,0.24,5199.93,10,2,7,16,1,131.00,0,30,0,3,131.00,0.00,0.67,0.56,0,0.00,2,734.93,0,0,1,org.apache.lucene.store.IndexOutput,0.84,8,2,10,0,8,8,0,0,184,1
"org.apache.lucene.util.SmallFloat",6,0.00,3.00,42,0.66,31568.65,6,0,0,8,5,59.92,59,56,5,1,109.92,0.00,0.00,0.00,0,6.00,4,1981.84,0,0,0,java.lang.Object,0.00,2,0,18,0,2,6,0,24,399,1
"org.apache.lucene.util.SmartRandom",2,1.00,1.50,9,0.07,1056.93,3,1,1,4,0,147.62,6,14,0,2,127.01,0.00,0.50,0.50,0,2.00,2,213.87,1,0,0,java.util.Random,0.00,2,1,3,0,2,2,0,3,55,1
"org.apache.lucene.util.SortedVIntList",10,0.05,1.40,49,0.45,11155.73,17,7,4,16,3,124.70,49,63,1,2,124.47,0.00,0.50,0.10,0,26.00,2,1345.70,0,1,2,org.apache.lucene.search.DocIdSet,0.00,6,1,14,0,6,9,0,11,312,1
"org.apache.lucene.util.SortedVIntList$DocIdSetIterator",4,0.44,2.00,28,0.22,6013.84,7,3,4,4,0,114.30,1,36,0,1,114.30,0.00,0.00,0.67,1,0.00,3,654.83,0,0,0,java.lang.Object,0.00,0,0,8,0,0,4,0,1,154,0
"org.apache.lucene.util.SortedVIntList$SortedVIntListBuilder",3,0.50,2.00,19,0.20,9671.38,4,1,4,7,1,164.19,4,27,0,1,114.19,0.00,0.00,0.67,0,0.00,4,585.58,0,0,1,java.lang.Object,0.00,4,0,6,0,4,3,0,4,122,1
"org.apache.lucene.util.SorterTemplate",12,0.45,3.08,119,1.25,106557.96,14,2,0,13,3,124.67,41,143,3,1,104.05,0.00,0.00,0.08,8,32.00,10,3745.47,0,0,0,java.lang.Object,0.00,1,0,37,0,1,12,0,12,786,2
"org.apache.lucene.util.StringHelper",4,0.00,2.00,15,0.17,7639.73,4,0,2,6,7,79.10,33,23,7,1,127.21,0.00,0.00,0.00,0,4.00,4,514.43,0,1,0,java.lang.Object,0.00,2,0,8,0,2,3,0,4,123,2
"org.apache.lucene.util.StringHelper$Comparator<String>",1,0.00,8.00,16,0.20,14054.74,1,0,2,5,0,132.83,2,23,0,1,92.94,0.00,0.00,0.00,0,1.00,8,614.89,0,0,0,java.lang.Object,0.00,4,0,8,0,4,1,0,2,125,0
"org.apache.lucene.util.SuppressWarnings",1,0.00,1.00,4,0.07,1166.02,1,0,0,2,1,161.44,73,21,1,1,124.39,0.00,0.00,0.00,0,1.00,1,208.65,0,0,0,java.lang.Object,0.00,1,0,1,0,1,1,0,13,52,1
"org.apache.lucene.util.TermContext",9,0.00,1.67,56,0.71,33267.57,13,4,10,23,50,81.54,61,73,42,1,113.76,0.00,0.00,0.25,1,19.00,5,2123.24,0,2,8,java.lang.Object,0.00,14,0,15,0,14,7,0,16,424,2
"org.apache.lucene.util.TestArrayUtil",13,0.00,2.69,175,2.20,106956.19,13,0,2,39,2,148.39,18,182,0,2,98.39,0.00,0.50,0.00,2,13.00,8,6609.90,0,2,2,LuceneTestCase,0.00,26,1,35,0,26,11,0,18,1314,1
"org.apache.lucene.util.TestArrayUtil$Item",3,0.50,1.00,9,0.08,1153.37,5,2,2,4,0,132.85,0,14,0,1,132.85,0.00,0.00,0.17,0,4.00,1,231.60,0,1,0,java.lang.Object,0.00,1,0,3,0,1,2,1,0,65,1
"org.apache.lucene.util.TestAttributeSource",5,0.00,2.00,91,1.38,63180.20,5,0,3,30,9,131.60,10,109,0,2,91.72,0.00,0.50,0.00,0,5.00,4,4149.99,0,0,9,LuceneTestCase,0.00,25,1,10,0,25,5,0,10,759,1
"org.apache.lucene.util.TestBitUtil",8,0.00,2.00,96,1.07,65824.35,8,0,0,16,1,99.75,2,100,0,2,99.75,0.00,0.50,0.00,3,8.00,3,3215.49,0,0,1,LuceneTestCase,0.00,8,1,16,0,8,8,0,2,654,1
"org.apache.lucene.util.TestBitVector",16,0.00,2.12,204,2.16,105382.48,16,0,4,35,4,140.39,46,198,0,2,100.50,0.00,0.50,0.00,7,16.00,5,6476.30,0,0,4,LuceneTestCase,0.00,19,1,34,0,19,16,0,22,1282,1
"org.apache.lucene.util.TestByteBlockPool",1,0.00,4.00,36,0.51,27429.74,1,0,6,24,5,86.81,17,39,0,2,77.68,0.00,0.50,0.00,0,1.00,4,1516.05,0,0,5,LuceneTestCase,0.00,23,1,4,0,23,1,0,2,250,1
"org.apache.lucene.util.TestBytesRefHash",11,0.00,3.55,254,3.38,255089.63,13,2,11,53,4,106.15,34,263,0,2,85.54,0.00,0.50,0.50,2,0.00,5,10127.65,1,2,4,LuceneTestCase,0.00,42,1,39,0,42,9,0,12,1756,1
"org.apache.lucene.util.TestCharsRef",1,0.00,3.00,19,0.21,8484.97,1,0,1,10,2,91.64,16,17,0,2,92.11,0.00,0.50,0.00,0,1.00,3,615.64,0,0,2,LuceneTestCase,0.00,9,1,3,0,9,1,0,1,123,1
"org.apache.lucene.util.TestCloseableThreadLocal",3,1.00,1.00,14,0.15,2818.80,4,1,0,10,1,175.13,4,19,0,2,125.13,0.00,0.50,0.33,0,4.00,1,463.29,0,0,1,LuceneTestCase,0.00,7,1,3,0,7,3,0,4,111,1
"org.apache.lucene.util.TestCloseableThreadLocal$InitValueThreadLocal",1,0.00,1.00,3,0.02,222.62,1,0,0,1,1,134.72,0,6,0,2,134.72,0.00,0.50,0.00,0,0.00,1,65.07,0,1,1,org.apache.lucene.util.CloseableThreadLocal,0.40,0,1,1,0,0,0,0,0,20,1
"org.apache.lucene.util.TestCollectionUtil",6,0.00,1.67,84,1.00,46871.42,6,0,5,18,1,147.47,6,83,0,2,97.47,0.00,0.50,0.00,1,6.00,2,3010.64,0,1,1,LuceneTestCase,0.00,12,1,10,0,12,5,0,6,622,1
"org.apache.lucene.util.TestDoubleBarrelLRUCache",4,0.33,3.25,68,0.71,57433.30,6,2,1,15,1,131.98,8,55,0,2,92.09,0.00,0.50,0.25,1,6.00,7,2129.01,0,0,1,org.apache.lucene.util.LuceneTestCase,0.00,11,1,13,0,11,4,0,8,419,1
"org.apache.lucene.util.TestDoubleBarrelLRUCache$CacheThread",2,0.50,3.50,30,0.35,17834.06,6,4,1,8,1,95.73,0,41,0,2,95.73,0.00,0.50,0.50,0,2.00,6,1046.59,0,0,1,java.lang.Thread,0.00,6,1,7,0,6,2,0,0,199,1
"org.apache.lucene.util.TestDoubleBarrelLRUCache$CloneableInteger",4,0.33,1.00,10,0.09,1343.94,5,1,1,6,0,139.88,0,18,0,2,139.88,0.00,0.50,0.75,1,0.00,1,284.06,0,1,0,DoubleBarrelLRUCache.CloneableKey,0.00,2,1,4,0,2,3,0,0,78,2
"org.apache.lucene.util.TestDoubleBarrelLRUCache$CloneableObject",4,0.33,1.00,10,0.09,1312.38,5,1,1,6,0,139.96,0,18,0,2,139.96,0.00,0.50,0.75,1,0.00,1,282.44,0,1,0,DoubleBarrelLRUCache.CloneableKey,0.00,2,1,4,0,2,3,0,0,78,2
"org.apache.lucene.util.TestFieldCacheSanityChecker",6,0.37,1.50,81,1.23,49125.39,12,6,11,30,9,148.54,6,99,0,2,98.54,0.00,0.50,0.47,0,0.00,3,3685.69,2,0,9,LuceneTestCase,0.00,24,1,9,0,24,6,0,6,662,1
"org.apache.lucene.util.TestFixedBitSet",15,0.00,2.80,215,2.93,322898.21,15,0,3,55,2,143.89,21,211,0,2,93.89,0.00,0.50,0.00,10,15.00,6,8784.07,0,2,2,LuceneTestCase,0.00,40,1,42,0,40,13,0,16,1620,1
"org.apache.lucene.util.TestIOUtils",1,0.00,11.00,40,0.59,26700.99,1,0,4,19,1,96.45,3,58,0,2,75.83,0.00,0.50,0.00,0,1.00,11,1766.29,0,0,1,LuceneTestCase,0.00,18,1,11,0,18,1,0,3,301,1
"org.apache.lucene.util.TestIOUtils$BrokenCloseable",2,1.00,1.00,6,0.05,720.92,3,1,4,3,0,133.07,0,10,0,1,133.07,0.00,0.00,0.50,0,2.00,1,150.05,0,0,0,java.lang.Object,0.00,1,0,2,0,1,2,1,0,42,2
"org.apache.lucene.util.TestIOUtils$TestException",1,0.00,1.00,3,0.01,94.05,1,0,4,1,0,137.66,0,5,0,2,137.66,0.00,0.50,0.00,0,1.00,1,42.11,0,0,0,java.lang.Exception,0.00,0,1,1,0,0,1,0,0,15,2
"org.apache.lucene.util.TestNumericUtils",14,0.00,3.50,200,4.16,281668.16,14,0,4,47,4,114.68,55,363,0,2,94.07,0.00,0.50,0.00,4,14.00,8,12492.09,0,0,4,LuceneTestCase,0.00,33,1,49,0,33,14,0,55,2257,1
"org.apache.lucene.util.TestNumericUtils$NumericUtils.IntRangeBuilder",1,0.00,5.00,15,0.24,15087.12,1,0,4,8,0,114.47,3,16,0,1,93.85,0.00,0.00,0.00,0,1.00,5,717.00,0,0,0,java.lang.Object,0.00,7,0,5,0,7,1,0,3,133,0
"org.apache.lucene.util.TestNumericUtils$NumericUtils.LongRangeBuilder",1,0.00,5.00,15,0.25,16009.71,1,0,4,9,0,114.27,3,16,0,1,93.65,0.00,0.00,0.00,0,1.00,5,751.04,0,0,0,java.lang.Object,0.00,8,0,5,0,8,1,0,3,137,0
"org.apache.lucene.util.TestOpenBitSet",17,0.00,2.24,231,3.22,304516.17,17,0,2,67,3,145.77,20,234,0,2,95.77,0.00,0.50,0.00,13,17.00,6,9664.11,0,2,3,LuceneTestCase,0.00,50,1,38,0,50,15,0,15,1781,1
"org.apache.lucene.util.TestPriorityQueue",5,0.00,1.40,59,0.63,23943.94,5,0,1,18,1,153.10,9,63,0,2,103.10,0.00,0.50,0.00,1,5.00,3,1897.11,0,0,1,LuceneTestCase,0.00,13,1,7,0,13,5,0,9,391,1
"org.apache.lucene.util.TestPriorityQueue$IntegerQueue",2,0.00,1.00,5,0.04,579.81,2,0,1,2,1,140.38,0,9,0,2,140.38,0.00,0.50,0.00,0,2.00,1,129.83,0,0,1,org.apache.lucene.util.PriorityQueue,0.00,0,1,2,0,0,2,0,0,38,2
"org.apache.lucene.util.TestRamUsageEstimator",1,0.00,1.00,11,0.12,3174.53,1,0,1,5,1,104.58,0,13,0,2,104.58,0.00,0.50,0.00,0,1.00,1,374.61,0,0,1,org.apache.lucene.util.LuceneTestCase,0.00,4,1,1,0,4,1,0,0,86,1
"org.apache.lucene.util.TestRamUsageEstimator$Holder",2,3.00,1.00,8,0.05,659.83,5,3,1,2,0,128.71,0,10,0,1,128.71,0.00,0.00,0.00,0,2.00,1,160.34,0,0,0,java.lang.Object,0.00,0,0,2,0,0,2,0,0,45,3
"org.apache.lucene.util.TestRecyclingByteBlockAllocator",5,0.00,2.80,104,1.43,99993.99,5,0,6,24,1,88.60,23,101,0,2,88.36,0.00,0.50,0.00,1,5.00,5,4277.83,1,1,1,LuceneTestCase,0.00,19,1,14,0,19,4,0,5,748,1
"org.apache.lucene.util.TestSetOnce",4,0.00,2.25,35,0.51,22318.99,4,0,3,18,1,107.62,0,42,0,2,107.62,0.00,0.50,0.00,0,4.00,6,1542.66,0,0,1,LuceneTestCase,0.00,14,1,9,0,14,4,0,0,304,1
"org.apache.lucene.util.TestSetOnce$SetOnceThread",2,0.67,2.00,12,0.15,2521.35,5,3,3,11,1,157.28,4,20,0,2,117.40,0.00,0.50,0.67,0,0.00,3,436.38,0,0,1,java.lang.Thread,0.00,9,1,4,0,9,2,0,4,97,3
"org.apache.lucene.util.TestSmallFloat",5,0.00,3.40,72,1.04,50226.60,5,0,0,17,1,52.32,59,83,0,2,96.45,0.00,0.50,0.00,2,5.00,5,3109.45,0,0,1,LuceneTestCase,0.00,12,1,17,0,12,5,0,28,580,1
"org.apache.lucene.util.TestSortedVIntList",29,0.11,1.55,132,1.42,61742.80,34,5,5,43,3,122.23,8,161,1,2,122.23,0.00,0.50,0.09,8,227.00,5,4253.51,0,0,2,LuceneTestCase,0.00,14,1,45,0,14,29,0,8,960,1
"org.apache.lucene.util.TestTwoPhaseCommitTool",5,0.00,2.60,62,0.70,30902.30,5,0,4,16,2,140.56,13,67,0,2,100.67,0.00,0.50,0.00,0,5.00,5,2107.15,1,0,2,LuceneTestCase,0.00,11,1,13,0,11,5,0,13,417,1
"org.apache.lucene.util.TestTwoPhaseCommitTool$TwoPhaseCommitImpl",6,0.00,1.50,30,0.27,5869.45,13,7,4,10,1,121.28,0,41,0,1,121.28,0.00,0.00,0.14,2,14.00,2,817.32,0,0,1,java.lang.Object,0.00,4,0,9,0,4,6,1,0,193,2
"org.apache.lucene.util.TestUnicodeUtil",4,0.00,3.50,82,1.31,81307.46,4,0,0,32,5,121.64,81,90,0,2,88.26,0.00,0.50,0.00,0,4.00,6,3931.16,0,0,5,LuceneTestCase,0.00,28,1,14,0,28,4,0,7,686,1
"org.apache.lucene.util.TestVersion",1,0.00,2.00,8,0.10,2721.97,1,0,0,6,0,110.10,0,10,0,2,110.10,0.00,0.50,0.00,0,1.00,2,309.83,0,0,0,LuceneTestCase,0.00,5,1,2,0,5,1,0,0,72,1
"org.apache.lucene.util.TestVersionComparator",1,0.00,1.00,21,0.38,23077.28,1,0,1,5,1,107.93,3,23,0,2,87.32,0.00,0.50,0.00,0,1.00,1,1143.95,0,0,1,LuceneTestCase,0.00,4,1,1,0,4,1,0,1,226,1
"org.apache.lucene.util.TestVirtualMethod",4,0.17,2.00,38,0.58,20355.37,6,2,0,13,4,88.18,22,55,3,2,106.06,2.00,0.25,0.38,0,4.00,5,1749.03,0,0,1,LuceneTestCase,0.00,9,1,8,2,9,4,0,7,362,1
"org.apache.lucene.util.TestVirtualMethod$TestClass1",2,0.00,1.00,3,0.03,183.18,2,0,0,2,1,155.55,0,6,0,3,155.55,0.00,0.67,0.00,0,2.00,1,78.91,0,0,1,org.apache.lucene.util.TestVirtualMethod,0.50,0,2,2,0,0,2,0,0,26,1
"org.apache.lucene.util.TestVirtualMethod$TestClass2",1,0.00,1.00,2,0.02,107.10,1,0,0,1,0,193.79,1,4,0,2,143.79,0.00,0.50,0.00,0,1.00,1,47.21,0,0,0,org.apache.lucene.util.TestClass1,0.00,0,1,1,0,0,1,0,1,16,1
"org.apache.lucene.util.TestVirtualMethod$TestClass3",1,0.00,1.00,2,0.02,107.10,1,0,0,1,0,143.79,0,4,0,2,143.79,0.00,0.50,0.00,0,1.00,1,47.21,0,0,0,org.apache.lucene.util.TestClass2,0.00,0,1,1,0,0,1,0,0,16,1
"org.apache.lucene.util.TestVirtualMethod$TestClass4",0,0.00,0.00,1,0.01,31.02,0,0,0,0,1,171.00,0,2,0,3,171.00,0.00,0.67,0.00,0,0.00,0,15.51,0,0,1,org.apache.lucene.util.TestVirtualMethod,0.00,0,2,0,0,0,0,0,0,6,1
"org.apache.lucene.util.TestVirtualMethod$TestClass5",0,0.00,0.00,1,0.01,31.02,0,0,0,0,0,171.00,0,2,0,2,171.00,0.00,0.50,0.00,0,0.00,0,15.51,0,0,0,org.apache.lucene.util.TestClass4,0.00,0,1,0,0,0,0,0,0,6,1
"org.apache.lucene.util.ThreadInterruptedException",1,0.00,1.00,3,0.02,124.13,1,0,0,1,29,176.01,21,5,29,2,136.71,0.00,0.50,0.00,0,1.00,1,49.65,0,0,0,java.lang.RuntimeException,0.00,0,1,1,0,0,1,0,2,17,2
"org.apache.lucene.util.ThreeLongs",3,0.00,1.00,12,0.18,4881.93,6,3,0,7,1,80.96,23,17,1,1,123.25,0.00,0.00,0.33,0,4.00,1,532.66,0,2,0,java.lang.Object,0.00,4,0,3,0,4,1,0,2,127,0
"org.apache.lucene.util.ThrottledIndexOutput",16,0.05,1.25,69,0.75,18914.82,26,10,3,28,5,124.29,1,108,2,3,124.29,0.00,0.67,0.15,3,52.00,3,2242.88,0,1,3,org.apache.lucene.store.IndexOutput,0.73,12,2,20,0,12,15,0,1,517,1
"org.apache.lucene.util.ToStringUtils",3,0.00,2.00,14,0.15,4839.82,3,0,0,6,29,80.83,23,16,29,1,123.12,0.00,0.00,0.00,0,3.00,3,437.17,0,1,0,java.lang.Object,0.00,3,0,6,0,3,2,0,4,99,2
"org.apache.lucene.util.TwoPhaseCommit",5,0.00,1.00,6,0.05,456.14,5,0,2,5,6,111.44,58,7,6,1,155.56,0.00,0.00,0.00,0,5.00,1,160.16,0,0,0,,0.00,0,0,5,0,0,5,0,7,51,1
"org.apache.lucene.util.TwoPhaseCommitTool",2,0.00,5.50,32,0.29,19519.17,2,0,2,7,2,114.43,66,40,1,1,94.28,0.00,0.00,0.00,1,2.00,7,864.47,0,0,1,java.lang.Object,0.00,5,0,11,0,5,2,0,15,180,2
"org.apache.lucene.util.TwoPhaseCommitTool$CommitFailException",1,0.00,1.00,4,0.03,257.28,1,0,2,2,1,129.56,0,6,0,2,129.56,0.00,0.50,0.00,0,1.00,1,86.26,0,0,1,java.io.IOException,0.00,1,1,1,0,1,1,0,0,25,2
"org.apache.lucene.util.TwoPhaseCommitTool$PrepareCommitFailException",1,0.00,1.00,4,0.03,257.28,1,0,2,2,1,129.56,0,6,0,2,129.56,0.00,0.50,0.00,0,1.00,1,86.26,0,0,1,java.io.IOException,0.00,1,1,1,0,1,1,0,0,25,2
"org.apache.lucene.util.TwoPhaseCommitTool$TwoPhaseCommitWrapper",6,0.10,1.00,16,0.16,2627.96,8,2,2,9,1,138.97,0,23,0,1,138.97,0.00,0.00,0.42,2,10.00,1,467.37,0,0,1,java.lang.Object,0.00,3,0,6,0,3,6,1,0,124,3
"org.apache.lucene.util.UnicodeUtil",12,0.06,5.67,265,5.50,787266.29,29,17,0,27,46,100.73,227,336,43,1,82.59,0.00,0.00,0.11,1,84.00,8,16500.39,0,2,4,java.lang.Object,0.00,15,0,68,0,15,10,0,63,2834,2
"org.apache.lucene.util.UnsafeByteArrayInputStream",10,0.14,1.10,28,0.25,3710.71,14,4,3,10,2,91.41,84,44,2,2,139.52,0.00,0.50,0.38,1,0.00,2,752.88,0,0,0,java.io.InputStream,0.00,0,1,11,0,0,10,0,9,196,1
"org.apache.lucene.util.UnsafeByteArrayInputStreamTest",5,0.00,3.20,95,1.10,75853.11,5,0,5,15,1,110.72,17,96,0,2,90.11,0.00,0.50,0.00,0,5.00,5,3304.62,0,0,1,org.apache.lucene.util.LuceneTestCase,0.00,10,1,16,0,10,5,0,2,628,1
"org.apache.lucene.util.UnsafeByteArrayOutputStream",11,0.03,1.36,40,0.38,10361.55,14,3,2,13,3,79.71,106,57,3,2,129.71,0.00,0.50,0.30,2,26.00,3,1151.04,0,0,0,java.io.OutputStream,0.00,2,1,15,0,2,11,0,20,271,1
"org.apache.lucene.util.UnsafeByteArrayOutputStreamTest",7,0.00,4.29,170,1.69,123715.18,7,0,4,14,1,125.62,18,139,0,2,85.73,0.00,0.50,0.00,0,7.00,7,5065.44,0,0,1,org.apache.lucene.util.LuceneTestCase,0.00,7,1,30,0,7,7,0,3,974,1
"org.apache.lucene.util.Vint8",6,1.00,3.83,81,1.26,120847.86,7,1,4,9,4,94.77,98,96,4,1,95.24,0.00,0.00,0.00,0,6.00,5,3772.56,0,0,0,java.lang.Object,0.00,3,0,23,0,3,6,0,11,746,1
"org.apache.lucene.util.Vint8$Position",2,1.00,1.00,5,0.03,236.45,3,1,4,2,0,125.58,11,8,0,1,143.45,0.00,0.00,0.00,0,2.00,1,79.51,0,0,0,java.lang.Object,0.00,0,0,2,0,0,2,0,4,26,2
"org.apache.lucene.util.Vint8Test",5,0.25,2.20,57,0.84,42369.45,8,3,6,15,1,56.91,55,65,0,2,101.04,0.00,0.50,0.53,0,0.00,3,2513.54,0,0,1,org.apache.lucene.util.LuceneTestCase,0.00,10,1,11,0,10,5,0,9,502,1
"org.apache.lucene.util.VirtualMethod",5,0.00,3.80,36,0.65,28338.30,10,5,5,22,2,72.05,62,54,2,1,109.61,0.00,0.00,0.20,2,14.00,8,1943.95,0,0,0,java.lang.Object,0.00,17,0,19,0,17,5,0,7,383,2
"org.apache.lucene.util._TestIgnoredException",4,0.00,1.50,15,0.15,3476.45,4,0,1,11,0,129.96,2,23,0,2,129.96,0.00,0.50,0.00,0,4.00,2,457.57,3,1,0,java.lang.RuntimeException,0.00,7,1,6,0,7,3,0,2,113,1
"org.apache.lucene.util._TestUtil",28,0.18,2.64,243,4.49,208050.41,33,5,33,113,125,146.49,62,341,106,1,106.61,0.00,0.00,0.03,9,80.00,10,13480.31,0,15,19,java.lang.Object,0.00,85,0,74,0,85,13,0,40,2326,1
"org.apache.lucene.util._TestUtil$AttributeReflector",1,0.00,2.00,3,0.05,847.12,1,0,33,3,0,129.99,0,4,0,1,129.99,0.00,0.00,0.00,0,1.00,2,143.71,0,0,0,java.lang.Object,0.00,2,0,2,0,2,1,0,0,34,0
"org.apache.lucene.util._TestUtil$CodecProvider",1,0.00,2.00,6,0.05,1106.61,1,0,33,4,1,157.73,2,9,0,1,117.84,0.00,0.00,0.00,0,1.00,2,153.95,0,1,1,java.lang.Object,0.00,3,0,2,0,3,0,0,2,39,0
"org.apache.lucene.util._TestUtil$TempFileLocker",0,0.00,0.00,1,0.01,38.77,0,0,33,0,0,171.00,0,1,0,1,171.00,0.00,0.00,0.00,0,0.00,0,15.51,0,0,0,java.lang.Object,0.00,0,0,0,0,0,0,0,0,6,2
"org.apache.lucene.analysis.lv.LatvianAnalyzer",5,0.50,1.80,21,0.28,7029.43,7,2,15,15,13,75.51,42,31,1,3,123.62,0.00,0.67,0.10,0,8.00,3,847.94,0,2,12,org.apache.lucene.analysis.util.StopwordAnalyzerBase,0.00,10,2,9,0,10,3,0,8,189,2
"org.apache.lucene.analysis.lv.LatvianAnalyzer$DefaultSetHolder",0,0.00,0.00,6,0.05,843.89,1,1,15,0,2,171.00,2,11,0,1,171.00,0.00,0.00,0.00,0,0.00,0,162.56,0,0,2,java.lang.Object,0.00,0,0,0,0,0,0,0,2,40,2
"org.apache.lucene.analysis.lv.LatvianStemFilter",2,0.33,2.00,14,0.16,3794.18,5,3,6,9,9,113.74,9,20,3,4,113.50,0.00,0.75,0.50,0,2.00,3,481.98,0,0,6,org.apache.lucene.analysis.TokenFilter,0.29,7,3,4,0,7,2,0,1,107,2
"org.apache.lucene.analysis.lv.LatvianStemmer",3,1.00,7.00,70,1.36,103771.18,4,1,1,5,1,93.15,51,100,1,1,84.01,0.00,0.00,0.33,0,4.00,14,4089.23,0,0,0,java.lang.Object,0.00,2,0,21,0,2,3,0,11,746,1
"org.apache.lucene.analysis.lv.LatvianStemmer$Affix",1,3.00,1.00,8,0.06,700.70,4,3,1,2,0,135.52,3,10,0,1,114.90,0.00,0.00,0.00,0,1.00,1,178.75,0,0,0,java.lang.Object,0.00,1,0,1,0,1,1,0,3,48,1
"org.apache.lucene.analysis.lv.TestLatvianAnalyzer",4,0.00,1.00,16,0.17,3088.17,4,0,5,8,3,175.80,7,22,0,3,125.80,0.00,0.67,0.00,0,4.00,1,522.25,3,0,3,org.apache.lucene.analysis.BaseTokenStreamTestCase,0.00,4,2,4,0,4,4,0,6,121,1
"org.apache.lucene.analysis.lv.TestLatvianStemmer",9,0.00,1.00,184,1.78,58472.76,9,0,6,10,4,136.39,203,195,0,3,92.44,0.00,0.67,0.00,0,9.00,1,5335.29,1,0,4,org.apache.lucene.analysis.BaseTokenStreamTestCase,0.00,1,2,9,0,1,9,0,188,1111,1
"org.apache.lucene.analysis.lv.TestLatvianStemmer$Analyzer",1,0.00,1.00,4,0.05,1009.20,1,0,6,4,3,124.89,0,6,0,1,124.89,0.00,0.00,0.00,0,1.00,1,159.62,0,1,3,java.lang.Object,0.00,3,0,1,0,3,0,0,0,38,0
"org.apache.solr.common.params.AnalysisParams",0,0.00,0.00,7,0.09,1895.90,6,6,0,0,5,171.00,25,8,5,1,171.00,0.00,0.00,0.00,0,0.00,0,276.48,0,0,0,,0.00,0,0,0,0,0,0,0,8,62,1
"org.apache.solr.common.params.AppendedSolrParams",3,0.00,1.67,16,0.21,13831.64,3,0,0,5,4,165.96,5,24,2,3,115.96,0.00,0.67,0.00,0,1.00,3,635.72,0,2,2,org.apache.solr.common.params.DefaultSolrParams,0.08,2,2,5,0,2,1,0,1,143,1
"org.apache.solr.common.params.CommonParams",0,0.00,0.00,28,0.48,8416.01,26,26,1,0,95,171.00,49,28,95,1,171.00,0.00,0.00,0.00,0,0.00,0,1446.50,0,0,0,,0.00,0,0,0,0,0,0,0,28,242,1
"org.apache.solr.common.params.CommonParams$EchoParamStyle",1,11.00,5.00,23,0.32,8657.14,12,11,1,4,0,46.54,7,32,0,1,88.83,0.00,0.00,0.00,0,1.00,5,973.44,0,1,0,java.lang.Object,0.00,3,0,5,0,3,0,0,3,178,1
"org.apache.solr.common.params.CoreAdminParams",0,0.00,0.00,18,0.27,4713.10,16,16,1,0,8,171.00,21,19,8,1,171.00,0.00,0.00,0.00,0,0.00,0,824.79,0,0,0,,0.00,0,0,0,0,0,0,0,17,152,1
"org.apache.solr.common.params.CoreAdminParams$CoreAdminAction",1,0.00,3.00,7,0.08,1436.76,1,0,1,3,0,114.36,0,24,0,1,114.36,0.00,0.00,0.00,0,1.00,3,238.57,0,1,0,java.lang.Object,0.00,2,0,3,0,2,0,0,0,55,1
"org.apache.solr.common.params.DefaultSolrParams",5,0.38,1.40,19,0.23,7097.38,7,2,2,10,19,128.30,3,29,17,2,128.30,1.00,0.33,0.80,0,0.00,2,690.62,0,4,2,org.apache.solr.common.params.SolrParams,0.06,5,1,7,1,5,1,0,1,169,1
"org.apache.solr.common.params.DisMaxParams",0,0.00,0.00,11,0.13,1707.05,10,10,0,0,3,171.00,23,12,3,1,171.00,0.00,0.00,0.00,0,0.00,0,403.82,0,0,0,,0.00,0,0,0,0,0,0,0,11,84,1
"org.apache.solr.common.params.EventParams",0,0.00,0.00,4,0.04,529.87,3,3,0,0,2,171.00,21,5,2,1,171.00,0.00,0.00,0.00,0,0.00,0,121.11,0,0,0,,0.00,0,0,0,0,0,0,0,3,31,1
"org.apache.solr.common.params.FacetParams",0,0.00,0.00,37,0.78,21454.60,35,35,3,0,16,171.00,179,37,15,1,171.00,0.00,0.00,0.00,0,0.00,0,2348.26,0,0,1,,0.00,0,0,0,0,0,0,0,33,377,1
"org.apache.solr.common.params.FacetParams$FacetRangeOther",2,0.00,1.50,8,0.09,1722.21,2,0,3,6,1,175.34,3,15,0,1,125.34,0.00,0.00,0.00,0,2.00,2,263.81,1,2,1,java.lang.Object,0.00,4,0,3,0,4,0,0,1,64,1
"org.apache.solr.common.params.FacetParams$FacetRangeOther$Deprecated",2,0.00,1.50,8,0.09,1788.93,2,0,3,6,1,75.21,19,14,0,1,125.21,0.00,0.00,0.00,0,2.00,2,277.19,1,1,1,java.lang.Object,0.00,4,0,3,0,4,1,0,1,67,1
"org.apache.solr.common.params.FacetParams$FacetRangeOther$Deprecated$FacetRangeInclude",3,0.00,2.33,16,0.25,9549.79,3,0,3,13,1,157.03,8,27,0,1,117.15,0.00,0.00,0.00,0,3.00,4,736.83,1,3,1,java.lang.Object,0.00,10,0,7,0,10,0,0,5,155,1
"org.apache.solr.common.params.GroupParams",0,0.00,0.00,13,0.23,5034.24,12,12,0,0,6,171.00,17,14,6,1,171.00,0.00,0.00,0.00,0,0.00,0,681.72,0,0,0,,0.00,0,0,0,0,0,0,0,10,134,1
"org.apache.solr.common.params.HighlightParams",0,0.00,0.00,36,0.85,20948.06,35,35,0,0,18,171.00,6,37,18,1,171.00,0.00,0.00,0.00,0,0.00,0,2547.74,0,0,0,,0.00,0,0,0,0,0,0,0,3,403,1
"org.apache.solr.common.params.MapSolrParams",6,0.40,1.83,28,0.36,14529.48,7,1,4,16,21,121.75,4,38,20,2,121.75,0.00,0.50,0.67,0,0.00,5,1070.76,0,5,2,org.apache.solr.common.params.SolrParams,0.06,10,1,11,0,10,1,0,2,225,1
"org.apache.solr.common.params.ModifiableSolrParams",16,0.27,1.94,92,1.11,63842.45,17,1,6,35,60,156.30,35,129,59,2,116.42,1.00,0.33,0.75,3,0.00,6,3339.23,0,10,1,org.apache.solr.common.params.SolrParams,0.04,19,1,31,1,19,6,0,14,702,1
"org.apache.solr.common.params.ModifiableSolrParamsTest",8,0.14,1.12,62,0.74,19775.98,9,1,1,14,1,112.73,6,83,0,2,112.73,0.00,0.50,0.88,1,0.00,2,2230.79,2,0,1,org.apache.lucene.util.LuceneTestCase,0.00,6,1,9,0,6,8,0,1,485,1
"org.apache.solr.common.params.MoreLikeThisParams",0,0.00,0.00,17,0.30,7456.10,15,15,1,0,5,171.00,11,18,5,1,171.00,0.00,0.00,0.00,0,0.00,0,911.30,0,0,0,,0.00,0,0,0,0,0,0,0,9,169,1
"org.apache.solr.common.params.MoreLikeThisParams$TermStyle",1,0.00,4.00,10,0.09,1872.37,1,0,1,3,0,107.61,0,19,0,1,107.61,0.00,0.00,0.00,0,1.00,4,256.19,0,1,0,java.lang.Object,0.00,2,0,4,0,2,0,0,0,58,1
"org.apache.solr.common.params.MultiMapSolrParams",7,0.50,2.00,40,0.53,24837.10,8,1,4,20,16,116.81,4,52,15,2,116.81,1.00,0.33,0.57,0,3.00,6,1575.95,0,5,2,org.apache.solr.common.params.SolrParams,0.06,13,1,14,1,13,2,0,2,323,1
"org.apache.solr.common.params.QueryElevationParams",0,0.00,0.00,4,0.03,265.97,3,3,0,0,2,171.00,20,5,2,1,171.00,0.00,0.00,0.00,0,0.00,0,85.11,0,0,0,,0.00,0,0,0,0,0,0,0,2,23,1
"org.apache.solr.common.params.RequiredSolrParams",15,0.07,1.40,50,0.67,22734.46,16,1,2,26,3,178.08,21,90,2,2,128.08,0.00,0.50,0.93,0,0.00,3,2022.73,0,8,2,org.apache.solr.common.params.SolrParams,0.05,11,1,21,0,11,7,0,9,468,1
"org.apache.solr.common.params.ShardParams",0,0.00,0.00,8,0.10,1458.57,7,7,0,0,14,171.00,9,9,14,1,171.00,0.00,0.00,0.00,0,0.00,0,303.08,0,0,0,,0.00,0,0,0,0,0,0,0,7,67,1
"org.apache.solr.common.params.SolrParamTest",2,0.00,2.50,108,2.02,217835.62,2,0,7,28,4,28.94,24,120,0,2,66.50,0.00,0.50,0.00,0,2.00,3,6045.59,0,0,4,org.apache.lucene.util.LuceneTestCase,0.00,26,1,5,0,26,2,0,23,920,1
"org.apache.solr.common.params.SolrParamTest$Runnable",1,0.00,1.00,3,0.01,103.35,1,0,7,2,0,137.34,0,0,0,1,137.34,0.00,0.00,0.00,0,1.00,1,44.54,0,0,0,java.lang.Object,0.00,1,0,1,0,1,1,0,0,15,0
"org.apache.solr.common.params.SolrParamTest$Runnable_0",1,0.00,1.00,3,0.01,103.35,1,0,7,2,0,137.34,0,0,0,1,137.34,0.00,0.00,0.00,0,1.00,1,44.54,0,0,0,java.lang.Object,0.00,1,0,1,0,1,1,0,0,15,0
"org.apache.solr.common.params.SolrParamTest$Runnable_1",1,0.00,1.00,3,0.01,103.35,1,0,7,2,0,137.34,0,0,0,1,137.34,0.00,0.00,0.00,0,1.00,1,44.54,0,0,0,java.lang.Object,0.00,1,0,1,0,1,1,0,0,15,0
"org.apache.solr.common.params.SolrParamTest$Runnable_10",1,0.00,1.00,3,0.02,115.78,1,0,7,2,0,136.95,0,0,0,1,136.95,0.00,0.00,0.00,0,1.00,1,49.51,0,0,0,java.lang.Object,0.00,1,0,1,0,1,1,0,0,16,0
"org.apache.solr.common.params.SolrParamTest$Runnable_2",1,0.00,1.00,3,0.01,103.35,1,0,7,2,0,137.34,0,0,0,1,137.34,0.00,0.00,0.00,0,1.00,1,44.54,0,0,0,java.lang.Object,0.00,1,0,1,0,1,1,0,0,15,0
"org.apache.solr.common.params.SolrParamTest$Runnable_3",1,0.00,1.00,3,0.01,103.35,1,0,7,2,0,137.34,0,0,0,1,137.34,0.00,0.00,0.00,0,1.00,1,44.54,0,0,0,java.lang.Object,0.00,1,0,1,0,1,1,0,0,15,0
"org.apache.solr.common.params.SolrParamTest$Runnable_4",1,0.00,1.00,3,0.01,103.35,1,0,7,2,0,137.34,0,0,0,1,137.34,0.00,0.00,0.00,0,1.00,1,44.54,0,0,0,java.lang.Object,0.00,1,0,1,0,1,1,0,0,15,0
"org.apache.solr.common.params.SolrParamTest$Runnable_5",1,0.00,1.00,3,0.01,103.35,1,0,7,2,0,137.34,0,0,0,1,137.34,0.00,0.00,0.00,0,1.00,1,44.54,0,0,0,java.lang.Object,0.00,1,0,1,0,1,1,0,0,15,0
"org.apache.solr.common.params.SolrParamTest$Runnable_6",1,0.00,1.00,3,0.01,103.35,1,0,7,2,0,137.34,0,0,0,1,137.34,0.00,0.00,0.00,0,1.00,1,44.54,0,0,0,java.lang.Object,0.00,1,0,1,0,1,1,0,0,15,0
"org.apache.solr.common.params.SolrParamTest$Runnable_7",1,0.00,1.00,3,0.01,103.35,1,0,7,2,0,137.34,0,0,0,1,137.34,0.00,0.00,0.00,0,1.00,1,44.54,0,0,0,java.lang.Object,0.00,1,0,1,0,1,1,0,0,15,0
"org.apache.solr.common.params.SolrParamTest$Runnable_8",1,0.00,1.00,3,0.01,103.35,1,0,7,2,0,137.34,0,0,0,1,137.34,0.00,0.00,0.00,0,1.00,1,44.54,0,0,0,java.lang.Object,0.00,1,0,1,0,1,1,0,0,15,0
"org.apache.solr.common.params.SolrParamTest$Runnable_9",1,0.00,1.00,3,0.02,115.78,1,0,7,2,0,136.95,0,0,0,1,136.95,0.00,0.00,0.00,0,1.00,1,49.51,0,0,0,java.lang.Object,0.00,1,0,1,0,1,1,0,0,16,0
"org.apache.solr.common.params.SolrParams",29,0.00,2.31,132,1.92,66827.46,29,0,8,50,190,171.87,49,189,186,1,121.87,0.00,0.00,0.00,5,29.00,3,5771.82,0,20,7,java.lang.Object,0.00,21,0,67,8,21,9,1,32,1228,2
"org.apache.solr.common.params.SpatialParams",0,0.00,0.00,7,0.08,1210.08,6,6,0,0,2,171.00,31,8,2,1,171.00,0.00,0.00,0.00,0,0.00,0,254.75,0,0,0,,0.00,0,0,0,0,0,0,0,6,58,1
"org.apache.solr.common.params.SpellingParams",0,0.00,0.00,15,0.27,6112.79,14,14,0,0,5,171.00,75,16,5,1,171.00,0.00,0.00,0.00,0,0.00,0,818.68,0,0,0,,0.00,0,0,0,0,0,0,0,14,156,1
"org.apache.solr.common.params.StatsParams",0,0.00,0.00,4,0.05,840.00,3,3,0,0,5,171.00,3,5,5,1,171.00,0.00,0.00,0.00,0,0.00,0,140.00,0,0,0,,0.00,0,0,0,0,0,0,0,1,35,1
"org.apache.solr.common.params.TermVectorParams",0,0.00,0.00,10,0.16,3495.91,9,9,0,0,2,171.00,45,11,2,1,171.00,0.00,0.00,0.00,0,0.00,0,485.54,0,0,0,,0.00,0,0,0,0,0,0,0,10,101,1
"org.apache.solr.common.params.TermsParams",0,0.00,0.00,13,0.22,5274.68,11,11,1,0,5,171.00,32,13,5,1,171.00,0.00,0.00,0.00,0,0.00,0,651.20,0,0,0,,0.00,0,0,0,0,0,0,0,9,128,1
"org.apache.solr.common.params.TermsParams$TermsRegexpFlag",2,0.14,1.00,13,0.19,3980.79,9,7,1,2,0,83.77,13,24,0,1,115.99,0.00,0.00,0.07,0,2.00,1,576.30,0,0,0,java.lang.Object,0.00,0,0,2,0,0,2,0,4,131,2
"org.apache.solr.common.params.UpdateParams",0,0.00,0.00,12,0.16,2358.20,11,11,0,0,18,171.00,17,14,18,1,171.00,0.00,0.00,0.00,0,0.00,0,475.60,0,0,0,,0.00,0,0,0,0,0,0,0,10,96,1
"org.apache.solr.request.JSONWriterTest",3,0.00,1.00,34,0.44,11208.17,3,0,12,16,9,154.02,4,41,0,3,104.02,0.00,0.67,0.00,0,3.00,1,1309.51,1,0,9,org.apache.solr.SolrTestCaseJ4,0.00,13,2,3,0,13,3,0,2,254,1
"org.apache.solr.request.LocalSolrQueryRequest",5,1.00,1.80,25,0.49,25175.11,6,1,8,15,35,165.64,5,30,29,2,115.64,0.00,0.50,0.00,0,5.00,5,1472.60,0,1,6,org.apache.solr.request.SolrQueryRequestBase,0.00,10,1,9,0,10,4,0,3,289,1
"org.apache.solr.request.PerSegmentSingleValuedFaceting",3,0.36,7.00,113,1.78,227206.83,14,11,22,44,19,73.87,13,125,1,1,73.63,0.00,0.00,0.33,0,1.00,19,5344.29,0,1,19,java.lang.Object,0.00,41,0,21,0,41,2,0,13,801,0
"org.apache.solr.request.PerSegmentSingleValuedFaceting$Callable<SegFacet>",1,0.00,1.00,4,0.02,274.98,1,0,22,2,0,129.33,0,5,0,1,129.33,0.00,0.00,0.00,0,1.00,1,73.43,0,0,0,java.lang.Object,0.00,1,0,1,0,1,1,0,0,22,0
"org.apache.solr.request.PerSegmentSingleValuedFaceting$CountSortedFacetCollector",3,0.50,3.33,28,0.43,15800.84,9,6,22,12,4,145.71,6,35,0,2,105.82,0.00,0.50,0.50,0,2.00,5,1284.79,0,1,4,org.apache.solr.request.FacetCollector,0.00,9,1,10,0,9,2,0,6,254,0
"org.apache.solr.request.PerSegmentSingleValuedFaceting$FacetCollector",2,0.00,1.00,3,0.02,164.03,2,0,22,2,1,155.93,1,4,0,1,155.93,0.00,0.00,0.00,0,2.00,1,69.75,0,1,1,java.lang.Object,0.00,0,0,2,0,0,1,0,1,23,1
"org.apache.solr.request.PerSegmentSingleValuedFaceting$IndexSortedFacetCollector",3,0.20,2.33,22,0.23,6107.80,8,5,22,8,2,113.23,0,31,0,2,113.23,0.00,0.50,0.33,0,1.00,4,690.02,0,1,2,org.apache.solr.request.FacetCollector,0.00,5,1,7,0,5,2,0,0,154,0
"org.apache.solr.request.PerSegmentSingleValuedFaceting$PriorityQueue<SegFacet>",1,0.00,1.00,3,0.05,735.49,1,0,22,2,0,130.63,0,5,0,1,130.63,0.00,0.00,0.00,0,1.00,1,135.41,0,0,0,java.lang.Object,0.00,1,0,1,0,1,1,0,0,35,0
"org.apache.solr.request.PerSegmentSingleValuedFaceting$SegFacet",2,0.38,12.50,75,1.18,156959.44,10,8,22,12,4,73.61,9,94,0,1,73.38,0.00,0.00,0.31,0,2.00,24,3525.71,0,0,4,java.lang.Object,0.00,10,0,25,0,10,2,0,9,580,0
"org.apache.solr.request.ServletSolrParams",2,0.00,2.00,9,0.09,2883.15,2,0,2,5,3,163.39,4,13,2,3,123.51,0.00,0.67,0.00,0,2.00,3,273.92,0,1,1,org.apache.solr.common.params.MultiMapSolrParams,0.00,3,2,4,0,3,1,0,2,68,1
"org.apache.solr.request.SimpleFacets",18,0.11,9.94,579,11.99,1669935.38,31,13,30,177,53,26.73,194,778,6,1,75.21,0.00,0.00,0.18,4,0.00,40,35967.31,0,10,49,java.lang.Object,0.00,159,0,179,0,159,8,0,112,5360,1
"org.apache.solr.request.SimpleFacets$CountPair",4,0.33,2.50,15,0.25,8852.33,6,2,30,8,0,126.65,0,22,0,2,126.65,0.00,0.50,0.75,1,0.00,6,736.72,0,0,0,java.lang.Comparable,0.00,4,1,10,0,4,4,1,0,172,2
"org.apache.solr.request.SimpleFacets$DateRangeEndpointCalculator",5,1.00,1.20,17,0.23,4336.61,6,1,30,12,3,130.02,0,31,0,2,130.02,0.00,0.50,0.20,0,8.00,2,685.47,0,4,3,org.apache.solr.request.RangeEndpointCalculator,0.00,7,1,6,0,7,1,0,0,159,2
"org.apache.solr.request.SimpleFacets$DoubleRangeEndpointCalculator",3,0.00,1.00,7,0.08,1590.14,3,0,30,7,1,138.32,0,12,0,2,138.32,0.00,0.50,0.00,0,3.00,1,253.62,0,2,1,org.apache.solr.request.RangeEndpointCalculator,0.00,4,1,3,0,4,1,0,0,68,2
"org.apache.solr.request.SimpleFacets$Executor",1,0.00,1.00,3,0.02,131.59,1,0,30,2,0,136.51,0,4,0,1,136.51,0.00,0.00,0.00,0,1.00,1,47.86,0,0,0,java.lang.Object,0.00,1,0,1,0,1,1,0,0,16,0
"org.apache.solr.request.SimpleFacets$FloatRangeEndpointCalculator",3,0.00,1.00,7,0.08,1590.14,3,0,30,7,1,138.32,0,12,0,2,138.32,0.00,0.50,0.00,0,3.00,1,253.62,0,2,1,org.apache.solr.request.RangeEndpointCalculator,0.00,4,1,3,0,4,1,0,0,68,2
"org.apache.solr.request.SimpleFacets$IntegerRangeEndpointCalculator",3,0.00,1.00,7,0.08,1590.14,3,0,30,7,1,138.32,0,12,0,2,138.32,0.00,0.50,0.00,0,3.00,1,253.62,0,2,1,org.apache.solr.request.RangeEndpointCalculator,0.00,4,1,3,0,4,1,0,0,68,2
"org.apache.solr.request.SimpleFacets$LongRangeEndpointCalculator",3,0.00,1.00,7,0.08,1590.14,3,0,30,7,1,138.32,0,12,0,2,138.32,0.00,0.50,0.00,0,3.00,1,253.62,0,2,1,org.apache.solr.request.RangeEndpointCalculator,0.00,4,1,3,0,4,1,0,0,68,2
"org.apache.solr.request.SimpleFacets$RangeEndpointCalculator",8,0.71,1.38,22,0.33,6758.52,9,1,30,11,2,136.89,37,44,0,2,136.65,0.00,0.50,0.38,3,14.00,2,994.78,0,3,2,java.lang.Comparable,0.00,3,1,11,0,3,5,0,7,229,3
"org.apache.solr.request.SimpleFacetsTest",45,0.31,1.67,261,9.54,536614.66,48,3,5,51,1,162.71,63,1515,0,3,112.71,0.00,0.67,0.03,18,127.00,15,28632.27,6,0,1,org.apache.solr.SolrTestCaseJ4,0.00,6,2,75,0,6,45,0,62,4762,1
"org.apache.solr.request.SolrQueryRequest",11,0.00,1.00,12,0.06,330.79,11,0,6,11,211,199.25,31,13,207,1,159.36,0.00,0.00,0.00,0,11.00,1,171.53,0,7,5,,0.00,0,0,11,0,0,4,0,12,68,1
"org.apache.solr.request.SolrQueryRequestBase",14,0.01,1.36,43,0.38,7166.96,21,7,8,23,16,171.68,29,61,9,1,131.80,0.00,0.00,0.13,0,130.00,3,1125.16,0,8,7,java.lang.Object,0.00,9,0,19,1,9,6,1,13,284,2
"org.apache.solr.request.SolrRequestHandler",2,0.00,1.00,3,0.02,103.29,2,0,3,2,27,157.04,33,4,23,2,157.51,0.00,0.50,0.00,0,2.00,1,63.69,0,0,4,,0.00,0,1,2,0,0,2,0,3,22,1
"org.apache.solr.request.SolrRequestInfo",10,0.02,1.70,51,0.49,12445.09,16,6,8,26,14,120.43,3,71,10,1,120.43,0.00,0.00,0.15,0,58.00,4,1478.72,0,4,5,java.lang.Object,0.00,16,0,17,0,16,6,0,3,330,1
"org.apache.solr.request.TestBinaryResponseWriter",4,0.00,1.25,39,0.66,14471.80,4,0,14,35,10,147.22,9,48,0,3,107.33,0.00,0.67,0.00,0,4.00,2,1986.56,3,2,10,org.apache.solr.util.AbstractSolrTestCase,0.17,31,2,5,0,31,2,0,2,346,1
"org.apache.solr.request.TestFaceting",10,0.33,2.40,126,2.27,169055.20,12,2,10,35,7,147.25,17,194,0,3,97.25,0.00,0.67,0.20,4,26.00,8,6822.21,10,1,7,org.apache.solr.SolrTestCaseJ4,0.09,25,2,24,0,25,9,0,15,1184,1
"org.apache.solr.request.TestWriterPerf",10,0.04,1.90,90,1.46,60720.57,15,5,11,38,8,155.46,16,113,0,3,105.46,0.00,0.67,0.16,4,34.00,8,4394.85,5,4,8,org.apache.solr.util.AbstractSolrTestCase,0.29,28,2,19,0,28,6,0,16,770,1
"org.apache.solr.request.UnInvertedField",11,0.10,8.27,337,5.97,933267.80,18,7,26,88,30,47.22,147,387,5,2,76.60,0.00,0.50,0.23,2,0.00,33,17898.14,4,6,26,org.apache.lucene.index.DocTermOrds,0.08,77,1,91,0,77,5,0,98,2630,1
"org.apache.solr.request.UnInvertedField$PrimUtils.IntComparator",3,0.00,1.00,7,0.09,2044.59,3,0,26,3,0,137.46,0,13,0,1,137.46,0.00,0.00,0.00,0,3.00,1,274.78,0,0,0,java.lang.Object,0.00,0,0,3,0,0,3,0,0,73,0
"org.apache.solr.request.UnInvertedField$TopTerm",1,1.00,1.00,5,0.03,326.20,3,2,26,1,0,145.75,3,9,0,1,125.13,0.00,0.00,0.50,0,0.00,1,102.15,0,0,0,java.lang.Object,0.00,0,0,1,0,0,1,0,3,30,1
"org.apache.lucene.analysis.cn.smart.hhmm.AbstractDictionary",6,3.00,2.00,62,0.76,34784.63,9,3,1,10,2,113.03,106,71,2,1,103.90,0.00,0.00,0.00,0,6.00,3,2267.14,0,1,1,java.lang.Object,0.00,4,0,12,2,4,5,0,46,462,1
"org.apache.lucene.analysis.cn.smart.hhmm.BiSegGraph",8,0.05,2.88,114,1.57,132665.38,11,3,6,37,7,76.90,46,132,1,1,94.78,0.00,0.00,0.38,4,4.00,8,4712.72,0,3,6,java.lang.Object,0.00,29,0,23,0,29,5,0,18,838,0
"org.apache.lucene.analysis.cn.smart.hhmm.BigramDictionary",11,0.09,3.45,130,1.65,123058.45,18,7,13,36,4,120.60,37,175,2,2,99.99,0.00,0.50,0.22,5,7.00,8,4962.30,2,1,2,org.apache.lucene.analysis.cn.smart.hhmm.AbstractDictionary,0.00,25,1,38,0,25,10,0,23,944,0
"org.apache.lucene.analysis.cn.smart.hhmm.HHMMSegmenter",3,1.00,7.33,104,1.66,362717.58,4,1,5,20,8,53.25,42,130,1,1,73.39,0.00,0.00,0.33,2,4.00,19,4968.61,0,1,7,java.lang.Object,0.00,17,0,22,0,17,2,0,24,806,1
"org.apache.lucene.analysis.cn.smart.hhmm.PathNode",3,0.50,3.33,21,0.28,9423.85,5,2,0,5,2,111.90,13,38,2,1,111.66,0.00,0.00,0.83,0,0.00,6,846.13,0,0,0,java.lang.Object,0.00,2,0,10,0,2,3,1,3,186,0
"org.apache.lucene.analysis.cn.smart.hhmm.SegGraph",7,0.00,2.29,55,0.60,25356.99,9,2,4,16,3,93.39,40,70,2,1,111.26,0.00,0.00,0.50,2,0.00,4,1813.27,0,4,1,java.lang.Object,0.00,9,0,16,0,9,3,0,8,380,0
"org.apache.lucene.analysis.cn.smart.hhmm.SegToken",3,0.75,4.33,39,0.44,18953.76,9,6,2,5,8,61.62,38,52,7,1,99.18,0.00,0.00,0.67,0,1.00,10,1315.25,0,0,1,java.lang.Object,0.00,2,0,13,0,2,3,0,11,280,1
"org.apache.lucene.analysis.cn.smart.hhmm.SegTokenFilter",1,0.00,10.00,20,0.28,28192.25,1,0,2,1,4,126.20,21,27,2,1,86.90,0.00,0.00,0.00,0,1.00,10,849.20,0,1,3,java.lang.Object,0.00,0,0,10,0,0,0,0,6,160,1
"org.apache.lucene.analysis.cn.smart.hhmm.SegTokenPair",3,0.62,3.67,34,0.41,17552.87,7,4,1,6,2,84.32,16,46,2,1,102.19,0.00,0.00,0.67,0,1.00,8,1216.27,0,0,0,java.lang.Object,0.00,3,0,11,0,3,3,0,5,254,0
"org.apache.lucene.analysis.cn.smart.hhmm.WordDictionary",19,0.16,3.74,255,3.44,315453.20,25,6,14,48,5,53.62,136,325,3,2,95.91,0.00,0.50,0.32,11,0.00,8,10319.29,2,1,3,org.apache.lucene.analysis.cn.smart.hhmm.AbstractDictionary,0.00,29,1,71,0,29,18,0,55,1978,0
"org.apache.lucene.queryparser.flexible.standard.processors.AllowLeadingWildcardProcessor",5,0.00,2.20,20,0.28,10179.24,5,0,11,14,10,162.19,11,41,1,2,122.30,0.00,0.50,0.00,0,5.00,5,831.94,2,4,9,org.apache.lucene.queryparser.flexible.core.processors.QueryNodeProcessorImpl,0.00,9,1,11,0,9,1,0,3,180,1
"org.apache.lucene.queryparser.flexible.standard.processors.AnalyzerQueryNodeProcessor",5,2.00,7.40,137,1.90,339105.73,7,2,26,38,21,36.81,35,180,1,2,79.10,0.00,0.50,0.00,0,5.00,30,5698.92,2,4,20,org.apache.lucene.queryparser.flexible.core.processors.QueryNodeProcessorImpl,0.00,33,1,37,0,33,1,0,14,892,1
"org.apache.lucene.queryparser.flexible.standard.processors.BooleanSingleChildOptimizationQueryNodeProcessor",4,0.00,2.00,18,0.21,8910.25,4,0,8,8,7,161.90,9,33,1,2,122.02,0.00,0.50,0.00,0,4.00,5,635.02,0,3,6,org.apache.lucene.queryparser.flexible.core.processors.QueryNodeProcessorImpl,0.00,4,1,8,0,4,1,0,2,136,1
"org.apache.lucene.queryparser.flexible.standard.processors.BoostQueryNodeProcessor",3,0.00,2.33,17,0.25,10335.35,3,0,10,9,9,137.49,9,30,1,2,116.88,0.00,0.50,0.00,0,3.00,5,737.37,1,3,8,org.apache.lucene.queryparser.flexible.core.processors.QueryNodeProcessorImpl,0.00,6,1,7,0,6,0,0,1,150,1
"org.apache.lucene.queryparser.flexible.standard.processors.DefaultPhraseSlopQueryNodeProcessor",6,2.00,1.83,27,0.28,6898.08,8,2,9,8,8,164.19,12,46,1,2,124.30,0.00,0.50,0.00,0,6.00,3,833.85,3,4,7,org.apache.lucene.queryparser.flexible.core.processors.QueryNodeProcessorImpl,0.00,2,1,11,0,2,2,0,2,193,1
"org.apache.lucene.queryparser.flexible.standard.processors.FuzzyQueryNodeProcessor",3,0.00,2.33,17,0.23,9379.83,3,0,9,10,8,117.44,12,28,1,2,117.21,0.00,0.50,0.00,0,3.00,5,692.44,1,3,7,org.apache.lucene.queryparser.flexible.core.processors.QueryNodeProcessorImpl,0.00,7,1,7,0,7,0,0,1,143,1
"org.apache.lucene.queryparser.flexible.standard.processors.GroupQueryNodeProcessor",7,4.00,3.86,80,0.95,51874.75,11,4,17,24,14,141.25,17,103,3,1,101.37,0.00,0.00,0.00,4,7.00,10,2845.05,0,3,12,java.lang.Object,0.00,17,0,27,0,17,4,1,3,565,1
"org.apache.lucene.queryparser.flexible.standard.processors.LowercaseExpandedTermsQueryNodeProcessor",5,0.00,1.60,17,0.24,7971.16,5,0,13,10,12,167.76,11,34,1,2,127.87,0.00,0.50,0.00,0,5.00,3,726.61,2,4,11,org.apache.lucene.queryparser.flexible.core.processors.QueryNodeProcessorImpl,0.00,5,1,8,0,5,1,0,2,160,1
"org.apache.lucene.queryparser.flexible.standard.processors.MatchAllDocsQueryNodeProcessor",4,0.00,1.50,12,0.15,4426.07,4,0,8,9,8,169.02,8,24,1,2,129.14,0.00,0.50,0.00,0,4.00,3,436.65,0,3,7,org.apache.lucene.queryparser.flexible.core.processors.QueryNodeProcessorImpl,0.00,5,1,6,0,5,1,0,2,105,1
"org.apache.lucene.queryparser.flexible.standard.processors.MultiFieldQueryNodeProcessor",5,1.00,2.60,37,0.45,28998.79,6,1,10,14,8,130.24,16,55,1,2,109.62,0.00,0.50,0.00,0,5.00,8,1351.50,2,3,7,org.apache.lucene.queryparser.flexible.core.processors.QueryNodeProcessorImpl,0.00,9,1,13,0,9,2,0,3,260,1
"org.apache.lucene.queryparser.flexible.standard.processors.MultiTermRewriteMethodProcessor",3,1.00,1.67,13,0.16,4156.51,4,1,8,6,12,144.30,11,24,6,2,123.68,0.00,0.50,0.00,0,3.00,3,484.42,1,3,6,org.apache.lucene.queryparser.flexible.core.processors.QueryNodeProcessorImpl,0.00,3,1,5,0,3,0,0,6,109,1
"org.apache.lucene.queryparser.flexible.standard.processors.NumericQueryNodeProcessor",4,0.00,3.50,36,0.60,39527.13,4,0,17,24,14,71.44,24,67,1,2,103.66,0.00,0.50,0.00,0,4.00,11,1795.01,1,3,13,org.apache.lucene.queryparser.flexible.core.processors.QueryNodeProcessorImpl,0.00,20,1,14,0,20,1,0,3,304,1
"org.apache.lucene.queryparser.flexible.standard.processors.NumericRangeQueryNodeProcessor",4,0.00,6.00,47,0.90,71230.33,4,0,18,27,15,98.50,18,82,1,2,98.27,0.00,0.50,0.00,0,4.00,21,2697.85,1,3,14,org.apache.lucene.queryparser.flexible.core.processors.QueryNodeProcessorImpl,0.00,23,1,24,0,23,1,0,3,440,1
"org.apache.lucene.queryparser.flexible.standard.processors.OpenRangeQueryNodeProcessor",4,1.00,1.75,21,0.31,14436.50,5,1,7,11,7,116.78,0,36,1,2,116.78,0.00,0.50,0.25,0,6.00,4,934.04,0,3,6,org.apache.lucene.queryparser.flexible.core.processors.QueryNodeProcessorImpl,0.00,7,1,7,0,7,1,0,0,195,1
"org.apache.lucene.queryparser.flexible.standard.processors.PhraseSlopQueryNodeProcessor",4,0.00,1.50,12,0.13,4452.59,4,0,7,5,7,169.00,8,24,1,2,129.12,0.00,0.50,0.00,0,4.00,3,403.60,0,3,6,org.apache.lucene.queryparser.flexible.core.processors.QueryNodeProcessorImpl,0.00,1,1,6,0,1,1,0,2,100,1
"org.apache.lucene.queryparser.flexible.standard.processors.RemoveEmptyNonLeafQueryNodeProcessor",5,1.00,2.00,28,0.34,17957.05,6,1,8,15,7,156.66,13,46,1,2,116.77,0.00,0.50,0.00,0,5.00,4,1029.25,1,4,6,org.apache.lucene.queryparser.flexible.core.processors.QueryNodeProcessorImpl,0.00,10,1,10,0,10,1,0,2,217,1
"org.apache.lucene.queryparser.flexible.standard.processors.StandardQueryNodeProcessorPipeline",1,0.00,1.00,23,0.22,2901.55,1,0,8,21,27,92.47,16,26,3,2,92.94,1.00,0.33,0.00,0,1.00,1,653.41,1,0,26,org.apache.lucene.queryparser.flexible.core.processors.QueryNodeProcessorPipeline,0.00,20,1,1,1,20,1,0,1,136,1
"org.apache.lucene.queryparser.flexible.standard.processors.TermRangeQueryNodeProcessor",4,0.00,3.25,47,0.72,36314.06,4,0,15,24,9,68.49,26,67,1,2,100.71,0.00,0.50,0.00,0,4.00,10,2165.47,1,3,8,org.apache.lucene.queryparser.flexible.core.processors.QueryNodeProcessorImpl,0.00,20,1,13,0,20,1,0,7,359,1
"org.apache.lucene.queryparser.flexible.standard.processors.WildcardQueryNodeProcessor",6,0.00,3.50,41,0.59,36093.95,6,0,13,13,14,132.54,23,58,2,2,111.92,0.00,0.50,0.00,2,6.00,9,1765.23,0,3,12,org.apache.lucene.queryparser.flexible.core.processors.QueryNodeProcessorImpl,0.00,7,1,21,0,7,3,0,14,356,1
"org.apache.lucene.util.packed.Direct16",9,0.00,1.33,38,0.36,13323.87,11,2,4,11,4,173.51,12,49,2,2,123.51,0.00,0.50,0.50,0,0.00,4,1075.90,0,1,2,PackedInts.ReaderImpl,0.00,2,1,12,0,2,8,1,3,249,0
"org.apache.lucene.util.packed.Direct32",9,0.00,1.22,33,0.31,9452.37,11,2,4,11,4,179.36,11,46,2,2,129.36,0.00,0.50,0.50,0,0.00,3,944.91,0,0,2,PackedInts.ReaderImpl,0.00,2,1,11,0,2,9,1,2,226,0
"org.apache.lucene.util.packed.Direct64",9,0.00,1.11,30,0.27,5382.70,11,2,4,11,4,181.31,11,42,2,2,131.31,0.00,0.50,0.50,0,0.00,2,807.39,0,0,2,PackedInts.ReaderImpl,0.00,2,1,10,0,2,9,1,2,200,0
"org.apache.lucene.util.packed.Direct8",9,0.00,1.33,38,0.35,13183.71,11,2,4,11,4,173.55,12,49,2,2,123.55,0.00,0.50,0.50,0,0.00,4,1057.38,0,1,2,PackedInts.ReaderImpl,0.00,2,1,12,0,2,8,1,3,245,0
"org.apache.lucene.util.packed.GrowableWriter",11,0.07,1.45,52,0.50,16925.89,14,3,0,24,4,163.24,22,65,3,1,123.36,0.00,0.00,0.39,2,0.00,4,1485.14,0,3,1,java.lang.Object,0.00,13,0,16,0,13,8,1,2,336,1
"org.apache.lucene.util.packed.Packed32",10,0.15,1.40,102,1.47,101217.16,23,13,4,14,4,59.79,71,127,2,2,102.08,0.00,0.50,0.21,1,0.00,3,4424.15,0,1,2,PackedInts.ReaderImpl,0.00,4,1,14,0,4,9,1,28,902,0
"org.apache.lucene.util.packed.Packed64",10,0.15,1.20,98,1.45,94789.25,23,13,4,12,4,61.76,71,117,2,2,104.05,0.00,0.50,0.21,1,0.00,2,4345.93,0,1,2,PackedInts.ReaderImpl,0.00,2,1,12,0,2,9,1,29,881,0
"org.apache.lucene.util.packed.PackedInts",9,0.21,2.00,66,0.84,34651.67,12,3,7,23,41,61.08,89,95,29,1,111.08,0.00,0.00,0.15,2,19.00,4,2510.68,0,5,13,java.lang.Object,0.00,14,0,18,0,14,4,0,18,517,1
"org.apache.lucene.util.packed.PackedInts$Mutable",2,0.00,1.00,3,0.02,88.15,2,0,7,2,0,158.29,8,4,0,2,158.05,0.00,0.50,0.00,0,2.00,1,54.46,0,0,0,,0.00,0,1,2,0,0,2,0,2,20,2
"org.apache.lucene.util.packed.PackedInts$RandomAccessReaderIterator",1,0.00,1.00,2,0.02,92.15,1,0,7,1,0,144.54,4,3,0,2,144.30,0.00,0.50,0.00,0,1.00,1,46.46,0,0,0,,0.00,0,1,1,0,0,1,0,1,16,2
"org.apache.lucene.util.packed.PackedInts$Reader",5,0.00,1.00,6,0.02,75.37,5,0,7,5,0,143.85,28,7,0,1,161.72,0.00,0.00,0.00,0,5.00,1,61.44,0,1,0,,0.00,0,0,5,0,0,4,0,5,28,2
"org.apache.lucene.util.packed.PackedInts$ReaderImpl",6,0.30,1.00,17,0.12,2548.89,8,2,7,7,0,139.07,1,24,0,1,139.07,0.00,0.00,0.25,0,14.00,1,346.47,0,1,0,java.lang.Object,0.00,1,0,6,0,1,5,1,1,95,3
"org.apache.lucene.util.packed.PackedInts$ReaderIterator",5,0.00,1.00,6,0.03,139.41,5,0,7,5,0,209.62,7,7,0,2,159.62,0.00,0.50,0.00,0,5.00,1,85.97,0,0,0,,0.00,0,1,5,0,0,5,0,5,34,2
"org.apache.lucene.util.packed.PackedInts$Writer",3,3.00,1.00,14,0.13,2968.58,6,3,7,5,2,124.95,0,17,0,1,124.95,0.00,0.00,0.00,0,4.00,1,397.39,0,0,2,java.lang.Object,0.00,2,0,3,0,2,3,0,0,97,3
"org.apache.lucene.util.packed.PackedReaderIterator",8,0.32,1.88,81,0.96,61628.15,17,9,2,12,2,102.95,5,95,1,1,102.95,0.00,0.00,0.39,1,0.00,3,2894.72,0,0,1,java.lang.Object,0.00,4,0,15,0,4,8,1,5,555,1
"org.apache.lucene.util.packed.PackedWriter",4,0.42,2.25,40,0.45,27604.65,8,4,2,6,2,85.41,23,53,1,2,103.28,0.00,0.50,0.56,1,0.00,3,1352.51,0,1,2,PackedInts.Writer,0.00,2,1,9,0,2,3,0,17,272,0
"org.apache.lucene.util.packed.TestPackedInts",13,0.00,3.46,199,3.20,365183.55,13,0,6,76,10,91.81,11,248,0,2,91.81,0.00,0.50,0.00,4,13.00,15,9598.16,0,1,10,org.apache.lucene.util.LuceneTestCase,0.00,63,1,45,0,63,12,0,6,1685,1
"org.apache.lucene.util.encoding.ChunksIntEncoder",4,0.53,1.50,29,0.24,5436.60,9,5,2,9,4,85.33,55,35,2,2,114.71,3.00,0.20,0.60,1,0.00,2,729.50,2,0,2,org.apache.lucene.util.encoding.IntEncoder,0.22,5,1,6,3,5,4,0,7,168,2
"org.apache.lucene.util.encoding.DGapIntDecoder",4,0.17,1.25,15,0.13,2889.72,6,2,2,7,3,98.42,24,24,2,2,130.64,0.00,0.50,0.62,0,0.00,2,394.81,0,1,1,org.apache.lucene.util.encoding.IntDecoder,0.33,3,1,5,0,3,3,0,2,101,1
"org.apache.lucene.util.encoding.DGapIntEncoder",5,0.75,1.00,14,0.13,2049.29,6,1,2,9,9,106.98,32,24,5,3,139.20,0.00,0.67,0.40,0,1.00,1,384.28,1,1,4,org.apache.lucene.util.encoding.IntEncoderFilter,0.46,4,2,5,0,4,4,0,3,102,1
"org.apache.lucene.util.encoding.EightFlagsIntDecoder",3,0.50,2.33,34,0.31,11383.42,7,4,2,7,3,59.65,33,41,1,2,103.77,0.00,0.50,0.58,0,1.00,5,940.20,1,1,2,org.apache.lucene.util.encoding.IntDecoder,0.40,4,1,7,0,4,2,0,8,207,1
"org.apache.lucene.util.encoding.EightFlagsIntEncoder",4,1.00,1.50,16,0.17,3858.31,5,1,1,6,5,80.82,46,26,2,3,124.95,0.00,0.67,0.25,0,8.00,3,510.33,1,2,3,org.apache.lucene.util.encoding.ChunksIntEncoder,0.23,2,2,6,0,2,2,0,4,117,1
"org.apache.lucene.util.encoding.EncodingSpeed",3,0.31,3.67,91,20.98,383524.21,11,8,14,28,9,27.28,24,588,0,1,75.39,0.00,0.00,0.33,2,6.00,9,62949.82,0,0,9,java.lang.Object,0.00,25,0,11,0,25,3,0,6,5617,1
"org.apache.lucene.util.encoding.EncodingTest",12,0.41,1.58,80,10.25,212838.58,14,2,17,52,10,158.41,20,355,0,2,108.41,0.00,0.50,0.12,4,28.00,3,30741.26,0,0,10,org.apache.lucene.util.LuceneTestCase,0.00,40,1,19,0,40,12,0,5,3084,1
"org.apache.lucene.util.encoding.FourFlagsIntDecoder",3,0.50,2.33,35,0.33,12444.53,7,4,2,7,4,59.34,33,42,2,2,103.47,1.00,0.33,0.58,0,1.00,5,988.99,1,1,2,org.apache.lucene.util.encoding.IntDecoder,0.40,4,1,7,1,4,2,0,8,215,1
"org.apache.lucene.util.encoding.FourFlagsIntEncoder",4,1.00,1.50,16,0.22,5818.82,5,1,1,6,6,103.40,56,31,3,3,123.54,0.50,0.50,0.25,0,8.00,3,665.18,1,1,3,org.apache.lucene.util.encoding.ChunksIntEncoder,0.23,2,2,6,1,2,3,0,5,147,1
"org.apache.lucene.util.encoding.IntDecoder",2,2.00,1.00,6,0.05,582.92,4,2,2,2,18,142.93,34,8,18,1,133.79,0.00,0.00,0.00,0,2.00,1,143.20,0,0,0,java.lang.Object,0.00,0,0,2,6,0,2,0,6,40,2
"org.apache.lucene.util.encoding.IntEncoder",5,1.00,1.20,10,0.07,833.25,6,1,2,6,15,151.36,85,15,14,1,142.23,0.00,0.00,0.20,0,8.00,2,209.82,0,1,1,java.lang.Object,0.00,1,0,6,10,1,4,0,7,63,2
"org.apache.lucene.util.encoding.IntEncoderFilter",3,0.50,1.00,8,0.07,940.85,4,1,2,5,4,95.98,33,14,3,2,140.11,3.00,0.20,0.67,0,1.00,1,195.97,0,0,1,org.apache.lucene.util.encoding.IntEncoder,0.25,2,1,3,3,2,3,0,4,56,2
"org.apache.lucene.util.encoding.NOnesIntDecoder",4,0.00,2.25,23,0.21,8309.57,6,2,2,4,3,76.32,30,35,2,3,118.62,0.00,0.67,0.50,0,2.00,6,617.10,3,1,1,org.apache.lucene.util.encoding.FourFlagsIntDecoder,0.67,0,2,9,0,0,3,0,5,144,1
"org.apache.lucene.util.encoding.NOnesIntEncoder",6,0.10,1.67,26,0.24,7270.80,8,2,2,7,6,74.14,55,42,3,4,124.14,0.00,0.75,0.42,0,6.00,4,730.18,4,1,3,org.apache.lucene.util.encoding.FourFlagsIntEncoder,0.84,1,3,10,0,1,5,0,10,174,1
"org.apache.lucene.util.encoding.SimpleIntDecoder",2,1.00,2.50,18,0.23,13507.16,3,1,2,4,3,75.66,26,27,2,2,105.04,0.00,0.50,0.50,0,2.00,4,702.04,0,1,1,org.apache.lucene.util.encoding.IntDecoder,0.50,2,1,5,0,2,1,0,4,135,1
"org.apache.lucene.util.encoding.SimpleIntEncoder",3,0.00,1.00,10,0.11,2588.41,3,0,1,5,5,81.61,31,17,2,2,130.08,0.00,0.50,0.00,0,4.00,1,334.21,0,2,3,org.apache.lucene.util.encoding.IntEncoder,0.50,2,1,3,0,2,1,0,3,84,1
"org.apache.lucene.util.encoding.SortingIntEncoder",6,0.00,1.50,31,0.31,10554.35,9,3,3,12,7,119.51,25,43,4,3,119.28,0.00,0.67,0.33,0,2.00,3,941.62,2,1,3,org.apache.lucene.util.encoding.IntEncoderFilter,0.64,6,2,9,0,6,5,0,3,214,1
"org.apache.lucene.util.encoding.UniqueValuesIntEncoder",5,0.25,1.20,16,0.15,2880.97,7,2,2,8,8,99.20,30,27,5,3,131.42,0.00,0.67,0.30,0,1.00,2,456.55,1,1,3,org.apache.lucene.util.encoding.IntEncoderFilter,0.46,3,2,6,0,3,4,0,4,117,2
"org.apache.lucene.util.encoding.VInt8IntDecoder",2,1.00,3.00,18,0.16,7074.75,3,1,1,4,4,63.08,22,27,3,2,107.21,0.00,0.50,0.50,0,2.00,5,484.27,0,1,1,org.apache.lucene.util.encoding.IntDecoder,0.50,2,1,6,0,2,1,0,2,101,1
"org.apache.lucene.util.encoding.VInt8IntEncoder",3,0.00,2.33,26,0.39,37153.69,3,0,1,5,8,84.75,43,34,5,2,104.89,0.00,0.50,0.00,0,4.00,5,1172.02,0,2,3,org.apache.lucene.util.encoding.IntEncoder,0.50,2,1,7,0,2,1,0,2,245,1
"org.apache.solr.client.solrj.request.AbstractUpdateRequest",14,0.23,1.57,51,0.59,12732.38,16,2,7,23,11,129.80,9,74,5,2,129.80,2.00,0.25,0.29,2,26.00,4,1765.48,0,7,6,org.apache.solr.client.solrj.SolrRequest,0.08,9,1,22,2,9,7,0,4,411,2
"org.apache.solr.client.solrj.request.AbstractUpdateRequest$ACTION",0,0.00,0.00,2,0.01,23.26,0,0,7,0,0,171.00,0,4,0,1,171.00,0.00,0.00,0.00,0,0.00,0,15.51,0,0,0,java.lang.Object,0.00,0,0,0,0,0,0,0,0,6,1
"org.apache.solr.client.solrj.request.ContentStreamUpdateRequest",4,0.33,1.00,11,0.11,1370.60,5,1,7,7,4,107.59,25,17,1,3,139.81,0.00,0.67,0.75,1,0.00,1,319.73,0,1,3,org.apache.solr.client.solrj.request.AbstractUpdateRequest,0.10,3,2,4,0,3,3,0,4,83,1
"org.apache.solr.client.solrj.request.CoreAdminRequest",18,0.29,1.22,84,1.05,25648.24,21,3,13,51,16,173.66,19,129,8,2,123.66,4.00,0.17,0.06,1,34.00,3,3161.69,0,13,8,org.apache.solr.client.solrj.SolrRequest,0.13,33,1,22,4,33,5,0,15,691,1
"org.apache.solr.client.solrj.request.CoreAdminRequest$Create",10,0.06,1.50,40,0.37,12052.43,14,4,13,15,4,124.19,0,41,0,3,124.19,0.00,0.67,0.20,0,38.00,6,1119.43,0,5,4,org.apache.solr.client.solrj.request.CoreAdminRequest,0.08,5,2,15,0,5,5,0,0,253,2
"org.apache.solr.client.solrj.request.CoreAdminRequest$MergeIndexes",6,0.20,1.83,28,0.27,8809.73,8,2,13,10,4,123.46,0,39,0,3,123.46,0.00,0.67,0.33,0,10.00,6,815.92,0,3,4,org.apache.solr.client.solrj.request.CoreAdminRequest,0.08,4,2,11,0,4,3,0,0,182,2
"org.apache.solr.client.solrj.request.CoreAdminRequest$Persist",4,0.33,1.50,16,0.14,3445.05,5,1,13,8,4,125.34,0,24,0,3,125.34,0.00,0.67,0.75,0,0.00,3,419.59,0,2,4,org.apache.solr.client.solrj.request.CoreAdminRequest,0.09,4,2,6,0,4,2,0,0,100,2
"org.apache.solr.client.solrj.request.CoreAdminRequest$Unload",4,0.67,1.00,13,0.10,1401.68,5,1,13,5,4,133.16,0,19,0,3,133.16,0.00,0.67,0.50,0,6.00,1,302.19,1,1,4,org.apache.solr.client.solrj.request.CoreAdminRequest,0.09,1,2,4,0,1,3,0,0,81,2
"org.apache.solr.client.solrj.request.DirectXmlRequest",5,0.25,1.00,18,0.18,3524.21,7,2,9,11,9,180.77,6,30,2,2,130.77,0.00,0.50,0.30,0,10.00,1,546.15,0,3,7,org.apache.solr.client.solrj.SolrRequest,0.24,6,1,5,0,6,2,0,1,132,1
"org.apache.solr.client.solrj.request.DocumentAnalysisRequest",13,0.17,1.23,50,0.48,10392.77,16,3,14,31,12,98.07,85,68,3,2,130.30,0.00,0.50,0.18,1,59.00,3,1446.79,0,10,9,org.apache.solr.client.solrj.SolrRequest,0.16,18,1,16,0,18,3,0,16,338,1
"org.apache.solr.client.solrj.request.FieldAnalysisRequest",18,0.04,1.50,78,0.73,19639.93,23,5,12,34,11,92.30,113,108,3,2,124.53,0.00,0.50,0.17,1,102.00,4,2203.75,0,15,8,org.apache.solr.client.solrj.SolrRequest,0.13,16,1,27,0,16,3,0,21,501,1
"org.apache.solr.client.solrj.request.JavaBinUpdateRequestCodec",3,0.00,4.67,52,0.73,39986.02,3,0,11,26,11,42.27,28,63,3,1,92.27,0.00,0.00,0.00,1,3.00,7,2180.10,0,2,8,java.lang.Object,0.00,23,0,14,0,23,1,0,4,402,1
"org.apache.solr.client.solrj.request.JavaBinUpdateRequestCodec$JavaBinCodec",3,1.00,3.00,29,0.35,12132.86,4,1,11,12,5,146.63,6,34,0,1,106.75,0.00,0.00,0.33,1,4.00,4,1039.92,1,3,5,java.lang.Object,0.00,9,0,9,0,9,0,0,6,206,0
"org.apache.solr.client.solrj.request.JavaBinUpdateRequestCodec$StreamingDocumentHandler",1,0.00,1.00,2,0.01,71.82,1,0,11,1,2,145.15,0,3,0,1,145.15,0.00,0.00,0.00,0,1.00,1,38.61,0,0,2,,0.00,0,0,1,0,0,1,0,0,14,2
"org.apache.solr.client.solrj.request.LukeRequest",11,0.13,1.36,39,0.40,10326.36,14,3,12,22,9,179.72,14,64,1,2,129.72,0.00,0.50,0.21,0,36.00,4,1211.19,0,3,8,org.apache.solr.client.solrj.SolrRequest,0.17,11,1,15,0,11,8,0,8,279,1
"org.apache.solr.client.solrj.request.QueryRequest",7,0.50,1.71,29,0.30,9090.40,8,1,8,14,17,173.90,10,51,12,2,123.90,0.00,0.50,0.57,0,3.00,4,897.18,1,4,6,org.apache.solr.client.solrj.SolrRequest,0.32,7,1,12,0,7,3,0,4,206,1
"org.apache.solr.client.solrj.request.RequestWriter",7,1.00,1.43,27,0.32,7754.03,8,1,9,23,8,179.15,8,40,3,1,129.15,0.00,0.00,0.14,2,12.00,3,974.67,0,4,5,java.lang.Object,0.00,16,0,10,1,16,3,0,1,227,1
"org.apache.solr.client.solrj.request.RequestWriter$LazyContentStream",9,0.38,1.22,25,0.18,2725.63,11,2,9,17,2,140.19,0,38,0,1,140.19,0.00,0.00,0.17,1,19.00,3,547.77,0,7,2,java.lang.Object,0.00,8,0,11,0,8,2,1,0,152,1
"org.apache.solr.client.solrj.request.SolrPing",4,0.67,1.00,15,0.15,2931.69,5,1,8,10,7,180.64,5,26,2,2,130.64,0.00,0.50,0.50,0,4.00,1,436.87,0,3,6,org.apache.solr.client.solrj.SolrRequest,0.25,6,1,4,0,6,1,0,1,105,1
"org.apache.solr.client.solrj.request.TestUpdateRequestCodec",3,0.00,2.67,91,1.49,82199.68,3,0,14,34,4,80.96,14,105,0,2,80.73,0.00,0.50,0.00,1,3.00,3,4462.66,0,0,4,org.apache.lucene.util.LuceneTestCase,0.00,31,1,8,0,31,3,0,8,728,1
"org.apache.solr.client.solrj.request.TestUpdateRequestCodec$Iterable<String>",1,0.00,1.00,3,0.02,300.08,1,0,14,2,0,133.69,0,2,0,1,133.69,0.00,0.00,0.00,0,1.00,1,69.84,0,1,0,java.lang.Object,0.00,1,0,1,0,1,0,0,0,21,0
"org.apache.solr.client.solrj.request.TestUpdateRequestCodec$JavaBinUpdateRequestCodec.StreamingDocumentHandler",1,0.00,1.00,4,0.04,335.76,1,0,14,4,2,128.65,0,5,0,1,128.65,0.00,0.00,0.00,0,1.00,1,109.28,0,0,2,java.lang.Object,0.00,3,0,1,0,3,1,0,0,30,0
"org.apache.solr.client.solrj.request.TestUpdateRequestCodec$JavaBinUpdateRequestCodec.StreamingDocumentHandler_0",1,0.00,1.00,4,0.04,335.76,1,0,14,4,2,128.65,0,5,0,1,128.65,0.00,0.00,0.00,0,1.00,1,109.28,0,0,2,java.lang.Object,0.00,3,0,1,0,3,1,0,0,30,0
"org.apache.solr.client.solrj.request.UpdateRequest",19,0.04,2.32,110,1.25,50643.94,23,4,13,37,27,157.64,43,164,20,3,117.76,0.00,0.67,0.21,3,136.00,14,3749.27,0,14,7,org.apache.solr.client.solrj.request.AbstractUpdateRequest,0.27,18,2,44,0,18,5,0,21,785,1
"org.apache.solr.client.solrj.request.UpdateRequest$Deprecated",0,0.00,0.00,2,0.01,99.06,0,0,13,0,0,171.00,0,4,0,1,171.00,0.00,0.00,0.00,0,0.00,0,31.70,0,0,0,java.lang.Object,0.00,0,0,0,0,0,0,0,0,10,1
"org.apache.lucene.analysis.cjk.CJKAnalyzer",4,1.00,1.25,12,0.13,1960.11,5,1,8,7,6,99.74,26,19,1,3,131.97,0.00,0.67,0.00,0,6.00,2,386.69,0,2,5,org.apache.lucene.analysis.util.StopwordAnalyzerBase,0.00,3,2,5,0,3,2,0,5,97,2
"org.apache.lucene.analysis.cjk.CJKAnalyzer$DefaultSetHolder",0,0.00,0.00,6,0.05,853.95,1,1,8,0,1,171.00,2,10,0,1,171.00,0.00,0.00,0.00,0,0.00,0,164.39,0,0,1,java.lang.Object,0.00,0,0,0,0,0,0,0,2,40,2
"org.apache.lucene.analysis.cjk.CJKTokenizer",7,0.15,4.43,121,1.38,127602.40,23,16,7,16,8,53.64,88,158,3,4,91.21,0.00,0.75,0.19,1,10.00,25,4140.04,2,0,5,org.apache.lucene.analysis.Tokenizer,0.50,9,3,31,0,9,7,0,46,724,2
"org.apache.lucene.analysis.cjk.TestCJKTokenizer",16,0.00,1.12,95,2.45,78894.40,16,0,3,18,4,115.82,14,210,0,3,115.82,0.00,0.67,0.00,3,16.00,2,7345.82,3,1,4,org.apache.lucene.analysis.BaseTokenStreamTestCase,0.00,2,2,18,0,2,15,0,5,1402,1
"org.apache.lucene.analysis.cjk.TestCJKTokenizer$TestToken",0,0.00,0.00,5,0.02,128.13,4,4,3,0,0,171.00,0,6,0,1,171.00,0.00,0.00,0.00,0,0.00,0,66.44,0,0,0,java.lang.Object,0.00,0,0,0,0,0,0,0,0,20,0
"org.apache.lucene.search.spell.Dictionary",1,0.00,1.00,2,0.01,54.30,1,0,1,1,5,97.63,10,3,5,1,146.11,0.00,0.00,0.00,0,1.00,1,29.65,0,1,0,,0.00,0,0,1,0,0,0,0,2,12,1
"org.apache.lucene.search.spell.DirectSpellChecker",24,0.02,2.00,139,2.25,181428.10,34,10,19,69,19,71.93,181,187,2,1,114.23,0.00,0.00,0.08,1,252.00,13,6750.01,0,3,17,java.lang.Object,0.00,45,0,48,0,45,21,0,44,1181,1
"org.apache.lucene.search.spell.DirectSpellChecker$ScoreTerm",3,0.00,4.00,23,0.31,11021.42,8,5,19,8,0,111.08,1,33,0,1,111.08,0.00,0.00,0.20,0,0.00,7,934.87,0,0,0,java.lang.Object,0.00,5,0,12,0,5,3,1,1,206,2
"org.apache.lucene.search.spell.DirectSpellChecker$StringDistance",1,0.00,1.00,3,0.02,202.31,1,0,19,2,0,135.04,0,3,0,1,135.04,0.00,0.00,0.00,0,1.00,1,63.51,0,0,0,java.lang.Object,0.00,1,0,1,0,1,1,0,0,19,0
"org.apache.lucene.search.spell.HighFrequencyDictionary",2,4.00,1.00,12,0.11,1798.35,6,4,9,4,10,100.84,10,15,3,1,118.71,0.00,0.00,0.00,0,2.00,1,330.31,0,1,7,java.lang.Object,0.00,2,0,2,0,2,1,1,1,80,1
"org.apache.lucene.search.spell.HighFrequencyDictionary$HighFrequencyIterator",6,0.15,3.00,41,0.38,10655.33,10,4,9,14,6,116.13,2,63,0,1,116.13,0.00,0.00,0.38,1,6.00,8,1130.72,0,1,6,java.lang.Object,0.00,8,0,18,0,8,5,2,2,249,1
"org.apache.lucene.search.spell.JaroWinklerDistance",4,1.00,4.50,74,0.95,150753.20,5,1,1,9,5,127.68,10,75,4,1,87.79,0.00,0.00,0.25,1,6.00,13,2842.95,0,0,1,java.lang.Object,0.00,5,0,18,0,5,4,1,2,516,1
"org.apache.lucene.search.spell.LevensteinDistance",2,0.00,4.00,43,0.47,67213.86,2,0,0,7,7,133.54,54,43,6,1,85.71,0.00,0.00,0.00,0,2.00,7,1395.97,0,0,1,java.lang.Object,0.00,5,0,8,0,5,2,1,19,256,2
"org.apache.lucene.search.spell.LuceneDictionary",2,2.00,1.00,9,0.08,1144.79,4,2,8,3,9,108.95,10,12,2,1,126.83,0.00,0.00,0.00,0,2.00,1,225.69,0,1,7,java.lang.Object,0.00,1,0,2,0,1,1,1,1,59,1
"org.apache.lucene.search.spell.LuceneDictionary$LuceneIterator",4,0.22,2.00,23,0.22,5263.97,7,3,8,12,5,120.20,0,34,0,1,120.20,0.00,0.00,0.50,0,0.00,3,648.76,0,1,5,java.lang.Object,0.00,8,0,8,0,8,3,1,0,146,1
"org.apache.lucene.search.spell.NGramDistance",3,1.00,6.33,83,0.94,209721.28,4,1,0,9,4,97.17,54,82,3,1,79.03,0.00,0.00,0.33,0,4.00,17,2823.53,0,0,1,java.lang.Object,0.00,6,0,19,0,6,3,1,21,502,1
"org.apache.lucene.search.spell.PlainTextDictionary",4,0.11,1.00,13,0.11,1454.02,7,3,2,8,3,172.92,11,18,2,1,133.04,0.00,0.00,0.25,0,0.00,1,344.91,0,1,1,java.lang.Object,0.00,4,0,4,0,4,3,1,2,90,1
"org.apache.lucene.search.spell.PlainTextDictionary$fileIterator",3,0.00,2.00,14,0.11,2140.06,3,0,2,5,0,125.91,0,21,0,1,125.91,0.00,0.00,0.00,1,1.00,3,319.69,0,1,0,java.lang.Object,0.00,2,0,6,0,2,2,1,0,78,1
"org.apache.lucene.search.spell.SortedIterator",0,0.00,0.00,1,0.00,12.00,0,0,1,0,1,171.00,4,2,1,1,171.00,0.00,0.00,0.00,0,0.00,0,8.00,0,0,0,,0.00,0,0,0,0,0,0,0,1,4,1
"org.apache.lucene.search.spell.SpellChecker",33,0.02,2.15,245,3.25,237141.52,45,12,29,90,35,60.83,284,312,8,1,108.93,0.00,0.00,0.06,12,391.00,18,9737.58,0,10,27,java.lang.Object,0.00,57,0,71,1,57,23,1,78,1798,1
"org.apache.lucene.search.spell.SpellChecker$ReaderUtil.Gather",1,0.00,2.00,4,0.07,1271.74,1,0,29,4,2,123.94,0,7,0,1,123.94,0.00,0.00,0.00,0,0.00,2,199.64,0,0,2,java.lang.Object,0.00,3,0,2,0,3,1,0,0,47,0
"org.apache.lucene.search.spell.StringDistance",1,0.00,1.00,2,0.01,60.60,1,0,0,1,15,193.56,27,3,15,1,145.73,0.00,0.00,0.00,0,1.00,1,35.00,0,0,0,,0.00,0,0,1,0,0,1,0,3,13,1
"org.apache.lucene.search.spell.SuggestMode",0,0.00,0.00,2,0.01,29.48,0,0,0,0,6,171.00,23,4,6,1,171.00,0.00,0.00,0.00,0,0.00,0,19.65,0,0,0,java.lang.Object,0.00,0,0,0,0,0,0,1,3,7,1
"org.apache.lucene.search.spell.SuggestWord",0,0.00,0.00,4,0.02,179.25,3,3,0,0,11,171.00,32,5,11,1,171.00,0.00,0.00,0.00,0,0.00,0,71.70,0,0,0,java.lang.Object,0.00,0,0,0,0,0,0,0,5,20,2
"org.apache.lucene.search.spell.SuggestWordFrequencyComparator",1,0.00,5.00,11,0.12,5042.84,1,0,1,2,4,149.90,23,17,3,1,102.63,0.00,0.00,0.00,0,1.00,5,348.35,0,0,1,java.lang.Object,0.00,1,0,5,0,1,1,1,5,83,1
"org.apache.lucene.search.spell.SuggestWordQueue",3,0.00,1.00,12,0.13,2781.93,5,2,2,5,8,107.30,16,17,5,2,125.18,0.00,0.50,0.50,0,1.00,1,393.72,0,0,3,org.apache.lucene.util.PriorityQueue,0.00,2,1,3,0,2,3,0,3,95,2
"org.apache.lucene.search.spell.SuggestWordScoreComparator",1,0.00,5.00,11,0.12,5042.84,1,0,1,2,2,60.33,7,17,1,1,102.63,0.00,0.00,0.00,0,1.00,5,348.35,0,0,1,java.lang.Object,0.00,1,0,5,0,1,1,1,4,83,1
"org.apache.lucene.search.spell.TermFreqIterator",1,0.00,1.00,3,0.02,350.45,1,0,1,1,11,133.16,0,4,11,1,133.16,0.00,0.00,0.00,0,1.00,1,70.82,0,0,0,,0.00,0,0,1,0,0,1,0,0,21,1
"org.apache.lucene.search.spell.TermFreqIterator$TermFreqIteratorWrapper",5,0.75,1.00,12,0.08,1036.81,6,1,1,9,1,141.53,0,18,0,1,141.53,0.00,0.00,0.40,0,7.00,1,249.69,0,1,1,java.lang.Object,0.00,4,0,5,0,4,4,1,0,73,2
"org.apache.lucene.search.spell.TestDirectSpellChecker",3,0.00,2.33,109,1.89,115850.42,3,0,10,27,12,97.25,9,128,0,2,76.63,0.00,0.50,0.00,0,3.00,4,5673.10,0,0,12,org.apache.lucene.util.LuceneTestCase,0.00,24,1,7,0,24,3,0,9,946,1
"org.apache.lucene.search.spell.TestJaroWinklerDistance",1,0.00,1.00,23,0.36,12643.14,2,1,1,4,2,87.90,0,25,0,2,87.90,0.00,0.50,1.00,0,0.00,1,1078.65,0,0,2,org.apache.lucene.util.LuceneTestCase,0.00,3,1,1,0,3,1,0,0,196,1
"org.apache.lucene.search.spell.TestLevenshteinDistance",2,0.00,1.00,26,0.34,8526.29,3,1,1,6,2,100.86,0,29,0,2,100.86,0.00,0.50,1.00,0,0.00,1,1033.78,0,0,2,org.apache.lucene.util.LuceneTestCase,0.00,4,1,2,0,4,2,0,0,199,1
"org.apache.lucene.search.spell.TestLuceneDictionary",8,0.61,1.88,115,1.53,56271.93,12,4,10,32,9,147.81,9,136,0,2,97.81,0.00,0.50,0.78,0,0.00,3,4582.85,2,0,9,org.apache.lucene.util.LuceneTestCase,0.00,24,1,15,0,24,8,0,5,872,1
"org.apache.lucene.search.spell.TestNGramDistance",4,0.00,1.00,100,1.48,51227.16,4,0,1,8,2,86.51,0,105,0,2,86.51,0.00,0.50,0.00,0,4.00,1,4432.45,0,0,2,org.apache.lucene.util.LuceneTestCase,0.00,4,1,4,0,4,4,0,0,766,1
"org.apache.lucene.search.spell.TestPlainTextDictionary",1,0.00,1.00,14,0.19,5291.78,1,0,4,11,3,99.16,4,16,0,2,98.92,0.00,0.50,0.00,0,1.00,1,567.34,0,0,3,org.apache.lucene.util.LuceneTestCase,0.00,10,1,1,0,10,1,0,1,109,1
"org.apache.lucene.search.spell.TestSpellChecker",16,0.17,2.12,273,3.85,179161.27,20,4,20,69,19,113.66,54,338,1,2,93.04,0.00,0.50,0.41,8,0.00,6,11544.71,2,0,18,org.apache.lucene.util.LuceneTestCase,0.00,53,1,34,0,53,16,0,49,2098,1
"org.apache.lucene.search.spell.TestSpellChecker$SpellCheckWorker",2,0.33,2.50,17,0.12,2221.28,5,3,20,4,2,113.12,0,26,0,1,113.12,0.00,0.00,0.50,0,2.00,4,355.64,0,0,2,java.lang.Object,0.00,2,0,5,0,2,2,1,0,86,1
"org.apache.lucene.search.spell.TestSpellChecker$SpellCheckerMock",4,0.00,1.00,11,0.11,1556.15,4,0,20,5,5,139.38,0,18,0,2,139.38,0.00,0.50,0.00,0,4.00,1,333.71,1,1,5,org.apache.lucene.search.spell.SpellChecker,0.00,1,1,4,0,1,3,0,0,86,0
"org.apache.lucene.queryparser.flexible.core.config.AbstractQueryConfig",5,1.00,2.00,22,0.28,7902.69,6,1,1,10,3,75.09,43,34,2,1,123.19,0.00,0.00,0.00,2,5.00,3,850.85,0,0,1,java.lang.Object,0.00,5,0,10,4,5,5,0,6,190,2
"org.apache.lucene.queryparser.flexible.core.config.ConfigurationKey",2,0.00,1.00,4,0.03,729.29,2,0,0,3,5,129.24,30,6,5,1,139.60,0.00,0.00,0.00,0,2.00,1,103.70,0,1,0,java.lang.Object,0.00,1,0,2,0,1,1,0,3,32,2
"org.apache.lucene.queryparser.flexible.core.config.FieldConfig",3,1.00,1.33,10,0.09,1389.59,4,1,0,4,12,83.67,30,17,11,2,132.14,0.00,0.50,0.00,0,3.00,2,265.96,1,2,1,org.apache.lucene.queryparser.flexible.core.config.AbstractQueryConfig,0.00,1,1,4,0,1,1,0,4,69,1
"org.apache.lucene.queryparser.flexible.core.config.FieldConfigListener",1,0.00,1.00,2,0.01,30.51,1,0,0,1,5,185.12,30,3,4,1,148.08,0.00,0.00,0.00,0,1.00,1,25.51,0,0,1,,0.00,0,0,1,0,0,1,0,3,11,1
"org.apache.lucene.queryparser.flexible.core.config.QueryConfigHandler",2,1.00,1.50,10,0.10,2263.90,3,1,3,7,29,138.92,36,13,25,2,120.79,2.00,0.25,0.00,0,2.00,2,314.68,0,0,5,org.apache.lucene.queryparser.flexible.core.config.AbstractQueryConfig,0.00,5,1,3,2,5,2,0,3,75,2
"org.apache.lucene.util.mutable.MutableValue",10,1.00,1.30,25,0.26,6425.12,11,1,0,15,57,137.60,1,35,57,1,137.60,0.00,0.00,0.10,3,18.00,3,772.78,0,3,0,java.lang.Object,0.00,5,0,13,7,5,7,1,1,195,2
"org.apache.lucene.util.mutable.MutableValueBool",6,0.20,2.17,23,0.26,7149.50,7,1,0,7,6,128.80,0,36,5,2,128.80,0.00,0.50,0.83,0,0.00,5,781.94,0,1,1,org.apache.lucene.util.mutable.MutableValue,0.50,1,1,13,0,1,5,0,0,188,1
"org.apache.lucene.util.mutable.MutableValueDate",2,0.00,1.50,8,0.08,1652.07,2,0,1,4,5,125.48,0,13,3,3,125.48,0.00,0.67,0.00,0,2.00,2,226.48,0,1,2,org.apache.lucene.util.mutable.MutableValueLong,0.33,2,2,3,0,2,1,0,0,58,1
"org.apache.lucene.util.mutable.MutableValueDouble",6,0.20,1.67,26,0.29,7468.68,7,1,0,9,9,124.05,0,39,8,2,124.05,0.00,0.50,0.83,0,0.00,4,874.00,0,2,1,org.apache.lucene.util.mutable.MutableValue,0.38,3,1,10,0,3,4,0,0,207,1
"org.apache.lucene.util.mutable.MutableValueFloat",6,0.20,1.67,24,0.26,7255.12,7,1,0,9,13,124.15,0,37,12,2,124.15,0.00,0.50,0.83,0,0.00,4,794.30,0,1,1,org.apache.lucene.util.mutable.MutableValue,0.50,3,1,10,0,3,5,0,0,189,1
"org.apache.lucene.util.mutable.MutableValueInt",6,0.20,1.83,25,0.29,9715.01,7,1,0,7,11,123.13,1,39,10,2,123.13,0.00,0.50,0.83,0,0.00,5,870.11,0,1,1,org.apache.lucene.util.mutable.MutableValue,0.50,1,1,11,0,1,5,0,1,205,1
"org.apache.lucene.util.mutable.MutableValueLong",6,0.20,1.83,25,0.28,8436.66,7,1,0,7,11,123.61,0,38,10,2,123.61,1.00,0.33,0.83,0,0.00,5,835.73,0,1,1,org.apache.lucene.util.mutable.MutableValue,0.50,1,1,11,1,1,5,0,0,199,1
"org.apache.lucene.util.mutable.MutableValueStr",6,0.00,1.67,24,0.28,7617.68,7,1,1,13,8,123.98,0,37,6,2,123.98,0.00,0.50,1.00,0,0.00,4,835.05,0,1,2,org.apache.lucene.util.mutable.MutableValue,0.50,7,1,10,0,7,5,0,0,198,1
"org.apache.lucene.facet.index.CategoryContainer",18,0.59,1.94,94,0.94,27772.47,19,1,14,42,14,87.44,116,126,8,1,119.67,0.00,0.00,0.44,6,34.00,5,2826.11,0,8,6,java.lang.Object,0.00,24,0,35,0,24,10,2,19,629,1
"org.apache.lucene.facet.index.CategoryContainerTest",10,0.00,2.30,121,1.49,54618.75,10,0,15,32,10,101.36,45,158,0,3,101.12,0.00,0.67,0.00,0,0.00,4,4477.84,0,0,10,org.apache.lucene.facet.index.CategoryContainerTestBase,0.00,22,2,23,0,22,10,0,11,838,1
"org.apache.lucene.facet.index.CategoryContainerTestBase",1,0.00,2.00,14,0.15,4057.43,3,2,4,4,3,99.20,16,15,1,2,99.67,5.00,0.14,1.00,0,0.00,2,446.86,0,0,2,org.apache.lucene.util.LuceneTestCase,0.00,3,1,2,5,3,1,0,1,93,2
"org.apache.lucene.facet.index.CategoryDocumentBuilder",10,0.06,1.60,54,0.66,17178.66,14,4,25,35,32,118.87,165,81,13,1,119.34,0.00,0.00,0.20,6,30.00,3,1985.18,0,7,19,java.lang.Object,0.00,25,0,16,1,25,3,1,32,411,1
"org.apache.lucene.facet.index.CategoryListPayloadStream",4,0.33,1.25,17,0.14,1959.14,6,2,3,10,4,95.09,27,24,3,1,127.31,0.00,0.00,0.75,0,0.00,2,412.09,0,0,1,java.lang.Object,0.00,6,0,5,0,6,4,0,7,107,1
"org.apache.lucene.facet.index.CategoryListPayloadStreamTest",1,0.00,1.00,32,0.48,22820.64,1,0,10,14,7,113.92,20,38,0,2,80.53,0.00,0.50,0.00,0,1.00,1,1435.07,0,0,7,org.apache.lucene.util.LuceneTestCase,0.00,13,1,1,0,13,1,0,2,263,1
"org.apache.lucene.facet.index.DummyProperty",4,0.00,1.25,11,0.08,1002.13,4,0,1,5,7,141.06,19,21,6,1,140.83,0.00,0.00,0.00,0,4.00,2,235.09,1,1,1,java.lang.Object,0.00,1,0,5,0,1,3,1,2,66,1
"org.apache.lucene.facet.index.FacetsPayloadProcessorProvider",2,1.00,1.50,12,0.11,1559.51,4,2,15,3,9,101.02,79,18,1,2,119.11,0.00,0.50,1.00,0,0.00,2,324.89,0,1,8,org.apache.lucene.index.PayloadProcessorProvider,0.00,1,1,3,0,1,1,0,4,79,1
"org.apache.lucene.facet.index.FacetsPayloadProcessorProvider$FacetsDirPayloadProcessor",2,0.50,2.00,13,0.17,3956.40,4,2,15,8,4,136.47,6,18,0,2,115.86,0.00,0.50,0.75,0,0.00,2,511.75,0,1,4,org.apache.lucene.index.DirPayloadProcessor,0.00,6,1,4,0,6,1,0,2,111,2
"org.apache.lucene.facet.index.FacetsPayloadProcessorProvider$FacetsPayloadProcessor",2,1.00,1.50,23,0.29,8052.13,6,4,15,12,4,143.56,5,28,0,2,103.67,0.00,0.50,0.75,0,0.00,2,881.39,0,0,4,org.apache.lucene.index.PayloadProcessor,0.00,10,1,3,0,10,2,0,2,176,2
"org.apache.lucene.facet.index.FacetsPayloadProcessorProviderTest",3,0.50,2.67,56,0.77,27744.70,4,1,23,41,19,74.85,17,59,0,2,92.72,0.00,0.50,0.67,2,1.00,4,2324.25,0,0,19,org.apache.lucene.util.LuceneTestCase,0.00,38,1,8,0,38,3,0,2,414,1
"org.apache.solr.client.solrj.embedded.EmbeddedSolrServer",4,0.33,5.75,70,1.18,82209.88,7,3,31,47,30,42.63,32,111,4,2,90.74,0.00,0.50,0.58,1,0.00,15,3535.83,0,2,26,org.apache.solr.client.solrj.SolrServer,0.00,43,1,23,0,43,2,0,9,582,1
"org.apache.solr.client.solrj.embedded.EmbeddedSolrServer$BinaryResponseWriter.Resolver",1,0.00,1.00,8,0.11,2619.55,1,0,31,10,3,150.28,2,10,0,1,110.40,0.00,0.00,0.00,0,1.00,1,343.94,0,0,3,java.lang.Object,0.00,9,0,1,0,9,1,0,2,76,0
"org.apache.solr.client.solrj.embedded.EmbeddedSolrServer$JavaBinCodec",2,0.00,1.50,12,0.16,4950.42,2,0,31,12,2,115.16,1,17,0,1,115.16,0.00,0.00,0.00,0,2.00,2,480.29,1,0,2,java.lang.Object,0.00,10,0,3,0,10,2,0,1,105,0
"org.apache.solr.client.solrj.embedded.JettySolrRunner",8,0.11,1.88,51,0.54,12586.35,13,5,15,33,12,137.27,24,70,11,1,116.65,0.00,0.00,0.10,2,8.00,4,1629.16,0,0,1,java.lang.Object,0.00,25,0,15,0,25,8,0,12,347,1
"org.apache.solr.client.solrj.embedded.JettySolrRunner$LifeCycle.Listener",5,0.00,1.40,15,0.17,2379.17,5,0,15,11,2,132.04,0,23,0,1,132.04,0.00,0.00,0.00,0,11.00,3,509.66,0,0,2,java.lang.Object,0.00,6,0,7,0,6,5,0,0,121,0
"org.apache.solr.client.solrj.embedded.JettySolrRunner$NoLog",11,0.40,1.18,21,0.22,4272.49,13,2,15,14,0,150.57,0,36,0,1,150.57,0.00,0.00,0.14,0,34.00,2,666.91,0,2,0,java.lang.Object,0.00,3,0,13,0,3,9,1,0,178,0
"org.apache.solr.client.solrj.embedded.JettySolrRunner$Servlet404",1,0.00,1.00,3,0.04,610.98,1,0,15,3,0,131.26,0,7,0,2,131.26,0.00,0.50,0.00,0,1.00,1,132.02,0,0,0,javax.servlet.http.HttpServlet,0.00,2,1,1,0,2,1,0,0,33,2
"org.apache.solr.client.solrj.embedded.JettyWebappTest",3,0.50,1.33,39,0.58,18906.36,6,3,12,28,2,81.59,15,51,0,2,99.46,0.00,0.50,0.67,0,0.00,2,1732.01,2,0,2,org.apache.lucene.util.LuceneTestCase,0.00,25,1,4,0,25,3,0,12,327,1
"org.apache.solr.client.solrj.embedded.LargeVolumeBinaryJettyTest",1,0.00,1.00,3,0.03,411.02,1,0,3,1,2,132.85,4,6,0,5,132.62,0.00,0.80,0.00,0,1.00,1,91.51,1,0,2,org.apache.solr.client.solrj.LargeVolumeTestBase,0.00,0,4,1,0,0,1,0,1,25,1
"org.apache.solr.client.solrj.embedded.LargeVolumeEmbeddedTest",1,0.00,1.00,3,0.04,532.41,1,0,3,1,2,131.73,0,6,0,5,131.73,0.00,0.80,0.00,0,1.00,1,109.52,1,0,2,org.apache.solr.client.solrj.LargeVolumeTestBase,0.00,0,4,1,0,0,1,0,0,29,1
"org.apache.solr.client.solrj.embedded.LargeVolumeJettyTest",1,0.00,1.00,3,0.03,411.02,1,0,3,1,2,132.62,0,6,0,5,132.62,0.00,0.80,0.00,0,1.00,1,91.51,1,0,2,org.apache.solr.client.solrj.LargeVolumeTestBase,0.00,0,4,1,0,0,1,0,0,25,1
"org.apache.solr.client.solrj.embedded.MergeIndexesEmbeddedTest",6,0.00,1.00,20,0.20,3304.74,6,0,4,13,4,181.62,7,33,0,5,131.62,0.00,0.80,0.00,0,0.00,1,602.43,2,5,4,org.apache.solr.client.solrj.MergeIndexesExampleTestBase,0.42,7,4,6,0,7,1,0,2,148,1
"org.apache.solr.client.solrj.embedded.MultiCoreEmbeddedTest",5,0.00,1.00,15,0.15,2489.14,5,0,3,9,3,181.96,7,30,0,5,131.96,0.00,0.80,0.00,0,0.00,1,462.25,2,4,3,org.apache.solr.client.solrj.MultiCoreExampleTestBase,0.36,4,4,5,0,4,1,0,2,115,1
"org.apache.solr.client.solrj.embedded.MultiCoreExampleJettyTest",8,0.00,1.25,64,0.84,29189.46,11,3,14,37,11,149.10,17,89,0,5,109.21,0.00,0.80,0.33,3,16.00,2,2520.44,2,5,11,org.apache.solr.client.solrj.MultiCoreExampleTestBase,0.43,29,4,10,0,29,3,0,10,478,1
"org.apache.solr.client.solrj.embedded.SolrExampleEmbeddedTest",1,0.00,1.00,3,0.04,532.41,1,0,3,1,2,99.51,6,6,0,5,131.73,0.00,0.80,0.00,0,1.00,1,109.52,1,0,2,org.apache.solr.client.solrj.SolrExampleTests,0.00,0,4,1,0,0,1,0,1,29,1
"org.apache.solr.client.solrj.embedded.SolrExampleJettyTest",2,0.00,1.50,8,0.09,1691.73,2,0,6,5,3,125.63,8,17,0,5,125.40,0.00,0.80,0.00,0,2.00,2,272.62,1,0,3,org.apache.solr.client.solrj.SolrExampleTests,0.00,3,4,3,0,3,2,0,3,64,1
"org.apache.solr.client.solrj.embedded.SolrExampleStreamingTest",2,0.00,1.50,12,0.12,2990.75,2,0,6,7,5,117.12,8,21,0,5,116.88,0.00,0.80,0.00,0,2.00,2,361.39,1,1,5,org.apache.solr.client.solrj.SolrExampleTests,0.06,5,4,3,0,5,1,0,4,80,1
"org.apache.solr.client.solrj.embedded.SolrExampleStreamingTest$StreamingUpdateSolrServer",1,0.00,1.00,2,0.02,105.56,1,0,6,1,0,193.84,1,4,0,1,143.84,0.00,0.00,0.00,0,1.00,1,51.35,0,0,0,java.lang.Object,0.00,0,0,1,0,0,1,0,1,17,0
"org.apache.solr.client.solrj.embedded.TestSolrProperties",12,0.05,1.42,112,1.91,89265.22,17,5,29,66,12,154.84,12,149,0,2,104.84,0.00,0.50,0.25,5,10.00,4,5739.50,2,8,12,org.apache.lucene.util.LuceneTestCase,0.00,54,1,17,0,54,4,0,9,954,1
"org.apache.lucene.benchmark.byTask.feeds.demohtml.Entities",3,0.25,3.67,289,4.33,62668.95,5,2,2,17,1,112.74,4,300,1,1,62.74,0.00,0.00,0.67,1,0.00,5,12988.68,0,2,0,java.lang.Object,0.00,14,0,11,0,14,1,0,4,1578,1
"org.apache.lucene.benchmark.byTask.feeds.demohtml.HTMLParser",38,0.07,4.84,546,6.17,345749.72,76,38,3,81,9,96.71,34,647,3,1,96.71,0.00,0.00,0.10,16,338.00,15,18524.45,0,5,7,java.lang.Object,0.00,43,0,184,0,43,33,1,34,3441,1
"org.apache.lucene.benchmark.byTask.feeds.demohtml.HTMLParser$JJCalls",0,0.00,0.00,5,0.03,253.51,4,4,3,0,1,171.00,0,6,0,1,171.00,0.00,0.00,0.00,0,0.00,0,78.87,0,0,1,java.lang.Object,0.00,0,0,0,0,0,0,0,0,22,2
"org.apache.lucene.benchmark.byTask.feeds.demohtml.HTMLParser$LookaheadSuccess",0,0.00,0.00,1,0.01,145.30,0,0,3,0,0,171.00,0,1,0,2,171.00,0.00,0.50,0.00,0,0.00,0,41.51,0,0,0,java.lang.Error,0.00,0,1,0,0,0,0,0,0,12,3
"org.apache.lucene.benchmark.byTask.feeds.demohtml.HTMLParser$MyPipedInputStream",3,0.00,1.00,7,0.05,452.47,3,0,3,4,0,142.62,0,11,0,2,142.62,0.00,0.50,0.00,0,3.00,1,139.88,0,0,0,java.io.PipedInputStream,0.00,1,1,3,0,1,3,0,0,42,1
"org.apache.lucene.benchmark.byTask.feeds.demohtml.HTMLParserConstants",0,0.00,0.00,40,0.61,7906.55,39,39,0,0,2,171.00,43,73,2,1,171.00,0.00,0.00,0.00,0,0.00,0,1834.18,0,0,0,,0.00,0,0,0,0,0,0,0,40,271,1
"org.apache.lucene.benchmark.byTask.feeds.demohtml.HTMLParserTokenManager",51,0.07,8.69,960,12.93,1736149.91,70,19,3,62,4,87.99,12,1623,1,1,87.99,0.00,0.00,0.13,24,216.00,124,38803.15,0,0,3,java.lang.Object,0.00,11,0,443,0,11,51,1,12,6474,1
"org.apache.lucene.benchmark.byTask.feeds.demohtml.ParseException",5,0.30,3.20,92,1.07,80794.24,10,5,0,14,3,61.39,69,112,2,2,90.77,0.00,0.50,0.44,0,0.00,10,3210.28,1,2,1,java.lang.Exception,0.00,9,1,16,0,9,3,0,11,572,1
"org.apache.lucene.benchmark.byTask.feeds.demohtml.ParserThread",2,0.00,2.50,16,0.19,5142.33,3,1,1,9,2,160.25,2,27,1,2,110.25,0.00,0.50,1.00,0,0.00,4,558.48,0,0,2,java.lang.Thread,0.00,7,1,5,0,7,2,0,2,116,0
"org.apache.lucene.benchmark.byTask.feeds.demohtml.SimpleCharStream",36,0.09,1.89,204,2.72,162256.64,52,16,0,44,2,166.01,45,352,2,1,116.01,0.00,0.00,0.15,6,144.00,10,8153.78,0,1,0,java.lang.Object,0.00,8,0,68,0,8,35,0,34,1701,1
"org.apache.lucene.benchmark.byTask.feeds.demohtml.SuppressWarnings",6,0.20,1.50,48,0.66,33774.42,11,5,0,14,0,59.58,51,72,0,2,107.69,0.00,0.50,0.03,1,10.00,3,1967.96,1,3,0,java.lang.Error,0.00,8,1,9,0,8,3,0,14,375,1
"org.apache.lucene.benchmark.byTask.feeds.demohtml.Tags",0,0.00,0.00,33,0.35,7423.82,1,1,3,2,0,171.00,4,35,0,1,171.00,0.00,0.00,0.00,0,0.00,0,1058.57,0,0,0,java.lang.Object,0.00,2,0,0,0,2,0,0,2,208,2
"org.apache.lucene.benchmark.byTask.feeds.demohtml.TestHtmlParser",12,0.00,1.08,57,0.72,12674.54,12,0,5,25,1,124.71,2,92,0,2,124.71,0.00,0.50,0.00,1,12.00,2,2171.45,0,0,1,org.apache.lucene.util.LuceneTestCase,0.00,13,1,13,0,13,12,0,2,475,1
"org.apache.lucene.benchmark.byTask.feeds.demohtml.Token",7,0.12,1.00,24,0.16,1989.42,15,8,0,8,5,83.88,67,38,5,1,133.88,0.00,0.00,0.02,1,12.00,1,468.86,0,4,0,java.lang.Object,0.00,1,0,7,0,1,3,0,15,131,1
"org.apache.lucene.facet.search.sampling.BaseSampleTestTopK",5,0.38,2.00,48,0.72,27362.59,7,2,16,28,20,73.59,32,63,3,4,105.81,1.00,0.43,0.20,3,7.00,5,2149.26,4,3,17,org.apache.lucene.facet.search.BaseTestTopK,0.00,23,3,10,3,23,2,0,13,389,2
"org.apache.lucene.facet.search.sampling.BaseSampleTestTopK$FacetsCollector",1,0.00,2.00,5,0.07,1535.09,1,0,16,3,4,119.68,0,9,0,1,119.68,0.00,0.00,0.00,0,1.00,2,212.37,0,1,4,java.lang.Object,0.00,2,0,2,0,2,0,0,0,48,0
"org.apache.lucene.facet.search.sampling.RandomSampler",3,1.00,2.00,29,0.37,28369.02,4,1,5,10,7,61.65,23,34,2,2,103.94,0.00,0.50,0.33,0,4.00,4,1117.23,0,0,5,org.apache.lucene.facet.search.sampling.Sampler,0.00,7,1,6,0,7,3,0,6,211,1
"org.apache.lucene.facet.search.sampling.RepeatableSampler",8,0.24,5.00,131,1.72,106479.13,11,3,8,28,8,73.09,119,161,2,2,93.24,0.00,0.50,0.12,4,22.00,9,5156.19,0,0,6,org.apache.lucene.facet.search.sampling.Sampler,0.00,20,1,40,0,20,8,0,14,954,1
"org.apache.lucene.facet.search.sampling.RepeatableSampler$IntPriorityQueue",4,4.00,1.25,19,0.20,4314.70,8,4,8,5,1,87.04,48,27,0,2,124.61,0.00,0.50,0.00,0,4.00,2,614.68,2,1,1,org.apache.lucene.util.PriorityQueue,0.00,1,1,5,0,1,3,0,13,146,2
"org.apache.lucene.facet.search.sampling.RepeatableSampler$IntPriorityQueue$Algorithm",0,0.00,0.00,2,0.01,23.26,0,0,8,0,0,171.00,10,4,0,1,171.00,0.00,0.00,0.00,0,0.00,0,15.51,0,0,0,java.lang.Object,0.00,0,0,0,0,0,0,0,4,6,1
"org.apache.lucene.facet.search.sampling.RepeatableSampler$IntPriorityQueue$MI",1,1.00,1.00,3,0.01,109.36,2,1,8,1,0,137.15,0,4,0,1,137.15,0.00,0.00,0.00,0,1.00,1,39.62,0,0,0,java.lang.Object,0.00,0,0,1,0,0,1,0,0,14,2
"org.apache.lucene.facet.search.sampling.RepeatableSampler$IntPriorityQueue$Sorted",0,0.00,0.00,2,0.01,23.26,0,0,8,0,0,171.00,3,4,0,1,171.00,0.00,0.00,0.00,0,0.00,0,15.51,0,0,0,java.lang.Object,0.00,0,0,0,0,0,0,0,1,6,1
"org.apache.lucene.facet.search.sampling.SampleFixer",1,0.00,1.00,2,0.02,88.11,1,0,3,1,4,170.69,32,3,2,1,144.45,0.00,0.00,0.00,0,1.00,1,46.05,0,0,2,,0.00,0,0,1,0,0,1,0,3,15,1
"org.apache.lucene.facet.search.sampling.Sampler",9,0.75,1.67,47,0.58,17168.81,10,1,11,35,22,70.50,93,68,9,1,118.98,0.00,0.00,0.33,2,18.00,3,1740.64,0,4,13,java.lang.Object,0.00,26,0,15,2,26,5,0,16,369,2
"org.apache.lucene.facet.search.sampling.Sampler$OverSampledFacetRequest",4,0.33,1.00,11,0.12,1946.44,5,1,11,8,5,138.61,0,22,0,2,138.61,0.00,0.50,0.75,0,0.00,1,373.18,0,1,5,org.apache.lucene.facet.search.params.FacetRequest,0.07,4,1,4,0,4,3,0,0,96,2
"org.apache.lucene.facet.search.sampling.Sampler$SampleResult",1,2.00,1.00,6,0.04,581.16,3,2,11,1,1,120.21,0,8,0,1,120.21,0.00,0.00,0.00,0,1.00,1,133.97,0,0,1,java.lang.Object,0.00,0,0,1,0,0,1,0,0,38,3
"org.apache.lucene.facet.search.sampling.SamplingAccumulator",5,0.12,1.60,36,0.44,14640.71,7,2,16,17,15,63.59,53,58,2,3,112.07,0.00,0.67,0.40,0,6.00,3,1322.63,3,2,13,org.apache.lucene.facet.search.StandardFacetsAccumulator,0.14,12,2,8,0,12,3,0,15,268,1
"org.apache.lucene.facet.search.sampling.SamplingAccumulatorTest",1,0.00,1.00,3,0.04,557.59,1,0,4,2,7,131.10,16,9,0,5,131.58,0.00,0.80,0.00,0,1.00,1,121.71,0,1,7,org.apache.lucene.facet.search.sampling.BaseSampleTestTopK,0.00,1,4,1,0,1,0,0,1,31,1
"org.apache.lucene.facet.search.sampling.SamplingParams",11,0.02,1.00,33,0.28,4572.41,21,10,0,11,4,82.58,99,49,4,1,132.58,0.00,0.00,0.08,0,49.00,1,853.90,0,0,0,java.lang.Object,0.00,0,0,11,0,0,11,0,18,216,1
"org.apache.lucene.facet.search.sampling.TakmiSampleFixer",6,0.20,3.00,56,0.58,29263.21,9,3,15,20,16,76.73,79,76,1,1,106.11,0.00,0.00,0.17,3,10.00,10,1754.13,0,0,15,java.lang.Object,0.00,14,0,18,0,14,6,1,24,367,0
"org.apache.lucene.queryparser.flexible.standard.config.FieldBoostMapFCListener",2,1.00,2.00,10,0.12,2473.76,3,1,5,5,4,102.54,11,15,1,1,120.42,0.00,0.00,0.00,0,2.00,3,360.49,0,0,3,java.lang.Object,0.00,3,0,4,0,3,2,1,1,82,1
"org.apache.lucene.queryparser.flexible.standard.config.FieldDateResolutionFCListener",2,1.00,2.50,13,0.16,5058.28,3,1,7,5,5,97.09,11,20,1,1,114.96,0.00,0.00,0.00,0,2.00,4,493.74,0,0,4,java.lang.Object,0.00,3,0,5,0,3,2,1,1,108,1
"org.apache.lucene.queryparser.flexible.standard.config.FuzzyConfig",5,0.38,1.00,12,0.08,848.20,7,2,1,5,5,142.21,0,17,4,1,142.21,0.00,0.00,0.20,0,11.00,1,231.90,0,0,1,java.lang.Object,0.00,0,0,5,0,0,5,0,0,68,1
"org.apache.lucene.queryparser.flexible.standard.config.NumberDateFormat",5,0.12,1.20,14,0.20,4091.26,7,2,6,9,1,176.68,10,27,1,2,136.79,0.00,0.50,0.40,0,0.00,2,608.28,0,4,0,java.text.NumberFormat,0.00,4,1,6,0,4,1,0,2,146,1
"org.apache.lucene.queryparser.flexible.standard.config.NumericConfig",8,0.24,1.62,31,0.29,8428.25,11,3,3,9,10,87.00,62,48,8,1,129.29,0.00,0.00,0.12,4,26.00,4,873.62,0,2,2,java.lang.Object,0.00,1,0,13,0,1,6,0,8,211,1
"org.apache.lucene.queryparser.flexible.standard.config.NumericFieldConfigListener",2,1.00,2.50,12,0.13,2922.77,3,1,5,7,5,68.74,16,20,1,1,116.84,0.00,0.00,0.50,0,2.00,3,401.13,0,0,4,java.lang.Object,0.00,5,0,5,0,5,2,1,2,91,1
"org.apache.lucene.queryparser.flexible.standard.config.StandardQueryConfigHandler",1,0.00,1.00,18,0.25,4807.12,1,0,14,8,16,84.82,15,20,5,3,95.18,0.00,0.67,0.00,0,1.00,1,745.29,2,0,12,org.apache.lucene.queryparser.flexible.core.config.QueryConfigHandler,0.00,7,2,1,0,7,1,0,8,142,1
"org.apache.lucene.queryparser.flexible.standard.config.StandardQueryConfigHandler$ConfigurationKeys",0,0.00,0.00,17,0.49,23247.70,16,16,14,1,6,171.00,100,18,0,1,171.00,0.00,0.00,0.00,0,0.00,0,1463.74,0,0,6,java.lang.Object,0.00,1,0,0,0,1,0,0,16,265,3
"org.apache.lucene.queryparser.flexible.standard.config.StandardQueryConfigHandler$Operator",0,0.00,0.00,2,0.01,60.00,0,0,14,0,0,171.00,0,3,0,1,171.00,0.00,0.00,0.00,0,0.00,0,24.00,0,0,0,java.lang.Object,0.00,0,0,0,0,0,0,0,0,8,2
"org.apache.lucene.analysis.position.PositionFilter",4,0.00,1.50,21,0.17,3243.56,7,3,4,6,5,104.05,20,30,2,4,121.93,0.00,0.75,0.33,0,4.00,3,513.65,1,0,3,org.apache.lucene.analysis.TokenFilter,0.50,2,3,6,0,2,4,0,5,124,2
"org.apache.lucene.analysis.position.PositionFilterTest",4,0.28,1.00,20,0.46,14984.26,10,6,5,8,5,166.79,5,73,0,3,116.79,0.00,0.67,0.38,0,0.00,1,1370.40,1,0,5,org.apache.lucene.analysis.BaseTokenStreamTestCase,0.00,4,2,4,0,4,4,0,2,273,1
"org.apache.lucene.analysis.position.PositionFilterTest$TestTokenStream",3,0.17,1.33,16,0.14,2974.83,6,3,5,6,2,121.27,0,23,0,3,121.27,0.00,0.67,0.44,0,1.00,2,434.74,0,0,2,org.apache.lucene.analysis.TokenStream,0.55,3,2,4,0,3,3,0,0,101,1
"org.apache.lucene.queryparser.xml.builders.BooleanFilterBuilder",2,1.00,2.00,19,0.23,6827.98,3,1,10,12,9,57.42,19,21,1,1,107.42,0.00,0.00,0.50,0,2.00,3,687.32,0,1,8,java.lang.Object,0.00,10,0,4,0,10,1,1,2,134,1
"org.apache.lucene.queryparser.xml.builders.BooleanQueryBuilder",3,1.00,3.00,36,0.48,19055.41,4,1,9,19,8,58.25,22,43,2,1,100.54,0.00,0.00,0.33,1,4.00,5,1445.13,0,2,6,java.lang.Object,0.00,16,0,9,0,16,1,1,3,273,1
"org.apache.lucene.queryparser.xml.builders.BoostingQueryBuilder",2,0.00,1.00,16,0.21,5833.26,4,2,6,8,6,60.03,19,19,1,1,110.03,0.00,0.00,0.50,0,2.00,1,617.40,0,1,5,java.lang.Object,0.00,6,0,2,0,6,1,1,2,131,1
"org.apache.lucene.queryparser.xml.builders.BoostingTermBuilder",1,0.00,1.00,7,0.10,1996.32,1,0,7,8,8,139.77,19,9,1,2,113.49,0.00,0.50,0.00,0,1.00,1,297.27,0,1,7,org.apache.lucene.queryparser.xml.builders.SpanBuilderBase,0.00,7,1,1,0,7,0,0,2,64,1
"org.apache.lucene.queryparser.xml.builders.CachedFilterBuilder",2,0.50,3.00,33,0.38,17106.68,6,4,7,12,11,104.00,35,42,1,1,94.87,0.00,0.00,0.50,0,2.00,5,1150.68,0,1,10,java.lang.Object,0.00,10,0,6,0,10,1,1,6,224,1
"org.apache.lucene.queryparser.xml.builders.CachedFilterBuilder$LRUCache",2,1.00,1.00,7,0.10,1587.82,3,1,7,3,0,130.37,0,11,0,2,130.37,0.00,0.50,0.50,0,2.00,1,289.42,0,0,0,java.util.LinkedHashMap,0.00,1,1,2,0,1,2,0,0,69,1
"org.apache.lucene.queryparser.xml.builders.ConstantScoreQueryBuilder",2,1.00,1.00,9,0.10,1735.25,3,1,7,7,7,75.40,19,12,1,1,125.40,0.00,0.00,0.50,0,2.00,1,290.35,0,1,6,java.lang.Object,0.00,5,0,2,0,5,1,1,2,69,1
"org.apache.lucene.queryparser.xml.builders.DuplicateFilterBuilder",1,0.00,5.00,19,0.27,11106.03,1,0,6,8,6,117.35,19,23,1,1,91.07,0.00,0.00,0.00,0,1.00,5,817.32,0,1,5,java.lang.Object,0.00,7,0,5,0,7,0,1,2,152,1
"org.apache.lucene.queryparser.xml.builders.FilteredQueryBuilder",2,0.00,1.00,16,0.19,4615.13,4,2,8,9,8,66.70,22,19,1,1,110.83,0.00,0.00,0.50,0,2.00,1,575.09,0,1,7,java.lang.Object,0.00,7,0,2,0,7,1,1,3,125,1
"org.apache.lucene.queryparser.xml.builders.FuzzyLikeThisQueryBuilder",2,0.60,1.50,25,0.37,10771.96,7,5,9,11,8,51.27,19,26,1,1,101.27,0.00,0.00,0.50,0,2.00,2,1101.62,0,1,7,java.lang.Object,0.00,9,0,3,0,9,1,1,2,205,1
"org.apache.lucene.queryparser.xml.builders.LikeThisQueryBuilder",2,0.60,4.50,44,0.77,58702.48,7,5,13,27,9,65.25,28,52,1,1,85.40,0.00,0.00,0.50,0,2.00,8,2298.99,0,1,8,java.lang.Object,0.00,25,0,9,0,25,1,1,9,373,1
"org.apache.lucene.queryparser.xml.builders.MatchAllDocsQueryBuilder",1,0.00,1.00,3,0.02,212.34,1,0,5,2,5,161.16,19,5,1,1,134.88,0.00,0.00,0.00,0,1.00,1,67.32,0,1,4,java.lang.Object,0.00,1,0,1,0,1,0,1,2,20,1
"org.apache.lucene.queryparser.xml.builders.NumericRangeFilterBuilder",2,0.00,4.00,30,0.54,26448.65,4,2,10,16,9,88.59,74,46,2,1,94.36,0.00,0.00,0.50,0,2.00,7,1613.98,0,1,7,java.lang.Object,0.00,14,0,8,0,14,1,1,2,282,1
"org.apache.lucene.queryparser.xml.builders.NumericRangeFilterBuilder$NoMatchFilter",1,0.00,1.00,3,0.02,259.46,1,0,10,1,2,134.19,0,6,0,2,134.19,0.00,0.50,0.00,0,1.00,1,72.62,0,1,2,org.apache.lucene.search.Filter,0.00,0,1,1,0,0,0,0,0,21,1
"org.apache.lucene.queryparser.xml.builders.NumericRangeQueryBuilder",1,0.00,6.00,23,0.47,24992.14,1,0,7,14,8,64.90,60,36,2,1,85.16,0.00,0.00,0.00,0,1.00,6,1402.24,0,1,6,java.lang.Object,0.00,13,0,6,0,13,0,1,1,238,1
"org.apache.lucene.queryparser.xml.builders.RangeFilterBuilder",1,0.00,1.00,8,0.12,2564.12,1,0,6,5,6,136.75,19,10,1,1,110.47,0.00,0.00,0.00,0,1.00,1,362.30,0,1,5,java.lang.Object,0.00,4,0,1,0,4,0,1,2,76,1
"org.apache.lucene.queryparser.xml.builders.SpanBuilderBase",1,0.00,1.00,3,0.02,224.79,1,0,3,2,10,160.97,19,5,7,1,134.68,0.00,0.00,0.00,0,1.00,1,69.84,0,1,3,java.lang.Object,0.00,1,0,1,7,1,0,1,2,21,2
"org.apache.lucene.queryparser.xml.builders.SpanFirstBuilder",2,1.00,1.00,11,0.13,2696.59,3,1,5,7,7,70.28,19,14,1,2,120.28,0.00,0.50,0.50,0,2.00,1,382.57,0,1,6,org.apache.lucene.queryparser.xml.builders.SpanBuilderBase,0.00,5,1,2,0,5,1,0,2,86,1
"org.apache.lucene.queryparser.xml.builders.SpanNearBuilder",2,1.00,2.00,17,0.25,9348.70,3,1,8,12,7,58.26,19,19,1,2,108.26,0.00,0.50,0.50,0,2.00,3,762.07,0,1,6,org.apache.lucene.queryparser.xml.builders.SpanBuilderBase,0.00,10,1,4,0,10,1,0,2,144,1
"org.apache.lucene.queryparser.xml.builders.SpanNotBuilder",2,1.00,1.00,14,0.17,4715.65,3,1,5,8,7,68.79,22,17,1,2,112.92,0.00,0.50,0.50,0,2.00,1,508.28,0,1,6,org.apache.lucene.queryparser.xml.builders.SpanBuilderBase,0.00,6,1,2,0,6,1,0,3,111,1
"org.apache.lucene.queryparser.xml.builders.SpanOrBuilder",2,1.00,2.00,17,0.23,9075.37,3,1,8,11,7,58.36,19,19,1,2,108.36,0.00,0.50,0.50,0,2.00,3,681.91,0,1,6,org.apache.lucene.queryparser.xml.builders.SpanBuilderBase,0.00,9,1,4,0,9,1,0,2,134,1
"org.apache.lucene.queryparser.xml.builders.SpanOrTermsBuilder",2,1.00,2.00,23,0.37,15799.20,3,1,15,23,12,57.17,22,30,1,2,101.30,0.00,0.50,0.50,0,2.00,3,1095.38,0,1,11,org.apache.lucene.queryparser.xml.builders.SpanBuilderBase,0.00,21,1,4,0,21,1,0,3,193,1
"org.apache.lucene.queryparser.xml.builders.SpanQueryBuilder",1,0.00,1.00,2,0.01,88.08,1,0,4,1,9,144.46,0,3,6,2,144.46,0.00,0.50,0.00,0,1.00,1,44.04,0,1,3,,0.00,0,1,1,0,0,0,0,0,15,1
"org.apache.lucene.queryparser.xml.builders.SpanQueryBuilderFactory",3,0.50,1.33,11,0.14,3525.27,4,1,6,9,5,96.74,19,16,1,1,128.96,0.00,0.00,0.67,1,1.00,2,418.45,0,2,4,java.lang.Object,0.00,6,0,4,0,6,1,1,2,99,1
"org.apache.lucene.queryparser.xml.builders.SpanTermBuilder",1,0.00,1.00,7,0.09,1909.68,1,0,6,7,7,139.92,19,9,1,2,113.64,0.00,0.50,0.00,0,1.00,1,279.91,0,1,6,org.apache.lucene.queryparser.xml.builders.SpanBuilderBase,0.00,6,1,1,0,6,0,0,2,61,1
"org.apache.lucene.queryparser.xml.builders.TermQueryBuilder",1,0.00,1.00,7,0.09,1909.68,1,0,7,7,7,139.92,19,9,1,1,113.64,0.00,0.00,0.00,0,1.00,1,279.91,0,1,6,java.lang.Object,0.00,6,0,1,0,6,0,1,2,61,1
"org.apache.lucene.queryparser.xml.builders.TermsFilterBuilder",2,1.00,2.00,22,0.28,9716.96,3,1,13,17,11,73.58,27,29,1,1,102.96,0.00,0.00,0.50,0,2.00,3,848.92,0,1,10,java.lang.Object,0.00,15,0,4,0,15,1,1,4,158,1
"org.apache.lucene.queryparser.xml.builders.TermsQueryBuilder",2,1.00,2.00,24,0.38,13778.79,3,1,15,22,13,50.36,19,31,1,1,100.36,0.00,0.00,0.50,0,2.00,3,1145.19,0,1,12,java.lang.Object,0.00,20,0,4,0,20,1,1,2,200,1
"org.apache.lucene.queryparser.xml.builders.TestNumericRangeFilterBuilder",7,0.00,2.29,127,1.99,91688.06,7,0,17,57,8,91.56,0,148,0,2,91.56,0.00,0.50,0.00,1,7.00,3,5975.03,0,1,8,org.apache.lucene.util.LuceneTestCase,0.00,50,1,16,0,50,6,0,0,1066,1
"org.apache.lucene.queryparser.xml.builders.TestNumericRangeQueryBuilder",6,0.00,2.50,105,1.70,84774.51,6,0,12,44,4,92.21,0,119,0,2,92.21,0.00,0.50,0.00,1,6.00,3,5090.25,0,1,4,org.apache.lucene.util.LuceneTestCase,0.00,38,1,15,0,38,5,0,0,915,1
"org.apache.lucene.queryparser.xml.builders.UserInputQueryBuilder",4,0.11,1.50,25,0.27,9097.81,7,3,9,11,8,65.45,39,34,1,1,115.45,0.00,0.00,0.25,1,6.00,3,815.45,0,2,7,java.lang.Object,0.00,7,0,6,0,7,2,1,7,173,1
"org.apache.lucene.index.codecs.mocksep.MockSepCodec",8,0.00,1.50,55,0.67,26056.71,8,0,26,30,32,114.22,6,99,7,2,114.22,0.00,0.50,0.00,1,8.00,3,2001.07,0,4,25,org.apache.lucene.index.codecs.Codec,0.00,22,1,12,0,22,4,0,1,411,1
"org.apache.lucene.index.codecs.mocksep.MockSingleIntFactory",2,0.00,1.00,5,0.07,1143.20,2,0,6,4,10,138.06,1,10,3,2,138.06,0.00,0.50,0.00,0,2.00,1,219.41,0,2,7,org.apache.lucene.index.codecs.sep.IntStreamFactory,0.00,2,1,2,0,2,0,0,1,54,1
"org.apache.lucene.index.codecs.mocksep.MockSingleIntIndexInput",4,0.33,1.00,13,0.15,2645.96,5,1,7,10,8,180.99,7,23,1,2,130.99,0.00,0.50,0.75,0,0.00,1,450.89,0,1,7,org.apache.lucene.index.codecs.sep.IntIndexInput,0.86,6,1,4,0,6,3,0,1,113,1
"org.apache.lucene.index.codecs.mocksep.MockSingleIntIndexInput$Index",5,0.00,1.20,17,0.17,3446.03,6,1,7,8,1,130.81,0,31,0,2,130.81,0.00,0.50,1.00,0,0.00,2,516.70,0,2,1,IntIndexInput.Index,0.00,3,1,6,0,3,3,0,0,131,0
"org.apache.lucene.index.codecs.mocksep.MockSingleIntIndexInput$Reader",2,1.00,1.00,6,0.05,775.89,3,1,7,3,1,182.82,3,10,0,2,132.82,0.00,0.50,0.50,0,2.00,1,156.29,0,0,1,IntIndexInput.Reader,0.00,1,1,2,0,1,2,0,3,43,2
"org.apache.lucene.index.codecs.mocksep.MockSingleIntIndexOutput",5,0.06,1.20,23,0.24,4632.84,9,4,7,12,8,175.14,6,36,2,2,125.14,0.00,0.50,0.30,0,0.00,2,712.57,0,1,6,org.apache.lucene.index.codecs.sep.IntIndexOutput,0.75,7,1,6,0,7,4,0,2,164,1
"org.apache.lucene.index.codecs.mocksep.MockSingleIntIndexOutput$Index",4,0.33,1.50,17,0.16,3427.85,6,2,7,6,1,125.35,0,29,0,2,125.35,0.00,0.50,0.75,0,0.00,2,487.67,0,1,1,IntIndexOutput.Index,0.00,2,1,6,0,2,3,0,0,121,1
"org.apache.lucene.sandbox.queries.regex.JakartaRegexpCapabilities",5,0.10,1.60,34,0.32,7446.84,10,5,8,7,7,117.11,24,48,3,1,116.88,0.00,0.00,0.12,0,2.00,4,965.72,0,1,4,java.lang.Object,0.00,2,0,8,0,2,4,1,7,223,1
"org.apache.lucene.sandbox.queries.regex.JakartaRegexpCapabilities$JakartaRegexMatcher",3,0.25,2.33,21,0.24,9934.53,5,2,8,10,3,111.56,1,29,0,1,111.56,0.00,0.00,0.67,0,0.00,5,716.33,0,1,3,java.lang.Object,0.00,7,0,7,0,7,2,1,1,158,0
"org.apache.lucene.sandbox.queries.regex.JakartaRegexpCapabilities$JakartaRegexMatcher$CharacterIterator",4,0.00,1.00,9,0.08,1212.77,4,0,8,5,0,140.23,0,13,0,1,140.23,0.00,0.00,0.00,1,4.00,1,247.43,0,2,0,java.lang.Object,0.00,1,0,4,0,1,2,0,0,68,0
"org.apache.lucene.sandbox.queries.regex.JavaUtilRegexCapabilities",5,0.06,1.60,31,0.35,8728.06,14,9,5,7,7,98.46,26,42,3,1,116.34,0.00,0.00,0.07,0,2.00,4,1060.72,0,1,4,java.lang.Object,0.00,2,0,8,0,2,4,1,5,231,1
"org.apache.lucene.sandbox.queries.regex.JavaUtilRegexCapabilities$JavaUtilRegexMatcher",3,0.00,1.00,12,0.14,1846.82,6,3,5,9,3,126.58,0,16,0,1,126.58,0.00,0.00,0.33,0,1.00,1,412.05,0,1,3,java.lang.Object,0.00,6,0,3,0,6,2,1,0,100,0
"org.apache.lucene.sandbox.queries.regex.RegexCapabilities",1,0.00,1.00,3,0.01,57.34,1,0,1,1,7,187.18,27,4,6,1,139.35,0.00,0.00,0.00,0,1.00,1,38.23,0,0,1,,0.00,0,0,1,0,0,1,0,3,15,1
"org.apache.lucene.sandbox.queries.regex.RegexCapabilities$RegexMatcher",2,0.00,1.00,3,0.01,58.89,2,0,1,2,1,141.56,11,4,0,1,159.43,0.00,0.00,0.00,0,2.00,1,39.26,0,1,1,,0.00,0,0,2,0,0,1,0,2,16,1
"org.apache.lucene.sandbox.queries.regex.RegexQuery",8,0.07,2.50,47,0.52,21612.55,10,2,8,23,14,157.58,18,68,3,3,117.69,0.00,0.67,0.56,0,0.00,10,1549.17,3,4,11,org.apache.lucene.search.MultiTermQuery,0.10,15,2,20,0,15,4,1,4,346,1
"org.apache.lucene.sandbox.queries.regex.RegexQueryCapable",2,0.00,1.00,3,0.01,38.51,2,0,0,2,2,110.89,19,4,1,1,160.88,0.00,0.00,0.00,0,2.00,1,33.51,0,0,1,,0.00,0,0,2,0,0,2,0,2,15,1
"org.apache.lucene.sandbox.queries.regex.RegexTermsEnum",2,1.00,2.50,16,0.18,4132.89,4,2,5,8,6,93.12,10,22,1,3,111.00,0.00,0.67,1.00,0,0.00,3,554.81,1,1,5,org.apache.lucene.index.FilteredTermsEnum,0.00,6,2,5,0,6,1,0,3,120,1
"org.apache.lucene.sandbox.queries.regex.TestJakartaRegexpCapabilities",2,0.00,1.00,15,0.19,3415.36,2,0,2,10,2,153.91,4,18,0,2,114.02,0.00,0.50,0.00,0,2.00,1,567.10,0,0,2,org.apache.lucene.util.LuceneTestCase,0.00,8,1,2,0,8,2,0,2,127,1
"org.apache.lucene.sandbox.queries.regex.TestRegexQuery",16,0.07,1.06,59,0.74,13153.15,20,4,15,43,18,130.23,2,76,0,2,130.23,0.00,0.50,0.19,1,52.00,2,2205.60,2,1,18,org.apache.lucene.util.LuceneTestCase,0.00,27,1,17,0,27,15,0,2,499,1
"org.apache.lucene.sandbox.queries.regex.TestSpanRegexQuery",4,0.33,1.00,44,0.61,14466.03,6,2,16,25,14,144.02,10,55,0,2,104.13,0.00,0.50,0.75,0,0.00,1,1829.60,2,0,14,org.apache.lucene.util.LuceneTestCase,0.00,21,1,4,0,21,4,0,10,349,1
"org.apache.lucene.facet.taxonomy.writercache.lru.LruTaxonomyWriterCache",8,0.29,1.75,37,0.37,9676.58,9,1,2,20,4,91.92,52,51,0,1,124.14,0.00,0.00,0.75,0,0.00,3,1100.08,0,0,4,java.lang.Object,0.00,12,0,14,0,12,8,1,33,260,1
"org.apache.lucene.facet.taxonomy.writercache.lru.LruTaxonomyWriterCache$LRUType",0,0.00,0.00,2,0.01,23.26,0,0,2,0,1,171.00,0,1,0,1,171.00,0.00,0.00,0.00,0,0.00,0,15.51,0,0,1,java.lang.Object,0.00,0,0,0,0,0,0,1,0,6,1
"org.apache.lucene.facet.taxonomy.writercache.lru.NameHashIntCacheLRU",3,0.00,1.00,7,0.07,783.96,3,0,1,5,3,92.63,25,13,1,2,140.74,0.00,0.50,0.00,0,3.00,1,195.89,0,2,2,org.apache.lucene.facet.taxonomy.writercache.lru.NameIntCacheLRU,0.00,2,1,3,0,2,1,0,2,55,1
"org.apache.lucene.facet.taxonomy.writercache.lru.NameIntCacheLRU",13,0.04,1.38,53,0.47,10697.27,17,4,4,24,3,125.75,53,72,2,1,125.51,0.00,0.00,0.29,3,0.00,4,1416.86,0,4,1,java.lang.Object,0.00,11,0,18,1,11,9,0,19,334,0
"org.apache.lucene.misc.GetTermInfo",3,0.00,1.33,20,0.28,6852.19,3,0,7,15,8,165.46,3,28,1,1,115.46,0.00,0.00,0.00,2,3.00,2,837.97,0,0,7,java.lang.Object,0.00,12,0,4,0,12,3,0,1,171,1
"org.apache.lucene.misc.HighFreqTerms",6,0.50,5.00,115,1.60,111616.69,8,2,15,38,17,57.09,36,139,2,1,89.31,0.00,0.00,0.08,4,10.00,9,4797.77,0,2,15,java.lang.Object,0.00,32,0,30,0,32,4,0,13,839,1
"org.apache.lucene.misc.IndexMergeTool",1,0.00,3.00,19,0.30,12721.20,1,0,8,12,4,90.96,4,22,0,1,90.72,0.00,0.00,0.00,0,1.00,3,890.10,0,0,4,java.lang.Object,0.00,11,0,3,0,11,1,0,1,158,1
"org.apache.lucene.misc.SweetSpotSimilarity",9,0.08,1.56,48,0.68,24183.97,18,9,2,17,4,69.34,96,84,2,2,117.82,0.00,0.50,0.19,1,36.00,3,2025.89,0,0,2,org.apache.lucene.index.DefaultSimilarity,0.00,8,1,14,0,8,9,0,9,438,1
"org.apache.lucene.misc.SweetSpotSimilarityTest",3,0.00,6.33,138,1.95,181065.03,3,0,7,19,7,71.14,12,146,0,2,70.90,0.00,0.50,0.00,0,3.00,11,5864.12,0,0,7,org.apache.lucene.util.LuceneTestCase,0.00,16,1,19,0,16,3,0,10,989,1
"org.apache.lucene.misc.SweetSpotSimilarityTest$DefaultSimilarityProvider",1,0.00,5.00,3,0.08,1456.86,1,0,7,2,1,127.92,0,13,0,1,127.92,0.00,0.00,0.00,0,1.00,5,248.81,0,1,1,java.lang.Object,0.00,1,0,5,0,1,0,0,0,58,0
"org.apache.lucene.misc.SweetSpotSimilarityTest$SweetSpotSimilarity",1,0.00,1.00,3,0.02,227.10,1,0,7,2,0,134.65,0,5,0,1,134.65,0.00,0.00,0.00,0,1.00,1,61.77,0,0,0,java.lang.Object,0.00,1,0,1,0,1,1,0,0,19,0
"org.apache.lucene.misc.TermStats",4,0.00,1.00,18,0.17,2311.59,8,4,1,6,5,126.79,0,23,4,1,126.79,0.00,0.00,0.25,0,4.00,1,506.80,0,2,1,java.lang.Object,0.00,2,0,4,0,2,2,0,0,128,2
"org.apache.lucene.misc.TermStatsQueue",2,0.00,1.00,5,0.05,705.06,2,0,15,2,14,139.71,0,9,1,2,139.71,0.00,0.50,0.00,0,2.00,1,139.01,0,0,13,org.apache.lucene.util.PriorityQueue,0.00,0,1,2,0,0,2,0,0,40,1
"org.apache.lucene.misc.TestHighFreqTerms",17,0.02,2.12,181,2.16,93347.86,20,3,12,42,11,154.08,25,190,0,2,104.08,0.00,0.50,0.31,3,0.00,7,6491.09,0,1,11,org.apache.lucene.util.LuceneTestCase,0.00,25,1,36,0,25,16,0,19,1245,1
"org.apache.lucene.misc.TestLengthNormModifier",5,0.12,2.20,74,0.92,43399.78,7,2,22,32,19,136.94,13,80,0,2,97.05,0.00,0.50,0.60,0,0.00,3,2746.19,2,0,19,org.apache.lucene.util.LuceneTestCase,0.00,27,1,11,0,27,5,0,11,517,1
"org.apache.lucene.misc.TestLengthNormModifier$Collector",4,0.17,1.00,11,0.11,1717.54,6,2,22,5,1,139.04,0,19,0,1,139.04,0.00,0.00,0.38,0,4.00,1,328.85,0,0,1,java.lang.Object,0.00,1,0,4,0,1,4,0,0,85,0
"org.apache.lucene.misc.TestLengthNormModifier$Collector_2",4,0.17,1.00,11,0.11,1717.54,6,2,22,5,1,139.04,0,19,0,1,139.04,0.00,0.00,0.38,0,4.00,1,328.85,0,0,1,java.lang.Object,0.00,1,0,4,0,1,4,0,0,85,0
"org.apache.lucene.misc.TestLengthNormModifier$DefaultSimilarityProvider",1,0.00,1.00,3,0.02,161.45,1,0,22,2,1,135.81,0,5,0,1,135.81,0.00,0.00,0.00,0,1.00,1,49.51,0,1,1,java.lang.Object,0.00,1,0,1,0,1,0,0,0,16,0
"org.apache.lucene.misc.TestLengthNormModifier$DefaultSimilarityProvider$DefaultSimilarity",1,0.00,2.00,3,0.06,1403.49,1,0,22,5,1,128.26,0,5,0,1,128.26,0.00,0.00,0.00,0,1.00,2,166.12,0,0,1,java.lang.Object,0.00,4,0,2,0,4,1,0,0,40,0
"org.apache.lucene.misc.TestLengthNormModifier$DefaultSimilarityProvider_0",1,0.00,1.00,3,0.02,161.45,1,0,22,2,1,135.81,0,5,0,1,135.81,0.00,0.00,0.00,0,1.00,1,49.51,0,1,1,java.lang.Object,0.00,1,0,1,0,1,0,0,0,16,0
"org.apache.lucene.misc.TestLengthNormModifier$DefaultSimilarityProvider_0$DefaultSimilarity_1",1,0.00,2.00,3,0.06,1403.49,1,0,22,5,1,128.26,0,5,0,1,128.26,0.00,0.00,0.00,0,1.00,2,166.12,0,0,1,java.lang.Object,0.00,4,0,2,0,4,1,0,0,40,0
"org.apache.lucene.misc.TotalTermFreqComparatorSortDescending",1,0.00,3.00,8,0.07,2170.79,1,0,15,1,14,110.79,0,11,1,1,110.79,0.00,0.00,0.00,0,1.00,3,206.94,0,0,13,java.lang.Object,0.00,0,0,3,0,0,1,1,0,51,1
"org.apache.lucene.facet.example.ExampleResult",2,1.00,1.00,6,0.05,603.38,3,1,2,2,11,113.53,29,9,10,1,133.68,0.00,0.00,0.50,0,2.00,1,140.48,0,1,1,java.lang.Object,0.00,0,0,2,0,0,1,0,4,39,1
"org.apache.lucene.facet.example.ExampleUtils",1,1.00,2.00,6,0.07,941.57,3,2,1,4,11,151.78,20,9,11,1,118.40,0.00,0.00,0.50,0,0.00,2,208.76,0,0,0,java.lang.Object,0.00,3,0,2,0,3,1,0,3,51,1
"org.apache.lucene.facet.example.TestAdaptiveExample",1,0.00,1.00,7,0.10,1955.22,1,0,4,9,2,146.94,20,10,0,2,113.56,0.00,0.50,0.00,0,1.00,1,314.83,0,0,2,org.apache.lucene.util.LuceneTestCase,0.00,8,1,1,0,8,1,0,2,67,1
"org.apache.lucene.facet.example.TestAssociationExample",2,0.00,2.00,16,0.28,8446.47,4,2,5,15,3,60.13,20,20,0,2,108.60,0.00,0.50,0.50,1,2.00,3,826.99,0,0,3,org.apache.lucene.util.LuceneTestCase,0.00,13,1,4,0,13,2,0,2,164,1
"org.apache.lucene.facet.example.TestMultiCLExample",2,0.00,1.50,31,0.60,33651.70,2,0,8,18,5,45.28,20,49,1,2,93.76,0.00,0.50,0.00,1,2.00,2,1788.11,0,0,4,org.apache.lucene.util.LuceneTestCase,0.00,16,1,3,0,16,2,0,2,318,1
"org.apache.lucene.facet.example.TestSimpleExample",2,0.00,1.50,20,0.37,10545.78,2,0,7,20,4,66.73,25,25,0,2,104.29,0.00,0.50,0.00,0,2.00,2,1095.79,0,0,4,org.apache.lucene.util.LuceneTestCase,0.00,18,1,3,0,18,2,0,4,204,1
"org.apache.lucene.queryparser.classic.CharStream",12,0.00,1.00,13,0.06,250.78,12,0,0,12,5,128.38,79,14,5,1,160.60,0.00,0.00,0.00,0,12.00,1,172.56,0,1,0,,0.00,0,0,12,0,0,11,0,13,70,1
"org.apache.lucene.queryparser.classic.FastCharStream",14,0.14,1.43,56,0.55,20446.20,20,6,1,20,3,173.54,17,80,2,1,123.54,0.00,0.00,0.30,2,2.00,5,1644.78,0,1,1,java.lang.Object,0.00,6,0,20,0,6,13,1,13,372,2
"org.apache.lucene.queryparser.classic.MultiFieldQueryParser",12,0.18,3.58,128,2.04,116238.03,14,2,10,26,9,57.89,140,167,1,3,102.01,0.00,0.67,0.33,5,12.00,7,6105.40,6,9,8,org.apache.lucene.queryparser.classic.QueryParser,0.00,14,2,43,0,14,3,0,15,1128,1
"org.apache.lucene.queryparser.classic.ParseException",6,0.24,2.83,95,1.09,80990.82,11,5,0,15,112,56.80,76,116,111,2,94.36,0.00,0.50,0.40,0,0.00,10,3273.19,1,2,1,java.lang.Exception,0.00,9,1,17,0,9,4,0,12,589,1
"org.apache.lucene.queryparser.classic.QueryParser",28,0.11,5.79,484,6.02,520619.67,48,20,11,52,38,111.69,94,606,25,2,91.08,10.00,0.08,0.15,11,56.00,44,18046.74,2,8,13,org.apache.lucene.queryparser.classic.QueryParserBase,0.00,24,1,162,10,24,20,1,18,3202,1
"org.apache.lucene.queryparser.classic.QueryParser$JJCalls",0,0.00,0.00,5,0.03,253.51,4,4,11,0,1,171.00,0,6,0,1,171.00,0.00,0.00,0.00,0,0.00,0,78.87,0,0,1,java.lang.Object,0.00,0,0,0,0,0,0,0,0,22,2
"org.apache.lucene.queryparser.classic.QueryParser$LookaheadSuccess",0,0.00,0.00,1,0.01,145.30,0,0,11,0,0,171.00,0,1,0,2,171.00,0.00,0.50,0.00,0,0.00,0,41.51,0,0,0,java.lang.Error,0.00,0,1,0,0,0,0,0,0,12,3
"org.apache.lucene.queryparser.classic.QueryParser$Operator",0,0.00,0.00,2,0.01,39.30,0,0,11,0,1,171.00,0,1,0,1,171.00,0.00,0.00,0.00,0,0.00,0,19.65,0,0,1,java.lang.Object,0.00,0,0,0,0,0,0,1,0,7,2
"org.apache.lucene.queryparser.classic.QueryParserBase",61,0.01,2.66,452,6.09,517427.30,84,23,15,144,26,76.09,401,624,1,1,108.32,0.00,0.00,0.03,18,1792.00,30,18261.91,0,35,25,java.lang.Object,0.00,83,0,162,11,83,26,0,117,3375,2
"org.apache.lucene.queryparser.classic.QueryParserBase$MethodRemovedUseAnother",0,0.00,0.00,1,0.01,49.13,0,0,15,0,0,171.00,0,1,0,2,171.00,0.00,0.50,0.00,0,0.00,0,19.65,0,0,0,java.lang.Throwable,0.00,0,1,0,0,0,0,0,0,7,2
"org.apache.lucene.queryparser.classic.QueryParserConstants",0,0.00,0.00,37,0.58,7033.38,36,36,0,0,3,171.00,40,72,3,1,171.00,0.00,0.00,0.00,0,0.00,0,1729.25,0,0,0,,0.00,0,0,0,0,0,0,0,37,255,1
"org.apache.lucene.queryparser.classic.QueryParserTokenManager",30,0.06,10.93,588,9.22,1933925.30,51,21,11,40,11,84.88,12,1035,2,1,84.88,0.00,0.00,0.11,16,302.00,204,27656.61,0,2,9,java.lang.Object,0.00,10,0,328,0,10,28,1,12,4382,1
"org.apache.lucene.queryparser.classic.SuppressWarnings",6,0.20,1.50,48,0.66,33774.42,11,5,0,14,0,59.58,51,72,0,2,107.69,0.00,0.50,0.03,1,10.00,3,1967.96,1,3,0,java.lang.Error,0.00,8,1,9,0,8,3,0,14,375,1
"org.apache.lucene.queryparser.classic.TestMultiAnalyzer",3,1.00,1.00,45,0.86,24654.30,4,1,9,15,8,47.82,32,60,0,3,96.30,0.00,0.67,0.00,0,3.00,1,2574.87,0,0,8,org.apache.lucene.analysis.BaseTokenStreamTestCase,0.00,12,2,3,0,12,3,0,18,468,1
"org.apache.lucene.queryparser.classic.TestMultiAnalyzer$DumbQueryParser",3,0.00,1.00,7,0.09,1279.76,3,0,9,4,3,139.06,2,14,0,3,139.06,0.00,0.67,0.00,1,3.00,1,272.80,1,2,3,org.apache.lucene.queryparser.classic.QueryParser,0.00,1,2,3,0,1,1,0,2,70,3
"org.apache.lucene.queryparser.classic.TestMultiAnalyzer$DumbQueryWrapper",2,1.00,1.00,7,0.05,803.42,3,1,9,3,1,132.70,0,11,0,2,132.70,0.00,0.50,0.50,0,2.00,1,156.02,0,1,1,org.apache.lucene.search.Query,0.00,1,1,2,0,1,1,0,0,45,3
"org.apache.lucene.queryparser.classic.TestMultiAnalyzer$MultiAnalyzer",1,0.00,1.00,4,0.06,1028.22,1,0,9,4,1,124.82,0,7,0,2,124.82,0.00,0.50,0.00,0,1.00,1,167.13,0,1,1,org.apache.lucene.search.Analyzer,0.00,3,1,1,0,3,0,0,0,40,1
"org.apache.lucene.queryparser.classic.TestMultiAnalyzer$PosIncrementAnalyzer",1,0.00,1.00,4,0.06,1028.22,1,0,9,4,1,124.82,0,7,0,2,124.82,0.00,0.50,0.00,0,1.00,1,167.13,0,1,1,org.apache.lucene.search.Analyzer,0.00,3,1,1,0,3,0,0,0,40,1
"org.apache.lucene.queryparser.classic.TestMultiAnalyzer$TestFilter",3,0.57,2.33,43,0.44,13017.24,10,7,9,14,6,99.41,0,51,0,4,99.41,0.00,0.75,0.52,0,1.00,5,1317.35,1,0,6,org.apache.lucene.analysis.TokenFilter,0.53,11,3,7,0,11,3,0,0,261,2
"org.apache.lucene.queryparser.classic.TestMultiAnalyzer$TestPosIncrementFilter",2,1.00,2.50,17,0.17,3508.76,4,2,9,5,4,111.56,1,23,0,4,111.56,0.00,0.75,1.00,0,0.00,4,495.03,0,0,4,org.apache.lucene.analysis.TokenFilter,0.29,3,3,5,0,3,2,0,1,110,2
"org.apache.lucene.queryparser.classic.TestMultiFieldQueryParser",11,0.00,1.45,168,2.77,95324.59,11,0,15,36,11,135.92,25,190,0,2,96.03,0.00,0.50,0.00,1,11.00,2,8321.92,0,0,11,org.apache.lucene.util.LuceneTestCase,0.00,25,1,16,0,25,11,0,20,1513,1
"org.apache.lucene.queryparser.classic.TestMultiFieldQueryParser$AnalyzerReturningNull",2,1.00,1.50,10,0.10,1858.46,3,1,15,8,0,121.46,0,17,0,2,121.46,0.00,0.50,0.50,0,2.00,2,292.91,0,1,0,org.apache.lucene.index.Analyzer,0.00,6,1,3,0,6,1,0,0,72,2
"org.apache.lucene.queryparser.classic.TestMultiFieldQueryParser$AnalyzerReturningNull$EmptyTokenStream",1,0.00,1.00,3,0.02,244.87,1,0,15,1,0,134.39,0,6,0,2,134.39,0.00,0.50,0.00,0,1.00,1,66.26,0,0,0,org.apache.lucene.search.Tokenizer,0.00,0,1,1,0,0,1,0,0,20,2
"org.apache.lucene.queryparser.classic.TestMultiPhraseQueryParsing",1,0.00,1.00,17,0.27,10306.58,1,0,11,10,9,93.50,0,22,0,2,93.50,0.00,0.50,0.00,0,1.00,1,821.90,0,0,9,org.apache.lucene.util.LuceneTestCase,0.00,9,1,1,0,9,1,0,0,163,1
"org.apache.lucene.queryparser.classic.TestMultiPhraseQueryParsing$CannedAnalyzer",2,1.00,1.00,6,0.06,796.20,3,1,11,4,1,132.73,0,10,0,2,132.73,0.00,0.50,0.50,0,2.00,1,179.16,0,1,1,org.apache.lucene.analysis.Analyzer,0.00,2,1,2,0,2,1,0,0,48,2
"org.apache.lucene.queryparser.classic.TestMultiPhraseQueryParsing$CannedTokenizer",3,0.20,1.33,23,0.25,7052.13,8,5,11,7,3,112.86,0,30,0,4,112.86,0.00,0.75,0.33,0,4.00,2,759.62,1,0,3,org.apache.lucene.analysis.Tokenizer,0.20,4,3,4,0,4,3,0,0,163,2
"org.apache.lucene.queryparser.classic.TestMultiPhraseQueryParsing$TokenAndPos",1,2.00,1.00,6,0.04,607.65,3,2,11,1,0,120.05,0,8,0,1,120.05,0.00,0.00,0.00,0,1.00,1,132.64,0,0,0,java.lang.Object,0.00,0,0,1,0,0,1,0,0,37,2
"org.apache.lucene.queryparser.classic.TestQueryParser",1,0.00,2.00,6,0.08,2215.40,1,0,4,4,5,136.08,3,10,0,3,115.47,0.00,0.67,0.00,0,1.00,2,253.55,0,1,5,org.apache.lucene.queryparser.util.QueryParserTestBase,0.00,3,2,2,0,3,0,0,1,55,1
"org.apache.lucene.queryparser.classic.Token",7,0.12,1.00,24,0.16,1989.42,15,8,0,8,6,83.88,67,38,6,1,133.88,0.00,0.00,0.02,1,12.00,1,468.86,0,4,0,java.lang.Object,0.00,1,0,7,0,1,3,0,15,131,1
"org.apache.lucene.queryparser.flexible.precedence.PrecedenceQueryParser",2,0.00,1.00,6,0.04,310.49,2,0,4,3,5,85.95,19,9,1,3,135.95,0.00,0.67,0.00,0,2.00,1,118.08,2,0,4,org.apache.lucene.queryparser.flexible.standard.StandardQueryParser,0.00,1,2,2,0,1,2,0,3,36,1
"org.apache.lucene.queryparser.flexible.precedence.TestPrecedenceQueryParser",32,0.47,1.38,337,4.69,156333.23,34,2,28,65,21,154.58,47,420,0,2,104.58,0.00,0.50,0.05,9,118.00,2,14069.60,2,8,21,org.apache.lucene.util.LuceneTestCase,0.00,33,1,44,0,33,24,0,31,2675,1
"org.apache.lucene.queryparser.flexible.precedence.TestPrecedenceQueryParser$QPTestAnalyzer",1,0.00,1.00,4,0.06,1228.99,1,0,28,4,1,174.21,1,7,0,2,124.21,0.00,0.50,0.00,0,1.00,1,182.32,0,1,1,org.apache.lucene.queryparser.util.Analyzer,0.00,3,1,1,0,3,0,0,1,43,3
"org.apache.lucene.queryparser.flexible.precedence.TestPrecedenceQueryParser$QPTestFilter",3,0.20,2.33,28,0.33,10120.74,8,5,28,11,3,157.43,4,37,0,4,107.43,0.00,0.75,0.33,0,4.00,5,985.00,1,0,3,org.apache.lucene.analysis.TokenFilter,0.53,8,3,7,0,8,3,0,1,206,3
"org.apache.lucene.analysis.tokenattributes.CharTermAttribute",11,0.00,1.00,12,0.09,485.54,11,0,1,11,255,158.28,48,13,254,3,158.05,0.00,0.67,0.00,0,11.00,1,269.53,0,8,1,,0.00,0,2,11,0,0,3,0,10,92,1
"org.apache.lucene.analysis.tokenattributes.CharTermAttributeImpl",25,0.11,2.00,131,1.68,92399.59,29,4,7,48,15,166.67,31,182,7,2,116.67,4.00,0.17,0.36,4,0.00,12,5053.15,1,4,8,org.apache.lucene.util.AttributeImpl,0.13,23,1,50,4,23,21,3,21,1056,1
"org.apache.lucene.analysis.tokenattributes.FlagsAttribute",2,0.00,1.00,3,0.02,77.91,2,0,2,2,20,110.37,17,4,18,2,158.47,0.00,0.50,0.00,0,2.00,1,46.77,0,0,2,,0.00,0,1,2,0,0,2,0,3,18,1
"org.apache.lucene.analysis.tokenattributes.FlagsAttributeImpl",6,0.20,1.33,19,0.16,2564.38,7,1,1,7,4,172.30,17,32,2,2,132.42,0.00,0.50,0.83,0,0.00,3,465.77,0,0,2,org.apache.lucene.util.AttributeImpl,0.18,1,1,8,0,1,6,2,3,121,1
"org.apache.lucene.analysis.tokenattributes.KeywordAttribute",2,0.00,1.00,3,0.02,77.91,2,0,2,2,38,110.00,21,4,36,2,158.47,0.00,0.50,0.00,0,2.00,1,46.77,0,0,2,,0.00,0,1,2,0,0,2,0,3,18,1
"org.apache.lucene.analysis.tokenattributes.KeywordAttributeImpl",6,0.00,1.50,18,0.17,3321.15,7,1,2,8,5,152.12,21,32,2,2,131.51,0.00,0.50,1.00,0,0.00,3,509.29,0,0,3,org.apache.lucene.util.AttributeImpl,0.18,2,1,9,0,2,6,1,3,128,2
"org.apache.lucene.analysis.tokenattributes.OffsetAttribute",3,0.00,1.00,4,0.02,114.45,3,0,1,3,113,158.78,14,5,112,2,158.55,0.00,0.50,0.00,0,3.00,1,65.73,0,0,1,,0.00,0,1,3,0,0,3,0,4,25,1
"org.apache.lucene.analysis.tokenattributes.OffsetAttributeImpl",7,0.25,1.29,27,0.22,4781.06,9,2,1,8,4,170.71,14,41,2,2,130.82,0.00,0.50,0.71,0,0.00,3,664.08,0,0,2,org.apache.lucene.util.AttributeImpl,0.17,1,1,9,0,1,7,2,4,168,1
"org.apache.lucene.analysis.tokenattributes.PayloadAttribute",2,0.00,1.00,3,0.02,77.91,2,0,2,2,53,158.71,9,4,51,2,158.47,0.00,0.50,0.00,0,2.00,1,46.77,0,1,2,,0.00,0,1,2,0,0,1,0,3,18,1
"org.apache.lucene.analysis.tokenattributes.PayloadAttributeImpl",9,0.50,1.67,30,0.31,9018.85,10,1,2,13,5,179.45,15,48,2,2,129.45,0.00,0.50,0.56,0,4.00,4,932.84,1,2,3,org.apache.lucene.util.AttributeImpl,0.29,4,1,15,0,4,7,2,5,226,1
"org.apache.lucene.analysis.tokenattributes.PositionIncrementAttribute",2,0.00,1.00,3,0.02,77.91,2,0,1,2,104,158.00,33,4,103,2,158.47,0.00,0.50,0.00,0,2.00,1,46.77,0,0,1,,0.00,0,1,2,0,0,2,0,3,18,1
"org.apache.lucene.analysis.tokenattributes.PositionIncrementAttributeImpl",6,0.40,1.50,20,0.18,3348.77,7,1,2,8,5,113.61,31,35,2,2,131.48,0.00,0.50,0.67,0,0.00,3,541.54,0,0,3,org.apache.lucene.util.AttributeImpl,0.18,2,1,9,0,2,6,2,3,136,1
"org.apache.lucene.analysis.tokenattributes.TermToBytesRefAttribute",2,0.00,1.00,3,0.01,65.85,2,0,2,2,30,209.05,50,4,28,2,159.05,0.00,0.50,0.00,0,2.00,1,38.73,0,1,2,,0.00,0,1,2,0,0,1,0,3,16,1
"org.apache.lucene.analysis.tokenattributes.TestCharTermAttributeImpl",12,0.00,1.92,192,2.59,108863.64,12,0,9,51,5,115.38,42,211,0,2,94.77,0.00,0.50,0.00,0,12.00,5,7772.28,0,0,5,org.apache.lucene.util.LuceneTestCase,0.00,39,1,23,0,39,12,0,6,1495,1
"org.apache.lucene.analysis.tokenattributes.TestCharTermAttributeImpl$CharSequence",4,0.00,1.00,9,0.06,796.64,4,0,9,7,0,141.67,0,6,0,1,141.67,0.00,0.00,0.00,0,4.00,1,188.79,0,2,0,java.lang.Object,0.00,3,0,4,0,3,2,0,0,57,0
"org.apache.lucene.analysis.tokenattributes.TestCharTermAttributeImpl$HashMap<String,Object>",0,0.00,0.00,3,0.05,891.10,0,0,9,2,3,171.00,0,3,0,1,171.00,0.00,0.00,0.00,0,0.00,0,155.59,0,0,3,java.lang.Object,0.00,2,0,0,0,2,0,0,0,36,0
"org.apache.lucene.analysis.tokenattributes.TestSimpleAttributeImpl",1,0.00,1.00,8,0.21,4551.01,1,0,4,11,12,158.51,1,15,0,2,108.51,0.00,0.50,0.00,0,1.00,1,635.90,0,0,12,org.apache.lucene.util.LuceneTestCase,0.00,10,1,1,0,10,1,0,1,126,1
"org.apache.lucene.analysis.tokenattributes.TestSimpleAttributeImpl$HashMap<String,Object>",0,0.00,0.00,3,0.05,894.45,0,0,4,1,1,171.00,0,3,0,1,171.00,0.00,0.00,0.00,0,0.00,0,137.61,0,0,1,java.lang.Object,0.00,1,0,0,0,1,0,0,0,33,0
"org.apache.lucene.analysis.tokenattributes.TypeAttribute",2,1.00,1.00,4,0.03,268.92,3,1,1,2,53,163.62,7,5,52,2,143.01,0.00,0.50,0.00,0,2.00,1,86.77,0,1,1,,0.00,0,1,2,0,0,1,0,4,27,1
"org.apache.lucene.analysis.tokenattributes.TypeAttributeImpl",8,0.57,1.50,24,0.23,6365.20,9,1,1,10,6,130.27,6,39,4,2,130.27,0.00,0.50,0.50,1,10.00,4,681.10,0,1,2,org.apache.lucene.util.AttributeImpl,0.15,2,1,12,0,2,7,2,3,171,1
"org.apache.solr.handler.dataimport.AbstractDataImportHandlerTestCase",11,0.00,1.73,70,1.10,37244.46,11,0,21,42,52,153.94,28,105,34,3,114.05,17.00,0.05,0.00,1,32.00,3,3295.61,2,4,18,org.apache.solr.SolrTestCaseJ4,0.09,31,2,19,34,31,7,0,6,665,2
"org.apache.solr.handler.dataimport.AbstractDataImportHandlerTestCase$TestContext",22,0.01,1.23,51,0.60,12208.41,28,6,21,40,5,138.11,0,98,0,2,138.11,0.00,0.50,0.17,0,0.00,2,1806.07,0,17,5,org.apache.solr.handler.dataimport.Context,0.56,18,1,27,0,18,5,0,0,462,1
"org.apache.solr.handler.dataimport.AbstractDataImportHandlerTestCase$TestUpdateRequestProcessor",8,0.10,1.00,35,0.30,4999.28,14,6,21,8,6,126.53,0,50,0,2,126.53,0.00,0.50,0.25,1,26.00,1,907.08,6,0,6,org.apache.solr.update.processor.UpdateRequestProcessor,0.13,0,1,8,0,0,8,0,0,227,2
"org.apache.solr.handler.dataimport.AbstractDataImportHandlerTestCase$TestUpdateRequestProcessorFactory",1,0.00,1.00,3,0.03,422.46,1,0,21,2,4,132.52,0,7,0,2,132.52,0.00,0.50,0.00,0,1.00,1,99.65,0,1,4,org.apache.solr.update.processor.UpdateRequestProcessorFactory,0.00,1,1,1,0,1,0,0,0,27,2
"org.apache.solr.handler.dataimport.BinContentStreamDataSource",3,0.33,2.67,18,0.21,5406.64,6,3,5,8,5,136.72,10,31,0,2,116.11,0.00,0.50,0.56,0,1.00,4,632.91,0,1,5,org.apache.solr.handler.dataimport.DataSource,0.33,5,1,8,0,5,2,0,2,140,1
"org.apache.solr.handler.dataimport.BinFileDataSource",3,0.50,1.33,11,0.13,2414.69,4,1,7,8,3,112.38,15,20,0,2,130.25,0.00,0.50,0.67,0,1.00,2,396.63,0,1,3,org.apache.solr.handler.dataimport.DataSource,0.33,5,1,4,0,5,2,0,1,91,1
"org.apache.solr.handler.dataimport.BinURLDataSource",5,0.21,2.40,40,0.51,15326.28,11,6,8,21,2,149.54,10,57,0,2,109.66,0.00,0.50,0.33,1,10.00,5,1543.48,0,2,2,org.apache.solr.handler.dataimport.DataSource,0.25,16,1,12,0,16,3,0,2,304,1
"org.apache.solr.handler.dataimport.CachedSqlEntityProcessor",3,0.50,3.00,27,0.32,12165.02,4,1,3,6,3,106.98,14,41,1,4,106.74,0.00,0.75,0.67,0,0.00,4,964.88,6,2,2,org.apache.solr.handler.dataimport.SqlEntityProcessor,0.38,3,3,9,0,3,1,0,1,199,1
"org.apache.solr.handler.dataimport.ClobTransformer",2,1.00,5.50,34,0.49,29727.00,3,1,7,13,7,73.98,10,45,1,2,91.86,0.00,0.50,0.50,1,2.00,8,1482.75,0,2,6,org.apache.solr.handler.dataimport.Transformer,0.00,11,1,11,0,11,0,0,1,272,1
"org.apache.solr.handler.dataimport.ContentStreamDataSource",3,0.33,2.67,18,0.21,5406.64,6,3,5,8,5,136.72,10,31,0,2,116.11,0.00,0.50,0.56,0,1.00,4,632.91,0,1,5,org.apache.solr.handler.dataimport.DataSource,0.33,5,1,8,0,5,2,0,1,140,1
"org.apache.solr.handler.dataimport.Context",21,8.00,1.00,28,0.28,4127.21,29,8,3,22,90,120.72,144,29,88,1,152.94,0.00,0.00,0.00,0,21.00,1,839.10,0,14,4,java.lang.Object,0.00,1,0,21,3,1,7,0,26,237,2
"org.apache.solr.handler.dataimport.ContextImpl",26,0.03,2.46,112,1.52,50528.78,37,11,5,46,16,122.44,9,184,9,2,122.44,1.00,0.33,0.12,3,334.00,10,4561.32,0,15,8,org.apache.solr.handler.dataimport.Context,0.51,20,1,64,1,20,11,0,2,986,1
"org.apache.solr.handler.dataimport.DIHLogLevels",0,0.00,0.00,2,0.03,112.59,0,0,0,0,5,171.00,0,3,5,1,171.00,0.00,0.00,0.00,0,0.00,0,75.06,0,0,0,java.lang.Object,0.00,0,0,0,0,0,0,0,0,18,1
"org.apache.solr.handler.dataimport.DIHPropertiesWriter",4,0.00,1.00,5,0.02,105.78,4,0,1,4,3,159.80,3,6,3,1,159.80,0.00,0.00,0.00,0,4.00,1,70.52,0,1,1,,0.00,0,0,4,0,0,3,0,1,28,1
"org.apache.solr.handler.dataimport.DIHWriter",8,0.00,1.00,9,0.05,211.63,8,0,1,8,4,127.58,51,10,2,1,159.80,0.00,0.00,0.00,0,8.00,1,141.09,0,0,2,,0.00,0,0,8,0,0,8,0,9,54,1
"org.apache.solr.handler.dataimport.DataConfig",0,0.00,0.00,12,0.19,5738.62,7,7,9,3,8,171.00,15,12,7,1,171.00,0.00,0.00,0.00,0,0.00,0,573.86,0,0,1,java.lang.Object,0.00,3,0,0,0,3,0,0,1,111,1
"org.apache.solr.handler.dataimport.DataConfig$Document",2,4.00,1.50,13,0.15,3688.69,6,4,9,4,0,116.16,1,15,0,1,116.16,0.00,0.00,0.00,0,2.00,2,446.85,0,0,0,java.lang.Object,0.00,2,0,3,0,2,2,0,1,97,2
"org.apache.solr.handler.dataimport.DataConfig$Entity",5,0.18,4.20,65,0.92,44252.67,20,15,9,24,4,98.04,1,80,0,1,98.04,0.00,0.00,0.21,0,1.00,11,2747.14,0,2,4,java.lang.Object,0.00,19,0,21,0,19,3,0,1,488,2
"org.apache.solr.handler.dataimport.DataConfig$Field",9,0.01,3.22,111,1.55,67016.37,26,17,9,43,3,99.98,4,134,0,1,99.98,0.00,0.00,0.05,4,26.00,11,4645.67,0,5,3,java.lang.Object,0.00,34,0,29,0,34,4,0,2,868,2
"org.apache.solr.handler.dataimport.DataConfig$Field$HashMap<String,String>",1,0.00,2.00,4,0.05,1308.22,1,0,9,1,0,123.84,0,7,0,1,123.84,0.00,0.00,0.00,0,1.00,2,158.46,3,1,0,java.lang.Object,0.00,0,0,2,0,0,0,0,0,42,0
"org.apache.solr.handler.dataimport.DataConfig$Script",2,2.00,1.50,9,0.09,1512.39,4,2,9,5,0,125.78,0,13,0,1,125.78,0.00,0.00,0.00,0,2.00,2,264.52,0,0,0,java.lang.Object,0.00,3,0,3,0,3,2,0,0,64,2
"org.apache.solr.handler.dataimport.DataImportHandler",11,0.07,4.27,168,3.09,211876.45,18,7,29,77,26,132.94,27,230,0,2,93.05,0.00,0.50,0.21,4,27.00,19,9272.04,2,7,26,org.apache.solr.handler.RequestHandlerBase,0.43,66,1,47,0,66,4,1,10,1485,1
"org.apache.solr.handler.dataimport.DataImportHandler$SolrWriter",1,0.00,2.00,6,0.06,1160.42,1,0,29,1,1,117.68,0,10,0,1,117.68,0.00,0.00,0.00,0,0.00,2,176.05,1,0,1,java.lang.Object,0.00,0,0,2,0,0,1,0,0,42,0
"org.apache.solr.handler.dataimport.DataImportHandlerException",7,0.00,1.57,29,0.30,5876.11,14,7,0,9,43,175.41,9,39,43,2,125.41,0.00,0.50,0.14,0,0.00,2,913.54,0,0,1,java.lang.RuntimeException,0.00,2,1,11,0,2,7,0,1,214,1
"org.apache.solr.handler.dataimport.DataImporter",27,0.04,2.96,267,4.23,194201.90,56,29,28,134,42,104.78,26,361,25,1,104.78,0.00,0.00,0.07,10,394.00,13,12698.29,0,10,21,java.lang.Object,0.00,107,0,80,0,107,17,0,16,2206,1
"org.apache.solr.handler.dataimport.DataImporter$MSG",0,0.00,0.00,15,0.23,3423.57,14,14,28,0,0,171.00,0,16,0,1,171.00,0.00,0.00,0.00,0,0.00,0,682.44,0,0,0,java.lang.Object,0.00,0,0,0,0,0,0,0,0,131,2
"org.apache.solr.handler.dataimport.DataImporter$RequestParams",2,0.60,7.00,45,0.87,53568.12,17,15,28,11,4,135.61,2,59,0,1,85.61,0.00,0.00,0.37,0,2.00,13,2599.21,0,0,4,java.lang.Object,0.00,9,0,14,0,9,2,0,2,445,2
"org.apache.solr.handler.dataimport.DataImporter$Status",0,0.00,0.00,2,0.01,36.00,0,0,28,0,0,171.00,0,3,0,1,171.00,0.00,0.00,0.00,0,0.00,0,24.00,0,0,0,java.lang.Object,0.00,0,0,0,0,0,0,0,0,8,1
"org.apache.solr.handler.dataimport.DataImporter$Thread",1,0.00,1.00,3,0.02,143.17,1,0,28,2,0,136.23,0,5,0,1,136.23,0.00,0.00,0.00,0,1.00,1,52.97,0,0,0,java.lang.Object,0.00,1,0,1,0,1,1,0,0,17,0
"org.apache.solr.handler.dataimport.DataImporter$ThreadLocal<AtomicLong>",1,0.00,1.00,3,0.02,301.04,1,0,28,2,0,133.68,0,5,0,1,133.68,0.00,0.00,0.00,0,1.00,1,62.84,0,1,0,java.lang.Object,0.00,1,0,1,0,1,0,0,0,20,0
"org.apache.solr.handler.dataimport.DataImporter$ThreadLocal<SimpleDateFormat>",1,0.00,1.00,3,0.02,303.40,1,0,28,2,0,133.66,0,5,0,1,133.66,0.00,0.00,0.00,0,1.00,1,68.08,0,1,0,java.lang.Object,0.00,1,0,1,0,1,0,0,0,21,0
"org.apache.solr.handler.dataimport.DataSource",3,0.00,1.00,4,0.03,217.46,3,0,1,3,28,136.21,42,5,28,1,156.35,0.00,0.00,0.00,0,3.00,1,96.73,0,0,1,java.lang.Object,0.00,0,0,3,14,0,3,0,4,32,2
"org.apache.solr.handler.dataimport.DateFormatTransformer",2,0.33,6.50,39,0.62,36914.40,5,3,5,17,5,46.98,15,54,1,2,89.27,0.00,0.50,0.50,1,2.00,9,1854.80,0,2,4,org.apache.solr.handler.dataimport.Transformer,0.00,15,1,13,0,15,0,0,1,333,1
"org.apache.solr.handler.dataimport.DebugLogger",9,0.02,4.33,99,1.51,125298.48,14,5,8,33,10,149.19,17,130,3,1,99.19,0.00,0.00,0.18,2,13.00,20,4519.80,0,4,7,java.lang.Object,0.00,24,0,39,0,24,5,0,3,841,0
"org.apache.solr.handler.dataimport.DebugLogger$DataSource",3,0.00,1.67,17,0.22,7000.67,3,0,8,10,4,118.29,0,31,0,1,118.29,0.00,0.00,0.00,0,3.00,3,650.40,0,1,4,java.lang.Object,0.00,7,0,5,0,7,2,0,0,135,0
"org.apache.solr.handler.dataimport.DebugLogger$DebugInfo",1,5.00,5.00,20,0.22,9383.66,7,6,8,4,3,90.82,0,25,0,1,90.82,0.00,0.00,0.17,0,0.00,5,672.71,0,0,3,java.lang.Object,0.00,3,0,5,0,3,1,0,0,138,2
"org.apache.solr.handler.dataimport.DebugLogger$Stack<DebugInfo>",1,0.00,2.00,4,0.05,968.26,1,0,8,3,1,124.87,0,8,0,1,124.87,0.00,0.00,0.00,0,1.00,2,144.99,1,0,1,java.lang.Object,0.00,2,0,2,0,2,1,0,0,36,0
"org.apache.solr.handler.dataimport.DebugLogger$Transformer",1,0.00,3.00,16,0.20,10139.22,1,0,8,5,3,94.28,0,21,0,1,94.28,0.00,0.00,0.00,0,1.00,3,614.70,0,1,3,java.lang.Object,0.00,4,0,3,0,4,0,0,0,118,0
"org.apache.solr.handler.dataimport.Deprecated",0,0.00,0.00,1,0.01,90.00,0,0,0,0,1,171.00,17,2,0,3,171.00,0.00,0.67,0.00,0,0.00,0,27.00,0,0,1,org.apache.solr.handler.dataimport.URLDataSource,0.00,0,2,0,0,0,0,0,1,9,1
"org.apache.solr.handler.dataimport.DocBuilder",25,0.09,6.80,488,8.74,722427.75,49,24,12,172,29,127.62,55,702,12,1,87.73,0.00,0.00,0.12,19,108.00,36,26225.35,0,4,21,java.lang.Object,0.00,147,0,170,0,147,21,0,36,4289,1
"org.apache.solr.handler.dataimport.DocBuilder$DocWrapper",2,0.00,2.00,7,0.09,1906.78,3,1,12,5,1,129.58,1,10,0,2,129.58,0.00,0.50,1.00,0,0.00,2,271.67,0,1,1,org.apache.solr.common.SolrInputDocument,0.00,3,1,4,0,3,1,0,1,66,1
"org.apache.solr.handler.dataimport.DocBuilder$EntityRow",1,3.00,1.00,8,0.07,1347.83,4,3,12,1,0,112.67,0,10,0,1,112.67,0.00,0.00,0.00,0,1.00,1,208.68,0,0,0,java.lang.Object,0.00,0,0,1,0,0,1,0,0,54,1
"org.apache.solr.handler.dataimport.DocBuilder$EntityRunner",4,0.36,8.25,126,1.73,127672.32,15,11,12,48,8,129.42,5,159,0,1,79.42,0.00,0.00,0.36,2,0.00,20,5190.04,0,0,8,java.lang.Object,0.00,44,0,33,0,44,4,0,5,840,0
"org.apache.solr.handler.dataimport.DocBuilder$EntityRunner$Runnable",1,0.00,2.00,7,0.06,775.35,1,0,12,3,0,116.56,0,11,0,1,116.56,0.00,0.00,0.00,0,0.00,2,166.32,0,0,0,java.lang.Object,0.00,2,0,2,0,2,1,0,0,39,0
"org.apache.solr.handler.dataimport.DocBuilder$Object",1,0.00,1.00,3,0.02,253.76,1,0,12,3,0,134.27,0,5,0,1,134.27,0.00,0.00,0.00,0,1.00,1,67.21,0,1,0,java.lang.Object,0.00,2,0,1,0,2,0,0,0,20,0
"org.apache.solr.handler.dataimport.DocBuilder$Statistics",2,0.33,1.00,21,0.28,8383.92,8,6,12,7,0,105.17,0,24,0,1,105.17,0.00,0.00,0.33,0,2.00,1,850.13,0,2,0,java.lang.Object,0.00,5,0,2,0,5,0,0,0,198,2
"org.apache.solr.handler.dataimport.EntityProcessor",8,0.00,1.00,9,0.08,613.42,8,0,1,8,11,106.16,76,12,11,1,156.16,0.00,0.00,0.00,0,8.00,1,233.66,0,4,1,java.lang.Object,0.00,0,0,8,13,0,4,0,10,75,2
"org.apache.solr.handler.dataimport.EntityProcessorBase",13,0.05,2.69,125,1.91,117416.25,35,22,5,37,13,104.26,54,175,8,2,104.03,10.00,0.08,0.09,2,58.00,11,5722.21,0,9,5,org.apache.solr.handler.dataimport.EntityProcessor,0.57,24,1,35,10,24,4,0,13,1064,1
"org.apache.solr.handler.dataimport.EntityProcessorWrapper",14,0.13,3.29,146,1.89,117400.95,23,9,11,57,18,102.53,8,200,10,2,102.53,1.00,0.33,0.23,3,10.00,18,5666.74,0,7,9,org.apache.solr.handler.dataimport.EntityProcessor,0.55,43,1,46,1,43,7,0,4,1037,1
"org.apache.solr.handler.dataimport.EntityProcessorWrapper$ArrayList<Transformer>",1,0.00,2.00,5,0.06,1574.25,1,0,11,2,1,119.59,0,8,0,1,119.59,0.00,0.00,0.00,0,0.00,2,189.11,1,0,1,java.lang.Object,0.00,1,0,2,0,1,1,0,0,45,0
"org.apache.solr.handler.dataimport.EntityProcessorWrapper$SuppressWarnings",2,0.50,1.50,15,0.17,3596.80,6,4,11,5,3,113.75,0,23,0,2,113.75,0.00,0.50,0.50,0,0.00,2,521.03,0,1,3,org.apache.solr.handler.dataimport.Transformer,0.00,3,1,3,0,3,1,0,0,114,1
"org.apache.solr.handler.dataimport.Evaluator",1,0.00,1.00,2,0.01,99.30,1,0,0,1,7,193.32,24,3,6,1,144.05,0.00,0.00,0.00,0,1.00,1,43.31,0,1,1,java.lang.Object,0.00,0,0,1,3,0,0,0,2,15,2
"org.apache.solr.handler.dataimport.EvaluatorBag",6,0.06,2.83,62,0.98,61815.91,13,7,16,35,12,51.86,55,81,6,1,101.86,0.00,0.00,0.10,0,10.00,9,2946.83,0,5,7,java.lang.Object,0.00,29,0,17,0,29,1,0,7,520,1
"org.apache.solr.handler.dataimport.EvaluatorBag$DateMathParser",1,0.00,1.00,3,0.03,341.91,1,0,16,2,0,133.25,0,6,0,1,133.25,0.00,0.00,0.00,0,1.00,1,79.19,0,1,0,java.lang.Object,0.00,1,0,1,0,1,0,0,0,25,0
"org.apache.solr.handler.dataimport.EvaluatorBag$Evaluator",1,0.00,2.00,7,0.12,3020.27,1,0,16,9,2,132.53,3,10,0,1,111.91,0.00,0.00,0.00,0,1.00,2,370.11,0,1,2,java.lang.Object,0.00,8,0,2,0,8,0,0,3,73,0
"org.apache.solr.handler.dataimport.EvaluatorBag$Evaluator_0",1,0.00,2.00,7,0.10,2436.19,1,0,16,8,3,112.65,0,10,0,1,112.65,0.00,0.00,0.00,0,1.00,2,300.57,0,1,3,java.lang.Object,0.00,7,0,2,0,7,0,0,0,62,0
"org.apache.solr.handler.dataimport.EvaluatorBag$Evaluator_1",1,0.00,3.00,10,0.15,5017.73,1,0,16,10,2,104.30,0,15,0,1,104.30,0.00,0.00,0.00,0,1.00,3,463.81,0,1,2,java.lang.Object,0.00,9,0,3,0,9,0,0,0,88,0
"org.apache.solr.handler.dataimport.EvaluatorBag$Evaluator_2",1,0.00,8.00,35,0.50,29194.87,1,0,16,15,2,77.76,0,47,0,1,77.76,0.00,0.00,0.00,0,0.00,8,1502.39,0,1,2,java.lang.Object,0.00,14,0,8,0,14,0,0,0,247,0
"org.apache.solr.handler.dataimport.EvaluatorBag$HashMap<String,Object>",1,0.00,4.00,9,0.14,4247.86,1,0,16,6,1,106.51,0,14,0,1,106.51,0.00,0.00,0.00,0,0.00,4,434.00,0,1,1,java.lang.Object,0.00,5,0,4,0,5,0,0,0,90,0
"org.apache.solr.handler.dataimport.EvaluatorBag$VariableWrapper",3,0.25,1.33,11,0.10,1686.97,5,2,16,5,1,131.48,0,16,0,1,131.48,0.00,0.00,0.67,0,1.00,2,285.71,0,2,1,java.lang.Object,0.00,2,0,4,0,2,1,0,0,75,2
"org.apache.solr.handler.dataimport.EventListener",1,0.00,1.00,2,0.01,41.48,1,0,0,1,4,109.47,12,3,3,1,147.03,0.00,0.00,0.00,0,1.00,1,27.65,0,0,1,,0.00,0,0,1,0,0,1,0,2,11,1
"org.apache.solr.handler.dataimport.FieldReaderDataSource",5,0.10,2.60,41,0.47,16057.71,10,5,9,18,7,109.71,21,60,2,2,109.48,0.00,0.50,0.28,2,6.00,7,1422.58,0,3,5,org.apache.solr.handler.dataimport.DataSource,0.25,13,1,13,0,13,2,0,5,289,1
"org.apache.solr.handler.dataimport.FieldStreamDataSource",3,0.25,2.67,29,0.40,14996.64,7,4,9,19,6,73.83,20,41,0,2,106.05,0.00,0.50,0.42,0,1.00,6,1212.19,0,1,6,org.apache.solr.handler.dataimport.DataSource,0.33,16,1,8,0,16,2,0,5,227,1
"org.apache.solr.handler.dataimport.FileDataSource",5,0.06,2.60,33,0.47,18837.93,9,4,6,20,4,63.59,48,52,1,2,113.59,0.00,0.50,0.30,2,9.00,6,1400.73,0,3,3,org.apache.solr.handler.dataimport.DataSource,0.25,15,1,13,0,15,2,0,5,292,1
"org.apache.solr.handler.dataimport.FileListEntityProcessor",6,0.20,4.67,105,1.70,69504.69,30,24,6,37,5,63.36,79,141,1,3,92.75,0.00,0.67,0.21,1,6.00,7,5092.09,2,3,4,org.apache.solr.handler.dataimport.EntityProcessorBase,0.11,31,2,28,0,31,3,0,15,915,1
"org.apache.solr.handler.dataimport.FileListEntityProcessor$FilenameFilter",1,0.00,6.00,11,0.14,5872.81,1,0,6,6,0,102.06,0,14,0,1,102.06,0.00,0.00,0.00,0,0.00,6,424.15,0,0,0,java.lang.Object,0.00,5,0,6,0,5,1,0,0,88,0
"org.apache.solr.handler.dataimport.HTMLStripTransformer",2,0.00,7.50,39,0.64,43209.33,4,2,8,22,6,88.94,8,56,0,2,88.70,0.00,0.50,0.50,1,2.00,9,1920.68,0,2,6,org.apache.solr.handler.dataimport.Transformer,0.00,20,1,15,0,20,0,0,2,340,1
"org.apache.solr.handler.dataimport.JdbcDataSource",10,0.08,3.40,95,1.64,77663.66,25,15,8,40,6,154.49,11,149,2,2,104.49,0.00,0.50,0.14,3,22.00,13,4918.82,1,4,5,org.apache.solr.handler.dataimport.DataSource,0.15,30,1,34,0,30,6,0,3,883,1
"org.apache.solr.handler.dataimport.JdbcDataSource$Callable<Connection>",1,0.00,16.00,49,0.95,66370.59,1,0,8,21,3,51.47,5,64,0,1,69.34,0.00,0.00,0.00,0,0.00,16,2845.38,0,1,3,java.lang.Object,0.00,20,0,16,0,20,0,0,5,427,0
"org.apache.solr.handler.dataimport.JdbcDataSource$ResultSetIterator",5,0.25,5.40,73,0.95,53232.95,9,4,8,32,0,96.15,1,107,0,1,96.15,0.00,0.00,0.45,1,0.00,14,2839.61,0,2,0,java.lang.Object,0.00,27,0,27,0,27,3,0,1,519,1
"org.apache.solr.handler.dataimport.JdbcDataSource$ResultSetIterator$Iterator<Map<String,Object>>",3,0.00,1.00,6,0.04,335.20,3,0,8,5,0,143.64,1,9,0,1,143.64,0.00,0.00,0.00,0,3.00,1,120.08,0,1,0,java.lang.Object,0.00,2,0,3,0,2,2,0,1,38,0
"org.apache.solr.handler.dataimport.LineEntityProcessor",3,0.57,4.33,37,0.51,22602.85,10,7,4,15,4,139.18,65,55,1,3,99.88,0.00,0.67,0.52,0,0.00,7,1539.05,2,1,3,org.apache.solr.handler.dataimport.EntityProcessorBase,0.38,12,2,13,0,12,2,0,13,298,1
"org.apache.solr.handler.dataimport.LogTransformer",1,0.00,12.00,19,0.38,17641.82,4,3,3,15,2,40.81,10,28,0,2,89.29,0.00,0.50,1.00,0,0.00,12,1140.19,0,1,2,org.apache.solr.handler.dataimport.Transformer,0.00,14,1,12,0,14,0,0,1,214,1
"org.apache.solr.handler.dataimport.MailEntityProcessor",13,0.11,4.92,232,4.38,242403.45,52,39,18,78,5,130.99,26,302,0,3,91.11,0.00,0.67,0.13,6,75.00,15,13136.57,1,3,5,org.apache.solr.handler.dataimport.EntityProcessorBase,0.18,65,2,64,0,65,10,0,19,2223,1
"org.apache.solr.handler.dataimport.MailEntityProcessor$CustomFilter",1,0.00,1.00,2,0.01,52.70,1,0,18,1,0,146.21,0,4,0,1,146.21,0.00,0.00,0.00,0,1.00,1,31.26,0,1,0,,0.00,0,0,1,0,0,0,0,0,12,2
"org.apache.solr.handler.dataimport.MailEntityProcessor$FolderIterator",6,0.10,4.00,66,0.85,52014.57,10,4,18,24,1,100.82,3,89,0,1,100.82,0.00,0.00,0.33,1,2.00,9,2537.62,0,0,1,java.lang.Object,0.00,18,0,24,0,18,6,1,3,477,0
"org.apache.solr.handler.dataimport.MailEntityProcessor$MailsSinceLastCheckFilter",2,0.00,1.00,6,0.04,397.09,3,1,18,3,0,135.11,0,9,0,1,135.11,0.00,0.00,1.00,0,0.00,1,125.91,0,1,0,java.lang.Object,0.00,1,0,2,0,1,1,1,0,36,0
"org.apache.solr.handler.dataimport.MailEntityProcessor$MessageIterator",6,0.34,3.17,64,0.78,31591.27,13,7,18,16,2,104.13,2,83,0,1,104.13,0.00,0.00,0.43,3,0.00,5,2327.66,0,1,2,java.lang.Object,0.00,10,0,19,0,10,5,1,2,457,0
"org.apache.solr.handler.dataimport.MockDataSource",5,0.25,1.00,11,0.18,4443.49,6,1,4,9,17,186.55,9,22,15,2,136.55,1.00,0.33,0.80,0,0.00,1,530.64,0,1,2,org.apache.solr.handler.dataimport.DataSource,0.25,4,1,5,1,4,4,0,1,132,1
"org.apache.solr.handler.dataimport.MockInitialContextFactory",3,0.17,1.33,16,0.22,4341.98,6,3,8,15,1,119.97,0,23,1,1,119.97,0.00,0.00,0.44,0,2.00,2,645.72,0,1,0,java.lang.Object,0.00,12,0,4,0,12,2,1,0,140,1
"org.apache.solr.handler.dataimport.MockInitialContextFactory$IAnswer<Object>",1,0.00,1.00,3,0.03,353.13,1,0,8,2,0,133.14,0,4,0,1,133.14,0.00,0.00,0.00,0,0.00,1,95.65,0,1,0,java.lang.Object,0.00,1,0,1,0,1,0,0,0,26,0
"org.apache.solr.handler.dataimport.NumberFormatTransformer",3,0.29,6.00,59,1.02,72454.19,10,7,9,31,6,56.15,18,81,1,2,88.37,0.00,0.50,0.33,2,5.00,11,3046.06,0,3,5,org.apache.solr.handler.dataimport.Transformer,0.00,28,1,18,0,28,0,0,1,530,1
"org.apache.solr.handler.dataimport.PlainTextEntityProcessor",2,0.33,3.50,30,0.44,21897.88,5,3,11,16,3,115.65,6,40,0,3,95.03,0.00,0.67,0.50,0,0.00,6,1313.04,1,1,3,org.apache.solr.handler.dataimport.EntityProcessorBase,0.26,14,2,7,0,14,1,0,1,237,1
"org.apache.solr.handler.dataimport.RegexTransformer",5,0.07,7.40,113,1.84,178113.53,12,7,5,37,9,105.24,17,146,6,2,84.62,0.00,0.50,0.20,4,14.00,18,5523.60,0,5,3,org.apache.solr.handler.dataimport.Transformer,0.00,32,1,37,0,32,0,0,1,946,1
"org.apache.solr.handler.dataimport.ScriptTransformer",4,0.22,2.75,30,0.46,17110.40,7,3,5,14,5,110.88,18,55,2,2,110.65,0.00,0.50,0.50,1,2.00,6,1389.16,0,2,3,org.apache.solr.handler.dataimport.Transformer,0.00,10,1,11,0,10,2,0,3,266,1
"org.apache.solr.handler.dataimport.SimplePropertiesWriter",5,0.20,3.20,48,0.64,24261.22,10,5,11,27,4,106.11,0,71,1,1,106.11,0.00,0.00,0.36,2,0.00,5,1912.32,0,2,4,java.lang.Object,0.00,22,0,16,0,22,3,1,0,381,1
"org.apache.solr.handler.dataimport.SolrWriter",11,0.18,1.91,66,0.78,19837.98,15,4,12,33,17,116.18,8,109,8,1,116.18,0.00,0.00,0.41,0,0.00,3,2343.15,0,2,10,java.lang.Object,0.00,22,0,21,2,22,9,1,2,502,1
"org.apache.solr.handler.dataimport.SqlEntityProcessor",8,0.06,3.25,78,1.10,39150.25,17,9,6,34,13,145.96,18,112,9,3,106.08,1.50,0.33,0.17,3,0.00,7,3307.34,2,6,4,org.apache.solr.handler.dataimport.EntityProcessorBase,0.52,26,2,26,3,26,2,0,1,642,1
"org.apache.solr.handler.dataimport.TemplateString",6,0.10,2.33,47,0.61,22805.22,10,4,4,27,6,111.33,26,55,5,1,111.09,0.00,0.00,0.33,0,10.00,5,1819.22,0,4,1,java.lang.Object,0.00,21,0,14,0,21,2,0,3,382,1
"org.apache.solr.handler.dataimport.TemplateTransformer",2,0.00,4.50,30,0.51,24254.09,5,3,5,14,6,65.24,27,42,1,2,94.62,0.00,0.50,0.33,1,2.00,7,1536.17,0,2,5,org.apache.solr.handler.dataimport.Transformer,0.00,12,1,9,0,12,0,0,4,280,1
"org.apache.solr.handler.dataimport.TestCachedSqlEntityProcessor",6,0.00,4.00,158,2.88,169051.90,6,0,5,30,8,132.86,8,192,0,4,82.86,0.00,0.75,0.00,1,6.00,7,8652.09,2,0,8,org.apache.solr.handler.dataimport.AbstractDataImportHandlerTestCase,0.00,24,3,24,0,24,6,0,1,1465,1
"org.apache.solr.handler.dataimport.TestCachedSqlEntityProcessor$DoubleTransformer",1,0.00,1.00,6,0.08,2852.23,1,0,5,3,2,114.76,0,9,0,2,114.76,0.00,0.50,0.00,0,1.00,1,254.88,0,1,2,org.apache.solr.handler.dataimport.Transformer,0.00,2,1,1,0,2,0,0,0,59,2
"org.apache.solr.handler.dataimport.TestCachedSqlEntityProcessor$UppercaseTransformer",1,0.00,3.00,9,0.12,4544.68,1,0,5,4,2,106.35,0,14,0,2,106.35,0.00,0.50,0.00,0,1.00,3,359.65,0,1,2,org.apache.solr.handler.dataimport.Transformer,0.00,3,1,3,0,3,0,0,0,75,2
"org.apache.solr.handler.dataimport.TestClobTransformer",1,0.00,1.00,16,0.33,11689.31,1,0,7,15,6,45.95,8,18,0,4,94.05,0.00,0.75,0.00,0,1.00,1,987.93,1,0,6,org.apache.solr.handler.dataimport.AbstractDataImportHandlerTestCase,0.00,14,3,1,0,14,1,0,2,172,1
"org.apache.solr.handler.dataimport.TestClobTransformer$InvocationHandler",1,0.00,2.00,5,0.05,958.47,1,0,7,4,0,121.29,0,7,0,1,121.29,0.00,0.00,0.00,0,1.00,2,161.80,0,1,0,java.lang.Object,0.00,3,0,2,0,3,0,0,0,38,0
"org.apache.solr.handler.dataimport.TestContentStreamDataSource",4,0.17,1.00,38,0.53,11342.26,8,4,13,28,7,158.22,6,56,0,4,108.22,0.00,0.75,0.38,0,0.00,1,1597.16,2,1,7,org.apache.solr.handler.dataimport.AbstractDataImportHandlerTestCase,0.11,24,3,4,0,24,3,0,1,310,1
"org.apache.solr.handler.dataimport.TestContentStreamDataSource$SolrInstance",8,0.03,1.00,35,0.34,7101.60,13,5,13,16,0,125.32,4,45,0,1,125.32,0.00,0.00,0.18,2,18.00,1,1017.06,0,5,0,java.lang.Object,0.00,8,0,8,0,8,3,0,1,231,1
"org.apache.solr.handler.dataimport.TestDataConfig",3,1.00,1.00,16,0.28,4445.40,4,1,8,17,3,159.84,8,32,0,4,119.96,0.00,0.75,0.33,0,4.00,1,852.64,6,0,3,org.apache.solr.handler.dataimport.AbstractDataImportHandlerTestCase,0.00,14,3,3,0,14,3,0,1,173,1
"org.apache.solr.handler.dataimport.TestDateFormatTransformer",2,0.00,1.00,33,0.62,17693.10,2,0,3,16,6,95.24,8,46,0,4,95.00,0.00,0.75,0.00,0,2.00,1,1869.67,2,0,6,org.apache.solr.handler.dataimport.AbstractDataImportHandlerTestCase,0.00,14,3,2,0,14,2,0,1,333,1
"org.apache.solr.handler.dataimport.TestDocBuilder",7,0.17,1.86,140,2.72,95213.91,9,2,4,35,6,139.78,8,164,0,4,89.78,0.00,0.75,0.36,0,8.00,3,8151.87,2,0,6,org.apache.solr.handler.dataimport.AbstractDataImportHandlerTestCase,0.05,28,3,13,0,28,7,0,1,1353,1
"org.apache.solr.handler.dataimport.TestDocBuilder$SolrWriterImpl",5,0.06,1.00,15,0.15,2934.26,9,4,4,7,2,131.40,0,25,0,2,131.40,0.00,0.50,0.20,0,17.00,1,456.79,0,0,2,org.apache.solr.handler.dataimport.SolrWriter,0.38,2,1,5,0,2,5,0,0,115,1
"org.apache.solr.handler.dataimport.TestDocBuilder2",12,0.03,1.00,147,2.56,70989.15,19,7,8,26,3,101.04,11,248,0,4,101.04,0.00,0.75,0.12,0,82.00,1,7676.53,7,0,3,org.apache.solr.handler.dataimport.AbstractDataImportHandlerTestCase,0.00,14,3,12,0,14,12,0,4,1377,1
"org.apache.solr.handler.dataimport.TestDocBuilder2$AddDynamicFieldTransformer",1,0.00,1.00,4,0.04,738.67,1,0,8,2,2,175.95,1,7,0,2,125.95,0.00,0.50,0.00,0,1.00,1,132.02,0,1,2,org.apache.solr.handler.dataimport.Transformer,0.00,1,1,1,0,1,0,0,1,33,2
"org.apache.solr.handler.dataimport.TestDocBuilder2$EndEventListener",1,0.00,1.00,4,0.03,283.34,2,1,8,1,2,129.23,0,6,0,1,129.23,0.00,0.00,1.00,0,0.00,1,91.83,0,0,2,java.lang.Object,0.00,0,0,1,0,0,1,1,0,26,2
"org.apache.solr.handler.dataimport.TestDocBuilder2$MockDataSource2",0,0.00,0.00,1,0.01,49.13,0,0,8,0,1,171.00,0,2,0,3,171.00,0.00,0.67,0.00,0,0.00,0,19.65,0,0,1,org.apache.solr.handler.dataimport.MockDataSource,0.00,0,2,0,0,0,0,0,0,7,2
"org.apache.solr.handler.dataimport.TestDocBuilder2$MockTransformer",1,0.00,1.00,4,0.05,936.44,1,0,8,3,2,125.14,0,7,0,2,125.14,0.00,0.50,0.00,0,1.00,1,155.36,0,1,2,org.apache.solr.handler.dataimport.Transformer,0.00,2,1,1,0,2,0,0,0,37,2
"org.apache.solr.handler.dataimport.TestDocBuilder2$StartEventListener",1,0.00,1.00,4,0.03,283.34,2,1,8,1,2,129.23,0,6,0,1,129.23,0.00,0.00,1.00,0,0.00,1,91.83,0,0,2,java.lang.Object,0.00,0,0,1,0,0,1,1,0,26,2
"org.apache.solr.handler.dataimport.TestDocBuilderThreaded",10,0.07,1.10,56,1.30,52283.73,16,6,7,18,2,115.62,8,217,0,4,115.62,0.00,0.75,0.10,1,66.00,2,3900.44,10,1,2,org.apache.solr.handler.dataimport.AbstractDataImportHandlerTestCase,0.10,8,3,11,0,8,9,0,4,736,1
"org.apache.solr.handler.dataimport.TestDocBuilderThreaded$DemoEvaluator",1,0.00,2.00,10,0.12,2933.21,2,1,7,7,3,126.85,3,14,0,2,106.23,0.00,0.50,1.00,0,0.00,2,358.77,0,1,3,org.apache.solr.handler.dataimport.Evaluator,0.00,6,1,2,0,6,0,0,1,76,2
"org.apache.solr.handler.dataimport.TestDocBuilderThreaded$DemoProcessor",1,0.00,2.00,8,0.11,2813.21,2,1,7,5,3,109.99,0,11,0,4,109.99,0.00,0.75,1.00,0,0.00,2,323.77,1,0,3,org.apache.solr.handler.dataimport.SqlEntityProcessor,0.00,4,3,2,0,4,1,0,0,69,2
"org.apache.solr.handler.dataimport.TestDocBuilderThreaded$FailingProcessor",1,0.00,2.00,6,0.07,1766.59,1,0,7,4,2,116.24,0,10,0,4,116.24,0.00,0.75,0.00,0,1.00,2,224.11,1,0,2,org.apache.solr.handler.dataimport.SqlEntityProcessor,0.00,3,3,2,0,3,1,0,0,50,2
"org.apache.solr.handler.dataimport.TestDocBuilderThreaded$FailingTransformer",1,0.00,1.00,3,0.04,553.78,1,0,7,2,2,131.60,0,6,0,2,131.60,0.00,0.50,0.00,0,1.00,1,113.11,0,1,2,org.apache.solr.handler.dataimport.Transformer,0.00,1,1,1,0,1,0,0,0,29,2
"org.apache.solr.handler.dataimport.TestEntityProcessorBase",1,0.00,1.00,20,0.40,16570.02,1,0,5,14,5,41.14,8,27,0,4,89.24,0.00,0.75,0.00,0,1.00,1,1204.51,2,0,5,org.apache.solr.handler.dataimport.AbstractDataImportHandlerTestCase,0.00,13,3,1,0,13,1,0,1,219,1
"org.apache.solr.handler.dataimport.TestEntityProcessorBase$T1",1,0.00,1.00,4,0.04,720.56,1,0,5,2,2,126.04,0,7,0,2,126.04,0.00,0.50,0.00,0,1.00,1,127.88,0,1,2,org.apache.solr.handler.dataimport.Transformer,0.00,1,1,1,0,1,0,0,0,32,1
"org.apache.solr.handler.dataimport.TestEntityProcessorBase$T2",1,0.00,1.00,4,0.04,720.56,1,0,5,2,2,126.04,0,7,0,2,126.04,0.00,0.50,0.00,0,1.00,1,127.88,0,1,2,org.apache.solr.handler.dataimport.Transformer,0.00,1,1,1,0,1,0,0,0,32,1
"org.apache.solr.handler.dataimport.TestEntityProcessorBase$T3",1,0.00,1.00,4,0.03,474.00,1,0,5,2,0,127.47,0,6,0,1,127.47,0.00,0.00,0.00,0,1.00,1,92.00,0,1,0,java.lang.Object,0.00,1,0,1,0,1,0,0,0,25,1
"org.apache.solr.handler.dataimport.TestErrorHandling",6,0.07,1.00,37,0.65,16891.92,12,6,8,10,2,164.81,6,108,0,4,114.81,0.00,0.75,0.22,0,10.00,1,1961.02,10,0,2,org.apache.solr.handler.dataimport.AbstractDataImportHandlerTestCase,0.05,4,3,6,0,4,6,0,1,385,1
"org.apache.solr.handler.dataimport.TestErrorHandling$ExceptionTransformer",1,0.00,1.00,3,0.04,553.78,1,0,8,2,2,131.60,0,6,0,2,131.60,0.00,0.50,0.00,0,1.00,1,113.11,0,1,2,org.apache.solr.handler.dataimport.Transformer,0.00,1,1,1,0,1,0,0,0,29,2
"org.apache.solr.handler.dataimport.TestErrorHandling$StringDataSource",3,1.00,1.00,6,0.07,714.91,4,1,8,4,2,141.05,0,13,0,2,141.05,0.00,0.50,0.33,0,4.00,1,195.21,0,1,2,org.apache.solr.handler.dataimport.DataSource,0.33,1,1,3,0,1,2,0,0,54,2
"org.apache.solr.handler.dataimport.TestEvaluatorBag",7,0.04,1.14,75,1.24,37135.37,11,4,6,35,6,144.22,15,103,0,4,104.34,0.00,0.75,0.29,1,12.00,2,3708.49,1,0,6,org.apache.solr.handler.dataimport.AbstractDataImportHandlerTestCase,0.05,28,3,8,0,28,7,0,4,687,1
"org.apache.solr.handler.dataimport.TestFieldReader",1,0.00,1.00,14,0.28,5519.29,3,2,4,14,3,56.49,7,29,0,4,98.78,0.00,0.75,1.00,0,0.00,1,830.64,1,0,3,org.apache.solr.handler.dataimport.AbstractDataImportHandlerTestCase,0.00,13,3,1,0,13,1,0,1,156,1
"org.apache.solr.handler.dataimport.TestFileListEntityProcessor",5,0.00,2.40,104,2.04,94420.70,5,0,5,35,5,138.59,9,149,1,4,88.59,0.00,0.75,0.00,1,5.00,4,6120.50,3,1,4,org.apache.solr.handler.dataimport.AbstractDataImportHandlerTestCase,0.00,30,3,12,0,30,4,0,2,1012,1
"org.apache.solr.handler.dataimport.TestJdbcDataSource",6,0.40,1.33,88,1.40,41054.00,15,9,11,43,5,137.86,13,116,0,4,97.98,0.00,0.75,0.44,0,0.00,2,4186.18,3,0,5,org.apache.solr.handler.dataimport.AbstractDataImportHandlerTestCase,0.11,37,3,8,0,37,6,0,2,749,1
"org.apache.solr.handler.dataimport.TestLineEntityProcessor",6,0.40,2.67,59,1.22,41290.49,7,1,5,19,5,67.40,75,149,0,4,104.96,0.00,0.75,0.67,0,0.00,5,3648.25,2,2,5,org.apache.solr.handler.dataimport.AbstractDataImportHandlerTestCase,0.00,13,3,16,0,13,4,0,44,652,1
"org.apache.solr.handler.dataimport.TestLineEntityProcessor$DataSource<Reader>",3,0.00,1.00,5,0.05,447.58,3,0,5,4,1,153.88,0,11,0,1,153.88,0.00,0.00,0.00,0,3.00,1,144.54,0,1,1,java.lang.Object,0.00,1,0,3,0,1,2,0,0,43,0
"org.apache.solr.handler.dataimport.TestMailEntityProcessor",7,0.10,1.14,102,1.67,35824.47,12,5,8,22,3,138.89,19,128,0,4,99.01,0.00,0.75,0.29,1,0.00,2,5017.85,0,1,3,org.apache.solr.handler.dataimport.AbstractDataImportHandlerTestCase,0.00,15,3,8,0,15,6,0,10,905,1
"org.apache.solr.handler.dataimport.TestMailEntityProcessor$SolrWriterImpl",4,0.11,1.00,12,0.11,1569.14,7,3,8,6,2,132.78,0,20,0,2,132.78,0.00,0.50,0.25,0,10.00,1,327.50,0,0,2,org.apache.solr.handler.dataimport.SolrWriter,0.27,2,1,4,0,2,4,0,0,85,1
"org.apache.solr.handler.dataimport.TestNumberFormatTransformer",9,0.00,1.00,73,1.54,36641.16,11,2,6,21,6,108.89,8,112,0,4,108.89,0.00,0.75,0.50,0,0.00,1,4622.88,2,0,6,org.apache.solr.handler.dataimport.AbstractDataImportHandlerTestCase,0.00,12,3,9,0,12,9,0,1,861,1
"org.apache.solr.handler.dataimport.TestPlainTextEntityProcessor",1,0.00,1.00,10,0.17,2736.48,2,1,3,9,2,64.34,7,20,0,4,106.63,0.00,0.75,1.00,0,0.00,1,506.62,1,0,2,org.apache.solr.handler.dataimport.AbstractDataImportHandlerTestCase,0.00,8,3,1,0,8,1,0,1,105,1
"org.apache.solr.handler.dataimport.TestPlainTextEntityProcessor$DS",3,1.00,1.00,6,0.06,574.11,4,1,3,4,2,141.80,0,13,0,2,141.80,0.00,0.50,0.33,0,4.00,1,175.08,0,1,2,org.apache.solr.handler.dataimport.DataSource,0.33,1,1,3,0,1,2,0,0,50,2
"org.apache.solr.handler.dataimport.TestRegexTransformer",6,0.00,1.00,92,1.79,67503.51,6,0,9,23,4,95.46,26,112,0,4,95.23,0.00,0.75,0.00,1,6.00,1,5374.44,3,1,4,org.apache.solr.handler.dataimport.AbstractDataImportHandlerTestCase,0.00,17,3,6,0,17,5,0,21,962,1
"org.apache.solr.handler.dataimport.TestScriptTransformer",5,0.75,1.80,63,1.13,31488.52,6,1,11,32,6,150.69,9,101,0,4,100.69,0.00,0.75,0.40,1,7.00,2,3390.13,0,1,6,org.apache.solr.handler.dataimport.AbstractDataImportHandlerTestCase,0.00,27,3,9,0,27,4,0,1,605,1
"org.apache.solr.handler.dataimport.TestSqlEntityProcessor",6,1.00,2.50,81,1.39,56576.19,7,1,2,28,7,147.94,8,101,0,4,97.94,0.00,0.75,0.17,1,10.00,3,4165.60,1,2,7,org.apache.solr.handler.dataimport.AbstractDataImportHandlerTestCase,0.00,22,3,15,0,22,4,0,1,751,1
"org.apache.solr.handler.dataimport.TestSqlEntityProcessor$DataSource<Iterator<Map<String,Object>>>",3,0.00,1.00,5,0.07,798.54,3,0,2,4,1,151.90,0,11,0,1,151.90,0.00,0.00,0.00,0,3.00,1,206.39,0,1,1,java.lang.Object,0.00,1,0,3,0,1,2,0,0,57,0
"org.apache.solr.handler.dataimport.TestSqlEntityProcessor$T",1,0.00,1.00,4,0.04,738.67,1,0,2,2,2,125.95,0,7,0,2,125.95,0.00,0.50,0.00,0,1.00,1,132.02,0,1,2,org.apache.solr.handler.dataimport.Transformer,0.00,1,1,1,0,1,0,0,0,33,2
"org.apache.solr.handler.dataimport.TestSqlEntityProcessor$T2",1,0.00,1.00,8,0.12,3830.71,1,0,2,3,2,109.10,0,11,0,2,109.10,0.00,0.50,0.00,0,0.00,1,353.32,0,1,2,org.apache.solr.handler.dataimport.Transformer,0.00,2,1,1,0,2,0,0,0,75,2
"org.apache.solr.handler.dataimport.TestSqlEntityProcessor$T3",1,0.00,1.00,4,0.03,485.22,1,0,2,2,0,127.39,0,6,0,1,127.39,0.00,0.00,0.00,0,1.00,1,95.61,0,1,0,java.lang.Object,0.00,1,0,1,0,1,0,0,0,26,2
"org.apache.solr.handler.dataimport.TestSqlEntityProcessor2",9,0.06,1.00,103,1.62,43193.02,13,4,8,13,2,153.17,9,170,0,4,103.17,0.00,0.75,0.19,0,34.00,1,4853.35,10,0,2,org.apache.solr.handler.dataimport.AbstractDataImportHandlerTestCase,0.05,4,3,9,0,4,9,0,1,922,1
"org.apache.solr.handler.dataimport.TestSqlEntityProcessor2$DateFormatValidatingEvaluator",1,0.00,3.00,14,0.20,5945.63,1,0,8,9,4,98.27,0,20,0,2,98.27,0.00,0.50,0.00,0,1.00,3,599.67,0,1,4,org.apache.solr.handler.dataimport.Evaluator,0.00,8,1,3,0,8,0,0,0,113,1
"org.apache.solr.handler.dataimport.TestSqlEntityProcessorDelta",12,0.25,1.08,151,2.28,61284.48,16,4,8,30,2,151.52,13,227,0,4,101.52,0.00,0.75,0.48,1,0.00,2,6827.02,11,0,2,org.apache.solr.handler.dataimport.AbstractDataImportHandlerTestCase,0.05,18,3,13,0,18,12,0,5,1259,1
"org.apache.solr.handler.dataimport.TestSqlEntityProcessorDelta2",11,0.25,1.00,131,1.92,46555.72,15,4,6,17,2,103.60,9,199,0,4,103.60,0.00,0.75,0.48,1,0.00,1,5769.26,10,0,2,org.apache.solr.handler.dataimport.AbstractDataImportHandlerTestCase,0.05,6,3,11,0,6,11,0,1,1087,1
"org.apache.solr.handler.dataimport.TestSqlEntityProcessorDelta3",9,0.14,1.00,110,1.76,43941.91,18,9,6,15,2,101.70,1,167,0,4,101.70,0.00,0.75,0.23,1,0.00,1,5278.10,10,0,2,org.apache.solr.handler.dataimport.AbstractDataImportHandlerTestCase,0.05,6,3,9,0,6,9,0,1,975,1
"org.apache.solr.handler.dataimport.TestSqlEntityProcessorDeltaPrefixedPk",6,0.24,1.00,59,0.86,18016.54,11,5,7,11,2,158.02,10,88,0,4,108.02,0.00,0.75,0.40,1,0.00,1,2588.55,10,0,2,org.apache.solr.handler.dataimport.AbstractDataImportHandlerTestCase,0.05,5,3,6,0,5,6,0,2,497,1
"org.apache.solr.handler.dataimport.TestTemplateString",1,2.00,1.00,9,0.14,3027.97,3,2,5,11,3,59.89,8,16,0,4,107.99,0.00,0.75,0.00,0,1.00,1,433.98,0,0,3,org.apache.solr.handler.dataimport.AbstractDataImportHandlerTestCase,0.00,10,3,1,0,10,1,0,1,91,1
"org.apache.solr.handler.dataimport.TestTemplateTransformer",1,0.00,1.00,19,0.38,14033.97,1,0,5,10,4,40.64,9,33,0,4,90.64,0.00,0.75,0.00,0,1.00,1,1149.63,2,0,4,org.apache.solr.handler.dataimport.AbstractDataImportHandlerTestCase,0.00,9,3,1,0,9,1,0,2,198,1
"org.apache.solr.handler.dataimport.TestThreaded",2,1.00,1.00,22,0.36,8996.40,3,1,5,6,2,103.39,1,36,0,4,103.39,0.00,0.75,0.50,0,2.00,1,1066.66,5,0,2,org.apache.solr.handler.dataimport.AbstractDataImportHandlerTestCase,0.00,4,3,2,0,4,2,0,1,203,1
"org.apache.solr.handler.dataimport.TestTikaEntityProcessor",3,0.25,1.00,17,0.33,5259.78,5,2,13,19,1,169.38,4,39,0,4,119.38,0.00,0.75,0.67,0,1.00,1,990.19,4,0,1,org.apache.solr.handler.dataimport.AbstractDataImportHandlerTestCase,0.00,16,3,3,0,16,3,0,1,194,1
"org.apache.solr.handler.dataimport.TestURLDataSource",1,1.00,1.00,12,0.21,5500.95,6,5,6,11,4,101.29,0,16,0,4,101.29,0.00,0.75,0.80,0,0.00,1,642.92,0,0,4,org.apache.solr.handler.dataimport.AbstractDataImportHandlerTestCase,0.00,10,3,1,0,10,1,0,0,129,1
"org.apache.solr.handler.dataimport.TestVariableResolver",10,0.00,1.00,92,1.51,45084.56,10,0,4,36,7,156.63,11,126,1,4,106.63,0.00,0.75,0.00,1,10.00,1,4537.00,0,0,6,org.apache.solr.handler.dataimport.AbstractDataImportHandlerTestCase,0.00,26,3,10,0,26,10,0,4,851,1
"org.apache.solr.handler.dataimport.TestVariableResolver$DateMathParser",1,0.00,1.00,3,0.03,341.91,1,0,4,2,0,133.25,0,6,0,1,133.25,0.00,0.00,0.00,0,1.00,1,79.19,0,1,0,java.lang.Object,0.00,1,0,1,0,1,0,0,0,25,0
"org.apache.solr.handler.dataimport.TestVariableResolver$E",1,0.00,1.00,3,0.03,263.23,1,0,4,1,2,134.14,0,6,0,2,134.14,0.00,0.50,0.00,0,1.00,1,75.16,0,1,2,org.apache.solr.handler.dataimport.Evaluator,0.00,0,1,1,0,0,0,0,0,22,2
"org.apache.solr.handler.dataimport.TestXPathEntityProcessor",9,0.07,2.78,124,2.55,112490.71,16,7,9,41,7,146.95,9,214,0,4,96.95,0.00,0.75,0.21,1,41.00,9,7657.90,3,1,7,org.apache.solr.handler.dataimport.AbstractDataImportHandlerTestCase,0.00,32,3,25,0,32,8,0,2,1244,1
"org.apache.solr.handler.dataimport.TestXPathEntityProcessor$DataSource<Reader>",3,0.00,1.00,5,0.05,447.58,3,0,9,4,1,153.88,0,11,0,1,153.88,0.00,0.00,0.00,0,3.00,1,144.54,0,1,1,java.lang.Object,0.00,1,0,3,0,1,2,0,0,43,0
"org.apache.solr.handler.dataimport.TestXPathEntityProcessor$XPathEntityProcessor",1,1.00,3.00,9,0.11,4466.61,2,1,9,3,0,106.41,0,16,0,1,106.41,0.00,0.00,0.00,0,0.00,3,334.76,1,1,0,java.lang.Object,0.00,2,0,3,0,2,0,0,0,69,0
"org.apache.solr.handler.dataimport.TestXPathRecordReader",22,0.00,1.14,270,6.44,229792.20,22,0,5,43,2,99.07,13,523,0,4,99.07,0.00,0.75,0.00,0,22.00,3,19334.04,0,0,2,org.apache.solr.handler.dataimport.AbstractDataImportHandlerTestCase,0.00,21,3,25,0,21,22,0,8,3378,1
"org.apache.solr.handler.dataimport.TestXPathRecordReader$XPathRecordReader.Handler",1,0.00,4.00,5,0.08,1688.16,1,0,5,4,0,119.19,0,6,0,1,119.19,0.00,0.00,0.00,0,1.00,4,226.42,0,0,0,java.lang.Object,0.00,3,0,4,0,3,1,0,0,52,0
"org.apache.solr.handler.dataimport.ThreadedContext",11,0.30,1.18,32,0.33,5351.29,13,2,0,17,8,138.57,6,59,2,3,138.57,0.00,0.67,0.23,2,41.00,2,1001.71,2,4,6,org.apache.solr.handler.dataimport.ContextImpl,0.26,6,2,13,0,6,7,0,2,255,1
"org.apache.solr.handler.dataimport.ThreadedEntityProcessorWrapper",4,0.11,4.50,54,0.68,28483.58,7,3,9,21,7,138.65,9,69,1,3,98.76,0.00,0.67,0.25,0,6.00,10,2043.96,1,1,6,org.apache.solr.handler.dataimport.EntityProcessorWrapper,0.12,17,2,18,0,17,3,0,4,396,1
"org.apache.solr.handler.dataimport.TikaEntityProcessor",5,0.17,4.60,78,1.27,62790.56,11,6,30,41,4,144.50,7,103,0,3,94.50,0.00,0.67,0.30,0,7.00,13,3807.95,0,4,4,org.apache.solr.handler.dataimport.EntityProcessorBase,0.23,36,2,23,0,36,1,0,1,655,1
"org.apache.solr.handler.dataimport.TikaEntityProcessor$ContentHandlerDecorator",4,0.00,2.00,13,0.18,4180.28,4,0,30,6,0,129.27,2,26,0,1,129.27,0.00,0.00,0.00,0,4.00,3,533.69,2,0,0,java.lang.Object,0.00,2,0,8,0,2,4,0,2,124,0
"org.apache.solr.handler.dataimport.Transformer",1,0.00,1.00,2,0.02,200.84,1,0,1,1,25,183.12,29,3,24,1,141.64,0.00,0.00,0.00,0,1.00,1,63.42,0,1,1,java.lang.Object,0.00,0,0,1,19,0,0,0,2,19,2
"org.apache.solr.handler.dataimport.URLDataSource",6,0.18,3.00,62,0.91,32459.87,22,16,10,29,6,154.05,10,88,3,2,104.05,1.00,0.33,0.21,1,10.00,7,2740.68,0,3,3,org.apache.solr.handler.dataimport.DataSource,0.22,23,1,18,1,23,3,0,1,497,1
"org.apache.solr.handler.dataimport.VariableResolver",2,0.00,1.00,3,0.02,131.11,2,0,0,2,11,136.55,29,4,11,1,156.69,0.00,0.00,0.00,0,2.00,1,58.07,0,2,0,java.lang.Object,0.00,0,0,2,1,0,0,0,3,21,2
"org.apache.solr.handler.dataimport.VariableResolverImpl",8,0.03,3.25,75,1.01,74677.36,13,5,4,27,24,153.87,14,96,22,2,103.87,0.00,0.50,0.22,2,28.00,9,3043.27,0,5,2,org.apache.solr.handler.dataimport.VariableResolver,0.00,19,1,26,0,19,3,0,2,590,1
"org.apache.solr.handler.dataimport.XPathEntityProcessor",12,0.10,6.42,238,4.09,271093.51,37,25,23,88,13,138.59,21,324,1,3,88.59,0.00,0.67,0.13,6,20.00,19,12259.46,1,5,12,org.apache.solr.handler.dataimport.EntityProcessorBase,0.09,76,2,77,0,76,7,0,10,2044,1
"org.apache.solr.handler.dataimport.XPathEntityProcessor$Iterator<Map<String,Object>>",3,0.25,3.33,31,0.38,20183.46,5,2,23,10,1,103.28,1,40,0,1,103.28,0.00,0.00,0.33,0,4.00,8,1142.88,0,1,1,java.lang.Object,0.00,7,0,10,0,7,2,0,1,212,0
"org.apache.solr.handler.dataimport.XPathEntityProcessor$SimpleCharArrayReader",1,0.00,1.00,3,0.03,308.03,1,0,23,2,0,133.61,0,5,0,2,133.61,0.00,0.50,0.00,0,1.00,1,84.38,0,1,0,java.io.CharArrayWriter,0.00,1,1,1,0,1,0,0,0,24,2
"org.apache.solr.handler.dataimport.XPathEntityProcessor$Thread",2,0.00,4.00,16,0.17,3949.16,2,0,23,8,0,111.04,0,28,0,1,111.04,0.00,0.00,0.00,1,2.00,4,522.90,0,0,0,java.lang.Object,0.00,6,0,8,0,6,2,0,0,109,0
"org.apache.solr.handler.dataimport.XPathEntityProcessor$Thread$XPathRecordReader.Handler_0",1,0.00,3.00,11,0.12,3952.32,1,0,23,6,0,143.46,2,16,0,1,103.58,0.00,0.00,0.00,0,1.00,3,374.96,0,0,0,java.lang.Object,0.00,5,0,3,0,5,1,0,2,75,0
"org.apache.solr.handler.dataimport.XPathEntityProcessor$XPathRecordReader.Handler",1,0.00,1.00,3,0.04,592.87,1,0,23,3,0,131.37,0,5,0,1,131.37,0.00,0.00,0.00,0,1.00,1,127.88,0,0,0,java.lang.Object,0.00,2,0,1,0,2,1,0,0,32,0
"org.apache.solr.handler.dataimport.XPathRecordReader",7,0.11,2.57,59,0.89,34257.66,13,6,12,37,4,117.17,125,77,3,1,108.04,0.00,0.00,0.07,3,13.00,6,2668.41,0,4,1,java.lang.Object,0.00,30,0,18,0,30,3,0,17,537,1
"org.apache.solr.handler.dataimport.XPathRecordReader$Handler",1,0.00,1.00,3,0.03,337.11,1,0,12,2,0,133.30,0,4,0,1,133.30,0.00,0.00,0.00,0,1.00,1,84.00,0,0,0,java.lang.Object,0.00,1,0,1,0,1,1,0,0,23,0
"org.apache.solr.handler.dataimport.XPathRecordReader$Handler_0",1,0.00,1.00,2,0.02,156.38,1,0,12,1,0,94.39,8,3,0,1,142.49,0.00,0.00,0.00,0,1.00,1,58.21,0,0,0,,0.00,0,0,1,0,0,1,0,1,18,2
"org.apache.solr.handler.dataimport.XPathRecordReader$Node",12,0.06,6.33,195,2.95,199095.62,26,14,12,60,0,48.30,139,271,0,1,92.43,0.00,0.00,0.12,5,54.00,21,8849.62,0,3,0,java.lang.Object,0.00,48,0,76,0,48,9,0,92,1576,2
"org.apache.lucene.benchmark.quality.utils.DocNameExtractor",2,1.00,1.50,11,0.12,3268.89,3,1,7,8,6,77.24,14,15,2,1,119.53,0.00,0.00,0.00,0,2.00,2,349.15,0,1,4,java.lang.Object,0.00,6,0,3,0,6,1,0,3,78,1
"org.apache.lucene.benchmark.quality.utils.DocNameExtractor$StoredFieldVisitor",1,0.00,2.00,9,0.14,5660.67,1,0,7,8,2,105.69,0,12,0,1,105.69,0.00,0.00,0.00,0,0.00,2,433.99,0,0,2,java.lang.Object,0.00,7,0,2,0,7,1,0,0,83,0
"org.apache.lucene.benchmark.quality.utils.QualityQueriesFinder",5,0.25,3.00,52,0.91,45656.43,7,2,9,26,8,142.14,14,69,1,1,102.26,0.00,0.00,0.30,1,10.00,5,2742.97,0,3,7,java.lang.Object,0.00,21,0,15,0,21,2,0,5,510,1
"org.apache.lucene.benchmark.quality.utils.QualityQueriesFinder$TermDf",1,2.00,1.00,6,0.04,383.86,3,2,9,1,0,121.62,0,8,0,1,121.62,0.00,0.00,0.00,0,1.00,1,114.62,0,0,0,java.lang.Object,0.00,0,0,1,0,0,1,0,0,33,2
"org.apache.lucene.benchmark.quality.utils.QualityQueriesFinder$TermsDfQueue",2,0.00,1.00,5,0.05,737.86,2,0,9,2,1,139.56,0,9,0,2,139.56,0.00,0.50,0.00,0,2.00,1,143.85,0,0,1,org.apache.lucene.util.PriorityQueue,0.00,0,1,2,0,0,2,0,0,41,2
"org.apache.lucene.benchmark.quality.utils.SimpleQQParser",3,0.17,1.67,22,0.26,8354.23,6,3,9,9,10,94.36,17,23,2,1,112.23,0.00,0.00,0.22,0,4.00,3,783.57,0,1,8,java.lang.Object,0.00,6,0,5,0,6,2,1,4,164,1
"org.apache.lucene.benchmark.quality.utils.SubmissionReport",4,0.17,2.00,30,0.40,12716.18,8,4,7,16,8,111.97,19,42,3,1,111.74,0.00,0.00,0.38,0,4.00,3,1208.66,0,1,5,java.lang.Object,0.00,12,0,8,0,12,3,0,3,245,1
"org.apache.solr.analysis.ASCIIFoldingFilterFactory",1,0.00,1.00,3,0.02,225.35,1,0,2,2,4,90.55,11,5,1,3,134.67,0.00,0.67,0.00,0,1.00,1,58.69,0,1,3,org.apache.solr.analysis.BaseTokenFilterFactory,0.00,1,2,1,0,1,0,0,1,19,1
"org.apache.solr.analysis.ArabicNormalizationFilterFactory",1,0.00,1.00,3,0.02,225.35,1,0,2,2,4,90.55,11,5,1,3,134.67,0.00,0.67,0.00,0,1.00,1,58.69,0,1,3,org.apache.solr.analysis.BaseTokenFilterFactory,0.00,1,2,1,0,1,0,0,1,19,1
"org.apache.solr.analysis.ArabicStemFilterFactory",1,0.00,1.00,3,0.02,225.35,1,0,2,2,4,97.11,12,5,1,3,134.67,0.00,0.67,0.00,0,1.00,1,58.69,0,1,3,org.apache.solr.analysis.BaseTokenFilterFactory,0.00,1,2,1,0,1,0,0,1,19,1
"org.apache.solr.analysis.BaseCharFilterFactory",5,0.38,1.40,17,0.20,4335.49,7,2,3,9,5,179.99,6,24,4,1,129.99,0.00,0.00,0.20,1,7.00,3,591.15,0,1,1,java.lang.Object,0.00,4,0,7,4,4,4,1,2,140,2
"org.apache.solr.analysis.BaseTokenFilterFactory",0,0.00,0.00,2,0.03,699.09,1,1,2,1,76,171.00,5,3,74,2,171.00,75.00,0.01,0.00,0,0.00,0,101.95,0,0,2,org.apache.solr.analysis.BaseTokenStreamFactory,0.00,1,1,0,75,1,0,1,1,24,2
"org.apache.solr.analysis.BaseTokenStreamFactory",10,0.07,1.90,47,0.64,16963.74,13,3,12,28,8,172.96,16,69,2,1,122.96,0.00,0.00,0.27,3,38.00,3,1907.07,0,2,6,java.lang.Object,0.00,18,0,19,94,18,8,0,8,407,1
"org.apache.solr.analysis.BaseTokenTestCase",0,0.00,0.00,3,0.08,1917.57,2,2,5,4,73,171.00,5,6,71,3,171.00,35.00,0.03,0.00,0,0.00,0,232.85,0,0,2,org.apache.lucene.analysis.BaseTokenStreamTestCase,0.00,4,2,0,70,4,0,0,3,47,2
"org.apache.solr.analysis.BaseTokenizerFactory",0,0.00,0.00,2,0.03,699.09,1,1,2,1,20,171.00,5,3,18,2,171.00,17.00,0.05,0.00,0,0.00,0,101.95,0,0,2,org.apache.solr.analysis.BaseTokenStreamFactory,0.00,1,1,0,17,1,0,1,1,24,2
"org.apache.solr.analysis.BrazilianStemFilterFactory",1,0.00,1.00,3,0.02,225.35,1,0,2,2,4,97.11,12,5,1,3,134.67,0.00,0.67,0.00,0,1.00,1,58.69,0,1,3,org.apache.solr.analysis.BaseTokenFilterFactory,0.00,1,2,1,0,1,0,0,1,19,1
"org.apache.solr.analysis.BulgarianStemFilterFactory",1,0.00,1.00,3,0.02,225.35,1,0,2,2,4,97.11,12,5,1,3,134.67,0.00,0.67,0.00,0,1.00,1,58.69,0,1,3,org.apache.solr.analysis.BaseTokenFilterFactory,0.00,1,2,1,0,1,0,0,1,19,1
"org.apache.solr.analysis.CJKTokenizerFactory",1,0.00,1.00,3,0.02,225.35,1,0,2,2,3,86.20,10,5,1,3,134.67,0.00,0.67,0.00,0,1.00,1,58.69,0,1,2,org.apache.solr.analysis.BaseTokenizerFactory,0.00,1,2,1,0,1,0,0,1,19,1
"org.apache.solr.analysis.CapitalizationFilterFactory",2,1.33,6.00,53,0.81,35256.57,17,15,8,16,5,83.90,33,68,1,3,84.37,0.00,0.67,0.73,0,0.00,11,2427.08,2,1,4,org.apache.solr.analysis.BaseTokenFilterFactory,0.00,14,2,12,0,14,1,0,5,420,1
"org.apache.solr.analysis.CharFilterFactory",3,0.00,1.00,4,0.03,247.81,3,0,2,3,8,205.90,5,5,7,1,155.90,0.00,0.00,0.00,0,3.00,1,89.64,0,2,1,,0.00,0,0,3,0,0,1,0,1,31,1
"org.apache.solr.analysis.ClassicFilterFactory",1,0.00,1.00,3,0.02,192.92,1,0,3,2,5,97.64,12,5,1,3,135.21,0.00,0.67,0.00,0,1.00,1,60.48,0,1,4,org.apache.solr.analysis.BaseTokenFilterFactory,0.00,1,2,1,0,1,0,0,1,19,1
"org.apache.solr.analysis.ClassicTokenizerFactory",2,0.00,1.00,10,0.09,1539.78,3,1,5,4,5,104.32,11,15,1,3,122.20,0.00,0.67,1.00,0,0.00,1,281.43,2,1,4,org.apache.solr.analysis.BaseTokenizerFactory,0.00,2,2,2,0,2,1,0,1,68,1
"org.apache.solr.analysis.CommonGramsFilterFactory",4,0.33,1.50,19,0.17,3428.80,6,2,8,7,8,145.97,15,28,1,3,125.35,0.00,0.67,0.75,0,0.00,3,520.39,0,2,7,org.apache.solr.analysis.BaseTokenFilterFactory,0.00,3,2,6,0,3,2,1,3,118,1
"org.apache.solr.analysis.CommonGramsFilterFactoryTest",2,0.00,2.00,35,0.61,28775.38,2,0,9,16,7,92.43,8,43,0,4,92.20,0.00,0.75,0.00,0,0.00,2,1839.68,1,0,7,org.apache.solr.analysis.BaseTokenTestCase,0.00,14,3,4,0,14,2,0,2,328,1
"org.apache.solr.analysis.CommonGramsQueryFilterFactory",5,0.12,1.40,23,0.22,4213.87,7,2,10,9,9,146.04,19,36,1,3,125.43,0.00,0.67,0.60,0,0.00,3,648.88,2,2,8,org.apache.solr.analysis.BaseTokenFilterFactory,0.00,4,2,7,0,4,3,1,4,149,1
"org.apache.solr.analysis.CommonGramsQueryFilterFactoryTest",2,0.00,2.00,35,0.61,28550.67,2,0,9,16,7,92.46,8,43,0,4,92.23,0.00,0.75,0.00,0,0.00,2,1815.90,1,0,7,org.apache.solr.analysis.BaseTokenTestCase,0.00,14,3,4,0,14,2,0,2,325,1
"org.apache.solr.analysis.CzechStemFilterFactory",1,0.00,1.00,3,0.02,225.35,1,0,2,2,4,90.55,11,5,1,3,134.67,0.00,0.67,0.00,0,1.00,1,58.69,0,1,3,org.apache.solr.analysis.BaseTokenFilterFactory,0.00,1,2,1,0,1,0,0,1,19,1
"org.apache.solr.analysis.DelimitedPayloadTokenFilterFactory",3,0.38,2.67,25,0.31,7530.01,7,4,10,13,11,110.55,13,33,1,3,110.32,0.00,0.67,0.50,0,1.00,6,938.68,1,1,10,org.apache.solr.analysis.BaseTokenFilterFactory,0.00,10,2,8,0,10,2,1,1,190,1
"org.apache.solr.analysis.Deprecated",13,0.00,1.38,203,3.55,188818.42,13,0,12,27,5,134.16,34,257,0,3,94.28,0.00,0.67,0.00,2,13.00,6,10659.44,1,2,5,org.apache.lucene.analysis.BaseTokenStreamTestCase,0.00,14,2,18,0,14,11,0,23,1960,1
"org.apache.solr.analysis.Deprecated$Analyzer",1,0.00,3.00,5,0.09,2593.40,1,0,24,5,4,117.79,0,7,0,1,117.79,0.00,0.00,0.00,0,1.00,3,280.48,0,1,4,java.lang.Object,0.00,4,0,3,0,4,0,0,0,59,0
"org.apache.solr.analysis.Deprecated$Deprecated",3,0.31,1.33,25,0.36,9551.86,11,8,12,19,8,109.66,0,33,0,3,109.66,0.00,0.67,0.33,0,4.00,2,1079.23,0,0,8,org.apache.lucene.analysis.TokenStream,0.27,16,2,4,0,16,3,0,0,215,2
"org.apache.solr.analysis.Deprecated$ResourceLoader",3,0.00,1.33,11,0.14,3693.25,3,0,9,7,0,128.80,0,18,0,1,128.80,0.00,0.00,0.00,0,3.00,2,408.62,0,3,0,java.lang.Object,0.00,4,0,4,0,4,0,0,0,93,0
"org.apache.solr.analysis.Deprecated$StringMockSolrResourceLoader",4,1.00,1.00,10,0.08,958.21,5,1,14,6,1,141.03,0,15,0,1,141.03,0.00,0.00,0.25,0,6.00,1,251.11,0,3,1,java.lang.Object,0.00,2,0,4,0,2,1,1,0,69,1
"org.apache.solr.analysis.DictionaryCompoundWordTokenFilterFactory",3,0.75,1.67,23,0.27,5659.66,9,6,8,7,9,113.80,12,32,1,3,113.56,0.00,0.67,0.67,0,0.00,2,821.69,3,0,8,org.apache.solr.analysis.BaseTokenFilterFactory,0.00,4,2,5,0,4,3,1,1,169,1
"org.apache.solr.analysis.DoubleMetaphoneFilterFactory",2,0.80,1.50,13,0.17,3282.11,7,5,3,5,4,98.69,11,19,1,3,116.56,0.00,0.67,0.60,0,0.00,2,501.94,1,1,3,org.apache.solr.analysis.BaseTokenFilterFactory,0.00,3,2,3,0,3,1,0,1,111,1
"org.apache.solr.analysis.DoubleMetaphoneFilterFactoryTest",3,0.00,1.00,31,0.49,13385.48,3,0,7,19,6,154.96,4,35,0,4,104.96,0.00,0.75,0.00,0,3.00,1,1459.22,1,0,6,org.apache.solr.analysis.BaseTokenTestCase,0.00,16,3,3,0,16,3,0,2,279,1
"org.apache.solr.analysis.EdgeNGramFilterFactory",2,1.33,2.50,15,0.22,7546.16,5,3,3,6,4,93.23,11,22,1,3,111.10,0.00,0.67,1.00,0,0.00,4,669.56,1,1,3,org.apache.solr.analysis.BaseTokenFilterFactory,0.00,4,2,5,0,4,1,0,1,138,1
"org.apache.solr.analysis.EdgeNGramTokenizerFactory",2,1.33,2.50,15,0.22,7546.16,5,3,3,6,3,93.23,10,20,1,3,111.10,0.00,0.67,1.00,0,0.00,4,669.56,1,1,2,org.apache.solr.analysis.BaseTokenizerFactory,0.00,4,2,5,0,4,1,0,1,138,1
"org.apache.solr.analysis.ElisionFilterFactory",2,0.00,2.50,11,0.12,2614.77,3,1,6,5,7,87.95,12,18,1,3,120.18,0.00,0.67,1.00,0,0.00,3,367.77,1,0,6,org.apache.solr.analysis.BaseTokenFilterFactory,0.00,3,2,5,0,3,2,1,1,84,1
"org.apache.solr.analysis.EnglishMinimalStemFilterFactory",1,0.00,1.00,3,0.02,225.35,1,0,2,2,4,97.11,12,5,1,3,134.67,0.00,0.67,0.00,0,1.00,1,58.69,0,1,3,org.apache.solr.analysis.BaseTokenFilterFactory,0.00,1,2,1,0,1,0,0,1,19,1
"org.apache.solr.analysis.EnglishPossessiveFilterFactory",1,0.00,1.00,3,0.02,225.35,1,0,2,2,3,97.11,12,5,0,3,134.67,0.00,0.67,0.00,0,1.00,1,58.69,0,1,3,org.apache.solr.analysis.BaseTokenFilterFactory,0.00,1,2,1,0,1,0,0,1,19,1
"org.apache.solr.analysis.FinnishLightStemFilterFactory",1,0.00,1.00,3,0.02,225.35,1,0,2,2,4,97.11,12,5,1,3,134.67,0.00,0.67,0.00,0,1.00,1,58.69,0,1,3,org.apache.solr.analysis.BaseTokenFilterFactory,0.00,1,2,1,0,1,0,0,1,19,1
"org.apache.solr.analysis.FrenchLightStemFilterFactory",1,0.00,1.00,3,0.02,225.35,1,0,2,2,4,105.29,13,5,1,3,134.67,0.00,0.67,0.00,0,1.00,1,58.69,0,1,3,org.apache.solr.analysis.BaseTokenFilterFactory,0.00,1,2,1,0,1,0,0,1,19,1
"org.apache.solr.analysis.FrenchMinimalStemFilterFactory",1,0.00,1.00,3,0.02,225.35,1,0,2,2,4,105.29,13,5,1,3,134.67,0.00,0.67,0.00,0,1.00,1,58.69,0,1,3,org.apache.solr.analysis.BaseTokenFilterFactory,0.00,1,2,1,0,1,0,0,1,19,1
"org.apache.solr.analysis.GalicianStemFilterFactory",1,0.00,1.00,3,0.02,225.35,1,0,2,2,4,97.11,12,5,1,3,134.67,0.00,0.67,0.00,0,1.00,1,58.69,0,1,3,org.apache.solr.analysis.BaseTokenFilterFactory,0.00,1,2,1,0,1,0,0,1,19,1
"org.apache.solr.analysis.GermanLightStemFilterFactory",1,0.00,1.00,3,0.02,225.35,1,0,2,2,4,97.11,12,5,1,3,134.67,0.00,0.67,0.00,0,1.00,1,58.69,0,1,3,org.apache.solr.analysis.BaseTokenFilterFactory,0.00,1,2,1,0,1,0,0,1,19,1
"org.apache.solr.analysis.GermanMinimalStemFilterFactory",1,0.00,1.00,3,0.02,225.35,1,0,2,2,4,97.11,12,5,1,3,134.67,0.00,0.67,0.00,0,1.00,1,58.69,0,1,3,org.apache.solr.analysis.BaseTokenFilterFactory,0.00,1,2,1,0,1,0,0,1,19,1
"org.apache.solr.analysis.GermanStemFilterFactory",1,0.00,1.00,3,0.02,225.35,1,0,2,2,4,97.11,12,5,1,3,134.67,0.00,0.67,0.00,0,1.00,1,58.69,0,1,3,org.apache.solr.analysis.BaseTokenFilterFactory,0.00,1,2,1,0,1,0,0,1,19,1
"org.apache.solr.analysis.GreekLowerCaseFilterFactory",2,0.00,1.50,7,0.09,1794.04,2,0,5,5,5,111.98,11,15,1,3,129.86,0.00,0.67,0.00,0,2.00,2,258.89,2,1,4,org.apache.solr.analysis.BaseTokenFilterFactory,0.00,3,2,3,0,3,1,0,1,61,1
"org.apache.solr.analysis.GreekStemFilterFactory",1,0.00,1.00,3,0.02,225.35,1,0,2,2,4,97.11,12,5,1,3,134.67,0.00,0.67,0.00,0,1.00,1,58.69,0,1,3,org.apache.solr.analysis.BaseTokenFilterFactory,0.00,1,2,1,0,1,0,0,1,19,1
"org.apache.solr.analysis.HTMLStripCharFilterFactory",1,0.00,1.00,3,0.02,225.35,1,0,2,2,3,90.55,11,5,0,2,134.67,0.00,0.50,0.00,0,1.00,1,58.69,0,1,3,org.apache.solr.analysis.BaseCharFilterFactory,0.00,1,1,1,0,1,0,0,1,19,1
"org.apache.solr.analysis.HindiNormalizationFilterFactory",1,0.00,1.00,3,0.02,225.35,1,0,2,2,4,90.55,11,5,1,3,134.67,0.00,0.67,0.00,0,1.00,1,58.69,0,1,3,org.apache.solr.analysis.BaseTokenFilterFactory,0.00,1,2,1,0,1,0,0,1,19,1
"org.apache.solr.analysis.HindiStemFilterFactory",1,0.00,1.00,3,0.02,225.35,1,0,2,2,4,90.55,11,5,1,3,134.67,0.00,0.67,0.00,0,1.00,1,58.69,0,1,3,org.apache.solr.analysis.BaseTokenFilterFactory,0.00,1,2,1,0,1,0,0,1,19,1
"org.apache.solr.analysis.HungarianLightStemFilterFactory",1,0.00,1.00,3,0.02,225.35,1,0,2,2,4,97.11,12,5,1,3,134.67,0.00,0.67,0.00,0,1.00,1,58.69,0,1,3,org.apache.solr.analysis.BaseTokenFilterFactory,0.00,1,2,1,0,1,0,0,1,19,1
"org.apache.solr.analysis.HunspellStemFilterFactory",2,0.71,3.50,24,0.45,16867.15,9,7,10,12,8,79.40,28,32,1,3,99.54,0.00,0.67,0.50,0,2.00,6,1337.35,1,1,7,org.apache.solr.analysis.BaseTokenFilterFactory,0.00,10,2,7,0,10,1,1,3,240,1
"org.apache.solr.analysis.HyphenatedWordsFilterFactory",1,0.00,1.00,3,0.02,225.35,1,0,3,2,3,90.55,11,5,0,3,134.67,0.00,0.67,0.00,0,1.00,1,58.69,0,1,3,org.apache.solr.analysis.BaseTokenFilterFactory,0.00,1,2,1,0,1,0,0,1,19,1
"org.apache.solr.analysis.HyphenationCompoundWordTokenFilterFactory",3,0.83,2.33,35,0.45,11620.14,12,9,13,14,10,55.23,32,47,1,3,103.70,0.00,0.67,0.67,0,0.00,3,1356.02,2,1,9,org.apache.solr.analysis.BaseTokenFilterFactory,0.00,11,2,7,0,11,2,1,6,261,1
"org.apache.solr.analysis.ICUFoldingFilterFactory",1,0.00,1.00,3,0.02,352.23,1,0,2,2,4,142.28,17,6,1,3,133.15,0.00,0.67,0.00,0,1.00,1,72.87,0,1,3,org.apache.solr.analysis.BaseTokenFilterFactory,0.00,1,2,1,0,1,0,0,2,22,1
"org.apache.solr.analysis.ICUNormalizer2FilterFactory",2,0.00,4.00,17,0.32,16798.52,3,1,8,11,5,57.99,17,30,1,3,106.09,0.00,0.67,1.00,0,0.00,7,964.20,1,1,4,org.apache.solr.analysis.BaseTokenFilterFactory,0.00,9,2,8,0,9,1,0,2,180,1
"org.apache.solr.analysis.ICUTokenizerFactory",1,0.00,1.00,3,0.02,307.32,1,0,3,2,4,173.50,2,6,1,3,133.61,0.00,0.67,0.00,0,1.00,1,74.72,0,1,3,org.apache.solr.analysis.BaseTokenizerFactory,0.00,1,2,1,0,1,0,0,2,22,1
"org.apache.solr.analysis.ICUTransformFilterFactory",2,0.00,2.50,13,0.22,9241.55,3,1,7,7,5,95.03,11,23,1,3,112.90,0.00,0.67,1.00,0,0.00,4,674.59,1,1,4,org.apache.solr.analysis.BaseTokenFilterFactory,0.00,5,2,5,0,5,1,0,2,133,1
"org.apache.solr.analysis.IndicNormalizationFilterFactory",1,0.00,1.00,3,0.02,225.35,1,0,2,2,4,90.55,11,5,1,3,134.67,0.00,0.67,0.00,0,1.00,1,58.69,0,1,3,org.apache.solr.analysis.BaseTokenFilterFactory,0.00,1,2,1,0,1,0,0,1,19,1
"org.apache.solr.analysis.IndonesianStemFilterFactory",2,0.00,1.00,7,0.07,1082.60,3,1,3,3,4,99.46,12,11,1,3,131.68,0.00,0.67,1.00,0,0.00,1,211.73,1,1,3,org.apache.solr.analysis.BaseTokenFilterFactory,0.00,1,2,2,0,1,1,0,1,54,1
"org.apache.solr.analysis.ItalianLightStemFilterFactory",1,0.00,1.00,3,0.02,225.35,1,0,2,2,4,97.11,12,5,1,3,134.67,0.00,0.67,0.00,0,1.00,1,58.69,0,1,3,org.apache.solr.analysis.BaseTokenFilterFactory,0.00,1,2,1,0,1,0,0,1,19,1
"org.apache.solr.analysis.KStemFilterFactory",1,0.00,1.00,3,0.02,192.92,1,0,3,2,5,155.82,3,5,1,3,135.21,0.00,0.67,0.00,0,1.00,1,60.48,0,1,4,org.apache.solr.analysis.BaseTokenFilterFactory,0.00,1,2,1,0,1,0,0,1,19,1
"org.apache.solr.analysis.KeepWordFilterFactory",8,0.10,1.38,29,0.28,5446.84,11,3,8,12,7,180.82,15,43,1,3,130.82,0.00,0.67,0.42,0,2.00,3,827.16,2,2,6,org.apache.solr.analysis.BaseTokenFilterFactory,0.00,4,2,11,0,4,6,1,2,197,1
"org.apache.solr.analysis.KeywordMarkerFilterFactory",3,0.33,2.00,15,0.16,3106.87,6,3,6,6,7,71.02,27,22,1,3,121.02,0.00,0.67,0.56,0,0.00,3,466.54,0,1,6,org.apache.solr.analysis.BaseTokenFilterFactory,0.00,3,2,6,0,3,2,1,2,105,1
"org.apache.solr.analysis.KeywordTokenizerFactory",1,0.00,1.00,3,0.02,225.35,1,0,2,2,4,86.20,10,5,2,3,134.67,0.00,0.67,0.00,0,1.00,1,58.69,0,1,2,org.apache.solr.analysis.BaseTokenizerFactory,0.00,1,2,1,0,1,0,0,1,19,1
"org.apache.solr.analysis.LatvianStemFilterFactory",1,0.00,1.00,3,0.02,225.35,1,0,2,2,4,90.55,11,5,1,3,134.67,0.00,0.67,0.00,0,1.00,1,58.69,0,1,3,org.apache.solr.analysis.BaseTokenFilterFactory,0.00,1,2,1,0,1,0,0,1,19,1
"org.apache.solr.analysis.LengthFilterFactory",2,1.20,1.00,12,0.15,2502.00,7,5,3,5,4,99.71,11,16,1,3,117.58,0.00,0.67,0.80,0,0.00,1,448.65,1,1,3,org.apache.solr.analysis.BaseTokenFilterFactory,0.00,3,2,2,0,3,1,0,1,101,1
"org.apache.solr.analysis.LengthFilterTest",1,0.00,1.00,20,0.34,16224.15,1,0,6,9,4,139.31,1,20,0,4,89.31,0.00,0.75,0.00,0,1.00,1,1018.48,1,0,4,org.apache.solr.analysis.BaseTokenTestCase,0.00,8,3,1,0,8,1,0,1,192,1
"org.apache.solr.analysis.LetterTokenizerFactory",2,0.00,1.00,6,0.05,786.43,2,0,3,3,3,114.90,10,10,1,3,132.77,0.00,0.67,0.00,0,2.00,1,155.94,2,1,2,org.apache.solr.analysis.BaseTokenizerFactory,0.00,1,2,2,0,1,1,0,1,43,1
"org.apache.solr.analysis.LimitTokenCountFilterFactory",2,0.00,1.00,7,0.08,1313.47,3,1,3,5,3,113.14,11,12,0,3,131.02,0.00,0.67,1.00,0,0.00,1,238.33,1,1,3,org.apache.solr.analysis.BaseTokenFilterFactory,0.00,3,2,2,0,3,1,0,1,60,1
"org.apache.solr.analysis.LowerCaseFilterFactory",2,0.00,1.00,6,0.05,786.43,2,0,3,3,3,114.90,11,10,0,3,132.77,0.00,0.67,0.00,0,2.00,1,155.94,2,1,3,org.apache.solr.analysis.BaseTokenFilterFactory,0.00,1,2,2,0,1,1,0,1,43,1
"org.apache.solr.analysis.LowerCaseTokenizerFactory",2,0.00,1.00,6,0.05,786.43,2,0,3,3,3,114.90,10,10,1,3,132.77,0.00,0.67,0.00,0,2.00,1,155.94,2,1,2,org.apache.solr.analysis.BaseTokenizerFactory,0.00,1,2,2,0,1,1,0,1,43,1
"org.apache.solr.analysis.MappingCharFilterFactory",4,0.17,5.75,61,0.81,46060.53,8,4,12,25,8,115.36,15,73,1,2,94.75,0.00,0.50,0.38,2,4.00,14,2434.25,0,2,7,org.apache.solr.analysis.BaseCharFilterFactory,0.00,21,1,23,0,21,2,1,2,443,1
"org.apache.solr.analysis.MockTokenizerFactory",2,1.00,3.00,21,0.23,7128.46,4,2,5,7,4,155.47,3,28,0,3,105.47,0.00,0.67,1.00,0,0.00,5,698.78,1,1,4,org.apache.solr.analysis.BaseTokenizerFactory,0.00,5,2,6,0,5,1,0,1,142,1
"org.apache.solr.analysis.NGramFilterFactory",2,1.00,2.00,11,0.16,4556.47,4,2,3,5,5,86.11,12,17,2,3,118.33,0.00,0.67,1.00,0,0.00,3,487.78,1,1,3,org.apache.solr.analysis.BaseTokenFilterFactory,0.00,3,2,4,0,3,1,0,2,107,1
"org.apache.solr.analysis.NGramTokenizerFactory",2,1.00,2.00,11,0.16,4556.47,4,2,4,5,4,86.11,12,15,1,3,118.33,0.00,0.67,1.00,0,0.00,3,487.78,1,1,3,org.apache.solr.analysis.BaseTokenizerFactory,0.00,3,2,4,0,3,1,0,3,107,1
"org.apache.solr.analysis.NumericPayloadTokenFilterFactory",2,1.00,1.00,9,0.10,1608.54,4,2,3,5,3,107.79,11,13,0,3,125.66,0.00,0.67,1.00,0,0.00,1,292.08,1,1,3,org.apache.solr.analysis.BaseTokenFilterFactory,0.00,3,2,2,0,3,1,0,1,71,1
"org.apache.solr.analysis.PathHierarchyTokenizerFactory",2,1.50,4.50,33,0.39,16472.88,6,4,5,10,4,62.68,13,48,0,3,94.90,0.00,0.67,1.00,0,0.00,7,1173.35,1,1,4,org.apache.solr.analysis.BaseTokenizerFactory,0.00,8,2,9,0,8,1,0,2,226,1
"org.apache.solr.analysis.PatternReplaceCharFilterFactory",2,1.50,2.00,16,0.22,6025.34,6,4,5,8,4,67.47,14,25,1,2,109.76,0.00,0.50,1.00,0,0.00,3,652.38,1,1,3,org.apache.solr.analysis.BaseCharFilterFactory,0.00,6,1,4,0,6,1,0,1,131,1
"org.apache.solr.analysis.PatternReplaceFilterFactory",2,1.33,3.00,21,0.27,9768.33,5,3,5,9,4,72.18,13,34,1,3,104.40,0.00,0.67,1.00,0,0.00,5,805.86,1,1,3,org.apache.solr.analysis.BaseTokenFilterFactory,0.00,7,2,6,0,7,1,0,1,156,1
"org.apache.solr.analysis.PatternTokenizerFactory",2,1.00,3.00,22,0.31,11546.85,6,4,7,7,5,146.22,45,35,1,3,102.28,0.00,0.67,0.75,0,0.00,4,915.09,0,1,4,org.apache.solr.analysis.BaseTokenizerFactory,0.00,5,2,6,0,5,1,0,5,178,1
"org.apache.solr.analysis.PersianCharFilterFactory",1,0.00,1.00,3,0.02,352.23,1,0,2,2,4,89.02,11,6,1,2,133.15,0.00,0.50,0.00,0,1.00,1,72.87,0,1,3,org.apache.solr.analysis.BaseCharFilterFactory,0.00,1,1,1,0,1,0,0,1,22,1
"org.apache.solr.analysis.PersianNormalizationFilterFactory",1,0.00,1.00,3,0.02,225.35,1,0,2,2,4,97.11,12,5,1,3,134.67,0.00,0.67,0.00,0,1.00,1,58.69,0,1,3,org.apache.solr.analysis.BaseTokenFilterFactory,0.00,1,2,1,0,1,0,0,1,19,1
"org.apache.solr.analysis.PhoneticFilterFactory",2,0.83,3.50,32,0.65,29248.46,8,6,13,12,5,55.43,25,45,1,3,93.00,0.00,0.67,0.58,0,0.00,6,1941.15,1,1,4,org.apache.solr.analysis.BaseTokenFilterFactory,0.00,10,2,7,0,10,1,0,3,354,1
"org.apache.solr.analysis.PorterStemFilterFactory",1,0.00,1.00,3,0.02,225.35,1,0,2,2,4,97.11,12,5,1,3,134.67,0.00,0.67,0.00,0,1.00,1,58.69,0,1,3,org.apache.solr.analysis.BaseTokenFilterFactory,0.00,1,2,1,0,1,0,0,1,19,1
"org.apache.solr.analysis.PortugueseLightStemFilterFactory",1,0.00,1.00,3,0.02,225.35,1,0,2,2,4,97.11,12,5,1,3,134.67,0.00,0.67,0.00,0,1.00,1,58.69,0,1,3,org.apache.solr.analysis.BaseTokenFilterFactory,0.00,1,2,1,0,1,0,0,1,19,1
"org.apache.solr.analysis.PortugueseMinimalStemFilterFactory",1,0.00,1.00,3,0.02,225.35,1,0,2,2,4,97.11,12,5,1,3,134.67,0.00,0.67,0.00,0,1.00,1,58.69,0,1,3,org.apache.solr.analysis.BaseTokenFilterFactory,0.00,1,2,1,0,1,0,0,1,19,1
"org.apache.solr.analysis.PortugueseStemFilterFactory",1,0.00,1.00,3,0.02,225.35,1,0,2,2,4,97.11,12,5,1,3,134.67,0.00,0.67,0.00,0,1.00,1,58.69,0,1,3,org.apache.solr.analysis.BaseTokenFilterFactory,0.00,1,2,1,0,1,0,0,1,19,1
"org.apache.solr.analysis.PositionFilterFactory",2,0.00,1.00,7,0.07,1029.10,3,1,3,3,3,83.75,16,11,0,3,131.85,0.00,0.67,1.00,0,0.00,1,201.67,1,1,3,org.apache.solr.analysis.BaseTokenFilterFactory,0.00,1,2,2,0,1,1,0,1,52,1
"org.apache.solr.analysis.RemoveDuplicatesTokenFilterFactory",1,0.00,1.00,3,0.02,225.35,1,0,2,2,4,90.55,11,5,1,3,134.67,0.00,0.67,0.00,0,1.00,1,58.69,0,1,3,org.apache.solr.analysis.BaseTokenFilterFactory,0.00,1,2,1,0,1,0,0,1,19,1
"org.apache.solr.analysis.ReverseStringFilterFactory",1,0.00,1.00,4,0.03,274.80,1,0,2,2,4,99.95,13,6,1,3,129.34,0.00,0.67,0.00,0,0.00,1,76.45,1,1,3,org.apache.solr.analysis.BaseTokenFilterFactory,0.00,1,2,1,0,1,0,0,1,23,1
"org.apache.solr.analysis.ReversedWildcardFilter",3,0.20,5.00,74,0.89,115443.82,8,5,5,11,5,33.04,29,87,1,4,83.04,0.00,0.75,0.33,1,4.00,9,2675.64,0,0,4,org.apache.lucene.analysis.TokenFilter,0.27,8,3,15,0,8,3,0,11,494,2
"org.apache.solr.analysis.ReversedWildcardFilterFactory",5,0.29,2.80,50,0.54,25577.26,11,6,3,12,6,55.78,52,65,2,3,104.25,0.00,0.67,0.40,0,8.00,9,1629.98,1,1,4,org.apache.solr.analysis.BaseTokenFilterFactory,0.00,7,2,14,0,7,4,0,7,328,1
"org.apache.solr.analysis.RussianLightStemFilterFactory",1,0.00,1.00,3,0.02,225.35,1,0,2,2,4,97.11,12,5,1,3,134.67,0.00,0.67,0.00,0,1.00,1,58.69,0,1,3,org.apache.solr.analysis.BaseTokenFilterFactory,0.00,1,2,1,0,1,0,0,1,19,1
"org.apache.solr.analysis.ShingleFilterFactory",2,1.60,3.00,25,0.34,11381.36,7,5,5,9,5,68.70,12,43,1,3,100.92,0.00,0.67,1.00,0,0.00,5,1034.00,1,1,4,org.apache.solr.analysis.BaseTokenFilterFactory,0.00,7,2,6,0,7,1,0,1,200,1
"org.apache.solr.analysis.SmartChineseSentenceTokenizerFactory",1,0.00,1.00,3,0.02,192.92,1,0,3,2,4,135.44,4,5,1,3,135.21,0.00,0.67,0.00,0,1.00,1,60.48,0,1,3,org.apache.solr.analysis.BaseTokenizerFactory,0.00,1,2,1,0,1,0,0,1,19,1
"org.apache.solr.analysis.SmartChineseWordTokenFilterFactory",1,0.00,1.00,3,0.02,192.92,1,0,3,2,5,85.21,9,5,1,3,135.21,0.00,0.67,0.00,0,1.00,1,60.48,0,1,4,org.apache.solr.analysis.BaseTokenFilterFactory,0.00,1,2,1,0,1,0,0,1,19,1
"org.apache.solr.analysis.SnowballPorterFilterFactory",3,0.50,3.00,25,0.35,10485.29,7,4,10,9,10,91.28,15,38,1,3,109.16,0.00,0.67,0.58,0,0.00,3,1036.64,1,1,9,org.apache.solr.analysis.BaseTokenFilterFactory,0.00,6,2,9,0,6,2,1,1,208,1
"org.apache.solr.analysis.SnowballPorterFilterFactoryTest",2,0.00,1.50,33,0.55,15496.77,2,0,16,19,9,145.36,3,35,0,4,95.36,0.00,0.75,0.00,0,0.00,2,1645.49,1,0,9,org.apache.solr.analysis.BaseTokenTestCase,0.00,17,3,3,0,17,2,0,1,285,1
"org.apache.solr.analysis.SnowballPorterFilterFactoryTest$LinesMockSolrResourceLoader",4,1.00,1.00,10,0.08,939.54,5,1,16,4,1,141.10,0,15,0,1,141.10,0.00,0.00,0.25,0,6.00,1,241.90,0,3,1,java.lang.Object,0.00,0,0,4,0,0,1,1,0,67,0
"org.apache.solr.analysis.SolrAnalyzer",4,0.67,1.00,10,0.08,924.20,5,1,3,4,3,191.16,4,18,2,2,141.16,2.00,0.25,0.50,1,4.00,1,228.41,0,2,1,org.apache.lucene.analysis.Analyzer,0.00,0,1,4,2,0,2,0,2,66,2
"org.apache.solr.analysis.SpanishLightStemFilterFactory",1,0.00,1.00,3,0.02,225.35,1,0,2,2,4,97.11,12,5,1,3,134.67,0.00,0.67,0.00,0,1.00,1,58.69,0,1,3,org.apache.solr.analysis.BaseTokenFilterFactory,0.00,1,2,1,0,1,0,0,1,19,1
"org.apache.solr.analysis.StandardFilterFactory",2,0.00,1.00,6,0.05,786.43,2,0,3,3,3,114.90,11,10,0,3,132.77,0.00,0.67,0.00,0,2.00,1,155.94,2,1,3,org.apache.solr.analysis.BaseTokenFilterFactory,0.00,1,2,2,0,1,1,0,1,43,1
"org.apache.solr.analysis.StandardTokenizerFactory",2,0.00,1.00,10,0.09,1599.37,3,1,4,4,6,104.19,10,16,3,3,122.07,0.00,0.67,1.00,0,0.00,1,279.24,2,1,3,org.apache.solr.analysis.BaseTokenizerFactory,0.00,2,2,2,0,2,1,0,1,68,1
"org.apache.solr.analysis.StemmerOverrideFilterFactory",3,0.25,3.00,24,0.33,12325.51,5,2,8,13,8,129.22,11,33,1,3,108.60,0.00,0.67,0.67,0,0.00,6,987.31,1,1,7,org.apache.solr.analysis.BaseTokenFilterFactory,0.00,10,2,9,0,10,2,1,1,186,1
"org.apache.solr.analysis.StempelPolishStemFilterFactory",2,0.50,1.50,9,0.11,1837.61,4,2,9,7,9,175.11,3,14,1,3,125.11,0.00,0.67,0.75,0,0.00,2,336.81,0,1,8,org.apache.solr.analysis.BaseTokenFilterFactory,0.00,5,2,3,0,5,1,1,1,78,1
"org.apache.solr.analysis.StopFilterFactory",6,0.20,1.33,27,0.25,5100.98,9,3,9,11,8,165.29,12,38,1,3,125.41,0.00,0.67,0.50,0,0.00,3,747.86,2,2,7,org.apache.solr.analysis.BaseTokenFilterFactory,0.00,5,2,8,0,5,4,1,1,170,1
"org.apache.solr.analysis.SwedishLightStemFilterFactory",1,0.00,1.00,3,0.02,225.35,1,0,2,2,4,97.11,12,5,1,3,134.67,0.00,0.67,0.00,0,1.00,1,58.69,0,1,3,org.apache.solr.analysis.BaseTokenFilterFactory,0.00,1,2,1,0,1,0,0,1,19,1
"org.apache.solr.analysis.SynonymFilterFactory",3,0.00,1.67,18,0.22,6313.62,4,1,6,13,7,115.92,14,27,2,3,115.69,0.00,0.67,1.00,0,0.00,3,657.83,2,1,5,org.apache.solr.analysis.BaseTokenFilterFactory,0.00,10,2,5,0,10,2,1,3,141,1
"org.apache.solr.analysis.TestArabicFilters",4,0.00,1.00,34,0.45,9208.44,4,0,5,19,8,111.07,16,40,0,4,110.84,0.00,0.75,0.00,0,0.00,1,1355.36,1,0,8,org.apache.solr.analysis.BaseTokenTestCase,0.00,15,3,4,0,15,4,0,5,274,1
"org.apache.solr.analysis.TestBrazilianStemFilterFactory",1,0.00,1.00,7,0.09,1508.82,1,0,5,5,5,82.22,6,9,0,4,114.44,0.00,0.75,0.00,0,1.00,1,268.12,1,0,5,org.apache.solr.analysis.BaseTokenTestCase,0.00,4,3,1,0,4,1,0,2,58,1
"org.apache.solr.analysis.TestBulgarianStemFilterFactory",1,0.00,1.00,7,0.09,1508.82,1,0,5,5,5,82.22,6,9,0,4,114.44,0.00,0.75,0.00,0,1.00,1,268.12,1,0,5,org.apache.solr.analysis.BaseTokenTestCase,0.00,4,3,1,0,4,1,0,2,58,1
"org.apache.solr.analysis.TestCJKTokenizerFactory",1,0.00,1.00,6,0.07,1155.55,1,0,3,4,3,85.63,6,8,0,4,117.85,0.00,0.75,0.00,0,1.00,1,219.97,1,0,3,org.apache.solr.analysis.BaseTokenTestCase,0.00,3,3,1,0,3,1,0,2,49,1
"org.apache.solr.analysis.TestCapitalizationFilterFactory",7,0.00,1.00,86,1.88,84685.95,7,0,6,14,5,98.83,31,131,0,4,98.59,0.00,0.75,0.00,0,0.00,1,5630.00,1,0,5,org.apache.solr.analysis.BaseTokenTestCase,0.00,7,3,7,0,7,7,0,14,1003,1
"org.apache.solr.analysis.TestChineseFilterFactory",1,0.00,1.00,7,0.09,1563.22,1,0,5,5,4,82.10,6,9,0,4,114.32,0.00,0.75,0.00,0,1.00,1,283.04,1,0,4,org.apache.solr.analysis.BaseTokenTestCase,0.00,4,3,1,0,4,1,0,2,60,1
"org.apache.solr.analysis.TestChineseTokenizerFactory",1,0.00,1.00,6,0.08,1183.27,1,0,3,4,2,85.55,6,8,0,4,117.77,0.00,0.75,0.00,0,1.00,1,227.03,1,0,2,org.apache.solr.analysis.BaseTokenTestCase,0.00,3,3,1,0,3,1,0,2,50,1
"org.apache.solr.analysis.TestCollationKeyFilterFactory",6,0.00,1.00,83,1.31,37260.55,6,0,14,28,5,99.81,27,106,0,4,99.58,0.00,0.75,0.00,1,6.00,1,3936.79,0,0,5,org.apache.solr.analysis.BaseTokenTestCase,0.00,22,3,6,0,22,6,0,9,735,1
"org.apache.solr.analysis.TestCollationKeyFilterFactory$StringMockSolrResourceLoader",4,1.00,1.00,10,0.08,958.21,5,1,14,6,1,141.03,0,15,0,1,141.03,0.00,0.00,0.25,0,6.00,1,251.11,0,3,1,java.lang.Object,0.00,2,0,4,0,2,1,1,0,69,1
"org.apache.solr.analysis.TestCzechStemFilterFactory",1,0.00,1.00,7,0.09,1508.82,1,0,5,5,5,82.22,6,9,0,4,114.44,0.00,0.75,0.00,0,1.00,1,268.12,1,0,5,org.apache.solr.analysis.BaseTokenTestCase,0.00,4,3,1,0,4,1,0,2,58,1
"org.apache.solr.analysis.TestDelimitedPayloadTokenFilterFactory",2,0.00,2.00,37,0.65,26258.79,2,0,11,18,10,91.59,0,42,0,4,91.59,0.00,0.75,0.00,0,2.00,2,1961.94,0,0,10,org.apache.solr.analysis.BaseTokenTestCase,0.00,16,3,4,0,16,2,0,0,331,1
"org.apache.solr.analysis.TestDictionaryCompoundWordTokenFilterFactory",1,0.00,1.00,12,0.20,4496.18,1,0,9,10,7,69.76,6,15,0,4,101.98,0.00,0.75,0.00,0,0.00,1,591.18,1,0,7,org.apache.solr.analysis.BaseTokenTestCase,0.00,9,3,1,0,9,1,0,2,108,1
"org.apache.solr.analysis.TestElisionFilterFactory",2,0.00,1.00,23,0.34,8424.33,2,0,9,11,7,103.85,9,26,0,4,103.61,0.00,0.75,0.00,0,0.00,1,1016.17,1,0,7,org.apache.solr.analysis.BaseTokenTestCase,0.00,9,3,2,0,9,2,0,3,192,1
"org.apache.solr.analysis.TestEnglishMinimalStemFilterFactory",1,0.00,1.00,6,0.08,1316.03,1,0,4,5,4,138.02,3,8,0,4,117.41,0.00,0.75,0.00,0,1.00,1,238.99,1,0,4,org.apache.solr.analysis.BaseTokenTestCase,0.00,4,3,1,0,4,1,0,1,53,1
"org.apache.solr.analysis.TestFinnishLightStemFilterFactory",1,0.00,1.00,6,0.08,1316.03,1,0,4,5,4,138.02,3,8,0,4,117.41,0.00,0.75,0.00,0,1.00,1,238.99,1,0,4,org.apache.solr.analysis.BaseTokenTestCase,0.00,4,3,1,0,4,1,0,1,53,1
"org.apache.solr.analysis.TestFrenchLightStemFilterFactory",1,0.00,1.00,6,0.08,1316.03,1,0,4,5,4,138.02,3,8,0,4,117.41,0.00,0.75,0.00,0,1.00,1,238.99,1,0,4,org.apache.solr.analysis.BaseTokenTestCase,0.00,4,3,1,0,4,1,0,1,53,1
"org.apache.solr.analysis.TestFrenchMinimalStemFilterFactory",1,0.00,1.00,6,0.08,1316.03,1,0,4,5,4,138.02,3,8,0,4,117.41,0.00,0.75,0.00,0,1.00,1,238.99,1,0,4,org.apache.solr.analysis.BaseTokenTestCase,0.00,4,3,1,0,4,1,0,1,53,1
"org.apache.solr.analysis.TestGalicianStemFilterFactory",1,0.00,1.00,6,0.08,1316.03,1,0,4,5,4,138.02,3,8,0,4,117.41,0.00,0.75,0.00,0,1.00,1,238.99,1,0,4,org.apache.solr.analysis.BaseTokenTestCase,0.00,4,3,1,0,4,1,0,1,53,1
"org.apache.solr.analysis.TestGermanLightStemFilterFactory",1,0.00,1.00,6,0.08,1316.03,1,0,4,5,4,138.02,3,8,0,4,117.41,0.00,0.75,0.00,0,1.00,1,238.99,1,0,4,org.apache.solr.analysis.BaseTokenTestCase,0.00,4,3,1,0,4,1,0,1,53,1
"org.apache.solr.analysis.TestGermanMinimalStemFilterFactory",1,0.00,1.00,6,0.08,1316.03,1,0,4,5,4,138.02,3,8,0,4,117.41,0.00,0.75,0.00,0,1.00,1,238.99,1,0,4,org.apache.solr.analysis.BaseTokenTestCase,0.00,4,3,1,0,4,1,0,1,53,1
"org.apache.solr.analysis.TestGermanStemFilterFactory",1,0.00,1.00,7,0.09,1508.82,1,0,5,5,5,82.22,6,9,0,4,114.44,0.00,0.75,0.00,0,1.00,1,268.12,1,0,5,org.apache.solr.analysis.BaseTokenTestCase,0.00,4,3,1,0,4,1,0,2,58,1
"org.apache.solr.analysis.TestGreekLowerCaseFilterFactory",1,0.00,1.00,8,0.10,1824.66,1,0,5,6,5,79.41,6,10,0,4,111.63,0.00,0.75,0.00,0,0.00,1,307.81,1,0,5,org.apache.solr.analysis.BaseTokenTestCase,0.00,5,3,1,0,5,1,0,2,65,1
"org.apache.solr.analysis.TestGreekStemFilterFactory",1,0.00,1.00,8,0.11,1880.91,1,0,6,6,6,137.81,19,10,0,4,111.53,0.00,0.75,0.00,0,0.00,1,320.51,1,0,6,org.apache.solr.analysis.BaseTokenTestCase,0.00,5,3,1,0,5,1,0,2,67,1
"org.apache.solr.analysis.TestHindiFilters",3,0.00,1.00,34,0.42,9874.10,3,0,4,16,7,104.69,12,38,0,4,104.46,0.00,0.75,0.00,0,0.00,1,1270.92,1,0,7,org.apache.solr.analysis.BaseTokenTestCase,0.00,13,3,3,0,13,3,0,4,256,1
"org.apache.solr.analysis.TestHungarianLightStemFilterFactory",1,0.00,1.00,6,0.08,1316.03,1,0,4,5,4,138.02,3,8,0,4,117.41,0.00,0.75,0.00,0,1.00,1,238.99,1,0,4,org.apache.solr.analysis.BaseTokenTestCase,0.00,4,3,1,0,4,1,0,1,53,1
"org.apache.solr.analysis.TestHunspellStemFilterFactory",1,0.00,1.00,12,0.19,4697.72,1,0,8,11,6,122.44,3,14,0,4,101.83,0.00,0.75,0.00,0,0.00,1,581.17,1,0,6,org.apache.solr.analysis.BaseTokenTestCase,0.00,10,3,1,0,10,1,0,1,109,1
"org.apache.solr.analysis.TestHyphenationCompoundWordTokenFilterFactory",2,0.00,1.00,27,0.47,11788.59,2,0,9,11,7,81.88,11,34,0,4,99.76,0.00,0.75,0.00,0,0.00,1,1409.17,1,0,7,org.apache.solr.analysis.BaseTokenTestCase,0.00,9,3,2,0,9,2,0,3,247,1
"org.apache.solr.analysis.TestICUFoldingFilterFactory",1,0.00,1.00,8,0.10,1592.46,1,0,5,6,5,151.98,2,10,0,4,112.10,0.00,0.75,0.00,0,0.00,1,285.39,1,0,5,org.apache.solr.analysis.BaseTokenTestCase,0.00,5,3,1,0,5,1,0,2,61,1
"org.apache.solr.analysis.TestICUNormalizer2FilterFactory",1,0.00,1.00,8,0.10,1676.75,1,0,5,6,5,132.54,3,10,0,4,111.92,0.00,0.75,0.00,0,0.00,1,308.08,1,0,5,org.apache.solr.analysis.BaseTokenTestCase,0.00,5,3,1,0,5,1,0,3,64,1
"org.apache.solr.analysis.TestICUTokenizerFactory",1,0.00,1.00,6,0.10,1450.97,1,0,3,4,3,167.08,1,10,0,4,117.08,0.00,0.75,0.00,0,1.00,1,291.61,1,0,3,org.apache.solr.analysis.BaseTokenTestCase,0.00,3,3,1,0,3,1,0,1,59,1
"org.apache.solr.analysis.TestICUTransformFilterFactory",2,0.00,1.00,25,0.36,10425.60,2,0,7,9,5,141.36,5,28,0,4,101.47,0.00,0.75,0.00,0,0.00,1,1089.49,1,0,5,org.apache.solr.analysis.BaseTokenTestCase,0.00,7,3,2,0,7,2,0,5,207,1
"org.apache.solr.analysis.TestIndonesianStemFilterFactory",2,0.00,1.00,18,0.27,6541.00,2,0,7,9,5,107.96,9,21,0,4,107.73,0.00,0.75,0.00,0,2.00,1,809.78,1,0,5,org.apache.solr.analysis.BaseTokenTestCase,0.00,7,3,2,0,7,2,0,3,159,1
"org.apache.solr.analysis.TestItalianLightStemFilterFactory",1,0.00,1.00,6,0.08,1400.43,1,0,4,5,4,137.81,3,8,0,4,117.20,0.00,0.75,0.00,0,1.00,1,243.74,1,0,4,org.apache.solr.analysis.BaseTokenTestCase,0.00,4,3,1,0,4,1,0,1,54,1
"org.apache.solr.analysis.TestKStemFilterFactory",1,0.00,1.00,6,0.08,1316.03,1,0,4,5,4,143.69,19,8,0,4,117.41,0.00,0.75,0.00,0,1.00,1,238.99,1,0,4,org.apache.solr.analysis.BaseTokenTestCase,0.00,4,3,1,0,4,1,0,2,53,1
"org.apache.solr.analysis.TestKeepFilterFactory",1,0.00,2.00,20,0.31,16165.92,1,0,5,10,4,89.40,4,22,0,4,89.17,0.00,0.75,0.00,0,0.00,2,943.13,0,0,4,org.apache.solr.analysis.BaseTokenTestCase,0.00,9,3,2,0,9,1,0,1,173,1
"org.apache.solr.analysis.TestKeywordMarkerFilterFactory",2,0.00,1.00,24,0.39,9372.70,2,0,11,12,8,151.84,3,27,0,4,101.84,0.00,0.75,0.00,0,0.00,1,1174.25,1,0,8,org.apache.solr.analysis.BaseTokenTestCase,0.00,10,3,2,0,10,2,0,1,214,1
"org.apache.solr.analysis.TestLatvianStemFilterFactory",1,0.00,1.00,6,0.08,1400.43,1,0,4,5,4,137.81,3,8,0,4,117.20,0.00,0.75,0.00,0,1.00,1,243.74,1,0,4,org.apache.solr.analysis.BaseTokenTestCase,0.00,4,3,1,0,4,1,0,1,54,1
"org.apache.solr.analysis.TestLuceneMatchVersion",2,1.00,1.00,25,0.45,16059.53,3,1,9,18,9,139.88,5,30,0,3,100.00,0.00,0.67,0.50,0,2.00,1,1344.60,1,0,9,org.apache.solr.SolrTestCaseJ4,0.00,16,2,2,0,16,2,0,3,246,1
"org.apache.solr.analysis.TestMappingCharFilterFactory",1,0.00,4.00,15,0.17,4562.04,1,0,1,5,1,98.00,0,26,0,2,98.00,0.00,0.50,0.00,0,1.00,4,498.82,0,0,1,org.apache.lucene.util.LuceneTestCase,0.00,4,1,4,0,4,1,0,0,101,1
"org.apache.solr.analysis.TestMultiWordSynonyms",2,0.00,1.00,18,0.30,7277.77,2,0,11,17,5,107.60,8,22,0,4,107.36,0.00,0.75,0.00,0,2.00,1,907.34,1,0,5,org.apache.solr.analysis.BaseTokenTestCase,0.00,15,3,2,0,15,2,0,4,175,1
"org.apache.solr.analysis.TestMultiWordSynonyms$StringMockSolrResourceLoader",4,1.00,1.00,10,0.08,958.21,5,1,11,6,1,141.03,0,15,0,1,141.03,0.00,0.00,0.25,0,6.00,1,251.11,0,3,1,java.lang.Object,0.00,2,0,4,0,2,1,1,0,69,1
"org.apache.solr.analysis.TestNGramFilters",10,0.00,1.00,81,1.28,31170.56,10,0,7,26,8,130.42,33,102,0,4,109.80,0.00,0.75,0.00,0,10.00,1,3833.51,1,0,8,org.apache.solr.analysis.BaseTokenTestCase,0.00,16,3,10,0,16,10,0,11,743,1
"org.apache.solr.analysis.TestPatternReplaceCharFilterFactory",3,0.00,1.00,37,0.57,14808.01,3,0,8,16,6,122.27,11,46,0,4,101.66,0.00,0.75,0.00,0,3.00,1,1716.75,1,0,6,org.apache.solr.analysis.BaseTokenTestCase,0.00,13,3,3,0,13,3,0,9,314,1
"org.apache.solr.analysis.TestPatternReplaceFilterFactory",1,0.00,1.00,10,0.15,3892.33,1,0,5,8,4,126.04,3,14,0,4,105.43,0.00,0.75,0.00,0,1.00,1,456.34,1,0,4,org.apache.solr.analysis.BaseTokenTestCase,0.00,7,3,1,0,7,1,0,1,90,1
"org.apache.solr.analysis.TestPatternTokenizerFactory",1,0.00,1.00,9,0.13,3694.67,1,0,4,7,3,147.20,2,13,0,4,107.31,0.00,0.75,0.00,0,1.00,1,395.08,1,0,3,org.apache.solr.analysis.BaseTokenTestCase,0.00,6,3,1,0,6,1,0,2,80,1
"org.apache.solr.analysis.TestPersianNormalizationFilterFactory",1,0.00,1.00,7,0.09,1508.82,1,0,5,5,5,82.22,6,9,0,4,114.44,0.00,0.75,0.00,0,1.00,1,268.12,1,0,5,org.apache.solr.analysis.BaseTokenTestCase,0.00,4,3,1,0,4,1,0,2,58,1
"org.apache.solr.analysis.TestPhoneticFilterFactory",3,0.00,1.67,38,0.67,22401.53,3,0,7,13,5,150.13,4,59,0,4,100.13,0.00,0.75,0.00,1,3.00,3,2019.65,1,0,5,org.apache.solr.analysis.BaseTokenTestCase,0.00,10,3,5,0,10,3,0,2,380,1
"org.apache.solr.analysis.TestPorterStemFilterFactory",1,0.00,1.00,7,0.09,1508.82,1,0,5,5,5,82.22,6,9,0,4,114.44,0.00,0.75,0.00,0,1.00,1,268.12,1,0,5,org.apache.solr.analysis.BaseTokenTestCase,0.00,4,3,1,0,4,1,0,2,58,1
"org.apache.solr.analysis.TestPortugueseLightStemFilterFactory",1,0.00,1.00,6,0.08,1316.03,1,0,4,5,4,138.02,3,8,0,4,117.41,0.00,0.75,0.00,0,1.00,1,238.99,1,0,4,org.apache.solr.analysis.BaseTokenTestCase,0.00,4,3,1,0,4,1,0,1,53,1
"org.apache.solr.analysis.TestPortugueseMinimalStemFilterFactory",1,0.00,1.00,6,0.08,1316.03,1,0,4,5,4,138.02,3,8,0,4,117.41,0.00,0.75,0.00,0,1.00,1,238.99,1,0,4,org.apache.solr.analysis.BaseTokenTestCase,0.00,4,3,1,0,4,1,0,1,53,1
"org.apache.solr.analysis.TestPortugueseStemFilterFactory",1,0.00,1.00,6,0.08,1316.03,1,0,4,5,4,138.02,3,8,0,4,117.41,0.00,0.75,0.00,0,1.00,1,238.99,1,0,4,org.apache.solr.analysis.BaseTokenTestCase,0.00,4,3,1,0,4,1,0,1,53,1
"org.apache.solr.analysis.TestRemoveDuplicatesTokenFilterFactory",4,0.00,1.00,14,0.24,4754.94,4,0,7,12,7,128.99,1,28,0,4,128.99,0.00,0.75,0.00,2,4.00,1,718.20,1,2,7,org.apache.solr.analysis.BaseTokenTestCase,0.00,8,3,4,0,8,2,0,1,159,1
"org.apache.solr.analysis.TestRemoveDuplicatesTokenFilterFactory$TokenStream",1,0.00,2.00,14,0.15,2847.86,4,3,7,11,4,100.88,0,17,0,1,100.88,0.00,0.00,1.00,0,0.00,2,458.76,0,0,4,java.lang.Object,0.00,10,0,2,0,10,1,0,0,100,0
"org.apache.solr.analysis.TestReverseStringFilterFactory",1,0.00,1.00,8,0.10,1762.54,1,0,5,6,5,79.53,6,10,0,4,111.75,0.00,0.75,0.00,0,0.00,1,310.51,1,0,5,org.apache.solr.analysis.BaseTokenTestCase,0.00,5,3,1,0,5,1,0,2,65,1
"org.apache.solr.analysis.TestReversedWildcardFilterFactory",7,0.17,1.14,81,1.29,43126.11,10,3,21,31,13,152.28,10,121,0,3,102.28,0.00,0.67,0.19,1,18.00,2,3870.91,7,0,13,org.apache.solr.SolrTestCaseJ4,0.05,24,2,8,0,24,7,0,10,722,1
"org.apache.solr.analysis.TestRussianFilters",1,0.00,1.00,7,0.09,1455.37,1,0,3,5,2,82.35,6,10,0,4,114.57,0.00,0.75,0.00,0,0.00,1,275.51,1,0,2,org.apache.solr.analysis.BaseTokenTestCase,0.00,4,3,1,0,4,1,0,2,58,1
"org.apache.solr.analysis.TestRussianLightStemFilterFactory",1,0.00,1.00,6,0.08,1316.03,1,0,4,5,4,138.02,3,8,0,4,117.41,0.00,0.75,0.00,0,1.00,1,238.99,1,0,4,org.apache.solr.analysis.BaseTokenTestCase,0.00,4,3,1,0,4,1,0,1,53,1
"org.apache.solr.analysis.TestShingleFilterFactory",13,0.00,1.00,117,1.99,48469.86,13,0,6,20,4,127.89,50,149,0,4,107.28,0.00,0.75,0.00,0,13.00,1,5984.54,1,0,4,org.apache.solr.analysis.BaseTokenTestCase,0.00,7,3,13,0,7,13,0,14,1117,1
"org.apache.solr.analysis.TestSmartChineseFactories",2,0.00,1.00,14,0.21,4255.62,2,0,4,8,6,95.40,10,21,0,4,113.27,0.00,0.75,0.00,0,2.00,1,638.57,1,0,6,org.apache.solr.analysis.BaseTokenTestCase,0.00,6,3,2,0,6,2,0,7,130,1
"org.apache.solr.analysis.TestSpanishLightStemFilterFactory",1,0.00,1.00,6,0.08,1316.03,1,0,4,5,4,138.02,3,8,0,4,117.41,0.00,0.75,0.00,0,1.00,1,238.99,1,0,4,org.apache.solr.analysis.BaseTokenTestCase,0.00,4,3,1,0,4,1,0,1,53,1
"org.apache.solr.analysis.TestStandardFactories",10,0.00,1.20,87,1.19,28706.83,10,0,7,42,12,149.93,29,103,0,4,110.04,0.00,0.75,0.00,0,0.00,2,3577.73,1,0,12,org.apache.solr.analysis.BaseTokenTestCase,0.00,32,3,12,0,32,10,0,11,686,1
"org.apache.solr.analysis.TestStemmerOverrideFilterFactory",2,0.00,1.00,24,0.39,9343.47,2,0,11,12,8,141.73,4,27,0,4,101.85,0.00,0.75,0.00,0,0.00,1,1165.46,1,0,8,org.apache.solr.analysis.BaseTokenTestCase,0.00,10,3,2,0,10,2,0,2,213,1
"org.apache.solr.analysis.TestStempelPolishStemFilterFactory",1,0.00,1.00,7,0.09,1721.82,1,0,4,7,5,140.28,19,10,0,4,113.99,0.00,0.75,0.00,0,0.00,1,279.91,1,0,5,org.apache.solr.analysis.BaseTokenTestCase,0.00,6,3,1,0,6,1,0,2,61,1
"org.apache.solr.analysis.TestStopFilterFactory",1,0.00,2.00,22,0.38,21647.93,1,0,5,11,4,86.86,4,24,0,4,86.62,0.00,0.75,0.00,0,0.00,2,1149.92,0,0,4,org.apache.solr.analysis.BaseTokenTestCase,0.00,10,3,2,0,10,1,0,1,207,1
"org.apache.solr.analysis.TestSwedishLightStemFilterFactory",1,0.00,1.00,6,0.08,1400.43,1,0,4,5,4,137.81,3,8,0,4,117.20,0.00,0.75,0.00,0,1.00,1,243.74,1,0,4,org.apache.solr.analysis.BaseTokenTestCase,0.00,4,3,1,0,4,1,0,1,54,1
"org.apache.solr.analysis.TestSynonymFilterFactory",3,0.00,1.00,33,0.56,15346.24,3,0,13,16,7,152.95,5,40,0,4,102.95,0.00,0.75,0.00,0,1.00,1,1693.37,1,0,7,org.apache.solr.analysis.BaseTokenTestCase,0.00,13,3,3,0,13,3,0,4,312,1
"org.apache.solr.analysis.TestSynonymFilterFactory$StringMockSolrResourceLoader",4,1.00,1.00,10,0.08,958.21,5,1,13,6,1,141.03,0,15,0,1,141.03,0.00,0.00,0.25,0,6.00,1,251.11,0,3,1,java.lang.Object,0.00,2,0,4,0,2,1,1,0,69,1
"org.apache.solr.analysis.TestThaiWordFilterFactory",1,0.00,1.00,9,0.13,2148.73,1,0,6,7,6,76.94,6,12,0,4,109.16,0.00,0.75,0.00,0,0.00,1,403.76,1,0,6,org.apache.solr.analysis.BaseTokenTestCase,0.00,6,3,1,0,6,1,0,2,78,1
"org.apache.solr.analysis.TestTrimFilterFactory",1,0.00,1.00,8,0.12,2926.45,1,0,5,8,4,130.63,3,10,0,4,110.02,0.00,0.75,0.00,0,1.00,1,371.63,1,0,4,org.apache.solr.analysis.BaseTokenTestCase,0.00,7,3,1,0,7,1,0,1,76,1
"org.apache.solr.analysis.TestTurkishLowerCaseFilterFactory",1,0.00,1.00,7,0.09,1508.82,1,0,5,5,5,82.22,6,9,0,4,114.44,0.00,0.75,0.00,0,1.00,1,268.12,1,0,5,org.apache.solr.analysis.BaseTokenTestCase,0.00,4,3,1,0,4,1,0,2,58,1
"org.apache.solr.analysis.TestUAX29URLEmailTokenizerFactory",9,0.00,1.11,73,1.22,26749.41,9,0,6,20,3,159.94,10,149,0,4,109.94,0.00,0.75,0.00,0,0.00,2,3673.11,1,0,3,org.apache.solr.analysis.BaseTokenTestCase,0.00,11,3,10,0,11,9,0,8,681,1
"org.apache.solr.analysis.TestWikipediaTokenizerFactory",1,0.00,1.00,10,0.14,2588.89,1,0,5,4,4,133.10,19,13,0,4,106.82,0.00,0.75,0.00,0,1.00,1,425.30,1,0,4,org.apache.solr.analysis.BaseTokenTestCase,0.00,3,3,1,0,3,1,0,2,83,1
"org.apache.solr.analysis.TestWordDelimiterFilterFactory",9,0.00,1.00,75,1.11,31179.63,9,0,10,19,7,149.32,26,151,0,3,109.44,0.00,0.67,0.00,1,9.00,1,3331.11,6,0,7,org.apache.solr.SolrTestCaseJ4,0.00,10,2,9,0,10,9,0,8,638,1
"org.apache.solr.analysis.ThaiWordFilterFactory",1,0.00,1.00,4,0.03,274.80,1,0,2,2,4,85.21,11,6,1,3,129.34,0.00,0.67,0.00,0,0.00,1,76.45,1,1,3,org.apache.solr.analysis.BaseTokenFilterFactory,0.00,1,2,1,0,1,0,0,1,23,1
"org.apache.solr.analysis.TokenFilterFactory",3,0.00,1.00,4,0.03,247.81,3,0,2,3,10,126.52,39,5,9,1,155.90,0.00,0.00,0.00,0,3.00,1,89.64,0,2,1,,0.00,0,0,3,0,0,1,0,4,31,1
"org.apache.solr.analysis.TokenOffsetPayloadTokenFilterFactory",1,0.00,1.00,3,0.02,225.35,1,0,2,2,3,90.55,11,5,0,3,134.67,0.00,0.67,0.00,0,1.00,1,58.69,0,1,3,org.apache.solr.analysis.BaseTokenFilterFactory,0.00,1,2,1,0,1,0,0,1,19,1
"org.apache.solr.analysis.TokenizerChain",8,0.10,1.62,44,0.39,11039.44,11,3,2,16,15,120.09,7,51,7,3,120.09,0.00,0.67,0.25,0,28.00,3,1184.18,0,6,8,org.apache.solr.analysis.SolrAnalyzer,0.00,8,2,13,0,8,2,0,5,271,2
"org.apache.solr.analysis.TokenizerFactory",3,0.00,1.00,4,0.03,241.10,3,0,3,3,7,118.44,37,5,6,1,156.00,0.00,0.00,0.00,0,3.00,1,91.19,0,2,1,,0.00,0,0,3,0,0,1,0,4,31,1
"org.apache.solr.analysis.TrieTokenizer",7,0.12,2.14,53,0.68,21650.39,14,7,8,27,6,111.81,1,78,1,4,111.81,0.00,0.75,0.24,1,0.00,7,2030.03,2,1,5,org.apache.lucene.analysis.Tokenizer,0.67,20,3,15,0,20,6,0,1,397,1
"org.apache.solr.analysis.TrieTokenizerFactory",2,0.00,1.00,8,0.07,1046.28,4,2,8,4,8,94.91,12,11,1,3,127.13,0.00,0.67,0.50,0,2.00,1,214.45,0,0,7,org.apache.solr.analysis.BaseTokenizerFactory,0.00,2,2,2,0,2,2,0,1,58,1
"org.apache.solr.analysis.TrimFilterFactory",2,0.00,2.00,11,0.14,3944.21,3,1,4,6,5,86.60,12,19,1,3,118.82,0.00,0.67,1.00,0,0.00,3,413.05,1,1,4,org.apache.solr.analysis.BaseTokenFilterFactory,0.00,4,2,4,0,4,1,0,1,89,1
"org.apache.solr.analysis.TurkishLowerCaseFilterFactory",1,0.00,1.00,3,0.02,225.35,1,0,2,2,4,90.55,11,5,1,3,134.67,0.00,0.67,0.00,0,1.00,1,58.69,0,1,3,org.apache.solr.analysis.BaseTokenFilterFactory,0.00,1,2,1,0,1,0,0,1,19,1
"org.apache.solr.analysis.TypeAsPayloadTokenFilterFactory",1,0.00,1.00,3,0.02,225.35,1,0,2,2,3,90.55,11,5,0,3,134.67,0.00,0.67,0.00,0,1.00,1,58.69,0,1,3,org.apache.solr.analysis.BaseTokenFilterFactory,0.00,1,2,1,0,1,0,0,1,19,1
"org.apache.solr.analysis.UAX29URLEmailTokenizerFactory",2,0.00,1.00,10,0.09,1599.37,3,1,4,4,4,104.19,11,15,1,3,122.07,0.00,0.67,1.00,0,0.00,1,279.24,2,1,3,org.apache.solr.analysis.BaseTokenizerFactory,0.00,2,2,2,0,2,1,0,1,68,1
"org.apache.solr.analysis.WhitespaceTokenizerFactory",2,0.00,1.00,6,0.05,786.43,2,0,3,3,3,114.90,10,10,1,3,132.77,0.00,0.67,0.00,0,2.00,1,155.94,2,1,2,org.apache.solr.analysis.BaseTokenizerFactory,0.00,1,2,2,0,1,1,0,1,43,1
"org.apache.solr.analysis.WikipediaTokenizerFactory",1,0.00,1.00,3,0.02,192.92,1,0,3,2,4,91.08,11,5,1,3,135.21,0.00,0.67,0.00,0,1.00,1,60.48,0,1,3,org.apache.solr.analysis.BaseTokenizerFactory,0.00,1,2,1,0,1,0,0,2,19,1
"org.apache.solr.analysis.WordDelimiterFilterFactory",6,0.11,7.50,98,1.54,78294.86,13,7,16,29,9,133.10,17,134,1,3,93.21,0.00,0.67,0.24,2,18.00,13,4627.01,2,3,8,org.apache.solr.analysis.BaseTokenFilterFactory,0.00,23,2,45,0,23,3,1,4,831,1
"org.apache.lucene.queryparser.util.QueryParserTestBase",60,0.48,1.37,658,9.72,292066.68,62,2,28,157,34,144.47,155,795,2,2,104.59,2.00,0.25,0.02,11,230.00,5,29165.21,2,7,32,org.apache.lucene.util.LuceneTestCase,0.00,97,1,82,2,97,53,0,123,5422,2
"org.apache.lucene.queryparser.util.QueryParserTestBase$Analyzer",1,0.00,1.00,3,0.04,595.79,1,0,28,3,1,131.35,0,5,0,1,131.35,0.00,0.00,0.00,0,1.00,1,112.25,0,1,1,java.lang.Object,0.00,2,0,1,0,2,0,0,0,29,0
"org.apache.lucene.queryparser.util.QueryParserTestBase$Analyzer1",1,0.00,1.00,4,0.06,1028.22,1,0,28,4,2,124.82,0,7,0,2,124.82,0.00,0.50,0.00,0,1.00,1,167.13,0,1,2,org.apache.lucene.queryparser.util.Analyzer,0.00,3,1,1,0,3,0,0,0,40,1
"org.apache.lucene.queryparser.util.QueryParserTestBase$Analyzer2",1,0.00,1.00,3,0.04,614.81,1,0,28,3,1,131.24,0,6,0,2,131.24,0.00,0.50,0.00,0,1.00,1,119.76,0,1,1,org.apache.lucene.queryparser.util.Analyzer,0.00,2,1,1,0,2,0,0,0,31,1
"org.apache.lucene.queryparser.util.QueryParserTestBase$MockAnalyzer",3,0.00,1.00,10,0.15,2865.59,3,0,28,5,4,129.73,2,16,0,1,129.73,0.00,0.00,0.00,0,3.00,1,436.33,1,3,4,java.lang.Object,0.00,2,0,3,0,2,0,0,2,100,0
"org.apache.lucene.queryparser.util.QueryParserTestBase$MockCollationAnalyzer",1,0.00,1.00,4,0.06,1028.22,1,0,28,4,2,124.82,0,7,0,2,124.82,0.00,0.50,0.00,0,1.00,1,167.13,0,1,2,org.apache.lucene.queryparser.util.Analyzer,0.00,3,1,1,0,3,0,0,0,40,1
"org.apache.lucene.queryparser.util.QueryParserTestBase$MockCollationFilter",2,1.00,1.50,11,0.10,2039.58,3,1,28,6,1,121.14,0,16,0,2,121.14,0.00,0.50,0.50,0,2.00,2,312.15,0,0,1,org.apache.lucene.index.TokenFilter,0.00,4,1,3,0,4,2,0,0,74,1
"org.apache.lucene.queryparser.util.QueryParserTestBase$MockSynonymFilter",2,0.33,2.00,18,0.16,3475.21,5,3,28,9,2,109.73,1,24,0,2,109.73,0.00,0.50,0.50,0,2.00,3,494.58,0,0,2,org.apache.lucene.index.TokenFilter,0.00,7,1,4,0,7,2,0,1,109,1
"org.apache.lucene.queryparser.util.QueryParserTestBase$QPTestAnalyzer",1,0.00,1.00,4,0.06,1069.20,1,0,28,4,2,174.69,1,7,0,2,124.69,0.00,0.50,0.00,0,1.00,1,175.62,0,1,2,org.apache.lucene.index.Analyzer,0.00,3,1,1,0,3,0,0,1,42,3
"org.apache.lucene.queryparser.util.QueryParserTestBase$QPTestFilter",2,1.00,3.00,26,0.27,8254.38,7,5,28,11,2,140.61,4,33,0,2,100.72,0.00,0.50,0.70,0,0.00,5,822.80,0,0,2,org.apache.lucene.index.TokenFilter,0.00,9,1,6,0,9,2,0,1,169,3
"org.apache.lucene.queryparser.util.QueryParserTestBase$QPTestParser",3,0.00,1.00,7,0.08,1090.71,3,0,28,4,3,139.61,0,13,0,3,139.61,0.00,0.67,0.00,0,3.00,1,239.82,0,2,3,org.apache.lucene.queryparser.classic.QueryParser,0.00,1,2,3,0,1,1,0,0,63,2
"org.apache.lucene.queryparser.util.QueryParserTestBase$SimpleCJKAnalyzer",1,0.00,1.00,3,0.03,425.86,1,0,28,3,0,132.50,0,6,0,2,132.50,0.00,0.50,0.00,0,1.00,1,97.55,0,1,0,org.apache.lucene.index.Analyzer,0.00,2,1,1,0,2,0,0,0,27,1
"org.apache.lucene.queryparser.util.QueryParserTestBase$SimpleCJKTokenizer",2,1.00,1.50,10,0.10,1712.34,3,1,28,6,2,121.74,0,15,0,4,121.74,0.00,0.75,0.50,0,2.00,2,297.37,0,0,2,org.apache.lucene.analysis.Tokenizer,0.21,4,3,3,0,4,2,0,0,70,1
"org.apache.lucene.queryparser.util.QueryParserTestBase$SmartQueryParser",2,1.00,1.50,6,0.09,1834.17,3,1,28,4,3,129.78,0,14,0,3,129.78,0.00,0.67,0.50,0,2.00,2,260.37,1,1,3,org.apache.lucene.queryparser.classic.QueryParser,0.00,2,2,3,0,2,1,0,0,64,1
"org.apache.solr.client.solrj.util.ClientUtils",9,3.00,3.33,89,1.34,67312.51,12,3,18,44,22,86.75,49,122,13,1,104.62,0.00,0.00,0.00,1,9.00,9,4030.55,0,8,9,java.lang.Object,0.00,35,0,30,0,35,1,0,17,752,1
"org.apache.solr.client.solrj.util.ClientUtilsTest",1,0.00,1.00,7,0.07,1113.60,1,0,1,3,1,97.61,5,10,0,2,115.48,0.00,0.50,0.00,0,1.00,1,224.01,0,0,1,org.apache.lucene.util.LuceneTestCase,0.00,2,1,1,0,2,1,0,1,56,1
"org.apache.lucene.store.AlreadyClosedException",1,0.00,1.00,3,0.02,106.02,1,0,0,1,25,170.64,20,5,25,2,137.25,0.00,0.50,0.00,0,1.00,1,45.51,0,0,0,java.lang.IllegalStateException,0.00,0,1,1,0,0,1,0,2,16,1
"org.apache.lucene.store.BufferedIndexInput",24,0.14,2.12,159,2.04,120644.78,31,7,1,28,18,152.54,63,225,16,3,112.65,3.00,0.22,0.28,7,12.00,7,6131.50,6,1,3,org.apache.lucene.store.IndexInput,0.82,4,2,51,6,4,23,0,43,1246,2
"org.apache.lucene.store.BufferedIndexOutput",9,0.12,1.89,46,0.51,34493.44,13,4,1,10,2,116.80,41,68,1,3,116.56,0.50,0.50,0.36,2,8.00,8,1534.91,0,0,1,org.apache.lucene.store.IndexOutput,0.81,1,2,17,1,1,9,0,21,330,2
"org.apache.lucene.store.ByteArrayDataInput",19,0.17,1.11,73,0.84,33740.70,22,3,1,20,10,127.59,5,99,8,2,127.59,0.00,0.50,0.49,2,0.00,2,2512.93,0,0,2,org.apache.lucene.store.DataInput,0.47,1,1,21,0,1,19,0,5,574,2
"org.apache.lucene.store.ByteArrayDataOutput",8,0.05,1.00,25,0.22,3995.07,11,3,1,9,4,131.95,3,36,2,2,131.95,0.00,0.50,0.38,1,8.00,1,666.19,0,0,2,org.apache.lucene.store.DataOutput,0.21,1,1,8,0,1,8,0,1,170,1
"org.apache.lucene.store.ChecksumIndexInput",8,0.07,1.00,23,0.21,3532.67,10,2,3,17,2,138.94,5,39,1,3,138.94,0.00,0.67,0.56,0,0.00,1,623.92,0,0,1,org.apache.lucene.store.IndexInput,0.62,9,2,8,0,9,8,0,1,164,1
"org.apache.lucene.store.ChecksumIndexOutput",11,0.05,1.00,32,0.30,4792.53,13,2,3,23,2,188.99,17,51,1,3,138.99,0.00,0.67,0.55,1,0.00,1,905.19,0,0,1,org.apache.lucene.store.IndexOutput,0.75,12,2,11,0,12,11,0,8,233,1
"org.apache.lucene.store.CompoundFileDirectory",17,0.05,2.24,166,2.11,114891.54,25,8,9,55,23,144.95,35,220,13,2,105.06,0.00,0.50,0.17,0,66.00,8,6343.64,1,7,10,org.apache.lucene.store.Directory,0.11,38,1,38,0,38,10,0,24,1180,2
"org.apache.lucene.store.CompoundFileDirectory$FileEntry",0,0.00,0.00,3,0.02,186.86,2,2,9,0,0,171.00,0,4,0,1,171.00,0.00,0.00,0.00,0,0.00,0,49.83,0,0,0,java.lang.Object,0.00,0,0,0,0,0,0,0,0,15,3
"org.apache.lucene.store.CompoundFileDirectory$IndexInputSlicer",3,0.00,1.00,6,0.07,1248.20,3,0,9,3,1,139.15,0,12,0,1,139.15,0.00,0.00,0.00,1,4.00,1,220.12,0,0,1,java.lang.Object,0.00,0,0,3,0,0,3,0,0,58,0
"org.apache.lucene.store.CompoundFileWriter",14,0.08,2.36,133,1.66,67694.90,27,13,12,53,7,106.43,57,186,1,1,106.19,0.00,0.00,0.15,5,54.00,6,4993.88,0,4,6,java.lang.Object,0.00,39,0,33,0,39,10,1,18,945,1
"org.apache.lucene.store.CompoundFileWriter$DirectCFSIndexOutput",8,0.31,1.25,41,0.37,6947.48,14,6,12,17,1,121.73,3,60,0,3,121.73,0.00,0.67,0.44,0,0.00,3,1115.27,0,0,1,org.apache.lucene.store.IndexOutput,0.84,9,2,10,0,9,8,0,3,264,2
"org.apache.lucene.store.CompoundFileWriter$FileEntry",0,0.00,0.00,5,0.03,295.55,4,4,12,0,1,171.00,3,6,0,1,171.00,0.00,0.00,0.00,0,0.00,0,87.57,0,0,1,java.lang.Object,0.00,0,0,0,0,0,0,0,3,23,3
"org.apache.lucene.store.DataInput",11,0.00,2.27,76,0.99,69227.79,11,0,3,14,27,69.58,77,90,27,1,111.87,0.00,0.00,0.00,5,11.00,9,2972.86,1,3,0,java.lang.Object,0.00,3,0,25,21,3,8,1,14,644,2
"org.apache.lucene.store.DataOutput",11,0.45,1.64,52,0.64,21211.30,13,2,4,18,21,143.17,41,70,18,1,122.56,0.00,0.00,0.09,5,20.00,4,1933.72,0,0,3,java.lang.Object,0.00,7,0,18,15,7,11,0,11,431,2
"org.apache.lucene.store.DirectIOLinuxDirectory",4,0.33,1.25,18,0.23,4055.46,7,3,9,8,8,82.53,29,27,0,3,124.82,0.00,0.67,0.08,0,6.00,2,698.45,3,2,8,org.apache.lucene.store.FSDirectory,0.00,4,2,5,0,4,2,0,3,159,1
"org.apache.lucene.store.DirectIOLinuxDirectory$DirectIOLinuxIndexInput",10,0.36,1.90,81,0.84,25660.29,18,8,9,27,2,160.32,13,112,0,3,110.32,0.00,0.67,0.45,2,0.00,3,2516.52,0,1,2,org.apache.lucene.store.IndexInput,0.69,17,2,19,0,17,9,0,13,528,3
"org.apache.lucene.store.DirectIOLinuxDirectory$DirectIOLinuxIndexOutput",9,0.28,1.78,74,0.83,33104.78,17,8,9,25,2,148.99,25,104,0,3,109.10,0.00,0.67,0.38,1,0.00,3,2502.62,0,0,2,org.apache.lucene.store.IndexOutput,0.81,16,2,16,0,16,9,0,25,514,3
"org.apache.lucene.store.Directory",18,0.44,1.17,44,0.47,8406.05,20,2,5,27,518,96.42,136,65,511,1,138.72,0.00,0.00,0.08,3,62.00,2,1400.45,1,4,7,java.lang.Object,0.00,9,0,21,17,9,14,1,21,346,2
"org.apache.lucene.store.Directory$IndexInputSlicer",3,0.00,1.00,8,0.09,1343.22,4,1,5,7,2,138.89,0,14,0,1,138.89,0.00,0.00,1.00,0,0.00,1,276.44,0,0,2,java.lang.Object,0.00,4,0,3,0,4,3,0,0,72,0
"org.apache.lucene.store.Directory$IndexInputSlicer_0",2,0.00,1.00,3,0.03,230.21,2,0,5,2,1,175.38,7,4,0,1,154.77,0.00,0.00,0.00,0,2.00,1,85.16,0,0,1,java.lang.Object,0.00,0,0,2,0,0,2,1,2,27,2
"org.apache.lucene.store.Directory$SlicedIndexInput",8,0.14,1.38,35,0.40,10583.83,11,3,5,14,3,173.89,14,51,0,4,123.89,0.00,0.75,0.46,0,2.00,3,1202.20,2,1,3,org.apache.lucene.store.BufferedIndexInput,0.50,6,3,11,0,6,7,0,6,278,3
"org.apache.lucene.store.FSDirectory",26,0.06,2.19,146,1.83,65087.32,31,5,12,69,42,75.69,194,212,32,2,117.98,5.00,0.14,0.15,4,194.00,7,5497.16,2,9,13,org.apache.lucene.store.Directory,0.23,43,1,57,5,43,17,0,37,1148,2
"org.apache.lucene.store.FSDirectory$FSIndexOutput",6,0.20,1.67,37,0.37,8428.18,11,5,12,15,3,117.07,5,56,0,4,117.07,0.00,0.75,0.37,0,0.00,4,1115.97,2,0,3,org.apache.lucene.store.BufferedIndexOutput,0.62,9,3,10,0,9,6,0,5,249,2
"org.apache.lucene.store.FSDirectory$FilenameFilter",1,0.00,1.00,3,0.03,458.50,1,0,12,3,0,132.24,0,4,0,1,132.24,0.00,0.00,0.00,0,1.00,1,86.14,0,0,0,java.lang.Object,0.00,2,0,1,0,2,1,0,0,24,0
"org.apache.lucene.store.FSLockFactory",2,1.00,1.50,7,0.06,1213.45,3,1,1,3,5,83.09,16,11,4,2,131.19,2.00,0.25,0.50,0,2.00,2,190.50,0,1,1,org.apache.lucene.store.LockFactory,0.00,1,1,3,2,1,1,0,4,49,2
"org.apache.lucene.store.FileSwitchDirectory",15,0.07,1.80,71,0.84,35275.93,19,4,6,36,6,171.86,25,114,1,2,121.86,0.00,0.50,0.18,2,44.00,8,2519.05,0,8,5,org.apache.lucene.store.Directory,0.12,21,1,27,0,21,7,0,14,559,1
"org.apache.lucene.store.FlushInfo",4,0.33,2.25,22,0.24,7242.66,6,2,0,5,7,86.86,27,37,7,1,119.09,0.00,0.00,0.75,0,0.00,6,728.92,0,1,0,java.lang.Object,0.00,1,0,9,0,1,3,0,3,171,1
"org.apache.lucene.store.IOContext",10,0.03,2.50,62,0.76,30182.32,17,7,0,17,117,134.98,34,86,115,1,114.36,0.00,0.00,0.17,0,22.00,12,2288.26,0,1,2,java.lang.Object,0.00,7,0,25,0,7,9,0,5,510,1
"org.apache.lucene.store.IOContext$Context",0,0.00,0.00,2,0.01,57.06,0,0,0,0,0,171.00,0,3,0,1,171.00,0.00,0.00,0.00,0,0.00,0,28.53,0,0,0,java.lang.Object,0.00,0,0,0,0,0,0,0,0,9,1
"org.apache.lucene.store.IndexInput",5,1.00,1.60,15,0.19,9035.17,6,1,2,6,167,127.68,24,19,165,2,127.45,16.00,0.06,0.20,0,8.00,4,574.07,1,0,3,org.apache.lucene.store.DataInput,0.00,1,1,8,16,1,5,2,6,126,2
"org.apache.lucene.store.IndexOutput",6,0.00,1.00,7,0.06,436.71,6,0,2,6,95,156.57,25,8,94,2,156.34,10.00,0.08,0.00,0,6.00,1,177.79,0,0,1,org.apache.lucene.store.DataOutput,0.00,0,1,6,10,0,6,1,7,58,2
"org.apache.lucene.store.InputStreamDataInput",4,0.33,1.75,17,0.19,6864.24,5,1,2,7,2,172.94,4,27,1,2,122.94,0.00,0.50,0.75,0,0.00,3,571.33,0,0,1,org.apache.lucene.store.DataInput,0.27,3,1,7,0,3,4,1,2,129,1
"org.apache.lucene.store.Lock",4,0.11,2.50,28,0.34,19599.75,7,3,2,10,29,61.73,41,37,27,1,110.21,0.00,0.00,0.25,1,6.00,7,1012.61,0,0,2,java.lang.Object,0.00,6,0,10,8,6,4,0,9,197,2
"org.apache.lucene.store.Lock$With",3,0.25,1.33,13,0.11,1805.78,5,2,2,5,2,147.20,10,19,0,1,126.59,0.00,0.00,0.33,1,4.00,2,320.43,0,2,2,java.lang.Object,0.00,2,0,4,0,2,1,0,3,81,3
"org.apache.lucene.store.LockFactory",4,1.00,1.00,8,0.06,564.89,5,1,1,4,18,92.84,36,11,17,1,142.84,0.00,0.00,0.00,0,4.00,1,176.92,0,2,1,java.lang.Object,0.00,0,0,4,8,0,2,0,5,53,2
"org.apache.lucene.store.LockObtainFailedException",1,0.00,1.00,3,0.02,106.02,1,0,1,1,31,94.96,7,5,31,2,137.25,0.00,0.50,0.00,0,1.00,1,45.51,0,0,0,java.io.IOException,0.00,0,1,1,0,0,1,0,1,16,1
"org.apache.lucene.store.LockReleaseFailedException",1,0.00,1.00,3,0.02,106.02,1,0,1,1,5,119.38,5,5,5,2,137.25,0.00,0.50,0.00,0,1.00,1,45.51,0,0,0,java.io.IOException,0.00,0,1,1,0,0,1,0,1,16,1
"org.apache.lucene.store.LockStressTest",1,0.00,11.00,36,0.74,45735.51,1,0,2,17,5,27.59,8,64,0,1,75.70,0.00,0.00,0.00,0,1.00,11,2208.03,0,0,5,java.lang.Object,0.00,16,0,11,0,16,1,0,1,331,1
"org.apache.lucene.store.LockVerifyServer",2,0.00,4.50,36,0.57,33684.68,2,0,5,18,0,72.67,10,47,0,1,90.55,0.00,0.00,0.00,1,2.00,8,1721.18,0,1,0,java.lang.Object,0.00,16,0,9,0,16,1,0,2,290,1
"org.apache.lucene.store.MMapDirectory",9,0.06,1.44,50,0.55,12457.79,13,4,13,22,10,75.98,103,72,6,3,120.11,0.00,0.67,0.19,1,46.00,3,1636.98,2,1,5,org.apache.lucene.store.FSDirectory,0.00,13,2,13,0,13,8,0,15,361,1
"org.apache.lucene.store.MMapDirectory$IndexInputSlicer",3,0.00,1.00,7,0.08,1154.58,3,0,13,6,1,139.41,0,13,0,1,139.41,0.00,0.00,0.00,1,4.00,1,233.68,0,0,1,java.lang.Object,0.00,3,0,3,0,3,3,0,0,61,0
"org.apache.lucene.store.MMapDirectory$MMapIndexInput",11,0.11,2.91,102,1.34,75714.45,19,8,13,28,2,104.94,8,148,0,3,104.94,0.00,0.67,0.23,2,10.00,5,4024.04,4,1,2,org.apache.lucene.store.IndexInput,1.00,17,2,32,0,17,10,0,8,775,2
"org.apache.lucene.store.MMapDirectory$PrivilegedExceptionAction<Object>",1,0.00,2.00,8,0.10,2648.16,1,0,13,7,0,110.20,0,12,0,1,110.20,0.00,0.00,0.00,0,1.00,2,292.28,0,1,0,java.lang.Object,0.00,6,0,2,0,6,0,0,0,65,0
"org.apache.lucene.store.MergeInfo",4,0.67,3.25,30,0.38,13080.39,8,4,0,5,5,79.31,27,48,5,1,111.53,0.00,0.00,0.75,0,0.00,8,1133.13,0,1,0,java.lang.Object,0.00,1,0,13,0,1,3,0,3,253,1
"org.apache.lucene.store.MockDirectoryWrapper",52,0.03,2.15,310,4.28,185077.62,75,23,19,138,80,166.78,97,432,68,2,116.78,3.00,0.20,0.07,10,1050.00,10,12838.88,0,5,15,org.apache.lucene.store.Directory,0.17,86,1,112,3,86,47,0,51,2465,1
"org.apache.lucene.store.MockDirectoryWrapper$Failure",4,0.67,1.00,9,0.05,354.80,5,1,19,4,1,144.67,16,11,0,1,144.43,0.00,0.00,0.50,0,4.00,1,141.29,0,1,1,java.lang.Object,0.00,0,0,4,0,0,3,0,2,45,2
"org.apache.lucene.store.MockDirectoryWrapper$Handle",0,0.00,0.00,2,0.01,48.00,0,0,19,0,0,171.00,0,3,0,1,171.00,0.00,0.00,0.00,0,0.00,0,24.00,0,0,0,java.lang.Object,0.00,0,0,0,0,0,0,0,0,8,2
"org.apache.lucene.store.MockDirectoryWrapper$IndexInputSlicer",3,1.00,1.33,17,0.19,3969.25,4,1,19,10,3,120.28,0,24,0,1,120.28,0.00,0.00,0.33,0,4.00,2,564.73,0,0,3,java.lang.Object,0.00,7,0,4,0,7,3,0,0,126,0
"org.apache.lucene.store.MockDirectoryWrapper$Throttling",0,0.00,0.00,2,0.01,48.00,0,0,19,0,0,171.00,1,5,0,1,171.00,0.00,0.00,0.00,0,0.00,0,24.00,0,0,0,java.lang.Object,0.00,0,0,0,0,0,0,0,1,8,2
"org.apache.lucene.store.MockIndexInputWrapper",18,0.06,1.06,50,0.52,9294.04,22,4,2,36,5,178.28,41,90,3,3,138.39,0.00,0.67,0.31,0,0.00,2,1567.60,0,4,3,org.apache.lucene.store.IndexInput,1.32,18,2,19,0,18,14,0,13,396,1
"org.apache.lucene.store.MockIndexOutputWrapper",11,0.12,2.09,71,0.98,63571.78,16,5,2,32,3,162.18,17,106,1,3,112.18,0.00,0.67,0.31,1,0.00,11,2939.76,0,1,3,org.apache.lucene.store.IndexOutput,0.96,21,2,23,0,21,10,0,12,562,1
"org.apache.lucene.store.MockLockFactoryWrapper",6,0.00,1.00,18,0.17,2575.12,8,2,1,13,3,132.47,0,30,1,2,132.47,0.00,0.50,0.50,0,0.00,1,512.05,0,2,3,org.apache.lucene.store.LockFactory,0.20,7,1,6,0,7,4,0,0,136,1
"org.apache.lucene.store.MockLockFactoryWrapper$MockLock",4,0.17,1.25,17,0.14,2008.66,6,2,1,9,1,127.22,0,26,0,2,127.22,0.00,0.50,0.62,0,0.00,2,417.42,0,0,1,org.apache.lucene.store.Lock,0.75,5,1,5,0,5,4,0,0,107,1
"org.apache.lucene.store.NIOFSDirectory",4,0.00,1.00,14,0.16,2183.27,4,0,7,8,8,81.65,38,21,5,3,131.65,0.00,0.67,0.00,0,4.00,1,465.10,2,1,4,org.apache.lucene.store.FSDirectory,0.00,4,2,4,0,4,3,0,4,113,1
"org.apache.lucene.store.NIOFSDirectory$Directory.IndexInputSlicer",3,0.00,1.00,7,0.10,1530.17,3,0,7,7,2,138.45,0,14,0,1,138.45,0.00,0.00,0.00,1,3.00,1,290.56,0,0,2,java.lang.Object,0.00,4,0,3,0,4,3,0,0,72,0
"org.apache.lucene.store.NIOFSDirectory$NIOFSIndexInput",5,0.19,2.60,58,0.70,54782.82,9,4,7,17,1,140.01,13,81,0,2,100.12,0.00,0.50,0.40,0,0.00,8,2092.03,1,0,1,SimpleFSDirectory.SimpleFSIndexInput,0.00,12,1,13,0,12,5,0,13,388,2
"org.apache.lucene.store.NRTCachingDirectory",21,0.18,2.05,119,1.38,46003.56,26,5,7,56,14,158.34,55,179,3,2,118.46,0.00,0.50,0.37,2,0.00,5,4141.25,1,9,11,org.apache.lucene.store.Directory,0.26,35,1,43,0,35,12,0,18,894,1
"org.apache.lucene.store.NativeFSLock",6,0.30,4.17,82,0.86,49000.87,12,6,6,25,3,50.21,53,135,1,2,98.31,0.00,0.50,0.42,3,0.00,13,2569.58,0,1,2,org.apache.lucene.store.Lock,0.60,19,1,25,0,19,5,0,35,489,0
"org.apache.lucene.store.NativeFSLockFactory",5,0.00,1.60,16,0.17,3732.97,5,0,6,10,9,86.34,58,27,6,3,130.47,0.00,0.67,0.00,1,7.00,3,520.24,1,1,3,org.apache.lucene.store.FSLockFactory,0.00,5,2,8,0,5,4,0,14,125,1
"org.apache.lucene.store.NativePosixUtil",6,6.00,1.17,18,0.25,4279.56,12,6,3,7,2,130.70,0,22,2,1,130.70,0.00,0.00,0.00,1,6.00,2,742.94,0,1,0,java.lang.Object,0.00,1,0,7,0,1,5,0,0,179,2
"org.apache.lucene.store.NoLock",4,0.00,1.00,8,0.05,547.10,4,0,1,4,2,142.95,0,17,1,2,142.95,0.00,0.50,0.00,0,4.00,1,153.76,0,1,1,org.apache.lucene.store.Lock,0.75,0,1,4,0,0,3,0,0,48,0
"org.apache.lucene.store.NoLockFactory",4,0.33,1.00,9,0.07,1149.42,6,2,1,6,8,180.30,8,14,5,2,140.41,0.00,0.50,0.25,0,8.00,1,216.41,0,2,3,org.apache.lucene.store.LockFactory,0.00,2,1,4,0,2,2,0,2,62,1
"org.apache.lucene.store.NoSuchDirectoryException",1,0.00,1.00,3,0.02,106.02,1,0,1,1,9,137.49,4,5,9,2,137.25,0.00,0.50,0.00,0,1.00,1,45.51,0,0,0,java.io.FileNotFoundException,0.00,0,1,1,0,0,1,0,1,16,1
"org.apache.lucene.store.OutputStreamDataOutput",4,0.33,1.00,10,0.11,1575.65,5,1,1,6,2,139.33,3,18,1,2,139.33,0.00,0.50,0.75,0,0.00,1,321.97,0,0,1,org.apache.lucene.store.DataOutput,0.27,2,1,4,0,2,4,1,1,84,1
"org.apache.lucene.store.RAMDirectory",14,0.12,1.64,70,0.77,20687.87,16,2,9,37,60,140.47,50,100,53,2,119.85,1.00,0.33,0.39,1,2.00,3,2303.48,2,3,8,org.apache.lucene.store.Directory,0.12,23,1,23,1,23,11,0,18,504,1
"org.apache.lucene.store.RAMFile",11,0.06,1.09,33,0.27,5820.64,16,5,1,16,6,131.73,10,45,6,1,131.73,0.00,0.00,0.15,1,49.00,2,820.24,0,0,1,java.lang.Object,0.00,5,0,12,1,5,11,0,5,206,1
"org.apache.lucene.store.RAMInputStream",9,0.39,2.44,66,0.79,38132.18,17,8,1,14,8,110.71,8,94,4,3,110.71,0.00,0.67,0.47,1,0.00,4,2374.34,0,0,4,org.apache.lucene.store.IndexInput,0.72,5,2,22,0,5,9,1,6,474,1
"org.apache.lucene.store.RAMOutputStream",16,0.30,1.94,105,1.08,45052.92,23,7,1,26,8,164.66,17,143,5,3,114.66,0.00,0.67,0.42,3,0.00,4,3248.64,0,0,3,org.apache.lucene.store.IndexOutput,0.73,10,2,31,0,10,16,0,12,680,1
"org.apache.lucene.store.RateLimiter",4,0.11,2.00,25,0.26,13186.38,7,3,1,7,3,81.89,26,35,2,1,114.11,0.00,0.00,0.25,1,4.00,5,777.32,0,0,1,java.lang.Object,0.00,3,0,8,0,3,4,0,12,166,1
"org.apache.lucene.store.SimpleFSDirectory",4,0.00,1.00,14,0.15,2102.99,4,0,4,8,11,132.01,19,20,8,3,131.78,0.00,0.67,0.00,0,6.00,1,450.12,2,2,4,org.apache.lucene.store.FSDirectory,0.00,4,2,4,0,4,2,0,4,110,1
"org.apache.lucene.store.SimpleFSDirectory$IndexInputSlicer",3,0.00,1.00,7,0.09,1360.51,3,0,4,6,2,138.85,0,14,0,1,138.85,0.00,0.00,0.00,1,3.00,1,263.10,0,2,2,java.lang.Object,0.00,3,0,3,0,3,1,0,0,66,0
"org.apache.lucene.store.SimpleFSDirectory$SimpleFSIndexInput",9,0.02,1.56,57,0.66,32793.28,14,5,4,19,3,163.83,11,84,0,4,113.83,0.00,0.75,0.22,0,16.00,5,1967.56,1,1,3,org.apache.lucene.store.BufferedIndexInput,0.41,10,3,14,0,10,8,0,9,409,2
"org.apache.lucene.store.SimpleFSDirectory$SimpleFSIndexInput$Descriptor",2,0.33,1.50,12,0.09,1358.75,5,3,4,2,0,169.58,2,17,0,2,119.58,0.00,0.50,0.50,0,0.00,2,273.95,1,0,0,java.io.RandomAccessFile,0.00,0,1,3,0,0,2,0,2,69,2
"org.apache.lucene.store.SimpleFSLock",5,0.12,1.80,18,0.22,5633.91,7,2,2,14,3,129.03,1,33,1,2,129.03,0.00,0.50,0.60,0,0.00,4,651.51,0,1,2,org.apache.lucene.store.Lock,0.67,9,1,9,0,9,4,0,1,155,0
"org.apache.lucene.store.SimpleFSLockFactory",5,0.00,1.80,18,0.20,5735.12,5,0,2,10,7,78.97,45,30,4,3,128.97,0.00,0.67,0.00,0,7.00,4,594.31,1,1,3,org.apache.lucene.store.FSLockFactory,0.00,5,2,9,0,5,4,0,4,139,1
"org.apache.lucene.store.SingleInstanceLock",5,0.25,1.00,17,0.15,2520.69,7,2,2,8,2,131.92,0,30,1,2,131.92,0.00,0.50,0.70,0,0.00,1,445.66,1,1,1,org.apache.lucene.store.Lock,0.67,3,1,5,0,3,4,0,0,117,0
"org.apache.lucene.store.SingleInstanceLockFactory",2,0.00,1.50,8,0.09,1813.75,3,1,2,6,6,92.94,13,15,3,2,125.16,0.00,0.50,1.00,0,0.00,2,273.82,0,0,3,org.apache.lucene.store.LockFactory,0.00,4,1,3,0,4,2,0,4,68,1
"org.apache.lucene.store.TestBufferedIndexInput",9,0.31,2.78,143,1.84,96985.87,11,2,24,54,14,115.75,35,165,0,2,95.14,0.00,0.50,0.22,5,18.00,7,5516.33,0,0,14,org.apache.lucene.util.LuceneTestCase,0.00,45,1,25,0,45,9,0,35,1001,1
"org.apache.lucene.store.TestBufferedIndexInput$MockFSDirectory",11,0.03,1.09,34,0.40,7313.83,14,3,24,27,7,130.95,5,63,0,2,130.95,0.00,0.50,0.36,0,0.00,2,1200.28,0,3,7,org.apache.lucene.store.Directory,0.14,16,1,12,0,16,8,0,5,287,2
"org.apache.lucene.store.TestBufferedIndexInput$MyBufferedIndexInput",6,0.50,1.17,19,0.16,3287.11,8,2,24,6,1,131.60,1,27,0,4,131.60,0.00,0.75,0.08,0,10.00,2,481.59,0,0,1,org.apache.lucene.store.BufferedIndexInput,0.35,0,3,7,0,0,6,0,1,125,2
"org.apache.lucene.store.TestByteArrayDataInput",1,0.00,1.00,8,0.10,2648.22,1,0,1,5,1,110.36,0,10,0,2,110.36,0.00,0.50,0.00,0,1.00,1,286.92,0,0,1,org.apache.lucene.util.LuceneTestCase,0.00,4,1,1,0,4,1,0,0,66,1
"org.apache.lucene.store.TestCopyBytes",2,0.00,5.50,61,0.88,91795.31,2,0,3,22,4,128.80,3,70,0,2,78.80,0.00,0.50,0.00,1,2.00,10,2649.70,0,0,4,org.apache.lucene.util.LuceneTestCase,0.00,20,1,11,0,20,2,0,3,433,1
"org.apache.lucene.store.TestDirectory",8,0.00,2.25,108,1.38,84083.64,8,0,5,44,12,147.59,14,121,0,2,97.59,0.00,0.50,0.00,1,8.00,8,4136.30,0,0,12,org.apache.lucene.util.LuceneTestCase,0.00,36,1,18,0,36,8,0,14,742,1
"org.apache.lucene.store.TestFileSwitchDirectory",6,0.00,2.00,86,1.21,47214.04,6,0,13,51,15,137.29,17,95,0,2,97.41,0.00,0.50,0.00,2,6.00,4,3635.55,0,1,15,org.apache.lucene.util.LuceneTestCase,0.00,45,1,12,0,45,5,0,11,660,1
"org.apache.lucene.store.TestHugeRamFile",1,1.00,8.00,57,0.71,80764.32,2,1,3,12,2,18.28,8,48,0,2,66.38,0.00,0.50,0.00,0,1.00,8,2134.25,0,0,2,org.apache.lucene.util.LuceneTestCase,0.00,11,1,8,0,11,1,0,7,368,1
"org.apache.lucene.store.TestHugeRamFile$DenseRAMFile",1,0.00,3.00,12,0.16,6226.52,3,2,3,4,1,121.23,3,17,0,2,100.61,0.00,0.50,1.00,0,0.00,3,471.85,0,0,1,org.apache.lucene.store.RAMFile,0.17,3,1,3,0,3,1,0,3,101,2
"org.apache.lucene.store.TestLock",1,0.00,2.00,9,0.08,1329.35,1,0,2,5,1,110.65,0,13,0,2,110.65,0.00,0.50,0.00,0,1.00,2,247.01,0,0,1,org.apache.lucene.util.LuceneTestCase,0.00,4,1,2,0,4,1,0,0,57,1
"org.apache.lucene.store.TestLock$LockMock",3,1.00,1.00,8,0.05,517.34,4,1,2,3,1,142.16,1,15,0,2,142.16,0.00,0.50,0.33,0,4.00,1,145.73,0,0,1,org.apache.lucene.store.Lock,0.86,0,1,3,0,0,3,0,1,44,1
"org.apache.lucene.store.TestLockFactory",12,0.00,1.75,130,1.74,50662.81,12,0,17,60,23,144.90,33,156,0,2,105.02,0.00,0.50,0.00,1,12.00,3,5215.66,0,0,23,org.apache.lucene.util.LuceneTestCase,0.00,48,1,21,0,48,12,0,33,1011,1
"org.apache.lucene.store.TestLockFactory$MockLockFactory",4,0.11,1.00,18,0.20,3751.25,7,3,17,12,5,125.14,0,26,0,2,125.14,0.00,0.50,0.25,0,8.00,1,609.14,1,1,5,org.apache.lucene.store.LockFactory,0.00,8,1,4,0,8,3,0,0,140,1
"org.apache.lucene.store.TestLockFactory$MockLockFactory$MockLock",3,1.00,1.00,8,0.05,494.89,4,1,17,3,1,142.31,1,15,0,2,142.31,0.00,0.50,0.33,0,4.00,1,144.06,0,0,1,org.apache.lucene.store.Lock,0.86,0,1,3,0,0,3,0,1,44,1
"org.apache.lucene.store.TestLockFactory$SearcherThread",2,0.00,3.00,32,0.36,15195.26,5,3,17,10,5,95.27,1,40,0,2,95.27,0.00,0.50,0.33,0,2.00,5,1089.29,0,0,5,org.apache.lucene.analysis.Thread,0.00,8,1,6,0,8,2,0,1,207,1
"org.apache.lucene.store.TestLockFactory$WriterThread",2,0.00,4.50,38,0.48,31826.85,5,3,17,12,4,110.48,6,49,0,2,89.87,0.00,0.50,0.33,0,2.00,8,1434.88,0,0,4,org.apache.lucene.analysis.Thread,0.00,10,1,9,0,10,2,0,6,260,1
"org.apache.lucene.store.TestMultiMMap",6,0.80,2.50,109,1.45,63280.34,7,1,11,44,12,142.28,10,101,0,2,92.28,0.00,0.50,0.33,0,10.00,4,4362.15,1,0,12,org.apache.lucene.util.LuceneTestCase,0.00,38,1,15,0,38,6,0,4,773,1
"org.apache.lucene.store.TestNRTCachingDirectory",7,0.00,2.71,98,1.47,65951.63,7,0,21,60,21,136.61,15,113,0,2,96.72,0.00,0.50,0.00,1,7.00,10,4422.31,0,0,21,org.apache.lucene.util.LuceneTestCase,0.00,53,1,19,0,53,7,0,12,768,1
"org.apache.lucene.store.TestRAMDirectory",7,0.00,2.00,99,1.24,39901.73,11,4,13,48,15,138.40,16,98,0,2,98.51,0.00,0.50,0.25,1,3.00,4,3730.45,2,0,15,org.apache.lucene.util.LuceneTestCase,0.00,41,1,14,0,41,7,0,13,708,1
"org.apache.lucene.store.TestRAMDirectory$Thread",1,0.00,3.00,11,0.13,4188.85,1,0,13,8,3,103.38,0,13,0,1,103.38,0.00,0.00,0.00,0,0.00,3,383.26,0,0,3,java.lang.Object,0.00,7,0,3,0,7,1,0,0,75,0
"org.apache.lucene.store.TestWindowsMMap",5,0.38,2.00,52,0.57,15041.46,7,2,10,30,8,156.15,6,57,0,2,106.15,0.00,0.50,0.20,3,11.00,3,1705.65,1,2,8,org.apache.lucene.util.LuceneTestCase,0.00,25,1,10,0,25,3,0,6,339,1
"org.apache.lucene.store.VerifyingLockFactory",3,0.12,1.00,15,0.15,2461.31,7,4,4,6,3,79.69,21,22,1,2,121.98,0.00,0.50,0.17,0,1.00,1,435.22,0,1,2,org.apache.lucene.store.LockFactory,0.00,3,1,3,0,3,2,0,2,107,1
"org.apache.lucene.store.VerifyingLockFactory$CheckedLock",6,0.40,1.67,29,0.32,7709.26,7,1,4,18,2,123.94,0,47,0,2,123.94,0.00,0.50,0.67,2,2.00,3,952.89,0,0,2,org.apache.lucene.store.Lock,0.80,12,1,10,0,12,6,0,0,211,1
"org.apache.lucene.store.WindowsDirectory",7,1.00,1.00,16,0.20,2496.57,8,1,4,11,8,121.80,35,22,1,3,139.67,0.00,0.67,0.14,0,12.00,1,585.69,2,1,7,org.apache.lucene.store.FSDirectory,0.00,4,2,7,0,4,6,0,9,149,1
"org.apache.lucene.store.WindowsDirectory$WindowsIndexInput",6,0.10,1.33,23,0.25,4940.11,10,4,4,12,2,130.18,1,37,0,4,130.18,0.00,0.75,0.33,0,6.00,2,749.29,1,1,2,org.apache.lucene.store.BufferedIndexInput,0.43,6,3,8,0,6,5,0,1,179,2
"org.apache.lucene.store._TestHelper",3,0.00,1.67,14,0.10,1978.43,3,0,2,4,2,108.35,16,22,1,1,126.22,0.00,0.00,0.00,1,3.00,2,314.30,0,0,1,java.lang.Object,0.00,1,0,5,0,1,3,0,4,78,1
"org.apache.solr.handler.admin.AdminHandlers",11,1.00,1.73,45,0.59,29091.95,12,1,9,30,14,171.47,11,76,0,1,121.47,0.00,0.00,0.09,0,20.00,9,1782.06,0,7,14,java.lang.Object,0.00,19,0,19,0,19,4,2,4,348,1
"org.apache.solr.handler.admin.AdminHandlers$StandardHandler",1,2.00,1.00,6,0.04,469.78,3,2,9,1,1,120.93,0,9,0,1,120.93,0.00,0.00,0.00,0,1.00,1,128.04,0,0,1,java.lang.Object,0.00,0,0,1,0,0,1,0,0,35,2
"org.apache.solr.handler.admin.CoreAdminHandler",22,0.29,3.59,279,4.26,267856.20,24,2,31,100,27,80.41,115,371,2,2,98.28,0.00,0.50,0.23,11,58.00,19,12788.60,0,7,26,org.apache.solr.handler.RequestHandlerBase,0.24,78,1,79,0,78,15,0,28,2185,1
"org.apache.solr.handler.admin.CoreAdminHandler$CloseHook",2,0.00,3.00,13,0.17,8697.97,2,0,31,9,1,113.07,0,21,0,1,113.07,0.00,0.00,0.00,0,2.00,5,508.83,0,0,1,java.lang.Object,0.00,7,0,6,0,7,2,0,0,107,0
"org.apache.solr.handler.admin.CoreAdminHandlerTest",3,0.00,2.33,35,0.65,23544.17,3,0,13,30,6,151.29,3,62,0,3,101.29,0.00,0.67,0.00,1,1.00,3,1938.07,2,0,6,org.apache.solr.SolrTestCaseJ4,0.00,27,2,7,0,27,3,0,3,327,1
"org.apache.solr.handler.admin.LukeRequestHandler",15,0.13,6.07,289,6.52,492811.22,20,5,50,174,40,107.93,57,362,4,2,87.32,0.00,0.50,0.08,2,50.00,16,19550.09,0,13,36,org.apache.solr.handler.RequestHandlerBase,0.37,159,1,91,0,159,2,0,32,3255,1
"org.apache.solr.handler.admin.LukeRequestHandler$TermHistogram",3,0.00,2.33,25,0.27,9530.49,5,2,50,10,1,109.54,1,35,0,1,109.54,0.00,0.00,0.50,1,1.00,3,820.99,0,1,1,java.lang.Object,0.00,7,0,7,0,7,2,0,1,177,1
"org.apache.solr.handler.admin.LukeRequestHandler$TopTermQueue",4,0.33,4.00,54,0.87,54382.41,7,3,50,34,11,136.46,10,75,0,2,96.58,0.00,0.50,0.08,0,6.00,10,2605.32,1,2,11,org.apache.lucene.util.PriorityQueue,0.00,30,1,16,0,30,2,0,8,464,2
"org.apache.solr.handler.admin.LukeRequestHandler$TopTermQueue$TermInfo",1,0.00,1.00,6,0.03,215.85,3,2,50,1,1,123.59,0,8,0,1,123.59,0.00,0.00,1.00,0,0.00,1,93.10,0,0,1,java.lang.Object,0.00,0,0,1,0,0,1,0,0,28,1
"org.apache.solr.handler.admin.LukeRequestHandlerTest",5,0.00,1.00,26,0.35,8613.94,5,0,1,7,1,169.44,5,61,0,3,119.44,0.00,0.67,0.00,2,5.00,1,1046.24,5,2,1,org.apache.solr.util.AbstractSolrTestCase,0.16,2,2,5,0,2,3,0,3,219,1
"org.apache.solr.handler.admin.PluginInfoHandler",6,0.00,2.83,43,0.78,51651.85,6,0,10,28,8,158.25,11,61,1,2,108.25,0.00,0.50,0.00,0,6.00,12,2352.75,0,5,7,org.apache.solr.handler.RequestHandlerBase,0.44,22,1,17,0,22,1,0,2,417,1
"org.apache.solr.handler.admin.PropertiesRequestHandler",5,0.00,1.20,20,0.21,5939.34,5,0,6,13,6,174.29,5,35,1,2,124.29,0.00,0.50,0.00,0,5.00,2,624.68,0,4,5,org.apache.solr.handler.RequestHandlerBase,0.47,8,1,6,0,8,1,0,2,137,1
"org.apache.solr.handler.admin.ShowFileRequestHandler",9,0.06,3.00,84,1.45,100258.44,13,4,22,56,14,71.06,55,128,3,2,103.28,0.00,0.50,0.19,0,28.00,13,4338.15,1,6,12,org.apache.solr.handler.RequestHandlerBase,0.38,47,1,27,0,47,3,0,17,712,1
"org.apache.solr.handler.admin.ShowFileRequestHandlerTest",3,0.00,1.00,18,0.22,3985.32,3,0,13,17,7,137.99,9,23,0,4,117.38,0.00,0.75,0.00,0,3.00,1,672.69,3,0,7,org.apache.solr.SolrJettyTestBase,0.00,14,3,3,0,14,3,0,6,144,1
"org.apache.solr.handler.admin.ShowFileRequestHandlerTest$ResponseParser",3,0.00,1.67,10,0.12,2527.49,3,0,13,7,1,130.05,2,19,0,1,130.05,0.00,0.00,0.00,0,3.00,3,347.20,0,3,1,java.lang.Object,0.00,4,0,5,0,4,0,0,2,79,0
"org.apache.solr.handler.admin.SolrInfoMBeanHandler",6,0.00,2.67,48,0.89,57572.97,6,0,10,36,8,155.73,9,62,1,2,105.73,0.00,0.50,0.00,1,6.00,8,2670.09,0,5,7,org.apache.solr.handler.RequestHandlerBase,0.44,30,1,16,0,30,1,0,3,454,1
"org.apache.solr.handler.admin.SystemInfoHandler",13,0.12,1.85,131,2.20,107186.04,18,5,23,69,10,102.95,57,176,2,2,102.72,0.00,0.50,0.09,1,53.00,4,6587.72,0,10,8,org.apache.solr.handler.RequestHandlerBase,0.32,56,1,24,0,56,3,0,30,1203,1
"org.apache.solr.handler.admin.SystemInfoHandlerTest",1,0.00,1.00,12,0.18,5608.05,1,0,4,10,2,121.84,3,14,0,2,101.22,0.00,0.50,0.00,0,1.00,1,525.83,0,0,2,org.apache.lucene.util.LuceneTestCase,0.00,9,1,1,0,9,1,0,3,110,1
"org.apache.solr.handler.admin.ThreadDumpHandler",7,0.00,2.29,63,1.01,59464.68,7,0,9,34,6,144.16,17,85,1,2,104.27,0.00,0.50,0.00,0,7.00,7,3028.45,0,6,5,org.apache.solr.handler.RequestHandlerBase,0.42,27,1,16,0,27,1,0,8,539,1
"org.apache.lucene.queryparser.flexible.core.QueryNodeError",4,1.00,1.00,12,0.09,1021.22,5,1,2,5,9,102.03,25,17,7,2,134.25,0.00,0.50,0.00,0,4.00,1,261.70,0,1,2,java.lang.Error,0.00,1,1,4,0,1,3,1,5,74,1
"org.apache.lucene.queryparser.flexible.core.QueryNodeException",8,1.00,1.00,20,0.18,2363.36,9,1,7,11,74,190.32,14,32,68,2,140.32,2.00,0.25,0.00,1,8.00,1,538.64,0,5,6,java.lang.Exception,0.00,3,1,8,2,3,3,1,1,146,1
"org.apache.lucene.queryparser.flexible.core.QueryNodeParseException",12,4.00,1.00,30,0.22,2622.83,16,4,5,13,13,181.23,34,44,8,3,141.35,0.50,0.50,0.00,0,12.00,1,666.66,0,2,6,org.apache.lucene.queryparser.flexible.core.QueryNodeException,0.00,1,2,12,1,1,10,0,6,185,1
"org.apache.lucene.queryparser.flexible.core.QueryParserHelper",10,0.22,1.50,42,0.36,6664.74,14,4,5,15,7,125.74,162,60,1,1,126.21,0.00,0.00,0.05,5,26.00,2,1070.24,0,5,6,java.lang.Object,0.00,5,0,15,3,5,5,0,12,261,1
"org.apache.solr.search.grouping.endresulttransformer.EndResultTransformer",1,0.00,1.00,3,0.03,191.35,1,0,5,1,8,144.36,17,4,4,1,135.23,0.00,0.00,0.00,0,1.00,1,84.90,0,0,4,,0.00,0,0,1,0,0,1,0,3,25,1
"org.apache.solr.search.grouping.endresulttransformer.EndResultTransformer$SolrDocumentSource",1,0.00,1.00,2,0.01,30.51,1,0,5,1,2,148.08,0,3,0,1,148.08,0.00,0.00,0.00,0,1.00,1,25.51,0,1,2,,0.00,0,0,1,0,0,0,0,0,11,1
"org.apache.solr.search.grouping.endresulttransformer.GroupedEndResultTransformer",2,1.00,7.00,52,1.01,72247.49,3,1,16,29,15,131.88,3,63,1,1,81.88,0.00,0.00,0.50,0,2.00,13,3044.05,0,0,14,java.lang.Object,0.00,27,0,14,0,27,2,1,1,476,1
"org.apache.solr.search.grouping.endresulttransformer.MainEndResultTransformer",1,0.00,7.00,19,0.31,13686.45,1,0,8,12,8,110.89,3,25,0,1,90.28,0.00,0.00,0.00,0,1.00,7,927.32,0,0,8,java.lang.Object,0.00,11,0,7,0,11,1,1,1,161,1
"org.apache.solr.search.grouping.endresulttransformer.SimpleEndResultTransformer",1,0.00,10.00,28,0.49,23918.88,1,0,10,14,10,102.62,3,36,0,1,82.01,0.00,0.00,0.00,0,1.00,10,1468.15,0,0,10,java.lang.Object,0.00,13,0,10,0,13,1,1,1,243,1
"org.apache.solr.common.cloud.CloudState",10,0.11,1.90,72,1.15,73792.43,13,3,10,39,12,158.87,10,100,9,1,108.87,0.00,0.00,0.23,2,22.00,6,3449.50,0,8,4,java.lang.Object,0.00,29,0,19,0,29,2,0,3,656,1
"org.apache.solr.common.cloud.ConnectionManager",7,0.15,2.29,62,0.72,21617.24,17,10,8,22,4,109.64,2,82,2,1,109.64,0.00,0.00,0.23,1,0.00,6,2155.10,0,1,3,java.lang.Object,0.00,15,0,16,0,15,6,1,2,427,0
"org.apache.solr.common.cloud.ConnectionManager$ZkClientConnectionStrategy.ZkUpdate",1,0.00,2.00,7,0.08,1300.68,1,0,8,2,3,114.79,0,10,0,1,114.79,0.00,0.00,0.00,0,0.00,2,236.32,0,0,3,java.lang.Object,0.00,1,0,2,0,1,1,0,0,51,0
"org.apache.solr.common.cloud.DefaultConnectionStrategy",2,0.00,1.00,10,0.16,2433.14,4,2,8,9,3,170.63,3,15,1,2,120.63,0.00,0.50,0.50,0,2.00,1,471.38,0,0,2,org.apache.solr.common.cloud.ZkClientConnectionStrategy,0.00,7,1,2,0,7,2,0,1,101,1
"org.apache.solr.common.cloud.DefaultConnectionStrategy$Runnable",1,0.00,4.00,17,0.17,4553.73,2,1,8,3,1,95.97,0,22,0,1,95.97,0.00,0.00,1.00,0,0.00,4,524.91,0,0,1,java.lang.Object,0.00,2,0,4,0,2,1,0,0,101,0
"org.apache.solr.common.cloud.OnReconnect",1,0.00,1.00,2,0.01,29.41,1,0,0,1,4,147.73,16,3,4,1,148.21,0.00,0.00,0.00,0,1.00,1,19.61,0,0,0,,0.00,0,0,1,0,0,1,0,1,9,1
"org.apache.solr.common.cloud.Slice",3,0.25,1.00,10,0.09,1361.94,5,2,2,4,8,132.28,1,14,7,1,132.28,0.00,0.00,0.33,0,5.00,1,256.42,0,2,1,java.lang.Object,0.00,1,0,3,0,1,1,0,1,68,1
"org.apache.solr.common.cloud.SolrZkClient",27,0.08,1.63,121,1.87,78661.72,32,5,17,62,15,78.86,212,185,10,1,121.15,0.00,0.00,0.13,7,159.00,8,5613.07,0,6,6,java.lang.Object,0.00,35,0,44,0,35,21,0,29,1123,1
"org.apache.solr.common.cloud.SolrZkClient$ZkUpdate",1,0.00,3.00,10,0.11,3035.41,1,0,17,5,2,156.02,1,16,0,1,106.02,0.00,0.00,0.00,0,0.00,3,333.60,0,0,2,java.lang.Object,0.00,4,0,3,0,4,1,0,1,68,0
"org.apache.solr.common.cloud.SolrZooKeeper",2,0.00,1.00,5,0.04,319.46,2,0,4,2,6,142.42,0,9,6,2,142.42,0.00,0.50,0.00,0,2.00,1,108.04,0,1,0,org.apache.zookeeper.ZooKeeper,0.00,0,1,2,0,0,1,0,0,32,1
"org.apache.solr.common.cloud.ZkClientConnectionStrategy",2,0.00,1.00,4,0.06,452.50,2,0,3,2,3,191.23,3,5,3,1,141.23,0.00,0.00,0.00,0,2.00,1,181.00,0,0,0,java.lang.Object,0.00,0,0,2,1,0,2,0,1,47,2
"org.apache.solr.common.cloud.ZkClientConnectionStrategy$ZkUpdate",1,0.00,1.00,2,0.02,146.32,1,0,3,1,1,142.72,0,3,0,1,142.72,0.00,0.00,0.00,0,1.00,1,58.53,0,0,1,java.lang.Object,0.00,0,0,1,0,0,1,0,0,18,3
"org.apache.solr.common.cloud.ZkNodeProps",3,1.00,2.00,25,0.37,12413.59,4,1,4,16,10,108.67,0,30,10,2,108.67,0.00,0.50,0.00,0,3.00,2,1109.27,0,1,0,java.util.HashMap,0.00,13,1,6,0,13,2,0,0,224,1
"org.apache.solr.common.cloud.ZkStateReader",12,0.08,2.33,99,1.29,47720.56,24,12,18,40,15,158.77,15,132,10,1,108.77,0.00,0.00,0.15,3,8.00,7,3879.09,0,1,6,java.lang.Object,0.00,28,0,28,0,28,11,0,10,727,1
"org.apache.solr.common.cloud.ZkStateReader$OnReconnect",1,0.00,4.00,13,0.16,4752.06,1,0,18,7,1,140.06,2,21,0,1,100.17,0.00,0.00,0.00,0,0.00,4,488.88,0,0,1,java.lang.Object,0.00,6,0,4,0,6,1,0,2,102,0
"org.apache.solr.common.cloud.ZkStateReader$Runnable",1,0.00,5.00,19,0.30,14584.65,1,0,18,7,3,130.03,2,30,0,1,90.14,0.00,0.00,0.00,0,0.00,5,900.74,0,0,3,java.lang.Object,0.00,6,0,5,0,6,1,0,2,163,0
"org.apache.solr.common.cloud.ZkStateReader$Watcher",1,0.00,5.00,16,0.25,11438.59,1,0,18,7,1,143.75,1,25,0,1,93.75,0.00,0.00,0.00,0,0.00,5,761.40,0,0,1,java.lang.Object,0.00,6,0,5,0,6,1,0,1,142,0
"org.apache.solr.common.cloud.ZkStateReader$Watcher_0",1,0.00,5.00,15,0.25,10885.16,1,0,18,6,1,144.97,1,24,0,1,94.97,0.00,0.00,0.00,0,0.00,5,760.38,0,0,1,java.lang.Object,0.00,5,0,5,0,5,1,0,1,141,0
"org.apache.solr.common.cloud.ZkStateReader$Watcher_1",1,0.00,6.00,20,0.31,14767.12,1,0,18,9,1,129.11,2,30,0,1,89.22,0.00,0.00,0.00,0,0.00,6,930.20,0,0,1,java.lang.Object,0.00,8,0,6,0,8,1,0,2,165,0
"org.apache.solr.common.cloud.ZkStateReader$Watcher_2",1,0.00,6.00,20,0.31,13381.42,1,0,18,9,2,139.56,1,30,0,1,89.56,0.00,0.00,0.00,0,0.00,6,935.92,0,0,2,java.lang.Object,0.00,8,0,6,0,8,1,0,1,166,0
"org.apache.solr.common.cloud.ZkStateReader$ZKTF",1,0.00,1.00,6,0.06,1245.76,2,1,18,4,0,117.60,0,9,0,1,117.60,0.00,0.00,1.00,0,0.00,1,185.29,0,1,0,java.lang.Object,0.00,3,0,1,0,3,0,1,0,46,2
"org.apache.solr.common.cloud.ZooKeeperException",2,0.00,1.00,5,0.04,303.92,2,0,1,2,15,142.59,0,8,14,3,142.59,0.00,0.67,0.00,0,2.00,1,116.05,0,0,1,org.apache.solr.common.SolrException,0.00,0,2,2,0,0,2,0,0,35,1
"org.apache.solr.servlet.cache.HttpCacheHeaderUtil",10,1.00,3.00,91,1.39,53339.39,11,1,18,48,9,55.80,97,148,2,1,105.80,0.00,0.00,0.10,4,18.00,4,4177.92,0,1,7,java.lang.Object,0.00,38,0,30,0,38,9,0,35,798,2
"org.apache.solr.servlet.cache.HttpCacheHeaderUtil$EtagCacheVal",2,0.33,2.00,13,0.16,4336.07,5,3,18,8,0,115.54,1,23,0,1,115.54,0.00,0.00,0.50,0,2.00,3,471.81,0,1,0,java.lang.Object,0.00,6,0,4,0,6,1,0,1,103,2
"org.apache.solr.servlet.cache.Method",1,0.00,2.00,6,0.05,769.59,1,0,1,3,2,119.09,0,10,2,1,119.09,0.00,0.00,0.00,0,1.00,2,162.51,0,1,0,java.lang.Object,0.00,2,0,2,0,2,0,0,0,40,1
