Name, No. Methods, LCOM, AVCC, NOS, HBUG, HEFF, UWCS, INST, PACK, RFC, CBO, MI, CCML, NLOC, F-IN, DIT, MINC, S-R, R-R, COH, LMC, LCOM2, MAXCC, HVOL, HIER, NQU, FOUT, Superclass, SIX, EXT, NSUP, TCC, NSUB, MPC, NCO, INTR, CCOM, HLTH, MOD
"org.apache.solr.common.util.Base64",3,0.25,4.67,71,1.86,200994.00,5,2,0,9,3,33.37,30,95,3,1,81.85,0.00,0.00,0.33,1,5.00,8,5577.01,0,1,0,java.lang.Object,0.00,6,0,14,0,6,2,0,11,904,1
"org.apache.solr.common.util.ConcurrentLRUCache",16,0.09,4.06,234,3.32,440595.18,30,14,11,62,4,60.74,105,284,3,1,92.96,0.00,0.00,0.15,3,50.00,22,9958.71,1,3,1,java.lang.Object,0.00,46,0,65,0,46,13,0,77,1740,1
"org.apache.solr.common.util.ConcurrentLRUCache$CacheEntry<K,V>",6,0.05,1.33,20,0.23,5058.63,10,4,11,8,0,130.10,0,30,0,1,130.10,0.00,0.00,0.21,0,6.00,3,687.17,0,1,0,java.lang.Object,0.00,2,0,8,0,2,5,1,0,170,2
"org.apache.solr.common.util.ConcurrentLRUCache$CleanupThread",4,0.00,2.25,22,0.18,3708.09,6,2,11,9,1,121.38,0,34,0,2,121.38,0.00,0.50,0.50,0,2.00,6,533.05,0,0,1,org.apache.solr.common.util.Thread,0.00,5,1,9,0,5,4,0,0,126,2
"org.apache.solr.common.util.ConcurrentLRUCache$EvictionListener<K,V>",1,0.00,1.00,2,0.02,128.38,1,0,11,1,0,143.17,0,3,0,1,143.17,0.00,0.00,0.00,0,1.00,1,57.06,0,0,0,,0.00,0,0,1,0,0,1,0,0,18,2
"org.apache.solr.common.util.ConcurrentLRUCache$PQueue",4,0.17,1.50,22,0.19,4905.49,6,2,11,5,1,120.51,2,27,0,2,120.51,0.00,0.50,0.62,0,0.00,3,561.27,4,2,1,org.apache.lucene.util.PriorityQueue,0.00,1,1,6,0,1,2,0,2,134,2
"org.apache.solr.common.util.ConcurrentLRUCache$Stats",8,0.24,1.00,25,0.31,5865.72,14,6,11,15,0,130.64,0,37,0,1,130.64,0.00,0.00,0.38,0,4.00,1,940.72,0,0,0,java.lang.Object,0.00,7,0,8,0,7,8,0,0,236,2
"org.apache.solr.common.util.ConcurrentLRUCache$Thread",1,0.00,1.00,3,0.01,120.97,1,0,11,2,0,136.80,0,5,0,1,136.80,0.00,0.00,0.00,0,1.00,1,42.87,0,0,0,java.lang.Object,0.00,1,0,1,0,1,1,0,0,15,0
"org.apache.solr.common.util.ContentStream",6,0.00,1.00,7,0.02,93.53,6,0,3,6,55,129.39,40,8,55,1,161.61,0.00,0.00,0.00,0,6.00,1,73.02,0,6,0,,0.00,0,0,6,0,0,0,0,5,33,1
"org.apache.solr.common.util.ContentStreamBase",10,0.11,1.30,34,0.31,6551.97,15,5,12,17,35,170.85,29,54,34,1,130.96,0.00,0.00,0.10,2,50.00,3,940.86,0,6,1,java.lang.Object,0.00,7,0,13,6,7,4,1,12,228,2
"org.apache.solr.common.util.ContentStreamBase$FileStream",3,0.00,1.33,13,0.14,2306.12,4,1,12,10,1,175.75,5,21,0,2,125.75,0.00,0.50,1.00,1,0.00,2,426.79,1,2,1,org.apache.solr.common.util.ContentStreamBase,0.15,7,1,4,0,7,1,0,2,100,2
"org.apache.solr.common.util.ContentStreamBase$StringStream",3,0.50,1.33,13,0.14,2292.06,4,1,12,9,1,175.77,4,21,0,2,125.77,0.00,0.50,0.67,1,0.00,2,415.34,1,2,1,org.apache.solr.common.util.ContentStreamBase,0.15,6,1,4,0,6,1,0,1,98,2
"org.apache.solr.common.util.ContentStreamBase$URLStream",2,0.00,1.00,12,0.12,1895.26,4,2,12,8,1,118.53,0,16,0,2,118.53,0.00,0.50,0.50,0,0.00,1,358.14,0,1,1,org.apache.solr.common.util.ContentStreamBase,0.00,6,1,2,0,6,1,0,0,84,2
"org.apache.solr.common.util.ContentStreamTest",3,0.00,1.33,40,0.64,21454.52,3,0,14,36,2,149.03,5,56,0,2,99.03,0.00,0.50,0.00,0,3.00,2,1910.26,0,0,2,org.apache.lucene.util.LuceneTestCase,0.00,33,1,4,0,33,3,0,4,356,1
"org.apache.solr.common.util.DOMUtil",18,0.00,3.67,179,2.67,161306.44,18,0,5,57,19,71.76,113,231,16,1,103.98,0.00,0.00,0.00,9,18.00,14,7999.84,0,11,3,java.lang.Object,0.00,39,0,66,0,39,7,0,55,1489,1
"org.apache.solr.common.util.DOMUtilTest",6,0.30,1.00,43,0.68,23390.04,8,2,10,26,3,111.20,0,51,0,2,111.20,0.00,0.50,0.25,3,14.00,1,2038.60,1,3,3,org.apache.lucene.util.LuceneTestCase,0.00,20,1,6,0,20,3,0,0,395,1
"org.apache.solr.common.util.DateUtil",5,0.00,5.20,94,1.47,117524.67,14,9,12,32,7,59.99,65,123,7,1,89.37,0.00,0.00,0.11,2,14.00,14,4402.32,0,5,0,java.lang.Object,0.00,27,0,26,0,27,0,0,27,798,1
"org.apache.solr.common.util.DateUtil$ThreadLocalDateFormat",2,0.00,1.00,9,0.08,1070.68,3,1,12,5,0,127.05,1,13,0,2,127.05,0.00,0.50,1.00,0,0.00,1,225.58,0,1,0,java.lang.ThreadLocal,0.00,3,1,2,0,3,1,0,1,59,2
"org.apache.solr.common.util.Deprecated",2,0.00,1.00,5,0.03,201.19,2,0,0,2,1,194.00,3,8,0,2,144.00,0.00,0.50,0.00,0,2.00,1,75.09,0,0,1,org.apache.solr.common.util.JavaBinCodec,0.00,0,1,2,0,0,2,0,1,26,1
"org.apache.solr.common.util.FastInputStream",23,0.01,1.87,99,1.21,59762.27,27,4,1,34,7,121.51,10,147,7,2,121.51,0.00,0.50,0.24,7,99.00,8,3635.81,0,3,0,java.io.InputStream,0.00,11,1,43,0,11,20,1,8,819,1
"org.apache.solr.common.util.FastOutputStream",23,0.01,1.39,101,1.17,43312.11,27,4,1,32,5,122.68,20,128,5,2,122.68,0.00,0.50,0.24,6,100.00,4,3518.01,0,1,0,java.io.OutputStream,0.00,9,1,32,0,9,22,1,13,795,1
"org.apache.solr.common.util.FastWriter",11,0.28,1.64,64,0.74,38840.22,15,4,2,17,7,166.87,11,86,7,2,116.87,1.00,0.33,0.50,2,0.00,3,2217.34,0,2,0,java.io.Writer,0.00,6,1,18,1,6,9,0,9,488,1
"org.apache.solr.common.util.FileUtils",3,0.00,5.00,34,0.46,25986.89,3,0,2,20,7,58.48,21,49,7,1,100.78,0.00,0.00,0.00,0,3.00,8,1392.62,0,1,0,java.lang.Object,0.00,17,0,15,0,17,2,0,5,266,1
"org.apache.solr.common.util.FileUtilsTest",1,0.00,1.00,6,0.12,3345.66,1,0,3,5,1,114.22,0,8,0,2,114.22,0.00,0.50,0.00,0,1.00,1,363.34,0,0,1,org.apache.lucene.util.LuceneTestCase,0.00,4,1,1,0,4,1,0,0,80,1
"org.apache.solr.common.util.Hash",4,0.00,6.25,164,2.65,608604.00,4,0,0,7,2,119.61,100,123,2,1,69.61,0.00,0.00,0.00,1,4.00,10,7951.67,0,0,0,java.lang.Object,0.00,3,0,25,0,3,4,0,29,1387,1
"org.apache.solr.common.util.IteratorChain",5,0.17,2.20,27,0.26,7860.49,8,3,3,12,2,159.46,12,37,2,1,119.57,0.00,0.00,0.47,1,1.00,4,794.87,0,0,0,java.lang.Object,0.00,7,0,11,0,7,5,1,6,189,1
"org.apache.solr.common.util.IteratorChainTest",9,0.00,1.56,51,0.60,15786.22,9,0,5,24,1,119.28,4,66,0,2,119.28,0.00,0.50,0.00,1,9.00,2,1809.19,0,2,1,org.apache.lucene.util.LuceneTestCase,0.00,15,1,14,0,15,7,0,4,395,1
"org.apache.solr.common.util.JavaBinCodec",41,0.03,3.15,460,6.18,366066.84,76,35,7,111,16,150.78,54,575,10,1,100.78,0.00,0.00,0.05,21,850.00,15,18531.20,0,11,6,java.lang.Object,0.00,70,0,129,1,70,30,0,24,3449,1
"org.apache.solr.common.util.JavaBinCodec$ObjectResolver",1,0.00,1.00,2,0.02,108.48,1,0,7,1,1,143.74,0,3,0,1,143.74,0.00,0.00,0.00,0,1.00,1,48.15,0,1,1,,0.00,0,0,1,0,0,0,0,0,16,2
"org.apache.solr.common.util.NamedList",23,0.45,1.83,114,1.27,42511.25,24,1,2,45,248,90.46,139,139,248,1,122.68,0.00,0.00,0.57,7,0.00,5,3795.01,0,6,0,java.lang.Object,0.00,22,0,42,1,22,17,3,26,851,1
"org.apache.solr.common.util.NamedList$Iterator<Map.Entry<String,T>>",3,0.50,1.00,10,0.10,1724.48,4,1,2,6,0,131.47,0,13,0,1,131.47,0.00,0.00,0.67,0,1.00,1,292.28,0,1,0,java.lang.Object,0.00,3,0,3,0,3,2,0,0,74,0
"org.apache.solr.common.util.NamedList$Iterator<Map.Entry<String,T>>$Map.Entry<String,T>",4,0.00,1.00,9,0.09,1029.45,4,0,2,7,0,140.79,0,16,0,1,140.79,0.00,0.00,0.00,1,4.00,1,267.12,0,2,0,java.lang.Object,0.00,3,0,4,0,3,2,0,0,74,0
"org.apache.solr.common.util.NamedList$NamedListEntry",5,0.00,1.00,15,0.10,1595.36,7,2,2,5,0,133.48,0,21,0,1,133.48,0.00,0.00,0.50,0,1.00,1,291.68,0,1,0,java.lang.Object,0.00,0,0,5,0,0,4,1,0,82,3
"org.apache.solr.common.util.NamedListTest",1,0.00,1.00,9,0.10,2422.44,1,0,1,6,1,108.75,0,11,0,2,108.75,0.00,0.50,0.00,0,1.00,1,306.94,0,0,1,org.apache.lucene.util.LuceneTestCase,0.00,5,1,1,0,5,1,0,0,68,1
"org.apache.solr.common.util.RTimer",11,0.22,1.64,73,0.73,21149.44,19,8,3,29,6,155.89,25,90,4,1,116.00,0.00,0.00,0.33,1,11.00,4,2184.60,0,4,2,java.lang.Object,0.00,18,0,18,0,18,7,0,7,473,1
"org.apache.solr.common.util.RegexFileFilter",4,0.33,1.00,10,0.09,948.47,5,1,3,9,2,191.07,4,16,2,1,141.07,0.00,0.00,0.75,0,0.00,1,255.35,0,1,0,java.lang.Object,0.00,5,0,4,0,5,3,1,1,72,2
"org.apache.solr.common.util.SimpleOrderedMap",4,0.00,1.00,12,0.11,2250.82,4,0,1,8,71,99.32,24,18,70,2,131.54,0.00,0.50,0.00,0,6.00,1,326.31,0,1,1,org.apache.solr.common.util.NamedList,0.07,4,1,4,0,4,3,0,3,86,1
"org.apache.solr.common.util.StrUtils",10,1.00,6.80,158,2.11,135511.03,11,1,6,31,36,76.28,57,179,35,1,94.15,0.00,0.00,0.00,0,10.00,15,6333.31,0,6,1,java.lang.Object,0.00,21,0,68,0,21,4,0,16,1164,1
"org.apache.solr.common.util.SystemIdResolver",9,0.03,2.00,55,0.66,24886.31,13,4,16,32,10,154.60,26,77,9,1,114.71,0.00,0.00,0.22,2,18.00,6,1982.54,0,8,1,java.lang.Object,0.00,23,0,18,0,23,1,2,9,402,2
"org.apache.solr.common.util.SystemIdResolver$URIResolver",1,0.00,3.00,6,0.09,3457.00,1,0,16,4,1,113.85,0,9,0,1,113.85,0.00,0.00,0.00,0,1.00,3,273.00,0,1,1,java.lang.Object,0.00,3,0,3,0,3,0,0,0,57,0
"org.apache.solr.common.util.SystemIdResolver$XMLResolver",1,0.00,3.00,6,0.10,4071.25,1,0,16,4,1,113.29,0,9,0,1,113.29,0.00,0.00,0.00,0,1.00,3,295.53,0,1,1,java.lang.Object,0.00,3,0,3,0,3,0,0,0,61,0
"org.apache.solr.common.util.TestFastInputStream",3,0.00,3.00,43,0.82,56042.87,3,0,5,20,2,114.97,10,54,0,2,94.36,0.00,0.50,0.00,2,3.00,4,2453.25,0,0,2,org.apache.lucene.util.LuceneTestCase,0.00,17,1,9,0,17,3,0,5,452,1
"org.apache.solr.common.util.TestHash",3,0.00,2.33,57,0.73,40905.35,3,0,2,12,1,58.32,19,51,0,2,90.55,0.00,0.50,0.00,1,3.00,3,2186.82,0,0,1,org.apache.lucene.util.LuceneTestCase,0.00,9,1,7,0,9,3,0,6,410,1
"org.apache.solr.common.util.TestJavaBinCodec",1,0.00,2.00,13,0.14,3736.82,1,0,4,9,2,101.16,0,13,0,2,101.16,0.00,0.50,0.00,0,1.00,2,421.85,0,0,2,org.apache.lucene.util.LuceneTestCase,0.00,8,1,2,0,8,1,0,0,84,1
"org.apache.solr.common.util.TestNamedListCodec",9,0.50,1.89,165,2.45,97222.75,10,1,11,57,5,92.27,7,182,0,2,92.27,0.00,0.50,0.56,3,4.00,3,7363.65,0,4,5,org.apache.lucene.util.LuceneTestCase,0.00,48,1,17,0,48,5,0,7,1286,1
"org.apache.solr.common.util.TestSystemIdResolver",2,0.00,1.00,23,0.53,18093.79,2,0,7,18,4,140.88,5,32,0,2,101.00,0.00,0.50,0.00,1,2.00,1,1582.31,0,0,4,org.apache.lucene.util.LuceneTestCase,0.00,16,1,2,0,16,2,0,5,282,1
"org.apache.solr.common.util.TestXMLEscaping",8,0.00,1.00,20,0.17,2445.09,8,0,4,12,1,140.20,6,29,0,2,140.20,0.00,0.50,0.00,1,8.00,1,513.43,0,0,1,org.apache.lucene.util.LuceneTestCase,0.00,4,1,8,0,4,8,0,4,135,1
"org.apache.solr.common.util.XML",9,0.38,2.44,113,1.52,87703.49,11,2,3,14,11,81.26,45,125,11,1,99.13,0.00,0.00,0.17,3,26.00,4,4559.83,0,0,0,java.lang.Object,0.00,5,0,22,0,5,9,0,12,883,1
"org.apache.solr.common.util.XMLErrorLogger",8,0.71,1.12,21,0.30,5584.63,9,1,8,21,8,137.35,3,32,8,1,137.35,0.00,0.00,0.38,0,14.00,2,911.38,0,0,0,java.lang.Object,0.00,13,0,9,0,13,8,3,3,214,2
"org.apache.lucene.analysis.ngram.EdgeNGramTokenFilter",0,0.00,0.00,5,0.06,1257.86,3,3,5,0,6,171.00,7,5,2,4,171.00,0.00,0.75,0.00,0,0.00,0,174.17,0,0,4,org.apache.lucene.analysis.TokenFilter,0.00,0,3,0,0,0,0,0,2,41,2
"org.apache.lucene.analysis.ngram.EdgeNGramTokenFilter$Side",4,0.19,3.75,59,0.77,96471.42,13,9,5,18,2,75.56,22,81,0,1,93.43,0.00,0.00,0.25,0,6.00,12,2324.66,1,4,2,java.lang.Object,0.00,14,0,15,0,14,0,0,8,385,2
"org.apache.lucene.analysis.ngram.EdgeNGramTokenFilterTest",11,0.10,1.27,62,0.82,16954.63,12,1,5,17,5,119.77,3,67,0,3,119.77,0.00,0.67,0.91,0,0.00,2,2461.18,2,0,5,org.apache.lucene.analysis.BaseTokenStreamTestCase,0.00,6,2,14,0,6,11,0,1,523,1
"org.apache.lucene.analysis.ngram.EdgeNGramTokenizer",0,0.00,0.00,7,0.10,2749.76,5,5,6,0,6,171.00,8,7,2,4,171.00,0.00,0.75,0.00,0,0.00,0,305.53,0,0,4,org.apache.lucene.analysis.Tokenizer,0.00,0,3,0,0,0,0,0,2,65,2
"org.apache.lucene.analysis.ngram.EdgeNGramTokenizer$Side",4,0.14,3.25,74,1.07,168839.31,11,7,6,19,0,77.12,62,102,0,1,87.48,0.00,0.00,0.25,0,6.00,10,3212.47,1,4,0,java.lang.Object,0.00,15,0,13,0,15,0,0,16,522,2
"org.apache.lucene.analysis.ngram.EdgeNGramTokenizerTest",10,0.00,1.30,61,0.71,14530.54,11,1,2,14,2,167.01,10,61,0,3,117.01,0.00,0.67,1.00,0,0.00,2,2115.35,2,0,2,org.apache.lucene.analysis.BaseTokenStreamTestCase,0.00,4,2,13,0,4,10,0,8,453,1
"org.apache.lucene.analysis.ngram.NGramTokenFilter",4,0.21,2.75,45,0.47,18200.97,15,11,5,13,6,103.35,16,59,2,4,103.11,0.00,0.75,0.25,0,6.00,6,1401.85,1,0,4,org.apache.lucene.analysis.TokenFilter,0.50,9,3,11,0,9,4,0,6,283,2
"org.apache.lucene.analysis.ngram.NGramTokenFilterTest",9,0.12,1.22,51,0.73,15315.85,10,1,5,15,5,119.44,3,58,0,3,119.44,0.00,0.67,0.89,0,0.00,2,2176.97,2,0,5,org.apache.lucene.analysis.BaseTokenStreamTestCase,0.00,6,2,11,0,6,9,0,1,456,1
"org.apache.lucene.analysis.ngram.NGramTokenizer",9,0.06,1.67,58,0.63,18824.72,20,11,6,18,6,136.32,34,78,2,4,115.71,0.00,0.75,0.14,2,29.00,5,1893.03,2,0,4,org.apache.lucene.analysis.Tokenizer,0.46,9,3,15,0,9,9,0,12,401,2
"org.apache.lucene.analysis.ngram.NGramTokenizerTest",8,0.00,1.25,49,0.62,13236.36,9,1,2,12,2,166.58,9,53,0,3,116.58,0.00,0.67,1.00,0,0.00,2,1846.74,2,0,2,org.apache.lucene.analysis.BaseTokenStreamTestCase,0.00,4,2,10,0,4,8,0,7,390,1
"org.apache.solr.search.function.distance.DistanceFunctionTest",4,0.00,1.25,77,2.31,175277.59,4,0,6,10,4,54.47,24,145,0,3,86.70,0.00,0.67,0.00,0,4.00,2,6939.62,10,0,4,org.apache.solr.SolrTestCaseJ4,0.00,6,2,5,0,6,4,0,21,1112,1
"org.apache.solr.search.function.distance.GeohashFunction",6,0.20,1.67,28,0.32,9263.01,8,2,6,14,6,173.31,8,39,2,2,123.31,0.00,0.50,0.67,1,0.00,5,950.46,0,3,4,org.apache.solr.search.function.ValueSource,0.27,8,1,10,0,8,3,0,1,224,1
"org.apache.solr.search.function.distance.GeohashFunction$DocValues",2,0.00,1.00,9,0.13,3237.19,2,0,6,12,1,123.27,0,13,0,1,123.27,0.00,0.00,0.00,0,2.00,1,394.73,0,2,1,java.lang.Object,0.00,10,0,2,0,10,0,0,0,92,0
"org.apache.solr.search.function.distance.GeohashHaversineFunction",8,0.24,1.38,45,0.68,25333.62,11,3,8,27,8,167.29,12,64,3,2,117.29,0.00,0.50,0.54,1,0.00,3,2038.53,0,3,5,org.apache.solr.search.function.ValueSource,0.24,19,1,11,0,19,5,0,3,436,1
"org.apache.solr.search.function.distance.GeohashHaversineFunction$DocValues",6,0.00,1.00,17,0.20,4150.00,6,0,8,15,0,137.41,0,29,0,1,137.41,0.00,0.00,0.00,1,6.00,1,608.12,0,2,0,java.lang.Object,0.00,9,0,6,0,9,4,0,0,153,0
"org.apache.solr.search.function.distance.HaversineConstFunction",11,0.00,1.73,71,1.13,41370.17,18,7,14,35,15,113.69,7,96,2,2,113.69,0.00,0.50,0.14,2,40.00,3,3386.79,0,6,13,org.apache.solr.search.function.ValueSource,0.20,24,1,19,0,24,5,0,5,697,1
"org.apache.solr.search.function.distance.HaversineConstFunction$DocValues",6,0.00,1.00,20,0.34,9531.99,6,0,14,16,1,127.99,0,33,0,1,127.99,0.00,0.00,0.00,1,14.00,1,1031.64,0,2,1,java.lang.Object,0.00,10,0,6,0,10,4,0,0,227,0
"org.apache.solr.search.function.distance.HaversineConstFunction$ValueSourceParser",1,0.00,17.00,53,0.83,137323.71,1,0,14,8,8,17.47,8,66,0,1,65.57,0.00,0.00,0.00,0,1.00,17,2484.95,0,1,8,java.lang.Object,0.00,7,0,17,0,7,0,0,8,420,0
"org.apache.solr.search.function.distance.HaversineFunction",9,0.16,1.33,62,0.79,30629.59,13,4,9,27,9,164.09,16,81,3,2,114.09,0.00,0.50,0.39,1,3.00,2,2360.01,0,3,6,org.apache.solr.search.function.ValueSource,0.22,18,1,12,0,18,6,0,2,509,1
"org.apache.solr.search.function.distance.HaversineFunction$DocValues",6,0.00,1.00,17,0.20,4150.00,6,0,9,15,0,137.41,0,29,0,1,137.41,0.00,0.00,0.00,1,6.00,1,608.12,0,2,0,java.lang.Object,0.00,9,0,6,0,9,4,0,0,153,0
"org.apache.solr.search.function.distance.SquaredEuclideanFunction",5,0.50,1.80,23,0.27,8425.84,6,1,3,10,6,173.00,8,33,2,3,123.00,0.00,0.67,0.60,0,5.00,5,818.89,2,1,4,org.apache.solr.search.function.distance.VectorDistanceFunction,0.27,5,2,9,0,5,4,0,3,191,1
"org.apache.solr.search.function.distance.StringDistanceFunction",5,0.58,2.00,30,0.39,11990.52,8,3,6,17,6,165.20,9,40,2,2,115.20,0.00,0.50,0.80,0,0.00,6,1163.47,0,2,4,org.apache.solr.search.function.ValueSource,0.29,12,1,10,0,12,3,0,2,264,1
"org.apache.solr.search.function.distance.StringDistanceFunction$DocValues",5,0.00,1.00,15,0.22,4608.37,5,0,6,14,0,129.86,0,26,0,1,129.86,0.00,0.00,0.00,2,7.00,1,651.59,0,1,0,java.lang.Object,0.00,9,0,5,0,9,4,0,0,156,0
"org.apache.solr.search.function.distance.VectorDistanceFunction",8,0.29,1.75,46,0.60,17877.20,12,4,9,23,9,158.31,22,61,3,2,118.42,1.00,0.33,0.50,1,0.00,6,1790.05,0,3,6,org.apache.solr.search.function.ValueSource,0.24,15,1,14,1,15,5,0,3,398,1
"org.apache.solr.search.function.distance.VectorDistanceFunction$DocValues",8,0.00,1.00,23,0.27,5472.25,8,0,9,17,0,137.45,0,39,0,1,137.45,0.00,0.00,0.00,1,14.00,1,815.67,0,2,0,java.lang.Object,0.00,9,0,8,0,9,6,0,0,202,0
"org.apache.solr.search.function.BoostedQuery",9,0.06,1.22,38,0.48,13783.72,11,2,7,23,14,123.41,4,51,8,2,123.41,0.00,0.50,0.44,1,3.00,2,1437.50,2,5,6,org.apache.lucene.search.Query,0.09,14,1,11,0,14,4,0,2,331,1
"org.apache.solr.search.function.BoostedQuery$BoostedWeight",7,0.00,1.29,40,0.53,18606.44,10,3,7,24,8,117.90,0,57,0,2,117.90,0.00,0.50,0.33,0,0.00,2,1599.47,0,3,8,org.apache.lucene.search.Weight,0.57,17,1,9,0,17,4,0,0,328,1
"org.apache.solr.search.function.BoostedQuery$CustomScorer",6,0.13,1.33,33,0.45,11116.82,12,6,7,20,7,119.13,4,48,0,3,119.13,0.00,0.67,0.28,0,0.00,2,1347.68,0,1,7,org.apache.lucene.search.Scorer,0.63,14,2,8,0,14,5,0,4,289,1
"org.apache.solr.search.function.ByteFieldSource",6,0.80,1.67,20,0.30,10061.46,7,1,4,11,6,177.69,7,36,2,3,127.69,0.00,0.67,0.33,0,10.00,3,891.91,2,2,4,org.apache.solr.search.function.FieldCacheSource,0.30,5,2,10,0,5,4,0,1,203,1
"org.apache.solr.search.function.ByteFieldSource$DocValues",8,0.00,1.00,17,0.18,2697.89,8,0,4,10,0,139.86,0,33,0,1,139.86,0.00,0.00,0.00,0,8.00,1,530.22,0,2,0,java.lang.Object,0.00,2,0,8,0,2,6,0,0,143,0
"org.apache.solr.search.function.ConstNumberSource",5,0.00,1.00,6,0.03,204.23,5,0,0,5,4,158.31,3,7,3,2,158.31,3.00,0.20,0.00,0,5.00,1,97.20,0,1,1,org.apache.solr.search.function.ValueSource,0.00,0,1,5,3,0,4,0,1,37,2
"org.apache.solr.search.function.ConstValueSource",10,0.17,1.10,26,0.22,3770.10,12,2,3,12,5,139.46,3,46,2,3,139.46,0.00,0.67,0.35,0,6.00,2,666.14,0,3,3,org.apache.solr.search.function.ConstNumberSource,0.88,2,2,11,0,2,7,0,1,178,1
"org.apache.solr.search.function.ConstValueSource$DocValues",6,0.00,1.00,13,0.11,1239.59,6,0,3,8,0,141.54,0,25,0,1,141.54,0.00,0.00,0.00,0,2.00,1,323.48,0,2,0,java.lang.Object,0.00,2,0,6,0,2,4,0,0,91,0
"org.apache.solr.search.function.DivFloatFunction",3,0.00,1.00,7,0.07,1084.71,3,0,0,4,4,179.51,6,13,1,3,139.63,0.00,0.67,0.00,0,3.00,1,203.62,0,1,3,org.apache.solr.search.function.DualFloatFunction,0.15,1,2,3,0,1,2,0,2,57,1
"org.apache.solr.search.function.DocValues",18,0.00,1.28,55,0.46,11107.80,18,0,2,22,42,131.17,16,51,40,1,131.17,0.00,0.00,0.00,1,18.00,6,1385.52,0,5,2,java.lang.Object,0.00,4,0,23,2,4,13,0,11,343,2
"org.apache.solr.search.function.DocValues$ValueSourceScorer",1,0.00,1.00,4,0.04,809.86,1,0,2,2,0,125.64,0,6,0,1,125.64,0.00,0.00,0.00,0,1.00,1,127.88,0,0,0,java.lang.Object,0.00,1,0,1,0,1,1,0,0,32,0
"org.apache.solr.search.function.DocValues$ValueSourceScorer_0",1,0.00,1.00,4,0.04,809.86,1,0,2,2,0,125.64,0,6,0,1,125.64,0.00,0.00,0.00,0,1.00,1,127.88,0,0,0,java.lang.Object,0.00,1,0,1,0,1,1,0,0,32,0
"org.apache.solr.search.function.DocValues$ValueSourceScorer_1",1,0.00,1.00,4,0.04,809.86,1,0,2,2,0,125.64,0,6,0,1,125.64,0.00,0.00,0.00,0,1.00,1,127.88,0,0,0,java.lang.Object,0.00,1,0,1,0,1,1,0,0,32,0
"org.apache.solr.search.function.DocValues$ValueSourceScorer_2",1,0.00,1.00,4,0.04,809.86,1,0,2,2,0,125.64,0,6,0,1,125.64,0.00,0.00,0.00,0,1.00,1,127.88,0,0,0,java.lang.Object,0.00,1,0,1,0,1,1,0,0,32,0
"org.apache.solr.search.function.DoubleConstValueSource",10,0.11,1.10,29,0.26,4647.31,13,3,3,12,8,138.75,0,49,5,3,138.75,0.00,0.67,0.23,0,38.00,2,791.81,0,3,3,org.apache.solr.search.function.ConstNumberSource,0.88,2,2,11,0,2,7,0,0,205,1
"org.apache.solr.search.function.DoubleConstValueSource$DocValues",6,0.00,1.00,13,0.11,1187.61,6,0,3,8,0,141.69,0,25,0,1,141.69,0.00,0.00,0.00,0,18.00,1,316.31,0,2,0,java.lang.Object,0.00,2,0,6,0,2,4,0,0,89,0
"org.apache.solr.search.function.DoubleFieldSource",6,0.80,1.67,20,0.30,10089.66,7,1,4,11,7,177.68,7,35,3,3,127.68,0.00,0.67,0.33,0,10.00,3,893.55,2,2,4,org.apache.solr.search.function.FieldCacheSource,0.30,5,2,10,0,5,4,0,1,203,1
"org.apache.solr.search.function.DoubleFieldSource$DocValues",7,0.00,1.71,33,0.32,10876.83,7,0,4,11,1,123.29,0,53,0,1,123.29,0.00,0.00,0.00,0,7.00,6,968.62,0,3,1,java.lang.Object,0.00,4,0,12,0,4,4,0,0,219,0
"org.apache.solr.search.function.DoubleFieldSource$DocValues$ValueSourceScorer",1,0.00,1.00,4,0.04,809.86,1,0,4,2,0,125.64,0,6,0,1,125.64,0.00,0.00,0.00,0,1.00,1,127.88,0,0,0,java.lang.Object,0.00,1,0,1,0,1,1,0,0,32,0
"org.apache.solr.search.function.DoubleFieldSource$DocValues$ValueSourceScorer_0",1,0.00,1.00,4,0.04,809.86,1,0,4,2,0,125.64,0,6,0,1,125.64,0.00,0.00,0.00,0,1.00,1,127.88,0,0,0,java.lang.Object,0.00,1,0,1,0,1,1,0,0,32,0
"org.apache.solr.search.function.DoubleFieldSource$DocValues$ValueSourceScorer_1",1,0.00,1.00,4,0.04,809.86,1,0,4,2,0,125.64,0,6,0,1,125.64,0.00,0.00,0.00,0,1.00,1,127.88,0,0,0,java.lang.Object,0.00,1,0,1,0,1,1,0,0,32,0
"org.apache.solr.search.function.DoubleFieldSource$DocValues$ValueSourceScorer_2",1,0.00,1.00,4,0.04,809.86,1,0,4,2,0,125.64,0,6,0,1,125.64,0.00,0.00,0.00,0,1.00,1,127.88,0,0,0,java.lang.Object,0.00,1,0,1,0,1,1,0,0,32,0
"org.apache.solr.search.function.DualFloatFunction",8,0.00,1.12,28,0.37,10660.06,10,2,4,15,8,128.57,4,41,5,2,128.57,2.00,0.25,0.50,2,8.00,2,1112.18,0,3,3,org.apache.solr.search.function.ValueSource,0.24,7,1,9,2,7,5,0,1,265,2
"org.apache.solr.search.function.DualFloatFunction$DocValues",6,0.00,1.00,13,0.15,2177.29,6,0,4,11,0,139.61,0,25,0,1,139.61,0.00,0.00,0.00,1,6.00,1,456.42,0,2,0,java.lang.Object,0.00,5,0,6,0,5,4,0,0,121,0
"org.apache.solr.search.function.FieldCacheSource",5,0.12,1.20,15,0.16,4023.88,7,2,1,7,10,180.28,6,25,8,2,130.28,13.00,0.07,0.40,1,6.00,2,469.32,0,2,2,org.apache.solr.search.function.ValueSource,0.29,2,1,6,13,2,3,0,1,118,2
"org.apache.solr.search.function.FileFloatSource",9,0.08,4.56,143,2.24,253089.08,14,5,28,54,22,91.98,36,185,5,2,91.75,0.00,0.50,0.13,2,18.00,30,6723.29,0,3,17,org.apache.solr.search.function.ValueSource,0.33,45,1,41,0,45,6,0,28,1084,1
"org.apache.solr.search.function.FileFloatSource$Cache",1,0.00,1.00,3,0.03,477.11,1,0,28,2,1,132.11,0,5,0,1,132.11,0.00,0.00,0.00,0,1.00,1,100.00,0,1,1,java.lang.Object,0.00,1,0,1,0,1,0,0,0,27,0
"org.apache.solr.search.function.FileFloatSource$Cache_0",3,0.50,2.33,30,0.28,18751.94,4,1,28,9,1,103.61,2,41,0,1,103.61,0.00,0.00,0.67,0,1.00,5,825.15,0,2,1,java.lang.Object,0.00,6,0,7,0,6,1,0,2,181,2
"org.apache.solr.search.function.FileFloatSource$CreationPlaceholder",0,0.00,0.00,2,0.01,75.00,1,1,28,0,0,171.00,0,3,0,1,171.00,0.00,0.00,0.00,0,0.00,0,30.00,0,0,0,java.lang.Object,0.00,0,0,0,0,0,0,0,0,10,2
"org.apache.solr.search.function.FileFloatSource$DocValues",6,0.00,1.00,13,0.15,2507.67,6,0,28,8,0,139.13,0,25,0,1,139.13,0.00,0.00,0.00,0,6.00,1,460.92,0,2,0,java.lang.Object,0.00,2,0,6,0,2,4,0,0,119,0
"org.apache.solr.search.function.FileFloatSource$Entry",3,0.50,1.33,10,0.09,2145.15,4,1,28,5,1,130.66,0,16,0,1,130.66,0.00,0.00,0.67,0,1.00,2,275.58,0,0,1,java.lang.Object,0.00,2,0,4,0,2,3,0,0,72,2
"org.apache.solr.search.function.FileFloatSource$ReloadCacheRequestHandler",5,1.00,1.00,17,0.18,3075.22,6,1,28,14,6,131.24,0,33,0,2,131.24,0.00,0.50,0.20,0,8.00,1,545.59,0,4,6,org.apache.solr.handler.RequestHandlerBase,0.47,9,1,5,0,9,1,0,0,127,2
"org.apache.solr.search.function.FloatFieldSource",6,0.80,1.67,20,0.30,10144.41,7,1,5,11,7,177.66,7,35,3,3,127.66,0.00,0.67,0.33,0,10.00,3,898.00,2,2,4,org.apache.solr.search.function.FieldCacheSource,0.30,5,2,10,0,5,4,0,1,204,1
"org.apache.solr.search.function.FloatFieldSource$DocValues",6,0.00,1.00,13,0.13,2037.36,6,0,5,8,0,139.84,0,25,0,1,139.84,0.00,0.00,0.00,0,6.00,1,404.40,0,2,0,java.lang.Object,0.00,2,0,6,0,2,4,0,0,109,0
"org.apache.solr.search.function.FunctionQuery",8,0.71,1.38,22,0.28,6858.81,9,1,6,14,14,186.60,15,38,9,2,136.60,0.00,0.50,0.38,1,14.00,3,847.88,1,4,5,org.apache.lucene.search.Query,0.09,6,1,11,0,6,4,0,6,204,1
"org.apache.solr.search.function.FunctionQuery$AllScorer",9,0.20,1.78,56,0.54,12511.57,16,7,6,19,5,167.09,16,70,0,3,117.09,0.00,0.67,0.32,2,0.00,4,1624.23,0,1,5,org.apache.lucene.search.Scorer,0.55,10,2,16,0,10,8,0,16,356,1
"org.apache.solr.search.function.FunctionQuery$FunctionWeight",7,0.08,1.00,28,0.32,6958.11,11,4,6,13,7,124.94,0,42,0,2,124.94,0.00,0.50,0.18,1,20.00,1,949.09,0,3,7,org.apache.lucene.search.Weight,0.57,6,1,7,0,6,4,0,0,222,1
"org.apache.solr.search.function.IntFieldSource",6,0.80,1.67,20,0.30,10116.21,7,1,5,11,7,177.67,6,35,3,3,127.67,0.00,0.67,0.33,0,10.00,3,896.37,2,2,4,org.apache.solr.search.function.FieldCacheSource,0.30,5,2,10,0,5,4,0,1,204,1
"org.apache.solr.search.function.IntFieldSource$DocValues",7,0.00,1.57,28,0.32,14271.30,7,0,5,11,1,122.38,1,44,0,1,122.38,0.00,0.00,0.00,0,7.00,5,964.89,0,3,1,java.lang.Object,0.00,4,0,11,0,4,4,0,1,215,0
"org.apache.solr.search.function.IntFieldSource$DocValues$ValueSourceScorer",1,0.00,1.00,4,0.04,984.65,1,0,5,1,0,164.86,2,6,0,1,124.97,0.00,0.00,0.00,0,1.00,1,127.88,0,0,0,java.lang.Object,0.00,0,0,1,0,0,1,0,2,32,0
"org.apache.solr.search.function.LinearFloatFunction",6,0.13,1.17,25,0.35,10542.45,9,3,4,13,5,172.95,8,39,2,2,122.95,0.00,0.50,0.44,1,0.00,2,1039.09,0,2,3,org.apache.solr.search.function.ValueSource,0.27,7,1,7,0,7,4,0,1,240,1
"org.apache.solr.search.function.LinearFloatFunction$DocValues",6,0.00,1.00,13,0.15,2276.04,6,0,4,9,0,139.46,0,25,0,1,139.46,0.00,0.00,0.00,1,10.00,1,453.01,0,2,0,java.lang.Object,0.00,3,0,6,0,3,4,0,0,120,0
"org.apache.solr.search.function.LiteralValueSource",6,0.10,1.50,19,0.19,4493.63,8,2,3,10,7,130.47,5,30,4,2,130.47,0.00,0.50,0.42,0,0.00,4,580.21,0,3,3,org.apache.solr.search.function.ValueSource,0.27,4,1,9,0,4,3,0,2,144,1
"org.apache.solr.search.function.LiteralValueSource$DocValues",2,0.00,1.00,5,0.03,338.23,2,0,3,2,0,142.22,0,9,0,1,142.22,0.00,0.00,0.00,0,0.00,1,101.21,0,2,0,java.lang.Object,0.00,0,0,2,0,0,0,0,0,30,0
"org.apache.solr.search.function.LongFieldSource",7,0.83,1.57,22,0.32,10084.95,8,1,4,12,8,178.23,7,38,4,3,128.23,0.50,0.50,0.29,0,14.00,3,946.89,2,2,4,org.apache.solr.search.function.FieldCacheSource,0.29,5,2,11,1,5,5,0,1,219,1
"org.apache.solr.search.function.LongFieldSource$DocValues",7,0.00,1.57,28,0.31,13287.46,7,0,4,10,1,122.62,1,44,0,1,122.62,0.00,0.00,0.00,0,7.00,5,936.11,0,3,1,java.lang.Object,0.00,3,0,11,0,3,4,0,1,209,0
"org.apache.solr.search.function.LongFieldSource$DocValues$ValueSourceScorer",1,0.00,1.00,4,0.04,902.61,1,0,4,1,0,165.15,2,6,0,1,125.27,0.00,0.00,0.00,0,1.00,1,129.71,0,0,0,java.lang.Object,0.00,0,0,1,0,0,1,0,2,32,0
"org.apache.solr.search.function.MultiFloatFunction",8,0.86,1.62,37,0.41,12956.29,9,1,5,20,6,123.16,5,1,3,2,123.16,2.00,0.25,0.25,1,16.00,3,1231.15,0,2,3,org.apache.solr.search.function.ValueSource,0.24,12,1,13,2,12,6,0,2,276,2
"org.apache.solr.search.function.MultiFloatFunction$DocValues",6,0.00,1.33,24,0.24,6234.36,6,0,5,14,0,124.72,0,0,0,1,124.72,0.00,0.00,0.00,1,6.00,3,712.14,0,2,0,java.lang.Object,0.00,8,0,8,0,8,4,0,0,168,0
"org.apache.solr.search.function.MultiValueSource",1,0.00,1.00,2,0.01,80.15,1,0,1,1,8,145.01,4,3,7,2,144.78,3.00,0.20,0.00,0,1.00,1,35.16,0,0,1,org.apache.solr.search.function.ValueSource,0.00,0,1,1,3,0,1,0,1,13,2
"org.apache.solr.search.function.NvlValueSourceParser",2,1.00,1.50,10,0.11,2015.53,3,1,4,6,6,73.08,17,16,0,2,121.18,0.00,0.50,0.00,0,2.00,2,327.71,0,1,6,org.apache.solr.search.ValueSourceParser,0.00,4,1,3,0,4,1,0,3,77,1
"org.apache.solr.search.function.NvlValueSourceParser$SimpleFloatFunction",2,0.00,1.50,9,0.07,1481.12,2,0,4,3,1,125.85,0,14,0,1,125.85,0.00,0.00,0.00,0,2.00,2,204.23,0,1,1,java.lang.Object,0.00,1,0,3,0,1,1,0,0,51,0
"org.apache.solr.search.function.OrdFieldSource",5,0.12,1.00,13,0.16,2900.85,7,2,5,9,8,158.62,17,23,4,2,138.01,0.00,0.50,0.40,1,2.00,1,467.17,0,2,4,org.apache.solr.search.function.ValueSource,0.29,4,1,5,0,4,3,0,1,118,1
"org.apache.solr.search.function.OrdFieldSource$StringIndexDocValues",7,0.00,1.00,15,0.15,2269.98,7,0,5,9,0,140.00,1,29,0,1,140.00,0.00,0.00,0.00,0,7.00,1,459.47,0,3,0,java.lang.Object,0.00,2,0,7,0,2,4,0,1,125,0
"org.apache.solr.search.function.PowFloatFunction",3,0.00,1.00,7,0.08,1106.61,3,0,0,5,3,179.44,6,13,0,3,139.56,0.00,0.67,0.00,0,3.00,1,226.70,0,1,3,org.apache.solr.search.function.DualFloatFunction,0.15,2,2,3,0,2,2,0,2,62,1
"org.apache.solr.search.function.ProductFloatFunction",3,0.00,1.33,11,0.08,1964.72,3,0,0,4,6,180.96,3,17,3,3,130.96,0.00,0.67,0.00,0,3.00,2,249.77,0,1,3,org.apache.solr.search.function.MultiFloatFunction,0.15,1,2,4,0,1,2,0,1,64,1
"org.apache.solr.search.function.QueryDocValues",7,0.08,2.00,40,0.47,14449.62,15,8,5,14,8,118.66,6,60,1,2,118.66,0.00,0.50,0.20,1,14.00,7,1399.83,0,2,7,org.apache.solr.search.function.DocValues,0.48,7,1,14,0,7,5,0,6,299,0
"org.apache.solr.search.function.QueryValueSource",8,0.00,1.25,23,0.28,6164.54,10,2,5,14,17,136.99,3,33,10,2,136.99,0.00,0.50,0.50,1,0.00,2,838.25,0,3,7,org.apache.solr.search.function.ValueSource,0.24,6,1,10,0,6,5,0,1,201,1
"org.apache.solr.search.function.RangeMapFloatFunction",6,0.20,1.33,33,0.53,20706.96,11,5,4,14,5,167.00,8,50,2,2,117.00,0.00,0.50,0.37,1,0.00,2,1585.47,0,2,3,org.apache.solr.search.function.ValueSource,0.27,8,1,8,0,8,4,0,1,346,1
"org.apache.solr.search.function.RangeMapFloatFunction$DocValues",6,0.00,1.33,14,0.20,4111.16,6,0,4,9,0,137.37,0,26,0,1,137.37,0.00,0.00,0.00,1,10.00,3,598.11,0,2,0,java.lang.Object,0.00,3,0,8,0,3,4,0,0,147,0
"org.apache.solr.search.function.ReciprocalFloatFunction",6,0.20,1.17,25,0.38,11100.28,10,4,4,14,5,143.39,21,42,2,2,122.78,0.00,0.50,0.42,1,0.00,2,1154.15,0,2,3,org.apache.solr.search.function.ValueSource,0.27,8,1,7,0,8,4,0,2,265,1
"org.apache.solr.search.function.ReciprocalFloatFunction$DocValues",6,0.00,1.00,13,0.18,2778.21,6,0,4,9,0,138.78,0,27,0,1,138.78,0.00,0.00,0.00,1,10.00,1,529.88,0,2,0,java.lang.Object,0.00,3,0,6,0,3,4,0,0,135,0
"org.apache.solr.search.function.ReverseOrdFieldSource",5,0.12,1.20,18,0.23,4921.67,7,2,6,10,6,129.83,20,28,2,2,129.59,0.00,0.50,0.40,1,2.00,2,693.07,0,2,4,org.apache.solr.search.function.ValueSource,0.29,5,1,6,0,5,3,0,1,160,1
"org.apache.solr.search.function.ReverseOrdFieldSource$DocValues",6,0.00,1.00,13,0.16,2609.11,6,0,6,8,0,138.99,1,25,0,1,138.99,0.00,0.00,0.00,0,6.00,1,480.82,0,2,0,java.lang.Object,0.00,2,0,6,0,2,4,0,1,124,0
"org.apache.solr.search.function.ScaleFloatFunction",6,0.27,2.17,45,0.59,36132.25,9,3,4,16,5,130.15,18,60,2,2,109.53,0.00,0.50,0.56,1,0.00,7,1770.22,0,2,3,org.apache.solr.search.function.ValueSource,0.27,10,1,13,0,10,4,0,8,363,1
"org.apache.solr.search.function.ScaleFloatFunction$DocValues",6,0.00,1.00,13,0.18,2688.31,6,0,4,9,0,138.89,0,28,0,1,138.89,0.00,0.00,0.00,1,10.00,1,534.52,0,2,0,java.lang.Object,0.00,3,0,6,0,3,4,0,0,135,0
"org.apache.solr.search.function.ShortFieldSource",6,0.80,1.67,20,0.30,10061.46,7,1,4,11,6,127.69,4,36,2,3,127.69,0.00,0.67,0.33,0,10.00,3,891.91,2,2,4,org.apache.solr.search.function.FieldCacheSource,0.30,5,2,10,0,5,4,0,1,203,1
"org.apache.solr.search.function.ShortFieldSource$DocValues",8,0.00,1.00,17,0.18,2697.89,8,0,4,10,0,139.86,0,33,0,1,139.86,0.00,0.00,0.00,0,8.00,1,530.22,0,2,0,java.lang.Object,0.00,2,0,8,0,2,6,0,0,143,0
"org.apache.solr.search.function.SimpleFloatFunction",3,0.00,1.00,7,0.07,1065.76,3,0,3,5,7,139.69,2,11,3,3,139.69,0.00,0.67,0.00,0,4.00,1,199.56,0,1,4,org.apache.solr.search.function.SingleFunction,0.00,2,2,3,0,2,2,0,1,54,2
"org.apache.solr.search.function.SimpleFloatFunction$DocValues",6,0.00,1.00,13,0.14,1954.40,6,0,3,10,0,139.98,0,25,0,1,139.98,0.00,0.00,0.00,1,6.00,1,420.24,0,2,0,java.lang.Object,0.00,4,0,6,0,4,4,0,0,114,0
"org.apache.solr.search.function.SingleFunction",6,0.60,1.17,15,0.19,4569.48,7,1,3,13,3,137.04,2,26,2,2,137.04,2.00,0.25,0.50,2,6.00,2,584.67,0,2,1,org.apache.solr.search.function.ValueSource,0.27,7,1,7,2,7,4,0,1,147,2
"org.apache.solr.search.function.SortByFunctionTest",3,0.00,1.00,17,0.38,7140.38,3,0,1,3,1,168.34,5,63,0,3,118.34,0.00,0.67,0.00,0,3.00,1,1135.70,5,2,1,org.apache.solr.util.AbstractSolrTestCase,0.17,0,2,3,0,0,1,0,2,206,1
"org.apache.solr.search.function.StringIndexDocValues",4,0.08,3.25,36,0.45,23780.13,8,4,3,9,10,155.41,4,48,6,2,105.41,0.00,0.50,0.31,0,6.00,9,1361.07,0,3,4,org.apache.solr.search.function.DocValues,0.09,5,1,13,0,5,1,0,2,270,2
"org.apache.solr.search.function.StringIndexDocValues$StringIndexException",1,0.00,1.00,3,0.03,343.27,1,0,3,1,0,133.23,0,7,0,2,133.23,0.00,0.50,0.00,0,1.00,1,96.34,0,0,0,java.lang.RuntimeException,0.00,0,1,1,0,0,1,0,0,27,3
"org.apache.solr.search.function.StringIndexDocValues$ValueSourceScorer",1,0.00,1.00,4,0.04,984.65,1,0,3,1,0,124.97,0,6,0,1,124.97,0.00,0.00,0.00,0,0.00,1,127.88,0,0,0,java.lang.Object,0.00,0,0,1,0,0,1,0,0,32,0
"org.apache.solr.search.function.SumFloatFunction",3,0.00,1.33,11,0.08,1964.72,3,0,0,4,4,180.96,3,17,1,3,130.96,0.00,0.67,0.00,0,3.00,2,249.77,0,1,3,org.apache.solr.search.function.MultiFloatFunction,0.15,1,2,4,0,1,2,0,1,64,1
"org.apache.solr.search.function.TestFunctionQuery",15,0.50,2.20,267,4.84,229768.34,17,2,13,65,5,92.20,65,327,0,3,91.96,0.00,0.67,0.03,6,37.00,8,14505.24,9,1,5,org.apache.solr.SolrTestCaseJ4,0.00,50,2,33,0,50,14,0,62,2373,1
"org.apache.solr.search.function.TopValueSource",7,0.17,1.57,30,0.33,12272.63,8,1,4,16,8,122.89,5,45,5,2,122.89,0.00,0.50,0.86,0,0.00,4,1003.48,0,4,3,org.apache.solr.search.function.ValueSource,0.38,9,1,11,0,9,3,0,1,227,1
"org.apache.solr.search.function.TopValueSource$DocValues",6,0.00,1.00,13,0.15,2570.97,6,0,4,11,0,139.04,0,25,0,1,139.04,0.00,0.00,0.00,0,6.00,1,453.26,0,2,0,java.lang.Object,0.00,5,0,6,0,5,4,0,0,118,0
"org.apache.solr.search.function.ValueSource",9,0.00,1.00,21,0.19,2665.61,9,0,9,12,105,140.54,41,33,100,1,140.31,0.00,0.00,0.00,2,9.00,1,560.15,0,6,5,java.lang.Object,0.00,3,0,9,50,3,3,1,10,149,2
"org.apache.solr.search.function.ValueSource$FieldComparatorSource",1,0.00,1.00,3,0.05,923.74,1,0,9,2,2,129.85,0,5,0,1,129.85,0.00,0.00,0.00,0,1.00,1,151.96,0,1,2,java.lang.Object,0.00,1,0,1,0,1,0,0,0,35,0
"org.apache.solr.search.function.ValueSource$ValueSourceComparator",7,0.12,1.57,33,0.32,8421.48,11,4,9,8,2,124.18,0,49,0,2,124.18,0.00,0.50,0.36,0,0.00,3,950.23,0,1,2,org.apache.lucene.search.FieldComparator,0.62,1,1,11,0,1,6,0,0,222,0
"org.apache.solr.search.function.ValueSource$ValueSourceComparatorSource",2,1.00,1.00,6,0.06,829.60,3,1,9,3,1,132.59,0,11,0,2,132.59,0.00,0.50,0.50,0,2.00,1,186.21,0,1,1,org.apache.solr.search.function.FieldComparatorSource,0.00,1,1,2,0,1,1,0,0,48,0
"org.apache.solr.search.function.ValueSource$ValueSourceScorer",13,0.03,1.46,50,0.38,6381.53,18,5,9,18,3,131.92,1,64,0,3,131.92,0.00,0.67,0.23,4,34.00,4,1139.68,0,2,3,org.apache.lucene.search.Scorer,0.46,5,2,19,0,5,11,0,1,288,0
"org.apache.solr.search.function.ValueSource$ValueSourceSortField",2,0.00,1.00,7,0.07,900.73,2,0,9,7,3,132.31,0,10,0,2,132.31,0.00,0.50,0.00,0,2.00,1,205.46,1,1,3,org.apache.lucene.search.SortField,0.00,5,1,2,0,5,1,1,0,53,0
"org.apache.solr.search.function.ValueSourceRangeFilter",6,0.20,3.50,43,0.66,32919.42,11,5,7,13,8,109.74,4,62,3,3,109.74,0.00,0.67,0.37,1,6.00,8,1974.04,0,2,5,org.apache.solr.search.SolrFilter,0.00,7,2,21,0,7,4,0,2,417,1
"org.apache.solr.search.function.ValueSourceRangeFilter$DocIdSet",1,0.00,1.00,3,0.04,539.08,1,0,7,2,1,131.69,0,5,0,1,131.69,0.00,0.00,0.00,0,0.00,1,122.20,0,1,1,java.lang.Object,0.00,1,0,1,0,1,0,0,0,30,0
"org.apache.solr.search.function.VectorValueSource",9,0.50,1.89,48,0.50,20326.55,10,1,8,19,11,118.37,6,63,7,3,118.37,1.00,0.40,0.56,1,4.00,4,1499.55,0,4,4,org.apache.solr.search.function.MultiValueSource,0.47,10,2,17,2,10,5,0,3,328,1
"org.apache.solr.search.function.VectorValueSource$DocValues",8,0.00,1.00,24,0.37,7298.98,8,0,8,25,0,129.89,0,40,0,1,129.89,0.00,0.00,0.00,0,8.00,1,1122.63,0,1,0,java.lang.Object,0.00,17,0,8,0,17,7,0,0,267,0
"org.apache.solr.search.function.VectorValueSource$DocValues_0",8,0.00,2.12,56,0.56,18413.85,8,0,8,21,0,112.83,0,59,0,1,112.83,0.00,0.00,0.00,0,8.00,3,1675.11,0,1,0,java.lang.Object,0.00,13,0,17,0,13,7,0,0,369,0
"org.tartarus.snowball.ext.ArmenianStemmer",10,0.01,4.20,169,5.77,487084.62,19,9,2,14,4,70.97,53,433,2,2,88.84,0.00,0.50,0.12,0,0.00,13,17300.49,3,0,2,org.tartarus.snowball.SnowballProgram,0.04,4,1,42,0,4,10,0,50,2433,1
"org.tartarus.snowball.ext.BasqueStemmer",11,0.02,7.00,266,13.14,1257720.61,20,9,2,15,4,31.13,92,817,2,2,79.24,0.00,0.50,0.13,0,0.00,29,39416.71,4,0,2,org.tartarus.snowball.SnowballProgram,0.04,4,1,77,0,4,11,0,89,4854,1
"org.tartarus.snowball.ext.CatalanStemmer",12,0.00,6.58,250,17.15,1669477.07,22,10,2,16,4,33.43,106,931,2,2,81.53,0.00,0.50,0.10,0,0.00,20,51446.87,5,0,2,org.tartarus.snowball.SnowballProgram,0.04,4,1,79,0,4,12,0,103,5985,1
"org.tartarus.snowball.ext.DanishStemmer",7,0.19,5.86,210,2.56,165289.80,15,8,2,9,5,36.93,78,324,3,2,81.06,0.00,0.50,0.29,0,0.00,10,7686.56,9,0,2,org.tartarus.snowball.SnowballProgram,0.04,2,1,41,0,2,7,0,76,1361,1
"org.tartarus.snowball.ext.DutchStemmer",11,0.09,11.64,418,4.40,353945.64,23,12,2,12,5,65.65,167,642,3,2,76.01,0.00,0.50,0.17,0,0.00,60,13195.53,9,0,2,org.tartarus.snowball.SnowballProgram,0.04,1,1,128,0,1,11,0,165,2269,1
"org.tartarus.snowball.ext.EnglishStemmer",17,0.04,10.00,627,7.91,556638.64,34,17,2,18,6,66.50,259,1016,4,2,76.86,0.00,0.50,0.10,0,0.00,22,23715.70,12,0,2,org.tartarus.snowball.SnowballProgram,0.04,1,1,170,0,1,17,0,257,3876,1
"org.tartarus.snowball.ext.FinnishStemmer",13,0.10,9.23,517,6.70,564261.62,31,18,2,15,5,54.48,187,811,3,2,74.62,0.00,0.50,0.15,0,0.00,29,20088.70,10,0,2,org.tartarus.snowball.SnowballProgram,0.04,2,1,120,0,2,13,0,185,3321,1
"org.tartarus.snowball.ext.FrenchStemmer",14,0.07,12.64,731,10.02,869486.27,28,14,2,15,5,107.96,304,1164,3,2,68.66,0.00,0.50,0.14,0,0.00,71,30071.60,11,0,2,org.tartarus.snowball.SnowballProgram,0.04,1,1,177,0,1,14,0,302,4646,1
"org.tartarus.snowball.ext.German2Stemmer",8,0.12,12.12,368,3.98,369747.66,20,12,2,9,4,80.80,139,562,2,2,71.67,0.00,0.50,0.19,0,0.00,36,11938.45,8,0,2,org.tartarus.snowball.SnowballProgram,0.04,1,1,97,0,1,8,0,137,2028,1
"org.tartarus.snowball.ext.GermanStemmer",8,0.12,10.75,357,3.70,328881.14,19,11,2,9,4,72.34,131,533,2,2,72.82,0.00,0.50,0.19,0,0.00,36,11103.93,8,0,2,org.tartarus.snowball.SnowballProgram,0.04,1,1,86,0,1,8,0,129,1917,1
"org.tartarus.snowball.ext.HungarianStemmer",16,0.00,9.62,453,8.12,593316.73,30,14,2,17,5,80.04,258,862,3,2,80.52,0.00,0.50,0.07,0,0.00,33,24351.30,6,0,2,org.tartarus.snowball.SnowballProgram,0.04,1,1,154,0,1,16,0,256,3696,1
"org.tartarus.snowball.ext.ItalianStemmer",12,0.06,11.00,522,9.35,896658.40,26,14,2,13,5,70.67,200,949,3,2,71.14,0.00,0.50,0.13,0,0.00,36,28060.51,9,0,2,org.tartarus.snowball.SnowballProgram,0.04,1,1,132,0,1,12,0,198,4211,1
"org.tartarus.snowball.ext.KpStemmer",18,0.06,19.00,1069,11.33,855356.90,37,19,2,20,3,115.26,502,1644,1,2,67.44,0.00,0.50,0.11,0,0.00,63,33994.26,10,0,2,org.tartarus.snowball.SnowballProgram,0.04,2,1,342,0,2,18,0,500,5574,1
"org.tartarus.snowball.ext.LovinsStemmer",34,0.23,5.29,817,15.90,1020296.10,38,4,2,35,3,35.77,294,1567,1,2,83.87,0.00,0.50,0.03,0,0.00,53,47714.39,5,0,2,org.tartarus.snowball.SnowballProgram,0.03,1,1,180,0,1,34,0,292,6934,1
"org.tartarus.snowball.ext.NorwegianStemmer",6,0.20,6.00,173,2.25,143216.45,13,7,2,7,5,33.65,61,277,3,2,82.13,0.00,0.50,0.31,0,0.00,12,6745.61,8,0,2,org.tartarus.snowball.SnowballProgram,0.05,1,1,36,0,1,6,0,59,1181,1
"org.tartarus.snowball.ext.PorterStemmer",13,0.05,8.85,439,5.26,381393.29,24,11,2,14,3,49.29,177,700,1,2,78.67,0.00,0.50,0.14,0,0.00,32,15768.85,10,0,2,org.tartarus.snowball.SnowballProgram,0.04,1,1,115,0,1,13,0,175,2603,1
"org.tartarus.snowball.ext.PortugueseStemmer",12,0.06,10.83,489,8.73,802187.19,25,13,2,13,5,62.34,186,900,3,2,72.70,0.00,0.50,0.13,0,0.00,39,26191.06,6,0,2,org.tartarus.snowball.SnowballProgram,0.04,1,1,130,0,1,12,0,184,3932,1
"org.tartarus.snowball.ext.RomanianStemmer",13,0.08,8.62,433,9.11,800267.28,24,11,2,14,5,32.02,151,845,3,2,76.15,0.00,0.50,0.16,0,0.00,29,27316.66,8,0,2,org.tartarus.snowball.SnowballProgram,0.04,1,1,112,0,1,13,0,149,3974,1
"org.tartarus.snowball.ext.RussianStemmer",12,0.02,6.92,315,5.50,437513.95,23,11,2,13,5,31.85,117,580,3,2,81.85,0.00,0.50,0.11,0,0.00,13,16491.41,5,0,2,org.tartarus.snowball.SnowballProgram,0.04,1,1,83,0,1,12,0,115,2611,1
"org.tartarus.snowball.ext.SpanishStemmer",12,0.06,11.58,511,9.27,892823.92,26,14,2,13,5,80.65,208,943,3,2,71.52,0.00,0.50,0.13,0,0.00,40,27801.19,7,0,2,org.tartarus.snowball.SnowballProgram,0.04,1,1,139,0,1,12,0,206,4174,1
"org.tartarus.snowball.ext.SwedishStemmer",6,0.17,5.50,164,2.31,153417.02,13,7,2,7,5,32.51,57,272,3,2,82.51,0.00,0.50,0.29,0,0.00,9,6925.29,6,0,2,org.tartarus.snowball.SnowballProgram,0.05,1,1,33,0,1,6,0,55,1204,1
"org.tartarus.snowball.ext.TurkishStemmer",42,0.00,7.45,1650,18.57,1772265.60,76,34,2,43,5,64.41,656,2392,3,2,74.76,0.00,0.50,0.03,0,1254.00,53,55710.81,9,0,2,org.tartarus.snowball.SnowballProgram,0.02,1,1,313,0,1,42,0,654,8933,1
"org.egothor.stemmer.Cell",3,0.62,1.00,13,0.11,1517.65,7,4,0,3,9,95.03,18,16,9,1,127.25,0.00,0.00,0.67,0,1.00,1,330.79,0,1,0,java.lang.Object,0.00,0,0,3,0,0,2,0,8,89,0
"org.egothor.stemmer.Compile",2,1.33,11.00,91,1.32,130177.50,5,3,10,33,8,28.58,15,107,1,1,70.87,0.00,0.00,1.00,1,0.00,20,3950.98,0,0,7,java.lang.Object,0.00,31,0,22,0,31,2,0,4,591,1
"org.egothor.stemmer.Diff",4,0.33,9.75,148,1.81,386579.09,12,8,0,14,4,62.36,60,165,4,1,72.72,0.00,0.00,0.38,0,4.00,26,5421.92,0,1,0,java.lang.Object,0.00,10,0,39,0,10,3,0,23,913,1
"org.egothor.stemmer.DiffIt",2,0.00,4.50,32,0.49,28517.75,2,0,5,15,1,50.73,15,39,0,1,93.03,0.00,0.00,0.00,1,2.00,7,1462.26,0,0,1,java.lang.Object,0.00,13,0,9,0,13,2,0,4,254,1
"org.egothor.stemmer.Gener",3,0.00,3.67,41,0.57,46352.53,3,0,4,9,6,53.87,22,44,2,2,96.16,0.00,0.50,0.00,1,3.00,7,1707.33,0,0,4,org.egothor.stemmer.Reduce,0.33,6,1,11,0,6,3,0,4,318,1
"org.egothor.stemmer.Lift",3,1.00,4.00,45,0.59,39893.03,4,1,4,13,6,44.34,28,52,2,2,94.34,0.00,0.50,0.33,1,4.00,9,1779.38,0,0,4,org.egothor.stemmer.Reduce,0.33,10,1,12,0,10,3,0,4,335,1
"org.egothor.stemmer.MultiTrie",8,0.11,2.38,70,0.84,37028.62,12,4,5,26,6,65.96,57,78,4,2,108.25,1.00,0.33,0.34,0,0.00,4,2525.72,0,2,2,org.egothor.stemmer.Trie,0.00,18,1,19,1,18,6,0,9,512,1
"org.egothor.stemmer.MultiTrie2",12,0.00,3.92,147,1.87,190189.45,12,0,5,26,7,65.13,74,184,4,3,97.36,0.00,0.67,0.00,3,38.00,8,5604.70,1,4,3,org.egothor.stemmer.MultiTrie,0.00,14,2,47,0,14,8,0,20,1064,1
"org.egothor.stemmer.Optimizer",4,0.00,5.25,84,0.99,103503.80,4,0,4,22,7,38.44,33,93,3,2,86.55,1.00,0.33,0.00,1,4.00,9,2974.78,0,0,4,org.egothor.stemmer.Reduce,0.29,18,1,21,1,18,4,0,6,570,1
"org.egothor.stemmer.Optimizer2",2,0.00,1.50,9,0.10,5539.66,2,0,0,3,4,72.86,20,13,2,3,121.34,0.00,0.67,0.00,0,2.00,2,311.43,0,0,2,org.egothor.stemmer.Optimizer,0.33,1,2,3,0,1,2,0,3,72,1
"org.egothor.stemmer.Reduce",3,0.00,1.67,25,0.37,16804.50,3,0,4,15,8,89.81,16,27,6,1,107.68,0.00,0.00,0.00,1,3.00,3,1118.35,0,1,3,java.lang.Object,0.00,12,0,5,4,12,2,0,4,224,1
"org.egothor.stemmer.Reduce$Remap",1,0.00,3.00,17,0.17,7110.55,1,0,4,7,2,62.29,6,18,0,2,94.52,0.00,0.50,0.00,0,0.00,3,518.26,0,0,2,org.egothor.stemmer.Row,0.00,6,1,3,0,6,1,0,1,103,0
"org.egothor.stemmer.Row",15,0.07,2.53,135,1.36,47525.33,18,3,5,33,8,89.75,84,147,7,1,107.62,0.00,0.00,0.27,1,0.00,8,4070.96,0,0,1,java.lang.Object,0.00,18,0,38,1,18,15,0,15,841,1
"org.egothor.stemmer.TestCompile",5,0.00,2.60,61,0.91,39790.87,5,0,11,36,4,99.81,1,76,0,2,99.81,0.00,0.50,0.00,2,5.00,8,2731.23,0,1,4,org.apache.lucene.util.LuceneTestCase,0.00,31,1,13,0,31,4,0,1,510,1
"org.egothor.stemmer.TestStemmer",7,0.00,2.14,74,0.93,28235.43,7,0,1,22,7,155.13,8,75,0,2,105.13,0.00,0.50,0.00,1,7.00,3,2778.75,0,0,7,org.apache.lucene.util.LuceneTestCase,0.00,15,1,15,0,15,7,0,2,545,1
"org.egothor.stemmer.Trie",14,0.23,3.64,197,2.08,136411.05,18,4,5,36,16,64.32,90,208,14,1,96.54,0.00,0.00,0.46,1,0.00,14,6250.91,0,5,3,java.lang.Object,0.00,22,0,51,2,22,9,0,15,1207,1
"org.egothor.stemmer.Trie$StrEnum",3,0.50,1.33,18,0.11,1772.82,6,3,5,5,0,159.97,6,23,0,1,120.08,0.00,0.00,0.67,0,0.00,2,331.03,0,0,0,java.lang.Object,0.00,2,0,4,0,2,3,0,1,87,0
"org.apache.solr.spelling.suggest.BufferingTermFreqIteratorWrapper",6,0.20,1.17,23,0.20,3981.52,9,3,3,14,3,130.95,5,31,2,1,130.95,0.00,0.00,0.50,0,0.00,2,612.48,0,2,1,java.lang.Object,0.00,8,0,7,2,8,4,1,3,151,1
"org.apache.solr.spelling.suggest.BufferingTermFreqIteratorWrapper$Entry",2,0.50,1.00,8,0.07,1070.25,4,2,3,3,0,127.06,0,11,0,1,127.06,0.00,0.00,0.25,0,2.00,1,205.19,0,0,0,java.lang.Object,0.00,1,0,2,0,1,2,1,0,56,3
"org.apache.solr.spelling.suggest.FileDictionary",3,0.17,1.00,11,0.08,844.02,6,3,3,6,3,154.53,11,15,1,1,133.92,0.00,0.00,0.22,0,1.00,1,244.39,0,1,2,java.lang.Object,0.00,3,0,3,0,3,2,1,2,66,1
"org.apache.solr.spelling.suggest.FileDictionary$fileIterator",4,0.67,2.25,24,0.21,7097.10,5,1,3,7,1,116.20,0,34,0,1,116.20,0.00,0.00,0.50,1,2.00,5,620.75,0,1,1,java.lang.Object,0.00,3,0,9,0,3,3,1,0,134,1
"org.apache.solr.spelling.suggest.Lookup",8,0.00,1.12,18,0.20,4236.97,8,0,9,10,7,120.42,42,21,2,1,138.29,0.00,0.00,0.00,1,8.00,2,586.38,0,2,5,java.lang.Object,0.00,2,0,9,2,2,6,0,8,150,2
"org.apache.solr.spelling.suggest.Lookup$LookupPriorityQueue",3,0.00,1.33,14,0.12,3542.33,3,0,9,3,1,124.28,0,17,0,2,124.28,0.00,0.50,0.00,0,3.00,2,356.54,1,1,1,org.apache.lucene.util.PriorityQueue,0.00,0,1,4,0,0,2,0,0,89,3
"org.apache.solr.spelling.suggest.Lookup$LookupResult",3,0.25,1.00,10,0.09,1321.60,5,2,9,3,0,132.38,1,15,0,1,132.38,0.00,0.00,0.33,1,4.00,1,269.87,0,1,0,java.lang.Object,0.00,0,0,3,0,0,2,1,1,73,3
"org.apache.solr.spelling.suggest.PersistenceTest",2,1.00,3.00,30,0.39,12605.11,3,1,5,18,3,96.96,0,51,0,3,96.96,0.00,0.67,0.00,0,2.00,3,1163.96,1,0,3,org.apache.solr.SolrTestCaseJ4,0.00,16,2,6,0,16,2,0,0,232,1
"org.apache.solr.spelling.suggest.SortedTermFreqIteratorWrapper",1,0.00,1.00,4,0.03,223.88,1,0,3,2,4,130.27,4,6,1,2,130.04,0.00,0.50,0.00,0,0.00,1,81.36,0,0,3,org.apache.solr.spelling.suggest.BufferingTermFreqIteratorWrapper,0.00,1,1,1,0,1,1,1,1,24,1
"org.apache.solr.spelling.suggest.Suggester",6,0.29,3.83,84,1.27,54196.08,22,16,21,41,13,117.40,18,116,0,2,96.79,0.00,0.50,0.30,2,0.00,7,3818.12,1,3,13,org.apache.solr.spelling.SolrSpellChecker,0.00,35,1,23,0,35,3,0,10,684,1
"org.apache.solr.spelling.suggest.SuggesterTest",9,0.00,2.44,112,1.67,94521.95,9,0,14,41,7,98.87,6,148,0,3,98.87,0.00,0.67,0.00,4,16.00,8,5005.80,7,2,7,org.apache.solr.SolrTestCaseJ4,0.00,32,2,22,0,32,7,0,6,892,1
"org.apache.solr.spelling.suggest.SuggesterTest$Bench",0,0.00,0.00,3,0.01,63.17,2,2,14,0,0,171.00,0,5,0,1,171.00,0.00,0.00,0.00,0,0.00,0,33.69,0,0,0,java.lang.Object,0.00,0,0,0,0,0,0,0,0,12,0
"org.apache.solr.spelling.suggest.SuggesterTest$TermFreqIterator",4,0.00,1.00,13,0.09,939.42,7,3,14,9,0,134.53,0,17,0,1,134.53,0.00,0.00,0.33,0,6.00,1,271.76,0,1,0,java.lang.Object,0.00,5,0,4,0,5,3,0,0,77,0
"org.apache.solr.spelling.suggest.UnsortedTermFreqIteratorWrapper",1,0.00,1.00,4,0.02,194.90,1,0,2,2,3,130.75,4,6,1,2,130.51,0.00,0.50,0.00,0,0.00,1,72.87,0,0,2,org.apache.solr.spelling.suggest.BufferingTermFreqIteratorWrapper,0.00,1,1,1,0,1,1,0,1,22,1
"org.apache.lucene.benchmark.stats.MemUsage",2,0.67,1.00,14,0.21,7209.29,8,6,0,6,2,62.99,20,18,2,1,111.47,0.00,0.00,0.50,1,2.00,1,643.53,0,2,0,java.lang.Object,0.00,4,0,2,0,4,0,0,3,142,1
"org.apache.lucene.benchmark.stats.QueryData",3,0.20,3.33,36,0.42,22430.09,8,5,3,9,4,67.74,20,34,2,1,99.96,0.00,0.00,0.33,0,4.00,5,1260.13,0,3,2,java.lang.Object,0.00,6,0,10,0,6,0,0,8,250,1
"org.apache.lucene.benchmark.stats.TestData",31,0.02,2.16,306,4.90,669252.49,54,23,12,78,8,140.98,68,427,1,1,101.10,0.00,0.00,0.06,1,478.00,22,14688.60,0,14,7,java.lang.Object,0.00,47,0,67,0,47,17,0,29,2504,1
"org.apache.lucene.benchmark.stats.TestData$DCounter",0,0.00,0.00,3,0.02,129.73,3,3,12,0,0,171.00,0,5,0,1,171.00,0.00,0.00,0.00,0,0.00,0,51.89,0,0,0,java.lang.Object,0.00,0,0,0,0,0,0,0,0,15,2
"org.apache.lucene.benchmark.stats.TestData$LCounter",0,0.00,0.00,3,0.02,116.27,2,2,12,0,0,171.00,0,5,0,1,171.00,0.00,0.00,0.00,0,0.00,0,46.51,0,0,0,java.lang.Object,0.00,0,0,0,0,0,0,0,0,14,2
"org.apache.lucene.benchmark.stats.TestData$LDCounter",0,0.00,0.00,7,0.04,394.55,7,7,12,0,0,171.00,0,9,0,1,171.00,0.00,0.00,0.00,0,0.00,0,124.00,0,0,0,java.lang.Object,0.00,0,0,0,0,0,0,0,0,31,2
"org.apache.lucene.benchmark.stats.TestRunData",15,0.07,1.73,84,1.01,49046.17,19,4,4,35,3,167.12,17,115,1,1,117.12,0.00,0.00,0.18,3,106.00,7,3020.54,0,6,2,java.lang.Object,0.00,20,0,26,0,20,9,0,10,634,1
"org.apache.lucene.benchmark.stats.TimeData",11,0.17,1.18,43,0.38,7688.48,17,6,0,19,3,151.38,36,54,3,1,130.76,0.00,0.00,0.32,1,14.00,2,1133.23,0,4,0,java.lang.Object,0.00,8,0,13,0,8,7,0,15,283,1
"org.apache.lucene.search.highlight.DefaultEncoder",2,0.00,1.00,4,0.02,168.02,2,0,0,2,5,94.62,19,10,4,1,144.62,0.00,0.00,0.00,0,2.00,1,53.51,0,1,1,java.lang.Object,0.00,0,0,2,0,0,1,1,2,20,1
"org.apache.lucene.search.highlight.Encoder",1,0.00,1.00,2,0.01,33.58,1,0,0,1,10,191.70,22,4,10,1,147.75,0.00,0.00,0.00,0,1.00,1,23.93,0,1,0,,0.00,0,0,1,0,0,0,0,3,11,1
"org.apache.lucene.search.highlight.Formatter",1,0.00,1.00,2,0.01,41.95,1,0,0,1,10,196.48,26,4,9,1,146.99,0.00,0.00,0.00,0,1.00,1,32.46,0,1,1,,0.00,0,0,1,0,0,0,0,3,13,1
"org.apache.lucene.search.highlight.FragmentQueue",2,0.00,1.50,5,0.08,3346.88,2,0,10,3,8,134.29,0,15,1,2,134.29,0.00,0.50,0.00,0,2.00,2,251.65,1,0,7,org.apache.lucene.util.PriorityQueue,0.00,1,1,3,0,1,2,0,0,63,0
"org.apache.lucene.search.highlight.Fragmenter",2,0.00,1.00,3,0.02,72.21,2,0,1,2,14,108.74,19,4,13,1,158.73,0.00,0.00,0.00,0,2.00,1,48.14,0,0,1,,0.00,0,0,2,0,0,2,0,3,18,1
"org.apache.lucene.search.highlight.GradientFormatter",7,0.24,3.00,96,1.32,58976.06,23,16,0,19,3,50.18,58,147,1,1,98.28,0.00,0.00,0.27,4,25.00,7,3972.45,0,4,2,java.lang.Object,0.00,12,0,21,1,12,3,1,6,768,1
"org.apache.lucene.search.highlight.Highlighter",18,0.07,2.78,194,2.74,339351.68,24,6,10,68,39,51.69,144,308,21,1,99.80,0.00,0.00,0.10,4,98.00,18,8233.53,0,6,18,java.lang.Object,0.00,50,0,50,0,50,12,0,42,1412,1
"org.apache.lucene.search.highlight.HighlighterPhraseTest",5,0.00,1.20,136,2.56,78434.28,6,1,30,39,30,84.53,0,214,0,2,84.53,0.00,0.50,1.00,0,0.00,2,7669.02,0,0,30,org.apache.lucene.util.LuceneTestCase,0.00,34,1,6,0,34,5,0,0,1230,1
"org.apache.lucene.search.highlight.HighlighterPhraseTest$Collector",4,1.00,1.00,9,0.11,1309.19,5,1,30,5,2,139.97,1,19,0,1,139.97,0.00,0.00,0.00,0,4.00,1,318.68,0,0,2,java.lang.Object,0.00,1,0,4,0,1,4,0,1,82,0
"org.apache.lucene.search.highlight.HighlighterPhraseTest$TokenStreamConcurrent",3,0.10,1.33,25,0.40,11527.20,8,5,30,13,5,109.02,0,34,0,3,109.02,0.00,0.67,0.27,1,4.00,2,1202.71,0,0,5,org.apache.lucene.analysis.TokenStream,0.55,10,2,4,0,10,3,0,0,242,3
"org.apache.lucene.search.highlight.HighlighterPhraseTest$TokenStreamSparse",3,0.10,1.33,25,0.40,10771.26,8,5,30,13,5,109.25,0,34,0,3,109.25,0.00,0.67,0.27,1,4.00,2,1196.94,0,0,5,org.apache.lucene.analysis.TokenStream,0.55,10,2,4,0,10,3,0,0,239,3
"org.apache.lucene.search.highlight.HighlighterTest",61,0.08,1.80,621,9.53,432346.73,73,12,67,150,80,153.24,91,701,25,3,103.24,0.00,0.67,0.17,8,465.00,8,28591.50,2,6,55,org.apache.lucene.analysis.BaseTokenStreamTestCase,0.00,89,2,110,0,89,55,1,54,5075,1
"org.apache.lucene.search.highlight.HighlighterTest$Scorer",4,0.00,1.00,8,0.04,260.54,4,0,67,4,2,145.49,0,12,0,1,145.49,0.00,0.00,0.00,0,4.00,1,107.35,0,1,2,java.lang.Object,0.00,0,0,4,0,0,3,0,0,37,0
"org.apache.lucene.search.highlight.HighlighterTest$TestHighlightRunner",1,0.00,1.00,4,0.04,466.10,1,0,67,2,1,127.53,0,6,0,1,127.53,0.00,0.00,0.00,0,0.00,1,113.42,0,0,1,java.lang.Object,0.00,1,0,1,0,1,1,0,0,28,0
"org.apache.lucene.search.highlight.HighlighterTest$TestHighlightRunner_0",1,0.00,1.00,4,0.04,466.10,1,0,67,2,1,127.53,0,6,0,1,127.53,0.00,0.00,0.00,0,0.00,1,113.42,0,0,1,java.lang.Object,0.00,1,0,1,0,1,1,0,0,28,0
"org.apache.lucene.search.highlight.HighlighterTest$TestHighlightRunner_1",1,0.00,1.00,4,0.04,466.10,1,0,67,2,1,127.53,0,6,0,1,127.53,0.00,0.00,0.00,0,0.00,1,113.42,0,0,1,java.lang.Object,0.00,1,0,1,0,1,1,0,0,28,0
"org.apache.lucene.search.highlight.HighlighterTest$TestHighlightRunner_10",1,0.00,1.00,10,0.17,4697.05,1,0,67,9,7,154.78,1,14,0,1,104.78,0.00,0.00,0.00,0,0.00,1,513.25,0,0,7,java.lang.Object,0.00,8,0,1,0,8,1,0,1,96,0
"org.apache.lucene.search.highlight.HighlighterTest$TestHighlightRunner_11",1,0.00,1.00,11,0.16,4113.74,1,0,67,9,5,153.69,1,14,0,1,103.69,0.00,0.00,0.00,0,0.00,1,474.11,0,0,5,java.lang.Object,0.00,8,0,1,0,8,1,0,1,91,0
"org.apache.lucene.search.highlight.HighlighterTest$TestHighlightRunner_12",1,0.00,1.00,6,0.07,1108.88,1,0,67,4,1,118.00,0,9,0,1,118.00,0.00,0.00,0.00,0,0.00,1,197.46,0,0,1,java.lang.Object,0.00,3,0,1,0,3,1,0,0,43,0
"org.apache.lucene.search.highlight.HighlighterTest$TestHighlightRunner_13",1,0.00,1.00,6,0.07,1108.88,1,0,67,4,1,118.00,0,9,0,1,118.00,0.00,0.00,0.00,0,0.00,1,197.46,0,0,1,java.lang.Object,0.00,3,0,1,0,3,1,0,0,43,0
"org.apache.lucene.search.highlight.HighlighterTest$TestHighlightRunner_14",1,0.00,5.00,35,0.57,46774.68,1,0,67,11,4,76.26,0,37,0,1,76.26,0.00,0.00,0.00,0,0.00,5,1716.05,0,0,4,java.lang.Object,0.00,10,0,5,0,10,1,0,0,292,0
"org.apache.lucene.search.highlight.HighlighterTest$TestHighlightRunner_15",1,0.00,1.00,22,0.44,20680.03,1,0,67,15,6,87.18,4,26,0,1,86.94,0.00,0.00,0.00,0,0.00,1,1325.71,0,0,6,java.lang.Object,0.00,14,0,1,0,14,1,0,4,228,0
"org.apache.lucene.search.highlight.HighlighterTest$TestHighlightRunner_16",1,0.00,1.00,15,0.27,8747.92,1,0,67,12,7,146.09,1,18,0,1,96.09,0.00,0.00,0.00,0,1.00,1,802.17,0,0,7,java.lang.Object,0.00,11,0,1,0,11,1,0,1,142,0
"org.apache.lucene.search.highlight.HighlighterTest$TestHighlightRunner_17",1,0.00,3.00,14,0.22,7687.00,1,0,67,8,3,147.39,1,16,0,1,97.39,0.00,0.00,0.00,0,0.00,3,658.42,0,0,3,java.lang.Object,0.00,7,0,3,0,7,1,0,1,116,0
"org.apache.lucene.search.highlight.HighlighterTest$TestHighlightRunner_18",1,0.00,4.00,21,0.39,18098.94,1,0,67,13,5,127.72,2,23,0,1,87.83,0.00,0.00,0.00,0,0.00,4,1172.69,0,0,5,java.lang.Object,0.00,12,0,4,0,12,1,0,2,196,0
"org.apache.lucene.search.highlight.HighlighterTest$TestHighlightRunner_19",1,0.00,1.00,9,0.13,3441.64,1,0,67,7,3,147.44,2,14,0,1,107.55,0.00,0.00,0.00,0,0.00,1,393.83,0,0,3,java.lang.Object,0.00,6,0,1,0,6,1,0,2,77,0
"org.apache.lucene.search.highlight.HighlighterTest$TestHighlightRunner_2",1,0.00,1.00,6,0.07,1108.88,1,0,67,4,1,118.00,0,9,0,1,118.00,0.00,0.00,0.00,0,0.00,1,197.46,0,0,1,java.lang.Object,0.00,3,0,1,0,3,1,0,0,43,0
"org.apache.lucene.search.highlight.HighlighterTest$TestHighlightRunner_20",1,0.00,2.00,25,0.43,18142.45,1,0,67,22,6,35.16,9,28,0,1,85.16,0.00,0.00,0.00,0,1.00,2,1283.11,0,0,6,java.lang.Object,0.00,21,0,2,0,21,1,0,9,219,0
"org.apache.lucene.search.highlight.HighlighterTest$TestHighlightRunner_21",1,0.00,1.00,13,0.22,6038.40,1,0,67,16,6,99.67,0,18,0,1,99.67,0.00,0.00,0.00,0,1.00,1,672.61,0,0,6,java.lang.Object,0.00,15,0,1,0,15,1,0,0,123,0
"org.apache.lucene.search.highlight.HighlighterTest$TestHighlightRunner_22",1,0.00,5.00,22,0.40,17048.78,1,0,67,14,10,43.10,11,24,0,1,87.23,0.00,0.00,0.00,0,0.00,5,1198.69,0,0,10,java.lang.Object,0.00,13,0,5,0,13,1,0,11,194,0
"org.apache.lucene.search.highlight.HighlighterTest$TestHighlightRunner_23",1,0.00,2.00,12,0.14,4034.18,1,0,67,6,3,102.19,0,13,0,1,102.19,0.00,0.00,0.00,0,0.00,2,420.53,0,0,3,java.lang.Object,0.00,5,0,2,0,5,1,0,0,81,0
"org.apache.lucene.search.highlight.HighlighterTest$TestHighlightRunner_24",1,0.00,5.00,24,0.36,14123.64,1,0,67,11,8,126.35,2,30,0,1,86.47,0.00,0.00,0.00,0,0.00,5,1067.67,0,0,8,java.lang.Object,0.00,10,0,5,0,10,1,0,2,189,0
"org.apache.lucene.search.highlight.HighlighterTest$TestHighlightRunner_26",1,0.00,1.00,54,1.15,132697.68,1,0,67,8,6,105.92,2,56,0,1,66.04,0.00,0.00,0.00,0,1.00,1,3462.04,0,0,6,java.lang.Object,0.00,7,0,1,0,7,1,0,2,616,0
"org.apache.lucene.search.highlight.HighlighterTest$TestHighlightRunner_3",1,0.00,1.00,6,0.07,1140.58,1,0,67,4,1,117.90,0,9,0,1,117.90,0.00,0.00,0.00,0,0.00,1,204.28,0,0,1,java.lang.Object,0.00,3,0,1,0,3,1,0,0,44,0
"org.apache.lucene.search.highlight.HighlighterTest$TestHighlightRunner_4",1,0.00,1.00,6,0.07,1108.88,1,0,67,4,1,118.00,0,9,0,1,118.00,0.00,0.00,0.00,0,0.00,1,197.46,0,0,1,java.lang.Object,0.00,3,0,1,0,3,1,0,0,43,0
"org.apache.lucene.search.highlight.HighlighterTest$TestHighlightRunner_5",1,0.00,1.00,6,0.07,1108.88,1,0,67,4,1,118.00,0,9,0,1,118.00,0.00,0.00,0.00,0,0.00,1,197.46,0,0,1,java.lang.Object,0.00,3,0,1,0,3,1,0,0,43,0
"org.apache.lucene.search.highlight.HighlighterTest$TestHighlightRunner_6",1,0.00,1.00,10,0.13,2918.87,1,0,67,7,3,127.03,3,13,0,1,106.41,0.00,0.00,0.00,0,0.00,1,391.18,0,0,3,java.lang.Object,0.00,6,0,1,0,6,1,0,3,76,0
"org.apache.lucene.search.highlight.HighlighterTest$TestHighlightRunner_7",1,0.00,1.00,6,0.07,1108.88,1,0,67,4,1,168.00,1,9,0,1,118.00,0.00,0.00,0.00,0,0.00,1,197.46,0,0,1,java.lang.Object,0.00,3,0,1,0,3,1,0,1,43,0
"org.apache.lucene.search.highlight.HighlighterTest$TestHighlightRunner_8",1,0.00,1.00,8,0.13,3002.62,1,0,67,7,5,159.93,1,12,0,1,109.93,0.00,0.00,0.00,0,0.00,1,388.39,0,0,5,java.lang.Object,0.00,6,0,1,0,6,1,0,1,75,0
"org.apache.lucene.search.highlight.HighlighterTest$TestHighlightRunner_9",1,0.00,1.00,8,0.11,2015.48,1,0,67,10,6,111.29,0,10,0,1,111.29,0.00,0.00,0.00,0,0.00,1,328.00,0,0,6,java.lang.Object,0.00,9,0,1,0,9,1,0,0,68,0
"org.apache.lucene.search.highlight.HighlighterTest$TokenStream",1,1.00,2.00,33,0.42,15451.56,6,5,67,15,4,81.21,0,38,0,1,81.21,0.00,0.00,0.80,0,0.00,2,1274.60,0,0,4,java.lang.Object,0.00,14,0,2,0,14,1,0,0,240,0
"org.apache.lucene.search.highlight.HighlighterTest$TokenStream_25",1,1.00,2.00,33,0.42,15451.56,6,5,67,15,4,81.21,0,38,0,1,81.21,0.00,0.00,0.80,0,0.00,2,1274.60,0,0,4,java.lang.Object,0.00,14,0,2,0,14,1,0,0,240,0
"org.apache.lucene.search.highlight.InvalidTokenOffsetsException",1,0.00,1.00,3,0.02,106.02,1,0,0,1,5,170.64,20,7,5,2,137.25,0.00,0.50,0.00,0,1.00,1,45.51,0,0,0,java.lang.Exception,0.00,0,1,1,0,0,1,0,2,16,1
"org.apache.lucene.search.highlight.NullFragmenter",2,0.00,1.00,4,0.02,133.81,2,0,1,2,10,185.28,4,7,8,1,145.40,0.00,0.00,0.00,0,2.00,1,68.04,0,0,2,java.lang.Object,0.00,0,0,2,0,0,2,1,1,23,1
"org.apache.lucene.search.highlight.OffsetLimitTokenFilter",3,0.17,1.33,16,0.16,3406.43,6,3,4,6,7,170.80,4,23,4,4,120.80,0.00,0.75,0.44,0,1.00,2,469.12,1,0,3,org.apache.lucene.analysis.TokenFilter,0.53,3,3,4,0,3,3,0,1,109,2
"org.apache.lucene.search.highlight.OffsetLimitTokenFilterTest",1,0.00,1.00,16,0.22,8658.75,1,0,8,6,7,115.69,3,24,0,3,95.08,0.00,0.67,0.00,0,1.00,1,654.60,2,0,7,org.apache.lucene.analysis.BaseTokenStreamTestCase,0.00,5,2,1,0,5,1,0,3,135,1
"org.apache.lucene.search.highlight.OffsetLimitTokenFilterTest$Analyzer",1,0.00,1.00,5,0.06,1141.76,1,0,8,4,3,120.85,0,7,0,1,120.85,0.00,0.00,0.00,0,1.00,1,175.37,0,1,3,java.lang.Object,0.00,3,0,1,0,3,0,0,0,41,0
"org.apache.lucene.search.highlight.PositionSpan",1,2.00,1.00,6,0.03,519.81,3,2,3,1,4,120.59,0,8,4,1,120.59,0.00,0.00,0.00,0,1.00,1,102.88,0,0,0,java.lang.Object,0.00,0,0,1,0,0,1,0,0,32,0
"org.apache.lucene.search.highlight.QueryScorer",18,0.04,1.56,95,1.04,27785.64,33,15,14,41,23,119.95,84,126,10,1,119.72,0.00,0.00,0.10,2,118.00,4,3116.40,0,3,13,java.lang.Object,0.00,23,0,28,0,23,15,1,20,665,1
"org.apache.lucene.search.highlight.QueryTermExtractor",7,0.00,2.57,46,0.78,36105.42,7,0,10,25,9,70.23,53,82,1,1,112.52,0.00,0.00,0.00,3,7.00,6,2328.82,0,4,8,java.lang.Object,0.00,18,0,18,0,18,3,0,11,445,2
"org.apache.lucene.search.highlight.QueryTermScorer",10,0.04,1.40,44,0.47,12374.56,16,6,6,23,13,91.89,60,58,5,1,124.11,0.00,0.00,0.20,0,34.00,3,1399.55,0,1,8,java.lang.Object,0.00,13,0,14,0,13,9,1,17,313,1
"org.apache.lucene.search.highlight.Scorer",4,0.00,1.00,5,0.03,143.81,4,0,2,4,7,110.64,33,6,5,1,158.75,0.00,0.00,0.00,0,4.00,1,77.87,0,1,2,,0.00,0,0,4,0,0,3,0,5,30,1
"org.apache.lucene.search.highlight.SimpleFragmenter",6,0.10,1.17,21,0.15,2457.28,10,4,2,8,12,153.21,20,29,9,1,132.60,0.00,0.00,0.33,0,10.00,2,460.63,0,0,3,java.lang.Object,0.00,2,0,7,1,2,6,1,6,120,1
"org.apache.lucene.search.highlight.SimpleHTMLEncoder",3,0.00,3.33,27,0.29,19022.81,3,0,0,9,6,62.90,22,47,5,1,105.19,0.00,0.00,0.00,1,3.00,8,882.54,0,2,1,java.lang.Object,0.00,6,0,10,0,6,1,1,3,169,1
"org.apache.lucene.search.highlight.SimpleHTMLFormatter",3,0.12,1.33,18,0.18,4973.57,7,4,0,8,13,68.45,26,23,11,1,116.55,0.00,0.00,0.33,0,5.00,2,544.46,0,1,2,java.lang.Object,0.00,5,0,4,0,5,2,1,6,129,1
"org.apache.lucene.search.highlight.SimpleSpanFragmenter",4,0.40,2.50,43,0.50,20261.08,14,10,6,12,10,104.55,17,51,1,1,104.31,0.00,0.00,0.40,0,6.00,7,1514.42,0,0,9,java.lang.Object,0.00,8,0,10,0,8,4,1,5,296,1
"org.apache.lucene.search.highlight.SpanGradientFormatter",2,0.50,3.00,24,0.29,10694.80,4,2,0,7,2,71.75,26,43,0,2,101.13,0.00,0.50,0.25,0,2.00,5,883.58,2,1,2,org.apache.lucene.search.highlight.GradientFormatter,0.00,5,1,6,0,5,1,0,4,180,1
"org.apache.lucene.search.highlight.SynonymAnalyzer",2,1.00,1.50,13,0.16,4273.44,3,1,67,7,45,136.27,6,19,1,2,115.66,0.00,0.50,0.50,0,2.00,2,481.01,0,1,44,org.apache.lucene.analysis.Analyzer,0.00,5,1,3,0,5,1,0,1,103,1
"org.apache.lucene.search.highlight.SynonymTokenizer",2,1.40,3.50,48,0.62,22653.58,12,10,67,24,44,87.30,1,57,1,3,87.30,0.00,0.67,0.80,0,0.00,6,1846.10,0,0,43,org.apache.lucene.analysis.TokenStream,0.30,22,2,7,0,22,2,0,1,344,1
"org.apache.lucene.search.highlight.SynonymTokenizer$TestHighlightRunner_27",7,0.21,2.57,52,0.71,19393.51,11,4,67,20,15,112.15,0,64,0,1,112.15,0.00,0.00,0.43,3,3.00,5,2127.32,0,3,15,java.lang.Object,0.00,13,0,18,0,13,4,0,0,416,2
"org.apache.lucene.search.highlight.TextFragment",8,0.00,1.00,28,0.21,3018.55,13,5,0,11,14,133.15,38,46,14,1,132.91,0.00,0.00,0.20,0,26.00,1,620.00,0,1,0,java.lang.Object,0.00,3,0,8,0,3,7,0,7,169,1
"org.apache.lucene.search.highlight.TokenGroup",10,0.13,1.40,55,0.50,19712.27,21,11,4,18,10,158.79,25,71,6,1,118.90,0.00,0.00,0.21,0,38.00,5,1514.47,0,1,4,java.lang.Object,0.00,8,0,14,0,8,9,0,7,329,1
"org.apache.lucene.search.highlight.TokenSourcesTest",4,0.00,1.00,102,1.88,51831.36,5,1,26,33,27,107.08,13,171,0,2,86.47,0.00,0.50,1.00,0,0.00,1,5638.90,0,0,27,org.apache.lucene.util.LuceneTestCase,0.00,29,1,4,0,29,4,0,13,917,1
"org.apache.lucene.search.highlight.TokenSourcesTest$OverlapAnalyzer",1,0.00,1.00,3,0.03,333.52,1,0,26,2,2,133.33,0,6,0,2,133.33,0.00,0.50,0.00,0,1.00,1,90.42,0,1,2,org.apache.lucene.analysis.Analyzer,0.00,1,1,1,0,1,0,0,0,25,3
"org.apache.lucene.search.highlight.TokenSourcesTest$TokenStreamOverlap",3,0.10,1.33,27,0.46,13365.75,8,5,26,13,5,106.60,0,36,0,3,106.60,0.00,0.67,0.27,1,4.00,2,1377.76,0,0,5,org.apache.lucene.analysis.TokenStream,0.55,10,2,4,0,10,3,0,0,269,3
"org.apache.lucene.search.highlight.TokenStreamFromTermPositionVector",3,0.30,2.67,50,0.70,33520.64,8,5,13,28,8,114.59,9,57,0,3,93.98,0.00,0.67,0.40,0,1.00,5,2093.67,0,0,8,org.apache.lucene.analysis.TokenStream,0.55,25,2,8,0,25,3,0,4,381,2
"org.apache.lucene.search.highlight.TokenStreamFromTermPositionVector$Comparator<Token>",1,0.00,1.00,3,0.03,607.54,1,0,13,2,1,131.28,0,4,0,1,131.28,0.00,0.00,0.00,0,1.00,1,103.41,0,0,1,java.lang.Object,0.00,1,0,1,0,1,1,0,0,29,0
"org.apache.lucene.search.highlight.WeightedSpanTerm",7,0.33,1.29,24,0.25,5044.95,9,2,3,11,8,151.26,24,34,6,2,130.64,0.00,0.50,0.21,0,18.00,3,744.79,0,1,2,org.apache.lucene.search.highlight.WeightedTerm,0.00,4,1,9,0,4,6,0,8,177,1
"org.apache.lucene.search.highlight.WeightedSpanTermExtractor",19,0.03,4.58,289,4.09,381108.85,27,8,26,94,28,75.03,103,339,1,1,92.90,0.00,0.00,0.10,9,144.00,28,12265.21,0,5,27,java.lang.Object,0.00,75,0,87,0,75,14,0,19,2078,1
"org.apache.lucene.search.highlight.WeightedSpanTermExtractor$FakeReader",2,0.00,1.50,8,0.10,2845.93,4,2,26,6,5,123.62,1,14,0,3,123.62,0.00,0.67,0.50,0,2.00,2,301.96,1,1,5,org.apache.lucene.index.FilterIndexReader,0.00,4,2,3,0,4,1,0,1,71,2
"org.apache.lucene.search.highlight.WeightedSpanTermExtractor$PositionCheckingMap",2,0.00,4.50,13,0.18,5477.31,2,0,26,2,1,114.56,0,18,0,2,114.56,0.00,0.50,0.00,0,2.00,6,540.21,1,1,1,java.util.HashMap,0.00,0,1,9,0,0,1,0,0,120,2
"org.apache.lucene.search.highlight.WeightedTerm",5,0.38,1.00,14,0.08,974.53,7,2,0,5,4,109.52,32,26,4,1,141.74,0.00,0.00,0.20,0,11.00,1,250.85,0,1,0,java.lang.Object,0.00,0,0,5,1,0,4,0,8,75,1
"org.apache.solr.BaseDistributedSearchTestCase",31,0.01,3.13,340,4.72,314402.24,55,24,19,107,16,151.89,45,379,4,3,101.89,2.00,0.29,0.06,14,416.00,16,14150.64,2,14,12,org.apache.solr.SolrTestCaseJ4,0.07,76,2,97,4,76,17,0,26,2620,2
"org.apache.solr.BaseDistributedSearchTestCase$RandDate",1,0.00,1.00,6,0.07,1176.00,2,1,19,4,1,117.79,0,9,0,2,117.79,0.00,0.50,1.00,0,0.00,1,196.89,0,1,1,org.apache.solr.RandVal,0.00,3,1,1,0,3,0,0,0,48,2
"org.apache.solr.BaseDistributedSearchTestCase$RandVal",1,0.00,1.00,3,0.02,222.80,1,0,19,1,0,134.71,0,5,0,1,134.71,0.00,0.00,0.00,0,0.00,1,58.19,0,1,0,java.lang.Object,0.00,0,0,1,0,0,0,0,0,18,0
"org.apache.solr.BaseDistributedSearchTestCase$RandVal_0",1,0.00,1.00,3,0.02,222.80,1,0,19,1,0,134.71,0,5,0,1,134.71,0.00,0.00,0.00,0,0.00,1,58.19,0,1,0,java.lang.Object,0.00,0,0,1,0,0,0,0,0,18,0
"org.apache.solr.BaseDistributedSearchTestCase$RandVal_1",1,0.00,1.00,3,0.02,222.80,1,0,19,1,0,134.71,0,5,0,1,134.71,0.00,0.00,0.00,0,0.00,1,58.19,0,1,0,java.lang.Object,0.00,0,0,1,0,0,0,0,0,18,0
"org.apache.solr.BaseDistributedSearchTestCase$RandVal_2",1,0.00,1.00,3,0.02,222.80,1,0,19,1,0,134.71,0,5,0,1,134.71,0.00,0.00,0.00,0,0.00,1,58.19,0,1,0,java.lang.Object,0.00,0,0,1,0,0,0,0,0,18,0
"org.apache.solr.BaseDistributedSearchTestCase$RandVal_3",2,0.50,2.00,11,0.07,1148.68,4,2,19,4,0,123.04,0,11,0,1,123.04,0.00,0.00,0.25,1,2.00,3,213.09,0,2,0,java.lang.Object,0.00,2,0,4,0,2,0,0,0,56,3
"org.apache.solr.BaseDistributedSearchTestCase$Thread",1,0.00,4.00,13,0.14,4176.98,1,0,19,5,3,100.62,0,16,0,1,100.62,0.00,0.00,0.00,0,0.00,4,420.53,0,0,3,java.lang.Object,0.00,4,0,4,0,4,1,0,0,81,0
"org.apache.solr.BasicFunctionalityTest",23,0.00,1.22,290,4.94,185880.87,23,0,35,113,27,120.54,74,487,0,3,99.93,0.00,0.67,0.00,0,114.00,2,14824.98,12,2,27,org.apache.solr.SolrTestCaseJ4,0.00,90,2,28,0,90,21,0,44,2600,1
"org.apache.solr.BasicFunctionalityTest$RequestHandlerBase",5,0.00,1.00,11,0.08,840.12,5,0,35,6,2,142.25,0,14,0,1,142.25,0.00,0.00,0.00,0,5.00,1,226.16,0,4,2,java.lang.Object,0.00,1,0,5,0,1,1,0,0,66,0
"org.apache.solr.CollectionTester",15,0.02,4.40,190,2.54,188688.00,23,8,3,54,2,98.12,8,227,1,1,98.12,0.00,0.00,0.14,10,71.00,24,7615.08,0,4,2,java.lang.Object,0.00,39,0,66,0,39,11,0,8,1373,0
"org.apache.solr.ConvertedLegacyTest",2,0.00,1.00,542,10.34,626789.18,2,0,4,6,3,44.23,70,1127,0,3,36.96,0.00,0.67,0.00,0,2.00,1,31029.03,7,0,3,org.apache.solr.SolrTestCaseJ4,0.00,4,2,2,0,4,2,0,65,3489,1
"org.apache.solr.DisMaxRequestHandlerTest",6,0.00,1.00,37,0.89,18844.45,6,0,3,15,1,164.43,6,169,0,3,114.43,0.00,0.67,0.00,1,6.00,1,2659.99,5,0,1,org.apache.solr.SolrTestCaseJ4,0.00,9,2,6,0,9,6,0,4,479,1
"org.apache.solr.EchoParamsTest",5,0.25,1.00,25,0.33,5235.85,6,1,2,8,1,121.14,1,42,0,3,121.14,0.00,0.67,0.80,0,0.00,1,1002.90,3,0,1,org.apache.solr.SolrTestCaseJ4,0.00,3,2,5,0,3,5,0,1,220,1
"org.apache.solr.JSONTestUtil",6,0.60,1.83,26,0.43,15829.65,7,1,3,14,3,103.59,35,35,2,1,121.46,0.00,0.00,0.50,2,6.00,4,1289.14,0,6,2,java.lang.Object,0.00,8,0,11,0,8,0,0,7,274,1
"org.apache.solr.MinimalSchemaTest",4,0.00,1.75,24,0.38,8754.40,4,0,3,14,1,97.67,21,66,0,3,115.54,0.00,0.67,0.00,0,4.00,4,1132.17,5,0,1,org.apache.solr.SolrTestCaseJ4,0.00,10,2,7,0,10,4,0,6,227,1
"org.apache.solr.OutputWriterTest",5,1.00,1.00,35,0.45,10051.14,6,1,8,11,5,153.35,13,46,0,3,113.46,0.00,0.67,0.20,0,0.00,1,1353.11,3,0,5,org.apache.solr.SolrTestCaseJ4,0.00,6,2,5,0,6,5,0,10,294,1
"org.apache.solr.OutputWriterTest$UselessOutputWriter",4,0.00,1.00,7,0.06,471.75,4,0,8,5,4,154.69,0,11,0,1,154.69,0.00,0.00,0.00,0,8.00,1,166.32,0,1,4,java.lang.Object,0.00,1,0,4,0,1,3,1,0,49,2
"org.apache.solr.SampleTest",3,0.00,1.00,22,0.35,5756.65,3,0,4,8,2,65.52,26,55,0,3,113.62,0.00,0.67,0.00,0,1.00,1,1043.06,7,0,2,org.apache.solr.SolrTestCaseJ4,0.00,5,2,3,0,5,3,0,9,195,1
"org.apache.solr.SolrInfoMBeanTest",3,0.00,4.33,50,0.88,58358.28,3,0,13,38,8,92.21,14,65,0,3,91.97,0.00,0.67,0.00,1,4.00,7,2648.29,1,1,8,org.apache.solr.SolrTestCaseJ4,0.00,35,2,13,0,35,2,0,9,453,1
"org.apache.solr.SolrTestCaseJ4",55,0.01,2.47,411,5.84,287694.92,68,13,32,182,97,130.60,175,535,78,2,109.98,121.00,0.01,0.06,27,894.00,10,17508.77,2,26,19,org.apache.lucene.util.LuceneTestCase,0.00,127,1,136,121,127,29,0,63,3331,2
"org.apache.solr.SolrTestCaseJ4$Comparator<Doc>",1,0.00,1.00,3,0.03,564.84,1,0,32,1,0,131.53,0,4,0,1,131.53,0.00,0.00,0.00,0,1.00,1,101.70,0,0,0,java.lang.Object,0.00,0,0,1,0,0,1,0,0,28,0
"org.apache.solr.SolrTestCaseJ4$Comparator<Doc>_0",2,0.00,10.00,28,0.39,20250.60,2,0,32,4,0,96.18,1,35,0,1,96.18,0.00,0.00,0.00,0,2.00,10,1182.91,0,1,0,java.lang.Object,0.00,2,0,20,0,2,1,0,1,243,0
"org.apache.solr.SolrTestCaseJ4$Comparator<Doc>_1",1,0.00,3.00,8,0.08,3743.11,1,0,32,2,0,108.92,0,9,0,1,108.92,0.00,0.00,0.00,0,1.00,3,251.84,0,0,0,java.lang.Object,0.00,1,0,3,0,1,1,0,0,57,0
"org.apache.solr.SolrTestCaseJ4$Doc",7,0.17,2.00,34,0.48,16376.79,10,3,32,20,2,121.85,1,46,0,1,121.85,0.00,0.00,0.19,2,18.00,3,1443.44,0,4,2,java.lang.Object,0.00,13,0,14,0,13,3,1,1,314,2
"org.apache.solr.SolrTestCaseJ4$FVal",3,0.25,1.33,11,0.09,1836.28,5,2,32,4,0,131.19,0,16,0,2,131.19,0.00,0.50,0.33,1,4.00,2,276.27,0,1,0,org.apache.solr.Vals,0.00,1,1,4,0,1,2,0,0,75,2
"org.apache.solr.SolrTestCaseJ4$Fld",1,0.00,2.00,5,0.08,1553.12,3,2,32,5,0,119.64,0,8,0,1,119.64,0.00,0.00,1.00,0,0.00,2,231.61,0,1,0,java.lang.Object,0.00,4,0,2,0,4,0,0,0,55,2
"org.apache.solr.SolrTestCaseJ4$FldType",5,0.25,1.60,29,0.25,7047.42,8,3,32,9,0,120.02,0,32,0,1,120.02,0.00,0.00,0.13,1,14.00,3,743.31,0,3,0,java.lang.Object,0.00,4,0,8,0,4,2,0,0,176,0
"org.apache.solr.SolrTestCaseJ4$IRange",3,0.25,1.00,10,0.07,1037.76,5,2,32,4,0,133.21,0,16,0,2,133.21,0.00,0.50,0.33,1,4.00,1,220.19,0,1,0,org.apache.solr.IVals,0.00,1,1,3,0,1,2,0,0,63,2
"org.apache.solr.SolrTestCaseJ4$IVals",1,0.00,1.00,2,0.01,103.02,1,0,32,1,0,143.92,0,3,0,2,143.92,0.00,0.50,0.00,0,1.00,1,39.51,0,0,0,org.apache.solr.Vals,0.00,0,1,1,0,0,1,0,0,14,3
"org.apache.solr.SolrTestCaseJ4$SVal",3,0.12,1.33,20,0.17,4255.35,7,4,32,5,0,117.09,0,23,0,2,117.09,0.00,0.50,0.33,0,4.00,2,519.77,0,1,0,org.apache.solr.Vals,0.00,2,1,4,0,2,2,0,0,124,2
"org.apache.solr.SolrTestCaseJ4$Vals",3,0.00,1.33,6,0.07,1649.28,3,0,32,5,0,138.13,0,9,0,1,138.13,0.00,0.00,0.00,0,3.00,2,196.21,0,2,0,java.lang.Object,0.00,2,0,4,0,2,1,0,0,54,3
"org.apache.solr.SolrTestCaseJ4$XmlDoc",1,0.00,1.00,4,0.02,212.03,2,1,32,1,0,130.22,0,5,0,1,130.22,0.00,0.00,1.00,0,0.00,1,66.54,0,1,0,java.lang.Object,0.00,0,0,1,0,0,0,0,0,21,2
"org.apache.solr.TestDistributedSearch",1,10.00,10.00,121,2.67,320067.93,16,15,0,7,3,-0.35,50,132,2,4,49.43,0.00,0.75,0.33,0,0.00,10,8013.68,6,0,1,org.apache.solr.BaseDistributedSearchTestCase,0.05,6,3,10,0,6,1,0,32,1094,1
"org.apache.solr.TestPluginEnable",3,0.00,1.00,8,0.07,757.48,3,0,2,7,2,180.74,6,14,0,3,140.85,0.00,0.67,0.00,0,4.00,1,204.59,0,2,2,org.apache.solr.util.AbstractSolrTestCase,0.17,4,2,3,0,4,1,0,1,57,1
"org.apache.solr.TestSolrCoreProperties",10,0.06,1.10,63,0.73,15531.00,16,6,11,41,7,166.82,10,75,0,2,116.82,0.00,0.50,0.22,4,50.00,2,2193.20,2,5,7,org.apache.lucene.util.LuceneTestCase,0.00,31,1,11,0,31,5,0,2,451,1
"org.apache.solr.TestTrie",13,0.00,2.31,173,3.38,188229.26,13,0,11,25,6,136.38,26,197,0,3,96.49,0.00,0.67,0.00,3,24.00,6,10136.66,8,0,6,org.apache.solr.SolrTestCaseJ4,0.04,12,2,30,0,12,13,0,21,1717,1
"org.apache.lucene.benchmark.utils.ExtractReuters",5,0.04,3.40,72,0.98,52435.45,11,6,8,36,1,116.92,19,86,1,1,96.30,0.00,0.00,0.20,2,11.00,8,2952.11,0,0,0,java.lang.Object,0.00,31,0,17,0,31,5,0,12,536,1
"org.apache.lucene.benchmark.utils.ExtractReuters$FileFilter",1,0.00,1.00,3,0.02,227.68,1,0,8,3,0,134.64,0,4,0,1,134.64,0.00,0.00,0.00,0,1.00,1,70.91,0,0,0,java.lang.Object,0.00,2,0,1,0,2,1,0,0,21,0
"org.apache.lucene.benchmark.utils.ExtractWikipedia",6,0.15,3.00,86,1.17,55182.14,10,4,8,34,5,96.78,4,101,1,1,96.78,0.00,0.00,0.12,3,14.00,6,3522.10,0,1,4,java.lang.Object,0.00,28,0,18,0,28,5,0,2,654,1
"org.apache.lucene.spatial.tier.projections.CartesianTierPlotter",12,0.05,1.08,48,0.55,11052.10,20,8,0,23,3,125.42,50,64,2,1,125.18,0.00,0.00,0.08,5,62.00,2,1636.59,0,2,1,java.lang.Object,0.00,11,0,13,0,11,10,0,12,381,1
"org.apache.lucene.spatial.tier.projections.Deprecated",2,0.00,1.00,9,0.09,2597.96,2,0,0,4,1,91.80,13,12,0,1,124.02,0.00,0.00,0.00,0,2.00,1,284.61,0,1,1,java.lang.Object,0.00,2,0,2,0,2,1,1,1,71,1
"org.apache.lucene.spatial.tier.projections.IProjector",2,0.00,1.00,3,0.02,150.60,2,0,0,2,3,196.11,5,4,3,1,156.22,0.00,0.00,0.00,0,2.00,1,65.00,0,1,0,,0.00,0,0,2,0,0,1,0,1,23,1
"org.apache.lucene.spatial.tier.projections.SinusoidalProjectorTest",1,0.00,1.00,3,0.03,376.22,1,0,2,2,0,176.86,22,6,0,2,132.92,0.00,0.50,0.00,0,1.00,1,80.23,0,0,0,org.apache.lucene.util.LuceneTestCase,0.00,1,1,1,0,1,1,0,3,23,1
"org.apache.lucene.queryParser.complexPhrase.ComplexPhraseQueryParser",9,0.04,2.00,57,0.67,19107.24,12,3,21,20,18,97.74,51,93,1,2,115.61,0.00,0.50,0.37,1,0.00,3,2005.08,8,7,17,org.apache.lucene.queryParser.QueryParser,0.00,11,1,18,0,11,2,0,28,427,1
"org.apache.lucene.queryParser.complexPhrase.ComplexPhraseQueryParser$ComplexPhraseQuery",7,0.25,5.14,113,1.72,131624.55,11,4,21,32,13,92.28,29,157,0,2,92.05,0.00,0.50,0.46,1,0.00,12,5159.18,0,2,13,org.apache.lucene.search.Query,0.10,25,1,36,0,25,5,0,29,911,1
"org.apache.lucene.queryParser.complexPhrase.TestComplexPhraseQuery",5,0.30,2.00,66,0.89,28372.71,10,5,13,32,12,120.34,18,78,0,2,99.73,0.00,0.50,0.44,2,0.00,4,2669.20,2,0,12,org.apache.lucene.util.LuceneTestCase,0.00,27,1,10,0,27,5,0,18,494,1
"org.apache.lucene.queryParser.complexPhrase.TestComplexPhraseQuery$DocData",1,2.00,1.00,7,0.04,592.22,3,2,13,1,0,117.64,0,9,0,1,117.64,0.00,0.00,0.00,0,1.00,1,121.45,0,0,0,java.lang.Object,0.00,0,0,1,0,0,1,0,0,36,1
"org.apache.lucene.queryParser.standard.parser.EscapeQuerySyntaxImpl",8,0.05,5.50,146,2.02,195171.83,14,6,5,28,12,57.01,54,180,7,1,89.23,0.00,0.00,0.12,2,34.00,12,6068.94,0,7,5,java.lang.Object,0.00,20,0,44,0,20,1,1,28,1112,1
"org.apache.lucene.queryParser.standard.parser.JavaCharStream",39,0.10,2.18,267,3.57,243220.54,57,18,0,47,2,161.91,49,479,2,1,111.91,0.00,0.00,0.15,9,189.00,15,10717.33,0,1,0,java.lang.Object,0.00,8,0,85,0,8,38,0,38,2144,1
"org.apache.lucene.queryParser.standard.parser.ParseException",5,5.00,3.00,88,1.12,86343.00,10,5,4,15,8,62.10,69,105,3,4,91.48,0.00,0.75,0.00,0,5.00,9,3348.03,0,2,5,org.apache.lucene.queryParser.core.QueryNodeParseException,0.00,10,3,15,0,10,3,0,11,593,1
"org.apache.lucene.queryParser.standard.parser.StandardSyntaxParser",33,0.10,5.91,587,7.78,826761.97,56,23,27,82,34,129.94,84,715,5,1,90.05,0.00,0.00,0.14,10,0.00,50,23352.25,0,10,29,java.lang.Object,0.00,49,0,195,0,49,23,2,75,4026,1
"org.apache.lucene.queryParser.standard.parser.StandardSyntaxParser$JJCalls",0,0.00,0.00,5,0.03,253.51,4,4,27,0,1,171.00,0,6,0,1,171.00,0.00,0.00,0.00,0,0.00,0,78.87,0,0,1,java.lang.Object,0.00,0,0,0,0,0,0,0,0,22,2
"org.apache.lucene.queryParser.standard.parser.StandardSyntaxParser$LookaheadSuccess",0,0.00,0.00,1,0.01,145.30,0,0,27,0,0,171.00,0,1,0,2,171.00,0.00,0.50,0.00,0,0.00,0,41.51,0,0,0,java.lang.Error,0.00,0,1,0,0,0,0,0,0,12,3
"org.apache.lucene.queryParser.standard.parser.StandardSyntaxParserConstants",0,0.00,0.00,36,0.55,6890.24,35,35,0,0,2,171.00,39,69,2,1,171.00,0.00,0.00,0.00,0,0.00,0,1655.01,0,0,0,,0.00,0,0,0,0,0,0,0,36,247,1
"org.apache.lucene.queryParser.standard.parser.StandardSyntaxParserTokenManager",35,0.06,8.54,602,8.72,1269624.56,56,21,27,46,27,88.70,12,1045,1,1,88.70,0.00,0.00,0.11,19,350.00,117,26162.49,0,0,26,java.lang.Object,0.00,11,0,299,0,11,35,1,12,4316,1
"org.apache.lucene.queryParser.standard.parser.SuppressWarnings",6,0.20,1.50,48,0.66,33774.42,11,5,0,14,0,59.58,51,72,0,2,107.69,0.00,0.50,0.03,1,10.00,3,1967.96,1,3,0,java.lang.Error,0.00,8,1,9,0,8,3,0,14,375,1
"org.apache.lucene.queryParser.standard.parser.Token",7,0.12,1.00,24,0.16,1989.42,15,8,0,8,5,83.88,67,38,5,1,133.88,0.00,0.00,0.02,1,12.00,1,468.86,0,4,0,java.lang.Object,0.00,1,0,7,0,1,3,0,15,131,1
"org.apache.lucene.analysis.wikipedia.WikipediaTokenizer",13,0.03,1.85,150,2.47,104132.11,55,42,10,44,11,69.05,81,191,4,4,101.27,0.00,0.75,0.05,6,33.00,6,7407.83,2,0,8,org.apache.lucene.analysis.Tokenizer,0.40,31,3,24,0,31,13,0,31,1259,2
"org.apache.lucene.analysis.wikipedia.WikipediaTokenizerImpl",27,0.04,3.63,475,7.23,445046.14,92,65,1,37,2,49.31,193,698,1,1,91.60,0.00,0.00,0.06,3,319.00,58,21692.59,0,1,2,java.lang.Object,0.00,10,0,98,0,10,26,0,79,3138,0
"org.apache.lucene.analysis.wikipedia.WikipediaTokenizerTest",7,0.83,1.14,61,1.76,60642.53,8,1,7,20,3,156.27,7,126,0,3,106.27,0.00,0.67,0.29,1,13.00,2,5276.88,1,0,3,org.apache.lucene.analysis.BaseTokenStreamTestCase,0.00,13,2,8,0,13,7,0,5,864,1
"org.apache.lucene.analysis.standard.ClassicAnalyzer",7,0.04,1.14,26,0.29,5489.74,11,4,11,16,11,82.27,56,35,2,4,130.38,0.00,0.75,0.21,0,16.00,2,861.11,0,0,9,org.apache.lucene.analysis.StopwordAnalyzerBase,0.00,9,3,8,0,9,7,0,10,200,2
"org.apache.lucene.analysis.standard.ClassicAnalyzer$TokenStreamComponents",1,0.00,1.00,4,0.05,764.47,1,0,11,2,1,125.84,0,6,0,1,125.84,0.00,0.00,0.00,0,1.00,1,147.28,1,0,1,java.lang.Object,0.00,1,0,1,0,1,1,0,0,36,0
"org.apache.lucene.analysis.standard.ClassicFilter",2,0.50,3.50,25,0.39,24010.30,6,4,4,7,7,80.46,10,33,2,4,98.33,0.00,0.75,0.50,0,2.00,6,1181.01,0,0,5,org.apache.lucene.analysis.TokenFilter,0.29,5,3,7,0,5,2,0,7,221,1
"org.apache.lucene.analysis.standard.ClassicTokenizer",11,0.01,1.55,70,0.93,30287.15,28,17,9,24,15,72.49,79,104,5,4,114.78,0.00,0.75,0.07,1,37.00,6,2776.43,2,0,10,org.apache.lucene.analysis.Tokenizer,0.29,13,3,17,0,13,11,0,21,538,2
"org.apache.lucene.analysis.standard.ClassicTokenizerImpl",24,0.05,2.46,254,3.82,189159.19,66,42,2,33,4,60.51,179,440,2,1,102.81,0.00,0.00,0.07,2,234.00,22,11468.92,0,1,3,java.lang.Object,0.00,9,0,59,0,9,23,1,68,1924,0
"org.apache.lucene.analysis.standard.GenerateJflexTLDMacros",6,0.11,2.50,91,1.48,69620.48,13,7,17,50,1,62.69,36,130,1,1,94.91,0.00,0.00,0.24,3,10.00,4,4437.09,0,2,0,java.lang.Object,0.00,44,0,15,0,44,4,0,5,793,1
"org.apache.lucene.analysis.standard.StandardAnalyzer",7,0.04,1.14,26,0.29,5607.51,11,4,6,16,79,88.01,54,35,71,4,130.31,0.00,0.75,0.21,0,16.00,2,866.02,0,1,9,org.apache.lucene.analysis.StopwordAnalyzerBase,0.00,9,3,8,0,9,6,0,10,201,2
"org.apache.lucene.analysis.standard.StandardAnalyzer$TokenStreamComponents",1,0.00,1.00,4,0.05,764.47,1,0,6,2,1,125.84,0,6,0,1,125.84,0.00,0.00,0.00,0,1.00,1,147.28,1,0,1,java.lang.Object,0.00,1,0,1,0,1,1,0,0,36,0
"org.apache.lucene.analysis.standard.StandardFilter",4,0.07,2.50,32,0.47,23890.71,9,5,6,10,39,147.25,9,45,33,4,107.37,0.00,0.75,0.25,0,4.00,6,1403.15,0,0,6,org.apache.lucene.analysis.TokenFilter,0.25,6,3,10,0,6,4,0,7,275,1
"org.apache.lucene.analysis.standard.StandardTokenizer",11,0.01,1.64,75,1.10,37602.47,33,22,9,25,71,81.81,75,120,63,4,114.03,0.00,0.75,0.05,1,37.00,6,3312.94,2,0,11,org.apache.lucene.analysis.Tokenizer,0.29,14,3,18,0,14,11,0,26,616,2
"org.apache.lucene.analysis.standard.StandardTokenizerImpl",24,0.05,2.38,245,6.05,237327.97,63,39,1,33,3,53.93,198,779,1,1,102.04,0.00,0.00,0.07,2,234.00,20,18137.44,0,1,3,java.lang.Object,0.00,9,0,57,0,9,23,1,71,2565,2
"org.apache.lucene.analysis.standard.StandardTokenizerInterface",5,1.00,1.00,7,0.04,256.70,6,1,3,5,5,139.66,27,8,4,1,157.53,0.00,0.00,0.00,0,5.00,1,109.13,0,0,1,,0.00,0,0,5,0,0,5,0,6,39,0
"org.apache.lucene.analysis.standard.UAX29URLEmailTokenizer",30,0.04,2.50,287,26.97,905482.27,77,47,8,43,15,57.63,238,3405,7,4,99.92,0.00,0.75,0.06,6,418.00,31,80916.86,2,1,8,org.apache.lucene.analysis.Tokenizer,0.17,13,3,75,0,13,29,0,84,8050,2
"org.apache.lucene.analysis.it.ItalianAnalyzer",5,0.25,2.00,24,0.42,10955.81,8,3,19,20,16,73.60,50,40,1,4,122.08,0.00,0.75,0.13,0,8.00,3,1274.95,0,2,15,org.apache.lucene.analysis.StopwordAnalyzerBase,0.00,15,3,10,0,15,3,0,8,255,2
"org.apache.lucene.analysis.it.ItalianAnalyzer$DefaultSetHolder",0,0.00,0.00,6,0.05,843.89,1,1,19,0,2,171.00,2,11,0,1,171.00,0.00,0.00,0.00,0,0.00,0,162.56,0,0,2,java.lang.Object,0.00,0,0,0,0,0,0,0,2,40,2
"org.apache.lucene.analysis.it.ItalianLightStemFilter",2,0.33,2.00,14,0.16,3794.18,5,3,6,9,8,113.74,9,20,2,4,113.50,0.00,0.75,0.50,0,2.00,3,481.98,0,0,6,org.apache.lucene.analysis.TokenFilter,0.29,7,3,4,0,7,2,0,1,107,2
"org.apache.lucene.analysis.it.ItalianLightStemmer",1,0.00,14.00,23,0.50,39068.30,1,0,0,1,1,46.57,56,52,1,1,83.44,0.00,0.00,0.00,0,1.00,14,1488.03,0,0,0,java.lang.Object,0.00,0,0,14,0,0,1,0,4,260,1
"org.apache.lucene.analysis.it.TestItalianAnalyzer",6,0.00,1.00,24,0.28,4913.72,6,0,6,11,4,175.60,9,32,0,3,125.60,0.00,0.67,0.00,0,6.00,1,840.89,2,0,4,org.apache.lucene.analysis.BaseTokenStreamTestCase,0.00,5,2,6,0,5,6,0,8,193,1
"org.apache.lucene.analysis.it.TestItalianLightStemFilter",2,0.00,1.00,7,0.06,584.23,2,0,8,5,5,173.67,5,11,0,3,133.79,0.00,0.67,0.00,0,2.00,1,173.53,0,0,5,org.apache.lucene.analysis.BaseTokenStreamTestCase,0.00,3,2,2,0,3,2,0,3,46,1
"org.apache.lucene.analysis.it.TestItalianLightStemFilter$ReusableAnalyzerBase",1,0.00,1.00,4,0.05,1009.20,1,0,8,4,3,124.89,0,7,0,1,124.89,0.00,0.00,0.00,0,1.00,1,159.62,0,1,3,java.lang.Object,0.00,3,0,1,0,3,0,0,0,38,0
"org.apache.lucene.index.AbstractAllTermDocs",10,0.28,1.50,37,0.30,9233.76,12,2,1,11,5,129.76,7,52,2,1,129.76,0.00,0.00,0.25,1,10.00,3,894.07,0,0,3,java.lang.Object,0.00,1,0,15,2,1,10,1,1,217,2
"org.apache.lucene.index.AllTermDocs",2,1.00,1.00,8,0.07,1133.87,3,1,1,4,3,126.86,0,13,1,2,126.86,0.00,0.50,0.50,0,2.00,1,212.72,0,0,3,org.apache.lucene.index.AbstractAllTermDocs,0.17,2,1,2,0,2,2,0,0,56,0
"org.apache.lucene.index.BalancedSegmentMergePolicy",16,0.01,4.00,227,2.84,288077.26,21,5,3,31,5,144.42,31,253,0,4,94.42,0.00,0.75,0.21,8,64.00,13,8520.61,5,5,5,org.apache.lucene.index.LogByteSizeMergePolicy,0.07,15,3,64,0,15,11,0,23,1551,1
"org.apache.lucene.index.BalancedSegmentMergePolicy$MergePolicyParams",13,0.07,1.00,39,0.23,2680.55,19,6,3,13,1,134.98,0,53,0,1,134.98,0.00,0.00,0.23,0,84.00,1,687.28,0,0,1,java.lang.Object,0.00,0,0,13,0,0,13,0,0,191,2
"org.apache.lucene.index.BufferedDeletes",12,0.26,2.42,90,1.26,43566.26,23,11,11,37,8,131.85,39,117,5,1,111.24,0.00,0.00,0.33,0,0.00,6,3782.70,0,1,4,java.lang.Object,0.00,25,0,29,0,25,11,0,21,757,0
"org.apache.lucene.index.BufferedDeletes$Iterable<QueryAndLimit>",1,0.00,1.00,3,0.02,165.40,1,0,11,2,0,185.73,1,4,0,1,135.73,0.00,0.00,0.00,0,1.00,1,52.87,0,1,0,java.lang.Object,0.00,1,0,1,0,1,0,0,1,17,0
"org.apache.lucene.index.BufferedDeletes$Iterable<QueryAndLimit>$Iterator<QueryAndLimit>",3,0.50,1.00,9,0.11,2063.78,4,1,11,10,1,180.86,3,12,0,1,130.86,0.00,0.00,0.67,0,1.00,1,341.17,0,1,1,java.lang.Object,0.00,7,0,3,0,7,2,0,3,84,0
"org.apache.lucene.index.BufferedDeletes$Iterable<Term>",1,0.00,1.00,3,0.03,351.08,1,0,11,2,0,183.16,1,4,0,1,133.16,0.00,0.00,0.00,0,0.00,1,82.56,0,1,0,java.lang.Object,0.00,1,0,1,0,1,0,0,1,24,0
"org.apache.lucene.index.BufferedDeletesStream",16,0.10,3.44,199,2.78,293547.06,23,7,13,67,13,117.50,58,245,2,1,96.89,0.00,0.00,0.23,4,56.00,23,8353.66,0,1,11,java.lang.Object,0.00,51,0,55,0,51,15,0,41,1452,0
"org.apache.lucene.index.BufferedDeletesStream$ApplyDeletesResult",1,3.00,1.00,8,0.07,1209.33,4,3,13,1,1,133.65,3,10,0,1,113.04,0.00,0.00,0.00,0,1.00,1,224.00,0,0,1,java.lang.Object,0.00,0,0,1,0,0,1,0,3,56,2
"org.apache.lucene.index.BufferedDeletesStream$Comparator<SegmentInfo>",2,0.00,2.00,11,0.10,2989.73,2,0,13,3,1,119.77,1,15,0,1,119.77,0.00,0.00,0.00,0,2.00,3,292.29,0,0,1,java.lang.Object,0.00,1,0,4,0,1,2,0,1,70,0
"org.apache.lucene.index.BufferedDeletesStream$QueryAndLimit",1,2.00,1.00,6,0.04,570.78,3,2,13,1,1,120.27,0,8,0,1,120.27,0.00,0.00,0.00,0,1.00,1,130.51,0,0,1,java.lang.Object,0.00,0,0,1,0,0,1,0,0,37,2
"org.apache.lucene.index.ByteBlockPool",5,0.39,2.20,58,0.85,44068.81,14,9,4,10,7,121.52,19,67,5,1,100.91,0.00,0.00,0.42,1,0.00,4,2549.23,0,0,2,java.lang.Object,0.00,5,0,11,0,5,5,0,19,493,1
"org.apache.lucene.index.ByteBlockPool$Allocator",3,0.00,1.00,4,0.04,271.19,3,0,4,3,0,155.60,0,5,0,1,155.60,0.00,0.00,0.00,0,3.00,1,110.15,0,0,0,java.lang.Object,0.00,0,0,3,0,0,3,0,0,35,2
"org.apache.lucene.index.ByteSliceReader",10,0.25,1.70,78,0.90,46938.52,18,8,3,13,10,160.44,12,94,6,2,110.44,0.00,0.50,0.35,1,0.00,3,2694.50,0,0,4,org.apache.lucene.store.IndexInput,0.41,3,1,17,0,3,10,0,8,545,1
"org.apache.lucene.index.ByteSliceWriter",6,0.40,1.67,38,0.41,12692.31,10,4,0,7,3,115.90,26,49,1,1,115.67,0.00,0.00,0.58,1,0.00,3,1218.91,0,0,2,java.lang.Object,0.00,1,0,10,0,1,6,0,5,269,1
"org.apache.lucene.index.CharBlockPool",3,0.57,1.33,24,0.28,7775.17,10,7,2,7,5,160.37,4,30,3,1,110.37,0.00,0.00,0.52,0,1.00,2,841.52,0,0,2,java.lang.Object,0.00,4,0,4,0,4,3,0,4,180,1
"org.apache.lucene.index.CheckIndex",0,0.00,0.00,4,0.02,204.34,2,2,15,0,10,171.00,16,4,3,1,171.00,0.00,0.00,0.00,0,0.00,0,68.11,0,0,7,java.lang.Object,0.00,0,0,0,0,0,0,0,2,19,1
"org.apache.lucene.index.CheckIndex$Status",13,0.05,9.15,406,7.84,933548.66,30,17,15,100,15,28.14,138,548,0,1,76.62,0.00,0.00,0.01,3,7.00,48,23517.89,0,6,15,java.lang.Object,0.00,87,0,119,0,87,7,0,47,3374,2
"org.apache.lucene.index.CheckIndex$Status$FieldNormStatus",0,0.00,0.00,3,0.03,266.51,2,2,15,0,0,171.00,2,4,0,1,171.00,0.00,0.00,0.00,0,0.00,0,76.15,0,0,0,java.lang.Object,0.00,0,0,0,0,0,0,0,2,20,3
"org.apache.lucene.index.CheckIndex$Status$MySegmentTermDocs",3,0.50,1.00,9,0.07,842.30,4,1,15,3,3,133.92,0,15,0,2,133.92,0.00,0.50,0.67,0,1.00,1,201.66,1,0,3,org.apache.lucene.index.SegmentTermDocs,0.25,0,1,3,0,0,3,0,0,56,2
"org.apache.lucene.index.CheckIndex$Status$SegmentInfoStatus",0,0.00,0.00,20,0.19,3529.59,19,19,15,0,0,171.00,29,21,0,1,171.00,0.00,0.00,0.00,0,0.00,0,560.25,0,0,0,java.lang.Object,0.00,0,0,0,0,0,0,0,19,106,2
"org.apache.lucene.index.CheckIndex$Status$StoredFieldStatus",0,0.00,0.00,4,0.04,420.00,3,3,15,0,0,171.00,3,5,0,1,171.00,0.00,0.00,0.00,0,0.00,0,108.00,0,0,0,java.lang.Object,0.00,0,0,0,0,0,0,0,3,27,3
"org.apache.lucene.index.CheckIndex$Status$TermIndexStatus",0,0.00,0.00,5,0.05,687.56,4,4,15,0,0,171.00,4,6,0,1,171.00,0.00,0.00,0.00,0,0.00,0,136.00,0,0,0,java.lang.Object,0.00,0,0,0,0,0,0,0,4,34,3
"org.apache.lucene.index.CheckIndex$Status$TermVectorStatus",0,0.00,0.00,4,0.04,420.00,3,3,15,0,0,171.00,3,5,0,1,171.00,0.00,0.00,0.00,0,0.00,0,108.00,0,0,0,java.lang.Object,0.00,0,0,0,0,0,0,0,3,27,3
"org.apache.lucene.index.CompoundFileReader",16,0.04,1.81,92,1.16,59293.94,21,5,8,41,16,156.57,37,139,8,2,116.69,0.00,0.50,0.24,1,62.00,9,3472.00,0,7,8,org.apache.lucene.store.Directory,0.11,25,1,29,0,25,9,0,22,692,0
"org.apache.lucene.index.CompoundFileReader$CSIndexInput",8,0.14,1.38,35,0.40,10517.75,11,3,8,14,3,173.91,14,55,0,3,123.91,0.00,0.67,0.46,0,2.00,3,1196.25,2,1,3,org.apache.lucene.store.BufferedIndexInput,0.31,6,2,11,0,6,7,0,6,277,2
"org.apache.lucene.index.CompoundFileReader$FileEntry",0,0.00,0.00,3,0.02,186.86,2,2,8,0,0,171.00,0,4,0,1,171.00,0.00,0.00,0.00,0,0.00,0,49.83,0,0,0,java.lang.Object,0.00,0,0,0,0,0,0,0,0,15,3
"org.apache.lucene.index.CompoundFileWriter",8,0.13,2.62,79,1.01,45910.89,17,9,7,36,10,55.58,77,105,5,1,105.58,0.00,0.00,0.22,2,10.00,7,3025.33,0,2,5,java.lang.Object,0.00,28,0,21,0,28,6,0,35,570,2
"org.apache.lucene.index.CompoundFileWriter$FileEntry",0,0.00,0.00,5,0.03,295.55,4,4,7,0,1,171.00,4,6,0,1,171.00,0.00,0.00,0.00,0,0.00,0,87.57,0,0,1,java.lang.Object,0.00,0,0,0,0,0,0,0,4,23,3
"org.apache.lucene.index.ConcurrentMergeScheduler",24,0.02,2.75,196,2.22,111622.40,35,11,7,75,29,90.33,120,265,24,2,108.20,1.00,0.33,0.11,7,372.00,12,6670.18,0,0,5,org.apache.lucene.index.MergeScheduler,0.08,51,1,66,1,51,24,0,68,1270,1
"org.apache.lucene.index.ConcurrentMergeScheduler$Comparator<MergeThread>",1,0.00,3.00,7,0.12,4217.11,1,0,7,2,0,110.68,0,8,0,1,110.68,0.00,0.00,0.00,0,1.00,3,346.55,0,0,0,java.lang.Object,0.00,1,0,3,0,1,1,0,0,75,0
"org.apache.lucene.index.ConcurrentMergeScheduler$MergeThread",7,0.04,2.86,49,0.48,15853.75,11,4,7,17,3,162.81,11,75,0,2,112.81,0.00,0.50,0.29,2,8.00,9,1450.19,0,3,3,java.lang.Thread,0.00,10,1,20,0,10,4,0,11,302,1
"org.apache.lucene.index.CorruptIndexException",1,0.00,1.00,3,0.02,106.02,1,0,1,1,55,137.49,4,5,55,2,137.25,0.00,0.50,0.00,0,1.00,1,45.51,0,0,0,java.io.IOException,0.00,0,1,1,0,0,1,0,1,16,1
"org.apache.lucene.index.DefaultSkipListReader",8,0.39,1.25,49,0.45,12281.71,15,7,3,10,3,156.72,17,63,1,2,116.83,0.00,0.50,0.48,0,0.00,3,1352.46,3,0,2,org.apache.lucene.index.MultiLevelSkipListReader,0.22,2,1,10,0,2,8,0,9,306,0
"org.apache.lucene.index.DefaultSkipListWriter",6,0.27,1.67,52,0.58,20030.07,17,11,3,9,4,91.58,35,65,2,2,109.45,0.00,0.50,0.32,0,6.00,3,1748.20,1,0,2,org.apache.lucene.index.MultiLevelSkipListWriter,0.17,3,1,10,0,3,6,0,29,374,0
"org.apache.lucene.index.DirectoryReader",54,0.05,2.72,531,6.74,472471.38,71,17,19,168,31,124.75,183,670,5,2,104.13,1.00,0.33,0.11,10,910.00,17,20233.07,2,20,28,org.apache.lucene.index.IndexReader,0.43,114,1,147,1,114,34,1,157,3748,0
"org.apache.lucene.index.DirectoryReader$MultiTermDocs",11,0.24,3.18,112,1.09,47869.36,22,11,19,22,5,154.78,11,134,0,1,104.78,0.00,0.00,0.31,1,9.00,8,3268.15,0,0,5,java.lang.Object,0.00,11,0,35,0,11,11,1,11,674,1
"org.apache.lucene.index.DirectoryReader$MultiTermEnum",5,0.20,3.00,53,0.66,48033.54,10,5,19,17,5,152.08,5,70,0,2,102.08,0.00,0.50,0.36,1,0.00,6,1969.95,0,0,5,org.apache.lucene.index.TermEnum,0.89,12,1,15,0,12,5,0,5,375,1
"org.apache.lucene.index.DirectoryReader$MultiTermPositions",6,0.00,1.00,13,0.14,1840.89,6,0,19,11,3,140.19,1,21,0,2,140.19,0.00,0.50,0.00,0,6.00,1,405.23,0,0,3,org.apache.lucene.index.MultiTermDocs,0.00,5,1,6,0,5,6,1,1,112,1
"org.apache.lucene.index.DirectoryReader$ReaderCommit",11,0.04,1.00,36,0.34,5531.13,18,7,19,21,3,131.93,0,58,0,2,131.93,0.00,0.50,0.18,0,60.00,1,1023.05,0,5,3,org.apache.lucene.index.IndexCommit,0.75,10,1,11,0,10,6,0,0,245,3
"org.apache.lucene.index.DirectoryReader$SegmentInfos.FindSegmentsFile",1,0.00,2.00,5,0.09,2505.83,1,0,19,5,4,118.00,0,10,0,1,118.00,0.00,0.00,0.00,0,0.00,2,274.81,0,1,4,java.lang.Object,0.00,4,0,2,0,4,0,0,0,59,0
"org.apache.lucene.index.DirectoryReader$SegmentInfos.FindSegmentsFile_0",1,0.00,1.00,5,0.06,1097.12,1,0,19,4,2,120.99,0,7,0,1,120.99,0.00,0.00,0.00,0,0.00,1,175.54,0,1,2,java.lang.Object,0.00,3,0,1,0,3,0,0,0,41,0
"org.apache.lucene.index.DocConsumer",4,0.00,1.00,5,0.04,322.67,4,0,2,4,8,155.99,0,6,5,1,155.99,0.00,0.00,0.00,0,4.00,1,122.26,0,1,3,java.lang.Object,0.00,0,0,4,1,0,3,0,0,39,1
"org.apache.lucene.index.DocConsumerPerThread",2,0.00,1.00,3,0.02,100.74,2,0,1,2,5,178.21,6,4,5,1,157.60,0.00,0.00,0.00,0,2.00,1,48.14,0,1,0,java.lang.Object,0.00,0,0,2,1,0,1,0,1,18,1
"org.apache.lucene.index.DocFieldConsumer",5,1.00,1.00,8,0.06,497.94,6,1,3,5,6,205.26,7,10,2,1,155.26,0.00,0.00,0.00,0,5.00,1,188.88,0,1,4,java.lang.Object,0.00,0,0,5,1,0,4,0,4,58,1
"org.apache.lucene.index.DocFieldConsumerPerField",2,0.00,1.00,3,0.02,136.96,2,0,2,2,7,156.55,1,4,6,1,156.55,0.00,0.00,0.00,0,2.00,1,62.63,0,0,1,java.lang.Object,0.00,0,0,2,1,0,2,0,1,21,1
"org.apache.lucene.index.DocFieldConsumerPerThread",4,0.00,1.00,5,0.03,169.52,4,0,1,4,7,158.19,0,6,5,1,158.19,0.00,0.00,0.00,0,4.00,1,87.44,0,2,2,java.lang.Object,0.00,0,0,4,1,0,2,0,0,32,1
"org.apache.lucene.index.DocFieldProcessor",5,0.19,1.20,29,0.35,9627.45,9,4,4,20,13,158.91,11,39,2,2,119.02,0.00,0.50,0.40,0,0.00,2,1046.88,0,0,12,org.apache.lucene.index.DocConsumer,0.67,15,1,6,0,15,5,0,5,225,1
"org.apache.lucene.index.DocFieldProcessorPerField",2,0.17,1.00,12,0.10,1668.99,8,6,1,4,5,168.97,3,15,2,1,118.97,0.00,0.00,0.08,0,2.00,1,307.95,0,0,4,java.lang.Object,0.00,2,0,2,0,2,2,0,1,77,1
"org.apache.lucene.index.DocFieldProcessorPerThread",8,0.18,4.12,160,2.35,227265.66,23,15,9,45,18,87.31,37,182,5,2,87.07,0.00,0.50,0.22,2,4.00,13,7063.12,0,3,15,org.apache.lucene.index.DocConsumerPerThread,0.40,37,1,33,0,37,5,0,29,1190,1
"org.apache.lucene.index.DocFieldProcessorPerThread$Comparator<DocFieldProcessorPerField>",1,0.00,1.00,3,0.04,494.59,1,0,9,2,1,131.99,0,4,0,1,131.99,0.00,0.00,0.00,0,1.00,1,111.03,0,0,1,java.lang.Object,0.00,1,0,1,0,1,1,0,0,31,0
"org.apache.lucene.index.DocFieldProcessorPerThread$PerDoc",3,0.75,1.00,17,0.13,2228.02,5,2,9,7,0,122.32,0,32,0,2,122.32,0.00,0.50,1.00,0,0.00,1,384.75,0,0,0,DocumentsWriter.DocWriter,0.00,4,1,3,0,4,3,0,0,101,0
"org.apache.lucene.index.DocHelper",5,0.02,1.20,123,2.72,153602.64,61,56,12,21,17,51.91,31,157,7,1,84.14,0.00,0.00,0.00,2,8.00,2,8158.50,0,2,10,java.lang.Object,0.00,16,0,6,0,16,3,0,12,1305,0
"org.apache.lucene.index.DocInverter",6,0.10,1.33,34,0.47,18285.86,8,2,5,21,14,117.43,3,46,2,2,117.43,0.00,0.50,0.58,0,0.00,3,1418.64,1,1,13,org.apache.lucene.index.DocFieldConsumer,0.36,15,1,8,0,15,5,0,1,294,1
"org.apache.lucene.index.DocInverterPerField",3,0.58,6.00,90,1.36,165656.98,9,6,6,35,17,34.02,33,115,8,2,78.15,0.00,0.50,0.56,0,0.00,16,4079.61,0,0,10,org.apache.lucene.index.DocFieldConsumerPerField,0.40,32,1,18,0,32,3,0,26,647,1
"org.apache.lucene.index.DocInverterPerThread",5,0.14,1.00,26,0.25,4414.95,12,7,4,17,19,171.73,6,38,8,2,121.73,0.00,0.50,0.26,0,0.00,1,757.13,0,2,13,org.apache.lucene.index.DocFieldConsumerPerThread,0.89,12,1,5,0,12,3,0,4,182,1
"org.apache.lucene.index.DocInverterPerThread$SingleTokenAttributeSource",2,1.00,1.00,9,0.08,842.15,4,2,4,5,3,127.88,0,12,0,2,127.88,0.00,0.50,1.00,0,0.00,1,241.73,0,0,3,org.apache.lucene.util.AttributeSource,0.00,3,1,2,0,3,2,0,0,63,1
"org.apache.lucene.index.DocumentsWriter",40,0.04,3.60,552,7.42,587985.40,80,40,20,131,50,64.11,243,715,24,1,96.34,0.00,0.00,0.07,14,678.00,23,22270.26,0,3,29,java.lang.Object,0.00,91,0,144,0,91,37,0,144,3735,1
"org.apache.lucene.index.DocumentsWriter$ByteBlockAllocator",4,0.00,1.75,31,0.33,10391.14,6,2,20,10,1,112.46,2,39,0,2,112.46,0.00,0.50,0.50,0,0.00,2,978.62,0,0,1,ByteBlockPool.Allocator,0.00,6,1,7,0,6,4,0,2,209,1
"org.apache.lucene.index.DocumentsWriter$DocState",2,0.12,1.00,14,0.09,698.80,10,8,20,3,4,169.45,3,17,0,1,119.45,0.00,0.00,0.19,0,2.00,1,260.46,0,0,4,java.lang.Object,0.00,1,0,2,0,1,2,0,3,66,1
"org.apache.lucene.index.DocumentsWriter$DocWriter",4,2.00,1.00,8,0.04,352.34,6,2,20,4,0,144.46,0,10,0,1,144.46,0.00,0.00,0.00,0,4.00,1,127.11,0,0,0,java.lang.Object,0.00,0,0,4,0,0,4,0,0,43,2
"org.apache.lucene.index.DocumentsWriter$IndexingChain",1,0.00,1.00,2,0.01,52.70,1,0,20,1,2,146.21,0,3,0,1,146.21,0.00,0.00,0.00,0,1.00,1,31.26,0,0,2,java.lang.Object,0.00,0,0,1,0,0,1,0,0,12,2
"org.apache.lucene.index.DocumentsWriter$IndexingChain_0",1,0.00,1.00,8,0.11,2246.67,1,0,20,7,10,129.05,18,11,0,1,110.92,0.00,0.00,0.00,0,1.00,1,343.20,0,0,10,java.lang.Object,0.00,6,0,1,0,6,1,0,2,73,0
"org.apache.lucene.index.DocumentsWriter$PerDocBuffer",2,0.00,1.50,11,0.09,1836.60,2,0,20,2,1,142.12,7,16,0,2,121.50,0.00,0.50,0.00,0,0.00,2,274.65,2,0,1,org.apache.lucene.store.RAMFile,0.15,0,1,3,0,0,2,0,3,66,0
"org.apache.lucene.index.DocumentsWriter$SkipDocWriter",3,0.00,1.00,5,0.03,220.57,3,0,20,3,0,156.30,0,12,0,2,156.30,0.00,0.50,0.00,0,3.00,1,87.54,0,0,0,org.apache.lucene.index.DocWriter,0.00,0,1,3,0,0,3,0,0,31,2
"org.apache.lucene.index.DocumentsWriter$WaitQueue",7,0.33,2.57,87,0.87,69830.53,12,5,20,13,3,149.04,10,105,0,1,99.04,0.00,0.00,0.49,2,0.00,6,2601.20,0,0,3,java.lang.Object,0.00,6,0,18,0,6,7,0,10,510,1
"org.apache.lucene.index.DocumentsWriterThreadState",2,0.20,1.00,16,0.15,3194.21,7,5,1,4,5,132.70,6,19,4,1,112.09,0.00,0.00,0.30,0,2.00,1,436.39,0,0,2,java.lang.Object,0.00,2,0,2,0,2,2,0,3,104,1
"org.apache.lucene.index.FieldInfo",3,0.50,4.00,49,0.49,26246.36,12,9,0,4,34,44.72,27,67,34,1,94.72,0.00,0.00,0.44,0,1.00,9,1459.73,0,1,0,java.lang.Object,0.00,1,0,12,0,1,2,0,12,319,1
"org.apache.lucene.index.FieldInfos",23,0.02,2.26,166,2.14,81686.94,36,13,8,60,45,111.57,111,209,37,1,111.33,0.00,0.00,0.10,6,136.00,9,6415.82,0,2,8,java.lang.Object,0.00,37,0,52,0,37,21,0,27,1277,1
"org.apache.lucene.index.FieldInvertState",13,0.01,1.00,43,0.25,3336.97,20,7,1,13,38,174.11,38,57,37,1,134.23,0.00,0.00,0.15,0,73.00,1,757.79,0,1,1,java.lang.Object,0.00,0,0,13,0,0,12,0,8,211,2
"org.apache.lucene.index.FieldNormModifier",3,0.25,5.33,63,1.00,76831.50,5,2,7,43,12,49.02,37,81,3,1,86.58,0.00,0.00,0.67,0,1.00,10,3007.22,0,0,9,java.lang.Object,0.00,40,0,16,0,40,3,0,4,507,1
"org.apache.lucene.index.FieldReaderException",4,0.00,1.00,8,0.04,308.18,4,0,0,4,2,134.56,61,13,2,2,144.91,0.00,0.50,0.00,0,4.00,1,126.69,0,0,0,java.lang.RuntimeException,0.00,0,1,4,0,0,4,0,6,43,1
"org.apache.lucene.index.FieldSortedTermVectorMapper",6,0.10,1.00,21,0.27,5399.87,10,4,1,11,6,130.17,29,30,3,2,129.94,0.00,0.50,0.33,0,10.00,1,812.60,0,2,3,org.apache.lucene.index.TermVectorMapper,0.00,5,1,6,0,5,4,0,4,188,1
"org.apache.lucene.index.FieldsReader",20,0.11,3.10,242,3.96,226171.36,33,13,17,63,28,119.18,73,336,8,1,98.56,0.00,0.00,0.18,5,16.00,10,11885.84,0,5,20,java.lang.Object,0.00,43,0,62,0,43,15,1,44,2107,1
"org.apache.lucene.index.FieldsReader$LazyField",11,0.02,2.36,99,0.99,40182.32,15,4,17,18,6,157.15,14,134,0,2,107.15,0.00,0.50,0.23,1,42.00,7,2983.83,0,4,6,org.apache.lucene.document.AbstractField,0.06,7,1,26,0,7,7,1,8,601,1
"org.apache.lucene.index.FieldsWriter",10,0.12,3.40,124,1.52,55584.43,29,19,10,42,16,140.86,21,156,5,1,100.97,0.00,0.00,0.16,3,0.00,14,4549.25,0,0,11,java.lang.Object,0.00,32,0,34,0,32,10,0,17,861,1
"org.apache.lucene.index.FilterIndexReader",35,0.03,1.00,100,1.00,16430.41,36,1,8,68,21,138.73,30,167,9,2,138.73,5.00,0.14,0.97,0,0.00,1,2991.46,3,9,12,org.apache.lucene.index.IndexReader,0.38,33,1,35,5,33,26,0,12,757,1
"org.apache.lucene.index.FilterIndexReader$FilterTermDocs",9,0.12,1.00,20,0.16,2283.44,10,1,8,16,3,140.84,0,14,0,1,140.84,0.00,0.00,0.89,0,0.00,1,481.01,0,0,3,java.lang.Object,0.00,7,0,9,0,7,9,1,0,138,2
"org.apache.lucene.index.FilterIndexReader$FilterTermEnum",5,0.25,1.00,12,0.10,1469.00,6,1,8,9,2,140.34,0,12,0,2,140.34,0.00,0.50,0.80,0,0.00,1,289.57,0,0,2,org.apache.lucene.index.TermEnum,0.89,4,1,5,0,4,5,0,0,83,2
"org.apache.lucene.index.FilterIndexReader$FilterTermPositions",5,0.00,1.00,11,0.11,1445.12,5,0,8,9,1,140.39,1,16,0,2,140.39,0.00,0.50,0.00,0,5.00,1,342.11,0,0,1,org.apache.lucene.index.FilterTermDocs,0.00,4,1,5,0,4,5,1,1,95,2
"org.apache.lucene.index.FormatPostingsDocsConsumer",2,0.00,1.00,3,0.02,136.57,2,0,1,2,6,177.17,6,4,5,1,156.56,0.00,0.00,0.00,0,2.00,1,64.19,0,1,1,java.lang.Object,0.00,0,0,2,1,0,1,0,3,22,1
"org.apache.lucene.index.FormatPostingsDocsWriter",5,0.39,2.00,52,0.74,33044.20,19,14,3,23,12,153.46,9,71,2,2,103.46,0.00,0.50,0.39,0,0.00,5,2213.77,0,1,12,org.apache.lucene.index.FormatPostingsDocsConsumer,0.57,18,1,10,0,18,4,0,8,428,1
"org.apache.lucene.index.FormatPostingsFieldsConsumer",2,0.00,1.00,3,0.02,108.36,2,0,1,2,5,157.58,9,4,3,1,157.35,0.00,0.00,0.00,0,2.00,1,56.18,0,0,2,java.lang.Object,0.00,0,0,2,1,0,2,0,3,20,1
"org.apache.lucene.index.FormatPostingsFieldsWriter",3,0.43,1.00,23,0.23,3346.86,10,7,2,9,11,155.36,6,36,3,2,115.48,0.00,0.50,0.43,0,0.00,1,677.00,0,0,9,org.apache.lucene.index.FormatPostingsFieldsConsumer,0.80,6,1,3,0,6,3,0,6,150,1
"org.apache.lucene.index.FormatPostingsPositionsConsumer",2,0.00,1.00,3,0.03,237.44,2,0,1,2,5,204.66,3,4,5,1,154.66,0.00,0.00,0.00,0,2.00,1,88.57,0,0,0,java.lang.Object,0.00,0,0,2,1,0,2,0,2,27,1
"org.apache.lucene.index.FormatPostingsPositionsWriter",5,0.29,2.20,35,0.41,15566.12,11,6,2,12,6,161.79,5,48,1,2,111.79,0.00,0.50,0.40,0,0.00,4,1243.10,0,0,6,org.apache.lucene.index.FormatPostingsPositionsConsumer,0.57,7,1,11,0,7,5,0,5,263,1
"org.apache.lucene.index.FormatPostingsTermsConsumer",3,1.00,1.33,10,0.14,4923.60,4,1,3,6,8,167.70,6,13,5,1,127.82,0.00,0.00,0.33,1,4.00,2,430.53,0,2,3,java.lang.Object,0.00,3,0,4,1,3,1,0,3,95,1
"org.apache.lucene.index.FormatPostingsTermsWriter",5,0.16,1.20,27,0.24,3917.26,13,8,1,11,7,172.10,5,36,2,2,122.10,0.00,0.50,0.25,0,0.00,2,725.28,0,1,7,org.apache.lucene.index.FormatPostingsTermsConsumer,0.50,6,1,6,0,6,4,0,5,169,1
"org.apache.lucene.index.FreqProxFieldMergeState",4,0.41,3.00,52,0.65,26724.46,17,13,2,10,5,138.96,8,69,1,1,99.08,0.00,0.00,0.38,1,2.00,6,1961.43,0,1,4,java.lang.Object,0.00,6,0,12,0,6,3,0,7,386,1
"org.apache.lucene.index.FreqProxTermsWriter",5,0.50,8.40,141,2.45,324297.06,7,2,8,39,22,41.07,62,180,1,2,78.64,0.00,0.50,0.10,2,11.00,24,7346.00,0,1,21,org.apache.lucene.index.TermsHashConsumer,0.22,34,1,42,0,34,4,0,50,1152,1
"org.apache.lucene.index.FreqProxTermsWriterPerField",13,0.09,1.85,86,1.22,86885.68,21,8,4,23,13,111.71,11,120,4,2,111.71,0.00,0.50,0.21,1,29.00,5,3653.58,0,1,10,org.apache.lucene.index.TermsHashConsumerPerField,0.57,10,1,24,0,10,12,1,11,737,1
"org.apache.lucene.index.FreqProxTermsWriterPerField$FreqProxPostingsArray",4,0.33,1.00,23,0.25,6418.70,8,4,4,6,2,169.69,4,31,0,2,119.69,0.00,0.50,0.50,0,4.00,1,739.26,1,1,2,org.apache.lucene.index.ParallelPostingsArray,0.44,2,1,4,0,2,3,0,4,176,2
"org.apache.lucene.index.FreqProxTermsWriterPerThread",5,0.38,1.00,12,0.09,1084.37,7,2,0,6,7,161.99,16,21,2,2,141.37,0.00,0.50,0.20,0,8.00,1,284.03,0,2,6,org.apache.lucene.index.TermsHashConsumerPerThread,0.67,1,1,5,0,1,3,0,1,81,1
"org.apache.lucene.index.FrozenBufferedDeletes",5,0.25,1.80,37,0.50,17019.34,13,8,5,14,6,132.14,15,47,3,1,111.53,0.00,0.00,0.32,0,2.00,4,1511.53,0,1,4,java.lang.Object,0.00,9,0,9,0,9,4,0,8,305,0
"org.apache.lucene.index.FrozenBufferedDeletes$Iterable<QueryAndLimit>",1,0.00,1.00,3,0.02,165.40,1,0,5,2,0,185.73,1,4,0,1,135.73,0.00,0.00,0.00,0,1.00,1,52.87,0,1,0,java.lang.Object,0.00,1,0,1,0,1,0,0,1,17,0
"org.apache.lucene.index.FrozenBufferedDeletes$Iterable<QueryAndLimit>$Iterator<QueryAndLimit>",3,0.50,1.00,10,0.07,1164.53,4,1,5,5,0,182.81,3,13,0,1,132.81,0.00,0.00,0.67,0,1.00,1,210.00,0,1,0,java.lang.Object,0.00,2,0,3,0,2,2,0,3,58,0
"org.apache.lucene.index.FrozenBufferedDeletes$Iterable<Term>",1,0.00,1.00,3,0.02,165.40,1,0,5,2,1,185.73,1,4,0,1,135.73,0.00,0.00,0.00,0,1.00,1,52.87,0,1,1,java.lang.Object,0.00,1,0,1,0,1,0,0,1,17,0
"org.apache.lucene.index.FrozenBufferedDeletes$Iterable<Term>$Iterator<Term>",3,0.50,1.00,8,0.05,524.15,4,1,5,4,1,192.11,3,11,0,1,142.11,0.00,0.00,0.67,0,1.00,1,154.29,0,0,1,java.lang.Object,0.00,1,0,3,0,1,3,0,3,45,0
"org.apache.lucene.index.IndexCommit",13,0.00,1.23,28,0.26,6323.47,13,0,4,19,37,138.80,53,37,36,1,138.56,0.00,0.00,0.00,3,13.00,3,769.97,0,4,1,java.lang.Object,0.00,6,0,16,4,6,9,1,11,204,2
"org.apache.lucene.index.IndexDeletionPolicy",2,0.00,1.00,3,0.04,438.42,2,0,2,2,30,166.35,69,4,30,1,152.57,0.00,0.00,0.00,0,2.00,1,114.61,0,0,0,,0.00,0,0,2,0,0,2,0,3,32,1
"org.apache.lucene.index.IndexFileDeleter",22,0.06,3.82,240,3.01,187792.96,33,11,7,68,12,60.14,169,311,4,1,102.43,0.00,0.00,0.15,9,106.00,22,9015.93,0,0,8,java.lang.Object,0.00,46,0,84,0,46,22,0,72,1645,1
"org.apache.lucene.index.IndexFileDeleter$CommitPoint",11,0.07,1.09,41,0.40,8247.84,20,9,7,21,3,130.54,4,64,0,2,130.54,0.00,0.50,0.17,0,74.00,2,1212.87,0,5,3,org.apache.lucene.index.IndexCommit,0.75,10,1,12,0,10,6,0,1,279,3
"org.apache.lucene.index.IndexFileDeleter$RefCount",3,0.33,1.33,15,0.14,2708.35,6,3,7,5,0,121.59,1,20,0,1,121.59,0.00,0.00,0.56,0,1.00,2,413.60,0,0,0,java.lang.Object,0.00,2,0,4,0,2,3,0,1,97,3
"org.apache.lucene.index.IndexFileNameFilter",4,0.11,3.75,37,0.44,13903.58,7,3,3,13,7,127.83,15,51,6,1,107.22,0.00,0.00,0.42,0,4.00,7,1316.26,0,1,1,java.lang.Object,0.00,9,0,15,0,9,3,1,4,271,1
"org.apache.lucene.index.IndexFileNames",6,0.03,2.67,62,1.11,40444.06,32,26,1,18,29,121.46,108,131,29,1,103.32,0.00,0.00,0.01,1,14.00,4,3317.96,0,3,1,java.lang.Object,0.00,12,0,16,0,12,3,0,39,627,2
"org.apache.lucene.index.IndexNotFoundException",1,0.00,1.00,3,0.02,124.13,1,0,1,1,2,136.95,4,5,2,2,136.71,0.00,0.50,0.00,0,1.00,1,49.65,0,0,0,java.io.FileNotFoundException,0.00,0,1,1,0,0,1,0,1,17,2
"org.apache.lucene.index.IndexReader",80,0.15,1.30,257,2.84,113496.89,85,5,13,134,690,79.84,866,347,670,1,128.32,0.00,0.00,0.05,19,1430.00,12,8526.53,0,26,24,java.lang.Object,0.00,54,0,104,15,54,54,2,89,1875,2
"org.apache.lucene.index.IndexReader$FieldOption",3,12.00,1.00,18,0.28,7281.91,15,12,13,4,0,135.93,11,22,0,1,115.32,0.00,0.00,0.00,0,3.00,1,827.96,0,1,0,java.lang.Object,0.00,1,0,3,0,1,2,0,11,172,3
"org.apache.lucene.index.IndexReader$ReaderFinishedListener",1,0.00,1.00,2,0.01,52.70,1,0,13,1,1,146.21,0,3,0,1,146.21,0.00,0.00,0.00,0,1.00,1,31.26,0,0,1,,0.00,0,0,1,0,0,1,0,0,12,2
"org.apache.lucene.index.IndexReader$SegmentInfos.FindSegmentsFile",1,0.00,1.00,3,0.04,499.66,1,0,13,3,0,131.95,0,5,0,1,131.95,0.00,0.00,0.00,0,1.00,1,115.56,0,1,0,java.lang.Object,0.00,2,0,1,0,2,0,0,0,30,0
"org.apache.lucene.index.IndexSorter",4,0.67,2.75,63,0.86,41744.29,5,1,9,32,11,115.87,12,71,2,1,95.25,0.00,0.00,0.50,0,4.00,5,2577.76,0,0,9,java.lang.Object,0.00,28,0,11,0,28,4,0,2,471,1
"org.apache.lucene.index.IndexSorter$DocScore",2,0.00,2.00,10,0.11,3312.23,4,2,9,2,0,119.42,1,15,0,1,119.42,0.00,0.00,0.50,0,2.00,3,325.35,0,1,0,java.lang.Object,0.00,0,0,4,0,0,1,1,1,79,2
"org.apache.lucene.index.IndexSorter$PostingMap",1,2.00,1.00,5,0.05,631.65,3,2,9,1,0,172.87,1,7,0,1,122.87,0.00,0.00,0.00,0,1.00,1,135.35,0,0,0,java.lang.Object,0.00,0,0,1,0,0,1,1,1,36,2
"org.apache.lucene.index.IndexSorter$SortedTermPositions",13,0.08,1.46,81,0.83,34309.90,24,11,9,32,6,114.94,9,92,0,1,114.94,0.00,0.00,0.17,0,58.00,5,2487.21,0,0,6,java.lang.Object,0.00,19,0,19,0,19,13,1,9,503,2
"org.apache.lucene.index.IndexSorter$SortingReader",12,0.32,1.33,41,0.48,13709.42,14,2,9,15,7,129.06,0,71,0,3,129.06,0.00,0.67,0.21,1,46.00,3,1432.96,4,6,7,org.apache.lucene.index.FilterIndexReader,0.17,3,2,16,0,3,6,0,0,332,2
"org.apache.lucene.index.IndexSplitter",8,0.04,2.88,93,1.14,54517.12,12,4,11,41,6,122.34,27,101,2,1,101.72,0.00,0.00,0.28,3,10.00,7,3405.89,0,1,4,java.lang.Object,0.00,33,0,23,0,33,7,0,4,657,1
"org.apache.lucene.index.IndexUpgrader",6,0.10,2.33,58,0.77,25461.55,10,4,8,32,12,106.88,29,73,1,1,106.64,0.00,0.00,0.17,1,10.00,6,2310.70,0,0,11,java.lang.Object,0.00,26,0,14,0,26,6,0,4,454,2
"org.apache.lucene.index.IndexWriter",157,0.02,2.94,1393,18.42,1103714.27,210,53,34,454,252,69.21,1951,1960,220,1,106.77,0.00,0.00,0.04,57,10699.00,21,55257.05,0,20,38,java.lang.Object,0.00,297,0,462,8,297,137,1,499,9907,1
"org.apache.lucene.index.IndexWriter$Deprecated",4,0.08,1.00,14,0.13,2577.93,8,4,34,5,0,131.32,16,23,0,1,131.08,0.00,0.00,0.19,0,4.00,1,404.34,0,1,0,java.lang.Object,0.00,1,0,4,0,1,3,0,4,101,3
"org.apache.lucene.index.IndexWriter$FlushControl",9,0.05,2.56,66,0.64,25277.33,14,5,34,13,2,112.10,6,94,0,1,112.10,0.00,0.00,0.24,3,26.00,6,1932.56,0,0,2,java.lang.Object,0.00,4,0,23,0,4,9,0,6,399,1
"org.apache.lucene.index.IndexWriter$IndexReaderWarmer",1,0.00,1.00,2,0.02,121.82,1,0,34,1,1,143.35,0,4,0,1,143.35,0.00,0.00,0.00,0,1.00,1,48.73,0,0,1,java.lang.Object,0.00,0,0,1,0,0,1,0,0,16,3
"org.apache.lucene.index.IndexWriter$ReaderPool",13,0.50,2.46,97,1.27,46137.86,14,1,34,36,5,79.09,88,128,0,1,111.31,0.00,0.00,0.54,4,19.00,7,3802.57,0,4,5,java.lang.Object,0.00,23,0,32,0,23,9,0,47,763,0
"org.apache.lucene.index.IndexWriterConfig",38,0.03,1.45,171,2.01,67448.89,65,27,5,55,107,74.76,319,229,95,1,122.87,0.00,0.00,0.07,0,770.00,4,6024.40,1,24,13,java.lang.Object,0.00,17,0,55,0,17,14,1,50,1221,2
"org.apache.lucene.index.IndexWriterConfig$OpenMode",0,0.00,0.00,2,0.01,48.00,0,0,5,0,0,171.00,0,1,0,1,171.00,0.00,0.00,0.00,0,0.00,0,24.00,0,0,0,java.lang.Object,0.00,0,0,0,0,0,0,1,0,8,2
"org.apache.lucene.index.IntBlockPool",3,0.75,2.00,25,0.29,9670.16,9,6,0,6,3,67.24,22,32,2,1,109.53,0.00,0.00,0.67,0,1.00,3,870.55,0,0,1,java.lang.Object,0.00,3,0,6,0,3,3,0,7,187,1
"org.apache.lucene.index.InvertedDocConsumer",5,1.00,1.00,8,0.06,464.74,6,1,3,5,7,205.50,5,10,3,1,155.50,0.00,0.00,0.00,0,5.00,1,177.19,0,0,4,java.lang.Object,0.00,0,0,5,1,0,5,0,4,55,1
"org.apache.lucene.index.InvertedDocConsumerPerField",5,0.00,1.00,6,0.04,245.05,5,0,2,5,7,207.69,9,7,6,1,157.69,0.00,0.00,0.00,0,5.00,1,121.58,0,0,1,java.lang.Object,0.00,0,0,5,1,0,5,0,9,42,1
"org.apache.lucene.index.InvertedDocConsumerPerThread",4,0.00,1.00,5,0.03,182.83,4,0,1,4,8,157.93,0,6,5,1,157.93,0.00,0.00,0.00,0,4.00,1,96.32,0,2,3,java.lang.Object,0.00,0,0,4,1,0,2,0,0,34,1
"org.apache.lucene.index.InvertedDocEndConsumer",4,0.00,1.00,5,0.04,304.37,4,0,3,4,6,156.18,0,6,2,1,156.18,0.00,0.00,0.00,0,4.00,1,130.91,0,1,4,java.lang.Object,0.00,0,0,4,1,0,3,0,0,41,1
"org.apache.lucene.index.InvertedDocEndConsumerPerField",2,0.00,1.00,3,0.01,46.83,2,0,0,2,6,112.11,16,4,6,1,160.22,0.00,0.00,0.00,0,2.00,1,31.22,0,0,0,java.lang.Object,0.00,0,0,2,1,0,2,0,1,14,1
"org.apache.lucene.index.InvertedDocEndConsumerPerThread",4,0.00,1.00,5,0.02,107.04,4,0,0,4,8,159.99,16,6,5,1,159.76,0.00,0.00,0.00,0,4.00,1,71.36,0,0,3,java.lang.Object,0.00,0,0,4,1,0,4,0,1,28,1
"org.apache.lucene.index.KeepOnlyLastCommitDeletionPolicy",2,0.00,2.50,10,0.10,2597.29,2,0,1,5,10,77.91,15,11,9,1,120.20,0.00,0.00,0.00,1,2.00,3,289.54,0,0,1,java.lang.Object,0.00,3,0,5,0,3,2,1,6,68,2
"org.apache.lucene.index.LogByteSizeMergePolicy",8,0.24,1.00,22,0.24,3308.52,11,3,1,8,13,121.29,43,32,11,3,139.17,0.50,0.50,0.12,0,14.00,1,707.27,1,0,2,org.apache.lucene.index.LogMergePolicy,0.07,0,2,8,1,0,8,0,10,188,1
"org.apache.lucene.index.LogDocMergePolicy",4,1.00,1.00,12,0.09,1008.38,5,1,1,4,14,86.19,34,18,12,3,134.29,0.50,0.50,0.25,0,0.00,1,260.78,1,0,2,org.apache.lucene.index.LogMergePolicy,0.08,0,2,4,1,0,4,0,7,73,1
"org.apache.lucene.index.LogMergePolicy",26,0.02,3.73,282,4.53,507793.20,38,12,5,63,59,67.38,164,352,55,2,99.61,4.00,0.17,0.10,7,210.00,25,13597.67,0,6,5,org.apache.lucene.index.MergePolicy,0.06,37,1,97,4,37,20,0,73,2351,2
"org.apache.lucene.index.LogMergePolicy$SegmentInfoAndLevel",2,0.33,2.00,10,0.11,2459.20,5,3,5,2,1,120.44,1,19,0,1,120.44,0.00,0.00,0.17,0,2.00,3,336.21,0,0,1,java.lang.Object,0.00,0,0,4,0,0,2,1,1,84,2
"org.apache.lucene.index.MergeDocIDRemapper",2,1.50,7.00,49,0.85,104966.59,8,6,0,6,2,115.28,40,68,0,1,81.90,0.00,0.00,0.92,0,0.00,9,2545.53,0,0,2,java.lang.Object,0.00,4,0,14,0,4,2,0,22,475,1
"org.apache.lucene.index.MergePolicy",7,1.00,1.00,15,0.17,2295.26,8,1,7,9,22,102.40,89,22,17,1,139.96,0.00,0.00,0.14,0,12.00,1,515.01,0,3,6,java.lang.Object,0.00,2,0,7,10,2,4,1,11,130,2
"org.apache.lucene.index.MergePolicy$MergeAbortedException",2,0.00,1.00,5,0.02,169.05,2,0,7,2,0,144.60,0,8,0,2,144.60,0.00,0.50,0.00,0,2.00,1,72.11,0,0,0,java.io.IOException,0.00,0,1,2,0,0,2,0,0,25,2
"org.apache.lucene.index.MergePolicy$MergeException",3,1.00,1.00,10,0.07,776.22,4,1,7,3,1,134.20,2,14,0,2,134.20,0.00,0.50,0.33,0,4.00,1,198.73,0,1,1,java.lang.RuntimeException,0.00,0,1,3,0,0,2,0,1,56,2
"org.apache.lucene.index.MergePolicy$MergeSpecification",2,0.00,1.50,14,0.17,5385.55,3,1,7,8,1,162.37,3,14,0,1,112.37,0.00,0.00,1.00,0,0.00,2,507.19,0,1,1,java.lang.Object,0.00,6,0,3,0,6,1,0,1,110,2
"org.apache.lucene.index.MergePolicy$OneMerge",11,0.01,2.27,73,0.66,19611.19,25,14,7,24,3,156.07,29,93,0,1,116.18,0.00,0.00,0.08,0,44.00,6,1980.31,0,2,3,java.lang.Object,0.00,13,0,25,0,13,9,0,19,426,2
"org.apache.lucene.index.MergeScheduler",2,0.00,1.00,3,0.03,189.68,2,0,1,2,16,155.67,9,6,15,1,155.43,0.00,0.00,0.00,0,2.00,1,78.19,0,0,2,java.lang.Object,0.00,0,0,2,6,0,2,0,3,25,2
"org.apache.lucene.index.MockIndexInput",5,0.08,1.40,24,0.24,10942.69,8,3,1,6,2,122.16,2,35,1,3,122.16,0.00,0.67,0.40,0,5.00,3,720.19,0,0,1,org.apache.lucene.store.BufferedIndexInput,0.27,1,2,7,0,1,5,0,2,162,1
"org.apache.lucene.index.MockRandomMergePolicy",6,0.60,2.50,41,0.67,44431.06,7,1,7,24,5,161.29,8,62,0,2,111.29,0.00,0.50,0.50,1,6.00,9,2022.32,0,0,5,org.apache.lucene.index.MergePolicy,0.62,18,1,15,0,18,6,0,8,372,1
"org.apache.lucene.index.MultiLevelSkipListReader",10,0.25,2.90,111,1.35,77218.61,24,14,4,20,3,83.42,58,126,1,1,101.29,0.00,0.00,0.30,3,0.00,7,4047.87,0,0,2,java.lang.Object,0.00,10,0,29,1,10,10,0,42,793,1
"org.apache.lucene.index.MultiLevelSkipListReader$SkipBuffer",7,0.22,1.00,21,0.22,3647.30,10,3,4,10,1,131.81,0,35,0,2,131.81,0.00,0.50,0.52,0,0.00,1,670.02,0,0,1,org.apache.lucene.store.IndexInput,0.46,3,1,7,0,3,7,0,0,165,3
"org.apache.lucene.index.MultiLevelSkipListWriter",6,0.00,2.83,56,0.52,23736.40,9,3,3,15,3,58.73,52,56,1,1,106.84,0.00,0.00,0.33,2,0.00,4,1552.09,0,0,2,java.lang.Object,0.00,9,0,17,1,9,6,0,13,333,1
"org.apache.lucene.index.MultiPassIndexSplitter",2,0.00,12.50,99,1.47,144220.99,2,0,10,34,11,95.40,39,109,2,1,69.12,0.00,0.00,0.00,0,2.00,15,4411.57,0,0,9,java.lang.Object,0.00,32,0,25,0,32,2,0,11,701,1
"org.apache.lucene.index.MultiPassIndexSplitter$FakeDeleteIndexReader",8,0.00,1.50,30,0.31,6866.52,10,2,10,18,5,130.01,4,46,0,3,130.01,0.00,0.67,0.50,0,0.00,4,920.32,0,2,5,org.apache.lucene.index.FilterIndexReader,0.17,10,2,12,0,10,6,0,1,220,2
"org.apache.lucene.index.MultiPassIndexSplitter$FakeDeleteIndexReader$FilterTermPositions",1,0.00,3.00,7,0.06,1758.33,1,0,10,2,0,113.67,0,11,0,1,113.67,0.00,0.00,0.00,0,0.00,3,191.92,0,0,0,java.lang.Object,0.00,1,0,3,0,1,1,0,0,46,0
"org.apache.lucene.index.MultiReader",37,0.04,2.05,249,2.78,136979.16,44,7,13,77,28,153.59,105,316,15,2,113.71,1.00,0.33,0.18,3,132.00,11,8336.82,4,6,13,org.apache.lucene.index.IndexReader,0.34,40,1,76,1,40,31,1,54,1716,1
"org.apache.lucene.index.MultipleTermPositions",13,0.06,1.54,60,0.67,23766.90,17,4,6,32,8,162.64,38,78,2,1,122.75,0.00,0.00,0.19,1,51.00,4,2000.29,0,0,6,java.lang.Object,0.00,19,0,20,0,19,13,1,12,432,1
"org.apache.lucene.index.MultipleTermPositions$IntQueue",6,0.40,1.17,20,0.16,2646.18,10,4,6,8,1,132.34,0,28,0,1,132.34,0.00,0.00,0.58,1,0.00,2,493.95,0,0,1,java.lang.Object,0.00,2,0,7,0,2,6,0,0,130,3
"org.apache.lucene.index.MultipleTermPositions$TermPositionsQueue",3,0.00,1.67,10,0.10,2076.22,3,0,6,6,2,130.72,0,16,0,2,130.72,0.00,0.50,0.00,0,3.00,3,311.46,3,0,2,org.apache.lucene.util.PriorityQueue,0.00,3,1,5,0,3,3,0,0,79,3
"org.apache.lucene.index.NoDeletionPolicy",3,1.00,1.67,5,0.06,993.49,4,1,2,4,4,190.92,7,7,3,1,151.04,0.00,0.00,0.00,0,3.00,2,181.21,0,0,1,java.lang.Object,0.00,1,0,5,0,1,3,1,3,50,2
"org.apache.lucene.index.NoMergePolicy",8,0.33,1.00,18,0.19,2952.48,11,3,2,9,10,179.44,18,28,5,2,139.56,0.00,0.50,0.04,0,14.00,1,570.83,0,4,5,org.apache.lucene.index.MergePolicy,0.13,1,1,8,0,1,4,0,4,148,2
"org.apache.lucene.index.NoMergeScheduler",3,1.00,1.00,5,0.05,760.11,4,1,1,4,6,152.31,12,9,3,2,152.07,0.00,0.50,0.00,0,3.00,1,143.67,0,0,3,org.apache.lucene.index.MergeScheduler,0.40,1,1,3,0,1,3,0,3,43,2
"org.apache.lucene.index.NormsWriter",5,0.50,4.20,89,1.46,206349.00,7,2,9,27,14,109.04,18,91,2,2,88.42,0.00,0.50,0.10,0,8.00,17,4382.23,0,1,13,org.apache.lucene.index.InvertedDocEndConsumer,0.22,22,1,21,0,22,4,0,14,679,1
"org.apache.lucene.index.NormsWriterPerField",5,0.29,1.60,33,0.40,14668.97,12,7,2,10,9,164.56,6,44,3,2,114.56,0.00,0.50,0.37,0,0.00,4,1208.74,0,0,7,org.apache.lucene.index.InvertedDocEndConsumerPerField,0.57,5,1,8,0,5,5,1,3,260,1
"org.apache.lucene.index.NormsWriterPerThread",6,0.50,1.00,13,0.10,1069.93,8,2,0,7,7,181.93,16,21,2,2,142.04,0.00,0.50,0.08,0,10.00,1,294.55,0,1,7,org.apache.lucene.index.InvertedDocEndConsumerPerThread,0.60,1,1,6,0,1,5,0,1,86,1
"org.apache.lucene.index.ParallelArrayTermVectorMapper",3,0.69,3.00,33,0.36,9557.94,11,8,6,5,11,154.31,4,48,2,2,104.31,0.00,0.50,0.58,0,0.00,3,1080.92,0,1,9,org.apache.lucene.index.TermVectorMapper,0.00,2,1,9,0,2,2,0,1,233,0
"org.apache.lucene.index.ParallelPostingsArray",5,0.15,1.00,24,0.22,3992.20,10,5,2,8,9,125.69,0,30,7,1,125.69,0.00,0.00,0.32,2,13.00,1,666.66,0,2,2,java.lang.Object,0.00,3,0,5,2,3,3,0,0,167,0
"org.apache.lucene.index.ParallelReader",39,0.03,2.26,247,3.09,142336.67,48,9,8,109,22,153.62,89,349,9,2,113.73,0.00,0.50,0.08,2,583.00,11,9270.96,3,9,13,org.apache.lucene.index.IndexReader,0.35,70,1,88,0,70,30,0,33,1855,1
"org.apache.lucene.index.ParallelReader$ParallelTermDocs",10,0.22,1.70,25,0.29,6101.48,11,1,8,20,4,137.71,0,38,0,1,137.71,0.00,0.00,0.80,1,0.00,3,868.16,0,0,4,java.lang.Object,0.00,10,0,17,0,10,10,1,0,218,1
"org.apache.lucene.index.ParallelReader$ParallelTermEnum",6,0.27,2.83,34,0.45,18371.31,9,3,8,18,3,167.24,7,59,0,2,117.24,0.00,0.50,0.56,0,0.00,6,1335.39,0,0,3,org.apache.lucene.index.TermEnum,0.80,12,1,17,0,12,6,0,7,291,1
"org.apache.lucene.index.ParallelReader$ParallelTermPositions",7,0.00,1.14,15,0.16,2743.82,7,0,8,13,3,139.32,2,23,0,2,139.32,0.00,0.50,0.00,1,12.00,2,494.70,0,0,3,org.apache.lucene.index.ParallelTermDocs,0.00,6,1,8,0,6,7,1,2,130,1
"org.apache.lucene.index.Payload",14,0.13,1.71,58,0.67,25908.46,17,3,3,20,50,104.82,74,88,48,1,122.69,0.00,0.00,0.21,2,38.00,6,2011.23,1,1,2,java.lang.Object,0.00,6,0,24,0,6,13,2,22,456,1
"org.apache.lucene.index.PayloadProcessorProvider",1,0.00,1.00,4,0.03,210.55,1,0,2,1,4,112.16,39,5,3,1,130.25,0.00,0.00,0.00,0,1.00,1,84.22,0,1,1,java.lang.Object,0.00,0,0,1,1,0,0,0,4,27,2
"org.apache.lucene.index.PayloadProcessorProvider$DirPayloadProcessor",1,0.00,1.00,2,0.02,121.82,1,0,2,1,1,193.35,1,3,0,1,143.35,0.00,0.00,0.00,0,1.00,1,48.73,0,0,1,java.lang.Object,0.00,0,0,1,0,0,1,0,1,16,3
"org.apache.lucene.index.PayloadProcessorProvider$PayloadProcessor",2,0.00,1.00,3,0.03,327.14,2,0,2,2,0,174.18,7,4,0,1,153.57,0.00,0.00,0.00,0,2.00,1,98.72,0,0,0,java.lang.Object,0.00,0,0,2,0,0,2,0,2,30,3
"org.apache.lucene.index.PersistentSnapshotDeletionPolicy",7,0.08,2.71,59,0.87,38178.75,9,2,14,34,14,59.18,74,84,1,2,107.66,0.00,0.50,0.43,1,8.00,5,2621.58,5,1,13,org.apache.lucene.index.SnapshotDeletionPolicy,0.00,27,1,19,0,27,6,0,24,496,1
"org.apache.lucene.index.PositionBasedTermVectorMapper",6,0.00,1.83,34,0.41,14595.64,10,4,4,14,3,85.90,39,48,1,2,118.12,0.00,0.50,0.25,0,10.00,4,1227.54,0,1,2,org.apache.lucene.index.TermVectorMapper,0.15,8,1,11,0,8,5,0,9,258,1
"org.apache.lucene.index.PositionBasedTermVectorMapper$TVPositionInfo",5,0.17,1.40,19,0.16,2309.29,8,3,4,7,1,172.03,12,28,0,1,132.14,0.00,0.00,0.47,0,0.00,2,466.23,0,2,1,java.lang.Object,0.00,2,0,7,0,2,3,0,3,118,2
"org.apache.lucene.index.RandomIndexWriter",14,0.08,1.50,55,0.64,12010.39,19,5,15,35,99,180.01,27,85,84,1,130.01,0.00,0.00,0.27,0,0.00,5,1906.65,0,1,15,java.lang.Object,0.00,21,0,21,0,21,13,1,11,429,1
"org.apache.lucene.index.RandomIndexWriter$MockIndexWriter",2,1.00,1.50,8,0.09,1373.19,3,1,15,5,3,176.11,3,13,0,2,126.11,0.00,0.50,0.50,0,2.00,2,283.99,0,0,3,org.apache.lucene.index.IndexWriter,0.00,3,1,3,0,3,2,0,3,69,3
"org.apache.lucene.index.RandomIndexWriter$ReusableAnalyzerBase",1,0.00,1.00,4,0.06,1123.43,1,0,15,4,3,124.52,0,0,0,1,124.52,0.00,0.00,0.00,0,1.00,1,168.54,0,1,3,java.lang.Object,0.00,3,0,1,0,3,0,0,0,40,0
"org.apache.lucene.index.ReadOnlyDirectoryReader",4,0.00,1.00,9,0.15,1900.50,4,0,4,5,8,138.69,0,15,3,3,138.69,0.00,0.67,0.00,0,4.00,1,464.53,0,0,7,org.apache.lucene.index.DirectoryReader,0.02,1,2,4,0,1,4,0,0,109,0
"org.apache.lucene.index.ReadOnlySegmentReader",3,0.00,1.00,7,0.06,767.12,3,0,0,5,3,122.94,17,13,3,3,140.81,0.00,0.67,0.00,1,4.00,1,168.86,0,0,1,org.apache.lucene.index.SegmentReader,0.04,2,2,3,0,2,3,0,2,48,0
"org.apache.lucene.index.RepeatingTokenStream",2,0.33,1.50,14,0.10,1529.45,5,3,11,4,7,116.68,0,19,1,3,116.68,0.00,0.67,0.50,0,2.00,2,306.36,0,0,6,org.apache.lucene.analysis.TokenStream,0.30,2,2,3,0,2,2,0,0,74,0
"org.apache.lucene.index.ReusableStringReader",4,0.00,1.50,26,0.24,11942.70,7,3,1,6,1,164.51,4,34,1,2,114.51,0.00,0.50,0.33,1,4.00,3,717.89,0,0,0,java.io.Reader,0.00,2,1,6,0,2,4,0,2,162,1
"org.apache.lucene.index.SegmentCoreReaders",10,0.20,3.60,122,1.38,67012.15,26,16,4,35,11,120.93,31,163,1,1,100.32,0.00,0.00,0.24,1,2.00,11,4153.58,0,2,11,java.lang.Object,0.00,25,0,36,0,25,8,0,30,780,1
"org.apache.lucene.index.SegmentInfo",43,0.12,3.23,473,5.56,476719.80,67,24,13,85,45,100.27,187,587,38,1,100.03,0.00,0.00,0.16,6,491.00,24,16683.79,0,9,9,java.lang.Object,0.00,42,0,139,0,42,34,1,118,3023,2
"org.apache.lucene.index.SegmentInfos",56,0.01,2.12,372,4.51,221187.90,83,27,20,152,45,113.71,269,507,34,1,113.48,0.00,0.00,0.04,17,1634.00,18,13541.87,1,15,12,java.lang.Object,0.00,96,0,119,0,96,41,2,118,2621,2
"org.apache.lucene.index.SegmentInfos$FindSegmentsFile",1,0.00,1.00,4,0.03,377.93,1,0,20,2,1,128.25,0,6,0,1,128.25,0.00,0.00,0.00,0,1.00,1,97.45,0,1,1,java.lang.Object,0.00,1,0,1,0,1,0,0,0,26,0
"org.apache.lucene.index.SegmentInfos$FindSegmentsFile_0",4,1.00,9.75,99,1.43,177468.68,5,1,20,19,7,44.83,51,147,0,1,82.40,0.00,0.00,0.25,2,6.00,36,4275.64,0,3,7,java.lang.Object,0.00,15,0,39,0,15,1,0,46,644,3
"org.apache.lucene.index.SegmentMergeInfo",5,0.22,2.40,46,0.35,11548.38,14,9,2,13,8,158.72,5,57,4,1,108.72,0.00,0.00,0.29,0,0.00,5,1043.11,0,0,4,java.lang.Object,0.00,8,0,12,0,8,5,0,5,237,1
"org.apache.lucene.index.SegmentMergeQueue",3,0.00,1.67,8,0.11,3141.37,3,0,2,4,4,135.87,0,17,2,2,135.87,0.00,0.50,0.00,0,3.00,2,342.92,1,0,2,org.apache.lucene.util.PriorityQueue,0.00,1,1,5,0,1,3,0,0,84,1
"org.apache.lucene.index.SegmentMerger",21,0.11,4.43,384,5.25,414103.47,40,19,12,108,35,90.25,104,461,3,1,90.01,0.00,0.00,0.16,9,101.00,12,15752.37,0,2,32,java.lang.Object,0.00,87,0,93,0,87,19,0,66,2678,1
"org.apache.lucene.index.SegmentMerger$CheckAbort",1,0.00,1.00,2,0.02,152.43,1,0,12,1,0,192.58,1,4,0,1,142.58,0.00,0.00,0.00,0,1.00,1,55.44,0,0,0,java.lang.Object,0.00,0,0,1,0,0,1,0,1,18,0
"org.apache.lucene.index.SegmentMerger$CheckAbort_0",2,0.33,1.50,12,0.10,1522.56,5,3,12,3,1,119.42,8,16,0,1,119.19,0.00,0.00,0.50,0,2.00,2,299.61,0,0,1,java.lang.Object,0.00,1,0,3,0,1,2,0,1,74,1
"org.apache.lucene.index.SegmentNorms",10,0.26,2.60,125,1.44,78595.79,21,11,4,33,9,100.08,49,161,6,1,99.85,0.00,0.00,0.33,2,0.00,4,4305.16,1,2,4,java.lang.Object,0.00,23,0,26,0,23,8,1,42,834,1
"org.apache.lucene.index.SegmentReader",65,0.03,2.20,438,5.70,332080.95,84,19,19,156,58,152.48,137,630,34,2,112.59,1.00,0.33,0.08,13,1316.00,15,17089.17,2,15,30,org.apache.lucene.index.IndexReader,0.36,91,1,143,1,91,50,1,93,3293,1
"org.apache.lucene.index.SegmentReader$FieldsReaderLocal",1,0.00,1.00,3,0.03,413.69,1,0,19,2,2,132.60,0,6,0,2,132.60,0.00,0.50,0.00,0,0.00,1,98.84,0,0,2,org.apache.lucene.util.CloseableThreadLocal,0.40,1,1,1,0,1,1,0,0,28,1
"org.apache.lucene.index.SegmentTermDocs",13,0.17,2.62,118,1.43,63550.92,29,16,3,34,13,156.13,22,152,4,1,106.13,0.00,0.00,0.22,4,23.00,6,4287.05,0,0,10,java.lang.Object,0.00,21,0,34,2,21,13,1,22,843,0
"org.apache.lucene.index.SegmentTermEnum",13,0.16,2.08,103,1.19,53556.22,28,15,2,30,13,150.73,34,139,5,2,110.84,0.00,0.50,0.22,0,0.00,7,3579.75,1,4,8,org.apache.lucene.index.TermEnum,0.47,17,1,27,0,17,9,1,27,700,1
"org.apache.lucene.index.SegmentTermPositionVector",3,0.00,2.33,20,0.23,7431.53,6,3,0,3,4,65.05,28,30,1,2,115.05,0.00,0.50,0.33,0,5.00,3,703.11,0,0,3,org.apache.lucene.index.SegmentTermVector,0.00,0,1,7,0,0,3,1,3,160,0
"org.apache.lucene.index.SegmentTermPositions",15,0.16,1.87,91,0.82,22509.03,22,7,2,23,7,156.70,37,123,2,2,116.82,0.00,0.50,0.30,4,24.00,4,2468.69,3,0,6,org.apache.lucene.index.SegmentTermDocs,0.36,8,1,28,0,8,15,1,37,545,1
"org.apache.lucene.index.SegmentTermVector",8,0.00,1.88,41,0.40,15373.39,11,3,1,13,4,168.92,9,49,3,1,118.92,0.00,0.00,0.33,0,12.00,4,1206.93,0,3,1,java.lang.Object,0.00,5,0,15,1,5,5,1,6,274,0
"org.apache.lucene.index.SegmentWriteState",1,11.00,1.00,20,0.20,3077.47,12,11,3,1,23,138.94,22,23,19,1,95.00,0.00,0.00,0.00,0,1.00,1,609.67,0,0,4,java.lang.Object,0.00,0,0,1,0,0,1,0,10,132,1
"org.apache.lucene.index.SerialMergeScheduler",2,0.00,2.00,7,0.08,2050.42,2,0,1,4,18,169.22,5,14,15,2,129.33,1.00,0.33,0.00,0,2.00,3,228.37,0,0,3,org.apache.lucene.index.MergeScheduler,0.50,2,1,4,1,2,2,0,2,55,1
"org.apache.lucene.index.SlowMultiReaderWrapper",3,0.00,1.00,9,0.09,2517.66,3,0,2,7,3,180.18,4,14,0,3,130.18,0.00,0.67,0.00,1,3.00,1,279.54,0,0,3,org.apache.lucene.index.MultiReader,0.02,4,2,3,0,4,3,0,1,72,1
"org.apache.lucene.index.SnapshotDeletionPolicy",12,0.02,2.83,84,1.13,47019.45,16,4,10,37,9,60.94,115,113,6,1,110.94,0.00,0.00,0.27,4,30.00,10,3387.35,0,2,3,java.lang.Object,0.00,25,0,34,1,25,10,1,21,689,1
"org.apache.lucene.index.SnapshotDeletionPolicy$SnapshotCommitPoint",12,0.18,1.08,28,0.24,3894.96,13,1,10,21,3,139.98,6,53,0,2,139.98,0.00,0.50,0.83,2,0.00,2,734.47,0,5,3,org.apache.lucene.index.IndexCommit,0.72,9,1,13,0,9,7,0,3,202,1
"org.apache.lucene.index.SnapshotDeletionPolicy$SnapshotInfo",2,0.00,1.00,10,0.07,1118.76,5,3,10,2,1,123.29,0,14,0,1,123.29,0.00,0.00,0.33,0,2.00,1,221.39,0,1,1,java.lang.Object,0.00,0,0,2,0,0,1,0,0,61,2
"org.apache.lucene.index.SortedTermVectorMapper",5,0.10,2.80,42,0.72,61018.36,10,5,1,18,5,72.67,34,66,2,2,104.90,0.00,0.50,0.28,0,2.00,10,2174.46,0,1,3,org.apache.lucene.index.TermVectorMapper,0.00,13,1,14,0,13,4,0,9,412,1
"org.apache.lucene.index.StaleReaderException",1,0.00,1.00,3,0.02,106.02,1,0,1,1,4,88.78,10,5,4,2,137.25,0.00,0.50,0.00,0,1.00,1,45.51,0,0,0,java.io.IOException,0.00,0,1,1,0,0,1,0,1,16,1
"org.apache.lucene.index.StoredFieldsWriter",9,0.16,1.89,62,0.70,20649.42,16,7,4,26,10,115.36,8,80,2,1,115.36,0.00,0.00,0.29,3,14.00,4,2097.24,0,2,9,java.lang.Object,0.00,17,0,17,0,17,7,0,8,444,1
"org.apache.lucene.index.StoredFieldsWriter$PerDoc",4,0.00,1.00,15,0.12,1471.44,7,3,4,10,1,133.00,0,23,0,2,133.00,0.00,0.50,0.33,1,4.00,1,349.72,0,0,1,DocumentsWriter.DocWriter,0.00,6,1,4,0,6,4,0,0,92,0
"org.apache.lucene.index.StoredFieldsWriterPerThread",5,0.25,1.60,32,0.33,8457.92,9,4,3,14,6,166.44,5,43,2,1,116.44,0.00,0.00,0.45,0,0.00,2,990.05,0,1,5,java.lang.Object,0.00,9,0,8,0,9,4,0,5,220,1
"org.apache.lucene.index.Term",12,0.27,2.08,45,0.53,19339.86,14,2,1,19,407,128.01,52,67,406,1,127.78,0.00,0.00,0.75,0,0.00,10,1589.33,0,4,1,java.lang.Object,0.00,7,0,25,0,7,8,2,12,377,2
"org.apache.lucene.index.TermBuffer",9,0.27,2.11,76,0.89,33743.36,15,6,3,27,6,159.00,11,97,2,1,109.00,0.00,0.00,0.41,1,0.00,4,2684.22,1,2,4,java.lang.Object,0.00,18,0,19,0,18,7,1,9,562,1
"org.apache.lucene.index.TermDocs",8,0.00,1.00,9,0.06,313.23,8,0,2,8,83,140.58,41,10,81,2,158.46,0.00,0.50,0.00,0,8.00,1,175.15,0,0,2,,0.00,0,1,8,0,0,8,0,9,63,1
"org.apache.lucene.index.TermEnum",4,0.00,1.00,5,0.03,231.17,4,0,2,4,99,197.01,8,6,98,1,157.13,0.00,0.00,0.00,0,4.00,1,98.67,0,0,1,java.lang.Object,0.00,0,0,4,16,0,4,1,5,35,2
"org.apache.lucene.index.TermFreqVector",6,0.00,1.00,7,0.04,253.51,6,0,0,6,38,110.09,51,8,38,1,158.20,0.00,0.00,0.00,0,6.00,1,125.08,0,2,0,,0.00,0,0,6,0,0,4,0,8,46,1
"org.apache.lucene.index.TermInfo",5,0.38,1.00,25,0.18,2904.13,9,4,0,5,10,143.78,18,29,10,1,123.16,0.00,0.00,0.55,0,2.00,1,538.58,0,0,0,java.lang.Object,0.00,0,0,5,1,0,5,0,3,147,0
"org.apache.lucene.index.TermInfosReader",0,0.00,0.00,16,0.23,7074.72,12,12,4,2,8,171.00,7,16,1,1,171.00,0.00,0.00,0.00,0,0.00,0,690.22,0,0,7,java.lang.Object,0.00,2,0,0,0,2,0,0,3,128,1
"org.apache.lucene.index.TermInfosReader$CloneableTerm",4,0.33,1.00,11,0.11,1833.90,5,1,4,10,1,138.81,0,19,0,2,138.81,0.00,0.50,0.75,0,0.00,1,341.89,0,1,1,DoubleBarrelLRUCache.CloneableKey,0.00,6,1,4,0,6,3,0,0,91,2
"org.apache.lucene.index.TermInfosReader$TermInfoAndOrd",1,1.00,1.00,5,0.04,442.87,2,1,4,1,1,124.09,0,7,0,2,124.09,0.00,0.50,0.00,0,1.00,1,111.58,0,0,1,org.apache.lucene.index.TermInfo,0.00,0,1,1,0,0,1,0,0,31,3
"org.apache.lucene.index.TermInfosReader$ThreadResources",15,0.93,2.93,134,1.89,168264.61,16,1,4,31,7,155.17,29,192,0,1,105.17,0.00,0.00,0.13,7,78.00,11,5673.78,0,3,7,java.lang.Object,0.00,16,0,44,0,16,12,0,29,1051,3
"org.apache.lucene.index.TermInfosWriter",9,0.18,2.56,97,1.58,90642.75,28,19,5,34,11,84.09,53,128,4,1,101.96,0.00,0.00,0.22,5,5.00,6,4753.02,0,0,7,java.lang.Object,0.00,25,0,23,0,25,9,0,40,883,1
"org.apache.lucene.index.TermPositionVector",2,0.00,1.00,3,0.02,138.91,2,0,0,2,16,165.63,34,4,15,2,156.50,0.00,0.50,0.00,0,2.00,1,61.97,0,0,1,,0.00,0,1,2,0,0,2,0,4,22,1
"org.apache.lucene.index.TermPositions",4,0.00,1.00,5,0.03,177.88,4,0,1,4,52,113.89,45,8,52,2,158.02,0.00,0.50,0.00,0,4.00,1,93.08,0,0,0,,0.00,0,1,4,0,0,4,0,5,34,1
"org.apache.lucene.index.TermVectorAccessor",3,0.00,4.00,52,0.77,52207.84,7,4,4,30,8,90.92,48,59,1,1,91.39,0.00,0.00,0.25,1,5.00,9,2316.18,0,0,7,java.lang.Object,0.00,27,0,12,0,27,3,0,8,407,1
"org.apache.lucene.index.TermVectorAccessor$TermVectorMapperDecorator",5,0.12,1.00,14,0.15,2373.45,7,2,4,10,2,138.69,0,25,0,2,138.69,0.00,0.50,0.60,0,0.00,1,462.46,0,0,2,org.apache.lucene.index.TermVectorMapper,0.50,5,1,5,0,5,5,0,0,119,2
"org.apache.lucene.index.TermVectorEntry",13,0.05,1.38,39,0.37,9728.94,18,5,0,16,8,180.49,19,60,7,1,130.49,0.00,0.00,0.15,0,69.00,5,1101.38,0,3,1,java.lang.Object,0.00,3,0,18,0,3,10,0,3,277,1
"org.apache.lucene.index.TermVectorEntryFreqSortedComparator",1,0.00,3.00,9,0.11,4356.12,1,0,1,5,4,88.62,5,15,3,1,106.49,0.00,0.00,0.00,0,1.00,3,331.60,0,0,1,java.lang.Object,0.00,4,0,3,0,4,1,1,1,78,1
"org.apache.lucene.index.TermVectorMapper",7,0.42,1.00,14,0.10,1089.32,9,2,0,7,21,92.51,67,22,20,1,142.51,0.00,0.00,0.14,0,17.00,1,307.39,0,0,1,java.lang.Object,0.00,0,0,7,7,0,7,0,8,92,2
"org.apache.lucene.index.TermVectorOffsetInfo",8,0.10,1.50,28,0.24,6972.22,11,3,1,8,30,130.19,38,39,30,1,129.95,0.00,0.00,0.25,0,12.00,5,723.90,0,0,0,java.lang.Object,0.00,0,0,12,0,0,8,1,6,181,1
"org.apache.lucene.index.TermVectorsReader",21,0.10,3.43,291,3.60,268043.22,36,15,6,51,20,97.07,93,337,8,1,96.83,0.00,0.00,0.16,8,45.00,16,10801.62,1,7,12,java.lang.Object,0.00,30,0,72,0,30,14,1,67,1976,0
"org.apache.lucene.index.TermVectorsTermsWriter",9,0.31,2.78,109,1.51,69610.74,18,9,8,33,15,149.89,11,134,3,2,99.89,0.00,0.50,0.38,3,14.00,5,4538.05,0,0,14,org.apache.lucene.index.TermsHashConsumer,0.31,24,1,25,0,24,9,0,10,844,1
"org.apache.lucene.index.TermVectorsTermsWriter$PerDoc",5,0.15,1.40,25,0.24,5203.90,10,5,8,13,2,121.09,0,36,0,2,121.09,0.00,0.50,0.32,1,6.00,3,707.08,0,0,2,DocumentsWriter.DocWriter,0.00,8,1,7,0,8,5,0,0,169,0
"org.apache.lucene.index.TermVectorsTermsWriterPerField",11,0.21,2.82,139,1.94,138923.56,22,11,6,36,15,138.09,23,171,2,2,98.21,0.00,0.50,0.28,0,0.00,11,5823.14,0,1,15,org.apache.lucene.index.TermsHashConsumerPerField,0.63,25,1,31,0,25,10,0,20,1018,1
"org.apache.lucene.index.TermVectorsTermsWriterPerField$TermVectorsPostingsArray",4,0.22,1.00,20,0.21,4831.85,7,3,6,6,2,120.66,3,28,0,2,120.66,0.00,0.50,0.50,0,4.00,1,633.94,2,1,2,org.apache.lucene.index.ParallelPostingsArray,0.44,2,1,4,0,2,3,0,3,153,2
"org.apache.lucene.index.TermVectorsTermsWriterPerThread",7,0.00,1.43,34,0.33,6993.24,14,7,1,13,9,124.84,3,56,2,2,124.84,0.00,0.50,0.14,1,17.00,2,986.41,0,1,9,org.apache.lucene.index.TermsHashConsumerPerThread,0.55,6,1,10,0,6,6,0,3,232,1
"org.apache.lucene.index.TermVectorsWriter",4,0.67,7.00,125,1.92,240742.40,9,5,5,32,11,45.06,24,142,1,1,77.28,0.00,0.00,0.70,0,0.00,15,5746.67,0,0,10,java.lang.Object,0.00,28,0,28,0,28,4,0,14,965,1
"org.apache.lucene.index.TermsHash",7,0.00,2.14,42,0.68,38778.97,11,4,6,23,14,162.32,8,66,3,2,112.32,0.00,0.50,0.25,0,0.00,8,2036.37,0,0,12,org.apache.lucene.index.InvertedDocConsumer,0.33,16,1,15,0,16,7,0,1,401,1
"org.apache.lucene.index.TermsHashConsumer",4,1.00,1.00,7,0.06,503.15,5,1,3,4,8,154.47,0,9,4,1,154.47,0.00,0.00,0.00,0,4.00,1,171.24,0,1,4,java.lang.Object,0.00,0,0,4,2,0,3,0,0,51,1
"org.apache.lucene.index.TermsHashConsumerPerField",8,0.00,1.00,9,0.07,388.64,8,0,2,8,10,157.72,0,10,8,1,157.72,0.00,0.00,0.00,0,8.00,1,198.29,0,1,2,java.lang.Object,0.00,0,0,8,2,0,7,0,0,67,1
"org.apache.lucene.index.TermsHashConsumerPerThread",4,0.00,1.00,5,0.03,220.08,4,0,1,4,10,157.29,0,6,7,1,157.29,0.00,0.00,0.00,0,4.00,1,104.91,0,2,3,java.lang.Object,0.00,0,0,4,2,0,2,0,0,36,1
"org.apache.lucene.index.TermsHashPerField",20,0.16,3.45,292,4.34,418179.46,43,23,7,51,24,133.83,42,355,8,2,93.94,0.00,0.50,0.20,7,6.00,17,13031.57,0,0,17,org.apache.lucene.index.InvertedDocConsumerPerField,0.24,31,1,69,0,31,20,0,40,2237,1
"org.apache.lucene.index.TermsHashPerField$SorterTemplate",5,0.08,2.20,36,0.59,26794.19,8,3,7,5,1,109.93,4,55,0,1,109.93,0.00,0.00,0.40,1,0.00,5,1766.54,0,0,1,java.lang.Object,0.00,0,0,11,0,0,5,0,3,361,0
"org.apache.lucene.index.TermsHashPerThread",6,0.28,2.17,42,0.50,15402.86,14,8,1,20,17,112.45,2,66,8,2,112.45,0.00,0.50,0.35,1,0.00,3,1487.40,0,1,11,org.apache.lucene.index.InvertedDocConsumerPerThread,0.60,14,1,13,0,14,5,0,2,324,1
"org.apache.lucene.index.Test2BTerms",1,0.00,3.00,32,0.66,34119.62,1,0,7,31,9,30.80,8,39,0,2,78.91,0.00,0.50,0.00,0,1.00,3,1988.44,0,0,9,org.apache.lucene.util.LuceneTestCase,0.00,30,1,3,0,30,1,0,8,306,1
"org.apache.lucene.index.Test2BTerms$MyTokenStream",3,0.50,1.67,29,0.30,8852.22,9,6,7,6,3,107.96,0,34,0,3,107.96,0.00,0.67,0.50,0,0.00,3,894.94,0,0,3,org.apache.lucene.analysis.TokenStream,0.55,3,2,5,0,3,3,0,0,186,3
"org.apache.lucene.index.TestAddIndexes",23,0.00,1.87,436,6.79,292942.28,23,0,18,97,19,112.32,79,466,0,2,91.71,0.00,0.50,0.00,6,23.00,4,20360.30,0,1,19,org.apache.lucene.util.LuceneTestCase,0.00,74,1,43,0,74,22,0,79,3577,1
"org.apache.lucene.index.TestAddIndexes$CommitAndAddIndexes",3,0.00,4.33,30,0.39,16877.31,3,0,18,12,1,103.83,0,48,0,2,103.83,0.00,0.50,0.00,0,3.00,11,1168.66,0,0,1,org.apache.lucene.index.RunAddIndexesThreads,0.00,9,1,13,0,9,3,0,0,227,1
"org.apache.lucene.index.TestAddIndexes$CommitAndAddIndexes2",2,0.00,1.50,8,0.08,1521.88,2,0,18,4,0,125.76,0,14,0,2,125.76,0.00,0.50,0.00,0,2.00,2,238.21,0,0,0,org.apache.lucene.index.CommitAndAddIndexes,0.00,2,1,3,0,2,2,0,0,59,1
"org.apache.lucene.index.TestAddIndexes$CommitAndAddIndexes3",3,0.00,5.67,37,0.50,21886.10,3,0,18,12,2,99.92,0,58,0,2,99.92,0.00,0.50,0.00,0,3.00,11,1511.53,0,0,2,org.apache.lucene.index.RunAddIndexesThreads,0.00,9,1,17,0,9,3,0,0,289,1
"org.apache.lucene.index.TestAddIndexes$RunAddIndexesThreads",7,0.03,2.00,59,0.56,16558.95,17,10,18,19,7,110.58,0,50,0,1,110.58,0.00,0.00,0.13,0,19.00,4,1674.48,0,0,7,java.lang.Object,0.00,12,0,14,0,12,7,0,0,343,2
"org.apache.lucene.index.TestAddIndexes$RunAddIndexesThreads$Thread",1,0.00,5.00,14,0.15,7555.83,1,0,18,3,1,147.34,1,17,0,1,97.34,0.00,0.00,0.00,0,0.00,5,439.08,0,0,1,java.lang.Object,0.00,2,0,5,0,2,1,0,1,85,0
"org.apache.lucene.index.TestAtomicUpdate",2,0.00,2.00,56,0.81,40575.92,2,0,7,32,10,40.65,14,60,0,2,82.94,0.00,0.50,0.00,1,2.00,3,2428.29,0,0,10,org.apache.lucene.util.LuceneTestCase,0.00,30,1,4,0,30,2,0,8,410,1
"org.apache.lucene.index.TestAtomicUpdate$IndexerThread",2,1.00,1.50,14,0.21,6899.25,3,1,7,9,5,111.52,1,16,0,2,111.52,0.00,0.50,0.50,0,2.00,2,643.98,0,0,5,org.apache.lucene.index.TimedThread,0.00,7,1,3,0,7,2,0,1,129,2
"org.apache.lucene.index.TestAtomicUpdate$MockIndexWriter",2,1.00,1.50,7,0.07,817.19,3,1,7,4,3,132.55,1,12,0,2,132.55,0.00,0.50,0.50,0,2.00,2,211.12,0,0,3,org.apache.lucene.index.IndexWriter,0.00,2,1,3,0,2,2,0,1,54,3
"org.apache.lucene.index.TestAtomicUpdate$SearcherThread",2,1.00,1.00,9,0.09,1239.47,3,1,7,6,2,126.55,0,13,0,2,126.55,0.00,0.50,0.50,0,2.00,1,257.15,0,0,2,org.apache.lucene.index.TimedThread,0.00,4,1,2,0,4,2,0,0,64,2
"org.apache.lucene.index.TestAtomicUpdate$TimedThread",4,0.08,2.00,23,0.29,9000.37,8,4,7,9,0,118.37,0,31,0,2,118.37,0.00,0.50,0.31,2,4.00,3,855.98,0,0,0,org.apache.lucene.store.Thread,0.00,5,1,8,0,5,4,0,0,178,3
"org.apache.lucene.index.TestBackwardsCompatibility",18,0.22,3.39,408,7.25,434880.14,21,3,25,113,26,68.26,103,450,0,2,86.13,0.00,0.50,0.13,8,74.00,12,21739.21,0,2,26,org.apache.lucene.util.LuceneTestCase,0.00,95,1,61,0,95,16,0,59,3534,1
"org.apache.lucene.index.TestBackwardsCompatibility$FieldSelector",1,0.00,2.00,3,0.03,518.00,1,0,25,2,1,131.67,0,4,0,1,131.67,0.00,0.00,0.00,0,1.00,2,100.00,0,1,1,java.lang.Object,0.00,1,0,2,0,1,0,0,0,27,0
"org.apache.lucene.index.TestByteSlices",1,0.00,14.00,57,0.82,94609.82,1,0,3,15,3,115.71,1,54,0,2,65.71,0.00,0.50,0.00,0,1.00,14,2474.84,0,0,3,org.apache.lucene.util.LuceneTestCase,0.00,14,1,14,0,14,1,0,1,410,1
"org.apache.lucene.index.TestByteSlices$ByteBlockAllocator",3,1.00,2.00,20,0.24,8319.98,4,1,3,6,1,114.70,2,24,0,2,114.70,0.00,0.50,0.33,0,4.00,2,734.16,0,0,1,ByteBlockPool.Allocator,0.00,3,1,6,0,3,3,0,2,160,2
"org.apache.lucene.index.TestCheckIndex",2,0.00,2.50,54,0.98,46760.71,2,0,11,35,8,82.99,1,59,0,2,82.99,0.00,0.50,0.00,0,2.00,4,2945.64,0,0,8,org.apache.lucene.util.LuceneTestCase,0.00,33,1,5,0,33,2,0,1,462,1
"org.apache.lucene.index.TestCompoundFile",23,0.45,1.70,354,4.39,224271.67,24,1,11,56,9,95.83,101,410,1,2,95.60,0.00,0.50,0.57,9,0.00,3,13184.44,2,0,8,org.apache.lucene.util.LuceneTestCase,0.00,33,1,39,0,33,23,0,79,2511,1
"org.apache.lucene.index.TestConcurrentMergeScheduler",4,0.00,5.75,128,1.88,89539.09,4,0,7,41,9,100.81,15,129,0,2,80.20,0.00,0.50,0.00,0,4.00,9,5638.31,0,0,9,org.apache.lucene.util.LuceneTestCase,0.00,37,1,23,0,37,4,0,15,921,1
"org.apache.lucene.index.TestConcurrentMergeScheduler$FailOnlyOnFlush",3,0.00,2.67,24,0.33,14742.05,5,2,7,11,1,108.02,0,34,0,2,108.02,0.00,0.50,0.50,0,1.00,6,998.20,0,0,1,MockDirectoryWrapper.Failure,0.00,8,1,8,0,8,3,0,0,192,2
"org.apache.lucene.index.TestCrash",10,0.00,1.20,96,1.18,26244.56,10,0,9,39,9,129.05,38,106,0,2,108.44,0.00,0.50,0.00,2,10.00,3,3532.18,0,2,9,org.apache.lucene.util.LuceneTestCase,0.00,29,1,12,0,29,8,0,11,718,1
"org.apache.lucene.index.TestDeletionPolicy",9,0.00,6.33,407,6.43,658847.10,9,0,15,70,17,22.12,97,444,0,2,70.60,0.00,0.50,0.00,1,9.00,12,19299.90,0,0,17,org.apache.lucene.util.LuceneTestCase,0.00,61,1,57,0,61,9,0,71,3009,1
"org.apache.lucene.index.TestDeletionPolicy$ExpirationTimeDeletionPolicy",3,0.00,2.33,20,0.24,9927.67,6,3,15,10,3,114.06,1,25,0,1,114.06,0.00,0.00,0.33,1,4.00,4,708.38,0,0,3,java.lang.Object,0.00,7,0,7,0,7,3,1,1,149,0
"org.apache.lucene.index.TestDeletionPolicy$KeepAllDeletionPolicy",2,0.33,2.00,14,0.18,4895.39,5,3,15,10,4,112.63,0,17,0,1,112.63,0.00,0.00,0.50,0,2.00,2,532.41,0,0,4,java.lang.Object,0.00,8,0,4,0,8,2,1,0,113,0
"org.apache.lucene.index.TestDeletionPolicy$KeepLastNDeletionPolicy",4,0.00,2.50,29,0.32,10564.10,9,5,15,13,2,112.32,3,34,0,1,112.32,0.00,0.00,0.20,1,8.00,5,953.75,0,0,2,java.lang.Object,0.00,9,0,10,0,9,4,1,3,199,0
"org.apache.lucene.index.TestDeletionPolicy$KeepNoneOnInitDeletionPolicy",2,0.00,3.00,19,0.17,5248.19,4,2,15,9,2,158.23,2,20,0,1,108.23,0.00,0.00,0.50,0,2.00,3,514.00,0,0,2,java.lang.Object,0.00,7,0,6,0,7,2,1,2,112,0
"org.apache.lucene.index.TestDirectoryReader",10,0.09,1.80,135,1.71,63913.69,15,5,8,55,15,149.34,14,153,0,2,99.34,1.00,0.33,0.28,4,10.00,3,5137.52,2,1,15,org.apache.lucene.util.LuceneTestCase,0.00,45,1,18,1,45,9,0,14,1000,1
"org.apache.lucene.index.TestDoc",7,0.06,2.29,122,1.76,78568.99,10,3,17,64,16,132.90,14,146,1,2,93.02,0.00,0.50,0.29,4,11.00,5,5279.31,1,3,15,org.apache.lucene.util.LuceneTestCase,0.00,57,1,16,0,57,4,0,5,956,1
"org.apache.lucene.index.TestDocumentWriter",8,0.00,1.00,111,1.78,43070.54,9,1,22,46,24,139.95,18,127,0,2,100.07,0.00,0.50,1.00,0,0.00,1,5347.66,2,0,24,org.apache.lucene.util.LuceneTestCase,0.00,38,1,8,0,38,8,0,11,953,1
"org.apache.lucene.index.TestDocumentWriter$Analyzer",2,0.00,1.00,5,0.04,500.23,2,0,22,3,1,140.89,0,9,0,1,140.89,0.00,0.00,0.00,0,2.00,1,130.60,0,1,1,java.lang.Object,0.00,1,0,2,0,1,1,0,0,36,0
"org.apache.lucene.index.TestDocumentWriter$Analyzer_0",1,0.00,1.00,3,0.02,273.52,1,0,22,3,1,134.01,0,5,0,1,134.01,0.00,0.00,0.00,0,1.00,1,74.42,0,1,1,java.lang.Object,0.00,2,0,1,0,2,0,0,0,21,0
"org.apache.lucene.index.TestDocumentWriter$Analyzer_0$WhitespaceTokenizer",1,0.00,5.00,23,0.29,9348.57,6,5,22,10,4,128.45,2,28,0,1,88.57,0.00,0.00,1.00,0,0.00,5,865.87,0,0,4,java.lang.Object,0.00,9,0,5,0,9,1,0,2,167,0
"org.apache.lucene.index.TestDocumentWriter$TokenStream",1,0.00,2.00,11,0.12,2455.90,4,3,22,4,1,105.30,0,14,0,1,105.30,0.00,0.00,1.00,0,0.00,2,355.23,0,0,1,java.lang.Object,0.00,3,0,2,0,3,1,0,0,78,0
"org.apache.lucene.index.TestFieldInfos",2,0.00,1.00,36,0.48,23011.77,3,1,5,16,6,132.08,5,40,0,2,92.20,0.00,0.50,1.00,0,0.00,1,1444.43,1,0,6,org.apache.lucene.util.LuceneTestCase,0.00,14,1,2,0,14,2,0,5,270,1
"org.apache.lucene.index.TestFieldNormModifier",6,0.20,2.17,98,1.35,65664.80,8,2,14,34,15,133.98,13,103,0,2,94.10,0.00,0.50,0.67,0,0.00,3,4045.04,2,0,15,org.apache.lucene.util.LuceneTestCase,0.00,28,1,13,0,28,6,0,11,740,1
"org.apache.lucene.index.TestFieldNormModifier$Collector",4,0.33,1.00,11,0.11,1745.14,6,2,14,5,2,138.98,0,19,0,1,138.98,0.00,0.00,0.25,0,6.00,1,339.96,0,0,2,java.lang.Object,0.00,1,0,4,0,1,4,0,0,87,0
"org.apache.lucene.index.TestFieldNormModifier$Collector_0",4,0.33,1.00,11,0.11,1745.14,6,2,14,5,2,138.98,0,19,0,1,138.98,0.00,0.00,0.25,0,6.00,1,339.96,0,0,2,java.lang.Object,0.00,1,0,4,0,1,4,0,0,87,0
"org.apache.lucene.index.TestFieldNormModifier$Collector_1",4,0.33,1.00,11,0.11,1745.14,6,2,14,5,2,138.98,0,19,0,1,138.98,0.00,0.00,0.25,0,6.00,1,339.96,0,0,2,java.lang.Object,0.00,1,0,4,0,1,4,0,0,87,0
"org.apache.lucene.index.TestFieldNormModifier$DefaultSimilarity",1,0.00,2.00,3,0.06,1376.59,1,0,14,4,1,128.33,0,5,0,1,128.33,0.00,0.00,0.00,0,1.00,2,168.54,0,0,1,java.lang.Object,0.00,3,0,2,0,3,1,0,0,40,0
"org.apache.lucene.index.TestFieldsReader",11,0.35,1.91,294,4.83,317292.83,15,4,22,64,21,132.95,18,307,0,2,82.95,0.00,0.50,0.57,1,0.00,5,14480.58,2,0,21,org.apache.lucene.util.LuceneTestCase,0.00,53,1,21,0,53,11,0,12,2423,1
"org.apache.lucene.index.TestFieldsReader$FaultyFSDirectory",10,0.00,1.00,23,0.25,4120.80,11,1,22,21,3,139.18,0,43,0,2,139.18,0.00,0.50,1.00,0,0.00,1,762.50,0,3,3,org.apache.lucene.store.Directory,0.13,11,1,10,0,11,7,0,0,199,2
"org.apache.lucene.index.TestFieldsReader$FaultyIndexInput",7,0.00,1.14,20,0.20,3016.39,10,3,22,14,2,138.99,1,34,0,3,138.99,0.00,0.67,0.33,1,0.00,2,589.43,0,1,2,org.apache.lucene.store.BufferedIndexInput,0.32,7,2,8,0,7,6,0,1,151,2
"org.apache.lucene.index.TestFieldsReader$FieldSelector",1,0.00,3.00,3,0.08,1823.83,1,0,22,2,2,127.27,0,10,0,1,127.27,0.00,0.00,0.00,0,1.00,3,227.62,0,1,2,java.lang.Object,0.00,1,0,3,0,1,0,0,0,54,0
"org.apache.lucene.index.TestFieldsReader$SetBasedFieldSelector",1,0.00,2.00,7,0.06,1914.89,1,0,22,1,1,113.47,0,10,0,1,113.47,0.00,0.00,0.00,0,1.00,2,182.42,1,1,1,java.lang.Object,0.00,0,0,2,0,0,0,0,0,44,0
"org.apache.lucene.index.TestFilterIndexReader",0,0.00,0.00,2,0.01,129.56,0,0,8,0,4,171.00,0,2,0,2,171.00,0.00,0.50,0.00,0,0.00,0,43.19,0,0,4,org.apache.lucene.util.LuceneTestCase,0.00,0,1,0,0,0,0,0,0,13,1
"org.apache.lucene.index.TestFilterIndexReader$TestReader",5,0.00,1.60,44,0.69,32436.67,5,0,8,36,11,157.19,9,53,0,3,107.19,0.00,0.67,0.00,0,7.00,4,2063.54,0,2,11,org.apache.lucene.index.FilterIndexReader,0.05,31,2,8,0,31,3,0,6,366,2
"org.apache.lucene.index.TestFilterIndexReader$TestReader$TestTermEnum",2,0.00,2.00,7,0.08,1465.23,2,0,8,5,1,130.48,1,13,0,2,130.48,0.00,0.50,0.00,0,2.00,3,228.47,0,0,1,org.apache.lucene.index.FilterTermEnum,0.00,3,1,4,0,3,2,0,1,56,2
"org.apache.lucene.index.TestFilterIndexReader$TestReader$TestTermPositions",2,0.00,2.00,7,0.07,1306.77,2,0,8,3,1,130.87,1,13,0,2,130.87,0.00,0.50,0.00,0,2.00,3,201.27,0,0,1,org.apache.lucene.index.FilterTermPositions,0.00,1,1,4,0,1,2,0,1,51,2
"org.apache.lucene.index.TestIndexCommit",1,0.00,1.00,8,0.08,1602.80,1,0,6,7,2,162.08,1,11,0,2,112.08,0.00,0.50,0.00,0,1.00,1,228.12,0,0,2,org.apache.lucene.util.LuceneTestCase,0.00,6,1,1,0,6,1,0,1,53,1
"org.apache.lucene.index.TestIndexCommit$IndexCommit",10,0.00,1.00,20,0.14,1816.49,10,0,6,10,1,141.98,0,11,0,1,141.98,0.00,0.00,0.00,0,10.00,1,425.24,0,4,1,java.lang.Object,0.00,0,0,10,0,0,6,0,0,124,0
"org.apache.lucene.index.TestIndexCommit$IndexCommit_0",10,0.00,1.00,20,0.14,1816.49,10,0,6,10,1,141.98,0,11,0,1,141.98,0.00,0.00,0.00,0,10.00,1,425.24,0,4,1,java.lang.Object,0.00,0,0,10,0,0,6,0,0,124,0
"org.apache.lucene.index.TestIndexFileDeleter",5,0.00,3.80,118,1.77,113495.80,5,0,11,52,15,35.60,45,123,0,2,85.60,0.00,0.50,0.00,3,5.00,7,5319.28,0,2,15,org.apache.lucene.util.LuceneTestCase,0.00,47,1,19,0,47,3,0,38,872,1
"org.apache.lucene.index.TestIndexInput",4,0.67,1.00,60,1.45,81191.59,5,1,5,25,4,93.44,18,97,0,2,93.21,0.00,0.50,0.50,1,4.00,1,4341.67,0,0,4,org.apache.lucene.util.LuceneTestCase,0.00,21,1,4,0,21,4,0,14,790,1
"org.apache.lucene.index.TestIndexReader",50,0.00,2.84,1221,19.02,1305148.49,50,0,33,196,38,84.73,226,1328,3,2,84.49,0.00,0.50,0.00,8,50.00,22,57048.39,0,2,35,org.apache.lucene.util.LuceneTestCase,0.00,146,1,142,0,146,48,0,193,9638,1
"org.apache.lucene.index.TestIndexReader$IndexReader.ReaderFinishedListener",1,0.00,1.00,3,0.02,160.08,1,0,33,1,1,135.84,0,4,0,1,135.84,0.00,0.00,0.00,0,1.00,1,58.53,0,0,1,java.lang.Object,0.00,0,0,1,0,0,1,0,0,18,0
"org.apache.lucene.index.TestIndexReaderClone",25,0.00,1.72,301,3.64,112140.31,25,0,8,76,13,141.75,62,350,0,2,101.86,0.00,0.50,0.00,5,25.00,4,10933.72,0,0,13,org.apache.lucene.util.LuceneTestCase,0.00,51,1,43,0,51,25,0,49,2141,1
"org.apache.lucene.index.TestIndexReaderCloneNorms",12,0.08,1.75,190,2.67,113288.92,20,8,16,67,14,135.58,34,209,0,2,95.70,0.00,0.50,0.20,7,34.00,4,8014.45,1,1,14,org.apache.lucene.util.LuceneTestCase,0.00,55,1,21,0,55,11,0,28,1467,1
"org.apache.lucene.index.TestIndexReaderCloneNorms$SimilarityOne",1,0.00,1.00,3,0.03,338.69,1,0,16,2,2,183.28,1,6,0,3,133.28,0.00,0.67,0.00,0,1.00,1,85.83,0,0,2,org.apache.lucene.search.DefaultSimilarity,0.00,1,2,1,0,1,1,0,1,24,1
"org.apache.lucene.index.TestIndexReaderReopen",28,0.44,3.50,681,8.27,665187.10,30,2,27,117,33,124.65,57,731,9,2,84.77,0.00,0.50,0.07,9,120.00,14,24817.91,1,3,24,org.apache.lucene.util.LuceneTestCase,0.00,89,1,98,0,89,25,0,46,4424,1
"org.apache.lucene.index.TestIndexReaderReopen$KeepAllCommits",2,0.00,2.00,3,0.04,350.27,2,0,27,2,1,153.17,0,6,0,1,153.17,0.00,0.00,0.00,0,2.00,2,105.69,0,0,1,java.lang.Object,0.00,0,0,4,0,0,2,1,0,31,2
"org.apache.lucene.index.TestIndexReaderReopen$ReaderCouple",1,0.00,1.00,6,0.03,288.17,3,2,27,1,1,122.60,0,8,0,1,122.60,0.00,0.00,1.00,0,0.00,1,94.21,0,0,1,java.lang.Object,0.00,0,0,1,0,0,1,0,0,29,2
"org.apache.lucene.index.TestIndexReaderReopen$ReaderThread",3,2.00,1.33,12,0.10,1431.65,5,2,27,5,0,127.38,0,19,0,2,127.38,0.00,0.50,0.00,1,3.00,2,291.27,0,0,0,org.apache.lucene.search.Thread,0.00,2,1,4,0,2,3,0,0,76,2
"org.apache.lucene.index.TestIndexReaderReopen$ReaderThreadTask",1,0.00,5.00,20,0.31,14785.30,1,0,27,16,5,109.88,3,29,0,1,89.26,0.00,0.00,0.00,0,1.00,5,939.38,0,0,5,java.lang.Object,0.00,15,0,5,0,15,1,0,3,157,0
"org.apache.lucene.index.TestIndexReaderReopen$ReaderThreadTask_7",1,0.00,3.00,9,0.12,2937.40,1,0,27,7,1,107.84,0,14,0,1,107.84,0.00,0.00,0.00,0,1.00,3,359.61,0,0,1,java.lang.Object,0.00,6,0,3,0,6,1,0,0,71,0
"org.apache.lucene.index.TestIndexReaderReopen$ReaderThreadTask_8",2,1.00,1.00,5,0.03,340.21,3,1,27,2,0,142.20,0,7,0,1,142.20,0.00,0.00,0.00,0,2.00,1,103.57,0,0,0,java.lang.Object,0.00,0,0,2,0,0,2,0,0,31,3
"org.apache.lucene.index.TestIndexReaderReopen$TestReopen",2,0.00,1.00,5,0.05,730.90,2,0,27,4,2,139.59,0,9,0,1,139.59,0.00,0.00,0.00,0,2.00,1,152.55,0,1,2,java.lang.Object,0.00,2,0,2,0,2,1,0,0,41,0
"org.apache.lucene.index.TestIndexReaderReopen$TestReopen_0",2,0.00,1.00,5,0.05,730.90,2,0,27,4,2,139.59,0,9,0,1,139.59,0.00,0.00,0.00,0,2.00,1,152.55,0,1,2,java.lang.Object,0.00,2,0,2,0,2,1,0,0,41,0
"org.apache.lucene.index.TestIndexReaderReopen$TestReopen_1",2,0.00,1.00,9,0.10,2379.59,2,0,27,6,3,124.32,0,13,0,1,124.32,0.00,0.00,0.00,0,2.00,1,296.48,0,1,3,java.lang.Object,0.00,4,0,2,0,4,1,0,0,72,0
"org.apache.lucene.index.TestIndexReaderReopen$TestReopen_2",2,0.00,1.00,10,0.12,3532.16,2,0,27,7,4,169.36,2,14,0,1,119.36,0.00,0.00,0.00,0,2.00,1,361.73,0,1,4,java.lang.Object,0.00,5,0,2,0,5,1,0,2,86,0
"org.apache.lucene.index.TestIndexReaderReopen$TestReopen_3",2,0.00,1.00,6,0.08,1716.05,2,0,27,5,3,130.10,0,12,0,1,130.10,0.00,0.00,0.00,0,2.00,1,243.69,0,1,3,java.lang.Object,0.00,3,0,2,0,3,1,0,0,61,0
"org.apache.lucene.index.TestIndexReaderReopen$TestReopen_4",2,0.00,1.00,6,0.09,2347.44,2,0,27,6,4,179.03,2,13,0,1,129.03,0.00,0.00,0.00,0,2.00,1,284.88,0,1,4,java.lang.Object,0.00,4,0,2,0,4,1,0,2,70,0
"org.apache.lucene.index.TestIndexReaderReopen$TestReopen_5",2,0.00,1.50,11,0.18,6587.91,2,0,27,7,4,117.13,1,17,0,1,117.13,0.00,0.00,0.00,0,2.00,2,547.87,0,1,4,java.lang.Object,0.00,5,0,3,0,5,1,0,1,121,0
"org.apache.lucene.index.TestIndexReaderReopen$TestReopen_6",2,0.00,2.00,16,0.23,8677.84,2,0,27,13,4,108.51,0,22,0,1,108.51,0.00,0.00,0.00,0,2.00,3,682.26,0,1,4,java.lang.Object,0.00,11,0,4,0,11,1,0,0,134,0
"org.apache.lucene.index.TestIndexReaderReopen$TestReopen_9",2,0.00,1.00,3,0.02,181.82,2,0,27,2,1,155.58,0,5,0,1,155.58,0.00,0.00,0.00,0,2.00,1,72.73,0,1,1,java.lang.Object,0.00,0,0,2,0,0,1,0,0,24,3
"org.apache.lucene.index.TestIndexSorter",2,1.00,6.00,78,1.12,61688.60,6,4,12,27,11,115.77,4,86,0,2,75.89,0.00,0.50,0.75,0,0.00,10,3345.13,1,0,11,org.apache.lucene.util.LuceneTestCase,0.00,25,1,12,0,25,2,0,4,552,1
"org.apache.lucene.index.TestIndexSplitter",1,0.00,4.00,61,0.93,45494.20,1,0,7,29,11,88.02,3,60,0,2,67.40,0.00,0.50,0.00,0,1.00,4,2780.65,0,0,11,org.apache.lucene.util.LuceneTestCase,0.00,28,1,4,0,28,1,0,3,433,1
"org.apache.lucene.index.TestIndexWriterConfig",7,0.00,2.86,157,2.83,151937.01,7,0,15,88,14,86.77,30,191,0,2,86.53,0.00,0.50,0.00,0,7.00,7,8487.33,0,0,14,org.apache.lucene.util.LuceneTestCase,0.00,81,1,20,0,81,7,0,27,1424,1
"org.apache.lucene.index.TestIndexWriterConfig$MyIndexingChain",1,0.00,1.00,3,0.02,193.08,1,0,15,1,2,185.20,1,6,0,2,135.20,0.00,0.50,0.00,0,1.00,1,65.51,0,1,2,org.apache.lucene.index.DocumentsWriter.IndexingChain,0.00,0,1,1,0,0,0,0,1,20,3
"org.apache.lucene.index.TestIndexWriterConfig$MySimilarity",0,0.00,0.00,1,0.01,72.00,0,0,15,0,1,171.00,1,2,0,3,171.00,0.00,0.67,0.00,0,0.00,0,24.00,0,0,1,org.apache.lucene.search.DefaultSimilarity,0.00,0,2,0,0,0,0,0,1,8,3
"org.apache.lucene.index.TestIndexWriterConfig$MyWarmer",1,0.00,1.00,2,0.02,193.08,1,0,15,1,1,191.77,1,6,0,2,141.77,0.00,0.50,0.00,0,1.00,1,65.51,0,0,1,org.apache.lucene.index.IndexWriter.IndexReaderWarmer,0.00,0,1,1,0,0,1,0,1,20,3
"org.apache.lucene.index.TestIndexWriterDelete",18,0.00,4.11,462,7.15,494945.65,18,0,13,86,18,83.81,76,548,0,2,83.57,0.00,0.50,0.00,4,18.00,28,21450.75,0,1,18,org.apache.lucene.util.LuceneTestCase,0.00,68,1,74,0,68,17,0,73,3485,1
"org.apache.lucene.index.TestIndexWriterDelete$MockDirectoryWrapper.Failure",2,1.33,6.00,40,0.44,24552.93,5,3,13,11,1,139.86,2,48,0,1,89.86,0.00,0.00,1.00,0,0.00,11,1310.75,0,1,1,java.lang.Object,0.00,9,0,12,0,9,1,0,2,242,0
"org.apache.lucene.index.TestIndexWriterDelete$MockDirectoryWrapper.Failure_0",2,0.00,1.50,9,0.08,1294.28,3,1,13,3,1,126.31,0,14,0,1,126.31,0.00,0.00,1.00,0,0.00,2,228.08,0,1,1,java.lang.Object,0.00,1,0,3,0,1,1,0,0,57,0
"org.apache.lucene.index.TestIndexWriterExceptions",19,1.00,4.74,539,7.93,463337.07,20,1,24,134,24,102.73,58,602,0,2,82.11,0.00,0.50,0.00,1,19.00,14,23783.59,0,0,24,org.apache.lucene.util.LuceneTestCase,0.00,115,1,90,0,115,19,0,58,3911,1
"org.apache.lucene.index.TestIndexWriterExceptions$Analyzer",1,0.00,1.00,3,0.03,439.75,1,0,24,3,2,132.39,0,5,0,1,132.39,0.00,0.00,0.00,0,1.00,1,102.01,0,1,2,java.lang.Object,0.00,2,0,1,0,2,0,0,0,27,0
"org.apache.lucene.index.TestIndexWriterExceptions$Analyzer_0",1,0.00,1.00,3,0.02,273.52,1,0,24,3,2,134.01,0,5,0,1,134.01,0.00,0.00,0.00,0,1.00,1,74.42,0,1,2,java.lang.Object,0.00,2,0,1,0,2,0,0,0,21,0
"org.apache.lucene.index.TestIndexWriterExceptions$Analyzer_0$LowerCaseTokenizer",1,0.00,2.00,6,0.06,1263.51,2,1,24,3,0,117.39,0,9,0,1,117.39,0.00,0.00,1.00,0,0.00,2,167.62,0,0,0,java.lang.Object,0.00,2,0,2,0,2,1,0,0,41,0
"org.apache.lucene.index.TestIndexWriterExceptions$Analyzer_0$TokenFilter",1,0.00,2.00,6,0.05,1248.24,2,1,25,3,0,117.43,0,9,0,1,117.43,0.00,0.00,1.00,0,0.00,2,162.53,0,0,0,java.lang.Object,0.00,2,0,2,0,2,1,0,0,40,0
"org.apache.lucene.index.TestIndexWriterExceptions$Analyzer_1",1,0.00,1.00,3,0.03,439.75,1,0,24,3,2,132.39,0,5,0,1,132.39,0.00,0.00,0.00,0,1.00,1,102.01,0,1,2,java.lang.Object,0.00,2,0,1,0,2,0,0,0,27,0
"org.apache.lucene.index.TestIndexWriterExceptions$Analyzer_2",1,0.00,1.00,3,0.03,439.75,1,0,24,3,2,132.39,0,5,0,1,132.39,0.00,0.00,0.00,0,1.00,1,102.01,0,1,2,java.lang.Object,0.00,2,0,1,0,2,0,0,0,27,0
"org.apache.lucene.index.TestIndexWriterExceptions$CrashingFilter",3,0.25,1.33,12,0.12,2277.59,5,2,24,6,2,125.79,0,19,0,4,125.79,0.00,0.75,0.33,0,1.00,2,361.95,1,0,2,org.apache.lucene.analysis.TokenFilter,0.53,3,3,4,0,3,3,0,0,88,1
"org.apache.lucene.index.TestIndexWriterExceptions$FailOnlyInCommit",1,0.00,6.00,19,0.27,12863.23,3,2,24,9,1,90.53,0,24,0,2,90.53,0.00,0.50,1.00,0,0.00,6,807.88,0,0,1,MockDirectoryWrapper.Failure,0.00,8,1,6,0,8,1,0,0,149,2
"org.apache.lucene.index.TestIndexWriterExceptions$FailOnlyInSync",1,0.00,4.00,12,0.16,5113.61,2,1,24,7,1,101.22,0,15,0,2,101.22,0.00,0.50,1.00,0,0.00,4,467.74,0,0,1,MockDirectoryWrapper.Failure,0.00,6,1,4,0,6,1,0,0,93,2
"org.apache.lucene.index.TestIndexWriterExceptions$FailOnlyOnFlush",3,0.25,2.67,21,0.28,10592.93,5,2,24,10,1,111.31,0,30,0,2,111.31,0.00,0.50,0.33,0,4.00,6,829.87,0,0,1,MockDirectoryWrapper.Failure,0.00,7,1,8,0,7,3,0,0,165,2
"org.apache.lucene.index.TestIndexWriterExceptions$IndexerThread",2,0.33,4.00,49,0.99,74175.27,5,3,24,21,4,133.21,3,62,0,2,83.21,0.00,0.50,0.50,0,2.00,7,2974.37,0,0,4,org.apache.lucene.index.Thread,0.00,19,1,8,0,19,2,0,3,481,1
"org.apache.lucene.index.TestIndexWriterExceptions$MockAnalyzer",1,0.00,2.00,5,0.07,1704.16,1,0,24,5,0,119.32,0,8,0,1,119.32,0.00,0.00,0.00,0,1.00,2,196.02,0,0,0,java.lang.Object,0.00,4,0,2,0,4,1,0,0,44,0
"org.apache.lucene.index.TestIndexWriterExceptions$MockIndexWriter",2,1.00,2.00,11,0.19,4762.88,3,1,24,12,3,118.18,0,17,0,2,118.18,0.00,0.50,0.50,0,2.00,3,578.04,0,0,3,org.apache.lucene.index.IndexWriter,0.00,10,1,4,0,10,2,0,0,118,1
"org.apache.lucene.index.TestIndexWriterExceptions$MockIndexWriter2",2,1.00,1.50,7,0.07,1018.92,3,1,24,4,3,131.79,0,12,0,2,131.79,0.00,0.50,0.50,0,2.00,2,213.88,0,0,3,org.apache.lucene.index.IndexWriter,0.00,2,1,3,0,2,2,0,0,54,3
"org.apache.lucene.index.TestIndexWriterExceptions$MockIndexWriter3",2,0.00,1.50,10,0.09,1408.94,4,2,24,4,3,122.41,0,15,0,2,122.41,0.00,0.50,0.50,0,2.00,2,255.89,0,0,3,org.apache.lucene.index.IndexWriter,0.00,2,1,3,0,2,2,0,0,63,3
"org.apache.lucene.index.TestIndexWriterExceptions$MockIndexWriter4",2,1.00,1.50,7,0.07,1018.92,3,1,24,4,3,131.79,0,12,0,2,131.79,0.00,0.50,0.50,0,2.00,2,213.88,0,0,3,org.apache.lucene.index.IndexWriter,0.00,2,1,3,0,2,2,0,0,54,3
"org.apache.lucene.index.TestIndexWriterExceptions$Thread",1,0.00,5.00,25,0.43,27527.64,1,0,24,10,1,83.52,0,35,0,1,83.52,0.00,0.00,0.00,0,1.00,5,1278.65,0,0,1,java.lang.Object,0.00,9,0,5,0,9,1,0,0,220,0
"org.apache.lucene.index.TestIndexWriterLockRelease",3,1.00,4.00,29,0.47,18896.04,4,1,9,17,5,155.17,5,51,0,2,105.17,0.00,0.50,0.00,0,3.00,5,1413.70,2,0,5,org.apache.lucene.util.LuceneTestCase,0.00,14,1,12,0,14,3,0,1,280,1
"org.apache.lucene.index.TestIndexWriterMergePolicy",8,0.00,3.00,163,2.14,108057.94,8,0,7,45,11,139.69,13,176,0,2,89.69,0.00,0.50,0.00,2,8.00,5,6421.05,0,0,11,org.apache.lucene.util.LuceneTestCase,0.00,37,1,24,0,37,8,0,13,1158,1
"org.apache.lucene.index.TestIndexWriterMerging",3,0.00,3.00,50,0.74,25302.80,3,0,8,30,7,134.80,6,63,0,2,94.91,0.00,0.50,0.00,2,3.00,4,2209.64,0,0,7,org.apache.lucene.util.LuceneTestCase,0.00,27,1,9,0,27,3,0,3,397,1
"org.apache.lucene.index.TestIndexWriterOnDiskFull",6,0.00,12.00,291,4.59,657844.32,6,0,14,71,17,30.46,77,346,0,2,68.03,0.00,0.50,0.00,2,6.00,46,13782.82,0,0,17,org.apache.lucene.util.LuceneTestCase,0.00,65,1,72,0,65,6,0,64,2010,1
"org.apache.lucene.index.TestIndexWriterOnDiskFull$FailTwiceDuringMerge",1,0.00,5.00,17,0.24,11101.62,3,2,14,8,1,92.87,0,21,0,2,92.87,0.00,0.50,1.00,0,0.00,5,731.36,0,0,1,MockDirectoryWrapper.Failure,0.00,7,1,5,0,7,1,0,0,139,2
"org.apache.lucene.index.TestIndexWriterOnJRECrash",5,0.50,4.00,75,1.06,40265.11,6,1,11,44,5,116.67,18,93,0,3,96.05,0.00,0.67,0.60,2,2.00,6,3180.51,2,0,5,org.apache.lucene.index.TestNRTThreads,0.38,39,2,20,0,39,5,0,10,563,1
"org.apache.lucene.index.TestIndexWriterOnJRECrash$Thread",1,0.00,2.00,5,0.04,448.00,1,0,11,3,0,123.89,0,8,0,1,123.89,0.00,0.00,0.00,0,1.00,2,106.10,0,0,0,java.lang.Object,0.00,2,0,2,0,2,1,0,0,28,0
"org.apache.lucene.index.TestIndexWriterReader",24,0.61,2.42,570,8.55,420249.81,25,1,25,122,26,107.20,77,607,4,2,86.59,0.00,0.50,0.42,3,64.00,7,25664.67,0,1,22,org.apache.lucene.util.LuceneTestCase,0.00,98,1,58,0,98,23,0,59,4367,1
"org.apache.lucene.index.TestIndexWriterReader$AddDirectoriesThreads",7,0.09,2.71,76,0.72,19636.28,18,11,25,27,6,106.32,0,78,0,1,106.32,0.00,0.00,0.17,0,26.00,5,2154.99,0,0,6,java.lang.Object,0.00,20,0,19,0,20,7,0,0,442,1
"org.apache.lucene.index.TestIndexWriterReader$AddDirectoriesThreads$Thread",1,0.00,4.00,15,0.13,4550.36,1,0,25,3,1,49.53,10,14,0,1,98.00,0.00,0.00,0.00,0,0.00,4,381.29,0,0,1,java.lang.Object,0.00,2,0,4,0,2,1,0,10,78,0
"org.apache.lucene.index.TestIndexWriterReader$IndexWriter.IndexReaderWarmer",1,0.00,1.00,7,0.10,1752.28,1,0,25,8,5,113.93,0,9,0,1,113.93,0.00,0.00,0.00,0,1.00,1,300.41,0,0,5,java.lang.Object,0.00,7,0,1,0,7,1,0,0,62,0
"org.apache.lucene.index.TestIndexWriterReader$MyWarmer",1,0.00,1.00,4,0.04,404.10,2,1,25,1,1,128.02,0,7,0,2,128.02,0.00,0.50,1.00,0,0.00,1,107.30,0,0,1,IndexWriter.IndexReaderWarmer,0.00,0,1,1,0,0,1,0,0,29,2
"org.apache.lucene.index.TestIndexWriterReader$Thread_0",1,0.00,2.00,9,0.08,1951.45,1,0,25,6,0,109.33,0,13,0,1,109.33,0.00,0.00,0.00,0,1.00,2,243.56,0,0,0,java.lang.Object,0.00,5,0,2,0,5,1,0,0,53,0
"org.apache.lucene.index.TestIndexWriterReader$Thread_1",1,0.00,4.00,22,0.24,10981.02,2,1,25,11,1,88.79,0,22,0,1,88.79,0.00,0.00,1.00,0,0.00,4,721.28,0,0,1,java.lang.Object,0.00,10,0,4,0,10,1,0,0,134,0
"org.apache.lucene.index.TestIndexWriterWithThreads",12,0.00,3.08,167,2.12,102499.89,12,0,10,53,15,118.84,41,161,0,2,98.23,0.00,0.50,0.00,2,12.00,10,6348.50,0,0,15,org.apache.lucene.util.LuceneTestCase,0.00,41,1,37,0,41,12,0,39,1088,1
"org.apache.lucene.index.TestIndexWriterWithThreads$FailOnlyInWriteSegment",2,1.00,3.00,14,0.17,5355.50,3,1,10,9,1,112.23,0,19,0,2,112.23,0.00,0.50,0.50,0,2.00,5,512.88,0,0,1,MockDirectoryWrapper.Failure,0.00,7,1,6,0,7,2,0,0,106,2
"org.apache.lucene.index.TestIndexWriterWithThreads$FailOnlyOnAbortOrFlush",2,1.00,4.00,20,0.25,11371.70,3,1,10,8,1,153.81,2,28,0,2,103.81,0.00,0.50,0.50,0,2.00,7,738.09,0,0,1,MockDirectoryWrapper.Failure,0.00,6,1,8,0,6,2,0,2,144,2
"org.apache.lucene.index.TestIndexWriterWithThreads$IndexerThread",2,0.50,4.50,38,0.54,25966.67,8,6,10,18,5,140.56,3,52,0,2,90.56,0.00,0.50,0.42,0,2.00,8,1617.42,0,0,5,org.apache.lucene.store.Thread,0.00,16,1,9,0,16,2,0,3,275,1
"org.apache.lucene.index.TestIsCurrent",4,0.33,1.00,34,0.39,7135.09,6,2,7,22,5,93.84,20,43,0,2,111.71,0.00,0.50,0.75,0,0.00,1,1180.95,2,0,5,org.apache.lucene.util.LuceneTestCase,0.00,18,1,4,0,18,4,0,12,246,1
"org.apache.lucene.index.TestLazyBug",5,0.10,2.40,60,0.92,41555.35,10,5,13,35,10,99.68,4,76,0,2,99.68,0.00,0.50,0.12,2,11.00,5,2753.96,0,1,10,org.apache.lucene.util.LuceneTestCase,0.00,30,1,12,0,30,4,0,1,483,1
"org.apache.lucene.index.TestLazyBug$FieldSelector",1,0.00,2.00,5,0.04,482.05,1,0,13,2,1,123.64,0,7,0,1,123.64,0.00,0.00,0.00,0,0.00,2,105.67,0,1,1,java.lang.Object,0.00,1,0,2,0,1,0,0,0,29,0
"org.apache.lucene.index.TestLazyProxSkipping",5,0.17,2.20,80,1.07,38476.33,11,6,13,35,17,115.91,15,79,1,2,95.30,0.00,0.50,0.03,3,8.00,4,3223.35,0,1,16,org.apache.lucene.util.LuceneTestCase,0.00,30,1,11,0,30,4,0,12,586,1
"org.apache.lucene.index.TestLazyProxSkipping$SeekCountingDirectory",2,0.00,1.50,8,0.07,1766.92,2,0,13,4,3,125.25,1,13,0,3,125.25,0.00,0.67,0.00,0,2.00,2,224.30,1,1,3,org.apache.lucene.store.MockDirectoryWrapper,0.00,2,2,3,0,2,1,0,1,56,1
"org.apache.lucene.index.TestLazyProxSkipping$SeeksCountingStream",8,1.00,1.00,19,0.21,3213.41,9,1,13,9,2,139.27,0,35,0,2,139.27,0.00,0.50,0.00,7,8.00,1,620.35,0,1,2,org.apache.lucene.store.IndexInput,0.52,1,1,8,0,1,7,0,0,163,0
"org.apache.lucene.index.TestLongPostings",2,0.00,21.00,152,2.37,316859.91,2,0,13,51,13,48.84,30,175,0,2,59.19,0.00,0.50,0.00,1,2.00,36,7118.19,0,1,13,org.apache.lucene.util.LuceneTestCase,0.00,49,1,42,0,49,1,0,8,1022,1
"org.apache.lucene.index.TestMaxTermFrequency",4,0.22,2.00,51,0.61,18929.76,7,3,11,27,9,122.26,13,50,0,2,101.64,0.00,0.50,0.50,1,0.00,3,1840.44,2,1,9,org.apache.lucene.util.LuceneTestCase,0.00,23,1,8,0,23,3,0,4,351,1
"org.apache.lucene.index.TestMaxTermFrequency$TestSimilarity",3,0.00,1.00,7,0.06,891.61,3,0,11,4,2,140.30,0,14,0,3,140.30,0.00,0.67,0.00,0,3.00,1,193.53,0,0,2,org.apache.lucene.search.DefaultSimilarity,0.20,1,2,3,0,1,3,0,0,55,0
"org.apache.lucene.index.TestMultiLevelSkipList",2,0.00,2.50,42,0.59,17255.15,3,1,13,26,15,42.37,16,43,1,2,90.47,0.00,0.50,1.00,1,0.00,3,1764.19,0,0,14,org.apache.lucene.util.LuceneTestCase,0.00,24,1,5,0,24,2,0,9,316,1
"org.apache.lucene.index.TestMultiLevelSkipList$CountingStream",8,1.00,1.00,20,0.22,3651.29,9,1,13,9,2,138.83,0,36,0,2,138.83,0.00,0.50,0.00,7,8.00,1,660.94,0,1,2,org.apache.lucene.store.IndexInput,0.52,1,1,8,0,1,7,0,0,171,0
"org.apache.lucene.index.TestMultiLevelSkipList$PayloadAnalyzer",1,0.00,1.00,3,0.04,426.81,1,0,13,3,3,132.49,0,6,0,2,132.49,0.00,0.50,0.00,0,1.00,1,109.58,0,1,3,org.apache.lucene.analysis.Analyzer,0.00,2,1,1,0,2,0,0,0,29,2
"org.apache.lucene.index.TestMultiLevelSkipList$PayloadFilter",2,0.50,1.50,11,0.11,2402.37,4,2,13,5,4,120.58,0,16,0,4,120.58,0.00,0.75,0.75,0,0.00,2,325.05,0,0,4,org.apache.lucene.analysis.TokenFilter,0.29,3,3,3,0,3,2,0,0,77,2
"org.apache.lucene.index.TestMultiPassIndexSplitter",4,0.44,1.75,94,1.40,89077.03,7,3,5,30,9,125.72,9,105,0,2,85.84,0.00,0.50,0.67,0,0.00,2,4194.83,2,0,9,org.apache.lucene.util.LuceneTestCase,0.00,26,1,7,0,26,4,0,5,738,1
"org.apache.lucene.index.TestMultiReader",1,0.00,1.00,14,0.17,7450.60,1,0,1,6,4,97.75,0,17,0,3,97.75,0.00,0.67,0.00,0,0.00,1,514.90,0,1,4,org.apache.lucene.index.TestDirectoryReader,0.27,5,2,1,0,5,0,0,0,105,1
"org.apache.lucene.index.TestNRTReaderWithThreads",1,1.00,6.00,44,0.61,40626.56,2,1,6,21,6,93.61,3,39,0,2,72.99,0.00,0.50,0.00,0,1.00,6,1839.05,0,0,6,org.apache.lucene.util.LuceneTestCase,0.00,20,1,6,0,20,1,0,3,311,1
"org.apache.lucene.index.TestNRTReaderWithThreads$RunThread",2,0.71,3.00,30,0.38,12181.60,9,7,6,14,5,147.07,3,38,0,2,97.07,0.00,0.50,0.50,0,2.00,5,1126.86,0,0,5,org.apache.lucene.store.Thread,0.00,12,1,6,0,12,2,0,3,209,1
"org.apache.lucene.index.TestNRTThreads",3,0.00,9.67,136,2.60,295649.19,3,0,27,64,22,90.10,11,153,1,2,69.49,1.00,0.33,0.00,2,3.00,27,7793.70,0,0,21,org.apache.lucene.util.LuceneTestCase,0.00,61,1,29,1,61,3,0,11,1092,1
"org.apache.lucene.index.TestNRTThreads$IndexWriter.IndexReaderWarmer",1,0.00,5.00,19,0.28,11246.18,1,0,27,13,5,91.03,0,22,0,1,91.03,0.00,0.00,0.00,0,1.00,5,840.15,0,0,5,java.lang.Object,0.00,12,0,5,0,12,1,0,0,148,0
"org.apache.lucene.index.TestNRTThreads$SubDocs",1,3.00,1.00,7,0.06,1214.84,4,3,30,1,0,115.19,0,9,0,1,115.19,0.00,0.00,0.00,0,1.00,1,187.57,0,0,0,java.lang.Object,0.00,0,0,1,0,0,1,0,0,48,2
"org.apache.lucene.index.TestNRTThreads$Thread",1,0.00,16.00,43,0.75,57509.52,1,0,27,25,3,54.08,5,60,0,1,71.95,0.00,0.00,0.00,0,1.00,16,2243.11,0,0,3,java.lang.Object,0.00,24,0,16,0,24,1,0,5,345,0
"org.apache.lucene.index.TestNRTThreads$Thread_0",1,0.00,9.00,34,0.49,36514.62,1,0,27,17,3,59.57,5,45,0,1,77.44,0.00,0.00,0.00,0,1.00,9,1457.80,0,0,3,java.lang.Object,0.00,16,0,9,0,16,1,0,5,243,0
"org.apache.lucene.index.TestNewestSegment",1,0.00,1.00,7,0.07,1235.07,1,0,3,8,3,115.13,0,9,0,2,115.13,0.00,0.50,0.00,0,1.00,1,216.18,0,0,3,org.apache.lucene.util.LuceneTestCase,0.00,7,1,1,0,7,1,0,0,51,1
"org.apache.lucene.index.TestNoDeletionPolicy",4,0.00,2.00,29,0.45,12603.39,4,0,11,28,7,151.65,11,39,0,2,111.77,0.00,0.50,0.00,0,4.00,3,1343.18,0,0,7,org.apache.lucene.util.LuceneTestCase,0.00,24,1,8,0,24,4,0,11,262,1
"org.apache.lucene.index.TestNoMergePolicy",4,0.00,1.75,21,0.33,8598.11,4,0,6,22,2,158.44,8,31,0,2,118.56,0.00,0.50,0.00,0,4.00,3,988.49,0,0,2,org.apache.lucene.util.LuceneTestCase,0.00,18,1,7,0,18,4,0,8,211,1
"org.apache.lucene.index.TestNoMergeScheduler",3,0.00,2.00,15,0.24,6613.39,3,0,6,14,2,158.33,8,23,0,2,118.44,0.00,0.50,0.00,0,3.00,3,709.29,0,0,2,org.apache.lucene.util.LuceneTestCase,0.00,11,1,6,0,11,3,0,8,150,1
"org.apache.lucene.index.TestNorms",10,0.15,2.20,172,2.22,87642.47,18,8,15,57,13,133.76,23,174,0,2,93.87,0.00,0.50,0.26,7,0.00,4,6666.11,1,1,13,org.apache.lucene.util.LuceneTestCase,0.00,47,1,22,0,47,9,0,15,1214,1
"org.apache.lucene.index.TestNorms$CustomNormEncodingSimilarity",3,0.00,1.00,7,0.06,891.61,3,0,15,4,2,140.30,0,14,0,3,140.30,0.00,0.67,0.00,0,3.00,1,193.53,0,0,2,org.apache.lucene.search.DefaultSimilarity,0.20,1,2,3,0,1,3,0,0,55,0
"org.apache.lucene.index.TestNorms$SimilarityOne",1,0.00,1.00,3,0.03,338.69,1,0,15,2,2,183.28,1,6,0,3,133.28,0.00,0.67,0.00,0,1.00,1,85.83,0,0,2,org.apache.lucene.search.DefaultSimilarity,0.00,1,2,1,0,1,1,0,1,24,1
"org.apache.lucene.index.TestOmitTf",6,0.00,2.50,169,2.53,97434.70,6,0,18,47,17,51.43,38,166,0,2,83.65,0.00,0.50,0.00,1,6.00,4,7602.32,0,0,17,org.apache.lucene.util.LuceneTestCase,0.00,41,1,15,0,41,6,0,36,1252,1
"org.apache.lucene.index.TestOmitTf$CountingHitCollector",2,1.00,1.00,8,0.08,1498.24,3,1,18,4,1,125.91,1,12,0,1,125.91,0.00,0.00,0.50,0,2.00,1,238.89,1,0,1,java.lang.Object,0.00,2,0,2,0,2,2,0,1,59,0
"org.apache.lucene.index.TestOmitTf$CountingHitCollector_0",2,1.00,1.00,8,0.08,1762.03,3,1,18,4,1,125.35,1,12,0,1,125.35,0.00,0.00,0.50,0,2.00,1,250.05,1,0,1,java.lang.Object,0.00,2,0,2,0,2,2,0,1,61,0
"org.apache.lucene.index.TestOmitTf$CountingHitCollector_1",2,1.00,1.00,9,0.09,1939.78,3,1,18,5,1,125.02,1,13,0,1,125.02,0.00,0.00,0.50,0,2.00,1,284.44,1,0,1,java.lang.Object,0.00,3,0,2,0,3,2,0,1,67,0
"org.apache.lucene.index.TestOmitTf$CountingHitCollector_2",2,1.00,1.00,9,0.09,2026.63,3,1,18,4,1,124.87,1,13,0,1,124.87,0.00,0.00,0.50,0,2.00,1,282.12,1,0,1,java.lang.Object,0.00,2,0,2,0,2,2,0,1,67,0
"org.apache.lucene.index.TestOmitTf$CountingHitCollector_3",1,0.00,1.00,3,0.03,436.18,1,0,18,1,0,182.42,1,5,0,1,132.42,0.00,0.00,0.00,0,1.00,1,82.23,1,0,0,java.lang.Object,0.00,0,0,1,0,0,1,0,1,23,0
"org.apache.lucene.index.TestOmitTf$CountingHitCollector_4",7,0.00,1.00,19,0.15,2065.29,10,3,18,7,3,140.32,1,23,0,2,140.32,0.00,0.50,0.33,0,7.00,1,444.54,0,0,3,org.apache.lucene.search.Collector,0.36,0,1,7,0,0,7,0,1,120,2
"org.apache.lucene.index.TestOmitTf$SimpleSimilarity",7,0.00,1.00,15,0.14,1759.86,7,0,18,9,2,140.87,0,11,0,2,140.87,0.00,0.50,0.00,0,7.00,1,414.98,0,1,2,org.apache.lucene.search.Similarity,0.38,2,1,7,0,2,6,0,0,113,2
"org.apache.lucene.index.TestOmitTf$SimpleSimilarity$IDFExplanation",2,0.00,1.00,5,0.03,286.06,2,0,18,2,0,142.80,0,9,0,1,142.80,0.00,0.00,0.00,0,2.00,1,81.08,0,1,0,java.lang.Object,0.00,0,0,2,0,0,1,0,0,26,0
"org.apache.lucene.index.TestParallelReader",14,0.03,1.21,222,3.47,130928.46,19,5,16,68,16,95.81,11,237,0,2,95.81,0.00,0.50,0.17,3,54.00,2,10399.02,2,4,16,org.apache.lucene.util.LuceneTestCase,0.00,54,1,17,0,54,10,0,11,1978,1
"org.apache.lucene.index.TestParallelReaderEmptyIndex",2,0.00,1.00,51,0.75,29577.62,2,0,10,21,7,36.02,19,60,0,2,86.02,0.00,0.50,0.00,0,2.00,1,2262.87,0,0,7,org.apache.lucene.util.LuceneTestCase,0.00,19,1,2,0,19,2,0,6,413,1
"org.apache.lucene.index.TestParallelTermEnum",3,0.62,1.00,135,2.00,193412.07,7,4,7,26,8,71.46,0,145,0,2,71.46,0.00,0.50,0.67,0,0.00,1,6008.36,2,0,8,org.apache.lucene.util.LuceneTestCase,0.00,23,1,3,0,23,3,0,0,1098,1
"org.apache.lucene.index.TestPayloadProcessorProvider",8,0.57,2.38,103,1.46,73490.54,9,1,17,41,13,149.34,10,124,0,2,99.34,0.00,0.50,0.50,4,8.00,7,4370.64,0,1,13,org.apache.lucene.util.LuceneTestCase,0.00,33,1,19,0,33,7,0,10,800,1
"org.apache.lucene.index.TestPayloadProcessorProvider$DeletePayloadProcessor",2,0.00,1.00,5,0.05,771.74,2,0,17,2,0,139.40,0,10,0,2,139.40,0.00,0.50,0.00,0,2.00,1,154.60,0,0,0,org.apache.lucene.index.PayloadProcessorProvider.PayloadProcessor,0.00,0,1,2,0,0,2,0,0,42,3
"org.apache.lucene.index.TestPayloadProcessorProvider$PayloadTokenStream",3,0.38,1.33,19,0.19,3740.36,7,4,17,7,4,117.53,0,26,0,3,117.53,0.00,0.67,0.50,0,1.00,2,569.74,1,0,4,org.apache.lucene.analysis.TokenStream,0.55,4,2,4,0,4,3,0,0,129,3
"org.apache.lucene.index.TestPayloadProcessorProvider$PerDirPayloadProcessor",2,1.00,1.00,6,0.07,1003.77,3,1,17,3,2,131.94,0,10,0,2,131.94,0.00,0.50,0.50,0,2.00,1,203.33,0,1,2,org.apache.lucene.index.PayloadProcessorProvider,0.00,1,1,2,0,1,1,0,0,52,3
"org.apache.lucene.index.TestPayloadProcessorProvider$PerTermPayloadProcessor",1,0.00,2.00,5,0.07,1602.33,1,0,17,5,1,159.42,2,9,0,2,119.53,0.00,0.50,0.00,0,1.00,2,219.04,0,1,1,org.apache.lucene.index.PayloadProcessorProvider.DirPayloadProcessor,0.00,4,1,2,0,4,0,0,2,50,3
"org.apache.lucene.index.TestPayloads",8,0.00,3.62,236,3.57,382942.22,8,0,22,57,19,37.01,57,230,0,2,79.30,0.00,0.50,0.00,4,8.00,12,10706.81,0,1,19,org.apache.lucene.util.LuceneTestCase,0.00,49,1,29,0,49,7,0,46,1767,1
"org.apache.lucene.index.TestPayloads$PayloadAnalyzer",4,0.33,2.75,56,0.75,31417.34,5,1,22,32,9,97.34,3,62,0,2,97.34,0.00,0.50,0.75,0,0.00,6,2241.57,0,1,9,org.apache.lucene.analysis.Analyzer,0.00,28,1,11,0,28,3,0,1,412,2
"org.apache.lucene.index.TestPayloads$PayloadAnalyzer$ByteArrayPool",5,0.00,1.40,22,0.22,5299.85,7,2,22,12,1,124.64,0,28,0,1,124.64,0.00,0.00,0.50,0,0.00,2,661.77,0,1,1,java.lang.Object,0.00,7,0,7,0,7,4,0,0,156,2
"org.apache.lucene.index.TestPayloads$PayloadAnalyzer$PayloadData",1,3.00,1.00,10,0.07,1213.84,5,4,22,1,0,109.41,0,12,0,1,109.41,0.00,0.00,0.25,0,0.00,1,217.94,0,0,0,java.lang.Object,0.00,0,0,1,0,0,1,0,0,57,2
"org.apache.lucene.index.TestPayloads$PayloadAnalyzer$PayloadFilter",2,0.60,2.00,23,0.23,7416.89,7,5,22,6,4,103.89,0,29,0,4,103.89,0.00,0.75,0.50,0,0.00,3,676.27,0,0,4,org.apache.lucene.analysis.TokenFilter,0.29,4,3,4,0,4,2,0,0,146,2
"org.apache.lucene.index.TestPayloads$PayloadAnalyzer$PoolingPayloadTokenStream",3,0.75,1.33,24,0.21,3096.92,9,6,22,11,4,113.51,0,30,0,3,113.51,0.00,0.67,0.67,0,0.00,2,634.86,0,0,4,org.apache.lucene.analysis.TokenStream,0.55,8,2,4,0,8,3,0,0,143,1
"org.apache.lucene.index.TestPayloads$PayloadAnalyzer$Thread",1,0.00,3.00,12,0.12,3071.62,1,0,22,9,2,103.03,0,14,0,1,103.03,0.00,0.00,0.00,0,1.00,3,348.86,0,0,2,java.lang.Object,0.00,8,0,3,0,8,1,0,0,71,0
"org.apache.lucene.index.TestPerSegmentDeletes",5,0.00,3.00,87,1.15,51554.01,5,0,12,42,15,119.53,95,87,0,2,93.25,0.00,0.50,0.00,2,5.00,5,3453.58,0,0,15,org.apache.lucene.util.LuceneTestCase,0.00,37,1,15,0,37,5,0,30,598,1
"org.apache.lucene.index.TestPerSegmentDeletes$RangeMergePolicy",6,0.10,1.17,22,0.23,4392.37,10,4,12,11,4,130.61,0,38,0,2,130.61,0.00,0.50,0.17,0,14.00,2,677.87,0,3,4,org.apache.lucene.index.MergePolicy,0.15,5,1,7,0,5,3,0,0,159,1
"org.apache.lucene.index.TestPersistentSnapshotDeletionPolicy",11,0.00,1.55,81,1.15,30025.99,13,2,10,32,8,162.32,12,127,0,3,112.32,0.00,0.67,0.50,1,0.00,3,3460.25,4,2,8,org.apache.lucene.index.TestSnapshotDeletionPolicy,0.20,21,2,17,0,21,9,0,12,688,1
"org.apache.lucene.index.TestPositionBasedTermVectorMapper",2,1.25,4.00,62,1.14,98635.91,6,4,4,21,2,98.71,7,64,0,2,78.09,0.00,0.50,0.88,0,0.00,4,3416.19,1,0,2,org.apache.lucene.util.LuceneTestCase,0.00,19,1,8,0,19,2,0,7,590,1
"org.apache.lucene.index.TestRollback",1,0.00,3.00,28,0.43,14064.29,1,0,6,22,7,123.99,2,26,0,2,84.10,0.00,0.50,0.00,0,1.00,3,1302.97,0,0,7,org.apache.lucene.util.LuceneTestCase,0.00,21,1,3,0,21,1,0,2,219,1
"org.apache.lucene.index.TestRollingUpdates",1,0.00,6.00,34,0.54,39699.45,1,0,5,23,7,117.13,2,39,0,2,77.25,0.00,0.50,0.00,0,1.00,6,1610.37,0,0,7,org.apache.lucene.util.LuceneTestCase,0.00,22,1,6,0,22,1,0,2,259,1
"org.apache.lucene.index.TestSegmentInfo",2,0.00,2.50,40,0.54,15884.46,2,0,11,19,9,41.55,18,37,0,2,91.55,0.00,0.50,0.00,0,2.00,4,1634.46,0,0,9,org.apache.lucene.util.LuceneTestCase,0.00,17,1,5,0,17,2,0,3,285,1
"org.apache.lucene.index.TestSegmentInfo$Thread",1,0.00,3.00,6,0.08,2002.24,1,0,11,4,0,155.61,2,10,0,1,115.72,0.00,0.00,0.00,0,1.00,3,229.14,0,0,0,java.lang.Object,0.00,3,0,3,0,3,1,0,2,50,0
"org.apache.lucene.index.TestSegmentMerger",4,0.79,1.25,72,1.14,55815.86,12,8,6,33,14,131.37,9,81,0,2,91.49,0.00,0.50,0.72,0,0.00,2,3407.67,2,0,14,org.apache.lucene.util.LuceneTestCase,0.00,29,1,5,0,29,4,0,9,587,1
"org.apache.lucene.index.TestSegmentReader",10,0.19,1.90,128,1.94,95057.87,13,3,9,69,15,149.27,18,135,2,2,99.27,0.00,0.50,0.50,1,0.00,5,5823.77,2,0,13,org.apache.lucene.util.LuceneTestCase,0.00,59,1,19,0,59,10,0,9,1096,1
"org.apache.lucene.index.TestSegmentTermDocs",11,0.07,1.36,162,2.22,166951.90,14,3,6,44,12,145.25,13,174,0,2,95.25,0.00,0.50,0.27,3,29.00,4,6667.47,2,0,12,org.apache.lucene.util.LuceneTestCase,0.00,33,1,15,0,33,11,0,13,1172,1
"org.apache.lucene.index.TestSegmentTermEnum",6,0.20,1.17,60,0.74,20363.57,7,1,7,34,10,145.74,15,71,0,2,105.86,0.00,0.50,0.83,2,0.00,2,2209.88,2,0,10,org.apache.lucene.util.LuceneTestCase,0.00,28,1,7,0,28,6,0,15,453,1
"org.apache.lucene.index.TestSizeBoundedOptimize",13,0.00,1.23,237,2.61,76543.55,13,0,5,42,11,144.44,14,247,0,2,94.44,0.00,0.50,0.00,2,13.00,3,7841.00,0,1,11,org.apache.lucene.util.LuceneTestCase,0.00,29,1,16,0,29,12,0,14,1498,1
"org.apache.lucene.index.TestSnapshotDeletionPolicy",19,0.50,1.74,207,2.64,83655.98,21,2,18,71,14,125.49,64,249,0,2,104.88,1.00,0.33,0.03,9,36.00,5,7921.32,0,3,14,org.apache.lucene.util.LuceneTestCase,0.00,52,1,33,1,52,16,0,59,1492,1
"org.apache.lucene.index.TestSnapshotDeletionPolicy$Thread",1,0.00,6.00,21,0.27,10258.20,1,0,18,12,2,89.68,0,28,0,1,89.68,0.00,0.00,0.00,0,1.00,6,802.72,0,0,2,java.lang.Object,0.00,11,0,6,0,11,1,0,0,138,0
"org.apache.lucene.index.TestSnapshotDeletionPolicy$Thread_0",1,0.00,2.00,7,0.06,1153.33,1,0,18,7,1,115.20,0,11,0,1,115.20,0.00,0.00,0.00,0,1.00,2,193.47,0,0,1,java.lang.Object,0.00,6,0,2,0,6,1,0,0,45,0
"org.apache.lucene.index.TestStressAdvance",2,0.00,10.50,89,1.32,102303.81,2,0,7,37,7,122.07,2,99,0,2,72.07,0.00,0.50,0.00,1,2.00,12,3964.31,0,0,7,org.apache.lucene.util.LuceneTestCase,0.00,35,1,21,0,35,2,0,2,642,1
"org.apache.lucene.index.TestStressIndexing",2,0.00,2.00,36,0.42,18297.05,2,0,6,16,5,50.53,15,36,0,2,92.82,0.00,0.50,0.00,1,2.00,3,1274.43,0,0,5,org.apache.lucene.util.LuceneTestCase,0.00,14,1,4,0,14,2,0,9,242,1
"org.apache.lucene.index.TestStressIndexing$IndexerThread",2,0.00,2.00,23,0.29,9970.76,4,2,6,11,4,152.88,2,23,0,2,102.88,0.00,0.50,0.50,0,2.00,3,863.13,0,0,4,org.apache.lucene.index.TimedThread,0.00,9,1,4,0,9,2,0,2,163,1
"org.apache.lucene.index.TestStressIndexing$SearcherThread",2,1.00,1.50,12,0.10,1959.58,3,1,6,2,1,118.33,0,13,0,2,118.33,0.00,0.50,0.00,0,2.00,2,286.12,0,0,1,org.apache.lucene.index.TimedThread,0.00,0,1,3,0,0,2,0,0,68,2
"org.apache.lucene.index.TestStressIndexing$TimedThread",4,0.08,2.00,23,0.27,8530.48,8,4,6,8,0,118.55,0,31,0,2,118.55,0.00,0.50,0.31,2,4.00,3,818.57,0,0,0,org.apache.lucene.search.Thread,0.00,4,1,8,0,4,4,0,0,172,3
"org.apache.lucene.index.TestStressIndexing2",12,0.02,5.92,367,5.57,607247.07,20,8,21,99,18,118.33,34,371,0,2,78.45,0.00,0.50,0.10,5,30.00,25,16701.22,0,2,18,org.apache.lucene.util.LuceneTestCase,0.00,87,1,71,0,87,10,0,29,2718,1
"org.apache.lucene.index.TestStressIndexing2$Comparator<Fieldable>",1,0.00,1.00,3,0.03,432.92,1,0,21,3,1,132.44,0,4,0,1,132.44,0.00,0.00,0.00,0,1.00,1,101.06,0,0,1,java.lang.Object,0.00,2,0,1,0,2,1,0,0,29,0
"org.apache.lucene.index.TestStressIndexing2$DocsAndWriter",0,0.00,0.00,3,0.02,239.86,2,2,21,0,2,171.00,0,4,0,1,171.00,0.00,0.00,0.00,0,0.00,0,68.53,0,0,2,java.lang.Object,0.00,0,0,0,0,0,0,0,0,18,2
"org.apache.lucene.index.TestStressIndexing2$IndexingThread",10,0.13,4.30,125,1.95,139219.44,17,7,21,39,4,97.78,9,156,0,2,97.78,0.00,0.50,0.26,5,18.00,15,5853.80,0,3,4,org.apache.lucene.search.Thread,0.00,29,1,43,0,29,7,0,9,1049,1
"org.apache.lucene.index.TestStressIndexing2$MockIndexWriter",2,0.00,1.50,6,0.06,690.80,2,0,21,4,3,133.12,1,11,0,2,133.12,0.00,0.50,0.00,0,2.00,2,181.65,0,0,3,org.apache.lucene.index.IndexWriter,0.00,2,1,3,0,2,2,0,1,47,1
"org.apache.lucene.index.TestTerm",1,0.00,1.00,12,0.13,4439.98,1,0,1,5,1,102.02,0,14,0,2,102.02,0.00,0.50,0.00,0,1.00,1,400.01,0,0,1,org.apache.lucene.util.LuceneTestCase,0.00,4,1,1,0,4,1,0,0,91,1
"org.apache.lucene.index.TestTermVectorAccessor",1,0.00,2.00,62,1.46,180147.95,1,0,5,20,9,42.45,14,62,0,2,62.59,0.00,0.50,0.00,0,1.00,2,4379.34,0,0,9,org.apache.lucene.util.LuceneTestCase,0.00,19,1,2,0,19,1,0,1,711,1
"org.apache.lucene.index.TestTermVectorsReader",8,0.40,4.88,265,4.34,443426.04,19,11,15,62,21,76.87,39,268,0,2,76.64,0.00,0.50,0.44,0,0.00,11,13031.37,2,0,21,org.apache.lucene.util.LuceneTestCase,0.00,54,1,39,0,54,8,0,33,2160,1
"org.apache.lucene.index.TestTermVectorsReader$DocNumAwareMapper",5,0.50,1.40,13,0.14,2304.52,6,1,15,6,2,138.72,0,24,0,2,138.72,0.00,0.50,0.60,0,2.00,2,425.24,0,0,2,org.apache.lucene.index.TermVectorMapper,0.17,1,1,7,0,1,5,0,0,103,2
"org.apache.lucene.index.TestTermVectorsReader$MyAnalyzer",1,0.00,1.00,3,0.03,292.54,1,0,15,2,2,133.78,0,6,0,2,133.78,0.00,0.50,0.00,0,1.00,1,81.93,0,1,2,org.apache.lucene.analysis.Analyzer,0.00,1,1,1,0,1,0,0,0,23,1
"org.apache.lucene.index.TestTermVectorsReader$MyTokenStream",2,1.25,2.00,20,0.22,7453.30,6,4,15,6,4,105.42,0,28,0,3,105.42,0.00,0.67,0.88,0,0.00,3,667.58,0,0,4,org.apache.lucene.analysis.TokenStream,0.30,4,2,4,0,4,2,0,0,139,1
"org.apache.lucene.index.TestTermVectorsReader$TestToken",1,3.00,1.00,7,0.05,734.78,5,4,15,1,0,116.91,0,9,0,1,116.91,0.00,0.00,0.25,0,0.00,1,151.77,0,0,0,java.lang.Object,0.00,0,0,1,0,0,1,1,0,40,1
"org.apache.lucene.index.TestTermVectorsWriter",14,0.00,1.43,315,5.52,182413.27,14,0,15,55,19,138.44,21,366,0,2,88.44,0.00,0.50,0.00,0,14.00,4,16571.85,0,0,19,org.apache.lucene.util.LuceneTestCase,0.00,41,1,20,0,41,14,0,21,2857,1
"org.apache.lucene.index.TestTermdocPerf",3,0.00,2.67,37,0.61,24030.50,3,0,11,26,13,99.78,2,40,0,2,99.78,0.00,0.50,0.00,1,3.00,5,1833.80,0,0,13,org.apache.lucene.util.LuceneTestCase,0.00,23,1,8,0,23,3,0,2,319,1
"org.apache.lucene.index.TestTermdocPerf$Analyzer",1,0.00,2.00,4,0.07,1602.03,1,0,11,3,1,123.15,0,7,0,1,123.15,0.00,0.00,0.00,0,1.00,2,209.91,0,1,1,java.lang.Object,0.00,2,0,2,0,2,0,0,0,46,0
"org.apache.lucene.index.TestThreadedOptimize",3,0.20,2.67,59,1.04,58438.98,8,5,9,32,12,129.18,6,56,0,2,89.29,0.00,0.50,0.33,1,1.00,6,3124.71,0,0,12,org.apache.lucene.util.LuceneTestCase,0.00,29,1,8,0,29,3,0,3,504,1
"org.apache.lucene.index.TestThreadedOptimize$Thread",1,0.00,5.00,25,0.39,17547.97,1,0,9,12,2,85.06,0,22,0,1,85.06,0.00,0.00,0.00,0,1.00,5,1164.49,0,0,2,java.lang.Object,0.00,11,0,5,0,11,1,0,0,199,0
"org.apache.lucene.index.TestTieredMergePolicy",2,0.00,5.50,73,1.12,58117.93,2,0,6,34,10,77.41,0,74,0,2,77.41,0.00,0.50,0.00,0,2.00,6,3373.97,0,0,10,org.apache.lucene.util.LuceneTestCase,0.00,32,1,11,0,32,2,0,0,529,1
"org.apache.lucene.index.TestTransactionRollback",6,0.10,2.83,74,1.06,37457.25,8,2,12,43,8,100.85,29,85,0,2,100.62,0.00,0.50,0.58,2,0.00,5,3174.74,2,0,8,org.apache.lucene.util.LuceneTestCase,0.00,37,1,17,0,37,6,0,10,580,1
"org.apache.lucene.index.TestTransactionRollback$DeleteLastCommitPolicy",2,0.00,2.00,4,0.06,1042.33,2,0,12,5,1,138.22,0,6,0,1,138.22,0.00,0.00,0.00,0,2.00,2,187.90,0,0,1,java.lang.Object,0.00,3,0,4,0,3,2,1,0,47,0
"org.apache.lucene.index.TestTransactionRollback$KeepAllDeletionPolicy",2,0.00,2.00,3,0.04,443.84,2,0,12,2,1,152.36,0,4,0,1,152.36,0.00,0.00,0.00,0,2.00,2,118.22,0,0,1,java.lang.Object,0.00,0,0,4,0,0,2,1,0,33,0
"org.apache.lucene.index.TestTransactionRollback$RollbackDeletionPolicy",3,1.00,2.67,15,0.20,6066.93,4,1,12,10,1,118.90,12,21,0,1,118.67,0.00,0.00,0.33,0,4.00,5,596.95,0,0,1,java.lang.Object,0.00,7,0,8,0,7,3,1,4,123,0
"org.apache.lucene.index.TestTransactions",2,1.00,2.50,49,0.58,26502.02,3,1,9,21,10,86.84,1,45,2,2,86.84,0.00,0.50,0.00,1,2.00,3,1745.50,0,0,8,org.apache.lucene.util.LuceneTestCase,0.00,19,1,5,0,19,2,0,1,329,1
"org.apache.lucene.index.TestTransactions$IndexerThread",3,0.12,2.33,54,0.72,31143.10,7,4,9,26,9,142.35,4,64,0,2,92.35,0.00,0.50,0.33,1,5.00,3,2155.47,0,0,9,org.apache.lucene.index.TimedThread,0.00,23,1,7,0,23,3,0,4,400,1
"org.apache.lucene.index.TestTransactions$RandomFailure",1,0.00,2.00,3,0.06,1188.11,1,0,9,3,2,128.83,0,7,0,2,128.83,0.00,0.50,0.00,0,1.00,2,174.41,0,0,2,MockDirectoryWrapper.Failure,0.00,2,1,2,0,2,1,0,0,40,1
"org.apache.lucene.index.TestTransactions$SearcherThread",2,0.33,1.50,17,0.20,6457.08,5,3,9,6,2,109.59,0,23,0,2,109.59,0.00,0.50,0.50,0,2.00,2,588.63,0,0,2,org.apache.lucene.index.TimedThread,0.00,4,1,3,0,4,2,0,0,130,2
"org.apache.lucene.index.TestTransactions$TimedThread",4,0.00,2.00,20,0.26,7813.41,7,3,9,8,0,118.85,0,28,0,2,118.85,0.00,0.50,0.33,2,4.00,3,769.13,0,0,0,org.apache.lucene.store.Thread,0.00,4,1,8,0,4,4,0,0,164,3
"org.apache.lucene.index.TestWordlistLoader",4,0.00,1.00,30,0.43,10537.88,4,0,7,16,1,133.15,14,44,0,2,112.54,0.00,0.50,0.00,1,4.00,1,1286.70,0,0,1,org.apache.lucene.util.LuceneTestCase,0.00,12,1,4,0,12,4,0,12,264,1
"org.apache.lucene.index.TieredMergePolicy",28,0.04,3.29,315,4.83,557288.77,37,9,8,73,11,98.26,126,397,6,2,98.03,0.00,0.50,0.15,4,386.00,26,14497.80,0,13,5,org.apache.lucene.index.MergePolicy,0.06,45,1,92,0,45,15,0,66,2415,1
"org.apache.lucene.index.TieredMergePolicy$MergeScore",2,0.00,1.00,3,0.01,73.60,2,0,8,2,0,158.67,0,5,0,1,158.67,0.00,0.00,0.00,0,2.00,1,38.73,0,1,0,java.lang.Object,0.00,0,0,2,0,0,1,0,0,16,3
"org.apache.lucene.index.TieredMergePolicy$MergeScore_0",2,0.00,1.00,5,0.05,835.72,2,0,8,3,0,139.13,0,9,0,1,139.13,0.00,0.00,0.00,0,2.00,1,154.90,0,1,0,java.lang.Object,0.00,1,0,2,0,1,1,0,0,42,0
"org.apache.lucene.index.TieredMergePolicy$SegmentByteSizeDescending",1,0.00,4.00,12,0.13,5525.96,1,0,8,4,1,100.95,0,17,0,1,100.95,0.00,0.00,0.00,0,1.00,4,380.28,0,0,1,java.lang.Object,0.00,3,0,4,0,3,1,1,0,80,1
"org.apache.lucene.index.UpgradeIndexMergePolicy",11,0.40,2.09,48,0.66,32992.93,12,1,6,35,7,141.61,35,76,1,2,120.99,0.00,0.50,0.64,2,4.00,12,1985.47,1,4,6,org.apache.lucene.index.MergePolicy,0.11,24,1,23,0,24,7,0,8,411,1
"org.apache.solr.core.AbstractSolrEventListener",6,0.50,1.17,21,0.18,4021.50,8,2,3,12,7,170.80,12,30,2,1,130.91,0.00,0.00,0.08,0,10.00,2,539.22,0,2,5,java.lang.Object,0.00,6,0,7,2,6,4,1,2,137,0
"org.apache.solr.core.AlternateDirectoryTest",2,0.00,1.00,10,0.10,1134.05,2,0,7,4,3,163.13,5,15,0,3,123.24,0.00,0.67,0.00,0,2.00,1,304.33,3,0,3,org.apache.solr.SolrTestCaseJ4,0.00,2,2,2,0,2,2,0,1,74,1
"org.apache.solr.core.AlternateDirectoryTest$TestFSDirectoryFactory",1,0.00,2.00,8,0.09,1707.58,3,2,7,3,2,161.70,1,12,0,2,111.70,0.00,0.50,1.00,0,0.00,2,261.68,0,1,2,org.apache.solr.core.DirectoryFactory,0.00,2,1,2,0,2,0,0,1,60,2
"org.apache.solr.core.AlternateDirectoryTest$TestIndexReaderFactory",1,1.00,1.00,5,0.06,959.94,2,1,7,2,3,121.44,0,9,0,2,121.44,0.00,0.50,0.00,0,1.00,1,178.49,0,1,3,org.apache.solr.core.IndexReaderFactory,0.00,1,1,1,0,1,0,0,0,43,2
"org.apache.solr.core.CloseHook",1,0.00,1.00,2,0.01,30.51,1,0,0,1,2,148.79,36,3,2,1,148.08,0.00,0.00,0.00,0,1.00,1,25.51,0,0,1,,0.00,0,0,1,0,0,1,0,3,11,1
"org.apache.solr.core.ClosingRequestHandler",1,1.00,1.00,4,0.03,270.16,2,1,11,3,12,129.39,0,6,1,3,129.39,0.00,0.67,0.00,0,1.00,1,90.05,0,0,11,org.apache.solr.core.EmptyRequestHandler,0.00,2,2,1,0,2,1,1,0,26,0
"org.apache.solr.core.ClosingRequestHandler$CloseHook",1,0.00,1.00,3,0.02,107.13,1,0,11,1,1,137.22,0,4,0,1,137.22,0.00,0.00,0.00,0,0.00,1,46.05,0,0,1,java.lang.Object,0.00,0,0,1,0,0,1,0,0,15,0
"org.apache.solr.core.Config",32,0.02,1.81,147,2.13,83776.26,40,8,26,81,21,161.37,90,228,15,1,121.49,0.00,0.00,0.11,4,388.00,9,6380.69,0,20,6,java.lang.Object,0.00,49,0,58,1,49,12,0,20,1280,1
"org.apache.solr.core.CoreContainer",40,0.02,2.92,382,5.73,322637.38,62,22,23,156,23,125.01,139,513,14,1,104.39,0.00,0.00,0.07,10,682.00,18,17196.46,1,14,12,java.lang.Object,0.00,116,0,117,0,116,26,0,52,3067,1
"org.apache.solr.core.CoreContainer$Initializer",5,0.12,1.40,28,0.33,11240.11,7,2,23,15,2,168.45,8,38,0,1,118.45,0.00,0.00,0.40,1,6.00,3,976.98,0,1,2,java.lang.Object,0.00,10,0,7,0,10,4,0,4,196,2
"org.apache.solr.core.CoreDescriptor",19,0.04,1.53,81,0.76,19006.44,27,8,2,31,8,174.82,23,110,7,1,124.82,0.00,0.00,0.09,1,123.00,4,2272.78,0,12,2,java.lang.Object,0.00,12,0,29,0,12,7,0,12,540,1
"org.apache.solr.core.Deprecated",5,0.00,1.00,11,0.11,992.13,5,0,0,5,1,191.68,5,17,0,3,141.68,0.00,0.67,0.00,0,5.00,1,334.37,0,0,1,org.apache.solr.common.SolrException,0.00,0,2,5,0,0,5,0,1,94,1
"org.apache.solr.core.DirectoryFactory",3,0.00,1.00,6,0.05,630.48,3,0,5,5,11,162.10,10,9,8,1,141.48,0.00,0.00,0.00,0,3.00,1,154.57,0,1,3,java.lang.Object,0.00,2,0,3,5,2,2,1,3,45,2
"org.apache.solr.core.DummyValueSourceParser",2,1.00,1.00,8,0.07,1208.58,3,1,7,4,8,166.53,4,13,1,2,126.64,0.00,0.50,0.00,0,2.00,1,208.34,0,1,7,org.apache.solr.search.ValueSourceParser,0.00,2,1,2,0,2,1,0,1,54,1
"org.apache.solr.core.DummyValueSourceParser$SimpleFloatFunction",2,0.00,1.00,6,0.04,527.78,2,0,7,2,0,134.13,0,10,0,1,134.13,0.00,0.00,0.00,0,2.00,1,128.15,0,1,0,java.lang.Object,0.00,0,0,2,0,0,1,0,0,36,0
"org.apache.solr.core.EmptyRequestHandler",5,0.00,1.00,10,0.07,711.24,5,0,11,5,10,142.82,1,10,2,2,142.82,1.00,0.33,0.00,0,5.00,1,209.58,0,4,8,org.apache.solr.RequestHandlerBase,0.00,0,1,5,1,0,1,0,1,63,0
"org.apache.solr.core.FakeDeletionPolicy",5,0.12,1.00,14,0.11,1161.97,7,2,5,7,4,191.14,6,20,1,1,141.14,0.00,0.00,0.40,0,6.00,1,341.96,0,2,3,java.lang.Object,0.00,2,0,5,0,2,3,2,4,92,1
"org.apache.solr.core.IndexDeletionPolicyWrapper",13,0.02,1.77,65,0.73,21938.80,18,5,7,34,9,119.62,52,78,6,1,119.38,0.00,0.00,0.18,3,98.00,3,2191.47,0,5,3,java.lang.Object,0.00,21,0,23,0,21,8,1,16,487,1
"org.apache.solr.core.IndexDeletionPolicyWrapper$IndexCommitWrapper",13,0.08,1.15,32,0.30,5664.06,14,1,7,26,2,138.95,0,58,0,2,138.95,0.00,0.50,0.92,0,0.00,3,899.43,0,4,2,org.apache.lucene.index.IndexCommit,0.85,13,1,15,0,13,9,0,0,238,1
"org.apache.solr.core.IndexReaderFactory",3,0.50,1.33,9,0.08,1093.06,4,1,5,5,10,84.86,26,14,6,1,132.96,0.00,0.00,0.67,0,1.00,2,250.51,0,1,4,java.lang.Object,0.00,2,0,4,2,2,2,1,5,65,2
"org.apache.solr.core.IndexReaderFactoryTest",3,0.00,1.00,10,0.10,1807.27,3,0,1,8,2,181.31,5,16,0,3,131.31,0.00,0.67,0.00,0,4.00,1,312.06,0,2,2,org.apache.solr.util.AbstractSolrTestCase,0.17,5,2,3,0,5,1,0,1,74,1
"org.apache.solr.core.JmxMonitoredMap",6,0.27,4.17,66,1.06,54452.82,9,3,12,30,5,58.37,42,108,2,2,100.66,0.00,0.50,0.56,2,0.00,9,3169.28,3,3,3,java.util.concurrent.ConcurrentHashMap,0.00,24,1,25,0,24,3,0,10,587,1
"org.apache.solr.core.JmxMonitoredMap$SolrDynamicMBean",7,0.17,2.43,55,0.82,41307.42,9,2,12,36,2,109.58,1,84,0,1,109.58,0.00,0.00,0.36,0,11.00,6,2455.84,0,5,2,java.lang.Object,0.00,29,0,17,0,29,2,1,1,472,1
"org.apache.solr.core.MMapDirectoryFactory",2,1.00,2.00,17,0.21,4730.07,5,3,8,12,5,92.71,10,25,0,2,110.59,0.00,0.50,0.83,0,0.00,2,639.59,0,1,5,org.apache.solr.core.DirectoryFactory,0.00,10,1,4,0,10,1,0,1,133,1
"org.apache.solr.core.MockEventListener",5,0.75,1.00,9,0.07,756.16,6,1,3,8,4,153.84,3,16,1,1,153.84,0.00,0.00,0.40,0,7.00,1,196.55,0,0,3,java.lang.Object,0.00,3,0,5,0,3,5,1,3,60,1
"org.apache.solr.core.MockQuerySenderListenerReqHandler",7,0.28,1.00,26,0.22,3987.46,10,3,5,11,5,131.50,4,41,1,2,131.50,0.00,0.50,0.10,0,13.00,1,669.12,2,5,4,org.apache.solr.handler.RequestHandlerBase,0.53,4,1,7,0,4,2,0,1,171,1
"org.apache.solr.core.PluginInfo",8,0.12,3.00,55,0.98,32677.76,16,8,7,34,12,163.28,9,63,10,1,113.28,0.00,0.00,0.23,1,18.00,6,2954.18,0,4,2,java.lang.Object,0.00,26,0,24,0,26,4,0,3,585,1
"org.apache.solr.core.QuerySenderListener",2,0.00,3.50,28,0.36,17025.40,2,0,8,14,10,97.25,9,31,1,2,97.01,0.00,0.50,0.00,0,2.00,6,1084.98,1,0,9,org.apache.solr.core.AbstractSolrEventListener,0.00,12,1,7,0,12,2,0,7,187,0
"org.apache.solr.core.QuerySenderListener$LocalSolrQueryRequest",2,0.00,1.00,4,0.02,220.18,2,0,8,2,1,143.69,0,3,0,1,143.69,0.00,0.00,0.00,0,2.00,1,74.51,0,1,1,java.lang.Object,0.00,0,0,2,0,0,1,0,0,25,0
"org.apache.solr.core.RAMDirectoryFactory",3,0.50,2.00,28,0.30,9798.58,4,1,5,11,5,147.46,6,39,2,3,107.57,0.00,0.67,0.67,1,1.00,2,909.90,1,2,3,org.apache.solr.core.StandardDirectoryFactory,0.00,8,2,6,0,8,1,0,2,191,1
"org.apache.solr.core.RAMDirectoryFactoryTest",2,0.00,1.00,13,0.14,3286.72,2,0,3,8,3,166.65,3,19,0,2,116.65,0.00,0.50,0.00,0,2.00,1,423.06,0,0,3,org.apache.lucene.util.LuceneTestCase,0.00,6,1,2,0,6,2,0,1,94,1
"org.apache.solr.core.RAMDirectoryFactoryTest$RAMDirectoryFactory",1,0.00,1.00,3,0.02,189.62,1,0,3,1,1,135.26,0,5,0,1,135.26,0.00,0.00,0.00,0,1.00,1,59.81,0,1,1,java.lang.Object,0.00,0,0,1,0,0,0,0,0,18,0
"org.apache.solr.core.RefCntRamDirectory",6,0.60,1.50,23,0.17,2835.60,7,1,5,13,5,132.05,0,33,2,3,132.05,0.00,0.67,0.50,1,10.00,3,511.58,2,0,3,org.apache.lucene.store.RAMDirectory,0.07,7,2,9,0,7,6,0,0,131,1
"org.apache.solr.core.RequestHandlers",7,0.00,3.29,64,1.07,60355.85,11,4,19,41,13,55.66,71,87,1,1,104.14,0.00,0.00,0.25,3,11.00,11,3224.52,0,5,13,java.lang.Object,0.00,34,0,23,0,34,2,0,12,588,1
"org.apache.solr.core.RequestHandlers$LazyRequestHandlerWrapper",13,0.06,1.77,61,0.51,12327.21,17,4,19,26,9,124.97,9,93,0,1,124.97,0.00,0.00,0.31,1,0.00,4,1519.27,0,9,9,java.lang.Object,0.00,13,0,23,0,13,4,2,5,361,3
"org.apache.solr.core.RequestHandlersTest",4,0.00,1.00,29,0.40,7179.85,4,0,5,12,4,113.85,3,54,0,3,113.85,0.00,0.67,0.00,0,0.00,1,1195.91,5,0,4,org.apache.solr.SolrTestCaseJ4,0.00,8,2,4,0,8,4,0,3,236,1
"org.apache.solr.core.ResourceLoaderTest",4,0.00,2.50,50,0.75,33663.43,4,0,15,25,9,139.51,11,75,0,2,99.62,0.00,0.50,0.00,0,4.00,5,2262.70,0,0,9,org.apache.lucene.util.LuceneTestCase,0.00,21,1,10,0,21,4,0,11,428,1
"org.apache.solr.core.RunExecutableListener",5,0.20,2.80,45,0.65,25989.70,10,5,7,21,5,126.52,15,63,0,2,105.91,0.00,0.50,0.36,1,7.00,6,1947.20,1,0,5,org.apache.solr.core.AbstractSolrEventListener,0.18,16,1,14,0,16,5,0,7,374,0
"org.apache.solr.core.SOLR749Test",2,0.00,1.00,12,0.16,3942.13,2,0,5,6,6,155.91,4,16,0,3,116.03,0.00,0.67,0.00,0,2.00,1,476.51,1,0,6,org.apache.solr.SolrTestCaseJ4,0.00,4,2,2,0,4,2,0,1,100,1
"org.apache.solr.core.SimpleFSDirectoryFactory",1,0.00,1.00,3,0.03,451.02,1,0,4,3,3,132.54,4,6,0,2,132.30,0.00,0.50,0.00,0,1.00,1,99.51,0,1,3,org.apache.solr.core.DirectoryFactory,0.00,2,1,1,0,2,0,0,1,27,1
"org.apache.solr.core.SolrConfig",11,0.08,1.91,136,2.40,93873.80,43,32,33,51,46,81.77,61,165,23,2,99.64,0.00,0.50,0.10,2,49.00,5,7200.83,3,3,28,org.apache.solr.core.Config,0.00,40,1,21,0,40,8,0,23,1144,1
"org.apache.solr.core.SolrConfig$HttpCachingConfig",0,0.00,0.00,4,0.05,845.18,2,2,33,1,0,171.00,2,6,0,1,171.00,0.00,0.00,0.00,0,0.00,0,138.30,0,0,0,java.lang.Object,0.00,1,0,0,0,1,0,0,2,32,2
"org.apache.solr.core.SolrConfig$HttpCachingConfig$LastModFrom",1,0.00,13.00,64,1.13,102618.52,6,5,33,19,3,26.01,12,78,0,1,63.57,0.00,0.00,1.00,0,0.00,13,3388.53,0,1,3,java.lang.Object,0.00,18,0,13,0,18,0,0,7,489,2
"org.apache.solr.core.SolrConfig$HttpCachingConfig$LastModFrom$UpdateHandlerInfo",1,4.00,1.00,8,0.07,1290.31,5,4,33,1,0,80.60,6,10,0,1,112.82,0.00,0.00,0.00,0,1.00,1,207.37,0,0,0,java.lang.Object,0.00,0,0,1,0,0,1,0,1,55,2
"org.apache.solr.core.SolrConfig$JmxConfiguration",1,3.00,1.00,8,0.06,989.60,4,3,33,1,0,113.72,0,10,0,1,113.72,0.00,0.00,0.00,0,1.00,1,185.02,0,0,0,java.lang.Object,0.00,0,0,1,0,0,1,0,0,50,2
"org.apache.solr.core.SolrCore",86,0.01,2.53,673,9.86,554167.62,122,36,56,284,181,109.50,418,920,133,1,109.27,0.00,0.00,0.04,31,4426.00,29,29575.77,1,47,64,java.lang.Object,0.00,198,0,218,0,198,39,1,182,5363,2
"org.apache.solr.core.SolrCore$Callable",1,0.00,1.00,4,0.02,206.27,1,0,56,2,0,130.32,0,5,0,1,130.32,0.00,0.00,0.00,0,1.00,1,63.51,0,1,0,java.lang.Object,0.00,1,0,1,0,1,0,0,0,19,0
"org.apache.solr.core.SolrCore$Callable_0",1,0.00,2.00,6,0.05,726.85,1,0,56,3,1,119.28,0,9,0,1,119.28,0.00,0.00,0.00,0,0.00,2,144.16,0,1,1,java.lang.Object,0.00,2,0,2,0,2,0,0,0,35,0
"org.apache.solr.core.SolrCore$Callable_1",1,0.00,3.00,8,0.06,1373.73,1,0,56,3,1,112.35,0,11,0,1,112.35,0.00,0.00,0.00,0,0.00,3,186.81,0,1,1,java.lang.Object,0.00,2,0,3,0,2,0,0,0,43,0
"org.apache.solr.core.SolrCore$Callable_2",1,0.00,3.00,8,0.06,1292.71,1,0,56,3,1,112.56,0,11,0,1,112.56,0.00,0.00,0.00,0,0.00,3,189.11,0,1,1,java.lang.Object,0.00,2,0,3,0,2,0,0,0,43,0
"org.apache.solr.core.SolrCore$Callable_3",1,0.00,3.00,8,0.08,2029.96,1,0,56,4,1,93.14,5,12,0,1,111.01,0.00,0.00,0.00,0,0.00,3,238.62,0,1,1,java.lang.Object,0.00,3,0,3,0,3,0,0,5,51,0
"org.apache.solr.core.SolrCore$RefCounted<SolrIndexSearcher>",1,0.00,3.00,8,0.09,2013.60,1,0,56,4,1,93.17,5,13,0,1,111.04,0.00,0.00,0.00,0,0.00,3,281.62,0,0,1,java.lang.Object,0.00,3,0,3,0,3,1,0,5,60,0
"org.apache.solr.core.SolrCoreTest",7,0.00,1.29,95,1.46,60957.85,7,0,11,37,13,148.36,9,108,0,3,98.36,0.00,0.67,0.00,0,0.00,3,4391.59,4,0,13,org.apache.solr.SolrTestCaseJ4,0.10,30,2,9,0,30,7,0,9,779,1
"org.apache.solr.core.SolrCoreTest$Callable<Integer>",2,0.00,2.50,26,0.26,12870.73,2,0,11,7,1,99.25,1,31,0,1,99.25,0.00,0.00,0.00,1,2.00,3,770.50,0,1,1,java.lang.Object,0.00,5,0,5,0,5,1,0,1,151,0
"org.apache.solr.core.SolrDeletionPolicy",12,0.00,2.42,104,1.38,63595.77,16,4,14,40,11,147.67,24,134,3,1,107.78,0.00,0.00,0.25,2,42.00,9,4133.25,0,4,9,java.lang.Object,0.00,28,0,29,0,28,8,2,13,801,1
"org.apache.solr.core.SolrEventListener",2,1.00,1.00,4,0.04,532.96,3,1,4,3,8,120.53,29,5,6,2,140.67,0.00,0.50,0.00,0,2.00,1,120.27,0,0,3,,0.00,1,1,2,0,1,2,0,2,34,1
"org.apache.solr.core.SolrInfoMBean",8,0.00,1.00,10,0.04,194.28,8,0,2,8,18,160.33,33,10,17,1,160.09,0.00,0.00,0.00,0,8.00,1,117.46,0,8,1,,0.00,0,0,8,0,0,0,0,9,49,1
"org.apache.solr.core.SolrInfoMBean$Category",0,0.00,0.00,2,0.01,76.11,0,0,2,0,0,171.00,0,1,0,1,171.00,0.00,0.00,0.00,0,0.00,0,38.05,0,0,0,java.lang.Object,0.00,0,0,0,0,0,0,0,0,11,1
"org.apache.solr.core.SolrResourceLoader",29,0.02,3.07,257,4.11,214084.80,44,15,36,106,54,88.72,166,391,39,1,106.59,0.00,0.00,0.09,10,377.00,9,12340.24,0,20,17,java.lang.Object,0.00,77,0,89,0,77,9,1,48,2276,1
"org.apache.solr.core.SolrResourceLoader$FileFilter",1,0.00,1.00,3,0.02,187.66,1,0,36,2,0,135.30,0,4,0,1,135.30,0.00,0.00,0.00,0,1.00,1,58.19,0,0,0,java.lang.Object,0.00,1,0,1,0,1,1,0,0,18,0
"org.apache.solr.core.StandardDirectoryFactory",1,0.00,1.00,3,0.04,587.43,1,0,4,3,5,131.63,4,6,2,2,131.40,1.00,0.33,0.00,0,1.00,1,105.43,0,1,3,org.apache.solr.core.DirectoryFactory,0.00,2,1,1,1,2,0,0,1,28,1
"org.apache.solr.core.StandardIndexReaderFactory",1,0.00,1.00,3,0.04,587.11,1,0,3,2,5,81.40,9,7,2,2,131.40,0.00,0.50,0.00,0,0.00,1,117.46,0,1,3,org.apache.solr.core.IndexReaderFactory,0.00,1,1,1,0,1,0,0,2,30,1
"org.apache.solr.core.TestArbitraryIndexDir",5,0.00,1.40,39,0.72,26376.55,5,0,17,36,10,160.09,9,65,0,3,110.09,0.00,0.67,0.00,0,7.00,3,2169.10,6,2,10,org.apache.solr.util.AbstractSolrTestCase,0.32,31,2,7,0,31,3,0,7,375,1
"org.apache.solr.core.TestBadConfig",4,0.00,1.25,15,0.12,1989.73,4,0,1,9,2,131.91,1,22,0,3,131.91,0.00,0.67,0.00,0,4.00,2,367.60,3,2,2,org.apache.solr.util.AbstractSolrTestCase,0.25,5,2,5,0,5,2,0,1,90,1
"org.apache.solr.core.TestConfig",7,0.00,1.43,58,0.84,21528.35,7,0,14,39,9,109.76,6,80,0,3,109.76,0.00,0.67,0.00,0,16.00,4,2516.44,1,0,9,org.apache.solr.SolrTestCaseJ4,0.00,32,2,10,0,32,7,0,6,499,1
"org.apache.solr.core.TestConfig$ExposeWriterHandler",2,0.00,1.00,6,0.03,287.25,2,0,14,3,2,136.21,0,9,0,3,136.21,0.00,0.67,0.00,0,2.00,1,101.55,1,1,2,org.apache.solr.update.DirectUpdateHandler2,0.00,1,2,2,0,1,1,0,0,31,0
"org.apache.solr.core.TestJmxIntegration",7,0.00,1.71,51,0.83,33272.78,7,0,10,38,2,160.40,8,70,0,3,110.40,0.00,0.67,0.00,1,13.00,4,2493.17,4,3,2,org.apache.solr.util.AbstractSolrTestCase,0.31,31,2,12,0,31,4,0,3,452,1
"org.apache.solr.core.TestJmxMonitoredMap",3,0.50,2.67,49,0.71,33832.19,7,4,17,24,3,133.83,7,74,0,2,93.95,0.00,0.50,0.58,0,0.00,5,2117.87,2,0,3,org.apache.lucene.util.LuceneTestCase,0.00,21,1,8,0,21,3,0,2,393,1
"org.apache.solr.core.TestJmxMonitoredMap$MockInfoMBean",8,0.00,1.00,17,0.08,667.94,8,0,17,8,2,144.64,1,27,0,1,144.64,0.00,0.00,0.00,0,8.00,1,237.25,0,8,2,java.lang.Object,0.00,0,0,8,0,0,0,1,1,77,1
"org.apache.solr.core.TestLegacyMergeSchedulerPolicyConfig",2,0.00,1.00,10,0.16,3582.42,2,0,8,12,5,119.31,0,15,0,3,119.31,0.00,0.67,0.00,0,2.00,1,482.56,1,0,5,org.apache.solr.SolrTestCaseJ4,0.00,10,2,2,0,10,2,0,0,107,1
"org.apache.solr.core.TestLegacyMergeSchedulerPolicyConfig$ExposeWriterHandler",2,0.00,1.00,6,0.03,287.25,2,0,8,3,2,136.21,0,9,0,3,136.21,0.00,0.67,0.00,0,2.00,1,101.55,1,1,2,org.apache.solr.update.DirectUpdateHandler2,0.00,1,2,2,0,1,1,0,0,31,0
"org.apache.solr.core.TestPropInject",4,0.00,1.00,18,0.18,2760.92,4,0,6,13,5,126.19,0,25,0,3,126.19,0.00,0.67,0.00,0,4.00,1,546.24,0,2,5,org.apache.solr.util.AbstractSolrTestCase,0.17,9,2,4,0,9,2,0,0,129,1
"org.apache.solr.core.TestPropInject$ExposeWriterHandler",2,0.00,1.00,6,0.03,287.25,2,0,6,3,2,136.21,0,9,0,3,136.21,0.00,0.67,0.00,0,2.00,1,101.55,1,1,2,org.apache.solr.update.DirectUpdateHandler2,0.00,1,2,2,0,1,1,0,0,31,0
"org.apache.solr.core.TestPropInjectDefaults",3,0.00,1.00,16,0.19,3355.56,3,0,8,12,5,120.92,0,22,0,3,120.92,0.00,0.67,0.00,0,3.00,1,573.36,1,0,5,org.apache.solr.SolrTestCaseJ4,0.00,9,2,3,0,9,3,0,0,129,1
"org.apache.solr.core.TestPropInjectDefaults$ExposeWriterHandler",2,0.00,1.00,6,0.03,287.25,2,0,8,3,2,136.21,0,10,0,3,136.21,0.00,0.67,0.00,0,2.00,1,101.55,1,1,2,org.apache.solr.update.DirectUpdateHandler2,0.00,1,2,2,0,1,1,0,0,31,0
"org.apache.solr.core.TestQuerySenderListener",4,0.17,1.00,34,0.57,20857.12,6,2,7,25,10,158.04,7,44,0,3,108.04,0.00,0.67,0.38,0,0.00,1,1697.23,1,0,10,org.apache.solr.SolrTestCaseJ4,0.00,21,2,4,0,21,4,0,7,314,1
"org.apache.solr.core.TestSolrDeletionPolicy1",6,0.00,1.33,49,0.81,21593.63,6,0,6,23,4,109.24,3,87,0,3,109.24,0.00,0.67,0.00,1,6.00,3,2423.68,8,0,4,org.apache.solr.SolrTestCaseJ4,0.05,17,2,8,0,17,6,0,1,470,1
"org.apache.solr.core.TestSolrDeletionPolicy2",3,0.00,1.00,18,0.27,5808.34,3,0,2,13,3,166.09,3,29,0,3,116.09,0.00,0.67,0.00,0,4.00,1,795.61,4,2,3,org.apache.solr.util.AbstractSolrTestCase,0.17,10,2,3,0,10,1,0,1,156,1
"org.apache.solr.core.TestXIncludeConfig",4,0.67,1.50,21,0.20,3476.41,5,1,3,11,3,161.57,8,32,0,3,121.69,0.00,0.67,0.50,0,4.00,2,585.55,1,2,3,org.apache.solr.util.AbstractSolrTestCase,0.25,7,2,6,0,7,2,0,5,132,1
"org.apache.lucene.spatial.DistanceUtils",18,0.04,3.39,196,3.01,290755.90,32,14,6,36,32,50.28,171,232,26,1,100.28,0.00,0.00,0.03,7,94.00,10,9038.11,0,2,6,java.lang.Object,0.00,18,0,61,0,18,16,0,39,1756,1
"org.apache.lucene.spatial.DistanceUtilsTest",7,0.00,1.86,159,3.06,266101.37,7,0,2,21,2,66.84,41,183,0,2,84.72,0.00,0.50,0.00,0,7.00,7,9176.01,0,0,2,junit.framework.TestCase,0.00,14,1,13,0,14,7,0,23,1687,1
"org.apache.lucene.analysis.in.IndicNormalizationFilter",2,0.00,1.50,11,0.11,2172.37,4,2,4,8,7,160.81,4,16,3,4,120.93,0.00,0.75,0.50,0,2.00,2,340.92,0,0,4,org.apache.lucene.analysis.TokenFilter,0.29,6,3,3,0,6,2,0,1,81,2
"org.apache.lucene.analysis.in.IndicNormalizer",3,0.00,5.00,55,2.83,340296.91,5,2,4,7,1,91.26,107,145,1,1,84.00,0.00,0.00,0.50,0,2.00,10,8496.41,0,0,0,java.lang.Object,0.00,4,0,15,0,4,3,0,80,1372,1
"org.apache.lucene.analysis.in.IndicNormalizer$ScriptData",1,3.00,1.00,7,0.04,585.54,4,3,4,1,0,117.68,0,9,0,1,117.68,0.00,0.00,0.00,0,1.00,1,131.23,0,0,0,java.lang.Object,0.00,0,0,1,0,0,1,0,0,38,2
"org.apache.lucene.analysis.in.IndicTokenizer",4,0.00,1.00,9,0.13,2474.14,4,0,4,6,4,137.79,3,18,1,5,137.79,0.00,0.80,0.00,0,4.00,1,380.69,0,0,3,org.apache.lucene.analysis.CharTokenizer,0.14,2,4,4,0,2,4,0,1,99,2
"org.apache.lucene.analysis.in.TestIndicNormalizer",2,0.00,1.00,13,0.14,1986.08,2,0,6,5,5,138.99,7,16,0,3,118.37,0.00,0.67,0.00,1,2.00,1,409.83,1,0,5,org.apache.lucene.analysis.BaseTokenStreamTestCase,0.00,3,2,2,0,3,2,0,3,92,1
"org.apache.lucene.analysis.path.PathHierarchyTokenizer",9,0.17,2.44,101,1.09,96801.62,23,14,6,21,6,150.20,17,133,2,4,100.20,0.00,0.75,0.22,0,20.00,14,3257.63,2,0,4,org.apache.lucene.analysis.Tokenizer,0.31,12,3,22,0,12,9,0,2,629,1
"org.apache.lucene.analysis.path.ReversePathHierarchyTokenizer",11,0.15,1.64,84,1.05,50628.03,27,16,8,28,6,160.52,19,108,2,4,110.52,0.00,0.75,0.20,0,30.00,8,3153.62,2,0,4,org.apache.lucene.analysis.Tokenizer,0.29,17,3,18,0,17,11,0,2,616,1
"org.apache.lucene.analysis.path.TestPathHierarchyTokenizer",15,0.00,1.00,124,1.44,31308.18,15,0,5,21,5,111.17,0,155,0,3,111.17,0.00,0.67,0.00,0,15.00,1,4333.60,1,0,5,org.apache.lucene.analysis.BaseTokenStreamTestCase,0.00,6,2,15,0,6,15,0,0,900,1
"org.apache.lucene.analysis.path.TestReversePathHierarchyTokenizer",12,0.00,1.00,97,1.07,23637.71,12,0,2,15,2,111.37,0,122,0,3,111.37,0.00,0.67,0.00,0,12.00,1,3220.73,1,0,2,org.apache.lucene.analysis.BaseTokenStreamTestCase,0.00,3,2,12,0,3,12,0,0,684,1
"org.apache.lucene.spatial.tier.CartesianPolyFilterBuilder",4,0.07,3.50,76,1.06,84513.93,9,5,9,24,9,44.83,46,90,1,1,88.95,0.00,0.00,0.25,1,6.00,8,3184.67,0,1,8,java.lang.Object,0.00,20,0,14,0,20,3,0,37,580,1
"org.apache.lucene.spatial.tier.CartesianShapeFilter",2,0.00,2.00,21,0.28,9347.07,4,2,9,15,10,104.88,8,24,2,2,104.64,0.00,0.50,0.50,0,2.00,3,833.93,0,1,8,org.apache.lucene.search.Filter,0.00,13,1,4,0,13,1,0,4,161,1
"org.apache.lucene.spatial.tier.DistanceCheck",2,0.00,1.50,17,0.19,6975.63,2,0,2,6,1,159.32,3,18,0,1,109.32,0.00,0.00,0.00,0,2.00,2,572.47,0,1,1,java.lang.Object,0.00,4,0,3,0,4,1,0,1,118,1
"org.apache.lucene.spatial.tier.DistanceFieldComparatorSource",3,0.00,1.33,14,0.13,2270.92,6,3,5,5,6,175.80,5,21,1,2,125.80,0.00,0.50,0.33,0,1.00,2,390.09,0,1,5,org.apache.lucene.search.FieldComparatorSource,0.00,2,1,4,0,2,2,0,1,96,1
"org.apache.lucene.spatial.tier.DistanceFieldComparatorSource$DistanceScoreDocLookupComparator",8,0.05,1.50,30,0.30,7336.57,11,3,5,8,2,129.78,2,49,0,2,129.78,0.00,0.50,0.38,0,0.00,3,910.65,0,1,2,org.apache.lucene.search.FieldComparator,0.59,0,1,12,0,0,7,0,2,216,1
"org.apache.lucene.spatial.tier.DistanceFilter",8,0.05,1.12,27,0.28,5076.58,14,6,7,13,5,131.34,33,37,4,2,131.11,2.00,0.25,0.12,0,22.00,2,834.97,0,2,1,org.apache.lucene.search.Filter,0.00,5,1,9,2,5,6,0,15,196,2
"org.apache.lucene.spatial.tier.DistanceHandler",5,0.08,2.80,41,0.52,18372.26,8,3,3,14,2,129.62,16,49,1,1,109.00,0.00,0.00,0.27,1,7.00,6,1571.48,0,1,1,java.lang.Object,0.00,9,0,14,0,9,4,0,8,326,1
"org.apache.lucene.spatial.tier.DistanceHandler$Precision",0,0.00,0.00,2,0.01,36.00,0,0,3,0,0,171.00,0,1,0,1,171.00,0.00,0.00,0.00,0,0.00,0,24.00,0,0,0,java.lang.Object,0.00,0,0,0,0,0,0,0,0,8,1
"org.apache.lucene.spatial.tier.DistanceQueryBuilder",10,0.09,1.40,51,0.52,12466.66,16,6,6,18,10,141.09,37,69,1,1,120.47,0.00,0.00,0.25,1,30.00,2,1545.65,0,5,9,java.lang.Object,0.00,8,0,14,0,8,5,0,7,344,1
"org.apache.lucene.spatial.tier.InvalidGeoException",1,1.00,1.00,4,0.03,332.00,2,1,0,1,10,80.58,8,6,10,2,128.69,0.00,0.50,0.00,0,1.00,1,87.11,0,0,0,java.lang.Exception,0.00,0,1,1,0,0,1,0,2,25,1
"org.apache.lucene.spatial.tier.LatLongDistanceFilter",4,0.11,1.75,34,0.47,17524.94,10,6,7,11,10,90.63,20,48,3,3,108.51,0.00,0.67,0.25,1,4.00,4,1405.48,0,1,7,org.apache.lucene.spatial.tier.DistanceFilter,0.23,7,2,7,0,7,3,0,5,303,1
"org.apache.lucene.spatial.tier.LatLongDistanceFilter$FilteredDocIdSet",1,0.00,3.00,17,0.21,7488.37,1,0,7,7,1,76.47,5,21,0,1,94.34,0.00,0.00,0.00,0,0.00,3,625.61,0,0,1,java.lang.Object,0.00,6,0,3,0,6,1,0,5,118,0
"org.apache.lucene.spatial.tier.Shape",5,0.12,1.00,13,0.10,1362.79,7,2,3,8,3,190.59,5,19,3,1,140.59,0.00,0.00,0.40,0,5.00,1,307.53,0,2,0,java.lang.Object,0.00,3,0,5,0,3,3,1,1,84,1
"org.apache.lucene.spatial.tier.TestCartesian",10,0.28,3.60,253,5.11,248295.58,19,9,32,59,28,33.95,94,265,0,2,83.95,0.00,0.50,0.37,3,0.00,8,15330.05,2,0,28,org.apache.lucene.util.LuceneTestCase,0.00,49,1,36,0,49,10,0,69,2350,1
"org.apache.lucene.spatial.tier.TestCartesian$CustomScoreQuery",1,0.00,1.00,3,0.02,212.85,1,0,32,2,2,134.87,0,5,0,1,134.87,0.00,0.00,0.00,0,1.00,1,73.21,0,1,2,java.lang.Object,0.00,1,0,1,0,1,0,0,0,22,0
"org.apache.lucene.spatial.tier.TestCartesian$CustomScoreQuery$CustomScoreProvider",1,0.00,4.00,8,0.14,5151.83,1,0,32,3,0,108.00,4,12,0,1,107.76,0.00,0.00,0.00,0,1.00,4,406.56,0,0,0,java.lang.Object,0.00,2,0,4,0,2,1,0,4,82,0
"org.apache.lucene.spatial.tier.TestCartesian$CustomScoreQuery_0",1,0.00,1.00,3,0.02,212.85,1,0,32,2,2,134.87,0,5,0,1,134.87,0.00,0.00,0.00,0,1.00,1,73.21,0,1,2,java.lang.Object,0.00,1,0,1,0,1,0,0,0,22,0
"org.apache.lucene.spatial.tier.TestCartesian$CustomScoreQuery_0$CustomScoreProvider_1",1,0.00,4.00,8,0.14,5151.83,1,0,32,3,0,108.00,4,12,0,1,107.76,0.00,0.00,0.00,0,1.00,4,406.56,0,0,0,java.lang.Object,0.00,2,0,4,0,2,1,0,4,82,0
"org.apache.lucene.spatial.tier.TestCartesian$CustomScoreQuery_2",1,0.00,1.00,3,0.02,212.85,1,0,32,2,2,134.87,0,5,0,1,134.87,0.00,0.00,0.00,0,1.00,1,73.21,0,1,2,java.lang.Object,0.00,1,0,1,0,1,0,0,0,22,0
"org.apache.lucene.spatial.tier.TestCartesian$CustomScoreQuery_2$CustomScoreProvider_3",1,0.00,4.00,8,0.14,5151.83,1,0,32,3,0,108.00,4,12,0,1,107.76,0.00,0.00,0.00,0,1.00,4,406.56,0,0,0,java.lang.Object,0.00,2,0,4,0,2,1,0,4,82,0
"org.apache.lucene.spatial.tier.TestCartesian$CustomScoreQuery_4",1,0.00,1.00,3,0.02,172.71,1,0,32,2,2,135.58,0,5,0,1,135.58,0.00,0.00,0.00,0,1.00,1,57.02,0,1,2,java.lang.Object,0.00,1,0,1,0,1,0,0,0,18,0
"org.apache.lucene.spatial.tier.TestCartesian$CustomScoreQuery_4$CustomScoreProvider_5",1,0.00,4.00,8,0.14,5151.83,1,0,32,3,0,108.00,4,12,0,1,107.76,0.00,0.00,0.00,0,1.00,4,406.56,0,0,0,java.lang.Object,0.00,2,0,4,0,2,1,0,4,82,0
"org.apache.lucene.spatial.tier.TestCartesianShapeFilter",1,0.00,2.00,8,0.10,2173.01,1,0,5,8,2,93.00,5,13,0,2,110.87,0.00,0.50,0.00,0,1.00,2,300.11,0,0,2,org.apache.lucene.util.LuceneTestCase,0.00,7,1,2,0,7,1,0,1,64,1
"org.apache.lucene.spatial.tier.TestDistance",5,0.25,1.20,53,0.80,16942.58,11,6,13,25,12,73.64,33,60,0,2,105.86,0.00,0.50,0.37,2,1.00,2,2399.55,2,0,12,org.apache.lucene.util.LuceneTestCase,0.00,20,1,6,0,20,5,0,19,455,1
"org.apache.lucene.store.instantiated.FieldSetting",4,0.08,1.50,19,0.18,4189.07,12,8,1,7,5,124.90,19,27,5,1,124.67,0.00,0.00,0.06,0,4.00,3,544.61,0,0,0,java.lang.Object,0.00,3,0,6,1,3,4,1,2,131,0
"org.apache.lucene.store.instantiated.FieldSettings",5,0.25,3.00,35,0.36,13654.81,6,1,4,12,2,112.40,20,51,1,1,112.16,0.00,0.00,0.80,0,0.00,10,1081.85,0,1,1,java.lang.Object,0.00,7,0,15,0,7,4,1,3,238,0
"org.apache.lucene.store.instantiated.InstantiatedAllTermDocs",2,1.00,1.00,7,0.05,643.02,3,1,1,4,2,133.46,0,11,1,2,133.46,0.00,0.50,0.50,0,2.00,1,156.88,0,0,2,org.apache.lucene.index.AbstractAllTermDocs,0.17,2,1,2,0,2,2,0,0,45,0
"org.apache.lucene.store.instantiated.InstantiatedDocument",8,0.14,1.00,21,0.18,2377.77,12,4,4,10,7,190.30,13,32,6,1,140.30,0.00,0.00,0.12,0,28.00,1,525.00,0,4,2,java.lang.Object,0.00,2,0,8,0,2,4,1,7,138,1
"org.apache.lucene.store.instantiated.InstantiatedIndex",21,0.02,2.76,190,3.24,409525.66,29,8,18,87,21,141.27,45,226,7,1,101.39,0.00,0.00,0.10,4,163.00,37,9720.54,0,8,16,java.lang.Object,0.00,66,0,58,0,66,13,2,17,1510,1
"org.apache.lucene.store.instantiated.InstantiatedIndexReader",30,0.15,2.37,177,2.78,142297.02,33,3,16,80,24,136.40,98,259,8,2,115.78,0.00,0.50,0.19,4,222.00,12,8348.30,0,11,21,org.apache.lucene.index.IndexReader,0.29,50,1,71,0,50,19,0,18,1649,1
"org.apache.lucene.store.instantiated.InstantiatedIndexReader$NormUpdate",1,2.00,1.00,6,0.04,483.10,3,2,16,1,0,120.84,0,9,0,1,120.84,0.00,0.00,0.00,0,1.00,1,116.08,0,0,0,java.lang.Object,0.00,0,0,1,0,0,1,0,0,34,1
"org.apache.lucene.store.instantiated.InstantiatedIndexWriter",24,0.02,3.67,329,6.60,969984.42,34,10,32,176,23,75.00,143,383,3,1,92.87,0.00,0.00,0.08,4,212.00,34,19792.01,0,3,21,java.lang.Object,0.00,152,0,88,0,152,21,1,80,2886,1
"org.apache.lucene.store.instantiated.InstantiatedIndexWriter$Comparator<InstantiatedTermDocumentInformation>",1,0.00,1.00,3,0.04,626.40,1,0,32,4,1,131.18,0,4,0,1,131.18,0.00,0.00,0.00,0,1.00,1,123.26,0,0,1,java.lang.Object,0.00,3,0,1,0,3,1,0,0,35,0
"org.apache.lucene.store.instantiated.InstantiatedIndexWriter$FieldSetting",2,6.00,1.00,10,0.09,1192.24,8,6,32,2,1,123.07,0,13,0,2,123.07,0.00,0.50,0.00,0,2.00,1,274.84,0,0,1,org.apache.lucene.store.instantiated.FieldSetting,0.33,0,1,2,0,0,2,0,0,65,1
"org.apache.lucene.store.instantiated.InstantiatedIndexWriter$TermDocumentInformationFactory",0,0.00,0.00,4,0.07,2126.66,3,3,32,1,1,171.00,0,5,0,1,171.00,0.00,0.00,0.00,0,0.00,0,212.67,0,0,1,java.lang.Object,0.00,1,0,0,0,1,0,0,0,51,1
"org.apache.lucene.store.instantiated.InstantiatedTerm",16,0.15,1.75,77,0.86,94711.61,20,4,3,24,9,100.83,82,98,8,1,118.71,0.00,0.00,0.11,3,86.00,10,2576.84,0,4,2,java.lang.Object,0.00,8,0,28,0,8,12,1,30,559,1
"org.apache.lucene.store.instantiated.InstantiatedTerm$Comparator<InstantiatedTerm>",1,0.00,1.00,3,0.03,432.92,1,0,3,3,1,132.44,0,4,0,1,132.44,0.00,0.00,0.00,0,1.00,1,101.06,0,0,1,java.lang.Object,0.00,2,0,1,0,2,1,0,0,29,0
"org.apache.lucene.store.instantiated.InstantiatedTerm$Comparator<Object>",1,0.00,1.00,3,0.04,424.19,1,0,3,3,2,132.51,0,4,0,1,132.51,0.00,0.00,0.00,0,1.00,1,113.42,0,0,2,java.lang.Object,0.00,2,0,1,0,2,1,0,0,31,0
"org.apache.lucene.store.instantiated.InstantiatedTermDocs",9,0.12,2.11,56,0.54,18678.33,13,4,2,19,7,155.57,23,73,2,1,115.68,0.00,0.00,0.36,2,12.00,6,1613.57,0,0,6,java.lang.Object,0.00,10,0,19,1,10,9,1,5,352,1
"org.apache.lucene.store.instantiated.InstantiatedTermDocumentInformation",10,0.09,1.00,36,0.31,7002.15,16,6,3,12,12,131.03,44,48,11,1,130.80,0.00,0.00,0.08,0,50.00,1,929.92,0,2,3,java.lang.Object,0.00,2,0,10,0,2,8,1,14,225,1
"org.apache.lucene.store.instantiated.InstantiatedTermDocumentInformation$Comparator",1,0.00,1.00,5,0.05,859.46,1,0,3,4,1,121.82,0,6,0,1,121.82,0.00,0.00,0.00,0,1.00,1,160.93,0,0,1,java.lang.Object,0.00,3,0,1,0,3,1,0,0,40,0
"org.apache.lucene.store.instantiated.InstantiatedTermDocumentInformation$Comparator<InstantiatedTermDocumentInformation>",1,0.00,1.00,3,0.04,626.40,1,0,3,4,1,131.18,0,4,0,1,131.18,0.00,0.00,0.00,0,1.00,1,123.26,0,0,1,java.lang.Object,0.00,3,0,1,0,3,1,0,0,35,0
"org.apache.lucene.store.instantiated.InstantiatedTermDocumentInformation$Comparator<InstantiatedTermDocumentInformation>_0",1,0.00,1.00,3,0.04,568.83,1,0,3,4,1,131.51,0,4,0,1,131.51,0.00,0.00,0.00,0,1.00,1,126.26,0,0,1,java.lang.Object,0.00,3,0,1,0,3,1,0,0,35,0
"org.apache.lucene.store.instantiated.InstantiatedTermEnum",6,0.07,1.33,23,0.20,4062.78,9,3,2,10,4,170.73,15,35,1,2,130.85,0.00,0.50,0.28,1,6.00,2,604.18,0,1,4,org.apache.lucene.index.TermEnum,0.80,4,1,8,0,4,5,0,5,152,1
"org.apache.lucene.store.instantiated.InstantiatedTermFreqVector",9,0.08,1.89,53,0.58,21144.46,14,5,4,21,4,138.85,28,61,1,1,118.24,0.00,0.00,0.27,0,9.00,4,1737.78,0,4,3,java.lang.Object,0.00,12,0,17,1,12,5,2,8,373,1
"org.apache.lucene.store.instantiated.InstantiatedTermPositionVector",3,1.00,1.00,8,0.09,1153.83,4,1,3,6,5,189.41,5,14,1,2,139.41,0.00,0.50,0.00,0,3.00,1,257.21,1,1,4,org.apache.lucene.store.instantiated.InstantiatedTermFreqVector,0.00,3,1,3,0,3,2,2,1,69,1
"org.apache.lucene.store.instantiated.InstantiatedTermPositions",7,0.17,1.14,24,0.23,5783.22,8,1,2,10,3,130.44,32,37,1,2,130.20,0.00,0.50,0.86,0,0.00,2,704.88,2,0,3,org.apache.lucene.store.instantiated.InstantiatedTermDocs,0.25,3,1,8,0,3,7,1,8,169,1
"org.apache.lucene.store.instantiated.TestEmptyIndex",5,0.00,1.40,49,0.53,13647.96,5,0,12,28,11,108.27,2,56,0,2,108.27,0.00,0.50,0.00,2,5.00,3,1596.42,0,0,11,org.apache.lucene.util.LuceneTestCase,0.00,23,1,7,0,23,5,0,2,337,1
"org.apache.lucene.store.instantiated.TestIndicesEquals",8,0.00,6.75,341,6.10,836850.23,8,0,25,90,20,52.61,45,357,0,2,70.48,0.00,0.50,0.00,5,8.00,27,18298.34,0,2,20,org.apache.lucene.util.LuceneTestCase,0.00,82,1,54,0,82,6,0,37,2939,1
"org.apache.lucene.store.instantiated.TestIndicesEquals$Comparator<TermFreqVector>",1,0.00,1.00,3,0.03,432.92,1,0,25,3,1,132.44,0,4,0,1,132.44,0.00,0.00,0.00,0,1.00,1,101.06,0,0,1,java.lang.Object,0.00,2,0,1,0,2,1,0,0,29,0
"org.apache.lucene.store.instantiated.TestIndicesEquals$Comparator<TermFreqVector>_0",1,0.00,1.00,3,0.03,432.92,1,0,25,3,1,132.44,0,4,0,1,132.44,0.00,0.00,0.00,0,1.00,1,101.06,0,0,1,java.lang.Object,0.00,2,0,1,0,2,1,0,0,29,0
"org.apache.lucene.store.instantiated.TestIndicesEquals$TokenStream",2,0.50,1.50,11,0.12,2208.14,4,2,25,7,3,120.87,0,16,0,1,120.87,0.00,0.00,0.75,0,0.00,2,374.34,0,0,3,java.lang.Object,0.00,5,0,3,0,5,2,0,0,86,0
"org.apache.lucene.store.instantiated.TestRealTime",1,0.00,1.00,23,0.34,9541.22,1,0,8,15,10,56.64,6,25,0,2,88.87,0.00,0.50,0.00,0,1.00,1,1005.19,0,0,10,org.apache.lucene.util.LuceneTestCase,0.00,14,1,1,0,14,1,0,1,193,1
"org.apache.lucene.store.instantiated.TestRealTime$Collector",4,1.00,1.00,8,0.08,926.35,5,1,8,4,3,141.15,0,13,0,2,141.15,0.00,0.50,0.25,0,6.00,1,246.28,0,0,3,org.apache.lucene.search.Collector,0.50,0,1,4,0,0,4,0,0,68,2
"org.apache.lucene.store.instantiated.TestSerialization",1,0.00,1.00,18,0.29,7052.02,1,0,9,18,7,93.87,0,20,0,2,93.87,0.00,0.50,0.00,0,1.00,1,882.03,0,0,7,org.apache.lucene.util.LuceneTestCase,0.00,17,1,1,0,17,1,0,0,162,1
"org.apache.lucene.store.instantiated.TestUnoptimizedReaderOnConstructor",2,0.00,1.50,26,0.36,11243.86,2,0,10,18,8,139.71,4,31,0,2,99.82,0.00,0.50,0.00,1,2.00,2,1074.60,0,0,8,org.apache.lucene.util.LuceneTestCase,0.00,16,1,3,0,16,2,0,2,208,1
"org.apache.lucene.analysis.id.IndonesianAnalyzer",5,0.50,1.80,21,0.28,6647.49,7,2,13,15,12,73.81,46,31,1,4,123.81,0.00,0.75,0.10,0,8.00,3,832.81,0,2,11,org.apache.lucene.analysis.StopwordAnalyzerBase,0.00,10,3,9,0,10,3,0,8,186,2
"org.apache.lucene.analysis.id.IndonesianAnalyzer$DefaultSetHolder",0,0.00,0.00,6,0.05,853.95,1,1,13,0,1,171.00,2,10,0,1,171.00,0.00,0.00,0.00,0,0.00,0,164.39,0,0,1,java.lang.Object,0.00,0,0,0,0,0,0,0,2,40,2
"org.apache.lucene.analysis.id.IndonesianStemFilter",3,0.12,1.67,18,0.20,4286.50,7,4,5,10,9,117.25,12,26,4,4,117.01,0.00,0.75,0.33,0,4.00,3,593.46,0,0,5,org.apache.lucene.analysis.TokenFilter,0.27,7,3,5,0,7,3,0,3,133,2
"org.apache.lucene.analysis.id.IndonesianStemmer",8,0.27,5.75,142,1.80,131467.05,17,9,1,11,1,131.39,17,202,1,1,91.50,0.00,0.00,0.35,1,0.00,15,5407.45,0,0,0,java.lang.Object,0.00,3,0,46,0,3,8,0,5,1065,1
"org.apache.lucene.analysis.id.TestIndonesianAnalyzer",4,0.00,1.00,16,0.17,3041.77,4,0,5,9,3,175.85,7,22,0,3,125.85,0.00,0.67,0.00,0,4.00,1,524.56,2,0,3,org.apache.lucene.analysis.BaseTokenStreamTestCase,0.00,5,2,4,0,5,4,0,6,121,1
"org.apache.lucene.analysis.id.TestIndonesianStemmer",4,0.00,1.00,75,0.83,13891.20,4,0,7,6,5,136.18,8,82,0,3,96.29,0.00,0.67,0.00,0,4.00,1,2476.86,2,0,5,org.apache.lucene.analysis.BaseTokenStreamTestCase,0.00,2,2,4,0,2,4,0,6,449,1
"org.apache.lucene.analysis.id.TestIndonesianStemmer$ReusableAnalyzerBase",1,0.00,1.00,4,0.05,753.46,1,0,7,4,3,125.89,0,6,0,1,125.89,0.00,0.00,0.00,0,1.00,1,135.44,0,1,3,java.lang.Object,0.00,3,0,1,0,3,0,0,0,34,0
"org.apache.lucene.analysis.id.TestIndonesianStemmer$ReusableAnalyzerBase_0",1,0.00,1.00,4,0.05,771.22,1,0,7,4,3,125.81,0,6,0,1,125.81,0.00,0.00,0.00,0,1.00,1,141.98,0,1,3,java.lang.Object,0.00,3,0,1,0,3,0,0,0,35,0
"org.apache.lucene.index.memory.MemoryIndex",13,0.02,3.31,161,2.47,172172.27,20,7,36,65,26,137.31,283,196,2,1,98.01,0.00,0.00,0.12,3,36.00,14,7396.14,0,4,24,java.lang.Object,0.00,52,0,43,0,52,9,1,56,1319,1
"org.apache.lucene.index.memory.MemoryIndex$ArrayIntList",10,0.11,1.80,54,0.61,24791.25,13,3,36,17,0,118.06,4,61,0,1,118.06,0.00,0.00,0.43,4,0.00,4,1820.23,0,1,0,java.lang.Object,0.00,7,0,18,0,7,9,1,4,396,3
"org.apache.lucene.index.memory.MemoryIndex$Collector",4,1.00,1.00,9,0.09,1142.84,5,1,36,5,2,140.43,0,16,0,1,140.43,0.00,0.00,0.25,0,6.00,1,264.58,0,0,2,java.lang.Object,0.00,1,0,4,0,1,4,0,0,71,0
"org.apache.lucene.index.memory.MemoryIndex$Comparator<Object>",1,0.00,12.00,6,0.14,7177.07,1,0,36,3,0,111.04,0,8,0,1,111.04,0.00,0.00,0.00,0,1.00,12,433.33,0,0,0,java.lang.Object,0.00,2,0,12,0,2,1,0,0,94,0
"org.apache.lucene.index.memory.MemoryIndex$Info",5,0.00,1.20,21,0.23,4741.92,12,7,36,7,1,145.67,19,27,0,1,125.06,0.00,0.00,0.14,0,9.00,2,681.66,0,0,1,java.lang.Object,0.00,2,0,6,0,2,5,1,9,157,3
"org.apache.lucene.index.memory.MemoryIndex$MemoryIndexReader",28,0.22,2.57,157,2.34,109651.60,32,4,36,61,13,116.42,19,219,0,2,116.42,0.00,0.50,0.04,5,0.00,8,7011.35,0,12,13,org.apache.lucene.index.IndexReader,0.22,33,1,72,0,33,16,0,19,1385,2
"org.apache.lucene.index.memory.MemoryIndex$MemoryIndexReader$TermEnum",5,0.12,3.40,34,0.45,12111.52,7,2,36,13,1,165.04,7,44,0,1,115.04,0.00,0.00,0.60,1,0.00,5,1360.32,0,2,1,java.lang.Object,0.00,8,0,17,0,8,3,0,7,288,0
"org.apache.lucene.index.memory.MemoryIndex$MemoryIndexReader$TermPositionVector",8,0.29,1.75,48,0.56,27248.67,9,1,36,15,1,114.03,3,49,0,1,114.03,0.00,0.00,0.75,0,0.00,3,1665.39,0,3,1,java.lang.Object,0.00,7,0,14,0,7,5,0,3,361,0
"org.apache.lucene.index.memory.MemoryIndex$MemoryIndexReader$TermPositions",12,0.05,2.17,53,0.56,12053.24,16,4,36,20,2,124.72,11,66,0,1,124.72,0.00,0.00,0.21,2,0.00,4,1693.77,0,0,2,java.lang.Object,0.00,8,0,26,0,8,12,0,5,384,0
"org.apache.lucene.index.memory.MemoryIndex$TokenStream",1,0.00,3.00,15,0.22,6014.99,5,4,36,12,2,147.12,1,18,0,1,97.12,0.00,0.00,1.00,0,0.00,3,653.98,0,0,2,java.lang.Object,0.00,11,0,3,0,11,1,0,1,129,0
"org.apache.lucene.index.memory.MemoryIndex$VM",11,0.04,1.00,33,0.47,12536.60,22,11,36,13,1,179.13,14,45,0,1,129.13,0.00,0.00,0.12,2,8.00,1,1419.81,0,0,1,java.lang.Object,0.00,2,0,11,0,2,11,0,11,329,3
"org.apache.lucene.index.memory.MemoryIndexTest",7,0.28,2.00,77,1.13,40690.04,10,3,20,43,15,102.59,32,87,0,3,102.35,0.00,0.67,0.10,4,17.00,3,3375.76,1,3,15,org.apache.lucene.analysis.BaseTokenStreamTestCase,0.00,36,2,14,0,36,4,0,12,629,1
"org.apache.lucene.spatial.geometry.CartesianPoint",7,0.08,1.71,28,0.27,6933.17,9,2,0,9,2,174.83,12,44,2,1,124.83,0.00,0.00,0.57,0,0.00,6,809.00,0,2,0,java.lang.Object,0.00,2,0,12,0,2,5,0,2,199,1
"org.apache.lucene.spatial.geometry.DistanceUnits",6,0.10,1.67,26,0.24,5584.61,10,4,0,11,7,92.82,40,37,7,1,125.05,0.00,0.00,0.17,0,22.00,3,725.98,0,2,0,java.lang.Object,0.00,5,0,10,0,5,4,0,7,175,1
"org.apache.lucene.spatial.geometry.FixedLatLng",19,0.02,1.58,66,0.72,22147.06,24,5,0,25,3,128.95,5,112,3,2,128.95,0.00,0.50,0.22,4,91.00,6,2162.24,0,5,2,org.apache.lucene.spatial.geometry.LatLng,0.58,6,1,30,0,6,14,0,1,510,1
"org.apache.lucene.spatial.geometry.FloatLatLng",15,0.07,1.73,59,0.73,26415.60,18,3,0,23,7,127.52,5,100,7,2,127.52,0.00,0.50,0.27,1,40.00,6,2186.35,0,4,2,org.apache.lucene.spatial.geometry.LatLng,0.65,8,1,26,0,8,11,0,1,496,1
"org.apache.lucene.spatial.geometry.LatLng",19,0.00,1.21,41,0.59,26319.68,19,0,0,31,9,174.87,53,62,7,1,134.99,0.00,0.00,0.00,3,19.00,5,1784.62,0,5,4,java.lang.Object,0.00,12,0,23,2,12,14,0,14,398,2
"org.apache.lucene.spatial.geometry.TestDistanceUnits",3,0.00,1.33,13,0.18,5760.14,3,0,2,8,1,104.75,15,22,0,2,122.62,0.00,0.50,0.00,0,3.00,2,551.81,0,0,1,org.apache.lucene.util.LuceneTestCase,0.00,5,1,4,0,5,3,0,5,134,1
"org.apache.solr.handler.extraction.ExtractingDocumentLoader",4,0.33,4.50,108,1.88,117072.98,16,12,35,56,17,33.98,34,135,2,2,82.09,0.00,0.50,0.33,2,4.00,14,5625.86,0,0,15,org.apache.solr.handler.ContentStreamLoader,0.00,52,1,18,0,52,4,0,16,863,1
"org.apache.solr.handler.extraction.ExtractingMetadataConstants",0,0.00,0.00,5,0.04,368.22,4,4,0,0,1,171.00,4,6,1,1,171.00,0.00,0.00,0.00,0,0.00,0,113.30,0,0,0,,0.00,0,0,0,0,0,0,0,1,29,1
"org.apache.solr.handler.extraction.ExtractingParams",0,0.00,0.00,15,0.23,3397.43,14,14,0,0,3,171.00,92,16,3,1,171.00,0.00,0.00,0.00,0,0.00,0,677.23,0,0,0,,0.00,0,0,0,0,0,0,0,15,130,1
"org.apache.solr.handler.extraction.ExtractingRequestHandler",9,0.00,2.00,47,0.68,27027.97,15,6,20,28,12,117.38,7,74,1,3,117.38,0.00,0.67,0.17,0,22.00,10,2048.38,1,7,11,org.apache.solr.handler.ContentStreamHandlerBase,0.52,19,2,18,0,19,2,1,3,391,1
"org.apache.solr.handler.extraction.ExtractingRequestHandlerTest",12,0.00,1.33,136,2.55,83376.46,12,0,15,27,10,122.45,38,301,0,3,101.83,0.00,0.67,0.00,1,0.00,3,7650.02,10,1,10,org.apache.solr.SolrTestCaseJ4,0.04,15,2,16,0,15,11,0,35,1329,1
"org.apache.solr.handler.extraction.SolrContentHandler",15,0.06,2.93,152,2.08,108079.87,29,14,14,62,9,85.20,81,184,2,2,103.07,0.00,0.50,0.13,7,104.00,14,6225.02,0,3,7,org.xml.sax.helpers.DefaultHandler,0.00,47,1,44,0,47,12,1,32,1158,1
"org.apache.solr.handler.extraction.SolrContentHandlerFactory",2,1.00,1.00,6,0.06,794.73,3,1,4,3,5,172.62,4,10,2,1,132.73,0.00,0.00,0.50,0,2.00,1,175.16,0,1,3,java.lang.Object,0.00,1,0,2,0,1,1,0,1,47,1
"org.apache.solr.client.solrj.LargeVolumeTestBase",2,0.00,2.00,30,0.35,12017.18,4,2,7,15,9,97.45,9,31,3,4,97.21,1.00,0.43,0.50,1,2.00,3,1049.20,1,0,6,org.apache.solr.client.solrj.SolrJettyTestBase,0.00,13,3,4,3,13,2,0,6,206,2
"org.apache.solr.client.solrj.LargeVolumeTestBase$DocThread",2,0.50,3.50,36,0.49,34845.16,4,2,7,16,3,90.49,1,45,0,2,90.49,0.00,0.50,0.75,0,0.00,6,1477.36,0,0,3,java.lang.Thread,0.00,14,1,7,0,14,2,0,1,265,1
"org.apache.solr.client.solrj.MergeIndexesExampleTestBase",12,1.00,1.00,56,0.81,28527.02,13,1,8,34,10,171.96,14,75,0,4,121.96,0.33,0.60,0.08,5,22.00,1,2435.72,1,10,10,org.apache.solr.client.solrj.SolrExampleTestBase,0.48,22,3,12,1,22,2,0,9,477,2
"org.apache.solr.client.solrj.MultiCoreExampleTestBase",11,1.00,1.27,75,1.19,58762.88,12,1,9,40,13,162.56,15,89,2,4,112.56,0.67,0.50,0.09,5,20.00,4,3577.86,3,9,11,org.apache.solr.client.solrj.SolrExampleTestBase,0.49,29,3,14,2,29,2,0,12,623,2
"org.apache.solr.client.solrj.ResponseParser",4,0.00,1.00,6,0.05,372.72,4,0,3,4,8,195.38,9,10,7,1,155.49,0.00,0.00,0.00,0,4.00,1,137.28,0,4,1,java.lang.Object,0.00,0,0,4,2,0,0,0,3,43,2
"org.apache.solr.client.solrj.SolrExampleBinaryTest",2,0.00,1.50,14,0.16,4308.38,2,0,7,11,6,133.75,7,23,0,5,113.13,0.00,0.80,0.00,0,2.00,2,473.07,1,1,6,org.apache.solr.client.solrj.SolrExampleTests,0.07,9,4,3,0,9,1,0,4,100,1
"org.apache.solr.client.solrj.SolrExampleTestBase",6,0.00,1.00,14,0.12,1523.03,6,0,1,8,4,180.72,15,17,2,3,140.84,2.50,0.25,0.00,1,6.00,1,370.43,2,5,2,org.apache.solr.util.AbstractSolrTestCase,0.32,2,2,6,5,2,1,0,4,99,2
"org.apache.solr.client.solrj.SolrExampleTests",12,0.00,3.33,399,6.41,436781.22,12,0,28,121,28,30.06,105,436,4,4,78.16,1.33,0.38,0.00,1,12.00,8,19223.58,2,1,24,org.apache.solr.client.solrj.SolrJettyTestBase,0.00,109,3,40,4,109,11,0,92,3092,2
"org.apache.solr.client.solrj.SolrExceptionTest",1,0.00,2.00,11,0.13,2577.20,1,0,4,10,4,94.78,15,15,0,2,105.13,0.00,0.50,0.00,0,1.00,2,389.95,0,0,4,org.apache.lucene.util.LuceneTestCase,0.00,9,1,2,0,9,1,0,7,79,1
"org.apache.solr.client.solrj.SolrJettyTestBase",5,0.19,2.00,40,0.41,11793.25,9,4,8,19,13,150.48,13,54,7,3,110.59,7.50,0.11,0.40,0,1.00,3,1218.34,2,4,6,org.apache.solr.SolrTestCaseJ4,0.00,14,2,10,15,14,1,0,8,253,2
"org.apache.solr.client.solrj.SolrQuery",0,0.00,0.00,2,0.01,75.00,0,0,7,0,21,171.00,7,2,15,3,171.00,0.00,0.67,0.00,0,0.00,0,30.00,0,0,6,org.apache.solr.common.params.ModifiableSolrParams,0.00,0,2,0,0,0,0,0,1,10,1
"org.apache.solr.client.solrj.SolrQuery$ORDER",1,0.00,28.00,361,7.00,1561042.66,2,1,7,34,6,18.12,142,489,0,1,26.06,0.00,0.00,1.00,0,0.00,28,20991.48,0,1,6,java.lang.Object,0.00,33,0,28,0,33,0,0,32,2607,1
"org.apache.solr.client.solrj.SolrQueryTest",6,0.00,1.00,135,2.35,87220.47,6,0,3,99,2,128.03,14,142,0,2,88.15,0.00,0.50,0.00,0,6.00,1,7037.35,0,0,2,org.apache.lucene.util.LuceneTestCase,0.00,93,1,6,0,93,6,0,10,1207,1
"org.apache.solr.client.solrj.SolrRequest",10,0.26,1.00,23,0.17,2184.71,13,3,5,10,23,191.35,18,33,18,1,141.35,0.00,0.00,0.10,0,34.00,1,510.85,0,6,6,java.lang.Object,0.00,0,0,10,13,0,4,1,7,143,2
"org.apache.solr.client.solrj.SolrRequest$METHOD",0,0.00,0.00,2,0.01,39.30,0,0,5,0,0,171.00,0,4,0,1,171.00,0.00,0.00,0.00,0,0.00,0,19.65,0,0,0,java.lang.Object,0.00,0,0,0,0,0,0,1,0,7,1
"org.apache.solr.client.solrj.SolrResponse",3,0.00,1.00,4,0.03,279.90,3,0,2,3,8,205.49,5,6,7,1,155.49,0.00,0.00,0.00,0,3.00,1,101.74,0,1,1,java.lang.Object,0.00,0,0,3,9,0,2,1,1,33,2
"org.apache.solr.client.solrj.SolrServer",18,1.00,1.17,48,0.63,11768.44,19,1,16,34,42,137.56,13,68,34,1,137.56,0.00,0.00,0.06,4,34.00,3,1904.43,0,18,11,java.lang.Object,0.00,16,0,21,4,16,0,1,4,453,2
"org.apache.solr.client.solrj.SolrServerException",4,1.00,1.50,17,0.11,2473.96,5,1,0,5,24,176.47,5,24,24,2,126.47,0.00,0.50,0.00,0,4.00,3,334.25,0,1,0,java.lang.Exception,0.00,1,1,6,0,1,3,0,1,88,1
"org.apache.solr.client.solrj.StartSolrJetty",1,0.00,3.00,22,0.29,9493.76,1,0,4,19,0,51.79,12,30,0,1,89.35,0.00,0.00,0.00,0,1.00,3,857.41,0,0,0,java.lang.Object,0.00,18,0,3,0,18,1,0,10,149,1
"org.apache.solr.client.solrj.TestBatchUpdate",5,0.75,1.00,36,0.44,10106.94,6,1,11,20,8,163.44,9,47,0,4,113.44,0.00,0.75,0.40,1,7.00,1,1314.28,2,0,8,org.apache.solr.client.solrj.SolrJettyTestBase,0.00,15,3,5,0,15,5,0,4,276,1
"org.apache.solr.client.solrj.TestBatchUpdate$Bean",0,0.00,0.00,3,0.02,354.94,2,2,11,0,0,171.00,0,6,0,1,171.00,0.00,0.00,0.00,0,0.00,0,65.73,0,0,0,java.lang.Object,0.00,0,0,0,0,0,0,0,0,19,2
"org.apache.solr.client.solrj.TestBatchUpdate$Iterator<Bean>",3,0.00,1.00,9,0.07,1437.34,3,0,11,4,0,132.09,1,12,0,1,132.09,0.00,0.00,0.00,0,4.00,1,216.90,0,0,0,java.lang.Object,0.00,1,0,3,0,1,3,0,1,57,0
"org.apache.solr.client.solrj.TestBatchUpdate$Iterator<SolrInputDocument>",3,0.00,1.00,9,0.08,1569.95,3,0,11,5,1,131.79,1,12,0,1,131.79,0.00,0.00,0.00,0,4.00,1,228.01,0,1,1,java.lang.Object,0.00,2,0,3,0,2,2,0,1,59,0
"org.apache.solr.client.solrj.TestLBHttpSolrServer",7,0.08,2.71,122,1.84,82160.97,9,2,19,45,9,132.71,15,127,0,2,92.83,0.00,0.50,0.57,2,0.00,5,5522.75,2,0,9,org.apache.lucene.util.LuceneTestCase,0.00,38,1,19,0,38,7,0,10,986,1
"org.apache.solr.client.solrj.TestLBHttpSolrServer$SolrInstance",10,0.04,1.20,49,0.52,10493.59,16,6,19,24,3,124.71,2,64,0,1,124.71,0.00,0.00,0.20,2,38.00,2,1569.37,0,6,3,java.lang.Object,0.00,14,0,12,0,14,4,0,2,353,1
"org.apache.lucene.analysis.hy.ArmenianAnalyzer",5,0.50,1.80,21,0.29,7141.30,7,2,16,16,14,75.46,42,31,1,4,123.56,0.00,0.75,0.10,0,8.00,3,866.52,0,2,13,org.apache.lucene.analysis.StopwordAnalyzerBase,0.00,11,3,9,0,11,3,0,8,192,2
"org.apache.lucene.analysis.hy.ArmenianAnalyzer$DefaultSetHolder",0,0.00,0.00,6,0.05,853.95,1,1,16,0,1,171.00,2,11,0,1,171.00,0.00,0.00,0.00,0,0.00,0,164.39,0,0,1,java.lang.Object,0.00,0,0,0,0,0,0,0,2,40,2
"org.apache.lucene.analysis.hy.TestArmenianAnalyzer",4,0.00,1.00,16,0.17,3088.17,4,0,5,9,3,175.80,7,22,0,3,125.80,0.00,0.67,0.00,0,4.00,1,522.25,2,0,3,org.apache.lucene.analysis.BaseTokenStreamTestCase,0.00,5,2,4,0,5,4,0,6,121,1
"org.apache.solr.util.AbstractSolrTestCase",32,0.05,1.88,152,1.95,60597.01,38,6,18,88,50,122.82,133,218,42,2,122.59,39.00,0.02,0.12,10,230.00,6,5852.11,2,14,8,org.apache.lucene.util.LuceneTestCase,0.00,56,1,60,39,56,18,0,34,1220,2
"org.apache.solr.util.AbstractSolrTestCase$Doc",1,0.00,1.00,4,0.02,212.03,2,1,18,1,0,130.22,0,5,0,1,130.22,0.00,0.00,1.00,0,0.00,1,66.54,0,1,0,java.lang.Object,0.00,0,0,1,0,0,0,0,0,21,2
"org.apache.solr.util.ArraysUtils",1,0.00,4.00,11,0.13,8433.92,1,0,0,1,1,121.07,33,13,1,1,100.92,0.00,0.00,0.00,0,1.00,4,376.02,0,0,0,java.lang.Object,0.00,0,0,4,0,0,1,0,4,79,1
"org.apache.solr.util.ArraysUtilsTest",1,0.00,1.00,11,0.22,9384.25,1,0,1,6,1,100.87,0,13,0,2,100.87,0.00,0.50,0.00,0,1.00,1,661.62,0,0,1,org.apache.lucene.util.LuceneTestCase,0.00,5,1,1,0,5,1,0,0,139,1
"org.apache.solr.util.BCDUtils",12,0.27,5.00,206,2.97,376808.38,14,2,0,15,11,122.70,240,249,11,1,89.32,0.00,0.00,0.25,5,44.00,13,8896.33,0,4,0,java.lang.Object,0.00,3,0,60,0,3,8,0,136,1661,1
"org.apache.solr.util.Base100S",2,0.00,1.00,5,0.05,677.94,2,0,7,4,4,139.85,0,10,1,2,139.85,0.00,0.50,0.00,0,2.00,1,137.42,0,2,3,org.apache.solr.util.Converter,0.00,2,1,2,0,2,0,0,0,39,0
"org.apache.solr.util.Base10kS",2,0.00,1.00,5,0.05,677.94,2,0,7,4,4,139.85,0,10,1,2,139.85,0.00,0.50,0.00,0,2.00,1,137.42,0,2,3,org.apache.solr.util.Converter,0.00,2,1,2,0,2,0,0,0,39,0
"org.apache.solr.util.BitSetPerf",2,1.00,21.00,161,2.05,375377.28,3,1,4,24,2,39.91,11,139,0,1,57.78,0.00,0.00,0.50,1,2.00,40,6147.82,0,0,2,java.lang.Object,0.00,22,0,42,0,22,2,0,2,955,1
"org.apache.solr.util.BoundedTreeSet",9,0.88,1.44,30,0.26,4294.01,10,1,1,11,3,132.02,5,43,3,2,132.02,0.00,0.50,0.22,2,19.00,2,776.79,2,0,0,java.util.TreeSet,0.00,2,1,13,0,2,9,0,1,197,1
"org.apache.solr.util.Converter",2,0.00,1.00,3,0.01,84.38,2,0,7,2,11,158.20,0,4,9,1,158.20,0.00,0.00,0.00,0,2.00,1,44.19,0,2,2,java.lang.Object,0.00,0,0,2,8,0,0,0,0,18,1
"org.apache.solr.util.DateMathParser",7,0.07,3.00,93,1.51,111126.22,12,5,8,26,9,75.97,98,138,9,1,96.12,0.00,0.00,0.26,4,25.00,12,4531.07,0,3,0,java.lang.Object,0.00,19,0,21,0,19,4,0,20,813,1
"org.apache.solr.util.DateMathParserTest",14,0.15,1.43,159,2.23,58332.64,17,3,11,39,1,153.57,22,185,0,2,103.57,0.00,0.50,0.48,6,0.00,4,6694.55,0,3,1,org.apache.lucene.util.LuceneTestCase,0.00,25,1,20,0,25,11,0,14,1204,1
"org.apache.solr.util.Deprecated",1,0.00,17.00,62,0.83,46608.80,11,10,3,7,3,23.59,54,91,0,2,66.73,0.00,0.50,1.00,0,0.00,17,2499.17,1,0,3,CommonParams,0.00,6,1,17,0,6,1,1,11,450,1
"org.apache.solr.util.ExternalPaths",1,6.00,2.00,12,0.20,5793.15,7,6,2,6,15,58.66,7,15,14,1,100.95,0.00,0.00,0.00,0,1.00,2,587.86,0,1,1,java.lang.Object,0.00,5,0,2,0,5,0,0,3,125,1
"org.apache.solr.util.FindClasses",5,0.38,4.20,67,1.08,63608.32,7,2,14,41,2,117.41,17,89,2,1,96.80,0.00,0.00,0.20,0,11.00,9,3239.52,0,3,0,java.lang.Object,0.00,36,0,21,0,36,2,0,5,575,0
"org.apache.solr.util.Float2Float",2,0.00,1.00,5,0.06,896.91,2,0,7,4,4,138.89,0,10,1,2,138.89,0.00,0.50,0.00,0,2.00,1,171.52,0,2,3,org.apache.solr.util.Converter,0.00,2,1,2,0,2,0,0,0,47,0
"org.apache.solr.util.HighFrequencyDictionary",2,3.00,1.00,11,0.09,1205.36,5,3,7,4,9,90.81,13,14,4,1,123.03,0.00,0.00,0.00,0,2.00,1,274.90,0,1,5,java.lang.Object,0.00,2,0,2,0,2,1,1,1,70,1
"org.apache.solr.util.HighFrequencyDictionary$HighFrequencyIterator",6,0.20,2.67,46,0.41,12311.91,11,5,7,14,3,113.17,5,66,0,1,113.17,0.00,0.00,0.37,2,6.00,6,1222.86,0,1,3,java.lang.Object,0.00,8,0,16,0,8,5,1,5,263,1
"org.apache.solr.util.Int2Int",2,0.00,1.00,5,0.06,896.91,2,0,7,4,4,138.89,0,10,1,2,138.89,0.00,0.50,0.00,0,2.00,1,171.52,0,2,3,org.apache.solr.util.Converter,0.00,2,1,2,0,2,0,0,0,47,0
"org.apache.solr.util.NumberUtils",18,0.00,1.22,71,0.93,31867.77,18,0,0,32,19,177.58,22,90,19,1,127.58,0.00,0.00,0.00,8,18.00,2,2798.46,0,12,0,java.lang.Object,0.00,14,0,22,0,14,6,0,20,640,1
"org.apache.solr.util.PrimUtils",2,0.00,12.00,71,1.16,347549.34,2,0,0,4,2,34.01,24,85,2,1,71.57,0.00,0.00,0.00,1,2.00,18,3469.11,0,0,0,java.lang.Object,0.00,2,0,24,0,2,2,0,6,617,1
"org.apache.solr.util.PrimUtils$IntComparator",3,0.00,1.00,6,0.06,667.98,3,0,0,3,0,141.28,0,9,0,1,141.28,0.00,0.00,0.00,1,3.00,1,171.32,0,0,0,java.lang.Object,0.00,0,0,3,0,0,3,0,0,50,3
"org.apache.solr.util.PrimUtilsTest",1,0.00,5.00,25,0.28,23850.89,1,0,2,6,1,84.01,0,21,0,2,84.01,0.00,0.50,0.00,0,1.00,5,844.68,0,0,1,org.apache.lucene.util.LuceneTestCase,0.00,5,1,5,0,5,1,0,0,164,1
"org.apache.solr.util.PrimUtilsTest$PrimUtils.IntComparator",1,0.00,1.00,3,0.03,457.63,1,0,2,1,0,182.25,1,5,0,1,132.25,0.00,0.00,0.00,0,1.00,1,76.45,0,0,0,java.lang.Object,0.00,0,0,1,0,0,1,0,1,23,0
"org.apache.solr.util.RefCounted",6,0.20,1.17,16,0.12,1748.70,8,2,1,10,14,190.33,11,23,14,1,140.33,0.00,0.00,0.33,1,10.00,2,347.87,0,2,0,java.lang.Object,0.00,4,0,7,0,4,4,0,1,96,2
"org.apache.solr.util.SimplePostTool",11,0.01,3.91,131,1.98,91016.13,23,12,14,49,1,140.87,28,190,1,1,100.99,0.00,0.00,0.09,7,25.00,13,5937.86,0,1,0,java.lang.Object,0.00,38,0,43,0,38,10,0,9,1054,1
"org.apache.solr.util.SolrHighlighterX",4,0.00,1.00,9,0.09,816.86,4,0,13,5,12,141.58,0,14,0,3,141.58,0.00,0.67,0.00,0,4.00,1,282.44,4,3,12,org.apache.solr.highlight.DefaultSolrHighlighter,0.00,1,2,4,0,1,1,0,0,77,0
"org.apache.solr.util.SolrPluginUtils",27,0.18,3.11,251,4.22,211777.88,32,5,30,122,46,60.35,298,361,17,1,104.48,0.00,0.00,0.02,11,77.00,9,12645.96,0,17,30,java.lang.Object,0.00,95,0,84,1,95,10,0,52,2366,1
"org.apache.solr.util.SolrPluginUtils$DisjunctionMaxQueryParser",11,0.90,3.09,110,1.73,88752.47,12,1,30,73,21,60.38,78,154,0,3,102.67,0.00,0.67,0.18,2,34.00,8,5197.01,2,5,21,org.apache.solr.search.SolrQueryParser,0.00,62,2,34,0,62,6,0,16,952,2
"org.apache.solr.util.SolrPluginUtils$DisjunctionMaxQueryParser$Alias",0,0.00,0.00,3,0.02,296.92,2,2,30,0,0,171.00,0,4,0,1,171.00,0.00,0.00,0.00,0,0.00,0,74.23,0,0,0,java.lang.Object,0.00,0,0,0,0,0,0,0,0,19,2
"org.apache.solr.util.SolrPluginUtils$DisjunctionMaxQueryParser$IdentityRegenerator",1,0.00,1.00,4,0.05,614.64,1,0,30,2,3,126.58,0,11,0,1,126.58,0.00,0.00,0.00,0,1.00,1,136.34,0,0,3,java.lang.Object,0.00,1,0,1,0,1,1,1,0,34,2
"org.apache.solr.util.SolrPluginUtilsTest",13,0.00,1.15,201,3.54,241422.98,13,0,24,62,15,143.48,20,264,0,3,93.48,0.00,0.67,0.00,0,31.00,2,10610.06,3,3,15,org.apache.solr.SolrTestCaseJ4,0.00,49,2,15,0,49,10,0,18,1833,1
"org.apache.solr.util.SortDouble",2,0.00,1.00,5,0.05,677.94,2,0,7,4,4,139.85,0,10,1,2,139.85,0.00,0.50,0.00,0,2.00,1,137.42,0,2,3,org.apache.solr.util.Converter,0.00,2,1,2,0,2,0,0,0,39,0
"org.apache.solr.util.SortFloat",2,0.00,1.00,5,0.05,677.94,2,0,7,4,4,139.85,0,10,1,2,139.85,0.00,0.50,0.00,0,2.00,1,137.42,0,2,3,org.apache.solr.util.Converter,0.00,2,1,2,0,2,0,0,0,39,0
"org.apache.solr.util.SortInt",2,0.00,1.00,5,0.05,677.94,2,0,7,4,4,139.85,0,10,1,2,139.85,0.00,0.50,0.00,0,2.00,1,137.42,0,2,3,org.apache.solr.util.Converter,0.00,2,1,2,0,2,0,0,0,39,0
"org.apache.solr.util.SortLong",2,0.00,1.00,5,0.05,677.94,2,0,7,4,4,139.85,0,10,1,2,139.85,0.00,0.50,0.00,0,2.00,1,137.42,0,2,3,org.apache.solr.util.Converter,0.00,2,1,2,0,2,0,0,0,39,0
"org.apache.solr.util.SortedIterator",0,0.00,0.00,1,0.00,12.00,0,0,1,0,3,171.00,4,2,3,1,171.00,0.00,0.00,0.00,0,0.00,0,8.00,0,0,0,,0.00,0,0,0,0,0,0,0,1,4,1
"org.apache.solr.util.SuggestMissingFactories",1,0.00,3.00,22,0.41,23366.17,1,0,14,13,1,68.40,5,34,0,1,86.27,0.00,0.00,0.00,0,1.00,3,1241.59,0,0,1,java.lang.Object,0.00,12,0,3,0,12,1,0,1,212,1
"org.apache.solr.util.TermFreqIterator",1,0.00,1.00,3,0.02,350.45,1,0,1,1,11,133.16,0,4,11,1,133.16,0.00,0.00,0.00,0,1.00,1,70.82,0,0,0,,0.00,0,0,1,0,0,1,0,0,21,1
"org.apache.solr.util.TermFreqIterator$TermFreqIteratorWrapper",5,0.75,1.00,12,0.07,793.66,6,1,1,9,1,142.44,0,18,0,1,142.44,0.00,0.00,0.40,0,7.00,1,218.45,0,1,1,java.lang.Object,0.00,4,0,5,0,4,4,1,0,67,2
"org.apache.solr.util.TestHarness",32,0.12,1.75,164,1.97,62377.11,37,5,30,78,20,101.02,173,245,6,1,118.89,0.00,0.00,0.08,10,216.00,6,5915.77,0,20,14,java.lang.Object,0.00,46,0,56,0,46,12,0,33,1260,1
"org.apache.solr.util.TestHarness$Initializer",3,0.25,1.33,21,0.23,5358.13,7,4,30,15,6,113.80,0,30,0,2,113.80,0.00,0.50,0.42,0,1.00,2,704.21,0,2,6,CoreContainer.Initializer,0.00,12,1,4,0,12,1,0,0,157,1
"org.apache.solr.util.TestHarness$LocalRequestFactory",2,0.50,2.50,18,0.29,17603.19,6,4,30,8,3,54.13,18,22,0,1,104.13,0.00,0.00,0.50,0,2.00,4,862.48,0,1,3,java.lang.Object,0.00,6,0,5,0,6,1,0,1,168,1
"org.apache.solr.util.TestNumberUtils",7,0.07,3.71,104,1.58,80612.96,12,5,7,29,11,116.58,25,107,0,2,95.96,0.00,0.50,0.26,5,3.00,9,4737.49,0,1,11,org.apache.lucene.util.LuceneTestCase,0.00,22,1,26,0,22,6,0,25,891,1
"org.apache.solr.util.TestUtils",3,0.00,1.67,79,1.29,74048.46,3,0,8,36,3,133.51,5,87,0,2,83.51,0.00,0.50,0.00,0,3.00,3,3877.05,0,0,3,org.apache.lucene.util.LuceneTestCase,0.00,33,1,5,0,33,3,0,3,697,1
"org.apache.solr.util.VersionedFile",2,1.00,5.50,41,0.52,41365.93,3,1,11,16,2,39.99,16,51,2,1,88.09,0.00,0.00,0.50,1,2.00,7,1567.26,0,1,0,java.lang.Object,0.00,14,0,11,0,14,1,0,9,285,1
"org.apache.solr.util.VersionedFile$FilenameFilter",1,0.00,1.00,3,0.02,217.60,1,0,11,2,0,134.79,0,4,0,1,134.79,0.00,0.00,0.00,0,1.00,1,68.92,0,0,0,java.lang.Object,0.00,1,0,1,0,1,1,0,0,20,0
"org.apache.lucene.analysis.stempel.StempelFilter",3,0.20,2.00,20,0.24,5510.14,8,5,5,9,7,66.11,27,28,2,4,116.11,0.00,0.75,0.33,0,5.00,4,708.94,0,0,5,org.apache.lucene.analysis.TokenFilter,0.27,6,3,6,0,6,3,0,6,155,2
"org.apache.lucene.analysis.stempel.StempelStemmer",4,0.33,1.75,24,0.29,8406.16,6,2,7,18,6,73.39,30,36,3,1,115.68,0.00,0.00,0.25,1,6.00,3,877.89,0,1,3,java.lang.Object,0.00,14,0,7,0,14,3,0,5,188,1
"org.apache.lucene.analysis.hu.HungarianAnalyzer",5,0.50,1.80,21,0.29,7141.30,7,2,17,16,16,75.46,42,31,2,4,123.56,0.00,0.75,0.10,0,8.00,3,866.52,0,2,14,org.apache.lucene.analysis.StopwordAnalyzerBase,0.00,11,3,9,0,11,3,0,8,192,2
"org.apache.lucene.analysis.hu.HungarianAnalyzer$DefaultSetHolder",0,0.00,0.00,6,0.05,843.89,1,1,17,0,2,171.00,2,11,0,1,171.00,0.00,0.00,0.00,0,0.00,0,162.56,0,0,2,java.lang.Object,0.00,0,0,0,0,0,0,0,2,40,2
"org.apache.lucene.analysis.hu.HungarianLightStemFilter",2,0.33,2.00,14,0.16,3794.18,5,3,6,9,8,113.74,9,20,2,4,113.50,0.00,0.75,0.50,0,2.00,3,481.98,0,0,6,org.apache.lucene.analysis.TokenFilter,0.29,7,3,4,0,7,2,0,1,107,2
"org.apache.lucene.analysis.hu.HungarianLightStemmer",6,0.00,7.33,65,1.75,137495.05,6,0,1,7,1,148.90,8,155,1,1,98.90,0.00,0.00,0.00,2,6.00,18,5261.27,0,0,0,java.lang.Object,0.00,1,0,44,0,1,6,0,2,935,1
"org.apache.lucene.analysis.hu.TestHungarianAnalyzer",4,0.00,1.00,16,0.17,3088.17,4,0,5,9,3,175.80,7,22,0,3,125.80,0.00,0.67,0.00,0,4.00,1,522.25,2,0,3,org.apache.lucene.analysis.BaseTokenStreamTestCase,0.00,5,2,4,0,5,4,0,6,121,1
"org.apache.lucene.analysis.hu.TestHungarianLightStemFilter",1,0.00,1.00,5,0.04,412.90,1,0,8,3,5,124.56,4,8,0,3,124.33,0.00,0.67,0.00,0,1.00,1,116.42,0,0,5,org.apache.lucene.analysis.BaseTokenStreamTestCase,0.00,2,2,1,0,2,1,0,2,31,1
"org.apache.lucene.analysis.hu.TestHungarianLightStemFilter$ReusableAnalyzerBase",1,0.00,1.00,4,0.05,1009.20,1,0,8,4,3,124.89,0,7,0,1,124.89,0.00,0.00,0.00,0,1.00,1,159.62,0,1,3,java.lang.Object,0.00,3,0,1,0,3,0,0,0,38,0
"org.apache.lucene.search.BaseTestRangeFilter",5,0.08,3.20,91,1.33,78773.78,14,9,14,33,7,111.47,15,103,0,2,90.85,3.00,0.20,0.18,1,7.00,9,3992.70,0,2,7,org.apache.lucene.util.LuceneTestCase,0.00,28,1,16,3,28,3,0,8,709,1
"org.apache.lucene.search.BaseTestRangeFilter$TestIndex",1,3.00,2.00,12,0.10,1914.19,5,4,14,2,1,104.74,0,14,0,1,104.74,0.00,0.00,0.25,0,0.00,2,292.42,0,0,1,java.lang.Object,0.00,1,0,2,0,1,1,0,0,69,1
"org.apache.lucene.search.BooleanClause",10,0.11,1.30,27,0.29,6735.17,12,2,0,13,61,177.32,24,43,61,1,137.44,0.00,0.00,0.40,1,10.00,3,863.74,0,3,1,java.lang.Object,0.00,3,0,13,0,3,7,1,7,216,1
"org.apache.lucene.search.BooleanClause$Occur",3,0.00,1.00,10,0.05,506.19,3,0,0,3,0,156.28,10,5,0,1,135.66,0.00,0.00,0.00,0,3.00,1,147.66,0,3,0,java.lang.Object,0.00,0,0,3,0,0,0,1,3,45,2
"org.apache.lucene.search.BooleanFilter",9,0.25,3.89,95,1.30,96453.13,12,3,6,33,10,122.26,28,134,3,2,101.65,0.00,0.50,0.56,3,4.00,14,3902.99,0,4,7,org.apache.lucene.search.Filter,0.00,24,1,35,0,24,5,0,9,782,1
"org.apache.lucene.search.BooleanFilterTest",15,0.36,1.07,88,1.47,32460.94,17,2,10,35,14,118.65,1,121,0,2,118.65,0.00,0.50,0.17,4,42.00,2,4409.59,2,2,14,org.apache.lucene.util.LuceneTestCase,0.00,20,1,16,0,20,13,0,1,912,1
"org.apache.lucene.search.BooleanQuery",19,0.07,2.21,101,1.38,76758.90,23,4,6,49,123,116.58,90,140,118,2,116.35,0.00,0.50,0.18,5,114.00,11,4132.80,2,6,6,org.apache.lucene.search.Query,0.18,30,1,42,0,30,13,1,30,834,1
"org.apache.lucene.search.BooleanQuery$BooleanWeight",8,0.04,4.62,129,1.87,146809.60,12,4,6,44,11,132.04,18,160,0,2,92.16,0.00,0.50,0.28,0,8.00,13,5601.80,0,2,11,org.apache.lucene.search.Weight,0.67,36,1,37,0,36,6,0,18,953,1
"org.apache.lucene.search.BooleanQuery$TooManyClauses",1,0.00,1.00,3,0.02,128.38,1,0,6,1,0,136.60,0,5,0,2,136.60,0.00,0.50,0.00,0,0.00,1,51.35,0,0,0,java.lang.RuntimeException,0.00,0,1,1,0,0,1,0,0,17,2
"org.apache.lucene.search.BooleanScorer",9,0.17,3.44,123,1.61,106288.19,18,9,4,27,9,64.87,62,150,3,3,97.10,0.00,0.67,0.26,1,15.00,9,4819.94,1,1,6,org.apache.lucene.search.Scorer,0.55,18,2,31,0,18,8,0,31,877,1
"org.apache.lucene.search.BooleanScorer$BooleanScorerCollector",5,0.17,1.40,28,0.33,17900.08,8,3,4,7,3,156.75,11,40,0,2,116.86,0.00,0.50,0.20,0,8.00,3,989.37,0,0,3,org.apache.lucene.search.Collector,0.44,2,1,7,0,2,5,0,11,210,3
"org.apache.lucene.search.BooleanScorer$Bucket",0,0.00,0.00,6,0.04,541.33,5,5,4,0,0,171.00,5,7,0,1,171.00,0.00,0.00,0.00,0,0.00,0,116.00,0,0,0,java.lang.Object,0.00,0,0,0,0,0,0,0,5,29,2
"org.apache.lucene.search.BooleanScorer$BucketScorer",6,0.20,1.00,16,0.11,1491.25,9,3,4,6,2,140.91,0,16,0,3,140.91,0.00,0.67,0.17,0,22.00,1,340.49,0,0,2,org.apache.lucene.search.Scorer,0.79,0,2,6,0,0,6,0,0,96,3
"org.apache.lucene.search.BooleanScorer$BucketTable",3,0.25,1.00,10,0.09,1948.37,7,4,4,4,1,131.05,1,11,0,1,131.05,0.00,0.00,0.08,0,4.00,1,275.45,0,1,1,java.lang.Object,0.00,1,0,3,0,1,2,0,1,70,2
"org.apache.lucene.search.BooleanScorer$SubScorer",1,4.00,2.00,12,0.11,2768.77,5,4,4,2,2,103.71,4,17,0,1,103.48,0.00,0.00,0.00,0,1.00,2,334.18,0,0,2,java.lang.Object,0.00,1,0,2,0,1,1,0,4,77,2
"org.apache.lucene.search.BooleanScorer2",16,0.07,2.06,85,1.26,44338.45,23,7,4,36,10,138.27,61,149,1,3,117.65,0.00,0.67,0.21,3,100.00,5,3790.05,1,0,9,org.apache.lucene.search.Scorer,0.52,20,2,33,0,20,16,0,27,787,0
"org.apache.lucene.search.BooleanScorer2$ConjunctionScorer",1,0.00,3.00,11,0.14,3455.68,3,2,4,2,0,71.81,6,14,0,1,104.04,0.00,0.00,1.00,0,0.00,3,406.73,1,0,0,java.lang.Object,0.00,1,0,3,0,1,1,0,6,87,0
"org.apache.lucene.search.BooleanScorer2$Coordinator",1,1.00,3.00,11,0.12,2964.80,4,3,4,2,1,125.17,3,11,0,1,104.56,0.00,0.00,0.67,0,0.00,3,363.76,0,0,1,java.lang.Object,0.00,1,0,3,0,1,1,0,3,78,1
"org.apache.lucene.search.BooleanScorer2$DisjunctionSumScorer",1,0.00,3.00,11,0.11,3174.77,3,2,4,2,0,144.21,2,14,0,1,104.33,0.00,0.00,1.00,0,0.00,3,334.14,1,0,0,java.lang.Object,0.00,1,0,3,0,1,1,0,2,74,0
"org.apache.lucene.search.BooleanScorer2$SingleMatchScorer",5,0.08,1.40,21,0.19,4166.86,8,3,4,9,1,125.46,2,33,0,3,125.46,0.00,0.67,0.40,1,0.00,3,573.81,0,0,1,org.apache.lucene.search.Scorer,0.67,4,2,7,0,4,5,0,2,141,1
"org.apache.lucene.search.BoostingQuery",5,0.42,3.40,36,0.50,21117.16,8,3,7,13,8,110.88,20,54,3,2,110.64,0.00,0.50,0.67,0,0.00,11,1489.34,1,2,5,org.apache.lucene.search.Query,0.11,8,1,17,0,8,3,0,6,326,1
"org.apache.lucene.search.BoostingQuery$BooleanQuery",1,0.00,1.00,3,0.02,161.45,1,0,7,2,2,135.81,0,5,0,1,135.81,0.00,0.00,0.00,0,1.00,1,49.51,0,1,2,java.lang.Object,0.00,1,0,1,0,1,0,0,0,16,0
"org.apache.lucene.search.BoostingQuery$BooleanQuery$DefaultSimilarity",1,0.00,1.00,6,0.05,804.09,1,0,7,1,0,119.33,4,12,0,1,119.09,0.00,0.00,0.00,0,0.00,1,146.30,0,0,0,java.lang.Object,0.00,0,0,1,0,0,1,0,4,36,0
"org.apache.lucene.search.BoostingQueryTest",1,0.00,1.00,8,0.09,1852.95,1,0,2,5,3,111.58,0,10,0,2,111.58,0.00,0.50,0.00,0,1.00,1,283.44,0,0,3,org.apache.lucene.util.LuceneTestCase,0.00,4,1,1,0,4,1,0,0,67,1
"org.apache.lucene.search.CachingCollector",8,0.12,1.75,50,0.66,20243.60,20,12,5,19,8,66.94,68,68,5,2,115.05,2.00,0.25,0.19,2,24.00,4,1976.00,0,2,3,org.apache.lucene.search.Collector,0.17,11,1,14,2,11,6,0,15,402,2
"org.apache.lucene.search.CachingCollector$CachedScorer",6,0.40,1.00,15,0.11,1527.79,8,2,5,7,1,140.82,4,15,0,3,140.82,0.00,0.67,0.17,0,14.00,1,333.87,0,0,1,org.apache.lucene.search.Scorer,0.79,1,2,6,0,1,6,0,4,95,3
"org.apache.lucene.search.CachingCollector$Collector",4,0.00,1.00,6,0.06,536.89,4,0,5,4,2,154.24,0,11,0,1,154.24,0.00,0.00,0.00,0,4.00,1,179.37,0,0,2,java.lang.Object,0.00,0,0,4,0,0,4,0,0,53,0
"org.apache.lucene.search.CachingCollector$NoScoreCachingCollector",5,0.00,2.80,49,0.50,30339.82,5,0,5,9,3,155.38,5,67,0,3,105.38,0.00,0.67,0.00,0,5.00,6,1505.37,2,1,3,org.apache.lucene.search.CachingCollector,0.18,4,2,14,0,4,4,0,5,300,3
"org.apache.lucene.search.CachingCollector$ScoreCachingCollector",5,0.38,2.80,72,0.81,54834.54,9,4,5,14,3,146.20,5,90,0,3,96.20,0.00,0.67,0.55,0,0.00,6,2416.25,2,1,3,org.apache.lucene.search.CachingCollector,0.00,9,2,14,0,9,4,0,5,462,3
"org.apache.lucene.search.CachingCollector$SegStart",1,3.00,1.00,8,0.06,1058.02,4,3,5,1,1,113.50,0,10,0,1,113.50,0.00,0.00,0.00,0,1.00,1,188.72,0,0,1,java.lang.Object,0.00,0,0,1,0,0,1,0,0,51,2
"org.apache.lucene.search.CachingSpanFilter",8,0.04,1.62,34,0.40,10776.83,12,4,2,18,6,163.67,17,50,2,3,123.79,0.00,0.67,0.22,2,8.00,3,1197.00,0,3,4,org.apache.lucene.search.SpanFilter,0.00,10,2,13,0,10,5,0,5,271,1
"org.apache.lucene.search.CachingSpanFilter$CachingWrapperFilter.FilterCache<SpanFilterResult>",1,0.00,1.00,3,0.04,499.66,1,0,2,2,2,131.95,0,5,0,1,131.95,0.00,0.00,0.00,0,1.00,1,113.22,0,1,2,java.lang.Object,0.00,1,0,1,0,1,0,0,0,30,0
"org.apache.lucene.search.CachingWrapperFilter",7,0.04,2.00,38,0.44,15200.11,11,4,6,19,12,70.39,61,52,7,2,118.49,1.00,0.33,0.29,1,4.00,4,1329.29,0,3,5,org.apache.lucene.search.Filter,0.00,12,1,14,1,12,4,0,11,289,1
"org.apache.lucene.search.CachingWrapperFilter$DeletesMode",0,0.00,0.00,2,0.01,71.32,0,0,6,0,0,171.00,0,1,0,1,171.00,0.00,0.00,0.00,0,0.00,0,28.53,0,0,0,java.lang.Object,0.00,0,0,0,0,0,0,0,0,9,2
"org.apache.lucene.search.CachingWrapperFilter$FilterCache",4,0.00,2.75,30,0.35,19260.56,6,2,6,8,1,150.13,10,39,0,1,110.24,0.00,0.00,0.50,0,4.00,6,1051.62,0,0,1,java.lang.Object,0.00,4,0,11,0,4,4,1,8,224,2
"org.apache.lucene.search.CachingWrapperFilter$FilterCache<DocIdSet>",1,0.00,1.00,3,0.03,336.30,1,0,6,2,3,133.30,0,5,0,1,133.30,0.00,0.00,0.00,0,1.00,1,83.21,0,1,3,java.lang.Object,0.00,1,0,1,0,1,0,0,0,24,0
"org.apache.lucene.search.CachingWrapperFilter$FilterCache<DocIdSet>$FilteredDocIdSet",1,0.00,1.00,3,0.03,379.08,1,0,6,2,0,132.90,0,5,0,1,132.90,0.00,0.00,0.00,0,1.00,1,81.93,0,0,0,java.lang.Object,0.00,1,0,1,0,1,1,0,0,23,0
"org.apache.lucene.search.CachingWrapperFilterHelper",6,1.00,1.33,21,0.22,5367.69,7,1,3,8,6,179.89,6,33,2,3,129.89,0.00,0.67,0.17,2,14.00,2,648.81,1,2,4,org.apache.lucene.search.CachingWrapperFilter,0.43,2,2,8,0,2,4,0,2,154,1
"org.apache.lucene.search.ChainedFilter",11,0.04,3.09,105,1.24,57224.71,19,8,7,29,8,88.01,64,160,2,2,105.88,0.00,0.50,0.16,4,33.00,14,3724.24,0,7,6,org.apache.lucene.search.Filter,0.00,18,1,34,0,18,4,0,15,763,1
"org.apache.lucene.search.ChainedFilterTest",10,0.38,1.30,115,1.83,66202.44,18,8,21,41,18,152.00,13,130,0,2,102.00,0.00,0.50,0.46,0,0.00,3,5497.75,2,2,18,org.apache.lucene.util.LuceneTestCase,0.00,31,1,13,0,31,8,0,9,1011,1
"org.apache.lucene.search.CheckHits",11,1.00,4.09,179,3.12,246038.24,12,1,7,51,21,43.40,97,234,13,1,91.51,0.00,0.00,0.09,4,20.00,13,9361.09,0,2,9,java.lang.Object,0.00,40,0,45,0,40,9,0,17,1623,1
"org.apache.lucene.search.CheckHits$ExplanationAsserter",6,0.03,1.17,30,0.39,9093.61,13,7,7,15,5,119.85,5,47,0,2,119.85,0.00,0.50,0.17,0,10.00,2,1161.87,0,0,5,org.apache.lucene.search.Collector,0.40,9,1,7,0,9,6,0,2,248,2
"org.apache.lucene.search.CheckHits$ExplanationAssertingSearcher",7,0.00,1.00,19,0.23,3478.19,7,0,7,8,9,138.54,0,37,0,3,138.54,0.00,0.67,0.00,1,7.00,1,683.58,1,2,9,org.apache.lucene.search.IndexSearcher,0.00,1,2,7,0,1,5,0,0,168,2
"org.apache.lucene.search.CheckHits$SetCollector",5,0.25,1.00,12,0.13,1689.07,7,2,7,7,3,139.86,0,21,0,2,139.86,0.00,0.50,0.30,0,7.00,1,377.86,0,0,3,org.apache.lucene.search.Collector,0.44,2,1,5,0,2,5,0,0,98,2
"org.apache.lucene.search.Collector",4,0.00,1.00,5,0.05,327.88,4,0,2,4,65,163.19,142,6,64,1,155.93,0.00,0.00,0.00,0,4.00,1,136.58,0,0,2,java.lang.Object,0.00,0,0,4,28,0,4,0,5,43,2
"org.apache.lucene.search.ComplexExplanation",6,1.00,1.50,17,0.18,3030.30,7,1,0,8,18,106.17,37,25,17,2,138.39,0.00,0.50,0.17,2,10.00,3,525.10,3,2,1,org.apache.lucene.search.Explanation,0.21,2,1,9,0,2,4,0,7,131,1
"org.apache.lucene.search.ConjunctionScorer",7,0.11,2.57,62,0.72,36886.88,10,3,4,15,4,128.40,25,73,1,3,107.79,0.00,0.67,0.43,1,0.00,5,2145.81,0,0,3,org.apache.lucene.search.Scorer,0.60,8,2,18,0,8,7,0,25,441,0
"org.apache.lucene.search.ConjunctionScorer$Comparator<Scorer>",1,0.00,1.00,3,0.03,480.85,1,0,4,2,1,182.08,1,4,0,1,132.08,0.00,0.00,0.00,0,1.00,1,93.66,0,0,1,java.lang.Object,0.00,1,0,1,0,1,1,0,1,27,0
"org.apache.lucene.search.ConstantScoreAutoRewrite",9,0.03,1.89,51,0.63,22008.87,13,4,4,25,10,157.98,21,72,3,3,118.10,0.50,0.50,0.28,2,0.00,6,1882.56,1,1,8,org.apache.lucene.search.TermCollectingRewrite,0.25,16,2,17,1,16,8,0,15,385,0
"org.apache.lucene.search.ConstantScoreAutoRewrite$CutOffTermCollector",2,0.67,1.50,17,0.19,3967.90,8,6,4,6,2,151.14,4,22,0,1,111.25,0.00,0.00,0.50,0,2.00,2,555.80,0,0,2,java.lang.Object,0.00,4,0,3,0,4,2,1,4,122,3
"org.apache.lucene.search.ConstantScoreQuery",10,0.11,2.20,40,0.56,21122.99,12,2,5,23,27,162.06,25,70,21,2,122.18,1.00,0.33,0.40,1,10.00,6,1670.78,3,5,6,org.apache.lucene.search.Query,0.17,13,1,22,1,13,5,0,9,377,1
"org.apache.lucene.search.ConstantScoreQuery$ConstantScorer",8,0.07,1.25,27,0.27,5833.09,10,2,5,14,5,130.61,4,45,0,3,130.61,0.00,0.67,0.44,1,6.00,2,818.48,1,1,5,org.apache.lucene.search.Scorer,0.57,6,2,10,0,6,7,0,4,202,1
"org.apache.lucene.search.ConstantScoreQuery$ConstantScorer$Collector",4,0.00,1.00,9,0.11,1873.91,4,0,5,10,2,138.74,1,18,0,1,138.74,0.00,0.00,0.00,0,4.00,1,344.90,0,0,2,java.lang.Object,0.00,6,0,4,0,6,4,0,1,89,0
"org.apache.lucene.search.ConstantScoreQuery$ConstantWeight",8,0.07,2.00,49,0.65,25119.27,12,4,5,23,10,114.28,2,70,0,2,114.28,0.00,0.50,0.31,1,2.00,4,1962.22,0,3,10,org.apache.lucene.search.Weight,0.67,15,1,16,0,15,5,0,2,397,1
"org.apache.lucene.search.DefaultSimilarity",8,0.71,1.12,20,0.27,6154.41,9,1,1,13,30,119.14,41,38,29,2,137.02,8.00,0.10,0.38,0,14.00,2,817.71,0,0,2,org.apache.lucene.search.Similarity,0.37,5,1,9,8,5,8,0,11,198,1
"org.apache.lucene.search.Deprecated",0,0.00,0.00,1,0.01,99.06,0,0,1,0,0,171.00,23,2,0,2,171.00,0.00,0.50,0.00,0,0.00,0,31.70,0,0,0,,0.00,0,1,0,0,0,0,0,1,10,1
"org.apache.lucene.search.Deprecated$CachedDfSource",12,0.45,1.17,39,0.42,9633.15,14,2,14,18,12,130.29,6,64,0,2,130.29,0.00,0.50,0.08,0,32.00,2,1246.30,0,4,12,Searcher,0.00,6,1,14,0,6,8,0,6,298,2
"org.apache.lucene.search.Deprecated$Callable<Integer>",1,0.00,1.00,3,0.03,323.26,1,0,18,3,0,133.44,0,4,0,1,133.44,0.00,0.00,0.00,0,1.00,1,88.18,0,1,0,java.lang.Object,0.00,2,0,1,0,2,0,0,0,25,0
"org.apache.lucene.search.Deprecated$Collector",4,0.00,1.00,9,0.10,1783.67,4,0,18,8,2,138.91,0,17,0,1,138.91,0.00,0.00,0.00,0,4.00,1,311.09,0,0,2,java.lang.Object,0.00,4,0,4,0,4,4,0,0,81,0
"org.apache.lucene.search.Deprecated$DocumentFrequencyCallable",2,0.00,1.00,8,0.08,1238.01,4,2,18,3,1,126.56,0,11,0,1,126.56,0.00,0.00,0.50,0,2.00,1,237.01,0,0,1,java.lang.Object,0.00,1,0,2,0,1,2,1,0,61,3
"org.apache.lucene.search.Deprecated$ExecutionHelper",6,0.20,1.50,21,0.22,4174.99,8,2,18,13,1,130.72,1,33,0,1,130.72,0.00,0.00,0.33,2,6.00,4,654.18,0,1,1,java.lang.Object,0.00,7,0,9,0,7,5,2,1,157,3
"org.apache.lucene.search.Deprecated$FilterCleaner",2,0.00,3.00,21,0.32,12939.14,4,2,7,14,1,124.05,6,30,0,1,103.44,0.00,0.00,0.50,0,0.00,5,952.75,0,0,1,java.lang.Object,0.00,12,0,6,0,12,2,1,6,179,1
"org.apache.lucene.search.Deprecated$FilterCleaner$Comparator<Map.Entry<Integer,FilterItem>>",1,0.00,3.00,9,0.12,4318.98,1,0,7,2,0,146.41,2,12,0,1,106.52,0.00,0.00,0.00,0,1.00,3,359.90,0,0,0,java.lang.Object,0.00,1,0,3,0,1,1,0,2,80,0
"org.apache.lucene.search.Deprecated$FilterItem",1,2.00,1.00,6,0.04,554.11,3,2,7,3,1,120.37,0,8,0,1,120.37,0.00,0.00,0.00,0,1.00,1,134.08,0,0,1,java.lang.Object,0.00,2,0,1,0,2,1,0,0,37,1
"org.apache.lucene.search.Deprecated$MultiSearcherCallableNoSort",2,0.75,2.00,32,0.36,11815.06,10,8,14,6,5,146.23,3,37,0,1,96.23,0.00,0.00,0.50,0,2.00,3,1067.19,0,1,5,java.lang.Object,0.00,4,0,4,0,4,1,1,3,216,2
"org.apache.lucene.search.Deprecated$MultiSearcherCallableWithSort",2,0.78,3.50,50,0.62,34451.42,11,9,14,10,8,105.82,7,54,0,1,85.21,0.00,0.00,0.50,0,2.00,6,1846.96,0,0,8,java.lang.Object,0.00,8,0,7,0,8,2,1,7,345,2
"org.apache.lucene.search.DisjunctionMaxQuery",12,0.23,2.17,74,0.96,50433.20,14,2,7,32,17,95.39,61,100,13,2,113.26,0.00,0.50,0.29,3,22.00,8,2894.76,2,5,4,org.apache.lucene.search.Query,0.23,20,1,26,0,20,7,1,18,599,1
"org.apache.lucene.search.DisjunctionMaxQuery$DisjunctionMaxWeight",7,0.25,2.43,52,0.71,31212.47,9,2,7,29,10,160.53,12,66,0,2,110.54,0.00,0.50,0.29,0,7.00,5,2133.40,0,3,10,org.apache.lucene.search.Weight,0.57,22,1,17,0,22,4,0,12,417,1
"org.apache.lucene.search.DisjunctionMaxScorer",9,0.21,2.78,92,1.01,57674.16,15,6,1,14,4,103.72,38,117,1,3,103.49,0.00,0.67,0.35,4,0.00,6,3022.85,0,0,3,org.apache.lucene.search.Scorer,0.55,5,2,25,0,5,9,0,13,626,0
"org.apache.lucene.search.DisjunctionSumScorer",11,0.11,2.73,78,0.79,30258.32,18,7,3,23,5,69.87,86,109,1,3,112.16,0.00,0.67,0.25,3,13.00,7,2381.66,0,0,4,org.apache.lucene.search.Scorer,0.50,12,2,30,0,12,11,0,21,500,0
"org.apache.lucene.search.DocIdSet",0,0.00,0.00,3,0.02,467.02,0,0,1,1,69,171.00,5,2,69,1,171.00,0.00,0.00,0.00,0,0.00,0,51.89,0,0,0,java.lang.Object,0.00,1,0,0,9,1,0,0,2,15,2
"org.apache.lucene.search.DocIdSet$DocIdSet",4,0.00,1.00,10,0.06,694.92,4,0,1,5,1,182.02,11,18,0,1,142.13,0.00,0.00,0.00,0,4.00,1,175.88,0,2,1,java.lang.Object,0.00,1,0,4,0,1,2,0,2,55,0
"org.apache.lucene.search.DocIdSet$DocIdSet$DocIdSetIterator",3,0.00,1.00,7,0.05,603.80,3,0,1,3,0,141.63,0,7,0,1,141.63,0.00,0.00,0.00,0,3.00,1,146.65,0,0,0,java.lang.Object,0.00,0,0,3,0,0,3,0,0,43,0
"org.apache.lucene.search.DocIdSetIterator",3,1.00,1.00,5,0.04,464.21,4,1,1,3,50,197.70,66,6,50,1,153.76,0.00,0.00,0.00,0,3.00,1,132.13,0,0,0,java.lang.Object,0.00,0,0,3,41,0,3,0,5,40,2
"org.apache.lucene.search.DuplicateFilter",13,0.08,2.08,87,1.04,50185.24,20,7,6,28,10,163.56,22,152,3,2,113.56,0.00,0.50,0.22,2,32.00,7,3111.35,0,4,7,org.apache.lucene.search.Filter,0.00,15,1,27,0,15,9,0,9,636,1
"org.apache.lucene.search.DuplicateFilterTest",8,0.46,1.88,106,1.54,48501.95,13,5,11,40,12,99.52,3,121,0,2,99.52,0.00,0.50,0.60,1,0.00,3,4612.57,2,0,12,org.apache.lucene.util.LuceneTestCase,0.00,32,1,15,0,32,8,0,3,853,1
"org.apache.lucene.search.ElevationComparatorSource",2,1.00,1.00,6,0.07,1019.94,3,1,10,3,8,131.88,0,10,3,2,131.88,0.00,0.50,0.00,0,2.00,1,218.56,0,1,5,org.apache.lucene.search.FieldComparatorSource,0.00,1,1,2,0,1,1,0,0,54,0
"org.apache.lucene.search.ElevationComparatorSource$FieldComparator",7,0.06,1.14,20,0.28,5333.00,10,3,10,10,1,137.05,1,33,0,1,137.05,0.00,0.00,0.38,1,10.00,2,825.37,0,1,1,java.lang.Object,0.00,3,0,8,0,3,6,0,1,195,0
"org.apache.lucene.search.ExactPhraseScorer",8,0.19,6.50,189,2.37,353904.56,21,13,3,19,6,103.80,28,240,2,3,83.19,0.00,0.67,0.24,0,0.00,18,7101.05,0,1,4,org.apache.lucene.search.Scorer,0.71,11,2,52,0,11,7,0,28,1277,1
"org.apache.lucene.search.ExactPhraseScorer$ChunkState",1,7.00,1.00,12,0.09,1258.33,8,7,3,1,1,106.33,0,14,0,1,106.33,0.00,0.00,0.00,0,1.00,1,257.84,0,0,1,java.lang.Object,0.00,0,0,1,0,0,1,0,0,65,3
"org.apache.lucene.search.Explanation",13,0.25,1.54,62,0.56,19854.07,16,3,2,21,47,163.26,32,68,47,1,123.37,0.00,0.00,0.10,4,53.00,4,1687.93,0,6,0,java.lang.Object,0.00,8,0,20,1,8,7,1,15,383,1
"org.apache.lucene.search.Explanation$IDFExplanation",2,0.00,1.00,3,0.02,134.04,2,0,2,2,0,156.85,8,4,0,1,156.62,0.00,0.00,0.00,0,2.00,1,55.02,0,1,0,java.lang.Object,0.00,0,0,2,0,0,1,1,2,20,3
"org.apache.lucene.search.FieldCache",19,2.00,1.00,52,0.61,15861.63,21,2,9,26,72,99.20,238,67,67,1,136.76,0.00,0.00,0.00,0,19.00,1,1828.28,0,4,6,,0.00,7,0,19,0,7,15,0,43,415,1
"org.apache.lucene.search.FieldCache$ByteParser",1,0.00,1.00,2,0.01,60.50,1,0,9,1,0,195.74,1,3,0,2,145.74,0.00,0.50,0.00,0,1.00,1,35.16,0,0,0,,0.00,0,1,1,0,0,1,0,1,13,1
"org.apache.lucene.search.FieldCache$ByteParser_0",3,0.00,1.00,7,0.05,644.62,3,0,9,5,1,141.41,0,11,0,1,141.41,0.00,0.00,0.00,0,3.00,1,150.76,0,2,1,java.lang.Object,0.00,2,0,3,0,2,1,0,0,44,0
"org.apache.lucene.search.FieldCache$CacheEntry",10,1.00,1.10,27,0.34,9113.69,11,1,9,21,1,186.44,12,36,0,1,136.44,0.00,0.00,0.10,8,18.00,2,1028.30,0,7,1,java.lang.Object,0.00,11,0,11,0,11,3,0,4,235,3
"org.apache.lucene.search.FieldCache$CreationPlaceholder",0,0.00,0.00,2,0.01,104.61,1,1,9,0,0,171.00,0,3,0,1,171.00,0.00,0.00,0.00,0,0.00,0,34.87,0,0,0,java.lang.Object,0.00,0,0,0,0,0,0,0,0,11,3
"org.apache.lucene.search.FieldCache$DoubleParser",1,0.00,1.00,2,0.01,60.50,1,0,9,1,0,195.74,1,3,0,2,145.74,0.00,0.50,0.00,0,1.00,1,35.16,0,0,0,,0.00,0,1,1,0,0,1,0,1,13,1
"org.apache.lucene.search.FieldCache$DoubleParser_5",3,0.00,1.00,7,0.05,644.62,3,0,9,5,1,141.41,0,11,0,1,141.41,0.00,0.00,0.00,0,3.00,1,150.76,0,2,1,java.lang.Object,0.00,2,0,3,0,2,1,0,0,44,0
"org.apache.lucene.search.FieldCache$DoubleParser_9",3,0.00,1.33,9,0.11,3032.04,3,0,9,8,2,129.48,0,14,0,1,129.48,0.00,0.00,0.00,0,3.00,2,337.85,0,2,2,java.lang.Object,0.00,5,0,4,0,5,1,0,0,78,0
"org.apache.lucene.search.FieldCache$FloatParser",1,0.00,1.00,2,0.01,60.50,1,0,9,1,0,195.74,1,3,0,2,145.74,0.00,0.50,0.00,0,1.00,1,35.16,0,0,0,,0.00,0,1,1,0,0,1,0,1,13,1
"org.apache.lucene.search.FieldCache$FloatParser_3",3,0.00,1.00,7,0.05,644.62,3,0,9,5,1,141.41,0,11,0,1,141.41,0.00,0.00,0.00,0,3.00,1,150.76,0,2,1,java.lang.Object,0.00,2,0,3,0,2,1,0,0,44,0
"org.apache.lucene.search.FieldCache$FloatParser_7",3,0.00,1.33,9,0.11,3032.04,3,0,9,8,2,129.48,0,14,0,1,129.48,0.00,0.00,0.00,0,3.00,2,337.85,0,2,2,java.lang.Object,0.00,5,0,4,0,5,1,0,0,78,0
"org.apache.lucene.search.FieldCache$IntParser",1,0.00,1.00,2,0.01,60.50,1,0,9,1,0,195.74,1,3,0,2,145.74,0.00,0.50,0.00,0,1.00,1,35.16,0,0,0,,0.00,0,1,1,0,0,1,0,1,13,1
"org.apache.lucene.search.FieldCache$IntParser_2",3,0.00,1.00,7,0.05,644.62,3,0,9,5,1,141.41,0,11,0,1,141.41,0.00,0.00,0.00,0,3.00,1,150.76,0,2,1,java.lang.Object,0.00,2,0,3,0,2,1,0,0,44,0
"org.apache.lucene.search.FieldCache$IntParser_6",3,0.00,1.33,9,0.10,2881.86,3,0,9,7,2,129.65,0,14,0,1,129.65,0.00,0.00,0.00,0,3.00,2,313.85,0,2,2,java.lang.Object,0.00,4,0,4,0,4,1,0,0,74,0
"org.apache.lucene.search.FieldCache$LongParser",1,0.00,1.00,2,0.01,60.50,1,0,9,1,0,195.74,1,3,0,2,145.74,0.00,0.50,0.00,0,1.00,1,35.16,0,0,0,,0.00,0,1,1,0,0,1,0,1,13,1
"org.apache.lucene.search.FieldCache$LongParser_4",3,0.00,1.00,7,0.05,644.62,3,0,9,5,1,141.41,0,11,0,1,141.41,0.00,0.00,0.00,0,3.00,1,150.76,0,2,1,java.lang.Object,0.00,2,0,3,0,2,1,0,0,44,0
"org.apache.lucene.search.FieldCache$LongParser_8",3,0.00,1.33,9,0.11,2731.39,3,0,9,7,2,129.83,0,14,0,1,129.83,0.00,0.00,0.00,0,3.00,2,316.08,0,2,2,java.lang.Object,0.00,4,0,4,0,4,1,0,0,74,0
"org.apache.lucene.search.FieldCache$Parser",0,0.00,0.00,1,0.01,31.02,0,0,9,0,0,171.00,0,2,0,2,171.00,0.00,0.50,0.00,0,0.00,0,15.51,0,0,0,,0.00,0,1,0,0,0,0,0,0,6,1
"org.apache.lucene.search.FieldCache$ShortParser",1,0.00,1.00,2,0.01,60.50,1,0,9,1,0,195.74,1,3,0,2,145.74,0.00,0.50,0.00,0,1.00,1,35.16,0,0,0,,0.00,0,1,1,0,0,1,0,1,13,1
"org.apache.lucene.search.FieldCache$ShortParser_1",3,0.00,1.00,7,0.05,644.62,3,0,9,5,1,141.41,0,11,0,1,141.41,0.00,0.00,0.00,0,3.00,1,150.76,0,2,1,java.lang.Object,0.00,2,0,3,0,2,1,0,0,44,0
"org.apache.lucene.search.FieldCache$StringIndex",2,0.50,3.00,15,0.20,12044.91,4,2,9,3,0,130.07,6,25,0,1,109.46,0.00,0.00,0.25,0,2.00,5,607.66,0,0,0,java.lang.Object,0.00,1,0,6,0,1,2,0,6,133,2
"org.apache.lucene.search.FieldCacheImpl",21,0.25,1.38,84,1.39,49008.78,23,2,13,47,7,171.94,28,119,1,1,121.94,0.00,0.00,0.26,7,82.00,7,4159.68,0,2,7,java.lang.Object,0.00,26,0,29,0,26,19,1,17,866,0
"org.apache.lucene.search.FieldCacheImpl$ByteCache",2,0.00,3.00,24,0.35,22749.30,2,0,13,16,5,98.55,0,34,0,2,98.55,0.00,0.50,0.00,0,2.00,5,1063.71,0,1,5,org.apache.lucene.search.Cache,0.00,14,1,6,0,14,1,0,0,189,2
"org.apache.lucene.search.FieldCacheImpl$Cache",6,0.20,2.50,58,0.68,44259.77,8,2,13,24,3,154.74,6,71,0,1,104.74,0.00,0.00,0.33,1,10.00,7,2033.13,0,2,3,java.lang.Object,0.00,18,0,15,0,18,4,0,6,398,2
"org.apache.lucene.search.FieldCacheImpl$CacheEntryImpl",6,0.04,1.17,22,0.19,3897.61,11,5,13,6,0,131.02,4,27,0,2,131.02,0.00,0.50,0.17,0,26.00,2,566.99,0,5,0,org.apache.lucene.search.CacheEntry,0.00,0,1,7,0,0,1,0,4,145,3
"org.apache.lucene.search.FieldCacheImpl$DoubleCache",2,0.00,4.50,28,0.44,30958.97,2,0,13,16,5,144.91,2,42,0,2,94.91,0.00,0.50,0.00,0,2.00,8,1315.97,0,1,5,org.apache.lucene.search.Cache,0.00,14,1,9,0,14,1,0,2,230,2
"org.apache.lucene.search.FieldCacheImpl$Entry",3,0.25,3.00,17,0.18,5360.48,5,2,13,7,1,169.06,5,26,0,1,119.06,0.00,0.00,0.67,0,1.00,6,533.47,0,0,1,java.lang.Object,0.00,4,0,9,0,4,3,0,5,127,1
"org.apache.lucene.search.FieldCacheImpl$FloatCache",2,0.00,4.50,28,0.43,30363.40,2,0,13,16,5,144.97,2,42,0,2,94.97,0.00,0.50,0.00,0,2.00,8,1287.25,0,1,5,org.apache.lucene.search.Cache,0.00,14,1,9,0,14,1,0,2,226,2
"org.apache.lucene.search.FieldCacheImpl$IndexReader.ReaderFinishedListener",1,0.00,1.00,3,0.02,184.66,1,0,13,2,1,185.36,1,4,0,1,135.36,0.00,0.00,0.00,0,1.00,1,69.28,0,0,1,java.lang.Object,0.00,1,0,1,0,1,1,0,1,21,0
"org.apache.lucene.search.FieldCacheImpl$IntCache",2,0.00,4.50,28,0.43,30363.40,2,0,13,16,5,144.97,2,42,0,2,94.97,0.00,0.50,0.00,0,2.00,8,1287.25,0,1,5,org.apache.lucene.search.Cache,0.00,14,1,9,0,14,1,0,2,226,2
"org.apache.lucene.search.FieldCacheImpl$LongCache",2,0.00,4.50,27,0.43,29894.80,2,0,13,16,5,146.23,2,41,0,2,96.23,0.00,0.50,0.00,0,2.00,8,1281.32,0,1,5,org.apache.lucene.search.Cache,0.00,14,1,9,0,14,1,0,2,225,2
"org.apache.lucene.search.FieldCacheImpl$ShortCache",2,0.00,3.00,24,0.35,22749.30,2,0,13,16,5,98.55,0,34,0,2,98.55,0.00,0.50,0.00,0,2.00,5,1063.71,0,1,5,org.apache.lucene.search.Cache,0.00,14,1,6,0,14,1,0,0,189,2
"org.apache.lucene.search.FieldCacheImpl$StopFillCacheException",0,0.00,0.00,1,0.01,49.13,0,0,13,0,0,171.00,0,2,0,2,171.00,0.00,0.50,0.00,0,0.00,0,19.65,0,0,0,java.lang.RuntimeException,0.00,0,1,0,0,0,0,0,0,7,2
"org.apache.lucene.search.FieldCacheImpl$StringCache",2,0.00,2.50,24,0.32,21492.28,2,0,13,15,6,148.79,3,33,0,2,98.79,0.00,0.50,0.00,0,2.00,4,962.75,0,1,6,org.apache.lucene.search.Cache,0.00,13,1,5,0,13,1,0,3,176,2
"org.apache.lucene.search.FieldCacheImpl$StringIndexCache",2,0.00,3.00,31,0.47,48040.98,2,0,13,17,6,74.51,10,40,0,2,92.38,0.00,0.50,0.00,0,2.00,5,1398.59,0,1,6,org.apache.lucene.search.Cache,0.00,15,1,6,0,15,1,0,10,243,2
"org.apache.lucene.search.FieldCacheRangeFilter",24,0.05,1.75,75,1.27,52428.07,30,6,5,39,9,127.01,102,98,3,2,126.78,0.00,0.50,0.12,7,152.00,10,3805.27,0,17,6,org.apache.lucene.search.Filter,0.00,15,1,42,0,15,7,0,23,834,2
"org.apache.lucene.search.FieldCacheRangeFilter$FieldCacheDocIdSet_6",4,0.17,1.50,17,0.14,3841.62,6,2,5,7,4,164.85,9,25,0,2,124.96,0.00,0.50,0.38,0,4.00,3,432.80,0,1,4,org.apache.lucene.search.DocIdSet,0.00,3,1,6,0,3,3,0,9,107,2
"org.apache.lucene.search.FieldCacheRangeFilter$FieldCacheDocIdSet_6$DocIdSetIterator",3,0.00,2.33,14,0.16,4735.23,4,1,5,6,0,123.16,0,24,0,1,123.16,0.00,0.00,1.00,0,0.00,4,487.20,0,0,0,java.lang.Object,0.00,3,0,7,0,3,3,0,0,114,0
"org.apache.lucene.search.FieldCacheRangeFilter$FieldCacheDocIdSet_6$DocIdSetIterator_7",3,0.00,2.00,18,0.13,3608.41,4,1,5,3,0,117.56,0,29,0,1,117.56,0.00,0.00,1.00,0,0.00,3,403.09,0,0,0,java.lang.Object,0.00,0,0,6,0,0,3,0,0,97,0
"org.apache.lucene.search.FieldCacheRangeFilter$FieldCacheRangeFilter<Byte>",1,0.00,8.00,18,0.30,22363.51,1,0,5,3,3,139.45,1,25,0,1,89.45,0.00,0.00,0.00,0,0.00,8,905.97,0,1,3,java.lang.Object,0.00,2,0,8,0,2,0,0,1,165,0
"org.apache.lucene.search.FieldCacheRangeFilter$FieldCacheRangeFilter<Byte>$FieldCacheDocIdSet_0",1,0.00,1.00,3,0.04,768.89,1,0,5,1,0,130.48,0,5,0,1,130.48,0.00,0.00,0.00,0,1.00,1,134.90,0,0,0,java.lang.Object,0.00,0,0,1,0,0,1,0,0,35,0
"org.apache.lucene.search.FieldCacheRangeFilter$FieldCacheRangeFilter<Double>",1,0.00,8.00,20,0.36,26877.56,1,0,5,6,4,107.73,3,27,0,1,87.11,0.00,0.00,0.00,0,0.00,8,1086.36,0,1,4,java.lang.Object,0.00,5,0,8,0,5,0,0,3,191,0
"org.apache.lucene.search.FieldCacheRangeFilter$FieldCacheRangeFilter<Double>$FieldCacheDocIdSet_5",1,0.00,1.00,3,0.04,768.89,1,0,5,1,0,130.48,0,5,0,1,130.48,0.00,0.00,0.00,0,1.00,1,134.90,0,0,0,java.lang.Object,0.00,0,0,1,0,0,1,0,0,35,0
"org.apache.lucene.search.FieldCacheRangeFilter$FieldCacheRangeFilter<Float>",1,0.00,8.00,20,0.36,26877.56,1,0,5,6,4,107.73,3,27,0,1,87.11,0.00,0.00,0.00,0,0.00,8,1086.36,0,1,4,java.lang.Object,0.00,5,0,8,0,5,0,0,3,191,0
"org.apache.lucene.search.FieldCacheRangeFilter$FieldCacheRangeFilter<Float>$FieldCacheDocIdSet_4",1,0.00,1.00,3,0.04,768.89,1,0,5,1,0,130.48,0,5,0,1,130.48,0.00,0.00,0.00,0,1.00,1,134.90,0,0,0,java.lang.Object,0.00,0,0,1,0,0,1,0,0,35,0
"org.apache.lucene.search.FieldCacheRangeFilter$FieldCacheRangeFilter<Integer>",1,0.00,8.00,18,0.29,20554.25,1,0,5,3,3,139.73,1,25,0,1,89.73,0.00,0.00,0.00,0,0.00,8,860.82,0,1,3,java.lang.Object,0.00,2,0,8,0,2,0,0,1,157,0
"org.apache.lucene.search.FieldCacheRangeFilter$FieldCacheRangeFilter<Integer>$FieldCacheDocIdSet_2",1,0.00,1.00,3,0.04,768.89,1,0,5,1,0,130.48,0,5,0,1,130.48,0.00,0.00,0.00,0,1.00,1,134.90,0,0,0,java.lang.Object,0.00,0,0,1,0,0,1,0,0,35,0
"org.apache.lucene.search.FieldCacheRangeFilter$FieldCacheRangeFilter<Long>",1,0.00,8.00,18,0.29,20554.25,1,0,5,3,3,139.73,1,25,0,1,89.73,0.00,0.00,0.00,0,0.00,8,860.82,0,1,3,java.lang.Object,0.00,2,0,8,0,2,0,0,1,157,0
"org.apache.lucene.search.FieldCacheRangeFilter$FieldCacheRangeFilter<Long>$FieldCacheDocIdSet_3",1,0.00,1.00,3,0.04,768.89,1,0,5,1,0,130.48,0,5,0,1,130.48,0.00,0.00,0.00,0,1.00,1,134.90,0,0,0,java.lang.Object,0.00,0,0,1,0,0,1,0,0,35,0
"org.apache.lucene.search.FieldCacheRangeFilter$FieldCacheRangeFilter<Short>",1,0.00,8.00,18,0.30,22070.83,1,0,5,3,3,139.49,1,25,0,1,89.49,0.00,0.00,0.00,0,0.00,8,894.68,0,1,3,java.lang.Object,0.00,2,0,8,0,2,0,0,1,163,0
"org.apache.lucene.search.FieldCacheRangeFilter$FieldCacheRangeFilter<Short>$FieldCacheDocIdSet_1",1,0.00,1.00,3,0.04,768.89,1,0,5,1,0,130.48,0,5,0,1,130.48,0.00,0.00,0.00,0,1.00,1,134.90,0,0,0,java.lang.Object,0.00,0,0,1,0,0,1,0,0,35,0
"org.apache.lucene.search.FieldCacheRangeFilter$FieldCacheRangeFilter<String>",1,0.00,8.00,27,0.36,27055.14,1,0,5,5,2,50.00,6,32,0,1,82.23,0.00,0.00,0.00,0,0.00,8,1091.83,0,1,2,java.lang.Object,0.00,4,0,8,0,4,0,0,6,197,0
"org.apache.lucene.search.FieldCacheRangeFilter$FieldCacheRangeFilter<String>$FieldCacheDocIdSet",1,0.00,1.00,3,0.04,1021.63,1,0,5,1,0,129.50,0,5,0,1,129.50,0.00,0.00,0.00,0,1.00,1,132.20,0,0,0,java.lang.Object,0.00,0,0,1,0,0,1,0,0,33,0
"org.apache.lucene.search.FieldCacheTermsFilter",3,0.50,1.00,11,0.10,1667.80,5,2,4,5,8,178.86,70,15,2,2,131.59,1.00,0.33,0.17,1,4.00,1,298.79,0,1,6,org.apache.lucene.search.Filter,0.00,2,1,3,1,2,2,0,2,78,1
"org.apache.lucene.search.FieldCacheTermsFilter$FieldCacheTermsFilterDocIdSet",3,0.50,1.67,18,0.17,4964.24,5,2,4,7,3,116.51,1,24,0,2,116.51,0.00,0.50,0.17,0,4.00,3,507.86,0,1,3,org.apache.lucene.search.DocIdSet,0.00,4,1,5,0,4,2,0,1,116,1
"org.apache.lucene.search.FieldCacheTermsFilter$FieldCacheTermsFilterDocIdSet$FieldCacheTermsFilterDocIdSetIterator",3,0.00,2.33,16,0.15,4125.91,4,1,4,3,1,120.02,0,28,0,2,120.02,0.00,0.50,1.00,0,0.00,3,462.35,0,0,1,org.apache.lucene.search.DocIdSetIterator,1.00,0,1,7,0,0,3,0,0,105,1
"org.apache.lucene.search.FieldComparator",9,0.00,1.44,32,0.41,19025.50,9,0,11,10,39,126.46,149,43,37,1,126.93,0.00,0.00,0.00,1,9.00,5,1227.00,0,1,2,java.lang.Object,0.00,1,0,13,17,1,8,0,21,287,2
"org.apache.lucene.search.FieldComparator$ByteComparator",7,0.13,1.00,22,0.27,4661.70,12,5,11,9,2,130.97,0,36,0,2,130.97,0.00,0.50,0.31,0,0.00,1,801.32,0,1,2,org.apache.lucene.search.FieldComparator,0.62,2,1,7,0,2,6,0,0,194,3
"org.apache.lucene.search.FieldComparator$DocComparator",7,0.06,1.00,18,0.20,3765.75,10,3,11,8,2,138.27,5,32,0,2,138.27,0.00,0.50,0.38,0,0.00,1,605.80,0,1,2,org.apache.lucene.search.FieldComparator,0.62,1,1,7,0,1,6,0,5,155,3
"org.apache.lucene.search.FieldComparator$DoubleComparator",7,0.13,1.57,35,0.37,9582.21,12,5,11,9,2,120.12,0,51,0,2,120.12,0.00,0.50,0.31,0,0.00,3,1099.92,0,1,2,org.apache.lucene.search.FieldComparator,0.62,2,1,11,0,2,6,0,0,252,3
"org.apache.lucene.search.FieldComparator$FloatComparator",7,0.13,1.57,35,0.37,9582.21,12,5,11,9,2,120.12,4,51,0,2,120.12,0.00,0.50,0.31,0,0.00,3,1099.92,0,1,2,org.apache.lucene.search.FieldComparator,0.62,2,1,11,0,2,6,0,4,252,3
"org.apache.lucene.search.FieldComparator$IntComparator",7,0.13,1.57,35,0.36,10168.54,12,5,11,9,2,169.92,9,51,0,2,119.92,0.00,0.50,0.31,0,0.00,3,1091.66,0,1,2,org.apache.lucene.search.FieldComparator,0.62,2,1,11,0,2,6,0,9,252,3
"org.apache.lucene.search.FieldComparator$LongComparator",7,0.13,1.57,35,0.37,9582.21,12,5,11,9,2,120.12,4,51,0,2,120.12,0.00,0.50,0.31,0,0.00,3,1099.92,0,1,2,org.apache.lucene.search.FieldComparator,0.62,2,1,11,0,2,6,0,4,252,3
"org.apache.lucene.search.FieldComparator$RelevanceComparator",8,0.00,1.50,22,0.30,7912.19,11,3,11,11,4,136.09,2,38,0,2,136.09,0.00,0.50,0.33,0,0.00,3,905.21,0,1,4,org.apache.lucene.search.FieldComparator,0.71,3,1,12,0,3,7,0,2,214,3
"org.apache.lucene.search.FieldComparator$ShortComparator",7,0.13,1.00,22,0.27,4661.70,12,5,11,9,2,130.97,0,36,0,2,130.97,0.00,0.50,0.31,0,0.00,1,801.32,0,1,2,org.apache.lucene.search.FieldComparator,0.62,2,1,7,0,2,6,0,0,194,3
"org.apache.lucene.search.FieldComparator$StringComparatorLocale",7,0.20,1.86,37,0.40,11508.22,12,5,11,10,2,119.46,0,55,0,2,119.46,0.00,0.50,0.37,0,0.00,4,1188.26,0,1,2,org.apache.lucene.search.FieldComparator,0.62,3,1,13,0,3,6,0,0,269,3
"org.apache.lucene.search.FieldComparator$StringOrdValComparator",10,0.25,2.30,90,0.91,35694.28,21,11,11,12,2,107.24,7,118,0,2,107.24,0.00,0.50,0.32,1,0.00,6,2720.77,1,3,2,org.apache.lucene.search.FieldComparator,0.53,2,1,23,0,2,7,0,7,566,3
"org.apache.lucene.search.FieldComparator$StringValComparator",7,0.12,1.86,35,0.36,10947.06,11,4,11,9,2,119.63,0,53,0,2,119.63,0.00,0.50,0.36,0,0.00,4,1094.23,0,1,2,org.apache.lucene.search.FieldComparator,0.62,2,1,13,0,2,6,0,0,251,3
"org.apache.lucene.search.FieldComparatorSource",1,0.00,1.00,2,0.03,221.03,1,0,2,1,14,130.95,15,4,13,1,141.31,0.00,0.00,0.00,0,1.00,1,82.16,0,0,1,java.lang.Object,0.00,0,0,1,6,0,1,1,2,23,2
"org.apache.lucene.search.FieldDoc",3,1.00,1.33,18,0.18,6105.94,4,1,0,9,7,115.38,48,21,6,2,115.85,0.00,0.50,0.33,0,4.00,2,547.57,1,1,1,org.apache.lucene.search.ScoreDoc,0.40,6,1,4,0,6,2,0,9,123,1
"org.apache.lucene.search.FieldDocSortedHitQueue",5,0.25,3.40,47,0.61,48113.36,7,2,3,13,4,55.65,40,56,1,2,103.76,0.00,0.50,0.30,0,7.00,10,1831.67,1,1,3,org.apache.lucene.util.PriorityQueue,0.00,8,1,17,0,8,4,0,13,354,0
"org.apache.lucene.search.FieldValueHitQueue",7,0.06,1.57,35,0.37,10858.96,10,3,2,12,20,77.41,51,39,16,2,119.70,2.00,0.25,0.29,0,16.00,3,1109.62,0,1,4,org.apache.lucene.util.PriorityQueue,0.00,5,1,11,2,5,6,0,14,248,2
"org.apache.lucene.search.FieldValueHitQueue$Entry",2,1.00,1.00,7,0.06,822.10,3,1,2,2,1,132.62,0,11,0,2,132.62,0.00,0.50,0.50,0,2.00,1,192.01,1,1,1,org.apache.lucene.search.ScoreDoc,0.50,0,1,2,0,0,1,0,0,52,2
"org.apache.lucene.search.FieldValueHitQueue$MultiComparatorsFieldValueHitQueue",2,0.00,3.00,24,0.28,15551.00,2,0,2,3,2,149.85,2,26,0,3,99.85,0.00,0.67,0.00,0,0.00,3,840.64,1,0,2,org.apache.lucene.search.FieldValueHitQueue,0.00,1,2,6,0,1,2,0,2,169,3
"org.apache.lucene.search.FieldValueHitQueue$OneComparatorFieldValueHitQueue",2,1.00,2.00,18,0.22,7808.70,4,2,2,4,3,127.58,7,24,0,3,106.96,0.00,0.67,1.00,0,0.00,2,665.31,1,0,3,org.apache.lucene.search.FieldValueHitQueue,0.00,2,2,4,0,2,2,0,2,143,3
"org.apache.lucene.search.Filter",1,0.00,1.00,2,0.02,192.67,1,0,3,1,77,191.77,25,3,74,1,141.78,0.00,0.00,0.00,0,1.00,1,69.76,0,1,3,java.lang.Object,0.00,0,0,1,31,0,0,1,2,21,2
"org.apache.lucene.search.FilterClause",3,0.25,1.00,10,0.07,872.12,5,2,1,3,4,101.58,19,18,3,1,133.80,0.00,0.00,0.33,0,5.00,1,211.70,0,2,1,java.lang.Object,0.00,0,0,3,0,0,1,1,4,59,1
"org.apache.lucene.search.FilteredDocIdSet",4,0.67,1.00,9,0.07,857.85,5,1,1,6,9,93.31,33,15,6,2,141.41,1.00,0.33,0.50,0,4.00,1,199.84,0,0,3,org.apache.lucene.search.DocIdSet,0.00,2,1,4,1,2,4,0,5,59,2
"org.apache.lucene.search.FilteredDocIdSet$FilteredDocIdSetIterator",1,0.00,1.00,3,0.04,506.92,1,0,1,2,1,131.90,0,5,0,1,131.90,0.00,0.00,0.00,0,1.00,1,106.46,0,0,1,java.lang.Object,0.00,1,0,1,0,1,1,0,0,29,0
"org.apache.lucene.search.FilteredDocIdSetIterator",5,0.12,2.40,27,0.23,7360.17,7,2,1,7,3,140.39,16,42,2,2,119.78,1.00,0.33,0.60,1,0.00,5,683.82,0,0,1,org.apache.lucene.search.DocIdSetIterator,0.75,2,1,12,1,2,5,0,3,163,2
"org.apache.lucene.search.FilteredQuery",9,0.06,1.22,39,0.42,11759.68,11,2,5,25,21,144.57,27,58,14,2,123.96,0.00,0.50,0.56,1,0.00,2,1254.06,2,4,7,org.apache.lucene.search.Query,0.17,16,1,11,0,16,5,0,8,297,1
"org.apache.lucene.search.FilteredQuery$Weight",6,0.80,2.17,40,0.53,22987.79,7,1,5,21,8,113.58,3,56,0,1,113.58,0.00,0.00,0.33,0,14.00,5,1576.65,0,2,8,java.lang.Object,0.00,15,0,13,0,15,4,0,3,313,0
"org.apache.lucene.search.FilteredQuery$Weight$Scorer",5,0.50,1.80,19,0.28,10602.46,6,1,5,12,0,126.87,0,30,0,1,126.87,0.00,0.00,0.60,0,2.00,3,851.20,0,0,0,java.lang.Object,0.00,7,0,9,0,7,5,0,0,194,0
"org.apache.lucene.search.FilteredTermEnum",9,0.06,1.89,34,0.31,9488.96,11,2,3,13,21,169.14,23,49,19,2,129.25,9.00,0.09,0.44,2,4.00,6,941.68,0,1,2,org.apache.lucene.index.TermEnum,0.62,4,1,17,9,4,8,0,13,226,2
"org.apache.lucene.search.FuzzyLikeThisQuery",9,0.16,4.33,141,2.08,146710.03,17,8,13,60,16,61.40,58,193,3,2,93.62,0.00,0.50,0.26,1,2.00,12,6234.60,1,2,13,org.apache.lucene.search.Query,0.09,51,1,39,0,51,7,0,32,1079,1
"org.apache.lucene.search.FuzzyLikeThisQuery$FieldVals",3,1.00,5.33,32,0.42,20772.02,7,4,13,7,0,103.07,0,52,0,1,103.07,0.00,0.00,0.92,0,0.00,12,1256.70,0,0,0,java.lang.Object,0.00,4,0,16,0,4,3,0,0,266,0
"org.apache.lucene.search.FuzzyLikeThisQuery$FuzzyTermQuery",2,1.00,1.00,9,0.07,1130.62,3,1,13,3,3,126.87,0,17,0,3,126.87,0.00,0.67,0.00,0,2.00,1,204.14,1,1,3,org.apache.lucene.search.TermQuery,0.13,1,2,2,0,1,1,0,0,55,2
"org.apache.lucene.search.FuzzyLikeThisQuery$FuzzyTermQuery$SimilarityDelegator",2,0.00,1.50,7,0.05,820.89,2,0,13,2,0,182.53,2,15,0,1,132.53,0.00,0.00,0.00,0,2.00,2,160.88,1,0,0,java.lang.Object,0.00,0,0,3,0,0,2,0,2,44,0
"org.apache.lucene.search.FuzzyLikeThisQuery$ScoreTerm",1,3.00,1.00,8,0.06,948.88,4,3,13,1,1,113.87,0,10,0,1,113.87,0.00,0.00,0.00,0,1.00,1,171.73,0,0,1,java.lang.Object,0.00,0,0,1,0,0,1,0,0,47,2
"org.apache.lucene.search.FuzzyLikeThisQuery$ScoreTermQueue",2,0.00,1.50,5,0.09,2781.31,2,0,13,3,1,184.93,3,12,0,2,134.93,0.00,0.50,0.00,0,2.00,2,259.43,1,0,1,org.apache.lucene.util.PriorityQueue,0.00,1,1,3,0,1,2,0,1,64,2
"org.apache.lucene.search.FuzzyLikeThisQueryTest",7,0.21,1.00,74,1.25,34715.09,11,4,11,33,13,104.60,4,89,0,2,104.60,0.00,0.50,0.43,1,0.00,1,3740.44,2,0,13,org.apache.lucene.util.LuceneTestCase,0.00,26,1,7,0,26,7,0,4,689,1
"org.apache.lucene.search.FuzzyQuery",11,0.14,2.45,62,0.83,30822.35,18,7,4,28,25,117.81,53,95,19,3,117.57,0.00,0.67,0.27,0,21.00,9,2500.22,4,3,7,org.apache.lucene.search.MultiTermQuery,0.09,17,2,27,0,17,8,0,9,527,1
"org.apache.lucene.search.FuzzyTermEnum",9,0.16,2.67,84,1.33,140719.34,19,10,3,22,5,82.01,132,102,2,3,102.15,0.00,0.67,0.24,1,10.00,11,3999.48,2,0,4,org.apache.lucene.search.FilteredTermEnum,0.41,13,2,24,0,13,9,0,44,754,2
"org.apache.lucene.search.HitQueue",3,1.00,1.67,9,0.13,4048.54,4,1,1,4,7,108.29,43,18,5,2,128.44,0.00,0.50,0.33,0,4.00,2,396.56,1,1,2,org.apache.lucene.util.PriorityQueue,0.12,1,1,5,0,1,2,0,5,96,1
"org.apache.lucene.search.IndexSearcher",33,0.01,2.06,242,3.09,179670.44,42,9,22,84,196,67.60,259,312,172,2,109.89,3.00,0.20,0.12,5,277.00,8,9278.39,0,6,24,Searcher,0.00,51,1,68,3,51,27,0,51,1790,1
"org.apache.lucene.search.IndexSearcher$Callable<Integer>",1,0.00,1.00,3,0.03,323.26,1,0,22,3,0,133.44,0,4,0,1,133.44,0.00,0.00,0.00,0,1.00,1,88.18,0,1,0,java.lang.Object,0.00,2,0,1,0,2,0,0,0,25,0
"org.apache.lucene.search.IndexSearcher$MultiSearcherCallableNoSort",2,0.71,2.00,30,0.32,10435.78,9,7,22,6,6,147.70,3,35,0,1,97.70,0.00,0.00,0.50,0,2.00,3,970.41,0,0,6,java.lang.Object,0.00,4,0,4,0,4,2,1,3,199,3
"org.apache.lucene.search.IndexSearcher$MultiSearcherCallableWithSort",3,0.33,2.33,48,0.63,27490.50,12,9,22,14,8,115.30,11,53,0,1,94.69,0.00,0.00,0.33,0,5.00,5,1875.70,0,1,8,java.lang.Object,0.00,11,0,7,0,11,2,1,5,351,3
"org.apache.lucene.search.IndexSearcher$MultiSearcherCallableWithSort$ExecutionHelper",6,0.20,1.50,21,0.22,4174.99,8,2,22,13,1,130.72,1,34,0,1,130.72,0.00,0.00,0.33,2,6.00,4,654.18,0,1,1,java.lang.Object,0.00,7,0,9,0,7,5,2,1,157,3
"org.apache.lucene.search.IndexSearcher$MultiSearcherCallableWithSort$FakeScorer",6,0.40,1.00,15,0.10,1207.84,8,2,22,7,1,141.63,0,27,0,3,141.63,0.00,0.67,0.17,0,14.00,1,297.76,0,0,1,org.apache.lucene.search.Scorer,0.79,1,2,6,0,1,6,0,0,88,2
"org.apache.lucene.search.JustCompileSearch",0,0.00,0.00,21,0.30,5452.31,1,1,8,0,7,171.00,7,34,0,1,171.00,0.00,0.00,0.00,0,0.00,0,888.53,0,0,7,java.lang.Object,0.00,0,0,0,0,0,0,0,1,153,1
"org.apache.lucene.search.JustCompileSearch$JustCompileCollector",4,0.00,1.00,9,0.10,1274.88,4,0,8,5,3,140.06,0,19,0,2,140.06,0.00,0.50,0.00,0,0.00,1,297.24,0,0,3,org.apache.lucene.search.Collector,0.50,1,1,4,0,1,4,0,0,77,2
"org.apache.lucene.search.JustCompileSearch$JustCompileDocIdSet",1,0.00,1.00,3,0.03,333.41,1,0,8,2,2,133.33,0,6,0,2,133.33,0.00,0.50,0.00,0,0.00,1,80.57,0,1,2,org.apache.lucene.search.DocIdSet,0.00,1,1,1,0,1,0,0,0,23,2
"org.apache.lucene.search.JustCompileSearch$JustCompileDocIdSetIterator",3,0.00,1.00,7,0.07,905.87,3,0,8,4,1,140.24,0,14,0,2,140.24,0.00,0.50,0.00,0,0.00,1,201.08,0,0,1,org.apache.lucene.search.DocIdSetIterator,1.00,1,1,3,0,1,3,0,0,55,2
"org.apache.lucene.search.JustCompileSearch$JustCompileExtendedFieldCacheDoubleParser",1,0.00,1.00,3,0.03,225.40,1,0,8,2,0,134.67,0,5,0,1,134.67,0.00,0.00,0.00,0,0.00,1,75.13,0,0,0,java.lang.Object,0.00,1,0,1,0,1,1,1,0,22,2
"org.apache.lucene.search.JustCompileSearch$JustCompileExtendedFieldCacheLongParser",1,0.00,1.00,3,0.03,225.40,1,0,8,2,0,134.67,0,5,0,1,134.67,0.00,0.00,0.00,0,0.00,1,75.13,0,0,0,java.lang.Object,0.00,1,0,1,0,1,1,1,0,22,2
"org.apache.lucene.search.JustCompileSearch$JustCompileFieldComparator",6,0.00,1.00,13,0.15,2207.53,6,0,8,7,2,139.57,0,27,0,2,139.57,0.00,0.50,0.00,0,0.00,1,462.24,0,1,2,org.apache.lucene.search.FieldComparator,0.67,1,1,6,0,1,5,0,0,118,2
"org.apache.lucene.search.JustCompileSearch$JustCompileFieldComparatorSource",1,0.00,1.00,3,0.04,535.66,1,0,8,2,2,131.71,0,7,0,2,131.71,0.00,0.50,0.00,0,0.00,1,125.07,0,1,2,org.apache.lucene.search.FieldComparatorSource,0.00,1,1,1,0,1,0,0,0,31,2
"org.apache.lucene.search.JustCompileSearch$JustCompileFilter",1,0.00,1.00,3,0.03,277.57,1,0,8,1,3,173.85,2,6,0,2,133.96,0.00,0.50,0.00,0,1.00,1,76.76,0,1,3,org.apache.lucene.search.Filter,0.00,0,1,1,0,0,0,0,2,22,2
"org.apache.lucene.search.JustCompileSearch$JustCompileFilteredDocIdSet",2,0.00,1.00,5,0.04,367.80,2,0,8,3,2,141.94,0,9,0,3,141.94,0.00,0.67,0.00,0,2.00,1,110.57,0,0,2,org.apache.lucene.search.FilteredDocIdSet,0.50,1,2,2,0,1,2,0,0,33,2
"org.apache.lucene.search.JustCompileSearch$JustCompileFilteredDocIdSetIterator",2,0.00,1.00,5,0.04,367.80,2,0,8,3,2,141.94,0,9,0,3,141.94,0.00,0.67,0.00,0,2.00,1,110.57,0,0,2,org.apache.lucene.search.FilteredDocIdSetIterator,0.30,1,2,2,0,1,2,0,0,33,2
"org.apache.lucene.search.JustCompileSearch$JustCompileFilteredTermEnum",3,0.00,1.00,7,0.06,714.39,3,0,8,4,2,141.05,0,14,0,3,141.05,0.00,0.67,0.00,0,0.00,1,180.95,0,0,2,org.apache.lucene.search.FilteredTermEnum,0.38,1,2,3,0,1,3,0,0,51,2
"org.apache.lucene.search.JustCompileSearch$JustCompilePhraseScorer",2,0.00,1.00,5,0.06,640.43,2,0,8,3,3,140.04,0,10,0,4,140.04,0.00,0.75,0.00,0,2.00,1,171.38,0,0,3,org.apache.lucene.search.PhraseScorer,0.14,1,3,2,0,1,2,0,0,46,2
"org.apache.lucene.search.JustCompileSearch$JustCompileQuery",1,0.00,1.00,3,0.03,325.43,1,0,8,2,1,133.42,0,6,0,2,133.42,0.00,0.50,0.00,0,0.00,1,78.86,0,1,1,org.apache.lucene.search.Query,0.00,1,1,1,0,1,0,0,0,23,2
"org.apache.lucene.search.JustCompileSearch$JustCompileScorer",6,0.00,1.00,13,0.13,1706.94,6,0,8,7,3,140.45,0,26,0,3,140.45,0.00,0.67,0.00,0,0.00,1,385.45,0,0,3,org.apache.lucene.search.Scorer,0.63,1,2,6,0,1,6,0,0,103,2
"org.apache.lucene.search.JustCompileSearch$JustCompileSearcher",20,0.00,1.00,41,0.55,7263.39,20,0,8,21,13,139.61,0,88,0,2,139.61,0.00,0.50,0.00,0,0.00,1,1643.51,0,12,13,Searcher,0.00,1,1,20,0,1,8,0,0,399,2
"org.apache.lucene.search.JustCompileSearch$JustCompileSimilarity",6,0.00,1.00,13,0.14,1740.73,6,0,8,7,2,140.38,0,26,0,2,140.38,0.00,0.50,0.00,0,0.00,1,411.63,0,0,2,org.apache.lucene.search.Similarity,0.40,1,1,6,0,1,6,0,0,109,2
"org.apache.lucene.search.JustCompileSearch$JustCompileSpanFilter",2,0.00,1.00,5,0.05,601.57,2,0,8,3,4,140.26,0,10,0,3,140.26,0.00,0.67,0.00,0,2.00,1,148.76,0,2,4,org.apache.lucene.search.SpanFilter,0.00,1,2,2,0,1,0,0,0,40,2
"org.apache.lucene.search.JustCompileSearch$JustCompileTopDocsCollector",8,0.00,1.00,17,0.18,2266.05,8,0,8,9,6,140.46,0,34,0,3,140.46,0.00,0.67,0.00,0,0.00,1,537.21,0,3,6,org.apache.lucene.search.TopDocsCollector,0.79,1,2,8,0,1,5,0,0,141,2
"org.apache.lucene.search.JustCompileSearch$JustCompileWeight",6,0.00,1.00,13,0.14,1807.41,6,0,8,7,5,140.25,0,27,0,2,140.25,0.00,0.50,0.00,0,0.00,1,418.72,0,3,5,org.apache.lucene.search.Weight,0.62,1,1,6,0,1,3,0,0,109,2
"org.apache.lucene.search.MatchAllDocsQuery",7,1.00,1.14,22,0.22,4385.58,8,1,6,14,43,181.15,7,35,37,2,131.15,0.00,0.50,0.00,0,7.00,2,674.56,1,2,6,org.apache.lucene.search.Query,0.19,7,1,8,0,7,5,0,2,169,1
"org.apache.lucene.search.MatchAllDocsQuery$MatchAllDocsWeight",8,0.14,1.25,26,0.29,5617.54,11,3,6,15,8,130.74,1,46,0,2,130.74,0.00,0.50,0.21,0,26.00,2,859.93,0,4,8,org.apache.lucene.search.Weight,0.53,7,1,10,0,7,4,0,1,206,1
"org.apache.lucene.search.MatchAllDocsQuery$MatchAllScorer",5,0.19,1.60,18,0.23,4606.63,9,4,6,11,5,129.75,0,29,0,3,129.75,0.00,0.67,0.40,0,4.00,2,700.09,0,0,5,org.apache.lucene.search.Scorer,0.67,6,2,8,0,6,5,0,0,163,1
"org.apache.lucene.search.MockFilter",3,0.00,1.00,9,0.06,664.83,4,1,3,5,5,134.73,0,14,1,2,134.73,0.00,0.50,1.00,0,0.00,1,177.45,0,1,4,org.apache.lucene.search.Filter,0.00,2,1,3,0,2,2,0,0,50,1
"org.apache.lucene.search.MultiCollector",6,1.00,3.33,48,0.41,26575.12,7,1,4,12,6,108.56,26,64,3,2,108.32,0.00,0.50,0.00,0,6.00,10,1219.71,0,1,3,org.apache.lucene.search.Collector,0.40,6,1,20,0,6,5,0,6,265,1
"org.apache.lucene.search.MultiCollectorTest",3,0.00,1.67,29,0.35,10564.34,3,0,6,12,4,147.24,8,37,0,2,107.36,0.00,0.50,0.00,0,3.00,2,1041.20,0,0,4,org.apache.lucene.util.LuceneTestCase,0.00,9,1,5,0,9,3,0,8,215,1
"org.apache.lucene.search.MultiCollectorTest$DummyCollector",4,0.00,1.00,14,0.13,1804.77,8,4,6,4,3,132.30,0,24,0,2,132.30,0.00,0.50,0.25,0,12.00,1,377.39,0,0,3,org.apache.lucene.search.Collector,0.50,0,1,4,0,0,4,0,0,97,2
"org.apache.lucene.search.MultiPhraseQuery",15,0.02,2.53,107,1.44,76127.90,19,4,9,47,30,130.70,45,137,20,2,110.08,0.00,0.50,0.23,2,60.00,8,4332.41,1,3,10,org.apache.lucene.search.Query,0.14,32,1,38,0,32,12,0,15,867,1
"org.apache.lucene.search.MultiPhraseQuery$MultiPhraseWeight",7,0.19,3.14,103,1.56,111403.48,13,6,9,40,15,144.90,12,130,0,2,94.90,0.00,0.50,0.33,0,1.00,9,4670.44,0,2,15,org.apache.lucene.search.Weight,0.57,33,1,22,0,33,5,0,12,803,1
"org.apache.lucene.search.MultiTermQuery",10,0.06,1.50,43,0.49,16929.41,14,4,5,18,48,102.88,144,63,43,2,123.02,7.00,0.11,0.20,0,22.00,6,1474.13,1,3,7,org.apache.lucene.search.Query,0.08,8,1,15,7,8,7,0,16,323,2
"org.apache.lucene.search.MultiTermQuery$ConstantScoreAutoRewrite",0,0.00,0.00,1,0.02,186.81,0,0,5,0,1,171.00,0,1,0,4,171.00,0.00,0.75,0.00,0,0.00,0,51.89,0,0,1,org.apache.lucene.search.ConstantScoreAutoRewrite,0.00,0,3,0,0,0,0,0,0,15,2
"org.apache.lucene.search.MultiTermQuery$ConstantScoreAutoRewrite_1",3,0.00,1.00,7,0.05,559.34,3,0,5,4,0,141.89,1,12,0,1,141.89,0.00,0.00,0.00,0,3.00,1,153.84,0,1,0,java.lang.Object,0.00,1,0,3,0,1,2,0,1,44,0
"org.apache.lucene.search.MultiTermQuery$RewriteMethod",1,0.00,1.00,2,0.02,179.55,1,0,5,1,3,142.02,0,3,0,1,142.02,0.00,0.00,0.00,0,1.00,1,67.02,0,1,3,java.lang.Object,0.00,0,0,1,0,0,0,1,0,20,3
"org.apache.lucene.search.MultiTermQuery$RewriteMethod_0",2,0.00,1.00,7,0.07,1568.92,2,0,5,6,5,130.41,1,10,0,1,130.41,0.00,0.00,0.00,0,2.00,1,203.90,0,2,5,java.lang.Object,0.00,4,0,2,0,4,0,0,1,50,0
"org.apache.lucene.search.MultiTermQuery$TopTermsBoostOnlyBooleanQueryRewrite",4,0.00,1.00,11,0.12,1919.04,4,0,5,10,6,188.66,7,19,0,4,138.66,0.00,0.75,0.00,0,4.00,1,371.14,0,0,6,org.apache.lucene.search.TopTermsRewrite,0.62,6,3,4,0,6,4,0,1,92,3
"org.apache.lucene.search.MultiTermQuery$TopTermsScoringBooleanQueryRewrite",4,0.00,1.00,11,0.12,1893.88,4,0,5,9,4,188.70,7,19,0,4,138.70,0.00,0.75,0.00,0,4.00,1,352.43,0,0,4,org.apache.lucene.search.TopTermsRewrite,0.62,5,3,4,0,5,4,0,1,89,3
"org.apache.lucene.search.MultiTermQueryWrapperFilter",7,0.17,2.14,48,0.54,33359.99,8,1,6,25,12,94.96,39,67,5,2,112.83,3.00,0.20,0.86,1,0.00,6,1630.21,0,1,7,org.apache.lucene.search.Filter,0.00,18,1,15,3,18,6,0,8,325,1
"org.apache.lucene.search.MultiThreadTermVectorsReader",5,0.00,2.40,53,0.53,18371.58,9,4,9,21,7,105.42,3,54,1,1,105.42,0.00,0.00,0.25,1,6.00,4,1584.90,0,0,6,java.lang.Object,0.00,16,0,12,0,16,5,1,3,326,0
"org.apache.lucene.search.NumericRangeFilter",15,0.00,1.00,31,0.60,17312.17,15,0,3,26,11,117.78,83,67,7,3,135.66,0.00,0.67,0.00,0,33.00,1,1808.22,0,9,5,org.apache.lucene.search.MultiTermQueryWrapperFilter,0.00,11,2,15,0,11,6,0,16,426,2
"org.apache.lucene.search.NumericRangeQuery",20,0.02,1.90,74,1.46,64616.48,27,7,10,36,24,76.94,201,134,15,3,125.42,0.00,0.67,0.16,1,130.00,7,4370.78,4,11,10,org.apache.lucene.search.MultiTermQuery,0.07,16,2,38,0,16,9,0,24,905,2
"org.apache.lucene.search.NumericRangeQuery$NumericRangeTermEnum",7,0.04,5.00,82,1.04,81689.98,11,4,10,28,5,120.37,24,112,0,3,99.76,0.00,0.67,0.21,2,19.00,23,3107.06,1,0,5,org.apache.lucene.search.FilteredTermEnum,0.60,21,2,35,0,21,7,0,19,583,2
"org.apache.lucene.search.NumericRangeQuery$NumericRangeTermEnum$NumericUtils.IntRangeBuilder",1,0.00,1.00,4,0.04,629.26,1,0,10,1,0,126.50,0,6,0,1,126.50,0.00,0.00,0.00,0,0.00,1,113.18,0,0,0,java.lang.Object,0.00,0,0,1,0,0,1,0,0,31,0
"org.apache.lucene.search.NumericRangeQuery$NumericRangeTermEnum$NumericUtils.LongRangeBuilder",1,0.00,1.00,4,0.04,629.26,1,0,10,1,0,126.50,0,6,0,1,126.50,0.00,0.00,0.00,0,0.00,1,113.18,0,0,0,java.lang.Object,0.00,0,0,1,0,0,1,0,0,31,0
"org.apache.lucene.search.PhrasePositions",5,0.28,1.60,37,0.28,4832.81,13,8,2,11,4,116.10,24,46,3,1,115.86,0.00,0.00,0.35,1,0.00,2,842.66,0,0,1,java.lang.Object,0.00,6,0,8,0,6,5,0,17,197,1
"org.apache.lucene.search.PhraseQuery",13,0.12,2.15,88,1.21,65873.51,18,5,9,37,48,133.24,45,113,40,2,112.62,0.00,0.50,0.31,2,2.00,8,3617.97,2,3,8,org.apache.lucene.search.Query,0.15,24,1,28,0,24,10,0,13,727,1
"org.apache.lucene.search.PhraseQuery$PhraseWeight",8,0.14,2.50,98,1.52,113638.98,14,6,9,38,13,147.83,10,126,0,2,97.83,0.00,0.50,0.29,0,8.00,7,4568.35,0,2,13,org.apache.lucene.search.Weight,0.53,30,1,20,0,30,6,0,10,774,1
"org.apache.lucene.search.PhraseQuery$PostingsAndFreq",4,0.42,3.75,34,0.39,16315.68,8,4,9,8,2,108.58,0,43,0,1,108.58,0.00,0.00,0.56,0,0.00,9,1182.23,0,0,2,java.lang.Object,0.00,4,0,15,0,4,4,1,0,266,1
"org.apache.lucene.search.PhraseQueue",2,0.00,2.50,12,0.14,8137.34,2,0,1,2,3,163.34,2,21,1,2,113.34,0.00,0.50,0.00,0,2.00,4,427.10,1,0,2,org.apache.lucene.util.PriorityQueue,0.00,0,1,5,0,0,2,0,2,102,1
"org.apache.lucene.search.PhraseScorer",13,0.15,2.38,94,0.91,27092.47,21,8,1,25,7,133.76,45,116,2,3,113.14,1.00,0.40,0.26,4,5.00,5,2729.65,1,1,5,org.apache.lucene.search.Scorer,0.58,12,2,31,2,12,12,0,28,585,1
"org.apache.lucene.search.PositiveScoresOnlyCollector",5,0.00,1.20,15,0.16,2692.20,7,2,2,11,5,181.65,7,26,1,2,131.65,0.00,0.50,0.50,0,0.00,2,468.86,0,0,4,org.apache.lucene.search.Collector,0.67,6,1,6,0,6,5,0,3,120,1
"org.apache.lucene.search.PrefixFilter",3,0.00,1.00,11,0.10,2058.03,3,0,1,9,4,180.87,5,14,1,3,130.87,0.00,0.67,0.00,1,4.00,1,285.89,0,2,3,org.apache.lucene.search.MultiTermQueryWrapperFilter,0.27,6,2,3,0,6,1,0,2,76,1
"org.apache.lucene.search.PrefixQuery",6,0.20,2.33,31,0.37,13907.84,7,1,4,17,25,168.23,9,46,19,3,118.23,0.00,0.67,0.83,0,0.00,7,1120.52,3,3,6,org.apache.lucene.search.MultiTermQuery,0.10,11,2,14,0,11,3,0,4,251,1
"org.apache.lucene.search.PrefixTermEnum",5,0.12,1.20,17,0.17,3294.41,7,2,3,10,4,180.96,8,27,1,3,130.96,0.00,0.67,0.40,0,6.00,2,513.11,1,1,3,org.apache.lucene.search.FilteredTermEnum,0.33,5,2,6,0,5,4,0,1,127,1
"org.apache.lucene.search.Query",14,0.77,2.21,87,0.98,51386.05,15,1,5,39,347,81.50,89,106,344,1,113.72,0.00,0.00,0.29,2,38.00,8,2952.33,1,7,6,java.lang.Object,0.00,25,0,31,50,25,7,2,17,607,2
"org.apache.lucene.search.QueryTermVector",10,0.11,2.30,78,0.98,57599.67,12,2,12,35,6,159.67,10,94,1,1,109.67,0.00,0.00,0.40,1,10.00,6,2938.01,0,3,5,java.lang.Object,0.00,25,0,23,0,25,7,1,4,574,1
"org.apache.lucene.search.QueryUtils",13,0.00,3.08,129,2.47,166742.21,13,0,18,72,36,70.57,79,197,20,1,102.80,0.00,0.00,0.00,9,13.00,7,7416.22,0,2,17,java.lang.Object,0.00,59,0,40,0,59,11,0,35,1379,1
"org.apache.lucene.search.QueryUtils$Collector",4,0.11,4.25,42,1.03,76045.25,7,3,18,17,5,149.67,4,67,0,1,99.67,0.00,0.00,0.25,0,6.00,12,3083.66,0,0,5,java.lang.Object,0.00,13,0,17,0,13,4,0,4,505,0
"org.apache.lucene.search.QueryUtils$Collector_0",4,0.50,2.00,33,0.62,28260.00,6,2,18,14,5,106.84,3,43,0,1,106.84,0.00,0.00,0.12,0,6.00,3,1860.71,0,0,5,java.lang.Object,0.00,10,0,8,0,10,4,0,3,336,0
"org.apache.lucene.search.QueryUtils$Query",1,0.00,1.00,3,0.02,200.88,1,0,18,1,0,135.07,0,5,0,1,135.07,0.00,0.00,0.00,0,1.00,1,52.97,0,1,0,java.lang.Object,0.00,0,0,1,0,0,0,0,0,17,0
"org.apache.lucene.search.QueryWrapperFilter",5,0.25,1.20,14,0.15,2930.14,6,1,2,9,16,177.82,13,25,10,2,137.93,0.00,0.50,0.80,1,0.00,2,458.53,0,1,6,org.apache.lucene.search.Filter,0.00,4,1,6,0,4,4,0,2,116,1
"org.apache.lucene.search.QueryWrapperFilter$DocIdSet",2,0.00,1.00,5,0.04,494.19,2,0,2,3,1,140.93,0,7,0,1,140.93,0.00,0.00,0.00,0,2.00,1,122.20,0,1,1,java.lang.Object,0.00,1,0,2,0,1,1,0,0,34,0
"org.apache.lucene.search.RemoteCachingWrapperFilterHelper",3,1.00,1.67,17,0.18,4883.31,4,1,3,10,5,169.52,4,24,1,2,119.52,0.00,0.50,0.33,0,4.00,3,536.16,0,1,4,RemoteCachingWrapperFilter,0.00,7,1,5,0,7,2,0,1,118,1
"org.apache.lucene.search.RemoteTestCase",3,0.00,2.00,14,0.19,3574.17,4,1,12,11,3,144.77,9,23,3,2,124.16,3.00,0.20,1.00,0,0.00,4,575.37,0,0,0,org.apache.lucene.util.LuceneTestCase,0.00,8,1,6,3,8,3,0,3,127,2
"org.apache.lucene.search.RemoteTestCase$RMIClientSocketFactory",1,0.00,1.00,3,0.03,354.66,1,0,12,2,0,133.12,0,3,0,1,133.12,0.00,0.00,0.00,0,1.00,1,76.53,0,1,0,java.lang.Object,0.00,1,0,1,0,1,0,0,0,22,0
"org.apache.lucene.search.RemoteTestCase$TestRMIServerSocketFactory",1,0.00,1.00,4,0.03,431.51,2,1,12,2,0,127.79,0,6,0,1,127.79,0.00,0.00,1.00,0,0.00,1,101.53,0,1,0,java.lang.Object,0.00,1,0,1,0,1,0,1,0,29,0
"org.apache.lucene.search.ReqExclScorer",6,0.27,2.67,47,0.41,17969.79,9,3,1,12,3,94.00,32,67,1,3,111.87,0.00,0.67,0.56,0,0.00,5,1235.39,0,0,2,org.apache.lucene.search.Scorer,0.63,6,2,16,0,6,6,0,11,283,0
"org.apache.lucene.search.ReqOptSumScorer",5,0.00,1.60,23,0.24,9999.95,7,2,1,9,2,143.05,17,38,1,3,122.44,0.00,0.67,0.50,0,0.00,4,721.20,0,0,1,org.apache.lucene.search.Scorer,0.67,4,2,8,0,4,5,0,4,171,0
"org.apache.lucene.search.ScoreCachingWrappingScorer",8,0.05,1.12,25,0.25,4793.91,11,3,1,13,6,181.30,12,42,3,3,131.30,0.00,0.67,0.38,0,0.00,2,751.70,0,1,3,org.apache.lucene.search.Scorer,0.71,5,2,9,0,5,7,0,2,191,1
"org.apache.lucene.search.ScoreDoc",2,0.00,1.00,8,0.07,881.69,4,2,0,2,98,90.16,24,12,98,1,127.72,0.00,0.00,0.50,0,2.00,1,212.57,0,1,0,java.lang.Object,0.00,0,0,2,2,0,1,1,6,57,1
"org.apache.lucene.search.Scorer",10,0.50,1.70,42,0.44,12225.72,12,2,2,17,152,74.11,97,61,149,2,124.11,34.00,0.03,0.05,1,26.00,6,1318.24,0,1,5,org.apache.lucene.search.DocIdSetIterator,0.00,7,1,17,34,7,9,0,13,298,2
"org.apache.lucene.search.Scorer$ScorerVisitor",3,0.00,1.00,4,0.06,473.29,3,0,2,3,0,111.40,21,5,0,2,153.69,0.00,0.50,0.00,0,3.00,1,178.89,0,0,0,Scorer>,0.00,0,1,3,0,0,3,0,3,50,3
"org.apache.lucene.search.ScoringRewrite",1,0.00,1.00,11,0.14,4207.77,1,0,4,5,5,153.61,25,16,1,3,103.62,0.00,0.67,0.00,0,1.00,1,433.21,2,0,5,org.apache.lucene.search.TermCollectingRewrite,0.00,4,2,1,0,4,1,0,4,94,2
"org.apache.lucene.search.ScoringRewrite$RewriteMethod",2,0.00,1.50,9,0.10,2856.48,2,0,4,8,5,173.61,3,13,0,1,123.61,0.00,0.00,0.00,0,2.00,2,313.76,0,2,5,java.lang.Object,0.00,6,0,3,0,6,0,0,3,70,0
"org.apache.lucene.search.ScoringRewrite$ScoringRewrite<BooleanQuery>",3,0.00,1.00,9,0.09,1564.99,3,0,4,7,3,131.80,1,14,0,1,131.80,0.00,0.00,0.00,0,3.00,1,277.84,0,1,3,java.lang.Object,0.00,4,0,3,0,4,2,0,1,69,0
"org.apache.lucene.search.ScoringRewrite$TermCollector",1,0.00,1.00,5,0.05,797.99,1,0,4,3,1,122.07,0,6,0,1,122.07,0.00,0.00,0.00,0,1.00,1,145.55,0,0,1,java.lang.Object,0.00,2,0,1,0,2,1,0,0,34,0
"org.apache.lucene.search.Similarity",19,0.14,1.11,62,0.78,24197.67,25,6,8,31,94,104.98,763,84,90,1,128.73,0.00,0.00,0.04,2,75.00,2,2325.88,0,4,5,java.lang.Object,0.00,12,0,21,12,12,15,1,27,525,2
"org.apache.lucene.search.Similarity$IDFExplanation",2,0.00,1.00,5,0.04,441.31,2,0,8,2,0,141.31,0,9,0,1,141.31,0.00,0.00,0.00,0,2.00,1,118.77,0,1,0,java.lang.Object,0.00,0,0,2,0,0,1,0,0,34,0
"org.apache.lucene.search.Similarity$IDFExplanation_0",2,0.00,1.00,5,0.03,359.83,2,0,8,3,0,142.01,0,9,0,1,142.01,0.00,0.00,0.00,0,2.00,1,94.73,0,1,0,java.lang.Object,0.00,1,0,2,0,1,1,0,0,29,0
"org.apache.lucene.search.SingleDocTestFilter",2,1.00,1.00,8,0.08,1394.58,3,1,4,6,5,126.15,0,12,1,2,126.15,0.00,0.50,0.50,0,2.00,1,232.48,0,1,4,org.apache.lucene.search.Filter,0.00,4,1,2,0,4,1,0,0,58,1
"org.apache.lucene.search.SingleTermEnum",4,0.17,1.25,17,0.13,1934.79,6,2,3,6,5,147.97,13,26,2,3,127.35,0.00,0.67,0.38,0,4.00,2,379.96,1,0,3,org.apache.lucene.search.FilteredTermEnum,0.35,2,2,5,0,2,4,0,2,97,1
"org.apache.lucene.search.SloppyPhraseScorer",5,0.06,7.40,119,1.39,164696.54,9,4,2,16,6,64.03,74,130,2,4,84.17,0.00,0.75,0.30,1,1.00,19,4158.23,0,0,4,org.apache.lucene.search.PhraseScorer,0.13,11,3,37,0,11,5,0,33,758,1
"org.apache.lucene.search.Sort",9,0.25,1.44,32,0.33,10484.43,12,3,2,16,50,84.84,99,45,49,1,128.97,0.00,0.00,0.11,1,18.00,3,988.24,0,2,1,java.lang.Object,0.00,7,0,13,0,7,7,1,12,236,1
"org.apache.lucene.search.SortField",20,0.08,2.70,126,2.20,107993.69,39,19,4,50,77,70.06,145,195,73,1,112.35,0.00,0.00,0.13,1,176.00,16,6585.68,0,4,4,java.lang.Object,0.00,30,0,54,1,30,16,1,46,1264,1
"org.apache.lucene.search.SpanFilter",1,0.00,1.00,2,0.02,132.18,1,0,2,1,7,122.92,14,3,4,2,143.07,3.00,0.20,0.00,0,1.00,1,52.87,0,1,3,org.apache.lucene.search.Filter,0.00,0,1,1,3,0,0,0,2,17,2
"org.apache.lucene.search.SpanFilterResult",3,0.25,1.00,12,0.09,1291.58,5,2,2,3,7,95.58,18,17,6,1,127.80,0.00,0.00,0.33,0,5.00,1,257.40,0,1,1,java.lang.Object,0.00,0,0,3,0,0,2,0,5,69,1
"org.apache.lucene.search.SpanFilterResult$PositionInfo",4,0.00,1.00,12,0.10,1251.72,6,2,2,7,0,183.55,4,18,0,1,133.55,0.00,0.00,0.50,0,0.00,1,286.93,0,1,0,java.lang.Object,0.00,3,0,4,0,3,3,0,1,77,2
"org.apache.lucene.search.SpanFilterResult$StartEnd",3,0.25,1.00,10,0.06,763.50,5,2,2,3,0,174.14,8,15,0,1,134.26,0.00,0.00,0.33,0,5.00,1,167.02,0,0,0,java.lang.Object,0.00,0,0,3,0,0,3,0,2,51,2
"org.apache.lucene.search.SpanQueryFilter",8,0.43,1.25,31,0.39,14978.35,9,1,7,22,10,177.38,14,50,3,3,127.38,0.00,0.67,0.62,2,0.00,3,1163.91,0,4,7,org.apache.lucene.search.SpanFilter,0.00,14,2,10,0,14,4,0,2,249,1
"org.apache.lucene.search.TermCollectingRewrite",3,0.00,1.33,12,0.17,4922.38,3,0,3,9,7,123.16,2,17,3,2,123.16,6.00,0.12,0.00,0,3.00,2,503.17,0,0,4,MultiTermQuery.RewriteMethod,0.00,6,1,4,6,6,3,0,2,108,1
"org.apache.lucene.search.TermCollectingRewrite$TermCollector",1,0.00,1.00,2,0.01,64.83,1,0,3,1,1,195.50,1,3,0,1,145.50,0.00,0.00,0.00,0,1.00,1,43.22,0,0,1,,0.00,0,0,1,0,0,1,0,1,15,1
"org.apache.lucene.search.TermQuery",7,0.50,1.29,25,0.30,8405.01,8,1,9,19,156,178.89,8,39,149,2,128.89,1.00,0.33,0.57,2,3.00,2,898.75,1,3,7,org.apache.lucene.search.Query,0.19,12,1,9,1,12,4,0,6,213,1
"org.apache.lucene.search.TermQuery$TermWeight",8,0.16,2.00,83,1.33,97618.92,15,7,9,41,11,101.36,7,110,0,2,101.36,0.00,0.50,0.29,0,8.00,6,3978.85,0,4,11,org.apache.lucene.search.Weight,0.53,33,1,16,0,33,4,0,7,697,1
"org.apache.lucene.search.TermQuery$TermWeight$ReaderUtil.Gather",1,0.00,2.00,6,0.08,1964.08,1,0,9,3,1,115.88,0,9,0,1,115.88,0.00,0.00,0.00,0,0.00,2,228.87,0,0,1,java.lang.Object,0.00,2,0,2,0,2,1,0,0,51,0
"org.apache.lucene.search.TermRangeFilter",10,0.00,1.00,21,0.20,2683.13,10,0,1,18,16,122.77,54,23,14,3,140.65,0.00,0.67,0.00,0,0.00,1,606.14,0,6,2,org.apache.lucene.search.MultiTermQueryWrapperFilter,0.00,8,2,10,0,8,4,0,11,168,1
"org.apache.lucene.search.TermRangeQuery",12,0.24,3.33,72,0.95,50394.37,18,6,4,23,33,80.94,72,93,28,3,113.16,0.00,0.67,0.39,1,0.00,18,2842.39,3,6,5,org.apache.lucene.search.MultiTermQuery,0.08,11,2,40,0,11,6,0,10,608,1
"org.apache.lucene.search.TermRangeTermEnum",4,0.19,4.25,50,0.68,63895.44,11,7,5,12,5,53.18,46,77,1,3,97.31,0.00,0.67,0.29,0,4.00,11,2049.06,1,0,4,org.apache.lucene.search.FilteredTermEnum,0.35,8,2,17,0,8,4,0,10,403,1
"org.apache.lucene.search.TermScorer",9,0.22,2.22,78,0.84,31915.96,20,11,2,19,6,91.30,49,97,1,3,109.18,0.00,0.67,0.28,1,2.00,4,2530.92,0,1,5,org.apache.lucene.search.Scorer,0.68,10,2,20,0,10,8,0,22,516,1
"org.apache.lucene.search.TermsFilter",4,0.67,2.25,32,0.40,14345.60,5,1,8,17,10,129.75,15,53,4,2,109.13,0.00,0.50,0.50,0,4.00,3,1185.58,0,1,6,org.apache.lucene.search.Filter,0.00,13,1,9,0,13,3,0,3,246,1
"org.apache.lucene.search.TermsFilterTest",2,0.00,1.50,44,0.67,29632.61,2,0,9,23,9,137.99,2,46,0,2,87.99,0.00,0.50,0.00,0,2.00,2,2018.69,0,0,9,org.apache.lucene.util.LuceneTestCase,0.00,21,1,3,0,21,2,0,2,362,1
"org.apache.lucene.search.TestBoolean2",16,0.05,1.81,179,2.52,127622.37,25,9,17,61,28,151.29,17,218,1,2,101.29,0.00,0.50,0.16,2,52.00,9,7567.76,0,2,27,org.apache.lucene.util.LuceneTestCase,0.00,45,1,29,0,45,14,0,15,1353,1
"org.apache.lucene.search.TestBoolean2$Callback",1,0.00,1.00,2,0.01,52.70,1,0,17,1,1,146.21,0,3,0,1,146.21,0.00,0.00,0.00,0,1.00,1,31.26,0,0,1,,0.00,0,0,1,0,0,1,0,0,12,2
"org.apache.lucene.search.TestBoolean2$DefaultSimilarity",1,0.00,1.00,3,0.03,601.38,1,0,17,1,0,131.32,0,5,0,1,131.32,0.00,0.00,0.00,0,1.00,1,93.95,0,0,0,java.lang.Object,0.00,0,0,1,0,0,1,0,0,26,0
"org.apache.lucene.search.TestBooleanMinShouldMatch",19,0.20,1.68,207,4.01,167206.11,22,3,9,54,15,84.64,112,242,0,2,102.52,0.00,0.50,0.14,2,63.00,9,12041.00,2,0,15,org.apache.lucene.util.LuceneTestCase,0.00,35,1,32,0,35,19,0,111,2279,1
"org.apache.lucene.search.TestBooleanMinShouldMatch$TestBoolean2.Callback",1,0.00,3.00,10,0.12,3530.76,1,0,9,5,2,105.51,0,9,0,1,105.51,0.00,0.00,0.00,0,1.00,3,345.51,0,0,2,java.lang.Object,0.00,4,0,3,0,4,1,0,0,72,0
"org.apache.lucene.search.TestBooleanOr",8,0.33,1.00,74,1.11,32361.15,17,9,8,26,12,127.62,29,93,0,2,107.00,0.00,0.50,0.40,0,4.00,1,3332.09,2,0,12,org.apache.lucene.util.LuceneTestCase,0.00,18,1,8,0,18,8,0,9,702,1
"org.apache.lucene.search.TestBooleanQuery",4,0.00,1.50,90,1.63,71423.64,4,0,13,41,16,137.35,7,98,0,2,87.35,0.00,0.50,0.00,0,4.00,2,4892.96,0,0,16,org.apache.lucene.util.LuceneTestCase,0.00,37,1,6,0,37,4,0,7,850,1
"org.apache.lucene.search.TestBooleanScorer",2,0.00,2.50,42,0.74,31312.00,4,2,9,24,14,128.32,4,45,0,2,88.44,0.00,0.50,0.50,0,2.00,3,2231.10,0,0,14,org.apache.lucene.util.LuceneTestCase,0.00,22,1,5,0,22,2,0,4,382,1
"org.apache.lucene.search.TestCachingCollector",5,0.25,3.20,69,0.86,34496.73,6,1,7,18,5,119.57,19,68,0,2,98.95,0.00,0.50,0.80,0,0.00,4,2572.41,0,0,5,org.apache.lucene.util.LuceneTestCase,0.00,13,1,16,0,13,5,0,19,493,1
"org.apache.lucene.search.TestCachingCollector$Collector",4,1.00,1.00,9,0.09,1066.58,5,1,7,5,2,140.67,0,15,0,1,140.67,0.00,0.00,0.25,0,6.00,1,263.74,0,0,2,java.lang.Object,0.00,1,0,4,0,1,4,0,0,72,0
"org.apache.lucene.search.TestCachingCollector$MockScorer",5,0.00,1.00,11,0.08,896.67,5,0,7,5,1,142.02,0,13,0,3,142.02,0.00,0.67,0.00,0,5.00,1,234.91,0,0,1,org.apache.lucene.search.Scorer,0.67,0,2,5,0,0,5,0,0,69,2
"org.apache.lucene.search.TestCachingCollector$NoOpCollector",5,1.00,1.00,9,0.09,861.68,6,1,7,5,3,153.39,0,16,0,2,153.39,0.00,0.50,0.20,0,8.00,1,256.21,0,0,3,org.apache.lucene.search.Collector,0.44,0,1,5,0,0,5,0,0,74,2
"org.apache.lucene.search.TestCachingSpanFilter",2,0.00,1.50,69,1.15,60741.35,2,0,13,31,18,28.48,19,74,0,2,78.48,0.00,0.50,0.00,0,2.00,2,3438.49,0,1,18,org.apache.lucene.util.LuceneTestCase,0.00,29,1,3,0,29,1,0,19,554,1
"org.apache.lucene.search.TestCachingWrapperFilter",7,0.00,1.29,149,2.32,141949.88,7,0,14,50,24,87.94,32,159,0,2,87.70,0.00,0.50,0.00,1,7.00,2,6968.95,0,1,24,org.apache.lucene.util.LuceneTestCase,0.00,43,1,9,0,43,6,0,32,1194,1
"org.apache.lucene.search.TestCachingWrapperFilter$Filter",1,0.00,1.00,3,0.02,175.12,1,0,14,1,2,135.54,0,5,0,1,135.54,0.00,0.00,0.00,0,1.00,1,54.60,0,1,2,java.lang.Object,0.00,0,0,1,0,0,0,0,0,17,0
"org.apache.lucene.search.TestCachingWrapperFilter$Filter_0",1,0.00,1.00,3,0.02,161.45,1,0,14,2,2,135.81,0,5,0,1,135.81,0.00,0.00,0.00,0,1.00,1,49.51,0,1,2,java.lang.Object,0.00,1,0,1,0,1,0,0,0,16,0
"org.apache.lucene.search.TestCachingWrapperFilter$Filter_0$DocIdSet",1,0.00,1.00,3,0.01,149.03,1,0,14,1,1,136.09,0,5,0,1,136.09,0.00,0.00,0.00,0,1.00,1,44.54,0,1,1,java.lang.Object,0.00,0,0,1,0,0,0,0,0,15,0
"org.apache.lucene.search.TestCachingWrapperFilter$Filter_1",1,0.00,1.00,3,0.02,238.65,1,0,14,2,3,134.48,0,5,0,1,134.48,0.00,0.00,0.00,0,1.00,1,63.51,0,1,3,java.lang.Object,0.00,1,0,1,0,1,0,0,0,19,0
"org.apache.lucene.search.TestComplexExplanations",24,0.00,1.00,138,2.26,78216.94,24,0,2,47,10,117.26,20,180,0,3,117.26,0.50,0.50,0.00,1,128.00,1,6765.70,9,1,10,org.apache.lucene.search.TestExplanations,0.12,23,2,24,1,23,23,0,13,1314,1
"org.apache.lucene.search.TestComplexExplanations$DefaultSimilarity",1,0.00,1.00,3,0.02,200.88,1,0,2,1,0,185.07,1,5,0,1,135.07,0.00,0.00,0.00,0,1.00,1,52.97,0,0,0,java.lang.Object,0.00,0,0,1,0,0,1,0,1,17,0
"org.apache.lucene.search.TestComplexExplanationsOfNonMatches",1,0.00,1.00,3,0.04,549.65,1,0,0,2,3,180.90,24,7,0,4,131.62,0.00,0.75,0.00,0,0.00,1,119.24,0,0,3,org.apache.lucene.search.TestComplexExplanations,0.00,1,3,1,0,1,1,0,3,30,1
"org.apache.lucene.search.TestConstantScoreQuery",3,0.00,2.00,49,0.88,45536.89,3,0,8,31,16,143.00,4,55,0,2,93.00,0.00,0.50,0.00,1,3.00,4,2634.80,0,0,16,org.apache.lucene.util.LuceneTestCase,0.00,28,1,6,0,28,3,0,3,470,1
"org.apache.lucene.search.TestConstantScoreQuery$Collector",4,1.00,1.25,14,0.19,4472.50,5,1,8,9,3,129.14,0,23,0,1,129.14,0.00,0.00,0.00,0,4.00,2,555.57,0,0,3,java.lang.Object,0.00,5,0,5,0,5,4,0,0,126,0
"org.apache.lucene.search.TestConstantScoreQuery$DefaultSimilarity",1,0.00,1.00,3,0.02,200.88,1,0,8,1,0,135.07,0,5,0,1,135.07,0.00,0.00,0.00,0,1.00,1,52.97,0,0,0,java.lang.Object,0.00,0,0,1,0,0,1,0,0,17,0
"org.apache.lucene.search.TestCustomSearcherSort",8,0.04,2.38,88,1.32,60018.14,12,4,15,41,12,59.15,56,110,0,2,101.44,0.00,0.50,0.28,3,0.00,5,3955.87,2,0,12,org.apache.lucene.util.LuceneTestCase,0.00,33,1,19,0,33,8,1,44,735,1
"org.apache.lucene.search.TestCustomSearcherSort$CustomSearcher",3,0.50,1.00,15,0.26,5681.72,4,1,15,8,10,101.25,17,25,0,3,119.12,0.00,0.67,0.67,0,1.00,1,779.83,1,2,10,org.apache.lucene.search.IndexSearcher,0.00,5,2,3,0,5,1,0,3,162,1
"org.apache.lucene.search.TestCustomSearcherSort$RandomGen",2,0.00,1.00,7,0.08,1012.32,4,2,15,6,1,131.91,1,11,0,1,131.91,0.00,0.00,0.50,0,2.00,1,246.16,0,1,1,java.lang.Object,0.00,4,0,2,0,4,1,0,1,62,1
"org.apache.lucene.search.TestDateFilter",2,0.00,1.00,63,1.38,61030.02,2,0,9,21,12,79.58,32,83,0,2,80.05,0.00,0.50,0.00,0,2.00,1,4136.97,0,0,12,org.apache.lucene.util.LuceneTestCase,0.00,19,1,2,0,19,2,0,23,674,1
"org.apache.lucene.search.TestDateSort",4,0.42,1.25,50,0.73,18501.80,8,4,13,26,13,102.07,16,56,0,2,101.83,0.00,0.50,0.56,1,0.00,2,2178.72,2,1,13,org.apache.lucene.util.LuceneTestCase,0.00,22,1,5,0,22,3,0,13,406,1
"org.apache.lucene.search.TestDisjunctionMaxQuery",15,0.16,2.00,255,4.75,230056.99,20,5,11,58,20,112.60,52,336,0,2,91.98,0.00,0.50,0.35,2,0.00,3,14246.35,2,2,20,org.apache.lucene.util.LuceneTestCase,0.00,43,1,30,0,43,13,0,41,2416,1
"org.apache.lucene.search.TestDisjunctionMaxQuery$TestSimilarity",4,0.00,1.25,8,0.08,1227.53,4,0,11,5,2,140.14,1,16,0,3,140.14,0.00,0.67,0.00,0,4.00,2,239.43,0,0,2,org.apache.lucene.search.DefaultSimilarity,0.19,1,2,5,0,1,4,0,1,66,2
"org.apache.lucene.search.TestDocBoost",1,0.00,2.00,34,0.47,23699.08,1,0,7,19,8,29.26,9,36,0,2,79.26,0.00,0.50,0.00,0,1.00,2,1397.37,0,0,8,org.apache.lucene.util.LuceneTestCase,0.00,18,1,2,0,18,1,0,5,239,1
"org.apache.lucene.search.TestDocBoost$Collector",4,0.17,1.00,11,0.11,1635.14,6,2,7,5,2,139.21,0,19,0,1,139.21,0.00,0.00,0.38,0,4.00,1,330.56,0,0,2,java.lang.Object,0.00,1,0,4,0,1,4,0,0,85,0
"org.apache.lucene.search.TestDocIdSet",2,0.00,3.00,38,0.63,25579.87,2,0,12,33,10,130.59,4,45,0,2,90.71,0.00,0.50,0.00,0,2.00,5,1885.52,0,0,10,org.apache.lucene.util.LuceneTestCase,0.00,31,1,6,0,31,2,0,4,328,1
"org.apache.lucene.search.TestDocIdSet$DocIdSet",1,0.00,1.00,3,0.01,138.80,1,0,12,2,1,136.33,0,5,0,1,136.33,0.00,0.00,0.00,0,1.00,1,39.70,0,1,1,java.lang.Object,0.00,1,0,1,0,1,0,0,0,14,0
"org.apache.lucene.search.TestDocIdSet$DocIdSet$DocIdSetIterator",3,0.00,1.67,10,0.09,1823.63,4,1,12,3,0,131.16,0,16,0,1,131.16,0.00,0.00,1.00,0,0.00,2,270.60,0,0,0,java.lang.Object,0.00,0,0,5,0,0,3,0,0,70,0
"org.apache.lucene.search.TestDocIdSet$Filter",1,0.00,1.00,3,0.02,240.44,1,0,12,1,2,134.45,0,5,0,1,134.45,0.00,0.00,0.00,0,1.00,1,65.11,0,1,2,java.lang.Object,0.00,0,0,1,0,0,0,0,0,19,0
"org.apache.lucene.search.TestDocIdSet$FilteredDocIdSet",1,0.00,1.00,3,0.03,358.99,1,0,12,1,0,183.08,1,5,0,1,133.08,0.00,0.00,0.00,0,1.00,1,78.03,0,0,0,java.lang.Object,0.00,0,0,1,0,0,1,0,1,22,0
"org.apache.lucene.search.TestElevationComparator",4,0.67,1.75,59,1.10,41253.17,5,1,10,36,18,117.13,14,63,0,2,96.51,0.00,0.50,0.50,3,4.00,2,3313.95,0,2,18,org.apache.lucene.util.LuceneTestCase,0.00,32,1,7,0,32,2,0,4,585,1
"org.apache.lucene.search.TestExplanations",24,0.04,1.08,91,1.19,30300.75,32,8,16,48,22,168.65,64,121,2,2,128.76,6.00,0.12,0.08,8,130.00,2,3563.08,2,17,20,org.apache.lucene.util.LuceneTestCase,0.00,24,1,26,6,24,7,0,26,800,1
"org.apache.lucene.search.TestExplanations$ItemizedFilter",3,0.00,1.33,13,0.12,4244.92,3,0,16,3,1,123.66,0,15,0,3,123.66,0.00,0.67,0.00,0,4.00,2,351.62,0,1,1,org.apache.lucene.search.FieldCacheTermsFilter,0.00,0,2,4,0,0,2,0,0,87,2
"org.apache.lucene.search.TestFieldCache",4,0.33,2.75,97,1.91,159374.02,7,3,9,28,6,83.06,0,92,0,2,83.06,0.00,0.50,0.58,0,0.00,7,5729.27,2,0,6,org.apache.lucene.util.LuceneTestCase,0.00,24,1,11,0,24,4,0,0,958,1
"org.apache.lucene.search.TestFieldCacheRangeFilter",8,0.00,1.12,365,9.95,1371767.67,8,0,9,54,13,88.70,30,380,0,3,68.09,0.00,0.67,0.00,0,0.00,2,29837.92,1,0,13,org.apache.lucene.search.BaseTestRangeFilter,0.00,46,2,9,0,46,8,0,22,4730,1
"org.apache.lucene.search.TestFieldCacheTermsFilter",1,0.00,2.00,35,0.59,32082.57,1,0,8,21,9,45.54,6,35,0,2,77.76,0.00,0.50,0.00,0,1.00,2,1773.42,0,0,9,org.apache.lucene.util.LuceneTestCase,0.00,20,1,2,0,20,1,0,2,290,1
"org.apache.lucene.search.TestFilteredQuery",9,0.18,1.11,111,1.88,73480.19,14,5,10,38,20,139.80,23,126,0,2,99.91,0.00,0.50,0.36,2,0.00,2,5654.91,2,2,20,org.apache.lucene.util.LuceneTestCase,0.00,29,1,10,0,29,7,0,12,1031,1
"org.apache.lucene.search.TestFilteredQuery$Filter",1,0.00,1.00,6,0.06,1079.33,1,0,10,4,3,118.09,0,8,0,1,118.09,0.00,0.00,0.00,0,1.00,1,166.12,0,1,3,java.lang.Object,0.00,3,0,1,0,3,0,0,0,40,0
"org.apache.lucene.search.TestFilteredQuery$Filter_0",1,0.00,1.00,5,0.05,888.96,1,0,10,4,3,121.71,0,7,0,1,121.71,0.00,0.00,0.00,0,1.00,1,141.98,0,1,3,java.lang.Object,0.00,3,0,1,0,3,0,0,0,35,0
"org.apache.lucene.search.TestFilteredSearch",2,1.00,2.50,36,0.56,15791.45,3,1,15,29,14,113.89,7,41,0,2,93.27,0.00,0.50,0.50,1,2.00,4,1667.37,0,0,14,org.apache.lucene.util.LuceneTestCase,0.00,27,1,5,0,27,2,0,5,296,1
"org.apache.lucene.search.TestFilteredSearch$SimpleDocIdSetFilter",4,0.11,2.25,28,0.31,15196.52,7,3,15,12,4,111.10,0,34,0,2,111.10,0.00,0.50,0.42,0,2.00,5,916.07,0,1,4,org.apache.lucene.search.Filter,0.00,8,1,9,0,8,3,0,0,191,3
"org.apache.lucene.search.TestFuzzyQuery",6,0.00,1.67,265,5.41,1002098.96,6,0,13,33,13,36.23,37,272,0,2,68.45,0.00,0.50,0.00,1,6.00,3,16236.16,0,0,13,org.apache.lucene.util.LuceneTestCase,0.00,27,1,10,0,27,6,0,34,2693,1
"org.apache.lucene.search.TestLocaleMethods",7,0.53,2.00,87,1.14,38172.21,13,6,13,34,18,121.77,21,91,0,2,101.16,0.00,0.50,0.62,1,0.00,3,3427.79,0,0,18,org.apache.lucene.util.LuceneTestCase,0.00,27,1,14,0,27,7,0,4,648,1
"org.apache.lucene.search.TestLocaleMethods$FieldComparatorSource",1,0.00,1.00,3,0.04,790.00,1,0,13,2,1,130.38,0,5,0,1,130.38,0.00,0.00,0.00,0,0.00,1,132.86,0,1,1,java.lang.Object,0.00,1,0,1,0,1,0,0,0,32,0
"org.apache.lucene.search.TestMatchAllDocsQuery",3,1.00,1.00,66,1.29,68044.42,4,1,11,37,15,107.24,11,71,0,2,86.62,0.00,0.50,0.33,1,4.00,1,3871.83,0,0,15,org.apache.lucene.util.LuceneTestCase,0.00,34,1,3,0,34,3,0,8,653,1
"org.apache.lucene.search.TestMultiPhraseQuery",10,0.00,1.30,175,2.68,116254.56,10,0,12,51,14,132.91,26,197,0,2,93.03,0.00,0.50,0.00,1,10.00,4,8039.18,0,0,14,org.apache.lucene.util.LuceneTestCase,0.00,41,1,13,0,41,10,0,22,1412,1
"org.apache.lucene.search.TestMultiPhraseQuery$DefaultSimilarity",1,0.00,1.00,3,0.03,408.14,1,0,12,2,0,132.64,0,6,0,1,132.64,0.00,0.00,0.00,0,1.00,1,87.23,0,1,0,java.lang.Object,0.00,1,0,1,0,1,0,0,0,23,0
"org.apache.lucene.search.TestMultiPhraseQuery$DefaultSimilarity$IDFExplanation",2,0.00,1.00,5,0.03,286.06,2,0,12,2,0,142.80,0,9,0,1,142.80,0.00,0.00,0.00,0,2.00,1,81.08,0,1,0,java.lang.Object,0.00,0,0,2,0,0,1,0,0,26,0
"org.apache.lucene.search.TestMultiSearcher",10,0.00,1.90,245,4.27,267263.29,10,0,20,69,19,36.40,81,259,0,2,84.51,1.00,0.33,0.00,4,10.00,4,12799.57,0,1,19,org.apache.lucene.util.LuceneTestCase,0.00,59,1,19,1,59,9,0,69,2105,1
"org.apache.lucene.search.TestMultiSearcher$DefaultSimilarity",6,0.00,1.00,13,0.11,1288.75,6,0,20,7,1,141.41,1,13,0,1,141.41,0.00,0.00,0.00,0,6.00,1,325.89,0,0,1,java.lang.Object,0.00,1,0,6,0,1,6,0,1,91,0
"org.apache.lucene.search.TestMultiSearcherRanking",13,0.01,1.38,83,1.05,36679.68,19,6,9,31,10,164.73,25,100,0,2,114.73,0.00,0.50,0.18,4,41.00,6,3153.17,2,0,10,org.apache.lucene.util.LuceneTestCase,0.00,18,1,18,0,18,13,0,7,641,1
"org.apache.lucene.search.TestMultiTermConstantScore",20,0.21,1.30,382,8.34,920780.38,23,3,15,54,19,107.13,61,430,0,3,86.52,0.00,0.67,0.13,4,48.00,3,25011.72,1,5,19,org.apache.lucene.search.BaseTestRangeFilter,0.00,34,2,26,0,34,15,0,61,4273,1
"org.apache.lucene.search.TestMultiTermConstantScore$Collector",4,0.17,1.00,11,0.12,1507.02,6,2,15,6,2,139.48,0,19,0,1,139.48,0.00,0.00,0.38,0,4.00,1,348.13,0,0,2,java.lang.Object,0.00,2,0,4,0,2,4,0,0,89,0
"org.apache.lucene.search.TestMultiThreadTermVectors",4,0.11,3.50,60,0.64,31819.11,7,3,9,22,9,146.12,6,66,0,2,96.12,0.00,0.50,0.25,0,0.00,6,1906.12,2,0,9,org.apache.lucene.util.LuceneTestCase,0.00,18,1,14,0,18,4,0,6,366,1
"org.apache.lucene.search.TestMultiValuedNumericRangeQuery",1,0.00,5.00,41,0.70,35857.80,1,0,12,26,12,56.73,5,38,0,2,74.60,0.00,0.50,0.00,0,1.00,5,2107.17,0,0,12,org.apache.lucene.util.LuceneTestCase,0.00,25,1,5,0,25,1,0,1,329,1
"org.apache.lucene.search.TestNot",1,0.00,1.00,17,0.26,5196.61,1,0,8,18,10,63.62,6,19,0,2,95.84,0.00,0.50,0.00,0,1.00,1,775.15,0,0,10,org.apache.lucene.util.LuceneTestCase,0.00,17,1,1,0,17,1,0,2,138,1
"org.apache.lucene.search.TestNumericRangeQuery32",38,0.00,1.55,380,7.24,517300.61,44,6,15,104,27,101.04,25,469,0,2,101.04,0.00,0.50,0.17,8,210.00,7,21720.10,1,0,27,org.apache.lucene.util.LuceneTestCase,0.00,66,1,59,0,66,38,0,25,3778,1
"org.apache.lucene.search.TestNumericRangeQuery64",43,0.03,1.44,370,7.00,495797.03,49,6,14,101,25,105.24,22,469,0,2,105.24,0.00,0.50,0.14,7,274.00,7,21001.16,1,0,25,org.apache.lucene.util.LuceneTestCase,0.00,58,1,62,0,58,43,0,22,3676,1
"org.apache.lucene.search.TestParallelMultiSearcher",2,0.00,1.50,12,0.15,2747.38,3,1,7,8,2,167.17,3,17,0,3,117.17,0.00,0.67,1.00,0,0.00,2,439.26,1,0,2,org.apache.lucene.search.TestMultiSearcher,0.25,6,2,3,0,6,2,0,1,97,1
"org.apache.lucene.search.TestPhrasePrefixQuery",1,0.00,2.00,43,0.82,52870.79,1,0,10,26,10,22.72,9,52,0,2,72.71,0.00,0.50,0.00,0,1.00,2,2450.01,0,0,10,org.apache.lucene.util.LuceneTestCase,0.00,25,1,2,0,25,1,0,5,390,1
"org.apache.lucene.search.TestPhraseQuery",19,0.12,1.58,427,7.08,389118.28,24,5,16,75,21,69.00,99,447,0,2,86.87,0.00,0.50,0.32,0,0.00,12,21247.68,2,0,21,org.apache.lucene.util.LuceneTestCase,0.00,56,1,30,0,56,19,0,72,3668,1
"org.apache.lucene.search.TestPhraseQuery$Analyzer",2,0.00,1.00,5,0.04,500.23,2,0,16,3,2,140.89,0,9,0,1,140.89,0.00,0.00,0.00,0,2.00,1,130.60,0,1,2,java.lang.Object,0.00,1,0,2,0,1,1,0,0,36,0
"org.apache.lucene.search.TestPositionIncrement",2,0.00,2.50,157,2.74,227231.37,2,0,32,48,31,40.26,28,165,1,2,60.40,0.00,0.50,0.00,0,2.00,4,8226.78,0,0,30,org.apache.lucene.util.LuceneTestCase,0.00,46,1,5,0,46,2,0,23,1304,1
"org.apache.lucene.search.TestPositionIncrement$Analyzer",1,0.00,1.00,3,0.02,189.62,1,0,32,2,0,135.26,0,5,0,1,135.26,0.00,0.00,0.00,0,1.00,1,59.81,0,1,0,java.lang.Object,0.00,1,0,1,0,1,0,0,0,18,0
"org.apache.lucene.search.TestPositionIncrement$Analyzer$TokenStream",1,0.00,2.00,15,0.19,4321.38,7,6,32,5,3,98.34,0,18,0,1,98.34,0.00,0.00,1.00,0,0.00,2,579.58,0,0,3,java.lang.Object,0.00,4,0,2,0,4,1,0,0,119,0
"org.apache.lucene.search.TestPositionIncrement$PayloadFilter",2,1.33,2.50,31,0.31,7691.28,8,6,32,9,7,98.69,0,38,0,4,98.69,0.00,0.75,0.83,0,0.00,4,917.75,0,0,7,org.apache.lucene.analysis.TokenFilter,0.29,7,3,5,0,7,2,0,0,184,1
"org.apache.lucene.search.TestPositionIncrement$StopWhitespaceAnalyzer",2,0.00,1.50,8,0.12,2355.12,4,2,32,7,5,124.27,0,13,0,2,124.27,0.00,0.50,0.50,0,2.00,2,350.60,0,1,5,org.apache.lucene.search.Analyzer,0.00,5,1,3,0,5,1,0,0,79,2
"org.apache.lucene.search.TestPositionIncrement$TestPayloadAnalyzer",1,0.00,1.00,4,0.05,871.05,1,0,32,3,2,125.39,0,7,0,2,125.39,0.00,0.50,0.00,0,1.00,1,147.28,0,1,2,org.apache.lucene.search.Analyzer,0.00,2,1,1,0,2,0,0,0,36,1
"org.apache.lucene.search.TestPositiveScoresOnlyCollector",1,0.00,5.00,35,0.53,22766.68,2,1,6,21,14,60.85,5,37,0,2,78.72,0.00,0.50,1.00,0,0.00,5,1584.06,0,0,14,org.apache.lucene.util.LuceneTestCase,0.00,20,1,5,0,20,1,0,5,264,1
"org.apache.lucene.search.TestPositiveScoresOnlyCollector$SimpleScorer",5,0.25,1.60,13,0.15,3184.60,6,1,6,5,2,137.58,0,17,0,3,137.58,0.00,0.67,0.80,0,0.00,2,450.94,0,0,2,org.apache.lucene.search.Scorer,0.67,0,2,8,0,0,5,0,0,111,3
"org.apache.lucene.search.TestPrefixFilter",1,0.00,2.00,54,0.95,65729.00,1,0,7,18,11,38.90,13,57,0,2,68.28,0.00,0.50,0.00,0,1.00,2,2835.17,0,0,11,org.apache.lucene.util.LuceneTestCase,0.00,17,1,2,0,17,1,0,10,463,1
"org.apache.lucene.search.TestPrefixInBooleanQuery",6,0.45,1.33,53,0.77,26574.11,10,4,7,23,11,158.53,10,74,0,2,108.53,0.00,0.50,0.62,0,0.00,3,2319.59,2,0,11,org.apache.lucene.util.LuceneTestCase,0.00,17,1,8,0,17,6,0,1,459,1
"org.apache.lucene.search.TestPrefixQuery",1,0.00,2.00,24,0.37,12389.07,1,0,7,17,9,87.36,4,26,0,2,87.12,0.00,0.50,0.00,0,1.00,2,1111.08,0,0,9,org.apache.lucene.util.LuceneTestCase,0.00,16,1,2,0,16,1,0,1,190,1
"org.apache.lucene.search.TestPrefixRandom",2,1.33,1.50,33,0.49,17989.02,5,3,10,17,9,134.74,5,37,0,2,94.85,0.00,0.50,1.00,0,0.00,2,1468.61,2,0,9,org.apache.lucene.util.LuceneTestCase,0.00,15,1,3,0,15,2,0,2,263,1
"org.apache.lucene.search.TestPrefixRandom$DumbPrefixQuery",5,0.50,1.20,23,0.25,4739.09,6,1,10,12,7,125.06,4,28,0,3,125.06,0.00,0.67,0.60,0,5.00,2,745.79,0,2,7,org.apache.lucene.search.MultiTermQuery,0.00,7,2,6,0,7,3,0,2,173,1
"org.apache.lucene.search.TestPrefixRandom$DumbPrefixQuery$SimplePrefixTermEnum",4,0.17,1.25,16,0.15,2902.43,6,2,10,9,3,125.96,0,26,0,3,125.96,0.00,0.67,0.38,0,4.00,2,463.08,1,0,3,org.apache.lucene.search.FilteredTermEnum,0.35,5,2,5,0,5,4,0,0,114,1
"org.apache.lucene.search.TestQueryTermVector",2,0.00,1.50,26,0.36,13368.48,2,0,2,8,2,99.23,1,27,0,2,99.23,0.00,0.50,0.00,1,2.00,2,1081.11,0,0,2,org.apache.lucene.util.LuceneTestCase,0.00,6,1,3,0,6,2,0,1,216,1
"org.apache.lucene.search.TestQueryWrapperFilter",1,0.00,1.00,38,0.67,26777.44,1,0,9,23,13,59.33,5,41,0,2,77.20,0.00,0.50,0.00,0,1.00,1,2021.49,0,0,13,org.apache.lucene.util.LuceneTestCase,0.00,22,1,1,0,22,1,0,5,347,1
"org.apache.lucene.search.TestRemoteCachingWrapperFilter",4,0.00,1.00,52,0.98,48168.27,6,2,9,30,15,117.93,14,62,0,3,97.31,0.00,0.67,0.50,1,4.00,1,2945.90,2,0,15,org.apache.lucene.search.RemoteTestCase,0.00,26,2,4,0,26,4,0,12,567,1
"org.apache.lucene.search.TestRemoteSearchable",8,0.29,1.00,60,1.11,40026.11,10,2,11,39,15,110.35,5,82,0,3,110.35,0.00,0.67,0.25,1,16.00,1,3323.28,2,0,15,org.apache.lucene.search.RemoteTestCase,0.00,31,2,8,0,31,8,0,5,635,1
"org.apache.lucene.search.TestRemoteSort",13,0.06,3.08,201,4.79,426833.81,22,9,16,63,15,111.92,40,230,0,3,91.31,0.00,0.67,0.16,6,55.00,12,14375.32,3,4,15,org.apache.lucene.search.RemoteTestCase,0.00,50,2,40,0,50,9,0,36,2463,1
"org.apache.lucene.search.TestRemoteSort$MyFieldComparator",7,0.17,1.00,18,0.20,3342.16,10,3,16,10,2,138.67,0,32,0,2,138.67,0.00,0.50,0.48,0,0.00,1,602.14,0,1,2,org.apache.lucene.search.FieldComparator,0.62,3,1,7,0,3,6,0,0,154,1
"org.apache.lucene.search.TestRemoteSort$MyFieldComparator$FieldCache.IntParser",1,0.00,1.00,3,0.03,465.57,1,0,16,2,0,132.19,0,4,0,1,132.19,0.00,0.00,0.00,0,1.00,1,101.35,0,0,0,java.lang.Object,0.00,1,0,1,0,1,1,0,0,27,0
"org.apache.lucene.search.TestRemoteSort$MyFieldComparatorSource",1,0.00,1.00,3,0.04,439.67,1,0,16,2,2,132.39,0,7,0,2,132.39,0.00,0.50,0.00,0,1.00,1,107.25,0,1,2,org.apache.lucene.search.FieldComparatorSource,0.00,1,1,1,0,1,0,0,0,28,1
"org.apache.lucene.search.TestScoreCachingWrappingScorer",1,0.00,3.00,16,0.22,6446.09,2,1,3,6,2,145.83,1,19,0,2,95.83,0.00,0.50,1.00,0,0.00,3,658.76,0,0,2,org.apache.lucene.util.LuceneTestCase,0.00,5,1,3,0,5,1,0,1,129,1
"org.apache.lucene.search.TestScoreCachingWrappingScorer$ScoreCachingCollector",5,0.08,1.20,18,0.19,4719.02,8,3,3,7,4,129.73,2,26,0,2,129.73,0.00,0.50,0.27,0,7.00,2,563.45,0,0,4,org.apache.lucene.search.Collector,0.44,2,1,6,0,2,5,0,2,136,3
"org.apache.lucene.search.TestScoreCachingWrappingScorer$SimpleScorer",5,0.12,1.60,14,0.16,3495.01,7,2,3,5,1,137.26,4,18,0,3,137.26,0.00,0.67,0.40,0,0.00,2,488.16,0,0,1,org.apache.lucene.search.Scorer,0.67,0,2,8,0,0,5,0,4,119,3
"org.apache.lucene.search.TestScorerPerf",11,0.08,3.82,198,2.64,141044.06,16,5,12,51,15,43.04,119,194,0,2,91.52,0.00,0.50,0.27,3,35.00,7,7912.56,0,3,15,org.apache.lucene.util.LuceneTestCase,0.00,40,1,42,0,40,8,0,21,1398,1
"org.apache.lucene.search.TestScorerPerf$CountingHitCollector",6,0.00,1.00,16,0.12,1649.61,9,3,12,6,3,140.56,1,22,0,2,140.56,0.00,0.50,0.33,0,10.00,1,368.46,0,0,3,org.apache.lucene.search.Collector,0.40,0,1,6,0,0,6,0,1,101,2
"org.apache.lucene.search.TestScorerPerf$Filter",1,0.00,1.00,3,0.02,255.67,1,0,12,2,3,134.24,0,5,0,1,134.24,0.00,0.00,0.00,0,1.00,1,68.92,0,1,3,java.lang.Object,0.00,1,0,1,0,1,0,0,0,20,0
"org.apache.lucene.search.TestScorerPerf$MatchingHitCollector",2,0.00,1.50,10,0.11,2339.41,4,2,12,4,0,120.67,0,14,0,2,120.67,0.00,0.50,0.50,0,2.00,2,335.01,1,0,0,org.apache.lucene.search.CountingHitCollector,0.00,2,1,3,0,2,2,0,0,78,2
"org.apache.lucene.search.TestSearchWithThreads",1,2.00,9.00,50,0.71,37699.78,4,3,10,30,7,110.97,2,46,0,2,71.08,0.00,0.50,0.33,0,0.00,9,2144.85,0,0,7,org.apache.lucene.util.LuceneTestCase,0.00,29,1,9,0,29,1,0,2,340,1
"org.apache.lucene.search.TestSearchWithThreads$Thread",1,0.00,3.00,17,0.24,12376.81,2,1,10,11,3,92.62,0,22,0,1,92.62,0.00,0.00,1.00,0,0.00,3,729.61,0,0,3,java.lang.Object,0.00,10,0,3,0,10,1,0,0,136,0
"org.apache.lucene.search.TestSetNorm",1,0.00,2.00,30,0.43,18201.82,1,0,8,20,10,34.09,8,32,0,2,82.19,0.00,0.50,0.00,0,1.00,2,1289.39,0,0,10,org.apache.lucene.util.LuceneTestCase,0.00,19,1,2,0,19,1,0,4,216,1
"org.apache.lucene.search.TestSetNorm$Collector",4,0.17,1.00,11,0.11,1635.14,6,2,8,5,2,139.21,0,19,0,1,139.21,0.00,0.00,0.38,0,4.00,1,330.56,0,0,2,java.lang.Object,0.00,1,0,4,0,1,4,0,0,85,0
"org.apache.lucene.search.TestSimilarity",1,0.00,1.00,32,0.52,14655.49,1,0,12,26,13,33.94,8,37,0,2,82.05,0.00,0.50,0.00,0,1.00,1,1559.48,0,0,13,org.apache.lucene.util.LuceneTestCase,0.00,25,1,1,0,25,1,0,4,269,1
"org.apache.lucene.search.TestSimilarity$Collector",4,1.00,1.00,9,0.09,1086.57,5,1,12,6,2,140.60,0,16,0,1,140.60,0.00,0.00,0.25,0,6.00,1,262.95,0,0,2,java.lang.Object,0.00,2,0,4,0,2,4,0,0,71,0
"org.apache.lucene.search.TestSimilarity$Collector_0",4,0.17,1.00,11,0.11,1562.01,6,2,12,6,2,139.36,1,19,0,1,139.36,0.00,0.00,0.38,0,4.00,1,343.73,0,0,2,java.lang.Object,0.00,2,0,4,0,2,4,0,1,88,0
"org.apache.lucene.search.TestSimilarity$Collector_1",4,1.00,1.00,9,0.09,1086.57,5,1,12,6,2,140.60,1,16,0,1,140.60,0.00,0.00,0.25,0,6.00,1,262.95,0,0,2,java.lang.Object,0.00,2,0,4,0,2,4,0,1,71,0
"org.apache.lucene.search.TestSimilarity$Collector_2",4,1.00,1.00,9,0.09,1086.57,5,1,12,6,2,140.60,1,16,0,1,140.60,0.00,0.00,0.25,0,6.00,1,262.95,0,0,2,java.lang.Object,0.00,2,0,4,0,2,4,0,1,71,0
"org.apache.lucene.search.TestSimilarity$SimpleSimilarity",7,0.00,1.00,15,0.14,1759.86,7,0,12,9,2,140.87,0,11,0,2,140.87,0.00,0.50,0.00,0,7.00,1,414.98,0,1,2,org.apache.lucene.search.Similarity,0.38,2,1,7,0,2,6,0,0,113,2
"org.apache.lucene.search.TestSimilarity$SimpleSimilarity$IDFExplanation",2,0.00,1.00,5,0.03,286.06,2,0,12,2,0,142.80,0,9,0,1,142.80,0.00,0.00,0.00,0,2.00,1,81.08,0,1,0,java.lang.Object,0.00,0,0,2,0,0,1,0,0,26,0
"org.apache.lucene.search.TestSimpleExplanations",69,0.00,1.00,262,4.08,106660.99,69,0,10,107,22,128.09,17,342,1,3,128.09,0.50,0.50,0.00,0,658.00,1,12235.10,2,0,21,org.apache.lucene.search.TestExplanations,0.00,38,2,69,1,38,69,0,15,2555,1
"org.apache.lucene.search.TestSimpleExplanationsOfNonMatches",1,0.00,1.00,3,0.04,549.65,1,0,0,2,3,180.90,24,7,0,4,131.62,0.00,0.75,0.00,0,0.00,1,119.24,0,0,3,org.apache.lucene.search.TestSimpleExplanations,0.00,1,3,1,0,1,1,0,3,30,1
"org.apache.lucene.search.TestSloppyPhraseQuery",8,0.07,2.12,83,1.16,36049.37,20,12,10,31,10,125.37,26,81,0,2,104.75,0.00,0.50,0.15,1,22.00,4,3476.05,0,2,10,org.apache.lucene.util.LuceneTestCase,0.00,23,1,17,0,23,6,0,7,681,1
"org.apache.lucene.search.TestSort",17,0.06,2.47,234,4.60,287692.68,31,14,30,76,24,116.56,51,266,0,2,95.94,0.00,0.50,0.13,5,72.00,13,13786.42,2,9,24,org.apache.lucene.util.LuceneTestCase,0.00,59,1,42,0,59,8,1,38,2339,1
"org.apache.lucene.search.TestSort$FieldCache.ByteParser",1,0.00,1.00,3,0.03,452.96,1,0,30,2,0,132.29,0,4,0,1,132.29,0.00,0.00,0.00,0,1.00,1,97.55,0,0,0,java.lang.Object,0.00,1,0,1,0,1,1,0,0,27,0
"org.apache.lucene.search.TestSort$FieldCache.DoubleParser",1,0.00,1.00,3,0.04,692.28,1,0,30,3,0,130.84,0,4,0,1,130.84,0.00,0.00,0.00,0,1.00,1,129.96,0,0,0,java.lang.Object,0.00,2,0,1,0,2,1,0,0,34,0
"org.apache.lucene.search.TestSort$FieldCache.FloatParser",1,0.00,1.00,3,0.03,407.06,1,0,30,3,0,132.65,0,4,0,1,132.65,0.00,0.00,0.00,0,1.00,1,101.46,0,0,0,java.lang.Object,0.00,2,0,1,0,2,1,0,0,28,0
"org.apache.lucene.search.TestSort$FieldCache.IntParser",1,0.00,1.00,3,0.03,465.57,1,0,30,2,0,132.19,0,4,0,1,132.19,0.00,0.00,0.00,0,1.00,1,101.35,0,0,0,java.lang.Object,0.00,1,0,1,0,1,1,0,0,27,0
"org.apache.lucene.search.TestSort$FieldCache.LongParser",1,0.00,1.00,3,0.03,465.57,1,0,30,2,0,132.19,0,4,0,1,132.19,0.00,0.00,0.00,0,1.00,1,101.35,0,0,0,java.lang.Object,0.00,1,0,1,0,1,1,0,0,27,0
"org.apache.lucene.search.TestSort$FieldCache.ShortParser",1,0.00,1.00,3,0.03,452.96,1,0,30,2,0,132.29,0,4,0,1,132.29,0.00,0.00,0.00,0,1.00,1,97.55,0,0,0,java.lang.Object,0.00,1,0,1,0,1,1,0,0,27,0
"org.apache.lucene.search.TestSort$MyFieldComparator",33,0.24,1.88,489,8.97,864743.19,36,3,30,108,24,143.31,60,540,0,2,93.31,0.00,0.50,0.10,4,254.00,6,26922.75,0,2,24,org.apache.lucene.search.FieldComparator,0.24,75,1,62,0,75,31,0,60,4851,1
"org.apache.lucene.search.TestSort$MyFieldComparator$FieldCache.IntParser_0",1,0.00,1.00,3,0.03,465.57,1,0,30,2,0,132.19,0,4,0,1,132.19,0.00,0.00,0.00,0,1.00,1,101.35,0,0,0,java.lang.Object,0.00,1,0,1,0,1,1,0,0,27,0
"org.apache.lucene.search.TestSort$MyFieldComparator$Filter",1,0.00,1.00,6,0.08,2209.46,1,0,30,5,3,115.64,0,8,0,1,115.64,0.00,0.00,0.00,0,1.00,1,247.72,0,1,3,java.lang.Object,0.00,4,0,1,0,4,0,0,0,55,0
"org.apache.lucene.search.TestSort$MyFieldComparator$MyFieldComparatorSource",1,0.00,1.00,3,0.04,439.67,1,0,30,2,2,132.39,0,6,0,2,132.39,0.00,0.50,0.00,0,1.00,1,107.25,0,1,2,org.apache.lucene.search.FieldComparatorSource,0.00,1,1,1,0,1,0,0,0,28,1
"org.apache.lucene.search.TestSpanQueryFilter",3,0.00,2.00,40,0.68,31196.95,3,0,10,29,12,97.66,2,44,0,2,97.66,0.00,0.50,0.00,2,3.00,3,2050.34,0,0,12,org.apache.lucene.util.LuceneTestCase,0.00,26,1,6,0,26,3,0,2,350,1
"org.apache.lucene.search.TestSubScorerFreqs",2,1.00,1.50,25,0.30,10135.29,4,2,11,14,5,101.48,1,29,0,2,101.48,0.00,0.50,1.00,0,0.00,2,905.49,0,0,5,org.apache.lucene.util.LuceneTestCase,0.00,12,1,3,0,12,2,0,1,181,1
"org.apache.lucene.search.TestSubScorerFreqs$CountingCollector",9,0.02,2.11,99,1.79,99453.68,16,7,11,39,9,100.14,0,119,0,2,100.14,0.00,0.50,0.16,0,22.00,7,5361.83,0,0,9,org.apache.lucene.search.Collector,0.31,30,1,19,0,30,9,0,0,953,2
"org.apache.lucene.search.TestSubScorerFreqs$CountingCollector$MockScorerVisitor",3,0.00,2.00,7,0.14,1915.92,3,0,11,3,2,137.52,0,17,0,2,137.52,0.00,0.50,0.00,0,0.00,2,431.85,0,0,2,org.apache.lucene.search.Scorer.ScorerVisitor,0.00,0,1,6,0,0,3,0,0,101,1
"org.apache.lucene.search.TestTermRangeFilter",6,0.00,1.17,224,5.40,520272.37,6,0,10,26,12,55.71,35,312,0,3,73.58,0.00,0.67,0.00,0,0.00,2,16193.38,1,0,12,org.apache.lucene.search.BaseTestRangeFilter,0.00,20,2,7,0,20,6,0,27,2636,1
"org.apache.lucene.search.TestTermRangeQuery",11,0.10,1.09,158,2.59,94017.31,13,2,18,41,15,147.26,14,173,0,2,97.26,0.00,0.50,0.41,1,0.00,2,7771.33,2,0,15,org.apache.lucene.util.LuceneTestCase,0.00,30,1,12,0,30,11,0,13,1437,1
"org.apache.lucene.search.TestTermRangeQuery$SingleCharAnalyzer",8,0.00,1.25,71,0.96,27153.07,8,0,18,24,9,149.34,22,79,0,2,109.46,0.00,0.50,0.00,3,14.00,2,2867.60,2,2,9,org.apache.lucene.analysis.Analyzer,0.00,16,1,10,0,16,6,0,22,564,2
"org.apache.lucene.search.TestTermRangeQuery$SingleCharAnalyzer$SingleCharTokenizer",3,0.33,1.67,18,0.18,3449.55,6,3,18,6,2,117.75,0,29,0,4,117.75,0.00,0.75,0.56,0,0.00,3,531.14,1,0,2,org.apache.lucene.analysis.Tokenizer,0.20,3,3,5,0,3,3,0,0,120,2
"org.apache.lucene.search.TestTermScorer",5,0.45,1.20,55,0.89,28322.42,10,5,10,31,12,142.44,14,69,0,2,102.56,0.00,0.50,0.56,0,0.00,2,2672.61,1,0,12,org.apache.lucene.util.LuceneTestCase,0.00,26,1,6,0,26,5,0,6,503,1
"org.apache.lucene.search.TestTermScorer$Collector",4,0.17,1.00,15,0.18,4293.67,6,2,10,8,2,129.34,0,24,0,1,129.34,0.00,0.00,0.38,0,4.00,1,537.89,0,0,2,java.lang.Object,0.00,4,0,4,0,4,4,0,0,123,0
"org.apache.lucene.search.TestTermScorer$TestHit",2,0.00,1.00,8,0.07,837.28,4,2,10,2,0,127.90,0,12,0,1,127.90,0.00,0.00,0.50,0,2.00,1,202.21,0,1,0,java.lang.Object,0.00,0,0,2,0,0,1,0,0,55,1
"org.apache.lucene.search.TestTermVectors",11,0.10,4.09,311,5.68,480714.62,14,3,12,69,21,100.77,33,346,0,2,80.15,0.00,0.50,0.42,1,0.00,9,17026.16,2,0,21,org.apache.lucene.util.LuceneTestCase,0.00,58,1,45,0,58,11,0,28,2660,1
"org.apache.lucene.search.TestThreadSafe",4,0.22,2.75,57,0.73,23986.93,7,3,12,35,7,148.26,4,54,0,2,98.26,0.00,0.50,0.17,2,6.00,4,2204.86,0,0,7,org.apache.lucene.util.LuceneTestCase,0.00,31,1,11,0,31,4,0,4,414,1
"org.apache.lucene.search.TestThreadSafe$Thr",3,0.00,2.67,25,0.24,5954.30,6,3,12,11,2,151.00,6,32,0,2,111.12,0.00,0.50,0.33,0,1.00,5,706.42,0,0,2,org.apache.lucene.index.Thread,0.00,8,1,8,0,8,3,0,3,153,0
"org.apache.lucene.search.TestThreadSafe$Thr$FieldSelector",1,0.00,1.00,6,0.06,993.27,1,0,12,1,1,168.37,1,8,0,1,118.37,0.00,0.00,0.00,0,0.00,1,167.91,0,1,1,java.lang.Object,0.00,0,0,1,0,0,0,0,1,41,0
"org.apache.lucene.search.TestTimeLimitingCollector",16,0.03,1.75,141,1.72,60095.87,26,10,12,51,11,129.65,52,180,0,2,109.03,0.00,0.50,0.12,7,100.00,5,5170.53,2,2,11,org.apache.lucene.util.LuceneTestCase,0.00,35,1,28,0,35,14,0,34,1000,1
"org.apache.lucene.search.TestTimeLimitingCollector$MyHitCollector",7,0.04,1.29,25,0.25,7207.70,11,4,12,12,4,129.42,4,40,0,2,129.42,0.00,0.50,0.29,0,16.00,3,759.70,0,0,4,org.apache.lucene.search.Collector,0.36,5,1,9,0,5,7,0,2,175,1
"org.apache.lucene.search.TestTimeLimitingCollector$Thread",1,0.00,2.00,8,0.05,807.21,1,0,12,4,0,114.26,0,12,0,1,114.26,0.00,0.00,0.00,0,1.00,2,143.93,0,0,0,java.lang.Object,0.00,3,0,2,0,3,1,0,0,36,0
"org.apache.lucene.search.TestTopDocsCollector",11,0.10,1.18,74,1.06,29948.24,15,4,6,27,10,164.89,18,90,0,2,114.89,0.00,0.50,0.16,1,40.00,2,3167.84,2,1,10,org.apache.lucene.util.LuceneTestCase,0.00,16,1,13,0,16,10,0,18,655,1
"org.apache.lucene.search.TestTopDocsCollector$MyTopsDocCollector",6,0.30,1.50,27,0.29,8571.89,8,2,6,11,6,123.60,1,38,0,3,123.60,0.00,0.67,0.25,0,10.00,4,875.82,0,1,6,org.apache.lucene.search.TopDocsCollector,0.35,5,2,9,0,5,5,0,1,194,3
"org.apache.lucene.search.TestTopScoreDocCollector",1,0.00,4.00,34,0.48,19470.69,1,0,6,21,10,80.01,4,33,0,2,79.78,0.00,0.50,0.00,0,1.00,4,1454.55,0,0,10,org.apache.lucene.util.LuceneTestCase,0.00,20,1,4,0,20,1,0,4,240,1
"org.apache.lucene.search.TestWildcard",11,0.00,2.18,225,3.75,174211.71,11,0,11,53,16,89.45,53,244,0,2,89.22,0.00,0.50,0.00,1,11.00,12,11250.55,1,1,16,org.apache.lucene.util.LuceneTestCase,0.00,42,1,24,0,42,10,0,27,1901,1
"org.apache.lucene.search.TestWildcardRandom",6,0.07,1.83,90,1.08,36145.04,9,3,13,33,12,147.22,7,96,0,2,97.22,0.00,0.50,0.39,2,6.00,3,3235.87,2,1,12,org.apache.lucene.util.LuceneTestCase,0.00,27,1,11,0,27,5,0,3,588,1
"org.apache.lucene.search.TimeLimitingCollector",9,0.07,1.22,40,0.42,9656.79,18,9,3,17,6,82.34,65,57,2,2,124.63,0.00,0.50,0.17,0,29.00,3,1252.95,0,0,4,org.apache.lucene.search.Collector,0.31,8,1,11,0,8,9,0,17,287,1
"org.apache.lucene.search.TimeLimitingCollector$TimeExceededException",4,0.11,1.00,15,0.11,1682.63,7,3,3,4,0,132.54,3,20,0,2,132.54,0.00,0.50,0.25,0,10.00,1,322.56,0,0,0,java.lang.RuntimeException,0.00,0,1,4,0,0,4,0,3,86,2
"org.apache.lucene.search.TimeLimitingCollector$TimerThread",3,0.50,1.67,13,0.10,1664.23,4,1,3,6,1,94.59,20,21,0,2,126.82,0.00,0.50,0.67,0,1.00,3,291.67,0,0,1,java.lang.Thread,0.00,3,1,5,0,3,3,0,13,73,3
"org.apache.lucene.search.TopDocs",4,0.33,1.00,14,0.12,1660.68,7,3,0,4,76,90.29,29,18,75,1,132.58,0.00,0.00,0.08,0,6.00,1,349.90,0,0,1,java.lang.Object,0.00,0,0,4,1,0,4,1,8,92,1
"org.apache.lucene.search.TopDocsCollector",7,0.17,2.00,33,0.43,21045.30,10,3,1,11,16,72.52,76,36,12,2,120.99,8.00,0.10,0.48,3,0.00,4,1277.44,0,4,4,org.apache.lucene.search.Collector,0.00,4,1,14,8,4,3,0,29,276,2
"org.apache.lucene.search.TopFieldCollector",6,0.03,3.83,84,1.01,46332.24,13,7,4,29,22,130.71,120,113,13,3,97.32,1.00,0.40,0.17,0,6.00,14,3040.47,0,2,9,org.apache.lucene.search.TopDocsCollector,0.18,23,2,23,2,23,4,0,29,576,2
"org.apache.lucene.search.TopFieldCollector$MultiComparatorNonScoringCollector",5,0.12,3.40,62,0.60,49832.68,7,2,4,13,5,138.86,11,61,0,4,98.98,0.00,0.75,0.60,1,0.00,11,1799.74,1,0,5,org.apache.lucene.search.TopFieldCollector,0.36,8,3,17,0,8,5,0,11,360,2
"org.apache.lucene.search.TopFieldCollector$MultiComparatorScoringMaxScoreCollector",4,1.00,3.75,54,0.53,51119.03,5,1,4,10,2,136.69,10,56,0,2,96.81,0.00,0.50,0.25,1,6.00,12,1604.67,1,0,2,org.apache.lucene.search.MultiComparatorNonScoringCollector,0.00,6,1,15,0,6,4,0,10,314,2
"org.apache.lucene.search.TopFieldCollector$MultiComparatorScoringNoMaxScoreCollector",4,1.00,3.50,52,0.52,52357.73,5,1,4,10,2,136.63,11,53,0,2,96.74,0.00,0.50,0.25,1,8.00,11,1558.77,1,0,2,org.apache.lucene.search.MultiComparatorNonScoringCollector,0.00,6,1,14,0,6,4,0,11,307,2
"org.apache.lucene.search.TopFieldCollector$OneComparatorNonScoringCollector",5,0.12,1.60,29,0.32,10465.31,7,2,4,13,5,168.67,7,43,0,4,118.67,0.00,0.75,0.60,1,0.00,4,969.79,1,0,5,org.apache.lucene.search.TopFieldCollector,0.36,8,3,8,0,8,5,0,7,212,2
"org.apache.lucene.search.TopFieldCollector$OneComparatorScoringMaxScoreCollector",4,1.00,2.00,29,0.32,12910.06,5,1,4,10,2,161.68,7,42,0,2,111.69,0.00,0.50,0.25,1,6.00,5,945.85,1,0,2,org.apache.lucene.search.OneComparatorNonScoringCollector,0.00,6,1,8,0,6,4,0,7,200,2
"org.apache.lucene.search.TopFieldCollector$OneComparatorScoringNoMaxScoreCollector",4,1.00,1.75,27,0.30,12267.17,5,1,4,11,2,154.27,8,39,0,2,114.39,0.00,0.50,0.25,1,8.00,4,899.04,0,0,2,org.apache.lucene.search.OneComparatorNonScoringCollector,0.00,7,1,7,0,7,4,0,8,193,2
"org.apache.lucene.search.TopFieldCollector$OutOfOrderMultiComparatorNonScoringCollector",3,0.00,4.67,46,0.45,50497.44,3,0,4,8,1,133.38,8,48,0,2,93.50,0.00,0.50,0.00,0,4.00,12,1335.63,0,0,1,org.apache.lucene.search.MultiComparatorNonScoringCollector,0.00,5,1,14,0,5,3,0,8,254,2
"org.apache.lucene.search.TopFieldCollector$OutOfOrderMultiComparatorScoringMaxScoreCollector",3,0.00,5.00,49,0.48,55501.55,3,0,4,9,1,132.00,8,52,0,2,92.11,0.00,0.50,0.00,0,4.00,13,1454.15,0,0,1,org.apache.lucene.search.MultiComparatorScoringMaxScoreCollector,0.00,6,1,15,0,6,3,0,8,273,3
"org.apache.lucene.search.TopFieldCollector$OutOfOrderMultiComparatorScoringNoMaxScoreCollector",4,0.00,3.75,51,0.51,57699.43,4,0,4,10,2,137.57,10,56,0,2,97.69,0.00,0.50,0.00,0,6.00,12,1537.54,1,0,2,org.apache.lucene.search.MultiComparatorScoringNoMaxScoreCollector,0.00,6,1,15,0,6,4,0,10,296,3
"org.apache.lucene.search.TopFieldCollector$OutOfOrderOneComparatorNonScoringCollector",3,0.00,2.00,20,0.24,14670.84,3,0,4,8,1,162.76,4,31,0,2,112.76,0.00,0.50,0.00,0,4.00,4,725.26,0,0,1,org.apache.lucene.search.OneComparatorNonScoringCollector,0.00,5,1,6,0,5,3,0,4,146,2
"org.apache.lucene.search.TopFieldCollector$OutOfOrderOneComparatorScoringMaxScoreCollector",3,0.00,2.33,23,0.28,18231.40,3,0,4,9,1,159.49,4,35,0,2,109.49,0.00,0.50,0.00,0,4.00,5,831.74,0,0,1,org.apache.lucene.search.OneComparatorScoringMaxScoreCollector,0.00,6,1,7,0,6,3,0,4,164,2
"org.apache.lucene.search.TopFieldCollector$OutOfOrderOneComparatorScoringNoMaxScoreCollector",3,0.00,2.00,22,0.27,18723.06,3,0,4,9,1,149.32,6,34,0,2,109.43,0.00,0.50,0.00,0,4.00,4,822.19,0,0,1,org.apache.lucene.search.OneComparatorScoringNoMaxScoreCollector,0.00,6,1,6,0,6,3,0,6,163,2
"org.apache.lucene.search.TopFieldDocs",1,1.00,1.00,5,0.05,671.54,2,1,0,1,13,172.15,26,8,10,2,122.66,0.00,0.50,0.00,0,1.00,1,148.28,0,0,3,org.apache.lucene.search.TopDocs,0.00,0,1,1,0,0,1,0,4,38,1
"org.apache.lucene.search.TopScoreDocCollector",5,0.25,2.00,34,0.33,9815.69,8,3,2,12,19,83.66,32,43,13,3,115.88,1.00,0.40,0.13,0,10.00,4,1000.67,0,2,6,org.apache.lucene.search.TopDocsCollector,0.19,7,2,10,2,7,3,0,11,217,2
"org.apache.lucene.search.TopScoreDocCollector$InOrderTopScoreDocCollector",3,0.00,1.33,15,0.14,5338.79,3,0,2,5,1,169.27,4,22,0,4,119.27,0.00,0.75,0.00,0,4.00,2,434.26,0,0,1,org.apache.lucene.search.TopScoreDocCollector,0.42,2,3,4,0,2,3,0,4,97,2
"org.apache.lucene.search.TopScoreDocCollector$OutOfOrderTopScoreDocCollector",3,0.00,1.33,15,0.16,8468.81,3,0,2,5,1,117.69,1,22,0,4,117.69,0.00,0.75,0.00,0,4.00,2,481.15,0,0,1,org.apache.lucene.search.TopScoreDocCollector,0.42,2,3,4,0,2,3,0,1,105,2
"org.apache.lucene.search.TopTermsRewrite",6,0.40,1.83,27,0.34,10834.38,7,1,4,13,9,162.64,15,36,5,3,122.76,1.00,0.40,0.67,0,0.00,5,1013.86,3,0,4,org.apache.lucene.search.TermCollectingRewrite,0.00,7,2,11,2,7,6,0,5,218,2
"org.apache.lucene.search.TopTermsRewrite$ScoreTerm",1,2.00,2.00,5,0.08,1994.80,3,2,4,3,1,118.78,0,10,0,1,118.78,0.00,0.00,0.00,0,1.00,2,244.93,0,0,1,java.lang.Object,0.00,2,0,2,0,2,1,1,0,60,2
"org.apache.lucene.search.TopTermsRewrite$TermCollector",1,0.00,3.00,9,0.13,5132.19,2,1,4,6,1,106.17,4,11,0,1,105.93,0.00,0.00,1.00,0,0.00,3,383.05,0,0,1,java.lang.Object,0.00,5,0,3,0,5,1,0,4,82,0
"org.apache.lucene.search.TotalHitCountCollector",5,0.75,1.00,10,0.07,640.73,6,1,1,5,5,143.17,4,20,2,2,143.17,0.00,0.50,0.40,0,7.00,1,216.90,0,0,3,org.apache.lucene.search.Collector,0.67,0,1,5,0,0,5,0,2,65,1
"org.apache.lucene.search.Weight",7,0.00,1.00,9,0.07,532.42,7,0,3,7,75,107.71,76,10,73,1,156.19,0.00,0.00,0.00,0,7.00,1,217.50,0,3,4,java.lang.Object,0.00,0,0,7,17,0,4,1,8,69,2
"org.apache.lucene.search.WildcardQuery",7,0.06,2.43,43,0.61,21736.95,10,3,4,27,29,154.16,16,70,20,3,114.27,0.00,0.67,0.38,0,0.00,7,1844.53,5,4,9,org.apache.lucene.search.MultiTermQuery,0.10,20,2,17,0,20,3,0,3,399,1
"org.apache.lucene.search.WildcardTermEnum",5,0.31,4.60,73,0.85,74658.20,13,8,3,16,6,46.92,41,108,3,3,95.03,0.00,0.67,0.38,1,5.00,14,2556.17,1,0,3,org.apache.lucene.search.FilteredTermEnum,0.33,11,2,23,0,11,5,0,24,486,1
"org.apache.lucene.spatial.geohash.GeoHashDistanceFilter",4,0.00,1.75,29,0.39,13944.99,8,4,8,11,9,111.69,17,42,2,3,111.45,0.00,0.67,0.25,1,4.00,4,1163.13,0,1,7,org.apache.lucene.spatial.tier.DistanceFilter,0.23,7,2,7,0,7,3,0,5,256,1
"org.apache.lucene.spatial.geohash.GeoHashDistanceFilter$FilteredDocIdSet",1,0.00,3.00,18,0.21,7117.59,1,0,8,7,2,114.20,3,22,0,1,93.59,0.00,0.00,0.00,0,0.00,3,632.45,0,0,2,java.lang.Object,0.00,6,0,3,0,6,1,0,3,118,0
"org.apache.lucene.spatial.geohash.GeoHashUtils",3,0.00,4.33,70,0.98,82815.77,7,4,2,11,8,67.02,17,82,8,1,84.90,0.00,0.00,0.25,0,5.00,6,2952.49,0,1,0,java.lang.Object,0.00,8,0,13,0,8,2,0,3,527,1
"org.apache.lucene.spatial.geohash.TestGeoHashUtils",4,0.00,1.00,28,0.38,11117.26,4,0,2,7,1,112.59,18,37,0,2,112.36,0.00,0.50,0.00,0,4.00,1,1140.01,0,0,1,org.apache.lucene.util.LuceneTestCase,0.00,3,1,4,0,3,4,0,5,248,1
"org.apache.lucene.validation.DependencyChecker",5,0.25,9.20,182,2.93,315179.68,7,2,11,53,2,95.26,17,199,0,1,74.64,0.00,0.00,0.30,4,7.00,31,8799.66,0,2,2,java.lang.Object,0.00,48,0,46,0,48,3,0,9,1394,1
"org.apache.lucene.validation.DependencyChecker$FileFilter",1,0.00,1.00,3,0.04,732.66,1,0,11,4,0,180.64,1,4,0,1,130.64,0.00,0.00,0.00,0,1.00,1,131.19,0,0,0,java.lang.Object,0.00,3,0,1,0,3,1,0,1,33,0
"org.apache.lucene.validation.DependencyChecker$FileFilter_0",1,0.00,1.00,3,0.04,732.66,1,0,11,4,0,130.64,0,4,0,1,130.64,0.00,0.00,0.00,0,1.00,1,131.19,0,0,0,java.lang.Object,0.00,3,0,1,0,3,1,0,0,33,0
"org.apache.lucene.validation.DependencyChecker$FileFilter_1",1,0.00,1.00,3,0.02,227.68,1,0,11,3,0,134.64,0,4,0,1,134.64,0.00,0.00,0.00,0,1.00,1,70.91,0,0,0,java.lang.Object,0.00,2,0,1,0,2,1,0,0,21,0
"org.apache.lucene.validation.LicenseType",4,0.17,1.00,13,0.14,1569.11,6,2,0,4,1,114.91,23,29,1,1,132.78,0.00,0.00,0.38,0,6.00,1,425.60,0,2,0,java.lang.Object,0.00,0,0,4,0,0,2,0,5,102,1
"org.apache.lucene.validation.UpdateableInt",0,0.00,0.00,2,0.01,44.92,1,1,11,0,1,171.00,0,3,1,1,171.00,0.00,0.00,0.00,0,0.00,0,22.46,0,0,0,java.lang.Object,0.00,0,0,0,0,0,0,0,0,8,0
"org.apache.lucene.messages.Message",4,0.00,1.00,5,0.02,126.35,4,0,2,4,9,209.19,4,6,9,2,159.19,0.00,0.50,0.00,0,4.00,1,73.89,0,4,0,,0.00,0,1,4,0,0,0,0,1,29,1
"org.apache.lucene.messages.MessageImpl",7,3.00,1.43,27,0.27,8027.26,10,3,1,13,27,129.03,4,35,25,1,129.03,0.00,0.00,0.00,3,7.00,4,795.02,0,5,2,java.lang.Object,0.00,6,0,10,0,6,2,1,1,185,1
"org.apache.lucene.messages.MessagesTestBundle",1,4.00,1.00,8,0.07,1453.35,5,4,0,2,2,151.71,21,11,1,2,112.41,0.00,0.50,0.00,0,1.00,1,205.96,0,0,1,org.apache.lucene.messages.NLS,0.00,1,1,1,0,1,1,0,6,53,1
"org.apache.lucene.messages.NLS",11,0.90,3.09,64,1.03,40303.99,12,1,11,35,7,116.84,52,100,7,1,116.60,0.00,0.00,0.18,6,25.00,6,3091.34,0,5,0,java.lang.Object,0.00,24,0,34,2,24,6,0,21,613,1
"org.apache.lucene.messages.NLS$PrivilegedAction<Void>",1,0.00,1.00,4,0.02,199.70,1,0,11,2,0,130.43,0,5,0,1,130.43,0.00,0.00,0.00,0,1.00,1,69.84,0,1,0,java.lang.Object,0.00,1,0,1,0,1,0,0,0,21,0
"org.apache.lucene.messages.NLSException",1,0.00,1.00,2,0.01,29.41,1,0,0,1,3,193.33,28,3,2,1,148.21,0.00,0.00,0.00,0,1.00,1,19.61,0,0,1,,0.00,0,0,1,0,0,1,0,3,9,1
"org.apache.lucene.messages.TestNLS",6,0.00,1.83,27,0.46,8439.99,6,0,2,15,4,144.23,22,52,0,2,123.61,0.00,0.50,0.00,0,6.00,3,1393.40,0,0,4,org.apache.lucene.util.LuceneTestCase,0.00,9,1,11,0,9,6,0,6,301,1
"org.apache.solr.client.solrj.beans.DocumentObjectBinder",7,1.00,2.71,65,0.94,44552.84,8,1,8,34,5,105.22,6,82,2,1,105.22,0.00,0.00,0.14,2,12.00,5,2826.97,0,4,3,java.lang.Object,0.00,27,0,19,0,27,3,0,1,548,1
"org.apache.solr.client.solrj.beans.DocumentObjectBinder$DocField",7,0.44,9.00,165,2.37,157053.90,16,9,8,52,1,67.56,39,231,0,1,85.44,0.00,0.00,0.49,4,0.00,16,7103.56,0,2,1,java.lang.Object,0.00,45,0,63,0,45,5,0,22,1269,2
"org.apache.solr.client.solrj.beans.TestDocumentObjectBinder",4,0.67,1.25,94,2.11,118480.34,5,1,16,48,8,134.94,6,128,0,2,84.94,0.00,0.50,0.50,0,4.00,2,6343.57,0,0,8,org.apache.lucene.util.LuceneTestCase,0.00,44,1,5,0,44,4,0,6,1068,1
"org.apache.solr.client.solrj.beans.TestDocumentObjectBinder$Item",4,0.07,1.00,18,0.21,5473.08,13,9,16,4,0,123.85,1,33,0,1,123.85,0.00,0.00,0.06,0,4.00,1,615.00,0,1,0,java.lang.Object,0.00,0,0,4,0,0,3,0,1,136,2
"org.apache.solr.client.solrj.beans.TestDocumentObjectBinder$NotGettableItem",3,0.17,1.00,10,0.07,948.52,6,3,16,3,0,133.52,0,17,0,1,133.52,0.00,0.00,0.22,0,5.00,1,217.16,0,1,0,java.lang.Object,0.00,0,0,3,0,0,2,0,0,60,2
"org.apache.lucene.analysis.shingle.Deprecated",12,0.00,1.17,290,5.78,561009.80,12,0,18,53,15,82.94,59,304,0,3,82.71,0.00,0.67,0.00,3,12.00,2,17330.58,1,5,15,org.apache.lucene.analysis.BaseTokenStreamTestCase,0.00,41,2,14,0,41,7,0,50,2733,1
"org.apache.lucene.analysis.shingle.Deprecated$Matrix",11,0.50,1.00,29,0.21,3284.96,13,2,20,12,0,190.28,20,44,0,1,140.28,0.00,0.00,0.05,0,20.00,1,621.33,0,3,0,java.lang.Object,0.00,1,0,11,0,1,8,0,3,168,2
"org.apache.lucene.analysis.shingle.Deprecated$Matrix$Column",12,0.18,1.08,35,0.29,4374.63,15,3,20,19,1,139.58,0,59,0,1,139.58,0.00,0.00,0.17,1,60.00,2,860.48,0,4,1,java.lang.Object,0.00,7,0,13,0,7,8,0,0,227,1
"org.apache.lucene.analysis.shingle.Deprecated$Matrix$Column$Iterator<Column.Row",4,0.33,2.00,29,0.34,13964.68,5,1,20,9,0,111.42,0,32,0,1,111.42,0.00,0.00,0.75,1,0.00,3,1030.93,0,1,0,java.lang.Object,0.00,5,0,8,0,5,3,0,0,221,0
"org.apache.lucene.analysis.shingle.Deprecated$Matrix$Column$Row",6,0.80,1.17,14,0.14,2185.23,7,1,20,9,1,179.45,15,25,0,1,139.57,0.00,0.00,0.33,0,10.00,2,434.10,0,2,1,java.lang.Object,0.00,3,0,7,0,3,4,0,15,115,1
"org.apache.lucene.analysis.shingle.Deprecated$Matrix$OneDimensionalNonWeightedTokenSettingsCodec",4,0.00,1.00,7,0.07,743.59,4,0,20,4,1,153.13,0,16,0,2,153.13,0.00,0.50,0.00,0,4.00,1,215.70,0,1,1,org.apache.lucene.analysis.shingle.TokenSettingsCodec,0.00,0,1,4,0,0,3,0,0,61,2
"org.apache.lucene.analysis.shingle.Deprecated$Matrix$SimpleThreeDimensionalTokenSettingsCodec",4,0.00,1.75,19,0.24,6232.00,4,0,20,14,3,105.40,22,34,0,2,123.27,0.00,0.50,0.00,0,4.00,2,732.88,0,1,3,org.apache.lucene.analysis.shingle.TokenSettingsCodec,0.00,10,1,7,0,10,3,0,4,165,2
"org.apache.lucene.analysis.shingle.Deprecated$Matrix$TwoDimensionalNonWeightedSynonymTokenSettingsCodec",4,0.00,1.25,11,0.11,1684.74,4,0,20,6,1,139.05,0,21,0,2,139.05,0.00,0.50,0.00,0,4.00,2,319.13,0,1,1,org.apache.lucene.analysis.shingle.TokenSettingsCodec,0.00,2,1,5,0,2,3,0,0,82,2
"org.apache.lucene.analysis.shingle.Deprecated$TokenListStream",3,0.38,1.67,27,0.40,10632.10,11,8,18,21,8,107.34,0,35,0,3,107.34,0.00,0.67,0.38,0,1.00,3,1208.13,0,0,8,org.apache.lucene.analysis.TokenStream,0.55,18,2,5,0,18,3,0,0,236,3
"org.apache.lucene.analysis.shingle.Deprecated$TokenPositioner",2,0.25,1.00,9,0.09,1903.16,6,4,20,3,0,125.09,0,12,0,1,125.09,0.00,0.00,0.12,0,2.00,1,263.52,0,0,0,java.lang.Object,0.00,1,0,2,0,1,2,0,0,67,2
"org.apache.lucene.analysis.shingle.Deprecated$TokenSettingsCodec",4,0.00,1.00,5,0.05,343.81,4,0,20,4,1,137.90,22,6,0,1,155.77,0.00,0.00,0.00,0,4.00,1,148.97,0,0,1,java.lang.Object,0.00,0,0,4,0,0,4,0,4,46,3
"org.apache.lucene.analysis.shingle.ShingleAnalyzerWrapper",17,0.01,1.41,81,0.79,23441.31,23,6,6,33,7,144.35,57,108,2,2,123.74,0.00,0.50,0.18,2,81.00,3,2362.53,2,3,5,org.apache.lucene.analysis.Analyzer,0.00,16,1,24,0,16,14,0,11,524,2
"org.apache.lucene.analysis.shingle.ShingleAnalyzerWrapper$SavedStreams",0,0.00,0.00,3,0.01,82.42,2,2,6,0,2,171.00,0,5,0,1,171.00,0.00,0.00,0.00,0,0.00,0,41.21,0,0,2,java.lang.Object,0.00,0,0,0,0,0,0,0,0,13,1
"org.apache.lucene.analysis.shingle.ShingleAnalyzerWrapperTest",17,0.88,1.18,165,2.99,86949.19,18,1,24,48,23,146.05,35,250,0,3,106.16,0.00,0.67,0.18,2,50.00,2,8955.10,1,2,23,org.apache.lucene.analysis.BaseTokenStreamTestCase,0.00,31,2,20,0,31,15,0,9,1670,1
"org.apache.lucene.analysis.shingle.ShingleAnalyzerWrapperTest$NonreusableAnalyzer",1,0.00,2.00,4,0.08,2035.68,2,1,24,2,3,122.33,0,10,0,2,122.33,0.00,0.50,1.00,0,0.00,2,239.92,0,1,3,org.apache.lucene.analysis.Analyzer,0.00,1,1,2,0,1,0,0,0,54,1
"org.apache.lucene.analysis.shingle.ShingleFilter",14,0.09,3.07,168,2.06,120418.28,38,24,10,48,12,61.94,179,216,5,4,99.50,0.00,0.75,0.12,5,58.00,11,6183.98,1,0,7,org.apache.lucene.analysis.TokenFilter,0.31,34,3,43,0,34,14,0,43,1132,2
"org.apache.lucene.analysis.shingle.ShingleFilter$CircularSequence",6,0.27,1.50,23,0.12,1612.00,9,3,10,6,0,116.11,32,31,0,1,133.98,0.00,0.00,0.56,1,0.00,3,372.47,0,0,0,java.lang.Object,0.00,0,0,9,0,0,6,0,5,105,1
"org.apache.lucene.analysis.shingle.ShingleFilter$InputWindowToken",1,4.00,1.00,9,0.08,1196.00,5,4,10,2,3,111.17,0,11,0,1,111.17,0.00,0.00,0.00,0,1.00,1,244.00,0,0,3,java.lang.Object,0.00,1,0,1,0,1,1,0,0,61,1
"org.apache.lucene.analysis.shingle.ShingleFilterTest",44,0.02,1.02,219,10.38,1761421.69,137,93,8,62,7,112.29,8,920,0,3,112.29,0.00,0.67,0.03,3,400.00,2,31129.31,2,2,7,org.apache.lucene.analysis.BaseTokenStreamTestCase,0.00,18,2,45,0,18,42,0,6,4603,1
"org.apache.lucene.analysis.shingle.ShingleFilterTest$TestTokenStream",2,0.67,1.50,25,0.29,6867.43,8,6,8,12,7,102.81,0,30,0,3,102.81,0.00,0.67,0.50,0,2.00,2,870.71,0,0,7,org.apache.lucene.analysis.TokenStream,0.30,10,2,3,0,10,2,0,0,177,1
"org.apache.lucene.benchmark.quality.Judge",3,0.00,1.00,4,0.03,150.71,3,0,1,3,5,109.50,24,5,4,1,157.60,0.00,0.00,0.00,0,3.00,1,89.40,0,0,1,,0.00,0,0,3,0,0,3,0,4,30,1
"org.apache.lucene.benchmark.quality.QualityBenchmark",7,0.08,1.86,57,0.75,29903.57,13,6,8,22,11,66.29,53,67,2,1,108.58,0.00,0.00,0.24,0,15.00,5,2255.25,0,2,9,java.lang.Object,0.00,15,0,13,0,15,5,0,18,421,1
"org.apache.lucene.benchmark.quality.QualityQuery",5,0.12,1.20,18,0.18,4122.49,7,2,1,10,11,97.97,34,26,11,1,130.20,0.00,0.00,0.40,0,9.00,2,534.55,0,3,0,java.lang.Object,0.00,5,0,6,0,5,2,1,8,136,1
"org.apache.lucene.benchmark.quality.QualityQueryParser",1,0.00,1.00,2,0.01,69.06,1,0,2,1,6,97.18,8,3,3,1,145.29,0.00,0.00,0.00,0,1.00,1,36.53,0,1,3,,0.00,0,0,1,0,0,0,0,2,13,1
"org.apache.lucene.benchmark.quality.QualityStats",16,0.12,2.25,141,1.95,169083.71,28,12,3,40,4,105.67,75,165,4,1,105.44,0.00,0.00,0.19,4,112.00,7,5853.81,0,4,0,java.lang.Object,0.00,24,0,36,0,24,12,0,25,1096,1
"org.apache.lucene.benchmark.quality.QualityStats$RecallPoint",3,0.25,1.00,10,0.06,670.02,5,2,3,3,0,134.70,2,14,0,1,134.70,0.00,0.00,0.33,0,5.00,1,171.59,0,0,0,java.lang.Object,0.00,0,0,3,0,0,3,0,2,51,2
"org.apache.lucene.benchmark.quality.TestQualityRun",4,0.00,4.00,92,1.69,153003.49,4,0,12,31,12,65.93,22,115,0,3,83.80,0.00,0.67,0.00,1,4.00,13,5062.57,4,0,12,org.apache.lucene.benchmark.BenchmarkTestCase,0.00,27,2,16,0,27,4,0,16,792,1
"org.apache.solr.tst.Deprecated",10,0.33,1.50,60,0.81,58217.34,12,2,13,30,15,162.23,13,75,0,1,112.23,0.00,0.00,0.20,0,22.00,6,2416.33,0,7,15,java.lang.Object,0.00,20,0,15,0,20,3,1,4,437,1
"org.apache.lucene.analysis.hi.HindiAnalyzer",5,0.33,1.80,23,0.31,7714.50,8,3,13,16,13,73.30,46,33,1,4,123.30,0.00,0.75,0.07,0,7.00,3,928.58,0,2,12,org.apache.lucene.analysis.StopwordAnalyzerBase,0.00,11,3,9,0,11,3,0,8,204,2
"org.apache.lucene.analysis.hi.HindiAnalyzer$DefaultSetHolder",0,0.00,0.00,6,0.05,853.95,1,1,13,0,1,171.00,2,10,0,1,171.00,0.00,0.00,0.00,0,0.00,0,164.39,0,0,1,java.lang.Object,0.00,0,0,0,0,0,0,0,2,40,2
"org.apache.lucene.analysis.hi.HindiNormalizationFilter",2,0.33,2.00,11,0.14,2865.07,5,3,6,9,9,102.04,11,18,3,4,119.91,0.00,0.75,0.50,0,2.00,3,425.46,0,0,6,org.apache.lucene.analysis.TokenFilter,0.29,7,3,4,0,7,2,0,1,98,2
"org.apache.lucene.analysis.hi.HindiNormalizer",1,0.00,38.00,82,1.01,71236.74,1,0,1,1,1,74.34,34,124,1,1,60.56,0.00,0.00,0.00,0,1.00,38,3040.63,0,0,0,java.lang.Object,0.00,0,0,38,0,0,1,0,10,470,1
"org.apache.lucene.analysis.hi.HindiStemFilter",2,0.33,2.00,12,0.15,3087.32,5,3,5,9,8,166.70,3,18,3,4,116.70,0.00,0.75,0.50,0,2.00,3,437.52,0,0,5,org.apache.lucene.analysis.TokenFilter,0.29,7,3,4,0,7,2,0,1,100,2
"org.apache.lucene.analysis.hi.HindiStemmer",1,0.00,6.00,8,1.03,63343.52,1,0,1,2,1,78.95,14,82,1,1,99.09,0.00,0.00,0.00,0,1.00,6,3091.63,0,0,0,java.lang.Object,0.00,1,0,6,0,1,1,0,6,479,1
"org.apache.lucene.analysis.hi.TestHindiAnalyzer",4,0.00,1.00,14,0.15,2432.09,4,0,4,9,3,113.41,23,20,0,3,131.28,0.00,0.67,0.00,0,4.00,1,440.77,1,0,3,org.apache.lucene.analysis.BaseTokenStreamTestCase,0.00,5,2,4,0,5,4,0,5,106,1
"org.apache.lucene.analysis.hi.TestHindiNormalizer",3,0.00,1.00,23,0.21,3105.93,3,0,6,6,5,136.35,11,27,0,3,115.73,0.00,0.67,0.00,1,3.00,1,626.68,1,0,5,org.apache.lucene.analysis.BaseTokenStreamTestCase,0.00,3,2,3,0,3,3,0,7,143,1
"org.apache.lucene.analysis.hi.TestHindiStemmer",5,0.00,1.00,30,0.25,3782.55,5,0,6,8,5,139.92,17,36,0,3,119.30,0.00,0.67,0.00,1,5.00,1,748.71,1,0,5,org.apache.lucene.analysis.BaseTokenStreamTestCase,0.00,3,2,5,0,3,5,0,5,182,1
"org.apache.solr.uima.processor.SolrUIMAConfiguration",8,0.02,1.00,31,0.27,7396.94,15,7,1,8,3,129.85,5,42,3,1,129.85,0.00,0.00,0.12,0,50.00,1,812.97,0,5,0,java.lang.Object,0.00,0,0,8,0,0,3,0,1,199,1
"org.apache.solr.uima.processor.SolrUIMAConfiguration$MapField",3,0.33,2.67,20,0.19,5695.41,6,3,1,8,0,115.93,2,29,0,1,115.93,0.00,0.00,0.56,0,0.00,4,584.22,0,2,0,java.lang.Object,0.00,5,0,8,0,5,1,0,2,132,2
"org.apache.solr.uima.processor.SolrUIMAConfigurationReader",10,0.44,1.60,57,0.83,45360.66,11,1,5,24,3,116.02,8,70,1,1,116.02,0.00,0.00,0.60,2,0.00,5,2475.83,0,7,2,java.lang.Object,0.00,14,0,16,0,14,3,0,3,493,1
"org.apache.solr.uima.processor.UIMAToSolrMapper",2,0.33,3.50,31,0.59,32370.96,5,3,10,22,2,61.47,12,40,1,1,93.70,0.00,0.00,0.50,0,2.00,6,1758.10,0,0,1,java.lang.Object,0.00,20,0,7,0,20,2,0,2,297,1
"org.apache.solr.uima.processor.UIMAUpdateRequestProcessor",5,0.00,2.80,60,1.04,63901.91,7,2,16,39,11,118.78,17,80,2,2,98.17,0.00,0.50,0.50,3,0.00,7,3114.43,1,2,9,org.apache.solr.update.processor.UpdateRequestProcessor,0.00,34,1,14,0,34,3,0,11,551,1
"org.apache.solr.uima.processor.UIMAUpdateRequestProcessorFactory",2,1.00,1.00,6,0.10,1612.54,3,1,5,7,8,170.20,5,14,1,2,130.31,0.00,0.50,0.50,0,2.00,1,308.98,0,1,7,org.apache.solr.update.processor.UpdateRequestProcessorFactory,0.00,5,1,2,0,5,1,0,1,73,1
"org.apache.solr.uima.processor.UIMAUpdateRequestProcessorTest",8,0.00,1.12,64,0.98,21695.17,8,0,21,32,15,110.25,5,114,0,3,110.25,0.00,0.67,0.00,1,16.00,2,2930.94,7,0,15,org.apache.solr.SolrTestCaseJ4,0.05,24,2,9,0,24,8,0,1,567,1
"org.apache.solr.uima.processor.UIMAUpdateRequestProcessorTest$SolrQueryRequestBase",0,0.00,0.00,1,0.01,69.74,0,0,21,0,0,171.00,0,1,0,1,171.00,0.00,0.00,0.00,0,0.00,0,34.87,0,0,0,java.lang.Object,0.00,0,0,0,0,0,0,0,0,11,0
"org.apache.lucene.analysis.tr.TestTurkishAnalyzer",4,0.00,1.00,16,0.17,3234.43,4,0,5,9,3,175.64,7,22,0,3,125.64,0.00,0.67,0.00,0,4.00,1,517.05,2,0,3,org.apache.lucene.analysis.BaseTokenStreamTestCase,0.00,5,2,4,0,5,4,0,6,121,1
"org.apache.lucene.analysis.tr.TestTurkishLowerCaseFilter",3,0.00,1.00,13,0.20,3244.88,3,0,4,6,4,124.88,14,23,0,3,124.65,0.00,0.67,0.00,0,3.00,1,593.66,1,0,4,org.apache.lucene.analysis.BaseTokenStreamTestCase,0.00,3,2,3,0,3,3,0,4,129,1
"org.apache.lucene.analysis.tr.TurkishAnalyzer",5,0.33,1.80,22,0.30,7346.10,8,3,15,16,14,73.47,46,32,1,4,123.47,0.00,0.75,0.07,0,8.00,3,905.69,0,2,13,org.apache.lucene.analysis.StopwordAnalyzerBase,0.00,11,3,9,0,11,3,0,9,200,2
"org.apache.lucene.analysis.tr.TurkishAnalyzer$DefaultSetHolder",0,0.00,0.00,6,0.05,853.95,1,1,15,0,1,171.00,2,11,0,1,171.00,0.00,0.00,0.00,0,0.00,0,164.39,0,0,1,java.lang.Object,0.00,0,0,0,0,0,0,0,2,40,2
"org.apache.lucene.analysis.tr.TurkishLowerCaseFilter",4,0.13,3.25,47,0.59,38986.60,9,5,4,14,8,58.18,29,59,5,4,100.47,0.00,0.75,0.30,1,4.00,6,1760.91,0,0,3,org.apache.lucene.analysis.TokenFilter,0.25,10,3,13,0,10,4,0,10,339,2
"org.apache.lucene.queryParser.standard.config.AllowLeadingWildcardAttribute",2,0.00,1.00,3,0.02,77.91,2,0,3,2,7,179.09,6,4,5,2,158.47,0.00,0.50,0.00,0,2.00,1,46.77,0,0,3,,0.00,0,1,2,0,0,2,0,1,18,1
"org.apache.lucene.queryParser.standard.config.AllowLeadingWildcardAttributeImpl",7,0.50,1.29,20,0.20,3477.70,9,2,3,8,6,188.48,8,37,2,2,138.48,0.00,0.50,0.07,0,12.00,2,605.20,0,1,4,org.apache.lucene.util.AttributeImpl,0.29,1,1,9,0,1,6,1,2,151,1
"org.apache.lucene.queryParser.standard.config.AnalyzerAttribute",2,0.00,1.00,3,0.02,77.91,2,0,4,2,8,179.09,7,4,5,2,158.47,0.00,0.50,0.00,0,2.00,1,46.77,0,1,4,,0.00,0,1,2,0,0,1,0,1,18,1
"org.apache.lucene.queryParser.standard.config.AnalyzerAttributeImpl",8,0.50,1.38,24,0.26,7484.86,10,2,4,9,7,179.73,9,43,2,2,129.73,0.00,0.50,0.06,2,14.00,3,785.69,0,2,5,org.apache.lucene.util.AttributeImpl,0.27,1,1,11,0,1,6,1,2,191,1
"org.apache.lucene.queryParser.standard.config.BoostAttribute",2,0.00,1.00,3,0.02,77.91,2,0,3,2,7,158.71,8,4,4,2,158.47,0.00,0.50,0.00,0,2.00,1,46.77,0,0,3,,0.00,0,1,2,0,0,2,0,1,18,1
"org.apache.lucene.queryParser.standard.config.BoostAttributeImpl",8,0.50,1.12,21,0.20,3301.85,10,2,3,11,6,189.15,10,38,2,2,139.15,0.00,0.50,0.06,0,14.00,2,607.96,0,1,4,org.apache.lucene.util.AttributeImpl,0.27,3,1,9,0,3,7,1,2,155,1
"org.apache.lucene.queryParser.standard.config.DateResolutionAttribute",2,0.00,1.00,3,0.02,127.38,2,0,6,2,9,124.57,13,4,5,2,156.79,0.00,0.50,0.00,0,2.00,1,63.69,0,1,5,,0.00,0,1,2,0,0,1,0,2,22,1
"org.apache.lucene.queryParser.standard.config.DateResolutionAttributeImpl",8,0.50,1.38,24,0.25,5563.13,10,2,5,11,7,180.75,8,43,2,2,130.75,0.00,0.50,0.06,2,14.00,3,753.60,0,2,5,org.apache.lucene.util.AttributeImpl,0.27,3,1,11,0,3,6,1,2,186,1
"org.apache.lucene.queryParser.standard.config.DefaultOperatorAttribute",2,0.00,1.00,4,0.02,151.50,2,0,3,2,8,165.59,7,5,6,2,144.97,0.00,0.50,0.00,0,2.00,1,66.13,0,1,3,,0.00,0,1,2,0,0,1,0,1,23,1
"org.apache.lucene.queryParser.standard.config.DefaultOperatorAttribute$Operator",0,0.00,0.00,2,0.01,60.00,0,0,3,0,0,171.00,0,3,0,1,171.00,0.00,0.00,0.00,0,0.00,0,24.00,0,0,0,java.lang.Object,0.00,0,0,0,0,0,0,0,0,8,2
"org.apache.lucene.queryParser.standard.config.DefaultOperatorAttributeImpl",8,2.00,1.38,25,0.24,4557.06,10,2,3,13,6,181.43,9,43,2,2,131.43,0.00,0.50,0.00,1,8.00,3,716.44,0,2,4,org.apache.lucene.util.AttributeImpl,0.27,5,1,11,0,5,6,1,2,177,1
"org.apache.lucene.queryParser.standard.config.DefaultPhraseSlopAttribute",2,0.00,1.00,3,0.02,77.91,2,0,3,2,8,179.09,7,4,5,2,158.47,0.00,0.50,0.00,0,2.00,1,46.77,0,0,3,,0.00,0,1,2,0,0,2,0,1,18,1
"org.apache.lucene.queryParser.standard.config.DefaultPhraseSlopAttributeImpl",8,0.43,1.12,22,0.21,3349.85,10,2,3,11,6,189.10,9,40,2,2,139.10,0.00,0.50,0.12,0,16.00,2,623.96,0,1,4,org.apache.lucene.util.AttributeImpl,0.27,3,1,9,0,3,7,1,2,159,1
"org.apache.lucene.queryParser.standard.config.FieldBoostMapAttribute",2,0.00,1.00,3,0.03,197.48,2,0,3,2,6,175.91,7,4,4,2,155.29,0.00,0.50,0.00,0,2.00,1,82.09,0,1,2,,0.00,0,1,2,0,0,1,0,2,26,1
"org.apache.lucene.queryParser.standard.config.FieldBoostMapAttributeImpl",8,0.50,1.25,22,0.28,6390.92,10,2,5,13,6,186.86,10,42,2,2,136.86,0.00,0.50,0.06,1,14.00,2,828.17,0,2,4,org.apache.lucene.util.AttributeImpl,0.27,5,1,10,0,5,6,1,2,197,1
"org.apache.lucene.queryParser.standard.config.FieldBoostMapFCListener",2,2.00,2.00,12,0.16,3115.17,4,2,3,10,6,98.80,11,17,1,1,116.67,0.00,0.00,0.00,0,2.00,3,493.97,0,0,5,java.lang.Object,0.00,8,0,4,0,8,2,1,1,108,1
"org.apache.lucene.queryParser.standard.config.FieldDateResolutionFCListener",2,2.00,2.50,16,0.22,5802.73,4,2,4,9,7,77.61,12,26,1,1,109.83,0.00,0.00,0.00,0,2.00,4,670.82,0,0,6,java.lang.Object,0.00,7,0,5,0,7,2,1,1,143,1
"org.apache.lucene.queryParser.standard.config.FieldDateResolutionMapAttribute",2,0.00,1.00,3,0.03,289.50,2,0,3,2,6,174.60,7,4,4,2,153.99,0.00,0.50,0.00,0,2.00,1,101.67,0,1,2,,0.00,0,1,2,0,0,1,0,2,30,1
"org.apache.lucene.queryParser.standard.config.FieldDateResolutionMapAttributeImpl",8,0.50,1.25,22,0.29,6862.60,10,2,5,13,5,136.62,7,42,2,2,136.62,0.00,0.50,0.06,1,14.00,2,861.36,0,2,3,org.apache.lucene.util.AttributeImpl,0.27,5,1,10,0,5,6,1,2,203,1
"org.apache.lucene.queryParser.standard.config.FuzzyAttribute",4,0.00,1.00,5,0.03,124.80,4,0,3,4,8,209.23,7,6,5,2,159.23,0.00,0.50,0.00,0,4.00,1,78.03,0,0,3,,0.00,0,1,4,0,0,4,0,1,30,1
"org.apache.lucene.queryParser.standard.config.FuzzyAttributeImpl",10,0.33,1.10,26,0.26,4258.26,13,3,4,13,7,139.04,9,45,2,2,139.04,0.00,0.50,0.03,0,18.00,2,774.92,0,1,5,org.apache.lucene.util.AttributeImpl,0.24,3,1,11,0,3,9,1,2,195,1
"org.apache.lucene.queryParser.standard.config.LocaleAttribute",2,0.00,1.00,3,0.02,77.91,2,0,4,2,7,179.09,6,4,5,2,158.47,0.00,0.50,0.00,0,2.00,1,46.77,0,1,3,,0.00,0,1,2,0,0,1,0,1,18,1
"org.apache.lucene.queryParser.standard.config.LocaleAttributeImpl",8,0.50,1.38,24,0.28,7930.95,10,2,4,10,6,179.53,8,43,2,2,129.53,0.00,0.50,0.06,2,14.00,3,826.55,0,2,4,org.apache.lucene.util.AttributeImpl,0.27,2,1,11,0,2,6,1,2,199,1
"org.apache.lucene.queryParser.standard.config.LowercaseExpandedTermsAttribute",2,0.00,1.00,3,0.02,77.91,2,0,4,2,8,179.09,6,4,5,2,158.47,0.00,0.50,0.00,0,2.00,1,46.77,0,0,3,,0.00,0,1,2,0,0,2,0,1,18,1
"org.apache.lucene.queryParser.standard.config.LowercaseExpandedTermsAttributeImpl",8,0.43,1.25,22,0.21,3476.30,10,2,4,9,6,188.95,8,40,2,2,138.95,0.00,0.50,0.12,0,16.00,2,631.22,0,1,4,org.apache.lucene.util.AttributeImpl,0.27,1,1,10,0,1,7,1,2,159,1
"org.apache.lucene.queryParser.standard.config.MultiFieldAttribute",2,0.00,1.00,3,0.02,110.04,2,0,3,2,6,177.91,6,4,4,2,157.29,0.00,0.50,0.00,0,2.00,1,55.02,0,1,3,,0.00,0,1,2,0,0,1,0,1,20,1
"org.apache.lucene.queryParser.standard.config.MultiFieldAttributeImpl",8,2.00,1.12,22,0.21,3745.51,10,2,4,12,6,188.71,8,38,2,2,138.71,0.00,0.50,0.00,0,8.00,2,639.86,0,2,4,org.apache.lucene.util.AttributeImpl,0.27,4,1,9,0,4,6,1,2,162,1
"org.apache.lucene.queryParser.standard.config.MultiTermRewriteMethodAttribute",2,1.00,1.00,4,0.03,318.39,3,1,5,2,12,163.05,7,5,8,2,142.43,0.00,0.50,0.00,0,2.00,1,103.69,0,1,4,,0.00,0,1,2,0,0,1,0,1,31,1
"org.apache.lucene.queryParser.standard.config.MultiTermRewriteMethodAttributeImpl",8,0.29,1.12,21,0.20,3465.16,10,2,5,10,7,188.98,9,39,2,2,138.98,0.00,0.50,0.25,0,8.00,2,603.99,0,2,5,org.apache.lucene.util.AttributeImpl,0.27,2,1,9,0,2,6,1,2,153,1
"org.apache.lucene.queryParser.standard.config.PositionIncrementsAttribute",2,0.00,1.00,3,0.02,77.91,2,0,3,2,7,179.09,6,4,5,2,158.47,0.00,0.50,0.00,0,2.00,1,46.77,0,0,3,,0.00,0,1,2,0,0,2,0,1,18,1
"org.apache.lucene.queryParser.standard.config.PositionIncrementsAttributeImpl",8,0.43,1.25,22,0.21,3537.70,10,2,3,9,6,188.89,8,40,2,2,138.89,0.00,0.50,0.12,0,16.00,2,629.20,0,1,4,org.apache.lucene.util.AttributeImpl,0.27,1,1,10,0,1,7,1,2,159,1
"org.apache.lucene.queryParser.standard.config.RangeCollatorAttribute",2,0.00,1.00,3,0.02,77.91,2,0,5,2,8,179.09,7,4,5,2,158.47,0.00,0.50,0.00,0,2.00,1,46.77,0,1,4,,0.00,0,1,2,0,0,1,0,1,18,1
"org.apache.lucene.queryParser.standard.config.RangeCollatorAttributeImpl",8,0.50,1.38,24,0.24,5335.64,10,2,5,10,7,180.89,9,43,2,2,130.89,0.00,0.50,0.06,1,14.00,3,715.91,0,2,5,org.apache.lucene.util.AttributeImpl,0.27,2,1,11,0,2,6,1,2,178,1
"org.apache.lucene.queryParser.standard.config.StandardQueryConfigHandler",1,0.00,1.00,15,0.13,2441.51,1,0,2,4,15,51.98,10,17,1,3,100.45,0.00,0.67,0.00,0,1.00,1,395.49,1,0,14,org.apache.lucene.queryParser.core.config.QueryConfigHandler,0.00,3,2,1,0,3,1,0,3,90,1
"org.apache.lucene.queryParser.standard.config.TestAttributes",1,0.00,1.00,17,0.66,17475.35,1,0,7,22,32,141.69,1,33,0,2,91.69,0.00,0.50,0.00,0,1.00,1,1989.14,0,0,32,org.apache.lucene.util.LuceneTestCase,0.00,21,1,1,0,21,1,0,1,328,1
"org.apache.lucene.queryParser.standard.config.TestAttributes$HashMap<String,Object>",0,0.00,0.00,3,0.05,981.27,0,0,7,1,2,171.00,0,3,0,1,171.00,0.00,0.00,0.00,0,0.00,0,159.91,0,0,2,java.lang.Object,0.00,1,0,0,0,1,0,0,0,37,0
"org.apache.solr.util.xslt.TransformerProvider",3,0.58,2.67,45,0.69,27862.91,9,6,14,29,5,77.78,17,63,1,1,95.66,0.00,0.00,0.56,0,0.00,4,2084.14,0,2,4,java.lang.Object,0.00,26,0,8,0,26,1,0,9,369,1
"org.apache.lucene.queryParser.core.nodes.AndQueryNode",3,1.00,3.00,25,0.36,14839.95,4,1,2,12,10,128.58,9,39,7,3,107.97,0.50,0.50,0.00,0,3.00,4,1093.28,2,2,3,org.apache.lucene.queryParser.core.nodes.BooleanQueryNode,0.10,9,2,9,1,9,1,0,3,219,1
"org.apache.lucene.queryParser.core.nodes.AnyQueryNode",8,3.00,2.38,53,0.67,24008.14,11,3,2,16,5,154.28,23,78,2,4,114.39,0.00,0.75,0.00,1,14.00,6,2013.74,3,4,3,org.apache.lucene.queryParser.core.nodes.AndQueryNode,0.21,8,3,19,0,8,4,0,6,414,1
"org.apache.lucene.queryParser.core.nodes.BooleanQueryNode",4,1.00,2.25,28,0.36,13763.77,5,1,2,11,20,151.32,11,41,17,2,111.44,5.00,0.14,0.00,0,4.00,4,1092.47,6,2,3,org.apache.lucene.queryParser.core.nodes.QueryNodeImpl,0.14,7,1,9,5,7,2,0,4,226,1
"org.apache.lucene.queryParser.core.nodes.BoostQueryNode",7,2.00,1.57,29,0.35,7527.03,9,2,6,15,13,124.80,32,48,6,2,124.57,0.00,0.50,0.00,1,7.00,2,1035.81,5,5,7,org.apache.lucene.queryParser.core.nodes.QueryNodeImpl,0.13,8,1,11,0,8,2,0,5,240,1
"org.apache.lucene.queryParser.core.nodes.DeletedQueryNode",4,1.00,1.00,10,0.08,1195.20,5,1,2,4,7,190.28,6,17,4,2,140.28,2.00,0.25,0.00,0,4.00,1,232.27,1,3,4,org.apache.lucene.queryParser.core.nodes.QueryNodeImpl,0.14,0,1,4,2,0,1,0,2,64,1
"org.apache.lucene.queryParser.core.nodes.FieldQueryNode",18,6.00,1.17,57,0.58,11444.70,24,6,3,20,26,170.98,45,88,22,2,131.09,5.00,0.14,0.00,2,18.00,2,1743.79,3,9,4,org.apache.lucene.queryParser.core.nodes.QueryNodeImpl,0.10,2,1,21,5,2,9,2,11,433,1
"org.apache.lucene.queryParser.core.nodes.FieldableNode",2,0.00,1.00,3,0.01,59.70,2,0,0,2,12,168.52,35,4,12,2,159.39,0.00,0.50,0.00,0,2.00,1,41.60,0,1,0,,0.00,0,1,2,0,0,1,0,4,17,1
"org.apache.lucene.queryParser.core.nodes.FuzzyQueryNode",8,3.00,1.12,27,0.29,5390.65,11,3,1,8,12,151.52,25,42,10,3,130.90,0.00,0.67,0.00,0,8.00,2,864.76,4,3,2,org.apache.lucene.queryParser.core.nodes.FieldQueryNode,0.12,0,2,9,0,0,5,0,4,211,1
"org.apache.lucene.queryParser.core.nodes.GroupQueryNode",6,1.00,1.33,22,0.23,3975.59,7,1,6,13,15,170.80,13,34,9,2,130.92,0.00,0.50,0.00,1,6.00,2,697.07,6,2,6,org.apache.lucene.queryParser.core.nodes.QueryNodeImpl,0.13,7,1,8,0,7,4,0,3,169,1
"org.apache.lucene.queryParser.core.nodes.MatchAllDocsQueryNode",4,1.00,1.00,10,0.08,1285.96,5,1,1,4,6,190.03,6,17,4,2,140.03,0.00,0.50,0.00,0,4.00,1,230.13,1,3,2,org.apache.lucene.queryParser.core.nodes.QueryNodeImpl,0.14,0,1,4,0,0,1,0,3,64,1
"org.apache.lucene.queryParser.core.nodes.MatchNoDocsQueryNode",2,1.00,1.00,5,0.03,406.03,3,1,0,2,6,97.47,22,9,5,3,141.60,0.00,0.67,0.00,0,2.00,1,101.65,0,1,1,org.apache.lucene.queryParser.core.nodes.DeletedQueryNode,0.10,0,2,2,0,0,1,0,3,30,1
"org.apache.lucene.queryParser.core.nodes.ModifierQueryNode",0,0.00,0.00,3,0.03,449.62,1,1,6,0,17,171.00,9,3,12,2,171.00,1.00,0.33,0.00,0,0.00,0,81.75,0,0,5,org.apache.lucene.queryParser.core.nodes.QueryNodeImpl,0.00,0,1,0,1,0,0,0,1,20,1
"org.apache.lucene.queryParser.core.nodes.ModifierQueryNode$Modifier",3,1.00,3.33,53,0.72,49687.71,4,1,6,15,5,91.84,14,88,0,1,91.60,0.00,0.00,0.00,3,3.00,6,2145.65,1,3,5,java.lang.Object,0.00,12,0,10,0,12,0,0,5,363,1
"org.apache.lucene.queryParser.core.nodes.NoTokenFoundQueryNode",4,1.00,1.00,11,0.08,1243.90,5,1,1,4,5,190.14,5,19,2,3,140.14,0.00,0.67,0.00,0,4.00,1,250.35,1,2,3,org.apache.lucene.queryParser.core.nodes.DeletedQueryNode,0.19,0,2,4,0,0,2,0,2,69,1
"org.apache.lucene.queryParser.core.nodes.OpaqueQueryNode",6,3.00,1.00,21,0.21,3663.98,9,3,1,6,6,171.15,17,30,3,2,131.26,0.00,0.50,0.00,0,6.00,1,633.18,2,5,3,org.apache.lucene.queryParser.core.nodes.QueryNodeImpl,0.13,0,1,6,0,0,1,0,4,159,1
"org.apache.lucene.queryParser.core.nodes.OrQueryNode",3,1.00,3.00,27,0.40,16629.65,4,1,3,13,10,126.29,10,39,7,3,105.67,0.00,0.67,0.00,0,3.00,4,1197.85,2,2,3,org.apache.lucene.queryParser.core.nodes.BooleanQueryNode,0.10,10,2,9,0,10,1,0,3,235,1
"org.apache.lucene.queryParser.core.nodes.ParametricQueryNode",6,2.00,1.00,20,0.23,3973.53,8,2,1,6,12,151.60,19,32,10,3,130.99,0.00,0.67,0.00,1,6.00,1,699.39,3,5,2,org.apache.lucene.queryParser.core.nodes.FieldQueryNode,0.12,0,2,6,0,0,1,0,3,170,1
"org.apache.lucene.queryParser.core.nodes.ParametricQueryNode$CompareOperator",6,0.00,1.00,19,0.09,939.80,6,0,1,6,0,135.92,0,26,0,1,135.92,0.00,0.00,0.00,0,6.00,1,278.06,0,6,0,java.lang.Object,0.00,0,0,6,0,0,0,0,0,83,1
"org.apache.lucene.queryParser.core.nodes.ParametricRangeQueryNode",8,1.00,1.75,37,0.50,17692.40,9,1,3,20,11,122.07,5,64,6,2,122.07,1.00,0.33,0.00,2,8.00,4,1504.32,5,4,5,org.apache.lucene.queryParser.core.nodes.QueryNodeImpl,0.12,12,1,14,1,12,4,1,2,335,1
"org.apache.lucene.queryParser.core.nodes.PathQueryNode",10,0.39,1.70,51,0.63,17234.25,12,2,5,24,4,119.55,45,69,1,2,119.32,0.00,0.50,0.15,1,22.00,3,1879.38,1,7,3,org.apache.lucene.queryParser.core.nodes.QueryNodeImpl,0.12,14,1,17,0,14,3,0,10,405,1
"org.apache.lucene.queryParser.core.nodes.PathQueryNode$QueryText",6,0.00,1.00,23,0.18,3850.24,9,3,5,6,0,151.71,23,32,0,1,131.10,0.00,0.00,0.33,0,10.00,1,544.31,1,3,0,java.lang.Object,0.00,0,0,6,0,0,3,1,6,143,2
"org.apache.lucene.queryParser.core.nodes.PhraseSlopQueryNode",9,2.00,1.56,35,0.38,7615.28,11,2,6,18,10,130.05,6,58,1,2,130.05,0.00,0.50,0.00,1,9.00,2,1152.31,5,4,9,org.apache.lucene.queryParser.core.nodes.QueryNodeImpl,0.12,9,1,14,0,9,5,1,1,274,1
"org.apache.lucene.queryParser.core.nodes.ProximityQueryNode",12,5.00,2.17,72,1.07,44003.00,17,5,5,23,10,113.96,53,108,3,3,113.73,0.00,0.67,0.00,3,22.00,6,3208.57,4,6,7,org.apache.lucene.queryParser.core.nodes.BooleanQueryNode,0.15,11,2,26,0,11,6,0,10,637,1
"org.apache.lucene.queryParser.core.nodes.ProximityQueryNode$ProximityType",2,2.00,1.00,8,0.06,597.62,4,2,5,2,0,129.05,0,11,0,1,129.05,0.00,0.00,0.00,0,2.00,1,177.62,0,0,0,java.lang.Object,0.00,0,0,2,0,0,2,0,0,49,2
"org.apache.lucene.queryParser.core.nodes.ProximityQueryNode$Type",3,0.00,1.00,11,0.05,469.26,3,0,5,3,0,135.92,0,15,0,1,135.92,0.00,0.00,0.00,0,3.00,1,152.46,0,3,0,java.lang.Object,0.00,0,0,3,0,0,0,0,0,46,1
"org.apache.lucene.queryParser.core.nodes.QueryNode",19,0.00,1.00,20,0.16,1082.74,19,0,4,19,81,157.41,76,26,80,2,157.17,0.00,0.50,0.00,0,19.00,1,493.87,0,9,1,,0.00,0,1,19,0,0,10,0,21,163,1
"org.apache.lucene.queryParser.core.nodes.QueryNodeImpl",24,7.00,1.58,98,1.23,32868.96,31,7,9,46,21,163.62,62,142,17,1,123.74,0.00,0.00,0.00,6,24.00,4,3679.95,2,9,4,java.lang.Object,0.00,22,0,38,28,22,15,2,24,812,2
"org.apache.lucene.queryParser.core.nodes.QuotedFieldQueryNode",4,1.00,1.25,14,0.19,3853.34,5,1,1,4,7,150.27,15,25,5,3,129.65,0.00,0.67,0.00,0,4.00,2,567.48,2,3,2,org.apache.lucene.queryParser.core.nodes.FieldQueryNode,0.13,0,2,5,0,0,1,0,3,137,1
"org.apache.lucene.queryParser.core.nodes.SlopQueryNode",9,2.00,1.56,35,0.38,7405.30,11,2,4,18,14,180.14,16,57,7,2,130.14,0.00,0.50,0.00,1,9.00,2,1138.06,5,6,7,org.apache.lucene.queryParser.core.nodes.QueryNodeImpl,0.12,9,1,14,0,9,3,1,2,272,1
"org.apache.lucene.queryParser.core.nodes.TestQueryNode",2,0.00,1.00,13,0.21,4564.99,2,0,2,15,3,165.53,2,17,0,2,115.53,0.00,0.50,0.00,0,2.00,1,638.68,0,0,3,org.apache.lucene.util.LuceneTestCase,0.00,13,1,2,0,13,2,0,2,133,1
"org.apache.lucene.queryParser.core.nodes.TextableQueryNode",2,0.00,1.00,3,0.01,38.51,2,0,0,2,2,110.89,19,4,2,1,160.88,0.00,0.00,0.00,0,2.00,1,33.51,0,1,0,,0.00,0,0,2,0,0,1,0,2,15,1
"org.apache.lucene.queryParser.core.nodes.TokenizedPhraseQueryNode",6,1.00,2.33,40,0.45,14470.95,7,1,2,17,10,165.14,6,55,6,2,115.14,0.00,0.50,0.00,0,6.00,4,1335.72,4,3,4,org.apache.lucene.queryParser.core.nodes.QueryNodeImpl,0.13,11,1,14,0,11,3,1,3,287,1
"org.apache.solr.spelling.AbstractLuceneSpellChecker",13,0.07,3.00,131,2.18,147993.52,34,21,29,60,30,122.12,50,174,7,2,101.50,3.00,0.20,0.11,3,69.00,14,6551.05,1,8,23,org.apache.solr.spelling.SolrSpellChecker,0.00,47,1,39,3,47,5,0,14,1086,2
"org.apache.solr.spelling.FileBasedSpellChecker",5,0.06,2.00,42,0.70,27038.19,9,4,15,38,16,147.64,13,65,1,3,107.76,0.00,0.67,0.30,1,1.00,5,2098.27,1,3,15,org.apache.solr.spelling.AbstractLuceneSpellChecker,0.00,33,2,10,0,33,2,0,5,372,1
"org.apache.solr.spelling.FileBasedSpellCheckerTest",5,0.00,1.00,106,2.45,115166.62,6,1,13,39,14,127.21,12,117,0,3,87.33,0.00,0.67,1.00,0,0.00,1,7360.91,3,0,14,org.apache.solr.SolrTestCaseJ4,0.00,34,2,5,0,34,5,0,6,1154,1
"org.apache.solr.spelling.IndexBasedSpellChecker",6,0.10,2.00,39,0.42,10768.95,10,4,10,16,11,156.07,16,59,4,3,116.19,0.50,0.50,0.17,1,2.00,3,1260.84,2,2,7,org.apache.solr.spelling.AbstractLuceneSpellChecker,0.00,10,2,12,1,10,4,0,5,270,1
"org.apache.solr.spelling.IndexBasedSpellCheckerTest",7,0.08,1.29,200,4.43,299935.93,9,2,27,62,26,120.37,14,241,0,3,80.48,0.00,0.67,0.43,0,0.00,2,13299.64,3,0,26,org.apache.solr.SolrTestCaseJ4,0.00,55,2,9,0,55,7,0,12,2024,1
"org.apache.solr.spelling.IndexBasedSpellCheckerTest$TestSpellChecker",1,0.00,1.00,3,0.02,168.05,1,0,27,1,2,135.68,0,7,0,4,135.68,0.00,0.75,0.00,0,0.00,1,52.05,0,1,2,org.apache.solr.spelling.IndexBasedSpellChecker,0.13,0,3,1,0,0,0,0,0,17,1
"org.apache.solr.spelling.PossibilityIterator",7,0.13,3.00,82,0.99,79937.10,12,5,8,33,5,100.18,31,94,2,1,99.95,0.00,0.00,0.31,1,8.00,9,2978.73,0,2,3,java.lang.Object,0.00,26,0,21,0,26,5,1,3,552,1
"org.apache.solr.spelling.QueryConverter",4,0.50,1.00,10,0.07,810.83,6,2,5,4,7,93.50,34,14,3,1,141.60,0.00,0.00,0.12,0,6.00,1,216.72,0,2,4,java.lang.Object,0.00,0,0,4,2,0,2,1,3,62,2
"org.apache.solr.spelling.RankedSpellPossibility",5,0.25,1.00,13,0.11,1469.01,7,2,1,7,4,140.34,0,19,3,1,140.34,0.00,0.00,0.30,0,10.00,1,324.20,0,1,1,java.lang.Object,0.00,2,0,5,0,2,4,1,0,89,1
"org.apache.solr.spelling.SampleComparator",1,0.00,1.00,3,0.03,434.49,1,0,2,2,1,132.66,4,5,0,1,132.43,0.00,0.00,0.00,0,1.00,1,102.54,0,0,1,java.lang.Object,0.00,1,0,1,0,1,1,1,1,29,1
"org.apache.solr.spelling.SimpleQueryConverter",1,0.00,3.00,24,0.45,20117.28,1,0,14,24,13,67.50,5,30,2,3,85.37,0.00,0.67,0.00,0,1.00,3,1344.76,0,1,11,org.apache.solr.spelling.SpellingQueryConverter,0.00,23,2,3,0,23,0,0,2,224,0
"org.apache.solr.spelling.SolrSpellChecker",10,0.14,1.10,25,0.33,5578.11,14,4,8,11,15,105.90,63,40,7,1,138.12,0.00,0.00,0.12,1,30.00,2,990.76,0,3,8,java.lang.Object,0.00,1,0,11,6,1,7,0,9,239,2
"org.apache.solr.spelling.SpellCheckCollation",9,0.09,1.11,26,0.20,3559.02,13,4,1,12,4,139.30,0,38,3,1,139.30,0.00,0.00,0.17,0,36.00,2,602.36,0,2,1,java.lang.Object,0.00,3,0,10,0,3,7,1,0,161,1
"org.apache.solr.spelling.SpellCheckCollator",2,1.00,8.00,71,1.27,107459.37,3,1,14,52,14,125.68,3,90,1,1,75.68,0.00,0.00,0.50,1,2.00,13,3819.28,0,2,13,java.lang.Object,0.00,50,0,16,0,50,0,0,3,579,1
"org.apache.solr.spelling.SpellCheckCollatorTest",4,0.00,1.50,155,2.87,198163.58,4,0,17,33,12,75.24,16,168,0,3,75.01,0.00,0.67,0.00,0,0.00,3,8624.32,3,0,12,org.apache.solr.SolrTestCaseJ4,0.00,29,2,6,0,29,4,0,16,1341,1
"org.apache.solr.spelling.SpellCheckCorrection",6,0.20,1.00,16,0.09,916.94,9,3,1,6,3,142.57,0,23,2,1,142.57,0.00,0.00,0.17,0,18.00,1,275.03,0,2,1,java.lang.Object,0.00,0,0,6,0,0,4,0,0,82,1
"org.apache.solr.spelling.SpellPossibilityIteratorTest",2,0.00,3.00,65,0.94,56884.86,3,1,7,11,3,79.53,0,74,0,3,79.53,0.00,0.67,1.00,0,0.00,5,2812.63,0,0,3,org.apache.solr.SolrTestCaseJ4,0.00,9,2,6,0,9,2,0,0,507,1
"org.apache.solr.spelling.SpellingOptions",5,7.00,1.00,27,0.28,5826.23,12,7,4,5,10,72.67,43,33,7,1,120.78,0.00,0.00,0.00,0,5.00,1,828.90,0,0,3,java.lang.Object,0.00,0,0,5,0,0,5,0,10,192,1
"org.apache.solr.spelling.SpellingQueryConverter",1,5.00,6.00,44,0.74,32204.60,7,6,14,28,13,105.69,31,60,5,2,73.78,1.00,0.33,0.17,0,0.00,6,2223.44,0,1,8,org.apache.solr.spelling.QueryConverter,0.00,27,1,6,1,27,0,0,7,378,1
"org.apache.solr.spelling.SpellingQueryConverterTest",5,0.00,1.40,62,0.99,47636.11,5,0,6,19,4,119.95,15,72,0,2,99.33,0.00,0.50,0.00,0,5.00,3,2978.65,0,0,4,org.apache.lucene.util.LuceneTestCase,0.00,14,1,7,0,14,5,0,10,571,1
"org.apache.solr.spelling.SpellingResult",12,0.09,1.33,40,0.48,13285.29,16,4,5,16,9,149.78,45,56,8,1,129.16,0.00,0.00,0.17,1,64.00,3,1450.18,0,5,1,java.lang.Object,0.00,4,0,16,0,4,7,0,9,334,1
"org.apache.lucene.benchmark.byTask.programmatic.Sample",2,0.00,1.00,37,0.47,13719.49,2,0,9,17,7,45.49,20,40,0,1,93.97,0.00,0.00,0.00,1,2.00,1,1405.53,0,1,7,java.lang.Object,0.00,15,0,2,0,15,1,0,14,262,1
"org.apache.lucene.analysis.th.TestThaiAnalyzer",9,0.00,1.00,54,1.08,23247.10,9,0,5,15,6,154.99,23,99,0,3,115.10,0.00,0.67,0.00,0,9.00,1,3233.44,3,0,6,org.apache.lucene.analysis.BaseTokenStreamTestCase,0.00,6,2,9,0,6,9,0,12,613,1
"org.apache.lucene.analysis.th.ThaiAnalyzer",2,1.00,1.50,10,0.15,3603.03,3,1,12,9,13,71.09,17,17,1,3,119.20,0.00,0.67,0.50,0,2.00,2,437.94,0,1,12,org.apache.lucene.analysis.ReusableAnalyzerBase,0.00,7,2,3,0,7,1,0,2,95,2
"org.apache.lucene.analysis.th.ThaiWordFilter",4,0.33,3.25,61,0.87,39416.59,16,12,13,26,12,63.19,24,77,4,4,95.41,0.00,0.75,0.33,0,2.00,8,2595.85,1,0,8,org.apache.lucene.analysis.TokenFilter,0.50,22,3,13,0,22,4,0,8,475,2
"org.apache.lucene.analysis.sinks.DateRecognizerSinkFilter",3,0.17,2.00,16,0.15,3395.67,6,3,6,7,3,141.33,10,25,1,2,120.72,0.00,0.50,0.22,0,4.00,4,463.98,0,0,2,org.apache.lucene.analysis.TeeSinkTokenFilter.SinkFilter,0.00,4,1,6,0,4,3,0,3,105,1
"org.apache.lucene.analysis.sinks.DateRecognizerSinkTokenizerTest",1,0.00,3.00,16,0.22,6737.93,1,0,8,10,4,95.68,0,20,0,3,95.68,0.00,0.67,0.00,0,1.00,3,654.26,0,0,4,org.apache.lucene.analysis.BaseTokenStreamTestCase,0.00,9,2,3,0,9,1,0,0,123,1
"org.apache.lucene.analysis.sinks.TokenRangeSinkFilter",3,0.17,1.33,15,0.12,2230.72,6,3,3,3,2,172.25,4,24,1,2,122.25,0.00,0.50,0.44,0,1.00,2,345.56,0,0,1,org.apache.lucene.analysis.TeeSinkTokenFilter.SinkFilter,0.00,0,1,4,0,0,3,0,1,88,1
"org.apache.lucene.analysis.sinks.TokenRangeSinkTokenizerTest",1,0.00,3.00,16,0.21,6734.98,1,0,6,9,4,95.68,0,20,0,3,95.68,0.00,0.67,0.00,0,1.00,3,615.56,0,0,4,org.apache.lucene.analysis.BaseTokenStreamTestCase,0.00,8,2,3,0,8,1,0,0,118,1
"org.apache.lucene.analysis.sinks.TokenTypeSinkFilter",2,0.00,1.50,9,0.09,1578.86,4,2,3,5,3,125.63,1,14,1,2,125.63,0.00,0.50,0.50,0,2.00,2,264.59,0,0,2,org.apache.lucene.analysis.TeeSinkTokenFilter.SinkFilter,0.00,3,1,3,0,3,2,0,1,65,1
"org.apache.lucene.analysis.sinks.TokenTypeSinkTokenizerTest",1,0.00,4.00,23,0.38,16806.69,1,0,10,14,8,86.61,0,28,0,3,86.61,0.00,0.67,0.00,0,1.00,4,1139.34,0,0,8,org.apache.lucene.analysis.BaseTokenStreamTestCase,0.00,13,2,4,0,13,1,0,0,200,1
"org.apache.lucene.analysis.sinks.TokenTypeSinkTokenizerTest$WordTokenFilter",2,0.00,2.00,10,0.11,2043.22,4,2,10,6,4,121.07,0,15,0,4,121.07,0.00,0.75,0.50,0,2.00,3,340.40,0,0,4,org.apache.lucene.analysis.TokenFilter,0.29,4,3,4,0,4,2,0,0,81,1
"org.apache.solr.spelling.suggest.jaspell.JaspellLookup",9,0.15,3.56,113,1.61,79911.92,18,9,17,51,10,99.36,3,147,3,2,99.36,0.00,0.50,0.25,2,0.00,8,4821.65,0,2,7,org.apache.solr.spelling.suggest.Lookup,0.00,42,1,32,0,42,7,0,3,909,1
"org.apache.solr.spelling.suggest.jaspell.JaspellTernarySearchTrie",30,0.18,3.30,269,3.81,393136.38,33,3,8,62,1,67.05,366,398,1,1,104.61,0.00,0.00,0.16,13,234.00,15,11419.64,0,15,0,java.lang.Object,0.00,32,0,99,0,32,15,0,38,2200,1
"org.apache.solr.spelling.suggest.jaspell.JaspellTernarySearchTrie$TSTNode",1,5.00,1.00,8,0.09,1453.23,8,7,8,1,0,74.85,12,10,0,1,112.41,0.00,0.00,0.29,0,0.00,1,280.48,0,0,0,java.lang.Object,0.00,0,0,1,0,0,1,0,5,64,2
"org.apache.lucene.queryParser.core.messages.QueryParserMessages",1,14.00,1.00,18,0.17,4776.65,15,14,1,2,25,52.91,7,21,24,2,95.20,0.00,0.50,0.00,0,1.00,1,520.62,0,0,1,org.apache.lucene.messages.NLS,0.00,1,1,1,0,1,1,0,5,113,1
"org.apache.solr.servlet.CacheHeaderTest",9,0.44,1.33,128,1.82,74393.72,11,2,11,41,1,147.33,17,174,0,5,97.33,0.00,0.80,0.11,2,23.00,2,5462.13,5,2,1,org.apache.solr.servlet.CacheHeaderTestBase,0.00,32,4,12,0,32,7,0,15,1015,1
"org.apache.solr.servlet.CacheHeaderTestBase",10,0.00,2.10,52,0.71,28107.47,10,0,9,24,4,117.60,1,78,2,4,117.60,0.67,0.50,0.00,3,10.00,6,2120.56,1,3,2,org.apache.solr.client.solrj.SolrJettyTestBase,0.00,14,3,21,2,14,7,0,1,442,2
"org.apache.solr.servlet.Deprecated",4,0.22,4.25,58,1.04,74310.20,7,3,21,39,10,114.91,15,79,0,2,94.30,0.00,0.50,0.50,2,0.00,11,3109.92,0,0,10,javax.servlet.http.HttpServlet,0.00,35,1,17,0,35,4,0,10,524,1
"org.apache.solr.servlet.DirectSolrConnection",6,0.20,3.33,69,1.06,54680.14,8,2,21,48,19,58.40,47,101,2,1,100.70,0.00,0.00,0.67,1,0.00,6,3170.96,0,2,17,java.lang.Object,0.00,42,0,20,0,42,4,0,11,570,1
"org.apache.solr.servlet.DirectSolrConnectionTest",5,0.50,1.60,30,0.34,10587.42,6,1,2,11,3,165.67,5,45,0,3,115.68,0.00,0.67,0.60,0,2.00,3,1020.22,1,2,3,org.apache.solr.util.AbstractSolrTestCase,0.24,6,2,8,0,6,3,0,5,215,1
"org.apache.solr.servlet.FileItemContentStream",2,0.00,1.00,10,0.08,946.18,3,1,30,7,12,123.86,0,15,1,2,123.86,0.00,0.50,1.00,0,0.00,1,241.60,0,1,11,org.apache.solr.common.util.ContentStreamBase,0.00,5,1,2,0,5,1,0,0,62,0
"org.apache.solr.servlet.HttpRequestContentStream",2,1.00,1.50,10,0.09,1543.69,3,1,30,6,12,172.09,2,15,1,2,122.10,0.00,0.50,0.50,0,2.00,2,284.88,0,1,11,org.apache.solr.common.util.ContentStreamBase,0.00,4,1,3,0,4,1,0,2,68,0
"org.apache.solr.servlet.LogLevelSelection",5,0.38,6.20,124,2.03,133596.50,7,2,10,41,0,84.47,20,178,0,2,84.24,0.00,0.50,0.20,2,11.00,12,6088.63,0,2,0,javax.servlet.http.HttpServlet,0.00,36,1,31,0,36,3,0,12,992,2
"org.apache.solr.servlet.LogLevelSelection$LogWrapper",6,0.07,2.83,31,0.37,11935.12,9,3,10,15,0,118.71,0,47,0,1,118.71,0.00,0.00,0.28,1,10.00,7,1106.25,0,1,0,java.lang.Object,0.00,9,0,17,0,9,5,1,0,254,2
"org.apache.solr.servlet.MultipartRequestParser",2,0.00,3.00,20,0.33,13725.31,3,1,30,21,16,103.47,8,33,3,1,103.23,0.00,0.00,1.00,0,0.00,5,993.40,0,1,14,java.lang.Object,0.00,19,0,6,0,19,1,1,8,175,0
"org.apache.solr.servlet.NoCacheHeaderTest",7,0.00,1.00,75,0.95,37945.98,7,0,6,16,1,144.18,15,109,0,5,104.29,0.00,0.80,0.00,3,7.00,1,2852.80,5,0,1,org.apache.solr.servlet.CacheHeaderTestBase,0.19,9,4,7,0,9,7,0,13,565,1
"org.apache.solr.servlet.RawRequestParser",1,0.00,1.00,4,0.06,1072.66,1,0,30,5,16,92.46,6,9,3,1,124.68,0.00,0.00,0.00,0,1.00,1,167.50,0,1,14,java.lang.Object,0.00,4,0,1,0,4,0,1,6,39,0
"org.apache.solr.servlet.SimpleRequestParser",1,0.00,1.00,3,0.03,513.01,1,0,30,2,13,131.86,0,8,1,1,131.86,0.00,0.00,0.00,0,1.00,1,100.82,0,1,12,java.lang.Object,0.00,1,0,1,0,1,0,1,0,26,0
"org.apache.solr.servlet.SolrDispatchFilter",11,0.02,4.55,185,3.17,246251.13,19,8,33,111,19,49.19,86,245,1,1,91.48,0.00,0.00,0.15,5,50.00,25,9500.01,0,2,18,java.lang.Object,0.00,100,0,50,0,100,9,1,51,1537,1
"org.apache.solr.servlet.SolrRequestParser",1,0.00,1.00,2,0.02,209.87,1,0,30,1,16,141.49,0,5,5,1,141.49,0.00,0.00,0.00,0,1.00,1,63.36,0,1,11,,0.00,0,0,1,0,0,0,0,0,18,0
"org.apache.solr.servlet.SolrRequestParserTest",6,0.40,1.67,86,1.59,78943.77,7,1,22,48,11,145.69,9,117,0,3,95.69,0.00,0.67,0.67,0,0.00,2,4761.05,1,0,11,org.apache.solr.SolrTestCaseJ4,0.00,42,2,10,0,42,6,0,9,817,1
"org.apache.solr.servlet.SolrRequestParsers",6,0.11,3.83,90,1.29,73840.33,15,9,30,38,20,115.23,20,122,6,1,94.61,0.00,0.00,0.20,1,10.00,13,3883.57,0,3,16,java.lang.Object,0.00,32,0,23,0,32,3,0,15,694,1
"org.apache.solr.servlet.SolrRequestParsers$SolrQueryRequestBase",0,0.00,0.00,1,0.01,23.26,0,0,30,0,0,171.00,0,0,0,1,171.00,0.00,0.00,0.00,0,0.00,0,15.51,0,0,0,java.lang.Object,0.00,0,0,0,0,0,0,0,0,6,0
"org.apache.solr.servlet.SolrServletRequest",1,0.00,1.00,3,0.02,201.78,1,0,4,2,4,155.67,3,5,1,2,135.05,0.00,0.50,0.00,0,1.00,1,68.97,0,0,3,org.apache.solr.request.SolrQueryRequestBase,0.00,1,1,1,0,1,1,0,1,21,0
"org.apache.solr.servlet.StandardRequestParser",2,0.00,4.00,22,0.33,13923.68,4,2,30,15,16,151.57,2,35,2,1,101.57,0.00,0.00,0.50,0,2.00,7,993.39,0,1,14,java.lang.Object,0.00,13,0,8,0,13,1,1,2,185,0
"org.apache.lucene.analysis.gl.GalicianAnalyzer",5,0.50,1.80,21,0.28,7029.43,7,2,15,15,14,75.51,42,31,1,4,123.62,0.00,0.75,0.10,0,8.00,3,847.94,0,2,13,org.apache.lucene.analysis.StopwordAnalyzerBase,0.00,10,3,9,0,10,3,0,8,189,2
"org.apache.lucene.analysis.gl.GalicianAnalyzer$DefaultSetHolder",0,0.00,0.00,6,0.05,843.89,1,1,15,0,2,171.00,2,11,0,1,171.00,0.00,0.00,0.00,0,0.00,0,162.56,0,0,2,java.lang.Object,0.00,0,0,0,0,0,0,0,2,40,2
"org.apache.lucene.analysis.gl.GalicianStemFilter",2,0.33,2.00,15,0.18,4744.35,5,3,6,9,9,94.87,10,21,3,4,112.74,0.00,0.75,0.50,0,2.00,3,535.08,0,0,6,org.apache.lucene.analysis.TokenFilter,0.29,7,3,4,0,7,2,0,2,116,2
"org.apache.lucene.analysis.gl.GalicianStemmer",1,0.00,9.00,41,0.51,38559.53,8,7,2,2,2,44.84,13,40,1,2,74.22,0.00,0.50,1.00,0,0.00,9,1518.51,1,0,1,org.apache.lucene.analysis.pt.RSLPStemmerBase,0.00,1,1,9,0,1,1,0,4,280,1
"org.apache.lucene.analysis.gl.TestGalicianAnalyzer",4,0.00,1.00,16,0.17,3088.17,4,0,5,9,3,175.80,7,22,0,3,125.80,0.00,0.67,0.00,0,4.00,1,522.25,2,0,3,org.apache.lucene.analysis.BaseTokenStreamTestCase,0.00,5,2,4,0,5,4,0,6,121,1
"org.apache.lucene.analysis.gl.TestGalicianStemFilter",1,0.00,1.00,5,0.04,412.90,1,0,10,3,7,124.56,4,8,0,3,124.33,0.00,0.67,0.00,0,1.00,1,116.42,0,0,7,org.apache.lucene.analysis.BaseTokenStreamTestCase,0.00,2,2,1,0,2,1,0,2,31,1
"org.apache.lucene.analysis.gl.TestGalicianStemFilter$ReusableAnalyzerBase",1,0.00,1.00,5,0.06,1073.53,1,0,10,5,5,121.06,0,8,0,1,121.06,0.00,0.00,0.00,0,1.00,1,188.94,0,1,5,java.lang.Object,0.00,4,0,1,0,4,0,0,0,44,0
"org.apache.lucene.analysis.snowball.Deprecated",5,0.25,2.40,36,0.63,26405.29,8,3,8,19,11,77.74,31,58,0,2,109.96,0.00,0.50,0.53,0,0.00,4,1901.90,2,2,11,org.apache.lucene.analysis.Analyzer,0.00,14,1,12,0,14,3,0,9,376,2
"org.apache.lucene.analysis.snowball.Deprecated$SavedStreams",0,0.00,0.00,3,0.01,82.42,2,2,8,0,2,171.00,0,5,0,1,171.00,0.00,0.00,0.00,0,0.00,0,41.21,0,0,2,java.lang.Object,0.00,0,0,0,0,0,0,0,0,13,1
"org.apache.lucene.analysis.snowball.SnowballFilter",3,0.17,2.67,26,0.35,10774.81,6,3,8,17,28,66.80,22,38,21,4,109.09,0.00,0.75,0.44,0,1.00,4,1036.94,0,0,7,org.apache.lucene.analysis.TokenFilter,0.27,14,3,8,0,14,3,0,3,211,2
"org.apache.lucene.analysis.snowball.TestSnowball",7,0.00,1.00,44,0.68,15603.58,7,0,12,21,13,155.49,14,57,0,3,115.61,0.00,0.67,0.00,0,7.00,1,2036.48,2,0,13,org.apache.lucene.analysis.BaseTokenStreamTestCase,0.00,14,2,7,0,14,7,0,6,412,1
"org.apache.lucene.analysis.snowball.TestSnowball$TestTokenStream",2,0.67,1.00,18,0.24,4507.22,8,6,12,11,8,109.00,0,22,0,3,109.00,0.00,0.67,0.50,0,2.00,1,709.55,0,0,8,org.apache.lucene.analysis.TokenStream,0.30,9,2,2,0,9,2,0,0,149,2
"org.apache.lucene.analysis.snowball.TestSnowballVocab",2,0.00,1.50,23,0.24,3094.52,2,0,8,5,4,58.84,16,28,0,2,106.94,0.00,0.50,0.00,1,2.00,2,716.64,0,0,4,org.apache.lucene.util.LuceneTestCase,0.00,3,1,3,0,3,2,0,9,140,1
"org.apache.lucene.analysis.snowball.TestSnowballVocab$ReusableAnalyzerBase",1,0.00,1.00,4,0.05,771.22,1,0,8,4,3,125.81,0,7,0,1,125.81,0.00,0.00,0.00,0,1.00,1,141.98,0,1,3,java.lang.Object,0.00,3,0,1,0,3,0,0,0,35,0
"org.apache.lucene.analysis.sv.SwedishAnalyzer",5,0.50,1.80,21,0.29,7141.30,7,2,17,16,15,75.46,42,31,1,4,123.56,0.00,0.75,0.10,0,8.00,3,866.52,0,2,14,org.apache.lucene.analysis.StopwordAnalyzerBase,0.00,11,3,9,0,11,3,0,8,192,2
"org.apache.lucene.analysis.sv.SwedishAnalyzer$DefaultSetHolder",0,0.00,0.00,6,0.05,843.89,1,1,17,0,2,171.00,2,11,0,1,171.00,0.00,0.00,0.00,0,0.00,0,162.56,0,0,2,java.lang.Object,0.00,0,0,0,0,0,0,0,2,40,2
"org.apache.lucene.analysis.sv.SwedishLightStemFilter",2,0.33,2.00,14,0.16,3794.18,5,3,6,9,8,113.74,9,20,2,4,113.50,0.00,0.75,0.50,0,2.00,3,481.98,0,0,6,org.apache.lucene.analysis.TokenFilter,0.29,7,3,4,0,7,2,0,1,107,2
"org.apache.lucene.analysis.sv.SwedishLightStemmer",1,0.00,8.00,10,0.42,31455.50,1,0,1,2,1,55.51,7,41,1,1,97.80,0.00,0.00,0.00,0,1.00,8,1250.96,0,0,0,java.lang.Object,0.00,1,0,8,0,1,1,0,1,221,1
"org.apache.lucene.analysis.sv.TestSwedishAnalyzer",4,0.00,1.00,16,0.17,3088.17,4,0,6,9,4,175.80,7,22,0,3,125.80,0.00,0.67,0.00,0,4.00,1,522.25,2,0,4,org.apache.lucene.analysis.BaseTokenStreamTestCase,0.00,5,2,4,0,5,4,0,6,121,1
"org.apache.lucene.analysis.sv.TestSwedishLightStemFilter",2,0.00,1.00,7,0.06,584.23,2,0,8,5,5,173.67,5,11,0,3,133.79,0.00,0.67,0.00,0,2.00,1,173.53,0,0,5,org.apache.lucene.analysis.BaseTokenStreamTestCase,0.00,3,2,2,0,3,2,0,3,46,1
"org.apache.lucene.analysis.sv.TestSwedishLightStemFilter$ReusableAnalyzerBase",1,0.00,1.00,4,0.05,1009.20,1,0,8,4,3,124.89,0,7,0,1,124.89,0.00,0.00,0.00,0,1.00,1,159.62,0,1,3,java.lang.Object,0.00,3,0,1,0,3,0,0,0,38,0
"org.apache.lucene.queryParser.spans.SpanOrQueryNodeBuilder",1,0.00,2.00,10,0.13,4739.70,1,0,8,5,8,62.30,7,13,1,1,104.59,0.00,0.00,0.00,0,1.00,2,384.82,0,1,7,java.lang.Object,0.00,4,0,2,0,4,0,1,2,78,1
"org.apache.lucene.queryParser.spans.SpanTermQueryNodeBuilder",1,0.00,1.00,4,0.05,948.57,1,0,6,5,7,125.33,4,7,1,1,125.10,0.00,0.00,0.00,0,1.00,1,151.44,0,1,6,java.lang.Object,0.00,4,0,1,0,4,0,1,1,38,1
"org.apache.lucene.queryParser.spans.SpansQueryConfigHandler",2,0.00,1.00,5,0.03,289.23,2,0,2,3,5,163.37,7,9,2,3,142.76,0.00,0.67,0.00,0,2.00,1,93.81,0,1,3,org.apache.lucene.queryParser.core.config.QueryConfigHandler,0.00,1,2,2,0,1,1,0,2,29,1
"org.apache.lucene.queryParser.spans.SpansQueryTreeBuilder",2,0.00,1.00,6,0.06,908.13,2,0,7,4,11,114.41,10,11,2,2,132.28,0.00,0.50,0.00,0,2.00,1,187.45,2,1,9,org.apache.lucene.queryParser.core.builders.QueryTreeBuilder,0.00,2,1,2,0,2,1,1,1,51,1
"org.apache.lucene.queryParser.spans.SpansValidatorQueryNodeProcessor",3,0.00,1.33,9,0.13,4216.51,3,0,10,6,11,148.96,10,20,2,2,128.35,0.00,0.50,0.00,0,3.00,2,394.23,0,3,9,org.apache.lucene.queryParser.core.processors.QueryNodeProcessorImpl,0.00,3,1,4,0,3,0,0,1,92,1
"org.apache.lucene.queryParser.spans.TestSpanQueryParser",8,4.00,1.88,59,0.64,13798.51,12,4,12,26,16,65.74,70,89,0,2,113.84,0.00,0.50,0.00,1,8.00,8,1909.70,1,2,16,org.apache.lucene.util.LuceneTestCase,0.00,18,1,15,0,18,6,0,10,427,1
"org.apache.lucene.queryParser.spans.TestSpanQueryParserSimpleSample",1,0.00,3.00,17,0.25,6544.90,1,0,10,17,13,139.52,76,21,0,2,94.80,0.00,0.50,0.00,0,1.00,3,760.50,0,0,13,org.apache.lucene.util.LuceneTestCase,0.00,16,1,3,0,16,1,0,13,138,1
"org.apache.lucene.queryParser.spans.UniqueFieldAttribute",2,0.00,1.00,3,0.02,77.91,2,0,2,2,7,158.71,8,4,5,2,158.47,0.00,0.50,0.00,0,2.00,1,46.77,0,1,2,,0.00,0,1,2,0,0,1,0,1,18,1
"org.apache.lucene.queryParser.spans.UniqueFieldAttributeImpl",8,0.43,1.25,25,0.25,5105.49,10,2,2,13,4,181.06,8,45,1,2,131.06,0.00,0.50,0.12,2,16.00,2,751.79,0,2,3,org.apache.lucene.util.AttributeImpl,0.27,5,1,10,0,5,6,1,1,185,1
"org.apache.lucene.queryParser.spans.UniqueFieldQueryNodeProcessor",3,0.00,2.00,16,0.19,6712.62,3,0,6,8,8,139.00,10,30,2,2,118.39,0.00,0.50,0.00,0,3.00,4,583.71,1,3,6,org.apache.lucene.queryParser.core.processors.QueryNodeProcessorImpl,0.00,5,1,6,0,5,0,0,1,125,1
"org.apache.solr.handler.clustering.AbstractClusteringTestCase",1,1.00,2.00,11,0.46,9399.35,3,2,2,4,3,121.32,3,105,2,3,100.71,1.00,0.40,0.50,0,0.00,2,1365.89,3,0,1,org.apache.solr.SolrTestCaseJ4,0.00,3,2,2,2,3,1,0,1,217,2
"org.apache.solr.handler.clustering.ClusteringComponent",13,0.00,3.46,134,2.20,130266.94,18,5,21,57,20,141.79,34,179,3,2,101.91,0.00,0.50,0.20,2,46.00,15,6596.47,1,7,17,org.apache.solr.handler.component.SearchComponent,0.29,44,1,45,0,44,6,1,16,1147,1
"org.apache.solr.handler.clustering.ClusteringComponentTest",1,0.00,1.00,33,0.50,17580.54,1,0,12,15,14,48.71,6,36,0,4,80.93,0.00,0.75,0.00,0,0.00,1,1491.90,0,0,14,org.apache.solr.handler.clustering.AbstractClusteringTestCase,0.00,14,3,1,0,14,1,0,3,253,1
"org.apache.solr.handler.clustering.ClusteringEngine",2,0.33,1.00,9,0.07,1013.17,5,3,2,3,5,167.13,4,12,3,1,127.24,0.00,0.00,0.50,0,0.00,1,217.49,0,2,2,java.lang.Object,0.00,1,0,2,4,1,0,0,1,57,1
"org.apache.solr.handler.clustering.ClusteringParams",0,0.00,0.00,6,0.08,1642.33,5,5,0,0,3,171.00,23,7,3,1,171.00,0.00,0.00,0.00,0,0.00,0,246.35,0,0,0,,0.00,0,0,0,0,0,0,0,3,57,1
"org.apache.solr.handler.clustering.DistributedClusteringComponentTest",2,0.00,1.50,14,0.20,5006.05,2,0,2,6,4,152.51,4,24,0,4,112.62,0.00,0.75,0.00,0,2.00,2,610.56,5,1,4,org.apache.solr.BaseDistributedSearchTestCase,0.09,4,3,3,0,4,1,0,4,116,1
"org.apache.solr.handler.clustering.DocumentClusteringEngine",2,0.00,1.00,3,0.03,163.57,2,0,3,2,6,107.46,20,4,2,2,155.94,1.00,0.33,0.00,0,2.00,1,76.87,0,2,4,org.apache.solr.handler.clustering.ClusteringEngine,0.00,0,1,2,1,0,0,0,3,25,2
"org.apache.solr.handler.clustering.MockDocumentClusteringEngine",2,0.00,1.00,7,0.06,1066.67,2,0,3,3,4,171.61,4,12,0,3,131.73,0.00,0.67,0.00,0,2.00,1,179.66,0,2,4,org.apache.solr.handler.clustering.DocumentClusteringEngine,0.00,1,2,2,0,1,0,0,1,48,1
"org.apache.solr.handler.clustering.SearchClusteringEngine",4,0.00,1.00,7,0.12,1437.61,4,0,9,6,9,171.49,12,14,2,2,150.88,1.00,0.33,0.00,0,4.00,1,346.64,0,4,7,org.apache.solr.handler.clustering.ClusteringEngine,0.00,2,1,4,1,2,0,0,3,85,2
"org.apache.lucene.xmlparser.CoreParser",8,0.06,1.38,70,0.96,33614.43,13,5,9,38,30,108.94,32,103,3,1,108.71,0.00,0.00,0.15,2,16.00,3,2880.03,0,3,27,java.lang.Object,0.00,30,0,11,1,30,5,1,5,531,1
"org.apache.lucene.xmlparser.CorePlusExtensionsParser",3,0.00,1.00,14,0.18,3227.64,3,0,8,11,12,76.19,30,22,3,2,124.67,0.00,0.50,0.00,0,4.00,1,531.06,0,0,9,org.apache.lucene.xmlparser.CoreParser,0.00,8,1,3,0,8,3,0,4,117,1
"org.apache.lucene.xmlparser.DOMUtils",17,0.00,2.53,115,1.35,47777.25,17,0,7,43,25,154.49,38,205,24,1,114.60,0.00,0.00,0.00,5,17.00,6,4063.88,0,13,1,java.lang.Object,0.00,26,0,43,0,26,4,0,12,873,1
"org.apache.lucene.xmlparser.FilterBuilder",1,0.00,1.00,2,0.01,69.06,1,0,2,1,11,171.57,19,3,9,1,145.29,0.00,0.00,0.00,0,1.00,1,36.53,0,1,2,,0.00,0,0,1,0,0,0,0,2,13,1
"org.apache.lucene.xmlparser.FilterBuilderFactory",3,0.00,1.33,11,0.14,3433.29,4,1,3,9,6,96.83,19,19,3,1,129.05,0.00,0.00,1.00,0,0.00,2,408.23,0,2,3,java.lang.Object,0.00,6,0,4,0,6,1,1,2,98,1
"org.apache.lucene.xmlparser.ParserException",4,0.00,1.00,9,0.05,332.37,4,0,0,4,37,96.55,32,14,37,2,144.65,0.00,0.50,0.00,0,4.00,1,136.79,0,0,0,java.lang.Exception,0.00,0,1,4,0,0,4,0,6,46,1
"org.apache.lucene.xmlparser.QueryBuilder",1,0.00,1.00,2,0.01,69.06,1,0,2,1,17,178.67,20,3,15,1,145.29,0.00,0.00,0.00,0,1.00,1,36.53,0,1,2,,0.00,0,0,1,0,0,0,0,2,13,1
"org.apache.lucene.xmlparser.QueryBuilderFactory",3,0.00,1.33,11,0.14,3433.29,4,1,3,9,5,96.83,19,19,2,1,129.05,0.00,0.00,1.00,0,0.00,2,408.23,0,1,3,java.lang.Object,0.00,6,0,4,0,6,2,1,2,98,1
"org.apache.lucene.xmlparser.QueryTemplateManager",16,0.08,1.12,71,1.05,22894.25,20,4,21,42,3,144.28,48,111,2,1,123.67,0.00,0.00,0.17,4,106.00,3,3158.19,0,9,1,java.lang.Object,0.00,26,0,18,0,26,7,0,11,648,1
"org.apache.lucene.xmlparser.TestParser",24,0.12,1.17,119,1.60,38355.61,28,4,20,59,17,123.28,20,174,1,2,123.28,0.00,0.50,0.14,2,122.00,3,4802.86,0,1,16,org.apache.lucene.util.LuceneTestCase,0.00,35,1,28,0,35,23,0,5,965,1
"org.apache.lucene.xmlparser.TestQueryTemplateManager",5,0.21,2.40,60,0.94,28233.20,11,6,17,39,13,58.71,39,92,0,2,101.00,0.00,0.50,0.33,2,2.00,3,2823.47,2,2,13,org.apache.lucene.util.LuceneTestCase,0.00,34,1,12,0,34,3,0,19,520,1
"org.apache.lucene.search.regex.Deprecated",4,1.00,1.00,10,0.09,1402.49,5,1,2,9,6,189.73,6,13,0,4,139.73,0.00,0.75,0.00,0,0.00,1,263.13,0,2,6,org.apache.lucene.search.spans.SpanMultiTermQueryWrapper,0.00,5,3,4,0,5,2,1,1,72,1
"org.apache.lucene.search.regex.JakartaRegexpCapabilities",7,0.00,2.29,41,0.48,19042.74,13,6,4,16,4,138.30,25,59,3,1,117.69,0.00,0.00,0.17,0,0.00,5,1427.00,0,1,1,java.lang.Object,0.00,9,0,16,0,9,6,1,8,318,1
"org.apache.lucene.search.regex.JavaUtilRegexCapabilities",7,0.07,1.71,29,0.39,12165.63,17,10,1,13,5,143.52,25,39,4,1,122.90,0.00,0.00,0.04,0,10.00,5,1183.05,0,1,1,java.lang.Object,0.00,6,0,12,0,6,6,1,5,262,1
"org.apache.lucene.search.regex.RegexCapabilities",3,0.00,1.00,4,0.02,54.02,3,0,0,3,7,123.55,38,5,7,1,161.11,0.00,0.00,0.00,0,3.00,1,49.02,0,1,0,,0.00,0,0,3,0,0,2,0,5,21,1
"org.apache.lucene.search.regex.RegexQuery",8,0.07,1.50,31,0.35,10529.74,10,2,6,20,14,168.43,17,43,5,3,128.55,0.00,0.67,0.44,0,8.00,4,1053.71,3,4,9,org.apache.lucene.search.MultiTermQuery,0.09,12,2,12,0,12,4,1,6,245,1
"org.apache.lucene.search.regex.RegexQueryCapable",2,0.00,1.00,3,0.01,38.51,2,0,0,2,3,110.89,19,4,2,1,160.88,0.00,0.00,0.00,0,2.00,1,33.51,0,0,1,,0.00,0,0,2,0,0,2,0,2,15,1
"org.apache.lucene.search.regex.RegexTermEnum",5,0.19,1.60,28,0.29,6369.63,9,4,4,13,5,170.37,9,40,1,3,120.37,0.00,0.67,0.40,0,1.00,3,884.99,2,0,4,org.apache.lucene.search.FilteredTermEnum,0.50,8,2,8,0,8,5,0,2,198,1
"org.apache.lucene.search.regex.TestJakartaRegexpCapabilities",2,0.00,1.00,15,0.14,2755.54,2,0,1,9,1,154.64,4,18,0,2,114.76,0.00,0.50,0.00,0,2.00,1,431.70,0,0,1,org.apache.lucene.util.LuceneTestCase,0.00,7,1,2,0,7,2,0,2,103,1
"org.apache.lucene.search.regex.TestRegexQuery",16,0.07,1.06,59,0.72,11804.88,20,4,11,42,14,130.60,1,76,0,2,130.60,0.00,0.50,0.19,1,52.00,2,2146.32,2,1,14,org.apache.lucene.util.LuceneTestCase,0.00,26,1,17,0,26,15,0,1,488,1
"org.apache.lucene.search.regex.TestSpanRegexQuery",7,0.25,1.00,88,1.42,37010.41,9,2,17,30,14,101.66,30,111,0,2,101.42,0.00,0.50,0.71,1,0.00,1,4254.87,2,0,14,org.apache.lucene.util.LuceneTestCase,0.00,23,1,7,0,23,7,0,30,780,1
"org.apache.solr.schema.AbstractSubTypeFieldType",7,0.10,1.57,49,0.63,19234.34,14,7,7,22,11,132.91,24,62,2,3,112.29,1.50,0.33,0.22,1,12.00,3,1877.95,0,4,9,org.apache.solr.schema.FieldType,0.00,15,2,11,3,15,3,1,7,380,2
"org.apache.solr.schema.BCDIntField",9,0.00,1.00,18,0.23,3070.70,9,0,8,16,11,139.82,5,37,2,3,139.82,1.00,0.40,0.00,2,9.00,1,686.85,1,6,9,org.apache.solr.schema.FieldType,0.00,7,2,9,2,7,3,0,3,177,1
"org.apache.solr.schema.BCDLongField",2,0.00,1.00,5,0.06,888.31,2,0,3,4,3,188.92,3,10,0,4,138.92,0.00,0.75,0.00,0,2.00,1,194.05,1,1,3,org.apache.solr.schema.BCDIntField,0.00,2,3,2,0,2,1,0,1,50,1
"org.apache.solr.schema.BCDStrField",2,0.00,1.00,5,0.06,741.71,2,0,3,3,3,160.15,7,10,0,4,139.54,0.00,0.75,0.00,0,2.00,1,175.48,1,1,3,org.apache.solr.schema.BCDIntField,0.00,1,3,2,0,1,1,0,2,46,1
"org.apache.solr.schema.BadIndexSchemaTest",6,0.80,1.50,43,0.45,13872.68,7,1,6,22,4,112.89,3,51,0,3,112.89,0.00,0.67,0.33,1,10.00,3,1347.07,3,3,4,org.apache.solr.util.AbstractSolrTestCase,0.32,16,2,9,0,16,3,0,2,280,1
"org.apache.solr.schema.BinaryField",7,0.00,1.57,36,0.53,22061.49,7,0,8,26,9,117.27,1,51,1,3,117.27,0.00,0.67,0.00,2,12.00,5,1592.08,0,5,8,org.apache.solr.schema.FieldType,0.06,19,2,11,0,19,2,0,1,325,1
"org.apache.solr.schema.BoolField",11,2.00,1.27,30,0.44,8953.60,13,2,14,22,14,136.79,7,54,0,3,136.79,0.00,0.67,0.00,2,11.00,3,1318.29,1,8,14,org.apache.solr.schema.FieldType,0.17,11,2,14,0,11,3,0,5,307,1
"org.apache.solr.schema.BoolField$SolrAnalyzer",1,0.00,1.00,4,0.03,555.18,1,0,14,3,1,126.93,0,6,0,1,126.93,0.00,0.00,0.00,0,1.00,1,102.01,0,0,1,java.lang.Object,0.00,2,0,1,0,2,1,0,0,27,0
"org.apache.solr.schema.BoolField$SolrAnalyzer$Tokenizer",2,0.50,2.50,14,0.17,4586.86,4,2,14,5,1,112.80,0,20,0,1,112.80,0.00,0.00,0.75,0,0.00,4,524.31,1,0,1,java.lang.Object,0.00,3,0,5,0,3,2,0,0,111,0
"org.apache.solr.schema.ByteField",6,0.00,1.33,22,0.30,6489.62,6,0,9,18,10,179.24,11,38,0,3,129.24,0.00,0.67,0.00,0,10.00,3,896.18,2,3,10,org.apache.solr.schema.FieldType,0.06,12,2,8,0,12,3,0,9,200,1
"org.apache.solr.schema.CoordinateFieldType",1,2.00,1.00,6,0.05,767.99,4,3,0,1,2,158.55,21,8,1,4,119.25,0.33,0.60,0.33,0,0.00,1,151.44,0,0,1,org.apache.solr.schema.AbstractSubTypeFieldType,0.00,0,3,1,1,0,1,0,3,38,2
"org.apache.solr.schema.CopyField",6,0.00,1.50,23,0.22,6182.25,10,4,0,9,6,150.00,20,36,5,1,129.38,0.00,0.00,0.25,0,18.00,3,650.67,0,1,1,java.lang.Object,0.00,3,0,9,0,3,5,0,5,159,1
"org.apache.solr.schema.CopyFieldTest",7,0.00,2.00,67,1.05,41148.31,7,0,10,23,9,105.56,6,117,0,3,105.56,0.00,0.67,0.00,0,12.00,5,3146.60,5,0,9,org.apache.solr.SolrTestCaseJ4,0.00,16,2,14,0,16,7,0,1,630,1
"org.apache.solr.schema.CustomSimilarityFactory",1,0.00,1.00,3,0.03,352.50,1,0,1,3,3,133.14,0,6,0,2,133.14,0.00,0.50,0.00,0,0.00,1,85.83,0,1,3,org.apache.solr.schema.SimilarityFactory,0.50,2,1,1,0,2,0,0,0,24,1
"org.apache.solr.schema.DateField",19,0.03,1.84,90,1.43,62843.71,27,8,16,45,31,88.46,114,151,15,3,120.69,1.00,0.40,0.09,7,103.00,7,4296.56,1,16,16,org.apache.solr.schema.FieldType,0.05,26,2,35,2,26,3,0,25,861,1
"org.apache.solr.schema.DateField$DateFieldSource",5,0.50,1.00,14,0.14,2177.67,7,2,16,7,4,138.99,1,25,0,3,138.99,0.00,0.67,0.10,0,11.00,1,423.53,2,2,4,org.apache.solr.search.function.FieldCacheSource,0.32,2,2,5,0,2,3,0,1,110,0
"org.apache.solr.schema.DateField$DateFieldSource$StringIndexDocValues",7,0.00,1.00,17,0.18,2778.57,7,0,16,8,0,139.31,1,31,0,1,139.31,0.00,0.00,0.00,1,13.00,1,530.12,0,3,0,java.lang.Object,0.00,1,0,7,0,1,4,0,1,141,0
"org.apache.solr.schema.DateField$ISO8601CanonicalDateFormat",4,0.33,2.00,32,0.53,20730.91,6,2,16,24,0,157.90,5,54,0,2,107.90,0.00,0.50,0.25,0,8.00,3,1582.68,3,3,0,java.text.SimpleDateFormat,0.00,20,1,8,0,20,1,0,5,310,2
"org.apache.solr.schema.DateField$ThreadLocalDateFormat",2,0.00,1.00,7,0.05,679.49,3,1,16,3,0,133.27,0,12,0,2,133.27,0.00,0.50,1.00,0,0.00,1,154.32,0,1,0,java.lang.ThreadLocal,0.00,1,1,2,0,1,1,0,0,44,2
"org.apache.solr.schema.DateFieldTest",8,0.00,1.00,50,0.51,8141.69,8,0,2,17,2,118.29,6,63,0,3,118.29,0.00,0.67,0.00,2,0.00,1,1539.85,2,0,2,org.apache.solr.schema.LegacyDateFieldTest,0.75,9,2,8,0,9,8,0,6,342,1
"org.apache.solr.schema.Deprecated",3,1.00,1.33,12,0.16,4205.91,4,1,4,8,1,94.32,40,21,0,4,123.70,0.00,0.75,0.33,2,5.00,2,480.81,1,3,1,org.apache.solr.schema.DateField,0.06,5,3,4,0,5,0,0,5,111,2
"org.apache.solr.schema.Deprecated$ThreadLocalDateFormat",2,0.00,1.00,9,0.08,1070.68,3,1,4,5,0,127.05,0,14,0,2,127.05,0.00,0.50,1.00,0,0.00,1,225.58,0,1,0,java.lang.ThreadLocal,0.00,3,1,2,0,3,1,0,0,59,2
"org.apache.solr.schema.DoubleField",6,0.00,1.33,22,0.30,6489.62,6,0,9,18,10,179.24,11,38,0,3,129.24,0.00,0.67,0.00,0,10.00,3,896.18,2,3,10,org.apache.solr.schema.FieldType,0.00,12,2,8,0,12,3,0,9,200,1
"org.apache.solr.schema.ExternalFileField",5,0.06,1.80,25,0.39,13788.38,9,4,10,14,11,99.83,27,38,0,3,117.70,0.00,0.67,0.30,0,7.00,4,1159.13,2,2,11,org.apache.solr.schema.FieldType,0.06,9,2,9,0,9,3,0,2,233,1
"org.apache.solr.schema.FieldProperties",6,0.05,2.17,53,0.71,21733.61,21,15,2,15,2,159.11,10,68,2,1,109.11,0.00,0.00,0.02,1,10.00,4,2127.09,0,2,0,java.lang.Object,0.00,9,0,13,35,9,4,0,6,414,2
"org.apache.solr.schema.FieldType",37,0.04,1.68,138,2.14,74765.83,47,10,26,78,87,94.83,224,220,67,2,127.05,33.00,0.03,0.06,7,360.00,9,6415.42,0,24,22,org.apache.solr.schema.FieldProperties,0.00,41,1,62,33,41,13,0,53,1324,2
"org.apache.solr.schema.FieldType$DefaultAnalyzer",2,1.00,1.00,7,0.06,793.53,3,1,26,4,2,132.74,0,11,0,3,132.74,0.00,0.67,0.00,0,2.00,1,168.74,0,0,2,org.apache.solr.analysis.SolrAnalyzer,0.00,2,2,2,0,2,2,0,0,46,2
"org.apache.solr.schema.FieldType$DefaultAnalyzer$Tokenizer",1,0.00,2.00,12,0.17,4065.09,4,3,26,9,2,102.16,0,14,0,1,102.16,0.00,0.00,1.00,0,0.00,2,505.08,0,0,2,java.lang.Object,0.00,8,0,2,0,8,1,0,0,105,0
"org.apache.solr.schema.FloatField",6,0.00,1.33,22,0.30,6489.62,6,0,9,18,10,179.24,10,38,0,3,129.24,0.00,0.67,0.00,0,10.00,3,896.18,2,3,10,org.apache.solr.schema.FieldType,0.06,12,2,8,0,12,3,0,8,200,1
"org.apache.solr.schema.GeoHashField",7,0.00,1.29,26,0.46,10441.35,7,0,17,22,20,178.15,13,47,0,3,128.15,0.00,0.67,0.00,1,7.00,2,1393.90,1,5,20,org.apache.solr.schema.FieldType,0.00,15,2,9,0,15,2,1,7,291,1
"org.apache.solr.schema.IndexSchema",52,0.01,2.69,441,7.31,493743.84,76,24,34,188,105,73.54,319,562,81,1,105.76,0.00,0.00,0.05,15,1736.00,29,21943.84,0,36,27,java.lang.Object,0.00,136,0,140,0,136,16,0,99,3607,2
"org.apache.solr.schema.IndexSchema$AbstractPluginLoader<CharFilterFactory>",2,0.00,2.00,9,0.16,4139.72,2,0,34,9,2,172.27,2,15,0,1,122.27,0.00,0.00,0.00,0,2.00,3,465.47,0,1,2,java.lang.Object,0.00,7,0,4,0,7,1,0,2,97,0
"org.apache.solr.schema.IndexSchema$AbstractPluginLoader<FieldType>",3,0.00,2.33,24,0.37,13850.02,3,0,34,13,5,108.26,1,33,0,1,108.26,0.00,0.00,0.00,0,4.00,5,1119.82,0,2,5,java.lang.Object,0.00,10,0,7,0,10,1,0,1,219,0
"org.apache.solr.schema.IndexSchema$AbstractPluginLoader<TokenFilterFactory>",2,0.00,2.00,9,0.16,4139.72,2,0,34,9,2,172.27,2,15,0,1,122.27,0.00,0.00,0.00,0,2.00,3,465.47,0,1,2,java.lang.Object,0.00,7,0,4,0,7,1,0,2,97,0
"org.apache.solr.schema.IndexSchema$AbstractPluginLoader<TokenizerFactory>",2,0.00,2.00,10,0.19,5825.67,2,0,34,11,3,167.49,2,17,0,1,117.49,0.00,0.00,0.00,0,2.00,3,562.17,0,1,3,java.lang.Object,0.00,9,0,4,0,9,1,0,2,112,0
"org.apache.solr.schema.IndexSchema$DynamicCopy",4,0.33,1.00,13,0.10,1040.43,6,2,34,5,2,134.18,0,19,0,2,134.18,0.00,0.50,0.25,0,4.00,1,287.97,0,2,2,org.apache.solr.schema.DynamicReplacement,0.00,1,1,4,0,1,2,0,0,80,1
"org.apache.solr.schema.IndexSchema$DynamicDestCopy",4,0.11,2.00,24,0.32,8313.37,7,3,34,12,2,115.69,0,37,0,2,115.69,0.00,0.50,0.42,0,4.00,3,946.91,0,2,2,org.apache.solr.schema.DynamicCopy,0.00,8,1,8,0,8,2,0,0,202,1
"org.apache.solr.schema.IndexSchema$DynamicField",3,0.50,1.00,9,0.06,745.54,4,1,34,5,1,184.34,5,14,0,2,134.34,0.00,0.50,0.67,0,1.00,1,190.29,0,2,1,org.apache.solr.schema.DynamicReplacement,0.00,2,1,3,0,2,1,0,5,56,2
"org.apache.solr.schema.IndexSchema$DynamicReplacement",3,0.60,2.33,20,0.25,5901.89,8,5,34,8,0,155.73,7,29,0,1,115.84,0.00,0.00,0.60,0,2.00,3,754.56,0,0,0,java.lang.Object,0.00,5,0,7,0,5,3,1,1,168,2
"org.apache.solr.schema.IndexSchema$SimilarityFactory",1,0.00,1.00,3,0.02,266.27,1,0,34,2,1,134.10,0,5,0,1,134.10,0.00,0.00,0.00,0,1.00,1,56.43,0,1,1,java.lang.Object,0.00,1,0,1,0,1,0,0,0,18,0
"org.apache.solr.schema.IndexSchema$SimilarityFactory_0",1,0.00,1.00,3,0.02,206.33,1,0,34,1,1,134.98,0,5,0,1,134.98,0.00,0.00,0.00,0,1.00,1,51.19,0,1,1,java.lang.Object,0.00,0,0,1,0,0,0,0,0,17,0
"org.apache.solr.schema.IndexSchema$SolrIndexAnalyzer",6,0.80,1.33,20,0.25,6035.43,7,1,34,15,2,129.49,0,32,0,2,129.49,0.00,0.50,0.33,1,10.00,2,742.50,0,4,2,org.apache.lucene.analysis.Analyzer,0.00,9,1,8,0,9,2,0,0,178,1
"org.apache.solr.schema.IndexSchema$SolrQueryAnalyzer",2,0.00,2.00,11,0.15,4898.30,2,0,34,8,1,118.08,0,17,0,2,118.08,0.00,0.50,0.00,0,2.00,2,460.73,0,2,1,org.apache.solr.schema.SolrIndexAnalyzer,0.00,6,1,4,0,6,0,0,0,101,1
"org.apache.solr.schema.IndexSchemaTest",6,0.00,1.00,55,0.81,20924.65,6,0,12,30,11,157.51,11,85,0,3,107.51,0.00,0.67,0.00,0,0.00,1,2432.08,6,0,11,org.apache.solr.SolrTestCaseJ4,0.00,24,2,6,0,24,6,0,7,460,1
"org.apache.solr.schema.IntField",6,0.00,1.33,22,0.30,6489.62,6,0,9,18,10,179.24,10,38,0,3,129.24,0.00,0.67,0.00,0,10.00,3,896.18,2,3,10,org.apache.solr.schema.FieldType,0.06,12,2,8,0,12,3,0,8,200,1
"org.apache.solr.schema.LatLonType",11,0.35,2.55,139,2.70,255664.38,13,2,20,38,23,136.03,30,182,0,4,96.15,0.00,0.75,0.18,0,25.00,8,8107.71,3,7,23,org.apache.solr.schema.AbstractSubTypeFieldType,0.13,27,3,28,0,27,4,1,28,1342,1
"org.apache.solr.schema.LatLonValueSource",3,1.00,1.00,9,0.08,1086.65,4,1,20,4,16,133.05,0,15,1,4,133.05,0.00,0.75,0.33,1,4.00,1,241.08,0,2,15,org.apache.solr.search.function.VectorValueSource,0.36,1,3,3,0,1,1,0,0,64,0
"org.apache.solr.schema.LegacyDateFieldTest",8,0.05,1.12,45,0.48,7022.57,11,3,6,18,3,121.72,7,57,1,2,121.72,1.00,0.33,0.29,2,0.00,2,1454.58,1,0,2,org.apache.lucene.util.LuceneTestCase,0.00,10,1,9,1,10,8,0,7,326,1
"org.apache.solr.schema.LongField",6,0.00,1.33,22,0.30,6489.62,6,0,9,18,10,179.24,11,38,0,3,129.24,0.00,0.67,0.00,0,10.00,3,896.18,2,3,10,org.apache.solr.schema.FieldType,0.00,12,2,8,0,12,3,0,9,200,1
"org.apache.solr.schema.MockConfigurableSimilarity",2,1.00,1.00,6,0.03,349.01,3,1,1,2,3,135.55,0,9,2,3,135.55,0.00,0.67,0.50,0,2.00,1,100.40,0,1,1,org.apache.lucene.search.DefaultSimilarity,0.00,0,2,2,0,0,1,0,0,31,1
"org.apache.solr.schema.NotRequiredUniqueKeyTest",5,0.00,1.00,15,0.14,1696.64,5,0,3,12,4,183.27,6,20,0,3,133.27,0.00,0.67,0.00,0,8.00,1,405.73,2,2,4,org.apache.solr.util.AbstractSolrTestCase,0.32,7,2,5,0,7,3,0,1,105,1
"org.apache.solr.schema.PointType",11,0.00,2.36,98,1.65,88338.33,11,0,21,36,23,146.25,29,125,1,5,106.37,0.00,0.80,0.00,0,5.00,7,4935.68,3,7,22,org.apache.solr.schema.CoordinateFieldType,0.08,25,4,26,0,25,4,1,15,897,1
"org.apache.solr.schema.PointTypeValueSource",3,1.00,1.00,9,0.08,1086.65,4,1,21,4,19,133.05,0,15,1,4,133.05,0.00,0.75,0.33,1,4.00,1,241.08,0,2,18,org.apache.solr.search.function.VectorValueSource,0.36,1,3,3,0,1,1,0,0,64,0
"org.apache.solr.schema.PolyFieldTest",5,0.00,2.00,98,1.57,80038.52,5,0,10,30,12,110.65,16,123,0,3,90.03,0.00,0.67,0.00,0,2.00,3,4723.04,10,0,12,org.apache.solr.SolrTestCaseJ4,0.00,25,2,10,0,25,5,0,12,789,1
"org.apache.solr.schema.RandomSortField",6,0.00,1.17,25,0.33,11225.34,6,0,10,14,11,90.52,41,36,0,3,122.74,0.00,0.67,0.00,0,6.00,2,1000.78,0,2,11,org.apache.solr.schema.FieldType,0.12,8,2,7,0,8,4,0,8,230,1
"org.apache.solr.schema.RandomSortField$FieldComparatorSource",1,0.00,1.00,3,0.03,453.78,1,0,10,2,1,132.28,0,5,0,1,132.28,0.00,0.00,0.00,0,1.00,1,101.45,0,1,1,java.lang.Object,0.00,1,0,1,0,1,0,0,0,26,0
"org.apache.solr.schema.RandomSortField$FieldComparatorSource$FieldComparator",6,0.20,1.00,16,0.19,3279.52,9,3,10,6,1,138.21,1,28,0,1,138.21,0.00,0.00,0.50,0,0.00,1,566.92,0,1,1,java.lang.Object,0.00,0,0,6,0,0,5,0,1,143,0
"org.apache.solr.schema.RandomSortField$RandomValueSource",5,0.75,1.20,14,0.13,2692.53,6,1,10,7,3,138.22,0,24,0,2,138.22,0.00,0.50,0.40,1,7.00,2,404.72,0,2,3,org.apache.solr.search.function.ValueSource,0.29,2,1,6,0,2,3,0,0,105,1
"org.apache.solr.schema.RandomSortField$RandomValueSource$DocValues",6,0.20,1.00,14,0.17,2371.13,7,1,10,9,0,139.32,0,26,0,1,139.32,0.00,0.00,0.83,0,0.00,1,499.41,0,2,0,java.lang.Object,0.00,3,0,6,0,3,4,0,0,130,0
"org.apache.solr.schema.RequiredFieldsTest",4,0.00,1.00,44,0.88,20276.58,4,0,6,19,4,85.11,23,72,0,3,102.98,0.00,0.67,0.00,0,4.00,1,2631.55,8,0,4,org.apache.solr.SolrTestCaseJ4,0.00,15,2,4,0,15,4,0,21,468,1
"org.apache.solr.schema.SchemaAware",1,0.00,1.00,2,0.01,41.48,1,0,0,1,3,167.18,33,3,3,1,147.03,0.00,0.00,0.00,0,1.00,1,27.65,0,0,1,,0.00,0,0,1,0,0,1,0,3,11,1
"org.apache.solr.schema.SchemaField",34,0.02,1.44,111,1.27,45356.31,39,5,9,47,104,178.51,60,144,98,2,128.51,0.00,0.50,0.18,1,374.00,9,3795.06,2,8,8,org.apache.solr.schema.FieldProperties,0.00,13,1,49,0,13,26,0,19,870,2
"org.apache.solr.schema.ShortField",6,0.00,1.33,22,0.30,6489.62,6,0,9,18,10,169.13,12,38,0,3,129.24,0.00,0.67,0.00,0,10.00,3,896.18,2,3,10,org.apache.solr.schema.FieldType,0.06,12,2,8,0,12,3,0,9,200,1
"org.apache.solr.schema.SimilarityFactory",3,1.00,1.00,7,0.04,375.00,4,1,2,3,4,143.26,0,6,2,1,143.26,0.00,0.00,0.33,0,4.00,1,116.18,0,2,2,java.lang.Object,0.00,0,0,3,1,0,1,0,0,37,2
"org.apache.solr.schema.SortableDoubleField",9,0.00,1.00,21,0.28,4233.31,9,0,13,17,15,138.73,3,40,0,3,138.73,0.00,0.67,0.00,1,9.00,1,842.51,1,6,15,org.apache.solr.schema.FieldType,0.00,8,2,9,0,8,3,0,1,208,1
"org.apache.solr.schema.SortableDoubleFieldSource",6,0.20,1.00,19,0.22,4466.45,8,2,13,9,13,130.59,1,32,2,3,130.59,0.00,0.67,0.33,0,10.00,1,665.69,2,2,11,org.apache.solr.search.function.FieldCacheSource,0.30,3,2,6,0,3,4,0,1,162,0
"org.apache.solr.schema.SortableDoubleFieldSource$StringIndexDocValues",7,0.00,1.14,16,0.19,3139.54,7,0,13,11,1,138.86,0,30,0,1,138.86,0.00,0.00,0.00,1,7.00,2,562.35,0,3,1,java.lang.Object,0.00,4,0,8,0,4,4,0,0,146,0
"org.apache.solr.schema.SortableFloatField",9,0.00,1.00,21,0.28,4233.31,9,0,13,17,15,138.73,3,40,0,3,138.73,0.00,0.67,0.00,1,9.00,1,842.51,1,6,15,org.apache.solr.schema.FieldType,0.06,8,2,9,0,8,3,0,1,208,1
"org.apache.solr.schema.SortableFloatFieldSource",6,0.20,1.00,17,0.19,3232.57,8,2,13,9,14,138.26,0,30,3,3,138.26,0.00,0.67,0.33,0,10.00,1,563.18,2,2,11,org.apache.solr.search.function.FieldCacheSource,0.30,3,2,6,0,3,4,0,0,142,0
"org.apache.solr.schema.SortableFloatFieldSource$StringIndexDocValues",7,0.00,1.14,16,0.19,3139.54,7,0,13,11,1,138.86,0,30,0,1,138.86,0.00,0.00,0.00,1,7.00,2,562.35,0,3,1,java.lang.Object,0.00,4,0,8,0,4,4,0,0,146,0
"org.apache.solr.schema.SortableIntField",9,0.00,1.00,21,0.30,4593.83,9,0,13,17,15,138.45,8,40,0,3,138.45,0.00,0.67,0.00,1,9.00,1,909.16,1,6,15,org.apache.solr.schema.FieldType,0.06,8,2,9,0,8,3,0,6,220,1
"org.apache.solr.schema.SortableIntFieldSource",6,0.20,1.00,17,0.18,3234.51,8,2,13,8,13,138.26,0,30,2,3,138.26,0.00,0.67,0.33,0,10.00,1,541.50,2,2,11,org.apache.solr.search.function.FieldCacheSource,0.30,2,2,6,0,2,4,0,0,138,0
"org.apache.solr.schema.SortableIntFieldSource$StringIndexDocValues",7,0.00,1.14,16,0.19,3330.05,7,0,13,11,1,138.66,0,30,0,1,138.66,0.00,0.00,0.00,1,7.00,2,573.65,0,3,1,java.lang.Object,0.00,4,0,8,0,4,4,0,0,148,0
"org.apache.solr.schema.SortableLongField",9,0.00,1.00,21,0.30,4593.83,9,0,13,17,15,138.45,3,40,0,3,138.45,0.00,0.67,0.00,1,9.00,1,909.16,1,6,15,org.apache.solr.schema.FieldType,0.06,8,2,9,0,8,3,0,1,220,1
"org.apache.solr.schema.SortableLongFieldSource",6,0.20,1.00,17,0.18,3252.30,8,2,13,8,13,138.24,0,30,2,3,138.24,0.00,0.67,0.33,0,10.00,1,551.13,2,2,11,org.apache.solr.search.function.FieldCacheSource,0.30,2,2,6,0,2,4,0,0,140,0
"org.apache.solr.schema.SortableLongFieldSource$StringIndexDocValues",7,0.00,1.14,16,0.19,3277.01,7,0,13,11,1,138.71,0,30,0,1,138.71,0.00,0.00,0.00,1,7.00,2,573.52,0,3,1,java.lang.Object,0.00,4,0,8,0,4,4,0,0,148,0
"org.apache.solr.schema.SpatialDistanceQuery",6,0.13,1.50,29,0.66,22518.35,21,15,20,10,20,120.30,5,65,4,2,120.30,0.00,0.50,0.18,1,10.00,3,1973.08,1,3,16,org.apache.lucene.search.Query,0.10,4,1,9,0,4,3,0,5,392,0
"org.apache.solr.schema.SpatialDistanceQuery$SpatialScorer",8,0.19,2.25,91,1.34,43392.16,30,22,20,21,8,152.56,14,108,0,3,102.56,0.00,0.67,0.21,3,0.00,5,4010.55,0,1,8,org.apache.lucene.search.Scorer,0.57,13,2,18,0,13,7,0,14,760,1
"org.apache.solr.schema.SpatialDistanceQuery$SpatialWeight",7,0.03,1.00,31,0.35,7750.22,12,5,20,13,7,124.57,0,45,0,2,124.57,0.00,0.50,0.17,1,20.00,1,1043.02,0,3,7,org.apache.lucene.search.Weight,0.57,6,1,7,0,6,4,0,0,243,1
"org.apache.solr.schema.SpatialQueryable",1,0.00,1.00,2,0.01,54.79,1,0,3,1,7,113.86,6,3,4,1,146.08,0.00,0.00,0.00,0,1.00,1,36.53,0,1,3,,0.00,0,0,1,0,0,0,0,1,13,1
"org.apache.solr.schema.StrField",5,0.00,1.00,12,0.17,2578.68,5,0,12,11,18,138.41,3,23,4,3,138.41,0.00,0.67,0.00,0,5.00,1,517.78,2,2,14,org.apache.solr.schema.FieldType,0.06,6,2,5,0,6,3,0,1,127,1
"org.apache.solr.schema.StrFieldSource",5,1.00,1.00,12,0.12,1810.53,6,1,12,7,13,139.62,0,23,2,3,139.62,0.00,0.67,0.20,0,11.00,1,365.25,2,2,11,org.apache.solr.search.function.FieldCacheSource,0.32,2,2,5,0,2,3,0,0,97,0
"org.apache.solr.schema.StrFieldSource$StringIndexDocValues",7,0.00,1.00,17,0.16,2507.21,7,0,12,8,0,139.66,0,31,0,1,139.66,0.00,0.00,0.00,1,7.00,1,487.95,0,3,0,java.lang.Object,0.00,1,0,7,0,1,4,0,0,133,0
"org.apache.solr.schema.TestBinaryField",3,0.38,6.00,120,1.56,172010.48,7,4,16,31,7,73.36,0,115,0,2,73.36,0.00,0.50,0.50,0,0.00,16,4689.21,2,0,7,org.apache.lucene.util.LuceneTestCase,0.00,28,1,18,0,28,3,0,0,795,1
"org.apache.solr.schema.TestBinaryField$Bean",0,0.00,0.00,3,0.02,388.55,2,2,16,0,0,171.00,0,7,0,1,171.00,0.00,0.00,0.00,0,0.00,0,74.01,0,0,0,java.lang.Object,0.00,0,0,0,0,0,0,0,0,20,2
"org.apache.solr.schema.TextField",9,0.88,4.33,135,1.88,299987.07,10,1,22,43,24,131.06,24,183,5,3,91.18,0.00,0.67,0.22,1,19.00,29,5645.16,2,3,20,org.apache.solr.schema.FieldType,0.06,34,2,39,0,34,6,0,21,932,1
"org.apache.solr.schema.TrieDateField",18,0.00,1.11,41,0.55,10241.75,18,0,11,38,14,138.05,3,80,3,4,138.05,0.00,0.75,0.00,0,34.00,3,1644.95,0,12,12,org.apache.solr.schema.DateField,0.10,20,3,20,0,20,6,0,1,409,1
"org.apache.solr.schema.TrieDateField$TrieField",0,0.00,0.00,2,0.01,109.62,0,0,11,0,0,171.00,0,2,0,1,171.00,0.00,0.00,0.00,0,0.00,0,36.54,0,0,0,java.lang.Object,0.00,0,0,0,0,0,0,0,0,11,0
"org.apache.solr.schema.TrieDoubleField",0,0.00,0.00,2,0.02,163.12,0,0,0,0,1,171.00,0,5,0,4,171.00,0.00,0.75,0.00,0,0.00,0,46.60,0,0,1,org.apache.solr.schema.TrieField,0.00,0,3,0,0,0,0,0,0,13,1
"org.apache.solr.schema.TrieField",22,0.01,2.82,174,3.64,187979.91,29,7,17,91,40,148.16,46,316,13,3,108.28,2.00,0.29,0.15,5,58.00,16,10926.51,0,13,28,org.apache.solr.schema.FieldType,0.14,69,2,62,4,69,9,0,20,1979,1
"org.apache.solr.schema.TrieField$TrieDateFieldSource",4,0.00,1.00,9,0.08,886.76,4,0,17,6,2,141.30,0,16,0,4,141.30,0.00,0.75,0.00,0,6.00,1,244.90,0,1,2,org.apache.solr.search.function.LongFieldSource,0.16,2,3,4,0,2,3,0,0,68,0
"org.apache.solr.schema.TrieField$TrieTypes",0,0.00,0.00,2,0.01,42.79,0,0,17,0,0,171.00,0,7,0,1,171.00,0.00,0.00,0.00,0,0.00,0,28.53,0,0,0,java.lang.Object,0.00,0,0,0,0,0,0,0,0,9,1
"org.apache.solr.schema.TrieFloatField",0,0.00,0.00,2,0.02,163.12,0,0,0,0,1,171.00,0,5,0,4,171.00,0.00,0.75,0.00,0,0.00,0,46.60,0,0,1,org.apache.solr.schema.TrieField,0.00,0,3,0,0,0,0,0,0,13,1
"org.apache.solr.schema.TrieIntField",0,0.00,0.00,2,0.02,163.12,0,0,0,0,1,171.00,0,5,0,4,171.00,0.00,0.75,0.00,0,0.00,0,46.60,0,0,1,org.apache.solr.schema.TrieField,0.00,0,3,0,0,0,0,0,0,13,1
"org.apache.solr.schema.TrieLongField",0,0.00,0.00,2,0.02,163.12,0,0,0,0,1,171.00,0,5,0,4,171.00,0.00,0.75,0.00,0,0.00,0,46.60,0,0,1,org.apache.solr.schema.TrieField,0.00,0,3,0,0,0,0,0,0,13,1
"org.apache.solr.schema.UUIDField",7,0.42,1.29,23,0.42,11379.00,9,2,9,20,9,167.74,19,43,1,3,127.86,0.00,0.67,0.14,0,17.00,3,1255.50,3,4,8,org.apache.solr.schema.FieldType,0.00,13,2,9,0,13,3,0,4,272,1
"org.apache.solr.schema.UUIDFieldTest",1,0.00,6.00,29,0.25,10088.52,1,0,2,4,2,84.51,0,41,0,2,84.51,0.00,0.50,0.00,0,1.00,6,760.51,0,0,2,org.apache.lucene.util.LuceneTestCase,0.00,3,1,6,0,3,1,0,0,155,1
"org.apache.lucene.benchmark.byTask.feeds.AbstractQueryMaker",7,0.06,1.29,29,0.29,7915.63,10,3,2,15,7,174.44,9,35,4,1,124.44,0.00,0.00,0.29,0,4.00,3,875.25,0,4,3,java.lang.Object,0.00,8,0,9,5,8,3,1,3,200,2
"org.apache.lucene.benchmark.byTask.feeds.ContentSource",13,0.05,1.31,53,0.44,11021.37,22,9,5,19,13,146.04,51,55,10,1,125.42,0.00,0.00,0.15,1,75.00,5,1331.09,0,2,3,java.lang.Object,0.00,6,0,17,10,6,11,0,13,314,2
"org.apache.lucene.benchmark.byTask.feeds.DemoHTMLParser",1,0.00,6.00,26,0.51,29113.58,1,0,6,20,4,34.55,8,34,1,1,82.65,0.00,0.00,0.00,0,1.00,6,1526.77,0,1,3,java.lang.Object,0.00,19,0,6,0,19,0,1,6,251,1
"org.apache.lucene.benchmark.byTask.feeds.DirContentSource",0,0.00,0.00,3,0.04,681.48,0,0,13,0,2,171.00,10,3,0,2,171.00,0.00,0.50,0.00,0,0.00,0,108.42,0,0,2,org.apache.lucene.benchmark.byTask.feeds.ContentSource,0.00,0,1,0,0,0,0,0,1,26,1
"org.apache.lucene.benchmark.byTask.feeds.DirContentSource$DateFormatInfo",0,0.00,0.00,3,0.02,155.67,2,2,13,0,0,171.00,0,4,0,1,171.00,0.00,0.00,0.00,0,0.00,0,51.89,0,0,0,java.lang.Object,0.00,0,0,0,0,0,0,0,0,15,3
"org.apache.lucene.benchmark.byTask.feeds.DirContentSource$Iterator",14,0.03,1.64,100,1.14,39790.22,21,7,13,62,3,112.17,12,127,0,1,112.17,0.00,0.00,0.17,5,82.00,4,3405.90,2,4,3,java.lang.Object,0.00,48,0,23,0,48,10,1,11,693,2
"org.apache.lucene.benchmark.byTask.feeds.DirContentSource$Iterator$Comparator",1,0.00,5.00,13,0.16,9230.00,1,0,13,4,0,137.74,2,18,0,1,97.85,0.00,0.00,0.00,0,1.00,5,477.33,0,0,0,java.lang.Object,0.00,3,0,5,0,3,1,1,1,102,1
"org.apache.lucene.benchmark.byTask.feeds.DirContentSource$Iterator$FileFilter",1,0.00,1.00,3,0.02,173.90,1,0,13,2,0,135.56,0,4,0,1,135.56,0.00,0.00,0.00,0,1.00,1,52.97,0,0,0,java.lang.Object,0.00,1,0,1,0,1,1,0,0,17,0
"org.apache.lucene.benchmark.byTask.feeds.DirContentSource$Iterator$FileFilter_0",1,0.00,1.00,3,0.02,227.68,1,0,13,3,0,134.64,0,4,0,1,134.64,0.00,0.00,0.00,0,1.00,1,70.91,0,0,0,java.lang.Object,0.00,2,0,1,0,2,1,0,0,21,0
"org.apache.lucene.benchmark.byTask.feeds.DocData",14,0.03,1.07,43,0.27,3468.91,20,6,3,15,26,134.33,7,59,25,1,134.33,0.00,0.00,0.14,1,74.00,2,811.10,0,5,1,java.lang.Object,0.00,1,0,15,0,1,9,0,2,224,1
"org.apache.lucene.benchmark.byTask.feeds.DocMaker",11,0.16,4.82,225,3.87,307204.25,38,27,20,78,30,44.80,84,262,23,1,87.10,0.00,0.00,0.18,6,0.00,18,11615.47,0,4,7,java.lang.Object,0.00,67,0,53,8,67,7,0,29,1843,1
"org.apache.lucene.benchmark.byTask.feeds.DocMaker$DateUtil",1,2.00,1.00,6,0.07,1138.36,4,3,20,5,0,117.91,0,8,0,1,117.91,0.00,0.00,0.33,0,0.00,1,201.16,0,0,0,java.lang.Object,0.00,4,0,1,0,4,1,0,0,48,2
"org.apache.lucene.benchmark.byTask.feeds.DocMaker$DocState",3,0.40,2.67,39,0.53,20669.72,8,5,20,10,4,138.88,6,48,0,1,99.00,0.00,0.00,0.47,0,0.00,3,1592.97,0,2,4,java.lang.Object,0.00,7,0,8,0,7,1,0,2,318,1
"org.apache.lucene.benchmark.byTask.feeds.DocMaker$LeftOver",0,0.00,0.00,3,0.02,124.57,2,2,20,0,1,171.00,0,4,0,1,171.00,0.00,0.00,0.00,0,0.00,0,49.83,0,0,1,java.lang.Object,0.00,0,0,0,0,0,0,0,0,15,2
"org.apache.lucene.benchmark.byTask.feeds.DocMakerTest",4,0.00,1.75,54,0.84,33337.86,4,0,16,30,15,119.06,15,65,0,3,98.44,0.00,0.67,0.00,1,4.00,3,2524.49,0,1,15,org.apache.lucene.benchmark.BenchmarkTestCase,0.00,26,2,7,0,26,3,0,15,500,1
"org.apache.lucene.benchmark.byTask.feeds.DocMakerTest$OneDocSource",2,1.00,1.50,14,0.14,3522.28,3,1,16,9,3,113.82,0,21,0,2,113.82,0.00,0.50,0.50,0,2.00,2,418.51,0,1,3,org.apache.lucene.benchmark.byTask.feeds.ContentSource,0.13,7,1,3,0,7,1,0,0,91,2
"org.apache.lucene.benchmark.byTask.feeds.EnwikiContentSource",5,0.12,1.60,46,0.68,19086.96,17,12,14,21,8,127.71,16,62,2,2,107.09,0.00,0.50,0.18,0,12.00,2,2040.86,2,1,6,org.apache.lucene.benchmark.byTask.feeds.ContentSource,0.22,16,1,8,0,16,4,0,4,407,1
"org.apache.lucene.benchmark.byTask.feeds.EnwikiContentSource$Parser",6,0.27,5.00,109,1.32,67658.36,15,9,14,34,4,131.78,17,159,0,2,91.90,0.00,0.50,0.33,0,10.00,11,3953.15,0,2,4,org.xml.sax.helpers.DefaultHandler,0.00,28,1,30,0,28,4,1,17,718,1
"org.apache.lucene.benchmark.byTask.feeds.EnwikiQueryMaker",3,1.00,3.00,34,0.84,30978.19,4,1,16,22,16,100.53,14,74,0,2,100.29,0.00,0.50,0.33,2,4.00,6,2509.97,0,3,16,org.apache.lucene.benchmark.byTask.feeds.AbstractQueryMaker,0.20,19,1,9,0,19,0,1,5,436,1
"org.apache.lucene.benchmark.byTask.feeds.FileBasedQueryMaker",1,0.00,8.00,33,0.60,40411.15,1,0,9,23,10,114.64,30,48,1,2,77.60,0.00,0.50,0.00,0,0.00,8,1811.46,0,1,9,org.apache.lucene.benchmark.byTask.feeds.AbstractQueryMaker,0.25,22,1,8,0,22,0,1,3,282,1
"org.apache.lucene.benchmark.byTask.feeds.HTMLParser",1,0.00,1.00,2,0.03,202.63,1,0,4,1,4,150.74,17,3,3,1,141.61,0.00,0.00,0.00,0,1.00,1,91.40,0,1,1,,0.00,0,0,1,0,0,0,0,2,24,1
"org.apache.lucene.benchmark.byTask.feeds.LineDocSource",0,0.00,0.00,4,0.03,377.77,0,0,11,0,5,171.00,29,4,1,2,171.00,0.00,0.50,0.00,0,0.00,0,89.95,0,0,4,org.apache.lucene.benchmark.byTask.feeds.ContentSource,0.00,0,1,0,0,0,0,0,4,26,1
"org.apache.lucene.benchmark.byTask.feeds.LineDocSource$HeaderLineParser",9,0.06,4.44,116,1.48,67794.85,15,6,11,49,5,149.87,9,157,0,2,99.87,0.00,0.50,0.22,3,30.00,8,4427.71,2,2,5,org.apache.lucene.benchmark.byTask.feeds.LineParser,0.00,40,1,40,0,40,7,0,9,844,2
"org.apache.lucene.benchmark.byTask.feeds.LineDocSource$HeaderLineParser$FieldName",0,0.00,0.00,2,0.01,42.79,0,0,11,0,0,171.00,0,1,0,1,171.00,0.00,0.00,0.00,0,0.00,0,28.53,0,0,0,java.lang.Object,0.00,0,0,0,0,0,0,0,0,9,1
"org.apache.lucene.benchmark.byTask.feeds.LineDocSource$LineParser",2,1.00,1.00,5,0.04,512.27,3,1,11,2,1,180.69,4,7,0,1,140.80,0.00,0.00,0.00,0,2.00,1,124.80,0,0,1,java.lang.Object,0.00,0,0,2,0,0,2,0,2,36,3
"org.apache.lucene.benchmark.byTask.feeds.LineDocSource$SimpleLineParser",2,0.00,2.50,19,0.26,13083.89,2,0,11,8,2,105.15,1,25,0,2,105.15,0.00,0.50,0.00,0,2.00,4,772.62,0,0,2,org.apache.lucene.benchmark.byTask.feeds.LineParser,0.00,6,1,5,0,6,2,0,1,158,2
"org.apache.lucene.benchmark.byTask.feeds.LineDocSourceTest",14,1.00,1.93,121,1.70,65819.26,15,1,23,53,15,158.24,20,145,0,3,108.24,0.00,0.67,0.07,6,26.00,6,5107.34,1,0,15,org.apache.lucene.benchmark.BenchmarkTestCase,0.00,39,2,27,0,39,14,0,20,969,1
"org.apache.lucene.benchmark.byTask.feeds.LongToEnglishContentSource",3,0.50,1.33,19,0.22,7564.32,4,1,3,11,4,155.01,6,28,0,2,115.12,0.00,0.50,0.67,0,1.00,2,655.49,0,1,4,org.apache.lucene.benchmark.byTask.feeds.ContentSource,0.25,8,1,4,0,8,2,0,3,135,1
"org.apache.lucene.benchmark.byTask.feeds.LongToEnglishQueryMaker",6,0.10,1.17,18,0.22,3436.04,8,2,8,13,10,131.45,4,26,0,1,131.45,0.00,0.00,0.42,1,10.00,2,669.60,0,3,10,java.lang.Object,0.00,7,0,7,0,7,3,1,1,158,1
"org.apache.lucene.benchmark.byTask.feeds.NoMoreDataException",0,0.00,0.00,1,0.01,31.02,0,0,0,0,16,171.00,21,2,16,2,171.00,0.00,0.50,0.00,0,0.00,0,15.51,0,0,0,java.lang.Exception,0.00,0,1,0,0,0,0,0,2,6,1
"org.apache.lucene.benchmark.byTask.feeds.QueryMaker",5,0.00,1.00,6,0.04,200.25,5,0,2,5,15,198.27,13,7,13,1,158.38,0.00,0.00,0.00,0,5.00,1,107.93,0,3,2,,0.00,0,0,5,0,0,2,0,6,39,1
"org.apache.lucene.benchmark.byTask.feeds.ReutersContentSource",6,0.08,2.00,68,0.90,40315.98,11,5,11,42,4,141.74,16,88,0,2,101.86,0.00,0.50,0.27,2,14.00,4,2703.34,4,3,4,org.apache.lucene.benchmark.byTask.feeds.ContentSource,0.21,36,1,12,0,36,3,0,7,509,1
"org.apache.lucene.benchmark.byTask.feeds.ReutersContentSource$DateFormatInfo",0,0.00,0.00,3,0.02,155.67,2,2,11,0,0,171.00,0,4,0,1,171.00,0.00,0.00,0.00,0,0.00,0,51.89,0,0,0,java.lang.Object,0.00,0,0,0,0,0,0,0,0,15,3
"org.apache.lucene.benchmark.byTask.feeds.ReutersQueryMaker",3,1.00,2.67,32,0.60,24831.06,4,1,14,20,15,84.75,16,53,1,2,102.62,0.00,0.50,0.33,2,4.00,6,1801.99,0,3,14,org.apache.lucene.benchmark.byTask.feeds.AbstractQueryMaker,0.20,17,1,8,0,17,0,1,7,339,1
"org.apache.lucene.benchmark.byTask.feeds.SimpleQueryMaker",1,0.00,1.00,21,0.40,18404.74,1,0,10,12,12,43.97,11,25,1,2,88.09,1.00,0.33,0.00,0,0.00,1,1197.62,0,1,11,org.apache.lucene.benchmark.byTask.feeds.AbstractQueryMaker,0.25,11,1,1,1,11,0,1,3,211,1
"org.apache.lucene.benchmark.byTask.feeds.SimpleSloppyPhraseQueryMaker",1,0.00,9.00,48,0.58,63006.25,1,0,5,12,6,21.51,10,44,0,3,69.99,0.00,0.67,0.00,0,1.00,9,1728.51,0,1,6,org.apache.lucene.benchmark.byTask.feeds.SimpleQueryMaker,0.33,11,2,9,0,11,0,0,6,296,1
"org.apache.lucene.benchmark.byTask.feeds.SingleDocSource",4,0.17,1.25,18,0.23,4448.28,6,2,1,9,5,106.63,20,40,2,2,124.50,1.00,0.33,0.38,1,6.00,2,675.18,2,1,3,org.apache.lucene.benchmark.byTask.feeds.ContentSource,0.24,5,1,5,1,5,3,0,3,150,1
"org.apache.lucene.benchmark.byTask.feeds.SortableSingleDocSource",3,0.50,1.33,25,0.92,20100.17,6,3,3,11,4,107.35,13,68,0,3,107.12,0.00,0.67,0.67,1,0.00,2,2762.25,2,1,4,org.apache.lucene.benchmark.byTask.feeds.SingleDocSource,0.00,8,2,4,0,8,2,0,4,415,1
"org.apache.lucene.benchmark.byTask.feeds.TrecContentSource",11,0.11,3.64,164,2.14,85501.88,31,20,17,62,17,79.44,64,223,9,2,97.31,1.00,0.33,0.15,5,58.00,7,6422.85,5,5,10,org.apache.lucene.benchmark.byTask.feeds.ContentSource,0.17,51,1,40,1,51,6,0,38,1158,1
"org.apache.lucene.benchmark.byTask.feeds.TrecContentSource$DateFormatInfo",0,0.00,0.00,3,0.02,200.76,2,2,17,0,0,171.00,0,4,0,1,171.00,0.00,0.00,0.00,0,0.00,0,57.36,0,0,0,java.lang.Object,0.00,0,0,0,0,0,0,0,0,16,3
"org.apache.lucene.benchmark.byTask.feeds.TrecContentSourceTest",8,0.00,2.12,95,2.21,68199.57,8,0,14,41,7,151.03,14,300,0,2,101.03,0.00,0.50,0.00,2,8.00,8,6638.13,0,0,7,org.apache.lucene.util.LuceneTestCase,0.00,33,1,17,0,33,8,0,11,1110,1
"org.apache.lucene.benchmark.byTask.feeds.TrecContentSourceTest$StringableTrecSource",3,1.00,1.67,13,0.12,2154.78,4,1,14,7,4,125.93,0,21,0,3,125.93,0.00,0.67,0.33,0,5.00,3,361.62,0,0,4,org.apache.lucene.benchmark.byTask.feeds.TrecContentSource,0.11,4,2,5,0,4,3,0,0,89,2
"org.apache.lucene.benchmark.byTask.feeds.TrecDocParser",5,0.19,2.60,45,0.65,32585.64,9,4,5,17,8,57.04,40,59,7,1,105.15,0.00,0.00,0.10,1,8.00,6,1940.85,0,5,7,java.lang.Object,0.00,12,0,13,6,12,0,0,13,411,2
"org.apache.lucene.benchmark.byTask.feeds.TrecDocParser$ParsePathType",0,0.00,0.00,2,0.01,42.79,0,0,5,0,0,171.00,0,1,0,1,171.00,0.00,0.00,0.00,0,0.00,0,28.53,0,0,0,java.lang.Object,0.00,0,0,0,0,0,0,0,0,9,1
"org.apache.lucene.benchmark.byTask.feeds.TrecFBISParser",1,0.00,3.00,26,0.39,12783.45,8,7,2,10,3,43.34,7,32,0,2,85.63,0.00,0.50,1.00,0,0.00,3,1155.46,2,1,3,org.apache.lucene.benchmark.byTask.feeds.TrecDocParser,0.00,9,1,3,0,9,0,0,5,212,1
"org.apache.lucene.benchmark.byTask.feeds.TrecFR94Parser",1,0.00,3.00,23,0.36,11675.41,7,6,2,10,3,39.82,8,33,0,2,87.92,0.00,0.50,1.00,0,0.00,3,1081.22,2,1,3,org.apache.lucene.benchmark.byTask.feeds.TrecDocParser,0.00,9,1,3,0,9,0,0,6,199,1
"org.apache.lucene.benchmark.byTask.feeds.TrecFTParser",1,0.00,2.00,18,0.26,7214.73,5,4,2,8,3,61.41,6,23,0,2,93.63,0.00,0.50,1.00,0,0.00,2,779.11,2,1,3,org.apache.lucene.benchmark.byTask.feeds.TrecDocParser,0.00,7,1,2,0,7,0,0,4,149,1
"org.apache.lucene.benchmark.byTask.feeds.TrecGov2Parser",1,0.00,3.00,19,0.31,9733.84,6,5,3,9,4,73.77,5,25,1,2,91.64,0.00,0.50,1.00,0,0.00,3,932.57,1,1,4,org.apache.lucene.benchmark.byTask.feeds.TrecDocParser,0.00,8,1,3,0,8,0,0,3,174,1
"org.apache.lucene.benchmark.byTask.feeds.TrecLATimesParser",1,0.00,5.00,29,0.46,19859.17,8,7,2,12,3,34.13,8,37,0,2,82.23,0.00,0.50,1.00,0,0.00,5,1394.97,2,1,3,org.apache.lucene.benchmark.byTask.feeds.TrecDocParser,0.00,11,1,5,0,11,0,0,6,251,1
"org.apache.lucene.benchmark.byTask.feeds.TrecParserByPath",1,0.00,1.00,3,0.06,1062.64,1,0,1,3,4,129.61,4,7,1,2,129.37,0.00,0.50,0.00,0,0.00,1,180.57,0,1,3,org.apache.lucene.benchmark.byTask.feeds.TrecDocParser,0.00,2,1,1,0,2,0,0,1,42,1
"org.apache.lucene.queryParser.core.parser.EscapeQuerySyntax",1,0.00,1.00,3,0.02,77.59,1,0,1,1,25,108.94,13,4,25,1,138.32,0.00,0.00,0.00,0,1.00,1,52.38,0,1,0,,0.00,0,0,1,0,0,0,0,2,18,1
"org.apache.lucene.queryParser.core.parser.EscapeQuerySyntax$Type",0,0.00,0.00,2,0.01,39.30,0,0,1,0,0,171.00,0,3,0,1,171.00,0.00,0.00,0.00,0,0.00,0,19.65,0,0,0,java.lang.Object,0.00,0,0,0,0,0,0,0,0,7,1
"org.apache.lucene.queryParser.core.parser.SyntaxParser",1,0.00,1.00,2,0.01,97.26,1,0,2,1,8,95.64,10,4,7,1,144.12,0.00,0.00,0.00,0,1.00,1,44.54,0,1,2,,0.00,0,0,1,0,0,0,0,2,15,1
"org.apache.lucene.benchmark.quality.trec.QueryDriver",1,0.00,6.00,34,0.77,42680.97,1,0,14,24,11,32.87,11,37,0,1,77.00,0.00,0.00,0.00,0,1.00,6,2309.99,0,0,11,java.lang.Object,0.00,23,0,6,0,23,1,0,8,349,1
"org.apache.lucene.benchmark.quality.trec.Trec1MQReader",2,1.00,2.00,24,0.33,18607.38,3,1,6,15,1,69.95,26,31,0,1,99.33,0.00,0.00,0.50,0,2.00,3,989.63,0,1,1,java.lang.Object,0.00,13,0,4,0,13,1,0,8,183,1
"org.apache.lucene.benchmark.quality.trec.TrecJudge",4,0.00,4.50,65,0.89,61782.16,5,1,8,29,4,74.88,23,79,2,1,92.75,0.00,0.00,1.00,0,0.00,9,2660.52,0,0,2,java.lang.Object,0.00,25,0,18,0,25,4,1,7,484,1
"org.apache.lucene.benchmark.quality.trec.TrecJudge$QRelJudgement",4,0.00,1.00,12,0.09,1269.02,6,2,8,8,0,133.50,0,17,0,1,133.50,0.00,0.00,0.50,0,0.00,1,278.01,0,0,0,java.lang.Object,0.00,4,0,4,0,4,4,0,0,78,2
"org.apache.lucene.benchmark.quality.trec.TrecTopicsReader",3,1.00,5.33,55,0.86,63008.04,4,1,6,22,3,52.19,37,71,2,1,89.75,0.00,0.00,0.33,1,4.00,8,2570.43,0,1,1,java.lang.Object,0.00,19,0,16,0,19,2,0,11,442,1
"org.apache.lucene.analysis.fr.Deprecated",5,0.06,2.40,25,0.32,9999.11,9,4,9,15,7,76.44,39,37,0,4,118.73,0.00,0.75,0.30,0,2.00,4,972.45,0,0,7,org.apache.lucene.analysis.TokenFilter,0.24,10,3,12,0,10,5,0,10,209,2
"org.apache.lucene.analysis.fr.ElisionFilter",8,0.14,2.12,45,0.63,28724.33,12,4,9,18,10,98.88,43,63,4,4,116.76,0.00,0.75,0.12,1,20.00,6,1884.71,0,0,6,org.apache.lucene.analysis.TokenFilter,0.20,10,3,17,0,10,8,0,11,380,2
"org.apache.lucene.analysis.fr.FrenchAnalyzer",10,0.22,1.90,46,1.33,38512.45,13,3,22,28,17,70.16,95,94,1,4,120.16,0.00,0.75,0.13,0,18.00,4,4002.69,1,2,16,org.apache.lucene.analysis.StopwordAnalyzerBase,0.00,18,3,19,0,18,8,0,18,659,2
"org.apache.lucene.analysis.fr.FrenchAnalyzer$DefaultSetHolder",0,0.00,0.00,7,0.11,2379.54,2,2,22,3,4,171.00,3,15,0,1,171.00,0.00,0.00,0.00,0,0.00,0,316.83,0,0,4,java.lang.Object,0.00,3,0,0,0,3,0,0,3,69,2
"org.apache.lucene.analysis.fr.FrenchLightStemFilter",2,0.33,2.00,14,0.16,3794.18,5,3,6,9,8,113.74,9,20,2,4,113.50,0.00,0.75,0.50,0,2.00,3,481.98,0,0,6,org.apache.lucene.analysis.TokenFilter,0.29,7,3,4,0,7,2,0,1,107,2
"org.apache.lucene.analysis.fr.FrenchLightStemmer",2,0.00,26.00,128,2.30,401621.10,2,0,1,3,1,61.35,8,168,1,1,61.12,0.00,0.00,0.00,1,2.00,34,6906.75,0,0,0,java.lang.Object,0.00,1,0,52,0,1,2,0,2,1138,1
"org.apache.lucene.analysis.fr.FrenchMinimalStemFilter",2,0.33,2.00,14,0.16,3794.18,5,3,6,9,8,113.74,9,20,2,4,113.50,0.00,0.75,0.50,0,2.00,3,481.98,0,0,6,org.apache.lucene.analysis.TokenFilter,0.29,7,3,4,0,7,2,0,1,107,2
"org.apache.lucene.analysis.fr.FrenchMinimalStemmer",1,0.00,9.00,12,0.21,12910.63,1,0,0,1,1,60.99,56,17,1,1,97.87,0.00,0.00,0.00,0,1.00,9,621.36,0,0,0,java.lang.Object,0.00,0,0,9,0,0,1,0,4,129,1
"org.apache.lucene.analysis.fr.TestElision",2,0.00,1.50,18,0.26,7176.44,2,0,11,13,6,157.32,3,22,0,3,107.32,0.00,0.67,0.00,1,2.00,2,784.94,0,1,6,org.apache.lucene.analysis.BaseTokenStreamTestCase,0.00,11,2,3,0,11,1,0,1,157,1
"org.apache.lucene.analysis.fr.TestFrenchAnalyzer",9,0.00,1.00,56,1.02,24810.45,9,0,4,14,4,97.01,45,169,0,3,114.88,0.00,0.67,0.00,0,9.00,1,3056.88,2,0,4,org.apache.lucene.analysis.BaseTokenStreamTestCase,0.00,5,2,9,0,5,9,0,26,587,1
"org.apache.lucene.analysis.fr.TestFrenchLightStemFilter",3,0.00,1.00,78,1.01,21196.56,3,0,8,6,5,108.52,10,83,0,3,87.91,0.00,0.67,0.00,0,3.00,1,3028.67,1,0,5,org.apache.lucene.analysis.BaseTokenStreamTestCase,0.00,3,2,3,0,3,3,0,8,473,1
"org.apache.lucene.analysis.fr.TestFrenchLightStemFilter$ReusableAnalyzerBase",1,0.00,1.00,4,0.05,1009.20,1,0,8,4,3,124.89,0,7,0,1,124.89,0.00,0.00,0.00,0,1.00,1,159.62,0,1,3,java.lang.Object,0.00,3,0,1,0,3,0,0,0,38,0
"org.apache.lucene.analysis.fr.TestFrenchMinimalStemFilter",3,0.00,1.00,16,0.14,1905.35,3,0,8,6,5,162.74,6,21,0,3,122.86,0.00,0.67,0.00,0,3.00,1,415.11,1,0,5,org.apache.lucene.analysis.BaseTokenStreamTestCase,0.00,3,2,3,0,3,3,0,4,101,1
"org.apache.lucene.analysis.fr.TestFrenchMinimalStemFilter$ReusableAnalyzerBase",1,0.00,1.00,4,0.05,1009.20,1,0,8,4,3,124.89,0,7,0,1,124.89,0.00,0.00,0.00,0,1.00,1,159.62,0,1,3,java.lang.Object,0.00,3,0,1,0,3,0,0,0,38,0
"org.apache.lucene.analysis.icu.GenerateJFlexSupplementaryMacros",3,0.12,2.67,53,0.88,30932.28,7,4,8,21,1,143.27,4,74,1,1,93.27,0.00,0.00,0.33,2,5.00,6,2632.09,0,0,0,java.lang.Object,0.00,18,0,8,0,18,3,0,4,481,1
"org.apache.lucene.analysis.icu.ICUFoldingFilter",1,0.00,1.00,4,0.06,1088.65,2,1,2,3,4,90.92,42,8,2,5,124.63,0.00,0.80,1.00,0,0.00,1,175.42,0,0,2,org.apache.lucene.analysis.icu.ICUNormalizer2Filter,0.00,2,4,1,0,2,1,0,2,43,2
"org.apache.lucene.analysis.icu.ICUNormalizer2Filter",3,0.00,1.67,18,0.20,3972.84,6,3,6,11,9,73.14,35,25,6,4,117.27,0.33,0.60,0.33,0,4.00,3,590.01,0,0,3,org.apache.lucene.analysis.TokenFilter,0.27,8,3,5,1,8,3,0,3,133,1
"org.apache.lucene.analysis.icu.ICUTransformFilter",2,0.50,2.50,24,0.31,9169.08,6,4,8,12,6,148.97,47,31,3,4,101.70,0.00,0.75,0.50,0,2.00,3,937.17,0,0,3,org.apache.lucene.analysis.TokenFilter,0.29,10,3,5,0,10,2,0,9,192,2
"org.apache.lucene.analysis.icu.ICUTransformFilter$ReplaceableTermAttribute",10,0.15,1.20,37,0.46,13376.22,13,3,8,18,1,128.54,7,51,0,1,128.54,0.00,0.00,0.47,3,0.00,3,1371.29,0,0,1,java.lang.Object,0.00,8,0,12,0,8,10,1,7,322,1
"org.apache.lucene.analysis.icu.RBBIRuleCompiler",3,0.00,3.33,40,0.65,30315.97,3,0,11,30,0,97.87,14,49,0,1,97.64,0.00,0.00,0.00,2,3.00,5,1954.36,0,1,0,java.lang.Object,0.00,27,0,10,0,27,2,0,4,345,1
"org.apache.lucene.analysis.icu.RBBIRuleCompiler$FilenameFilter",1,0.00,1.00,3,0.02,217.60,1,0,11,2,0,134.79,0,3,0,1,134.79,0.00,0.00,0.00,0,1.00,1,68.92,0,0,0,java.lang.Object,0.00,1,0,1,0,1,1,0,0,20,0
"org.apache.lucene.analysis.icu.TestICUFoldingFilter",2,0.00,1.00,19,0.29,6309.18,2,0,6,4,4,59.75,17,23,0,3,107.85,0.00,0.67,0.00,0,2.00,1,870.18,1,0,4,org.apache.lucene.analysis.BaseTokenStreamTestCase,0.00,2,2,2,0,2,2,0,15,173,1
"org.apache.lucene.analysis.icu.TestICUFoldingFilter$Analyzer",1,0.00,1.00,3,0.03,389.68,1,0,6,3,3,132.80,0,6,0,1,132.80,0.00,0.00,0.00,0,1.00,1,97.92,0,1,3,java.lang.Object,0.00,2,0,1,0,2,0,0,0,26,0
"org.apache.lucene.analysis.icu.TestICUNormalizer2Filter",3,0.00,1.00,16,0.20,3374.61,3,0,7,6,4,141.52,11,21,0,3,120.90,0.00,0.67,0.00,0,3.00,1,588.94,1,0,4,org.apache.lucene.analysis.BaseTokenStreamTestCase,0.00,3,2,3,0,3,3,0,9,132,1
"org.apache.lucene.analysis.icu.TestICUNormalizer2Filter$Analyzer",1,0.00,1.00,3,0.03,389.68,1,0,7,3,3,132.80,0,6,0,1,132.80,0.00,0.00,0.00,0,1.00,1,97.92,0,1,3,java.lang.Object,0.00,2,0,1,0,2,0,0,0,26,0
"org.apache.lucene.analysis.icu.TestICUNormalizer2Filter$Analyzer_0",1,0.00,1.00,3,0.05,730.69,1,0,7,4,3,180.65,1,7,0,1,130.65,0.00,0.00,0.00,0,1.00,1,159.30,0,1,3,java.lang.Object,0.00,3,0,1,0,3,0,0,1,37,0
"org.apache.lucene.analysis.icu.TestICUTransformFilter",8,0.00,1.00,35,0.51,8092.56,8,0,12,19,8,174.88,8,51,0,3,124.88,0.00,0.67,0.00,1,8.00,1,1519.76,1,0,8,org.apache.lucene.analysis.BaseTokenStreamTestCase,0.00,11,2,8,0,11,8,0,6,329,1
"org.apache.lucene.analysis.icu.TestICUTransformFilter$ReusableAnalyzerBase",1,0.00,1.00,4,0.05,790.45,1,0,12,4,3,125.72,0,6,0,1,125.72,0.00,0.00,0.00,0,1.00,1,148.55,0,1,3,java.lang.Object,0.00,3,0,1,0,3,0,0,0,36,0
"org.apache.solr.client.solrj.impl.BinaryRequestWriter",5,0.00,1.80,27,0.33,11727.34,5,0,9,17,7,158.14,10,44,2,2,118.25,0.00,0.50,0.00,0,5.00,3,987.11,2,4,5,org.apache.solr.client.solrj.request.RequestWriter,0.17,12,1,9,0,12,1,0,2,213,1
"org.apache.solr.client.solrj.impl.BinaryRequestWriter$BAOS",1,0.00,1.00,3,0.02,120.56,1,0,9,1,0,136.81,0,6,0,2,136.81,0.00,0.50,0.00,0,1.00,1,47.15,0,0,0,java.io.ByteArrayOutputStream,0.00,0,1,1,0,0,1,0,0,16,0
"org.apache.solr.client.solrj.impl.BinaryRequestWriter$ContentStream",6,0.00,1.00,13,0.09,945.01,6,0,9,11,0,142.47,1,20,0,1,142.47,0.00,0.00,0.00,0,6.00,1,259.04,0,6,0,java.lang.Object,0.00,5,0,6,0,5,0,0,1,76,0
"org.apache.solr.client.solrj.impl.BinaryResponseParser",4,0.00,1.25,11,0.13,2782.32,4,0,7,8,9,187.34,4,22,5,2,137.34,0.00,0.50,0.00,0,4.00,2,399.44,0,4,4,org.apache.solr.client.solrj.ResponseParser,0.50,4,1,5,0,4,0,0,1,95,1
"org.apache.solr.client.solrj.impl.CommonsHttpSolrServer",29,0.01,2.48,214,3.34,296648.07,40,11,34,116,38,75.47,183,307,21,2,107.69,1.00,0.33,0.08,4,287.00,38,10021.12,0,7,17,org.apache.solr.client.solrj.SolrServer,0.00,87,1,72,1,87,22,0,59,1615,1
"org.apache.solr.client.solrj.impl.CommonsHttpSolrServer$Iterator<SolrInputDocument>",3,0.00,1.33,9,0.07,1088.73,3,0,34,8,1,132.98,0,12,0,1,132.98,0.00,0.00,0.00,0,3.00,2,203.06,0,1,1,java.lang.Object,0.00,5,0,4,0,5,2,0,0,57,0
"org.apache.solr.client.solrj.impl.CommonsHttpSolrServer$PartBase",2,0.00,1.00,8,0.09,1457.58,2,0,34,6,0,126.00,0,16,0,1,126.00,0.00,0.00,0.00,0,2.00,1,270.27,0,0,0,java.lang.Object,0.00,4,0,2,0,4,2,0,0,66,0
"org.apache.solr.client.solrj.impl.CommonsHttpSolrServer$RequestEntity",4,0.00,1.00,9,0.07,700.55,4,0,34,6,1,142.10,0,13,0,1,142.10,0.00,0.00,0.00,0,4.00,1,195.43,0,1,1,java.lang.Object,0.00,2,0,4,0,2,3,0,0,56,0
"org.apache.solr.client.solrj.impl.LBHttpSolrServer",16,0.04,2.50,117,1.41,58991.20,25,9,16,60,12,111.41,65,176,3,2,111.18,0.00,0.50,0.15,3,70.00,9,4240.86,1,4,9,org.apache.solr.client.solrj.SolrServer,0.00,44,1,40,0,44,12,0,11,857,1
"org.apache.solr.client.solrj.impl.LBHttpSolrServer$Runnable",1,0.00,3.00,7,0.06,1617.40,1,0,16,3,1,113.95,0,9,0,1,113.95,0.00,0.00,0.00,0,1.00,3,186.38,0,0,1,java.lang.Object,0.00,2,0,3,0,2,1,0,0,44,0
"org.apache.solr.client.solrj.impl.LBHttpSolrServer$ServerWrapper",2,0.25,1.00,8,0.06,684.18,6,4,16,3,1,128.59,1,12,0,1,128.59,0.00,0.00,0.12,0,2.00,1,174.05,0,1,1,java.lang.Object,0.00,1,0,2,0,1,1,0,1,47,2
"org.apache.solr.client.solrj.impl.StreamingUpdateSolrServer",5,0.21,3.40,69,0.87,52322.36,12,7,22,33,9,49.41,44,92,1,3,97.51,0.00,0.67,0.31,1,1.00,11,2623.01,1,1,8,org.apache.solr.client.solrj.impl.CommonsHttpSolrServer,0.00,28,2,17,0,28,4,0,22,468,1
"org.apache.solr.client.solrj.impl.StreamingUpdateSolrServer$Runner",1,0.00,6.00,34,0.48,23694.40,2,1,22,21,0,36.72,7,50,0,1,79.01,0.00,0.00,1.00,0,0.00,6,1440.83,0,0,0,java.lang.Object,0.00,20,0,6,0,20,1,1,7,237,0
"org.apache.solr.client.solrj.impl.StreamingUpdateSolrServer$Runner$RequestEntity",4,0.00,2.50,30,0.40,16920.58,4,0,22,13,4,110.71,3,38,0,1,110.71,0.00,0.00,0.00,0,6.00,7,1192.43,0,1,4,java.lang.Object,0.00,9,0,10,0,9,3,0,3,217,0
"org.apache.solr.client.solrj.impl.XMLResponseParser",5,0.25,3.00,48,0.62,29561.45,8,3,20,14,12,126.07,19,82,4,2,105.45,0.00,0.50,0.13,1,7.00,9,1860.24,0,4,8,org.apache.solr.client.solrj.ResponseParser,0.22,9,1,15,0,9,1,0,13,359,1
"org.apache.solr.client.solrj.impl.XMLResponseParser$KnownType",15,1.00,4.13,203,3.16,691226.07,16,1,20,60,5,142.40,27,240,0,1,92.40,0.00,0.00,0.00,0,15.00,47,9471.28,0,14,5,java.lang.Object,0.00,45,0,62,0,45,1,0,19,1475,1
"org.apache.lucene.analysis.ru.Deprecated",2,0.00,1.00,9,0.12,2023.94,2,0,4,4,2,164.76,4,15,0,3,124.88,0.00,0.67,0.00,0,2.00,1,366.29,1,0,2,org.apache.lucene.analysis.BaseTokenStreamTestCase,0.00,2,2,2,0,2,2,0,1,83,1
"org.apache.lucene.analysis.ru.Deprecated$ReusableAnalyzerBase",1,0.00,1.00,4,0.05,753.46,1,0,9,4,2,125.89,0,7,0,1,125.89,0.00,0.00,0.00,0,1.00,1,135.44,0,1,2,java.lang.Object,0.00,3,0,1,0,3,0,0,0,34,0
"org.apache.lucene.analysis.ru.RussianAnalyzer",7,0.33,2.29,35,0.81,23492.83,10,3,18,23,15,68.87,62,65,1,4,116.97,0.00,0.75,0.05,0,12.00,4,2415.53,0,2,14,org.apache.lucene.analysis.StopwordAnalyzerBase,0.00,16,3,16,0,16,5,0,9,436,2
"org.apache.lucene.analysis.ru.RussianAnalyzer$DefaultSetHolder",0,0.00,0.00,7,0.11,2379.54,2,2,18,3,4,171.00,3,15,0,1,171.00,0.00,0.00,0.00,0,0.00,0,316.83,0,0,4,java.lang.Object,0.00,3,0,0,0,3,0,0,3,69,2
"org.apache.lucene.analysis.ru.RussianLightStemFilter",2,0.33,2.00,14,0.16,3794.18,5,3,6,9,8,113.74,9,20,2,4,113.50,0.00,0.75,0.50,0,2.00,3,481.98,0,0,6,org.apache.lucene.analysis.TokenFilter,0.29,7,3,4,0,7,2,0,1,107,2
"org.apache.lucene.analysis.ru.RussianLightStemmer",3,0.00,3.67,16,0.90,58382.96,3,0,1,4,1,150.74,7,83,1,1,110.85,0.00,0.00,0.00,1,3.00,6,2714.52,0,0,0,java.lang.Object,0.00,1,0,11,0,1,3,0,1,454,1
"org.apache.lucene.analysis.ru.TestRussianAnalyzer",6,0.40,1.50,38,0.57,15922.15,8,2,8,23,7,164.92,10,68,0,3,114.92,0.00,0.67,0.17,0,10.00,4,1721.01,2,0,7,org.apache.lucene.analysis.BaseTokenStreamTestCase,0.00,17,2,9,0,17,6,0,5,339,1
"org.apache.lucene.analysis.ru.TestRussianLightStemFilter",2,0.00,1.00,7,0.06,584.23,2,0,8,5,5,173.67,5,11,0,3,133.79,0.00,0.67,0.00,0,2.00,1,173.53,0,0,5,org.apache.lucene.analysis.BaseTokenStreamTestCase,0.00,3,2,2,0,3,2,0,3,46,1
"org.apache.lucene.analysis.ru.TestRussianLightStemFilter$ReusableAnalyzerBase",1,0.00,1.00,4,0.05,1009.20,1,0,8,4,3,124.89,0,7,0,1,124.89,0.00,0.00,0.00,0,1.00,1,159.62,0,1,3,java.lang.Object,0.00,3,0,1,0,3,0,0,0,38,0
"org.apache.lucene.queryParser.CharStream",12,0.00,1.00,13,0.06,250.78,12,0,0,12,4,128.38,79,14,4,1,160.60,0.00,0.00,0.00,0,12.00,1,172.56,0,1,0,,0.00,0,0,12,0,0,11,0,13,70,1
"org.apache.lucene.queryParser.FastCharStream",14,0.14,1.43,56,0.55,20446.20,20,6,1,20,2,173.54,17,80,1,1,123.54,0.00,0.00,0.30,2,2.00,5,1644.78,0,1,1,java.lang.Object,0.00,6,0,20,0,6,13,1,13,372,2
"org.apache.lucene.queryParser.MultiFieldQueryParser",12,0.18,3.58,128,2.03,115500.53,14,2,10,26,10,57.91,141,167,1,2,102.04,0.00,0.50,0.33,5,12.00,7,6080.58,6,9,9,org.apache.lucene.queryParser.QueryParser,0.00,14,1,43,0,14,3,0,15,1124,1
"org.apache.lucene.queryParser.ParseException",5,0.30,3.20,92,1.07,80794.24,10,5,0,14,108,61.39,69,112,107,2,90.77,0.00,0.50,0.44,0,0.00,10,3210.28,1,2,1,java.lang.Exception,0.00,9,1,16,0,9,3,0,11,572,1
"org.apache.lucene.queryParser.QueryParser",80,0.02,3.86,910,12.29,1283909.42,126,46,33,183,98,80.85,479,1203,71,1,98.73,0.00,0.00,0.04,28,3500.00,56,36862.46,0,37,28,java.lang.Object,0.00,103,0,309,9,103,43,1,135,6453,1
"org.apache.lucene.queryParser.QueryParser$JJCalls",0,0.00,0.00,5,0.03,253.51,4,4,33,0,1,171.00,0,6,0,1,171.00,0.00,0.00,0.00,0,0.00,0,78.87,0,0,1,java.lang.Object,0.00,0,0,0,0,0,0,0,0,22,2
"org.apache.lucene.queryParser.QueryParser$LookaheadSuccess",0,0.00,0.00,1,0.01,145.30,0,0,33,0,0,171.00,0,1,0,2,171.00,0.00,0.50,0.00,0,0.00,0,41.51,0,0,0,java.lang.Error,0.00,0,1,0,0,0,0,0,0,12,3
"org.apache.lucene.queryParser.QueryParser$Operator",0,0.00,0.00,2,0.01,39.30,0,0,33,0,1,171.00,0,1,0,1,171.00,0.00,0.00,0.00,0,0.00,0,19.65,0,0,1,java.lang.Object,0.00,0,0,0,0,0,0,1,0,7,2
"org.apache.lucene.queryParser.QueryParserConstants",0,0.00,0.00,39,0.61,7584.55,38,38,0,0,3,171.00,42,75,3,1,171.00,0.00,0.00,0.00,0,0.00,0,1827.81,0,0,0,,0.00,0,0,0,0,0,0,0,39,268,1
"org.apache.lucene.queryParser.QueryParserTokenManager",36,0.07,10.22,684,10.26,1947760.89,57,21,33,46,26,85.49,12,1194,2,1,85.49,0.00,0.00,0.11,19,340.00,185,30788.13,0,2,24,java.lang.Object,0.00,10,0,368,0,10,34,1,12,4961,1
"org.apache.lucene.queryParser.SuppressWarnings",6,0.20,1.50,48,0.66,33774.42,11,5,0,14,0,59.58,51,72,0,2,107.69,0.00,0.50,0.03,1,10.00,3,1967.96,1,3,0,java.lang.Error,0.00,8,1,9,0,8,3,0,14,375,1
"org.apache.lucene.queryParser.TestMultiAnalyzer",3,1.00,1.00,47,0.90,25775.14,4,1,13,15,14,47.67,32,60,0,3,96.15,0.00,0.67,0.00,0,3.00,1,2700.26,0,0,14,org.apache.lucene.analysis.BaseTokenStreamTestCase,0.00,12,2,3,0,12,3,0,18,492,1
"org.apache.lucene.queryParser.TestMultiAnalyzer$DumbQueryParser",3,0.00,1.00,7,0.09,1279.76,3,0,13,4,4,139.06,2,14,0,2,139.06,0.00,0.50,0.00,1,3.00,1,272.80,1,2,4,org.apache.lucene.queryParser.QueryParser,0.00,1,1,3,0,1,1,0,2,70,3
"org.apache.lucene.queryParser.TestMultiAnalyzer$DumbQueryWrapper",2,1.00,1.00,7,0.05,803.42,3,1,13,3,1,132.70,0,11,0,2,132.70,0.00,0.50,0.50,0,2.00,1,156.02,0,1,1,org.apache.lucene.search.Query,0.00,1,1,2,0,1,1,0,0,45,3
"org.apache.lucene.queryParser.TestMultiAnalyzer$MultiAnalyzer",2,0.00,1.00,7,0.06,1222.91,2,0,13,5,4,131.26,0,11,0,2,131.26,0.00,0.50,0.00,0,2.00,1,192.06,0,1,4,org.apache.lucene.analysis.Analyzer,0.00,3,1,2,0,3,1,0,0,49,1
"org.apache.lucene.queryParser.TestMultiAnalyzer$PosIncrementAnalyzer",2,0.00,1.00,7,0.06,1222.91,2,0,13,5,4,131.26,0,11,0,2,131.26,0.00,0.50,0.00,0,2.00,1,192.06,0,1,4,org.apache.lucene.analysis.Analyzer,0.00,3,1,2,0,3,1,0,0,49,1
"org.apache.lucene.queryParser.TestMultiAnalyzer$TestFilter",2,1.29,3.00,38,0.39,12567.14,9,7,13,13,6,93.14,0,45,0,4,93.14,0.00,0.75,0.79,0,0.00,5,1165.26,0,0,6,org.apache.lucene.analysis.TokenFilter,0.29,11,3,6,0,11,2,0,0,224,2
"org.apache.lucene.queryParser.TestMultiAnalyzer$TestPosIncrementFilter",2,1.00,2.50,17,0.17,3508.76,4,2,13,5,4,111.56,1,23,0,4,111.56,0.00,0.75,1.00,0,0.00,4,495.03,0,0,4,org.apache.lucene.analysis.TokenFilter,0.29,3,3,5,0,3,2,0,1,110,2
"org.apache.lucene.queryParser.TestMultiFieldQueryParser",11,0.00,1.45,168,2.78,97430.62,11,0,17,36,14,135.84,25,190,0,2,95.96,0.00,0.50,0.00,1,11.00,2,8335.49,0,0,14,org.apache.lucene.util.LuceneTestCase,0.00,25,1,16,0,25,11,0,20,1520,1
"org.apache.lucene.queryParser.TestMultiFieldQueryParser$AnalyzerReturningNull",2,1.00,1.50,9,0.09,1623.76,3,1,17,6,3,125.54,0,16,0,2,125.54,0.00,0.50,0.50,0,2.00,2,257.73,0,1,3,org.apache.lucene.analysis.Analyzer,0.00,4,1,3,0,4,1,0,0,63,2
"org.apache.lucene.queryParser.TestMultiFieldQueryParser$AnalyzerReturningNull$EmptyTokenStream",1,0.00,1.00,3,0.02,244.87,1,0,17,1,1,134.39,0,6,0,3,134.39,0.00,0.67,0.00,0,1.00,1,66.26,0,0,1,org.apache.lucene.analysis.TokenStream,0.33,0,2,1,0,0,1,0,0,20,2
"org.apache.lucene.queryParser.TestQueryParser",56,0.48,1.36,597,8.73,263158.57,58,2,44,146,36,144.60,114,732,0,2,104.71,1.00,0.33,0.03,13,214.00,3,26194.01,2,8,36,org.apache.lucene.util.LuceneTestCase,0.00,90,1,76,1,90,48,0,86,4909,1
"org.apache.lucene.queryParser.TestQueryParser$MockAnalyzer",3,0.00,1.00,10,0.15,2865.59,3,0,46,5,4,129.73,2,16,0,1,129.73,0.00,0.00,0.00,0,3.00,1,436.33,1,3,4,java.lang.Object,0.00,2,0,3,0,2,0,0,2,100,0
"org.apache.lucene.queryParser.TestQueryParser$QPTestAnalyzer",1,0.00,1.00,3,0.04,532.36,1,0,44,3,3,181.73,1,6,0,2,131.73,0.00,0.50,0.00,0,1.00,1,119.91,0,1,3,org.apache.lucene.analysis.Analyzer,0.00,2,1,1,0,2,0,0,1,31,3
"org.apache.lucene.queryParser.TestQueryParser$QPTestFilter",2,1.00,3.00,26,0.27,8254.38,7,5,44,11,4,140.61,4,33,0,4,100.72,0.00,0.75,0.70,0,0.00,5,822.80,0,0,4,org.apache.lucene.analysis.TokenFilter,0.29,9,3,6,0,9,2,0,1,169,3
"org.apache.lucene.queryParser.TestQueryParser$QPTestParser",3,0.00,1.00,7,0.08,1090.71,3,0,44,4,4,139.61,0,13,0,2,139.61,0.00,0.50,0.00,0,3.00,1,239.82,0,2,4,org.apache.lucene.queryParser.QueryParser,0.00,1,1,3,0,1,1,0,0,63,2
"org.apache.lucene.queryParser.TestQueryParser$WhitespaceAnalyzer",3,0.00,1.00,10,0.14,2825.95,3,0,44,5,4,129.78,2,16,0,1,129.78,0.00,0.00,0.00,0,3.00,1,419.41,1,3,4,java.lang.Object,0.00,2,0,3,0,2,0,0,2,96,0
"org.apache.lucene.queryParser.Token",7,0.12,1.00,24,0.16,1989.42,15,8,0,8,6,83.88,67,38,6,1,133.88,0.00,0.00,0.02,1,12.00,1,468.86,0,4,0,java.lang.Object,0.00,1,0,7,0,1,3,0,15,131,1
"org.apache.lucene.benchmark.BenchmarkTestCase",7,0.42,1.57,42,0.48,14526.00,9,2,8,25,10,165.75,7,52,9,2,115.75,9.00,0.09,0.14,3,12.00,3,1442.44,0,5,1,org.apache.lucene.util.LuceneTestCase,0.00,18,1,11,9,18,2,0,7,316,2
"org.apache.lucene.benchmark.Constants",0,0.00,0.00,6,0.09,2063.23,5,5,0,0,2,171.00,19,8,2,1,171.00,0.00,0.00,0.00,0,0.00,0,275.10,0,0,0,java.lang.Object,0.00,0,0,0,0,0,0,0,2,60,1
"org.apache.lucene.queryParser.ext.ExtendableQueryParser",4,0.11,1.25,18,0.26,7472.79,7,3,6,10,9,149.01,77,31,1,2,122.73,0.00,0.50,0.25,0,10.00,2,788.23,1,1,8,org.apache.lucene.queryParser.QueryParser,0.00,6,1,5,0,6,3,0,5,172,1
"org.apache.lucene.queryParser.ext.ExtensionQuery",4,0.11,1.00,14,0.08,1166.53,7,3,1,4,4,89.66,46,19,3,1,133.79,0.00,0.00,0.25,0,10.00,1,254.48,0,3,1,java.lang.Object,0.00,0,0,4,0,0,1,0,6,74,1
"org.apache.lucene.queryParser.ext.ExtensionStub",1,0.00,1.00,3,0.04,713.22,1,0,4,5,8,130.26,16,7,2,2,130.73,0.00,0.50,0.00,0,1.00,1,130.55,0,1,6,org.apache.lucene.queryParser.ext.ParserExtension,0.00,4,1,1,0,4,0,0,1,33,0
"org.apache.lucene.queryParser.ext.Extensions",9,0.29,1.22,30,0.36,12585.20,12,3,3,19,5,99.00,122,43,3,1,128.39,0.00,0.00,0.07,2,23.00,3,1084.84,0,4,2,java.lang.Object,0.00,10,0,11,0,10,5,0,12,255,1
"org.apache.lucene.queryParser.ext.Extensions$Pair",1,2.00,1.00,6,0.05,829.52,3,2,3,1,0,70.88,8,8,0,1,118.99,0.00,0.00,0.00,0,1.00,1,149.41,0,0,0,java.lang.Object,0.00,0,0,1,0,0,1,0,1,41,2
"org.apache.lucene.queryParser.ext.ParserExtension",1,0.00,1.00,2,0.02,137.38,1,0,3,1,8,192.93,25,3,4,1,142.94,0.00,0.00,0.00,0,1.00,1,49.66,0,1,4,java.lang.Object,0.00,0,0,1,1,0,0,0,2,16,2
"org.apache.lucene.queryParser.ext.TestExtendableQueryParser",7,0.67,1.86,72,1.12,41808.90,8,1,11,25,14,103.82,3,91,0,3,103.82,0.00,0.67,0.43,2,10.00,3,3349.78,0,3,14,org.apache.lucene.queryParser.TestQueryParser,0.00,18,2,13,0,18,4,0,1,613,1
"org.apache.lucene.queryParser.ext.TestExtensions",6,0.20,1.17,33,0.35,6806.97,7,1,1,17,3,120.84,4,45,0,2,120.84,0.00,0.50,0.83,0,0.00,2,1047.08,1,0,3,org.apache.lucene.util.LuceneTestCase,0.00,11,1,7,0,11,6,0,2,250,1
"org.apache.lucene.analysis.fi.FinnishAnalyzer",5,0.50,1.80,21,0.29,7141.30,7,2,17,16,15,75.46,42,31,1,4,123.56,0.00,0.75,0.10,0,8.00,3,866.52,0,2,14,org.apache.lucene.analysis.StopwordAnalyzerBase,0.00,11,3,9,0,11,3,0,8,192,2
"org.apache.lucene.analysis.fi.FinnishAnalyzer$DefaultSetHolder",0,0.00,0.00,6,0.05,843.89,1,1,17,0,2,171.00,2,11,0,1,171.00,0.00,0.00,0.00,0,0.00,0,162.56,0,0,2,java.lang.Object,0.00,0,0,0,0,0,0,0,2,40,2
"org.apache.lucene.analysis.fi.FinnishLightStemFilter",2,0.33,2.00,14,0.16,3794.18,5,3,6,9,8,113.74,9,20,2,4,113.50,0.00,0.75,0.50,0,2.00,3,481.98,0,0,6,org.apache.lucene.analysis.TokenFilter,0.29,7,3,4,0,7,2,0,1,107,2
"org.apache.lucene.analysis.fi.FinnishLightStemmer",7,0.00,7.57,87,1.54,105769.25,7,0,1,8,1,147.37,8,162,1,1,97.37,0.00,0.00,0.00,0,7.00,20,4626.21,0,0,0,java.lang.Object,0.00,1,0,53,0,1,7,0,2,880,1
"org.apache.lucene.analysis.fi.TestFinnishAnalyzer",4,0.00,1.00,16,0.17,3088.17,4,0,5,9,3,175.80,7,22,0,3,125.80,0.00,0.67,0.00,0,4.00,1,522.25,2,0,3,org.apache.lucene.analysis.BaseTokenStreamTestCase,0.00,5,2,4,0,5,4,0,6,121,1
"org.apache.lucene.analysis.fi.TestFinnishLightStemFilter",2,0.00,1.00,7,0.06,584.23,2,0,8,5,5,173.67,5,11,0,3,133.79,0.00,0.67,0.00,0,2.00,1,173.53,0,0,5,org.apache.lucene.analysis.BaseTokenStreamTestCase,0.00,3,2,2,0,3,2,0,3,46,1
"org.apache.lucene.analysis.fi.TestFinnishLightStemFilter$ReusableAnalyzerBase",1,0.00,1.00,4,0.05,1009.20,1,0,8,4,3,124.89,0,7,0,1,124.89,0.00,0.00,0.00,0,1.00,1,159.62,0,1,3,java.lang.Object,0.00,3,0,1,0,3,0,0,0,38,0
"org.apache.solr.client.solrj.response.AnalysisResponseBase",2,0.00,2.50,24,0.36,12765.49,2,0,4,11,6,126.80,64,27,4,3,100.57,1.00,0.40,0.00,1,2.00,3,1091.02,0,1,2,org.apache.solr.client.solrj.response.SolrResponseBase,0.00,9,2,5,2,9,1,0,6,218,1
"org.apache.solr.client.solrj.response.AnalysisResponseBase$AnalysisPhase",4,0.17,1.00,11,0.08,1212.46,6,2,4,6,0,180.11,10,16,0,1,140.23,0.00,0.00,0.38,0,6.00,1,252.34,0,2,0,java.lang.Object,0.00,2,0,4,0,2,2,0,2,69,2
"org.apache.solr.client.solrj.response.AnalysisResponseBase$TokenInfo",8,0.02,1.00,30,0.20,3164.09,15,7,4,8,0,100.53,51,39,0,1,132.75,0.00,0.00,0.12,0,50.00,1,605.15,0,3,0,java.lang.Object,0.00,0,0,8,0,0,5,0,8,162,2
"org.apache.solr.client.solrj.response.CoreAdminResponse",4,0.00,1.50,15,0.17,3749.11,4,0,2,6,5,179.71,5,28,3,3,129.71,0.00,0.67,0.00,1,4.00,2,522.91,1,4,2,org.apache.solr.client.solrj.response.SolrResponseBase,0.00,2,2,6,0,2,0,0,1,125,1
"org.apache.solr.client.solrj.response.DocumentAnalysisResponse",4,0.00,2.00,34,0.60,31233.46,5,1,5,23,4,56.50,37,41,2,4,106.50,0.00,0.75,1.00,0,0.00,5,1812.48,2,1,2,org.apache.solr.client.solrj.response.AnalysisResponseBase,0.00,19,3,8,0,19,3,1,8,342,1
"org.apache.solr.client.solrj.response.DocumentAnalysisResponse$DocumentAnalysis",6,0.10,1.00,15,0.16,3192.78,8,2,5,13,0,178.19,15,22,0,1,138.30,0.00,0.00,0.42,0,2.00,1,479.96,0,2,0,java.lang.Object,0.00,7,0,6,0,7,4,1,3,124,2
"org.apache.solr.client.solrj.response.DocumentAnalysisResponse$FieldAnalysis",10,0.07,1.10,24,0.26,4328.00,13,3,5,16,0,139.22,43,35,0,1,138.99,0.00,0.00,0.27,0,30.00,2,767.08,0,1,0,java.lang.Object,0.00,6,0,11,0,6,9,0,7,197,2
"org.apache.solr.client.solrj.response.DocumentAnalysisResponseTest",2,0.00,1.00,83,1.23,71205.11,2,0,5,24,3,42.78,12,87,0,2,75.00,0.00,0.50,0.00,1,2.00,1,3698.68,0,1,3,org.apache.lucene.util.LuceneTestCase,0.00,22,1,2,0,22,1,0,5,649,1
"org.apache.solr.client.solrj.response.DocumentAnalysisResponseTest$DocumentAnalysisResponse",1,0.00,1.00,3,0.03,354.00,1,0,5,1,1,133.13,0,5,0,1,133.13,0.00,0.00,0.00,0,1.00,1,84.00,0,1,1,java.lang.Object,0.00,0,0,1,0,0,0,0,0,23,0
"org.apache.solr.client.solrj.response.FacetField",11,0.10,1.55,41,0.39,9471.21,15,4,5,16,4,169.88,24,66,3,1,129.99,0.00,0.00,0.34,0,6.00,4,1178.27,0,6,1,java.lang.Object,0.00,5,0,17,0,5,5,1,6,279,1
"org.apache.solr.client.solrj.response.FacetField$Count",8,0.19,1.12,24,0.19,2351.93,11,3,5,11,2,133.74,1,42,0,1,133.74,0.00,0.00,0.50,0,0.00,2,562.63,0,3,2,java.lang.Object,0.00,3,0,9,0,3,5,1,1,149,2
"org.apache.solr.client.solrj.response.FieldAnalysisResponse",7,0.08,1.57,45,0.74,45448.89,9,2,4,18,3,69.56,49,54,1,4,111.85,0.00,0.75,0.57,0,0.00,5,2208.38,1,0,2,org.apache.solr.client.solrj.response.AnalysisResponseBase,0.00,11,3,11,0,11,7,0,10,427,1
"org.apache.solr.client.solrj.response.FieldAnalysisResponse$Analysis",7,0.25,1.14,16,0.13,1892.96,9,2,4,8,0,140.82,29,24,0,1,140.59,0.00,0.00,0.29,0,19.00,2,392.19,0,0,0,java.lang.Object,0.00,1,0,8,0,1,7,0,5,108,2
"org.apache.solr.client.solrj.response.FieldStatsInfo",11,0.16,2.73,85,1.16,62487.49,21,10,6,28,3,109.68,6,115,2,1,109.68,0.00,0.00,0.25,0,38.00,13,3481.96,0,10,1,java.lang.Object,0.00,17,0,30,0,17,1,1,1,646,1
"org.apache.solr.client.solrj.response.LukeResponse",10,0.07,2.00,51,0.72,39048.49,13,3,4,23,5,166.48,10,68,2,3,116.48,0.00,0.67,0.40,0,6.00,7,2148.72,1,9,3,org.apache.solr.client.solrj.response.SolrResponseBase,0.00,13,2,20,0,13,1,0,5,441,1
"org.apache.solr.client.solrj.response.LukeResponse$FieldInfo",11,0.06,1.91,55,0.61,22289.17,19,8,4,18,2,118.74,0,69,0,1,118.74,0.00,0.00,0.18,0,69.00,9,1828.57,0,6,2,java.lang.Object,0.00,7,0,21,0,7,5,1,0,381,2
"org.apache.solr.client.solrj.response.LukeResponse$FieldTypeInfo",7,0.10,1.71,32,0.38,14455.64,12,5,4,14,1,162.20,20,59,0,1,122.31,0.00,0.00,0.29,0,18.00,6,1132.28,0,4,1,java.lang.Object,0.00,7,0,12,0,7,3,1,1,236,2
"org.apache.solr.client.solrj.response.QueryResponseTest",1,0.00,2.00,14,0.18,6125.23,1,0,10,10,3,48.27,9,17,0,2,98.26,0.00,0.50,0.00,0,1.00,2,551.26,0,0,3,org.apache.lucene.util.LuceneTestCase,0.00,9,1,2,0,9,1,0,5,106,1
"org.apache.solr.client.solrj.response.SolrPingResponse",0,0.00,0.00,1,0.01,31.02,0,0,0,0,3,171.00,6,3,2,3,171.00,0.00,0.67,0.00,0,0.00,0,15.51,0,0,1,org.apache.solr.client.solrj.response.SolrResponseBase,0.00,0,2,0,0,0,0,0,2,6,1
"org.apache.solr.client.solrj.response.SolrResponseBase",10,0.19,1.20,32,0.26,4091.12,13,3,2,12,8,132.59,6,52,6,2,132.59,7.00,0.11,0.17,1,38.00,2,779.28,0,4,2,org.apache.solr.client.solrj.SolrResponse,0.31,2,1,12,7,2,6,0,2,199,1
"org.apache.solr.client.solrj.response.SpellCheckResponse",8,0.11,2.38,66,0.92,52812.28,12,4,5,34,3,146.92,20,79,2,1,107.04,0.00,0.00,0.34,0,12.00,10,2748.03,0,5,1,java.lang.Object,0.00,26,0,19,0,26,3,0,4,506,1
"org.apache.solr.client.solrj.response.SpellCheckResponse$Collation",6,0.20,1.00,18,0.13,1704.59,9,3,5,8,0,133.88,0,25,0,1,133.88,0.00,0.00,0.17,0,18.00,1,378.18,0,4,0,java.lang.Object,0.00,2,0,6,0,2,2,0,0,103,1
"org.apache.solr.client.solrj.response.SpellCheckResponse$Correction",5,0.38,1.00,14,0.08,1093.10,7,2,5,5,0,141.35,0,20,0,1,141.35,0.00,0.00,0.20,0,11.00,1,251.51,0,2,0,java.lang.Object,0.00,0,0,5,0,0,3,0,0,76,1
"org.apache.solr.client.solrj.response.SpellCheckResponse$Suggestion",10,0.08,1.80,51,0.58,27257.89,17,7,5,19,1,117.74,5,64,0,1,117.74,0.00,0.00,0.21,0,50.00,9,1728.41,0,5,1,java.lang.Object,0.00,9,0,18,0,9,5,0,5,351,2
"org.apache.solr.client.solrj.response.SuppressWarnings",4,0.00,1.50,56,0.82,30313.70,4,0,5,27,2,118.22,13,62,0,2,97.60,0.00,0.50,0.00,1,4.00,2,2447.72,0,1,2,org.apache.lucene.util.LuceneTestCase,0.00,23,1,6,0,23,3,0,4,463,1
"org.apache.solr.client.solrj.response.SuppressWarnings$AnalysisResponseBase",1,0.00,1.00,3,0.02,175.12,1,0,5,1,1,135.54,0,5,0,1,135.54,0.00,0.00,0.00,0,1.00,1,54.60,0,1,1,java.lang.Object,0.00,0,0,1,0,0,0,0,0,17,0
"org.apache.solr.client.solrj.response.SuppressWarnings$FieldAnalysisResponse",1,0.00,1.00,3,0.03,354.00,1,0,6,1,1,133.13,0,5,0,1,133.13,0.00,0.00,0.00,0,1.00,1,84.00,0,1,1,java.lang.Object,0.00,0,0,1,0,0,0,0,0,23,0
"org.apache.solr.client.solrj.response.TermsResponse",3,0.00,1.67,22,0.29,9141.21,4,1,5,14,3,151.81,8,22,2,1,111.92,0.00,0.00,1.00,0,0.00,3,860.62,0,2,1,java.lang.Object,0.00,11,0,5,0,11,1,0,2,182,1
"org.apache.solr.client.solrj.response.TermsResponse$Term",6,0.40,1.00,16,0.10,1236.68,8,2,5,6,0,141.55,0,23,0,1,141.55,0.00,0.00,0.17,0,14.00,1,306.51,0,1,0,java.lang.Object,0.00,0,0,6,0,0,5,0,0,90,2
"org.apache.solr.client.solrj.response.TermsResponseTest",2,0.00,1.00,24,0.36,10609.32,2,0,11,24,5,151.41,3,29,0,4,101.41,0.00,0.75,0.00,0,2.00,1,1080.79,2,0,5,org.apache.solr.client.solrj.SolrJettyTestBase,0.00,22,3,2,0,22,2,0,1,197,1
"org.apache.solr.client.solrj.response.TestSpellCheckResponse",4,0.67,2.25,102,1.85,103150.25,5,1,13,40,8,104.54,13,118,0,4,83.93,0.00,0.75,0.50,0,0.00,6,5543.00,2,0,8,org.apache.solr.client.solrj.SolrJettyTestBase,0.00,36,3,9,0,36,4,0,8,898,1
"org.apache.solr.client.solrj.response.UpdateResponse",0,0.00,0.00,1,0.01,31.02,0,0,0,0,9,171.00,7,3,8,3,171.00,0.00,0.67,0.00,0,0.00,0,15.51,0,0,1,org.apache.solr.client.solrj.response.SolrResponseBase,0.00,0,2,0,0,0,0,0,2,6,1
"org.apache.lucene.queryParser.standard.Deprecated",11,0.00,1.45,168,2.75,93560.04,11,0,19,36,12,116.71,34,221,0,2,96.10,0.00,0.50,0.00,1,11.00,2,8236.87,0,0,12,org.apache.lucene.util.LuceneTestCase,0.00,25,1,16,0,25,11,0,23,1503,1
"org.apache.lucene.queryParser.standard.Deprecated$AnalyzerReturningNull",2,1.00,1.50,9,0.09,1623.76,3,1,19,6,3,125.54,0,16,0,2,125.54,0.00,0.50,0.50,0,2.00,2,257.73,0,1,3,org.apache.lucene.analysis.Analyzer,0.00,4,1,3,0,4,1,0,0,63,2
"org.apache.lucene.queryParser.standard.Deprecated$AnalyzerReturningNull$EmptyTokenStream",1,0.00,1.00,3,0.02,186.16,1,0,19,1,1,135.33,0,6,0,3,135.33,0.00,0.67,0.00,0,1.00,1,56.19,0,0,1,org.apache.lucene.analysis.TokenStream,0.33,0,2,1,0,0,1,0,0,18,2
"org.apache.lucene.queryParser.standard.Deprecated$Operator",0,0.00,0.00,2,0.01,39.30,0,0,35,0,0,171.00,0,1,0,1,171.00,0.00,0.00,0.00,0,0.00,0,19.65,0,0,0,java.lang.Object,0.00,0,0,0,0,0,0,0,0,7,2
"org.apache.lucene.queryParser.standard.Deprecated$QPTestAnalyzer",1,0.00,1.00,3,0.04,532.36,1,0,53,3,3,181.73,1,6,0,2,131.73,0.00,0.50,0.00,0,1.00,1,119.91,0,1,3,org.apache.lucene.analysis.Analyzer,0.00,2,1,1,0,2,0,0,1,31,3
"org.apache.lucene.queryParser.standard.Deprecated$QPTestFilter",2,0.60,3.00,24,0.28,9177.99,7,5,53,10,4,141.54,4,31,0,4,101.66,0.00,0.75,0.50,0,2.00,5,842.14,0,0,4,org.apache.lucene.analysis.TokenFilter,0.29,8,3,6,0,8,2,0,1,171,3
"org.apache.lucene.queryParser.standard.Deprecated$QPTestParser",58,0.98,1.33,553,7.98,221005.86,59,1,53,143,26,147.03,158,706,0,2,107.14,0.00,0.50,0.03,15,166.00,3,23954.16,2,10,26,QueryParserWrapper,0.00,85,1,77,0,85,48,0,134,4517,2
"org.apache.lucene.queryParser.standard.Deprecated$QPTestParser$QPTestParserQueryNodeProcessor",3,0.00,1.33,9,0.11,2659.22,3,0,53,5,5,129.92,0,22,0,2,129.92,0.00,0.50,0.00,0,3.00,2,318.32,0,3,5,org.apache.lucene.queryParser.core.processors.QueryNodeProcessorImpl,0.00,2,1,4,0,2,0,0,0,79,2
"org.apache.lucene.queryParser.standard.QueryParserUtil",4,0.00,3.75,51,0.95,62552.95,4,0,5,15,8,146.90,105,65,2,1,97.41,0.00,0.00,0.00,0,4.00,4,2837.52,0,4,6,java.lang.Object,0.00,11,0,15,0,11,0,0,9,511,2
"org.apache.lucene.queryParser.standard.StandardQueryParser",30,0.00,1.07,93,1.01,16465.74,30,0,32,64,31,99.39,208,131,4,2,131.61,2.00,0.25,0.00,1,30.00,2,3030.80,2,7,27,org.apache.lucene.queryParser.core.QueryParserHelper,0.00,34,1,32,2,34,23,0,24,761,1
"org.apache.lucene.queryParser.standard.TestMultiAnalyzerQPHelper",2,1.00,1.00,41,0.83,28304.48,3,1,13,11,11,129.08,43,62,0,2,89.78,0.00,0.50,0.00,0,2.00,1,2480.96,0,0,11,org.apache.lucene.util.LuceneTestCase,0.00,9,1,2,0,9,2,0,31,441,1
"org.apache.lucene.queryParser.standard.TestMultiAnalyzerQPHelper$MultiAnalyzer",2,0.00,1.00,7,0.06,1222.91,2,0,13,5,4,131.26,0,11,0,2,131.26,0.00,0.50,0.00,0,2.00,1,192.06,0,1,4,org.apache.lucene.analysis.Analyzer,0.00,3,1,2,0,3,1,0,0,49,1
"org.apache.lucene.queryParser.standard.TestMultiAnalyzerQPHelper$PosIncrementAnalyzer",2,0.00,1.00,7,0.06,1222.91,2,0,13,5,4,131.26,0,11,0,2,131.26,0.00,0.50,0.00,0,2.00,1,192.06,0,1,4,org.apache.lucene.analysis.Analyzer,0.00,3,1,2,0,3,1,0,0,49,1
"org.apache.lucene.queryParser.standard.TestMultiAnalyzerQPHelper$TestFilter",2,0.71,3.00,34,0.39,13471.45,9,7,13,13,6,94.70,0,41,0,4,94.70,0.00,0.75,0.50,0,2.00,5,1171.90,0,0,6,org.apache.lucene.analysis.TokenFilter,0.29,11,3,6,0,11,2,0,0,224,2
"org.apache.lucene.queryParser.standard.TestMultiAnalyzerQPHelper$TestPosIncrementFilter",2,0.00,2.50,15,0.16,3738.22,4,2,13,5,4,113.50,1,21,0,4,113.50,0.00,0.75,0.50,0,2.00,4,483.67,0,0,4,org.apache.lucene.analysis.TokenFilter,0.29,3,3,5,0,3,2,0,1,108,1
"org.apache.lucene.queryParser.standard.TestMultiAnalyzerWrapper",2,1.00,1.00,39,0.76,23378.89,3,1,12,10,10,135.21,44,57,0,2,91.27,0.00,0.50,0.00,0,2.00,1,2269.87,0,0,10,org.apache.lucene.util.LuceneTestCase,0.00,8,1,2,0,8,2,0,31,407,1
"org.apache.lucene.queryParser.standard.TestMultiAnalyzerWrapper$MultiAnalyzer",2,0.00,1.00,7,0.06,1222.91,2,0,12,5,4,131.26,0,11,0,2,131.26,0.00,0.50,0.00,0,2.00,1,192.06,0,1,4,org.apache.lucene.analysis.Analyzer,0.00,3,1,2,0,3,1,0,0,49,1
"org.apache.lucene.queryParser.standard.TestMultiAnalyzerWrapper$PosIncrementAnalyzer",2,0.00,1.00,7,0.06,1222.91,2,0,12,5,4,131.26,0,11,0,2,131.26,0.00,0.50,0.00,0,2.00,1,192.06,0,1,4,org.apache.lucene.analysis.Analyzer,0.00,3,1,2,0,3,1,0,0,49,1
"org.apache.lucene.queryParser.standard.TestMultiAnalyzerWrapper$TestFilter",2,0.71,3.00,34,0.39,13471.45,9,7,12,13,6,94.70,0,41,0,4,94.70,0.00,0.75,0.50,0,2.00,5,1171.90,0,0,6,org.apache.lucene.analysis.TokenFilter,0.29,11,3,6,0,11,2,0,0,224,2
"org.apache.lucene.queryParser.standard.TestMultiAnalyzerWrapper$TestPosIncrementFilter",2,0.00,2.50,15,0.16,3738.22,4,2,12,5,4,113.50,1,21,0,4,113.50,0.00,0.75,0.50,0,2.00,4,483.67,0,0,4,org.apache.lucene.analysis.TokenFilter,0.29,3,3,5,0,3,2,0,1,108,1
"org.apache.lucene.queryParser.standard.TestMultiFieldQPHelper",11,0.00,1.45,181,2.96,103297.88,11,0,19,38,15,134.60,32,220,0,2,94.71,0.00,0.50,0.00,1,11.00,2,8871.55,0,0,15,org.apache.lucene.util.LuceneTestCase,0.00,27,1,16,0,27,11,0,22,1601,1
"org.apache.lucene.queryParser.standard.TestMultiFieldQPHelper$AnalyzerReturningNull",2,1.00,1.50,9,0.09,1713.97,3,1,19,6,3,125.35,0,16,0,2,125.35,0.00,0.50,0.50,0,2.00,2,263.92,0,1,3,org.apache.lucene.analysis.Analyzer,0.00,4,1,3,0,4,1,0,0,64,3
"org.apache.lucene.queryParser.standard.TestMultiFieldQPHelper$AnalyzerReturningNull$EmptyTokenStream",1,0.00,1.00,3,0.02,186.16,1,0,19,1,1,135.33,0,6,0,3,135.33,0.00,0.67,0.00,0,1.00,1,56.19,0,0,1,org.apache.lucene.analysis.TokenStream,0.33,0,2,1,0,0,1,0,0,18,2
"org.apache.lucene.queryParser.standard.TestQPHelper",0,0.00,0.00,5,0.06,1012.42,1,1,59,1,44,171.00,6,6,0,2,171.00,0.00,0.50,0.00,0,0.00,0,165.67,0,0,44,org.apache.lucene.util.LuceneTestCase,0.00,1,1,0,0,1,0,0,1,39,1
"org.apache.lucene.queryParser.standard.TestQPHelper$QPTestAnalyzer",1,0.00,1.00,3,0.04,532.36,1,0,59,3,3,181.73,1,6,0,2,131.73,0.00,0.50,0.00,0,1.00,1,119.91,0,1,3,org.apache.lucene.analysis.Analyzer,0.00,2,1,1,0,2,0,0,1,31,3
"org.apache.lucene.queryParser.standard.TestQPHelper$QPTestFilter",2,0.60,3.00,24,0.28,9177.99,7,5,59,10,4,141.54,4,31,0,4,101.66,0.00,0.75,0.50,0,2.00,5,842.14,0,0,4,org.apache.lucene.analysis.TokenFilter,0.29,8,3,6,0,8,2,0,1,171,3
"org.apache.lucene.queryParser.standard.TestQPHelper$QPTestParser",58,0.98,1.33,583,8.51,238996.74,59,1,59,144,30,145.05,163,727,0,3,105.17,0.00,0.67,0.03,15,222.00,3,25515.24,4,9,30,org.apache.lucene.queryParser.standard.StandardQueryParser,0.00,86,2,77,0,86,49,0,139,4784,2
"org.apache.lucene.queryParser.standard.TestQPHelper$QPTestParser$CannedAnalyzer",1,0.00,1.00,3,0.03,292.54,1,0,59,2,2,133.78,0,6,0,2,133.78,0.00,0.50,0.00,0,1.00,1,81.93,0,1,2,org.apache.lucene.analysis.Analyzer,0.00,1,1,1,0,1,0,0,0,23,1
"org.apache.lucene.queryParser.standard.TestQPHelper$QPTestParser$CannedTokenStream",1,0.00,5.00,22,0.23,7343.91,4,3,59,5,3,90.11,0,27,0,3,90.11,0.00,0.67,1.00,0,0.00,5,683.73,0,0,3,org.apache.lucene.analysis.TokenStream,0.33,4,2,5,0,4,1,0,0,143,1
"org.apache.lucene.queryParser.standard.TestQPHelper$QPTestParser$QPTestParserQueryNodeProcessor",3,0.00,1.33,9,0.11,2659.22,3,0,59,5,5,129.92,0,22,0,2,129.92,0.00,0.50,0.00,0,3.00,2,318.32,0,3,5,org.apache.lucene.queryParser.core.processors.QueryNodeProcessorImpl,0.00,2,1,4,0,2,0,0,0,79,2
"org.apache.lucene.queryParser.core.util.QueryNodeOperation",2,0.00,4.50,27,0.41,55900.21,2,0,5,9,3,61.87,13,46,0,1,94.09,0.00,0.00,0.00,0,2.00,8,1221.24,0,1,3,java.lang.Object,0.00,7,0,9,0,7,1,0,3,229,2
"org.apache.lucene.queryParser.core.util.QueryNodeOperation$ANDOperation",0,0.00,0.00,2,0.01,36.00,0,0,5,0,0,171.00,0,3,0,1,171.00,0.00,0.00,0.00,0,0.00,0,24.00,0,0,0,java.lang.Object,0.00,0,0,0,0,0,0,0,0,8,1
"org.apache.lucene.queryParser.core.util.StringUtils",1,0.00,2.00,6,0.04,902.27,1,0,0,2,5,118.07,16,9,5,1,118.54,0.00,0.00,0.00,0,1.00,2,109.28,0,1,0,java.lang.Object,0.00,1,0,2,0,1,0,0,1,30,2
"org.apache.lucene.queryParser.core.util.UnescapedCharSequence",12,0.50,1.92,73,0.86,36412.01,14,2,0,24,6,114.64,51,87,6,1,114.40,0.00,0.00,0.04,0,22.00,5,2578.70,0,5,0,java.lang.Object,0.00,12,0,23,0,12,7,1,9,568,2
"org.apache.solr.uima.processor.an.DummyEntityAnnotator",1,0.00,4.00,15,0.22,7339.99,1,0,6,13,1,105.50,17,20,0,2,96.37,0.00,0.50,0.00,0,1.00,4,658.06,0,0,1,org.apache.uima.analysis_component.JCasAnnotator_ImplBase,0.00,12,1,4,0,12,1,0,2,123,1
"org.apache.solr.uima.processor.an.DummyExceptionAnnotator",1,0.00,1.00,3,0.03,376.22,1,0,3,2,0,132.45,16,6,0,2,132.92,0.00,0.50,0.00,0,1.00,1,80.23,0,0,0,org.apache.uima.analysis_component.JCasAnnotator_ImplBase,0.00,1,1,1,0,1,1,0,1,23,1
"org.apache.solr.uima.processor.an.DummySentimentAnnotator",2,0.00,3.00,21,0.30,8520.49,4,2,7,14,1,56.76,16,28,0,2,104.86,0.00,0.50,0.50,1,2.00,5,907.38,0,1,1,org.apache.uima.analysis_component.JCasAnnotator_ImplBase,0.00,12,1,6,0,12,1,0,1,183,1
"org.apache.lucene.analysis.ro.RomanianAnalyzer",5,0.33,1.80,22,0.30,7511.21,8,3,16,16,14,73.39,46,32,1,4,123.39,0.00,0.75,0.07,0,8.00,3,910.78,0,2,13,org.apache.lucene.analysis.StopwordAnalyzerBase,0.00,11,3,9,0,11,3,0,9,201,2
"org.apache.lucene.analysis.ro.RomanianAnalyzer$DefaultSetHolder",0,0.00,0.00,6,0.05,853.95,1,1,16,0,1,171.00,2,11,0,1,171.00,0.00,0.00,0.00,0,0.00,0,164.39,0,0,1,java.lang.Object,0.00,0,0,0,0,0,0,0,2,40,2
"org.apache.lucene.analysis.ro.TestRomanianAnalyzer",4,0.00,1.00,16,0.17,3088.17,4,0,5,9,3,175.80,7,22,0,3,125.80,0.00,0.67,0.00,0,4.00,1,522.25,2,0,3,org.apache.lucene.analysis.BaseTokenStreamTestCase,0.00,5,2,4,0,5,4,0,6,121,1
"org.apache.solr.search.BitDocSet",16,0.03,1.50,61,0.64,17036.80,18,2,3,33,13,149.88,57,91,8,2,129.27,0.00,0.50,0.53,0,0.00,3,1906.38,1,2,6,org.apache.solr.search.DocSetBase,0.59,17,1,24,0,17,14,0,15,452,1
"org.apache.solr.search.BitDocSet$DocIterator",5,0.12,1.00,15,0.10,1323.44,7,2,3,7,2,134.12,0,20,0,1,134.12,0.00,0.00,0.40,1,2.00,1,299.93,0,1,2,java.lang.Object,0.00,2,0,5,0,2,4,0,0,85,0
"org.apache.solr.search.BoostQParserPlugin",2,2.00,1.00,6,0.06,623.72,4,2,9,3,11,115.69,10,10,1,2,133.56,0.00,0.50,0.00,0,2.00,1,175.41,0,1,11,org.apache.solr.search.QParserPlugin,0.00,1,1,2,0,1,1,0,1,47,1
"org.apache.solr.search.BoostQParserPlugin$QParser",4,0.44,1.50,23,0.27,8026.21,7,3,9,15,10,118.83,1,32,0,1,118.83,0.00,0.00,0.67,0,0.00,3,820.04,0,3,10,java.lang.Object,0.00,11,0,6,0,11,1,0,1,178,0
"org.apache.solr.search.CacheConfig",8,0.06,1.75,52,0.67,23272.83,15,7,8,24,7,164.57,10,62,2,1,114.57,0.00,0.00,0.09,1,16.00,4,1999.70,0,4,6,java.lang.Object,0.00,16,0,14,0,16,4,0,4,413,1
"org.apache.solr.search.CacheRegenerator",1,0.00,1.00,2,0.02,168.99,1,0,1,1,7,168.51,19,3,7,1,142.23,0.00,0.00,0.00,0,1.00,1,74.42,0,0,2,,0.00,0,0,1,0,0,1,0,2,21,1
"org.apache.solr.search.ConstantScorePrefixQuery",6,0.40,1.67,30,0.37,13144.13,7,1,5,19,7,168.50,11,42,2,2,118.50,0.00,0.50,0.67,1,0.00,3,1121.39,1,3,5,org.apache.lucene.search.Query,0.10,13,1,10,0,13,3,0,9,250,1
"org.apache.solr.search.DisMaxQParser",12,0.01,2.75,113,1.77,68925.06,19,7,14,56,15,145.45,33,146,1,2,105.57,0.00,0.50,0.15,5,50.00,9,5318.70,3,7,14,org.apache.solr.search.QParser,0.19,44,1,33,0,44,5,0,14,990,1
"org.apache.solr.search.DisMaxQParserPlugin",2,1.00,1.00,5,0.06,769.03,3,1,3,3,6,160.03,7,9,1,2,139.42,0.00,0.50,0.00,0,2.00,1,174.09,0,1,6,org.apache.solr.search.QParserPlugin,0.00,1,1,2,0,1,1,0,1,46,1
"org.apache.solr.search.DocIterator",2,0.00,1.00,3,0.02,120.42,2,0,1,2,27,127.61,27,4,27,1,156.99,0.00,0.00,0.00,0,2.00,1,51.75,0,0,0,,0.00,0,0,2,0,0,2,0,5,19,1
"org.apache.solr.search.DocList",7,0.00,1.00,8,0.04,184.11,7,0,0,7,31,127.60,48,9,30,2,159.82,0.00,0.50,0.00,0,7.00,1,112.17,0,2,1,,0.19,0,1,7,0,0,5,0,15,45,1
"org.apache.solr.search.DocListAndSet",0,0.00,0.00,3,0.02,124.57,2,2,0,0,11,171.00,13,4,9,1,171.00,0.00,0.00,0.00,0,0.00,0,49.83,0,0,2,java.lang.Object,0.00,0,0,0,0,0,0,0,1,15,2
"org.apache.solr.search.DocSet",14,0.00,1.00,15,0.08,426.98,14,0,7,14,29,127.09,93,17,22,1,159.31,0.00,0.00,0.00,0,14.00,1,249.09,0,6,7,,0.00,0,0,14,0,0,8,0,16,95,1
"org.apache.solr.search.DocSetBase",11,0.00,1.73,49,0.58,17433.00,11,0,7,29,12,173.22,21,64,4,1,123.22,0.00,0.00,0.00,3,11.00,6,1728.82,0,5,9,java.lang.Object,0.00,18,0,19,4,18,6,1,13,400,1
"org.apache.solr.search.DocSetBase$Filter",1,0.00,3.00,12,0.14,6704.84,1,0,7,5,3,150.36,1,15,0,1,100.36,0.00,0.00,0.00,0,1.00,3,415.00,0,1,3,java.lang.Object,0.00,4,0,3,0,4,0,0,1,84,0
"org.apache.solr.search.DocSetBase$Filter$DocIdSet",2,0.00,1.00,5,0.03,330.65,2,0,7,3,1,142.30,0,9,0,1,142.30,0.00,0.00,0.00,0,2.00,1,86.05,0,1,1,java.lang.Object,0.00,1,0,2,0,1,1,0,0,27,0
"org.apache.solr.search.DocSetBase$Filter$DocIdSet$DocIdSetIterator",3,0.50,2.00,12,0.18,6584.46,5,2,7,4,0,122.07,0,18,0,1,122.07,0.00,0.00,0.83,0,0.00,3,540.55,0,0,0,java.lang.Object,0.00,1,0,6,0,1,3,0,0,119,0
"org.apache.solr.search.DocSetCollector",6,0.07,1.67,34,0.31,9042.17,12,6,5,10,9,159.67,17,43,2,2,119.78,1.00,0.33,0.22,0,10.00,3,925.01,0,0,7,org.apache.lucene.index.Collector,0.00,4,1,10,1,4,6,0,15,212,0
"org.apache.solr.search.DocSetDelegateCollector",5,0.50,1.80,29,0.28,9318.56,6,1,5,12,9,158.92,11,37,1,3,119.04,0.00,0.67,0.60,0,1.00,3,851.12,0,0,8,org.apache.solr.search.DocSetCollector,0.55,7,2,9,0,7,5,0,11,189,0
"org.apache.solr.search.DocSetPerf",3,0.60,10.00,117,1.80,203744.46,8,5,6,33,4,123.07,5,118,0,1,73.07,0.00,0.00,0.60,2,1.00,24,5402.83,0,0,4,java.lang.Object,0.00,30,0,30,0,30,3,0,4,848,1
"org.apache.solr.search.DocSlice",12,0.12,1.67,54,0.59,20951.96,18,6,0,21,12,172.89,23,65,7,2,122.89,0.00,0.50,0.28,0,32.00,4,1762.82,0,2,5,org.apache.solr.search.DocSetBase,0.17,9,1,20,0,9,10,1,10,402,1
"org.apache.solr.search.DocSlice$DocIterator",5,0.12,1.00,13,0.08,905.91,7,2,0,6,0,141.99,3,18,0,1,141.99,0.00,0.00,0.40,1,2.00,1,251.84,0,1,0,java.lang.Object,0.00,1,0,5,0,1,4,0,1,73,0
"org.apache.solr.search.ExtendedDismaxQParser",10,0.05,11.60,387,6.79,984260.70,19,9,23,87,24,28.06,116,493,1,2,72.19,0.00,0.50,0.16,3,34.00,54,20384.21,6,7,23,org.apache.solr.search.QParser,0.20,77,1,116,0,77,3,0,82,3019,0
"org.apache.solr.search.ExtendedDismaxQParser$Clause",1,6.00,1.00,11,0.06,569.90,9,8,23,1,0,131.07,3,13,0,1,110.45,0.00,0.00,0.25,0,0.00,1,191.02,0,0,0,java.lang.Object,0.00,0,0,1,0,0,1,0,3,49,1
"org.apache.solr.search.ExtendedDismaxQParser$DMP",0,0.00,0.00,1,0.01,49.13,0,0,23,0,0,171.00,1,2,0,2,171.00,0.00,0.50,0.00,0,0.00,0,19.65,0,0,0,,0.00,0,1,0,0,0,0,0,1,7,2
"org.apache.solr.search.ExtendedDismaxQParser$ExtendedAnalyzer",6,0.05,3.67,76,1.03,89867.85,10,4,23,24,7,97.56,4,89,0,2,97.56,0.00,0.50,0.29,2,6.00,12,3076.56,0,3,7,org.apache.lucene.analysis.Analyzer,0.00,18,1,22,0,18,3,0,4,564,1
"org.apache.solr.search.ExtendedDismaxQParser$ExtendedSolrQueryParser",15,0.01,2.60,134,1.72,65236.79,29,14,23,38,11,129.06,54,177,0,3,108.44,0.00,0.67,0.08,4,68.00,8,5150.89,9,10,11,org.apache.solr.search.SolrQueryParser,0.00,23,2,39,0,23,5,0,33,1013,0
"org.apache.solr.search.ExtendedDismaxQParser$ExtendedSolrQueryParser$Alias",0,0.00,0.00,3,0.02,239.86,2,2,23,0,0,171.00,0,4,0,1,171.00,0.00,0.00,0.00,0,0.00,0,68.53,0,0,0,java.lang.Object,0.00,0,0,0,0,0,0,0,0,18,1
"org.apache.solr.search.ExtendedDismaxQParser$QType",0,0.00,0.00,2,0.01,28.53,0,0,23,0,0,171.00,0,8,0,1,171.00,0.00,0.00,0.00,0,0.00,0,28.53,0,0,0,java.lang.Object,0.00,0,0,0,0,0,0,0,0,9,0
"org.apache.solr.search.ExtendedDismaxQParser$U",0,0.00,0.00,1,0.01,49.13,0,0,23,0,1,171.00,1,2,0,2,171.00,0.00,0.50,0.00,0,0.00,0,19.65,0,0,1,org.apache.solr.util.SolrPluginUtils,0.00,0,1,0,0,0,0,0,1,7,2
"org.apache.solr.search.ExtendedDismaxQParserPlugin",2,1.00,1.00,5,0.06,815.39,3,1,23,3,21,179.10,4,9,1,2,139.22,0.00,0.50,0.00,0,2.00,1,179.41,0,1,21,org.apache.solr.search.QParserPlugin,0.00,1,1,2,0,1,1,0,1,47,1
"org.apache.solr.search.FastLRUCache",20,0.02,2.30,155,2.30,149159.28,29,9,12,63,11,158.79,25,186,3,1,108.79,0.00,0.00,0.13,0,114.00,12,6904.51,0,12,8,java.lang.Object,0.00,43,0,46,0,43,8,1,13,1211,1
"org.apache.solr.search.FieldQParserPlugin",2,1.00,1.00,5,0.05,464.34,3,1,7,3,8,161.76,7,9,1,2,141.14,0.00,0.50,0.00,0,2.00,1,141.84,0,1,8,org.apache.solr.search.QParserPlugin,0.00,1,1,2,0,1,1,0,1,39,1
"org.apache.solr.search.FieldQParserPlugin$QParser",1,0.00,1.00,7,0.11,2014.08,1,0,7,6,5,113.46,0,9,0,1,113.46,0.00,0.00,0.00,0,1.00,1,326.21,0,1,5,java.lang.Object,0.00,5,0,1,0,5,0,0,0,69,0
"org.apache.solr.search.FooQParser",2,0.00,1.00,5,0.07,1084.82,2,0,7,5,10,138.24,0,9,1,2,138.24,0.00,0.50,0.00,0,2.00,1,220.22,0,1,9,org.apache.solr.search.QParser,0.09,3,1,2,0,3,1,0,0,56,0
"org.apache.solr.search.FooQParserPlugin",2,0.00,1.00,4,0.05,624.38,2,0,7,3,11,140.13,0,8,1,2,140.13,0.00,0.50,0.00,0,2.00,1,139.41,0,1,10,org.apache.solr.search.QParserPlugin,0.00,1,1,2,0,1,1,0,0,38,1
"org.apache.solr.search.FunctionQParser",18,0.07,2.89,174,2.19,121425.41,22,4,9,59,48,87.14,104,217,35,2,105.01,0.00,0.50,0.18,5,94.00,12,6581.47,3,8,15,org.apache.solr.search.QParser,0.05,41,1,52,0,41,10,0,28,1191,1
"org.apache.solr.search.FunctionQParserPlugin",2,1.00,1.00,5,0.06,769.03,3,1,3,3,11,179.30,5,9,6,2,139.42,0.00,0.50,0.00,0,2.00,1,174.09,0,0,6,org.apache.solr.search.QParserPlugin,0.00,1,1,2,0,1,2,0,1,46,1
"org.apache.solr.search.FunctionRangeQParserPlugin",2,1.00,1.00,5,0.05,464.34,3,1,6,3,7,123.27,10,9,1,2,141.14,0.00,0.50,0.00,0,2.00,1,141.84,0,0,7,org.apache.solr.search.QParserPlugin,0.00,1,1,2,0,1,2,0,1,39,1
"org.apache.solr.search.FunctionRangeQParserPlugin$QParser",1,0.00,2.00,17,0.25,8032.45,3,2,6,9,9,144.19,1,20,0,1,94.19,0.00,0.00,1.00,0,0.00,2,738.69,0,1,9,java.lang.Object,0.00,8,0,2,0,8,0,0,1,138,0
"org.apache.solr.search.HashDocSet",11,0.06,3.73,127,1.50,165503.11,16,5,1,20,8,119.57,38,131,4,2,98.96,0.00,0.50,0.25,2,4.00,8,4511.81,0,1,4,org.apache.solr.search.DocSetBase,0.36,9,1,41,0,9,10,0,27,890,2
"org.apache.solr.search.HashDocSet$DocIterator",6,0.40,1.17,18,0.11,1566.92,8,2,1,6,0,134.13,1,24,0,1,134.13,0.00,0.00,0.17,2,10.00,2,331.31,0,1,0,java.lang.Object,0.00,0,0,7,0,0,5,0,1,94,0
"org.apache.solr.search.IdGenerator",2,0.00,1.00,3,0.02,91.29,2,0,8,2,9,157.93,0,4,2,1,157.93,0.00,0.00,0.00,0,2.00,1,52.94,0,0,7,,0.00,0,0,2,0,0,2,0,0,19,0
"org.apache.solr.search.LRUCache",20,0.05,1.95,136,1.67,85754.82,32,12,8,42,10,163.22,26,166,3,1,113.22,0.00,0.00,0.13,0,122.00,9,5010.91,0,12,7,java.lang.Object,0.00,22,0,39,0,22,8,1,18,961,1
"org.apache.solr.search.LRUCache$CumulativeStats",0,0.00,0.00,5,0.05,1253.89,4,4,8,1,0,171.00,0,6,0,1,171.00,0.00,0.00,0.00,0,0.00,0,144.68,0,0,0,java.lang.Object,0.00,1,0,0,0,1,0,0,0,38,2
"org.apache.solr.search.LRUCache$LinkedHashMap<K,V>",1,0.00,2.00,7,0.07,1008.55,1,0,8,3,0,136.28,3,10,0,1,115.66,0.00,0.00,0.00,0,0.00,2,196.38,0,0,0,java.lang.Object,0.00,2,0,2,0,2,1,0,3,46,0
"org.apache.solr.search.LuceneQParser",3,0.25,2.33,20,0.30,11948.34,5,2,11,12,15,113.43,2,28,2,2,113.43,1.00,0.33,0.33,0,1.00,5,911.25,3,2,13,org.apache.solr.search.QParser,0.17,9,1,7,1,9,1,0,2,182,0
"org.apache.solr.search.LuceneQParserPlugin",2,1.00,1.00,5,0.06,769.03,3,1,11,3,13,139.65,8,9,1,2,139.42,0.00,0.50,0.00,0,2.00,1,174.09,0,1,13,org.apache.solr.search.QParserPlugin,0.00,1,1,2,0,1,1,0,1,46,1
"org.apache.solr.search.LuceneQueryOptimizer",2,0.00,4.00,31,0.45,30133.79,4,2,4,16,8,103.04,35,49,1,1,93.91,0.00,0.00,0.50,0,2.00,7,1349.87,0,1,7,java.lang.Object,0.00,14,0,8,0,14,1,0,18,240,0
"org.apache.solr.search.LuceneQueryOptimizer$LinkedHashMap",1,0.00,1.00,3,0.03,353.48,1,0,4,2,0,183.13,1,5,0,1,133.13,0.00,0.00,0.00,0,1.00,1,91.65,0,0,0,java.lang.Object,0.00,1,0,1,0,1,1,0,1,25,0
"org.apache.solr.search.MissingLastOrdComparator",11,0.25,2.45,95,1.07,43135.12,25,14,3,13,3,108.81,7,124,1,2,108.81,0.00,0.50,0.30,1,0.00,6,3196.73,0,3,2,org.apache.lucene.search.FieldComparator,0.50,2,1,27,0,2,8,0,7,653,0
"org.apache.solr.search.MissingStringLastComparatorSource",3,0.25,1.00,9,0.09,1374.03,5,2,3,4,5,172.13,6,14,1,2,132.25,0.00,0.50,0.33,0,5.00,1,267.35,0,1,4,org.apache.lucene.search.FieldComparatorSource,0.00,1,1,3,0,1,2,0,1,69,1
"org.apache.solr.search.NestedQParserPlugin",2,1.00,1.00,5,0.05,464.34,3,1,6,3,8,141.38,9,9,1,2,141.14,0.00,0.50,0.00,0,2.00,1,141.84,0,1,8,org.apache.solr.search.QParserPlugin,0.00,1,1,2,0,1,1,0,1,39,1
"org.apache.solr.search.NestedQParserPlugin$QParser",4,0.00,1.00,13,0.13,1923.01,7,3,6,9,6,132.08,1,21,0,1,132.08,0.00,0.00,0.33,0,0.00,1,394.54,0,3,6,java.lang.Object,0.00,5,0,4,0,5,1,0,1,100,0
"org.apache.solr.search.OldLuceneQParser",3,0.50,3.33,26,0.38,15042.25,4,1,11,11,14,157.90,3,38,1,3,107.90,0.00,0.67,0.67,0,1.00,6,1129.70,5,2,13,org.apache.solr.search.LuceneQParser,0.23,8,2,10,0,8,1,0,3,223,0
"org.apache.solr.search.OldLuceneQParserPlugin",2,1.00,1.00,5,0.06,769.03,3,1,3,3,6,179.30,5,9,1,2,139.42,0.00,0.50,0.00,0,2.00,1,174.09,0,1,6,org.apache.solr.search.QParserPlugin,0.00,1,1,2,0,1,1,0,1,46,1
"org.apache.solr.search.PrefixFilter",6,0.40,1.00,20,0.20,4371.58,7,1,8,16,10,130.66,3,29,2,2,130.66,0.00,0.50,0.67,0,0.00,1,585.38,0,3,8,org.apache.lucene.search.Filter,0.00,10,1,6,0,10,3,0,1,148,1
"org.apache.solr.search.PrefixFilter$PrefixGenerator",1,0.00,1.00,3,0.02,148.58,1,0,8,2,0,136.10,0,4,0,1,136.10,0.00,0.00,0.00,0,1.00,1,56.58,0,0,0,java.lang.Object,0.00,1,0,1,0,1,1,0,0,18,0
"org.apache.solr.search.PrefixGenerator",2,1.00,2.00,21,0.24,10966.54,3,1,8,14,9,104.09,0,31,1,1,104.09,0.00,0.00,0.50,0,2.00,3,718.07,0,0,8,java.lang.Object,0.00,12,0,4,0,12,2,1,0,142,1
"org.apache.solr.search.PrefixQParserPlugin",2,1.00,1.00,5,0.05,464.34,3,1,7,3,9,161.76,7,9,1,2,141.14,0.00,0.50,0.00,0,2.00,1,141.84,0,1,9,org.apache.solr.search.QParserPlugin,0.00,1,1,2,0,1,1,0,1,39,1
"org.apache.solr.search.PrefixQParserPlugin$QParser",1,0.00,1.00,3,0.05,884.67,1,0,7,4,5,130.00,0,5,0,1,130.00,0.00,0.00,0.00,0,1.00,1,162.30,0,1,5,java.lang.Object,0.00,3,0,1,0,3,0,0,0,40,0
"org.apache.solr.search.QParser",20,0.04,2.20,134,1.63,87837.61,29,9,10,48,70,152.99,53,173,60,1,113.11,0.00,0.00,0.08,4,138.00,10,4885.71,0,12,12,java.lang.Object,0.00,28,0,44,7,28,8,0,25,961,2
"org.apache.solr.search.QParserPlugin",1,2.00,1.00,4,0.20,7382.98,3,2,3,1,23,138.70,3,20,19,1,118.08,0.00,0.00,0.00,0,1.00,1,606.81,0,1,18,java.lang.Object,0.00,0,0,1,15,0,0,1,3,125,2
"org.apache.solr.search.QueryParsing",13,0.04,7.15,313,4.94,497874.56,23,10,31,104,58,38.84,153,387,30,1,82.97,0.00,0.00,0.06,4,53.00,30,14826.87,0,10,31,java.lang.Object,0.00,91,0,93,0,91,3,0,51,2415,1
"org.apache.solr.search.QueryParsing$StrParser",20,0.33,3.15,187,2.10,104483.28,23,3,31,39,1,105.86,17,236,0,1,105.86,0.00,0.00,0.65,4,0.00,15,6303.64,0,7,1,java.lang.Object,0.00,19,0,63,0,19,13,0,10,1213,2
"org.apache.solr.search.QueryParsingTest",3,0.00,3.00,106,1.80,154879.96,3,0,8,14,7,27.93,25,125,0,3,76.04,0.00,0.67,0.00,0,1.00,7,5414.52,1,0,7,org.apache.solr.SolrTestCaseJ4,0.00,11,2,9,0,11,3,0,22,936,1
"org.apache.solr.search.QueryResultKey",4,0.00,4.25,42,0.57,31959.32,11,7,5,10,6,142.52,11,47,3,1,102.63,0.00,0.00,0.14,1,4.00,9,1708.13,0,0,3,java.lang.Object,0.00,6,0,17,0,6,4,0,9,341,2
"org.apache.solr.search.QueryUtils",4,0.00,3.75,34,0.41,20254.90,4,0,5,17,6,75.62,26,40,2,1,107.84,0.00,0.00,0.00,1,4.00,7,1244.38,0,3,4,java.lang.Object,0.00,13,0,15,0,13,1,0,11,254,1
"org.apache.solr.search.RawQParserPlugin",2,1.00,1.00,5,0.05,464.34,3,1,7,3,9,123.27,10,9,1,2,141.14,0.00,0.50,0.00,0,2.00,1,141.84,0,1,9,org.apache.solr.search.QParserPlugin,0.00,1,1,2,0,1,1,0,1,39,1
"org.apache.solr.search.RawQParserPlugin$QParser",1,0.00,1.00,3,0.05,884.67,1,0,7,4,5,130.00,0,5,0,1,130.00,0.00,0.00,0.00,0,1.00,1,162.30,0,1,5,java.lang.Object,0.00,3,0,1,0,3,0,0,0,40,0
"org.apache.solr.search.SolrCache",10,1.00,1.00,13,0.12,1410.84,11,1,5,11,14,111.78,72,14,13,2,154.07,0.00,0.50,0.00,0,10.00,1,345.38,0,3,3,,0.00,1,1,10,0,1,7,0,22,102,1
"org.apache.solr.search.SolrCache$State",0,0.00,0.00,2,0.01,36.00,0,0,5,0,0,171.00,1,6,0,1,171.00,0.00,0.00,0.00,0,0.00,0,24.00,0,0,0,java.lang.Object,0.00,0,0,0,0,0,0,0,1,8,1
"org.apache.solr.search.SolrConstantScoreQuery",8,0.00,1.50,23,0.28,6596.82,8,0,7,15,11,157.33,31,41,4,3,136.71,0.00,0.67,0.00,0,8.00,3,849.44,1,4,7,org.apache.lucene.search.ConstantScoreQuery,0.19,7,2,12,0,7,4,0,10,206,1
"org.apache.solr.search.SolrConstantScoreQuery$ConstantScorer",6,0.00,1.50,26,0.29,8067.26,9,3,7,15,6,123.81,0,40,0,3,123.81,0.00,0.67,0.33,0,0.00,4,863.54,0,1,6,org.apache.lucene.search.Scorer,0.63,9,2,9,0,9,5,0,0,194,1
"org.apache.solr.search.SolrConstantScoreQuery$ConstantWeight",7,0.04,1.29,36,0.44,12051.78,11,4,7,18,9,119.39,0,54,0,2,119.39,0.00,0.50,0.29,0,9.00,2,1329.19,0,3,9,org.apache.lucene.search.Weight,0.57,11,1,9,0,11,4,0,0,280,1
"org.apache.solr.search.SolrFieldCacheMBean",8,1.00,1.25,34,0.30,10588.42,9,1,9,17,6,173.91,12,34,1,1,123.91,0.00,0.00,0.12,0,14.00,3,896.61,0,8,6,java.lang.Object,0.00,9,0,10,0,9,0,1,2,203,1
"org.apache.solr.search.SolrFilter",3,0.00,1.00,5,0.06,606.89,3,0,6,3,4,192.73,7,8,1,2,152.84,1.00,0.33,0.00,1,3.00,1,174.22,0,2,3,org.apache.lucene.search.Filter,0.00,0,1,3,1,0,1,0,2,49,2
"org.apache.solr.search.SolrIndexReader",65,0.10,1.34,231,2.63,112511.03,73,8,9,120,30,127.63,38,354,14,3,127.63,0.00,0.67,0.02,7,0.00,5,7881.87,3,27,17,org.apache.lucene.index.FilterIndexReader,0.55,55,2,87,0,55,38,0,30,1800,1
"org.apache.solr.search.SolrIndexSearcher",64,0.01,3.53,760,11.97,956542.95,97,33,23,234,101,56.70,471,928,61,3,98.99,0.00,0.67,0.04,12,1692.00,20,35919.84,5,24,46,org.apache.lucene.search.IndexSearcher,0.06,170,2,226,0,170,40,1,175,6221,1
"org.apache.solr.search.SolrIndexSearcher$CacheRegenerator",1,0.00,2.00,5,0.06,1022.98,1,0,23,2,3,121.07,0,7,0,1,121.07,0.00,0.00,0.00,0,1.00,2,168.47,0,0,3,java.lang.Object,0.00,1,0,2,0,1,1,0,0,39,0
"org.apache.solr.search.SolrIndexSearcher$CacheRegenerator_0",1,0.00,1.00,4,0.05,605.72,1,0,23,2,3,126.63,0,5,0,1,126.63,0.00,0.00,0.00,0,1.00,1,143.71,0,0,3,java.lang.Object,0.00,1,0,1,0,1,1,0,0,34,0
"org.apache.solr.search.SolrIndexSearcher$CacheRegenerator_1",1,0.00,2.00,14,0.25,7825.80,1,0,23,13,4,65.21,6,21,0,1,97.43,0.00,0.00,0.00,0,0.00,2,757.15,0,0,4,java.lang.Object,0.00,12,0,2,0,12,1,0,6,133,0
"org.apache.solr.search.SolrIndexSearcher$Collector",4,0.00,1.00,7,0.07,721.81,4,0,23,4,2,153.23,0,15,0,1,153.23,0.00,0.00,0.00,0,4.00,1,205.86,0,0,2,java.lang.Object,0.00,0,0,4,0,0,4,0,0,58,0
"org.apache.solr.search.SolrIndexSearcher$Collector_2",4,1.00,1.25,11,0.12,2390.29,5,1,23,5,2,137.86,0,19,0,1,137.86,0.00,0.00,0.25,0,6.00,2,358.17,0,0,2,java.lang.Object,0.00,1,0,5,0,1,4,0,0,90,0
"org.apache.solr.search.SolrIndexSearcher$Collector_3",4,1.00,1.25,10,0.11,1985.99,5,1,23,5,2,138.49,0,18,0,1,138.49,0.00,0.00,0.25,0,6.00,2,331.10,0,0,2,java.lang.Object,0.00,1,0,5,0,1,4,0,0,85,0
"org.apache.solr.search.SolrIndexSearcher$QueryCommand",23,0.05,1.22,77,0.54,10030.23,32,9,23,26,3,132.37,10,87,0,1,132.37,0.00,0.00,0.07,0,285.00,3,1620.11,0,16,3,java.lang.Object,0.00,3,0,28,0,3,7,0,3,414,2
"org.apache.solr.search.SolrIndexSearcher$QueryResult",8,0.07,1.25,23,0.15,2038.06,10,2,23,9,3,140.77,0,22,0,1,140.77,0.00,0.00,0.44,0,0.00,2,452.22,0,0,3,java.lang.Object,0.00,1,0,10,0,1,8,0,0,125,2
"org.apache.solr.search.SolrIndexSearcher$SetNonLazyFieldSelector",2,0.00,1.50,6,0.06,906.67,3,1,23,3,1,132.19,0,13,0,1,132.19,0.00,0.00,1.00,0,0.00,2,193.32,0,1,1,java.lang.Object,0.00,1,0,3,0,1,1,1,0,51,1
"org.apache.solr.search.SolrIndexSearcher$TermDocsState",0,0.00,0.00,3,0.02,124.57,2,2,23,0,2,171.00,0,4,0,1,171.00,0.00,0.00,0.00,0,0.00,0,49.83,0,0,2,java.lang.Object,0.00,0,0,0,0,0,0,0,0,15,2
"org.apache.solr.search.SolrQueryParser",9,0.03,3.11,88,1.28,47490.98,13,4,15,51,22,87.96,48,121,5,2,105.83,2.00,0.25,0.22,2,28.00,7,3840.93,7,4,19,org.apache.lucene.queryParser.QueryParser,0.00,42,1,28,2,42,5,0,23,742,1
"org.apache.solr.search.SolrReaderInfo",2,1.00,1.00,6,0.03,306.88,3,1,9,2,6,135.99,0,7,1,1,135.99,0.00,0.00,0.50,0,2.00,1,90.86,0,1,5,java.lang.Object,0.00,0,0,2,0,0,1,0,0,29,0
"org.apache.solr.search.SolrSortField",1,0.00,1.00,2,0.01,69.06,1,0,3,1,3,165.90,3,3,1,1,145.29,0.00,0.00,0.00,0,1.00,1,36.53,0,1,2,,0.00,0,0,1,0,0,0,0,1,13,1
"org.apache.solr.search.SortSpec",9,0.04,1.44,28,0.22,3563.48,12,3,2,10,7,182.66,16,35,5,1,132.66,0.00,0.00,0.30,1,19.00,4,660.03,0,2,2,java.lang.Object,0.00,1,0,13,0,1,7,0,4,174,1
"org.apache.solr.search.SortedIntDocSet",20,0.21,5.00,311,3.44,459507.43,23,3,6,29,13,113.03,75,353,5,2,92.42,0.00,0.50,0.13,7,52.00,15,10317.02,0,3,8,org.apache.solr.search.DocSetBase,0.32,9,1,100,0,9,17,0,67,2025,1
"org.apache.solr.search.SortedIntDocSet$DocIterator",5,0.75,1.00,12,0.07,608.05,6,1,6,6,0,143.35,3,17,0,1,143.35,0.00,0.00,0.40,1,7.00,1,203.48,0,1,0,java.lang.Object,0.00,1,0,5,0,1,4,0,1,62,0
"org.apache.solr.search.SortedIntDocSet$Filter",1,0.00,4.00,22,0.33,30869.82,2,1,6,7,3,35.25,9,27,0,1,85.25,0.00,0.00,1.00,0,0.00,4,989.37,0,1,3,java.lang.Object,0.00,6,0,4,0,6,0,0,9,181,0
"org.apache.solr.search.SortedIntDocSet$Filter$DocIdSet",2,0.00,1.00,5,0.03,330.65,2,0,6,3,1,142.30,0,9,0,1,142.30,0.00,0.00,0.00,0,2.00,1,86.05,0,1,1,java.lang.Object,0.00,1,0,2,0,1,1,0,0,27,0
"org.apache.solr.search.SortedIntDocSet$Filter$DocIdSet$DocIdSetIterator",4,0.33,2.75,29,0.33,34592.41,6,2,6,4,0,158.24,4,41,0,1,108.24,0.00,0.00,0.75,0,0.00,7,993.19,0,0,0,java.lang.Object,0.00,0,0,11,0,0,4,0,4,207,0
"org.apache.solr.search.Sorting",1,0.00,5.00,9,0.14,6153.46,2,1,1,3,5,104.72,16,14,2,1,105.20,0.00,0.00,1.00,0,0.00,5,414.47,0,1,3,java.lang.Object,0.00,2,0,5,0,2,0,0,2,94,1
"org.apache.solr.search.SpatialBoxQParserPlugin",2,1.00,1.00,5,0.06,831.58,3,1,3,3,7,139.15,0,11,1,3,139.15,0.00,0.67,0.00,0,2.00,1,192.33,0,0,6,org.apache.solr.search.SpatialFilterQParserPlugin,0.00,1,2,2,0,1,2,0,0,50,1
"org.apache.solr.search.SpatialFilterQParser",2,1.00,4.50,33,0.61,39073.00,3,1,11,12,15,41.95,19,44,2,2,91.95,0.00,0.50,0.50,0,2.00,8,1835.41,1,1,13,org.apache.solr.search.QParser,0.09,10,1,9,0,10,1,0,10,305,1
"org.apache.solr.search.SpatialFilterQParserPlugin",2,1.00,1.00,5,0.06,784.98,3,1,3,3,7,119.20,28,10,2,2,139.35,1.00,0.33,0.00,0,2.00,1,180.29,0,0,6,org.apache.solr.search.QParserPlugin,0.00,1,1,2,1,1,2,0,1,47,1
"org.apache.solr.search.SpatialFilterTest",7,0.00,1.57,72,1.16,30345.00,7,0,3,8,1,125.57,23,87,0,3,104.95,0.00,0.67,0.00,2,7.00,5,3490.83,7,0,1,org.apache.solr.SolrTestCaseJ4,0.00,1,2,11,0,1,7,0,20,637,1
"org.apache.solr.search.SpatialOptions",3,7.00,1.00,18,0.16,2277.28,10,7,2,3,7,159.18,8,22,5,1,119.29,0.00,0.00,0.00,0,3.00,1,494.34,0,0,2,java.lang.Object,0.00,0,0,3,0,0,3,0,2,120,1
"org.apache.solr.search.TermQParserPlugin",2,1.00,1.00,5,0.04,363.78,3,1,8,3,10,99.68,15,8,1,2,141.98,0.00,0.50,0.00,0,2.00,1,126.95,0,1,10,org.apache.solr.search.QParserPlugin,0.00,1,1,2,0,1,1,0,1,36,1
"org.apache.solr.search.TermQParserPlugin$QParser",1,0.00,2.00,6,0.11,2781.00,1,0,8,7,6,114.69,0,8,0,1,114.69,0.00,0.00,0.00,0,1.00,2,329.00,0,1,6,java.lang.Object,0.00,6,0,2,0,6,0,0,0,69,0
"org.apache.solr.search.TestDocSet",18,0.10,2.67,232,2.67,137199.16,22,4,12,59,15,57.66,130,216,0,2,99.95,0.00,0.50,0.15,10,34.00,8,8020.95,0,10,15,org.apache.lucene.util.LuceneTestCase,0.00,41,1,48,0,41,8,0,23,1569,1
"org.apache.solr.search.TestDocSet$FilterIndexReader",3,0.00,1.00,7,0.04,510.41,3,0,12,3,1,142.20,0,13,0,1,142.20,0.00,0.00,0.00,0,3.00,1,124.53,0,1,1,java.lang.Object,0.00,0,0,3,0,0,2,0,0,39,0
"org.apache.solr.search.TestExtendedDismaxParser",5,0.00,1.00,62,1.41,43691.60,5,0,1,5,1,57.42,35,157,0,3,99.71,0.00,0.67,0.00,0,5.00,1,4229.98,7,2,1,org.apache.solr.util.AbstractSolrTestCase,0.32,0,2,5,0,0,3,0,18,654,1
"org.apache.solr.search.TestFastLRUCache",7,0.00,3.00,132,1.94,93408.39,7,0,8,51,6,59.22,44,137,0,2,91.44,0.00,0.50,0.00,2,7.00,6,5824.72,0,0,6,org.apache.lucene.util.LuceneTestCase,0.00,44,1,21,0,44,7,0,8,1012,1
"org.apache.solr.search.TestFastLRUCache$CacheRegenerator",1,0.00,1.00,4,0.04,577.51,1,0,8,2,2,126.80,0,6,0,1,126.80,0.00,0.00,0.00,0,1.00,1,124.69,0,0,2,java.lang.Object,0.00,1,0,1,0,1,1,0,0,31,0
"org.apache.solr.search.TestFastLRUCache$Thread",1,0.00,1.00,4,0.04,539.08,1,0,8,3,0,127.03,0,6,0,1,127.03,0.00,0.00,0.00,0,1.00,1,122.20,0,0,0,java.lang.Object,0.00,2,0,1,0,2,1,0,0,30,0
"org.apache.solr.search.TestIndexSearcher",3,0.00,1.00,64,1.13,63656.77,3,0,8,22,6,87.84,12,69,0,3,87.61,0.00,0.67,0.00,1,3.00,1,3389.66,6,1,6,org.apache.solr.SolrTestCaseJ4,0.00,19,2,3,0,19,2,0,12,568,1
"org.apache.solr.search.TestQueryTypes",6,0.00,1.50,82,1.82,104257.68,6,0,1,7,1,78.09,30,231,0,3,95.97,0.00,0.67,0.00,0,6.00,4,5463.08,7,3,1,org.apache.solr.util.AbstractSolrTestCase,0.32,1,2,9,0,1,3,0,30,772,1
"org.apache.solr.search.TestQueryUtils",7,0.00,1.43,83,1.54,54731.21,7,0,7,19,7,141.30,19,222,0,3,101.41,0.00,0.67,0.00,2,7.00,4,4634.40,6,2,7,org.apache.solr.util.AbstractSolrTestCase,0.31,12,2,10,0,12,5,0,17,749,1
"org.apache.solr.search.TestRangeQuery",7,0.83,4.00,166,3.94,531892.23,8,1,8,32,6,121.34,19,192,0,3,81.45,0.00,0.67,0.29,2,13.00,14,11824.64,8,0,6,org.apache.solr.SolrTestCaseJ4,0.05,25,2,28,0,25,7,0,19,1811,1
"org.apache.solr.search.TestRangeQuery$DocProcessor",1,0.00,1.00,2,0.01,34.23,1,0,8,1,1,147.69,0,3,0,1,147.69,0.00,0.00,0.00,0,1.00,1,24.41,0,0,1,,0.00,0,0,1,0,0,1,0,0,10,0
"org.apache.solr.search.TestRangeQuery$DocProcessor_0",1,0.00,1.00,3,0.02,124.93,1,0,8,2,1,136.69,0,4,0,1,136.69,0.00,0.00,0.00,0,1.00,1,58.19,0,0,1,java.lang.Object,0.00,1,0,1,0,1,1,0,0,18,0
"org.apache.solr.search.TestSearchPerf",13,0.46,2.00,144,2.17,83077.22,15,2,11,52,16,152.03,19,156,0,3,102.03,0.00,0.67,0.08,5,35.00,9,6510.99,6,3,16,org.apache.solr.util.AbstractSolrTestCase,0.27,39,2,26,0,39,10,0,17,1138,1
"org.apache.solr.search.TestSolrQueryParser",3,0.00,1.00,14,0.13,1811.98,3,0,3,3,1,126.64,2,24,0,3,126.64,0.00,0.67,0.00,1,3.00,1,394.35,6,0,1,org.apache.solr.SolrTestCaseJ4,0.00,0,2,3,0,0,3,0,2,97,1
"org.apache.solr.search.TestSort",4,0.06,4.50,101,1.89,172885.71,10,6,13,46,20,82.00,3,105,0,3,82.00,0.00,0.67,0.21,0,4.00,14,5672.73,0,3,20,org.apache.solr.util.AbstractSolrTestCase,0.17,42,2,18,0,42,1,0,3,836,1
"org.apache.solr.search.TestSort$Collector",4,1.00,1.00,12,0.13,2110.61,5,1,13,9,2,131.76,0,20,0,1,131.76,0.00,0.00,0.25,0,6.00,1,375.83,0,0,2,java.lang.Object,0.00,5,0,4,0,5,4,0,0,96,0
"org.apache.solr.search.TestSort$Comparator<MyDoc>",1,0.00,10.00,14,0.23,13794.09,1,0,13,2,0,95.12,0,16,0,1,95.12,0.00,0.00,0.00,0,1.00,10,680.47,0,0,0,java.lang.Object,0.00,1,0,10,0,1,1,0,0,138,0
"org.apache.solr.search.TestSort$Filter",1,0.00,1.00,3,0.03,412.00,1,0,13,3,2,132.61,0,5,0,1,132.61,0.00,0.00,0.00,0,1.00,1,88.00,0,1,2,java.lang.Object,0.00,2,0,1,0,2,0,0,0,24,0
"org.apache.solr.search.TestSort$MyDoc",1,0.00,1.00,6,0.05,493.71,4,3,13,1,0,120.76,0,9,0,1,120.76,0.00,0.00,1.00,0,0.00,1,150.48,0,1,0,java.lang.Object,0.00,0,0,1,0,0,0,0,0,40,1
"org.apache.solr.search.ValueSourceParser",7,0.67,1.86,102,1.05,60763.66,8,1,52,19,50,97.33,28,110,8,1,97.09,0.00,0.00,0.43,3,10.00,5,3152.08,0,3,44,java.lang.Object,0.00,12,0,13,4,12,4,1,12,618,2
"org.apache.solr.search.ValueSourceParser$DateValueSourceParser",4,1.00,4.50,32,0.60,39818.18,5,1,52,20,10,126.10,12,46,0,2,105.48,0.00,0.50,0.25,1,6.00,11,1810.74,0,3,10,org.apache.solr.search.ValueSourceParser,0.18,16,1,18,0,16,1,0,12,353,0
"org.apache.solr.search.ValueSourceParser$DateValueSourceParser$DualFloatFunction_46",2,0.00,1.00,5,0.05,945.09,2,0,52,3,0,138.71,0,9,0,1,138.71,0.00,0.00,0.00,0,2.00,1,162.41,0,1,0,java.lang.Object,0.00,1,0,2,0,1,1,0,0,44,0
"org.apache.solr.search.ValueSourceParser$DateValueSourceParser$LongConstValueSource",2,0.00,1.00,5,0.05,697.38,2,0,52,3,0,139.75,0,9,0,1,139.75,0.00,0.00,0.00,0,2.00,1,147.96,0,1,0,java.lang.Object,0.00,1,0,2,0,1,1,0,0,40,0
"org.apache.solr.search.ValueSourceParser$DateValueSourceParser$LongConstValueSource_45",2,0.00,1.00,5,0.05,691.53,2,0,52,3,0,139.78,0,9,0,1,139.78,0.00,0.00,0.00,0,2.00,1,144.06,0,1,0,java.lang.Object,0.00,1,0,2,0,1,1,0,0,39,0
"org.apache.solr.search.ValueSourceParser$Double2Parser",1,0.00,1.00,3,0.05,733.88,1,0,52,3,0,130.64,0,5,0,1,130.64,0.00,0.00,0.00,0,1.00,1,136.71,0,0,0,java.lang.Object,0.00,2,0,1,0,2,1,0,0,35,0
"org.apache.solr.search.ValueSourceParser$Double2Parser_37",1,0.00,1.00,3,0.05,733.88,1,0,52,3,0,130.64,0,5,0,1,130.64,0.00,0.00,0.00,0,1.00,1,136.71,0,0,0,java.lang.Object,0.00,2,0,1,0,2,1,0,0,35,0
"org.apache.solr.search.ValueSourceParser$Double2Parser_38",1,0.00,1.00,3,0.05,733.88,1,0,52,3,0,130.64,0,5,0,1,130.64,0.00,0.00,0.00,0,1.00,1,136.71,0,0,0,java.lang.Object,0.00,2,0,1,0,2,1,0,0,35,0
"org.apache.solr.search.ValueSourceParser$Double2Parser_39",1,0.00,1.00,3,0.05,733.88,1,0,52,3,0,130.64,0,5,0,1,130.64,0.00,0.00,0.00,0,1.00,1,136.71,0,0,0,java.lang.Object,0.00,2,0,1,0,2,1,0,0,35,0
"org.apache.solr.search.ValueSourceParser$Double2Parser_40",1,0.00,1.00,3,0.05,733.88,1,0,52,3,0,130.64,0,5,0,1,130.64,0.00,0.00,0.00,0,1.00,1,136.71,0,0,0,java.lang.Object,0.00,2,0,1,0,2,1,0,0,35,0
"org.apache.solr.search.ValueSourceParser$DoubleParser",1,0.00,1.00,3,0.04,516.14,1,0,52,2,1,131.84,0,5,0,1,131.84,0.00,0.00,0.00,0,1.00,1,107.52,0,0,1,java.lang.Object,0.00,1,0,1,0,1,1,0,0,28,0
"org.apache.solr.search.ValueSourceParser$DoubleParser_19",1,0.00,1.00,3,0.04,516.14,1,0,52,2,1,131.84,0,5,0,1,131.84,0.00,0.00,0.00,0,1.00,1,107.52,0,0,1,java.lang.Object,0.00,1,0,1,0,1,1,0,0,28,0
"org.apache.solr.search.ValueSourceParser$DoubleParser_20",1,0.00,1.00,3,0.04,445.17,1,0,52,3,0,132.35,0,5,0,1,132.35,0.00,0.00,0.00,0,1.00,1,105.62,0,0,0,java.lang.Object,0.00,2,0,1,0,2,1,0,0,28,0
"org.apache.solr.search.ValueSourceParser$DoubleParser_21",1,0.00,1.00,3,0.04,445.17,1,0,52,3,0,132.35,0,5,0,1,132.35,0.00,0.00,0.00,0,1.00,1,105.62,0,0,0,java.lang.Object,0.00,2,0,1,0,2,1,0,0,28,0
"org.apache.solr.search.ValueSourceParser$DoubleParser_22",1,0.00,1.00,3,0.04,445.17,1,0,52,3,0,132.35,0,5,0,1,132.35,0.00,0.00,0.00,0,1.00,1,105.62,0,0,0,java.lang.Object,0.00,2,0,1,0,2,1,0,0,28,0
"org.apache.solr.search.ValueSourceParser$DoubleParser_23",1,0.00,1.00,3,0.04,445.17,1,0,52,3,0,132.35,0,5,0,1,132.35,0.00,0.00,0.00,0,1.00,1,105.62,0,0,0,java.lang.Object,0.00,2,0,1,0,2,1,0,0,28,0
"org.apache.solr.search.ValueSourceParser$DoubleParser_24",1,0.00,1.00,3,0.04,445.17,1,0,52,3,0,132.35,0,5,0,1,132.35,0.00,0.00,0.00,0,1.00,1,105.62,0,0,0,java.lang.Object,0.00,2,0,1,0,2,1,0,0,28,0
"org.apache.solr.search.ValueSourceParser$DoubleParser_25",1,0.00,1.00,3,0.04,445.17,1,0,52,3,0,132.35,0,5,0,1,132.35,0.00,0.00,0.00,0,1.00,1,105.62,0,0,0,java.lang.Object,0.00,2,0,1,0,2,1,0,0,28,0
"org.apache.solr.search.ValueSourceParser$DoubleParser_26",1,0.00,1.00,3,0.04,445.17,1,0,52,3,0,132.35,0,5,0,1,132.35,0.00,0.00,0.00,0,1.00,1,105.62,0,0,0,java.lang.Object,0.00,2,0,1,0,2,1,0,0,28,0
"org.apache.solr.search.ValueSourceParser$DoubleParser_27",1,0.00,1.00,3,0.04,445.17,1,0,52,3,0,132.35,0,5,0,1,132.35,0.00,0.00,0.00,0,1.00,1,105.62,0,0,0,java.lang.Object,0.00,2,0,1,0,2,1,0,0,28,0
"org.apache.solr.search.ValueSourceParser$DoubleParser_28",1,0.00,1.00,3,0.04,445.17,1,0,52,3,0,132.35,0,5,0,1,132.35,0.00,0.00,0.00,0,1.00,1,105.62,0,0,0,java.lang.Object,0.00,2,0,1,0,2,1,0,0,28,0
"org.apache.solr.search.ValueSourceParser$DoubleParser_29",1,0.00,1.00,3,0.04,445.17,1,0,52,3,0,132.35,0,5,0,1,132.35,0.00,0.00,0.00,0,1.00,1,105.62,0,0,0,java.lang.Object,0.00,2,0,1,0,2,1,0,0,28,0
"org.apache.solr.search.ValueSourceParser$DoubleParser_30",1,0.00,1.00,3,0.04,445.17,1,0,52,3,0,132.35,0,5,0,1,132.35,0.00,0.00,0.00,0,1.00,1,105.62,0,0,0,java.lang.Object,0.00,2,0,1,0,2,1,0,0,28,0
"org.apache.solr.search.ValueSourceParser$DoubleParser_31",1,0.00,1.00,3,0.04,445.17,1,0,52,3,0,132.35,0,5,0,1,132.35,0.00,0.00,0.00,0,1.00,1,105.62,0,0,0,java.lang.Object,0.00,2,0,1,0,2,1,0,0,28,0
"org.apache.solr.search.ValueSourceParser$DoubleParser_32",1,0.00,1.00,3,0.04,445.17,1,0,52,3,0,132.35,0,5,0,1,132.35,0.00,0.00,0.00,0,1.00,1,105.62,0,0,0,java.lang.Object,0.00,2,0,1,0,2,1,0,0,28,0
"org.apache.solr.search.ValueSourceParser$DoubleParser_33",1,0.00,1.00,3,0.04,445.17,1,0,52,3,0,132.35,0,5,0,1,132.35,0.00,0.00,0.00,0,1.00,1,105.62,0,0,0,java.lang.Object,0.00,2,0,1,0,2,1,0,0,28,0
"org.apache.solr.search.ValueSourceParser$DoubleParser_34",1,0.00,1.00,3,0.04,445.17,1,0,52,3,0,132.35,0,5,0,1,132.35,0.00,0.00,0.00,0,1.00,1,105.62,0,0,0,java.lang.Object,0.00,2,0,1,0,2,1,0,0,28,0
"org.apache.solr.search.ValueSourceParser$DoubleParser_35",1,0.00,1.00,3,0.04,445.17,1,0,52,3,0,132.35,0,5,0,1,132.35,0.00,0.00,0.00,0,1.00,1,105.62,0,0,0,java.lang.Object,0.00,2,0,1,0,2,1,0,0,28,0
"org.apache.solr.search.ValueSourceParser$DoubleParser_36",1,0.00,1.00,3,0.04,445.17,1,0,52,3,0,132.35,0,5,0,1,132.35,0.00,0.00,0.00,0,1.00,1,105.62,0,0,0,java.lang.Object,0.00,2,0,1,0,2,1,0,0,28,0
"org.apache.solr.search.ValueSourceParser$DoubleParser_48",3,0.00,1.00,8,0.07,753.60,3,0,52,5,3,140.87,0,12,0,2,140.87,0.00,0.50,0.00,0,3.00,1,202.94,0,1,3,org.apache.solr.search.NamedParser,0.00,2,1,3,0,2,2,0,0,58,1
"org.apache.solr.search.ValueSourceParser$DoubleParser_48$Double2Parser_50",3,0.00,1.00,7,0.07,925.65,3,0,52,5,3,140.17,0,11,0,2,140.17,0.00,0.50,0.00,0,3.00,1,206.70,0,1,3,org.apache.solr.search.NamedParser,0.00,2,1,3,0,2,2,0,0,58,1
"org.apache.solr.search.ValueSourceParser$DoubleParser_48$Double2Parser_50$Function_51",6,0.20,1.17,26,0.35,10379.60,8,2,52,14,2,123.01,4,39,0,2,123.01,0.00,0.50,0.67,1,0.00,2,1043.51,0,2,2,org.apache.solr.search.function.ValueSource,0.27,8,1,7,0,8,4,0,1,245,0
"org.apache.solr.search.ValueSourceParser$DoubleParser_48$Double2Parser_50$Function_51$DocValues_52",6,0.00,1.00,13,0.15,2236.44,6,0,52,11,0,139.52,0,25,0,1,139.52,0.00,0.00,0.00,1,6.00,1,463.59,0,2,0,java.lang.Object,0.00,5,0,6,0,5,4,0,0,123,0
"org.apache.solr.search.ValueSourceParser$DoubleParser_48$Function",3,0.00,1.00,8,0.07,1248.67,3,0,52,5,3,139.14,0,14,0,3,139.14,0.00,0.67,0.00,0,4.00,1,215.66,0,2,3,org.apache.solr.search.function.SingleFunction,0.17,2,2,3,0,2,1,0,0,58,0
"org.apache.solr.search.ValueSourceParser$DoubleParser_48$Function$DocValues_49",6,0.00,1.00,13,0.14,1954.40,6,0,52,10,0,139.98,0,25,0,1,139.98,0.00,0.00,0.00,1,6.00,1,420.24,0,2,0,java.lang.Object,0.00,4,0,6,0,4,4,0,0,114,0
"org.apache.solr.search.ValueSourceParser$LongConstValueSource_47",10,0.11,1.10,28,0.24,4234.76,13,3,52,12,2,139.06,0,48,0,3,139.06,0.00,0.67,0.23,0,26.00,2,725.24,0,3,2,org.apache.solr.search.function.ConstNumberSource,0.88,2,2,11,0,2,7,0,0,193,0
"org.apache.solr.search.ValueSourceParser$LongConstValueSource_47$DocValues",6,0.00,1.00,13,0.11,1187.61,6,0,52,8,0,141.69,0,25,0,1,141.69,0.00,0.00,0.00,0,14.00,1,316.31,0,2,0,java.lang.Object,0.00,2,0,6,0,2,4,0,0,89,0
"org.apache.solr.search.ValueSourceParser$MVResult",0,0.00,0.00,3,0.01,138.68,2,2,52,0,1,171.00,0,4,0,1,171.00,0.00,0.00,0.00,0,0.00,0,44.38,0,0,1,java.lang.Object,0.00,0,0,0,0,0,0,0,0,14,2
"org.apache.solr.search.ValueSourceParser$NamedParser",2,1.00,1.00,6,0.03,408.90,3,1,52,2,1,135.01,0,9,0,2,135.01,0.00,0.50,0.50,0,2.00,1,103.84,0,1,1,org.apache.solr.search.ValueSourceParser,0.00,0,1,2,0,0,1,0,0,32,1
"org.apache.solr.search.ValueSourceParser$ValueSourceParser",1,0.00,1.00,4,0.05,822.58,1,0,52,4,5,125.59,0,6,0,1,125.59,0.00,0.00,0.00,0,1.00,1,135.38,0,1,5,java.lang.Object,0.00,3,0,1,0,3,0,0,0,33,0
"org.apache.solr.search.ValueSourceParser$ValueSourceParser_0",1,0.00,1.00,3,0.03,494.83,1,0,52,3,4,131.98,0,5,0,1,131.98,0.00,0.00,0.00,0,1.00,1,93.84,0,1,4,java.lang.Object,0.00,2,0,1,0,2,0,0,0,25,0
"org.apache.solr.search.ValueSourceParser$ValueSourceParser_1",1,0.00,1.00,4,0.05,822.58,1,0,52,4,5,125.59,0,6,0,1,125.59,0.00,0.00,0.00,0,1.00,1,135.38,0,1,5,java.lang.Object,0.00,3,0,1,0,3,0,0,0,33,0
"org.apache.solr.search.ValueSourceParser$ValueSourceParser_10",1,0.00,1.00,4,0.06,1777.83,1,0,52,5,4,122.95,0,6,0,1,122.95,0.00,0.00,0.00,0,1.00,1,189.11,0,1,4,java.lang.Object,0.00,4,0,1,0,4,0,0,0,43,0
"org.apache.solr.search.ValueSourceParser$ValueSourceParser_11",1,0.00,1.00,5,0.04,950.23,1,0,52,3,4,121.48,0,7,0,1,121.48,0.00,0.00,0.00,0,1.00,1,133.10,0,1,4,java.lang.Object,0.00,2,0,1,0,2,0,0,0,34,0
"org.apache.solr.search.ValueSourceParser$ValueSourceParser_11$DualFloatFunction",2,0.00,1.00,5,0.05,945.09,2,0,52,3,0,138.71,0,9,0,1,138.71,0.00,0.00,0.00,0,2.00,1,162.41,0,1,0,java.lang.Object,0.00,1,0,2,0,1,1,0,0,44,0
"org.apache.solr.search.ValueSourceParser$ValueSourceParser_12",1,0.00,1.00,3,0.03,494.83,1,0,52,3,4,131.98,0,5,0,1,131.98,0.00,0.00,0.00,0,1.00,1,93.84,0,1,4,java.lang.Object,0.00,2,0,1,0,2,0,0,0,25,0
"org.apache.solr.search.ValueSourceParser$ValueSourceParser_13",1,0.00,2.00,7,0.07,1756.18,1,0,52,5,5,163.77,1,10,0,1,113.77,0.00,0.00,0.00,0,1.00,2,224.22,0,1,5,java.lang.Object,0.00,4,0,2,0,4,0,0,1,50,0
"org.apache.solr.search.ValueSourceParser$ValueSourceParser_14",1,0.00,1.00,6,0.07,1578.53,1,0,52,5,6,116.79,0,8,0,1,116.79,0.00,0.00,0.00,0,1.00,1,212.33,0,1,6,java.lang.Object,0.00,4,0,1,0,4,0,0,0,48,0
"org.apache.solr.search.ValueSourceParser$ValueSourceParser_15",1,0.00,3.00,26,0.36,23083.17,1,0,52,11,7,123.49,2,31,0,1,83.61,0.00,0.00,0.00,0,1.00,3,1068.74,0,1,7,java.lang.Object,0.00,10,0,3,0,10,0,0,2,191,0
"org.apache.solr.search.ValueSourceParser$ValueSourceParser_16",1,0.00,1.00,6,0.07,1772.71,1,0,52,4,4,116.39,0,8,0,1,116.39,0.00,0.00,0.00,0,1.00,1,207.04,0,1,4,java.lang.Object,0.00,3,0,1,0,3,0,0,0,48,0
"org.apache.solr.search.ValueSourceParser$ValueSourceParser_17",1,0.00,1.00,5,0.05,1373.41,1,0,52,3,4,120.22,0,7,0,1,120.22,0.00,0.00,0.00,0,1.00,1,159.27,0,1,4,java.lang.Object,0.00,2,0,1,0,2,0,0,0,39,0
"org.apache.solr.search.ValueSourceParser$ValueSourceParser_18",1,0.00,5.00,18,0.24,7908.39,1,0,52,13,8,93.11,0,22,0,1,93.11,0.00,0.00,0.00,0,1.00,5,734.10,0,1,8,java.lang.Object,0.00,12,0,5,0,12,0,0,0,137,0
"org.apache.solr.search.ValueSourceParser$ValueSourceParser_2",1,0.00,2.00,5,0.05,1604.95,1,0,52,3,4,169.53,1,7,0,1,119.53,0.00,0.00,0.00,0,1.00,2,157.34,0,1,4,java.lang.Object,0.00,2,0,2,0,2,0,0,1,38,0
"org.apache.solr.search.ValueSourceParser$ValueSourceParser_3",1,0.00,1.00,6,0.07,1772.71,1,0,52,4,4,116.39,0,8,0,1,116.39,0.00,0.00,0.00,0,1.00,1,207.04,0,1,4,java.lang.Object,0.00,3,0,1,0,3,0,0,0,48,0
"org.apache.solr.search.ValueSourceParser$ValueSourceParser_4",1,0.00,1.00,7,0.08,2442.03,1,0,52,4,4,112.80,0,9,0,1,112.80,0.00,0.00,0.00,0,1.00,1,251.00,0,1,4,java.lang.Object,0.00,3,0,1,0,3,0,0,0,57,0
"org.apache.solr.search.ValueSourceParser$ValueSourceParser_41",1,0.00,1.00,5,0.07,1649.58,1,0,52,4,4,119.59,0,7,0,1,119.59,0.00,0.00,0.00,0,1.00,1,202.95,0,1,4,java.lang.Object,0.00,3,0,1,0,3,0,0,0,45,0
"org.apache.solr.search.ValueSourceParser$ValueSourceParser_42",1,0.00,1.00,6,0.08,2138.32,1,0,52,5,4,115.75,0,8,0,1,115.75,0.00,0.00,0.00,0,1.00,1,253.34,0,1,4,java.lang.Object,0.00,4,0,1,0,4,0,0,0,54,0
"org.apache.solr.search.ValueSourceParser$ValueSourceParser_43",1,0.00,1.00,3,0.03,428.99,1,0,52,2,4,132.47,0,5,0,1,132.47,0.00,0.00,0.00,0,1.00,1,91.40,0,1,4,java.lang.Object,0.00,1,0,1,0,1,0,0,0,24,0
"org.apache.solr.search.ValueSourceParser$ValueSourceParser_44",1,0.00,1.00,3,0.03,428.99,1,0,52,2,4,132.47,0,5,0,1,132.47,0.00,0.00,0.00,0,1.00,1,91.40,0,1,4,java.lang.Object,0.00,1,0,1,0,1,0,0,0,24,0
"org.apache.solr.search.ValueSourceParser$ValueSourceParser_5",1,0.00,1.00,6,0.07,1859.08,1,0,52,5,5,116.23,0,8,0,1,116.23,0.00,0.00,0.00,0,1.00,1,223.49,0,1,5,java.lang.Object,0.00,4,0,1,0,4,0,0,0,51,0
"org.apache.solr.search.ValueSourceParser$ValueSourceParser_6",1,0.00,1.00,5,0.05,1373.41,1,0,52,3,4,120.22,0,7,0,1,120.22,0.00,0.00,0.00,0,1.00,1,159.27,0,1,4,java.lang.Object,0.00,2,0,1,0,2,0,0,0,39,0
"org.apache.solr.search.ValueSourceParser$ValueSourceParser_7",1,0.00,2.00,8,0.12,4074.91,1,0,52,5,4,108.72,0,10,0,1,108.72,0.00,0.00,0.00,0,1.00,2,346.58,0,1,4,java.lang.Object,0.00,4,0,2,0,4,0,0,0,73,0
"org.apache.solr.search.ValueSourceParser$ValueSourceParser_8",1,0.00,1.00,4,0.03,568.41,1,0,52,3,4,126.85,0,6,0,1,126.85,0.00,0.00,0.00,0,1.00,1,97.92,0,1,4,java.lang.Object,0.00,2,0,1,0,2,0,0,0,26,0
"org.apache.solr.search.ValueSourceParser$ValueSourceParser_8$SimpleFloatFunction",2,0.00,1.00,5,0.05,582.20,2,0,52,4,0,140.37,0,9,0,1,140.37,0.00,0.00,0.00,0,2.00,1,142.16,0,1,0,java.lang.Object,0.00,2,0,2,0,2,1,0,0,39,0
"org.apache.solr.search.ValueSourceParser$ValueSourceParser_9",1,0.00,1.00,4,0.06,1777.83,1,0,52,5,4,122.95,0,6,0,1,122.95,0.00,0.00,0.00,0,1.00,1,189.11,0,1,4,java.lang.Object,0.00,4,0,1,0,4,0,0,0,43,0
"org.apache.solr.search.WildcardFilter",6,0.40,1.00,20,0.20,4333.67,7,1,9,16,10,130.69,4,29,1,2,130.69,0.00,0.50,0.67,0,0.00,1,585.60,0,3,9,org.apache.lucene.search.Filter,0.00,10,1,6,0,10,3,0,1,148,1
"org.apache.solr.search.WildcardFilter$WildcardGenerator",1,0.00,1.00,3,0.02,148.58,1,0,9,2,0,136.10,0,4,0,1,136.10,0.00,0.00,0.00,0,1.00,1,56.58,0,0,0,java.lang.Object,0.00,1,0,1,0,1,1,0,0,18,0
"org.apache.solr.search.WildcardGenerator",2,1.00,2.00,17,0.17,6011.50,3,1,9,11,10,109.77,0,23,1,1,109.77,0.00,0.00,0.50,0,2.00,3,503.73,0,0,9,java.lang.Object,0.00,9,0,4,0,9,2,1,0,107,1
"org.apache.lucene.analysis.fa.PersianAnalyzer",8,0.50,1.62,31,0.36,8216.10,10,2,17,21,14,81.27,71,46,1,4,129.38,0.00,0.75,0.06,0,22.00,3,1087.31,0,3,13,org.apache.lucene.analysis.StopwordAnalyzerBase,0.00,13,3,13,0,13,5,0,14,250,2
"org.apache.lucene.analysis.fa.PersianAnalyzer$DefaultSetHolder",0,0.00,0.00,6,0.05,853.95,1,1,17,0,1,171.00,2,10,0,1,171.00,0.00,0.00,0.00,0,0.00,0,164.39,0,0,1,java.lang.Object,0.00,0,0,0,0,0,0,0,2,40,2
"org.apache.lucene.analysis.fa.PersianCharFilter",2,0.00,2.50,11,0.13,7537.45,2,0,3,2,4,156.44,4,18,2,4,116.55,0.00,0.75,0.00,0,2.00,4,385.51,1,0,2,org.apache.lucene.analysis.CharFilter,0.36,0,3,5,0,0,2,0,1,84,1
"org.apache.lucene.analysis.fa.PersianNormalizationFilter",2,0.00,1.50,11,0.12,2515.75,4,2,4,8,7,160.31,5,17,3,4,120.42,0.00,0.75,0.50,0,2.00,2,367.15,0,0,4,org.apache.lucene.analysis.TokenFilter,0.29,6,3,3,0,6,2,0,1,85,2
"org.apache.lucene.analysis.fa.PersianNormalizer",1,0.00,7.00,27,0.29,9206.88,10,9,1,1,1,125.24,21,35,1,1,85.94,0.00,0.00,1.00,0,0.00,7,859.17,0,0,0,java.lang.Object,0.00,0,0,7,0,0,1,0,3,176,1
"org.apache.lucene.analysis.fa.TestPersianAnalyzer",8,0.00,1.00,83,1.40,59597.93,8,0,2,10,3,65.64,100,93,0,3,103.21,0.00,0.67,0.00,0,8.00,1,4189.77,2,0,3,org.apache.lucene.analysis.BaseTokenStreamTestCase,0.00,2,2,8,0,2,8,0,69,794,1
"org.apache.lucene.analysis.fa.TestPersianNormalizationFilter",7,0.00,1.00,17,0.15,2015.22,7,0,4,10,2,140.41,4,27,0,3,140.41,0.00,0.67,0.00,1,7.00,1,451.88,1,0,2,org.apache.lucene.analysis.BaseTokenStreamTestCase,0.00,3,2,7,0,3,7,0,1,120,1
"org.apache.solr.common.luke.FieldFlag",4,0.33,1.50,23,0.27,6282.56,6,2,0,7,4,101.79,21,39,4,1,119.67,0.00,0.00,0.25,0,8.00,3,821.05,0,2,0,java.lang.Object,0.00,3,0,6,0,3,2,0,3,171,1
"org.apache.solr.highlight.DefaultEncoder",5,0.00,1.00,11,0.09,964.94,5,0,2,6,5,191.77,7,22,0,2,141.77,0.00,0.50,0.00,0,5.00,1,272.12,0,5,5,org.apache.solr.highlight.HighlightingPluginBase,0.57,1,1,5,0,1,0,1,4,76,1
"org.apache.solr.highlight.DefaultSolrHighlighter",22,0.30,3.05,237,4.11,251721.30,25,3,39,105,51,83.61,114,325,3,2,101.48,1.00,0.33,0.05,8,118.00,18,12315.43,1,11,48,org.apache.solr.highlight.SolrHighlighter,0.00,83,1,67,1,83,11,1,39,2157,1
"org.apache.solr.highlight.DefaultSolrHighlighter$Comparator<TextFragment>",1,0.00,1.00,3,0.04,541.40,1,0,39,3,1,131.68,0,4,0,1,131.68,0.00,0.00,0.00,0,1.00,1,113.42,0,0,1,java.lang.Object,0.00,2,0,1,0,2,1,0,0,31,0
"org.apache.solr.highlight.DummyHighlighter",2,0.00,1.00,6,0.08,1642.07,2,0,7,4,7,130.25,1,12,0,2,130.25,0.00,0.50,0.00,0,2.00,1,240.42,0,1,7,org.apache.solr.highlight.SolrHighlighter,0.00,2,1,2,0,2,1,0,1,55,1
"org.apache.solr.highlight.FastVectorHighlighterTest",3,0.00,1.00,30,0.44,11260.90,3,0,5,13,5,105.55,2,43,0,3,105.55,0.00,0.67,0.00,0,1.00,1,1306.64,6,0,5,org.apache.solr.SolrTestCaseJ4,0.00,10,2,3,0,10,3,0,2,253,1
"org.apache.solr.highlight.GapFragmenter",5,0.00,1.40,15,0.15,3217.40,5,0,9,9,13,131.01,3,28,1,2,131.01,0.00,0.50,0.00,0,8.00,3,442.56,0,5,12,org.apache.solr.highlight.HighlightingPluginBase,0.57,4,1,7,0,4,0,1,3,106,1
"org.apache.solr.highlight.HighlighterConfigTest",5,0.00,1.00,22,0.27,5051.11,5,0,3,13,3,174.88,6,31,0,3,124.88,0.00,0.67,0.00,0,8.00,1,803.09,7,2,3,org.apache.solr.util.AbstractSolrTestCase,0.32,8,2,5,0,8,3,0,6,165,1
"org.apache.solr.highlight.HighlighterTest",28,0.89,1.07,339,5.69,163887.95,29,1,14,55,10,151.06,48,626,0,3,101.06,0.00,0.67,0.14,0,0.00,3,17078.42,9,0,10,org.apache.solr.SolrTestCaseJ4,0.04,27,2,30,0,27,28,0,45,3041,1
"org.apache.solr.highlight.HighlightingPluginBase",9,0.44,1.22,22,0.18,3167.53,11,2,5,15,12,139.67,6,32,8,1,139.67,0.00,0.00,0.11,0,23.00,3,535.74,0,7,4,java.lang.Object,0.00,6,0,11,10,6,2,1,3,144,2
"org.apache.solr.highlight.HtmlEncoder",5,0.00,1.00,11,0.07,763.54,5,0,3,6,5,192.57,7,21,0,2,142.57,0.00,0.50,0.00,0,5.00,1,221.97,0,5,5,org.apache.solr.highlight.HighlightingPluginBase,0.57,1,1,5,0,1,0,1,4,66,1
"org.apache.solr.highlight.HtmlFormatter",5,0.00,1.20,14,0.14,2589.60,5,0,5,8,8,188.35,6,29,1,2,138.35,0.00,0.50,0.00,0,8.00,2,405.73,0,5,7,org.apache.solr.highlight.HighlightingPluginBase,0.57,3,1,6,0,3,0,1,4,101,1
"org.apache.solr.highlight.LuceneGapFragmenter",4,0.25,1.25,18,0.18,3868.90,8,4,9,7,10,164.87,10,28,1,2,124.98,0.00,0.50,0.44,0,4.00,2,539.03,0,0,9,org.apache.lucene.search.highlight.SimpleFragmenter,0.20,3,1,5,0,3,4,0,3,125,0
"org.apache.solr.highlight.LuceneRegexFragmenter",7,0.17,2.57,84,1.01,62990.57,24,17,13,21,10,81.52,37,114,1,1,99.39,0.00,0.00,0.20,1,25.00,10,3035.65,0,0,9,java.lang.Object,0.00,14,0,18,0,14,7,1,33,584,0
"org.apache.solr.highlight.OrderedToken",0,0.00,0.00,3,0.01,54.00,2,2,39,0,26,171.00,0,4,1,1,171.00,0.00,0.00,0.00,0,0.00,0,36.00,0,0,25,java.lang.Object,0.00,0,0,0,0,0,0,0,0,12,0
"org.apache.solr.highlight.RegexFragmenter",6,0.10,1.67,30,0.42,13773.23,8,2,13,14,12,138.96,20,47,0,2,118.34,0.00,0.50,0.42,0,6.00,4,1252.40,1,5,12,org.apache.solr.highlight.HighlightingPluginBase,0.53,8,1,10,0,8,1,1,4,252,1
"org.apache.solr.highlight.ScoreOrderFragmentsBuilder",5,0.00,1.00,13,0.14,2928.61,5,0,2,7,5,137.98,3,26,1,3,137.98,0.00,0.67,0.00,0,5.00,1,427.95,1,5,4,org.apache.solr.highlight.SolrFragmentsBuilder,0.60,2,2,5,0,2,0,0,3,106,1
"org.apache.solr.highlight.SimpleFragListBuilder",5,0.00,1.20,14,0.12,1817.68,5,0,3,7,7,139.57,3,26,1,2,139.57,0.00,0.50,0.00,0,8.00,2,351.28,0,5,6,org.apache.solr.highlight.HighlightingPluginBase,0.57,2,1,6,0,2,0,1,3,91,1
"org.apache.solr.highlight.SimpleFragmentsBuilder",5,0.00,1.00,13,0.14,2928.61,5,0,2,7,4,137.98,3,26,0,3,137.98,0.00,0.67,0.00,0,5.00,1,427.95,1,5,4,org.apache.solr.highlight.SolrFragmentsBuilder,0.60,2,2,5,0,2,0,0,3,106,1
"org.apache.solr.highlight.SingleFragListBuilder",5,0.00,1.20,14,0.12,1817.68,5,0,3,7,6,139.57,3,26,0,2,139.57,0.00,0.50,0.00,0,8.00,2,351.28,0,5,6,org.apache.solr.highlight.HighlightingPluginBase,0.57,2,1,6,0,2,0,1,3,91,1
"org.apache.solr.highlight.SolrEncoder",2,0.00,1.00,3,0.02,111.57,2,0,5,2,9,125.02,12,4,4,3,157.25,0.00,0.67,0.00,0,2.00,1,67.83,0,1,5,,0.00,0,2,2,0,0,1,0,2,23,1
"org.apache.solr.highlight.SolrFormatter",2,0.00,1.00,3,0.02,111.57,2,0,5,2,9,125.02,12,4,4,3,157.25,0.00,0.67,0.00,0,2.00,1,67.83,0,1,5,,0.00,0,2,2,0,0,1,0,2,23,1
"org.apache.solr.highlight.SolrFragListBuilder",2,0.00,1.00,3,0.02,98.26,2,0,5,2,10,139.81,11,4,5,3,157.68,0.00,0.67,0.00,0,2.00,1,58.95,0,1,5,,0.00,0,2,2,0,0,1,0,2,21,1
"org.apache.solr.highlight.SolrFragmenter",2,0.00,1.00,3,0.02,111.57,2,0,5,2,10,125.02,12,4,5,3,157.25,0.00,0.67,0.00,0,2.00,1,67.83,0,1,5,,0.00,0,2,2,0,0,1,0,2,23,1
"org.apache.solr.highlight.SolrFragmentsBuilder",6,0.40,1.83,30,0.42,14990.86,8,2,7,14,13,168.03,6,42,5,2,118.03,2.00,0.25,0.17,2,18.00,4,1267.10,0,5,8,org.apache.solr.highlight.HighlightingPluginBase,0.00,8,1,11,2,8,1,2,1,271,2
"org.apache.solr.highlight.SolrHighlighter",5,6.00,2.40,35,0.65,28584.30,11,6,16,23,21,77.47,34,52,10,1,109.69,0.00,0.00,0.00,1,5.00,8,1945.02,0,2,13,java.lang.Object,0.00,18,0,12,3,18,3,0,12,378,2
"org.apache.solr.highlight.TermOffsetsTokenStream",2,0.57,1.00,17,0.12,1629.29,9,7,39,4,27,114.39,0,20,2,1,114.39,0.00,0.00,0.43,0,0.00,1,373.96,0,1,25,java.lang.Object,0.00,2,0,2,0,2,1,0,0,89,0
"org.apache.solr.highlight.TermOffsetsTokenStream$MultiValuedStream",2,0.00,3.50,22,0.25,13732.59,4,2,39,6,2,101.65,0,32,0,3,101.65,0.00,0.67,0.50,0,0.00,6,736.62,0,0,2,org.apache.lucene.analysis.TokenStream,0.30,4,2,7,0,4,2,0,0,150,1
"org.apache.solr.highlight.TokenOrderingFilter",2,0.25,3.50,27,0.34,14724.18,6,4,39,14,27,138.59,5,36,1,4,98.71,0.00,0.75,0.38,0,2.00,6,1013.98,0,0,26,org.apache.lucene.analysis.TokenFilter,0.29,12,3,7,0,12,2,0,5,197,1
"org.apache.lucene.search.payloads.AveragePayloadFunction",5,0.00,2.00,21,0.28,7688.97,5,0,1,10,6,123.52,22,35,4,2,123.29,0.00,0.50,0.00,0,5.00,4,829.05,0,1,2,org.apache.lucene.search.payloads.PayloadFunction,0.40,5,1,10,0,5,4,0,2,189,1
"org.apache.lucene.search.payloads.MaxPayloadFunction",5,0.00,2.20,24,0.29,7912.90,5,0,1,11,4,123.40,22,39,2,2,123.17,0.00,0.50,0.00,0,5.00,4,872.56,0,1,2,org.apache.lucene.search.payloads.PayloadFunction,0.40,6,1,11,0,6,4,0,2,197,1
"org.apache.lucene.search.payloads.MinPayloadFunction",5,0.00,2.20,24,0.29,7912.90,5,0,1,11,3,123.40,20,39,1,2,123.17,0.00,0.50,0.00,0,5.00,4,872.56,0,1,2,org.apache.lucene.search.payloads.PayloadFunction,0.40,6,1,11,0,6,4,0,2,197,1
"org.apache.lucene.search.payloads.PayloadFunction",5,0.00,1.00,10,0.12,1499.57,5,0,2,8,7,108.04,31,14,6,1,140.27,0.00,0.00,0.00,0,5.00,1,356.47,0,1,1,java.lang.Object,0.00,3,0,5,3,3,4,1,3,95,2
"org.apache.lucene.search.payloads.PayloadHelper",2,0.43,1.50,30,0.52,18626.24,9,7,19,18,15,53.49,14,33,2,1,95.78,0.00,0.00,0.36,0,0.00,2,1566.96,0,1,13,java.lang.Object,0.00,16,0,3,0,16,1,0,4,285,1
"org.apache.lucene.search.payloads.PayloadHelper$PayloadAnalyzer",1,0.00,1.00,5,0.05,938.88,1,0,19,3,0,121.52,0,8,0,2,121.52,0.00,0.50,0.00,0,1.00,1,155.59,0,1,0,org.apache.lucene.index.Analyzer,0.00,2,1,1,0,2,0,0,0,39,2
"org.apache.lucene.search.payloads.PayloadHelper$PayloadFilter",2,0.67,3.00,20,0.20,5207.46,5,3,19,6,2,106.55,0,33,0,2,106.55,0.00,0.50,0.67,0,0.00,5,601.27,0,0,2,org.apache.lucene.index.TokenFilter,0.00,4,1,6,0,4,2,0,0,128,2
"org.apache.lucene.search.payloads.PayloadNearQuery",7,0.08,3.00,58,0.75,31015.19,9,2,17,28,17,148.23,15,80,2,4,108.34,0.00,0.75,0.43,0,8.00,10,2236.58,3,3,15,org.apache.lucene.search.spans.SpanNearQuery,0.22,21,3,21,0,21,4,0,2,469,1
"org.apache.lucene.search.payloads.PayloadNearQuery$PayloadNearSpanScorer",6,0.25,2.17,53,0.75,34853.35,10,4,17,22,7,147.38,14,70,0,4,107.49,0.00,0.75,0.46,2,0.00,6,2252.68,2,1,7,org.apache.lucene.search.spans.SpanScorer,0.44,16,3,13,0,16,5,0,5,455,1
"org.apache.lucene.search.payloads.PayloadNearQuery$PayloadNearSpanWeight",2,0.00,1.00,5,0.08,1191.27,2,0,17,6,4,137.92,0,12,0,3,137.92,0.00,0.67,0.00,0,2.00,1,236.46,0,1,4,org.apache.lucene.search.spans.SpanWeight,0.00,4,2,2,0,4,1,0,0,57,1
"org.apache.lucene.search.payloads.PayloadSpanUtil",4,1.00,6.75,97,1.49,181186.18,5,1,20,30,17,82.65,19,105,2,1,82.41,0.00,0.00,0.25,2,6.00,21,4484.42,0,1,15,java.lang.Object,0.00,26,0,27,0,26,3,0,3,722,1
"org.apache.lucene.search.payloads.PayloadTermQuery",3,2.00,1.00,12,0.10,1313.27,5,2,14,4,17,127.98,12,17,4,4,127.74,0.00,0.75,0.00,0,3.00,1,311.96,0,1,13,org.apache.lucene.search.spans.SpanTermQuery,0.00,1,3,3,0,1,2,0,1,81,1
"org.apache.lucene.search.payloads.PayloadTermQuery$PayloadTermWeight",4,0.00,3.25,22,0.33,12093.52,4,0,14,9,5,117.25,0,40,0,3,117.25,0.00,0.67,0.00,0,6.00,8,976.89,2,1,5,org.apache.lucene.search.spans.SpanWeight,0.00,5,2,13,0,5,3,0,0,213,1
"org.apache.lucene.search.payloads.PayloadTermQuery$PayloadTermWeight$PayloadTermSpanScorer",7,0.08,1.71,47,0.64,22118.78,11,4,14,27,7,114.53,30,67,0,4,114.29,0.00,0.75,0.32,2,16.00,3,1907.58,3,1,7,org.apache.lucene.search.spans.SpanScorer,0.43,20,3,12,0,20,6,0,12,388,1
"org.apache.lucene.search.payloads.TestPayloadNearQuery",12,0.03,1.75,175,2.59,105857.48,18,6,29,44,29,136.93,29,173,0,2,97.05,0.00,0.50,0.19,1,0.00,4,7782.45,2,3,29,org.apache.lucene.util.LuceneTestCase,0.00,32,1,21,0,32,9,0,23,1404,1
"org.apache.lucene.search.payloads.TestPayloadNearQuery$BoostingSimilarity",7,0.00,1.00,15,0.16,2104.74,7,0,29,9,1,140.26,5,23,0,2,140.26,0.00,0.50,0.00,0,7.00,1,480.10,0,1,1,org.apache.lucene.index.DefaultSimilarity,0.00,2,1,7,0,2,6,0,5,125,1
"org.apache.lucene.search.payloads.TestPayloadNearQuery$BoostingSimilarity$IDFExplanation",2,0.00,1.00,5,0.03,286.06,2,0,29,2,0,142.80,0,9,0,1,142.80,0.00,0.00,0.00,0,2.00,1,81.08,0,1,0,java.lang.Object,0.00,0,0,2,0,0,1,0,0,26,0
"org.apache.lucene.search.payloads.TestPayloadNearQuery$PayloadAnalyzer",1,0.00,1.00,5,0.05,920.77,1,0,29,3,3,121.58,0,8,0,2,121.58,0.00,0.50,0.00,0,1.00,1,151.44,0,1,3,org.apache.lucene.analysis.Analyzer,0.00,2,1,1,0,2,0,0,0,38,1
"org.apache.lucene.search.payloads.TestPayloadNearQuery$PayloadFilter",2,0.33,2.00,18,0.17,4535.06,5,3,29,5,4,108.82,0,24,0,4,108.82,0.00,0.75,0.50,0,0.00,3,501.43,0,0,4,org.apache.lucene.analysis.TokenFilter,0.29,3,3,4,0,3,2,0,0,110,1
"org.apache.lucene.search.payloads.TestPayloadTermQuery",8,0.10,2.00,131,2.31,117639.46,15,7,28,44,29,113.72,30,149,0,2,93.11,0.00,0.50,0.23,0,0.00,4,6937.50,2,0,29,org.apache.lucene.util.LuceneTestCase,0.00,36,1,16,0,36,8,0,23,1208,1
"org.apache.lucene.search.payloads.TestPayloadTermQuery$BoostingSimilarity",7,0.00,1.14,15,0.16,2290.54,7,0,28,8,1,139.94,5,30,0,2,139.94,0.00,0.50,0.00,0,7.00,2,485.64,0,0,1,org.apache.lucene.index.DefaultSimilarity,0.00,1,1,8,0,1,7,0,5,127,1
"org.apache.lucene.search.payloads.TestPayloadTermQuery$FullSimilarity",1,0.00,1.00,3,0.03,358.76,1,0,28,1,0,183.08,1,5,0,2,133.08,0.00,0.50,0.00,0,1.00,1,101.35,0,0,0,org.apache.lucene.index.DefaultSimilarity,0.00,0,1,1,0,0,1,0,1,27,1
"org.apache.lucene.search.payloads.TestPayloadTermQuery$PayloadAnalyzer",1,0.00,1.00,5,0.05,920.77,1,0,28,3,3,121.58,0,8,0,2,121.58,0.00,0.50,0.00,0,1.00,1,151.44,0,1,3,org.apache.lucene.analysis.Analyzer,0.00,2,1,1,0,2,0,0,0,38,1
"org.apache.lucene.search.payloads.TestPayloadTermQuery$PayloadFilter",2,0.67,3.00,22,0.21,6191.34,5,3,28,6,4,104.41,0,30,0,4,104.41,0.00,0.75,0.67,0,0.00,5,638.10,0,0,4,org.apache.lucene.analysis.TokenFilter,0.29,4,3,6,0,4,2,0,0,134,1
"org.apache.solr.uima.processor.ae.AEProvider",1,0.00,1.00,2,0.01,51.30,1,0,2,1,2,128.43,5,3,2,1,146.30,0.00,0.00,0.00,0,1.00,1,27.65,0,1,0,,0.00,0,0,1,0,0,0,0,1,11,1
"org.apache.solr.uima.processor.ae.AEProviderFactory",3,0.25,1.67,13,0.16,4917.03,5,2,2,11,4,163.00,6,20,2,1,123.11,0.00,0.00,0.33,0,5.00,2,490.05,0,1,2,java.lang.Object,0.00,8,0,5,0,8,2,0,2,111,1
"org.apache.solr.uima.processor.ae.OverridingParamsAEProvider",3,0.25,4.67,41,0.76,34967.24,7,4,9,32,2,97.31,13,63,1,1,97.07,0.00,0.00,0.42,1,1.00,7,2283.86,0,2,1,java.lang.Object,0.00,29,0,14,0,29,1,1,7,414,1
"org.apache.solr.util.plugin.AbstractPluginLoader",8,0.00,3.12,77,1.28,94360.91,12,4,10,22,7,54.60,82,112,3,1,103.08,0.00,0.00,0.25,3,16.00,12,3837.39,0,1,4,java.lang.Object,0.00,14,0,25,2,14,7,0,15,665,2
"org.apache.solr.util.plugin.AbstractPluginLoader$PluginInitInfo",1,2.00,1.00,6,0.04,417.53,3,2,10,1,0,121.34,0,10,0,1,121.34,0.00,0.00,0.00,0,1.00,1,112.24,0,0,0,java.lang.Object,0.00,0,0,1,0,0,1,0,0,33,1
"org.apache.solr.util.plugin.MapInitializedPlugin",1,0.00,1.00,2,0.01,91.08,1,0,1,1,0,112.12,6,3,0,1,144.34,0.00,0.00,0.00,0,1.00,1,41.70,0,0,0,,0.00,0,0,1,0,0,1,0,1,15,1
"org.apache.solr.util.plugin.MapPluginLoader",3,0.50,1.33,12,0.16,3231.29,4,1,3,7,2,174.60,5,21,0,2,124.60,0.00,0.50,0.67,0,1.00,2,486.73,0,0,2,org.apache.solr.util.plugin.AbstractPluginLoader,0.00,4,1,4,0,4,3,0,1,113,1
"org.apache.solr.util.plugin.NamedListInitializedPlugin",1,0.00,1.00,2,0.01,30.51,1,0,1,1,7,115.86,6,3,6,1,148.08,0.00,0.00,0.00,0,1.00,1,25.51,0,0,1,,0.00,0,0,1,0,0,1,0,1,11,1
"org.apache.solr.util.plugin.NamedListPluginLoader",3,0.50,1.33,11,0.14,2483.99,4,1,3,6,2,180.16,4,20,0,2,130.16,0.00,0.50,0.67,0,1.00,2,406.22,0,0,2,org.apache.solr.util.plugin.AbstractPluginLoader,0.00,3,1,4,0,3,3,0,1,99,1
"org.apache.solr.util.plugin.PluginInfoInitialized",1,0.00,1.00,2,0.01,41.48,1,0,1,1,4,114.81,6,3,3,1,147.03,0.00,0.00,0.00,0,1.00,1,27.65,0,0,1,,0.00,0,0,1,0,0,1,0,1,11,1
"org.apache.solr.util.plugin.ResourceLoaderAware",1,0.00,1.00,2,0.01,30.51,1,0,1,1,20,168.70,3,4,19,1,148.08,0.00,0.00,0.00,0,1.00,1,25.51,0,0,1,,0.00,0,0,1,0,0,1,0,1,11,1
"org.apache.solr.util.plugin.SolrCoreAware",1,0.00,1.00,2,0.01,30.51,1,0,1,1,13,168.70,3,4,12,1,148.08,0.00,0.00,0.00,0,1.00,1,25.51,0,0,1,,0.00,0,0,1,0,0,1,0,1,11,1
"org.apache.lucene.analysis.query.QueryAutoStopWordAnalyzer",10,0.00,2.70,102,1.45,71969.01,14,4,11,40,9,53.10,98,127,1,2,103.10,0.00,0.50,0.25,1,18.00,6,4345.68,2,4,8,org.apache.lucene.analysis.Analyzer,0.00,30,1,27,0,30,6,0,18,848,2
"org.apache.lucene.analysis.query.QueryAutoStopWordAnalyzer$SavedStreams",0,0.00,0.00,3,0.01,97.50,2,2,11,0,1,171.00,5,5,0,1,171.00,0.00,0.00,0.00,0,0.00,0,39.00,0,0,1,java.lang.Object,0.00,0,0,0,0,0,0,0,2,13,1
"org.apache.lucene.analysis.query.QueryAutoStopWordAnalyzerTest",11,0.18,1.09,89,1.18,29208.06,17,6,19,35,17,160.33,12,101,0,3,110.33,0.00,0.67,0.33,1,0.00,2,3548.21,3,0,17,org.apache.lucene.analysis.BaseTokenStreamTestCase,0.00,24,2,12,0,24,11,0,5,702,1
"org.apache.lucene.analysis.query.QueryAutoStopWordAnalyzerTest$NonreusableAnalyzer",1,0.00,2.00,4,0.08,2035.68,2,1,19,2,3,122.33,0,10,0,2,122.33,0.00,0.50,1.00,0,0.00,2,239.92,0,1,3,org.apache.lucene.analysis.Analyzer,0.00,1,1,2,0,1,0,0,0,54,1
"org.apache.lucene.analysis.util.StemmerUtil",5,0.00,3.20,26,0.44,20467.53,5,0,0,8,0,72.09,59,39,0,1,116.21,0.00,0.00,0.00,0,5.00,4,1307.85,0,0,0,java.lang.Object,0.00,3,0,16,0,3,5,0,8,274,1
"org.apache.lucene.analysis.eu.BasqueAnalyzer",5,0.50,1.80,21,0.29,7141.30,7,2,16,16,14,75.46,42,31,1,4,123.56,0.00,0.75,0.10,0,8.00,3,866.52,0,2,13,org.apache.lucene.analysis.StopwordAnalyzerBase,0.00,11,3,9,0,11,3,0,8,192,2
"org.apache.lucene.analysis.eu.BasqueAnalyzer$DefaultSetHolder",0,0.00,0.00,6,0.05,853.95,1,1,16,0,1,171.00,2,11,0,1,171.00,0.00,0.00,0.00,0,0.00,0,164.39,0,0,1,java.lang.Object,0.00,0,0,0,0,0,0,0,2,40,2
"org.apache.lucene.analysis.eu.TestBasqueAnalyzer",4,0.00,1.00,16,0.17,3141.09,4,0,5,9,3,175.74,7,22,0,3,125.74,0.00,0.67,0.00,0,4.00,1,519.83,2,0,3,org.apache.lucene.analysis.BaseTokenStreamTestCase,0.00,5,2,4,0,5,4,0,6,121,1
"org.apache.solr.response.BaseResponseWriter",3,0.25,7.67,88,1.43,103266.72,5,2,20,56,17,60.11,43,103,2,1,80.25,0.00,0.00,0.33,1,5.00,13,4292.73,0,1,15,java.lang.Object,0.00,53,0,23,2,53,2,0,8,689,2
"org.apache.solr.response.BaseResponseWriter$DocListInfo",1,3.00,1.00,10,0.08,1398.34,5,4,20,1,0,108.93,0,12,0,1,108.93,0.00,0.00,0.25,0,0.00,1,250.04,0,0,0,java.lang.Object,0.00,0,0,1,0,0,1,0,0,64,2
"org.apache.solr.response.BaseResponseWriter$IdxInfo",1,3.00,3.00,13,0.16,6061.19,5,4,20,3,2,149.41,1,19,0,1,99.41,0.00,0.00,0.25,0,0.00,3,494.74,0,0,2,java.lang.Object,0.00,2,0,3,0,2,1,0,1,105,2
"org.apache.solr.response.BaseResponseWriter$SingleResponseWriter",9,0.00,1.00,11,0.09,642.92,9,0,20,9,2,108.30,79,11,0,1,156.40,0.00,0.00,0.00,0,9.00,1,284.93,0,0,2,java.lang.Object,0.00,0,0,9,0,0,9,0,9,89,3
"org.apache.solr.response.BinaryQueryResponseWriter",1,0.00,1.00,2,0.02,127.23,1,0,3,1,10,94.72,10,3,8,2,143.20,0.00,0.50,0.00,0,1.00,1,63.62,0,0,2,,0.00,0,1,1,0,0,1,0,2,19,1
"org.apache.solr.response.BinaryResponseWriter",5,2.00,1.40,48,0.73,18912.38,7,2,15,21,38,147.04,14,59,2,1,107.15,0.00,0.00,0.00,0,5.00,2,2181.11,0,2,36,java.lang.Object,0.00,16,0,7,0,16,3,1,4,440,1
"org.apache.solr.response.BinaryResponseWriter$Resolver",4,0.39,5.50,77,1.08,49819.75,10,6,15,36,10,130.54,8,93,0,1,90.66,0.00,0.00,0.46,2,0.00,9,3235.05,0,2,10,java.lang.Object,0.00,32,0,22,0,32,2,1,8,580,2
"org.apache.solr.response.CSVResponseWriter",3,0.00,1.00,9,0.08,1391.15,3,0,22,6,20,182.21,4,15,1,1,132.21,0.00,0.00,0.00,0,4.00,1,245.55,0,1,19,java.lang.Object,0.00,3,0,3,0,3,2,1,2,62,1
"org.apache.solr.response.CSVWriter",22,0.03,3.68,252,4.54,428078.92,47,25,22,93,19,148.08,23,326,1,2,98.08,0.00,0.50,0.07,7,0.00,39,13624.74,2,0,18,org.apache.solr.response.TextResponseWriter,0.03,71,1,81,0,71,22,0,23,2197,0
"org.apache.solr.response.CSVWriter$CSVField",0,0.00,0.00,6,0.05,785.16,5,5,22,1,2,171.00,3,7,0,1,171.00,0.00,0.00,0.00,0,0.00,0,162.85,0,0,2,java.lang.Object,0.00,1,0,0,0,1,0,0,3,36,1
"org.apache.solr.response.CSVWriter$CSVSharedBufPrinter",2,0.00,1.00,7,0.05,531.50,2,0,22,2,0,134.11,1,10,0,2,134.11,0.00,0.50,0.00,0,0.00,1,146.86,0,0,0,org.apache.commons.csv.CSVPrinter,0.00,0,1,2,0,0,2,0,1,41,0
"org.apache.solr.response.CSVWriter$OpenCharArrayWriter",1,0.00,1.00,3,0.01,116.61,1,0,22,1,0,136.93,0,3,0,2,136.93,0.00,0.50,0.00,0,1.00,1,44.04,0,0,0,java.io.CharArrayWriter,0.00,0,1,1,0,0,1,0,0,15,1
"org.apache.solr.response.CSVWriter$ResettableFastWriter",5,0.17,1.20,22,0.15,2374.10,8,3,22,9,1,127.42,0,25,0,3,127.42,0.00,0.67,0.47,0,0.00,2,446.17,1,0,1,org.apache.solr.common.util.FastWriter,0.00,4,2,6,0,4,5,0,0,114,1
"org.apache.solr.response.GenericBinaryResponseWriter",3,0.00,1.00,6,0.08,922.70,3,0,7,4,6,120.04,44,13,0,2,140.18,0.00,0.50,0.00,1,3.00,1,252.96,1,1,6,org.apache.solr.response.BaseResponseWriter,0.00,1,1,3,0,1,2,1,5,65,2
"org.apache.solr.response.GenericTextResponseWriter",2,0.00,1.00,4,0.06,645.40,2,0,6,2,6,179.31,42,10,0,2,140.01,0.00,0.50,0.00,1,2.00,1,173.74,1,1,6,org.apache.solr.response.BaseResponseWriter,0.00,0,1,2,0,0,1,1,4,46,2
"org.apache.solr.response.JSONResponseWriter",3,1.00,1.00,10,0.09,1523.24,4,1,17,6,19,181.90,4,16,2,1,131.90,0.00,0.00,0.00,0,4.00,1,276.65,0,1,17,java.lang.Object,0.00,3,0,3,0,3,2,1,2,69,1
"org.apache.solr.response.JSONWriter",35,0.06,3.51,488,5.82,325089.49,46,11,17,98,20,137.80,81,572,4,2,97.91,3.00,0.20,0.04,23,325.00,13,17457.80,4,0,16,org.apache.solr.response.TextResponseWriter,0.00,63,1,123,3,63,35,0,66,3118,0
"org.apache.solr.response.JSONWriter$MultiValueField",1,2.00,1.00,7,0.07,1209.86,3,2,17,3,2,115.20,0,9,0,1,115.20,0.00,0.00,0.00,0,1.00,1,206.14,0,0,2,java.lang.Object,0.00,2,0,1,0,2,1,0,0,51,2
"org.apache.solr.response.JSONWriter$NaNFloatWriter",5,0.00,2.20,21,0.25,5797.95,5,0,17,12,3,124.23,0,31,0,3,124.23,0.00,0.67,0.00,4,7.00,4,748.07,0,2,3,org.apache.solr.response.JSONWriter,0.00,7,2,11,0,7,3,0,0,168,1
"org.apache.solr.response.PHPResponseWriter",3,1.00,1.00,10,0.09,1523.24,4,1,4,6,5,131.90,1,16,0,1,131.90,0.00,0.00,0.00,0,4.00,1,276.65,0,1,5,java.lang.Object,0.00,3,0,3,0,3,2,1,1,69,1
"org.apache.solr.response.PHPSerializedResponseWriter",3,1.00,1.00,10,0.09,1523.24,4,1,15,6,17,181.90,4,16,2,1,131.90,0.00,0.00,0.00,0,4.00,1,276.65,0,1,15,java.lang.Object,0.00,3,0,3,0,3,2,1,1,69,1
"org.apache.solr.response.PHPSerializedWriter",25,1.00,2.44,194,2.81,171622.50,26,1,15,78,15,109.06,17,257,1,3,109.06,0.00,0.67,0.04,15,195.00,10,8441.09,3,0,14,org.apache.solr.response.JSONWriter,0.22,53,2,61,0,53,25,0,17,1550,0
"org.apache.solr.response.PHPWriter",9,0.00,1.33,37,0.40,14774.77,9,0,4,11,5,123.16,0,55,1,3,123.16,0.00,0.67,0.00,1,0.00,4,1189.42,1,0,4,org.apache.solr.response.JSONWriter,0.15,2,2,12,0,2,9,0,0,267,0
"org.apache.solr.response.PageTool",7,0.27,1.57,34,0.38,12708.04,12,5,4,16,5,122.77,1,48,1,1,122.77,0.00,0.00,0.43,0,0.00,5,1149.24,0,1,4,java.lang.Object,0.00,9,0,11,0,9,6,0,1,238,1
"org.apache.solr.response.PythonResponseWriter",3,1.00,1.00,10,0.09,1523.24,4,1,4,6,6,131.90,1,16,1,1,131.90,0.00,0.00,0.00,0,4.00,1,276.65,0,1,5,java.lang.Object,0.00,3,0,3,0,3,2,1,1,69,1
"org.apache.solr.response.PythonWriter",7,0.00,2.29,46,0.52,32430.17,7,0,4,14,4,95.04,37,55,1,2,112.92,0.00,0.50,0.00,1,7.00,9,1571.88,0,2,3,org.apache.solr.response.NaNFloatWriter,0.00,7,1,16,0,7,5,0,6,306,0
"org.apache.solr.response.QueryResponseWriter",3,3.00,1.00,7,0.07,681.82,6,3,5,3,27,130.86,47,8,23,2,141.21,0.00,0.50,0.00,0,3.00,1,216.29,0,1,4,,0.00,0,1,3,0,0,2,0,4,59,1
"org.apache.solr.response.RawResponseWriter",5,0.00,2.00,35,0.46,13332.00,7,2,8,19,8,94.47,26,56,2,1,112.34,0.00,0.00,0.50,1,4.00,3,1377.00,0,2,6,java.lang.Object,0.00,14,0,10,0,14,3,1,6,283,1
"org.apache.solr.response.RubyResponseWriter",3,1.00,1.00,10,0.09,1523.24,4,1,4,6,6,131.90,1,16,1,1,131.90,0.00,0.00,0.00,0,4.00,1,276.65,0,1,5,java.lang.Object,0.00,3,0,3,0,3,2,1,1,69,1
"org.apache.solr.response.RubyWriter",6,0.00,1.50,27,0.27,8675.30,6,0,4,8,4,173.56,6,35,1,2,123.56,0.00,0.50,0.00,1,6.00,4,805.98,0,2,3,org.apache.solr.response.NaNFloatWriter,0.00,2,1,9,0,2,4,0,6,181,0
"org.apache.solr.response.SolrParamResourceLoader",5,0.75,1.80,20,0.29,7147.32,6,1,11,17,3,123.56,4,34,1,2,123.56,0.00,0.50,0.40,0,7.00,3,875.26,0,1,2,org.apache.velocity.runtime.resource.loader.ResourceLoader,0.00,12,1,9,0,12,4,0,4,187,1
"org.apache.solr.response.SolrQueryResponse",16,0.06,1.12,43,0.32,4626.03,22,6,3,20,115,98.07,120,60,113,1,140.36,0.00,0.00,0.11,1,134.00,2,953.65,0,5,2,java.lang.Object,0.00,4,0,18,0,4,11,0,24,256,1
"org.apache.solr.response.SolrVelocityResourceLoader",5,1.00,1.00,12,0.10,1109.88,6,1,6,6,2,141.29,1,22,1,2,141.29,0.00,0.50,0.20,0,8.00,1,289.34,0,1,1,org.apache.velocity.runtime.resource.loader.ResourceLoader,0.00,1,1,5,0,1,4,0,1,81,1
"org.apache.solr.response.TestCSVResponseWriter",3,0.00,1.33,69,1.56,112496.06,3,0,8,20,9,66.25,17,90,0,3,84.12,0.00,0.67,0.00,1,4.00,2,4684.52,5,0,9,org.apache.solr.SolrTestCaseJ4,0.00,17,2,4,0,17,3,0,17,689,1
"org.apache.solr.response.TestPHPSerializedResponseWriter",3,0.00,1.00,40,0.55,15510.26,3,0,14,18,8,120.82,10,49,0,3,100.20,0.00,0.67,0.00,0,3.00,1,1640.39,1,0,8,org.apache.solr.SolrTestCaseJ4,0.00,15,2,3,0,15,3,0,7,295,1
"org.apache.solr.response.TextResponseWriter",37,0.10,1.57,113,1.55,44277.47,44,7,14,59,38,178.86,43,126,28,1,128.86,0.00,0.00,0.04,18,308.00,18,4645.91,0,1,10,java.lang.Object,0.00,22,0,58,5,22,36,0,36,1003,2
"org.apache.solr.response.VelocityResponseWriter",6,0.00,3.17,88,1.43,78398.27,6,0,11,48,11,95.80,25,117,1,1,95.57,0.00,0.00,0.00,3,6.00,6,4299.07,0,4,10,java.lang.Object,0.00,42,0,19,0,42,2,1,25,736,1
"org.apache.solr.response.XMLResponseWriter",3,0.00,1.00,6,0.05,495.79,3,0,4,4,5,192.30,4,10,0,1,142.30,0.00,0.00,0.00,0,4.00,1,164.02,0,1,5,java.lang.Object,0.00,1,0,3,0,1,2,1,2,46,1
"org.apache.solr.response.XMLWriter",43,0.00,3.07,420,5.84,315227.76,62,19,18,122,47,125.32,131,506,33,1,104.71,0.00,0.00,0.05,22,608.00,18,17513.82,0,0,16,java.lang.Object,0.00,79,0,132,0,79,43,0,95,3169,2
"org.apache.solr.response.XMLWriter$Comparator",1,0.00,1.00,6,0.06,1208.77,1,0,18,3,1,157.59,2,6,0,1,117.70,0.00,0.00,0.00,0,1.00,1,178.97,0,0,1,java.lang.Object,0.00,2,0,1,0,2,1,0,2,45,0
"org.apache.solr.response.XMLWriter$DocumentListInfo",5,0.00,1.00,6,0.03,180.13,5,0,18,5,0,158.74,0,7,0,1,158.74,0.00,0.00,0.00,0,5.00,1,94.04,0,1,0,,0.00,0,0,5,0,0,4,0,0,35,2
"org.apache.solr.response.XMLWriter$DocumentListInfo_0",5,0.00,1.20,13,0.09,1231.61,5,0,18,10,0,140.90,0,18,0,1,140.90,0.00,0.00,0.00,0,5.00,2,274.01,0,1,0,java.lang.Object,0.00,5,0,6,0,5,4,0,0,76,0
"org.apache.solr.response.XMLWriter$DocumentListInfo_1",5,0.00,1.40,21,0.22,6547.56,5,0,18,15,3,123.92,0,24,0,1,123.92,0.00,0.00,0.00,0,8.00,3,669.66,0,1,3,java.lang.Object,0.00,10,0,7,0,10,4,0,0,143,0
"org.apache.solr.response.XSLTResponseWriter",4,0.19,2.75,49,0.74,25225.67,11,7,18,31,8,100.82,17,63,0,1,100.59,0.00,0.00,0.29,1,6.00,5,2214.93,0,2,8,java.lang.Object,0.00,27,0,11,0,27,2,1,11,420,1
"org.apache.lucene.analysis.es.SpanishAnalyzer",5,0.50,1.80,21,0.29,7141.30,7,2,17,16,15,75.46,42,31,1,4,123.56,0.00,0.75,0.10,0,8.00,3,866.52,0,2,14,org.apache.lucene.analysis.StopwordAnalyzerBase,0.00,11,3,9,0,11,3,0,8,192,2
"org.apache.lucene.analysis.es.SpanishAnalyzer$DefaultSetHolder",0,0.00,0.00,6,0.05,843.89,1,1,17,0,2,171.00,2,11,0,1,171.00,0.00,0.00,0.00,0,0.00,0,162.56,0,0,2,java.lang.Object,0.00,0,0,0,0,0,0,0,2,40,2
"org.apache.lucene.analysis.es.SpanishLightStemFilter",2,0.33,2.00,14,0.16,3794.18,5,3,6,9,8,113.74,9,20,2,4,113.50,0.00,0.75,0.50,0,2.00,3,481.98,0,0,6,org.apache.lucene.analysis.TokenFilter,0.29,7,3,4,0,7,2,0,1,107,2
"org.apache.lucene.analysis.es.SpanishLightStemmer",1,0.00,13.00,25,0.50,37209.13,1,0,0,1,1,45.40,56,44,1,1,82.27,0.00,0.00,0.00,0,1.00,13,1513.96,0,0,0,java.lang.Object,0.00,0,0,13,0,0,1,0,4,260,1
"org.apache.lucene.analysis.es.TestSpanishAnalyzer",4,0.00,1.00,16,0.17,3088.17,4,0,5,9,3,175.80,7,22,0,3,125.80,0.00,0.67,0.00,0,4.00,1,522.25,2,0,3,org.apache.lucene.analysis.BaseTokenStreamTestCase,0.00,5,2,4,0,5,4,0,6,121,1
"org.apache.lucene.analysis.es.TestSpanishLightStemFilter",2,0.00,1.00,7,0.06,584.23,2,0,8,5,5,173.67,5,11,0,3,133.79,0.00,0.67,0.00,0,2.00,1,173.53,0,0,5,org.apache.lucene.analysis.BaseTokenStreamTestCase,0.00,3,2,2,0,3,2,0,3,46,1
"org.apache.lucene.analysis.es.TestSpanishLightStemFilter$ReusableAnalyzerBase",1,0.00,1.00,4,0.05,1009.20,1,0,8,4,3,124.89,0,7,0,1,124.89,0.00,0.00,0.00,0,1.00,1,159.62,0,1,3,java.lang.Object,0.00,3,0,1,0,3,0,0,0,38,0
"org.apache.lucene.analysis.compound.CompoundWordTokenFilterBase",22,0.05,1.68,119,1.74,54083.50,38,16,17,67,16,157.99,48,148,5,4,118.11,0.67,0.50,0.11,5,134.00,4,5218.83,1,3,11,org.apache.lucene.analysis.TokenFilter,0.24,45,3,37,2,45,19,0,14,1066,2
"org.apache.lucene.analysis.compound.DictionaryCompoundWordTokenFilter",9,0.00,2.00,47,0.58,31054.46,9,0,5,13,7,87.53,122,65,2,5,116.91,0.00,0.80,0.00,0,16.00,10,1737.45,2,0,5,org.apache.lucene.analysis.compound.CompoundWordTokenFilterBase,0.00,4,4,18,0,4,9,0,10,369,1
"org.apache.lucene.analysis.compound.HyphenationCompoundWordTokenFilter",15,1.00,2.27,82,1.20,91356.71,16,1,10,28,9,85.55,195,139,2,5,114.94,0.00,0.80,0.07,1,53.00,15,3603.14,2,4,7,org.apache.lucene.analysis.compound.CompoundWordTokenFilterBase,0.00,13,4,34,0,13,11,0,29,723,1
"org.apache.lucene.analysis.compound.TestCompoundWordTokenFilter",6,0.00,1.00,51,1.65,41808.37,6,0,8,23,9,157.05,8,127,0,3,107.05,0.00,0.67,0.00,0,6.00,1,4960.37,1,0,9,org.apache.lucene.analysis.BaseTokenStreamTestCase,0.00,17,2,6,0,17,6,0,5,831,1
"org.tartarus.snowball.Among",1,6.00,3.00,20,0.25,8587.16,8,7,1,6,1,59.02,6,27,1,1,91.24,0.00,0.00,0.14,0,0.00,3,757.94,0,0,1,java.lang.Object,0.00,5,0,3,0,5,1,0,6,152,1
"org.tartarus.snowball.SnowballProgram",38,0.15,2.79,282,3.31,259473.45,45,7,3,52,32,148.93,97,379,30,1,109.05,0.00,0.00,0.29,7,0.00,18,9941.12,0,1,3,java.lang.Object,0.00,14,0,106,22,14,37,0,38,1958,2
"org.tartarus.snowball.TestApp",2,0.00,5.50,46,0.69,53937.48,2,0,10,27,1,84.92,0,56,0,1,84.92,0.00,0.00,0.00,1,2.00,10,2080.49,0,0,1,java.lang.Object,0.00,25,0,11,0,25,2,0,0,328,1
"org.apache.lucene.analysis.en.EnglishAnalyzer",5,1.00,2.00,21,0.30,7734.04,6,1,15,17,15,75.16,42,32,1,4,123.27,0.00,0.75,0.20,0,8.00,3,898.34,0,2,14,org.apache.lucene.analysis.StopwordAnalyzerBase,0.00,12,3,10,0,12,3,0,8,196,2
"org.apache.lucene.analysis.en.EnglishAnalyzer$DefaultSetHolder",0,0.00,0.00,2,0.02,396.00,1,1,15,0,1,171.00,0,3,0,1,171.00,0.00,0.00,0.00,0,0.00,0,72.00,0,0,1,java.lang.Object,0.00,0,0,0,0,0,0,0,0,18,2
"org.apache.lucene.analysis.en.EnglishMinimalStemFilter",2,0.33,2.00,14,0.16,3794.18,5,3,6,9,8,113.74,9,20,2,4,113.50,0.00,0.75,0.50,0,2.00,3,481.98,0,0,6,org.apache.lucene.analysis.TokenFilter,0.29,7,3,4,0,7,2,0,1,107,2
"org.apache.lucene.analysis.en.EnglishMinimalStemmer",1,0.00,4.00,10,0.24,22653.59,1,0,0,1,1,148.36,24,19,1,1,99.08,0.00,0.00,0.00,0,1.00,4,711.28,0,0,0,java.lang.Object,0.00,0,0,4,0,0,1,0,3,139,1
"org.apache.lucene.analysis.en.EnglishPossessiveFilter",2,1.00,2.00,11,0.18,7516.13,3,1,4,6,6,156.50,4,19,3,4,116.62,0.00,0.75,0.50,0,2.00,3,526.20,0,0,3,org.apache.lucene.analysis.TokenFilter,0.29,4,3,4,0,4,2,0,2,110,2
"org.apache.lucene.analysis.en.TestEnglishAnalyzer",4,0.00,1.00,17,0.18,3475.28,4,0,5,9,3,165.28,8,23,0,3,125.40,0.00,0.67,0.00,0,4.00,1,548.92,2,0,3,org.apache.lucene.analysis.BaseTokenStreamTestCase,0.00,5,2,4,0,5,4,0,7,127,1
"org.apache.lucene.analysis.en.TestEnglishMinimalStemFilter",2,0.00,1.00,15,0.13,1880.67,2,0,7,4,5,155.95,5,19,0,3,116.06,0.00,0.67,0.00,0,2.00,1,397.71,1,0,5,org.apache.lucene.analysis.BaseTokenStreamTestCase,0.00,2,2,2,0,2,2,0,3,92,1
"org.apache.lucene.analysis.en.TestEnglishMinimalStemFilter$ReusableAnalyzerBase",1,0.00,1.00,4,0.05,1009.20,1,0,7,4,3,124.89,0,7,0,1,124.89,0.00,0.00,0.00,0,1.00,1,159.62,0,1,3,java.lang.Object,0.00,3,0,1,0,3,0,0,0,38,0
"org.apache.lucene.analysis.el.GreekAnalyzer",6,1.00,1.83,22,0.27,6513.58,7,1,13,15,13,79.16,59,33,2,4,129.16,0.00,0.75,0.00,0,10.00,3,823.62,0,2,11,org.apache.lucene.analysis.StopwordAnalyzerBase,0.00,9,3,11,0,9,4,0,8,190,2
"org.apache.lucene.analysis.el.GreekAnalyzer$DefaultSetHolder",0,0.00,0.00,6,0.06,870.09,1,1,13,0,1,171.00,2,10,0,1,171.00,0.00,0.00,0.00,0,0.00,0,167.97,0,0,1,java.lang.Object,0.00,0,0,0,0,0,0,0,2,41,2
"org.apache.lucene.analysis.el.GreekAnalyzerTest",5,0.00,1.00,21,0.38,6101.76,5,0,3,7,4,81.95,38,41,0,3,124.24,0.00,0.67,0.00,0,5.00,1,1135.65,2,0,4,org.apache.lucene.analysis.BaseTokenStreamTestCase,0.00,2,2,5,0,2,5,0,22,230,1
"org.apache.lucene.analysis.el.GreekLowerCaseFilter",4,0.33,1.50,33,0.41,8526.74,6,2,6,11,8,100.65,61,63,3,4,111.01,0.00,0.75,0.25,1,6.00,3,1230.44,0,0,5,org.apache.lucene.analysis.TokenFilter,0.25,7,3,6,0,7,4,0,37,246,2
"org.apache.lucene.analysis.el.GreekStemFilter",2,0.33,2.00,14,0.16,3794.18,5,3,6,9,8,71.21,14,20,2,4,113.50,0.00,0.75,0.50,0,2.00,3,481.98,0,0,6,org.apache.lucene.analysis.TokenFilter,0.29,7,3,4,0,7,2,0,1,107,2
"org.apache.lucene.analysis.el.GreekStemmer",27,0.03,4.74,286,8.53,459291.82,43,16,3,32,3,150.02,49,681,1,1,100.02,0.00,0.00,0.04,4,352.00,16,25590.34,0,0,2,java.lang.Object,0.00,5,0,128,0,5,27,0,26,4297,1
"org.apache.lucene.analysis.el.TestGreekStemmer",6,0.00,1.00,350,4.68,106423.51,7,1,2,7,3,23.28,63,357,0,3,71.76,0.00,0.67,1.00,0,0.00,1,14035.21,1,0,3,org.apache.lucene.analysis.BaseTokenStreamTestCase,0.00,1,2,6,0,1,6,0,63,2110,1
"org.apache.lucene.analysis.ASCIIFoldingFilter",4,0.11,60.00,706,25.69,1402237.44,7,3,4,9,9,44.75,1297,1960,4,4,42.63,0.00,0.75,0.42,1,4.00,233,77084.65,0,0,5,org.apache.lucene.analysis.TokenFilter,0.25,5,3,240,0,5,4,0,1249,7499,2
"org.apache.lucene.analysis.Analyzer",9,0.75,1.78,35,0.40,12653.82,10,1,7,21,296,110.41,53,61,292,1,128.28,0.00,0.00,0.33,2,18.00,3,1201.40,0,1,4,java.lang.Object,0.00,12,0,16,94,12,8,1,8,268,2
"org.apache.lucene.analysis.BaseCharFilter",4,0.56,3.50,28,0.41,38944.13,7,3,1,5,6,157.78,7,47,3,4,107.78,1.00,0.43,0.75,0,0.00,8,1221.37,0,0,3,org.apache.lucene.analysis.CharFilter,0.31,1,3,14,3,1,4,0,2,260,2
"org.apache.lucene.analysis.BaseTokenStreamTestCase",23,0.00,1.52,86,1.82,72912.65,23,0,6,51,32,125.54,7,116,24,2,125.54,196.00,0.01,0.00,3,23.00,13,5445.83,0,0,8,org.apache.lucene.util.LuceneTestCase,0.00,28,1,35,196,28,23,0,5,1082,2
"org.apache.lucene.analysis.BaseTokenStreamTestCase$CheckClearAttributesAttribute",1,0.00,1.00,2,0.01,64.15,1,0,6,1,0,145.54,0,3,0,2,145.54,0.00,0.50,0.00,0,1.00,1,30.46,0,0,0,,0.00,0,1,1,0,0,1,0,0,12,2
"org.apache.lucene.analysis.BaseTokenStreamTestCase$CheckClearAttributesAttributeImpl",5,0.25,1.00,14,0.14,2349.79,6,1,6,8,1,138.73,0,29,0,2,138.73,0.00,0.50,0.80,0,0.00,1,424.21,0,0,1,org.apache.lucene.util.AttributeImpl,0.17,3,1,5,0,3,5,1,0,110,3
"org.apache.lucene.analysis.CachingTokenFilter",5,0.17,2.00,26,0.27,6474.99,8,3,5,13,16,160.14,13,40,13,4,120.26,0.00,0.75,0.47,1,1.00,3,799.19,0,0,3,org.apache.lucene.analysis.TokenFilter,0.71,8,3,10,0,8,5,0,5,182,2
"org.apache.lucene.analysis.CharArrayMap",31,0.00,2.45,239,3.08,184418.54,41,10,8,57,12,130.16,111,294,10,2,109.55,1.00,0.33,0.10,6,382.00,7,9241.67,1,5,3,java.util.AbstractMap,0.00,26,1,76,1,26,26,0,31,1868,1
"org.apache.lucene.analysis.CharArrayMap$CharArraySet",4,0.00,1.00,9,0.08,991.38,4,0,8,5,0,140.92,0,17,0,1,140.92,0.00,0.00,0.00,0,4.00,1,245.53,0,0,0,java.lang.Object,0.00,1,0,4,0,1,4,0,0,68,0
"org.apache.lucene.analysis.CharArrayMap$EmptyCharArrayMap<V>",7,0.00,1.86,21,0.25,4872.12,7,0,8,9,2,130.67,0,41,0,2,130.67,0.00,0.50,0.00,0,7.00,2,746.00,0,0,2,org.apache.lucene.analysis.UnmodifiableCharArrayMap,0.00,2,1,13,0,2,7,0,0,180,3
"org.apache.lucene.analysis.CharArrayMap$EntryIterator",9,0.00,1.22,30,0.25,4799.82,12,3,8,12,0,131.68,5,41,0,1,131.68,0.00,0.00,0.33,2,7.00,2,744.63,0,2,0,java.lang.Object,0.00,3,0,11,0,3,7,1,5,188,1
"org.apache.lucene.analysis.CharArrayMap$EntrySet",6,0.80,1.50,20,0.25,7677.10,7,1,8,13,1,128.64,0,34,0,2,128.64,0.00,0.50,0.33,0,14.00,3,745.18,0,1,1,java.util.AbstractSet,0.00,7,1,9,0,7,5,0,0,173,2
"org.apache.lucene.analysis.CharArrayMap$MapEntry",5,0.00,1.40,17,0.20,4496.74,7,2,8,9,1,129.86,2,27,0,1,129.86,0.00,0.00,0.50,0,0.00,2,595.55,0,2,1,java.lang.Object,0.00,4,0,7,0,4,3,1,2,144,2
"org.apache.lucene.analysis.CharArrayMap$UnmodifiableCharArrayMap",8,0.00,1.00,17,0.16,2137.62,8,0,8,10,1,140.66,0,33,0,3,140.66,0.00,0.67,0.00,0,8.00,1,489.24,0,1,1,org.apache.lucene.analysis.CharArrayMap,0.23,2,2,8,0,2,7,0,0,135,1
"org.apache.lucene.analysis.CharArraySet",20,0.05,1.70,65,0.86,27401.46,23,3,5,40,85,86.09,143,101,83,2,128.38,0.00,0.50,0.28,2,62.00,4,2574.55,0,6,3,java.util.AbstractSet,0.00,20,1,34,0,20,14,0,19,592,1
"org.apache.lucene.analysis.CharArraySet$Deprecated",6,0.20,1.17,19,0.15,3061.35,8,2,5,8,0,131.84,3,27,0,1,131.84,0.00,0.00,0.33,2,6.00,2,444.90,0,1,0,java.lang.Object,0.00,2,0,7,0,2,5,1,2,117,1
"org.apache.lucene.analysis.CharFilter",8,0.14,1.00,18,0.17,2909.00,9,1,1,14,5,179.49,16,33,4,3,139.61,3.50,0.20,0.88,1,0.00,1,510.64,0,0,1,org.apache.lucene.analysis.CharStream,0.33,6,2,8,7,6,8,0,3,140,2
"org.apache.lucene.analysis.CharReader",8,0.29,1.12,18,0.18,3333.97,9,1,2,14,15,139.11,6,34,14,3,139.11,0.00,0.67,0.75,0,0.00,2,538.74,0,1,1,org.apache.lucene.analysis.CharStream,0.33,6,2,9,0,6,7,0,1,146,2
"org.apache.lucene.analysis.CharStream",1,0.00,1.00,2,0.01,109.02,1,0,1,1,22,143.25,16,3,22,2,143.73,9.00,0.09,0.00,0,1.00,1,42.11,0,0,0,java.io.Reader,0.00,0,1,1,9,0,1,0,2,15,2
"org.apache.lucene.analysis.CharTokenizer",15,0.10,2.40,117,1.55,97119.17,28,13,9,36,14,71.70,185,165,7,4,109.26,2.33,0.27,0.17,2,71.00,11,4658.20,2,0,7,org.apache.lucene.analysis.Tokenizer,0.25,21,3,36,7,21,15,0,39,888,2
"org.apache.lucene.analysis.Deprecated",3,0.33,14.33,115,1.94,150538.51,6,3,1,6,6,88.23,103,197,3,4,74.44,0.00,0.75,0.56,1,1.00,38,5809.43,0,0,3,org.apache.lucene.analysis.TokenFilter,0.27,3,3,43,0,3,3,0,90,859,2
"org.apache.lucene.analysis.FilteringTokenFilter",5,0.25,2.20,25,0.22,7042.27,7,2,3,7,7,102.08,29,37,3,4,119.95,1.00,0.43,0.30,1,7.00,7,652.67,0,0,4,org.apache.lucene.analysis.TokenFilter,0.24,2,3,11,3,2,5,0,7,150,2
"org.apache.lucene.analysis.Ignore",1,0.00,1.00,980,32.56,1609032.85,1,0,1,1,2,-23.23,997,1960,0,3,10.55,0.00,0.67,0.00,0,1.00,1,97687.95,1,0,2,org.apache.lucene.analysis.BaseTokenStreamTestCase,0.00,0,2,1,0,0,1,0,979,9756,1
"org.apache.lucene.analysis.KeywordAnalyzer",2,0.00,1.00,4,0.04,567.13,2,0,1,4,10,180.34,4,8,8,3,140.46,0.00,0.67,0.00,0,2.00,1,119.65,0,0,2,org.apache.lucene.analysis.ReusableAnalyzerBase,0.00,2,2,2,0,2,2,0,1,34,2
"org.apache.lucene.analysis.KeywordMarkerFilter",3,0.00,2.33,16,0.20,4275.91,6,3,5,9,66,69.90,27,25,60,4,119.90,0.00,0.75,0.33,0,4.00,3,603.89,0,0,6,org.apache.lucene.analysis.TokenFilter,0.27,6,3,7,0,6,3,0,3,138,2
"org.apache.lucene.analysis.KeywordTokenizer",7,0.10,1.57,38,0.43,16141.03,12,5,5,13,28,118.34,4,52,24,4,118.34,0.00,0.75,0.29,0,9.00,5,1285.71,2,0,4,org.apache.lucene.analysis.Tokenizer,0.33,6,3,11,0,6,7,0,2,277,2
"org.apache.lucene.analysis.LengthFilter",3,0.00,1.00,14,0.15,2995.33,6,3,2,4,5,107.05,15,19,2,5,124.92,0.00,0.80,0.33,0,4.00,1,455.07,0,0,3,org.apache.lucene.analysis.FilteringTokenFilter,0.25,1,4,3,0,1,3,0,3,109,2
"org.apache.lucene.analysis.LetterTokenizer",7,0.00,1.00,18,0.14,1523.11,7,0,3,8,6,91.36,69,27,3,5,141.36,0.25,0.67,0.00,0,7.00,1,431.02,0,0,3,org.apache.lucene.analysis.CharTokenizer,0.13,1,4,7,1,1,7,0,8,122,1
"org.apache.lucene.analysis.LimitTokenCountAnalyzer",6,0.20,1.00,16,0.19,3030.94,8,2,3,12,5,188.48,7,32,1,2,138.48,0.00,0.50,0.67,0,0.00,1,566.08,0,3,4,org.apache.lucene.analysis.Analyzer,0.00,6,1,6,0,6,3,0,2,145,2
"org.apache.lucene.analysis.LimitTokenCountFilter",3,0.00,1.33,14,0.12,2076.73,5,2,1,3,4,165.99,7,21,2,4,126.11,0.00,0.75,0.50,0,1.00,2,348.76,1,0,2,org.apache.lucene.analysis.TokenFilter,0.53,0,3,4,0,0,3,0,2,87,2
"org.apache.lucene.analysis.LowerCaseFilter",3,0.00,1.67,20,0.21,6580.65,5,2,4,10,69,83.32,18,26,64,4,115.54,0.00,0.75,0.50,0,1.00,3,626.75,0,0,5,org.apache.lucene.analysis.TokenFilter,0.27,7,3,5,0,7,3,0,3,136,2
"org.apache.lucene.analysis.LowerCaseTokenizer",7,0.00,1.00,18,0.14,1667.87,7,0,3,8,33,92.58,72,27,30,6,141.05,0.00,0.83,0.00,0,7.00,1,434.92,0,0,3,org.apache.lucene.analysis.LetterTokenizer,0.13,1,5,7,0,1,7,0,8,123,2
"org.apache.lucene.analysis.MappingCharFilter",8,0.03,3.75,79,0.96,64272.66,13,5,3,21,8,154.35,8,96,4,5,104.35,0.00,0.80,0.22,4,14.00,10,2884.18,2,0,4,org.apache.lucene.analysis.BaseCharFilter,0.24,13,4,30,0,13,8,0,3,570,1
"org.apache.lucene.analysis.MockAnalyzer",5,0.25,2.80,37,0.55,19970.33,11,6,6,13,66,110.88,3,59,57,2,110.88,0.00,0.50,0.37,0,10.00,6,1664.66,2,2,9,org.apache.lucene.analysis.Analyzer,0.00,8,1,14,0,8,3,0,1,341,2
"org.apache.lucene.analysis.MockAnalyzer$SavedStreams",0,0.00,0.00,3,0.01,82.42,2,2,6,0,2,171.00,0,5,0,1,171.00,0.00,0.00,0.00,0,0.00,0,41.21,0,0,2,java.lang.Object,0.00,0,0,0,0,0,0,0,0,13,1
"org.apache.lucene.analysis.MockAnalyzer$SimplePayloadFilter",2,0.75,1.50,18,0.16,2783.52,6,4,6,7,5,110.56,0,23,0,4,110.56,0.00,0.75,0.62,0,0.00,2,484.27,0,0,5,org.apache.lucene.analysis.TokenFilter,0.29,5,3,3,0,5,2,0,0,110,1
"org.apache.lucene.analysis.MockFixedLengthPayloadFilter",2,0.75,1.50,17,0.17,3009.48,6,4,4,5,4,112.20,0,22,0,4,112.20,0.00,0.75,0.62,0,0.00,2,503.74,0,0,4,org.apache.lucene.analysis.TokenFilter,0.29,3,3,3,0,3,2,0,0,113,2
"org.apache.lucene.analysis.MockTokenizer",12,0.09,1.75,97,1.16,52741.72,24,12,5,24,80,129.11,36,117,77,4,108.50,0.00,0.75,0.17,3,50.00,6,3482.83,3,0,3,org.apache.lucene.analysis.Tokenizer,0.55,12,3,21,0,12,12,0,20,693,1
"org.apache.lucene.analysis.MockTokenizer$State",0,0.00,0.00,2,0.01,107.55,0,0,5,0,0,171.00,0,8,0,1,171.00,0.00,0.00,0.00,0,0.00,0,43.02,0,0,0,java.lang.Object,0.00,0,0,0,0,0,0,0,0,12,2
"org.apache.lucene.analysis.MockVariableLengthPayloadFilter",2,0.80,1.50,18,0.20,3999.89,7,5,4,7,4,109.32,0,23,0,4,109.32,0.00,0.75,0.60,0,0.00,2,590.61,0,0,4,org.apache.lucene.analysis.TokenFilter,0.29,5,3,3,0,5,2,0,0,128,2
"org.apache.lucene.analysis.NormalizeCharMap",1,3.00,5.00,22,0.28,15784.53,4,3,2,9,6,49.93,12,25,6,1,87.49,0.00,0.00,0.00,0,1.00,5,854.31,0,0,0,java.lang.Object,0.00,8,0,5,0,8,1,0,2,162,1
"org.apache.lucene.analysis.NumericTokenStream",12,0.10,1.83,69,0.79,24589.51,21,9,8,27,14,68.71,109,95,6,3,118.71,0.00,0.67,0.20,0,0.00,7,2368.40,0,5,9,org.apache.lucene.analysis.TokenStream,0.30,15,2,22,0,15,7,0,15,496,2
"org.apache.lucene.analysis.PerFieldAnalyzerWrapper",8,0.29,1.62,30,0.37,8324.65,10,2,5,17,6,111.46,43,50,3,2,129.33,0.00,0.50,0.75,0,0.00,2,1106.52,0,1,3,org.apache.lucene.analysis.Analyzer,0.00,9,1,13,0,9,7,0,6,257,2
"org.apache.lucene.analysis.PorterStemFilter",2,0.33,2.00,10,0.17,3936.19,5,3,3,10,15,81.27,24,16,10,4,118.83,0.00,0.75,0.50,0,2.00,3,501.61,0,0,5,org.apache.lucene.analysis.TokenFilter,0.29,8,3,4,0,8,2,0,1,111,2
"org.apache.lucene.analysis.PorterStemmer",27,0.15,6.96,291,3.24,141694.34,34,7,5,46,3,104.19,116,333,2,1,103.96,0.00,0.00,0.29,14,0.00,52,9717.31,0,2,1,java.lang.Object,0.00,19,0,188,0,19,25,0,33,1867,0
"org.apache.lucene.analysis.ReusableAnalyzerBase",4,0.00,1.25,14,0.17,4544.33,4,0,2,7,33,108.95,59,25,31,2,129.09,38.00,0.02,0.00,2,4.00,2,524.68,2,3,2,org.apache.lucene.analysis.Analyzer,0.00,3,1,5,38,3,1,0,6,121,2
"org.apache.lucene.analysis.ReusableAnalyzerBase$TokenStreamComponents",4,0.33,1.00,14,0.10,1544.87,6,2,2,5,2,84.73,33,20,0,1,132.83,0.00,0.00,0.25,0,8.00,1,311.05,0,1,2,java.lang.Object,0.00,1,0,4,0,1,3,0,4,85,2
"org.apache.lucene.analysis.SimpleAnalyzer",3,1.00,1.00,9,0.08,1066.02,4,1,2,5,44,100.89,20,14,41,3,133.12,0.00,0.67,0.33,0,4.00,1,228.87,0,0,3,org.apache.lucene.analysis.ReusableAnalyzerBase,0.00,2,2,3,0,2,3,0,3,62,2
"org.apache.lucene.analysis.StopAnalyzer",5,1.00,1.20,18,0.30,4757.51,6,1,7,9,29,87.41,37,35,22,4,129.71,0.00,0.75,0.20,0,11.00,2,908.02,0,0,7,org.apache.lucene.analysis.StopwordAnalyzerBase,0.00,4,3,6,0,4,5,0,7,193,2
"org.apache.lucene.analysis.StopFilter",15,0.46,1.67,40,0.66,15574.67,17,2,7,23,56,87.42,158,64,50,5,135.90,0.00,0.80,0.07,1,28.00,3,1984.48,0,8,6,org.apache.lucene.analysis.FilteringTokenFilter,0.16,8,4,25,0,8,7,0,16,452,2
"org.apache.lucene.analysis.StopwordAnalyzerBase",4,0.33,1.75,15,0.22,6304.29,6,2,6,10,35,83.77,47,24,31,3,127.89,15.50,0.06,0.25,0,8.00,3,667.06,0,2,4,org.apache.lucene.analysis.ReusableAnalyzerBase,0.00,6,2,7,31,6,2,0,7,147,2
"org.apache.lucene.analysis.TeeSinkTokenFilter",7,1.00,2.43,46,0.53,16895.54,8,1,7,23,9,66.65,74,61,5,4,115.13,0.00,0.75,0.00,1,12.00,6,1587.60,1,0,4,org.apache.lucene.analysis.TokenFilter,0.42,16,3,17,0,16,7,0,10,334,2
"org.apache.lucene.analysis.TeeSinkTokenFilter$SinkFilter",2,0.00,1.00,3,0.02,126.08,2,0,7,2,1,157.06,9,5,0,1,156.83,0.00,0.00,0.00,0,2.00,1,59.16,0,0,1,java.lang.Object,0.00,0,0,2,0,0,2,0,3,21,3
"org.apache.lucene.analysis.TeeSinkTokenFilter$SinkFilter_0",1,0.00,1.00,3,0.02,175.12,1,0,7,1,1,135.54,0,5,0,1,135.54,0.00,0.00,0.00,0,1.00,1,54.60,0,0,1,java.lang.Object,0.00,0,0,1,0,0,1,0,0,17,0
"org.apache.lucene.analysis.TeeSinkTokenFilter$SinkTokenStream",7,0.04,1.57,29,0.31,6731.83,11,4,7,15,2,124.95,1,44,0,3,124.95,0.00,0.67,0.29,0,20.00,3,930.29,0,0,2,org.apache.lucene.analysis.TokenStream,0.60,8,2,11,0,8,7,0,1,215,3
"org.apache.lucene.analysis.TestASCIIFoldingFilter",3,0.00,2.33,110,10.46,352910.88,3,0,5,21,5,35.99,1528,1587,0,3,72.82,0.00,0.67,0.00,1,3.00,5,31378.69,0,0,5,org.apache.lucene.analysis.BaseTokenStreamTestCase,0.00,18,2,7,0,18,3,0,1528,3204,1
"org.apache.lucene.analysis.TestAnalyzers",10,0.00,1.20,103,1.42,40563.30,10,0,8,35,15,125.86,35,132,0,3,105.24,0.00,0.67,0.00,1,10.00,3,4262.32,2,0,15,org.apache.lucene.analysis.BaseTokenStreamTestCase,0.00,25,2,12,0,25,10,0,21,868,1
"org.apache.lucene.analysis.TestAnalyzers$Deprecated",1,0.00,1.00,3,0.04,486.13,1,0,8,3,4,132.04,0,6,0,2,132.04,0.00,0.50,0.00,0,1.00,1,115.70,0,1,4,org.apache.lucene.analysis.Analyzer,0.00,2,1,1,0,2,0,0,0,31,2
"org.apache.lucene.analysis.TestAnalyzers$LowerCaseWhitespaceAnalyzer",1,0.00,1.00,3,0.04,476.88,1,0,8,3,4,132.11,0,8,0,2,132.11,0.00,0.50,0.00,0,1.00,1,113.66,0,1,4,org.apache.lucene.analysis.Analyzer,0.00,2,1,1,0,2,0,0,0,30,2
"org.apache.lucene.analysis.TestAnalyzers$PayloadSetter",2,0.67,1.50,13,0.13,2688.71,5,3,8,5,4,117.24,1,17,0,4,117.24,0.00,0.75,0.67,0,0.00,2,387.78,0,0,4,org.apache.lucene.analysis.TokenFilter,0.29,3,3,3,0,3,2,0,1,89,1
"org.apache.lucene.analysis.TestCachingTokenFilter",2,1.00,1.50,40,0.53,15317.17,3,1,11,25,12,131.67,4,44,0,3,91.79,0.00,0.67,0.50,1,2.00,2,1583.26,0,0,12,org.apache.lucene.analysis.BaseTokenStreamTestCase,0.00,23,2,3,0,23,2,0,4,295,1
"org.apache.lucene.analysis.TestCachingTokenFilter$TokenStream",1,0.00,2.00,12,0.12,2500.52,4,3,11,4,2,103.83,0,15,0,1,103.83,0.00,0.00,1.00,0,0.00,2,351.22,0,0,2,java.lang.Object,0.00,3,0,2,0,3,1,0,0,78,0
"org.apache.lucene.analysis.TestCharArrayMap",5,0.00,4.20,165,2.65,224233.94,5,0,6,49,2,117.28,11,185,0,2,77.39,0.00,0.50,0.00,1,5.00,9,7950.59,0,0,2,org.apache.lucene.util.LuceneTestCase,0.00,44,1,21,0,44,5,0,11,1360,1
"org.apache.lucene.analysis.TestCharArraySet",18,0.35,3.78,360,5.27,309196.72,19,1,9,62,2,128.70,52,405,0,2,88.81,0.00,0.50,0.67,0,0.00,10,15817.79,0,0,2,org.apache.lucene.util.LuceneTestCase,0.00,44,1,68,0,44,18,0,35,2923,1
"org.apache.lucene.analysis.TestCharFilter",4,0.00,1.00,15,0.22,2814.37,4,0,2,10,2,130.78,0,20,0,2,130.78,0.00,0.50,0.00,0,4.00,1,668.10,0,0,2,org.apache.lucene.util.LuceneTestCase,0.00,6,1,4,0,6,4,0,0,152,1
"org.apache.lucene.analysis.TestCharFilter$CharFilter1",2,0.00,1.00,5,0.03,407.16,2,0,2,2,2,141.59,0,9,0,4,141.59,0.00,0.75,0.00,0,2.00,1,99.28,0,0,2,org.apache.lucene.analysis.CharFilter,0.36,0,3,2,0,0,2,0,0,31,1
"org.apache.lucene.analysis.TestCharFilter$CharFilter2",2,0.00,1.00,5,0.03,407.16,2,0,2,2,2,141.59,0,9,0,4,141.59,0.00,0.75,0.00,0,2.00,1,99.28,0,0,2,org.apache.lucene.analysis.CharFilter,0.36,0,3,2,0,0,2,0,0,31,1
"org.apache.lucene.analysis.TestCharTokenizers",11,0.00,1.82,81,0.99,27370.34,11,0,4,25,4,152.48,24,104,0,3,112.60,0.00,0.67,0.00,0,11.00,3,2971.88,1,0,4,org.apache.lucene.analysis.BaseTokenStreamTestCase,0.00,14,2,20,0,14,11,0,10,619,1
"org.apache.lucene.analysis.TestCharTokenizers$TestingCharTokenizer",3,0.00,1.00,7,0.07,831.59,3,0,4,4,2,140.53,0,13,0,5,140.53,0.00,0.80,0.00,0,3.00,1,205.70,0,0,2,org.apache.lucene.analysis.CharTokenizer,0.29,1,4,3,0,1,3,0,0,57,2
"org.apache.lucene.analysis.TestCharTokenizers$TestingCharTokenizerNormalize",3,0.00,1.00,7,0.05,689.91,3,0,4,3,2,141.17,0,13,0,5,141.17,0.00,0.80,0.00,0,3.00,1,161.37,0,0,2,org.apache.lucene.analysis.CharTokenizer,0.29,0,4,3,0,0,3,0,0,49,2
"org.apache.lucene.analysis.TestCharTokenizers$TestingCharTokenizerNormalizeIsTokenChar",5,0.00,1.00,11,0.10,1357.21,5,0,4,6,2,140.61,0,22,0,5,140.61,0.00,0.80,0.00,0,5.00,1,304.24,0,0,2,org.apache.lucene.analysis.CharTokenizer,0.54,1,4,5,0,1,5,0,0,86,2
"org.apache.lucene.analysis.TestClassicAnalyzer",27,0.23,1.07,148,2.18,64383.77,28,1,12,52,12,168.31,52,188,0,3,118.31,0.00,0.67,0.78,0,0.00,2,6542.41,1,0,12,org.apache.lucene.analysis.BaseTokenStreamTestCase,0.00,25,2,29,0,25,27,0,36,1345,1
"org.apache.lucene.analysis.TestISOLatin1AccentFilter",2,0.00,1.00,84,1.02,83192.92,2,0,2,12,4,74.08,0,87,0,3,74.08,0.00,0.67,0.00,1,2.00,1,3052.01,0,0,4,org.apache.lucene.analysis.BaseTokenStreamTestCase,0.00,10,2,2,0,10,2,0,0,528,1
"org.apache.lucene.analysis.TestKeywordAnalyzer",4,0.17,1.00,42,0.69,15475.14,6,2,14,33,18,105.45,1,51,0,3,105.45,0.00,0.67,0.38,0,4.00,1,2081.83,1,0,18,org.apache.lucene.analysis.BaseTokenStreamTestCase,0.00,29,2,4,0,29,4,0,1,401,1
"org.apache.lucene.analysis.TestKeywordMarkerFilter",2,0.00,1.50,16,0.36,12629.85,2,0,9,11,6,58.82,20,32,0,3,107.29,0.00,0.67,0.00,0,2.00,2,1067.55,1,0,6,org.apache.lucene.analysis.BaseTokenStreamTestCase,0.00,9,2,3,0,9,2,0,3,210,1
"org.apache.lucene.analysis.TestKeywordMarkerFilter$LowerCaseFilterMock",2,0.00,2.00,12,0.14,3102.55,4,2,9,8,4,116.69,0,18,0,4,116.69,0.00,0.75,0.50,0,2.00,3,433.32,0,0,4,org.apache.lucene.analysis.TokenFilter,0.29,6,3,4,0,6,2,0,0,97,3
"org.apache.lucene.analysis.TestLengthFilter",2,0.00,1.00,11,0.16,2299.25,2,0,2,5,5,120.83,0,20,0,3,120.83,0.00,0.67,0.00,0,2.00,1,484.22,1,0,5,org.apache.lucene.analysis.BaseTokenStreamTestCase,0.00,3,2,2,0,3,2,0,0,102,1
"org.apache.lucene.analysis.TestMappingCharFilter",13,0.00,1.00,89,1.19,21711.27,14,1,1,22,7,156.48,29,93,0,3,116.59,0.00,0.67,1.00,0,0.00,1,3556.60,2,0,7,org.apache.lucene.analysis.BaseTokenStreamTestCase,0.00,9,2,13,0,9,13,0,29,727,1
"org.apache.lucene.analysis.TestMockAnalyzer",6,0.00,1.17,34,0.54,10959.11,6,0,1,13,7,139.82,23,53,0,3,119.21,0.00,0.67,0.00,0,6.00,2,1621.77,2,0,7,org.apache.lucene.analysis.BaseTokenStreamTestCase,0.00,7,2,7,0,7,6,0,8,332,1
"org.apache.lucene.analysis.TestNumericTokenStream",3,0.25,3.00,35,0.51,18504.59,5,2,3,17,5,152.05,4,39,0,3,102.05,0.00,0.67,0.33,0,5.00,3,1522.62,0,0,5,org.apache.lucene.analysis.BaseTokenStreamTestCase,0.00,14,2,9,0,14,3,0,4,289,1
"org.apache.lucene.analysis.TestPerFieldAnalzyerWrapper",1,0.00,1.00,13,0.20,5195.77,1,0,2,12,6,99.72,16,22,0,3,100.19,0.00,0.67,0.00,0,1.00,1,589.37,0,0,6,org.apache.lucene.analysis.BaseTokenStreamTestCase,0.00,11,2,1,0,11,1,0,1,117,1
"org.apache.lucene.analysis.TestPorterStemFilter",2,0.00,1.00,10,0.13,1970.10,2,0,8,10,9,141.97,7,13,0,3,121.35,0.00,0.67,0.00,0,2.00,1,377.90,1,0,9,org.apache.lucene.analysis.BaseTokenStreamTestCase,0.00,8,2,2,0,8,2,0,2,83,1
"org.apache.lucene.analysis.TestPorterStemFilter$ReusableAnalyzerBase",1,0.00,1.00,4,0.05,753.46,1,0,8,4,3,125.89,0,7,0,1,125.89,0.00,0.00,0.00,0,1.00,1,135.44,0,1,3,java.lang.Object,0.00,3,0,1,0,3,0,0,0,34,0
"org.apache.lucene.analysis.TestStandardAnalyzer",27,0.00,1.00,87,1.58,27309.43,27,0,5,38,3,179.54,33,140,0,3,129.54,0.00,0.67,0.00,0,27.00,1,4747.52,0,0,3,org.apache.lucene.analysis.BaseTokenStreamTestCase,0.00,11,2,27,0,11,27,0,12,1017,1
"org.apache.lucene.analysis.TestStandardAnalyzer$ReusableAnalyzerBase",1,0.00,1.00,4,0.04,637.60,1,0,5,3,2,126.46,0,7,0,1,126.46,0.00,0.00,0.00,0,1.00,1,122.69,0,1,2,java.lang.Object,0.00,2,0,1,0,2,0,0,0,31,0
"org.apache.lucene.analysis.TestStopAnalyzer",4,0.17,2.25,48,0.74,22081.70,6,2,8,22,6,101.09,1,58,0,3,101.09,0.00,0.67,0.38,0,4.00,3,2209.09,1,0,6,org.apache.lucene.analysis.BaseTokenStreamTestCase,0.00,18,2,9,0,18,4,0,1,410,1
"org.apache.lucene.analysis.TestStopFilter",6,0.00,3.00,101,1.66,112009.21,6,0,10,33,8,142.20,10,92,0,3,92.20,0.00,0.67,0.00,2,6.00,8,4969.39,0,0,8,org.apache.lucene.analysis.BaseTokenStreamTestCase,0.00,27,2,18,0,27,6,0,8,859,1
"org.apache.lucene.analysis.TestTeeSinkTokenFilter",4,0.50,4.25,126,2.07,142784.00,8,4,8,35,12,99.80,12,119,0,3,79.19,0.00,0.67,0.62,0,0.00,11,6218.02,2,0,12,org.apache.lucene.analysis.BaseTokenStreamTestCase,0.00,31,2,17,0,31,4,0,6,1031,1
"org.apache.lucene.analysis.TestTeeSinkTokenFilter$ModuloSinkFilter",2,0.50,1.00,9,0.08,1499.92,4,2,8,2,1,125.90,0,13,0,2,125.90,0.00,0.50,0.75,0,0.00,1,227.39,0,0,1,TeeSinkTokenFilter.SinkFilter,0.00,0,1,2,0,0,2,0,0,57,0
"org.apache.lucene.analysis.TestTeeSinkTokenFilter$ModuloTokenFilter",2,0.00,1.50,15,0.11,3531.74,4,2,8,2,2,113.81,1,19,0,4,113.81,0.00,0.75,0.50,0,2.00,2,315.33,0,0,2,org.apache.lucene.analysis.TokenFilter,0.29,0,3,3,0,0,2,0,1,77,0
"org.apache.lucene.analysis.TestTeeSinkTokenFilter$TeeSinkTokenFilter.SinkFilter",1,0.00,1.00,4,0.05,853.17,1,0,8,4,2,125.46,0,6,0,1,125.46,0.00,0.00,0.00,0,1.00,1,149.49,0,0,2,java.lang.Object,0.00,3,0,1,0,3,1,0,0,37,0
"org.apache.lucene.analysis.TestTeeSinkTokenFilter$TeeSinkTokenFilter.SinkFilter_0",1,0.00,1.00,4,0.05,853.17,1,0,8,4,2,125.46,0,6,0,1,125.46,0.00,0.00,0.00,0,1.00,1,149.49,0,0,2,java.lang.Object,0.00,3,0,1,0,3,1,0,0,37,0
"org.apache.lucene.analysis.TestToken",10,0.00,1.60,183,2.43,155697.56,10,0,8,42,13,91.05,4,196,0,2,91.05,0.00,0.50,0.00,0,10.00,6,7291.98,0,0,13,org.apache.lucene.util.LuceneTestCase,0.00,32,1,16,0,32,10,0,4,1433,1
"org.apache.lucene.analysis.TestToken$HashMap<String,Object>",0,0.00,0.00,8,0.16,3392.83,0,0,8,1,6,171.00,0,8,0,1,171.00,0.00,0.00,0.00,0,0.00,0,483.31,0,0,6,java.lang.Object,0.00,1,0,0,0,1,0,0,0,95,0
"org.apache.lucene.analysis.TestToken$SenselessAttribute",0,0.00,0.00,1,0.01,31.02,0,0,8,0,0,171.00,0,1,0,2,171.00,0.00,0.50,0.00,0,0.00,0,15.51,0,0,0,,0.00,0,1,0,0,0,0,0,0,6,1
"org.apache.lucene.analysis.TestToken$SenselessAttributeImpl",4,0.00,1.00,7,0.06,665.56,4,0,8,4,1,153.51,0,10,0,2,153.51,0.00,0.50,0.00,0,4.00,1,183.13,0,0,1,org.apache.lucene.util.AttributeImpl,0.18,0,1,4,0,0,4,1,0,55,3
"org.apache.lucene.analysis.TestUAX29URLEmailTokenizer",30,0.00,1.50,179,2.97,109998.59,30,0,10,54,4,166.77,35,278,0,3,116.77,0.00,0.67,0.00,0,30.00,6,8903.03,0,0,4,org.apache.lucene.analysis.BaseTokenStreamTestCase,0.00,24,2,45,0,24,30,0,14,1720,1
"org.apache.lucene.analysis.TestUAX29URLEmailTokenizer$EmailFilter",2,1.00,2.00,11,0.11,2591.56,3,1,10,3,4,120.26,0,17,0,4,120.26,0.00,0.75,0.50,0,2.00,3,324.48,0,0,4,org.apache.lucene.analysis.TokenFilter,0.29,1,3,4,0,1,2,0,0,75,1
"org.apache.lucene.analysis.TestUAX29URLEmailTokenizer$ReusableAnalyzerBase",1,0.00,1.00,4,0.04,619.14,1,0,10,3,2,126.56,0,7,0,1,126.56,0.00,0.00,0.00,0,1.00,1,116.42,0,1,2,java.lang.Object,0.00,2,0,1,0,2,0,0,0,30,0
"org.apache.lucene.analysis.TestUAX29URLEmailTokenizer$ReusableAnalyzerBase_0",1,0.00,1.00,6,0.07,1372.36,1,0,10,5,2,167.27,1,8,0,1,117.27,0.00,0.00,0.00,0,1.00,1,205.15,0,1,2,java.lang.Object,0.00,4,0,1,0,4,0,0,1,47,0
"org.apache.lucene.analysis.TestUAX29URLEmailTokenizer$ReusableAnalyzerBase_1",1,0.00,1.00,5,0.05,970.03,1,0,10,4,2,121.41,0,7,0,1,121.41,0.00,0.00,0.00,0,1.00,1,159.27,0,1,2,java.lang.Object,0.00,3,0,1,0,3,0,0,0,39,0
"org.apache.lucene.analysis.TestUAX29URLEmailTokenizer$URLFilter",2,1.00,2.00,11,0.11,2591.56,3,1,10,3,4,120.26,0,17,0,4,120.26,0.00,0.75,0.50,0,2.00,3,324.48,0,0,4,org.apache.lucene.analysis.TokenFilter,0.29,1,3,4,0,1,2,0,0,75,1
"org.apache.lucene.analysis.Token",38,0.24,1.32,195,2.03,54770.97,45,7,12,59,84,77.70,283,260,73,2,119.99,0.00,0.50,0.38,2,0.00,5,6090.49,6,10,11,org.apache.lucene.analysis.tokenattributes.TermAttributeImpl,0.00,21,1,50,0,21,28,5,39,1360,1
"org.apache.lucene.analysis.Token$TokenAttributeFactory",4,0.67,2.00,14,0.18,5042.81,5,1,12,8,2,128.63,2,24,0,2,128.63,0.00,0.50,0.50,1,4.00,3,536.13,0,1,2,AttributeSource.AttributeFactory,0.00,4,1,8,0,4,3,0,1,128,3
"org.apache.lucene.analysis.TokenFilter",4,0.33,1.00,11,0.09,1296.02,5,1,1,7,148,160.62,12,19,147,3,140.00,57.00,0.02,0.75,0,0.00,1,261.65,0,0,1,org.apache.lucene.analysis.TokenStream,0.75,3,2,4,114,3,4,0,6,74,2
"org.apache.lucene.analysis.TokenStream",8,0.00,1.25,20,0.19,4954.58,8,0,9,14,581,117.59,112,31,576,2,137.73,174.00,0.01,0.00,1,8.00,3,583.86,0,0,6,org.apache.lucene.util.AttributeSource,0.00,6,1,10,174,6,8,1,9,143,2
"org.apache.lucene.analysis.Tokenizer",9,0.88,1.22,23,0.20,3474.44,10,1,3,12,178,159.97,27,34,174,3,139.36,12.50,0.07,0.22,0,19.00,2,591.95,0,0,4,org.apache.lucene.analysis.TokenStream,0.18,3,2,11,25,3,9,0,13,161,2
"org.apache.lucene.analysis.VocabularyAssert",4,0.00,1.75,30,0.47,14257.01,4,0,8,18,2,161.38,6,45,0,1,111.38,0.00,0.00,0.00,1,4.00,3,1408.38,0,0,2,java.lang.Object,0.00,14,0,7,0,14,4,0,6,284,1
"org.apache.lucene.analysis.WhitespaceAnalyzer",3,1.00,1.00,9,0.08,1066.02,4,1,2,5,101,100.89,20,15,98,3,133.12,0.00,0.67,0.33,0,4.00,1,228.87,0,1,3,org.apache.lucene.analysis.ReusableAnalyzerBase,0.00,2,2,3,0,2,2,0,3,62,2
"org.apache.lucene.analysis.WhitespaceTokenizer",7,0.00,1.00,18,0.13,1503.37,7,0,3,8,106,91.41,63,27,103,5,141.41,0.00,0.80,0.00,0,7.00,1,395.32,0,0,3,org.apache.lucene.analysis.CharTokenizer,0.13,1,4,7,0,1,7,0,8,115,2
"org.apache.lucene.analysis.WordlistLoader",9,0.00,3.33,83,1.23,81648.18,9,0,9,28,27,59.83,105,137,27,1,103.96,0.00,0.00,0.00,2,9.00,7,3704.07,0,9,0,java.lang.Object,0.00,19,0,30,0,19,0,0,10,712,1
"org.apache.lucene.queryParser.core.config.FieldConfig",5,1.00,1.20,15,0.12,1827.76,6,1,2,7,13,100.76,33,25,11,2,132.98,0.00,0.50,0.00,0,5.00,2,374.64,1,3,2,org.apache.lucene.util.AttributeSource,0.00,2,1,6,0,2,2,0,5,99,1
"org.apache.lucene.queryParser.core.config.FieldConfigListener",1,0.00,1.00,2,0.01,30.51,1,0,0,1,4,185.12,30,3,3,1,148.08,0.00,0.00,0.00,0,1.00,1,25.51,0,0,1,,0.00,0,0,1,0,0,1,0,3,11,1
"org.apache.lucene.queryParser.core.config.QueryConfigHandler",3,1.00,1.33,12,0.12,2411.69,4,1,5,8,51,143.73,56,17,46,2,125.60,2.00,0.25,0.00,1,3.00,2,358.66,0,0,6,org.apache.lucene.util.AttributeSource,0.00,5,1,4,2,5,3,0,4,89,2
"org.apache.lucene.analysis.compound.hyphenation.ByteVector",11,0.30,1.36,49,0.38,9177.18,15,4,1,12,1,165.35,23,65,1,1,125.47,0.00,0.00,0.52,0,0.00,2,1125.74,0,0,0,java.lang.Object,0.00,1,0,15,0,1,11,1,7,273,1
"org.apache.lucene.analysis.compound.hyphenation.CharVector",13,0.27,1.31,55,0.44,10529.69,17,4,1,16,2,175.58,24,74,2,1,125.58,0.00,0.00,0.50,0,0.00,2,1313.41,0,1,0,java.lang.Object,0.00,3,0,17,0,3,12,2,7,318,1
"org.apache.lucene.analysis.compound.hyphenation.Hyphen",3,1.00,1.33,23,0.20,7050.11,6,3,1,7,1,113.10,12,29,1,1,112.86,0.00,0.00,1.00,0,0.00,2,596.14,0,1,0,java.lang.Object,0.00,4,0,4,0,4,2,1,1,140,1
"org.apache.lucene.analysis.compound.hyphenation.Hyphenation",3,0.00,1.00,8,0.04,406.54,4,1,0,3,2,143.22,14,12,2,1,142.98,0.00,0.00,1.00,0,0.00,1,123.63,0,0,0,java.lang.Object,0.00,0,0,3,0,0,3,0,4,39,1
"org.apache.lucene.analysis.compound.hyphenation.HyphenationException",1,0.00,1.00,3,0.02,106.02,1,0,0,1,2,105.03,6,5,2,2,137.25,0.00,0.50,0.00,0,1.00,1,45.51,0,0,0,java.lang.Exception,0.00,0,1,1,0,0,1,0,2,16,1
"org.apache.lucene.analysis.compound.hyphenation.HyphenationTree",15,0.00,3.80,223,2.81,296489.24,20,5,6,52,9,49.98,171,257,3,2,94.11,0.00,0.50,0.20,5,66.00,14,8434.56,4,4,6,org.apache.lucene.analysis.compound.hyphenation.TernaryTree,0.00,37,1,57,0,37,11,2,50,1569,1
"org.apache.lucene.analysis.compound.hyphenation.PatternConsumer",3,0.00,1.00,4,0.03,133.57,3,0,1,3,2,109.91,25,5,2,1,158.02,0.00,0.00,0.00,0,3.00,1,86.02,0,0,0,,0.00,0,0,3,0,0,3,0,4,30,1
"org.apache.lucene.analysis.compound.hyphenation.PatternParser",21,0.04,3.48,234,2.83,140690.74,32,11,12,80,5,141.62,61,292,2,2,101.74,0.00,0.50,0.13,4,110.00,10,8481.00,0,8,3,org.xml.sax.helpers.DefaultHandler,0.00,59,1,73,0,59,13,1,27,1647,1
"org.apache.lucene.analysis.compound.hyphenation.TernaryTree",21,0.13,2.48,222,2.52,179208.34,30,9,3,36,4,70.31,138,263,3,1,102.53,0.00,0.00,0.23,11,83.00,9,7568.95,0,2,1,java.lang.Object,0.00,15,0,52,1,15,19,2,43,1562,1
"org.apache.lucene.analysis.compound.hyphenation.TernaryTree$Iterator",9,0.25,3.11,101,1.11,65523.33,13,4,3,29,1,122.09,30,132,0,1,101.48,0.00,0.00,0.47,2,0.00,10,3329.95,0,1,1,java.lang.Object,0.00,20,0,28,0,20,8,1,13,659,1
"org.apache.lucene.analysis.compound.hyphenation.TernaryTree$Iterator$Item",3,0.75,1.00,11,0.07,702.58,5,2,3,4,0,134.54,0,16,0,1,134.54,0.00,0.00,1.00,0,0.00,1,198.73,0,1,0,java.lang.Object,0.00,1,0,3,0,1,2,1,0,58,1
"org.apache.lucene.LucenePackage",2,0.00,1.00,4,0.02,235.98,2,0,0,3,3,93.46,19,6,3,1,143.46,0.00,0.00,0.00,0,2.00,1,69.80,0,1,0,java.lang.Object,0.00,1,0,2,0,1,1,0,4,23,2
"org.apache.lucene.TestAssertions",2,0.00,3.00,27,0.21,2974.49,2,0,4,12,2,104.21,0,45,0,2,104.21,0.00,0.50,0.00,0,2.00,4,632.13,0,0,2,org.apache.lucene.util.LuceneTestCase,0.00,10,1,6,0,10,2,0,0,148,1
"org.apache.lucene.TestAssertions$TestAnalyzer1",2,0.00,1.00,5,0.05,523.29,2,0,4,2,2,140.73,0,6,0,2,140.73,0.00,0.50,0.00,0,2.00,1,140.53,0,2,2,org.apache.lucene.analysis.Analyzer,0.00,0,1,2,0,0,0,0,0,38,1
"org.apache.lucene.TestAssertions$TestAnalyzer2",2,0.00,1.00,5,0.04,434.62,2,0,4,2,2,141.37,0,6,0,2,141.37,0.00,0.50,0.00,0,2.00,1,133.87,0,2,2,org.apache.lucene.analysis.Analyzer,0.00,0,1,2,0,0,0,0,0,37,2
"org.apache.lucene.TestAssertions$TestAnalyzer3",2,0.00,1.00,5,0.04,416.51,2,0,4,2,2,141.51,0,6,0,2,141.51,0.00,0.50,0.00,0,2.00,1,129.73,0,2,2,org.apache.lucene.analysis.Analyzer,0.00,0,1,2,0,0,0,0,0,36,1
"org.apache.lucene.TestAssertions$TestAnalyzer4",2,0.00,1.00,5,0.05,469.90,2,0,4,2,2,141.10,0,6,0,2,141.10,0.00,0.50,0.00,0,2.00,1,135.13,0,2,2,org.apache.lucene.analysis.Analyzer,0.00,0,1,2,0,0,0,0,0,37,1
"org.apache.lucene.TestAssertions$TestTokenStream1",1,0.00,1.00,3,0.02,212.64,1,0,4,1,1,134.87,0,4,0,3,134.87,0.00,0.67,0.00,0,1.00,1,57.02,0,0,1,org.apache.lucene.analysis.TokenStream,0.33,0,2,1,0,0,1,0,0,18,1
"org.apache.lucene.TestAssertions$TestTokenStream2",1,0.00,1.00,3,0.02,186.16,1,0,4,1,1,135.33,0,4,0,3,135.33,0.00,0.67,0.00,0,1.00,1,56.19,0,0,1,org.apache.lucene.analysis.TokenStream,0.33,0,2,1,0,0,1,0,0,18,2
"org.apache.lucene.TestAssertions$TestTokenStream3",1,0.00,1.00,3,0.02,168.05,1,0,4,1,1,135.68,0,4,0,3,135.68,0.00,0.67,0.00,0,1.00,1,52.05,0,0,1,org.apache.lucene.analysis.TokenStream,0.33,0,2,1,0,0,1,0,0,17,1
"org.apache.lucene.TestDemo",1,0.00,3.00,26,0.43,16751.30,1,0,13,19,11,64.56,14,27,0,2,84.70,0.00,0.50,0.00,0,1.00,3,1286.51,0,0,11,org.apache.lucene.util.LuceneTestCase,0.00,18,1,3,0,18,1,0,9,212,1
"org.apache.lucene.TestMergeSchedulerExternal",0,0.00,0.00,5,0.04,461.50,3,3,11,0,9,171.00,4,5,0,2,171.00,0.00,0.50,0.00,0,0.00,0,105.49,0,0,9,org.apache.lucene.util.LuceneTestCase,0.00,0,1,0,0,0,0,0,1,27,1
"org.apache.lucene.TestMergeSchedulerExternal$MyMergeScheduler",4,0.00,1.25,34,0.46,10212.43,4,0,11,28,8,110.43,0,43,0,3,110.43,0.00,0.67,0.00,0,2.00,2,1391.60,2,1,8,org.apache.lucene.index.ConcurrentMergeScheduler,0.00,24,2,5,0,24,3,0,0,265,1
"org.apache.lucene.TestMergeSchedulerExternal$MyMergeScheduler$FailOnlyOnMerge",1,0.00,3.00,8,0.11,3080.70,1,0,11,6,1,109.59,0,10,0,2,109.59,0.00,0.50,0.00,0,1.00,3,316.06,0,0,1,MockDirectoryWrapper.Failure,0.00,5,1,3,0,5,1,0,0,66,2
"org.apache.lucene.TestMergeSchedulerExternal$MyMergeScheduler$MyMergeThread",1,0.00,1.00,4,0.04,420.51,1,0,11,1,1,127.88,0,7,0,2,127.88,0.00,0.50,0.00,0,0.00,1,109.84,0,0,1,ConcurrentMergeScheduler.MergeThread,0.00,0,1,1,0,0,1,0,0,29,1
"org.apache.lucene.TestMergeSchedulerExternal$MyMergeScheduler$ReportingMergeScheduler",2,0.00,2.00,8,0.11,2797.49,2,0,16,6,3,123.61,0,14,0,2,123.61,0.00,0.50,0.00,0,2.00,3,333.10,0,0,3,org.apache.lucene.index.MergeScheduler,0.50,4,1,4,0,4,2,0,0,75,2
"org.apache.lucene.TestSearch",4,0.00,1.75,59,0.89,32012.25,4,0,13,40,12,97.62,17,75,1,2,97.38,0.00,0.50,0.00,1,4.00,4,2682.99,0,0,11,org.apache.lucene.util.LuceneTestCase,0.00,36,1,7,0,36,4,0,9,459,1
"org.apache.lucene.TestSearchForDuplicates",5,0.05,2.20,78,1.20,53385.20,10,5,13,38,12,135.11,12,81,1,2,95.22,0.00,0.50,0.24,3,2.00,3,3597.67,0,0,11,org.apache.lucene.util.LuceneTestCase,0.00,33,1,11,0,33,5,0,5,636,1
"org.apache.lucene.demo.IndexFiles",3,0.00,5.67,73,1.19,75562.15,3,0,19,40,12,110.74,58,90,1,1,84.46,0.00,0.00,0.00,1,3.00,9,3556.92,0,0,11,java.lang.Object,0.00,37,0,17,0,37,3,0,44,560,1
"org.apache.lucene.demo.SearchFiles",3,0.00,13.33,136,2.34,293859.29,3,0,17,32,12,51.56,16,160,1,1,69.43,0.00,0.00,0.00,1,3.00,20,7011.64,0,0,11,java.lang.Object,0.00,29,0,40,0,29,3,0,7,1053,1
"org.apache.lucene.demo.TestDemo",2,0.00,1.00,22,0.31,7757.17,2,0,5,14,3,103.89,1,27,0,2,103.89,0.00,0.50,0.00,1,2.00,1,931.31,0,0,3,org.apache.lucene.util.LuceneTestCase,0.00,12,1,2,0,12,2,0,1,178,1
"org.apache.solr.uima.ts.EntityAnnotation",10,0.50,1.40,30,0.39,6100.72,12,2,4,16,3,151.81,33,37,3,2,131.19,0.00,0.50,0.05,1,18.00,2,1170.23,0,2,1,org.apache.uima.jcas.tcas.Annotation,0.00,6,1,14,0,6,8,0,17,277,1
"org.apache.solr.uima.ts.EntityAnnotation_Type",6,0.37,2.00,30,0.44,8531.50,12,6,10,15,2,140.55,18,38,2,2,119.94,0.00,0.50,0.47,0,0.00,3,1314.67,0,3,1,org.apache.uima.jcas.tcas.Annotation_Type,0.00,9,1,12,0,9,3,0,14,277,1
"org.apache.solr.uima.ts.EntityAnnotation_Type$FSGenerator",1,0.00,3.00,10,0.12,4415.53,1,0,10,4,2,154.74,1,12,0,1,104.74,0.00,0.00,0.00,0,1.00,3,351.13,0,1,2,java.lang.Object,0.00,3,0,3,0,3,0,0,1,77,0
"org.apache.solr.uima.ts.SentimentAnnotation",8,0.50,1.25,24,0.25,3786.88,10,2,4,14,3,152.70,27,29,3,2,132.08,0.00,0.50,0.06,1,14.00,2,764.10,0,1,1,org.apache.uima.jcas.tcas.Annotation,0.00,6,1,10,0,6,7,0,13,189,1
"org.apache.solr.uima.ts.SentimentAnnotation_Type",4,0.42,1.75,20,0.28,4841.33,8,4,10,13,2,141.14,14,25,2,2,120.52,0.00,0.50,0.56,0,0.00,2,827.16,0,2,1,org.apache.uima.jcas.tcas.Annotation_Type,0.00,9,1,7,0,9,2,0,10,177,1
"org.apache.solr.uima.ts.SentimentAnnotation_Type$FSGenerator",1,0.00,3.00,10,0.12,4415.53,1,0,10,4,2,154.74,1,12,0,1,104.74,0.00,0.00,0.00,0,1.00,3,351.13,0,1,2,java.lang.Object,0.00,3,0,3,0,3,0,0,1,77,0
"org.apache.lucene.queryParser.precedence.processors.BooleanModifiersQueryNodeProcessor",6,2.00,2.17,37,0.50,26328.81,8,2,13,18,10,153.00,17,56,1,2,113.11,0.00,0.50,0.00,1,6.00,5,1492.71,1,5,9,org.apache.lucene.queryParser.core.processors.QueryNodeProcessorImpl,0.00,12,1,13,0,12,1,0,3,312,1
"org.apache.lucene.queryParser.precedence.processors.PrecedenceQueryNodeProcessorPipeline",1,0.00,3.00,10,0.09,2155.87,1,0,4,4,5,116.32,17,11,1,3,107.19,0.00,0.67,0.00,0,1.00,3,260.68,3,0,5,org.apache.lucene.queryParser.standard.processors.StandardQueryNodeProcessorPipeline,0.00,3,2,3,0,3,1,0,2,57,1
"org.apache.lucene.queryParser.surround.query.AndQuery",2,0.00,1.00,5,0.07,830.62,2,0,3,3,6,139.15,1,10,1,3,139.15,0.00,0.67,0.00,0,2.00,1,206.43,1,1,5,org.apache.lucene.queryParser.surround.query.ComposedQuery,0.00,1,2,2,0,1,1,0,1,52,1
"org.apache.lucene.queryParser.surround.query.BasicQueryFactory",7,0.25,1.14,21,0.14,1905.08,9,2,3,10,16,134.00,0,26,12,1,134.00,0.00,0.00,0.29,2,14.00,2,406.59,0,2,4,java.lang.Object,0.00,3,0,8,0,3,5,0,0,115,1
"org.apache.lucene.queryParser.surround.query.BooleanQueryTst",3,0.14,1.33,30,0.31,6817.83,10,7,9,12,11,107.20,2,41,2,1,107.20,0.00,0.00,0.24,0,4.00,2,943.60,0,0,9,java.lang.Object,0.00,9,0,4,0,9,3,0,2,196,1
"org.apache.lucene.queryParser.surround.query.BooleanQueryTst$TestCollector",6,0.05,1.50,32,0.35,14481.70,10,4,9,9,2,118.20,2,43,0,2,118.20,0.00,0.50,0.29,0,6.00,4,1040.97,0,0,2,org.apache.lucene.index.Collector,0.00,3,1,9,0,3,6,0,2,221,0
"org.apache.lucene.queryParser.surround.query.ComposedQuery",15,0.24,1.60,68,0.64,14348.30,18,3,4,29,7,124.96,6,78,4,2,124.96,4.00,0.17,0.11,9,68.00,3,1917.40,1,8,3,org.apache.lucene.queryParser.surround.query.SrndQuery,0.15,14,1,24,4,14,7,0,6,454,2
"org.apache.lucene.queryParser.surround.query.DistanceQuery",7,0.42,2.14,45,0.56,20551.03,9,2,7,22,10,114.49,4,68,1,3,114.49,0.00,0.67,0.14,1,17.00,5,1686.04,1,3,9,org.apache.lucene.queryParser.surround.query.ComposedQuery,0.00,15,2,15,0,15,4,1,4,338,1
"org.apache.lucene.queryParser.surround.query.DistanceQuery$Query",2,0.00,1.00,5,0.07,1010.16,2,0,7,5,1,138.48,0,9,0,1,138.48,0.00,0.00,0.00,0,2.00,1,204.20,0,2,1,java.lang.Object,0.00,3,0,2,0,3,0,0,0,52,0
"org.apache.lucene.queryParser.surround.query.DistanceSubQuery",2,0.00,1.00,3,0.01,59.00,2,0,1,2,4,199.31,5,4,3,1,159.43,0.00,0.00,0.00,0,2.00,1,42.00,0,1,1,,0.00,0,0,2,0,0,1,0,1,17,1
"org.apache.lucene.queryParser.surround.query.ExceptionQueryTst",3,0.25,2.67,29,0.31,9145.35,5,2,2,12,6,107.74,0,38,3,1,107.74,0.00,0.00,0.33,0,4.00,5,942.73,0,1,3,java.lang.Object,0.00,9,0,8,0,9,2,0,0,196,1
"org.apache.lucene.queryParser.surround.query.FieldsQuery",9,0.03,1.33,47,0.56,14389.54,13,4,4,29,6,119.63,7,61,2,2,119.63,0.00,0.50,0.22,4,24.00,3,1694.63,0,4,4,org.apache.lucene.queryParser.surround.query.SrndQuery,0.19,20,1,12,0,20,5,0,7,361,1
"org.apache.lucene.queryParser.surround.query.NotQuery",2,0.00,1.00,9,0.14,3231.20,2,0,4,8,7,173.28,3,13,1,3,123.28,0.00,0.67,0.00,0,2.00,1,429.03,1,1,6,org.apache.lucene.queryParser.surround.query.ComposedQuery,0.00,6,2,2,0,6,1,0,3,91,1
"org.apache.lucene.queryParser.surround.query.OrQuery",4,0.00,2.00,20,0.23,5493.08,4,0,5,9,10,120.06,1,31,2,3,120.06,0.00,0.67,0.00,0,4.00,4,677.93,2,2,8,org.apache.lucene.queryParser.surround.query.ComposedQuery,0.00,5,2,8,0,5,2,1,1,155,1
"org.apache.lucene.queryParser.surround.query.SimpleTerm",12,0.91,1.17,32,0.26,4888.99,13,1,7,21,12,139.18,2,45,4,2,139.18,3.00,0.20,0.17,5,28.00,3,781.75,1,6,8,org.apache.lucene.queryParser.surround.query.SrndQuery,0.08,9,1,14,3,9,6,2,2,207,2
"org.apache.lucene.queryParser.surround.query.SimpleTerm$MatchingTermVisitor",1,0.00,1.00,2,0.01,51.00,1,0,7,1,1,146.32,0,3,0,1,146.32,0.00,0.00,0.00,0,1.00,1,34.00,0,0,1,,0.00,0,0,1,0,0,1,0,0,13,1
"org.apache.lucene.queryParser.surround.query.SimpleTerm$MatchingTermVisitor_1",1,0.00,1.00,3,0.02,230.45,1,0,7,2,1,134.60,0,4,0,1,134.60,0.00,0.00,0.00,0,1.00,1,72.73,0,0,1,java.lang.Object,0.00,1,0,1,0,1,1,0,0,21,0
"org.apache.lucene.queryParser.surround.query.SimpleTerm$Query",2,0.00,2.00,7,0.16,4863.25,2,0,7,10,3,176.38,2,15,0,1,126.38,0.00,0.00,0.00,0,2.00,3,480.47,0,2,3,java.lang.Object,0.00,8,0,4,0,8,0,0,2,100,0
"org.apache.lucene.queryParser.surround.query.SimpleTerm$Query$MatchingTermVisitor_0",1,0.00,1.00,3,0.03,259.44,1,0,7,3,1,134.19,0,4,0,1,134.19,0.00,0.00,0.00,0,1.00,1,82.23,0,0,1,java.lang.Object,0.00,2,0,1,0,2,1,0,0,23,0
"org.apache.lucene.queryParser.surround.query.SingleFieldTestDb",4,0.22,1.50,25,0.27,7895.88,7,3,10,15,12,115.93,0,26,3,1,115.93,0.00,0.00,0.50,0,0.00,3,812.26,0,3,9,java.lang.Object,0.00,11,0,6,0,11,1,0,0,162,1
"org.apache.lucene.queryParser.surround.query.SpanNearClauseFactory",11,0.08,1.45,42,0.51,13890.82,15,4,11,30,14,128.69,2,53,4,1,128.69,0.00,0.00,0.18,3,55.00,3,1538.51,0,4,10,java.lang.Object,0.00,19,0,16,0,19,7,0,2,346,1
"org.apache.lucene.queryParser.surround.query.SrndBooleanQuery",2,0.00,2.00,13,0.17,5395.85,2,0,4,8,7,114.80,0,20,4,1,114.80,0.00,0.00,0.00,1,2.00,2,511.02,0,1,3,java.lang.Object,0.00,6,0,4,0,6,1,0,0,107,0
"org.apache.lucene.queryParser.surround.query.SrndPrefixQuery",7,0.42,1.14,28,0.28,7671.62,9,2,4,18,5,124.57,1,40,1,3,124.57,0.00,0.67,0.14,3,17.00,2,850.77,0,3,4,org.apache.lucene.queryParser.surround.query.SimpleTerm,0.19,11,2,8,0,11,4,0,1,193,1
"org.apache.lucene.queryParser.surround.query.SrndQuery",12,0.36,1.25,34,0.27,4123.24,14,2,3,18,14,139.75,4,41,10,1,139.75,0.00,0.00,0.17,5,34.00,2,795.39,1,6,4,java.lang.Object,0.00,6,0,15,10,6,6,1,4,208,2
"org.apache.lucene.queryParser.surround.query.SrndQuery$BooleanQuery",3,0.00,1.00,7,0.07,810.47,3,0,3,4,2,140.62,1,13,0,1,140.62,0.00,0.00,0.00,0,3.00,1,196.67,0,0,2,java.lang.Object,0.00,1,0,3,0,1,3,0,1,53,0
"org.apache.lucene.queryParser.surround.query.SrndTermQuery",5,1.00,1.20,18,0.21,4718.39,6,1,4,13,5,129.73,2,31,1,3,129.73,0.00,0.67,0.20,2,8.00,2,619.79,0,3,4,org.apache.lucene.queryParser.surround.query.SimpleTerm,0.10,8,2,6,0,8,2,0,2,141,1
"org.apache.lucene.queryParser.surround.query.SrndTruncQuery",7,0.10,2.00,48,0.59,20498.70,12,5,6,27,5,114.51,1,70,1,3,114.51,0.00,0.67,0.29,3,20.00,4,1755.08,0,2,4,org.apache.lucene.queryParser.surround.query.SimpleTerm,0.10,20,2,14,0,20,5,0,1,364,1
"org.apache.lucene.queryParser.surround.query.Test01Exceptions",2,0.00,1.50,10,0.16,2333.90,5,3,3,7,2,170.68,2,39,1,2,120.68,0.00,0.50,0.33,0,2.00,2,492.60,0,0,1,org.apache.lucene.util.LuceneTestCase,0.00,5,1,3,0,5,2,0,2,102,1
"org.apache.lucene.queryParser.surround.query.Test02Boolean",25,0.18,1.00,81,0.76,9785.11,30,5,3,32,4,132.79,0,91,1,2,132.79,0.00,0.50,0.03,1,48.00,1,2272.19,0,0,3,org.apache.lucene.util.LuceneTestCase,0.00,7,1,25,0,7,25,0,0,555,1
"org.apache.lucene.queryParser.surround.query.Test03Distance",47,0.08,1.02,150,1.44,19721.91,57,10,3,57,5,132.54,2,188,1,2,132.54,0.00,0.50,0.02,4,268.00,2,4325.31,0,0,4,org.apache.lucene.util.LuceneTestCase,0.00,10,1,48,0,10,47,0,2,1041,1
"org.apache.lucene.queryParser.surround.query.TooManyBasicQueries",1,0.00,1.00,3,0.02,172.28,1,0,1,1,1,185.59,1,5,1,2,135.59,0.00,0.50,0.00,0,1.00,1,63.94,0,0,0,java.io.IOException,0.00,0,1,1,0,0,1,0,1,20,1
"org.apache.lucene.queryParser.core.QueryNodeError",4,2.00,1.00,13,0.10,1316.79,6,2,2,5,11,101.16,25,18,9,2,133.38,0.00,0.50,0.00,0,4.00,1,306.83,0,1,2,java.lang.Error,0.00,1,1,4,0,1,3,1,5,83,1
"org.apache.lucene.queryParser.core.QueryNodeException",8,2.00,1.00,21,0.20,2953.68,10,2,7,11,69,189.55,14,33,63,2,139.55,2.00,0.25,0.00,1,8.00,1,594.69,0,5,6,java.lang.Exception,0.00,3,1,8,2,3,3,1,1,156,1
"org.apache.lucene.queryParser.core.QueryNodeParseException",12,5.00,1.00,31,0.24,3066.66,17,5,5,13,11,180.70,34,45,6,3,140.81,0.50,0.50,0.00,0,12.00,1,719.38,0,2,6,org.apache.lucene.queryParser.core.QueryNodeException,0.00,1,2,12,1,1,10,0,6,194,1
"org.apache.lucene.queryParser.core.QueryParserHelper",10,0.22,1.50,42,0.36,6664.74,14,4,5,15,7,106.07,146,60,1,1,126.21,0.00,0.00,0.05,5,26.00,2,1070.24,0,5,6,java.lang.Object,0.00,5,0,15,3,5,5,0,11,261,1
"org.apache.lucene.document.AbstractField",23,0.02,1.91,106,1.10,41999.95,39,16,5,36,9,122.94,105,138,3,1,122.71,0.00,0.00,0.08,2,295.00,18,3312.85,0,2,6,java.lang.Object,0.00,13,0,44,3,13,21,1,24,702,2
"org.apache.lucene.document.CompressionTools",8,0.00,1.25,41,0.56,21078.24,8,0,5,27,3,138.55,26,55,2,1,117.94,0.00,0.00,0.00,3,8.00,2,1685.77,0,1,1,java.lang.Object,0.00,19,0,10,0,19,7,0,13,356,1
"org.apache.lucene.document.DateTools",7,0.00,3.14,76,1.15,90188.35,7,0,8,34,23,63.51,84,94,21,1,101.07,0.00,0.00,0.00,3,7.00,8,3453.81,0,4,2,java.lang.Object,0.00,27,0,22,0,27,3,0,11,663,1
"org.apache.lucene.document.DateTools$DateFormats",0,0.00,0.00,17,0.29,12543.03,9,9,8,4,0,171.00,2,20,0,1,171.00,0.00,0.00,0.00,0,0.00,0,858.21,0,0,0,java.lang.Object,0.00,4,0,0,0,4,0,0,2,166,3
"org.apache.lucene.document.DateTools$Resolution",1,0.00,1.00,4,0.04,462.93,1,0,8,2,0,167.44,2,8,0,1,127.55,0.00,0.00,0.00,0,1.00,1,124.25,1,1,0,java.lang.Object,0.00,1,0,1,0,1,0,0,1,33,2
"org.apache.lucene.document.DateTools$ThreadLocal<DateFormats>",1,0.00,1.00,3,0.02,301.04,1,0,8,2,0,133.68,0,5,0,1,133.68,0.00,0.00,0.00,0,1.00,1,62.84,0,1,0,java.lang.Object,0.00,1,0,1,0,1,0,0,0,20,0
"org.apache.lucene.document.Deprecated",2,1.33,5.00,37,0.49,20127.87,8,6,3,14,3,141.56,49,50,0,1,92.28,0.00,0.00,0.83,0,0.00,6,1473.36,0,1,3,java.lang.Object,0.00,12,0,10,0,12,1,0,12,280,1
"org.apache.lucene.document.Document",16,0.07,2.50,88,1.21,45165.58,22,6,4,45,339,69.44,142,121,336,1,117.54,0.00,0.00,0.10,1,116.00,4,3620.94,0,7,4,java.lang.Object,0.00,29,0,40,0,29,9,1,18,760,2
"org.apache.lucene.document.Field",19,0.00,2.16,108,1.29,34527.95,19,0,5,27,224,70.98,163,144,220,2,119.08,0.00,0.50,0.00,0,71.00,8,3864.02,1,3,5,org.apache.lucene.document.AbstractField,0.00,8,1,41,0,8,16,2,27,810,2
"org.apache.lucene.document.Field$Index",19,0.00,1.21,51,0.32,4862.39,19,0,5,19,1,190.76,34,63,0,1,140.76,0.00,0.00,0.00,1,19.00,5,963.74,0,2,1,java.lang.Object,0.00,0,0,23,0,0,17,2,10,271,2
"org.apache.lucene.document.Field$Store",2,0.00,1.00,8,0.04,474.82,2,0,5,2,1,150.45,6,11,0,1,129.84,0.00,0.00,0.00,0,2.00,1,130.44,0,0,1,java.lang.Object,0.00,0,0,2,0,0,2,2,2,38,2
"org.apache.lucene.document.Field$TermVector",18,0.00,1.22,49,0.31,5073.47,18,0,5,18,1,190.43,23,60,0,1,140.43,0.00,0.00,0.00,0,18.00,5,937.41,0,1,1,java.lang.Object,0.00,0,0,22,0,0,17,2,7,261,2
"org.apache.lucene.document.FieldSelector",1,0.00,1.00,2,0.01,51.70,1,0,1,1,26,195.76,26,3,25,2,146.28,0.00,0.50,0.00,0,1.00,1,33.60,0,1,1,,0.00,0,1,1,0,0,0,0,3,13,1
"org.apache.lucene.document.FieldSelectorResult",0,0.00,0.00,2,0.01,57.08,0,0,0,0,17,171.00,25,8,17,1,171.00,0.00,0.00,0.00,0,0.00,0,38.05,0,0,0,java.lang.Object,0.00,0,0,0,0,0,0,1,3,11,1
"org.apache.lucene.document.Fieldable",22,0.00,1.00,23,0.09,364.19,22,0,6,22,104,129.18,141,24,100,2,161.40,0.00,0.50,0.00,0,22.00,1,259.45,0,4,4,,0.00,0,1,22,0,0,18,0,23,113,1
"org.apache.lucene.document.LoadFirstFieldSelector",1,0.00,1.00,3,0.02,180.47,1,0,0,1,3,168.82,20,5,1,1,135.43,0.00,0.00,0.00,0,1.00,1,57.02,0,1,2,java.lang.Object,0.00,0,0,1,0,0,0,1,2,18,1
"org.apache.lucene.document.MapFieldSelector",4,0.67,1.50,14,0.16,3801.32,5,1,4,8,6,129.89,17,18,4,1,129.66,0.00,0.00,0.50,0,4.00,2,489.35,0,1,2,java.lang.Object,0.00,4,0,6,0,4,3,1,5,116,1
"org.apache.lucene.document.NumericField",15,0.05,1.87,65,0.69,17113.74,18,3,8,29,27,86.76,183,86,24,2,124.32,0.00,0.50,0.29,0,24.00,8,2068.60,1,9,8,org.apache.lucene.document.AbstractField,0.05,14,1,28,0,14,6,0,21,460,2
"org.apache.lucene.document.NumericField$DataType",0,0.00,0.00,2,0.01,57.06,0,0,8,0,0,171.00,0,1,0,1,171.00,0.00,0.00,0.00,0,0.00,0,28.53,0,0,0,java.lang.Object,0.00,0,0,0,0,0,0,0,0,9,2
"org.apache.lucene.document.SetBasedFieldSelector",2,0.00,2.00,13,0.13,3160.96,4,2,1,3,7,116.15,33,18,5,1,116.62,0.00,0.00,0.50,0,2.00,3,397.98,0,0,2,java.lang.Object,0.00,1,0,4,0,1,2,1,4,97,1
"org.apache.lucene.document.TestBinaryDocument",2,0.00,1.50,48,0.75,22714.28,4,2,4,30,7,67.35,29,56,0,2,87.49,0.00,0.50,0.50,0,2.00,2,2250.39,0,0,7,org.apache.lucene.util.LuceneTestCase,0.00,28,1,3,0,28,2,0,12,393,1
"org.apache.lucene.document.TestDateTools",6,0.00,1.50,116,2.08,76778.12,6,0,8,28,1,58.64,41,137,0,2,90.86,0.00,0.50,0.00,0,6.00,4,6247.12,0,1,1,org.apache.lucene.util.LuceneTestCase,0.00,22,1,9,0,22,5,0,26,1095,1
"org.apache.lucene.document.TestDocument",9,0.44,2.11,149,2.42,105711.80,11,2,10,47,11,61.64,58,182,0,2,93.86,0.00,0.50,0.11,2,16.00,5,7259.15,0,1,11,org.apache.lucene.util.LuceneTestCase,0.00,38,1,19,0,38,8,0,26,1370,1
"org.apache.lucene.document.TestNumberTools",4,0.00,2.50,42,0.43,17009.42,4,0,1,10,0,144.80,8,44,0,2,104.91,0.00,0.50,0.00,1,4.00,3,1276.56,0,0,0,org.apache.lucene.util.LuceneTestCase,0.00,6,1,10,0,6,4,0,8,278,1
"org.apache.lucene.search.grouping.AllGroupsCollector",8,0.09,1.50,33,0.36,7822.84,13,5,8,17,7,107.03,47,44,2,2,124.90,0.00,0.50,0.28,0,12.00,3,1071.40,0,1,5,org.apache.lucene.index.Collector,0.00,9,1,12,0,9,7,0,6,239,1
"org.apache.lucene.search.grouping.AllGroupsCollectorTest",1,0.00,1.00,53,1.35,92365.47,1,0,9,23,9,19.47,8,59,0,2,67.58,0.00,0.50,0.00,0,1.00,1,4058.01,0,0,9,org.apache.lucene.util.LuceneTestCase,0.00,22,1,1,0,22,1,0,8,655,1
"org.apache.lucene.search.grouping.CollectedSearchGroup",0,0.00,0.00,3,0.01,106.51,2,2,13,0,10,171.00,0,4,2,2,171.00,0.00,0.50,0.00,0,0.00,0,44.38,0,0,8,org.apache.lucene.search.grouping.SearchGroup,0.00,0,1,0,0,0,0,0,0,14,0
"org.apache.lucene.search.grouping.FirstPassGroupingCollector",8,0.21,5.12,163,2.04,237172.89,19,11,13,38,10,36.88,77,179,1,2,86.88,0.00,0.50,0.27,1,4.00,21,6115.42,0,2,9,org.apache.lucene.index.Collector,0.00,30,1,41,0,30,6,0,53,1059,1
"org.apache.lucene.search.grouping.FirstPassGroupingCollector$Comparator<CollectedSearchGroup>",1,0.00,4.00,12,0.12,6687.63,1,0,13,2,2,100.30,0,12,0,1,100.30,0.00,0.00,0.00,0,0.00,4,374.65,0,0,2,java.lang.Object,0.00,1,0,4,0,1,1,0,0,78,0
"org.apache.lucene.search.grouping.GroupDocs",1,5.00,1.00,12,0.11,1923.26,6,5,1,1,4,67.32,12,18,3,1,104.88,0.00,0.00,0.00,0,1.00,1,342.55,0,0,1,java.lang.Object,0.00,0,0,1,0,0,1,0,6,82,1
"org.apache.lucene.search.grouping.SearchGroup",0,0.00,0.00,3,0.02,124.57,2,2,0,0,4,171.00,17,4,4,1,171.00,0.00,0.00,0.00,0,0.00,0,49.83,0,0,0,java.lang.Object,0.00,0,0,0,1,0,0,0,2,15,1
"org.apache.lucene.search.grouping.SearchGroupDocs",1,2.00,1.00,6,0.04,518.92,3,2,12,1,10,120.59,0,8,1,1,120.59,0.00,0.00,0.00,0,1.00,1,121.53,0,0,9,java.lang.Object,0.00,0,0,1,0,0,1,0,0,35,0
"org.apache.lucene.search.grouping.SecondPassGroupingCollector",6,0.24,2.83,63,0.95,38776.51,17,11,12,29,15,124.07,19,88,1,2,103.45,0.00,0.50,0.29,0,2.00,5,2841.49,0,1,14,org.apache.lucene.index.Collector,0.00,23,1,17,0,23,5,0,9,529,1
"org.apache.lucene.search.grouping.SentinelIntSet",9,0.22,2.44,72,0.80,54222.35,13,4,1,12,3,107.34,5,80,2,1,107.34,0.00,0.00,0.44,5,0.00,6,2386.58,0,0,1,java.lang.Object,0.00,3,0,22,0,3,9,0,5,500,0
"org.apache.lucene.search.grouping.TestGrouping",7,0.00,9.71,356,7.25,867864.26,7,0,12,89,23,67.23,34,419,0,2,66.99,0.00,0.50,0.00,5,7.00,34,21757.95,0,4,23,org.apache.lucene.util.LuceneTestCase,0.00,82,1,68,0,82,3,0,34,3209,1
"org.apache.lucene.search.grouping.TestGrouping$Comparator<GroupDoc>",1,0.00,6.00,16,0.20,9426.14,1,0,12,8,0,144.37,1,19,0,1,94.37,0.00,0.00,0.00,0,1.00,6,592.69,0,0,0,java.lang.Object,0.00,7,0,6,0,7,1,0,1,117,0
"org.apache.lucene.search.grouping.TestGrouping$GroupDoc",1,5.00,1.00,12,0.10,1960.99,6,5,12,1,0,104.82,0,14,0,1,104.82,0.00,0.00,0.00,0,1.00,1,286.12,0,0,0,java.lang.Object,0.00,0,0,1,0,0,1,0,0,74,2
"org.apache.lucene.search.grouping.TopGroups",2,6.00,1.00,21,0.21,4341.86,8,6,1,2,5,69.86,25,24,3,1,107.42,0.00,0.00,0.00,0,2.00,1,616.90,0,0,2,java.lang.Object,0.00,0,0,2,0,0,2,0,8,150,1
"org.apache.lucene.analysis.pt.PortugueseAnalyzer",5,0.50,1.80,21,0.29,7141.30,7,2,17,16,15,75.46,42,31,1,4,123.56,0.00,0.75,0.10,0,8.00,3,866.52,0,2,14,org.apache.lucene.analysis.StopwordAnalyzerBase,0.00,11,3,9,0,11,3,0,8,192,2
"org.apache.lucene.analysis.pt.PortugueseAnalyzer$DefaultSetHolder",0,0.00,0.00,6,0.05,843.89,1,1,17,0,2,171.00,2,11,0,1,171.00,0.00,0.00,0.00,0,0.00,0,162.56,0,0,2,java.lang.Object,0.00,0,0,0,0,0,0,0,2,40,2
"org.apache.lucene.analysis.pt.PortugueseLightStemFilter",2,0.33,2.00,14,0.16,3794.18,5,3,6,9,8,113.74,9,20,2,4,113.50,0.00,0.75,0.50,0,2.00,3,481.98,0,0,6,org.apache.lucene.analysis.TokenFilter,0.29,7,3,4,0,7,2,0,1,107,2
"org.apache.lucene.analysis.pt.PortugueseLightStemmer",3,0.00,11.00,73,1.25,100714.89,3,0,1,4,1,123.21,7,122,1,1,83.32,0.00,0.00,0.00,0,3.00,14,3736.92,0,0,0,java.lang.Object,0.00,1,0,33,0,1,3,0,1,670,1
"org.apache.lucene.analysis.pt.PortugueseMinimalStemFilter",2,0.33,2.00,14,0.16,3794.18,5,3,6,9,8,113.74,9,20,2,4,113.50,0.00,0.75,0.50,0,2.00,3,481.98,0,0,6,org.apache.lucene.analysis.TokenFilter,0.29,7,3,4,0,7,2,0,1,107,2
"org.apache.lucene.analysis.pt.PortugueseMinimalStemmer",1,0.00,1.00,4,0.06,973.48,2,1,0,3,2,172.84,27,7,1,2,125.01,0.00,0.50,1.00,0,0.00,1,170.48,0,0,1,org.apache.lucene.analysis.pt.RSLPStemmerBase,0.00,2,1,1,0,2,1,0,2,42,1
"org.apache.lucene.analysis.pt.PortugueseStemFilter",2,0.33,2.00,15,0.18,4744.35,5,3,6,9,8,94.87,10,21,2,4,112.74,0.00,0.75,0.50,0,2.00,3,535.08,0,0,6,org.apache.lucene.analysis.TokenFilter,0.29,7,3,4,0,7,2,0,2,116,2
"org.apache.lucene.analysis.pt.PortugueseStemmer",1,0.00,13.00,46,0.71,38971.65,8,7,1,2,2,52.09,14,61,1,2,72.23,0.00,0.50,1.00,0,0.00,13,2131.11,1,0,1,org.apache.lucene.analysis.pt.RSLPStemmerBase,0.00,1,1,13,0,1,1,0,5,364,1
"org.apache.lucene.analysis.pt.RSLPStemmerBase",6,0.10,3.33,71,1.24,74603.25,10,4,14,35,4,51.16,64,98,2,1,99.63,0.00,0.00,0.17,3,14.00,7,3733.28,0,6,2,java.lang.Object,0.00,29,0,20,3,29,0,0,7,691,2
"org.apache.lucene.analysis.pt.RSLPStemmerBase$Rule",3,0.17,1.33,14,0.18,4446.23,6,3,14,5,0,123.74,12,19,0,1,123.51,0.00,0.00,0.44,0,1.00,2,535.01,0,0,0,java.lang.Object,0.00,2,0,4,0,2,3,0,3,130,2
"org.apache.lucene.analysis.pt.RSLPStemmerBase$RuleWithSetExceptions",2,1.00,2.00,12,0.20,6148.13,3,1,14,7,2,114.35,0,17,0,2,114.35,0.00,0.50,0.50,0,2.00,3,599.57,1,0,2,org.apache.lucene.analysis.pt.Rule,0.00,5,1,4,0,5,2,0,0,123,2
"org.apache.lucene.analysis.pt.RSLPStemmerBase$RuleWithSuffixExceptions",2,1.00,4.00,19,0.28,12563.05,3,1,14,4,0,105.18,1,23,0,2,105.18,0.00,0.50,0.50,0,2.00,4,849.28,1,0,0,org.apache.lucene.analysis.pt.Rule,0.00,2,1,8,0,2,2,0,1,173,2
"org.apache.lucene.analysis.pt.RSLPStemmerBase$Step",2,0.25,6.50,37,0.44,27817.76,6,4,14,5,0,73.24,10,41,0,1,91.12,0.00,0.00,0.38,0,2.00,8,1328.87,0,0,0,java.lang.Object,0.00,3,0,13,0,3,2,0,2,265,2
"org.apache.lucene.analysis.pt.TestPortugueseAnalyzer",4,0.00,1.00,16,0.17,3088.17,4,0,5,9,3,175.80,7,22,0,3,125.80,0.00,0.67,0.00,0,4.00,1,522.25,2,0,3,org.apache.lucene.analysis.BaseTokenStreamTestCase,0.00,5,2,4,0,5,4,0,6,121,1
"org.apache.lucene.analysis.pt.TestPortugueseLightStemFilter",4,0.00,1.00,24,0.29,4912.01,4,0,10,7,7,138.26,12,40,0,3,117.65,0.00,0.67,0.00,0,4.00,1,876.21,2,0,7,org.apache.lucene.analysis.BaseTokenStreamTestCase,0.00,3,2,4,0,3,4,0,5,188,1
"org.apache.lucene.analysis.pt.TestPortugueseLightStemFilter$ReusableAnalyzerBase",1,0.00,1.00,5,0.06,1073.53,1,0,10,5,5,121.06,0,8,0,1,121.06,0.00,0.00,0.00,0,1.00,1,188.94,0,1,5,java.lang.Object,0.00,4,0,1,0,4,0,0,0,44,0
"org.apache.lucene.analysis.pt.TestPortugueseMinimalStemFilter",3,0.00,1.00,9,0.15,1795.40,3,0,10,6,7,151.95,9,24,0,3,131.33,0.00,0.67,0.00,0,3.00,1,453.62,1,0,7,org.apache.lucene.analysis.BaseTokenStreamTestCase,0.00,3,2,3,0,3,3,0,4,97,1
"org.apache.lucene.analysis.pt.TestPortugueseMinimalStemFilter$ReusableAnalyzerBase",1,0.00,1.00,5,0.06,1073.53,1,0,10,5,5,121.06,0,8,0,1,121.06,0.00,0.00,0.00,0,1.00,1,188.94,0,1,5,java.lang.Object,0.00,4,0,1,0,4,0,0,0,44,0
"org.apache.lucene.analysis.pt.TestPortugueseStemFilter",3,0.00,1.00,9,0.15,1795.40,3,0,10,6,7,151.95,9,24,0,3,131.33,0.00,0.67,0.00,0,3.00,1,453.62,1,0,7,org.apache.lucene.analysis.BaseTokenStreamTestCase,0.00,3,2,3,0,3,3,0,4,97,1
"org.apache.lucene.analysis.pt.TestPortugueseStemFilter$ReusableAnalyzerBase",1,0.00,1.00,5,0.06,1073.53,1,0,10,5,5,121.06,0,8,0,1,121.06,0.00,0.00,0.00,0,1.00,1,188.94,0,1,5,java.lang.Object,0.00,4,0,1,0,4,0,0,0,44,0
"org.apache.lucene.analysis.de.GermanAnalyzer",11,0.20,1.82,40,0.67,15208.15,14,3,22,27,17,78.33,99,77,1,4,128.33,0.00,0.75,0.15,0,16.00,3,2022.00,1,2,16,org.apache.lucene.analysis.StopwordAnalyzerBase,0.00,16,3,20,0,16,9,0,20,419,2
"org.apache.lucene.analysis.de.GermanAnalyzer$DefaultSetHolder",0,0.00,0.00,7,0.11,2461.47,2,2,22,3,4,171.00,3,14,0,1,171.00,0.00,0.00,0.00,0,0.00,0,326.34,0,0,4,java.lang.Object,0.00,3,0,0,0,3,0,0,3,71,2
"org.apache.lucene.analysis.de.GermanLightStemFilter",2,0.33,2.00,14,0.16,3794.18,5,3,6,9,8,113.74,9,20,2,4,113.50,0.00,0.75,0.50,0,2.00,3,481.98,0,0,6,org.apache.lucene.analysis.TokenFilter,0.29,7,3,4,0,7,2,0,1,107,2
"org.apache.lucene.analysis.de.GermanLightStemmer",4,0.00,4.50,32,0.69,36340.93,4,0,0,4,1,85.65,56,65,1,1,105.80,0.00,0.00,0.00,1,4.00,7,2080.72,0,0,0,java.lang.Object,0.00,0,0,18,0,0,4,0,4,419,1
"org.apache.lucene.analysis.de.GermanMinimalStemFilter",2,0.33,2.00,14,0.16,3794.18,5,3,6,9,8,113.74,9,20,2,4,113.50,0.00,0.75,0.50,0,2.00,3,481.98,0,0,6,org.apache.lucene.analysis.TokenFilter,0.29,7,3,4,0,7,2,0,1,107,2
"org.apache.lucene.analysis.de.GermanMinimalStemmer",1,0.00,19.00,22,0.41,48542.86,1,0,0,1,1,46.47,56,28,1,1,83.35,0.00,0.00,0.00,0,1.00,19,1221.27,0,0,0,java.lang.Object,0.00,0,0,19,0,0,1,0,4,229,1
"org.apache.lucene.analysis.de.GermanStemFilter",5,0.06,2.20,25,0.32,9790.48,9,4,7,14,10,76.53,37,42,4,4,118.82,0.00,0.75,0.20,0,8.00,4,956.00,0,0,6,org.apache.lucene.analysis.TokenFilter,0.24,9,3,11,0,9,5,0,9,206,2
"org.apache.lucene.analysis.de.GermanStemmer",7,0.33,6.29,125,2.11,186671.07,9,2,0,20,1,52.26,84,172,1,1,89.83,0.00,0.00,0.21,5,18.00,14,6323.92,0,1,0,java.lang.Object,0.00,13,0,44,0,13,6,0,24,1180,1
"org.apache.lucene.analysis.de.TestGermanAnalyzer",7,0.00,1.00,40,0.50,10702.59,7,0,8,17,8,169.85,10,53,0,3,119.85,0.00,0.67,0.00,0,7.00,1,1500.56,2,0,8,org.apache.lucene.analysis.BaseTokenStreamTestCase,0.00,10,2,7,0,10,7,0,5,328,1
"org.apache.lucene.analysis.de.TestGermanLightStemFilter",2,0.00,1.00,7,0.06,584.23,2,0,8,5,5,173.67,5,11,0,3,133.79,0.00,0.67,0.00,0,2.00,1,173.53,0,0,5,org.apache.lucene.analysis.BaseTokenStreamTestCase,0.00,3,2,2,0,3,2,0,3,46,1
"org.apache.lucene.analysis.de.TestGermanLightStemFilter$ReusableAnalyzerBase",1,0.00,1.00,4,0.05,1009.20,1,0,8,4,3,124.89,0,7,0,1,124.89,0.00,0.00,0.00,0,1.00,1,159.62,0,1,3,java.lang.Object,0.00,3,0,1,0,3,0,0,0,38,0
"org.apache.lucene.analysis.de.TestGermanMinimalStemFilter",3,0.00,1.00,16,0.14,1661.41,3,0,8,6,5,163.21,6,21,0,3,123.32,0.00,0.67,0.00,0,3.00,1,432.06,1,0,5,org.apache.lucene.analysis.BaseTokenStreamTestCase,0.00,3,2,3,0,3,3,0,4,101,1
"org.apache.lucene.analysis.de.TestGermanMinimalStemFilter$ReusableAnalyzerBase",1,0.00,1.00,4,0.05,1009.20,1,0,8,4,3,124.89,0,7,0,1,124.89,0.00,0.00,0.00,0,1.00,1,159.62,0,1,3,java.lang.Object,0.00,3,0,1,0,3,0,0,0,38,0
"org.apache.lucene.analysis.de.TestGermanStemFilter",3,0.00,1.00,11,0.10,1132.76,3,0,9,9,6,153.52,9,16,0,3,132.91,0.00,0.67,0.00,0,3.00,1,293.63,1,0,6,org.apache.lucene.analysis.BaseTokenStreamTestCase,0.00,6,2,3,0,6,3,0,4,75,1
"org.apache.lucene.analysis.de.TestGermanStemFilter$ReusableAnalyzerBase",1,0.00,1.00,4,0.05,839.11,1,0,9,5,4,125.52,0,8,0,1,125.52,0.00,0.00,0.00,0,1.00,1,157.34,0,1,4,java.lang.Object,0.00,4,0,1,0,4,0,0,0,38,0
"org.apache.lucene.analysis.da.DanishAnalyzer",5,0.50,1.80,21,0.29,7141.30,7,2,17,16,15,75.46,42,31,1,4,123.56,0.00,0.75,0.10,0,8.00,3,866.52,0,2,14,org.apache.lucene.analysis.StopwordAnalyzerBase,0.00,11,3,9,0,11,3,0,8,192,2
"org.apache.lucene.analysis.da.DanishAnalyzer$DefaultSetHolder",0,0.00,0.00,6,0.05,843.89,1,1,17,0,2,171.00,2,11,0,1,171.00,0.00,0.00,0.00,0,0.00,0,162.56,0,0,2,java.lang.Object,0.00,0,0,0,0,0,0,0,2,40,2
"org.apache.lucene.analysis.da.TestDanishAnalyzer",4,0.00,1.00,16,0.17,3234.43,4,0,5,9,3,175.64,7,22,0,3,125.64,0.00,0.67,0.00,0,4.00,1,517.05,2,0,3,org.apache.lucene.analysis.BaseTokenStreamTestCase,0.00,5,2,4,0,5,4,0,6,121,1
"org.apache.lucene.analysis.pl.PolishAnalyzer",5,0.19,1.80,24,0.33,7970.00,9,4,18,16,16,75.08,43,34,1,4,123.19,0.00,0.75,0.10,0,8.00,3,995.11,0,2,15,org.apache.lucene.analysis.StopwordAnalyzerBase,0.00,11,3,9,0,11,3,0,9,216,2
"org.apache.lucene.analysis.pl.PolishAnalyzer$DefaultsHolder",0,0.00,0.00,10,0.11,2333.30,2,2,18,0,4,171.00,4,17,0,1,171.00,0.00,0.00,0.00,0,0.00,0,334.67,0,0,4,java.lang.Object,0.00,0,0,0,0,0,0,0,4,75,2
"org.apache.lucene.analysis.pl.TestPolishAnalyzer",4,0.00,1.00,16,0.17,3088.17,4,0,5,9,3,175.80,7,22,0,3,125.80,0.00,0.67,0.00,0,4.00,1,522.25,2,0,3,org.apache.lucene.analysis.BaseTokenStreamTestCase,0.00,5,2,4,0,5,4,0,6,121,1
"org.apache.lucene.spatial.geometry.shape.Deprecated",6,0.20,1.50,30,0.65,20264.30,12,6,0,7,0,117.28,29,64,0,1,117.05,0.00,0.00,0.33,1,6.00,3,1953.16,0,0,0,java.lang.Object,0.00,1,0,9,0,1,6,0,20,362,1
"org.apache.lucene.spatial.geometry.shape.Ellipse",9,0.14,2.67,99,1.81,177726.73,17,8,0,28,6,65.88,59,125,0,1,98.10,0.00,0.00,0.25,3,4.00,9,5420.06,0,2,6,java.lang.Object,0.00,19,0,24,0,19,7,1,31,1008,1
"org.apache.lucene.spatial.geometry.shape.Geometry2D",5,0.00,1.00,6,0.03,135.26,5,0,0,5,5,141.85,25,7,3,1,159.72,0.00,0.00,0.00,0,5.00,1,90.17,0,2,4,,0.00,0,0,5,0,0,3,0,6,35,1
"org.apache.lucene.spatial.geometry.shape.IntersectCase",0,0.00,0.00,2,0.01,57.06,0,0,0,0,3,171.00,6,6,3,1,171.00,0.00,0.00,0.00,0,0.00,0,28.53,0,0,1,java.lang.Object,0.00,0,0,0,0,0,0,1,1,9,1
"org.apache.lucene.spatial.geometry.shape.LLRect",14,0.00,2.21,79,1.11,62370.49,16,2,2,28,6,155.90,35,112,3,1,116.01,0.00,0.00,0.50,2,2.00,10,3321.31,0,9,3,java.lang.Object,0.00,14,0,31,0,14,5,0,14,724,1
"org.apache.lucene.spatial.geometry.shape.LineSegment",5,0.62,3.80,42,0.54,27638.39,7,2,0,16,4,89.66,28,60,2,1,107.53,0.00,0.00,1.00,0,0.00,10,1624.01,0,0,2,java.lang.Object,0.00,11,0,19,0,11,5,0,12,354,1
"org.apache.lucene.spatial.geometry.shape.Point2D",19,0.25,1.26,62,0.61,15786.07,21,2,0,25,6,130.16,7,90,6,1,130.16,0.00,0.00,0.26,0,70.00,6,1820.00,0,1,1,java.lang.Object,0.00,6,0,24,0,6,18,0,1,457,1
"org.apache.lucene.spatial.geometry.shape.Rectangle",16,0.13,1.69,52,0.67,23525.10,18,2,0,26,8,128.14,8,83,5,1,128.14,0.00,0.00,0.62,1,0.00,10,2010.65,0,1,4,java.lang.Object,0.00,10,0,27,0,10,15,1,2,489,1
"org.apache.lucene.spatial.geometry.shape.Vector2D",17,0.09,1.29,54,0.58,16248.62,19,2,0,23,6,179.67,28,79,6,1,129.67,0.00,0.00,0.41,1,29.00,6,1740.42,0,1,1,java.lang.Object,0.00,6,0,22,0,6,16,0,6,436,1
"org.apache.lucene.analysis.cz.CzechAnalyzer",9,0.12,2.22,46,1.12,28936.65,14,5,16,24,15,73.00,105,87,2,3,117.12,0.00,0.67,0.09,0,19.00,4,3357.99,1,2,13,org.apache.lucene.analysis.ReusableAnalyzerBase,0.00,15,2,20,0,15,7,0,19,574,2
"org.apache.lucene.analysis.cz.CzechAnalyzer$DefaultSetHolder",0,0.00,0.00,6,0.08,1289.87,1,1,16,0,4,171.00,2,12,0,1,171.00,0.00,0.00,0.00,0,0.00,0,232.39,0,0,4,java.lang.Object,0.00,0,0,0,0,0,0,0,2,53,2
"org.apache.lucene.analysis.cz.CzechStemFilter",2,0.33,2.00,14,0.16,3794.18,5,3,6,9,9,84.12,27,20,3,4,113.50,0.00,0.75,0.50,0,2.00,3,481.98,0,0,6,org.apache.lucene.analysis.TokenFilter,0.29,7,3,4,0,7,2,0,2,107,2
"org.apache.lucene.analysis.cz.CzechStemmer",4,0.00,4.00,39,1.14,76383.63,4,0,1,5,1,69.15,26,115,1,1,101.37,0.00,0.00,0.00,0,4.00,7,3431.39,0,0,0,java.lang.Object,0.00,1,0,16,0,1,4,0,8,602,1
"org.apache.lucene.analysis.cz.TestCzechAnalyzer",8,0.00,1.00,31,0.46,8235.45,8,0,6,16,6,150.09,29,49,0,3,129.48,0.00,0.67,0.00,0,8.00,1,1393.73,2,0,6,org.apache.lucene.analysis.BaseTokenStreamTestCase,0.00,8,2,8,0,8,8,0,7,305,1
"org.apache.lucene.analysis.cz.TestCzechAnalyzer$Deprecated",1,0.00,1.00,3,0.03,412.65,1,0,6,2,0,132.61,0,7,0,2,132.61,0.00,0.50,0.00,0,1.00,1,80.77,0,0,0,java.io.InputStream,0.00,1,1,1,0,1,1,0,0,24,1
"org.apache.lucene.analysis.cz.TestCzechStemmer",8,0.00,1.00,163,2.96,128326.04,8,0,6,15,6,57.13,52,173,0,3,89.35,0.00,0.67,0.00,0,8.00,1,8876.41,2,0,6,org.apache.lucene.analysis.BaseTokenStreamTestCase,0.00,7,2,8,0,7,8,0,33,1596,1
"org.apache.lucene.wordnet.AnalyzerUtil",11,1.00,3.45,93,1.41,100837.34,12,1,20,40,9,85.68,155,124,0,1,105.83,0.00,0.00,0.09,1,20.00,9,4233.27,0,9,9,java.lang.Object,0.00,29,0,38,0,29,2,0,28,796,1
"org.apache.lucene.wordnet.AnalyzerUtil$Analyzer",1,0.00,1.00,3,0.02,240.44,1,0,20,2,2,134.45,0,5,0,1,134.45,0.00,0.00,0.00,0,1.00,1,65.11,0,1,2,java.lang.Object,0.00,1,0,1,0,1,0,0,0,19,0
"org.apache.lucene.wordnet.AnalyzerUtil$Analyzer$TokenFilter",2,0.60,1.50,14,0.26,5316.10,7,5,20,9,3,112.42,0,20,0,1,112.42,0.00,0.00,0.50,1,2.00,2,772.36,0,1,3,java.lang.Object,0.00,7,0,3,0,7,1,0,0,163,0
"org.apache.lucene.wordnet.AnalyzerUtil$Analyzer_0",1,0.00,1.00,3,0.02,189.62,1,0,20,2,2,135.26,0,5,0,1,135.26,0.00,0.00,0.00,0,1.00,1,59.81,0,1,2,java.lang.Object,0.00,1,0,1,0,1,0,0,0,18,0
"org.apache.lucene.wordnet.AnalyzerUtil$Analyzer_0$TokenFilter_1",1,0.00,2.00,4,0.06,977.99,2,1,20,2,0,124.83,0,6,0,1,124.83,0.00,0.00,1.00,0,0.00,2,165.82,0,0,0,java.lang.Object,0.00,1,0,2,0,1,1,0,0,40,0
"org.apache.lucene.wordnet.AnalyzerUtil$Analyzer_2",1,0.00,1.00,3,0.03,555.18,1,0,20,3,2,131.83,4,6,0,1,131.59,0.00,0.00,0.00,0,1.00,1,102.01,0,1,2,java.lang.Object,0.00,2,0,1,0,2,0,0,4,27,0
"org.apache.lucene.wordnet.AnalyzerUtil$Analyzer_3",1,0.00,1.00,3,0.04,591.26,1,0,20,3,2,131.38,0,6,0,1,131.38,0.00,0.00,0.00,0,1.00,1,114.20,0,1,2,java.lang.Object,0.00,2,0,1,0,2,0,0,0,29,0
"org.apache.lucene.wordnet.AnalyzerUtil$Analyzer_4",1,0.00,2.00,11,0.16,6088.49,2,1,20,6,3,142.08,2,14,0,1,102.19,0.00,0.00,1.00,0,0.00,2,472.64,0,1,3,java.lang.Object,0.00,5,0,2,0,5,0,0,2,101,0
"org.apache.lucene.wordnet.AnalyzerUtil$Analyzer_4$TokenFilter_5",1,0.00,2.00,5,0.05,1087.62,1,0,20,4,0,120.86,0,7,0,1,120.86,0.00,0.00,0.00,0,1.00,2,163.39,0,0,0,java.lang.Object,0.00,3,0,2,0,3,1,0,0,41,0
"org.apache.lucene.wordnet.AnalyzerUtil$Analyzer_4$TokenStream",1,0.00,2.00,6,0.06,984.17,2,1,20,5,1,118.24,0,8,0,1,118.24,0.00,0.00,1.00,0,0.00,2,192.76,0,0,1,java.lang.Object,0.00,4,0,2,0,4,1,0,0,47,0
"org.apache.lucene.wordnet.AnalyzerUtil$Comparator<Map.Entry<String,MutableInteger>>",1,0.00,2.00,8,0.14,5216.94,1,0,20,5,0,107.88,0,9,0,1,107.88,0.00,0.00,0.00,0,1.00,2,423.90,0,0,0,java.lang.Object,0.00,4,0,2,0,4,1,0,0,91,0
"org.apache.lucene.wordnet.AnalyzerUtil$MutableInteger",4,0.67,1.00,10,0.07,796.37,5,1,20,5,0,141.67,0,8,0,1,141.67,0.00,0.00,0.50,0,4.00,1,197.48,0,1,0,java.lang.Object,0.00,1,0,4,0,1,3,0,0,59,3
"org.apache.lucene.wordnet.SynExpand",2,0.00,4.00,33,0.64,28972.15,2,0,25,29,18,119.28,38,50,1,1,93.00,0.00,0.00,0.00,1,2.00,6,1905.83,0,1,17,java.lang.Object,0.00,27,0,8,0,27,1,0,9,322,2
"org.apache.lucene.wordnet.SynExpand$Collector",4,1.00,1.75,19,0.24,7161.77,5,1,25,11,6,122.80,2,29,0,1,122.80,0.00,0.00,0.25,0,6.00,4,726.38,0,0,6,java.lang.Object,0.00,7,0,7,0,7,4,0,2,150,0
"org.apache.lucene.wordnet.SynLookup",2,0.00,4.50,45,0.77,39499.45,2,0,24,28,16,36.75,18,57,0,1,86.75,0.00,0.00,0.00,0,2.00,5,2320.82,0,1,16,java.lang.Object,0.00,26,0,9,0,26,1,0,8,394,1
"org.apache.lucene.wordnet.SynLookup$Collector",4,1.00,1.75,19,0.24,7161.77,5,1,24,11,6,122.80,1,29,0,1,122.80,0.00,0.00,0.25,0,6.00,4,726.38,0,0,6,java.lang.Object,0.00,7,0,7,0,7,4,0,1,150,0
"org.apache.lucene.wordnet.SynLookup$CountingCollector",4,1.00,1.00,8,0.08,788.66,5,1,24,4,2,141.70,0,15,0,2,141.70,0.00,0.50,0.25,0,6.00,1,228.48,0,0,2,org.apache.lucene.index.Collector,0.00,0,1,4,0,0,4,0,0,64,2
"org.apache.lucene.wordnet.SynonymMap",9,0.21,5.44,209,3.16,363847.65,12,3,11,62,4,73.18,137,212,4,1,83.54,0.00,0.00,0.15,4,26.00,14,9474.39,0,6,0,java.lang.Object,0.00,53,0,49,0,53,3,0,56,1628,1
"org.apache.lucene.wordnet.SynonymTokenFilter",5,0.25,2.80,56,0.67,27088.80,15,10,7,14,9,52.52,46,67,2,4,102.51,0.00,0.75,0.30,2,6.00,5,2020.11,1,0,7,org.apache.lucene.analysis.TokenFilter,0.47,9,3,14,0,9,5,0,15,405,1
"org.apache.lucene.wordnet.Syns2Index",5,0.10,4.40,114,2.05,165602.50,10,5,22,55,14,111.27,95,170,5,1,84.99,0.00,0.00,0.28,2,5.00,10,6158.84,0,0,9,java.lang.Object,0.00,50,0,22,0,50,5,0,42,999,1
"org.apache.lucene.wordnet.TestSynonymTokenFilter",4,0.00,1.00,32,0.60,12104.53,5,1,8,8,7,159.90,7,42,0,3,109.90,0.00,0.67,1.00,0,0.00,1,1790.14,2,0,7,org.apache.lucene.analysis.BaseTokenStreamTestCase,0.00,4,2,4,0,4,4,0,5,334,1
"org.apache.lucene.wordnet.TestSynonymTokenFilter$SynonymWhitespaceAnalyzer",3,0.25,1.33,23,0.26,7509.63,5,2,8,8,6,112.65,0,31,0,2,112.65,0.00,0.50,0.67,0,1.00,2,777.61,2,2,6,org.apache.lucene.analysis.Analyzer,0.00,5,1,4,0,5,1,0,0,169,1
"org.apache.lucene.wordnet.TestSynonymTokenFilter$SynonymWhitespaceAnalyzer$SavedStreams",0,0.00,0.00,3,0.01,82.42,2,2,8,0,2,171.00,0,5,0,1,171.00,0.00,0.00,0.00,0,0.00,0,41.21,0,0,2,java.lang.Object,0.00,0,0,0,0,0,0,0,0,13,1
"org.apache.lucene.wordnet.TestWordnet",6,0.07,1.83,41,0.47,11108.34,9,3,13,22,11,116.10,2,51,0,2,116.10,0.00,0.50,0.39,2,6.00,3,1420.20,2,0,11,org.apache.lucene.util.LuceneTestCase,0.00,16,1,11,0,16,6,0,2,299,1
"org.apache.solr.common.ResourceLoader",3,0.00,1.00,4,0.04,294.58,3,0,3,3,48,137.44,16,6,48,1,155.31,0.00,0.00,0.00,0,3.00,1,109.74,0,3,0,,0.00,0,0,3,0,0,0,0,2,35,1
"org.apache.solr.common.SolrDocument",24,0.09,1.67,91,1.00,40302.55,25,1,8,48,38,167.57,61,140,38,1,127.69,0.00,0.00,0.92,1,0.00,7,2990.26,0,14,0,java.lang.Object,0.00,24,0,40,0,24,10,3,26,680,1
"org.apache.solr.common.SolrDocument$Map<String,Collection<Object>>",13,0.00,1.15,27,0.26,3519.59,13,0,8,15,0,140.58,3,17,0,1,140.58,0.00,0.00,0.00,0,28.00,3,785.14,0,7,0,java.lang.Object,0.00,2,0,15,0,2,6,0,3,214,0
"org.apache.solr.common.SolrDocument$Map<String,Object>",13,0.00,1.15,27,0.24,3026.80,13,0,8,15,0,141.10,3,17,0,1,141.10,0.00,0.00,0.00,0,28.00,3,706.70,0,7,0,java.lang.Object,0.00,2,0,15,0,2,6,0,3,196,0
"org.apache.solr.common.SolrDocumentList",7,0.06,1.14,18,0.17,2654.95,10,3,1,7,35,189.43,7,32,34,2,139.43,0.00,0.50,0.29,0,15.00,2,504.00,1,2,1,java.util.ArrayList,0.00,0,1,8,0,0,5,0,1,130,1
"org.apache.solr.common.SolrDocumentTest",5,0.00,4.20,140,2.08,126369.27,5,0,9,50,2,121.90,13,122,0,2,82.02,0.00,0.50,0.00,0,5.00,15,6253.21,0,0,2,org.apache.lucene.util.LuceneTestCase,0.00,45,1,21,0,45,5,0,12,1139,1
"org.apache.solr.common.SolrDocumentTest$Iterable",1,0.00,1.00,3,0.01,151.48,1,0,9,2,0,136.03,0,4,0,1,136.03,0.00,0.00,0.00,0,1.00,1,42.87,0,1,0,java.lang.Object,0.00,1,0,1,0,1,0,0,0,15,0
"org.apache.solr.common.SolrException",0,0.00,0.00,2,0.01,75.00,0,0,6,0,171,171.00,6,2,171,2,171.00,1.00,0.33,0.00,0,0.00,0,30.00,0,0,0,java.lang.RuntimeException,0.00,0,1,0,1,0,0,0,2,10,1
"org.apache.solr.common.SolrException$ErrorCode",2,0.67,7.00,94,1.30,224682.55,5,3,6,15,1,39.03,26,124,0,1,68.41,0.00,0.00,0.67,0,0.00,13,3895.06,1,1,1,java.lang.Object,0.00,13,0,14,0,13,1,0,9,639,1
"org.apache.solr.common.SolrInputDocument",26,0.08,1.23,68,0.63,10571.00,28,2,6,45,73,179.06,62,111,72,1,139.18,0.00,0.00,0.42,3,0.00,3,1903.57,0,8,1,java.lang.Object,0.00,19,0,32,1,19,18,3,18,493,1
"org.apache.solr.common.SolrInputField",13,0.03,2.15,74,0.72,33946.04,16,3,4,21,15,157.73,33,110,15,1,117.84,0.00,0.00,0.36,1,0.00,7,2165.67,0,6,0,java.lang.Object,0.00,8,0,28,0,8,7,2,17,475,1
"org.apache.solr.common.SolrInputField$Iterator<Object>",3,0.50,1.00,9,0.05,538.54,4,1,4,4,0,135.45,0,12,0,1,135.45,0.00,0.00,0.67,0,1.00,1,161.94,0,1,0,java.lang.Object,0.00,1,0,3,0,1,2,0,0,47,0
"org.apache.lucene.queryParser.precedence.PrecedenceQueryParser",2,0.00,1.00,6,0.04,310.49,2,0,4,3,5,85.95,19,9,1,3,135.95,0.00,0.67,0.00,0,2.00,1,118.08,2,0,4,org.apache.lucene.queryParser.standard.StandardQueryParser,0.00,1,2,2,0,1,2,0,3,36,1
"org.apache.lucene.queryParser.precedence.TestPrecedenceQueryParser",32,0.47,1.41,341,4.67,159485.44,34,2,34,66,23,154.50,47,428,0,2,104.50,0.00,0.50,0.05,9,118.00,2,14021.36,2,8,23,org.apache.lucene.util.LuceneTestCase,0.00,34,1,45,0,34,24,0,31,2677,1
"org.apache.lucene.queryParser.precedence.TestPrecedenceQueryParser$QPTestAnalyzer",1,0.00,1.00,3,0.04,532.36,1,0,34,3,3,181.73,1,6,0,2,131.73,0.00,0.50,0.00,0,1.00,1,119.91,0,1,3,org.apache.lucene.analysis.Analyzer,0.00,2,1,1,0,2,0,0,1,31,3
"org.apache.lucene.queryParser.precedence.TestPrecedenceQueryParser$QPTestFilter",2,0.60,3.00,22,0.27,8735.41,7,5,34,10,4,143.12,4,29,0,4,103.24,0.00,0.75,0.50,0,2.00,5,795.85,0,0,4,org.apache.lucene.analysis.TokenFilter,0.29,8,3,6,0,8,2,0,1,163,3
"org.apache.lucene.analysis.cn.Deprecated",4,0.00,1.25,34,0.45,9348.53,4,0,9,13,6,92.86,20,52,0,3,110.73,0.00,0.67,0.00,0,4.00,2,1350.05,2,0,6,org.apache.lucene.analysis.BaseTokenStreamTestCase,0.00,9,2,5,0,9,4,0,6,279,1
"org.apache.lucene.analysis.cn.Deprecated$JustChineseFilterAnalyzer",1,0.00,1.00,3,0.04,512.97,1,0,9,3,4,131.86,0,6,0,2,131.86,0.00,0.50,0.00,0,1.00,1,117.46,0,1,4,org.apache.lucene.analysis.Analyzer,0.00,2,1,1,0,2,0,0,0,30,1
"org.apache.lucene.analysis.cn.Deprecated$JustChineseTokenizerAnalyzer",1,0.00,1.00,3,0.03,338.69,1,0,9,2,2,133.28,0,6,0,2,133.28,0.00,0.50,0.00,0,1.00,1,85.83,0,1,2,org.apache.lucene.analysis.Analyzer,0.00,1,1,1,0,1,0,0,0,24,1
"org.apache.lucene.analysis.reverse.ReverseStringFilter",14,0.08,1.93,106,1.32,129198.12,22,8,5,23,7,59.62,146,136,3,4,108.10,0.00,0.75,0.05,2,38.00,10,3959.68,0,2,4,org.apache.lucene.analysis.TokenFilter,0.15,9,3,27,0,9,12,0,25,787,2
"org.apache.lucene.analysis.reverse.TestReverseStringFilter",7,0.00,1.00,41,0.58,14142.05,7,0,4,15,4,158.78,15,52,0,3,118.90,0.00,0.67,0.00,0,7.00,1,1746.91,1,0,4,org.apache.lucene.analysis.BaseTokenStreamTestCase,0.00,8,2,7,0,8,7,0,13,370,1
"org.apache.lucene.benchmark.byTask.stats.Points",7,0.06,1.00,21,0.18,3194.21,10,3,4,13,4,132.50,29,29,2,1,132.26,0.00,0.00,0.29,0,21.00,1,551.54,0,1,3,java.lang.Object,0.00,6,0,7,0,6,6,0,12,141,1
"org.apache.lucene.benchmark.byTask.stats.Report",5,0.06,1.00,18,0.11,1595.94,9,4,0,5,7,101.26,31,24,7,1,133.48,0.00,0.00,0.20,0,17.00,1,319.10,0,1,0,java.lang.Object,0.00,0,0,5,0,0,4,0,6,92,1
"org.apache.lucene.benchmark.byTask.stats.TaskStats",17,0.07,1.47,85,0.79,23473.91,29,12,1,32,10,140.73,66,110,10,1,120.11,0.00,0.00,0.15,0,161.00,6,2358.68,1,3,1,java.lang.Object,0.00,15,0,25,0,15,14,1,26,526,1
"org.apache.solr.spelling.suggest.tst.TSTAutocomplete",3,0.00,7.67,68,0.96,114110.19,3,0,1,12,2,55.01,41,89,1,1,84.39,0.00,0.00,0.00,1,3.00,14,2884.93,0,1,1,java.lang.Object,0.00,9,0,23,0,9,2,0,3,545,1
"org.apache.solr.spelling.suggest.tst.TSTLookup",9,0.20,4.00,107,1.58,66693.60,17,8,14,53,10,101.36,8,142,2,2,101.36,0.00,0.50,0.31,2,1.00,11,4729.38,0,2,8,org.apache.solr.spelling.suggest.Lookup,0.00,44,1,36,0,44,7,0,8,904,1
"org.apache.solr.spelling.suggest.tst.TernaryTreeNode",0,0.00,0.00,7,0.04,287.07,6,6,0,0,2,171.00,14,8,2,1,171.00,0.00,0.00,0.00,0,0.00,0,110.41,0,0,0,java.lang.Object,0.00,0,0,0,0,0,0,0,6,29,1
"org.apache.lucene.queryParser.standard.processors.AllowLeadingWildcardProcessor",5,0.00,2.20,20,0.29,10801.78,5,0,11,16,12,161.99,11,41,3,2,122.10,0.00,0.50,0.00,0,5.00,5,865.97,2,4,10,org.apache.lucene.queryParser.core.processors.QueryNodeProcessorImpl,0.00,11,1,11,0,11,1,0,3,188,1
"org.apache.lucene.queryParser.standard.processors.AnalyzerQueryNodeProcessor",5,2.00,7.60,136,1.91,340848.44,7,2,27,40,25,46.86,34,183,5,2,79.08,0.00,0.50,0.00,0,5.00,30,5726.28,2,4,22,org.apache.lucene.queryParser.core.processors.QueryNodeProcessorImpl,0.00,35,1,38,0,35,1,0,14,899,1
"org.apache.lucene.queryParser.standard.processors.BooleanSingleChildOptimizationQueryNodeProcessor",4,0.00,2.00,18,0.21,8910.25,4,0,8,8,7,161.90,9,33,1,2,122.02,0.00,0.50,0.00,0,4.00,5,635.02,0,3,6,org.apache.lucene.queryParser.core.processors.QueryNodeProcessorImpl,0.00,4,1,8,0,4,1,0,2,136,1
"org.apache.lucene.queryParser.standard.processors.BoostQueryNodeProcessor",3,0.00,2.00,16,0.26,11624.88,3,0,10,11,10,137.13,9,28,1,2,116.51,0.00,0.50,0.00,0,3.00,4,768.24,1,3,9,org.apache.lucene.queryParser.core.processors.QueryNodeProcessorImpl,0.00,8,1,6,0,8,0,0,1,155,1
"org.apache.lucene.queryParser.standard.processors.DefaultPhraseSlopQueryNodeProcessor",6,2.00,1.83,26,0.28,7041.66,8,2,9,10,9,164.12,12,46,1,2,124.23,0.00,0.50,0.00,0,6.00,3,846.46,3,4,8,org.apache.lucene.queryParser.core.processors.QueryNodeProcessorImpl,0.00,4,1,11,0,4,2,0,2,195,1
"org.apache.lucene.queryParser.standard.processors.FuzzyQueryNodeProcessor",3,0.00,2.33,17,0.25,11540.32,3,0,8,12,8,137.12,11,29,1,2,116.50,0.00,0.50,0.00,0,3.00,5,757.33,1,3,7,org.apache.lucene.queryParser.core.processors.QueryNodeProcessorImpl,0.00,9,1,7,0,9,0,0,1,153,1
"org.apache.lucene.queryParser.standard.processors.GroupQueryNodeProcessor",7,4.00,3.86,79,0.95,53946.90,11,4,16,26,15,141.12,17,103,5,1,101.24,0.00,0.00,0.00,3,7.00,10,2860.99,0,3,12,java.lang.Object,0.00,19,0,27,0,19,4,1,3,567,1
"org.apache.lucene.queryParser.standard.processors.LowercaseExpandedTermsQueryNodeProcessor",5,0.00,1.60,16,0.20,5017.56,5,0,11,11,11,169.34,11,34,1,2,129.46,0.00,0.50,0.00,0,5.00,3,596.09,2,4,10,org.apache.lucene.queryParser.core.processors.QueryNodeProcessorImpl,0.00,6,1,8,0,6,1,0,2,142,1
"org.apache.lucene.queryParser.standard.processors.MatchAllDocsQueryNodeProcessor",4,0.00,1.50,12,0.15,4426.07,4,0,8,9,8,169.02,8,24,1,2,129.14,0.00,0.50,0.00,0,4.00,3,436.65,0,3,7,org.apache.lucene.queryParser.core.processors.QueryNodeProcessorImpl,0.00,5,1,6,0,5,1,0,2,105,1
"org.apache.lucene.queryParser.standard.processors.MultiFieldQueryNodeProcessor",5,1.00,2.60,37,0.47,32623.63,6,1,10,16,13,129.83,16,56,6,2,109.22,0.00,0.50,0.00,0,5.00,8,1417.61,2,3,8,org.apache.lucene.queryParser.core.processors.QueryNodeProcessorImpl,0.00,11,1,13,0,11,2,0,3,269,1
"org.apache.lucene.queryParser.standard.processors.MultiTermRewriteMethodProcessor",3,0.00,1.67,12,0.16,4707.00,3,0,7,8,7,143.87,11,26,1,2,123.26,0.00,0.50,0.00,0,3.00,3,466.98,1,3,6,org.apache.lucene.queryParser.core.processors.QueryNodeProcessorImpl,0.00,5,1,5,0,5,0,0,6,105,1
"org.apache.lucene.queryParser.standard.processors.ParametricRangeQueryNodeProcessor",4,0.00,3.75,56,0.93,56299.01,4,0,21,30,20,47.17,34,80,12,2,95.27,0.00,0.50,0.00,0,4.00,12,2780.14,1,3,12,org.apache.lucene.queryParser.core.processors.QueryNodeProcessorImpl,0.00,26,1,15,0,26,1,0,9,444,1
"org.apache.lucene.queryParser.standard.processors.PhraseSlopQueryNodeProcessor",4,0.00,1.50,12,0.13,4452.59,4,0,7,5,11,169.00,8,24,5,2,129.12,0.00,0.50,0.00,0,4.00,3,403.60,0,3,6,org.apache.lucene.queryParser.core.processors.QueryNodeProcessorImpl,0.00,1,1,6,0,1,1,0,2,100,1
"org.apache.lucene.queryParser.standard.processors.RemoveEmptyNonLeafQueryNodeProcessor",5,1.00,2.00,28,0.34,17957.05,6,1,8,15,7,156.66,13,46,1,2,116.77,0.00,0.50,0.00,0,5.00,4,1029.25,1,4,6,org.apache.lucene.queryParser.core.processors.QueryNodeProcessorImpl,0.00,10,1,10,0,10,1,0,2,217,1
"org.apache.lucene.queryParser.standard.processors.StandardQueryNodeProcessorPipeline",1,0.00,1.00,20,0.18,2391.17,1,0,8,18,24,95.39,16,23,3,2,95.86,1.00,0.33,0.00,0,1.00,1,548.06,1,0,23,org.apache.lucene.queryParser.core.processors.QueryNodeProcessorPipeline,0.00,17,1,1,1,17,1,0,1,118,1
"org.apache.lucene.queryParser.standard.processors.WildcardQueryNodeProcessor",6,0.00,3.50,41,0.58,35977.24,6,0,13,12,15,132.55,23,58,3,2,111.94,0.00,0.50,0.00,2,6.00,9,1745.85,0,3,12,org.apache.lucene.queryParser.core.processors.QueryNodeProcessorImpl,0.00,6,1,21,0,6,3,0,14,353,1
"org.apache.lucene.benchmark.byTask.utils.Algorithm",7,0.00,8.00,187,2.99,423759.94,9,2,9,60,7,47.86,43,242,2,1,80.08,0.00,0.00,0.50,2,0.00,42,8981.89,0,4,5,java.lang.Object,0.00,53,0,56,0,53,3,0,26,1362,1
"org.apache.lucene.benchmark.byTask.utils.Config",17,0.12,3.53,247,3.75,263511.74,24,7,10,69,35,62.74,111,280,34,1,94.96,0.00,0.00,0.26,1,36.00,7,11245.73,0,5,1,java.lang.Object,0.00,52,0,60,0,52,12,0,38,2086,1
"org.apache.lucene.benchmark.byTask.utils.FileUtils",1,0.00,7.00,16,0.17,10646.93,1,0,2,5,1,45.45,10,20,1,1,93.92,0.00,0.00,0.00,0,1.00,7,505.54,0,0,0,java.lang.Object,0.00,4,0,7,0,4,1,0,2,101,1
"org.apache.lucene.benchmark.byTask.utils.Format",7,0.33,1.00,31,0.48,13114.48,9,2,1,12,3,104.90,35,44,3,1,122.77,0.00,0.00,0.79,0,0.00,1,1442.31,0,7,0,java.lang.Object,0.00,5,0,7,0,5,0,0,6,337,1
"org.apache.lucene.benchmark.byTask.utils.StreamUtils",0,0.00,0.00,3,0.02,334.04,1,1,13,0,7,171.00,6,3,7,1,171.00,0.00,0.00,0.00,0,0.00,0,74.23,0,0,0,java.lang.Object,0.00,0,0,0,0,0,0,0,4,19,1
"org.apache.lucene.benchmark.byTask.utils.StreamUtils$Type",3,0.00,3.33,41,0.71,54216.31,5,2,13,25,0,47.54,24,58,0,1,95.65,0.00,0.00,0.50,0,1.00,6,2132.98,0,2,0,java.lang.Object,0.00,22,0,10,0,22,1,0,13,364,1
"org.apache.lucene.benchmark.byTask.utils.StreamUtils$Type$InputStream",9,0.00,1.00,20,0.21,3843.65,9,0,13,17,0,139.06,0,14,0,1,139.06,0.00,0.00,0.00,0,9.00,1,631.73,0,0,0,java.lang.Object,0.00,8,0,9,0,8,9,0,0,168,0
"org.apache.lucene.benchmark.byTask.utils.StreamUtilsTest",14,0.19,1.00,73,0.78,14259.08,16,2,17,35,3,121.24,0,96,0,3,121.24,0.00,0.67,0.32,6,38.00,1,2334.69,3,4,3,org.apache.lucene.benchmark.BenchmarkTestCase,0.00,21,2,14,0,21,10,0,0,538,1
"org.apache.lucene.benchmark.byTask.utils.StringBuilderReader",11,0.20,1.64,61,0.62,26034.45,15,4,2,19,1,138.86,43,95,1,2,118.24,0.00,0.50,0.43,2,0.00,4,1865.69,0,0,0,java.io.Reader,0.00,8,1,18,0,8,11,0,9,405,1
"org.apache.lucene.benchmark.byTask.utils.TestConfig",1,0.00,1.00,8,0.10,2496.91,1,0,3,6,1,110.56,0,11,0,2,110.56,0.00,0.50,0.00,0,1.00,1,289.50,0,0,1,org.apache.lucene.util.LuceneTestCase,0.00,5,1,1,0,5,1,0,0,65,1
"org.apache.lucene.analysis.ca.CatalanAnalyzer",5,0.50,1.80,21,0.29,7141.30,7,2,16,16,14,75.46,42,31,1,4,123.56,0.00,0.75,0.10,0,8.00,3,866.52,0,2,13,org.apache.lucene.analysis.StopwordAnalyzerBase,0.00,11,3,9,0,11,3,0,8,192,2
"org.apache.lucene.analysis.ca.CatalanAnalyzer$DefaultSetHolder",0,0.00,0.00,6,0.05,853.95,1,1,16,0,1,171.00,2,11,0,1,171.00,0.00,0.00,0.00,0,0.00,0,164.39,0,0,1,java.lang.Object,0.00,0,0,0,0,0,0,0,2,40,2
"org.apache.lucene.analysis.ca.TestCatalanAnalyzer",4,0.00,1.00,16,0.17,3088.17,4,0,5,9,3,175.80,7,22,0,3,125.80,0.00,0.67,0.00,0,4.00,1,522.25,2,0,3,org.apache.lucene.analysis.BaseTokenStreamTestCase,0.00,5,2,4,0,5,4,0,6,121,1
"org.apache.lucene.queryParser.standard.builders.AnyQueryNodeBuilder",2,0.00,3.00,17,0.22,9621.35,2,0,11,10,10,147.95,5,25,0,1,108.06,0.00,0.00,0.00,0,2.00,5,657.97,0,1,10,java.lang.Object,0.00,8,0,6,0,8,1,1,2,123,1
"org.apache.lucene.queryParser.standard.builders.BooleanQueryNodeBuilder",3,0.00,3.00,24,0.33,14490.32,3,0,13,13,13,128.66,10,41,1,1,108.05,0.00,0.00,0.00,0,3.00,5,994.67,0,2,12,java.lang.Object,0.00,10,0,9,0,10,1,1,2,193,1
"org.apache.lucene.queryParser.standard.builders.BoostQueryNodeBuilder",2,0.00,1.50,10,0.10,2428.49,2,0,5,6,7,141.16,7,15,1,1,120.55,0.00,0.00,0.00,0,2.00,2,296.14,0,1,6,java.lang.Object,0.00,4,0,3,0,4,1,1,2,68,1
"org.apache.lucene.queryParser.standard.builders.FieldQueryNodeBuilder",2,0.00,1.00,5,0.05,960.57,2,0,5,6,7,178.54,4,9,1,1,138.65,0.00,0.00,0.00,0,2.00,1,159.44,0,1,6,java.lang.Object,0.00,4,0,2,0,4,1,1,2,42,1
"org.apache.lucene.queryParser.standard.builders.FuzzyQueryNodeBuilder",2,0.00,1.00,5,0.07,1294.83,2,0,5,8,7,177.52,4,10,1,1,137.63,0.00,0.00,0.00,0,2.00,1,199.20,0,1,6,java.lang.Object,0.00,6,0,2,0,6,1,1,2,50,1
"org.apache.lucene.queryParser.standard.builders.GroupQueryNodeBuilder",2,0.00,1.00,5,0.05,761.31,2,0,5,4,7,160.06,6,9,1,1,139.45,0.00,0.00,0.00,0,2.00,1,155.20,0,1,6,java.lang.Object,0.00,2,0,2,0,2,1,1,2,41,1
"org.apache.lucene.queryParser.standard.builders.MatchAllDocsQueryNodeBuilder",2,0.00,1.50,6,0.08,1856.27,2,0,7,9,9,150.35,6,13,1,1,129.74,0.00,0.00,0.00,0,2.00,2,241.77,0,1,8,java.lang.Object,0.00,7,0,3,0,7,1,1,3,57,1
"org.apache.lucene.queryParser.standard.builders.MatchNoDocsQueryNodeBuilder",2,0.00,1.50,6,0.08,1856.27,2,0,7,9,9,150.35,6,13,1,1,129.74,0.00,0.00,0.00,0,2.00,2,241.77,0,1,8,java.lang.Object,0.00,7,0,3,0,7,1,1,3,57,1
"org.apache.lucene.queryParser.standard.builders.ModifierQueryNodeBuilder",2,0.00,1.00,5,0.05,761.31,2,0,5,4,7,160.06,6,9,1,1,139.45,0.00,0.00,0.00,0,2.00,1,155.20,0,1,6,java.lang.Object,0.00,2,0,2,0,2,1,1,2,41,1
"org.apache.lucene.queryParser.standard.builders.MultiPhraseQueryNodeBuilder",2,0.00,3.00,22,0.35,19893.92,2,0,11,15,10,140.31,5,30,1,1,100.42,0.00,0.00,0.00,0,2.00,5,1048.81,0,1,9,java.lang.Object,0.00,13,0,6,0,13,1,1,2,189,1
"org.apache.lucene.queryParser.standard.builders.PhraseQueryNodeBuilder",2,0.00,2.00,13,0.15,5724.47,2,0,8,8,9,154.48,5,18,1,1,114.59,0.00,0.00,0.00,0,2.00,3,459.09,0,1,8,java.lang.Object,0.00,6,0,4,0,6,1,1,2,93,1
"org.apache.lucene.queryParser.standard.builders.PrefixWildcardQueryNodeBuilder",2,0.00,1.50,10,0.16,4468.23,2,0,7,11,9,158.35,5,14,1,1,118.46,0.00,0.00,0.00,0,2.00,2,480.08,0,1,8,java.lang.Object,0.00,9,0,3,0,9,1,1,2,97,1
"org.apache.lucene.queryParser.standard.builders.RangeQueryNodeBuilder",2,0.00,2.50,18,0.26,8587.08,2,0,8,12,9,146.47,4,26,1,1,106.59,0.00,0.00,0.00,0,2.00,4,788.65,0,1,8,java.lang.Object,0.00,10,0,5,0,10,1,1,2,147,1
"org.apache.lucene.queryParser.standard.builders.SlopQueryNodeBuilder",2,0.00,1.50,10,0.11,3328.35,2,0,7,6,9,140.08,7,15,1,1,119.47,0.00,0.00,0.00,0,2.00,2,342.09,0,1,8,java.lang.Object,0.00,4,0,3,0,4,1,1,2,77,1
"org.apache.lucene.queryParser.standard.builders.StandardBooleanQueryNodeBuilder",3,0.00,3.33,27,0.36,15588.47,3,0,15,16,14,126.48,10,41,1,1,105.87,0.00,0.00,0.00,0,3.00,5,1093.36,0,2,13,java.lang.Object,0.00,13,0,10,0,13,1,1,2,212,1
"org.apache.lucene.queryParser.standard.builders.StandardQueryBuilder",1,0.00,1.00,2,0.01,88.08,1,0,5,1,25,102.16,7,3,20,2,144.46,0.00,0.50,0.00,0,1.00,1,44.04,0,1,5,,0.00,0,1,1,0,0,0,0,1,15,1
"org.apache.lucene.queryParser.standard.builders.StandardQueryTreeBuilder",2,0.00,1.00,19,0.28,4272.02,2,0,20,17,37,109.42,9,26,1,2,109.18,0.00,0.50,0.00,0,2.00,1,840.72,2,1,36,org.apache.lucene.queryParser.core.builders.QueryTreeBuilder,0.00,15,1,2,0,15,1,1,1,168,1
"org.apache.lucene.queryParser.standard.builders.WildcardQueryNodeBuilder",2,0.00,1.50,9,0.12,3042.94,2,0,7,8,9,163.27,5,14,1,1,123.39,0.00,0.00,0.00,0,2.00,2,347.36,0,1,8,java.lang.Object,0.00,6,0,3,0,6,1,1,2,76,1
"org.apache.lucene.queryParser.core.builders.QueryBuilder",1,0.00,1.00,2,0.01,51.00,1,0,2,1,6,145.85,16,3,4,1,146.32,0.00,0.00,0.00,0,1.00,1,34.00,0,1,2,,0.00,0,0,1,0,0,0,0,2,13,1
"org.apache.lucene.queryParser.core.builders.QueryTreeBuilder",9,0.29,3.22,55,0.77,35126.11,12,3,9,29,22,71.13,63,85,14,1,113.42,0.00,0.00,0.07,4,19.00,9,2300.18,0,3,8,java.lang.Object,0.00,20,0,29,2,20,6,1,8,475,1
"org.apache.lucene.queryParser.core.builders.TestQueryTreeBuilder",1,0.00,1.00,7,0.10,1667.17,1,0,7,8,5,114.10,0,10,0,2,114.10,0.00,0.50,0.00,0,1.00,1,290.15,0,0,5,org.apache.lucene.util.LuceneTestCase,0.00,7,1,1,0,7,1,0,0,64,1
"org.apache.lucene.queryParser.core.builders.TestQueryTreeBuilder$DummyBuilder",1,0.00,1.00,3,0.02,178.19,1,0,7,1,3,135.48,0,5,0,1,135.48,0.00,0.00,0.00,0,1.00,1,62.67,0,1,3,java.lang.Object,0.00,0,0,1,0,0,0,1,0,19,2
"org.apache.lucene.analysis.br.BrazilianAnalyzer",11,0.20,1.73,39,0.87,20494.51,14,3,20,26,15,85.03,81,80,1,4,127.32,0.00,0.75,0.15,0,16.00,3,2598.19,1,2,14,org.apache.lucene.analysis.StopwordAnalyzerBase,0.00,15,3,19,0,15,9,0,20,474,2
"org.apache.lucene.analysis.br.BrazilianAnalyzer$DefaultSetHolder",0,0.00,0.00,6,0.08,1273.74,1,1,20,0,4,171.00,2,12,0,1,171.00,0.00,0.00,0.00,0,0.00,0,228.81,0,0,4,java.lang.Object,0.00,0,0,0,0,0,0,0,2,52,2
"org.apache.lucene.analysis.br.BrazilianStemFilter",3,0.12,2.33,20,0.27,9231.96,7,4,7,12,9,64.31,27,28,3,4,114.31,0.00,0.75,0.33,0,4.00,4,823.33,0,0,6,org.apache.lucene.analysis.TokenFilter,0.27,9,3,7,0,9,3,0,6,170,2
"org.apache.lucene.analysis.br.BrazilianStemmer",19,0.04,12.63,670,9.09,931830.14,24,5,0,26,1,25.88,174,761,1,1,75.88,0.00,0.00,0.24,9,43.00,122,27280.09,0,7,0,java.lang.Object,0.00,7,0,240,0,7,12,0,56,4424,1
"org.apache.lucene.analysis.br.TestBrazilianStemmer",11,0.00,1.00,127,1.51,24689.11,11,0,7,20,7,145.65,32,144,0,3,105.76,0.00,0.67,0.00,2,11.00,1,4540.57,3,0,7,org.apache.lucene.analysis.BaseTokenStreamTestCase,0.00,9,2,11,0,9,11,0,24,786,1
"org.apache.solr.handler.component.DebugComponent",11,0.50,4.00,123,1.93,171428.37,13,2,9,57,13,148.82,16,168,3,2,98.82,0.00,0.50,0.05,1,20.00,19,5801.55,0,6,10,org.apache.solr.handler.component.SearchComponent,0.62,46,1,44,0,46,5,0,11,1016,1
"org.apache.solr.handler.component.DistributedSpellCheckComponentTest",5,0.75,1.40,61,1.17,44708.91,6,1,3,18,4,139.44,12,72,0,4,99.55,0.00,0.75,0.40,1,13.00,2,3507.95,6,0,4,org.apache.solr.BaseDistributedSearchTestCase,0.13,13,3,7,0,13,5,0,6,590,1
"org.apache.solr.handler.component.DistributedTermsComponentTest",1,0.00,1.00,21,0.39,13316.24,1,0,1,3,1,56.98,6,24,0,4,89.20,0.00,0.75,0.00,0,0.00,1,1166.49,4,0,1,org.apache.solr.BaseDistributedSearchTestCase,0.05,2,3,1,0,2,1,0,1,206,1
"org.apache.solr.handler.component.DummyCustomParamSpellChecker",4,0.00,1.25,14,0.24,6836.76,4,0,11,12,7,109.82,21,24,0,2,127.69,0.00,0.50,0.00,1,4.00,2,725.59,0,2,7,org.apache.solr.spelling.SolrSpellChecker,0.00,8,1,5,0,8,2,0,3,153,1
"org.apache.solr.handler.component.FacetComponent",15,0.50,5.73,276,4.81,474549.75,17,2,16,69,20,56.11,94,328,4,2,88.34,0.00,0.50,0.03,2,28.00,20,14444.49,0,7,16,org.apache.solr.handler.component.SearchComponent,0.33,54,1,86,0,54,8,0,74,2297,1
"org.apache.solr.handler.component.FacetComponent$DistribFieldFacet",5,0.20,2.20,57,0.71,40832.75,15,10,16,21,3,121.78,15,64,0,2,101.17,0.00,0.50,0.26,0,0.00,7,2142.74,0,0,3,org.apache.solr.handler.component.FieldFacet,0.00,16,1,11,0,16,5,0,15,410,2
"org.apache.solr.handler.component.FacetComponent$DistribFieldFacet$Comparator<ShardFacetCount>",1,0.00,1.00,3,0.03,398.03,1,0,16,2,0,132.73,0,4,0,1,132.73,0.00,0.00,0.00,0,1.00,1,93.66,0,0,0,java.lang.Object,0.00,1,0,1,0,1,1,0,0,27,0
"org.apache.solr.handler.component.FacetComponent$DistribFieldFacet$Comparator<ShardFacetCount>_0",1,0.00,3.00,4,0.07,2328.85,1,0,16,2,0,121.77,0,6,0,1,121.77,0.00,0.00,0.00,0,1.00,3,215.06,0,0,0,java.lang.Object,0.00,1,0,3,0,1,1,0,0,53,0
"org.apache.solr.handler.component.FacetComponent$FacetBase",3,0.20,2.00,23,0.25,8013.47,8,5,16,8,7,152.22,7,27,0,1,112.33,0.00,0.00,0.33,0,2.00,4,736.21,0,2,7,java.lang.Object,0.00,5,0,6,0,5,1,0,7,153,2
"org.apache.solr.handler.component.FacetComponent$FacetInfo",2,0.33,4.00,23,0.28,10392.95,5,3,16,11,3,102.57,0,28,0,1,102.57,0.00,0.00,0.50,0,2.00,5,850.03,0,0,3,java.lang.Object,0.00,9,0,8,0,9,2,0,0,175,2
"org.apache.solr.handler.component.FacetComponent$FieldFacet",2,0.11,3.50,30,0.51,22920.35,11,9,16,9,4,134.76,4,35,0,2,94.88,0.00,0.50,0.06,1,2.00,6,1542.31,0,0,4,org.apache.solr.handler.component.FacetBase,0.00,7,1,7,0,7,2,0,4,283,2
"org.apache.solr.handler.component.FacetComponent$QueryFacet",1,1.00,1.00,4,0.03,304.61,2,1,16,1,2,128.98,0,6,0,2,128.98,0.00,0.50,0.00,0,1.00,1,99.07,0,0,2,org.apache.solr.handler.component.FacetBase,0.00,0,1,1,0,0,1,0,0,28,2
"org.apache.solr.handler.component.FacetComponent$ShardFacetCount",1,1.00,1.00,7,0.06,622.13,5,4,16,1,0,157.36,2,10,0,1,117.47,0.00,0.00,0.75,0,0.00,1,186.52,0,1,0,java.lang.Object,0.00,0,0,1,0,0,0,0,2,48,2
"org.apache.solr.handler.component.FieldFacetStats",5,0.39,3.20,76,0.92,38185.07,16,11,6,17,5,136.17,12,87,2,1,96.28,0.00,0.00,0.40,0,0.00,5,2770.23,0,1,3,java.lang.Object,0.00,12,0,16,0,12,4,0,5,520,1
"org.apache.solr.handler.component.HighlightComponent",14,0.23,2.64,101,1.51,77549.31,17,3,18,56,20,159.77,17,139,3,2,109.77,0.00,0.50,0.12,0,38.00,10,4527.75,0,7,18,org.apache.solr.handler.component.SearchComponent,0.55,42,1,37,0,42,7,2,12,846,1
"org.apache.solr.handler.component.HttpCommComponent",5,0.06,3.00,46,0.70,24128.58,9,4,24,21,21,106.38,24,68,1,1,106.14,0.00,0.00,0.30,0,2.00,6,2086.45,0,0,21,java.lang.Object,0.00,16,0,15,0,16,5,0,22,415,0
"org.apache.solr.handler.component.HttpCommComponent$Callable<ShardResponse>",1,0.00,3.00,23,0.32,13088.35,1,0,24,15,6,39.43,8,27,0,1,87.53,0.00,0.00,0.00,0,0.00,3,966.76,0,0,6,java.lang.Object,0.00,14,0,3,0,14,1,0,8,168,0
"org.apache.solr.handler.component.HttpCommComponent$SimpleSolrResponse",3,0.00,1.00,9,0.08,1024.20,5,2,24,3,2,133.25,0,16,0,2,133.25,0.00,0.50,0.50,0,2.00,1,229.00,0,1,2,org.apache.solr.client.solrj.SolrResponse,0.67,0,1,3,0,0,2,0,0,61,2
"org.apache.solr.handler.component.MoreLikeThisComponent",8,1.00,1.75,50,0.87,34413.16,9,1,12,33,15,163.23,11,78,3,2,113.23,0.00,0.50,0.00,1,8.00,6,2604.65,0,6,12,org.apache.solr.handler.component.SearchComponent,0.43,25,1,14,0,25,2,0,6,466,1
"org.apache.solr.handler.component.QueryComponent",17,0.94,4.94,308,5.79,414326.61,18,1,25,163,44,71.39,94,377,7,2,89.26,0.00,0.50,0.12,7,43.00,13,17369.59,0,5,37,org.apache.solr.handler.component.SearchComponent,0.56,146,1,84,0,146,12,0,87,2776,1
"org.apache.solr.handler.component.QueryElevationComponent",13,0.04,3.92,189,3.44,240505.72,22,9,45,98,33,134.21,34,276,1,2,94.33,0.00,0.50,0.15,1,59.00,16,10307.19,0,8,32,org.apache.solr.handler.component.SearchComponent,0.50,85,1,51,0,85,5,1,26,1676,1
"org.apache.solr.handler.component.QueryElevationComponent$ElevationComparatorSource",2,1.00,1.00,6,0.07,1019.94,3,1,45,3,0,131.88,0,10,0,2,131.88,0.00,0.50,0.00,0,2.00,1,218.56,0,1,0,org.apache.solr.schema.FieldComparatorSource,0.00,1,1,2,0,1,1,0,0,54,0
"org.apache.solr.handler.component.QueryElevationComponent$ElevationComparatorSource$FieldComparator",7,0.06,1.14,20,0.26,4949.53,10,3,45,9,1,137.30,1,33,0,1,137.30,0.00,0.00,0.38,1,10.00,2,787.42,0,1,1,java.lang.Object,0.00,2,0,8,0,2,6,0,1,188,0
"org.apache.solr.handler.component.QueryElevationComponent$ElevationObj",1,4.00,4.00,30,0.45,27489.80,7,6,45,13,5,130.62,1,34,0,1,80.62,0.00,0.00,0.33,0,0.00,4,1335.83,0,0,5,java.lang.Object,0.00,12,0,4,0,12,1,0,1,238,0
"org.apache.solr.handler.component.QueryElevationComponentTest",6,0.00,1.17,125,2.25,99859.91,6,0,19,42,10,129.08,13,185,0,3,89.19,0.00,0.67,0.00,1,10.00,2,6760.85,8,0,10,org.apache.solr.SolrTestCaseJ4,0.05,36,2,7,0,36,6,0,13,1111,1
"org.apache.solr.handler.component.ResponseBuilder",31,0.01,1.23,120,1.30,30492.87,71,40,13,51,36,179.59,42,162,23,1,129.59,0.00,0.00,0.01,6,520.00,4,3887.84,0,10,15,java.lang.Object,0.00,20,0,38,0,20,21,0,22,802,1
"org.apache.solr.handler.component.ResponseBuilder$GlobalCollectionStat",1,2.00,1.00,6,0.06,952.18,3,2,13,1,0,118.52,0,8,0,1,118.52,0.00,0.00,0.00,0,1.00,1,178.04,0,0,0,java.lang.Object,0.00,0,0,1,0,0,1,0,0,45,2
"org.apache.solr.handler.component.SearchComponent",15,0.00,1.00,22,0.16,1379.76,15,0,6,18,28,195.42,32,34,23,1,155.54,0.00,0.00,0.00,0,15.00,1,468.80,0,7,6,java.lang.Object,0.00,3,0,15,11,3,8,2,11,148,2
"org.apache.solr.handler.component.SearchHandler",8,0.06,5.12,161,2.46,220590.76,17,9,24,57,33,69.25,47,204,4,2,87.13,1.00,0.33,0.17,0,8.00,23,7368.16,0,6,29,org.apache.solr.handler.RequestHandlerBase,0.40,49,1,41,1,49,2,1,39,1182,1
"org.apache.solr.handler.component.SearchHandlerTest",3,0.00,1.00,44,0.78,64420.94,3,0,5,19,8,134.02,7,51,0,3,94.13,0.00,0.67,0.00,0,4.00,1,2329.20,0,2,8,org.apache.solr.util.AbstractSolrTestCase,0.17,16,2,3,0,16,1,0,7,423,1
"org.apache.solr.handler.component.ShardDoc",1,1.00,1.00,10,0.10,870.11,8,7,10,1,17,90.41,14,18,12,1,110.55,0.00,0.00,0.86,0,0.00,1,286.13,0,1,5,java.lang.Object,0.00,0,0,1,0,0,0,0,14,67,1
"org.apache.solr.handler.component.ShardFieldSortedHitQueue",7,0.17,2.86,63,0.87,57940.39,10,3,10,22,7,124.93,24,87,1,2,104.31,0.00,0.50,0.19,0,13.00,7,2622.61,1,5,6,org.apache.lucene.util.PriorityQueue,0.00,15,1,20,0,15,2,0,24,508,0
"org.apache.solr.handler.component.ShardFieldSortedHitQueue$Comparator",1,0.00,3.00,9,0.10,3634.02,1,0,10,1,1,107.11,0,12,0,1,107.11,0.00,0.00,0.00,0,1.00,3,299.43,0,0,1,java.lang.Object,0.00,0,0,3,0,0,1,0,0,66,0
"org.apache.solr.handler.component.ShardFieldSortedHitQueue$ShardComparator",3,0.25,1.67,19,0.17,3919.36,5,2,10,7,1,117.32,0,22,0,1,117.32,0.00,0.00,0.33,0,5.00,3,521.29,0,1,1,java.lang.Object,0.00,4,0,5,0,4,2,1,0,123,0
"org.apache.solr.handler.component.ShardFieldSortedHitQueue$ShardComparator_0",1,0.00,4.00,10,0.13,5229.74,1,0,10,3,1,104.10,0,15,0,1,104.10,0.00,0.00,0.00,0,1.00,4,400.25,0,0,1,java.lang.Object,0.00,2,0,4,0,2,1,0,0,85,0
"org.apache.solr.handler.component.ShardFieldSortedHitQueue$ShardComparator_1",1,0.00,4.00,10,0.14,5433.78,1,0,10,3,1,103.97,0,15,0,1,103.97,0.00,0.00,0.00,0,1.00,4,405.11,0,0,1,java.lang.Object,0.00,2,0,4,0,2,1,0,0,86,0
"org.apache.solr.handler.component.ShardFieldSortedHitQueue$ShardComparator_2",1,0.00,4.00,10,0.13,5229.74,1,0,10,3,1,104.10,0,15,0,1,104.10,0.00,0.00,0.00,0,1.00,4,400.25,0,0,1,java.lang.Object,0.00,2,0,4,0,2,1,0,0,85,0
"org.apache.solr.handler.component.ShardRequest",1,14.00,1.00,20,0.32,7548.83,18,17,3,4,16,43.45,10,26,15,1,91.93,0.00,0.00,0.18,0,0.00,1,969.51,0,1,2,java.lang.Object,0.00,3,0,1,0,3,0,0,10,180,1
"org.apache.solr.handler.component.ShardResponse",10,0.02,1.10,27,0.22,2640.37,16,6,2,11,7,140.68,1,52,5,1,140.68,0.00,0.00,0.15,0,34.00,2,646.95,0,5,3,java.lang.Object,0.00,1,0,11,0,1,5,0,1,169,2
"org.apache.solr.handler.component.SimpleStats",4,0.08,4.50,75,1.20,88013.29,8,4,19,39,17,129.52,8,96,1,1,89.63,0.00,0.00,0.31,0,4.00,10,3585.21,0,3,16,java.lang.Object,0.00,35,0,18,0,35,1,0,8,607,0
"org.apache.solr.handler.component.SpellCheckComponent",18,0.03,5.67,397,7.68,880671.60,24,6,38,187,50,104.21,69,494,7,2,83.60,0.00,0.50,0.14,5,106.00,40,23032.00,1,9,43,org.apache.solr.handler.component.SearchComponent,0.42,169,1,102,0,169,9,2,48,3439,1
"org.apache.solr.handler.component.SpellCheckComponent$SpellCheckerListener",5,0.06,2.20,31,0.33,7032.71,9,4,38,11,5,117.00,2,47,0,1,117.00,0.00,0.00,0.30,1,7.00,6,975.87,0,0,5,java.lang.Object,0.00,6,0,11,0,6,5,1,2,217,2
"org.apache.solr.handler.component.SpellCheckComponentTest",9,0.50,1.11,69,1.35,33876.16,10,1,11,31,9,111.29,6,120,0,3,111.29,0.00,0.67,0.56,0,13.00,2,4047.45,7,0,9,org.apache.solr.SolrTestCaseJ4,0.00,22,2,10,0,22,9,0,4,767,1
"org.apache.solr.handler.component.StatsComponent",10,1.00,2.20,62,0.89,34036.80,11,1,19,30,23,163.98,16,89,2,2,113.98,0.00,0.50,0.00,0,10.00,5,2678.97,0,4,21,org.apache.solr.handler.component.SearchComponent,0.64,20,1,22,0,20,6,0,11,522,1
"org.apache.solr.handler.component.StatsComponentTest",9,0.00,1.22,57,1.11,15451.53,9,0,1,10,1,116.45,6,168,0,3,116.45,0.00,0.67,0.00,5,16.00,3,3342.89,5,2,1,org.apache.solr.util.AbstractSolrTestCase,0.22,1,2,11,0,1,7,0,4,617,1
"org.apache.solr.handler.component.StatsInfo",1,0.00,3.00,9,0.10,2538.67,2,1,19,5,18,108.34,0,12,2,1,108.34,0.00,0.00,1.00,0,0.00,3,295.02,0,0,17,java.lang.Object,0.00,4,0,3,0,4,1,0,0,64,0
"org.apache.solr.handler.component.StatsValues",10,0.42,2.40,90,1.23,62048.42,18,8,4,33,8,155.34,11,105,6,1,105.34,0.00,0.00,0.50,1,0.00,8,3675.04,0,1,2,java.lang.Object,0.00,23,0,24,0,23,9,0,5,702,1
"org.apache.solr.handler.component.TermVectorComponent",10,0.30,4.00,161,2.94,284250.25,13,3,31,70,28,72.82,59,202,1,2,90.69,0.00,0.50,0.07,1,18.00,23,8822.87,1,5,27,org.apache.solr.handler.component.SearchComponent,0.32,60,1,40,0,60,5,1,23,1342,1
"org.apache.solr.handler.component.TermVectorComponent$FieldOptions",0,0.00,0.00,3,0.02,86.04,6,6,31,0,0,171.00,0,4,0,1,171.00,0.00,0.00,0.00,0,0.00,0,57.36,0,0,0,java.lang.Object,0.00,0,0,0,0,0,0,0,0,16,0
"org.apache.solr.handler.component.TermVectorComponent$TVMapper",6,0.23,2.67,57,0.72,29072.56,13,7,31,17,6,106.16,5,74,0,2,106.16,0.00,0.50,0.33,0,0.00,8,2145.85,0,0,6,org.apache.lucene.index.TermVectorMapper,0.31,11,1,16,0,11,6,0,5,411,2
"org.apache.solr.handler.component.TermVectorComponentTest",5,0.50,1.40,60,1.47,76595.10,6,1,17,24,15,79.84,27,152,0,3,97.71,0.00,0.67,0.60,0,4.00,3,4401.79,6,0,15,org.apache.solr.SolrTestCaseJ4,0.00,19,2,7,0,19,5,0,9,740,1
"org.apache.solr.handler.component.TermsComponent",11,0.50,4.91,149,2.75,259738.73,13,2,20,65,20,115.26,39,196,1,2,94.64,0.00,0.50,0.05,1,20.00,29,8256.22,0,5,19,org.apache.solr.handler.component.SearchComponent,0.31,54,1,54,0,54,6,0,21,1332,1
"org.apache.solr.handler.component.TermsComponent$TermsHelper",7,0.17,3.57,75,1.09,67585.86,9,2,20,29,5,141.91,16,95,0,1,102.03,0.00,0.00,0.36,0,3.00,11,3259.84,0,4,5,java.lang.Object,0.00,22,0,25,0,22,3,0,16,609,1
"org.apache.solr.handler.component.TermsComponent$TermsHelper$Comparator<TermsResponse.Term>",1,0.00,1.00,3,0.04,568.17,1,0,20,3,0,131.51,0,4,0,1,131.51,0.00,0.00,0.00,0,1.00,1,127.52,0,0,0,java.lang.Object,0.00,2,0,1,0,2,1,0,0,35,0
"org.apache.solr.handler.component.TermsComponent$TermsHelper$Comparator<TermsResponse.Term>_0",1,0.00,3.00,10,0.11,3437.55,1,0,20,4,0,105.60,0,12,0,1,105.60,0.00,0.00,0.00,0,1.00,3,321.97,0,0,0,java.lang.Object,0.00,3,0,3,0,3,1,0,0,73,0
"org.apache.solr.handler.component.TermsComponentTest",14,0.00,1.00,63,1.70,46164.16,14,0,6,21,4,120.84,8,212,0,3,120.84,0.00,0.67,0.00,0,26.00,1,5089.55,5,0,4,org.apache.solr.SolrTestCaseJ4,0.00,7,2,14,0,7,14,0,5,944,1
"org.apache.lucene.analysis.miscellaneous.EmptyTokenStream",1,0.00,1.00,3,0.02,297.80,1,0,2,1,3,154.34,3,6,2,3,133.72,0.00,0.67,0.00,0,1.00,1,71.46,0,0,1,org.apache.lucene.analysis.TokenStream,0.33,0,2,1,0,0,1,0,1,21,2
"org.apache.lucene.analysis.miscellaneous.PatternAnalyzer",8,0.16,3.75,79,2.17,87123.85,17,9,16,30,10,102.84,132,154,2,2,103.31,0.00,0.50,0.25,3,16.00,6,6499.21,0,3,8,org.apache.lucene.analysis.Analyzer,0.00,22,1,30,0,22,5,0,34,1022,2
"org.apache.lucene.analysis.miscellaneous.PatternAnalyzer$FastStringReader",2,1.00,1.00,7,0.04,396.02,3,1,16,2,0,135.12,0,10,0,2,135.12,0.00,0.50,0.50,0,2.00,1,114.45,0,1,0,java.io.StringReader,0.00,0,1,2,0,0,1,0,0,35,2
"org.apache.lucene.analysis.miscellaneous.PatternAnalyzer$FastStringTokenizer",5,0.12,2.40,46,0.57,24161.35,13,8,16,16,3,146.08,14,59,0,3,106.19,0.00,0.67,0.22,0,10.00,6,1702.38,0,0,3,org.apache.lucene.analysis.TokenStream,0.46,11,2,12,0,11,5,0,14,342,3
"org.apache.lucene.analysis.miscellaneous.PatternAnalyzer$PatternTokenizer",3,0.36,3.00,35,0.41,13683.34,10,7,16,15,3,153.09,4,44,0,3,103.09,0.00,0.67,0.38,0,1.00,7,1232.29,0,0,3,org.apache.lucene.analysis.TokenStream,0.55,12,2,9,0,12,3,0,4,251,3
"org.apache.lucene.analysis.miscellaneous.PatternAnalyzerTest",5,0.00,1.00,33,0.59,14158.88,5,0,6,14,4,66.68,40,54,0,3,114.79,0.00,0.67,0.00,1,5.00,1,1774.01,2,0,4,org.apache.lucene.analysis.BaseTokenStreamTestCase,0.00,9,2,5,0,9,5,0,19,357,1
"org.apache.lucene.analysis.miscellaneous.PrefixAndSuffixAwareTokenFilter",7,0.50,1.00,22,0.22,4324.64,8,1,3,16,7,131.22,6,34,4,3,131.22,0.00,0.67,0.57,0,3.00,1,656.55,0,2,3,org.apache.lucene.analysis.TokenStream,0.80,9,2,7,0,9,5,0,1,175,1
"org.apache.lucene.analysis.miscellaneous.PrefixAndSuffixAwareTokenFilter$PrefixAwareTokenFilter",1,0.00,1.00,3,0.03,512.11,1,0,3,2,2,131.87,0,5,0,1,131.87,0.00,0.00,0.00,0,1.00,1,101.46,0,1,2,java.lang.Object,0.00,1,0,1,0,1,0,0,0,28,0
"org.apache.lucene.analysis.miscellaneous.PrefixAndSuffixAwareTokenFilter$PrefixAwareTokenFilter_0",1,0.00,1.00,3,0.03,567.72,1,0,3,2,2,131.51,0,5,0,1,131.51,0.00,0.00,0.00,0,1.00,1,99.27,0,1,2,java.lang.Object,0.00,1,0,1,0,1,0,0,0,28,0
"org.apache.lucene.analysis.miscellaneous.PrefixAwareTokenFilter",13,0.16,1.69,105,1.22,28262.52,30,17,10,52,11,160.91,17,129,2,3,110.91,0.00,0.67,0.20,3,27.00,5,3655.68,1,5,9,org.apache.lucene.analysis.TokenStream,0.57,39,2,22,0,39,8,0,3,751,1
"org.apache.lucene.analysis.miscellaneous.SingleTokenTokenStream",5,0.08,1.20,24,0.21,3737.22,8,3,5,9,9,125.87,4,33,5,3,125.87,0.00,0.67,0.40,0,5.00,2,625.67,0,1,4,org.apache.lucene.analysis.TokenStream,0.46,4,2,6,0,4,4,0,2,150,2
"org.apache.lucene.analysis.miscellaneous.StemmerOverrideFilter",2,0.33,3.50,17,0.24,6375.20,5,3,8,11,9,77.21,13,26,3,4,109.44,0.00,0.75,0.50,0,2.00,4,720.53,0,0,6,org.apache.lucene.analysis.TokenFilter,0.29,9,3,7,0,9,2,0,3,151,2
"org.apache.lucene.analysis.miscellaneous.TestEmptyTokenStream",1,0.00,1.00,6,0.05,870.31,1,0,3,5,2,118.82,0,8,0,2,118.82,0.00,0.50,0.00,0,1.00,1,150.40,0,0,2,org.apache.lucene.util.LuceneTestCase,0.00,4,1,1,0,4,1,0,0,39,1
"org.apache.lucene.analysis.miscellaneous.TestPrefixAndSuffixAwareTokenFilter",2,0.00,1.00,8,0.15,3120.40,2,0,5,7,5,123.40,0,16,0,3,123.40,0.00,0.67,0.00,1,2.00,1,436.66,1,1,5,org.apache.lucene.analysis.BaseTokenStreamTestCase,0.00,5,2,2,0,5,1,0,0,95,1
"org.apache.lucene.analysis.miscellaneous.TestPrefixAwareTokenFilter",2,0.00,1.00,14,0.24,7425.94,2,0,5,7,5,111.37,1,23,0,3,111.37,0.00,0.67,0.00,1,2.00,1,722.39,1,1,5,org.apache.lucene.analysis.BaseTokenStreamTestCase,0.00,5,2,2,0,5,1,0,1,148,1
"org.apache.lucene.analysis.miscellaneous.TestSingleTokenTokenFilter",1,0.00,1.00,16,0.18,6223.76,1,0,5,10,4,96.21,0,18,0,2,96.21,0.00,0.50,0.00,0,1.00,1,535.70,0,0,4,org.apache.lucene.util.LuceneTestCase,0.00,9,1,1,0,9,1,0,0,111,1
"org.apache.lucene.analysis.miscellaneous.TestStemmerOverrideFilter",1,0.00,1.00,7,0.11,2565.09,1,0,9,7,6,138.91,19,10,0,3,112.63,0.00,0.67,0.00,0,1.00,1,322.67,1,0,6,org.apache.lucene.analysis.BaseTokenStreamTestCase,0.00,6,2,1,0,6,1,0,4,68,1
"org.apache.lucene.collation.CollationKeyAnalyzer",3,0.50,1.33,19,0.20,5624.46,4,1,7,7,8,115.66,49,26,3,2,116.13,0.00,0.50,0.67,0,1.00,2,598.91,2,2,5,org.apache.lucene.analysis.Analyzer,0.00,4,1,4,0,4,1,0,1,133,2
"org.apache.lucene.collation.CollationKeyAnalyzer$SavedStreams",0,0.00,0.00,3,0.01,82.42,2,2,7,0,2,171.00,0,5,0,1,171.00,0.00,0.00,0.00,0,0.00,0,41.21,0,0,2,java.lang.Object,0.00,0,0,0,0,0,0,0,0,13,1
"org.apache.lucene.collation.CollationKeyFilter",2,0.00,1.50,16,0.20,5217.32,4,2,6,11,8,160.31,51,23,4,4,110.32,0.00,0.75,0.50,0,2.00,2,613.69,0,0,4,org.apache.lucene.analysis.TokenFilter,0.29,9,3,3,0,9,2,0,4,130,2
"org.apache.lucene.collation.CollationTestBase",7,4.00,2.57,138,2.79,129885.25,11,4,28,55,24,71.60,40,180,2,2,89.47,4.00,0.17,0.00,1,7.00,6,8361.31,0,1,22,org.apache.lucene.util.LuceneTestCase,0.00,48,1,18,4,48,6,0,34,1390,2
"org.apache.lucene.collation.CollationTestBase$Thread",1,0.00,3.00,13,0.18,6298.55,1,0,28,12,2,99.28,0,17,0,1,99.28,0.00,0.00,0.00,0,1.00,3,543.79,0,0,2,java.lang.Object,0.00,11,0,3,0,11,1,0,0,101,0
"org.apache.lucene.collation.ICUCollationKeyAnalyzer",3,0.50,1.33,19,0.20,5624.46,4,1,8,7,7,86.75,41,26,1,2,116.13,0.00,0.50,0.67,0,1.00,2,598.91,2,2,6,org.apache.lucene.analysis.Analyzer,0.00,4,1,4,0,4,1,0,1,133,2
"org.apache.lucene.collation.ICUCollationKeyAnalyzer$SavedStreams",0,0.00,0.00,3,0.01,82.42,2,2,8,0,2,171.00,0,5,0,1,171.00,0.00,0.00,0.00,0,0.00,0,41.21,0,0,2,java.lang.Object,0.00,0,0,0,0,0,0,0,0,13,1
"org.apache.lucene.collation.ICUCollationKeyFilter",2,0.33,2.50,22,0.30,10041.60,5,3,8,14,8,146.74,44,32,3,4,102.80,0.00,0.75,0.50,0,2.00,3,885.11,0,0,5,org.apache.lucene.analysis.TokenFilter,0.29,12,3,5,0,12,2,0,3,178,2
"org.apache.lucene.collation.TestCollationKeyAnalyzer",5,0.39,1.40,29,0.49,12392.49,12,7,3,12,3,168.12,8,49,0,3,118.12,0.00,0.67,0.46,4,5.00,2,1460.69,1,0,3,org.apache.lucene.collation.CollationTestBase,0.00,7,2,7,0,7,5,0,8,296,1
"org.apache.lucene.collation.TestCollationKeyFilter",4,0.57,1.25,21,0.41,11324.48,11,7,6,10,4,157.58,8,41,0,3,117.69,0.00,0.67,0.57,4,0.00,2,1237.31,0,0,4,org.apache.lucene.collation.CollationTestBase,0.00,6,2,5,0,6,4,0,8,249,1
"org.apache.lucene.collation.TestCollationKeyFilter$TestAnalyzer",2,0.00,1.00,8,0.07,1026.85,3,1,6,4,4,127.20,0,12,0,2,127.20,0.00,0.50,1.00,0,0.00,1,200.20,0,1,4,org.apache.lucene.analysis.Analyzer,0.00,2,1,2,0,2,1,0,0,52,2
"org.apache.lucene.collation.TestICUCollationKeyAnalyzer",5,0.42,1.20,29,0.44,10340.62,11,6,3,11,3,168.78,8,47,0,3,118.78,0.00,0.67,0.50,4,2.00,2,1311.55,1,0,3,org.apache.lucene.collation.CollationTestBase,0.00,6,2,6,0,6,5,0,8,276,1
"org.apache.lucene.collation.TestICUCollationKeyFilter",4,0.61,1.00,20,0.35,8740.64,10,6,6,9,4,158.51,8,38,0,3,118.63,0.00,0.67,0.62,4,0.00,1,1058.74,0,0,4,org.apache.lucene.collation.CollationTestBase,0.00,5,2,4,0,5,4,0,8,224,1
"org.apache.lucene.collation.TestICUCollationKeyFilter$TestAnalyzer",2,0.00,1.00,8,0.07,1026.85,3,1,6,4,4,127.20,0,12,0,2,127.20,0.00,0.50,1.00,0,0.00,1,200.20,0,1,4,org.apache.lucene.analysis.Analyzer,0.00,2,1,2,0,2,1,0,0,52,2
"org.apache.lucene.analysis.bg.BulgarianAnalyzer",5,0.33,1.80,22,0.30,7730.75,8,3,16,15,15,74.81,54,31,2,4,123.29,0.00,0.75,0.07,0,8.00,3,910.85,0,2,13,org.apache.lucene.analysis.StopwordAnalyzerBase,0.00,10,3,9,0,10,3,0,10,201,2
"org.apache.lucene.analysis.bg.BulgarianAnalyzer$DefaultSetHolder",0,0.00,0.00,6,0.05,853.95,1,1,16,0,1,171.00,2,10,0,1,171.00,0.00,0.00,0.00,0,0.00,0,164.39,0,0,1,java.lang.Object,0.00,0,0,0,0,0,0,0,2,40,2
"org.apache.lucene.analysis.bg.BulgarianStemFilter",2,0.33,2.00,14,0.16,3828.15,5,3,6,9,9,113.71,9,20,3,4,113.47,0.00,0.75,0.50,0,2.00,3,486.85,0,0,6,org.apache.lucene.analysis.TokenFilter,0.29,7,3,4,0,7,2,0,1,108,2
"org.apache.lucene.analysis.bg.BulgarianStemmer",3,0.00,9.00,47,0.77,51673.55,3,0,1,4,1,49.14,34,81,1,1,93.27,0.00,0.00,0.00,0,3.00,14,2298.83,0,0,0,java.lang.Object,0.00,1,0,27,0,1,3,0,15,443,1
"org.apache.lucene.analysis.bg.TestBulgarianAnalyzer",7,0.00,1.00,27,0.36,5981.37,7,0,6,12,5,180.12,10,37,0,3,130.12,0.00,0.67,0.00,0,7.00,1,1071.49,2,0,5,org.apache.lucene.analysis.BaseTokenStreamTestCase,0.00,5,2,7,0,5,7,0,4,240,1
"org.apache.lucene.analysis.bg.TestBulgarianStemmer",6,0.00,1.00,118,2.11,91202.15,6,0,7,13,7,48.08,45,126,0,3,90.37,0.00,0.67,0.00,0,6.00,1,6315.63,2,0,7,org.apache.lucene.analysis.BaseTokenStreamTestCase,0.00,7,2,6,0,7,6,0,31,1153,1
"org.apache.lucene.analysis.no.NorwegianAnalyzer",5,0.50,1.80,21,0.29,7141.30,7,2,17,16,15,75.46,42,31,1,4,123.56,0.00,0.75,0.10,0,8.00,3,866.52,0,2,14,org.apache.lucene.analysis.StopwordAnalyzerBase,0.00,11,3,9,0,11,3,0,8,192,2
"org.apache.lucene.analysis.no.NorwegianAnalyzer$DefaultSetHolder",0,0.00,0.00,6,0.05,843.89,1,1,17,0,2,171.00,2,11,0,1,171.00,0.00,0.00,0.00,0,0.00,0,162.56,0,0,2,java.lang.Object,0.00,0,0,0,0,0,0,0,2,40,2
"org.apache.lucene.analysis.no.TestNorwegianAnalyzer",4,0.00,1.00,16,0.17,3088.17,4,0,5,9,3,175.80,7,22,0,3,125.80,0.00,0.67,0.00,0,4.00,1,522.25,2,0,3,org.apache.lucene.analysis.BaseTokenStreamTestCase,0.00,5,2,4,0,5,4,0,6,121,1
"org.apache.lucene.analysis.nl.Deprecated",18,0.07,3.89,183,2.72,156640.22,23,5,1,37,0,122.98,70,287,0,1,102.36,0.00,0.00,0.13,11,86.00,11,8156.16,0,1,0,java.lang.Object,0.00,19,0,70,0,19,17,0,17,1594,1
"org.apache.lucene.analysis.nl.DutchAnalyzer",12,0.02,2.08,67,0.96,31563.24,18,6,23,35,17,69.72,102,96,1,3,117.83,0.00,0.67,0.18,0,32.00,5,2865.30,1,2,16,org.apache.lucene.analysis.ReusableAnalyzerBase,0.00,23,2,25,0,23,10,0,25,595,2
"org.apache.lucene.analysis.nl.DutchAnalyzer$DefaultSetHolder",0,0.00,0.00,6,0.05,843.89,1,1,23,0,2,171.00,2,11,0,1,171.00,0.00,0.00,0.00,0,0.00,0,162.56,0,0,2,java.lang.Object,0.00,0,0,0,0,0,0,0,2,40,2
"org.apache.lucene.analysis.nl.TestDutchStemmer",11,0.00,1.00,123,1.44,23775.49,11,0,6,18,5,145.78,29,137,0,3,105.89,0.00,0.67,0.00,1,11.00,1,4307.33,4,0,5,org.apache.lucene.analysis.BaseTokenStreamTestCase,0.00,7,2,11,0,7,11,0,10,751,1
"org.apache.lucene.search.spans.FieldMaskingSpanQuery",11,0.15,1.27,43,0.50,14500.14,13,2,9,27,11,128.81,44,71,3,3,128.58,0.00,0.67,0.36,2,0.00,3,1498.22,2,6,8,org.apache.lucene.search.spans.SpanQuery,0.21,16,2,14,0,16,5,0,3,354,1
"org.apache.lucene.search.spans.JustCompileSearchSpans",0,0.00,0.00,6,0.06,759.99,1,1,5,0,3,171.00,7,10,0,1,171.00,0.00,0.00,0.00,0,0.00,0,174.17,0,0,3,java.lang.Object,0.00,0,0,0,0,0,0,0,1,41,1
"org.apache.lucene.search.spans.JustCompileSearchSpans$JustCompilePayloadSpans",7,0.00,1.00,15,0.15,2024.81,7,0,5,8,1,140.39,0,30,0,2,140.39,0.00,0.50,0.00,0,0.00,1,436.73,0,1,1,org.apache.lucene.search.spans.Spans,1.00,1,1,7,0,1,6,0,0,117,2
"org.apache.lucene.search.spans.JustCompileSearchSpans$JustCompileSpanQuery",3,0.00,1.00,7,0.07,860.22,3,0,5,4,3,140.42,0,14,0,3,140.42,0.00,0.67,0.00,0,0.00,1,201.05,0,3,3,org.apache.lucene.search.spans.SpanQuery,0.15,1,2,3,0,1,0,0,0,55,2
"org.apache.lucene.search.spans.JustCompileSearchSpans$JustCompileSpanScorer",2,0.00,1.00,5,0.06,701.28,2,0,5,3,4,139.73,0,10,0,4,139.73,0.00,0.75,0.00,0,2.00,1,170.49,0,0,4,org.apache.lucene.search.spans.SpanScorer,0.17,1,3,2,0,1,2,0,0,45,2
"org.apache.lucene.search.spans.JustCompileSearchSpans$JustCompileSpans",7,0.00,1.00,15,0.15,2024.81,7,0,5,8,1,140.39,0,30,0,2,140.39,0.00,0.50,0.00,0,0.00,1,436.73,0,1,1,org.apache.lucene.search.spans.Spans,1.00,1,1,7,0,1,6,0,0,117,2
"org.apache.lucene.search.spans.NearSpansOrdered",17,0.12,3.18,180,2.29,173514.48,29,12,10,37,8,102.10,70,218,4,2,101.86,0.00,0.50,0.20,3,56.00,12,6866.64,0,3,5,org.apache.lucene.search.spans.Spans,0.58,20,1,54,0,20,14,0,31,1286,1
"org.apache.lucene.search.spans.NearSpansOrdered$Comparator<Spans>",1,0.00,1.00,3,0.03,480.85,1,0,10,2,1,132.08,0,4,0,1,132.08,0.00,0.00,0.00,0,1.00,1,93.66,0,0,1,java.lang.Object,0.00,1,0,1,0,1,1,0,0,27,0
"org.apache.lucene.search.spans.NearSpansUnordered",17,0.08,2.65,135,1.40,51079.59,28,11,8,46,7,151.75,44,166,3,2,111.87,0.00,0.50,0.17,8,92.00,11,4185.53,0,4,5,org.apache.lucene.search.spans.Spans,0.58,29,1,45,0,29,13,0,35,877,1
"org.apache.lucene.search.spans.NearSpansUnordered$CellQueue",2,0.00,1.50,8,0.09,2854.54,2,0,8,4,2,123.61,0,13,0,2,123.61,0.00,0.50,0.00,0,2.00,2,260.58,1,0,2,org.apache.lucene.util.PriorityQueue,0.00,2,1,3,0,2,2,0,0,65,1
"org.apache.lucene.search.spans.NearSpansUnordered$SpansCell",10,0.00,1.30,34,0.36,11038.58,14,4,8,18,1,129.18,4,49,0,2,129.18,0.00,0.50,0.25,3,0.00,4,1088.55,0,2,1,org.apache.lucene.search.spans.Spans,0.82,8,1,13,0,8,8,0,4,266,1
"org.apache.lucene.search.spans.SpanFirstQuery",6,0.00,1.67,29,0.42,14592.96,6,0,2,19,15,171.76,10,48,11,5,121.76,0.00,0.80,0.00,1,0.00,3,1274.28,1,3,4,org.apache.lucene.search.spans.SpanPositionRangeQuery,0.26,13,4,10,0,13,3,0,3,284,1
"org.apache.lucene.search.spans.SpanMultiTermQueryWrapper",9,0.08,2.22,55,0.70,22730.40,12,3,9,28,12,97.12,47,83,4,3,115.00,0.50,0.50,0.41,1,0.00,5,2089.24,0,4,8,org.apache.lucene.search.spans.SpanQuery,0.23,19,2,20,1,19,5,0,9,440,1
"org.apache.lucene.search.spans.SpanMultiTermQueryWrapper$SpanRewriteMethod",1,0.00,1.00,2,0.03,309.01,1,0,9,1,3,140.16,0,4,0,2,140.16,0.00,0.50,0.00,0,1.00,1,90.33,0,0,3,MultiTermQuery.RewriteMethod,0.00,0,1,1,0,0,1,0,0,25,3
"org.apache.lucene.search.spans.SpanMultiTermQueryWrapper$SpanRewriteMethod_0",2,0.00,1.00,8,0.08,1923.95,2,0,9,4,5,92.83,12,14,0,1,125.05,0.00,0.00,0.00,0,2.00,1,243.19,0,1,5,java.lang.Object,0.00,2,0,2,0,2,1,0,2,61,0
"org.apache.lucene.search.spans.SpanMultiTermQueryWrapper$SpanRewriteMethod_0$ScoringRewrite<SpanOrQuery>",2,0.00,1.00,7,0.07,1454.02,2,0,9,6,3,130.67,0,11,0,1,130.67,0.00,0.00,0.00,0,2.00,1,216.57,0,0,3,java.lang.Object,0.00,4,0,2,0,4,2,0,0,55,0
"org.apache.lucene.search.spans.SpanMultiTermQueryWrapper$SpanRewriteMethod_0$TopTermsSpanBooleanQueryRewrite",5,0.00,1.60,16,0.18,4223.19,6,1,9,11,5,180.05,5,25,0,2,130.05,0.00,0.50,1.00,0,0.00,4,534.36,0,0,5,org.apache.lucene.search.spans.SpanRewriteMethod,0.00,6,1,8,0,6,5,0,2,130,3
"org.apache.lucene.search.spans.SpanMultiTermQueryWrapper$SpanRewriteMethod_0$TopTermsSpanBooleanQueryRewrite$TopTermsRewrite<SpanOrQuery>",3,0.00,1.00,9,0.09,1660.64,3,0,9,7,3,131.60,0,15,0,1,131.60,0.00,0.00,0.00,0,3.00,1,267.52,0,0,3,java.lang.Object,0.00,4,0,3,0,4,3,0,0,69,0
"org.apache.lucene.search.spans.SpanNearPayloadCheckQuery",6,0.60,2.50,52,0.63,26122.58,7,1,4,23,6,148.33,16,70,2,4,108.45,0.00,0.75,0.50,1,2.00,7,1886.58,1,3,4,org.apache.lucene.search.spans.SpanPositionCheckQuery,0.27,17,3,15,0,17,3,0,8,388,1
"org.apache.lucene.search.spans.SpanNearQuery",13,0.13,2.54,97,1.19,51718.87,18,5,9,43,39,150.80,26,117,32,3,110.91,0.50,0.50,0.32,2,10.00,6,3558.13,1,5,9,org.apache.lucene.search.spans.SpanQuery,0.30,30,2,33,1,30,8,1,17,731,1
"org.apache.lucene.search.spans.SpanNotQuery",11,0.05,1.64,56,0.68,26026.63,13,2,8,28,19,118.24,10,74,13,3,118.24,0.00,0.67,0.55,2,0.00,5,2025.46,1,4,6,org.apache.lucene.search.spans.SpanQuery,0.32,17,2,18,0,17,7,1,9,460,1
"org.apache.lucene.search.spans.SpanNotQuery$Spans",8,0.18,2.38,37,0.61,40991.81,12,4,8,16,2,159.02,16,67,0,1,119.13,0.00,0.00,0.41,1,0.00,6,1829.90,0,2,2,java.lang.Object,0.00,8,0,19,0,8,6,0,16,397,0
"org.apache.lucene.search.spans.SpanOrQuery",11,0.05,2.45,78,0.95,36529.60,13,2,11,42,31,111.54,9,96,24,3,111.54,0.00,0.67,0.45,2,0.00,5,2860.25,1,5,7,org.apache.lucene.search.spans.SpanQuery,0.32,31,2,27,0,31,6,1,9,602,1
"org.apache.lucene.search.spans.SpanOrQuery$SpanQueue",2,0.00,2.00,11,0.13,6227.84,2,0,11,5,2,117.26,0,18,0,2,117.26,0.00,0.50,0.00,0,2.00,3,383.56,1,0,2,org.apache.lucene.util.PriorityQueue,0.00,3,1,4,0,3,2,0,0,93,1
"org.apache.lucene.search.spans.SpanOrQuery$Spans",10,0.56,2.20,52,0.69,23802.95,11,1,11,27,3,118.16,3,75,0,1,118.16,0.00,0.00,0.50,4,10.00,5,2060.40,0,3,3,java.lang.Object,0.00,17,0,22,0,17,7,0,3,436,0
"org.apache.lucene.search.spans.SpanPayloadCheckQuery",6,0.60,2.33,48,0.62,23272.12,7,1,5,26,6,129.47,21,66,2,4,108.86,0.00,0.75,0.50,1,2.00,5,1872.60,1,3,4,org.apache.lucene.search.spans.SpanPositionCheckQuery,0.27,20,3,14,0,20,3,0,9,386,1
"org.apache.lucene.search.spans.SpanPositionCheckQuery",7,0.50,1.29,25,0.23,5940.36,8,1,7,11,10,130.32,28,33,5,3,130.08,2.00,0.29,0.57,0,3.00,3,690.49,1,4,5,org.apache.lucene.search.spans.SpanQuery,0.12,4,2,9,4,4,3,1,6,170,2
"org.apache.lucene.search.spans.SpanPositionCheckQuery$AcceptStatus",0,0.00,0.00,2,0.01,71.32,0,0,7,0,0,171.00,0,1,0,1,171.00,0.00,0.00,0.00,0,0.00,0,28.53,0,0,0,java.lang.Object,0.00,0,0,0,0,0,0,1,0,9,2
"org.apache.lucene.search.spans.SpanPositionCheckQuery$PositionCheckSpan",10,0.11,1.90,36,0.36,8562.27,11,1,7,19,3,129.96,3,55,0,2,129.96,0.00,0.50,0.90,1,0.00,7,1090.35,0,2,3,org.apache.lucene.search.spans.Spans,0.82,9,1,19,0,9,8,0,3,261,1
"org.apache.lucene.search.spans.SpanPositionRangeQuery",8,0.14,1.50,37,0.52,18364.10,10,2,2,19,8,171.98,12,58,4,4,121.98,0.33,0.60,0.62,1,0.00,3,1561.25,1,2,4,org.apache.lucene.search.spans.SpanPositionCheckQuery,0.25,11,3,12,1,11,6,0,4,350,1
"org.apache.lucene.search.spans.SpanQuery",3,0.00,1.00,5,0.05,543.20,3,0,5,4,70,203.22,4,8,66,2,153.22,15.00,0.06,0.00,0,3.00,1,144.38,0,3,5,org.apache.lucene.search.Query,0.00,1,1,3,15,1,0,0,3,42,2
"org.apache.lucene.search.spans.SpanScorer",8,0.21,2.00,54,0.59,17365.88,14,6,5,20,11,165.54,8,73,6,3,115.54,1.50,0.33,0.35,1,0.00,4,1760.08,1,1,5,org.apache.lucene.search.Scorer,0.71,12,2,16,3,12,7,0,5,375,1
"org.apache.lucene.search.spans.SpanTermQuery",8,0.14,2.00,31,0.40,13766.59,9,1,5,22,46,127.56,3,48,40,3,127.56,0.50,0.50,0.88,0,0.00,7,1204.28,3,4,6,org.apache.lucene.search.spans.SpanQuery,0.24,14,2,16,1,14,4,0,3,276,1
"org.apache.lucene.search.spans.SpanWeight",7,0.25,1.43,61,1.06,59396.64,15,8,7,37,14,156.29,10,83,5,2,106.29,2.00,0.25,0.34,2,0.00,4,3178.96,0,3,10,org.apache.lucene.search.Weight,0.57,30,1,10,2,30,4,0,8,566,1
"org.apache.lucene.search.spans.Spans",7,0.00,1.00,8,0.06,462.42,7,0,2,7,37,114.38,49,9,37,1,156.67,0.00,0.00,0.00,0,7.00,1,173.89,0,1,0,java.lang.Object,0.00,0,0,7,7,0,6,0,9,59,2
"org.apache.lucene.search.spans.TermSpans",10,0.19,1.50,48,0.48,12008.96,16,6,5,20,8,124.20,6,71,5,2,124.20,0.00,0.50,0.33,0,0.00,3,1437.25,0,3,3,org.apache.lucene.search.spans.Spans,0.82,10,1,15,0,10,7,0,3,328,1
"org.apache.lucene.search.spans.TestBasics",27,0.12,1.07,283,7.52,203108.75,30,3,27,73,28,153.16,28,411,0,2,103.16,0.00,0.50,0.22,1,13.00,2,22571.38,0,0,28,org.apache.lucene.util.LuceneTestCase,0.00,46,1,29,0,46,27,0,6,3650,1
"org.apache.lucene.search.spans.TestBasics$Analyzer",1,0.00,1.00,3,0.03,439.75,1,0,34,3,2,132.39,0,5,0,1,132.39,0.00,0.00,0.00,0,1.00,1,102.01,0,1,2,java.lang.Object,0.00,2,0,1,0,2,0,0,0,27,0
"org.apache.lucene.search.spans.TestBasics$SimplePayloadFilter",3,0.38,1.33,21,0.19,3233.10,7,4,34,8,5,115.53,0,28,0,4,115.53,0.00,0.75,0.50,0,0.00,2,564.83,1,0,5,org.apache.lucene.analysis.TokenFilter,0.53,5,3,4,0,5,3,0,0,130,2
"org.apache.lucene.search.spans.TestFieldMaskingSpanQuery",18,0.10,1.11,174,3.10,126208.25,21,3,13,53,16,105.10,2,251,0,2,105.10,0.00,0.50,0.24,3,18.00,2,9303.01,2,4,16,org.apache.lucene.util.LuceneTestCase,0.00,35,1,20,0,35,14,0,2,1814,1
"org.apache.lucene.search.spans.TestFieldMaskingSpanQuery$Term",1,0.00,1.00,3,0.06,830.02,1,0,13,4,5,130.22,0,7,0,1,130.22,0.00,0.00,0.00,0,1.00,1,166.78,0,1,5,java.lang.Object,0.00,3,0,1,0,3,0,0,0,41,0
"org.apache.lucene.search.spans.TestNearSpansOrdered",16,0.04,1.06,91,1.27,24018.68,22,6,14,47,17,119.90,13,122,0,2,119.90,0.00,0.50,0.21,2,0.00,2,3811.61,2,4,17,org.apache.lucene.util.LuceneTestCase,0.00,31,1,17,0,31,12,0,3,811,1
"org.apache.lucene.search.spans.TestPayloadSpans",14,0.03,2.79,308,5.35,237867.53,19,5,30,63,29,87.38,7,347,0,2,87.38,0.00,0.50,0.23,2,62.00,7,16064.23,1,1,29,org.apache.lucene.util.LuceneTestCase,0.00,49,1,39,0,49,13,0,7,2727,1
"org.apache.lucene.search.spans.TestPayloadSpans$PayloadAnalyzer",1,0.00,1.00,5,0.05,920.77,1,0,30,3,3,121.58,0,8,0,2,121.58,0.00,0.50,0.00,0,1.00,1,151.44,0,1,3,org.apache.lucene.analysis.Analyzer,0.00,2,1,1,0,2,0,0,0,38,1
"org.apache.lucene.search.spans.TestPayloadSpans$PayloadFilter",2,1.25,2.50,31,0.37,9367.48,10,8,30,11,6,98.01,0,38,0,4,98.01,0.00,0.75,0.75,0,0.00,4,1114.29,0,0,6,org.apache.lucene.analysis.TokenFilter,0.29,9,3,5,0,9,2,0,0,222,1
"org.apache.lucene.search.spans.TestPayloadSpans$TestPayloadAnalyzer",1,0.00,1.00,5,0.05,938.88,1,0,30,3,3,121.52,0,8,0,2,121.52,0.00,0.50,0.00,0,1.00,1,155.59,0,1,3,org.apache.lucene.analysis.Analyzer,0.00,2,1,1,0,2,0,0,0,39,2
"org.apache.lucene.search.spans.TestSpanExplanations",30,0.00,1.00,101,1.34,18616.10,30,0,1,31,2,131.21,8,132,0,3,131.21,0.50,0.50,0.00,0,30.00,1,4026.30,6,0,2,org.apache.lucene.search.TestExplanations,0.00,1,2,30,1,1,30,0,6,892,1
"org.apache.lucene.search.spans.TestSpanExplanationsOfNonMatches",1,0.00,1.00,3,0.04,549.65,1,0,2,2,3,83.52,8,7,0,4,131.62,0.00,0.75,0.00,0,0.00,1,119.24,0,0,3,org.apache.lucene.search.spans.TestSpanExplanations,0.00,1,3,1,0,1,1,0,2,30,1
"org.apache.lucene.search.spans.TestSpanFirstQuery",1,0.00,1.00,22,0.36,8686.37,1,0,10,20,13,110.52,3,24,0,2,89.91,0.00,0.50,0.00,0,1.00,1,1074.41,0,0,13,org.apache.lucene.util.LuceneTestCase,0.00,19,1,1,0,19,1,0,3,190,1
"org.apache.lucene.search.spans.TestSpanMultiTermQueryWrapper",5,0.33,1.00,40,0.53,10899.91,8,3,11,24,13,161.02,7,48,0,2,111.02,0.00,0.50,0.60,0,0.00,1,1593.59,2,0,13,org.apache.lucene.util.LuceneTestCase,0.00,19,1,5,0,19,5,0,5,323,1
"org.apache.lucene.search.spans.TestSpans",40,0.13,1.05,254,3.73,216033.95,45,5,20,89,21,112.57,16,347,0,2,112.57,0.00,0.50,0.08,10,252.00,2,11176.20,2,5,21,org.apache.lucene.util.LuceneTestCase,0.00,49,1,42,0,49,35,0,16,2226,1
"org.apache.lucene.search.spans.TestSpans$DefaultSimilarity",1,0.00,1.00,3,0.02,175.12,1,0,20,1,0,135.54,0,5,0,1,135.54,0.00,0.00,0.00,0,1.00,1,54.60,0,0,0,java.lang.Object,0.00,0,0,1,0,0,1,0,0,17,0
"org.apache.lucene.search.spans.TestSpans$slop",1,0.00,1.00,3,0.02,165.49,1,0,20,1,1,135.73,0,7,0,1,135.73,0.00,0.00,0.00,0,1.00,1,51.36,0,1,1,java.lang.Object,0.00,0,0,1,0,0,0,0,0,16,0
"org.apache.lucene.search.spans.TestSpansAdvanced",6,0.20,1.33,57,0.90,33236.79,11,5,10,30,14,57.75,50,75,1,2,105.86,1.00,0.33,0.37,3,10.00,3,2693.25,2,0,13,org.apache.lucene.util.LuceneTestCase,0.00,24,1,8,1,24,6,0,15,511,1
"org.apache.lucene.search.spans.TestSpansAdvanced2",6,0.10,1.00,37,0.53,10559.82,8,2,7,20,9,98.54,32,53,0,3,116.42,0.00,0.67,0.58,0,0.00,1,1580.97,5,0,9,org.apache.lucene.search.spans.TestSpansAdvanced,0.75,14,2,6,0,14,6,0,10,323,1
"org.apache.solr.update.AddUpdateCommand",7,0.19,2.57,52,0.57,13765.22,15,8,7,23,30,163.32,10,71,22,2,113.32,0.00,0.50,0.29,0,0.00,6,1697.80,0,5,8,org.apache.solr.update.UpdateCommand,0.22,16,1,18,0,16,2,0,8,363,1
"org.apache.solr.update.AutoCommitTest",5,0.00,1.40,85,1.34,61027.96,5,0,14,27,12,74.97,26,94,0,3,92.84,0.00,0.67,0.00,1,7.00,2,4011.51,4,3,12,org.apache.solr.util.AbstractSolrTestCase,0.16,22,2,7,0,22,2,0,21,662,1
"org.apache.solr.update.AutoCommitTest$SolrQueryRequestBase",0,0.00,0.00,1,0.01,23.26,0,0,14,0,0,171.00,0,0,0,1,171.00,0.00,0.00,0.00,0,0.00,0,15.51,0,0,0,java.lang.Object,0.00,0,0,0,0,0,0,0,0,6,0
"org.apache.solr.update.AutoCommitTest$SolrQueryRequestBase_0",0,0.00,0.00,1,0.01,23.26,0,0,14,0,0,171.00,0,0,0,1,171.00,0.00,0.00,0.00,0,0.00,0,15.51,0,0,0,java.lang.Object,0.00,0,0,0,0,0,0,0,0,6,0
"org.apache.solr.update.CommitListener",6,0.00,1.67,27,0.22,5071.27,9,3,14,10,12,125.38,4,33,1,1,125.38,0.00,0.00,0.33,0,0.00,5,671.23,0,0,11,java.lang.Object,0.00,4,0,10,0,4,6,1,4,154,0
"org.apache.solr.update.CommitUpdateCommand",2,0.40,1.00,11,0.11,1242.90,7,5,0,2,19,123.17,8,19,18,2,122.93,0.00,0.50,0.40,0,2.00,1,326.34,0,1,1,org.apache.solr.update.UpdateCommand,0.50,0,1,2,0,0,1,0,2,80,1
"org.apache.solr.update.DeleteUpdateCommand",2,0.50,1.50,14,0.17,5066.01,6,4,0,6,16,152.47,5,19,15,2,112.58,0.00,0.50,0.50,0,2.00,2,501.41,0,1,1,org.apache.solr.update.UpdateCommand,0.50,4,1,3,0,4,1,0,3,112,1
"org.apache.solr.update.Deprecated",28,0.09,2.39,170,2.23,115129.42,34,6,18,62,18,153.20,77,237,0,2,113.31,0.00,0.50,0.08,12,254.00,10,6678.50,3,8,18,org.apache.solr.update.UpdateHandler,0.04,34,1,67,0,34,20,0,34,1341,1
"org.apache.solr.update.DirectUpdateHandler2",22,0.13,2.50,253,3.14,146162.48,40,18,26,66,32,83.97,123,341,14,2,101.84,4.00,0.17,0.18,4,18.00,11,9430.58,2,9,19,org.apache.solr.update.UpdateHandler,0.21,44,1,55,4,44,13,0,45,1714,1
"org.apache.solr.update.DirectUpdateHandler2$CommitTracker",9,0.25,2.56,64,0.70,19208.81,17,8,26,21,2,152.93,20,96,0,1,113.04,0.00,0.00,0.35,1,0.00,5,2113.11,0,1,2,java.lang.Object,0.00,12,0,23,0,12,8,1,19,441,0
"org.apache.solr.update.DirectUpdateHandlerOptimizeTest",4,0.00,1.50,41,0.54,25221.51,4,0,6,18,7,124.30,13,48,0,3,103.68,0.00,0.67,0.00,1,6.00,3,1606.24,0,2,7,org.apache.solr.util.AbstractSolrTestCase,0.17,14,2,6,0,14,2,0,10,288,1
"org.apache.solr.update.DirectUpdateHandlerOptimizeTest$FileFilter",1,0.00,1.00,3,0.02,227.68,1,0,6,3,0,134.64,0,4,0,1,134.64,0.00,0.00,0.00,0,1.00,1,70.91,0,0,0,java.lang.Object,0.00,2,0,1,0,2,1,0,0,21,0
"org.apache.solr.update.DirectUpdateHandlerTest",11,0.00,1.18,177,2.77,99199.29,11,0,17,43,16,115.51,42,241,0,3,94.90,0.00,0.67,0.00,2,0.00,3,8318.70,9,0,16,org.apache.solr.SolrTestCaseJ4,0.05,32,2,13,0,32,11,0,39,1453,1
"org.apache.solr.update.DocumentBuilder",12,0.09,4.83,160,2.53,204238.76,15,3,11,56,15,53.48,89,214,4,1,95.77,0.00,0.00,0.25,2,36.00,21,7581.00,0,3,11,java.lang.Object,0.00,44,0,58,0,44,9,0,38,1290,1
"org.apache.solr.update.DocumentBuilderTest",4,0.00,1.25,25,0.36,7168.38,4,0,8,17,7,156.19,8,39,0,3,116.30,0.00,0.67,0.00,0,0.00,2,1079.29,1,0,7,org.apache.solr.SolrTestCaseJ4,0.00,13,2,5,0,13,4,0,5,219,1
"org.apache.solr.update.MergeIndexesCommand",3,1.00,1.67,18,0.17,7586.43,4,1,1,7,11,154.94,6,22,9,2,115.06,0.00,0.50,0.33,0,4.00,3,508.60,0,1,2,org.apache.solr.update.UpdateCommand,0.40,4,1,5,0,4,2,0,1,113,1
"org.apache.solr.update.RollbackUpdateCommand",1,0.00,1.00,3,0.01,75.94,1,0,0,1,17,138.63,4,5,16,2,138.39,0.00,0.50,0.00,0,1.00,1,37.97,0,0,1,org.apache.solr.update.UpdateCommand,0.00,0,1,1,0,0,1,0,1,14,1
"org.apache.solr.update.SolrIndexConfig",6,0.37,4.17,105,1.79,83991.53,25,19,11,39,15,132.01,12,128,4,1,92.12,0.00,0.00,0.36,2,0.00,7,5355.46,0,4,12,java.lang.Object,0.00,33,0,25,0,33,2,0,10,931,1
"org.apache.solr.update.SolrIndexWriter",5,0.31,3.60,55,0.84,34954.65,9,4,15,29,14,53.48,40,83,3,2,101.58,0.00,0.50,0.50,2,0.00,8,2508.82,5,1,11,org.apache.lucene.index.IndexWriter,0.02,24,1,18,0,24,4,0,6,459,1
"org.apache.solr.update.SolrIndexWriter$TimeLoggingPrintStream",2,1.00,1.00,8,0.08,1001.57,3,1,15,6,0,177.28,3,13,0,2,127.28,0.00,0.50,0.50,0,2.00,1,238.64,1,0,0,java.io.PrintStream,0.00,4,1,2,0,4,2,0,3,60,0
"org.apache.solr.update.TestIndexingPerformance",3,0.00,2.67,47,0.88,56425.98,3,0,9,26,10,50.95,22,54,0,3,93.24,0.00,0.67,0.00,0,4.00,6,2626.05,0,2,10,org.apache.solr.util.AbstractSolrTestCase,0.17,23,2,8,0,23,1,0,4,398,1
"org.apache.solr.update.UpdateCommand",2,1.00,1.00,6,0.03,383.91,3,1,0,2,5,175.11,4,10,5,1,135.22,0.00,0.00,0.50,0,2.00,1,103.40,0,1,0,java.lang.Object,0.00,0,0,2,5,0,1,0,1,32,1
"org.apache.solr.update.UpdateHandler",17,0.01,1.71,65,0.93,29849.30,25,8,17,40,25,177.53,26,82,5,1,127.53,0.00,0.00,0.13,1,97.00,4,2791.29,0,4,21,java.lang.Object,0.00,23,0,29,6,23,13,1,8,594,2
"org.apache.solr.update.UpdateHandler$DeleteHitCollector",5,0.17,1.20,16,0.17,3105.27,8,3,17,8,4,131.17,2,28,0,2,131.17,0.00,0.50,0.20,0,8.00,2,521.23,0,0,4,org.apache.lucene.index.Collector,0.00,3,1,6,0,3,5,0,2,125,1
"org.apache.solr.update.UpdateParamsTest",3,0.00,1.67,24,0.31,10138.41,3,0,8,18,7,149.29,7,30,0,3,109.41,0.00,0.67,0.00,0,4.00,3,930.80,0,2,7,org.apache.solr.util.AbstractSolrTestCase,0.17,15,2,5,0,15,1,0,4,178,1
"org.apache.solr.update.UpdateParamsTest$SolrQueryRequestBase",0,0.00,0.00,1,0.01,23.26,0,0,8,0,0,171.00,0,0,0,1,171.00,0.00,0.00,0.00,0,0.00,0,15.51,0,0,0,java.lang.Object,0.00,0,0,0,0,0,0,0,0,6,0
"org.apache.lucene.analysis.ar.ArabicAnalyzer",8,0.29,1.88,31,0.42,11073.30,11,3,16,23,14,79.84,84,46,1,4,128.32,0.00,0.75,0.08,0,20.00,3,1254.01,0,2,13,org.apache.lucene.analysis.StopwordAnalyzerBase,0.00,15,3,15,0,15,6,0,15,279,2
"org.apache.lucene.analysis.ar.ArabicAnalyzer$DefaultSetHolder",0,0.00,0.00,6,0.05,853.95,1,1,16,0,1,171.00,2,10,0,1,171.00,0.00,0.00,0.00,0,0.00,0,164.39,0,0,1,java.lang.Object,0.00,0,0,0,0,0,0,0,2,40,2
"org.apache.lucene.analysis.ar.ArabicNormalizationFilter",2,0.00,1.50,11,0.12,2323.29,4,2,4,8,8,160.58,4,16,4,4,120.70,0.00,0.75,0.50,0,2.00,2,359.90,0,0,4,org.apache.lucene.analysis.TokenFilter,0.29,6,3,3,0,6,2,0,1,84,2
"org.apache.lucene.analysis.ar.ArabicNormalizer",1,0.00,7.00,35,0.49,12385.63,18,17,1,1,3,124.67,22,51,3,1,80.72,0.00,0.00,1.00,0,0.00,7,1463.95,0,0,0,java.lang.Object,0.00,0,0,7,0,0,1,0,2,272,1
"org.apache.lucene.analysis.ar.ArabicStemFilter",2,0.33,2.00,14,0.16,3794.18,5,3,6,9,9,113.74,8,20,3,4,113.50,0.00,0.75,0.50,0,2.00,3,481.98,0,0,6,org.apache.lucene.analysis.TokenFilter,0.29,7,3,4,0,7,2,0,1,107,2
"org.apache.lucene.analysis.ar.ArabicStemmer",5,0.06,3.20,38,0.91,50299.27,18,13,1,6,3,57.69,48,73,3,1,107.69,0.00,0.00,0.03,2,11.00,5,2715.07,0,0,0,java.lang.Object,0.00,1,0,16,0,1,5,0,9,546,1
"org.apache.lucene.analysis.ar.Deprecated",2,0.00,1.00,9,0.12,1974.39,2,0,4,4,2,164.85,4,15,0,3,124.96,0.00,0.67,0.00,0,2.00,1,352.70,1,0,2,org.apache.lucene.analysis.BaseTokenStreamTestCase,0.00,2,2,2,0,2,2,0,1,81,1
"org.apache.lucene.analysis.ar.TestArabicAnalyzer",7,0.00,1.00,37,0.56,17502.03,7,0,6,12,3,138.78,26,47,0,3,118.17,0.00,0.67,0.00,0,7.00,1,1682.09,2,0,3,org.apache.lucene.analysis.BaseTokenStreamTestCase,0.00,5,2,7,0,5,7,0,14,360,1
"org.apache.lucene.analysis.ar.TestArabicNormalizationFilter",15,0.00,1.00,33,0.26,2845.48,15,0,3,18,2,141.83,3,49,0,3,141.83,0.00,0.67,0.00,1,15.00,1,783.99,1,0,2,org.apache.lucene.analysis.BaseTokenStreamTestCase,0.00,3,2,15,0,3,15,0,1,216,1
"org.apache.lucene.analysis.ar.TestArabicStemFilter",23,0.00,1.00,53,0.45,5467.49,23,0,5,29,4,141.06,4,77,0,3,141.06,0.00,0.67,0.00,1,23.00,1,1337.56,1,0,4,org.apache.lucene.analysis.BaseTokenStreamTestCase,0.00,6,2,23,0,6,23,0,1,356,1
"org.apache.lucene.queryParser.analyzing.ASCIIAnalyzer",2,0.00,1.00,8,0.10,2071.31,2,0,10,6,9,124.80,0,12,1,2,124.80,0.00,0.50,0.00,0,2.00,1,302.56,0,1,8,org.apache.lucene.analysis.Analyzer,0.00,4,1,2,0,4,1,0,0,71,1
"org.apache.lucene.queryParser.analyzing.AnalyzingQueryParser",5,0.00,9.80,144,2.24,222255.60,5,0,10,30,8,113.28,104,213,1,2,79.89,0.00,0.50,0.00,0,5.00,19,6713.32,4,4,7,org.apache.lucene.queryParser.QueryParser,0.00,25,1,49,0,25,1,0,27,1110,1
"org.apache.lucene.queryParser.analyzing.TestAnalyzingQueryParser",6,0.33,1.67,49,0.64,14427.04,15,9,10,12,11,110.57,3,60,0,2,110.57,0.00,0.50,0.39,0,0.00,2,1912.79,1,1,11,org.apache.lucene.util.LuceneTestCase,0.00,6,1,10,0,6,5,0,1,391,1
"org.apache.lucene.analysis.cn.smart.AnalyzerProfile",2,1.00,4.50,34,0.43,25273.13,3,1,4,16,2,60.23,12,47,2,1,92.46,0.00,0.00,0.50,1,2.00,7,1286.81,0,1,0,java.lang.Object,0.00,14,0,9,0,14,1,0,4,244,1
"org.apache.lucene.analysis.cn.smart.CharType",0,0.00,0.00,9,0.12,1715.65,8,8,0,0,2,171.00,28,10,2,1,171.00,0.00,0.00,0.00,0,0.00,0,352.93,0,0,0,java.lang.Object,0.00,0,0,0,0,0,0,0,9,76,1
"org.apache.lucene.analysis.cn.smart.SentenceTokenizer",7,0.10,1.86,58,0.67,35139.83,14,7,7,19,7,147.91,14,77,2,4,108.03,0.00,0.75,0.22,1,10.00,7,2011.42,2,0,5,org.apache.lucene.analysis.Tokenizer,0.50,12,3,13,0,12,7,0,6,397,2
"org.apache.lucene.analysis.cn.smart.SmartChineseAnalyzer",6,0.05,1.83,38,0.47,14713.13,10,4,15,14,11,65.14,55,51,2,2,115.14,0.00,0.50,0.21,0,6.00,3,1406.75,2,3,9,org.apache.lucene.analysis.Analyzer,0.00,8,1,11,0,8,3,0,10,298,2
"org.apache.lucene.analysis.cn.smart.SmartChineseAnalyzer$DefaultSetHolder",1,1.00,1.00,12,0.13,2734.04,2,1,15,6,2,124.30,3,20,0,1,103.68,0.00,0.00,0.00,0,0.00,1,383.33,0,1,2,java.lang.Object,0.00,5,0,1,0,5,0,0,3,85,2
"org.apache.lucene.analysis.cn.smart.SmartChineseAnalyzer$SavedStreams",0,0.00,0.00,3,0.02,155.67,2,2,15,0,2,171.00,0,5,0,1,171.00,0.00,0.00,0.00,0,0.00,0,51.89,0,0,2,java.lang.Object,0.00,0,0,0,0,0,0,0,0,15,3
"org.apache.lucene.analysis.cn.smart.TestSmartChineseAnalyzer",17,0.00,1.29,88,1.36,27132.32,17,0,5,26,5,159.53,50,116,0,3,119.64,0.00,0.67,0.00,0,17.00,3,4085.70,2,0,5,org.apache.lucene.analysis.BaseTokenStreamTestCase,0.00,9,2,22,0,9,17,0,21,829,1
"org.apache.lucene.analysis.cn.smart.Utility",3,7.00,9.00,48,0.97,77424.94,10,7,1,5,5,108.97,54,90,4,1,90.84,0.00,0.00,0.00,0,3.00,10,2895.23,0,0,2,java.lang.Object,0.00,2,0,27,0,2,3,0,21,551,1
"org.apache.lucene.analysis.cn.smart.WordSegmenter",2,0.00,3.00,20,0.28,9533.58,4,2,5,11,5,60.35,23,31,1,1,104.48,0.00,0.00,0.50,0,2.00,3,850.28,0,2,4,java.lang.Object,0.00,9,0,6,0,9,0,0,5,176,0
"org.apache.lucene.analysis.cn.smart.WordTokenFilter",3,0.33,2.00,27,0.35,9801.40,9,6,9,15,9,75.35,18,36,2,4,107.57,0.00,0.75,0.39,0,1.00,4,1060.03,1,0,7,org.apache.lucene.analysis.TokenFilter,0.53,12,3,6,0,12,3,0,8,212,2
"org.apache.lucene.analysis.cn.smart.WordType",0,0.00,0.00,9,0.12,1715.65,8,8,0,0,4,171.00,28,10,4,1,171.00,0.00,0.00,0.00,0,0.00,0,352.93,0,0,0,java.lang.Object,0.00,0,0,0,0,0,0,0,9,76,1
"org.apache.lucene.benchmark.byTask.tasks.alt.AltPackageTaskTest",3,0.00,1.67,14,0.14,2611.61,3,0,2,10,2,175.27,4,26,0,3,125.27,0.00,0.67,0.00,1,3.00,2,434.55,1,1,2,org.apache.lucene.benchmark.BenchmarkTestCase,0.00,7,2,5,0,7,2,0,4,104,1
"org.apache.lucene.benchmark.byTask.tasks.alt.AltTestTask",2,0.00,1.00,5,0.03,301.76,2,0,2,2,2,192.61,3,9,0,2,142.61,0.00,0.50,0.00,0,2.00,1,92.11,0,0,2,org.apache.lucene.benchmark.byTask.tasks.PerfTask,0.07,0,1,2,0,0,2,0,1,29,1
"org.apache.solr.handler.AnalysisRequestHandlerBase",8,0.00,2.88,110,1.82,113011.26,8,0,27,63,26,48.42,65,131,2,2,96.52,2.00,0.25,0.00,1,8.00,6,5452.80,0,7,24,org.apache.solr.handler.RequestHandlerBase,0.00,55,1,23,2,55,1,0,14,959,2
"org.apache.solr.handler.AnalysisRequestHandlerBase$AnalysisContext",7,0.12,1.00,22,0.19,2964.74,11,4,27,7,2,114.64,35,30,0,1,132.52,0.00,0.00,0.14,0,27.00,1,560.35,0,4,2,java.lang.Object,0.00,0,0,7,0,0,3,0,3,145,2
"org.apache.solr.handler.AnalysisRequestHandlerBase$AttributeReflector",1,0.00,8.00,18,0.27,13926.34,1,0,27,10,3,91.30,4,25,0,1,91.07,0.00,0.00,0.00,0,1.00,8,800.36,0,0,3,java.lang.Object,0.00,9,0,8,0,9,1,0,4,143,0
"org.apache.solr.handler.AnalysisRequestHandlerBase$HashMap<String,String>",0,0.00,0.00,4,0.07,1334.17,0,0,27,1,2,171.00,0,4,0,1,171.00,0.00,0.00,0.00,0,0.00,0,197.65,0,0,2,java.lang.Object,0.00,1,0,0,0,1,0,0,0,45,0
"org.apache.solr.handler.AnalysisRequestHandlerBase$ListBasedTokenStream",3,0.25,2.00,19,0.21,5717.18,5,2,27,9,3,155.87,6,27,0,3,115.98,0.00,0.67,0.67,0,0.00,4,634.32,1,0,3,org.apache.lucene.analysis.TokenStream,0.55,6,2,6,0,6,3,0,2,139,3
"org.apache.solr.handler.AnalysisRequestHandlerBase$SorterTemplate",4,0.67,1.00,13,0.14,3296.48,5,1,27,5,0,130.24,0,21,0,1,130.24,0.00,0.00,0.50,0,4.00,1,411.01,0,0,0,java.lang.Object,0.00,1,0,4,0,1,4,0,0,105,0
"org.apache.solr.handler.AnalysisRequestHandlerTest",3,1.00,1.67,55,1.21,101062.54,4,1,5,16,2,88.41,2,69,0,3,88.41,0.00,0.67,0.33,0,4.00,3,3622.18,0,2,2,org.apache.solr.util.AbstractSolrTestCase,0.17,13,2,5,0,13,1,0,2,574,1
"org.apache.solr.handler.AnalysisRequestHandlerTestBase",1,0.00,4.00,14,0.25,6729.50,1,0,2,12,4,55.49,7,19,2,3,97.78,1.00,0.40,0.00,0,1.00,4,748.32,0,0,2,org.apache.solr.SolrTestCaseJ4,0.00,11,2,4,2,11,1,0,2,149,2
"org.apache.solr.handler.AnalysisRequestHandlerTestBase$TokenInfo",9,0.02,1.00,34,0.22,3850.01,17,8,2,9,0,132.48,0,52,0,1,132.48,0.00,0.00,0.11,0,65.00,1,660.71,0,4,0,java.lang.Object,0.00,0,0,9,0,0,5,0,0,176,1
"org.apache.solr.handler.BinaryUpdateRequestHandler",8,0.00,1.75,44,0.48,15912.35,8,0,16,20,14,168.82,10,66,0,3,118.82,0.00,0.67,0.00,1,8.00,3,1437.75,0,6,14,org.apache.solr.handler.ContentStreamHandlerBase,0.55,12,2,14,0,12,2,0,3,303,1
"org.apache.solr.handler.BinaryUpdateRequestHandler$ContentStreamLoader",1,0.00,2.00,8,0.08,2240.96,1,0,16,4,3,110.77,0,13,0,1,110.77,0.00,0.00,0.00,0,1.00,2,250.90,0,0,3,java.lang.Object,0.00,3,0,2,0,3,1,0,0,54,0
"org.apache.solr.handler.BinaryUpdateRequestHandler$JavaBinUpdateRequestCodec.StreamingDocumentHandler",1,0.00,3.00,10,0.12,3084.69,2,1,16,5,4,105.97,0,14,0,1,105.97,0.00,0.00,1.00,0,0.00,3,351.60,0,0,4,java.lang.Object,0.00,4,0,3,0,4,1,0,0,74,0
"org.apache.solr.handler.BufferingRequestProcessor",6,0.10,1.00,16,0.21,3651.40,10,4,17,8,12,137.85,1,30,1,2,137.85,0.00,0.50,0.17,0,22.00,1,615.32,0,0,11,org.apache.solr.update.processor.UpdateRequestProcessor,0.15,2,1,6,0,2,6,0,1,154,0
"org.apache.solr.handler.CSVLoader",7,0.22,7.14,180,3.12,213036.90,31,24,17,48,14,65.22,41,205,2,2,83.10,1.00,0.33,0.23,3,5.00,17,9358.40,0,0,12,org.apache.solr.handler.ContentStreamLoader,0.00,41,1,50,1,41,7,0,31,1527,1
"org.apache.solr.handler.CSVLoader$FieldAdder",1,0.00,2.00,4,0.05,722.56,1,0,17,3,1,125.87,0,7,0,1,125.87,0.00,0.00,0.00,0,0.00,2,161.62,0,0,1,java.lang.Object,0.00,2,0,2,0,2,1,0,0,39,1
"org.apache.solr.handler.CSVLoader$FieldAdderEmpty",1,0.00,1.00,3,0.05,552.70,1,0,17,2,1,131.61,0,6,0,2,131.61,0.00,0.50,0.00,0,0.00,1,145.01,0,0,1,CSVLoader.FieldAdder,0.00,1,1,1,0,1,1,0,0,36,1
"org.apache.solr.handler.CSVLoader$FieldMapperSingle",2,0.33,1.50,11,0.12,1987.08,5,3,17,4,1,121.23,0,15,0,2,121.23,0.00,0.50,0.50,0,2.00,2,367.65,0,0,1,CSVLoader.FieldAdder,0.00,2,1,3,0,2,2,0,0,92,1
"org.apache.solr.handler.CSVLoader$FieldSplitter",2,0.00,2.50,17,0.20,7720.41,4,2,17,7,2,108.86,0,22,0,2,108.86,0.00,0.50,0.50,0,2.00,4,614.38,0,0,2,CSVLoader.FieldAdder,0.00,5,1,5,0,5,2,0,0,129,1
"org.apache.solr.handler.CSVLoader$FieldTrimmer",2,1.00,1.00,6,0.07,878.59,3,1,17,4,1,132.39,0,8,0,2,132.39,0.00,0.50,0.50,0,2.00,1,208.90,0,0,1,CSVLoader.FieldAdder,0.00,2,1,2,0,2,2,0,0,56,1
"org.apache.solr.handler.CSVLoader$SingleThreadedCSVLoader",2,0.00,1.00,7,0.07,1085.70,2,0,17,3,4,131.67,0,11,0,3,131.67,0.00,0.67,0.00,0,2.00,1,205.77,1,0,4,org.apache.solr.handler.CSVLoader,0.00,1,2,2,0,1,2,0,0,52,0
"org.apache.solr.handler.CSVRequestHandler",5,0.00,1.00,11,0.08,936.37,5,0,17,6,12,141.88,4,22,0,3,141.88,0.00,0.67,0.00,0,5.00,1,235.91,0,5,12,org.apache.solr.handler.ContentStreamHandlerBase,0.63,1,2,5,0,1,0,0,2,69,1
"org.apache.solr.handler.ContentStreamHandlerBase",2,1.00,3.00,26,0.47,30849.47,3,1,10,15,16,116.83,6,37,5,2,96.21,5.00,0.14,0.50,1,2.00,5,1400.35,0,1,12,org.apache.solr.handler.RequestHandlerBase,0.00,13,1,6,5,13,1,0,3,238,2
"org.apache.solr.handler.ContentStreamLoader",3,1.00,1.00,7,0.05,477.24,4,1,3,3,13,163.05,11,10,10,1,142.43,0.00,0.00,0.33,0,4.00,1,153.97,0,1,3,java.lang.Object,0.00,0,0,3,5,0,2,0,2,45,2
"org.apache.solr.handler.Deprecated",11,0.07,2.64,132,2.10,138770.14,32,21,23,50,18,107.36,187,179,0,2,98.23,0.00,0.50,0.11,3,25.00,14,6304.02,1,6,18,org.apache.solr.handler.RequestHandlerBase,0.43,39,1,29,0,39,5,1,12,1036,1
"org.apache.solr.handler.Deprecated$AttributeReflector",1,0.00,3.00,6,0.09,2285.54,1,0,35,5,0,165.27,1,8,0,1,115.27,0.00,0.00,0.00,0,1.00,3,255.76,0,0,0,java.lang.Object,0.00,4,0,3,0,4,1,0,1,55,0
"org.apache.solr.handler.Deprecated$HashMap<String,String>",0,0.00,0.00,6,0.11,2296.61,0,0,35,1,4,171.00,0,6,0,1,171.00,0.00,0.00,0.00,0,0.00,0,328.09,0,0,4,java.lang.Object,0.00,1,0,0,0,1,0,0,0,69,0
"org.apache.solr.handler.DocumentAnalysisRequestHandler",10,0.08,4.00,131,2.14,129622.19,14,4,28,72,20,46.74,93,183,1,3,96.74,0.00,0.67,0.18,4,22.00,13,6428.43,2,9,19,org.apache.solr.handler.AnalysisRequestHandlerBase,0.40,62,2,40,0,62,1,0,19,1095,1
"org.apache.solr.handler.DocumentAnalysisRequestHandlerTest",6,0.20,1.00,156,3.72,334142.60,7,1,18,47,11,38.56,42,192,0,4,80.85,0.00,0.75,0.83,0,0.00,1,11170.48,3,0,11,org.apache.solr.handler.AnalysisRequestHandlerTestBase,0.06,41,3,6,0,41,6,0,14,1700,1
"org.apache.solr.handler.DocumentAnalysisRequestHandlerTest$ByteStream",3,1.00,1.00,12,0.11,1537.60,4,1,18,6,1,127.20,0,18,0,2,127.20,0.00,0.50,0.33,0,5.00,1,323.72,0,2,1,org.apache.solr.common.util.ContentStreamBase,0.15,3,1,3,0,3,1,0,0,81,1
"org.apache.solr.handler.DocumentAnalysisRequestHandlerTest$SolrQueryRequestBase",1,0.00,1.00,3,0.03,424.29,1,0,18,2,0,132.51,0,5,0,1,132.51,0.00,0.00,0.00,0,1.00,1,99.00,0,1,0,java.lang.Object,0.00,1,0,1,0,1,0,0,0,27,0
"org.apache.solr.handler.DocumentAnalysisRequestHandlerTest$SolrQueryRequestBase_0",1,0.00,1.00,3,0.03,424.29,1,0,18,2,0,132.51,0,5,0,1,132.51,0.00,0.00,0.00,0,1.00,1,99.00,0,1,0,java.lang.Object,0.00,1,0,1,0,1,0,0,0,27,0
"org.apache.solr.handler.DocumentAnalysisRequestHandlerTest$SolrQueryRequestBase_1",1,0.00,1.00,3,0.03,424.29,1,0,18,2,0,132.51,0,5,0,1,132.51,0.00,0.00,0.00,0,1.00,1,99.00,0,1,0,java.lang.Object,0.00,1,0,1,0,1,0,0,0,27,0
"org.apache.solr.handler.DumpRequestHandler",5,0.00,1.40,27,0.36,14979.52,5,0,9,21,6,117.47,4,43,0,2,117.47,0.00,0.50,0.00,0,5.00,3,1077.44,0,4,6,org.apache.solr.handler.RequestHandlerBase,0.47,16,1,7,0,16,1,0,4,207,1
"org.apache.solr.handler.FieldAnalysisRequestHandler",8,0.00,2.62,70,1.11,59504.65,8,0,16,41,14,62.48,88,98,1,3,106.60,0.00,0.67,0.00,2,8.00,7,3323.72,1,8,13,org.apache.solr.handler.AnalysisRequestHandlerBase,0.43,33,2,21,0,33,0,0,8,615,1
"org.apache.solr.handler.FieldAnalysisRequestHandlerTest",5,0.25,1.00,238,6.50,1318934.22,6,1,13,42,11,86.55,16,250,0,4,65.94,0.00,0.75,0.80,0,0.00,1,19513.85,3,0,11,org.apache.solr.handler.AnalysisRequestHandlerTestBase,0.07,37,3,5,0,37,5,0,6,2836,1
"org.apache.solr.handler.JsonLoader",12,0.11,6.42,230,3.97,259780.53,18,6,19,69,15,138.73,12,363,2,2,88.73,0.00,0.50,0.26,9,0.00,23,11900.41,0,4,13,org.apache.solr.handler.ContentStreamLoader,0.00,57,1,77,0,57,8,0,10,2008,0
"org.apache.solr.handler.JsonLoaderTest",4,1.00,1.00,84,1.51,48780.88,5,1,17,27,13,139.50,4,128,0,3,89.50,0.00,0.67,0.25,0,6.00,1,4527.38,1,0,13,org.apache.solr.SolrTestCaseJ4,0.00,23,2,4,0,23,4,0,4,773,1
"org.apache.solr.handler.JsonUpdateRequestHandler",6,1.00,1.00,14,0.12,1573.70,7,1,5,8,7,140.72,4,27,1,3,140.72,0.00,0.67,0.00,0,6.00,1,355.89,1,5,6,org.apache.solr.handler.ContentStreamHandlerBase,0.60,2,2,6,0,2,1,0,2,99,1
"org.apache.solr.handler.MoreLikeThisHandler",2,1.00,12.50,84,1.82,170125.75,3,1,39,49,31,26.92,22,122,2,2,71.05,0.00,0.50,0.00,0,2.00,24,5461.21,1,0,29,org.apache.solr.handler.RequestHandlerBase,0.00,47,1,25,0,47,2,0,16,768,1
"org.apache.solr.handler.MoreLikeThisHandler$InterestingTerm",5,2.00,1.20,18,0.14,2455.53,7,2,39,7,1,131.97,4,32,0,1,131.97,0.00,0.00,0.00,0,5.00,2,418.99,0,5,1,java.lang.Object,0.00,2,0,6,0,2,0,0,2,110,2
"org.apache.solr.handler.MoreLikeThisHandler$InterestingTerm$Comparator<InterestingTerm>",1,0.00,3.00,6,0.07,2283.77,1,0,39,1,0,115.27,0,8,0,1,115.27,0.00,0.00,0.00,0,1.00,3,200.59,0,0,0,java.lang.Object,0.00,0,0,3,0,0,1,0,0,47,0
"org.apache.solr.handler.MoreLikeThisHandler$InterestingTerm$MoreLikeThisHelper",10,0.14,2.00,94,1.56,52064.72,19,9,39,59,21,105.98,5,125,0,1,105.98,0.00,0.00,0.23,2,22.00,4,4674.24,0,8,21,java.lang.Object,0.00,49,0,20,0,49,2,0,5,842,2
"org.apache.solr.handler.MoreLikeThisHandlerTest",2,0.00,2.00,44,1.07,53069.02,2,0,17,17,13,53.71,12,67,0,3,85.93,0.00,0.67,0.00,0,0.00,3,3219.12,5,0,13,org.apache.solr.SolrTestCaseJ4,0.00,15,2,4,0,15,2,0,10,476,1
"org.apache.solr.handler.MoreLikeThisHandlerTest$SolrQueryRequestBase",0,0.00,0.00,1,0.01,33.69,0,0,17,0,0,171.00,0,0,0,1,171.00,0.00,0.00,0.00,0,0.00,0,22.46,0,0,0,java.lang.Object,0.00,0,0,0,0,0,0,0,0,8,0
"org.apache.solr.handler.PingRequestHandler",5,0.00,1.80,29,0.43,19448.98,5,0,8,20,9,156.41,10,50,1,2,116.52,0.00,0.50,0.00,0,5.00,5,1279.89,0,4,8,org.apache.solr.handler.RequestHandlerBase,0.47,15,1,9,0,15,1,0,6,235,1
"org.apache.solr.handler.ReplicationHandler",37,0.04,4.27,571,10.35,810526.20,93,56,31,188,27,132.50,88,710,5,2,92.61,0.00,0.50,0.06,18,367.00,26,31042.56,1,14,24,org.apache.solr.handler.RequestHandlerBase,0.20,151,1,158,0,151,23,1,39,4905,1
"org.apache.solr.handler.ReplicationHandler$BinaryQueryResponseWriter",4,0.00,1.00,9,0.10,1114.82,4,0,31,8,3,140.52,1,12,0,1,140.52,0.00,0.00,0.00,0,6.00,1,294.85,0,1,3,java.lang.Object,0.00,4,0,4,0,4,3,0,1,75,0
"org.apache.solr.handler.ReplicationHandler$CloseHook",1,0.00,2.00,4,0.03,286.13,1,0,31,1,1,129.04,0,6,0,1,129.04,0.00,0.00,0.00,0,0.00,2,76.53,0,0,1,java.lang.Object,0.00,0,0,2,0,0,1,0,0,22,0
"org.apache.solr.handler.ReplicationHandler$FileInfo",2,0.50,1.00,17,0.15,3251.08,6,4,31,4,0,112.03,0,20,0,1,112.03,0.00,0.00,0.50,0,2.00,1,460.88,0,1,0,java.lang.Object,0.00,2,0,2,0,2,1,0,0,111,1
"org.apache.solr.handler.ReplicationHandler$FileStream",3,0.50,6.00,68,1.08,98044.80,7,4,31,30,3,105.58,9,87,0,1,84.96,0.00,0.00,0.58,1,0.00,16,3230.34,0,0,3,java.lang.Object,0.00,27,0,18,0,27,3,0,7,499,1
"org.apache.solr.handler.ReplicationHandler$SolrEventListener",3,0.00,2.00,12,0.12,2009.23,3,0,31,6,5,108.26,16,17,0,1,126.13,0.00,0.00,0.00,0,4.00,4,350.17,0,0,5,java.lang.Object,0.00,3,0,6,0,3,3,0,7,80,0
"org.apache.solr.handler.ReplicationHandler$Thread",1,0.00,1.00,3,0.02,131.59,1,0,31,2,0,136.51,0,5,0,1,136.51,0.00,0.00,0.00,0,1.00,1,47.86,0,0,0,java.lang.Object,0.00,1,0,1,0,1,1,0,0,16,0
"org.apache.solr.handler.RequestHandlerBase",12,0.06,1.92,68,0.84,30353.48,22,10,12,29,36,118.21,49,86,25,1,117.98,0.00,0.00,0.16,1,40.00,7,2505.44,0,8,11,java.lang.Object,0.00,17,0,23,27,17,4,2,9,501,2
"org.apache.solr.handler.RequestHandlerUtils",4,0.00,2.50,41,0.72,34888.25,4,0,10,17,13,60.16,31,58,5,1,102.46,0.00,0.00,0.00,0,4.00,3,2158.74,0,0,8,java.lang.Object,0.00,13,0,10,0,13,4,0,12,396,1
"org.apache.solr.handler.SnapPuller",41,0.03,3.63,511,8.27,466969.90,88,47,31,185,14,119.12,131,658,3,1,98.50,0.00,0.00,0.05,16,863.00,18,24800.85,0,18,13,java.lang.Object,0.00,144,0,149,0,144,23,0,63,4298,1
"org.apache.solr.handler.SnapPuller$FileFetcher",7,0.22,5.00,118,1.72,69747.64,24,17,31,36,2,62.01,43,169,0,1,94.23,0.00,0.00,0.24,3,0.00,12,5170.69,0,1,2,java.lang.Object,0.00,29,0,35,0,29,6,0,32,930,1
"org.apache.solr.handler.SnapPuller$FileFetcher$Runnable_0",1,0.00,2.00,5,0.03,408.00,1,0,31,2,1,124.21,0,8,0,1,124.21,0.00,0.00,0.00,0,0.00,2,96.00,0,0,1,java.lang.Object,0.00,1,0,2,0,1,1,0,0,26,0
"org.apache.solr.handler.SnapPuller$ReplicationHandlerException",1,0.00,1.00,3,0.02,124.13,1,0,31,1,0,136.71,0,5,0,2,136.71,0.00,0.50,0.00,0,1.00,1,49.65,0,0,0,java.lang.InterruptedException,0.00,0,1,1,0,0,1,0,0,17,2
"org.apache.solr.handler.SnapPuller$Runnable",1,0.00,3.00,9,0.08,1260.86,1,0,31,2,0,110.74,0,13,0,1,110.74,0.00,0.00,0.00,0,0.00,3,231.48,0,0,0,java.lang.Object,0.00,1,0,3,0,1,1,0,0,51,0
"org.apache.solr.handler.SnapPuller$Thread",1,0.00,2.00,5,0.06,812.08,1,0,31,3,0,121.86,0,9,0,1,121.86,0.00,0.00,0.00,0,0.00,2,170.52,0,0,0,java.lang.Object,0.00,2,0,2,0,2,1,0,0,41,0
"org.apache.solr.handler.SnapShooter",3,0.42,3.33,49,0.83,30825.20,9,6,18,40,10,134.10,6,62,3,1,94.21,0.00,0.00,0.44,0,1.00,6,2483.86,0,0,9,java.lang.Object,0.00,37,0,10,0,37,3,0,1,432,1
"org.apache.solr.handler.SnapShooter$FileCopier",3,0.25,3.33,42,0.58,34092.08,7,4,18,19,2,116.65,11,59,0,1,96.03,0.00,0.00,0.08,1,5.00,7,1736.68,0,0,2,java.lang.Object,0.00,16,0,10,0,16,3,0,5,320,1
"org.apache.solr.handler.SnapShooter$Thread",1,0.00,1.00,3,0.02,143.17,1,0,18,2,0,136.23,0,5,0,1,136.23,0.00,0.00,0.00,0,1.00,1,52.97,0,0,0,java.lang.Object,0.00,1,0,1,0,1,1,0,0,17,0
"org.apache.solr.handler.SpellCheckerRequestHandlerTest",9,0.00,1.00,107,1.76,32051.81,9,0,1,12,1,55.71,97,290,0,3,104.19,0.00,0.67,0.00,1,0.00,1,5293.47,6,2,1,org.apache.solr.util.AbstractSolrTestCase,0.22,3,2,9,0,3,7,0,28,938,1
"org.apache.solr.handler.StandardRequestHandler",5,0.00,1.20,13,0.09,1425.83,5,0,3,6,3,140.63,20,26,2,3,140.40,0.00,0.67,0.00,0,5.00,2,280.21,0,5,1,org.apache.solr.handler.component.SearchHandler,0.60,1,2,6,0,1,0,0,2,79,1
"org.apache.solr.handler.StandardRequestHandlerTest",4,0.00,1.00,33,0.51,17020.42,4,0,9,11,7,158.74,6,56,0,3,108.74,0.00,0.67,0.00,0,4.00,1,1525.73,5,2,7,org.apache.solr.util.AbstractSolrTestCase,0.25,7,2,4,0,7,2,0,3,274,1
"org.apache.solr.handler.TestCSVLoader",12,0.12,1.08,141,2.09,104122.73,15,3,11,25,4,141.01,33,198,0,3,101.12,0.00,0.67,0.22,4,32.00,2,6277.51,8,0,4,org.apache.solr.SolrTestCaseJ4,0.09,13,2,13,0,13,12,0,33,1062,1
"org.apache.solr.handler.TestReplicationHandler",19,0.25,2.37,385,5.68,304834.94,28,9,29,86,20,109.77,66,435,0,3,89.15,0.00,0.67,0.35,6,7.00,7,17031.76,0,5,20,org.apache.solr.SolrTestCaseJ4,0.00,67,2,45,0,67,14,0,59,2919,1
"org.apache.solr.handler.TestReplicationHandler$BackupThread",1,0.00,2.00,12,0.14,3291.16,2,1,29,6,1,102.89,0,18,0,2,102.89,0.00,0.50,1.00,0,0.00,2,427.55,0,0,1,org.apache.lucene.search.Thread,0.00,5,1,2,0,5,1,0,0,87,0
"org.apache.solr.handler.TestReplicationHandler$CheckStatus",1,0.00,3.00,17,0.21,5062.96,4,3,29,8,1,95.68,0,24,0,2,95.68,0.00,0.50,1.00,0,0.00,3,624.13,0,0,1,org.apache.lucene.search.Thread,0.00,7,1,3,0,7,1,0,0,122,0
"org.apache.solr.handler.TestReplicationHandler$FilenameFilter",1,0.00,2.00,5,0.03,373.94,1,0,29,2,0,124.51,0,7,0,1,124.51,0.00,0.00,0.00,0,1.00,2,102.01,0,0,0,java.lang.Object,0.00,1,0,2,0,1,1,0,0,27,0
"org.apache.solr.handler.TestReplicationHandler$SolrInstance",10,0.02,1.00,38,0.36,6040.24,15,5,29,19,1,131.30,8,54,0,1,131.30,0.00,0.00,0.22,3,38.00,1,1094.58,0,5,1,java.lang.Object,0.00,9,0,10,0,9,5,0,2,257,2
"org.apache.solr.handler.XMLLoader",5,0.38,11.80,192,3.20,279497.06,7,2,23,59,16,56.25,27,236,2,2,74.12,0.00,0.50,0.20,2,8.00,23,9599.91,0,1,15,org.apache.solr.handler.ContentStreamLoader,0.00,54,1,59,0,54,4,0,16,1486,0
"org.apache.solr.handler.XmlUpdateRequestHandler",7,0.01,1.57,52,0.83,28572.97,23,16,18,29,22,93.06,35,81,10,3,110.94,0.00,0.67,0.05,1,10.00,4,2487.82,1,5,14,org.apache.solr.handler.ContentStreamHandlerBase,0.57,22,2,11,0,22,2,0,17,453,1
"org.apache.solr.handler.XmlUpdateRequestHandlerTest",5,0.38,1.00,28,0.45,12643.16,7,2,6,20,4,168.13,6,43,0,3,118.13,0.00,0.67,0.20,0,11.00,1,1350.59,2,2,4,org.apache.solr.util.AbstractSolrTestCase,0.32,15,2,5,0,15,3,0,6,256,1
"org.apache.lucene.search.function.ByteFieldSource",6,0.80,1.50,19,0.25,6978.73,7,1,4,11,6,129.20,28,34,2,3,128.97,0.00,0.67,0.33,0,10.00,3,761.68,1,2,4,org.apache.lucene.search.function.FieldCacheSource,0.32,5,2,9,0,5,4,0,7,179,1
"org.apache.lucene.search.function.ByteFieldSource$DocValues",4,0.00,1.00,9,0.08,1013.08,4,0,4,5,0,190.84,4,17,0,1,140.84,0.00,0.00,0.00,0,4.00,1,227.12,0,2,0,java.lang.Object,0.00,1,0,4,0,1,2,0,4,64,0
"org.apache.lucene.search.function.CustomScoreProvider",5,1.00,2.60,45,0.47,30362.84,6,1,4,9,13,104.92,81,50,10,1,105.39,0.00,0.00,0.00,2,5.00,5,1395.32,0,2,3,java.lang.Object,0.00,4,0,13,0,4,3,0,7,295,1
"org.apache.lucene.search.function.CustomScoreQuery",14,0.00,2.21,79,1.02,46880.90,17,3,13,37,19,117.22,69,103,8,2,116.99,3.00,0.20,0.33,3,30.00,6,3067.77,3,5,11,org.apache.lucene.search.Query,0.14,23,1,31,3,23,9,0,20,650,1
"org.apache.lucene.search.function.CustomScoreQuery$CustomScorer",5,0.25,2.00,40,0.42,14124.78,10,5,13,12,5,109.98,3,48,0,3,109.98,0.00,0.67,0.40,0,0.00,3,1273.88,0,0,5,org.apache.lucene.search.Scorer,0.67,7,2,10,0,7,5,0,3,274,1
"org.apache.lucene.search.function.CustomScoreQuery$CustomWeight",9,0.06,2.11,74,0.86,38308.95,13,4,13,23,8,158.56,15,86,0,2,108.56,0.00,0.50,0.31,2,20.00,3,2580.39,0,4,8,org.apache.lucene.search.Weight,0.62,14,1,19,0,14,5,0,15,518,1
"org.apache.lucene.search.function.DocValues",12,0.11,1.50,44,0.38,12884.75,16,4,1,18,14,86.95,93,59,13,1,129.24,0.00,0.00,0.15,2,40.00,7,1144.26,0,4,1,java.lang.Object,0.00,6,0,18,2,6,8,0,15,274,2
"org.apache.lucene.search.function.FieldCacheSource",8,0.71,1.12,18,0.19,3994.58,9,1,3,9,10,120.62,43,33,6,2,138.49,5.00,0.14,0.38,2,14.00,2,574.46,0,3,4,org.apache.lucene.search.function.ValueSource,0.31,1,1,9,5,1,5,0,9,147,2
"org.apache.lucene.search.function.FieldScoreQuery",2,0.00,3.00,14,0.15,4084.65,2,0,0,7,9,107.39,74,21,3,3,113.16,0.00,0.67,0.00,1,2.00,5,440.64,0,1,6,org.apache.lucene.search.function.ValueSourceQuery,0.00,5,2,6,0,5,1,0,5,100,1
"org.apache.lucene.search.function.FieldScoreQuery$Type",2,0.20,1.00,10,0.12,2688.94,7,5,0,5,0,160.18,5,14,0,1,120.29,0.00,0.00,0.10,0,2.00,1,370.50,0,1,0,java.lang.Object,0.00,3,0,2,0,3,1,0,5,89,2
"org.apache.lucene.search.function.FloatFieldSource",6,0.80,1.50,19,0.25,6978.73,7,1,4,11,6,129.20,28,34,2,3,128.97,0.00,0.67,0.33,0,10.00,3,761.68,1,2,4,org.apache.lucene.search.function.FieldCacheSource,0.32,5,2,9,0,5,4,0,7,179,1
"org.apache.lucene.search.function.FloatFieldSource$DocValues",3,0.00,1.00,7,0.06,770.09,3,0,4,4,0,190.80,3,13,0,1,140.80,0.00,0.00,0.00,0,3.00,1,175.21,0,2,0,java.lang.Object,0.00,1,0,3,0,1,1,0,3,49,0
"org.apache.lucene.search.function.Ignore",9,0.04,2.00,78,1.10,41086.73,19,10,13,29,9,148.22,18,115,0,2,108.34,0.00,0.50,0.13,2,36.00,9,3301.00,2,2,9,org.apache.lucene.util.LuceneTestCase,0.00,20,1,18,0,20,7,0,13,619,1
"org.apache.lucene.search.function.IntFieldSource",6,0.80,1.50,19,0.25,6978.73,7,1,4,11,6,129.20,28,34,2,3,128.97,0.00,0.67,0.33,0,10.00,3,761.68,1,2,4,org.apache.lucene.search.function.FieldCacheSource,0.47,5,2,9,0,5,4,0,7,179,1
"org.apache.lucene.search.function.IntFieldSource$DocValues",4,0.00,1.00,9,0.08,1013.08,4,0,4,5,0,190.84,4,17,0,1,140.84,0.00,0.00,0.00,0,4.00,1,227.12,0,2,0,java.lang.Object,0.00,1,0,4,0,1,2,0,4,64,0
"org.apache.lucene.search.function.JustCompileSearchFunction",0,0.00,0.00,5,0.05,567.11,1,1,3,0,2,171.00,7,8,0,1,171.00,0.00,0.00,0.00,0,0.00,0,141.78,0,0,2,java.lang.Object,0.00,0,0,0,0,0,0,0,1,34,1
"org.apache.lucene.search.function.JustCompileSearchFunction$JustCompileDocValues",2,0.00,1.00,5,0.05,536.47,2,0,3,3,1,140.65,0,10,0,2,140.65,0.00,0.50,0.00,0,0.00,1,141.49,0,1,1,org.apache.lucene.search.function.DocValues,0.29,1,1,2,0,1,1,0,0,39,2
"org.apache.lucene.search.function.JustCompileSearchFunction$JustCompileFieldCacheSource",4,0.00,1.00,9,0.09,990.62,4,0,3,5,4,140.92,0,18,0,3,140.92,0.00,0.67,0.00,0,0.00,1,255.84,0,1,4,org.apache.lucene.search.function.FieldCacheSource,0.18,1,2,4,0,1,3,0,0,69,2
"org.apache.lucene.search.function.JustCompileSearchFunction$JustCompileValueSource",4,0.00,1.00,9,0.08,1038.39,4,0,3,5,3,140.76,0,18,0,2,140.76,0.00,0.50,0.00,0,0.00,1,252.95,0,2,3,org.apache.lucene.search.function.ValueSource,0.44,1,1,4,0,1,2,0,0,69,2
"org.apache.lucene.search.function.OrdFieldSource",5,0.12,1.60,18,0.22,5392.95,7,2,3,10,6,96.99,34,28,2,2,129.21,0.00,0.50,0.40,1,2.00,4,663.02,0,2,4,org.apache.lucene.search.function.ValueSource,0.40,5,1,8,0,5,3,0,6,155,1
"org.apache.lucene.search.function.OrdFieldSource$DocValues",4,0.00,1.00,9,0.08,1091.94,4,0,3,6,0,190.59,5,17,0,1,140.59,0.00,0.00,0.00,0,4.00,1,249.34,0,3,0,java.lang.Object,0.00,2,0,4,0,2,1,0,5,68,0
"org.apache.lucene.search.function.ReverseOrdFieldSource",5,0.12,1.60,20,0.25,6157.11,7,2,3,10,6,81.81,35,30,2,2,124.10,0.00,0.50,0.40,1,2.00,4,756.71,0,1,4,org.apache.lucene.search.function.ValueSource,0.40,5,1,8,0,5,4,0,6,173,1
"org.apache.lucene.search.function.ReverseOrdFieldSource$DocValues",5,0.00,1.00,11,0.11,1527.69,5,0,3,7,0,190.20,6,21,0,1,140.20,0.00,0.00,0.00,1,5.00,1,327.12,0,3,0,java.lang.Object,0.00,2,0,5,0,2,2,0,6,88,0
"org.apache.lucene.search.function.ShortFieldSource",6,0.80,1.50,19,0.25,6978.73,7,1,4,11,6,129.20,28,34,2,3,128.97,0.00,0.67,0.33,0,10.00,3,761.68,1,2,4,org.apache.lucene.search.function.FieldCacheSource,0.32,5,2,9,0,5,4,0,7,179,1
"org.apache.lucene.search.function.ShortFieldSource$DocValues",4,0.00,1.00,9,0.08,1013.08,4,0,4,5,0,190.84,4,17,0,1,140.84,0.00,0.00,0.00,0,4.00,1,227.12,0,2,0,java.lang.Object,0.00,1,0,4,0,1,2,0,4,64,0
"org.apache.lucene.search.function.TestCustomScoreQuery",11,0.00,1.27,131,2.28,116432.69,11,0,9,41,12,121.02,39,149,0,2,100.40,0.00,0.50,0.00,4,11.00,2,6844.54,0,1,12,FunctionTestSetup,0.00,30,1,14,0,30,10,0,29,1225,1
"org.apache.lucene.search.function.TestCustomScoreQuery$CustomAddQuery",3,0.00,1.00,7,0.05,418.70,3,0,9,4,5,142.88,2,13,0,3,142.88,0.00,0.67,0.00,0,3.00,1,138.55,0,2,5,org.apache.lucene.search.function.CustomScoreQuery,0.10,1,2,3,0,1,1,0,2,43,2
"org.apache.lucene.search.function.TestCustomScoreQuery$CustomAddQuery$CustomScoreProvider",2,0.00,2.00,10,0.13,5552.17,2,0,9,5,1,117.65,0,15,0,1,117.65,0.00,0.00,0.00,0,2.00,3,393.08,0,1,1,java.lang.Object,0.00,3,0,4,0,3,1,0,0,87,0
"org.apache.lucene.search.function.TestCustomScoreQuery$CustomExternalQuery",2,0.00,1.00,6,0.06,936.86,2,0,9,4,4,132.17,0,11,0,3,132.17,0.00,0.67,0.00,0,2.00,1,176.31,0,1,4,org.apache.lucene.search.function.CustomScoreQuery,0.00,2,2,2,0,2,1,0,0,45,2
"org.apache.lucene.search.function.TestCustomScoreQuery$CustomExternalQuery$CustomScoreProvider_1",1,0.00,1.00,4,0.05,965.04,1,0,9,3,0,125.04,0,6,0,1,125.04,0.00,0.00,0.00,0,1.00,1,145.39,0,0,0,java.lang.Object,0.00,2,0,1,0,2,1,0,0,35,0
"org.apache.lucene.search.function.TestCustomScoreQuery$CustomMulAddQuery",3,0.00,1.00,7,0.06,634.54,3,0,9,4,5,141.46,2,13,0,3,141.46,0.00,0.67,0.00,0,3.00,1,168.63,0,2,5,org.apache.lucene.search.function.CustomScoreQuery,0.10,1,2,3,0,1,1,0,2,50,2
"org.apache.lucene.search.function.TestCustomScoreQuery$CustomMulAddQuery$CustomScoreProvider_0",2,0.00,3.00,20,0.27,15322.66,2,0,9,7,1,152.86,3,28,0,1,102.86,0.00,0.00,0.00,0,2.00,3,807.96,0,1,1,java.lang.Object,0.00,5,0,6,0,5,1,0,3,170,0
"org.apache.lucene.search.function.TestDocValues",3,0.00,1.00,35,0.57,21908.11,3,0,2,10,0,141.62,7,50,0,2,101.73,0.00,0.50,0.00,0,3.00,1,1704.00,0,0,0,org.apache.lucene.util.LuceneTestCase,0.00,7,1,3,0,7,3,0,5,341,1
"org.apache.lucene.search.function.TestDocValues$DocValuesTestImpl",3,1.00,1.00,8,0.07,888.27,4,1,2,4,1,180.19,6,14,0,2,140.31,0.00,0.50,0.33,0,4.00,1,198.14,0,1,1,org.apache.lucene.search.function.DocValues,0.27,1,1,3,0,1,2,0,2,56,1
"org.apache.lucene.search.function.TestFieldScoreQuery",17,0.00,1.59,115,2.00,126790.23,17,0,8,44,7,151.26,44,154,0,2,111.37,0.00,0.50,0.00,3,17.00,9,6009.56,0,1,7,FunctionTestSetup,0.00,27,1,27,0,27,16,0,34,1065,1
"org.apache.lucene.search.function.TestOrdValues",12,0.00,2.75,140,2.16,163657.82,12,0,4,40,11,119.98,42,181,0,2,99.36,0.00,0.50,0.00,3,12.00,15,6493.68,0,1,11,FunctionTestSetup,0.00,28,1,33,0,28,11,0,20,1092,1
"org.apache.lucene.search.function.ValueSource",5,0.00,1.00,7,0.06,512.31,5,0,4,5,9,122.95,30,12,7,1,155.17,0.00,0.00,0.00,1,5.00,1,171.78,0,3,2,java.lang.Object,0.00,0,0,5,9,0,2,1,6,55,2
"org.apache.lucene.search.function.ValueSourceQuery",7,0.83,1.43,22,0.28,7034.06,8,1,7,15,14,129.72,28,39,7,2,129.48,1.00,0.33,0.29,1,13.00,4,836.95,2,3,7,org.apache.lucene.search.Query,0.10,8,1,10,1,8,4,0,8,201,1
"org.apache.lucene.search.function.ValueSourceQuery$ValueSourceScorer",5,0.38,1.40,18,0.22,3848.71,9,4,7,11,5,130.40,3,29,0,3,130.40,0.00,0.67,0.55,0,0.00,2,672.37,0,0,5,org.apache.lucene.search.Scorer,0.67,6,2,7,0,6,5,0,3,158,1
"org.apache.lucene.search.function.ValueSourceQuery$ValueSourceWeight",7,0.06,1.00,26,0.31,6586.90,10,3,7,15,9,129.79,5,41,0,2,129.79,0.00,0.50,0.29,0,8.00,1,917.83,0,3,9,org.apache.lucene.search.Weight,0.57,8,1,7,0,8,4,0,5,207,0
"org.apache.lucene.benchmark.byTask.tasks.AddDocTask",7,0.17,1.14,25,0.23,3920.51,9,2,3,12,7,181.53,13,40,3,2,131.53,0.00,0.50,0.36,0,11.00,2,699.41,4,1,4,org.apache.lucene.benchmark.byTask.tasks.PerfTask,0.29,5,1,8,0,5,6,0,4,173,1
"org.apache.lucene.benchmark.byTask.tasks.BenchmarkHighlighter",1,0.00,1.00,2,0.03,263.79,1,0,3,1,7,140.70,0,4,4,1,140.70,0.00,0.00,0.00,0,1.00,1,95.01,0,0,3,java.lang.Object,0.00,0,0,1,0,0,1,0,0,25,2
"org.apache.lucene.benchmark.byTask.tasks.ClearStatsTask",3,0.00,1.00,8,0.06,639.05,3,0,1,5,2,99.14,23,14,0,2,141.44,0.00,0.50,0.00,0,3.00,1,170.05,1,0,2,org.apache.lucene.benchmark.byTask.tasks.PerfTask,0.13,2,1,3,0,2,3,0,3,49,1
"org.apache.lucene.benchmark.byTask.tasks.CloseIndexTask",4,0.67,1.50,18,0.19,4481.91,5,1,4,11,7,174.44,6,29,4,2,124.44,0.00,0.50,0.50,0,4.00,3,575.12,2,0,3,org.apache.lucene.benchmark.byTask.tasks.PerfTask,0.12,7,1,6,0,7,4,0,2,132,1
"org.apache.lucene.benchmark.byTask.tasks.CloseReaderTask",2,0.00,1.50,10,0.11,2410.42,2,0,3,7,3,160.46,5,15,0,2,120.57,0.00,0.50,0.00,0,2.00,2,317.56,1,0,3,org.apache.lucene.benchmark.byTask.tasks.PerfTask,0.07,5,1,3,0,5,2,0,1,72,1
"org.apache.lucene.benchmark.byTask.tasks.CommitIndexTask",4,0.67,1.50,22,0.21,5506.79,5,1,5,12,5,170.12,4,32,0,2,120.12,0.00,0.50,0.50,0,4.00,3,624.05,2,0,5,org.apache.lucene.benchmark.byTask.tasks.PerfTask,0.12,8,1,6,0,8,4,0,1,141,1
"org.apache.lucene.benchmark.byTask.tasks.ConsumeContentSourceTask",4,0.00,1.50,22,0.24,5441.11,6,2,4,16,5,170.16,7,33,0,2,120.16,0.00,0.50,0.50,0,0.00,3,727.79,1,1,5,org.apache.lucene.benchmark.byTask.tasks.PerfTask,0.19,12,1,6,0,12,3,0,1,159,1
"org.apache.lucene.benchmark.byTask.tasks.CountingHighlighterTestTask",3,0.50,1.33,13,0.12,2508.95,5,2,12,8,13,175.46,3,20,1,5,125.46,0.00,0.80,0.17,0,5.00,2,371.92,0,2,12,org.apache.lucene.benchmark.byTask.tasks.SearchTravRetHighlightTask,0.00,5,4,4,0,5,1,0,1,92,1
"org.apache.lucene.benchmark.byTask.tasks.CountingHighlighterTestTask$BenchmarkHighlighter",1,0.00,3.00,6,0.13,4319.11,1,0,12,3,5,113.09,0,8,0,1,113.09,0.00,0.00,0.00,0,0.00,3,390.85,0,0,5,java.lang.Object,0.00,2,0,3,0,2,1,0,0,75,0
"org.apache.lucene.benchmark.byTask.tasks.CountingSearchTestTask",4,0.17,1.25,19,0.14,2534.14,8,4,1,5,3,126.43,3,26,1,4,126.43,0.00,0.75,0.38,1,4.00,2,429.84,1,0,2,org.apache.lucene.benchmark.byTask.tasks.SearchTask,0.07,1,3,5,0,1,4,0,1,109,1
"org.apache.lucene.benchmark.byTask.tasks.CreateIndexTask",5,0.00,4.40,75,1.41,87098.92,5,0,23,41,24,75.52,26,101,6,2,93.39,0.00,0.50,0.00,2,5.00,13,4222.81,1,3,19,org.apache.lucene.benchmark.byTask.tasks.PerfTask,0.06,36,1,22,0,36,2,0,1,681,1
"org.apache.lucene.benchmark.byTask.tasks.CreateIndexTaskTest",6,0.00,1.17,52,0.66,18470.01,6,0,11,28,9,109.81,2,64,0,3,109.81,0.00,0.67,0.00,1,6.00,2,1976.11,1,1,9,org.apache.lucene.benchmark.BenchmarkTestCase,0.00,22,2,7,0,22,5,0,2,407,1
"org.apache.lucene.benchmark.byTask.tasks.DeleteByPercentTask",5,0.08,1.80,33,0.43,19152.96,8,3,4,21,4,134.24,17,47,0,2,113.62,0.00,0.50,0.27,0,6.00,5,1278.19,3,0,4,org.apache.lucene.benchmark.byTask.tasks.PerfTask,0.18,16,1,9,0,16,5,0,2,255,1
"org.apache.lucene.benchmark.byTask.tasks.DeleteDocTask",6,0.16,1.33,27,0.29,5675.43,11,5,2,12,3,145.66,19,40,0,2,125.04,0.00,0.50,0.33,0,2.00,3,874.32,3,1,3,org.apache.lucene.benchmark.byTask.tasks.PerfTask,0.24,6,1,8,0,6,5,0,7,202,1
"org.apache.lucene.benchmark.byTask.tasks.FlushReaderTask",4,0.67,1.25,19,0.18,4939.71,5,1,5,9,4,124.14,0,28,0,2,124.14,0.00,0.50,0.50,0,4.00,2,546.71,2,0,4,org.apache.lucene.benchmark.byTask.tasks.PerfTask,0.12,5,1,5,0,5,4,0,0,124,1
"org.apache.lucene.benchmark.byTask.tasks.NearRealtimeReaderTask",5,0.00,2.40,47,0.58,31597.52,8,3,4,18,5,125.89,18,61,0,2,105.27,0.00,0.50,0.33,0,6.00,7,1725.87,2,0,5,org.apache.lucene.benchmark.byTask.tasks.PerfTask,0.18,13,1,12,0,13,5,0,9,326,1
"org.apache.lucene.benchmark.byTask.tasks.NewAnalyzerTask",5,0.12,2.60,36,0.47,17385.44,7,2,8,22,9,131.98,17,53,6,2,111.37,0.00,0.50,0.40,1,2.00,5,1420.22,2,1,4,org.apache.lucene.benchmark.byTask.tasks.PerfTask,0.12,17,1,13,0,17,4,0,6,283,1
"org.apache.lucene.benchmark.byTask.tasks.NewCollationAnalyzerTask",0,0.00,0.00,2,0.01,75.00,0,0,6,0,3,171.00,9,2,0,2,171.00,0.00,0.50,0.00,0,0.00,0,30.00,0,0,3,org.apache.lucene.benchmark.byTask.tasks.PerfTask,0.00,0,1,0,0,0,0,0,1,10,1
"org.apache.lucene.benchmark.byTask.tasks.NewCollationAnalyzerTask$Implementation",1,2.00,10.00,40,0.81,67154.41,4,3,6,19,1,112.58,2,68,0,1,72.70,0.00,0.00,0.33,0,0.00,10,2422.32,1,0,1,java.lang.Object,0.00,18,0,10,0,18,1,0,2,371,1
"org.apache.lucene.benchmark.byTask.tasks.NewLocaleTask",5,0.08,2.40,25,0.34,8716.74,8,3,3,15,2,139.82,18,41,0,2,119.20,0.00,0.50,0.40,1,7.00,4,1006.22,2,1,2,org.apache.lucene.benchmark.byTask.tasks.PerfTask,0.12,10,1,12,0,10,4,0,3,223,1
"org.apache.lucene.benchmark.byTask.tasks.NewRoundTask",3,0.00,1.00,8,0.06,639.05,3,0,1,5,2,99.14,23,14,0,2,141.44,0.00,0.50,0.00,0,3.00,1,170.05,1,0,2,org.apache.lucene.benchmark.byTask.tasks.PerfTask,0.13,2,1,3,0,2,3,0,3,49,1
"org.apache.lucene.benchmark.byTask.tasks.NewShingleAnalyzerTask",5,0.17,3.00,45,0.60,23687.10,8,3,6,23,5,146.09,13,67,0,2,106.21,0.00,0.50,0.47,1,2.00,6,1813.67,2,0,5,org.apache.lucene.benchmark.byTask.tasks.PerfTask,0.12,18,1,15,0,18,5,0,5,346,1
"org.apache.lucene.benchmark.byTask.tasks.OpenIndexTask",4,0.13,1.50,25,0.29,6785.41,9,5,9,10,9,137.06,12,35,1,2,116.45,0.00,0.50,0.10,0,4.00,2,863.14,2,0,9,org.apache.lucene.benchmark.byTask.tasks.PerfTask,0.12,6,1,6,0,6,4,0,2,183,1
"org.apache.lucene.benchmark.byTask.tasks.OpenReaderTask",5,0.00,2.60,43,0.51,19361.16,8,3,9,20,13,158.84,6,63,5,2,108.84,0.00,0.50,0.33,0,10.00,4,1516.97,2,1,8,org.apache.lucene.benchmark.byTask.tasks.PerfTask,0.12,15,1,13,0,15,4,0,2,306,1
"org.apache.lucene.benchmark.byTask.tasks.OptimizeTask",4,0.67,1.00,13,0.11,1520.91,5,1,2,8,3,182.88,5,21,0,2,132.89,0.00,0.50,0.50,0,4.00,1,339.43,2,0,3,org.apache.lucene.benchmark.byTask.tasks.PerfTask,0.12,4,1,4,0,4,4,0,2,88,1
"org.apache.lucene.benchmark.byTask.tasks.PerfTask",28,0.01,1.50,119,1.19,31959.58,41,13,5,54,43,144.99,100,157,41,1,124.37,0.00,0.00,0.06,7,362.00,5,3560.65,1,7,4,java.lang.Object,0.00,26,0,42,53,26,21,1,27,778,2
"org.apache.lucene.benchmark.byTask.tasks.PerfTaskTest",3,0.00,1.67,21,0.29,7608.82,3,0,4,11,4,112.55,2,29,0,3,112.55,0.00,0.67,0.00,2,3.00,3,865.44,0,1,4,org.apache.lucene.benchmark.BenchmarkTestCase,0.00,8,2,5,0,8,2,0,2,191,1
"org.apache.lucene.benchmark.byTask.tasks.PerfTaskTest$MyPerfTask",3,0.00,1.00,7,0.04,402.74,3,0,4,3,2,143.01,0,10,0,2,143.01,0.00,0.50,0.00,0,4.00,1,124.60,0,0,2,org.apache.lucene.benchmark.byTask.tasks.PerfTask,0.06,0,1,3,0,0,3,0,0,39,3
"org.apache.lucene.benchmark.byTask.tasks.PrintReaderTask",4,0.67,1.25,16,0.21,5269.39,5,1,3,11,5,123.92,0,29,0,2,123.92,0.00,0.50,0.50,0,4.00,2,619.62,2,0,5,org.apache.lucene.benchmark.byTask.tasks.PerfTask,0.12,7,1,5,0,7,4,0,0,136,1
"org.apache.lucene.benchmark.byTask.tasks.ReadTask",19,0.26,2.21,130,1.81,168281.39,22,3,22,52,23,131.32,68,160,5,2,110.71,11.00,0.08,0.09,11,79.00,22,5445.00,2,6,19,org.apache.lucene.benchmark.byTask.tasks.PerfTask,0.09,33,1,42,11,33,13,0,19,896,2
"org.apache.lucene.benchmark.byTask.tasks.ReadTokensTask",5,0.08,2.20,38,0.49,28331.78,8,3,9,18,8,149.62,14,56,0,2,109.74,0.00,0.50,0.40,0,1.00,7,1476.46,3,1,8,org.apache.lucene.benchmark.byTask.tasks.PerfTask,0.24,13,1,11,0,13,4,0,8,283,1
"org.apache.lucene.benchmark.byTask.tasks.ReadTokensTask$ReusableStringReader",4,0.00,1.50,25,0.24,11692.25,7,3,9,6,0,114.59,0,33,0,2,114.59,0.00,0.50,0.33,1,4.00,3,705.73,0,0,0,java.io.Reader,0.00,2,1,6,0,2,4,0,0,160,3
"org.apache.lucene.benchmark.byTask.tasks.ReopenReaderTask",2,0.00,1.50,11,0.10,2470.63,2,0,3,6,3,160.37,4,16,0,2,120.49,0.00,0.50,0.00,0,2.00,2,288.51,1,0,3,org.apache.lucene.benchmark.byTask.tasks.PerfTask,0.07,4,1,3,0,4,2,0,1,69,1
"org.apache.lucene.benchmark.byTask.tasks.RepAllTask",3,0.00,2.67,30,0.42,23104.70,3,0,4,16,4,123.48,9,38,0,3,102.87,0.00,0.67,0.00,1,4.00,6,1252.28,3,1,4,org.apache.lucene.benchmark.byTask.tasks.ReportTask,0.08,13,2,8,0,13,2,0,3,238,1
"org.apache.lucene.benchmark.byTask.tasks.RepSelectByPrefTask",3,0.00,2.67,30,0.47,24435.94,3,0,4,20,4,152.67,5,39,0,4,102.67,0.00,0.75,0.00,1,1.00,6,1407.12,3,1,4,org.apache.lucene.benchmark.byTask.tasks.RepSumByPrefTask,0.09,17,3,8,0,17,2,0,2,261,1
"org.apache.lucene.benchmark.byTask.tasks.RepSumByNameRoundTask",3,0.00,2.33,28,0.41,20349.96,3,0,5,21,4,105.27,12,38,0,3,105.04,0.00,0.67,0.00,1,3.00,5,1220.07,2,1,4,org.apache.lucene.benchmark.byTask.tasks.ReportTask,0.08,18,2,7,0,18,2,0,6,232,1
"org.apache.lucene.benchmark.byTask.tasks.RepSumByNameTask",3,0.00,2.33,27,0.38,17845.61,3,0,5,20,5,126.10,11,37,1,3,105.49,0.00,0.67,0.00,1,3.00,5,1137.46,2,1,4,org.apache.lucene.benchmark.byTask.tasks.ReportTask,0.08,17,2,7,0,17,2,0,5,220,1
"org.apache.lucene.benchmark.byTask.tasks.RepSumByPrefRoundTask",3,0.00,2.33,28,0.44,23381.65,3,0,5,22,4,144.45,8,38,0,4,104.56,0.00,0.75,0.00,1,1.00,5,1327.80,2,1,4,org.apache.lucene.benchmark.byTask.tasks.RepSumByPrefTask,0.09,19,3,7,0,19,2,0,5,248,1
"org.apache.lucene.benchmark.byTask.tasks.RepSumByPrefTask",5,0.50,1.80,32,0.46,21300.02,6,1,5,23,7,153.14,10,45,3,3,113.26,1.00,0.40,0.60,1,2.00,5,1378.26,3,2,4,org.apache.lucene.benchmark.byTask.tasks.ReportTask,0.15,18,2,9,2,18,3,0,5,272,1
"org.apache.lucene.benchmark.byTask.tasks.ReportTask",7,0.08,3.14,89,1.39,93088.61,17,10,5,34,9,55.72,50,107,4,2,98.01,6.00,0.12,0.17,3,19.00,10,4180.90,1,4,5,org.apache.lucene.benchmark.byTask.tasks.PerfTask,0.11,27,1,22,6,27,3,0,11,752,2
"org.apache.lucene.benchmark.byTask.tasks.ResetInputsTask",3,0.00,1.00,8,0.05,582.39,3,0,1,4,3,93.65,24,14,1,2,141.75,2.00,0.25,0.00,0,3.00,1,156.28,1,0,2,org.apache.lucene.benchmark.byTask.tasks.PerfTask,0.13,1,1,3,2,1,3,0,3,46,1
"org.apache.lucene.benchmark.byTask.tasks.ResetSystemEraseTask",2,0.00,1.00,6,0.04,466.02,2,0,1,3,2,90.43,23,10,0,4,134.56,0.00,0.75,0.00,0,2.00,1,125.51,1,0,2,org.apache.lucene.benchmark.byTask.tasks.ResetSystemSoftTask,0.11,1,3,2,0,1,2,0,2,36,1
"org.apache.lucene.benchmark.byTask.tasks.ResetSystemSoftTask",2,0.00,1.00,6,0.04,466.02,2,0,1,3,3,90.43,23,10,1,3,134.56,0.50,0.50,0.00,0,2.00,1,125.51,1,0,2,org.apache.lucene.benchmark.byTask.tasks.ResetInputsTask,0.09,1,2,2,1,1,2,0,2,36,1
"org.apache.lucene.benchmark.byTask.tasks.RollbackIndexTask",2,1.00,2.00,13,0.14,3642.97,3,1,4,7,3,156.02,4,20,0,2,116.14,0.00,0.50,0.00,0,2.00,3,423.26,1,0,3,org.apache.lucene.benchmark.byTask.tasks.PerfTask,0.07,5,1,4,0,5,2,0,2,93,1
"org.apache.lucene.benchmark.byTask.tasks.SearchTask",6,0.00,1.00,13,0.08,935.20,6,0,2,7,5,192.50,6,25,3,3,142.50,1.00,0.40,0.00,0,6.00,1,249.03,1,1,3,org.apache.lucene.benchmark.byTask.tasks.ReadTask,0.28,1,2,6,2,1,5,0,1,76,1
"org.apache.lucene.benchmark.byTask.tasks.SearchTravRetHighlightTask",7,0.06,2.29,54,0.88,55182.59,13,6,15,28,13,108.84,30,67,1,4,108.60,0.33,0.60,0.21,0,20.00,8,2627.48,3,2,12,org.apache.lucene.benchmark.byTask.tasks.SearchTravTask,0.19,21,3,16,1,21,5,0,5,504,1
"org.apache.lucene.benchmark.byTask.tasks.SearchTravRetHighlightTask$BenchmarkHighlighter",1,0.00,2.00,5,0.11,2960.05,1,0,15,2,5,117.43,0,8,0,1,117.43,0.00,0.00,0.00,0,0.00,2,321.99,0,0,5,java.lang.Object,0.00,1,0,2,0,1,1,0,0,63,0
"org.apache.lucene.benchmark.byTask.tasks.SearchTravRetLoadFieldSelectorTask",5,0.75,1.20,20,0.20,4363.53,6,1,10,10,6,145.96,15,28,0,4,125.34,0.00,0.75,0.40,0,7.00,2,597.97,0,1,6,org.apache.lucene.benchmark.byTask.tasks.SearchTravTask,0.13,5,3,6,0,5,4,0,3,139,1
"org.apache.lucene.benchmark.byTask.tasks.SearchTravRetTask",2,0.00,1.00,5,0.03,243.05,2,0,1,2,2,111.13,12,9,0,4,143.35,0.00,0.75,0.00,0,2.00,1,82.05,0,0,2,org.apache.lucene.benchmark.byTask.tasks.SearchTravTask,0.07,0,3,2,0,0,2,0,1,27,1
"org.apache.lucene.benchmark.byTask.tasks.SearchTravRetVectorHighlightTask",7,0.00,2.57,56,0.90,60673.78,12,5,11,24,9,126.70,26,71,0,4,106.09,0.00,0.75,0.20,0,19.00,8,2706.27,4,2,9,org.apache.lucene.benchmark.byTask.tasks.SearchTravTask,0.19,17,3,18,0,17,5,0,3,525,1
"org.apache.lucene.benchmark.byTask.tasks.SearchTravRetVectorHighlightTask$BenchmarkHighlighter",1,0.00,2.00,4,0.09,2256.20,1,0,11,1,3,121.98,0,7,0,1,121.98,0.00,0.00,0.00,0,0.00,2,256.16,0,0,3,java.lang.Object,0.00,0,0,2,0,0,1,0,0,52,0
"org.apache.lucene.benchmark.byTask.tasks.SearchTravTask",9,0.88,1.00,21,0.16,1964.74,10,1,2,11,7,191.35,14,39,4,3,141.35,2.50,0.25,0.22,0,19.00,1,468.32,2,1,3,org.apache.lucene.benchmark.byTask.tasks.ReadTask,0.38,2,2,9,5,2,8,0,2,133,1
"org.apache.lucene.benchmark.byTask.tasks.SearchWithCollectorTask",9,0.88,1.33,32,0.32,8272.68,10,1,5,18,6,129.80,4,51,0,4,129.80,0.00,0.75,0.22,0,19.00,4,969.64,4,2,6,org.apache.lucene.benchmark.byTask.tasks.SearchTask,0.52,9,3,12,0,9,7,0,2,225,1
"org.apache.lucene.benchmark.byTask.tasks.SearchWithSortTask",12,0.21,2.33,85,0.91,47425.56,15,3,4,23,5,160.96,15,111,0,3,110.96,0.00,0.67,0.14,1,44.00,9,2732.57,2,2,5,org.apache.lucene.benchmark.byTask.tasks.ReadTask,0.46,11,2,28,0,11,10,0,2,536,1
"org.apache.lucene.benchmark.byTask.tasks.SetPropTask",4,0.00,1.25,17,0.20,4374.79,6,2,1,10,2,76.45,32,26,0,2,124.56,0.00,0.50,0.50,0,4.00,2,586.70,3,0,2,org.apache.lucene.benchmark.byTask.tasks.PerfTask,0.12,6,1,5,0,6,4,0,4,136,1
"org.apache.lucene.benchmark.byTask.tasks.TaskSequence",26,0.10,3.85,304,3.57,245345.41,45,19,7,71,11,140.43,59,352,6,2,100.54,0.00,0.50,0.15,7,310.00,16,10706.71,10,5,5,org.apache.lucene.benchmark.byTask.tasks.PerfTask,0.22,45,1,100,0,45,21,0,29,1940,1
"org.apache.lucene.benchmark.byTask.tasks.TaskSequence$ParallelTask",2,0.00,2.50,13,0.12,2504.62,4,2,7,5,2,117.37,0,22,0,2,117.37,0.00,0.50,0.50,0,2.00,4,353.02,0,0,2,org.apache.lucene.util.Thread,0.00,3,1,5,0,3,2,0,0,80,1
"org.apache.lucene.benchmark.byTask.tasks.TaskSequence$RunBackgroundTask",4,0.11,1.25,15,0.12,1844.52,7,3,7,7,1,132.17,0,23,0,2,132.17,0.00,0.50,0.42,0,2.00,2,362.94,0,0,1,org.apache.lucene.util.Thread,0.00,3,1,5,0,3,4,0,0,94,2
"org.apache.lucene.benchmark.byTask.tasks.UpdateDocTask",7,0.17,1.29,29,0.30,6387.27,9,2,5,15,6,165.06,14,45,0,2,125.17,0.00,0.50,0.36,0,11.00,2,910.65,4,1,6,org.apache.lucene.benchmark.byTask.tasks.PerfTask,0.29,8,1,9,0,8,6,0,4,210,1
"org.apache.lucene.benchmark.byTask.tasks.WaitForMergesTask",2,0.00,1.00,6,0.04,502.02,2,0,5,4,4,184.31,3,10,0,2,134.31,0.00,0.50,0.00,0,2.00,1,133.51,1,0,4,org.apache.lucene.benchmark.byTask.tasks.PerfTask,0.07,2,1,2,0,2,2,0,1,38,1
"org.apache.lucene.benchmark.byTask.tasks.WaitTask",4,0.67,2.00,27,0.29,12278.60,5,1,1,10,2,154.24,11,37,0,2,114.35,0.00,0.50,0.50,0,4.00,5,882.02,1,0,2,org.apache.lucene.benchmark.byTask.tasks.PerfTask,0.12,6,1,8,0,6,4,0,2,185,1
"org.apache.lucene.benchmark.byTask.tasks.WarmTask",6,0.00,1.00,13,0.08,791.17,6,0,2,6,3,193.08,11,25,0,3,143.08,0.00,0.67,0.00,0,6.00,1,228.22,0,1,3,org.apache.lucene.benchmark.byTask.tasks.ReadTask,0.28,0,2,6,0,0,5,0,2,71,1
"org.apache.lucene.benchmark.byTask.tasks.WriteLineDocTask",7,0.22,3.00,88,1.33,65213.81,19,12,15,43,13,67.01,45,110,6,2,99.23,0.00,0.50,0.27,1,4.00,7,3984.28,2,1,7,org.apache.lucene.benchmark.byTask.tasks.PerfTask,0.23,36,1,21,0,36,6,0,9,700,1
"org.apache.lucene.benchmark.byTask.tasks.WriteLineDocTaskTest",13,1.00,1.77,164,2.33,86046.60,14,1,18,45,7,140.41,28,199,0,3,100.53,0.00,0.67,0.08,3,24.00,5,6991.34,1,1,7,org.apache.lucene.benchmark.BenchmarkTestCase,0.00,32,2,23,0,32,12,0,28,1289,1
"org.apache.lucene.benchmark.byTask.tasks.WriteLineDocTaskTest$EmptyDocMaker",1,0.00,1.00,3,0.03,394.65,1,0,18,2,2,132.76,0,6,0,2,132.76,0.00,0.50,0.00,0,1.00,1,77.77,0,1,2,org.apache.lucene.benchmark.byTask.feeds.DocMaker,0.17,1,1,1,0,1,0,0,0,23,3
"org.apache.lucene.benchmark.byTask.tasks.WriteLineDocTaskTest$JustDateDocMaker",1,0.00,1.00,5,0.06,1199.41,1,0,18,4,3,120.68,0,8,0,2,120.68,0.00,0.50,0.00,0,0.00,1,186.85,0,1,3,org.apache.lucene.benchmark.byTask.feeds.DocMaker,0.17,3,1,1,0,3,0,0,0,44,3
"org.apache.lucene.benchmark.byTask.tasks.WriteLineDocTaskTest$LegalJustDateDocMaker",1,0.00,1.00,5,0.06,1199.41,1,0,18,4,3,120.68,0,8,0,2,120.68,0.00,0.50,0.00,0,0.00,1,186.85,0,1,3,org.apache.lucene.benchmark.byTask.feeds.DocMaker,0.17,3,1,1,0,3,0,0,0,44,3
"org.apache.lucene.benchmark.byTask.tasks.WriteLineDocTaskTest$NewLinesDocMaker",1,0.00,1.00,7,0.12,3495.52,1,0,18,4,3,111.57,0,10,0,2,111.57,0.00,0.50,0.00,0,0.00,1,347.33,0,1,3,org.apache.lucene.benchmark.byTask.feeds.DocMaker,0.17,3,1,1,0,3,0,0,0,76,3
"org.apache.lucene.benchmark.byTask.tasks.WriteLineDocTaskTest$NoBodyDocMaker",1,0.00,1.00,6,0.09,2245.32,1,0,18,4,3,115.58,0,9,0,2,115.58,0.00,0.50,0.00,0,0.00,1,265.48,0,1,3,org.apache.lucene.benchmark.byTask.feeds.DocMaker,0.17,3,1,1,0,3,0,0,0,60,3
"org.apache.lucene.benchmark.byTask.tasks.WriteLineDocTaskTest$NoTitleDocMaker",1,0.00,1.00,6,0.09,2245.32,1,0,18,4,3,115.58,0,9,0,2,115.58,0.00,0.50,0.00,0,0.00,1,265.48,0,1,3,org.apache.lucene.benchmark.byTask.feeds.DocMaker,0.17,3,1,1,0,3,0,0,0,60,3
"org.apache.lucene.benchmark.byTask.tasks.WriteLineDocTaskTest$Thread",1,0.00,2.00,5,0.04,716.92,1,0,18,3,0,122.28,0,9,0,1,122.28,0.00,0.00,0.00,0,1.00,2,128.07,0,0,0,java.lang.Object,0.00,2,0,2,0,2,1,0,0,33,0
"org.apache.lucene.benchmark.byTask.tasks.WriteLineDocTaskTest$ThreadingDocMaker",1,0.00,1.00,8,0.15,4788.51,1,0,18,6,3,108.33,0,11,0,2,108.33,0.00,0.50,0.00,0,0.00,1,452.77,0,1,3,org.apache.lucene.benchmark.byTask.feeds.DocMaker,0.17,5,1,1,0,5,0,0,0,93,3
"org.apache.lucene.benchmark.byTask.tasks.WriteLineDocTaskTest$WriteLineDocMaker",1,0.00,1.00,7,0.12,3495.52,1,0,18,4,3,111.57,0,10,0,2,111.57,0.00,0.50,0.00,0,0.00,1,347.33,0,1,3,org.apache.lucene.benchmark.byTask.feeds.DocMaker,0.17,3,1,1,0,3,0,0,0,76,3
"org.apache.lucene.queryParser.surround.parser.CharStream",12,0.00,1.00,13,0.06,250.78,12,0,0,12,3,128.38,79,14,3,1,160.60,0.00,0.00,0.00,0,12.00,1,172.56,0,1,0,,0.00,0,0,12,0,0,11,0,13,70,1
"org.apache.lucene.queryParser.surround.parser.FastCharStream",14,0.14,1.43,56,0.55,20446.20,20,6,1,20,2,173.54,16,80,1,1,123.54,0.00,0.00,0.30,2,2.00,5,1644.78,0,1,1,java.lang.Object,0.00,6,0,20,0,6,13,1,13,372,2
"org.apache.lucene.queryParser.surround.parser.ParseException",5,0.30,3.20,92,1.07,80794.24,10,5,0,14,3,61.39,69,112,2,2,90.77,0.00,0.50,0.44,0,0.00,10,3210.28,1,2,1,java.lang.Exception,0.00,9,1,16,0,9,3,0,11,572,1
"org.apache.lucene.queryParser.surround.parser.QueryParser",46,0.05,4.02,523,6.18,373724.43,75,29,13,86,19,151.04,55,620,3,1,101.04,0.00,0.00,0.08,12,526.00,18,18527.33,0,26,16,java.lang.Object,0.00,40,0,185,0,40,20,1,50,3506,1
"org.apache.lucene.queryParser.surround.parser.QueryParser$JJCalls",0,0.00,0.00,5,0.03,253.51,4,4,13,0,1,171.00,0,6,0,1,171.00,0.00,0.00,0.00,0,0.00,0,78.87,0,0,1,java.lang.Object,0.00,0,0,0,0,0,0,0,0,22,2
"org.apache.lucene.queryParser.surround.parser.QueryParser$LookaheadSuccess",0,0.00,0.00,1,0.01,145.30,0,0,13,0,0,171.00,0,1,0,2,171.00,0.00,0.50,0.00,0,0.00,0,41.51,0,0,0,java.lang.Error,0.00,0,1,0,0,0,0,0,0,12,3
"org.apache.lucene.queryParser.surround.parser.QueryParserConstants",0,0.00,0.00,27,0.39,4761.14,26,26,0,0,2,171.00,30,53,2,1,171.00,0.00,0.00,0.00,0,0.00,0,1182.50,0,0,0,,0.00,0,0,0,0,0,0,0,27,186,1
"org.apache.lucene.queryParser.surround.parser.QueryParserTokenManager",21,0.07,10.24,386,6.13,1092753.23,40,19,13,31,14,86.50,12,668,1,1,86.50,0.00,0.00,0.12,11,162.00,155,18386.30,0,2,13,java.lang.Object,0.00,10,0,215,0,10,19,1,12,2909,1
"org.apache.lucene.queryParser.surround.parser.SuppressWarnings",6,0.20,1.50,48,0.66,33774.42,11,5,0,14,0,59.58,51,72,0,2,107.69,0.00,0.50,0.03,1,10.00,3,1967.96,1,3,0,java.lang.Error,0.00,8,1,9,0,8,3,0,14,375,1
"org.apache.lucene.queryParser.surround.parser.Token",7,0.12,1.00,24,0.16,1989.42,15,8,0,8,5,83.88,67,38,5,1,133.88,0.00,0.00,0.02,1,12.00,1,468.86,0,4,0,java.lang.Object,0.00,1,0,7,0,1,3,0,15,131,1
"org.apache.lucene.analysis.icu.segmentation.BreakIteratorWrapper",6,0.25,1.17,19,0.18,4264.26,10,4,6,10,5,112.84,33,26,4,1,130.71,0.00,0.00,0.04,1,10.00,2,551.06,0,1,1,java.lang.Object,0.00,4,0,7,2,4,5,0,4,140,1
"org.apache.lucene.analysis.icu.segmentation.BreakIteratorWrapper$BIWrapper",6,0.00,1.67,30,0.31,11397.01,8,2,6,12,1,118.99,2,43,0,2,118.99,0.00,0.50,0.50,0,6.00,5,935.08,0,0,1,org.apache.lucene.analysis.icu.segmentation.BreakIteratorWrapper,0.50,6,1,10,0,6,6,0,2,211,2
"org.apache.lucene.analysis.icu.segmentation.BreakIteratorWrapper$RBBIWrapper",5,0.25,1.00,12,0.09,1065.75,6,1,6,9,1,141.43,0,22,0,2,141.43,0.00,0.50,0.80,0,0.00,1,261.29,0,0,1,org.apache.lucene.analysis.icu.segmentation.BreakIteratorWrapper,0.55,4,1,5,0,4,5,0,0,78,2
"org.apache.lucene.analysis.icu.segmentation.CharArrayIterator",14,0.15,1.36,53,0.39,7709.50,19,5,1,17,5,131.55,11,72,5,1,131.55,0.00,0.00,0.34,1,2.00,2,1169.04,0,1,0,java.lang.Object,0.00,3,0,19,0,3,13,1,2,297,1
"org.apache.lucene.analysis.icu.segmentation.CompositeBreakIterator",7,0.13,1.71,34,0.44,15603.79,12,5,2,19,4,89.83,46,49,1,1,122.05,0.00,0.00,0.31,0,1.00,3,1313.23,0,0,3,java.lang.Object,0.00,12,0,12,0,12,7,0,6,299,1
"org.apache.lucene.analysis.icu.segmentation.DefaultICUTokenizerConfig",3,0.38,2.00,35,0.64,21455.36,15,12,7,11,5,51.64,28,58,2,2,101.64,0.00,0.50,0.33,0,5.00,3,1933.99,0,3,3,org.apache.lucene.analysis.icu.segmentation.ICUTokenizerConfig,0.80,8,1,6,0,8,0,0,9,375,1
"org.apache.lucene.analysis.icu.segmentation.ICUTokenizer",9,0.18,2.33,62,0.86,31220.94,20,11,9,26,11,71.61,68,88,3,4,113.90,0.00,0.75,0.25,2,0.00,4,2588.15,2,0,8,org.apache.lucene.analysis.Tokenizer,0.46,17,3,21,0,17,9,0,18,529,2
"org.apache.lucene.analysis.icu.segmentation.ICUTokenizerConfig",2,0.00,1.00,3,0.02,147.30,2,0,1,2,3,156.53,8,4,3,1,156.30,0.00,0.00,0.00,0,2.00,1,67.31,0,2,0,java.lang.Object,0.00,0,0,2,1,0,0,0,3,23,2
"org.apache.lucene.analysis.icu.segmentation.LaoBreakIterator",14,0.09,2.00,98,1.31,62102.40,21,7,5,33,4,150.48,41,136,3,2,110.60,0.00,0.50,0.22,4,38.00,4,3942.69,1,2,1,com.ibm.icu.text.BreakIterator,0.00,19,1,28,0,19,12,0,6,834,1
"org.apache.lucene.analysis.icu.segmentation.ScriptIterator",7,0.08,1.71,48,0.49,18534.25,15,8,3,11,1,66.79,57,63,1,1,114.89,0.00,0.00,0.20,2,20.00,5,1481.60,0,0,0,java.lang.Object,0.00,4,0,12,0,4,7,0,11,322,1
"org.apache.lucene.analysis.icu.segmentation.TestCharArrayIterator",7,0.00,1.14,61,0.78,17035.89,7,0,2,24,1,160.62,9,69,0,2,110.62,0.00,0.50,0.00,0,7.00,2,2336.73,0,0,1,org.apache.lucene.util.LuceneTestCase,0.00,17,1,8,0,17,7,0,9,497,1
"org.apache.lucene.analysis.icu.segmentation.TestICUTokenizer",28,0.00,1.04,99,1.63,27007.57,28,0,10,38,7,129.69,19,154,0,3,129.69,0.00,0.67,0.00,0,28.00,2,4882.44,3,0,7,org.apache.lucene.analysis.BaseTokenStreamTestCase,0.00,10,2,29,0,10,28,0,13,1043,1
"org.apache.lucene.analysis.icu.segmentation.TestICUTokenizer$ReusableAnalyzerBase",1,0.00,1.00,5,0.05,910.74,1,0,10,4,4,121.62,0,8,0,1,121.62,0.00,0.00,0.00,0,1.00,1,161.73,0,1,4,java.lang.Object,0.00,3,0,1,0,3,0,0,0,39,0
"org.apache.lucene.analysis.icu.segmentation.TestLaoBreakIterator",6,0.40,1.50,44,0.55,24428.42,7,1,6,22,2,110.96,3,49,0,2,110.96,0.00,0.50,0.67,1,0.00,3,1656.66,1,0,2,org.apache.lucene.util.LuceneTestCase,0.00,16,1,9,0,16,6,0,1,342,1
"org.apache.lucene.analysis.icu.tokenattributes.ScriptAttribute",4,0.00,1.00,5,0.02,112.74,4,0,2,4,3,141.71,23,6,2,2,159.58,0.00,0.50,0.00,0,4.00,1,69.99,0,2,1,,0.00,0,1,4,0,0,2,0,6,28,1
"org.apache.lucene.analysis.icu.tokenattributes.ScriptAttributeImpl",9,0.25,1.22,25,0.22,3391.27,10,1,4,13,4,139.44,5,42,1,2,139.44,0.00,0.50,0.78,0,0.00,3,656.51,0,2,3,org.apache.lucene.util.AttributeImpl,0.12,4,1,11,0,4,7,3,1,171,1
"org.apache.lucene.search.vectorhighlight.AbstractTestCase",25,0.01,1.32,108,1.27,27628.08,39,14,27,50,27,164.40,59,154,8,2,124.51,8.00,0.10,0.06,7,257.00,3,3818.33,2,12,19,org.apache.lucene.util.LuceneTestCase,0.00,25,1,33,8,25,13,0,59,822,2
"org.apache.lucene.search.vectorhighlight.AbstractTestCase$BasicNGramTokenizer",13,0.16,1.85,86,0.93,28960.27,30,17,27,26,3,115.47,0,117,0,4,115.47,0.00,0.75,0.21,3,69.00,8,2777.02,2,0,3,org.apache.lucene.analysis.Tokenizer,0.40,13,3,24,0,13,13,0,0,578,2
"org.apache.lucene.search.vectorhighlight.AbstractTestCase$BigramAnalyzer",1,0.00,1.00,3,0.03,356.80,1,0,27,2,2,133.10,0,6,0,2,133.10,0.00,0.50,0.00,0,1.00,1,89.98,0,1,2,org.apache.lucene.analysis.Analyzer,0.00,1,1,1,0,1,0,0,0,25,2
"org.apache.lucene.search.vectorhighlight.BaseFragmentsBuilder",21,0.05,1.62,90,1.64,64345.60,27,6,12,42,10,120.98,3,144,2,1,120.98,0.00,0.00,0.12,7,132.00,4,4926.97,0,17,8,java.lang.Object,0.00,21,0,34,2,21,4,1,3,1004,2
"org.apache.lucene.search.vectorhighlight.FastVectorHighlighter",11,0.02,1.00,38,0.59,13192.17,17,6,4,19,16,80.85,95,61,5,1,128.96,0.00,0.00,0.15,1,53.00,1,1762.91,0,5,11,java.lang.Object,0.00,8,0,11,0,8,6,0,11,391,1
"org.apache.lucene.search.vectorhighlight.FieldFragList",2,1.00,1.00,6,0.07,1305.11,3,1,4,5,10,82.93,16,8,10,1,131.04,0.00,0.00,0.50,0,2.00,1,213.52,0,0,0,java.lang.Object,0.00,3,0,2,0,3,2,0,3,55,1
"org.apache.lucene.search.vectorhighlight.FieldFragList$WeightedFragInfo",6,0.15,1.33,31,0.31,8412.17,10,4,4,13,0,120.08,0,39,0,1,120.08,0.00,0.00,0.38,0,6.00,2,918.02,0,2,0,java.lang.Object,0.00,7,0,8,0,7,4,0,0,206,2
"org.apache.lucene.search.vectorhighlight.FieldFragList$WeightedFragInfo$SubInfo",4,0.11,1.25,20,0.17,3926.00,7,3,4,8,0,121.32,3,25,0,1,121.32,0.00,0.00,0.25,0,10.00,2,505.28,0,2,0,java.lang.Object,0.00,4,0,5,0,4,2,0,3,123,2
"org.apache.lucene.search.vectorhighlight.FieldPhraseList",2,1.00,6.50,38,0.50,36767.82,3,1,5,19,12,57.07,12,50,10,1,89.29,0.00,0.00,0.50,1,2.00,10,1503.61,0,0,2,java.lang.Object,0.00,17,0,13,0,17,2,0,4,279,1
"org.apache.lucene.search.vectorhighlight.FieldPhraseList$WeightedPhraseInfo",6,0.00,2.33,55,0.71,36564.65,10,4,5,24,0,105.40,4,65,0,1,105.40,0.00,0.00,0.25,2,6.00,5,2118.45,0,1,0,java.lang.Object,0.00,18,0,14,0,18,5,0,4,429,2
"org.apache.lucene.search.vectorhighlight.FieldPhraseList$WeightedPhraseInfo$Toffs",5,0.12,1.00,16,0.13,2424.75,7,2,5,9,0,132.05,0,23,0,1,132.05,0.00,0.00,0.40,0,6.00,1,392.38,0,1,0,java.lang.Object,0.00,4,0,5,0,4,4,0,0,106,2
"org.apache.lucene.search.vectorhighlight.FieldPhraseListTest",13,0.00,1.00,119,2.03,46042.53,13,0,2,24,5,107.46,9,133,0,3,107.46,0.00,0.67,0.00,0,0.00,1,6093.97,7,0,5,org.apache.lucene.search.vectorhighlight.AbstractTestCase,0.00,11,2,13,0,11,13,0,9,1189,1
"org.apache.lucene.search.vectorhighlight.FieldQuery",14,0.10,3.93,134,1.89,94622.83,18,4,15,51,24,87.06,81,161,17,1,104.93,0.00,0.00,0.16,7,66.00,12,5662.38,0,4,7,java.lang.Object,0.00,37,0,55,0,37,10,0,17,1113,1
"org.apache.lucene.search.vectorhighlight.FieldQuery$QueryPhraseMap",13,0.03,1.85,68,0.75,25934.12,19,6,15,34,5,118.80,7,84,0,1,118.80,0.00,0.00,0.14,3,99.00,5,2238.31,0,3,5,java.lang.Object,0.00,21,0,24,0,21,10,0,7,479,2
"org.apache.lucene.search.vectorhighlight.FieldQueryTest",23,0.00,1.00,576,9.62,863402.72,23,0,10,62,4,83.07,95,615,0,3,82.83,0.00,0.67,0.00,0,102.00,1,28848.23,5,0,4,org.apache.lucene.search.vectorhighlight.AbstractTestCase,0.00,39,2,23,0,39,23,0,76,5333,1
"org.apache.lucene.search.vectorhighlight.FieldTermStack",6,0.10,2.33,51,0.77,34733.97,8,2,22,32,26,89.62,34,58,10,1,107.49,0.00,0.00,0.42,0,2.00,9,2315.71,0,1,16,java.lang.Object,0.00,26,0,14,0,26,5,0,13,421,1
"org.apache.lucene.search.vectorhighlight.FieldTermStack$TermInfo",7,0.04,1.00,24,0.22,4349.67,11,4,22,11,0,131.21,0,25,0,1,131.21,0.00,0.00,0.29,0,16.00,1,656.32,0,2,0,java.lang.Object,0.00,4,0,7,0,4,5,1,0,169,2
"org.apache.lucene.search.vectorhighlight.FieldTermStackTest",11,0.00,1.00,94,1.47,31877.37,11,0,2,19,4,160.05,13,106,0,3,110.05,0.00,0.67,0.00,2,0.00,1,4419.49,7,0,4,org.apache.lucene.search.vectorhighlight.AbstractTestCase,0.00,8,2,11,0,8,11,0,13,876,1
"org.apache.lucene.search.vectorhighlight.FragListBuilder",1,0.00,1.00,2,0.01,54.79,1,0,0,1,12,193.91,27,3,10,1,146.08,0.00,0.00,0.00,0,1.00,1,36.53,0,1,2,,0.00,0,0,1,0,0,0,0,3,13,1
"org.apache.lucene.search.vectorhighlight.FragmentsBuilder",4,0.00,1.00,5,0.12,1002.81,4,0,3,4,12,122.73,55,12,9,1,152.11,0.00,0.00,0.00,0,4.00,1,347.18,0,4,3,,0.00,0,0,4,0,0,0,0,5,86,1
"org.apache.lucene.search.vectorhighlight.IndexTimeSynonymTest",23,0.00,1.00,171,2.97,63396.60,23,0,11,44,10,112.38,16,207,0,3,112.38,0.00,0.67,0.00,5,0.00,1,8921.27,3,2,10,org.apache.lucene.search.vectorhighlight.AbstractTestCase,0.00,21,2,23,0,21,21,0,16,1739,1
"org.apache.lucene.search.vectorhighlight.IndexTimeSynonymTest$TokenArrayAnalyzer",2,1.00,1.00,7,0.06,794.10,3,1,11,3,3,132.74,0,11,0,2,132.74,0.00,0.50,0.00,0,2.00,1,169.39,0,1,3,org.apache.lucene.analysis.Analyzer,0.00,1,1,2,0,1,1,0,0,46,3
"org.apache.lucene.search.vectorhighlight.IndexTimeSynonymTest$TokenArrayAnalyzer$TokenStream",1,0.00,2.00,8,0.09,1680.59,3,2,11,2,2,111.75,0,10,0,1,111.75,0.00,0.00,1.00,0,0.00,2,268.89,0,0,2,java.lang.Object,0.00,1,0,2,0,1,1,0,0,61,0
"org.apache.lucene.search.vectorhighlight.ScoreOrderFragmentsBuilder",3,0.00,1.00,9,0.08,1420.99,3,0,4,5,4,114.26,15,14,3,2,132.13,0.00,0.50,0.00,0,3.00,1,243.89,0,1,1,org.apache.lucene.search.vectorhighlight.BaseFragmentsBuilder,0.00,2,1,3,0,2,2,0,4,66,1
"org.apache.lucene.search.vectorhighlight.ScoreOrderFragmentsBuilder$ScoreComparator",1,0.00,5.00,5,0.11,4822.85,1,0,4,1,0,165.55,1,11,0,1,115.55,0.00,0.00,0.00,0,1.00,5,318.47,0,0,0,java.lang.Object,0.00,0,0,5,0,0,1,1,1,76,2
"org.apache.lucene.search.vectorhighlight.ScoreOrderFragmentsBuilderTest",2,0.00,1.00,16,0.22,4464.11,2,0,1,11,8,110.94,1,19,0,3,110.94,0.00,0.67,0.00,0,0.00,1,658.35,1,1,8,org.apache.lucene.search.vectorhighlight.AbstractTestCase,0.00,9,2,2,0,9,1,0,1,134,1
"org.apache.lucene.search.vectorhighlight.SimpleFragListBuilder",1,0.00,13.00,33,0.51,45289.98,3,2,4,12,8,77.34,4,47,5,1,77.10,0.00,0.00,1.00,0,0.00,13,1527.56,0,1,3,java.lang.Object,0.00,11,0,13,0,11,0,1,2,267,1
"org.apache.lucene.search.vectorhighlight.SimpleFragListBuilderTest",14,0.00,1.14,108,1.84,45222.85,14,0,1,26,7,111.81,1,126,0,3,111.81,0.00,0.67,0.00,1,38.00,2,5523.33,6,1,7,org.apache.lucene.search.vectorhighlight.AbstractTestCase,0.00,12,2,16,0,12,13,0,1,1107,1
"org.apache.lucene.search.vectorhighlight.SimpleFragmentsBuilder",3,0.00,1.00,7,0.05,772.74,3,0,2,3,3,122.91,16,12,2,2,140.79,0.00,0.50,0.00,0,3.00,1,153.74,0,1,1,org.apache.lucene.search.vectorhighlight.BaseFragmentsBuilder,0.00,0,1,3,0,0,2,0,4,47,1
"org.apache.lucene.search.vectorhighlight.SimpleFragmentsBuilderTest",12,0.00,1.08,100,1.48,29017.39,12,0,11,36,14,110.65,4,115,0,3,110.65,0.00,0.67,0.00,1,0.00,2,4435.44,7,1,14,org.apache.lucene.search.vectorhighlight.AbstractTestCase,0.00,24,2,13,0,24,11,0,4,871,1
"org.apache.lucene.search.vectorhighlight.SingleFragListBuilder",1,0.00,5.00,13,0.19,7359.31,1,0,5,9,5,48.63,9,18,2,1,98.63,0.00,0.00,0.00,0,1.00,5,558.35,0,1,3,java.lang.Object,0.00,8,0,5,0,8,0,1,1,108,1
"org.apache.lucene.search.vectorhighlight.SingleFragListBuilderTest",4,0.00,1.00,21,0.32,5493.68,4,0,1,14,7,120.45,16,26,0,3,120.22,0.00,0.67,0.00,1,6.00,1,955.33,1,1,7,org.apache.lucene.search.vectorhighlight.AbstractTestCase,0.00,10,2,4,0,10,3,0,1,201,1
"org.apache.solr.update.processor.CustomUpdateRequestProcessorFactory",2,1.00,1.00,6,0.06,689.28,3,1,5,2,6,173.11,4,13,1,2,133.22,0.00,0.50,0.00,0,2.00,1,170.60,0,1,5,org.apache.solr.update.processor.UpdateRequestProcessorFactory,0.00,0,1,2,0,0,1,0,2,46,1
"org.apache.solr.update.processor.LogUpdateProcessor",7,0.29,3.14,52,0.74,22405.54,15,8,13,25,12,161.61,13,74,1,2,111.61,0.00,0.50,0.38,0,0.00,6,2207.81,0,0,12,org.apache.solr.update.processor.UpdateRequestProcessor,0.14,18,1,22,0,18,7,0,11,449,0
"org.apache.solr.update.processor.LogUpdateProcessorFactory",2,1.00,2.00,11,0.13,2667.72,3,1,13,6,15,102.29,10,18,3,2,120.16,0.00,0.50,0.50,0,2.00,2,386.81,0,0,13,org.apache.solr.update.processor.UpdateRequestProcessorFactory,0.00,4,1,4,0,4,2,0,3,88,1
"org.apache.solr.update.processor.Lookup3Signature",3,0.50,1.00,7,0.15,3993.73,4,1,1,5,2,135.17,0,13,0,2,135.17,0.00,0.50,0.67,0,1.00,1,454.49,0,0,2,org.apache.solr.update.processor.Signature,0.33,2,1,3,0,2,3,0,0,110,1
"org.apache.solr.update.processor.MD5Signature",3,0.33,1.33,15,0.17,3738.84,6,3,5,12,2,120.48,1,24,1,2,120.48,1.00,0.33,0.56,0,0.00,2,496.30,0,0,1,org.apache.solr.update.processor.Signature,0.33,9,1,4,1,9,3,0,1,114,1
"org.apache.solr.update.processor.MD5Signature$ThreadLocal<MessageDigest>",1,0.00,2.00,5,0.05,948.63,1,0,5,3,0,121.32,0,9,0,1,121.32,0.00,0.00,0.00,0,0.00,2,138.59,0,1,0,java.lang.Object,0.00,2,0,2,0,2,0,0,0,35,0
"org.apache.solr.update.processor.RunUpdateProcessor",6,0.00,1.17,26,0.28,4629.60,8,2,10,17,11,125.77,3,43,1,2,125.77,0.00,0.50,0.50,0,0.00,2,832.79,5,0,10,org.apache.solr.update.processor.UpdateRequestProcessor,0.00,11,1,7,0,11,6,0,1,200,0
"org.apache.solr.update.processor.RunUpdateProcessorFactory",1,0.00,1.00,3,0.03,455.69,1,0,10,2,13,114.39,5,8,1,2,132.27,0.00,0.50,0.00,0,1.00,1,99.51,0,1,12,org.apache.solr.update.processor.UpdateRequestProcessorFactory,0.00,1,1,1,0,1,0,0,1,27,1
"org.apache.solr.update.processor.Signature",3,0.00,1.00,4,0.02,149.83,3,0,1,3,4,157.62,0,6,3,1,157.62,0.00,0.00,0.00,0,3.00,1,74.91,0,0,1,java.lang.Object,0.00,0,0,3,3,0,3,0,0,27,2
"org.apache.solr.update.processor.SignatureUpdateProcessorFactory",8,0.04,1.38,37,0.40,10844.02,15,7,14,16,13,123.80,1,53,2,2,123.80,0.00,0.50,0.18,0,28.00,4,1196.20,0,4,11,org.apache.solr.update.processor.UpdateRequestProcessorFactory,0.00,8,1,11,0,8,4,0,1,251,1
"org.apache.solr.update.processor.SignatureUpdateProcessorFactory$SignatureUpdateProcessor",2,1.00,6.50,43,0.68,50555.75,3,1,14,18,9,86.58,0,54,0,2,86.58,0.00,0.50,0.50,0,2.00,12,2046.46,0,0,9,org.apache.solr.update.processor.UpdateRequestProcessor,0.00,16,1,13,0,16,2,0,0,331,0
"org.apache.solr.update.processor.SignatureUpdateProcessorFactoryTest",6,0.00,2.00,93,1.14,47162.98,6,0,17,34,13,96.29,3,100,0,3,96.29,0.00,0.67,0.00,2,10.00,7,3421.79,7,0,13,org.apache.solr.SolrTestCaseJ4,0.05,28,2,12,0,28,6,0,1,627,1
"org.apache.solr.update.processor.SignatureUpdateProcessorFactoryTest$SolrQueryRequestBase",0,0.00,0.00,1,0.01,69.74,0,0,17,0,0,171.00,0,2,0,1,171.00,0.00,0.00,0.00,0,0.00,0,34.87,0,0,0,java.lang.Object,0.00,0,0,0,0,0,0,0,0,11,0
"org.apache.solr.update.processor.SignatureUpdateProcessorFactoryTest$Thread",1,0.00,3.00,9,0.09,2429.11,1,0,17,5,0,148.38,2,12,0,1,108.49,0.00,0.00,0.00,0,1.00,3,260.22,0,0,0,java.lang.Object,0.00,4,0,3,0,4,1,0,2,54,0
"org.apache.solr.update.processor.SignatureUpdateProcessorFactoryTest$Thread_0",1,0.00,3.00,10,0.10,2773.29,1,0,17,6,0,126.95,3,13,0,1,106.33,0.00,0.00,0.00,0,1.00,3,287.81,0,0,0,java.lang.Object,0.00,5,0,3,0,5,1,0,3,59,0
"org.apache.solr.update.processor.TextProfileSignature",3,0.25,6.00,59,0.92,81645.88,5,2,6,27,2,37.97,28,80,0,3,87.96,0.00,0.67,0.67,0,1.00,16,2763.95,2,0,2,org.apache.solr.update.processor.MD5Signature,0.33,24,2,18,0,24,3,0,7,474,1
"org.apache.solr.update.processor.TextProfileSignature$Token",2,0.00,1.00,8,0.06,776.67,4,2,6,2,0,128.15,0,12,0,1,128.15,0.00,0.00,0.50,0,2.00,1,179.10,0,1,0,java.lang.Object,0.00,0,0,2,0,0,1,0,0,50,2
"org.apache.solr.update.processor.TextProfileSignature$TokenComparator",1,0.00,1.00,3,0.03,504.81,1,0,6,1,0,131.92,0,5,0,1,131.92,0.00,0.00,0.00,0,1.00,1,99.83,0,0,0,java.lang.Object,0.00,0,0,1,0,0,1,1,0,28,2
"org.apache.solr.update.processor.UpdateRequestProcessor",7,0.08,1.86,17,0.20,3562.39,9,2,8,14,41,178.20,15,27,36,1,138.31,0.00,0.00,0.43,0,0.00,2,593.82,0,0,5,java.lang.Object,0.00,7,0,13,6,7,7,0,2,154,2
"org.apache.solr.update.processor.UpdateRequestProcessorChain",5,0.12,1.60,25,0.26,8122.91,7,2,6,12,16,140.15,19,32,10,1,119.53,0.00,0.00,0.40,0,2.00,3,793.13,0,0,7,java.lang.Object,0.00,7,0,8,0,7,5,1,1,177,2
"org.apache.solr.update.processor.UpdateRequestProcessorFactory",2,0.00,1.00,3,0.03,173.49,2,0,6,2,15,155.97,9,8,9,1,155.74,0.00,0.00,0.00,0,2.00,1,80.82,0,1,7,java.lang.Object,0.00,0,0,2,6,0,1,1,2,26,2
"org.apache.solr.update.processor.UpdateRequestProcessorFactoryTest",3,0.00,1.00,16,0.21,4189.53,3,0,3,8,5,160.05,6,17,0,3,120.16,0.00,0.67,0.00,0,4.00,1,619.96,0,2,5,org.apache.solr.util.AbstractSolrTestCase,0.17,5,2,3,0,5,1,0,4,130,1
"org.apache.lucene.benchmark.byTask.Benchmark",6,0.07,2.17,47,0.57,26485.53,9,3,5,28,8,78.37,38,65,5,1,110.60,0.00,0.00,0.39,1,2.00,5,1719.06,0,2,3,java.lang.Object,0.00,22,0,13,0,22,4,0,11,340,1
"org.apache.lucene.benchmark.byTask.PerfRunData",20,0.03,1.75,106,1.10,30024.33,32,12,19,57,73,120.02,81,142,61,1,119.78,0.00,0.00,0.11,4,244.00,6,3294.86,0,10,15,java.lang.Object,0.00,37,0,35,0,37,10,0,36,681,1
"org.apache.lucene.benchmark.byTask.TestPerfTasksLogic",32,0.00,1.47,297,5.94,166672.21,32,0,35,101,27,106.28,158,741,0,3,106.05,0.00,0.67,0.00,7,32.00,6,17817.31,4,5,27,org.apache.lucene.benchmark.BenchmarkTestCase,0.00,69,2,47,0,69,27,0,121,3135,1
"org.apache.lucene.benchmark.byTask.TestPerfTasksLogic$MyMergePolicy",1,0.00,1.00,4,0.02,179.59,2,1,35,1,1,130.79,0,6,0,4,130.79,0.00,0.75,1.00,0,0.00,1,63.86,0,0,1,org.apache.lucene.index.LogDocMergePolicy,0.00,0,3,1,0,0,1,0,0,20,2
"org.apache.lucene.benchmark.byTask.TestPerfTasksLogic$MyMergeScheduler",1,0.00,1.00,5,0.02,206.76,2,1,35,1,1,126.69,0,7,0,3,126.69,0.00,0.67,1.00,0,0.00,1,74.73,0,0,1,org.apache.lucene.index.SerialMergeScheduler,0.00,0,2,1,0,0,1,0,0,23,2
"org.apache.lucene.benchmark.byTask.TestPerfTasksParse",2,0.00,4.00,34,0.58,22144.57,5,3,6,15,4,132.82,4,44,0,2,92.94,0.00,0.50,0.33,0,0.00,4,1735.55,0,0,4,org.apache.lucene.util.LuceneTestCase,0.00,13,1,8,0,13,2,0,4,308,1
"org.apache.solr.handler.clustering.carrot.Bindable",2,0.20,3.50,38,0.59,29691.95,7,5,7,13,0,90.16,0,60,0,2,90.16,0.00,0.50,0.30,1,2.00,4,1784.92,0,1,0,org.carrot2.core.ProcessingComponentBase,0.00,11,1,7,0,11,1,1,0,329,1
"org.apache.solr.handler.clustering.carrot.Bindable$ILexicalData",2,0.00,2.50,11,0.08,1354.63,2,0,22,5,0,162.31,4,14,0,1,122.42,0.00,0.00,0.00,0,2.00,4,239.27,0,0,0,java.lang.Object,0.00,3,0,5,0,3,2,0,4,59,0
"org.apache.solr.handler.clustering.carrot.CarrotClusteringEngine",11,0.05,3.18,156,3.07,149028.71,17,6,47,96,24,63.22,68,209,2,3,95.44,0.00,0.67,0.12,7,35.00,8,9204.46,1,9,22,org.apache.solr.handler.clustering.SearchClusteringEngine,0.00,85,2,35,0,85,2,0,44,1551,1
"org.apache.solr.handler.clustering.carrot.CarrotClusteringEngine$IResourceLocator",1,0.00,2.00,12,0.21,6479.67,1,0,47,6,2,121.18,3,19,0,1,100.57,0.00,0.00,0.00,0,0.00,2,624.92,0,1,2,java.lang.Object,0.00,5,0,2,0,5,0,0,3,117,0
"org.apache.solr.handler.clustering.carrot.CarrotClusteringEngine$IResourceLocator$IResource",1,0.00,1.00,3,0.01,111.66,1,0,47,1,0,137.08,0,4,0,1,137.08,0.00,0.00,0.00,0,1.00,1,41.22,0,1,0,java.lang.Object,0.00,0,0,1,0,0,0,0,0,14,0
"org.apache.solr.handler.clustering.carrot.CarrotClusteringEngine$LocalSolrQueryRequest",1,0.00,1.00,3,0.03,347.48,1,0,47,2,1,133.19,0,5,0,1,133.19,0.00,0.00,0.00,0,1.00,1,95.04,0,1,1,java.lang.Object,0.00,1,0,1,0,1,0,0,0,27,0
"org.apache.solr.handler.clustering.carrot.CarrotClusteringEngineTest",27,0.00,1.30,146,2.50,70081.58,27,0,24,60,19,117.98,17,220,0,4,117.98,0.00,0.75,0.00,9,124.00,3,7499.04,0,9,19,org.apache.solr.handler.clustering.AbstractClusteringTestCase,0.00,33,3,35,0,33,18,0,15,1466,1
"org.apache.solr.handler.clustering.carrot.CarrotParams",0,0.00,0.00,12,0.19,6803.74,11,11,2,1,3,171.00,16,15,3,1,171.00,0.00,0.00,0.00,0,0.00,0,556.28,0,0,0,,0.00,1,0,0,0,1,0,0,1,106,1
"org.apache.solr.handler.clustering.carrot.LuceneCarrot2StemmerFactory",1,1.00,1.00,8,0.10,1683.46,2,1,25,4,19,74.34,12,14,1,1,111.91,0.00,0.00,0.00,0,1.00,1,285.25,0,1,18,java.lang.Object,0.00,3,0,1,0,3,0,1,3,66,1
"org.apache.solr.handler.clustering.carrot.LuceneCarrot2StemmerFactory$SnowballStemmerFactory",1,0.00,4.00,30,0.54,20885.42,2,1,25,5,16,107.85,19,43,0,1,81.56,0.00,0.00,1.00,0,0.00,4,1612.04,0,1,16,java.lang.Object,0.00,4,0,4,0,4,0,0,4,299,3
"org.apache.solr.handler.clustering.carrot.LuceneCarrot2StemmerFactory$SnowballStemmerFactory$ArabicStemmerFactory",1,0.00,2.00,12,0.12,1880.84,1,0,25,2,2,62.51,7,25,0,1,104.80,0.00,0.00,0.00,0,1.00,2,350.46,0,1,2,java.lang.Object,0.00,1,0,2,0,1,0,0,2,86,2
"org.apache.solr.handler.clustering.carrot.LuceneCarrot2StemmerFactory$SnowballStemmerFactory$ArabicStemmerFactory$IdentityStemmer",1,1.00,1.00,4,0.03,654.13,2,1,25,2,0,126.37,0,6,0,1,126.37,0.00,0.00,0.00,0,1.00,1,98.31,0,1,0,java.lang.Object,0.00,1,0,1,0,1,0,1,0,28,2
"org.apache.solr.handler.clustering.carrot.LuceneCarrot2StemmerFactory$SnowballStemmerFactory$ArabicStemmerFactory$LuceneStemmerAdapter",3,0.33,2.67,28,0.39,18411.02,6,3,25,10,2,105.35,1,31,0,1,105.35,0.00,0.00,0.56,0,1.00,4,1179.95,0,1,2,java.lang.Object,0.00,7,0,8,0,7,2,1,1,244,2
"org.apache.solr.handler.clustering.carrot.LuceneCarrot2StemmerFactory$SnowballStemmerFactory$SnowballStemmerAdapter",2,1.00,1.50,10,0.07,1220.79,3,1,25,6,1,122.90,0,14,0,1,122.90,0.00,0.00,0.50,0,2.00,2,220.84,0,1,1,java.lang.Object,0.00,4,0,3,0,4,1,1,0,59,2
"org.apache.solr.handler.clustering.carrot.LuceneCarrot2TokenizerFactory",1,1.00,1.00,7,0.08,1476.74,2,1,14,4,4,132.65,18,13,1,1,114.52,0.00,0.00,0.00,0,1.00,1,252.85,0,1,3,java.lang.Object,0.00,3,0,1,0,3,0,1,4,59,1
"org.apache.solr.handler.clustering.carrot.LuceneCarrot2TokenizerFactory$ChineseTokenizerFactory",1,0.00,2.00,11,0.09,1181.30,1,0,14,3,0,107.80,0,24,0,1,107.80,0.00,0.00,0.00,0,1.00,2,270.76,0,1,0,java.lang.Object,0.00,2,0,2,0,2,0,0,0,69,3
"org.apache.solr.handler.clustering.carrot.LuceneCarrot2TokenizerFactory$ChineseTokenizerFactory$ChineseTokenizer",4,0.28,2.25,35,0.50,13510.07,10,6,14,19,3,159.34,4,49,0,1,109.34,0.00,0.00,0.38,0,0.00,4,1487.54,0,0,3,java.lang.Object,0.00,15,0,9,0,15,4,1,4,296,3
"org.apache.lucene.queryParser.core.processors.NoChildOptimizationQueryNodeProcessor",4,0.00,2.00,16,0.19,8656.45,4,0,9,7,10,142.73,12,31,1,2,122.12,0.00,0.50,0.00,0,4.00,5,579.16,0,3,9,org.apache.lucene.queryParser.core.processors.QueryNodeProcessorImpl,0.00,3,1,8,0,3,1,0,2,126,1
"org.apache.lucene.queryParser.core.processors.QueryNodeProcessor",3,0.00,1.00,4,0.02,126.39,3,0,3,3,7,147.85,47,5,5,1,158.21,0.00,0.00,0.00,0,3.00,1,66.26,0,2,3,,0.00,0,0,3,0,0,1,0,4,25,1
"org.apache.lucene.queryParser.core.processors.QueryNodeProcessorImpl",11,2.00,1.55,49,0.47,17925.54,13,2,5,19,26,74.67,110,68,22,1,123.15,0.00,0.00,0.00,3,11.00,4,1399.68,0,6,4,java.lang.Object,0.00,8,0,17,21,8,5,1,8,317,2
"org.apache.lucene.queryParser.core.processors.QueryNodeProcessorImpl$ChildrenList",0,0.00,0.00,3,0.03,560.73,2,2,5,0,1,171.00,0,4,0,2,171.00,0.00,0.50,0.00,0,0.00,0,101.95,0,0,1,java.util.ArrayList,0.00,0,1,0,0,0,0,0,0,24,2
"org.apache.lucene.queryParser.core.processors.QueryNodeProcessorPipeline",29,2.00,1.38,82,0.82,16326.39,31,2,8,33,10,138.27,128,116,6,1,138.04,0.00,0.00,0.00,18,29.00,3,2448.36,0,7,4,java.lang.Object,0.00,4,0,40,2,4,22,2,31,622,1
"org.apache.lucene.queryParser.core.processors.RemoveDeletedQueryNodesProcessor",5,0.00,2.60,35,0.37,17696.46,5,0,6,13,6,161.31,7,49,2,2,111.31,0.00,0.50,0.00,0,5.00,6,1099.83,1,4,5,org.apache.lucene.queryParser.core.processors.QueryNodeProcessorImpl,0.00,8,1,13,0,8,1,0,2,227,1
"org.apache.lucene.analysis.payloads.AbstractEncoder",1,0.00,1.00,3,0.03,379.39,1,0,1,1,5,133.13,4,5,3,1,132.89,0.00,0.00,0.00,1,1.00,1,82.56,0,1,2,java.lang.Object,0.00,0,0,1,3,0,0,1,1,24,2
"org.apache.lucene.analysis.payloads.DelimitedPayloadTokenFilter",2,0.40,2.50,25,0.29,12170.67,7,5,5,8,8,58.44,14,28,3,4,100.73,0.00,0.75,0.40,0,2.00,4,875.75,0,0,5,org.apache.lucene.analysis.TokenFilter,0.29,6,3,5,0,6,2,0,3,178,2
"org.apache.lucene.analysis.payloads.DelimitedPayloadTokenFilterTest",6,0.00,1.67,93,1.67,63674.19,6,0,7,28,10,95.31,0,102,0,2,95.31,0.00,0.50,0.00,1,6.00,3,5008.19,0,0,10,org.apache.lucene.util.LuceneTestCase,0.00,22,1,10,0,22,6,0,0,906,1
"org.apache.lucene.analysis.payloads.FloatEncoder",1,0.00,1.00,7,0.09,1790.78,1,0,1,6,7,71.57,7,9,3,2,113.86,0.00,0.50,0.00,0,1.00,1,271.25,0,1,4,org.apache.lucene.analysis.payloads.AbstractEncoder,0.00,5,1,1,0,5,0,1,2,60,1
"org.apache.lucene.analysis.payloads.IdentityEncoder",3,0.25,1.33,15,0.21,6550.48,5,2,4,14,5,158.45,7,21,2,2,118.57,0.00,0.50,0.33,0,5.00,2,642.55,0,1,3,org.apache.lucene.analysis.payloads.AbstractEncoder,0.00,11,1,4,0,11,2,1,4,139,1
"org.apache.lucene.analysis.payloads.IntegerEncoder",1,0.00,1.00,7,0.08,1787.95,1,0,2,5,7,71.57,7,9,2,2,113.86,0.00,0.50,0.00,0,1.00,1,251.55,0,1,5,org.apache.lucene.analysis.payloads.AbstractEncoder,0.00,4,1,1,0,4,0,1,2,57,1
"org.apache.lucene.analysis.payloads.NumericPayloadTokenFilter",2,0.75,2.00,15,0.17,2957.24,6,4,6,8,8,154.24,5,21,2,4,114.35,0.00,0.75,0.62,0,0.00,3,504.71,0,0,6,org.apache.lucene.analysis.TokenFilter,0.29,6,3,4,0,6,2,0,2,113,1
"org.apache.lucene.analysis.payloads.NumericPayloadTokenFilterTest",1,0.00,3.00,23,0.50,27588.56,1,0,9,16,9,134.98,1,27,0,3,84.98,0.00,0.67,0.00,0,1.00,3,1501.19,0,0,9,org.apache.lucene.analysis.BaseTokenStreamTestCase,0.00,15,2,3,0,15,1,0,1,256,1
"org.apache.lucene.analysis.payloads.NumericPayloadTokenFilterTest$WordTokenFilter",2,0.00,2.00,11,0.11,1946.33,4,2,9,6,4,121.24,0,17,0,4,121.24,0.00,0.75,0.50,0,2.00,3,341.98,0,0,4,org.apache.lucene.analysis.TokenFilter,0.29,4,3,4,0,4,2,0,0,82,2
"org.apache.lucene.analysis.payloads.PayloadEncoder",2,0.00,1.00,3,0.02,107.12,2,0,1,2,7,125.16,13,4,6,1,157.39,0.00,0.00,0.00,0,2.00,1,66.19,0,2,1,,0.00,0,0,2,0,0,0,0,2,23,1
"org.apache.lucene.analysis.payloads.PayloadHelper",7,0.00,1.00,19,0.32,9172.28,7,0,0,9,10,117.35,35,28,10,1,135.22,0.00,0.00,0.00,4,7.00,1,957.98,0,0,0,java.lang.Object,0.00,2,0,7,0,2,7,0,4,227,1
"org.apache.lucene.analysis.payloads.TokenOffsetPayloadTokenFilter",2,0.00,1.50,15,0.17,4835.46,4,2,6,8,8,133.35,6,20,2,4,112.74,0.00,0.75,0.50,0,2.00,2,516.80,0,0,6,org.apache.lucene.analysis.TokenFilter,0.29,6,3,3,0,6,2,0,1,111,1
"org.apache.lucene.analysis.payloads.TokenOffsetPayloadTokenFilterTest",1,0.00,2.00,18,0.31,14107.25,1,0,7,12,7,91.34,0,21,0,3,91.34,0.00,0.67,0.00,0,1.00,2,942.05,0,0,7,org.apache.lucene.analysis.BaseTokenStreamTestCase,0.00,11,2,2,0,11,1,0,0,167,1
"org.apache.lucene.analysis.payloads.TypeAsPayloadTokenFilter",2,0.00,2.00,13,0.15,4399.05,4,2,6,8,7,136.11,6,19,2,4,115.49,0.00,0.75,0.50,0,2.00,3,462.96,0,0,5,org.apache.lucene.analysis.TokenFilter,0.29,6,3,4,0,6,2,0,1,101,1
"org.apache.lucene.analysis.payloads.TypeAsPayloadTokenFilterTest",1,0.00,2.00,17,0.35,15015.86,1,0,9,17,8,92.05,0,20,0,3,92.05,0.00,0.67,0.00,0,1.00,2,1047.86,0,0,8,org.apache.lucene.analysis.BaseTokenStreamTestCase,0.00,16,2,2,0,16,1,0,0,186,1
"org.apache.lucene.analysis.payloads.TypeAsPayloadTokenFilterTest$WordTokenFilter",2,0.00,1.50,11,0.12,2166.66,4,2,9,7,4,120.94,0,16,0,4,120.94,0.00,0.75,0.50,0,2.00,2,363.22,0,0,4,org.apache.lucene.analysis.TokenFilter,0.29,5,3,3,0,5,2,0,0,85,2
"org.apache.lucene.xmlparser.webdemo.FormBasedXmlQueryDemo",3,0.62,3.67,57,1.06,45127.87,7,4,26,39,14,110.72,11,78,0,2,90.11,0.00,0.50,0.67,1,0.00,6,3190.33,1,0,14,javax.servlet.http.HttpServlet,0.00,36,1,11,0,36,3,0,11,541,1
"org.apache.solr.velocity.VelocityResponseWriterTest",3,0.00,1.00,13,0.15,2309.92,3,0,6,10,4,125.81,0,15,0,3,125.81,0.00,0.67,0.00,0,3.00,1,436.66,0,2,4,org.apache.solr.util.AbstractSolrTestCase,0.17,7,2,3,0,7,1,0,0,97,1
"org.apache.lucene.util.ArrayUtil",46,0.00,2.11,242,3.34,172102.34,46,0,2,55,45,116.85,194,325,42,1,116.62,0.00,0.00,0.00,9,46.00,7,10009.03,0,2,3,java.lang.Object,0.00,9,0,97,0,9,44,0,59,2120,2
"org.apache.lucene.util.ArrayUtil$SorterTemplate",4,0.67,1.00,12,0.13,2705.31,5,1,2,5,0,130.92,0,20,0,1,130.92,0.00,0.00,0.50,0,4.00,1,400.66,0,0,0,java.lang.Object,0.00,1,0,4,0,1,4,0,0,103,0
"org.apache.lucene.util.ArrayUtil$SorterTemplate_0",4,0.67,1.00,12,0.13,2606.88,5,1,2,5,0,131.04,0,20,0,1,131.04,0.00,0.00,0.50,0,4.00,1,390.98,0,0,0,java.lang.Object,0.00,1,0,4,0,1,4,0,0,101,0
"org.apache.lucene.util.Attribute",0,0.00,0.00,1,0.00,12.00,0,0,0,0,35,171.00,19,2,35,1,171.00,0.00,0.00,0.00,0,0.00,0,8.00,0,0,0,,0.00,0,0,0,0,0,0,0,2,4,1
"org.apache.lucene.util.AttributeImpl",7,0.42,2.71,46,0.76,41671.05,9,2,6,33,52,82.64,91,66,48,1,112.02,0.00,0.00,0.14,3,12.00,11,2283.29,1,3,5,java.lang.Object,0.00,26,0,19,27,26,4,3,18,414,2
"org.apache.lucene.util.AttributeImpl$AttributeReflector",1,0.00,5.00,7,0.12,3324.00,1,0,6,5,0,111.37,0,10,0,1,111.37,0.00,0.00,0.00,0,1.00,5,353.00,0,0,0,java.lang.Object,0.00,4,0,5,0,4,1,0,0,73,0
"org.apache.lucene.util.AttributeReflector",1,0.00,1.00,2,0.02,236.00,1,0,0,1,8,190.57,26,3,8,1,141.08,0.00,0.00,0.00,0,1.00,1,72.00,0,0,0,,0.00,0,0,1,0,0,1,0,3,20,1
"org.apache.lucene.util.AttributeSource",0,0.00,0.00,2,0.01,70.18,0,0,12,0,50,171.00,12,2,49,1,171.00,0.00,0.00,0.00,0,0.00,0,28.07,0,0,2,java.lang.Object,0.00,0,0,0,180,0,0,0,2,10,1
"org.apache.lucene.util.AttributeSource$AttributeFactory",24,0.11,3.00,176,2.49,125289.38,30,6,12,76,4,77.73,144,222,0,1,109.95,0.00,0.00,0.06,6,142.00,10,7480.93,0,8,4,java.lang.Object,0.00,52,0,72,0,52,16,0,36,1510,3
"org.apache.lucene.util.AttributeSource$AttributeFactory$AttributeReflector",1,0.00,5.00,7,0.12,3324.00,1,0,12,5,0,111.37,0,10,0,1,111.37,0.00,0.00,0.00,0,1.00,5,353.00,0,0,0,java.lang.Object,0.00,4,0,5,0,4,1,0,0,73,0
"org.apache.lucene.util.AttributeSource$AttributeFactory$DefaultAttributeFactory",3,1.00,4.67,21,0.45,27758.69,4,1,12,14,3,157.89,3,37,0,2,107.89,0.00,0.50,0.33,1,4.00,9,1345.85,0,1,3,org.apache.lucene.util.AttributeFactory,0.00,11,1,14,0,11,2,0,3,261,3
"org.apache.lucene.util.AttributeSource$AttributeFactory$Iterator<AttributeImpl>",3,0.50,1.33,11,0.08,1916.67,4,1,12,5,1,131.04,0,15,0,1,131.04,0.00,0.00,0.67,0,1.00,2,252.66,0,0,1,java.lang.Object,0.00,2,0,4,0,2,3,0,0,66,0
"org.apache.lucene.util.AttributeSource$AttributeFactory$State",1,0.00,2.00,9,0.09,2942.78,3,2,12,4,1,107.93,0,13,0,1,107.93,0.00,0.00,1.00,0,0.00,2,256.35,0,1,1,java.lang.Object,0.00,3,0,2,0,3,0,1,0,63,3
"org.apache.lucene.util.AverageGuessMemoryModel",4,0.00,1.25,11,0.11,2130.20,4,0,2,7,2,120.38,21,21,1,2,138.25,0.00,0.50,0.00,0,4.00,2,339.51,0,0,1,org.apache.lucene.util.MemoryModel,0.75,3,1,5,0,3,4,0,6,87,1
"org.apache.lucene.util.AverageGuessMemoryModel$IdentityHashMap<Class<?>,Integer>",0,0.00,0.00,9,0.16,5350.21,0,0,2,1,0,171.00,0,11,0,1,171.00,0.00,0.00,0.00,0,0.00,0,470.04,0,0,0,java.lang.Object,0.00,1,0,0,0,1,0,0,0,100,0
"org.apache.lucene.util.BitUtil",15,0.86,3.53,433,7.82,2054773.91,16,1,0,15,5,27.80,155,553,5,1,76.28,0.00,0.00,0.20,1,42.00,8,23458.42,0,0,0,java.lang.Object,0.00,0,0,53,0,0,15,0,93,4327,2
"org.apache.lucene.util.BitVector",18,0.24,2.17,137,2.32,235357.34,22,4,4,35,13,127.50,66,180,10,1,106.88,0.00,0.00,0.47,7,0.00,5,6966.37,0,2,3,java.lang.Object,0.00,17,0,39,0,17,16,1,41,1406,2
"org.apache.lucene.util.CharacterUtils",6,0.40,1.33,15,0.21,4823.83,8,2,2,11,9,176.13,130,19,8,1,136.83,0.00,0.00,0.17,0,10.00,2,617.44,0,1,1,java.lang.Object,0.00,5,0,8,2,5,5,0,9,155,2
"org.apache.lucene.util.CharacterUtils$CharacterBuffer",5,0.06,1.00,19,0.12,1801.87,9,4,2,5,0,133.30,20,25,0,1,133.07,0.00,0.00,0.30,0,9.00,1,361.58,0,0,0,java.lang.Object,0.00,0,0,5,0,0,5,0,4,100,3
"org.apache.lucene.util.CharacterUtils$Java4CharacterUtils",5,0.00,1.40,15,0.20,5293.06,5,0,2,8,1,129.31,0,27,0,2,129.31,0.00,0.50,0.00,0,5.00,2,595.71,0,0,1,org.apache.lucene.util.CharacterUtils,0.36,3,1,7,0,3,5,0,0,140,3
"org.apache.lucene.util.CharacterUtils$Java5CharacterUtils",5,0.00,1.60,22,0.35,27028.46,5,0,2,8,1,119.04,1,36,0,2,119.04,0.00,0.50,0.00,0,5.00,4,1047.34,0,0,1,org.apache.lucene.util.CharacterUtils,0.36,3,1,8,0,3,5,0,1,220,3
"org.apache.lucene.util.CloseableThreadLocal",4,0.00,2.25,30,0.31,10594.43,6,2,5,15,3,64.23,34,38,3,1,112.33,0.00,0.00,0.50,2,2.00,3,938.17,0,0,0,java.lang.Object,0.00,11,0,9,2,11,4,1,7,208,1
"org.apache.lucene.util.CollectionUtil",9,0.00,2.33,32,0.59,22617.67,9,0,4,15,7,108.36,49,43,6,1,126.23,0.00,0.00,0.00,1,9.00,3,1771.08,0,1,1,java.lang.Object,0.00,6,0,21,0,6,8,0,12,375,2
"org.apache.lucene.util.CollectionUtil$SorterTemplate",4,0.67,1.00,10,0.12,1922.80,5,1,4,7,0,138.65,0,18,0,1,138.65,0.00,0.00,0.50,0,4.00,1,370.86,0,0,0,java.lang.Object,0.00,3,0,4,0,3,4,0,0,97,0
"org.apache.lucene.util.CollectionUtil$SorterTemplate_0",4,0.67,1.00,10,0.12,1833.48,5,1,4,7,0,138.81,0,18,0,1,138.81,0.00,0.00,0.50,0,4.00,1,361.00,0,0,0,java.lang.Object,0.00,3,0,4,0,3,4,0,0,95,0
"org.apache.lucene.util.Constants",2,14.00,1.00,35,0.51,14324.51,16,14,1,5,13,44.75,19,42,12,1,94.74,0.00,0.00,0.00,0,2.00,1,1536.87,0,1,1,java.lang.Object,0.00,3,0,2,0,3,1,0,17,308,2
"org.apache.lucene.util.Deprecated",4,0.00,1.50,16,0.20,5147.69,6,2,5,11,1,144.58,13,25,1,1,123.96,0.00,0.00,0.50,1,2.00,2,601.14,0,3,0,java.lang.Object,0.00,7,0,6,0,7,1,1,3,139,2
"org.apache.lucene.util.DocIdBitSet",4,1.00,1.00,11,0.08,859.99,5,1,3,5,12,191.40,5,18,10,2,141.40,0.00,0.50,0.25,0,6.00,1,226.42,0,2,2,org.apache.lucene.search.DocIdSet,0.00,1,1,4,0,1,2,0,3,65,1
"org.apache.lucene.util.DocIdBitSet$DocIdBitSetIterator",4,0.17,1.50,16,0.15,3811.82,6,2,3,5,1,124.99,3,24,0,2,124.99,0.00,0.50,0.62,0,0.00,2,456.34,0,0,1,org.apache.lucene.search.DocIdSetIterator,0.86,1,1,6,0,1,4,0,3,112,2
"org.apache.lucene.util.DoubleBarrelLRUCache",3,0.80,2.67,41,0.43,17956.52,8,5,3,11,2,51.00,32,52,2,2,99.48,0.00,0.50,0.73,1,0.00,4,1278.69,0,0,0,DoubleBarrelLRUCache.CloneableKey,V>,0.00,8,1,8,0,8,3,0,13,266,2
"org.apache.lucene.util.DoubleBarrelLRUCache$CloneableKey",1,0.00,1.00,2,0.01,128.77,1,0,3,1,0,143.16,0,4,0,1,143.16,0.00,0.00,0.00,0,1.00,1,42.51,0,1,0,java.lang.Object,0.00,0,0,1,0,0,0,0,0,15,3
"org.apache.lucene.util.DummyConcurrentLock",6,1.00,1.00,11,0.07,869.96,7,1,4,8,0,153.98,5,15,0,1,153.98,0.00,0.00,0.00,0,6.00,1,200.16,0,1,0,java.lang.Object,0.00,2,0,6,0,2,5,1,2,63,2
"org.apache.lucene.util.English",6,0.00,7.83,110,1.38,117762.21,6,0,0,11,22,90.13,28,159,22,1,89.90,0.00,0.00,0.00,1,6.00,42,4126.15,0,2,0,java.lang.Object,0.00,5,0,47,0,5,4,0,11,670,2
"org.apache.lucene.util.FieldCacheSanityChecker",8,0.86,3.75,113,2.00,154277.27,9,1,10,57,9,56.64,99,135,5,1,94.20,0.00,0.00,0.25,4,16.00,10,5991.30,0,3,4,java.lang.Object,0.00,49,0,30,0,49,5,0,32,1040,2
"org.apache.lucene.util.FieldCacheSanityChecker$Insanity",5,0.17,1.80,31,0.32,12014.75,8,3,10,11,0,155.10,14,34,0,1,115.22,0.00,0.00,0.20,3,14.00,3,949.07,0,3,0,java.lang.Object,0.00,6,0,9,0,6,2,0,4,206,3
"org.apache.lucene.util.FieldCacheSanityChecker$InsanityType",2,0.25,1.00,9,0.10,2072.31,6,4,10,3,0,87.23,24,14,0,1,124.80,0.00,0.00,0.12,0,2.00,1,285.41,0,1,0,java.lang.Object,0.00,1,0,2,0,1,1,0,3,72,3
"org.apache.lucene.util.FieldCacheSanityChecker$ReaderField",4,0.00,1.25,14,0.17,4188.97,6,2,10,7,0,129.37,0,23,0,1,129.37,0.00,0.00,0.50,1,4.00,2,498.39,0,1,0,java.lang.Object,0.00,3,0,5,0,3,3,0,0,123,3
"org.apache.lucene.util.IOUtils",3,0.00,4.67,18,0.22,15294.56,3,0,2,4,5,62.43,29,33,5,1,112.42,0.00,0.00,0.00,0,3.00,7,667.11,0,0,0,java.lang.Object,0.00,1,0,14,0,1,3,0,4,140,2
"org.apache.lucene.util.IndexableBinaryStringTools",11,0.90,2.91,126,2.24,257932.48,12,1,2,25,4,77.35,160,181,4,1,97.49,0.00,0.00,0.18,4,25.00,10,6729.15,0,2,0,java.lang.Object,0.00,14,0,32,0,14,9,0,26,1252,2
"org.apache.lucene.util.IndexableBinaryStringTools$CodingCase",2,0.14,1.50,17,0.19,4164.69,9,7,2,2,0,111.09,0,20,0,1,111.09,0.00,0.00,0.07,0,2.00,2,558.74,0,0,0,java.lang.Object,0.00,0,0,3,0,0,2,0,0,131,1
"org.apache.lucene.util.LineFileDocs",6,0.10,3.17,73,1.04,48244.31,12,6,13,41,5,139.61,12,93,3,1,99.73,0.00,0.00,0.25,2,6.00,8,3109.10,0,1,2,java.lang.Object,0.00,35,0,19,0,35,5,1,9,557,1
"org.apache.lucene.util.LineFileDocs$DocState",1,0.00,1.00,19,0.28,8094.44,7,6,13,4,2,92.52,0,21,0,1,92.52,0.00,0.00,1.00,0,0.00,1,834.24,0,0,2,java.lang.Object,0.00,3,0,1,0,3,1,0,0,176,3
"org.apache.lucene.util.LuceneJUnitDividingSelector",3,0.67,2.67,26,0.30,10713.78,6,3,4,8,0,159.11,3,36,0,2,109.11,0.00,0.50,0.78,0,0.00,4,892.82,2,0,0,org.apache.tools.ant.types.selectors.BaseExtendSelector,0.00,5,1,8,0,5,3,0,3,187,1
"org.apache.lucene.util.LuceneJUnitResultFormatter",15,0.03,2.07,99,1.28,60935.02,23,8,16,43,4,95.52,79,150,1,1,113.39,0.00,0.00,0.10,5,60.00,11,3838.45,0,3,3,java.lang.Object,0.00,28,0,31,0,28,12,1,30,738,1
"org.apache.lucene.util.MapBackedSet",7,0.08,1.00,17,0.21,3633.04,9,2,4,14,4,188.39,9,31,4,2,138.39,0.00,0.50,0.43,0,0.00,1,619.69,0,1,0,java.util.AbstractSet,0.00,7,1,7,0,7,6,1,2,156,2
"org.apache.lucene.util.MapOfSets",4,0.00,1.75,24,0.28,9185.58,5,1,4,11,1,97.50,21,31,1,1,115.38,0.00,0.00,1.00,0,0.00,3,843.05,0,1,0,java.lang.Object,0.00,7,0,7,0,7,3,0,5,184,1
"org.apache.lucene.util.MemoryModel",4,0.00,1.00,5,0.03,249.47,4,0,0,4,2,108.76,34,6,2,1,156.87,0.00,0.00,0.00,0,4.00,1,96.19,0,0,0,java.lang.Object,0.00,0,0,4,1,0,4,0,6,34,2
"org.apache.lucene.util.NamedThreadFactory",3,0.20,1.67,17,0.27,5690.56,8,5,3,14,0,101.12,16,24,0,1,119.00,0.00,0.00,0.33,0,1.00,2,799.72,0,2,0,java.lang.Object,0.00,11,0,5,0,11,1,1,3,173,1
"org.apache.lucene.util.NumericUtils",21,0.15,2.14,121,1.83,127464.72,26,5,4,31,23,64.96,203,176,23,1,114.96,0.00,0.00,0.06,10,127.00,9,5477.23,0,6,4,java.lang.Object,0.00,10,0,45,0,10,15,0,46,1088,2
"org.apache.lucene.util.NumericUtils$IntRangeBuilder",2,0.00,1.00,5,0.05,694.57,2,0,4,4,0,140.00,8,8,0,1,139.76,0.00,0.00,0.00,1,2.00,1,155.32,0,0,0,java.lang.Object,0.00,2,0,2,0,2,2,0,2,45,3
"org.apache.lucene.util.NumericUtils$LongRangeBuilder",2,0.00,1.00,5,0.05,648.08,2,0,4,4,0,140.24,8,8,0,1,140.00,0.00,0.00,0.00,1,2.00,1,158.21,0,0,0,java.lang.Object,0.00,2,0,2,0,2,2,0,2,45,3
"org.apache.lucene.util.OpenBitSet",57,0.04,1.88,357,4.66,259748.40,60,3,4,71,47,95.14,300,425,43,2,113.02,1.00,0.33,0.37,9,0.00,8,13967.49,1,2,5,org.apache.lucene.search.DocIdSet,0.00,14,1,107,1,14,55,2,128,2901,1
"org.apache.lucene.util.OpenBitSetDISI",6,0.00,1.83,29,0.29,7397.27,6,0,2,6,6,106.19,33,41,4,3,124.06,0.00,0.67,0.00,1,6.00,3,865.43,5,0,2,org.apache.lucene.util.OpenBitSet,0.00,0,2,11,0,0,6,0,6,201,1
"org.apache.lucene.util.OpenBitSetIterator",6,0.38,2.83,61,1.38,46255.70,14,8,1,8,7,52.85,57,102,6,2,102.85,0.00,0.50,0.44,1,0.00,5,4138.73,0,0,2,org.apache.lucene.search.DocIdSetIterator,0.67,2,1,17,0,2,6,0,22,633,1
"org.apache.lucene.util.PriorityQueue",13,0.17,1.92,91,0.81,41100.11,16,3,0,13,35,63.29,140,112,35,1,111.76,0.00,0.00,0.49,5,0.00,5,2432.82,0,1,0,java.lang.Object,0.00,0,0,25,21,0,12,0,40,541,2
"org.apache.lucene.util.RamUsageEstimator",8,0.04,3.25,94,1.22,67645.62,26,18,3,34,26,68.74,48,116,23,1,100.96,0.00,0.00,0.09,1,22.00,12,3649.76,0,1,3,java.lang.Object,0.00,26,0,26,0,26,7,0,16,689,2
"org.apache.lucene.util.ReaderUtil",5,0.00,2.40,43,0.54,38015.62,5,0,4,13,8,58.44,42,54,7,1,106.55,0.00,0.00,0.00,1,5.00,5,1613.47,0,2,1,java.lang.Object,0.00,8,0,12,0,8,3,0,14,333,2
"org.apache.lucene.util.ReaderUtil$Gather",5,0.50,1.40,21,0.18,6885.01,6,1,4,7,1,123.75,2,25,0,1,123.75,0.00,0.00,0.60,2,2.00,3,546.76,0,0,1,java.lang.Object,0.00,2,0,7,0,2,5,0,2,130,3
"org.apache.lucene.util.ScorerDocQueue",16,0.20,1.50,94,0.88,40118.98,20,4,3,23,3,138.68,63,116,1,1,118.07,0.00,0.00,0.44,5,0.00,4,2629.31,0,2,2,java.lang.Object,0.00,7,0,24,0,7,14,0,33,597,1
"org.apache.lucene.util.ScorerDocQueue$HeapedScorerDoc",3,0.25,1.00,10,0.06,590.42,5,2,3,4,1,135.14,0,9,0,1,135.14,0.00,0.00,0.33,0,4.00,1,184.69,0,0,1,java.lang.Object,0.00,1,0,3,0,1,3,0,0,56,1
"org.apache.lucene.util.SetOnce",4,0.00,1.25,16,0.13,2346.76,6,2,1,7,3,78.21,40,22,3,1,126.69,0.00,0.00,0.50,0,0.00,2,396.73,0,0,0,java.lang.Object,0.00,3,0,5,0,3,4,0,7,99,2
"org.apache.lucene.util.SetOnce$AlreadySetException",1,0.00,1.00,3,0.02,116.92,1,0,1,1,0,136.92,0,5,0,2,136.92,0.00,0.50,0.00,0,1.00,1,46.46,0,0,0,java.lang.RuntimeException,0.00,0,1,1,0,0,1,0,0,16,3
"org.apache.lucene.util.SimpleStringInterner",2,0.50,3.00,27,0.35,24639.08,4,2,0,8,3,96.51,32,32,1,2,96.98,0.00,0.50,0.75,0,0.00,5,1044.57,0,1,2,org.apache.lucene.util.StringInterner,0.00,6,1,6,0,6,1,0,8,205,1
"org.apache.lucene.util.SimpleStringInterner$Entry",1,3.00,1.00,8,0.06,986.53,4,3,0,1,0,113.73,0,10,0,1,113.73,0.00,0.00,0.00,0,1.00,1,182.48,0,0,0,java.lang.Object,0.00,0,0,1,0,0,1,0,0,50,2
"org.apache.lucene.util.SmallFloat",6,0.00,3.00,42,0.66,31568.65,6,0,0,8,2,59.92,59,56,2,1,109.92,0.00,0.00,0.00,0,6.00,4,1981.84,0,0,0,java.lang.Object,0.00,2,0,18,0,2,6,0,24,399,1
"org.apache.lucene.util.SortedVIntList",11,0.06,1.45,56,0.52,13540.03,18,7,4,18,4,120.74,51,72,1,2,120.51,0.00,0.50,0.09,0,31.00,2,1571.88,0,1,3,org.apache.lucene.search.DocIdSet,0.00,7,1,16,0,7,10,0,12,362,1
"org.apache.lucene.util.SortedVIntList$DocIdSetIterator",4,0.44,2.00,28,0.22,6013.84,7,3,4,4,0,114.30,1,36,0,1,114.30,0.00,0.00,0.67,1,0.00,3,654.83,0,0,0,java.lang.Object,0.00,0,0,8,0,0,4,0,1,154,0
"org.apache.lucene.util.SortedVIntList$SortedVIntListBuilder",3,0.50,2.00,19,0.20,9671.38,4,1,4,7,1,164.19,4,27,0,1,114.19,0.00,0.00,0.67,0,0.00,4,585.58,0,0,1,java.lang.Object,0.00,4,0,6,0,4,3,0,4,122,1
"org.apache.lucene.util.SorterTemplate",12,0.45,3.08,119,1.25,106557.96,14,2,0,13,4,124.67,41,143,4,1,104.05,0.00,0.00,0.08,8,32.00,10,3745.47,0,0,0,java.lang.Object,0.00,1,0,37,0,1,12,0,12,786,2
"org.apache.lucene.util.StringHelper",4,1.00,1.75,13,0.17,7493.30,5,1,2,7,33,77.30,39,20,31,1,127.30,0.00,0.00,0.25,0,6.00,4,515.47,0,2,2,java.lang.Object,0.00,3,0,7,0,3,2,0,6,121,2
"org.apache.lucene.util.StringHelper$Comparator<String>",1,0.00,7.00,16,0.19,10225.44,1,0,2,5,0,133.95,2,23,0,1,94.06,0.00,0.00,0.00,0,1.00,7,574.13,0,0,0,java.lang.Object,0.00,4,0,7,0,4,1,0,2,120,0
"org.apache.lucene.util.StringInterner",2,0.00,1.00,5,0.04,803.71,2,0,0,4,2,109.88,26,8,2,1,139.26,0.00,0.00,0.00,1,2.00,1,132.97,0,2,0,java.lang.Object,0.00,2,0,2,1,2,0,0,4,39,1
"org.apache.lucene.util.TestArrayUtil",10,0.00,3.00,145,1.80,93902.78,10,0,2,31,2,146.71,17,153,0,2,96.71,0.00,0.50,0.00,1,10.00,8,5414.23,0,1,2,LuceneTestCase,0.00,21,1,30,0,21,9,0,17,1063,1
"org.apache.lucene.util.TestArrayUtil$Item",3,0.50,1.00,9,0.08,1153.37,5,2,2,4,0,132.85,0,14,0,1,132.85,0.00,0.00,0.17,0,4.00,1,231.60,0,1,0,java.lang.Object,0.00,1,0,3,0,1,2,1,0,65,1
"org.apache.lucene.util.TestAttributeSource",6,0.00,2.00,127,1.97,90455.59,6,0,5,49,12,128.50,14,149,0,2,88.62,0.00,0.50,0.00,0,6.00,4,5909.08,0,0,12,LuceneTestCase,0.00,43,1,12,0,43,6,0,14,1063,1
"org.apache.lucene.util.TestAttributeSource$AttributeReflector",1,0.00,2.00,4,0.05,847.12,1,0,5,3,1,125.33,0,5,0,1,125.33,0.00,0.00,0.00,0,1.00,2,143.71,0,0,1,java.lang.Object,0.00,2,0,2,0,2,1,0,0,34,0
"org.apache.lucene.util.TestAttributeSource$Deprecated",5,0.50,1.00,13,0.10,1370.76,6,1,5,6,2,140.57,0,17,0,2,140.57,0.00,0.50,0.60,0,2.00,1,311.03,0,1,2,org.apache.lucene.util.AttributeImpl,0.33,1,1,5,0,1,4,1,0,85,1
"org.apache.lucene.util.TestAttributeSource$Deprecated_0",0,0.00,0.00,1,0.01,90.00,0,0,5,0,0,171.00,0,2,0,2,171.00,0.00,0.50,0.00,0,0.00,0,27.00,0,0,0,TestAttributeImpl,0.00,0,1,0,0,0,0,0,0,9,1
"org.apache.lucene.util.TestBitVector",16,0.93,1.88,192,1.82,85331.59,17,1,3,30,3,141.14,47,191,0,2,101.25,0.00,0.50,0.12,9,40.00,4,5466.50,0,1,3,LuceneTestCase,0.00,14,1,30,0,14,15,0,19,1149,1
"org.apache.lucene.util.TestCharacterUtils",7,0.00,1.86,111,1.87,72341.81,7,0,5,22,2,95.38,3,146,0,2,95.38,0.00,0.50,0.00,0,7.00,3,5601.65,0,0,2,LuceneTestCase,0.00,15,1,13,0,15,7,0,1,1062,1
"org.apache.lucene.util.TestCloseableThreadLocal",3,1.00,1.00,14,0.15,2818.80,4,1,0,10,1,175.13,4,19,0,2,125.13,0.00,0.50,0.33,0,4.00,1,463.29,0,0,1,LuceneTestCase,0.00,7,1,3,0,7,3,0,4,111,1
"org.apache.lucene.util.TestCloseableThreadLocal$InitValueThreadLocal",1,0.00,1.00,3,0.02,222.62,1,0,0,1,1,134.72,0,6,0,2,134.72,0.00,0.50,0.00,0,0.00,1,65.07,0,1,1,org.apache.lucene.util.CloseableThreadLocal,0.40,0,1,1,0,0,0,0,0,20,1
"org.apache.lucene.util.TestCollectionUtil",5,0.00,1.80,68,0.81,38081.61,5,0,4,15,1,98.74,4,66,0,2,98.74,0.00,0.50,0.00,1,5.00,2,2431.95,0,1,1,LuceneTestCase,0.00,10,1,9,0,10,4,0,4,493,1
"org.apache.lucene.util.TestDoubleBarrelLRUCache",4,0.33,3.25,68,0.71,57433.30,6,2,1,15,1,131.98,8,55,0,2,92.09,0.00,0.50,0.25,1,6.00,7,2129.01,0,0,1,org.apache.lucene.util.LuceneTestCase,0.00,11,1,13,0,11,4,0,8,419,1
"org.apache.lucene.util.TestDoubleBarrelLRUCache$CacheThread",2,0.50,3.50,30,0.35,17834.06,6,4,1,8,1,95.73,0,41,0,2,95.73,0.00,0.50,0.50,0,2.00,6,1046.59,0,0,1,org.apache.lucene.util.Thread,0.00,6,1,7,0,6,2,0,0,199,1
"org.apache.lucene.util.TestDoubleBarrelLRUCache$CloneableInteger",4,0.33,1.00,10,0.09,1343.94,5,1,1,6,0,139.88,0,18,0,2,139.88,0.00,0.50,0.75,1,0.00,1,284.06,0,1,0,DoubleBarrelLRUCache.CloneableKey,0.00,2,1,4,0,2,3,0,0,78,2
"org.apache.lucene.util.TestDoubleBarrelLRUCache$CloneableObject",4,0.33,1.00,10,0.09,1312.38,5,1,1,6,0,139.96,0,18,0,2,139.96,0.00,0.50,0.75,1,0.00,1,282.44,0,1,0,DoubleBarrelLRUCache.CloneableKey,0.00,2,1,4,0,2,3,0,0,78,2
"org.apache.lucene.util.TestFieldCacheSanityChecker",6,0.37,1.50,81,1.33,63506.20,12,6,12,30,9,147.66,6,99,0,2,97.66,0.00,0.50,0.47,0,0.00,3,3992.46,2,0,9,org.apache.lucene.util.LuceneTestCase,0.00,24,1,9,0,24,6,0,6,708,1
"org.apache.lucene.util.TestIndexableBinaryStringTools",14,0.38,2.93,206,4.05,274799.66,16,2,2,40,3,94.19,13,299,0,2,94.19,0.00,0.50,0.14,2,38.00,10,12163.85,0,4,3,LuceneTestCase,0.00,26,1,41,0,26,10,0,13,2165,1
"org.apache.lucene.util.TestNumericUtils",14,0.00,3.50,190,3.92,255514.33,14,0,4,40,2,116.22,54,353,0,2,95.60,0.00,0.50,0.00,4,14.00,8,11770.78,0,0,2,LuceneTestCase,0.00,26,1,49,0,26,14,0,54,2137,1
"org.apache.lucene.util.TestNumericUtils$NumericUtils.IntRangeBuilder",1,0.00,5.00,15,0.24,15087.12,1,0,4,8,0,114.47,3,16,0,1,93.85,0.00,0.00,0.00,0,1.00,5,717.00,0,0,0,java.lang.Object,0.00,7,0,5,0,7,1,0,3,133,0
"org.apache.lucene.util.TestNumericUtils$NumericUtils.LongRangeBuilder",1,0.00,5.00,15,0.25,16009.71,1,0,4,9,0,114.27,3,16,0,1,93.65,0.00,0.00,0.00,0,1.00,5,751.04,0,0,0,java.lang.Object,0.00,8,0,5,0,8,1,0,3,137,0
"org.apache.lucene.util.TestOpenBitSet",11,0.00,2.27,172,2.45,229018.91,11,0,2,61,4,142.93,15,165,0,2,92.93,0.00,0.50,0.00,6,11.00,6,7354.82,0,0,4,LuceneTestCase,0.00,50,1,25,0,50,11,0,15,1340,1
"org.apache.lucene.util.TestPriorityQueue",5,0.00,1.40,59,0.63,23978.34,5,0,1,17,1,153.09,9,63,0,2,103.09,0.00,0.50,0.00,1,5.00,3,1898.87,0,0,1,LuceneTestCase,0.00,12,1,7,0,12,5,0,9,391,1
"org.apache.lucene.util.TestPriorityQueue$IntegerQueue",2,0.00,1.00,6,0.05,603.72,2,0,1,2,1,133.67,0,10,0,2,133.67,0.00,0.50,0.00,0,2.00,1,141.04,1,0,1,org.apache.lucene.util.PriorityQueue,0.00,0,1,2,0,0,2,0,0,41,2
"org.apache.lucene.util.TestRamUsageEstimator",1,0.00,1.00,11,0.12,3174.53,1,0,1,5,1,104.58,0,13,0,2,104.58,0.00,0.50,0.00,0,1.00,1,374.61,0,0,1,org.apache.lucene.util.LuceneTestCase,0.00,4,1,1,0,4,1,0,0,86,1
"org.apache.lucene.util.TestRamUsageEstimator$Holder",2,3.00,1.00,8,0.05,659.83,5,3,1,2,0,128.71,0,10,0,1,128.71,0.00,0.00,0.00,0,2.00,1,160.34,0,0,0,java.lang.Object,0.00,0,0,2,0,0,2,0,0,45,3
"org.apache.lucene.util.TestSetOnce",4,0.00,2.25,35,0.51,22318.99,4,0,3,18,1,107.62,0,42,0,2,107.62,0.00,0.50,0.00,0,4.00,6,1542.66,0,0,1,LuceneTestCase,0.00,14,1,9,0,14,4,0,0,304,1
"org.apache.lucene.util.TestSetOnce$SetOnceThread",2,0.67,2.00,12,0.15,2521.35,5,3,3,11,1,157.28,4,20,0,2,117.40,0.00,0.50,0.67,0,0.00,3,436.38,0,0,1,org.apache.lucene.util.Thread,0.00,9,1,4,0,9,2,0,4,97,3
"org.apache.lucene.util.TestSmallFloat",5,0.00,3.40,72,1.04,52079.76,5,0,0,16,1,52.20,59,83,0,2,96.33,0.00,0.50,0.00,2,5.00,5,3115.20,0,0,1,LuceneTestCase,0.00,11,1,17,0,11,5,0,28,580,1
"org.apache.lucene.util.TestSortedVIntList",29,0.11,1.55,132,1.42,61742.80,34,5,5,43,3,122.23,8,161,1,2,122.23,0.00,0.50,0.09,8,227.00,5,4253.51,0,0,2,LuceneTestCase,0.00,14,1,45,0,14,29,0,8,960,1
"org.apache.lucene.util.TestStringIntern",3,0.25,2.33,36,0.32,11974.40,5,2,1,8,0,152.19,5,32,0,2,102.19,0.00,0.50,0.33,1,4.00,3,969.88,0,1,0,LuceneTestCase,0.00,5,1,7,0,5,2,0,5,205,1
"org.apache.lucene.util.TestStringIntern$Thread",1,0.00,5.00,20,0.24,12961.31,1,0,1,7,1,110.33,3,22,0,1,89.71,0.00,0.00,0.00,0,0.00,5,720.55,0,0,1,java.lang.Object,0.00,6,0,5,0,6,1,0,3,137,0
"org.apache.lucene.util.TestVersion",1,0.00,2.00,8,0.10,2885.35,1,0,0,6,1,109.91,0,10,0,2,109.91,0.00,0.50,0.00,0,1.00,2,305.40,0,0,1,LuceneTestCase,0.00,5,1,2,0,5,1,0,0,72,1
"org.apache.lucene.util.TestVersionComparator",1,0.00,1.00,17,0.28,17644.91,1,0,1,4,1,112.28,3,19,0,2,91.66,0.00,0.50,0.00,0,1.00,1,832.76,0,0,1,LuceneTestCase,0.00,3,1,1,0,3,1,0,1,176,1
"org.apache.lucene.util.TestVirtualMethod",4,0.17,2.00,38,0.58,20355.37,6,2,0,13,2,88.18,22,55,1,2,106.06,2.00,0.25,0.38,0,4.00,5,1749.03,0,0,1,LuceneTestCase,0.00,9,1,8,2,9,4,0,7,362,1
"org.apache.lucene.util.TestVirtualMethod$TestClass1",2,0.00,1.00,3,0.03,183.18,2,0,0,2,1,155.55,0,6,0,3,155.55,0.00,0.67,0.00,0,2.00,1,78.91,0,0,1,org.apache.lucene.util.TestVirtualMethod,0.50,0,2,2,0,0,2,0,0,26,1
"org.apache.lucene.util.TestVirtualMethod$TestClass2",1,0.00,1.00,2,0.02,107.10,1,0,0,1,0,193.79,1,4,0,2,143.79,0.00,0.50,0.00,0,1.00,1,47.21,0,0,0,org.apache.lucene.util.TestClass1,0.00,0,1,1,0,0,1,0,1,16,1
"org.apache.lucene.util.TestVirtualMethod$TestClass3",1,0.00,1.00,2,0.02,107.10,1,0,0,1,0,143.79,0,4,0,2,143.79,0.00,0.50,0.00,0,1.00,1,47.21,0,0,0,org.apache.lucene.util.TestClass2,0.00,0,1,1,0,0,1,0,0,16,1
"org.apache.lucene.util.TestVirtualMethod$TestClass4",0,0.00,0.00,1,0.01,31.02,0,0,0,0,1,171.00,0,2,0,3,171.00,0.00,0.67,0.00,0,0.00,0,15.51,0,0,1,org.apache.lucene.util.TestVirtualMethod,0.00,0,2,0,0,0,0,0,0,6,1
"org.apache.lucene.util.TestVirtualMethod$TestClass5",0,0.00,0.00,1,0.01,31.02,0,0,0,0,0,171.00,0,2,0,2,171.00,0.00,0.50,0.00,0,0.00,0,15.51,0,0,0,org.apache.lucene.util.TestClass4,0.00,0,1,0,0,0,0,0,0,6,1
"org.apache.lucene.util.ThreadInterruptedException",1,0.00,1.00,3,0.02,124.13,1,0,0,1,26,176.01,21,5,26,2,136.71,0.00,0.50,0.00,0,1.00,1,49.65,0,0,0,java.lang.RuntimeException,0.00,0,1,1,0,0,1,0,2,17,2
"org.apache.lucene.util.ThrottledIndexOutput",16,0.05,1.25,68,0.74,18673.53,26,10,3,28,4,124.34,1,105,1,2,124.34,0.00,0.50,0.15,3,52.00,3,2222.20,0,1,3,org.apache.lucene.store.IndexOutput,0.47,12,1,20,0,12,15,0,1,513,1
"org.apache.lucene.util.ToStringUtils",3,0.00,2.00,14,0.15,4839.82,3,0,0,6,26,80.83,23,16,26,1,123.12,0.00,0.00,0.00,0,3.00,3,437.17,0,1,0,java.lang.Object,0.00,3,0,6,0,3,2,0,4,99,2
"org.apache.lucene.util.UnicodeUtil",6,0.05,7.00,180,3.61,485520.21,21,15,0,12,14,47.83,246,216,13,1,76.80,0.00,0.00,0.11,0,14.00,9,10841.50,0,1,1,java.lang.Object,0.00,6,0,42,0,6,5,0,46,1820,2
"org.apache.lucene.util.UnicodeUtil$UTF16Result",2,0.67,1.50,11,0.11,2083.70,5,3,0,4,1,121.07,0,15,0,1,121.07,0.00,0.00,0.67,1,0.00,2,341.67,0,0,1,java.lang.Object,0.00,2,0,3,0,2,2,0,0,86,3
"org.apache.lucene.util.UnicodeUtil$UTF8Result",1,0.00,2.00,7,0.07,1235.25,3,2,0,2,1,114.97,0,10,0,1,114.97,0.00,0.00,1.00,0,0.00,2,197.95,0,0,1,java.lang.Object,0.00,1,0,2,0,1,1,0,0,50,3
"org.apache.lucene.util.Version",1,0.00,1.00,4,0.07,947.10,1,0,0,2,156,147.39,69,23,156,1,125.10,0.00,0.00,0.00,0,1.00,1,204.48,0,0,0,java.lang.Object,0.00,1,0,1,0,1,1,0,14,51,1
"org.apache.lucene.util.VirtualMethod",5,0.00,3.80,36,0.65,28338.30,10,5,5,22,7,72.05,62,54,7,1,109.61,0.00,0.00,0.20,2,14.00,8,1943.95,0,0,0,java.lang.Object,0.00,17,0,19,0,17,5,0,7,383,2
"org.apache.lucene.util._TestUtil",18,0.50,2.67,147,3.15,114652.96,20,2,23,75,58,147.02,41,228,50,1,107.13,0.00,0.00,0.03,5,34.00,8,9461.83,0,9,8,java.lang.Object,0.00,57,0,48,0,57,9,0,25,1574,1
"org.apache.lucene.util._TestUtil$AttributeReflector",1,0.00,2.00,3,0.05,847.12,1,0,23,3,0,129.99,0,4,0,1,129.99,0.00,0.00,0.00,0,1.00,2,143.71,0,0,0,java.lang.Object,0.00,2,0,2,0,2,1,0,0,34,0
"org.apache.solr.request.Deprecated",1,0.00,1.00,3,0.04,403.06,1,0,1,1,2,100.46,6,5,0,4,132.69,0.00,0.75,0.00,0,1.00,1,111.52,0,0,2,org.apache.solr.common.params.AppendedSolrParams,0.00,0,3,1,0,0,1,0,2,32,1
"org.apache.solr.request.JSONWriterTest",3,0.00,1.00,34,0.43,10655.01,3,0,12,16,9,154.19,4,40,0,3,104.20,0.00,0.67,0.00,0,3.00,1,1286.98,1,0,9,org.apache.solr.SolrTestCaseJ4,0.00,13,2,3,0,13,3,0,2,251,1
"org.apache.solr.request.LocalSolrQueryRequest",5,1.00,1.80,25,0.49,25175.11,6,1,8,15,32,165.64,5,30,26,2,115.64,0.00,0.50,0.00,0,5.00,5,1472.60,0,1,6,org.apache.solr.request.SolrQueryRequestBase,0.00,10,1,9,0,10,4,0,3,289,1
"org.apache.solr.request.ServletSolrParams",2,0.00,2.00,9,0.09,2883.15,2,0,2,5,10,163.39,4,13,9,3,123.51,0.00,0.67,0.00,0,2.00,3,273.92,0,1,1,org.apache.solr.common.params.MultiMapSolrParams,0.00,3,2,4,0,3,1,0,2,68,1
"org.apache.solr.request.SimpleFacets",19,0.12,7.26,449,9.25,1038356.91,31,12,24,137,34,32.44,181,640,3,1,82.44,0.00,0.00,0.19,5,18.00,22,27759.99,0,10,32,java.lang.Object,0.00,118,0,138,0,118,9,0,99,4317,1
"org.apache.solr.request.SimpleFacets$Comparator",1,0.00,4.00,4,0.07,2473.61,1,0,24,2,0,121.50,0,6,0,1,121.50,0.00,0.00,0.00,0,1.00,4,213.13,0,0,0,java.lang.Object,0.00,1,0,4,0,1,1,0,0,50,0
"org.apache.solr.request.SimpleFacets$CountPair",4,0.33,1.25,13,0.20,5798.11,6,2,24,8,0,128.26,0,21,0,2,128.26,0.00,0.50,0.75,1,0.00,2,609.03,0,0,0,java.lang.Comparable,0.00,4,1,5,0,4,4,1,0,146,2
"org.apache.solr.request.SimpleFacets$DateRangeEndpointCalculator",5,1.00,1.20,17,0.23,4336.61,6,1,24,12,3,130.02,0,31,0,2,130.02,0.00,0.50,0.20,0,8.00,2,685.47,0,4,3,org.apache.solr.request.RangeEndpointCalculator,0.00,7,1,6,0,7,1,0,0,159,2
"org.apache.solr.request.SimpleFacets$DoubleRangeEndpointCalculator",3,0.00,1.00,7,0.08,1590.14,3,0,24,7,1,138.32,0,12,0,2,138.32,0.00,0.50,0.00,0,3.00,1,253.62,0,2,1,org.apache.solr.request.RangeEndpointCalculator,0.00,4,1,3,0,4,1,0,0,68,2
"org.apache.solr.request.SimpleFacets$FloatRangeEndpointCalculator",3,0.00,1.00,7,0.08,1590.14,3,0,24,7,1,138.32,0,12,0,2,138.32,0.00,0.50,0.00,0,3.00,1,253.62,0,2,1,org.apache.solr.request.RangeEndpointCalculator,0.00,4,1,3,0,4,1,0,0,68,2
"org.apache.solr.request.SimpleFacets$IntegerRangeEndpointCalculator",3,0.00,1.00,7,0.08,1590.14,3,0,24,7,1,138.32,0,12,0,2,138.32,0.00,0.50,0.00,0,3.00,1,253.62,0,2,1,org.apache.solr.request.RangeEndpointCalculator,0.00,4,1,3,0,4,1,0,0,68,2
"org.apache.solr.request.SimpleFacets$LongRangeEndpointCalculator",3,0.00,1.00,7,0.08,1590.14,3,0,24,7,1,138.32,0,12,0,2,138.32,0.00,0.50,0.00,0,3.00,1,253.62,0,2,1,org.apache.solr.request.RangeEndpointCalculator,0.00,4,1,3,0,4,1,0,0,68,2
"org.apache.solr.request.SimpleFacets$RangeEndpointCalculator",8,0.71,1.38,22,0.33,6758.52,9,1,24,11,2,136.89,37,44,0,2,136.65,0.00,0.50,0.38,3,14.00,2,994.78,0,3,2,java.lang.Comparable,0.00,3,1,11,0,3,5,0,7,229,3
"org.apache.solr.request.SimpleFacetsTest",39,0.31,1.77,235,8.90,520496.95,42,3,5,42,1,159.36,61,1443,0,3,109.36,0.00,0.67,0.03,16,109.00,15,26688.24,6,0,1,org.apache.solr.SolrTestCaseJ4,0.00,3,2,69,0,3,39,0,60,4410,1
"org.apache.solr.request.SolrQueryRequest",17,0.00,1.00,18,0.11,791.11,17,0,7,17,180,178.48,61,25,175,1,157.87,0.00,0.00,0.00,0,17.00,1,326.23,0,11,6,,0.00,0,0,17,0,0,6,0,19,121,1
"org.apache.solr.request.SolrQueryRequestBase",24,0.02,1.38,76,0.86,20934.39,36,12,10,38,26,150.59,76,121,17,1,129.97,0.00,0.00,0.07,1,284.00,3,2578.56,0,14,9,java.lang.Object,0.00,14,0,33,2,14,10,1,28,599,2
"org.apache.solr.request.SolrRequestHandler",2,0.00,1.00,3,0.02,103.29,2,0,3,2,26,157.04,33,4,22,2,157.51,0.00,0.50,0.00,0,2.00,1,63.69,0,0,4,,0.00,0,1,2,0,0,2,0,3,22,1
"org.apache.solr.request.TestBinaryResponseWriter",3,0.00,1.33,22,0.38,7903.86,3,0,12,24,9,133.09,9,28,0,3,112.47,0.00,0.67,0.00,0,4.00,2,1136.70,3,2,9,org.apache.solr.util.AbstractSolrTestCase,0.17,21,2,4,0,21,1,0,2,199,1
"org.apache.solr.request.TestFaceting",9,0.31,2.44,121,2.23,164909.24,11,2,7,32,3,145.67,16,185,0,3,95.67,0.00,0.67,0.22,4,22.00,7,6680.07,8,1,3,org.apache.solr.SolrTestCaseJ4,0.05,23,2,22,0,23,8,0,14,1159,1
"org.apache.solr.request.TestWriterPerf",10,0.08,1.90,89,1.44,61132.62,14,4,9,37,8,157.35,16,111,0,3,107.35,0.00,0.67,0.18,4,34.00,8,4316.28,5,4,8,org.apache.solr.util.AbstractSolrTestCase,0.29,27,2,19,0,27,6,0,16,757,1
"org.apache.solr.request.UnInvertedField",10,0.25,12.00,480,8.06,1397354.77,24,14,26,97,27,106.50,212,526,4,1,67.20,0.00,0.00,0.29,4,6.00,33,24176.21,0,5,24,java.lang.Object,0.00,87,0,120,0,87,5,0,139,3529,1
"org.apache.solr.request.UnInvertedField$NumberedTermEnum",12,0.20,2.33,82,1.06,67596.22,18,6,26,29,4,162.24,14,111,0,2,112.24,0.00,0.50,0.35,3,0.00,9,3191.99,0,2,4,org.apache.lucene.index.TermEnum,0.50,17,1,28,0,17,10,0,12,643,0
"org.apache.solr.request.UnInvertedField$PrimUtils.IntComparator",1,0.00,1.00,3,0.03,670.66,1,0,26,1,0,130.94,0,5,0,1,130.94,0.00,0.00,0.00,0,0.00,1,95.46,0,0,0,java.lang.Object,0.00,0,0,1,0,0,1,0,0,27,0
"org.apache.solr.request.UnInvertedField$TermIndex",6,0.05,1.17,25,0.25,4576.82,14,8,26,10,2,165.69,14,31,0,1,125.81,0.00,0.00,0.08,0,14.00,2,757.20,0,3,2,java.lang.Object,0.00,4,0,7,0,4,3,0,5,181,0
"org.apache.solr.request.UnInvertedField$TermIndex$NumberedTermEnum_0",4,0.67,1.75,19,0.26,7678.27,5,1,26,11,1,122.56,0,29,0,1,122.56,0.00,0.00,0.50,0,4.00,3,779.91,2,0,1,java.lang.Object,0.00,7,0,7,0,7,4,0,0,167,0
"org.apache.solr.request.UnInvertedField$TopTerm",1,1.00,1.00,5,0.04,492.64,3,2,26,3,1,144.34,3,9,0,1,123.72,0.00,0.00,0.50,0,0.00,1,134.97,0,0,1,java.lang.Object,0.00,2,0,1,0,2,1,0,3,37,1
"org.apache.solr.common.params.AnalysisParams",0,0.00,0.00,7,0.09,1895.90,6,6,0,0,5,171.00,25,8,5,1,171.00,0.00,0.00,0.00,0,0.00,0,276.48,0,0,0,,0.00,0,0,0,0,0,0,0,8,62,1
"org.apache.solr.common.params.AppendedSolrParams",3,0.00,1.67,16,0.21,13831.64,3,0,0,5,5,165.96,5,24,3,3,115.96,0.50,0.50,0.00,0,1.00,3,635.72,0,2,2,org.apache.solr.common.params.DefaultSolrParams,0.08,2,2,5,1,2,1,0,1,143,1
"org.apache.solr.common.params.CommonParams",0,0.00,0.00,24,0.40,6892.36,22,22,1,0,74,171.00,35,24,74,1,171.00,0.00,0.00,0.00,0,0.00,0,1190.96,0,0,0,,0.00,0,0,0,0,0,0,0,24,206,1
"org.apache.solr.common.params.CommonParams$EchoParamStyle",1,8.00,5.00,20,0.27,7162.03,9,8,1,4,0,141.74,1,29,0,1,91.74,0.00,0.00,0.00,0,1.00,5,795.10,0,1,0,java.lang.Object,0.00,3,0,5,0,3,0,0,1,151,1
"org.apache.solr.common.params.CoreAdminParams",0,0.00,0.00,13,0.18,3022.60,11,11,1,0,6,171.00,15,14,6,1,171.00,0.00,0.00,0.00,0,0.00,0,539.75,0,0,0,,0.00,0,0,0,0,0,0,0,12,107,1
"org.apache.solr.common.params.CoreAdminParams$CoreAdminAction",1,0.00,3.00,7,0.08,1436.76,1,0,1,3,0,114.36,0,24,0,1,114.36,0.00,0.00,0.00,0,1.00,3,238.57,0,1,0,java.lang.Object,0.00,2,0,3,0,2,0,0,0,55,1
"org.apache.solr.common.params.DefaultSolrParams",5,0.38,1.40,19,0.23,7097.38,7,2,2,10,19,128.30,3,29,17,2,128.30,2.00,0.25,0.80,0,0.00,2,690.62,0,4,2,org.apache.solr.common.params.SolrParams,0.06,5,1,7,2,5,1,0,1,169,1
"org.apache.solr.common.params.DisMaxParams",0,0.00,0.00,11,0.13,1707.05,10,10,0,0,4,171.00,23,12,4,1,171.00,0.00,0.00,0.00,0,0.00,0,403.82,0,0,0,,0.00,0,0,0,0,0,0,0,11,84,1
"org.apache.solr.common.params.EventParams",0,0.00,0.00,4,0.04,529.87,3,3,0,0,2,171.00,21,5,2,1,171.00,0.00,0.00,0.00,0,0.00,0,121.11,0,0,0,,0.00,0,0,0,0,0,0,0,3,31,1
"org.apache.solr.common.params.FacetParams",0,0.00,0.00,34,0.71,19243.03,32,32,2,0,14,171.00,167,34,13,1,171.00,0.00,0.00,0.00,0,0.00,0,2120.73,0,0,1,,0.00,0,0,0,0,0,0,0,30,346,1
"org.apache.solr.common.params.FacetParams$FacetRangeOther",2,0.00,1.50,8,0.09,1722.21,2,0,2,6,1,175.34,3,15,0,1,125.34,0.00,0.00,0.00,0,2.00,2,263.81,1,2,1,java.lang.Object,0.00,4,0,3,0,4,0,0,1,64,1
"org.apache.solr.common.params.FacetParams$FacetRangeOther$Deprecated",2,0.00,1.50,8,0.09,1788.93,2,0,2,6,1,75.21,19,14,0,1,125.21,0.00,0.00,0.00,0,2.00,2,277.19,1,1,1,java.lang.Object,0.00,4,0,3,0,4,1,0,1,67,1
"org.apache.solr.common.params.FacetParams$FacetRangeOther$Deprecated$FacetRangeInclude",3,0.00,2.33,16,0.23,9412.48,3,0,2,13,1,157.08,8,27,0,1,117.20,0.00,0.00,0.00,0,3.00,4,703.25,1,3,1,java.lang.Object,0.00,10,0,7,0,10,0,0,5,149,1
"org.apache.solr.common.params.HighlightParams",0,0.00,0.00,29,0.66,16307.36,28,28,0,0,17,171.00,6,30,17,1,171.00,0.00,0.00,0.00,0,0.00,0,1970.47,0,0,0,,0.00,0,0,0,0,0,0,0,3,326,1
"org.apache.solr.common.params.MapSolrParams",6,0.40,1.83,28,0.36,14529.48,7,1,4,16,20,121.75,4,38,19,2,121.75,0.00,0.50,0.67,0,0.00,5,1070.76,0,5,2,org.apache.solr.common.params.SolrParams,0.06,10,1,11,0,10,1,0,2,225,1
"org.apache.solr.common.params.ModifiableSolrParams",16,0.27,1.94,92,1.11,63842.45,17,1,6,35,44,156.30,35,129,43,2,116.42,1.00,0.33,0.75,3,0.00,6,3339.23,0,10,1,org.apache.solr.common.params.SolrParams,0.04,19,1,31,1,19,6,0,14,702,1
"org.apache.solr.common.params.ModifiableSolrParamsTest",8,0.14,1.12,62,0.74,19775.98,9,1,1,13,1,112.73,6,83,0,2,112.73,0.00,0.50,0.88,1,0.00,2,2230.79,2,0,1,org.apache.lucene.util.LuceneTestCase,0.00,5,1,9,0,5,8,0,1,485,1
"org.apache.solr.common.params.MoreLikeThisParams",0,0.00,0.00,17,0.30,7456.10,15,15,1,0,4,171.00,11,18,4,1,171.00,0.00,0.00,0.00,0,0.00,0,911.30,0,0,0,,0.00,0,0,0,0,0,0,0,9,169,1
"org.apache.solr.common.params.MoreLikeThisParams$TermStyle",1,0.00,4.00,10,0.09,1872.37,1,0,1,3,0,107.61,0,19,0,1,107.61,0.00,0.00,0.00,0,1.00,4,256.19,0,1,0,java.lang.Object,0.00,2,0,4,0,2,0,0,0,58,1
"org.apache.solr.common.params.MultiMapSolrParams",7,0.50,2.00,40,0.53,24837.10,8,1,4,20,16,116.81,4,52,15,2,116.81,1.00,0.33,0.57,0,3.00,6,1575.95,0,5,2,org.apache.solr.common.params.SolrParams,0.05,13,1,14,1,13,2,0,2,323,1
"org.apache.solr.common.params.QueryElevationParams",0,0.00,0.00,4,0.03,265.97,3,3,0,0,2,171.00,20,5,2,1,171.00,0.00,0.00,0.00,0,0.00,0,85.11,0,0,0,,0.00,0,0,0,0,0,0,0,2,23,1
"org.apache.solr.common.params.RequiredSolrParams",15,0.07,1.40,50,0.67,22734.46,16,1,2,26,3,178.08,21,90,2,2,128.08,0.00,0.50,0.93,0,0.00,3,2022.73,0,8,2,org.apache.solr.common.params.SolrParams,0.04,11,1,21,0,11,7,0,9,468,1
"org.apache.solr.common.params.ShardParams",0,0.00,0.00,7,0.08,1210.08,6,6,0,0,9,171.00,8,8,9,1,171.00,0.00,0.00,0.00,0,0.00,0,254.75,0,0,0,,0.00,0,0,0,0,0,0,0,6,58,1
"org.apache.solr.common.params.SolrParamTest",2,0.00,2.50,108,2.01,218398.40,2,0,7,28,4,28.93,24,120,0,2,66.49,0.00,0.50,0.00,0,2.00,3,6020.06,0,0,4,org.apache.lucene.util.LuceneTestCase,0.00,26,1,5,0,26,2,0,23,918,1
"org.apache.solr.common.params.SolrParamTest$Runnable",1,0.00,1.00,3,0.01,103.35,1,0,7,2,0,137.34,0,0,0,1,137.34,0.00,0.00,0.00,0,1.00,1,44.54,0,0,0,java.lang.Object,0.00,1,0,1,0,1,1,0,0,15,0
"org.apache.solr.common.params.SolrParamTest$Runnable_0",1,0.00,1.00,3,0.01,103.35,1,0,7,2,0,137.34,0,0,0,1,137.34,0.00,0.00,0.00,0,1.00,1,44.54,0,0,0,java.lang.Object,0.00,1,0,1,0,1,1,0,0,15,0
"org.apache.solr.common.params.SolrParamTest$Runnable_1",1,0.00,1.00,3,0.01,103.35,1,0,7,2,0,137.34,0,0,0,1,137.34,0.00,0.00,0.00,0,1.00,1,44.54,0,0,0,java.lang.Object,0.00,1,0,1,0,1,1,0,0,15,0
"org.apache.solr.common.params.SolrParamTest$Runnable_10",1,0.00,1.00,3,0.02,115.78,1,0,7,2,0,136.95,0,0,0,1,136.95,0.00,0.00,0.00,0,1.00,1,49.51,0,0,0,java.lang.Object,0.00,1,0,1,0,1,1,0,0,16,0
"org.apache.solr.common.params.SolrParamTest$Runnable_2",1,0.00,1.00,3,0.01,103.35,1,0,7,2,0,137.34,0,0,0,1,137.34,0.00,0.00,0.00,0,1.00,1,44.54,0,0,0,java.lang.Object,0.00,1,0,1,0,1,1,0,0,15,0
"org.apache.solr.common.params.SolrParamTest$Runnable_3",1,0.00,1.00,3,0.01,103.35,1,0,7,2,0,137.34,0,0,0,1,137.34,0.00,0.00,0.00,0,1.00,1,44.54,0,0,0,java.lang.Object,0.00,1,0,1,0,1,1,0,0,15,0
"org.apache.solr.common.params.SolrParamTest$Runnable_4",1,0.00,1.00,3,0.01,103.35,1,0,7,2,0,137.34,0,0,0,1,137.34,0.00,0.00,0.00,0,1.00,1,44.54,0,0,0,java.lang.Object,0.00,1,0,1,0,1,1,0,0,15,0
"org.apache.solr.common.params.SolrParamTest$Runnable_5",1,0.00,1.00,3,0.01,103.35,1,0,7,2,0,137.34,0,0,0,1,137.34,0.00,0.00,0.00,0,1.00,1,44.54,0,0,0,java.lang.Object,0.00,1,0,1,0,1,1,0,0,15,0
"org.apache.solr.common.params.SolrParamTest$Runnable_6",1,0.00,1.00,3,0.01,103.35,1,0,7,2,0,137.34,0,0,0,1,137.34,0.00,0.00,0.00,0,1.00,1,44.54,0,0,0,java.lang.Object,0.00,1,0,1,0,1,1,0,0,15,0
"org.apache.solr.common.params.SolrParamTest$Runnable_7",1,0.00,1.00,3,0.01,103.35,1,0,7,2,0,137.34,0,0,0,1,137.34,0.00,0.00,0.00,0,1.00,1,44.54,0,0,0,java.lang.Object,0.00,1,0,1,0,1,1,0,0,15,0
"org.apache.solr.common.params.SolrParamTest$Runnable_8",1,0.00,1.00,3,0.01,103.35,1,0,7,2,0,137.34,0,0,0,1,137.34,0.00,0.00,0.00,0,1.00,1,44.54,0,0,0,java.lang.Object,0.00,1,0,1,0,1,1,0,0,15,0
"org.apache.solr.common.params.SolrParamTest$Runnable_9",1,0.00,1.00,3,0.02,115.78,1,0,7,2,0,136.95,0,0,0,1,136.95,0.00,0.00,0.00,0,1.00,1,49.51,0,0,0,java.lang.Object,0.00,1,0,1,0,1,1,0,0,16,0
"org.apache.solr.common.params.SolrParams",30,0.00,2.27,134,1.94,67157.73,30,0,8,51,158,171.97,53,193,154,1,121.97,0.00,0.00,0.00,5,30.00,3,5834.73,0,20,7,java.lang.Object,0.00,21,0,68,9,21,10,1,33,1245,2
"org.apache.solr.common.params.SpatialParams",0,0.00,0.00,7,0.08,1210.08,6,6,0,0,2,171.00,31,8,2,1,171.00,0.00,0.00,0.00,0,0.00,0,254.75,0,0,0,,0.00,0,0,0,0,0,0,0,6,58,1
"org.apache.solr.common.params.SpellingParams",0,0.00,0.00,14,0.25,5568.75,13,13,0,0,4,171.00,68,15,4,1,171.00,0.00,0.00,0.00,0,0.00,0,749.64,0,0,0,,0.00,0,0,0,0,0,0,0,13,145,1
"org.apache.solr.common.params.StatsParams",0,0.00,0.00,4,0.05,840.00,3,3,0,0,5,171.00,3,5,5,1,171.00,0.00,0.00,0.00,0,0.00,0,140.00,0,0,0,,0.00,0,0,0,0,0,0,0,1,35,1
"org.apache.solr.common.params.TermVectorParams",0,0.00,0.00,10,0.16,3495.91,9,9,0,0,2,171.00,45,11,2,1,171.00,0.00,0.00,0.00,0,0.00,0,485.54,0,0,0,,0.00,0,0,0,0,0,0,0,10,101,1
"org.apache.solr.common.params.TermsParams",0,0.00,0.00,13,0.22,5274.68,11,11,1,0,5,171.00,32,13,5,1,171.00,0.00,0.00,0.00,0,0.00,0,651.20,0,0,0,,0.00,0,0,0,0,0,0,0,9,128,1
"org.apache.solr.common.params.TermsParams$TermsRegexpFlag",2,0.14,1.00,13,0.19,3980.79,9,7,1,2,0,83.77,13,24,0,1,115.99,0.00,0.00,0.07,0,2.00,1,576.30,0,0,0,java.lang.Object,0.00,0,0,2,0,0,2,0,4,131,2
"org.apache.solr.common.params.UpdateParams",0,0.00,0.00,11,0.14,2108.36,10,10,0,0,14,171.00,17,13,14,1,171.00,0.00,0.00,0.00,0,0.00,0,427.50,0,0,0,,0.00,0,0,0,0,0,0,0,10,88,1
"org.apache.lucene.analysis.lv.LatvianAnalyzer",5,0.50,1.80,21,0.28,7029.43,7,2,15,15,14,75.51,42,31,1,4,123.62,0.00,0.75,0.10,0,8.00,3,847.94,0,2,13,org.apache.lucene.analysis.StopwordAnalyzerBase,0.00,10,3,9,0,10,3,0,8,189,2
"org.apache.lucene.analysis.lv.LatvianAnalyzer$DefaultSetHolder",0,0.00,0.00,6,0.05,843.89,1,1,15,0,2,171.00,2,11,0,1,171.00,0.00,0.00,0.00,0,0.00,0,162.56,0,0,2,java.lang.Object,0.00,0,0,0,0,0,0,0,2,40,2
"org.apache.lucene.analysis.lv.LatvianStemFilter",2,0.33,2.00,14,0.16,3794.18,5,3,6,9,9,113.74,9,20,3,4,113.50,0.00,0.75,0.50,0,2.00,3,481.98,0,0,6,org.apache.lucene.analysis.TokenFilter,0.29,7,3,4,0,7,2,0,1,107,2
"org.apache.lucene.analysis.lv.LatvianStemmer",3,1.00,7.00,70,1.36,103771.18,4,1,1,5,1,93.15,51,100,1,1,84.01,0.00,0.00,0.33,0,4.00,14,4089.23,0,0,0,java.lang.Object,0.00,2,0,21,0,2,3,0,11,746,1
"org.apache.lucene.analysis.lv.LatvianStemmer$Affix",1,3.00,1.00,8,0.06,700.70,4,3,1,2,0,135.52,3,10,0,1,114.90,0.00,0.00,0.00,0,1.00,1,178.75,0,0,0,java.lang.Object,0.00,1,0,1,0,1,1,0,3,48,1
"org.apache.lucene.analysis.lv.TestLatvianAnalyzer",4,0.00,1.00,16,0.17,3088.17,4,0,5,9,3,175.80,7,22,0,3,125.80,0.00,0.67,0.00,0,4.00,1,522.25,2,0,3,org.apache.lucene.analysis.BaseTokenStreamTestCase,0.00,5,2,4,0,5,4,0,6,121,1
"org.apache.lucene.analysis.lv.TestLatvianStemmer",9,0.00,1.00,184,1.78,58413.85,9,0,7,10,5,136.39,203,195,0,3,92.45,0.00,0.67,0.00,0,9.00,1,5337.00,1,0,5,org.apache.lucene.analysis.BaseTokenStreamTestCase,0.00,1,2,9,0,1,9,0,188,1111,1
"org.apache.lucene.analysis.lv.TestLatvianStemmer$ReusableAnalyzerBase",1,0.00,1.00,4,0.05,1009.20,1,0,7,4,3,124.89,0,6,0,1,124.89,0.00,0.00,0.00,0,1.00,1,159.62,0,1,3,java.lang.Object,0.00,3,0,1,0,3,0,0,0,38,0
"org.apache.lucene.analysis.cn.smart.hhmm.AbstractDictionary",6,3.00,2.00,62,0.76,34784.63,9,3,1,10,2,113.03,106,71,2,1,103.90,0.00,0.00,0.00,0,6.00,3,2267.14,0,1,1,java.lang.Object,0.00,4,0,12,2,4,5,0,46,462,1
"org.apache.lucene.analysis.cn.smart.hhmm.BiSegGraph",8,0.05,2.88,114,1.57,132665.38,11,3,6,37,7,76.90,46,132,1,1,94.78,0.00,0.00,0.38,4,4.00,8,4712.72,0,3,6,java.lang.Object,0.00,29,0,23,0,29,5,0,18,838,0
"org.apache.lucene.analysis.cn.smart.hhmm.BigramDictionary",11,0.09,3.45,130,1.65,123058.45,18,7,13,36,4,120.60,37,175,2,2,99.99,0.00,0.50,0.22,5,7.00,8,4962.30,2,1,2,org.apache.lucene.analysis.cn.smart.hhmm.AbstractDictionary,0.00,25,1,38,0,25,10,0,23,944,0
"org.apache.lucene.analysis.cn.smart.hhmm.HHMMSegmenter",3,1.00,7.33,104,1.66,362717.58,4,1,5,20,8,53.25,42,130,1,1,73.39,0.00,0.00,0.33,2,4.00,19,4968.61,0,1,7,java.lang.Object,0.00,17,0,22,0,17,2,0,24,806,1
"org.apache.lucene.analysis.cn.smart.hhmm.PathNode",3,0.50,3.33,21,0.28,9423.85,5,2,0,5,2,111.90,13,38,2,1,111.66,0.00,0.00,0.83,0,0.00,6,846.13,0,0,0,java.lang.Object,0.00,2,0,10,0,2,3,1,3,186,0
"org.apache.lucene.analysis.cn.smart.hhmm.SegGraph",7,0.00,2.29,55,0.60,25356.99,9,2,4,16,3,93.39,40,70,2,1,111.26,0.00,0.00,0.50,2,0.00,4,1813.27,0,4,1,java.lang.Object,0.00,9,0,16,0,9,3,0,8,380,0
"org.apache.lucene.analysis.cn.smart.hhmm.SegToken",3,0.75,4.33,39,0.44,18953.76,9,6,2,5,8,61.62,38,52,7,1,99.18,0.00,0.00,0.67,0,1.00,10,1315.25,0,0,1,java.lang.Object,0.00,2,0,13,0,2,3,0,11,280,1
"org.apache.lucene.analysis.cn.smart.hhmm.SegTokenFilter",1,0.00,10.00,20,0.28,28192.25,1,0,2,1,4,126.20,21,27,2,1,86.90,0.00,0.00,0.00,0,1.00,10,849.20,0,1,3,java.lang.Object,0.00,0,0,10,0,0,0,0,6,160,1
"org.apache.lucene.analysis.cn.smart.hhmm.SegTokenPair",3,0.62,3.67,34,0.41,17552.87,7,4,1,6,2,84.32,16,46,2,1,102.19,0.00,0.00,0.67,0,1.00,8,1216.27,0,0,0,java.lang.Object,0.00,3,0,11,0,3,3,0,5,254,0
"org.apache.lucene.analysis.cn.smart.hhmm.WordDictionary",19,0.16,3.74,255,3.44,315453.20,25,6,14,48,5,53.62,136,325,3,2,95.91,0.00,0.50,0.32,11,0.00,8,10319.29,2,1,3,org.apache.lucene.analysis.cn.smart.hhmm.AbstractDictionary,0.00,29,1,71,0,29,18,0,55,1978,0
"org.apache.solr.client.solrj.request.AbstractUpdateRequest",16,0.23,1.50,56,0.66,14625.24,18,2,7,25,10,129.79,9,81,4,2,129.79,2.00,0.25,0.28,2,30.00,4,1972.15,0,7,6,org.apache.solr.client.solrj.SolrRequest,0.08,9,1,24,2,9,9,0,4,459,2
"org.apache.solr.client.solrj.request.AbstractUpdateRequest$ACTION",0,0.00,0.00,2,0.01,23.26,0,0,7,0,0,171.00,0,4,0,1,171.00,0.00,0.00,0.00,0,0.00,0,15.51,0,0,0,java.lang.Object,0.00,0,0,0,0,0,0,0,0,6,1
"org.apache.solr.client.solrj.request.ContentStreamUpdateRequest",4,0.33,1.00,11,0.11,1370.60,5,1,7,7,4,107.59,25,17,1,3,139.81,0.00,0.67,0.75,1,0.00,1,319.73,0,1,3,org.apache.solr.client.solrj.request.AbstractUpdateRequest,0.10,3,2,4,0,3,3,0,4,83,1
"org.apache.solr.client.solrj.request.CoreAdminRequest",17,0.29,1.24,81,1.00,24220.22,20,3,13,46,15,173.66,19,124,7,2,123.66,3.00,0.20,0.06,0,32.00,3,3003.69,0,12,8,org.apache.solr.client.solrj.SolrRequest,0.15,29,1,21,3,29,5,0,15,656,1
"org.apache.solr.client.solrj.request.CoreAdminRequest$Create",10,0.06,1.50,40,0.37,12052.43,14,4,13,15,4,124.19,0,41,0,3,124.19,0.00,0.67,0.20,0,38.00,6,1119.43,0,5,4,org.apache.solr.client.solrj.request.CoreAdminRequest,0.08,5,2,15,0,5,5,0,0,253,2
"org.apache.solr.client.solrj.request.CoreAdminRequest$MergeIndexes",4,0.67,1.75,19,0.19,5652.51,5,1,13,8,4,123.61,0,27,0,3,123.61,0.00,0.67,0.50,0,2.00,4,560.69,0,2,4,org.apache.solr.client.solrj.request.CoreAdminRequest,0.10,4,2,7,0,4,2,0,0,125,2
"org.apache.solr.client.solrj.request.CoreAdminRequest$Persist",4,0.33,1.50,16,0.14,3445.05,5,1,13,8,4,125.34,0,24,0,3,125.34,0.00,0.67,0.75,0,0.00,3,419.59,0,2,4,org.apache.solr.client.solrj.request.CoreAdminRequest,0.10,4,2,6,0,4,2,0,0,100,2
"org.apache.solr.client.solrj.request.DirectXmlRequest",5,0.25,1.00,18,0.18,3524.21,7,2,9,11,9,180.77,6,30,2,2,130.77,0.00,0.50,0.30,0,10.00,1,546.15,0,3,7,org.apache.solr.client.solrj.SolrRequest,0.27,6,1,5,0,6,2,0,1,132,1
"org.apache.solr.client.solrj.request.DocumentAnalysisRequest",13,0.17,1.23,50,0.48,10392.77,16,3,14,31,12,98.07,85,68,3,2,130.30,0.00,0.50,0.18,1,59.00,3,1446.79,0,10,9,org.apache.solr.client.solrj.SolrRequest,0.17,18,1,16,0,18,3,0,16,338,1
"org.apache.solr.client.solrj.request.FieldAnalysisRequest",18,0.04,1.50,78,0.73,19639.93,23,5,12,34,11,92.30,113,108,3,2,124.53,0.00,0.50,0.17,1,102.00,4,2203.75,0,15,8,org.apache.solr.client.solrj.SolrRequest,0.14,16,1,27,0,16,3,0,21,501,1
"org.apache.solr.client.solrj.request.JavaBinUpdateRequestCodec",5,0.00,4.60,77,1.16,65818.68,5,0,11,41,11,76.47,28,92,3,1,94.34,0.00,0.00,0.00,2,5.00,7,3469.99,0,4,8,java.lang.Object,0.00,36,0,23,0,36,1,0,4,648,1
"org.apache.solr.client.solrj.request.JavaBinUpdateRequestCodec$JavaBinCodec",1,0.00,2.00,6,0.05,1187.56,1,0,11,3,1,117.60,0,9,0,1,117.60,0.00,0.00,0.00,0,1.00,2,154.95,1,0,1,java.lang.Object,0.00,2,0,2,0,2,1,0,0,38,0
"org.apache.solr.client.solrj.request.JavaBinUpdateRequestCodec$JavaBinCodec_0",3,1.00,3.00,28,0.35,12842.00,4,1,11,13,4,146.44,6,33,0,1,106.55,0.00,0.00,0.33,1,4.00,4,1042.71,1,3,4,java.lang.Object,0.00,10,0,9,0,10,0,0,6,206,0
"org.apache.solr.client.solrj.request.JavaBinUpdateRequestCodec$StreamingDocumentHandler",1,0.00,1.00,2,0.01,71.82,1,0,11,1,2,145.15,0,3,0,1,145.15,0.00,0.00,0.00,0,1.00,1,38.61,0,0,2,,0.00,0,0,1,0,0,1,0,0,14,2
"org.apache.solr.client.solrj.request.LukeRequest",11,0.13,1.36,39,0.40,10326.36,14,3,12,22,9,179.72,14,64,1,2,129.72,0.00,0.50,0.21,0,36.00,4,1211.19,0,3,8,org.apache.solr.client.solrj.SolrRequest,0.19,11,1,15,0,11,8,0,8,279,1
"org.apache.solr.client.solrj.request.QueryRequest",7,0.50,1.57,29,0.29,7863.60,8,1,8,14,15,174.42,10,51,10,2,124.42,0.00,0.50,0.57,0,3.00,3,863.09,1,4,6,org.apache.solr.client.solrj.SolrRequest,0.35,7,1,11,0,7,3,0,4,200,1
"org.apache.solr.client.solrj.request.RequestWriter",7,1.00,1.43,27,0.32,7754.03,8,1,9,23,8,179.15,8,40,3,1,129.15,0.00,0.00,0.14,2,12.00,3,974.67,0,4,5,java.lang.Object,0.00,16,0,10,1,16,3,0,1,227,1
"org.apache.solr.client.solrj.request.RequestWriter$LazyContentStream",9,0.38,1.22,25,0.18,2725.63,11,2,9,17,2,140.19,0,38,0,1,140.19,0.00,0.00,0.17,1,19.00,3,547.77,0,7,2,java.lang.Object,0.00,8,0,11,0,8,2,1,0,152,1
"org.apache.solr.client.solrj.request.SolrPing",4,0.67,1.00,15,0.15,2931.69,5,1,8,10,7,180.64,5,26,2,2,130.64,0.00,0.50,0.50,0,4.00,1,436.87,0,3,6,org.apache.solr.client.solrj.SolrRequest,0.29,6,1,4,0,6,1,0,1,105,1
"org.apache.solr.client.solrj.request.TestUpdateRequestCodec",3,0.00,2.67,91,1.49,82199.68,3,0,14,34,4,80.96,14,105,0,2,80.73,0.00,0.50,0.00,1,3.00,3,4462.66,0,0,4,org.apache.lucene.util.LuceneTestCase,0.00,31,1,8,0,31,3,0,8,728,1
"org.apache.solr.client.solrj.request.TestUpdateRequestCodec$Iterable<String>",1,0.00,1.00,3,0.02,300.08,1,0,14,2,0,133.69,0,2,0,1,133.69,0.00,0.00,0.00,0,1.00,1,69.84,0,1,0,java.lang.Object,0.00,1,0,1,0,1,0,0,0,21,0
"org.apache.solr.client.solrj.request.TestUpdateRequestCodec$JavaBinUpdateRequestCodec.StreamingDocumentHandler",1,0.00,1.00,4,0.04,335.76,1,0,14,4,2,128.65,0,5,0,1,128.65,0.00,0.00,0.00,0,1.00,1,109.28,0,0,2,java.lang.Object,0.00,3,0,1,0,3,1,0,0,30,0
"org.apache.solr.client.solrj.request.TestUpdateRequestCodec$JavaBinUpdateRequestCodec.StreamingDocumentHandler_0",1,0.00,1.00,4,0.04,335.76,1,0,14,4,2,128.65,0,5,0,1,128.65,0.00,0.00,0.00,0,1.00,1,109.28,0,0,2,java.lang.Object,0.00,3,0,1,0,3,1,0,0,30,0
"org.apache.solr.client.solrj.request.UpdateRequest",19,0.04,2.32,111,1.27,51989.19,23,4,13,37,26,157.55,43,165,19,3,117.67,0.00,0.67,0.21,3,136.00,14,3809.59,0,14,7,org.apache.solr.client.solrj.request.AbstractUpdateRequest,0.27,18,2,44,0,18,5,0,21,796,1
"org.apache.solr.client.solrj.request.UpdateRequest$Deprecated",0,0.00,0.00,2,0.01,99.06,0,0,13,0,0,171.00,0,4,0,1,171.00,0.00,0.00,0.00,0,0.00,0,31.70,0,0,0,java.lang.Object,0.00,0,0,0,0,0,0,0,0,10,1
"org.apache.lucene.analysis.cjk.CJKAnalyzer",5,1.00,1.20,15,0.25,4049.56,6,1,9,9,8,87.97,35,33,1,4,130.26,0.00,0.75,0.00,0,8.00,2,743.57,0,2,7,org.apache.lucene.analysis.StopwordAnalyzerBase,0.00,4,3,6,0,4,3,0,10,159,2
"org.apache.lucene.analysis.cjk.CJKAnalyzer$DefaultSetHolder",0,0.00,0.00,2,0.05,1007.86,1,1,9,3,2,171.00,0,5,0,1,171.00,0.00,0.00,0.00,0,0.00,0,142.13,0,0,2,java.lang.Object,0.00,3,0,0,0,3,0,0,0,31,2
"org.apache.lucene.analysis.cjk.CJKTokenizer",7,0.15,4.43,121,1.38,127602.40,23,16,7,16,8,53.64,88,158,3,4,91.21,0.00,0.75,0.19,1,10.00,25,4140.04,2,0,5,org.apache.lucene.analysis.Tokenizer,0.50,9,3,31,0,9,7,0,46,724,2
"org.apache.lucene.analysis.cjk.TestCJKTokenizer",16,0.00,1.12,95,2.45,78894.40,16,0,3,19,4,115.82,14,210,0,3,115.82,0.00,0.67,0.00,3,16.00,2,7345.82,2,1,4,org.apache.lucene.analysis.BaseTokenStreamTestCase,0.00,3,2,18,0,3,15,0,5,1402,1
"org.apache.lucene.analysis.cjk.TestCJKTokenizer$TestToken",0,0.00,0.00,5,0.02,128.13,4,4,3,0,0,171.00,0,6,0,1,171.00,0.00,0.00,0.00,0,0.00,0,66.44,0,0,0,java.lang.Object,0.00,0,0,0,0,0,0,0,0,20,0
"org.apache.lucene.search.spell.Dictionary",1,0.00,1.00,2,0.01,54.30,1,0,1,1,9,101.98,11,3,9,1,146.11,0.00,0.00,0.00,0,1.00,1,29.65,0,1,0,,0.00,0,0,1,0,0,0,0,2,12,1
"org.apache.lucene.search.spell.JaroWinklerDistance",4,1.00,4.50,74,0.95,150753.20,5,1,1,9,6,127.68,10,75,5,1,87.79,0.00,0.00,0.25,1,6.00,13,2842.95,0,0,1,java.lang.Object,0.00,5,0,18,0,5,4,1,2,516,1
"org.apache.lucene.search.spell.LevensteinDistance",2,0.00,4.00,43,0.47,67213.86,2,0,0,7,8,133.54,54,43,7,1,85.71,0.00,0.00,0.00,0,2.00,7,1395.97,0,0,1,java.lang.Object,0.00,5,0,8,0,5,2,1,19,256,2
"org.apache.lucene.search.spell.LuceneDictionary",2,2.00,1.00,9,0.08,1195.91,4,2,6,4,7,108.80,10,12,2,1,126.68,0.00,0.00,0.00,0,2.00,1,245.37,0,1,5,java.lang.Object,0.00,2,0,2,0,2,1,1,1,63,1
"org.apache.lucene.search.spell.LuceneDictionary$LuceneIterator",4,0.33,2.75,30,0.24,6144.34,7,3,6,11,2,114.15,2,43,0,1,114.15,0.00,0.00,0.58,1,0.00,4,731.79,0,1,2,java.lang.Object,0.00,7,0,11,0,7,3,1,2,167,1
"org.apache.lucene.search.spell.NGramDistance",3,1.00,6.33,83,0.94,209721.28,4,1,0,9,5,97.17,54,82,4,1,79.03,0.00,0.00,0.33,0,4.00,17,2823.53,0,0,1,java.lang.Object,0.00,6,0,19,0,6,3,1,21,502,1
"org.apache.lucene.search.spell.PlainTextDictionary",4,0.11,1.00,13,0.11,1454.02,7,3,2,8,3,172.92,11,18,2,1,133.04,0.00,0.00,0.25,0,0.00,1,344.91,0,1,1,java.lang.Object,0.00,4,0,4,0,4,3,1,2,90,1
"org.apache.lucene.search.spell.PlainTextDictionary$fileIterator",3,0.00,2.00,14,0.11,2140.06,3,0,2,5,0,125.91,0,21,0,1,125.91,0.00,0.00,0.00,1,1.00,3,319.69,0,1,0,java.lang.Object,0.00,2,0,6,0,2,2,1,0,78,1
"org.apache.lucene.search.spell.SpellChecker",33,0.02,2.09,243,3.30,237631.52,46,13,24,88,31,58.93,305,308,8,1,108.93,0.00,0.00,0.06,12,422.00,16,9913.47,0,10,23,java.lang.Object,0.00,55,0,69,1,55,23,1,76,1837,1
"org.apache.lucene.search.spell.StringDistance",1,0.00,1.00,2,0.01,60.60,1,0,0,1,14,193.56,27,3,14,1,145.73,0.00,0.00,0.00,0,1.00,1,35.00,0,0,0,,0.00,0,0,1,0,0,1,0,3,13,1
"org.apache.lucene.search.spell.SuggestWord",0,0.00,0.00,4,0.02,179.25,3,3,0,0,8,171.00,32,5,8,1,171.00,0.00,0.00,0.00,0,0.00,0,71.70,0,0,0,java.lang.Object,0.00,0,0,0,0,0,0,0,5,20,2
"org.apache.lucene.search.spell.SuggestWordFrequencyComparator",1,0.00,5.00,11,0.12,5042.84,1,0,1,2,4,149.90,23,17,3,1,102.63,0.00,0.00,0.00,0,1.00,5,348.35,0,0,1,java.lang.Object,0.00,1,0,5,0,1,1,1,5,83,1
"org.apache.lucene.search.spell.SuggestWordQueue",3,0.00,1.00,12,0.13,2781.93,5,2,2,5,6,107.30,16,17,3,2,125.18,0.00,0.50,0.50,0,1.00,1,393.72,1,0,3,org.apache.lucene.util.PriorityQueue,0.00,2,1,3,0,2,3,0,3,95,2
"org.apache.lucene.search.spell.SuggestWordScoreComparator",1,0.00,5.00,11,0.12,5042.84,1,0,1,2,2,60.33,7,17,1,1,102.63,0.00,0.00,0.00,0,1.00,5,348.35,0,0,1,java.lang.Object,0.00,1,0,5,0,1,1,1,4,83,1
"org.apache.lucene.search.spell.TestJaroWinklerDistance",1,0.00,1.00,23,0.36,12643.14,2,1,1,4,2,87.90,0,25,0,2,87.90,0.00,0.50,1.00,0,0.00,1,1078.65,0,0,2,org.apache.lucene.util.LuceneTestCase,0.00,3,1,1,0,3,1,0,0,196,1
"org.apache.lucene.search.spell.TestLevenshteinDistance",2,0.00,1.00,26,0.34,8526.29,3,1,1,6,2,100.86,0,29,0,2,100.86,0.00,0.50,1.00,0,0.00,1,1033.78,0,0,2,org.apache.lucene.util.LuceneTestCase,0.00,4,1,2,0,4,2,0,0,199,1
"org.apache.lucene.search.spell.TestLuceneDictionary",8,0.61,1.88,115,1.60,60678.04,12,4,11,33,10,147.55,9,136,0,2,97.55,0.00,0.50,0.78,0,0.00,3,4802.37,2,0,10,org.apache.lucene.util.LuceneTestCase,0.00,25,1,15,0,25,8,0,5,909,1
"org.apache.lucene.search.spell.TestNGramDistance",4,0.00,1.00,100,1.48,51227.16,4,0,1,8,2,86.51,0,105,0,2,86.51,0.00,0.50,0.00,0,4.00,1,4432.45,0,0,2,org.apache.lucene.util.LuceneTestCase,0.00,4,1,4,0,4,4,0,0,766,1
"org.apache.lucene.search.spell.TestPlainTextDictionary",1,0.00,1.00,14,0.19,5291.78,1,0,4,11,3,99.16,4,16,0,2,98.92,0.00,0.50,0.00,0,1.00,1,567.34,0,0,3,org.apache.lucene.util.LuceneTestCase,0.00,10,1,1,0,10,1,0,1,109,1
"org.apache.lucene.search.spell.TestSpellChecker",14,0.17,2.21,229,3.12,138419.67,18,4,20,67,18,115.06,46,255,1,2,94.44,0.00,0.50,0.41,8,0.00,6,9348.26,2,0,17,org.apache.lucene.util.LuceneTestCase,0.00,53,1,31,0,53,14,0,41,1697,1
"org.apache.lucene.search.spell.TestSpellChecker$SpellCheckWorker",2,0.33,2.50,17,0.12,2221.28,5,3,20,4,2,113.12,0,26,0,1,113.12,0.00,0.00,0.50,0,2.00,4,355.64,0,0,2,java.lang.Object,0.00,2,0,5,0,2,2,1,0,86,1
"org.apache.lucene.search.spell.TestSpellChecker$SpellCheckerMock",4,0.00,1.00,11,0.11,1556.15,4,0,20,5,5,139.38,0,18,0,2,139.38,0.00,0.50,0.00,0,4.00,1,333.71,1,1,5,org.apache.lucene.search.spell.SpellChecker,0.00,1,1,4,0,1,3,0,0,86,0
"org.apache.lucene.xmlparser.builders.BooleanFilterBuilder",2,1.00,2.00,19,0.23,6781.43,3,1,10,12,9,57.45,19,24,1,1,107.45,0.00,0.00,0.50,0,2.00,3,682.32,0,1,8,java.lang.Object,0.00,10,0,4,0,10,1,1,2,133,1
"org.apache.lucene.xmlparser.builders.BooleanQueryBuilder",3,1.00,3.00,36,0.48,19008.86,4,1,9,19,8,58.26,22,57,2,1,100.55,0.00,0.00,0.33,1,4.00,5,1440.13,0,2,6,java.lang.Object,0.00,16,0,9,0,16,1,1,3,272,1
"org.apache.lucene.xmlparser.builders.BoostingQueryBuilder",2,0.00,1.00,16,0.20,5679.90,4,2,6,8,6,60.12,19,22,1,1,110.12,0.00,0.00,0.50,0,2.00,1,602.17,0,1,5,java.lang.Object,0.00,6,0,2,0,6,1,1,2,128,1
"org.apache.lucene.xmlparser.builders.BoostingTermBuilder",1,0.00,1.00,7,0.10,1996.32,1,0,7,8,8,139.77,19,11,1,2,113.49,0.00,0.50,0.00,0,1.00,1,297.27,0,1,7,org.apache.lucene.xmlparser.builders.SpanBuilderBase,0.00,7,1,1,0,7,0,0,2,64,1
"org.apache.lucene.xmlparser.builders.CachedFilterBuilder",2,0.50,3.00,33,0.38,17075.21,6,4,12,12,11,113.01,36,50,1,1,94.87,0.00,0.00,0.50,0,2.00,5,1148.27,0,1,10,java.lang.Object,0.00,10,0,6,0,10,1,1,6,223,1
"org.apache.lucene.xmlparser.builders.CachedFilterBuilder$LRUCache",2,1.00,1.00,7,0.09,1488.55,3,1,12,3,0,130.59,0,14,0,2,130.59,0.00,0.50,0.50,0,2.00,1,277.71,0,0,0,java.util.LinkedHashMap,0.00,1,1,2,0,1,2,0,0,67,1
"org.apache.lucene.xmlparser.builders.ConstantScoreQueryBuilder",2,1.00,1.00,9,0.10,1699.58,3,1,7,7,7,75.48,19,15,1,1,125.47,0.00,0.00,0.50,0,2.00,1,285.38,0,1,6,java.lang.Object,0.00,5,0,2,0,5,1,1,2,68,1
"org.apache.lucene.xmlparser.builders.DuplicateFilterBuilder",1,0.00,5.00,19,0.25,10414.72,1,0,6,8,6,117.57,19,35,1,1,91.29,0.00,0.00,0.00,0,1.00,5,764.33,0,1,5,java.lang.Object,0.00,7,0,5,0,7,0,1,2,144,1
"org.apache.lucene.xmlparser.builders.FilteredQueryBuilder",2,0.00,1.00,16,0.19,4543.37,4,2,8,9,8,66.75,22,20,1,1,110.88,0.00,0.00,0.50,0,2.00,1,565.91,0,1,7,java.lang.Object,0.00,7,0,2,0,7,1,1,3,123,1
"org.apache.lucene.xmlparser.builders.FuzzyLikeThisQueryBuilder",2,0.60,1.50,25,0.34,10122.75,7,5,8,11,7,51.48,19,30,1,1,101.48,0.00,0.00,0.50,0,2.00,2,1027.14,0,1,6,java.lang.Object,0.00,9,0,3,0,9,1,1,2,191,1
"org.apache.lucene.xmlparser.builders.LikeThisQueryBuilder",2,0.60,4.50,46,0.76,59314.94,7,5,13,27,9,64.50,28,60,1,1,84.64,0.00,0.00,0.50,0,2.00,8,2282.63,0,1,8,java.lang.Object,0.00,25,0,9,0,25,1,1,9,369,1
"org.apache.lucene.xmlparser.builders.MatchAllDocsQueryBuilder",1,0.00,1.00,3,0.02,212.34,1,0,5,2,5,161.16,19,7,1,1,134.88,0.00,0.00,0.00,0,1.00,1,67.32,0,1,4,java.lang.Object,0.00,1,0,1,0,1,0,1,2,20,1
"org.apache.lucene.xmlparser.builders.NumericRangeFilterBuilder",2,0.00,4.00,30,0.54,26448.65,4,2,10,16,10,88.59,74,47,2,1,94.36,0.00,0.00,0.50,0,2.00,7,1613.98,0,1,8,java.lang.Object,0.00,14,0,8,0,14,1,1,2,282,1
"org.apache.lucene.xmlparser.builders.NumericRangeFilterBuilder$NoMatchFilter",1,1.00,1.00,4,0.04,450.47,2,1,10,1,3,127.64,0,7,0,2,127.64,0.00,0.50,0.00,0,1.00,1,112.62,0,1,3,org.apache.lucene.search.Filter,0.00,0,1,1,0,0,0,0,0,30,1
"org.apache.lucene.xmlparser.builders.NumericRangeQueryBuilder",1,0.00,6.00,23,0.47,24992.14,1,0,7,14,8,64.90,60,38,2,1,85.16,0.00,0.00,0.00,0,1.00,6,1402.24,0,1,6,java.lang.Object,0.00,13,0,6,0,13,0,1,1,238,1
"org.apache.lucene.xmlparser.builders.RangeFilterBuilder",1,0.00,1.00,8,0.12,2897.81,1,0,6,5,6,136.33,19,10,1,1,110.05,0.00,0.00,0.00,0,1.00,1,357.35,0,1,5,java.lang.Object,0.00,4,0,1,0,4,0,1,2,75,1
"org.apache.lucene.xmlparser.builders.SpanBuilderBase",1,0.00,1.00,3,0.02,224.79,1,0,3,2,10,160.97,19,7,7,1,134.68,0.00,0.00,0.00,0,1.00,1,69.84,0,1,3,java.lang.Object,0.00,1,0,1,7,1,0,1,2,21,2
"org.apache.lucene.xmlparser.builders.SpanFirstBuilder",2,1.00,1.00,12,0.13,2677.03,3,1,5,7,7,67.35,19,18,1,2,117.35,0.00,0.50,0.50,0,2.00,1,387.96,0,1,6,org.apache.lucene.xmlparser.builders.SpanBuilderBase,0.00,5,1,2,0,5,1,0,2,88,1
"org.apache.lucene.xmlparser.builders.SpanNearBuilder",2,1.00,2.00,18,0.26,10152.78,3,1,7,12,7,56.07,19,25,1,2,106.06,0.00,0.50,0.50,0,2.00,3,783.79,0,1,6,org.apache.lucene.xmlparser.builders.SpanBuilderBase,0.00,10,1,4,0,10,1,0,2,148,1
"org.apache.lucene.xmlparser.builders.SpanNotBuilder",2,1.00,1.00,15,0.17,4696.08,3,1,5,8,7,68.80,22,21,1,2,112.93,0.00,0.50,0.50,0,2.00,1,513.66,0,1,6,org.apache.lucene.xmlparser.builders.SpanBuilderBase,0.00,6,1,2,0,6,1,0,3,113,1
"org.apache.lucene.xmlparser.builders.SpanOrBuilder",2,1.00,2.00,18,0.23,9324.77,3,1,7,11,7,56.36,19,25,1,2,106.36,0.00,0.50,0.50,0,2.00,3,683.65,0,1,6,org.apache.lucene.xmlparser.builders.SpanBuilderBase,0.00,9,1,4,0,9,1,0,2,136,1
"org.apache.lucene.xmlparser.builders.SpanOrTermsBuilder",2,1.00,2.00,22,0.34,14522.16,3,1,13,21,11,57.46,22,34,1,2,101.59,0.00,0.50,0.50,0,2.00,3,1008.24,0,1,10,org.apache.lucene.xmlparser.builders.SpanBuilderBase,0.00,19,1,4,0,19,1,0,3,182,1
"org.apache.lucene.xmlparser.builders.SpanQueryBuilder",1,0.00,1.00,2,0.01,88.08,1,0,4,1,9,144.46,0,3,6,2,144.46,0.00,0.50,0.00,0,1.00,1,44.04,0,1,3,,0.00,0,1,1,0,0,0,0,0,15,1
"org.apache.lucene.xmlparser.builders.SpanQueryBuilderFactory",3,0.50,1.33,11,0.14,3433.29,4,1,5,9,5,96.83,19,19,1,1,129.05,0.00,0.00,0.67,1,1.00,2,408.23,0,2,4,java.lang.Object,0.00,6,0,4,0,6,1,1,2,98,1
"org.apache.lucene.xmlparser.builders.SpanTermBuilder",1,0.00,1.00,7,0.09,1909.68,1,0,6,7,7,139.92,19,11,1,2,113.64,0.00,0.50,0.00,0,1.00,1,279.91,0,1,6,org.apache.lucene.xmlparser.builders.SpanBuilderBase,0.00,6,1,1,0,6,0,0,2,61,1
"org.apache.lucene.xmlparser.builders.TermQueryBuilder",1,0.00,1.00,7,0.09,1909.68,1,0,7,7,7,139.92,19,9,1,1,113.64,0.00,0.00,0.00,0,1.00,1,279.91,0,1,6,java.lang.Object,0.00,6,0,1,0,6,0,1,2,61,1
"org.apache.lucene.xmlparser.builders.TermsFilterBuilder",2,1.00,2.50,23,0.29,12956.08,3,1,12,16,10,81.79,28,39,1,1,101.93,0.00,0.00,0.50,0,2.00,4,880.42,0,1,9,java.lang.Object,0.00,14,0,5,0,14,1,1,5,163,1
"org.apache.lucene.xmlparser.builders.TermsQueryBuilder",2,1.00,2.50,25,0.39,17908.48,3,1,14,21,12,50.94,20,39,1,1,99.41,0.00,0.00,0.50,0,2.00,4,1178.76,0,1,11,java.lang.Object,0.00,19,0,5,0,19,1,1,3,205,1
"org.apache.lucene.xmlparser.builders.TestNumericRangeFilterBuilder",7,0.00,2.29,127,2.00,94730.24,7,0,15,55,7,91.45,0,156,0,2,91.45,0.00,0.50,0.00,1,7.00,3,6011.49,0,1,7,org.apache.lucene.util.LuceneTestCase,0.00,48,1,16,0,48,6,0,0,1074,1
"org.apache.lucene.xmlparser.builders.TestNumericRangeQueryBuilder",6,0.00,2.50,105,1.73,88133.51,6,0,12,44,4,92.08,0,123,0,2,92.08,0.00,0.50,0.00,1,6.00,3,5181.01,0,1,4,org.apache.lucene.util.LuceneTestCase,0.00,38,1,15,0,38,5,0,0,931,1
"org.apache.lucene.xmlparser.builders.UserInputQueryBuilder",4,0.11,1.50,25,0.27,9097.81,7,3,9,11,9,65.45,37,39,1,1,115.45,0.00,0.00,0.25,1,6.00,3,815.45,0,2,8,java.lang.Object,0.00,7,0,6,0,7,2,1,7,173,1
"org.apache.lucene.queryParser.standard.nodes.BooleanModifierNode",1,1.00,1.00,4,0.04,427.71,2,1,3,1,3,85.53,7,6,1,3,127.82,0.00,0.67,0.00,0,1.00,1,105.70,0,0,3,org.apache.lucene.queryParser.core.nodes.ModifierQueryNode,0.00,0,2,1,0,0,1,0,1,29,1
"org.apache.lucene.queryParser.standard.nodes.MultiPhraseQueryNode",6,1.00,2.33,40,0.44,14419.47,7,1,7,17,10,115.16,5,54,4,2,115.16,0.00,0.50,0.00,0,6.00,4,1331.14,4,4,6,org.apache.lucene.queryParser.core.nodes.QueryNodeImpl,0.13,11,1,14,0,11,2,1,2,286,1
"org.apache.lucene.queryParser.standard.nodes.PrefixWildcardQueryNode",4,1.00,1.00,11,0.13,2043.26,5,1,1,8,6,90.34,33,20,4,4,138.44,0.00,0.75,0.00,0,4.00,1,401.61,1,2,2,org.apache.lucene.queryParser.standard.nodes.WildcardQueryNode,0.16,4,3,4,0,4,2,0,4,105,1
"org.apache.lucene.queryParser.standard.nodes.RangeQueryNode",3,2.00,1.00,14,0.14,2933.36,5,2,5,7,8,107.12,15,19,5,3,124.99,0.00,0.67,0.00,0,3.00,1,433.98,2,2,4,org.apache.lucene.queryParser.core.nodes.ParametricRangeQueryNode,0.09,4,2,3,0,4,1,0,3,105,1
"org.apache.lucene.queryParser.standard.nodes.StandardBooleanQueryNode",2,2.00,1.00,8,0.07,921.66,4,2,5,2,7,109.69,11,11,3,3,127.57,0.00,0.67,0.00,0,2.00,1,197.22,0,0,4,org.apache.lucene.queryParser.core.nodes.BooleanQueryNode,0.00,0,2,2,0,0,2,0,2,51,1
"org.apache.lucene.queryParser.standard.nodes.WildcardQueryNode",5,1.00,1.20,16,0.19,3287.97,6,1,2,9,9,151.58,15,27,7,3,130.97,0.50,0.50,0.00,0,5.00,2,557.20,3,3,2,org.apache.lucene.queryParser.core.nodes.FieldQueryNode,0.13,4,2,6,1,4,2,0,3,141,1
"org.apache.solr.client.solrj.embedded.EmbeddedSolrServer",4,0.33,5.25,60,0.94,63121.83,7,3,17,33,20,51.40,31,97,4,2,93.69,0.00,0.50,0.58,1,0.00,13,2827.80,0,2,16,org.apache.solr.client.solrj.SolrServer,0.00,29,1,21,0,29,2,0,8,492,1
"org.apache.solr.client.solrj.embedded.JettySolrRunner",9,0.08,2.00,60,0.66,16028.54,12,3,16,37,11,116.45,44,90,10,1,116.22,0.00,0.00,0.26,4,16.00,3,1972.88,0,0,1,java.lang.Object,0.00,28,0,18,0,28,9,0,30,410,1
"org.apache.solr.client.solrj.embedded.JettySolrRunner$NoLog",11,0.40,1.18,21,0.22,4272.49,13,2,16,14,0,150.57,0,38,0,1,150.57,0.00,0.00,0.14,0,34.00,2,666.91,0,2,0,java.lang.Object,0.00,3,0,13,0,3,9,1,0,178,0
"org.apache.solr.client.solrj.embedded.JettySolrRunner$Servlet404",1,0.00,1.00,3,0.04,610.98,1,0,16,3,0,131.26,0,8,0,2,131.26,0.00,0.50,0.00,0,1.00,1,132.02,0,0,0,javax.servlet.http.HttpServlet,0.00,2,1,1,0,2,1,0,0,33,2
"org.apache.solr.client.solrj.embedded.JettyWebappTest",3,0.50,1.33,39,0.58,18906.36,6,3,13,28,3,81.59,15,51,0,2,99.46,0.00,0.50,0.67,0,0.00,2,1732.01,2,0,3,org.apache.lucene.util.LuceneTestCase,0.00,25,1,4,0,25,3,0,12,327,1
"org.apache.solr.client.solrj.embedded.LargeVolumeBinaryJettyTest",1,0.00,1.00,3,0.03,411.02,1,0,3,1,2,132.85,4,6,0,5,132.62,0.00,0.80,0.00,0,1.00,1,91.51,1,0,2,org.apache.solr.client.solrj.LargeVolumeTestBase,0.00,0,4,1,0,0,1,0,1,25,1
"org.apache.solr.client.solrj.embedded.LargeVolumeEmbeddedTest",1,0.00,1.00,3,0.04,532.41,1,0,3,1,2,131.73,0,6,0,5,131.73,0.00,0.80,0.00,0,1.00,1,109.52,1,0,2,org.apache.solr.client.solrj.LargeVolumeTestBase,0.00,0,4,1,0,0,1,0,0,29,1
"org.apache.solr.client.solrj.embedded.LargeVolumeJettyTest",1,0.00,1.00,3,0.03,411.02,1,0,3,1,2,132.62,0,6,0,5,132.62,0.00,0.80,0.00,0,1.00,1,91.51,1,0,2,org.apache.solr.client.solrj.LargeVolumeTestBase,0.00,0,4,1,0,0,1,0,0,25,1
"org.apache.solr.client.solrj.embedded.MergeIndexesEmbeddedTest",6,0.00,1.00,19,0.19,3168.48,6,0,4,12,4,181.76,6,32,0,5,131.76,0.00,0.80,0.00,0,0.00,1,567.02,2,5,4,org.apache.solr.client.solrj.MergeIndexesExampleTestBase,0.45,6,4,6,0,6,1,0,1,142,1
"org.apache.solr.client.solrj.embedded.MultiCoreEmbeddedTest",5,0.00,1.00,14,0.14,2352.88,5,0,3,8,3,188.72,6,29,0,5,138.72,0.00,0.80,0.00,0,0.00,1,426.84,2,4,3,org.apache.solr.client.solrj.MultiCoreExampleTestBase,0.37,3,4,5,0,3,1,0,1,109,1
"org.apache.solr.client.solrj.embedded.MultiCoreExampleJettyTest",7,0.06,1.14,30,0.29,5635.57,10,3,3,18,4,175.63,11,52,0,5,125.63,0.00,0.80,0.29,1,14.00,2,882.29,2,5,4,org.apache.solr.client.solrj.MultiCoreExampleTestBase,0.45,11,4,8,0,11,2,0,4,206,1
"org.apache.solr.client.solrj.embedded.SolrExampleEmbeddedTest",1,0.00,1.00,3,0.04,532.41,1,0,3,1,2,99.51,6,6,0,5,131.73,0.00,0.80,0.00,0,1.00,1,109.52,1,0,2,org.apache.solr.client.solrj.SolrExampleTests,0.00,0,4,1,0,0,1,0,1,29,1
"org.apache.solr.client.solrj.embedded.SolrExampleJettyTest",2,0.00,1.50,8,0.09,1691.73,2,0,6,5,3,125.63,8,17,0,5,125.40,0.00,0.80,0.00,0,2.00,2,272.62,1,0,3,org.apache.solr.client.solrj.SolrExampleTests,0.00,3,4,3,0,3,2,0,3,64,1
"org.apache.solr.client.solrj.embedded.SolrExampleStreamingTest",2,0.00,1.50,12,0.12,2990.75,2,0,6,7,5,117.12,8,21,0,5,116.88,0.00,0.80,0.00,0,2.00,2,361.39,1,1,5,org.apache.solr.client.solrj.SolrExampleTests,0.07,5,4,3,0,5,1,0,4,80,1
"org.apache.solr.client.solrj.embedded.SolrExampleStreamingTest$StreamingUpdateSolrServer",1,0.00,1.00,2,0.02,105.56,1,0,6,1,0,193.84,1,4,0,1,143.84,0.00,0.00,0.00,0,1.00,1,51.35,0,0,0,java.lang.Object,0.00,0,0,1,0,0,1,0,1,17,0
"org.apache.solr.client.solrj.embedded.TestSolrProperties",12,0.05,1.42,105,1.73,76872.40,17,5,28,65,12,157.26,13,137,0,2,107.26,0.00,0.50,0.25,5,10.00,4,5175.41,2,8,12,org.apache.lucene.util.LuceneTestCase,0.00,53,1,17,0,53,4,0,10,883,1
"org.apache.lucene.benchmark.byTask.feeds.demohtml.Entities",3,0.25,3.67,289,4.33,62668.95,5,2,2,17,1,112.74,4,300,1,1,62.74,0.00,0.00,0.67,1,0.00,5,12988.68,0,2,0,java.lang.Object,0.00,14,0,11,0,14,1,0,4,1578,1
"org.apache.lucene.benchmark.byTask.feeds.demohtml.HTMLParser",38,0.07,4.84,546,6.17,345749.72,76,38,3,81,9,96.71,34,647,3,1,96.71,0.00,0.00,0.10,16,338.00,15,18524.45,0,5,7,java.lang.Object,0.00,43,0,184,0,43,33,1,34,3441,1
"org.apache.lucene.benchmark.byTask.feeds.demohtml.HTMLParser$JJCalls",0,0.00,0.00,5,0.03,253.51,4,4,3,0,1,171.00,0,6,0,1,171.00,0.00,0.00,0.00,0,0.00,0,78.87,0,0,1,java.lang.Object,0.00,0,0,0,0,0,0,0,0,22,2
"org.apache.lucene.benchmark.byTask.feeds.demohtml.HTMLParser$LookaheadSuccess",0,0.00,0.00,1,0.01,145.30,0,0,3,0,0,171.00,0,1,0,2,171.00,0.00,0.50,0.00,0,0.00,0,41.51,0,0,0,java.lang.Error,0.00,0,1,0,0,0,0,0,0,12,3
"org.apache.lucene.benchmark.byTask.feeds.demohtml.HTMLParser$MyPipedInputStream",3,0.00,1.00,7,0.05,452.47,3,0,3,4,0,142.62,0,11,0,2,142.62,0.00,0.50,0.00,0,3.00,1,139.88,0,0,0,java.io.PipedInputStream,0.00,1,1,3,0,1,3,0,0,42,1
"org.apache.lucene.benchmark.byTask.feeds.demohtml.HTMLParserConstants",0,0.00,0.00,40,0.61,7906.55,39,39,0,0,2,171.00,43,73,2,1,171.00,0.00,0.00,0.00,0,0.00,0,1834.18,0,0,0,,0.00,0,0,0,0,0,0,0,40,271,1
"org.apache.lucene.benchmark.byTask.feeds.demohtml.HTMLParserTokenManager",51,0.07,8.69,960,12.93,1736149.91,70,19,3,62,4,87.99,12,1623,1,1,87.99,0.00,0.00,0.13,24,216.00,124,38803.15,0,0,3,java.lang.Object,0.00,11,0,443,0,11,51,1,12,6474,1
"org.apache.lucene.benchmark.byTask.feeds.demohtml.ParseException",5,0.30,3.20,92,1.07,80794.24,10,5,0,14,3,61.39,69,112,2,2,90.77,0.00,0.50,0.44,0,0.00,10,3210.28,1,2,1,java.lang.Exception,0.00,9,1,16,0,9,3,0,11,572,1
"org.apache.lucene.benchmark.byTask.feeds.demohtml.ParserThread",2,0.00,2.50,16,0.19,5142.33,3,1,1,9,2,160.25,2,27,1,2,110.25,0.00,0.50,1.00,0,0.00,4,558.48,0,0,2,java.lang.Thread,0.00,7,1,5,0,7,2,0,2,116,0
"org.apache.lucene.benchmark.byTask.feeds.demohtml.SimpleCharStream",36,0.09,1.89,204,2.72,162256.64,52,16,0,44,2,166.01,45,352,2,1,116.01,0.00,0.00,0.15,6,144.00,10,8153.78,0,1,0,java.lang.Object,0.00,8,0,68,0,8,35,0,34,1701,1
"org.apache.lucene.benchmark.byTask.feeds.demohtml.SuppressWarnings",6,0.20,1.50,48,0.66,33774.42,11,5,0,14,0,59.58,51,72,0,2,107.69,0.00,0.50,0.03,1,10.00,3,1967.96,1,3,0,java.lang.Error,0.00,8,1,9,0,8,3,0,14,375,1
"org.apache.lucene.benchmark.byTask.feeds.demohtml.Tags",0,0.00,0.00,33,0.35,7423.82,1,1,3,2,0,171.00,4,35,0,1,171.00,0.00,0.00,0.00,0,0.00,0,1058.57,0,0,0,java.lang.Object,0.00,2,0,0,0,2,0,0,2,208,2
"org.apache.lucene.benchmark.byTask.feeds.demohtml.TestHtmlParser",12,0.00,1.08,57,0.72,12674.54,12,0,5,25,1,124.71,2,92,0,2,124.71,0.00,0.50,0.00,1,12.00,2,2171.45,0,0,1,org.apache.lucene.util.LuceneTestCase,0.00,13,1,13,0,13,12,0,2,475,1
"org.apache.lucene.benchmark.byTask.feeds.demohtml.Token",7,0.12,1.00,24,0.16,1989.42,15,8,0,8,5,83.88,67,38,5,1,133.88,0.00,0.00,0.02,1,12.00,1,468.86,0,4,0,java.lang.Object,0.00,1,0,7,0,1,3,0,15,131,1
"org.apache.lucene.analysis.position.PositionFilter",4,0.00,1.50,21,0.17,3243.56,7,3,4,6,5,104.05,20,30,2,4,121.93,0.00,0.75,0.33,0,4.00,3,513.65,1,0,3,org.apache.lucene.analysis.TokenFilter,0.50,2,3,6,0,2,4,0,5,124,2
"org.apache.lucene.analysis.position.PositionFilterTest",4,0.28,1.00,20,0.46,14984.26,10,6,5,8,5,166.79,5,73,0,3,116.79,0.00,0.67,0.38,0,0.00,1,1370.40,1,0,5,org.apache.lucene.analysis.BaseTokenStreamTestCase,0.00,4,2,4,0,4,4,0,2,273,1
"org.apache.lucene.analysis.position.PositionFilterTest$TestTokenStream",3,0.17,1.33,16,0.14,2974.83,6,3,5,6,2,121.27,0,23,0,3,121.27,0.00,0.67,0.44,0,1.00,2,434.74,0,0,2,org.apache.lucene.analysis.TokenStream,0.55,3,2,4,0,3,3,0,0,101,1
"org.apache.lucene.search.similar.MoreLikeThis",45,0.00,1.93,312,4.20,212583.96,70,25,34,110,25,64.41,485,393,5,1,112.89,0.00,0.00,0.04,6,947.00,9,12602.20,0,16,20,java.lang.Object,0.00,65,0,87,0,65,29,0,98,2336,2
"org.apache.lucene.search.similar.MoreLikeThis$FreqQ",2,0.00,1.00,7,0.09,2102.12,2,0,34,3,1,129.41,0,11,0,2,129.41,0.00,0.50,0.00,0,2.00,1,255.65,1,0,1,org.apache.lucene.util.PriorityQueue,0.00,1,1,2,0,1,2,0,0,64,2
"org.apache.lucene.search.similar.MoreLikeThis$Int",1,0.00,1.00,4,0.02,114.30,2,1,34,1,0,132.34,0,6,0,1,132.34,0.00,0.00,1.00,0,0.00,1,49.65,0,0,0,java.lang.Object,0.00,0,0,1,0,0,1,0,0,17,2
"org.apache.lucene.search.similar.MoreLikeThisQuery",19,0.01,1.11,60,0.54,11497.41,27,8,9,31,7,131.27,12,102,1,2,131.27,0.00,0.50,0.11,0,149.00,2,1615.72,0,6,6,org.apache.lucene.search.Query,0.00,12,1,21,0,12,13,0,4,380,1
"org.apache.lucene.search.similar.SimilarityQueries",2,0.00,3.50,16,0.28,16237.89,2,0,13,13,9,155.52,48,33,0,1,106.24,0.00,0.00,0.00,0,2.00,6,828.01,0,1,9,java.lang.Object,0.00,11,0,7,0,11,1,0,8,147,2
"org.apache.lucene.search.similar.TestMoreLikeThis",5,0.25,1.40,65,1.03,35002.05,8,3,17,41,12,99.09,3,74,0,2,99.09,0.00,0.50,0.53,2,0.00,2,3084.76,2,1,12,org.apache.lucene.util.LuceneTestCase,0.00,36,1,7,0,36,4,0,3,546,1
"org.apache.lucene.misc.GetTermInfo",3,0.00,1.33,20,0.27,6932.18,3,0,5,15,6,165.42,3,28,1,1,115.42,0.00,0.00,0.00,2,3.00,2,803.99,0,0,5,java.lang.Object,0.00,12,0,4,0,12,3,0,1,166,1
"org.apache.lucene.misc.HighFreqTerms",5,0.50,4.00,81,1.13,78870.36,7,2,9,30,11,60.49,34,97,2,1,92.71,0.00,0.00,0.10,3,8.00,9,3378.50,0,0,9,java.lang.Object,0.00,25,0,20,0,25,5,0,9,606,1
"org.apache.lucene.misc.IndexMergeTool",1,0.00,3.00,19,0.31,13493.34,1,0,9,13,6,90.76,4,22,0,1,90.52,0.00,0.00,0.00,0,1.00,3,918.74,0,0,6,java.lang.Object,0.00,12,0,3,0,12,1,0,1,163,1
"org.apache.lucene.misc.SweetSpotSimilarity",10,0.11,1.90,65,1.05,38767.07,23,13,4,27,3,69.44,110,107,1,3,113.57,0.00,0.67,0.18,1,50.00,4,3149.75,0,0,2,org.apache.lucene.search.DefaultSimilarity,0.08,17,2,19,0,17,10,0,10,641,1
"org.apache.lucene.misc.SweetSpotSimilarityTest",3,0.00,6.33,133,1.78,173995.92,3,0,4,16,4,72.00,12,141,0,2,71.76,0.00,0.50,0.00,0,3.00,11,5343.11,0,0,4,org.apache.lucene.util.LuceneTestCase,0.00,13,1,19,0,13,3,0,10,922,1
"org.apache.lucene.misc.SweetSpotSimilarityTest$SweetSpotSimilarity",1,0.00,1.00,3,0.02,227.10,1,0,4,2,0,134.65,0,5,0,1,134.65,0.00,0.00,0.00,0,1.00,1,61.77,0,0,0,java.lang.Object,0.00,1,0,1,0,1,1,0,0,19,0
"org.apache.lucene.misc.TermInfoWiTFQueue",2,0.00,1.00,5,0.05,705.06,2,0,9,2,8,139.71,0,10,1,2,139.71,0.00,0.50,0.00,0,2.00,1,139.01,1,0,7,org.apache.lucene.util.PriorityQueue,0.00,0,1,2,0,0,2,0,0,40,1
"org.apache.lucene.misc.TermStats",2,3.00,1.00,11,0.09,983.81,5,3,9,2,10,123.73,0,14,4,1,123.73,0.00,0.00,0.00,0,2.00,1,258.71,0,0,6,java.lang.Object,0.00,0,0,2,0,0,2,0,0,67,1
"org.apache.lucene.misc.TestHighFreqTerms",17,0.02,2.06,179,2.28,111608.43,20,3,11,38,10,153.47,24,188,0,2,103.47,0.00,0.50,0.31,3,0.00,7,6846.18,0,1,10,org.apache.lucene.util.LuceneTestCase,0.00,21,1,35,0,21,16,0,18,1301,1
"org.apache.lucene.misc.TestLengthNormModifier",5,0.12,2.20,76,0.98,47821.57,7,2,17,32,15,135.49,11,86,0,2,95.60,0.00,0.50,0.60,0,0.00,3,2940.75,2,0,15,org.apache.lucene.util.LuceneTestCase,0.00,27,1,11,0,27,5,0,9,551,1
"org.apache.lucene.misc.TestLengthNormModifier$Collector",4,0.33,1.00,11,0.11,1745.14,6,2,17,5,2,138.98,0,19,0,1,138.98,0.00,0.00,0.25,0,6.00,1,339.96,0,0,2,java.lang.Object,0.00,1,0,4,0,1,4,0,0,87,0
"org.apache.lucene.misc.TestLengthNormModifier$Collector_1",4,0.33,1.00,11,0.11,1745.14,6,2,17,5,2,138.98,0,19,0,1,138.98,0.00,0.00,0.25,0,6.00,1,339.96,0,0,2,java.lang.Object,0.00,1,0,4,0,1,4,0,0,87,0
"org.apache.lucene.misc.TestLengthNormModifier$DefaultSimilarity",1,0.00,2.00,3,0.06,1376.59,1,0,17,4,1,128.33,0,5,0,1,128.33,0.00,0.00,0.00,0,1.00,2,168.54,0,0,1,java.lang.Object,0.00,3,0,2,0,3,1,0,0,40,0
"org.apache.lucene.misc.TestLengthNormModifier$DefaultSimilarity_0",1,0.00,2.00,3,0.06,1376.59,1,0,17,4,1,128.33,0,5,0,1,128.33,0.00,0.00,0.00,0,1.00,2,168.54,0,0,1,java.lang.Object,0.00,3,0,2,0,3,1,0,0,40,0
"org.apache.lucene.misc.TotalTermFreqComparatorSortDescending",1,0.00,3.00,8,0.07,2170.79,1,0,9,1,8,110.79,0,11,1,1,110.79,0.00,0.00,0.00,0,1.00,3,206.94,0,0,7,java.lang.Object,0.00,0,0,3,0,0,1,1,0,51,1
"org.apache.lucene.analysis.tokenattributes.CharTermAttribute",11,0.00,1.00,12,0.09,485.54,11,0,1,11,254,158.28,48,13,253,3,158.05,0.00,0.67,0.00,0,11.00,1,269.53,0,8,1,,0.00,0,2,11,0,0,3,0,10,92,1
"org.apache.lucene.analysis.tokenattributes.CharTermAttributeImpl",31,0.08,1.84,150,1.87,97207.60,34,3,6,53,8,120.87,30,216,3,2,120.87,0.00,0.50,0.41,5,0.00,12,5612.69,1,4,5,org.apache.lucene.util.AttributeImpl,0.16,22,1,57,0,22,27,4,20,1198,1
"org.apache.lucene.analysis.tokenattributes.Deprecated",8,0.00,1.00,93,1.28,41959.48,8,0,7,57,14,102.86,1,108,0,2,102.86,0.00,0.50,0.00,2,8.00,1,3850.55,0,2,14,org.apache.lucene.util.LuceneTestCase,0.00,49,1,8,0,49,6,0,1,781,1
"org.apache.lucene.analysis.tokenattributes.Deprecated$HashMap<String,Object>",0,0.00,0.00,3,0.05,820.06,0,0,7,1,1,171.00,0,3,0,1,171.00,0.00,0.00,0.00,0,0.00,0,140.18,0,0,1,java.lang.Object,0.00,1,0,0,0,1,0,0,0,33,0
"org.apache.lucene.analysis.tokenattributes.FlagsAttribute",2,0.00,1.00,3,0.02,77.91,2,0,2,2,26,110.37,17,4,24,2,158.47,0.00,0.50,0.00,0,2.00,1,46.77,0,0,2,,0.00,0,1,2,0,0,2,0,3,18,1
"org.apache.lucene.analysis.tokenattributes.FlagsAttributeImpl",6,0.20,1.33,19,0.16,2586.34,7,1,2,7,4,172.28,17,32,2,2,132.39,0.00,0.50,0.83,0,0.00,3,471.26,0,0,2,org.apache.lucene.util.AttributeImpl,0.15,1,1,8,0,1,6,3,3,122,1
"org.apache.lucene.analysis.tokenattributes.KeywordAttribute",2,0.00,1.00,3,0.02,77.91,2,0,2,2,36,110.00,21,4,34,2,158.47,0.00,0.50,0.00,0,2.00,1,46.77,0,0,2,,0.00,0,1,2,0,0,2,0,3,18,1
"org.apache.lucene.analysis.tokenattributes.KeywordAttributeImpl",6,0.00,1.50,18,0.17,3321.15,7,1,2,8,5,152.12,21,32,2,2,131.51,0.00,0.50,1.00,0,0.00,3,509.29,0,0,3,org.apache.lucene.util.AttributeImpl,0.15,2,1,9,0,2,6,1,3,128,2
"org.apache.lucene.analysis.tokenattributes.OffsetAttribute",3,0.00,1.00,4,0.02,114.45,3,0,1,3,117,158.78,14,5,116,2,158.55,0.00,0.50,0.00,0,3.00,1,65.73,0,0,1,,0.00,0,1,3,0,0,3,0,4,25,1
"org.apache.lucene.analysis.tokenattributes.OffsetAttributeImpl",7,0.25,1.29,27,0.22,4799.37,9,2,2,8,4,170.70,14,41,2,2,130.81,0.00,0.50,0.71,0,0.00,3,669.88,0,0,2,org.apache.lucene.util.AttributeImpl,0.14,1,1,9,0,1,7,3,4,169,1
"org.apache.lucene.analysis.tokenattributes.PayloadAttribute",2,0.00,1.00,3,0.02,77.91,2,0,2,2,55,158.71,9,4,53,2,158.47,0.00,0.50,0.00,0,2.00,1,46.77,0,1,2,,0.00,0,1,2,0,0,1,0,3,18,1
"org.apache.lucene.analysis.tokenattributes.PayloadAttributeImpl",9,0.50,1.67,30,0.31,9037.41,10,1,3,13,5,179.45,15,48,2,2,129.45,0.00,0.50,0.56,0,4.00,4,938.15,1,2,3,org.apache.lucene.util.AttributeImpl,0.25,4,1,15,0,4,7,3,5,227,1
"org.apache.lucene.analysis.tokenattributes.PositionIncrementAttribute",2,0.00,1.00,3,0.02,77.91,2,0,1,2,99,158.00,33,4,98,2,158.47,0.00,0.50,0.00,0,2.00,1,46.77,0,0,1,,0.00,0,1,2,0,0,2,0,3,18,1
"org.apache.lucene.analysis.tokenattributes.PositionIncrementAttributeImpl",6,0.40,1.50,20,0.18,3370.73,7,1,3,8,5,113.58,31,35,2,2,131.46,0.00,0.50,0.67,0,0.00,3,547.03,0,0,3,org.apache.lucene.util.AttributeImpl,0.15,2,1,9,0,2,6,3,3,137,1
"org.apache.lucene.analysis.tokenattributes.TestCharTermAttributeImpl",12,0.00,1.92,192,2.62,110007.19,12,0,7,52,3,115.35,42,212,0,2,94.73,0.00,0.50,0.00,0,12.00,5,7874.16,0,0,3,org.apache.lucene.util.LuceneTestCase,0.00,40,1,23,0,40,12,0,6,1514,1
"org.apache.lucene.analysis.tokenattributes.TestCharTermAttributeImpl$CharSequence",4,0.00,1.00,9,0.06,796.64,4,0,7,7,0,141.67,0,6,0,1,141.67,0.00,0.00,0.00,0,4.00,1,188.79,0,2,0,java.lang.Object,0.00,3,0,4,0,3,2,0,0,57,0
"org.apache.lucene.analysis.tokenattributes.TestTermAttributeImpl",7,0.00,1.86,126,1.50,106310.49,7,0,1,27,0,91.11,6,128,0,2,91.11,0.00,0.50,0.00,0,7.00,6,4512.50,0,0,0,org.apache.lucene.util.LuceneTestCase,0.00,20,1,13,0,20,7,0,6,902,1
"org.apache.lucene.analysis.tokenattributes.TypeAttribute",2,1.00,1.00,4,0.03,268.92,3,1,1,2,63,163.62,7,5,62,2,143.01,0.00,0.50,0.00,0,2.00,1,86.77,0,1,1,,0.00,0,1,2,0,0,1,0,4,27,1
"org.apache.lucene.analysis.tokenattributes.TypeAttributeImpl",8,0.57,1.50,24,0.23,6383.77,9,1,2,10,6,130.26,6,39,4,2,130.26,0.00,0.50,0.50,1,10.00,4,686.40,0,1,2,org.apache.lucene.util.AttributeImpl,0.13,2,1,12,0,2,7,3,3,172,1
"org.apache.solr.handler.dataimport.AbstractDataImportHandlerTestCase",11,0.00,1.73,70,1.10,37244.46,11,0,21,42,51,153.94,28,105,33,3,114.05,16.50,0.06,0.00,1,32.00,3,3295.61,2,4,18,org.apache.solr.SolrTestCaseJ4,0.09,31,2,19,33,31,7,0,6,665,2
"org.apache.solr.handler.dataimport.AbstractDataImportHandlerTestCase$TestContext",22,0.01,1.23,51,0.60,12208.41,28,6,21,40,5,138.11,0,98,0,2,138.11,0.00,0.50,0.17,0,0.00,2,1806.07,0,17,5,org.apache.solr.handler.dataimport.Context,0.56,18,1,27,0,18,5,0,0,462,1
"org.apache.solr.handler.dataimport.AbstractDataImportHandlerTestCase$TestUpdateRequestProcessor",8,0.10,1.00,35,0.30,4999.28,14,6,21,8,6,126.53,0,50,0,2,126.53,0.00,0.50,0.25,1,26.00,1,907.08,6,0,6,org.apache.solr.update.processor.UpdateRequestProcessor,0.13,0,1,8,0,0,8,0,0,227,2
"org.apache.solr.handler.dataimport.AbstractDataImportHandlerTestCase$TestUpdateRequestProcessorFactory",1,0.00,1.00,3,0.03,422.46,1,0,21,2,4,132.52,0,7,0,2,132.52,0.00,0.50,0.00,0,1.00,1,99.65,0,1,4,org.apache.solr.update.processor.UpdateRequestProcessorFactory,0.00,1,1,1,0,1,0,0,0,27,2
"org.apache.solr.handler.dataimport.BinContentStreamDataSource",3,0.33,2.67,18,0.21,5406.64,6,3,5,8,5,136.72,11,31,0,2,116.11,0.00,0.50,0.56,0,1.00,4,632.91,0,1,5,org.apache.solr.handler.dataimport.DataSource,0.33,5,1,8,0,5,2,0,2,140,1
"org.apache.solr.handler.dataimport.BinFileDataSource",3,0.50,1.33,11,0.13,2414.69,4,1,7,8,3,112.38,16,20,0,2,130.25,0.00,0.50,0.67,0,1.00,2,396.63,0,1,3,org.apache.solr.handler.dataimport.DataSource,0.33,5,1,4,0,5,2,0,1,91,1
"org.apache.solr.handler.dataimport.BinURLDataSource",5,0.21,2.40,40,0.51,15326.28,11,6,8,21,2,149.54,11,57,0,2,109.66,0.00,0.50,0.33,1,10.00,5,1543.48,0,2,2,org.apache.solr.handler.dataimport.DataSource,0.25,16,1,12,0,16,3,0,2,304,1
"org.apache.solr.handler.dataimport.CachedSqlEntityProcessor",3,0.50,3.00,27,0.32,12165.02,4,1,3,6,3,88.87,15,41,1,4,106.74,0.00,0.75,0.67,0,0.00,4,964.88,6,2,2,org.apache.solr.handler.dataimport.SqlEntityProcessor,0.38,3,3,9,0,3,1,0,1,199,1
"org.apache.solr.handler.dataimport.ClobTransformer",2,1.00,5.50,34,0.49,29727.00,3,1,7,13,7,73.98,11,45,1,2,91.86,0.00,0.50,0.50,1,2.00,8,1482.75,0,2,6,org.apache.solr.handler.dataimport.Transformer,0.00,11,1,11,0,11,0,0,1,272,1
"org.apache.solr.handler.dataimport.ContentStreamDataSource",3,0.33,2.67,18,0.21,5406.64,6,3,5,8,5,136.72,11,31,0,2,116.11,0.00,0.50,0.56,0,1.00,4,632.91,0,1,5,org.apache.solr.handler.dataimport.DataSource,0.33,5,1,8,0,5,2,0,1,140,1
"org.apache.solr.handler.dataimport.Context",21,8.00,1.00,28,0.28,4127.21,29,8,3,22,85,120.72,145,29,83,1,152.94,0.00,0.00,0.00,0,21.00,1,839.10,0,14,4,java.lang.Object,0.00,1,0,21,3,1,7,0,26,237,2
"org.apache.solr.handler.dataimport.ContextImpl",26,0.03,2.46,112,1.52,50320.75,37,11,5,46,16,122.45,10,184,9,2,122.45,1.00,0.33,0.12,3,334.00,10,4572.51,0,15,8,org.apache.solr.handler.dataimport.Context,0.51,20,1,64,1,20,11,0,2,988,1
"org.apache.solr.handler.dataimport.DataConfig",0,0.00,0.00,12,0.19,5738.62,7,7,9,3,8,171.00,16,12,7,1,171.00,0.00,0.00,0.00,0,0.00,0,573.86,0,0,1,java.lang.Object,0.00,3,0,0,0,3,0,0,1,111,1
"org.apache.solr.handler.dataimport.DataConfig$Document",2,4.00,1.50,13,0.15,3688.69,6,4,9,4,0,116.16,1,15,0,1,116.16,0.00,0.00,0.00,0,2.00,2,446.85,0,0,0,java.lang.Object,0.00,2,0,3,0,2,2,0,1,97,2
"org.apache.solr.handler.dataimport.DataConfig$Entity",5,0.18,4.20,65,0.92,44252.67,20,15,9,24,4,98.04,1,80,0,1,98.04,0.00,0.00,0.21,0,1.00,11,2747.14,0,2,4,java.lang.Object,0.00,19,0,21,0,19,3,0,1,488,2
"org.apache.solr.handler.dataimport.DataConfig$Field",9,0.01,3.22,111,1.55,67016.37,26,17,9,43,3,99.98,4,134,0,1,99.98,0.00,0.00,0.05,4,26.00,11,4645.67,0,5,3,java.lang.Object,0.00,34,0,29,0,34,4,0,2,868,2
"org.apache.solr.handler.dataimport.DataConfig$Field$HashMap<String,String>",1,0.00,2.00,4,0.05,1308.22,1,0,9,1,0,123.84,0,7,0,1,123.84,0.00,0.00,0.00,0,1.00,2,158.46,3,1,0,java.lang.Object,0.00,0,0,2,0,0,0,0,0,42,0
"org.apache.solr.handler.dataimport.DataConfig$Script",2,2.00,1.50,9,0.09,1512.39,4,2,9,5,0,125.78,0,13,0,1,125.78,0.00,0.00,0.00,0,2.00,2,264.52,0,0,0,java.lang.Object,0.00,3,0,3,0,3,2,0,0,64,2
"org.apache.solr.handler.dataimport.DataImportHandler",11,0.05,4.27,167,3.06,208459.91,19,8,29,75,26,133.00,28,229,0,2,93.11,0.00,0.50,0.17,4,27.00,19,9167.89,2,7,26,org.apache.solr.handler.RequestHandlerBase,0.43,64,1,47,0,64,4,1,10,1474,1
"org.apache.solr.handler.dataimport.DataImportHandler$SolrWriter",1,0.00,4.00,9,0.12,3848.47,1,0,29,2,1,106.85,0,15,0,1,106.85,0.00,0.00,0.00,0,0.00,4,347.12,1,0,1,java.lang.Object,0.00,1,0,4,0,1,1,0,0,72,0
"org.apache.solr.handler.dataimport.DataImportHandlerException",7,0.00,1.57,29,0.30,5876.11,14,7,0,9,41,175.41,9,39,41,2,125.41,0.00,0.50,0.14,0,0.00,2,913.54,0,0,1,java.lang.RuntimeException,0.00,2,1,11,0,2,7,0,1,214,1
"org.apache.solr.handler.dataimport.DataImporter",25,0.03,3.04,250,4.00,188294.51,51,26,26,128,37,152.91,25,339,23,1,102.91,0.00,0.00,0.07,9,324.00,13,12001.72,0,9,16,java.lang.Object,0.00,103,0,76,0,103,16,0,14,2089,1
"org.apache.solr.handler.dataimport.DataImporter$MSG",0,0.00,0.00,15,0.23,3423.57,14,14,26,0,0,171.00,0,16,0,1,171.00,0.00,0.00,0.00,0,0.00,0,682.44,0,0,0,java.lang.Object,0.00,0,0,0,0,0,0,0,0,131,2
"org.apache.solr.handler.dataimport.DataImporter$RequestParams",2,0.69,7.00,43,0.81,51348.06,15,13,26,10,2,136.51,2,57,0,1,86.51,0.00,0.00,0.42,0,2.00,13,2425.05,0,0,2,java.lang.Object,0.00,8,0,14,0,8,2,0,2,419,2
"org.apache.solr.handler.dataimport.DataImporter$Status",0,0.00,0.00,2,0.01,36.00,0,0,26,0,0,171.00,0,3,0,1,171.00,0.00,0.00,0.00,0,0.00,0,24.00,0,0,0,java.lang.Object,0.00,0,0,0,0,0,0,0,0,8,1
"org.apache.solr.handler.dataimport.DataImporter$Thread",1,0.00,1.00,3,0.02,143.17,1,0,26,2,0,136.23,0,5,0,1,136.23,0.00,0.00,0.00,0,1.00,1,52.97,0,0,0,java.lang.Object,0.00,1,0,1,0,1,1,0,0,17,0
"org.apache.solr.handler.dataimport.DataImporter$ThreadLocal<AtomicLong>",1,0.00,1.00,3,0.02,301.04,1,0,26,2,0,133.68,0,5,0,1,133.68,0.00,0.00,0.00,0,1.00,1,62.84,0,1,0,java.lang.Object,0.00,1,0,1,0,1,0,0,0,20,0
"org.apache.solr.handler.dataimport.DataImporter$ThreadLocal<SimpleDateFormat>",1,0.00,1.00,3,0.02,303.40,1,0,26,2,0,133.66,0,5,0,1,133.66,0.00,0.00,0.00,0,1.00,1,68.08,0,1,0,java.lang.Object,0.00,1,0,1,0,1,0,0,0,21,0
"org.apache.solr.handler.dataimport.DataSource",3,0.00,1.00,4,0.03,217.46,3,0,1,3,28,136.21,43,5,28,1,156.35,0.00,0.00,0.00,0,3.00,1,96.73,0,0,1,java.lang.Object,0.00,0,0,3,14,0,3,0,4,32,2
"org.apache.solr.handler.dataimport.DateFormatTransformer",2,0.33,6.50,39,0.62,36914.40,5,3,5,17,5,41.17,16,54,1,2,89.27,0.00,0.50,0.50,1,2.00,9,1854.80,0,2,4,org.apache.solr.handler.dataimport.Transformer,0.00,15,1,13,0,15,0,0,1,333,1
"org.apache.solr.handler.dataimport.DebugLogger",9,0.00,4.33,101,1.53,123913.14,15,6,8,33,9,149.22,16,132,3,1,99.22,0.00,0.00,0.17,2,13.00,20,4595.28,0,4,7,java.lang.Object,0.00,24,0,39,0,24,5,0,1,852,0
"org.apache.solr.handler.dataimport.DebugLogger$DataSource",3,0.00,1.67,17,0.23,7851.14,3,0,8,9,4,117.89,0,31,0,1,117.89,0.00,0.00,0.00,0,4.00,3,696.78,0,1,4,java.lang.Object,0.00,6,0,5,0,6,2,0,0,143,0
"org.apache.solr.handler.dataimport.DebugLogger$DebugInfo",1,5.00,5.00,20,0.22,9405.57,7,6,8,4,2,90.81,0,25,0,1,90.81,0.00,0.00,0.17,0,0.00,5,670.19,0,0,2,java.lang.Object,0.00,3,0,5,0,3,1,0,0,138,2
"org.apache.solr.handler.dataimport.DebugLogger$Stack<DebugInfo>",1,0.00,2.00,4,0.05,968.26,1,0,8,3,1,124.87,0,8,0,1,124.87,0.00,0.00,0.00,0,1.00,2,144.99,1,0,1,java.lang.Object,0.00,2,0,2,0,2,1,0,0,36,0
"org.apache.solr.handler.dataimport.DebugLogger$Transformer",1,0.00,3.00,16,0.22,11196.19,1,0,8,4,3,93.95,0,21,0,1,93.95,0.00,0.00,0.00,0,0.00,3,661.62,0,1,3,java.lang.Object,0.00,3,0,3,0,3,0,0,0,126,0
"org.apache.solr.handler.dataimport.Deprecated",0,0.00,0.00,1,0.01,90.00,0,0,0,0,1,171.00,18,2,0,3,171.00,0.00,0.67,0.00,0,0.00,0,27.00,0,0,1,org.apache.solr.handler.dataimport.URLDataSource,0.00,0,2,0,0,0,0,0,1,9,1
"org.apache.solr.handler.dataimport.DocBuilder",24,0.10,6.75,455,8.06,660955.05,43,19,12,164,25,128.66,56,655,12,1,88.77,0.00,0.00,0.15,18,84.00,35,24177.85,0,4,17,java.lang.Object,0.00,140,0,162,0,140,20,0,36,3997,1
"org.apache.solr.handler.dataimport.DocBuilder$DocWrapper",2,0.00,2.00,7,0.09,1906.78,3,1,12,5,1,129.58,1,10,0,2,129.58,0.00,0.50,1.00,0,0.00,2,271.67,0,1,1,org.apache.solr.common.SolrInputDocument,0.00,3,1,4,0,3,1,0,1,66,1
"org.apache.solr.handler.dataimport.DocBuilder$EntityRow",1,3.00,1.00,8,0.07,1347.83,4,3,12,1,0,112.67,0,10,0,1,112.67,0.00,0.00,0.00,0,1.00,1,208.68,0,0,0,java.lang.Object,0.00,0,0,1,0,0,1,0,0,54,1
"org.apache.solr.handler.dataimport.DocBuilder$EntityRunner",4,0.36,7.50,122,1.66,120758.24,15,11,12,47,8,130.16,5,152,0,1,80.16,0.00,0.00,0.36,2,0.00,17,4978.06,0,0,8,java.lang.Object,0.00,43,0,30,0,43,4,0,5,812,0
"org.apache.solr.handler.dataimport.DocBuilder$EntityRunner$Runnable",1,0.00,2.00,7,0.06,775.35,1,0,12,3,0,116.56,0,11,0,1,116.56,0.00,0.00,0.00,0,0.00,2,166.32,0,0,0,java.lang.Object,0.00,2,0,2,0,2,1,0,0,39,0
"org.apache.solr.handler.dataimport.DocBuilder$Object",1,0.00,1.00,3,0.02,253.76,1,0,12,3,0,134.27,0,5,0,1,134.27,0.00,0.00,0.00,0,1.00,1,67.21,0,1,0,java.lang.Object,0.00,2,0,1,0,2,0,0,0,20,0
"org.apache.solr.handler.dataimport.DocBuilder$Statistics",2,0.33,1.00,21,0.28,8383.92,8,6,12,7,0,105.17,0,24,0,1,105.17,0.00,0.00,0.33,0,2.00,1,850.13,0,2,0,java.lang.Object,0.00,5,0,2,0,5,0,0,0,198,2
"org.apache.solr.handler.dataimport.EntityProcessor",8,0.00,1.00,9,0.08,613.42,8,0,1,8,11,106.16,77,12,11,1,156.16,0.00,0.00,0.00,0,8.00,1,233.66,0,4,1,java.lang.Object,0.00,0,0,8,11,0,4,0,10,75,2
"org.apache.solr.handler.dataimport.EntityProcessorBase",13,0.05,2.69,125,1.91,117416.25,35,22,5,37,13,104.26,55,175,8,2,104.03,8.00,0.10,0.09,2,58.00,11,5722.21,0,9,5,org.apache.solr.handler.dataimport.EntityProcessor,0.57,24,1,35,8,24,4,0,13,1064,1
"org.apache.solr.handler.dataimport.EntityProcessorWrapper",14,0.13,3.29,146,1.89,117400.95,23,9,11,57,18,102.53,9,200,10,2,102.53,1.00,0.33,0.23,3,10.00,18,5666.74,0,7,9,org.apache.solr.handler.dataimport.EntityProcessor,0.55,43,1,46,1,43,7,0,4,1037,1
"org.apache.solr.handler.dataimport.EntityProcessorWrapper$ArrayList<Transformer>",1,0.00,2.00,5,0.07,1624.84,1,0,11,3,1,119.48,0,8,0,1,119.48,0.00,0.00,0.00,0,0.00,2,200.59,1,0,1,java.lang.Object,0.00,2,0,2,0,2,1,0,0,47,0
"org.apache.solr.handler.dataimport.EntityProcessorWrapper$SuppressWarnings",2,0.50,1.50,15,0.17,3596.80,6,4,11,5,3,113.75,0,23,0,2,113.75,0.00,0.50,0.50,0,0.00,2,521.03,0,1,3,org.apache.solr.handler.dataimport.Transformer,0.00,3,1,3,0,3,1,0,0,114,1
"org.apache.solr.handler.dataimport.Evaluator",1,0.00,1.00,2,0.01,99.30,1,0,0,1,6,194.04,25,3,5,1,144.05,0.00,0.00,0.00,0,1.00,1,43.31,0,1,1,java.lang.Object,0.00,0,0,1,2,0,0,0,2,15,2
"org.apache.solr.handler.dataimport.EvaluatorBag",6,0.06,2.83,62,0.98,61815.91,13,7,16,35,11,51.86,56,81,5,1,101.86,0.00,0.00,0.10,0,10.00,9,2946.83,0,5,7,java.lang.Object,0.00,29,0,17,0,29,1,0,7,520,1
"org.apache.solr.handler.dataimport.EvaluatorBag$DateMathParser",1,0.00,1.00,3,0.03,341.91,1,0,16,2,0,133.25,0,6,0,1,133.25,0.00,0.00,0.00,0,1.00,1,79.19,0,1,0,java.lang.Object,0.00,1,0,1,0,1,0,0,0,25,0
"org.apache.solr.handler.dataimport.EvaluatorBag$Evaluator",1,0.00,2.00,7,0.12,3020.27,1,0,16,9,2,132.53,3,10,0,1,111.91,0.00,0.00,0.00,0,1.00,2,370.11,0,1,2,java.lang.Object,0.00,8,0,2,0,8,0,0,3,73,0
"org.apache.solr.handler.dataimport.EvaluatorBag$Evaluator_0",1,0.00,2.00,7,0.10,2436.19,1,0,16,8,3,112.65,0,10,0,1,112.65,0.00,0.00,0.00,0,1.00,2,300.57,0,1,3,java.lang.Object,0.00,7,0,2,0,7,0,0,0,62,0
"org.apache.solr.handler.dataimport.EvaluatorBag$Evaluator_1",1,0.00,3.00,10,0.15,5017.73,1,0,16,10,2,104.30,0,15,0,1,104.30,0.00,0.00,0.00,0,1.00,3,463.81,0,1,2,java.lang.Object,0.00,9,0,3,0,9,0,0,0,88,0
"org.apache.solr.handler.dataimport.EvaluatorBag$Evaluator_2",1,0.00,8.00,35,0.50,29194.87,1,0,16,15,2,77.76,0,47,0,1,77.76,0.00,0.00,0.00,0,0.00,8,1502.39,0,1,2,java.lang.Object,0.00,14,0,8,0,14,0,0,0,247,0
"org.apache.solr.handler.dataimport.EvaluatorBag$HashMap<String,Object>",1,0.00,4.00,10,0.17,4818.26,1,0,16,7,2,104.38,0,15,0,1,104.38,0.00,0.00,0.00,0,0.00,4,495.89,0,1,2,java.lang.Object,0.00,6,0,4,0,6,0,0,0,100,0
"org.apache.solr.handler.dataimport.EvaluatorBag$VariableWrapper",3,0.25,1.33,11,0.10,1686.97,5,2,16,5,1,131.48,0,16,0,1,131.48,0.00,0.00,0.67,0,1.00,2,285.71,0,2,1,java.lang.Object,0.00,2,0,4,0,2,1,0,0,75,2
"org.apache.solr.handler.dataimport.EventListener",1,0.00,1.00,2,0.01,41.48,1,0,0,1,4,117.65,13,3,3,1,147.03,0.00,0.00,0.00,0,1.00,1,27.65,0,0,1,,0.00,0,0,1,0,0,1,0,2,11,1
"org.apache.solr.handler.dataimport.FieldReaderDataSource",5,0.10,2.60,41,0.47,16057.71,10,5,9,18,7,109.71,22,60,2,2,109.48,0.00,0.50,0.28,2,6.00,7,1422.58,0,3,5,org.apache.solr.handler.dataimport.DataSource,0.25,13,1,13,0,13,2,0,5,289,1
"org.apache.solr.handler.dataimport.FieldStreamDataSource",3,0.25,2.67,29,0.40,14996.64,7,4,9,19,6,63.76,21,41,0,2,106.05,0.00,0.50,0.42,0,1.00,6,1212.19,0,1,6,org.apache.solr.handler.dataimport.DataSource,0.33,16,1,8,0,16,2,0,5,227,1
"org.apache.solr.handler.dataimport.FileDataSource",5,0.06,2.60,33,0.47,18837.93,9,4,6,20,4,63.59,49,52,1,2,113.59,0.00,0.50,0.30,2,9.00,6,1400.73,0,3,3,org.apache.solr.handler.dataimport.DataSource,0.25,15,1,13,0,15,2,0,5,292,1
"org.apache.solr.handler.dataimport.FileListEntityProcessor",6,0.20,4.67,105,1.70,69504.69,30,24,6,37,5,63.36,80,141,1,3,92.75,0.00,0.67,0.21,1,6.00,7,5092.09,2,3,4,org.apache.solr.handler.dataimport.EntityProcessorBase,0.11,31,2,28,0,31,3,0,15,915,1
"org.apache.solr.handler.dataimport.FileListEntityProcessor$FilenameFilter",1,0.00,6.00,11,0.14,5872.81,1,0,6,6,0,102.06,0,14,0,1,102.06,0.00,0.00,0.00,0,0.00,6,424.15,0,0,0,java.lang.Object,0.00,5,0,6,0,5,1,0,0,88,0
"org.apache.solr.handler.dataimport.HTMLStripTransformer",2,0.00,7.50,39,0.64,43209.33,4,2,8,22,6,88.94,9,56,0,2,88.70,0.00,0.50,0.50,1,2.00,9,1920.68,0,2,6,org.apache.solr.handler.dataimport.Transformer,0.00,20,1,15,0,20,0,0,2,340,1
"org.apache.solr.handler.dataimport.JdbcDataSource",10,0.08,3.40,95,1.64,77663.66,25,15,8,40,6,154.49,12,149,2,2,104.49,0.00,0.50,0.14,3,22.00,13,4918.82,1,4,5,org.apache.solr.handler.dataimport.DataSource,0.15,30,1,34,0,30,6,0,3,883,1
"org.apache.solr.handler.dataimport.JdbcDataSource$Callable<Connection>",1,0.00,16.00,49,0.95,66370.59,1,0,8,21,3,51.47,5,64,0,1,69.34,0.00,0.00,0.00,0,0.00,16,2845.38,0,1,3,java.lang.Object,0.00,20,0,16,0,20,0,0,5,427,0
"org.apache.solr.handler.dataimport.JdbcDataSource$ResultSetIterator",5,0.25,5.40,73,0.95,53232.95,9,4,8,32,0,96.15,1,107,0,1,96.15,0.00,0.00,0.45,1,0.00,14,2839.61,0,2,0,java.lang.Object,0.00,27,0,27,0,27,3,0,1,519,1
"org.apache.solr.handler.dataimport.JdbcDataSource$ResultSetIterator$Iterator<Map<String,Object>>",3,0.00,1.00,6,0.04,335.20,3,0,8,5,0,143.64,1,9,0,1,143.64,0.00,0.00,0.00,0,3.00,1,120.08,0,1,0,java.lang.Object,0.00,2,0,3,0,2,2,0,1,38,0
"org.apache.solr.handler.dataimport.LineEntityProcessor",3,0.57,4.33,37,0.51,22602.85,10,7,4,15,4,143.82,66,55,1,3,99.88,0.00,0.67,0.52,0,0.00,7,1539.05,2,1,3,org.apache.solr.handler.dataimport.EntityProcessorBase,0.38,12,2,13,0,12,2,0,13,298,1
"org.apache.solr.handler.dataimport.LogTransformer",1,0.00,12.00,19,0.38,17641.82,4,3,3,15,2,45.16,11,28,0,2,89.29,0.00,0.50,1.00,0,0.00,12,1140.19,0,1,2,org.apache.solr.handler.dataimport.Transformer,0.00,14,1,12,0,14,0,0,1,214,1
"org.apache.solr.handler.dataimport.MailEntityProcessor",13,0.11,4.85,232,4.36,237081.45,52,39,18,80,5,131.07,26,300,0,3,91.18,0.00,0.67,0.13,6,75.00,15,13065.72,1,3,5,org.apache.solr.handler.dataimport.EntityProcessorBase,0.09,67,2,63,0,67,10,0,19,2214,1
"org.apache.solr.handler.dataimport.MailEntityProcessor$CustomFilter",1,0.00,1.00,2,0.01,52.70,1,0,18,1,0,146.21,0,4,0,1,146.21,0.00,0.00,0.00,0,1.00,1,31.26,0,1,0,,0.00,0,0,1,0,0,0,0,0,12,2
"org.apache.solr.handler.dataimport.MailEntityProcessor$FolderIterator",6,0.10,4.00,66,0.85,52014.57,10,4,18,24,1,100.82,3,89,0,1,100.82,0.00,0.00,0.33,1,2.00,9,2537.62,0,0,1,java.lang.Object,0.00,18,0,24,0,18,6,1,3,477,0
"org.apache.solr.handler.dataimport.MailEntityProcessor$MailsSinceLastCheckFilter",2,0.00,1.00,6,0.04,397.09,3,1,18,3,0,135.11,0,9,0,1,135.11,0.00,0.00,1.00,0,0.00,1,125.91,0,1,0,java.lang.Object,0.00,1,0,2,0,1,1,1,0,36,0
"org.apache.solr.handler.dataimport.MailEntityProcessor$MessageIterator",6,0.34,3.17,64,0.78,31591.27,13,7,18,16,2,104.13,2,83,0,1,104.13,0.00,0.00,0.43,3,0.00,5,2327.66,0,1,2,java.lang.Object,0.00,10,0,19,0,10,5,1,2,457,0
"org.apache.solr.handler.dataimport.MockDataSource",5,0.25,1.00,11,0.18,4443.49,6,1,4,9,16,176.44,10,22,14,2,136.55,1.00,0.33,0.80,0,0.00,1,530.64,0,1,2,org.apache.solr.handler.dataimport.DataSource,0.25,4,1,5,1,4,4,0,1,132,1
"org.apache.solr.handler.dataimport.MockInitialContextFactory",3,0.17,1.33,16,0.22,4341.98,6,3,8,15,1,119.97,0,23,1,1,119.97,0.00,0.00,0.44,0,2.00,2,645.72,0,1,0,java.lang.Object,0.00,12,0,4,0,12,2,1,0,140,1
"org.apache.solr.handler.dataimport.MockInitialContextFactory$IAnswer<Object>",1,0.00,1.00,3,0.03,353.13,1,0,8,2,0,133.14,0,4,0,1,133.14,0.00,0.00,0.00,0,0.00,1,95.65,0,1,0,java.lang.Object,0.00,1,0,1,0,1,0,0,0,26,0
"org.apache.solr.handler.dataimport.NumberFormatTransformer",3,0.29,6.00,59,1.02,72454.19,10,7,9,31,6,56.15,19,81,1,2,88.37,0.00,0.50,0.33,2,5.00,11,3046.06,0,3,5,org.apache.solr.handler.dataimport.Transformer,0.00,28,1,18,0,28,0,0,1,530,1
"org.apache.solr.handler.dataimport.PlainTextEntityProcessor",2,0.33,3.50,30,0.44,21897.88,5,3,11,16,3,115.65,7,40,0,3,95.03,0.00,0.67,0.50,0,0.00,6,1313.04,1,1,3,org.apache.solr.handler.dataimport.EntityProcessorBase,0.26,14,2,7,0,14,1,0,1,237,1
"org.apache.solr.handler.dataimport.RegexTransformer",5,0.07,7.40,113,1.84,178113.53,12,7,5,37,9,105.24,18,146,6,2,84.62,0.00,0.50,0.20,4,14.00,18,5523.60,0,5,3,org.apache.solr.handler.dataimport.Transformer,0.00,32,1,37,0,32,0,0,1,946,1
"org.apache.solr.handler.dataimport.ScriptTransformer",4,0.22,2.75,30,0.46,17110.40,7,3,5,14,5,110.88,19,55,2,2,110.65,0.00,0.50,0.50,1,2.00,6,1389.16,0,2,3,org.apache.solr.handler.dataimport.Transformer,0.00,10,1,11,0,10,2,0,3,266,1
"org.apache.solr.handler.dataimport.SolrWriter",15,0.02,2.33,117,1.41,40671.83,35,20,10,47,17,162.25,15,179,11,1,112.25,0.00,0.00,0.07,2,23.00,6,4228.65,0,3,8,java.lang.Object,0.00,32,0,35,2,32,12,0,2,862,1
"org.apache.solr.handler.dataimport.SqlEntityProcessor",8,0.06,3.25,78,1.10,39150.25,17,9,6,34,10,145.96,18,112,6,3,106.08,0.50,0.50,0.17,3,0.00,7,3307.34,2,6,4,org.apache.solr.handler.dataimport.EntityProcessorBase,0.52,26,2,26,1,26,2,0,1,642,1
"org.apache.solr.handler.dataimport.TemplateString",6,0.10,2.33,47,0.61,22805.22,10,4,4,27,6,111.33,26,55,5,1,111.09,0.00,0.00,0.33,0,10.00,5,1819.22,0,4,1,java.lang.Object,0.00,21,0,14,0,21,2,0,3,382,1
"org.apache.solr.handler.dataimport.TemplateTransformer",2,0.00,4.50,30,0.51,24254.09,5,3,5,14,6,65.24,27,42,1,2,94.62,0.00,0.50,0.33,1,2.00,7,1536.17,0,2,5,org.apache.solr.handler.dataimport.Transformer,0.00,12,1,9,0,12,0,0,4,280,1
"org.apache.solr.handler.dataimport.TestCachedSqlEntityProcessor",6,0.00,4.00,158,2.88,169051.90,6,0,5,30,8,132.86,8,192,0,4,82.86,0.00,0.75,0.00,1,6.00,7,8652.09,2,0,8,org.apache.solr.handler.dataimport.AbstractDataImportHandlerTestCase,0.00,24,3,24,0,24,6,0,1,1465,1
"org.apache.solr.handler.dataimport.TestCachedSqlEntityProcessor$DoubleTransformer",1,0.00,1.00,6,0.08,2852.23,1,0,5,3,2,114.76,0,9,0,2,114.76,0.00,0.50,0.00,0,1.00,1,254.88,0,1,2,org.apache.solr.handler.dataimport.Transformer,0.00,2,1,1,0,2,0,0,0,59,2
"org.apache.solr.handler.dataimport.TestCachedSqlEntityProcessor$UppercaseTransformer",1,0.00,3.00,9,0.12,4544.68,1,0,5,4,2,106.35,0,14,0,2,106.35,0.00,0.50,0.00,0,1.00,3,359.65,0,1,2,org.apache.solr.handler.dataimport.Transformer,0.00,3,1,3,0,3,0,0,0,75,2
"org.apache.solr.handler.dataimport.TestClobTransformer",1,0.00,1.00,16,0.33,11689.31,1,0,7,15,6,45.95,8,18,0,4,94.05,0.00,0.75,0.00,0,1.00,1,987.93,1,0,6,org.apache.solr.handler.dataimport.AbstractDataImportHandlerTestCase,0.00,14,3,1,0,14,1,0,2,172,1
"org.apache.solr.handler.dataimport.TestClobTransformer$InvocationHandler",1,0.00,2.00,5,0.05,958.47,1,0,7,4,0,121.29,0,7,0,1,121.29,0.00,0.00,0.00,0,1.00,2,161.80,0,1,0,java.lang.Object,0.00,3,0,2,0,3,0,0,0,38,0
"org.apache.solr.handler.dataimport.TestContentStreamDataSource",4,0.17,1.00,38,0.56,12394.42,8,4,13,28,7,157.91,6,56,0,4,107.91,0.00,0.75,0.38,0,0.00,1,1690.95,2,1,7,org.apache.solr.handler.dataimport.AbstractDataImportHandlerTestCase,0.11,24,3,4,0,24,3,0,1,326,1
"org.apache.solr.handler.dataimport.TestContentStreamDataSource$SolrInstance",8,0.03,1.00,35,0.34,7101.60,13,5,13,16,0,125.32,4,45,0,1,125.32,0.00,0.00,0.18,2,18.00,1,1017.06,0,5,0,java.lang.Object,0.00,8,0,8,0,8,3,0,1,231,1
"org.apache.solr.handler.dataimport.TestDataConfig",3,1.00,1.00,16,0.28,4445.40,4,1,8,17,3,159.84,8,32,0,4,119.96,0.00,0.75,0.33,0,4.00,1,852.64,6,0,3,org.apache.solr.handler.dataimport.AbstractDataImportHandlerTestCase,0.00,14,3,3,0,14,3,0,1,173,1
"org.apache.solr.handler.dataimport.TestDateFormatTransformer",2,0.00,1.00,33,0.62,17693.10,2,0,3,16,6,95.24,8,46,0,4,95.00,0.00,0.75,0.00,0,2.00,1,1869.67,2,0,6,org.apache.solr.handler.dataimport.AbstractDataImportHandlerTestCase,0.00,14,3,2,0,14,2,0,1,333,1
"org.apache.solr.handler.dataimport.TestDocBuilder",7,0.17,1.86,140,2.72,95213.91,9,2,4,35,6,139.78,8,164,0,4,89.78,0.00,0.75,0.36,0,8.00,3,8151.87,2,0,6,org.apache.solr.handler.dataimport.AbstractDataImportHandlerTestCase,0.05,28,3,13,0,28,7,0,1,1353,1
"org.apache.solr.handler.dataimport.TestDocBuilder$SolrWriterImpl",6,0.10,1.00,16,0.17,3036.01,10,4,4,8,2,138.48,1,28,0,2,138.48,0.00,0.50,0.17,0,22.00,1,510.33,0,0,2,org.apache.solr.handler.dataimport.SolrWriter,0.29,2,1,6,0,2,6,0,1,129,1
"org.apache.solr.handler.dataimport.TestDocBuilder2",12,0.03,1.00,139,2.44,62708.84,19,7,8,26,3,102.87,11,240,0,4,102.87,0.00,0.75,0.12,0,82.00,1,7328.89,7,0,3,org.apache.solr.handler.dataimport.AbstractDataImportHandlerTestCase,0.00,14,3,12,0,14,12,0,4,1318,1
"org.apache.solr.handler.dataimport.TestDocBuilder2$AddDynamicFieldTransformer",1,0.00,1.00,4,0.04,738.67,1,0,8,2,2,175.95,1,7,0,2,125.95,0.00,0.50,0.00,0,1.00,1,132.02,0,1,2,org.apache.solr.handler.dataimport.Transformer,0.00,1,1,1,0,1,0,0,1,33,2
"org.apache.solr.handler.dataimport.TestDocBuilder2$EndEventListener",1,0.00,1.00,4,0.03,283.34,2,1,8,1,2,129.23,0,6,0,1,129.23,0.00,0.00,1.00,0,0.00,1,91.83,0,0,2,java.lang.Object,0.00,0,0,1,0,0,1,1,0,26,2
"org.apache.solr.handler.dataimport.TestDocBuilder2$MockDataSource2",0,0.00,0.00,1,0.01,49.13,0,0,8,0,1,171.00,0,2,0,3,171.00,0.00,0.67,0.00,0,0.00,0,19.65,0,0,1,org.apache.solr.handler.dataimport.MockDataSource,0.00,0,2,0,0,0,0,0,0,7,2
"org.apache.solr.handler.dataimport.TestDocBuilder2$MockTransformer",1,0.00,1.00,4,0.05,936.44,1,0,8,3,2,125.14,0,7,0,2,125.14,0.00,0.50,0.00,0,1.00,1,155.36,0,1,2,org.apache.solr.handler.dataimport.Transformer,0.00,2,1,1,0,2,0,0,0,37,2
"org.apache.solr.handler.dataimport.TestDocBuilder2$StartEventListener",1,0.00,1.00,4,0.03,283.34,2,1,8,1,2,129.23,0,6,0,1,129.23,0.00,0.00,1.00,0,0.00,1,91.83,0,0,2,java.lang.Object,0.00,0,0,1,0,0,1,1,0,26,2
"org.apache.solr.handler.dataimport.TestEntityProcessorBase",1,0.00,1.00,20,0.40,16570.02,1,0,5,14,5,41.14,8,27,0,4,89.24,0.00,0.75,0.00,0,1.00,1,1204.51,2,0,5,org.apache.solr.handler.dataimport.AbstractDataImportHandlerTestCase,0.00,13,3,1,0,13,1,0,1,219,1
"org.apache.solr.handler.dataimport.TestEntityProcessorBase$T1",1,0.00,1.00,4,0.04,720.56,1,0,5,2,2,126.04,0,7,0,2,126.04,0.00,0.50,0.00,0,1.00,1,127.88,0,1,2,org.apache.solr.handler.dataimport.Transformer,0.00,1,1,1,0,1,0,0,0,32,1
"org.apache.solr.handler.dataimport.TestEntityProcessorBase$T2",1,0.00,1.00,4,0.04,720.56,1,0,5,2,2,126.04,0,7,0,2,126.04,0.00,0.50,0.00,0,1.00,1,127.88,0,1,2,org.apache.solr.handler.dataimport.Transformer,0.00,1,1,1,0,1,0,0,0,32,1
"org.apache.solr.handler.dataimport.TestEntityProcessorBase$T3",1,0.00,1.00,4,0.03,474.00,1,0,5,2,0,127.47,0,6,0,1,127.47,0.00,0.00,0.00,0,1.00,1,92.00,0,1,0,java.lang.Object,0.00,1,0,1,0,1,0,0,0,25,1
"org.apache.solr.handler.dataimport.TestErrorHandling",6,0.07,1.00,37,0.65,16891.92,12,6,8,10,2,164.81,6,108,0,4,114.81,0.00,0.75,0.22,0,10.00,1,1961.02,10,0,2,org.apache.solr.handler.dataimport.AbstractDataImportHandlerTestCase,0.06,4,3,6,0,4,6,0,1,385,1
"org.apache.solr.handler.dataimport.TestErrorHandling$ExceptionTransformer",1,0.00,1.00,3,0.04,553.78,1,0,8,2,2,131.60,0,6,0,2,131.60,0.00,0.50,0.00,0,1.00,1,113.11,0,1,2,org.apache.solr.handler.dataimport.Transformer,0.00,1,1,1,0,1,0,0,0,29,2
"org.apache.solr.handler.dataimport.TestErrorHandling$StringDataSource",3,1.00,1.00,6,0.07,714.91,4,1,8,4,2,141.05,0,13,0,2,141.05,0.00,0.50,0.33,0,4.00,1,195.21,0,1,2,org.apache.solr.handler.dataimport.DataSource,0.33,1,1,3,0,1,2,0,0,54,2
"org.apache.solr.handler.dataimport.TestEvaluatorBag",7,0.04,1.14,75,1.24,37135.37,11,4,6,35,6,144.22,15,103,0,4,104.34,0.00,0.75,0.29,1,12.00,2,3708.49,1,0,6,org.apache.solr.handler.dataimport.AbstractDataImportHandlerTestCase,0.05,28,3,8,0,28,7,0,4,687,1
"org.apache.solr.handler.dataimport.TestFieldReader",1,0.00,1.00,14,0.28,5519.29,3,2,4,14,3,56.49,7,29,0,4,98.78,0.00,0.75,1.00,0,0.00,1,830.64,1,0,3,org.apache.solr.handler.dataimport.AbstractDataImportHandlerTestCase,0.00,13,3,1,0,13,1,0,1,156,1
"org.apache.solr.handler.dataimport.TestFileListEntityProcessor",5,0.00,2.40,104,2.04,94420.70,5,0,5,35,5,138.59,9,149,1,4,88.59,0.00,0.75,0.00,1,5.00,4,6120.50,3,1,4,org.apache.solr.handler.dataimport.AbstractDataImportHandlerTestCase,0.00,30,3,12,0,30,4,0,2,1012,1
"org.apache.solr.handler.dataimport.TestJdbcDataSource",6,0.38,1.33,87,1.39,40914.56,15,9,11,42,5,137.88,13,115,0,4,97.99,0.00,0.75,0.43,0,2.00,2,4157.91,3,0,5,org.apache.solr.handler.dataimport.AbstractDataImportHandlerTestCase,0.11,36,3,8,0,36,6,0,2,744,1
"org.apache.solr.handler.dataimport.TestLineEntityProcessor",6,0.40,2.67,59,1.22,41290.49,7,1,5,19,5,67.40,75,149,0,4,104.96,0.00,0.75,0.67,0,0.00,5,3648.25,2,2,5,org.apache.solr.handler.dataimport.AbstractDataImportHandlerTestCase,0.00,13,3,16,0,13,4,0,44,652,1
"org.apache.solr.handler.dataimport.TestLineEntityProcessor$DataSource<Reader>",3,0.00,1.00,5,0.05,447.58,3,0,5,4,1,153.88,0,11,0,1,153.88,0.00,0.00,0.00,0,3.00,1,144.54,0,1,1,java.lang.Object,0.00,1,0,3,0,1,2,0,0,43,0
"org.apache.solr.handler.dataimport.TestMailEntityProcessor",7,0.10,1.14,102,1.67,35824.47,12,5,8,22,3,138.89,19,128,0,4,99.01,0.00,0.75,0.29,1,0.00,2,5017.85,0,1,3,org.apache.solr.handler.dataimport.AbstractDataImportHandlerTestCase,0.00,15,3,8,0,15,6,0,10,905,1
"org.apache.solr.handler.dataimport.TestMailEntityProcessor$SolrWriterImpl",5,0.17,1.00,13,0.13,1670.89,8,3,8,7,2,139.90,1,23,0,2,139.90,0.00,0.50,0.20,0,14.00,1,381.04,0,0,2,org.apache.solr.handler.dataimport.SolrWriter,0.20,2,1,5,0,2,5,0,1,99,1
"org.apache.solr.handler.dataimport.TestNumberFormatTransformer",9,0.00,1.00,73,1.54,36641.16,11,2,6,21,6,108.89,8,112,0,4,108.89,0.00,0.75,0.50,0,0.00,1,4622.88,2,0,6,org.apache.solr.handler.dataimport.AbstractDataImportHandlerTestCase,0.00,12,3,9,0,12,9,0,1,861,1
"org.apache.solr.handler.dataimport.TestPlainTextEntityProcessor",1,0.00,1.00,10,0.17,2736.48,2,1,3,9,2,64.34,7,20,0,4,106.63,0.00,0.75,1.00,0,0.00,1,506.62,1,0,2,org.apache.solr.handler.dataimport.AbstractDataImportHandlerTestCase,0.00,8,3,1,0,8,1,0,1,105,1
"org.apache.solr.handler.dataimport.TestPlainTextEntityProcessor$DS",3,1.00,1.00,6,0.06,574.11,4,1,3,4,2,141.80,0,13,0,2,141.80,0.00,0.50,0.33,0,4.00,1,175.08,0,1,2,org.apache.solr.handler.dataimport.DataSource,0.33,1,1,3,0,1,2,0,0,50,2
"org.apache.solr.handler.dataimport.TestRegexTransformer",6,0.00,1.00,92,1.79,67503.51,6,0,9,23,4,95.46,26,112,0,4,95.23,0.00,0.75,0.00,1,6.00,1,5374.44,3,1,4,org.apache.solr.handler.dataimport.AbstractDataImportHandlerTestCase,0.00,17,3,6,0,17,5,0,21,962,1
"org.apache.solr.handler.dataimport.TestScriptTransformer",5,0.75,1.80,63,1.13,31488.52,6,1,11,32,6,140.58,11,101,0,4,100.69,0.00,0.75,0.40,1,7.00,2,3390.13,0,1,6,org.apache.solr.handler.dataimport.AbstractDataImportHandlerTestCase,0.00,27,3,9,0,27,4,0,1,605,1
"org.apache.solr.handler.dataimport.TestSqlEntityProcessor",6,1.00,2.50,81,1.39,56576.19,7,1,2,28,7,147.94,8,101,0,4,97.94,0.00,0.75,0.17,1,10.00,3,4165.60,1,2,7,org.apache.solr.handler.dataimport.AbstractDataImportHandlerTestCase,0.00,22,3,15,0,22,4,0,1,751,1
"org.apache.solr.handler.dataimport.TestSqlEntityProcessor$DataSource<Iterator<Map<String,Object>>>",3,0.00,1.00,5,0.07,798.54,3,0,2,4,1,151.90,0,11,0,1,151.90,0.00,0.00,0.00,0,3.00,1,206.39,0,1,1,java.lang.Object,0.00,1,0,3,0,1,2,0,0,57,0
"org.apache.solr.handler.dataimport.TestSqlEntityProcessor$T",1,0.00,1.00,4,0.04,738.67,1,0,2,2,2,125.95,0,7,0,2,125.95,0.00,0.50,0.00,0,1.00,1,132.02,0,1,2,org.apache.solr.handler.dataimport.Transformer,0.00,1,1,1,0,1,0,0,0,33,2
"org.apache.solr.handler.dataimport.TestSqlEntityProcessor$T2",1,0.00,1.00,8,0.12,3830.71,1,0,2,3,2,109.10,0,11,0,2,109.10,0.00,0.50,0.00,0,0.00,1,353.32,0,1,2,org.apache.solr.handler.dataimport.Transformer,0.00,2,1,1,0,2,0,0,0,75,2
"org.apache.solr.handler.dataimport.TestSqlEntityProcessor$T3",1,0.00,1.00,4,0.03,485.22,1,0,2,2,0,127.39,0,6,0,1,127.39,0.00,0.00,0.00,0,1.00,1,95.61,0,1,0,java.lang.Object,0.00,1,0,1,0,1,0,0,0,26,2
"org.apache.solr.handler.dataimport.TestSqlEntityProcessor2",9,0.06,1.00,103,1.62,43193.02,13,4,8,13,2,153.17,9,170,0,4,103.17,0.00,0.75,0.19,0,34.00,1,4853.35,10,0,2,org.apache.solr.handler.dataimport.AbstractDataImportHandlerTestCase,0.05,4,3,9,0,4,9,0,1,922,1
"org.apache.solr.handler.dataimport.TestSqlEntityProcessor2$DateFormatValidatingEvaluator",1,0.00,3.00,14,0.20,5945.63,1,0,8,9,4,98.27,0,20,0,2,98.27,0.00,0.50,0.00,0,1.00,3,599.67,0,1,4,org.apache.solr.handler.dataimport.Evaluator,0.00,8,1,3,0,8,0,0,0,113,1
"org.apache.solr.handler.dataimport.TestSqlEntityProcessorDelta",11,0.25,1.00,131,1.92,46555.72,15,4,6,17,2,153.60,11,199,0,4,103.60,0.00,0.75,0.48,1,0.00,1,5769.26,10,0,2,org.apache.solr.handler.dataimport.AbstractDataImportHandlerTestCase,0.05,6,3,11,0,6,11,0,3,1087,1
"org.apache.solr.handler.dataimport.TestSqlEntityProcessorDelta2",11,0.25,1.00,131,1.92,46555.72,15,4,6,17,2,103.60,9,199,0,4,103.60,0.00,0.75,0.48,1,0.00,1,5769.26,10,0,2,org.apache.solr.handler.dataimport.AbstractDataImportHandlerTestCase,0.05,6,3,11,0,6,11,0,1,1087,1
"org.apache.solr.handler.dataimport.TestSqlEntityProcessorDelta3",9,0.14,1.00,110,1.76,43941.91,18,9,6,15,2,101.70,1,167,0,4,101.70,0.00,0.75,0.23,1,0.00,1,5278.10,10,0,2,org.apache.solr.handler.dataimport.AbstractDataImportHandlerTestCase,0.05,6,3,9,0,6,9,0,1,975,1
"org.apache.solr.handler.dataimport.TestSqlEntityProcessorDeltaPrefixedPk",6,0.24,1.00,59,0.86,18016.54,11,5,7,11,2,158.02,10,88,0,4,108.02,0.00,0.75,0.40,1,0.00,1,2588.55,10,0,2,org.apache.solr.handler.dataimport.AbstractDataImportHandlerTestCase,0.06,5,3,6,0,5,6,0,2,497,1
"org.apache.solr.handler.dataimport.TestTemplateString",1,2.00,1.00,9,0.14,3027.97,3,2,5,11,3,59.89,8,16,0,4,107.99,0.00,0.75,0.00,0,1.00,1,433.98,0,0,3,org.apache.solr.handler.dataimport.AbstractDataImportHandlerTestCase,0.00,10,3,1,0,10,1,0,1,91,1
"org.apache.solr.handler.dataimport.TestTemplateTransformer",1,0.00,1.00,19,0.38,14033.97,1,0,5,10,4,40.64,9,33,0,4,90.64,0.00,0.75,0.00,0,1.00,1,1149.63,2,0,4,org.apache.solr.handler.dataimport.AbstractDataImportHandlerTestCase,0.00,9,3,1,0,9,1,0,2,198,1
"org.apache.solr.handler.dataimport.TestThreaded",2,1.00,1.00,22,0.36,8996.40,3,1,5,6,2,103.39,1,36,0,4,103.39,0.00,0.75,0.50,0,2.00,1,1066.66,5,0,2,org.apache.solr.handler.dataimport.AbstractDataImportHandlerTestCase,0.00,4,3,2,0,4,2,0,1,203,1
"org.apache.solr.handler.dataimport.TestTikaEntityProcessor",2,0.00,1.00,7,0.13,1841.22,2,0,2,3,1,169.75,4,27,0,4,129.86,0.00,0.75,0.00,0,2.00,1,398.98,4,0,1,org.apache.solr.handler.dataimport.AbstractDataImportHandlerTestCase,0.00,1,3,2,0,1,2,0,1,84,1
"org.apache.solr.handler.dataimport.TestURLDataSource",1,1.00,1.00,12,0.21,5500.95,6,5,6,11,4,101.29,0,16,0,4,101.29,0.00,0.75,0.80,0,0.00,1,642.92,0,0,4,org.apache.solr.handler.dataimport.AbstractDataImportHandlerTestCase,0.00,10,3,1,0,10,1,0,0,129,1
"org.apache.solr.handler.dataimport.TestVariableResolver",10,0.00,1.00,92,1.51,45084.56,10,0,4,36,7,156.63,11,126,1,4,106.63,0.00,0.75,0.00,1,10.00,1,4537.00,0,0,6,org.apache.solr.handler.dataimport.AbstractDataImportHandlerTestCase,0.00,26,3,10,0,26,10,0,4,851,1
"org.apache.solr.handler.dataimport.TestVariableResolver$DateMathParser",1,0.00,1.00,3,0.03,341.91,1,0,4,2,0,133.25,0,6,0,1,133.25,0.00,0.00,0.00,0,1.00,1,79.19,0,1,0,java.lang.Object,0.00,1,0,1,0,1,0,0,0,25,0
"org.apache.solr.handler.dataimport.TestVariableResolver$E",1,0.00,1.00,3,0.03,263.23,1,0,4,1,2,134.14,0,6,0,2,134.14,0.00,0.50,0.00,0,1.00,1,75.16,0,1,2,org.apache.solr.handler.dataimport.Evaluator,0.00,0,1,1,0,0,0,0,0,22,2
"org.apache.solr.handler.dataimport.TestXPathEntityProcessor",9,0.07,2.78,124,2.55,112490.71,16,7,9,41,7,146.95,9,214,0,4,96.95,0.00,0.75,0.21,1,41.00,9,7657.90,3,1,7,org.apache.solr.handler.dataimport.AbstractDataImportHandlerTestCase,0.00,32,3,25,0,32,8,0,2,1244,1
"org.apache.solr.handler.dataimport.TestXPathEntityProcessor$DataSource<Reader>",3,0.00,1.00,5,0.05,447.58,3,0,9,4,1,153.88,0,11,0,1,153.88,0.00,0.00,0.00,0,3.00,1,144.54,0,1,1,java.lang.Object,0.00,1,0,3,0,1,2,0,0,43,0
"org.apache.solr.handler.dataimport.TestXPathEntityProcessor$XPathEntityProcessor",1,1.00,3.00,9,0.11,4466.61,2,1,9,3,0,106.41,0,16,0,1,106.41,0.00,0.00,0.00,0,0.00,3,334.76,1,1,0,java.lang.Object,0.00,2,0,3,0,2,0,0,0,69,0
"org.apache.solr.handler.dataimport.TestXPathRecordReader",22,0.00,1.14,270,6.44,229792.20,22,0,5,43,2,99.07,13,523,0,4,99.07,0.00,0.75,0.00,0,22.00,3,19334.04,0,0,2,org.apache.solr.handler.dataimport.AbstractDataImportHandlerTestCase,0.00,21,3,25,0,21,22,0,8,3378,1
"org.apache.solr.handler.dataimport.TestXPathRecordReader$XPathRecordReader.Handler",1,0.00,4.00,5,0.08,1688.16,1,0,5,4,0,119.19,0,6,0,1,119.19,0.00,0.00,0.00,0,1.00,4,226.42,0,0,0,java.lang.Object,0.00,3,0,4,0,3,1,0,0,52,0
"org.apache.solr.handler.dataimport.ThreadedContext",11,0.30,1.09,32,0.31,4728.86,13,2,0,16,8,139.01,6,59,2,3,139.01,0.00,0.67,0.23,2,32.00,2,930.77,3,4,6,org.apache.solr.handler.dataimport.ContextImpl,0.26,5,2,12,0,5,7,0,2,242,1
"org.apache.solr.handler.dataimport.ThreadedEntityProcessorWrapper",4,0.11,4.25,53,0.67,27658.34,7,3,9,20,7,138.76,9,67,1,3,98.88,0.00,0.67,0.25,0,6.00,9,2000.26,1,1,6,org.apache.solr.handler.dataimport.EntityProcessorWrapper,0.12,16,2,17,0,16,3,0,4,389,1
"org.apache.solr.handler.dataimport.TikaEntityProcessor",5,0.17,4.60,78,1.27,62790.56,11,6,30,42,4,144.50,7,103,0,3,94.50,0.00,0.67,0.30,0,7.00,13,3807.95,0,4,4,org.apache.solr.handler.dataimport.EntityProcessorBase,0.12,37,2,23,0,37,1,0,1,655,1
"org.apache.solr.handler.dataimport.TikaEntityProcessor$ContentHandlerDecorator",4,0.00,2.00,13,0.18,4180.28,4,0,30,6,0,129.27,2,26,0,1,129.27,0.00,0.00,0.00,0,4.00,3,533.69,2,0,0,java.lang.Object,0.00,2,0,8,0,2,4,0,2,124,0
"org.apache.solr.handler.dataimport.Transformer",1,0.00,1.00,2,0.02,200.84,1,0,1,1,24,183.12,29,3,23,1,141.64,0.00,0.00,0.00,0,1.00,1,63.42,0,1,1,java.lang.Object,0.00,0,0,1,18,0,0,0,2,19,2
"org.apache.solr.handler.dataimport.URLDataSource",6,0.18,3.00,62,0.91,32459.87,22,16,10,29,6,154.05,10,88,3,2,104.05,1.00,0.33,0.21,1,10.00,7,2740.68,0,3,3,org.apache.solr.handler.dataimport.DataSource,0.22,23,1,18,1,23,3,0,1,497,1
"org.apache.solr.handler.dataimport.VariableResolver",2,0.00,1.00,3,0.02,131.11,2,0,0,2,11,136.55,29,4,11,1,156.69,0.00,0.00,0.00,0,2.00,1,58.07,0,2,0,java.lang.Object,0.00,0,0,2,1,0,0,0,3,21,2
"org.apache.solr.handler.dataimport.VariableResolverImpl",8,0.02,3.25,76,1.02,74814.81,14,6,4,27,26,143.75,17,97,23,2,103.86,0.00,0.50,0.19,2,28.00,9,3069.51,0,5,3,org.apache.solr.handler.dataimport.VariableResolver,0.00,19,1,26,0,19,3,0,3,594,1
"org.apache.solr.handler.dataimport.XPathEntityProcessor",12,0.10,6.42,238,4.09,271093.51,37,25,23,88,13,138.59,21,324,1,3,88.59,0.00,0.67,0.13,6,20.00,19,12259.46,1,5,12,org.apache.solr.handler.dataimport.EntityProcessorBase,0.09,76,2,77,0,76,7,0,10,2044,1
"org.apache.solr.handler.dataimport.XPathEntityProcessor$Iterator<Map<String,Object>>",3,0.25,3.33,31,0.38,20183.46,5,2,23,10,1,103.28,1,40,0,1,103.28,0.00,0.00,0.33,0,4.00,8,1142.88,0,1,1,java.lang.Object,0.00,7,0,10,0,7,2,0,1,212,0
"org.apache.solr.handler.dataimport.XPathEntityProcessor$SimpleCharArrayReader",1,0.00,1.00,3,0.03,308.03,1,0,23,2,0,133.61,0,5,0,2,133.61,0.00,0.50,0.00,0,1.00,1,84.38,0,1,0,java.io.CharArrayWriter,0.00,1,1,1,0,1,0,0,0,24,2
"org.apache.solr.handler.dataimport.XPathEntityProcessor$Thread",2,0.00,4.00,16,0.17,3949.16,2,0,23,8,0,111.04,0,28,0,1,111.04,0.00,0.00,0.00,1,2.00,4,522.90,0,0,0,java.lang.Object,0.00,6,0,8,0,6,2,0,0,109,0
"org.apache.solr.handler.dataimport.XPathEntityProcessor$Thread$XPathRecordReader.Handler_0",1,0.00,3.00,11,0.12,3952.32,1,0,23,6,0,143.46,2,16,0,1,103.58,0.00,0.00,0.00,0,1.00,3,374.96,0,0,0,java.lang.Object,0.00,5,0,3,0,5,1,0,2,75,0
"org.apache.solr.handler.dataimport.XPathEntityProcessor$XPathRecordReader.Handler",1,0.00,1.00,3,0.04,592.87,1,0,23,3,0,131.37,0,5,0,1,131.37,0.00,0.00,0.00,0,1.00,1,127.88,0,0,0,java.lang.Object,0.00,2,0,1,0,2,1,0,0,32,0
"org.apache.solr.handler.dataimport.XPathRecordReader",7,0.11,2.57,59,0.89,34257.66,13,6,12,37,4,117.17,125,77,3,1,108.04,0.00,0.00,0.07,3,13.00,6,2668.41,0,4,1,java.lang.Object,0.00,30,0,18,0,30,3,0,17,537,1
"org.apache.solr.handler.dataimport.XPathRecordReader$Handler",1,0.00,1.00,3,0.03,337.11,1,0,12,2,0,133.30,0,4,0,1,133.30,0.00,0.00,0.00,0,1.00,1,84.00,0,0,0,java.lang.Object,0.00,1,0,1,0,1,1,0,0,23,0
"org.apache.solr.handler.dataimport.XPathRecordReader$Handler_0",1,0.00,1.00,2,0.02,156.38,1,0,12,1,0,94.39,8,3,0,1,142.49,0.00,0.00,0.00,0,1.00,1,58.21,0,0,0,,0.00,0,0,1,0,0,1,0,1,18,2
"org.apache.solr.handler.dataimport.XPathRecordReader$Node",12,0.06,6.33,195,2.95,199095.62,26,14,12,60,0,48.30,139,271,0,1,92.43,0.00,0.00,0.12,5,54.00,21,8849.62,0,3,0,java.lang.Object,0.00,48,0,76,0,48,9,0,92,1576,2
"org.apache.lucene.benchmark.quality.utils.DocNameExtractor",2,0.50,1.00,8,0.07,794.04,4,2,4,5,4,85.79,14,11,2,1,128.08,0.00,0.00,0.75,0,0.00,1,199.77,0,1,2,java.lang.Object,0.00,3,0,2,0,3,1,0,3,53,1
"org.apache.lucene.benchmark.quality.utils.DocNameExtractor$FieldSelector",1,0.00,2.00,3,0.03,496.00,1,0,4,2,1,131.82,0,6,0,1,131.82,0.00,0.00,0.00,0,0.00,2,96.00,0,1,1,java.lang.Object,0.00,1,0,2,0,1,0,0,0,26,0
"org.apache.lucene.benchmark.quality.utils.QualityQueriesFinder",5,0.25,3.00,52,0.92,48299.33,7,2,8,28,7,141.95,14,69,1,1,102.06,0.00,0.00,0.30,1,10.00,5,2758.71,0,3,6,java.lang.Object,0.00,23,0,15,0,23,2,0,5,514,1
"org.apache.lucene.benchmark.quality.utils.QualityQueriesFinder$TermDf",1,2.00,1.00,6,0.04,383.86,3,2,8,1,0,121.62,0,8,0,1,121.62,0.00,0.00,0.00,0,1.00,1,114.62,0,0,0,java.lang.Object,0.00,0,0,1,0,0,1,0,0,33,2
"org.apache.lucene.benchmark.quality.utils.QualityQueriesFinder$TermsDfQueue",2,0.00,1.00,5,0.05,737.86,2,0,8,2,1,139.56,0,9,0,2,139.56,0.00,0.50,0.00,0,2.00,1,143.85,1,0,1,org.apache.lucene.util.PriorityQueue,0.00,0,1,2,0,0,2,0,0,41,2
"org.apache.lucene.benchmark.quality.utils.SimpleQQParser",3,0.17,1.67,22,0.26,8354.23,6,3,9,9,11,94.36,17,23,2,1,112.23,0.00,0.00,0.22,0,4.00,3,783.57,0,1,9,java.lang.Object,0.00,6,0,5,0,6,2,1,4,164,1
"org.apache.lucene.benchmark.quality.utils.SubmissionReport",4,0.17,2.00,30,0.40,12716.18,8,4,7,16,7,111.97,19,42,3,1,111.74,0.00,0.00,0.38,0,4.00,3,1208.66,0,1,4,java.lang.Object,0.00,12,0,8,0,12,3,0,3,245,1
"org.apache.solr.analysis.ASCIIFoldingFilterFactory",1,0.00,1.00,3,0.02,225.35,1,0,2,2,4,90.55,11,5,1,3,134.67,0.00,0.67,0.00,0,1.00,1,58.69,0,1,3,org.apache.solr.analysis.BaseTokenFilterFactory,0.00,1,2,1,0,1,0,0,1,19,1
"org.apache.solr.analysis.ArabicNormalizationFilterFactory",1,0.00,1.00,3,0.02,225.35,1,0,2,2,4,90.55,11,5,1,3,134.67,0.00,0.67,0.00,0,1.00,1,58.69,0,1,3,org.apache.solr.analysis.BaseTokenFilterFactory,0.00,1,2,1,0,1,0,0,1,19,1
"org.apache.solr.analysis.ArabicStemFilterFactory",1,0.00,1.00,3,0.02,225.35,1,0,2,2,4,97.11,12,5,1,3,134.67,0.00,0.67,0.00,0,1.00,1,58.69,0,1,3,org.apache.solr.analysis.BaseTokenFilterFactory,0.00,1,2,1,0,1,0,0,1,19,1
"org.apache.solr.analysis.BaseCharFilterFactory",5,0.38,1.40,17,0.20,4335.49,7,2,3,9,5,179.99,7,24,4,1,129.99,0.00,0.00,0.20,1,7.00,3,591.15,0,1,1,java.lang.Object,0.00,4,0,7,4,4,4,1,2,140,2
"org.apache.solr.analysis.BaseTokenFilterFactory",0,0.00,0.00,2,0.03,699.09,1,1,2,1,77,171.00,5,3,75,2,171.00,75.00,0.01,0.00,0,0.00,0,101.95,0,0,2,org.apache.solr.analysis.BaseTokenStreamFactory,0.00,1,1,0,75,1,0,1,1,24,2
"org.apache.solr.analysis.BaseTokenStreamFactory",10,0.07,1.90,47,0.64,16963.74,13,3,12,28,9,172.96,16,69,2,1,122.96,0.00,0.00,0.27,3,38.00,3,1907.07,0,2,7,java.lang.Object,0.00,18,0,19,94,18,8,0,8,407,1
"org.apache.solr.analysis.BaseTokenTestCase",0,0.00,0.00,3,0.08,1917.57,2,2,5,4,81,171.00,5,6,78,3,171.00,38.50,0.02,0.00,0,0.00,0,232.85,0,0,3,org.apache.lucene.analysis.BaseTokenStreamTestCase,0.00,4,2,0,77,4,0,0,3,47,2
"org.apache.solr.analysis.BaseTokenizerFactory",0,0.00,0.00,2,0.03,699.09,1,1,2,1,21,171.00,5,3,19,2,171.00,17.00,0.05,0.00,0,0.00,0,101.95,0,0,2,org.apache.solr.analysis.BaseTokenStreamFactory,0.00,1,1,0,17,1,0,1,1,24,2
"org.apache.solr.analysis.BrazilianStemFilterFactory",1,0.00,1.00,3,0.02,225.35,1,0,2,2,4,97.11,12,5,1,3,134.67,0.00,0.67,0.00,0,1.00,1,58.69,0,1,3,org.apache.solr.analysis.BaseTokenFilterFactory,0.00,1,2,1,0,1,0,0,1,19,1
"org.apache.solr.analysis.BulgarianStemFilterFactory",1,0.00,1.00,3,0.02,225.35,1,0,2,2,4,97.11,12,5,1,3,134.67,0.00,0.67,0.00,0,1.00,1,58.69,0,1,3,org.apache.solr.analysis.BaseTokenFilterFactory,0.00,1,2,1,0,1,0,0,1,19,1
"org.apache.solr.analysis.CJKTokenizerFactory",1,0.00,1.00,3,0.02,225.35,1,0,2,2,3,86.20,10,5,1,3,134.67,0.00,0.67,0.00,0,1.00,1,58.69,0,1,2,org.apache.solr.analysis.BaseTokenizerFactory,0.00,1,2,1,0,1,0,0,1,19,1
"org.apache.solr.analysis.CapitalizationFilter",2,0.00,5.00,33,0.42,32645.56,4,2,8,8,4,142.54,2,41,1,4,92.54,0.00,0.75,0.50,0,2.00,9,1260.12,0,0,4,org.apache.lucene.analysis.TokenFilter,0.29,6,3,10,0,6,2,0,2,231,1
"org.apache.solr.analysis.CapitalizationFilterFactory",3,0.50,8.33,89,1.20,77013.43,19,16,8,20,6,61.10,43,106,2,3,81.24,0.00,0.67,0.40,0,1.00,13,3598.94,2,0,5,org.apache.solr.analysis.BaseTokenFilterFactory,0.00,17,2,25,0,17,3,0,9,632,1
"org.apache.solr.analysis.CharFilterFactory",3,0.00,1.00,4,0.03,247.81,3,0,2,3,8,195.79,6,5,7,1,155.90,0.00,0.00,0.00,0,3.00,1,89.64,0,2,1,,0.00,0,0,3,0,0,1,0,1,31,1
"org.apache.solr.analysis.ClassicFilterFactory",1,0.00,1.00,3,0.02,192.92,1,0,3,2,5,97.64,12,5,1,3,135.21,0.00,0.67,0.00,0,1.00,1,60.48,0,1,4,org.apache.solr.analysis.BaseTokenFilterFactory,0.00,1,2,1,0,1,0,0,1,19,1
"org.apache.solr.analysis.ClassicTokenizerFactory",2,0.00,1.00,10,0.09,1539.78,3,1,5,4,5,104.32,11,15,1,3,122.20,0.00,0.67,1.00,0,0.00,1,281.43,2,1,4,org.apache.solr.analysis.BaseTokenizerFactory,0.00,2,2,2,0,2,1,0,1,68,1
"org.apache.solr.analysis.CollationKeyFilterFactory",4,0.67,5.25,34,0.86,46442.45,5,1,13,17,7,75.54,52,75,1,3,104.92,0.00,0.67,0.50,0,4.00,13,2567.55,0,3,6,org.apache.solr.analysis.BaseTokenFilterFactory,0.00,13,2,21,0,13,1,1,9,468,1
"org.apache.solr.analysis.CommonGramsFilter",13,0.06,1.69,81,0.94,25061.80,24,11,11,35,14,65.98,120,103,6,4,115.98,0.00,0.75,0.15,4,36.00,4,2827.94,1,2,8,org.apache.lucene.analysis.TokenFilter,0.32,22,3,22,0,22,11,0,19,601,2
"org.apache.solr.analysis.CommonGramsFilterFactory",4,0.33,1.50,19,0.17,3428.80,6,2,7,7,8,145.97,15,28,1,3,125.35,0.00,0.67,0.75,0,0.00,3,520.39,0,1,7,org.apache.solr.analysis.BaseTokenFilterFactory,0.00,3,2,6,0,3,3,1,3,118,1
"org.apache.solr.analysis.CommonGramsFilterFactoryTest",2,0.00,2.00,35,0.61,28517.54,2,0,9,16,7,92.47,8,43,0,4,92.23,0.00,0.75,0.00,0,0.00,2,1819.27,1,0,7,org.apache.solr.analysis.BaseTokenTestCase,0.00,14,3,4,0,14,2,0,2,325,1
"org.apache.solr.analysis.CommonGramsFilterTest",10,0.22,1.00,137,2.39,107258.71,11,1,9,28,9,97.94,40,193,0,4,97.71,0.00,0.75,0.80,0,0.00,1,7170.53,2,0,9,org.apache.solr.analysis.BaseTokenTestCase,0.00,18,3,10,0,18,10,0,16,1322,1
"org.apache.solr.analysis.CommonGramsFilterTest$Analyzer",1,0.00,1.00,3,0.05,639.09,1,0,9,4,4,131.11,0,6,0,1,131.11,0.00,0.00,0.00,0,0.00,1,135.38,0,1,4,java.lang.Object,0.00,3,0,1,0,3,0,0,0,33,0
"org.apache.solr.analysis.CommonGramsFilterTest$Analyzer_0",1,0.00,1.00,3,0.04,573.85,1,0,9,3,3,131.48,0,6,0,1,131.48,0.00,0.00,0.00,0,0.00,1,120.37,0,1,3,java.lang.Object,0.00,2,0,1,0,2,0,0,0,30,0
"org.apache.solr.analysis.CommonGramsQueryFilter",4,0.33,2.25,34,0.33,11202.38,9,5,5,9,7,59.98,39,46,3,4,109.98,0.00,0.75,0.45,1,2.00,6,985.84,1,0,4,org.apache.lucene.analysis.TokenFilter,0.50,5,3,9,0,5,4,0,7,208,2
"org.apache.solr.analysis.CommonGramsQueryFilterFactory",5,0.12,1.40,23,0.22,4213.87,7,2,8,9,9,146.04,19,36,1,3,125.43,0.00,0.67,0.60,0,0.00,3,648.88,2,2,8,org.apache.solr.analysis.BaseTokenFilterFactory,0.00,4,2,7,0,4,3,1,4,149,1
"org.apache.solr.analysis.CommonGramsQueryFilterFactoryTest",2,0.00,2.00,35,0.60,28293.17,2,0,9,16,7,92.49,8,43,0,4,92.26,0.00,0.75,0.00,0,0.00,2,1795.62,1,0,7,org.apache.solr.analysis.BaseTokenTestCase,0.00,14,3,4,0,14,2,0,2,322,1
"org.apache.solr.analysis.CzechStemFilterFactory",1,0.00,1.00,3,0.02,225.35,1,0,2,2,4,90.55,11,5,1,3,134.67,0.00,0.67,0.00,0,1.00,1,58.69,0,1,3,org.apache.solr.analysis.BaseTokenFilterFactory,0.00,1,2,1,0,1,0,0,1,19,1
"org.apache.solr.analysis.DelimitedPayloadTokenFilterFactory",3,0.38,2.67,25,0.31,7530.01,7,4,10,13,11,110.55,13,33,1,3,110.32,0.00,0.67,0.50,0,1.00,6,938.68,1,1,10,org.apache.solr.analysis.BaseTokenFilterFactory,0.00,10,2,8,0,10,2,1,1,190,1
"org.apache.solr.analysis.Deprecated",2,0.00,1.00,7,0.06,923.91,2,0,3,3,3,172.10,4,11,2,3,132.22,0.00,0.67,0.00,0,2.00,1,188.02,3,1,1,org.apache.solr.analysis.BaseTokenizerFactory,0.00,1,2,2,0,1,1,0,1,50,1
"org.apache.solr.analysis.DictionaryCompoundWordTokenFilterFactory",3,0.75,1.67,23,0.27,5659.66,9,6,8,7,9,113.80,12,32,1,3,113.56,0.00,0.67,0.67,0,0.00,2,821.69,3,1,8,org.apache.solr.analysis.BaseTokenFilterFactory,0.00,4,2,5,0,4,2,1,1,169,1
"org.apache.solr.analysis.DoubleMetaphoneFilter",3,0.25,4.67,48,0.64,39774.44,9,6,7,23,7,133.15,6,61,3,4,93.27,0.00,0.75,0.33,0,1.00,12,1916.27,0,0,4,org.apache.lucene.analysis.TokenFilter,0.53,20,3,14,0,20,3,0,6,359,2
"org.apache.solr.analysis.DoubleMetaphoneFilterFactory",2,0.80,1.50,13,0.17,3282.11,7,5,2,5,4,98.69,11,19,1,3,116.56,0.00,0.67,0.60,0,0.00,2,501.94,1,1,3,org.apache.solr.analysis.BaseTokenFilterFactory,0.00,3,2,3,0,3,1,0,1,111,1
"org.apache.solr.analysis.DoubleMetaphoneFilterFactoryTest",3,0.00,1.00,30,0.46,12275.04,3,0,6,19,6,155.25,4,34,0,4,105.25,0.00,0.75,0.00,0,0.00,1,1375.29,1,0,6,org.apache.solr.analysis.BaseTokenTestCase,0.00,16,3,3,0,16,3,0,2,265,1
"org.apache.solr.analysis.DoubleMetaphoneFilterTest",6,0.00,1.00,28,0.41,6807.42,6,0,3,9,4,124.49,1,35,0,4,124.49,0.00,0.75,0.00,0,0.00,1,1237.84,1,0,4,org.apache.solr.analysis.BaseTokenTestCase,0.00,3,3,6,0,3,6,0,1,269,1
"org.apache.solr.analysis.EdgeNGramFilterFactory",2,1.33,2.50,15,0.22,7546.16,5,3,3,6,4,93.23,11,22,1,3,111.10,0.00,0.67,1.00,0,0.00,4,669.56,1,1,3,org.apache.solr.analysis.BaseTokenFilterFactory,0.00,4,2,5,0,4,1,0,1,138,1
"org.apache.solr.analysis.EdgeNGramTokenizerFactory",2,1.33,2.50,15,0.22,7546.16,5,3,3,6,3,93.23,10,20,1,3,111.10,0.00,0.67,1.00,0,0.00,4,669.56,1,1,2,org.apache.solr.analysis.BaseTokenizerFactory,0.00,4,2,5,0,4,1,0,1,138,1
"org.apache.solr.analysis.ElisionFilterFactory",2,0.00,2.50,11,0.12,2614.77,3,1,6,5,7,87.95,12,18,1,3,120.18,0.00,0.67,1.00,0,0.00,3,367.77,1,1,6,org.apache.solr.analysis.BaseTokenFilterFactory,0.00,3,2,5,0,3,1,1,1,84,1
"org.apache.solr.analysis.EnglishMinimalStemFilterFactory",1,0.00,1.00,3,0.02,225.35,1,0,2,2,4,97.11,12,5,1,3,134.67,0.00,0.67,0.00,0,1.00,1,58.69,0,1,3,org.apache.solr.analysis.BaseTokenFilterFactory,0.00,1,2,1,0,1,0,0,1,19,1
"org.apache.solr.analysis.EnglishPorterFilterFactoryTest",2,0.00,2.50,44,0.77,30653.36,2,0,15,20,7,87.75,0,46,0,4,87.75,0.00,0.75,0.00,0,0.00,3,2318.94,1,0,7,org.apache.solr.analysis.BaseTokenTestCase,0.00,18,3,5,0,18,2,0,0,384,1
"org.apache.solr.analysis.EnglishPorterFilterFactoryTest$LinesMockSolrResourceLoader",4,1.00,1.00,10,0.08,939.54,5,1,15,4,1,141.10,0,15,0,1,141.10,0.00,0.00,0.25,0,6.00,1,241.90,0,3,1,java.lang.Object,0.00,0,0,4,0,0,1,1,0,67,0
"org.apache.solr.analysis.EnglishPossessiveFilterFactory",1,0.00,1.00,3,0.02,225.35,1,0,2,2,3,97.11,12,5,0,3,134.67,0.00,0.67,0.00,0,1.00,1,58.69,0,1,3,org.apache.solr.analysis.BaseTokenFilterFactory,0.00,1,2,1,0,1,0,0,1,19,1
"org.apache.solr.analysis.FinnishLightStemFilterFactory",1,0.00,1.00,3,0.02,225.35,1,0,2,2,4,97.11,12,5,1,3,134.67,0.00,0.67,0.00,0,1.00,1,58.69,0,1,3,org.apache.solr.analysis.BaseTokenFilterFactory,0.00,1,2,1,0,1,0,0,1,19,1
"org.apache.solr.analysis.FrenchLightStemFilterFactory",1,0.00,1.00,3,0.02,225.35,1,0,2,2,4,105.29,13,5,1,3,134.67,0.00,0.67,0.00,0,1.00,1,58.69,0,1,3,org.apache.solr.analysis.BaseTokenFilterFactory,0.00,1,2,1,0,1,0,0,1,19,1
"org.apache.solr.analysis.FrenchMinimalStemFilterFactory",1,0.00,1.00,3,0.02,225.35,1,0,2,2,4,105.29,13,5,1,3,134.67,0.00,0.67,0.00,0,1.00,1,58.69,0,1,3,org.apache.solr.analysis.BaseTokenFilterFactory,0.00,1,2,1,0,1,0,0,1,19,1
"org.apache.solr.analysis.GalicianStemFilterFactory",1,0.00,1.00,3,0.02,225.35,1,0,2,2,4,97.11,12,5,1,3,134.67,0.00,0.67,0.00,0,1.00,1,58.69,0,1,3,org.apache.solr.analysis.BaseTokenFilterFactory,0.00,1,2,1,0,1,0,0,1,19,1
"org.apache.solr.analysis.GermanLightStemFilterFactory",1,0.00,1.00,3,0.02,225.35,1,0,2,2,4,97.11,12,5,1,3,134.67,0.00,0.67,0.00,0,1.00,1,58.69,0,1,3,org.apache.solr.analysis.BaseTokenFilterFactory,0.00,1,2,1,0,1,0,0,1,19,1
"org.apache.solr.analysis.GermanMinimalStemFilterFactory",1,0.00,1.00,3,0.02,225.35,1,0,2,2,4,97.11,12,5,1,3,134.67,0.00,0.67,0.00,0,1.00,1,58.69,0,1,3,org.apache.solr.analysis.BaseTokenFilterFactory,0.00,1,2,1,0,1,0,0,1,19,1
"org.apache.solr.analysis.GermanStemFilterFactory",1,0.00,1.00,3,0.02,225.35,1,0,2,2,4,97.11,12,5,1,3,134.67,0.00,0.67,0.00,0,1.00,1,58.69,0,1,3,org.apache.solr.analysis.BaseTokenFilterFactory,0.00,1,2,1,0,1,0,0,1,19,1
"org.apache.solr.analysis.GreekLowerCaseFilterFactory",2,0.00,1.50,7,0.09,1794.04,2,0,5,5,5,111.98,11,15,1,3,129.86,0.00,0.67,0.00,0,2.00,2,258.89,2,1,4,org.apache.solr.analysis.BaseTokenFilterFactory,0.00,3,2,3,0,3,1,0,1,61,1
"org.apache.solr.analysis.GreekStemFilterFactory",1,0.00,1.00,3,0.02,225.35,1,0,2,2,4,97.11,12,5,1,3,134.67,0.00,0.67,0.00,0,1.00,1,58.69,0,1,3,org.apache.solr.analysis.BaseTokenFilterFactory,0.00,1,2,1,0,1,0,0,1,19,1
"org.apache.solr.analysis.HTMLStripCharFilter",31,0.05,4.71,399,5.99,284238.42,46,15,9,55,7,99.42,154,501,4,5,99.19,0.00,0.80,0.12,19,223.00,18,17959.94,1,0,3,org.apache.lucene.analysis.BaseCharFilter,0.23,24,4,146,0,24,31,0,110,3042,1
"org.apache.solr.analysis.HTMLStripCharFilterFactory",1,0.00,1.00,3,0.02,225.35,1,0,1,2,3,90.55,11,5,0,2,134.67,0.00,0.50,0.00,0,1.00,1,58.69,0,0,3,org.apache.solr.analysis.BaseCharFilterFactory,0.00,1,1,1,0,1,1,0,1,19,1
"org.apache.solr.analysis.HTMLStripCharFilterTest",15,0.00,1.80,151,2.45,86432.77,15,0,11,38,3,153.95,25,187,0,2,103.95,0.00,0.50,0.00,3,15.00,3,7341.03,2,0,3,org.apache.lucene.util.LuceneTestCase,0.00,23,1,27,0,23,15,0,25,1355,1
"org.apache.solr.analysis.HindiNormalizationFilterFactory",1,0.00,1.00,3,0.02,225.35,1,0,2,2,4,90.55,11,5,1,3,134.67,0.00,0.67,0.00,0,1.00,1,58.69,0,1,3,org.apache.solr.analysis.BaseTokenFilterFactory,0.00,1,2,1,0,1,0,0,1,19,1
"org.apache.solr.analysis.HindiStemFilterFactory",1,0.00,1.00,3,0.02,225.35,1,0,2,2,4,90.55,11,5,1,3,134.67,0.00,0.67,0.00,0,1.00,1,58.69,0,1,3,org.apache.solr.analysis.BaseTokenFilterFactory,0.00,1,2,1,0,1,0,0,1,19,1
"org.apache.solr.analysis.HungarianLightStemFilterFactory",1,0.00,1.00,3,0.02,225.35,1,0,2,2,4,97.11,12,5,1,3,134.67,0.00,0.67,0.00,0,1.00,1,58.69,0,1,3,org.apache.solr.analysis.BaseTokenFilterFactory,0.00,1,2,1,0,1,0,0,1,19,1
"org.apache.solr.analysis.HyphenatedWordsFilter",4,0.47,2.50,45,0.50,20086.38,9,5,4,17,5,65.24,50,57,1,4,102.80,0.00,0.75,0.55,1,0.00,6,1486.68,1,0,4,org.apache.lucene.analysis.TokenFilter,0.50,13,3,10,0,13,4,0,12,301,2
"org.apache.solr.analysis.HyphenatedWordsFilterFactory",1,0.00,1.00,3,0.02,225.35,1,0,2,2,4,90.55,11,5,1,3,134.67,0.00,0.67,0.00,0,1.00,1,58.69,0,1,3,org.apache.solr.analysis.BaseTokenFilterFactory,0.00,1,2,1,0,1,0,0,1,19,1
"org.apache.solr.analysis.HyphenationCompoundWordTokenFilterFactory",3,0.83,2.33,35,0.45,11620.14,12,9,13,14,10,55.23,32,47,1,3,103.70,0.00,0.67,0.67,0,0.00,3,1356.02,2,1,9,org.apache.solr.analysis.BaseTokenFilterFactory,0.00,11,2,7,0,11,2,1,6,261,1
"org.apache.solr.analysis.ICUCollationKeyFilterFactory",4,0.67,4.25,29,0.64,28862.55,5,1,11,17,7,60.28,40,60,1,3,108.76,0.00,0.67,0.50,0,4.00,13,1926.96,0,3,6,org.apache.solr.analysis.BaseTokenFilterFactory,0.00,13,2,17,0,13,1,1,8,353,1
"org.apache.solr.analysis.ICUFoldingFilterFactory",1,0.00,1.00,3,0.02,225.35,1,0,2,2,4,143.81,17,5,1,3,134.67,0.00,0.67,0.00,0,1.00,1,58.69,0,1,3,org.apache.solr.analysis.BaseTokenFilterFactory,0.00,1,2,1,0,1,0,0,2,19,1
"org.apache.solr.analysis.ICUNormalizer2FilterFactory",2,0.00,4.00,17,0.32,16798.52,3,1,8,11,5,57.99,17,30,1,3,106.09,0.00,0.67,1.00,0,0.00,7,964.20,1,1,4,org.apache.solr.analysis.BaseTokenFilterFactory,0.00,9,2,8,0,9,1,0,2,180,1
"org.apache.solr.analysis.ICUTokenizerFactory",1,0.00,1.00,3,0.02,192.92,1,0,3,2,4,175.09,2,5,1,3,135.21,0.00,0.67,0.00,0,1.00,1,60.48,0,1,3,org.apache.solr.analysis.BaseTokenizerFactory,0.00,1,2,1,0,1,0,0,2,19,1
"org.apache.solr.analysis.ICUTransformFilterFactory",2,0.00,2.50,13,0.22,9241.55,3,1,7,7,5,95.03,11,23,1,3,112.90,0.00,0.67,1.00,0,0.00,4,674.59,1,1,4,org.apache.solr.analysis.BaseTokenFilterFactory,0.00,5,2,5,0,5,1,0,2,133,1
"org.apache.solr.analysis.IndicNormalizationFilterFactory",1,0.00,1.00,3,0.02,225.35,1,0,2,2,4,90.55,11,5,1,3,134.67,0.00,0.67,0.00,0,1.00,1,58.69,0,1,3,org.apache.solr.analysis.BaseTokenFilterFactory,0.00,1,2,1,0,1,0,0,1,19,1
"org.apache.solr.analysis.IndonesianStemFilterFactory",2,0.00,1.00,7,0.07,1082.60,3,1,3,3,4,99.46,12,11,1,3,131.68,0.00,0.67,1.00,0,0.00,1,211.73,1,1,3,org.apache.solr.analysis.BaseTokenFilterFactory,0.00,1,2,2,0,1,1,0,1,54,1
"org.apache.solr.analysis.ItalianLightStemFilterFactory",1,0.00,1.00,3,0.02,225.35,1,0,2,2,4,97.11,12,5,1,3,134.67,0.00,0.67,0.00,0,1.00,1,58.69,0,1,3,org.apache.solr.analysis.BaseTokenFilterFactory,0.00,1,2,1,0,1,0,0,1,19,1
"org.apache.solr.analysis.KeepWordFilter",3,0.25,1.00,11,0.13,2100.87,5,2,6,7,6,151.41,10,16,2,5,130.80,0.00,0.80,0.33,0,4.00,1,401.14,0,0,4,org.apache.lucene.analysis.FilteringTokenFilter,0.25,4,4,3,0,4,3,0,3,97,2
"org.apache.solr.analysis.KeepWordFilterFactory",8,0.10,1.38,29,0.28,5446.84,11,3,9,12,10,180.82,15,43,2,3,130.82,0.00,0.67,0.42,0,2.00,3,827.16,2,1,8,org.apache.solr.analysis.BaseTokenFilterFactory,0.00,4,2,11,0,4,7,1,2,197,1
"org.apache.solr.analysis.KeywordMarkerFilterFactory",3,0.33,2.00,15,0.16,3106.87,6,3,6,6,7,71.02,27,22,1,3,121.02,0.00,0.67,0.56,0,0.00,3,466.54,0,1,6,org.apache.solr.analysis.BaseTokenFilterFactory,0.00,3,2,6,0,3,2,1,2,105,1
"org.apache.solr.analysis.KeywordTokenizerFactory",1,0.00,1.00,3,0.02,225.35,1,0,2,2,4,86.20,10,5,2,3,134.67,0.00,0.67,0.00,0,1.00,1,58.69,0,1,2,org.apache.solr.analysis.BaseTokenizerFactory,0.00,1,2,1,0,1,0,0,1,19,1
"org.apache.solr.analysis.LatvianStemFilterFactory",1,0.00,1.00,3,0.02,225.35,1,0,2,2,4,90.55,11,5,1,3,134.67,0.00,0.67,0.00,0,1.00,1,58.69,0,1,3,org.apache.solr.analysis.BaseTokenFilterFactory,0.00,1,2,1,0,1,0,0,1,19,1
"org.apache.solr.analysis.LengthFilterFactory",2,1.20,1.00,12,0.15,2502.00,7,5,3,5,4,99.71,11,16,1,3,117.58,0.00,0.67,0.80,0,0.00,1,448.65,1,1,3,org.apache.solr.analysis.BaseTokenFilterFactory,0.00,3,2,2,0,3,1,0,1,101,1
"org.apache.solr.analysis.LengthFilterTest",1,0.00,1.00,20,0.33,15412.55,1,0,6,9,4,139.49,1,20,0,4,89.49,0.00,0.75,0.00,0,0.00,1,979.87,1,0,4,org.apache.solr.analysis.BaseTokenTestCase,0.00,8,3,1,0,8,1,0,1,186,1
"org.apache.solr.analysis.LetterTokenizerFactory",2,0.00,1.00,6,0.05,786.43,2,0,3,3,3,114.90,10,10,1,3,132.77,0.00,0.67,0.00,0,2.00,1,155.94,2,1,2,org.apache.solr.analysis.BaseTokenizerFactory,0.00,1,2,2,0,1,1,0,1,43,1
"org.apache.solr.analysis.LimitTokenCountFilterFactory",2,0.00,1.00,7,0.07,1186.62,3,1,3,5,3,113.49,11,11,0,3,131.36,0.00,0.67,1.00,0,0.00,1,223.86,1,1,3,org.apache.solr.analysis.BaseTokenFilterFactory,0.00,3,2,2,0,3,1,0,1,57,1
"org.apache.solr.analysis.LowerCaseFilterFactory",2,0.00,1.00,6,0.05,786.43,2,0,3,3,3,114.90,11,10,0,3,132.77,0.00,0.67,0.00,0,2.00,1,155.94,2,1,3,org.apache.solr.analysis.BaseTokenFilterFactory,0.00,1,2,2,0,1,1,0,1,43,1
"org.apache.solr.analysis.LowerCaseTokenizerFactory",2,0.00,1.00,6,0.05,786.43,2,0,3,3,3,114.90,10,10,1,3,132.77,0.00,0.67,0.00,0,2.00,1,155.94,2,1,2,org.apache.solr.analysis.BaseTokenizerFactory,0.00,1,2,2,0,1,1,0,1,43,1
"org.apache.solr.analysis.MappingCharFilterFactory",4,0.17,5.75,61,0.81,46060.53,8,4,12,25,9,115.36,15,73,2,2,94.75,0.00,0.50,0.38,2,4.00,14,2434.25,0,2,7,org.apache.solr.analysis.BaseCharFilterFactory,0.00,21,1,23,0,21,2,1,2,443,1
"org.apache.solr.analysis.NGramFilterFactory",2,1.00,2.00,11,0.16,4556.47,4,2,3,5,5,86.11,12,17,2,3,118.33,0.00,0.67,1.00,0,0.00,3,487.78,1,1,3,org.apache.solr.analysis.BaseTokenFilterFactory,0.00,3,2,4,0,3,1,0,2,107,1
"org.apache.solr.analysis.NGramTokenizerFactory",2,1.00,2.00,11,0.16,4556.47,4,2,4,5,5,86.11,12,15,2,3,118.33,0.00,0.67,1.00,0,0.00,3,487.78,1,1,3,org.apache.solr.analysis.BaseTokenizerFactory,0.00,3,2,4,0,3,1,0,3,107,1
"org.apache.solr.analysis.NumericPayloadTokenFilterFactory",2,1.00,1.00,9,0.10,1608.54,4,2,3,5,3,107.79,11,13,0,3,125.66,0.00,0.67,1.00,0,0.00,1,292.08,1,1,3,org.apache.solr.analysis.BaseTokenFilterFactory,0.00,3,2,2,0,3,1,0,1,71,1
"org.apache.solr.analysis.PathHierarchyTokenizerFactory",2,1.50,4.50,33,0.39,16472.88,6,4,5,10,4,62.68,13,48,0,3,94.90,0.00,0.67,1.00,0,0.00,7,1173.35,1,1,4,org.apache.solr.analysis.BaseTokenizerFactory,0.00,8,2,9,0,8,1,0,2,226,1
"org.apache.solr.analysis.PatternReplaceCharFilter",11,0.05,2.82,98,1.23,74306.73,22,11,6,31,4,146.80,29,126,2,5,106.92,0.00,0.80,0.14,3,68.00,7,3693.45,2,2,2,org.apache.lucene.analysis.BaseCharFilter,0.21,20,4,31,0,20,9,0,7,734,1
"org.apache.solr.analysis.PatternReplaceCharFilterFactory",2,1.50,2.00,16,0.22,6025.34,6,4,4,8,4,67.47,14,25,1,2,109.76,0.00,0.50,1.00,0,0.00,3,652.38,1,1,3,org.apache.solr.analysis.BaseCharFilterFactory,0.00,6,1,4,0,6,1,0,1,131,1
"org.apache.solr.analysis.PatternReplaceFilter",2,0.60,3.00,19,0.25,5625.36,7,5,6,10,5,70.43,25,27,2,4,107.99,0.00,0.75,0.50,0,0.00,4,736.35,0,0,3,org.apache.lucene.analysis.TokenFilter,0.29,8,3,6,0,8,2,0,3,155,2
"org.apache.solr.analysis.PatternReplaceFilterFactory",2,1.33,3.00,21,0.27,9768.33,5,3,4,9,3,72.18,13,34,0,3,104.40,0.00,0.67,1.00,0,0.00,5,805.86,1,1,3,org.apache.solr.analysis.BaseTokenFilterFactory,0.00,7,2,6,0,7,1,0,1,156,1
"org.apache.solr.analysis.PatternTokenizer",4,0.48,2.75,51,0.66,45042.62,11,7,8,15,4,50.50,35,64,1,4,98.61,0.00,0.75,0.50,0,0.00,8,1991.05,2,0,3,org.apache.lucene.analysis.Tokenizer,0.38,11,3,11,0,11,4,0,8,394,2
"org.apache.solr.analysis.PatternTokenizerFactory",4,0.17,3.50,48,0.76,42831.45,8,4,10,20,6,78.58,59,77,1,3,98.72,0.00,0.67,0.38,0,4.00,6,2269.44,0,3,5,org.apache.solr.analysis.BaseTokenizerFactory,0.00,16,2,14,0,16,1,0,10,436,1
"org.apache.solr.analysis.PersianCharFilterFactory",1,0.00,1.00,3,0.02,225.35,1,0,2,2,4,90.55,11,5,1,2,134.67,0.00,0.50,0.00,0,1.00,1,58.69,0,1,3,org.apache.solr.analysis.BaseCharFilterFactory,0.00,1,1,1,0,1,0,0,1,19,1
"org.apache.solr.analysis.PersianNormalizationFilterFactory",1,0.00,1.00,3,0.02,225.35,1,0,2,2,4,97.11,12,5,1,3,134.67,0.00,0.67,0.00,0,1.00,1,58.69,0,1,3,org.apache.solr.analysis.BaseTokenFilterFactory,0.00,1,2,1,0,1,0,0,1,19,1
"org.apache.solr.analysis.PhoneticFilter",3,0.25,3.33,37,0.47,19486.53,9,6,6,16,5,100.68,13,47,1,4,100.44,0.00,0.75,0.33,0,1.00,8,1400.81,0,0,4,org.apache.lucene.analysis.TokenFilter,0.53,13,3,10,0,13,3,0,8,273,2
"org.apache.solr.analysis.PhoneticFilterFactory",2,1.00,3.50,32,0.65,29261.73,8,6,12,12,5,55.43,25,45,1,3,93.00,0.00,0.67,0.67,0,0.00,6,1946.58,1,1,4,org.apache.solr.analysis.BaseTokenFilterFactory,0.00,10,2,7,0,10,1,0,3,355,1
"org.apache.solr.analysis.PorterStemFilterFactory",1,0.00,1.00,3,0.02,225.35,1,0,2,2,4,97.11,12,5,1,3,134.67,0.00,0.67,0.00,0,1.00,1,58.69,0,1,3,org.apache.solr.analysis.BaseTokenFilterFactory,0.00,1,2,1,0,1,0,0,1,19,1
"org.apache.solr.analysis.PortugueseLightStemFilterFactory",1,0.00,1.00,3,0.02,225.35,1,0,2,2,4,97.11,12,5,1,3,134.67,0.00,0.67,0.00,0,1.00,1,58.69,0,1,3,org.apache.solr.analysis.BaseTokenFilterFactory,0.00,1,2,1,0,1,0,0,1,19,1
"org.apache.solr.analysis.PortugueseMinimalStemFilterFactory",1,0.00,1.00,3,0.02,225.35,1,0,2,2,4,97.11,12,5,1,3,134.67,0.00,0.67,0.00,0,1.00,1,58.69,0,1,3,org.apache.solr.analysis.BaseTokenFilterFactory,0.00,1,2,1,0,1,0,0,1,19,1
"org.apache.solr.analysis.PortugueseStemFilterFactory",1,0.00,1.00,3,0.02,225.35,1,0,2,2,4,97.11,12,5,1,3,134.67,0.00,0.67,0.00,0,1.00,1,58.69,0,1,3,org.apache.solr.analysis.BaseTokenFilterFactory,0.00,1,2,1,0,1,0,0,1,19,1
"org.apache.solr.analysis.PositionFilterFactory",2,0.00,1.00,7,0.07,1029.10,3,1,3,3,3,83.75,16,11,0,3,131.85,0.00,0.67,1.00,0,0.00,1,201.67,1,1,3,org.apache.solr.analysis.BaseTokenFilterFactory,0.00,1,2,2,0,1,1,0,1,52,1
"org.apache.solr.analysis.RemoveDuplicatesTokenFilter",3,0.17,2.00,23,0.30,12272.26,6,3,7,11,7,93.00,16,32,1,4,110.87,0.00,0.75,0.44,0,1.00,4,903.09,1,0,6,org.apache.lucene.analysis.TokenFilter,0.53,8,3,6,0,8,3,0,6,184,2
"org.apache.solr.analysis.RemoveDuplicatesTokenFilterFactory",1,0.00,1.00,3,0.02,225.35,1,0,1,2,4,90.55,11,5,1,3,134.67,0.00,0.67,0.00,0,1.00,1,58.69,0,0,3,org.apache.solr.analysis.BaseTokenFilterFactory,0.00,1,2,1,0,1,1,0,1,19,1
"org.apache.solr.analysis.ReverseStringFilterFactory",1,0.00,1.00,4,0.03,274.80,1,0,2,2,4,99.95,13,6,1,3,129.34,0.00,0.67,0.00,0,0.00,1,76.45,1,1,3,org.apache.solr.analysis.BaseTokenFilterFactory,0.00,1,2,1,0,1,0,0,1,23,1
"org.apache.solr.analysis.ReversedWildcardFilter",3,0.20,5.00,74,0.89,115443.82,8,5,5,11,6,33.04,29,87,2,4,83.04,0.00,0.75,0.33,1,4.00,9,2675.64,0,0,4,org.apache.lucene.analysis.TokenFilter,0.27,8,3,15,0,8,3,0,11,494,2
"org.apache.solr.analysis.ReversedWildcardFilterFactory",5,0.29,2.80,50,0.54,25577.26,11,6,3,12,6,55.78,52,65,2,3,104.25,0.00,0.67,0.40,0,8.00,9,1629.98,1,1,4,org.apache.solr.analysis.BaseTokenFilterFactory,0.00,7,2,14,0,7,4,0,7,328,1
"org.apache.solr.analysis.RussianLightStemFilterFactory",1,0.00,1.00,3,0.02,225.35,1,0,2,2,4,97.11,12,5,1,3,134.67,0.00,0.67,0.00,0,1.00,1,58.69,0,1,3,org.apache.solr.analysis.BaseTokenFilterFactory,0.00,1,2,1,0,1,0,0,1,19,1
"org.apache.solr.analysis.ShingleFilterFactory",2,1.60,3.00,25,0.34,11381.36,7,5,5,9,5,68.70,12,43,1,3,100.92,0.00,0.67,1.00,0,0.00,5,1034.00,1,1,4,org.apache.solr.analysis.BaseTokenFilterFactory,0.00,7,2,6,0,7,1,0,1,200,1
"org.apache.solr.analysis.SmartChineseSentenceTokenizerFactory",1,0.00,1.00,3,0.02,192.92,1,0,3,2,4,135.44,4,5,1,3,135.21,0.00,0.67,0.00,0,1.00,1,60.48,0,1,3,org.apache.solr.analysis.BaseTokenizerFactory,0.00,1,2,1,0,1,0,0,1,19,1
"org.apache.solr.analysis.SmartChineseWordTokenFilterFactory",1,0.00,1.00,3,0.02,192.92,1,0,3,2,5,85.21,9,5,1,3,135.21,0.00,0.67,0.00,0,1.00,1,60.48,0,1,4,org.apache.solr.analysis.BaseTokenFilterFactory,0.00,1,2,1,0,1,0,0,1,19,1
"org.apache.solr.analysis.SnowballPorterFilterFactory",3,0.50,3.00,25,0.35,10485.29,7,4,10,9,10,91.28,15,38,1,3,109.16,0.00,0.67,0.58,0,0.00,3,1036.64,1,1,9,org.apache.solr.analysis.BaseTokenFilterFactory,0.00,6,2,9,0,6,2,1,1,208,1
"org.apache.solr.analysis.SnowballPorterFilterFactoryTest",3,0.00,2.00,57,0.99,37114.50,3,0,17,26,9,130.80,6,61,0,4,90.91,0.00,0.75,0.00,0,0.00,3,2978.04,1,0,9,org.apache.solr.analysis.BaseTokenTestCase,0.00,23,3,6,0,23,3,0,2,497,1
"org.apache.solr.analysis.SnowballPorterFilterFactoryTest$LinesMockSolrResourceLoader",4,1.00,1.00,10,0.08,939.54,5,1,17,4,1,141.10,0,15,0,1,141.10,0.00,0.00,0.25,0,6.00,1,241.90,0,3,1,java.lang.Object,0.00,0,0,4,0,0,1,1,0,67,0
"org.apache.solr.analysis.SolrAnalyzer",6,0.80,1.17,21,0.21,4285.95,7,1,3,10,4,180.69,8,31,2,2,130.69,2.00,0.25,0.33,2,10.00,2,616.75,2,4,2,org.apache.lucene.analysis.Analyzer,0.00,4,1,7,2,4,2,0,6,148,2
"org.apache.solr.analysis.SolrAnalyzer$TokenStreamInfo",3,0.25,1.00,10,0.06,727.65,5,2,3,3,2,134.42,0,10,0,1,134.42,0.00,0.00,0.33,0,5.00,1,180.64,0,2,2,java.lang.Object,0.00,0,0,3,0,0,1,0,0,53,2
"org.apache.solr.analysis.SpanishLightStemFilterFactory",1,0.00,1.00,3,0.02,225.35,1,0,2,2,4,97.11,12,5,1,3,134.67,0.00,0.67,0.00,0,1.00,1,58.69,0,1,3,org.apache.solr.analysis.BaseTokenFilterFactory,0.00,1,2,1,0,1,0,0,1,19,1
"org.apache.solr.analysis.StandardFilterFactory",2,0.00,1.00,6,0.05,786.43,2,0,3,3,3,114.90,11,10,0,3,132.77,0.00,0.67,0.00,0,2.00,1,155.94,2,1,3,org.apache.solr.analysis.BaseTokenFilterFactory,0.00,1,2,2,0,1,1,0,1,43,1
"org.apache.solr.analysis.StandardTokenizerFactory",2,0.00,1.00,10,0.09,1599.37,3,1,4,4,6,104.19,10,16,3,3,122.07,0.00,0.67,1.00,0,0.00,1,279.24,2,1,3,org.apache.solr.analysis.BaseTokenizerFactory,0.00,2,2,2,0,2,1,0,1,68,1
"org.apache.solr.analysis.StemmerOverrideFilterFactory",3,0.25,3.00,24,0.33,12325.51,5,2,8,13,8,129.22,11,33,1,3,108.60,0.00,0.67,0.67,0,0.00,6,987.31,1,1,7,org.apache.solr.analysis.BaseTokenFilterFactory,0.00,10,2,9,0,10,2,1,1,186,1
"org.apache.solr.analysis.StempelPolishStemFilterFactory",2,0.50,1.50,9,0.11,1837.61,4,2,9,7,9,175.11,3,14,1,3,125.11,0.00,0.67,0.75,0,0.00,2,336.81,0,1,8,org.apache.solr.analysis.BaseTokenFilterFactory,0.00,5,2,3,0,5,1,1,1,78,1
"org.apache.solr.analysis.StopFilterFactory",6,0.20,1.33,27,0.25,5100.98,9,3,9,11,9,165.29,12,38,2,3,125.41,0.00,0.67,0.50,0,0.00,3,747.86,2,2,7,org.apache.solr.analysis.BaseTokenFilterFactory,0.00,5,2,8,0,5,4,1,1,170,1
"org.apache.solr.analysis.SwedishLightStemFilterFactory",1,0.00,1.00,3,0.02,225.35,1,0,2,2,4,97.11,12,5,1,3,134.67,0.00,0.67,0.00,0,1.00,1,58.69,0,1,3,org.apache.solr.analysis.BaseTokenFilterFactory,0.00,1,2,1,0,1,0,0,1,19,1
"org.apache.solr.analysis.SynonymFilter",7,0.07,5.00,111,1.68,189922.56,12,5,12,38,12,43.74,62,138,3,4,91.85,0.00,0.75,0.26,3,16.00,18,5053.37,0,1,9,org.apache.lucene.analysis.TokenFilter,0.42,31,3,35,0,31,6,0,37,868,2
"org.apache.solr.analysis.SynonymFilterFactory",9,0.75,2.78,84,1.23,60252.15,10,1,13,39,12,144.93,23,113,2,3,105.04,0.00,0.67,0.33,3,18.00,7,3679.22,1,4,10,org.apache.solr.analysis.BaseTokenFilterFactory,0.00,30,2,25,0,30,5,1,10,693,1
"org.apache.solr.analysis.SynonymMap",8,0.14,4.25,84,1.37,150821.23,13,5,4,36,9,139.58,23,97,6,1,99.70,0.00,0.00,0.32,0,0.00,15,4122.65,0,3,3,java.lang.Object,0.00,28,0,34,0,28,5,0,8,760,1
"org.apache.solr.analysis.TestArabicFilters",4,0.00,1.00,34,0.45,9208.44,4,0,5,19,8,111.07,16,40,0,4,110.84,0.00,0.75,0.00,0,0.00,1,1355.36,1,0,8,org.apache.solr.analysis.BaseTokenTestCase,0.00,15,3,4,0,15,4,0,5,274,1
"org.apache.solr.analysis.TestBrazilianStemFilterFactory",1,0.00,1.00,7,0.08,1369.99,1,0,5,5,5,82.55,6,9,0,4,114.78,0.00,0.75,0.00,0,0.00,1,251.07,1,0,5,org.apache.solr.analysis.BaseTokenTestCase,0.00,4,3,1,0,4,1,0,2,55,1
"org.apache.solr.analysis.TestBufferedTokenStream",3,0.00,1.00,28,0.36,9104.21,3,0,7,15,6,147.87,7,34,0,4,107.98,0.00,0.75,0.00,0,0.00,1,1075.93,1,0,6,org.apache.solr.analysis.BaseTokenTestCase,0.00,12,3,3,0,12,3,0,5,224,1
"org.apache.solr.analysis.TestBufferedTokenStream$AB_AAB_Stream",2,0.00,1.50,6,0.12,3213.32,2,0,7,11,2,127.86,0,10,0,2,127.86,0.00,0.50,0.00,0,2.00,2,349.21,0,1,2,BufferedTokenStream,0.00,9,1,3,0,9,1,0,0,80,2
"org.apache.solr.analysis.TestBufferedTokenStream$AB_Q_Stream",2,0.00,2.50,9,0.15,5187.29,2,0,7,11,2,121.45,0,12,0,2,121.45,0.00,0.50,0.00,0,2.00,4,449.65,0,1,2,BufferedTokenStream,0.00,9,1,5,0,9,1,0,0,97,2
"org.apache.solr.analysis.TestBulgarianStemFilterFactory",1,0.00,1.00,7,0.08,1369.99,1,0,5,5,5,82.55,6,9,0,4,114.78,0.00,0.75,0.00,0,0.00,1,251.07,1,0,5,org.apache.solr.analysis.BaseTokenTestCase,0.00,4,3,1,0,4,1,0,2,55,1
"org.apache.solr.analysis.TestCJKTokenizerFactory",1,0.00,1.00,6,0.07,1155.55,1,0,3,4,3,85.63,6,8,0,4,117.85,0.00,0.75,0.00,0,1.00,1,219.97,1,0,3,org.apache.solr.analysis.BaseTokenTestCase,0.00,3,3,1,0,3,1,0,2,49,1
"org.apache.solr.analysis.TestCapitalizationFilter",7,0.00,1.00,120,2.09,103447.11,7,0,7,19,6,92.50,32,133,0,4,92.27,0.00,0.75,0.00,0,0.00,1,6277.37,1,0,6,org.apache.solr.analysis.BaseTokenTestCase,0.00,12,3,7,0,12,7,0,15,1093,1
"org.apache.solr.analysis.TestChineseFilterFactory",1,0.00,1.00,7,0.09,1425.28,1,0,5,5,4,82.42,6,9,0,4,114.64,0.00,0.75,0.00,0,0.00,1,265.76,1,0,4,org.apache.solr.analysis.BaseTokenTestCase,0.00,4,3,1,0,4,1,0,2,57,1
"org.apache.solr.analysis.TestChineseTokenizerFactory",1,0.00,1.00,6,0.08,1183.27,1,0,3,4,2,85.55,6,8,0,4,117.77,0.00,0.75,0.00,0,1.00,1,227.03,1,0,2,org.apache.solr.analysis.BaseTokenTestCase,0.00,3,3,1,0,3,1,0,2,50,1
"org.apache.solr.analysis.TestCollationKeyFilterFactory",6,0.00,1.00,77,1.18,31758.24,6,0,14,25,6,101.66,27,100,0,4,101.42,0.00,0.75,0.00,1,6.00,1,3525.68,0,0,6,org.apache.solr.analysis.BaseTokenTestCase,0.00,19,3,6,0,19,6,0,9,665,1
"org.apache.solr.analysis.TestCollationKeyFilterFactory$StringMockSolrResourceLoader",4,1.00,1.00,10,0.08,958.21,5,1,14,6,1,141.03,0,15,0,1,141.03,0.00,0.00,0.25,0,6.00,1,251.11,0,3,1,java.lang.Object,0.00,2,0,4,0,2,1,1,0,69,1
"org.apache.solr.analysis.TestCzechStemFilterFactory",1,0.00,1.00,7,0.08,1369.99,1,0,5,5,5,82.55,6,9,0,4,114.78,0.00,0.75,0.00,0,0.00,1,251.07,1,0,5,org.apache.solr.analysis.BaseTokenTestCase,0.00,4,3,1,0,4,1,0,2,55,1
"org.apache.solr.analysis.TestDelimitedPayloadTokenFilterFactory",2,0.00,2.00,35,0.62,24571.65,2,0,11,17,10,92.74,0,40,0,4,92.74,0.00,0.75,0.00,0,0.00,2,1851.86,0,0,10,org.apache.solr.analysis.BaseTokenTestCase,0.00,15,3,4,0,15,2,0,0,315,1
"org.apache.solr.analysis.TestDictionaryCompoundWordTokenFilterFactory",1,0.00,1.00,12,0.19,4295.02,1,0,9,10,7,69.91,6,15,0,4,102.14,0.00,0.75,0.00,0,0.00,1,571.37,1,0,7,org.apache.solr.analysis.BaseTokenTestCase,0.00,9,3,1,0,9,1,0,2,105,1
"org.apache.solr.analysis.TestDutchStemFilterFactory",1,0.00,1.00,7,0.08,1369.99,1,0,5,5,4,82.55,6,9,0,4,114.78,0.00,0.75,0.00,0,0.00,1,251.07,1,0,4,org.apache.solr.analysis.BaseTokenTestCase,0.00,4,3,1,0,4,1,0,2,55,1
"org.apache.solr.analysis.TestElisionFilterFactory",2,0.00,1.00,23,0.33,8015.95,2,0,9,11,7,104.02,9,26,0,4,103.78,0.00,0.75,0.00,0,0.00,1,977.61,1,0,7,org.apache.solr.analysis.BaseTokenTestCase,0.00,9,3,2,0,9,2,0,3,186,1
"org.apache.solr.analysis.TestEnglishMinimalStemFilterFactory",1,0.00,1.00,6,0.07,1180.69,1,0,4,5,4,138.40,3,8,0,4,117.78,0.00,0.75,0.00,0,0.00,1,222.33,1,0,4,org.apache.solr.analysis.BaseTokenTestCase,0.00,4,3,1,0,4,1,0,1,50,1
"org.apache.solr.analysis.TestFinnishLightStemFilterFactory",1,0.00,1.00,6,0.07,1180.69,1,0,4,5,4,138.40,3,8,0,4,117.78,0.00,0.75,0.00,0,0.00,1,222.33,1,0,4,org.apache.solr.analysis.BaseTokenTestCase,0.00,4,3,1,0,4,1,0,1,50,1
"org.apache.solr.analysis.TestFrenchLightStemFilterFactory",1,0.00,1.00,6,0.07,1180.69,1,0,4,5,4,138.40,3,8,0,4,117.78,0.00,0.75,0.00,0,0.00,1,222.33,1,0,4,org.apache.solr.analysis.BaseTokenTestCase,0.00,4,3,1,0,4,1,0,1,50,1
"org.apache.solr.analysis.TestFrenchMinimalStemFilterFactory",1,0.00,1.00,6,0.07,1180.69,1,0,4,5,4,138.40,3,8,0,4,117.78,0.00,0.75,0.00,0,0.00,1,222.33,1,0,4,org.apache.solr.analysis.BaseTokenTestCase,0.00,4,3,1,0,4,1,0,1,50,1
"org.apache.solr.analysis.TestFrenchStemFilterFactory",1,0.00,1.00,7,0.08,1369.99,1,0,5,5,4,82.55,6,9,0,4,114.78,0.00,0.75,0.00,0,0.00,1,251.07,1,0,4,org.apache.solr.analysis.BaseTokenTestCase,0.00,4,3,1,0,4,1,0,2,55,1
"org.apache.solr.analysis.TestGalicianStemFilterFactory",1,0.00,1.00,6,0.07,1180.69,1,0,4,5,4,138.40,3,8,0,4,117.78,0.00,0.75,0.00,0,0.00,1,222.33,1,0,4,org.apache.solr.analysis.BaseTokenTestCase,0.00,4,3,1,0,4,1,0,1,50,1
"org.apache.solr.analysis.TestGermanLightStemFilterFactory",1,0.00,1.00,6,0.07,1180.69,1,0,4,5,4,138.40,3,8,0,4,117.78,0.00,0.75,0.00,0,0.00,1,222.33,1,0,4,org.apache.solr.analysis.BaseTokenTestCase,0.00,4,3,1,0,4,1,0,1,50,1
"org.apache.solr.analysis.TestGermanMinimalStemFilterFactory",1,0.00,1.00,6,0.07,1180.69,1,0,4,5,4,138.40,3,8,0,4,117.78,0.00,0.75,0.00,0,0.00,1,222.33,1,0,4,org.apache.solr.analysis.BaseTokenTestCase,0.00,4,3,1,0,4,1,0,1,50,1
"org.apache.solr.analysis.TestGermanStemFilterFactory",1,0.00,1.00,7,0.08,1369.99,1,0,5,5,5,82.55,6,9,0,4,114.78,0.00,0.75,0.00,0,0.00,1,251.07,1,0,5,org.apache.solr.analysis.BaseTokenTestCase,0.00,4,3,1,0,4,1,0,2,55,1
"org.apache.solr.analysis.TestGreekLowerCaseFilterFactory",1,0.00,1.00,8,0.10,1679.73,1,0,5,6,5,79.69,6,10,0,4,111.91,0.00,0.75,0.00,0,0.00,1,290.30,1,0,5,org.apache.solr.analysis.BaseTokenTestCase,0.00,5,3,1,0,5,1,0,2,62,1
"org.apache.solr.analysis.TestGreekStemFilterFactory",1,0.00,1.00,8,0.10,1799.60,1,0,6,6,6,137.96,19,10,0,4,111.68,0.00,0.75,0.00,0,0.00,1,300.11,1,0,6,org.apache.solr.analysis.BaseTokenTestCase,0.00,5,3,1,0,5,1,0,2,64,1
"org.apache.solr.analysis.TestHindiFilters",3,0.00,1.00,34,0.42,9874.10,3,0,4,16,7,104.69,12,38,0,4,104.46,0.00,0.75,0.00,0,0.00,1,1270.92,1,0,7,org.apache.solr.analysis.BaseTokenTestCase,0.00,13,3,3,0,13,3,0,4,256,1
"org.apache.solr.analysis.TestHungarianLightStemFilterFactory",1,0.00,1.00,6,0.07,1180.69,1,0,4,5,4,138.40,3,8,0,4,117.78,0.00,0.75,0.00,0,0.00,1,222.33,1,0,4,org.apache.solr.analysis.BaseTokenTestCase,0.00,4,3,1,0,4,1,0,1,50,1
"org.apache.solr.analysis.TestHyphenatedWordsFilter",2,0.00,1.00,13,0.18,3451.53,2,0,3,6,4,116.72,8,18,0,4,116.48,0.00,0.75,0.00,0,2.00,1,552.58,1,0,4,org.apache.solr.analysis.BaseTokenTestCase,0.00,4,3,2,0,4,2,0,4,116,1
"org.apache.solr.analysis.TestHyphenationCompoundWordTokenFilterFactory",2,0.00,1.00,27,0.46,11362.83,2,0,9,11,7,82.01,11,34,0,4,99.88,0.00,0.75,0.00,0,0.00,1,1368.27,1,0,7,org.apache.solr.analysis.BaseTokenTestCase,0.00,9,3,2,0,9,2,0,3,241,1
"org.apache.solr.analysis.TestICUCollationKeyFilterFactory",5,0.00,1.00,64,0.98,26521.29,5,0,14,24,6,101.65,23,84,0,4,101.41,0.00,0.75,0.00,1,5.00,1,2926.58,0,0,6,org.apache.solr.analysis.BaseTokenTestCase,0.00,19,3,5,0,19,5,0,8,554,1
"org.apache.solr.analysis.TestICUCollationKeyFilterFactory$StringMockSolrResourceLoader",4,1.00,1.00,10,0.08,958.21,5,1,14,6,1,141.03,0,15,0,1,141.03,0.00,0.00,0.25,0,6.00,1,251.11,0,3,1,java.lang.Object,0.00,2,0,4,0,2,1,1,0,69,1
"org.apache.solr.analysis.TestICUFoldingFilterFactory",1,0.00,1.00,8,0.10,1592.46,1,0,5,6,5,151.98,2,10,0,4,112.10,0.00,0.75,0.00,0,0.00,1,285.39,1,0,5,org.apache.solr.analysis.BaseTokenTestCase,0.00,5,3,1,0,5,1,0,2,61,1
"org.apache.solr.analysis.TestICUNormalizer2FilterFactory",1,0.00,1.00,8,0.10,1676.75,1,0,5,6,5,132.54,3,10,0,4,111.92,0.00,0.75,0.00,0,0.00,1,308.08,1,0,5,org.apache.solr.analysis.BaseTokenTestCase,0.00,5,3,1,0,5,1,0,3,64,1
"org.apache.solr.analysis.TestICUTokenizerFactory",1,0.00,1.00,6,0.10,1450.97,1,0,3,4,3,167.08,1,10,0,4,117.08,0.00,0.75,0.00,0,1.00,1,291.61,1,0,3,org.apache.solr.analysis.BaseTokenTestCase,0.00,3,3,1,0,3,1,0,1,59,1
"org.apache.solr.analysis.TestICUTransformFilterFactory",2,0.00,1.00,25,0.36,10425.60,2,0,7,9,5,141.36,5,28,0,4,101.47,0.00,0.75,0.00,0,0.00,1,1089.49,1,0,5,org.apache.solr.analysis.BaseTokenTestCase,0.00,7,3,2,0,7,2,0,5,207,1
"org.apache.solr.analysis.TestIndonesianStemFilterFactory",2,0.00,1.00,18,0.26,6150.90,2,0,7,9,5,108.17,9,21,0,4,107.94,0.00,0.75,0.00,0,0.00,1,772.76,1,0,5,org.apache.solr.analysis.BaseTokenTestCase,0.00,7,3,2,0,7,2,0,3,153,1
"org.apache.solr.analysis.TestItalianLightStemFilterFactory",1,0.00,1.00,6,0.08,1262.81,1,0,4,5,4,138.17,3,8,0,4,117.55,0.00,0.75,0.00,0,0.00,1,227.03,1,0,4,org.apache.solr.analysis.BaseTokenTestCase,0.00,4,3,1,0,4,1,0,1,51,1
"org.apache.solr.analysis.TestKeepFilterFactory",1,0.00,2.00,20,0.31,16165.92,1,0,5,10,4,89.40,4,22,0,4,89.17,0.00,0.75,0.00,0,0.00,2,943.13,0,0,4,org.apache.solr.analysis.BaseTokenTestCase,0.00,9,3,2,0,9,1,0,1,173,1
"org.apache.solr.analysis.TestKeepWordFilter",1,0.00,1.00,50,0.84,53676.76,1,0,10,20,8,22.27,8,48,0,4,70.38,0.00,0.75,0.00,0,0.00,1,2514.01,1,0,8,org.apache.solr.analysis.BaseTokenTestCase,0.00,19,3,1,0,19,1,0,6,424,1
"org.apache.solr.analysis.TestKeywordMarkerFilterFactory",2,0.00,1.00,24,0.38,8960.75,2,0,11,12,8,151.99,3,27,0,4,101.99,0.00,0.75,0.00,0,0.00,1,1134.64,1,0,8,org.apache.solr.analysis.BaseTokenTestCase,0.00,10,3,2,0,10,2,0,1,208,1
"org.apache.solr.analysis.TestLatvianStemFilterFactory",1,0.00,1.00,6,0.08,1262.81,1,0,4,5,4,138.17,3,8,0,4,117.55,0.00,0.75,0.00,0,0.00,1,227.03,1,0,4,org.apache.solr.analysis.BaseTokenTestCase,0.00,4,3,1,0,4,1,0,1,51,1
"org.apache.solr.analysis.TestLuceneMatchVersion",2,1.00,1.00,31,0.59,24333.99,3,1,11,23,11,134.84,5,36,0,3,94.96,0.00,0.67,0.50,0,2.00,1,1760.64,1,0,11,org.apache.solr.SolrTestCaseJ4,0.00,21,2,2,0,21,2,0,3,306,1
"org.apache.solr.analysis.TestMappingCharFilterFactory",1,0.00,4.00,15,0.17,4562.04,1,0,1,5,1,98.00,0,26,0,2,98.00,0.00,0.50,0.00,0,1.00,4,498.82,0,0,1,org.apache.lucene.util.LuceneTestCase,0.00,4,1,4,0,4,1,0,0,101,1
"org.apache.solr.analysis.TestMultiWordSynonyms",1,0.00,1.00,8,0.14,3333.81,1,0,6,8,5,109.81,4,11,0,4,109.57,0.00,0.75,0.00,0,0.00,1,406.63,1,0,5,org.apache.solr.analysis.BaseTokenTestCase,0.00,7,3,1,0,7,1,0,2,80,1
"org.apache.solr.analysis.TestNGramFilters",10,0.00,1.00,81,1.25,30199.81,10,0,7,26,8,130.52,33,102,0,4,109.91,0.00,0.75,0.00,0,10.00,1,3740.66,1,0,8,org.apache.solr.analysis.BaseTokenTestCase,0.00,16,3,10,0,16,10,0,11,728,1
"org.apache.solr.analysis.TestPatternReplaceCharFilter",10,0.00,1.00,80,1.48,32552.40,10,0,9,20,7,130.27,36,108,0,4,109.65,0.00,0.75,0.00,1,10.00,1,4427.74,1,1,7,org.apache.solr.analysis.BaseTokenTestCase,0.00,10,3,10,0,10,9,0,32,805,1
"org.apache.solr.analysis.TestPatternReplaceFilter",5,0.00,1.00,21,0.40,6548.97,5,0,4,9,4,123.99,3,47,0,4,123.99,0.00,0.75,0.00,0,5.00,1,1195.36,1,0,4,org.apache.solr.analysis.BaseTokenTestCase,0.00,4,3,5,0,4,5,0,1,246,1
"org.apache.solr.analysis.TestPatternTokenizerFactory",3,0.00,2.00,51,0.92,37282.57,3,0,12,27,9,50.41,22,71,0,4,92.70,0.00,0.75,0.00,1,3.00,3,2754.26,1,1,9,org.apache.solr.analysis.BaseTokenTestCase,0.00,24,3,6,0,24,2,0,11,480,1
"org.apache.solr.analysis.TestPersianNormalizationFilterFactory",1,0.00,1.00,7,0.08,1369.99,1,0,5,5,5,82.55,6,9,0,4,114.78,0.00,0.75,0.00,0,0.00,1,251.07,1,0,5,org.apache.solr.analysis.BaseTokenTestCase,0.00,4,3,1,0,4,1,0,2,55,1
"org.apache.solr.analysis.TestPhoneticFilter",3,0.00,1.67,38,0.67,22195.42,3,0,7,13,5,150.16,4,60,0,4,100.16,0.00,0.75,0.00,1,4.00,3,2000.67,1,0,5,org.apache.solr.analysis.BaseTokenTestCase,0.00,10,3,5,0,10,3,0,2,377,1
"org.apache.solr.analysis.TestPorterStemFilterFactory",1,0.00,1.00,7,0.08,1369.99,1,0,5,5,5,82.55,6,9,0,4,114.78,0.00,0.75,0.00,0,0.00,1,251.07,1,0,5,org.apache.solr.analysis.BaseTokenTestCase,0.00,4,3,1,0,4,1,0,2,55,1
"org.apache.solr.analysis.TestPortugueseLightStemFilterFactory",1,0.00,1.00,6,0.07,1180.69,1,0,4,5,4,138.40,3,8,0,4,117.78,0.00,0.75,0.00,0,0.00,1,222.33,1,0,4,org.apache.solr.analysis.BaseTokenTestCase,0.00,4,3,1,0,4,1,0,1,50,1
"org.apache.solr.analysis.TestPortugueseMinimalStemFilterFactory",1,0.00,1.00,6,0.07,1180.69,1,0,4,5,4,138.40,3,8,0,4,117.78,0.00,0.75,0.00,0,0.00,1,222.33,1,0,4,org.apache.solr.analysis.BaseTokenTestCase,0.00,4,3,1,0,4,1,0,1,50,1
"org.apache.solr.analysis.TestPortugueseStemFilterFactory",1,0.00,1.00,6,0.07,1180.69,1,0,4,5,4,138.40,3,8,0,4,117.78,0.00,0.75,0.00,0,0.00,1,222.33,1,0,4,org.apache.solr.analysis.BaseTokenTestCase,0.00,4,3,1,0,4,1,0,1,50,1
"org.apache.solr.analysis.TestRemoveDuplicatesTokenFilter",6,0.00,1.00,18,0.43,8312.71,6,0,7,14,7,128.46,0,59,0,4,128.46,0.00,0.75,0.00,2,6.00,1,1303.90,1,2,7,org.apache.solr.analysis.BaseTokenTestCase,0.00,8,3,6,0,8,4,0,0,285,1
"org.apache.solr.analysis.TestRemoveDuplicatesTokenFilter$TokenStream",1,0.00,2.00,14,0.15,2847.86,4,3,7,11,4,100.88,0,17,0,1,100.88,0.00,0.00,1.00,0,0.00,2,458.76,0,0,4,java.lang.Object,0.00,10,0,2,0,10,1,0,0,100,0
"org.apache.solr.analysis.TestReverseStringFilterFactory",1,0.00,1.00,8,0.10,1619.97,1,0,5,6,5,79.82,6,10,0,4,112.04,0.00,0.75,0.00,0,0.00,1,292.94,1,0,5,org.apache.solr.analysis.BaseTokenTestCase,0.00,5,3,1,0,5,1,0,2,62,1
"org.apache.solr.analysis.TestReversedWildcardFilterFactory",5,0.00,1.00,59,0.94,33455.16,8,3,16,22,9,152.03,7,88,0,3,102.03,0.00,0.67,0.33,0,5.00,1,2809.00,2,0,9,org.apache.solr.SolrTestCaseJ4,0.05,17,2,5,0,17,5,0,7,531,1
"org.apache.solr.analysis.TestRussianFilters",3,0.00,1.00,28,0.39,7732.82,3,0,4,13,3,108.78,12,35,0,4,108.54,0.00,0.75,0.00,0,0.00,1,1156.64,1,0,3,org.apache.solr.analysis.BaseTokenTestCase,0.00,10,3,3,0,10,3,0,4,227,1
"org.apache.solr.analysis.TestRussianLightStemFilterFactory",1,0.00,1.00,6,0.07,1180.69,1,0,4,5,4,138.40,3,8,0,4,117.78,0.00,0.75,0.00,0,0.00,1,222.33,1,0,4,org.apache.solr.analysis.BaseTokenTestCase,0.00,4,3,1,0,4,1,0,1,50,1
"org.apache.solr.analysis.TestShingleFilterFactory",13,0.00,1.00,117,1.91,45906.46,13,0,6,20,4,128.08,50,149,0,4,107.47,0.00,0.75,0.00,0,0.00,1,5737.32,1,0,4,org.apache.solr.analysis.BaseTokenTestCase,0.00,7,3,13,0,7,13,0,14,1078,1
"org.apache.solr.analysis.TestSmartChineseFactories",2,0.00,1.00,14,0.21,4255.62,2,0,4,8,6,95.40,10,21,0,4,113.27,0.00,0.75,0.00,0,2.00,1,638.57,1,0,6,org.apache.solr.analysis.BaseTokenTestCase,0.00,6,3,2,0,6,2,0,7,130,1
"org.apache.solr.analysis.TestSpanishLightStemFilterFactory",1,0.00,1.00,6,0.07,1180.69,1,0,4,5,4,138.40,3,8,0,4,117.78,0.00,0.75,0.00,0,0.00,1,222.33,1,0,4,org.apache.solr.analysis.BaseTokenTestCase,0.00,4,3,1,0,4,1,0,1,50,1
"org.apache.solr.analysis.TestStandardFactories",11,0.00,1.18,94,1.28,30125.24,11,0,7,46,12,130.82,33,111,0,4,110.20,0.00,0.75,0.00,0,0.00,2,3830.15,1,0,12,org.apache.solr.analysis.BaseTokenTestCase,0.00,35,3,13,0,35,11,0,12,738,1
"org.apache.solr.analysis.TestStemmerOverrideFilterFactory",2,0.00,1.00,24,0.38,8931.11,2,0,11,12,8,141.89,4,27,0,4,102.00,0.00,0.75,0.00,0,0.00,1,1125.90,1,0,8,org.apache.solr.analysis.BaseTokenTestCase,0.00,10,3,2,0,10,2,0,2,207,1
"org.apache.solr.analysis.TestStempelPolishStemFilterFactory",1,0.00,1.00,7,0.09,1721.82,1,0,4,7,5,140.28,19,10,0,4,113.99,0.00,0.75,0.00,0,0.00,1,279.91,1,0,5,org.apache.solr.analysis.BaseTokenTestCase,0.00,6,3,1,0,6,1,0,2,61,1
"org.apache.solr.analysis.TestStopFilterFactory",1,0.00,2.00,22,0.38,21647.93,1,0,5,11,4,86.86,4,24,0,4,86.62,0.00,0.75,0.00,0,0.00,2,1149.92,0,0,4,org.apache.solr.analysis.BaseTokenTestCase,0.00,10,3,2,0,10,1,0,1,207,1
"org.apache.solr.analysis.TestSwedishLightStemFilterFactory",1,0.00,1.00,6,0.08,1262.81,1,0,4,5,4,138.17,3,8,0,4,117.55,0.00,0.75,0.00,0,0.00,1,227.03,1,0,4,org.apache.solr.analysis.BaseTokenTestCase,0.00,4,3,1,0,4,1,0,1,51,1
"org.apache.solr.analysis.TestSynonymFilter",13,0.00,1.38,203,3.55,188677.89,13,0,16,27,14,134.17,34,257,0,4,94.28,0.00,0.75,0.00,2,13.00,6,10648.69,1,2,14,org.apache.solr.analysis.BaseTokenTestCase,0.00,14,3,18,0,14,11,0,23,1957,1
"org.apache.solr.analysis.TestSynonymFilter$Deprecated",3,0.31,1.33,25,0.36,9551.86,11,8,16,19,8,109.66,0,33,0,3,109.66,0.00,0.67,0.33,0,4.00,2,1079.23,0,0,8,org.apache.lucene.analysis.TokenStream,0.27,16,2,4,0,16,3,0,0,215,2
"org.apache.solr.analysis.TestSynonymMap",8,0.00,1.38,186,2.71,190480.51,8,0,9,31,6,85.90,37,198,0,2,85.67,0.00,0.50,0.00,2,8.00,3,8116.94,0,1,6,org.apache.lucene.util.LuceneTestCase,0.00,23,1,11,0,23,7,0,37,1481,1
"org.apache.solr.analysis.TestSynonymMap$ResourceLoader",3,0.00,1.33,11,0.12,2964.67,3,0,9,7,0,129.55,0,15,0,1,129.55,0.00,0.00,0.00,0,3.00,2,359.02,0,3,0,java.lang.Object,0.00,4,0,4,0,4,0,0,0,84,0
"org.apache.solr.analysis.TestThaiWordFilterFactory",1,0.00,1.00,9,0.13,2006.45,1,0,6,7,6,77.18,6,12,0,4,109.40,0.00,0.75,0.00,0,0.00,1,385.18,1,0,6,org.apache.solr.analysis.BaseTokenTestCase,0.00,6,3,1,0,6,1,0,2,75,1
"org.apache.solr.analysis.TestTrimFilter",1,0.00,1.00,27,0.62,32337.06,1,0,12,10,11,49.87,6,39,0,4,82.09,0.00,0.75,0.00,0,1.00,1,1874.45,1,0,11,org.apache.solr.analysis.BaseTokenTestCase,0.00,9,3,1,0,9,1,0,2,320,1
"org.apache.solr.analysis.TestTrimFilter$Deprecated",3,0.31,1.33,25,0.36,9551.86,11,8,12,19,8,109.66,0,33,0,3,109.66,0.00,0.67,0.33,0,4.00,2,1079.23,0,0,8,org.apache.lucene.analysis.TokenStream,0.27,16,2,4,0,16,3,0,0,215,2
"org.apache.solr.analysis.TestTurkishLowerCaseFilterFactory",1,0.00,1.00,7,0.08,1369.99,1,0,5,5,5,82.55,6,9,0,4,114.78,0.00,0.75,0.00,0,0.00,1,251.07,1,0,5,org.apache.solr.analysis.BaseTokenTestCase,0.00,4,3,1,0,4,1,0,2,55,1
"org.apache.solr.analysis.TestUAX29URLEmailTokenizerFactory",8,0.00,1.12,62,1.07,22351.68,8,0,5,18,3,162.31,8,134,0,4,112.31,0.00,0.75,0.00,0,0.00,2,3223.11,1,0,3,org.apache.solr.analysis.BaseTokenTestCase,0.00,10,3,9,0,10,8,0,6,591,1
"org.apache.solr.analysis.TestWikipediaTokenizerFactory",1,0.00,1.00,10,0.14,2588.89,1,0,5,4,4,133.10,19,13,0,4,106.82,0.00,0.75,0.00,0,1.00,1,425.30,1,0,4,org.apache.solr.analysis.BaseTokenTestCase,0.00,3,3,1,0,3,1,0,2,83,1
"org.apache.solr.analysis.TestWordDelimiterFilter",19,0.00,1.00,168,2.61,101431.21,19,0,27,39,19,147.85,53,291,0,3,107.96,0.00,0.67,0.00,3,19.00,1,7834.48,6,0,19,org.apache.solr.SolrTestCaseJ4,0.00,20,2,19,0,20,19,0,31,1494,1
"org.apache.solr.analysis.TestWordDelimiterFilter$Analyzer",1,0.00,1.00,3,0.05,1082.26,1,0,27,3,3,129.31,0,7,0,1,129.31,0.00,0.00,0.00,0,1.00,1,164.08,0,1,3,java.lang.Object,0.00,2,0,1,0,2,0,0,0,39,0
"org.apache.solr.analysis.TestWordDelimiterFilter$Analyzer_0",1,0.00,1.00,3,0.06,1157.97,1,0,27,4,3,129.08,0,8,0,1,129.08,0.00,0.00,0.00,0,1.00,1,179.90,0,1,3,java.lang.Object,0.00,3,0,1,0,3,0,0,0,42,0
"org.apache.solr.analysis.TestWordDelimiterFilter$Analyzer_1",1,0.00,1.00,5,0.09,1906.76,1,0,27,5,5,119.10,0,9,0,1,119.10,0.00,0.00,0.00,0,1.00,1,268.07,0,1,5,java.lang.Object,0.00,4,0,1,0,4,0,0,0,57,0
"org.apache.solr.analysis.TestWordDelimiterFilter$LargePosIncTokenFilter",2,0.00,2.00,11,0.13,2544.21,4,2,27,6,4,120.32,0,18,0,4,120.32,0.00,0.75,0.50,0,2.00,3,381.02,0,0,4,org.apache.lucene.analysis.TokenFilter,0.29,4,3,4,0,4,2,0,0,89,2
"org.apache.solr.analysis.ThaiWordFilterFactory",1,0.00,1.00,4,0.03,274.80,1,0,2,2,4,85.21,11,6,1,3,129.34,0.00,0.67,0.00,0,0.00,1,76.45,1,1,3,org.apache.solr.analysis.BaseTokenFilterFactory,0.00,1,2,1,0,1,0,0,1,23,1
"org.apache.solr.analysis.TokenFilterFactory",3,0.00,1.00,4,0.03,247.81,3,0,2,3,10,126.52,39,5,9,1,155.90,0.00,0.00,0.00,0,3.00,1,89.64,0,2,1,,0.00,0,0,3,0,0,1,0,4,31,1
"org.apache.solr.analysis.TokenOffsetPayloadTokenFilterFactory",1,0.00,1.00,3,0.02,225.35,1,0,2,2,3,90.55,11,5,0,3,134.67,0.00,0.67,0.00,0,1.00,1,58.69,0,1,3,org.apache.solr.analysis.BaseTokenFilterFactory,0.00,1,2,1,0,1,0,0,1,19,1
"org.apache.solr.analysis.TokenizerChain",8,0.05,1.62,48,0.44,14456.73,11,3,5,16,15,116.21,7,51,7,3,116.21,0.00,0.67,0.29,1,24.00,3,1320.54,0,6,8,org.apache.solr.analysis.SolrAnalyzer,0.00,8,2,13,0,8,2,0,5,295,2
"org.apache.solr.analysis.TokenizerFactory",3,0.00,1.00,4,0.03,241.10,3,0,3,3,8,118.44,37,5,7,1,156.00,0.00,0.00,0.00,0,3.00,1,91.19,0,2,1,,0.00,0,0,3,0,0,1,0,4,31,1
"org.apache.solr.analysis.TrieTokenizer",7,0.12,2.14,53,0.68,21650.39,14,7,8,27,6,111.81,1,78,1,4,111.81,0.00,0.75,0.24,1,0.00,7,2030.03,2,1,5,org.apache.lucene.analysis.Tokenizer,0.67,20,3,15,0,20,6,0,1,397,1
"org.apache.solr.analysis.TrieTokenizerFactory",2,0.00,1.00,8,0.07,1046.28,4,2,8,4,8,94.91,12,11,1,3,127.13,0.00,0.67,0.50,0,2.00,1,214.45,0,0,7,org.apache.solr.analysis.BaseTokenizerFactory,0.00,2,2,2,0,2,2,0,1,58,1
"org.apache.solr.analysis.TrimFilter",2,0.33,5.00,35,0.42,39534.08,5,3,5,10,5,73.03,10,39,1,4,90.90,0.00,0.75,0.50,0,2.00,9,1259.05,0,0,4,org.apache.lucene.analysis.TokenFilter,0.29,8,3,10,0,8,2,0,6,233,2
"org.apache.solr.analysis.TrimFilterFactory",2,0.00,2.00,11,0.14,3944.21,3,1,3,6,5,86.60,12,19,1,3,118.82,0.00,0.67,1.00,0,0.00,3,413.05,1,1,4,org.apache.solr.analysis.BaseTokenFilterFactory,0.00,4,2,4,0,4,1,0,1,89,1
"org.apache.solr.analysis.TurkishLowerCaseFilterFactory",1,0.00,1.00,3,0.02,225.35,1,0,2,2,4,90.55,11,5,1,3,134.67,0.00,0.67,0.00,0,1.00,1,58.69,0,1,3,org.apache.solr.analysis.BaseTokenFilterFactory,0.00,1,2,1,0,1,0,0,1,19,1
"org.apache.solr.analysis.TypeAsPayloadTokenFilterFactory",1,0.00,1.00,3,0.02,225.35,1,0,2,2,3,90.55,11,5,0,3,134.67,0.00,0.67,0.00,0,1.00,1,58.69,0,1,3,org.apache.solr.analysis.BaseTokenFilterFactory,0.00,1,2,1,0,1,0,0,1,19,1
"org.apache.solr.analysis.UAX29URLEmailTokenizerFactory",2,0.00,1.00,10,0.09,1592.33,3,1,4,4,4,104.21,11,15,1,3,122.08,0.00,0.67,1.00,0,0.00,1,273.01,2,1,3,org.apache.solr.analysis.BaseTokenizerFactory,0.00,2,2,2,0,2,1,0,1,67,1
"org.apache.solr.analysis.WhitespaceTokenizerFactory",2,0.00,1.00,6,0.05,786.43,2,0,3,3,3,114.90,10,10,1,3,132.77,0.00,0.67,0.00,0,2.00,1,155.94,2,1,2,org.apache.solr.analysis.BaseTokenizerFactory,0.00,1,2,2,0,1,1,0,1,43,1
"org.apache.solr.analysis.WikipediaTokenizerFactory",1,0.00,1.00,3,0.02,192.92,1,0,3,2,4,91.08,11,5,1,3,135.21,0.00,0.67,0.00,0,1.00,1,60.48,0,1,3,org.apache.solr.analysis.BaseTokenizerFactory,0.00,1,2,1,0,1,0,0,2,19,1
"org.apache.solr.analysis.WordDelimiterFilter",21,0.05,2.29,179,2.51,112106.23,51,30,10,48,15,63.64,232,294,5,4,107.77,0.00,0.75,0.08,7,224.00,20,7518.52,1,0,10,org.apache.lucene.analysis.TokenFilter,0.24,27,3,48,0,27,21,0,63,1431,1
"org.apache.solr.analysis.WordDelimiterFilter$WordDelimiterConcatenation",5,0.30,1.40,31,0.28,5013.73,10,5,10,12,0,118.50,21,40,0,1,118.26,0.00,0.00,0.44,2,0.00,3,841.30,0,0,0,java.lang.Object,0.00,7,0,7,0,7,5,0,5,189,1
"org.apache.solr.analysis.WordDelimiterFilterFactory",6,0.27,6.00,97,1.58,78047.82,21,15,13,29,9,133.16,17,127,1,3,93.27,0.00,0.67,0.29,2,18.00,13,4732.27,1,2,8,org.apache.solr.analysis.BaseTokenFilterFactory,0.00,23,2,36,0,23,4,1,4,846,1
"org.apache.solr.analysis.WordDelimiterIterator",0,0.00,0.00,110,1.67,338590.89,14,14,1,8,3,171.00,109,157,3,1,171.00,0.00,0.00,0.00,0,0.00,0,4995.27,0,0,0,java.lang.Object,0.00,8,0,0,0,8,0,0,47,766,2
"org.apache.solr.client.solrj.util.ClientUtils",9,3.00,3.33,89,1.34,67312.51,12,3,18,44,22,86.75,49,122,13,1,104.62,0.00,0.00,0.00,1,9.00,9,4030.55,0,8,9,java.lang.Object,0.00,35,0,30,0,35,1,0,17,752,1
"org.apache.solr.client.solrj.util.ClientUtilsTest",1,0.00,1.00,7,0.07,1113.60,1,0,1,3,1,97.61,5,10,0,2,115.48,0.00,0.50,0.00,0,1.00,1,224.01,0,0,1,org.apache.lucene.util.LuceneTestCase,0.00,2,1,1,0,2,1,0,1,56,1
"org.apache.lucene.store.AlreadyClosedException",1,0.00,1.00,3,0.02,106.02,1,0,0,1,19,170.64,20,5,19,2,137.25,0.00,0.50,0.00,0,1.00,1,45.51,0,0,0,java.lang.IllegalStateException,0.00,0,1,1,0,0,1,0,2,16,1
"org.apache.lucene.store.BufferedIndexInput",21,0.18,2.24,145,1.87,115023.86,27,6,1,25,21,152.23,51,200,20,2,112.35,6.00,0.12,0.33,6,0.00,7,5598.43,5,1,2,org.apache.lucene.store.IndexInput,0.55,4,1,47,6,4,20,0,35,1130,2
"org.apache.lucene.store.BufferedIndexOutput",9,0.12,1.89,46,0.51,34493.44,13,4,1,10,3,116.80,41,68,2,2,116.56,1.00,0.33,0.36,2,8.00,8,1534.91,0,0,1,org.apache.lucene.store.IndexOutput,0.52,1,1,17,1,1,9,0,21,330,2
"org.apache.lucene.store.ChecksumIndexInput",8,0.07,1.00,23,0.21,3532.67,10,2,3,17,2,138.94,5,39,1,2,138.94,0.00,0.50,0.56,0,0.00,1,623.92,0,0,1,org.apache.lucene.store.IndexInput,0.44,9,1,8,0,9,8,0,1,164,1
"org.apache.lucene.store.ChecksumIndexOutput",11,0.05,1.00,32,0.30,4792.53,13,2,3,23,2,188.99,17,51,1,2,138.99,0.00,0.50,0.55,1,0.00,1,905.19,0,0,1,org.apache.lucene.store.IndexOutput,0.48,12,1,11,0,12,11,0,8,233,1
"org.apache.lucene.store.DirectIOLinuxDirectory",3,0.17,1.67,16,0.22,4626.85,6,3,9,6,7,69.70,29,22,0,3,119.70,0.00,0.67,0.22,0,1.00,2,674.18,3,2,7,org.apache.lucene.store.FSDirectory,0.00,3,2,5,0,3,1,0,3,147,1
"org.apache.lucene.store.DirectIOLinuxDirectory$DirectIOLinuxIndexInput",10,0.36,1.90,81,0.84,25660.29,18,8,9,27,2,160.32,12,112,0,2,110.32,0.00,0.50,0.45,2,0.00,3,2516.52,0,1,2,org.apache.lucene.store.IndexInput,0.48,17,1,19,0,17,9,0,12,528,3
"org.apache.lucene.store.DirectIOLinuxDirectory$DirectIOLinuxIndexOutput",9,0.28,1.78,74,0.83,33104.78,17,8,9,25,2,148.99,25,104,0,2,109.10,0.00,0.50,0.38,1,0.00,3,2502.62,0,0,2,org.apache.lucene.store.IndexOutput,0.52,16,1,16,0,16,9,0,25,514,3
"org.apache.lucene.store.Directory",21,0.45,1.33,52,0.55,10451.00,23,2,6,33,343,96.18,158,82,336,1,138.47,0.00,0.00,0.07,3,74.00,4,1652.34,1,3,7,java.lang.Object,0.00,12,0,28,15,12,18,1,24,408,2
"org.apache.lucene.store.FSDirectory",27,0.05,1.96,152,1.96,69689.37,33,6,15,73,47,85.68,180,228,37,2,117.90,5.00,0.14,0.12,7,128.00,7,5893.93,2,9,13,org.apache.lucene.store.Directory,0.21,46,1,53,5,46,18,0,37,1218,2
"org.apache.lucene.store.FSDirectory$FSIndexOutput",6,0.15,1.50,31,0.32,6976.73,10,4,15,14,2,120.69,5,49,0,3,120.69,0.00,0.67,0.38,0,0.00,4,956.71,2,0,2,org.apache.lucene.store.BufferedIndexOutput,0.45,8,2,9,0,8,6,0,5,219,2
"org.apache.lucene.store.FSDirectory$FilenameFilter",1,0.00,1.00,3,0.03,458.50,1,0,15,3,0,132.24,0,4,0,1,132.24,0.00,0.00,0.00,0,1.00,1,86.14,0,0,0,java.lang.Object,0.00,2,0,1,0,2,1,0,0,24,0
"org.apache.lucene.store.FSLockFactory",2,1.00,1.50,7,0.06,1213.45,3,1,1,3,5,83.09,16,11,4,2,131.19,2.00,0.25,0.50,0,2.00,2,190.50,0,1,1,org.apache.lucene.store.LockFactory,0.00,1,1,3,2,1,1,0,4,49,2
"org.apache.lucene.store.FileSwitchDirectory",16,0.08,1.44,63,0.75,22117.77,20,4,7,37,4,178.39,17,102,1,2,128.39,0.00,0.50,0.17,3,50.00,3,2241.74,0,7,3,org.apache.lucene.store.Directory,0.11,21,1,23,0,21,9,0,5,519,1
"org.apache.lucene.store.IndexInput",19,0.44,2.26,120,1.55,99978.88,21,2,4,23,66,80.26,123,146,66,1,112.48,0.00,0.00,0.08,6,66.00,9,4654.75,1,4,2,java.lang.Object,0.00,4,0,43,17,4,15,2,25,982,2
"org.apache.lucene.store.IndexOutput",18,0.47,1.72,83,1.22,71523.12,20,2,4,26,45,120.31,74,108,44,1,120.07,0.00,0.00,0.06,5,34.00,4,3661.32,0,0,2,java.lang.Object,0.00,8,0,31,7,8,18,1,18,757,2
"org.apache.lucene.store.Lock",4,0.11,2.50,28,0.34,19599.75,7,3,2,10,28,61.73,41,37,26,1,110.21,0.00,0.00,0.25,1,6.00,7,1012.61,0,0,2,java.lang.Object,0.00,6,0,10,7,6,4,0,9,197,2
"org.apache.lucene.store.Lock$With",3,0.25,1.33,13,0.11,1805.78,5,2,2,5,2,147.20,10,19,0,1,126.59,0.00,0.00,0.33,1,4.00,2,320.43,0,2,2,java.lang.Object,0.00,2,0,4,0,2,1,0,3,81,3
"org.apache.lucene.store.LockFactory",4,1.00,1.00,8,0.06,564.89,5,1,1,4,16,92.84,36,11,15,1,142.84,0.00,0.00,0.00,0,4.00,1,176.92,0,2,1,java.lang.Object,0.00,0,0,4,7,0,2,0,5,53,2
"org.apache.lucene.store.LockObtainFailedException",1,0.00,1.00,3,0.02,106.02,1,0,1,1,21,94.96,7,5,21,2,137.25,0.00,0.50,0.00,0,1.00,1,45.51,0,0,0,java.io.IOException,0.00,0,1,1,0,0,1,0,1,16,1
"org.apache.lucene.store.LockReleaseFailedException",1,0.00,1.00,3,0.02,106.02,1,0,1,1,5,119.38,5,5,5,2,137.25,0.00,0.50,0.00,0,1.00,1,45.51,0,0,0,java.io.IOException,0.00,0,1,1,0,0,1,0,1,16,1
"org.apache.lucene.store.LockStressTest",1,0.00,11.00,36,0.74,45735.51,1,0,2,17,5,27.59,8,64,0,1,75.70,0.00,0.00,0.00,0,1.00,11,2208.03,0,0,5,java.lang.Object,0.00,16,0,11,0,16,1,0,1,331,1
"org.apache.lucene.store.LockVerifyServer",2,0.00,4.50,36,0.57,33684.68,2,0,5,18,0,72.67,10,47,0,1,90.55,0.00,0.00,0.00,1,2.00,8,1721.18,0,1,0,java.lang.Object,0.00,16,0,9,0,16,1,0,2,290,1
"org.apache.lucene.store.MMapDirectory",8,0.11,1.62,43,0.47,12035.30,12,4,13,20,8,82.23,99,66,5,3,119.79,0.00,0.67,0.16,0,30.00,3,1418.06,2,0,4,org.apache.lucene.store.FSDirectory,0.00,12,2,13,0,12,8,0,13,312,1
"org.apache.lucene.store.MMapDirectory$MMapIndexInput",10,0.04,1.60,40,0.44,9703.05,13,3,13,21,2,124.91,1,71,0,2,124.91,0.00,0.50,0.37,0,0.00,2,1317.89,1,1,2,org.apache.lucene.store.IndexInput,0.62,11,1,16,0,11,9,0,1,306,1
"org.apache.lucene.store.MMapDirectory$MultiMMapIndexInput",10,0.16,2.70,94,1.18,71085.59,17,7,13,27,2,104.84,6,134,0,2,104.84,0.00,0.50,0.29,2,0.00,6,3550.07,3,1,2,org.apache.lucene.store.IndexInput,0.62,17,1,27,0,17,9,0,6,694,1
"org.apache.lucene.store.MMapDirectory$PrivilegedExceptionAction<Object>",1,0.00,2.00,8,0.10,2648.16,1,0,13,7,0,110.20,0,12,0,1,110.20,0.00,0.00,0.00,0,1.00,2,292.28,0,1,0,java.lang.Object,0.00,6,0,2,0,6,0,0,0,65,0
"org.apache.lucene.store.MockDirectoryWrapper",45,0.03,2.04,260,3.37,147479.02,63,18,16,118,51,167.08,84,362,42,2,117.08,1.00,0.33,0.09,6,561.00,8,10106.66,0,9,11,org.apache.lucene.store.Directory,0.15,73,1,92,1,73,36,0,38,1990,1
"org.apache.lucene.store.MockDirectoryWrapper$Failure",4,0.67,1.00,9,0.05,354.80,5,1,16,4,1,144.67,16,11,0,1,144.43,0.00,0.00,0.50,0,4.00,1,141.29,0,1,1,java.lang.Object,0.00,0,0,4,0,0,3,0,2,45,2
"org.apache.lucene.store.MockDirectoryWrapper$Throttling",0,0.00,0.00,2,0.01,71.32,0,0,17,0,0,171.00,1,5,0,1,171.00,0.00,0.00,0.00,0,0.00,0,28.53,0,0,0,java.lang.Object,0.00,0,0,0,0,0,0,0,1,9,2
"org.apache.lucene.store.MockIndexInputWrapper",19,0.06,1.16,59,0.67,16570.78,23,4,2,44,4,169.90,40,103,2,2,130.01,0.00,0.50,0.30,0,0.00,4,2003.04,0,3,3,org.apache.lucene.store.IndexInput,0.89,25,1,22,0,25,16,0,11,481,1
"org.apache.lucene.store.MockIndexOutputWrapper",10,0.13,2.20,71,0.98,63431.87,15,5,2,32,3,159.35,17,105,1,2,109.35,0.00,0.50,0.32,1,0.00,11,2926.64,0,0,3,org.apache.lucene.store.IndexOutput,0.57,22,1,22,0,22,10,0,12,556,1
"org.apache.lucene.store.NIOFSDirectory",3,0.00,1.00,9,0.10,1162.56,3,0,6,5,5,103.44,39,14,3,3,132.82,0.00,0.67,0.00,0,3.00,1,288.68,2,0,3,org.apache.lucene.store.FSDirectory,0.00,2,2,3,0,2,3,0,5,74,1
"org.apache.lucene.store.NIOFSDirectory$NIOFSIndexInput",4,0.25,3.00,54,0.64,53637.94,8,4,6,16,0,117.31,13,76,0,2,96.69,0.00,0.50,0.44,0,0.00,8,1915.10,1,0,0,SimpleFSDirectory.SimpleFSIndexInput,0.00,12,1,12,0,12,4,0,13,351,2
"org.apache.lucene.store.NRTCachingDirectory",19,0.15,1.95,108,1.25,41459.01,25,6,12,55,12,139.10,61,160,1,2,118.48,0.00,0.50,0.31,2,0.00,4,3759.80,0,7,11,org.apache.lucene.store.Directory,0.10,36,1,37,0,36,12,0,11,815,1
"org.apache.lucene.store.NRTCachingDirectory$ConcurrentMergeScheduler",1,0.00,1.00,6,0.07,1339.54,1,0,12,2,0,117.35,0,10,0,1,117.35,0.00,0.00,0.00,0,0.00,1,199.76,1,0,0,java.lang.Object,0.00,1,0,1,0,1,1,0,0,47,0
"org.apache.lucene.store.NativeFSLock",6,0.30,4.17,82,0.86,49000.87,12,6,6,25,3,50.21,53,135,1,2,98.31,0.00,0.50,0.42,3,0.00,13,2569.58,0,1,2,org.apache.lucene.store.Lock,0.60,19,1,25,0,19,5,0,35,489,0
"org.apache.lucene.store.NativeFSLockFactory",5,0.00,1.60,16,0.17,3732.97,5,0,6,10,9,86.34,58,27,6,3,130.47,0.00,0.67,0.00,1,7.00,3,520.24,1,1,3,org.apache.lucene.store.FSLockFactory,0.00,5,2,8,0,5,4,0,14,125,1
"org.apache.lucene.store.NativePosixUtil",6,6.00,1.17,18,0.25,4279.56,12,6,3,7,2,130.70,0,22,2,1,130.70,0.00,0.00,0.00,1,6.00,2,742.94,0,1,0,java.lang.Object,0.00,1,0,7,0,1,5,0,0,179,2
"org.apache.lucene.store.NoLock",4,0.00,1.00,8,0.05,547.10,4,0,1,4,2,142.95,0,17,1,2,142.95,0.00,0.50,0.00,0,4.00,1,153.76,0,1,1,org.apache.lucene.store.Lock,0.75,0,1,4,0,0,3,0,0,48,0
"org.apache.lucene.store.NoLockFactory",4,0.33,1.00,10,0.08,1423.37,6,2,1,6,8,160.30,14,15,5,2,139.68,0.00,0.50,0.25,0,8.00,1,233.37,0,2,3,org.apache.lucene.store.LockFactory,0.00,2,1,4,0,2,2,0,4,65,1
"org.apache.lucene.store.NoSuchDirectoryException",1,0.00,1.00,3,0.02,106.02,1,0,1,1,5,137.49,4,5,5,2,137.25,0.00,0.50,0.00,0,1.00,1,45.51,0,0,0,java.io.FileNotFoundException,0.00,0,1,1,0,0,1,0,1,16,1
"org.apache.lucene.store.RAMDirectory",14,0.05,1.86,85,0.94,27610.40,17,3,11,43,52,136.50,54,120,44,2,115.88,1.00,0.33,0.29,1,0.00,4,2828.76,2,3,9,org.apache.lucene.store.Directory,0.11,29,1,26,1,29,11,1,19,596,1
"org.apache.lucene.store.RAMFile",11,0.05,1.09,34,0.30,6956.24,17,6,2,16,5,181.13,11,46,5,1,131.13,0.00,0.00,0.12,1,49.00,2,888.39,0,0,1,java.lang.Object,0.00,5,0,12,2,5,11,1,6,217,1
"org.apache.lucene.store.RAMInputStream",9,0.38,2.44,66,0.79,37686.45,17,8,1,14,7,110.75,6,94,3,2,110.75,0.00,0.50,0.46,1,0.00,4,2359.64,0,0,4,org.apache.lucene.store.IndexInput,0.50,5,1,22,0,5,9,1,6,472,0
"org.apache.lucene.store.RAMOutputStream",15,0.31,1.87,91,0.92,35269.03,22,7,1,25,9,115.28,14,126,6,2,115.28,0.00,0.50,0.43,3,0.00,4,2755.33,0,0,3,org.apache.lucene.store.IndexOutput,0.48,10,1,28,0,10,15,0,10,586,1
"org.apache.lucene.store.SimpleFSDirectory",3,0.00,1.00,9,0.09,1082.28,3,0,3,5,8,100.84,19,13,6,3,133.06,0.00,0.67,0.00,0,4.00,1,273.70,1,1,3,org.apache.lucene.store.FSDirectory,0.00,2,2,3,0,2,2,0,4,71,1
"org.apache.lucene.store.SimpleFSDirectory$SimpleFSIndexInput",8,0.05,1.62,46,0.52,30825.94,11,3,3,18,2,166.58,10,72,0,3,116.58,0.00,0.67,0.29,0,0.00,5,1570.91,2,1,2,org.apache.lucene.store.BufferedIndexInput,0.31,10,2,13,0,10,7,0,8,326,2
"org.apache.lucene.store.SimpleFSDirectory$SimpleFSIndexInput$Descriptor",2,0.33,1.50,12,0.09,1358.75,5,3,3,2,0,169.58,2,17,0,2,119.58,0.00,0.50,0.50,0,0.00,2,273.95,1,0,0,java.io.RandomAccessFile,0.00,0,1,3,0,0,2,0,2,69,2
"org.apache.lucene.store.SimpleFSLock",5,0.12,1.80,18,0.22,5633.91,7,2,2,14,3,129.03,1,33,1,2,129.03,0.00,0.50,0.60,0,0.00,4,651.51,0,1,2,org.apache.lucene.store.Lock,0.67,9,1,9,0,9,4,0,1,155,0
"org.apache.lucene.store.SimpleFSLockFactory",5,0.00,1.80,18,0.20,5735.12,5,0,2,10,6,78.97,45,30,3,3,128.97,0.00,0.67,0.00,0,7.00,4,594.31,1,1,3,org.apache.lucene.store.FSLockFactory,0.00,5,2,9,0,5,4,0,4,139,1
"org.apache.lucene.store.SingleInstanceLock",5,0.25,1.00,17,0.15,2520.69,7,2,2,8,2,131.92,0,30,1,2,131.92,0.00,0.50,0.70,0,0.00,1,445.66,1,1,1,org.apache.lucene.store.Lock,0.67,3,1,5,0,3,4,0,0,117,0
"org.apache.lucene.store.SingleInstanceLockFactory",2,0.00,1.50,8,0.09,1813.75,3,1,2,6,6,92.94,13,15,3,2,125.16,0.00,0.50,1.00,0,0.00,2,273.82,0,0,3,org.apache.lucene.store.LockFactory,0.00,4,1,3,0,4,2,0,4,68,1
"org.apache.lucene.store.TestBufferedIndexInput",9,0.31,2.78,144,1.89,99786.94,11,2,24,55,15,114.61,35,163,0,2,94.00,0.00,0.50,0.22,5,18.00,7,5657.81,0,0,15,org.apache.lucene.util.LuceneTestCase,0.00,46,1,25,0,46,9,0,35,1019,1
"org.apache.lucene.store.TestBufferedIndexInput$MockFSDirectory",12,0.03,1.08,37,0.45,8289.75,15,3,24,28,6,130.82,4,70,0,2,130.82,0.00,0.50,0.36,1,0.00,2,1335.52,0,4,6,org.apache.lucene.store.Directory,0.12,16,1,13,0,16,8,0,4,316,2
"org.apache.lucene.store.TestBufferedIndexInput$MyBufferedIndexInput",6,0.50,1.17,19,0.16,3287.11,8,2,24,6,1,131.60,1,27,0,3,131.60,0.00,0.67,0.08,0,10.00,2,481.59,0,0,1,org.apache.lucene.store.BufferedIndexInput,0.26,0,2,7,0,0,6,0,1,125,2
"org.apache.lucene.store.TestCopyBytes",2,0.00,5.50,60,0.85,89852.51,2,0,3,21,4,128.87,3,67,0,2,78.87,0.00,0.50,0.00,1,2.00,10,2535.44,0,0,4,org.apache.lucene.util.LuceneTestCase,0.00,19,1,11,0,19,2,0,3,416,1
"org.apache.lucene.store.TestDirectory",8,0.00,2.25,108,1.33,83082.85,8,0,5,44,12,147.63,14,121,0,2,97.63,0.00,0.50,0.00,1,8.00,8,4000.86,0,0,12,org.apache.lucene.util.LuceneTestCase,0.00,36,1,18,0,36,8,0,14,724,1
"org.apache.lucene.store.TestFileSwitchDirectory",1,0.00,4.00,41,0.59,29151.95,1,0,11,28,10,27.26,8,37,0,2,75.36,0.00,0.50,0.00,0,1.00,4,1768.61,0,0,10,org.apache.lucene.util.LuceneTestCase,0.00,27,1,4,0,27,1,0,5,295,1
"org.apache.lucene.store.TestHugeRamFile",1,1.00,8.00,57,0.71,80764.32,2,1,3,12,2,18.28,8,48,0,2,66.38,0.00,0.50,0.00,0,1.00,8,2134.25,0,0,2,org.apache.lucene.util.LuceneTestCase,0.00,11,1,8,0,11,1,0,7,368,1
"org.apache.lucene.store.TestHugeRamFile$DenseRAMFile",1,0.00,3.00,12,0.16,6226.52,3,2,3,4,1,121.23,3,17,0,2,100.61,0.00,0.50,1.00,0,0.00,3,471.85,0,0,1,org.apache.lucene.store.RAMFile,0.17,3,1,3,0,3,1,0,3,101,2
"org.apache.lucene.store.TestLock",1,0.00,2.00,9,0.08,1329.35,1,0,2,5,1,110.65,0,13,0,2,110.65,0.00,0.50,0.00,0,1.00,2,247.01,0,0,1,org.apache.lucene.util.LuceneTestCase,0.00,4,1,2,0,4,1,0,0,57,1
"org.apache.lucene.store.TestLock$LockMock",3,1.00,1.00,8,0.05,517.34,4,1,2,3,1,142.16,1,15,0,2,142.16,0.00,0.50,0.33,0,4.00,1,145.73,0,0,1,org.apache.lucene.store.Lock,0.86,0,1,3,0,0,3,0,1,44,1
"org.apache.lucene.store.TestLockFactory",12,0.00,1.75,125,1.67,48449.08,12,0,17,57,20,145.06,33,151,0,2,105.17,0.00,0.50,0.00,1,12.00,3,5020.73,0,0,20,org.apache.lucene.util.LuceneTestCase,0.00,45,1,21,0,45,12,0,33,971,1
"org.apache.lucene.store.TestLockFactory$MockLockFactory",4,0.11,1.00,18,0.22,3957.07,7,3,17,12,4,124.95,0,26,0,2,124.95,0.00,0.50,0.25,0,8.00,1,647.92,1,1,4,org.apache.lucene.store.LockFactory,0.00,8,1,4,0,8,3,0,0,147,1
"org.apache.lucene.store.TestLockFactory$MockLockFactory$MockLock",3,1.00,1.00,8,0.05,494.89,4,1,17,3,1,142.31,1,15,0,2,142.31,0.00,0.50,0.33,0,4.00,1,144.06,0,0,1,org.apache.lucene.store.Lock,0.86,0,1,3,0,0,3,0,1,44,1
"org.apache.lucene.store.TestLockFactory$SearcherThread",2,0.00,3.00,32,0.36,15195.26,5,3,17,10,5,95.27,1,40,0,2,95.27,0.00,0.50,0.33,0,2.00,5,1089.29,0,0,5,org.apache.lucene.index.Thread,0.00,8,1,6,0,8,2,0,1,207,1
"org.apache.lucene.store.TestLockFactory$WriterThread",2,0.00,4.50,38,0.48,32530.82,5,3,17,12,4,110.41,6,49,0,2,89.79,0.00,0.50,0.33,0,2.00,8,1429.44,0,0,4,org.apache.lucene.index.Thread,0.00,10,1,9,0,10,2,0,6,260,1
"org.apache.lucene.store.TestMultiMMap",3,0.50,2.33,44,0.58,23101.43,4,1,8,25,6,137.33,8,43,0,2,97.45,0.00,0.50,0.67,0,1.00,4,1743.92,1,0,6,org.apache.lucene.util.LuceneTestCase,0.00,22,1,7,0,22,3,0,2,306,1
"org.apache.lucene.store.TestNRTCachingDirectory",2,0.00,5.50,53,0.86,51121.28,2,0,18,37,17,103.73,6,59,0,2,83.12,0.00,0.50,0.00,0,2.00,10,2592.74,0,0,17,org.apache.lucene.util.LuceneTestCase,0.00,35,1,11,0,35,2,0,6,411,1
"org.apache.lucene.store.TestRAMDirectory",8,0.04,1.88,108,1.33,41423.39,12,4,16,54,15,139.94,16,108,0,2,100.05,0.00,0.50,0.22,1,8.00,4,3995.63,2,0,15,org.apache.lucene.util.LuceneTestCase,0.00,46,1,15,0,46,8,0,13,765,1
"org.apache.lucene.store.TestRAMDirectory$Thread",1,0.00,3.00,11,0.14,4670.96,1,0,16,8,2,103.01,0,13,0,1,103.01,0.00,0.00,0.00,0,0.00,3,428.60,0,0,2,java.lang.Object,0.00,7,0,3,0,7,1,0,0,82,0
"org.apache.lucene.store.TestWindowsMMap",5,0.38,2.00,52,0.60,16400.56,7,2,11,30,8,155.85,6,57,0,2,105.85,0.00,0.50,0.20,3,11.00,3,1787.65,1,2,8,org.apache.lucene.util.LuceneTestCase,0.00,25,1,10,0,25,3,0,6,350,1
"org.apache.lucene.store.VerifyingLockFactory",3,0.12,1.00,15,0.15,2461.31,7,4,4,6,3,79.69,21,22,1,2,121.98,0.00,0.50,0.17,0,1.00,1,435.22,0,1,2,org.apache.lucene.store.LockFactory,0.00,3,1,3,0,3,2,0,2,107,1
"org.apache.lucene.store.VerifyingLockFactory$CheckedLock",6,0.40,1.67,29,0.32,7709.26,7,1,4,18,2,123.94,0,47,0,2,123.94,0.00,0.50,0.67,2,2.00,3,952.89,0,0,2,org.apache.lucene.store.Lock,0.80,12,1,10,0,12,6,0,0,211,1
"org.apache.lucene.store.WindowsDirectory",7,1.00,1.00,16,0.19,2392.75,8,1,4,10,6,121.94,35,22,1,3,139.82,0.00,0.67,0.14,0,12.00,1,562.96,2,1,5,org.apache.lucene.store.FSDirectory,0.00,3,2,7,0,3,6,0,9,145,1
"org.apache.lucene.store.WindowsDirectory$WindowsIndexInput",6,0.10,1.33,23,0.25,4940.11,10,4,4,12,2,130.18,1,37,0,3,130.18,0.00,0.67,0.33,0,6.00,2,749.29,1,1,2,org.apache.lucene.store.BufferedIndexInput,0.33,6,2,8,0,6,5,0,1,179,2
"org.apache.lucene.store._TestHelper",3,0.00,1.67,14,0.10,1978.43,3,0,2,4,2,108.35,16,22,1,1,126.22,0.00,0.00,0.00,1,3.00,2,314.30,0,0,1,java.lang.Object,0.00,1,0,5,0,1,3,0,4,78,1
"org.apache.solr.handler.admin.AdminHandlers",11,1.00,1.73,45,0.59,29091.95,12,1,9,30,14,171.47,11,76,0,1,121.47,0.00,0.00,0.09,0,20.00,9,1782.06,0,7,14,java.lang.Object,0.00,19,0,19,0,19,4,2,4,348,1
"org.apache.solr.handler.admin.AdminHandlers$StandardHandler",1,2.00,1.00,6,0.04,469.78,3,2,9,1,1,120.93,0,9,0,1,120.93,0.00,0.00,0.00,0,1.00,1,128.04,0,0,1,java.lang.Object,0.00,0,0,1,0,0,1,0,0,35,2
"org.apache.solr.handler.admin.CoreAdminHandler",21,0.60,2.62,206,2.95,120082.19,22,1,24,74,21,87.72,109,285,1,2,105.60,0.00,0.50,0.43,10,48.00,16,8857.00,0,7,21,org.apache.solr.handler.RequestHandlerBase,0.24,53,1,55,0,53,14,0,22,1609,1
"org.apache.solr.handler.admin.LukeRequestHandler",15,0.13,5.93,286,6.30,479800.23,20,5,44,165,34,108.03,57,359,4,2,87.41,0.00,0.50,0.08,2,50.00,15,18908.13,0,13,30,org.apache.solr.handler.RequestHandlerBase,0.37,150,1,89,0,150,2,0,32,3165,1
"org.apache.solr.handler.admin.LukeRequestHandler$TermHistogram",3,0.00,2.33,26,0.30,10319.40,6,3,44,11,1,109.27,1,36,0,1,109.27,0.00,0.00,0.33,1,1.00,3,897.50,0,1,1,java.lang.Object,0.00,8,0,7,0,8,2,0,1,190,1
"org.apache.solr.handler.admin.LukeRequestHandler$TopTermQueue",4,0.33,3.75,51,0.79,56128.58,7,3,44,31,6,137.67,10,73,0,2,97.78,0.00,0.50,0.08,0,6.00,9,2380.61,2,2,6,org.apache.lucene.util.PriorityQueue,0.00,27,1,15,0,27,2,0,8,437,2
"org.apache.solr.handler.admin.LukeRequestHandler$TopTermQueue$TermInfo",1,0.00,1.00,6,0.03,215.85,3,2,44,1,1,123.59,0,8,0,1,123.59,0.00,0.00,1.00,0,0.00,1,93.10,0,0,1,java.lang.Object,0.00,0,0,1,0,0,1,0,0,28,1
"org.apache.solr.handler.admin.LukeRequestHandlerTest",5,0.00,1.00,26,0.35,8613.94,5,0,1,7,1,169.44,5,61,0,3,119.44,0.00,0.67,0.00,2,5.00,1,1046.24,5,2,1,org.apache.solr.util.AbstractSolrTestCase,0.16,2,2,5,0,2,3,0,3,219,1
"org.apache.solr.handler.admin.PluginInfoHandler",6,0.00,2.83,43,0.78,51651.85,6,0,10,28,8,158.25,11,61,1,2,108.25,0.00,0.50,0.00,0,6.00,12,2352.75,0,5,7,org.apache.solr.handler.RequestHandlerBase,0.44,22,1,17,0,22,1,0,2,417,1
"org.apache.solr.handler.admin.PropertiesRequestHandler",5,0.00,1.20,20,0.21,5939.34,5,0,6,13,6,174.29,5,35,1,2,124.29,0.00,0.50,0.00,0,5.00,2,624.68,0,4,5,org.apache.solr.handler.RequestHandlerBase,0.47,8,1,6,0,8,1,0,2,137,1
"org.apache.solr.handler.admin.ShowFileRequestHandler",9,0.06,3.11,86,1.46,99913.84,13,4,22,57,14,71.07,58,132,3,2,103.29,0.00,0.50,0.19,0,28.00,13,4386.28,1,6,12,org.apache.solr.handler.RequestHandlerBase,0.38,48,1,28,0,48,3,0,17,730,1
"org.apache.solr.handler.admin.SolrInfoMBeanHandler",6,0.00,2.67,48,0.80,48217.67,6,0,10,34,8,156.34,9,62,1,2,106.34,0.00,0.50,0.00,1,6.00,8,2407.24,0,5,7,org.apache.solr.handler.RequestHandlerBase,0.44,28,1,16,0,28,1,0,3,414,1
"org.apache.solr.handler.admin.SystemInfoHandler",12,0.18,2.17,139,2.27,119437.54,16,4,24,71,11,100.73,56,184,2,2,100.49,0.00,0.50,0.08,1,32.00,5,6798.05,0,10,9,org.apache.solr.handler.RequestHandlerBase,0.33,59,1,26,0,59,2,0,29,1242,1
"org.apache.solr.handler.admin.SystemInfoHandlerTest",1,0.00,1.00,12,0.18,5608.05,1,0,4,10,2,121.84,3,14,0,2,101.22,0.00,0.50,0.00,0,1.00,1,525.83,0,0,2,org.apache.lucene.util.LuceneTestCase,0.00,9,1,1,0,9,1,0,3,110,1
"org.apache.solr.handler.admin.ThreadDumpHandler",7,0.00,2.29,63,1.01,59464.68,7,0,9,34,6,144.16,17,85,1,2,104.27,0.00,0.50,0.00,0,7.00,7,3028.45,0,6,5,org.apache.solr.handler.RequestHandlerBase,0.42,27,1,16,0,27,1,0,8,539,1
"org.apache.solr.servlet.cache.HttpCacheHeaderUtil",10,1.00,3.00,91,1.39,53339.39,11,1,18,48,9,55.80,97,148,2,1,105.80,0.00,0.00,0.10,4,18.00,4,4177.92,0,1,7,java.lang.Object,0.00,38,0,30,0,38,9,0,35,798,2
"org.apache.solr.servlet.cache.HttpCacheHeaderUtil$EtagCacheVal",2,0.33,2.00,13,0.16,4336.07,5,3,18,8,0,115.54,1,23,0,1,115.54,0.00,0.00,0.50,0,2.00,3,471.81,0,1,0,java.lang.Object,0.00,6,0,4,0,6,1,0,1,103,2
"org.apache.solr.servlet.cache.Method",1,0.00,2.00,6,0.05,769.59,1,0,1,3,2,119.09,0,10,2,1,119.09,0.00,0.00,0.00,0,1.00,2,162.51,0,1,0,java.lang.Object,0.00,2,0,2,0,2,0,0,0,40,1
