Name, No. Methods, LCOM, AVCC, NOS, HBUG, HEFF, UWCS, INST, PACK, RFC, CBO, MI, CCML, NLOC, F-IN, DIT, MINC, S-R, R-R, COH, LMC, LCOM2, MAXCC, HVOL, HIER, NQU, FOUT, Superclass, SIX, EXT, NSUP, TCC, NSUB, MPC, NCO, INTR, CCOM, HLTH, MOD
"org.apache.solr.common.util.Base64",3,0.25,4.67,71,1.86,200994.00,5,2,0,9,3,33.37,30,95,3,1,81.85,0.00,0.00,0.33,1,5.00,8,5577.01,0,1,0,java.lang.Object,0.00,6,0,14,0,6,2,0,11,904,1
"org.apache.solr.common.util.ConcurrentLRUCache",16,0.09,3.94,232,3.28,435857.10,30,14,11,62,4,60.78,105,280,3,1,93.01,0.00,0.00,0.15,3,50.00,22,9832.00,1,3,1,java.lang.Object,0.00,46,0,63,0,46,13,0,77,1721,1
"org.apache.solr.common.util.ConcurrentLRUCache$CacheEntry<K,V>",6,0.05,1.33,20,0.21,4695.92,10,4,11,8,0,130.35,0,27,0,1,130.35,0.00,0.00,0.21,0,6.00,3,643.66,0,1,0,java.lang.Object,0.00,2,0,8,0,2,5,1,0,161,2
"org.apache.solr.common.util.ConcurrentLRUCache$CleanupThread",4,0.00,2.25,22,0.17,3263.85,6,2,11,9,1,121.81,0,32,0,2,121.81,0.00,0.50,0.50,0,2.00,6,512.80,0,0,1,org.apache.solr.common.util.Thread,0.00,5,1,9,0,5,4,0,0,123,2
"org.apache.solr.common.util.ConcurrentLRUCache$EvictionListener<K,V>",1,0.00,1.00,2,0.02,128.38,1,0,11,1,0,143.17,0,3,0,1,143.17,0.00,0.00,0.00,0,1.00,1,57.06,0,0,0,,0.00,0,0,1,0,0,1,0,0,18,2
"org.apache.solr.common.util.ConcurrentLRUCache$PQueue",4,0.67,1.50,20,0.16,4484.91,5,1,11,5,1,120.82,2,24,0,2,120.82,0.00,0.50,0.50,0,2.00,3,493.86,4,2,1,org.apache.lucene.util.PriorityQueue,0.00,1,1,6,0,1,2,0,2,120,2
"org.apache.solr.common.util.ConcurrentLRUCache$Stats",8,0.24,1.00,25,0.31,5865.72,14,6,11,15,0,130.64,0,37,0,1,130.64,0.00,0.00,0.38,0,4.00,1,940.72,0,0,0,java.lang.Object,0.00,7,0,8,0,7,8,0,0,236,2
"org.apache.solr.common.util.ConcurrentLRUCache$Thread",1,0.00,1.00,3,0.01,56.92,1,0,11,2,0,139.38,0,4,0,1,139.38,0.00,0.00,0.00,0,1.00,1,30.46,0,0,0,java.lang.Object,0.00,1,0,1,0,1,1,0,0,12,0
"org.apache.solr.common.util.ContentStream",6,0.00,1.00,7,0.02,93.53,6,0,3,6,55,129.39,40,8,55,1,161.61,0.00,0.00,0.00,0,6.00,1,73.02,0,6,0,,0.00,0,0,6,0,0,0,0,5,33,1
"org.apache.solr.common.util.ContentStreamBase",10,0.11,1.30,34,0.31,6551.97,15,5,12,17,26,170.85,29,54,25,1,130.96,0.00,0.00,0.10,2,50.00,3,940.86,0,6,1,java.lang.Object,0.00,7,0,13,5,7,4,1,12,228,2
"org.apache.solr.common.util.ContentStreamBase$FileStream",3,0.00,1.33,13,0.14,2306.12,4,1,12,10,1,175.75,5,21,0,2,125.75,0.00,0.50,1.00,1,0.00,2,426.79,1,2,1,org.apache.solr.common.util.ContentStreamBase,0.15,7,1,4,0,7,1,0,2,100,2
"org.apache.solr.common.util.ContentStreamBase$StringStream",3,0.50,1.33,13,0.14,2292.06,4,1,12,9,1,175.77,4,21,0,2,125.77,0.00,0.50,0.67,1,0.00,2,415.34,1,2,1,org.apache.solr.common.util.ContentStreamBase,0.15,6,1,4,0,6,1,0,1,98,2
"org.apache.solr.common.util.ContentStreamBase$URLStream",2,0.00,1.00,12,0.12,1895.26,4,2,12,8,1,118.53,0,16,0,2,118.53,0.00,0.50,0.50,0,0.00,1,358.14,0,1,1,org.apache.solr.common.util.ContentStreamBase,0.00,6,1,2,0,6,1,0,0,84,2
"org.apache.solr.common.util.ContentStreamTest",3,0.00,1.00,30,0.46,12349.61,3,0,11,26,2,145.12,6,45,0,3,105.23,0.00,0.67,0.00,0,3.00,1,1386.62,0,0,2,org.apache.lucene.util.LuceneTestCase,0.00,23,2,3,0,23,3,0,5,277,1
"org.apache.solr.common.util.DOMUtil",18,0.00,3.67,179,2.67,161306.44,18,0,5,57,19,71.76,113,231,16,1,103.98,0.00,0.00,0.00,9,18.00,14,7999.84,0,11,3,java.lang.Object,0.00,39,0,66,0,39,7,0,55,1489,1
"org.apache.solr.common.util.DOMUtilTest",6,0.30,1.00,43,0.68,23390.04,8,2,9,26,4,111.20,0,51,0,3,111.20,0.00,0.67,0.25,3,14.00,1,2038.60,1,3,4,org.apache.lucene.util.LuceneTestCase,0.17,20,2,6,0,20,3,0,0,395,1
"org.apache.solr.common.util.DateUtil",5,0.00,5.20,94,1.47,117524.67,14,9,13,32,7,59.99,65,123,7,1,89.37,0.00,0.00,0.11,2,14.00,14,4402.32,0,5,0,java.lang.Object,0.00,27,0,26,0,27,0,0,27,798,1
"org.apache.solr.common.util.DateUtil$ThreadLocalDateFormat",2,0.00,1.00,9,0.08,1070.68,3,1,13,5,0,127.05,1,13,0,2,127.05,0.00,0.50,1.00,0,0.00,1,225.58,0,1,0,java.lang.ThreadLocal,0.00,3,1,2,0,3,1,0,1,59,2
"org.apache.solr.common.util.Deprecated",2,0.00,1.00,5,0.03,201.19,2,0,0,2,1,194.00,3,8,0,2,144.00,0.00,0.50,0.00,0,2.00,1,75.09,0,0,1,org.apache.solr.common.util.JavaBinCodec,0.00,0,1,2,0,0,2,0,1,26,1
"org.apache.solr.common.util.FastInputStream",23,0.01,1.87,99,1.21,59762.27,27,4,1,34,7,121.51,10,147,7,2,121.51,0.00,0.50,0.24,7,99.00,8,3635.81,0,3,0,java.io.InputStream,0.00,11,1,43,0,11,20,1,8,819,1
"org.apache.solr.common.util.FastOutputStream",23,0.01,1.39,101,1.17,43150.77,27,4,1,32,5,122.69,20,127,5,2,122.69,0.00,0.50,0.24,6,100.00,4,3502.55,0,1,0,java.io.OutputStream,0.00,9,1,32,0,9,22,1,13,792,1
"org.apache.solr.common.util.FastWriter",11,0.28,1.64,64,0.75,39221.10,15,4,2,17,5,166.84,11,86,5,2,116.84,1.00,0.33,0.50,2,0.00,3,2235.52,0,2,0,java.io.Writer,0.00,6,1,18,1,6,9,0,9,492,1
"org.apache.solr.common.util.FileUtils",3,0.00,5.00,34,0.46,25986.89,3,0,2,20,6,58.48,23,49,6,1,100.78,0.00,0.00,0.00,0,3.00,8,1392.62,0,1,0,java.lang.Object,0.00,17,0,15,0,17,2,0,5,266,1
"org.apache.solr.common.util.FileUtilsTest",1,0.00,1.00,6,0.12,3345.66,1,0,3,5,2,114.22,0,8,0,3,114.22,0.00,0.67,0.00,0,1.00,1,363.34,0,0,2,org.apache.lucene.util.LuceneTestCase,0.00,4,2,1,0,4,1,0,0,80,1
"org.apache.solr.common.util.Hash",4,0.00,6.25,164,2.65,608604.00,4,0,0,7,3,119.61,100,123,3,1,69.61,0.00,0.00,0.00,1,4.00,10,7951.67,0,0,0,java.lang.Object,0.00,3,0,25,0,3,4,0,29,1387,1
"org.apache.solr.common.util.IteratorChain",5,0.17,2.20,27,0.26,7860.49,8,3,3,12,2,159.46,12,37,2,1,119.57,0.00,0.00,0.47,1,1.00,4,794.87,0,0,0,java.lang.Object,0.00,7,0,11,0,7,5,1,6,189,1
"org.apache.solr.common.util.IteratorChainTest",9,0.00,1.56,51,0.60,15786.22,9,0,5,24,2,119.28,4,66,0,3,119.28,0.00,0.67,0.00,1,9.00,2,1809.19,0,2,2,org.apache.lucene.util.LuceneTestCase,0.00,15,2,14,0,15,7,0,4,395,1
"org.apache.solr.common.util.JavaBinCodec",43,0.02,2.88,431,5.49,237284.26,77,34,7,114,15,153.99,68,552,9,1,103.99,0.00,0.00,0.05,23,910.00,15,16481.03,0,11,6,java.lang.Object,0.00,71,0,124,1,71,32,0,21,3161,1
"org.apache.solr.common.util.JavaBinCodec$ObjectResolver",1,0.00,1.00,2,0.02,108.48,1,0,7,1,1,143.74,0,3,0,1,143.74,0.00,0.00,0.00,0,1.00,1,48.15,0,1,1,,0.00,0,0,1,0,0,0,0,0,16,2
"org.apache.solr.common.util.NamedList",23,0.45,1.83,114,1.25,41395.34,24,1,2,45,239,90.55,139,137,239,1,122.77,0.00,0.00,0.57,7,0.00,5,3754.03,0,6,0,java.lang.Object,0.00,22,0,42,1,22,17,3,26,845,1
"org.apache.solr.common.util.NamedList$Iterator<Map.Entry<String,T>>",3,0.50,1.00,10,0.10,1724.48,4,1,2,6,0,131.47,0,13,0,1,131.47,0.00,0.00,0.67,0,1.00,1,292.28,0,1,0,java.lang.Object,0.00,3,0,3,0,3,2,0,0,74,0
"org.apache.solr.common.util.NamedList$Iterator<Map.Entry<String,T>>$Map.Entry<String,T>",4,0.00,1.00,9,0.08,917.87,4,0,2,7,0,141.18,0,15,0,1,141.18,0.00,0.00,0.00,1,4.00,1,252.64,0,2,0,java.lang.Object,0.00,3,0,4,0,3,2,0,0,71,0
"org.apache.solr.common.util.NamedList$NamedListEntry",5,0.00,1.00,15,0.10,1595.36,7,2,2,5,0,133.48,0,21,0,1,133.48,0.00,0.00,0.50,0,1.00,1,291.68,0,1,0,java.lang.Object,0.00,0,0,5,0,0,4,1,0,82,3
"org.apache.solr.common.util.NamedListTest",1,0.00,1.00,9,0.10,2422.44,1,0,1,6,2,108.75,0,11,0,3,108.75,0.00,0.67,0.00,0,1.00,1,306.94,0,0,2,org.apache.lucene.util.LuceneTestCase,0.00,5,2,1,0,5,1,0,0,68,1
"org.apache.solr.common.util.RTimer",11,0.22,1.64,73,0.73,21149.44,19,8,3,29,6,155.89,25,90,4,1,116.00,0.00,0.00,0.33,1,11.00,4,2184.60,0,4,2,java.lang.Object,0.00,18,0,18,0,18,7,0,7,473,1
"org.apache.solr.common.util.RegexFileFilter",4,0.33,1.00,10,0.08,813.66,5,1,3,9,2,191.59,4,15,2,1,141.59,0.00,0.00,0.75,0,0.00,1,241.11,0,1,0,java.lang.Object,0.00,5,0,4,0,5,3,1,1,69,2
"org.apache.solr.common.util.SimpleOrderedMap",4,0.00,1.00,12,0.11,2250.82,4,0,1,8,72,99.32,24,18,71,2,131.54,0.00,0.50,0.00,0,6.00,1,326.31,0,1,1,org.apache.solr.common.util.NamedList,0.07,4,1,4,0,4,3,0,3,86,1
"org.apache.solr.common.util.StrUtils",9,1.00,7.11,151,2.01,132742.18,10,1,6,30,33,74.93,51,168,32,1,92.80,0.00,0.00,0.00,0,9.00,15,6027.78,0,6,1,java.lang.Object,0.00,21,0,64,0,21,3,0,15,1099,1
"org.apache.solr.common.util.TestFastInputStream",3,0.00,3.00,43,0.82,56042.87,3,0,6,20,3,114.97,10,54,0,3,94.36,0.00,0.67,0.00,2,3.00,4,2453.25,0,0,3,org.apache.lucene.util.LuceneTestCase,0.00,17,2,9,0,17,3,0,5,452,1
"org.apache.solr.common.util.TestHash",3,0.00,2.33,57,0.73,42123.60,3,0,2,13,2,58.22,19,51,0,3,90.45,0.00,0.67,0.00,1,3.00,3,2197.68,0,0,2,org.apache.lucene.util.LuceneTestCase,0.00,10,2,7,0,10,3,0,6,413,1
"org.apache.solr.common.util.TestNamedListCodec",9,0.50,1.89,166,2.47,98059.20,10,1,11,58,6,92.24,6,183,0,3,92.24,0.00,0.67,0.56,3,4.00,3,7423.82,0,4,6,org.apache.lucene.util.LuceneTestCase,0.00,49,2,17,0,49,5,0,6,1296,1
"org.apache.solr.common.util.TestXMLEscaping",8,0.00,1.00,20,0.17,2445.09,8,0,4,12,2,140.20,6,29,0,3,140.20,0.00,0.67,0.00,1,8.00,1,513.43,0,0,2,org.apache.lucene.util.LuceneTestCase,0.00,4,2,8,0,4,8,0,4,135,1
"org.apache.solr.common.util.XML",9,0.38,2.44,113,1.52,87703.49,11,2,3,14,11,81.26,45,125,11,1,99.13,0.00,0.00,0.17,3,26.00,4,4559.83,0,0,0,java.lang.Object,0.00,5,0,22,0,5,9,0,12,883,1
"org.apache.lucene.analysis.ngram.EdgeNGramTokenFilter",0,0.00,0.00,5,0.06,1257.86,3,3,5,0,6,171.00,7,5,2,4,171.00,0.00,0.75,0.00,0,0.00,0,174.17,0,0,4,org.apache.lucene.analysis.TokenFilter,0.00,0,3,0,0,0,0,0,2,41,2
"org.apache.lucene.analysis.ngram.EdgeNGramTokenFilter$Side",4,0.19,3.75,59,0.77,96471.42,13,9,5,18,2,75.56,22,81,0,1,93.43,0.00,0.00,0.25,0,6.00,12,2324.66,1,4,2,java.lang.Object,0.00,14,0,15,0,14,0,0,8,385,2
"org.apache.lucene.analysis.ngram.EdgeNGramTokenFilterTest",11,0.10,1.27,62,0.81,16689.24,12,1,4,16,4,119.82,3,67,0,4,119.82,0.00,0.75,0.91,0,0.00,2,2428.82,2,0,4,org.apache.lucene.analysis.BaseTokenStreamTestCase,0.09,5,3,14,0,5,11,0,1,517,1
"org.apache.lucene.analysis.ngram.EdgeNGramTokenizer",0,0.00,0.00,7,0.10,2749.76,5,5,6,0,6,171.00,8,7,2,4,171.00,0.00,0.75,0.00,0,0.00,0,305.53,0,0,4,org.apache.lucene.analysis.Tokenizer,0.00,0,3,0,0,0,0,0,2,65,2
"org.apache.lucene.analysis.ngram.EdgeNGramTokenizer$Side",4,0.14,3.25,74,1.07,168839.31,11,7,6,19,0,77.12,62,102,0,1,87.48,0.00,0.00,0.25,0,6.00,10,3212.47,1,4,0,java.lang.Object,0.00,15,0,13,0,15,0,0,16,522,2
"org.apache.lucene.analysis.ngram.EdgeNGramTokenizerTest",10,0.00,1.30,61,0.71,14530.54,11,1,2,14,2,167.01,10,61,0,4,117.01,0.00,0.75,1.00,0,0.00,2,2115.35,2,0,2,org.apache.lucene.analysis.BaseTokenStreamTestCase,0.09,4,3,13,0,4,10,0,8,453,1
"org.apache.lucene.analysis.ngram.NGramTokenFilter",4,0.21,2.75,45,0.47,18200.97,15,11,5,13,6,103.35,16,59,2,4,103.11,0.00,0.75,0.25,0,6.00,6,1401.85,1,0,4,org.apache.lucene.analysis.TokenFilter,0.50,9,3,11,0,9,4,0,6,283,2
"org.apache.lucene.analysis.ngram.NGramTokenFilterTest",9,0.12,1.22,51,0.71,14881.56,10,1,4,14,4,119.54,3,58,0,4,119.54,0.00,0.75,0.89,0,0.00,2,2142.35,2,0,4,org.apache.lucene.analysis.BaseTokenStreamTestCase,0.09,5,3,11,0,5,9,0,1,450,1
"org.apache.lucene.analysis.ngram.NGramTokenizer",9,0.06,1.67,58,0.63,18824.72,20,11,6,18,6,136.32,34,78,2,4,115.71,0.00,0.75,0.14,2,29.00,5,1893.03,2,0,4,org.apache.lucene.analysis.Tokenizer,0.46,9,3,15,0,9,9,0,12,401,2
"org.apache.lucene.analysis.ngram.NGramTokenizerTest",8,0.00,1.25,49,0.62,13236.36,9,1,2,12,2,166.58,9,53,0,4,116.58,0.00,0.75,1.00,0,0.00,2,1846.74,2,0,2,org.apache.lucene.analysis.BaseTokenStreamTestCase,0.10,4,3,10,0,4,8,0,7,390,1
"org.apache.solr.search.function.distance.Constants",0,0.00,0.00,3,0.03,332.42,2,2,0,0,1,171.00,20,4,1,1,171.00,0.00,0.00,0.00,0,0.00,0,81.41,0,0,0,,0.00,0,0,0,0,0,0,0,2,22,1
"org.apache.solr.search.function.distance.DistanceFunctionTest",3,0.00,1.33,66,2.02,165382.79,3,0,6,9,4,65.65,17,83,0,3,83.52,0.00,0.67,0.00,0,3.00,2,6047.95,9,0,4,org.apache.solr.SolrTestCaseJ4,0.00,6,2,4,0,6,3,0,14,951,1
"org.apache.solr.search.function.distance.DistanceUtils",7,4.00,5.57,121,1.86,204960.13,11,4,1,22,11,51.97,89,135,10,1,89.53,0.00,0.00,0.00,2,7.00,10,5570.72,0,1,1,java.lang.Object,0.00,15,0,39,0,15,6,0,18,1030,1
"org.apache.solr.search.function.distance.GeohashFunction",6,0.20,1.67,28,0.32,9263.01,8,2,6,14,6,173.31,8,39,2,2,123.31,0.00,0.50,0.67,1,0.00,5,950.46,0,3,4,org.apache.solr.search.function.ValueSource,0.27,8,1,10,0,8,3,0,1,224,1
"org.apache.solr.search.function.distance.GeohashFunction$DocValues",2,0.00,1.00,9,0.13,3237.19,2,0,6,12,1,123.27,0,13,0,1,123.27,0.00,0.00,0.00,0,2.00,1,394.73,0,2,1,java.lang.Object,0.00,10,0,2,0,10,0,0,0,92,0
"org.apache.solr.search.function.distance.GeohashHaversineFunction",8,0.24,1.38,45,0.68,25333.62,11,3,7,27,8,167.29,10,64,2,2,117.29,0.00,0.50,0.54,1,0.00,3,2038.53,0,3,6,org.apache.solr.search.function.ValueSource,0.24,19,1,11,0,19,5,0,1,436,1
"org.apache.solr.search.function.distance.GeohashHaversineFunction$DocValues",6,0.00,1.00,17,0.18,3623.52,6,0,7,15,0,137.87,0,24,0,1,137.87,0.00,0.00,0.00,1,6.00,1,542.42,0,2,0,java.lang.Object,0.00,9,0,6,0,9,4,0,0,140,0
"org.apache.solr.search.function.distance.HaversineFunction",9,0.16,1.33,62,0.78,30256.13,13,4,8,27,9,164.14,16,80,2,2,114.14,0.00,0.50,0.39,1,3.00,2,2339.89,0,3,7,org.apache.solr.search.function.ValueSource,0.22,18,1,12,0,18,6,0,2,506,1
"org.apache.solr.search.function.distance.HaversineFunction$DocValues",6,0.00,1.00,17,0.18,3623.52,6,0,8,15,0,137.87,0,24,0,1,137.87,0.00,0.00,0.00,1,6.00,1,542.42,0,2,0,java.lang.Object,0.00,9,0,6,0,9,4,0,0,140,0
"org.apache.solr.search.function.distance.SquaredEuclideanFunction",5,0.50,1.80,23,0.26,7849.99,6,1,2,10,6,173.24,8,31,2,3,123.24,0.00,0.67,0.60,0,5.00,5,785.69,2,1,4,org.apache.solr.search.function.distance.VectorDistanceFunction,0.27,5,2,9,0,5,4,0,3,185,1
"org.apache.solr.search.function.distance.StringDistanceFunction",5,0.58,2.00,30,0.38,11554.13,8,3,6,17,6,165.32,9,39,2,2,115.32,0.00,0.50,0.80,0,0.00,6,1142.21,0,2,4,org.apache.solr.search.function.ValueSource,0.29,12,1,10,0,12,3,0,2,261,1
"org.apache.solr.search.function.distance.StringDistanceFunction$DocValues",5,0.00,1.00,15,0.20,4164.50,5,0,6,14,0,130.20,0,22,0,1,130.20,0.00,0.00,0.00,2,7.00,1,599.68,0,1,0,java.lang.Object,0.00,9,0,5,0,9,4,0,0,146,0
"org.apache.solr.search.function.distance.VectorDistanceFunction",8,0.29,1.75,46,0.60,17877.20,12,4,8,23,10,158.31,22,61,3,2,118.42,1.00,0.33,0.50,1,0.00,6,1790.05,0,3,7,org.apache.solr.search.function.ValueSource,0.24,15,1,14,1,15,5,0,3,398,1
"org.apache.solr.search.function.distance.VectorDistanceFunction$DocValues",8,0.00,1.00,23,0.25,4904.80,8,0,8,17,0,137.82,0,34,0,1,137.82,0.00,0.00,0.00,1,14.00,1,742.80,0,2,0,java.lang.Object,0.00,9,0,8,0,9,6,0,0,187,0
"org.apache.solr.search.function.BoostedQuery",9,0.06,1.22,38,0.44,11599.53,11,2,7,23,16,124.00,4,46,9,2,124.00,0.00,0.50,0.44,1,3.00,2,1325.79,2,5,7,org.apache.lucene.search.Query,0.09,14,1,11,0,14,4,0,2,313,1
"org.apache.solr.search.function.BoostedQuery$BoostedWeight",7,0.00,1.29,40,0.52,18428.38,10,3,7,24,9,117.93,0,55,0,2,117.93,0.00,0.50,0.33,0,0.00,2,1573.23,0,3,9,org.apache.lucene.search.Weight,0.57,17,1,9,0,17,4,0,0,322,1
"org.apache.solr.search.function.BoostedQuery$CustomScorer",6,0.13,1.33,33,0.45,11033.94,12,6,7,20,8,119.15,4,47,0,3,119.15,0.00,0.67,0.28,0,0.00,2,1342.78,0,1,8,org.apache.lucene.search.Scorer,0.86,14,2,8,0,14,5,0,4,288,1
"org.apache.solr.search.function.ByteFieldSource",6,0.80,1.67,20,0.27,8575.96,7,1,4,11,6,178.24,7,32,2,3,128.24,0.00,0.67,0.33,0,10.00,3,820.13,2,2,4,org.apache.solr.search.function.FieldCacheSource,0.30,5,2,10,0,5,4,0,1,191,1
"org.apache.solr.search.function.ByteFieldSource$DocValues",8,0.00,1.00,17,0.15,1986.29,8,0,4,10,0,140.91,0,27,0,1,140.91,0.00,0.00,0.00,0,8.00,1,449.44,0,2,0,java.lang.Object,0.00,2,0,8,0,2,6,0,0,127,0
"org.apache.solr.search.function.ConstValueSource",5,0.38,1.20,16,0.14,2398.10,7,2,3,8,6,132.05,3,22,3,2,132.05,0.00,0.50,0.20,0,7.00,2,424.73,0,2,3,org.apache.solr.search.function.ValueSource,0.29,3,1,6,0,3,3,0,1,110,1
"org.apache.solr.search.function.ConstValueSource$DocValues",6,0.00,1.00,13,0.08,687.10,6,0,3,8,0,143.56,0,19,0,1,143.56,0.00,0.00,0.00,0,2.00,1,240.69,0,2,0,java.lang.Object,0.00,2,0,6,0,2,4,0,0,73,0
"org.apache.solr.search.function.DivFloatFunction",3,0.00,1.00,7,0.06,797.20,3,0,0,4,4,180.56,6,11,1,3,140.68,0.00,0.67,0.00,0,3.00,1,174.48,0,1,3,org.apache.solr.search.function.DualFloatFunction,0.15,1,2,3,0,1,2,0,2,51,1
"org.apache.solr.search.function.DocValues",18,0.00,1.28,55,0.46,11107.80,18,0,4,22,44,131.17,16,51,41,1,131.17,0.00,0.00,0.00,1,18.00,6,1385.52,0,5,3,java.lang.Object,0.00,4,0,23,2,4,13,0,11,343,2
"org.apache.solr.search.function.DocValues$ValueSourceScorer",1,0.00,1.00,4,0.04,809.86,1,0,4,2,0,125.64,0,6,0,1,125.64,0.00,0.00,0.00,0,1.00,1,127.88,0,0,0,java.lang.Object,0.00,1,0,1,0,1,1,0,0,32,0
"org.apache.solr.search.function.DocValues$ValueSourceScorer_0",1,0.00,1.00,4,0.04,809.86,1,0,4,2,0,125.64,0,6,0,1,125.64,0.00,0.00,0.00,0,1.00,1,127.88,0,0,0,java.lang.Object,0.00,1,0,1,0,1,1,0,0,32,0
"org.apache.solr.search.function.DocValues$ValueSourceScorer_1",1,0.00,1.00,4,0.04,809.86,1,0,4,2,0,125.64,0,6,0,1,125.64,0.00,0.00,0.00,0,1.00,1,127.88,0,0,0,java.lang.Object,0.00,1,0,1,0,1,1,0,0,32,0
"org.apache.solr.search.function.DocValues$ValueSourceScorer_2",1,0.00,1.00,4,0.04,809.86,1,0,4,2,0,125.64,0,6,0,1,125.64,0.00,0.00,0.00,0,1.00,1,127.88,0,0,0,java.lang.Object,0.00,1,0,1,0,1,1,0,0,32,0
"org.apache.solr.search.function.DoubleFieldSource",6,0.80,1.67,20,0.28,8942.89,7,1,4,11,7,178.10,7,31,3,3,128.10,0.00,0.67,0.33,0,10.00,3,852.60,2,2,4,org.apache.solr.search.function.FieldCacheSource,0.30,5,2,10,0,5,4,0,1,197,1
"org.apache.solr.search.function.DoubleFieldSource$DocValues",7,0.00,1.71,33,0.29,10111.26,7,0,4,11,1,123.54,0,47,0,1,123.54,0.00,0.00,0.00,0,7.00,6,880.93,0,3,1,java.lang.Object,0.00,4,0,12,0,4,4,0,0,201,0
"org.apache.solr.search.function.DoubleFieldSource$DocValues$ValueSourceScorer",1,0.00,1.00,4,0.04,809.86,1,0,4,2,0,125.64,0,6,0,1,125.64,0.00,0.00,0.00,0,1.00,1,127.88,0,0,0,java.lang.Object,0.00,1,0,1,0,1,1,0,0,32,0
"org.apache.solr.search.function.DoubleFieldSource$DocValues$ValueSourceScorer_0",1,0.00,1.00,4,0.04,809.86,1,0,4,2,0,125.64,0,6,0,1,125.64,0.00,0.00,0.00,0,1.00,1,127.88,0,0,0,java.lang.Object,0.00,1,0,1,0,1,1,0,0,32,0
"org.apache.solr.search.function.DoubleFieldSource$DocValues$ValueSourceScorer_1",1,0.00,1.00,4,0.04,809.86,1,0,4,2,0,125.64,0,6,0,1,125.64,0.00,0.00,0.00,0,1.00,1,127.88,0,0,0,java.lang.Object,0.00,1,0,1,0,1,1,0,0,32,0
"org.apache.solr.search.function.DoubleFieldSource$DocValues$ValueSourceScorer_2",1,0.00,1.00,4,0.04,809.86,1,0,4,2,0,125.64,0,6,0,1,125.64,0.00,0.00,0.00,0,1.00,1,127.88,0,0,0,java.lang.Object,0.00,1,0,1,0,1,1,0,0,32,0
"org.apache.solr.search.function.DualFloatFunction",8,0.00,1.12,28,0.35,9156.22,10,2,4,15,7,129.09,4,37,3,2,129.09,2.00,0.25,0.50,2,8.00,2,1036.04,0,3,4,org.apache.solr.search.function.ValueSource,0.24,7,1,9,2,7,5,0,1,253,2
"org.apache.solr.search.function.DualFloatFunction$DocValues",6,0.00,1.00,13,0.12,1415.74,6,0,4,11,0,141.09,0,19,0,1,141.09,0.00,0.00,0.00,1,6.00,1,366.68,0,2,0,java.lang.Object,0.00,5,0,6,0,5,4,0,0,103,0
"org.apache.solr.search.function.FieldCacheSource",5,0.12,1.20,15,0.14,3341.21,7,2,1,7,10,180.91,6,22,8,2,130.91,13.00,0.07,0.40,1,6.00,2,422.43,0,2,2,org.apache.solr.search.function.ValueSource,0.29,2,1,6,13,2,3,0,1,109,2
"org.apache.solr.search.function.FileFloatSource",8,0.06,5.00,140,2.19,250797.56,13,5,13,52,16,89.56,36,175,4,2,89.32,0.00,0.50,0.15,2,14.00,30,6556.28,0,3,12,org.apache.solr.search.function.ValueSource,0.35,44,1,40,0,44,5,0,28,1051,1
"org.apache.solr.search.function.FileFloatSource$Cache",1,0.00,1.00,3,0.03,326.11,1,0,13,2,1,133.41,0,4,0,1,133.41,0.00,0.00,0.00,0,1.00,1,84.15,0,1,1,java.lang.Object,0.00,1,0,1,0,1,0,0,0,24,0
"org.apache.solr.search.function.FileFloatSource$Cache_0",2,1.00,3.00,27,0.26,18577.54,3,1,13,7,1,97.95,0,36,0,1,97.95,0.00,0.00,0.50,0,2.00,5,778.64,0,2,1,java.lang.Object,0.00,5,0,6,0,5,0,0,0,167,2
"org.apache.solr.search.function.FileFloatSource$CreationPlaceholder",0,0.00,0.00,2,0.01,75.00,1,1,13,0,0,171.00,0,3,0,1,171.00,0.00,0.00,0.00,0,0.00,0,30.00,0,0,0,java.lang.Object,0.00,0,0,0,0,0,0,0,0,10,2
"org.apache.solr.search.function.FileFloatSource$DocValues",6,0.00,1.00,13,0.12,1637.04,6,0,13,8,0,140.59,0,19,0,1,140.59,0.00,0.00,0.00,0,6.00,1,370.49,0,2,0,java.lang.Object,0.00,2,0,6,0,2,4,0,0,101,0
"org.apache.solr.search.function.FileFloatSource$Entry",3,0.50,1.33,10,0.08,1704.03,4,1,13,5,1,131.45,0,14,0,1,131.45,0.00,0.00,0.67,0,1.00,2,244.04,0,0,1,java.lang.Object,0.00,2,0,4,0,2,3,0,0,66,2
"org.apache.solr.search.function.FloatFieldSource",6,0.80,1.67,20,0.28,8652.78,7,1,5,11,7,178.21,7,31,3,3,128.21,0.00,0.67,0.33,0,10.00,3,826.08,2,2,4,org.apache.solr.search.function.FieldCacheSource,0.30,5,2,10,0,5,4,0,1,192,1
"org.apache.solr.search.function.FloatFieldSource$DocValues",6,0.00,1.00,13,0.11,1271.79,6,0,5,8,0,141.45,0,19,0,1,141.45,0.00,0.00,0.00,0,6.00,1,316.71,0,2,0,java.lang.Object,0.00,2,0,6,0,2,4,0,0,91,0
"org.apache.solr.search.function.FunctionQuery",8,0.71,1.38,22,0.25,5540.70,9,1,7,14,17,187.33,15,33,11,2,137.33,0.00,0.50,0.38,1,14.00,3,752.21,1,4,6,org.apache.lucene.search.Query,0.09,6,1,11,0,6,4,0,6,186,1
"org.apache.solr.search.function.FunctionQuery$AllScorer",9,0.20,1.78,56,0.53,12077.14,16,7,7,19,5,167.21,16,68,0,3,117.21,0.00,0.67,0.32,2,0.00,4,1601.75,0,1,5,org.apache.lucene.search.Scorer,0.71,10,2,16,0,10,8,0,16,352,1
"org.apache.solr.search.function.FunctionQuery$FunctionWeight",7,0.08,1.00,28,0.31,6785.00,11,4,7,13,8,125.02,0,40,0,2,125.02,0.00,0.50,0.18,1,20.00,1,923.16,0,3,8,org.apache.lucene.search.Weight,0.57,6,1,7,0,6,4,0,0,216,1
"org.apache.solr.search.function.IntFieldSource",6,0.80,1.67,20,0.27,8624.59,7,1,5,11,7,178.22,6,31,3,3,128.22,0.00,0.67,0.33,0,10.00,3,824.45,2,2,4,org.apache.solr.search.function.FieldCacheSource,0.30,5,2,10,0,5,4,0,1,192,1
"org.apache.solr.search.function.IntFieldSource$DocValues",7,0.00,1.57,28,0.29,13571.28,7,0,5,11,1,122.55,1,38,0,1,122.55,0.00,0.00,0.00,0,7.00,5,883.88,0,3,1,java.lang.Object,0.00,4,0,11,0,4,4,0,1,199,0
"org.apache.solr.search.function.IntFieldSource$DocValues$ValueSourceScorer",1,0.00,1.00,4,0.04,984.65,1,0,5,1,0,164.86,2,6,0,1,124.97,0.00,0.00,0.00,0,1.00,1,127.88,0,0,0,java.lang.Object,0.00,0,0,1,0,0,1,0,2,32,0
"org.apache.solr.search.function.LinearFloatFunction",6,0.13,1.17,25,0.32,9085.78,9,3,4,13,6,173.46,8,35,2,2,123.46,0.00,0.50,0.44,1,0.00,2,965.77,0,2,4,org.apache.solr.search.function.ValueSource,0.27,7,1,7,0,7,4,0,1,228,1
"org.apache.solr.search.function.LinearFloatFunction$DocValues",6,0.00,1.00,13,0.12,1472.81,6,0,4,9,0,140.95,0,19,0,1,140.95,0.00,0.00,0.00,1,10.00,1,362.92,0,2,0,java.lang.Object,0.00,3,0,6,0,3,4,0,0,102,0
"org.apache.solr.search.function.LiteralValueSource",6,0.10,1.50,19,0.19,4493.63,8,2,3,10,7,130.47,5,30,4,2,130.47,0.00,0.50,0.42,0,0.00,4,580.21,0,3,3,org.apache.solr.search.function.ValueSource,0.27,4,1,9,0,4,3,0,2,144,1
"org.apache.solr.search.function.LiteralValueSource$DocValues",2,0.00,1.00,5,0.03,338.23,2,0,3,2,0,142.22,0,9,0,1,142.22,0.00,0.00,0.00,0,0.00,1,101.21,0,2,0,java.lang.Object,0.00,0,0,2,0,0,0,0,0,30,0
"org.apache.solr.search.function.LongFieldSource",7,0.83,1.57,22,0.30,8949.61,8,1,4,12,8,178.63,7,34,4,3,128.63,0.50,0.50,0.29,0,14.00,3,905.54,2,2,4,org.apache.solr.search.function.FieldCacheSource,0.29,5,2,11,1,5,5,0,1,213,1
"org.apache.solr.search.function.LongFieldSource$DocValues",7,0.00,1.57,28,0.29,12593.12,7,0,4,10,1,122.81,1,38,0,1,122.81,0.00,0.00,0.00,0,7.00,5,855.82,0,3,1,java.lang.Object,0.00,3,0,11,0,3,4,0,1,193,0
"org.apache.solr.search.function.LongFieldSource$DocValues$ValueSourceScorer",1,0.00,1.00,4,0.04,902.61,1,0,4,1,0,165.15,2,6,0,1,125.27,0.00,0.00,0.00,0,1.00,1,129.71,0,0,0,java.lang.Object,0.00,0,0,1,0,0,1,0,2,32,0
"org.apache.solr.search.function.MaxFloatFunction",6,0.00,1.17,21,0.25,5839.65,8,2,4,13,6,179.64,9,30,2,2,129.64,0.00,0.50,0.50,1,0.00,2,756.32,0,2,4,org.apache.solr.search.function.ValueSource,0.27,7,1,7,0,7,4,0,1,184,1
"org.apache.solr.search.function.MaxFloatFunction$DocValues",6,0.00,1.17,14,0.13,2060.02,6,0,4,9,0,139.77,0,20,0,1,139.77,0.00,0.00,0.00,1,10.00,2,394.79,0,2,0,java.lang.Object,0.00,3,0,7,0,3,4,0,0,109,0
"org.apache.solr.search.function.MultiFloatFunction",8,0.86,1.62,37,0.38,11206.18,9,1,5,20,7,123.65,5,1,3,2,123.65,2.00,0.25,0.25,1,16.00,3,1153.80,0,2,4,org.apache.solr.search.function.ValueSource,0.24,12,1,13,2,12,6,0,2,264,2
"org.apache.solr.search.function.MultiFloatFunction$DocValues",6,0.00,1.33,24,0.21,5036.73,6,0,5,14,0,125.45,0,0,0,1,125.45,0.00,0.00,0.00,1,6.00,3,617.59,0,2,0,java.lang.Object,0.00,8,0,8,0,8,4,0,0,150,0
"org.apache.solr.search.function.MultiValueSource",1,0.00,1.00,2,0.01,80.15,1,0,1,1,7,145.01,4,3,6,2,144.78,2.00,0.25,0.00,0,1.00,1,35.16,0,0,1,org.apache.solr.search.function.ValueSource,0.00,0,1,1,2,0,1,0,1,13,2
"org.apache.solr.search.function.NvlValueSourceParser",2,1.00,1.50,10,0.10,1554.04,3,1,4,6,6,73.97,17,14,0,2,122.07,0.00,0.50,0.00,0,2.00,2,292.98,0,1,6,org.apache.solr.search.ValueSourceParser,0.00,4,1,3,0,4,1,0,3,71,1
"org.apache.solr.search.function.NvlValueSourceParser$SimpleFloatFunction",2,0.00,1.50,9,0.06,1114.68,2,0,4,3,1,126.82,0,12,0,1,126.82,0.00,0.00,0.00,0,2.00,2,173.91,0,1,1,java.lang.Object,0.00,1,0,3,0,1,1,0,0,45,0
"org.apache.solr.search.function.OrdFieldSource",5,0.12,1.00,13,0.14,2285.03,7,2,5,9,9,159.44,17,19,5,2,138.82,0.00,0.50,0.40,1,2.00,1,406.74,0,2,4,org.apache.solr.search.function.ValueSource,0.29,4,1,5,0,4,3,0,1,106,1
"org.apache.solr.search.function.OrdFieldSource$StringIndexDocValues",7,0.00,1.00,15,0.12,1403.46,7,0,5,9,0,141.64,1,22,0,1,141.64,0.00,0.00,0.00,0,7.00,1,358.64,0,3,0,java.lang.Object,0.00,2,0,7,0,2,4,0,1,104,0
"org.apache.solr.search.function.PowFloatFunction",3,0.00,1.00,7,0.07,814.49,3,0,2,5,4,180.49,6,11,0,3,140.61,0.00,0.67,0.00,0,3.00,1,196.72,0,1,4,org.apache.solr.search.function.DualFloatFunction,0.15,2,2,3,0,2,2,0,2,56,1
"org.apache.solr.search.function.ProductFloatFunction",3,0.00,1.33,11,0.07,1555.24,3,0,0,4,6,181.76,3,15,3,3,131.76,0.00,0.67,0.00,0,3.00,2,219.33,0,1,3,org.apache.solr.search.function.MultiFloatFunction,0.15,1,2,4,0,1,2,0,1,58,1
"org.apache.solr.search.function.QueryDocValues",7,0.07,1.86,36,0.40,11436.23,14,7,5,14,8,169.48,7,49,1,2,119.48,0.00,0.50,0.20,1,14.00,6,1203.74,0,2,7,org.apache.solr.search.function.DocValues,0.48,7,1,13,0,7,5,0,7,264,0
"org.apache.solr.search.function.QueryValueSource",8,0.00,1.25,23,0.26,5463.70,10,2,5,14,17,137.40,3,30,9,2,137.40,0.00,0.50,0.50,1,0.00,2,789.53,0,3,8,org.apache.solr.search.function.ValueSource,0.24,6,1,10,0,6,5,0,1,192,1
"org.apache.solr.search.function.RangeMapFloatFunction",6,0.20,1.33,33,0.50,18521.11,11,5,4,14,6,167.38,8,46,2,2,117.38,0.00,0.50,0.37,1,0.00,2,1504.67,0,2,4,org.apache.solr.search.function.ValueSource,0.27,8,1,8,0,8,4,0,1,334,1
"org.apache.solr.search.function.RangeMapFloatFunction$DocValues",6,0.00,1.33,14,0.17,3062.71,6,0,4,9,0,138.38,0,20,0,1,138.38,0.00,0.00,0.00,1,10.00,3,503.90,0,2,0,java.lang.Object,0.00,3,0,8,0,3,4,0,0,129,0
"org.apache.solr.search.function.ReciprocalFloatFunction",6,0.20,1.17,25,0.36,9623.30,10,4,4,14,6,143.88,21,38,2,2,123.27,0.00,0.50,0.42,1,0.00,2,1078.92,0,2,4,org.apache.solr.search.function.ValueSource,0.27,8,1,7,0,8,4,0,2,253,1
"org.apache.solr.search.function.ReciprocalFloatFunction$DocValues",6,0.00,1.00,13,0.15,1890.09,6,0,4,9,0,140.10,0,21,0,1,140.10,0.00,0.00,0.00,1,10.00,1,437.38,0,2,0,java.lang.Object,0.00,3,0,6,0,3,4,0,0,117,0
"org.apache.solr.search.function.ReverseOrdFieldSource",5,0.12,1.20,18,0.21,4009.12,7,2,6,10,6,130.53,20,24,2,2,130.29,0.00,0.50,0.40,1,2.00,2,626.61,0,2,4,org.apache.solr.search.function.ValueSource,0.29,5,1,6,0,5,3,0,1,148,1
"org.apache.solr.search.function.ReverseOrdFieldSource$DocValues",6,0.00,1.00,13,0.13,1791.68,6,0,6,8,0,140.28,1,19,0,1,140.28,0.00,0.00,0.00,0,6.00,1,396.57,0,2,0,java.lang.Object,0.00,2,0,6,0,2,4,0,1,108,0
"org.apache.solr.search.function.ScaleFloatFunction",6,0.27,2.17,45,0.56,33299.54,9,3,4,16,6,130.43,18,56,2,2,109.81,0.00,0.50,0.56,1,0.00,7,1687.92,0,2,4,org.apache.solr.search.function.ValueSource,0.27,10,1,13,0,10,4,0,8,351,1
"org.apache.solr.search.function.ScaleFloatFunction$DocValues",6,0.00,1.00,13,0.15,1818.96,6,0,4,9,0,140.23,0,22,0,1,140.23,0.00,0.00,0.00,1,10.00,1,442.06,0,2,0,java.lang.Object,0.00,3,0,6,0,3,4,0,0,117,0
"org.apache.solr.search.function.ShortFieldSource",6,0.80,1.67,20,0.27,8575.96,7,1,4,11,6,128.24,4,32,2,3,128.24,0.00,0.67,0.33,0,10.00,3,820.13,2,2,4,org.apache.solr.search.function.FieldCacheSource,0.30,5,2,10,0,5,4,0,1,191,1
"org.apache.solr.search.function.ShortFieldSource$DocValues",8,0.00,1.00,17,0.15,1986.29,8,0,4,10,0,140.91,0,27,0,1,140.91,0.00,0.00,0.00,0,8.00,1,449.44,0,2,0,java.lang.Object,0.00,2,0,8,0,2,6,0,0,127,0
"org.apache.solr.search.function.SimpleFloatFunction",3,0.00,1.00,7,0.07,1065.76,3,0,3,5,6,139.69,2,11,2,3,139.69,0.00,0.67,0.00,0,4.00,1,199.56,0,1,4,org.apache.solr.search.function.SingleFunction,0.00,2,2,3,0,2,2,0,1,54,2
"org.apache.solr.search.function.SimpleFloatFunction$DocValues",6,0.00,1.00,13,0.11,1224.82,6,0,3,10,0,141.58,0,19,0,1,141.58,0.00,0.00,0.00,1,6.00,1,331.62,0,2,0,java.lang.Object,0.00,4,0,6,0,4,4,0,0,96,0
"org.apache.solr.search.function.SingleFunction",6,0.60,1.17,15,0.18,3797.56,7,1,3,13,5,137.68,2,23,3,2,137.68,2.00,0.25,0.50,2,6.00,2,533.77,0,2,2,org.apache.solr.search.function.ValueSource,0.27,7,1,7,2,7,4,0,1,138,2
"org.apache.solr.search.function.SortByFunctionTest",3,0.00,1.00,17,0.37,6986.32,3,0,1,3,1,168.41,5,61,0,4,118.41,0.00,0.75,0.00,0,3.00,1,1110.62,5,2,1,org.apache.solr.util.AbstractSolrTestCase,0.19,0,3,3,0,0,1,0,2,200,1
"org.apache.solr.search.function.StringIndexDocValues",4,0.08,3.25,36,0.45,23632.78,8,4,3,9,10,155.43,4,47,6,2,105.43,0.00,0.50,0.31,0,6.00,9,1345.38,0,3,4,org.apache.solr.search.function.DocValues,0.09,5,1,13,0,5,1,0,2,267,2
"org.apache.solr.search.function.StringIndexDocValues$StringIndexException",1,0.00,1.00,3,0.03,343.27,1,0,3,1,0,133.23,0,7,0,2,133.23,0.00,0.50,0.00,0,1.00,1,96.34,0,0,0,java.lang.RuntimeException,0.00,0,1,1,0,0,1,0,0,27,3
"org.apache.solr.search.function.StringIndexDocValues$ValueSourceScorer",1,0.00,1.00,4,0.04,984.65,1,0,3,1,0,124.97,0,6,0,1,124.97,0.00,0.00,0.00,0,0.00,1,127.88,0,0,0,java.lang.Object,0.00,0,0,1,0,0,1,0,0,32,0
"org.apache.solr.search.function.SumFloatFunction",3,0.00,1.33,11,0.08,1632.26,3,0,5,4,6,181.59,3,16,1,3,131.59,0.00,0.67,0.00,0,3.00,2,231.87,0,1,5,org.apache.solr.search.function.MultiFloatFunction,0.15,1,2,4,0,1,2,0,1,61,1
"org.apache.solr.search.function.TestFunctionQuery",14,0.50,2.21,239,4.07,190797.16,16,2,12,60,3,112.98,50,262,0,3,92.36,0.00,0.67,0.04,6,26.00,8,12221.31,8,1,3,org.apache.solr.SolrTestCaseJ4,0.00,46,2,31,0,46,13,0,47,2034,1
"org.apache.solr.search.function.TopValueSource",7,0.17,1.57,30,0.31,10525.46,8,1,4,16,8,123.42,5,40,5,2,123.42,0.00,0.50,0.86,0,0.00,4,915.90,0,4,3,org.apache.solr.search.function.ValueSource,0.38,9,1,11,0,9,3,0,1,212,1
"org.apache.solr.search.function.TopValueSource$DocValues",6,0.00,1.00,13,0.12,1682.08,6,0,4,11,0,140.50,0,19,0,1,140.50,0.00,0.00,0.00,0,6.00,1,363.11,0,2,0,java.lang.Object,0.00,5,0,6,0,5,4,0,0,100,0
"org.apache.solr.search.function.ValueSource",9,0.00,1.00,18,0.15,1546.52,9,0,13,12,109,142.41,41,26,101,1,142.17,0.00,0.00,0.00,2,9.00,1,444.26,0,6,8,java.lang.Object,0.00,3,0,9,48,3,3,1,10,127,2
"org.apache.solr.search.function.ValueSource$ValueSourceComparator",7,0.11,1.57,31,0.28,6807.87,10,3,13,10,3,124.91,0,41,0,2,124.91,0.00,0.50,0.43,0,0.00,3,825.08,0,1,3,org.apache.lucene.search.FieldComparator,0.62,3,1,11,0,3,6,0,0,198,0
"org.apache.solr.search.function.ValueSource$ValueSourceComparatorSource",2,0.00,1.00,4,0.04,391.63,2,0,13,3,2,141.72,0,8,0,2,141.72,0.00,0.50,0.00,0,2.00,1,107.18,0,1,2,org.apache.lucene.search.FieldComparatorSource,0.00,1,1,2,0,1,1,0,0,30,0
"org.apache.solr.search.function.ValueSource$ValueSourceScorer",13,0.03,1.46,50,0.37,6195.69,18,5,13,18,4,132.03,1,63,0,3,132.03,0.00,0.67,0.23,4,34.00,4,1120.98,0,2,4,org.apache.lucene.search.Scorer,0.57,5,2,19,0,5,11,0,1,284,0
"org.apache.solr.search.function.ValueSourceRangeFilter",6,0.20,3.50,43,0.63,30022.84,11,5,8,13,9,110.06,4,58,2,3,110.06,0.00,0.67,0.37,1,6.00,8,1887.99,0,2,7,org.apache.solr.search.SolrFilter,0.00,7,2,21,0,7,4,0,2,405,1
"org.apache.solr.search.function.ValueSourceRangeFilter$DocIdSet",1,0.00,1.00,3,0.04,382.45,1,0,8,2,1,132.87,0,4,0,1,132.87,0.00,0.00,0.00,0,0.00,1,105.70,0,1,1,java.lang.Object,0.00,1,0,1,0,1,0,0,0,27,0
"org.apache.solr.search.function.VectorValueSource",9,0.50,1.89,48,0.48,19399.53,10,1,8,19,9,118.53,6,60,4,3,118.53,0.50,0.50,0.56,1,4.00,4,1442.48,0,4,5,org.apache.solr.search.function.MultiValueSource,0.47,10,2,17,1,10,5,0,3,318,1
"org.apache.solr.search.function.VectorValueSource$DocValues",8,0.00,1.00,24,0.37,7027.11,8,0,8,23,0,130.02,0,39,0,1,130.02,0.00,0.00,0.00,0,8.00,1,1107.68,0,1,0,java.lang.Object,0.00,15,0,8,0,15,7,0,0,264,0
"org.apache.solr.search.function.VectorValueSource$DocValues_0",8,0.00,2.12,56,0.56,18413.85,8,0,8,21,0,112.83,0,59,0,1,112.83,0.00,0.00,0.00,0,8.00,3,1675.11,0,1,0,java.lang.Object,0.00,13,0,17,0,13,7,0,0,369,0
"org.tartarus.snowball.ext.DanishStemmer",7,0.19,5.86,210,2.56,165289.80,15,8,2,9,4,36.93,78,324,2,2,81.06,0.00,0.50,0.29,0,0.00,10,7686.56,9,0,2,org.tartarus.snowball.SnowballProgram,0.04,2,1,41,0,2,7,0,76,1361,1
"org.tartarus.snowball.ext.DutchStemmer",11,0.09,11.64,418,4.40,353945.64,23,12,2,12,4,65.65,167,642,2,2,76.01,0.00,0.50,0.17,0,0.00,60,13195.53,9,0,2,org.tartarus.snowball.SnowballProgram,0.04,1,1,128,0,1,11,0,165,2269,1
"org.tartarus.snowball.ext.EnglishStemmer",17,0.04,10.00,627,7.91,556638.64,34,17,2,18,6,66.50,259,1016,4,2,76.86,0.00,0.50,0.10,0,0.00,22,23715.70,12,0,2,org.tartarus.snowball.SnowballProgram,0.04,1,1,170,0,1,17,0,257,3876,1
"org.tartarus.snowball.ext.FinnishStemmer",13,0.10,9.23,517,6.70,564261.62,31,18,2,15,4,54.48,187,811,2,2,74.62,0.00,0.50,0.15,0,0.00,29,20088.70,10,0,2,org.tartarus.snowball.SnowballProgram,0.04,2,1,120,0,2,13,0,185,3321,1
"org.tartarus.snowball.ext.FrenchStemmer",14,0.07,12.64,731,10.02,869486.27,28,14,2,15,4,107.96,304,1164,2,2,68.66,0.00,0.50,0.14,0,0.00,71,30071.60,11,0,2,org.tartarus.snowball.SnowballProgram,0.04,1,1,177,0,1,14,0,302,4646,1
"org.tartarus.snowball.ext.German2Stemmer",8,0.12,12.12,368,3.98,369747.66,20,12,2,9,4,80.80,139,562,2,2,71.67,0.00,0.50,0.19,0,0.00,36,11938.45,8,0,2,org.tartarus.snowball.SnowballProgram,0.04,1,1,97,0,1,8,0,137,2028,1
"org.tartarus.snowball.ext.GermanStemmer",8,0.12,10.75,357,3.70,328881.14,19,11,2,9,3,72.34,131,533,1,2,72.82,0.00,0.50,0.19,0,0.00,36,11103.93,8,0,2,org.tartarus.snowball.SnowballProgram,0.04,1,1,86,0,1,8,0,129,1917,1
"org.tartarus.snowball.ext.HungarianStemmer",16,0.00,9.62,453,8.12,593316.73,30,14,2,17,4,80.04,258,862,2,2,80.52,0.00,0.50,0.07,0,0.00,33,24351.30,6,0,2,org.tartarus.snowball.SnowballProgram,0.04,1,1,154,0,1,16,0,256,3696,1
"org.tartarus.snowball.ext.ItalianStemmer",12,0.06,11.00,522,9.35,896658.40,26,14,2,13,4,70.67,200,949,2,2,71.14,0.00,0.50,0.13,0,0.00,36,28060.51,9,0,2,org.tartarus.snowball.SnowballProgram,0.04,1,1,132,0,1,12,0,198,4211,1
"org.tartarus.snowball.ext.KpStemmer",18,0.06,19.00,1069,11.33,855356.90,37,19,2,20,3,115.26,502,1644,1,2,67.44,0.00,0.50,0.11,0,0.00,63,33994.26,10,0,2,org.tartarus.snowball.SnowballProgram,0.04,2,1,342,0,2,18,0,500,5574,1
"org.tartarus.snowball.ext.LovinsStemmer",34,0.23,5.29,817,15.90,1020296.10,38,4,2,35,3,35.77,294,1567,1,2,83.87,0.00,0.50,0.03,0,0.00,53,47714.39,5,0,2,org.tartarus.snowball.SnowballProgram,0.03,1,1,180,0,1,34,0,292,6934,1
"org.tartarus.snowball.ext.NorwegianStemmer",6,0.20,6.00,173,2.25,143216.45,13,7,2,7,4,33.65,61,277,2,2,82.13,0.00,0.50,0.31,0,0.00,12,6745.61,8,0,2,org.tartarus.snowball.SnowballProgram,0.05,1,1,36,0,1,6,0,59,1181,1
"org.tartarus.snowball.ext.PorterStemmer",13,0.05,8.85,439,5.26,381393.29,24,11,2,14,3,49.29,177,700,1,2,78.67,0.00,0.50,0.14,0,0.00,32,15768.85,10,0,2,org.tartarus.snowball.SnowballProgram,0.04,1,1,115,0,1,13,0,175,2603,1
"org.tartarus.snowball.ext.PortugueseStemmer",12,0.06,10.83,489,8.73,802187.19,25,13,2,13,4,62.34,186,900,2,2,72.70,0.00,0.50,0.13,0,0.00,39,26191.06,6,0,2,org.tartarus.snowball.SnowballProgram,0.04,1,1,130,0,1,12,0,184,3932,1
"org.tartarus.snowball.ext.RomanianStemmer",13,0.08,8.62,433,9.11,800267.28,24,11,2,14,4,32.02,151,845,2,2,76.15,0.00,0.50,0.16,0,0.00,29,27316.66,8,0,2,org.tartarus.snowball.SnowballProgram,0.04,1,1,112,0,1,13,0,149,3974,1
"org.tartarus.snowball.ext.RussianStemmer",12,0.02,6.92,315,5.50,437513.95,23,11,2,13,4,31.85,117,580,2,2,81.85,0.00,0.50,0.11,0,0.00,13,16491.41,5,0,2,org.tartarus.snowball.SnowballProgram,0.04,1,1,83,0,1,12,0,115,2611,1
"org.tartarus.snowball.ext.SpanishStemmer",12,0.06,11.58,511,9.27,892823.92,26,14,2,13,4,80.65,208,943,2,2,71.52,0.00,0.50,0.13,0,0.00,40,27801.19,7,0,2,org.tartarus.snowball.SnowballProgram,0.04,1,1,139,0,1,12,0,206,4174,1
"org.tartarus.snowball.ext.SwedishStemmer",6,0.17,5.50,164,2.31,153417.02,13,7,2,7,4,32.51,57,272,2,2,82.51,0.00,0.50,0.29,0,0.00,9,6925.29,6,0,2,org.tartarus.snowball.SnowballProgram,0.05,1,1,33,0,1,6,0,55,1204,1
"org.tartarus.snowball.ext.TurkishStemmer",42,0.00,7.45,1650,18.57,1772265.60,76,34,2,43,4,64.41,656,2392,2,2,74.76,0.00,0.50,0.03,0,1254.00,53,55710.81,9,0,2,org.tartarus.snowball.SnowballProgram,0.02,1,1,313,0,1,42,0,654,8933,1
"org.egothor.stemmer.Cell",3,0.62,1.00,13,0.11,1517.65,7,4,0,3,9,95.03,18,16,9,1,127.25,0.00,0.00,0.67,0,1.00,1,330.79,0,1,0,java.lang.Object,0.00,0,0,3,0,0,2,0,8,89,0
"org.egothor.stemmer.Compile",2,1.33,11.00,91,1.32,130177.50,5,3,10,33,8,28.58,15,107,1,1,70.87,0.00,0.00,1.00,1,0.00,20,3950.98,0,0,7,java.lang.Object,0.00,31,0,22,0,31,2,0,4,591,1
"org.egothor.stemmer.Diff",4,0.33,9.75,148,1.81,386579.09,12,8,0,14,4,62.36,60,165,4,1,72.72,0.00,0.00,0.38,0,4.00,26,5421.92,0,1,0,java.lang.Object,0.00,10,0,39,0,10,3,0,23,913,1
"org.egothor.stemmer.DiffIt",2,0.00,4.50,32,0.49,28517.75,2,0,5,15,1,50.73,15,39,0,1,93.03,0.00,0.00,0.00,1,2.00,7,1462.26,0,0,1,java.lang.Object,0.00,13,0,9,0,13,2,0,4,254,1
"org.egothor.stemmer.Gener",3,0.00,3.67,41,0.57,46352.53,3,0,4,9,6,53.87,22,44,2,2,96.16,0.00,0.50,0.00,1,3.00,7,1707.33,0,0,4,org.egothor.stemmer.Reduce,0.33,6,1,11,0,6,3,0,4,318,1
"org.egothor.stemmer.Lift",3,1.00,4.00,45,0.59,39893.03,4,1,4,13,6,44.34,28,52,2,2,94.34,0.00,0.50,0.33,1,4.00,9,1779.38,0,0,4,org.egothor.stemmer.Reduce,0.33,10,1,12,0,10,3,0,4,335,1
"org.egothor.stemmer.MultiTrie",8,0.11,2.38,70,0.84,37028.62,12,4,5,26,6,65.96,57,78,4,2,108.25,1.00,0.33,0.34,0,0.00,4,2525.72,0,2,2,org.egothor.stemmer.Trie,0.00,18,1,19,1,18,6,0,9,512,1
"org.egothor.stemmer.MultiTrie2",12,0.00,3.92,147,1.86,189707.72,12,0,5,26,7,65.14,73,183,4,3,97.36,0.00,0.67,0.00,3,38.00,8,5574.87,1,4,3,org.egothor.stemmer.MultiTrie,0.00,14,2,47,0,14,8,0,19,1060,1
"org.egothor.stemmer.Optimizer",4,0.00,5.25,84,0.99,103503.80,4,0,4,22,7,38.44,33,93,3,2,86.55,1.00,0.33,0.00,1,4.00,9,2974.78,0,0,4,org.egothor.stemmer.Reduce,0.29,18,1,21,1,18,4,0,6,570,1
"org.egothor.stemmer.Optimizer2",2,0.00,1.50,9,0.10,5539.66,2,0,0,3,4,72.86,20,13,2,3,121.34,0.00,0.67,0.00,0,2.00,2,311.43,0,0,2,org.egothor.stemmer.Optimizer,0.33,1,2,3,0,1,2,0,3,72,1
"org.egothor.stemmer.Reduce",3,0.00,1.67,25,0.37,16804.50,3,0,4,15,8,89.81,16,27,6,1,107.68,0.00,0.00,0.00,1,3.00,3,1118.35,0,1,3,java.lang.Object,0.00,12,0,5,4,12,2,0,4,224,1
"org.egothor.stemmer.Reduce$Remap",1,0.00,3.00,17,0.17,7110.55,1,0,4,7,2,62.29,6,18,0,2,94.52,0.00,0.50,0.00,0,0.00,3,518.26,0,0,2,org.egothor.stemmer.Row,0.00,6,1,3,0,6,1,0,1,103,0
"org.egothor.stemmer.Row",15,0.07,2.53,135,1.36,47525.33,18,3,5,33,8,89.75,84,147,7,1,107.62,0.00,0.00,0.27,1,0.00,8,4070.96,0,0,1,java.lang.Object,0.00,18,0,38,1,18,15,0,15,841,1
"org.egothor.stemmer.TestCompile",5,0.00,2.60,61,0.91,39790.87,5,0,11,36,5,99.81,1,76,0,3,99.81,0.00,0.67,0.00,2,5.00,8,2731.23,0,1,5,org.apache.lucene.util.LuceneTestCase,0.00,31,2,13,0,31,4,0,1,510,1
"org.egothor.stemmer.TestStemmer",7,0.00,2.14,74,0.93,28235.43,7,0,1,22,8,155.13,8,75,0,3,105.13,0.00,0.67,0.00,1,7.00,3,2778.75,0,0,8,org.apache.lucene.util.LuceneTestCase,0.00,15,2,15,0,15,7,0,2,545,1
"org.egothor.stemmer.Trie",14,0.23,3.64,197,2.08,136411.05,18,4,5,36,15,64.32,90,208,13,1,96.54,0.00,0.00,0.46,1,0.00,14,6250.91,0,5,3,java.lang.Object,0.00,22,0,51,2,22,9,0,15,1207,1
"org.egothor.stemmer.Trie$StrEnum",3,0.50,1.33,18,0.11,1772.82,6,3,5,5,0,159.97,6,23,0,1,120.08,0.00,0.00,0.67,0,0.00,2,331.03,0,0,0,java.lang.Object,0.00,2,0,4,0,2,3,0,1,87,0
"com.sleepycat.db.DbHandleExtractor",3,0.00,1.00,6,0.04,415.48,3,0,2,3,1,163.52,10,13,1,1,142.91,0.00,0.00,0.00,0,3.00,1,109.21,0,2,0,java.lang.Object,0.00,0,0,3,0,0,1,0,1,34,1
"org.apache.lucene.benchmark.stats.MemUsage",2,0.67,1.00,14,0.21,7209.29,8,6,0,6,2,62.99,20,18,2,1,111.47,0.00,0.00,0.50,1,2.00,1,643.53,0,2,0,java.lang.Object,0.00,4,0,2,0,4,0,0,3,142,1
"org.apache.lucene.benchmark.stats.QueryData",3,0.20,3.33,36,0.42,22430.09,8,5,3,9,4,67.74,20,34,2,1,99.96,0.00,0.00,0.33,0,4.00,5,1260.13,0,3,2,java.lang.Object,0.00,6,0,10,0,6,0,0,8,250,1
"org.apache.lucene.benchmark.stats.TestData",31,0.02,2.16,306,4.90,669252.49,54,23,12,78,8,140.98,68,427,1,1,101.10,0.00,0.00,0.06,1,478.00,22,14688.60,0,14,7,java.lang.Object,0.00,47,0,67,0,47,17,0,29,2504,1
"org.apache.lucene.benchmark.stats.TestData$DCounter",0,0.00,0.00,3,0.02,129.73,3,3,12,0,0,171.00,0,5,0,1,171.00,0.00,0.00,0.00,0,0.00,0,51.89,0,0,0,java.lang.Object,0.00,0,0,0,0,0,0,0,0,15,2
"org.apache.lucene.benchmark.stats.TestData$LCounter",0,0.00,0.00,3,0.02,116.27,2,2,12,0,0,171.00,0,5,0,1,171.00,0.00,0.00,0.00,0,0.00,0,46.51,0,0,0,java.lang.Object,0.00,0,0,0,0,0,0,0,0,14,2
"org.apache.lucene.benchmark.stats.TestData$LDCounter",0,0.00,0.00,7,0.04,394.55,7,7,12,0,0,171.00,0,9,0,1,171.00,0.00,0.00,0.00,0,0.00,0,124.00,0,0,0,java.lang.Object,0.00,0,0,0,0,0,0,0,0,31,2
"org.apache.lucene.benchmark.stats.TestRunData",15,0.07,1.73,84,1.01,49046.17,19,4,4,35,3,167.12,17,115,1,1,117.12,0.00,0.00,0.18,3,106.00,7,3020.54,0,6,2,java.lang.Object,0.00,20,0,26,0,20,9,0,10,634,1
"org.apache.lucene.benchmark.stats.TimeData",11,0.17,1.18,43,0.38,7688.48,17,6,0,19,3,151.38,36,54,3,1,130.76,0.00,0.00,0.32,1,14.00,2,1133.23,0,4,0,java.lang.Object,0.00,8,0,13,0,8,7,0,15,283,1
"org.apache.lucene.search.highlight.DefaultEncoder",2,0.00,1.00,4,0.02,168.02,2,0,0,2,5,94.62,19,10,4,1,144.62,0.00,0.00,0.00,0,2.00,1,53.51,0,1,1,java.lang.Object,0.00,0,0,2,0,0,1,1,2,20,1
"org.apache.lucene.search.highlight.Encoder",1,0.00,1.00,2,0.01,33.58,1,0,0,1,10,191.70,22,4,10,1,147.75,0.00,0.00,0.00,0,1.00,1,23.93,0,1,0,,0.00,0,0,1,0,0,0,0,3,11,1
"org.apache.lucene.search.highlight.Formatter",1,0.00,1.00,2,0.01,41.95,1,0,0,1,11,196.48,26,4,10,1,146.99,0.00,0.00,0.00,0,1.00,1,32.46,0,1,1,,0.00,0,0,1,0,0,0,0,3,13,1
"org.apache.lucene.search.highlight.FragmentQueue",2,0.00,1.50,5,0.08,3346.88,2,0,10,3,8,134.29,0,15,1,2,134.29,0.00,0.50,0.00,0,2.00,2,251.65,1,0,7,org.apache.lucene.util.PriorityQueue,0.00,1,1,3,0,1,2,0,0,63,0
"org.apache.lucene.search.highlight.Fragmenter",2,0.00,1.00,3,0.02,72.21,2,0,1,2,15,108.74,19,4,14,1,158.73,0.00,0.00,0.00,0,2.00,1,48.14,0,0,1,,0.00,0,0,2,0,0,2,0,3,18,1
"org.apache.lucene.search.highlight.GradientFormatter",7,0.24,3.00,96,1.32,58976.06,23,16,0,19,3,50.18,58,147,1,1,98.28,0.00,0.00,0.27,4,25.00,7,3972.45,0,4,2,java.lang.Object,0.00,12,0,21,1,12,3,1,6,768,1
"org.apache.lucene.search.highlight.Highlighter",18,0.07,2.72,191,2.69,324162.55,24,6,10,66,38,51.85,144,304,21,1,99.96,0.00,0.00,0.10,4,98.00,17,8057.63,0,6,17,java.lang.Object,0.00,48,0,49,0,48,12,0,42,1392,1
"org.apache.lucene.search.highlight.HighlighterPhraseTest",5,0.62,1.20,137,2.54,80805.19,7,2,32,39,32,84.42,0,215,0,3,84.42,0.00,0.67,1.00,0,0.00,2,7610.37,0,0,32,org.apache.lucene.util.LuceneTestCase,0.00,34,2,6,0,34,5,0,0,1233,1
"org.apache.lucene.search.highlight.HighlighterPhraseTest$Collector",4,1.00,1.00,9,0.11,1309.19,5,1,32,5,2,139.97,1,19,0,1,139.97,0.00,0.00,0.00,0,4.00,1,318.68,0,0,2,java.lang.Object,0.00,1,0,4,0,1,4,0,1,82,0
"org.apache.lucene.search.highlight.HighlighterPhraseTest$TokenStreamConcurrent",3,0.10,1.33,25,0.40,11527.20,8,5,32,13,5,109.02,0,34,0,3,109.02,0.00,0.67,0.27,1,4.00,2,1202.71,0,0,5,org.apache.lucene.analysis.TokenStream,0.55,10,2,4,0,10,3,0,0,242,3
"org.apache.lucene.search.highlight.HighlighterPhraseTest$TokenStreamSparse",3,0.10,1.33,25,0.40,10771.26,8,5,32,13,5,109.25,0,34,0,3,109.25,0.00,0.67,0.27,1,4.00,2,1196.94,0,0,5,org.apache.lucene.analysis.TokenStream,0.55,10,2,4,0,10,3,0,0,239,3
"org.apache.lucene.search.highlight.HighlighterTest",62,0.08,1.79,623,9.48,433024.96,75,13,65,152,80,153.29,94,704,25,4,103.29,0.00,0.75,0.15,8,402.00,8,28446.45,2,6,55,org.apache.lucene.analysis.BaseTokenStreamTestCase,0.08,90,3,111,0,90,56,1,53,5057,1
"org.apache.lucene.search.highlight.HighlighterTest$Scorer",4,0.00,1.00,8,0.04,260.54,4,0,65,4,2,145.49,0,12,0,1,145.49,0.00,0.00,0.00,0,4.00,1,107.35,0,1,2,java.lang.Object,0.00,0,0,4,0,0,3,0,0,37,0
"org.apache.lucene.search.highlight.HighlighterTest$TestHighlightRunner",1,0.00,1.00,4,0.04,466.10,1,0,65,2,1,127.53,0,6,0,1,127.53,0.00,0.00,0.00,0,0.00,1,113.42,0,0,1,java.lang.Object,0.00,1,0,1,0,1,1,0,0,28,0
"org.apache.lucene.search.highlight.HighlighterTest$TestHighlightRunner_0",1,0.00,1.00,4,0.04,466.10,1,0,65,2,1,127.53,0,6,0,1,127.53,0.00,0.00,0.00,0,0.00,1,113.42,0,0,1,java.lang.Object,0.00,1,0,1,0,1,1,0,0,28,0
"org.apache.lucene.search.highlight.HighlighterTest$TestHighlightRunner_1",1,0.00,1.00,4,0.04,466.10,1,0,65,2,1,127.53,0,6,0,1,127.53,0.00,0.00,0.00,0,0.00,1,113.42,0,0,1,java.lang.Object,0.00,1,0,1,0,1,1,0,0,28,0
"org.apache.lucene.search.highlight.HighlighterTest$TestHighlightRunner_10",1,0.00,1.00,10,0.17,4697.05,1,0,65,9,7,154.78,1,14,0,1,104.78,0.00,0.00,0.00,0,0.00,1,513.25,0,0,7,java.lang.Object,0.00,8,0,1,0,8,1,0,1,96,0
"org.apache.lucene.search.highlight.HighlighterTest$TestHighlightRunner_11",1,0.00,1.00,11,0.16,4113.74,1,0,65,9,5,153.69,1,14,0,1,103.69,0.00,0.00,0.00,0,0.00,1,474.11,0,0,5,java.lang.Object,0.00,8,0,1,0,8,1,0,1,91,0
"org.apache.lucene.search.highlight.HighlighterTest$TestHighlightRunner_12",1,0.00,1.00,6,0.07,1108.88,1,0,65,4,1,118.00,0,9,0,1,118.00,0.00,0.00,0.00,0,0.00,1,197.46,0,0,1,java.lang.Object,0.00,3,0,1,0,3,1,0,0,43,0
"org.apache.lucene.search.highlight.HighlighterTest$TestHighlightRunner_13",1,0.00,1.00,6,0.07,1108.88,1,0,65,4,1,118.00,0,9,0,1,118.00,0.00,0.00,0.00,0,0.00,1,197.46,0,0,1,java.lang.Object,0.00,3,0,1,0,3,1,0,0,43,0
"org.apache.lucene.search.highlight.HighlighterTest$TestHighlightRunner_14",1,0.00,5.00,35,0.57,46774.68,1,0,65,11,4,76.26,0,37,0,1,76.26,0.00,0.00,0.00,0,0.00,5,1716.05,0,0,4,java.lang.Object,0.00,10,0,5,0,10,1,0,0,292,0
"org.apache.lucene.search.highlight.HighlighterTest$TestHighlightRunner_15",1,0.00,1.00,22,0.44,20680.03,1,0,65,15,6,87.18,4,26,0,1,86.94,0.00,0.00,0.00,0,0.00,1,1325.71,0,0,6,java.lang.Object,0.00,14,0,1,0,14,1,0,4,228,0
"org.apache.lucene.search.highlight.HighlighterTest$TestHighlightRunner_16",1,0.00,1.00,15,0.27,8747.92,1,0,65,12,7,146.09,1,18,0,1,96.09,0.00,0.00,0.00,0,1.00,1,802.17,0,0,7,java.lang.Object,0.00,11,0,1,0,11,1,0,1,142,0
"org.apache.lucene.search.highlight.HighlighterTest$TestHighlightRunner_17",1,0.00,3.00,14,0.22,7687.00,1,0,65,8,3,147.39,1,16,0,1,97.39,0.00,0.00,0.00,0,0.00,3,658.42,0,0,3,java.lang.Object,0.00,7,0,3,0,7,1,0,1,116,0
"org.apache.lucene.search.highlight.HighlighterTest$TestHighlightRunner_18",1,0.00,4.00,21,0.39,18098.94,1,0,65,13,5,127.72,2,23,0,1,87.83,0.00,0.00,0.00,0,0.00,4,1172.69,0,0,5,java.lang.Object,0.00,12,0,4,0,12,1,0,2,196,0
"org.apache.lucene.search.highlight.HighlighterTest$TestHighlightRunner_19",1,0.00,1.00,9,0.13,3441.64,1,0,65,7,3,147.44,2,14,0,1,107.55,0.00,0.00,0.00,0,0.00,1,393.83,0,0,3,java.lang.Object,0.00,6,0,1,0,6,1,0,2,77,0
"org.apache.lucene.search.highlight.HighlighterTest$TestHighlightRunner_2",1,0.00,1.00,6,0.07,1108.88,1,0,65,4,1,118.00,0,9,0,1,118.00,0.00,0.00,0.00,0,0.00,1,197.46,0,0,1,java.lang.Object,0.00,3,0,1,0,3,1,0,0,43,0
"org.apache.lucene.search.highlight.HighlighterTest$TestHighlightRunner_20",1,0.00,2.00,25,0.43,18142.45,1,0,65,22,6,35.16,9,28,0,1,85.16,0.00,0.00,0.00,0,1.00,2,1283.11,0,0,6,java.lang.Object,0.00,21,0,2,0,21,1,0,9,219,0
"org.apache.lucene.search.highlight.HighlighterTest$TestHighlightRunner_21",1,0.00,1.00,13,0.22,6038.40,1,0,65,16,6,99.67,0,18,0,1,99.67,0.00,0.00,0.00,0,1.00,1,672.61,0,0,6,java.lang.Object,0.00,15,0,1,0,15,1,0,0,123,0
"org.apache.lucene.search.highlight.HighlighterTest$TestHighlightRunner_22",1,0.00,5.00,22,0.40,17048.78,1,0,65,14,10,43.10,11,24,0,1,87.23,0.00,0.00,0.00,0,0.00,5,1198.69,0,0,10,java.lang.Object,0.00,13,0,5,0,13,1,0,11,194,0
"org.apache.lucene.search.highlight.HighlighterTest$TestHighlightRunner_23",1,0.00,2.00,12,0.14,4034.18,1,0,65,6,3,102.19,0,13,0,1,102.19,0.00,0.00,0.00,0,0.00,2,420.53,0,0,3,java.lang.Object,0.00,5,0,2,0,5,1,0,0,81,0
"org.apache.lucene.search.highlight.HighlighterTest$TestHighlightRunner_24",1,0.00,5.00,24,0.36,14123.64,1,0,65,11,8,126.35,2,30,0,1,86.47,0.00,0.00,0.00,0,0.00,5,1067.67,0,0,8,java.lang.Object,0.00,10,0,5,0,10,1,0,2,189,0
"org.apache.lucene.search.highlight.HighlighterTest$TestHighlightRunner_26",1,0.00,1.00,54,1.04,118982.36,1,0,65,8,5,106.30,2,56,0,1,66.41,0.00,0.00,0.00,0,1.00,1,3123.29,0,0,5,java.lang.Object,0.00,7,0,1,0,7,1,0,2,568,0
"org.apache.lucene.search.highlight.HighlighterTest$TestHighlightRunner_3",1,0.00,1.00,6,0.07,1140.58,1,0,65,4,1,117.90,0,9,0,1,117.90,0.00,0.00,0.00,0,0.00,1,204.28,0,0,1,java.lang.Object,0.00,3,0,1,0,3,1,0,0,44,0
"org.apache.lucene.search.highlight.HighlighterTest$TestHighlightRunner_4",1,0.00,1.00,6,0.07,1108.88,1,0,65,4,1,118.00,0,9,0,1,118.00,0.00,0.00,0.00,0,0.00,1,197.46,0,0,1,java.lang.Object,0.00,3,0,1,0,3,1,0,0,43,0
"org.apache.lucene.search.highlight.HighlighterTest$TestHighlightRunner_5",1,0.00,1.00,6,0.07,1108.88,1,0,65,4,1,118.00,0,9,0,1,118.00,0.00,0.00,0.00,0,0.00,1,197.46,0,0,1,java.lang.Object,0.00,3,0,1,0,3,1,0,0,43,0
"org.apache.lucene.search.highlight.HighlighterTest$TestHighlightRunner_6",1,0.00,1.00,10,0.13,2918.87,1,0,65,7,3,127.03,3,13,0,1,106.41,0.00,0.00,0.00,0,0.00,1,391.18,0,0,3,java.lang.Object,0.00,6,0,1,0,6,1,0,3,76,0
"org.apache.lucene.search.highlight.HighlighterTest$TestHighlightRunner_7",1,0.00,1.00,6,0.07,1108.88,1,0,65,4,1,168.00,1,9,0,1,118.00,0.00,0.00,0.00,0,0.00,1,197.46,0,0,1,java.lang.Object,0.00,3,0,1,0,3,1,0,1,43,0
"org.apache.lucene.search.highlight.HighlighterTest$TestHighlightRunner_8",1,0.00,1.00,8,0.13,3002.62,1,0,65,7,5,159.93,1,12,0,1,109.93,0.00,0.00,0.00,0,0.00,1,388.39,0,0,5,java.lang.Object,0.00,6,0,1,0,6,1,0,1,75,0
"org.apache.lucene.search.highlight.HighlighterTest$TestHighlightRunner_9",1,0.00,1.00,8,0.11,2015.48,1,0,65,10,6,111.29,0,10,0,1,111.29,0.00,0.00,0.00,0,0.00,1,328.00,0,0,6,java.lang.Object,0.00,9,0,1,0,9,1,0,0,68,0
"org.apache.lucene.search.highlight.HighlighterTest$TokenStream",1,1.00,2.00,33,0.42,15451.56,6,5,65,15,4,81.21,0,38,0,1,81.21,0.00,0.00,0.80,0,0.00,2,1274.60,0,0,4,java.lang.Object,0.00,14,0,2,0,14,1,0,0,240,0
"org.apache.lucene.search.highlight.HighlighterTest$TokenStream_25",1,1.00,2.00,33,0.42,15451.56,6,5,65,15,4,81.21,0,38,0,1,81.21,0.00,0.00,0.80,0,0.00,2,1274.60,0,0,4,java.lang.Object,0.00,14,0,2,0,14,1,0,0,240,0
"org.apache.lucene.search.highlight.InvalidTokenOffsetsException",1,0.00,1.00,3,0.02,106.02,1,0,0,1,4,170.64,20,7,4,2,137.25,0.00,0.50,0.00,0,1.00,1,45.51,0,0,0,java.lang.Exception,0.00,0,1,1,0,0,1,0,2,16,1
"org.apache.lucene.search.highlight.NullFragmenter",2,0.00,1.00,4,0.02,133.81,2,0,1,2,10,185.28,4,7,8,1,145.40,0.00,0.00,0.00,0,2.00,1,68.04,0,0,2,java.lang.Object,0.00,0,0,2,0,0,2,1,1,23,1
"org.apache.lucene.search.highlight.PositionSpan",1,2.00,1.00,6,0.03,519.81,3,2,3,1,4,120.59,0,8,4,1,120.59,0.00,0.00,0.00,0,1.00,1,102.88,0,0,0,java.lang.Object,0.00,0,0,1,0,0,1,0,0,32,0
"org.apache.lucene.search.highlight.QueryScorer",17,0.04,1.59,91,1.00,26982.43,31,14,14,39,21,119.85,84,121,8,1,119.62,0.00,0.00,0.11,2,108.00,4,3001.75,0,3,13,java.lang.Object,0.00,22,0,27,0,22,14,1,20,641,1
"org.apache.lucene.search.highlight.QueryTermExtractor",7,0.00,2.57,46,0.78,36105.42,7,0,10,25,9,70.23,53,82,1,1,112.52,0.00,0.00,0.00,3,7.00,6,2328.82,0,4,8,java.lang.Object,0.00,18,0,18,0,18,3,0,11,445,2
"org.apache.lucene.search.highlight.QueryTermScorer",10,0.04,1.40,44,0.47,12374.56,16,6,6,23,13,91.89,60,58,5,1,124.11,0.00,0.00,0.20,0,34.00,3,1399.55,0,1,8,java.lang.Object,0.00,13,0,14,0,13,9,1,17,313,1
"org.apache.lucene.search.highlight.Scorer",4,0.00,1.00,5,0.03,143.81,4,0,2,4,7,110.64,33,6,5,1,158.75,0.00,0.00,0.00,0,4.00,1,77.87,0,1,2,,0.00,0,0,4,0,0,3,0,5,30,1
"org.apache.lucene.search.highlight.SimpleFragmenter",6,0.10,1.17,21,0.15,2457.28,10,4,2,8,12,153.21,20,29,9,1,132.60,0.00,0.00,0.33,0,10.00,2,460.63,0,0,3,java.lang.Object,0.00,2,0,7,1,2,6,1,6,120,1
"org.apache.lucene.search.highlight.SimpleHTMLEncoder",3,0.00,3.33,27,0.29,19022.81,3,0,0,9,5,62.90,22,47,4,1,105.19,0.00,0.00,0.00,1,3.00,8,882.54,0,2,1,java.lang.Object,0.00,6,0,10,0,6,1,1,3,169,1
"org.apache.lucene.search.highlight.SimpleHTMLFormatter",3,0.12,1.33,18,0.18,4973.57,7,4,0,8,12,68.45,26,23,10,1,116.55,0.00,0.00,0.33,0,5.00,2,544.46,0,1,2,java.lang.Object,0.00,5,0,4,0,5,2,1,6,129,1
"org.apache.lucene.search.highlight.SimpleSpanFragmenter",4,0.40,2.50,43,0.50,20261.08,14,10,6,12,10,104.55,17,51,1,1,104.31,0.00,0.00,0.40,0,6.00,7,1514.42,0,0,9,java.lang.Object,0.00,8,0,10,0,8,4,1,5,296,1
"org.apache.lucene.search.highlight.SpanGradientFormatter",2,0.50,3.00,24,0.29,10694.80,4,2,0,7,2,71.75,26,43,0,2,101.13,0.00,0.50,0.25,0,2.00,5,883.58,2,1,2,org.apache.lucene.search.highlight.GradientFormatter,0.00,5,1,6,0,5,1,0,4,180,1
"org.apache.lucene.search.highlight.SynonymAnalyzer",2,1.00,1.00,10,0.12,2608.85,3,1,65,5,45,141.01,6,14,1,2,120.39,0.00,0.50,0.50,0,2.00,1,371.48,0,1,44,org.apache.lucene.analysis.Analyzer,0.00,3,1,2,0,3,1,0,1,85,1
"org.apache.lucene.search.highlight.SynonymTokenizer",2,1.40,3.50,48,0.62,22653.58,12,10,65,24,44,87.30,1,57,1,3,87.30,0.00,0.67,0.80,0,0.00,6,1846.10,0,0,43,org.apache.lucene.analysis.TokenStream,0.30,22,2,7,0,22,2,0,1,344,1
"org.apache.lucene.search.highlight.SynonymTokenizer$TestHighlightRunner_27",7,0.21,2.57,52,0.71,19393.51,11,4,65,20,15,112.15,0,64,0,1,112.15,0.00,0.00,0.43,3,3.00,5,2127.32,0,3,15,java.lang.Object,0.00,13,0,18,0,13,4,0,0,416,2
"org.apache.lucene.search.highlight.TextFragment",8,0.00,1.00,28,0.21,3018.55,13,5,0,11,14,133.15,38,46,14,1,132.91,0.00,0.00,0.20,0,26.00,1,620.00,0,1,0,java.lang.Object,0.00,3,0,8,0,3,7,0,7,169,1
"org.apache.lucene.search.highlight.TokenGroup",10,0.13,1.40,55,0.50,19712.27,21,11,4,18,10,158.79,25,71,6,1,118.90,0.00,0.00,0.21,0,38.00,5,1514.47,0,1,4,java.lang.Object,0.00,8,0,14,0,8,9,0,7,329,1
"org.apache.lucene.search.highlight.TokenStreamFromTermPositionVector",3,0.30,2.67,49,0.69,35376.56,8,5,13,28,7,114.41,9,56,0,3,93.80,0.00,0.67,0.40,0,1.00,5,2057.33,0,0,7,org.apache.lucene.analysis.TokenStream,0.55,25,2,8,0,25,3,0,4,371,2
"org.apache.lucene.search.highlight.TokenStreamFromTermPositionVector$Comparator<Token>",1,0.00,3.00,7,0.07,2283.27,1,0,13,2,1,112.78,0,10,0,1,112.78,0.00,0.00,0.00,0,1.00,3,210.81,0,0,1,java.lang.Object,0.00,1,0,3,0,1,1,0,0,52,0
"org.apache.lucene.search.highlight.WeightedSpanTerm",7,0.33,1.29,24,0.25,5044.95,9,2,3,11,8,151.26,24,34,6,2,130.64,0.00,0.50,0.21,0,18.00,3,744.79,0,1,2,org.apache.lucene.search.highlight.WeightedTerm,0.00,4,1,9,0,4,6,0,8,177,1
"org.apache.lucene.search.highlight.WeightedSpanTermExtractor",18,0.03,4.78,286,4.03,371377.15,25,7,26,92,27,74.92,103,334,1,1,92.79,0.00,0.00,0.11,9,134.00,28,12077.24,0,5,26,java.lang.Object,0.00,74,0,86,0,74,13,0,19,2047,1
"org.apache.lucene.search.highlight.WeightedSpanTermExtractor$FakeReader",2,0.00,1.50,8,0.10,2845.93,4,2,26,6,5,123.62,1,14,0,3,123.62,0.00,0.67,0.50,0,2.00,2,301.96,1,1,5,org.apache.lucene.index.FilterIndexReader,0.00,4,2,3,0,4,1,0,1,71,2
"org.apache.lucene.search.highlight.WeightedSpanTermExtractor$PositionCheckingMap",2,0.00,2.50,14,0.21,5816.67,2,0,26,7,1,111.99,0,21,0,2,111.99,0.00,0.50,0.00,1,2.00,3,616.10,1,1,1,java.util.HashMap,0.00,5,1,5,0,5,1,0,0,134,2
"org.apache.lucene.search.highlight.WeightedTerm",5,0.38,1.00,14,0.08,974.53,7,2,0,5,4,109.52,32,26,4,1,141.74,0.00,0.00,0.20,0,11.00,1,250.85,0,1,0,java.lang.Object,0.00,0,0,5,1,0,4,0,8,75,1
"org.apache.solr.BaseDistributedSearchTestCase",29,0.02,3.28,332,4.58,309556.18,53,24,19,102,13,150.16,36,365,1,3,100.16,1.50,0.33,0.06,13,380.00,16,13746.13,2,12,12,org.apache.solr.SolrTestCaseJ4,0.09,73,2,95,3,73,17,0,22,2550,2
"org.apache.solr.BaseDistributedSearchTestCase$RandDate",1,0.00,1.00,6,0.06,961.00,2,1,19,4,1,118.49,0,8,0,2,118.49,0.00,0.50,1.00,0,0.00,1,179.67,0,1,1,org.apache.solr.RandVal,0.00,3,1,1,0,3,0,0,0,45,2
"org.apache.solr.BaseDistributedSearchTestCase$RandVal",1,0.00,1.00,3,0.01,121.62,1,0,19,1,0,136.78,0,4,0,1,136.78,0.00,0.00,0.00,0,0.00,1,44.54,0,1,0,java.lang.Object,0.00,0,0,1,0,0,0,0,0,15,0
"org.apache.solr.BaseDistributedSearchTestCase$RandVal_0",1,0.00,1.00,3,0.01,121.62,1,0,19,1,0,136.78,0,4,0,1,136.78,0.00,0.00,0.00,0,0.00,1,44.54,0,1,0,java.lang.Object,0.00,0,0,1,0,0,0,0,0,15,0
"org.apache.solr.BaseDistributedSearchTestCase$RandVal_1",1,0.00,1.00,3,0.01,121.62,1,0,19,1,0,136.78,0,4,0,1,136.78,0.00,0.00,0.00,0,0.00,1,44.54,0,1,0,java.lang.Object,0.00,0,0,1,0,0,0,0,0,15,0
"org.apache.solr.BaseDistributedSearchTestCase$RandVal_2",1,0.00,1.00,3,0.01,121.62,1,0,19,1,0,136.78,0,4,0,1,136.78,0.00,0.00,0.00,0,0.00,1,44.54,0,1,0,java.lang.Object,0.00,0,0,1,0,0,0,0,0,15,0
"org.apache.solr.BaseDistributedSearchTestCase$RandVal_3",2,0.50,2.00,11,0.07,1249.97,4,2,19,5,0,122.75,0,11,0,1,122.75,0.00,0.00,0.25,1,2.00,3,218.67,0,2,0,java.lang.Object,0.00,3,0,4,0,3,0,0,0,58,3
"org.apache.solr.BaseDistributedSearchTestCase$Thread",1,0.00,4.00,13,0.13,3625.95,1,0,19,5,3,101.10,0,15,0,1,101.10,0.00,0.00,0.00,0,0.00,4,399.12,0,0,3,java.lang.Object,0.00,4,0,4,0,4,1,0,0,78,0
"org.apache.solr.BasicFunctionalityTest",22,0.00,1.18,269,4.61,177377.92,22,0,34,102,24,120.56,73,452,0,3,99.94,0.00,0.67,0.00,0,90.00,2,13834.36,10,2,24,org.apache.solr.SolrTestCaseJ4,0.00,80,2,26,0,80,20,0,43,2439,1
"org.apache.solr.BasicFunctionalityTest$RequestHandlerBase",5,0.00,1.00,11,0.05,423.33,5,0,34,6,2,144.59,0,9,0,1,144.59,0.00,0.00,0.00,0,5.00,1,161.11,0,4,2,java.lang.Object,0.00,1,0,5,0,1,1,0,0,51,0
"org.apache.solr.CollectionTester",14,0.02,4.36,177,2.27,172566.82,21,7,5,49,2,98.19,7,210,1,1,98.19,0.00,0.00,0.16,10,58.00,24,6821.75,0,4,1,java.lang.Object,0.00,35,0,61,0,35,10,0,7,1234,0
"org.apache.solr.ConvertedLegacyTest",2,0.00,1.00,542,10.34,626789.18,2,0,5,6,3,44.23,70,1127,0,3,36.96,0.00,0.67,0.00,0,2.00,1,31029.03,7,0,3,org.apache.solr.SolrTestCaseJ4,0.00,4,2,2,0,4,2,0,65,3489,1
"org.apache.solr.DisMaxRequestHandlerTest",6,0.00,1.00,37,0.89,18844.45,6,0,4,15,1,164.43,6,169,0,3,114.43,0.00,0.67,0.00,1,6.00,1,2659.99,5,0,1,org.apache.solr.SolrTestCaseJ4,0.00,9,2,6,0,9,6,0,4,479,1
"org.apache.solr.EchoParamsTest",5,0.25,1.00,25,0.33,5235.85,6,1,2,8,1,121.14,1,42,0,3,121.14,0.00,0.67,0.80,0,0.00,1,1002.90,3,0,1,org.apache.solr.SolrTestCaseJ4,0.00,3,2,5,0,3,5,0,1,220,1
"org.apache.solr.JSONTestUtil",3,0.00,2.33,17,0.26,10120.15,3,0,5,10,3,156.83,8,23,1,1,116.95,0.00,0.00,0.00,2,3.00,3,789.62,0,3,2,java.lang.Object,0.00,7,0,7,0,7,0,0,1,168,1
"org.apache.solr.MinimalSchemaTest",4,0.00,1.75,24,0.38,8754.40,4,0,4,14,1,97.67,21,66,0,3,115.54,0.00,0.67,0.00,0,4.00,4,1132.17,5,0,1,org.apache.solr.SolrTestCaseJ4,0.00,10,2,7,0,10,4,0,6,227,1
"org.apache.solr.OutputWriterTest",4,1.00,1.00,30,0.38,8921.41,5,1,9,10,5,133.72,12,39,0,3,113.11,0.00,0.67,0.25,0,0.00,1,1127.17,3,0,5,org.apache.solr.SolrTestCaseJ4,0.00,6,2,4,0,6,4,0,9,247,1
"org.apache.solr.OutputWriterTest$UselessOutputWriter",4,0.00,1.00,7,0.06,471.75,4,0,9,5,4,154.69,0,11,0,1,154.69,0.00,0.00,0.00,0,8.00,1,166.32,0,1,4,java.lang.Object,0.00,1,0,4,0,1,3,1,0,49,2
"org.apache.solr.SampleTest",3,0.00,1.00,22,0.35,5756.65,3,0,5,8,2,65.52,26,55,0,3,113.62,0.00,0.67,0.00,0,4.00,1,1043.06,7,0,2,org.apache.solr.SolrTestCaseJ4,0.00,5,2,3,0,5,3,0,9,195,1
"org.apache.solr.SolrInfoMBeanTest",2,0.00,5.50,45,0.79,50350.61,2,0,13,34,8,53.65,12,57,0,3,85.88,0.00,0.67,0.00,1,2.00,6,2376.40,0,1,8,org.apache.lucene.util.LuceneTestCase,0.00,32,2,11,0,32,1,0,7,407,1
"org.apache.solr.SolrTestCaseJ4",39,0.01,2.00,219,2.84,114078.53,47,8,24,106,66,138.09,135,313,56,2,117.47,89.00,0.01,0.12,16,469.00,8,8530.61,2,13,10,org.apache.lucene.util.LuceneTestCaseJ4,0.00,67,1,78,89,67,26,0,38,1723,1
"org.apache.solr.SolrTestCaseJ4$Doc",1,0.00,1.00,4,0.02,135.00,2,1,24,1,0,131.77,0,4,0,1,131.77,0.00,0.00,1.00,0,0.00,1,54.00,0,1,0,java.lang.Object,0.00,0,0,1,0,0,0,0,0,18,2
"org.apache.solr.TestDistributedSearch",1,9.00,7.00,109,2.29,266057.74,16,15,2,6,4,88.87,30,124,2,4,51.83,0.00,0.75,0.40,0,0.00,7,6884.84,6,0,2,org.apache.solr.BaseDistributedSearchTestCase,0.06,5,3,7,0,5,1,0,20,958,1
"org.apache.solr.TestPluginEnable",3,0.00,1.00,8,0.07,757.48,3,0,2,7,2,180.74,6,14,0,4,140.85,0.00,0.75,0.00,0,4.00,1,204.59,0,2,2,org.apache.solr.util.AbstractSolrTestCase,0.19,4,3,3,0,4,1,0,1,57,1
"org.apache.solr.TestSolrCoreProperties",10,0.02,1.10,60,0.71,15142.39,15,5,10,40,6,166.91,10,74,0,4,116.91,0.00,0.75,0.22,4,50.00,2,2128.24,0,5,6,org.apache.solr.util.AbstractSolrTestCase,0.32,30,3,11,0,30,5,0,2,441,1
"org.apache.solr.TestTrie",13,0.00,2.31,173,3.37,188140.32,13,0,13,25,6,136.38,26,196,0,3,96.49,0.00,0.67,0.00,3,24.00,6,10123.32,8,0,6,org.apache.solr.SolrTestCaseJ4,0.06,12,2,30,0,12,13,0,21,1714,1
"org.apache.lucene.benchmark.utils.ExtractReuters",5,0.04,3.40,75,0.96,51164.11,11,6,8,34,1,135.16,13,112,1,1,95.27,0.00,0.00,0.20,2,11.00,8,2883.98,0,0,0,java.lang.Object,0.00,29,0,17,0,29,5,0,7,525,1
"org.apache.lucene.benchmark.utils.ExtractReuters$FileFilter",1,0.00,1.00,3,0.02,227.68,1,0,8,3,0,134.64,0,5,0,1,134.64,0.00,0.00,0.00,0,1.00,1,70.91,0,0,0,java.lang.Object,0.00,2,0,1,0,2,1,0,0,21,0
"org.apache.lucene.benchmark.utils.ExtractWikipedia",6,0.15,3.00,86,1.17,55182.14,10,4,8,34,5,96.78,4,101,1,1,96.78,0.00,0.00,0.12,3,14.00,6,3522.10,0,1,4,java.lang.Object,0.00,28,0,18,0,28,5,0,2,654,1
"org.apache.lucene.spatial.tier.projections.CartesianTierPlotter",12,0.05,1.08,48,0.55,11052.10,20,8,0,23,4,125.42,50,64,3,1,125.18,0.00,0.00,0.08,5,62.00,2,1636.59,0,2,1,java.lang.Object,0.00,11,0,13,0,11,10,0,12,381,1
"org.apache.lucene.spatial.tier.projections.IProjector",2,0.00,1.00,3,0.02,150.60,2,0,0,2,4,196.11,5,4,4,1,156.22,0.00,0.00,0.00,0,2.00,1,65.00,0,1,0,,0.00,0,0,2,0,0,1,0,1,23,1
"org.apache.lucene.spatial.tier.projections.SinusoidalProjector",2,0.00,1.00,9,0.09,2538.98,2,0,0,4,3,124.34,8,12,2,1,124.10,0.00,0.00,0.00,0,2.00,1,273.12,0,1,1,java.lang.Object,0.00,2,0,2,0,2,1,1,1,68,1
"org.apache.lucene.queryParser.complexPhrase.ComplexPhraseQueryParser",9,0.04,2.00,57,0.67,19107.24,12,3,21,20,18,97.74,51,93,1,2,115.61,0.00,0.50,0.37,1,0.00,3,2005.08,8,7,17,org.apache.lucene.queryParser.QueryParser,0.00,11,1,18,0,11,2,0,28,427,1
"org.apache.lucene.queryParser.complexPhrase.ComplexPhraseQueryParser$ComplexPhraseQuery",7,0.25,5.14,113,1.72,131624.55,11,4,21,32,13,92.28,29,157,0,2,92.05,0.00,0.50,0.46,1,0.00,12,5159.18,0,2,13,org.apache.lucene.search.Query,0.10,25,1,36,0,25,5,0,29,911,1
"org.apache.lucene.queryParser.complexPhrase.TestComplexPhraseQuery",5,0.30,2.00,67,0.91,29287.32,10,5,16,32,15,120.23,18,79,0,3,99.62,0.00,0.67,0.44,2,0.00,4,2732.70,3,0,15,org.apache.lucene.util.LuceneTestCase,0.35,27,2,10,0,27,5,0,18,504,1
"org.apache.lucene.queryParser.complexPhrase.TestComplexPhraseQuery$DocData",1,2.00,1.00,7,0.04,592.22,3,2,16,1,0,117.64,0,9,0,1,117.64,0.00,0.00,0.00,0,1.00,1,121.45,0,0,0,java.lang.Object,0.00,0,0,1,0,0,1,0,0,36,1
"org.apache.lucene.queryParser.standard.parser.EscapeQuerySyntaxImpl",8,0.05,5.50,146,2.02,195171.83,14,6,5,28,11,57.01,54,180,6,1,89.23,0.00,0.00,0.12,2,34.00,12,6068.94,0,7,5,java.lang.Object,0.00,20,0,44,0,20,1,1,28,1112,1
"org.apache.lucene.queryParser.standard.parser.JavaCharStream",39,0.10,2.18,267,3.57,243220.54,57,18,0,47,1,161.91,49,479,1,1,111.91,0.00,0.00,0.15,9,189.00,15,10717.33,0,1,0,java.lang.Object,0.00,8,0,85,0,8,38,0,38,2144,1
"org.apache.lucene.queryParser.standard.parser.ParseException",5,5.00,3.00,88,1.12,86343.00,10,5,4,15,6,62.10,69,105,1,4,91.48,0.00,0.75,0.00,0,5.00,9,3348.03,0,2,5,org.apache.lucene.queryParser.core.QueryNodeParseException,0.00,10,3,15,0,10,3,0,11,593,1
"org.apache.lucene.queryParser.standard.parser.StandardSyntaxParserConstants",0,0.00,0.00,36,0.55,6890.24,35,35,0,0,1,171.00,39,69,1,1,171.00,0.00,0.00,0.00,0,0.00,0,1655.01,0,0,0,,0.00,0,0,0,0,0,0,0,36,247,1
"org.apache.lucene.queryParser.standard.parser.StandardSyntaxParserTokenManager",35,0.06,8.54,602,8.72,1269624.56,56,21,27,46,26,88.70,12,1045,0,1,88.70,0.00,0.00,0.11,19,350.00,117,26162.49,0,0,26,java.lang.Object,0.00,11,0,299,0,11,35,1,12,4316,1
"org.apache.lucene.queryParser.standard.parser.SuppressWarnings",6,0.20,1.50,48,0.66,33774.42,11,5,0,14,0,59.58,51,72,0,2,107.69,0.00,0.50,0.03,1,10.00,3,1967.96,1,3,0,java.lang.Error,0.00,8,1,9,0,8,3,0,14,375,1
"org.apache.lucene.queryParser.standard.parser.SuppressWarnings$JJCalls",0,0.00,0.00,5,0.03,253.51,4,4,27,0,1,171.00,0,6,0,1,171.00,0.00,0.00,0.00,0,0.00,0,78.87,0,0,1,java.lang.Object,0.00,0,0,0,0,0,0,0,0,22,2
"org.apache.lucene.queryParser.standard.parser.SuppressWarnings$LookaheadSuccess",0,0.00,0.00,1,0.01,145.30,0,0,27,0,0,171.00,0,1,0,2,171.00,0.00,0.50,0.00,0,0.00,0,41.51,0,0,0,java.lang.Error,0.00,0,1,0,0,0,0,0,0,12,3
"org.apache.lucene.queryParser.standard.parser.Token",7,0.12,1.00,24,0.16,1989.42,15,8,0,8,3,83.88,67,38,3,1,133.88,0.00,0.00,0.02,1,12.00,1,468.86,0,4,0,java.lang.Object,0.00,1,0,7,0,1,3,0,15,131,1
"org.apache.lucene.analysis.wikipedia.WikipediaTokenizer",13,0.03,1.85,150,2.47,104132.11,55,42,10,44,11,69.05,81,191,4,4,101.27,0.00,0.75,0.05,6,33.00,6,7407.83,2,0,8,org.apache.lucene.analysis.Tokenizer,0.40,31,3,24,0,31,13,0,31,1259,2
"org.apache.lucene.analysis.wikipedia.WikipediaTokenizerImpl",27,0.04,3.63,475,7.23,445046.14,92,65,1,37,2,49.31,193,698,1,1,91.60,0.00,0.00,0.06,3,319.00,58,21692.59,0,1,2,java.lang.Object,0.00,10,0,98,0,10,26,0,79,3138,0
"org.apache.lucene.analysis.wikipedia.WikipediaTokenizerTest",7,0.83,1.14,61,1.76,60642.53,8,1,7,20,3,156.27,7,126,0,4,106.27,0.00,0.75,0.29,1,13.00,2,5276.88,1,0,3,org.apache.lucene.analysis.BaseTokenStreamTestCase,0.00,13,3,8,0,13,7,0,5,864,1
"org.apache.lucene.analysis.standard.StandardAnalyzer",7,0.04,1.14,26,0.29,5489.74,11,4,6,16,96,88.09,52,35,88,4,130.38,0.00,0.75,0.21,0,16.00,2,861.11,0,0,9,org.apache.lucene.analysis.StopwordAnalyzerBase,0.00,9,3,8,0,9,7,0,10,200,2
"org.apache.lucene.analysis.standard.StandardAnalyzer$TokenStreamComponents",1,0.00,1.00,4,0.05,764.47,1,0,6,2,1,125.84,0,6,0,1,125.84,0.00,0.00,0.00,0,1.00,1,147.28,1,0,1,java.lang.Object,0.00,1,0,1,0,1,1,0,0,36,0
"org.apache.lucene.analysis.standard.StandardFilter",2,0.50,3.50,25,0.40,24054.61,6,4,4,7,33,80.45,10,33,28,4,98.33,0.00,0.75,0.50,0,2.00,6,1185.71,0,0,5,org.apache.lucene.analysis.TokenFilter,0.29,5,3,7,0,5,2,0,7,222,2
"org.apache.lucene.analysis.standard.StandardTokenizer",11,0.01,1.64,70,0.95,31562.85,28,17,9,25,58,82.41,75,105,50,4,114.63,0.00,0.75,0.07,1,37.00,6,2848.93,2,0,11,org.apache.lucene.analysis.Tokenizer,0.29,14,3,18,0,14,11,0,21,551,2
"org.apache.lucene.analysis.standard.StandardTokenizerImpl31",24,0.05,2.42,251,3.81,182547.90,66,42,2,33,3,60.64,182,440,1,1,102.93,0.00,0.00,0.07,2,234.00,21,11422.39,0,1,3,java.lang.Object,0.00,9,0,58,0,9,23,1,68,1913,0
"org.apache.lucene.analysis.standard.StandardTokenizerImplOrig",24,0.05,2.42,251,3.78,182021.23,66,42,2,33,3,60.65,182,436,1,1,102.94,0.00,0.00,0.07,2,234.00,21,11343.80,0,1,3,java.lang.Object,0.00,9,0,58,0,9,23,1,68,1905,0
"org.apache.lucene.analysis.standard.StandardTokenizerInterface",5,1.00,1.00,7,0.04,256.70,6,1,3,5,4,139.66,27,8,3,1,157.53,0.00,0.00,0.00,0,5.00,1,109.13,0,0,1,,0.00,0,0,5,0,0,5,0,6,39,0
"org.apache.lucene.analysis.it.ItalianAnalyzer",5,0.50,1.80,21,0.29,6976.19,7,2,17,16,15,75.54,42,31,1,4,123.64,0.00,0.75,0.10,0,8.00,3,861.43,0,2,14,org.apache.lucene.analysis.StopwordAnalyzerBase,0.00,11,3,9,0,11,3,0,8,191,2
"org.apache.lucene.analysis.it.ItalianAnalyzer$DefaultSetHolder",0,0.00,0.00,6,0.05,843.89,1,1,17,0,2,171.00,2,11,0,1,171.00,0.00,0.00,0.00,0,0.00,0,162.56,0,0,2,java.lang.Object,0.00,0,0,0,0,0,0,0,2,40,2
"org.apache.lucene.analysis.it.ItalianLightStemFilter",2,0.33,2.00,14,0.16,3794.18,5,3,6,9,8,113.74,9,20,2,4,113.50,0.00,0.75,0.50,0,2.00,3,481.98,0,0,6,org.apache.lucene.analysis.TokenFilter,0.29,7,3,4,0,7,2,0,1,107,2
"org.apache.lucene.analysis.it.ItalianLightStemmer",1,0.00,14.00,23,0.50,39068.30,1,0,0,1,1,46.57,56,52,1,1,83.44,0.00,0.00,0.00,0,1.00,14,1488.03,0,0,0,java.lang.Object,0.00,0,0,14,0,0,1,0,4,260,1
"org.apache.lucene.analysis.it.TestItalianAnalyzer",3,0.00,1.00,14,0.15,2836.17,3,0,5,7,3,164.99,6,19,0,4,125.11,0.00,0.75,0.00,0,0.00,1,450.25,2,0,3,org.apache.lucene.analysis.BaseTokenStreamTestCase,0.00,4,3,3,0,4,3,0,5,103,1
"org.apache.lucene.analysis.it.TestItalianLightStemFilter",1,0.00,1.00,5,0.04,412.90,1,0,8,3,5,124.56,4,8,0,4,124.33,0.00,0.75,0.00,0,1.00,1,116.42,0,0,5,org.apache.lucene.analysis.BaseTokenStreamTestCase,0.00,2,3,1,0,2,1,0,2,31,1
"org.apache.lucene.analysis.it.TestItalianLightStemFilter$ReusableAnalyzerBase",1,0.00,1.00,4,0.05,771.22,1,0,8,4,3,125.81,0,7,0,1,125.81,0.00,0.00,0.00,0,1.00,1,141.98,0,1,3,java.lang.Object,0.00,3,0,1,0,3,0,0,0,35,0
"org.apache.lucene.index.AbstractAllTermDocs",10,0.28,1.50,37,0.30,9233.76,12,2,1,11,5,129.76,7,52,2,1,129.76,0.00,0.00,0.25,1,10.00,3,894.07,0,0,3,java.lang.Object,0.00,1,0,15,2,1,10,1,1,217,2
"org.apache.lucene.index.AllTermDocs",2,1.00,1.00,8,0.07,1133.87,3,1,1,4,3,126.86,0,13,1,2,126.86,0.00,0.50,0.50,0,2.00,1,212.72,0,0,3,org.apache.lucene.index.AbstractAllTermDocs,0.17,2,1,2,0,2,2,0,0,56,0
"org.apache.lucene.index.BalancedSegmentMergePolicy",18,0.01,3.78,243,3.06,303164.93,23,5,2,33,6,145.86,28,275,0,4,95.86,0.00,0.75,0.19,8,86.00,13,9186.38,6,5,6,org.apache.lucene.index.LogByteSizeMergePolicy,0.07,15,3,68,0,15,13,0,20,1683,1
"org.apache.lucene.index.BalancedSegmentMergePolicy$MergePolicyParams",13,0.07,1.00,39,0.23,2680.55,19,6,2,13,1,134.98,0,53,0,1,134.98,0.00,0.00,0.23,0,84.00,1,687.28,0,0,1,java.lang.Object,0.00,0,0,13,0,0,13,0,0,191,2
"org.apache.lucene.index.BufferedDeletes",7,0.42,2.57,63,0.86,43035.59,13,6,7,28,6,145.24,17,86,2,1,105.35,0.00,0.00,0.52,0,0.00,11,2565.70,0,0,4,java.lang.Object,0.00,21,0,18,0,21,7,0,11,502,0
"org.apache.lucene.index.BufferedDeletes$Num",3,1.00,1.33,8,0.05,741.96,4,1,7,3,0,180.74,6,13,0,1,140.86,0.00,0.00,0.33,0,4.00,2,154.33,0,0,0,java.lang.Object,0.00,0,0,4,0,0,3,0,6,47,2
"org.apache.lucene.index.ByteBlockPool",5,0.39,2.20,58,0.85,44068.81,14,9,4,10,7,121.52,19,67,5,1,100.91,0.00,0.00,0.42,1,0.00,4,2549.23,0,0,2,java.lang.Object,0.00,5,0,11,0,5,5,0,19,493,1
"org.apache.lucene.index.ByteBlockPool$Allocator",3,0.00,1.00,4,0.04,271.19,3,0,4,3,0,155.60,0,5,0,1,155.60,0.00,0.00,0.00,0,3.00,1,110.15,0,0,0,java.lang.Object,0.00,0,0,3,0,0,3,0,0,35,2
"org.apache.lucene.index.ByteSliceReader",10,0.25,1.70,78,0.90,46938.52,18,8,3,13,10,160.44,12,94,6,2,110.44,0.00,0.50,0.35,1,0.00,3,2694.50,0,0,4,org.apache.lucene.store.IndexInput,0.41,3,1,17,0,3,10,0,8,545,1
"org.apache.lucene.index.ByteSliceWriter",6,0.40,1.67,38,0.41,12692.31,10,4,0,7,3,115.90,26,49,1,1,115.67,0.00,0.00,0.58,1,0.00,3,1218.91,0,0,2,java.lang.Object,0.00,1,0,10,0,1,6,0,5,269,1
"org.apache.lucene.index.CharBlockPool",3,0.57,1.33,24,0.28,7775.17,10,7,2,7,5,160.37,4,30,3,1,110.37,0.00,0.00,0.52,0,1.00,2,841.52,0,0,2,java.lang.Object,0.00,4,0,4,0,4,3,0,4,180,1
"org.apache.lucene.index.CheckIndex",0,0.00,0.00,4,0.02,204.34,2,2,13,0,8,171.00,16,4,3,1,171.00,0.00,0.00,0.00,0,0.00,0,68.11,0,0,5,java.lang.Object,0.00,0,0,0,0,0,0,0,2,19,1
"org.apache.lucene.index.CheckIndex$Status",13,0.05,8.00,366,7.04,790399.09,30,17,13,92,13,30.39,136,496,0,1,78.87,0.00,0.00,0.01,3,7.00,45,21109.78,0,6,13,java.lang.Object,0.00,79,0,104,0,79,7,0,45,3057,2
"org.apache.lucene.index.CheckIndex$Status$FieldNormStatus",0,0.00,0.00,3,0.03,266.51,2,2,13,0,0,171.00,2,4,0,1,171.00,0.00,0.00,0.00,0,0.00,0,76.15,0,0,0,java.lang.Object,0.00,0,0,0,0,0,0,0,2,20,3
"org.apache.lucene.index.CheckIndex$Status$MySegmentTermDocs",3,0.50,1.00,9,0.07,842.30,4,1,13,3,3,133.92,0,15,0,2,133.92,0.00,0.50,0.67,0,1.00,1,201.66,1,0,3,org.apache.lucene.index.SegmentTermDocs,0.25,0,1,3,0,0,3,0,0,56,2
"org.apache.lucene.index.CheckIndex$Status$SegmentInfoStatus",0,0.00,0.00,20,0.19,3529.59,19,19,13,0,0,171.00,29,21,0,1,171.00,0.00,0.00,0.00,0,0.00,0,560.25,0,0,0,java.lang.Object,0.00,0,0,0,0,0,0,0,19,106,2
"org.apache.lucene.index.CheckIndex$Status$StoredFieldStatus",0,0.00,0.00,4,0.04,420.00,3,3,13,0,0,171.00,3,5,0,1,171.00,0.00,0.00,0.00,0,0.00,0,108.00,0,0,0,java.lang.Object,0.00,0,0,0,0,0,0,0,3,27,3
"org.apache.lucene.index.CheckIndex$Status$TermIndexStatus",0,0.00,0.00,5,0.05,687.56,4,4,13,0,0,171.00,4,6,0,1,171.00,0.00,0.00,0.00,0,0.00,0,136.00,0,0,0,java.lang.Object,0.00,0,0,0,0,0,0,0,4,34,3
"org.apache.lucene.index.CheckIndex$Status$TermVectorStatus",0,0.00,0.00,4,0.04,420.00,3,3,13,0,0,171.00,3,5,0,1,171.00,0.00,0.00,0.00,0,0.00,0,108.00,0,0,0,java.lang.Object,0.00,0,0,0,0,0,0,0,3,27,3
"org.apache.lucene.index.CompoundFileReader",16,0.04,1.81,92,1.14,58727.23,21,5,8,41,13,156.60,35,138,5,2,116.72,0.00,0.50,0.24,1,62.00,9,3415.94,0,7,8,org.apache.lucene.store.Directory,0.11,25,1,29,0,25,9,0,22,682,0
"org.apache.lucene.index.CompoundFileReader$CSIndexInput",8,0.14,1.38,35,0.40,10517.75,11,3,8,14,3,173.91,14,55,0,3,123.91,0.00,0.67,0.46,0,2.00,3,1196.25,2,1,3,org.apache.lucene.store.BufferedIndexInput,0.34,6,2,11,0,6,7,0,6,277,2
"org.apache.lucene.index.CompoundFileReader$FileEntry",0,0.00,0.00,3,0.02,186.86,2,2,8,0,0,171.00,0,4,0,1,171.00,0.00,0.00,0.00,0,0.00,0,49.83,0,0,0,java.lang.Object,0.00,0,0,0,0,0,0,0,0,15,3
"org.apache.lucene.index.CompoundFileWriter",7,0.17,2.86,76,0.97,44562.82,16,9,7,35,10,55.02,72,101,5,1,103.50,0.00,0.00,0.25,1,0.00,7,2905.53,0,2,5,java.lang.Object,0.00,28,0,20,0,28,5,0,34,545,1
"org.apache.lucene.index.CompoundFileWriter$FileEntry",0,0.00,0.00,4,0.02,238.40,3,3,7,0,0,171.00,3,5,0,1,171.00,0.00,0.00,0.00,0,0.00,0,68.11,0,0,0,java.lang.Object,0.00,0,0,0,0,0,0,0,3,19,3
"org.apache.lucene.index.ConcurrentMergeScheduler",24,0.04,2.71,184,2.14,100548.55,35,11,7,67,25,131.34,88,249,20,2,110.72,1.00,0.33,0.12,6,384.00,12,6419.15,0,0,5,org.apache.lucene.index.MergeScheduler,0.08,43,1,65,1,43,24,0,55,1234,1
"org.apache.lucene.index.ConcurrentMergeScheduler$CompareByMergeDocCount",1,0.00,3.00,7,0.13,4683.91,1,0,7,4,0,110.32,0,9,0,1,110.32,0.00,0.00,0.00,0,1.00,3,392.71,0,0,0,java.lang.Object,0.00,3,0,3,0,3,1,1,0,84,2
"org.apache.lucene.index.ConcurrentMergeScheduler$MergeThread",7,0.04,2.86,52,0.52,18338.18,11,4,7,17,3,162.32,11,78,0,2,112.32,0.00,0.50,0.29,2,8.00,9,1555.79,0,3,3,java.lang.Thread,0.00,10,1,20,0,10,4,0,11,317,1
"org.apache.lucene.index.CorruptIndexException",1,0.00,1.00,3,0.02,106.02,1,0,1,1,54,137.49,4,5,54,2,137.25,0.00,0.50,0.00,0,1.00,1,45.51,0,0,0,java.io.IOException,0.00,0,1,1,0,0,1,0,1,16,1
"org.apache.lucene.index.DefaultSkipListReader",8,0.39,1.25,49,0.45,12281.71,15,7,3,10,3,156.72,17,63,1,2,116.83,0.00,0.50,0.48,0,0.00,3,1352.46,3,0,2,org.apache.lucene.index.MultiLevelSkipListReader,0.22,2,1,10,0,2,8,0,9,306,0
"org.apache.lucene.index.DefaultSkipListWriter",6,0.27,1.67,52,0.58,20030.07,17,11,3,9,4,91.58,35,65,2,2,109.45,0.00,0.50,0.32,0,6.00,3,1748.20,1,0,2,org.apache.lucene.index.MultiLevelSkipListWriter,0.17,3,1,10,0,3,6,0,29,374,0
"org.apache.lucene.index.DirectoryReader",54,0.05,2.67,502,6.23,420221.92,71,17,17,155,31,125.15,182,634,5,2,104.54,1.00,0.33,0.11,10,918.00,17,18702.38,2,20,28,org.apache.lucene.index.IndexReader,0.45,101,1,144,1,101,34,1,156,3523,0
"org.apache.lucene.index.DirectoryReader$MultiTermDocs",11,0.24,3.18,112,1.09,47869.36,22,11,17,22,5,154.78,11,134,0,1,104.78,0.00,0.00,0.31,1,9.00,8,3268.15,0,0,5,java.lang.Object,0.00,11,0,35,0,11,11,1,11,674,1
"org.apache.lucene.index.DirectoryReader$MultiTermEnum",5,0.20,3.00,53,0.66,48033.54,10,5,17,17,5,152.08,5,70,0,2,102.08,0.00,0.50,0.36,1,0.00,6,1969.95,0,0,5,org.apache.lucene.index.TermEnum,0.89,12,1,15,0,12,5,0,5,375,1
"org.apache.lucene.index.DirectoryReader$MultiTermPositions",6,0.00,1.00,13,0.14,1840.89,6,0,17,11,3,140.19,1,21,0,2,140.19,0.00,0.50,0.00,0,6.00,1,405.23,0,0,3,org.apache.lucene.index.MultiTermDocs,0.00,5,1,6,0,5,6,1,1,112,1
"org.apache.lucene.index.DirectoryReader$ReaderCommit",10,0.05,1.00,34,0.32,5304.48,17,7,17,20,3,131.75,0,54,0,2,131.75,0.00,0.50,0.19,0,50.00,1,967.55,0,4,3,org.apache.lucene.index.IndexCommit,0.82,10,1,10,0,10,6,0,0,230,3
"org.apache.lucene.index.DirectoryReader$SegmentInfos.FindSegmentsFile",1,0.00,2.00,5,0.09,2353.99,1,0,17,5,4,118.22,0,10,0,1,118.22,0.00,0.00,0.00,0,0.00,2,262.55,0,1,4,java.lang.Object,0.00,4,0,2,0,4,0,0,0,57,0
"org.apache.lucene.index.DirectoryReader$SegmentInfos.FindSegmentsFile_0",1,0.00,1.00,5,0.06,1097.12,1,0,17,4,2,120.99,0,7,0,1,120.99,0.00,0.00,0.00,0,0.00,1,175.54,0,1,2,java.lang.Object,0.00,3,0,1,0,3,0,0,0,41,0
"org.apache.lucene.index.DocConsumer",5,0.00,1.00,6,0.05,405.72,5,0,2,5,8,155.96,0,7,5,1,155.96,0.00,0.00,0.00,0,5.00,1,155.48,0,1,3,java.lang.Object,0.00,0,0,5,1,0,4,0,0,49,1
"org.apache.lucene.index.DocConsumerPerThread",2,0.00,1.00,3,0.02,100.74,2,0,1,2,5,178.21,6,4,5,1,157.60,0.00,0.00,0.00,0,2.00,1,48.14,0,1,0,java.lang.Object,0.00,0,0,2,1,0,1,0,1,18,1
"org.apache.lucene.index.DocFieldConsumer",6,1.00,1.00,9,0.07,555.00,7,1,3,6,7,205.52,9,11,3,1,155.52,0.00,0.00,0.00,0,6.00,1,217.41,0,1,4,java.lang.Object,0.00,0,0,6,2,0,5,0,5,67,1
"org.apache.lucene.index.DocFieldConsumerPerField",2,0.00,1.00,3,0.02,136.96,2,0,2,2,10,156.55,1,4,9,1,156.55,0.00,0.00,0.00,0,2.00,1,62.63,0,0,1,java.lang.Object,0.00,0,0,2,2,0,2,0,1,21,1
"org.apache.lucene.index.DocFieldConsumerPerThread",4,0.00,1.00,5,0.03,169.52,4,0,1,4,9,158.19,0,6,7,1,158.19,0.00,0.00,0.00,0,4.00,1,87.44,0,2,2,java.lang.Object,0.00,0,0,4,2,0,2,0,0,32,1
"org.apache.lucene.index.DocFieldConsumers",9,0.20,1.44,57,0.77,33644.20,14,5,8,26,10,113.75,5,80,1,2,113.75,0.00,0.50,0.38,0,1.00,3,2306.75,1,1,10,org.apache.lucene.index.DocFieldConsumer,0.27,17,1,13,0,17,8,0,4,478,1
"org.apache.lucene.index.DocFieldConsumers$PerDoc",3,0.75,1.00,17,0.13,2228.02,5,2,8,7,0,122.32,0,32,0,2,122.32,0.00,0.50,1.00,0,0.00,1,384.75,0,0,0,DocumentsWriter.DocWriter,0.00,4,1,3,0,4,3,0,0,101,0
"org.apache.lucene.index.DocFieldConsumersPerField",3,0.17,1.00,15,0.13,2295.98,6,3,2,5,4,122.22,0,23,2,2,122.22,0.00,0.50,0.44,0,1.00,1,378.60,0,0,3,org.apache.lucene.index.DocFieldConsumerPerField,0.40,2,1,3,0,2,3,0,0,100,1
"org.apache.lucene.index.DocFieldConsumersPerThread",5,0.38,1.40,30,0.35,11770.01,9,4,1,11,6,115.34,0,48,2,2,115.34,0.00,0.50,0.55,0,0.00,3,1039.70,0,2,6,org.apache.lucene.index.DocFieldConsumerPerThread,0.67,6,1,7,0,6,3,0,0,236,1
"org.apache.lucene.index.DocFieldProcessor",6,0.20,1.17,32,0.39,10606.07,10,4,4,24,13,169.32,11,44,3,2,119.32,0.00,0.50,0.42,0,0.00,2,1163.18,0,0,12,org.apache.lucene.index.DocConsumer,0.73,18,1,7,0,18,6,0,5,251,1
"org.apache.lucene.index.DocFieldProcessorPerField",2,0.17,1.00,12,0.10,1668.99,8,6,1,4,4,168.97,3,15,1,1,118.97,0.00,0.00,0.08,0,2.00,1,307.95,0,0,4,java.lang.Object,0.00,2,0,2,0,2,2,0,1,77,1
"org.apache.lucene.index.DocFieldProcessorPerThread",9,0.15,5.00,196,2.93,420134.48,24,15,8,45,20,84.78,37,228,7,2,84.54,0.00,0.50,0.20,3,13.00,13,8789.04,0,3,15,org.apache.lucene.index.DocConsumerPerThread,0.36,36,1,45,0,36,6,0,29,1517,1
"org.apache.lucene.index.DocFieldProcessorPerThread$PerDoc",3,0.75,1.00,17,0.13,2228.02,5,2,8,7,0,122.32,0,32,0,2,122.32,0.00,0.50,1.00,0,0.00,1,384.75,0,0,0,DocumentsWriter.DocWriter,0.00,4,1,3,0,4,3,0,0,101,0
"org.apache.lucene.index.DocHelper",5,0.02,1.20,124,2.51,114882.50,61,56,11,20,17,52.91,32,158,8,1,85.13,0.00,0.00,0.00,2,8.00,2,7526.99,0,2,9,java.lang.Object,0.00,15,0,6,0,15,3,0,13,1220,0
"org.apache.lucene.index.DocInverter",7,0.17,1.29,37,0.50,18819.15,9,2,5,24,14,117.86,3,51,2,2,117.86,0.00,0.50,0.64,0,0.00,3,1512.41,1,1,13,org.apache.lucene.index.DocFieldConsumer,0.31,17,1,9,0,17,6,0,1,318,1
"org.apache.lucene.index.DocInverterPerField",3,0.58,6.33,93,1.41,178932.05,9,6,6,35,17,33.21,33,119,8,2,77.34,0.00,0.50,0.56,0,0.00,17,4242.82,0,0,10,org.apache.lucene.index.DocFieldConsumerPerField,0.40,32,1,19,0,32,3,0,26,670,1
"org.apache.lucene.index.DocInverterPerThread",5,0.14,1.00,26,0.25,4414.95,12,7,4,17,19,171.73,6,38,8,2,121.73,0.00,0.50,0.26,0,0.00,1,757.13,0,2,13,org.apache.lucene.index.DocFieldConsumerPerThread,0.89,12,1,5,0,12,3,0,4,182,1
"org.apache.lucene.index.DocInverterPerThread$SingleTokenAttributeSource",2,1.00,1.00,9,0.08,842.15,4,2,4,5,3,127.88,0,12,0,2,127.88,0.00,0.50,1.00,0,0.00,1,241.73,0,0,3,org.apache.lucene.util.AttributeSource,0.00,3,1,2,0,3,2,0,0,63,1
"org.apache.lucene.index.DocumentsWriter",73,0.02,2.27,624,8.34,538864.87,136,63,24,176,55,127.28,265,821,28,1,106.66,0.00,0.00,0.04,20,3437.00,16,25025.28,0,8,32,java.lang.Object,0.00,103,0,166,0,103,65,0,141,4500,1
"org.apache.lucene.index.DocumentsWriter$ByteBlockAllocator",4,0.00,1.75,31,0.32,10635.79,6,2,24,10,1,112.38,2,39,0,2,112.38,0.00,0.50,0.50,0,0.00,2,968.81,0,0,1,ByteBlockPool.Allocator,0.00,6,1,7,0,6,4,0,2,207,1
"org.apache.lucene.index.DocumentsWriter$DocState",2,0.12,1.00,14,0.09,698.80,10,8,24,3,4,169.45,3,17,0,1,119.45,0.00,0.00,0.19,0,2.00,1,260.46,0,0,4,java.lang.Object,0.00,1,0,2,0,1,2,0,3,66,1
"org.apache.lucene.index.DocumentsWriter$DocWriter",4,2.00,1.00,8,0.04,352.34,6,2,24,4,0,144.46,0,10,0,1,144.46,0.00,0.00,0.00,0,4.00,1,127.11,0,0,0,java.lang.Object,0.00,0,0,4,0,0,4,0,0,43,2
"org.apache.lucene.index.DocumentsWriter$IndexingChain",1,0.00,1.00,2,0.01,52.70,1,0,24,1,2,146.21,0,3,0,1,146.21,0.00,0.00,0.00,0,1.00,1,31.26,0,0,2,java.lang.Object,0.00,0,0,1,0,0,1,0,0,12,2
"org.apache.lucene.index.DocumentsWriter$IndexingChain_0",1,0.00,1.00,8,0.11,2246.67,1,0,24,7,10,129.05,18,11,0,1,110.92,0.00,0.00,0.00,0,1.00,1,343.20,0,0,10,java.lang.Object,0.00,6,0,1,0,6,1,0,2,73,0
"org.apache.lucene.index.DocumentsWriter$PerDocBuffer",2,0.00,1.50,11,0.09,1654.09,2,0,24,2,1,142.47,7,15,0,2,121.86,0.00,0.50,0.00,0,0.00,2,258.91,2,0,1,org.apache.lucene.store.RAMFile,0.15,0,1,3,0,0,2,0,3,63,0
"org.apache.lucene.index.DocumentsWriter$SkipDocWriter",3,0.00,1.00,5,0.03,220.57,3,0,24,3,0,156.30,0,12,0,2,156.30,0.00,0.50,0.00,0,3.00,1,87.54,0,0,0,org.apache.lucene.index.DocWriter,0.00,0,1,3,0,0,3,0,0,31,2
"org.apache.lucene.index.DocumentsWriter$WaitQueue",7,0.33,2.29,72,0.72,64042.45,12,5,24,13,2,152.31,10,88,0,1,102.31,0.00,0.00,0.49,2,0.00,6,2150.70,0,0,2,java.lang.Object,0.00,6,0,16,0,6,7,0,10,421,1
"org.apache.lucene.index.DocumentsWriterThreadState",2,0.33,1.00,18,0.16,3322.41,8,6,1,4,5,130.66,7,21,4,1,110.04,0.00,0.00,0.33,0,2.00,1,472.06,0,0,2,java.lang.Object,0.00,2,0,2,0,2,2,0,4,112,1
"org.apache.lucene.index.FieldInfo",3,0.50,4.00,46,0.43,15045.43,12,9,0,4,36,47.67,27,64,36,1,97.67,0.00,0.00,0.44,0,1.00,9,1303.05,0,1,0,java.lang.Object,0.00,1,0,12,0,1,2,0,12,294,1
"org.apache.lucene.index.FieldInfos",22,0.03,2.27,160,2.03,73042.54,35,13,8,59,41,111.79,108,198,33,1,111.56,0.00,0.00,0.10,6,126.00,9,6075.04,0,2,8,java.lang.Object,0.00,37,0,50,0,37,20,0,24,1211,1
"org.apache.lucene.index.FieldInvertState",9,0.06,1.00,33,0.19,2562.75,15,6,1,9,15,154.49,33,43,14,1,133.87,0.00,0.00,0.22,0,34.00,1,561.11,0,1,1,java.lang.Object,0.00,0,0,9,0,0,8,0,7,156,2
"org.apache.lucene.index.FieldNormModifier",3,0.25,5.33,59,0.95,70390.92,5,2,7,40,11,50.94,37,77,3,1,88.50,0.00,0.00,0.67,0,1.00,10,2850.07,0,0,8,java.lang.Object,0.00,37,0,16,0,37,3,0,4,486,1
"org.apache.lucene.index.FieldReaderException",4,0.00,1.00,8,0.04,308.18,4,0,0,4,1,134.56,61,13,1,2,144.91,0.00,0.50,0.00,0,4.00,1,126.69,0,0,0,java.lang.RuntimeException,0.00,0,1,4,0,0,4,0,6,43,1
"org.apache.lucene.index.FieldSortedTermVectorMapper",6,0.10,1.00,21,0.27,5399.87,10,4,1,11,6,130.17,29,30,3,2,129.94,0.00,0.50,0.33,0,10.00,1,812.60,0,2,3,org.apache.lucene.index.TermVectorMapper,0.00,5,1,6,0,5,4,0,4,188,1
"org.apache.lucene.index.FieldsReader",18,0.13,2.83,208,3.29,188278.26,31,13,16,53,25,120.88,69,275,7,1,100.26,0.00,0.00,0.20,8,6.00,10,9857.55,0,3,18,java.lang.Object,0.00,35,0,51,0,35,15,1,45,1767,1
"org.apache.lucene.index.FieldsReader$LazyField",11,0.02,2.36,98,1.00,40089.63,15,4,16,18,6,159.07,14,133,0,2,109.07,0.00,0.50,0.23,1,42.00,7,2994.31,0,4,6,org.apache.lucene.document.AbstractField,0.06,7,1,26,0,7,7,1,8,602,1
"org.apache.lucene.index.FieldsWriter",10,0.14,3.10,112,1.17,40422.53,21,11,8,34,15,143.38,21,159,6,1,103.49,0.00,0.00,0.22,2,0.00,8,3515.55,0,0,9,java.lang.Object,0.00,24,0,31,0,24,10,0,17,713,1
"org.apache.lucene.index.FilterIndexReader",33,0.03,1.00,94,0.93,15175.92,34,1,7,63,22,188.80,33,157,10,2,138.80,5.00,0.14,0.97,0,0.00,1,2787.35,1,9,12,org.apache.lucene.index.IndexReader,0.41,30,1,33,5,30,24,0,15,705,1
"org.apache.lucene.index.FilterIndexReader$FilterTermDocs",9,0.12,1.00,20,0.16,2283.44,10,1,7,16,3,140.84,0,14,0,1,140.84,0.00,0.00,0.89,0,0.00,1,481.01,0,0,3,java.lang.Object,0.00,7,0,9,0,7,9,1,0,138,2
"org.apache.lucene.index.FilterIndexReader$FilterTermEnum",5,0.25,1.00,12,0.10,1469.00,6,1,7,9,2,140.34,0,12,0,2,140.34,0.00,0.50,0.80,0,0.00,1,289.57,0,0,2,org.apache.lucene.index.TermEnum,0.89,4,1,5,0,4,5,0,0,83,2
"org.apache.lucene.index.FilterIndexReader$FilterTermPositions",5,0.00,1.00,11,0.11,1445.12,5,0,7,9,1,140.39,1,16,0,2,140.39,0.00,0.50,0.00,0,5.00,1,342.11,0,0,1,org.apache.lucene.index.FilterTermDocs,0.00,4,1,5,0,4,5,1,1,95,2
"org.apache.lucene.index.FormatPostingsDocsConsumer",2,0.00,1.00,3,0.02,136.57,2,0,1,2,6,177.17,6,4,5,1,156.56,0.00,0.00,0.00,0,2.00,1,64.19,0,1,1,java.lang.Object,0.00,0,0,2,1,0,1,0,3,22,1
"org.apache.lucene.index.FormatPostingsDocsWriter",5,0.39,2.00,54,0.77,34058.33,19,14,3,24,12,153.35,9,73,2,2,103.35,0.00,0.50,0.39,0,0.00,5,2303.58,0,1,12,org.apache.lucene.index.FormatPostingsDocsConsumer,0.57,19,1,10,0,19,4,0,8,442,1
"org.apache.lucene.index.FormatPostingsFieldsConsumer",2,0.00,1.00,3,0.02,108.36,2,0,1,2,5,157.58,9,4,3,1,157.35,0.00,0.00,0.00,0,2.00,1,56.18,0,0,2,java.lang.Object,0.00,0,0,2,1,0,2,0,3,20,1
"org.apache.lucene.index.FormatPostingsFieldsWriter",3,0.43,1.00,25,0.28,4715.40,10,7,2,11,12,152.03,6,38,3,2,112.14,0.00,0.50,0.43,0,0.00,1,841.79,0,0,10,org.apache.lucene.index.FormatPostingsFieldsConsumer,0.80,8,1,3,0,8,3,0,6,178,1
"org.apache.lucene.index.FormatPostingsPositionsConsumer",2,0.00,1.00,3,0.03,237.44,2,0,1,2,5,204.66,3,4,5,1,154.66,0.00,0.00,0.00,0,2.00,1,88.57,0,0,0,java.lang.Object,0.00,0,0,2,1,0,2,0,2,27,1
"org.apache.lucene.index.FormatPostingsPositionsWriter",5,0.29,2.20,37,0.44,16595.84,11,6,2,13,6,161.57,5,50,1,2,111.57,0.00,0.50,0.40,0,0.00,4,1331.26,0,0,6,org.apache.lucene.index.FormatPostingsPositionsConsumer,0.57,8,1,11,0,8,5,0,5,277,1
"org.apache.lucene.index.FormatPostingsTermsConsumer",3,1.00,1.33,10,0.14,4923.60,4,1,3,6,8,167.70,6,13,5,1,127.82,0.00,0.00,0.33,1,4.00,2,430.53,0,2,3,java.lang.Object,0.00,3,0,4,1,3,1,0,3,95,1
"org.apache.lucene.index.FormatPostingsTermsWriter",5,0.16,1.20,27,0.24,3917.26,13,8,1,11,7,172.10,5,36,2,2,122.10,0.00,0.50,0.25,0,0.00,2,725.28,0,1,7,org.apache.lucene.index.FormatPostingsTermsConsumer,0.50,6,1,6,0,6,4,0,5,169,1
"org.apache.lucene.index.FreqProxFieldMergeState",3,0.58,3.33,47,0.61,25144.23,16,13,2,8,5,135.84,8,62,1,1,95.96,0.00,0.00,0.46,1,1.00,6,1829.75,0,0,4,java.lang.Object,0.00,5,0,10,0,5,3,0,7,355,1
"org.apache.lucene.index.FreqProxTermsWriter",6,0.50,6.17,118,2.01,237979.51,8,2,7,33,19,44.38,42,143,1,2,86.67,0.00,0.50,0.08,2,14.00,19,6044.53,0,1,18,org.apache.lucene.index.TermsHashConsumer,0.18,27,1,37,0,27,5,0,30,994,1
"org.apache.lucene.index.FreqProxTermsWriterPerField",13,0.09,1.85,84,1.15,79855.09,21,8,3,22,12,112.00,11,118,4,2,112.00,0.00,0.50,0.21,1,29.00,5,3436.56,0,1,9,org.apache.lucene.index.TermsHashConsumerPerField,0.57,9,1,24,0,9,12,1,11,703,1
"org.apache.lucene.index.FreqProxTermsWriterPerField$FreqProxPostingsArray",4,0.33,1.00,23,0.24,5719.58,8,4,3,6,2,170.08,4,30,0,2,120.08,0.00,0.50,0.50,0,4.00,1,716.30,1,1,2,org.apache.lucene.index.ParallelPostingsArray,0.44,2,1,4,0,2,3,0,4,173,2
"org.apache.lucene.index.FreqProxTermsWriterPerThread",5,0.38,1.00,12,0.09,1084.37,7,2,0,6,7,161.99,16,21,2,2,141.37,0.00,0.50,0.20,0,8.00,1,284.03,0,2,6,org.apache.lucene.index.TermsHashConsumerPerThread,0.67,1,1,5,0,1,3,0,1,81,1
"org.apache.lucene.index.IndexCommit",12,0.00,1.08,19,0.18,3964.82,12,0,4,17,37,151.38,53,26,36,1,151.14,0.00,0.00,0.00,2,12.00,2,544.75,0,4,1,java.lang.Object,0.00,5,0,13,4,5,8,0,11,153,2
"org.apache.lucene.index.IndexDeletionPolicy",2,0.00,1.00,3,0.04,438.42,2,0,2,2,30,166.35,69,4,30,1,152.57,0.00,0.00,0.00,0,2.00,1,114.61,0,0,0,,0.00,0,0,2,0,0,2,0,3,32,1
"org.apache.lucene.index.IndexFileDeleter",22,0.06,3.95,245,3.14,199445.36,34,12,11,68,12,58.38,172,314,4,1,100.67,0.00,0.00,0.14,9,134.00,22,9415.34,0,0,8,java.lang.Object,0.00,46,0,87,0,46,22,0,75,1702,1
"org.apache.lucene.index.IndexFileDeleter$CommitPoint",11,0.07,1.27,48,0.47,10747.13,21,10,11,21,3,124.94,4,71,0,2,124.94,0.00,0.50,0.16,0,78.00,3,1400.61,0,4,3,org.apache.lucene.index.IndexCommit,0.78,10,1,14,0,10,7,1,1,316,3
"org.apache.lucene.index.IndexFileDeleter$RefCount",3,0.33,1.33,15,0.11,2008.57,6,3,11,3,0,122.61,1,20,0,1,122.61,0.00,0.00,0.56,0,1.00,2,327.16,0,0,0,java.lang.Object,0.00,0,0,4,0,0,3,0,1,81,3
"org.apache.lucene.index.IndexFileNameFilter",4,0.11,3.75,37,0.44,13903.58,7,3,3,13,7,127.83,15,51,6,1,107.22,0.00,0.00,0.42,0,4.00,7,1316.26,0,1,1,java.lang.Object,0.00,9,0,15,0,9,3,1,4,271,1
"org.apache.lucene.index.IndexFileNames",5,0.04,2.80,57,1.03,38495.28,31,26,0,15,27,134.70,104,125,27,1,101.31,0.00,0.00,0.01,1,8.00,4,3092.02,0,3,1,java.lang.Object,0.00,10,0,14,0,10,2,0,38,580,2
"org.apache.lucene.index.IndexNotFoundException",1,0.00,1.00,3,0.02,124.13,1,0,1,1,1,136.95,4,5,1,2,136.71,0.00,0.50,0.00,0,1.00,1,49.65,0,0,0,java.io.FileNotFoundException,0.00,0,1,1,0,0,1,0,1,17,2
"org.apache.lucene.index.IndexReader",74,0.20,1.28,236,2.66,109746.49,78,4,12,123,620,78.17,726,316,601,1,128.17,0.00,0.00,0.05,17,1106.00,12,7980.45,0,24,21,java.lang.Object,0.00,49,0,95,14,49,50,2,81,1746,2
"org.apache.lucene.index.IndexReader$FieldOption",3,12.00,1.00,18,0.28,7281.91,15,12,12,4,0,135.93,11,22,0,1,115.32,0.00,0.00,0.00,0,3.00,1,827.96,0,1,0,java.lang.Object,0.00,1,0,3,0,1,2,0,11,172,3
"org.apache.lucene.index.IndexReader$SegmentInfos.FindSegmentsFile",1,0.00,1.00,3,0.04,499.66,1,0,12,3,0,131.95,0,5,0,1,131.95,0.00,0.00,0.00,0,1.00,1,115.56,0,1,0,java.lang.Object,0.00,2,0,1,0,2,0,0,0,30,0
"org.apache.lucene.index.IndexSplitter",8,0.04,2.88,91,1.11,53843.76,12,4,10,40,5,141.65,22,99,2,1,101.77,0.00,0.00,0.28,3,10.00,7,3342.65,0,1,3,java.lang.Object,0.00,32,0,23,0,32,7,0,4,646,1
"org.apache.lucene.index.IndexWriter",147,0.02,3.14,1399,18.57,1242881.99,198,51,26,414,280,66.65,1852,1936,254,1,104.22,0.00,0.00,0.04,53,8398.00,31,55695.83,0,13,32,java.lang.Object,0.00,267,0,461,5,267,134,1,509,9871,1
"org.apache.lucene.index.IndexWriter$IndexReaderWarmer",1,0.00,1.00,2,0.02,121.82,1,0,26,1,1,143.35,0,3,0,1,143.35,0.00,0.00,0.00,0,1.00,1,48.73,0,0,1,java.lang.Object,0.00,0,0,1,0,0,1,0,0,16,3
"org.apache.lucene.index.IndexWriter$MaxFieldLength",4,0.08,1.00,14,0.13,2224.29,8,4,26,5,0,131.82,16,23,0,1,131.59,0.00,0.00,0.19,0,4.00,1,385.11,0,1,0,java.lang.Object,0.00,1,0,4,0,1,3,0,4,98,3
"org.apache.lucene.index.IndexWriter$ReaderPool",11,0.60,2.64,85,1.14,39053.65,12,1,26,34,5,69.00,86,114,0,1,111.30,0.00,0.00,0.45,3,16.00,7,3423.85,0,4,5,java.lang.Object,0.00,23,0,29,0,23,7,0,50,679,0
"org.apache.lucene.index.IndexWriterConfig",40,0.03,1.38,177,2.03,67064.28,69,29,5,56,66,80.79,300,236,55,1,123.08,0.00,0.00,0.06,0,854.00,4,6091.70,1,25,12,java.lang.Object,0.00,16,0,55,0,16,15,1,53,1239,2
"org.apache.lucene.index.IndexWriterConfig$OpenMode",0,0.00,0.00,2,0.01,48.00,0,0,5,0,0,171.00,0,1,0,1,171.00,0.00,0.00,0.00,0,0.00,0,24.00,0,0,0,java.lang.Object,0.00,0,0,0,0,0,0,1,0,8,2
"org.apache.lucene.index.IntBlockPool",3,0.75,2.00,25,0.29,9670.16,9,6,0,6,3,67.24,22,32,2,1,109.53,0.00,0.00,0.67,0,1.00,3,870.55,0,0,1,java.lang.Object,0.00,3,0,6,0,3,3,0,7,187,1
"org.apache.lucene.index.InvertedDocConsumer",6,1.00,1.00,9,0.07,521.80,7,1,3,6,7,205.73,6,11,3,1,155.73,0.00,0.00,0.00,0,6.00,1,205.72,0,0,4,java.lang.Object,0.00,0,0,6,1,0,6,0,5,64,1
"org.apache.lucene.index.InvertedDocConsumerPerField",5,0.00,1.00,6,0.04,245.05,5,0,2,5,7,207.69,9,7,6,1,157.69,0.00,0.00,0.00,0,5.00,1,121.58,0,0,1,java.lang.Object,0.00,0,0,5,1,0,5,0,9,42,1
"org.apache.lucene.index.InvertedDocConsumerPerThread",4,0.00,1.00,5,0.03,182.83,4,0,1,4,8,157.93,0,6,5,1,157.93,0.00,0.00,0.00,0,4.00,1,96.32,0,2,3,java.lang.Object,0.00,0,0,4,1,0,2,0,0,34,1
"org.apache.lucene.index.InvertedDocEndConsumer",5,0.00,1.00,6,0.05,361.43,5,0,3,5,6,156.36,0,7,2,1,156.36,0.00,0.00,0.00,0,5.00,1,159.44,0,1,4,java.lang.Object,0.00,0,0,5,1,0,4,0,0,50,1
"org.apache.lucene.index.InvertedDocEndConsumerPerField",2,0.00,1.00,3,0.01,46.83,2,0,0,2,6,112.11,16,4,6,1,160.22,0.00,0.00,0.00,0,2.00,1,31.22,0,0,0,java.lang.Object,0.00,0,0,2,1,0,2,0,1,14,1
"org.apache.lucene.index.InvertedDocEndConsumerPerThread",4,0.00,1.00,5,0.02,107.04,4,0,0,4,8,159.99,16,6,5,1,159.76,0.00,0.00,0.00,0,4.00,1,71.36,0,0,3,java.lang.Object,0.00,0,0,4,1,0,4,0,1,28,1
"org.apache.lucene.index.KeepOnlyLastCommitDeletionPolicy",2,0.00,2.50,10,0.10,2597.29,2,0,1,5,10,77.91,15,11,9,1,120.20,0.00,0.00,0.00,1,2.00,3,289.54,0,0,1,java.lang.Object,0.00,3,0,5,0,3,2,1,6,68,2
"org.apache.lucene.index.LogByteSizeMergePolicy",6,0.40,1.00,16,0.17,2245.14,8,2,1,6,9,121.64,32,24,7,3,139.51,0.50,0.50,0.17,0,2.00,1,500.08,1,0,2,org.apache.lucene.index.LogMergePolicy,0.08,0,2,6,1,0,6,0,7,135,1
"org.apache.lucene.index.LogDocMergePolicy",4,1.00,1.00,11,0.08,873.48,5,1,1,4,10,93.24,34,17,8,3,141.35,0.50,0.50,0.25,0,0.00,1,236.96,1,0,2,org.apache.lucene.index.LogMergePolicy,0.08,0,2,4,1,0,4,0,7,67,1
"org.apache.lucene.index.LogMergePolicy",24,0.02,3.04,198,2.89,345663.02,34,10,2,43,19,86.44,135,261,15,2,104.31,4.00,0.17,0.08,3,210.00,19,8668.64,0,3,5,org.apache.lucene.index.MergePolicy,0.06,19,1,73,4,19,21,0,59,1563,2
"org.apache.lucene.index.MergeDocIDRemapper",2,1.50,7.00,49,0.85,106672.69,8,6,0,6,4,115.23,40,68,2,1,81.84,0.00,0.00,0.92,0,0.00,9,2538.07,0,0,2,java.lang.Object,0.00,4,0,14,0,4,2,0,22,475,1
"org.apache.lucene.index.MergePolicy",8,1.00,1.00,16,0.18,2302.15,9,1,7,10,14,102.84,96,23,9,1,140.41,0.00,0.00,0.12,0,14.00,1,529.21,0,3,6,java.lang.Object,0.00,2,0,8,6,2,5,1,12,136,2
"org.apache.lucene.index.MergePolicy$MergeAbortedException",2,0.00,1.00,5,0.02,169.05,2,0,7,2,0,144.60,0,8,0,2,144.60,0.00,0.50,0.00,0,2.00,1,72.11,0,0,0,java.io.IOException,0.00,0,1,2,0,0,2,0,0,25,2
"org.apache.lucene.index.MergePolicy$MergeException",3,1.00,1.00,10,0.07,776.22,4,1,7,3,1,134.20,2,14,0,2,134.20,0.00,0.50,0.33,0,4.00,1,198.73,0,1,1,java.lang.RuntimeException,0.00,0,1,3,0,0,2,0,1,56,2
"org.apache.lucene.index.MergePolicy$MergeSpecification",2,0.00,1.50,14,0.17,5299.97,3,1,7,8,1,162.43,3,14,0,1,112.43,0.00,0.00,1.00,0,0.00,2,501.32,0,1,1,java.lang.Object,0.00,6,0,3,0,6,1,0,1,109,2
"org.apache.lucene.index.MergePolicy$OneMerge",9,0.00,2.22,59,0.53,15059.24,25,16,7,20,4,156.29,22,77,0,1,116.40,0.00,0.00,0.06,0,39.00,6,1603.63,0,2,4,java.lang.Object,0.00,11,0,20,0,11,7,0,18,345,2
"org.apache.lucene.index.MergeScheduler",2,0.00,1.00,3,0.03,189.68,2,0,1,2,12,155.67,9,6,11,1,155.43,0.00,0.00,0.00,0,2.00,1,78.19,0,0,2,java.lang.Object,0.00,0,0,2,5,0,2,0,3,25,2
"org.apache.lucene.index.MockIndexInput",5,0.08,1.40,24,0.24,10942.69,8,3,1,6,2,122.16,2,35,1,3,122.16,0.00,0.67,0.40,0,5.00,3,720.19,0,0,1,org.apache.lucene.store.BufferedIndexInput,0.29,1,2,7,0,1,5,0,2,162,1
"org.apache.lucene.index.MultiLevelSkipListReader",10,0.25,2.90,111,1.35,77218.61,24,14,4,20,3,83.42,58,126,1,1,101.29,0.00,0.00,0.30,3,0.00,7,4047.87,0,0,2,java.lang.Object,0.00,10,0,29,1,10,10,0,42,793,1
"org.apache.lucene.index.MultiLevelSkipListReader$SkipBuffer",7,0.22,1.00,21,0.22,3647.30,10,3,4,10,1,131.81,0,35,0,2,131.81,0.00,0.50,0.52,0,0.00,1,670.02,0,0,1,org.apache.lucene.store.IndexInput,0.46,3,1,7,0,3,7,0,0,165,3
"org.apache.lucene.index.MultiLevelSkipListWriter",6,0.00,2.83,56,0.52,23736.40,9,3,3,15,3,58.73,52,56,1,1,106.84,0.00,0.00,0.33,2,0.00,4,1552.09,0,0,2,java.lang.Object,0.00,9,0,17,1,9,6,0,13,333,1
"org.apache.lucene.index.MultiPassIndexSplitter",2,0.00,12.50,99,1.47,144220.99,2,0,9,34,11,78.25,34,109,2,1,69.12,0.00,0.00,0.00,0,2.00,15,4411.57,0,0,9,java.lang.Object,0.00,32,0,25,0,32,2,0,11,701,1
"org.apache.lucene.index.MultiPassIndexSplitter$FakeDeleteIndexReader",7,0.08,1.57,28,0.29,6684.90,9,2,9,17,5,124.97,4,42,0,3,124.97,0.00,0.67,0.57,0,0.00,4,878.81,0,1,5,org.apache.lucene.index.FilterIndexReader,0.16,10,2,11,0,10,6,0,1,208,2
"org.apache.lucene.index.MultiPassIndexSplitter$FakeDeleteIndexReader$FilterTermPositions",1,0.00,3.00,7,0.06,1758.33,1,0,9,2,0,113.67,0,11,0,1,113.67,0.00,0.00,0.00,0,0.00,3,191.92,0,0,0,java.lang.Object,0.00,1,0,3,0,1,1,0,0,46,0
"org.apache.lucene.index.MultiReader",35,0.05,2.06,239,2.68,134100.76,42,7,12,72,25,134.20,109,302,12,2,113.59,0.00,0.50,0.19,3,80.00,11,8037.07,2,6,13,org.apache.lucene.index.IndexReader,0.37,37,1,72,0,37,29,1,58,1650,1
"org.apache.lucene.index.MultipleTermPositions",13,0.06,1.54,60,0.66,23663.17,17,4,6,30,8,162.66,35,77,2,1,122.77,0.00,0.00,0.19,1,51.00,4,1994.83,0,0,6,java.lang.Object,0.00,17,0,20,0,17,13,1,9,431,1
"org.apache.lucene.index.MultipleTermPositions$IntQueue",6,0.40,1.17,20,0.16,2646.18,10,4,6,8,1,132.34,0,28,0,1,132.34,0.00,0.00,0.58,1,0.00,2,493.95,0,0,1,java.lang.Object,0.00,2,0,7,0,2,6,0,0,130,3
"org.apache.lucene.index.MultipleTermPositions$TermPositionsQueue",3,0.00,1.67,10,0.10,2076.22,3,0,6,6,2,130.72,0,16,0,2,130.72,0.00,0.50,0.00,0,3.00,3,311.46,3,0,2,org.apache.lucene.util.PriorityQueue,0.00,3,1,5,0,3,3,0,0,79,3
"org.apache.lucene.index.NoDeletionPolicy",3,1.00,1.67,5,0.06,993.49,4,1,2,4,4,190.92,7,7,3,1,151.04,0.00,0.00,0.00,0,3.00,2,181.21,0,0,1,java.lang.Object,0.00,1,0,5,0,1,3,1,3,50,2
"org.apache.lucene.index.NoMergePolicy",8,0.29,1.00,18,0.19,2978.57,11,3,2,9,8,179.41,18,26,3,2,139.53,0.00,0.50,0.08,0,16.00,1,580.89,0,3,5,org.apache.lucene.index.MergePolicy,0.12,1,1,8,0,1,5,0,4,150,2
"org.apache.lucene.index.NoMergeScheduler",3,1.00,1.00,5,0.05,760.11,4,1,1,4,6,152.31,12,9,3,2,152.07,0.00,0.50,0.00,0,3.00,1,143.67,0,0,3,org.apache.lucene.index.MergeScheduler,0.40,1,1,3,0,1,3,0,3,43,2
"org.apache.lucene.index.NormsWriter",6,0.50,3.67,91,1.49,210105.82,8,2,9,29,14,111.66,18,94,2,2,91.05,0.00,0.50,0.08,0,10.00,17,4477.75,0,1,13,org.apache.lucene.index.InvertedDocEndConsumer,0.18,23,1,22,0,23,5,0,14,697,1
"org.apache.lucene.index.NormsWriterPerField",5,0.29,1.60,33,0.41,14019.38,12,7,2,11,9,164.71,6,44,3,2,114.71,0.00,0.50,0.37,0,0.00,4,1222.06,0,0,7,org.apache.lucene.index.InvertedDocEndConsumerPerField,0.57,6,1,8,0,6,5,1,3,261,1
"org.apache.lucene.index.NormsWriterPerThread",6,0.50,1.00,13,0.10,1069.93,8,2,0,7,7,181.93,16,21,2,2,142.04,0.00,0.50,0.08,0,10.00,1,294.55,0,1,7,org.apache.lucene.index.InvertedDocEndConsumerPerThread,0.60,1,1,6,0,1,5,0,1,86,1
"org.apache.lucene.index.ParallelArrayTermVectorMapper",3,0.69,3.00,33,0.36,9557.94,11,8,6,5,11,154.31,4,48,2,2,104.31,0.00,0.50,0.58,0,0.00,3,1080.92,0,1,9,org.apache.lucene.index.TermVectorMapper,0.00,2,1,9,0,2,2,0,1,233,0
"org.apache.lucene.index.ParallelPostingsArray",5,0.15,1.00,24,0.22,3992.20,10,5,1,8,9,146.30,16,30,7,1,125.69,0.00,0.00,0.32,2,13.00,1,666.66,0,2,2,java.lang.Object,0.00,3,0,5,2,3,3,0,1,167,0
"org.apache.lucene.index.ParallelReader",37,0.02,2.27,237,3.00,140334.94,46,9,7,104,22,153.49,89,336,9,2,113.60,0.00,0.50,0.09,2,506.00,11,9001.77,1,9,13,org.apache.lucene.index.IndexReader,0.38,67,1,84,0,67,28,0,33,1789,1
"org.apache.lucene.index.ParallelReader$ParallelTermDocs",10,0.22,1.70,25,0.29,6101.48,11,1,7,20,4,137.71,0,38,0,1,137.71,0.00,0.00,0.80,1,0.00,3,868.16,0,0,4,java.lang.Object,0.00,10,0,17,0,10,10,1,0,218,1
"org.apache.lucene.index.ParallelReader$ParallelTermEnum",6,0.27,2.83,34,0.45,18371.31,9,3,7,18,3,167.24,7,59,0,2,117.24,0.00,0.50,0.56,0,0.00,6,1335.39,0,0,3,org.apache.lucene.index.TermEnum,0.80,12,1,17,0,12,6,0,7,291,1
"org.apache.lucene.index.ParallelReader$ParallelTermPositions",7,0.00,1.14,15,0.16,2743.82,7,0,7,13,3,139.32,2,22,0,2,139.32,0.00,0.50,0.00,1,12.00,2,494.70,0,0,3,org.apache.lucene.index.ParallelTermDocs,0.00,6,1,8,0,6,7,1,2,130,1
"org.apache.lucene.index.Payload",14,0.13,1.71,58,0.67,25908.46,17,3,3,20,45,104.82,74,88,43,1,122.69,0.00,0.00,0.21,2,38.00,6,2011.23,1,1,2,java.lang.Object,0.00,6,0,24,0,6,13,2,22,456,1
"org.apache.lucene.index.PayloadProcessorProvider",1,0.00,1.00,4,0.03,210.55,1,0,2,1,4,112.16,39,5,3,1,130.25,0.00,0.00,0.00,0,1.00,1,84.22,0,1,1,java.lang.Object,0.00,0,0,1,1,0,0,0,4,27,2
"org.apache.lucene.index.PayloadProcessorProvider$DirPayloadProcessor",1,0.00,1.00,2,0.02,121.82,1,0,2,1,1,193.35,1,3,0,1,143.35,0.00,0.00,0.00,0,1.00,1,48.73,0,0,1,java.lang.Object,0.00,0,0,1,0,0,1,0,1,16,3
"org.apache.lucene.index.PayloadProcessorProvider$PayloadProcessor",2,0.00,1.00,3,0.03,327.14,2,0,2,2,0,174.18,7,4,0,1,153.57,0.00,0.00,0.00,0,2.00,1,98.72,0,0,0,java.lang.Object,0.00,0,0,2,0,0,2,0,2,30,3
"org.apache.lucene.index.PersistentSnapshotDeletionPolicy",7,0.08,2.43,54,0.82,33981.94,9,2,14,34,14,61.77,72,76,1,2,110.24,0.00,0.50,0.43,1,8.00,5,2453.40,5,1,13,org.apache.lucene.index.SnapshotDeletionPolicy,0.00,27,1,17,0,27,6,0,22,468,1
"org.apache.lucene.index.PositionBasedTermVectorMapper",6,0.00,1.83,34,0.41,14595.64,10,4,4,14,3,85.90,39,48,1,2,118.12,0.00,0.50,0.25,0,10.00,4,1227.54,0,1,2,org.apache.lucene.index.TermVectorMapper,0.15,8,1,11,0,8,5,0,9,258,1
"org.apache.lucene.index.PositionBasedTermVectorMapper$TVPositionInfo",5,0.17,1.40,19,0.16,2309.29,8,3,4,7,1,172.03,12,28,0,1,132.14,0.00,0.00,0.47,0,0.00,2,466.23,0,2,1,java.lang.Object,0.00,2,0,7,0,2,3,0,3,118,2
"org.apache.lucene.index.RandomIndexWriter",12,0.07,1.50,47,0.55,9580.98,16,4,15,31,26,130.25,10,74,10,1,130.25,0.00,0.00,0.31,0,0.00,4,1648.56,0,1,16,java.lang.Object,0.00,19,0,18,0,19,11,1,6,376,1
"org.apache.lucene.index.RandomIndexWriter$MockIndexWriter",2,1.00,1.50,8,0.08,1117.11,3,1,15,4,3,126.82,0,13,0,2,126.82,0.00,0.50,0.50,0,2.00,2,254.81,0,0,3,org.apache.lucene.index.IndexWriter,0.00,2,1,3,0,2,2,0,0,63,3
"org.apache.lucene.index.RandomIndexWriter$ReusableAnalyzerBase",1,0.00,1.00,4,0.06,1123.43,1,0,15,4,3,124.52,0,0,0,1,124.52,0.00,0.00,0.00,0,1.00,1,168.54,0,1,3,java.lang.Object,0.00,3,0,1,0,3,0,0,0,40,0
"org.apache.lucene.index.ReadOnlyDirectoryReader",4,0.00,1.00,9,0.13,1439.56,4,0,3,5,8,139.64,0,14,3,3,139.64,0.00,0.67,0.00,0,4.00,1,379.73,0,0,7,org.apache.lucene.index.DirectoryReader,0.02,1,2,4,0,1,4,0,0,94,0
"org.apache.lucene.index.ReadOnlySegmentReader",3,0.00,1.00,7,0.06,767.12,3,0,0,5,3,122.94,17,13,3,3,140.81,0.00,0.67,0.00,1,4.00,1,168.86,0,0,1,org.apache.lucene.index.SegmentReader,0.04,2,2,3,0,2,3,0,2,48,0
"org.apache.lucene.index.RepeatingTokenStream",2,0.33,1.50,13,0.10,1441.13,5,3,11,3,8,169.38,3,18,1,3,119.38,0.00,0.67,0.50,0,2.00,2,290.80,0,0,7,org.apache.lucene.analysis.TokenStream,0.30,1,2,3,0,1,2,0,1,71,0
"org.apache.lucene.index.ReusableStringReader",4,0.00,1.50,26,0.24,11942.70,7,3,1,6,1,164.51,4,34,1,2,114.51,0.00,0.50,0.33,1,4.00,3,717.89,0,0,0,java.io.Reader,0.00,2,1,6,0,2,4,0,2,162,1
"org.apache.lucene.index.SegmentInfo",38,0.15,3.18,414,4.71,343191.78,58,20,10,78,31,102.52,163,504,26,1,102.28,0.00,0.00,0.20,6,114.00,24,14137.78,0,8,7,java.lang.Object,0.00,40,0,121,0,40,30,0,107,2639,2
"org.apache.lucene.index.SegmentInfos",38,0.01,2.08,261,3.02,127796.72,58,20,17,101,35,81.81,237,357,26,2,114.03,0.00,0.50,0.06,9,654.00,12,9045.33,2,11,10,java.util.Vector,0.00,63,1,79,0,63,27,0,100,1776,2
"org.apache.lucene.index.SegmentInfos$FindSegmentsFile",1,0.00,1.00,4,0.03,377.93,1,0,17,2,1,128.25,0,6,0,1,128.25,0.00,0.00,0.00,0,1.00,1,97.45,0,1,1,java.lang.Object,0.00,1,0,1,0,1,0,0,0,26,0
"org.apache.lucene.index.SegmentInfos$FindSegmentsFile_0",4,1.00,10.00,98,1.45,186733.55,5,1,17,19,7,52.84,53,146,0,1,82.22,0.00,0.00,0.25,2,6.00,37,4344.08,0,3,7,java.lang.Object,0.00,15,0,40,0,15,1,0,48,655,3
"org.apache.lucene.index.SegmentMergeInfo",5,0.22,2.40,46,0.35,11548.38,14,9,2,13,8,158.72,5,57,4,1,108.72,0.00,0.00,0.29,0,0.00,5,1043.11,0,0,4,java.lang.Object,0.00,8,0,12,0,8,5,0,5,237,1
"org.apache.lucene.index.SegmentMergeQueue",3,0.00,1.67,8,0.11,3141.37,3,0,2,4,4,135.87,0,17,2,2,135.87,0.00,0.50,0.00,0,3.00,2,342.92,1,0,2,org.apache.lucene.util.PriorityQueue,0.00,1,1,5,0,1,3,0,0,84,1
"org.apache.lucene.index.SegmentMerger",23,0.12,4.57,412,5.79,465572.01,42,19,11,118,33,58.62,143,498,4,1,90.84,0.00,0.00,0.16,10,79.00,12,17370.30,0,2,30,java.lang.Object,0.00,95,0,105,0,95,21,0,86,2929,1
"org.apache.lucene.index.SegmentMerger$CheckAbort",1,0.00,1.00,2,0.02,152.43,1,0,11,1,0,192.58,1,4,0,1,142.58,0.00,0.00,0.00,0,1.00,1,55.44,0,0,0,java.lang.Object,0.00,0,0,1,0,0,1,0,1,18,0
"org.apache.lucene.index.SegmentMerger$CheckAbort_0",1,0.00,1.00,2,0.02,152.43,1,0,11,1,0,192.58,1,4,0,1,142.58,0.00,0.00,0.00,0,1.00,1,55.44,0,0,0,java.lang.Object,0.00,0,0,1,0,0,1,0,1,18,0
"org.apache.lucene.index.SegmentMerger$CheckAbort_1",2,0.33,1.50,12,0.10,1522.56,5,3,11,3,1,119.42,8,16,0,1,119.19,0.00,0.00,0.50,0,2.00,2,299.61,0,0,1,java.lang.Object,0.00,1,0,3,0,1,2,0,1,74,1
"org.apache.lucene.index.SegmentReader",64,0.03,2.20,431,5.57,318188.84,83,19,20,150,57,152.57,136,617,32,2,112.68,1.00,0.33,0.08,14,1292.00,15,16707.02,2,15,29,org.apache.lucene.index.IndexReader,0.36,86,1,141,1,86,49,1,85,3237,1
"org.apache.lucene.index.SegmentReader$CoreReaders",10,0.20,3.60,122,1.40,67221.31,26,16,20,35,11,120.92,33,163,0,1,100.31,0.00,0.00,0.24,1,2.00,11,4188.70,0,1,11,java.lang.Object,0.00,25,0,36,0,25,9,0,33,784,2
"org.apache.lucene.index.SegmentReader$FieldsReaderLocal",1,0.00,1.00,3,0.03,413.69,1,0,20,2,2,132.60,0,6,0,2,132.60,0.00,0.50,0.00,0,0.00,1,98.84,0,0,2,org.apache.lucene.util.CloseableThreadLocal,0.40,1,1,1,0,1,1,0,0,28,1
"org.apache.lucene.index.SegmentReader$Norm",10,0.26,2.60,121,1.31,73217.07,19,9,20,30,3,100.33,40,157,0,1,100.09,0.00,0.00,0.34,2,0.00,4,3931.40,1,2,3,java.lang.Object,0.00,20,0,26,0,20,8,1,40,772,1
"org.apache.lucene.index.SegmentTermDocs",13,0.17,2.62,118,1.41,61205.33,29,16,3,34,13,156.26,22,152,4,1,106.26,0.00,0.00,0.22,4,23.00,6,4240.59,0,0,10,java.lang.Object,0.00,21,0,34,2,21,13,1,22,836,0
"org.apache.lucene.index.SegmentTermEnum",13,0.16,2.08,103,1.19,53556.22,28,15,2,30,13,150.73,34,139,5,2,110.84,0.00,0.50,0.22,0,0.00,7,3579.75,1,4,8,org.apache.lucene.index.TermEnum,0.47,17,1,27,0,17,9,1,27,700,1
"org.apache.lucene.index.SegmentTermPositionVector",3,0.00,2.33,20,0.23,7431.53,6,3,0,3,4,65.05,28,30,1,2,115.05,0.00,0.50,0.33,0,5.00,3,703.11,0,0,3,org.apache.lucene.index.SegmentTermVector,0.00,0,1,7,0,0,3,1,3,160,0
"org.apache.lucene.index.SegmentTermPositions",15,0.16,1.87,91,0.82,22509.03,22,7,2,23,7,156.70,37,123,2,2,116.82,0.00,0.50,0.30,4,24.00,4,2468.69,3,0,6,org.apache.lucene.index.SegmentTermDocs,0.36,8,1,28,0,8,15,1,37,545,1
"org.apache.lucene.index.SegmentTermVector",8,0.00,1.88,41,0.40,15373.39,11,3,1,13,4,168.92,9,49,3,1,118.92,0.00,0.00,0.33,0,12.00,4,1206.93,0,3,1,java.lang.Object,0.00,5,0,15,1,5,5,1,6,274,0
"org.apache.lucene.index.SegmentWriteState",2,0.00,1.00,20,0.18,4437.36,10,8,3,3,21,107.35,0,24,20,1,107.35,0.00,0.00,0.12,0,2.00,1,530.46,0,1,2,java.lang.Object,0.00,1,0,2,0,1,1,0,0,122,0
"org.apache.lucene.index.SerialMergeScheduler",2,0.00,2.00,7,0.08,2050.42,2,0,1,4,13,169.22,5,14,10,2,129.33,1.00,0.33,0.00,0,2.00,3,228.37,0,0,3,org.apache.lucene.index.MergeScheduler,0.50,2,1,4,1,2,2,0,2,55,1
"org.apache.lucene.index.SnapshotDeletionPolicy",12,0.02,2.83,84,1.13,47019.45,16,4,10,37,8,60.94,115,113,5,1,110.94,0.00,0.00,0.27,4,30.00,10,3387.35,0,2,3,java.lang.Object,0.00,25,0,34,1,25,10,1,21,689,1
"org.apache.lucene.index.SnapshotDeletionPolicy$SnapshotCommitPoint",11,0.20,1.09,26,0.23,3668.31,12,1,10,20,3,139.88,6,49,0,2,139.88,0.00,0.50,0.82,2,0.00,2,678.96,0,4,3,org.apache.lucene.index.IndexCommit,0.78,9,1,12,0,9,7,0,3,187,1
"org.apache.lucene.index.SnapshotDeletionPolicy$SnapshotInfo",2,0.00,1.00,10,0.07,1118.76,5,3,10,2,1,123.29,0,14,0,1,123.29,0.00,0.00,0.33,0,2.00,1,221.39,0,1,1,java.lang.Object,0.00,0,0,2,0,0,1,0,0,61,2
"org.apache.lucene.index.SortedTermVectorMapper",5,0.10,2.80,42,0.72,61018.36,10,5,1,18,5,72.67,34,66,2,2,104.90,0.00,0.50,0.28,0,2.00,10,2174.46,0,1,3,org.apache.lucene.index.TermVectorMapper,0.00,13,1,14,0,13,4,0,9,412,1
"org.apache.lucene.index.StaleReaderException",1,0.00,1.00,3,0.02,106.02,1,0,1,1,4,88.78,10,5,4,2,137.25,0.00,0.50,0.00,0,1.00,1,45.51,0,0,0,java.io.IOException,0.00,0,1,1,0,0,1,0,1,16,1
"org.apache.lucene.index.StoredFieldsWriter",11,0.16,2.09,84,1.08,43987.00,19,8,4,33,10,160.94,13,111,2,1,110.94,0.00,0.00,0.27,3,19.00,4,3241.62,0,2,9,java.lang.Object,0.00,22,0,23,0,22,9,0,13,647,1
"org.apache.lucene.index.StoredFieldsWriter$PerDoc",4,0.00,1.00,15,0.12,1471.44,7,3,4,10,1,133.00,0,23,0,2,133.00,0.00,0.50,0.33,1,4.00,1,349.72,0,0,1,DocumentsWriter.DocWriter,0.00,6,1,4,0,6,4,0,0,92,0
"org.apache.lucene.index.StoredFieldsWriterPerThread",5,0.25,1.60,32,0.33,8457.92,9,4,3,14,6,166.44,5,43,2,1,116.44,0.00,0.00,0.45,0,0.00,2,990.05,0,1,5,java.lang.Object,0.00,9,0,8,0,9,4,0,5,220,1
"org.apache.lucene.index.Term",12,0.27,2.08,45,0.53,19856.44,14,2,1,19,382,127.92,52,67,381,1,127.69,0.00,0.00,0.75,0,0.00,10,1603.59,0,4,1,java.lang.Object,0.00,7,0,25,0,7,8,2,12,380,2
"org.apache.lucene.index.TermBuffer",9,0.27,2.11,76,0.89,33743.36,15,6,3,27,6,159.00,11,97,2,1,109.00,0.00,0.00,0.41,1,0.00,4,2684.22,1,2,4,java.lang.Object,0.00,18,0,19,0,18,7,1,9,562,1
"org.apache.lucene.index.TermDocs",8,0.00,1.00,9,0.06,313.23,8,0,2,8,79,140.58,41,10,77,2,158.46,0.00,0.50,0.00,0,8.00,1,175.15,0,0,2,,0.00,0,1,8,0,0,8,0,9,63,1
"org.apache.lucene.index.TermEnum",4,0.00,1.00,5,0.03,231.17,4,0,2,4,99,197.01,8,6,98,1,157.13,0.00,0.00,0.00,0,4.00,1,98.67,0,0,1,java.lang.Object,0.00,0,0,4,15,0,4,1,5,35,2
"org.apache.lucene.index.TermFreqVector",6,0.00,1.00,7,0.04,253.51,6,0,0,6,35,110.09,51,8,35,1,158.20,0.00,0.00,0.00,0,6.00,1,125.08,0,2,0,,0.00,0,0,6,0,0,4,0,8,46,1
"org.apache.lucene.index.TermInfo",5,0.38,1.00,25,0.18,2904.13,9,4,0,5,10,143.78,18,29,10,1,123.16,0.00,0.00,0.55,0,2.00,1,538.58,0,0,0,java.lang.Object,0.00,0,0,5,1,0,5,0,3,147,0
"org.apache.lucene.index.TermInfosReader",0,0.00,0.00,16,0.23,7074.72,12,12,4,2,8,171.00,7,16,1,1,171.00,0.00,0.00,0.00,0,0.00,0,690.22,0,0,7,java.lang.Object,0.00,2,0,0,0,2,0,0,3,128,1
"org.apache.lucene.index.TermInfosReader$CloneableTerm",4,0.33,1.00,11,0.11,1833.90,5,1,4,10,1,138.81,0,19,0,2,138.81,0.00,0.50,0.75,0,0.00,1,341.89,0,1,1,DoubleBarrelLRUCache.CloneableKey,0.00,6,1,4,0,6,3,0,0,91,2
"org.apache.lucene.index.TermInfosReader$TermInfoAndOrd",1,1.00,1.00,5,0.04,442.87,2,1,4,1,1,124.09,0,7,0,2,124.09,0.00,0.50,0.00,0,1.00,1,111.58,0,0,1,org.apache.lucene.index.TermInfo,0.00,0,1,1,0,0,1,0,0,31,3
"org.apache.lucene.index.TermInfosReader$ThreadResources",15,0.93,2.93,134,1.90,170316.32,16,1,4,31,7,155.13,29,192,0,1,105.13,0.00,0.00,0.13,7,78.00,11,5691.85,0,3,7,java.lang.Object,0.00,16,0,44,0,16,12,0,29,1054,3
"org.apache.lucene.index.TermInfosWriter",9,0.18,2.56,97,1.58,90642.75,28,19,5,34,11,84.09,53,128,4,1,101.96,0.00,0.00,0.22,5,5.00,6,4753.02,0,0,7,java.lang.Object,0.00,25,0,23,0,25,9,0,40,883,1
"org.apache.lucene.index.TermPositionVector",2,0.00,1.00,3,0.02,138.91,2,0,0,2,14,165.63,34,4,13,2,156.50,0.00,0.50,0.00,0,2.00,1,61.97,0,0,1,,0.00,0,1,2,0,0,2,0,4,22,1
"org.apache.lucene.index.TermPositions",4,0.00,1.00,5,0.03,177.88,4,0,1,4,50,113.89,45,8,50,2,158.02,0.00,0.50,0.00,0,4.00,1,93.08,0,0,0,,0.00,0,1,4,0,0,4,0,5,34,1
"org.apache.lucene.index.TermVectorAccessor",3,0.00,4.00,52,0.77,52207.84,7,4,4,30,8,90.92,48,59,1,1,91.39,0.00,0.00,0.25,1,5.00,9,2316.18,0,0,7,java.lang.Object,0.00,27,0,12,0,27,3,0,8,407,1
"org.apache.lucene.index.TermVectorAccessor$TermVectorMapperDecorator",5,0.12,1.00,14,0.15,2373.45,7,2,4,10,2,138.69,0,25,0,2,138.69,0.00,0.50,0.60,0,0.00,1,462.46,0,0,2,org.apache.lucene.index.TermVectorMapper,0.50,5,1,5,0,5,5,0,0,119,2
"org.apache.lucene.index.TermVectorEntry",13,0.05,1.38,39,0.37,9728.94,18,5,0,16,8,180.49,19,60,7,1,130.49,0.00,0.00,0.15,0,69.00,5,1101.38,0,3,1,java.lang.Object,0.00,3,0,18,0,3,10,0,3,277,1
"org.apache.lucene.index.TermVectorEntryFreqSortedComparator",1,0.00,3.00,9,0.11,4356.12,1,0,1,5,4,88.62,5,15,3,1,106.49,0.00,0.00,0.00,0,1.00,3,331.60,0,0,1,java.lang.Object,0.00,4,0,3,0,4,1,1,1,78,1
"org.apache.lucene.index.TermVectorMapper",7,0.42,1.00,14,0.10,1089.32,9,2,0,7,21,92.51,67,22,20,1,142.51,0.00,0.00,0.14,0,17.00,1,307.39,0,0,1,java.lang.Object,0.00,0,0,7,7,0,7,0,8,92,2
"org.apache.lucene.index.TermVectorOffsetInfo",8,0.10,1.50,28,0.24,6972.22,11,3,1,8,29,130.19,38,39,29,1,129.95,0.00,0.00,0.25,0,12.00,5,723.90,0,0,0,java.lang.Object,0.00,0,0,12,0,0,8,1,6,181,1
"org.apache.lucene.index.TermVectorsReader",21,0.10,3.48,294,3.66,274297.18,36,15,6,52,20,95.78,93,341,8,1,95.55,0.00,0.00,0.16,8,45.00,16,10970.15,1,7,12,java.lang.Object,0.00,31,0,73,0,31,14,1,67,2002,0
"org.apache.lucene.index.TermVectorsTermsWriter",11,0.24,2.91,132,1.72,81355.35,20,9,7,38,15,150.03,16,163,3,2,100.03,0.00,0.50,0.33,3,19.00,7,5159.99,0,0,14,org.apache.lucene.index.TermsHashConsumer,0.25,27,1,32,0,27,11,0,15,974,1
"org.apache.lucene.index.TermVectorsTermsWriter$PerDoc",5,0.15,1.40,25,0.24,5203.90,10,5,7,13,2,121.09,0,36,0,2,121.09,0.00,0.50,0.32,1,6.00,3,707.08,0,0,2,DocumentsWriter.DocWriter,0.00,8,1,7,0,8,5,0,0,169,0
"org.apache.lucene.index.TermVectorsTermsWriterPerField",11,0.21,2.82,138,1.93,138795.16,22,11,5,36,14,148.21,18,170,2,2,98.21,0.00,0.50,0.28,0,0.00,11,5783.43,0,1,14,org.apache.lucene.index.TermsHashConsumerPerField,0.63,25,1,31,0,25,10,0,15,1011,1
"org.apache.lucene.index.TermVectorsTermsWriterPerField$TermVectorsPostingsArray",4,0.22,1.00,20,0.21,4736.34,7,3,5,6,2,120.72,3,27,0,2,120.72,0.00,0.50,0.50,0,4.00,1,620.03,2,1,2,org.apache.lucene.index.ParallelPostingsArray,0.44,2,1,4,0,2,3,0,3,150,2
"org.apache.lucene.index.TermVectorsTermsWriterPerThread",7,0.00,1.43,34,0.33,6993.24,14,7,1,13,9,124.84,3,56,2,2,124.84,0.00,0.50,0.14,1,17.00,2,986.41,0,1,9,org.apache.lucene.index.TermsHashConsumerPerThread,0.55,6,1,10,0,6,6,0,3,232,1
"org.apache.lucene.index.TermVectorsWriter",4,0.67,7.00,125,1.92,240742.40,9,5,5,32,12,45.06,24,142,2,1,77.28,0.00,0.00,0.70,0,0.00,15,5746.67,0,0,10,java.lang.Object,0.00,28,0,28,0,28,4,0,14,965,1
"org.apache.lucene.index.TermsHash",8,0.04,2.12,45,0.72,39805.37,12,4,6,26,14,165.64,8,72,3,2,115.64,0.00,0.50,0.28,0,0.00,8,2163.50,0,0,12,org.apache.lucene.index.InvertedDocConsumer,0.43,18,1,17,0,18,8,0,1,431,1
"org.apache.lucene.index.TermsHashConsumer",5,1.00,1.00,8,0.07,560.21,6,1,3,5,8,154.86,0,10,4,1,154.86,0.00,0.00,0.00,0,5.00,1,199.77,0,1,4,java.lang.Object,0.00,0,0,5,2,0,4,0,0,60,1
"org.apache.lucene.index.TermsHashConsumerPerField",8,0.00,1.00,9,0.07,388.64,8,0,2,8,10,157.72,0,10,8,1,157.72,0.00,0.00,0.00,0,8.00,1,198.29,0,1,2,java.lang.Object,0.00,0,0,8,2,0,7,0,0,67,1
"org.apache.lucene.index.TermsHashConsumerPerThread",4,0.00,1.00,5,0.03,220.08,4,0,1,4,10,157.29,0,6,7,1,157.29,0.00,0.00,0.00,0,4.00,1,104.91,0,2,3,java.lang.Object,0.00,0,0,4,2,0,2,0,0,36,1
"org.apache.lucene.index.TermsHashPerField",22,0.15,3.95,345,5.09,590203.74,45,23,6,51,23,131.82,46,427,8,2,91.94,0.00,0.50,0.19,9,18.00,17,15277.74,0,0,16,org.apache.lucene.index.InvertedDocConsumerPerField,0.22,29,1,87,0,29,22,0,43,2663,1
"org.apache.lucene.index.TermsHashPerThread",6,0.28,2.17,42,0.50,15402.86,14,8,1,20,17,112.45,2,66,8,2,112.45,0.00,0.50,0.35,1,0.00,3,1487.40,0,1,11,org.apache.lucene.index.InvertedDocConsumerPerThread,0.60,14,1,13,0,14,5,0,2,324,1
"org.apache.lucene.index.TestAddIndexes",18,0.29,1.72,359,5.87,279695.71,19,1,10,64,16,110.78,70,385,0,3,90.17,0.00,0.67,0.72,6,0.00,3,17614.64,1,1,16,org.apache.lucene.util.LuceneTestCase,0.10,46,2,31,0,46,17,0,70,3073,1
"org.apache.lucene.index.TestAddIndexesNoOptimize",17,0.00,1.76,341,4.54,206300.05,17,0,9,51,13,90.41,72,351,0,3,90.18,0.00,0.67,0.00,6,17.00,3,13618.06,0,1,13,org.apache.lucene.util.LuceneTestCase,0.00,34,2,30,0,34,16,0,68,2462,1
"org.apache.lucene.index.TestAtomicUpdate",2,0.00,2.00,58,0.81,41483.17,4,2,9,30,11,40.00,14,60,0,3,82.30,0.00,0.67,0.50,1,2.00,3,2426.52,0,0,11,org.apache.lucene.util.LuceneTestCase,0.00,28,2,4,0,28,2,0,8,413,1
"org.apache.lucene.index.TestAtomicUpdate$IndexerThread",2,0.00,1.50,15,0.22,6999.84,4,2,9,9,5,111.47,1,17,0,2,111.47,0.00,0.50,0.50,0,2.00,2,667.02,0,0,5,org.apache.lucene.index.TimedThread,0.00,7,1,3,0,7,2,0,1,134,2
"org.apache.lucene.index.TestAtomicUpdate$MockIndexWriter",2,0.00,1.50,6,0.07,901.59,2,0,9,3,3,132.21,1,11,0,2,132.21,0.00,0.50,0.00,0,2.00,2,223.79,0,0,3,org.apache.lucene.index.IndexWriter,0.00,1,1,3,0,1,2,0,1,55,1
"org.apache.lucene.index.TestAtomicUpdate$SearcherThread",2,1.00,1.00,9,0.09,1239.47,3,1,9,6,2,126.55,0,13,0,2,126.55,0.00,0.50,0.50,0,2.00,1,257.15,0,0,2,org.apache.lucene.index.TimedThread,0.00,4,1,2,0,4,2,0,0,64,2
"org.apache.lucene.index.TestAtomicUpdate$TimedThread",4,0.08,2.00,23,0.28,8851.31,8,4,9,9,0,118.43,0,31,0,2,118.43,0.00,0.50,0.31,2,4.00,3,842.67,0,0,0,org.apache.lucene.search.Thread,0.00,5,1,8,0,5,4,0,0,176,3
"org.apache.lucene.index.TestBackwardsCompatibility",20,0.25,2.90,370,6.04,340823.16,23,3,28,104,22,90.84,88,414,0,3,90.61,0.00,0.67,0.10,12,86.00,12,18116.34,0,2,22,org.apache.lucene.util.LuceneTestCase,0.00,84,2,58,0,84,18,0,55,3032,1
"org.apache.lucene.index.TestBackwardsCompatibility$FieldSelector",1,0.00,2.00,3,0.03,518.00,1,0,28,2,1,131.67,0,4,0,1,131.67,0.00,0.00,0.00,0,1.00,2,100.00,0,1,1,java.lang.Object,0.00,1,0,2,0,1,0,0,0,27,0
"org.apache.lucene.index.TestByteSlices",1,0.00,14.00,58,0.84,94423.83,1,0,4,15,4,115.44,1,55,0,3,65.44,0.00,0.67,0.00,0,1.00,14,2527.91,1,0,4,org.apache.lucene.util.LuceneTestCase,0.00,14,2,14,0,14,1,0,1,416,1
"org.apache.lucene.index.TestByteSlices$ByteBlockAllocator",3,1.00,2.00,20,0.24,8319.98,4,1,4,6,1,114.70,2,24,0,2,114.70,0.00,0.50,0.33,0,4.00,2,734.16,0,0,1,ByteBlockPool.Allocator,0.00,3,1,6,0,3,3,0,2,160,2
"org.apache.lucene.index.TestCheckIndex",2,0.00,2.00,52,0.92,45143.94,2,0,11,33,9,133.78,2,56,0,3,83.78,0.00,0.67,0.00,0,2.00,3,2756.60,0,0,9,org.apache.lucene.util.LuceneTestCase,0.00,31,2,4,0,31,2,0,2,436,1
"org.apache.lucene.index.TestCompoundFile",23,0.45,1.70,355,4.44,225641.03,24,1,11,58,10,95.81,101,411,1,3,95.57,0.00,0.67,0.57,9,0.00,3,13316.16,2,0,9,org.apache.lucene.util.LuceneTestCase,0.17,35,2,39,0,35,23,0,79,2534,1
"org.apache.lucene.index.TestConcurrentMergeScheduler",3,0.00,4.33,99,1.30,57176.58,4,1,8,33,11,98.45,54,93,0,3,80.31,0.00,0.67,1.00,0,0.00,6,3885.18,0,0,11,org.apache.lucene.util.LuceneTestCase,0.00,30,2,13,0,30,3,0,11,650,1
"org.apache.lucene.index.TestConcurrentMergeScheduler$FailOnlyOnFlush",3,0.00,2.00,18,0.20,5173.33,5,2,8,10,1,116.33,1,25,0,2,116.33,0.00,0.50,0.50,0,1.00,4,606.63,0,0,1,MockRAMDirectory.Failure,0.00,7,1,6,0,7,3,0,1,128,2
"org.apache.lucene.index.TestCrash",10,0.00,1.20,82,1.01,22032.16,10,0,8,35,9,131.56,33,91,0,3,110.95,0.00,0.67,0.00,2,10.00,3,3036.74,0,2,9,org.apache.lucene.util.LuceneTestCase,0.00,25,2,12,0,25,8,0,6,625,1
"org.apache.lucene.index.TestDeletionPolicy",9,0.00,6.00,385,5.71,565543.43,9,0,17,64,19,23.78,94,388,0,3,72.25,0.00,0.67,0.00,1,9.00,12,17130.85,0,0,19,org.apache.lucene.util.LuceneTestCase,0.00,55,2,54,0,55,9,0,68,2733,1
"org.apache.lucene.index.TestDeletionPolicy$ExpirationTimeDeletionPolicy",3,0.00,1.67,21,0.25,8233.58,6,3,17,11,3,112.28,1,27,0,1,112.28,0.00,0.00,0.33,1,4.00,3,754.89,0,0,3,java.lang.Object,0.00,8,0,5,0,8,3,1,1,158,0
"org.apache.lucene.index.TestDeletionPolicy$KeepAllDeletionPolicy",2,0.33,1.00,14,0.16,3169.19,5,3,17,10,4,114.28,0,17,0,1,114.28,0.00,0.00,0.50,0,2.00,1,476.48,0,0,4,java.lang.Object,0.00,8,0,2,0,8,2,1,0,105,0
"org.apache.lucene.index.TestDeletionPolicy$KeepLastNDeletionPolicy",4,0.00,1.75,29,0.27,7419.02,9,5,17,13,2,113.61,3,34,0,1,113.61,0.00,0.00,0.20,1,8.00,4,823.82,0,0,2,java.lang.Object,0.00,9,0,7,0,9,4,1,3,178,0
"org.apache.lucene.index.TestDeletionPolicy$KeepNoneOnInitDeletionPolicy",2,0.00,2.00,20,0.18,4069.88,4,2,17,11,2,157.48,2,22,0,1,107.48,0.00,0.00,0.50,0,2.00,2,545.57,0,0,2,java.lang.Object,0.00,9,0,4,0,9,2,1,2,120,0
"org.apache.lucene.index.TestDirectoryReader",11,0.04,1.45,124,1.51,52024.01,16,5,7,53,17,153.13,14,139,0,3,103.13,0.50,0.50,0.24,5,41.00,3,4537.17,1,1,17,org.apache.lucene.util.LuceneTestCase,0.13,42,2,16,1,42,10,0,14,903,1
"org.apache.lucene.index.TestDoc",7,0.06,2.29,119,1.59,64471.40,10,3,17,56,14,133.58,14,134,1,3,93.69,0.00,0.67,0.29,4,11.00,5,4772.44,1,3,13,org.apache.lucene.util.LuceneTestCase,0.16,49,2,16,0,49,4,0,5,888,1
"org.apache.lucene.index.TestDocumentWriter",9,0.12,1.22,142,2.51,94793.11,10,1,22,52,26,135.29,22,151,0,3,95.41,0.00,0.67,0.89,0,0.00,3,7541.84,1,0,26,org.apache.lucene.util.LuceneTestCase,0.14,43,2,11,0,43,9,0,15,1298,1
"org.apache.lucene.index.TestDocumentWriter$Analyzer",2,0.00,1.00,5,0.04,482.78,2,0,22,3,1,141.01,0,9,0,1,141.01,0.00,0.00,0.00,0,2.00,1,124.93,0,1,1,java.lang.Object,0.00,1,0,2,0,1,1,0,0,35,0
"org.apache.lucene.index.TestDocumentWriter$Analyzer_0",1,0.00,1.00,3,0.02,273.52,1,0,22,3,1,134.01,0,5,0,1,134.01,0.00,0.00,0.00,0,1.00,1,74.42,0,1,1,java.lang.Object,0.00,2,0,1,0,2,0,0,0,21,0
"org.apache.lucene.index.TestDocumentWriter$Analyzer_0$WhitespaceTokenizer",1,0.00,5.00,24,0.29,9637.60,6,5,22,9,3,127.66,2,28,0,1,87.77,0.00,0.00,1.00,0,0.00,5,878.57,0,0,3,java.lang.Object,0.00,8,0,5,0,8,1,0,2,169,0
"org.apache.lucene.index.TestDocumentWriter$TokenStream",1,0.00,2.00,10,0.11,2241.71,4,3,22,2,0,107.15,0,13,0,1,107.15,0.00,0.00,1.00,0,0.00,2,322.99,0,0,0,java.lang.Object,0.00,1,0,2,0,1,1,0,0,72,0
"org.apache.lucene.index.TestFieldInfos",3,0.50,1.33,40,0.52,29410.10,4,1,5,17,7,147.95,5,47,0,3,97.95,0.00,0.67,0.67,0,1.00,2,1550.30,1,0,7,org.apache.lucene.util.LuceneTestCase,0.20,14,2,4,0,14,3,0,5,291,1
"org.apache.lucene.index.TestFieldNormModifier",7,0.08,2.00,101,1.37,67321.08,9,2,15,33,16,146.72,13,108,0,3,96.72,0.00,0.67,0.57,0,0.00,3,4115.67,3,0,16,org.apache.lucene.util.LuceneTestCase,0.32,26,2,14,0,26,7,0,11,758,1
"org.apache.lucene.index.TestFieldNormModifier$Collector",4,0.33,1.00,11,0.11,1745.14,6,2,15,5,2,138.98,0,19,0,1,138.98,0.00,0.00,0.25,0,6.00,1,339.96,0,0,2,java.lang.Object,0.00,1,0,4,0,1,4,0,0,87,0
"org.apache.lucene.index.TestFieldNormModifier$Collector_0",4,0.33,1.00,11,0.11,1745.14,6,2,15,5,2,138.98,0,19,0,1,138.98,0.00,0.00,0.25,0,6.00,1,339.96,0,0,2,java.lang.Object,0.00,1,0,4,0,1,4,0,0,87,0
"org.apache.lucene.index.TestFieldNormModifier$Collector_1",4,0.33,1.00,11,0.11,1745.14,6,2,15,5,2,138.98,0,19,0,1,138.98,0.00,0.00,0.25,0,6.00,1,339.96,0,0,2,java.lang.Object,0.00,1,0,4,0,1,4,0,0,87,0
"org.apache.lucene.index.TestFieldNormModifier$DefaultSimilarity",1,0.00,1.00,3,0.02,226.10,1,0,15,1,0,134.66,0,5,0,1,134.66,0.00,0.00,0.00,0,1.00,1,63.51,0,0,0,java.lang.Object,0.00,0,0,1,0,0,1,0,0,19,0
"org.apache.lucene.index.TestFieldsReader",10,0.31,1.90,246,3.73,209648.32,14,4,14,63,19,135.34,16,256,0,3,85.34,0.00,0.67,0.52,1,0.00,6,11192.55,1,0,19,org.apache.lucene.util.LuceneTestCase,0.14,53,2,19,0,53,10,0,10,1912,1
"org.apache.lucene.index.TestFieldsReader$FaultyFSDirectory",10,0.00,1.00,23,0.26,4122.84,11,1,14,22,4,139.18,0,43,0,2,139.18,0.00,0.50,1.00,0,0.00,1,774.28,0,3,4,org.apache.lucene.store.Directory,0.13,12,1,10,0,12,7,0,0,201,2
"org.apache.lucene.index.TestFieldsReader$FaultyIndexInput",7,0.00,1.14,20,0.20,3016.39,10,3,14,14,2,138.99,1,34,0,3,138.99,0.00,0.67,0.33,1,0.00,2,589.43,0,1,2,org.apache.lucene.store.BufferedIndexInput,0.35,7,2,8,0,7,6,0,1,151,2
"org.apache.lucene.index.TestFieldsReader$FieldSelector",1,0.00,3.00,3,0.08,1823.83,1,0,14,2,2,127.27,0,10,0,1,127.27,0.00,0.00,0.00,0,1.00,3,227.62,0,1,2,java.lang.Object,0.00,1,0,3,0,1,0,0,0,54,0
"org.apache.lucene.index.TestFieldsReader$SetBasedFieldSelector",1,0.00,2.00,7,0.05,1556.50,1,0,25,1,1,114.18,0,9,0,1,114.18,0.00,0.00,0.00,0,1.00,2,164.19,1,1,1,java.lang.Object,0.00,0,0,2,0,0,0,0,0,41,0
"org.apache.lucene.index.TestFilterIndexReader",0,0.00,0.00,2,0.01,129.56,0,0,9,0,6,171.00,0,2,0,3,171.00,0.00,0.67,0.00,0,0.00,0,43.19,0,0,6,org.apache.lucene.util.LuceneTestCase,0.00,0,2,0,0,0,0,0,0,13,1
"org.apache.lucene.index.TestFilterIndexReader$TestReader",5,0.00,1.60,45,0.71,34854.20,5,0,9,37,13,155.03,9,55,0,3,105.03,0.00,0.67,0.00,0,7.00,4,2144.76,0,2,13,org.apache.lucene.index.FilterIndexReader,0.05,32,2,8,0,32,3,0,6,379,2
"org.apache.lucene.index.TestFilterIndexReader$TestReader$TestTermEnum",2,0.00,2.00,7,0.08,1465.23,2,0,9,5,1,130.48,1,13,0,2,130.48,0.00,0.50,0.00,0,2.00,3,228.47,0,0,1,org.apache.lucene.index.FilterTermEnum,0.00,3,1,4,0,3,2,0,1,56,2
"org.apache.lucene.index.TestFilterIndexReader$TestReader$TestTermPositions",2,0.00,2.00,7,0.07,1306.77,2,0,9,3,1,130.87,1,13,0,2,130.87,0.00,0.50,0.00,0,2.00,3,201.27,0,0,1,org.apache.lucene.index.FilterTermPositions,0.00,1,1,4,0,1,2,0,1,51,2
"org.apache.lucene.index.TestIndexCommit",1,0.00,1.00,8,0.08,1648.59,1,0,7,8,2,161.98,1,11,0,2,111.98,0.00,0.50,0.00,0,1.00,1,240.17,0,0,2,org.apache.lucene.util.LuceneTestCaseJ4,0.00,7,1,1,0,7,1,0,1,55,1
"org.apache.lucene.index.TestIndexCommit$IndexCommit",10,0.00,1.00,20,0.14,1816.49,10,0,7,10,1,141.98,0,11,0,1,141.98,0.00,0.00,0.00,0,10.00,1,425.24,0,4,1,java.lang.Object,0.00,0,0,10,0,0,6,0,0,124,0
"org.apache.lucene.index.TestIndexCommit$IndexCommit_0",10,0.00,1.00,20,0.14,1816.49,10,0,7,10,1,141.98,0,11,0,1,141.98,0.00,0.00,0.00,0,10.00,1,425.24,0,4,1,java.lang.Object,0.00,0,0,10,0,0,6,0,0,124,0
"org.apache.lucene.index.TestIndexFileDeleter",5,0.00,3.80,114,1.63,96285.51,5,0,11,46,14,38.77,44,118,0,3,86.88,0.00,0.67,0.00,3,5.00,7,4889.94,0,2,14,org.apache.lucene.util.LuceneTestCase,0.00,41,2,19,0,41,3,0,37,814,1
"org.apache.lucene.index.TestIndexInput",2,0.00,1.00,44,1.21,63455.64,2,0,3,16,3,37.37,16,76,0,3,85.48,0.00,0.67,0.00,0,2.00,1,3625.77,0,0,3,org.apache.lucene.util.LuceneTestCase,0.00,14,2,2,0,14,2,0,12,610,1
"org.apache.lucene.index.TestIndexReader",51,0.00,2.84,1182,17.69,1163972.34,51,0,34,189,39,85.88,235,1292,4,3,85.64,0.00,0.67,0.00,10,348.00,24,53073.63,0,3,35,org.apache.lucene.util.LuceneTestCase,0.00,138,2,145,0,138,48,0,202,9056,1
"org.apache.lucene.index.TestIndexReaderClone",22,0.00,1.77,251,2.97,92532.43,22,0,13,63,16,153.48,43,289,0,3,103.49,0.00,0.67,0.00,3,22.00,4,8915.75,0,0,16,org.apache.lucene.util.LuceneTestCase,0.00,41,2,39,0,41,22,0,30,1780,1
"org.apache.lucene.index.TestIndexReaderCloneNorms",13,0.06,1.69,166,1.97,75704.29,21,8,16,58,14,140.86,30,179,0,3,100.97,0.00,0.67,0.18,7,42.00,4,5900.95,1,1,14,org.apache.lucene.util.LuceneTestCase,0.12,45,2,22,0,45,12,0,24,1123,1
"org.apache.lucene.index.TestIndexReaderCloneNorms$SimilarityOne",1,0.00,1.00,3,0.02,223.77,1,0,16,1,1,134.70,0,6,0,3,134.70,0.00,0.67,0.00,0,1.00,1,72.62,0,0,1,org.apache.lucene.search.DefaultSimilarity,0.00,0,2,1,0,0,1,0,0,21,1
"org.apache.lucene.index.TestIndexReaderReopen",28,0.44,3.54,683,8.25,682048.23,30,2,29,112,32,124.57,58,731,9,3,84.68,0.00,0.67,0.07,9,146.00,14,24753.89,2,3,23,org.apache.lucene.util.LuceneTestCase,0.08,84,2,99,0,84,25,0,47,4427,1
"org.apache.lucene.index.TestIndexReaderReopen$KeepAllCommits",2,0.00,1.00,3,0.02,108.08,2,0,29,2,1,157.36,0,6,0,1,157.36,0.00,0.00,0.00,0,2.00,1,58.95,0,0,1,java.lang.Object,0.00,0,0,2,0,0,2,1,0,21,2
"org.apache.lucene.index.TestIndexReaderReopen$ReaderCouple",1,0.00,1.00,6,0.03,288.17,3,2,29,1,1,122.60,0,8,0,1,122.60,0.00,0.00,1.00,0,0.00,1,94.21,0,0,1,java.lang.Object,0.00,0,0,1,0,0,1,0,0,29,2
"org.apache.lucene.index.TestIndexReaderReopen$ReaderThread",3,2.00,1.33,12,0.10,1431.65,5,2,29,5,0,127.38,0,19,0,2,127.38,0.00,0.50,0.00,1,3.00,2,291.27,0,0,0,org.apache.lucene.index.Thread,0.00,2,1,4,0,2,3,0,0,76,2
"org.apache.lucene.index.TestIndexReaderReopen$ReaderThreadTask",1,0.00,5.00,20,0.30,15152.45,1,0,29,14,5,39.18,9,29,0,1,89.18,0.00,0.00,0.00,0,1.00,5,898.61,0,0,5,java.lang.Object,0.00,13,0,5,0,13,1,0,9,153,0
"org.apache.lucene.index.TestIndexReaderReopen$ReaderThreadTask_7",1,0.00,3.00,9,0.11,2780.76,1,0,29,6,1,108.03,0,14,0,1,108.03,0.00,0.00,0.00,0,1.00,3,331.14,0,0,1,java.lang.Object,0.00,5,0,3,0,5,1,0,0,67,0
"org.apache.lucene.index.TestIndexReaderReopen$ReaderThreadTask_8",2,1.00,1.00,5,0.03,302.06,3,1,29,2,0,142.61,0,7,0,1,142.61,0.00,0.00,0.00,0,2.00,1,98.59,0,0,0,java.lang.Object,0.00,0,0,2,0,0,2,0,0,30,3
"org.apache.lucene.index.TestIndexReaderReopen$TestReopen",2,0.00,1.00,5,0.05,730.90,2,0,29,4,2,139.59,0,9,0,1,139.59,0.00,0.00,0.00,0,2.00,1,152.55,0,1,2,java.lang.Object,0.00,2,0,2,0,2,1,0,0,41,0
"org.apache.lucene.index.TestIndexReaderReopen$TestReopen_0",2,0.00,1.00,5,0.05,730.90,2,0,29,4,2,139.59,0,9,0,1,139.59,0.00,0.00,0.00,0,2.00,1,152.55,0,1,2,java.lang.Object,0.00,2,0,2,0,2,1,0,0,41,0
"org.apache.lucene.index.TestIndexReaderReopen$TestReopen_1",2,0.00,1.00,9,0.10,2379.59,2,0,29,6,3,124.32,0,13,0,1,124.32,0.00,0.00,0.00,0,2.00,1,296.48,0,1,3,java.lang.Object,0.00,4,0,2,0,4,1,0,0,72,0
"org.apache.lucene.index.TestIndexReaderReopen$TestReopen_2",2,0.00,1.00,10,0.12,3532.16,2,0,29,7,4,169.36,2,14,0,1,119.36,0.00,0.00,0.00,0,2.00,1,361.73,0,1,4,java.lang.Object,0.00,5,0,2,0,5,1,0,2,86,0
"org.apache.lucene.index.TestIndexReaderReopen$TestReopen_3",2,0.00,1.00,6,0.08,1716.05,2,0,29,5,3,130.10,0,12,0,1,130.10,0.00,0.00,0.00,0,2.00,1,243.69,0,1,3,java.lang.Object,0.00,3,0,2,0,3,1,0,0,61,0
"org.apache.lucene.index.TestIndexReaderReopen$TestReopen_4",2,0.00,1.00,6,0.09,2347.44,2,0,29,6,4,179.03,2,13,0,1,129.03,0.00,0.00,0.00,0,2.00,1,284.88,0,1,4,java.lang.Object,0.00,4,0,2,0,4,1,0,2,70,0
"org.apache.lucene.index.TestIndexReaderReopen$TestReopen_5",2,0.00,1.50,11,0.18,6587.91,2,0,29,7,4,117.13,1,17,0,1,117.13,0.00,0.00,0.00,0,2.00,2,547.87,0,1,4,java.lang.Object,0.00,5,0,3,0,5,1,0,1,121,0
"org.apache.lucene.index.TestIndexReaderReopen$TestReopen_6",2,0.00,2.00,16,0.23,8662.01,2,0,29,12,3,108.52,0,21,0,1,108.52,0.00,0.00,0.00,0,2.00,3,691.49,0,1,3,java.lang.Object,0.00,10,0,4,0,10,1,0,0,135,0
"org.apache.lucene.index.TestIndexReaderReopen$TestReopen_9",2,0.00,1.00,3,0.02,181.82,2,0,29,2,1,155.58,0,5,0,1,155.58,0.00,0.00,0.00,0,2.00,1,72.73,0,1,1,java.lang.Object,0.00,0,0,2,0,0,1,0,0,24,3
"org.apache.lucene.index.TestIndexSplitter",1,0.00,4.00,48,0.77,37989.13,1,0,7,25,10,92.52,3,44,0,3,71.90,0.00,0.67,0.00,0,0.00,4,2309.68,0,0,10,org.apache.lucene.util.LuceneTestCase,0.00,24,2,4,0,24,1,0,3,371,1
"org.apache.lucene.index.TestIndexWriterConfig",7,0.00,2.57,155,2.82,144008.70,7,0,17,91,15,107.36,26,185,0,2,86.74,0.00,0.50,0.00,0,7.00,5,8469.61,0,0,15,org.apache.lucene.util.LuceneTestCaseJ4,0.00,84,1,18,0,84,7,0,23,1423,1
"org.apache.lucene.index.TestIndexWriterConfig$MyIndexingChain",1,0.00,1.00,3,0.02,193.08,1,0,17,1,2,185.20,1,6,0,2,135.20,0.00,0.50,0.00,0,1.00,1,65.51,0,1,2,org.apache.lucene.index.DocumentsWriter.IndexingChain,0.00,0,1,1,0,0,0,0,1,20,3
"org.apache.lucene.index.TestIndexWriterConfig$MySimilarity",0,0.00,0.00,1,0.01,72.00,0,0,17,0,1,171.00,1,2,0,3,171.00,0.00,0.67,0.00,0,0.00,0,24.00,0,0,1,org.apache.lucene.search.DefaultSimilarity,0.00,0,2,0,0,0,0,0,1,8,3
"org.apache.lucene.index.TestIndexWriterConfig$MyWarmer",1,0.00,1.00,2,0.02,193.08,1,0,17,1,1,191.77,1,6,0,2,141.77,0.00,0.50,0.00,0,1.00,1,65.51,0,0,1,org.apache.lucene.index.IndexWriter.IndexReaderWarmer,0.00,0,1,1,0,0,1,0,1,20,3
"org.apache.lucene.index.TestIndexWriterDelete",18,0.00,3.44,451,6.72,449945.76,18,0,12,73,15,84.17,74,523,0,3,83.94,0.00,0.67,0.00,4,18.00,25,20163.81,0,1,15,org.apache.lucene.util.LuceneTestCase,0.00,55,2,62,0,55,17,0,71,3352,1
"org.apache.lucene.index.TestIndexWriterDelete$MockRAMDirectory.Failure",2,1.00,4.50,30,0.30,15542.90,4,2,12,7,1,96.15,1,35,0,1,96.15,0.00,0.00,1.00,0,0.00,8,885.47,0,1,1,java.lang.Object,0.00,5,0,9,0,5,1,0,1,176,0
"org.apache.lucene.index.TestIndexWriterDelete$MockRAMDirectory.Failure_0",2,0.00,1.50,9,0.08,1294.28,3,1,12,3,1,126.31,0,14,0,1,126.31,0.00,0.00,1.00,0,0.00,2,228.08,0,1,1,java.lang.Object,0.00,1,0,3,0,1,1,0,0,57,0
"org.apache.lucene.index.TestIndexWriterExceptions",2,0.00,5.50,62,0.99,46634.04,4,2,10,27,11,120.47,4,69,0,3,80.58,0.00,0.67,0.50,0,0.00,7,2960.95,0,0,11,org.apache.lucene.util.LuceneTestCase,0.00,25,2,11,0,25,2,0,4,492,1
"org.apache.lucene.index.TestIndexWriterExceptions$IndexerThread",2,0.33,3.50,47,0.94,68723.51,5,3,10,20,4,134.20,3,59,0,2,84.20,0.00,0.50,0.50,0,2.00,6,2832.03,0,0,4,org.apache.lucene.store.Thread,0.00,18,1,7,0,18,2,0,3,461,1
"org.apache.lucene.index.TestIndexWriterExceptions$MockIndexWriter",2,1.00,2.00,10,0.19,4202.23,3,1,10,9,3,118.60,1,16,0,2,118.60,0.00,0.50,0.50,0,2.00,3,555.12,0,0,3,org.apache.lucene.index.IndexWriter,0.00,7,1,4,0,7,2,0,1,115,1
"org.apache.lucene.index.TestIndexWriterLockRelease",3,1.00,4.33,32,0.56,22863.82,4,1,6,16,4,142.68,7,51,0,3,102.79,0.00,0.67,0.00,0,4.00,5,1692.58,2,0,4,org.apache.lucene.util.LuceneTestCase,0.40,13,2,13,0,13,3,0,1,326,1
"org.apache.lucene.index.TestIndexWriterMergePolicy",9,0.25,3.00,176,2.25,112811.03,10,1,9,50,12,130.66,23,187,0,3,90.78,0.00,0.67,0.78,2,0.00,7,6752.26,1,0,12,org.apache.lucene.util.LuceneTestCase,0.14,41,2,27,0,41,9,0,14,1212,1
"org.apache.lucene.index.TestIndexWriterMerging",3,0.00,2.67,48,0.64,21345.06,3,0,7,26,8,135.41,6,60,0,3,95.52,0.00,0.67,0.00,2,1.00,3,1933.77,0,0,8,org.apache.lucene.util.LuceneTestCase,0.00,23,2,8,0,23,3,0,3,359,1
"org.apache.lucene.index.TestIndexWriterReader",18,0.47,2.28,416,6.12,289045.66,19,1,23,88,20,107.51,62,447,3,3,86.90,0.00,0.67,0.56,3,0.00,7,18357.44,0,1,17,org.apache.lucene.util.LuceneTestCase,0.00,70,2,41,0,70,17,0,42,3160,1
"org.apache.lucene.index.TestIndexWriterReader$AddDirectoriesThreads",7,0.09,2.57,75,0.70,18651.59,18,11,23,28,7,106.50,0,77,0,1,106.50,0.00,0.00,0.17,0,26.00,5,2098.91,0,0,7,java.lang.Object,0.00,21,0,18,0,21,7,0,0,431,1
"org.apache.lucene.index.TestIndexWriterReader$AddDirectoriesThreads$Thread",1,0.00,4.00,15,0.12,4438.72,1,0,23,3,1,49.61,10,14,0,1,98.09,0.00,0.00,0.00,0,0.00,4,354.79,0,0,1,java.lang.Object,0.00,2,0,4,0,2,1,0,10,74,0
"org.apache.lucene.index.TestIndexWriterReader$AddDirectoriesThreads$Thread_0",1,0.00,4.00,15,0.12,4438.72,1,0,23,3,1,49.61,10,14,0,1,98.09,0.00,0.00,0.00,0,0.00,4,354.79,0,0,1,java.lang.Object,0.00,2,0,4,0,2,1,0,10,74,0
"org.apache.lucene.index.TestIndexWriterReader$DeleteThreads",5,0.04,1.80,41,0.38,9098.59,12,7,23,20,4,111.51,0,45,0,1,111.51,0.00,0.00,0.17,0,12.00,3,1148.96,0,1,4,java.lang.Object,0.00,15,0,9,0,15,4,0,0,249,1
"org.apache.lucene.index.TestIndexWriterReader$DeleteThreads$Thread",1,0.00,2.00,8,0.06,1296.00,1,0,23,3,1,112.64,0,13,0,1,112.64,0.00,0.00,0.00,0,0.00,2,193.47,0,0,1,java.lang.Object,0.00,2,0,2,0,2,1,0,0,45,0
"org.apache.lucene.index.TestIndexWriterReader$HeavyAtomicInt",4,0.00,1.00,12,0.06,783.61,5,1,23,4,0,135.15,0,17,0,1,135.15,0.00,0.00,1.00,0,0.00,1,183.68,0,0,0,java.lang.Object,0.00,0,0,4,0,0,4,0,0,56,2
"org.apache.lucene.index.TestIndexWriterReader$IndexWriter.IndexReaderWarmer",1,0.00,1.00,5,0.07,1155.55,1,0,23,6,5,120.81,0,6,0,1,120.81,0.00,0.00,0.00,0,1.00,1,219.97,0,0,5,java.lang.Object,0.00,5,0,1,0,5,1,0,0,49,0
"org.apache.lucene.index.TestIndexWriterReader$MyWarmer",1,0.00,1.00,4,0.04,404.10,2,1,23,1,1,128.02,0,7,0,2,128.02,0.00,0.50,1.00,0,0.00,1,107.30,0,0,1,IndexWriter.IndexReaderWarmer,0.00,0,1,1,0,0,1,0,0,29,2
"org.apache.lucene.index.TestIndexWriterReader$Thread_0",1,0.00,2.00,8,0.07,1663.30,1,0,23,5,0,111.79,0,12,0,1,111.79,0.00,0.00,0.00,0,1.00,2,217.22,0,0,0,java.lang.Object,0.00,4,0,2,0,4,1,0,0,48,0
"org.apache.lucene.index.TestIndexWriterReader$Thread_1",1,0.00,2.00,8,0.07,1663.30,1,0,23,5,0,111.79,0,12,0,1,111.79,0.00,0.00,0.00,0,1.00,2,217.22,0,0,0,java.lang.Object,0.00,4,0,2,0,4,1,0,0,48,0
"org.apache.lucene.index.TestIndexWriterReader$Thread_2",1,0.00,4.00,22,0.24,12118.98,1,0,23,10,1,88.45,0,22,0,1,88.45,0.00,0.00,0.00,0,1.00,4,713.48,0,0,1,java.lang.Object,0.00,9,0,4,0,9,1,0,0,129,0
"org.apache.lucene.index.TestLazyBug",5,0.10,2.40,60,0.89,37899.70,10,5,7,32,10,99.99,4,75,0,3,99.99,0.00,0.67,0.12,2,11.00,5,2668.44,1,1,10,org.apache.lucene.util.LuceneTestCase,0.00,27,2,12,0,27,4,0,1,470,1
"org.apache.lucene.index.TestLazyBug$FieldSelector",1,0.00,2.00,5,0.04,482.05,1,0,7,2,1,123.64,0,7,0,1,123.64,0.00,0.00,0.00,0,0.00,2,105.67,0,1,1,java.lang.Object,0.00,1,0,2,0,1,0,0,0,29,0
"org.apache.lucene.index.TestLazyProxSkipping",5,6.00,2.20,77,1.03,37886.01,11,6,12,30,17,136.28,14,77,1,3,96.40,0.00,0.67,0.00,3,5.00,4,3087.19,0,1,16,org.apache.lucene.util.LuceneTestCase,0.00,25,2,11,0,25,4,0,11,564,1
"org.apache.lucene.index.TestLazyProxSkipping$SeekCountingDirectory",1,0.00,2.00,6,0.06,1683.24,1,0,12,3,2,166.41,1,10,0,3,116.41,0.00,0.67,0.00,0,1.00,2,189.43,1,1,2,org.apache.lucene.store.RAMDirectory,0.00,2,2,2,0,2,0,0,1,45,1
"org.apache.lucene.index.TestLazyProxSkipping$SeeksCountingStream",8,1.00,1.00,19,0.21,3213.41,9,1,12,9,2,139.27,0,35,0,2,139.27,0.00,0.50,0.00,7,8.00,1,620.35,0,1,2,org.apache.lucene.store.IndexInput,0.52,1,1,8,0,1,7,0,0,163,0
"org.apache.lucene.index.TestMultiLevelSkipList",2,0.00,2.50,42,0.59,17249.68,3,1,14,26,17,42.37,16,44,1,3,90.47,0.00,0.67,1.00,1,0.00,3,1767.29,0,0,16,org.apache.lucene.util.LuceneTestCase,0.00,24,2,5,0,24,2,0,9,316,1
"org.apache.lucene.index.TestMultiLevelSkipList$CountingStream",8,1.00,1.00,20,0.22,3651.29,9,1,14,9,2,138.83,0,36,0,2,138.83,0.00,0.50,0.00,7,8.00,1,660.94,0,1,2,org.apache.lucene.store.IndexInput,0.52,1,1,8,0,1,7,0,0,171,0
"org.apache.lucene.index.TestMultiLevelSkipList$PayloadAnalyzer",1,0.00,1.00,3,0.03,408.46,1,0,14,3,3,132.64,0,6,0,2,132.64,0.00,0.50,0.00,0,1.00,1,103.65,0,1,3,org.apache.lucene.analysis.Analyzer,0.00,2,1,1,0,2,0,0,0,28,2
"org.apache.lucene.index.TestMultiLevelSkipList$PayloadFilter",2,0.50,1.50,11,0.11,2402.37,4,2,14,5,4,120.58,0,16,0,4,120.58,0.00,0.75,0.75,0,0.00,2,325.05,0,0,4,org.apache.lucene.analysis.TokenFilter,0.29,3,3,3,0,3,2,0,0,77,2
"org.apache.lucene.index.TestMultiPassIndexSplitter",4,0.58,1.75,96,1.43,91248.40,8,4,7,28,11,124.95,9,107,0,3,85.07,0.00,0.67,0.69,0,0.00,2,4285.58,2,0,11,org.apache.lucene.util.LuceneTestCase,0.38,24,2,7,0,24,4,0,5,753,1
"org.apache.lucene.index.TestMultiReader",2,0.00,1.00,17,0.19,8429.27,2,0,1,7,4,108.77,0,21,0,4,108.77,0.00,0.75,0.00,0,2.00,1,575.17,0,1,4,org.apache.lucene.index.TestDirectoryReader,0.16,5,3,2,0,5,1,0,0,121,1
"org.apache.lucene.index.TestNRTReaderWithThreads",1,2.00,6.00,46,0.59,39392.05,3,2,7,20,7,92.99,3,42,0,3,72.38,0.00,0.67,0.00,0,1.00,6,1772.62,0,0,7,org.apache.lucene.util.LuceneTestCase,0.00,19,2,6,0,19,1,0,3,305,1
"org.apache.lucene.index.TestNRTReaderWithThreads$RunThread",2,0.67,3.00,29,0.35,11211.49,8,6,7,11,5,148.47,3,37,0,2,98.47,0.00,0.50,0.50,0,2.00,5,1045.54,0,0,5,org.apache.lucene.store.Thread,0.00,9,1,6,0,9,2,0,3,196,1
"org.apache.lucene.index.TestNewestSegment",1,0.00,1.00,8,0.09,1536.72,1,0,4,8,4,112.22,0,10,0,3,112.22,0.00,0.67,0.00,0,0.00,1,261.63,1,0,4,org.apache.lucene.util.LuceneTestCase,0.00,7,2,1,0,7,1,0,0,59,1
"org.apache.lucene.index.TestNoDeletionPolicy",4,0.00,2.00,30,0.47,13248.80,4,0,15,29,9,151.48,11,40,0,2,111.60,0.00,0.50,0.00,0,4.00,3,1404.13,0,0,9,org.apache.lucene.util.LuceneTestCaseJ4,0.00,25,1,8,0,25,4,0,11,271,1
"org.apache.lucene.index.TestNoMergePolicy",4,0.00,1.75,24,0.37,10055.83,4,0,7,25,2,154.95,8,34,0,2,115.07,0.00,0.50,0.00,0,4.00,3,1116.77,0,0,2,org.apache.lucene.util.LuceneTestCaseJ4,0.00,21,1,7,0,21,4,0,8,239,1
"org.apache.lucene.index.TestNoMergeScheduler",3,0.00,2.00,15,0.24,6613.39,3,0,7,14,2,158.33,8,23,0,2,118.44,0.00,0.50,0.00,0,3.00,3,709.29,0,0,2,org.apache.lucene.util.LuceneTestCaseJ4,0.00,11,1,6,0,11,3,0,8,150,1
"org.apache.lucene.index.TestNorms",10,0.12,1.90,144,1.62,60685.47,18,8,14,43,11,138.19,22,146,0,3,98.31,0.00,0.67,0.24,7,18.00,4,4867.01,1,1,11,org.apache.lucene.util.LuceneTestCase,0.14,33,2,19,0,33,9,0,14,931,1
"org.apache.lucene.index.TestNorms$SimilarityOne",1,0.00,1.00,3,0.02,223.77,1,0,14,1,1,134.70,0,6,0,3,134.70,0.00,0.67,0.00,0,1.00,1,72.62,0,0,1,org.apache.lucene.search.DefaultSimilarity,0.00,0,2,1,0,0,1,0,0,21,1
"org.apache.lucene.index.TestOmitTf",6,0.00,2.50,173,2.51,100946.64,6,0,19,44,19,51.31,38,165,0,3,83.53,0.00,0.67,0.00,1,0.00,4,7534.68,0,0,19,org.apache.lucene.util.LuceneTestCase,0.00,38,2,15,0,38,6,0,36,1251,1
"org.apache.lucene.index.TestOmitTf$CountingHitCollector",2,1.00,1.00,8,0.08,1498.24,3,1,19,4,1,125.91,1,12,0,1,125.91,0.00,0.00,0.50,0,2.00,1,238.89,1,0,1,java.lang.Object,0.00,2,0,2,0,2,2,0,1,59,0
"org.apache.lucene.index.TestOmitTf$CountingHitCollector_0",2,1.00,1.00,8,0.08,1762.03,3,1,19,4,1,125.35,1,12,0,1,125.35,0.00,0.00,0.50,0,2.00,1,250.05,1,0,1,java.lang.Object,0.00,2,0,2,0,2,2,0,1,61,0
"org.apache.lucene.index.TestOmitTf$CountingHitCollector_1",2,1.00,1.00,9,0.09,1939.78,3,1,19,5,1,125.02,1,13,0,1,125.02,0.00,0.00,0.50,0,2.00,1,284.44,1,0,1,java.lang.Object,0.00,3,0,2,0,3,2,0,1,67,0
"org.apache.lucene.index.TestOmitTf$CountingHitCollector_2",2,1.00,1.00,9,0.09,2026.63,3,1,19,4,1,124.87,1,13,0,1,124.87,0.00,0.00,0.50,0,2.00,1,282.12,1,0,1,java.lang.Object,0.00,2,0,2,0,2,2,0,1,67,0
"org.apache.lucene.index.TestOmitTf$CountingHitCollector_3",1,0.00,1.00,3,0.03,436.18,1,0,19,1,0,182.42,1,5,0,1,132.42,0.00,0.00,0.00,0,1.00,1,82.23,1,0,0,java.lang.Object,0.00,0,0,1,0,0,1,0,1,23,0
"org.apache.lucene.index.TestOmitTf$CountingHitCollector_4",7,0.00,1.00,19,0.15,2065.29,10,3,19,7,3,140.32,1,23,0,2,140.32,0.00,0.50,0.33,0,7.00,1,444.54,0,0,3,org.apache.lucene.search.Collector,0.36,0,1,7,0,0,7,0,1,120,2
"org.apache.lucene.index.TestOmitTf$SimpleSimilarity",7,0.00,1.00,15,0.13,1644.94,7,0,19,8,2,141.10,0,11,0,2,141.10,0.00,0.50,0.00,0,7.00,1,401.77,0,1,2,org.apache.lucene.search.Similarity,0.40,1,1,7,0,1,6,0,0,110,2
"org.apache.lucene.index.TestOmitTf$SimpleSimilarity$IDFExplanation",2,0.00,1.00,5,0.03,286.06,2,0,19,2,0,142.80,0,9,0,1,142.80,0.00,0.00,0.00,0,2.00,1,81.08,0,1,0,java.lang.Object,0.00,0,0,2,0,0,1,0,0,26,0
"org.apache.lucene.index.TestParallelReader",13,0.38,1.23,194,3.19,121876.29,15,2,18,62,19,96.92,11,207,0,3,96.92,0.00,0.67,0.15,3,46.00,2,9576.47,1,4,19,org.apache.lucene.util.LuceneTestCase,0.12,49,2,16,0,49,9,0,11,1832,1
"org.apache.lucene.index.TestParallelReaderEmptyIndex",2,0.00,1.00,51,0.75,30418.02,2,0,12,20,10,35.92,19,66,0,3,85.92,0.00,0.67,0.00,0,2.00,1,2249.29,0,0,10,org.apache.lucene.util.LuceneTestCase,0.00,18,2,2,0,18,2,0,6,415,1
"org.apache.lucene.index.TestParallelTermEnum",3,0.25,1.00,131,2.00,194504.40,5,2,8,26,10,72.18,0,141,0,3,72.18,0.00,0.67,0.67,0,1.00,1,5997.52,2,0,10,org.apache.lucene.util.LuceneTestCase,0.40,23,2,3,0,23,3,0,0,1092,1
"org.apache.lucene.index.TestPayloadProcessorProvider",8,0.57,2.38,106,1.50,75572.78,9,1,19,41,14,147.94,10,127,0,2,97.94,0.00,0.50,0.50,4,8.00,7,4498.74,0,1,14,org.apache.lucene.util.LuceneTestCaseJ4,0.00,33,1,19,0,33,7,0,10,823,1
"org.apache.lucene.index.TestPayloadProcessorProvider$DeletePayloadProcessor",2,0.00,1.00,5,0.05,771.74,2,0,19,2,0,139.40,0,10,0,2,139.40,0.00,0.50,0.00,0,2.00,1,154.60,0,0,0,org.apache.lucene.index.PayloadProcessorProvider.PayloadProcessor,0.00,0,1,2,0,0,2,0,0,42,3
"org.apache.lucene.index.TestPayloadProcessorProvider$PayloadTokenStream",3,0.38,1.33,19,0.19,3740.36,7,4,19,7,4,117.53,0,26,0,3,117.53,0.00,0.67,0.50,0,1.00,2,569.74,1,0,4,org.apache.lucene.analysis.TokenStream,0.55,4,2,4,0,4,3,0,0,129,3
"org.apache.lucene.index.TestPayloadProcessorProvider$PerDirPayloadProcessor",2,1.00,1.00,6,0.07,1003.77,3,1,19,3,2,131.94,0,10,0,2,131.94,0.00,0.50,0.50,0,2.00,1,203.33,0,1,2,org.apache.lucene.index.PayloadProcessorProvider,0.00,1,1,2,0,1,1,0,0,52,3
"org.apache.lucene.index.TestPayloadProcessorProvider$PerTermPayloadProcessor",1,0.00,2.00,5,0.07,1602.33,1,0,19,5,1,159.42,2,9,0,2,119.53,0.00,0.50,0.00,0,1.00,2,219.04,0,1,1,org.apache.lucene.index.PayloadProcessorProvider.DirPayloadProcessor,0.00,4,1,2,0,4,0,0,2,50,3
"org.apache.lucene.index.TestPayloads",8,0.57,3.50,236,3.55,375519.27,9,1,24,55,21,37.08,57,225,0,3,79.37,0.00,0.67,0.50,4,8.00,11,10662.40,0,1,21,org.apache.lucene.util.LuceneTestCase,0.00,47,2,28,0,47,7,0,46,1771,1
"org.apache.lucene.index.TestPayloads$PayloadAnalyzer",4,0.33,2.75,56,0.73,28622.08,5,1,24,31,10,97.66,3,61,0,2,97.66,0.00,0.50,0.75,0,0.00,6,2199.68,0,1,10,org.apache.lucene.analysis.Analyzer,0.00,27,1,11,0,27,3,0,1,405,2
"org.apache.lucene.index.TestPayloads$PayloadAnalyzer$ByteArrayPool",5,0.00,1.40,22,0.21,4615.17,7,2,24,13,1,125.11,0,28,0,1,125.11,0.00,0.00,0.50,0,0.00,2,627.59,0,1,1,java.lang.Object,0.00,8,0,7,0,8,4,0,0,151,2
"org.apache.lucene.index.TestPayloads$PayloadAnalyzer$PayloadData",1,3.00,1.00,10,0.07,1213.84,5,4,24,1,0,109.41,0,12,0,1,109.41,0.00,0.00,0.25,0,0.00,1,217.94,0,0,0,java.lang.Object,0.00,0,0,1,0,0,1,0,0,57,2
"org.apache.lucene.index.TestPayloads$PayloadAnalyzer$PayloadFilter",2,0.60,2.50,25,0.24,9458.34,7,5,24,6,4,101.60,0,32,0,4,101.60,0.00,0.75,0.50,0,0.00,4,729.03,0,0,4,org.apache.lucene.analysis.TokenFilter,0.29,4,3,5,0,4,2,0,0,156,2
"org.apache.lucene.index.TestPayloads$PayloadAnalyzer$PoolingPayloadTokenStream",3,0.75,1.33,23,0.21,2994.63,9,6,24,10,3,115.79,0,29,0,3,115.79,0.00,0.67,0.67,0,0.00,2,618.47,0,0,3,org.apache.lucene.analysis.TokenStream,0.55,7,2,4,0,7,3,0,0,140,1
"org.apache.lucene.index.TestPayloads$PayloadAnalyzer$Thread",1,0.00,3.00,12,0.12,3071.62,1,0,24,9,2,103.03,0,14,0,1,103.03,0.00,0.00,0.00,0,1.00,3,348.86,0,0,2,java.lang.Object,0.00,8,0,3,0,8,1,0,0,71,0
"org.apache.lucene.index.TestPersistentSnapshotDeletionPolicy",11,0.20,1.36,76,1.09,27495.54,12,1,11,33,8,165.14,11,121,0,3,115.14,0.00,0.67,0.82,1,0.00,3,3284.27,4,2,8,org.apache.lucene.index.TestSnapshotDeletionPolicy,0.29,22,2,15,0,22,9,0,11,654,1
"org.apache.lucene.index.TestPositionBasedTermVectorMapper",3,0.50,3.00,67,1.17,90507.19,7,4,5,22,3,125.28,7,68,0,3,85.40,0.00,0.67,0.58,0,1.00,4,3509.60,1,0,3,org.apache.lucene.util.LuceneTestCase,0.20,19,2,9,0,19,3,0,7,608,1
"org.apache.lucene.index.TestRollback",1,0.00,3.00,29,0.46,15030.53,1,0,8,22,9,123.19,2,27,0,3,83.30,0.00,0.67,0.00,0,0.00,3,1379.10,1,0,9,org.apache.lucene.util.LuceneTestCase,0.00,21,2,3,0,21,1,0,2,230,1
"org.apache.lucene.index.TestSegmentMerger",4,0.54,1.25,64,1.00,47950.76,12,8,6,29,13,133.80,9,68,0,3,93.91,0.00,0.67,0.53,0,0.00,2,3003.63,1,0,13,org.apache.lucene.util.LuceneTestCase,0.19,25,2,5,0,25,4,0,9,524,1
"org.apache.lucene.index.TestSegmentReader",10,0.11,1.90,127,1.91,87111.32,13,3,9,66,16,149.57,18,131,2,3,99.57,0.00,0.67,0.43,1,0.00,5,5736.00,1,0,14,org.apache.lucene.util.LuceneTestCase,0.14,56,2,19,0,56,10,0,9,1082,1
"org.apache.lucene.index.TestSegmentTermDocs",11,0.10,1.36,164,2.25,170068.75,14,3,8,45,15,145.19,13,176,0,3,95.19,0.00,0.67,0.24,3,32.00,4,6758.26,1,0,15,org.apache.lucene.util.LuceneTestCase,0.13,34,2,15,0,34,11,0,13,1189,1
"org.apache.lucene.index.TestSegmentTermEnum",4,0.67,1.25,53,0.69,19178.67,5,1,8,30,13,121.03,15,62,0,3,100.41,0.00,0.67,0.50,2,4.00,2,2074.78,0,0,13,org.apache.lucene.util.LuceneTestCase,0.00,26,2,5,0,26,4,0,15,415,1
"org.apache.lucene.index.TestSnapshotDeletionPolicy",20,0.16,1.70,217,2.77,88117.48,23,3,24,76,18,125.49,64,264,1,2,104.88,1.00,0.33,0.18,9,56.00,5,8302.84,1,3,17,org.apache.lucene.util.LuceneTestCaseJ4,0.00,56,1,34,1,56,17,0,59,1569,1
"org.apache.lucene.index.TestSnapshotDeletionPolicy$Thread",1,0.00,6.00,21,0.27,10543.91,1,0,24,12,3,89.59,0,28,0,1,89.59,0.00,0.00,0.00,0,1.00,6,805.43,0,0,3,java.lang.Object,0.00,11,0,6,0,11,1,0,0,139,0
"org.apache.lucene.index.TestSnapshotDeletionPolicy$Thread_0",1,0.00,2.00,7,0.06,1153.33,1,0,24,7,1,115.20,0,11,0,1,115.20,0.00,0.00,0.00,0,1.00,2,193.47,0,0,1,java.lang.Object,0.00,6,0,2,0,6,1,0,0,45,0
"org.apache.lucene.index.TestStressIndexing",2,0.00,2.50,46,0.54,25365.60,4,2,9,18,8,39.58,17,44,0,3,87.68,0.00,0.67,0.50,1,2.00,4,1620.13,0,0,8,org.apache.lucene.util.LuceneTestCase,0.00,16,2,5,0,16,2,0,11,305,1
"org.apache.lucene.index.TestStressIndexing$IndexerThread",2,0.00,2.00,24,0.30,10454.48,5,3,9,10,5,151.30,2,24,0,2,101.30,0.00,0.50,0.33,0,2.00,3,893.11,0,0,5,org.apache.lucene.index.TimedThread,0.00,8,1,4,0,8,2,0,2,170,1
"org.apache.lucene.index.TestStressIndexing$SearcherThread",2,1.00,1.50,12,0.10,1959.58,3,1,9,2,1,118.33,0,13,0,2,118.33,0.00,0.50,0.00,0,2.00,2,286.12,0,0,1,org.apache.lucene.index.TimedThread,0.00,0,1,3,0,0,2,0,0,68,2
"org.apache.lucene.index.TestStressIndexing$TimedThread",4,0.08,2.00,23,0.27,8375.55,8,4,9,8,0,118.62,0,31,0,2,118.62,0.00,0.50,0.31,2,4.00,3,805.16,0,0,0,org.apache.lucene.index.Thread,0.00,4,1,8,0,4,4,0,0,170,3
"org.apache.lucene.index.TestStressIndexing2",11,0.01,5.36,333,4.65,518071.22,20,9,11,84,17,99.33,39,325,0,3,78.72,0.00,0.67,0.12,4,31.00,23,13935.86,0,2,17,org.apache.lucene.util.LuceneTestCase,0.00,73,2,59,0,73,9,0,34,2331,1
"org.apache.lucene.index.TestStressIndexing2$Comparator",1,0.00,1.00,3,0.04,531.70,1,0,11,3,1,131.74,0,4,0,1,131.74,0.00,0.00,0.00,0,1.00,1,114.61,0,0,1,java.lang.Object,0.00,2,0,1,0,2,1,0,0,32,0
"org.apache.lucene.index.TestStressIndexing2$Comparator<Fieldable>",1,0.00,1.00,3,0.03,432.92,1,0,22,3,1,132.44,0,4,0,1,132.44,0.00,0.00,0.00,0,1.00,1,101.06,0,0,1,java.lang.Object,0.00,2,0,1,0,2,1,0,0,29,0
"org.apache.lucene.index.TestStressIndexing2$DocsAndWriter",0,0.00,0.00,3,0.02,116.27,2,2,11,0,1,171.00,0,4,0,1,171.00,0.00,0.00,0.00,0,0.00,0,46.51,0,0,1,java.lang.Object,0.00,0,0,0,0,0,0,0,0,14,2
"org.apache.lucene.index.TestStressIndexing2$IndexingThread",10,0.13,4.00,119,1.79,133502.82,17,7,11,36,5,149.35,10,147,0,2,99.35,0.00,0.50,0.26,5,18.00,14,5366.50,0,3,5,org.apache.lucene.index.Thread,0.00,26,1,40,0,26,7,0,10,977,2
"org.apache.lucene.index.TestStressIndexing2$MockIndexWriter",2,0.00,1.50,6,0.07,901.59,2,0,11,3,2,132.21,1,11,0,2,132.21,0.00,0.50,0.00,0,2.00,2,223.79,0,0,2,org.apache.lucene.index.IndexWriter,0.00,1,1,3,0,1,2,0,1,55,1
"org.apache.lucene.index.TestTerm",1,0.00,1.00,12,0.13,4439.98,1,0,1,5,2,102.02,0,14,0,3,102.02,0.00,0.67,0.00,0,1.00,1,400.01,0,0,2,org.apache.lucene.util.LuceneTestCase,0.00,4,2,1,0,4,1,0,0,91,1
"org.apache.lucene.index.TestTermVectorAccessor",1,0.00,2.00,63,1.53,183115.53,1,0,7,21,10,42.14,14,63,0,3,62.28,0.00,0.67,0.00,0,0.00,2,4588.99,1,0,10,org.apache.lucene.util.LuceneTestCase,0.00,20,2,2,0,20,1,0,1,738,1
"org.apache.lucene.index.TestTermVectorsReader",8,0.39,4.62,272,4.30,407798.35,19,11,16,57,21,76.69,37,261,0,3,76.45,0.00,0.67,0.43,0,0.00,11,12890.88,1,0,21,org.apache.lucene.util.LuceneTestCase,0.15,49,2,37,0,49,8,0,31,2149,1
"org.apache.lucene.index.TestTermVectorsReader$DocNumAwareMapper",5,0.50,1.40,13,0.14,2304.52,6,1,16,6,2,138.72,0,24,0,2,138.72,0.00,0.50,0.60,0,2.00,2,425.24,0,0,2,org.apache.lucene.index.TermVectorMapper,0.17,1,1,7,0,1,5,0,0,103,2
"org.apache.lucene.index.TestTermVectorsReader$MyAnalyzer",1,0.00,1.00,3,0.03,292.54,1,0,16,2,2,133.78,0,6,0,2,133.78,0.00,0.50,0.00,0,1.00,1,81.93,0,1,2,org.apache.lucene.analysis.Analyzer,0.00,1,1,1,0,1,0,0,0,23,1
"org.apache.lucene.index.TestTermVectorsReader$MyTokenStream",2,1.25,2.00,19,0.22,7299.18,6,4,16,5,3,107.19,0,27,0,3,107.19,0.00,0.67,0.88,0,0.00,3,648.51,0,0,3,org.apache.lucene.analysis.TokenStream,0.30,3,2,4,0,3,2,0,0,136,1
"org.apache.lucene.index.TestTermVectorsReader$TestToken",1,3.00,1.00,7,0.05,734.78,5,4,16,1,0,116.91,0,9,0,1,116.91,0.00,0.00,0.25,0,0.00,1,151.77,0,0,0,java.lang.Object,0.00,0,0,1,0,0,1,1,0,40,1
"org.apache.lucene.index.TestTermdocPerf",3,0.00,2.00,39,0.58,22555.84,3,0,11,23,13,98.76,2,40,0,3,98.76,0.00,0.67,0.00,1,3.00,3,1740.14,1,0,13,org.apache.lucene.util.LuceneTestCase,0.00,20,2,6,0,20,3,0,2,308,1
"org.apache.lucene.index.TestTermdocPerf$Analyzer",1,0.00,2.00,4,0.07,1602.03,1,0,11,3,1,123.15,0,7,0,1,123.15,0.00,0.00,0.00,0,1.00,2,209.91,0,1,1,java.lang.Object,0.00,2,0,2,0,2,0,0,0,46,0
"org.apache.lucene.index.TestThreadedOptimize",3,0.20,3.33,69,0.96,55457.99,8,5,12,32,15,106.94,9,63,0,3,86.33,0.00,0.67,0.33,1,1.00,7,2886.82,0,0,15,org.apache.lucene.util.LuceneTestCase,0.00,29,2,10,0,29,3,0,6,486,1
"org.apache.lucene.index.TestThreadedOptimize$Thread",1,0.00,5.00,25,0.39,18048.69,1,0,12,12,3,84.97,0,22,0,1,84.97,0.00,0.00,0.00,0,1.00,5,1171.66,0,0,3,java.lang.Object,0.00,11,0,5,0,11,1,0,0,201,0
"org.apache.lucene.index.TestTransactionRollback",5,0.12,3.20,71,0.96,31201.05,7,2,14,40,10,80.22,29,80,0,3,98.09,0.00,0.67,0.60,2,0.00,5,2871.86,1,0,10,org.apache.lucene.util.LuceneTestCase,0.18,35,2,16,0,35,5,0,10,526,1
"org.apache.lucene.index.TestTransactionRollback$DeleteLastCommitPolicy",2,0.00,1.00,4,0.05,520.82,2,0,14,5,2,140.75,0,6,0,1,140.75,0.00,0.00,0.00,0,2.00,1,146.41,0,0,2,java.lang.Object,0.00,3,0,2,0,3,2,1,0,40,0
"org.apache.lucene.index.TestTransactionRollback$KeepAllDeletionPolicy",2,0.00,1.00,3,0.02,131.53,2,0,14,2,1,156.68,0,4,0,1,156.68,0.00,0.00,0.00,0,2.00,1,68.67,0,0,1,java.lang.Object,0.00,0,0,2,0,0,2,1,0,23,0
"org.apache.lucene.index.TestTransactionRollback$RollbackDeletionPolicy",3,1.00,2.00,18,0.21,4628.50,4,1,14,11,2,116.94,12,22,0,1,116.71,0.00,0.00,0.33,0,4.00,4,628.54,0,0,2,java.lang.Object,0.00,8,0,6,0,8,3,1,4,129,0
"org.apache.lucene.index.TestTransactions",2,0.00,2.50,49,0.57,25177.26,4,2,6,19,10,87.02,0,46,2,3,87.02,0.00,0.67,0.50,1,0.00,3,1720.42,0,0,8,org.apache.lucene.util.LuceneTestCase,0.00,17,2,5,0,17,2,0,0,326,1
"org.apache.lucene.index.TestTransactions$IndexerThread",3,0.12,2.33,56,0.66,28126.65,7,4,6,21,9,142.70,4,64,0,2,92.70,0.00,0.50,0.33,1,5.00,3,1972.58,0,0,9,org.apache.lucene.index.TimedThread,0.00,18,1,7,0,18,3,0,4,372,1
"org.apache.lucene.index.TestTransactions$RandomFailure",1,0.00,2.00,3,0.06,1188.11,1,0,6,2,2,128.83,0,7,0,2,128.83,0.00,0.50,0.00,0,0.00,2,174.41,0,0,2,MockRAMDirectory.Failure,0.00,1,1,2,0,1,1,0,0,40,1
"org.apache.lucene.index.TestTransactions$SearcherThread",2,0.33,1.50,17,0.20,6457.08,5,3,6,6,2,109.59,0,23,0,2,109.59,0.00,0.50,0.50,0,2.00,2,588.63,0,0,2,org.apache.lucene.index.TimedThread,0.00,4,1,3,0,4,2,0,0,130,2
"org.apache.lucene.index.TestTransactions$TimedThread",4,0.00,2.00,20,0.25,7677.82,7,3,6,8,0,118.91,0,28,0,2,118.91,0.00,0.50,0.33,2,4.00,3,756.23,0,0,0,org.apache.lucene.store.Thread,0.00,4,1,8,0,4,4,0,0,162,3
"org.apache.lucene.index.TestWordlistLoader",3,0.00,1.00,19,0.21,3394.92,3,0,6,11,2,117.93,2,23,0,3,117.93,0.00,0.67,0.00,1,3.00,1,633.73,0,0,2,org.apache.lucene.util.LuceneTestCase,0.00,8,2,3,0,8,3,0,2,145,1
"org.apache.solr.core.AbstractSolrEventListener",6,0.50,1.17,21,0.17,3895.11,8,2,3,12,7,170.91,12,29,2,1,131.02,0.00,0.00,0.08,0,10.00,2,524.69,0,2,5,java.lang.Object,0.00,6,0,7,2,6,4,1,2,134,0
"org.apache.solr.core.AlternateDirectoryTest",3,0.00,1.00,8,0.05,362.84,3,0,4,4,2,193.37,5,12,0,4,143.37,0.00,0.75,0.00,0,3.00,1,135.81,0,2,2,org.apache.solr.util.AbstractSolrTestCase,0.19,1,3,3,0,1,1,0,1,42,1
"org.apache.solr.core.AlternateDirectoryTest$TestFSDirectoryFactory",1,0.00,1.00,5,0.05,769.91,2,1,4,3,2,122.20,0,7,0,2,122.20,0.00,0.50,1.00,0,0.00,1,147.79,0,1,2,org.apache.solr.core.DirectoryFactory,0.00,2,1,1,0,2,0,0,0,38,2
"org.apache.solr.core.AlternateIndexReaderTest",3,0.00,1.00,8,0.05,362.84,3,0,4,4,3,193.37,5,12,0,4,143.37,0.00,0.75,0.00,0,3.00,1,135.81,0,2,3,org.apache.solr.util.AbstractSolrTestCase,0.19,1,3,3,0,1,1,0,1,42,1
"org.apache.solr.core.AlternateIndexReaderTest$TestIndexReaderFactory",2,1.00,1.00,8,0.08,1155.94,3,1,4,3,3,126.79,0,12,0,2,126.79,0.00,0.50,0.00,0,2.00,1,246.31,0,2,3,org.apache.solr.core.IndexReaderFactory,0.00,1,1,2,0,1,0,0,0,61,2
"org.apache.solr.core.CloseHook",1,0.00,1.00,2,0.01,30.51,1,0,0,1,2,148.79,36,3,2,1,148.08,0.00,0.00,0.00,0,1.00,1,25.51,0,0,1,,0.00,0,0,1,0,0,1,0,3,11,1
"org.apache.solr.core.ClosingRequestHandler",1,1.00,1.00,4,0.03,270.16,2,1,10,3,12,129.39,0,6,1,3,129.39,0.00,0.67,0.00,0,1.00,1,90.05,0,0,11,org.apache.solr.core.EmptyRequestHandler,0.00,2,2,1,0,2,1,1,0,26,0
"org.apache.solr.core.ClosingRequestHandler$CloseHook",1,0.00,1.00,3,0.02,107.13,1,0,10,1,1,137.22,0,4,0,1,137.22,0.00,0.00,0.00,0,0.00,1,46.05,0,0,1,java.lang.Object,0.00,0,0,1,0,0,1,0,0,15,0
"org.apache.solr.core.Config",31,0.03,1.77,133,1.89,73802.98,38,7,22,71,20,161.70,69,203,16,1,121.82,0.00,0.00,0.12,4,356.00,9,5673.82,0,20,4,java.lang.Object,0.00,40,0,55,1,40,11,0,18,1160,1
"org.apache.solr.core.CoreContainer",40,0.02,2.92,383,5.65,325019.80,62,22,22,152,23,124.98,135,517,14,1,104.37,0.00,0.00,0.06,10,688.00,20,16960.52,1,14,12,java.lang.Object,0.00,112,0,117,0,112,26,0,51,3022,1
"org.apache.solr.core.CoreContainer$Initializer",5,0.12,1.40,28,0.32,11071.69,7,2,22,14,2,168.51,8,38,0,1,118.51,0.00,0.00,0.40,1,6.00,3,946.93,0,1,2,java.lang.Object,0.00,9,0,7,0,9,4,0,4,192,2
"org.apache.solr.core.CoreDescriptor",19,0.04,1.53,81,0.76,19006.44,27,8,2,31,9,174.82,23,110,8,1,124.82,0.00,0.00,0.09,1,123.00,4,2272.78,0,12,2,java.lang.Object,0.00,12,0,29,0,12,7,0,12,540,1
"org.apache.solr.core.Deprecated",5,0.00,1.00,11,0.11,992.13,5,0,0,5,1,191.68,5,17,0,3,141.68,0.00,0.67,0.00,0,5.00,1,334.37,0,0,1,org.apache.solr.common.SolrException,0.00,0,2,5,0,0,5,0,1,94,1
"org.apache.solr.core.DirectoryFactory",3,0.00,1.00,6,0.05,630.48,3,0,5,5,9,162.10,10,9,6,1,141.48,0.00,0.00,0.00,0,3.00,1,154.57,0,1,3,java.lang.Object,0.00,2,0,3,3,2,2,1,3,45,2
"org.apache.solr.core.DummyValueSourceParser",2,1.00,1.00,8,0.06,874.51,3,1,7,4,8,167.63,4,11,1,2,127.75,0.00,0.50,0.00,0,2.00,1,177.51,0,1,7,org.apache.solr.search.ValueSourceParser,0.00,2,1,2,0,2,1,0,1,48,1
"org.apache.solr.core.DummyValueSourceParser$SimpleFloatFunction",2,0.00,1.00,6,0.03,320.13,2,0,7,2,0,135.84,0,8,0,1,135.84,0.00,0.00,0.00,0,2.00,1,100.33,0,1,0,java.lang.Object,0.00,0,0,2,0,0,1,0,0,30,0
"org.apache.solr.core.EmptyRequestHandler",5,0.00,1.00,10,0.07,711.24,5,0,10,5,10,142.82,1,10,2,2,142.82,1.00,0.33,0.00,0,5.00,1,209.58,0,4,8,org.apache.solr.handler.RequestHandlerBase,0.47,0,1,5,1,0,1,0,1,63,0
"org.apache.solr.core.FakeDeletionPolicy",5,0.12,1.00,14,0.11,1161.97,7,2,5,7,4,191.14,6,20,1,1,141.14,0.00,0.00,0.40,0,6.00,1,341.96,0,2,3,java.lang.Object,0.00,2,0,5,0,2,3,2,4,92,1
"org.apache.solr.core.IndexDeletionPolicyWrapper",13,0.02,1.77,64,0.72,21491.14,18,5,7,33,9,123.30,52,77,6,1,123.07,0.00,0.00,0.18,3,98.00,3,2158.40,0,5,3,java.lang.Object,0.00,20,0,23,0,20,8,1,16,480,1
"org.apache.solr.core.IndexDeletionPolicyWrapper$IndexCommitWrapper",13,0.08,1.15,32,0.30,5664.06,14,1,7,26,2,138.95,0,58,0,2,138.95,0.00,0.50,0.92,0,0.00,3,899.43,0,4,2,org.apache.lucene.index.IndexCommit,0.88,13,1,15,0,13,9,0,0,238,1
"org.apache.solr.core.IndexReaderFactory",3,0.50,1.33,9,0.08,1093.06,4,1,5,5,10,84.86,26,14,6,1,132.96,0.00,0.00,0.67,0,1.00,2,250.51,0,1,4,java.lang.Object,0.00,2,0,4,2,2,2,1,5,65,2
"org.apache.solr.core.IndexReaderFactoryTest",3,0.00,1.00,10,0.10,1653.22,3,0,4,8,4,181.62,5,14,0,4,131.62,0.00,0.75,0.00,0,4.00,1,286.98,0,2,4,org.apache.solr.util.AbstractSolrTestCase,0.19,5,3,3,0,5,1,0,1,68,1
"org.apache.solr.core.JmxMonitoredMap",6,0.27,4.17,66,1.06,54452.82,9,3,12,30,5,58.37,42,108,2,2,100.66,0.00,0.50,0.56,2,0.00,9,3169.28,3,3,3,java.util.concurrent.ConcurrentHashMap,0.00,24,1,25,0,24,3,0,10,587,1
"org.apache.solr.core.JmxMonitoredMap$SolrDynamicMBean",7,0.17,2.43,55,0.82,41307.42,9,2,12,36,2,109.58,1,84,0,1,109.58,0.00,0.00,0.36,0,11.00,6,2455.84,0,5,2,java.lang.Object,0.00,29,0,17,0,29,2,1,1,472,1
"org.apache.solr.core.MockQuerySenderListenerReqHandler",5,2.00,1.00,18,0.11,1426.78,7,2,3,5,4,133.87,4,24,1,2,133.87,0.00,0.50,0.00,0,5.00,1,317.95,0,4,3,org.apache.solr.handler.RequestHandlerBase,0.47,0,1,5,0,0,1,0,1,91,1
"org.apache.solr.core.PluginInfo",8,0.12,3.00,55,0.98,32677.76,16,8,7,34,12,163.28,9,63,10,1,113.28,0.00,0.00,0.23,1,18.00,6,2954.18,0,4,2,java.lang.Object,0.00,26,0,24,0,26,4,0,3,585,1
"org.apache.solr.core.QuerySenderListener",2,0.00,3.50,28,0.36,17025.40,2,0,8,14,10,97.25,9,31,1,2,97.01,0.00,0.50,0.00,0,2.00,6,1084.98,1,0,9,org.apache.solr.core.AbstractSolrEventListener,0.00,12,1,7,0,12,2,0,7,187,0
"org.apache.solr.core.QuerySenderListener$LocalSolrQueryRequest",2,0.00,1.00,4,0.02,220.18,2,0,8,2,1,143.69,0,3,0,1,143.69,0.00,0.00,0.00,0,2.00,1,74.51,0,1,1,java.lang.Object,0.00,0,0,2,0,0,1,0,0,25,0
"org.apache.solr.core.RAMDirectoryFactory",3,0.50,2.00,28,0.30,9411.10,4,1,5,11,5,147.60,6,38,2,3,107.71,0.00,0.67,0.67,1,1.00,2,891.00,1,2,3,org.apache.solr.core.StandardDirectoryFactory,0.00,8,2,6,0,8,1,0,2,188,1
"org.apache.solr.core.RAMDirectoryFactoryTest",2,0.00,1.00,13,0.14,3286.72,2,0,6,8,5,166.65,3,19,0,3,116.65,0.00,0.67,0.00,0,2.00,1,423.06,0,0,5,org.apache.lucene.util.LuceneTestCase,0.00,6,2,2,0,6,2,0,1,94,1
"org.apache.solr.core.RAMDirectoryFactoryTest$RAMDirectoryFactory",1,0.00,1.00,3,0.02,189.62,1,0,6,1,1,135.26,0,5,0,1,135.26,0.00,0.00,0.00,0,1.00,1,59.81,0,1,1,java.lang.Object,0.00,0,0,1,0,0,0,0,0,18,0
"org.apache.solr.core.RefCntRamDirectory",6,0.60,1.50,23,0.17,2733.95,7,1,5,13,5,132.17,0,32,2,3,132.17,0.00,0.67,0.50,1,10.00,3,498.31,2,0,3,org.apache.lucene.store.RAMDirectory,0.08,7,2,9,0,7,6,0,0,128,1
"org.apache.solr.core.RequestHandlers",7,0.00,3.29,63,1.07,59383.94,11,4,15,40,11,54.20,69,86,1,1,104.19,0.00,0.00,0.25,3,11.00,11,3211.98,0,5,11,java.lang.Object,0.00,33,0,23,0,33,2,0,10,586,1
"org.apache.solr.core.RequestHandlers$LazyRequestHandlerWrapper",13,0.06,1.77,61,0.51,12327.21,17,4,15,26,9,124.97,9,93,0,1,124.97,0.00,0.00,0.31,1,0.00,4,1519.27,0,9,9,java.lang.Object,0.00,13,0,23,0,13,4,2,5,361,3
"org.apache.solr.core.RequestHandlersTest",4,0.00,1.00,27,0.32,5111.77,4,0,3,10,4,117.51,3,44,0,4,117.51,0.00,0.75,0.00,0,4.00,1,962.35,4,2,4,org.apache.solr.util.AbstractSolrTestCase,0.18,6,3,4,0,6,2,0,3,191,1
"org.apache.solr.core.ResourceLoaderTest",4,0.00,2.50,50,0.75,33663.43,4,0,15,25,10,139.51,11,75,0,3,99.62,0.00,0.67,0.00,0,4.00,5,2262.70,0,0,10,org.apache.lucene.util.LuceneTestCase,0.00,21,2,10,0,21,4,0,11,428,1
"org.apache.solr.core.RunExecutableListener",5,0.20,2.80,45,0.63,24295.50,10,5,7,21,5,126.75,15,60,0,2,106.14,0.00,0.50,0.36,1,7.00,6,1892.81,1,0,5,org.apache.solr.core.AbstractSolrEventListener,0.18,16,1,14,0,16,5,0,7,365,0
"org.apache.solr.core.SOLR749Test",3,0.00,1.00,14,0.15,3818.46,3,0,4,7,6,174.09,4,18,0,4,124.09,0.00,0.75,0.00,0,4.00,1,463.59,0,2,6,org.apache.solr.util.AbstractSolrTestCase,0.19,4,3,3,0,4,1,0,1,100,1
"org.apache.solr.core.SolrConfig",11,0.08,1.91,136,2.39,93729.62,43,32,33,50,47,81.77,57,165,24,2,99.64,0.00,0.50,0.10,2,49.00,5,7169.96,3,3,28,org.apache.solr.core.Config,0.00,39,1,21,0,39,8,0,19,1141,1
"org.apache.solr.core.SolrConfig$HttpCachingConfig",0,0.00,0.00,4,0.05,845.18,2,2,33,1,0,171.00,2,6,0,1,171.00,0.00,0.00,0.00,0,0.00,0,138.30,0,0,0,java.lang.Object,0.00,1,0,0,0,1,0,0,2,32,2
"org.apache.solr.core.SolrConfig$HttpCachingConfig$LastModFrom",1,0.00,13.00,64,1.13,102618.52,6,5,33,19,3,26.01,12,78,0,1,63.57,0.00,0.00,1.00,0,0.00,13,3388.53,0,1,3,java.lang.Object,0.00,18,0,13,0,18,0,0,7,489,2
"org.apache.solr.core.SolrConfig$HttpCachingConfig$LastModFrom$UpdateHandlerInfo",1,4.00,1.00,8,0.07,1290.31,5,4,33,1,0,80.60,6,10,0,1,112.82,0.00,0.00,0.00,0,1.00,1,207.37,0,0,0,java.lang.Object,0.00,0,0,1,0,0,1,0,1,55,2
"org.apache.solr.core.SolrConfig$JmxConfiguration",1,3.00,1.00,8,0.06,989.60,4,3,33,1,0,113.72,0,10,0,1,113.72,0.00,0.00,0.00,0,1.00,1,185.02,0,0,0,java.lang.Object,0.00,0,0,1,0,0,1,0,0,50,2
"org.apache.solr.core.SolrCore",86,0.01,2.51,664,9.71,543186.25,122,36,57,283,176,109.57,400,907,128,1,109.34,0.00,0.00,0.04,31,4426.00,29,29129.59,1,47,65,java.lang.Object,0.00,197,0,216,0,197,39,1,174,5293,2
"org.apache.solr.core.SolrCore$Callable",1,0.00,1.00,4,0.02,206.27,1,0,57,2,0,130.32,0,5,0,1,130.32,0.00,0.00,0.00,0,1.00,1,63.51,0,1,0,java.lang.Object,0.00,1,0,1,0,1,0,0,0,19,0
"org.apache.solr.core.SolrCore$Callable_0",1,0.00,2.00,6,0.05,726.85,1,0,57,3,1,119.28,0,9,0,1,119.28,0.00,0.00,0.00,0,0.00,2,144.16,0,1,1,java.lang.Object,0.00,2,0,2,0,2,0,0,0,35,0
"org.apache.solr.core.SolrCore$Callable_1",1,0.00,3.00,8,0.06,1373.73,1,0,57,3,1,112.35,0,11,0,1,112.35,0.00,0.00,0.00,0,0.00,3,186.81,0,1,1,java.lang.Object,0.00,2,0,3,0,2,0,0,0,43,0
"org.apache.solr.core.SolrCore$Callable_2",1,0.00,3.00,8,0.06,1292.71,1,0,57,3,1,112.56,0,11,0,1,112.56,0.00,0.00,0.00,0,0.00,3,189.11,0,1,1,java.lang.Object,0.00,2,0,3,0,2,0,0,0,43,0
"org.apache.solr.core.SolrCore$Callable_3",1,0.00,3.00,8,0.08,2029.96,1,0,57,4,1,93.14,5,12,0,1,111.01,0.00,0.00,0.00,0,0.00,3,238.62,0,1,1,java.lang.Object,0.00,3,0,3,0,3,0,0,5,51,0
"org.apache.solr.core.SolrCore$RefCounted<SolrIndexSearcher>",1,0.00,3.00,8,0.09,1656.28,1,0,57,4,1,93.84,5,12,0,1,111.71,0.00,0.00,0.00,0,0.00,3,262.04,0,0,1,java.lang.Object,0.00,3,0,3,0,3,1,0,5,57,0
"org.apache.solr.core.SolrCoreTest",7,0.00,1.29,93,1.39,54700.75,7,0,10,37,13,148.73,9,95,0,4,98.73,0.00,0.75,0.00,0,0.00,3,4169.87,0,2,13,org.apache.solr.util.AbstractSolrTestCase,0.17,30,3,9,0,30,5,0,9,742,1
"org.apache.solr.core.SolrCoreTest$Callable<Integer>",2,0.00,2.50,26,0.26,12870.73,2,0,10,7,1,99.25,1,31,0,1,99.25,0.00,0.00,0.00,1,2.00,3,770.50,0,1,1,java.lang.Object,0.00,5,0,5,0,5,1,0,1,151,0
"org.apache.solr.core.SolrDeletionPolicy",12,0.00,2.42,104,1.38,63006.22,16,4,14,40,11,147.70,24,134,3,1,107.81,0.00,0.00,0.25,2,42.00,9,4142.78,0,4,9,java.lang.Object,0.00,28,0,29,0,28,8,2,13,801,1
"org.apache.solr.core.SolrEventListener",2,1.00,1.00,4,0.04,532.96,3,1,5,3,8,120.53,29,5,5,2,140.67,0.00,0.50,0.00,0,2.00,1,120.27,0,0,4,,0.00,1,1,2,0,1,2,0,2,34,1
"org.apache.solr.core.SolrInfoMBean",8,0.00,1.00,10,0.04,194.28,8,0,2,8,18,160.33,33,10,17,1,160.09,0.00,0.00,0.00,0,8.00,1,117.46,0,8,1,,0.00,0,0,8,0,0,0,0,9,49,1
"org.apache.solr.core.SolrInfoMBean$Category",0,0.00,0.00,2,0.01,76.11,0,0,2,0,0,171.00,0,1,0,1,171.00,0.00,0.00,0.00,0,0.00,0,38.05,0,0,0,java.lang.Object,0.00,0,0,0,0,0,0,0,0,11,1
"org.apache.solr.core.SolrResourceLoader",29,0.02,3.03,256,4.08,210250.46,44,15,35,106,49,88.79,166,388,35,1,106.66,0.00,0.00,0.09,10,377.00,9,12235.34,0,20,16,java.lang.Object,0.00,77,0,88,0,77,9,1,48,2257,1
"org.apache.solr.core.SolrResourceLoader$FileFilter",1,0.00,1.00,3,0.02,187.66,1,0,35,2,0,135.30,0,4,0,1,135.30,0.00,0.00,0.00,0,1.00,1,58.19,0,0,0,java.lang.Object,0.00,1,0,1,0,1,1,0,0,18,0
"org.apache.solr.core.StandardDirectoryFactory",1,0.00,1.00,3,0.03,412.78,1,0,4,3,6,132.84,4,5,3,2,132.60,1.00,0.33,0.00,0,1.00,1,89.74,0,1,3,org.apache.solr.core.DirectoryFactory,0.00,2,1,1,1,2,0,0,1,25,1
"org.apache.solr.core.StandardIndexReaderFactory",1,0.00,1.00,3,0.03,421.58,1,0,4,2,6,82.53,9,6,2,2,132.53,0.00,0.50,0.00,0,0.00,1,101.35,0,1,4,org.apache.solr.core.IndexReaderFactory,0.00,1,1,1,0,1,0,0,2,27,1
"org.apache.solr.core.TestArbitraryIndexDir",5,0.00,1.40,38,0.72,24937.02,5,0,22,35,14,160.28,8,60,0,4,110.28,0.00,0.75,0.00,1,7.00,3,2150.03,6,2,14,org.apache.solr.util.AbstractSolrTestCase,0.36,30,3,7,0,30,3,0,6,370,1
"org.apache.solr.core.TestBadConfig",4,0.00,1.25,14,0.09,1333.43,4,0,1,8,1,133.28,1,18,0,4,133.28,0.00,0.75,0.00,0,4.00,2,282.27,3,2,1,org.apache.solr.util.AbstractSolrTestCase,0.27,4,3,5,0,4,2,0,1,74,1
"org.apache.solr.core.TestConfig",7,0.00,1.43,56,0.83,21809.47,7,0,17,37,11,109.72,6,78,0,3,109.72,0.00,0.67,0.00,0,16.00,4,2504.56,1,0,11,org.apache.solr.SolrTestCaseJ4,0.00,30,2,10,0,30,7,0,6,494,1
"org.apache.solr.core.TestConfig$ExposeWriterHandler",2,0.00,1.00,6,0.03,287.25,2,0,17,3,2,136.21,0,9,0,3,136.21,0.00,0.67,0.00,0,2.00,1,101.55,1,1,2,org.apache.solr.update.DirectUpdateHandler2,0.00,1,2,2,0,1,1,0,0,31,0
"org.apache.solr.core.TestJmxIntegration",7,0.00,1.71,51,0.82,33082.42,7,0,10,38,2,160.42,8,68,0,4,110.42,0.00,0.75,0.00,1,13.00,4,2465.93,4,3,2,org.apache.solr.util.AbstractSolrTestCase,0.34,31,3,12,0,31,4,0,3,446,1
"org.apache.solr.core.TestJmxMonitoredMap",3,0.50,2.67,49,0.69,33248.78,7,4,19,24,4,133.89,7,72,0,3,94.01,0.00,0.67,0.58,0,0.00,5,2081.80,2,0,4,org.apache.lucene.util.LuceneTestCase,0.40,21,2,8,0,21,3,0,2,387,1
"org.apache.solr.core.TestJmxMonitoredMap$MockInfoMBean",8,0.00,1.00,17,0.08,667.94,8,0,19,8,2,144.64,1,27,0,1,144.64,0.00,0.00,0.00,0,8.00,1,237.25,0,8,2,java.lang.Object,0.00,0,0,8,0,0,0,1,1,77,1
"org.apache.solr.core.TestLegacyMergeSchedulerPolicyConfig",3,0.00,1.00,10,0.12,2115.81,3,0,6,11,5,130.77,0,14,0,4,130.77,0.00,0.75,0.00,0,3.00,1,360.68,0,2,5,org.apache.solr.util.AbstractSolrTestCase,0.19,8,3,3,0,8,1,0,0,88,1
"org.apache.solr.core.TestLegacyMergeSchedulerPolicyConfig$ExposeWriterHandler",2,0.00,1.00,6,0.03,287.25,2,0,6,3,2,136.21,0,9,0,3,136.21,0.00,0.67,0.00,0,2.00,1,101.55,1,1,2,org.apache.solr.update.DirectUpdateHandler2,0.00,1,2,2,0,1,1,0,0,31,0
"org.apache.solr.core.TestPropInject",6,0.00,1.17,30,0.33,5306.53,6,0,6,16,5,121.69,0,40,0,4,121.69,0.00,0.75,0.00,0,6.00,2,981.60,0,2,5,org.apache.solr.util.AbstractSolrTestCase,0.17,10,3,7,0,10,4,0,0,226,1
"org.apache.solr.core.TestPropInject$ExposeWriterHandler",2,0.00,1.00,6,0.03,287.25,2,0,6,3,2,136.21,0,9,0,3,136.21,0.00,0.67,0.00,0,2.00,1,101.55,1,1,2,org.apache.solr.update.DirectUpdateHandler2,0.00,1,2,2,0,1,1,0,0,31,0
"org.apache.solr.core.TestQuerySenderListener",3,0.00,1.00,25,0.45,15488.77,3,0,7,20,8,108.07,2,32,0,3,108.07,0.00,0.67,0.00,0,1.00,1,1347.06,1,0,8,org.apache.solr.SolrTestCaseJ4,0.00,17,2,3,0,17,3,0,2,248,1
"org.apache.solr.core.TestSolrDeletionPolicy1",6,0.00,1.33,49,0.80,21504.69,6,0,7,23,4,109.26,3,86,0,3,109.26,0.00,0.67,0.00,1,6.00,3,2410.33,8,0,4,org.apache.solr.SolrTestCaseJ4,0.07,17,2,8,0,17,6,0,1,467,1
"org.apache.solr.core.TestSolrDeletionPolicy2",3,0.00,1.00,18,0.27,5808.34,3,0,2,13,3,166.09,3,29,0,4,116.09,0.00,0.75,0.00,0,4.00,1,795.61,4,2,3,org.apache.solr.util.AbstractSolrTestCase,0.19,10,3,3,0,10,1,0,1,156,1
"org.apache.solr.core.TestXIncludeConfig",4,0.67,1.50,21,0.19,3322.36,5,1,3,11,3,161.73,8,30,0,4,121.84,0.00,0.75,0.50,0,4.00,2,560.47,1,2,3,org.apache.solr.util.AbstractSolrTestCase,0.27,7,3,6,0,7,2,0,5,126,1
"org.apache.lucene.analysis.in.IndicNormalizationFilter",2,0.00,1.50,11,0.11,2172.37,4,2,4,8,7,160.81,4,16,3,4,120.93,0.00,0.75,0.50,0,2.00,2,340.92,0,0,4,org.apache.lucene.analysis.TokenFilter,0.29,6,3,3,0,6,2,0,1,81,2
"org.apache.lucene.analysis.in.IndicNormalizer",3,0.00,5.00,55,2.83,340296.91,5,2,4,7,1,91.26,107,145,1,1,84.00,0.00,0.00,0.50,0,2.00,10,8496.41,0,0,0,java.lang.Object,0.00,4,0,15,0,4,3,0,80,1372,1
"org.apache.lucene.analysis.in.IndicNormalizer$ScriptData",1,3.00,1.00,7,0.04,585.54,4,3,4,1,0,117.68,0,9,0,1,117.68,0.00,0.00,0.00,0,1.00,1,131.23,0,0,0,java.lang.Object,0.00,0,0,1,0,0,1,0,0,38,2
"org.apache.lucene.analysis.in.IndicTokenizer",4,0.00,1.00,9,0.13,2474.14,4,0,4,6,6,137.79,3,18,3,5,137.79,0.00,0.80,0.00,0,4.00,1,380.69,0,0,3,org.apache.lucene.analysis.CharTokenizer,0.14,2,4,4,0,2,4,0,1,99,2
"org.apache.lucene.analysis.in.TestIndicNormalizer",2,0.00,1.00,13,0.13,1677.60,2,0,6,5,5,139.57,7,17,0,4,118.95,0.00,0.75,0.00,1,2.00,1,386.44,1,0,5,org.apache.lucene.analysis.BaseTokenStreamTestCase,0.00,3,3,2,0,3,2,0,3,88,1
"org.apache.lucene.analysis.in.TestIndicTokenizer",2,0.00,1.00,7,0.10,1290.69,2,0,4,4,3,170.96,5,13,0,4,131.08,0.00,0.75,0.00,0,0.00,1,300.66,1,0,3,org.apache.lucene.analysis.BaseTokenStreamTestCase,0.00,2,3,2,0,2,2,0,3,69,1
"org.apache.lucene.spatial.tier.CartesianPolyFilterBuilder",4,0.07,3.50,76,1.06,84513.93,9,5,9,24,11,44.83,46,90,2,1,88.95,0.00,0.00,0.25,1,6.00,8,3184.67,0,1,9,java.lang.Object,0.00,20,0,14,0,20,3,0,37,580,1
"org.apache.lucene.spatial.tier.CartesianShapeFilter",2,0.00,2.00,21,0.28,9347.07,4,2,9,15,10,104.88,8,24,2,2,104.64,0.00,0.50,0.50,0,2.00,3,833.93,0,1,8,org.apache.lucene.search.Filter,0.00,13,1,4,0,13,1,0,4,161,1
"org.apache.lucene.spatial.tier.DistanceCheck",2,0.00,1.50,17,0.20,7092.27,2,0,1,7,1,159.27,3,18,0,1,109.27,0.00,0.00,0.00,0,2.00,2,591.70,0,1,1,java.lang.Object,0.00,5,0,3,0,5,1,0,1,121,1
"org.apache.lucene.spatial.tier.DistanceFieldComparatorSource",3,0.00,1.33,14,0.13,2270.92,6,3,5,5,6,175.80,5,21,1,2,125.80,0.00,0.50,0.33,0,1.00,2,390.09,0,1,5,org.apache.lucene.search.FieldComparatorSource,0.00,2,1,4,0,2,2,0,1,96,1
"org.apache.lucene.spatial.tier.DistanceFieldComparatorSource$DistanceScoreDocLookupComparator",8,0.05,1.50,30,0.30,7336.57,11,3,5,8,2,129.78,2,49,0,2,129.78,0.00,0.50,0.38,0,0.00,3,910.65,0,1,2,org.apache.lucene.search.FieldComparator,0.59,0,1,12,0,0,7,0,2,216,1
"org.apache.lucene.spatial.tier.DistanceFilter",8,0.05,1.12,27,0.28,5076.58,14,6,7,13,5,131.34,33,37,4,2,131.11,2.00,0.25,0.12,0,22.00,2,834.97,0,2,1,org.apache.lucene.search.Filter,0.00,5,1,9,2,5,6,0,15,196,2
"org.apache.lucene.spatial.tier.DistanceHandler",5,0.08,2.80,41,0.54,18803.57,8,3,2,15,2,129.54,16,49,1,1,108.92,0.00,0.00,0.27,1,7.00,6,1608.02,0,1,1,java.lang.Object,0.00,10,0,14,0,10,4,0,8,332,1
"org.apache.lucene.spatial.tier.DistanceHandler$Precision",0,0.00,0.00,2,0.01,36.00,0,0,2,0,0,171.00,0,1,0,1,171.00,0.00,0.00,0.00,0,0.00,0,24.00,0,0,0,java.lang.Object,0.00,0,0,0,0,0,0,0,0,8,1
"org.apache.lucene.spatial.tier.DistanceQueryBuilder",10,0.09,1.40,51,0.52,12466.66,16,6,6,18,10,141.09,37,69,1,1,120.47,0.00,0.00,0.25,1,30.00,2,1545.65,0,5,9,java.lang.Object,0.00,8,0,14,0,8,5,0,7,344,1
"org.apache.lucene.spatial.tier.DistanceUtils",4,1.00,1.00,13,0.15,3158.82,5,1,5,9,12,151.00,13,19,7,1,130.39,0.00,0.00,0.25,1,6.00,1,463.02,0,2,5,java.lang.Object,0.00,5,0,4,0,5,2,0,3,116,1
"org.apache.lucene.spatial.tier.InvalidGeoException",1,1.00,1.00,4,0.03,332.00,2,1,0,1,1,80.58,8,6,1,2,128.69,0.00,0.50,0.00,0,1.00,1,87.11,0,0,0,java.lang.Exception,0.00,0,1,1,0,0,1,0,2,25,1
"org.apache.lucene.spatial.tier.LatLongDistanceFilter",4,0.11,1.75,34,0.47,17524.94,10,6,6,11,9,90.63,20,48,3,3,108.51,0.00,0.67,0.25,1,4.00,4,1405.48,0,1,6,org.apache.lucene.spatial.tier.DistanceFilter,0.23,7,2,7,0,7,3,0,5,303,1
"org.apache.lucene.spatial.tier.LatLongDistanceFilter$FilteredDocIdSet",1,0.00,3.00,17,0.22,7632.33,1,0,6,8,1,76.40,5,21,0,1,94.27,0.00,0.00,0.00,0,0.00,3,645.64,0,0,1,java.lang.Object,0.00,7,0,3,0,7,1,0,5,121,0
"org.apache.lucene.spatial.tier.Shape",5,0.12,1.00,13,0.10,1362.79,7,2,3,8,4,190.59,5,19,4,1,140.59,0.00,0.00,0.40,0,5.00,1,307.53,0,2,0,java.lang.Object,0.00,3,0,5,0,3,3,1,1,84,1
"org.apache.lucene.spatial.tier.TestCartesian",10,0.28,3.60,254,5.19,252576.63,19,9,32,59,30,33.89,94,266,0,3,83.89,0.00,0.67,0.37,3,0.00,8,15571.05,3,0,30,org.apache.lucene.util.LuceneTestCase,0.27,49,2,36,0,49,10,0,69,2385,1
"org.apache.lucene.spatial.tier.TestCartesian$CustomScoreQuery",1,0.00,1.00,3,0.02,212.85,1,0,32,2,2,134.87,0,5,0,1,134.87,0.00,0.00,0.00,0,1.00,1,73.21,0,1,2,java.lang.Object,0.00,1,0,1,0,1,0,0,0,22,0
"org.apache.lucene.spatial.tier.TestCartesian$CustomScoreQuery$CustomScoreProvider",1,0.00,4.00,8,0.14,5151.83,1,0,32,3,0,108.00,4,12,0,1,107.76,0.00,0.00,0.00,0,1.00,4,406.56,0,0,0,java.lang.Object,0.00,2,0,4,0,2,1,0,4,82,0
"org.apache.lucene.spatial.tier.TestCartesian$CustomScoreQuery_0",1,0.00,1.00,3,0.02,212.85,1,0,32,2,2,134.87,0,5,0,1,134.87,0.00,0.00,0.00,0,1.00,1,73.21,0,1,2,java.lang.Object,0.00,1,0,1,0,1,0,0,0,22,0
"org.apache.lucene.spatial.tier.TestCartesian$CustomScoreQuery_0$CustomScoreProvider_1",1,0.00,4.00,8,0.14,5151.83,1,0,32,3,0,108.00,4,12,0,1,107.76,0.00,0.00,0.00,0,1.00,4,406.56,0,0,0,java.lang.Object,0.00,2,0,4,0,2,1,0,4,82,0
"org.apache.lucene.spatial.tier.TestCartesian$CustomScoreQuery_2",1,0.00,1.00,3,0.02,212.85,1,0,32,2,2,134.87,0,5,0,1,134.87,0.00,0.00,0.00,0,1.00,1,73.21,0,1,2,java.lang.Object,0.00,1,0,1,0,1,0,0,0,22,0
"org.apache.lucene.spatial.tier.TestCartesian$CustomScoreQuery_2$CustomScoreProvider_3",1,0.00,4.00,8,0.14,5151.83,1,0,32,3,0,108.00,4,12,0,1,107.76,0.00,0.00,0.00,0,1.00,4,406.56,0,0,0,java.lang.Object,0.00,2,0,4,0,2,1,0,4,82,0
"org.apache.lucene.spatial.tier.TestCartesian$CustomScoreQuery_4",1,0.00,1.00,3,0.02,172.71,1,0,32,2,2,135.58,0,5,0,1,135.58,0.00,0.00,0.00,0,1.00,1,57.02,0,1,2,java.lang.Object,0.00,1,0,1,0,1,0,0,0,18,0
"org.apache.lucene.spatial.tier.TestCartesian$CustomScoreQuery_4$CustomScoreProvider_5",1,0.00,4.00,8,0.14,5151.83,1,0,32,3,0,108.00,4,12,0,1,107.76,0.00,0.00,0.00,0,1.00,4,406.56,0,0,0,java.lang.Object,0.00,2,0,4,0,2,1,0,4,82,0
"org.apache.lucene.spatial.tier.TestCartesianShapeFilter",1,0.00,2.00,8,0.10,2173.01,1,0,5,8,3,93.00,5,13,0,3,110.87,0.00,0.67,0.00,0,1.00,2,300.11,0,0,3,org.apache.lucene.util.LuceneTestCase,0.00,7,2,2,0,7,1,0,1,64,1
"org.apache.lucene.spatial.tier.TestDistance",5,0.25,1.20,54,0.81,17417.22,11,6,13,24,12,73.54,33,61,0,3,105.76,0.00,0.67,0.37,2,1.00,2,2433.30,3,0,12,org.apache.lucene.util.LuceneTestCase,0.35,19,2,6,0,19,5,0,19,463,1
"org.apache.lucene.store.instantiated.FieldSetting",4,0.08,1.50,19,0.18,4189.07,12,8,1,7,5,124.90,19,27,5,1,124.67,0.00,0.00,0.06,0,4.00,3,544.61,0,0,0,java.lang.Object,0.00,3,0,6,1,3,4,1,2,131,0
"org.apache.lucene.store.instantiated.FieldSettings",5,0.25,3.00,35,0.36,13654.81,6,1,4,12,2,112.40,20,51,1,1,112.16,0.00,0.00,0.80,0,0.00,10,1081.85,0,1,1,java.lang.Object,0.00,7,0,15,0,7,4,1,3,238,0
"org.apache.lucene.store.instantiated.InstantiatedAllTermDocs",2,1.00,1.00,7,0.05,643.02,3,1,1,4,2,133.46,0,11,1,2,133.46,0.00,0.50,0.50,0,2.00,1,156.88,0,0,2,org.apache.lucene.index.AbstractAllTermDocs,0.17,2,1,2,0,2,2,0,0,45,0
"org.apache.lucene.store.instantiated.InstantiatedDocument",8,0.14,1.00,21,0.18,2377.77,12,4,4,10,7,190.30,13,32,6,1,140.30,0.00,0.00,0.12,0,28.00,1,525.00,0,4,2,java.lang.Object,0.00,2,0,8,0,2,4,1,7,138,1
"org.apache.lucene.store.instantiated.InstantiatedIndex",21,0.02,2.76,190,3.24,409525.66,29,8,18,87,21,141.27,45,226,7,1,101.39,0.00,0.00,0.10,4,163.00,37,9720.54,0,8,16,java.lang.Object,0.00,66,0,58,0,66,13,2,17,1510,1
"org.apache.lucene.store.instantiated.InstantiatedIndexReader",30,0.15,2.37,176,2.76,141872.68,33,3,15,79,24,136.41,98,258,8,2,115.79,0.00,0.50,0.19,4,194.00,12,8281.25,0,11,21,org.apache.lucene.index.IndexReader,0.31,49,1,71,0,49,19,0,18,1636,1
"org.apache.lucene.store.instantiated.InstantiatedIndexReader$NormUpdate",1,2.00,1.00,6,0.04,483.10,3,2,15,1,0,120.84,0,9,0,1,120.84,0.00,0.00,0.00,0,1.00,1,116.08,0,0,0,java.lang.Object,0.00,0,0,1,0,0,1,0,0,34,1
"org.apache.lucene.store.instantiated.InstantiatedIndexWriter",24,0.02,3.67,326,6.48,959452.09,34,10,29,173,20,75.04,143,380,3,1,92.91,0.00,0.00,0.08,4,212.00,34,19431.88,0,3,18,java.lang.Object,0.00,149,0,88,0,149,21,1,80,2852,1
"org.apache.lucene.store.instantiated.InstantiatedIndexWriter$Comparator<InstantiatedTermDocumentInformation>",1,0.00,1.00,3,0.04,626.40,1,0,29,4,1,131.18,0,4,0,1,131.18,0.00,0.00,0.00,0,1.00,1,123.26,0,0,1,java.lang.Object,0.00,3,0,1,0,3,1,0,0,35,0
"org.apache.lucene.store.instantiated.InstantiatedIndexWriter$FieldSetting",2,6.00,1.00,10,0.09,1192.24,8,6,29,2,1,123.07,0,13,0,2,123.07,0.00,0.50,0.00,0,2.00,1,274.84,0,0,1,org.apache.lucene.store.instantiated.FieldSetting,0.33,0,1,2,0,0,2,0,0,65,1
"org.apache.lucene.store.instantiated.InstantiatedIndexWriter$TermDocumentInformationFactory",0,0.00,0.00,4,0.07,2126.66,3,3,29,1,1,171.00,0,5,0,1,171.00,0.00,0.00,0.00,0,0.00,0,212.67,0,0,1,java.lang.Object,0.00,1,0,0,0,1,0,0,0,51,1
"org.apache.lucene.store.instantiated.InstantiatedTerm",16,0.15,1.75,77,0.85,94307.72,20,4,3,24,9,100.85,82,98,8,1,118.72,0.00,0.00,0.11,3,86.00,10,2544.61,0,4,2,java.lang.Object,0.00,8,0,28,0,8,12,1,30,553,1
"org.apache.lucene.store.instantiated.InstantiatedTerm$Comparator",1,0.00,1.00,3,0.03,387.06,1,0,3,3,2,132.82,0,4,0,1,132.82,0.00,0.00,0.00,0,1.00,1,101.77,0,0,2,java.lang.Object,0.00,2,0,1,0,2,1,0,0,28,0
"org.apache.lucene.store.instantiated.InstantiatedTerm$Comparator<InstantiatedTerm>",1,0.00,1.00,3,0.03,432.92,1,0,3,3,1,132.44,0,4,0,1,132.44,0.00,0.00,0.00,0,1.00,1,101.06,0,0,1,java.lang.Object,0.00,2,0,1,0,2,1,0,0,29,0
"org.apache.lucene.store.instantiated.InstantiatedTermDocs",9,0.12,2.11,56,0.54,18678.33,13,4,2,19,7,155.57,23,73,2,1,115.68,0.00,0.00,0.36,2,12.00,6,1613.57,0,0,6,java.lang.Object,0.00,10,0,19,1,10,9,1,5,352,1
"org.apache.lucene.store.instantiated.InstantiatedTermDocumentInformation",10,0.09,1.00,36,0.31,7002.15,16,6,3,12,12,131.03,44,48,11,1,130.80,0.00,0.00,0.08,0,50.00,1,929.92,0,2,3,java.lang.Object,0.00,2,0,10,0,2,8,1,14,225,1
"org.apache.lucene.store.instantiated.InstantiatedTermDocumentInformation$Comparator",1,0.00,1.00,5,0.05,859.46,1,0,3,4,1,121.82,0,6,0,1,121.82,0.00,0.00,0.00,0,1.00,1,160.93,0,0,1,java.lang.Object,0.00,3,0,1,0,3,1,0,0,40,0
"org.apache.lucene.store.instantiated.InstantiatedTermDocumentInformation$Comparator<InstantiatedTermDocumentInformation>",1,0.00,1.00,3,0.04,626.40,1,0,3,4,1,131.18,0,4,0,1,131.18,0.00,0.00,0.00,0,1.00,1,123.26,0,0,1,java.lang.Object,0.00,3,0,1,0,3,1,0,0,35,0
"org.apache.lucene.store.instantiated.InstantiatedTermDocumentInformation$Comparator<InstantiatedTermDocumentInformation>_0",1,0.00,1.00,3,0.04,568.83,1,0,3,4,1,131.51,0,4,0,1,131.51,0.00,0.00,0.00,0,1.00,1,126.26,0,0,1,java.lang.Object,0.00,3,0,1,0,3,1,0,0,35,0
"org.apache.lucene.store.instantiated.InstantiatedTermEnum",6,0.07,1.33,23,0.20,4062.78,9,3,2,10,4,170.73,15,35,1,2,130.85,0.00,0.50,0.28,1,6.00,2,604.18,0,1,4,org.apache.lucene.index.TermEnum,0.80,4,1,8,0,4,5,0,5,152,1
"org.apache.lucene.store.instantiated.InstantiatedTermFreqVector",9,0.08,1.89,53,0.58,21144.46,14,5,4,21,4,138.85,28,61,1,1,118.24,0.00,0.00,0.27,0,9.00,4,1737.78,0,4,3,java.lang.Object,0.00,12,0,17,1,12,5,2,8,373,1
"org.apache.lucene.store.instantiated.InstantiatedTermPositionVector",3,1.00,1.00,8,0.09,1153.83,4,1,3,6,5,189.41,5,14,1,2,139.41,0.00,0.50,0.00,0,3.00,1,257.21,1,1,4,org.apache.lucene.store.instantiated.InstantiatedTermFreqVector,0.00,3,1,3,0,3,2,2,1,69,1
"org.apache.lucene.store.instantiated.InstantiatedTermPositions",7,0.17,1.14,24,0.23,5783.22,8,1,2,10,3,130.44,32,37,1,2,130.20,0.00,0.50,0.86,0,0.00,2,704.88,2,0,3,org.apache.lucene.store.instantiated.InstantiatedTermDocs,0.25,3,1,8,0,3,7,1,8,169,1
"org.apache.lucene.store.instantiated.TestEmptyIndex",5,0.00,1.40,51,0.56,14654.43,5,0,15,28,14,106.32,2,58,0,3,106.32,0.00,0.67,0.00,2,7.00,3,1692.44,1,0,14,org.apache.lucene.util.LuceneTestCase,0.00,23,2,7,0,23,5,0,2,354,1
"org.apache.lucene.store.instantiated.TestIndicesEquals",8,0.00,6.50,339,6.02,832496.29,8,0,27,84,23,52.64,44,356,0,3,70.51,0.00,0.67,0.00,5,16.00,27,18052.73,1,2,23,org.apache.lucene.util.LuceneTestCase,0.00,76,2,52,0,76,6,0,36,2907,1
"org.apache.lucene.store.instantiated.TestIndicesEquals$Comparator<TermFreqVector>",1,0.00,1.00,3,0.03,432.92,1,0,27,3,1,132.44,0,4,0,1,132.44,0.00,0.00,0.00,0,1.00,1,101.06,0,0,1,java.lang.Object,0.00,2,0,1,0,2,1,0,0,29,0
"org.apache.lucene.store.instantiated.TestIndicesEquals$Comparator<TermFreqVector>_0",1,0.00,1.00,3,0.03,432.92,1,0,27,3,1,132.44,0,4,0,1,132.44,0.00,0.00,0.00,0,1.00,1,101.06,0,0,1,java.lang.Object,0.00,2,0,1,0,2,1,0,0,29,0
"org.apache.lucene.store.instantiated.TestIndicesEquals$TokenStream",2,0.50,1.50,11,0.12,2208.14,4,2,27,7,3,120.87,0,16,0,1,120.87,0.00,0.00,0.75,0,0.00,2,374.34,0,0,3,java.lang.Object,0.00,5,0,3,0,5,2,0,0,86,0
"org.apache.lucene.store.instantiated.TestRealTime",1,0.00,1.00,23,0.33,9877.83,1,0,8,15,11,56.53,6,25,0,3,88.75,0.00,0.67,0.00,0,1.00,1,993.08,0,0,11,org.apache.lucene.util.LuceneTestCase,0.00,14,2,1,0,14,1,0,1,193,1
"org.apache.lucene.store.instantiated.TestRealTime$Collector",4,1.00,1.00,8,0.08,926.35,5,1,8,4,3,141.15,0,13,0,2,141.15,0.00,0.50,0.25,0,6.00,1,246.28,0,0,3,org.apache.lucene.search.Collector,0.50,0,1,4,0,0,4,0,0,68,2
"org.apache.lucene.store.instantiated.TestSerialization",1,0.00,1.00,19,0.31,7435.76,1,0,10,18,8,92.81,0,21,0,3,92.81,0.00,0.67,0.00,0,0.00,1,941.10,1,0,8,org.apache.lucene.util.LuceneTestCase,0.00,17,2,1,0,17,1,0,0,170,1
"org.apache.lucene.store.instantiated.TestUnoptimizedReaderOnConstructor",2,0.00,1.50,27,0.37,11726.97,2,0,12,18,10,139.57,4,32,0,3,99.68,0.00,0.67,0.00,1,2.00,2,1123.40,1,0,10,org.apache.lucene.util.LuceneTestCase,0.00,16,2,3,0,16,2,0,2,215,1
"org.apache.lucene.demo.html.Entities",3,0.25,3.67,289,4.33,62668.95,5,2,2,17,2,112.74,4,300,2,1,62.74,0.00,0.00,0.67,1,0.00,5,12988.68,0,2,0,java.lang.Object,0.00,14,0,11,0,14,1,0,4,1578,1
"org.apache.lucene.demo.html.HTMLParser",39,0.07,4.74,549,6.19,346619.96,77,38,2,84,10,96.79,37,650,4,1,96.79,0.00,0.00,0.10,16,373.00,15,18574.97,0,5,7,java.lang.Object,0.00,45,0,185,0,45,34,1,35,3456,1
"org.apache.lucene.demo.html.HTMLParser$JJCalls",0,0.00,0.00,5,0.03,253.51,4,4,2,0,1,171.00,0,6,0,1,171.00,0.00,0.00,0.00,0,0.00,0,78.87,0,0,1,java.lang.Object,0.00,0,0,0,0,0,0,0,0,22,2
"org.apache.lucene.demo.html.HTMLParser$LookaheadSuccess",0,0.00,0.00,1,0.01,145.30,0,0,2,0,0,171.00,0,1,0,2,171.00,0.00,0.50,0.00,0,0.00,0,41.51,0,0,0,java.lang.Error,0.00,0,1,0,0,0,0,0,0,12,3
"org.apache.lucene.demo.html.HTMLParser$MyPipedInputStream",3,0.00,1.00,7,0.05,452.47,3,0,2,4,0,142.62,0,12,0,2,142.62,0.00,0.50,0.00,0,3.00,1,139.88,0,0,0,java.io.PipedInputStream,0.00,1,1,3,0,1,3,0,0,42,1
"org.apache.lucene.demo.html.HTMLParserConstants",0,0.00,0.00,40,0.61,7906.55,39,39,0,0,2,171.00,43,73,2,1,171.00,0.00,0.00,0.00,0,0.00,0,1834.18,0,0,0,,0.00,0,0,0,0,0,0,0,40,271,1
"org.apache.lucene.demo.html.HTMLParserTokenManager",50,0.09,8.82,930,12.23,1570046.87,68,18,2,61,4,88.26,12,1584,1,1,88.26,0.00,0.00,0.14,23,130.00,124,36692.61,0,0,3,java.lang.Object,0.00,11,0,441,0,11,50,1,12,6178,1
"org.apache.lucene.demo.html.ParseException",5,0.30,3.20,92,1.07,80794.24,10,5,0,14,3,61.39,69,112,2,2,90.77,0.00,0.50,0.44,0,0.00,10,3210.28,1,2,1,java.lang.Exception,0.00,9,1,16,0,9,3,0,11,572,1
"org.apache.lucene.demo.html.ParserThread",2,0.00,2.50,16,0.19,5142.33,3,1,1,9,2,160.25,2,27,1,2,110.25,0.00,0.50,1.00,0,0.00,4,558.48,0,0,2,java.lang.Thread,0.00,7,1,5,0,7,2,0,2,116,0
"org.apache.lucene.demo.html.SimpleCharStream",36,0.09,1.89,204,2.72,162256.64,52,16,0,44,2,166.01,45,352,2,1,116.01,0.00,0.00,0.15,6,144.00,10,8153.78,0,1,0,java.lang.Object,0.00,8,0,68,0,8,35,0,34,1701,1
"org.apache.lucene.demo.html.SuppressWarnings",6,0.20,1.50,48,0.66,33774.42,11,5,0,14,0,59.58,51,72,0,2,107.69,0.00,0.50,0.03,1,10.00,3,1967.96,1,3,0,java.lang.Error,0.00,8,1,9,0,8,3,0,14,375,1
"org.apache.lucene.demo.html.Tags",0,0.00,0.00,33,0.35,7423.82,1,1,3,2,0,171.00,4,35,0,1,171.00,0.00,0.00,0.00,0,0.00,0,1058.57,0,0,0,java.lang.Object,0.00,2,0,0,0,2,0,0,2,208,2
"org.apache.lucene.demo.html.Test",2,0.00,3.00,28,0.41,17897.49,2,0,1,16,2,96.88,0,29,0,1,96.88,0.00,0.00,0.00,1,2.00,3,1215.34,0,0,2,java.lang.Object,0.00,14,0,6,0,14,2,0,0,228,0
"org.apache.lucene.demo.html.Token",7,0.12,1.00,24,0.16,1989.42,15,8,0,8,5,83.88,67,38,5,1,133.88,0.00,0.00,0.02,1,12.00,1,468.86,0,4,0,java.lang.Object,0.00,1,0,7,0,1,3,0,15,131,1
"org.apache.lucene.analysis.id.IndonesianAnalyzer",5,0.50,1.80,21,0.28,6488.96,7,2,13,15,12,73.89,46,31,1,4,123.89,0.00,0.75,0.10,0,8.00,3,827.76,0,2,11,org.apache.lucene.analysis.StopwordAnalyzerBase,0.00,10,3,9,0,10,3,0,8,185,2
"org.apache.lucene.analysis.id.IndonesianAnalyzer$DefaultSetHolder",0,0.00,0.00,6,0.05,853.95,1,1,13,0,1,171.00,2,10,0,1,171.00,0.00,0.00,0.00,0,0.00,0,164.39,0,0,1,java.lang.Object,0.00,0,0,0,0,0,0,0,2,40,2
"org.apache.lucene.analysis.id.IndonesianStemFilter",3,0.12,1.67,18,0.20,4286.50,7,4,5,10,9,117.25,12,26,4,4,117.01,0.00,0.75,0.33,0,4.00,3,593.46,0,0,5,org.apache.lucene.analysis.TokenFilter,0.27,7,3,5,0,7,3,0,3,133,2
"org.apache.lucene.analysis.id.IndonesianStemmer",8,0.27,5.75,142,1.80,131467.05,17,9,1,11,1,131.39,17,202,1,1,91.50,0.00,0.00,0.35,1,0.00,15,5407.45,0,0,0,java.lang.Object,0.00,3,0,46,0,3,8,0,5,1065,1
"org.apache.lucene.analysis.id.TestIndonesianAnalyzer",3,0.00,1.00,14,0.15,2789.77,3,0,5,7,3,165.05,6,19,0,4,125.17,0.00,0.75,0.00,0,0.00,1,452.56,2,0,3,org.apache.lucene.analysis.BaseTokenStreamTestCase,0.00,4,3,3,0,4,3,0,5,103,1
"org.apache.lucene.analysis.id.TestIndonesianStemmer",4,0.00,1.00,75,0.83,13891.20,4,0,7,6,5,136.18,8,82,0,4,96.29,0.00,0.75,0.00,0,4.00,1,2476.86,2,0,5,org.apache.lucene.analysis.BaseTokenStreamTestCase,0.00,2,3,4,0,2,4,0,6,449,1
"org.apache.lucene.analysis.id.TestIndonesianStemmer$ReusableAnalyzerBase",1,0.00,1.00,4,0.05,753.46,1,0,7,4,3,125.89,0,6,0,1,125.89,0.00,0.00,0.00,0,1.00,1,135.44,0,1,3,java.lang.Object,0.00,3,0,1,0,3,0,0,0,34,0
"org.apache.lucene.analysis.id.TestIndonesianStemmer$ReusableAnalyzerBase_0",1,0.00,1.00,4,0.05,771.22,1,0,7,4,3,125.81,0,6,0,1,125.81,0.00,0.00,0.00,0,1.00,1,141.98,0,1,3,java.lang.Object,0.00,3,0,1,0,3,0,0,0,35,0
"org.apache.lucene.index.memory.MemoryIndex",13,0.02,3.23,158,2.41,169807.65,20,7,34,65,26,137.36,283,191,2,1,98.06,0.00,0.00,0.12,3,36.00,14,7231.26,0,4,24,java.lang.Object,0.00,52,0,42,0,52,9,1,56,1294,1
"org.apache.lucene.index.memory.MemoryIndex$ArrayIntList",10,0.11,1.80,54,0.61,24791.25,13,3,34,17,0,118.06,4,61,0,1,118.06,0.00,0.00,0.43,4,0.00,4,1820.23,0,1,0,java.lang.Object,0.00,7,0,18,0,7,9,1,4,396,3
"org.apache.lucene.index.memory.MemoryIndex$Collector",4,1.00,1.00,9,0.09,1142.84,5,1,34,5,2,140.43,0,16,0,1,140.43,0.00,0.00,0.25,0,6.00,1,264.58,0,0,2,java.lang.Object,0.00,1,0,4,0,1,4,0,0,71,0
"org.apache.lucene.index.memory.MemoryIndex$Comparator",1,0.00,12.00,6,0.13,6758.15,1,0,34,3,0,111.24,0,7,0,1,111.24,0.00,0.00,0.00,0,1.00,12,388.55,0,0,0,java.lang.Object,0.00,2,0,12,0,2,1,0,0,87,0
"org.apache.lucene.index.memory.MemoryIndex$Info",5,0.00,1.20,21,0.23,4741.92,12,7,34,7,1,145.67,19,27,0,1,125.06,0.00,0.00,0.14,0,9.00,2,681.66,0,0,1,java.lang.Object,0.00,2,0,6,0,2,5,1,9,157,3
"org.apache.lucene.index.memory.MemoryIndex$MemoryIndexReader",28,0.22,2.57,156,2.32,109327.79,32,4,34,59,14,116.43,19,218,0,2,116.43,0.00,0.50,0.04,5,0.00,8,6949.45,0,12,14,org.apache.lucene.index.IndexReader,0.24,31,1,72,0,31,16,0,19,1372,2
"org.apache.lucene.index.memory.MemoryIndex$MemoryIndexReader$TermEnum",5,0.12,3.40,34,0.45,12111.52,7,2,34,13,1,165.04,7,44,0,1,115.04,0.00,0.00,0.60,1,0.00,5,1360.32,0,2,1,java.lang.Object,0.00,8,0,17,0,8,3,0,7,288,0
"org.apache.lucene.index.memory.MemoryIndex$MemoryIndexReader$TermPositionVector",8,0.29,1.75,48,0.56,27248.67,9,1,34,15,1,114.03,3,49,0,1,114.03,0.00,0.00,0.75,0,0.00,3,1665.39,0,3,1,java.lang.Object,0.00,7,0,14,0,7,5,0,3,361,0
"org.apache.lucene.index.memory.MemoryIndex$MemoryIndexReader$TermPositions",12,0.05,2.17,53,0.56,12053.24,16,4,34,20,2,124.72,11,66,0,1,124.72,0.00,0.00,0.21,2,0.00,4,1693.77,0,0,2,java.lang.Object,0.00,8,0,26,0,8,12,0,5,384,0
"org.apache.lucene.index.memory.MemoryIndex$TokenStream",1,0.00,3.00,15,0.22,6014.99,5,4,34,12,2,147.12,1,18,0,1,97.12,0.00,0.00,1.00,0,0.00,3,653.98,0,0,2,java.lang.Object,0.00,11,0,3,0,11,1,0,1,129,0
"org.apache.lucene.index.memory.MemoryIndex$VM",11,0.04,1.00,33,0.47,12536.60,22,11,34,13,1,179.13,14,45,0,1,129.13,0.00,0.00,0.12,2,8.00,1,1419.81,0,0,1,java.lang.Object,0.00,2,0,11,0,2,11,0,11,329,3
"org.apache.lucene.index.memory.MemoryIndexTest",9,0.00,2.78,99,1.61,92775.94,14,5,20,47,14,100.55,40,116,0,4,100.32,0.00,0.75,0.20,6,0.00,10,4840.65,1,4,14,org.apache.lucene.analysis.BaseTokenStreamTestCase,0.09,38,3,25,0,38,5,0,18,893,1
"org.apache.lucene.spatial.geometry.CartesianPoint",7,0.08,1.71,28,0.27,6933.17,9,2,0,9,2,174.83,12,44,2,1,124.83,0.00,0.00,0.57,0,0.00,6,809.00,0,2,0,java.lang.Object,0.00,2,0,12,0,2,5,0,2,199,1
"org.apache.lucene.spatial.geometry.DistanceUnits",6,0.10,1.67,26,0.23,4924.22,10,4,0,10,5,93.25,40,37,5,1,125.48,0.00,0.00,0.17,0,22.00,3,693.07,0,2,0,java.lang.Object,0.00,4,0,10,0,4,4,0,7,169,1
"org.apache.lucene.spatial.geometry.FixedLatLng",19,0.02,1.58,66,0.72,22147.06,24,5,0,25,3,128.95,5,112,3,2,128.95,0.00,0.50,0.22,4,91.00,6,2162.24,0,5,2,org.apache.lucene.spatial.geometry.LatLng,0.58,6,1,30,0,6,14,0,1,510,1
"org.apache.lucene.spatial.geometry.FloatLatLng",15,0.07,1.73,59,0.73,26415.60,18,3,0,23,7,127.52,5,100,7,2,127.52,0.00,0.50,0.27,1,40.00,6,2186.35,0,4,2,org.apache.lucene.spatial.geometry.LatLng,0.65,8,1,26,0,8,11,0,1,496,1
"org.apache.lucene.spatial.geometry.LatLng",19,0.00,1.21,41,0.59,26319.68,19,0,0,31,9,174.87,53,62,7,1,134.99,0.00,0.00,0.00,3,19.00,5,1784.62,0,5,4,java.lang.Object,0.00,12,0,23,2,12,14,0,14,398,2
"org.apache.lucene.spatial.geometry.TestDistanceUnits",3,0.00,1.33,13,0.18,5760.14,3,0,3,8,2,104.75,15,22,0,3,122.62,0.00,0.67,0.00,0,3.00,2,551.81,0,0,2,org.apache.lucene.util.LuceneTestCase,0.00,5,2,4,0,5,3,0,5,134,1
"org.apache.solr.handler.extraction.ExtractingDocumentLoader",4,0.30,4.25,103,1.67,102850.03,14,10,32,48,17,35.69,33,124,2,2,83.79,0.00,0.50,0.32,2,4.00,13,5023.09,0,0,15,org.apache.solr.handler.ContentStreamLoader,0.00,44,1,17,0,44,4,0,15,785,1
"org.apache.solr.handler.extraction.ExtractingMetadataConstants",0,0.00,0.00,5,0.04,368.22,4,4,0,0,1,171.00,4,6,1,1,171.00,0.00,0.00,0.00,0,0.00,0,113.30,0,0,0,,0.00,0,0,0,0,0,0,0,1,29,1
"org.apache.solr.handler.extraction.ExtractingParams",0,0.00,0.00,14,0.21,3103.22,13,13,0,0,3,171.00,89,15,3,1,171.00,0.00,0.00,0.00,0,0.00,0,620.64,0,0,0,,0.00,0,0,0,0,0,0,0,14,121,1
"org.apache.solr.handler.extraction.ExtractingRequestHandler",9,0.00,2.00,47,0.68,26895.26,15,6,21,28,12,117.40,7,73,1,3,117.40,0.00,0.67,0.17,0,22.00,10,2032.87,1,7,11,org.apache.solr.handler.ContentStreamHandlerBase,0.52,19,2,18,0,19,2,1,3,388,1
"org.apache.solr.handler.extraction.SolrContentHandler",11,0.11,3.64,144,2.10,115915.19,25,14,15,58,10,79.60,62,172,2,2,97.47,0.00,0.50,0.18,3,29.00,14,6295.79,0,3,8,org.xml.sax.helpers.DefaultHandler,0.00,47,1,40,0,47,8,1,28,1127,1
"org.apache.solr.handler.extraction.SolrContentHandlerFactory",2,1.00,1.00,6,0.06,794.73,3,1,4,3,5,172.62,4,10,2,1,132.73,0.00,0.00,0.50,0,2.00,1,175.16,0,1,3,java.lang.Object,0.00,1,0,2,0,1,1,0,1,47,1
"org.apache.solr.client.solrj.LargeVolumeTestBase",2,0.00,2.00,30,0.35,12017.18,4,2,8,15,9,97.45,9,31,3,4,97.21,1.00,0.43,0.50,1,2.00,3,1049.20,1,0,6,org.apache.solr.client.solrj.SolrJettyTestBase,0.00,13,3,4,3,13,2,0,6,206,2
"org.apache.solr.client.solrj.LargeVolumeTestBase$DocThread",2,0.50,3.50,36,0.49,34845.16,4,2,8,16,3,90.49,1,45,0,2,90.49,0.00,0.50,0.75,0,0.00,6,1477.36,0,0,3,java.lang.Thread,0.00,14,1,7,0,14,2,0,1,265,1
"org.apache.solr.client.solrj.MergeIndexesExampleTestBase",12,1.00,1.00,56,0.81,28468.31,13,1,7,34,9,171.96,14,75,0,5,121.96,0.25,0.67,0.08,5,22.00,1,2425.66,1,10,9,org.apache.solr.client.solrj.SolrExampleTestBase,0.52,22,4,12,1,22,2,0,9,475,2
"org.apache.solr.client.solrj.MultiCoreExampleTestBase",11,1.00,1.27,75,1.19,58704.17,12,1,8,40,12,162.57,15,89,2,5,112.57,0.50,0.57,0.09,5,20.00,4,3567.80,3,9,10,org.apache.solr.client.solrj.SolrExampleTestBase,0.53,29,4,14,2,29,2,0,12,621,2
"org.apache.solr.client.solrj.ResponseParser",4,0.00,1.00,6,0.05,372.72,4,0,3,4,7,195.38,9,10,6,1,155.49,0.00,0.00,0.00,0,4.00,1,137.28,0,4,1,java.lang.Object,0.00,0,0,4,2,0,0,0,3,43,2
"org.apache.solr.client.solrj.SolrExampleTestBase",6,0.00,1.00,14,0.12,1446.00,6,0,1,8,4,180.90,15,16,2,4,141.01,1.67,0.33,0.00,1,6.00,1,357.89,2,5,2,org.apache.solr.util.AbstractSolrTestCase,0.26,2,3,6,5,2,1,0,4,96,2
"org.apache.solr.client.solrj.SolrExampleTests",10,0.00,2.60,340,5.66,390260.12,10,0,25,108,22,27.50,93,372,3,4,77.50,1.00,0.43,0.00,1,10.00,6,16989.02,1,0,19,org.apache.solr.client.solrj.SolrJettyTestBase,0.00,98,3,26,3,98,10,0,80,2719,2
"org.apache.solr.client.solrj.SolrExceptionTest",1,0.00,2.00,11,0.13,2577.20,1,0,7,10,6,94.78,15,15,0,3,105.13,0.00,0.67,0.00,0,1.00,2,389.95,0,0,6,org.apache.lucene.util.LuceneTestCase,0.00,9,2,2,0,9,1,0,7,79,1
"org.apache.solr.client.solrj.SolrJettyTestBase",5,0.11,2.00,42,0.45,12726.41,12,7,5,19,11,150.22,13,56,6,3,110.33,7.00,0.12,0.23,0,8.00,3,1337.38,2,4,5,org.apache.solr.SolrTestCaseJ4,0.00,14,2,10,14,14,1,0,8,275,2
"org.apache.solr.client.solrj.SolrQuery",0,0.00,0.00,2,0.01,75.00,0,0,7,0,21,171.00,7,2,15,3,171.00,0.00,0.67,0.00,0,0.00,0,30.00,0,0,6,org.apache.solr.common.params.ModifiableSolrParams,0.00,0,2,0,0,0,0,0,1,10,1
"org.apache.solr.client.solrj.SolrQuery$ORDER",1,0.00,28.00,361,6.99,1556797.61,2,1,7,34,6,18.13,142,488,0,1,26.07,0.00,0.00,1.00,0,0.00,28,20967.29,0,1,6,java.lang.Object,0.00,33,0,28,0,33,0,0,32,2604,1
"org.apache.solr.client.solrj.SolrQueryTest",6,0.00,1.00,135,2.35,87220.47,6,0,3,99,3,128.03,14,142,0,3,88.15,0.00,0.67,0.00,0,6.00,1,7037.35,0,0,3,org.apache.lucene.util.LuceneTestCase,0.00,93,2,6,0,93,6,0,10,1207,1
"org.apache.solr.client.solrj.SolrRequest",10,0.26,1.00,23,0.17,2184.71,13,3,5,10,24,191.35,18,33,19,1,141.35,0.00,0.00,0.10,0,34.00,1,510.85,0,6,6,java.lang.Object,0.00,0,0,10,13,0,4,1,7,143,2
"org.apache.solr.client.solrj.SolrRequest$METHOD",0,0.00,0.00,2,0.01,39.30,0,0,5,0,0,171.00,0,4,0,1,171.00,0.00,0.00,0.00,0,0.00,0,19.65,0,0,0,java.lang.Object,0.00,0,0,0,0,0,0,1,0,7,1
"org.apache.solr.client.solrj.SolrResponse",3,0.00,1.00,4,0.03,279.90,3,0,2,3,8,205.49,5,6,7,1,155.49,0.00,0.00,0.00,0,3.00,1,101.74,0,1,1,java.lang.Object,0.00,0,0,3,9,0,2,1,1,33,2
"org.apache.solr.client.solrj.SolrServer",18,1.00,1.17,48,0.63,11768.44,19,1,16,34,49,137.56,13,68,42,1,137.56,0.00,0.00,0.06,4,34.00,3,1904.43,0,18,11,java.lang.Object,0.00,16,0,21,4,16,0,1,4,453,2
"org.apache.solr.client.solrj.SolrServerException",4,1.00,1.50,17,0.11,2473.96,5,1,0,5,27,176.47,5,24,27,2,126.47,0.00,0.50,0.00,0,4.00,3,334.25,0,1,0,java.lang.Exception,0.00,1,1,6,0,1,3,0,1,88,1
"org.apache.solr.client.solrj.StartSolrJetty",1,0.00,3.00,22,0.29,9493.76,1,0,4,19,0,51.79,12,30,0,1,89.35,0.00,0.00,0.00,0,1.00,3,857.41,0,0,0,java.lang.Object,0.00,18,0,3,0,18,1,0,10,149,1
"org.apache.solr.client.solrj.TestBatchUpdate",5,0.75,1.00,36,0.43,10018.20,6,1,11,20,7,163.47,9,47,0,4,113.47,0.00,0.75,0.40,1,10.00,1,1303.00,2,0,7,org.apache.solr.client.solrj.SolrJettyTestBase,0.00,15,3,5,0,15,5,0,4,274,1
"org.apache.solr.client.solrj.TestBatchUpdate$Bean",0,0.00,0.00,3,0.02,354.94,2,2,11,0,0,171.00,0,6,0,1,171.00,0.00,0.00,0.00,0,0.00,0,65.73,0,0,0,java.lang.Object,0.00,0,0,0,0,0,0,0,0,19,2
"org.apache.solr.client.solrj.TestBatchUpdate$Iterator<Bean>",3,0.00,1.00,9,0.07,1437.34,3,0,11,4,0,132.09,1,12,0,1,132.09,0.00,0.00,0.00,0,4.00,1,216.90,0,0,0,java.lang.Object,0.00,1,0,3,0,1,3,0,1,57,0
"org.apache.solr.client.solrj.TestBatchUpdate$Iterator<SolrInputDocument>",3,0.00,1.00,9,0.08,1569.95,3,0,11,5,1,131.79,1,12,0,1,131.79,0.00,0.00,0.00,0,4.00,1,228.01,0,1,1,java.lang.Object,0.00,2,0,3,0,2,2,0,1,59,0
"org.apache.solr.client.solrj.TestLBHttpSolrServer",5,0.12,2.60,93,1.38,67454.34,7,2,18,37,10,131.32,10,96,0,3,91.43,0.00,0.67,0.60,1,0.00,5,4139.65,0,0,10,org.apache.lucene.util.LuceneTestCase,0.35,32,2,13,0,32,5,0,5,739,1
"org.apache.solr.client.solrj.TestLBHttpSolrServer$SolrInstance",10,0.04,1.20,49,0.52,10359.26,16,6,18,23,3,124.75,2,64,0,1,124.75,0.00,0.00,0.20,2,38.00,2,1554.68,0,6,3,java.lang.Object,0.00,13,0,12,0,13,4,0,2,351,1
"org.apache.solr.util.AbstractSolrTestCase",28,0.03,2.00,143,1.84,57380.47,34,6,16,80,35,118.93,128,201,27,3,118.69,30.50,0.03,0.14,10,166.00,6,5528.22,2,11,8,org.apache.lucene.util.LuceneTestCase,0.15,52,2,56,61,52,17,0,32,1146,2
"org.apache.solr.util.AbstractSolrTestCase$Doc",1,0.00,1.00,4,0.02,135.00,2,1,16,1,0,131.77,0,4,0,1,131.77,0.00,0.00,1.00,0,0.00,1,54.00,0,1,0,java.lang.Object,0.00,0,0,1,0,0,0,0,0,18,2
"org.apache.solr.util.ArraysUtils",1,0.00,4.00,11,0.13,8433.92,1,0,0,1,1,121.07,33,13,1,1,100.92,0.00,0.00,0.00,0,1.00,4,376.02,0,0,0,java.lang.Object,0.00,0,0,4,0,0,1,0,4,79,1
"org.apache.solr.util.ArraysUtilsTest",4,0.00,1.00,15,0.24,9494.08,4,0,1,9,2,126.62,0,20,0,3,126.62,0.00,0.67,0.00,0,4.00,1,714.84,0,0,2,org.apache.lucene.util.LuceneTestCase,0.38,5,2,4,0,5,4,0,0,159,1
"org.apache.solr.util.BCDUtils",12,0.27,5.00,206,2.97,376808.38,14,2,0,15,11,122.70,240,249,11,1,89.32,0.00,0.00,0.25,5,44.00,13,8896.33,0,4,0,java.lang.Object,0.00,3,0,60,0,3,8,0,136,1661,1
"org.apache.solr.util.Base100S",2,0.00,1.00,5,0.04,424.24,2,0,7,4,5,141.45,0,8,1,2,141.45,0.00,0.50,0.00,0,2.00,1,108.47,0,2,4,org.apache.solr.util.Converter,0.00,2,1,2,0,2,0,0,0,33,0
"org.apache.solr.util.Base10kS",2,0.00,1.00,5,0.04,424.24,2,0,7,4,5,141.45,0,8,1,2,141.45,0.00,0.50,0.00,0,2.00,1,108.47,0,2,4,org.apache.solr.util.Converter,0.00,2,1,2,0,2,0,0,0,33,0
"org.apache.solr.util.BitSetIterator",5,0.46,3.20,56,1.30,41849.97,12,7,1,7,1,63.43,60,64,0,1,101.00,0.00,0.00,0.51,1,0.00,5,3907.92,0,0,1,java.lang.Object,0.00,2,0,16,0,2,5,0,22,597,1
"org.apache.solr.util.BitSetPerf",2,1.00,21.00,161,2.05,375377.28,3,1,4,24,3,39.91,11,139,0,1,57.78,0.00,0.00,0.50,1,2.00,40,6147.82,0,0,3,java.lang.Object,0.00,22,0,42,0,22,2,0,2,955,1
"org.apache.solr.util.BitUtil",0,0.00,0.00,1,0.02,139.52,0,0,0,0,1,171.00,5,2,0,2,171.00,0.00,0.50,0.00,0,0.00,0,46.51,0,0,1,org.apache.lucene.util.BitUtil,0.00,0,1,0,0,0,0,0,2,14,1
"org.apache.solr.util.BoundedTreeSet",9,0.88,1.44,30,0.25,3821.08,10,1,1,11,3,132.42,5,41,3,2,132.42,0.00,0.50,0.22,2,19.00,2,743.48,2,0,0,java.util.TreeSet,0.00,2,1,13,0,2,9,0,1,191,1
"org.apache.solr.util.Converter",2,0.00,1.00,3,0.01,84.38,2,0,7,2,12,158.20,0,4,9,1,158.20,0.00,0.00,0.00,0,2.00,1,44.19,0,2,3,java.lang.Object,0.00,0,0,2,8,0,0,0,0,18,1
"org.apache.solr.util.DateMathParser",7,0.07,3.00,93,1.51,111126.22,12,5,8,26,10,75.97,98,138,10,1,96.12,0.00,0.00,0.26,4,25.00,12,4531.07,0,3,0,java.lang.Object,0.00,19,0,21,0,19,4,0,20,813,1
"org.apache.solr.util.DateMathParserTest",14,0.15,1.43,159,2.23,58332.64,17,3,11,39,2,153.57,22,185,0,4,103.57,0.00,0.75,0.48,6,0.00,4,6694.55,0,3,2,org.apache.lucene.util.LocalizedTestCase,0.00,25,3,20,0,25,11,0,14,1204,1
"org.apache.solr.util.Deprecated",1,0.00,17.00,62,0.76,39548.52,11,10,3,7,3,24.15,54,80,0,2,67.29,0.00,0.50,1.00,0,0.00,17,2293.23,1,0,3,CommonParams,0.00,6,1,17,0,6,1,1,11,417,1
"org.apache.solr.util.FindClasses",5,0.38,4.20,67,1.08,63608.32,7,2,14,41,2,117.41,17,89,2,1,96.80,0.00,0.00,0.20,0,11.00,9,3239.52,0,3,0,java.lang.Object,0.00,36,0,21,0,36,2,0,5,575,0
"org.apache.solr.util.Float2Float",2,0.00,1.00,5,0.05,598.18,2,0,7,4,5,140.27,0,8,1,2,140.27,0.00,0.50,0.00,0,2.00,1,140.67,0,2,4,org.apache.solr.util.Converter,0.00,2,1,2,0,2,0,0,0,41,0
"org.apache.solr.util.HighFrequencyDictionary",2,3.00,1.00,11,0.09,1205.36,5,3,7,4,8,90.81,13,14,3,1,123.03,0.00,0.00,0.00,0,2.00,1,274.90,0,1,5,java.lang.Object,0.00,2,0,2,0,2,1,1,1,70,1
"org.apache.solr.util.HighFrequencyDictionary$HighFrequencyIterator",5,0.25,3.00,42,0.38,11652.94,9,4,7,12,2,160.54,5,61,0,1,110.54,0.00,0.00,0.45,2,1.00,6,1132.78,0,1,2,java.lang.Object,0.00,7,0,15,0,7,4,1,5,243,1
"org.apache.solr.util.HighlightingUtils",8,0.00,1.00,27,0.34,6202.68,10,2,26,18,19,130.68,35,38,1,1,130.45,0.00,0.00,0.50,1,0.00,1,1028.10,0,6,19,java.lang.Object,0.00,10,0,8,0,10,2,1,9,245,1
"org.apache.solr.util.Int2Int",2,0.00,1.00,5,0.05,598.18,2,0,7,4,5,140.27,0,8,1,2,140.27,0.00,0.50,0.00,0,2.00,1,140.67,0,2,4,org.apache.solr.util.Converter,0.00,2,1,2,0,2,0,0,0,41,0
"org.apache.solr.util.NumberUtils",18,0.00,1.22,71,0.93,31867.77,18,0,0,32,20,177.58,22,90,20,1,127.58,0.00,0.00,0.00,8,18.00,2,2798.46,0,12,0,java.lang.Object,0.00,14,0,22,0,14,6,0,20,640,1
"org.apache.solr.util.OpenBitSet",3,0.00,1.00,7,0.05,430.66,3,0,1,3,3,190.05,71,11,2,3,142.78,0.00,0.67,0.00,0,3.00,1,152.52,0,0,1,org.apache.lucene.util.OpenBitSet,0.15,0,2,3,0,0,3,2,3,46,1
"org.apache.solr.util.RefCounted",6,0.20,1.17,16,0.12,1748.70,8,2,1,10,12,190.33,11,23,12,1,140.33,0.00,0.00,0.33,1,10.00,2,347.87,0,2,0,java.lang.Object,0.00,4,0,7,0,4,4,0,1,96,2
"org.apache.solr.util.SimplePostTool",11,0.04,3.27,128,1.91,86342.34,22,11,19,52,1,141.10,30,183,1,1,101.21,0.00,0.00,0.12,7,28.00,12,5739.65,0,0,0,java.lang.Object,0.00,41,0,36,0,41,11,0,10,1019,1
"org.apache.solr.util.SimplePostTool$PostException",1,0.00,1.00,3,0.03,199.01,1,0,19,1,0,135.10,0,5,0,2,135.10,0.00,0.50,0.00,0,0.00,1,84.70,0,0,0,java.lang.RuntimeException,0.00,0,1,1,0,0,1,0,0,25,1
"org.apache.solr.util.SolrHighlighterX",4,0.00,1.00,9,0.09,816.86,4,0,26,5,19,141.58,0,14,1,3,141.58,0.00,0.67,0.00,0,4.00,1,282.44,4,3,19,org.apache.solr.highlight.DefaultSolrHighlighter,0.00,1,2,4,0,1,1,0,0,77,0
"org.apache.solr.util.SolrPluginUtils",23,0.18,3.17,218,3.69,181110.51,28,5,30,103,45,66.89,290,306,14,1,104.46,0.00,0.00,0.03,8,65.00,9,11071.85,0,13,32,java.lang.Object,0.00,80,0,73,1,80,10,0,53,2074,1
"org.apache.solr.util.SolrPluginUtils$DisjunctionMaxQueryParser",11,0.90,3.09,110,1.77,88235.04,12,1,30,74,21,60.40,78,153,0,3,102.69,0.00,0.67,0.18,2,34.00,8,5319.11,2,5,21,org.apache.solr.search.SolrQueryParser,0.00,63,2,34,0,63,6,0,16,972,2
"org.apache.solr.util.SolrPluginUtils$DisjunctionMaxQueryParser$Alias",0,0.00,0.00,3,0.02,296.92,2,2,30,0,0,171.00,0,4,0,1,171.00,0.00,0.00,0.00,0,0.00,0,74.23,0,0,0,java.lang.Object,0.00,0,0,0,0,0,0,0,0,19,2
"org.apache.solr.util.SolrPluginUtils$DisjunctionMaxQueryParser$IdentityRegenerator",1,0.00,1.00,4,0.05,614.64,1,0,30,2,3,126.58,0,11,0,1,126.58,0.00,0.00,0.00,0,1.00,1,136.34,0,0,3,java.lang.Object,0.00,1,0,1,0,1,1,1,0,34,2
"org.apache.solr.util.SolrPluginUtilsTest",13,0.00,1.15,199,3.51,240100.54,13,0,29,61,17,143.50,20,262,0,3,93.50,0.00,0.67,0.00,0,31.00,2,10519.63,3,3,17,org.apache.solr.SolrTestCaseJ4,0.00,48,2,15,0,48,10,0,18,1820,1
"org.apache.solr.util.SortDouble",2,0.00,1.00,5,0.04,424.24,2,0,7,4,5,141.45,0,8,1,2,141.45,0.00,0.50,0.00,0,2.00,1,108.47,0,2,4,org.apache.solr.util.Converter,0.00,2,1,2,0,2,0,0,0,33,0
"org.apache.solr.util.SortFloat",2,0.00,1.00,5,0.04,424.24,2,0,7,4,5,141.45,0,8,1,2,141.45,0.00,0.50,0.00,0,2.00,1,108.47,0,2,4,org.apache.solr.util.Converter,0.00,2,1,2,0,2,0,0,0,33,0
"org.apache.solr.util.SortInt",2,0.00,1.00,5,0.04,424.24,2,0,7,4,5,141.45,0,8,1,2,141.45,0.00,0.50,0.00,0,2.00,1,108.47,0,2,4,org.apache.solr.util.Converter,0.00,2,1,2,0,2,0,0,0,33,0
"org.apache.solr.util.SortLong",2,0.00,1.00,5,0.04,424.24,2,0,7,4,5,141.45,0,8,1,2,141.45,0.00,0.50,0.00,0,2.00,1,108.47,0,2,4,org.apache.solr.util.Converter,0.00,2,1,2,0,2,0,0,0,33,0
"org.apache.solr.util.SuggestMissingFactories",1,0.00,3.00,22,0.41,23366.17,1,0,14,13,1,68.40,5,34,0,1,86.27,0.00,0.00,0.00,0,1.00,3,1241.59,0,0,1,java.lang.Object,0.00,12,0,3,0,12,1,0,1,212,1
"org.apache.solr.util.TestHarness",32,0.12,1.72,160,1.91,59755.66,37,5,34,79,20,101.17,171,236,6,1,119.04,0.00,0.00,0.08,10,216.00,6,5726.19,0,20,14,java.lang.Object,0.00,47,0,55,0,47,12,0,31,1228,1
"org.apache.solr.util.TestHarness$Initializer",3,0.25,1.33,21,0.23,5358.13,7,4,34,15,6,113.80,0,30,0,2,113.80,0.00,0.50,0.42,0,1.00,2,704.21,0,2,6,CoreContainer.Initializer,0.00,12,1,4,0,12,1,0,0,157,1
"org.apache.solr.util.TestHarness$LocalRequestFactory",2,0.50,2.50,18,0.29,17603.19,6,4,34,8,2,54.13,18,22,0,1,104.13,0.00,0.00,0.50,0,2.00,4,862.48,0,1,2,java.lang.Object,0.00,6,0,5,0,6,1,0,1,168,1
"org.apache.solr.util.TestNumberUtils",7,0.07,3.71,104,1.58,82852.90,12,5,7,30,12,116.48,25,107,0,3,95.87,0.00,0.67,0.26,5,3.00,9,4752.86,0,1,12,org.apache.lucene.util.LuceneTestCase,0.00,23,2,26,0,23,6,0,25,893,1
"org.apache.solr.util.TestOpenBitSet",7,0.83,2.29,142,2.03,211872.28,8,1,5,54,4,126.88,17,133,0,3,86.99,0.00,0.67,0.29,4,13.00,6,6078.91,0,0,4,org.apache.lucene.util.LuceneTestCase,0.00,47,2,16,0,47,7,0,14,1068,1
"org.apache.solr.util.TestUtils",3,0.00,1.67,79,1.30,77829.86,3,0,8,36,4,133.34,5,87,0,3,83.34,0.00,0.67,0.00,0,3.00,3,3892.21,0,0,4,org.apache.lucene.util.LuceneTestCase,0.00,33,2,5,0,33,3,0,3,698,1
"org.apache.solr.util.VersionedFile",2,1.00,5.50,41,0.52,41365.93,3,1,11,16,2,39.99,16,51,2,1,88.09,0.00,0.00,0.50,1,2.00,7,1567.26,0,1,0,java.lang.Object,0.00,14,0,11,0,14,1,0,9,285,1
"org.apache.solr.util.VersionedFile$FilenameFilter",1,0.00,1.00,3,0.02,217.60,1,0,11,2,0,134.79,0,4,0,1,134.79,0.00,0.00,0.00,0,1.00,1,68.92,0,0,0,java.lang.Object,0.00,1,0,1,0,1,1,0,0,20,0
"org.apache.lucene.analysis.stempel.StempelFilter",3,0.20,2.00,20,0.24,5510.14,8,5,5,9,6,66.11,27,28,1,4,116.11,0.00,0.75,0.33,0,5.00,4,708.94,0,0,5,org.apache.lucene.analysis.TokenFilter,0.27,6,3,6,0,6,3,0,6,155,2
"org.apache.lucene.analysis.stempel.StempelStemmer",3,0.00,2.33,21,0.27,7516.89,5,2,6,17,5,62.52,27,31,2,1,112.52,0.00,0.00,0.50,0,1.00,3,795.63,0,0,3,java.lang.Object,0.00,14,0,7,0,14,3,0,4,170,1
"org.apache.lucene.analysis.hu.HungarianAnalyzer",5,0.50,1.80,21,0.29,6976.19,7,2,17,16,15,75.54,42,31,1,4,123.64,0.00,0.75,0.10,0,8.00,3,861.43,0,2,14,org.apache.lucene.analysis.StopwordAnalyzerBase,0.00,11,3,9,0,11,3,0,8,191,2
"org.apache.lucene.analysis.hu.HungarianAnalyzer$DefaultSetHolder",0,0.00,0.00,6,0.05,843.89,1,1,17,0,2,171.00,2,11,0,1,171.00,0.00,0.00,0.00,0,0.00,0,162.56,0,0,2,java.lang.Object,0.00,0,0,0,0,0,0,0,2,40,2
"org.apache.lucene.analysis.hu.HungarianLightStemFilter",2,0.33,2.00,14,0.16,3794.18,5,3,6,9,8,113.74,9,20,2,4,113.50,0.00,0.75,0.50,0,2.00,3,481.98,0,0,6,org.apache.lucene.analysis.TokenFilter,0.29,7,3,4,0,7,2,0,1,107,2
"org.apache.lucene.analysis.hu.HungarianLightStemmer",6,0.00,7.33,65,1.74,137098.22,6,0,1,7,1,148.91,8,154,1,1,98.91,0.00,0.00,0.00,2,6.00,18,5232.68,0,0,0,java.lang.Object,0.00,1,0,44,0,1,6,0,2,931,1
"org.apache.lucene.analysis.hu.TestHungarianAnalyzer",3,0.00,1.00,14,0.15,2836.17,3,0,5,7,3,164.99,6,19,0,4,125.11,0.00,0.75,0.00,0,0.00,1,450.25,2,0,3,org.apache.lucene.analysis.BaseTokenStreamTestCase,0.00,4,3,3,0,4,3,0,5,103,1
"org.apache.lucene.analysis.hu.TestHungarianLightStemFilter",1,0.00,1.00,5,0.04,412.90,1,0,8,3,5,124.56,4,8,0,4,124.33,0.00,0.75,0.00,0,1.00,1,116.42,0,0,5,org.apache.lucene.analysis.BaseTokenStreamTestCase,0.00,2,3,1,0,2,1,0,2,31,1
"org.apache.lucene.analysis.hu.TestHungarianLightStemFilter$ReusableAnalyzerBase",1,0.00,1.00,4,0.05,771.22,1,0,8,4,3,125.81,0,7,0,1,125.81,0.00,0.00,0.00,0,1.00,1,141.98,0,1,3,java.lang.Object,0.00,3,0,1,0,3,0,0,0,35,0
"org.apache.lucene.search.BaseTestRangeFilter",5,0.09,2.60,67,0.95,42906.95,13,8,7,25,6,138.14,11,76,0,3,98.25,1.50,0.33,0.20,2,2.00,6,2838.81,0,1,6,org.apache.lucene.util.LuceneTestCase,0.00,20,2,13,3,20,4,0,3,531,1
"org.apache.lucene.search.BaseTestRangeFilter$TestIndex",1,4.00,1.00,9,0.06,895.77,5,4,7,2,1,112.16,0,11,0,1,112.16,0.00,0.00,0.00,0,1.00,1,188.17,0,0,1,java.lang.Object,0.00,1,0,1,0,1,1,0,0,51,0
"org.apache.lucene.search.BooleanClause",10,0.11,1.30,27,0.29,6735.17,12,2,0,13,68,177.32,24,43,68,1,137.44,0.00,0.00,0.40,1,10.00,3,863.74,0,3,1,java.lang.Object,0.00,3,0,13,0,3,7,1,7,216,1
"org.apache.lucene.search.BooleanClause$Occur",3,0.00,1.00,10,0.05,506.19,3,0,0,3,0,156.28,10,5,0,1,135.66,0.00,0.00,0.00,0,3.00,1,147.66,0,3,0,java.lang.Object,0.00,0,0,3,0,0,0,1,3,45,2
"org.apache.lucene.search.BooleanFilter",9,0.25,3.89,95,1.30,96453.13,12,3,6,33,10,122.26,28,134,3,2,101.65,0.00,0.50,0.56,3,4.00,14,3902.99,0,4,7,org.apache.lucene.search.Filter,0.00,24,1,35,0,24,5,0,9,782,1
"org.apache.lucene.search.BooleanFilterTest",15,0.36,1.07,89,1.48,33073.66,17,2,10,35,14,118.58,1,122,0,3,118.58,0.00,0.67,0.17,4,42.00,2,4440.30,3,2,14,org.apache.lucene.util.LuceneTestCase,0.22,20,2,16,0,20,13,0,1,919,1
"org.apache.lucene.search.BooleanQuery",20,0.09,2.20,105,1.41,77374.15,24,4,6,51,128,116.73,93,146,120,2,116.49,0.00,0.50,0.16,5,120.00,11,4221.96,3,7,9,org.apache.lucene.search.Query,0.24,31,1,44,0,31,13,1,33,857,1
"org.apache.lucene.search.BooleanQuery$BooleanWeight",8,0.29,4.38,120,1.72,132617.20,10,2,6,45,12,133.45,18,152,0,2,93.56,0.00,0.50,0.25,0,8.00,12,5166.45,0,2,12,org.apache.lucene.search.Weight,0.67,37,1,35,0,37,6,0,18,886,1
"org.apache.lucene.search.BooleanQuery$SimilarityDelegator",1,0.00,1.00,3,0.02,231.51,1,0,6,1,0,134.58,0,5,0,1,134.58,0.00,0.00,0.00,0,1.00,1,67.12,0,0,0,java.lang.Object,0.00,0,0,1,0,0,1,0,0,20,0
"org.apache.lucene.search.BooleanQuery$TooManyClauses",2,0.00,1.00,4,0.02,256.87,2,0,6,2,0,143.17,0,7,0,2,143.17,0.00,0.50,0.00,0,2.00,1,74.26,0,1,0,java.lang.RuntimeException,0.00,0,1,2,0,0,1,0,0,24,2
"org.apache.lucene.search.BooleanScorer",8,0.18,3.38,119,1.53,110138.94,19,11,3,28,6,63.15,48,144,2,3,95.37,0.00,0.67,0.25,1,14.00,8,4585.53,1,1,4,org.apache.lucene.search.Scorer,0.75,20,2,27,0,20,7,0,17,831,1
"org.apache.lucene.search.BooleanScorer$BooleanScorerCollector",5,0.17,1.40,28,0.33,18031.49,8,3,3,7,3,156.72,11,40,0,2,116.84,0.00,0.50,0.20,0,8.00,3,994.76,0,0,3,org.apache.lucene.search.Collector,0.44,2,1,7,0,2,5,0,11,211,3
"org.apache.lucene.search.BooleanScorer$Bucket",0,0.00,0.00,6,0.04,541.33,5,5,3,0,0,171.00,5,7,0,1,171.00,0.00,0.00,0.00,0,0.00,0,116.00,0,0,0,java.lang.Object,0.00,0,0,0,0,0,0,0,5,29,2
"org.apache.lucene.search.BooleanScorer$BucketScorer",5,0.38,1.00,13,0.09,1169.75,7,2,3,5,1,141.11,0,13,0,3,141.11,0.00,0.67,0.20,0,13.00,1,280.31,0,0,1,org.apache.lucene.search.Scorer,0.92,0,2,5,0,0,5,0,0,79,3
"org.apache.lucene.search.BooleanScorer$BucketTable",3,0.25,1.00,10,0.09,1973.96,7,4,3,4,1,131.01,1,11,0,1,131.01,0.00,0.00,0.08,0,4.00,1,279.98,0,1,1,java.lang.Object,0.00,1,0,3,0,1,2,0,1,71,2
"org.apache.lucene.search.BooleanScorer$SubScorer",1,5.00,1.00,12,0.11,2280.21,6,5,3,1,2,104.30,0,16,0,1,104.30,0.00,0.00,0.00,0,1.00,1,330.79,0,0,2,java.lang.Object,0.00,0,0,1,0,0,1,0,0,80,2
"org.apache.lucene.search.BooleanScorer2",14,0.09,1.93,72,1.04,36656.85,22,8,3,32,8,118.10,58,125,1,3,117.86,0.00,0.67,0.21,3,66.00,5,3114.96,0,0,7,org.apache.lucene.search.Scorer,0.82,18,2,27,0,18,14,0,27,657,0
"org.apache.lucene.search.BooleanScorer2$ConjunctionScorer",1,0.00,3.00,11,0.11,2752.65,3,2,3,2,0,72.59,6,14,0,1,104.81,0.00,0.00,1.00,0,0.00,3,321.53,1,0,0,java.lang.Object,0.00,1,0,3,0,1,1,0,6,71,0
"org.apache.lucene.search.BooleanScorer2$Coordinator",1,1.00,2.00,12,0.10,2075.06,4,3,3,3,1,125.08,3,12,0,1,104.46,0.00,0.00,0.67,0,0.00,2,285.50,0,0,1,java.lang.Object,0.00,2,0,2,0,2,1,0,3,66,1
"org.apache.lucene.search.BooleanScorer2$DisjunctionSumScorer",1,0.00,3.00,11,0.11,3150.60,3,2,3,2,0,144.24,2,14,0,1,104.35,0.00,0.00,1.00,0,0.00,3,328.10,1,0,0,java.lang.Object,0.00,1,0,3,0,1,1,0,2,73,0
"org.apache.lucene.search.BooleanScorer2$SingleMatchScorer",5,0.08,1.40,21,0.19,4179.84,8,3,3,10,1,125.45,2,33,0,3,125.45,0.00,0.67,0.40,1,0.00,3,577.27,0,0,1,org.apache.lucene.search.Scorer,0.92,5,2,7,0,5,5,0,2,142,1
"org.apache.lucene.search.BoostingQuery",5,0.42,3.40,36,0.50,21117.16,8,3,7,13,9,110.88,20,54,3,2,110.64,0.00,0.50,0.67,0,0.00,11,1489.34,1,2,6,org.apache.lucene.search.Query,0.11,8,1,17,0,8,3,0,6,326,1
"org.apache.lucene.search.BoostingQuery$BooleanQuery",1,0.00,1.00,3,0.02,161.45,1,0,7,2,3,135.81,0,5,0,1,135.81,0.00,0.00,0.00,0,1.00,1,49.51,0,1,3,java.lang.Object,0.00,1,0,1,0,1,0,0,0,16,0
"org.apache.lucene.search.BoostingQuery$BooleanQuery$DefaultSimilarity",1,0.00,1.00,6,0.05,804.09,1,0,7,1,0,119.33,4,12,0,1,119.09,0.00,0.00,0.00,0,0.00,1,146.30,0,0,0,java.lang.Object,0.00,0,0,1,0,0,1,0,4,36,0
"org.apache.lucene.search.BoostingQueryTest",1,0.00,1.00,8,0.09,1852.95,1,0,2,5,4,111.58,0,10,0,3,111.58,0.00,0.67,0.00,0,1.00,1,283.44,0,0,4,org.apache.lucene.util.LuceneTestCase,0.00,4,2,1,0,4,1,0,0,67,1
"org.apache.lucene.search.CachingSpanFilter",8,0.04,1.62,34,0.40,10776.83,12,4,2,18,6,163.67,17,50,2,3,123.79,0.00,0.67,0.22,2,8.00,3,1197.00,0,3,4,org.apache.lucene.search.SpanFilter,0.00,10,2,13,0,10,5,0,5,271,1
"org.apache.lucene.search.CachingSpanFilter$CachingWrapperFilter.FilterCache<SpanFilterResult>",1,0.00,1.00,3,0.04,499.66,1,0,2,2,2,131.95,0,5,0,1,131.95,0.00,0.00,0.00,0,1.00,1,113.22,0,1,2,java.lang.Object,0.00,1,0,1,0,1,0,0,0,30,0
"org.apache.lucene.search.CachingWrapperFilter",7,0.04,2.00,38,0.44,15200.11,11,4,6,19,12,70.39,61,52,7,2,118.49,1.00,0.33,0.29,1,4.00,4,1329.29,0,3,5,org.apache.lucene.search.Filter,0.00,12,1,14,1,12,4,0,11,289,1
"org.apache.lucene.search.CachingWrapperFilter$DeletesMode",0,0.00,0.00,2,0.01,71.32,0,0,6,0,0,171.00,0,1,0,1,171.00,0.00,0.00,0.00,0,0.00,0,28.53,0,0,0,java.lang.Object,0.00,0,0,0,0,0,0,0,0,9,2
"org.apache.lucene.search.CachingWrapperFilter$FilterCache",4,0.00,2.75,30,0.35,19260.56,6,2,6,8,1,150.13,10,39,0,1,110.24,0.00,0.00,0.50,0,4.00,6,1051.62,0,0,1,java.lang.Object,0.00,4,0,11,0,4,4,1,8,224,2
"org.apache.lucene.search.CachingWrapperFilter$FilterCache<DocIdSet>",1,0.00,1.00,3,0.03,336.30,1,0,6,2,3,133.30,0,5,0,1,133.30,0.00,0.00,0.00,0,1.00,1,83.21,0,1,3,java.lang.Object,0.00,1,0,1,0,1,0,0,0,24,0
"org.apache.lucene.search.CachingWrapperFilter$FilterCache<DocIdSet>$FilteredDocIdSet",1,0.00,1.00,3,0.03,379.08,1,0,6,2,0,132.90,0,5,0,1,132.90,0.00,0.00,0.00,0,1.00,1,81.93,0,0,0,java.lang.Object,0.00,1,0,1,0,1,1,0,0,23,0
"org.apache.lucene.search.CachingWrapperFilterHelper",6,1.00,1.33,21,0.22,5367.69,7,1,3,8,6,179.89,6,33,2,3,129.89,0.00,0.67,0.17,2,14.00,2,648.81,1,2,4,org.apache.lucene.search.CachingWrapperFilter,0.43,2,2,8,0,2,4,0,2,154,1
"org.apache.lucene.search.ChainedFilter",11,0.04,3.09,105,1.24,57224.71,19,8,7,29,8,88.01,64,160,2,2,105.88,0.00,0.50,0.16,4,33.00,14,3724.24,0,7,6,org.apache.lucene.search.Filter,0.00,18,1,34,0,18,4,0,15,763,1
"org.apache.lucene.search.ChainedFilterTest",10,0.36,1.30,117,1.87,68276.18,19,9,23,44,21,151.90,13,132,0,3,101.90,0.00,0.67,0.43,0,0.00,3,5600.78,2,2,21,org.apache.lucene.util.LuceneTestCase,0.27,34,2,13,0,34,8,0,9,1028,1
"org.apache.lucene.search.CheckHits",11,1.00,4.09,179,3.05,235959.20,12,1,6,49,21,43.55,97,232,12,1,91.65,0.00,0.00,0.09,4,20.00,13,9136.24,0,2,10,java.lang.Object,0.00,38,0,45,0,38,9,0,17,1588,1
"org.apache.lucene.search.CheckHits$ExplanationAsserter",6,0.03,1.17,29,0.34,6909.51,13,7,6,12,6,124.40,5,43,0,2,124.40,0.00,0.50,0.17,0,10.00,2,1007.17,0,0,6,org.apache.lucene.search.Collector,0.40,6,1,7,0,6,6,0,2,222,2
"org.apache.lucene.search.CheckHits$ExplanationAssertingSearcher",7,0.00,1.00,19,0.23,3478.19,7,0,6,8,9,138.54,0,37,0,3,138.54,0.00,0.67,0.00,1,7.00,1,683.58,1,2,9,org.apache.lucene.search.IndexSearcher,0.00,1,2,7,0,1,5,0,0,168,2
"org.apache.lucene.search.CheckHits$SetCollector",5,0.25,1.00,12,0.11,1385.62,7,2,6,7,3,140.54,0,21,0,2,140.54,0.00,0.50,0.30,0,7.00,1,344.76,0,0,3,org.apache.lucene.search.Collector,0.44,2,1,5,0,2,5,0,0,92,2
"org.apache.lucene.search.Collector",4,0.00,1.00,5,0.05,327.88,4,0,2,4,56,163.19,142,6,55,1,155.93,0.00,0.00,0.00,0,4.00,1,136.58,0,0,2,java.lang.Object,0.00,0,0,4,20,0,4,0,5,43,2
"org.apache.lucene.search.ComplexExplanation",6,1.00,1.50,17,0.18,3030.30,7,1,0,8,16,106.17,37,25,15,2,138.39,0.00,0.50,0.17,2,10.00,3,525.10,3,2,1,org.apache.lucene.search.Explanation,0.21,2,1,9,0,2,4,0,7,131,1
"org.apache.lucene.search.ConjunctionScorer",7,0.17,2.57,62,0.72,38557.91,10,3,4,16,3,128.25,23,73,1,3,107.64,0.00,0.67,0.48,1,0.00,5,2150.43,0,0,2,org.apache.lucene.search.Scorer,0.80,9,2,18,0,9,7,0,23,443,0
"org.apache.lucene.search.ConjunctionScorer$Comparator<Scorer>",1,0.00,1.00,3,0.03,480.85,1,0,4,2,1,182.08,1,4,0,1,132.08,0.00,0.00,0.00,0,1.00,1,93.66,0,0,1,java.lang.Object,0.00,1,0,1,0,1,1,0,1,27,0
"org.apache.lucene.search.ConstantScoreQuery",8,0.57,1.38,22,0.27,6051.16,9,1,4,14,25,176.91,17,37,19,2,137.03,1.00,0.33,0.50,0,8.00,3,800.64,1,4,6,org.apache.lucene.search.Query,0.18,6,1,11,1,6,4,0,8,196,1
"org.apache.lucene.search.ConstantScoreQuery$ConstantScorer",5,0.08,1.40,24,0.24,4952.11,8,3,4,11,6,124.87,0,37,0,3,124.87,0.00,0.67,0.40,0,0.00,3,707.02,0,0,6,org.apache.lucene.search.Scorer,0.92,6,2,7,0,6,5,0,0,163,1
"org.apache.lucene.search.ConstantScoreQuery$ConstantWeight",7,0.00,1.14,33,0.39,10982.10,10,3,4,16,9,123.35,0,50,0,2,123.35,0.00,0.50,0.33,0,4.00,2,1177.13,0,3,9,org.apache.lucene.search.Weight,0.57,9,1,8,0,9,4,0,0,249,1
"org.apache.lucene.search.DefaultSimilarity",9,0.75,1.11,22,0.29,6195.45,10,1,1,14,27,137.64,42,42,26,2,137.40,7.00,0.11,0.33,0,18.00,2,880.60,0,0,2,org.apache.lucene.search.Similarity,0.37,5,1,10,7,5,9,0,12,216,1
"org.apache.lucene.search.DisjunctionMaxQuery",12,0.23,2.17,74,0.96,50433.20,14,2,7,32,17,95.39,61,100,12,2,113.26,0.00,0.50,0.29,3,22.00,8,2894.76,2,5,5,org.apache.lucene.search.Query,0.23,20,1,26,0,20,7,1,18,599,1
"org.apache.lucene.search.DisjunctionMaxQuery$DisjunctionMaxWeight",7,0.25,2.43,52,0.71,31202.68,9,2,7,29,11,160.54,12,66,0,2,110.54,0.00,0.50,0.29,0,7.00,5,2124.89,0,3,11,org.apache.lucene.search.Weight,0.57,22,1,17,0,22,4,0,12,416,1
"org.apache.lucene.search.DisjunctionMaxScorer",9,0.19,2.78,90,1.04,62923.52,13,4,1,14,3,123.80,35,115,1,3,103.19,0.00,0.67,0.42,4,0.00,6,3120.23,0,0,2,org.apache.lucene.search.Scorer,0.71,5,2,25,0,5,9,0,12,646,0
"org.apache.lucene.search.DisjunctionSumScorer",11,0.11,2.73,78,0.78,29995.65,18,7,3,23,4,69.90,85,109,1,3,112.19,0.00,0.67,0.25,3,13.00,7,2353.70,0,0,3,org.apache.lucene.search.Scorer,0.63,12,2,30,0,12,11,0,21,495,0
"org.apache.lucene.search.DocIdSet",0,0.00,0.00,3,0.02,467.02,0,0,1,1,70,171.00,5,2,70,1,171.00,0.00,0.00,0.00,0,0.00,0,51.89,0,0,0,java.lang.Object,0.00,1,0,0,10,1,0,0,2,15,2
"org.apache.lucene.search.DocIdSet$DocIdSet",4,0.00,1.00,10,0.06,694.92,4,0,1,5,1,182.02,11,18,0,1,142.13,0.00,0.00,0.00,0,4.00,1,175.88,0,2,1,java.lang.Object,0.00,1,0,4,0,1,2,0,2,55,0
"org.apache.lucene.search.DocIdSet$DocIdSet$DocIdSetIterator",3,0.00,1.00,7,0.05,603.80,3,0,1,3,0,141.63,0,7,0,1,141.63,0.00,0.00,0.00,0,3.00,1,146.65,0,0,0,java.lang.Object,0.00,0,0,3,0,0,3,0,0,43,0
"org.apache.lucene.search.DocIdSetIterator",3,1.00,1.00,5,0.04,464.21,4,1,1,3,51,193.06,65,6,51,1,153.76,0.00,0.00,0.00,0,3.00,1,132.13,0,0,0,java.lang.Object,0.00,0,0,3,37,0,3,0,5,40,2
"org.apache.lucene.search.DuplicateFilter",13,0.08,2.08,87,1.04,50185.24,20,7,6,28,10,163.56,22,152,3,2,113.56,0.00,0.50,0.22,2,32.00,7,3111.35,0,4,7,org.apache.lucene.search.Filter,0.00,15,1,27,0,15,9,0,9,636,1
"org.apache.lucene.search.DuplicateFilterTest",8,0.46,1.88,107,1.54,48895.41,13,5,12,39,13,99.49,3,122,0,3,99.49,0.00,0.67,0.60,1,0.00,3,4619.38,3,0,13,org.apache.lucene.util.LuceneTestCase,0.30,31,2,15,0,31,8,0,3,856,1
"org.apache.lucene.search.ElevationComparatorSource",2,1.00,1.00,6,0.06,747.15,3,1,9,3,9,182.95,2,10,3,2,132.95,0.00,0.50,0.00,0,2.00,1,176.60,0,1,6,org.apache.lucene.search.FieldComparatorSource,0.00,1,1,2,0,1,1,0,2,46,0
"org.apache.lucene.search.ElevationComparatorSource$FieldComparator",7,0.06,1.14,20,0.27,5230.95,10,3,9,10,1,137.11,1,33,0,1,137.11,0.00,0.00,0.38,1,10.00,2,817.53,0,1,1,java.lang.Object,0.00,3,0,8,0,3,6,0,1,194,0
"org.apache.lucene.search.ExactPhraseScorer",8,0.18,6.50,191,2.39,355038.94,22,14,3,19,6,103.79,29,241,2,3,83.18,0.00,0.67,0.23,0,0.00,18,7155.16,0,1,4,org.apache.lucene.search.Scorer,0.75,11,2,52,0,11,7,0,29,1284,1
"org.apache.lucene.search.ExactPhraseScorer$ChunkState",1,7.00,1.00,12,0.09,1258.33,8,7,3,1,1,106.33,0,14,0,1,106.33,0.00,0.00,0.00,0,1.00,1,257.84,0,0,1,java.lang.Object,0.00,0,0,1,0,0,1,0,0,65,3
"org.apache.lucene.search.Explanation",13,0.25,1.54,62,0.56,19854.07,16,3,2,21,47,163.26,32,68,47,1,123.37,0.00,0.00,0.10,4,53.00,4,1687.93,0,6,0,java.lang.Object,0.00,8,0,20,1,8,7,1,15,383,1
"org.apache.lucene.search.Explanation$IDFExplanation",2,0.00,1.00,3,0.02,134.04,2,0,2,2,0,156.85,8,4,0,1,156.62,0.00,0.00,0.00,0,2.00,1,55.02,0,1,0,java.lang.Object,0.00,0,0,2,0,0,1,1,2,20,3
"org.apache.lucene.search.FieldCache",19,2.00,1.00,52,0.61,15861.63,21,2,9,26,69,99.20,238,67,64,1,136.76,0.00,0.00,0.00,0,19.00,1,1828.28,0,4,6,,0.00,7,0,19,0,7,15,0,43,415,1
"org.apache.lucene.search.FieldCache$ByteParser",1,0.00,1.00,2,0.01,60.50,1,0,9,1,0,195.74,1,3,0,2,145.74,0.00,0.50,0.00,0,1.00,1,35.16,0,0,0,,0.00,0,1,1,0,0,1,0,1,13,1
"org.apache.lucene.search.FieldCache$ByteParser_0",3,0.00,1.00,7,0.05,644.62,3,0,9,5,1,141.41,0,11,0,1,141.41,0.00,0.00,0.00,0,3.00,1,150.76,0,2,1,java.lang.Object,0.00,2,0,3,0,2,1,0,0,44,0
"org.apache.lucene.search.FieldCache$CacheEntry",10,1.00,1.10,27,0.34,9113.69,11,1,9,21,1,186.44,12,36,0,1,136.44,0.00,0.00,0.10,8,18.00,2,1028.30,0,7,1,java.lang.Object,0.00,11,0,11,0,11,3,0,4,235,3
"org.apache.lucene.search.FieldCache$CreationPlaceholder",0,0.00,0.00,2,0.01,104.61,1,1,9,0,0,171.00,0,3,0,1,171.00,0.00,0.00,0.00,0,0.00,0,34.87,0,0,0,java.lang.Object,0.00,0,0,0,0,0,0,0,0,11,3
"org.apache.lucene.search.FieldCache$DoubleParser",1,0.00,1.00,2,0.01,60.50,1,0,9,1,0,195.74,1,3,0,2,145.74,0.00,0.50,0.00,0,1.00,1,35.16,0,0,0,,0.00,0,1,1,0,0,1,0,1,13,1
"org.apache.lucene.search.FieldCache$DoubleParser_5",3,0.00,1.00,7,0.05,644.62,3,0,9,5,1,141.41,0,11,0,1,141.41,0.00,0.00,0.00,0,3.00,1,150.76,0,2,1,java.lang.Object,0.00,2,0,3,0,2,1,0,0,44,0
"org.apache.lucene.search.FieldCache$DoubleParser_9",3,0.00,1.33,9,0.11,3032.04,3,0,9,8,2,129.48,0,14,0,1,129.48,0.00,0.00,0.00,0,3.00,2,337.85,0,2,2,java.lang.Object,0.00,5,0,4,0,5,1,0,0,78,0
"org.apache.lucene.search.FieldCache$FloatParser",1,0.00,1.00,2,0.01,60.50,1,0,9,1,0,195.74,1,3,0,2,145.74,0.00,0.50,0.00,0,1.00,1,35.16,0,0,0,,0.00,0,1,1,0,0,1,0,1,13,1
"org.apache.lucene.search.FieldCache$FloatParser_3",3,0.00,1.00,7,0.05,644.62,3,0,9,5,1,141.41,0,11,0,1,141.41,0.00,0.00,0.00,0,3.00,1,150.76,0,2,1,java.lang.Object,0.00,2,0,3,0,2,1,0,0,44,0
"org.apache.lucene.search.FieldCache$FloatParser_7",3,0.00,1.33,9,0.11,3032.04,3,0,9,8,2,129.48,0,14,0,1,129.48,0.00,0.00,0.00,0,3.00,2,337.85,0,2,2,java.lang.Object,0.00,5,0,4,0,5,1,0,0,78,0
"org.apache.lucene.search.FieldCache$IntParser",1,0.00,1.00,2,0.01,60.50,1,0,9,1,0,195.74,1,3,0,2,145.74,0.00,0.50,0.00,0,1.00,1,35.16,0,0,0,,0.00,0,1,1,0,0,1,0,1,13,1
"org.apache.lucene.search.FieldCache$IntParser_2",3,0.00,1.00,7,0.05,644.62,3,0,9,5,1,141.41,0,11,0,1,141.41,0.00,0.00,0.00,0,3.00,1,150.76,0,2,1,java.lang.Object,0.00,2,0,3,0,2,1,0,0,44,0
"org.apache.lucene.search.FieldCache$IntParser_6",3,0.00,1.33,9,0.10,2881.86,3,0,9,7,2,129.65,0,14,0,1,129.65,0.00,0.00,0.00,0,3.00,2,313.85,0,2,2,java.lang.Object,0.00,4,0,4,0,4,1,0,0,74,0
"org.apache.lucene.search.FieldCache$LongParser",1,0.00,1.00,2,0.01,60.50,1,0,9,1,0,195.74,1,3,0,2,145.74,0.00,0.50,0.00,0,1.00,1,35.16,0,0,0,,0.00,0,1,1,0,0,1,0,1,13,1
"org.apache.lucene.search.FieldCache$LongParser_4",3,0.00,1.00,7,0.05,644.62,3,0,9,5,1,141.41,0,11,0,1,141.41,0.00,0.00,0.00,0,3.00,1,150.76,0,2,1,java.lang.Object,0.00,2,0,3,0,2,1,0,0,44,0
"org.apache.lucene.search.FieldCache$LongParser_8",3,0.00,1.33,9,0.11,2731.39,3,0,9,7,2,129.83,0,14,0,1,129.83,0.00,0.00,0.00,0,3.00,2,316.08,0,2,2,java.lang.Object,0.00,4,0,4,0,4,1,0,0,74,0
"org.apache.lucene.search.FieldCache$Parser",0,0.00,0.00,1,0.01,31.02,0,0,9,0,0,171.00,0,2,0,2,171.00,0.00,0.50,0.00,0,0.00,0,15.51,0,0,0,,0.00,0,1,0,0,0,0,0,0,6,1
"org.apache.lucene.search.FieldCache$ShortParser",1,0.00,1.00,2,0.01,60.50,1,0,9,1,0,195.74,1,3,0,2,145.74,0.00,0.50,0.00,0,1.00,1,35.16,0,0,0,,0.00,0,1,1,0,0,1,0,1,13,1
"org.apache.lucene.search.FieldCache$ShortParser_1",3,0.00,1.00,7,0.05,644.62,3,0,9,5,1,141.41,0,11,0,1,141.41,0.00,0.00,0.00,0,3.00,1,150.76,0,2,1,java.lang.Object,0.00,2,0,3,0,2,1,0,0,44,0
"org.apache.lucene.search.FieldCache$StringIndex",2,0.50,3.00,15,0.20,12044.91,4,2,9,3,0,130.07,6,25,0,1,109.46,0.00,0.00,0.25,0,2.00,5,607.66,0,0,0,java.lang.Object,0.00,1,0,6,0,1,2,0,6,133,2
"org.apache.lucene.search.FieldCacheImpl",21,0.25,1.38,82,1.35,46038.04,23,2,13,46,7,176.82,28,117,1,1,126.82,0.00,0.00,0.26,7,82.00,7,4051.50,0,2,7,java.lang.Object,0.00,25,0,29,0,25,19,1,17,851,0
"org.apache.lucene.search.FieldCacheImpl$ByteCache",2,0.00,3.00,24,0.35,22749.30,2,0,13,16,5,98.55,0,34,0,2,98.55,0.00,0.50,0.00,0,2.00,5,1063.71,0,1,5,org.apache.lucene.search.Cache,0.00,14,1,6,0,14,1,0,0,189,2
"org.apache.lucene.search.FieldCacheImpl$Cache",6,0.20,2.50,57,0.66,44227.30,8,2,13,23,3,104.74,5,70,0,1,104.74,0.00,0.00,0.33,1,10.00,7,1988.00,0,2,3,java.lang.Object,0.00,17,0,15,0,17,4,0,5,392,2
"org.apache.lucene.search.FieldCacheImpl$CacheEntryImpl",6,0.04,1.17,22,0.19,3897.61,11,5,13,6,0,131.02,4,27,0,2,131.02,0.00,0.50,0.17,0,26.00,2,566.99,0,5,0,org.apache.lucene.search.CacheEntry,0.00,0,1,7,0,0,1,0,4,145,3
"org.apache.lucene.search.FieldCacheImpl$DoubleCache",2,0.00,4.50,28,0.44,30958.97,2,0,13,16,5,144.91,2,42,0,2,94.91,0.00,0.50,0.00,0,2.00,8,1315.97,0,1,5,org.apache.lucene.search.Cache,0.00,14,1,9,0,14,1,0,2,230,2
"org.apache.lucene.search.FieldCacheImpl$Entry",3,0.25,3.00,17,0.18,5360.48,5,2,13,7,1,169.06,5,26,0,1,119.06,0.00,0.00,0.67,0,1.00,6,533.47,0,0,1,java.lang.Object,0.00,4,0,9,0,4,3,0,5,127,1
"org.apache.lucene.search.FieldCacheImpl$FloatCache",2,0.00,4.50,28,0.43,30363.40,2,0,13,16,5,144.97,2,42,0,2,94.97,0.00,0.50,0.00,0,2.00,8,1287.25,0,1,5,org.apache.lucene.search.Cache,0.00,14,1,9,0,14,1,0,2,226,2
"org.apache.lucene.search.FieldCacheImpl$IntCache",2,0.00,4.50,28,0.43,30363.40,2,0,13,16,5,144.97,2,42,0,2,94.97,0.00,0.50,0.00,0,2.00,8,1287.25,0,1,5,org.apache.lucene.search.Cache,0.00,14,1,9,0,14,1,0,2,226,2
"org.apache.lucene.search.FieldCacheImpl$LongCache",2,0.00,4.50,27,0.43,29894.80,2,0,13,16,5,146.23,2,41,0,2,96.23,0.00,0.50,0.00,0,2.00,8,1281.32,0,1,5,org.apache.lucene.search.Cache,0.00,14,1,9,0,14,1,0,2,225,2
"org.apache.lucene.search.FieldCacheImpl$ShortCache",2,0.00,3.00,24,0.35,22749.30,2,0,13,16,5,98.55,0,34,0,2,98.55,0.00,0.50,0.00,0,2.00,5,1063.71,0,1,5,org.apache.lucene.search.Cache,0.00,14,1,6,0,14,1,0,0,189,2
"org.apache.lucene.search.FieldCacheImpl$StopFillCacheException",0,0.00,0.00,1,0.01,49.13,0,0,13,0,0,171.00,0,2,0,2,171.00,0.00,0.50,0.00,0,0.00,0,19.65,0,0,0,java.lang.RuntimeException,0.00,0,1,0,0,0,0,0,0,7,2
"org.apache.lucene.search.FieldCacheImpl$StringCache",2,0.00,2.50,24,0.32,21492.28,2,0,13,15,6,148.79,3,33,0,2,98.79,0.00,0.50,0.00,0,2.00,4,962.75,0,1,6,org.apache.lucene.search.Cache,0.00,13,1,5,0,13,1,0,3,176,2
"org.apache.lucene.search.FieldCacheImpl$StringIndexCache",2,0.00,3.00,31,0.47,48040.98,2,0,13,17,6,74.51,10,40,0,2,92.38,0.00,0.50,0.00,0,2.00,5,1398.59,0,1,6,org.apache.lucene.search.Cache,0.00,15,1,6,0,15,1,0,10,243,2
"org.apache.lucene.search.FieldCacheRangeFilter",24,0.05,1.75,75,1.27,52428.07,30,6,5,39,9,127.01,102,98,3,2,126.78,0.00,0.50,0.12,7,152.00,10,3805.27,0,17,6,org.apache.lucene.search.Filter,0.00,15,1,42,0,15,7,0,23,834,2
"org.apache.lucene.search.FieldCacheRangeFilter$FieldCacheDocIdSet_6",4,0.17,1.50,17,0.14,3841.62,6,2,5,7,4,164.85,9,25,0,2,124.96,0.00,0.50,0.38,0,4.00,3,432.80,0,1,4,org.apache.lucene.search.DocIdSet,0.00,3,1,6,0,3,3,0,9,107,2
"org.apache.lucene.search.FieldCacheRangeFilter$FieldCacheDocIdSet_6$DocIdSetIterator",3,0.00,2.33,14,0.16,4735.23,4,1,5,6,0,123.16,0,24,0,1,123.16,0.00,0.00,1.00,0,0.00,4,487.20,0,0,0,java.lang.Object,0.00,3,0,7,0,3,3,0,0,114,0
"org.apache.lucene.search.FieldCacheRangeFilter$FieldCacheDocIdSet_6$DocIdSetIterator_7",3,0.00,2.00,18,0.13,3608.41,4,1,5,3,0,117.56,0,29,0,1,117.56,0.00,0.00,1.00,0,0.00,3,403.09,0,0,0,java.lang.Object,0.00,0,0,6,0,0,3,0,0,97,0
"org.apache.lucene.search.FieldCacheRangeFilter$FieldCacheRangeFilter<Byte>",1,0.00,8.00,18,0.30,22363.51,1,0,5,3,3,139.45,1,25,0,1,89.45,0.00,0.00,0.00,0,0.00,8,905.97,0,1,3,java.lang.Object,0.00,2,0,8,0,2,0,0,1,165,0
"org.apache.lucene.search.FieldCacheRangeFilter$FieldCacheRangeFilter<Byte>$FieldCacheDocIdSet_0",1,0.00,1.00,3,0.04,768.89,1,0,5,1,0,130.48,0,5,0,1,130.48,0.00,0.00,0.00,0,1.00,1,134.90,0,0,0,java.lang.Object,0.00,0,0,1,0,0,1,0,0,35,0
"org.apache.lucene.search.FieldCacheRangeFilter$FieldCacheRangeFilter<Double>",1,0.00,8.00,20,0.36,26877.56,1,0,5,6,4,107.73,3,27,0,1,87.11,0.00,0.00,0.00,0,0.00,8,1086.36,0,1,4,java.lang.Object,0.00,5,0,8,0,5,0,0,3,191,0
"org.apache.lucene.search.FieldCacheRangeFilter$FieldCacheRangeFilter<Double>$FieldCacheDocIdSet_5",1,0.00,1.00,3,0.04,768.89,1,0,5,1,0,130.48,0,5,0,1,130.48,0.00,0.00,0.00,0,1.00,1,134.90,0,0,0,java.lang.Object,0.00,0,0,1,0,0,1,0,0,35,0
"org.apache.lucene.search.FieldCacheRangeFilter$FieldCacheRangeFilter<Float>",1,0.00,8.00,20,0.36,26877.56,1,0,5,6,4,107.73,3,27,0,1,87.11,0.00,0.00,0.00,0,0.00,8,1086.36,0,1,4,java.lang.Object,0.00,5,0,8,0,5,0,0,3,191,0
"org.apache.lucene.search.FieldCacheRangeFilter$FieldCacheRangeFilter<Float>$FieldCacheDocIdSet_4",1,0.00,1.00,3,0.04,768.89,1,0,5,1,0,130.48,0,5,0,1,130.48,0.00,0.00,0.00,0,1.00,1,134.90,0,0,0,java.lang.Object,0.00,0,0,1,0,0,1,0,0,35,0
"org.apache.lucene.search.FieldCacheRangeFilter$FieldCacheRangeFilter<Integer>",1,0.00,8.00,18,0.29,20554.25,1,0,5,3,3,139.73,1,25,0,1,89.73,0.00,0.00,0.00,0,0.00,8,860.82,0,1,3,java.lang.Object,0.00,2,0,8,0,2,0,0,1,157,0
"org.apache.lucene.search.FieldCacheRangeFilter$FieldCacheRangeFilter<Integer>$FieldCacheDocIdSet_2",1,0.00,1.00,3,0.04,768.89,1,0,5,1,0,130.48,0,5,0,1,130.48,0.00,0.00,0.00,0,1.00,1,134.90,0,0,0,java.lang.Object,0.00,0,0,1,0,0,1,0,0,35,0
"org.apache.lucene.search.FieldCacheRangeFilter$FieldCacheRangeFilter<Long>",1,0.00,8.00,18,0.29,20554.25,1,0,5,3,3,139.73,1,25,0,1,89.73,0.00,0.00,0.00,0,0.00,8,860.82,0,1,3,java.lang.Object,0.00,2,0,8,0,2,0,0,1,157,0
"org.apache.lucene.search.FieldCacheRangeFilter$FieldCacheRangeFilter<Long>$FieldCacheDocIdSet_3",1,0.00,1.00,3,0.04,768.89,1,0,5,1,0,130.48,0,5,0,1,130.48,0.00,0.00,0.00,0,1.00,1,134.90,0,0,0,java.lang.Object,0.00,0,0,1,0,0,1,0,0,35,0
"org.apache.lucene.search.FieldCacheRangeFilter$FieldCacheRangeFilter<Short>",1,0.00,8.00,18,0.30,22070.83,1,0,5,3,3,139.49,1,25,0,1,89.49,0.00,0.00,0.00,0,0.00,8,894.68,0,1,3,java.lang.Object,0.00,2,0,8,0,2,0,0,1,163,0
"org.apache.lucene.search.FieldCacheRangeFilter$FieldCacheRangeFilter<Short>$FieldCacheDocIdSet_1",1,0.00,1.00,3,0.04,768.89,1,0,5,1,0,130.48,0,5,0,1,130.48,0.00,0.00,0.00,0,1.00,1,134.90,0,0,0,java.lang.Object,0.00,0,0,1,0,0,1,0,0,35,0
"org.apache.lucene.search.FieldCacheRangeFilter$FieldCacheRangeFilter<String>",1,0.00,8.00,27,0.36,27055.14,1,0,5,5,2,50.00,6,32,0,1,82.23,0.00,0.00,0.00,0,0.00,8,1091.83,0,1,2,java.lang.Object,0.00,4,0,8,0,4,0,0,6,197,0
"org.apache.lucene.search.FieldCacheRangeFilter$FieldCacheRangeFilter<String>$FieldCacheDocIdSet",1,0.00,1.00,3,0.04,1021.63,1,0,5,1,0,129.50,0,5,0,1,129.50,0.00,0.00,0.00,0,1.00,1,132.20,0,0,0,java.lang.Object,0.00,0,0,1,0,0,1,0,0,33,0
"org.apache.lucene.search.FieldCacheTermsFilter",3,0.50,1.00,11,0.10,1667.80,5,2,4,5,8,178.86,70,15,2,2,131.59,1.00,0.33,0.17,1,4.00,1,298.79,0,1,6,org.apache.lucene.search.Filter,0.00,2,1,3,1,2,2,0,2,78,1
"org.apache.lucene.search.FieldCacheTermsFilter$FieldCacheTermsFilterDocIdSet",3,0.50,1.67,18,0.17,4964.24,5,2,4,7,3,116.51,1,24,0,2,116.51,0.00,0.50,0.17,0,4.00,3,507.86,0,1,3,org.apache.lucene.search.DocIdSet,0.00,4,1,5,0,4,2,0,1,116,1
"org.apache.lucene.search.FieldCacheTermsFilter$FieldCacheTermsFilterDocIdSet$FieldCacheTermsFilterDocIdSetIterator",3,0.00,2.33,16,0.15,4125.91,4,1,4,3,1,120.02,0,28,0,2,120.02,0.00,0.50,1.00,0,0.00,3,462.35,0,0,1,org.apache.lucene.search.DocIdSetIterator,1.00,0,1,7,0,0,3,0,0,105,1
"org.apache.lucene.search.FieldComparator",9,0.00,1.44,32,0.41,19025.50,9,0,11,10,36,126.46,149,43,34,1,126.93,0.00,0.00,0.00,1,9.00,5,1227.00,0,1,2,java.lang.Object,0.00,1,0,13,17,1,8,0,21,287,2
"org.apache.lucene.search.FieldComparator$ByteComparator",7,0.13,1.00,22,0.27,4661.70,12,5,11,9,2,130.97,0,36,0,2,130.97,0.00,0.50,0.31,0,0.00,1,801.32,0,1,2,org.apache.lucene.search.FieldComparator,0.62,2,1,7,0,2,6,0,0,194,3
"org.apache.lucene.search.FieldComparator$DocComparator",7,0.06,1.00,18,0.20,3765.75,10,3,11,8,2,138.27,5,32,0,2,138.27,0.00,0.50,0.38,0,0.00,1,605.80,0,1,2,org.apache.lucene.search.FieldComparator,0.62,1,1,7,0,1,6,0,5,155,3
"org.apache.lucene.search.FieldComparator$DoubleComparator",7,0.13,1.57,35,0.37,9582.21,12,5,11,9,2,120.12,0,51,0,2,120.12,0.00,0.50,0.31,0,0.00,3,1099.92,0,1,2,org.apache.lucene.search.FieldComparator,0.62,2,1,11,0,2,6,0,0,252,3
"org.apache.lucene.search.FieldComparator$FloatComparator",7,0.13,1.57,35,0.37,9582.21,12,5,11,9,2,120.12,4,51,0,2,120.12,0.00,0.50,0.31,0,0.00,3,1099.92,0,1,2,org.apache.lucene.search.FieldComparator,0.62,2,1,11,0,2,6,0,4,252,3
"org.apache.lucene.search.FieldComparator$IntComparator",7,0.13,1.57,35,0.36,10168.54,12,5,11,9,2,169.92,9,51,0,2,119.92,0.00,0.50,0.31,0,0.00,3,1091.66,0,1,2,org.apache.lucene.search.FieldComparator,0.62,2,1,11,0,2,6,0,9,252,3
"org.apache.lucene.search.FieldComparator$LongComparator",7,0.13,1.57,35,0.37,9582.21,12,5,11,9,2,120.12,4,51,0,2,120.12,0.00,0.50,0.31,0,0.00,3,1099.92,0,1,2,org.apache.lucene.search.FieldComparator,0.62,2,1,11,0,2,6,0,4,252,3
"org.apache.lucene.search.FieldComparator$RelevanceComparator",8,0.00,1.50,22,0.30,7912.19,11,3,11,11,4,136.09,2,38,0,2,136.09,0.00,0.50,0.33,0,0.00,3,905.21,0,1,4,org.apache.lucene.search.FieldComparator,0.71,3,1,12,0,3,7,0,2,214,3
"org.apache.lucene.search.FieldComparator$ShortComparator",7,0.13,1.00,22,0.27,4661.70,12,5,11,9,2,130.97,0,36,0,2,130.97,0.00,0.50,0.31,0,0.00,1,801.32,0,1,2,org.apache.lucene.search.FieldComparator,0.62,2,1,7,0,2,6,0,0,194,3
"org.apache.lucene.search.FieldComparator$StringComparatorLocale",7,0.20,1.86,37,0.40,11508.22,12,5,11,10,2,119.46,0,55,0,2,119.46,0.00,0.50,0.37,0,0.00,4,1188.26,0,1,2,org.apache.lucene.search.FieldComparator,0.62,3,1,13,0,3,6,0,0,269,3
"org.apache.lucene.search.FieldComparator$StringOrdValComparator",10,0.23,2.30,85,0.86,32970.46,21,11,11,12,2,109.42,7,113,0,2,109.42,0.00,0.50,0.30,1,0.00,6,2583.02,1,3,2,org.apache.lucene.search.FieldComparator,0.53,2,1,23,0,2,7,0,7,539,3
"org.apache.lucene.search.FieldComparator$StringValComparator",7,0.12,1.86,35,0.36,10947.06,11,4,11,9,2,119.63,0,53,0,2,119.63,0.00,0.50,0.36,0,0.00,4,1094.23,0,1,2,org.apache.lucene.search.FieldComparator,0.62,2,1,13,0,2,6,0,0,251,3
"org.apache.lucene.search.FieldComparatorSource",1,0.00,1.00,2,0.03,221.03,1,0,2,1,14,130.95,15,4,13,1,141.31,0.00,0.00,0.00,0,1.00,1,82.16,0,0,1,java.lang.Object,0.00,0,0,1,7,0,1,1,2,23,2
"org.apache.lucene.search.FieldDoc",3,1.00,1.33,18,0.18,6105.94,4,1,0,9,6,115.38,48,21,5,2,115.85,0.00,0.50,0.33,0,4.00,2,547.57,1,1,1,org.apache.lucene.search.ScoreDoc,0.40,6,1,4,0,6,2,0,9,123,1
"org.apache.lucene.search.FieldDocSortedHitQueue",5,0.25,3.40,47,0.61,48113.36,7,2,3,13,6,55.65,40,56,3,2,103.76,0.00,0.50,0.30,0,7.00,10,1831.67,1,1,3,org.apache.lucene.util.PriorityQueue,0.00,8,1,17,0,8,4,0,13,354,0
"org.apache.lucene.search.FieldValueHitQueue",7,0.06,1.57,35,0.37,10858.96,10,3,2,12,20,77.41,51,39,16,2,119.70,2.00,0.25,0.29,0,16.00,3,1109.62,0,1,4,org.apache.lucene.util.PriorityQueue,0.00,5,1,11,2,5,6,0,14,248,2
"org.apache.lucene.search.FieldValueHitQueue$Entry",2,1.00,1.00,7,0.06,822.10,3,1,2,2,1,132.62,0,11,0,2,132.62,0.00,0.50,0.50,0,2.00,1,192.01,1,1,1,org.apache.lucene.search.ScoreDoc,0.50,0,1,2,0,0,1,0,0,52,2
"org.apache.lucene.search.FieldValueHitQueue$MultiComparatorsFieldValueHitQueue",2,0.00,3.00,24,0.28,15551.00,2,0,2,3,2,149.85,2,26,0,3,99.85,0.00,0.67,0.00,0,0.00,3,840.64,1,0,2,org.apache.lucene.search.FieldValueHitQueue,0.00,1,2,6,0,1,2,0,2,169,3
"org.apache.lucene.search.FieldValueHitQueue$OneComparatorFieldValueHitQueue",2,1.00,2.50,20,0.25,9949.61,4,2,2,5,3,124.99,7,27,0,3,104.38,0.00,0.67,1.00,0,0.00,3,755.80,1,0,3,org.apache.lucene.search.FieldValueHitQueue,0.00,3,2,5,0,3,2,0,2,157,3
"org.apache.lucene.search.Filter",1,0.00,1.00,2,0.02,192.67,1,0,3,1,83,191.77,25,3,80,1,141.78,0.00,0.00,0.00,0,1.00,1,69.76,0,1,3,java.lang.Object,0.00,0,0,1,33,0,0,1,2,21,2
"org.apache.lucene.search.FilterClause",3,0.25,1.00,10,0.07,872.12,5,2,1,3,4,101.58,19,18,3,1,133.80,0.00,0.00,0.33,0,5.00,1,211.70,0,2,1,java.lang.Object,0.00,0,0,3,0,0,1,1,4,59,1
"org.apache.lucene.search.FilterManager",5,0.11,1.40,35,0.35,8937.00,12,7,7,18,5,69.66,59,44,3,1,113.79,0.00,0.00,0.23,0,10.00,2,1064.27,0,1,2,java.lang.Object,0.00,13,0,7,0,13,4,0,16,234,1
"org.apache.lucene.search.FilterManager$FilterCleaner",2,0.00,3.00,21,0.32,12939.14,4,2,7,11,1,124.05,6,30,0,1,103.44,0.00,0.00,0.50,0,0.00,5,952.75,0,0,1,java.lang.Object,0.00,9,0,6,0,9,2,1,6,179,1
"org.apache.lucene.search.FilterManager$FilterCleaner$Comparator<Map.Entry<Integer,FilterItem>>",1,0.00,3.00,9,0.12,4318.98,1,0,7,2,0,146.41,2,12,0,1,106.52,0.00,0.00,0.00,0,1.00,3,359.90,0,0,0,java.lang.Object,0.00,1,0,3,0,1,1,0,2,80,0
"org.apache.lucene.search.FilterManager$FilterItem",1,2.00,1.00,6,0.04,554.11,3,2,7,3,1,120.37,0,8,0,1,120.37,0.00,0.00,0.00,0,1.00,1,134.08,0,0,1,java.lang.Object,0.00,2,0,1,0,2,1,0,0,37,1
"org.apache.lucene.search.FilteredDocIdSet",4,0.67,1.00,9,0.07,857.85,5,1,1,6,9,93.31,33,15,6,2,141.41,1.00,0.33,0.50,0,4.00,1,199.84,0,0,3,org.apache.lucene.search.DocIdSet,0.00,2,1,4,1,2,4,0,5,59,2
"org.apache.lucene.search.FilteredDocIdSet$FilteredDocIdSetIterator",1,0.00,1.00,3,0.04,506.92,1,0,1,2,1,131.90,0,5,0,1,131.90,0.00,0.00,0.00,0,1.00,1,106.46,0,0,1,java.lang.Object,0.00,1,0,1,0,1,1,0,0,29,0
"org.apache.lucene.search.FilteredDocIdSetIterator",5,0.12,2.40,27,0.23,7360.17,7,2,1,7,3,140.39,16,42,2,2,119.78,1.00,0.33,0.60,1,0.00,5,683.82,0,0,1,org.apache.lucene.search.DocIdSetIterator,0.75,2,1,12,1,2,5,0,3,163,2
"org.apache.lucene.search.FilteredQuery",9,0.06,1.22,39,0.42,11759.68,11,2,5,25,22,144.57,27,58,14,2,123.96,0.00,0.50,0.56,1,0.00,2,1254.06,2,4,8,org.apache.lucene.search.Query,0.17,16,1,11,0,16,5,0,8,297,1
"org.apache.lucene.search.FilteredQuery$Weight",6,0.80,2.17,40,0.53,22987.79,7,1,5,21,8,113.58,3,56,0,1,113.58,0.00,0.00,0.33,0,14.00,5,1576.65,0,2,8,java.lang.Object,0.00,15,0,13,0,15,4,0,3,313,0
"org.apache.lucene.search.FilteredQuery$Weight$Scorer",5,0.50,1.80,19,0.28,10584.25,6,1,5,12,0,126.88,0,30,0,1,126.88,0.00,0.00,0.60,0,2.00,3,846.00,0,0,0,java.lang.Object,0.00,7,0,9,0,7,5,0,0,193,0
"org.apache.lucene.search.FilteredTermEnum",9,0.06,1.89,34,0.31,9488.96,11,2,3,13,19,169.14,23,49,17,2,129.25,8.00,0.10,0.44,2,4.00,6,941.68,0,1,2,org.apache.lucene.index.TermEnum,0.62,4,1,17,8,4,8,0,13,226,2
"org.apache.lucene.search.FuzzyLikeThisQuery",9,0.16,4.33,138,2.04,143896.49,17,8,13,57,16,61.47,58,190,3,2,93.69,0.00,0.50,0.26,1,2.00,12,6120.14,1,2,13,org.apache.lucene.search.Query,0.09,48,1,39,0,48,7,0,32,1064,1
"org.apache.lucene.search.FuzzyLikeThisQuery$FieldVals",3,1.00,5.33,32,0.42,20772.02,7,4,13,7,0,103.07,0,52,0,1,103.07,0.00,0.00,0.92,0,0.00,12,1256.70,0,0,0,java.lang.Object,0.00,4,0,16,0,4,3,0,0,266,0
"org.apache.lucene.search.FuzzyLikeThisQuery$FuzzyTermQuery",2,1.00,1.00,9,0.07,1130.62,3,1,13,3,5,126.87,0,17,0,3,126.87,0.00,0.67,0.00,0,2.00,1,204.14,1,1,5,org.apache.lucene.search.TermQuery,0.00,1,2,2,0,1,1,0,0,55,2
"org.apache.lucene.search.FuzzyLikeThisQuery$FuzzyTermQuery$SimilarityDelegator",2,0.00,1.50,7,0.05,820.89,2,0,13,2,0,182.53,2,15,0,1,132.53,0.00,0.00,0.00,0,2.00,2,160.88,1,0,0,java.lang.Object,0.00,0,0,3,0,0,2,0,2,44,0
"org.apache.lucene.search.FuzzyLikeThisQuery$ScoreTerm",1,3.00,1.00,8,0.06,948.88,4,3,13,1,1,113.87,0,10,0,1,113.87,0.00,0.00,0.00,0,1.00,1,171.73,0,0,1,java.lang.Object,0.00,0,0,1,0,0,1,0,0,47,2
"org.apache.lucene.search.FuzzyLikeThisQuery$ScoreTermQueue",2,0.00,1.50,5,0.09,2781.31,2,0,13,3,1,184.93,3,12,0,2,134.93,0.00,0.50,0.00,0,2.00,2,259.43,1,0,1,org.apache.lucene.util.PriorityQueue,0.00,1,1,3,0,1,2,0,1,64,2
"org.apache.lucene.search.FuzzyLikeThisQueryTest",7,0.21,1.00,75,1.24,34857.66,11,4,12,32,14,104.58,4,90,0,3,104.58,0.00,0.67,0.43,1,0.00,1,3715.29,3,0,14,org.apache.lucene.util.LuceneTestCase,0.32,25,2,7,0,25,7,0,4,687,1
"org.apache.lucene.search.FuzzyQuery",11,0.14,2.45,62,0.83,30822.35,18,7,4,29,26,117.81,53,95,20,3,117.57,0.00,0.67,0.27,0,21.00,9,2500.22,3,3,7,org.apache.lucene.search.MultiTermQuery,0.12,18,2,27,0,18,8,0,9,527,1
"org.apache.lucene.search.FuzzyTermEnum",9,0.16,2.67,84,1.33,140719.34,19,10,3,22,5,82.01,132,102,2,3,102.15,0.00,0.67,0.24,1,10.00,11,3999.48,2,0,4,org.apache.lucene.search.FilteredTermEnum,0.41,13,2,24,0,13,9,0,44,754,2
"org.apache.lucene.search.HitQueue",3,1.00,1.67,9,0.13,4048.54,4,1,1,4,7,108.29,43,18,5,2,128.44,0.00,0.50,0.33,0,4.00,2,396.56,1,1,2,org.apache.lucene.util.PriorityQueue,0.13,1,1,5,0,1,2,0,5,96,1
"org.apache.lucene.search.IndexSearcher",20,0.01,1.75,119,1.45,62193.25,26,6,10,50,175,117.53,80,159,155,2,117.29,3.00,0.20,0.18,3,90.00,8,4341.06,0,3,20,org.apache.lucene.search.Searcher,0.40,30,1,35,3,30,17,0,22,902,1
"org.apache.lucene.search.JustCompileSearch",0,0.00,0.00,21,0.29,4395.85,1,1,8,0,7,171.00,7,34,0,1,171.00,0.00,0.00,0.00,0,0.00,0,859.19,0,0,7,java.lang.Object,0.00,0,0,0,0,0,0,0,1,150,1
"org.apache.lucene.search.JustCompileSearch$JustCompileCollector",4,0.00,1.00,9,0.10,1274.88,4,0,8,5,3,140.06,0,19,0,2,140.06,0.00,0.50,0.00,0,0.00,1,297.24,0,0,3,org.apache.lucene.search.Collector,0.50,1,1,4,0,1,4,0,0,77,2
"org.apache.lucene.search.JustCompileSearch$JustCompileDocIdSet",1,0.00,1.00,3,0.03,333.41,1,0,8,2,2,133.33,0,6,0,2,133.33,0.00,0.50,0.00,0,0.00,1,80.57,0,1,2,org.apache.lucene.search.DocIdSet,0.00,1,1,1,0,1,0,0,0,23,2
"org.apache.lucene.search.JustCompileSearch$JustCompileDocIdSetIterator",3,0.00,1.00,7,0.07,905.87,3,0,8,4,1,140.24,0,14,0,2,140.24,0.00,0.50,0.00,0,0.00,1,201.08,0,0,1,org.apache.lucene.search.DocIdSetIterator,1.00,1,1,3,0,1,3,0,0,55,2
"org.apache.lucene.search.JustCompileSearch$JustCompileExtendedFieldCacheDoubleParser",1,0.00,1.00,3,0.03,225.40,1,0,8,2,0,134.67,0,5,0,1,134.67,0.00,0.00,0.00,0,0.00,1,75.13,0,0,0,java.lang.Object,0.00,1,0,1,0,1,1,1,0,22,2
"org.apache.lucene.search.JustCompileSearch$JustCompileExtendedFieldCacheLongParser",1,0.00,1.00,3,0.03,225.40,1,0,8,2,0,134.67,0,5,0,1,134.67,0.00,0.00,0.00,0,0.00,1,75.13,0,0,0,java.lang.Object,0.00,1,0,1,0,1,1,1,0,22,2
"org.apache.lucene.search.JustCompileSearch$JustCompileFieldComparator",6,0.00,1.00,13,0.15,2007.41,6,0,8,7,2,139.89,0,27,0,2,139.89,0.00,0.50,0.00,0,0.00,1,445.49,0,1,2,org.apache.lucene.search.FieldComparator,0.67,1,1,6,0,1,5,0,0,115,2
"org.apache.lucene.search.JustCompileSearch$JustCompileFieldComparatorSource",1,0.00,1.00,3,0.04,535.66,1,0,8,2,2,131.71,0,7,0,2,131.71,0.00,0.50,0.00,0,0.00,1,125.07,0,1,2,org.apache.lucene.search.FieldComparatorSource,0.00,1,1,1,0,1,0,0,0,31,2
"org.apache.lucene.search.JustCompileSearch$JustCompileFilter",1,0.00,1.00,3,0.03,277.57,1,0,8,1,3,173.85,2,6,0,2,133.96,0.00,0.50,0.00,0,1.00,1,76.76,0,1,3,org.apache.lucene.search.Filter,0.00,0,1,1,0,0,0,0,2,22,2
"org.apache.lucene.search.JustCompileSearch$JustCompileFilteredDocIdSet",2,0.00,1.00,5,0.04,367.80,2,0,8,3,2,141.94,0,9,0,3,141.94,0.00,0.67,0.00,0,2.00,1,110.57,0,0,2,org.apache.lucene.search.FilteredDocIdSet,0.50,1,2,2,0,1,2,0,0,33,2
"org.apache.lucene.search.JustCompileSearch$JustCompileFilteredDocIdSetIterator",2,0.00,1.00,5,0.04,367.80,2,0,8,3,2,141.94,0,9,0,3,141.94,0.00,0.67,0.00,0,2.00,1,110.57,0,0,2,org.apache.lucene.search.FilteredDocIdSetIterator,0.30,1,2,2,0,1,2,0,0,33,2
"org.apache.lucene.search.JustCompileSearch$JustCompileFilteredTermEnum",3,0.00,1.00,7,0.06,714.39,3,0,8,4,2,141.05,0,14,0,3,141.05,0.00,0.67,0.00,0,0.00,1,180.95,0,0,2,org.apache.lucene.search.FilteredTermEnum,0.38,1,2,3,0,1,3,0,0,51,2
"org.apache.lucene.search.JustCompileSearch$JustCompilePhraseScorer",2,0.00,1.00,5,0.06,612.43,2,0,8,3,4,140.19,0,10,0,4,140.19,0.00,0.75,0.00,0,2.00,1,179.38,0,0,4,org.apache.lucene.search.PhraseScorer,0.17,1,3,2,0,1,2,0,0,48,2
"org.apache.lucene.search.JustCompileSearch$JustCompileQuery",1,0.00,1.00,3,0.03,325.43,1,0,8,2,1,133.42,0,6,0,2,133.42,0.00,0.50,0.00,0,0.00,1,78.86,0,1,1,org.apache.lucene.search.Query,0.00,1,1,1,0,1,0,0,0,23,2
"org.apache.lucene.search.JustCompileSearch$JustCompileScorer",6,0.00,1.00,13,0.13,1706.94,6,0,8,7,3,140.45,0,26,0,3,140.45,0.00,0.67,0.00,0,0.00,1,385.45,0,0,3,org.apache.lucene.search.Scorer,0.86,1,2,6,0,1,6,0,0,103,2
"org.apache.lucene.search.JustCompileSearch$JustCompileSearcher",20,0.00,1.00,41,0.55,7263.39,20,0,8,21,14,139.61,0,88,0,2,139.61,0.00,0.50,0.00,0,0.00,1,1643.51,0,12,14,org.apache.lucene.search.Searcher,0.20,1,1,20,0,1,8,0,0,399,2
"org.apache.lucene.search.JustCompileSearch$JustCompileSimilarity",6,0.00,1.00,13,0.14,1740.73,6,0,8,7,1,140.38,0,26,0,2,140.38,0.00,0.50,0.00,0,0.00,1,411.63,0,0,1,org.apache.lucene.search.Similarity,0.42,1,1,6,0,1,6,0,0,109,2
"org.apache.lucene.search.JustCompileSearch$JustCompileSpanFilter",2,0.00,1.00,5,0.05,601.57,2,0,8,3,4,140.26,0,10,0,3,140.26,0.00,0.67,0.00,0,2.00,1,148.76,0,2,4,org.apache.lucene.search.SpanFilter,0.00,1,2,2,0,1,0,0,0,40,2
"org.apache.lucene.search.JustCompileSearch$JustCompileTopDocsCollector",5,0.00,1.00,11,0.11,1349.88,5,0,8,6,4,140.62,0,22,0,3,140.62,0.00,0.67,0.00,0,0.00,1,327.24,0,0,4,org.apache.lucene.search.TopDocsCollector,0.38,1,2,5,0,1,5,0,0,87,2
"org.apache.lucene.search.JustCompileSearch$JustCompileWeight",6,0.00,1.00,13,0.14,1807.41,6,0,8,7,5,140.25,0,27,0,2,140.25,0.00,0.50,0.00,0,0.00,1,418.72,0,3,5,org.apache.lucene.search.Weight,0.62,1,1,6,0,1,3,0,0,109,2
"org.apache.lucene.search.MatchAllDocsQuery",7,1.00,1.14,22,0.22,4385.58,8,1,6,14,42,181.15,7,35,35,2,131.15,0.00,0.50,0.00,0,7.00,2,674.56,1,2,7,org.apache.lucene.search.Query,0.10,7,1,8,0,7,5,0,2,169,1
"org.apache.lucene.search.MatchAllDocsQuery$MatchAllDocsWeight",8,0.14,1.25,26,0.29,5617.54,11,3,6,15,9,130.74,1,46,0,2,130.74,0.00,0.50,0.21,0,26.00,2,859.93,0,4,9,org.apache.lucene.search.Weight,0.53,7,1,10,0,7,4,0,1,206,1
"org.apache.lucene.search.MatchAllDocsQuery$MatchAllScorer",5,0.19,1.60,18,0.23,4542.31,9,4,6,11,5,129.80,0,29,0,3,129.80,0.00,0.67,0.40,0,4.00,2,695.57,0,0,5,org.apache.lucene.search.Scorer,0.92,6,2,8,0,6,5,0,0,162,1
"org.apache.lucene.search.MockFilter",3,0.00,1.00,9,0.06,664.83,4,1,3,5,5,134.73,0,14,1,2,134.73,0.00,0.50,1.00,0,0.00,1,177.45,0,1,4,org.apache.lucene.search.Filter,0.00,2,1,3,0,2,2,0,0,50,1
"org.apache.lucene.search.MultiPhraseQuery",15,0.02,2.53,107,1.44,76127.90,19,4,7,47,32,130.70,45,137,22,2,110.08,0.00,0.50,0.23,2,60.00,8,4332.41,1,2,10,org.apache.lucene.search.Query,0.14,32,1,38,0,32,13,0,15,867,1
"org.apache.lucene.search.MultiPhraseQuery$MultiPhraseWeight",7,0.13,3.29,103,1.56,111993.11,12,5,7,38,15,144.87,12,131,0,2,94.87,0.00,0.50,0.31,0,5.00,9,4673.16,0,1,15,org.apache.lucene.search.Weight,0.57,31,1,23,0,31,6,0,12,800,1
"org.apache.lucene.search.MultiSearcher",17,0.06,1.76,129,1.71,83812.60,20,3,14,48,35,110.50,68,136,15,2,110.26,1.00,0.33,0.39,4,0.00,4,5125.07,0,4,20,org.apache.lucene.search.Searcher,0.49,31,1,30,1,31,13,0,33,1003,1
"org.apache.lucene.search.MultiSearcher$CachedDfSource",12,0.45,1.17,39,0.42,9633.15,14,2,14,17,13,130.29,6,64,0,2,130.29,0.00,0.50,0.08,0,32.00,2,1246.30,1,3,13,org.apache.lucene.search.Searcher,0.50,5,1,14,0,5,9,0,6,298,2
"org.apache.lucene.search.MultiSearcher$Collector",4,0.00,1.00,9,0.10,1488.68,4,0,14,8,2,139.53,0,17,0,1,139.53,0.00,0.00,0.00,0,4.00,1,289.41,0,0,2,java.lang.Object,0.00,4,0,4,0,4,4,0,0,77,0
"org.apache.lucene.search.MultiSearcher$MultiSearcherCallableNoSort",2,0.75,2.00,32,0.36,11815.06,10,8,14,6,6,146.23,3,37,0,1,96.23,0.00,0.00,0.50,0,2.00,3,1067.19,0,1,6,java.lang.Object,0.00,4,0,4,0,4,1,1,3,216,2
"org.apache.lucene.search.MultiSearcher$MultiSearcherCallableWithSort",2,0.78,3.50,50,0.62,34451.42,11,9,14,10,9,105.82,7,54,0,1,85.21,0.00,0.00,0.50,0,2.00,6,1846.96,0,0,9,java.lang.Object,0.00,8,0,7,0,8,2,1,7,345,2
"org.apache.lucene.search.MultiTermQuery",0,0.00,0.00,7,0.09,2829.16,3,3,7,1,43,171.00,47,8,39,2,171.00,6.00,0.12,0.00,0,0.00,0,266.27,0,0,4,org.apache.lucene.search.Query,0.00,1,1,0,6,1,0,0,4,56,2
"org.apache.lucene.search.MultiTermQuery$BooleanQueryRewrite",1,1.00,3.00,19,0.20,8059.98,2,1,7,8,4,101.42,17,26,0,2,92.29,0.00,0.50,0.00,0,1.00,3,605.95,0,0,4,org.apache.lucene.search.RewriteMethod,0.00,7,1,3,0,7,1,0,2,121,3
"org.apache.lucene.search.MultiTermQuery$BooleanQueryRewrite$ScoringBooleanQueryRewrite",2,0.00,1.00,7,0.07,1472.80,2,0,7,6,4,130.62,1,11,0,2,130.62,0.00,0.50,0.00,0,2.00,1,213.30,0,1,4,org.apache.lucene.search.BooleanQueryRewrite,0.00,4,1,2,0,4,1,0,1,52,2
"org.apache.lucene.search.MultiTermQuery$BooleanQueryRewrite$ScoringBooleanQueryRewrite$TermCollector_0",1,0.00,1.00,6,0.07,1161.67,1,0,7,5,2,138.45,3,7,0,1,117.84,0.00,0.00,0.00,0,1.00,1,205.42,0,0,2,java.lang.Object,0.00,4,0,1,0,4,1,0,3,46,0
"org.apache.lucene.search.MultiTermQuery$BooleanQueryRewrite$TermCollector",1,0.00,1.00,2,0.01,64.83,1,0,7,1,1,195.50,1,3,0,1,145.50,0.00,0.00,0.00,0,1.00,1,43.22,0,0,1,,0.00,0,0,1,0,0,1,0,1,15,1
"org.apache.lucene.search.MultiTermQuery$BooleanQueryRewrite$TopTermsBooleanQueryRewrite",6,0.30,1.83,37,0.48,15636.63,8,2,7,20,5,64.93,55,49,0,2,114.93,0.00,0.50,0.25,1,6.00,5,1444.18,0,0,5,org.apache.lucene.search.BooleanQueryRewrite,0.00,14,1,11,0,14,6,0,10,297,3
"org.apache.lucene.search.MultiTermQuery$BooleanQueryRewrite$TopTermsBooleanQueryRewrite$ConstantScoreAutoRewrite",17,0.11,1.76,80,0.92,32158.88,21,4,7,36,8,143.22,64,117,0,2,122.61,0.00,0.50,0.15,0,122.00,6,2773.15,0,2,8,org.apache.lucene.search.BooleanQueryRewrite,0.00,19,1,30,0,19,15,0,21,583,2
"org.apache.lucene.search.MultiTermQuery$BooleanQueryRewrite$TopTermsBooleanQueryRewrite$ConstantScoreAutoRewrite$ConstantScoreAutoRewrite_2",3,0.00,1.00,7,0.05,559.34,3,0,7,4,0,141.89,1,12,0,1,141.89,0.00,0.00,0.00,0,3.00,1,153.84,0,1,0,java.lang.Object,0.00,1,0,3,0,1,2,0,1,44,0
"org.apache.lucene.search.MultiTermQuery$BooleanQueryRewrite$TopTermsBooleanQueryRewrite$ConstantScoreAutoRewrite$CutOffTermCollector",2,0.67,1.50,17,0.19,3967.90,8,6,7,6,2,151.14,4,22,0,1,111.25,0.00,0.00,0.50,0,2.00,2,555.80,0,0,2,java.lang.Object,0.00,4,0,3,0,4,2,1,4,122,3
"org.apache.lucene.search.MultiTermQuery$BooleanQueryRewrite$TopTermsBooleanQueryRewrite$ConstantScoreBooleanQueryRewrite",2,0.00,1.50,10,0.13,4200.55,2,0,7,8,6,168.67,2,16,0,2,118.67,0.00,0.50,0.00,0,2.00,2,387.09,1,1,6,org.apache.lucene.search.ScoringBooleanQueryRewrite,0.00,6,1,3,0,6,1,1,2,85,2
"org.apache.lucene.search.MultiTermQuery$BooleanQueryRewrite$TopTermsBooleanQueryRewrite$ScoreTerm",1,2.00,2.00,5,0.08,1994.80,3,2,7,3,1,118.78,0,10,0,1,118.78,0.00,0.00,0.00,0,1.00,2,244.93,0,0,1,java.lang.Object,0.00,2,0,2,0,2,1,1,0,60,2
"org.apache.lucene.search.MultiTermQuery$BooleanQueryRewrite$TopTermsBooleanQueryRewrite$TermCollector_1",1,0.00,3.00,9,0.13,5132.19,2,1,7,6,1,106.17,4,11,0,1,105.93,0.00,0.00,1.00,0,0.00,3,383.05,0,0,1,java.lang.Object,0.00,5,0,3,0,5,1,0,4,82,0
"org.apache.lucene.search.MultiTermQuery$BooleanQueryRewrite$TopTermsBooleanQueryRewrite$TopTermsBoostOnlyBooleanQueryRewrite",3,0.00,1.00,7,0.05,559.23,3,0,7,6,5,162.51,11,13,0,2,141.89,0.00,0.50,0.00,0,3.00,1,158.05,0,0,5,org.apache.lucene.search.TopTermsBooleanQueryRewrite,0.00,3,1,3,0,3,3,0,2,47,3
"org.apache.lucene.search.MultiTermQuery$BooleanQueryRewrite$TopTermsBooleanQueryRewrite$TopTermsScoringBooleanQueryRewrite",3,0.00,1.00,7,0.04,459.49,3,0,7,4,3,163.18,11,13,0,2,142.56,0.00,0.50,0.00,0,3.00,1,131.30,0,0,3,org.apache.lucene.search.TopTermsBooleanQueryRewrite,0.00,1,1,3,0,1,3,0,2,41,3
"org.apache.lucene.search.MultiTermQuery$ConstantScoreFilterRewrite",2,0.00,1.00,7,0.07,1628.92,2,0,7,6,5,130.28,1,11,0,2,130.28,0.00,0.50,0.00,0,2.00,1,219.90,0,1,5,org.apache.lucene.search.RewriteMethod,0.00,4,1,2,0,4,1,0,1,54,3
"org.apache.lucene.search.MultiTermQuery$RewriteMethod",1,0.00,1.00,2,0.02,179.55,1,0,7,1,3,142.02,0,3,0,1,142.02,0.00,0.00,0.00,0,1.00,1,67.02,0,0,3,java.lang.Object,0.00,0,0,1,0,0,1,1,0,20,3
"org.apache.lucene.search.MultiTermQueryWrapperFilter",7,0.17,2.14,48,0.54,33359.99,8,1,6,25,12,94.96,39,67,5,2,112.83,3.00,0.20,0.86,1,0.00,6,1630.21,0,1,7,org.apache.lucene.search.Filter,0.00,18,1,15,3,18,6,0,8,325,1
"org.apache.lucene.search.MultiThreadTermVectorsReader",5,0.00,2.40,53,0.53,18371.58,9,4,9,21,8,105.42,3,54,1,1,105.42,0.00,0.00,0.25,1,6.00,4,1584.90,0,0,7,java.lang.Object,0.00,16,0,12,0,16,5,1,3,326,0
"org.apache.lucene.search.NumericRangeFilter",14,0.00,1.00,29,0.59,17172.69,14,0,3,24,11,103.23,84,66,7,3,135.45,0.00,0.67,0.00,0,34.00,1,1773.35,0,9,5,org.apache.lucene.search.MultiTermQueryWrapperFilter,0.00,10,2,14,0,10,5,0,15,415,2
"org.apache.lucene.search.NumericRangeQuery",19,0.02,1.95,72,1.45,64556.48,26,7,10,36,23,76.76,202,133,14,3,125.24,0.00,0.67,0.17,1,109.00,7,4346.78,3,11,10,org.apache.lucene.search.MultiTermQuery,0.09,17,2,37,0,17,8,0,23,897,2
"org.apache.lucene.search.NumericRangeQuery$NumericRangeTermEnum",7,0.04,5.00,82,1.04,81689.98,11,4,10,28,5,120.37,24,112,0,3,99.76,0.00,0.67,0.21,2,19.00,23,3107.06,1,0,5,org.apache.lucene.search.FilteredTermEnum,0.60,21,2,35,0,21,7,0,19,583,2
"org.apache.lucene.search.NumericRangeQuery$NumericRangeTermEnum$NumericUtils.IntRangeBuilder",1,0.00,1.00,4,0.04,629.26,1,0,10,1,0,126.50,0,6,0,1,126.50,0.00,0.00,0.00,0,0.00,1,113.18,0,0,0,java.lang.Object,0.00,0,0,1,0,0,1,0,0,31,0
"org.apache.lucene.search.NumericRangeQuery$NumericRangeTermEnum$NumericUtils.LongRangeBuilder",1,0.00,1.00,4,0.04,629.26,1,0,10,1,0,126.50,0,6,0,1,126.50,0.00,0.00,0.00,0,0.00,1,113.18,0,0,0,java.lang.Object,0.00,0,0,1,0,0,1,0,0,31,0
"org.apache.lucene.search.ParallelMultiSearcher",8,0.19,2.75,104,1.45,85042.22,11,3,18,41,18,65.29,54,105,3,3,97.51,0.00,0.67,0.50,0,0.00,5,4361.46,1,3,15,org.apache.lucene.search.MultiSearcher,0.07,33,2,22,0,33,5,0,13,798,1
"org.apache.lucene.search.ParallelMultiSearcher$Callable<Integer>",1,0.00,1.00,3,0.03,323.26,1,0,18,3,0,133.44,0,4,0,1,133.44,0.00,0.00,0.00,0,1.00,1,88.18,0,1,0,java.lang.Object,0.00,2,0,1,0,2,0,0,0,25,0
"org.apache.lucene.search.ParallelMultiSearcher$Collector",4,0.00,1.00,9,0.10,1783.67,4,0,18,8,2,138.91,0,17,0,1,138.91,0.00,0.00,0.00,0,4.00,1,311.09,0,0,2,java.lang.Object,0.00,4,0,4,0,4,4,0,0,81,0
"org.apache.lucene.search.ParallelMultiSearcher$DocumentFrequencyCallable",2,0.00,1.00,8,0.08,1238.01,4,2,18,3,2,126.56,0,11,0,1,126.56,0.00,0.00,0.50,0,2.00,1,237.01,0,0,2,java.lang.Object,0.00,1,0,2,0,1,2,1,0,61,3
"org.apache.lucene.search.ParallelMultiSearcher$ExecutionHelper",6,0.20,1.50,21,0.22,4174.99,8,2,18,13,1,130.72,1,33,0,1,130.72,0.00,0.00,0.33,2,6.00,4,654.18,0,1,1,java.lang.Object,0.00,7,0,9,0,7,5,2,1,157,3
"org.apache.lucene.search.PhrasePositions",5,0.32,1.60,35,0.26,4546.65,12,7,2,11,4,116.30,23,44,3,1,116.07,0.00,0.00,0.40,1,0.00,2,783.91,0,0,1,java.lang.Object,0.00,6,0,8,0,6,5,0,16,184,1
"org.apache.lucene.search.PhraseQuery",13,0.12,2.15,88,1.21,65873.51,18,5,9,37,50,133.24,45,113,42,2,112.62,0.00,0.50,0.31,2,2.00,8,3617.97,2,2,8,org.apache.lucene.search.Query,0.15,24,1,28,0,24,11,0,13,727,1
"org.apache.lucene.search.PhraseQuery$PhraseWeight",8,0.14,2.75,101,1.58,122018.77,14,6,9,32,12,147.57,10,131,0,2,97.57,0.00,0.50,0.29,0,8.00,9,4727.94,0,1,12,org.apache.lucene.search.Weight,0.53,24,1,22,0,24,7,0,10,798,1
"org.apache.lucene.search.PhraseQuery$PostingsAndFreq",2,0.33,1.00,10,0.08,1438.63,5,3,9,2,1,122.43,0,13,0,1,122.43,0.00,0.00,0.17,0,2.00,1,247.57,0,0,1,java.lang.Object,0.00,0,0,2,0,0,2,1,0,66,1
"org.apache.lucene.search.PhraseQueue",2,0.00,2.00,6,0.11,5061.87,2,0,1,2,3,176.24,2,15,1,2,126.24,0.00,0.50,0.00,0,2.00,3,320.50,1,0,2,org.apache.lucene.util.PriorityQueue,0.00,0,1,4,0,0,2,0,2,79,1
"org.apache.lucene.search.PhraseScorer",13,0.14,2.38,96,0.92,27500.34,22,9,1,25,7,133.70,45,115,2,3,113.09,1.00,0.40,0.24,4,5.00,5,2769.01,1,1,5,org.apache.lucene.search.Scorer,0.57,12,2,31,2,12,12,0,28,591,1
"org.apache.lucene.search.PositiveScoresOnlyCollector",5,0.00,1.20,15,0.16,2692.20,7,2,2,11,5,181.65,7,26,1,2,131.65,0.00,0.50,0.50,0,0.00,2,468.86,0,0,4,org.apache.lucene.search.Collector,0.67,6,1,6,0,6,5,0,3,120,1
"org.apache.lucene.search.PrefixFilter",3,0.00,1.00,11,0.10,2058.03,3,0,1,9,4,180.87,5,14,1,3,130.87,0.00,0.67,0.00,1,4.00,1,285.89,0,2,3,org.apache.lucene.search.MultiTermQueryWrapperFilter,0.27,6,2,3,0,6,1,0,2,76,1
"org.apache.lucene.search.PrefixQuery",6,0.20,2.33,31,0.37,13907.84,7,1,4,17,28,168.23,9,46,22,3,118.23,0.00,0.67,0.83,0,0.00,7,1120.52,3,3,6,org.apache.lucene.search.MultiTermQuery,0.15,11,2,14,0,11,3,0,4,251,1
"org.apache.lucene.search.PrefixTermEnum",5,0.12,1.20,17,0.17,3294.41,7,2,3,10,4,180.96,8,27,1,3,130.96,0.00,0.67,0.40,0,6.00,2,513.11,1,1,3,org.apache.lucene.search.FilteredTermEnum,0.33,5,2,6,0,5,4,0,1,127,1
"org.apache.lucene.search.Query",14,0.77,2.21,87,0.98,51259.17,15,1,5,39,343,81.51,87,105,340,1,113.73,0.00,0.00,0.29,2,38.00,8,2938.15,1,7,7,java.lang.Object,0.00,25,0,31,43,25,7,2,17,604,2
"org.apache.lucene.search.QueryTermVector",10,0.11,2.20,75,0.95,55823.61,12,2,11,35,5,159.79,10,89,1,1,109.79,0.00,0.00,0.40,1,10.00,5,2862.20,0,3,4,java.lang.Object,0.00,25,0,22,0,25,7,1,4,561,1
"org.apache.lucene.search.QueryUtils",13,0.00,3.15,133,2.48,169349.28,13,0,16,70,35,83.16,71,195,19,1,101.03,0.00,0.00,0.00,9,13.00,7,7426.35,0,3,17,java.lang.Object,0.00,57,0,41,0,57,10,0,27,1376,1
"org.apache.lucene.search.QueryUtils$Collector",4,0.11,3.75,35,0.84,67710.87,7,3,16,15,4,103.71,2,58,0,1,103.71,0.00,0.00,0.25,0,6.00,12,2533.35,0,0,4,java.lang.Object,0.00,11,0,15,0,11,4,0,2,414,0
"org.apache.lucene.search.QueryUtils$Collector_0",4,0.50,1.50,26,0.43,20026.03,6,2,16,12,4,112.75,1,34,0,1,112.75,0.00,0.00,0.12,0,6.00,3,1291.50,0,0,4,java.lang.Object,0.00,8,0,6,0,8,4,0,1,241,0
"org.apache.lucene.search.QueryUtils$Query",1,0.00,1.00,3,0.02,200.88,1,0,16,1,0,135.07,0,5,0,1,135.07,0.00,0.00,0.00,0,1.00,1,52.97,0,1,0,java.lang.Object,0.00,0,0,1,0,0,0,0,0,17,0
"org.apache.lucene.search.QueryWrapperFilter",5,0.25,1.20,14,0.15,2930.14,6,1,2,9,19,177.82,13,25,13,2,137.93,0.00,0.50,0.80,1,0.00,2,458.53,0,1,6,org.apache.lucene.search.Filter,0.00,4,1,6,0,4,4,0,2,116,1
"org.apache.lucene.search.QueryWrapperFilter$DocIdSet",2,0.00,1.00,5,0.04,494.19,2,0,2,3,1,140.93,0,7,0,1,140.93,0.00,0.00,0.00,0,2.00,1,122.20,0,1,1,java.lang.Object,0.00,1,0,2,0,1,1,0,0,34,0
"org.apache.lucene.search.RMIRemoteSearchable",0,0.00,0.00,1,0.01,39.30,0,0,1,0,1,171.00,20,2,1,3,171.00,0.00,0.67,0.00,0,0.00,0,19.65,0,0,0,,0.00,0,2,0,0,0,0,0,1,7,1
"org.apache.lucene.search.RemoteCachingWrapperFilter",2,1.00,1.00,7,0.07,1135.83,3,1,2,5,5,83.04,21,11,1,2,131.51,1.00,0.33,0.50,0,2.00,1,210.89,0,1,4,org.apache.lucene.search.Filter,0.00,3,1,2,1,3,1,0,2,54,1
"org.apache.lucene.search.RemoteCachingWrapperFilterHelper",3,1.00,1.67,17,0.18,4883.31,4,1,3,10,7,169.52,4,24,1,3,119.52,0.00,0.67,0.33,0,4.00,3,536.16,0,1,6,org.apache.lucene.search.RemoteCachingWrapperFilter,0.00,7,2,5,0,7,2,0,1,118,1
"org.apache.lucene.search.RemoteSearchable",13,0.17,1.23,38,0.47,10133.85,14,1,11,30,18,136.95,8,59,2,1,136.95,0.00,0.00,0.85,0,0.00,4,1408.09,0,6,16,java.rmi.server.UnicastRemoteObject,0.00,17,1,16,0,17,7,1,5,326,1
"org.apache.lucene.search.RemoteTestCaseJ4",3,0.00,2.00,14,0.19,3574.17,4,1,12,11,5,144.77,9,23,3,2,124.16,3.00,0.20,1.00,0,0.00,4,575.37,0,1,2,org.apache.lucene.util.LuceneTestCaseJ4,0.00,8,1,6,3,8,2,0,3,127,2
"org.apache.lucene.search.RemoteTestCaseJ4$RMIClientSocketFactory",1,0.00,1.00,3,0.03,354.66,1,0,12,2,0,133.12,0,3,0,1,133.12,0.00,0.00,0.00,0,1.00,1,76.53,0,1,0,java.lang.Object,0.00,1,0,1,0,1,0,0,0,22,0
"org.apache.lucene.search.RemoteTestCaseJ4$TestRMIServerSocketFactory",1,0.00,1.00,4,0.03,431.51,2,1,12,2,0,127.79,0,6,0,1,127.79,0.00,0.00,1.00,0,0.00,1,101.53,0,1,0,java.lang.Object,0.00,1,0,1,0,1,0,1,0,29,0
"org.apache.lucene.search.ReqExclScorer",6,0.27,2.67,47,0.41,17895.55,9,3,1,12,3,94.02,33,67,1,3,111.89,0.00,0.67,0.56,0,0.00,5,1227.77,0,0,2,org.apache.lucene.search.Scorer,0.86,6,2,16,0,6,6,0,12,281,0
"org.apache.lucene.search.ReqOptSumScorer",5,0.00,1.60,23,0.24,9917.48,7,2,1,9,2,143.08,18,38,1,3,122.47,0.00,0.67,0.50,0,0.00,4,713.80,0,0,1,org.apache.lucene.search.Scorer,0.92,4,2,8,0,4,5,0,5,169,0
"org.apache.lucene.search.ScoreCachingWrappingScorer",8,0.05,1.12,25,0.24,4631.32,11,3,1,13,6,181.42,12,42,3,3,131.42,0.00,0.67,0.38,0,0.00,2,732.21,0,1,3,org.apache.lucene.search.Scorer,0.94,5,2,9,0,5,7,0,2,187,1
"org.apache.lucene.search.ScoreDoc",2,0.00,1.00,8,0.07,881.69,4,2,0,2,101,90.16,24,12,101,1,127.72,0.00,0.00,0.50,0,2.00,1,212.57,0,1,0,java.lang.Object,0.00,0,0,2,2,0,1,1,6,57,1
"org.apache.lucene.search.Scorer",5,1.00,1.40,19,0.17,3435.60,6,1,1,7,135,82.68,44,26,133,2,130.78,30.00,0.03,0.00,0,8.00,2,506.64,0,1,3,org.apache.lucene.search.DocIdSetIterator,0.00,2,1,7,30,2,4,0,6,123,2
"org.apache.lucene.search.Searchable",11,0.00,1.00,12,0.12,582.94,11,0,6,11,26,108.94,112,14,14,2,157.42,0.00,0.50,0.00,0,11.00,1,366.42,0,6,12,,0.00,0,1,11,0,0,5,0,12,113,1
"org.apache.lucene.search.Searcher",20,1.00,1.05,38,0.45,7353.32,21,1,5,22,122,151.02,81,52,110,1,150.79,0.00,0.00,0.00,3,20.00,2,1336.44,0,12,14,java.lang.Object,0.00,2,0,21,8,2,8,1,13,347,2
"org.apache.lucene.search.Similarity",18,0.29,1.06,55,0.59,14218.52,21,3,7,29,96,106.62,726,70,93,1,130.37,0.00,0.00,0.06,1,54.00,2,1779.17,0,3,5,java.lang.Object,0.00,11,0,19,12,11,15,1,23,423,2
"org.apache.lucene.search.Similarity$IDFExplanation",2,0.00,1.00,5,0.04,441.31,2,0,7,2,0,141.31,0,9,0,1,141.31,0.00,0.00,0.00,0,2.00,1,118.77,0,1,0,java.lang.Object,0.00,0,0,2,0,0,1,0,0,34,0
"org.apache.lucene.search.Similarity$IDFExplanation_0",2,0.00,1.00,5,0.03,359.83,2,0,7,3,0,142.01,0,9,0,1,142.01,0.00,0.00,0.00,0,2.00,1,94.73,0,1,0,java.lang.Object,0.00,1,0,2,0,1,1,0,0,29,0
"org.apache.lucene.search.SimilarityDelegator",9,0.12,1.00,20,0.24,4389.68,10,1,1,17,4,178.49,23,38,2,2,138.60,0.00,0.50,0.89,0,0.00,1,728.64,0,0,2,org.apache.lucene.search.Similarity,0.37,8,1,9,0,8,9,0,3,190,1
"org.apache.lucene.search.SingleDocTestFilter",2,1.00,1.00,8,0.08,1394.58,3,1,4,6,5,126.15,0,12,1,2,126.15,0.00,0.50,0.50,0,2.00,1,232.48,0,1,4,org.apache.lucene.search.Filter,0.00,4,1,2,0,4,1,0,0,58,1
"org.apache.lucene.search.SingleTermEnum",4,0.17,1.25,17,0.13,1934.79,6,2,3,6,5,147.97,13,26,2,3,127.35,0.00,0.67,0.38,0,4.00,2,379.96,1,0,3,org.apache.lucene.search.FilteredTermEnum,0.35,2,2,5,0,2,4,0,2,97,1
"org.apache.lucene.search.SloppyPhraseScorer",5,0.06,7.00,113,1.36,147690.48,9,4,2,17,6,55.89,66,122,2,4,85.27,0.00,0.75,0.30,1,1.00,18,4077.15,0,0,4,org.apache.lucene.search.PhraseScorer,0.15,12,3,35,0,12,5,0,31,739,1
"org.apache.lucene.search.Sort",9,0.25,1.44,32,0.33,10484.43,12,3,2,16,46,84.84,99,45,45,1,128.97,0.00,0.00,0.11,1,18.00,3,988.24,0,2,1,java.lang.Object,0.00,7,0,13,0,7,7,1,12,236,1
"org.apache.lucene.search.SortField",20,0.08,2.70,126,2.20,107993.69,39,19,4,50,68,70.06,145,195,64,1,112.35,0.00,0.00,0.13,1,176.00,16,6585.68,0,4,4,java.lang.Object,0.00,30,0,54,0,30,16,1,46,1264,1
"org.apache.lucene.search.SpanFilter",1,0.00,1.00,2,0.02,132.18,1,0,2,1,7,122.92,14,3,4,2,143.07,3.00,0.20,0.00,0,1.00,1,52.87,0,1,3,org.apache.lucene.search.Filter,0.00,0,1,1,3,0,0,0,2,17,2
"org.apache.lucene.search.SpanFilterResult",3,0.25,1.00,12,0.09,1291.58,5,2,2,3,7,95.58,18,17,6,1,127.80,0.00,0.00,0.33,0,5.00,1,257.40,0,1,1,java.lang.Object,0.00,0,0,3,0,0,2,0,5,69,1
"org.apache.lucene.search.SpanFilterResult$PositionInfo",4,0.00,1.00,12,0.10,1251.72,6,2,2,7,0,183.55,4,18,0,1,133.55,0.00,0.00,0.50,0,0.00,1,286.93,0,1,0,java.lang.Object,0.00,3,0,4,0,3,3,0,1,77,2
"org.apache.lucene.search.SpanFilterResult$StartEnd",3,0.25,1.00,10,0.06,763.50,5,2,2,3,0,174.14,8,15,0,1,134.26,0.00,0.00,0.33,0,5.00,1,167.02,0,0,0,java.lang.Object,0.00,0,0,3,0,0,3,0,2,51,2
"org.apache.lucene.search.SpanQueryFilter",8,0.43,1.25,31,0.39,14978.35,9,1,7,22,10,177.38,14,50,3,3,127.38,0.00,0.67,0.62,2,0.00,3,1163.91,0,4,7,org.apache.lucene.search.SpanFilter,0.00,14,2,10,0,14,4,0,2,249,1
"org.apache.lucene.search.TermQuery",7,0.50,1.29,25,0.30,8405.01,8,1,7,19,144,178.89,8,39,137,2,128.89,1.00,0.33,0.57,2,3.00,2,898.75,1,3,7,org.apache.lucene.search.Query,0.19,12,1,9,1,12,4,0,6,213,1
"org.apache.lucene.search.TermQuery$TermWeight",8,0.14,1.75,72,1.16,89981.74,14,6,7,35,11,103.37,7,97,0,2,103.37,0.00,0.50,0.29,0,8.00,6,3470.80,0,4,11,org.apache.lucene.search.Weight,0.53,27,1,14,0,27,4,0,7,611,1
"org.apache.lucene.search.TermRangeFilter",10,0.00,1.00,21,0.20,2683.13,10,0,1,18,14,122.77,54,23,12,3,140.65,0.00,0.67,0.00,0,0.00,1,606.14,0,6,2,org.apache.lucene.search.MultiTermQueryWrapperFilter,0.00,8,2,10,0,8,4,0,11,168,1
"org.apache.lucene.search.TermRangeQuery",12,0.24,3.33,72,0.95,50394.37,18,6,4,23,35,80.94,72,93,30,3,113.16,0.00,0.67,0.39,1,0.00,18,2842.39,3,6,5,org.apache.lucene.search.MultiTermQuery,0.12,11,2,40,0,11,6,0,10,608,1
"org.apache.lucene.search.TermRangeTermEnum",4,0.19,4.25,50,0.68,63895.44,11,7,5,12,5,53.18,46,77,1,3,97.31,0.00,0.67,0.29,0,4.00,11,2049.06,1,0,4,org.apache.lucene.search.FilteredTermEnum,0.35,8,2,17,0,8,4,0,10,403,1
"org.apache.lucene.search.TermScorer",8,0.23,2.38,75,0.82,29487.72,19,11,2,18,7,74.90,49,92,2,3,107.12,0.00,0.67,0.30,1,4.00,4,2459.19,0,1,5,org.apache.lucene.search.Scorer,0.75,10,2,19,0,10,7,0,22,497,1
"org.apache.lucene.search.TermsFilter",4,0.67,2.25,32,0.40,14345.60,5,1,8,17,10,129.75,15,53,4,2,109.13,0.00,0.50,0.50,0,4.00,3,1185.58,0,1,6,org.apache.lucene.search.Filter,0.00,13,1,9,0,13,3,0,3,246,1
"org.apache.lucene.search.TermsFilterTest",2,0.00,1.50,45,0.69,30728.48,2,0,10,23,10,137.86,2,47,0,3,87.86,0.00,0.67,0.00,0,2.00,2,2071.99,1,0,10,org.apache.lucene.util.LuceneTestCase,0.00,21,2,3,0,21,2,0,2,370,1
"org.apache.lucene.search.TestBoolean2",16,0.02,1.81,170,2.37,123885.65,24,8,14,57,28,152.94,19,194,1,3,102.94,0.00,0.67,0.15,2,64.00,9,7097.60,2,2,27,org.apache.lucene.util.LuceneTestCase,0.21,41,2,29,0,41,14,0,17,1270,1
"org.apache.lucene.search.TestBoolean2$Callback",1,0.00,1.00,2,0.01,52.70,1,0,14,1,1,146.21,0,3,0,1,146.21,0.00,0.00,0.00,0,1.00,1,31.26,0,0,1,,0.00,0,0,1,0,0,1,0,0,12,2
"org.apache.lucene.search.TestBoolean2$DefaultSimilarity",1,0.00,1.00,3,0.03,601.38,1,0,14,1,0,131.32,0,5,0,1,131.32,0.00,0.00,0.00,0,1.00,1,93.95,0,0,0,java.lang.Object,0.00,0,0,1,0,0,1,0,0,26,0
"org.apache.lucene.search.TestBooleanMinShouldMatch",18,0.25,1.72,203,4.02,165918.45,21,3,12,54,19,68.59,112,238,0,3,100.81,0.00,0.67,0.09,2,54.00,9,12066.85,2,0,19,org.apache.lucene.util.LuceneTestCase,0.10,36,2,31,0,36,18,0,111,2272,1
"org.apache.lucene.search.TestBooleanMinShouldMatch$TestBoolean2.Callback",1,0.00,3.00,10,0.12,3530.76,1,0,12,5,2,105.51,0,9,0,1,105.51,0.00,0.00,0.00,0,1.00,3,345.51,0,0,2,java.lang.Object,0.00,4,0,3,0,4,1,0,0,72,0
"org.apache.lucene.search.TestBooleanOr",7,0.40,1.00,66,1.06,32007.20,14,7,13,24,13,106.82,29,83,0,3,106.58,0.00,0.67,0.49,0,0.00,1,3185.46,1,0,13,org.apache.lucene.util.LuceneTestCase,0.16,17,2,7,0,17,7,0,9,669,1
"org.apache.lucene.search.TestBooleanPrefixQuery",5,0.00,2.00,42,0.60,21494.14,5,0,15,30,14,108.54,3,54,1,3,108.54,0.00,0.67,0.00,1,5.00,4,1808.83,0,1,13,org.apache.lucene.util.LuceneTestCase,0.00,25,2,10,0,25,4,0,1,327,1
"org.apache.lucene.search.TestBooleanQuery",3,0.00,1.33,46,0.83,34399.70,3,0,9,26,14,145.10,5,52,0,3,95.10,0.00,0.67,0.00,0,3.00,2,2487.44,0,0,14,org.apache.lucene.util.LuceneTestCase,0.00,23,2,4,0,23,3,0,5,474,1
"org.apache.lucene.search.TestBooleanScorer",3,0.25,2.33,42,0.75,32083.12,5,2,9,24,15,146.32,4,49,0,3,96.32,0.00,0.67,0.33,0,5.00,3,2235.29,0,0,15,org.apache.lucene.util.LuceneTestCase,0.00,21,2,7,0,21,3,0,4,388,1
"org.apache.lucene.search.TestCachingSpanFilter",2,0.00,1.50,61,0.98,55689.18,2,0,10,24,15,62.93,11,65,0,3,80.81,0.00,0.67,0.00,1,2.00,2,2945.31,1,1,15,org.apache.lucene.util.LuceneTestCase,0.00,22,2,3,0,22,1,0,11,494,1
"org.apache.lucene.search.TestCachingWrapperFilter",3,0.00,1.33,36,0.55,15354.47,3,0,10,27,17,141.36,8,40,0,3,101.47,0.00,0.67,0.00,1,1.00,2,1636.83,0,0,17,org.apache.lucene.util.LuceneTestCase,0.00,24,2,4,0,24,3,0,8,316,1
"org.apache.lucene.search.TestCachingWrapperFilter$Filter",1,0.00,1.00,3,0.02,238.65,1,0,10,2,3,134.48,0,5,0,1,134.48,0.00,0.00,0.00,0,1.00,1,63.51,0,1,3,java.lang.Object,0.00,1,0,1,0,1,0,0,0,19,0
"org.apache.lucene.search.TestCachingWrapperFilter$Filter_0",1,0.00,1.00,3,0.02,161.45,1,0,12,2,2,135.81,0,5,0,1,135.81,0.00,0.00,0.00,0,1.00,1,49.51,0,1,2,java.lang.Object,0.00,1,0,1,0,1,0,0,0,16,0
"org.apache.lucene.search.TestCachingWrapperFilter$Filter_0$DocIdSet",1,0.00,1.00,3,0.01,149.03,1,0,12,1,1,136.09,0,5,0,1,136.09,0.00,0.00,0.00,0,1.00,1,44.54,0,1,1,java.lang.Object,0.00,0,0,1,0,0,0,0,0,15,0
"org.apache.lucene.search.TestCachingWrapperFilter$Filter_1",1,0.00,1.00,3,0.02,238.65,1,0,12,2,3,134.48,0,5,0,1,134.48,0.00,0.00,0.00,0,1.00,1,63.51,0,1,3,java.lang.Object,0.00,1,0,1,0,1,0,0,0,19,0
"org.apache.lucene.search.TestComplexExplanations",23,0.00,1.00,135,2.23,77874.27,23,0,2,45,10,117.13,20,175,0,4,117.13,0.33,0.60,0.00,1,104.00,1,6689.55,8,1,10,org.apache.lucene.search.TestExplanations,0.07,22,3,23,1,22,22,0,13,1294,1
"org.apache.lucene.search.TestComplexExplanations$DefaultSimilarity",1,0.00,1.00,3,0.02,200.88,1,0,2,1,0,185.07,1,5,0,1,135.07,0.00,0.00,0.00,0,1.00,1,52.97,0,0,0,java.lang.Object,0.00,0,0,1,0,0,1,0,1,17,0
"org.apache.lucene.search.TestComplexExplanationsOfNonMatches",1,0.00,1.00,3,0.04,549.65,1,0,12,2,12,83.52,8,7,0,5,131.62,0.00,0.80,0.00,0,0.00,1,119.24,0,0,12,org.apache.lucene.search.TestComplexExplanations,0.00,1,4,1,0,1,1,0,2,30,1
"org.apache.lucene.search.TestCustomSearcherSort",11,0.17,1.91,92,1.31,53440.62,14,3,20,46,19,108.37,50,122,1,3,108.13,0.00,0.67,0.18,4,37.00,5,3929.59,2,2,18,org.apache.lucene.util.LuceneTestCase,0.13,35,2,21,0,35,9,1,36,748,1
"org.apache.lucene.search.TestCustomSearcherSort$CustomSearcher",4,0.67,1.00,18,0.29,6073.72,5,1,20,9,11,144.10,13,27,0,3,123.49,0.00,0.67,0.50,0,4.00,1,863.83,1,2,11,org.apache.lucene.search.IndexSearcher,0.00,5,2,4,0,5,2,0,4,183,1
"org.apache.lucene.search.TestCustomSearcherSort$RandomGen",2,0.00,1.00,7,0.08,1012.32,4,2,20,6,1,131.91,1,10,0,1,131.91,0.00,0.00,0.50,0,2.00,1,246.16,0,1,1,java.lang.Object,0.00,4,0,2,0,4,1,0,1,62,1
"org.apache.lucene.search.TestDateFilter",3,0.00,1.00,59,1.36,68183.03,3,0,9,20,13,40.52,32,74,0,3,88.99,0.00,0.67,0.00,0,3.00,1,4090.78,0,0,13,org.apache.lucene.util.LuceneTestCase,0.00,17,2,3,0,17,3,0,23,676,1
"org.apache.lucene.search.TestDateSort",3,0.50,1.33,45,0.70,19032.49,6,3,15,24,15,79.25,16,50,0,3,97.12,0.00,0.67,0.67,1,0.00,2,2091.86,1,1,15,org.apache.lucene.util.LuceneTestCase,0.20,21,2,4,0,21,2,0,13,384,1
"org.apache.lucene.search.TestDisjunctionMaxQuery",14,0.14,2.07,250,4.67,230972.59,19,5,11,54,22,112.34,44,329,0,3,91.72,0.00,0.67,0.33,2,0.00,3,14022.32,1,2,22,org.apache.lucene.util.LuceneTestCase,0.12,40,2,29,0,40,12,0,33,2380,1
"org.apache.lucene.search.TestDisjunctionMaxQuery$TestSimilarity",4,0.00,1.25,8,0.08,1112.61,4,0,11,4,1,140.47,0,17,0,3,140.47,0.00,0.67,0.00,0,4.00,2,226.22,0,0,1,org.apache.lucene.search.DefaultSimilarity,0.19,0,2,5,0,0,4,0,0,63,2
"org.apache.lucene.search.TestDocBoost",2,0.00,1.50,34,0.47,23981.93,2,0,8,19,12,93.12,9,37,0,3,92.89,0.00,0.67,0.00,0,2.00,2,1421.82,0,0,12,org.apache.lucene.util.LuceneTestCase,0.00,17,2,3,0,17,2,0,5,249,1
"org.apache.lucene.search.TestDocBoost$Collector",4,0.17,1.00,11,0.11,1635.14,6,2,8,5,2,139.21,0,19,0,1,139.21,0.00,0.00,0.38,0,4.00,1,330.56,0,0,2,java.lang.Object,0.00,1,0,4,0,1,4,0,0,85,0
"org.apache.lucene.search.TestDocIdSet",2,0.00,3.00,35,0.60,21238.82,2,0,17,31,15,113.76,7,42,0,3,93.14,0.00,0.67,0.00,0,2.00,5,1792.02,0,0,15,org.apache.lucene.util.LuceneTestCase,0.00,29,2,6,0,29,2,0,7,313,1
"org.apache.lucene.search.TestDocIdSet$DocIdSet",1,0.00,1.00,3,0.01,138.80,1,0,17,2,1,136.33,0,5,0,1,136.33,0.00,0.00,0.00,0,1.00,1,39.70,0,1,1,java.lang.Object,0.00,1,0,1,0,1,0,0,0,14,0
"org.apache.lucene.search.TestDocIdSet$DocIdSet$DocIdSetIterator",3,0.00,1.67,10,0.09,1823.63,4,1,17,3,0,131.16,0,16,0,1,131.16,0.00,0.00,1.00,0,0.00,2,270.60,0,0,0,java.lang.Object,0.00,0,0,5,0,0,3,0,0,70,0
"org.apache.lucene.search.TestDocIdSet$Filter",1,0.00,1.00,3,0.02,240.44,1,0,17,1,2,134.45,0,5,0,1,134.45,0.00,0.00,0.00,0,1.00,1,65.11,0,1,2,java.lang.Object,0.00,0,0,1,0,0,0,0,0,19,0
"org.apache.lucene.search.TestDocIdSet$FilteredDocIdSet",1,0.00,1.00,3,0.03,358.99,1,0,17,1,0,183.08,1,5,0,1,133.08,0.00,0.00,0.00,0,1.00,1,78.03,0,0,0,java.lang.Object,0.00,0,0,1,0,0,1,0,1,22,0
"org.apache.lucene.search.TestElevationComparator",4,0.67,1.75,60,1.07,38313.01,5,1,9,34,19,95.88,16,64,0,3,95.65,0.00,0.67,0.50,3,4.00,2,3195.09,0,2,19,org.apache.lucene.util.LuceneTestCase,0.00,30,2,7,0,30,2,0,6,570,1
"org.apache.lucene.search.TestExplanations",24,0.11,1.08,82,1.08,25582.31,29,5,16,46,23,169.23,62,113,2,3,129.34,3.00,0.22,0.09,8,130.00,2,3239.77,2,17,21,org.apache.lucene.util.LuceneTestCase,0.17,22,2,26,6,22,7,0,24,744,1
"org.apache.lucene.search.TestExplanations$ItemizedFilter",3,0.00,1.33,13,0.12,4244.92,3,0,16,3,1,123.66,0,15,0,3,123.66,0.00,0.67,0.00,0,4.00,2,351.62,0,1,1,org.apache.lucene.search.FieldCacheTermsFilter,0.00,0,2,4,0,0,2,0,0,87,2
"org.apache.lucene.search.TestFieldCache",4,0.00,2.75,94,1.93,161595.99,6,2,10,28,8,83.70,0,88,0,3,83.70,0.00,0.67,0.50,0,0.00,7,5796.51,1,0,8,org.apache.lucene.util.LuceneTestCase,0.19,24,2,11,0,24,4,0,0,962,1
"org.apache.lucene.search.TestFieldCacheRangeFilter",10,0.00,1.10,359,9.83,1105926.35,10,0,10,49,13,94.28,30,368,0,4,73.66,0.00,0.75,0.00,0,0.00,2,29491.02,1,0,13,org.apache.lucene.search.BaseTestRangeFilter,0.00,39,3,11,0,39,10,0,22,4724,1
"org.apache.lucene.search.TestFieldCacheTermsFilter",1,0.00,2.00,34,0.59,30272.59,1,0,10,21,11,46.20,6,34,0,3,78.43,0.00,0.67,0.00,0,1.00,2,1780.11,0,0,11,org.apache.lucene.util.LuceneTestCase,0.00,20,2,2,0,20,1,0,2,292,1
"org.apache.lucene.search.TestFilteredQuery",9,0.16,1.11,108,1.87,73969.63,13,4,11,39,22,139.78,20,124,0,3,99.89,0.00,0.67,0.39,2,0.00,2,5618.17,2,2,22,org.apache.lucene.util.LuceneTestCase,0.29,30,2,10,0,30,7,0,9,1026,1
"org.apache.lucene.search.TestFilteredQuery$Filter",1,0.00,1.00,6,0.06,1079.33,1,0,11,4,3,118.09,0,8,0,1,118.09,0.00,0.00,0.00,0,1.00,1,166.12,0,1,3,java.lang.Object,0.00,3,0,1,0,3,0,0,0,40,0
"org.apache.lucene.search.TestFilteredQuery$Filter_0",1,0.00,1.00,5,0.05,888.96,1,0,11,4,3,121.71,0,7,0,1,121.71,0.00,0.00,0.00,0,1.00,1,141.98,0,1,3,java.lang.Object,0.00,3,0,1,0,3,0,0,0,35,0
"org.apache.lucene.search.TestFilteredSearch",2,1.00,2.00,25,0.39,10822.86,3,1,10,21,14,141.07,4,29,0,3,101.19,0.00,0.67,0.50,0,2.00,3,1162.96,0,0,14,org.apache.lucene.util.LuceneTestCase,0.00,19,2,4,0,19,2,0,2,204,1
"org.apache.lucene.search.TestFilteredSearch$SimpleDocIdSetFilter",2,0.00,1.50,11,0.08,1913.11,3,1,10,4,4,121.36,0,13,0,2,121.36,0.00,0.50,1.00,0,0.00,2,253.12,0,1,4,org.apache.lucene.search.Filter,0.00,2,1,3,0,2,1,0,0,63,3
"org.apache.lucene.search.TestFuzzyQuery",5,0.00,1.60,233,5.06,1024825.08,5,0,17,36,18,34.82,32,244,0,3,67.04,0.00,0.67,0.00,1,8.00,3,15170.91,0,0,18,org.apache.lucene.util.LuceneTestCase,0.00,31,2,8,0,31,5,0,29,2469,1
"org.apache.lucene.search.TestMatchAllDocsQuery",3,1.00,1.00,67,1.32,69473.16,4,1,12,38,17,86.79,12,71,0,3,86.55,0.00,0.67,0.33,1,4.00,1,3946.74,0,0,17,org.apache.lucene.util.LuceneTestCase,0.00,35,2,3,0,35,3,0,9,664,1
"org.apache.lucene.search.TestMultiPhraseQuery",7,0.00,1.43,119,1.98,89790.24,7,0,15,45,15,113.28,21,137,0,3,92.67,0.00,0.67,0.00,1,12.00,4,5942.20,0,0,15,org.apache.lucene.util.LuceneTestCase,0.00,38,2,10,0,38,7,0,17,1031,1
"org.apache.lucene.search.TestMultiSearcher",10,0.00,1.60,206,3.64,234061.11,10,0,18,60,23,39.85,81,219,0,3,87.95,0.50,0.50,0.00,4,18.00,4,10932.80,0,2,23,org.apache.lucene.util.LuceneTestCase,0.00,50,2,16,1,50,8,0,69,1815,1
"org.apache.lucene.search.TestMultiSearcher$DefaultSimilarity",6,0.00,1.00,13,0.10,1173.83,6,0,18,6,0,141.73,1,13,0,1,141.73,0.00,0.00,0.00,0,6.00,1,312.67,0,0,0,java.lang.Object,0.00,0,0,6,0,0,6,0,1,88,0
"org.apache.lucene.search.TestMultiSearcherRanking",12,0.11,1.42,76,1.03,37598.76,16,4,11,29,16,154.25,26,94,0,3,114.36,0.00,0.67,0.15,4,34.00,6,3085.89,1,0,16,org.apache.lucene.util.LuceneTestCase,0.12,17,2,17,0,17,12,0,8,619,1
"org.apache.lucene.search.TestMultiTermConstantScore",21,0.40,1.29,375,8.28,912674.24,23,2,13,54,20,128.41,61,415,0,4,88.52,0.00,0.75,0.12,4,36.00,3,24846.74,2,5,20,org.apache.lucene.search.BaseTestRangeFilter,0.11,33,3,27,0,33,16,0,61,4256,1
"org.apache.lucene.search.TestMultiTermConstantScore$Collector",4,0.17,1.00,11,0.12,1507.02,6,2,13,6,2,139.48,0,19,0,1,139.48,0.00,0.00,0.38,0,4.00,1,348.13,0,0,2,java.lang.Object,0.00,2,0,4,0,2,4,0,0,89,0
"org.apache.lucene.search.TestMultiThreadTermVectors",4,0.22,3.50,58,0.62,31750.60,7,3,9,22,11,147.25,6,64,0,3,97.25,0.00,0.67,0.17,0,4.00,6,1866.73,1,0,11,org.apache.lucene.util.LuceneTestCase,0.19,18,2,14,0,18,4,0,6,358,1
"org.apache.lucene.search.TestMultiValuedNumericRangeQuery",1,0.00,5.00,38,0.63,32768.42,1,0,12,22,12,58.27,5,33,0,3,76.14,0.00,0.67,0.00,0,1.00,5,1898.45,1,0,12,org.apache.lucene.util.LuceneTestCase,0.00,21,2,5,0,21,1,0,1,303,1
"org.apache.lucene.search.TestNot",2,0.00,1.00,16,0.25,4878.48,2,0,8,16,12,131.25,6,19,0,3,110.64,0.00,0.67,0.00,0,2.00,1,758.06,0,0,12,org.apache.lucene.util.LuceneTestCase,0.00,14,2,2,0,14,2,0,2,141,1
"org.apache.lucene.search.TestNumericRangeQuery32",35,0.03,1.43,319,5.72,410110.17,40,5,11,79,25,103.28,25,378,0,3,103.28,0.00,0.67,0.17,8,190.00,6,17154.53,2,0,25,org.apache.lucene.util.LuceneTestCase,0.06,44,2,50,0,44,35,0,25,3012,1
"org.apache.lucene.search.TestNumericRangeQuery64",40,0.07,1.35,309,5.46,390438.52,45,5,10,76,23,107.99,22,371,0,3,107.99,0.00,0.67,0.13,7,238.00,6,16373.76,2,0,23,org.apache.lucene.util.LuceneTestCase,0.06,36,2,54,0,36,40,0,22,2895,1
"org.apache.lucene.search.TestParallelMultiSearcher",2,0.00,1.00,5,0.04,545.73,2,0,1,3,4,190.59,3,10,0,4,140.59,0.00,0.75,0.00,0,2.00,1,121.51,0,1,4,org.apache.lucene.search.TestMultiSearcher,0.00,1,3,2,0,1,1,0,1,35,1
"org.apache.lucene.search.TestPhrasePrefixQuery",2,0.00,1.50,43,0.84,46747.88,2,0,11,26,12,87.42,9,53,0,3,87.18,0.00,0.67,0.00,0,2.00,2,2523.71,0,0,12,org.apache.lucene.util.LuceneTestCase,0.00,24,2,3,0,24,2,0,5,408,1
"org.apache.lucene.search.TestPhraseQuery",17,0.16,1.00,337,5.58,258804.86,21,4,11,47,18,72.49,88,362,0,3,90.36,0.00,0.67,0.40,0,0.00,1,16739.01,2,0,18,org.apache.lucene.util.LuceneTestCase,0.21,30,2,17,0,30,17,0,61,3021,1
"org.apache.lucene.search.TestPhraseQuery$Analyzer",2,0.00,1.00,5,0.04,482.78,2,0,11,3,0,141.01,0,9,0,1,141.01,0.00,0.00,0.00,0,2.00,1,124.93,0,1,0,java.lang.Object,0.00,1,0,2,0,1,1,0,0,35,0
"org.apache.lucene.search.TestPositionIncrement",2,0.00,3.00,161,2.77,222036.39,2,0,34,47,31,39.88,29,168,0,3,60.03,0.00,0.67,0.00,0,2.00,5,8316.68,0,0,31,org.apache.lucene.util.LuceneTestCase,0.00,45,2,6,0,45,2,0,24,1325,1
"org.apache.lucene.search.TestPositionIncrement$Analyzer",1,0.00,1.00,3,0.02,189.62,1,0,34,2,0,135.26,0,5,0,1,135.26,0.00,0.00,0.00,0,1.00,1,59.81,0,1,0,java.lang.Object,0.00,1,0,1,0,1,0,0,0,18,0
"org.apache.lucene.search.TestPositionIncrement$Analyzer$TokenStream",1,0.00,2.00,14,0.19,4223.80,7,6,34,4,2,99.54,0,17,0,1,99.54,0.00,0.00,1.00,0,0.00,2,562.76,0,0,2,java.lang.Object,0.00,3,0,2,0,3,1,0,0,116,0
"org.apache.lucene.search.TestPositionIncrement$PayloadFilter",2,1.17,2.00,29,0.26,6471.76,8,6,34,8,5,100.45,1,35,0,4,100.45,0.00,0.75,0.75,0,0.00,3,786.88,0,0,5,org.apache.lucene.analysis.TokenFilter,0.29,6,3,4,0,6,2,0,1,164,1
"org.apache.lucene.search.TestPositionIncrement$StopWhitespaceAnalyzer",2,0.00,1.00,8,0.10,1761.27,4,2,34,7,4,125.35,0,12,0,2,125.35,0.00,0.50,0.50,0,2.00,1,300.33,0,1,4,org.apache.lucene.search.Analyzer,0.00,5,1,2,0,5,1,0,0,71,2
"org.apache.lucene.search.TestPositionIncrement$TestPayloadAnalyzer",1,0.00,1.00,4,0.04,706.55,1,0,34,3,2,126.11,0,7,0,2,126.11,0.00,0.50,0.00,0,1.00,1,128.10,0,1,2,org.apache.lucene.search.Analyzer,0.00,2,1,1,0,2,0,0,0,33,1
"org.apache.lucene.search.TestPositiveScoresOnlyCollector",1,0.00,5.00,25,0.35,14907.76,2,1,2,9,8,67.75,5,27,0,3,85.62,0.00,0.67,1.00,0,0.00,5,1048.53,0,0,8,org.apache.lucene.util.LuceneTestCase,0.00,8,2,5,0,8,1,0,5,189,1
"org.apache.lucene.search.TestPositiveScoresOnlyCollector$SimpleScorer",5,0.25,1.60,13,0.15,3154.52,6,1,2,5,1,137.61,0,17,0,3,137.61,0.00,0.67,0.80,0,0.00,2,443.40,0,0,1,org.apache.lucene.search.Scorer,0.92,0,2,8,0,0,5,0,0,109,3
"org.apache.lucene.search.TestPrefixFilter",1,0.00,2.00,50,0.91,65416.67,1,0,7,15,12,40.16,13,53,0,3,69.54,0.00,0.67,0.00,0,1.00,2,2739.91,0,0,12,org.apache.lucene.util.LuceneTestCase,0.00,14,2,2,0,14,1,0,10,452,1
"org.apache.lucene.search.TestPrefixInBooleanQuery",5,0.62,1.40,47,0.77,27378.58,7,2,7,21,12,145.77,10,68,0,3,105.89,0.00,0.67,1.00,0,0.00,3,2323.35,1,0,12,org.apache.lucene.util.LuceneTestCase,0.18,16,2,7,0,16,5,0,1,453,1
"org.apache.lucene.search.TestPrefixQuery",1,0.00,2.00,20,0.34,11593.79,1,0,7,14,10,90.54,4,22,0,3,90.30,0.00,0.67,0.00,0,1.00,2,1033.21,0,0,10,org.apache.lucene.util.LuceneTestCase,0.00,13,2,2,0,13,1,0,1,179,1
"org.apache.lucene.search.TestQueryTermVector",3,0.00,1.33,30,0.39,16627.33,3,0,2,9,3,104.15,1,32,0,3,104.15,0.00,0.67,0.00,1,3.00,2,1168.84,0,0,3,org.apache.lucene.util.LuceneTestCase,0.00,6,2,4,0,6,3,0,1,237,1
"org.apache.lucene.search.TestQueryWrapperFilter",1,0.00,1.00,34,0.65,25382.21,1,0,11,20,16,61.32,5,38,0,3,79.19,0.00,0.67,0.00,0,0.00,1,1962.66,0,0,16,org.apache.lucene.util.LuceneTestCase,0.00,19,2,1,0,19,1,0,5,337,1
"org.apache.lucene.search.TestRemoteCachingWrapperFilter",4,0.00,1.00,53,1.02,51184.31,6,2,11,31,19,117.72,14,63,1,3,97.11,0.00,0.67,0.50,1,4.00,1,3064.94,2,0,18,org.apache.lucene.search.RemoteTestCaseJ4,0.00,27,2,4,0,27,4,0,12,584,1
"org.apache.lucene.search.TestRemoteSearchable",8,0.29,1.00,61,1.14,41489.63,10,2,13,40,20,110.22,5,84,1,3,110.22,0.00,0.67,0.25,1,16.00,1,3426.36,2,0,19,org.apache.lucene.search.RemoteTestCaseJ4,0.00,32,2,8,0,32,8,0,5,651,1
"org.apache.lucene.search.TestRemoteSort",13,0.06,3.08,202,4.82,433313.28,22,9,19,62,21,111.87,40,231,1,3,91.25,0.00,0.67,0.16,6,55.00,12,14473.11,3,4,20,org.apache.lucene.search.RemoteTestCaseJ4,0.00,49,2,40,0,49,9,0,36,2473,1
"org.apache.lucene.search.TestRemoteSort$MyFieldComparator",7,0.17,1.00,18,0.20,3342.16,10,3,19,10,2,138.67,0,32,0,2,138.67,0.00,0.50,0.48,0,0.00,1,602.14,0,1,2,org.apache.lucene.search.FieldComparator,0.62,3,1,7,0,3,6,0,0,154,1
"org.apache.lucene.search.TestRemoteSort$MyFieldComparator$FieldCache.IntParser",1,0.00,1.00,3,0.03,465.57,1,0,19,2,0,132.19,0,4,0,1,132.19,0.00,0.00,0.00,0,1.00,1,101.35,0,0,0,java.lang.Object,0.00,1,0,1,0,1,1,0,0,27,0
"org.apache.lucene.search.TestRemoteSort$MyFieldComparatorSource",1,0.00,1.00,3,0.04,439.67,1,0,19,2,2,132.39,0,7,0,2,132.39,0.00,0.50,0.00,0,1.00,1,107.25,0,1,2,org.apache.lucene.search.FieldComparatorSource,0.00,1,1,1,0,1,0,0,0,28,1
"org.apache.lucene.search.TestScoreCachingWrappingScorer",1,0.00,3.00,16,0.22,6446.09,2,1,3,6,3,145.83,1,19,0,3,95.83,0.00,0.67,1.00,0,0.00,3,658.76,0,0,3,org.apache.lucene.util.LuceneTestCase,0.00,5,2,3,0,5,1,0,1,129,1
"org.apache.lucene.search.TestScoreCachingWrappingScorer$ScoreCachingCollector",5,0.08,1.20,18,0.19,4719.02,8,3,3,7,4,129.73,2,26,0,2,129.73,0.00,0.50,0.27,0,7.00,2,563.45,0,0,4,org.apache.lucene.search.Collector,0.44,2,1,6,0,2,5,0,2,136,3
"org.apache.lucene.search.TestScoreCachingWrappingScorer$SimpleScorer",5,0.12,1.60,14,0.16,3479.93,7,2,3,5,1,137.28,4,18,0,3,137.28,0.00,0.67,0.40,0,0.00,2,480.62,0,0,1,org.apache.lucene.search.Scorer,0.92,0,2,8,0,0,5,0,4,117,3
"org.apache.lucene.search.TestScorerPerf",11,0.24,3.55,198,2.59,140286.02,16,5,13,50,17,47.43,123,194,0,3,91.55,0.00,0.67,0.42,3,0.00,6,7762.39,0,3,17,org.apache.lucene.util.LuceneTestCase,0.00,39,2,39,0,39,8,0,22,1376,1
"org.apache.lucene.search.TestScorerPerf$CountingHitCollector",6,0.00,1.00,16,0.12,1649.61,9,3,13,6,3,140.56,1,22,0,2,140.56,0.00,0.50,0.33,0,10.00,1,368.46,0,0,3,org.apache.lucene.search.Collector,0.40,0,1,6,0,0,6,0,1,101,2
"org.apache.lucene.search.TestScorerPerf$Filter",1,0.00,1.00,3,0.02,270.90,1,0,13,2,3,134.04,0,5,0,1,134.04,0.00,0.00,0.00,0,1.00,1,72.73,0,1,3,java.lang.Object,0.00,1,0,1,0,1,0,0,0,21,0
"org.apache.lucene.search.TestScorerPerf$MatchingHitCollector",2,0.00,1.50,10,0.11,2339.41,4,2,13,4,0,120.67,0,14,0,2,120.67,0.00,0.50,0.50,0,2.00,2,335.01,1,0,0,org.apache.lucene.search.CountingHitCollector,0.00,2,1,3,0,2,2,0,0,78,2
"org.apache.lucene.search.TestSetNorm",2,0.00,1.50,29,0.41,17156.34,2,0,8,19,12,97.41,8,32,0,3,97.18,0.00,0.67,0.00,0,2.00,2,1239.51,0,0,12,org.apache.lucene.util.LuceneTestCase,0.00,17,2,3,0,17,2,0,4,215,1
"org.apache.lucene.search.TestSetNorm$Collector",4,0.17,1.00,11,0.11,1635.14,6,2,8,5,2,139.21,0,19,0,1,139.21,0.00,0.00,0.38,0,4.00,1,330.56,0,0,2,java.lang.Object,0.00,1,0,4,0,1,4,0,0,85,0
"org.apache.lucene.search.TestSimilarity",2,0.00,1.00,32,0.50,14351.23,2,0,11,24,14,95.96,8,37,0,3,95.72,0.00,0.67,0.00,0,2.00,1,1506.10,0,0,14,org.apache.lucene.util.LuceneTestCase,0.00,22,2,2,0,22,2,0,4,269,1
"org.apache.lucene.search.TestSimilarity$Collector",4,1.00,1.00,9,0.09,1086.57,5,1,11,6,2,140.60,0,16,0,1,140.60,0.00,0.00,0.25,0,6.00,1,262.95,0,0,2,java.lang.Object,0.00,2,0,4,0,2,4,0,0,71,0
"org.apache.lucene.search.TestSimilarity$Collector_0",4,0.17,1.00,11,0.11,1562.01,6,2,11,6,2,139.36,1,19,0,1,139.36,0.00,0.00,0.38,0,4.00,1,343.73,0,0,2,java.lang.Object,0.00,2,0,4,0,2,4,0,1,88,0
"org.apache.lucene.search.TestSimilarity$Collector_1",4,1.00,1.00,9,0.09,1086.57,5,1,11,6,2,140.60,1,16,0,1,140.60,0.00,0.00,0.25,0,6.00,1,262.95,0,0,2,java.lang.Object,0.00,2,0,4,0,2,4,0,1,71,0
"org.apache.lucene.search.TestSimilarity$Collector_2",4,1.00,1.00,9,0.09,1086.57,5,1,11,6,2,140.60,1,16,0,1,140.60,0.00,0.00,0.25,0,6.00,1,262.95,0,0,2,java.lang.Object,0.00,2,0,4,0,2,4,0,1,71,0
"org.apache.lucene.search.TestSimilarity$SimpleSimilarity",7,0.00,1.00,15,0.13,1644.94,7,0,11,8,2,141.10,0,11,0,2,141.10,0.00,0.50,0.00,0,7.00,1,401.77,0,1,2,org.apache.lucene.search.Similarity,0.40,1,1,7,0,1,6,0,0,110,2
"org.apache.lucene.search.TestSimilarity$SimpleSimilarity$IDFExplanation",2,0.00,1.00,5,0.03,286.06,2,0,11,2,0,142.80,0,9,0,1,142.80,0.00,0.00,0.00,0,2.00,1,81.08,0,1,0,java.lang.Object,0.00,0,0,2,0,0,1,0,0,26,0
"org.apache.lucene.search.TestSimpleExplanations",52,0.00,1.00,226,3.67,102509.04,52,0,12,89,26,122.60,15,285,1,4,122.60,0.33,0.60,0.00,0,368.00,1,11022.20,2,0,25,org.apache.lucene.search.TestExplanations,0.00,37,3,52,1,37,52,0,13,2251,1
"org.apache.lucene.search.TestSimpleExplanationsOfNonMatches",1,0.00,1.00,3,0.04,549.65,1,0,12,2,12,83.52,8,7,0,5,131.62,0.00,0.80,0.00,0,0.00,1,119.24,0,0,12,org.apache.lucene.search.TestSimpleExplanations,0.00,1,4,1,0,1,1,0,2,30,1
"org.apache.lucene.search.TestSloppyPhraseQuery",8,0.07,2.12,82,1.15,36032.96,20,12,10,29,10,125.37,26,80,0,3,104.75,0.00,0.67,0.15,1,22.00,4,3443.20,0,2,10,org.apache.lucene.util.LuceneTestCase,0.00,21,2,17,0,21,6,0,7,677,1
"org.apache.lucene.search.TestSort",39,0.07,2.15,585,11.10,980717.41,52,13,22,111,30,132.19,99,643,1,3,92.30,0.00,0.67,0.14,9,172.00,13,33310.10,2,11,29,org.apache.lucene.util.LuceneTestCase,0.06,72,2,84,0,72,28,1,86,5943,1
"org.apache.lucene.search.TestSort$FieldCache.ByteParser",1,0.00,1.00,3,0.03,452.96,1,0,22,2,0,132.29,0,4,0,1,132.29,0.00,0.00,0.00,0,1.00,1,97.55,0,0,0,java.lang.Object,0.00,1,0,1,0,1,1,0,0,27,0
"org.apache.lucene.search.TestSort$FieldCache.DoubleParser",1,0.00,1.00,3,0.04,692.28,1,0,22,3,0,130.84,0,4,0,1,130.84,0.00,0.00,0.00,0,1.00,1,129.96,0,0,0,java.lang.Object,0.00,2,0,1,0,2,1,0,0,34,0
"org.apache.lucene.search.TestSort$FieldCache.FloatParser",1,0.00,1.00,3,0.03,407.06,1,0,22,3,0,132.65,0,4,0,1,132.65,0.00,0.00,0.00,0,1.00,1,101.46,0,0,0,java.lang.Object,0.00,2,0,1,0,2,1,0,0,28,0
"org.apache.lucene.search.TestSort$FieldCache.IntParser",1,0.00,1.00,3,0.03,465.57,1,0,22,2,0,132.19,0,4,0,1,132.19,0.00,0.00,0.00,0,1.00,1,101.35,0,0,0,java.lang.Object,0.00,1,0,1,0,1,1,0,0,27,0
"org.apache.lucene.search.TestSort$FieldCache.LongParser",1,0.00,1.00,3,0.03,465.57,1,0,22,2,0,132.19,0,4,0,1,132.19,0.00,0.00,0.00,0,1.00,1,101.35,0,0,0,java.lang.Object,0.00,1,0,1,0,1,1,0,0,27,0
"org.apache.lucene.search.TestSort$FieldCache.ShortParser",1,0.00,1.00,3,0.03,452.96,1,0,22,2,0,132.29,0,4,0,1,132.29,0.00,0.00,0.00,0,1.00,1,97.55,0,0,0,java.lang.Object,0.00,1,0,1,0,1,1,0,0,27,0
"org.apache.lucene.search.TestSort$Filter",1,0.00,1.00,6,0.08,2209.46,1,0,22,5,3,115.64,0,8,0,1,115.64,0.00,0.00,0.00,0,1.00,1,247.72,0,1,3,java.lang.Object,0.00,4,0,1,0,4,0,0,0,55,0
"org.apache.lucene.search.TestSort$MyFieldComparator",7,0.17,1.00,18,0.19,3079.67,10,3,22,10,2,138.95,0,32,0,2,138.95,0.00,0.50,0.48,0,0.00,1,584.69,0,1,2,org.apache.lucene.search.FieldComparator,0.62,3,1,7,0,3,6,0,0,151,1
"org.apache.lucene.search.TestSort$MyFieldComparator$FieldCache.IntParser_0",1,0.00,1.00,3,0.03,465.57,1,0,22,2,0,132.19,0,4,0,1,132.19,0.00,0.00,0.00,0,1.00,1,101.35,0,0,0,java.lang.Object,0.00,1,0,1,0,1,1,0,0,27,0
"org.apache.lucene.search.TestSort$MyFieldComparatorSource",1,0.00,1.00,3,0.04,439.67,1,0,22,2,2,132.39,0,6,0,2,132.39,0.00,0.50,0.00,0,1.00,1,107.25,0,1,2,org.apache.lucene.search.FieldComparatorSource,0.00,1,1,1,0,1,0,0,0,28,1
"org.apache.lucene.search.TestSpanQueryFilter",4,0.00,1.75,44,0.74,28229.50,4,0,13,31,15,101.72,2,48,0,3,101.72,0.00,0.67,0.00,2,4.00,3,2234.72,0,0,15,org.apache.lucene.util.LuceneTestCase,0.00,27,2,7,0,27,4,0,2,382,1
"org.apache.lucene.search.TestTermRangeFilter",8,0.00,1.12,223,5.45,480515.24,8,0,10,29,14,80.19,35,243,0,4,79.95,0.00,0.75,0.00,0,0.00,2,16338.52,1,0,14,org.apache.lucene.search.BaseTestRangeFilter,0.00,21,3,9,0,21,8,0,27,2678,1
"org.apache.lucene.search.TestTermRangeQuery",8,0.07,1.00,131,2.13,76657.71,10,2,15,22,14,144.73,11,140,0,3,94.73,0.00,0.67,0.44,0,0.00,1,6384.54,1,0,14,org.apache.lucene.util.LuceneTestCase,0.15,14,2,8,0,14,8,0,11,1183,1
"org.apache.lucene.search.TestTermRangeQuery$SingleCharAnalyzer",8,0.00,1.25,71,0.94,27228.86,8,0,15,23,10,149.33,22,78,0,2,109.45,0.00,0.50,0.00,3,14.00,2,2825.86,2,2,10,org.apache.lucene.analysis.Analyzer,0.00,15,1,10,0,15,6,0,22,558,2
"org.apache.lucene.search.TestTermRangeQuery$SingleCharAnalyzer$SingleCharTokenizer",3,0.33,1.67,19,0.20,4753.76,6,3,15,6,1,116.66,0,30,0,4,116.66,0.00,0.75,0.56,0,0.00,3,586.90,1,0,1,org.apache.lucene.analysis.Tokenizer,0.20,3,3,5,0,3,3,0,0,131,2
"org.apache.lucene.search.TestTermScorer",5,0.45,1.20,52,0.89,26095.47,10,5,11,31,14,104.62,21,66,0,3,104.38,0.00,0.67,0.56,0,0.00,2,2660.16,1,0,14,org.apache.lucene.util.LuceneTestCase,0.18,26,2,6,0,26,5,0,5,502,1
"org.apache.lucene.search.TestTermScorer$Collector",4,0.17,1.00,15,0.18,4293.67,6,2,11,8,2,129.34,0,24,0,1,129.34,0.00,0.00,0.38,0,4.00,1,537.89,0,0,2,java.lang.Object,0.00,4,0,4,0,4,4,0,0,123,0
"org.apache.lucene.search.TestTermScorer$TestHit",2,0.00,1.00,8,0.07,837.28,4,2,11,2,0,127.90,0,12,0,1,127.90,0.00,0.00,0.50,0,2.00,1,202.21,0,1,0,java.lang.Object,0.00,0,0,2,0,0,1,0,0,55,1
"org.apache.lucene.search.TestTermVectors",11,0.05,3.91,304,5.63,465974.76,13,2,13,71,24,120.74,29,334,0,3,80.86,0.00,0.67,0.45,1,0.00,10,16888.60,1,0,24,org.apache.lucene.util.LuceneTestCase,0.13,60,2,43,0,60,11,0,24,2630,1
"org.apache.lucene.search.TestThreadSafe",4,0.10,3.00,60,0.74,24739.78,11,7,11,30,9,147.02,4,57,0,3,97.02,0.00,0.67,0.21,2,0.00,4,2215.96,0,0,9,org.apache.lucene.util.LuceneTestCase,0.00,26,2,12,0,26,4,0,4,416,1
"org.apache.lucene.search.TestThreadSafe$Thr",3,0.25,2.67,26,0.25,5801.14,5,2,11,12,2,151.09,6,31,0,2,111.21,0.00,0.50,0.33,0,1.00,5,740.82,0,0,2,org.apache.lucene.index.Thread,0.00,9,1,8,0,9,3,0,3,158,0
"org.apache.lucene.search.TestThreadSafe$Thr$FieldSelector",1,0.00,1.00,6,0.06,993.27,1,0,11,1,1,168.37,1,8,0,1,118.37,0.00,0.00,0.00,0,0.00,1,167.91,0,1,1,java.lang.Object,0.00,0,0,1,0,0,0,0,1,41,0
"org.apache.lucene.search.TestTimeLimitingCollector",17,0.01,1.71,138,1.70,59774.98,25,8,15,51,16,129.88,52,178,0,3,109.27,0.00,0.67,0.12,7,109.00,5,5109.19,2,2,16,org.apache.lucene.util.LuceneTestCase,0.21,34,2,29,0,34,15,0,34,993,1
"org.apache.lucene.search.TestTimeLimitingCollector$MyHitCollector",7,0.04,1.29,25,0.25,7207.70,11,4,15,12,4,129.42,4,40,0,2,129.42,0.00,0.50,0.29,0,16.00,3,759.70,0,0,4,org.apache.lucene.search.Collector,0.36,5,1,9,0,5,7,0,2,175,1
"org.apache.lucene.search.TestTimeLimitingCollector$Thread",1,0.00,2.00,8,0.05,807.21,1,0,15,4,0,114.26,0,12,0,1,114.26,0.00,0.00,0.00,0,1.00,2,143.93,0,0,0,java.lang.Object,0.00,3,0,2,0,3,1,0,0,36,0
"org.apache.lucene.search.TestTopDocsCollector",11,0.20,1.18,70,0.96,23577.23,14,3,9,27,13,165.70,18,86,0,3,115.70,0.00,0.67,0.15,1,40.00,2,2873.07,2,1,13,org.apache.lucene.util.LuceneTestCase,0.26,16,2,13,0,16,10,0,18,611,1
"org.apache.lucene.search.TestTopDocsCollector$MyTopsDocCollector",6,0.30,1.50,27,0.29,8760.60,8,2,9,11,6,123.53,1,38,0,3,123.53,0.00,0.67,0.25,0,10.00,4,873.02,0,1,6,org.apache.lucene.search.TopDocsCollector,0.35,5,2,9,0,5,5,0,1,194,3
"org.apache.lucene.search.TestTopScoreDocCollector",3,0.00,2.00,34,0.46,16266.78,3,0,7,20,11,152.59,4,35,0,3,102.59,0.00,0.67,0.00,0,3.00,4,1391.28,0,0,11,org.apache.lucene.util.LuceneTestCase,0.00,17,2,6,0,17,3,0,4,239,1
"org.apache.lucene.search.TestWildcard",9,0.00,2.33,199,3.50,165607.13,9,0,13,48,19,69.27,50,216,0,3,87.15,0.00,0.67,0.00,1,16.00,12,10512.44,0,1,19,org.apache.lucene.util.LuceneTestCase,0.00,39,2,21,0,39,8,0,26,1761,1
"org.apache.lucene.search.TimeLimitingCollector",9,0.07,1.22,40,0.42,9656.79,18,9,3,17,6,82.34,65,57,2,2,124.63,0.00,0.50,0.17,0,29.00,3,1252.95,0,0,4,org.apache.lucene.search.Collector,0.31,8,1,11,0,8,9,0,17,287,1
"org.apache.lucene.search.TimeLimitingCollector$TimeExceededException",4,0.11,1.00,15,0.11,1682.63,7,3,3,4,0,132.54,3,20,0,2,132.54,0.00,0.50,0.25,0,10.00,1,322.56,0,0,0,java.lang.RuntimeException,0.00,0,1,4,0,0,4,0,3,86,2
"org.apache.lucene.search.TimeLimitingCollector$TimerThread",3,0.50,1.67,13,0.10,1664.23,4,1,3,6,1,94.59,20,21,0,2,126.82,0.00,0.50,0.67,0,1.00,3,291.67,0,0,1,java.lang.Thread,0.00,3,1,5,0,3,3,0,13,73,3
"org.apache.lucene.search.TopDocs",4,0.33,1.00,14,0.12,1660.68,7,3,0,4,66,90.29,29,18,65,1,132.58,0.00,0.00,0.08,0,6.00,1,349.90,0,0,1,java.lang.Object,0.00,0,0,4,1,0,4,1,8,92,1
"org.apache.lucene.search.TopDocsCollector",7,0.17,2.00,33,0.43,21045.30,10,3,1,11,14,72.52,76,36,10,2,120.99,8.00,0.10,0.48,3,0.00,4,1277.44,0,4,4,org.apache.lucene.search.Collector,0.00,4,1,14,8,4,3,0,29,276,2
"org.apache.lucene.search.TopFieldCollector",6,0.03,3.67,82,0.99,42744.88,13,7,4,29,19,132.19,120,110,10,3,98.81,1.00,0.40,0.17,0,6.00,13,2960.41,0,2,9,org.apache.lucene.search.TopDocsCollector,0.18,23,2,22,2,23,4,0,29,564,2
"org.apache.lucene.search.TopFieldCollector$MultiComparatorNonScoringCollector",5,0.12,3.40,62,0.60,49832.68,7,2,4,13,5,138.86,11,61,0,4,98.98,0.00,0.75,0.60,1,0.00,11,1799.74,1,0,5,org.apache.lucene.search.TopFieldCollector,0.36,8,3,17,0,8,5,0,11,360,2
"org.apache.lucene.search.TopFieldCollector$MultiComparatorScoringMaxScoreCollector",4,1.00,3.75,54,0.53,51119.03,5,1,4,10,2,136.69,10,56,0,2,96.81,0.00,0.50,0.25,1,6.00,12,1604.67,1,0,2,org.apache.lucene.search.MultiComparatorNonScoringCollector,0.00,6,1,15,0,6,4,0,10,314,2
"org.apache.lucene.search.TopFieldCollector$MultiComparatorScoringNoMaxScoreCollector",4,1.00,3.50,52,0.52,52357.73,5,1,4,10,2,136.63,11,53,0,2,96.74,0.00,0.50,0.25,1,8.00,11,1558.77,1,0,2,org.apache.lucene.search.MultiComparatorNonScoringCollector,0.00,6,1,14,0,6,4,0,11,307,2
"org.apache.lucene.search.TopFieldCollector$OneComparatorNonScoringCollector",5,0.12,1.60,29,0.32,10465.31,7,2,4,13,5,168.67,7,43,0,4,118.67,0.00,0.75,0.60,1,0.00,4,969.79,1,0,5,org.apache.lucene.search.TopFieldCollector,0.36,8,3,8,0,8,5,0,7,212,2
"org.apache.lucene.search.TopFieldCollector$OneComparatorScoringMaxScoreCollector",4,1.00,2.00,29,0.32,12910.06,5,1,4,10,2,161.68,7,42,0,2,111.69,0.00,0.50,0.25,1,6.00,5,945.85,1,0,2,org.apache.lucene.search.OneComparatorNonScoringCollector,0.00,6,1,8,0,6,4,0,7,200,2
"org.apache.lucene.search.TopFieldCollector$OneComparatorScoringNoMaxScoreCollector",4,1.00,1.75,27,0.30,12267.17,5,1,4,11,2,154.27,8,39,0,2,114.39,0.00,0.50,0.25,1,8.00,4,899.04,0,0,2,org.apache.lucene.search.OneComparatorNonScoringCollector,0.00,7,1,7,0,7,4,0,8,193,2
"org.apache.lucene.search.TopFieldCollector$OutOfOrderMultiComparatorNonScoringCollector",3,0.00,4.67,46,0.45,50497.44,3,0,4,8,1,133.38,8,48,0,2,93.50,0.00,0.50,0.00,0,4.00,12,1335.63,0,0,1,org.apache.lucene.search.MultiComparatorNonScoringCollector,0.00,5,1,14,0,5,3,0,8,254,2
"org.apache.lucene.search.TopFieldCollector$OutOfOrderMultiComparatorScoringMaxScoreCollector",3,0.00,5.00,49,0.48,55501.55,3,0,4,9,1,132.00,8,52,0,2,92.11,0.00,0.50,0.00,0,4.00,13,1454.15,0,0,1,org.apache.lucene.search.MultiComparatorScoringMaxScoreCollector,0.00,6,1,15,0,6,3,0,8,273,3
"org.apache.lucene.search.TopFieldCollector$OutOfOrderMultiComparatorScoringNoMaxScoreCollector",4,0.00,3.75,51,0.51,57699.43,4,0,4,10,2,137.57,10,56,0,2,97.69,0.00,0.50,0.00,0,6.00,12,1537.54,1,0,2,org.apache.lucene.search.MultiComparatorScoringNoMaxScoreCollector,0.00,6,1,15,0,6,4,0,10,296,3
"org.apache.lucene.search.TopFieldCollector$OutOfOrderOneComparatorNonScoringCollector",3,0.00,2.00,20,0.24,14670.84,3,0,4,8,1,162.76,4,31,0,2,112.76,0.00,0.50,0.00,0,4.00,4,725.26,0,0,1,org.apache.lucene.search.OneComparatorNonScoringCollector,0.00,5,1,6,0,5,3,0,4,146,2
"org.apache.lucene.search.TopFieldCollector$OutOfOrderOneComparatorScoringMaxScoreCollector",3,0.00,2.33,23,0.28,18231.40,3,0,4,9,1,159.49,4,35,0,2,109.49,0.00,0.50,0.00,0,4.00,5,831.74,0,0,1,org.apache.lucene.search.OneComparatorScoringMaxScoreCollector,0.00,6,1,7,0,6,3,0,4,164,2
"org.apache.lucene.search.TopFieldCollector$OutOfOrderOneComparatorScoringNoMaxScoreCollector",3,0.00,2.00,22,0.27,18723.06,3,0,4,9,1,149.32,6,34,0,2,109.43,0.00,0.50,0.00,0,4.00,4,822.19,0,0,1,org.apache.lucene.search.OneComparatorScoringNoMaxScoreCollector,0.00,6,1,6,0,6,3,0,6,163,2
"org.apache.lucene.search.TopFieldDocs",1,1.00,1.00,5,0.05,671.54,2,1,0,1,16,172.15,26,8,13,2,122.66,0.00,0.50,0.00,0,1.00,1,148.28,0,0,3,org.apache.lucene.search.TopDocs,0.00,0,1,1,0,0,1,0,4,38,1
"org.apache.lucene.search.TopScoreDocCollector",5,0.25,1.80,32,0.31,9186.02,8,3,2,11,17,83.91,32,40,11,3,116.13,1.00,0.40,0.13,0,10.00,4,936.74,0,2,6,org.apache.lucene.search.TopDocsCollector,0.19,6,2,9,2,6,3,0,11,205,2
"org.apache.lucene.search.TopScoreDocCollector$InOrderTopScoreDocCollector",3,0.00,1.33,15,0.14,5338.79,3,0,2,5,1,169.27,4,22,0,4,119.27,0.00,0.75,0.00,0,4.00,2,434.26,0,0,1,org.apache.lucene.search.TopScoreDocCollector,0.42,2,3,4,0,2,3,0,4,97,2
"org.apache.lucene.search.TopScoreDocCollector$OutOfOrderTopScoreDocCollector",3,0.00,1.33,15,0.16,8468.81,3,0,2,5,1,117.69,1,22,0,4,117.69,0.00,0.75,0.00,0,4.00,2,481.15,0,0,1,org.apache.lucene.search.TopScoreDocCollector,0.42,2,3,4,0,2,3,0,1,105,2
"org.apache.lucene.search.Weight",7,0.00,1.00,9,0.07,532.42,7,0,3,7,65,107.71,76,10,62,1,156.19,0.00,0.00,0.00,0,7.00,1,217.50,0,3,4,java.lang.Object,0.00,0,0,7,16,0,4,1,8,69,2
"org.apache.lucene.search.WildcardQuery",7,0.06,2.43,43,0.61,21736.95,10,3,4,28,30,154.16,16,70,21,3,114.27,0.00,0.67,0.38,0,0.00,7,1844.53,4,4,9,org.apache.lucene.search.MultiTermQuery,0.14,21,2,17,0,21,3,0,3,399,1
"org.apache.lucene.search.WildcardTermEnum",5,0.31,4.40,73,0.82,66502.66,13,8,3,16,6,47.33,41,107,3,3,95.43,0.00,0.67,0.38,1,5.00,13,2467.80,1,0,3,org.apache.lucene.search.FilteredTermEnum,0.33,11,2,22,0,11,5,0,24,470,1
"org.apache.lucene.spatial.geohash.GeoHashDistanceFilter",4,0.00,1.75,29,0.39,13944.99,8,4,8,11,9,111.69,17,42,2,3,111.45,0.00,0.67,0.25,1,4.00,4,1163.13,0,1,7,org.apache.lucene.spatial.tier.DistanceFilter,0.23,7,2,7,0,7,3,0,5,256,1
"org.apache.lucene.spatial.geohash.GeoHashDistanceFilter$FilteredDocIdSet",1,0.00,3.00,18,0.22,7265.83,1,0,8,8,2,114.13,3,22,0,1,93.52,0.00,0.00,0.00,0,0.00,3,652.52,0,0,2,java.lang.Object,0.00,7,0,3,0,7,1,0,3,121,0
"org.apache.lucene.spatial.geohash.GeoHashUtils",3,0.00,4.33,70,0.98,82815.77,7,4,2,11,8,67.02,17,82,8,1,84.90,0.00,0.00,0.25,0,5.00,6,2952.49,0,1,0,java.lang.Object,0.00,8,0,13,0,8,2,0,3,527,1
"org.apache.lucene.spatial.geohash.TestGeoHashUtils",4,0.00,1.00,28,0.38,11117.26,4,0,3,7,2,112.59,18,37,0,3,112.36,0.00,0.67,0.00,0,4.00,1,1140.01,0,0,2,org.apache.lucene.util.LuceneTestCase,0.00,3,2,4,0,3,4,0,5,248,1
"org.apache.lucene.messages.Message",4,0.00,1.00,5,0.02,126.35,4,0,2,4,8,209.19,4,6,8,2,159.19,0.00,0.50,0.00,0,4.00,1,73.89,0,4,0,,0.00,0,1,4,0,0,0,0,1,29,1
"org.apache.lucene.messages.MessageImpl",7,3.00,1.43,27,0.27,8027.26,10,3,1,13,27,129.03,4,35,25,1,129.03,0.00,0.00,0.00,3,7.00,4,795.02,0,5,2,java.lang.Object,0.00,6,0,10,0,6,2,1,1,185,1
"org.apache.lucene.messages.MessagesTestBundle",1,4.00,1.00,8,0.07,1453.35,5,4,0,2,2,151.71,21,11,1,2,112.41,0.00,0.50,0.00,0,1.00,1,205.96,0,0,1,org.apache.lucene.messages.NLS,0.00,1,1,1,0,1,1,0,6,53,1
"org.apache.lucene.messages.NLS",11,0.90,2.64,64,1.00,35434.72,12,1,11,35,6,117.31,52,102,6,1,117.08,0.00,0.00,0.18,6,25.00,5,3011.18,0,5,0,java.lang.Object,0.00,24,0,29,2,24,6,0,21,604,1
"org.apache.lucene.messages.NLS$PrivilegedAction",1,0.00,1.00,4,0.02,162.57,1,0,11,2,0,131.13,0,5,0,1,131.13,0.00,0.00,0.00,0,1.00,1,58.19,0,1,0,java.lang.Object,0.00,1,0,1,0,1,0,0,0,18,0
"org.apache.lucene.messages.NLSException",1,0.00,1.00,2,0.01,29.41,1,0,0,1,3,193.33,28,3,2,1,148.21,0.00,0.00,0.00,0,1.00,1,19.61,0,0,1,,0.00,0,0,1,0,0,1,0,3,9,1
"org.apache.lucene.messages.TestNLS",6,0.00,1.00,27,0.32,4435.57,6,0,2,12,4,125.95,2,47,0,2,125.95,0.00,0.50,0.00,0,6.00,1,966.41,0,0,4,junit.framework.TestCase,0.00,6,1,6,0,6,6,0,1,222,1
"org.apache.solr.client.solrj.beans.DocumentObjectBinder",7,1.00,2.71,65,0.94,44552.84,8,1,8,34,5,105.22,6,82,2,1,105.22,0.00,0.00,0.14,2,12.00,5,2826.97,0,4,3,java.lang.Object,0.00,27,0,19,0,27,3,0,1,548,1
"org.apache.solr.client.solrj.beans.DocumentObjectBinder$DocField",7,0.44,9.00,165,2.37,157053.90,16,9,8,52,1,67.56,39,231,0,1,85.44,0.00,0.00,0.49,4,0.00,16,7103.56,0,2,1,java.lang.Object,0.00,45,0,63,0,45,5,0,22,1269,2
"org.apache.solr.client.solrj.beans.TestDocumentObjectBinder",4,0.67,1.25,94,2.11,118480.34,5,1,17,48,10,134.94,6,128,0,3,84.94,0.00,0.67,0.50,0,4.00,2,6343.57,0,0,10,org.apache.lucene.util.LuceneTestCase,0.00,44,2,5,0,44,4,0,6,1068,1
"org.apache.solr.client.solrj.beans.TestDocumentObjectBinder$Item",4,0.07,1.00,18,0.21,5473.08,13,9,17,4,0,123.85,1,33,0,1,123.85,0.00,0.00,0.06,0,4.00,1,615.00,0,1,0,java.lang.Object,0.00,0,0,4,0,0,3,0,1,136,2
"org.apache.solr.client.solrj.beans.TestDocumentObjectBinder$NotGettableItem",3,0.17,1.00,10,0.07,948.52,6,3,17,3,0,133.52,0,17,0,1,133.52,0.00,0.00,0.22,0,5.00,1,217.16,0,1,0,java.lang.Object,0.00,0,0,3,0,0,2,0,0,60,2
"org.apache.lucene.analysis.shingle.ShingleAnalyzerWrapper",15,0.00,1.47,76,0.74,21877.33,20,5,6,30,7,140.54,48,101,2,2,119.92,0.00,0.50,0.20,2,58.00,3,2212.62,2,3,5,org.apache.lucene.analysis.Analyzer,0.00,15,1,22,0,15,12,0,11,491,2
"org.apache.lucene.analysis.shingle.ShingleAnalyzerWrapper$SavedStreams",0,0.00,0.00,3,0.01,82.42,2,2,6,0,2,171.00,0,5,0,1,171.00,0.00,0.00,0.00,0,0.00,0,41.21,0,0,2,java.lang.Object,0.00,0,0,0,0,0,0,0,0,13,1
"org.apache.lucene.analysis.shingle.ShingleAnalyzerWrapperTest",16,0.87,1.19,155,2.75,81625.22,17,1,25,45,24,146.05,35,237,0,4,106.17,0.00,0.75,0.19,2,0.00,2,8239.03,1,2,24,org.apache.lucene.analysis.BaseTokenStreamTestCase,0.00,29,3,19,0,29,14,0,9,1553,1
"org.apache.lucene.analysis.shingle.ShingleAnalyzerWrapperTest$NonreusableAnalyzer",1,0.00,2.00,4,0.07,1410.19,2,1,25,3,4,123.58,0,10,0,2,123.58,0.00,0.50,1.00,0,0.00,2,207.51,0,1,4,org.apache.lucene.analysis.Analyzer,0.00,2,1,2,0,2,0,0,0,48,1
"org.apache.lucene.analysis.shingle.ShingleFilter",13,0.08,3.08,155,1.88,106552.87,34,21,10,47,12,63.51,162,199,5,4,101.08,0.00,0.75,0.12,5,48.00,11,5647.12,1,0,7,org.apache.lucene.analysis.TokenFilter,0.32,34,3,40,0,34,13,0,39,1044,2
"org.apache.lucene.analysis.shingle.ShingleFilter$CircularSequence",6,0.27,1.50,23,0.12,1612.00,9,3,10,6,0,116.11,32,31,0,1,133.98,0.00,0.00,0.56,1,0.00,3,372.47,0,0,0,java.lang.Object,0.00,0,0,9,0,0,6,0,5,105,1
"org.apache.lucene.analysis.shingle.ShingleFilter$InputWindowToken",1,4.00,1.00,9,0.08,1196.00,5,4,10,2,3,111.17,0,11,0,1,111.17,0.00,0.00,0.00,0,1.00,1,244.00,0,0,3,java.lang.Object,0.00,1,0,1,0,1,1,0,0,61,1
"org.apache.lucene.analysis.shingle.ShingleFilterTest",39,0.02,1.03,202,10.05,1738212.50,130,91,8,56,7,108.31,3,884,0,4,108.31,0.00,0.75,0.03,3,380.00,2,30143.20,2,2,7,org.apache.lucene.analysis.BaseTokenStreamTestCase,0.05,17,3,40,0,17,37,0,1,4419,1
"org.apache.lucene.analysis.shingle.ShingleFilterTest$TestTokenStream",2,0.67,1.50,25,0.29,6867.43,8,6,8,12,7,102.81,0,30,0,3,102.81,0.00,0.67,0.50,0,2.00,2,870.71,0,0,7,org.apache.lucene.analysis.TokenStream,0.30,10,2,3,0,10,2,0,0,177,1
"org.apache.lucene.analysis.shingle.ShingleMatrixFilter",14,0.15,3.57,249,3.59,206763.01,45,31,20,88,13,91.50,234,286,2,3,91.98,0.00,0.67,0.17,4,106.00,21,10783.00,0,3,11,org.apache.lucene.analysis.TokenStream,0.27,74,2,50,0,74,11,0,41,1901,2
"org.apache.lucene.analysis.shingle.ShingleMatrixFilter$Matrix",11,0.50,1.00,29,0.21,3284.96,13,2,20,12,0,190.28,20,44,0,1,140.28,0.00,0.00,0.05,0,65.00,1,621.33,0,3,0,java.lang.Object,0.00,1,0,11,0,1,8,0,3,168,2
"org.apache.lucene.analysis.shingle.ShingleMatrixFilter$Matrix$Column",12,0.18,1.08,35,0.29,4374.63,15,3,20,19,1,139.58,0,59,0,1,139.58,0.00,0.00,0.17,1,60.00,2,860.48,0,4,1,java.lang.Object,0.00,7,0,13,0,7,8,0,0,227,1
"org.apache.lucene.analysis.shingle.ShingleMatrixFilter$Matrix$Column$Iterator<Column.Row",4,0.33,2.00,29,0.34,13964.68,5,1,20,9,0,111.42,0,32,0,1,111.42,0.00,0.00,0.75,1,0.00,3,1030.93,0,1,0,java.lang.Object,0.00,5,0,8,0,5,3,0,0,221,0
"org.apache.lucene.analysis.shingle.ShingleMatrixFilter$Matrix$Column$Row",6,0.80,1.17,14,0.14,2185.23,7,1,20,9,1,179.45,15,25,0,1,139.57,0.00,0.00,0.33,0,10.00,2,434.10,0,2,1,java.lang.Object,0.00,3,0,7,0,3,4,0,15,115,1
"org.apache.lucene.analysis.shingle.ShingleMatrixFilter$Matrix$OneDimensionalNonWeightedTokenSettingsCodec",4,0.00,1.00,7,0.07,743.59,4,0,20,4,1,153.13,0,16,0,2,153.13,0.00,0.50,0.00,0,4.00,1,215.70,0,1,1,org.apache.lucene.analysis.shingle.TokenSettingsCodec,0.00,0,1,4,0,0,3,0,0,61,2
"org.apache.lucene.analysis.shingle.ShingleMatrixFilter$Matrix$SimpleThreeDimensionalTokenSettingsCodec",4,0.00,1.75,19,0.24,6232.00,4,0,20,14,3,105.40,22,34,0,2,123.27,0.00,0.50,0.00,0,4.00,2,732.88,0,1,3,org.apache.lucene.analysis.shingle.TokenSettingsCodec,0.00,10,1,7,0,10,3,0,4,165,2
"org.apache.lucene.analysis.shingle.ShingleMatrixFilter$Matrix$TwoDimensionalNonWeightedSynonymTokenSettingsCodec",4,0.00,1.25,11,0.11,1684.74,4,0,20,6,1,139.05,0,21,0,2,139.05,0.00,0.50,0.00,0,4.00,2,319.13,0,1,1,org.apache.lucene.analysis.shingle.TokenSettingsCodec,0.00,2,1,5,0,2,3,0,0,82,2
"org.apache.lucene.analysis.shingle.ShingleMatrixFilter$TokenPositioner",2,0.25,1.00,9,0.09,1903.16,6,4,20,3,0,125.09,0,12,0,1,125.09,0.00,0.00,0.12,0,2.00,1,263.52,0,0,0,java.lang.Object,0.00,1,0,2,0,1,2,0,0,67,2
"org.apache.lucene.analysis.shingle.ShingleMatrixFilter$TokenSettingsCodec",4,0.00,1.00,5,0.05,343.81,4,0,20,4,1,137.90,22,6,0,1,155.77,0.00,0.00,0.00,0,4.00,1,148.97,0,0,1,java.lang.Object,0.00,0,0,4,0,0,4,0,4,46,3
"org.apache.lucene.analysis.shingle.TestShingleMatrixFilter",13,0.00,1.15,292,5.78,560968.35,13,0,18,54,16,84.63,59,307,0,4,84.39,0.00,0.75,0.00,3,24.00,2,17346.15,1,5,16,org.apache.lucene.analysis.BaseTokenStreamTestCase,0.00,41,3,15,0,41,8,0,50,2740,1
"org.apache.lucene.analysis.shingle.TestShingleMatrixFilter$TokenListStream",3,0.38,1.67,27,0.40,10632.10,11,8,18,21,8,107.34,0,35,0,3,107.34,0.00,0.67,0.38,0,1.00,3,1208.13,0,0,8,org.apache.lucene.analysis.TokenStream,0.55,18,2,5,0,18,3,0,0,236,3
"org.apache.lucene.benchmark.quality.Judge",3,0.00,1.00,4,0.03,150.71,3,0,1,3,5,109.50,24,5,4,1,157.60,0.00,0.00,0.00,0,3.00,1,89.40,0,0,1,,0.00,0,0,3,0,0,3,0,4,30,1
"org.apache.lucene.benchmark.quality.QualityBenchmark",7,0.08,1.86,57,0.75,29903.57,13,6,8,22,12,66.29,53,67,2,1,108.58,0.00,0.00,0.24,0,15.00,5,2255.25,0,2,10,java.lang.Object,0.00,15,0,13,0,15,5,0,18,421,1
"org.apache.lucene.benchmark.quality.QualityQuery",5,0.12,1.20,18,0.18,4122.49,7,2,1,10,11,97.97,34,26,11,1,130.20,0.00,0.00,0.40,0,9.00,2,534.55,0,3,0,java.lang.Object,0.00,5,0,6,0,5,2,1,8,136,1
"org.apache.lucene.benchmark.quality.QualityQueryParser",1,0.00,1.00,2,0.01,69.06,1,0,2,1,6,97.18,8,3,3,1,145.29,0.00,0.00,0.00,0,1.00,1,36.53,0,1,3,,0.00,0,0,1,0,0,0,0,2,13,1
"org.apache.lucene.benchmark.quality.QualityStats",16,0.12,2.25,141,1.95,169083.71,28,12,3,40,4,105.67,75,165,4,1,105.44,0.00,0.00,0.19,4,112.00,7,5853.81,0,4,0,java.lang.Object,0.00,24,0,36,0,24,12,0,25,1096,1
"org.apache.lucene.benchmark.quality.QualityStats$RecallPoint",3,0.25,1.00,10,0.06,670.02,5,2,3,3,0,134.70,2,14,0,1,134.70,0.00,0.00,0.33,0,5.00,1,171.59,0,0,0,java.lang.Object,0.00,0,0,3,0,0,3,0,2,51,2
"org.apache.lucene.benchmark.quality.TestQualityRun",4,0.00,4.00,89,1.65,149383.97,4,0,17,29,13,66.73,22,111,0,4,84.60,0.00,0.75,0.00,1,4.00,13,4952.58,4,0,13,org.apache.lucene.benchmark.BenchmarkTestCase,0.17,25,3,16,0,25,4,0,16,778,1
"org.apache.solr.tst.Deprecated",10,0.33,1.50,60,0.81,59140.46,12,2,13,30,15,162.18,13,75,0,1,112.18,0.00,0.00,0.20,0,22.00,6,2435.51,0,7,15,java.lang.Object,0.00,20,0,15,0,20,3,1,4,440,1
"org.apache.lucene.analysis.hi.HindiAnalyzer",5,0.33,1.80,23,0.31,7714.50,8,3,13,16,13,73.30,46,33,1,4,123.30,0.00,0.75,0.07,0,7.00,3,928.58,0,2,12,org.apache.lucene.analysis.StopwordAnalyzerBase,0.00,11,3,9,0,11,3,0,8,204,2
"org.apache.lucene.analysis.hi.HindiAnalyzer$DefaultSetHolder",0,0.00,0.00,6,0.05,853.95,1,1,13,0,1,171.00,2,10,0,1,171.00,0.00,0.00,0.00,0,0.00,0,164.39,0,0,1,java.lang.Object,0.00,0,0,0,0,0,0,0,2,40,2
"org.apache.lucene.analysis.hi.HindiNormalizationFilter",2,0.33,2.00,11,0.14,2865.07,5,3,6,9,9,102.04,11,18,3,4,119.91,0.00,0.75,0.50,0,2.00,3,425.46,0,0,6,org.apache.lucene.analysis.TokenFilter,0.29,7,3,4,0,7,2,0,1,98,2
"org.apache.lucene.analysis.hi.HindiNormalizer",1,0.00,38.00,82,1.01,71236.74,1,0,1,1,1,74.34,34,124,1,1,60.56,0.00,0.00,0.00,0,1.00,38,3040.63,0,0,0,java.lang.Object,0.00,0,0,38,0,0,1,0,10,470,1
"org.apache.lucene.analysis.hi.HindiStemFilter",2,0.33,2.00,12,0.15,3087.32,5,3,5,9,8,166.70,3,18,3,4,116.70,0.00,0.75,0.50,0,2.00,3,437.52,0,0,5,org.apache.lucene.analysis.TokenFilter,0.29,7,3,4,0,7,2,0,1,100,2
"org.apache.lucene.analysis.hi.HindiStemmer",1,0.00,6.00,8,1.03,63343.52,1,0,1,2,1,78.95,14,82,1,1,99.09,0.00,0.00,0.00,0,1.00,6,3091.63,0,0,0,java.lang.Object,0.00,1,0,6,0,1,1,0,6,479,1
"org.apache.lucene.analysis.hi.TestHindiAnalyzer",3,0.00,1.00,12,0.12,2180.09,3,0,4,7,3,83.72,22,17,0,4,126.01,0.00,0.75,0.00,0,0.00,1,368.77,1,0,3,org.apache.lucene.analysis.BaseTokenStreamTestCase,0.00,4,3,3,0,4,3,0,4,88,1
"org.apache.lucene.analysis.hi.TestHindiNormalizer",3,0.00,1.00,23,0.20,2827.49,3,0,6,6,5,136.67,11,28,0,4,116.05,0.00,0.75,0.00,1,4.00,1,607.93,1,0,5,org.apache.lucene.analysis.BaseTokenStreamTestCase,0.00,3,3,3,0,3,3,0,7,140,1
"org.apache.lucene.analysis.hi.TestHindiStemmer",5,0.00,1.00,30,0.24,3504.11,5,0,6,8,5,140.18,17,37,0,4,119.56,0.00,0.75,0.00,1,8.00,1,729.96,1,0,5,org.apache.lucene.analysis.BaseTokenStreamTestCase,0.00,3,3,5,0,3,5,0,5,179,1
"org.apache.lucene.analysis.tr.TestTurkishAnalyzer",3,0.00,1.00,14,0.15,2982.43,3,0,5,7,3,164.82,6,19,0,4,124.94,0.00,0.75,0.00,0,0.00,1,445.05,2,0,3,org.apache.lucene.analysis.BaseTokenStreamTestCase,0.00,4,3,3,0,4,3,0,5,103,1
"org.apache.lucene.analysis.tr.TestTurkishLowerCaseFilter",3,0.00,1.00,13,0.18,2513.78,3,0,4,6,4,125.76,14,23,0,4,125.52,0.00,0.75,0.00,0,0.00,1,538.20,1,0,4,org.apache.lucene.analysis.BaseTokenStreamTestCase,0.00,3,3,3,0,3,3,0,4,120,1
"org.apache.lucene.analysis.tr.TurkishAnalyzer",5,0.33,1.80,22,0.30,7183.77,8,3,15,16,14,73.54,46,32,1,4,123.54,0.00,0.75,0.07,0,8.00,3,900.60,0,2,13,org.apache.lucene.analysis.StopwordAnalyzerBase,0.00,11,3,9,0,11,3,0,9,199,2
"org.apache.lucene.analysis.tr.TurkishAnalyzer$DefaultSetHolder",0,0.00,0.00,6,0.05,853.95,1,1,15,0,1,171.00,2,11,0,1,171.00,0.00,0.00,0.00,0,0.00,0,164.39,0,0,1,java.lang.Object,0.00,0,0,0,0,0,0,0,2,40,2
"org.apache.lucene.analysis.tr.TurkishLowerCaseFilter",4,0.13,3.25,47,0.59,38986.60,9,5,4,14,8,58.18,29,59,5,4,100.47,0.00,0.75,0.30,1,4.00,6,1760.91,0,0,3,org.apache.lucene.analysis.TokenFilter,0.25,10,3,13,0,10,4,0,10,339,2
"org.apache.lucene.queryParser.standard.config.AllowLeadingWildcardAttribute",2,0.00,1.00,3,0.02,77.91,2,0,3,2,7,179.09,6,4,5,2,158.47,0.00,0.50,0.00,0,2.00,1,46.77,0,0,3,,0.00,0,1,2,0,0,2,0,1,18,1
"org.apache.lucene.queryParser.standard.config.AllowLeadingWildcardAttributeImpl",7,0.50,1.29,19,0.19,3274.76,9,2,3,8,5,188.69,8,36,1,2,138.69,0.00,0.50,0.07,0,12.00,2,581.48,0,1,4,org.apache.lucene.util.AttributeImpl,0.46,1,1,9,0,1,6,1,2,146,1
"org.apache.lucene.queryParser.standard.config.AnalyzerAttribute",2,0.00,1.00,3,0.02,77.91,2,0,4,2,8,179.09,7,4,5,2,158.47,0.00,0.50,0.00,0,2.00,1,46.77,0,1,4,,0.00,0,1,2,0,0,1,0,1,18,1
"org.apache.lucene.queryParser.standard.config.AnalyzerAttributeImpl",8,0.50,1.38,23,0.25,7345.81,10,2,4,9,6,186.36,9,42,1,2,136.37,0.00,0.50,0.06,2,14.00,3,760.40,0,2,5,org.apache.lucene.util.AttributeImpl,0.43,1,1,11,0,1,6,1,2,186,1
"org.apache.lucene.queryParser.standard.config.BoostAttribute",2,0.00,1.00,3,0.02,77.91,2,0,3,2,6,158.71,8,4,3,2,158.47,0.00,0.50,0.00,0,2.00,1,46.77,0,0,3,,0.00,0,1,2,0,0,2,0,1,18,1
"org.apache.lucene.queryParser.standard.config.BoostAttributeImpl",8,0.50,1.12,20,0.19,3160.31,10,2,3,11,5,189.30,10,37,1,2,139.30,0.00,0.50,0.06,0,14.00,2,582.23,0,1,4,org.apache.lucene.util.AttributeImpl,0.43,3,1,9,0,3,7,1,2,150,1
"org.apache.lucene.queryParser.standard.config.DateResolutionAttribute",2,0.00,1.00,3,0.02,127.38,2,0,6,2,9,124.57,13,4,5,2,156.79,0.00,0.50,0.00,0,2.00,1,63.69,0,1,5,,0.00,0,1,2,0,0,1,0,2,22,1
"org.apache.lucene.queryParser.standard.config.DateResolutionAttributeImpl",8,0.50,1.38,23,0.24,5405.24,10,2,5,11,6,187.41,8,42,1,2,137.41,0.00,0.50,0.06,2,14.00,3,727.29,0,2,5,org.apache.lucene.util.AttributeImpl,0.43,3,1,11,0,3,6,1,2,181,1
"org.apache.lucene.queryParser.standard.config.DefaultOperatorAttribute",2,0.00,1.00,4,0.02,151.50,2,0,3,2,7,165.59,7,5,5,2,144.97,0.00,0.50,0.00,0,2.00,1,66.13,0,1,3,,0.00,0,1,2,0,0,1,0,1,23,1
"org.apache.lucene.queryParser.standard.config.DefaultOperatorAttribute$Operator",0,0.00,0.00,2,0.01,60.00,0,0,3,0,0,171.00,0,3,0,1,171.00,0.00,0.00,0.00,0,0.00,0,24.00,0,0,0,java.lang.Object,0.00,0,0,0,0,0,0,0,0,8,2
"org.apache.lucene.queryParser.standard.config.DefaultOperatorAttributeImpl",8,2.00,1.38,24,0.23,4400.20,10,2,3,13,5,181.55,9,42,1,2,131.55,0.00,0.50,0.00,1,8.00,3,690.28,0,2,4,org.apache.lucene.util.AttributeImpl,0.43,5,1,11,0,5,6,1,2,172,1
"org.apache.lucene.queryParser.standard.config.DefaultPhraseSlopAttribute",2,0.00,1.00,3,0.02,77.91,2,0,3,2,8,179.09,7,4,5,2,158.47,0.00,0.50,0.00,0,2.00,1,46.77,0,0,3,,0.00,0,1,2,0,0,2,0,1,18,1
"org.apache.lucene.queryParser.standard.config.DefaultPhraseSlopAttributeImpl",8,0.43,1.12,21,0.20,3208.31,10,2,3,11,5,189.24,9,39,1,2,139.24,0.00,0.50,0.12,0,16.00,2,598.23,0,1,4,org.apache.lucene.util.AttributeImpl,0.43,3,1,9,0,3,7,1,2,154,1
"org.apache.lucene.queryParser.standard.config.FieldBoostMapAttribute",2,0.00,1.00,3,0.03,197.48,2,0,3,2,5,175.91,7,4,3,2,155.29,0.00,0.50,0.00,0,2.00,1,82.09,0,1,2,,0.00,0,1,2,0,0,1,0,2,26,1
"org.apache.lucene.queryParser.standard.config.FieldBoostMapAttributeImpl",8,0.50,1.25,21,0.27,6185.04,10,2,5,13,5,186.98,10,41,1,2,136.98,0.00,0.50,0.06,1,14.00,2,800.39,0,2,4,org.apache.lucene.util.AttributeImpl,0.43,5,1,10,0,5,6,1,2,192,1
"org.apache.lucene.queryParser.standard.config.FieldBoostMapFCListener",2,2.00,2.00,12,0.16,3115.17,4,2,3,10,6,98.80,11,17,1,1,116.67,0.00,0.00,0.00,0,2.00,3,493.97,0,0,5,java.lang.Object,0.00,8,0,4,0,8,2,1,1,108,1
"org.apache.lucene.queryParser.standard.config.FieldDateResolutionFCListener",2,2.00,2.50,16,0.23,5871.10,4,2,4,10,7,77.57,12,26,1,1,109.79,0.00,0.00,0.00,0,2.00,4,690.77,0,0,6,java.lang.Object,0.00,8,0,5,0,8,2,1,1,146,1
"org.apache.lucene.queryParser.standard.config.FieldDateResolutionMapAttribute",2,0.00,1.00,3,0.03,289.50,2,0,3,2,5,174.60,7,4,3,2,153.99,0.00,0.50,0.00,0,2.00,1,101.67,0,1,2,,0.00,0,1,2,0,0,1,0,2,30,1
"org.apache.lucene.queryParser.standard.config.FieldDateResolutionMapAttributeImpl",8,0.50,1.25,21,0.28,6640.13,10,2,5,13,4,136.73,7,41,1,2,136.73,0.00,0.50,0.06,1,14.00,2,832.94,0,2,3,org.apache.lucene.util.AttributeImpl,0.43,5,1,10,0,5,6,1,2,198,1
"org.apache.lucene.queryParser.standard.config.FuzzyAttribute",4,0.00,1.00,5,0.03,124.80,4,0,3,4,7,209.23,7,6,4,2,159.23,0.00,0.50,0.00,0,4.00,1,78.03,0,0,3,,0.00,0,1,4,0,0,4,0,1,30,1
"org.apache.lucene.queryParser.standard.config.FuzzyAttributeImpl",10,0.33,1.10,25,0.24,3934.82,13,3,4,13,6,139.31,9,44,1,2,139.31,0.00,0.50,0.03,0,18.00,2,719.55,0,1,5,org.apache.lucene.util.AttributeImpl,0.38,3,1,11,0,3,9,1,2,184,1
"org.apache.lucene.queryParser.standard.config.LocaleAttribute",2,0.00,1.00,3,0.02,77.91,2,0,4,2,7,179.09,6,4,5,2,158.47,0.00,0.50,0.00,0,2.00,1,46.77,0,1,3,,0.00,0,1,2,0,0,1,0,1,18,1
"org.apache.lucene.queryParser.standard.config.LocaleAttributeImpl",8,0.50,1.38,23,0.27,7759.86,10,2,4,10,5,186.18,8,42,1,2,136.18,0.00,0.50,0.06,2,14.00,3,800.11,0,2,4,org.apache.lucene.util.AttributeImpl,0.43,2,1,11,0,2,6,1,2,194,1
"org.apache.lucene.queryParser.standard.config.LowercaseExpandedTermsAttribute",2,0.00,1.00,3,0.02,77.91,2,0,4,2,8,179.09,6,4,5,2,158.47,0.00,0.50,0.00,0,2.00,1,46.77,0,0,3,,0.00,0,1,2,0,0,2,0,1,18,1
"org.apache.lucene.queryParser.standard.config.LowercaseExpandedTermsAttributeImpl",8,0.43,1.25,21,0.20,3334.76,10,2,4,9,5,189.09,8,39,1,2,139.09,0.00,0.50,0.12,0,16.00,2,605.48,0,1,4,org.apache.lucene.util.AttributeImpl,0.43,1,1,10,0,1,7,1,2,154,1
"org.apache.lucene.queryParser.standard.config.MultiFieldAttribute",2,0.00,1.00,3,0.02,110.04,2,0,3,2,5,177.91,6,4,3,2,157.29,0.00,0.50,0.00,0,2.00,1,55.02,0,1,3,,0.00,0,1,2,0,0,1,0,1,20,1
"org.apache.lucene.queryParser.standard.config.MultiFieldAttributeImpl",8,2.00,1.12,21,0.20,3591.93,10,2,4,12,5,188.86,8,37,1,2,138.86,0.00,0.50,0.00,0,8.00,2,614.26,0,2,4,org.apache.lucene.util.AttributeImpl,0.43,4,1,9,0,4,6,1,2,157,1
"org.apache.lucene.queryParser.standard.config.MultiTermRewriteMethodAttribute",2,1.00,1.00,4,0.03,318.39,3,1,5,2,12,163.05,7,5,8,2,142.43,0.00,0.50,0.00,0,2.00,1,103.69,0,1,4,,0.00,0,1,2,0,0,1,0,1,31,1
"org.apache.lucene.queryParser.standard.config.MultiTermRewriteMethodAttributeImpl",8,0.29,1.12,20,0.19,3305.41,10,2,5,10,6,189.14,9,38,1,2,139.14,0.00,0.50,0.25,0,8.00,2,577.42,0,2,5,org.apache.lucene.util.AttributeImpl,0.43,2,1,9,0,2,6,1,2,148,1
"org.apache.lucene.queryParser.standard.config.PositionIncrementsAttribute",2,0.00,1.00,3,0.02,77.91,2,0,3,2,7,179.09,6,4,5,2,158.47,0.00,0.50,0.00,0,2.00,1,46.77,0,0,3,,0.00,0,1,2,0,0,2,0,1,18,1
"org.apache.lucene.queryParser.standard.config.PositionIncrementsAttributeImpl",8,0.43,1.25,21,0.20,3334.76,10,2,3,9,5,189.09,8,39,1,2,139.09,0.00,0.50,0.12,0,16.00,2,605.48,0,1,4,org.apache.lucene.util.AttributeImpl,0.43,1,1,10,0,1,7,1,2,154,1
"org.apache.lucene.queryParser.standard.config.RangeCollatorAttribute",2,0.00,1.00,3,0.02,77.91,2,0,5,2,8,179.09,7,4,5,2,158.47,0.00,0.50,0.00,0,2.00,1,46.77,0,1,4,,0.00,0,1,2,0,0,1,0,1,18,1
"org.apache.lucene.queryParser.standard.config.RangeCollatorAttributeImpl",8,0.50,1.38,23,0.23,5196.59,10,2,5,10,6,187.55,9,42,1,2,137.55,0.00,0.50,0.06,1,14.00,3,690.63,0,2,5,org.apache.lucene.util.AttributeImpl,0.43,2,1,11,0,2,6,1,2,173,1
"org.apache.lucene.queryParser.standard.config.StandardQueryConfigHandler",1,0.00,1.00,15,0.13,2441.51,1,0,2,4,16,51.98,10,17,2,3,100.45,0.00,0.67,0.00,0,1.00,1,395.49,1,0,14,org.apache.lucene.queryParser.core.config.QueryConfigHandler,0.00,3,2,1,0,3,1,0,3,90,1
"org.apache.solr.util.xslt.TransformerProvider",3,0.58,2.67,40,0.58,21648.36,9,6,11,22,4,80.97,16,55,2,1,98.84,0.00,0.00,0.56,0,0.00,4,1732.31,0,2,2,java.lang.Object,0.00,19,0,8,0,19,1,0,8,318,1
"org.apache.lucene.queryParser.core.nodes.AndQueryNode",3,1.00,3.00,25,0.36,14839.95,4,1,2,12,8,128.58,9,39,5,3,107.97,0.50,0.50,0.00,0,3.00,4,1093.28,2,2,3,org.apache.lucene.queryParser.core.nodes.BooleanQueryNode,0.12,9,2,9,1,9,1,0,3,219,1
"org.apache.lucene.queryParser.core.nodes.AnyQueryNode",8,3.00,2.38,53,0.67,24008.14,11,3,2,16,5,154.28,23,78,2,4,114.39,0.00,0.75,0.00,1,14.00,6,2013.74,3,4,3,org.apache.lucene.queryParser.core.nodes.AndQueryNode,0.24,8,3,19,0,8,4,0,6,414,1
"org.apache.lucene.queryParser.core.nodes.BooleanQueryNode",4,1.00,2.25,28,0.36,13763.77,5,1,2,11,18,151.32,11,41,15,2,111.44,5.00,0.14,0.00,0,4.00,4,1092.47,6,2,3,org.apache.lucene.queryParser.core.nodes.QueryNodeImpl,0.17,7,1,9,5,7,2,0,4,226,1
"org.apache.lucene.queryParser.core.nodes.BoostQueryNode",7,2.00,1.57,29,0.35,7527.03,9,2,6,15,12,124.80,32,48,5,2,124.57,0.00,0.50,0.00,1,7.00,2,1035.81,5,5,7,org.apache.lucene.queryParser.core.nodes.QueryNodeImpl,0.15,8,1,11,0,8,2,0,5,240,1
"org.apache.lucene.queryParser.core.nodes.DeletedQueryNode",4,1.00,1.00,10,0.08,1195.20,5,1,2,4,7,190.28,6,17,4,2,140.28,2.00,0.25,0.00,0,4.00,1,232.27,1,3,4,org.apache.lucene.queryParser.core.nodes.QueryNodeImpl,0.17,0,1,4,2,0,1,0,2,64,1
"org.apache.lucene.queryParser.core.nodes.FieldQueryNode",18,6.00,1.17,57,0.58,11444.70,24,6,3,20,24,170.98,45,88,20,2,131.09,5.00,0.14,0.00,2,18.00,2,1743.79,3,9,4,org.apache.lucene.queryParser.core.nodes.QueryNodeImpl,0.11,2,1,21,5,2,9,2,11,433,1
"org.apache.lucene.queryParser.core.nodes.FieldableNode",2,0.00,1.00,3,0.01,59.70,2,0,0,2,12,168.52,35,4,12,2,159.39,0.00,0.50,0.00,0,2.00,1,41.60,0,1,0,,0.00,0,1,2,0,0,1,0,4,17,1
"org.apache.lucene.queryParser.core.nodes.FuzzyQueryNode",8,3.00,1.12,27,0.29,5390.65,11,3,1,8,12,151.52,25,42,10,3,130.90,0.00,0.67,0.00,0,8.00,2,864.76,4,3,2,org.apache.lucene.queryParser.core.nodes.FieldQueryNode,0.13,0,2,9,0,0,5,0,4,211,1
"org.apache.lucene.queryParser.core.nodes.GroupQueryNode",6,1.00,1.33,22,0.23,3975.59,7,1,6,13,14,170.80,13,34,8,2,130.92,0.00,0.50,0.00,1,6.00,2,697.07,6,2,6,org.apache.lucene.queryParser.core.nodes.QueryNodeImpl,0.16,7,1,8,0,7,4,0,3,169,1
"org.apache.lucene.queryParser.core.nodes.MatchAllDocsQueryNode",4,1.00,1.00,10,0.08,1285.96,5,1,1,4,6,190.03,6,17,4,2,140.03,0.00,0.50,0.00,0,4.00,1,230.13,1,3,2,org.apache.lucene.queryParser.core.nodes.QueryNodeImpl,0.17,0,1,4,0,0,1,0,3,64,1
"org.apache.lucene.queryParser.core.nodes.MatchNoDocsQueryNode",2,1.00,1.00,5,0.03,406.03,3,1,0,2,6,97.47,22,9,5,3,141.60,0.00,0.67,0.00,0,2.00,1,101.65,0,1,1,org.apache.lucene.queryParser.core.nodes.DeletedQueryNode,0.12,0,2,2,0,0,1,0,3,30,1
"org.apache.lucene.queryParser.core.nodes.ModifierQueryNode",0,0.00,0.00,3,0.03,449.62,1,1,6,0,15,171.00,9,3,10,2,171.00,1.00,0.33,0.00,0,0.00,0,81.75,0,0,5,org.apache.lucene.queryParser.core.nodes.QueryNodeImpl,0.00,0,1,0,1,0,0,0,1,20,1
"org.apache.lucene.queryParser.core.nodes.ModifierQueryNode$Modifier",3,1.00,3.33,53,0.72,49687.71,4,1,6,15,5,91.84,14,88,0,1,91.60,0.00,0.00,0.00,3,3.00,6,2145.65,1,3,5,java.lang.Object,0.00,12,0,10,0,12,0,0,5,363,1
"org.apache.lucene.queryParser.core.nodes.NoTokenFoundQueryNode",4,1.00,1.00,11,0.08,1243.90,5,1,1,4,5,190.14,5,19,2,3,140.14,0.00,0.67,0.00,0,4.00,1,250.35,1,2,3,org.apache.lucene.queryParser.core.nodes.DeletedQueryNode,0.22,0,2,4,0,0,2,0,2,69,1
"org.apache.lucene.queryParser.core.nodes.OpaqueQueryNode",6,3.00,1.00,21,0.21,3663.98,9,3,1,6,5,171.15,17,30,2,2,131.26,0.00,0.50,0.00,0,6.00,1,633.18,2,5,3,org.apache.lucene.queryParser.core.nodes.QueryNodeImpl,0.16,0,1,6,0,0,1,0,4,159,1
"org.apache.lucene.queryParser.core.nodes.OrQueryNode",3,1.00,3.00,27,0.40,16629.65,4,1,3,13,8,126.29,10,39,5,3,105.67,0.00,0.67,0.00,0,3.00,4,1197.85,2,2,3,org.apache.lucene.queryParser.core.nodes.BooleanQueryNode,0.12,10,2,9,0,10,1,0,3,235,1
"org.apache.lucene.queryParser.core.nodes.ParametricQueryNode",6,2.00,1.00,20,0.23,3973.53,8,2,1,6,11,151.60,19,32,9,3,130.99,0.00,0.67,0.00,1,6.00,1,699.39,3,5,2,org.apache.lucene.queryParser.core.nodes.FieldQueryNode,0.14,0,2,6,0,0,1,0,3,170,1
"org.apache.lucene.queryParser.core.nodes.ParametricQueryNode$CompareOperator",6,0.00,1.00,19,0.09,939.80,6,0,1,6,0,135.92,0,26,0,1,135.92,0.00,0.00,0.00,0,6.00,1,278.06,0,6,0,java.lang.Object,0.00,0,0,6,0,0,0,0,0,83,1
"org.apache.lucene.queryParser.core.nodes.ParametricRangeQueryNode",8,1.00,1.75,37,0.50,17692.40,9,1,3,20,10,122.07,5,64,5,2,122.07,1.00,0.33,0.00,2,8.00,4,1504.32,5,4,5,org.apache.lucene.queryParser.core.nodes.QueryNodeImpl,0.15,12,1,14,1,12,4,1,2,335,1
"org.apache.lucene.queryParser.core.nodes.PathQueryNode",10,0.39,1.70,51,0.63,17234.25,12,2,5,24,4,119.55,45,69,1,2,119.32,0.00,0.50,0.15,1,22.00,3,1879.38,1,7,3,org.apache.lucene.queryParser.core.nodes.QueryNodeImpl,0.14,14,1,17,0,14,3,0,10,405,1
"org.apache.lucene.queryParser.core.nodes.PathQueryNode$QueryText",6,0.00,1.00,23,0.18,3850.24,9,3,5,6,0,151.71,23,32,0,1,131.10,0.00,0.00,0.33,0,10.00,1,544.31,1,3,0,java.lang.Object,0.00,0,0,6,0,0,3,1,6,143,2
"org.apache.lucene.queryParser.core.nodes.PhraseSlopQueryNode",9,2.00,1.56,35,0.38,7615.28,11,2,6,18,10,130.05,6,58,1,2,130.05,0.00,0.50,0.00,1,9.00,2,1152.31,5,4,9,org.apache.lucene.queryParser.core.nodes.QueryNodeImpl,0.14,9,1,14,0,9,5,1,1,274,1
"org.apache.lucene.queryParser.core.nodes.ProximityQueryNode",12,5.00,2.17,72,1.07,44003.00,17,5,5,23,9,113.96,53,108,2,3,113.73,0.00,0.67,0.00,3,22.00,6,3208.57,4,6,7,org.apache.lucene.queryParser.core.nodes.BooleanQueryNode,0.17,11,2,26,0,11,6,0,10,637,1
"org.apache.lucene.queryParser.core.nodes.ProximityQueryNode$ProximityType",2,2.00,1.00,8,0.06,597.62,4,2,5,2,0,129.05,0,11,0,1,129.05,0.00,0.00,0.00,0,2.00,1,177.62,0,0,0,java.lang.Object,0.00,0,0,2,0,0,2,0,0,49,2
"org.apache.lucene.queryParser.core.nodes.ProximityQueryNode$Type",3,0.00,1.00,11,0.05,469.26,3,0,5,3,0,135.92,0,15,0,1,135.92,0.00,0.00,0.00,0,3.00,1,152.46,0,3,0,java.lang.Object,0.00,0,0,3,0,0,0,0,0,46,1
"org.apache.lucene.queryParser.core.nodes.QueryNode",14,0.00,1.00,15,0.11,610.17,14,0,4,14,79,197.98,38,16,78,2,158.09,0.00,0.50,0.00,0,14.00,1,315.74,0,7,1,,0.00,0,1,14,0,0,7,0,15,109,1
"org.apache.lucene.queryParser.core.nodes.QueryNodeImpl",19,7.00,1.68,82,0.97,25740.55,26,7,7,37,19,173.76,36,115,16,1,123.76,0.00,0.00,0.00,6,19.00,4,2907.93,2,7,3,java.lang.Object,0.00,18,0,32,28,18,12,2,13,639,2
"org.apache.lucene.queryParser.core.nodes.QuotedFieldQueryNode",4,1.00,1.25,14,0.19,3853.34,5,1,1,4,6,150.27,15,25,4,3,129.65,0.00,0.67,0.00,0,4.00,2,567.48,2,3,2,org.apache.lucene.queryParser.core.nodes.FieldQueryNode,0.15,0,2,5,0,0,1,0,3,137,1
"org.apache.lucene.queryParser.core.nodes.SlopQueryNode",9,2.00,1.56,35,0.38,7405.30,11,2,4,18,13,180.14,16,57,6,2,130.14,0.00,0.50,0.00,1,9.00,2,1138.06,5,6,7,org.apache.lucene.queryParser.core.nodes.QueryNodeImpl,0.14,9,1,14,0,9,3,1,2,272,1
"org.apache.lucene.queryParser.core.nodes.TestQueryNode",1,0.00,1.00,7,0.12,2607.14,1,0,2,8,4,162.57,1,10,0,3,112.57,0.00,0.67,0.00,0,1.00,1,358.99,0,0,4,org.apache.lucene.util.LuceneTestCase,0.00,7,2,1,0,7,1,0,1,76,1
"org.apache.lucene.queryParser.core.nodes.TextableQueryNode",2,0.00,1.00,3,0.01,38.51,2,0,0,2,2,110.89,19,4,2,1,160.88,0.00,0.00,0.00,0,2.00,1,33.51,0,1,0,,0.00,0,0,2,0,0,1,0,2,15,1
"org.apache.lucene.queryParser.core.nodes.TokenizedPhraseQueryNode",6,1.00,2.33,40,0.45,14470.95,7,1,2,17,10,165.14,6,55,6,2,115.14,0.00,0.50,0.00,0,6.00,4,1335.72,4,3,4,org.apache.lucene.queryParser.core.nodes.QueryNodeImpl,0.16,11,1,14,0,11,3,1,3,287,1
"org.apache.solr.spelling.AbstractLuceneSpellChecker",13,0.07,2.69,120,1.95,123457.04,34,21,25,56,27,124.47,51,157,7,2,103.85,3.00,0.20,0.11,3,69.00,13,5840.42,1,8,20,org.apache.solr.spelling.SolrSpellChecker,0.09,43,1,35,3,43,5,0,14,988,2
"org.apache.solr.spelling.FileBasedSpellChecker",5,0.06,2.00,42,0.62,23212.48,9,4,18,33,15,148.16,13,60,1,3,108.28,0.00,0.67,0.30,1,1.00,5,1862.92,1,3,14,org.apache.solr.spelling.AbstractLuceneSpellChecker,0.00,28,2,10,0,28,2,0,5,340,1
"org.apache.solr.spelling.FileBasedSpellCheckerTest",5,0.00,1.00,106,2.47,117785.09,6,1,13,38,13,127.13,12,117,0,3,87.25,0.00,0.67,1.00,0,0.00,1,7414.66,3,0,13,org.apache.solr.SolrTestCaseJ4,0.00,33,2,5,0,33,5,0,6,1163,1
"org.apache.solr.spelling.IndexBasedSpellChecker",6,0.10,2.00,39,0.40,9743.98,10,4,10,16,12,156.42,16,57,5,3,116.53,0.50,0.50,0.17,1,2.00,3,1189.34,2,2,7,org.apache.solr.spelling.AbstractLuceneSpellChecker,0.10,10,2,12,1,10,4,0,5,258,1
"org.apache.solr.spelling.IndexBasedSpellCheckerTest",7,0.08,1.29,198,4.41,297935.55,9,2,28,60,26,120.39,14,236,0,3,80.51,0.00,0.67,0.43,0,0.00,2,13237.25,3,0,26,org.apache.solr.SolrTestCaseJ4,0.00,53,2,9,0,53,7,0,12,2016,1
"org.apache.solr.spelling.IndexBasedSpellCheckerTest$TestSpellChecker",1,0.00,1.00,3,0.01,91.02,1,0,28,1,2,137.77,0,6,0,4,137.77,0.00,0.75,0.00,0,0.00,1,39.51,0,1,2,org.apache.solr.spelling.IndexBasedSpellChecker,0.13,0,3,1,0,0,0,0,0,14,1
"org.apache.solr.spelling.QueryConverter",4,0.50,1.00,10,0.07,810.83,6,2,5,4,7,93.50,34,14,3,1,141.60,0.00,0.00,0.12,0,6.00,1,216.72,0,2,4,java.lang.Object,0.00,0,0,4,2,0,2,1,3,62,2
"org.apache.solr.spelling.SampleComparator",1,0.00,1.00,3,0.03,434.49,1,0,2,2,1,132.66,4,5,0,1,132.43,0.00,0.00,0.00,0,1.00,1,102.54,0,0,1,java.lang.Object,0.00,1,0,1,0,1,1,1,1,29,1
"org.apache.solr.spelling.SimpleQueryConverter",1,0.00,3.00,24,0.44,20071.26,1,0,13,24,12,67.51,5,30,2,3,85.38,0.00,0.67,0.00,0,1.00,3,1317.20,0,1,10,org.apache.solr.spelling.SpellingQueryConverter,0.00,23,2,3,0,23,0,0,2,221,0
"org.apache.solr.spelling.SolrSpellChecker",10,0.14,1.10,25,0.30,4746.66,14,4,8,11,14,106.45,63,36,6,1,138.67,0.00,0.00,0.12,1,30.00,2,905.14,0,3,8,java.lang.Object,0.00,1,0,11,5,1,7,0,9,223,2
"org.apache.solr.spelling.SpellingOptions",5,7.00,1.00,27,0.28,5826.23,12,7,4,5,9,72.67,43,33,6,1,120.78,0.00,0.00,0.00,0,5.00,1,828.90,0,0,3,java.lang.Object,0.00,0,0,5,0,0,5,0,10,192,1
"org.apache.solr.spelling.SpellingQueryConverter",1,5.00,6.00,44,0.73,30222.44,7,6,14,28,13,105.91,31,59,5,2,74.00,1.00,0.33,0.17,0,0.00,6,2195.18,0,1,8,org.apache.solr.spelling.QueryConverter,0.00,27,1,6,1,27,0,0,7,375,1
"org.apache.solr.spelling.SpellingQueryConverterTest",5,0.00,1.40,62,0.98,48061.76,5,0,10,19,5,119.92,15,72,0,3,99.30,0.00,0.67,0.00,0,5.00,3,2938.63,0,0,5,org.apache.lucene.util.LuceneTestCase,0.00,14,2,7,0,14,5,0,10,567,1
"org.apache.solr.spelling.SpellingResult",12,0.09,1.33,40,0.48,13285.29,16,4,5,16,7,149.78,45,56,6,1,129.16,0.00,0.00,0.17,1,64.00,3,1450.18,0,5,1,java.lang.Object,0.00,4,0,16,0,4,7,0,9,334,1
"org.apache.lucene.benchmark.byTask.programmatic.Sample",2,0.00,1.00,37,0.47,13719.49,2,0,9,17,7,45.49,20,40,0,1,93.97,0.00,0.00,0.00,1,2.00,1,1405.53,0,1,7,java.lang.Object,0.00,15,0,2,0,15,1,0,14,262,1
"org.apache.lucene.analysis.th.TestThaiAnalyzer",5,0.00,1.00,29,0.50,9251.35,5,0,1,6,2,86.98,30,54,0,4,119.20,0.00,0.75,0.00,0,0.00,1,1497.81,2,0,2,org.apache.lucene.analysis.BaseTokenStreamTestCase,0.00,1,3,5,0,1,5,0,7,302,1
"org.apache.lucene.analysis.th.ThaiAnalyzer",2,1.00,1.50,10,0.14,3469.36,3,1,12,9,13,71.22,17,17,1,3,119.33,0.00,0.67,0.50,0,2.00,2,432.90,0,1,12,org.apache.lucene.analysis.ReusableAnalyzerBase,0.00,7,2,3,0,7,1,0,2,94,2
"org.apache.lucene.analysis.th.ThaiWordFilter",4,0.27,3.00,52,0.76,35971.89,14,10,13,24,10,118.67,15,66,2,4,98.06,0.00,0.75,0.30,0,2.00,8,2291.95,1,0,8,org.apache.lucene.analysis.TokenFilter,0.50,20,3,12,0,20,4,0,6,416,2
"org.apache.lucene.analysis.sinks.DateRecognizerSinkFilter",3,0.17,2.00,16,0.15,3395.67,6,3,6,7,3,141.33,10,25,1,2,120.72,0.00,0.50,0.22,0,4.00,4,463.98,0,0,2,org.apache.lucene.analysis.TeeSinkTokenFilter.SinkFilter,0.00,4,1,6,0,4,3,0,3,105,1
"org.apache.lucene.analysis.sinks.DateRecognizerSinkTokenizerTest",2,0.00,2.00,18,0.22,6571.33,2,0,8,11,4,107.55,0,23,0,4,107.55,0.00,0.75,0.00,0,2.00,3,664.10,0,0,4,org.apache.lucene.analysis.BaseTokenStreamTestCase,0.00,9,3,4,0,9,2,0,0,130,1
"org.apache.lucene.analysis.sinks.TokenRangeSinkFilter",3,0.17,1.33,15,0.12,2230.72,6,3,3,3,2,172.25,4,24,1,2,122.25,0.00,0.50,0.44,0,1.00,2,345.56,0,0,1,org.apache.lucene.analysis.TeeSinkTokenFilter.SinkFilter,0.00,0,1,4,0,0,3,0,1,88,1
"org.apache.lucene.analysis.sinks.TokenRangeSinkTokenizerTest",2,0.00,2.00,18,0.21,6569.88,2,0,6,10,4,107.55,0,23,0,4,107.55,0.00,0.75,0.00,0,2.00,3,625.60,0,0,4,org.apache.lucene.analysis.BaseTokenStreamTestCase,0.00,8,3,4,0,8,2,0,0,125,1
"org.apache.lucene.analysis.sinks.TokenTypeSinkFilter",2,0.00,1.50,9,0.09,1578.86,4,2,3,5,3,125.63,1,14,1,2,125.63,0.00,0.50,0.50,0,2.00,2,264.59,0,0,2,org.apache.lucene.analysis.TeeSinkTokenFilter.SinkFilter,0.00,3,1,3,0,3,2,0,1,65,1
"org.apache.lucene.analysis.sinks.TokenTypeSinkTokenizerTest",2,0.00,2.50,25,0.38,16236.97,2,0,10,15,8,99.75,0,31,0,4,99.75,0.00,0.75,0.00,0,2.00,4,1151.77,0,0,8,org.apache.lucene.analysis.BaseTokenStreamTestCase,0.00,13,3,5,0,13,2,0,0,207,1
"org.apache.lucene.analysis.sinks.TokenTypeSinkTokenizerTest$WordTokenFilter",2,0.00,2.00,10,0.11,2043.22,4,2,10,6,4,121.07,0,15,0,4,121.07,0.00,0.75,0.50,0,2.00,3,340.40,0,0,4,org.apache.lucene.analysis.TokenFilter,0.29,4,3,4,0,4,2,0,0,81,1
"org.apache.lucene.queryParser.core.messages.QueryParserMessages",1,14.00,1.00,18,0.17,4776.65,15,14,1,2,25,52.91,7,21,24,2,95.20,0.00,0.50,0.00,0,1.00,1,520.62,0,0,1,org.apache.lucene.messages.NLS,0.00,1,1,1,0,1,1,0,5,113,1
"org.apache.solr.servlet.CacheHeaderTest",9,0.44,1.33,128,1.79,67627.64,11,2,12,41,1,147.66,17,171,0,5,97.66,0.00,0.80,0.11,2,23.00,2,5372.64,5,2,1,org.apache.solr.servlet.CacheHeaderTestBase,0.00,32,4,12,0,32,7,0,15,1006,1
"org.apache.solr.servlet.CacheHeaderTestBase",10,0.00,2.10,52,0.71,28107.47,10,0,14,24,7,117.60,1,78,2,4,117.60,0.67,0.50,0.00,3,10.00,6,2120.56,1,3,5,org.apache.solr.client.solrj.SolrJettyTestBase,0.00,14,3,21,2,14,7,0,1,442,2
"org.apache.solr.servlet.Deprecated",4,0.17,3.50,49,0.79,42074.77,6,2,15,31,7,119.40,13,64,0,2,98.78,0.00,0.50,0.62,2,0.00,8,2363.05,0,0,7,javax.servlet.http.HttpServlet,0.00,27,1,14,0,27,4,0,8,420,1
"org.apache.solr.servlet.DirectSolrConnection",5,0.25,3.60,66,1.04,63487.32,7,2,21,47,18,46.84,47,96,1,1,96.84,0.00,0.00,0.70,0,0.00,9,3119.35,0,1,17,java.lang.Object,0.00,42,0,18,0,42,4,0,11,532,1
"org.apache.solr.servlet.DirectSolrConnectionTest",5,0.50,1.60,30,0.33,10433.36,6,1,2,11,3,165.73,5,43,0,4,115.73,0.00,0.75,0.60,0,2.00,3,995.14,1,2,3,org.apache.solr.util.AbstractSolrTestCase,0.27,6,3,8,0,6,3,0,5,209,1
"org.apache.solr.servlet.FileItemContentStream",2,0.00,1.00,10,0.08,946.18,3,1,30,7,12,123.86,0,15,1,2,123.86,0.00,0.50,1.00,0,0.00,1,241.60,0,1,11,org.apache.solr.common.util.ContentStreamBase,0.00,5,1,2,0,5,1,0,0,62,0
"org.apache.solr.servlet.HttpRequestContentStream",2,1.00,1.50,10,0.09,1543.69,3,1,30,6,12,172.09,2,15,1,2,122.10,0.00,0.50,0.50,0,2.00,2,284.88,0,1,11,org.apache.solr.common.util.ContentStreamBase,0.00,4,1,3,0,4,1,0,2,68,0
"org.apache.solr.servlet.LogLevelSelection",5,0.38,6.20,124,2.00,126340.12,7,2,10,41,0,84.66,20,175,0,2,84.43,0.00,0.50,0.20,2,11.00,12,6014.32,0,2,0,javax.servlet.http.HttpServlet,0.00,36,1,31,0,36,3,0,12,983,2
"org.apache.solr.servlet.LogLevelSelection$LogWrapper",6,0.07,2.83,31,0.35,10807.44,9,3,10,15,0,119.05,0,45,0,1,119.05,0.00,0.00,0.28,1,10.00,7,1064.97,0,1,0,java.lang.Object,0.00,9,0,17,0,9,5,1,0,248,2
"org.apache.solr.servlet.MultipartRequestParser",2,0.00,3.00,20,0.33,13725.31,3,1,30,21,16,103.47,8,33,3,1,103.23,0.00,0.00,1.00,0,0.00,5,993.40,0,1,14,java.lang.Object,0.00,19,0,6,0,19,1,1,8,175,0
"org.apache.solr.servlet.NoCacheHeaderTest",7,0.00,1.00,75,0.91,33098.95,7,0,7,16,1,144.65,15,103,0,5,104.76,0.00,0.80,0.00,3,7.00,1,2726.33,4,0,1,org.apache.solr.servlet.CacheHeaderTestBase,0.25,9,4,7,0,9,7,0,13,546,1
"org.apache.solr.servlet.RawRequestParser",1,0.00,1.00,4,0.06,1072.66,1,0,30,5,16,92.46,6,9,3,1,124.68,0.00,0.00,0.00,0,1.00,1,167.50,0,1,14,java.lang.Object,0.00,4,0,1,0,4,0,1,6,39,0
"org.apache.solr.servlet.SimpleRequestParser",1,0.00,1.00,3,0.03,513.01,1,0,30,2,13,131.86,0,8,1,1,131.86,0.00,0.00,0.00,0,1.00,1,100.82,0,1,12,java.lang.Object,0.00,1,0,1,0,1,0,1,0,26,0
"org.apache.solr.servlet.SolrDispatchFilter",11,0.01,4.36,180,3.01,234449.25,18,7,27,105,17,49.37,85,238,1,1,91.66,0.00,0.00,0.16,5,41.00,25,9018.64,0,2,16,java.lang.Object,0.00,94,0,48,0,94,9,1,50,1464,1
"org.apache.solr.servlet.SolrRequestParser",1,0.00,1.00,2,0.02,209.87,1,0,30,1,16,141.49,0,5,5,1,141.49,0.00,0.00,0.00,0,1.00,1,63.36,0,1,11,,0.00,0,0,1,0,0,0,0,0,18,0
"org.apache.solr.servlet.SolrRequestParserTest",6,0.40,1.67,82,1.50,73598.58,7,1,22,44,10,147.13,10,113,0,3,97.13,0.00,0.67,0.67,0,0.00,2,4495.90,1,0,10,org.apache.solr.SolrTestCaseJ4,0.00,38,2,10,0,38,6,0,10,781,1
"org.apache.solr.servlet.SolrRequestParsers",6,0.11,3.83,90,1.29,73840.33,15,9,30,38,20,115.23,20,122,6,1,94.61,0.00,0.00,0.20,1,10.00,13,3883.57,0,3,16,java.lang.Object,0.00,32,0,23,0,32,3,0,15,694,1
"org.apache.solr.servlet.SolrRequestParsers$SolrQueryRequestBase",0,0.00,0.00,1,0.01,23.26,0,0,30,0,0,171.00,0,0,0,1,171.00,0.00,0.00,0.00,0,0.00,0,15.51,0,0,0,java.lang.Object,0.00,0,0,0,0,0,0,0,0,6,0
"org.apache.solr.servlet.SolrServletRequest",1,0.00,1.00,3,0.02,201.78,1,0,4,2,4,155.67,3,5,1,2,135.05,0.00,0.50,0.00,0,1.00,1,68.97,0,0,3,org.apache.solr.request.SolrQueryRequestBase,0.00,1,1,1,0,1,1,0,1,21,0
"org.apache.solr.servlet.StandardRequestParser",2,0.00,4.00,22,0.33,13923.68,4,2,30,15,16,151.57,2,35,2,1,101.57,0.00,0.00,0.50,0,2.00,7,993.39,0,1,14,java.lang.Object,0.00,13,0,8,0,13,1,1,2,185,0
"org.apache.lucene.analysis.snowball.Deprecated",5,0.25,2.20,35,0.56,21434.77,8,3,7,18,10,78.47,30,55,0,2,110.69,0.00,0.50,0.53,0,0.00,4,1687.78,2,2,10,org.apache.lucene.analysis.Analyzer,0.00,13,1,11,0,13,3,0,8,339,2
"org.apache.lucene.analysis.snowball.Deprecated$SavedStreams",0,0.00,0.00,3,0.01,82.42,2,2,7,0,2,171.00,0,5,0,1,171.00,0.00,0.00,0.00,0,0.00,0,41.21,0,0,2,java.lang.Object,0.00,0,0,0,0,0,0,0,0,13,1
"org.apache.lucene.analysis.snowball.SnowballFilter",3,0.17,2.67,26,0.35,10774.81,6,3,8,17,26,66.80,22,38,19,4,109.09,0.00,0.75,0.44,0,1.00,4,1036.94,0,0,7,org.apache.lucene.analysis.TokenFilter,0.27,14,3,8,0,14,3,0,3,211,2
"org.apache.lucene.analysis.snowball.TestSnowball",7,0.00,1.00,44,0.67,15331.97,7,0,12,21,13,155.55,14,56,0,4,115.67,0.00,0.75,0.00,0,0.00,1,2017.99,2,0,13,org.apache.lucene.analysis.BaseTokenStreamTestCase,0.00,14,3,7,0,14,7,0,6,409,1
"org.apache.lucene.analysis.snowball.TestSnowball$TestTokenStream",2,0.67,1.00,18,0.24,4507.22,8,6,12,11,8,109.00,0,22,0,3,109.00,0.00,0.67,0.50,0,2.00,1,709.55,0,0,8,org.apache.lucene.analysis.TokenStream,0.30,9,2,2,0,9,2,0,0,149,2
"org.apache.lucene.analysis.snowball.TestSnowballVocab",2,0.00,1.50,23,0.24,3094.52,2,0,8,5,5,58.84,16,28,0,3,106.94,0.00,0.67,0.00,1,2.00,2,716.64,0,0,5,org.apache.lucene.util.LuceneTestCase,0.00,3,2,3,0,3,2,0,9,140,1
"org.apache.lucene.analysis.snowball.TestSnowballVocab$ReusableAnalyzerBase",1,0.00,1.00,4,0.05,771.22,1,0,8,4,3,125.81,0,7,0,1,125.81,0.00,0.00,0.00,0,1.00,1,141.98,0,1,3,java.lang.Object,0.00,3,0,1,0,3,0,0,0,35,0
"org.apache.lucene.analysis.sv.SwedishAnalyzer",5,0.50,1.80,21,0.29,6976.19,7,2,17,16,15,75.54,42,31,1,4,123.64,0.00,0.75,0.10,0,8.00,3,861.43,0,2,14,org.apache.lucene.analysis.StopwordAnalyzerBase,0.00,11,3,9,0,11,3,0,8,191,2
"org.apache.lucene.analysis.sv.SwedishAnalyzer$DefaultSetHolder",0,0.00,0.00,6,0.05,843.89,1,1,17,0,2,171.00,2,11,0,1,171.00,0.00,0.00,0.00,0,0.00,0,162.56,0,0,2,java.lang.Object,0.00,0,0,0,0,0,0,0,2,40,2
"org.apache.lucene.analysis.sv.SwedishLightStemFilter",2,0.33,2.00,14,0.16,3794.18,5,3,6,9,8,113.74,9,20,2,4,113.50,0.00,0.75,0.50,0,2.00,3,481.98,0,0,6,org.apache.lucene.analysis.TokenFilter,0.29,7,3,4,0,7,2,0,1,107,2
"org.apache.lucene.analysis.sv.SwedishLightStemmer",1,0.00,8.00,10,0.42,31455.50,1,0,1,2,1,55.51,7,41,1,1,97.80,0.00,0.00,0.00,0,1.00,8,1250.96,0,0,0,java.lang.Object,0.00,1,0,8,0,1,1,0,1,221,1
"org.apache.lucene.analysis.sv.TestSwedishAnalyzer",3,0.00,1.00,14,0.15,2836.17,3,0,5,7,3,164.99,6,19,0,4,125.11,0.00,0.75,0.00,0,0.00,1,450.25,2,0,3,org.apache.lucene.analysis.BaseTokenStreamTestCase,0.00,4,3,3,0,4,3,0,5,103,1
"org.apache.lucene.analysis.sv.TestSwedishLightStemFilter",1,0.00,1.00,5,0.04,412.90,1,0,8,3,5,124.56,4,8,0,4,124.33,0.00,0.75,0.00,0,1.00,1,116.42,0,0,5,org.apache.lucene.analysis.BaseTokenStreamTestCase,0.00,2,3,1,0,2,1,0,2,31,1
"org.apache.lucene.analysis.sv.TestSwedishLightStemFilter$ReusableAnalyzerBase",1,0.00,1.00,4,0.05,771.22,1,0,8,4,3,125.81,0,7,0,1,125.81,0.00,0.00,0.00,0,1.00,1,141.98,0,1,3,java.lang.Object,0.00,3,0,1,0,3,0,0,0,35,0
"org.apache.lucene.queryParser.spans.SpanOrQueryNodeBuilder",1,0.00,2.00,10,0.13,4739.70,1,0,8,5,8,62.30,7,13,1,1,104.59,0.00,0.00,0.00,0,1.00,2,384.82,0,1,7,java.lang.Object,0.00,4,0,2,0,4,0,1,2,78,1
"org.apache.lucene.queryParser.spans.SpanTermQueryNodeBuilder",1,0.00,1.00,4,0.05,948.57,1,0,6,5,7,125.33,4,7,1,1,125.10,0.00,0.00,0.00,0,1.00,1,151.44,0,1,6,java.lang.Object,0.00,4,0,1,0,4,0,1,1,38,1
"org.apache.lucene.queryParser.spans.SpansQueryConfigHandler",2,0.00,1.00,5,0.03,289.23,2,0,2,3,5,163.37,7,9,2,3,142.76,0.00,0.67,0.00,0,2.00,1,93.81,0,1,3,org.apache.lucene.queryParser.core.config.QueryConfigHandler,0.00,1,2,2,0,1,1,0,2,29,1
"org.apache.lucene.queryParser.spans.SpansQueryTreeBuilder",2,0.00,1.00,6,0.06,908.13,2,0,7,4,11,114.41,10,11,2,2,132.28,0.00,0.50,0.00,0,2.00,1,187.45,2,1,9,org.apache.lucene.queryParser.core.builders.QueryTreeBuilder,0.00,2,1,2,0,2,1,1,1,51,1
"org.apache.lucene.queryParser.spans.SpansValidatorQueryNodeProcessor",3,0.00,1.33,9,0.13,4216.51,3,0,10,6,11,148.96,10,20,2,2,128.35,0.00,0.50,0.00,0,3.00,2,394.23,0,3,9,org.apache.lucene.queryParser.core.processors.QueryNodeProcessorImpl,0.00,3,1,4,0,3,0,0,1,92,1
"org.apache.lucene.queryParser.spans.TestSpanQueryParser",8,4.00,1.88,59,0.64,13798.51,12,4,12,26,16,65.74,70,91,0,3,113.84,0.00,0.67,0.00,1,8.00,8,1909.70,1,2,16,org.apache.lucene.util.LuceneTestCase,0.15,18,2,15,0,18,6,0,10,427,1
"org.apache.lucene.queryParser.spans.TestSpanQueryParserSimpleSample",3,0.00,1.67,20,0.27,6631.90,3,0,10,19,13,165.51,77,26,0,3,115.52,0.00,0.67,0.00,0,3.00,3,798.50,0,0,13,org.apache.lucene.util.LuceneTestCase,0.00,16,2,5,0,16,3,0,14,152,1
"org.apache.lucene.queryParser.spans.UniqueFieldAttribute",2,0.00,1.00,3,0.02,77.91,2,0,2,2,7,158.71,8,4,5,2,158.47,0.00,0.50,0.00,0,2.00,1,46.77,0,1,2,,0.00,0,1,2,0,0,1,0,1,18,1
"org.apache.lucene.queryParser.spans.UniqueFieldAttributeImpl",8,0.43,1.25,24,0.24,4980.73,10,2,2,13,4,181.15,8,44,1,2,131.15,0.00,0.50,0.12,2,16.00,2,726.84,0,2,3,org.apache.lucene.util.AttributeImpl,0.43,5,1,10,0,5,6,1,1,180,1
"org.apache.lucene.queryParser.spans.UniqueFieldQueryNodeProcessor",3,0.00,2.00,16,0.19,6712.62,3,0,6,8,8,139.00,10,30,2,2,118.39,0.00,0.50,0.00,0,3.00,4,583.71,1,3,6,org.apache.lucene.queryParser.core.processors.QueryNodeProcessorImpl,0.00,5,1,6,0,5,0,0,1,125,1
"org.apache.solr.handler.clustering.AbstractClusteringTest",1,1.00,2.00,11,0.45,8801.54,3,2,3,4,3,121.55,3,105,2,3,100.93,1.00,0.40,0.50,0,0.00,2,1349.35,3,0,1,org.apache.solr.SolrTestCaseJ4,0.00,3,2,2,2,3,1,0,1,215,1
"org.apache.solr.handler.clustering.ClusteringComponent",9,0.02,3.33,92,1.35,79998.50,14,5,15,35,14,142.21,18,122,2,2,102.32,0.00,0.50,0.22,0,21.00,15,4043.26,1,5,12,org.apache.solr.handler.component.SearchComponent,0.33,26,1,30,0,26,4,1,7,723,1
"org.apache.solr.handler.clustering.ClusteringComponentTest",1,0.00,1.00,29,0.45,15788.24,1,0,12,14,13,51.17,6,32,0,4,83.39,0.00,0.75,0.00,0,0.00,1,1362.28,0,0,13,org.apache.solr.handler.clustering.AbstractClusteringTest,0.00,13,3,1,0,13,1,0,3,234,1
"org.apache.solr.handler.clustering.ClusteringEngine",2,0.33,1.00,9,0.07,1013.17,5,3,2,3,5,167.13,4,12,3,1,127.24,0.00,0.00,0.50,0,0.00,1,217.49,0,2,2,java.lang.Object,0.00,1,0,2,3,1,0,0,1,57,1
"org.apache.solr.handler.clustering.ClusteringParams",0,0.00,0.00,6,0.08,1642.33,5,5,0,0,2,171.00,23,7,2,1,171.00,0.00,0.00,0.00,0,0.00,0,246.35,0,0,0,,0.00,0,0,0,0,0,0,0,3,57,1
"org.apache.solr.handler.clustering.DocumentClusteringEngine",2,0.00,1.00,3,0.03,163.57,2,0,6,2,9,107.46,20,4,2,2,155.94,1.00,0.33,0.00,0,2.00,1,76.87,0,2,7,org.apache.solr.handler.clustering.ClusteringEngine,0.00,0,1,2,1,0,0,0,3,25,2
"org.apache.solr.handler.clustering.MockDocumentClusteringEngine",2,0.00,1.00,7,0.05,734.01,2,0,3,3,4,172.89,4,10,0,3,133.01,0.00,0.67,0.00,0,2.00,1,148.79,0,2,4,org.apache.solr.handler.clustering.DocumentClusteringEngine,0.00,1,2,2,0,1,0,0,1,42,1
"org.apache.solr.handler.clustering.SearchClusteringEngine",1,0.00,1.00,2,0.02,135.17,1,0,6,1,8,143.23,4,3,1,2,142.99,0.00,0.50,0.00,0,1.00,1,62.67,0,1,7,org.apache.solr.handler.clustering.ClusteringEngine,0.00,0,1,1,0,0,0,0,1,19,2
"org.apache.lucene.xmlparser.CoreParser",8,0.06,1.38,70,0.96,33614.43,13,5,9,38,30,108.94,32,103,3,1,108.71,0.00,0.00,0.15,2,16.00,3,2880.03,0,3,27,java.lang.Object,0.00,30,0,11,1,30,5,1,5,531,1
"org.apache.lucene.xmlparser.CorePlusExtensionsParser",3,0.00,1.00,14,0.18,3227.64,3,0,8,11,12,76.19,30,22,3,2,124.67,0.00,0.50,0.00,0,4.00,1,531.06,0,0,9,org.apache.lucene.xmlparser.CoreParser,0.00,8,1,3,0,8,3,0,4,117,1
"org.apache.lucene.xmlparser.DOMUtils",17,0.00,2.53,115,1.35,47777.25,17,0,7,43,25,154.49,38,205,24,1,114.60,0.00,0.00,0.00,5,17.00,6,4063.88,0,13,1,java.lang.Object,0.00,26,0,43,0,26,4,0,12,873,1
"org.apache.lucene.xmlparser.FilterBuilder",1,0.00,1.00,2,0.01,69.06,1,0,2,1,11,171.57,19,3,9,1,145.29,0.00,0.00,0.00,0,1.00,1,36.53,0,1,2,,0.00,0,0,1,0,0,0,0,2,13,1
"org.apache.lucene.xmlparser.FilterBuilderFactory",3,0.00,1.33,11,0.14,3433.29,4,1,3,9,6,96.83,19,19,3,1,129.05,0.00,0.00,1.00,0,0.00,2,408.23,0,2,3,java.lang.Object,0.00,6,0,4,0,6,1,1,2,98,1
"org.apache.lucene.xmlparser.ParserException",4,0.00,1.00,9,0.05,332.37,4,0,0,4,37,96.55,32,14,37,2,144.65,0.00,0.50,0.00,0,4.00,1,136.79,0,0,0,java.lang.Exception,0.00,0,1,4,0,0,4,0,6,46,1
"org.apache.lucene.xmlparser.QueryBuilder",1,0.00,1.00,2,0.01,69.06,1,0,2,1,17,178.67,20,3,15,1,145.29,0.00,0.00,0.00,0,1.00,1,36.53,0,1,2,,0.00,0,0,1,0,0,0,0,2,13,1
"org.apache.lucene.xmlparser.QueryBuilderFactory",3,0.00,1.33,11,0.14,3433.29,4,1,3,9,5,96.83,19,19,2,1,129.05,0.00,0.00,1.00,0,0.00,2,408.23,0,1,3,java.lang.Object,0.00,6,0,4,0,6,2,1,2,98,1
"org.apache.lucene.xmlparser.QueryTemplateManager",16,0.08,1.12,71,1.05,22894.25,20,4,21,42,3,144.28,48,111,2,1,123.67,0.00,0.00,0.17,4,106.00,3,3158.19,0,9,1,java.lang.Object,0.00,26,0,18,0,26,7,0,11,648,1
"org.apache.lucene.xmlparser.TestParser",24,0.10,1.17,117,1.56,35008.63,29,5,20,57,20,123.59,23,171,1,3,123.59,0.00,0.67,0.11,2,126.00,3,4672.28,3,1,19,org.apache.lucene.util.LuceneTestCase,0.17,33,2,28,0,33,23,0,6,938,1
"org.apache.lucene.xmlparser.TestQueryTemplateManager",5,0.21,2.20,58,0.85,23471.62,11,6,17,33,14,60.77,38,89,0,3,103.06,0.00,0.67,0.33,2,2.00,3,2542.71,3,2,14,org.apache.lucene.util.LuceneTestCase,0.35,28,2,11,0,28,3,0,18,485,1
"org.apache.lucene.search.regex.JakartaRegexpCapabilities",7,0.00,2.29,41,0.48,19042.74,13,6,4,16,4,138.30,25,59,3,1,117.69,0.00,0.00,0.17,0,0.00,5,1427.00,0,1,1,java.lang.Object,0.00,9,0,16,0,9,6,1,8,318,1
"org.apache.lucene.search.regex.JavaUtilRegexCapabilities",7,0.07,1.71,29,0.39,12165.63,17,10,1,13,5,143.52,25,39,4,1,122.90,0.00,0.00,0.04,0,10.00,5,1183.05,0,1,1,java.lang.Object,0.00,6,0,12,0,6,6,1,5,262,1
"org.apache.lucene.search.regex.RegexCapabilities",3,0.00,1.00,4,0.02,54.02,3,0,0,3,7,123.55,38,5,7,1,161.11,0.00,0.00,0.00,0,3.00,1,49.02,0,1,0,,0.00,0,0,3,0,0,2,0,5,21,1
"org.apache.lucene.search.regex.RegexQuery",8,0.07,1.50,31,0.35,10529.74,10,2,6,20,13,168.43,17,43,4,3,128.55,0.00,0.67,0.44,0,8.00,4,1053.71,3,4,9,org.apache.lucene.search.MultiTermQuery,0.14,12,2,12,0,12,4,1,6,245,1
"org.apache.lucene.search.regex.RegexQueryCapable",2,0.00,1.00,3,0.01,38.51,2,0,0,2,3,110.89,19,4,2,1,160.88,0.00,0.00,0.00,0,2.00,1,33.51,0,0,1,,0.00,0,0,2,0,0,2,0,2,15,1
"org.apache.lucene.search.regex.RegexTermEnum",5,0.19,1.60,28,0.29,6369.63,9,4,4,13,5,170.37,9,40,1,3,120.37,0.00,0.67,0.40,0,1.00,3,884.99,2,0,4,org.apache.lucene.search.FilteredTermEnum,0.50,8,2,8,0,8,5,0,2,198,1
"org.apache.lucene.search.regex.SpanRegexQuery",11,0.00,1.45,56,0.66,21801.81,13,2,15,38,20,118.88,7,70,4,3,118.88,0.00,0.67,0.50,0,0.00,5,1966.70,1,7,16,org.apache.lucene.search.spans.SpanQuery,0.21,27,2,16,0,27,4,1,4,421,1
"org.apache.lucene.search.regex.TestJakartaRegexpCapabilities",2,0.00,1.00,15,0.14,2755.54,2,0,1,9,2,154.64,4,18,0,3,114.76,0.00,0.67,0.00,0,2.00,1,431.70,0,0,2,org.apache.lucene.util.LuceneTestCase,0.00,7,2,2,0,7,2,0,2,103,1
"org.apache.lucene.search.regex.TestRegexQuery",16,0.07,1.06,60,0.73,12318.22,20,4,13,43,17,130.46,1,77,0,3,130.46,0.00,0.67,0.19,1,52.00,2,2196.33,3,1,17,org.apache.lucene.util.LuceneTestCase,0.21,27,2,17,0,27,15,0,1,497,1
"org.apache.lucene.search.regex.TestSpanRegexQuery",5,0.50,1.00,60,0.89,21184.68,8,3,20,28,18,122.80,16,76,0,3,102.18,0.00,0.67,0.73,1,0.00,1,2663.57,2,0,18,org.apache.lucene.util.LuceneTestCase,0.35,23,2,5,0,23,5,0,16,507,1
"org.apache.solr.schema.AbstractSubTypeFieldType",7,0.10,1.57,48,0.61,18514.96,14,7,7,22,11,135.53,24,60,2,3,114.92,1.50,0.33,0.22,1,12.00,3,1822.87,0,4,9,org.apache.solr.schema.FieldType,0.00,15,2,11,3,15,3,1,7,370,2
"org.apache.solr.schema.BCDIntField",9,0.00,1.00,18,0.19,2083.33,9,0,8,16,11,141.15,5,29,2,3,141.15,1.00,0.40,0.00,2,9.00,1,567.21,1,6,9,org.apache.solr.schema.FieldType,0.00,7,2,9,2,7,3,0,3,153,1
"org.apache.solr.schema.BCDLongField",2,0.00,1.00,5,0.06,736.07,2,0,3,4,3,189.56,3,9,0,4,139.57,0.00,0.75,0.00,0,2.00,1,177.77,1,1,3,org.apache.solr.schema.BCDIntField,0.00,2,3,2,0,2,1,0,1,47,1
"org.apache.solr.schema.BCDStrField",2,0.00,1.00,5,0.05,589.46,2,0,3,3,3,160.94,7,9,0,4,140.32,0.00,0.75,0.00,0,2.00,1,159.21,1,1,3,org.apache.solr.schema.BCDIntField,0.00,1,3,2,0,1,1,0,2,43,1
"org.apache.solr.schema.BadIndexSchemaTest",6,0.00,1.50,37,0.38,11137.20,6,0,5,20,4,116.14,3,45,0,4,116.14,0.00,0.75,0.00,1,10.00,3,1135.01,3,3,4,org.apache.solr.util.AbstractSolrTestCase,0.35,14,3,9,0,14,3,0,2,239,1
"org.apache.solr.schema.BinaryField",7,0.00,1.57,36,0.51,22058.71,7,0,8,26,9,117.27,1,47,1,3,117.27,0.00,0.67,0.00,2,12.00,5,1540.09,0,5,8,org.apache.solr.schema.FieldType,0.06,19,2,11,0,19,2,0,1,314,1
"org.apache.solr.schema.BoolField",11,2.00,1.27,28,0.37,6818.53,13,2,13,20,13,137.73,7,41,0,3,137.73,0.00,0.67,0.00,2,11.00,3,1101.93,1,8,13,org.apache.solr.schema.FieldType,0.23,9,2,14,0,9,3,0,5,264,1
"org.apache.solr.schema.BoolField$SolrAnalyzer",1,0.00,1.00,4,0.03,388.04,1,0,13,3,1,128.16,0,5,0,1,128.16,0.00,0.00,0.00,0,1.00,1,86.14,0,0,1,java.lang.Object,0.00,2,0,1,0,2,1,0,0,24,0
"org.apache.solr.schema.BoolField$SolrAnalyzer$Tokenizer",2,0.50,2.50,14,0.17,4586.86,4,2,13,5,1,112.80,0,20,0,1,112.80,0.00,0.00,0.75,0,0.00,4,524.31,1,0,1,java.lang.Object,0.00,3,0,5,0,3,2,0,0,111,0
"org.apache.solr.schema.ByteField",6,0.00,1.33,20,0.25,4939.50,6,0,8,16,9,180.18,11,31,0,3,130.18,0.00,0.67,0.00,0,10.00,3,750.99,2,3,9,org.apache.solr.schema.FieldType,0.12,10,2,8,0,10,3,0,9,172,1
"org.apache.solr.schema.CoordinateFieldType",1,2.00,1.00,6,0.05,767.99,4,3,13,1,10,158.55,21,8,1,4,119.25,0.33,0.60,0.33,0,0.00,1,151.44,0,0,9,org.apache.solr.schema.AbstractSubTypeFieldType,0.00,0,3,1,1,0,1,0,3,38,2
"org.apache.solr.schema.CopyField",6,0.00,1.50,23,0.22,6182.25,10,4,0,9,6,150.00,20,36,5,1,129.38,0.00,0.00,0.25,0,18.00,3,650.67,0,1,1,java.lang.Object,0.00,3,0,9,0,3,5,0,5,159,1
"org.apache.solr.schema.CopyFieldTest",7,0.00,2.00,67,1.05,41148.31,7,0,11,23,9,105.56,6,117,0,3,105.56,0.00,0.67,0.00,0,12.00,5,3146.60,5,0,9,org.apache.solr.SolrTestCaseJ4,0.00,16,2,14,0,16,7,0,1,630,1
"org.apache.solr.schema.CustomSimilarityFactory",1,0.00,1.00,3,0.02,225.29,1,0,1,3,3,134.67,0,5,0,2,134.67,0.00,0.50,0.00,0,0.00,1,71.02,0,1,3,org.apache.solr.schema.SimilarityFactory,0.50,2,1,1,0,2,0,0,0,21,1
"org.apache.solr.schema.DateField",20,0.04,1.80,91,1.40,61870.21,28,8,16,46,32,103.05,114,145,15,3,120.92,1.00,0.40,0.09,7,112.00,7,4205.99,1,17,17,org.apache.solr.schema.FieldType,0.10,26,2,36,2,26,3,0,25,846,1
"org.apache.solr.schema.DateField$DateFieldSource",5,0.50,1.00,14,0.12,1650.55,7,2,16,7,3,139.94,1,21,0,3,139.94,0.00,0.67,0.10,0,11.00,1,365.19,2,1,3,org.apache.solr.search.function.FieldCacheSource,0.32,2,2,5,0,2,4,0,1,98,0
"org.apache.solr.schema.DateField$DateFieldSource$StringIndexDocValues",7,0.00,1.00,17,0.14,1822.24,7,0,16,8,0,140.75,1,24,0,1,140.75,0.00,0.00,0.00,1,13.00,1,425.47,0,3,0,java.lang.Object,0.00,1,0,7,0,1,4,0,1,120,0
"org.apache.solr.schema.DateField$ISO8601CanonicalDateFormat",4,0.33,2.00,32,0.51,18625.06,6,2,16,24,0,158.27,5,51,0,2,108.27,0.00,0.50,0.25,0,8.00,3,1516.63,3,3,0,java.text.SimpleDateFormat,0.00,20,1,8,0,20,1,0,5,301,2
"org.apache.solr.schema.DateField$ThreadLocalDateFormat",2,0.00,1.00,7,0.05,560.37,3,1,16,3,0,133.93,0,11,0,2,133.93,0.00,0.50,1.00,0,0.00,1,140.14,0,1,0,java.lang.ThreadLocal,0.00,1,1,2,0,1,1,0,0,41,2
"org.apache.solr.schema.DateFieldTest",8,0.00,1.00,50,0.49,6896.15,8,0,8,17,4,118.86,6,59,0,5,118.86,0.00,0.80,0.00,2,0.00,1,1463.79,2,0,4,org.apache.solr.schema.LegacyDateFieldTest,0.57,9,4,8,0,9,8,0,6,330,1
"org.apache.solr.schema.Deprecated",3,1.00,1.33,12,0.14,3578.60,4,1,18,8,9,94.87,40,18,0,4,124.25,0.00,0.75,0.33,2,5.00,2,432.99,1,3,9,org.apache.solr.schema.DateField,0.06,5,3,4,0,5,0,0,5,102,2
"org.apache.solr.schema.Deprecated$ThreadLocalDateFormat",2,0.00,1.00,9,0.07,951.56,3,1,18,5,0,127.46,0,13,0,2,127.46,0.00,0.50,1.00,0,0.00,1,211.41,0,1,0,java.lang.ThreadLocal,0.00,3,1,2,0,3,1,0,0,56,2
"org.apache.solr.schema.DoubleField",6,0.00,1.33,20,0.25,4939.50,6,0,8,16,9,170.06,12,31,0,3,130.18,0.00,0.67,0.00,0,10.00,3,750.99,2,3,9,org.apache.solr.schema.FieldType,0.00,10,2,8,0,10,3,0,10,172,1
"org.apache.solr.schema.ExternalFileField",5,0.06,1.80,25,0.36,12141.59,9,4,11,14,12,100.26,27,33,0,3,118.13,0.00,0.67,0.30,0,7.00,4,1071.96,2,2,12,org.apache.solr.schema.FieldType,0.06,9,2,9,0,9,3,0,2,218,1
"org.apache.solr.schema.FieldProperties",6,0.05,2.17,53,0.68,19752.68,21,15,2,15,2,159.44,8,68,2,1,109.44,0.00,0.00,0.02,1,10.00,4,2036.94,0,2,0,java.lang.Object,0.00,9,0,13,35,9,4,0,6,400,1
"org.apache.solr.schema.FieldType",36,0.05,1.69,131,2.01,70649.23,45,9,31,73,90,109.28,200,203,68,2,127.15,33.00,0.03,0.06,7,328.00,9,6017.79,0,24,24,org.apache.solr.schema.FieldProperties,0.00,37,1,61,33,37,12,0,52,1252,2
"org.apache.solr.schema.FieldType$DefaultAnalyzer",2,1.00,1.00,7,0.05,626.39,3,1,31,4,2,133.55,0,10,0,3,133.55,0.00,0.67,0.00,0,2.00,1,152.87,0,0,2,org.apache.solr.analysis.SolrAnalyzer,0.00,2,2,2,0,2,2,0,0,43,2
"org.apache.solr.schema.FieldType$DefaultAnalyzer$Tokenizer",1,0.00,2.00,12,0.17,4065.09,4,3,31,9,2,102.16,0,14,0,1,102.16,0.00,0.00,1.00,0,0.00,2,505.08,0,0,2,java.lang.Object,0.00,8,0,2,0,8,1,0,0,105,0
"org.apache.solr.schema.FloatField",6,0.00,1.33,20,0.25,4939.50,6,0,8,16,9,180.18,10,31,0,3,130.18,0.00,0.67,0.00,0,10.00,3,750.99,2,3,9,org.apache.solr.schema.FieldType,0.12,10,2,8,0,10,3,0,8,172,1
"org.apache.solr.schema.GeoHashField",6,0.00,1.00,15,0.23,3645.83,6,0,9,13,11,187.85,9,30,0,3,137.85,0.00,0.67,0.00,0,6.00,1,685.32,1,4,11,org.apache.solr.schema.FieldType,0.00,7,2,6,0,7,2,0,3,162,1
"org.apache.solr.schema.IndexSchema",52,0.01,2.73,442,7.30,493424.45,76,24,32,186,102,73.54,319,562,79,1,105.76,0.00,0.00,0.05,15,1756.00,29,21914.48,0,36,26,java.lang.Object,0.00,134,0,142,0,134,16,0,99,3603,2
"org.apache.solr.schema.IndexSchema$AbstractPluginLoader<CharFilterFactory>",2,0.00,2.00,9,0.16,4139.72,2,0,32,9,2,172.27,2,15,0,1,122.27,0.00,0.00,0.00,0,2.00,3,465.47,0,1,2,java.lang.Object,0.00,7,0,4,0,7,1,0,2,97,0
"org.apache.solr.schema.IndexSchema$AbstractPluginLoader<FieldType>",3,0.00,2.33,24,0.37,13850.02,3,0,32,13,5,108.26,1,33,0,1,108.26,0.00,0.00,0.00,0,4.00,5,1119.82,0,2,5,java.lang.Object,0.00,10,0,7,0,10,1,0,1,219,0
"org.apache.solr.schema.IndexSchema$AbstractPluginLoader<TokenFilterFactory>",2,0.00,2.00,9,0.16,4139.72,2,0,32,9,2,172.27,2,15,0,1,122.27,0.00,0.00,0.00,0,2.00,3,465.47,0,1,2,java.lang.Object,0.00,7,0,4,0,7,1,0,2,97,0
"org.apache.solr.schema.IndexSchema$AbstractPluginLoader<TokenizerFactory>",2,0.00,2.00,10,0.19,5825.67,2,0,32,11,3,167.49,2,17,0,1,117.49,0.00,0.00,0.00,0,2.00,3,562.17,0,1,3,java.lang.Object,0.00,9,0,4,0,9,1,0,2,112,0
"org.apache.solr.schema.IndexSchema$DynamicCopy",4,0.33,1.00,13,0.10,1040.43,6,2,32,5,2,134.18,0,19,0,2,134.18,0.00,0.50,0.25,0,4.00,1,287.97,0,2,2,org.apache.solr.schema.DynamicReplacement,0.00,1,1,4,0,1,2,0,0,80,1
"org.apache.solr.schema.IndexSchema$DynamicDestCopy",4,0.11,2.00,24,0.32,8313.37,7,3,32,12,2,115.69,0,37,0,2,115.69,0.00,0.50,0.42,0,4.00,3,946.91,0,2,2,org.apache.solr.schema.DynamicCopy,0.00,8,1,8,0,8,2,0,0,202,1
"org.apache.solr.schema.IndexSchema$DynamicField",3,0.50,1.00,9,0.06,630.75,4,1,32,5,1,184.91,5,13,0,2,134.91,0.00,0.50,0.67,0,1.00,1,176.73,0,2,1,org.apache.solr.schema.DynamicReplacement,0.00,2,1,3,0,2,1,0,5,53,2
"org.apache.solr.schema.IndexSchema$DynamicReplacement",3,0.60,2.33,20,0.25,5901.89,8,5,32,8,0,155.73,7,29,0,1,115.84,0.00,0.00,0.60,0,2.00,3,754.56,0,0,0,java.lang.Object,0.00,5,0,7,0,5,3,1,1,168,2
"org.apache.solr.schema.IndexSchema$SimilarityFactory",1,0.00,1.00,3,0.01,151.48,1,0,32,2,1,136.03,0,4,0,1,136.03,0.00,0.00,0.00,0,1.00,1,42.87,0,1,1,java.lang.Object,0.00,1,0,1,0,1,0,0,0,15,0
"org.apache.solr.schema.IndexSchema$SimilarityFactory_0",1,0.00,1.00,3,0.01,112.00,1,0,32,1,1,137.07,0,4,0,1,137.07,0.00,0.00,0.00,0,1.00,1,38.00,0,1,1,java.lang.Object,0.00,0,0,1,0,0,0,0,0,14,0
"org.apache.solr.schema.IndexSchema$SolrIndexAnalyzer",6,0.80,1.33,20,0.24,5878.04,7,1,32,15,2,129.58,0,31,0,2,129.58,0.00,0.50,0.33,1,10.00,2,726.86,0,4,2,org.apache.lucene.analysis.Analyzer,0.00,9,1,8,0,9,2,0,0,175,1
"org.apache.solr.schema.IndexSchema$SolrQueryAnalyzer",2,0.00,2.00,11,0.15,4898.30,2,0,32,8,1,118.08,0,17,0,2,118.08,0.00,0.50,0.00,0,2.00,2,460.73,0,2,1,org.apache.solr.schema.SolrIndexAnalyzer,0.00,6,1,4,0,6,0,0,0,101,1
"org.apache.solr.schema.IndexSchemaTest",6,0.00,1.00,55,0.81,20924.65,6,0,13,30,11,157.51,11,85,0,3,107.51,0.00,0.67,0.00,0,0.00,1,2432.08,6,0,11,org.apache.solr.SolrTestCaseJ4,0.00,24,2,6,0,24,6,0,7,460,1
"org.apache.solr.schema.IntField",6,0.00,1.33,20,0.25,4939.50,6,0,8,16,9,180.18,10,31,0,3,130.18,0.00,0.67,0.00,0,10.00,3,750.99,2,3,9,org.apache.solr.schema.FieldType,0.12,10,2,8,0,10,3,0,8,172,1
"org.apache.solr.schema.LegacyDateFieldTest",8,0.05,1.12,45,0.48,6661.81,11,3,8,18,5,121.90,7,56,1,4,121.90,0.33,0.60,0.29,2,0.00,2,1434.58,1,0,4,org.apache.lucene.util.LocalizedTestCase,0.15,10,3,9,1,10,8,0,7,323,1
"org.apache.solr.schema.LongField",6,0.00,1.33,20,0.26,5466.68,6,0,9,16,10,179.83,11,32,0,3,129.83,0.00,0.67,0.00,0,10.00,3,772.15,2,3,10,org.apache.solr.schema.FieldType,0.00,10,2,8,0,10,3,0,9,175,1
"org.apache.solr.schema.MockConfigurableSimilarity",2,1.00,1.00,6,0.03,349.01,3,1,1,2,3,135.55,0,9,2,3,135.55,0.00,0.67,0.50,0,2.00,1,100.40,0,1,1,org.apache.lucene.search.DefaultSimilarity,0.00,0,2,2,0,0,1,0,0,31,1
"org.apache.solr.schema.NotRequiredUniqueKeyTest",5,0.00,1.00,15,0.14,1696.64,5,0,3,12,4,183.27,6,20,0,4,133.27,0.00,0.75,0.00,0,8.00,1,405.73,2,2,4,org.apache.solr.util.AbstractSolrTestCase,0.36,7,3,5,0,7,3,0,1,105,1
"org.apache.solr.schema.PointType",10,0.00,1.90,64,1.02,38925.60,10,0,19,32,20,163.55,19,83,1,5,113.55,0.00,0.80,0.00,0,10.00,6,3060.93,3,6,19,org.apache.solr.schema.CoordinateFieldType,0.08,22,4,19,0,22,4,0,11,596,1
"org.apache.solr.schema.PointTypeValueSource",3,1.00,1.00,9,0.08,1086.65,4,1,19,4,17,133.05,0,15,1,4,133.05,0.00,0.75,0.33,1,4.00,1,241.08,0,2,16,org.apache.solr.search.function.VectorValueSource,0.36,1,3,3,0,1,1,0,0,64,0
"org.apache.solr.schema.PolyFieldTest",6,0.00,2.67,127,1.94,97779.43,6,0,14,38,14,108.90,19,154,0,3,88.28,0.00,0.67,0.00,0,6.00,6,5821.29,10,0,14,org.apache.solr.SolrTestCaseJ4,0.00,32,2,16,0,32,6,0,15,967,1
"org.apache.solr.schema.RandomSortField",6,0.00,1.17,25,0.33,11225.34,6,0,10,14,11,90.52,41,35,0,3,122.74,0.00,0.67,0.00,0,6.00,2,1000.78,0,2,11,org.apache.solr.schema.FieldType,0.12,8,2,7,0,8,4,0,8,230,1
"org.apache.solr.schema.RandomSortField$FieldComparatorSource",1,0.00,1.00,3,0.03,311.00,1,0,10,2,1,133.57,0,4,0,1,133.57,0.00,0.00,0.00,0,1.00,1,85.66,0,1,1,java.lang.Object,0.00,1,0,1,0,1,0,0,0,23,0
"org.apache.solr.schema.RandomSortField$FieldComparatorSource$FieldComparator",6,0.20,1.00,16,0.16,2392.43,9,3,10,6,1,139.29,1,22,0,1,139.29,0.00,0.00,0.50,0,0.00,1,475.99,0,1,1,java.lang.Object,0.00,0,0,6,0,0,5,0,1,125,0
"org.apache.solr.schema.RandomSortField$RandomValueSource",5,0.75,1.20,14,0.13,2692.53,6,1,10,7,3,138.22,0,24,0,2,138.22,0.00,0.50,0.40,1,7.00,2,404.72,0,2,3,org.apache.solr.search.function.ValueSource,0.29,2,1,6,0,2,3,0,0,105,1
"org.apache.solr.schema.RandomSortField$RandomValueSource$DocValues",6,0.20,1.00,14,0.17,2451.00,7,1,10,9,0,139.21,0,26,0,1,139.21,0.00,0.00,0.83,0,0.00,1,506.81,0,2,0,java.lang.Object,0.00,3,0,6,0,3,4,0,0,132,0
"org.apache.solr.schema.RequiredFieldsTest",4,0.00,1.00,44,0.88,20276.58,4,0,7,19,4,85.11,23,72,0,3,102.98,0.00,0.67,0.00,0,4.00,1,2631.55,8,0,4,org.apache.solr.SolrTestCaseJ4,0.00,15,2,4,0,15,4,0,21,468,1
"org.apache.solr.schema.SchemaAware",1,0.00,1.00,2,0.01,41.48,1,0,0,1,3,167.18,33,3,3,1,147.03,0.00,0.00,0.00,0,1.00,1,27.65,0,0,1,,0.00,0,0,1,0,0,1,0,3,11,1
"org.apache.solr.schema.SchemaField",32,0.01,1.34,101,1.13,41771.54,37,5,7,44,101,178.60,41,120,96,2,128.60,0.00,0.50,0.19,0,316.00,9,3385.17,2,8,7,org.apache.solr.schema.FieldProperties,0.00,12,1,43,0,12,24,0,16,778,2
"org.apache.solr.schema.ShortField",6,0.00,1.33,20,0.26,5466.68,6,0,8,16,9,169.72,12,32,0,3,129.83,0.00,0.67,0.00,0,10.00,3,772.15,2,3,9,org.apache.solr.schema.FieldType,0.12,10,2,8,0,10,3,0,9,175,1
"org.apache.solr.schema.SimilarityFactory",3,1.00,1.00,7,0.04,375.00,4,1,2,3,4,143.26,0,6,2,1,143.26,0.00,0.00,0.33,0,4.00,1,116.18,0,2,2,java.lang.Object,0.00,0,0,3,1,0,1,0,0,37,2
"org.apache.solr.schema.SortableDoubleField",9,0.00,1.00,20,0.23,2835.83,9,0,12,16,14,140.10,3,31,0,3,140.10,0.00,0.67,0.00,1,9.00,1,681.28,1,6,14,org.apache.solr.schema.FieldType,0.00,7,2,9,0,7,3,0,1,176,1
"org.apache.solr.schema.SortableDoubleFieldSource",6,0.20,1.00,19,0.20,3608.01,8,2,12,9,12,131.32,1,28,2,3,131.32,0.00,0.67,0.33,0,10.00,1,599.92,2,2,10,org.apache.solr.search.function.FieldCacheSource,0.30,3,2,6,0,3,4,0,1,150,0
"org.apache.solr.schema.SortableDoubleFieldSource$StringIndexDocValues",7,0.00,1.14,16,0.15,2141.20,7,0,12,11,1,140.17,0,23,0,1,140.17,0.00,0.00,0.00,1,7.00,2,456.91,0,3,1,java.lang.Object,0.00,4,0,8,0,4,4,0,0,125,0
"org.apache.solr.schema.SortableFloatField",9,0.00,1.00,20,0.23,2835.83,9,0,12,16,14,140.10,3,31,0,3,140.10,0.00,0.67,0.00,1,9.00,1,681.28,1,6,14,org.apache.solr.schema.FieldType,0.12,7,2,9,0,7,3,0,1,176,1
"org.apache.solr.schema.SortableFloatFieldSource",6,0.20,1.00,17,0.17,2554.97,8,2,12,9,13,139.07,0,26,3,3,139.07,0.00,0.67,0.33,0,10.00,1,500.38,2,2,10,org.apache.solr.search.function.FieldCacheSource,0.30,3,2,6,0,3,4,0,0,130,0
"org.apache.solr.schema.SortableFloatFieldSource$StringIndexDocValues",7,0.00,1.14,16,0.15,2141.20,7,0,12,11,1,140.17,0,23,0,1,140.17,0.00,0.00,0.00,1,7.00,2,456.91,0,3,1,java.lang.Object,0.00,4,0,8,0,4,4,0,0,125,0
"org.apache.solr.schema.SortableIntField",9,0.00,1.00,20,0.25,3147.35,9,0,12,16,14,139.74,8,31,0,3,139.74,0.00,0.67,0.00,1,9.00,1,746.70,1,6,14,org.apache.solr.schema.FieldType,0.12,7,2,9,0,7,3,0,6,188,1
"org.apache.solr.schema.SortableIntFieldSource",6,0.20,1.00,17,0.16,2567.42,8,2,12,8,12,139.05,0,26,2,3,139.05,0.00,0.67,0.33,0,10.00,1,479.58,2,2,10,org.apache.solr.search.function.FieldCacheSource,0.30,2,2,6,0,2,4,0,0,126,0
"org.apache.solr.schema.SortableIntFieldSource$StringIndexDocValues",7,0.00,1.14,16,0.16,2314.95,7,0,12,11,1,139.90,0,23,0,1,139.90,0.00,0.00,0.00,1,7.00,2,467.96,0,3,1,java.lang.Object,0.00,4,0,8,0,4,4,0,0,127,0
"org.apache.solr.schema.SortableLongField",9,0.00,1.00,20,0.25,3147.35,9,0,12,16,14,139.74,3,31,0,3,139.74,0.00,0.67,0.00,1,9.00,1,746.70,1,6,14,org.apache.solr.schema.FieldType,0.12,7,2,9,0,7,3,0,1,188,1
"org.apache.solr.schema.SortableLongFieldSource",6,0.20,1.00,17,0.16,2566.58,8,2,12,8,12,139.05,0,26,2,3,139.05,0.00,0.67,0.33,0,10.00,1,488.76,2,2,10,org.apache.solr.search.function.FieldCacheSource,0.30,2,2,6,0,2,4,0,0,128,0
"org.apache.solr.schema.SortableLongFieldSource$StringIndexDocValues",7,0.00,1.14,16,0.16,2263.91,7,0,12,11,1,139.98,0,23,0,1,139.98,0.00,0.00,0.00,1,7.00,2,467.82,0,3,1,java.lang.Object,0.00,4,0,8,0,4,4,0,0,127,0
"org.apache.solr.schema.SpatialTileField",11,0.03,1.91,82,1.25,43960.69,21,10,23,37,22,160.96,21,106,0,4,110.96,0.00,0.75,0.13,0,26.00,6,3738.41,3,6,22,org.apache.solr.schema.AbstractSubTypeFieldType,0.07,26,3,21,0,26,5,1,11,717,1
"org.apache.solr.schema.StrField",5,0.00,1.00,11,0.14,1625.24,5,0,12,10,18,139.99,3,17,4,3,139.99,0.00,0.67,0.00,0,5.00,1,411.84,2,2,14,org.apache.solr.schema.FieldType,0.06,5,2,5,0,5,3,0,1,106,1
"org.apache.solr.schema.StrFieldSource",5,1.00,1.00,12,0.10,1283.40,6,1,12,7,13,140.80,0,19,2,3,140.80,0.00,0.67,0.20,0,11.00,1,306.91,2,2,11,org.apache.solr.search.function.FieldCacheSource,0.32,2,2,5,0,2,3,0,0,85,0
"org.apache.solr.schema.StrFieldSource$StringIndexDocValues",7,0.00,1.00,17,0.13,1604.13,7,0,12,8,0,141.19,0,24,0,1,141.19,0.00,0.00,0.00,1,7.00,1,385.36,0,3,0,java.lang.Object,0.00,1,0,7,0,1,4,0,0,112,0
"org.apache.solr.schema.TestBinaryField",5,0.06,4.00,120,1.55,173353.74,9,4,14,28,7,83.45,1,116,0,4,83.45,0.00,0.75,0.30,0,6.00,16,4642.98,3,2,7,org.apache.solr.util.AbstractSolrTestCase,0.36,23,3,20,0,23,3,0,1,803,1
"org.apache.solr.schema.TestBinaryField$Bean",0,0.00,0.00,3,0.02,388.55,2,2,14,0,0,171.00,0,6,0,1,171.00,0.00,0.00,0.00,0,0.00,0,74.01,0,0,0,java.lang.Object,0.00,0,0,0,0,0,0,0,0,20,2
"org.apache.solr.schema.TextField",7,0.83,5.29,131,1.82,298486.62,8,1,22,41,25,107.95,23,171,6,3,87.33,0.00,0.67,0.29,1,13.00,29,5456.83,2,3,20,org.apache.solr.schema.FieldType,0.06,34,2,37,0,34,4,0,20,888,1
"org.apache.solr.schema.TrieDateField",18,0.38,1.89,81,1.36,44903.16,20,2,21,53,26,121.64,9,129,5,4,121.64,0.00,0.75,0.14,4,66.00,7,4092.44,2,13,22,org.apache.solr.schema.DateField,0.05,35,3,34,0,35,5,0,7,827,1
"org.apache.solr.schema.TrieDoubleField",0,0.00,0.00,2,0.02,163.12,0,0,0,0,1,171.00,0,5,0,4,171.00,0.00,0.75,0.00,0,0.00,0,46.60,0,0,1,org.apache.solr.schema.TrieField,0.00,0,3,0,0,0,0,0,0,13,1
"org.apache.solr.schema.TrieField",28,0.02,3.00,229,4.29,202177.62,35,7,16,104,39,156.67,39,373,13,3,106.67,2.00,0.29,0.12,8,124.00,20,12882.17,0,13,27,org.apache.solr.schema.FieldType,0.17,76,2,84,4,76,15,0,13,2359,1
"org.apache.solr.schema.TrieField$TrieDateFieldSource",4,0.00,1.00,9,0.08,784.65,4,0,16,6,2,141.72,0,15,0,4,141.72,0.00,0.75,0.00,0,6.00,1,230.91,0,1,2,org.apache.solr.search.function.LongFieldSource,0.16,2,3,4,0,2,3,0,0,65,0
"org.apache.solr.schema.TrieField$TrieTypes",0,0.00,0.00,2,0.01,42.79,0,0,16,0,0,171.00,0,7,0,1,171.00,0.00,0.00,0.00,0,0.00,0,28.53,0,0,0,java.lang.Object,0.00,0,0,0,0,0,0,0,0,9,1
"org.apache.solr.schema.TrieFloatField",0,0.00,0.00,2,0.02,163.12,0,0,0,0,1,171.00,0,5,0,4,171.00,0.00,0.75,0.00,0,0.00,0,46.60,0,0,1,org.apache.solr.schema.TrieField,0.00,0,3,0,0,0,0,0,0,13,1
"org.apache.solr.schema.TrieIntField",0,0.00,0.00,2,0.02,163.12,0,0,0,0,1,171.00,0,5,0,4,171.00,0.00,0.75,0.00,0,0.00,0,46.60,0,0,1,org.apache.solr.schema.TrieField,0.00,0,3,0,0,0,0,0,0,13,1
"org.apache.solr.schema.TrieLongField",0,0.00,0.00,2,0.02,163.12,0,0,0,0,1,171.00,0,5,0,4,171.00,0.00,0.75,0.00,0,0.00,0,46.60,0,0,1,org.apache.solr.schema.TrieField,0.00,0,3,0,0,0,0,0,0,13,1
"org.apache.solr.schema.UUIDField",7,0.42,1.29,23,0.42,11379.00,9,2,9,20,9,167.74,19,43,1,3,127.86,0.00,0.67,0.14,0,17.00,3,1255.50,3,4,8,org.apache.solr.schema.FieldType,0.00,13,2,9,0,13,3,0,4,272,1
"org.apache.solr.schema.UUIDFieldTest",1,0.00,6.00,29,0.25,10088.52,1,0,2,4,3,84.51,0,41,0,3,84.51,0.00,0.67,0.00,0,1.00,6,760.51,0,0,3,org.apache.lucene.util.LuceneTestCase,0.00,3,2,6,0,3,1,0,0,155,1
"org.apache.lucene.benchmark.byTask.feeds.AbstractQueryMaker",7,0.06,1.29,29,0.29,7915.63,10,3,2,15,7,174.44,9,35,4,1,124.44,0.00,0.00,0.29,0,4.00,3,875.25,0,4,3,java.lang.Object,0.00,8,0,9,5,8,3,1,3,200,2
"org.apache.lucene.benchmark.byTask.feeds.ContentSource",14,0.04,1.57,79,0.83,27586.48,28,14,12,33,13,119.11,63,89,10,1,118.88,0.00,0.00,0.11,1,98.00,5,2490.49,0,3,3,java.lang.Object,0.00,19,0,22,10,19,11,0,20,520,2
"org.apache.lucene.benchmark.byTask.feeds.DemoHTMLParser",2,0.00,3.00,27,0.52,27212.38,2,0,7,22,4,64.42,12,35,1,1,96.64,0.00,0.00,0.00,1,2.00,5,1573.77,0,2,3,java.lang.Object,0.00,20,0,6,0,20,0,1,7,269,1
"org.apache.lucene.benchmark.byTask.feeds.DirContentSource",0,0.00,0.00,3,0.04,681.48,0,0,13,0,2,171.00,10,3,0,2,171.00,0.00,0.50,0.00,0,0.00,0,108.42,0,0,2,org.apache.lucene.benchmark.byTask.feeds.ContentSource,0.00,0,1,0,0,0,0,0,1,26,1
"org.apache.lucene.benchmark.byTask.feeds.DirContentSource$DateFormatInfo",0,0.00,0.00,3,0.02,155.67,2,2,13,0,0,171.00,0,4,0,1,171.00,0.00,0.00,0.00,0,0.00,0,51.89,0,0,0,java.lang.Object,0.00,0,0,0,0,0,0,0,0,15,3
"org.apache.lucene.benchmark.byTask.feeds.DirContentSource$Iterator",14,0.03,1.64,100,1.14,39790.22,21,7,13,62,3,112.17,12,127,0,1,112.17,0.00,0.00,0.17,5,82.00,4,3405.90,2,4,3,java.lang.Object,0.00,48,0,23,0,48,10,1,11,693,2
"org.apache.lucene.benchmark.byTask.feeds.DirContentSource$Iterator$Comparator",1,0.00,5.00,13,0.16,9230.00,1,0,13,4,0,137.74,2,18,0,1,97.85,0.00,0.00,0.00,0,1.00,5,477.33,0,0,0,java.lang.Object,0.00,3,0,5,0,3,1,1,1,102,1
"org.apache.lucene.benchmark.byTask.feeds.DirContentSource$Iterator$FileFilter",1,0.00,1.00,3,0.02,173.90,1,0,13,2,0,135.56,0,4,0,1,135.56,0.00,0.00,0.00,0,1.00,1,52.97,0,0,0,java.lang.Object,0.00,1,0,1,0,1,1,0,0,17,0
"org.apache.lucene.benchmark.byTask.feeds.DirContentSource$Iterator$FileFilter_0",1,0.00,1.00,3,0.02,227.68,1,0,13,3,0,134.64,0,4,0,1,134.64,0.00,0.00,0.00,0,1.00,1,70.91,0,0,0,java.lang.Object,0.00,2,0,1,0,2,1,0,0,21,0
"org.apache.lucene.benchmark.byTask.feeds.DocData",12,0.04,1.08,37,0.23,3000.12,17,5,3,13,17,134.30,7,51,16,1,134.30,0.00,0.00,0.17,1,52.00,2,689.12,0,5,1,java.lang.Object,0.00,1,0,13,0,1,7,0,2,193,1
"org.apache.lucene.benchmark.byTask.feeds.DocMaker",12,0.14,4.25,198,3.28,243248.60,36,24,13,64,27,59.61,82,232,21,1,91.84,0.00,0.00,0.17,6,0.00,15,9833.64,0,4,6,java.lang.Object,0.00,52,0,51,6,52,8,0,27,1623,1
"org.apache.lucene.benchmark.byTask.feeds.DocMaker$DocState",2,0.50,2.50,26,0.38,14099.38,6,4,13,8,3,119.55,6,32,0,1,98.93,0.00,0.00,0.50,0,0.00,3,1128.54,0,1,3,java.lang.Object,0.00,6,0,5,0,6,1,0,2,225,1
"org.apache.lucene.benchmark.byTask.feeds.DocMaker$LeftOver",0,0.00,0.00,3,0.02,124.57,2,2,13,0,1,171.00,0,4,0,1,171.00,0.00,0.00,0.00,0,0.00,0,49.83,0,0,1,java.lang.Object,0.00,0,0,0,0,0,0,0,0,15,2
"org.apache.lucene.benchmark.byTask.feeds.DocMakerTest",4,0.00,1.75,54,0.84,33337.86,4,0,15,30,14,119.06,15,65,0,4,98.44,0.00,0.75,0.00,1,4.00,3,2524.49,0,1,14,org.apache.lucene.benchmark.BenchmarkTestCase,0.00,26,3,7,0,26,3,0,15,500,1
"org.apache.lucene.benchmark.byTask.feeds.DocMakerTest$OneDocSource",2,1.00,1.50,14,0.14,3522.28,3,1,15,9,3,113.82,0,21,0,2,113.82,0.00,0.50,0.50,0,2.00,2,418.51,0,1,3,org.apache.lucene.benchmark.byTask.feeds.ContentSource,0.12,7,1,3,0,7,1,0,0,91,2
"org.apache.lucene.benchmark.byTask.feeds.EnwikiContentSource",5,0.12,1.60,46,0.68,19047.35,17,12,13,20,7,127.71,16,62,2,2,107.10,0.00,0.50,0.18,0,12.00,2,2030.84,2,1,5,org.apache.lucene.benchmark.byTask.feeds.ContentSource,0.21,15,1,8,0,15,4,0,4,405,1
"org.apache.lucene.benchmark.byTask.feeds.EnwikiContentSource$Parser",6,0.27,4.83,108,1.30,64688.33,15,9,13,33,3,131.94,16,157,0,2,92.06,0.00,0.50,0.33,0,10.00,10,3896.41,0,2,3,org.xml.sax.helpers.DefaultHandler,0.00,27,1,29,0,27,4,1,16,710,1
"org.apache.lucene.benchmark.byTask.feeds.EnwikiQueryMaker",3,1.00,3.00,34,0.84,30978.19,4,1,16,22,16,100.53,14,74,0,2,100.29,0.00,0.50,0.33,2,4.00,6,2509.97,0,3,16,org.apache.lucene.benchmark.byTask.feeds.AbstractQueryMaker,0.20,19,1,9,0,19,0,1,5,436,1
"org.apache.lucene.benchmark.byTask.feeds.FileBasedQueryMaker",1,0.00,8.00,34,0.61,41527.22,1,0,9,22,10,114.06,30,51,1,2,77.03,0.00,0.50,0.00,0,0.00,8,1831.03,0,1,9,org.apache.lucene.benchmark.byTask.feeds.AbstractQueryMaker,0.25,21,1,8,0,21,0,1,3,285,1
"org.apache.lucene.benchmark.byTask.feeds.HTMLParser",2,0.00,1.00,3,0.05,328.94,2,0,4,2,3,105.07,20,4,2,1,153.55,0.00,0.00,0.00,0,2.00,1,155.15,0,2,1,,0.00,0,0,2,0,0,0,0,3,40,1
"org.apache.lucene.benchmark.byTask.feeds.LineDocSource",5,0.08,2.80,46,0.55,22846.52,8,3,7,22,6,106.58,20,67,1,2,106.35,0.00,0.50,0.40,2,1.00,5,1656.51,3,1,5,org.apache.lucene.benchmark.byTask.feeds.ContentSource,0.21,17,1,14,0,17,4,0,5,331,1
"org.apache.lucene.benchmark.byTask.feeds.LineDocSourceTest",7,1.00,1.43,65,0.99,25074.41,8,1,20,41,14,157.33,12,80,0,4,107.33,0.00,0.75,0.14,3,12.00,3,2980.36,1,0,14,org.apache.lucene.benchmark.BenchmarkTestCase,0.00,34,3,10,0,34,7,0,12,561,1
"org.apache.lucene.benchmark.byTask.feeds.LongToEnglishContentSource",3,0.50,1.33,19,0.22,7564.32,4,1,3,11,4,155.01,6,28,0,2,115.12,0.00,0.50,0.67,0,1.00,2,655.49,0,1,4,org.apache.lucene.benchmark.byTask.feeds.ContentSource,0.24,8,1,4,0,8,2,0,3,135,1
"org.apache.lucene.benchmark.byTask.feeds.LongToEnglishQueryMaker",6,0.10,1.17,18,0.22,3436.04,8,2,8,13,10,131.45,4,26,0,1,131.45,0.00,0.00,0.42,1,10.00,2,669.60,0,3,10,java.lang.Object,0.00,7,0,7,0,7,3,1,1,158,1
"org.apache.lucene.benchmark.byTask.feeds.NoMoreDataException",0,0.00,0.00,1,0.01,31.02,0,0,0,0,16,171.00,21,2,16,2,171.00,0.00,0.50,0.00,0,0.00,0,15.51,0,0,0,java.lang.Exception,0.00,0,1,0,0,0,0,0,2,6,1
"org.apache.lucene.benchmark.byTask.feeds.QueryMaker",5,0.00,1.00,6,0.04,200.25,5,0,2,5,15,198.27,13,7,13,1,158.38,0.00,0.00,0.00,0,5.00,1,107.93,0,3,2,,0.00,0,0,5,0,0,2,0,6,39,1
"org.apache.lucene.benchmark.byTask.feeds.ReutersContentSource",6,0.08,2.00,68,0.90,40315.98,11,5,11,42,4,141.74,16,88,0,2,101.86,0.00,0.50,0.27,2,14.00,4,2703.34,4,3,4,org.apache.lucene.benchmark.byTask.feeds.ContentSource,0.20,36,1,12,0,36,3,0,7,509,1
"org.apache.lucene.benchmark.byTask.feeds.ReutersContentSource$DateFormatInfo",0,0.00,0.00,3,0.02,155.67,2,2,11,0,0,171.00,0,4,0,1,171.00,0.00,0.00,0.00,0,0.00,0,51.89,0,0,0,java.lang.Object,0.00,0,0,0,0,0,0,0,0,15,3
"org.apache.lucene.benchmark.byTask.feeds.ReutersQueryMaker",3,1.00,2.67,32,0.60,24831.06,4,1,14,20,15,84.75,16,53,1,2,102.62,0.00,0.50,0.33,2,4.00,6,1801.99,0,3,14,org.apache.lucene.benchmark.byTask.feeds.AbstractQueryMaker,0.20,17,1,8,0,17,0,1,7,339,1
"org.apache.lucene.benchmark.byTask.feeds.SimpleQueryMaker",1,0.00,1.00,21,0.40,18404.74,1,0,10,12,12,43.97,11,25,1,2,88.09,1.00,0.33,0.00,0,0.00,1,1197.62,0,1,11,org.apache.lucene.benchmark.byTask.feeds.AbstractQueryMaker,0.25,11,1,1,1,11,0,1,3,211,1
"org.apache.lucene.benchmark.byTask.feeds.SimpleSloppyPhraseQueryMaker",1,0.00,9.00,48,0.58,63006.25,1,0,5,12,6,21.51,10,44,0,3,69.99,0.00,0.67,0.00,0,1.00,9,1728.51,0,1,6,org.apache.lucene.benchmark.byTask.feeds.SimpleQueryMaker,0.33,11,2,9,0,11,0,0,6,296,1
"org.apache.lucene.benchmark.byTask.feeds.SingleDocSource",4,0.17,1.25,18,0.23,4448.28,6,2,1,9,5,106.63,20,40,2,2,124.50,1.00,0.33,0.38,1,6.00,2,675.18,2,1,3,org.apache.lucene.benchmark.byTask.feeds.ContentSource,0.22,5,1,5,1,5,3,0,3,150,1
"org.apache.lucene.benchmark.byTask.feeds.SortableSingleDocSource",3,0.50,1.33,25,0.92,20100.17,6,3,3,11,4,107.35,13,68,0,3,107.12,0.00,0.67,0.67,1,0.00,2,2762.25,2,1,4,org.apache.lucene.benchmark.byTask.feeds.SingleDocSource,0.00,8,2,4,0,8,2,0,4,415,1
"org.apache.lucene.benchmark.byTask.feeds.TrecContentSource",10,0.11,4.20,174,2.31,113529.81,31,21,16,59,8,93.07,48,230,1,2,92.84,1.00,0.33,0.15,5,42.00,7,6925.13,5,4,7,org.apache.lucene.benchmark.byTask.feeds.ContentSource,0.17,49,1,42,1,49,6,0,32,1234,1
"org.apache.lucene.benchmark.byTask.feeds.TrecContentSource$DateFormatInfo",0,0.00,0.00,3,0.02,200.76,2,2,16,0,0,171.00,0,4,0,1,171.00,0.00,0.00,0.00,0,0.00,0,57.36,0,0,0,java.lang.Object,0.00,0,0,0,0,0,0,0,0,16,3
"org.apache.lucene.benchmark.byTask.feeds.TrecContentSourceTest",7,0.00,1.29,55,1.50,32046.75,7,0,8,21,5,160.59,8,249,0,3,110.59,0.00,0.67,0.00,2,7.00,2,4496.59,0,0,5,org.apache.lucene.util.LuceneTestCase,0.00,14,2,9,0,14,7,0,8,796,1
"org.apache.lucene.benchmark.byTask.feeds.TrecContentSourceTest$StringableTrecSource",3,1.00,1.67,13,0.12,2154.78,4,1,8,7,4,125.93,0,21,0,3,125.93,0.00,0.67,0.33,0,5.00,3,361.62,0,0,4,org.apache.lucene.benchmark.byTask.feeds.TrecContentSource,0.11,4,2,5,0,4,3,0,0,89,2
"org.apache.lucene.queryParser.core.parser.EscapeQuerySyntax",1,0.00,1.00,3,0.02,77.59,1,0,1,1,25,108.94,13,4,25,1,138.32,0.00,0.00,0.00,0,1.00,1,52.38,0,1,0,,0.00,0,0,1,0,0,0,0,2,18,1
"org.apache.lucene.queryParser.core.parser.EscapeQuerySyntax$Type",0,0.00,0.00,2,0.01,39.30,0,0,1,0,0,171.00,0,3,0,1,171.00,0.00,0.00,0.00,0,0.00,0,19.65,0,0,0,java.lang.Object,0.00,0,0,0,0,0,0,0,0,7,1
"org.apache.lucene.queryParser.core.parser.SyntaxParser",1,0.00,1.00,2,0.01,97.26,1,0,2,1,8,95.64,10,4,7,1,144.12,0.00,0.00,0.00,0,1.00,1,44.54,0,1,2,,0.00,0,0,1,0,0,0,0,2,15,1
"org.apache.lucene.benchmark.quality.trec.QueryDriver",1,0.00,6.00,34,0.77,42680.97,1,0,14,24,12,32.87,11,37,0,1,77.00,0.00,0.00,0.00,0,1.00,6,2309.99,0,0,12,java.lang.Object,0.00,23,0,6,0,23,1,0,8,349,1
"org.apache.lucene.benchmark.quality.trec.Trec1MQReader",2,1.00,2.00,24,0.33,18607.38,3,1,6,15,1,69.95,26,31,0,1,99.33,0.00,0.00,0.50,0,2.00,3,989.63,0,1,1,java.lang.Object,0.00,13,0,4,0,13,1,0,8,183,1
"org.apache.lucene.benchmark.quality.trec.TrecJudge",4,0.00,4.50,65,0.89,61669.44,5,1,8,30,4,74.89,23,79,2,1,92.76,0.00,0.00,1.00,0,0.00,9,2677.61,0,0,2,java.lang.Object,0.00,26,0,18,0,26,4,1,7,486,1
"org.apache.lucene.benchmark.quality.trec.TrecJudge$QRelJudgement",4,0.00,1.00,12,0.09,1269.02,6,2,8,8,0,133.50,0,17,0,1,133.50,0.00,0.00,0.50,0,0.00,1,278.01,0,0,0,java.lang.Object,0.00,4,0,4,0,4,4,0,0,78,2
"org.apache.lucene.benchmark.quality.trec.TrecTopicsReader",3,1.00,5.33,55,0.86,63008.04,4,1,6,22,3,52.19,37,71,2,1,89.75,0.00,0.00,0.33,1,4.00,8,2570.43,0,2,1,java.lang.Object,0.00,19,0,16,0,19,1,0,11,442,1
"org.apache.lucene.analysis.fr.Deprecated",5,0.06,2.40,25,0.33,10148.21,9,4,10,16,7,76.39,39,37,0,4,118.68,0.00,0.75,0.30,0,2.00,4,988.56,0,0,7,org.apache.lucene.analysis.TokenFilter,0.24,11,3,12,0,11,5,0,10,212,2
"org.apache.lucene.analysis.fr.ElisionFilter",8,0.14,2.12,45,0.63,28724.33,12,4,9,18,9,98.88,45,63,3,4,116.76,0.00,0.75,0.12,1,20.00,6,1884.71,0,0,6,org.apache.lucene.analysis.TokenFilter,0.20,10,3,17,0,10,8,0,11,380,2
"org.apache.lucene.analysis.fr.FrenchAnalyzer",10,0.22,1.90,46,1.33,37944.67,13,3,22,28,17,70.21,97,94,1,4,120.21,0.00,0.75,0.13,0,18.00,4,3991.77,1,2,16,org.apache.lucene.analysis.StopwordAnalyzerBase,0.00,18,3,19,0,18,8,0,20,657,2
"org.apache.lucene.analysis.fr.FrenchAnalyzer$DefaultSetHolder",0,0.00,0.00,7,0.11,2379.54,2,2,22,3,4,171.00,3,15,0,1,171.00,0.00,0.00,0.00,0,0.00,0,316.83,0,0,4,java.lang.Object,0.00,3,0,0,0,3,0,0,3,69,2
"org.apache.lucene.analysis.fr.FrenchLightStemFilter",2,0.33,2.00,14,0.16,3794.18,5,3,6,9,8,113.74,9,20,2,4,113.50,0.00,0.75,0.50,0,2.00,3,481.98,0,0,6,org.apache.lucene.analysis.TokenFilter,0.29,7,3,4,0,7,2,0,1,107,2
"org.apache.lucene.analysis.fr.FrenchLightStemmer",2,0.00,26.00,128,2.30,401621.10,2,0,1,3,1,61.35,8,168,1,1,61.12,0.00,0.00,0.00,1,2.00,34,6906.75,0,0,0,java.lang.Object,0.00,1,0,52,0,1,2,0,2,1138,1
"org.apache.lucene.analysis.fr.FrenchMinimalStemFilter",2,0.33,2.00,14,0.16,3794.18,5,3,6,9,8,113.74,9,20,2,4,113.50,0.00,0.75,0.50,0,2.00,3,481.98,0,0,6,org.apache.lucene.analysis.TokenFilter,0.29,7,3,4,0,7,2,0,1,107,2
"org.apache.lucene.analysis.fr.FrenchMinimalStemmer",1,0.00,9.00,12,0.21,12910.63,1,0,0,1,1,60.99,56,17,1,1,97.87,0.00,0.00,0.00,0,1.00,9,621.36,0,0,0,java.lang.Object,0.00,0,0,9,0,0,1,0,4,129,1
"org.apache.lucene.analysis.fr.TestElision",2,0.00,1.50,18,0.26,7176.44,2,0,11,13,6,157.32,3,22,0,4,107.32,0.00,0.75,0.00,1,2.00,2,784.94,0,1,6,org.apache.lucene.analysis.BaseTokenStreamTestCase,0.00,11,3,3,0,11,1,0,1,157,1
"org.apache.lucene.analysis.fr.TestFrenchAnalyzer",8,0.00,1.00,54,0.99,24308.28,8,0,4,12,4,96.68,44,166,0,4,114.55,0.00,0.75,0.00,0,0.00,1,2983.36,2,0,4,org.apache.lucene.analysis.BaseTokenStreamTestCase,0.00,4,3,8,0,4,8,0,25,568,1
"org.apache.lucene.analysis.fr.TestFrenchLightStemFilter",2,0.00,1.00,76,0.99,21025.23,2,0,8,4,5,80.64,9,80,0,4,80.40,0.00,0.75,0.00,0,2.00,1,2971.56,1,0,5,org.apache.lucene.analysis.BaseTokenStreamTestCase,0.00,2,3,2,0,2,2,0,7,458,1
"org.apache.lucene.analysis.fr.TestFrenchLightStemFilter$ReusableAnalyzerBase",1,0.00,1.00,4,0.05,771.22,1,0,8,4,3,125.81,0,7,0,1,125.81,0.00,0.00,0.00,0,1.00,1,141.98,0,1,3,java.lang.Object,0.00,3,0,1,0,3,0,0,0,35,0
"org.apache.lucene.analysis.fr.TestFrenchMinimalStemFilter",2,0.00,1.00,14,0.12,1734.02,2,0,8,4,5,156.23,5,18,0,4,116.34,0.00,0.75,0.00,0,2.00,1,358.00,1,0,5,org.apache.lucene.analysis.BaseTokenStreamTestCase,0.00,2,3,2,0,2,2,0,3,86,1
"org.apache.lucene.analysis.fr.TestFrenchMinimalStemFilter$ReusableAnalyzerBase",1,0.00,1.00,4,0.05,771.22,1,0,8,4,3,125.81,0,7,0,1,125.81,0.00,0.00,0.00,0,1.00,1,141.98,0,1,3,java.lang.Object,0.00,3,0,1,0,3,0,0,0,35,0
"org.apache.lucene.analysis.icu.ICUFoldingFilter",1,0.00,1.00,4,0.06,1088.65,2,1,2,3,3,90.92,42,8,1,5,124.63,0.00,0.80,1.00,0,0.00,1,175.42,0,0,2,org.apache.lucene.analysis.icu.ICUNormalizer2Filter,0.00,2,4,1,0,2,1,0,2,43,2
"org.apache.lucene.analysis.icu.ICUNormalizer2Filter",3,0.00,1.67,18,0.20,3972.84,6,3,6,11,8,73.14,35,25,5,4,117.27,0.33,0.60,0.33,0,4.00,3,590.01,0,0,3,org.apache.lucene.analysis.TokenFilter,0.27,8,3,5,1,8,3,0,3,133,1
"org.apache.lucene.analysis.icu.ICUTransformFilter",2,0.50,2.50,24,0.31,9169.08,6,4,8,12,4,148.97,47,31,1,4,101.70,0.00,0.75,0.50,0,2.00,3,937.17,0,0,3,org.apache.lucene.analysis.TokenFilter,0.29,10,3,5,0,10,2,0,9,192,2
"org.apache.lucene.analysis.icu.ICUTransformFilter$ReplaceableTermAttribute",10,0.15,1.20,37,0.46,13376.22,13,3,8,18,1,128.54,7,51,0,1,128.54,0.00,0.00,0.47,3,0.00,3,1371.29,0,0,1,java.lang.Object,0.00,8,0,12,0,8,10,1,7,322,1
"org.apache.lucene.analysis.icu.RBBIRuleCompiler",3,0.00,3.33,40,0.65,30315.97,3,0,11,30,0,97.87,14,49,0,1,97.64,0.00,0.00,0.00,2,3.00,5,1954.36,0,1,0,java.lang.Object,0.00,27,0,10,0,27,2,0,4,345,1
"org.apache.lucene.analysis.icu.RBBIRuleCompiler$FilenameFilter",1,0.00,1.00,3,0.02,217.60,1,0,11,2,0,134.79,0,3,0,1,134.79,0.00,0.00,0.00,0,1.00,1,68.92,0,0,0,java.lang.Object,0.00,1,0,1,0,1,1,0,0,20,0
"org.apache.lucene.analysis.icu.TestICUFoldingFilter",1,0.00,1.00,14,0.23,5616.50,1,0,6,2,4,69.34,13,16,0,4,98.72,0.00,0.75,0.00,0,1.00,1,681.47,1,0,4,org.apache.lucene.analysis.BaseTokenStreamTestCase,0.00,1,3,1,0,1,1,0,11,132,1
"org.apache.lucene.analysis.icu.TestICUFoldingFilter$Analyzer",1,0.00,1.00,3,0.03,389.68,1,0,6,3,3,132.80,0,6,0,1,132.80,0.00,0.00,0.00,0,1.00,1,97.92,0,1,3,java.lang.Object,0.00,2,0,1,0,2,0,0,0,26,0
"org.apache.lucene.analysis.icu.TestICUNormalizer2Filter",2,0.00,1.00,13,0.17,3524.61,2,0,7,4,4,98.54,10,16,0,4,116.41,0.00,0.75,0.00,0,2.00,1,517.50,1,0,4,org.apache.lucene.analysis.BaseTokenStreamTestCase,0.00,2,3,2,0,2,2,0,8,111,1
"org.apache.lucene.analysis.icu.TestICUNormalizer2Filter$Analyzer",1,0.00,1.00,3,0.03,389.68,1,0,7,3,3,132.80,0,6,0,1,132.80,0.00,0.00,0.00,0,1.00,1,97.92,0,1,3,java.lang.Object,0.00,2,0,1,0,2,0,0,0,26,0
"org.apache.lucene.analysis.icu.TestICUNormalizer2Filter$Analyzer_0",1,0.00,1.00,3,0.05,730.69,1,0,7,4,3,180.65,1,7,0,1,130.65,0.00,0.00,0.00,0,1.00,1,159.30,0,1,3,java.lang.Object,0.00,3,0,1,0,3,0,0,1,37,0
"org.apache.lucene.analysis.icu.TestICUTransformFilter",7,0.00,1.00,31,0.46,7421.07,7,0,7,16,4,174.72,7,46,0,4,124.72,0.00,0.75,0.00,1,7.00,1,1390.44,1,0,4,org.apache.lucene.analysis.BaseTokenStreamTestCase,0.00,9,3,7,0,9,7,0,5,300,1
"org.apache.solr.client.solrj.impl.BinaryRequestWriter",5,0.00,1.80,27,0.30,10008.43,5,0,9,17,7,158.68,10,40,2,2,118.79,0.00,0.50,0.00,0,5.00,3,899.70,2,4,5,org.apache.solr.client.solrj.request.RequestWriter,0.17,12,1,9,0,12,1,0,2,198,1
"org.apache.solr.client.solrj.impl.BinaryRequestWriter$BAOS",1,0.00,1.00,3,0.02,120.56,1,0,9,1,0,136.81,0,5,0,2,136.81,0.00,0.50,0.00,0,1.00,1,47.15,0,0,0,java.io.ByteArrayOutputStream,0.00,0,1,1,0,0,1,0,0,16,0
"org.apache.solr.client.solrj.impl.BinaryRequestWriter$ContentStream",6,0.00,1.00,13,0.09,945.01,6,0,9,11,0,142.47,1,20,0,1,142.47,0.00,0.00,0.00,0,6.00,1,259.04,0,6,0,java.lang.Object,0.00,5,0,6,0,5,0,0,1,76,0
"org.apache.solr.client.solrj.impl.BinaryResponseParser",4,0.00,1.25,11,0.11,2112.82,4,0,7,8,9,188.28,4,18,5,2,138.28,0.00,0.50,0.00,0,4.00,2,339.99,0,4,4,org.apache.solr.client.solrj.ResponseParser,0.50,4,1,5,0,4,0,0,1,83,1
"org.apache.solr.client.solrj.impl.CommonsHttpSolrServer",29,0.01,2.52,210,3.30,295780.06,40,11,42,114,38,75.48,180,303,21,2,107.70,1.00,0.33,0.08,4,287.00,38,9889.07,0,9,17,org.apache.solr.client.solrj.SolrServer,0.00,85,1,73,1,85,20,0,58,1595,1
"org.apache.solr.client.solrj.impl.CommonsHttpSolrServer$Iterator<SolrInputDocument>",3,0.00,1.33,9,0.07,1088.73,3,0,42,8,1,132.98,0,12,0,1,132.98,0.00,0.00,0.00,0,3.00,2,203.06,0,1,1,java.lang.Object,0.00,5,0,4,0,5,2,0,0,57,0
"org.apache.solr.client.solrj.impl.CommonsHttpSolrServer$PartBase",2,0.00,1.00,8,0.09,1457.58,2,0,42,6,0,126.00,0,16,0,1,126.00,0.00,0.00,0.00,0,2.00,1,270.27,0,0,0,java.lang.Object,0.00,4,0,2,0,4,2,0,0,66,0
"org.apache.solr.client.solrj.impl.CommonsHttpSolrServer$RequestEntity",4,0.00,1.00,9,0.07,700.55,4,0,42,6,1,142.10,0,13,0,1,142.10,0.00,0.00,0.00,0,4.00,1,195.43,0,1,1,java.lang.Object,0.00,2,0,4,0,2,3,0,0,56,0
"org.apache.solr.client.solrj.impl.LBHttpSolrServer",16,0.04,2.50,117,1.40,57099.71,25,9,16,60,12,111.53,65,174,3,2,111.29,0.00,0.50,0.15,3,70.00,9,4197.55,1,4,9,org.apache.solr.client.solrj.SolrServer,0.00,44,1,40,0,44,12,0,11,851,1
"org.apache.solr.client.solrj.impl.LBHttpSolrServer$Runnable",1,0.00,3.00,7,0.06,1617.40,1,0,16,3,1,113.95,0,9,0,1,113.95,0.00,0.00,0.00,0,1.00,3,186.38,0,0,1,java.lang.Object,0.00,2,0,3,0,2,1,0,0,44,0
"org.apache.solr.client.solrj.impl.LBHttpSolrServer$ServerWrapper",2,0.25,1.00,8,0.05,583.01,6,4,16,3,1,129.13,1,11,0,1,129.13,0.00,0.00,0.12,0,2.00,1,160.40,0,1,1,java.lang.Object,0.00,1,0,2,0,1,1,0,1,44,2
"org.apache.solr.client.solrj.impl.StreamingUpdateSolrServer",5,0.21,2.60,56,0.79,40668.20,12,7,22,33,9,68.92,32,82,1,3,101.14,0.00,0.67,0.31,1,1.00,8,2356.39,1,1,8,org.apache.solr.client.solrj.impl.CommonsHttpSolrServer,0.00,28,2,13,0,28,4,0,10,431,1
"org.apache.solr.client.solrj.impl.StreamingUpdateSolrServer$Runner",1,0.00,5.00,31,0.42,17734.24,2,1,22,21,0,102.16,3,46,0,1,81.54,0.00,0.00,1.00,0,0.00,5,1254.64,0,0,0,java.lang.Object,0.00,20,0,5,0,20,1,1,3,213,0
"org.apache.solr.client.solrj.impl.StreamingUpdateSolrServer$Runner$RequestEntity",4,0.00,2.50,30,0.40,16920.58,4,0,22,13,4,110.71,3,38,0,1,110.71,0.00,0.00,0.00,0,6.00,7,1192.43,0,1,4,java.lang.Object,0.00,9,0,10,0,9,3,0,3,217,0
"org.apache.solr.client.solrj.impl.XMLResponseParser",5,0.38,3.00,46,0.59,28499.24,7,2,19,13,10,126.19,19,80,3,2,105.58,0.00,0.50,0.20,1,7.00,9,1765.50,0,4,7,org.apache.solr.client.solrj.ResponseParser,0.22,8,1,15,0,8,1,0,13,341,1
"org.apache.solr.client.solrj.impl.XMLResponseParser$KnownType",15,1.00,4.13,203,3.16,691226.07,16,1,19,60,5,142.40,27,240,0,1,92.40,0.00,0.00,0.00,0,15.00,47,9471.28,0,14,5,java.lang.Object,0.00,45,0,62,0,45,1,0,19,1475,1
"org.apache.lucene.analysis.ru.Deprecated",2,0.00,1.00,9,0.12,2023.94,2,0,4,4,2,164.76,4,15,0,4,124.88,0.00,0.75,0.00,0,2.00,1,366.29,1,0,2,org.apache.lucene.analysis.BaseTokenStreamTestCase,0.00,2,3,2,0,2,2,0,1,83,1
"org.apache.lucene.analysis.ru.Deprecated$ReusableAnalyzerBase",1,0.00,1.00,4,0.05,753.46,1,0,9,4,2,125.89,0,7,0,1,125.89,0.00,0.00,0.00,0,1.00,1,135.44,0,1,2,java.lang.Object,0.00,3,0,1,0,3,0,0,0,34,0
"org.apache.lucene.analysis.ru.RussianAnalyzer",7,0.33,2.29,35,0.80,23235.27,10,3,18,23,15,68.90,62,65,1,4,117.01,0.00,0.75,0.05,0,12.00,4,2410.07,0,2,14,org.apache.lucene.analysis.StopwordAnalyzerBase,0.00,16,3,16,0,16,5,0,9,435,2
"org.apache.lucene.analysis.ru.RussianAnalyzer$DefaultSetHolder",0,0.00,0.00,7,0.11,2379.54,2,2,18,3,4,171.00,3,15,0,1,171.00,0.00,0.00,0.00,0,0.00,0,316.83,0,0,4,java.lang.Object,0.00,3,0,0,0,3,0,0,3,69,2
"org.apache.lucene.analysis.ru.RussianLightStemFilter",2,0.33,2.00,14,0.16,3794.18,5,3,6,9,8,113.74,9,20,2,4,113.50,0.00,0.75,0.50,0,2.00,3,481.98,0,0,6,org.apache.lucene.analysis.TokenFilter,0.29,7,3,4,0,7,2,0,1,107,2
"org.apache.lucene.analysis.ru.RussianLightStemmer",3,0.00,3.67,16,0.90,58382.96,3,0,1,4,1,150.74,7,83,1,1,110.85,0.00,0.00,0.00,1,3.00,6,2714.52,0,0,0,java.lang.Object,0.00,1,0,11,0,1,3,0,1,454,1
"org.apache.lucene.analysis.ru.TestRussianAnalyzer",5,0.38,1.60,36,0.55,15670.15,7,2,8,21,7,161.84,9,65,0,4,111.84,0.00,0.75,0.20,0,0.00,4,1649.01,2,0,7,org.apache.lucene.analysis.BaseTokenStreamTestCase,0.00,16,3,8,0,16,5,0,4,321,1
"org.apache.lucene.analysis.ru.TestRussianLightStemFilter",1,0.00,1.00,5,0.04,412.90,1,0,8,3,5,124.56,4,8,0,4,124.33,0.00,0.75,0.00,0,1.00,1,116.42,0,0,5,org.apache.lucene.analysis.BaseTokenStreamTestCase,0.00,2,3,1,0,2,1,0,2,31,1
"org.apache.lucene.analysis.ru.TestRussianLightStemFilter$ReusableAnalyzerBase",1,0.00,1.00,4,0.05,771.22,1,0,8,4,3,125.81,0,7,0,1,125.81,0.00,0.00,0.00,0,1.00,1,141.98,0,1,3,java.lang.Object,0.00,3,0,1,0,3,0,0,0,35,0
"org.apache.lucene.queryParser.CharStream",12,0.00,1.00,13,0.06,250.78,12,0,0,12,4,128.38,79,14,4,1,160.60,0.00,0.00,0.00,0,12.00,1,172.56,0,1,0,,0.00,0,0,12,0,0,11,0,13,70,1
"org.apache.lucene.queryParser.FastCharStream",14,0.14,1.43,56,0.55,20446.20,20,6,1,20,2,173.54,17,80,1,1,123.54,0.00,0.00,0.30,2,2.00,5,1644.78,0,1,1,java.lang.Object,0.00,6,0,20,0,6,13,1,13,372,2
"org.apache.lucene.queryParser.MultiFieldQueryParser",12,0.18,3.58,128,2.03,115500.53,14,2,10,26,13,57.91,141,167,4,2,102.04,0.00,0.50,0.33,5,12.00,7,6080.58,6,9,9,org.apache.lucene.queryParser.QueryParser,0.00,14,1,43,0,14,3,0,15,1124,1
"org.apache.lucene.queryParser.ParseException",5,0.30,3.20,92,1.07,80794.24,10,5,0,14,110,61.39,69,112,109,2,90.77,0.00,0.50,0.44,0,0.00,10,3210.28,1,2,1,java.lang.Exception,0.00,9,1,16,0,9,3,0,11,572,1
"org.apache.lucene.queryParser.QueryParser",80,0.02,3.86,910,12.26,1278516.53,126,46,33,183,102,80.87,479,1200,75,1,98.74,0.00,0.00,0.04,28,3500.00,56,36789.85,0,37,28,java.lang.Object,0.00,103,0,309,9,103,43,1,135,6444,1
"org.apache.lucene.queryParser.QueryParser$JJCalls",0,0.00,0.00,5,0.03,253.51,4,4,33,0,1,171.00,0,6,0,1,171.00,0.00,0.00,0.00,0,0.00,0,78.87,0,0,1,java.lang.Object,0.00,0,0,0,0,0,0,0,0,22,2
"org.apache.lucene.queryParser.QueryParser$LookaheadSuccess",0,0.00,0.00,1,0.01,145.30,0,0,33,0,0,171.00,0,1,0,2,171.00,0.00,0.50,0.00,0,0.00,0,41.51,0,0,0,java.lang.Error,0.00,0,1,0,0,0,0,0,0,12,3
"org.apache.lucene.queryParser.QueryParser$Operator",0,0.00,0.00,2,0.01,39.30,0,0,33,0,1,171.00,0,1,0,1,171.00,0.00,0.00,0.00,0,0.00,0,19.65,0,0,1,java.lang.Object,0.00,0,0,0,0,0,0,1,0,7,2
"org.apache.lucene.queryParser.QueryParserConstants",0,0.00,0.00,39,0.61,7584.55,38,38,0,0,3,171.00,42,75,3,1,171.00,0.00,0.00,0.00,0,0.00,0,1827.81,0,0,0,,0.00,0,0,0,0,0,0,0,39,268,1
"org.apache.lucene.queryParser.QueryParserTokenManager",36,0.07,10.22,684,10.26,1947760.89,57,21,33,46,26,85.49,12,1194,2,1,85.49,0.00,0.00,0.11,19,340.00,185,30788.13,0,2,24,java.lang.Object,0.00,10,0,368,0,10,34,1,12,4961,1
"org.apache.lucene.queryParser.SuppressWarnings",6,0.20,1.50,48,0.66,33774.42,11,5,0,14,0,59.58,51,72,0,2,107.69,0.00,0.50,0.03,1,10.00,3,1967.96,1,3,0,java.lang.Error,0.00,8,1,9,0,8,3,0,14,375,1
"org.apache.lucene.queryParser.TestMultiAnalyzer",3,1.00,1.00,47,0.90,25668.49,4,1,14,15,13,47.69,32,60,0,4,96.16,0.00,0.75,0.00,0,4.00,1,2687.39,0,0,13,org.apache.lucene.analysis.BaseTokenStreamTestCase,0.00,12,3,3,0,12,3,0,18,490,1
"org.apache.lucene.queryParser.TestMultiAnalyzer$DumbQueryParser",3,0.00,1.00,7,0.08,1096.95,3,0,14,4,4,139.59,2,14,0,2,139.59,0.00,0.50,0.00,1,3.00,1,240.67,1,2,4,org.apache.lucene.queryParser.QueryParser,0.00,1,1,3,0,1,1,0,2,64,3
"org.apache.lucene.queryParser.TestMultiAnalyzer$DumbQueryWrapper",2,1.00,1.00,7,0.05,803.42,3,1,14,3,1,132.70,0,11,0,2,132.70,0.00,0.50,0.50,0,2.00,1,156.02,0,1,1,org.apache.lucene.search.Query,0.00,1,1,2,0,1,1,0,0,45,3
"org.apache.lucene.queryParser.TestMultiAnalyzer$MultiAnalyzer",2,0.00,1.00,7,0.06,1137.91,2,0,14,5,4,131.51,0,11,0,2,131.51,0.00,0.50,0.00,0,2.00,1,187.74,0,1,4,org.apache.lucene.analysis.Analyzer,0.00,3,1,2,0,3,1,0,0,48,1
"org.apache.lucene.queryParser.TestMultiAnalyzer$PosIncrementAnalyzer",2,0.00,1.00,7,0.06,1137.91,2,0,14,5,4,131.51,0,11,0,2,131.51,0.00,0.50,0.00,0,2.00,1,187.74,0,1,4,org.apache.lucene.analysis.Analyzer,0.00,3,1,2,0,3,1,0,0,48,1
"org.apache.lucene.queryParser.TestMultiAnalyzer$TestFilter",2,1.29,3.00,38,0.38,12412.26,9,7,14,12,5,93.18,0,45,0,4,93.18,0.00,0.75,0.79,0,0.00,5,1144.21,0,0,5,org.apache.lucene.analysis.TokenFilter,0.29,10,3,6,0,10,2,0,0,221,2
"org.apache.lucene.queryParser.TestMultiAnalyzer$TestPosIncrementFilter",2,1.00,2.50,17,0.17,3508.76,4,2,14,5,3,111.56,1,23,0,4,111.56,0.00,0.75,1.00,0,0.00,4,495.03,0,0,3,org.apache.lucene.analysis.TokenFilter,0.29,3,3,5,0,3,2,0,1,110,2
"org.apache.lucene.queryParser.TestMultiFieldQueryParser",11,0.00,1.45,168,2.79,96208.32,11,0,19,35,17,135.89,25,190,0,3,96.00,0.00,0.67,0.00,1,0.00,2,8356.29,0,0,17,org.apache.lucene.util.LuceneTestCase,0.00,24,2,16,0,24,11,0,20,1525,1
"org.apache.lucene.queryParser.TestMultiFieldQueryParser$AnalyzerReturningNull",2,1.00,1.50,9,0.09,1623.76,3,1,19,6,3,125.54,0,16,0,2,125.54,0.00,0.50,0.50,0,2.00,2,257.73,0,1,3,org.apache.lucene.analysis.Analyzer,0.00,4,1,3,0,4,1,0,0,63,2
"org.apache.lucene.queryParser.TestMultiFieldQueryParser$AnalyzerReturningNull$EmptyTokenStream",1,0.00,1.00,3,0.02,244.87,1,0,19,1,1,134.39,0,6,0,3,134.39,0.00,0.67,0.00,0,1.00,1,66.26,0,0,1,org.apache.lucene.analysis.TokenStream,0.33,0,2,1,0,0,1,0,0,20,2
"org.apache.lucene.queryParser.TestQueryParser",51,0.48,1.39,553,8.10,247269.14,53,2,47,130,38,144.48,108,689,0,4,104.60,0.33,0.60,0.03,13,498.00,3,24310.48,2,8,38,org.apache.lucene.util.LocalizedTestCase,0.11,79,3,71,1,79,43,0,80,4531,1
"org.apache.lucene.queryParser.TestQueryParser$QPTestAnalyzer",1,0.00,1.00,3,0.04,511.63,1,0,47,3,3,181.87,1,6,0,2,131.87,0.00,0.50,0.00,0,1.00,1,113.92,0,1,3,org.apache.lucene.analysis.Analyzer,0.00,2,1,1,0,2,0,0,1,30,3
"org.apache.lucene.queryParser.TestQueryParser$QPTestFilter",2,1.00,3.00,25,0.26,8051.82,7,5,47,8,3,141.99,4,32,0,4,102.10,0.00,0.75,0.70,0,0.00,5,783.13,0,0,3,org.apache.lucene.analysis.TokenFilter,0.29,6,3,6,0,6,2,0,1,163,3
"org.apache.lucene.queryParser.TestQueryParser$QPTestParser",3,0.00,1.00,7,0.08,1090.71,3,0,47,4,4,139.61,0,13,0,2,139.61,0.00,0.50,0.00,0,3.00,1,239.82,0,2,4,org.apache.lucene.queryParser.QueryParser,0.00,1,1,3,0,1,1,0,0,63,2
"org.apache.lucene.queryParser.TestQueryParser$WhitespaceAnalyzer",3,0.00,1.00,10,0.13,2690.21,3,0,47,5,4,129.95,2,16,0,1,129.95,0.00,0.00,0.00,0,3.00,1,398.55,1,3,4,java.lang.Object,0.00,2,0,3,0,2,0,0,2,92,0
"org.apache.lucene.queryParser.Token",7,0.12,1.00,24,0.16,1989.42,15,8,0,8,6,83.88,67,38,6,1,133.88,0.00,0.00,0.02,1,12.00,1,468.86,0,4,0,java.lang.Object,0.00,1,0,7,0,1,3,0,15,131,1
"org.apache.lucene.benchmark.BenchmarkTestCase",7,0.42,1.57,42,0.48,14526.00,9,2,8,25,9,165.75,7,52,7,3,115.75,3.50,0.20,0.14,3,12.00,3,1442.44,0,5,2,org.apache.lucene.util.LuceneTestCase,0.00,18,2,11,7,18,2,0,7,316,2
"org.apache.lucene.benchmark.Constants",0,0.00,0.00,6,0.09,2063.23,5,5,0,0,2,171.00,19,8,2,1,171.00,0.00,0.00,0.00,0,0.00,0,275.10,0,0,0,java.lang.Object,0.00,0,0,0,0,0,0,0,2,60,1
"org.apache.lucene.queryParser.ext.ExtendableQueryParser",4,0.11,1.25,18,0.26,7472.79,7,3,6,10,9,149.01,77,31,1,2,122.73,0.00,0.50,0.25,0,10.00,2,788.23,1,1,8,org.apache.lucene.queryParser.QueryParser,0.00,6,1,5,0,6,3,0,5,172,1
"org.apache.lucene.queryParser.ext.ExtensionQuery",4,0.11,1.00,14,0.08,1166.53,7,3,1,4,4,89.66,46,19,3,1,133.79,0.00,0.00,0.25,0,10.00,1,254.48,0,3,1,java.lang.Object,0.00,0,0,4,0,0,1,0,6,74,1
"org.apache.lucene.queryParser.ext.ExtensionStub",1,0.00,1.00,3,0.04,713.22,1,0,4,5,8,130.26,16,7,2,2,130.73,0.00,0.50,0.00,0,1.00,1,130.55,0,1,6,org.apache.lucene.queryParser.ext.ParserExtension,0.00,4,1,1,0,4,0,0,1,33,0
"org.apache.lucene.queryParser.ext.Extensions",9,0.29,1.22,30,0.36,12585.20,12,3,3,19,5,99.00,122,43,3,1,128.39,0.00,0.00,0.07,2,23.00,3,1084.84,0,4,2,java.lang.Object,0.00,10,0,11,0,10,5,0,12,255,1
"org.apache.lucene.queryParser.ext.Extensions$Pair",1,2.00,1.00,6,0.05,829.52,3,2,3,1,0,70.88,8,8,0,1,118.99,0.00,0.00,0.00,0,1.00,1,149.41,0,0,0,java.lang.Object,0.00,0,0,1,0,0,1,0,1,41,2
"org.apache.lucene.queryParser.ext.ParserExtension",1,0.00,1.00,2,0.02,137.38,1,0,3,1,8,192.93,25,3,4,1,142.94,0.00,0.00,0.00,0,1.00,1,49.66,0,1,4,java.lang.Object,0.00,0,0,1,1,0,0,0,2,16,2
"org.apache.lucene.queryParser.ext.TestExtendableQueryParser",8,0.71,1.75,74,1.12,41996.81,9,1,9,26,12,105.98,3,94,0,5,105.98,0.00,0.80,0.38,2,20.00,3,3348.99,0,3,12,org.apache.lucene.queryParser.TestQueryParser,0.00,18,4,14,0,18,5,0,1,619,1
"org.apache.lucene.queryParser.ext.TestExtensions",6,0.20,1.17,33,0.35,6806.97,7,1,1,17,4,120.84,4,45,0,3,120.84,0.00,0.67,0.83,0,0.00,2,1047.08,1,0,4,org.apache.lucene.util.LuceneTestCase,0.17,11,2,7,0,11,6,0,2,250,1
"org.apache.lucene.analysis.fi.FinnishAnalyzer",5,0.50,1.80,21,0.29,6976.19,7,2,17,16,15,75.54,42,31,1,4,123.64,0.00,0.75,0.10,0,8.00,3,861.43,0,2,14,org.apache.lucene.analysis.StopwordAnalyzerBase,0.00,11,3,9,0,11,3,0,8,191,2
"org.apache.lucene.analysis.fi.FinnishAnalyzer$DefaultSetHolder",0,0.00,0.00,6,0.05,843.89,1,1,17,0,2,171.00,2,11,0,1,171.00,0.00,0.00,0.00,0,0.00,0,162.56,0,0,2,java.lang.Object,0.00,0,0,0,0,0,0,0,2,40,2
"org.apache.lucene.analysis.fi.FinnishLightStemFilter",2,0.33,2.00,14,0.16,3794.18,5,3,6,9,8,113.74,9,20,2,4,113.50,0.00,0.75,0.50,0,2.00,3,481.98,0,0,6,org.apache.lucene.analysis.TokenFilter,0.29,7,3,4,0,7,2,0,1,107,2
"org.apache.lucene.analysis.fi.FinnishLightStemmer",7,0.00,7.57,87,1.54,105769.25,7,0,1,8,1,147.37,8,162,1,1,97.37,0.00,0.00,0.00,0,7.00,20,4626.21,0,0,0,java.lang.Object,0.00,1,0,53,0,1,7,0,2,880,1
"org.apache.lucene.analysis.fi.TestFinnishAnalyzer",3,0.00,1.00,14,0.15,2836.17,3,0,5,7,3,164.99,6,19,0,4,125.11,0.00,0.75,0.00,0,0.00,1,450.25,2,0,3,org.apache.lucene.analysis.BaseTokenStreamTestCase,0.00,4,3,3,0,4,3,0,5,103,1
"org.apache.lucene.analysis.fi.TestFinnishLightStemFilter",1,0.00,1.00,5,0.04,412.90,1,0,8,3,5,124.56,4,8,0,4,124.33,0.00,0.75,0.00,0,1.00,1,116.42,0,0,5,org.apache.lucene.analysis.BaseTokenStreamTestCase,0.00,2,3,1,0,2,1,0,2,31,1
"org.apache.lucene.analysis.fi.TestFinnishLightStemFilter$ReusableAnalyzerBase",1,0.00,1.00,4,0.05,771.22,1,0,8,4,3,125.81,0,7,0,1,125.81,0.00,0.00,0.00,0,1.00,1,141.98,0,1,3,java.lang.Object,0.00,3,0,1,0,3,0,0,0,35,0
"org.apache.solr.client.solrj.response.AnalysisResponseBase",2,0.00,2.50,24,0.36,12765.49,2,0,4,11,6,126.80,64,27,4,3,100.57,1.00,0.40,0.00,1,2.00,3,1091.02,0,1,2,org.apache.solr.client.solrj.response.SolrResponseBase,0.00,9,2,5,2,9,1,0,6,218,1
"org.apache.solr.client.solrj.response.AnalysisResponseBase$AnalysisPhase",4,0.17,1.00,11,0.08,1212.46,6,2,4,6,0,180.11,10,16,0,1,140.23,0.00,0.00,0.38,0,6.00,1,252.34,0,2,0,java.lang.Object,0.00,2,0,4,0,2,2,0,2,69,2
"org.apache.solr.client.solrj.response.AnalysisResponseBase$TokenInfo",8,0.02,1.00,30,0.20,3164.09,15,7,4,8,0,100.53,51,39,0,1,132.75,0.00,0.00,0.12,0,50.00,1,605.15,0,3,0,java.lang.Object,0.00,0,0,8,0,0,5,0,8,162,2
"org.apache.solr.client.solrj.response.CoreAdminResponse",4,0.00,1.50,15,0.17,3749.11,4,0,2,6,5,179.71,5,28,3,3,129.71,0.00,0.67,0.00,1,4.00,2,522.91,1,4,2,org.apache.solr.client.solrj.response.SolrResponseBase,0.00,2,2,6,0,2,0,0,1,125,1
"org.apache.solr.client.solrj.response.DocumentAnalysisResponse",4,0.00,2.00,34,0.60,31233.46,5,1,5,23,4,56.50,37,41,2,4,106.50,0.00,0.75,1.00,0,0.00,5,1812.48,2,1,2,org.apache.solr.client.solrj.response.AnalysisResponseBase,0.00,19,3,8,0,19,3,1,8,342,1
"org.apache.solr.client.solrj.response.DocumentAnalysisResponse$DocumentAnalysis",6,0.10,1.00,15,0.16,3192.78,8,2,5,13,0,178.19,15,22,0,1,138.30,0.00,0.00,0.42,0,2.00,1,479.96,0,2,0,java.lang.Object,0.00,7,0,6,0,7,4,1,3,124,2
"org.apache.solr.client.solrj.response.DocumentAnalysisResponse$FieldAnalysis",10,0.07,1.10,24,0.26,4328.00,13,3,5,16,0,139.22,43,35,0,1,138.99,0.00,0.00,0.27,0,30.00,2,767.08,0,1,0,java.lang.Object,0.00,6,0,11,0,6,9,0,7,197,2
"org.apache.solr.client.solrj.response.DocumentAnalysisResponseTest",2,0.00,1.00,83,1.23,71205.11,2,0,7,24,4,42.78,12,87,0,3,75.00,0.00,0.67,0.00,1,2.00,1,3698.68,0,1,4,org.apache.lucene.util.LuceneTestCase,0.00,22,2,2,0,22,1,0,5,649,1
"org.apache.solr.client.solrj.response.DocumentAnalysisResponseTest$DocumentAnalysisResponse",1,0.00,1.00,3,0.03,354.00,1,0,7,1,1,133.13,0,5,0,1,133.13,0.00,0.00,0.00,0,1.00,1,84.00,0,1,1,java.lang.Object,0.00,0,0,1,0,0,0,0,0,23,0
"org.apache.solr.client.solrj.response.FacetField",11,0.10,1.55,41,0.39,9471.21,15,4,5,16,4,169.88,24,66,3,1,129.99,0.00,0.00,0.34,0,6.00,4,1178.27,0,6,1,java.lang.Object,0.00,5,0,17,0,5,5,1,6,279,1
"org.apache.solr.client.solrj.response.FacetField$Count",8,0.19,1.12,24,0.19,2351.93,11,3,5,11,2,133.74,1,42,0,1,133.74,0.00,0.00,0.50,0,0.00,2,562.63,0,3,2,java.lang.Object,0.00,3,0,9,0,3,5,1,1,149,2
"org.apache.solr.client.solrj.response.FieldAnalysisResponse",7,0.08,1.57,45,0.74,45448.89,9,2,4,18,3,69.56,49,54,1,4,111.85,0.00,0.75,0.57,0,0.00,5,2208.38,1,0,2,org.apache.solr.client.solrj.response.AnalysisResponseBase,0.00,11,3,11,0,11,7,0,10,427,1
"org.apache.solr.client.solrj.response.FieldAnalysisResponse$Analysis",7,0.25,1.14,16,0.13,1892.96,9,2,4,8,0,140.82,29,24,0,1,140.59,0.00,0.00,0.29,0,19.00,2,392.19,0,0,0,java.lang.Object,0.00,1,0,8,0,1,7,0,5,108,2
"org.apache.solr.client.solrj.response.FieldStatsInfo",11,0.16,2.73,85,1.15,61144.71,21,10,6,28,3,109.75,6,114,2,1,109.75,0.00,0.00,0.25,0,38.00,13,3454.00,0,10,1,java.lang.Object,0.00,17,0,30,0,17,1,1,1,643,1
"org.apache.solr.client.solrj.response.LukeResponse",10,0.07,2.00,51,0.72,39048.49,13,3,4,23,5,166.48,10,68,2,3,116.48,0.00,0.67,0.40,0,6.00,7,2148.72,1,9,3,org.apache.solr.client.solrj.response.SolrResponseBase,0.00,13,2,20,0,13,1,0,5,441,1
"org.apache.solr.client.solrj.response.LukeResponse$FieldInfo",11,0.06,1.91,55,0.61,22289.17,19,8,4,18,2,118.74,0,69,0,1,118.74,0.00,0.00,0.18,0,69.00,9,1828.57,0,6,2,java.lang.Object,0.00,7,0,21,0,7,5,1,0,381,2
"org.apache.solr.client.solrj.response.LukeResponse$FieldTypeInfo",7,0.10,1.71,32,0.38,14455.64,12,5,4,14,1,162.20,20,59,0,1,122.31,0.00,0.00,0.29,0,18.00,6,1132.28,0,4,1,java.lang.Object,0.00,7,0,12,0,7,3,1,1,236,2
"org.apache.solr.client.solrj.response.QueryResponseTest",1,0.00,2.00,13,0.16,5888.80,1,0,9,9,3,49.60,9,16,0,3,99.60,0.00,0.67,0.00,0,1.00,2,482.58,0,0,3,org.apache.lucene.util.LuceneTestCase,0.00,8,2,2,0,8,1,0,5,95,1
"org.apache.solr.client.solrj.response.SolrPingResponse",0,0.00,0.00,1,0.01,31.02,0,0,1,0,4,171.00,6,3,2,3,171.00,0.00,0.67,0.00,0,0.00,0,15.51,0,0,2,org.apache.solr.client.solrj.response.SolrResponseBase,0.00,0,2,0,0,0,0,0,2,6,1
"org.apache.solr.client.solrj.response.SolrResponseBase",10,0.19,1.20,32,0.26,4091.12,13,3,2,12,8,132.59,6,52,6,2,132.59,7.00,0.11,0.17,1,38.00,2,779.28,0,4,2,org.apache.solr.client.solrj.SolrResponse,0.31,2,1,12,7,2,6,0,2,199,1
"org.apache.solr.client.solrj.response.SpellCheckResponse",7,0.12,1.71,38,0.44,15390.45,11,4,5,20,3,118.48,6,46,2,1,118.48,0.00,0.00,0.36,0,6.00,5,1321.48,0,4,1,java.lang.Object,0.00,13,0,12,0,13,3,0,1,279,1
"org.apache.solr.client.solrj.response.SpellCheckResponse$Suggestion",10,0.08,1.80,51,0.58,27257.89,17,7,5,19,1,117.74,5,64,0,1,117.74,0.00,0.00,0.21,0,50.00,9,1728.41,0,5,1,java.lang.Object,0.00,9,0,18,0,9,5,0,5,351,2
"org.apache.solr.client.solrj.response.SuppressWarnings",4,0.00,1.50,56,0.82,30313.70,4,0,6,27,3,118.22,13,62,0,3,97.60,0.00,0.67,0.00,1,4.00,2,2447.72,0,1,3,org.apache.lucene.util.LuceneTestCase,0.00,23,2,6,0,23,3,0,4,463,1
"org.apache.solr.client.solrj.response.SuppressWarnings$AnalysisResponseBase",1,0.00,1.00,3,0.02,175.12,1,0,6,1,1,135.54,0,5,0,1,135.54,0.00,0.00,0.00,0,1.00,1,54.60,0,1,1,java.lang.Object,0.00,0,0,1,0,0,0,0,0,17,0
"org.apache.solr.client.solrj.response.SuppressWarnings$FieldAnalysisResponse",1,0.00,1.00,3,0.03,354.00,1,0,7,1,1,133.13,0,5,0,1,133.13,0.00,0.00,0.00,0,1.00,1,84.00,0,1,1,java.lang.Object,0.00,0,0,1,0,0,0,0,0,23,0
"org.apache.solr.client.solrj.response.TermsResponse",3,0.00,1.67,22,0.29,9141.21,4,1,5,14,3,151.81,8,22,2,1,111.92,0.00,0.00,1.00,0,0.00,3,860.62,0,2,1,java.lang.Object,0.00,11,0,5,0,11,1,0,2,182,1
"org.apache.solr.client.solrj.response.TermsResponse$Term",6,0.40,1.00,16,0.10,1236.68,8,2,5,6,0,141.55,0,23,0,1,141.55,0.00,0.00,0.17,0,14.00,1,306.51,0,1,0,java.lang.Object,0.00,0,0,6,0,0,5,0,0,90,2
"org.apache.solr.client.solrj.response.TermsResponseTest",2,0.00,1.00,24,0.35,10369.45,2,0,12,24,7,151.49,3,29,0,4,101.49,0.00,0.75,0.00,0,2.00,1,1053.20,2,0,7,org.apache.solr.client.solrj.SolrJettyTestBase,0.00,22,3,2,0,22,2,0,1,191,1
"org.apache.solr.client.solrj.response.TestSpellCheckResponse",3,0.50,1.00,45,0.80,26851.97,4,1,12,28,7,116.62,11,52,0,4,96.01,0.00,0.75,0.67,0,2.00,1,2387.54,2,0,7,org.apache.solr.client.solrj.SolrJettyTestBase,0.00,25,3,3,0,25,3,0,6,417,1
"org.apache.solr.client.solrj.response.UpdateResponse",0,0.00,0.00,1,0.01,31.02,0,0,1,0,12,171.00,7,3,10,3,171.00,0.00,0.67,0.00,0,0.00,0,15.51,0,0,2,org.apache.solr.client.solrj.response.SolrResponseBase,0.00,0,2,0,0,0,0,0,2,6,1
"org.apache.lucene.queryParser.standard.Deprecated",45,0.10,1.44,149,1.92,45297.98,54,9,34,78,28,179.47,70,241,0,1,129.47,0.00,0.00,0.01,11,252.00,4,5767.80,0,20,28,java.lang.Object,0.00,33,0,65,0,33,25,0,18,1324,1
"org.apache.lucene.queryParser.standard.Deprecated$Operator",0,0.00,0.00,2,0.01,39.30,0,0,34,0,0,171.00,0,1,0,1,171.00,0.00,0.00,0.00,0,0.00,0,19.65,0,0,0,java.lang.Object,0.00,0,0,0,0,0,0,0,0,7,2
"org.apache.lucene.queryParser.standard.QueryParserUtil",4,0.00,3.75,51,0.95,62552.95,4,0,5,15,8,146.90,105,65,2,1,97.41,0.00,0.00,0.00,0,4.00,4,2837.52,0,4,6,java.lang.Object,0.00,11,0,15,0,11,0,0,9,511,2
"org.apache.lucene.queryParser.standard.StandardQueryParser",30,0.00,1.07,93,1.01,16465.74,30,0,32,64,31,99.39,208,131,5,2,131.61,1.00,0.33,0.00,1,30.00,2,3030.80,2,7,26,org.apache.lucene.queryParser.core.QueryParserHelper,0.00,34,1,32,1,34,23,0,24,761,1
"org.apache.lucene.queryParser.standard.TestMultiAnalyzerQPHelper",2,1.00,1.00,41,0.83,28304.48,3,1,13,11,12,129.08,43,62,0,3,89.78,0.00,0.67,0.00,0,2.00,1,2480.96,0,0,12,org.apache.lucene.util.LuceneTestCase,0.00,9,2,2,0,9,2,0,31,441,1
"org.apache.lucene.queryParser.standard.TestMultiAnalyzerQPHelper$MultiAnalyzer",2,0.00,1.00,7,0.06,1222.91,2,0,13,5,4,131.26,0,11,0,2,131.26,0.00,0.50,0.00,0,2.00,1,192.06,0,1,4,org.apache.lucene.analysis.Analyzer,0.00,3,1,2,0,3,1,0,0,49,1
"org.apache.lucene.queryParser.standard.TestMultiAnalyzerQPHelper$PosIncrementAnalyzer",2,0.00,1.00,7,0.06,1222.91,2,0,13,5,4,131.26,0,11,0,2,131.26,0.00,0.50,0.00,0,2.00,1,192.06,0,1,4,org.apache.lucene.analysis.Analyzer,0.00,3,1,2,0,3,1,0,0,49,1
"org.apache.lucene.queryParser.standard.TestMultiAnalyzerQPHelper$TestFilter",2,0.71,3.00,34,0.39,13471.45,9,7,13,13,6,94.70,0,41,0,4,94.70,0.00,0.75,0.50,0,2.00,5,1171.90,0,0,6,org.apache.lucene.analysis.TokenFilter,0.29,11,3,6,0,11,2,0,0,224,2
"org.apache.lucene.queryParser.standard.TestMultiAnalyzerQPHelper$TestPosIncrementFilter",2,0.00,2.50,15,0.16,3738.22,4,2,13,5,4,113.50,1,21,0,4,113.50,0.00,0.75,0.50,0,2.00,4,483.67,0,0,4,org.apache.lucene.analysis.TokenFilter,0.29,3,3,5,0,3,2,0,1,108,1
"org.apache.lucene.queryParser.standard.TestMultiAnalyzerWrapper",2,1.00,1.00,39,0.76,23378.89,3,1,12,10,11,135.21,44,57,0,3,91.27,0.00,0.67,0.00,0,2.00,1,2269.87,0,0,11,org.apache.lucene.util.LuceneTestCase,0.00,8,2,2,0,8,2,0,31,407,1
"org.apache.lucene.queryParser.standard.TestMultiAnalyzerWrapper$MultiAnalyzer",2,0.00,1.00,7,0.06,1222.91,2,0,12,5,4,131.26,0,11,0,2,131.26,0.00,0.50,0.00,0,2.00,1,192.06,0,1,4,org.apache.lucene.analysis.Analyzer,0.00,3,1,2,0,3,1,0,0,49,1
"org.apache.lucene.queryParser.standard.TestMultiAnalyzerWrapper$PosIncrementAnalyzer",2,0.00,1.00,7,0.06,1222.91,2,0,12,5,4,131.26,0,11,0,2,131.26,0.00,0.50,0.00,0,2.00,1,192.06,0,1,4,org.apache.lucene.analysis.Analyzer,0.00,3,1,2,0,3,1,0,0,49,1
"org.apache.lucene.queryParser.standard.TestMultiAnalyzerWrapper$TestFilter",2,0.71,3.00,34,0.39,13471.45,9,7,12,13,6,94.70,0,41,0,4,94.70,0.00,0.75,0.50,0,2.00,5,1171.90,0,0,6,org.apache.lucene.analysis.TokenFilter,0.29,11,3,6,0,11,2,0,0,224,2
"org.apache.lucene.queryParser.standard.TestMultiAnalyzerWrapper$TestPosIncrementFilter",2,0.00,2.50,15,0.16,3738.22,4,2,12,5,4,113.50,1,21,0,4,113.50,0.00,0.75,0.50,0,2.00,4,483.67,0,0,4,org.apache.lucene.analysis.TokenFilter,0.29,3,3,5,0,3,2,0,1,108,1
"org.apache.lucene.queryParser.standard.TestMultiFieldQPHelper",11,0.00,1.45,182,2.98,103735.58,11,0,21,38,17,134.58,32,221,0,3,94.70,0.00,0.67,0.00,1,0.00,2,8933.37,1,0,17,org.apache.lucene.util.LuceneTestCase,0.00,27,2,16,0,27,11,0,22,1610,1
"org.apache.lucene.queryParser.standard.TestMultiFieldQPHelper$AnalyzerReturningNull",2,1.00,1.50,9,0.09,1713.97,3,1,21,6,3,125.35,0,16,0,2,125.35,0.00,0.50,0.50,0,2.00,2,263.92,0,1,3,org.apache.lucene.analysis.Analyzer,0.00,4,1,3,0,4,1,0,0,64,3
"org.apache.lucene.queryParser.standard.TestMultiFieldQPHelper$AnalyzerReturningNull$EmptyTokenStream",1,0.00,1.00,3,0.02,186.16,1,0,21,1,1,135.33,0,6,0,3,135.33,0.00,0.67,0.00,0,1.00,1,56.19,0,0,1,org.apache.lucene.analysis.TokenStream,0.33,0,2,1,0,0,1,0,0,18,2
"org.apache.lucene.queryParser.standard.TestMultiFieldQueryParserWrapper",11,0.00,1.45,168,2.75,93425.76,11,0,20,36,14,116.72,34,221,0,3,96.10,0.00,0.67,0.00,1,0.00,2,8244.97,1,0,14,org.apache.lucene.util.LuceneTestCase,0.00,25,2,16,0,25,11,0,23,1503,1
"org.apache.lucene.queryParser.standard.TestMultiFieldQueryParserWrapper$AnalyzerReturningNull",2,1.00,1.50,9,0.09,1623.76,3,1,20,6,3,125.54,0,16,0,2,125.54,0.00,0.50,0.50,0,2.00,2,257.73,0,1,3,org.apache.lucene.analysis.Analyzer,0.00,4,1,3,0,4,1,0,0,63,2
"org.apache.lucene.queryParser.standard.TestMultiFieldQueryParserWrapper$AnalyzerReturningNull$EmptyTokenStream",1,0.00,1.00,3,0.02,186.16,1,0,20,1,1,135.33,0,6,0,3,135.33,0.00,0.67,0.00,0,1.00,1,56.19,0,0,1,org.apache.lucene.analysis.TokenStream,0.33,0,2,1,0,0,1,0,0,18,2
"org.apache.lucene.queryParser.standard.TestQPHelper",1,1.00,1.00,7,0.10,1753.37,2,1,61,4,44,81.71,6,13,0,4,113.93,0.00,0.75,0.00,0,1.00,1,299.45,0,0,44,org.apache.lucene.util.LocalizedTestCase,0.00,3,3,1,0,3,1,0,1,69,1
"org.apache.lucene.queryParser.standard.TestQPHelper$QPTestAnalyzer",1,0.00,1.00,3,0.04,532.36,1,0,61,3,3,181.73,1,6,0,2,131.73,0.00,0.50,0.00,0,1.00,1,119.91,0,1,3,org.apache.lucene.analysis.Analyzer,0.00,2,1,1,0,2,0,0,1,31,3
"org.apache.lucene.queryParser.standard.TestQPHelper$QPTestFilter",2,0.60,3.00,24,0.28,9177.99,7,5,61,10,4,141.54,4,31,0,4,101.66,0.00,0.75,0.50,0,2.00,5,842.14,0,0,4,org.apache.lucene.analysis.TokenFilter,0.29,8,3,6,0,8,2,0,1,171,3
"org.apache.lucene.queryParser.standard.TestQPHelper$QPTestParser",58,0.98,1.31,585,8.41,233447.19,59,1,61,143,29,145.13,163,728,0,3,105.25,0.00,0.67,0.03,15,222.00,3,25235.58,4,9,29,org.apache.lucene.queryParser.standard.StandardQueryParser,0.00,85,2,76,0,85,49,0,139,4752,2
"org.apache.lucene.queryParser.standard.TestQPHelper$QPTestParser$CannedAnalyzer",1,0.00,1.00,3,0.03,292.54,1,0,61,2,2,133.78,0,6,0,2,133.78,0.00,0.50,0.00,0,1.00,1,81.93,0,1,2,org.apache.lucene.analysis.Analyzer,0.00,1,1,1,0,1,0,0,0,23,1
"org.apache.lucene.queryParser.standard.TestQPHelper$QPTestParser$CannedTokenStream",1,0.00,5.00,22,0.23,7343.91,4,3,61,5,3,90.11,0,27,0,3,90.11,0.00,0.67,1.00,0,0.00,5,683.73,0,0,3,org.apache.lucene.analysis.TokenStream,0.33,4,2,5,0,4,1,0,0,143,1
"org.apache.lucene.queryParser.standard.TestQPHelper$QPTestParser$QPTestParserQueryNodeProcessor",3,0.00,1.33,9,0.11,2659.22,3,0,61,5,5,129.92,0,22,0,2,129.92,0.00,0.50,0.00,0,3.00,2,318.32,0,3,5,org.apache.lucene.queryParser.core.processors.QueryNodeProcessorImpl,0.00,2,1,4,0,2,0,0,0,79,2
"org.apache.lucene.queryParser.standard.TestQueryParserWrapper",1,1.00,1.00,7,0.10,1753.37,2,1,55,4,42,63.93,9,13,0,4,113.93,0.00,0.75,0.00,0,1.00,1,299.45,0,0,42,org.apache.lucene.util.LocalizedTestCase,0.00,3,3,1,0,3,1,0,1,69,1
"org.apache.lucene.queryParser.standard.TestQueryParserWrapper$QPTestAnalyzer",1,0.00,1.00,3,0.04,532.36,1,0,55,3,3,181.73,1,6,0,2,131.73,0.00,0.50,0.00,0,1.00,1,119.91,0,1,3,org.apache.lucene.analysis.Analyzer,0.00,2,1,1,0,2,0,0,1,31,3
"org.apache.lucene.queryParser.standard.TestQueryParserWrapper$QPTestFilter",2,0.60,3.00,24,0.28,9177.99,7,5,55,10,4,141.54,4,31,0,4,101.66,0.00,0.75,0.50,0,2.00,5,842.14,0,0,4,org.apache.lucene.analysis.TokenFilter,0.29,8,3,6,0,8,2,0,1,171,3
"org.apache.lucene.queryParser.standard.TestQueryParserWrapper$QPTestParser",58,0.98,1.33,553,8.00,222156.16,59,1,55,144,27,147.01,158,706,0,2,107.12,0.00,0.50,0.03,15,222.00,3,24003.38,2,10,27,QueryParserWrapper,0.00,86,1,77,0,86,48,0,134,4525,2
"org.apache.lucene.queryParser.standard.TestQueryParserWrapper$QPTestParser$QPTestParserQueryNodeProcessor",3,0.00,1.33,9,0.11,2659.22,3,0,55,5,5,129.92,0,22,0,2,129.92,0.00,0.50,0.00,0,3.00,2,318.32,0,3,5,org.apache.lucene.queryParser.core.processors.QueryNodeProcessorImpl,0.00,2,1,4,0,2,0,0,0,79,2
"org.apache.lucene.queryParser.core.util.QueryNodeOperation",2,0.00,4.50,27,0.41,55900.21,2,0,5,9,3,61.87,13,46,0,1,94.09,0.00,0.00,0.00,0,2.00,8,1221.24,0,1,3,java.lang.Object,0.00,7,0,9,0,7,1,0,3,229,2
"org.apache.lucene.queryParser.core.util.QueryNodeOperation$ANDOperation",0,0.00,0.00,2,0.01,36.00,0,0,5,0,0,171.00,0,3,0,1,171.00,0.00,0.00,0.00,0,0.00,0,24.00,0,0,0,java.lang.Object,0.00,0,0,0,0,0,0,0,0,8,1
"org.apache.lucene.queryParser.core.util.UnescapedCharSequence",12,0.50,1.92,73,0.86,36412.01,14,2,0,24,5,114.64,51,87,5,1,114.40,0.00,0.00,0.04,0,22.00,5,2578.70,0,5,0,java.lang.Object,0.00,12,0,23,0,12,7,1,9,568,2
"org.apache.lucene.analysis.ro.RomanianAnalyzer",5,0.33,1.80,22,0.30,7346.10,8,3,16,16,14,73.47,46,32,1,4,123.47,0.00,0.75,0.07,0,8.00,3,905.69,0,2,13,org.apache.lucene.analysis.StopwordAnalyzerBase,0.00,11,3,9,0,11,3,0,9,200,2
"org.apache.lucene.analysis.ro.RomanianAnalyzer$DefaultSetHolder",0,0.00,0.00,6,0.05,853.95,1,1,16,0,1,171.00,2,11,0,1,171.00,0.00,0.00,0.00,0,0.00,0,164.39,0,0,1,java.lang.Object,0.00,0,0,0,0,0,0,0,2,40,2
"org.apache.lucene.analysis.ro.TestRomanianAnalyzer",3,0.00,1.00,14,0.15,2836.17,3,0,5,7,3,164.99,6,19,0,4,125.11,0.00,0.75,0.00,0,0.00,1,450.25,2,0,3,org.apache.lucene.analysis.BaseTokenStreamTestCase,0.00,4,3,3,0,4,3,0,5,103,1
"org.apache.solr.search.BitDocSet",16,0.03,1.50,61,0.62,16674.28,18,2,3,33,13,149.96,57,88,8,2,129.34,0.00,0.50,0.53,0,0.00,3,1862.81,1,2,6,org.apache.solr.search.DocSetBase,0.59,17,1,24,0,17,14,0,15,443,1
"org.apache.solr.search.BitDocSet$DocIterator",5,0.12,1.00,15,0.10,1323.44,7,2,3,7,2,134.12,0,20,0,1,134.12,0.00,0.00,0.40,1,2.00,1,299.93,0,1,2,java.lang.Object,0.00,2,0,5,0,2,4,0,0,85,0
"org.apache.solr.search.BoostQParserPlugin",2,2.00,1.00,6,0.05,523.16,4,2,9,3,11,116.29,10,9,1,2,134.16,0.00,0.50,0.00,0,2.00,1,160.52,0,1,11,org.apache.solr.search.QParserPlugin,0.00,1,1,2,0,1,1,0,1,44,1
"org.apache.solr.search.BoostQParserPlugin$QParser",4,0.44,1.50,23,0.25,6787.63,7,3,9,15,10,119.40,1,28,0,1,119.40,0.00,0.00,0.67,0,0.00,3,751.52,0,3,10,java.lang.Object,0.00,11,0,6,0,11,1,0,1,166,0
"org.apache.solr.search.CacheConfig",8,0.06,1.75,52,0.67,23272.83,15,7,8,24,7,164.57,10,62,2,1,114.57,0.00,0.00,0.09,1,16.00,4,1999.70,0,4,6,java.lang.Object,0.00,16,0,14,0,16,4,0,4,413,1
"org.apache.solr.search.CacheRegenerator",1,0.00,1.00,2,0.02,168.99,1,0,1,1,7,168.51,19,3,7,1,142.23,0.00,0.00,0.00,0,1.00,1,74.42,0,0,2,,0.00,0,0,1,0,0,1,0,2,21,1
"org.apache.solr.search.ConstantScorePrefixQuery",6,0.40,1.67,30,0.35,11244.34,7,1,5,19,7,169.04,11,38,2,2,119.04,0.00,0.50,0.67,1,0.00,3,1041.54,1,3,5,org.apache.lucene.search.Query,0.10,13,1,10,0,13,3,0,9,238,1
"org.apache.solr.search.DisMaxQParser",12,0.00,2.67,113,1.75,67549.97,19,7,14,56,15,145.53,33,144,1,2,105.65,0.00,0.50,0.14,5,54.00,9,5244.42,3,7,14,org.apache.solr.search.QParser,0.19,44,1,32,0,44,5,0,14,978,1
"org.apache.solr.search.DisMaxQParserPlugin",2,1.00,1.00,5,0.05,601.14,3,1,3,3,6,160.87,7,8,1,2,140.26,0.00,0.50,0.00,0,2.00,1,157.84,0,1,6,org.apache.solr.search.QParserPlugin,0.00,1,1,2,0,1,1,0,1,43,1
"org.apache.solr.search.DocIterator",2,0.00,1.00,3,0.02,120.42,2,0,1,2,26,127.61,27,4,26,1,156.99,0.00,0.00,0.00,0,2.00,1,51.75,0,0,0,,0.00,0,0,2,0,0,2,0,5,19,1
"org.apache.solr.search.DocList",7,0.00,1.00,8,0.04,184.11,7,0,0,7,32,127.60,48,9,31,2,159.82,0.00,0.50,0.00,0,7.00,1,112.17,0,2,1,,0.19,0,1,7,0,0,5,0,15,45,1
"org.apache.solr.search.DocListAndSet",0,0.00,0.00,3,0.02,124.57,2,2,0,0,10,171.00,13,4,8,1,171.00,0.00,0.00,0.00,0,0.00,0,49.83,0,0,2,java.lang.Object,0.00,0,0,0,0,0,0,0,1,15,2
"org.apache.solr.search.DocSet",14,0.00,1.00,15,0.08,426.98,14,0,7,14,29,127.09,93,17,22,1,159.31,0.00,0.00,0.00,0,14.00,1,249.09,0,6,7,,0.00,0,0,14,0,0,8,0,16,95,1
"org.apache.solr.search.DocSetBase",11,0.00,1.73,49,0.57,16471.58,11,0,7,29,12,173.41,21,63,4,1,123.41,0.00,0.00,0.00,3,11.00,6,1704.12,0,5,9,java.lang.Object,0.00,18,0,19,4,18,6,1,13,397,1
"org.apache.solr.search.DocSetBase$Filter",1,0.00,3.00,12,0.14,6704.84,1,0,7,5,3,150.36,1,15,0,1,100.36,0.00,0.00,0.00,0,1.00,3,415.00,0,1,3,java.lang.Object,0.00,4,0,3,0,4,0,0,1,84,0
"org.apache.solr.search.DocSetBase$Filter$DocIdSet",2,0.00,1.00,5,0.02,234.62,2,0,7,3,1,143.48,0,8,0,1,143.48,0.00,0.00,0.00,0,2.00,1,73.07,0,1,1,java.lang.Object,0.00,1,0,2,0,1,1,0,0,24,0
"org.apache.solr.search.DocSetBase$Filter$DocIdSet$DocIdSetIterator",3,0.50,2.00,12,0.18,6584.46,5,2,7,4,0,122.07,0,18,0,1,122.07,0.00,0.00,0.83,0,0.00,3,540.55,0,0,0,java.lang.Object,0.00,1,0,6,0,1,3,0,0,119,0
"org.apache.solr.search.DocSetCollector",6,0.07,1.67,34,0.29,8267.06,12,6,5,10,9,159.97,17,39,2,2,120.09,1.00,0.33,0.22,0,10.00,3,864.41,0,0,7,org.apache.lucene.index.Collector,0.00,4,1,10,1,4,6,0,15,200,0
"org.apache.solr.search.DocSetDelegateCollector",5,0.50,1.80,29,0.26,7910.26,6,1,5,12,9,159.48,11,33,1,3,119.60,0.00,0.67,0.60,0,1.00,3,779.62,0,0,8,org.apache.solr.search.DocSetCollector,0.55,7,2,9,0,7,5,0,11,177,0
"org.apache.solr.search.DocSetPerf",3,0.60,10.00,117,1.80,203744.46,8,5,6,33,4,123.07,5,118,0,1,73.07,0.00,0.00,0.60,2,1.00,24,5402.83,0,0,4,java.lang.Object,0.00,30,0,30,0,30,3,0,4,848,1
"org.apache.solr.search.DocSlice",12,0.12,1.67,54,0.59,20951.96,18,6,0,21,12,172.89,23,65,7,2,122.89,0.00,0.50,0.28,0,32.00,4,1762.82,0,2,5,org.apache.solr.search.DocSetBase,0.17,9,1,20,0,9,10,1,10,402,1
"org.apache.solr.search.DocSlice$DocIterator",5,0.12,1.00,13,0.08,905.91,7,2,0,6,0,141.99,3,18,0,1,141.99,0.00,0.00,0.40,1,2.00,1,251.84,0,1,0,java.lang.Object,0.00,1,0,5,0,1,4,0,1,73,0
"org.apache.solr.search.ExtendedDismaxQParser",10,0.06,11.60,382,6.71,952671.14,18,8,23,86,24,28.17,116,485,1,2,72.30,0.00,0.50,0.18,3,34.00,54,20122.65,6,7,23,org.apache.solr.search.QParser,0.20,76,1,116,0,76,3,0,82,2983,0
"org.apache.solr.search.ExtendedDismaxQParser$Clause",1,6.00,1.00,11,0.06,569.90,9,8,23,1,0,131.07,3,13,0,1,110.45,0.00,0.00,0.25,0,0.00,1,191.02,0,0,0,java.lang.Object,0.00,0,0,1,0,0,1,0,3,49,1
"org.apache.solr.search.ExtendedDismaxQParser$DMP",0,0.00,0.00,1,0.01,49.13,0,0,23,0,0,171.00,1,2,0,2,171.00,0.00,0.50,0.00,0,0.00,0,19.65,0,0,0,,0.00,0,1,0,0,0,0,0,1,7,2
"org.apache.solr.search.ExtendedDismaxQParser$ExtendedAnalyzer",6,0.05,3.67,76,1.00,85499.72,10,4,23,24,7,97.74,4,86,0,2,97.74,0.00,0.50,0.29,2,6.00,12,3012.19,0,3,7,org.apache.lucene.analysis.Analyzer,0.00,18,1,22,0,18,3,0,4,555,1
"org.apache.solr.search.ExtendedDismaxQParser$ExtendedSolrQueryParser",15,0.00,2.47,130,1.65,62018.78,28,13,23,37,10,129.24,50,170,0,3,108.63,0.00,0.67,0.08,4,68.00,8,4950.89,9,10,10,org.apache.solr.search.SolrQueryParser,0.00,22,2,37,0,22,5,0,29,982,0
"org.apache.solr.search.ExtendedDismaxQParser$ExtendedSolrQueryParser$Alias",0,0.00,0.00,3,0.02,239.86,2,2,23,0,0,171.00,0,4,0,1,171.00,0.00,0.00,0.00,0,0.00,0,68.53,0,0,0,java.lang.Object,0.00,0,0,0,0,0,0,0,0,18,1
"org.apache.solr.search.ExtendedDismaxQParser$QType",0,0.00,0.00,2,0.01,28.53,0,0,23,0,0,171.00,0,8,0,1,171.00,0.00,0.00,0.00,0,0.00,0,28.53,0,0,0,java.lang.Object,0.00,0,0,0,0,0,0,0,0,9,0
"org.apache.solr.search.ExtendedDismaxQParser$U",0,0.00,0.00,1,0.01,49.13,0,0,23,0,1,171.00,1,2,0,2,171.00,0.00,0.50,0.00,0,0.00,0,19.65,0,0,1,org.apache.solr.util.SolrPluginUtils,0.00,0,1,0,0,0,0,0,1,7,2
"org.apache.solr.search.ExtendedDismaxQParserPlugin",2,1.00,1.00,5,0.05,647.50,3,1,23,3,21,190.00,3,8,1,2,140.00,0.00,0.50,0.00,0,2.00,1,163.16,0,1,21,org.apache.solr.search.QParserPlugin,0.00,1,1,2,0,1,1,0,1,44,1
"org.apache.solr.search.FastLRUCache",20,0.02,2.30,155,2.30,149018.89,29,9,12,63,11,158.79,25,185,3,1,108.79,0.00,0.00,0.13,0,114.00,12,6890.03,0,12,8,java.lang.Object,0.00,43,0,46,0,43,8,1,13,1208,1
"org.apache.solr.search.FieldQParserPlugin",2,1.00,1.00,5,0.04,363.78,3,1,16,3,14,162.59,7,8,1,2,141.98,0.00,0.50,0.00,0,2.00,1,126.95,0,1,14,org.apache.solr.search.QParserPlugin,0.00,1,1,2,0,1,1,0,1,36,1
"org.apache.solr.search.FieldQParserPlugin$QParser",1,0.00,1.00,7,0.10,1646.07,1,0,16,6,5,114.15,0,8,0,1,114.15,0.00,0.00,0.00,0,1.00,1,305.76,0,1,5,java.lang.Object,0.00,5,0,1,0,5,0,0,0,66,0
"org.apache.solr.search.FooQParser",2,0.00,1.00,5,0.07,864.98,2,0,7,5,10,139.01,0,8,1,2,139.01,0.00,0.50,0.00,0,2.00,1,202.85,0,1,9,org.apache.solr.search.QParser,0.09,3,1,2,0,3,1,0,0,53,0
"org.apache.solr.search.FooQParserPlugin",2,0.00,1.00,4,0.04,456.50,2,0,7,3,11,141.20,0,7,1,2,141.20,0.00,0.50,0.00,0,2.00,1,123.16,0,1,10,org.apache.solr.search.QParserPlugin,0.00,1,1,2,0,1,1,0,0,35,1
"org.apache.solr.search.FunctionQParser",13,0.25,2.38,116,1.38,71882.13,14,1,9,44,44,75.42,78,144,33,2,107.64,0.00,0.50,0.77,3,0.00,7,4138.99,2,8,12,org.apache.solr.search.QParser,0.06,31,1,31,0,31,5,0,23,783,1
"org.apache.solr.search.FunctionQParserPlugin",2,1.00,1.00,5,0.05,601.14,3,1,3,3,10,180.14,5,8,5,2,140.26,0.00,0.50,0.00,0,2.00,1,157.84,0,0,6,org.apache.solr.search.QParserPlugin,0.00,1,1,2,0,1,2,0,1,43,1
"org.apache.solr.search.FunctionQParserTest",4,0.00,1.00,24,0.26,6836.31,4,0,9,12,9,166.52,5,29,0,4,116.52,0.00,0.75,0.00,0,6.00,1,768.72,0,3,9,org.apache.solr.util.AbstractSolrTestCase,0.18,8,3,4,0,8,1,0,2,158,1
"org.apache.solr.search.FunctionRangeQParserPlugin",2,1.00,1.00,5,0.04,363.78,3,1,8,3,9,124.10,10,8,1,2,141.98,0.00,0.50,0.00,0,2.00,1,126.95,0,0,9,org.apache.solr.search.QParserPlugin,0.00,1,1,2,0,1,2,0,1,36,1
"org.apache.solr.search.FunctionRangeQParserPlugin$QParser",1,0.00,2.00,17,0.24,7142.04,3,2,8,9,9,144.59,1,19,0,1,94.59,0.00,0.00,1.00,0,0.00,2,714.69,0,1,9,java.lang.Object,0.00,8,0,2,0,8,0,0,1,135,0
"org.apache.solr.search.HashDocSet",11,0.06,3.73,127,1.50,165503.11,16,5,1,20,8,119.57,38,131,4,2,98.96,0.00,0.50,0.25,2,4.00,8,4511.81,0,1,4,org.apache.solr.search.DocSetBase,0.36,9,1,41,0,9,10,0,27,890,2
"org.apache.solr.search.HashDocSet$DocIterator",6,0.40,1.17,18,0.11,1566.92,8,2,1,6,0,134.13,1,24,0,1,134.13,0.00,0.00,0.17,2,10.00,2,331.31,0,1,0,java.lang.Object,0.00,0,0,7,0,0,5,0,1,94,0
"org.apache.solr.search.IdGenerator",2,0.00,1.00,3,0.02,91.29,2,0,8,2,9,157.93,0,4,2,1,157.93,0.00,0.00,0.00,0,2.00,1,52.94,0,0,7,,0.00,0,0,2,0,0,2,0,0,19,0
"org.apache.solr.search.LRUCache",20,0.05,1.95,136,1.67,85614.43,32,12,8,42,10,163.22,26,165,3,1,113.22,0.00,0.00,0.13,0,122.00,9,4996.43,0,12,7,java.lang.Object,0.00,22,0,39,0,22,8,1,18,958,1
"org.apache.solr.search.LRUCache$CumulativeStats",0,0.00,0.00,5,0.05,1253.89,4,4,8,1,0,171.00,0,6,0,1,171.00,0.00,0.00,0.00,0,0.00,0,144.68,0,0,0,java.lang.Object,0.00,1,0,0,0,1,0,0,0,38,2
"org.apache.solr.search.LRUCache$LinkedHashMap<K,V>",1,0.00,2.00,7,0.06,780.34,1,0,8,3,0,137.16,3,9,0,1,116.54,0.00,0.00,0.00,0,0.00,2,178.61,0,0,0,java.lang.Object,0.00,2,0,2,0,2,1,0,3,43,0
"org.apache.solr.search.LuceneQParser",3,0.25,2.33,20,0.29,10711.80,5,2,11,12,15,113.80,2,26,2,2,113.80,1.00,0.33,0.33,0,1.00,5,871.64,3,2,13,org.apache.solr.search.QParser,0.17,9,1,7,1,9,1,0,2,176,0
"org.apache.solr.search.LuceneQParserPlugin",2,1.00,1.00,5,0.05,601.14,3,1,11,3,13,140.49,8,8,1,2,140.26,0.00,0.50,0.00,0,2.00,1,157.84,0,1,13,org.apache.solr.search.QParserPlugin,0.00,1,1,2,0,1,1,0,1,43,1
"org.apache.solr.search.LuceneQueryOptimizer",2,0.00,4.00,31,0.46,34023.23,4,2,5,16,10,102.63,35,49,1,1,93.49,0.00,0.00,0.50,0,2.00,7,1394.10,0,1,9,java.lang.Object,0.00,14,0,8,0,14,1,0,18,245,0
"org.apache.solr.search.LuceneQueryOptimizer$LinkedHashMap",1,0.00,1.00,3,0.03,229.36,1,0,5,2,0,184.61,1,4,0,1,134.61,0.00,0.00,0.00,0,1.00,1,76.76,0,0,0,java.lang.Object,0.00,1,0,1,0,1,1,0,1,22,0
"org.apache.solr.search.MissingLastOrdComparator",11,0.25,2.45,95,1.03,39930.17,25,14,3,13,3,109.07,7,118,1,2,109.07,0.00,0.50,0.30,1,0.00,6,3075.87,0,3,2,org.apache.lucene.search.FieldComparator,0.50,2,1,27,0,2,8,0,7,635,0
"org.apache.solr.search.MissingStringLastComparatorSource",3,0.25,1.00,9,0.08,1181.60,5,2,3,4,5,172.65,6,13,1,2,132.76,0.00,0.50,0.33,0,5.00,1,250.56,0,1,4,org.apache.lucene.search.FieldComparatorSource,0.00,1,1,3,0,1,2,0,1,66,1
"org.apache.solr.search.NestedQParserPlugin",2,1.00,1.00,5,0.04,363.78,3,1,9,3,11,142.21,9,8,1,2,141.98,0.00,0.50,0.00,0,2.00,1,126.95,0,1,11,org.apache.solr.search.QParserPlugin,0.00,1,1,2,0,1,1,0,1,36,1
"org.apache.solr.search.NestedQParserPlugin$QParser",4,0.00,1.00,13,0.11,1316.93,7,3,9,9,6,133.38,1,17,0,1,133.38,0.00,0.00,0.33,0,0.00,1,334.44,0,3,6,java.lang.Object,0.00,5,0,4,0,5,1,0,1,88,0
"org.apache.solr.search.OldLuceneQParser",3,0.50,3.33,26,0.37,14142.34,4,1,11,12,14,158.11,3,37,1,3,108.11,0.00,0.67,0.67,0,1.00,6,1123.17,5,2,13,org.apache.solr.search.LuceneQParser,0.23,9,2,10,0,9,1,0,3,223,0
"org.apache.solr.search.OldLuceneQParserPlugin",2,1.00,1.00,5,0.05,601.14,3,1,3,3,6,180.14,5,8,1,2,140.26,0.00,0.50,0.00,0,2.00,1,157.84,0,1,6,org.apache.solr.search.QParserPlugin,0.00,1,1,2,0,1,1,0,1,43,1
"org.apache.solr.search.PrefixFilter",6,0.40,1.00,20,0.20,4371.58,7,1,8,16,10,130.66,3,29,2,2,130.66,0.00,0.50,0.67,0,0.00,1,585.38,0,3,8,org.apache.lucene.search.Filter,0.00,10,1,6,0,10,3,0,1,148,1
"org.apache.solr.search.PrefixFilter$PrefixGenerator",1,0.00,1.00,3,0.02,148.58,1,0,8,2,0,136.10,0,4,0,1,136.10,0.00,0.00,0.00,0,1.00,1,56.58,0,0,0,java.lang.Object,0.00,1,0,1,0,1,1,0,0,18,0
"org.apache.solr.search.PrefixGenerator",2,1.00,2.00,21,0.24,10966.54,3,1,8,14,9,104.09,0,31,1,1,104.09,0.00,0.00,0.50,0,2.00,3,718.07,0,0,8,java.lang.Object,0.00,12,0,4,0,12,2,1,0,142,1
"org.apache.solr.search.PrefixQParserPlugin",2,1.00,1.00,5,0.04,363.78,3,1,7,3,9,162.59,7,8,1,2,141.98,0.00,0.50,0.00,0,2.00,1,126.95,0,1,9,org.apache.solr.search.QParserPlugin,0.00,1,1,2,0,1,1,0,1,36,1
"org.apache.solr.search.PrefixQParserPlugin$QParser",1,0.00,1.00,3,0.05,664.82,1,0,7,4,5,130.97,0,4,0,1,130.97,0.00,0.00,0.00,0,1.00,1,144.93,0,1,5,java.lang.Object,0.00,3,0,1,0,3,0,0,0,37,0
"org.apache.solr.search.QParser",20,0.05,2.10,112,1.32,59778.14,26,6,9,43,51,157.27,47,149,42,1,117.39,0.00,0.00,0.12,4,138.00,10,3972.47,0,12,11,java.lang.Object,0.00,23,0,42,6,23,8,0,19,819,2
"org.apache.solr.search.QParserPlugin",1,2.00,1.00,4,0.17,5775.08,3,2,3,1,20,139.54,3,17,17,1,118.92,0.00,0.00,0.00,0,1.00,1,503.60,0,1,15,java.lang.Object,0.00,0,0,1,12,0,0,1,3,107,2
"org.apache.solr.search.QueryParsing",13,0.06,7.46,320,5.08,535678.26,21,8,31,99,54,38.58,154,393,28,1,82.71,0.00,0.00,0.07,4,53.00,30,15245.87,0,9,28,java.lang.Object,0.00,86,0,97,0,86,4,0,52,2514,1
"org.apache.solr.search.QueryParsing$StrParser",15,0.38,2.93,138,1.55,81087.56,18,3,31,30,1,105.76,5,174,0,1,105.76,0.00,0.00,0.69,2,0.00,15,4640.65,0,3,1,java.lang.Object,0.00,15,0,44,0,15,12,0,5,892,2
"org.apache.solr.search.QueryParsingTest",3,0.00,3.33,105,1.81,191592.72,3,0,8,13,6,27.18,26,126,0,3,75.29,0.00,0.67,0.00,0,1.00,7,5428.00,1,0,6,org.apache.solr.SolrTestCaseJ4,0.00,10,2,10,0,10,3,0,23,934,1
"org.apache.solr.search.QueryResultKey",4,0.00,4.25,42,0.56,30470.01,11,7,8,10,8,142.68,11,45,3,1,102.80,0.00,0.00,0.14,1,4.00,9,1669.33,0,0,5,java.lang.Object,0.00,6,0,17,0,6,4,0,9,335,2
"org.apache.solr.search.QueryUtils",4,0.00,3.75,34,0.41,20254.90,4,0,5,17,6,75.62,26,40,2,1,107.84,0.00,0.00,0.00,1,4.00,7,1244.38,0,3,4,java.lang.Object,0.00,13,0,15,0,13,1,0,11,254,1
"org.apache.solr.search.RawQParserPlugin",2,1.00,1.00,5,0.04,363.78,3,1,7,3,9,181.86,5,8,1,2,141.98,0.00,0.50,0.00,0,2.00,1,126.95,0,1,9,org.apache.solr.search.QParserPlugin,0.00,1,1,2,0,1,1,0,1,36,1
"org.apache.solr.search.RawQParserPlugin$QParser",1,0.00,1.00,3,0.05,664.82,1,0,7,4,5,130.97,0,4,0,1,130.97,0.00,0.00,0.00,0,1.00,1,144.93,0,1,5,java.lang.Object,0.00,3,0,1,0,3,0,0,0,37,0
"org.apache.solr.search.SolrCache",10,1.00,1.00,13,0.12,1410.84,11,1,5,11,14,111.78,72,14,13,2,154.07,0.00,0.50,0.00,0,10.00,1,345.38,0,3,3,,0.00,1,1,10,0,1,7,0,22,102,1
"org.apache.solr.search.SolrCache$State",0,0.00,0.00,2,0.01,36.00,0,0,5,0,0,171.00,1,6,0,1,171.00,0.00,0.00,0.00,0,0.00,0,24.00,0,0,0,java.lang.Object,0.00,0,0,0,0,0,0,0,1,8,1
"org.apache.solr.search.SolrConstantScoreQuery",8,0.00,1.50,23,0.25,5204.95,8,0,7,15,11,158.14,31,35,3,3,137.52,0.00,0.67,0.00,0,8.00,3,740.14,1,4,8,org.apache.lucene.search.ConstantScoreQuery,0.20,7,2,12,0,7,4,0,10,185,1
"org.apache.solr.search.SolrConstantScoreQuery$ConstantScorer",6,0.00,1.50,26,0.27,7357.44,9,3,7,15,6,124.13,0,35,0,3,124.13,0.00,0.67,0.33,0,0.00,4,802.21,0,1,6,org.apache.lucene.search.Scorer,0.86,9,2,9,0,9,5,0,0,181,1
"org.apache.solr.search.SolrConstantScoreQuery$ConstantWeight",7,0.04,1.29,36,0.41,10457.07,11,4,7,18,10,119.87,0,48,0,2,119.87,0.00,0.50,0.29,0,9.00,2,1232.10,0,3,10,org.apache.lucene.search.Weight,0.57,11,1,9,0,11,4,0,0,262,1
"org.apache.solr.search.SolrFieldCacheMBean",8,1.00,1.25,34,0.30,10588.42,9,1,9,17,6,173.91,12,34,1,1,123.91,0.00,0.00,0.12,0,14.00,3,896.61,0,8,6,java.lang.Object,0.00,9,0,10,0,9,0,1,2,203,1
"org.apache.solr.search.SolrFilter",3,0.00,1.00,5,0.06,606.89,3,0,6,3,5,192.73,7,8,1,2,152.84,1.00,0.33,0.00,1,3.00,1,174.22,0,2,4,org.apache.lucene.search.Filter,0.00,0,1,3,1,0,1,0,2,49,2
"org.apache.solr.search.SolrIndexReader",65,0.10,1.34,231,2.62,111633.88,73,8,9,120,30,127.66,38,353,14,3,127.66,0.00,0.67,0.02,7,0.00,5,7858.10,3,27,17,org.apache.lucene.index.FilterIndexReader,0.58,55,2,87,0,55,38,0,30,1797,1
"org.apache.solr.search.SolrIndexSearcher",61,0.01,3.36,695,11.07,876854.89,92,31,22,224,94,56.84,457,857,56,3,99.13,0.00,0.67,0.04,10,1546.00,20,33202.52,5,21,44,org.apache.lucene.search.IndexSearcher,0.06,163,2,205,0,163,40,1,161,5760,1
"org.apache.solr.search.SolrIndexSearcher$CacheRegenerator",1,0.00,2.00,5,0.06,1022.98,1,0,22,2,3,121.07,0,7,0,1,121.07,0.00,0.00,0.00,0,1.00,2,168.47,0,0,3,java.lang.Object,0.00,1,0,2,0,1,1,0,0,39,0
"org.apache.solr.search.SolrIndexSearcher$CacheRegenerator_0",1,0.00,1.00,4,0.05,605.72,1,0,22,2,3,126.63,0,5,0,1,126.63,0.00,0.00,0.00,0,1.00,1,143.71,0,0,3,java.lang.Object,0.00,1,0,1,0,1,1,0,0,34,0
"org.apache.solr.search.SolrIndexSearcher$CacheRegenerator_1",1,0.00,2.00,14,0.25,7825.80,1,0,22,13,4,65.21,6,21,0,1,97.43,0.00,0.00,0.00,0,0.00,2,757.15,0,0,4,java.lang.Object,0.00,12,0,2,0,12,1,0,6,133,0
"org.apache.solr.search.SolrIndexSearcher$Collector",4,0.00,1.00,7,0.05,391.73,4,0,22,4,2,155.32,0,11,0,1,155.32,0.00,0.00,0.00,0,4.00,1,151.89,0,0,2,java.lang.Object,0.00,0,0,4,0,0,4,0,0,46,0
"org.apache.solr.search.SolrIndexSearcher$Collector_2",4,1.00,1.25,11,0.10,1772.35,5,1,22,5,2,138.88,0,15,0,1,138.88,0.00,0.00,0.25,0,6.00,2,298.91,0,0,2,java.lang.Object,0.00,1,0,5,0,1,4,0,0,78,0
"org.apache.solr.search.SolrIndexSearcher$Collector_3",4,1.00,1.25,10,0.09,1418.10,5,1,22,5,2,139.64,0,14,0,1,139.64,0.00,0.00,0.25,0,6.00,2,272.48,0,0,2,java.lang.Object,0.00,1,0,5,0,1,4,0,0,73,0
"org.apache.solr.search.SolrIndexSearcher$QueryCommand",23,0.05,1.22,77,0.54,10030.23,32,9,22,26,3,132.37,10,87,0,1,132.37,0.00,0.00,0.07,0,285.00,3,1620.11,0,16,3,java.lang.Object,0.00,3,0,28,0,3,7,0,3,414,2
"org.apache.solr.search.SolrIndexSearcher$QueryResult",8,0.07,1.25,23,0.15,2038.06,10,2,22,9,3,140.77,0,22,0,1,140.77,0.00,0.00,0.44,0,0.00,2,452.22,0,0,3,java.lang.Object,0.00,1,0,10,0,1,8,0,0,125,2
"org.apache.solr.search.SolrIndexSearcher$SetNonLazyFieldSelector",2,0.00,1.50,6,0.06,906.67,3,1,22,3,1,132.19,0,12,0,1,132.19,0.00,0.00,1.00,0,0.00,2,193.32,0,1,1,java.lang.Object,0.00,1,0,3,0,1,1,1,0,51,1
"org.apache.solr.search.SolrIndexSearcher$TermDocsState",0,0.00,0.00,3,0.02,124.57,2,2,22,0,2,171.00,0,4,0,1,171.00,0.00,0.00,0.00,0,0.00,0,49.83,0,0,2,java.lang.Object,0.00,0,0,0,0,0,0,0,0,15,2
"org.apache.solr.search.SolrQueryParser",9,0.03,3.11,88,1.27,44114.98,13,4,15,52,22,88.21,50,117,5,2,106.08,2.00,0.25,0.22,2,28.00,7,3816.79,7,4,19,org.apache.lucene.queryParser.QueryParser,0.00,43,1,28,2,43,5,0,23,740,1
"org.apache.solr.search.SolrReaderInfo",2,1.00,1.00,6,0.03,306.88,3,1,9,2,6,135.99,0,7,1,1,135.99,0.00,0.00,0.50,0,2.00,1,90.86,0,1,5,java.lang.Object,0.00,0,0,2,0,0,1,0,0,29,0
"org.apache.solr.search.SolrSimilarity",1,1.00,1.00,4,0.05,1045.20,2,1,2,2,1,92.54,6,6,0,3,124.77,0.00,0.67,0.00,0,1.00,1,156.92,1,0,1,org.apache.lucene.search.DefaultSimilarity,0.00,1,2,1,0,1,1,0,5,40,0
"org.apache.solr.search.SortSpec",9,0.04,1.44,28,0.22,3563.48,12,3,2,10,7,182.66,16,35,5,1,132.66,0.00,0.00,0.30,1,19.00,4,660.03,0,2,2,java.lang.Object,0.00,1,0,13,0,1,7,0,4,174,1
"org.apache.solr.search.SortedIntDocSet",20,0.21,5.00,311,3.43,456658.87,23,3,6,29,13,113.05,75,352,5,2,92.44,0.00,0.50,0.13,7,52.00,15,10283.88,0,3,8,org.apache.solr.search.DocSetBase,0.32,9,1,100,0,9,17,0,67,2022,1
"org.apache.solr.search.SortedIntDocSet$DocIterator",5,0.75,1.00,12,0.07,608.05,6,1,6,6,0,143.35,3,17,0,1,143.35,0.00,0.00,0.40,1,7.00,1,203.48,0,1,0,java.lang.Object,0.00,1,0,5,0,1,4,0,1,62,0
"org.apache.solr.search.SortedIntDocSet$Filter",1,0.00,4.00,22,0.33,30869.82,2,1,6,7,3,35.25,9,27,0,1,85.25,0.00,0.00,1.00,0,0.00,4,989.37,0,1,3,java.lang.Object,0.00,6,0,4,0,6,0,0,9,181,0
"org.apache.solr.search.SortedIntDocSet$Filter$DocIdSet",2,0.00,1.00,5,0.02,234.62,2,0,6,3,1,143.48,0,8,0,1,143.48,0.00,0.00,0.00,0,2.00,1,73.07,0,1,1,java.lang.Object,0.00,1,0,2,0,1,1,0,0,24,0
"org.apache.solr.search.SortedIntDocSet$Filter$DocIdSet$DocIdSetIterator",4,0.33,2.75,29,0.33,34592.41,6,2,6,4,0,158.24,4,41,0,1,108.24,0.00,0.00,0.75,0,0.00,7,993.19,0,0,0,java.lang.Object,0.00,0,0,11,0,0,4,0,4,207,0
"org.apache.solr.search.Sorting",1,0.00,5.00,9,0.14,6153.46,2,1,1,3,5,104.72,16,14,2,1,105.20,0.00,0.00,1.00,0,0.00,5,414.47,0,1,3,java.lang.Object,0.00,2,0,5,0,2,0,0,2,94,1
"org.apache.solr.search.TestDocSet",18,0.10,2.67,232,2.68,137472.11,22,4,12,60,16,57.65,130,216,0,3,99.94,0.00,0.67,0.15,10,34.00,8,8032.04,0,10,16,org.apache.lucene.util.LuceneTestCase,0.00,42,2,48,0,42,8,0,23,1571,1
"org.apache.solr.search.TestDocSet$FilterIndexReader",3,0.00,1.00,7,0.04,510.41,3,0,12,3,1,142.20,0,13,0,1,142.20,0.00,0.00,0.00,0,3.00,1,124.53,0,1,1,java.lang.Object,0.00,0,0,3,0,0,2,0,0,39,0
"org.apache.solr.search.TestExtendedDismaxParser",5,0.00,1.00,46,0.85,22163.98,5,0,1,5,1,74.47,32,102,0,4,106.69,0.00,0.75,0.00,0,5.00,1,2552.38,7,2,1,org.apache.solr.util.AbstractSolrTestCase,0.36,0,3,5,0,0,3,0,15,426,1
"org.apache.solr.search.TestFastLRUCache",7,0.00,3.00,129,1.89,91806.98,7,0,8,47,7,59.27,43,134,0,3,91.50,0.00,0.67,0.00,2,7.00,6,5677.26,0,0,7,org.apache.lucene.util.LuceneTestCase,0.00,40,2,21,0,40,7,0,7,990,1
"org.apache.solr.search.TestFastLRUCache$CacheRegenerator",1,0.00,1.00,4,0.04,577.51,1,0,8,2,2,126.80,0,6,0,1,126.80,0.00,0.00,0.00,0,1.00,1,124.69,0,0,2,java.lang.Object,0.00,1,0,1,0,1,1,0,0,31,0
"org.apache.solr.search.TestFastLRUCache$Thread",1,0.00,1.00,4,0.04,382.45,1,0,8,3,0,128.20,0,5,0,1,128.20,0.00,0.00,0.00,0,1.00,1,105.70,0,0,0,java.lang.Object,0.00,2,0,1,0,2,1,0,0,27,0
"org.apache.solr.search.TestIndexSearcher",7,0.00,1.00,72,1.16,63892.07,7,0,8,26,7,142.40,16,74,0,4,102.51,0.00,0.75,0.00,1,7.00,1,3480.47,7,4,7,org.apache.solr.util.AbstractSolrTestCase,0.34,19,3,7,0,19,3,0,16,600,1
"org.apache.solr.search.TestQueryTypes",6,0.00,1.33,71,1.54,79918.95,6,0,1,7,1,99.84,26,196,0,4,99.61,0.00,0.75,0.00,0,6.00,3,4616.49,7,3,1,org.apache.solr.util.AbstractSolrTestCase,0.35,1,3,8,0,1,3,0,26,658,1
"org.apache.solr.search.TestQueryUtils",7,0.00,1.43,83,1.53,54349.13,7,0,7,19,7,141.32,19,218,0,4,101.44,0.00,0.75,0.00,2,7.00,4,4581.50,6,2,7,org.apache.solr.util.AbstractSolrTestCase,0.34,12,3,10,0,12,5,0,17,737,1
"org.apache.solr.search.TestRangeQuery",7,0.83,4.14,165,3.93,530716.69,8,1,9,31,5,121.34,19,191,0,3,81.45,0.00,0.67,0.29,2,13.00,14,11792.21,8,0,5,org.apache.solr.SolrTestCaseJ4,0.07,24,2,29,0,24,7,0,19,1807,1
"org.apache.solr.search.TestRangeQuery$DocProcessor",1,0.00,1.00,2,0.01,34.23,1,0,9,1,1,147.69,0,3,0,1,147.69,0.00,0.00,0.00,0,1.00,1,24.41,0,0,1,,0.00,0,0,1,0,0,1,0,0,10,0
"org.apache.solr.search.TestRangeQuery$DocProcessor_0",1,0.00,1.00,3,0.02,124.93,1,0,9,2,1,136.69,0,4,0,1,136.69,0.00,0.00,0.00,0,1.00,1,58.19,0,0,1,java.lang.Object,0.00,1,0,1,0,1,1,0,0,18,0
"org.apache.solr.search.TestSearchPerf",13,0.46,2.00,144,2.15,82695.15,15,2,12,52,17,152.04,18,152,0,4,102.04,0.00,0.75,0.08,5,35.00,9,6458.09,6,3,17,org.apache.solr.util.AbstractSolrTestCase,0.30,39,3,26,0,39,10,0,16,1126,1
"org.apache.solr.search.TestSolrQueryParser",3,0.00,1.00,14,0.13,1811.98,3,0,4,3,1,126.64,2,24,0,3,126.64,0.00,0.67,0.00,1,3.00,1,394.35,6,0,1,org.apache.solr.SolrTestCaseJ4,0.00,0,2,3,0,0,3,0,2,97,1
"org.apache.solr.search.TestSort",4,0.06,3.50,93,1.49,115729.73,10,6,11,45,18,85.02,16,87,0,4,84.78,0.00,0.75,0.21,0,4.00,10,4465.68,1,3,18,org.apache.solr.util.AbstractSolrTestCase,0.18,41,3,14,0,41,1,0,6,679,1
"org.apache.solr.search.TestSort$Collector",4,1.00,1.00,12,0.13,2110.61,5,1,11,9,2,131.76,0,20,0,1,131.76,0.00,0.00,0.25,0,6.00,1,375.83,0,0,2,java.lang.Object,0.00,5,0,4,0,5,4,0,0,96,0
"org.apache.solr.search.TestSort$Comparator<MyDoc>",1,0.00,5.00,8,0.13,5322.20,1,0,11,2,0,107.60,0,9,0,1,107.60,0.00,0.00,0.00,0,1.00,5,380.20,0,0,0,java.lang.Object,0.00,1,0,5,0,1,1,0,0,82,0
"org.apache.solr.search.TestSort$Filter",1,0.00,1.00,3,0.03,412.00,1,0,11,3,2,132.61,0,5,0,1,132.61,0.00,0.00,0.00,0,1.00,1,88.00,0,1,2,java.lang.Object,0.00,2,0,1,0,2,0,0,0,24,0
"org.apache.solr.search.TestSort$MyDoc",0,0.00,0.00,3,0.01,82.42,2,2,11,0,0,171.00,0,4,0,1,171.00,0.00,0.00,0.00,0,0.00,0,41.21,0,0,0,java.lang.Object,0.00,0,0,0,0,0,0,0,0,13,1
"org.apache.solr.search.ValueSourceParser",7,0.67,1.86,101,1.04,59440.38,8,1,24,19,24,117.78,27,108,7,1,97.16,0.00,0.00,0.43,3,10.00,5,3109.76,0,3,18,java.lang.Object,0.00,12,0,13,4,12,4,1,13,614,2
"org.apache.solr.search.ValueSourceParser$DateValueSourceParser",4,1.00,4.50,32,0.59,37633.71,5,1,24,20,9,126.29,12,44,0,2,105.68,0.00,0.50,0.25,1,6.00,11,1769.70,0,3,9,org.apache.solr.search.ValueSourceParser,0.18,16,1,18,0,16,1,0,12,347,0
"org.apache.solr.search.ValueSourceParser$DateValueSourceParser$DualFloatFunction_45",2,0.00,1.00,5,0.04,657.58,2,0,24,3,0,139.95,0,7,0,1,139.95,0.00,0.00,0.00,0,2.00,1,133.28,0,1,0,java.lang.Object,0.00,1,0,2,0,1,1,0,0,38,0
"org.apache.solr.search.ValueSourceParser$DateValueSourceParser$LongConstValueSource",2,0.00,1.00,5,0.04,456.60,2,0,24,3,0,141.20,0,7,0,1,141.20,0.00,0.00,0.00,0,2.00,1,119.51,0,1,0,java.lang.Object,0.00,1,0,2,0,1,1,0,0,34,0
"org.apache.solr.search.ValueSourceParser$DateValueSourceParser$LongConstValueSource_44",2,0.00,1.00,5,0.04,450.75,2,0,24,3,0,141.24,0,7,0,1,141.24,0.00,0.00,0.00,0,2.00,1,115.61,0,1,0,java.lang.Object,0.00,1,0,2,0,1,1,0,0,33,0
"org.apache.solr.search.ValueSourceParser$Double2Parser",1,0.00,1.00,3,0.04,535.81,1,0,24,3,0,131.71,0,4,0,1,131.71,0.00,0.00,0.00,0,1.00,1,119.61,0,0,0,java.lang.Object,0.00,2,0,1,0,2,1,0,0,32,0
"org.apache.solr.search.ValueSourceParser$Double2Parser_38",1,0.00,1.00,3,0.04,535.81,1,0,24,3,0,131.71,0,4,0,1,131.71,0.00,0.00,0.00,0,1.00,1,119.61,0,0,0,java.lang.Object,0.00,2,0,1,0,2,1,0,0,32,0
"org.apache.solr.search.ValueSourceParser$Double2Parser_39",1,0.00,1.00,3,0.04,535.81,1,0,24,3,0,131.71,0,4,0,1,131.71,0.00,0.00,0.00,0,1.00,1,119.61,0,0,0,java.lang.Object,0.00,2,0,1,0,2,1,0,0,32,0
"org.apache.solr.search.ValueSourceParser$DoubleConstValueSource",5,0.25,1.20,19,0.18,3154.17,8,3,24,8,2,131.11,0,25,0,2,131.11,0.00,0.50,0.13,0,7.00,2,548.47,0,2,2,org.apache.solr.search.function.ValueSource,0.29,3,1,6,0,3,3,0,0,138,0
"org.apache.solr.search.ValueSourceParser$DoubleConstValueSource$DocValues_47",6,0.00,1.00,13,0.08,650.56,6,0,24,8,0,143.74,0,19,0,1,143.74,0.00,0.00,0.00,0,18.00,1,234.04,0,2,0,java.lang.Object,0.00,2,0,6,0,2,4,0,0,71,0
"org.apache.solr.search.ValueSourceParser$DoubleParser",1,0.00,1.00,3,0.03,359.64,1,0,24,2,1,133.08,0,4,0,1,133.08,0.00,0.00,0.00,0,1.00,1,91.61,0,0,1,java.lang.Object,0.00,1,0,1,0,1,1,0,0,25,0
"org.apache.solr.search.ValueSourceParser$DoubleParser_20",1,0.00,1.00,3,0.03,359.64,1,0,24,2,1,133.08,0,4,0,1,133.08,0.00,0.00,0.00,0,1.00,1,91.61,0,0,1,java.lang.Object,0.00,1,0,1,0,1,1,0,0,25,0
"org.apache.solr.search.ValueSourceParser$DoubleParser_21",1,0.00,1.00,3,0.03,303.92,1,0,24,3,0,133.65,0,4,0,1,133.65,0.00,0.00,0.00,0,1.00,1,89.75,0,0,0,java.lang.Object,0.00,2,0,1,0,2,1,0,0,25,0
"org.apache.solr.search.ValueSourceParser$DoubleParser_22",1,0.00,1.00,3,0.03,303.92,1,0,24,3,0,133.65,0,4,0,1,133.65,0.00,0.00,0.00,0,1.00,1,89.75,0,0,0,java.lang.Object,0.00,2,0,1,0,2,1,0,0,25,0
"org.apache.solr.search.ValueSourceParser$DoubleParser_23",1,0.00,1.00,3,0.03,303.92,1,0,24,3,0,133.65,0,4,0,1,133.65,0.00,0.00,0.00,0,1.00,1,89.75,0,0,0,java.lang.Object,0.00,2,0,1,0,2,1,0,0,25,0
"org.apache.solr.search.ValueSourceParser$DoubleParser_24",1,0.00,1.00,3,0.03,303.92,1,0,24,3,0,133.65,0,4,0,1,133.65,0.00,0.00,0.00,0,1.00,1,89.75,0,0,0,java.lang.Object,0.00,2,0,1,0,2,1,0,0,25,0
"org.apache.solr.search.ValueSourceParser$DoubleParser_25",1,0.00,1.00,3,0.03,303.92,1,0,24,3,0,133.65,0,4,0,1,133.65,0.00,0.00,0.00,0,1.00,1,89.75,0,0,0,java.lang.Object,0.00,2,0,1,0,2,1,0,0,25,0
"org.apache.solr.search.ValueSourceParser$DoubleParser_26",1,0.00,1.00,3,0.03,303.92,1,0,24,3,0,133.65,0,4,0,1,133.65,0.00,0.00,0.00,0,1.00,1,89.75,0,0,0,java.lang.Object,0.00,2,0,1,0,2,1,0,0,25,0
"org.apache.solr.search.ValueSourceParser$DoubleParser_27",1,0.00,1.00,3,0.03,303.92,1,0,24,3,0,133.65,0,4,0,1,133.65,0.00,0.00,0.00,0,1.00,1,89.75,0,0,0,java.lang.Object,0.00,2,0,1,0,2,1,0,0,25,0
"org.apache.solr.search.ValueSourceParser$DoubleParser_28",1,0.00,1.00,3,0.03,303.92,1,0,24,3,0,133.65,0,4,0,1,133.65,0.00,0.00,0.00,0,1.00,1,89.75,0,0,0,java.lang.Object,0.00,2,0,1,0,2,1,0,0,25,0
"org.apache.solr.search.ValueSourceParser$DoubleParser_29",1,0.00,1.00,3,0.03,303.92,1,0,24,3,0,133.65,0,4,0,1,133.65,0.00,0.00,0.00,0,1.00,1,89.75,0,0,0,java.lang.Object,0.00,2,0,1,0,2,1,0,0,25,0
"org.apache.solr.search.ValueSourceParser$DoubleParser_30",1,0.00,1.00,3,0.03,303.92,1,0,24,3,0,133.65,0,4,0,1,133.65,0.00,0.00,0.00,0,1.00,1,89.75,0,0,0,java.lang.Object,0.00,2,0,1,0,2,1,0,0,25,0
"org.apache.solr.search.ValueSourceParser$DoubleParser_31",1,0.00,1.00,3,0.03,303.92,1,0,24,3,0,133.65,0,4,0,1,133.65,0.00,0.00,0.00,0,1.00,1,89.75,0,0,0,java.lang.Object,0.00,2,0,1,0,2,1,0,0,25,0
"org.apache.solr.search.ValueSourceParser$DoubleParser_32",1,0.00,1.00,3,0.03,303.92,1,0,24,3,0,133.65,0,4,0,1,133.65,0.00,0.00,0.00,0,1.00,1,89.75,0,0,0,java.lang.Object,0.00,2,0,1,0,2,1,0,0,25,0
"org.apache.solr.search.ValueSourceParser$DoubleParser_33",1,0.00,1.00,3,0.03,303.92,1,0,24,3,0,133.65,0,4,0,1,133.65,0.00,0.00,0.00,0,1.00,1,89.75,0,0,0,java.lang.Object,0.00,2,0,1,0,2,1,0,0,25,0
"org.apache.solr.search.ValueSourceParser$DoubleParser_34",1,0.00,1.00,3,0.03,303.92,1,0,24,3,0,133.65,0,4,0,1,133.65,0.00,0.00,0.00,0,1.00,1,89.75,0,0,0,java.lang.Object,0.00,2,0,1,0,2,1,0,0,25,0
"org.apache.solr.search.ValueSourceParser$DoubleParser_35",1,0.00,1.00,3,0.03,303.92,1,0,24,3,0,133.65,0,4,0,1,133.65,0.00,0.00,0.00,0,1.00,1,89.75,0,0,0,java.lang.Object,0.00,2,0,1,0,2,1,0,0,25,0
"org.apache.solr.search.ValueSourceParser$DoubleParser_36",1,0.00,1.00,3,0.03,303.92,1,0,24,3,0,133.65,0,4,0,1,133.65,0.00,0.00,0.00,0,1.00,1,89.75,0,0,0,java.lang.Object,0.00,2,0,1,0,2,1,0,0,25,0
"org.apache.solr.search.ValueSourceParser$DoubleParser_37",1,0.00,1.00,3,0.03,303.92,1,0,24,3,0,133.65,0,4,0,1,133.65,0.00,0.00,0.00,0,1.00,1,89.75,0,0,0,java.lang.Object,0.00,2,0,1,0,2,1,0,0,25,0
"org.apache.solr.search.ValueSourceParser$DoubleParser_48",3,0.00,1.00,8,0.06,592.25,3,0,24,5,3,141.70,0,11,0,2,141.70,0.00,0.50,0.00,0,3.00,1,187.43,0,1,3,org.apache.solr.search.NamedParser,0.00,2,1,3,0,2,2,0,0,55,1
"org.apache.solr.search.ValueSourceParser$DoubleParser_48$Double2Parser_50",3,0.00,1.00,7,0.06,727.04,3,0,24,5,3,140.99,0,10,0,2,140.99,0.00,0.50,0.00,0,3.00,1,190.46,0,1,3,org.apache.solr.search.NamedParser,0.00,2,1,3,0,2,2,0,0,55,1
"org.apache.solr.search.ValueSourceParser$DoubleParser_48$Double2Parser_50$Function_51",6,0.20,1.17,26,0.32,8875.75,8,2,24,14,3,123.54,4,35,0,2,123.54,0.00,0.50,0.67,1,0.00,2,967.38,0,2,3,org.apache.solr.search.function.ValueSource,0.27,8,1,7,0,8,4,0,1,233,0
"org.apache.solr.search.ValueSourceParser$DoubleParser_48$Double2Parser_50$Function_51$DocValues_52",6,0.00,1.00,13,0.12,1458.93,6,0,24,11,0,140.98,0,19,0,1,140.98,0.00,0.00,0.00,1,6.00,1,373.33,0,2,0,java.lang.Object,0.00,5,0,6,0,5,4,0,0,105,0
"org.apache.solr.search.ValueSourceParser$DoubleParser_48$Function",3,0.00,1.00,8,0.07,1129.55,3,0,24,5,3,139.49,0,13,0,3,139.49,0.00,0.67,0.00,0,4.00,1,201.49,0,2,3,org.apache.solr.search.function.SingleFunction,0.17,2,2,3,0,2,1,0,0,55,0
"org.apache.solr.search.ValueSourceParser$DoubleParser_48$Function$DocValues_49",6,0.00,1.00,13,0.11,1224.82,6,0,24,10,0,141.58,0,19,0,1,141.58,0.00,0.00,0.00,1,6.00,1,331.62,0,2,0,java.lang.Object,0.00,4,0,6,0,4,4,0,0,96,0
"org.apache.solr.search.ValueSourceParser$LongConstValueSource_46",5,0.25,1.20,18,0.16,2764.19,8,3,24,7,2,131.56,0,24,0,2,131.56,0.00,0.50,0.13,0,7.00,2,473.52,0,2,2,org.apache.solr.search.function.ValueSource,0.29,2,1,6,0,2,3,0,0,124,0
"org.apache.solr.search.ValueSourceParser$LongConstValueSource_46$DocValues",6,0.00,1.00,13,0.08,650.56,6,0,24,8,0,143.74,0,19,0,1,143.74,0.00,0.00,0.00,0,14.00,1,234.04,0,2,0,java.lang.Object,0.00,2,0,6,0,2,4,0,0,71,0
"org.apache.solr.search.ValueSourceParser$MVResult",0,0.00,0.00,3,0.01,138.68,2,2,24,0,1,171.00,0,4,0,1,171.00,0.00,0.00,0.00,0,0.00,0,44.38,0,0,1,java.lang.Object,0.00,0,0,0,0,0,0,0,0,14,2
"org.apache.solr.search.ValueSourceParser$NamedParser",2,1.00,1.00,6,0.03,408.90,3,1,24,2,1,135.01,0,9,0,2,135.01,0.00,0.50,0.50,0,2.00,1,103.84,0,1,1,org.apache.solr.search.ValueSourceParser,0.00,0,1,2,0,0,1,0,0,32,1
"org.apache.solr.search.ValueSourceParser$ValueSourceParser",1,0.00,1.00,4,0.04,608.41,1,0,24,4,5,126.62,0,5,0,1,126.62,0.00,0.00,0.00,0,1.00,1,118.45,0,1,5,java.lang.Object,0.00,3,0,1,0,3,0,0,0,30,0
"org.apache.solr.search.ValueSourceParser$ValueSourceParser_0",1,0.00,1.00,3,0.03,333.48,1,0,24,3,4,133.33,0,4,0,1,133.33,0.00,0.00,0.00,0,1.00,1,78.32,0,1,4,java.lang.Object,0.00,2,0,1,0,2,0,0,0,22,0
"org.apache.solr.search.ValueSourceParser$ValueSourceParser_1",1,0.00,1.00,4,0.04,608.41,1,0,24,4,5,126.62,0,5,0,1,126.62,0.00,0.00,0.00,0,1.00,1,118.45,0,1,5,java.lang.Object,0.00,3,0,1,0,3,0,0,0,30,0
"org.apache.solr.search.ValueSourceParser$ValueSourceParser_10",1,0.00,1.00,4,0.06,1433.22,1,0,24,5,4,123.69,0,5,0,1,123.69,0.00,0.00,0.00,0,1.00,1,170.85,0,1,4,java.lang.Object,0.00,4,0,1,0,4,0,0,0,40,0
"org.apache.solr.search.ValueSourceParser$ValueSourceParser_11",1,0.00,1.00,4,0.06,1433.22,1,0,24,5,4,123.69,0,5,0,1,123.69,0.00,0.00,0.00,0,1.00,1,170.85,0,1,4,java.lang.Object,0.00,4,0,1,0,4,0,0,0,40,0
"org.apache.solr.search.ValueSourceParser$ValueSourceParser_12",1,0.00,1.00,5,0.04,714.00,1,0,24,3,3,122.45,0,6,0,1,122.45,0.00,0.00,0.00,0,1.00,1,116.00,0,1,3,java.lang.Object,0.00,2,0,1,0,2,0,0,0,31,0
"org.apache.solr.search.ValueSourceParser$ValueSourceParser_12$DualFloatFunction",2,0.00,1.00,5,0.04,657.58,2,0,24,3,0,139.95,0,7,0,1,139.95,0.00,0.00,0.00,0,2.00,1,133.28,0,1,0,java.lang.Object,0.00,1,0,2,0,1,1,0,0,38,0
"org.apache.solr.search.ValueSourceParser$ValueSourceParser_13",1,0.00,1.00,3,0.03,333.48,1,0,24,3,4,133.33,0,4,0,1,133.33,0.00,0.00,0.00,0,1.00,1,78.32,0,1,4,java.lang.Object,0.00,2,0,1,0,2,0,0,0,22,0
"org.apache.solr.search.ValueSourceParser$ValueSourceParser_14",1,0.00,2.00,7,0.07,1420.24,1,0,24,5,5,164.49,1,9,0,1,114.49,0.00,0.00,0.00,0,1.00,2,205.15,0,1,5,java.lang.Object,0.00,4,0,2,0,4,0,0,1,47,0
"org.apache.solr.search.ValueSourceParser$ValueSourceParser_15",1,0.00,1.00,6,0.06,1263.90,1,0,24,5,6,117.55,0,7,0,1,117.55,0.00,0.00,0.00,0,1.00,1,193.47,0,1,6,java.lang.Object,0.00,4,0,1,0,4,0,0,0,45,0
"org.apache.solr.search.ValueSourceParser$ValueSourceParser_16",1,0.00,4.00,28,0.37,23058.85,1,0,24,11,7,132.34,1,33,0,1,82.34,0.00,0.00,0.00,0,1.00,4,1108.55,0,1,7,java.lang.Object,0.00,10,0,4,0,10,0,0,1,199,0
"org.apache.solr.search.ValueSourceParser$ValueSourceParser_17",1,0.00,1.00,6,0.06,1430.17,1,0,24,4,4,117.13,0,7,0,1,117.13,0.00,0.00,0.00,0,1.00,1,188.09,0,1,4,java.lang.Object,0.00,3,0,1,0,3,0,0,0,45,0
"org.apache.solr.search.ValueSourceParser$ValueSourceParser_18",1,0.00,1.00,5,0.05,1079.50,1,0,24,3,4,121.04,0,6,0,1,121.04,0.00,0.00,0.00,0,1.00,1,141.44,0,1,4,java.lang.Object,0.00,2,0,1,0,2,0,0,0,36,0
"org.apache.solr.search.ValueSourceParser$ValueSourceParser_19",1,0.00,5.00,18,0.24,6976.79,1,0,24,13,8,93.54,0,21,0,1,93.54,0.00,0.00,0.00,0,1.00,5,709.00,0,1,8,java.lang.Object,0.00,12,0,5,0,12,0,0,0,134,0
"org.apache.solr.search.ValueSourceParser$ValueSourceParser_2",1,0.00,2.00,5,0.05,1279.48,1,0,24,3,4,170.30,1,6,0,1,120.30,0.00,0.00,0.00,0,1.00,2,139.69,0,1,4,java.lang.Object,0.00,2,0,2,0,2,0,0,1,35,0
"org.apache.solr.search.ValueSourceParser$ValueSourceParser_3",1,0.00,1.00,6,0.06,1430.17,1,0,24,4,4,117.13,0,7,0,1,117.13,0.00,0.00,0.00,0,1.00,1,188.09,0,1,4,java.lang.Object,0.00,3,0,1,0,3,0,0,0,45,0
"org.apache.solr.search.ValueSourceParser$ValueSourceParser_4",1,0.00,1.00,5,0.05,917.25,1,0,24,4,4,121.60,0,6,0,1,121.60,0.00,0.00,0.00,0,1.00,1,146.30,0,1,4,java.lang.Object,0.00,3,0,1,0,3,0,0,0,36,0
"org.apache.solr.search.ValueSourceParser$ValueSourceParser_40",1,0.00,1.00,5,0.06,1329.20,1,0,24,4,4,120.33,0,6,0,1,120.33,0.00,0.00,0.00,0,1.00,1,184.47,0,1,4,java.lang.Object,0.00,3,0,1,0,3,0,0,0,42,0
"org.apache.solr.search.ValueSourceParser$ValueSourceParser_41",1,0.00,1.00,6,0.08,1766.40,1,0,24,5,4,116.40,0,7,0,1,116.40,0.00,0.00,0.00,0,1.00,1,233.95,0,1,4,java.lang.Object,0.00,4,0,1,0,4,0,0,0,51,0
"org.apache.solr.search.ValueSourceParser$ValueSourceParser_42",1,0.00,1.00,3,0.03,284.00,1,0,24,2,3,133.88,0,4,0,1,133.88,0.00,0.00,0.00,0,1.00,1,76.00,0,1,3,java.lang.Object,0.00,1,0,1,0,1,0,0,0,21,0
"org.apache.solr.search.ValueSourceParser$ValueSourceParser_43",1,0.00,1.00,3,0.03,284.00,1,0,24,2,3,133.88,0,4,0,1,133.88,0.00,0.00,0.00,0,1.00,1,76.00,0,1,3,java.lang.Object,0.00,1,0,1,0,1,0,0,0,21,0
"org.apache.solr.search.ValueSourceParser$ValueSourceParser_5",1,0.00,1.00,7,0.08,2018.74,1,0,24,4,4,113.45,0,8,0,1,113.45,0.00,0.00,0.00,0,1.00,1,230.97,0,1,4,java.lang.Object,0.00,3,0,1,0,3,0,0,0,54,0
"org.apache.solr.search.ValueSourceParser$ValueSourceParser_6",1,0.00,1.00,6,0.07,1506.25,1,0,24,5,5,116.95,0,7,0,1,116.95,0.00,0.00,0.00,0,1.00,1,204.21,0,1,5,java.lang.Object,0.00,4,0,1,0,4,0,0,0,48,0
"org.apache.solr.search.ValueSourceParser$ValueSourceParser_7",1,0.00,1.00,5,0.05,1079.50,1,0,24,3,4,121.04,0,6,0,1,121.04,0.00,0.00,0.00,0,1.00,1,141.44,0,1,4,java.lang.Object,0.00,2,0,1,0,2,0,0,0,36,0
"org.apache.solr.search.ValueSourceParser$ValueSourceParser_8",1,0.00,2.00,8,0.11,3502.14,1,0,24,5,4,109.24,0,9,0,1,109.24,0.00,0.00,0.00,0,1.00,2,325.29,0,1,4,java.lang.Object,0.00,4,0,2,0,4,0,0,0,70,0
"org.apache.solr.search.ValueSourceParser$ValueSourceParser_9",1,0.00,1.00,4,0.03,393.76,1,0,24,3,3,128.11,0,5,0,1,128.11,0.00,0.00,0.00,0,1.00,1,82.23,0,1,3,java.lang.Object,0.00,2,0,1,0,2,0,0,0,23,0
"org.apache.solr.search.ValueSourceParser$ValueSourceParser_9$SimpleFloatFunction",2,0.00,1.00,5,0.04,363.92,2,0,24,4,0,141.97,0,7,0,1,141.97,0.00,0.00,0.00,0,2.00,1,113.75,0,1,0,java.lang.Object,0.00,2,0,2,0,2,1,0,0,33,0
"org.apache.solr.search.WildcardFilter",6,0.40,1.00,20,0.20,4333.67,7,1,9,16,10,130.69,4,29,1,2,130.69,0.00,0.50,0.67,0,0.00,1,585.60,0,3,9,org.apache.lucene.search.Filter,0.00,10,1,6,0,10,3,0,1,148,1
"org.apache.solr.search.WildcardFilter$WildcardGenerator",1,0.00,1.00,3,0.02,148.58,1,0,9,2,0,136.10,0,4,0,1,136.10,0.00,0.00,0.00,0,1.00,1,56.58,0,0,0,java.lang.Object,0.00,1,0,1,0,1,1,0,0,18,0
"org.apache.solr.search.WildcardGenerator",2,1.00,2.00,17,0.17,6011.50,3,1,9,11,10,109.77,0,23,1,1,109.77,0.00,0.00,0.50,0,2.00,3,503.73,0,0,9,java.lang.Object,0.00,9,0,4,0,9,2,1,0,107,1
"org.apache.lucene.analysis.fa.PersianAnalyzer",7,0.50,1.43,25,0.27,5075.53,9,2,15,16,12,80.60,68,35,1,4,130.60,0.00,0.75,0.07,0,17.00,3,824.66,0,2,11,org.apache.lucene.analysis.StopwordAnalyzerBase,0.00,9,3,10,0,9,5,0,13,198,2
"org.apache.lucene.analysis.fa.PersianAnalyzer$DefaultSetHolder",0,0.00,0.00,6,0.05,853.95,1,1,15,0,1,171.00,2,10,0,1,171.00,0.00,0.00,0.00,0,0.00,0,164.39,0,0,1,java.lang.Object,0.00,0,0,0,0,0,0,0,2,40,2
"org.apache.lucene.analysis.fa.PersianNormalizationFilter",2,0.00,1.50,11,0.12,2515.75,4,2,4,8,7,160.31,5,17,3,4,120.42,0.00,0.75,0.50,0,2.00,2,367.15,0,0,4,org.apache.lucene.analysis.TokenFilter,0.29,6,3,3,0,6,2,0,1,85,2
"org.apache.lucene.analysis.fa.PersianNormalizer",1,0.00,7.00,27,0.29,9206.88,10,9,1,1,1,125.24,21,35,1,1,85.94,0.00,0.00,1.00,0,0.00,7,859.17,0,0,0,java.lang.Object,0.00,0,0,7,0,0,1,0,3,176,1
"org.apache.lucene.analysis.fa.TestPersianAnalyzer",7,0.00,1.00,81,1.37,59345.93,7,0,2,8,3,81.08,99,90,0,4,101.22,0.00,0.75,0.00,0,0.00,1,4117.77,2,0,3,org.apache.lucene.analysis.BaseTokenStreamTestCase,0.00,1,3,7,0,1,7,0,68,776,1
"org.apache.lucene.analysis.fa.TestPersianNormalizationFilter",7,0.00,1.00,17,0.15,2015.22,7,0,4,10,3,140.41,4,27,0,4,140.41,0.00,0.75,0.00,1,12.00,1,451.88,1,0,3,org.apache.lucene.analysis.BaseTokenStreamTestCase,0.00,3,3,7,0,3,7,0,1,120,1
"org.apache.solr.common.luke.FieldFlag",4,0.33,1.50,23,0.27,6282.56,6,2,0,7,4,101.79,21,39,4,1,119.67,0.00,0.00,0.25,0,8.00,3,821.05,0,2,0,java.lang.Object,0.00,3,0,6,0,3,2,0,3,171,1
"org.apache.solr.highlight.DefaultEncoder",5,0.00,1.00,11,0.09,964.94,5,0,2,6,5,191.77,7,22,0,2,141.77,0.00,0.50,0.00,0,5.00,1,272.12,0,5,5,org.apache.solr.highlight.HighlightingPluginBase,0.57,1,1,5,0,1,0,1,4,76,1
"org.apache.solr.highlight.DefaultSolrHighlighter",22,0.30,3.00,234,4.03,244560.91,25,3,41,105,53,83.71,114,319,5,2,101.58,1.00,0.33,0.05,8,118.00,17,12104.13,1,11,49,org.apache.solr.highlight.SolrHighlighter,0.00,83,1,66,1,83,11,1,39,2123,1
"org.apache.solr.highlight.DefaultSolrHighlighter$Comparator<TextFragment>",1,0.00,1.00,3,0.04,541.40,1,0,41,3,1,131.68,0,4,0,1,131.68,0.00,0.00,0.00,0,1.00,1,113.42,0,0,1,java.lang.Object,0.00,2,0,1,0,2,1,0,0,31,0
"org.apache.solr.highlight.DummyHighlighter",2,0.00,1.00,6,0.08,1642.07,2,0,7,4,7,130.25,1,12,0,2,130.25,0.00,0.50,0.00,0,2.00,1,240.42,0,1,7,org.apache.solr.highlight.SolrHighlighter,0.00,2,1,2,0,2,1,0,1,55,1
"org.apache.solr.highlight.FastVectorHighlighterTest",3,0.00,1.00,30,0.44,11260.90,3,0,7,13,5,105.55,2,43,0,3,105.55,0.00,0.67,0.00,0,1.00,1,1306.64,6,0,5,org.apache.solr.SolrTestCaseJ4,0.00,10,2,3,0,10,3,0,2,253,1
"org.apache.solr.highlight.GapFragmenter",5,0.00,1.40,15,0.15,3217.40,5,0,9,9,13,131.01,3,28,1,2,131.01,0.00,0.50,0.00,0,8.00,3,442.56,0,5,12,org.apache.solr.highlight.HighlightingPluginBase,0.57,4,1,7,0,4,0,1,3,106,1
"org.apache.solr.highlight.HighlighterConfigTest",5,0.00,1.00,22,0.27,5051.11,5,0,3,13,3,174.88,6,31,0,4,124.88,0.00,0.75,0.00,0,8.00,1,803.09,7,2,3,org.apache.solr.util.AbstractSolrTestCase,0.36,8,3,5,0,8,3,0,6,165,1
"org.apache.solr.highlight.HighlighterTest",25,0.88,1.08,325,5.51,161396.99,26,1,18,51,12,149.43,48,600,0,3,99.43,0.00,0.67,0.16,0,0.00,3,16530.02,9,0,12,org.apache.solr.SolrTestCaseJ4,0.05,26,2,27,0,26,25,0,45,2927,1
"org.apache.solr.highlight.HighlightingPluginBase",9,0.44,1.22,22,0.18,3167.53,11,2,5,15,12,139.67,6,32,8,1,139.67,0.00,0.00,0.11,0,23.00,3,535.74,0,7,4,java.lang.Object,0.00,6,0,11,10,6,2,1,3,144,2
"org.apache.solr.highlight.HtmlEncoder",5,0.00,1.00,11,0.07,763.54,5,0,3,6,5,192.57,7,21,0,2,142.57,0.00,0.50,0.00,0,5.00,1,221.97,0,5,5,org.apache.solr.highlight.HighlightingPluginBase,0.57,1,1,5,0,1,0,1,4,66,1
"org.apache.solr.highlight.HtmlFormatter",5,0.00,1.20,14,0.14,2589.60,5,0,5,8,8,188.35,6,29,1,2,138.35,0.00,0.50,0.00,0,8.00,2,405.73,0,5,7,org.apache.solr.highlight.HighlightingPluginBase,0.57,3,1,6,0,3,0,1,4,101,1
"org.apache.solr.highlight.LuceneGapFragmenter",4,0.25,1.25,18,0.17,3425.60,8,4,9,7,10,165.28,10,26,1,2,125.40,0.00,0.50,0.44,0,4.00,2,519.54,0,0,9,org.apache.lucene.search.highlight.SimpleFragmenter,0.20,3,1,5,0,3,4,0,3,123,0
"org.apache.solr.highlight.LuceneRegexFragmenter",7,0.17,2.57,84,1.02,63158.79,24,17,13,21,10,81.51,37,114,1,1,99.38,0.00,0.00,0.20,1,25.00,10,3053.75,0,0,9,java.lang.Object,0.00,14,0,18,0,14,7,1,33,588,0
"org.apache.solr.highlight.OrderedToken",0,0.00,0.00,3,0.01,54.00,2,2,41,0,28,171.00,0,4,1,1,171.00,0.00,0.00,0.00,0,0.00,0,36.00,0,0,27,java.lang.Object,0.00,0,0,0,0,0,0,0,0,12,0
"org.apache.solr.highlight.RegexFragmenter",6,0.10,1.67,30,0.41,13461.76,8,2,13,14,12,139.04,20,46,0,2,118.42,0.00,0.50,0.42,0,6.00,4,1232.99,1,5,12,org.apache.solr.highlight.HighlightingPluginBase,0.53,8,1,10,0,8,1,1,4,249,1
"org.apache.solr.highlight.ScoreOrderFragmentsBuilder",5,0.00,1.00,13,0.14,2928.61,5,0,2,7,5,137.98,3,26,1,3,137.98,0.00,0.67,0.00,0,5.00,1,427.95,1,5,4,org.apache.solr.highlight.SolrFragmentsBuilder,0.60,2,2,5,0,2,0,0,3,106,1
"org.apache.solr.highlight.SimpleFragListBuilder",5,0.00,1.20,14,0.12,1817.68,5,0,3,7,7,139.57,3,26,1,2,139.57,0.00,0.50,0.00,0,8.00,2,351.28,0,5,6,org.apache.solr.highlight.HighlightingPluginBase,0.57,2,1,6,0,2,0,1,3,91,1
"org.apache.solr.highlight.SimpleFragmentsBuilder",5,0.00,1.00,13,0.14,2928.61,5,0,2,7,4,137.98,3,26,0,3,137.98,0.00,0.67,0.00,0,5.00,1,427.95,1,5,4,org.apache.solr.highlight.SolrFragmentsBuilder,0.60,2,2,5,0,2,0,0,3,106,1
"org.apache.solr.highlight.SingleFragListBuilder",5,0.00,1.20,14,0.12,1817.68,5,0,3,7,6,139.57,3,26,0,2,139.57,0.00,0.50,0.00,0,8.00,2,351.28,0,5,6,org.apache.solr.highlight.HighlightingPluginBase,0.57,2,1,6,0,2,0,1,3,91,1
"org.apache.solr.highlight.SolrEncoder",2,0.00,1.00,3,0.02,111.57,2,0,5,2,9,125.02,12,4,4,3,157.25,0.00,0.67,0.00,0,2.00,1,67.83,0,1,5,,0.00,0,2,2,0,0,1,0,2,23,1
"org.apache.solr.highlight.SolrFormatter",2,0.00,1.00,3,0.02,111.57,2,0,5,2,9,125.02,12,4,4,3,157.25,0.00,0.67,0.00,0,2.00,1,67.83,0,1,5,,0.00,0,2,2,0,0,1,0,2,23,1
"org.apache.solr.highlight.SolrFragListBuilder",2,0.00,1.00,3,0.02,98.26,2,0,5,2,10,139.81,11,4,5,3,157.68,0.00,0.67,0.00,0,2.00,1,58.95,0,1,5,,0.00,0,2,2,0,0,1,0,2,21,1
"org.apache.solr.highlight.SolrFragmenter",2,0.00,1.00,3,0.02,111.57,2,0,5,2,10,125.02,12,4,5,3,157.25,0.00,0.67,0.00,0,2.00,1,67.83,0,1,5,,0.00,0,2,2,0,0,1,0,2,23,1
"org.apache.solr.highlight.SolrFragmentsBuilder",6,0.40,1.83,30,0.42,14990.86,8,2,7,14,13,168.03,7,42,5,2,118.03,2.00,0.25,0.17,2,18.00,4,1267.10,0,5,8,org.apache.solr.highlight.HighlightingPluginBase,0.00,8,1,11,2,8,1,2,1,271,2
"org.apache.solr.highlight.SolrHighlighter",5,6.00,2.40,35,0.65,28584.30,11,6,17,23,22,77.47,34,52,11,1,109.69,0.00,0.00,0.00,1,5.00,8,1945.02,0,2,13,java.lang.Object,0.00,18,0,12,3,18,3,0,12,378,2
"org.apache.solr.highlight.TermOffsetsTokenStream",2,0.57,1.00,17,0.13,1703.59,9,7,41,4,29,114.24,0,20,2,1,114.24,0.00,0.00,0.43,0,0.00,1,382.30,0,1,27,java.lang.Object,0.00,2,0,2,0,2,1,0,0,91,0
"org.apache.solr.highlight.TermOffsetsTokenStream$MultiValuedStream",2,0.00,3.50,22,0.24,12746.01,4,2,41,6,2,101.91,0,31,0,3,101.91,0.00,0.67,0.50,0,0.00,6,720.81,0,0,2,org.apache.lucene.analysis.TokenStream,0.30,4,2,7,0,4,2,0,0,149,1
"org.apache.solr.highlight.TokenOrderingFilter",2,0.25,3.50,27,0.34,14897.78,6,4,41,14,29,138.55,5,36,1,4,98.67,0.00,0.75,0.38,0,2.00,6,1023.27,0,0,28,org.apache.lucene.analysis.TokenFilter,0.29,12,3,7,0,12,2,0,5,199,1
"org.apache.lucene.search.payloads.AveragePayloadFunction",4,0.00,2.00,15,0.19,4820.42,4,0,0,6,5,110.91,22,27,4,2,128.78,0.00,0.50,0.00,0,4.00,4,583.87,0,0,1,org.apache.lucene.search.payloads.PayloadFunction,0.25,2,1,8,0,2,4,0,2,138,1
"org.apache.lucene.search.payloads.MaxPayloadFunction",4,0.00,2.25,18,0.21,5539.26,4,0,0,7,2,105.74,22,31,1,2,123.62,0.00,0.50,0.00,0,4.00,4,644.33,0,0,1,org.apache.lucene.search.payloads.PayloadFunction,0.25,3,1,9,0,3,4,0,2,149,1
"org.apache.lucene.search.payloads.MinPayloadFunction",4,0.00,2.25,18,0.21,5539.26,4,0,0,7,1,105.74,20,31,0,2,123.62,0.00,0.50,0.00,0,4.00,4,644.33,0,0,1,org.apache.lucene.search.payloads.PayloadFunction,0.25,3,1,9,0,3,4,0,2,149,1
"org.apache.lucene.search.payloads.PayloadFunction",4,0.00,1.00,5,0.07,617.90,4,0,1,4,5,111.47,31,8,5,1,153.76,0.00,0.00,0.00,0,4.00,1,209.53,0,0,0,java.lang.Object,0.00,0,0,4,3,0,4,1,3,61,2
"org.apache.lucene.search.payloads.PayloadHelper",1,3.00,2.00,27,0.46,19227.89,7,6,12,13,11,63.57,14,29,2,1,83.71,0.00,0.00,0.50,0,0.00,2,1385.65,0,1,9,java.lang.Object,0.00,12,0,2,0,12,0,0,4,257,1
"org.apache.lucene.search.payloads.PayloadHelper$PayloadAnalyzer",1,0.00,1.00,5,0.05,928.15,1,0,12,3,1,121.56,0,8,0,2,121.56,0.00,0.50,0.00,0,1.00,1,148.92,0,1,1,org.apache.lucene.index.Analyzer,0.00,2,1,1,0,2,0,0,0,38,2
"org.apache.lucene.search.payloads.PayloadHelper$PayloadFilter",2,0.67,3.00,20,0.20,5207.46,5,3,12,6,3,106.55,0,33,0,4,106.55,0.00,0.75,0.67,0,0.00,5,601.27,0,0,3,org.apache.lucene.analysis.TokenFilter,0.29,4,3,6,0,4,2,0,0,128,2
"org.apache.lucene.search.payloads.PayloadNearQuery",7,0.17,3.00,58,0.74,31030.32,9,2,17,28,18,148.23,15,80,2,4,108.34,0.00,0.75,0.36,0,16.00,10,2228.19,3,3,16,org.apache.lucene.search.spans.SpanNearQuery,0.22,21,3,21,0,21,4,0,2,468,1
"org.apache.lucene.search.payloads.PayloadNearQuery$PayloadNearSpanScorer",6,0.25,2.33,49,0.69,31596.69,10,4,17,19,7,147.70,12,67,0,4,107.81,0.00,0.75,0.46,2,0.00,6,2071.19,3,1,7,org.apache.lucene.search.spans.SpanScorer,0.57,13,3,14,0,13,5,0,3,424,1
"org.apache.lucene.search.payloads.PayloadNearQuery$PayloadNearSpanWeight",2,0.00,1.00,5,0.08,1191.27,2,0,17,6,5,137.92,0,12,0,3,137.92,0.00,0.67,0.00,0,2.00,1,236.46,0,1,5,org.apache.lucene.search.spans.SpanWeight,0.00,4,2,2,0,4,1,0,0,57,1
"org.apache.lucene.search.payloads.PayloadSpanUtil",4,1.00,6.75,97,1.49,181186.18,5,1,20,30,17,82.65,19,105,2,1,82.41,0.00,0.00,0.25,2,6.00,21,4484.42,0,1,15,java.lang.Object,0.00,26,0,27,0,26,3,0,3,722,1
"org.apache.lucene.search.payloads.PayloadTermQuery",3,2.00,1.00,12,0.10,1313.27,5,2,14,4,18,127.98,12,17,4,4,127.74,0.00,0.75,0.00,0,3.00,1,311.96,0,1,14,org.apache.lucene.search.spans.SpanTermQuery,0.00,1,3,3,0,1,2,0,1,81,1
"org.apache.lucene.search.payloads.PayloadTermQuery$PayloadTermWeight",4,0.00,3.25,22,0.33,12093.52,4,0,14,9,6,117.25,0,40,0,3,117.25,0.00,0.67,0.00,0,6.00,8,976.89,2,1,6,org.apache.lucene.search.spans.SpanWeight,0.00,5,2,13,0,5,3,0,0,213,1
"org.apache.lucene.search.payloads.PayloadTermQuery$PayloadTermWeight$PayloadTermSpanScorer",7,0.08,1.71,47,0.64,22118.78,11,4,14,27,7,114.53,30,67,0,4,114.29,0.00,0.75,0.32,2,16.00,3,1907.58,3,1,7,org.apache.lucene.search.spans.SpanScorer,0.55,20,3,12,0,20,6,0,12,388,1
"org.apache.lucene.search.payloads.TestPayloadNearQuery",8,0.07,1.75,112,1.55,59023.20,12,4,26,32,25,118.27,25,110,0,3,97.66,0.00,0.67,0.19,1,0.00,4,4648.87,1,2,25,org.apache.lucene.util.LuceneTestCase,0.15,24,2,14,0,24,6,0,19,862,1
"org.apache.lucene.search.payloads.TestPayloadNearQuery$BoostingSimilarity",7,0.00,1.00,15,0.16,1989.82,7,0,26,8,1,140.45,5,23,0,2,140.45,0.00,0.50,0.00,0,7.00,1,466.89,0,1,1,org.apache.lucene.index.DefaultSimilarity,0.00,1,1,7,0,1,6,0,5,122,1
"org.apache.lucene.search.payloads.TestPayloadNearQuery$BoostingSimilarity$IDFExplanation",2,0.00,1.00,5,0.03,286.06,2,0,26,2,0,142.80,0,9,0,1,142.80,0.00,0.00,0.00,0,2.00,1,81.08,0,1,0,java.lang.Object,0.00,0,0,2,0,0,1,0,0,26,0
"org.apache.lucene.search.payloads.TestPayloadNearQuery$PayloadAnalyzer",1,0.00,1.00,5,0.05,910.04,1,0,26,3,3,121.62,0,8,0,2,121.62,0.00,0.50,0.00,0,1.00,1,144.78,0,1,3,org.apache.lucene.analysis.Analyzer,0.00,2,1,1,0,2,0,0,0,37,1
"org.apache.lucene.search.payloads.TestPayloadNearQuery$PayloadFilter",2,0.33,2.00,18,0.17,4535.06,5,3,26,5,4,108.82,0,24,0,4,108.82,0.00,0.75,0.50,0,0.00,3,501.43,0,0,4,org.apache.lucene.analysis.TokenFilter,0.29,3,3,4,0,3,2,0,0,110,1
"org.apache.lucene.search.payloads.TestPayloadTermQuery",8,0.02,2.00,128,2.28,118352.56,14,6,26,42,28,113.70,30,144,0,3,93.09,0.00,0.67,0.19,0,0.00,4,6839.23,1,0,28,org.apache.lucene.util.LuceneTestCase,0.15,34,2,16,0,34,8,0,23,1190,1
"org.apache.lucene.search.payloads.TestPayloadTermQuery$BoostingSimilarity",7,0.00,1.14,15,0.16,2175.62,7,0,26,7,0,140.11,5,30,0,2,140.11,0.00,0.50,0.00,0,7.00,2,472.43,0,0,0,org.apache.lucene.index.DefaultSimilarity,0.00,0,1,8,0,0,7,0,5,124,1
"org.apache.lucene.search.payloads.TestPayloadTermQuery$FullSimilarity",1,0.00,1.00,3,0.03,358.76,1,0,26,1,0,183.08,1,5,0,2,133.08,0.00,0.50,0.00,0,1.00,1,101.35,0,0,0,org.apache.lucene.index.DefaultSimilarity,0.00,0,1,1,0,0,1,0,1,27,1
"org.apache.lucene.search.payloads.TestPayloadTermQuery$PayloadAnalyzer",1,0.00,1.00,5,0.05,910.04,1,0,26,3,3,121.62,0,8,0,2,121.62,0.00,0.50,0.00,0,1.00,1,144.78,0,1,3,org.apache.lucene.analysis.Analyzer,0.00,2,1,1,0,2,0,0,0,37,1
"org.apache.lucene.search.payloads.TestPayloadTermQuery$PayloadFilter",2,0.67,3.00,22,0.21,6191.34,5,3,26,6,4,104.41,0,30,0,4,104.41,0.00,0.75,0.67,0,0.00,5,638.10,0,0,4,org.apache.lucene.analysis.TokenFilter,0.29,4,3,6,0,4,2,0,0,134,1
"org.apache.solr.util.plugin.AbstractPluginLoader",8,0.00,3.12,77,1.28,94360.91,12,4,11,22,8,54.60,82,112,3,1,103.08,0.00,0.00,0.25,3,16.00,12,3837.39,0,1,5,java.lang.Object,0.00,14,0,25,2,14,7,0,15,665,2
"org.apache.solr.util.plugin.AbstractPluginLoader$PluginInitInfo",1,2.00,1.00,6,0.04,417.53,3,2,11,1,0,121.34,0,10,0,1,121.34,0.00,0.00,0.00,0,1.00,1,112.24,0,0,0,java.lang.Object,0.00,0,0,1,0,0,1,0,0,33,1
"org.apache.solr.util.plugin.MapInitializedPlugin",1,0.00,1.00,2,0.01,91.08,1,0,1,1,0,112.12,6,3,0,1,144.34,0.00,0.00,0.00,0,1.00,1,41.70,0,0,0,,0.00,0,0,1,0,0,1,0,1,15,1
"org.apache.solr.util.plugin.MapPluginLoader",3,0.50,1.33,12,0.16,3231.29,4,1,3,7,2,174.60,5,21,0,2,124.60,0.00,0.50,0.67,0,1.00,2,486.73,0,0,2,org.apache.solr.util.plugin.AbstractPluginLoader,0.00,4,1,4,0,4,3,0,1,113,1
"org.apache.solr.util.plugin.NamedListInitializedPlugin",1,0.00,1.00,2,0.01,30.51,1,0,1,1,7,115.86,6,3,6,1,148.08,0.00,0.00,0.00,0,1.00,1,25.51,0,0,1,,0.00,0,0,1,0,0,1,0,1,11,1
"org.apache.solr.util.plugin.NamedListPluginLoader",3,0.50,1.33,11,0.14,2483.99,4,1,3,6,2,180.16,4,20,0,2,130.16,0.00,0.50,0.67,0,1.00,2,406.22,0,0,2,org.apache.solr.util.plugin.AbstractPluginLoader,0.00,3,1,4,0,3,3,0,1,99,1
"org.apache.solr.util.plugin.PluginInfoInitialized",1,0.00,1.00,2,0.01,41.48,1,0,1,1,4,114.81,6,3,3,1,147.03,0.00,0.00,0.00,0,1.00,1,27.65,0,0,1,,0.00,0,0,1,0,0,1,0,1,11,1
"org.apache.solr.util.plugin.ResourceLoaderAware",1,0.00,1.00,2,0.01,30.51,1,0,1,1,19,168.70,3,4,18,1,148.08,0.00,0.00,0.00,0,1.00,1,25.51,0,0,1,,0.00,0,0,1,0,0,1,0,1,11,1
"org.apache.solr.util.plugin.SolrCoreAware",1,0.00,1.00,2,0.01,30.51,1,0,1,1,13,168.70,3,4,12,1,148.08,0.00,0.00,0.00,0,1.00,1,25.51,0,0,1,,0.00,0,0,1,0,0,1,0,1,11,1
"org.apache.lucene.analysis.query.QueryAutoStopWordAnalyzer",10,0.00,2.70,103,1.44,72641.10,14,4,11,41,9,53.06,98,126,1,2,103.06,0.00,0.50,0.25,1,18.00,6,4319.90,2,4,8,org.apache.lucene.analysis.Analyzer,0.00,31,1,27,0,31,6,0,18,847,2
"org.apache.lucene.analysis.query.QueryAutoStopWordAnalyzer$SavedStreams",0,0.00,0.00,3,0.01,97.50,2,2,11,0,1,171.00,5,5,0,1,171.00,0.00,0.00,0.00,0,0.00,0,39.00,0,0,1,java.lang.Object,0.00,0,0,0,0,0,0,0,2,13,1
"org.apache.lucene.analysis.query.QueryAutoStopWordAnalyzerTest",11,0.18,1.09,86,1.13,28665.60,17,6,20,34,18,162.56,12,98,0,4,112.56,0.00,0.75,0.33,1,0.00,2,3400.70,3,0,18,org.apache.lucene.analysis.BaseTokenStreamTestCase,0.18,23,3,12,0,23,11,0,5,680,1
"org.apache.lucene.analysis.query.QueryAutoStopWordAnalyzerTest$NonreusableAnalyzer",1,0.00,2.00,4,0.07,1410.19,2,1,20,3,4,123.58,0,10,0,2,123.58,0.00,0.50,1.00,0,0.00,2,207.51,0,1,4,org.apache.lucene.analysis.Analyzer,0.00,2,1,2,0,2,0,0,0,48,1
"org.apache.lucene.analysis.util.StemmerUtil",4,0.00,3.00,21,0.33,14602.12,4,0,0,7,0,79.06,51,30,0,1,116.62,0.00,0.00,0.00,0,4.00,4,985.83,0,0,0,java.lang.Object,0.00,3,0,12,0,3,4,0,7,209,1
"org.apache.lucene.store.je.Block",6,0.30,1.33,32,0.57,20287.45,8,2,3,14,4,117.07,5,43,2,1,117.07,0.00,0.00,0.75,1,0.00,2,1724.46,0,0,3,java.lang.Object,0.00,8,1,8,0,8,6,0,2,350,1
"org.apache.lucene.store.je.File",11,0.11,2.64,111,1.68,85683.95,18,7,12,40,6,102.83,7,152,6,1,102.83,0.00,0.00,0.25,2,34.00,8,5028.84,0,1,1,java.lang.Object,0.00,29,1,29,0,29,10,0,4,909,1
"org.apache.lucene.store.je.JEDirectory",14,0.17,1.57,68,0.97,40965.35,19,5,20,48,10,141.76,42,107,5,2,121.14,0.00,0.50,0.04,1,38.00,5,2895.02,0,4,8,org.apache.lucene.store.Directory,0.12,34,1,22,0,34,10,0,7,598,1
"org.apache.lucene.store.je.JEIndexInput",8,0.37,2.12,55,0.74,35370.02,13,5,2,20,6,113.09,4,86,2,2,113.09,0.00,0.50,0.52,0,0.00,4,2227.48,1,1,5,org.apache.lucene.store.IndexInput,0.52,12,1,17,0,12,7,0,1,451,1
"org.apache.lucene.store.je.JEIndexOutput",8,0.36,2.00,58,0.74,29896.40,16,8,2,21,5,161.18,8,85,3,2,111.18,0.00,0.50,0.44,2,0.00,4,2219.50,0,0,4,org.apache.lucene.store.IndexOutput,0.54,13,1,16,0,13,8,0,2,455,1
"org.apache.lucene.store.je.JELock",4,0.33,1.00,9,0.06,681.51,5,1,1,4,2,192.20,4,21,1,2,142.20,0.00,0.50,0.75,0,0.00,1,179.54,0,0,1,org.apache.lucene.store.Lock,0.75,0,1,4,0,0,4,0,1,54,1
"org.apache.lucene.store.je.JEStoreTest",5,0.69,18.20,406,6.07,1052372.28,9,4,19,53,6,107.22,6,477,0,3,57.22,0.00,0.67,0.80,0,0.00,38,18207.61,3,0,6,org.apache.lucene.util.LuceneTestCase,0.35,48,2,91,0,48,5,0,1,2774,1
"org.apache.solr.response.BaseResponseWriter",3,0.25,7.67,89,1.46,108852.31,5,2,20,56,17,59.93,42,104,2,1,80.07,0.00,0.00,0.33,1,5.00,13,4370.12,0,1,15,java.lang.Object,0.00,53,0,23,2,53,2,0,8,699,2
"org.apache.solr.response.BaseResponseWriter$DocListInfo",1,3.00,1.00,10,0.08,1398.34,5,4,20,1,0,108.93,0,12,0,1,108.93,0.00,0.00,0.25,0,0.00,1,250.04,0,0,0,java.lang.Object,0.00,0,0,1,0,0,1,0,0,64,2
"org.apache.solr.response.BaseResponseWriter$IdxInfo",1,3.00,3.00,13,0.16,6061.19,5,4,20,3,2,149.41,1,19,0,1,99.41,0.00,0.00,0.25,0,0.00,3,494.74,0,0,2,java.lang.Object,0.00,2,0,3,0,2,1,0,1,105,2
"org.apache.solr.response.BaseResponseWriter$SingleResponseWriter",9,0.00,1.00,11,0.09,642.92,9,0,20,9,2,108.30,79,11,0,1,156.40,0.00,0.00,0.00,0,9.00,1,284.93,0,0,2,java.lang.Object,0.00,0,0,9,0,0,9,0,9,89,3
"org.apache.solr.response.BinaryQueryResponseWriter",1,0.00,1.00,2,0.02,127.23,1,0,4,1,8,94.72,10,3,6,2,143.20,0.00,0.50,0.00,0,1.00,1,63.62,0,0,2,,0.00,0,1,1,0,0,1,0,2,19,1
"org.apache.solr.response.BinaryResponseWriter",5,2.00,1.40,48,0.73,18912.38,7,2,15,21,38,147.04,14,59,2,1,107.15,0.00,0.00,0.00,0,5.00,2,2181.11,0,2,36,java.lang.Object,0.00,16,0,7,1,16,3,1,4,440,1
"org.apache.solr.response.BinaryResponseWriter$Resolver",4,0.39,5.50,77,1.09,53302.05,10,6,15,36,11,130.31,8,93,0,1,90.43,0.00,0.00,0.46,2,0.00,9,3279.00,0,2,11,java.lang.Object,0.00,32,0,22,0,32,2,1,8,585,2
"org.apache.solr.response.CSVResponseWriter",3,0.00,1.00,9,0.08,1391.15,3,0,22,6,20,182.21,4,15,1,1,132.21,0.00,0.00,0.00,0,4.00,1,245.55,0,1,19,java.lang.Object,0.00,3,0,3,0,3,2,1,2,62,1
"org.apache.solr.response.CSVWriter",22,0.03,3.68,252,4.54,428078.92,47,25,22,93,19,148.08,23,326,1,2,98.08,0.00,0.50,0.07,7,0.00,39,13624.74,2,0,18,org.apache.solr.response.TextResponseWriter,0.03,71,1,81,0,71,22,0,23,2197,0
"org.apache.solr.response.CSVWriter$CSVField",0,0.00,0.00,6,0.05,785.16,5,5,22,1,2,171.00,3,7,0,1,171.00,0.00,0.00,0.00,0,0.00,0,162.85,0,0,2,java.lang.Object,0.00,1,0,0,0,1,0,0,3,36,1
"org.apache.solr.response.CSVWriter$CSVSharedBufPrinter",2,0.00,1.00,7,0.05,531.50,2,0,22,2,0,134.11,1,10,0,2,134.11,0.00,0.50,0.00,0,0.00,1,146.86,0,0,0,org.apache.commons.csv.CSVPrinter,0.00,0,1,2,0,0,2,0,1,41,0
"org.apache.solr.response.CSVWriter$OpenCharArrayWriter",1,0.00,1.00,3,0.01,116.61,1,0,22,1,0,136.93,0,3,0,2,136.93,0.00,0.50,0.00,0,1.00,1,44.04,0,0,0,java.io.CharArrayWriter,0.00,0,1,1,0,0,1,0,0,15,1
"org.apache.solr.response.CSVWriter$ResettableFastWriter",5,0.17,1.20,22,0.15,2374.10,8,3,22,9,1,127.42,0,25,0,3,127.42,0.00,0.67,0.47,0,0.00,2,446.17,1,0,1,org.apache.solr.common.util.FastWriter,0.00,4,2,6,0,4,5,0,0,114,1
"org.apache.solr.response.GenericBinaryResponseWriter",3,0.00,1.00,6,0.08,922.70,3,0,6,4,6,120.04,43,13,0,2,140.18,0.00,0.50,0.00,1,3.00,1,252.96,1,1,6,org.apache.solr.response.BaseResponseWriter,0.00,1,1,3,0,1,2,1,4,65,2
"org.apache.solr.response.GenericTextResponseWriter",2,0.00,1.00,4,0.06,645.40,2,0,5,2,6,173.40,40,10,0,2,140.01,0.00,0.50,0.00,1,2.00,1,173.74,1,1,6,org.apache.solr.response.BaseResponseWriter,0.00,0,1,2,0,0,1,1,3,46,2
"org.apache.solr.response.JSONResponseWriter",3,1.00,1.00,10,0.09,1523.24,4,1,17,6,20,181.90,4,16,3,1,131.90,0.00,0.00,0.00,0,4.00,1,276.65,0,1,17,java.lang.Object,0.00,3,0,3,1,3,2,1,2,69,1
"org.apache.solr.response.JSONWriter",35,0.06,3.51,488,5.71,311594.72,46,11,17,98,20,137.94,80,552,4,2,98.06,3.00,0.20,0.04,23,325.00,13,17126.41,4,0,16,org.apache.solr.response.TextResponseWriter,0.00,63,1,123,3,63,35,0,65,3070,0
"org.apache.solr.response.JSONWriter$MultiValueField",1,2.00,1.00,7,0.07,1209.86,3,2,17,3,2,115.20,0,9,0,1,115.20,0.00,0.00,0.00,0,1.00,1,206.14,0,0,2,java.lang.Object,0.00,2,0,1,0,2,1,0,0,51,2
"org.apache.solr.response.JSONWriter$NaNFloatWriter",5,0.00,2.20,21,0.25,5797.95,5,0,17,12,3,124.23,0,31,0,3,124.23,0.00,0.67,0.00,4,7.00,4,748.07,0,2,3,org.apache.solr.response.JSONWriter,0.00,7,2,11,0,7,3,0,0,168,1
"org.apache.solr.response.PHPResponseWriter",3,1.00,1.00,10,0.09,1523.24,4,1,4,6,6,131.90,1,16,1,1,131.90,0.00,0.00,0.00,0,4.00,1,276.65,0,1,5,java.lang.Object,0.00,3,0,3,1,3,2,1,1,69,1
"org.apache.solr.response.PHPSerializedResponseWriter",3,0.25,1.33,16,0.16,2833.21,5,2,13,8,15,89.21,19,23,2,1,121.43,0.00,0.00,0.33,0,2.00,2,481.47,0,1,13,java.lang.Object,0.00,5,0,4,1,5,2,1,5,111,1
"org.apache.solr.response.PHPSerializedWriter",23,0.48,2.17,151,2.09,114014.03,25,2,13,66,13,112.70,14,202,1,3,112.70,0.00,0.67,0.04,13,148.00,10,6276.88,3,0,12,org.apache.solr.response.JSONWriter,0.22,43,2,50,0,43,23,0,14,1192,0
"org.apache.solr.response.PHPWriter",9,0.00,1.33,37,0.40,14774.77,9,0,4,11,5,123.16,0,55,1,3,123.16,0.00,0.67,0.00,1,0.00,4,1189.42,1,0,4,org.apache.solr.response.JSONWriter,0.15,2,2,12,0,2,9,0,0,267,0
"org.apache.solr.response.PageTool",7,0.27,1.57,34,0.38,12560.88,12,5,4,16,5,122.81,0,47,1,1,122.81,0.00,0.00,0.43,0,0.00,5,1132.33,0,1,4,java.lang.Object,0.00,9,0,11,0,9,6,0,0,235,1
"org.apache.solr.response.PythonResponseWriter",3,1.00,1.00,10,0.09,1523.24,4,1,4,6,7,131.90,1,16,2,1,131.90,0.00,0.00,0.00,0,4.00,1,276.65,0,1,5,java.lang.Object,0.00,3,0,3,1,3,2,1,1,69,1
"org.apache.solr.response.PythonWriter",7,0.00,2.29,46,0.52,32276.11,7,0,4,14,4,95.06,37,53,1,2,112.93,0.00,0.50,0.00,1,7.00,9,1546.80,0,2,3,org.apache.solr.response.NaNFloatWriter,0.00,7,1,16,0,7,5,0,6,300,0
"org.apache.solr.response.QueryResponseWriter",3,3.00,1.00,7,0.07,681.82,6,3,5,3,26,130.86,47,8,22,2,141.21,0.00,0.50,0.00,0,3.00,1,216.29,0,1,4,,0.00,0,1,3,0,0,2,0,4,59,1
"org.apache.solr.response.RawResponseWriter",4,0.00,2.00,25,0.32,8482.24,6,2,7,15,8,83.40,24,40,3,1,115.62,0.00,0.00,0.50,1,4.00,3,951.01,0,2,5,java.lang.Object,0.00,11,0,8,1,11,2,1,4,204,1
"org.apache.solr.response.RubyResponseWriter",3,1.00,1.00,10,0.09,1523.24,4,1,4,6,7,131.90,1,16,2,1,131.90,0.00,0.00,0.00,0,4.00,1,276.65,0,1,5,java.lang.Object,0.00,3,0,3,1,3,2,1,1,69,1
"org.apache.solr.response.RubyWriter",6,0.00,1.50,27,0.26,8521.24,6,0,4,8,4,173.62,6,33,1,2,123.62,0.00,0.50,0.00,1,6.00,4,780.90,0,2,3,org.apache.solr.response.NaNFloatWriter,0.00,2,1,9,0,2,4,0,6,175,0
"org.apache.solr.response.SolrParamResourceLoader",5,0.75,1.60,18,0.25,5368.37,6,1,10,16,3,129.23,3,26,1,2,129.23,0.00,0.50,0.40,0,7.00,3,735.72,0,1,2,org.apache.velocity.runtime.resource.loader.ResourceLoader,0.00,11,1,8,0,11,4,0,3,161,1
"org.apache.solr.response.SolrQueryResponse",16,0.06,1.12,43,0.32,4626.03,22,6,3,20,107,98.07,120,60,105,1,140.36,0.00,0.00,0.11,1,134.00,2,953.65,0,5,2,java.lang.Object,0.00,4,0,18,1,4,11,0,24,256,1
"org.apache.solr.response.SolrVelocityResourceLoader",5,1.00,1.00,12,0.08,766.81,6,1,6,6,2,142.56,1,18,1,2,142.56,0.00,0.50,0.20,0,8.00,1,235.44,0,1,1,org.apache.velocity.runtime.resource.loader.ResourceLoader,0.00,1,1,5,0,1,4,0,1,69,1
"org.apache.solr.response.TestCSVResponseWriter",3,0.00,1.33,68,1.55,111776.78,3,0,10,19,9,66.99,17,89,0,3,84.86,0.00,0.67,0.00,1,4.00,2,4642.57,5,0,9,org.apache.solr.SolrTestCaseJ4,0.00,16,2,4,0,16,3,0,17,684,1
"org.apache.solr.response.TextResponseWriter",37,0.10,1.57,113,1.55,44277.47,44,7,15,59,40,178.86,43,126,29,1,128.86,0.00,0.00,0.04,18,308.00,18,4645.91,0,1,11,java.lang.Object,0.00,22,0,58,6,22,36,0,36,1003,2
"org.apache.solr.response.VelocityResponseWriter",6,0.00,3.17,88,1.45,79227.06,6,0,12,49,11,95.77,25,117,1,1,95.53,0.00,0.00,0.00,3,6.00,6,4343.35,0,4,10,java.lang.Object,0.00,43,0,19,0,43,2,1,25,742,1
"org.apache.solr.response.XMLResponseWriter",3,0.00,1.00,6,0.05,495.79,3,0,4,4,6,192.30,4,10,1,1,142.30,0.00,0.00,0.00,0,4.00,1,164.02,0,1,5,java.lang.Object,0.00,1,0,3,1,1,2,1,2,46,1
"org.apache.solr.response.XMLWriter",43,0.00,3.07,420,5.83,316237.40,62,19,18,122,47,125.31,131,506,33,1,104.70,0.00,0.00,0.05,22,608.00,18,17495.28,0,0,16,java.lang.Object,0.00,79,0,132,0,79,43,0,95,3168,2
"org.apache.solr.response.XMLWriter$Comparator",1,0.00,1.00,6,0.06,1208.77,1,0,18,3,1,157.59,2,6,0,1,117.70,0.00,0.00,0.00,0,1.00,1,178.97,0,0,1,java.lang.Object,0.00,2,0,1,0,2,1,0,2,45,0
"org.apache.solr.response.XMLWriter$DocumentListInfo",5,0.00,1.00,6,0.03,180.13,5,0,18,5,0,158.74,0,7,0,1,158.74,0.00,0.00,0.00,0,5.00,1,94.04,0,1,0,,0.00,0,0,5,0,0,4,0,0,35,2
"org.apache.solr.response.XMLWriter$DocumentListInfo_0",5,0.00,1.20,13,0.09,1231.61,5,0,18,10,0,140.90,0,18,0,1,140.90,0.00,0.00,0.00,0,5.00,2,274.01,0,1,0,java.lang.Object,0.00,5,0,6,0,5,4,0,0,76,0
"org.apache.solr.response.XMLWriter$DocumentListInfo_1",5,0.00,1.40,21,0.22,6547.56,5,0,18,15,3,123.92,0,24,0,1,123.92,0.00,0.00,0.00,0,8.00,3,669.66,0,1,3,java.lang.Object,0.00,10,0,7,0,10,4,0,0,143,0
"org.apache.solr.response.XSLTResponseWriter",4,0.19,2.25,44,0.66,20122.12,11,7,18,30,9,103.05,17,56,1,1,102.82,0.00,0.00,0.29,1,6.00,3,1966.48,0,2,8,java.lang.Object,0.00,26,0,9,1,26,2,1,11,377,1
"org.apache.lucene.analysis.es.SpanishAnalyzer",5,0.50,1.80,21,0.29,6976.19,7,2,17,16,15,75.54,42,31,1,4,123.64,0.00,0.75,0.10,0,8.00,3,861.43,0,2,14,org.apache.lucene.analysis.StopwordAnalyzerBase,0.00,11,3,9,0,11,3,0,8,191,2
"org.apache.lucene.analysis.es.SpanishAnalyzer$DefaultSetHolder",0,0.00,0.00,6,0.05,843.89,1,1,17,0,2,171.00,2,11,0,1,171.00,0.00,0.00,0.00,0,0.00,0,162.56,0,0,2,java.lang.Object,0.00,0,0,0,0,0,0,0,2,40,2
"org.apache.lucene.analysis.es.SpanishLightStemFilter",2,0.33,2.00,14,0.16,3794.18,5,3,6,9,8,113.74,9,20,2,4,113.50,0.00,0.75,0.50,0,2.00,3,481.98,0,0,6,org.apache.lucene.analysis.TokenFilter,0.29,7,3,4,0,7,2,0,1,107,2
"org.apache.lucene.analysis.es.SpanishLightStemmer",1,0.00,13.00,25,0.50,37209.13,1,0,0,1,1,45.40,56,44,1,1,82.27,0.00,0.00,0.00,0,1.00,13,1513.96,0,0,0,java.lang.Object,0.00,0,0,13,0,0,1,0,4,260,1
"org.apache.lucene.analysis.es.TestSpanishAnalyzer",3,0.00,1.00,14,0.15,2836.17,3,0,5,7,3,164.99,6,19,0,4,125.11,0.00,0.75,0.00,0,0.00,1,450.25,2,0,3,org.apache.lucene.analysis.BaseTokenStreamTestCase,0.00,4,3,3,0,4,3,0,5,103,1
"org.apache.lucene.analysis.es.TestSpanishLightStemFilter",1,0.00,1.00,5,0.04,412.90,1,0,8,3,5,124.56,4,8,0,4,124.33,0.00,0.75,0.00,0,1.00,1,116.42,0,0,5,org.apache.lucene.analysis.BaseTokenStreamTestCase,0.00,2,3,1,0,2,1,0,2,31,1
"org.apache.lucene.analysis.es.TestSpanishLightStemFilter$ReusableAnalyzerBase",1,0.00,1.00,4,0.05,771.22,1,0,8,4,3,125.81,0,7,0,1,125.81,0.00,0.00,0.00,0,1.00,1,141.98,0,1,3,java.lang.Object,0.00,3,0,1,0,3,0,0,0,35,0
"org.apache.lucene.analysis.compound.CompoundWordTokenFilterBase",22,0.05,1.50,118,1.71,52114.62,38,16,16,67,16,158.15,48,147,5,4,118.26,0.67,0.50,0.11,5,134.00,4,5120.45,1,3,11,org.apache.lucene.analysis.TokenFilter,0.24,45,3,33,2,45,19,0,14,1050,2
"org.apache.lucene.analysis.compound.DictionaryCompoundWordTokenFilter",9,0.00,2.00,47,0.58,31054.46,9,0,5,13,7,87.53,122,65,2,5,116.91,0.00,0.80,0.00,0,16.00,10,1737.45,2,0,5,org.apache.lucene.analysis.compound.CompoundWordTokenFilterBase,0.00,4,4,18,0,4,9,0,10,369,1
"org.apache.lucene.analysis.compound.HyphenationCompoundWordTokenFilter",14,1.00,2.36,78,1.14,89188.80,15,1,12,26,9,85.39,182,133,2,5,114.77,0.00,0.80,0.07,1,46.00,15,3421.94,2,3,7,org.apache.lucene.analysis.compound.CompoundWordTokenFilterBase,0.00,12,4,33,0,12,11,0,25,684,1
"org.apache.lucene.analysis.compound.TestCompoundWordTokenFilter",7,0.00,1.00,53,1.56,37965.67,7,0,8,22,8,160.07,8,129,0,4,110.07,0.00,0.75,0.00,1,0.00,1,4687.81,1,1,8,org.apache.lucene.analysis.BaseTokenStreamTestCase,0.00,15,3,7,0,15,6,0,5,799,1
"org.tartarus.snowball.Among",1,6.00,3.00,20,0.25,8587.16,8,7,1,6,1,59.02,6,27,1,1,91.24,0.00,0.00,0.14,0,0.00,3,757.94,0,0,1,java.lang.Object,0.00,5,0,3,0,5,1,0,6,152,1
"org.tartarus.snowball.SnowballProgram",38,0.15,2.79,282,3.31,259473.45,45,7,3,52,28,148.93,97,379,26,1,109.05,0.00,0.00,0.29,7,0.00,18,9941.12,0,1,3,java.lang.Object,0.00,14,0,106,19,14,37,0,38,1958,2
"org.tartarus.snowball.TestApp",2,0.00,5.00,46,0.67,46563.45,2,0,10,26,1,85.45,0,56,0,1,85.45,0.00,0.00,0.00,1,2.00,9,2015.40,0,0,1,java.lang.Object,0.00,24,0,10,0,24,2,0,0,321,1
"org.apache.lucene.analysis.en.EnglishAnalyzer",5,1.00,1.80,20,0.27,6547.73,6,1,15,15,14,75.75,41,30,1,4,123.86,0.00,0.75,0.20,0,8.00,3,797.24,0,2,13,org.apache.lucene.analysis.StopwordAnalyzerBase,0.00,10,3,9,0,10,3,0,7,179,2
"org.apache.lucene.analysis.en.EnglishAnalyzer$DefaultSetHolder",0,0.00,0.00,2,0.02,396.00,1,1,15,0,1,171.00,0,3,0,1,171.00,0.00,0.00,0.00,0,0.00,0,72.00,0,0,1,java.lang.Object,0.00,0,0,0,0,0,0,0,0,18,2
"org.apache.lucene.analysis.en.EnglishMinimalStemFilter",2,0.33,2.00,14,0.16,3794.18,5,3,6,9,8,113.74,9,20,2,4,113.50,0.00,0.75,0.50,0,2.00,3,481.98,0,0,6,org.apache.lucene.analysis.TokenFilter,0.29,7,3,4,0,7,2,0,1,107,2
"org.apache.lucene.analysis.en.EnglishMinimalStemmer",1,0.00,4.00,10,0.22,22130.06,1,0,0,1,1,146.43,23,18,1,1,99.16,0.00,0.00,0.00,0,1.00,4,674.46,0,0,0,java.lang.Object,0.00,0,0,4,0,0,1,0,2,135,1
"org.apache.lucene.analysis.en.TestEnglishAnalyzer",3,0.00,1.00,14,0.15,2982.43,3,0,5,7,3,164.82,6,19,0,4,124.94,0.00,0.75,0.00,0,0.00,1,445.05,2,0,3,org.apache.lucene.analysis.BaseTokenStreamTestCase,0.00,4,3,3,0,4,3,0,5,103,1
"org.apache.lucene.analysis.en.TestEnglishMinimalStemFilter",1,0.00,1.00,13,0.11,1709.34,1,0,7,2,5,104.23,4,16,0,4,103.99,0.00,0.75,0.00,0,1.00,1,340.60,1,0,5,org.apache.lucene.analysis.BaseTokenStreamTestCase,0.00,1,3,1,0,1,1,0,2,77,1
"org.apache.lucene.analysis.en.TestEnglishMinimalStemFilter$ReusableAnalyzerBase",1,0.00,1.00,4,0.05,771.22,1,0,7,4,3,125.81,0,7,0,1,125.81,0.00,0.00,0.00,0,1.00,1,141.98,0,1,3,java.lang.Object,0.00,3,0,1,0,3,0,0,0,35,0
"org.apache.lucene.analysis.el.GreekAnalyzer",6,1.00,1.83,22,0.27,6356.43,7,1,13,15,13,79.24,59,33,2,4,129.24,0.00,0.75,0.00,0,10.00,3,818.62,0,2,11,org.apache.lucene.analysis.StopwordAnalyzerBase,0.00,9,3,11,0,9,4,0,8,189,2
"org.apache.lucene.analysis.el.GreekAnalyzer$DefaultSetHolder",0,0.00,0.00,6,0.06,870.09,1,1,13,0,1,171.00,2,10,0,1,171.00,0.00,0.00,0.00,0,0.00,0,167.97,0,0,1,java.lang.Object,0.00,0,0,0,0,0,0,0,2,41,2
"org.apache.lucene.analysis.el.GreekAnalyzerTest",5,0.00,1.00,22,0.39,6427.90,5,0,3,6,4,75.95,40,42,0,4,124.06,0.00,0.75,0.00,0,7.00,1,1182.24,2,0,4,org.apache.lucene.analysis.BaseTokenStreamTestCase,0.00,1,3,5,0,1,5,0,22,239,1
"org.apache.lucene.analysis.el.GreekLowerCaseFilter",4,0.33,1.50,33,0.41,8526.74,6,2,6,11,8,100.65,61,63,3,4,111.01,0.00,0.75,0.25,1,6.00,3,1230.44,0,0,5,org.apache.lucene.analysis.TokenFilter,0.25,7,3,6,0,7,4,0,37,246,2
"org.apache.lucene.analysis.el.GreekStemFilter",2,0.33,2.00,14,0.16,3794.18,5,3,6,9,8,71.21,14,20,2,4,113.50,0.00,0.75,0.50,0,2.00,3,481.98,0,0,6,org.apache.lucene.analysis.TokenFilter,0.29,7,3,4,0,7,2,0,1,107,2
"org.apache.lucene.analysis.el.GreekStemmer",27,0.03,4.74,286,8.53,459291.82,43,16,3,32,3,150.02,49,681,1,1,100.02,0.00,0.00,0.04,4,352.00,16,25590.34,0,0,2,java.lang.Object,0.00,5,0,128,0,5,27,0,26,4297,1
"org.apache.lucene.analysis.el.TestGreekStemmer",6,0.00,1.00,350,4.68,106423.51,7,1,2,7,3,23.28,63,357,0,4,71.76,0.00,0.75,1.00,0,0.00,1,14035.21,1,0,3,org.apache.lucene.analysis.BaseTokenStreamTestCase,0.00,1,3,6,0,1,6,0,63,2110,1
"org.apache.lucene.analysis.ASCIIFoldingFilter",4,0.11,60.00,706,25.69,1402237.44,7,3,4,9,9,44.75,1297,1960,4,4,42.63,0.00,0.75,0.42,1,4.00,233,77084.65,0,0,5,org.apache.lucene.analysis.TokenFilter,0.25,5,3,240,0,5,4,0,1249,7499,2
"org.apache.lucene.analysis.Analyzer",9,0.75,1.78,35,0.40,12653.82,10,1,7,21,289,110.41,53,61,285,1,128.28,0.00,0.00,0.33,2,18.00,3,1201.40,0,1,4,java.lang.Object,0.00,12,0,16,86,12,8,1,8,268,2
"org.apache.lucene.analysis.BaseCharFilter",4,0.33,2.25,21,0.24,8580.87,5,1,2,10,5,118.74,16,29,3,4,118.51,1.00,0.43,0.75,0,0.00,4,723.91,0,0,2,org.apache.lucene.analysis.CharFilter,0.31,6,3,9,3,6,4,0,2,162,2
"org.apache.lucene.analysis.BaseCharFilter$OffCorrectMap",2,0.00,1.00,14,0.11,2608.75,4,2,2,5,0,114.94,0,18,0,1,114.94,0.00,0.00,0.50,0,2.00,1,322.53,0,1,0,java.lang.Object,0.00,3,0,2,0,3,1,0,0,83,1
"org.apache.lucene.analysis.BaseTokenStreamTestCase",22,0.00,1.50,78,1.51,61533.66,22,0,5,45,13,125.97,6,106,7,3,125.97,85.50,0.01,0.00,3,22.00,12,4541.23,0,0,6,org.apache.lucene.util.LuceneTestCase,0.00,23,2,33,171,23,22,0,4,919,2
"org.apache.lucene.analysis.BaseTokenStreamTestCase$CheckClearAttributesAttribute",1,0.00,1.00,2,0.01,64.15,1,0,6,1,0,145.54,0,3,0,2,145.54,0.00,0.50,0.00,0,1.00,1,30.46,0,0,0,,0.00,0,1,1,0,0,1,0,0,12,2
"org.apache.lucene.analysis.BaseTokenStreamTestCase$CheckClearAttributesAttributeImpl",5,0.25,1.00,14,0.14,2349.79,6,1,6,8,1,138.73,0,29,0,2,138.73,0.00,0.50,0.80,0,0.00,1,424.21,0,0,1,org.apache.lucene.util.AttributeImpl,0.36,3,1,5,0,3,5,1,0,110,3
"org.apache.lucene.analysis.CachingTokenFilter",5,0.17,2.00,26,0.27,6474.99,8,3,5,13,15,160.14,13,40,12,4,120.26,0.00,0.75,0.47,1,1.00,3,799.19,0,0,3,org.apache.lucene.analysis.TokenFilter,0.71,8,3,10,0,8,5,0,5,182,2
"org.apache.lucene.analysis.CharArrayMap",31,0.00,2.45,239,3.08,184418.54,41,10,8,57,12,130.16,111,294,10,2,109.55,1.00,0.33,0.10,6,382.00,7,9241.67,1,5,3,java.util.AbstractMap,0.00,26,1,76,1,26,26,0,31,1868,1
"org.apache.lucene.analysis.CharArrayMap$CharArraySet",4,0.00,1.00,9,0.08,991.38,4,0,8,5,0,140.92,0,17,0,1,140.92,0.00,0.00,0.00,0,4.00,1,245.53,0,0,0,java.lang.Object,0.00,1,0,4,0,1,4,0,0,68,0
"org.apache.lucene.analysis.CharArrayMap$EmptyCharArrayMap<V>",7,0.00,1.86,21,0.25,4872.12,7,0,8,9,2,130.67,0,41,0,2,130.67,0.00,0.50,0.00,0,7.00,2,746.00,0,0,2,org.apache.lucene.analysis.UnmodifiableCharArrayMap,0.00,2,1,13,0,2,7,0,0,180,3
"org.apache.lucene.analysis.CharArrayMap$EntryIterator",9,0.00,1.22,30,0.25,4799.82,12,3,8,12,0,131.68,5,41,0,1,131.68,0.00,0.00,0.33,2,7.00,2,744.63,0,2,0,java.lang.Object,0.00,3,0,11,0,3,7,1,5,188,1
"org.apache.lucene.analysis.CharArrayMap$EntrySet",6,0.80,1.50,20,0.25,7677.10,7,1,8,13,1,128.64,0,34,0,2,128.64,0.00,0.50,0.33,0,14.00,3,745.18,0,1,1,java.util.AbstractSet,0.00,7,1,9,0,7,5,0,0,173,2
"org.apache.lucene.analysis.CharArrayMap$MapEntry",5,0.00,1.40,17,0.20,4496.74,7,2,8,9,1,129.86,2,27,0,1,129.86,0.00,0.00,0.50,0,0.00,2,595.55,0,2,1,java.lang.Object,0.00,4,0,7,0,4,3,1,2,144,2
"org.apache.lucene.analysis.CharArrayMap$UnmodifiableCharArrayMap",8,0.00,1.00,17,0.16,2137.62,8,0,8,10,1,140.66,0,33,0,3,140.66,0.00,0.67,0.00,0,8.00,1,489.24,0,1,1,org.apache.lucene.analysis.CharArrayMap,0.23,2,2,8,0,2,7,0,0,135,1
"org.apache.lucene.analysis.CharArraySet",20,0.05,1.70,65,0.86,27401.46,23,3,5,40,75,86.09,143,101,73,2,128.38,0.00,0.50,0.28,2,62.00,4,2574.55,0,6,3,java.util.AbstractSet,0.00,20,1,34,0,20,14,0,19,592,1
"org.apache.lucene.analysis.CharArraySet$Deprecated",6,0.20,1.17,19,0.15,3061.35,8,2,5,8,0,131.84,3,27,0,1,131.84,0.00,0.00,0.33,2,6.00,2,444.90,0,1,0,java.lang.Object,0.00,2,0,7,0,2,5,1,2,117,1
"org.apache.lucene.analysis.CharFilter",8,0.14,1.00,18,0.17,2909.00,9,1,1,14,4,179.49,16,33,3,3,139.61,3.00,0.22,0.88,1,0.00,1,510.64,0,0,1,org.apache.lucene.analysis.CharStream,0.33,6,2,8,6,6,8,0,3,140,2
"org.apache.lucene.analysis.CharReader",8,0.29,1.12,18,0.18,3333.97,9,1,2,14,13,139.11,6,34,12,3,139.11,0.00,0.67,0.75,0,0.00,2,538.74,0,1,1,org.apache.lucene.analysis.CharStream,0.33,6,2,9,0,6,7,0,1,146,2
"org.apache.lucene.analysis.CharStream",1,0.00,1.00,2,0.01,109.02,1,0,1,1,19,143.25,16,3,19,2,143.73,8.00,0.10,0.00,0,1.00,1,42.11,0,0,0,java.io.Reader,0.00,0,1,1,8,0,1,0,2,15,2
"org.apache.lucene.analysis.CharTokenizer",15,0.10,2.40,117,1.55,97119.17,28,13,9,36,15,71.70,185,165,8,4,109.26,2.67,0.25,0.17,2,71.00,11,4658.20,2,0,7,org.apache.lucene.analysis.Tokenizer,0.25,21,3,36,8,21,15,0,39,888,2
"org.apache.lucene.analysis.Deprecated",3,0.33,14.33,115,1.94,150538.51,6,3,1,6,5,88.23,103,197,2,4,74.44,0.00,0.75,0.56,1,1.00,38,5809.43,0,0,3,org.apache.lucene.analysis.TokenFilter,0.27,3,3,43,0,3,3,0,90,859,2
"org.apache.lucene.analysis.KeywordAnalyzer",2,0.00,1.00,4,0.04,567.13,2,0,1,4,14,180.34,4,8,12,3,140.46,0.00,0.67,0.00,0,2.00,1,119.65,0,0,2,org.apache.lucene.analysis.ReusableAnalyzerBase,0.00,2,2,2,0,2,2,0,1,34,2
"org.apache.lucene.analysis.KeywordMarkerFilter",3,0.00,2.00,14,0.19,4038.07,6,3,5,9,59,73.74,27,23,53,4,123.74,0.00,0.75,0.33,0,4.00,3,580.39,0,0,6,org.apache.lucene.analysis.TokenFilter,0.27,6,3,6,0,6,3,0,3,133,2
"org.apache.lucene.analysis.KeywordTokenizer",7,0.10,1.57,38,0.43,16141.03,12,5,5,13,27,118.34,4,52,23,4,118.34,0.00,0.75,0.29,0,9.00,5,1285.71,2,0,4,org.apache.lucene.analysis.Tokenizer,0.33,6,3,11,0,6,7,0,2,277,2
"org.apache.lucene.analysis.LengthFilter",2,0.33,2.00,14,0.14,3345.01,5,3,2,3,5,81.71,13,21,2,4,113.93,0.00,0.75,0.50,0,2.00,3,430.17,0,0,3,org.apache.lucene.analysis.TokenFilter,0.29,1,3,4,0,1,2,0,6,99,2
"org.apache.lucene.analysis.LetterTokenizer",7,0.00,1.00,15,0.13,1254.13,7,0,3,8,10,92.03,69,24,7,5,142.03,0.50,0.57,0.00,0,7.00,1,401.53,0,0,3,org.apache.lucene.analysis.CharTokenizer,0.13,1,4,7,2,1,7,0,8,113,1
"org.apache.lucene.analysis.LimitTokenCountAnalyzer",6,0.20,1.00,16,0.19,3030.94,8,2,3,12,4,188.48,7,32,0,2,138.48,0.00,0.50,0.67,0,0.00,1,566.08,0,3,4,org.apache.lucene.analysis.Analyzer,0.00,6,1,6,0,6,3,0,2,145,2
"org.apache.lucene.analysis.LimitTokenCountFilter",3,0.00,1.33,14,0.12,2076.73,5,2,1,3,4,165.99,7,21,2,4,126.11,0.00,0.75,0.50,0,1.00,2,348.76,1,0,2,org.apache.lucene.analysis.TokenFilter,0.53,0,3,4,0,0,3,0,2,87,2
"org.apache.lucene.analysis.LowerCaseFilter",3,0.00,1.67,20,0.21,6580.65,5,2,4,10,57,83.32,18,26,52,4,115.54,0.00,0.75,0.50,0,1.00,3,626.75,0,0,5,org.apache.lucene.analysis.TokenFilter,0.27,7,3,5,0,7,3,0,3,136,2
"org.apache.lucene.analysis.LowerCaseTokenizer",7,0.00,1.00,16,0.14,1388.91,7,0,3,8,32,93.20,72,25,29,6,141.68,0.00,0.83,0.00,0,7.00,1,415.90,0,0,3,org.apache.lucene.analysis.LetterTokenizer,0.13,1,5,7,0,1,7,0,8,117,2
"org.apache.lucene.analysis.MappingCharFilter",8,0.03,3.75,79,0.96,64272.66,13,5,3,21,7,154.35,8,96,3,5,104.35,0.00,0.80,0.22,4,14.00,10,2884.18,2,0,4,org.apache.lucene.analysis.BaseCharFilter,0.24,13,4,30,0,13,8,0,3,570,1
"org.apache.lucene.analysis.NormalizeCharMap",1,3.00,5.00,22,0.28,15784.53,4,3,2,9,5,49.93,12,25,5,1,87.49,0.00,0.00,0.00,0,1.00,5,854.31,0,0,0,java.lang.Object,0.00,8,0,5,0,8,1,0,2,162,1
"org.apache.lucene.analysis.NumericTokenStream",11,0.11,1.91,67,0.78,24529.51,20,9,8,26,15,66.98,110,92,7,3,115.46,0.00,0.67,0.21,0,0.00,7,2344.40,0,5,9,org.apache.lucene.analysis.TokenStream,0.32,15,2,21,0,15,6,0,14,488,2
"org.apache.lucene.analysis.PayloadSetter",2,0.67,1.50,13,0.13,2688.71,5,3,9,5,8,117.24,1,17,1,4,117.24,0.00,0.75,0.67,0,0.00,2,387.78,0,0,7,org.apache.lucene.analysis.TokenFilter,0.29,3,3,3,0,3,2,0,1,89,1
"org.apache.lucene.analysis.PerFieldAnalyzerWrapper",8,0.29,1.62,30,0.37,8324.65,10,2,5,17,6,111.46,43,50,3,2,129.33,0.00,0.50,0.75,0,0.00,2,1106.52,0,1,3,org.apache.lucene.analysis.Analyzer,0.00,9,1,13,0,9,7,0,6,257,2
"org.apache.lucene.analysis.PorterStemFilter",2,0.33,2.00,10,0.17,3936.19,5,3,3,10,15,81.27,24,16,10,4,118.83,0.00,0.75,0.50,0,2.00,3,501.61,0,0,5,org.apache.lucene.analysis.TokenFilter,0.29,8,3,4,0,8,2,0,1,111,2
"org.apache.lucene.analysis.PorterStemmer",27,0.15,6.96,291,3.24,141694.34,34,7,5,46,3,104.19,116,333,2,1,103.96,0.00,0.00,0.29,14,0.00,52,9717.31,0,2,1,java.lang.Object,0.00,19,0,188,0,19,25,0,33,1867,0
"org.apache.lucene.analysis.ReusableAnalyzerBase",3,0.00,1.33,11,0.15,3773.62,3,0,2,6,27,146.86,56,21,25,2,128.73,32.00,0.03,0.00,1,3.00,2,439.24,2,2,2,org.apache.lucene.analysis.Analyzer,0.00,3,1,4,32,3,1,0,5,101,2
"org.apache.lucene.analysis.ReusableAnalyzerBase$TokenStreamComponents",4,0.17,1.25,15,0.12,2145.65,6,2,2,6,2,83.55,34,22,0,1,131.66,0.00,0.00,0.38,0,4.00,2,357.75,0,1,2,java.lang.Object,0.00,2,0,5,0,2,3,0,5,95,2
"org.apache.lucene.analysis.SimpleAnalyzer",3,1.00,1.00,9,0.08,1066.02,4,1,2,5,62,100.89,20,14,59,3,133.12,0.00,0.67,0.33,0,4.00,1,228.87,0,0,3,org.apache.lucene.analysis.ReusableAnalyzerBase,0.00,2,2,3,0,2,3,0,3,62,2
"org.apache.lucene.analysis.StopAnalyzer",5,1.00,1.20,18,0.30,4757.51,6,1,7,9,25,87.41,37,35,18,4,129.71,0.00,0.75,0.20,0,11.00,2,908.02,0,0,7,org.apache.lucene.analysis.StopwordAnalyzerBase,0.00,4,3,6,0,4,5,0,7,193,2
"org.apache.lucene.analysis.StopFilter",17,0.19,1.76,54,0.80,20235.79,21,4,8,27,51,80.37,179,83,44,4,128.85,0.00,0.75,0.07,1,43.00,4,2411.36,0,8,7,org.apache.lucene.analysis.TokenFilter,0.14,10,3,30,0,10,9,0,20,539,2
"org.apache.lucene.analysis.StopwordAnalyzerBase",4,0.33,1.75,15,0.22,6304.29,6,2,6,10,29,83.77,47,24,25,3,127.89,12.50,0.07,0.25,0,8.00,3,667.06,0,2,4,org.apache.lucene.analysis.ReusableAnalyzerBase,0.00,6,2,7,25,6,2,0,7,147,2
"org.apache.lucene.analysis.TeeSinkTokenFilter",7,1.00,2.43,46,0.53,16895.54,8,1,7,23,8,66.65,74,61,4,4,115.13,0.00,0.75,0.00,1,12.00,6,1587.60,1,0,4,org.apache.lucene.analysis.TokenFilter,0.42,16,3,17,0,16,7,0,10,334,2
"org.apache.lucene.analysis.TeeSinkTokenFilter$SinkFilter",2,0.00,1.00,3,0.02,126.08,2,0,7,2,1,157.06,9,5,0,1,156.83,0.00,0.00,0.00,0,2.00,1,59.16,0,0,1,java.lang.Object,0.00,0,0,2,0,0,2,0,3,21,3
"org.apache.lucene.analysis.TeeSinkTokenFilter$SinkFilter_0",1,0.00,1.00,3,0.02,175.12,1,0,7,1,1,135.54,0,5,0,1,135.54,0.00,0.00,0.00,0,1.00,1,54.60,0,0,1,java.lang.Object,0.00,0,0,1,0,0,1,0,0,17,0
"org.apache.lucene.analysis.TeeSinkTokenFilter$SinkTokenStream",7,0.04,1.57,29,0.31,6731.83,11,4,7,15,2,124.95,1,44,0,3,124.95,0.00,0.67,0.29,0,20.00,3,930.29,0,0,2,org.apache.lucene.analysis.TokenStream,0.60,8,2,11,0,8,7,0,1,215,3
"org.apache.lucene.analysis.TestASCIIFoldingFilter",3,0.00,2.33,110,10.43,352791.14,3,0,5,21,4,35.99,1528,1587,0,4,72.82,0.00,0.75,0.00,1,3.00,5,31284.65,0,0,4,org.apache.lucene.analysis.BaseTokenStreamTestCase,0.00,18,3,7,0,18,3,0,1528,3196,1
"org.apache.lucene.analysis.TestAnalyzers",7,0.00,1.29,55,0.70,17483.93,7,0,9,18,13,133.28,26,79,0,4,112.66,0.00,0.75,0.00,1,12.00,3,2085.33,1,0,13,org.apache.lucene.analysis.BaseTokenStreamTestCase,0.00,11,3,9,0,11,7,0,6,443,1
"org.apache.lucene.analysis.TestAnalyzers$Deprecated",1,0.00,1.00,3,0.04,486.13,1,0,8,3,4,132.04,0,6,0,2,132.04,0.00,0.50,0.00,0,1.00,1,115.70,0,1,4,org.apache.lucene.analysis.Analyzer,0.00,2,1,1,0,2,0,0,0,31,2
"org.apache.lucene.analysis.TestAnalyzers$LowerCaseWhitespaceAnalyzer",1,0.00,1.00,3,0.04,476.88,1,0,8,3,4,132.11,0,8,0,2,132.11,0.00,0.50,0.00,0,1.00,1,113.66,0,1,4,org.apache.lucene.analysis.Analyzer,0.00,2,1,1,0,2,0,0,0,30,2
"org.apache.lucene.analysis.TestAnalyzers$PayloadSetter",2,0.67,1.50,13,0.13,2688.71,5,3,8,5,4,117.24,1,17,0,4,117.24,0.00,0.75,0.67,0,0.00,2,387.78,0,0,4,org.apache.lucene.analysis.TokenFilter,0.29,3,3,3,0,3,2,0,1,89,1
"org.apache.lucene.analysis.TestCachingTokenFilter",2,1.00,1.50,40,0.55,15550.46,3,1,12,26,13,131.62,4,44,0,4,91.74,0.00,0.75,0.50,1,2.00,2,1652.46,0,0,13,org.apache.lucene.analysis.BaseTokenStreamTestCase,0.00,24,3,3,0,24,2,0,4,304,1
"org.apache.lucene.analysis.TestCachingTokenFilter$TokenStream",1,0.00,2.00,11,0.11,2388.36,4,3,12,3,1,105.39,0,14,0,1,105.39,0.00,0.00,1.00,0,0.00,2,334.59,0,0,1,java.lang.Object,0.00,2,0,2,0,2,1,0,0,75,0
"org.apache.lucene.analysis.TestCharArrayMap",5,1.00,4.20,166,2.66,224378.58,6,1,7,49,3,117.28,11,186,0,3,77.39,0.00,0.67,0.20,1,0.00,9,7985.27,0,0,3,org.apache.lucene.util.LuceneTestCase,0.00,44,2,21,0,44,5,0,11,1368,1
"org.apache.lucene.analysis.TestCharArraySet",5,0.50,3.40,93,1.30,83056.61,6,1,2,24,2,72.79,25,115,0,3,90.66,0.00,0.67,0.60,0,2.00,10,3910.83,0,0,2,org.apache.lucene.util.LuceneTestCase,0.00,19,2,17,0,19,5,0,12,735,1
"org.apache.lucene.analysis.TestCharFilter",4,0.00,1.00,15,0.22,2814.37,4,0,2,10,3,130.78,0,20,0,3,130.78,0.00,0.67,0.00,0,4.00,1,668.10,0,0,3,org.apache.lucene.util.LuceneTestCase,0.00,6,2,4,0,6,4,0,0,152,1
"org.apache.lucene.analysis.TestCharFilter$CharFilter1",2,0.00,1.00,5,0.03,407.16,2,0,2,2,2,141.59,0,9,0,4,141.59,0.00,0.75,0.00,0,2.00,1,99.28,0,0,2,org.apache.lucene.analysis.CharFilter,0.36,0,3,2,0,0,2,0,0,31,1
"org.apache.lucene.analysis.TestCharFilter$CharFilter2",2,0.00,1.00,5,0.03,407.16,2,0,2,2,2,141.59,0,9,0,4,141.59,0.00,0.75,0.00,0,2.00,1,99.28,0,0,2,org.apache.lucene.analysis.CharFilter,0.36,0,3,2,0,0,2,0,0,31,1
"org.apache.lucene.analysis.TestCharTokenizers",11,0.00,1.82,82,1.00,28056.50,11,0,6,25,5,152.40,24,105,0,4,112.51,0.00,0.75,0.00,0,0.00,3,3008.19,1,0,5,org.apache.lucene.analysis.BaseTokenStreamTestCase,0.00,14,3,20,0,14,11,0,10,625,1
"org.apache.lucene.analysis.TestCharTokenizers$TestingCharTokenizer",3,0.00,1.00,7,0.07,831.59,3,0,6,4,2,140.53,0,13,0,5,140.53,0.00,0.80,0.00,0,3.00,1,205.70,0,0,2,org.apache.lucene.analysis.CharTokenizer,0.29,1,4,3,0,1,3,0,0,57,2
"org.apache.lucene.analysis.TestCharTokenizers$TestingCharTokenizerNormalize",3,0.00,1.00,7,0.05,689.91,3,0,6,3,2,141.17,0,13,0,5,141.17,0.00,0.80,0.00,0,3.00,1,161.37,0,0,2,org.apache.lucene.analysis.CharTokenizer,0.29,0,4,3,0,0,3,0,0,49,2
"org.apache.lucene.analysis.TestCharTokenizers$TestingCharTokenizerNormalizeIsTokenChar",5,0.00,1.00,11,0.10,1357.21,5,0,6,6,2,140.61,0,22,0,5,140.61,0.00,0.80,0.00,0,5.00,1,304.24,0,0,2,org.apache.lucene.analysis.CharTokenizer,0.54,1,4,5,0,1,5,0,0,86,2
"org.apache.lucene.analysis.TestISOLatin1AccentFilter",2,0.00,1.00,84,1.01,84070.98,2,0,2,12,3,74.04,0,87,0,4,74.04,0.00,0.75,0.00,1,2.00,1,3034.12,0,0,3,org.apache.lucene.analysis.BaseTokenStreamTestCase,0.00,10,3,2,0,10,2,0,0,527,1
"org.apache.lucene.analysis.TestKeywordAnalyzer",4,0.17,1.00,42,0.70,15795.73,6,2,14,32,18,105.38,1,51,0,4,105.38,0.00,0.75,0.38,0,4.00,1,2092.51,1,0,18,org.apache.lucene.analysis.BaseTokenStreamTestCase,0.11,28,3,4,0,28,4,0,1,403,1
"org.apache.lucene.analysis.TestKeywordMarkerFilter",1,0.00,2.00,12,0.24,9392.78,1,0,8,9,6,125.58,19,22,0,4,99.30,0.00,0.75,0.00,0,0.00,2,710.84,1,0,6,org.apache.lucene.analysis.BaseTokenStreamTestCase,0.00,8,3,2,0,8,1,0,2,138,1
"org.apache.lucene.analysis.TestKeywordMarkerFilter$LowerCaseFilterMock",2,0.00,2.00,12,0.14,3102.55,4,2,8,8,4,116.69,0,18,0,4,116.69,0.00,0.75,0.50,0,2.00,3,433.32,0,0,4,org.apache.lucene.analysis.TokenFilter,0.29,6,3,4,0,6,2,0,0,97,3
"org.apache.lucene.analysis.TestLengthFilter",1,0.00,1.00,12,0.16,3858.95,1,0,2,10,4,102.50,0,15,0,4,102.50,0.00,0.75,0.00,0,1.00,1,470.51,0,0,4,org.apache.lucene.analysis.BaseTokenStreamTestCase,0.00,9,3,1,0,9,1,0,0,97,1
"org.apache.lucene.analysis.TestMappingCharFilter",13,0.00,1.00,89,1.16,21415.03,14,1,2,22,7,156.53,29,93,0,4,116.64,0.00,0.75,1.00,0,0.00,1,3476.42,2,0,7,org.apache.lucene.analysis.BaseTokenStreamTestCase,0.09,9,3,13,0,9,13,0,29,716,1
"org.apache.lucene.analysis.TestNumericTokenStream",3,0.25,3.00,35,0.51,18504.59,5,2,3,17,4,152.05,4,39,0,4,102.05,0.00,0.75,0.33,0,5.00,3,1522.62,0,0,4,org.apache.lucene.analysis.BaseTokenStreamTestCase,0.00,14,3,9,0,14,3,0,4,289,1
"org.apache.lucene.analysis.TestPerFieldAnalzyerWrapper",1,0.00,1.00,13,0.19,5062.85,1,0,2,12,5,99.80,16,22,0,4,100.28,0.00,0.75,0.00,0,1.00,1,574.60,0,0,5,org.apache.lucene.analysis.BaseTokenStreamTestCase,0.00,11,3,1,0,11,1,0,1,115,1
"org.apache.lucene.analysis.TestPorterStemFilter",2,0.00,1.00,10,0.13,1970.10,2,0,8,10,9,141.97,7,13,0,4,121.35,0.00,0.75,0.00,0,2.00,1,377.90,1,0,9,org.apache.lucene.analysis.BaseTokenStreamTestCase,0.00,8,3,2,0,8,2,0,2,83,1
"org.apache.lucene.analysis.TestPorterStemFilter$ReusableAnalyzerBase",1,0.00,1.00,4,0.05,753.46,1,0,8,4,3,125.89,0,7,0,1,125.89,0.00,0.00,0.00,0,1.00,1,135.44,0,1,3,java.lang.Object,0.00,3,0,1,0,3,0,0,0,34,0
"org.apache.lucene.analysis.TestStandardAnalyzer",25,0.17,1.08,109,1.44,29785.93,26,1,7,29,7,174.30,40,146,0,4,124.30,0.00,0.75,0.84,0,0.00,2,4319.05,1,0,7,org.apache.lucene.analysis.BaseTokenStreamTestCase,0.00,4,3,27,0,4,25,0,26,974,1
"org.apache.lucene.analysis.TestStopAnalyzer",5,0.25,1.80,50,0.70,17777.10,7,2,8,21,5,105.60,1,61,0,4,105.60,0.00,0.75,0.30,0,10.00,2,2095.61,1,0,5,org.apache.lucene.analysis.BaseTokenStreamTestCase,0.10,16,3,9,0,16,5,0,1,399,1
"org.apache.lucene.analysis.TestStopFilter",6,1.00,3.00,102,1.58,99732.54,7,1,9,33,6,141.61,10,93,0,4,91.61,0.00,0.75,0.17,2,10.00,8,4726.79,0,0,6,org.apache.lucene.analysis.BaseTokenStreamTestCase,0.00,27,3,18,0,27,6,0,8,829,1
"org.apache.lucene.analysis.TestTeeSinkTokenFilter",5,0.31,5.00,156,2.50,175518.92,9,4,11,39,12,119.09,12,161,0,4,79.21,0.00,0.75,0.50,0,5.00,11,7504.02,1,0,12,org.apache.lucene.analysis.BaseTokenStreamTestCase,0.10,34,3,25,0,34,5,0,6,1246,1
"org.apache.lucene.analysis.TestTeeSinkTokenFilter$ModuloSinkFilter",2,0.50,1.00,9,0.08,1499.92,4,2,11,2,1,125.90,0,13,0,2,125.90,0.00,0.50,0.75,0,0.00,1,227.39,0,0,1,TeeSinkTokenFilter.SinkFilter,0.00,0,1,2,0,0,2,0,0,57,0
"org.apache.lucene.analysis.TestTeeSinkTokenFilter$ModuloTokenFilter",2,0.00,1.50,15,0.11,3531.74,4,2,11,2,2,113.81,1,19,0,4,113.81,0.00,0.75,0.50,0,2.00,2,315.33,0,0,2,org.apache.lucene.analysis.TokenFilter,0.29,0,3,3,0,0,2,0,1,77,0
"org.apache.lucene.analysis.TestTeeSinkTokenFilter$TeeSinkTokenFilter.SinkFilter",1,0.00,1.00,4,0.05,853.17,1,0,11,4,1,125.46,0,6,0,1,125.46,0.00,0.00,0.00,0,1.00,1,149.49,0,0,1,java.lang.Object,0.00,3,0,1,0,3,1,0,0,37,0
"org.apache.lucene.analysis.TestTeeSinkTokenFilter$TeeSinkTokenFilter.SinkFilter_0",1,0.00,1.00,4,0.05,853.17,1,0,11,4,1,125.46,0,6,0,1,125.46,0.00,0.00,0.00,0,1.00,1,149.49,0,0,1,java.lang.Object,0.00,3,0,1,0,3,1,0,0,37,0
"org.apache.lucene.analysis.TestToken",8,0.00,1.75,141,1.83,117255.06,8,0,6,33,13,74.29,46,151,0,3,92.17,0.00,0.67,0.00,0,8.00,6,5499.87,0,0,13,org.apache.lucene.util.LuceneTestCase,0.00,25,2,14,0,25,8,0,6,1080,1
"org.apache.lucene.analysis.TestToken$SenselessAttribute",0,0.00,0.00,1,0.01,31.02,0,0,6,0,0,171.00,0,1,0,2,171.00,0.00,0.50,0.00,0,0.00,0,15.51,0,0,0,,0.00,0,1,0,0,0,0,0,0,6,1
"org.apache.lucene.analysis.TestToken$SenselessAttributeImpl",4,0.00,1.00,7,0.06,665.56,4,0,6,4,1,153.51,0,10,0,2,153.51,0.00,0.50,0.00,0,4.00,1,183.13,0,0,1,org.apache.lucene.util.AttributeImpl,0.40,0,1,4,0,0,4,1,0,55,3
"org.apache.lucene.analysis.Token",37,0.23,1.32,187,1.90,52629.52,44,7,12,57,91,77.74,283,250,81,2,120.03,0.00,0.50,0.36,2,0.00,5,5713.97,5,10,10,org.apache.lucene.analysis.tokenattributes.TermAttributeImpl,0.00,20,1,49,0,20,27,5,39,1284,1
"org.apache.lucene.analysis.Token$TokenAttributeFactory",4,0.67,2.00,14,0.18,5042.81,5,1,12,8,2,128.63,2,24,0,2,128.63,0.00,0.50,0.50,1,4.00,3,536.13,0,1,2,AttributeSource.AttributeFactory,0.00,4,1,8,0,4,3,0,1,128,3
"org.apache.lucene.analysis.TokenFilter",4,0.33,1.00,11,0.09,1296.02,5,1,1,7,137,160.62,12,19,136,3,140.00,51.50,0.02,0.75,0,0.00,1,261.65,0,0,1,org.apache.lucene.analysis.TokenStream,0.75,3,2,4,103,3,4,0,6,74,2
"org.apache.lucene.analysis.TokenStream",8,0.00,1.25,20,0.19,4954.58,8,0,9,14,525,117.59,112,31,520,2,137.73,158.00,0.01,0.00,1,8.00,3,583.86,0,0,6,org.apache.lucene.util.AttributeSource,0.00,6,1,10,158,6,8,1,9,143,2
"org.apache.lucene.analysis.Tokenizer",9,0.88,1.22,23,0.20,3474.44,10,1,3,12,148,159.97,27,34,144,3,139.36,10.50,0.08,0.22,0,19.00,2,591.95,0,0,4,org.apache.lucene.analysis.TokenStream,0.18,3,2,11,21,3,9,0,13,161,2
"org.apache.lucene.analysis.VocabularyAssert",4,0.00,1.75,30,0.47,14257.01,4,0,8,18,2,161.38,6,45,0,1,111.38,0.00,0.00,0.00,1,4.00,3,1408.38,0,0,2,java.lang.Object,0.00,14,0,7,0,14,4,0,6,284,1
"org.apache.lucene.analysis.WhitespaceAnalyzer",3,1.00,1.00,9,0.08,1066.02,4,1,2,5,131,100.89,20,15,128,3,133.12,0.00,0.67,0.33,0,4.00,1,228.87,0,1,3,org.apache.lucene.analysis.ReusableAnalyzerBase,0.00,2,2,3,0,2,2,0,3,62,2
"org.apache.lucene.analysis.WhitespaceTokenizer",7,0.00,1.00,18,0.13,1503.37,7,0,3,8,142,91.41,63,27,139,5,141.41,0.00,0.80,0.00,0,7.00,1,395.32,0,0,3,org.apache.lucene.analysis.CharTokenizer,0.13,1,4,7,0,1,7,0,8,115,2
"org.apache.lucene.analysis.WordlistLoader",9,0.00,3.33,83,1.23,81648.18,9,0,9,28,24,59.83,105,137,24,1,103.96,0.00,0.00,0.00,2,9.00,7,3704.07,0,9,0,java.lang.Object,0.00,19,0,30,0,19,0,0,10,712,1
"org.apache.lucene.queryParser.core.config.FieldConfig",3,1.00,1.33,10,0.09,1389.59,4,1,1,4,13,99.92,20,16,12,2,132.14,0.00,0.50,0.00,0,3.00,2,265.96,1,2,1,org.apache.lucene.util.AttributeSource,0.00,1,1,4,0,1,1,0,3,69,1
"org.apache.lucene.queryParser.core.config.FieldConfigListener",1,0.00,1.00,2,0.01,30.51,1,0,0,1,4,185.12,30,3,3,1,148.08,0.00,0.00,0.00,0,1.00,1,25.51,0,0,1,,0.00,0,0,1,0,0,1,0,3,11,1
"org.apache.lucene.queryParser.core.config.QueryConfigHandler",2,1.00,1.50,10,0.10,2049.99,3,1,4,6,50,154.51,40,13,46,2,121.12,2.00,0.25,0.00,0,2.00,2,286.32,0,0,5,org.apache.lucene.util.AttributeSource,0.00,4,1,3,2,4,2,0,3,70,2
"org.apache.lucene.analysis.compound.hyphenation.ByteVector",11,0.30,1.36,49,0.38,9177.18,15,4,1,12,1,165.35,23,65,1,1,125.47,0.00,0.00,0.52,0,0.00,2,1125.74,0,0,0,java.lang.Object,0.00,1,0,15,0,1,11,1,7,273,1
"org.apache.lucene.analysis.compound.hyphenation.CharVector",13,0.27,1.31,55,0.44,10529.69,17,4,1,16,2,175.58,24,74,2,1,125.58,0.00,0.00,0.50,0,0.00,2,1313.41,0,1,0,java.lang.Object,0.00,3,0,17,0,3,12,2,7,318,1
"org.apache.lucene.analysis.compound.hyphenation.Hyphen",3,1.00,1.33,23,0.20,7050.11,6,3,1,7,1,113.10,12,29,1,1,112.86,0.00,0.00,1.00,0,0.00,2,596.14,0,1,0,java.lang.Object,0.00,4,0,4,0,4,2,1,1,140,1
"org.apache.lucene.analysis.compound.hyphenation.Hyphenation",3,0.00,1.00,8,0.04,406.54,4,1,0,3,2,143.22,14,12,2,1,142.98,0.00,0.00,1.00,0,0.00,1,123.63,0,0,0,java.lang.Object,0.00,0,0,3,0,0,3,0,4,39,1
"org.apache.lucene.analysis.compound.hyphenation.HyphenationDTDGenerator",1,0.00,1.00,4,0.31,4548.14,2,1,13,3,1,119.74,0,74,1,1,119.74,0.00,0.00,1.00,0,0.00,1,934.37,0,1,0,java.lang.Object,0.00,2,0,1,0,2,0,0,0,161,0
"org.apache.lucene.analysis.compound.hyphenation.HyphenationException",1,0.00,1.00,3,0.02,106.02,1,0,0,1,2,105.03,6,5,2,2,137.25,0.00,0.50,0.00,0,1.00,1,45.51,0,0,0,java.lang.Exception,0.00,0,1,1,0,0,1,0,2,16,1
"org.apache.lucene.analysis.compound.hyphenation.HyphenationTree",15,0.00,3.80,223,2.81,296489.24,20,5,6,52,9,49.98,171,257,3,2,94.11,0.00,0.50,0.20,5,66.00,14,8434.56,4,4,6,org.apache.lucene.analysis.compound.hyphenation.TernaryTree,0.00,37,1,57,0,37,11,2,50,1569,1
"org.apache.lucene.analysis.compound.hyphenation.PatternConsumer",3,0.00,1.00,4,0.03,133.57,3,0,1,3,2,109.91,25,5,2,1,158.02,0.00,0.00,0.00,0,3.00,1,86.02,0,0,0,,0.00,0,0,3,0,0,3,0,4,30,1
"org.apache.lucene.analysis.compound.hyphenation.PatternParser",24,0.03,3.12,239,2.88,140866.38,35,11,13,83,6,145.35,71,299,2,2,105.47,0.00,0.50,0.12,4,176.00,10,8646.42,0,8,4,org.xml.sax.helpers.DefaultHandler,0.00,59,1,75,0,59,16,1,31,1694,1
"org.apache.lucene.analysis.compound.hyphenation.TernaryTree",21,0.13,2.48,222,2.52,179312.94,30,9,3,36,4,70.31,138,263,3,1,102.53,0.00,0.00,0.23,11,83.00,9,7548.92,0,2,1,java.lang.Object,0.00,15,0,52,1,15,19,2,43,1560,1
"org.apache.lucene.analysis.compound.hyphenation.TernaryTree$Iterator",9,0.25,3.11,101,1.09,63247.80,13,4,3,29,1,122.22,30,132,0,1,101.60,0.00,0.00,0.47,2,0.00,10,3260.60,0,1,1,java.lang.Object,0.00,20,0,28,0,20,8,1,13,646,1
"org.apache.lucene.analysis.compound.hyphenation.TernaryTree$Iterator$Item",3,0.75,1.00,11,0.07,702.58,5,2,3,4,0,134.54,0,16,0,1,134.54,0.00,0.00,1.00,0,0.00,1,198.73,0,1,0,java.lang.Object,0.00,1,0,3,0,1,2,1,0,58,1
"org.apache.lucene.LucenePackage",2,0.00,1.00,4,0.02,235.98,2,0,0,3,3,93.46,19,6,3,1,143.46,0.00,0.00,0.00,0,2.00,1,69.80,0,1,0,java.lang.Object,0.00,1,0,2,0,1,1,0,4,23,2
"org.apache.lucene.TestAssertions",2,0.00,3.00,27,0.21,2974.49,2,0,4,12,3,104.21,0,38,0,3,104.21,0.00,0.67,0.00,0,2.00,4,632.13,0,0,3,org.apache.lucene.util.LuceneTestCase,0.00,10,2,6,0,10,2,0,0,148,1
"org.apache.lucene.TestAssertions$TestAnalyzer1",2,0.00,1.00,5,0.04,319.65,2,0,4,2,2,142.42,0,4,0,2,142.42,0.00,0.50,0.00,0,2.00,1,111.72,0,2,2,org.apache.lucene.analysis.Analyzer,0.00,0,1,2,0,0,0,0,0,32,1
"org.apache.lucene.TestAssertions$TestAnalyzer2",2,0.00,1.00,5,0.04,264.23,2,0,4,2,2,143.07,0,4,0,2,143.07,0.00,0.50,0.00,0,2.00,1,105.69,0,2,2,org.apache.lucene.analysis.Analyzer,0.00,0,1,2,0,0,0,0,0,31,2
"org.apache.lucene.TestAssertions$TestAnalyzer3",2,0.00,1.00,5,0.03,246.12,2,0,4,2,2,143.31,0,4,0,2,143.31,0.00,0.50,0.00,0,2.00,1,101.55,0,2,2,org.apache.lucene.analysis.Analyzer,0.00,0,1,2,0,0,0,0,0,30,1
"org.apache.lucene.TestAssertions$TestAnalyzer4",2,0.00,1.00,5,0.04,282.89,2,0,4,2,2,142.84,0,4,0,2,142.84,0.00,0.50,0.00,0,2.00,1,106.64,0,2,2,org.apache.lucene.analysis.Analyzer,0.00,0,1,2,0,0,0,0,0,31,1
"org.apache.lucene.TestAssertions$TestTokenStream1",1,0.00,1.00,3,0.01,116.61,1,0,4,1,1,136.93,0,3,0,3,136.93,0.00,0.67,0.00,0,1.00,1,44.04,0,0,1,org.apache.lucene.analysis.TokenStream,0.33,0,2,1,0,0,1,0,0,15,1
"org.apache.lucene.TestAssertions$TestTokenStream2",1,0.00,1.00,3,0.01,109.13,1,0,4,1,1,137.15,0,3,0,3,137.15,0.00,0.67,0.00,0,1.00,1,43.65,0,0,1,org.apache.lucene.analysis.TokenStream,0.33,0,2,1,0,0,1,0,0,15,2
"org.apache.lucene.TestAssertions$TestTokenStream3",1,0.00,1.00,3,0.01,91.02,1,0,4,1,1,137.77,0,3,0,3,137.77,0.00,0.67,0.00,0,1.00,1,39.51,0,0,1,org.apache.lucene.analysis.TokenStream,0.33,0,2,1,0,0,1,0,0,14,1
"org.apache.lucene.TestDemo",1,0.00,2.00,23,0.36,11555.87,1,0,16,19,15,58.67,13,25,0,3,88.05,0.00,0.67,0.00,0,0.00,2,1089.51,0,0,15,org.apache.lucene.util.LuceneTestCase,0.00,18,2,2,0,18,1,0,8,185,1
"org.apache.lucene.TestMergeSchedulerExternal",0,0.00,0.00,6,0.04,566.52,3,3,10,0,9,171.00,4,6,0,3,171.00,0.00,0.67,0.00,0,0.00,0,134.89,0,0,9,org.apache.lucene.util.LuceneTestCase,0.00,0,2,0,0,0,0,0,1,33,1
"org.apache.lucene.TestMergeSchedulerExternal$MyMergeException",1,1.00,1.00,5,0.03,372.64,2,1,10,1,1,124.68,0,7,0,2,124.68,0.00,0.50,0.00,0,1.00,1,101.48,0,0,1,java.lang.RuntimeException,0.00,0,1,1,0,0,1,0,0,29,1
"org.apache.lucene.TestMergeSchedulerExternal$MyMergeScheduler",4,0.00,1.25,37,0.44,10489.93,4,0,10,25,6,108.43,0,43,0,3,108.43,0.00,0.67,0.00,0,2.00,2,1333.46,2,1,6,org.apache.lucene.index.ConcurrentMergeScheduler,0.00,21,2,5,0,21,3,0,0,259,1
"org.apache.lucene.TestMergeSchedulerExternal$MyMergeScheduler$FailOnlyOnMerge",1,0.00,3.00,8,0.11,3080.70,1,0,10,6,1,109.59,0,10,0,2,109.59,0.00,0.50,0.00,0,1.00,3,316.06,0,0,1,MockRAMDirectory.Failure,0.00,5,1,3,0,5,1,0,0,66,2
"org.apache.lucene.TestMergeSchedulerExternal$MyMergeScheduler$MyMergeThread",1,0.00,1.00,4,0.04,420.51,1,0,10,1,1,127.88,0,7,0,2,127.88,0.00,0.50,0.00,0,0.00,1,109.84,0,0,1,ConcurrentMergeScheduler.MergeThread,0.00,0,1,1,0,0,1,0,0,29,1
"org.apache.lucene.TestSearch",4,0.00,1.75,55,0.83,30126.34,4,0,13,36,15,99.03,17,73,1,3,98.79,0.00,0.67,0.00,1,6.00,4,2495.40,0,0,14,org.apache.lucene.util.LuceneTestCase,0.00,32,2,7,0,32,4,0,9,434,1
"org.apache.lucene.TestSearchForDuplicates",5,0.05,2.00,72,1.10,47224.32,10,5,13,34,15,136.67,12,75,1,3,96.78,0.00,0.67,0.24,3,2.00,3,3285.86,0,0,14,org.apache.lucene.util.LuceneTestCase,0.00,29,2,10,0,29,5,0,5,597,1
"org.apache.lucene.demo.DeleteFiles",2,0.00,2.00,16,0.26,8508.81,2,0,5,14,4,90.70,11,23,0,1,108.58,0.00,0.00,0.00,0,2.00,3,766.36,0,0,4,java.lang.Object,0.00,12,0,4,0,12,2,0,7,139,1
"org.apache.lucene.demo.FileDocument",2,0.00,1.00,8,0.16,4664.84,2,0,5,9,4,84.46,24,13,1,1,122.02,0.00,0.00,0.00,0,2.00,1,480.08,0,1,3,java.lang.Object,0.00,7,0,2,0,7,1,0,13,100,1
"org.apache.lucene.demo.HTMLDocument",4,0.67,1.00,19,0.45,14166.88,5,1,3,21,5,102.72,22,29,1,1,120.59,0.00,0.00,0.50,0,4.00,1,1353.89,0,3,4,java.lang.Object,0.00,17,0,4,0,17,1,0,22,266,1
"org.apache.lucene.demo.IndexFiles",3,1.00,4.00,40,0.67,33492.63,4,1,10,25,6,137.14,6,56,0,1,97.25,0.00,0.00,0.33,1,4.00,6,2020.50,0,0,6,java.lang.Object,0.00,22,0,12,0,22,3,0,6,348,1
"org.apache.lucene.demo.IndexHTML",4,0.42,6.00,85,1.45,110017.84,8,4,13,41,10,38.20,35,108,0,1,86.31,0.00,0.00,0.56,1,0.00,10,4345.71,0,0,10,java.lang.Object,0.00,37,0,24,0,37,4,0,31,725,1
"org.apache.lucene.demo.SearchFiles",4,0.00,10.50,147,2.49,295639.82,4,0,21,38,15,31.77,29,175,0,1,74.07,0.00,0.00,0.00,2,4.00,21,7473.10,0,0,15,java.lang.Object,0.00,34,0,42,0,34,4,0,10,1127,1
"org.apache.lucene.demo.SearchFiles$Collector",4,0.33,1.00,11,0.12,1723.11,6,2,21,6,2,139.03,1,20,0,1,139.03,0.00,0.00,0.25,0,6.00,1,373.36,0,0,2,java.lang.Object,0.00,2,0,4,0,2,4,0,1,94,0
"org.apache.lucene.demo.SearchFiles$OneNormsReader",2,1.00,1.00,7,0.07,961.46,3,1,21,3,2,132.08,0,11,0,3,132.08,0.00,0.67,0.00,0,2.00,1,196.40,0,0,2,org.apache.lucene.index.FilterIndexReader,0.00,1,2,2,0,1,2,0,0,52,2
"org.apache.lucene.ant.ConfigurableDocumentHandler",1,0.00,1.00,2,0.01,51.70,1,0,1,1,1,146.28,0,3,1,2,146.28,0.00,0.50,0.00,0,1.00,1,33.60,0,0,0,,0.00,0,1,1,0,0,1,0,0,13,1
"org.apache.lucene.ant.DocumentHandler",1,0.00,1.00,2,0.01,51.00,1,0,2,1,4,102.20,11,4,2,1,146.32,0.00,0.00,0.00,0,1.00,1,34.00,0,1,2,,0.00,0,0,1,0,0,0,0,2,13,1
"org.apache.lucene.ant.DocumentHandlerException",7,0.67,1.29,25,0.18,3405.77,8,1,2,11,3,181.98,12,40,3,2,131.98,0.00,0.50,0.43,1,10.00,2,548.02,1,1,0,java.lang.Exception,0.00,4,1,9,0,4,6,0,4,145,1
"org.apache.lucene.ant.DocumentTestCase",2,0.00,1.00,7,0.08,1359.05,2,0,4,7,1,130.90,0,12,0,3,130.90,1.00,0.40,0.00,0,2.00,1,228.03,0,1,1,org.apache.lucene.util.LuceneTestCase,0.00,5,2,2,2,5,1,0,0,57,2
"org.apache.lucene.ant.FileExtensionDocumentHandler",1,0.00,4.00,11,0.13,4208.12,1,0,2,6,6,121.43,18,19,1,1,103.30,0.00,0.00,0.00,0,1.00,4,385.51,0,1,5,java.lang.Object,0.00,5,0,4,0,5,0,1,2,80,1
"org.apache.lucene.ant.HtmlDocument",10,0.56,2.10,103,1.62,56296.13,11,1,13,45,5,55.89,89,133,3,1,103.99,0.00,0.00,0.50,1,10.00,5,4852.20,0,6,2,java.lang.Object,0.00,35,0,21,0,35,4,0,23,937,1
"org.apache.lucene.ant.HtmlDocumentTest",4,0.33,1.00,11,0.10,933.52,5,1,3,10,2,141.12,0,19,0,4,141.12,0.00,0.75,0.75,0,0.00,1,285.49,1,0,2,org.apache.lucene.ant.DocumentTestCase,0.44,6,3,4,0,6,4,0,0,77,1
"org.apache.lucene.ant.IndexTask",14,0.02,2.79,127,2.07,155030.15,24,10,39,71,24,61.03,107,186,2,2,103.32,0.00,0.50,0.12,2,70.00,19,6201.06,0,1,22,org.apache.tools.ant.Task,0.00,57,1,39,0,57,13,0,45,997,1
"org.apache.lucene.ant.IndexTask$AnalyzerType",2,0.00,1.00,12,0.16,3329.92,3,1,39,7,4,166.61,3,17,0,2,116.61,0.00,0.50,1.00,0,0.00,1,485.36,0,2,4,org.apache.tools.ant.types.EnumeratedAttribute,0.00,5,1,2,0,5,0,0,1,118,2
"org.apache.lucene.ant.IndexTask$HandlerConfig",3,0.50,1.00,8,0.07,902.39,4,1,39,6,0,140.26,0,12,0,1,140.26,0.00,0.00,0.67,0,1.00,1,207.25,0,2,0,java.lang.Object,0.00,3,0,3,0,3,1,1,0,57,2
"org.apache.lucene.ant.IndexTaskTest",3,0.62,1.00,31,0.37,6927.11,7,4,12,26,9,107.45,14,38,0,3,107.21,0.00,0.67,0.67,0,0.00,1,1102.64,2,0,9,org.apache.lucene.util.LuceneTestCase,0.40,23,2,3,0,23,3,0,4,219,1
"org.apache.lucene.ant.TextDocument",3,0.50,1.33,21,0.29,9238.55,4,1,7,17,5,63.46,30,27,3,1,111.94,0.00,0.00,0.67,0,1.00,2,855.07,0,2,2,java.lang.Object,0.00,14,0,4,0,14,1,0,6,184,1
"org.apache.lucene.ant.TextDocumentTest",4,0.33,1.00,10,0.08,771.17,5,1,3,7,2,141.78,0,18,0,4,141.78,0.00,0.75,0.75,0,0.00,1,229.40,1,0,2,org.apache.lucene.ant.DocumentTestCase,0.44,3,3,4,0,3,4,0,0,65,1
"lucli.LuceneMethods",17,0.09,3.00,199,2.98,153095.11,25,8,39,93,24,140.65,41,235,1,1,100.76,0.00,0.00,0.21,9,79.00,10,8942.78,0,4,23,java.lang.Object,0.00,76,0,51,0,76,13,0,28,1608,0
"lucli.LuceneMethods$Comparator<Map.Entry<K,V>>",1,0.00,1.00,5,0.08,1801.80,1,0,39,3,0,169.29,1,6,0,1,119.29,0.00,0.00,0.00,0,1.00,1,238.23,0,0,0,java.lang.Object,0.00,2,0,1,0,2,1,0,1,57,0
"lucli.LuceneMethods$CountingCollector",4,1.00,1.00,8,0.08,788.66,5,1,39,4,2,141.70,0,15,0,2,141.70,0.00,0.50,0.25,0,6.00,1,228.48,0,0,2,org.apache.lucene.index.Collector,0.00,0,1,4,0,0,4,0,0,64,2
"lucli.Lucli",14,0.07,3.43,163,2.19,116245.70,34,20,14,54,3,121.62,48,202,1,1,101.01,0.00,0.00,0.11,10,54.00,23,6566.00,0,2,2,java.lang.Object,0.00,40,0,48,0,40,12,0,26,1158,1
"lucli.Lucli$Command",2,0.25,1.00,12,0.09,1253.77,6,4,14,2,0,169.95,3,15,0,1,119.95,0.00,0.00,0.38,0,2.00,1,274.50,0,1,0,java.lang.Object,0.00,0,0,2,0,0,1,0,1,75,1
"org.apache.lucene.queryParser.surround.query.AndQuery",2,0.00,1.00,5,0.07,830.62,2,0,3,3,6,139.15,1,10,1,3,139.15,0.00,0.67,0.00,0,2.00,1,206.43,1,1,5,org.apache.lucene.queryParser.surround.query.ComposedQuery,0.00,1,2,2,0,1,1,0,1,52,1
"org.apache.lucene.queryParser.surround.query.BasicQueryFactory",7,0.25,1.14,21,0.14,1905.08,9,2,3,10,16,134.00,0,26,12,1,134.00,0.00,0.00,0.29,2,14.00,2,406.59,0,2,4,java.lang.Object,0.00,3,0,8,0,3,5,0,0,115,1
"org.apache.lucene.queryParser.surround.query.BooleanQueryTst",3,0.14,1.33,30,0.31,6817.83,10,7,10,12,12,107.20,2,41,2,1,107.20,0.00,0.00,0.24,0,4.00,2,943.60,0,0,10,java.lang.Object,0.00,9,0,4,0,9,3,0,2,196,1
"org.apache.lucene.queryParser.surround.query.BooleanQueryTst$TestCollector",6,0.05,1.50,32,0.35,14481.70,10,4,10,9,2,118.20,2,43,0,2,118.20,0.00,0.50,0.29,0,6.00,4,1040.97,0,0,2,org.apache.lucene.index.Collector,0.00,3,1,9,0,3,6,0,2,221,0
"org.apache.lucene.queryParser.surround.query.ComposedQuery",15,0.24,1.60,68,0.64,14348.30,18,3,4,29,7,124.96,6,78,4,2,124.96,4.00,0.17,0.11,9,68.00,3,1917.40,1,8,3,org.apache.lucene.queryParser.surround.query.SrndQuery,0.15,14,1,24,4,14,7,0,6,454,2
"org.apache.lucene.queryParser.surround.query.DistanceQuery",7,0.42,2.14,45,0.56,20551.03,9,2,7,22,10,114.49,4,68,1,3,114.49,0.00,0.67,0.14,1,17.00,5,1686.04,1,3,9,org.apache.lucene.queryParser.surround.query.ComposedQuery,0.00,15,2,15,0,15,4,1,4,338,1
"org.apache.lucene.queryParser.surround.query.DistanceQuery$Query",2,0.00,1.00,5,0.07,1010.16,2,0,7,5,1,138.48,0,9,0,1,138.48,0.00,0.00,0.00,0,2.00,1,204.20,0,2,1,java.lang.Object,0.00,3,0,2,0,3,0,0,0,52,0
"org.apache.lucene.queryParser.surround.query.DistanceSubQuery",2,0.00,1.00,3,0.01,59.00,2,0,1,2,4,199.31,5,4,3,1,159.43,0.00,0.00,0.00,0,2.00,1,42.00,0,1,1,,0.00,0,0,2,0,0,1,0,1,17,1
"org.apache.lucene.queryParser.surround.query.ExceptionQueryTst",3,0.25,2.67,29,0.31,9145.35,5,2,2,12,6,107.74,0,38,3,1,107.74,0.00,0.00,0.33,0,4.00,5,942.73,0,1,3,java.lang.Object,0.00,9,0,8,0,9,2,0,0,196,1
"org.apache.lucene.queryParser.surround.query.FieldsQuery",9,0.03,1.33,47,0.56,14389.54,13,4,4,29,6,119.63,7,61,2,2,119.63,0.00,0.50,0.22,4,24.00,3,1694.63,0,4,4,org.apache.lucene.queryParser.surround.query.SrndQuery,0.19,20,1,12,0,20,5,0,7,361,1
"org.apache.lucene.queryParser.surround.query.NotQuery",2,0.00,1.00,9,0.14,3231.20,2,0,4,8,7,173.28,3,13,1,3,123.28,0.00,0.67,0.00,0,2.00,1,429.03,1,1,6,org.apache.lucene.queryParser.surround.query.ComposedQuery,0.00,6,2,2,0,6,1,0,3,91,1
"org.apache.lucene.queryParser.surround.query.OrQuery",4,0.00,2.00,20,0.23,5493.08,4,0,5,9,10,120.06,1,31,2,3,120.06,0.00,0.67,0.00,0,4.00,4,677.93,2,2,8,org.apache.lucene.queryParser.surround.query.ComposedQuery,0.00,5,2,8,0,5,2,1,1,155,1
"org.apache.lucene.queryParser.surround.query.SimpleTerm",12,0.91,1.17,32,0.26,4888.99,13,1,7,21,12,139.18,2,45,4,2,139.18,3.00,0.20,0.17,5,28.00,3,781.75,1,6,8,org.apache.lucene.queryParser.surround.query.SrndQuery,0.08,9,1,14,3,9,6,2,2,207,2
"org.apache.lucene.queryParser.surround.query.SimpleTerm$MatchingTermVisitor",1,0.00,1.00,2,0.01,51.00,1,0,7,1,1,146.32,0,3,0,1,146.32,0.00,0.00,0.00,0,1.00,1,34.00,0,0,1,,0.00,0,0,1,0,0,1,0,0,13,1
"org.apache.lucene.queryParser.surround.query.SimpleTerm$MatchingTermVisitor_1",1,0.00,1.00,3,0.02,230.45,1,0,7,2,1,134.60,0,4,0,1,134.60,0.00,0.00,0.00,0,1.00,1,72.73,0,0,1,java.lang.Object,0.00,1,0,1,0,1,1,0,0,21,0
"org.apache.lucene.queryParser.surround.query.SimpleTerm$Query",2,0.00,2.00,7,0.16,4863.25,2,0,7,10,3,176.38,2,15,0,1,126.38,0.00,0.00,0.00,0,2.00,3,480.47,0,2,3,java.lang.Object,0.00,8,0,4,0,8,0,0,2,100,0
"org.apache.lucene.queryParser.surround.query.SimpleTerm$Query$MatchingTermVisitor_0",1,0.00,1.00,3,0.03,259.44,1,0,7,3,1,134.19,0,4,0,1,134.19,0.00,0.00,0.00,0,1.00,1,82.23,0,0,1,java.lang.Object,0.00,2,0,1,0,2,1,0,0,23,0
"org.apache.lucene.queryParser.surround.query.SingleFieldTestDb",4,0.22,1.50,25,0.26,7770.09,7,3,8,14,11,115.98,0,26,3,1,115.98,0.00,0.00,0.50,0,0.00,3,779.33,0,3,8,java.lang.Object,0.00,10,0,6,0,10,1,0,0,158,1
"org.apache.lucene.queryParser.surround.query.SpanNearClauseFactory",11,0.08,1.45,42,0.51,13890.82,15,4,11,30,14,128.69,2,53,4,1,128.69,0.00,0.00,0.18,3,55.00,3,1538.51,0,4,10,java.lang.Object,0.00,19,0,16,0,19,7,0,2,346,1
"org.apache.lucene.queryParser.surround.query.SrndBooleanQuery",2,0.00,2.00,13,0.17,5395.85,2,0,4,8,7,114.80,0,20,4,1,114.80,0.00,0.00,0.00,1,2.00,2,511.02,0,1,3,java.lang.Object,0.00,6,0,4,0,6,1,0,0,107,0
"org.apache.lucene.queryParser.surround.query.SrndPrefixQuery",7,0.42,1.14,28,0.28,7671.62,9,2,4,18,5,124.57,1,40,1,3,124.57,0.00,0.67,0.14,3,17.00,2,850.77,0,3,4,org.apache.lucene.queryParser.surround.query.SimpleTerm,0.19,11,2,8,0,11,4,0,1,193,1
"org.apache.lucene.queryParser.surround.query.SrndQuery",12,0.36,1.25,34,0.27,4123.24,14,2,3,18,14,139.75,4,41,10,1,139.75,0.00,0.00,0.17,5,34.00,2,795.39,1,6,4,java.lang.Object,0.00,6,0,15,10,6,6,1,4,208,2
"org.apache.lucene.queryParser.surround.query.SrndQuery$BooleanQuery",3,0.00,1.00,7,0.07,810.47,3,0,3,4,2,140.62,1,13,0,1,140.62,0.00,0.00,0.00,0,3.00,1,196.67,0,0,2,java.lang.Object,0.00,1,0,3,0,1,3,0,1,53,0
"org.apache.lucene.queryParser.surround.query.SrndTermQuery",5,1.00,1.20,18,0.21,4718.39,6,1,4,13,5,129.73,2,31,1,3,129.73,0.00,0.67,0.20,2,8.00,2,619.79,0,3,4,org.apache.lucene.queryParser.surround.query.SimpleTerm,0.10,8,2,6,0,8,2,0,2,141,1
"org.apache.lucene.queryParser.surround.query.SrndTruncQuery",7,0.10,2.00,48,0.59,20498.70,12,5,6,27,5,114.51,1,70,1,3,114.51,0.00,0.67,0.29,3,20.00,4,1755.08,0,2,4,org.apache.lucene.queryParser.surround.query.SimpleTerm,0.10,20,2,14,0,20,5,0,1,364,1
"org.apache.lucene.queryParser.surround.query.Test01Exceptions",2,0.00,1.50,10,0.16,2333.90,5,3,3,7,3,170.68,2,39,1,3,120.68,0.00,0.67,0.33,0,2.00,2,492.60,0,0,2,org.apache.lucene.util.LuceneTestCase,0.00,5,2,3,0,5,2,0,2,102,1
"org.apache.lucene.queryParser.surround.query.Test02Boolean",25,0.18,1.00,81,0.75,9753.89,30,5,3,32,5,132.80,0,91,1,3,132.80,0.00,0.67,0.03,1,48.00,1,2264.98,0,0,4,org.apache.lucene.util.LuceneTestCase,0.00,7,2,25,0,7,25,0,0,554,1
"org.apache.lucene.queryParser.surround.query.Test03Distance",47,0.08,1.02,150,1.44,19461.14,57,10,3,57,6,132.59,2,188,1,3,132.59,0.00,0.67,0.02,4,268.00,2,4305.34,0,0,5,org.apache.lucene.util.LuceneTestCase,0.00,10,2,48,0,10,47,0,2,1038,1
"org.apache.lucene.queryParser.surround.query.TooManyBasicQueries",1,0.00,1.00,3,0.02,172.28,1,0,1,1,1,185.59,1,5,1,2,135.59,0.00,0.50,0.00,0,1.00,1,63.94,0,0,0,java.io.IOException,0.00,0,1,1,0,0,1,0,1,20,1
"org.apache.lucene.queryParser.core.QueryNodeError",4,2.00,1.00,13,0.10,1316.79,6,2,2,5,10,101.16,25,18,8,2,133.38,0.00,0.50,0.00,0,4.00,1,306.83,0,1,2,java.lang.Error,0.00,1,1,4,0,1,3,1,5,83,1
"org.apache.lucene.queryParser.core.QueryNodeException",8,2.00,1.00,21,0.20,2953.68,10,2,7,11,66,189.55,14,33,60,2,139.55,2.00,0.25,0.00,1,8.00,1,594.69,0,5,6,java.lang.Exception,0.00,3,1,8,2,3,3,1,1,156,1
"org.apache.lucene.queryParser.core.QueryNodeParseException",12,5.00,1.00,31,0.24,3066.66,17,5,5,13,9,180.70,34,45,4,3,140.81,0.50,0.50,0.00,0,12.00,1,719.38,0,2,6,org.apache.lucene.queryParser.core.QueryNodeException,0.00,1,2,12,1,1,10,0,6,194,1
"org.apache.lucene.queryParser.core.QueryParserHelper",10,0.22,1.50,42,0.36,6664.74,14,4,5,15,7,106.07,146,60,1,1,126.21,0.00,0.00,0.05,5,26.00,2,1070.24,0,5,6,java.lang.Object,0.00,5,0,15,2,5,5,0,11,261,1
"org.apache.lucene.document.AbstractField",23,0.02,1.91,106,1.10,41999.95,39,16,5,36,9,122.94,105,138,3,1,122.71,0.00,0.00,0.08,2,295.00,18,3312.85,0,2,6,java.lang.Object,0.00,13,0,44,3,13,21,1,24,702,2
"org.apache.lucene.document.CompressionTools",8,0.00,1.25,41,0.56,21078.24,8,0,5,27,3,138.55,26,55,2,1,117.94,0.00,0.00,0.00,3,8.00,2,1685.77,0,1,1,java.lang.Object,0.00,19,0,10,0,19,7,0,13,356,1
"org.apache.lucene.document.DateTools",7,0.17,4.00,93,1.39,98388.59,16,9,8,22,30,58.90,86,104,28,1,96.47,0.00,0.00,0.25,3,14.00,8,4156.94,0,4,2,java.lang.Object,0.00,15,0,28,0,15,3,0,13,819,1
"org.apache.lucene.document.DateTools$Resolution",3,0.12,1.00,14,0.18,4403.63,11,8,8,4,0,123.60,0,19,0,1,123.60,0.00,0.00,0.04,0,4.00,1,531.36,0,1,0,java.lang.Object,0.00,1,0,3,0,1,2,0,0,121,2
"org.apache.lucene.document.Deprecated",2,1.33,5.00,37,0.49,20127.87,8,6,3,14,3,141.56,49,50,0,1,92.28,0.00,0.00,0.83,0,0.00,6,1473.36,0,1,3,java.lang.Object,0.00,12,0,10,0,12,1,0,12,280,1
"org.apache.lucene.document.Document",16,0.07,2.50,88,1.19,44339.66,22,6,4,45,320,69.50,130,119,317,1,117.61,0.00,0.00,0.10,1,116.00,4,3584.66,0,7,5,java.lang.Object,0.00,29,0,40,0,29,9,1,18,754,2
"org.apache.lucene.document.Field",19,0.00,2.16,108,1.29,34527.95,19,0,5,27,235,70.98,163,144,231,2,119.08,0.00,0.50,0.00,0,71.00,8,3864.02,1,3,5,org.apache.lucene.document.AbstractField,0.00,8,1,41,0,8,16,2,27,810,2
"org.apache.lucene.document.Field$Index",19,0.00,1.21,51,0.32,4862.39,19,0,5,19,1,190.76,34,63,0,1,140.76,0.00,0.00,0.00,1,19.00,5,963.74,0,2,1,java.lang.Object,0.00,0,0,23,0,0,17,2,10,271,2
"org.apache.lucene.document.Field$Store",2,0.00,1.00,8,0.04,474.82,2,0,5,2,1,150.45,6,11,0,1,129.84,0.00,0.00,0.00,0,2.00,1,130.44,0,0,1,java.lang.Object,0.00,0,0,2,0,0,2,2,2,38,2
"org.apache.lucene.document.Field$TermVector",18,0.00,1.22,49,0.31,5073.47,18,0,5,18,1,190.43,23,60,0,1,140.43,0.00,0.00,0.00,0,18.00,5,937.41,0,1,1,java.lang.Object,0.00,0,0,22,0,0,17,2,7,261,2
"org.apache.lucene.document.FieldSelector",1,0.00,1.00,2,0.01,51.70,1,0,1,1,28,195.76,26,3,27,2,146.28,0.00,0.50,0.00,0,1.00,1,33.60,0,1,1,,0.00,0,1,1,0,0,0,0,3,13,1
"org.apache.lucene.document.FieldSelectorResult",0,0.00,0.00,2,0.01,57.08,0,0,0,0,15,171.00,25,8,15,1,171.00,0.00,0.00,0.00,0,0.00,0,38.05,0,0,0,java.lang.Object,0.00,0,0,0,0,0,0,1,3,11,1
"org.apache.lucene.document.Fieldable",22,0.00,1.00,23,0.09,364.19,22,0,6,22,110,129.18,141,24,106,2,161.40,0.00,0.50,0.00,0,22.00,1,259.45,0,4,4,,0.00,0,1,22,0,0,18,0,23,113,1
"org.apache.lucene.document.LoadFirstFieldSelector",1,0.00,1.00,3,0.02,180.47,1,0,0,1,3,168.82,20,5,1,1,135.43,0.00,0.00,0.00,0,1.00,1,57.02,0,1,2,java.lang.Object,0.00,0,0,1,0,0,0,1,2,18,1
"org.apache.lucene.document.MapFieldSelector",4,0.67,1.50,14,0.16,3801.32,5,1,4,8,5,129.89,17,18,3,1,129.66,0.00,0.00,0.50,0,4.00,2,489.35,0,1,2,java.lang.Object,0.00,4,0,6,0,4,3,1,5,116,1
"org.apache.lucene.document.NumericField",13,0.58,1.23,38,0.38,5580.11,14,1,8,23,18,109.61,179,53,15,2,138.99,0.00,0.50,0.46,0,5.00,2,1139.85,2,8,8,org.apache.lucene.document.AbstractField,0.06,10,1,16,0,10,5,0,15,284,2
"org.apache.lucene.document.SetBasedFieldSelector",2,0.00,2.00,13,0.13,3160.96,4,2,1,3,6,116.15,33,18,4,1,116.62,0.00,0.00,0.50,0,2.00,3,397.98,0,0,2,java.lang.Object,0.00,1,0,4,0,1,2,1,4,97,1
"org.apache.lucene.document.TestBinaryDocument",2,0.00,1.50,46,0.81,24419.69,4,2,5,30,9,67.79,29,58,0,3,87.93,0.00,0.67,0.50,0,0.00,2,2437.11,0,0,9,org.apache.lucene.util.LuceneTestCase,0.00,28,2,3,0,28,2,0,12,419,1
"org.apache.lucene.document.TestDateTools",6,0.00,1.50,113,2.05,75970.80,6,0,9,27,3,59.55,41,134,0,4,91.78,0.00,0.75,0.00,0,6.00,4,6141.57,0,1,3,org.apache.lucene.util.LocalizedTestCase,0.00,21,3,9,0,21,5,0,26,1080,1
"org.apache.lucene.document.TestDocument",9,0.44,2.11,144,2.43,107425.58,11,2,10,46,13,61.59,55,182,0,3,93.81,0.00,0.67,0.11,2,26.00,5,7298.80,0,1,13,org.apache.lucene.util.LuceneTestCase,0.00,37,2,19,0,37,8,0,23,1378,1
"org.apache.lucene.document.TestNumberTools",4,0.00,2.50,42,0.43,17009.42,4,0,1,10,1,144.80,8,44,0,3,104.91,0.00,0.67,0.00,1,4.00,3,1276.56,0,0,1,org.apache.lucene.util.LuceneTestCase,0.00,6,2,10,0,6,4,0,8,278,1
"org.apache.lucene.analysis.pt.PortugueseAnalyzer",5,0.50,1.80,21,0.29,6976.19,7,2,17,16,15,75.54,42,31,1,4,123.64,0.00,0.75,0.10,0,8.00,3,861.43,0,2,14,org.apache.lucene.analysis.StopwordAnalyzerBase,0.00,11,3,9,0,11,3,0,8,191,2
"org.apache.lucene.analysis.pt.PortugueseAnalyzer$DefaultSetHolder",0,0.00,0.00,6,0.05,843.89,1,1,17,0,2,171.00,2,11,0,1,171.00,0.00,0.00,0.00,0,0.00,0,162.56,0,0,2,java.lang.Object,0.00,0,0,0,0,0,0,0,2,40,2
"org.apache.lucene.analysis.pt.PortugueseLightStemFilter",2,0.33,2.00,14,0.16,3794.18,5,3,6,9,8,113.74,9,20,2,4,113.50,0.00,0.75,0.50,0,2.00,3,481.98,0,0,6,org.apache.lucene.analysis.TokenFilter,0.29,7,3,4,0,7,2,0,1,107,2
"org.apache.lucene.analysis.pt.PortugueseLightStemmer",3,0.00,11.00,73,1.25,100714.89,3,0,1,4,1,123.21,7,122,1,1,83.32,0.00,0.00,0.00,0,3.00,14,3736.92,0,0,0,java.lang.Object,0.00,1,0,33,0,1,3,0,1,670,1
"org.apache.lucene.analysis.pt.PortugueseMinimalStemFilter",2,0.33,2.00,14,0.16,3794.18,5,3,6,9,8,113.74,9,20,2,4,113.50,0.00,0.75,0.50,0,2.00,3,481.98,0,0,6,org.apache.lucene.analysis.TokenFilter,0.29,7,3,4,0,7,2,0,1,107,2
"org.apache.lucene.analysis.pt.PortugueseMinimalStemmer",1,0.00,17.00,43,0.94,137312.20,3,2,3,4,3,118.44,26,71,1,1,68.96,0.00,0.00,1.00,0,0.00,17,2816.15,0,0,2,java.lang.Object,0.00,3,0,17,0,3,1,0,2,498,1
"org.apache.lucene.analysis.pt.TestPortugueseAnalyzer",3,0.00,1.00,14,0.15,2836.17,3,0,5,7,3,164.99,6,19,0,4,125.11,0.00,0.75,0.00,0,0.00,1,450.25,2,0,3,org.apache.lucene.analysis.BaseTokenStreamTestCase,0.00,4,3,3,0,4,3,0,5,103,1
"org.apache.lucene.analysis.pt.TestPortugueseLightStemFilter",3,0.00,1.00,22,0.27,4740.68,3,0,10,5,7,134.90,11,37,0,4,114.29,0.00,0.75,0.00,0,3.00,1,819.10,2,0,7,org.apache.lucene.analysis.BaseTokenStreamTestCase,0.00,2,3,3,0,2,3,0,4,173,1
"org.apache.lucene.analysis.pt.TestPortugueseLightStemFilter$ReusableAnalyzerBase",1,0.00,1.00,5,0.06,1073.53,1,0,10,5,5,121.06,0,8,0,1,121.06,0.00,0.00,0.00,0,1.00,1,188.94,0,1,5,java.lang.Object,0.00,4,0,1,0,4,0,0,0,44,0
"org.apache.lucene.analysis.pt.TestPortugueseMinimalStemFilter",2,0.00,1.00,7,0.13,1624.07,2,0,10,4,7,130.53,8,21,0,4,130.29,0.00,0.75,0.00,0,2.00,1,396.51,1,0,7,org.apache.lucene.analysis.BaseTokenStreamTestCase,0.00,2,3,2,0,2,2,0,3,82,1
"org.apache.lucene.analysis.pt.TestPortugueseMinimalStemFilter$ReusableAnalyzerBase",1,0.00,1.00,5,0.06,1073.53,1,0,10,5,5,121.06,0,8,0,1,121.06,0.00,0.00,0.00,0,1.00,1,188.94,0,1,5,java.lang.Object,0.00,4,0,1,0,4,0,0,0,44,0
"org.apache.lucene.analysis.de.GermanAnalyzer",11,0.20,1.82,40,0.67,15040.62,14,3,22,27,17,78.37,100,77,1,4,128.37,0.00,0.75,0.15,0,16.00,3,2016.79,1,2,16,org.apache.lucene.analysis.StopwordAnalyzerBase,0.00,16,3,20,0,16,9,0,21,418,2
"org.apache.lucene.analysis.de.GermanAnalyzer$DefaultSetHolder",0,0.00,0.00,7,0.11,2461.47,2,2,22,3,4,171.00,3,14,0,1,171.00,0.00,0.00,0.00,0,0.00,0,326.34,0,0,4,java.lang.Object,0.00,3,0,0,0,3,0,0,3,71,2
"org.apache.lucene.analysis.de.GermanLightStemFilter",2,0.33,2.00,14,0.16,3794.18,5,3,6,9,8,113.74,9,20,2,4,113.50,0.00,0.75,0.50,0,2.00,3,481.98,0,0,6,org.apache.lucene.analysis.TokenFilter,0.29,7,3,4,0,7,2,0,1,107,2
"org.apache.lucene.analysis.de.GermanLightStemmer",4,0.00,4.50,32,0.69,36340.93,4,0,0,4,1,85.65,56,65,1,1,105.80,0.00,0.00,0.00,1,4.00,7,2080.72,0,0,0,java.lang.Object,0.00,0,0,18,0,0,4,0,4,419,1
"org.apache.lucene.analysis.de.GermanMinimalStemFilter",2,0.33,2.00,14,0.16,3794.18,5,3,6,9,8,113.74,9,20,2,4,113.50,0.00,0.75,0.50,0,2.00,3,481.98,0,0,6,org.apache.lucene.analysis.TokenFilter,0.29,7,3,4,0,7,2,0,1,107,2
"org.apache.lucene.analysis.de.GermanMinimalStemmer",1,0.00,19.00,22,0.41,48542.86,1,0,0,1,1,46.47,56,28,1,1,83.35,0.00,0.00,0.00,0,1.00,19,1221.27,0,0,0,java.lang.Object,0.00,0,0,19,0,0,1,0,4,229,1
"org.apache.lucene.analysis.de.GermanStemFilter",5,0.06,2.20,25,0.32,9790.48,9,4,7,14,10,76.53,37,42,4,4,118.82,0.00,0.75,0.20,0,8.00,4,956.00,0,0,6,org.apache.lucene.analysis.TokenFilter,0.24,9,3,11,0,9,5,0,9,206,2
"org.apache.lucene.analysis.de.GermanStemmer",7,0.33,6.29,125,2.10,186163.99,9,2,0,20,1,45.71,83,172,1,1,89.83,0.00,0.00,0.21,5,18.00,14,6286.39,0,1,0,java.lang.Object,0.00,13,0,44,0,13,6,0,23,1173,1
"org.apache.lucene.analysis.de.TestGermanAnalyzer",6,0.00,1.00,38,0.48,10450.59,6,0,8,15,8,166.45,9,50,0,4,116.45,0.00,0.75,0.00,0,0.00,1,1428.56,2,0,8,org.apache.lucene.analysis.BaseTokenStreamTestCase,0.00,9,3,6,0,9,6,0,4,310,1
"org.apache.lucene.analysis.de.TestGermanLightStemFilter",1,0.00,1.00,5,0.04,412.90,1,0,8,3,5,124.56,4,8,0,4,124.33,0.00,0.75,0.00,0,1.00,1,116.42,0,0,5,org.apache.lucene.analysis.BaseTokenStreamTestCase,0.00,2,3,1,0,2,1,0,2,31,1
"org.apache.lucene.analysis.de.TestGermanLightStemFilter$ReusableAnalyzerBase",1,0.00,1.00,4,0.05,771.22,1,0,8,4,3,125.81,0,7,0,1,125.81,0.00,0.00,0.00,0,1.00,1,141.98,0,1,3,java.lang.Object,0.00,3,0,1,0,3,0,0,0,35,0
"org.apache.lucene.analysis.de.TestGermanMinimalStemFilter",2,0.00,1.00,14,0.12,1490.08,2,0,8,4,5,156.74,5,18,0,4,116.86,0.00,0.75,0.00,0,2.00,1,374.95,1,0,5,org.apache.lucene.analysis.BaseTokenStreamTestCase,0.00,2,3,2,0,2,2,0,3,86,1
"org.apache.lucene.analysis.de.TestGermanMinimalStemFilter$ReusableAnalyzerBase",1,0.00,1.00,4,0.05,771.22,1,0,8,4,3,125.81,0,7,0,1,125.81,0.00,0.00,0.00,0,1.00,1,141.98,0,1,3,java.lang.Object,0.00,3,0,1,0,3,0,0,0,35,0
"org.apache.lucene.analysis.de.TestGermanStemFilter",1,0.00,1.00,6,0.05,607.14,1,0,9,6,6,87.83,6,8,0,4,120.06,0.00,0.75,0.00,0,1.00,1,147.20,0,0,6,org.apache.lucene.analysis.BaseTokenStreamTestCase,0.00,5,3,1,0,5,1,0,1,37,1
"org.apache.lucene.analysis.de.TestGermanStemFilter$ReusableAnalyzerBase",1,0.00,1.00,4,0.05,839.11,1,0,9,5,4,125.52,0,8,0,1,125.52,0.00,0.00,0.00,0,1.00,1,157.34,0,1,4,java.lang.Object,0.00,4,0,1,0,4,0,0,0,38,0
"org.apache.lucene.analysis.da.DanishAnalyzer",5,0.50,1.80,21,0.29,6976.19,7,2,17,16,15,75.54,42,31,1,4,123.64,0.00,0.75,0.10,0,8.00,3,861.43,0,2,14,org.apache.lucene.analysis.StopwordAnalyzerBase,0.00,11,3,9,0,11,3,0,8,191,2
"org.apache.lucene.analysis.da.DanishAnalyzer$DefaultSetHolder",0,0.00,0.00,6,0.05,843.89,1,1,17,0,2,171.00,2,11,0,1,171.00,0.00,0.00,0.00,0,0.00,0,162.56,0,0,2,java.lang.Object,0.00,0,0,0,0,0,0,0,2,40,2
"org.apache.lucene.analysis.da.TestDanishAnalyzer",3,0.00,1.00,14,0.15,2982.43,3,0,5,7,3,164.82,6,19,0,4,124.94,0.00,0.75,0.00,0,0.00,1,445.05,2,0,3,org.apache.lucene.analysis.BaseTokenStreamTestCase,0.00,4,3,3,0,4,3,0,5,103,1
"org.apache.lucene.analysis.pl.PolishAnalyzer",5,0.25,1.80,23,0.31,7430.23,8,3,21,16,16,75.32,42,33,1,4,123.43,0.00,0.75,0.13,0,8.00,3,944.19,0,2,15,org.apache.lucene.analysis.StopwordAnalyzerBase,0.00,11,3,9,0,11,3,0,8,206,2
"org.apache.lucene.analysis.pl.PolishAnalyzer$DefaultsHolder",0,0.00,0.00,17,0.24,7307.04,2,2,21,0,4,171.00,4,25,0,1,171.00,0.00,0.00,0.00,0,0.00,0,718.69,0,0,4,java.lang.Object,0.00,0,0,0,0,0,0,0,4,137,2
"org.apache.lucene.analysis.pl.TestPolishAnalyzer",3,0.00,1.00,14,0.15,2836.17,3,0,5,7,3,164.99,6,19,0,4,125.11,0.00,0.75,0.00,0,0.00,1,450.25,2,0,3,org.apache.lucene.analysis.BaseTokenStreamTestCase,0.00,4,3,3,0,4,3,0,5,103,1
"org.apache.lucene.spatial.geometry.shape.Deprecated",6,0.20,1.50,30,0.65,20264.30,12,6,0,7,0,117.28,29,64,0,1,117.05,0.00,0.00,0.33,1,6.00,3,1953.16,0,0,0,java.lang.Object,0.00,1,0,9,0,1,6,0,20,362,1
"org.apache.lucene.spatial.geometry.shape.Ellipse",9,0.14,2.67,99,1.81,177726.73,17,8,0,28,6,65.88,59,125,0,1,98.10,0.00,0.00,0.25,3,4.00,9,5420.06,0,2,6,java.lang.Object,0.00,19,0,24,0,19,7,1,31,1008,1
"org.apache.lucene.spatial.geometry.shape.Geometry2D",5,0.00,1.00,6,0.03,135.26,5,0,0,5,5,141.85,25,7,3,1,159.72,0.00,0.00,0.00,0,5.00,1,90.17,0,2,4,,0.00,0,0,5,0,0,3,0,6,35,1
"org.apache.lucene.spatial.geometry.shape.IntersectCase",0,0.00,0.00,2,0.01,57.06,0,0,0,0,3,171.00,6,6,3,1,171.00,0.00,0.00,0.00,0,0.00,0,28.53,0,0,1,java.lang.Object,0.00,0,0,0,0,0,0,1,1,9,1
"org.apache.lucene.spatial.geometry.shape.LLRect",14,0.00,2.21,79,1.11,62370.49,16,2,2,28,6,155.90,35,112,3,1,116.01,0.00,0.00,0.50,2,2.00,10,3321.31,0,9,3,java.lang.Object,0.00,14,0,31,0,14,5,0,14,724,1
"org.apache.lucene.spatial.geometry.shape.LineSegment",5,0.62,3.80,42,0.54,27638.39,7,2,0,16,4,89.66,28,60,2,1,107.53,0.00,0.00,1.00,0,0.00,10,1624.01,0,0,2,java.lang.Object,0.00,11,0,19,0,11,5,0,12,354,1
"org.apache.lucene.spatial.geometry.shape.Point2D",19,0.25,1.26,62,0.61,15786.07,21,2,0,25,6,130.16,7,90,6,1,130.16,0.00,0.00,0.26,0,70.00,6,1820.00,0,1,1,java.lang.Object,0.00,6,0,24,0,6,18,0,1,457,1
"org.apache.lucene.spatial.geometry.shape.Rectangle",16,0.13,1.69,52,0.67,23525.10,18,2,0,26,8,128.14,8,83,5,1,128.14,0.00,0.00,0.62,1,0.00,10,2010.65,0,1,4,java.lang.Object,0.00,10,0,27,0,10,15,1,2,489,1
"org.apache.lucene.spatial.geometry.shape.Vector2D",17,0.09,1.29,54,0.58,16248.62,19,2,0,23,6,179.67,28,79,6,1,129.67,0.00,0.00,0.41,1,29.00,6,1740.42,0,1,1,java.lang.Object,0.00,6,0,22,0,6,16,0,6,436,1
"org.apache.lucene.analysis.cz.CzechAnalyzer",9,0.12,2.22,46,1.12,28771.62,14,5,16,24,15,73.02,106,87,2,3,117.14,0.00,0.67,0.09,0,19.00,4,3352.78,1,2,13,org.apache.lucene.analysis.ReusableAnalyzerBase,0.00,15,2,20,0,15,7,0,20,573,2
"org.apache.lucene.analysis.cz.CzechAnalyzer$DefaultSetHolder",0,0.00,0.00,6,0.08,1289.87,1,1,16,0,4,171.00,2,12,0,1,171.00,0.00,0.00,0.00,0,0.00,0,232.39,0,0,4,java.lang.Object,0.00,0,0,0,0,0,0,0,2,53,2
"org.apache.lucene.analysis.cz.CzechStemFilter",2,0.33,2.00,14,0.16,3794.18,5,3,6,9,9,84.12,27,20,3,4,113.50,0.00,0.75,0.50,0,2.00,3,481.98,0,0,6,org.apache.lucene.analysis.TokenFilter,0.29,7,3,4,0,7,2,0,2,107,2
"org.apache.lucene.analysis.cz.CzechStemmer",4,0.00,4.00,39,1.14,76383.63,4,0,1,5,1,69.15,26,115,1,1,101.37,0.00,0.00,0.00,0,4.00,7,3431.39,0,0,0,java.lang.Object,0.00,1,0,16,0,1,4,0,8,602,1
"org.apache.lucene.analysis.cz.TestCzechAnalyzer",7,0.00,1.00,29,0.44,7983.45,7,0,8,14,6,124.70,28,46,0,4,124.47,0.00,0.75,0.00,0,10.00,1,1321.73,2,0,6,org.apache.lucene.analysis.BaseTokenStreamTestCase,0.00,7,3,7,0,7,7,0,6,287,1
"org.apache.lucene.analysis.cz.TestCzechAnalyzer$Deprecated",1,0.00,1.00,3,0.03,412.65,1,0,8,2,0,132.61,0,7,0,2,132.61,0.00,0.50,0.00,0,1.00,1,80.77,0,0,0,java.io.InputStream,0.00,1,1,1,0,1,1,0,0,24,1
"org.apache.lucene.analysis.cz.TestCzechStemmer",8,0.00,1.00,163,2.95,128246.13,8,0,6,15,6,57.13,52,173,0,4,89.36,0.00,0.75,0.00,0,0.00,1,8856.52,2,0,6,org.apache.lucene.analysis.BaseTokenStreamTestCase,0.00,7,3,8,0,7,8,0,33,1593,1
"org.apache.lucene.wordnet.AnalyzerUtil",11,1.00,3.45,93,1.41,100837.34,12,1,20,40,9,85.68,155,124,0,1,105.83,0.00,0.00,0.09,1,20.00,9,4233.27,0,9,9,java.lang.Object,0.00,29,0,38,0,29,2,0,28,796,1
"org.apache.lucene.wordnet.AnalyzerUtil$Analyzer",1,0.00,1.00,3,0.02,240.44,1,0,20,2,2,134.45,0,5,0,1,134.45,0.00,0.00,0.00,0,1.00,1,65.11,0,1,2,java.lang.Object,0.00,1,0,1,0,1,0,0,0,19,0
"org.apache.lucene.wordnet.AnalyzerUtil$Analyzer$TokenFilter",2,0.60,1.50,14,0.26,5316.10,7,5,20,9,3,112.42,0,20,0,1,112.42,0.00,0.00,0.50,1,2.00,2,772.36,0,1,3,java.lang.Object,0.00,7,0,3,0,7,1,0,0,163,0
"org.apache.lucene.wordnet.AnalyzerUtil$Analyzer_0",1,0.00,1.00,3,0.02,189.62,1,0,20,2,2,135.26,0,5,0,1,135.26,0.00,0.00,0.00,0,1.00,1,59.81,0,1,2,java.lang.Object,0.00,1,0,1,0,1,0,0,0,18,0
"org.apache.lucene.wordnet.AnalyzerUtil$Analyzer_0$TokenFilter_1",1,0.00,2.00,4,0.06,977.99,2,1,20,2,0,124.83,0,6,0,1,124.83,0.00,0.00,1.00,0,0.00,2,165.82,0,0,0,java.lang.Object,0.00,1,0,2,0,1,1,0,0,40,0
"org.apache.lucene.wordnet.AnalyzerUtil$Analyzer_2",1,0.00,1.00,3,0.03,555.18,1,0,20,3,2,131.83,4,6,0,1,131.59,0.00,0.00,0.00,0,1.00,1,102.01,0,1,2,java.lang.Object,0.00,2,0,1,0,2,0,0,4,27,0
"org.apache.lucene.wordnet.AnalyzerUtil$Analyzer_3",1,0.00,1.00,3,0.04,591.26,1,0,20,3,2,131.38,0,6,0,1,131.38,0.00,0.00,0.00,0,1.00,1,114.20,0,1,2,java.lang.Object,0.00,2,0,1,0,2,0,0,0,29,0
"org.apache.lucene.wordnet.AnalyzerUtil$Analyzer_4",1,0.00,2.00,11,0.16,6088.49,2,1,20,6,3,142.08,2,14,0,1,102.19,0.00,0.00,1.00,0,0.00,2,472.64,0,1,3,java.lang.Object,0.00,5,0,2,0,5,0,0,2,101,0
"org.apache.lucene.wordnet.AnalyzerUtil$Analyzer_4$TokenFilter_5",1,0.00,2.00,5,0.05,1087.62,1,0,20,4,0,120.86,0,7,0,1,120.86,0.00,0.00,0.00,0,1.00,2,163.39,0,0,0,java.lang.Object,0.00,3,0,2,0,3,1,0,0,41,0
"org.apache.lucene.wordnet.AnalyzerUtil$Analyzer_4$TokenStream",1,0.00,2.00,6,0.06,984.17,2,1,20,5,1,118.24,0,8,0,1,118.24,0.00,0.00,1.00,0,0.00,2,192.76,0,0,1,java.lang.Object,0.00,4,0,2,0,4,1,0,0,47,0
"org.apache.lucene.wordnet.AnalyzerUtil$Comparator<Map.Entry<String,MutableInteger>>",1,0.00,2.00,8,0.14,5216.94,1,0,20,5,0,107.88,0,9,0,1,107.88,0.00,0.00,0.00,0,1.00,2,423.90,0,0,0,java.lang.Object,0.00,4,0,2,0,4,1,0,0,91,0
"org.apache.lucene.wordnet.AnalyzerUtil$MutableInteger",4,0.67,1.00,10,0.07,796.37,5,1,20,5,0,141.67,0,8,0,1,141.67,0.00,0.00,0.50,0,4.00,1,197.48,0,1,0,java.lang.Object,0.00,1,0,4,0,1,3,0,0,59,3
"org.apache.lucene.wordnet.SynExpand",2,0.00,4.00,30,0.60,27030.00,2,0,25,26,19,120.56,38,47,1,1,94.28,0.00,0.00,0.00,1,2.00,6,1800.87,0,1,18,java.lang.Object,0.00,24,0,8,0,24,1,0,9,307,2
"org.apache.lucene.wordnet.SynExpand$Collector",4,1.00,1.75,19,0.24,7161.77,5,1,25,11,6,122.80,2,29,0,1,122.80,0.00,0.00,0.25,0,6.00,4,726.38,0,0,6,java.lang.Object,0.00,7,0,7,0,7,4,0,2,150,0
"org.apache.lucene.wordnet.SynLookup",2,0.00,4.50,45,0.77,39499.45,2,0,24,28,17,36.75,18,57,0,1,86.75,0.00,0.00,0.00,0,2.00,5,2320.82,0,1,17,java.lang.Object,0.00,26,0,9,0,26,1,0,8,394,1
"org.apache.lucene.wordnet.SynLookup$Collector",4,1.00,1.75,19,0.24,7161.77,5,1,24,11,6,122.80,1,29,0,1,122.80,0.00,0.00,0.25,0,6.00,4,726.38,0,0,6,java.lang.Object,0.00,7,0,7,0,7,4,0,1,150,0
"org.apache.lucene.wordnet.SynLookup$CountingCollector",4,1.00,1.00,8,0.08,788.66,5,1,24,4,2,141.70,0,15,0,2,141.70,0.00,0.50,0.25,0,6.00,1,228.48,0,0,2,org.apache.lucene.index.Collector,0.00,0,1,4,0,0,4,0,0,64,2
"org.apache.lucene.wordnet.SynonymMap",9,0.21,5.44,209,3.16,364031.81,12,3,11,62,4,73.18,135,212,4,1,83.54,0.00,0.00,0.15,4,26.00,14,9481.41,0,6,0,java.lang.Object,0.00,53,0,49,0,53,3,0,56,1629,1
"org.apache.lucene.wordnet.SynonymTokenFilter",5,0.25,2.80,56,0.67,27088.80,15,10,7,14,9,52.52,46,67,2,4,102.51,0.00,0.75,0.30,2,6.00,5,2020.11,1,0,7,org.apache.lucene.analysis.TokenFilter,0.47,9,3,14,0,9,5,0,15,405,1
"org.apache.lucene.wordnet.Syns2Index",5,0.10,4.40,115,2.09,168383.19,10,5,22,56,14,110.49,96,171,5,1,84.21,0.00,0.00,0.28,2,5.00,10,6257.92,0,0,9,java.lang.Object,0.00,51,0,22,0,51,5,0,43,1014,1
"org.apache.lucene.wordnet.TestSynonymTokenFilter",4,0.00,1.00,32,0.60,12104.53,5,1,10,8,7,159.90,7,42,0,4,109.90,0.00,0.75,1.00,0,0.00,1,1790.14,2,0,7,org.apache.lucene.analysis.BaseTokenStreamTestCase,0.00,4,3,4,0,4,4,0,5,334,1
"org.apache.lucene.wordnet.TestSynonymTokenFilter$SynonymWhitespaceAnalyzer",3,0.25,1.33,24,0.27,8397.70,5,2,10,9,6,110.10,1,32,0,2,110.10,0.00,0.50,0.67,0,1.00,2,813.52,2,2,6,org.apache.lucene.analysis.Analyzer,0.00,6,1,4,0,6,1,0,1,176,1
"org.apache.lucene.wordnet.TestSynonymTokenFilter$SynonymWhitespaceAnalyzer$SavedStreams",0,0.00,0.00,3,0.01,82.42,2,2,10,0,2,171.00,0,5,0,1,171.00,0.00,0.00,0.00,0,0.00,0,41.21,0,0,2,java.lang.Object,0.00,0,0,0,0,0,0,0,0,13,1
"org.apache.lucene.wordnet.TestWordnet",6,0.10,1.50,35,0.41,9340.54,8,2,12,21,12,119.70,2,44,0,3,119.70,0.00,0.67,0.42,2,6.00,2,1242.72,2,0,12,org.apache.lucene.util.LuceneTestCase,0.33,15,2,9,0,15,6,0,2,265,1
"org.apache.solr.common.ResourceLoader",3,0.00,1.00,4,0.04,294.58,3,0,3,3,41,137.44,16,6,41,1,155.31,0.00,0.00,0.00,0,3.00,1,109.74,0,3,0,,0.00,0,0,3,0,0,0,0,2,35,1
"org.apache.solr.common.SolrDocument",24,0.09,1.67,91,1.00,40302.55,25,1,8,48,31,167.57,61,140,31,1,127.69,0.00,0.00,0.92,1,0.00,7,2990.26,0,14,0,java.lang.Object,0.00,24,0,40,0,24,10,3,26,680,1
"org.apache.solr.common.SolrDocument$Map<String,Collection<Object>>",13,0.00,1.15,27,0.26,3404.80,13,0,8,15,0,140.70,3,16,0,1,140.70,0.00,0.00,0.00,0,28.00,3,771.58,0,7,0,java.lang.Object,0.00,2,0,15,0,2,6,0,3,211,0
"org.apache.solr.common.SolrDocument$Map<String,Object>",13,0.00,1.15,27,0.23,2912.01,13,0,8,15,0,141.23,3,16,0,1,141.23,0.00,0.00,0.00,0,28.00,3,693.13,0,7,0,java.lang.Object,0.00,2,0,15,0,2,6,0,3,193,0
"org.apache.solr.common.SolrDocumentList",7,0.06,1.14,18,0.16,2382.45,10,3,1,7,29,189.80,7,31,28,2,139.80,0.00,0.50,0.29,0,15.00,2,485.98,1,2,1,java.util.ArrayList,0.00,0,1,8,0,0,5,0,1,127,1
"org.apache.solr.common.SolrDocumentTest",5,0.00,4.20,140,2.08,126369.27,5,0,9,50,3,121.90,13,122,0,3,82.02,0.00,0.67,0.00,0,5.00,15,6253.21,0,0,3,org.apache.lucene.util.LuceneTestCase,0.00,45,2,21,0,45,5,0,12,1139,1
"org.apache.solr.common.SolrDocumentTest$Iterable",1,0.00,1.00,3,0.01,151.48,1,0,9,2,0,136.03,0,4,0,1,136.03,0.00,0.00,0.00,0,1.00,1,42.87,0,1,0,java.lang.Object,0.00,1,0,1,0,1,0,0,0,15,0
"org.apache.solr.common.SolrException",0,0.00,0.00,2,0.01,75.00,0,0,6,0,162,171.00,6,2,162,2,171.00,1.00,0.33,0.00,0,0.00,0,30.00,0,0,0,java.lang.RuntimeException,0.00,0,1,0,1,0,0,0,2,10,1
"org.apache.solr.common.SolrException$ErrorCode",2,0.67,7.00,94,1.30,224682.55,5,3,6,15,1,39.03,26,124,0,1,68.41,0.00,0.00,0.67,0,0.00,13,3895.06,1,1,1,java.lang.Object,0.00,13,0,14,0,13,1,0,9,639,1
"org.apache.solr.common.SolrInputDocument",26,0.08,1.23,68,0.63,10571.00,28,2,6,45,73,179.06,62,111,72,1,139.18,0.00,0.00,0.42,3,0.00,3,1903.57,0,8,1,java.lang.Object,0.00,19,0,32,1,19,18,3,18,493,1
"org.apache.solr.common.SolrInputField",13,0.03,2.15,74,0.72,33946.04,16,3,4,21,15,157.73,33,110,15,1,117.84,0.00,0.00,0.36,1,0.00,7,2165.67,0,6,0,java.lang.Object,0.00,8,0,28,0,8,7,2,17,475,1
"org.apache.solr.common.SolrInputField$Iterator<Object>",3,0.50,1.00,9,0.05,538.54,4,1,4,4,0,135.45,0,12,0,1,135.45,0.00,0.00,0.67,0,1.00,1,161.94,0,1,0,java.lang.Object,0.00,1,0,3,0,1,2,0,0,47,0
"org.apache.lucene.queryParser.precedence.CharStream",12,0.00,1.00,13,0.06,250.78,12,0,0,12,3,128.38,79,14,3,1,160.60,0.00,0.00,0.00,0,12.00,1,172.56,0,1,0,,0.00,0,0,12,0,0,11,0,13,70,1
"org.apache.lucene.queryParser.precedence.FastCharStream",14,0.14,1.43,56,0.55,20446.20,20,6,1,20,2,173.54,16,80,1,1,123.54,0.00,0.00,0.30,2,2.00,5,1644.78,0,1,1,java.lang.Object,0.00,6,0,20,0,6,13,1,13,372,2
"org.apache.lucene.queryParser.precedence.ParseException",5,0.30,3.20,92,1.07,80794.24,10,5,0,14,4,61.39,69,112,3,2,90.77,0.00,0.50,0.44,0,0.00,10,3210.28,1,2,1,java.lang.Exception,0.00,9,1,16,0,9,3,0,11,572,1
"org.apache.lucene.queryParser.precedence.PrecedenceQueryParser",52,0.04,4.60,713,9.92,1012134.96,87,35,23,138,27,95.56,257,924,3,1,95.32,0.00,0.00,0.07,13,1212.00,54,29749.13,0,23,24,java.lang.Object,0.00,86,0,239,1,86,29,1,66,5157,1
"org.apache.lucene.queryParser.precedence.PrecedenceQueryParser$JJCalls",0,0.00,0.00,5,0.03,253.51,4,4,23,0,1,171.00,0,6,0,1,171.00,0.00,0.00,0.00,0,0.00,0,78.87,0,0,1,java.lang.Object,0.00,0,0,0,0,0,0,0,0,22,2
"org.apache.lucene.queryParser.precedence.PrecedenceQueryParser$LookaheadSuccess",0,0.00,0.00,1,0.01,145.30,0,0,23,0,0,171.00,0,1,0,2,171.00,0.00,0.50,0.00,0,0.00,0,41.51,0,0,0,java.lang.Error,0.00,0,1,0,0,0,0,0,0,12,3
"org.apache.lucene.queryParser.precedence.PrecedenceQueryParser$Operator",0,0.00,0.00,2,0.01,23.26,0,0,23,0,1,171.00,0,1,0,1,171.00,0.00,0.00,0.00,0,0.00,0,15.51,0,0,1,java.lang.Object,0.00,0,0,0,0,0,0,1,0,6,1
"org.apache.lucene.queryParser.precedence.PrecedenceQueryParserConstants",0,0.00,0.00,37,0.57,7120.59,36,36,0,0,3,171.00,40,71,3,1,171.00,0.00,0.00,0.00,0,0.00,0,1712.33,0,0,0,,0.00,0,0,0,0,0,0,0,37,254,1
"org.apache.lucene.queryParser.precedence.PrecedenceQueryParserTokenManager",33,0.07,9.42,598,8.73,1379462.46,52,19,23,43,19,87.27,12,1025,1,1,87.27,0.00,0.00,0.12,17,236.00,151,26198.58,0,2,18,java.lang.Object,0.00,10,0,311,0,10,31,1,12,4265,1
"org.apache.lucene.queryParser.precedence.SuppressWarnings",6,0.20,1.50,48,0.66,33774.42,11,5,0,14,0,59.58,51,72,0,2,107.69,0.00,0.50,0.03,1,10.00,3,1967.96,1,3,0,java.lang.Error,0.00,8,1,9,0,8,3,0,14,375,1
"org.apache.lucene.queryParser.precedence.TestPrecedenceQueryParser",35,0.47,1.34,335,4.30,123284.94,37,2,29,78,23,157.41,58,428,0,4,107.41,0.00,0.75,0.04,7,178.00,2,12907.64,2,6,23,org.apache.lucene.util.LocalizedTestCase,0.15,43,3,47,0,43,29,0,31,2528,1
"org.apache.lucene.queryParser.precedence.TestPrecedenceQueryParser$QPTestAnalyzer",1,0.00,1.00,3,0.04,532.36,1,0,29,3,3,181.73,1,6,0,2,131.73,0.00,0.50,0.00,0,1.00,1,119.91,0,1,3,org.apache.lucene.analysis.Analyzer,0.00,2,1,1,0,2,0,0,1,31,3
"org.apache.lucene.queryParser.precedence.TestPrecedenceQueryParser$QPTestFilter",2,0.60,3.00,23,0.27,8835.67,7,5,29,11,4,143.08,4,30,0,4,103.20,0.00,0.75,0.50,0,2.00,5,815.82,0,0,4,org.apache.lucene.analysis.TokenFilter,0.29,9,3,6,0,9,2,0,1,166,3
"org.apache.lucene.queryParser.precedence.TestPrecedenceQueryParser$QPTestParser",3,0.00,1.00,7,0.08,1081.33,3,0,29,4,4,139.64,0,13,0,2,139.64,0.00,0.50,0.00,0,3.00,1,234.57,0,2,4,org.apache.lucene.queryParser.precedence.PrecedenceQueryParser,0.00,1,1,3,0,1,1,0,0,62,2
"org.apache.lucene.queryParser.precedence.Token",7,0.12,1.00,24,0.16,1989.42,15,8,0,8,5,83.88,67,38,5,1,133.88,0.00,0.00,0.02,1,12.00,1,468.86,0,4,0,java.lang.Object,0.00,1,0,7,0,1,3,0,15,131,1
"org.apache.lucene.analysis.cn.Deprecated",4,0.00,1.25,34,0.45,9348.53,4,0,9,13,6,92.86,20,52,0,4,110.73,0.00,0.75,0.00,0,4.00,2,1350.05,2,0,6,org.apache.lucene.analysis.BaseTokenStreamTestCase,0.00,9,3,5,0,9,4,0,6,279,1
"org.apache.lucene.analysis.cn.Deprecated$JustChineseFilterAnalyzer",1,0.00,1.00,3,0.04,512.97,1,0,9,3,4,131.86,0,6,0,2,131.86,0.00,0.50,0.00,0,1.00,1,117.46,0,1,4,org.apache.lucene.analysis.Analyzer,0.00,2,1,1,0,2,0,0,0,30,1
"org.apache.lucene.analysis.cn.Deprecated$JustChineseTokenizerAnalyzer",1,0.00,1.00,3,0.03,338.69,1,0,9,2,2,133.28,0,6,0,2,133.28,0.00,0.50,0.00,0,1.00,1,85.83,0,1,2,org.apache.lucene.analysis.Analyzer,0.00,1,1,1,0,1,0,0,0,24,1
"org.apache.lucene.analysis.reverse.ReverseStringFilter",14,0.08,1.93,106,1.32,129198.12,22,8,5,23,7,59.62,146,136,3,4,108.10,0.00,0.75,0.05,2,38.00,10,3959.68,0,2,4,org.apache.lucene.analysis.TokenFilter,0.15,9,3,27,0,9,12,0,25,787,2
"org.apache.lucene.analysis.reverse.TestReverseStringFilter",7,0.00,1.00,41,0.57,13714.06,7,0,4,15,4,158.89,15,52,0,4,119.00,0.00,0.75,0.00,0,0.00,1,1704.77,1,0,4,org.apache.lucene.analysis.BaseTokenStreamTestCase,0.00,8,3,7,0,8,7,0,13,364,1
"org.apache.lucene.benchmark.byTask.stats.Points",7,0.06,1.00,21,0.18,3194.21,10,3,4,13,4,132.50,29,29,2,1,132.26,0.00,0.00,0.29,0,21.00,1,551.54,0,1,3,java.lang.Object,0.00,6,0,7,0,6,6,0,12,141,1
"org.apache.lucene.benchmark.byTask.stats.Report",5,0.06,1.00,18,0.11,1595.94,9,4,0,5,7,101.26,31,24,7,1,133.48,0.00,0.00,0.20,0,17.00,1,319.10,0,1,0,java.lang.Object,0.00,0,0,5,0,0,4,0,6,92,1
"org.apache.lucene.benchmark.byTask.stats.TaskStats",17,0.07,1.47,85,0.79,23473.91,29,12,1,32,10,140.73,66,110,10,1,120.11,0.00,0.00,0.15,0,161.00,6,2358.68,1,3,1,java.lang.Object,0.00,15,0,25,0,15,14,1,26,526,1
"org.apache.lucene.queryParser.standard.processors.AllowLeadingWildcardProcessor",5,0.00,2.20,20,0.29,10801.78,5,0,11,16,12,161.99,11,41,3,2,122.10,0.00,0.50,0.00,0,5.00,5,865.97,2,4,10,org.apache.lucene.queryParser.core.processors.QueryNodeProcessorImpl,0.00,11,1,11,0,11,1,0,3,188,1
"org.apache.lucene.queryParser.standard.processors.AnalyzerQueryNodeProcessor",5,2.00,7.40,132,1.85,321142.85,7,2,27,38,25,47.68,34,178,5,2,79.90,0.00,0.50,0.00,0,5.00,29,5561.56,2,4,22,org.apache.lucene.queryParser.core.processors.QueryNodeProcessorImpl,0.00,33,1,37,0,33,1,0,14,879,1
"org.apache.lucene.queryParser.standard.processors.BooleanSingleChildOptimizationQueryNodeProcessor",4,0.00,2.00,18,0.21,8910.25,4,0,8,8,7,161.90,9,33,1,2,122.02,0.00,0.50,0.00,0,4.00,5,635.02,0,3,6,org.apache.lucene.queryParser.core.processors.QueryNodeProcessorImpl,0.00,4,1,8,0,4,1,0,2,136,1
"org.apache.lucene.queryParser.standard.processors.BoostQueryNodeProcessor",3,0.00,2.00,15,0.23,11136.56,3,0,9,10,9,137.27,9,27,1,2,116.66,0.00,0.50,0.00,0,3.00,4,704.81,1,3,8,org.apache.lucene.queryParser.core.processors.QueryNodeProcessorImpl,0.00,7,1,6,0,7,0,0,1,146,1
"org.apache.lucene.queryParser.standard.processors.DefaultPhraseSlopQueryNodeProcessor",6,2.00,1.83,26,0.28,7041.66,8,2,9,10,9,164.12,12,46,1,2,124.23,0.00,0.50,0.00,0,6.00,3,846.46,3,4,8,org.apache.lucene.queryParser.core.processors.QueryNodeProcessorImpl,0.00,4,1,11,0,4,2,0,2,195,1
"org.apache.lucene.queryParser.standard.processors.FuzzyQueryNodeProcessor",3,0.00,2.33,17,0.25,11540.32,3,0,8,12,8,137.12,11,29,1,2,116.50,0.00,0.50,0.00,0,3.00,5,757.33,1,3,7,org.apache.lucene.queryParser.core.processors.QueryNodeProcessorImpl,0.00,9,1,7,0,9,0,0,1,153,1
"org.apache.lucene.queryParser.standard.processors.GroupQueryNodeProcessor",7,4.00,3.86,79,0.95,53946.90,11,4,16,26,14,141.12,17,103,4,1,101.24,0.00,0.00,0.00,3,7.00,10,2860.99,0,3,12,java.lang.Object,0.00,19,0,27,0,19,4,1,3,567,1
"org.apache.lucene.queryParser.standard.processors.LowercaseExpandedTermsQueryNodeProcessor",5,0.00,1.60,16,0.20,5017.56,5,0,11,11,11,169.34,11,34,1,2,129.46,0.00,0.50,0.00,0,5.00,3,596.09,2,4,10,org.apache.lucene.queryParser.core.processors.QueryNodeProcessorImpl,0.00,6,1,8,0,6,1,0,2,142,1
"org.apache.lucene.queryParser.standard.processors.MatchAllDocsQueryNodeProcessor",4,0.00,1.50,12,0.15,4426.07,4,0,8,9,8,169.02,8,24,1,2,129.14,0.00,0.50,0.00,0,4.00,3,436.65,0,3,7,org.apache.lucene.queryParser.core.processors.QueryNodeProcessorImpl,0.00,5,1,6,0,5,1,0,2,105,1
"org.apache.lucene.queryParser.standard.processors.MultiFieldQueryNodeProcessor",5,1.00,2.60,37,0.47,32623.63,6,1,10,16,13,129.83,16,56,6,2,109.22,0.00,0.50,0.00,0,5.00,8,1417.61,2,3,8,org.apache.lucene.queryParser.core.processors.QueryNodeProcessorImpl,0.00,11,1,13,0,11,2,0,3,269,1
"org.apache.lucene.queryParser.standard.processors.MultiTermRewriteMethodProcessor",3,0.00,1.67,12,0.16,4707.00,3,0,7,8,7,143.87,11,26,1,2,123.26,0.00,0.50,0.00,0,3.00,3,466.98,1,3,6,org.apache.lucene.queryParser.core.processors.QueryNodeProcessorImpl,0.00,5,1,5,0,5,0,0,6,105,1
"org.apache.lucene.queryParser.standard.processors.ParametricRangeQueryNodeProcessor",4,0.00,3.50,52,0.87,52134.19,4,0,21,29,20,48.65,34,75,12,2,96.75,0.00,0.50,0.00,0,4.00,11,2605.66,1,3,12,org.apache.lucene.queryParser.core.processors.QueryNodeProcessorImpl,0.00,25,1,14,0,25,1,0,9,421,1
"org.apache.lucene.queryParser.standard.processors.PhraseSlopQueryNodeProcessor",4,0.00,1.50,12,0.13,4452.59,4,0,7,5,11,169.00,8,24,5,2,129.12,0.00,0.50,0.00,0,4.00,3,403.60,0,3,6,org.apache.lucene.queryParser.core.processors.QueryNodeProcessorImpl,0.00,1,1,6,0,1,1,0,2,100,1
"org.apache.lucene.queryParser.standard.processors.RemoveEmptyNonLeafQueryNodeProcessor",5,1.00,2.00,28,0.34,17957.05,6,1,8,15,7,156.66,13,46,1,2,116.77,0.00,0.50,0.00,0,5.00,4,1029.25,1,4,6,org.apache.lucene.queryParser.core.processors.QueryNodeProcessorImpl,0.00,10,1,10,0,10,1,0,2,217,1
"org.apache.lucene.queryParser.standard.processors.StandardQueryNodeProcessorPipeline",1,0.00,1.00,20,0.18,2391.17,1,0,8,18,24,95.39,16,23,4,2,95.86,0.00,0.50,0.00,0,1.00,1,548.06,1,0,22,org.apache.lucene.queryParser.core.processors.QueryNodeProcessorPipeline,0.00,17,1,1,0,17,1,0,1,118,1
"org.apache.lucene.queryParser.standard.processors.WildcardQueryNodeProcessor",6,0.00,3.50,41,0.58,35977.24,6,0,13,12,15,132.55,23,58,4,2,111.94,0.00,0.50,0.00,2,6.00,9,1745.85,0,3,11,org.apache.lucene.queryParser.core.processors.QueryNodeProcessorImpl,0.00,6,1,21,0,6,3,0,14,353,1
"org.apache.lucene.benchmark.byTask.utils.Algorithm",5,0.00,10.00,167,2.76,412372.25,6,1,8,53,6,32.82,38,216,2,1,75.11,0.00,0.00,1.00,1,0.00,42,8271.14,0,2,4,java.lang.Object,0.00,48,0,50,0,48,3,0,24,1215,1
"org.apache.lucene.benchmark.byTask.utils.Config",17,0.12,3.53,244,3.72,262734.00,23,6,10,69,33,62.75,110,279,32,1,94.97,0.00,0.00,0.28,1,25.00,7,11164.71,0,5,1,java.lang.Object,0.00,52,0,60,0,52,12,0,37,2073,1
"org.apache.lucene.benchmark.byTask.utils.FileUtils",1,0.00,7.00,16,0.17,10646.93,1,0,2,5,1,45.45,10,20,1,1,93.92,0.00,0.00,0.00,0,1.00,7,505.54,0,0,0,java.lang.Object,0.00,4,0,7,0,4,1,0,2,101,1
"org.apache.lucene.benchmark.byTask.utils.Format",7,0.33,1.00,31,0.48,13114.48,9,2,1,12,3,104.90,35,44,3,1,122.77,0.00,0.00,0.79,0,0.00,1,1442.31,0,7,0,java.lang.Object,0.00,5,0,7,0,5,0,0,6,337,1
"org.apache.lucene.benchmark.byTask.utils.StringBuilderReader",11,0.15,1.64,60,0.61,25936.16,15,4,2,19,1,138.87,43,94,1,2,118.26,0.00,0.50,0.39,2,0.00,4,1834.44,0,0,0,java.io.Reader,0.00,8,1,18,0,8,11,0,9,399,1
"org.apache.lucene.benchmark.byTask.utils.TestConfig",1,0.00,1.00,8,0.10,2496.91,1,0,4,6,1,110.56,0,11,0,2,110.56,0.00,0.50,0.00,0,1.00,1,289.50,0,0,1,org.apache.lucene.util.LuceneTestCaseJ4,0.00,5,1,1,0,5,1,0,0,65,1
"org.apache.lucene.queryParser.standard.builders.AnyQueryNodeBuilder",2,0.00,3.00,17,0.22,9621.35,2,0,11,10,10,147.95,5,25,0,1,108.06,0.00,0.00,0.00,0,2.00,5,657.97,0,1,10,java.lang.Object,0.00,8,0,6,0,8,1,1,2,123,1
"org.apache.lucene.queryParser.standard.builders.BooleanQueryNodeBuilder",3,0.00,3.00,24,0.33,14490.32,3,0,13,13,13,128.66,10,41,1,1,108.05,0.00,0.00,0.00,0,3.00,5,994.67,0,2,12,java.lang.Object,0.00,10,0,9,0,10,1,1,2,193,1
"org.apache.lucene.queryParser.standard.builders.BoostQueryNodeBuilder",2,0.00,1.50,10,0.10,2428.49,2,0,5,6,7,141.16,7,15,1,1,120.55,0.00,0.00,0.00,0,2.00,2,296.14,0,1,6,java.lang.Object,0.00,4,0,3,0,4,1,1,2,68,1
"org.apache.lucene.queryParser.standard.builders.FieldQueryNodeBuilder",2,0.00,1.00,5,0.05,960.57,2,0,5,6,7,178.54,4,9,1,1,138.65,0.00,0.00,0.00,0,2.00,1,159.44,0,1,6,java.lang.Object,0.00,4,0,2,0,4,1,1,2,42,1
"org.apache.lucene.queryParser.standard.builders.FuzzyQueryNodeBuilder",2,0.00,1.00,5,0.07,1294.83,2,0,5,8,7,177.52,4,10,1,1,137.63,0.00,0.00,0.00,0,2.00,1,199.20,0,1,6,java.lang.Object,0.00,6,0,2,0,6,1,1,2,50,1
"org.apache.lucene.queryParser.standard.builders.GroupQueryNodeBuilder",2,0.00,1.00,5,0.05,761.31,2,0,5,4,7,160.06,6,9,1,1,139.45,0.00,0.00,0.00,0,2.00,1,155.20,0,1,6,java.lang.Object,0.00,2,0,2,0,2,1,1,2,41,1
"org.apache.lucene.queryParser.standard.builders.MatchAllDocsQueryNodeBuilder",2,0.00,1.50,6,0.08,1856.27,2,0,7,9,9,150.35,6,13,1,1,129.74,0.00,0.00,0.00,0,2.00,2,241.77,0,1,8,java.lang.Object,0.00,7,0,3,0,7,1,1,3,57,1
"org.apache.lucene.queryParser.standard.builders.MatchNoDocsQueryNodeBuilder",2,0.00,1.50,6,0.08,1856.27,2,0,7,9,9,150.35,6,13,1,1,129.74,0.00,0.00,0.00,0,2.00,2,241.77,0,1,8,java.lang.Object,0.00,7,0,3,0,7,1,1,3,57,1
"org.apache.lucene.queryParser.standard.builders.ModifierQueryNodeBuilder",2,0.00,1.00,5,0.05,761.31,2,0,5,4,7,160.06,6,9,1,1,139.45,0.00,0.00,0.00,0,2.00,1,155.20,0,1,6,java.lang.Object,0.00,2,0,2,0,2,1,1,2,41,1
"org.apache.lucene.queryParser.standard.builders.MultiPhraseQueryNodeBuilder",2,0.00,3.00,22,0.35,19893.92,2,0,11,15,10,140.31,5,30,1,1,100.42,0.00,0.00,0.00,0,2.00,5,1048.81,0,1,9,java.lang.Object,0.00,13,0,6,0,13,1,1,2,189,1
"org.apache.lucene.queryParser.standard.builders.PhraseQueryNodeBuilder",2,0.00,2.00,13,0.15,5724.47,2,0,8,8,9,154.48,5,18,1,1,114.59,0.00,0.00,0.00,0,2.00,3,459.09,0,1,8,java.lang.Object,0.00,6,0,4,0,6,1,1,2,93,1
"org.apache.lucene.queryParser.standard.builders.PrefixWildcardQueryNodeBuilder",2,0.00,1.50,10,0.16,4468.23,2,0,7,11,9,158.35,5,14,1,1,118.46,0.00,0.00,0.00,0,2.00,2,480.08,0,1,8,java.lang.Object,0.00,9,0,3,0,9,1,1,2,97,1
"org.apache.lucene.queryParser.standard.builders.RangeQueryNodeBuilder",2,0.00,2.50,18,0.26,8587.08,2,0,8,12,9,146.47,4,26,1,1,106.59,0.00,0.00,0.00,0,2.00,4,788.65,0,1,8,java.lang.Object,0.00,10,0,5,0,10,1,1,2,147,1
"org.apache.lucene.queryParser.standard.builders.SlopQueryNodeBuilder",2,0.00,1.50,10,0.11,3328.35,2,0,7,6,9,140.08,7,15,1,1,119.47,0.00,0.00,0.00,0,2.00,2,342.09,0,1,8,java.lang.Object,0.00,4,0,3,0,4,1,1,2,77,1
"org.apache.lucene.queryParser.standard.builders.StandardBooleanQueryNodeBuilder",3,0.00,3.33,27,0.36,15588.47,3,0,15,16,14,126.48,10,41,1,1,105.87,0.00,0.00,0.00,0,3.00,5,1093.36,0,2,13,java.lang.Object,0.00,13,0,10,0,13,1,1,2,212,1
"org.apache.lucene.queryParser.standard.builders.StandardQueryBuilder",1,0.00,1.00,2,0.01,88.08,1,0,5,1,26,102.16,7,3,21,2,144.46,0.00,0.50,0.00,0,1.00,1,44.04,0,1,5,,0.00,0,1,1,0,0,0,0,1,15,1
"org.apache.lucene.queryParser.standard.builders.StandardQueryTreeBuilder",2,0.00,1.00,19,0.28,4272.02,2,0,20,17,38,109.42,9,26,2,2,109.18,0.00,0.50,0.00,0,2.00,1,840.72,2,1,36,org.apache.lucene.queryParser.core.builders.QueryTreeBuilder,0.00,15,1,2,0,15,1,1,1,168,1
"org.apache.lucene.queryParser.standard.builders.WildcardQueryNodeBuilder",2,0.00,1.50,9,0.12,3042.94,2,0,7,8,9,163.27,5,14,1,1,123.39,0.00,0.00,0.00,0,2.00,2,347.36,0,1,8,java.lang.Object,0.00,6,0,3,0,6,1,1,2,76,1
"org.apache.lucene.queryParser.core.builders.QueryBuilder",1,0.00,1.00,2,0.01,51.00,1,0,2,1,5,145.85,16,3,3,1,146.32,0.00,0.00,0.00,0,1.00,1,34.00,0,1,2,,0.00,0,0,1,0,0,0,0,2,13,1
"org.apache.lucene.queryParser.core.builders.QueryTreeBuilder",8,0.29,3.50,53,0.72,34826.89,11,3,8,26,20,70.74,60,80,13,1,113.03,0.00,0.00,0.08,3,16.00,9,2173.58,0,3,7,java.lang.Object,0.00,18,0,28,2,18,5,1,7,447,1
"org.apache.lucene.analysis.br.BrazilianAnalyzer",11,0.20,1.73,39,0.86,20321.75,14,3,20,26,15,85.06,81,80,1,4,127.35,0.00,0.75,0.15,0,16.00,3,2593.06,1,2,14,org.apache.lucene.analysis.StopwordAnalyzerBase,0.00,15,3,19,0,15,9,0,20,473,2
"org.apache.lucene.analysis.br.BrazilianAnalyzer$DefaultSetHolder",0,0.00,0.00,6,0.08,1273.74,1,1,20,0,4,171.00,2,12,0,1,171.00,0.00,0.00,0.00,0,0.00,0,228.81,0,0,4,java.lang.Object,0.00,0,0,0,0,0,0,0,2,52,2
"org.apache.lucene.analysis.br.BrazilianStemFilter",3,0.12,2.33,20,0.27,9231.96,7,4,7,12,9,64.31,27,28,3,4,114.31,0.00,0.75,0.33,0,4.00,4,823.33,0,0,6,org.apache.lucene.analysis.TokenFilter,0.27,9,3,7,0,9,3,0,6,170,2
"org.apache.lucene.analysis.br.BrazilianStemmer",19,0.04,12.63,670,9.09,931830.14,24,5,0,26,1,25.88,174,761,1,1,75.88,0.00,0.00,0.24,9,43.00,122,27280.09,0,7,0,java.lang.Object,0.00,7,0,240,0,7,12,0,56,4424,1
"org.apache.lucene.analysis.br.TestBrazilianStemmer",10,0.00,1.00,125,1.49,24437.11,10,0,7,18,7,124.68,31,141,0,4,104.06,0.00,0.75,0.00,2,0.00,1,4468.57,3,0,7,org.apache.lucene.analysis.BaseTokenStreamTestCase,0.00,8,3,10,0,8,10,0,23,768,1
"org.apache.solr.handler.component.DebugComponent",11,0.50,4.00,123,1.93,170928.12,13,2,10,57,14,148.83,16,167,3,2,98.83,0.00,0.50,0.05,1,20.00,19,5780.87,0,6,11,org.apache.solr.handler.component.SearchComponent,0.62,46,1,44,0,46,5,0,11,1013,1
"org.apache.solr.handler.component.DistributedSpellCheckComponentTest",4,0.67,1.50,44,0.71,20639.88,5,1,3,17,4,142.71,10,53,0,4,102.82,0.00,0.75,0.50,1,8.00,2,2137.87,5,0,4,org.apache.solr.BaseDistributedSearchTestCase,0.17,13,3,6,0,13,4,0,4,387,1
"org.apache.solr.handler.component.DistributedTermsComponentTest",1,0.00,1.00,20,0.38,13326.73,1,0,1,3,1,57.77,6,23,0,4,89.99,0.00,0.75,0.00,0,0.00,1,1132.80,3,0,1,org.apache.solr.BaseDistributedSearchTestCase,0.06,2,3,1,0,2,1,0,1,202,1
"org.apache.solr.handler.component.DummyCustomParamSpellChecker",4,0.00,1.25,14,0.24,6790.12,4,0,11,12,7,109.84,21,24,0,2,127.72,0.00,0.50,0.00,1,4.00,2,705.48,0,2,7,org.apache.solr.spelling.SolrSpellChecker,0.14,8,1,5,0,8,2,0,3,149,1
"org.apache.solr.handler.component.FacetComponent",15,0.50,5.00,245,4.21,375961.89,17,2,16,66,20,73.20,79,292,4,2,91.07,0.00,0.50,0.03,2,28.00,20,12628.18,0,7,16,org.apache.solr.handler.component.SearchComponent,0.33,51,1,75,0,51,8,0,59,2041,1
"org.apache.solr.handler.component.FacetComponent$DistribFieldFacet",5,0.19,2.00,56,0.69,39291.41,14,9,16,21,3,141.21,14,63,0,2,101.32,0.00,0.50,0.27,0,0.00,6,2073.94,0,0,3,org.apache.solr.handler.component.FieldFacet,0.00,16,1,10,0,16,5,0,14,399,2
"org.apache.solr.handler.component.FacetComponent$DistribFieldFacet$Comparator<ShardFacetCount>",1,0.00,1.00,3,0.03,398.03,1,0,16,2,0,132.73,0,4,0,1,132.73,0.00,0.00,0.00,0,1.00,1,93.66,0,0,0,java.lang.Object,0.00,1,0,1,0,1,1,0,0,27,0
"org.apache.solr.handler.component.FacetComponent$DistribFieldFacet$Comparator<ShardFacetCount>_0",1,0.00,3.00,4,0.07,2328.85,1,0,16,2,0,121.77,0,6,0,1,121.77,0.00,0.00,0.00,0,1.00,3,215.06,0,0,0,java.lang.Object,0.00,1,0,3,0,1,1,0,0,53,0
"org.apache.solr.handler.component.FacetComponent$FacetBase",3,0.20,2.00,23,0.25,8013.47,8,5,16,8,7,152.22,7,27,0,1,112.33,0.00,0.00,0.33,0,2.00,4,736.21,0,2,7,java.lang.Object,0.00,5,0,6,0,5,1,0,7,153,2
"org.apache.solr.handler.component.FacetComponent$FacetInfo",1,0.00,5.00,18,0.23,9257.60,3,2,16,8,3,92.57,0,22,0,1,92.57,0.00,0.00,1.00,0,0.00,5,696.33,0,0,3,java.lang.Object,0.00,7,0,5,0,7,1,0,0,139,2
"org.apache.solr.handler.component.FacetComponent$FieldFacet",2,0.11,3.50,30,0.51,22920.35,11,9,16,9,4,134.76,4,35,0,2,94.88,0.00,0.50,0.06,1,2.00,6,1542.31,0,0,4,org.apache.solr.handler.component.FacetBase,0.00,7,1,7,0,7,2,0,4,283,2
"org.apache.solr.handler.component.FacetComponent$QueryFacet",1,1.00,1.00,4,0.03,304.61,2,1,16,1,2,128.98,0,6,0,2,128.98,0.00,0.50,0.00,0,1.00,1,99.07,0,0,2,org.apache.solr.handler.component.FacetBase,0.00,0,1,1,0,0,1,0,0,28,2
"org.apache.solr.handler.component.FacetComponent$ShardFacetCount",1,1.00,1.00,7,0.06,494.60,5,4,16,1,0,158.14,2,9,0,1,118.26,0.00,0.00,0.75,0,0.00,1,170.65,0,1,0,java.lang.Object,0.00,0,0,1,0,0,0,0,2,45,2
"org.apache.solr.handler.component.FieldFacetStats",5,0.39,3.20,76,0.92,38185.07,16,11,7,17,5,136.17,12,87,2,1,96.28,0.00,0.00,0.40,0,0.00,5,2770.23,0,1,3,java.lang.Object,0.00,12,0,16,0,12,4,0,5,520,1
"org.apache.solr.handler.component.HighlightComponent",14,0.23,2.64,101,1.50,77028.47,17,3,19,56,20,159.80,17,138,3,2,109.80,0.00,0.50,0.12,0,38.00,10,4506.84,0,7,18,org.apache.solr.handler.component.SearchComponent,0.55,42,1,37,0,42,7,2,12,843,1
"org.apache.solr.handler.component.HttpCommComponent",5,0.06,3.00,46,0.70,24128.58,9,4,25,21,22,106.38,24,68,1,1,106.14,0.00,0.00,0.30,0,2.00,6,2086.45,0,0,22,java.lang.Object,0.00,16,0,15,0,16,5,0,22,415,0
"org.apache.solr.handler.component.HttpCommComponent$Callable<ShardResponse>",1,0.00,3.00,23,0.32,13088.35,1,0,25,15,6,39.43,8,27,0,1,87.53,0.00,0.00,0.00,0,0.00,3,966.76,0,0,6,java.lang.Object,0.00,14,0,3,0,14,1,0,8,168,0
"org.apache.solr.handler.component.HttpCommComponent$SimpleSolrResponse",3,0.00,1.00,9,0.08,1024.20,5,2,25,3,2,133.25,0,16,0,2,133.25,0.00,0.50,0.50,0,2.00,1,229.00,0,1,2,org.apache.solr.client.solrj.SolrResponse,0.67,0,1,3,0,0,2,0,0,61,2
"org.apache.solr.handler.component.MoreLikeThisComponent",7,1.00,1.14,21,0.28,5974.85,8,1,8,16,11,180.09,10,42,3,2,130.09,0.00,0.50,0.00,0,7.00,2,834.60,0,5,8,org.apache.solr.handler.component.SearchComponent,0.45,9,1,8,0,9,2,0,5,182,1
"org.apache.solr.handler.component.QueryComponent",17,0.94,4.88,307,5.75,410734.63,18,1,26,161,43,71.42,91,375,6,2,89.29,0.00,0.50,0.12,7,43.00,13,17258.12,0,5,37,org.apache.solr.handler.component.SearchComponent,0.56,144,1,83,0,144,12,0,84,2761,1
"org.apache.solr.handler.component.QueryElevationComponent",13,0.04,3.92,189,3.43,240352.53,22,9,44,97,33,134.22,34,276,1,2,94.33,0.00,0.50,0.15,1,59.00,16,10286.42,0,8,32,org.apache.solr.handler.component.SearchComponent,0.50,84,1,51,0,84,5,1,26,1673,1
"org.apache.solr.handler.component.QueryElevationComponent$ElevationComparatorSource",2,1.00,1.00,6,0.07,877.15,3,1,44,3,0,132.40,0,9,0,2,132.40,0.00,0.50,0.00,0,2.00,1,202.77,0,1,0,org.apache.solr.schema.FieldComparatorSource,0.00,1,1,2,0,1,1,0,0,51,0
"org.apache.solr.handler.component.QueryElevationComponent$ElevationComparatorSource$FieldComparator",7,0.06,1.14,20,0.23,4078.34,10,3,44,9,1,137.96,1,27,0,1,137.96,0.00,0.00,0.38,1,10.00,2,696.62,0,1,1,java.lang.Object,0.00,2,0,8,0,2,6,0,1,170,0
"org.apache.solr.handler.component.QueryElevationComponent$ElevationObj",1,4.00,4.00,30,0.45,27489.80,7,6,44,13,5,130.62,1,34,0,1,80.62,0.00,0.00,0.33,0,0.00,4,1335.83,0,0,5,java.lang.Object,0.00,12,0,4,0,12,1,0,1,238,0
"org.apache.solr.handler.component.QueryElevationComponentTest",6,0.00,1.17,122,2.23,100746.71,6,0,21,41,11,129.05,15,180,0,3,89.16,0.00,0.67,0.00,1,2.00,2,6682.30,5,0,11,org.apache.solr.SolrTestCaseJ4,0.00,35,2,7,0,35,6,0,15,1111,1
"org.apache.solr.handler.component.ResponseBuilder",31,0.01,1.23,120,1.30,30492.87,71,40,13,51,35,179.59,42,162,22,1,129.59,0.00,0.00,0.01,6,520.00,4,3887.84,0,10,15,java.lang.Object,0.00,20,0,38,0,20,21,0,22,802,1
"org.apache.solr.handler.component.ResponseBuilder$GlobalCollectionStat",1,2.00,1.00,6,0.06,952.18,3,2,13,1,0,118.52,0,8,0,1,118.52,0.00,0.00,0.00,0,1.00,1,178.04,0,0,0,java.lang.Object,0.00,0,0,1,0,0,1,0,0,45,2
"org.apache.solr.handler.component.SearchComponent",15,0.00,1.00,22,0.16,1379.76,15,0,9,18,31,195.42,32,34,23,1,155.54,0.00,0.00,0.00,0,15.00,1,468.80,0,7,9,java.lang.Object,0.00,3,0,15,11,3,8,2,11,148,2
"org.apache.solr.handler.component.SearchHandler",8,0.06,5.12,161,2.46,220590.76,17,9,25,57,33,69.25,47,204,3,2,87.13,1.00,0.33,0.17,0,8.00,23,7368.16,0,6,30,org.apache.solr.handler.RequestHandlerBase,0.40,49,1,41,1,49,2,1,39,1182,1
"org.apache.solr.handler.component.SearchHandlerTest",3,0.00,1.00,44,0.78,64420.94,3,0,5,19,8,134.02,7,51,0,4,94.13,0.00,0.75,0.00,0,4.00,1,2329.20,0,2,8,org.apache.solr.util.AbstractSolrTestCase,0.19,16,3,3,0,16,1,0,7,423,1
"org.apache.solr.handler.component.ShardDoc",1,1.00,1.00,10,0.09,709.68,8,7,10,1,17,91.10,14,17,12,1,111.25,0.00,0.00,0.86,0,0.00,1,268.63,0,1,5,java.lang.Object,0.00,0,0,1,0,0,0,0,14,64,1
"org.apache.solr.handler.component.ShardFieldSortedHitQueue",7,0.17,2.86,63,0.87,57940.39,10,3,10,22,7,124.93,24,87,1,2,104.31,0.00,0.50,0.19,0,13.00,7,2622.61,1,5,6,org.apache.lucene.util.PriorityQueue,0.00,15,1,20,0,15,2,0,24,508,0
"org.apache.solr.handler.component.ShardFieldSortedHitQueue$Comparator",1,0.00,3.00,9,0.10,3634.02,1,0,10,1,1,107.11,0,12,0,1,107.11,0.00,0.00,0.00,0,1.00,3,299.43,0,0,1,java.lang.Object,0.00,0,0,3,0,0,1,0,0,66,0
"org.apache.solr.handler.component.ShardFieldSortedHitQueue$ShardComparator",3,0.25,1.67,19,0.17,3919.36,5,2,10,7,1,117.32,0,22,0,1,117.32,0.00,0.00,0.33,0,5.00,3,521.29,0,1,1,java.lang.Object,0.00,4,0,5,0,4,2,1,0,123,0
"org.apache.solr.handler.component.ShardFieldSortedHitQueue$ShardComparator_0",1,0.00,4.00,10,0.13,4548.23,1,0,10,3,1,104.57,0,14,0,1,104.57,0.00,0.00,0.00,0,1.00,4,377.74,0,0,1,java.lang.Object,0.00,2,0,4,0,2,1,0,0,82,0
"org.apache.solr.handler.component.ShardFieldSortedHitQueue$ShardComparator_1",1,0.00,4.00,10,0.13,4734.56,1,0,10,3,1,104.44,0,14,0,1,104.44,0.00,0.00,0.00,0,1.00,4,382.49,0,0,1,java.lang.Object,0.00,2,0,4,0,2,1,0,0,83,0
"org.apache.solr.handler.component.ShardFieldSortedHitQueue$ShardComparator_2",1,0.00,4.00,10,0.13,4548.23,1,0,10,3,1,104.57,0,14,0,1,104.57,0.00,0.00,0.00,0,1.00,4,377.74,0,0,1,java.lang.Object,0.00,2,0,4,0,2,1,0,0,82,0
"org.apache.solr.handler.component.ShardRequest",1,14.00,1.00,20,0.32,7382.63,18,17,3,4,15,43.53,10,25,14,1,92.01,0.00,0.00,0.18,0,0.00,1,952.44,0,1,2,java.lang.Object,0.00,3,0,1,0,3,0,0,10,177,1
"org.apache.solr.handler.component.ShardResponse",10,0.02,1.10,27,0.21,2375.24,16,6,2,11,7,141.04,1,51,5,1,141.04,0.00,0.00,0.15,0,34.00,2,628.35,0,5,3,java.lang.Object,0.00,1,0,11,0,1,5,0,1,166,2
"org.apache.solr.handler.component.SimpleStats",4,0.08,4.50,75,1.20,88013.29,8,4,22,39,19,129.52,8,96,1,1,89.63,0.00,0.00,0.31,0,4.00,10,3585.21,0,3,18,java.lang.Object,0.00,35,0,18,0,35,1,0,8,607,0
"org.apache.solr.handler.component.SpellCheckComponent",17,0.01,5.06,323,6.11,573274.19,23,6,39,168,48,107.89,65,390,6,2,87.27,0.00,0.50,0.16,3,91.00,27,18326.50,1,9,42,org.apache.solr.handler.component.SearchComponent,0.44,151,1,86,0,151,8,2,44,2827,1
"org.apache.solr.handler.component.SpellCheckComponent$SpellCheckerListener",5,0.00,2.20,31,0.32,6865.56,9,4,39,11,5,117.08,2,47,0,1,117.08,0.00,0.00,0.25,1,7.00,6,961.73,0,0,5,java.lang.Object,0.00,6,0,11,0,6,5,1,2,215,2
"org.apache.solr.handler.component.SpellCheckComponentTest",11,0.00,1.27,277,5.00,228930.79,11,0,19,59,17,84.79,8,329,0,3,84.79,0.00,0.67,0.00,0,0.00,2,14990.26,6,0,17,org.apache.solr.SolrTestCaseJ4,0.00,48,2,14,0,48,11,0,6,2509,1
"org.apache.solr.handler.component.StatsComponent",10,1.00,2.20,62,0.89,34036.80,11,1,22,30,24,163.98,16,89,2,2,113.98,0.00,0.50,0.00,0,10.00,5,2678.97,0,4,23,org.apache.solr.handler.component.SearchComponent,0.64,20,1,22,0,20,6,0,11,522,1
"org.apache.solr.handler.component.StatsComponentTest",9,0.00,1.22,57,1.11,15451.53,9,0,10,10,8,116.45,6,168,0,4,116.45,0.00,0.75,0.00,5,16.00,3,3342.89,5,2,8,org.apache.solr.util.AbstractSolrTestCase,0.24,1,3,11,0,1,7,0,4,617,1
"org.apache.solr.handler.component.StatsInfo",1,0.00,3.00,9,0.10,2538.67,2,1,22,5,20,108.34,0,12,2,1,108.34,0.00,0.00,1.00,0,0.00,3,295.02,0,0,19,java.lang.Object,0.00,4,0,3,0,4,1,0,0,64,0
"org.apache.solr.handler.component.StatsValues",10,0.42,2.40,90,1.23,62048.42,18,8,4,33,8,155.34,11,105,6,1,105.34,0.00,0.00,0.50,1,0.00,8,3675.04,0,1,2,java.lang.Object,0.00,23,0,24,0,23,9,0,5,702,1
"org.apache.solr.handler.component.TermVectorComponent",10,0.30,4.00,161,2.91,273029.30,13,3,35,70,28,91.07,45,197,1,2,90.83,0.00,0.50,0.07,1,18.00,23,8721.47,1,5,27,org.apache.solr.handler.component.SearchComponent,0.32,60,1,40,0,60,5,1,23,1324,1
"org.apache.solr.handler.component.TermVectorComponent$FieldOptions",0,0.00,0.00,3,0.02,86.04,6,6,35,0,0,171.00,0,4,0,1,171.00,0.00,0.00,0.00,0,0.00,0,57.36,0,0,0,java.lang.Object,0.00,0,0,0,0,0,0,0,0,16,0
"org.apache.solr.handler.component.TermVectorComponent$TVMapper",6,0.23,2.67,57,0.70,26843.88,13,7,35,17,6,106.43,5,71,0,2,106.43,0.00,0.50,0.33,0,0.00,8,2097.37,0,0,6,org.apache.lucene.index.TermVectorMapper,0.31,11,1,16,0,11,6,0,5,405,2
"org.apache.solr.handler.component.TermVectorComponentTest",6,0.00,1.67,237,4.71,295399.39,6,0,17,40,15,42.36,41,308,0,3,74.58,0.00,0.67,0.00,0,0.00,3,14129.00,5,0,15,org.apache.solr.SolrTestCaseJ4,0.00,34,2,10,0,34,6,0,16,2178,1
"org.apache.solr.handler.component.TermsComponent",11,0.50,4.91,149,2.72,250907.34,13,2,20,65,20,134.65,26,192,1,2,94.76,0.00,0.50,0.05,1,20.00,29,8170.03,0,5,19,org.apache.solr.handler.component.SearchComponent,0.31,54,1,54,0,54,6,0,21,1317,1
"org.apache.solr.handler.component.TermsComponent$TermsHelper",7,0.17,3.57,75,1.09,67585.86,9,2,20,29,5,141.91,16,94,0,1,102.03,0.00,0.00,0.36,0,3.00,11,3259.84,0,4,5,java.lang.Object,0.00,22,0,25,0,22,3,0,16,609,1
"org.apache.solr.handler.component.TermsComponent$TermsHelper$Comparator<TermsResponse.Term>",1,0.00,1.00,3,0.04,568.17,1,0,20,3,0,131.51,0,4,0,1,131.51,0.00,0.00,0.00,0,1.00,1,127.52,0,0,0,java.lang.Object,0.00,2,0,1,0,2,1,0,0,35,0
"org.apache.solr.handler.component.TermsComponent$TermsHelper$Comparator<TermsResponse.Term>_0",1,0.00,3.00,10,0.11,3437.55,1,0,20,4,0,105.60,0,12,0,1,105.60,0.00,0.00,0.00,0,1.00,3,321.97,0,0,0,java.lang.Object,0.00,3,0,3,0,3,1,0,0,73,0
"org.apache.solr.handler.component.TermsComponentTest",14,0.00,1.00,63,1.70,46164.16,14,0,8,21,4,120.84,8,212,0,3,120.84,0.00,0.67,0.00,0,26.00,1,5089.55,5,0,4,org.apache.solr.SolrTestCaseJ4,0.00,7,2,14,0,7,14,0,5,944,1
"org.apache.lucene.analysis.miscellaneous.EmptyTokenStream",1,0.00,1.00,3,0.02,297.80,1,0,2,1,4,154.34,3,6,3,3,133.72,0.00,0.67,0.00,0,1.00,1,71.46,0,0,1,org.apache.lucene.analysis.TokenStream,0.33,0,2,1,0,0,1,0,1,21,2
"org.apache.lucene.analysis.miscellaneous.PatternAnalyzer",8,0.16,3.75,79,2.17,87123.85,17,9,16,30,10,102.84,132,154,2,2,103.31,0.00,0.50,0.25,3,16.00,6,6499.21,0,3,8,org.apache.lucene.analysis.Analyzer,0.00,22,1,30,0,22,5,0,34,1022,2
"org.apache.lucene.analysis.miscellaneous.PatternAnalyzer$FastStringReader",2,1.00,1.00,7,0.04,396.02,3,1,16,2,0,135.12,0,10,0,2,135.12,0.00,0.50,0.50,0,2.00,1,114.45,0,1,0,java.io.StringReader,0.00,0,1,2,0,0,1,0,0,35,2
"org.apache.lucene.analysis.miscellaneous.PatternAnalyzer$FastStringTokenizer",5,0.12,2.40,46,0.57,24161.35,13,8,16,16,3,146.08,14,59,0,3,106.19,0.00,0.67,0.22,0,10.00,6,1702.38,0,0,3,org.apache.lucene.analysis.TokenStream,0.46,11,2,12,0,11,5,0,14,342,3
"org.apache.lucene.analysis.miscellaneous.PatternAnalyzer$PatternTokenizer",3,0.36,3.00,35,0.41,13683.34,10,7,16,15,3,153.09,4,44,0,3,103.09,0.00,0.67,0.38,0,1.00,7,1232.29,0,0,3,org.apache.lucene.analysis.TokenStream,0.55,12,2,9,0,12,3,0,4,251,3
"org.apache.lucene.analysis.miscellaneous.PatternAnalyzerTest",5,0.00,1.00,33,0.59,14158.88,5,0,6,14,4,66.68,40,54,0,4,114.79,0.00,0.75,0.00,1,0.00,1,1774.01,2,0,4,org.apache.lucene.analysis.BaseTokenStreamTestCase,0.00,9,3,5,0,9,5,0,19,357,1
"org.apache.lucene.analysis.miscellaneous.PrefixAndSuffixAwareTokenFilter",6,0.60,1.00,20,0.20,4061.14,7,1,3,14,7,180.91,6,30,4,3,130.91,0.00,0.67,0.50,0,6.00,1,602.78,0,2,3,org.apache.lucene.analysis.TokenStream,0.64,8,2,6,0,8,4,0,1,160,1
"org.apache.lucene.analysis.miscellaneous.PrefixAndSuffixAwareTokenFilter$PrefixAwareTokenFilter",1,0.00,1.00,3,0.03,512.11,1,0,3,2,2,131.87,0,5,0,1,131.87,0.00,0.00,0.00,0,1.00,1,101.46,0,1,2,java.lang.Object,0.00,1,0,1,0,1,0,0,0,28,0
"org.apache.lucene.analysis.miscellaneous.PrefixAndSuffixAwareTokenFilter$PrefixAwareTokenFilter_0",1,0.00,1.00,3,0.03,567.72,1,0,3,2,2,131.51,0,5,0,1,131.51,0.00,0.00,0.00,0,1.00,1,99.27,0,1,2,java.lang.Object,0.00,1,0,1,0,1,0,0,0,28,0
"org.apache.lucene.analysis.miscellaneous.PrefixAwareTokenFilter",12,0.17,1.75,102,1.19,27873.98,29,17,10,50,11,160.68,17,124,2,3,110.68,0.00,0.67,0.21,3,30.00,5,3581.67,1,5,9,org.apache.lucene.analysis.TokenStream,0.45,38,2,21,0,38,7,0,3,731,1
"org.apache.lucene.analysis.miscellaneous.SingleTokenTokenStream",5,0.08,1.20,24,0.21,3737.22,8,3,5,9,9,125.87,4,33,5,3,125.87,0.00,0.67,0.40,0,5.00,2,625.67,0,1,4,org.apache.lucene.analysis.TokenStream,0.46,4,2,6,0,4,4,0,2,150,2
"org.apache.lucene.analysis.miscellaneous.StemmerOverrideFilter",2,0.33,3.50,17,0.24,6375.20,5,3,8,11,9,77.21,13,26,3,4,109.44,0.00,0.75,0.50,0,2.00,4,720.53,0,0,6,org.apache.lucene.analysis.TokenFilter,0.29,9,3,7,0,9,2,0,3,151,2
"org.apache.lucene.analysis.miscellaneous.TestEmptyTokenStream",1,0.00,1.00,6,0.05,870.31,1,0,3,5,3,118.82,0,8,0,3,118.82,0.00,0.67,0.00,0,1.00,1,150.40,0,0,3,org.apache.lucene.util.LuceneTestCase,0.00,4,2,1,0,4,1,0,0,39,1
"org.apache.lucene.analysis.miscellaneous.TestPrefixAndSuffixAwareTokenFilter",2,0.00,1.00,8,0.14,2666.56,2,0,5,7,5,123.93,0,16,0,4,123.93,0.00,0.75,0.00,1,2.00,1,415.51,1,1,5,org.apache.lucene.analysis.BaseTokenStreamTestCase,0.00,5,3,2,0,5,1,0,0,92,1
"org.apache.lucene.analysis.miscellaneous.TestPrefixAwareTokenFilter",2,0.00,1.00,14,0.23,6448.84,2,0,5,7,5,111.85,1,23,0,4,111.85,0.00,0.75,0.00,1,2.00,1,697.06,1,1,5,org.apache.lucene.analysis.BaseTokenStreamTestCase,0.00,5,3,2,0,5,1,0,1,145,1
"org.apache.lucene.analysis.miscellaneous.TestSingleTokenTokenFilter",1,0.00,1.00,16,0.18,6223.76,1,0,5,10,5,96.21,0,18,0,3,96.21,0.00,0.67,0.00,0,1.00,1,535.70,0,0,5,org.apache.lucene.util.LuceneTestCase,0.00,9,2,1,0,9,1,0,0,111,1
"org.apache.lucene.analysis.miscellaneous.TestStemmerOverrideFilter",1,0.00,1.00,7,0.11,2565.09,1,0,9,7,6,138.91,19,10,0,4,112.63,0.00,0.75,0.00,0,0.00,1,322.67,1,0,6,org.apache.lucene.analysis.BaseTokenStreamTestCase,0.00,6,3,1,0,6,1,0,4,68,1
"org.apache.lucene.collation.CollationKeyAnalyzer",3,0.50,1.33,19,0.20,5624.46,4,1,7,7,7,115.66,49,26,2,2,116.13,0.00,0.50,0.67,0,1.00,2,598.91,2,2,5,org.apache.lucene.analysis.Analyzer,0.00,4,1,4,0,4,1,0,1,133,2
"org.apache.lucene.collation.CollationKeyAnalyzer$SavedStreams",0,0.00,0.00,3,0.01,82.42,2,2,7,0,2,171.00,0,5,0,1,171.00,0.00,0.00,0.00,0,0.00,0,41.21,0,0,2,java.lang.Object,0.00,0,0,0,0,0,0,0,0,13,1
"org.apache.lucene.collation.CollationKeyFilter",2,0.00,1.50,16,0.20,5108.72,4,2,6,10,7,159.67,49,23,3,4,110.39,0.00,0.75,0.50,0,2.00,2,592.73,0,0,4,org.apache.lucene.analysis.TokenFilter,0.29,8,3,3,0,8,2,0,2,125,2
"org.apache.lucene.collation.CollationTestBase",6,4.00,2.17,108,2.43,110244.20,10,4,22,39,25,72.55,34,154,4,3,90.42,2.00,0.29,0.00,1,0.00,6,7285.91,0,1,21,org.apache.lucene.util.LuceneTestCase,0.00,33,2,13,4,33,5,0,28,1204,2
"org.apache.lucene.collation.ICUCollationKeyAnalyzer",3,0.50,1.33,19,0.20,5624.46,4,1,7,7,6,86.75,41,26,1,2,116.13,0.00,0.50,0.67,0,1.00,2,598.91,2,2,5,org.apache.lucene.analysis.Analyzer,0.00,4,1,4,0,4,1,0,1,133,2
"org.apache.lucene.collation.ICUCollationKeyAnalyzer$SavedStreams",0,0.00,0.00,3,0.01,82.42,2,2,7,0,2,171.00,0,5,0,1,171.00,0.00,0.00,0.00,0,0.00,0,41.21,0,0,2,java.lang.Object,0.00,0,0,0,0,0,0,0,0,13,1
"org.apache.lucene.collation.ICUCollationKeyFilter",2,0.33,2.00,20,0.26,9177.08,5,3,7,12,6,144.00,43,28,2,4,104.70,0.00,0.75,0.50,0,2.00,3,793.60,0,0,4,org.apache.lucene.analysis.TokenFilter,0.29,10,3,4,0,10,2,0,2,160,2
"org.apache.lucene.collation.TestCollationKeyAnalyzer",4,0.61,1.00,19,0.33,7669.07,10,6,3,9,3,172.69,5,39,0,4,122.69,0.00,0.75,0.62,4,0.00,1,993.14,0,0,3,org.apache.lucene.collation.CollationTestBase,0.00,5,3,4,0,5,4,0,5,214,1
"org.apache.lucene.collation.TestCollationKeyFilter",4,0.61,1.00,20,0.34,8745.93,10,6,6,9,4,168.63,5,39,0,4,118.63,0.00,0.75,0.62,4,0.00,1,1032.62,0,0,4,org.apache.lucene.collation.CollationTestBase,0.00,5,3,4,0,5,4,0,5,221,1
"org.apache.lucene.collation.TestCollationKeyFilter$TestAnalyzer",2,0.00,1.00,8,0.07,1026.85,3,1,6,4,4,127.20,0,12,0,2,127.20,0.00,0.50,1.00,0,0.00,1,200.20,0,1,4,org.apache.lucene.analysis.Analyzer,0.00,2,1,2,0,2,1,0,0,52,2
"org.apache.lucene.collation.TestICUCollationKeyAnalyzer",4,0.61,1.00,19,0.33,7669.07,10,6,3,9,3,162.58,8,37,0,4,122.69,0.00,0.75,0.62,4,0.00,1,993.14,0,0,3,org.apache.lucene.collation.CollationTestBase,0.00,5,3,4,0,5,4,0,8,214,1
"org.apache.lucene.collation.TestICUCollationKeyFilter",4,0.61,1.00,20,0.34,8745.93,10,6,6,9,4,158.51,8,37,0,4,118.63,0.00,0.75,0.62,4,0.00,1,1032.62,0,0,4,org.apache.lucene.collation.CollationTestBase,0.00,5,3,4,0,5,4,0,8,221,1
"org.apache.lucene.collation.TestICUCollationKeyFilter$TestAnalyzer",2,0.00,1.00,8,0.07,1026.85,3,1,6,4,4,127.20,0,12,0,2,127.20,0.00,0.50,1.00,0,0.00,1,200.20,0,1,4,org.apache.lucene.analysis.Analyzer,0.00,2,1,2,0,2,1,0,0,52,2
"org.apache.lucene.analysis.bg.BulgarianAnalyzer",5,0.33,1.80,22,0.30,7565.01,8,3,16,15,15,74.89,54,31,2,4,123.37,0.00,0.75,0.07,0,8.00,3,905.81,0,2,13,org.apache.lucene.analysis.StopwordAnalyzerBase,0.00,10,3,9,0,10,3,0,10,200,2
"org.apache.lucene.analysis.bg.BulgarianAnalyzer$DefaultSetHolder",0,0.00,0.00,6,0.05,853.95,1,1,16,0,1,171.00,2,10,0,1,171.00,0.00,0.00,0.00,0,0.00,0,164.39,0,0,1,java.lang.Object,0.00,0,0,0,0,0,0,0,2,40,2
"org.apache.lucene.analysis.bg.BulgarianStemFilter",2,0.33,2.00,14,0.16,3828.15,5,3,6,9,9,113.71,9,20,3,4,113.47,0.00,0.75,0.50,0,2.00,3,486.85,0,0,6,org.apache.lucene.analysis.TokenFilter,0.29,7,3,4,0,7,2,0,1,108,2
"org.apache.lucene.analysis.bg.BulgarianStemmer",3,0.00,9.00,47,0.77,51673.55,3,0,1,4,1,49.14,34,81,1,1,93.27,0.00,0.00,0.00,0,3.00,14,2298.83,0,0,0,java.lang.Object,0.00,1,0,27,0,1,3,0,15,443,1
"org.apache.lucene.analysis.bg.TestBulgarianAnalyzer",6,0.00,1.00,25,0.33,5729.37,6,0,6,10,5,175.08,9,34,0,4,125.08,0.00,0.75,0.00,0,0.00,1,999.49,2,0,5,org.apache.lucene.analysis.BaseTokenStreamTestCase,0.00,4,3,6,0,4,6,0,3,222,1
"org.apache.lucene.analysis.bg.TestBulgarianStemmer",6,0.00,1.00,118,2.10,91054.92,6,0,7,13,7,48.08,45,127,0,4,90.37,0.00,0.75,0.00,0,0.00,1,6297.93,2,0,7,org.apache.lucene.analysis.BaseTokenStreamTestCase,0.00,7,3,6,0,7,6,0,31,1150,1
"org.apache.lucene.analysis.no.NorwegianAnalyzer",5,0.50,1.80,21,0.29,6976.19,7,2,17,16,15,75.54,42,31,1,4,123.64,0.00,0.75,0.10,0,8.00,3,861.43,0,2,14,org.apache.lucene.analysis.StopwordAnalyzerBase,0.00,11,3,9,0,11,3,0,8,191,2
"org.apache.lucene.analysis.no.NorwegianAnalyzer$DefaultSetHolder",0,0.00,0.00,6,0.05,843.89,1,1,17,0,2,171.00,2,11,0,1,171.00,0.00,0.00,0.00,0,0.00,0,162.56,0,0,2,java.lang.Object,0.00,0,0,0,0,0,0,0,2,40,2
"org.apache.lucene.analysis.no.TestNorwegianAnalyzer",3,0.00,1.00,14,0.15,2836.17,3,0,5,7,3,164.99,6,19,0,4,125.11,0.00,0.75,0.00,0,0.00,1,450.25,2,0,3,org.apache.lucene.analysis.BaseTokenStreamTestCase,0.00,4,3,3,0,4,3,0,5,103,1
"org.apache.lucene.analysis.nl.Deprecated",18,0.07,3.89,183,2.72,156640.22,23,5,1,37,0,122.98,70,287,0,1,102.36,0.00,0.00,0.13,11,86.00,11,8156.16,0,1,0,java.lang.Object,0.00,19,0,70,0,19,17,0,17,1594,1
"org.apache.lucene.analysis.nl.DutchAnalyzer",12,0.02,2.08,67,0.95,30994.32,18,6,23,35,17,69.78,102,96,1,3,117.89,0.00,0.67,0.18,0,32.00,5,2854.32,1,2,16,org.apache.lucene.analysis.ReusableAnalyzerBase,0.00,23,2,25,0,23,10,0,25,593,2
"org.apache.lucene.analysis.nl.DutchAnalyzer$DefaultSetHolder",0,0.00,0.00,6,0.05,843.89,1,1,23,0,2,171.00,2,11,0,1,171.00,0.00,0.00,0.00,0,0.00,0,162.56,0,0,2,java.lang.Object,0.00,0,0,0,0,0,0,0,2,40,2
"org.apache.lucene.analysis.nl.TestDutchStemmer",10,0.00,1.00,121,1.41,23523.49,10,0,6,16,5,144.08,28,134,0,4,104.19,0.00,0.75,0.00,1,0.00,1,4235.33,4,0,5,org.apache.lucene.analysis.BaseTokenStreamTestCase,0.00,6,3,10,0,6,10,0,9,733,1
"org.apache.lucene.search.spans.FieldMaskingSpanQuery",11,0.15,1.27,43,0.50,14500.14,13,2,9,27,12,128.81,44,71,3,3,128.58,0.00,0.67,0.36,2,0.00,3,1498.22,2,6,9,org.apache.lucene.search.spans.SpanQuery,0.21,16,2,14,0,16,5,0,3,354,1
"org.apache.lucene.search.spans.JustCompileSearchSpans",0,0.00,0.00,6,0.06,759.99,1,1,5,0,3,171.00,7,10,0,1,171.00,0.00,0.00,0.00,0,0.00,0,174.17,0,0,3,java.lang.Object,0.00,0,0,0,0,0,0,0,1,41,1
"org.apache.lucene.search.spans.JustCompileSearchSpans$JustCompilePayloadSpans",7,0.00,1.00,15,0.14,1784.88,7,0,5,8,1,140.82,0,30,0,2,140.82,0.00,0.50,0.00,0,0.00,1,414.24,0,1,1,org.apache.lucene.search.spans.Spans,1.00,1,1,7,0,1,6,0,0,113,2
"org.apache.lucene.search.spans.JustCompileSearchSpans$JustCompileSpanQuery",3,0.00,1.00,7,0.07,860.22,3,0,5,4,3,140.42,0,14,0,3,140.42,0.00,0.67,0.00,0,0.00,1,201.05,0,3,3,org.apache.lucene.search.spans.SpanQuery,0.15,1,2,3,0,1,0,0,0,55,2
"org.apache.lucene.search.spans.JustCompileSearchSpans$JustCompileSpanScorer",2,0.00,1.00,5,0.06,701.28,2,0,5,3,4,139.73,0,10,0,4,139.73,0.00,0.75,0.00,0,2.00,1,170.49,0,0,4,org.apache.lucene.search.spans.SpanScorer,0.24,1,3,2,0,1,2,0,0,45,2
"org.apache.lucene.search.spans.JustCompileSearchSpans$JustCompileSpans",7,0.00,1.00,15,0.14,1784.88,7,0,5,8,1,140.82,0,30,0,2,140.82,0.00,0.50,0.00,0,0.00,1,414.24,0,1,1,org.apache.lucene.search.spans.Spans,1.00,1,1,7,0,1,6,0,0,113,2
"org.apache.lucene.search.spans.NearSpansOrdered",17,0.12,3.18,180,2.29,173514.48,29,12,10,37,7,102.10,70,218,4,2,101.86,0.00,0.50,0.20,3,56.00,12,6866.64,0,3,4,org.apache.lucene.search.spans.Spans,0.58,20,1,54,0,20,14,0,31,1286,1
"org.apache.lucene.search.spans.NearSpansOrdered$Comparator<Spans>",1,0.00,1.00,3,0.03,480.85,1,0,10,2,1,132.08,0,4,0,1,132.08,0.00,0.00,0.00,0,1.00,1,93.66,0,0,1,java.lang.Object,0.00,1,0,1,0,1,1,0,0,27,0
"org.apache.lucene.search.spans.NearSpansUnordered",17,0.08,2.65,135,1.40,51079.59,28,11,8,46,7,151.75,44,166,3,2,111.87,0.00,0.50,0.17,8,92.00,11,4185.53,0,4,5,org.apache.lucene.search.spans.Spans,0.58,29,1,45,0,29,13,0,35,877,1
"org.apache.lucene.search.spans.NearSpansUnordered$CellQueue",2,0.00,1.50,8,0.09,2854.54,2,0,8,4,2,123.61,0,13,0,2,123.61,0.00,0.50,0.00,0,2.00,2,260.58,1,0,2,org.apache.lucene.util.PriorityQueue,0.00,2,1,3,0,2,2,0,0,65,1
"org.apache.lucene.search.spans.NearSpansUnordered$SpansCell",10,0.00,1.30,34,0.36,11038.58,14,4,8,18,1,129.18,4,49,0,2,129.18,0.00,0.50,0.25,3,0.00,4,1088.55,0,2,1,org.apache.lucene.search.spans.Spans,0.82,8,1,13,0,8,8,0,4,266,1
"org.apache.lucene.search.spans.SpanFirstQuery",11,0.00,1.36,49,0.54,16278.26,13,2,8,26,16,123.51,8,67,10,3,123.51,0.00,0.67,0.50,2,0.00,3,1608.92,1,5,6,org.apache.lucene.search.spans.SpanQuery,0.32,15,2,15,0,15,6,1,7,373,1
"org.apache.lucene.search.spans.SpanFirstQuery$Spans",8,0.29,1.50,24,0.27,6656.20,9,1,8,15,2,130.11,4,38,0,1,130.11,0.00,0.00,0.75,1,0.00,3,815.94,0,2,2,java.lang.Object,0.00,7,0,12,0,7,6,0,4,201,0
"org.apache.lucene.search.spans.SpanNearQuery",13,0.13,2.54,97,1.19,51718.87,18,5,9,43,37,160.91,22,117,30,3,110.91,0.50,0.50,0.32,2,10.00,6,3558.13,1,5,9,org.apache.lucene.search.spans.SpanQuery,0.30,30,2,33,1,30,8,1,17,731,1
"org.apache.lucene.search.spans.SpanNotQuery",11,0.05,1.64,56,0.68,26026.63,13,2,8,28,18,118.24,10,74,12,3,118.24,0.00,0.67,0.55,2,0.00,5,2025.46,1,4,6,org.apache.lucene.search.spans.SpanQuery,0.32,17,2,18,0,17,7,1,9,460,1
"org.apache.lucene.search.spans.SpanNotQuery$Spans",8,0.18,2.38,37,0.61,40991.81,12,4,8,16,2,159.02,16,67,0,1,119.13,0.00,0.00,0.41,1,0.00,6,1829.90,0,2,2,java.lang.Object,0.00,8,0,19,0,8,6,0,16,397,0
"org.apache.lucene.search.spans.SpanOrQuery",10,0.00,2.60,77,0.96,40397.36,12,2,11,41,28,110.86,9,94,21,3,110.86,0.00,0.67,0.50,1,0.00,5,2867.47,1,5,7,org.apache.lucene.search.spans.SpanQuery,0.33,31,2,26,0,31,5,1,9,595,1
"org.apache.lucene.search.spans.SpanOrQuery$SpanQueue",2,0.00,2.00,11,0.13,6227.84,2,0,11,5,2,117.26,0,18,0,2,117.26,0.00,0.50,0.00,0,2.00,3,383.56,1,0,2,org.apache.lucene.util.PriorityQueue,0.00,3,1,4,0,3,2,0,0,93,1
"org.apache.lucene.search.spans.SpanOrQuery$Spans",10,0.56,2.20,52,0.69,23802.95,11,1,11,27,3,118.16,3,75,0,1,118.16,0.00,0.00,0.50,4,10.00,5,2060.40,0,3,3,java.lang.Object,0.00,17,0,22,0,17,7,0,3,436,0
"org.apache.lucene.search.spans.SpanQuery",3,0.00,1.00,5,0.05,543.20,3,0,5,4,62,203.22,4,8,57,2,153.22,10.00,0.08,0.00,0,3.00,1,144.38,0,3,6,org.apache.lucene.search.Query,0.00,1,1,3,10,1,0,0,3,42,2
"org.apache.lucene.search.spans.SpanScorer",7,0.21,2.14,54,0.59,17650.52,14,7,5,19,11,162.51,8,71,6,3,112.51,1.50,0.33,0.33,1,0.00,4,1767.70,1,1,5,org.apache.lucene.search.Scorer,0.80,12,2,15,3,12,6,0,5,372,1
"org.apache.lucene.search.spans.SpanTermQuery",8,0.14,2.00,31,0.40,13766.59,9,1,5,22,42,127.56,3,48,36,3,127.56,0.50,0.50,0.88,0,0.00,7,1204.28,3,4,6,org.apache.lucene.search.spans.SpanQuery,0.24,14,2,16,1,14,4,0,3,276,1
"org.apache.lucene.search.spans.SpanWeight",7,0.25,1.43,61,1.06,59396.64,15,8,7,37,15,156.29,10,83,5,2,106.29,2.00,0.25,0.34,2,0.00,4,3178.96,0,3,11,org.apache.lucene.search.Weight,0.57,30,1,10,2,30,4,0,8,566,1
"org.apache.lucene.search.spans.Spans",7,0.00,1.00,8,0.06,462.42,7,0,2,7,33,114.38,49,9,33,1,156.67,0.00,0.00,0.00,0,7.00,1,173.89,0,1,0,java.lang.Object,0.00,0,0,7,6,0,6,0,9,59,2
"org.apache.lucene.search.spans.TermSpans",10,0.19,1.50,48,0.48,12008.96,16,6,5,20,8,124.20,6,71,5,2,124.20,0.00,0.50,0.33,0,0.00,3,1437.25,0,3,3,org.apache.lucene.search.spans.Spans,0.82,10,1,15,0,10,7,0,3,328,1
"org.apache.lucene.search.spans.TestBasics",23,0.55,1.09,200,4.37,100770.45,24,1,17,57,23,158.62,25,260,0,3,108.62,0.00,0.67,0.48,1,34.00,2,13097.01,1,0,23,org.apache.lucene.util.LuceneTestCase,0.09,34,2,25,0,34,23,0,3,2317,1
"org.apache.lucene.search.spans.TestFieldMaskingSpanQuery",18,0.53,1.11,169,3.07,125379.99,19,1,14,53,18,105.12,2,248,0,3,105.12,0.00,0.67,0.50,3,18.00,2,9217.52,2,4,18,org.apache.lucene.util.LuceneTestCase,0.20,35,2,20,0,35,14,0,2,1794,1
"org.apache.lucene.search.spans.TestFieldMaskingSpanQuery$Term",1,0.00,1.00,3,0.06,830.02,1,0,14,4,5,130.22,0,7,0,1,130.22,0.00,0.00,0.00,0,1.00,1,166.78,0,1,5,java.lang.Object,0.00,3,0,1,0,3,0,0,0,41,0
"org.apache.lucene.search.spans.TestNearSpansOrdered",16,0.00,1.06,86,1.24,23924.14,20,4,14,46,18,119.91,13,117,0,3,119.91,0.00,0.67,0.25,2,0.00,2,3730.01,2,4,18,org.apache.lucene.util.LuceneTestCase,0.21,30,2,17,0,30,12,0,3,795,1
"org.apache.lucene.search.spans.TestPayloadSpans",16,0.08,2.56,302,5.23,213427.92,20,4,31,67,29,91.47,7,337,0,3,91.47,0.00,0.67,0.17,3,80.00,7,15690.99,1,2,29,org.apache.lucene.util.LuceneTestCase,0.11,51,2,41,0,51,14,0,7,2720,1
"org.apache.lucene.search.spans.TestPayloadSpans$PayloadAnalyzer",1,0.00,1.00,5,0.05,910.04,1,0,31,3,3,121.62,0,8,0,2,121.62,0.00,0.50,0.00,0,1.00,1,144.78,0,1,3,org.apache.lucene.analysis.Analyzer,0.00,2,1,1,0,2,0,0,0,37,1
"org.apache.lucene.search.spans.TestPayloadSpans$PayloadFilter",2,1.25,2.50,31,0.37,9122.16,10,8,31,13,5,98.10,0,38,0,4,98.10,0.00,0.75,0.75,0,0.00,4,1100.67,0,0,5,org.apache.lucene.analysis.TokenFilter,0.29,11,3,5,0,11,2,0,0,218,1
"org.apache.lucene.search.spans.TestPayloadSpans$TestPayloadAnalyzer",1,0.00,1.00,5,0.05,928.15,1,0,31,3,3,121.56,0,8,0,2,121.56,0.00,0.50,0.00,0,1.00,1,148.92,0,1,3,org.apache.lucene.analysis.Analyzer,0.00,2,1,1,0,2,0,0,0,38,2
"org.apache.lucene.search.spans.TestSpanExplanations",30,0.00,1.00,101,1.34,18616.10,30,0,13,31,11,131.21,8,132,0,4,131.21,0.33,0.60,0.00,0,30.00,1,4026.30,6,0,11,org.apache.lucene.search.TestExplanations,0.00,1,3,30,1,1,30,0,6,892,1
"org.apache.lucene.search.spans.TestSpanExplanationsOfNonMatches",1,0.00,1.00,3,0.04,549.65,1,0,2,2,3,83.52,8,7,0,5,131.62,0.00,0.80,0.00,0,0.00,1,119.24,0,0,3,org.apache.lucene.search.spans.TestSpanExplanations,0.00,1,4,1,0,1,1,0,2,30,1
"org.apache.lucene.search.spans.TestSpans",39,0.25,1.05,245,3.68,215826.33,42,3,22,85,25,112.49,16,334,0,3,112.49,0.00,0.67,0.09,10,267.00,2,11025.74,1,5,25,org.apache.lucene.util.LuceneTestCase,0.06,46,2,41,0,46,34,0,16,2192,1
"org.apache.lucene.search.spans.TestSpans$DefaultSimilarity",1,0.00,1.00,3,0.02,175.12,1,0,22,1,0,135.54,0,5,0,1,135.54,0.00,0.00,0.00,0,1.00,1,54.60,0,0,0,java.lang.Object,0.00,0,0,1,0,0,1,0,0,17,0
"org.apache.lucene.search.spans.TestSpans$slop",1,0.00,1.00,3,0.02,165.49,1,0,22,1,2,135.73,0,7,0,1,135.73,0.00,0.00,0.00,0,1.00,1,51.36,0,1,2,java.lang.Object,0.00,0,0,1,0,0,0,0,0,16,0
"org.apache.lucene.search.spans.TestSpansAdvanced",6,0.15,1.33,55,0.88,33567.69,10,4,10,30,16,57.72,51,64,1,3,105.83,0.50,0.50,0.38,3,10.00,3,2654.93,2,0,15,org.apache.lucene.util.LuceneTestCase,0.33,24,2,8,1,24,6,0,15,506,1
"org.apache.lucene.search.spans.TestSpansAdvanced2",5,0.25,1.00,31,0.47,9665.41,6,1,6,17,9,83.87,32,40,0,4,116.09,0.00,0.75,0.80,0,0.00,1,1410.51,4,0,9,org.apache.lucene.search.spans.TestSpansAdvanced,0.35,12,3,5,0,12,5,0,10,285,1
"org.apache.solr.update.AddUpdateCommand",7,0.19,2.57,52,0.56,13953.07,15,8,7,23,27,163.28,10,71,19,2,113.28,0.00,0.50,0.29,0,0.00,6,1693.14,0,5,8,org.apache.solr.update.UpdateCommand,0.22,16,1,18,0,16,2,0,8,363,1
"org.apache.solr.update.AutoCommitTest",5,0.00,1.40,85,1.33,60873.90,5,0,14,27,12,74.98,26,92,0,4,92.85,0.00,0.75,0.00,1,7.00,2,3986.43,4,3,12,org.apache.solr.util.AbstractSolrTestCase,0.18,22,3,7,0,22,2,0,21,656,1
"org.apache.solr.update.AutoCommitTest$SolrQueryRequestBase",0,0.00,0.00,1,0.01,23.26,0,0,14,0,0,171.00,0,0,0,1,171.00,0.00,0.00,0.00,0,0.00,0,15.51,0,0,0,java.lang.Object,0.00,0,0,0,0,0,0,0,0,6,0
"org.apache.solr.update.AutoCommitTest$SolrQueryRequestBase_0",0,0.00,0.00,1,0.01,23.26,0,0,14,0,0,171.00,0,0,0,1,171.00,0.00,0.00,0.00,0,0.00,0,15.51,0,0,0,java.lang.Object,0.00,0,0,0,0,0,0,0,0,6,0
"org.apache.solr.update.CommitListener",6,0.00,1.67,27,0.22,5071.27,9,3,14,10,12,125.38,4,33,1,1,125.38,0.00,0.00,0.33,0,0.00,5,671.23,0,0,11,java.lang.Object,0.00,4,0,10,0,4,6,1,4,154,0
"org.apache.solr.update.CommitUpdateCommand",2,0.40,1.00,11,0.10,1102.31,7,5,0,2,17,123.58,8,18,16,2,123.34,0.00,0.50,0.40,0,2.00,1,309.75,0,1,1,org.apache.solr.update.UpdateCommand,0.50,0,1,2,0,0,1,0,2,77,1
"org.apache.solr.update.DeleteUpdateCommand",2,0.50,1.50,14,0.16,4428.30,6,4,0,6,14,152.93,5,18,13,2,113.04,0.00,0.50,0.50,0,2.00,2,479.22,0,1,1,org.apache.solr.update.UpdateCommand,0.50,4,1,3,0,4,1,0,3,109,1
"org.apache.solr.update.DirectUpdateHandler",28,0.09,2.39,170,2.17,108331.67,34,6,18,62,19,153.41,77,230,1,2,113.52,0.00,0.50,0.08,12,254.00,10,6505.54,3,8,18,org.apache.solr.update.UpdateHandler,0.04,34,1,67,0,34,20,0,34,1317,1
"org.apache.solr.update.DirectUpdateHandler2",22,0.13,2.50,253,3.08,136722.81,40,18,27,66,31,84.20,121,333,12,2,102.07,3.00,0.20,0.18,4,18.00,11,9232.44,2,9,20,org.apache.solr.update.UpdateHandler,0.21,44,1,55,3,44,13,0,43,1689,1
"org.apache.solr.update.DirectUpdateHandler2$CommitTracker",9,0.25,2.56,64,0.70,18759.12,17,8,27,21,2,153.01,20,95,0,1,113.12,0.00,0.00,0.35,1,0.00,5,2093.28,0,1,2,java.lang.Object,0.00,12,0,23,0,12,8,1,19,438,0
"org.apache.solr.update.DirectUpdateHandlerOptimizeTest",4,0.00,1.50,41,0.53,25067.45,4,0,6,18,7,124.32,13,46,0,4,103.70,0.00,0.75,0.00,1,6.00,3,1581.16,0,2,7,org.apache.solr.util.AbstractSolrTestCase,0.18,14,3,6,0,14,2,0,10,282,1
"org.apache.solr.update.DirectUpdateHandlerOptimizeTest$FileFilter",1,0.00,1.00,3,0.02,227.68,1,0,6,3,0,134.64,0,4,0,1,134.64,0.00,0.00,0.00,0,1.00,1,70.91,0,0,0,java.lang.Object,0.00,2,0,1,0,2,1,0,0,21,0
"org.apache.solr.update.DirectUpdateHandlerTest",11,0.00,1.18,177,2.77,99107.09,11,0,18,43,16,115.52,42,240,0,3,94.90,0.00,0.67,0.00,2,0.00,3,8304.56,9,0,16,org.apache.solr.SolrTestCaseJ4,0.06,32,2,13,0,32,11,0,39,1450,1
"org.apache.solr.update.DocumentBuilder",12,0.09,4.83,160,2.53,202070.58,15,3,12,56,16,53.51,89,214,4,1,95.80,0.00,0.00,0.25,2,36.00,21,7597.24,0,3,12,java.lang.Object,0.00,44,0,58,0,44,9,0,38,1290,1
"org.apache.solr.update.DocumentBuilderTest",4,0.00,1.25,25,0.36,7168.38,4,0,9,17,7,156.19,8,39,0,3,116.30,0.00,0.67,0.00,0,0.00,2,1079.29,1,0,7,org.apache.solr.SolrTestCaseJ4,0.00,13,2,5,0,13,4,0,5,219,1
"org.apache.solr.update.MergeIndexesCommand",3,1.00,1.67,18,0.17,7586.43,4,1,1,7,9,154.94,6,22,7,2,115.06,0.00,0.50,0.33,0,4.00,3,508.60,0,1,2,org.apache.solr.update.UpdateCommand,0.40,4,1,5,0,4,2,0,1,113,1
"org.apache.solr.update.RollbackUpdateCommand",1,0.00,1.00,3,0.01,75.94,1,0,0,1,15,138.63,4,5,14,2,138.39,0.00,0.50,0.00,0,1.00,1,37.97,0,0,1,org.apache.solr.update.UpdateCommand,0.00,0,1,1,0,0,1,0,1,14,1
"org.apache.solr.update.SolrIndexConfig",3,0.69,3.33,71,1.23,61216.19,21,18,10,20,8,86.23,12,81,4,1,85.99,0.00,0.00,0.52,0,1.00,7,3682.49,0,1,5,java.lang.Object,0.00,17,0,10,0,17,2,0,10,626,1
"org.apache.solr.update.SolrIndexWriter",11,0.02,3.18,105,1.72,90659.47,17,6,18,39,19,86.43,56,140,3,2,104.30,0.00,0.50,0.18,3,17.00,16,5160.22,15,2,16,org.apache.lucene.index.IndexWriter,0.03,28,1,35,0,28,9,0,14,925,1
"org.apache.solr.update.SolrIndexWriter$TimeLoggingPrintStream",2,1.00,1.00,8,0.07,825.23,3,1,18,6,0,177.94,3,12,0,2,127.95,0.00,0.50,0.50,0,2.00,1,221.89,1,0,0,java.io.PrintStream,0.00,4,1,2,0,4,2,0,3,57,0
"org.apache.solr.update.TestIndexingPerformance",3,0.00,2.67,47,0.87,56772.06,3,0,8,26,9,50.93,22,52,0,4,93.22,0.00,0.75,0.00,0,4.00,6,2596.34,0,2,9,org.apache.solr.util.AbstractSolrTestCase,0.19,23,3,8,0,23,1,0,4,392,1
"org.apache.solr.update.UpdateCommand",2,1.00,1.00,6,0.03,306.88,3,1,0,2,5,175.87,4,9,5,1,135.99,0.00,0.00,0.50,0,2.00,1,90.86,0,1,0,java.lang.Object,0.00,0,0,2,5,0,1,0,1,29,1
"org.apache.solr.update.UpdateHandler",17,0.01,1.71,62,0.89,25852.04,25,8,18,40,26,178.02,26,79,5,1,128.02,0.00,0.00,0.13,1,97.00,4,2674.93,0,4,22,java.lang.Object,0.00,23,0,29,5,23,13,1,8,576,2
"org.apache.solr.update.UpdateHandler$DeleteHitCollector",5,0.17,1.20,16,0.17,3105.27,8,3,18,8,4,131.17,2,28,0,2,131.17,0.00,0.50,0.20,0,8.00,2,521.23,0,0,4,org.apache.lucene.index.Collector,0.00,3,1,6,0,3,5,0,2,125,1
"org.apache.lucene.analysis.ar.ArabicAnalyzer",8,0.29,1.75,31,0.39,9324.57,11,3,15,21,14,80.45,84,45,1,4,128.93,0.00,0.75,0.08,0,20.00,3,1162.42,0,2,13,org.apache.lucene.analysis.StopwordAnalyzerBase,0.00,13,3,14,0,13,6,0,15,265,2
"org.apache.lucene.analysis.ar.ArabicAnalyzer$DefaultSetHolder",0,0.00,0.00,6,0.05,853.95,1,1,15,0,1,171.00,2,10,0,1,171.00,0.00,0.00,0.00,0,0.00,0,164.39,0,0,1,java.lang.Object,0.00,0,0,0,0,0,0,0,2,40,2
"org.apache.lucene.analysis.ar.ArabicLetterTokenizer",7,0.00,1.00,18,0.14,1824.07,7,0,5,8,11,90.75,68,27,7,6,140.75,0.00,0.83,0.00,0,7.00,1,431.86,1,0,4,org.apache.lucene.analysis.LetterTokenizer,0.13,1,5,7,0,1,7,0,8,123,1
"org.apache.lucene.analysis.ar.ArabicNormalizationFilter",2,0.00,1.50,11,0.12,2323.29,4,2,4,8,8,160.58,4,16,4,4,120.70,0.00,0.75,0.50,0,2.00,2,359.90,0,0,4,org.apache.lucene.analysis.TokenFilter,0.29,6,3,3,0,6,2,0,1,84,2
"org.apache.lucene.analysis.ar.ArabicNormalizer",1,0.00,7.00,35,0.49,12385.63,18,17,1,1,2,124.67,22,51,2,1,80.72,0.00,0.00,1.00,0,0.00,7,1463.95,0,0,0,java.lang.Object,0.00,0,0,7,0,0,1,0,2,272,1
"org.apache.lucene.analysis.ar.ArabicStemFilter",2,0.33,2.00,14,0.16,3794.18,5,3,6,9,9,113.74,8,20,3,4,113.50,0.00,0.75,0.50,0,2.00,3,481.98,0,0,6,org.apache.lucene.analysis.TokenFilter,0.29,7,3,4,0,7,2,0,1,107,2
"org.apache.lucene.analysis.ar.ArabicStemmer",5,0.06,3.20,38,0.91,50299.27,18,13,1,6,2,57.69,48,73,2,1,107.69,0.00,0.00,0.03,2,11.00,5,2715.07,0,0,0,java.lang.Object,0.00,1,0,16,0,1,5,0,9,546,1
"org.apache.lucene.analysis.ar.TestArabicAnalyzer",6,0.00,1.00,35,0.54,17250.03,6,0,6,10,3,117.93,25,44,0,4,117.69,0.00,0.75,0.00,0,0.00,1,1610.09,2,0,3,org.apache.lucene.analysis.BaseTokenStreamTestCase,0.00,4,3,6,0,4,6,0,13,342,1
"org.apache.lucene.analysis.ar.TestArabicLetterTokenizer",2,0.00,1.00,9,0.11,1915.41,2,0,4,4,3,175.07,3,15,0,4,125.07,0.00,0.75,0.00,0,2.00,1,341.21,1,0,3,org.apache.lucene.analysis.BaseTokenStreamTestCase,0.00,2,3,2,0,2,2,0,1,78,1
"org.apache.lucene.analysis.ar.TestArabicNormalizationFilter",15,0.00,1.00,33,0.26,2845.48,15,0,3,18,3,141.83,3,49,0,4,141.83,0.00,0.75,0.00,1,28.00,1,783.99,1,0,3,org.apache.lucene.analysis.BaseTokenStreamTestCase,0.00,3,3,15,0,3,15,0,1,216,1
"org.apache.lucene.analysis.ar.TestArabicStemFilter",23,0.00,1.00,53,0.45,5467.49,23,0,5,29,5,141.06,4,77,0,4,141.06,0.00,0.75,0.00,1,61.00,1,1337.56,1,0,5,org.apache.lucene.analysis.BaseTokenStreamTestCase,0.00,6,3,23,0,6,23,0,1,356,1
"org.apache.lucene.queryParser.analyzing.ASCIIAnalyzer",2,0.00,1.00,8,0.09,2023.28,2,0,9,6,9,124.88,0,12,1,2,124.88,0.00,0.50,0.00,0,2.00,1,282.61,0,1,8,org.apache.lucene.analysis.Analyzer,0.00,4,1,2,0,4,1,0,0,68,1
"org.apache.lucene.queryParser.analyzing.AnalyzingQueryParser",5,0.00,8.20,114,1.89,180444.26,5,0,10,27,8,117.94,102,169,1,2,84.55,0.00,0.50,0.00,0,5.00,18,5660.71,5,4,7,org.apache.lucene.queryParser.QueryParser,0.00,22,1,41,0,22,1,0,25,942,1
"org.apache.lucene.queryParser.analyzing.TestAnalyzingQueryParser",6,0.33,1.67,49,0.64,14427.04,15,9,9,12,11,110.57,3,60,0,3,110.57,0.00,0.67,0.39,0,0.00,2,1912.79,1,1,11,org.apache.lucene.util.LuceneTestCase,0.17,6,2,10,0,6,5,0,1,391,1
"org.apache.lucene.analysis.cn.smart.AnalyzerProfile",2,1.00,4.50,34,0.43,25273.13,3,1,4,16,2,60.23,12,47,2,1,92.46,0.00,0.00,0.50,1,2.00,7,1286.81,0,1,0,java.lang.Object,0.00,14,0,9,0,14,1,0,4,244,1
"org.apache.lucene.analysis.cn.smart.CharType",0,0.00,0.00,9,0.12,1715.65,8,8,0,0,2,171.00,28,10,2,1,171.00,0.00,0.00,0.00,0,0.00,0,352.93,0,0,0,java.lang.Object,0.00,0,0,0,0,0,0,0,9,76,1
"org.apache.lucene.analysis.cn.smart.SentenceTokenizer",7,0.10,1.86,58,0.67,35139.83,14,7,7,19,6,147.91,14,77,1,4,108.03,0.00,0.75,0.22,1,10.00,7,2011.42,2,0,5,org.apache.lucene.analysis.Tokenizer,0.50,12,3,13,0,12,7,0,6,397,2
"org.apache.lucene.analysis.cn.smart.SmartChineseAnalyzer",6,0.05,1.83,38,0.47,14713.13,10,4,15,14,11,65.14,55,51,2,2,115.14,0.00,0.50,0.21,0,6.00,3,1406.75,2,3,9,org.apache.lucene.analysis.Analyzer,0.00,8,1,11,0,8,3,0,10,298,2
"org.apache.lucene.analysis.cn.smart.SmartChineseAnalyzer$DefaultSetHolder",1,1.00,1.00,12,0.13,2734.04,2,1,15,6,2,124.30,3,20,0,1,103.68,0.00,0.00,0.00,0,0.00,1,383.33,0,1,2,java.lang.Object,0.00,5,0,1,0,5,0,0,3,85,2
"org.apache.lucene.analysis.cn.smart.SmartChineseAnalyzer$SavedStreams",0,0.00,0.00,3,0.02,155.67,2,2,15,0,2,171.00,0,5,0,1,171.00,0.00,0.00,0.00,0,0.00,0,51.89,0,0,2,java.lang.Object,0.00,0,0,0,0,0,0,0,0,15,3
"org.apache.lucene.analysis.cn.smart.TestSmartChineseAnalyzer",14,0.00,1.07,64,1.10,21073.08,14,0,9,16,5,144.12,47,91,0,4,123.50,0.00,0.75,0.00,0,14.00,2,3295.60,2,0,5,org.apache.lucene.analysis.BaseTokenStreamTestCase,0.00,2,3,15,0,2,14,0,18,671,1
"org.apache.lucene.analysis.cn.smart.Utility",3,7.00,9.00,48,0.97,77424.94,10,7,1,5,5,108.97,54,90,4,1,90.84,0.00,0.00,0.00,0,3.00,10,2895.23,0,0,2,java.lang.Object,0.00,2,0,27,0,2,3,0,21,551,1
"org.apache.lucene.analysis.cn.smart.WordSegmenter",2,0.00,3.00,20,0.28,9533.58,4,2,5,11,5,60.35,23,31,1,1,104.48,0.00,0.00,0.50,0,2.00,3,850.28,0,2,4,java.lang.Object,0.00,9,0,6,0,9,0,0,5,176,0
"org.apache.lucene.analysis.cn.smart.WordTokenFilter",3,0.33,2.00,27,0.35,9801.40,9,6,9,15,8,75.35,18,36,1,4,107.57,0.00,0.75,0.39,0,1.00,4,1060.03,1,0,7,org.apache.lucene.analysis.TokenFilter,0.53,12,3,6,0,12,3,0,8,212,2
"org.apache.lucene.analysis.cn.smart.WordType",0,0.00,0.00,9,0.12,1715.65,8,8,0,0,4,171.00,28,10,4,1,171.00,0.00,0.00,0.00,0,0.00,0,352.93,0,0,0,java.lang.Object,0.00,0,0,0,0,0,0,0,9,76,1
"org.apache.solr.handler.AnalysisRequestHandler",9,0.25,3.33,106,1.60,75060.31,11,2,30,58,21,151.00,17,145,1,2,101.00,0.00,0.50,0.28,3,21.00,12,4805.34,1,7,20,org.apache.solr.handler.RequestHandlerBase,0.38,49,1,30,0,49,2,0,14,841,1
"org.apache.solr.handler.AnalysisRequestHandlerBase",7,0.00,2.86,99,1.73,101314.57,7,0,24,71,24,52.95,55,119,2,2,95.24,2.00,0.25,0.00,1,7.00,6,5196.84,0,6,22,org.apache.solr.handler.RequestHandlerBase,0.00,64,1,20,2,64,1,0,11,898,2
"org.apache.solr.handler.AnalysisRequestHandlerBase$AnalysisContext",7,0.12,1.00,22,0.19,2964.74,11,4,24,7,2,114.64,35,30,0,1,132.52,0.00,0.00,0.14,0,27.00,1,560.35,0,4,2,java.lang.Object,0.00,0,0,7,0,0,3,0,3,145,2
"org.apache.solr.handler.AnalysisRequestHandlerBase$Comparator<Token>",1,0.00,1.00,3,0.03,480.85,1,0,24,2,1,132.08,0,4,0,1,132.08,0.00,0.00,0.00,0,1.00,1,93.66,0,0,1,java.lang.Object,0.00,1,0,1,0,1,1,0,0,27,0
"org.apache.solr.handler.AnalysisRequestHandlerBase$ListBasedTokenStream",3,0.44,1.33,27,0.41,11487.70,11,8,24,20,8,147.01,8,40,0,3,107.12,0.00,0.67,0.42,0,0.00,2,1235.46,1,0,8,org.apache.lucene.analysis.TokenStream,0.55,17,2,4,0,17,3,0,2,248,3
"org.apache.solr.handler.AnalysisRequestHandlerTest",3,1.00,1.67,55,1.21,101062.54,4,1,5,16,3,88.41,2,69,0,4,88.41,0.00,0.75,0.33,0,4.00,3,3622.18,0,2,3,org.apache.solr.util.AbstractSolrTestCase,0.19,13,3,5,0,13,1,0,2,574,1
"org.apache.solr.handler.AnalysisRequestHandlerTestBase",1,0.00,4.00,14,0.25,6729.50,1,0,3,12,4,55.49,7,19,2,3,97.78,1.00,0.40,0.00,0,1.00,4,748.32,0,0,2,org.apache.solr.SolrTestCaseJ4,0.00,11,2,4,2,11,1,0,2,149,2
"org.apache.solr.handler.AnalysisRequestHandlerTestBase$TokenInfo",9,0.02,1.00,34,0.22,3850.01,17,8,3,9,0,132.48,0,52,0,1,132.48,0.00,0.00,0.11,0,65.00,1,660.71,0,4,0,java.lang.Object,0.00,0,0,9,0,0,5,0,0,176,1
"org.apache.solr.handler.BinaryUpdateRequestHandler",8,0.00,1.75,44,0.46,15504.85,8,0,16,20,14,168.91,10,61,0,3,118.91,0.00,0.67,0.00,1,8.00,3,1373.49,0,6,14,org.apache.solr.handler.ContentStreamHandlerBase,0.55,12,2,14,0,12,2,0,3,288,1
"org.apache.solr.handler.BinaryUpdateRequestHandler$ContentStreamLoader",1,0.00,2.00,8,0.08,1855.71,1,0,16,4,3,111.41,0,12,0,1,111.41,0.00,0.00,0.00,0,1.00,2,231.48,0,0,3,java.lang.Object,0.00,3,0,2,0,3,1,0,0,51,0
"org.apache.solr.handler.BinaryUpdateRequestHandler$JavaBinUpdateRequestCodec.StreamingDocumentHandler",1,0.00,3.00,10,0.12,3084.69,2,1,16,5,4,105.97,0,14,0,1,105.97,0.00,0.00,1.00,0,0.00,3,351.60,0,0,4,java.lang.Object,0.00,4,0,3,0,4,1,0,0,74,0
"org.apache.solr.handler.BufferingRequestProcessor",6,0.10,1.00,16,0.18,3122.21,10,4,12,8,9,138.38,1,25,1,2,138.38,0.00,0.50,0.17,0,22.00,1,544.00,0,0,8,org.apache.solr.update.processor.UpdateRequestProcessor,0.15,2,1,6,0,2,6,0,1,139,0
"org.apache.solr.handler.CSVLoader",6,0.26,7.67,166,2.86,195949.59,30,24,17,46,14,49.37,40,184,2,2,81.59,1.00,0.33,0.26,3,2.00,17,8579.98,0,0,12,org.apache.solr.handler.ContentStreamLoader,0.00,40,1,46,1,40,6,0,30,1387,1
"org.apache.solr.handler.CSVLoader$FieldAdder",1,0.00,2.00,4,0.05,722.56,1,0,17,3,1,125.87,0,7,0,1,125.87,0.00,0.00,0.00,0,0.00,2,161.62,0,0,1,java.lang.Object,0.00,2,0,2,0,2,1,0,0,39,1
"org.apache.solr.handler.CSVLoader$FieldAdderEmpty",1,0.00,1.00,3,0.04,408.31,1,0,17,2,1,132.64,0,5,0,2,132.64,0.00,0.50,0.00,0,0.00,1,131.25,0,0,1,CSVLoader.FieldAdder,0.00,1,1,1,0,1,1,0,0,34,1
"org.apache.solr.handler.CSVLoader$FieldMapperSingle",2,0.33,1.50,11,0.12,1761.88,5,3,17,4,1,121.64,0,14,0,2,121.64,0.00,0.50,0.50,0,2.00,2,349.85,0,0,1,CSVLoader.FieldAdder,0.00,2,1,3,0,2,2,0,0,89,1
"org.apache.solr.handler.CSVLoader$FieldSplitter",2,0.00,2.50,17,0.20,6952.16,4,2,17,7,2,109.22,0,21,0,2,109.22,0.00,0.50,0.50,0,2.00,4,592.27,0,0,2,CSVLoader.FieldAdder,0.00,5,1,5,0,5,2,0,0,126,1
"org.apache.solr.handler.CSVLoader$FieldTrimmer",2,1.00,1.00,6,0.06,731.56,3,1,17,4,1,133.02,0,7,0,2,133.02,0.00,0.50,0.50,0,2.00,1,192.30,0,0,1,CSVLoader.FieldAdder,0.00,2,1,2,0,2,2,0,0,53,1
"org.apache.solr.handler.CSVLoader$SingleThreadedCSVLoader",2,0.00,1.00,7,0.06,851.10,2,0,17,3,4,132.50,0,10,0,3,132.50,0.00,0.67,0.00,0,2.00,1,188.13,1,0,4,org.apache.solr.handler.CSVLoader,0.00,1,2,2,0,1,2,0,0,49,0
"org.apache.solr.handler.CSVRequestHandler",5,0.00,1.00,11,0.07,807.51,5,0,17,6,12,142.38,4,21,0,3,142.38,0.00,0.67,0.00,0,5.00,1,220.88,0,5,12,org.apache.solr.handler.ContentStreamHandlerBase,0.63,1,2,5,0,1,0,0,2,66,1
"org.apache.solr.handler.ContentStreamHandlerBase",2,0.00,2.50,19,0.30,16081.66,2,0,8,13,16,125.06,6,26,5,2,104.44,5.00,0.14,0.00,1,2.00,4,905.85,0,1,11,org.apache.solr.handler.RequestHandlerBase,0.00,11,1,5,5,11,1,0,3,162,2
"org.apache.solr.handler.ContentStreamLoader",3,1.00,1.00,7,0.05,477.24,4,1,3,3,13,163.05,11,10,10,1,142.43,0.00,0.00,0.33,0,4.00,1,153.97,0,1,3,java.lang.Object,0.00,0,0,3,5,0,2,0,2,45,2
"org.apache.solr.handler.Deprecated",11,0.07,2.64,132,2.08,138346.94,32,21,23,50,18,107.37,187,174,0,2,98.24,0.00,0.50,0.11,3,25.00,14,6240.03,1,6,18,org.apache.solr.handler.RequestHandlerBase,0.43,39,1,29,0,39,5,1,12,1021,1
"org.apache.solr.handler.DocumentAnalysisRequestHandler",10,0.15,3.90,128,2.02,112042.66,13,3,25,71,17,48.54,93,177,1,3,98.54,0.00,0.67,0.20,4,22.00,13,6059.30,2,9,16,org.apache.solr.handler.AnalysisRequestHandlerBase,0.41,61,2,39,0,61,1,0,19,1039,1
"org.apache.solr.handler.DocumentAnalysisRequestHandlerTest",4,0.33,1.00,131,3.31,323595.41,5,1,15,42,11,28.10,35,151,0,4,76.21,0.00,0.75,0.75,0,0.00,1,9935.98,3,0,11,org.apache.solr.handler.AnalysisRequestHandlerTestBase,0.09,38,3,4,0,38,4,0,7,1484,1
"org.apache.solr.handler.DocumentAnalysisRequestHandlerTest$SolrQueryRequestBase",1,0.00,1.00,3,0.03,302.67,1,0,15,1,0,133.67,0,5,0,1,133.67,0.00,0.00,0.00,0,1.00,1,78.81,0,1,0,java.lang.Object,0.00,0,0,1,0,0,0,0,0,23,0
"org.apache.solr.handler.DumpRequestHandler",5,0.00,1.40,27,0.36,14979.52,5,0,9,21,6,117.47,4,43,0,2,117.47,0.00,0.50,0.00,0,5.00,3,1077.44,0,4,6,org.apache.solr.handler.RequestHandlerBase,0.47,16,1,7,0,16,1,0,4,207,1
"org.apache.solr.handler.ExtractingRequestHandlerTest",11,0.00,1.18,118,2.25,75433.38,11,0,17,25,10,124.07,36,253,0,3,103.45,0.00,0.67,0.00,1,0.00,2,6739.68,7,1,10,org.apache.solr.SolrTestCaseJ4,0.06,14,2,13,0,14,10,0,33,1181,1
"org.apache.solr.handler.FieldAnalysisRequestHandler",8,0.00,2.75,75,1.14,60808.89,8,0,18,44,13,60.48,88,101,1,3,104.61,0.00,0.67,0.00,2,8.00,7,3426.51,1,8,12,org.apache.solr.handler.AnalysisRequestHandlerBase,0.44,36,2,22,0,36,0,0,8,632,1
"org.apache.solr.handler.FieldAnalysisRequestHandlerTest",5,0.25,1.00,228,6.40,1311842.61,6,1,13,41,10,87.27,16,240,0,4,66.66,0.00,0.75,0.80,0,0.00,1,19213.62,3,0,10,org.apache.solr.handler.AnalysisRequestHandlerTestBase,0.09,36,3,5,0,36,5,0,6,2790,1
"org.apache.solr.handler.JsonLoader",10,0.44,7.00,202,3.42,222955.94,12,2,18,64,14,137.78,13,329,2,2,87.78,0.00,0.50,0.10,7,26.00,23,10267.09,0,4,12,org.apache.solr.handler.ContentStreamLoader,0.00,54,1,70,0,54,6,0,11,1731,0
"org.apache.solr.handler.JsonLoaderTest",1,0.00,1.00,36,0.73,21034.48,2,1,12,22,10,79.14,4,74,0,3,78.90,0.00,0.67,1.00,0,0.00,1,2176.63,0,0,10,org.apache.lucene.util.LuceneTestCase,0.00,21,2,1,0,21,1,0,4,372,1
"org.apache.solr.handler.JsonUpdateRequestHandler",6,1.00,1.00,14,0.11,1406.77,7,1,5,8,6,141.11,4,26,0,3,141.11,0.00,0.67,0.00,0,6.00,1,337.17,1,5,6,org.apache.solr.handler.ContentStreamHandlerBase,0.60,2,2,6,0,2,1,0,2,95,1
"org.apache.solr.handler.MoreLikeThisHandler",2,1.00,12.00,82,1.76,162374.85,3,1,39,47,31,27.48,22,119,2,2,71.61,0.00,0.50,0.00,0,2.00,23,5287.79,1,0,29,org.apache.solr.handler.RequestHandlerBase,0.00,45,1,24,0,45,2,0,16,746,1
"org.apache.solr.handler.MoreLikeThisHandler$InterestingTerm",5,2.00,1.20,18,0.14,2455.53,7,2,39,7,1,131.97,4,32,0,1,131.97,0.00,0.00,0.00,0,5.00,2,418.99,0,5,1,java.lang.Object,0.00,2,0,6,0,2,0,0,2,110,2
"org.apache.solr.handler.MoreLikeThisHandler$InterestingTerm$Comparator<InterestingTerm>",1,0.00,3.00,6,0.07,2283.77,1,0,39,1,0,115.27,0,8,0,1,115.27,0.00,0.00,0.00,0,1.00,3,200.59,0,0,0,java.lang.Object,0.00,0,0,3,0,0,1,0,0,47,0
"org.apache.solr.handler.MoreLikeThisHandler$InterestingTerm$MoreLikeThisHelper",7,0.21,2.43,84,1.48,49396.03,14,7,39,54,21,100.23,6,111,0,1,100.23,0.00,0.00,0.33,3,0.00,4,4437.46,0,4,21,java.lang.Object,0.00,47,0,17,0,47,3,0,6,791,2
"org.apache.solr.handler.MoreLikeThisHandlerTest",4,0.00,1.50,42,0.94,37939.78,4,0,15,17,13,142.17,10,53,0,4,102.29,0.00,0.75,0.00,0,4.00,3,2827.38,5,2,13,org.apache.solr.util.AbstractSolrTestCase,0.27,13,3,6,0,13,2,0,8,439,1
"org.apache.solr.handler.MoreLikeThisHandlerTest$SolrQueryRequestBase",0,0.00,0.00,1,0.01,33.69,0,0,15,0,0,171.00,0,0,0,1,171.00,0.00,0.00,0.00,0,0.00,0,22.46,0,0,0,java.lang.Object,0.00,0,0,0,0,0,0,0,0,8,0
"org.apache.solr.handler.PingRequestHandler",5,0.00,1.80,29,0.43,19448.98,5,0,8,20,9,156.41,10,50,1,2,116.52,0.00,0.50,0.00,0,5.00,5,1279.89,0,4,8,org.apache.solr.handler.RequestHandlerBase,0.47,15,1,9,0,15,1,0,6,235,1
"org.apache.solr.handler.ReplicationHandler",37,0.04,4.30,574,10.39,812123.82,93,56,31,190,27,132.49,81,709,5,2,92.61,0.00,0.50,0.06,18,367.00,26,31155.13,1,14,24,org.apache.solr.handler.RequestHandlerBase,0.20,153,1,159,0,153,23,1,36,4918,1
"org.apache.solr.handler.ReplicationHandler$BinaryQueryResponseWriter",4,0.00,1.00,9,0.10,1114.82,4,0,31,8,3,140.52,1,12,0,1,140.52,0.00,0.00,0.00,0,6.00,1,294.85,0,1,3,java.lang.Object,0.00,4,0,4,0,4,3,0,1,75,0
"org.apache.solr.handler.ReplicationHandler$CloseHook",1,0.00,2.00,4,0.03,286.13,1,0,31,1,1,129.04,0,6,0,1,129.04,0.00,0.00,0.00,0,0.00,2,76.53,0,0,1,java.lang.Object,0.00,0,0,2,0,0,1,0,0,22,0
"org.apache.solr.handler.ReplicationHandler$FileInfo",2,0.50,1.00,17,0.15,3251.08,6,4,31,4,0,112.03,0,20,0,1,112.03,0.00,0.00,0.50,0,2.00,1,460.88,0,1,0,java.lang.Object,0.00,2,0,2,0,2,1,0,0,111,1
"org.apache.solr.handler.ReplicationHandler$FileStream",3,0.50,6.00,68,1.08,98044.80,7,4,31,30,3,105.58,9,87,0,1,84.96,0.00,0.00,0.58,1,0.00,16,3230.34,0,0,3,java.lang.Object,0.00,27,0,18,0,27,3,0,7,499,1
"org.apache.solr.handler.ReplicationHandler$SolrEventListener",3,0.00,2.67,16,0.19,5253.90,3,0,31,9,5,169.16,5,23,0,1,119.16,0.00,0.00,0.00,0,4.00,6,576.10,0,0,5,java.lang.Object,0.00,6,0,8,0,6,3,0,3,122,0
"org.apache.solr.handler.ReplicationHandler$Thread",1,0.00,1.00,3,0.01,66.00,1,0,31,2,0,138.87,0,4,0,1,138.87,0.00,0.00,0.00,0,1.00,1,35.00,0,0,0,java.lang.Object,0.00,1,0,1,0,1,1,0,0,13,0
"org.apache.solr.handler.RequestHandlerBase",12,0.06,1.92,68,0.84,30353.48,22,10,14,29,37,118.21,49,86,24,1,117.98,0.00,0.00,0.16,1,40.00,7,2505.44,0,8,13,java.lang.Object,0.00,17,0,23,29,17,4,2,9,501,2
"org.apache.solr.handler.RequestHandlerUtils",4,0.00,2.50,41,0.72,34888.25,4,0,10,17,11,60.16,31,58,3,1,102.46,0.00,0.00,0.00,0,4.00,3,2158.74,0,0,8,java.lang.Object,0.00,13,0,10,0,13,4,0,12,396,1
"org.apache.solr.handler.SnapPuller",41,0.03,3.63,509,8.23,460988.32,88,47,31,185,14,119.16,131,655,3,1,98.55,0.00,0.00,0.05,17,863.00,18,24696.19,0,18,13,java.lang.Object,0.00,144,0,149,0,144,23,0,63,4283,1
"org.apache.solr.handler.SnapPuller$FileFetcher",7,0.22,5.00,118,1.72,69747.64,24,17,31,36,2,62.01,43,169,0,1,94.23,0.00,0.00,0.24,3,0.00,12,5170.69,0,1,2,java.lang.Object,0.00,29,0,35,0,29,6,0,32,930,1
"org.apache.solr.handler.SnapPuller$FileFetcher$Runnable_0",1,0.00,2.00,5,0.03,408.00,1,0,31,2,1,124.21,0,8,0,1,124.21,0.00,0.00,0.00,0,0.00,2,96.00,0,0,1,java.lang.Object,0.00,1,0,2,0,1,1,0,0,26,0
"org.apache.solr.handler.SnapPuller$ReplicationHandlerException",1,0.00,1.00,3,0.02,124.13,1,0,31,1,0,136.71,0,5,0,2,136.71,0.00,0.50,0.00,0,1.00,1,49.65,0,0,0,java.lang.InterruptedException,0.00,0,1,1,0,0,1,0,0,17,2
"org.apache.solr.handler.SnapPuller$Runnable",1,0.00,3.00,9,0.08,1260.86,1,0,31,2,0,110.74,0,13,0,1,110.74,0.00,0.00,0.00,0,0.00,3,231.48,0,0,0,java.lang.Object,0.00,1,0,3,0,1,1,0,0,51,0
"org.apache.solr.handler.SnapPuller$Thread",1,0.00,2.00,5,0.05,601.75,1,0,31,3,0,122.88,0,8,0,1,122.88,0.00,0.00,0.00,0,0.00,2,152.43,0,0,0,java.lang.Object,0.00,2,0,2,0,2,1,0,0,38,0
"org.apache.solr.handler.SnapShooter",3,0.42,3.33,49,0.83,30825.20,9,6,18,40,10,134.10,6,62,3,1,94.21,0.00,0.00,0.44,0,1.00,6,2483.86,0,0,9,java.lang.Object,0.00,37,0,10,0,37,3,0,1,432,1
"org.apache.solr.handler.SnapShooter$FileCopier",3,0.25,3.33,42,0.58,34092.08,7,4,18,19,2,116.65,11,59,0,1,96.03,0.00,0.00,0.08,1,5.00,7,1736.68,0,0,2,java.lang.Object,0.00,16,0,10,0,16,3,0,5,320,1
"org.apache.solr.handler.SnapShooter$Thread",1,0.00,1.00,3,0.01,75.40,1,0,18,2,0,138.42,0,4,0,1,138.42,0.00,0.00,0.00,0,1.00,1,39.70,0,0,0,java.lang.Object,0.00,1,0,1,0,1,1,0,0,14,0
"org.apache.solr.handler.SpellCheckerRequestHandlerTest",9,0.00,1.00,107,1.76,32051.81,9,0,1,12,1,55.71,97,290,0,4,104.19,0.00,0.75,0.00,1,0.00,1,5293.47,6,2,1,org.apache.solr.util.AbstractSolrTestCase,0.24,3,3,9,0,3,7,0,28,938,1
"org.apache.solr.handler.StandardRequestHandler",5,0.00,1.20,13,0.09,1425.83,5,0,4,6,4,140.63,20,26,2,3,140.40,0.00,0.67,0.00,0,5.00,2,280.21,0,5,2,org.apache.solr.handler.component.SearchHandler,0.60,1,2,6,0,1,0,0,2,79,1
"org.apache.solr.handler.StandardRequestHandlerTest",4,0.00,1.00,33,0.51,17020.42,4,0,9,11,7,158.74,6,56,0,4,108.74,0.00,0.75,0.00,0,4.00,1,1525.73,5,2,7,org.apache.solr.util.AbstractSolrTestCase,0.27,7,3,4,0,7,2,0,3,274,1
"org.apache.solr.handler.TestCSVLoader",12,0.12,1.08,141,2.08,103944.86,15,3,12,25,5,141.01,33,196,0,3,101.13,0.00,0.67,0.22,4,32.00,2,6250.81,8,0,5,org.apache.solr.SolrTestCaseJ4,0.12,13,2,13,0,13,12,0,33,1056,1
"org.apache.solr.handler.TestReplicationHandler",17,0.27,2.29,345,5.28,295077.39,27,10,27,77,18,109.51,64,369,0,3,88.89,0.00,0.67,0.35,5,6.00,7,15845.07,0,4,18,org.apache.solr.SolrTestCaseJ4,0.00,60,2,39,0,60,13,0,57,2696,1
"org.apache.solr.handler.TestReplicationHandler$BackupThread",1,0.00,2.00,12,0.14,2812.58,2,1,27,6,1,103.42,0,17,0,2,103.42,0.00,0.50,1.00,0,0.00,2,406.18,0,0,1,org.apache.lucene.search.Thread,0.00,5,1,2,0,5,1,0,0,84,0
"org.apache.solr.handler.TestReplicationHandler$CheckStatus",1,0.00,3.00,17,0.20,4421.57,4,3,27,8,1,96.14,0,23,0,2,96.14,0.00,0.50,1.00,0,0.00,3,593.02,0,0,1,org.apache.lucene.search.Thread,0.00,7,1,3,0,7,1,0,0,118,0
"org.apache.solr.handler.TestReplicationHandler$FilenameFilter",1,0.00,2.00,5,0.03,373.94,1,0,27,2,0,124.51,0,7,0,1,124.51,0.00,0.00,0.00,0,1.00,2,102.01,0,0,0,java.lang.Object,0.00,1,0,2,0,1,1,0,0,27,0
"org.apache.solr.handler.TestReplicationHandler$SolrInstance",8,0.03,1.25,42,0.43,12714.36,13,5,27,16,1,119.67,4,56,0,1,119.67,0.00,0.00,0.22,2,22.00,2,1293.63,0,5,1,java.lang.Object,0.00,8,0,10,0,8,3,0,1,279,2
"org.apache.solr.handler.XMLLoader",5,0.38,11.20,188,3.06,265822.70,7,2,22,56,15,56.86,25,230,2,2,74.73,0.00,0.50,0.20,2,8.00,23,9174.76,0,1,14,org.apache.solr.handler.ContentStreamLoader,0.00,51,1,56,0,51,4,0,14,1423,0
"org.apache.solr.handler.XmlUpdateRequestHandler",7,0.02,1.43,49,0.69,15802.91,22,15,18,27,20,95.11,35,71,7,3,112.98,0.00,0.67,0.05,1,10.00,3,2080.62,1,5,14,org.apache.solr.handler.ContentStreamHandlerBase,0.57,20,2,10,0,20,2,0,17,393,1
"org.apache.solr.handler.XmlUpdateRequestHandler$SolrQueryRequestBase",0,0.00,0.00,1,0.01,23.26,0,0,18,0,0,171.00,0,1,0,1,171.00,0.00,0.00,0.00,0,0.00,0,15.51,0,0,0,java.lang.Object,0.00,0,0,0,0,0,0,0,0,6,0
"org.apache.solr.handler.XmlUpdateRequestHandlerTest",5,0.38,1.00,28,0.45,12643.16,7,2,6,20,4,168.13,6,43,0,4,118.13,0.00,0.75,0.20,0,11.00,1,1350.59,2,2,4,org.apache.solr.util.AbstractSolrTestCase,0.36,15,3,5,0,15,3,0,6,256,1
"org.apache.lucene.search.function.ByteFieldSource",6,0.80,1.50,19,0.25,6978.73,7,1,4,11,6,129.20,28,34,2,3,128.97,0.00,0.67,0.33,0,10.00,3,761.68,1,2,4,org.apache.lucene.search.function.FieldCacheSource,0.32,5,2,9,0,5,4,0,7,179,1
"org.apache.lucene.search.function.ByteFieldSource$DocValues",4,0.00,1.00,9,0.08,1013.08,4,0,4,5,0,190.84,4,17,0,1,140.84,0.00,0.00,0.00,0,4.00,1,227.12,0,2,0,java.lang.Object,0.00,1,0,4,0,1,2,0,4,64,0
"org.apache.lucene.search.function.CustomScoreProvider",5,1.00,2.60,45,0.47,30362.84,6,1,4,9,13,104.92,81,50,10,1,105.39,0.00,0.00,0.00,2,5.00,5,1395.32,0,2,3,java.lang.Object,0.00,4,0,13,0,4,3,0,7,295,1
"org.apache.lucene.search.function.CustomScoreQuery",14,0.00,2.07,77,0.99,44286.41,17,3,13,37,20,117.43,69,99,8,2,117.20,3.00,0.20,0.33,3,30.00,6,2961.02,2,5,12,org.apache.lucene.search.Query,0.14,23,1,29,3,23,9,0,20,631,1
"org.apache.lucene.search.function.CustomScoreQuery$CustomScorer",5,0.25,2.00,40,0.42,14018.58,10,5,13,12,5,110.00,3,48,0,3,110.00,0.00,0.67,0.40,0,0.00,3,1268.97,0,0,5,org.apache.lucene.search.Scorer,0.92,7,2,10,0,7,5,0,3,273,1
"org.apache.lucene.search.function.CustomScoreQuery$CustomWeight",9,0.06,2.11,74,0.86,38308.95,13,4,13,23,9,158.56,15,86,0,2,108.56,0.00,0.50,0.31,2,20.00,3,2580.39,0,4,9,org.apache.lucene.search.Weight,0.62,14,1,19,0,14,5,0,15,518,1
"org.apache.lucene.search.function.DocValues",12,0.11,1.50,44,0.38,12884.75,16,4,1,18,14,86.95,93,59,13,1,129.24,0.00,0.00,0.15,2,40.00,7,1144.26,0,4,1,java.lang.Object,0.00,6,0,18,2,6,8,0,15,274,2
"org.apache.lucene.search.function.FieldCacheSource",8,0.71,1.12,18,0.19,3994.58,9,1,3,9,10,120.62,43,33,6,2,138.49,5.00,0.14,0.38,2,14.00,2,574.46,0,3,4,org.apache.lucene.search.function.ValueSource,0.31,1,1,9,5,1,5,0,9,147,2
"org.apache.lucene.search.function.FieldScoreQuery",2,0.00,3.00,14,0.15,4084.65,2,0,0,7,9,107.39,74,21,3,3,113.16,0.00,0.67,0.00,1,2.00,5,440.64,0,1,6,org.apache.lucene.search.function.ValueSourceQuery,0.00,5,2,6,0,5,1,0,5,100,1
"org.apache.lucene.search.function.FieldScoreQuery$Type",2,0.20,1.00,10,0.12,2688.94,7,5,0,5,0,160.18,5,14,0,1,120.29,0.00,0.00,0.10,0,2.00,1,370.50,0,1,0,java.lang.Object,0.00,3,0,2,0,3,1,0,5,89,2
"org.apache.lucene.search.function.FloatFieldSource",6,0.80,1.50,19,0.25,6978.73,7,1,4,11,6,129.20,28,34,2,3,128.97,0.00,0.67,0.33,0,10.00,3,761.68,1,2,4,org.apache.lucene.search.function.FieldCacheSource,0.32,5,2,9,0,5,4,0,7,179,1
"org.apache.lucene.search.function.FloatFieldSource$DocValues",3,0.00,1.00,7,0.06,770.09,3,0,4,4,0,190.80,3,13,0,1,140.80,0.00,0.00,0.00,0,3.00,1,175.21,0,2,0,java.lang.Object,0.00,1,0,3,0,1,1,0,3,49,0
"org.apache.lucene.search.function.FunctionTestSetup",8,0.06,1.38,64,0.90,28501.05,18,10,9,24,12,149.16,22,94,3,3,109.27,1.50,0.33,0.15,2,36.00,3,2702.06,2,2,9,org.apache.lucene.util.LuceneTestCase,0.30,16,2,11,3,16,6,0,17,526,2
"org.apache.lucene.search.function.Ignore",9,0.04,1.56,72,1.01,33232.93,19,10,14,30,9,149.00,18,106,0,2,109.12,0.00,0.50,0.13,2,36.00,5,3025.12,2,2,9,org.apache.lucene.util.LuceneTestCaseJ4,0.00,21,1,14,0,21,7,0,13,580,1
"org.apache.lucene.search.function.IntFieldSource",6,0.80,1.50,19,0.25,6978.73,7,1,4,11,6,129.20,28,34,2,3,128.97,0.00,0.67,0.33,0,10.00,3,761.68,1,2,4,org.apache.lucene.search.function.FieldCacheSource,0.47,5,2,9,0,5,4,0,7,179,1
"org.apache.lucene.search.function.IntFieldSource$DocValues",4,0.00,1.00,9,0.08,1013.08,4,0,4,5,0,190.84,4,17,0,1,140.84,0.00,0.00,0.00,0,4.00,1,227.12,0,2,0,java.lang.Object,0.00,1,0,4,0,1,2,0,4,64,0
"org.apache.lucene.search.function.JustCompileSearchFunction",0,0.00,0.00,5,0.05,567.11,1,1,3,0,2,171.00,7,8,0,1,171.00,0.00,0.00,0.00,0,0.00,0,141.78,0,0,2,java.lang.Object,0.00,0,0,0,0,0,0,0,1,34,1
"org.apache.lucene.search.function.JustCompileSearchFunction$JustCompileDocValues",2,0.00,1.00,5,0.05,536.47,2,0,3,3,1,140.65,0,10,0,2,140.65,0.00,0.50,0.00,0,0.00,1,141.49,0,1,1,org.apache.lucene.search.function.DocValues,0.29,1,1,2,0,1,1,0,0,39,2
"org.apache.lucene.search.function.JustCompileSearchFunction$JustCompileFieldCacheSource",4,0.00,1.00,9,0.09,990.62,4,0,3,5,4,140.92,0,18,0,3,140.92,0.00,0.67,0.00,0,0.00,1,255.84,0,1,4,org.apache.lucene.search.function.FieldCacheSource,0.18,1,2,4,0,1,3,0,0,69,2
"org.apache.lucene.search.function.JustCompileSearchFunction$JustCompileValueSource",4,0.00,1.00,9,0.08,1038.39,4,0,3,5,3,140.76,0,18,0,2,140.76,0.00,0.50,0.00,0,0.00,1,252.95,0,2,3,org.apache.lucene.search.function.ValueSource,0.44,1,1,4,0,1,2,0,0,69,2
"org.apache.lucene.search.function.OrdFieldSource",5,0.12,1.20,16,0.19,4075.67,7,2,3,10,6,98.01,34,26,2,2,130.24,0.00,0.50,0.40,1,2.00,2,581.16,0,2,4,org.apache.lucene.search.function.ValueSource,0.40,5,1,6,0,5,3,0,6,139,1
"org.apache.lucene.search.function.OrdFieldSource$DocValues",4,0.00,1.00,9,0.08,1091.94,4,0,3,6,0,190.59,5,17,0,1,140.59,0.00,0.00,0.00,0,4.00,1,249.34,0,3,0,java.lang.Object,0.00,2,0,4,0,2,1,0,5,68,0
"org.apache.lucene.search.function.ReverseOrdFieldSource",5,0.12,1.20,18,0.22,4839.83,7,2,3,10,6,87.36,35,28,2,2,129.65,0.00,0.50,0.40,1,2.00,2,674.84,0,1,4,org.apache.lucene.search.function.ValueSource,0.40,5,1,6,0,5,4,0,6,157,1
"org.apache.lucene.search.function.ReverseOrdFieldSource$DocValues",5,0.00,1.00,11,0.11,1527.69,5,0,3,7,0,190.20,6,21,0,1,140.20,0.00,0.00,0.00,1,5.00,1,327.12,0,3,0,java.lang.Object,0.00,2,0,5,0,2,2,0,6,88,0
"org.apache.lucene.search.function.ShortFieldSource",6,0.80,1.50,19,0.25,6978.73,7,1,4,11,6,129.20,28,34,2,3,128.97,0.00,0.67,0.33,0,10.00,3,761.68,1,2,4,org.apache.lucene.search.function.FieldCacheSource,0.32,5,2,9,0,5,4,0,7,179,1
"org.apache.lucene.search.function.ShortFieldSource$DocValues",4,0.00,1.00,9,0.08,1013.08,4,0,4,5,0,190.84,4,17,0,1,140.84,0.00,0.00,0.00,0,4.00,1,227.12,0,2,0,java.lang.Object,0.00,1,0,4,0,1,2,0,4,64,0
"org.apache.lucene.search.function.TestCustomScoreQuery",9,0.00,1.22,100,1.65,63580.71,9,0,12,35,12,122.41,29,110,0,4,101.80,0.00,0.75,0.00,4,27.00,2,4963.70,2,1,12,org.apache.lucene.search.function.FunctionTestSetup,0.00,26,3,11,0,26,8,0,27,888,1
"org.apache.lucene.search.function.TestCustomScoreQuery$CustomAddQuery",3,0.00,1.00,7,0.05,418.70,3,0,12,4,5,142.88,2,13,0,3,142.88,0.00,0.67,0.00,0,3.00,1,138.55,0,2,5,org.apache.lucene.search.function.CustomScoreQuery,0.10,1,2,3,0,1,1,0,2,43,2
"org.apache.lucene.search.function.TestCustomScoreQuery$CustomAddQuery$CustomScoreProvider",2,0.00,2.00,10,0.13,5552.17,2,0,12,5,1,117.65,0,15,0,1,117.65,0.00,0.00,0.00,0,2.00,3,393.08,0,1,1,java.lang.Object,0.00,3,0,4,0,3,1,0,0,87,0
"org.apache.lucene.search.function.TestCustomScoreQuery$CustomExternalQuery",2,0.00,1.00,6,0.06,936.86,2,0,11,4,4,132.17,0,11,0,3,132.17,0.00,0.67,0.00,0,2.00,1,176.31,0,1,4,org.apache.lucene.search.function.CustomScoreQuery,0.00,2,2,2,0,2,1,0,0,45,2
"org.apache.lucene.search.function.TestCustomScoreQuery$CustomExternalQuery$CustomScoreProvider_1",1,0.00,1.00,4,0.05,965.04,1,0,11,3,0,125.04,0,6,0,1,125.04,0.00,0.00,0.00,0,1.00,1,145.39,0,0,0,java.lang.Object,0.00,2,0,1,0,2,1,0,0,35,0
"org.apache.lucene.search.function.TestCustomScoreQuery$CustomMulAddQuery",3,0.00,1.00,7,0.06,634.54,3,0,12,4,5,191.46,3,13,0,3,141.46,0.00,0.67,0.00,0,3.00,1,168.63,0,2,5,org.apache.lucene.search.function.CustomScoreQuery,0.10,1,2,3,0,1,1,0,3,50,2
"org.apache.lucene.search.function.TestCustomScoreQuery$CustomMulAddQuery$CustomScoreProvider_0",2,0.00,3.00,20,0.27,15322.66,2,0,12,7,1,152.86,3,28,0,1,102.86,0.00,0.00,0.00,0,2.00,3,807.96,0,1,1,java.lang.Object,0.00,5,0,6,0,5,1,0,3,170,0
"org.apache.lucene.search.function.TestDocValues",4,0.00,1.00,37,0.55,19227.73,4,0,2,11,1,146.30,8,50,0,3,106.41,0.00,0.67,0.00,0,4.00,1,1660.23,0,0,1,org.apache.lucene.util.LuceneTestCase,0.00,7,2,4,0,7,4,0,6,342,1
"org.apache.lucene.search.function.TestDocValues$DocValuesTestImpl",3,1.00,1.00,8,0.07,888.27,4,1,2,4,1,180.19,8,14,0,2,140.31,0.00,0.50,0.33,0,4.00,1,198.14,0,1,1,org.apache.lucene.search.function.DocValues,0.27,1,1,3,0,1,2,0,4,56,1
"org.apache.lucene.search.function.TestFieldScoreQuery",17,0.00,1.59,113,1.89,105666.64,17,0,8,41,9,151.88,44,138,0,4,111.99,0.00,0.75,0.00,3,0.00,9,5657.09,2,1,9,org.apache.lucene.search.function.FunctionTestSetup,0.00,24,3,27,0,24,16,0,34,1006,1
"org.apache.lucene.search.function.TestOrdValues",11,0.00,2.91,140,2.13,172985.86,11,0,7,35,12,137.34,29,168,0,4,97.45,0.00,0.75,0.00,3,0.00,15,6404.23,1,1,12,org.apache.lucene.search.function.FunctionTestSetup,0.00,24,3,32,0,24,10,0,19,1064,1
"org.apache.lucene.search.function.ValueSource",5,0.00,1.00,7,0.06,512.31,5,0,4,5,9,122.95,30,12,7,1,155.17,0.00,0.00,0.00,1,5.00,1,171.78,0,3,2,java.lang.Object,0.00,0,0,5,9,0,2,1,6,55,2
"org.apache.lucene.search.function.ValueSourceQuery",7,0.83,1.14,20,0.25,5087.13,8,1,7,15,15,137.44,28,35,7,2,137.21,1.00,0.33,0.29,1,13.00,2,737.95,1,3,8,org.apache.lucene.search.Query,0.10,8,1,8,1,8,4,0,8,182,1
"org.apache.lucene.search.function.ValueSourceQuery$ValueSourceScorer",5,0.38,1.40,18,0.22,3788.35,9,4,7,11,5,130.45,3,29,0,3,130.45,0.00,0.67,0.55,0,0.00,2,667.84,0,0,5,org.apache.lucene.search.Scorer,0.92,6,2,7,0,6,5,0,3,157,1
"org.apache.lucene.search.function.ValueSourceQuery$ValueSourceWeight",7,0.06,1.00,26,0.31,6586.90,10,3,7,15,10,129.79,5,41,0,2,129.79,0.00,0.50,0.29,0,8.00,1,917.83,0,3,10,org.apache.lucene.search.Weight,0.57,8,1,7,0,8,4,0,5,207,0
"org.apache.lucene.benchmark.byTask.tasks.AddDocTask",7,0.17,1.14,25,0.23,3920.51,9,2,3,12,7,181.53,13,40,3,2,131.53,0.00,0.50,0.36,0,11.00,2,699.41,4,1,4,org.apache.lucene.benchmark.byTask.tasks.PerfTask,0.29,5,1,8,0,5,6,0,4,173,1
"org.apache.lucene.benchmark.byTask.tasks.BenchmarkHighlighter",1,0.00,1.00,2,0.03,263.79,1,0,3,1,7,140.70,0,4,4,1,140.70,0.00,0.00,0.00,0,1.00,1,95.01,0,0,3,java.lang.Object,0.00,0,0,1,0,0,1,0,0,25,2
"org.apache.lucene.benchmark.byTask.tasks.ClearStatsTask",3,0.00,1.00,8,0.06,639.05,3,0,1,5,2,99.14,23,14,0,2,141.44,0.00,0.50,0.00,0,3.00,1,170.05,1,0,2,org.apache.lucene.benchmark.byTask.tasks.PerfTask,0.13,2,1,3,0,2,3,0,3,49,1
"org.apache.lucene.benchmark.byTask.tasks.CloseIndexTask",4,0.67,1.50,18,0.19,4481.91,5,1,4,11,7,174.44,6,29,4,2,124.44,0.00,0.50,0.50,0,4.00,3,575.12,2,0,3,org.apache.lucene.benchmark.byTask.tasks.PerfTask,0.12,7,1,6,0,7,4,0,2,132,1
"org.apache.lucene.benchmark.byTask.tasks.CloseReaderTask",2,0.00,1.50,10,0.11,2410.42,2,0,3,7,3,160.46,5,15,0,2,120.57,0.00,0.50,0.00,0,2.00,2,317.56,1,0,3,org.apache.lucene.benchmark.byTask.tasks.PerfTask,0.07,5,1,3,0,5,2,0,1,72,1
"org.apache.lucene.benchmark.byTask.tasks.CommitIndexTask",4,0.67,1.50,21,0.20,5189.01,5,1,5,12,5,170.32,4,31,0,2,120.32,0.00,0.50,0.50,0,4.00,3,595.65,1,0,5,org.apache.lucene.benchmark.byTask.tasks.PerfTask,0.12,8,1,6,0,8,4,0,1,135,1
"org.apache.lucene.benchmark.byTask.tasks.ConsumeContentSourceTask",4,0.00,1.50,22,0.24,5441.11,6,2,4,16,5,170.16,7,33,0,2,120.16,0.00,0.50,0.50,0,0.00,3,727.79,1,1,5,org.apache.lucene.benchmark.byTask.tasks.PerfTask,0.19,12,1,6,0,12,3,0,1,159,1
"org.apache.lucene.benchmark.byTask.tasks.CountingHighlighterTestTask",3,0.50,1.33,13,0.12,2508.95,5,2,12,8,13,175.46,3,20,1,5,125.46,0.00,0.80,0.17,0,5.00,2,371.92,0,2,12,org.apache.lucene.benchmark.byTask.tasks.SearchTravRetHighlightTask,0.00,5,4,4,0,5,1,0,1,92,1
"org.apache.lucene.benchmark.byTask.tasks.CountingHighlighterTestTask$BenchmarkHighlighter",1,0.00,3.00,6,0.13,4319.11,1,0,12,3,5,113.09,0,8,0,1,113.09,0.00,0.00,0.00,0,0.00,3,390.85,0,0,5,java.lang.Object,0.00,2,0,3,0,2,1,0,0,75,0
"org.apache.lucene.benchmark.byTask.tasks.CountingSearchTestTask",4,0.17,1.25,19,0.14,2534.14,8,4,1,5,3,126.43,3,26,1,4,126.43,0.00,0.75,0.38,1,4.00,2,429.84,1,0,2,org.apache.lucene.benchmark.byTask.tasks.SearchTask,0.07,1,3,5,0,1,4,0,1,109,1
"org.apache.lucene.benchmark.byTask.tasks.CreateIndexTask",4,0.00,4.50,62,1.17,71420.78,4,0,18,35,19,61.08,26,88,6,2,93.30,0.00,0.50,0.00,2,4.00,13,3505.62,1,1,14,org.apache.lucene.benchmark.byTask.tasks.PerfTask,0.06,31,1,18,0,31,3,0,1,563,1
"org.apache.lucene.benchmark.byTask.tasks.CreateIndexTaskTest",6,0.00,1.17,51,0.64,17882.46,6,0,10,27,8,109.92,2,63,0,4,109.92,0.00,0.75,0.00,1,6.00,2,1905.30,1,1,8,org.apache.lucene.benchmark.BenchmarkTestCase,0.00,21,3,7,0,21,5,0,2,395,1
"org.apache.lucene.benchmark.byTask.tasks.DeleteByPercentTask",5,0.08,1.80,33,0.43,19152.96,8,3,4,21,4,134.24,17,47,0,2,113.62,0.00,0.50,0.27,0,6.00,5,1278.19,3,0,4,org.apache.lucene.benchmark.byTask.tasks.PerfTask,0.18,16,1,9,0,16,5,0,2,255,1
"org.apache.lucene.benchmark.byTask.tasks.DeleteDocTask",6,0.16,1.33,27,0.29,5675.43,11,5,2,12,3,145.66,19,40,0,2,125.04,0.00,0.50,0.33,0,2.00,3,874.32,3,1,3,org.apache.lucene.benchmark.byTask.tasks.PerfTask,0.24,6,1,8,0,6,5,0,7,202,1
"org.apache.lucene.benchmark.byTask.tasks.FlushReaderTask",4,0.67,1.25,19,0.18,4939.71,5,1,5,9,4,124.14,0,28,0,2,124.14,0.00,0.50,0.50,0,4.00,2,546.71,2,0,4,org.apache.lucene.benchmark.byTask.tasks.PerfTask,0.12,5,1,5,0,5,4,0,0,124,1
"org.apache.lucene.benchmark.byTask.tasks.NearRealtimeReaderTask",5,0.00,2.40,47,0.57,31251.34,8,3,4,18,5,125.93,18,61,0,2,105.31,0.00,0.50,0.33,0,6.00,7,1709.35,2,0,5,org.apache.lucene.benchmark.byTask.tasks.PerfTask,0.18,13,1,12,0,13,5,0,9,324,1
"org.apache.lucene.benchmark.byTask.tasks.NewAnalyzerTask",5,0.12,2.60,36,0.47,17385.44,7,2,8,22,9,131.98,17,53,6,2,111.37,0.00,0.50,0.40,1,2.00,5,1420.22,2,1,4,org.apache.lucene.benchmark.byTask.tasks.PerfTask,0.12,17,1,13,0,17,4,0,6,283,1
"org.apache.lucene.benchmark.byTask.tasks.NewCollationAnalyzerTask",0,0.00,0.00,2,0.01,75.00,0,0,6,0,3,171.00,9,2,0,2,171.00,0.00,0.50,0.00,0,0.00,0,30.00,0,0,3,org.apache.lucene.benchmark.byTask.tasks.PerfTask,0.00,0,1,0,0,0,0,0,1,10,1
"org.apache.lucene.benchmark.byTask.tasks.NewCollationAnalyzerTask$Implementation",1,2.00,10.00,40,0.81,67154.41,4,3,6,19,1,112.58,2,68,0,1,72.70,0.00,0.00,0.33,0,0.00,10,2422.32,1,0,1,java.lang.Object,0.00,18,0,10,0,18,1,0,2,371,1
"org.apache.lucene.benchmark.byTask.tasks.NewLocaleTask",5,0.08,2.40,25,0.34,8716.74,8,3,3,15,2,139.82,18,41,0,2,119.20,0.00,0.50,0.40,1,7.00,4,1006.22,2,1,2,org.apache.lucene.benchmark.byTask.tasks.PerfTask,0.12,10,1,12,0,10,4,0,3,223,1
"org.apache.lucene.benchmark.byTask.tasks.NewRoundTask",3,0.00,1.00,8,0.06,639.05,3,0,1,5,2,99.14,23,14,0,2,141.44,0.00,0.50,0.00,0,3.00,1,170.05,1,0,2,org.apache.lucene.benchmark.byTask.tasks.PerfTask,0.13,2,1,3,0,2,3,0,3,49,1
"org.apache.lucene.benchmark.byTask.tasks.NewShingleAnalyzerTask",5,0.17,3.00,45,0.60,23687.10,8,3,6,23,5,146.09,13,67,0,2,106.21,0.00,0.50,0.47,1,2.00,6,1813.67,2,0,5,org.apache.lucene.benchmark.byTask.tasks.PerfTask,0.12,18,1,15,0,18,5,0,5,346,1
"org.apache.lucene.benchmark.byTask.tasks.OpenIndexTask",4,0.13,1.50,26,0.33,9121.36,9,5,8,15,10,136.05,12,39,1,2,115.44,0.00,0.50,0.10,0,4.00,2,995.25,2,0,10,org.apache.lucene.benchmark.byTask.tasks.PerfTask,0.12,11,1,6,0,11,4,0,2,205,1
"org.apache.lucene.benchmark.byTask.tasks.OpenReaderTask",5,0.00,2.60,43,0.51,19361.16,8,3,9,20,13,158.84,6,63,5,2,108.84,0.00,0.50,0.33,0,10.00,4,1516.97,2,1,8,org.apache.lucene.benchmark.byTask.tasks.PerfTask,0.12,15,1,13,0,15,4,0,2,306,1
"org.apache.lucene.benchmark.byTask.tasks.OptimizeTask",4,0.67,1.00,13,0.11,1520.91,5,1,2,8,3,182.88,5,21,0,2,132.89,0.00,0.50,0.50,0,4.00,1,339.43,2,0,3,org.apache.lucene.benchmark.byTask.tasks.PerfTask,0.12,4,1,4,0,4,4,0,2,88,1
"org.apache.lucene.benchmark.byTask.tasks.PerfTask",28,0.01,1.50,119,1.19,31959.58,41,13,5,54,41,144.99,100,157,39,1,124.37,0.00,0.00,0.06,7,362.00,5,3560.65,1,7,4,java.lang.Object,0.00,26,0,42,51,26,21,1,27,778,2
"org.apache.lucene.benchmark.byTask.tasks.PerfTaskTest",3,0.00,1.67,21,0.29,7608.82,3,0,4,11,4,112.55,2,29,0,4,112.55,0.00,0.75,0.00,2,3.00,3,865.44,0,1,4,org.apache.lucene.benchmark.BenchmarkTestCase,0.00,8,3,5,0,8,2,0,2,191,1
"org.apache.lucene.benchmark.byTask.tasks.PerfTaskTest$MyPerfTask",3,0.00,1.00,7,0.04,402.74,3,0,4,3,2,143.01,0,10,0,2,143.01,0.00,0.50,0.00,0,4.00,1,124.60,0,0,2,org.apache.lucene.benchmark.byTask.tasks.PerfTask,0.06,0,1,3,0,0,3,0,0,39,3
"org.apache.lucene.benchmark.byTask.tasks.PrintReaderTask",4,0.67,1.25,16,0.21,5269.39,5,1,3,11,5,123.92,0,29,0,2,123.92,0.00,0.50,0.50,0,4.00,2,619.62,2,0,5,org.apache.lucene.benchmark.byTask.tasks.PerfTask,0.12,7,1,5,0,7,4,0,0,136,1
"org.apache.lucene.benchmark.byTask.tasks.ReadTask",19,0.26,2.21,130,1.81,168281.39,22,3,22,52,23,131.32,68,160,5,2,110.71,11.00,0.08,0.09,11,79.00,22,5445.00,2,6,19,org.apache.lucene.benchmark.byTask.tasks.PerfTask,0.09,33,1,42,11,33,13,0,19,896,2
"org.apache.lucene.benchmark.byTask.tasks.ReadTokensTask",5,0.08,2.20,38,0.48,25548.67,8,3,8,18,7,149.98,14,56,0,2,110.09,0.00,0.50,0.40,0,1.00,7,1441.24,3,1,7,org.apache.lucene.benchmark.byTask.tasks.PerfTask,0.24,13,1,11,0,13,4,0,8,279,1
"org.apache.lucene.benchmark.byTask.tasks.ReadTokensTask$ReusableStringReader",4,0.00,1.50,25,0.24,11692.25,7,3,8,6,0,114.59,0,33,0,2,114.59,0.00,0.50,0.33,1,4.00,3,705.73,0,0,0,java.io.Reader,0.00,2,1,6,0,2,4,0,0,160,3
"org.apache.lucene.benchmark.byTask.tasks.ReopenReaderTask",2,0.00,1.50,11,0.10,2470.63,2,0,3,6,3,160.37,4,16,0,2,120.49,0.00,0.50,0.00,0,2.00,2,288.51,1,0,3,org.apache.lucene.benchmark.byTask.tasks.PerfTask,0.07,4,1,3,0,4,2,0,1,69,1
"org.apache.lucene.benchmark.byTask.tasks.RepAllTask",3,0.00,2.67,30,0.42,23104.70,3,0,4,16,4,123.48,9,38,0,3,102.87,0.00,0.67,0.00,1,4.00,6,1252.28,3,1,4,org.apache.lucene.benchmark.byTask.tasks.ReportTask,0.08,13,2,8,0,13,2,0,3,238,1
"org.apache.lucene.benchmark.byTask.tasks.RepSelectByPrefTask",3,0.00,2.67,30,0.47,24435.94,3,0,4,20,4,152.67,5,39,0,4,102.67,0.00,0.75,0.00,1,1.00,6,1407.12,3,1,4,org.apache.lucene.benchmark.byTask.tasks.RepSumByPrefTask,0.09,17,3,8,0,17,2,0,2,261,1
"org.apache.lucene.benchmark.byTask.tasks.RepSumByNameRoundTask",3,0.00,2.33,28,0.41,20349.96,3,0,5,21,4,105.27,12,38,0,3,105.04,0.00,0.67,0.00,1,3.00,5,1220.07,2,1,4,org.apache.lucene.benchmark.byTask.tasks.ReportTask,0.08,18,2,7,0,18,2,0,6,232,1
"org.apache.lucene.benchmark.byTask.tasks.RepSumByNameTask",3,0.00,2.33,27,0.38,17845.61,3,0,5,20,5,126.10,11,37,1,3,105.49,0.00,0.67,0.00,1,3.00,5,1137.46,2,1,4,org.apache.lucene.benchmark.byTask.tasks.ReportTask,0.08,17,2,7,0,17,2,0,5,220,1
"org.apache.lucene.benchmark.byTask.tasks.RepSumByPrefRoundTask",3,0.00,2.33,28,0.44,23381.65,3,0,5,22,4,144.45,8,38,0,4,104.56,0.00,0.75,0.00,1,1.00,5,1327.80,2,1,4,org.apache.lucene.benchmark.byTask.tasks.RepSumByPrefTask,0.09,19,3,7,0,19,2,0,5,248,1
"org.apache.lucene.benchmark.byTask.tasks.RepSumByPrefTask",5,0.50,1.80,32,0.46,21300.02,6,1,5,23,7,153.14,10,45,3,3,113.26,1.00,0.40,0.60,1,2.00,5,1378.26,3,2,4,org.apache.lucene.benchmark.byTask.tasks.ReportTask,0.15,18,2,9,2,18,3,0,5,272,1
"org.apache.lucene.benchmark.byTask.tasks.ReportTask",7,0.08,3.14,89,1.39,93088.61,17,10,5,34,9,55.72,50,107,4,2,98.01,6.00,0.12,0.17,3,19.00,10,4180.90,1,4,5,org.apache.lucene.benchmark.byTask.tasks.PerfTask,0.11,27,1,22,6,27,3,0,11,752,2
"org.apache.lucene.benchmark.byTask.tasks.ResetInputsTask",3,0.00,1.00,8,0.05,582.39,3,0,1,4,3,93.65,24,14,1,2,141.75,2.00,0.25,0.00,0,3.00,1,156.28,1,0,2,org.apache.lucene.benchmark.byTask.tasks.PerfTask,0.13,1,1,3,2,1,3,0,3,46,1
"org.apache.lucene.benchmark.byTask.tasks.ResetSystemEraseTask",2,0.00,1.00,6,0.04,466.02,2,0,1,3,2,90.43,23,10,0,4,134.56,0.00,0.75,0.00,0,2.00,1,125.51,1,0,2,org.apache.lucene.benchmark.byTask.tasks.ResetSystemSoftTask,0.11,1,3,2,0,1,2,0,2,36,1
"org.apache.lucene.benchmark.byTask.tasks.ResetSystemSoftTask",2,0.00,1.00,6,0.04,466.02,2,0,1,3,3,90.43,23,10,1,3,134.56,0.50,0.50,0.00,0,2.00,1,125.51,1,0,2,org.apache.lucene.benchmark.byTask.tasks.ResetInputsTask,0.09,1,2,2,1,1,2,0,2,36,1
"org.apache.lucene.benchmark.byTask.tasks.RollbackIndexTask",2,1.00,2.00,13,0.14,3642.97,3,1,4,7,3,156.02,4,20,0,2,116.14,0.00,0.50,0.00,0,2.00,3,423.26,1,0,3,org.apache.lucene.benchmark.byTask.tasks.PerfTask,0.07,5,1,4,0,5,2,0,2,93,1
"org.apache.lucene.benchmark.byTask.tasks.SearchTask",6,0.00,1.00,13,0.08,935.20,6,0,2,7,5,192.50,6,25,3,3,142.50,1.00,0.40,0.00,0,6.00,1,249.03,1,1,3,org.apache.lucene.benchmark.byTask.tasks.ReadTask,0.28,1,2,6,2,1,5,0,1,76,1
"org.apache.lucene.benchmark.byTask.tasks.SearchTravRetHighlightTask",7,0.06,2.29,53,0.86,54115.19,13,6,15,28,13,108.90,28,66,1,4,108.67,0.33,0.60,0.21,0,20.00,8,2585.54,3,2,12,org.apache.lucene.benchmark.byTask.tasks.SearchTravTask,0.19,21,3,16,1,21,5,0,3,498,1
"org.apache.lucene.benchmark.byTask.tasks.SearchTravRetHighlightTask$BenchmarkHighlighter",1,0.00,2.00,5,0.11,2960.05,1,0,15,2,5,117.43,0,8,0,1,117.43,0.00,0.00,0.00,0,0.00,2,321.99,0,0,5,java.lang.Object,0.00,1,0,2,0,1,1,0,0,63,0
"org.apache.lucene.benchmark.byTask.tasks.SearchTravRetLoadFieldSelectorTask",5,0.75,1.20,20,0.20,4363.53,6,1,10,10,6,145.96,15,28,0,4,125.34,0.00,0.75,0.40,0,7.00,2,597.97,0,1,6,org.apache.lucene.benchmark.byTask.tasks.SearchTravTask,0.13,5,3,6,0,5,4,0,3,139,1
"org.apache.lucene.benchmark.byTask.tasks.SearchTravRetTask",2,0.00,1.00,5,0.03,243.05,2,0,1,2,2,111.13,12,9,0,4,143.35,0.00,0.75,0.00,0,2.00,1,82.05,0,0,2,org.apache.lucene.benchmark.byTask.tasks.SearchTravTask,0.07,0,3,2,0,0,2,0,1,27,1
"org.apache.lucene.benchmark.byTask.tasks.SearchTravRetVectorHighlightTask",7,0.00,2.57,55,0.89,59627.23,12,5,11,24,9,128.92,26,70,0,4,108.31,0.00,0.75,0.20,0,19.00,8,2664.42,3,2,9,org.apache.lucene.benchmark.byTask.tasks.SearchTravTask,0.19,17,3,18,0,17,5,0,3,519,1
"org.apache.lucene.benchmark.byTask.tasks.SearchTravRetVectorHighlightTask$BenchmarkHighlighter",1,0.00,2.00,4,0.09,2256.20,1,0,11,1,3,121.98,0,7,0,1,121.98,0.00,0.00,0.00,0,0.00,2,256.16,0,0,3,java.lang.Object,0.00,0,0,2,0,0,1,0,0,52,0
"org.apache.lucene.benchmark.byTask.tasks.SearchTravTask",9,0.88,1.00,21,0.16,1964.74,10,1,2,11,7,191.35,14,39,4,3,141.35,2.50,0.25,0.22,0,19.00,1,468.32,2,1,3,org.apache.lucene.benchmark.byTask.tasks.ReadTask,0.38,2,2,9,5,2,8,0,2,133,1
"org.apache.lucene.benchmark.byTask.tasks.SearchWithCollectorTask",9,0.88,1.33,32,0.32,8272.68,10,1,6,18,6,129.80,4,51,0,4,129.80,0.00,0.75,0.22,0,19.00,4,969.64,4,2,6,org.apache.lucene.benchmark.byTask.tasks.SearchTask,0.52,9,3,12,0,9,7,0,2,225,1
"org.apache.lucene.benchmark.byTask.tasks.SearchWithSortTask",12,0.21,2.33,85,0.91,47425.56,15,3,4,23,5,160.96,15,111,0,3,110.96,0.00,0.67,0.14,1,44.00,9,2732.57,2,2,5,org.apache.lucene.benchmark.byTask.tasks.ReadTask,0.46,11,2,28,0,11,10,0,2,536,1
"org.apache.lucene.benchmark.byTask.tasks.SetPropTask",4,0.00,1.25,17,0.20,4374.79,6,2,1,10,2,76.45,32,26,0,2,124.56,0.00,0.50,0.50,0,4.00,2,586.70,3,0,2,org.apache.lucene.benchmark.byTask.tasks.PerfTask,0.12,6,1,5,0,6,4,0,4,136,1
"org.apache.lucene.benchmark.byTask.tasks.TaskSequence",26,0.10,3.85,304,3.57,245345.41,45,19,7,71,11,140.43,59,352,6,2,100.54,0.00,0.50,0.15,7,310.00,16,10706.71,10,5,5,org.apache.lucene.benchmark.byTask.tasks.PerfTask,0.22,45,1,100,0,45,21,0,29,1940,1
"org.apache.lucene.benchmark.byTask.tasks.TaskSequence$ParallelTask",2,0.00,2.50,13,0.12,2504.62,4,2,7,5,2,117.37,0,22,0,2,117.37,0.00,0.50,0.50,0,2.00,4,353.02,0,0,2,org.apache.lucene.util.Thread,0.00,3,1,5,0,3,2,0,0,80,1
"org.apache.lucene.benchmark.byTask.tasks.TaskSequence$RunBackgroundTask",4,0.11,1.25,15,0.12,1844.52,7,3,7,7,1,132.17,0,23,0,2,132.17,0.00,0.50,0.42,0,2.00,2,362.94,0,0,1,org.apache.lucene.util.Thread,0.00,3,1,5,0,3,4,0,0,94,2
"org.apache.lucene.benchmark.byTask.tasks.UpdateDocTask",7,0.17,1.29,29,0.30,6387.27,9,2,5,15,6,165.06,14,45,0,2,125.17,0.00,0.50,0.36,0,11.00,2,910.65,4,1,6,org.apache.lucene.benchmark.byTask.tasks.PerfTask,0.29,8,1,9,0,8,6,0,4,210,1
"org.apache.lucene.benchmark.byTask.tasks.WaitTask",4,0.67,2.00,27,0.29,12278.60,5,1,1,10,2,154.24,11,37,0,2,114.35,0.00,0.50,0.50,0,4.00,5,882.02,1,0,2,org.apache.lucene.benchmark.byTask.tasks.PerfTask,0.12,6,1,8,0,6,4,0,2,185,1
"org.apache.lucene.benchmark.byTask.tasks.WarmTask",6,0.00,1.00,13,0.08,791.17,6,0,2,6,3,193.08,11,25,0,3,143.08,0.00,0.67,0.00,0,6.00,1,228.22,0,1,3,org.apache.lucene.benchmark.byTask.tasks.ReadTask,0.28,0,2,6,0,0,5,0,2,71,1
"org.apache.lucene.benchmark.byTask.tasks.WriteLineDocTask",6,0.13,2.83,57,0.96,43544.60,12,6,14,39,9,105.00,28,76,3,2,104.76,0.00,0.50,0.28,0,6.00,8,2876.27,3,1,6,org.apache.lucene.benchmark.byTask.tasks.PerfTask,0.24,33,1,17,0,33,5,0,8,525,1
"org.apache.lucene.benchmark.byTask.tasks.WriteLineDocTaskTest",10,1.00,1.80,121,1.74,62735.84,11,1,17,38,7,140.59,20,142,0,4,100.70,0.00,0.75,0.10,2,18.00,5,5209.84,1,1,7,org.apache.lucene.benchmark.BenchmarkTestCase,0.00,28,3,18,0,28,9,0,20,965,1
"org.apache.lucene.benchmark.byTask.tasks.WriteLineDocTaskTest$JustDateDocMaker",1,0.00,1.00,5,0.06,1199.41,1,0,17,4,3,120.68,0,8,0,2,120.68,0.00,0.50,0.00,0,0.00,1,186.85,0,1,3,org.apache.lucene.benchmark.byTask.feeds.DocMaker,0.15,3,1,1,0,3,0,0,0,44,3
"org.apache.lucene.benchmark.byTask.tasks.WriteLineDocTaskTest$NewLinesDocMaker",1,0.00,1.00,7,0.12,3495.52,1,0,17,4,3,111.57,0,10,0,2,111.57,0.00,0.50,0.00,0,0.00,1,347.33,0,1,3,org.apache.lucene.benchmark.byTask.feeds.DocMaker,0.15,3,1,1,0,3,0,0,0,76,3
"org.apache.lucene.benchmark.byTask.tasks.WriteLineDocTaskTest$NoBodyDocMaker",1,0.00,1.00,6,0.09,2245.32,1,0,17,4,3,115.58,0,9,0,2,115.58,0.00,0.50,0.00,0,0.00,1,265.48,0,1,3,org.apache.lucene.benchmark.byTask.feeds.DocMaker,0.15,3,1,1,0,3,0,0,0,60,3
"org.apache.lucene.benchmark.byTask.tasks.WriteLineDocTaskTest$NoTitleDocMaker",1,0.00,1.00,6,0.09,2245.32,1,0,17,4,3,115.58,0,9,0,2,115.58,0.00,0.50,0.00,0,0.00,1,265.48,0,1,3,org.apache.lucene.benchmark.byTask.feeds.DocMaker,0.15,3,1,1,0,3,0,0,0,60,3
"org.apache.lucene.benchmark.byTask.tasks.WriteLineDocTaskTest$Thread",1,0.00,2.00,5,0.04,716.92,1,0,17,3,0,122.28,0,9,0,1,122.28,0.00,0.00,0.00,0,1.00,2,128.07,0,0,0,java.lang.Object,0.00,2,0,2,0,2,1,0,0,33,0
"org.apache.lucene.benchmark.byTask.tasks.WriteLineDocTaskTest$ThreadingDocMaker",1,0.00,1.00,8,0.15,4788.51,1,0,17,6,3,108.33,0,11,0,2,108.33,0.00,0.50,0.00,0,0.00,1,452.77,0,1,3,org.apache.lucene.benchmark.byTask.feeds.DocMaker,0.15,5,1,1,0,5,0,0,0,93,3
"org.apache.lucene.benchmark.byTask.tasks.WriteLineDocTaskTest$WriteLineDocMaker",1,0.00,1.00,7,0.12,3495.52,1,0,17,4,3,111.57,0,10,0,2,111.57,0.00,0.50,0.00,0,0.00,1,347.33,0,1,3,org.apache.lucene.benchmark.byTask.feeds.DocMaker,0.15,3,1,1,0,3,0,0,0,76,3
"org.apache.lucene.queryParser.surround.parser.CharStream",12,0.00,1.00,13,0.06,250.78,12,0,0,12,3,128.38,79,14,3,1,160.60,0.00,0.00,0.00,0,12.00,1,172.56,0,1,0,,0.00,0,0,12,0,0,11,0,13,70,1
"org.apache.lucene.queryParser.surround.parser.FastCharStream",14,0.14,1.43,56,0.55,20446.20,20,6,1,20,2,173.54,16,80,1,1,123.54,0.00,0.00,0.30,2,2.00,5,1644.78,0,1,1,java.lang.Object,0.00,6,0,20,0,6,13,1,13,372,2
"org.apache.lucene.queryParser.surround.parser.ParseException",5,0.30,3.20,92,1.07,80794.24,10,5,0,14,3,61.39,69,112,2,2,90.77,0.00,0.50,0.44,0,0.00,10,3210.28,1,2,1,java.lang.Exception,0.00,9,1,16,0,9,3,0,11,572,1
"org.apache.lucene.queryParser.surround.parser.QueryParser",46,0.05,4.02,523,6.03,348575.29,75,29,13,85,19,151.28,55,620,3,1,101.28,0.00,0.00,0.08,12,526.00,18,18079.84,0,26,16,java.lang.Object,0.00,39,0,185,0,39,20,1,50,3437,1
"org.apache.lucene.queryParser.surround.parser.QueryParser$JJCalls",0,0.00,0.00,5,0.03,253.51,4,4,13,0,1,171.00,0,6,0,1,171.00,0.00,0.00,0.00,0,0.00,0,78.87,0,0,1,java.lang.Object,0.00,0,0,0,0,0,0,0,0,22,2
"org.apache.lucene.queryParser.surround.parser.QueryParser$LookaheadSuccess",0,0.00,0.00,1,0.01,145.30,0,0,13,0,0,171.00,0,1,0,2,171.00,0.00,0.50,0.00,0,0.00,0,41.51,0,0,0,java.lang.Error,0.00,0,1,0,0,0,0,0,0,12,3
"org.apache.lucene.queryParser.surround.parser.QueryParserConstants",0,0.00,0.00,27,0.39,4761.14,26,26,0,0,2,171.00,30,53,2,1,171.00,0.00,0.00,0.00,0,0.00,0,1182.50,0,0,0,,0.00,0,0,0,0,0,0,0,27,186,1
"org.apache.lucene.queryParser.surround.parser.QueryParserTokenManager",21,0.07,10.24,386,6.13,1092753.23,40,19,13,31,14,86.50,12,668,1,1,86.50,0.00,0.00,0.12,11,162.00,155,18386.30,0,2,13,java.lang.Object,0.00,10,0,215,0,10,19,1,12,2909,1
"org.apache.lucene.queryParser.surround.parser.SuppressWarnings",6,0.20,1.50,48,0.66,33774.42,11,5,0,14,0,59.58,51,72,0,2,107.69,0.00,0.50,0.03,1,10.00,3,1967.96,1,3,0,java.lang.Error,0.00,8,1,9,0,8,3,0,14,375,1
"org.apache.lucene.queryParser.surround.parser.Token",7,0.12,1.00,24,0.16,1989.42,15,8,0,8,6,83.88,67,38,6,1,133.88,0.00,0.00,0.02,1,12.00,1,468.86,0,4,0,java.lang.Object,0.00,1,0,7,0,1,3,0,15,131,1
"org.apache.lucene.analysis.icu.segmentation.BreakIteratorWrapper",6,0.25,1.17,19,0.18,4264.26,10,4,6,10,5,112.84,33,26,4,1,130.71,0.00,0.00,0.04,1,10.00,2,551.06,0,1,1,java.lang.Object,0.00,4,0,7,2,4,5,0,4,140,1
"org.apache.lucene.analysis.icu.segmentation.BreakIteratorWrapper$BIWrapper",6,0.00,1.67,30,0.31,11397.01,8,2,6,12,1,118.99,2,43,0,2,118.99,0.00,0.50,0.50,0,6.00,5,935.08,0,0,1,org.apache.lucene.analysis.icu.segmentation.BreakIteratorWrapper,0.50,6,1,10,0,6,6,0,2,211,2
"org.apache.lucene.analysis.icu.segmentation.BreakIteratorWrapper$RBBIWrapper",5,0.25,1.00,12,0.09,1065.75,6,1,6,9,1,141.43,0,22,0,2,141.43,0.00,0.50,0.80,0,0.00,1,261.29,0,0,1,org.apache.lucene.analysis.icu.segmentation.BreakIteratorWrapper,0.55,4,1,5,0,4,5,0,0,78,2
"org.apache.lucene.analysis.icu.segmentation.CharArrayIterator",14,0.15,1.36,53,0.39,7709.50,19,5,1,17,5,131.55,11,72,5,1,131.55,0.00,0.00,0.34,1,2.00,2,1169.04,0,1,0,java.lang.Object,0.00,3,0,19,0,3,13,1,2,297,1
"org.apache.lucene.analysis.icu.segmentation.CompositeBreakIterator",7,0.13,1.71,34,0.44,15603.79,12,5,2,19,4,89.83,46,49,1,1,122.05,0.00,0.00,0.31,0,1.00,3,1313.23,0,0,3,java.lang.Object,0.00,12,0,12,0,12,7,0,6,299,1
"org.apache.lucene.analysis.icu.segmentation.DefaultICUTokenizerConfig",3,0.35,1.33,33,0.51,14394.80,13,10,6,11,4,54.99,26,56,2,2,103.10,0.00,0.50,0.33,0,5.00,2,1526.56,0,3,2,org.apache.lucene.analysis.icu.segmentation.ICUTokenizerConfig,0.80,8,1,4,0,8,0,0,7,309,1
"org.apache.lucene.analysis.icu.segmentation.ICUTokenizer",9,0.18,2.33,62,0.86,31220.94,20,11,9,26,10,71.61,68,88,2,4,113.90,0.00,0.75,0.25,2,0.00,4,2588.15,2,0,8,org.apache.lucene.analysis.Tokenizer,0.46,17,3,21,0,17,9,0,18,529,2
"org.apache.lucene.analysis.icu.segmentation.ICUTokenizerConfig",2,0.00,1.00,3,0.02,147.30,2,0,1,2,3,156.53,8,4,3,1,156.30,0.00,0.00,0.00,0,2.00,1,67.31,0,2,0,java.lang.Object,0.00,0,0,2,1,0,0,0,3,23,2
"org.apache.lucene.analysis.icu.segmentation.LaoBreakIterator",14,0.09,2.00,98,1.31,62102.40,21,7,5,33,4,150.48,41,136,3,2,110.60,0.00,0.50,0.22,4,38.00,4,3942.69,1,2,1,com.ibm.icu.text.BreakIterator,0.00,19,1,28,0,19,12,0,6,834,1
"org.apache.lucene.analysis.icu.segmentation.ScriptIterator",7,0.08,1.71,48,0.49,18534.25,15,8,3,11,1,66.79,57,63,1,1,114.89,0.00,0.00,0.20,2,20.00,5,1481.60,0,0,0,java.lang.Object,0.00,4,0,12,0,4,7,0,11,322,1
"org.apache.lucene.analysis.icu.segmentation.TestCharArrayIterator",7,0.00,1.14,61,0.78,17035.89,7,0,2,24,2,160.62,9,69,0,3,110.62,0.00,0.67,0.00,0,7.00,2,2336.73,0,0,2,org.apache.lucene.util.LuceneTestCase,0.00,17,2,8,0,17,7,0,9,497,1
"org.apache.lucene.analysis.icu.segmentation.TestICUTokenizer",25,0.00,1.04,91,1.52,25638.93,25,0,10,33,7,129.48,19,141,0,4,129.48,0.00,0.75,0.00,0,25.00,2,4574.57,3,0,7,org.apache.lucene.analysis.BaseTokenStreamTestCase,0.00,8,3,26,0,8,25,0,12,971,1
"org.apache.lucene.analysis.icu.segmentation.TestICUTokenizer$ReusableAnalyzerBase",1,0.00,1.00,5,0.05,910.74,1,0,10,4,4,121.62,0,8,0,1,121.62,0.00,0.00,0.00,0,1.00,1,161.73,0,1,4,java.lang.Object,0.00,3,0,1,0,3,0,0,0,39,0
"org.apache.lucene.analysis.icu.segmentation.TestLaoBreakIterator",6,0.40,1.50,44,0.55,24428.42,7,1,6,22,3,110.96,3,49,0,3,110.96,0.00,0.67,0.67,1,0.00,3,1656.66,1,0,3,org.apache.lucene.util.LuceneTestCase,0.17,16,2,9,0,16,6,0,1,342,1
"org.apache.lucene.analysis.icu.tokenattributes.ScriptAttribute",4,0.00,1.00,5,0.02,112.74,4,0,2,4,3,141.71,23,6,2,2,159.58,0.00,0.50,0.00,0,4.00,1,69.99,0,2,1,,0.00,0,1,4,0,0,2,0,6,28,1
"org.apache.lucene.analysis.icu.tokenattributes.ScriptAttributeImpl",9,0.25,1.22,25,0.21,3242.73,10,1,3,12,3,139.59,5,42,1,2,139.59,0.00,0.50,0.78,0,0.00,3,622.70,0,3,2,org.apache.lucene.util.AttributeImpl,0.40,3,1,11,0,3,6,3,1,164,1
"org.apache.lucene.search.vectorhighlight.AbstractTestCase",25,0.01,1.32,108,1.25,26937.54,39,14,28,51,29,164.48,53,152,8,3,124.60,4.00,0.18,0.06,7,257.00,3,3763.81,3,12,21,org.apache.lucene.util.LuceneTestCase,0.16,26,2,33,8,26,13,0,53,813,2
"org.apache.lucene.search.vectorhighlight.AbstractTestCase$BasicNGramTokenizer",13,0.16,1.85,86,0.93,28960.27,30,17,28,26,3,115.47,0,117,0,4,115.47,0.00,0.75,0.21,3,69.00,8,2777.02,2,0,3,org.apache.lucene.analysis.Tokenizer,0.40,13,3,24,0,13,13,0,0,578,2
"org.apache.lucene.search.vectorhighlight.AbstractTestCase$BigramAnalyzer",1,0.00,1.00,3,0.03,356.80,1,0,28,2,2,133.10,0,6,0,2,133.10,0.00,0.50,0.00,0,1.00,1,89.98,0,1,2,org.apache.lucene.analysis.Analyzer,0.00,1,1,1,0,1,0,0,0,25,2
"org.apache.lucene.search.vectorhighlight.BaseFragmentsBuilder",21,0.05,1.67,88,1.70,72865.34,27,6,12,44,10,120.55,3,143,2,1,120.55,0.00,0.00,0.12,7,132.00,4,5090.49,0,17,8,java.lang.Object,0.00,23,0,35,2,23,4,1,3,1034,2
"org.apache.lucene.search.vectorhighlight.FastVectorHighlighter",11,0.00,1.00,38,0.56,12503.16,17,6,4,19,16,81.03,91,55,5,1,129.14,0.00,0.00,0.17,1,60.00,1,1671.78,0,5,11,java.lang.Object,0.00,8,0,11,0,8,6,0,11,377,1
"org.apache.lucene.search.vectorhighlight.FieldFragList",2,1.00,1.00,6,0.07,1305.11,3,1,4,5,10,82.93,16,8,10,1,131.04,0.00,0.00,0.50,0,2.00,1,213.52,0,0,0,java.lang.Object,0.00,3,0,2,0,3,2,0,3,55,1
"org.apache.lucene.search.vectorhighlight.FieldFragList$WeightedFragInfo",6,0.15,1.33,31,0.31,8412.17,10,4,4,13,0,120.08,0,39,0,1,120.08,0.00,0.00,0.38,0,6.00,2,918.02,0,2,0,java.lang.Object,0.00,7,0,8,0,7,4,0,0,206,2
"org.apache.lucene.search.vectorhighlight.FieldFragList$WeightedFragInfo$SubInfo",4,0.11,1.25,20,0.17,3926.00,7,3,4,8,0,121.32,3,25,0,1,121.32,0.00,0.00,0.25,0,10.00,2,505.28,0,2,0,java.lang.Object,0.00,4,0,5,0,4,2,0,3,123,2
"org.apache.lucene.search.vectorhighlight.FieldPhraseList",2,1.00,6.50,38,0.50,36767.82,3,1,5,19,12,57.07,12,50,10,1,89.29,0.00,0.00,0.50,1,2.00,10,1503.61,0,0,2,java.lang.Object,0.00,17,0,13,0,17,2,0,4,279,1
"org.apache.lucene.search.vectorhighlight.FieldPhraseList$WeightedPhraseInfo",6,0.00,2.33,55,0.71,36564.65,10,4,5,24,0,105.40,4,65,0,1,105.40,0.00,0.00,0.25,2,6.00,5,2118.45,0,1,0,java.lang.Object,0.00,18,0,14,0,18,5,0,4,429,2
"org.apache.lucene.search.vectorhighlight.FieldPhraseList$WeightedPhraseInfo$Toffs",5,0.12,1.00,16,0.13,2424.75,7,2,5,9,0,132.05,0,23,0,1,132.05,0.00,0.00,0.40,0,6.00,1,392.38,0,1,0,java.lang.Object,0.00,4,0,5,0,4,4,0,0,106,2
"org.apache.lucene.search.vectorhighlight.FieldPhraseListTest",13,0.00,1.00,119,2.03,46042.53,13,0,2,24,5,107.46,9,133,0,4,107.46,0.00,0.75,0.00,0,0.00,1,6093.97,7,0,5,org.apache.lucene.search.vectorhighlight.AbstractTestCase,0.00,11,3,13,0,11,13,0,9,1189,1
"org.apache.lucene.search.vectorhighlight.FieldQuery",14,0.10,3.93,134,1.89,94622.83,18,4,15,51,24,87.06,81,161,17,1,104.93,0.00,0.00,0.16,7,66.00,12,5662.38,0,4,7,java.lang.Object,0.00,37,0,55,0,37,10,0,17,1113,1
"org.apache.lucene.search.vectorhighlight.FieldQuery$QueryPhraseMap",13,0.03,1.85,68,0.75,25934.12,19,6,15,34,5,118.80,7,84,0,1,118.80,0.00,0.00,0.14,3,99.00,5,2238.31,0,3,5,java.lang.Object,0.00,21,0,24,0,21,10,0,7,479,2
"org.apache.lucene.search.vectorhighlight.FieldQueryTest",23,0.00,1.00,576,9.62,863402.72,23,0,10,62,4,83.07,95,615,0,4,82.83,0.00,0.75,0.00,0,102.00,1,28848.23,5,0,4,org.apache.lucene.search.vectorhighlight.AbstractTestCase,0.00,39,3,23,0,39,23,0,76,5333,1
"org.apache.lucene.search.vectorhighlight.FieldTermStack",6,0.10,2.33,51,0.77,34733.97,8,2,22,32,26,89.62,34,58,10,1,107.49,0.00,0.00,0.42,0,2.00,9,2315.71,0,1,16,java.lang.Object,0.00,26,0,14,0,26,5,0,13,421,1
"org.apache.lucene.search.vectorhighlight.FieldTermStack$TermInfo",7,0.04,1.00,24,0.22,4349.67,11,4,22,11,0,131.21,0,25,0,1,131.21,0.00,0.00,0.29,0,16.00,1,656.32,0,2,0,java.lang.Object,0.00,4,0,7,0,4,5,1,0,169,2
"org.apache.lucene.search.vectorhighlight.FieldTermStackTest",11,0.00,1.00,94,1.47,31877.37,11,0,2,19,4,160.05,13,106,0,4,110.05,0.00,0.75,0.00,2,0.00,1,4419.49,7,0,4,org.apache.lucene.search.vectorhighlight.AbstractTestCase,0.00,8,3,11,0,8,11,0,13,876,1
"org.apache.lucene.search.vectorhighlight.FragListBuilder",1,0.00,1.00,2,0.01,54.79,1,0,0,1,12,193.91,27,3,10,1,146.08,0.00,0.00,0.00,0,1.00,1,36.53,0,1,2,,0.00,0,0,1,0,0,0,0,3,13,1
"org.apache.lucene.search.vectorhighlight.FragmentsBuilder",4,0.00,1.00,5,0.12,1002.81,4,0,3,4,12,122.73,55,12,9,1,152.11,0.00,0.00,0.00,0,4.00,1,347.18,0,4,3,,0.00,0,0,4,0,0,0,0,5,86,1
"org.apache.lucene.search.vectorhighlight.IndexTimeSynonymTest",23,0.00,1.00,171,2.97,63396.60,23,0,11,44,10,112.38,16,207,0,4,112.38,0.00,0.75,0.00,5,0.00,1,8921.27,3,2,10,org.apache.lucene.search.vectorhighlight.AbstractTestCase,0.00,21,3,23,0,21,21,0,16,1739,1
"org.apache.lucene.search.vectorhighlight.IndexTimeSynonymTest$TokenArrayAnalyzer",2,1.00,1.00,7,0.06,794.10,3,1,11,3,3,132.74,0,11,0,2,132.74,0.00,0.50,0.00,0,2.00,1,169.39,0,1,3,org.apache.lucene.analysis.Analyzer,0.00,1,1,2,0,1,1,0,0,46,3
"org.apache.lucene.search.vectorhighlight.IndexTimeSynonymTest$TokenArrayAnalyzer$TokenStream",1,0.00,2.00,8,0.09,1680.59,3,2,11,2,2,111.75,0,10,0,1,111.75,0.00,0.00,1.00,0,0.00,2,268.89,0,0,2,java.lang.Object,0.00,1,0,2,0,1,1,0,0,61,0
"org.apache.lucene.search.vectorhighlight.ScoreOrderFragmentsBuilder",3,0.00,1.00,9,0.08,1420.99,3,0,4,5,4,114.26,15,14,3,2,132.13,0.00,0.50,0.00,0,3.00,1,243.89,0,1,1,org.apache.lucene.search.vectorhighlight.BaseFragmentsBuilder,0.00,2,1,3,0,2,2,0,4,66,1
"org.apache.lucene.search.vectorhighlight.ScoreOrderFragmentsBuilder$ScoreComparator",1,0.00,5.00,5,0.11,4822.85,1,0,4,1,0,165.55,1,11,0,1,115.55,0.00,0.00,0.00,0,1.00,5,318.47,0,0,0,java.lang.Object,0.00,0,0,5,0,0,1,1,1,76,2
"org.apache.lucene.search.vectorhighlight.ScoreOrderFragmentsBuilderTest",2,0.00,1.00,16,0.22,4464.11,2,0,1,11,8,110.94,1,19,0,4,110.94,0.00,0.75,0.00,0,0.00,1,658.35,1,1,8,org.apache.lucene.search.vectorhighlight.AbstractTestCase,0.00,9,3,2,0,9,1,0,1,134,1
"org.apache.lucene.search.vectorhighlight.SimpleFragListBuilder",1,0.00,13.00,33,0.51,45289.98,3,2,4,12,8,77.34,4,47,5,1,77.10,0.00,0.00,1.00,0,0.00,13,1527.56,0,1,3,java.lang.Object,0.00,11,0,13,0,11,0,1,2,267,1
"org.apache.lucene.search.vectorhighlight.SimpleFragListBuilderTest",14,0.00,1.14,108,1.84,45222.85,14,0,1,26,7,111.81,1,126,0,4,111.81,0.00,0.75,0.00,1,38.00,2,5523.33,6,1,7,org.apache.lucene.search.vectorhighlight.AbstractTestCase,0.00,12,3,16,0,12,13,0,1,1107,1
"org.apache.lucene.search.vectorhighlight.SimpleFragmentsBuilder",3,0.00,1.00,7,0.05,772.74,3,0,2,3,3,122.91,16,12,2,2,140.79,0.00,0.50,0.00,0,3.00,1,153.74,0,1,1,org.apache.lucene.search.vectorhighlight.BaseFragmentsBuilder,0.00,0,1,3,0,0,2,0,4,47,1
"org.apache.lucene.search.vectorhighlight.SimpleFragmentsBuilderTest",12,0.00,1.08,100,1.48,29017.39,12,0,11,36,14,110.65,4,115,0,4,110.65,0.00,0.75,0.00,1,0.00,2,4435.44,7,1,14,org.apache.lucene.search.vectorhighlight.AbstractTestCase,0.00,24,3,13,0,24,11,0,4,871,1
"org.apache.lucene.search.vectorhighlight.SingleFragListBuilder",1,0.00,5.00,13,0.19,7359.31,1,0,5,9,5,48.63,9,18,2,1,98.63,0.00,0.00,0.00,0,1.00,5,558.35,0,1,3,java.lang.Object,0.00,8,0,5,0,8,0,1,1,108,1
"org.apache.lucene.search.vectorhighlight.SingleFragListBuilderTest",4,0.00,1.00,21,0.32,5493.68,4,0,1,14,7,120.45,16,26,0,4,120.22,0.00,0.75,0.00,1,6.00,1,955.33,1,1,7,org.apache.lucene.search.vectorhighlight.AbstractTestCase,0.00,10,3,4,0,10,3,0,1,201,1
"org.apache.solr.update.processor.CustomUpdateRequestProcessorFactory",2,1.00,1.00,6,0.06,689.28,3,1,5,2,6,173.11,4,13,1,2,133.22,0.00,0.50,0.00,0,2.00,1,170.60,0,1,5,org.apache.solr.update.processor.UpdateRequestProcessorFactory,0.00,0,1,2,0,0,1,0,2,46,1
"org.apache.solr.update.processor.LogUpdateProcessor",7,0.29,3.14,52,0.74,22405.54,15,8,13,25,12,161.61,13,74,1,2,111.61,0.00,0.50,0.38,0,0.00,6,2207.81,0,0,12,org.apache.solr.update.processor.UpdateRequestProcessor,0.14,18,1,22,0,18,7,0,11,449,0
"org.apache.solr.update.processor.LogUpdateProcessorFactory",2,1.00,2.00,11,0.13,2667.72,3,1,13,6,15,102.29,10,18,3,2,120.16,0.00,0.50,0.50,0,2.00,2,386.81,0,0,13,org.apache.solr.update.processor.UpdateRequestProcessorFactory,0.00,4,1,4,0,4,2,0,3,88,1
"org.apache.solr.update.processor.Lookup3Signature",3,0.50,1.00,7,0.14,3285.87,4,1,6,5,2,135.84,0,11,0,2,135.84,0.00,0.50,0.67,0,1.00,1,415.44,0,0,2,org.apache.solr.update.processor.Signature,0.33,2,1,3,0,2,3,0,0,104,1
"org.apache.solr.update.processor.MD5Signature",3,0.33,1.33,15,0.15,3355.83,6,3,5,12,2,120.85,1,21,1,2,120.85,1.00,0.33,0.56,0,0.00,2,463.92,0,0,1,org.apache.solr.update.processor.Signature,0.33,9,1,4,1,9,3,0,1,108,1
"org.apache.solr.update.processor.MD5Signature$ThreadLocal<MessageDigest>",1,0.00,2.00,5,0.04,706.04,1,0,5,3,0,122.33,0,8,0,1,122.33,0.00,0.00,0.00,0,0.00,2,121.84,0,1,0,java.lang.Object,0.00,2,0,2,0,2,0,0,0,32,0
"org.apache.solr.update.processor.RunUpdateProcessor",6,0.00,1.17,26,0.28,4629.60,8,2,10,17,11,125.77,3,43,1,2,125.77,0.00,0.50,0.50,0,0.00,2,832.79,5,0,10,org.apache.solr.update.processor.UpdateRequestProcessor,0.00,11,1,7,0,11,6,0,1,200,0
"org.apache.solr.update.processor.RunUpdateProcessorFactory",1,0.00,1.00,3,0.03,455.69,1,0,10,2,13,114.39,5,8,1,2,132.27,0.00,0.50,0.00,0,1.00,1,99.51,0,1,12,org.apache.solr.update.processor.UpdateRequestProcessorFactory,0.00,1,1,1,0,1,0,0,1,27,1
"org.apache.solr.update.processor.Signature",3,0.00,1.00,4,0.02,149.83,3,0,1,3,4,157.62,0,6,3,1,157.62,0.00,0.00,0.00,0,3.00,1,74.91,0,0,1,java.lang.Object,0.00,0,0,3,3,0,3,0,0,27,2
"org.apache.solr.update.processor.SignatureUpdateProcessorFactory",8,0.04,1.38,37,0.40,10844.02,15,7,17,16,16,123.80,1,53,2,2,123.80,0.00,0.50,0.18,0,28.00,4,1196.20,0,4,14,org.apache.solr.update.processor.UpdateRequestProcessorFactory,0.00,8,1,11,0,8,4,0,1,251,1
"org.apache.solr.update.processor.SignatureUpdateProcessorFactory$SignatureUpdateProcessor",2,1.00,6.50,43,0.68,50555.75,3,1,17,18,9,86.58,0,54,0,2,86.58,0.00,0.50,0.50,0,2.00,12,2046.46,0,0,9,org.apache.solr.update.processor.UpdateRequestProcessor,0.00,16,1,13,0,16,2,0,0,331,0
"org.apache.solr.update.processor.SignatureUpdateProcessorFactoryTest",5,0.00,2.20,87,1.23,51187.84,5,0,17,32,12,93.34,3,91,0,3,93.34,0.00,0.67,0.00,1,7.00,7,3675.90,7,0,12,org.apache.solr.SolrTestCaseJ4,0.07,27,2,11,0,27,5,0,1,652,1
"org.apache.solr.update.processor.SignatureUpdateProcessorFactoryTest$SolrQueryRequestBase",0,0.00,0.00,1,0.01,69.74,0,0,17,0,0,171.00,0,2,0,1,171.00,0.00,0.00,0.00,0,0.00,0,34.87,0,0,0,java.lang.Object,0.00,0,0,0,0,0,0,0,0,11,0
"org.apache.solr.update.processor.SignatureUpdateProcessorFactoryTest$Thread",1,0.00,3.00,9,0.08,2025.44,1,0,17,5,0,149.00,2,11,0,1,109.11,0.00,0.00,0.00,0,1.00,3,240.85,0,0,0,java.lang.Object,0.00,4,0,3,0,4,1,0,2,51,0
"org.apache.solr.update.processor.SignatureUpdateProcessorFactoryTest$Thread_0",1,0.00,3.00,10,0.09,2337.56,1,0,17,6,0,127.53,3,12,0,1,106.92,0.00,0.00,0.00,0,1.00,3,268.00,0,0,0,java.lang.Object,0.00,5,0,3,0,5,1,0,3,56,0
"org.apache.solr.update.processor.TextProfileSignature",3,0.25,6.00,59,0.91,81352.84,5,2,6,27,2,37.98,28,78,0,3,87.98,0.00,0.67,0.67,0,1.00,16,2733.28,2,0,2,org.apache.solr.update.processor.MD5Signature,0.33,24,2,18,0,24,3,0,7,468,1
"org.apache.solr.update.processor.TextProfileSignature$Token",2,0.00,1.00,8,0.06,674.56,4,2,6,2,0,128.63,0,11,0,1,128.63,0.00,0.00,0.50,0,2.00,1,165.10,0,1,0,java.lang.Object,0.00,0,0,2,0,0,1,0,0,47,2
"org.apache.solr.update.processor.TextProfileSignature$TokenComparator",1,0.00,1.00,3,0.03,504.81,1,0,6,1,0,131.92,0,5,0,1,131.92,0.00,0.00,0.00,0,1.00,1,99.83,0,0,0,java.lang.Object,0.00,0,0,1,0,0,1,1,0,28,2
"org.apache.solr.update.processor.UpdateRequestProcessor",7,0.08,1.86,17,0.20,3562.39,9,2,8,14,33,178.20,15,27,28,1,138.31,0.00,0.00,0.43,0,0.00,2,593.82,0,0,5,java.lang.Object,0.00,7,0,13,4,7,7,0,2,154,2
"org.apache.solr.update.processor.UpdateRequestProcessorChain",5,0.12,1.60,25,0.26,8122.91,7,2,6,12,15,140.15,19,32,9,1,119.53,0.00,0.00,0.40,0,2.00,3,793.13,0,0,7,java.lang.Object,0.00,7,0,8,0,7,5,1,1,177,2
"org.apache.solr.update.processor.UpdateRequestProcessorFactory",2,0.00,1.00,3,0.03,173.49,2,0,6,2,12,155.97,9,8,6,1,155.74,0.00,0.00,0.00,0,2.00,1,80.82,0,1,7,java.lang.Object,0.00,0,0,2,4,0,1,1,2,26,2
"org.apache.solr.update.processor.UpdateRequestProcessorFactoryTest",3,0.00,1.00,16,0.21,4189.53,3,0,3,8,5,160.05,6,17,0,4,120.16,0.00,0.75,0.00,0,4.00,1,619.96,0,2,5,org.apache.solr.util.AbstractSolrTestCase,0.19,5,3,3,0,5,1,0,4,130,1
"org.apache.lucene.benchmark.byTask.Benchmark",5,0.17,2.40,45,0.56,26323.63,8,3,5,27,7,73.68,31,62,4,1,105.90,0.00,0.00,0.47,0,0.00,5,1674.09,0,2,3,java.lang.Object,0.00,22,0,12,0,22,3,0,9,327,1
"org.apache.lucene.benchmark.byTask.PerfRunData",20,0.03,1.75,106,1.10,30024.33,32,12,19,57,71,120.02,81,142,59,1,119.78,0.00,0.00,0.11,4,244.00,6,3294.86,0,10,15,java.lang.Object,0.00,37,0,35,0,37,10,0,36,681,1
"org.apache.lucene.benchmark.byTask.TestPerfTasksLogic",31,0.00,1.52,287,5.74,158619.19,31,0,33,98,25,106.34,153,709,0,4,106.10,0.00,0.75,0.00,7,136.00,6,17228.97,4,5,25,org.apache.lucene.benchmark.BenchmarkTestCase,0.08,67,3,47,0,67,26,0,116,3041,1
"org.apache.lucene.benchmark.byTask.TestPerfTasksLogic$MyMergePolicy",1,0.00,1.00,4,0.02,179.59,2,1,33,1,1,130.79,0,6,0,4,130.79,0.00,0.75,1.00,0,0.00,1,63.86,0,0,1,org.apache.lucene.index.LogDocMergePolicy,0.00,0,3,1,0,0,1,0,0,20,2
"org.apache.lucene.benchmark.byTask.TestPerfTasksLogic$MyMergeScheduler",1,0.00,1.00,5,0.02,206.76,2,1,33,1,1,126.69,0,7,0,3,126.69,0.00,0.67,1.00,0,0.00,1,74.73,0,0,1,org.apache.lucene.index.SerialMergeScheduler,0.00,0,2,1,0,0,1,0,0,23,2
"org.apache.lucene.benchmark.byTask.TestPerfTasksParse",3,0.17,3.00,36,0.59,22219.57,6,3,6,16,5,150.02,4,47,0,3,100.02,0.00,0.67,0.22,0,1.00,4,1765.55,0,0,5,org.apache.lucene.util.LuceneTestCase,0.00,13,2,9,0,13,3,0,4,318,1
"org.apache.solr.handler.clustering.carrot.Bindable",2,0.00,3.00,34,0.50,21982.42,6,4,7,11,1,93.03,0,51,0,2,93.03,0.00,0.50,0.25,1,2.00,4,1497.92,0,0,1,ProcessingComponentBase,0.00,9,1,6,0,9,2,1,0,282,1
"org.apache.solr.handler.clustering.carrot.Bindable$SnowballStemmerFactory",1,0.00,4.00,30,0.54,20885.42,2,1,37,6,16,107.85,19,43,0,1,81.56,0.00,0.00,1.00,0,0.00,4,1612.04,0,1,16,java.lang.Object,0.00,5,0,4,0,5,0,0,4,299,3
"org.apache.solr.handler.clustering.carrot.Bindable$SnowballStemmerFactory$ArabicStemmerFactory",1,0.00,2.00,12,0.12,1872.01,1,0,37,2,2,56.71,8,24,0,1,104.82,0.00,0.00,0.00,0,1.00,2,350.02,0,1,2,java.lang.Object,0.00,1,0,2,0,1,0,0,2,85,2
"org.apache.solr.handler.clustering.carrot.Bindable$SnowballStemmerFactory$ArabicStemmerFactory$ChineseTokenizerFactory",1,0.00,2.00,11,0.09,1181.30,1,0,37,3,0,107.80,0,24,0,1,107.80,0.00,0.00,0.00,0,1.00,2,270.76,0,1,0,java.lang.Object,0.00,2,0,2,0,2,0,0,0,69,3
"org.apache.solr.handler.clustering.carrot.Bindable$SnowballStemmerFactory$ArabicStemmerFactory$ChineseTokenizerFactory$ChineseTokenizer",4,0.22,2.25,34,0.48,13101.83,10,6,37,18,3,159.44,4,48,0,1,109.44,0.00,0.00,0.33,0,2.00,4,1431.87,0,0,3,java.lang.Object,0.00,14,0,9,0,14,4,1,4,286,3
"org.apache.solr.handler.clustering.carrot.Bindable$SnowballStemmerFactory$ArabicStemmerFactory$LuceneStemmerAdapter",3,0.33,2.67,28,0.39,18411.02,6,3,37,10,2,105.35,1,31,0,1,105.35,0.00,0.00,0.56,0,1.00,4,1179.95,0,1,2,java.lang.Object,0.00,7,0,8,0,7,2,1,1,244,2
"org.apache.solr.handler.clustering.carrot.Bindable$SnowballStemmerFactory$SnowballStemmerAdapter",2,1.00,1.50,10,0.07,1220.79,3,1,37,6,1,122.90,0,14,0,1,122.90,0.00,0.00,0.50,0,2.00,2,220.84,0,1,1,java.lang.Object,0.00,4,0,3,0,4,1,1,0,59,2
"org.apache.solr.handler.clustering.carrot.CarrotParams",0,0.00,0.00,11,0.17,6206.49,10,10,3,1,2,171.00,16,14,1,1,171.00,0.00,0.00,0.00,0,0.00,0,506.65,0,0,1,,0.00,1,0,0,0,1,0,0,1,98,1
"org.apache.solr.handler.clustering.carrot.SuppressWarnings",15,0.00,1.33,90,1.32,33034.97,15,0,19,41,15,115.58,11,128,0,4,115.58,0.00,0.75,0.00,4,52.00,3,3963.78,0,3,15,org.apache.solr.handler.clustering.AbstractClusteringTest,0.00,26,3,20,0,26,12,0,9,802,1
"org.apache.solr.handler.clustering.carrot.SuppressWarnings$LocalSolrQueryRequest",1,0.00,1.00,3,0.03,347.48,1,0,23,2,1,133.19,0,5,0,1,133.19,0.00,0.00,0.00,0,1.00,1,95.04,0,1,1,java.lang.Object,0.00,1,0,1,0,1,0,0,0,27,0
"org.apache.lucene.queryParser.core.processors.NoChildOptimizationQueryNodeProcessor",4,0.00,2.00,16,0.19,8656.45,4,0,9,7,10,142.73,12,31,1,2,122.12,0.00,0.50,0.00,0,4.00,5,579.16,0,3,9,org.apache.lucene.queryParser.core.processors.QueryNodeProcessorImpl,0.00,3,1,8,0,3,1,0,2,126,1
"org.apache.lucene.queryParser.core.processors.QueryNodeProcessor",3,0.00,1.00,4,0.02,126.39,3,0,3,3,8,147.85,47,5,6,1,158.21,0.00,0.00,0.00,0,3.00,1,66.26,0,2,3,,0.00,0,0,3,0,0,1,0,4,25,1
"org.apache.lucene.queryParser.core.processors.QueryNodeProcessorImpl",11,2.00,1.55,49,0.47,17925.54,13,2,5,19,26,74.67,110,68,22,1,123.15,0.00,0.00,0.00,3,11.00,4,1399.68,0,6,4,java.lang.Object,0.00,8,0,17,20,8,5,1,8,317,2
"org.apache.lucene.queryParser.core.processors.QueryNodeProcessorImpl$ChildrenList",0,0.00,0.00,3,0.03,560.73,2,2,5,0,1,171.00,0,4,0,2,171.00,0.00,0.50,0.00,0,0.00,0,101.95,0,0,1,java.util.ArrayList,0.00,0,1,0,0,0,0,0,0,24,2
"org.apache.lucene.queryParser.core.processors.QueryNodeProcessorPipeline",6,2.00,1.33,21,0.17,3305.37,8,2,4,11,11,81.55,59,28,7,1,131.55,0.00,0.00,0.00,0,6.00,2,520.13,0,2,4,java.lang.Object,0.00,5,0,8,1,5,4,1,8,134,1
"org.apache.lucene.queryParser.core.processors.RemoveDeletedQueryNodesProcessor",5,0.00,2.60,35,0.37,17696.46,5,0,6,13,6,161.31,7,49,2,2,111.31,0.00,0.50,0.00,0,5.00,6,1099.83,1,4,5,org.apache.lucene.queryParser.core.processors.QueryNodeProcessorImpl,0.00,8,1,13,0,8,1,0,2,227,1
"org.apache.lucene.analysis.payloads.AbstractEncoder",1,0.00,1.00,3,0.03,379.39,1,0,1,1,5,133.13,4,5,3,1,132.89,0.00,0.00,0.00,1,1.00,1,82.56,0,1,2,java.lang.Object,0.00,0,0,1,3,0,0,1,1,24,2
"org.apache.lucene.analysis.payloads.DelimitedPayloadTokenFilter",2,0.40,2.50,25,0.29,12170.67,7,5,5,8,8,58.44,14,28,3,4,100.73,0.00,0.75,0.40,0,2.00,4,875.75,0,0,5,org.apache.lucene.analysis.TokenFilter,0.29,6,3,5,0,6,2,0,3,178,2
"org.apache.lucene.analysis.payloads.DelimitedPayloadTokenFilterTest",6,0.00,1.67,91,1.62,61942.85,6,0,7,27,11,95.40,0,100,0,3,95.40,0.00,0.67,0.00,1,0.00,3,4859.14,0,0,11,org.apache.lucene.util.LuceneTestCase,0.00,21,2,10,0,21,6,0,0,884,1
"org.apache.lucene.analysis.payloads.FloatEncoder",1,0.00,1.00,7,0.09,1790.78,1,0,1,6,7,71.57,7,9,3,2,113.86,0.00,0.50,0.00,0,1.00,1,271.25,0,1,4,org.apache.lucene.analysis.payloads.AbstractEncoder,0.00,5,1,1,0,5,0,1,2,60,1
"org.apache.lucene.analysis.payloads.IdentityEncoder",3,0.25,1.33,15,0.21,6550.48,5,2,4,14,5,158.45,7,21,2,2,118.57,0.00,0.50,0.33,0,5.00,2,642.55,0,1,3,org.apache.lucene.analysis.payloads.AbstractEncoder,0.00,11,1,4,0,11,2,1,4,139,1
"org.apache.lucene.analysis.payloads.IntegerEncoder",1,0.00,1.00,7,0.08,1787.95,1,0,2,5,7,71.57,7,9,2,2,113.86,0.00,0.50,0.00,0,1.00,1,251.55,0,1,5,org.apache.lucene.analysis.payloads.AbstractEncoder,0.00,4,1,1,0,4,0,1,2,57,1
"org.apache.lucene.analysis.payloads.NumericPayloadTokenFilter",2,0.75,2.00,15,0.17,2957.24,6,4,6,8,8,154.24,5,21,2,4,114.35,0.00,0.75,0.62,0,0.00,3,504.71,0,0,6,org.apache.lucene.analysis.TokenFilter,0.29,6,3,4,0,6,2,0,2,113,1
"org.apache.lucene.analysis.payloads.NumericPayloadTokenFilterTest",2,0.00,2.00,24,0.49,26265.50,2,0,9,16,9,98.15,1,29,0,4,98.15,0.00,0.75,0.00,0,2.00,3,1477.85,0,0,9,org.apache.lucene.analysis.BaseTokenStreamTestCase,0.00,14,3,4,0,14,2,0,1,258,1
"org.apache.lucene.analysis.payloads.NumericPayloadTokenFilterTest$WordTokenFilter",2,0.00,2.00,11,0.11,1946.33,4,2,9,6,4,121.24,0,17,0,4,121.24,0.00,0.75,0.50,0,2.00,3,341.98,0,0,4,org.apache.lucene.analysis.TokenFilter,0.29,4,3,4,0,4,2,0,0,82,2
"org.apache.lucene.analysis.payloads.PayloadEncoder",2,0.00,1.00,3,0.02,107.12,2,0,1,2,7,125.16,13,4,6,1,157.39,0.00,0.00,0.00,0,2.00,1,66.19,0,2,1,,0.00,0,0,2,0,0,0,0,2,23,1
"org.apache.lucene.analysis.payloads.PayloadHelper",7,0.00,1.00,19,0.32,9172.28,7,0,0,9,11,117.35,35,28,11,1,135.22,0.00,0.00,0.00,4,7.00,1,957.98,0,0,0,java.lang.Object,0.00,2,0,7,0,2,7,0,4,227,1
"org.apache.lucene.analysis.payloads.TokenOffsetPayloadTokenFilter",2,0.00,1.50,15,0.17,4835.46,4,2,6,8,8,133.35,6,20,2,4,112.74,0.00,0.75,0.50,0,2.00,2,516.80,0,0,6,org.apache.lucene.analysis.TokenFilter,0.29,6,3,3,0,6,2,0,1,111,1
"org.apache.lucene.analysis.payloads.TokenOffsetPayloadTokenFilterTest",2,0.00,1.50,19,0.31,13365.32,2,0,7,12,7,105.19,0,23,0,4,105.19,0.00,0.75,0.00,0,2.00,2,917.68,0,0,7,org.apache.lucene.analysis.BaseTokenStreamTestCase,0.00,10,3,3,0,10,2,0,0,169,1
"org.apache.lucene.analysis.payloads.TypeAsPayloadTokenFilter",2,0.00,2.00,13,0.15,4399.05,4,2,6,8,7,136.11,6,19,2,4,115.49,0.00,0.75,0.50,0,2.00,3,462.96,0,0,5,org.apache.lucene.analysis.TokenFilter,0.29,6,3,4,0,6,2,0,1,101,1
"org.apache.lucene.analysis.payloads.TypeAsPayloadTokenFilterTest",2,0.00,1.50,18,0.34,14265.29,2,0,9,17,8,104.97,0,22,0,4,104.97,0.00,0.75,0.00,0,2.00,2,1022.74,0,0,8,org.apache.lucene.analysis.BaseTokenStreamTestCase,0.00,15,3,3,0,15,2,0,0,188,1
"org.apache.lucene.analysis.payloads.TypeAsPayloadTokenFilterTest$WordTokenFilter",2,0.00,1.50,11,0.12,2166.66,4,2,9,7,4,120.94,0,16,0,4,120.94,0.00,0.75,0.50,0,2.00,2,363.22,0,0,4,org.apache.lucene.analysis.TokenFilter,0.29,5,3,3,0,5,2,0,0,85,2
"org.apache.lucene.xmlparser.webdemo.FormBasedXmlQueryDemo",3,0.62,3.67,57,1.06,45127.87,7,4,26,39,14,110.72,11,78,0,2,90.11,0.00,0.50,0.67,1,0.00,6,3190.33,1,0,14,javax.servlet.http.HttpServlet,0.00,36,1,11,0,36,3,0,11,541,1
"org.apache.solr.velocity.VelocityResponseWriterTest",3,0.00,1.00,13,0.14,2155.86,3,0,6,10,4,126.05,0,13,0,4,126.05,0.00,0.75,0.00,0,3.00,1,411.57,0,2,4,org.apache.solr.util.AbstractSolrTestCase,0.19,7,3,3,0,7,1,0,0,91,1
"org.apache.lucene.util.ArrayUtil",21,0.00,2.24,142,1.79,105075.89,21,0,0,25,33,94.78,118,195,31,1,112.66,0.00,0.00,0.00,5,21.00,7,5371.22,0,0,2,java.lang.Object,0.00,4,0,47,0,4,21,0,38,1110,2
"org.apache.lucene.util.ArrayUtilTest",1,0.00,6.00,28,0.43,27264.38,1,0,1,7,2,33.57,8,40,0,3,81.68,0.00,0.67,0.00,0,1.00,6,1288.10,0,0,2,org.apache.lucene.util.LuceneTestCase,0.00,6,2,6,0,6,1,0,5,242,1
"org.apache.lucene.util.Attribute",0,0.00,0.00,1,0.00,12.00,0,0,0,0,32,171.00,19,2,32,1,171.00,0.00,0.00,0.00,0,0.00,0,8.00,0,0,0,,0.00,0,0,0,0,0,0,0,2,4,1
"org.apache.lucene.util.AttributeImpl",6,0.00,2.17,32,0.39,20868.44,6,0,3,18,47,66.86,55,43,46,1,116.86,0.00,0.00,0.00,0,6.00,7,1167.94,1,2,1,java.lang.Object,0.00,12,0,13,26,12,4,3,10,230,2
"org.apache.lucene.util.AttributeSource",0,0.00,0.00,2,0.01,70.18,0,0,10,0,46,171.00,13,2,46,1,171.00,0.00,0.00,0.00,0,0.00,0,28.07,0,0,1,java.lang.Object,0.00,0,0,0,164,0,0,0,3,10,1
"org.apache.lucene.util.AttributeSource$AttributeFactory",21,0.04,3.67,181,2.42,135062.22,27,6,10,66,3,89.15,112,237,0,1,107.02,0.00,0.00,0.13,4,120.00,15,7269.78,0,5,3,java.lang.Object,0.00,45,0,77,0,45,16,0,32,1448,3
"org.apache.lucene.util.AttributeSource$AttributeFactory$DefaultAttributeFactory",3,1.00,4.33,17,0.41,23865.34,4,1,10,13,2,113.87,0,34,0,2,113.87,0.00,0.50,0.33,1,4.00,8,1217.95,0,1,2,org.apache.lucene.util.AttributeFactory,0.00,10,1,13,0,10,2,0,0,241,3
"org.apache.lucene.util.AttributeSource$AttributeFactory$Iterator<AttributeImpl>",3,0.50,1.33,11,0.08,1916.67,4,1,10,5,1,131.04,0,15,0,1,131.04,0.00,0.00,0.67,0,1.00,2,252.66,0,0,1,java.lang.Object,0.00,2,0,4,0,2,3,0,0,66,0
"org.apache.lucene.util.AttributeSource$AttributeFactory$State",1,0.00,2.00,9,0.09,2942.78,3,2,10,4,1,107.93,0,13,0,1,107.93,0.00,0.00,1.00,0,0.00,2,256.35,0,1,1,java.lang.Object,0.00,3,0,2,0,3,0,1,0,63,3
"org.apache.lucene.util.AverageGuessMemoryModel",4,0.00,1.25,11,0.11,2130.20,4,0,2,7,2,120.38,21,21,1,2,138.25,0.00,0.50,0.00,0,4.00,2,339.51,0,0,1,org.apache.lucene.util.MemoryModel,0.75,3,1,5,0,3,4,0,6,87,1
"org.apache.lucene.util.AverageGuessMemoryModel$IdentityHashMap<Class<?>,Integer>",0,0.00,0.00,9,0.16,5350.21,0,0,2,1,0,171.00,0,11,0,1,171.00,0.00,0.00,0.00,0,0.00,0,470.04,0,0,0,java.lang.Object,0.00,1,0,0,0,1,0,0,0,100,0
"org.apache.lucene.util.BitUtil",14,0.85,3.71,432,7.82,2054388.78,15,1,0,14,5,30.79,154,552,5,1,74.91,0.00,0.00,0.21,1,38.00,8,23446.10,0,0,0,java.lang.Object,0.00,0,0,52,1,0,14,0,92,4322,1
"org.apache.lucene.util.BitVector",18,0.24,2.17,137,2.32,235357.34,22,4,4,35,11,127.50,66,180,8,1,106.88,0.00,0.00,0.47,7,0.00,5,6966.37,0,2,3,java.lang.Object,0.00,17,0,39,0,17,16,1,41,1406,2
"org.apache.lucene.util.CharacterUtils",6,0.40,1.33,15,0.21,4823.83,8,2,2,11,9,176.13,130,19,8,1,136.83,0.00,0.00,0.17,0,10.00,2,617.44,0,1,1,java.lang.Object,0.00,5,0,8,2,5,5,0,9,155,2
"org.apache.lucene.util.CharacterUtils$CharacterBuffer",5,0.06,1.00,19,0.12,1801.87,9,4,2,5,0,133.30,20,25,0,1,133.07,0.00,0.00,0.30,0,9.00,1,361.58,0,0,0,java.lang.Object,0.00,0,0,5,0,0,5,0,4,100,3
"org.apache.lucene.util.CharacterUtils$Java4CharacterUtils",5,0.00,1.40,15,0.20,5293.06,5,0,2,8,1,129.31,0,27,0,2,129.31,0.00,0.50,0.00,0,5.00,2,595.71,0,0,1,org.apache.lucene.util.CharacterUtils,0.36,3,1,7,0,3,5,0,0,140,3
"org.apache.lucene.util.CharacterUtils$Java5CharacterUtils",5,0.00,1.60,22,0.35,27028.46,5,0,2,8,1,119.04,1,36,0,2,119.04,0.00,0.50,0.00,0,5.00,4,1047.34,0,0,1,org.apache.lucene.util.CharacterUtils,0.36,3,1,8,0,3,5,0,1,220,3
"org.apache.lucene.util.CloseableThreadLocal",4,0.00,2.25,30,0.31,10594.43,6,2,5,15,3,64.23,34,38,3,1,112.33,0.00,0.00,0.50,2,2.00,3,938.17,0,0,0,java.lang.Object,0.00,11,0,9,2,11,4,1,7,208,1
"org.apache.lucene.util.Constants",2,14.00,1.00,35,0.51,14324.51,16,14,1,5,9,46.64,16,42,8,1,94.74,0.00,0.00,0.00,0,2.00,1,1536.87,0,1,1,java.lang.Object,0.00,3,0,2,0,3,1,0,14,308,2
"org.apache.lucene.util.Deprecated",4,0.00,1.50,16,0.20,5147.69,6,2,5,11,0,144.58,13,25,0,1,123.96,0.00,0.00,0.50,1,2.00,2,601.14,0,3,0,java.lang.Object,0.00,7,0,6,0,7,1,1,3,139,2
"org.apache.lucene.util.DocIdBitSet",4,1.00,1.00,11,0.08,859.99,5,1,3,5,12,191.40,5,18,10,2,141.40,0.00,0.50,0.25,0,6.00,1,226.42,0,2,2,org.apache.lucene.search.DocIdSet,0.00,1,1,4,0,1,2,0,3,65,1
"org.apache.lucene.util.DocIdBitSet$DocIdBitSetIterator",4,0.17,1.50,16,0.15,3811.82,6,2,3,5,1,124.99,3,24,0,2,124.99,0.00,0.50,0.62,0,0.00,2,456.34,0,0,1,org.apache.lucene.search.DocIdSetIterator,0.86,1,1,6,0,1,4,0,3,112,2
"org.apache.lucene.util.DoubleBarrelLRUCache",3,0.80,2.67,41,0.43,17956.52,8,5,3,11,2,51.00,32,51,2,2,99.48,0.00,0.50,0.73,1,0.00,4,1278.69,0,0,0,DoubleBarrelLRUCache.CloneableKey,V>,0.00,8,1,8,0,8,3,0,13,266,2
"org.apache.lucene.util.DoubleBarrelLRUCache$CloneableKey",1,0.00,1.00,2,0.01,69.79,1,0,3,1,0,145.25,0,3,0,1,145.25,0.00,0.00,0.00,0,1.00,1,31.02,0,1,0,java.lang.Object,0.00,0,0,1,0,0,0,0,0,12,3
"org.apache.lucene.util.DummyConcurrentLock",6,1.00,1.00,11,0.07,869.96,7,1,4,8,1,153.98,5,15,1,1,153.98,0.00,0.00,0.00,0,6.00,1,200.16,0,1,0,java.lang.Object,0.00,2,0,6,0,2,5,1,2,63,2
"org.apache.lucene.util.English",3,0.00,13.67,91,1.12,91327.09,3,0,0,8,22,47.77,20,79,22,1,79.99,0.00,0.00,0.00,1,3.00,39,3374.91,0,1,0,java.lang.Object,0.00,5,0,41,0,5,2,0,5,544,1
"org.apache.lucene.util.FieldCacheSanityChecker",8,0.86,3.75,113,2.00,154277.27,9,1,10,57,11,56.64,99,135,7,1,94.20,0.00,0.00,0.25,4,16.00,10,5991.30,0,3,4,java.lang.Object,0.00,49,0,30,0,49,5,0,32,1040,2
"org.apache.lucene.util.FieldCacheSanityChecker$Insanity",5,0.17,1.80,31,0.32,12014.75,8,3,10,11,0,155.10,14,34,0,1,115.22,0.00,0.00,0.20,3,14.00,3,949.07,0,3,0,java.lang.Object,0.00,6,0,9,0,6,2,0,4,206,3
"org.apache.lucene.util.FieldCacheSanityChecker$InsanityType",2,0.25,1.00,9,0.10,2072.31,6,4,10,3,0,87.23,24,14,0,1,124.80,0.00,0.00,0.12,0,2.00,1,285.41,0,1,0,java.lang.Object,0.00,1,0,2,0,1,1,0,3,72,3
"org.apache.lucene.util.FieldCacheSanityChecker$ReaderField",4,0.00,1.25,14,0.17,4188.97,6,2,10,7,0,129.37,0,23,0,1,129.37,0.00,0.00,0.50,1,4.00,2,498.39,0,1,0,java.lang.Object,0.00,3,0,5,0,3,3,0,0,123,3
"org.apache.lucene.util.IOUtils",1,0.00,7.00,9,0.13,9742.36,1,0,2,2,2,147.49,22,18,2,1,103.55,0.00,0.00,0.00,0,1.00,7,384.47,0,0,0,java.lang.Object,0.00,1,0,7,0,1,1,0,2,78,1
"org.apache.lucene.util.IndexableBinaryStringTools",11,0.90,2.91,126,2.24,257882.01,12,1,2,25,4,77.35,160,181,4,1,97.50,0.00,0.00,0.18,4,25.00,10,6724.29,0,2,0,java.lang.Object,0.00,14,0,32,0,14,9,0,26,1251,1
"org.apache.lucene.util.IndexableBinaryStringTools$CodingCase",2,0.14,1.50,17,0.19,4164.69,9,7,2,2,0,111.09,0,20,0,1,111.09,0.00,0.00,0.07,0,2.00,2,558.74,0,0,0,java.lang.Object,0.00,0,0,3,0,0,2,0,0,131,1
"org.apache.lucene.util.LocalizedTestCase",7,0.00,1.57,39,0.38,14536.71,10,3,2,13,4,158.58,20,56,3,3,118.70,4.50,0.17,0.33,0,12.00,5,1133.29,3,0,1,org.apache.lucene.util.LuceneTestCase,0.47,6,2,11,9,6,7,0,6,247,2
"org.apache.lucene.util.LuceneJUnitDividingSelector",3,0.67,2.67,26,0.28,9316.64,6,3,4,8,0,159.59,3,33,0,2,109.59,0.00,0.50,0.78,0,0.00,4,834.39,2,0,0,org.apache.tools.ant.types.selectors.BaseExtendSelector,0.00,5,1,8,0,5,3,0,3,178,1
"org.apache.lucene.util.LuceneJUnitResultFormatter",13,0.00,1.69,84,1.10,42916.65,21,8,13,36,3,96.27,73,126,0,1,114.14,0.00,0.00,0.12,4,47.00,7,3298.50,0,1,3,java.lang.Object,0.00,23,0,22,0,23,12,1,24,656,1
"org.apache.lucene.util.LuceneTestCase",12,0.06,2.00,78,0.94,26124.70,18,6,14,43,153,83.31,80,113,148,2,115.53,559.00,0.00,0.11,6,44.00,4,2820.19,3,3,5,junit.framework.TestCase,0.00,31,1,24,559,31,9,0,21,576,2
"org.apache.lucene.util.LuceneTestCase$Thread.UncaughtExceptionHandler",1,0.00,2.00,4,0.05,845.08,1,0,14,2,0,125.33,0,6,0,1,125.33,0.00,0.00,0.00,0,0.00,2,147.20,0,0,0,java.lang.Object,0.00,1,0,2,0,1,1,0,0,37,0
"org.apache.lucene.util.LuceneTestCase$UncaughtExceptionEntry",1,2.00,1.00,6,0.04,607.65,3,2,14,1,0,120.05,0,8,0,1,120.05,0.00,0.00,0.00,0,1.00,1,132.64,0,0,0,java.lang.Object,0.00,0,0,1,0,0,1,0,0,37,2
"org.apache.lucene.util.MapOfSets",4,0.00,1.75,24,0.28,9185.58,5,1,4,11,1,97.50,21,31,1,1,115.38,0.00,0.00,1.00,0,0.00,3,843.05,0,1,0,java.lang.Object,0.00,7,0,7,0,7,3,0,5,184,1
"org.apache.lucene.util.MemoryModel",4,0.00,1.00,5,0.03,249.47,4,0,0,4,2,108.76,34,6,2,1,156.87,0.00,0.00,0.00,0,4.00,1,96.19,0,0,0,java.lang.Object,0.00,0,0,4,1,0,4,0,6,34,2
"org.apache.lucene.util.NamedThreadFactory",3,0.20,1.67,17,0.27,5690.56,8,5,3,14,1,101.12,16,24,1,1,119.00,0.00,0.00,0.33,0,1.00,2,799.72,0,2,0,java.lang.Object,0.00,11,0,5,0,11,1,1,3,173,1
"org.apache.lucene.util.NumericUtils",21,0.15,2.14,121,1.83,127464.72,26,5,4,31,24,64.96,203,176,24,1,114.96,0.00,0.00,0.06,10,127.00,9,5477.23,0,6,4,java.lang.Object,0.00,10,0,45,0,10,15,0,46,1088,2
"org.apache.lucene.util.NumericUtils$IntRangeBuilder",2,0.00,1.00,5,0.05,694.57,2,0,4,4,0,140.00,8,8,0,1,139.76,0.00,0.00,0.00,1,2.00,1,155.32,0,0,0,java.lang.Object,0.00,2,0,2,0,2,2,0,2,45,3
"org.apache.lucene.util.NumericUtils$LongRangeBuilder",2,0.00,1.00,5,0.05,648.08,2,0,4,4,0,140.24,8,8,0,1,140.00,0.00,0.00,0.00,1,2.00,1,158.21,0,0,0,java.lang.Object,0.00,2,0,2,0,2,2,0,2,45,3
"org.apache.lucene.util.OpenBitSet",57,0.10,1.88,338,4.30,230564.00,59,2,4,71,49,98.51,299,406,45,2,116.38,2.00,0.25,0.40,9,0.00,8,12888.04,1,2,5,org.apache.lucene.search.DocIdSet,0.00,14,1,107,2,14,55,2,127,2720,1
"org.apache.lucene.util.OpenBitSetDISI",6,0.00,1.83,29,0.29,7397.27,6,0,2,6,6,106.19,33,41,4,3,124.06,0.00,0.67,0.00,1,6.00,3,865.43,5,0,2,org.apache.lucene.util.OpenBitSet,0.00,0,2,11,0,0,6,0,6,201,1
"org.apache.lucene.util.OpenBitSetIterator",6,0.38,2.83,61,1.38,46255.70,14,8,1,8,8,52.85,57,102,7,2,102.85,0.00,0.50,0.44,1,0.00,5,4138.73,0,0,2,org.apache.lucene.search.DocIdSetIterator,0.67,2,1,17,0,2,6,0,22,633,1
"org.apache.lucene.util.PriorityQueue",12,0.18,2.00,89,0.80,40975.99,15,3,0,12,34,67.36,135,109,34,1,111.49,0.00,0.00,0.50,5,0.00,5,2391.87,0,0,0,java.lang.Object,0.00,0,0,24,20,0,12,0,39,528,2
"org.apache.lucene.util.RamUsageEstimator",8,0.04,3.25,92,1.17,64257.84,24,16,3,34,20,68.91,48,114,17,1,101.13,0.00,0.00,0.10,1,22.00,12,3514.62,0,1,3,java.lang.Object,0.00,26,0,26,0,26,7,0,16,667,2
"org.apache.lucene.util.ReaderUtil",4,0.00,2.75,41,0.53,37916.62,4,0,3,12,6,52.15,36,52,5,1,102.15,0.00,0.00,0.00,1,4.00,5,1580.47,0,2,1,java.lang.Object,0.00,8,0,11,0,8,2,0,12,322,1
"org.apache.lucene.util.RunWith",22,0.02,2.41,181,2.86,98648.86,44,22,45,104,12,76.13,142,244,0,1,108.35,0.00,0.00,0.07,5,154.00,7,8571.52,0,13,12,java.lang.Object,0.00,82,0,53,0,82,9,0,46,1627,1
"org.apache.lucene.util.RunWith$LuceneTestCaseRunner",1,0.00,3.00,7,0.07,1612.02,1,0,45,4,0,113.97,0,11,0,2,113.97,0.00,0.50,0.00,0,1.00,3,198.27,0,0,0,org.junit.runners.BlockJUnit4ClassRunner,0.00,3,1,3,0,3,1,0,0,45,2
"org.apache.lucene.util.RunWith$LuceneTestCaseRunner$Filter",2,0.00,1.00,5,0.05,749.50,2,0,45,4,0,139.50,0,7,0,1,139.50,0.00,0.00,0.00,0,2.00,1,144.62,0,1,0,java.lang.Object,0.00,2,0,2,0,2,1,0,0,39,0
"org.apache.lucene.util.RunWith$TestWatchman",2,0.00,3.00,14,0.23,10212.14,2,0,45,10,0,160.02,2,20,0,1,110.02,0.00,0.00,0.00,0,2.00,5,700.34,2,0,0,java.lang.Object,0.00,8,0,6,0,8,2,0,2,134,0
"org.apache.lucene.util.RunWith$Thread.UncaughtExceptionHandler",1,0.00,2.00,4,0.05,845.08,1,0,45,2,0,125.33,0,6,0,1,125.33,0.00,0.00,0.00,0,0.00,2,147.20,0,0,0,java.lang.Object,0.00,1,0,2,0,1,1,0,0,37,0
"org.apache.lucene.util.RunWith$UncaughtExceptionEntry",1,2.00,1.00,6,0.04,607.65,3,2,45,1,0,120.05,0,8,0,1,120.05,0.00,0.00,0.00,0,1.00,1,132.64,0,0,0,java.lang.Object,0.00,0,0,1,0,0,1,0,0,37,2
"org.apache.lucene.util.ScorerDocQueue",16,0.20,1.50,94,0.88,40118.98,20,4,3,23,3,138.68,63,116,1,1,118.07,0.00,0.00,0.44,5,0.00,4,2629.31,0,2,2,java.lang.Object,0.00,7,0,24,0,7,14,0,33,597,1
"org.apache.lucene.util.ScorerDocQueue$HeapedScorerDoc",3,0.25,1.00,10,0.06,590.42,5,2,3,4,1,135.14,0,9,0,1,135.14,0.00,0.00,0.33,0,4.00,1,184.69,0,0,1,java.lang.Object,0.00,1,0,3,0,1,3,0,0,56,1
"org.apache.lucene.util.SetOnce",4,0.00,1.25,16,0.13,2346.76,6,2,1,7,3,78.21,40,22,3,1,126.69,0.00,0.00,0.50,0,0.00,2,396.73,0,0,0,java.lang.Object,0.00,3,0,5,0,3,4,0,7,99,2
"org.apache.lucene.util.SetOnce$AlreadySetException",1,0.00,1.00,3,0.02,116.92,1,0,1,1,0,136.92,0,5,0,2,136.92,0.00,0.50,0.00,0,1.00,1,46.46,0,0,0,java.lang.RuntimeException,0.00,0,1,1,0,0,1,0,0,16,3
"org.apache.lucene.util.SimpleStringInterner",2,0.50,3.00,27,0.35,24639.08,4,2,0,8,3,96.51,32,32,1,2,96.98,0.00,0.50,0.75,0,0.00,5,1044.57,0,1,2,org.apache.lucene.util.StringInterner,0.00,6,1,6,0,6,1,0,8,205,1
"org.apache.lucene.util.SimpleStringInterner$Entry",1,3.00,1.00,8,0.06,986.53,4,3,0,1,0,113.73,0,10,0,1,113.73,0.00,0.00,0.00,0,1.00,1,182.48,0,0,0,java.lang.Object,0.00,0,0,1,0,0,1,0,0,50,2
"org.apache.lucene.util.SmallFloat",6,0.00,3.00,42,0.66,33117.58,6,0,0,8,2,59.76,59,56,2,1,109.76,0.00,0.00,0.00,0,6.00,4,1987.57,0,0,0,java.lang.Object,0.00,2,0,18,0,2,6,0,24,398,1
"org.apache.lucene.util.SortedVIntList",11,0.06,1.45,56,0.52,13540.03,18,7,4,18,4,120.74,51,72,1,2,120.51,0.00,0.50,0.09,0,31.00,2,1571.88,0,1,3,org.apache.lucene.search.DocIdSet,0.00,7,1,16,0,7,10,0,12,362,1
"org.apache.lucene.util.SortedVIntList$DocIdSetIterator",4,0.44,2.00,28,0.22,6013.84,7,3,4,4,0,114.30,1,36,0,1,114.30,0.00,0.00,0.67,1,0.00,3,654.83,0,0,0,java.lang.Object,0.00,0,0,8,0,0,4,0,1,154,0
"org.apache.lucene.util.SortedVIntList$SortedVIntListBuilder",3,0.50,2.00,19,0.20,9671.38,4,1,4,7,1,164.19,4,27,0,1,114.19,0.00,0.00,0.67,0,0.00,4,585.58,0,0,1,java.lang.Object,0.00,4,0,6,0,4,3,0,4,122,1
"org.apache.lucene.util.StringHelper",4,1.00,2.50,20,0.25,14370.55,5,1,0,8,31,68.24,43,26,29,1,116.72,0.00,0.00,0.25,0,6.00,4,735.66,0,1,2,java.lang.Object,0.00,4,0,10,0,4,3,0,6,164,2
"org.apache.lucene.util.StringInterner",2,0.00,1.00,5,0.04,803.71,2,0,0,4,2,109.88,26,8,2,1,139.26,0.00,0.00,0.00,1,2.00,1,132.97,0,2,0,java.lang.Object,0.00,2,0,2,1,2,0,0,4,39,1
"org.apache.lucene.util.TestArrayUtil",4,0.00,3.25,57,0.75,38314.92,4,0,1,13,3,146.62,7,70,0,3,96.62,0.00,0.67,0.00,0,4.00,6,2256.45,1,0,3,org.apache.lucene.util.LuceneTestCase,0.00,9,2,13,0,9,4,0,7,439,1
"org.apache.lucene.util.TestAttributeSource",5,0.00,2.00,96,1.50,67116.13,5,0,3,36,10,140.63,9,114,0,3,90.63,0.00,0.67,0.00,0,5.00,4,4505.12,0,0,10,org.apache.lucene.util.LuceneTestCase,0.00,31,2,10,0,31,5,0,9,819,1
"org.apache.lucene.util.TestBitVector",17,0.94,1.82,192,1.79,84503.84,18,1,4,29,4,142.79,48,192,0,3,102.91,0.00,0.67,0.12,9,43.00,4,5358.58,0,1,4,org.apache.lucene.util.LuceneTestCase,0.00,12,2,31,0,12,16,0,19,1139,1
"org.apache.lucene.util.TestCharacterUtils",7,0.00,1.86,111,1.87,72341.81,7,0,7,22,3,95.38,3,146,0,3,95.38,0.00,0.67,0.00,0,0.00,3,5601.65,0,0,3,org.apache.lucene.util.LuceneTestCase,0.00,15,2,13,0,15,7,0,1,1062,1
"org.apache.lucene.util.TestCloseableThreadLocal",3,1.00,1.00,15,0.14,2212.90,4,1,0,10,2,172.34,4,20,0,3,122.34,0.00,0.67,0.33,0,4.00,1,409.80,0,0,2,org.apache.lucene.util.LuceneTestCase,0.00,7,2,3,0,7,3,0,4,103,1
"org.apache.lucene.util.TestCloseableThreadLocal$InitValueThreadLocal",1,0.00,1.00,3,0.02,168.05,1,0,0,1,1,135.68,0,6,0,2,135.68,0.00,0.50,0.00,0,0.00,1,52.05,0,1,1,org.apache.lucene.util.CloseableThreadLocal,0.40,0,1,1,0,0,0,0,0,17,1
"org.apache.lucene.util.TestDoubleBarrelLRUCache",4,0.33,3.25,68,0.71,57433.30,6,2,1,15,2,131.98,8,55,0,3,92.09,0.00,0.67,0.25,1,6.00,7,2129.01,0,0,2,org.apache.lucene.util.LuceneTestCase,0.00,11,2,13,0,11,4,0,8,419,1
"org.apache.lucene.util.TestDoubleBarrelLRUCache$CacheThread",2,0.50,3.50,30,0.35,17834.06,6,4,1,8,1,95.73,0,41,0,2,95.73,0.00,0.50,0.50,0,2.00,6,1046.59,0,0,1,java.lang.Thread,0.00,6,1,7,0,6,2,0,0,199,1
"org.apache.lucene.util.TestDoubleBarrelLRUCache$CloneableInteger",4,0.33,1.00,10,0.08,968.75,5,1,1,6,0,141.00,0,15,0,2,141.00,0.00,0.50,0.75,1,0.00,1,240.79,0,1,0,DoubleBarrelLRUCache.CloneableKey,0.00,2,1,4,0,2,3,0,0,69,2
"org.apache.lucene.util.TestDoubleBarrelLRUCache$CloneableObject",4,0.33,1.00,10,0.08,937.19,5,1,1,6,0,141.11,0,15,0,2,141.11,0.00,0.50,0.75,1,0.00,1,239.17,0,1,0,DoubleBarrelLRUCache.CloneableKey,0.00,2,1,4,0,2,3,0,0,69,2
"org.apache.lucene.util.TestFieldCacheSanityChecker",6,0.35,1.50,85,1.44,69906.47,10,4,12,28,10,146.13,8,108,0,3,96.13,0.00,0.67,0.54,0,0.00,3,4327.41,4,0,10,org.apache.lucene.util.LuceneTestCase,0.33,22,2,9,0,22,6,0,8,758,1
"org.apache.lucene.util.TestIndexableBinaryStringTools",7,0.42,3.14,123,2.07,119780.37,9,2,3,29,2,91.50,3,151,0,3,91.50,0.00,0.67,0.14,0,13.00,8,6213.03,1,2,2,org.apache.lucene.util.LuceneTestCase,0.00,22,2,22,0,22,5,0,3,1102,1
"org.apache.lucene.util.TestNumericUtils",10,0.00,3.20,157,3.20,187662.81,10,0,5,36,3,93.45,47,192,0,3,93.21,0.00,0.67,0.00,2,10.00,6,9598.10,0,0,3,org.apache.lucene.util.LuceneTestCase,0.00,26,2,32,0,26,10,0,47,1690,1
"org.apache.lucene.util.TestNumericUtils$NumericUtils.IntRangeBuilder",1,0.00,3.00,12,0.20,9753.48,1,0,5,7,0,138.96,2,12,0,1,99.08,0.00,0.00,0.00,0,1.00,3,588.77,0,0,0,java.lang.Object,0.00,6,0,3,0,6,1,0,2,113,0
"org.apache.lucene.util.TestNumericUtils$NumericUtils.LongRangeBuilder",1,0.00,3.00,12,0.20,9440.20,1,0,5,7,0,139.07,2,12,0,1,99.19,0.00,0.00,0.00,0,1.00,3,592.49,0,0,0,java.lang.Object,0.00,6,0,3,0,6,1,0,2,113,0
"org.apache.lucene.util.TestOpenBitSet",10,0.44,2.40,169,2.41,226926.84,11,1,3,59,5,141.58,18,161,0,3,91.58,0.00,0.67,0.60,6,0.00,6,7234.84,0,0,5,org.apache.lucene.util.LuceneTestCase,0.00,49,2,24,0,49,10,0,16,1302,1
"org.apache.lucene.util.TestPriorityQueue",6,0.00,1.33,61,0.64,24007.23,6,0,1,18,2,155.27,9,66,0,3,105.27,0.00,0.67,0.00,1,6.00,3,1921.87,0,0,2,org.apache.lucene.util.LuceneTestCase,0.00,12,2,8,0,12,6,0,9,400,1
"org.apache.lucene.util.TestPriorityQueue$IntegerQueue",2,0.00,1.00,6,0.05,603.72,2,0,1,2,1,133.67,0,10,0,2,133.67,0.00,0.50,0.00,0,2.00,1,141.04,1,0,1,org.apache.lucene.util.PriorityQueue,0.00,0,1,2,0,0,2,0,0,41,2
"org.apache.lucene.util.TestRamUsageEstimator",1,0.00,1.00,17,0.24,9369.19,1,0,1,6,1,93.83,0,19,0,2,93.83,0.00,0.50,0.00,0,1.00,1,723.54,0,0,1,junit.framework.TestCase,0.00,5,1,1,0,5,1,0,0,150,1
"org.apache.lucene.util.TestRamUsageEstimator$Holder",2,3.00,1.00,8,0.05,659.83,5,3,1,2,0,128.71,0,10,0,1,128.71,0.00,0.00,0.00,0,2.00,1,160.34,0,0,0,java.lang.Object,0.00,0,0,2,0,0,2,0,0,45,3
"org.apache.lucene.util.TestSetOnce",4,1.00,2.50,40,0.60,24904.54,5,1,4,22,1,103.61,0,49,0,2,103.61,0.00,0.50,0.25,0,6.00,7,1791.30,0,0,1,LuceneTestCaseJ4,0.00,18,1,10,0,18,4,0,0,342,1
"org.apache.lucene.util.TestSetOnce$SetOnceThread",1,0.00,3.00,9,0.12,2115.52,3,2,4,7,1,109.20,4,15,0,2,108.97,0.00,0.50,1.00,0,0.00,3,354.07,0,0,1,org.apache.lucene.util.Thread,0.00,6,1,3,0,6,1,0,4,76,3
"org.apache.lucene.util.TestSmallFloat",4,0.00,3.00,49,0.63,22740.63,4,0,1,14,2,52.82,32,55,0,3,100.92,0.00,0.67,0.00,2,4.00,5,1886.22,1,0,2,org.apache.lucene.util.LuceneTestCase,0.00,10,2,12,0,10,4,0,13,365,1
"org.apache.lucene.util.TestSortedVIntList",28,0.11,1.54,124,1.34,58526.53,33,5,6,42,4,122.30,7,154,1,3,122.30,0.00,0.67,0.09,8,216.00,5,4013.79,0,0,3,org.apache.lucene.util.LuceneTestCase,0.00,14,2,43,0,14,28,0,7,909,1
"org.apache.lucene.util.TestStringHelper",1,0.00,1.00,12,0.11,2687.50,1,0,1,3,2,103.74,0,14,0,3,103.74,0.00,0.67,0.00,0,1.00,1,323.21,0,0,2,org.apache.lucene.util.LuceneTestCase,0.00,2,2,1,0,2,1,0,0,75,1
"org.apache.lucene.util.TestStringIntern",3,0.17,2.33,38,0.35,12259.42,6,3,2,8,1,152.11,5,34,0,3,102.11,0.00,0.67,0.44,1,1.00,3,1035.05,0,1,1,org.apache.lucene.util.LuceneTestCase,0.00,5,2,7,0,5,2,0,5,216,1
"org.apache.lucene.util.TestStringIntern$Thread",1,0.00,5.00,20,0.26,14324.15,1,0,2,7,1,109.99,3,22,0,1,89.37,0.00,0.00,0.00,0,0.00,5,782.35,0,0,1,java.lang.Object,0.00,6,0,5,0,6,1,0,3,145,0
"org.apache.lucene.util.TestVersion",1,0.00,2.00,8,0.10,2885.35,1,0,0,6,2,109.91,0,10,0,3,109.91,0.00,0.67,0.00,0,1.00,2,305.40,0,0,2,org.apache.lucene.util.LuceneTestCase,0.00,5,2,2,0,5,1,0,0,72,1
"org.apache.lucene.util.TestVirtualMethod",4,0.17,2.00,38,0.58,20355.37,6,2,0,13,5,88.18,22,55,3,3,106.06,1.00,0.40,0.38,0,4.00,5,1749.03,0,0,2,org.apache.lucene.util.LuceneTestCase,0.00,9,2,8,2,9,4,0,7,362,1
"org.apache.lucene.util.TestVirtualMethod$TestClass1",2,0.00,1.00,3,0.03,183.18,2,0,0,2,1,155.55,0,6,0,4,155.55,0.00,0.75,0.00,0,2.00,1,78.91,0,0,1,org.apache.lucene.util.TestVirtualMethod,0.22,0,3,2,0,0,2,0,0,26,1
"org.apache.lucene.util.TestVirtualMethod$TestClass2",1,0.00,1.00,2,0.02,107.10,1,0,0,1,0,193.79,1,4,0,2,143.79,0.00,0.50,0.00,0,1.00,1,47.21,0,0,0,org.apache.lucene.util.TestClass1,0.00,0,1,1,0,0,1,0,1,16,1
"org.apache.lucene.util.TestVirtualMethod$TestClass3",1,0.00,1.00,2,0.02,107.10,1,0,0,1,0,143.79,0,4,0,2,143.79,0.00,0.50,0.00,0,1.00,1,47.21,0,0,0,org.apache.lucene.util.TestClass2,0.00,0,1,1,0,0,1,0,0,16,1
"org.apache.lucene.util.TestVirtualMethod$TestClass4",0,0.00,0.00,1,0.01,31.02,0,0,0,0,1,171.00,0,2,0,4,171.00,0.00,0.75,0.00,0,0.00,0,15.51,0,0,1,org.apache.lucene.util.TestVirtualMethod,0.00,0,3,0,0,0,0,0,0,6,1
"org.apache.lucene.util.TestVirtualMethod$TestClass5",0,0.00,0.00,1,0.01,31.02,0,0,0,0,0,171.00,0,2,0,2,171.00,0.00,0.50,0.00,0,0.00,0,15.51,0,0,0,org.apache.lucene.util.TestClass4,0.00,0,1,0,0,0,0,0,0,6,1
"org.apache.lucene.util.ThreadInterruptedException",1,0.00,1.00,3,0.02,124.13,1,0,0,1,23,176.01,21,5,23,2,136.71,0.00,0.50,0.00,0,1.00,1,49.65,0,0,0,java.lang.RuntimeException,0.00,0,1,1,0,0,1,0,2,17,2
"org.apache.lucene.util.ToStringUtils",1,0.00,2.00,5,0.04,879.37,1,0,0,2,23,154.97,20,7,23,1,121.58,0.00,0.00,0.00,0,1.00,2,122.69,0,1,0,java.lang.Object,0.00,1,0,2,0,1,0,0,3,31,1
"org.apache.lucene.util.UnicodeUtil",5,0.08,8.20,179,3.61,485508.21,20,15,0,11,14,23.65,245,215,13,1,73.65,0.00,0.00,0.13,0,11.00,9,10833.50,0,1,1,java.lang.Object,0.00,6,0,41,0,6,4,0,45,1816,2
"org.apache.lucene.util.UnicodeUtil$UTF16Result",2,0.67,1.50,11,0.11,2083.70,5,3,0,4,1,121.07,0,15,0,1,121.07,0.00,0.00,0.67,1,0.00,2,341.67,0,0,1,java.lang.Object,0.00,2,0,3,0,2,2,0,0,86,3
"org.apache.lucene.util.UnicodeUtil$UTF8Result",1,0.00,2.00,7,0.07,1235.25,3,2,0,2,1,114.97,0,10,0,1,114.97,0.00,0.00,1.00,0,0.00,2,197.95,0,0,1,java.lang.Object,0.00,1,0,2,0,1,1,0,0,50,3
"org.apache.lucene.util.Version",1,0.00,1.00,4,0.04,361.12,1,0,0,2,163,85.26,54,15,163,1,128.40,0.00,0.00,0.00,0,1.00,1,118.19,0,0,0,java.lang.Object,0.00,1,0,1,0,1,1,0,12,31,1
"org.apache.lucene.util.VirtualMethod",5,0.00,3.80,36,0.65,28338.30,10,5,5,22,5,72.05,62,54,5,1,109.61,0.00,0.00,0.20,2,14.00,8,1943.95,0,0,0,java.lang.Object,0.00,17,0,19,0,17,5,0,7,383,2
"org.apache.lucene.util._TestUtil",9,0.00,2.11,57,0.66,25500.23,9,0,10,31,9,164.62,11,68,4,1,114.62,0.00,0.00,0.00,2,9.00,4,1974.75,0,3,5,java.lang.Object,0.00,22,0,19,0,22,6,0,4,416,1
"org.apache.solr.request.BinaryQueryResponseWriter",0,0.00,0.00,1,0.02,139.52,0,0,0,0,2,171.00,19,3,2,2,171.00,0.00,0.50,0.00,0,0.00,0,46.51,0,0,0,,0.00,0,1,0,0,0,0,0,2,14,1
"org.apache.solr.request.BinaryResponseWriter",1,0.00,1.00,5,0.07,1106.08,2,1,2,4,2,141.57,3,8,1,2,120.96,0.00,0.50,1.00,0,0.00,1,207.99,0,0,1,org.apache.solr.response.BinaryResponseWriter,0.00,3,1,1,0,3,1,0,1,51,1
"org.apache.solr.request.Deprecated",1,0.00,1.00,3,0.04,403.06,1,0,1,1,2,100.46,6,5,0,4,132.69,0.00,0.75,0.00,0,1.00,1,111.52,0,0,2,org.apache.solr.common.params.AppendedSolrParams,0.00,0,3,1,0,0,1,0,2,32,1
"org.apache.solr.request.JSONResponseWriter",1,0.00,1.00,5,0.07,1106.08,2,1,2,4,3,141.57,3,8,2,2,120.96,0.00,0.50,1.00,0,0.00,1,207.99,0,0,1,org.apache.solr.response.JSONResponseWriter,0.00,3,1,1,0,3,1,0,1,51,1
"org.apache.solr.request.JSONWriterTest",4,0.00,1.00,42,0.54,13352.62,4,0,14,17,15,105.95,3,51,0,3,105.95,0.00,0.67,0.00,0,4.00,1,1629.89,1,0,15,org.apache.solr.SolrTestCaseJ4,0.00,13,2,4,0,13,4,0,1,319,1
"org.apache.solr.request.LocalSolrQueryRequest",5,1.00,1.80,25,0.49,25175.11,6,1,8,15,29,165.64,5,30,23,2,115.64,0.00,0.50,0.00,0,5.00,5,1472.60,0,1,6,org.apache.solr.request.SolrQueryRequestBase,0.00,10,1,9,0,10,4,0,3,289,1
"org.apache.solr.request.PHPResponseWriter",1,0.00,1.00,5,0.07,1106.08,2,1,2,4,2,141.57,3,8,1,2,120.96,0.00,0.50,1.00,0,0.00,1,207.99,0,0,1,org.apache.solr.response.PHPResponseWriter,0.00,3,1,1,0,3,1,0,1,51,1
"org.apache.solr.request.PHPSerializedResponseWriter",1,0.00,1.00,5,0.07,1106.08,2,1,2,4,3,141.57,3,8,2,2,120.96,0.00,0.50,1.00,0,0.00,1,207.99,0,0,1,org.apache.solr.response.PHPSerializedResponseWriter,0.00,3,1,1,0,3,1,0,1,51,1
"org.apache.solr.request.PythonResponseWriter",1,0.00,1.00,5,0.07,1106.08,2,1,2,4,3,141.57,3,8,2,2,120.96,0.00,0.50,1.00,0,0.00,1,207.99,0,0,1,org.apache.solr.response.PythonResponseWriter,0.00,3,1,1,0,3,1,0,1,51,1
"org.apache.solr.request.QueryResponseWriter",0,0.00,0.00,1,0.02,139.52,0,0,0,0,2,171.00,3,3,2,2,171.00,0.00,0.50,0.00,0,0.00,0,46.51,0,0,0,,0.00,0,1,0,0,0,0,0,1,14,1
"org.apache.solr.request.RawResponseWriter",1,0.00,1.00,5,0.07,1106.08,2,1,2,4,2,141.57,3,8,1,2,120.96,0.00,0.50,1.00,0,0.00,1,207.99,0,0,1,org.apache.solr.response.RawResponseWriter,0.00,3,1,1,0,3,1,0,1,51,1
"org.apache.solr.request.RubyResponseWriter",1,0.00,1.00,5,0.07,1106.08,2,1,2,4,3,141.57,3,8,2,2,120.96,0.00,0.50,1.00,0,0.00,1,207.99,0,0,1,org.apache.solr.response.RubyResponseWriter,0.00,3,1,1,0,3,1,0,1,51,1
"org.apache.solr.request.ServletSolrParams",2,0.00,2.00,9,0.08,2440.30,2,0,2,5,10,163.96,4,12,9,3,124.08,0.00,0.67,0.00,0,2.00,3,254.10,0,1,1,org.apache.solr.common.params.MultiMapSolrParams,0.00,3,2,4,0,3,1,0,2,65,1
"org.apache.solr.request.SimpleFacets",16,0.15,7.94,418,8.77,1021121.51,27,11,25,129,34,31.43,171,586,3,1,79.90,0.00,0.00,0.23,2,0.00,22,26302.45,0,10,32,java.lang.Object,0.00,113,0,127,0,113,6,0,94,4052,1
"org.apache.solr.request.SimpleFacets$Comparator",1,0.00,4.00,4,0.07,2473.61,1,0,25,2,0,121.50,0,6,0,1,121.50,0.00,0.00,0.00,0,1.00,4,213.13,0,0,0,java.lang.Object,0.00,1,0,4,0,1,1,0,0,50,0
"org.apache.solr.request.SimpleFacets$CountPair",4,0.33,1.25,13,0.19,5370.74,6,2,25,8,0,128.52,0,19,0,2,128.52,0.00,0.50,0.75,1,0.00,2,576.83,0,0,0,java.lang.Comparable,0.00,4,1,5,0,4,4,1,0,140,2
"org.apache.solr.request.SimpleFacets$DateRangeEndpointCalculator",5,1.00,1.20,17,0.21,3630.13,6,1,25,12,3,130.63,0,27,0,2,130.63,0.00,0.50,0.20,0,8.00,2,621.00,0,4,3,org.apache.solr.request.RangeEndpointCalculator,0.00,7,1,6,0,7,1,0,0,147,2
"org.apache.solr.request.SimpleFacets$DoubleRangeEndpointCalculator",3,0.00,1.00,7,0.07,1212.26,3,0,25,7,1,139.25,0,10,0,2,139.25,0.00,0.50,0.00,0,3.00,1,222.01,0,2,1,org.apache.solr.request.RangeEndpointCalculator,0.00,4,1,3,0,4,1,0,0,62,2
"org.apache.solr.request.SimpleFacets$FloatRangeEndpointCalculator",3,0.00,1.00,7,0.07,1212.26,3,0,25,7,1,139.25,0,10,0,2,139.25,0.00,0.50,0.00,0,3.00,1,222.01,0,2,1,org.apache.solr.request.RangeEndpointCalculator,0.00,4,1,3,0,4,1,0,0,62,2
"org.apache.solr.request.SimpleFacets$IntegerRangeEndpointCalculator",3,0.00,1.00,7,0.07,1212.26,3,0,25,7,1,139.25,0,10,0,2,139.25,0.00,0.50,0.00,0,3.00,1,222.01,0,2,1,org.apache.solr.request.RangeEndpointCalculator,0.00,4,1,3,0,4,1,0,0,62,2
"org.apache.solr.request.SimpleFacets$LongRangeEndpointCalculator",3,0.00,1.00,7,0.07,1212.26,3,0,25,7,1,139.25,0,10,0,2,139.25,0.00,0.50,0.00,0,3.00,1,222.01,0,2,1,org.apache.solr.request.RangeEndpointCalculator,0.00,4,1,3,0,4,1,0,0,62,2
"org.apache.solr.request.SimpleFacets$RangeEndpointCalculator",8,0.71,1.38,22,0.33,6758.52,9,1,25,11,2,136.89,37,44,0,2,136.65,0.00,0.50,0.38,3,14.00,2,994.78,0,3,2,java.lang.Comparable,0.00,3,1,11,0,3,5,0,7,229,3
"org.apache.solr.request.SimpleFacetsLegacySortTest",4,0.00,1.00,28,0.54,13694.59,4,0,1,4,1,111.64,0,68,0,4,111.64,0.00,0.75,0.00,0,4.00,1,1629.24,4,3,1,org.apache.solr.util.AbstractSolrTestCase,0.18,0,3,4,0,0,1,0,0,286,1
"org.apache.solr.request.SimpleFacetsTest",20,0.17,1.15,154,4.17,185329.77,24,4,6,24,1,158.21,23,767,0,3,108.21,0.00,0.67,0.09,12,62.00,2,12515.47,5,0,1,org.apache.solr.SolrTestCaseJ4,0.00,4,2,23,0,4,20,0,23,2172,1
"org.apache.solr.request.SolrQueryRequest",17,0.00,1.00,18,0.11,791.11,17,0,7,17,164,178.48,61,25,159,1,157.87,0.00,0.00,0.00,0,17.00,1,326.23,0,11,6,,0.00,0,0,17,0,0,6,0,19,121,1
"org.apache.solr.request.SolrQueryRequestBase",24,0.02,1.38,76,0.85,20790.04,36,12,10,38,25,150.61,76,120,16,1,130.00,0.00,0.00,0.07,1,284.00,3,2562.69,0,14,9,java.lang.Object,0.00,14,0,33,2,14,10,1,28,596,2
"org.apache.solr.request.SolrQueryResponse",1,0.00,1.00,5,0.07,1106.08,2,1,2,4,7,141.57,3,8,6,2,120.96,0.00,0.50,1.00,0,0.00,1,207.99,0,0,1,org.apache.solr.response.SolrQueryResponse,0.12,3,1,1,0,3,1,0,1,51,1
"org.apache.solr.request.SolrRequestHandler",2,0.00,1.00,3,0.02,103.29,2,0,3,2,27,157.04,33,4,22,2,157.51,0.00,0.50,0.00,0,2.00,1,63.69,0,0,5,,0.00,0,1,2,0,0,2,0,3,22,1
"org.apache.solr.request.TestBinaryResponseWriter",3,0.00,1.33,21,0.36,7455.37,3,0,12,23,11,133.29,9,25,0,4,112.67,0.00,0.75,0.00,0,4.00,2,1077.52,3,2,11,org.apache.solr.util.AbstractSolrTestCase,0.19,20,3,4,0,20,1,0,2,188,1
"org.apache.solr.request.TestFaceting",9,0.31,2.44,121,2.23,164909.24,11,2,8,32,3,145.67,16,185,0,3,95.67,0.00,0.67,0.22,4,22.00,7,6680.07,8,1,3,org.apache.solr.SolrTestCaseJ4,0.06,23,2,22,0,23,8,0,14,1159,1
"org.apache.solr.request.TestWriterPerf",10,0.08,1.90,89,1.42,60750.55,14,4,9,37,11,157.37,16,107,0,4,107.37,0.00,0.75,0.18,4,34.00,8,4263.37,5,4,11,org.apache.solr.util.AbstractSolrTestCase,0.32,27,3,19,0,27,6,0,16,745,1
"org.apache.solr.request.TextResponseWriter",1,0.00,1.00,5,0.09,1502.54,2,1,4,4,5,140.53,3,8,1,2,119.91,0.00,0.50,1.00,0,0.00,1,263.74,0,0,4,org.apache.solr.response.TextResponseWriter,0.00,3,1,1,0,3,1,0,1,61,2
"org.apache.solr.request.UnInvertedField",10,0.25,11.90,466,7.79,1304646.63,24,14,25,93,26,101.51,208,513,4,1,68.12,0.00,0.00,0.30,4,6.00,32,23357.66,0,5,23,java.lang.Object,0.00,83,0,119,0,83,5,0,135,3424,1
"org.apache.solr.request.UnInvertedField$NumberedTermEnum",12,0.20,2.33,82,1.04,66927.61,18,6,25,29,4,162.28,14,107,0,2,112.28,0.00,0.50,0.35,3,0.00,9,3132.62,0,2,4,org.apache.lucene.index.TermEnum,0.50,17,1,28,0,17,10,0,12,631,0
"org.apache.solr.request.UnInvertedField$TermIndex",6,0.05,1.17,25,0.25,4576.82,14,8,25,10,2,165.69,14,31,0,1,125.81,0.00,0.00,0.08,0,14.00,2,757.20,0,3,2,java.lang.Object,0.00,4,0,7,0,4,3,0,5,181,0
"org.apache.solr.request.UnInvertedField$TermIndex$NumberedTermEnum_0",4,0.67,1.75,19,0.24,6476.43,5,1,25,11,1,123.14,0,25,0,1,123.14,0.00,0.00,0.50,0,4.00,3,711.11,2,0,1,java.lang.Object,0.00,7,0,7,0,7,4,0,0,155,0
"org.apache.solr.request.UnInvertedField$TopTerm",1,1.00,1.00,5,0.04,492.64,3,2,25,3,1,144.34,3,9,0,1,123.72,0.00,0.00,0.50,0,0.00,1,134.97,0,0,1,java.lang.Object,0.00,2,0,1,0,2,1,0,3,37,1
"org.apache.solr.request.XMLResponseWriter",1,0.00,1.00,5,0.07,1106.08,2,1,2,4,2,141.57,3,8,1,2,120.96,0.00,0.50,1.00,0,0.00,1,207.99,0,0,1,org.apache.solr.response.XMLResponseWriter,0.00,3,1,1,0,3,1,0,1,51,1
"org.apache.solr.request.XSLTResponseWriter",1,0.00,1.00,5,0.07,1106.08,2,1,2,4,2,141.57,3,8,1,2,120.96,0.00,0.50,1.00,0,0.00,1,207.99,0,0,1,org.apache.solr.response.XSLTResponseWriter,0.00,3,1,1,0,3,1,0,1,51,1
"org.apache.solr.common.params.AnalysisParams",0,0.00,0.00,7,0.09,1895.90,6,6,0,0,5,171.00,25,8,5,1,171.00,0.00,0.00,0.00,0,0.00,0,276.48,0,0,0,,0.00,0,0,0,0,0,0,0,8,62,1
"org.apache.solr.common.params.AppendedSolrParams",3,0.00,1.67,16,0.21,13831.64,3,0,0,5,5,165.96,5,24,3,3,115.96,0.50,0.50,0.00,0,1.00,3,635.72,0,2,2,org.apache.solr.common.params.DefaultSolrParams,0.08,2,2,5,1,2,1,0,1,143,1
"org.apache.solr.common.params.CommonParams",0,0.00,0.00,23,0.38,6519.65,21,21,1,0,71,171.00,31,23,71,1,171.00,0.00,0.00,0.00,0,0.00,0,1128.40,0,0,0,,0.00,0,0,0,0,0,0,0,23,197,1
"org.apache.solr.common.params.CommonParams$EchoParamStyle",1,8.00,5.00,20,0.27,7162.03,9,8,1,4,0,141.74,1,29,0,1,91.74,0.00,0.00,0.00,0,1.00,5,795.10,0,1,0,java.lang.Object,0.00,3,0,5,0,3,0,0,1,151,1
"org.apache.solr.common.params.CoreAdminParams",0,0.00,0.00,13,0.18,3022.60,11,11,1,0,6,171.00,15,14,6,1,171.00,0.00,0.00,0.00,0,0.00,0,539.75,0,0,0,,0.00,0,0,0,0,0,0,0,12,107,1
"org.apache.solr.common.params.CoreAdminParams$CoreAdminAction",1,0.00,3.00,7,0.08,1436.76,1,0,1,3,0,114.36,0,24,0,1,114.36,0.00,0.00,0.00,0,1.00,3,238.57,0,1,0,java.lang.Object,0.00,2,0,3,0,2,0,0,0,55,1
"org.apache.solr.common.params.DefaultSolrParams",5,0.38,1.40,19,0.23,7097.38,7,2,2,10,20,128.30,3,29,18,2,128.30,2.00,0.25,0.80,0,0.00,2,690.62,0,4,2,org.apache.solr.common.params.SolrParams,0.06,5,1,7,2,5,1,0,1,169,1
"org.apache.solr.common.params.DisMaxParams",0,0.00,0.00,11,0.13,1707.05,10,10,0,0,4,171.00,23,12,4,1,171.00,0.00,0.00,0.00,0,0.00,0,403.82,0,0,0,,0.00,0,0,0,0,0,0,0,11,84,1
"org.apache.solr.common.params.EventParams",0,0.00,0.00,4,0.04,529.87,3,3,0,0,2,171.00,21,5,2,1,171.00,0.00,0.00,0.00,0,0.00,0,121.11,0,0,0,,0.00,0,0,0,0,0,0,0,3,31,1
"org.apache.solr.common.params.FacetParams",0,0.00,0.00,34,0.71,19243.03,32,32,3,0,14,171.00,174,34,13,1,171.00,0.00,0.00,0.00,0,0.00,0,2120.73,0,0,1,,0.00,0,0,0,0,0,0,0,31,346,1
"org.apache.solr.common.params.FacetParams$FacetRangeOther",2,0.00,1.50,8,0.08,1597.99,2,0,3,6,1,175.59,3,14,0,1,125.59,0.00,0.00,0.00,0,2.00,2,249.37,1,2,1,java.lang.Object,0.00,4,0,3,0,4,0,0,1,61,1
"org.apache.solr.common.params.FacetParams$FacetRangeOther$Deprecated",2,0.00,1.50,8,0.09,1664.71,2,0,3,6,1,75.45,19,13,0,1,125.45,0.00,0.00,0.00,0,2.00,2,262.76,1,1,1,java.lang.Object,0.00,4,0,3,0,4,1,0,1,64,1
"org.apache.solr.common.params.FacetParams$FacetRangeOther$Deprecated$FacetRangeInclude",3,0.00,2.33,16,0.24,9199.87,3,0,3,13,1,157.16,8,25,0,1,117.28,0.00,0.00,0.00,0,3.00,4,705.94,1,3,1,java.lang.Object,0.00,10,0,7,0,10,0,0,5,148,1
"org.apache.solr.common.params.HighlightParams",0,0.00,0.00,29,0.66,16307.36,28,28,0,0,19,171.00,6,30,19,1,171.00,0.00,0.00,0.00,0,0.00,0,1970.47,0,0,0,,0.00,0,0,0,0,0,0,0,3,326,1
"org.apache.solr.common.params.MapSolrParams",6,0.40,1.83,28,0.36,14529.48,7,1,4,16,25,121.75,4,38,24,2,121.75,0.00,0.50,0.67,0,0.00,5,1070.76,0,5,2,org.apache.solr.common.params.SolrParams,0.06,10,1,11,0,10,1,0,2,225,1
"org.apache.solr.common.params.ModifiableSolrParams",16,0.27,1.94,92,1.11,63842.45,17,1,6,35,44,156.30,35,129,43,2,116.42,1.00,0.33,0.75,3,0.00,6,3339.23,0,10,1,org.apache.solr.common.params.SolrParams,0.04,19,1,31,1,19,6,0,14,702,1
"org.apache.solr.common.params.ModifiableSolrParamsTest",8,0.14,1.12,60,0.72,19320.01,9,1,1,13,2,112.81,6,81,0,3,112.81,0.00,0.67,0.88,1,0.00,2,2165.81,0,0,2,org.apache.lucene.util.LuceneTestCase,0.30,5,2,9,0,5,8,0,1,471,1
"org.apache.solr.common.params.MoreLikeThisParams",0,0.00,0.00,17,0.30,7456.10,15,15,1,0,4,171.00,11,18,4,1,171.00,0.00,0.00,0.00,0,0.00,0,911.30,0,0,0,,0.00,0,0,0,0,0,0,0,9,169,1
"org.apache.solr.common.params.MoreLikeThisParams$TermStyle",1,0.00,4.00,10,0.09,1872.37,1,0,1,3,0,107.61,0,19,0,1,107.61,0.00,0.00,0.00,0,1.00,4,256.19,0,1,0,java.lang.Object,0.00,2,0,4,0,2,0,0,0,58,1
"org.apache.solr.common.params.MultiMapSolrParams",7,0.50,2.00,40,0.53,24837.10,8,1,4,20,15,116.81,4,52,14,2,116.81,1.00,0.33,0.57,0,3.00,6,1575.95,0,5,2,org.apache.solr.common.params.SolrParams,0.05,13,1,14,1,13,2,0,2,323,1
"org.apache.solr.common.params.QueryElevationParams",0,0.00,0.00,4,0.03,265.97,3,3,0,0,2,171.00,4,5,2,1,171.00,0.00,0.00,0.00,0,0.00,0,85.11,0,0,0,,0.00,0,0,0,0,0,0,0,1,23,1
"org.apache.solr.common.params.RequiredSolrParams",15,0.07,1.40,50,0.67,22734.46,16,1,2,26,3,178.08,21,90,2,2,128.08,0.00,0.50,0.93,0,0.00,3,2022.73,0,8,2,org.apache.solr.common.params.SolrParams,0.04,11,1,21,0,11,7,0,9,468,1
"org.apache.solr.common.params.ShardParams",0,0.00,0.00,7,0.08,1210.08,6,6,0,0,7,171.00,8,8,7,1,171.00,0.00,0.00,0.00,0,0.00,0,254.75,0,0,0,,0.00,0,0,0,0,0,0,0,6,58,1
"org.apache.solr.common.params.SolrParamTest",2,0.00,2.50,108,2.01,218398.40,2,0,7,28,5,28.93,24,120,0,3,66.49,0.00,0.67,0.00,0,2.00,3,6020.06,0,0,5,org.apache.lucene.util.LuceneTestCase,0.00,26,2,5,0,26,2,0,23,918,1
"org.apache.solr.common.params.SolrParamTest$Runnable",1,0.00,1.00,3,0.01,103.35,1,0,7,2,0,137.34,0,0,0,1,137.34,0.00,0.00,0.00,0,1.00,1,44.54,0,0,0,java.lang.Object,0.00,1,0,1,0,1,1,0,0,15,0
"org.apache.solr.common.params.SolrParamTest$Runnable_0",1,0.00,1.00,3,0.01,103.35,1,0,7,2,0,137.34,0,0,0,1,137.34,0.00,0.00,0.00,0,1.00,1,44.54,0,0,0,java.lang.Object,0.00,1,0,1,0,1,1,0,0,15,0
"org.apache.solr.common.params.SolrParamTest$Runnable_1",1,0.00,1.00,3,0.01,103.35,1,0,7,2,0,137.34,0,0,0,1,137.34,0.00,0.00,0.00,0,1.00,1,44.54,0,0,0,java.lang.Object,0.00,1,0,1,0,1,1,0,0,15,0
"org.apache.solr.common.params.SolrParamTest$Runnable_10",1,0.00,1.00,3,0.02,115.78,1,0,7,2,0,136.95,0,0,0,1,136.95,0.00,0.00,0.00,0,1.00,1,49.51,0,0,0,java.lang.Object,0.00,1,0,1,0,1,1,0,0,16,0
"org.apache.solr.common.params.SolrParamTest$Runnable_2",1,0.00,1.00,3,0.01,103.35,1,0,7,2,0,137.34,0,0,0,1,137.34,0.00,0.00,0.00,0,1.00,1,44.54,0,0,0,java.lang.Object,0.00,1,0,1,0,1,1,0,0,15,0
"org.apache.solr.common.params.SolrParamTest$Runnable_3",1,0.00,1.00,3,0.01,103.35,1,0,7,2,0,137.34,0,0,0,1,137.34,0.00,0.00,0.00,0,1.00,1,44.54,0,0,0,java.lang.Object,0.00,1,0,1,0,1,1,0,0,15,0
"org.apache.solr.common.params.SolrParamTest$Runnable_4",1,0.00,1.00,3,0.01,103.35,1,0,7,2,0,137.34,0,0,0,1,137.34,0.00,0.00,0.00,0,1.00,1,44.54,0,0,0,java.lang.Object,0.00,1,0,1,0,1,1,0,0,15,0
"org.apache.solr.common.params.SolrParamTest$Runnable_5",1,0.00,1.00,3,0.01,103.35,1,0,7,2,0,137.34,0,0,0,1,137.34,0.00,0.00,0.00,0,1.00,1,44.54,0,0,0,java.lang.Object,0.00,1,0,1,0,1,1,0,0,15,0
"org.apache.solr.common.params.SolrParamTest$Runnable_6",1,0.00,1.00,3,0.01,103.35,1,0,7,2,0,137.34,0,0,0,1,137.34,0.00,0.00,0.00,0,1.00,1,44.54,0,0,0,java.lang.Object,0.00,1,0,1,0,1,1,0,0,15,0
"org.apache.solr.common.params.SolrParamTest$Runnable_7",1,0.00,1.00,3,0.01,103.35,1,0,7,2,0,137.34,0,0,0,1,137.34,0.00,0.00,0.00,0,1.00,1,44.54,0,0,0,java.lang.Object,0.00,1,0,1,0,1,1,0,0,15,0
"org.apache.solr.common.params.SolrParamTest$Runnable_8",1,0.00,1.00,3,0.01,103.35,1,0,7,2,0,137.34,0,0,0,1,137.34,0.00,0.00,0.00,0,1.00,1,44.54,0,0,0,java.lang.Object,0.00,1,0,1,0,1,1,0,0,15,0
"org.apache.solr.common.params.SolrParamTest$Runnable_9",1,0.00,1.00,3,0.02,115.78,1,0,7,2,0,136.95,0,0,0,1,136.95,0.00,0.00,0.00,0,1.00,1,49.51,0,0,0,java.lang.Object,0.00,1,0,1,0,1,1,0,0,16,0
"org.apache.solr.common.params.SolrParams",30,0.00,2.27,134,1.94,67157.73,30,0,8,51,156,171.97,53,193,152,1,121.97,0.00,0.00,0.00,5,30.00,3,5834.73,0,20,7,java.lang.Object,0.00,21,0,68,9,21,10,1,33,1245,2
"org.apache.solr.common.params.SpellingParams",0,0.00,0.00,11,0.18,3996.89,10,10,0,0,3,171.00,48,12,3,1,171.00,0.00,0.00,0.00,0,0.00,0,549.57,0,0,0,,0.00,0,0,0,0,0,0,0,10,112,1
"org.apache.solr.common.params.StatsParams",0,0.00,0.00,4,0.05,840.00,3,3,0,0,6,171.00,3,5,6,1,171.00,0.00,0.00,0.00,0,0.00,0,140.00,0,0,0,,0.00,0,0,0,0,0,0,0,1,35,1
"org.apache.solr.common.params.TermVectorParams",0,0.00,0.00,10,0.16,3495.91,9,9,0,0,2,171.00,45,11,2,1,171.00,0.00,0.00,0.00,0,0.00,0,485.54,0,0,0,,0.00,0,0,0,0,0,0,0,10,101,1
"org.apache.solr.common.params.TermsParams",0,0.00,0.00,13,0.22,5274.68,11,11,1,0,5,171.00,32,13,5,1,171.00,0.00,0.00,0.00,0,0.00,0,651.20,0,0,0,,0.00,0,0,0,0,0,0,0,9,128,1
"org.apache.solr.common.params.TermsParams$TermsRegexpFlag",2,0.14,1.00,13,0.19,3980.79,9,7,1,2,0,83.77,13,24,0,1,115.99,0.00,0.00,0.07,0,2.00,1,576.30,0,0,0,java.lang.Object,0.00,0,0,2,0,0,2,0,4,131,2
"org.apache.solr.common.params.UpdateParams",0,0.00,0.00,10,0.13,1840.62,9,9,0,0,13,171.00,16,12,13,1,171.00,0.00,0.00,0.00,0,0.00,0,375.64,0,0,0,,0.00,0,0,0,0,0,0,0,9,79,1
"org.apache.lucene.analysis.cn.smart.hhmm.AbstractDictionary",6,3.00,2.00,62,0.76,35369.24,9,3,1,10,2,112.98,106,71,2,1,103.85,0.00,0.00,0.00,0,6.00,3,2288.28,0,1,1,java.lang.Object,0.00,4,0,12,2,4,5,0,46,466,1
"org.apache.lucene.analysis.cn.smart.hhmm.BiSegGraph",8,0.05,2.88,114,1.57,133553.00,11,3,6,37,7,76.88,46,132,1,1,94.75,0.00,0.00,0.38,4,4.00,8,4724.67,0,3,6,java.lang.Object,0.00,29,0,23,0,29,5,0,18,840,0
"org.apache.lucene.analysis.cn.smart.hhmm.BigramDictionary",11,0.09,3.45,130,1.65,123058.45,18,7,13,36,4,120.60,37,175,2,2,99.99,0.00,0.50,0.22,5,7.00,8,4962.30,2,1,2,org.apache.lucene.analysis.cn.smart.hhmm.AbstractDictionary,0.00,25,1,38,0,25,10,0,23,944,0
"org.apache.lucene.analysis.cn.smart.hhmm.HHMMSegmenter",3,1.00,7.33,104,1.64,355119.42,4,1,5,20,8,44.08,40,129,1,1,73.46,0.00,0.00,0.33,2,4.00,19,4907.86,0,1,7,java.lang.Object,0.00,17,0,22,0,17,2,0,22,802,1
"org.apache.lucene.analysis.cn.smart.hhmm.PathNode",3,0.50,3.33,21,0.28,9423.85,5,2,0,5,2,111.90,13,38,2,1,111.66,0.00,0.00,0.83,0,0.00,6,846.13,0,0,0,java.lang.Object,0.00,2,0,10,0,2,3,1,3,186,0
"org.apache.lucene.analysis.cn.smart.hhmm.SegGraph",7,0.00,2.29,55,0.61,24929.70,9,2,4,16,3,93.44,40,70,2,1,111.32,0.00,0.00,0.50,2,0.00,4,1817.37,0,4,1,java.lang.Object,0.00,9,0,16,0,9,3,0,8,380,0
"org.apache.lucene.analysis.cn.smart.hhmm.SegToken",3,0.75,4.33,39,0.44,18953.76,9,6,2,5,8,61.62,38,52,7,1,99.18,0.00,0.00,0.67,0,1.00,10,1315.25,0,0,1,java.lang.Object,0.00,2,0,13,0,2,3,0,11,280,1
"org.apache.lucene.analysis.cn.smart.hhmm.SegTokenFilter",1,0.00,10.00,20,0.28,28192.25,1,0,2,1,4,126.20,21,27,2,1,86.90,0.00,0.00,0.00,0,1.00,10,849.20,0,1,3,java.lang.Object,0.00,0,0,10,0,0,0,0,6,160,1
"org.apache.lucene.analysis.cn.smart.hhmm.SegTokenPair",3,0.62,3.67,34,0.41,17552.87,7,4,1,6,2,84.32,16,46,2,1,102.19,0.00,0.00,0.67,0,1.00,8,1216.27,0,0,0,java.lang.Object,0.00,3,0,11,0,3,3,0,5,254,0
"org.apache.lucene.analysis.cn.smart.hhmm.WordDictionary",19,0.16,3.74,255,3.44,315453.20,25,6,14,48,5,53.62,136,325,3,2,95.91,0.00,0.50,0.32,11,0.00,8,10319.29,2,1,3,org.apache.lucene.analysis.cn.smart.hhmm.AbstractDictionary,0.00,29,1,71,0,29,18,0,55,1978,0
"org.apache.solr.client.solrj.request.AbstractUpdateRequest",16,0.23,1.50,56,0.66,14625.24,18,2,7,25,10,129.79,9,81,4,2,129.79,2.00,0.25,0.28,2,30.00,4,1972.15,0,7,6,org.apache.solr.client.solrj.SolrRequest,0.08,9,1,24,2,9,9,0,4,459,2
"org.apache.solr.client.solrj.request.AbstractUpdateRequest$ACTION",0,0.00,0.00,2,0.01,23.26,0,0,7,0,0,171.00,0,4,0,1,171.00,0.00,0.00,0.00,0,0.00,0,15.51,0,0,0,java.lang.Object,0.00,0,0,0,0,0,0,0,0,6,1
"org.apache.solr.client.solrj.request.ContentStreamUpdateRequest",4,0.33,1.00,11,0.11,1370.60,5,1,13,7,10,107.59,25,17,1,3,139.81,0.00,0.67,0.75,1,0.00,1,319.73,0,1,9,org.apache.solr.client.solrj.request.AbstractUpdateRequest,0.10,3,2,4,0,3,3,0,4,83,1
"org.apache.solr.client.solrj.request.CoreAdminRequest",17,0.29,1.24,81,1.00,24220.22,20,3,13,46,15,173.66,19,124,7,2,123.66,3.00,0.20,0.06,0,32.00,3,3003.69,0,12,8,org.apache.solr.client.solrj.SolrRequest,0.15,29,1,21,3,29,5,0,15,656,1
"org.apache.solr.client.solrj.request.CoreAdminRequest$Create",10,0.06,1.50,40,0.37,12052.43,14,4,13,15,4,124.19,0,41,0,3,124.19,0.00,0.67,0.20,0,38.00,6,1119.43,0,5,4,org.apache.solr.client.solrj.request.CoreAdminRequest,0.08,5,2,15,0,5,5,0,0,253,2
"org.apache.solr.client.solrj.request.CoreAdminRequest$MergeIndexes",4,0.67,1.75,19,0.19,5652.51,5,1,13,8,4,123.61,0,27,0,3,123.61,0.00,0.67,0.50,0,2.00,4,560.69,0,2,4,org.apache.solr.client.solrj.request.CoreAdminRequest,0.10,4,2,7,0,4,2,0,0,125,2
"org.apache.solr.client.solrj.request.CoreAdminRequest$Persist",4,0.33,1.50,16,0.14,3445.05,5,1,13,8,4,125.34,0,24,0,3,125.34,0.00,0.67,0.75,0,0.00,3,419.59,0,2,4,org.apache.solr.client.solrj.request.CoreAdminRequest,0.10,4,2,6,0,4,2,0,0,100,2
"org.apache.solr.client.solrj.request.DirectXmlRequest",5,0.25,1.00,18,0.18,3524.21,7,2,9,11,9,180.77,6,30,2,2,130.77,0.00,0.50,0.30,0,10.00,1,546.15,0,3,7,org.apache.solr.client.solrj.SolrRequest,0.27,6,1,5,0,6,2,0,1,132,1
"org.apache.solr.client.solrj.request.DocumentAnalysisRequest",13,0.17,1.23,50,0.48,10392.77,16,3,14,31,12,98.07,85,68,3,2,130.30,0.00,0.50,0.18,1,59.00,3,1446.79,0,10,9,org.apache.solr.client.solrj.SolrRequest,0.17,18,1,16,0,18,3,0,16,338,1
"org.apache.solr.client.solrj.request.FieldAnalysisRequest",18,0.04,1.50,78,0.73,19639.93,23,5,12,34,11,92.30,113,108,3,2,124.53,0.00,0.50,0.17,1,102.00,4,2203.75,0,15,8,org.apache.solr.client.solrj.SolrRequest,0.14,16,1,27,0,16,3,0,21,501,1
"org.apache.solr.client.solrj.request.JavaBinUpdateRequestCodec",6,0.00,4.33,86,1.28,71763.53,6,0,11,47,11,96.03,28,102,3,1,95.80,0.00,0.00,0.00,2,6.00,7,3854.99,0,5,8,java.lang.Object,0.00,41,0,26,0,41,1,0,4,725,1
"org.apache.solr.client.solrj.request.JavaBinUpdateRequestCodec$JavaBinCodec",1,0.00,2.00,6,0.05,916.87,1,0,11,3,1,118.49,0,8,0,1,118.49,0.00,0.00,0.00,0,1.00,2,137.27,1,0,1,java.lang.Object,0.00,2,0,2,0,2,1,0,0,35,0
"org.apache.solr.client.solrj.request.JavaBinUpdateRequestCodec$JavaBinCodec_0",3,1.00,3.00,28,0.32,11261.91,4,1,11,12,2,146.89,6,31,0,1,107.00,0.00,0.00,0.33,1,4.00,4,968.28,1,3,2,java.lang.Object,0.00,9,0,9,0,9,0,0,6,195,0
"org.apache.solr.client.solrj.request.JavaBinUpdateRequestCodec$StreamingDocumentHandler",1,0.00,1.00,2,0.01,71.82,1,0,11,1,2,145.15,0,3,0,1,145.15,0.00,0.00,0.00,0,1.00,1,38.61,0,0,2,,0.00,0,0,1,0,0,1,0,0,14,2
"org.apache.solr.client.solrj.request.LukeRequest",11,0.13,1.36,39,0.40,10326.36,14,3,12,22,9,179.72,14,64,1,2,129.72,0.00,0.50,0.21,0,36.00,4,1211.19,0,3,8,org.apache.solr.client.solrj.SolrRequest,0.19,11,1,15,0,11,8,0,8,279,1
"org.apache.solr.client.solrj.request.QueryRequest",7,0.50,1.57,29,0.29,7863.60,8,1,8,14,14,174.42,10,51,9,2,124.42,0.00,0.50,0.57,0,3.00,3,863.09,1,4,6,org.apache.solr.client.solrj.SolrRequest,0.35,7,1,11,0,7,3,0,4,200,1
"org.apache.solr.client.solrj.request.RequestWriter",7,1.00,1.43,27,0.32,7754.03,8,1,9,23,8,179.15,8,40,3,1,129.15,0.00,0.00,0.14,2,12.00,3,974.67,0,4,5,java.lang.Object,0.00,16,0,10,1,16,3,0,1,227,1
"org.apache.solr.client.solrj.request.RequestWriter$LazyContentStream",9,0.38,1.22,25,0.18,2725.63,11,2,9,17,2,140.19,0,38,0,1,140.19,0.00,0.00,0.17,1,19.00,3,547.77,0,7,2,java.lang.Object,0.00,8,0,11,0,8,2,1,0,152,1
"org.apache.solr.client.solrj.request.SolrPing",4,0.67,1.00,15,0.15,2931.69,5,1,8,10,7,180.64,5,26,2,2,130.64,0.00,0.50,0.50,0,4.00,1,436.87,0,3,6,org.apache.solr.client.solrj.SolrRequest,0.29,6,1,4,0,6,1,0,1,105,1
"org.apache.solr.client.solrj.request.TestUpdateRequestCodec",3,0.00,2.67,91,1.49,82199.68,3,0,14,34,5,80.96,14,105,0,3,80.73,0.00,0.67,0.00,1,3.00,3,4462.66,0,0,5,org.apache.lucene.util.LuceneTestCase,0.00,31,2,8,0,31,3,0,8,728,1
"org.apache.solr.client.solrj.request.TestUpdateRequestCodec$Iterable<String>",1,0.00,1.00,3,0.02,300.08,1,0,14,2,0,133.69,0,2,0,1,133.69,0.00,0.00,0.00,0,1.00,1,69.84,0,1,0,java.lang.Object,0.00,1,0,1,0,1,0,0,0,21,0
"org.apache.solr.client.solrj.request.TestUpdateRequestCodec$JavaBinUpdateRequestCodec.StreamingDocumentHandler",1,0.00,1.00,4,0.04,335.76,1,0,14,4,2,128.65,0,5,0,1,128.65,0.00,0.00,0.00,0,1.00,1,109.28,0,0,2,java.lang.Object,0.00,3,0,1,0,3,1,0,0,30,0
"org.apache.solr.client.solrj.request.TestUpdateRequestCodec$JavaBinUpdateRequestCodec.StreamingDocumentHandler_0",1,0.00,1.00,4,0.04,335.76,1,0,14,4,2,128.65,0,5,0,1,128.65,0.00,0.00,0.00,0,1.00,1,109.28,0,0,2,java.lang.Object,0.00,3,0,1,0,3,1,0,0,30,0
"org.apache.solr.client.solrj.request.UpdateRequest",19,0.04,2.32,111,1.24,50378.89,23,4,17,37,29,157.66,43,161,19,3,117.77,0.00,0.67,0.21,3,136.00,14,3732.48,0,14,11,org.apache.solr.client.solrj.request.AbstractUpdateRequest,0.07,18,2,44,0,18,5,0,21,784,1
"org.apache.solr.client.solrj.request.UpdateRequest$ACTION",0,0.00,0.00,2,0.01,39.30,0,0,17,0,0,171.00,0,4,0,1,171.00,0.00,0.00,0.00,0,0.00,0,19.65,0,0,0,java.lang.Object,0.00,0,0,0,0,0,0,0,0,7,1
"org.apache.lucene.analysis.cjk.CJKAnalyzer",5,1.00,1.20,15,0.25,4049.56,6,1,9,9,8,87.97,37,33,1,4,130.26,0.00,0.75,0.00,0,8.00,2,743.57,0,2,7,org.apache.lucene.analysis.StopwordAnalyzerBase,0.00,4,3,6,0,4,3,0,12,159,2
"org.apache.lucene.analysis.cjk.CJKAnalyzer$DefaultSetHolder",0,0.00,0.00,2,0.05,1007.86,1,1,9,3,2,171.00,0,5,0,1,171.00,0.00,0.00,0.00,0,0.00,0,142.13,0,0,2,java.lang.Object,0.00,3,0,0,0,3,0,0,0,31,2
"org.apache.lucene.analysis.cjk.CJKTokenizer",7,0.15,4.43,121,1.38,127602.40,23,16,7,16,8,53.64,88,158,3,4,91.21,0.00,0.75,0.19,1,10.00,25,4140.04,2,0,5,org.apache.lucene.analysis.Tokenizer,0.50,9,3,31,0,9,7,0,46,724,2
"org.apache.lucene.analysis.cjk.TestCJKTokenizer",15,0.00,1.13,93,2.42,78642.40,15,0,3,17,4,112.65,13,207,0,4,112.65,0.00,0.75,0.00,3,43.00,2,7273.82,2,1,4,org.apache.lucene.analysis.BaseTokenStreamTestCase,0.00,2,3,17,0,2,14,0,4,1384,1
"org.apache.lucene.analysis.cjk.TestCJKTokenizer$TestToken",0,0.00,0.00,5,0.02,128.13,4,4,3,0,0,171.00,0,6,0,1,171.00,0.00,0.00,0.00,0,0.00,0,66.44,0,0,0,java.lang.Object,0.00,0,0,0,0,0,0,0,0,20,0
"org.apache.lucene.search.spell.Dictionary",1,0.00,1.00,2,0.01,54.30,1,0,1,1,6,101.98,11,3,6,1,146.11,0.00,0.00,0.00,0,1.00,1,29.65,0,1,0,,0.00,0,0,1,0,0,0,0,2,12,1
"org.apache.lucene.search.spell.JaroWinklerDistance",4,1.00,4.50,74,0.95,150753.20,5,1,1,9,6,127.68,10,75,5,1,87.79,0.00,0.00,0.25,1,6.00,13,2842.95,0,0,1,java.lang.Object,0.00,5,0,18,0,5,4,1,2,516,1
"org.apache.lucene.search.spell.LevensteinDistance",2,0.00,4.00,43,0.47,67213.86,2,0,0,7,8,133.54,54,43,7,1,85.71,0.00,0.00,0.00,0,2.00,7,1395.97,0,0,1,java.lang.Object,0.00,5,0,8,0,5,2,1,19,256,2
"org.apache.lucene.search.spell.LuceneDictionary",2,2.00,1.00,9,0.08,1195.91,4,2,6,4,7,108.80,10,12,2,1,126.68,0.00,0.00,0.00,0,2.00,1,245.37,0,1,5,java.lang.Object,0.00,2,0,2,0,2,1,1,1,63,1
"org.apache.lucene.search.spell.LuceneDictionary$LuceneIterator",4,0.33,2.75,30,0.24,6144.34,7,3,6,11,2,114.15,2,43,0,1,114.15,0.00,0.00,0.58,1,0.00,4,731.79,0,1,2,java.lang.Object,0.00,7,0,11,0,7,3,1,2,167,1
"org.apache.lucene.search.spell.NGramDistance",3,1.00,6.33,83,0.94,209721.28,4,1,0,9,5,97.17,54,82,4,1,79.03,0.00,0.00,0.33,0,4.00,17,2823.53,0,0,1,java.lang.Object,0.00,6,0,19,0,6,3,1,21,502,1
"org.apache.lucene.search.spell.PlainTextDictionary",4,0.11,1.00,13,0.11,1454.02,7,3,2,8,3,172.92,11,18,2,1,133.04,0.00,0.00,0.25,0,0.00,1,344.91,0,1,1,java.lang.Object,0.00,4,0,4,0,4,3,1,2,90,1
"org.apache.lucene.search.spell.PlainTextDictionary$fileIterator",3,0.00,2.00,14,0.11,2140.06,3,0,2,5,0,125.91,0,21,0,1,125.91,0.00,0.00,0.00,1,1.00,3,319.69,0,1,0,java.lang.Object,0.00,2,0,6,0,2,2,1,0,78,1
"org.apache.lucene.search.spell.SpellChecker",32,0.02,2.00,221,2.95,215782.37,45,13,21,80,31,61.66,293,280,9,1,111.66,0.00,0.00,0.06,13,422.00,16,8853.18,0,10,22,java.lang.Object,0.00,48,0,64,1,48,22,1,71,1673,1
"org.apache.lucene.search.spell.StringDistance",1,0.00,1.00,2,0.01,60.60,1,0,0,1,14,193.56,27,3,14,1,145.73,0.00,0.00,0.00,0,1.00,1,35.00,0,0,0,,0.00,0,0,1,0,0,1,0,3,13,1
"org.apache.lucene.search.spell.SuggestWord",0,0.00,0.00,4,0.02,179.25,3,3,1,0,8,171.00,32,5,8,1,171.00,0.00,0.00,0.00,0,0.00,0,71.70,0,0,0,java.lang.Object,0.00,0,0,0,0,0,0,0,5,20,2
"org.apache.lucene.search.spell.SuggestWordFrequencyComparator",1,0.00,5.00,11,0.10,4291.04,1,0,1,1,4,147.12,22,17,3,1,103.18,0.00,0.00,0.00,0,1.00,5,308.89,0,0,1,java.lang.Object,0.00,0,0,5,0,0,1,1,4,75,1
"org.apache.lucene.search.spell.SuggestWordQueue",3,0.00,1.00,12,0.13,2781.93,5,2,2,5,6,107.30,16,17,3,2,125.18,0.00,0.50,0.50,0,1.00,1,393.72,1,0,3,org.apache.lucene.util.PriorityQueue,0.00,2,1,3,0,2,3,0,3,95,2
"org.apache.lucene.search.spell.SuggestWordScoreComparator",1,0.00,5.00,11,0.10,4291.04,1,0,1,1,2,70.96,6,17,1,1,103.18,0.00,0.00,0.00,0,1.00,5,308.89,0,0,1,java.lang.Object,0.00,0,0,5,0,0,1,1,3,75,1
"org.apache.lucene.search.spell.TestJaroWinklerDistance",1,0.00,1.00,23,0.36,12643.14,2,1,1,4,3,87.90,0,25,0,3,87.90,0.00,0.67,1.00,0,0.00,1,1078.65,0,0,3,org.apache.lucene.util.LuceneTestCase,0.00,3,2,1,0,3,1,0,0,196,1
"org.apache.lucene.search.spell.TestLevenshteinDistance",2,0.00,1.00,26,0.34,8526.29,3,1,1,6,3,100.86,0,29,0,3,100.86,0.00,0.67,1.00,0,0.00,1,1033.78,0,0,3,org.apache.lucene.util.LuceneTestCase,0.00,4,2,2,0,4,2,0,0,199,1
"org.apache.lucene.search.spell.TestLuceneDictionary",8,0.54,1.88,117,1.62,62582.58,13,5,12,32,11,147.44,9,138,0,3,97.44,0.00,0.67,0.68,0,0.00,3,4849.12,2,0,11,org.apache.lucene.util.LuceneTestCase,0.30,24,2,15,0,24,8,0,5,921,1
"org.apache.lucene.search.spell.TestNGramDistance",4,0.00,1.00,100,1.48,51227.16,4,0,1,8,3,86.51,0,105,0,3,86.51,0.00,0.67,0.00,0,4.00,1,4432.45,0,0,3,org.apache.lucene.util.LuceneTestCase,0.00,4,2,4,0,4,4,0,0,766,1
"org.apache.lucene.search.spell.TestPlainTextDictionary",1,0.00,1.00,14,0.19,5355.06,1,0,4,11,4,99.12,4,16,0,3,98.88,0.00,0.67,0.00,0,1.00,1,581.70,1,0,4,org.apache.lucene.util.LuceneTestCase,0.00,10,2,1,0,10,1,0,1,111,1
"org.apache.lucene.search.spell.TestSpellChecker",14,0.18,2.21,230,3.15,140275.48,19,5,21,67,19,115.01,46,256,1,3,94.40,0.00,0.67,0.37,8,0.00,6,9438.83,2,0,18,org.apache.lucene.util.LuceneTestCase,0.23,53,2,31,0,53,14,0,41,1712,1
"org.apache.lucene.search.spell.TestSpellChecker$SpellCheckWorker",2,0.33,2.50,17,0.12,2221.28,5,3,21,4,2,113.12,0,26,0,1,113.12,0.00,0.00,0.50,0,2.00,4,355.64,0,0,2,java.lang.Object,0.00,2,0,5,0,2,2,1,0,86,1
"org.apache.lucene.search.spell.TestSpellChecker$SpellCheckerMock",4,0.00,1.00,11,0.11,1556.15,4,0,21,5,5,139.38,0,18,0,2,139.38,0.00,0.50,0.00,0,4.00,1,333.71,1,1,5,org.apache.lucene.search.spell.SpellChecker,0.00,1,1,4,0,1,3,0,0,86,0
"org.apache.lucene.xmlparser.builders.BooleanFilterBuilder",2,1.00,2.00,19,0.23,6781.43,3,1,10,12,9,57.45,19,24,1,1,107.45,0.00,0.00,0.50,0,2.00,3,682.32,0,1,8,java.lang.Object,0.00,10,0,4,0,10,1,1,2,133,1
"org.apache.lucene.xmlparser.builders.BooleanQueryBuilder",3,1.00,3.00,36,0.48,19008.86,4,1,9,19,8,58.26,22,57,2,1,100.55,0.00,0.00,0.33,1,4.00,5,1440.13,0,2,6,java.lang.Object,0.00,16,0,9,0,16,1,1,3,272,1
"org.apache.lucene.xmlparser.builders.BoostingQueryBuilder",2,0.00,1.00,16,0.20,5679.90,4,2,6,8,6,60.12,19,22,1,1,110.12,0.00,0.00,0.50,0,2.00,1,602.17,0,1,5,java.lang.Object,0.00,6,0,2,0,6,1,1,2,128,1
"org.apache.lucene.xmlparser.builders.BoostingTermBuilder",1,0.00,1.00,7,0.10,1996.32,1,0,7,8,8,139.77,19,11,1,2,113.49,0.00,0.50,0.00,0,1.00,1,297.27,0,1,7,org.apache.lucene.xmlparser.builders.SpanBuilderBase,0.00,7,1,1,0,7,0,0,2,64,1
"org.apache.lucene.xmlparser.builders.CachedFilterBuilder",2,0.50,3.00,33,0.38,17075.21,6,4,12,12,11,113.01,36,50,1,1,94.87,0.00,0.00,0.50,0,2.00,5,1148.27,0,1,10,java.lang.Object,0.00,10,0,6,0,10,1,1,6,223,1
"org.apache.lucene.xmlparser.builders.CachedFilterBuilder$LRUCache",2,1.00,1.00,7,0.09,1488.55,3,1,12,3,0,130.59,0,14,0,2,130.59,0.00,0.50,0.50,0,2.00,1,277.71,0,0,0,java.util.LinkedHashMap,0.00,1,1,2,0,1,2,0,0,67,1
"org.apache.lucene.xmlparser.builders.ConstantScoreQueryBuilder",2,1.00,1.00,9,0.10,1699.58,3,1,7,7,7,75.48,19,15,1,1,125.47,0.00,0.00,0.50,0,2.00,1,285.38,0,1,6,java.lang.Object,0.00,5,0,2,0,5,1,1,2,68,1
"org.apache.lucene.xmlparser.builders.DuplicateFilterBuilder",1,0.00,5.00,19,0.25,10414.72,1,0,6,8,6,117.57,19,35,1,1,91.29,0.00,0.00,0.00,0,1.00,5,764.33,0,1,5,java.lang.Object,0.00,7,0,5,0,7,0,1,2,144,1
"org.apache.lucene.xmlparser.builders.FilteredQueryBuilder",2,0.00,1.00,16,0.19,4543.37,4,2,8,9,8,66.75,22,20,1,1,110.88,0.00,0.00,0.50,0,2.00,1,565.91,0,1,7,java.lang.Object,0.00,7,0,2,0,7,1,1,3,123,1
"org.apache.lucene.xmlparser.builders.FuzzyLikeThisQueryBuilder",2,0.60,1.50,25,0.34,10122.75,7,5,8,11,7,51.48,19,30,1,1,101.48,0.00,0.00,0.50,0,2.00,2,1027.14,0,1,6,java.lang.Object,0.00,9,0,3,0,9,1,1,2,191,1
"org.apache.lucene.xmlparser.builders.LikeThisQueryBuilder",2,0.60,4.50,43,0.72,56347.45,7,5,13,24,9,66.15,28,57,1,1,86.29,0.00,0.00,0.50,0,2.00,8,2170.39,0,1,8,java.lang.Object,0.00,22,0,9,0,22,1,1,9,354,1
"org.apache.lucene.xmlparser.builders.MatchAllDocsQueryBuilder",1,0.00,1.00,3,0.02,212.34,1,0,5,2,5,161.16,19,7,1,1,134.88,0.00,0.00,0.00,0,1.00,1,67.32,0,1,4,java.lang.Object,0.00,1,0,1,0,1,0,1,2,20,1
"org.apache.lucene.xmlparser.builders.NumericRangeFilterBuilder",2,0.00,4.00,30,0.54,26448.65,4,2,10,16,10,88.59,74,47,2,1,94.36,0.00,0.00,0.50,0,2.00,7,1613.98,0,1,8,java.lang.Object,0.00,14,0,8,0,14,1,1,2,282,1
"org.apache.lucene.xmlparser.builders.NumericRangeFilterBuilder$NoMatchFilter",1,1.00,1.00,4,0.04,450.47,2,1,10,1,3,127.64,0,7,0,2,127.64,0.00,0.50,0.00,0,1.00,1,112.62,0,1,3,org.apache.lucene.search.Filter,0.00,0,1,1,0,0,0,0,0,30,1
"org.apache.lucene.xmlparser.builders.NumericRangeQueryBuilder",1,0.00,6.00,23,0.47,24992.14,1,0,7,14,8,64.90,60,38,2,1,85.16,0.00,0.00,0.00,0,1.00,6,1402.24,0,1,6,java.lang.Object,0.00,13,0,6,0,13,0,1,1,238,1
"org.apache.lucene.xmlparser.builders.RangeFilterBuilder",1,0.00,1.00,8,0.12,2897.81,1,0,6,5,6,136.33,19,10,1,1,110.05,0.00,0.00,0.00,0,1.00,1,357.35,0,1,5,java.lang.Object,0.00,4,0,1,0,4,0,1,2,75,1
"org.apache.lucene.xmlparser.builders.SpanBuilderBase",1,0.00,1.00,3,0.02,224.79,1,0,3,2,10,160.97,19,7,7,1,134.68,0.00,0.00,0.00,0,1.00,1,69.84,0,1,3,java.lang.Object,0.00,1,0,1,7,1,0,1,2,21,2
"org.apache.lucene.xmlparser.builders.SpanFirstBuilder",2,1.00,1.00,12,0.13,2677.03,3,1,5,7,7,67.35,19,18,1,2,117.35,0.00,0.50,0.50,0,2.00,1,387.96,0,1,6,org.apache.lucene.xmlparser.builders.SpanBuilderBase,0.00,5,1,2,0,5,1,0,2,88,1
"org.apache.lucene.xmlparser.builders.SpanNearBuilder",2,1.00,2.00,18,0.26,10152.78,3,1,7,12,7,56.07,19,25,1,2,106.06,0.00,0.50,0.50,0,2.00,3,783.79,0,1,6,org.apache.lucene.xmlparser.builders.SpanBuilderBase,0.00,10,1,4,0,10,1,0,2,148,1
"org.apache.lucene.xmlparser.builders.SpanNotBuilder",2,1.00,1.00,15,0.17,4696.08,3,1,5,8,7,68.80,22,21,1,2,112.93,0.00,0.50,0.50,0,2.00,1,513.66,0,1,6,org.apache.lucene.xmlparser.builders.SpanBuilderBase,0.00,6,1,2,0,6,1,0,3,113,1
"org.apache.lucene.xmlparser.builders.SpanOrBuilder",2,1.00,2.00,18,0.23,9324.77,3,1,7,11,7,56.36,19,25,1,2,106.36,0.00,0.50,0.50,0,2.00,3,683.65,0,1,6,org.apache.lucene.xmlparser.builders.SpanBuilderBase,0.00,9,1,4,0,9,1,0,2,136,1
"org.apache.lucene.xmlparser.builders.SpanOrTermsBuilder",2,1.00,2.00,19,0.30,12831.47,3,1,13,18,11,61.14,22,31,1,2,105.26,0.00,0.50,0.50,0,2.00,3,909.20,0,1,10,org.apache.lucene.xmlparser.builders.SpanBuilderBase,0.00,16,1,4,0,16,1,0,3,167,1
"org.apache.lucene.xmlparser.builders.SpanQueryBuilder",1,0.00,1.00,2,0.01,88.08,1,0,4,1,9,144.46,0,3,6,2,144.46,0.00,0.50,0.00,0,1.00,1,44.04,0,1,3,,0.00,0,1,1,0,0,0,0,0,15,1
"org.apache.lucene.xmlparser.builders.SpanQueryBuilderFactory",3,0.50,1.33,11,0.14,3433.29,4,1,5,9,5,96.83,19,19,1,1,129.05,0.00,0.00,0.67,1,1.00,2,408.23,0,2,4,java.lang.Object,0.00,6,0,4,0,6,1,1,2,98,1
"org.apache.lucene.xmlparser.builders.SpanTermBuilder",1,0.00,1.00,7,0.09,1909.68,1,0,6,7,7,139.92,19,11,1,2,113.64,0.00,0.50,0.00,0,1.00,1,279.91,0,1,6,org.apache.lucene.xmlparser.builders.SpanBuilderBase,0.00,6,1,1,0,6,0,0,2,61,1
"org.apache.lucene.xmlparser.builders.TermQueryBuilder",1,0.00,1.00,7,0.09,1909.68,1,0,7,7,7,139.92,19,9,1,1,113.64,0.00,0.00,0.00,0,1.00,1,279.91,0,1,6,java.lang.Object,0.00,6,0,1,0,6,0,1,2,61,1
"org.apache.lucene.xmlparser.builders.TermsFilterBuilder",2,1.00,2.50,20,0.26,11289.11,3,1,12,13,10,83.80,28,36,1,1,103.94,0.00,0.00,0.50,0,2.00,4,783.79,0,1,9,java.lang.Object,0.00,11,0,5,0,11,1,1,5,148,1
"org.apache.lucene.xmlparser.builders.TermsQueryBuilder",2,1.00,2.50,22,0.36,16146.08,3,1,14,18,12,52.70,20,36,1,1,101.18,0.00,0.00,0.50,0,2.00,4,1076.73,0,1,11,java.lang.Object,0.00,16,0,5,0,16,1,1,3,190,1
"org.apache.lucene.xmlparser.builders.TestNumericRangeFilterBuilder",7,0.00,2.29,128,2.02,95190.33,7,0,18,55,9,91.44,0,157,0,3,91.44,0.00,0.67,0.00,1,12.00,3,6066.67,1,1,9,org.apache.lucene.util.LuceneTestCase,0.00,48,2,16,0,48,6,0,0,1082,1
"org.apache.lucene.xmlparser.builders.TestNumericRangeQueryBuilder",6,0.00,2.50,105,1.73,88133.51,6,0,12,44,5,92.08,0,123,0,3,92.08,0.00,0.67,0.00,1,6.00,3,5181.01,0,1,5,org.apache.lucene.util.LuceneTestCase,0.00,38,2,15,0,38,5,0,0,931,1
"org.apache.lucene.xmlparser.builders.UserInputQueryBuilder",4,0.11,1.50,25,0.27,9097.81,7,3,9,11,9,65.45,37,39,1,1,115.45,0.00,0.00,0.25,1,6.00,3,815.45,0,2,8,java.lang.Object,0.00,7,0,6,0,7,2,1,7,173,1
"org.apache.lucene.queryParser.standard.nodes.BooleanModifierNode",1,1.00,1.00,4,0.04,427.71,2,1,3,1,3,85.53,7,6,1,3,127.82,0.00,0.67,0.00,0,1.00,1,105.70,0,0,3,org.apache.lucene.queryParser.core.nodes.ModifierQueryNode,0.00,0,2,1,0,0,1,0,1,29,1
"org.apache.lucene.queryParser.standard.nodes.MultiPhraseQueryNode",6,1.00,2.33,40,0.44,14419.47,7,1,7,17,10,115.16,5,54,4,2,115.16,0.00,0.50,0.00,0,6.00,4,1331.14,4,4,6,org.apache.lucene.queryParser.core.nodes.QueryNodeImpl,0.16,11,1,14,0,11,2,1,2,286,1
"org.apache.lucene.queryParser.standard.nodes.PrefixWildcardQueryNode",4,1.00,1.00,11,0.13,2043.26,5,1,1,8,6,90.34,33,20,4,4,138.44,0.00,0.75,0.00,0,4.00,1,401.61,1,2,2,org.apache.lucene.queryParser.standard.nodes.WildcardQueryNode,0.17,4,3,4,0,4,2,0,4,105,1
"org.apache.lucene.queryParser.standard.nodes.RangeQueryNode",3,2.00,1.00,14,0.14,2933.36,5,2,5,7,8,107.12,15,19,5,3,124.99,0.00,0.67,0.00,0,3.00,1,433.98,2,2,4,org.apache.lucene.queryParser.core.nodes.ParametricRangeQueryNode,0.10,4,2,3,0,4,1,0,3,105,1
"org.apache.lucene.queryParser.standard.nodes.StandardBooleanQueryNode",2,2.00,1.00,8,0.07,921.66,4,2,5,2,7,109.69,11,11,3,3,127.57,0.00,0.67,0.00,0,2.00,1,197.22,0,0,4,org.apache.lucene.queryParser.core.nodes.BooleanQueryNode,0.00,0,2,2,0,0,2,0,2,51,1
"org.apache.lucene.queryParser.standard.nodes.WildcardQueryNode",5,1.00,1.20,16,0.19,3287.97,6,1,2,9,10,151.58,15,27,8,3,130.97,0.50,0.50,0.00,0,5.00,2,557.20,3,3,2,org.apache.lucene.queryParser.core.nodes.FieldQueryNode,0.14,4,2,6,1,4,2,0,3,141,1
"org.apache.solr.client.solrj.embedded.EmbeddedSolrServer",4,0.33,5.00,58,0.91,59114.31,7,3,17,33,22,52.75,31,92,6,2,95.04,0.00,0.50,0.58,1,0.00,12,2729.24,0,2,16,org.apache.solr.client.solrj.SolrServer,0.00,29,1,20,0,29,2,0,8,476,1
"org.apache.solr.client.solrj.embedded.JettySolrRunner",9,0.08,2.00,55,0.60,13868.69,12,3,15,33,12,116.95,42,85,11,1,116.71,0.00,0.00,0.26,4,16.00,3,1786.93,0,0,1,java.lang.Object,0.00,24,0,18,0,24,9,0,28,380,1
"org.apache.solr.client.solrj.embedded.JettySolrRunner$NoLog",11,0.40,1.18,21,0.22,4272.49,13,2,15,14,0,150.57,0,38,0,1,150.57,0.00,0.00,0.14,0,34.00,2,666.91,0,2,0,java.lang.Object,0.00,3,0,13,0,3,9,1,0,178,0
"org.apache.solr.client.solrj.embedded.JettySolrRunner$Servlet404",1,0.00,1.00,3,0.04,610.98,1,0,15,3,0,131.26,0,8,0,2,131.26,0.00,0.50,0.00,0,1.00,1,132.02,0,0,0,javax.servlet.http.HttpServlet,0.00,2,1,1,0,2,1,0,0,33,2
"org.apache.solr.client.solrj.embedded.JettyWebappTest",3,0.50,1.33,37,0.53,17223.51,6,3,11,27,2,83.20,15,49,0,3,101.08,0.00,0.67,0.67,0,0.00,2,1602.18,0,0,2,org.apache.lucene.util.LuceneTestCase,0.40,24,2,4,0,24,3,0,12,308,1
"org.apache.solr.client.solrj.embedded.LargeVolumeBinaryJettyTest",1,0.00,1.00,3,0.03,322.28,1,0,5,1,4,133.69,4,6,0,5,133.45,0.00,0.80,0.00,0,0.00,1,80.23,1,0,4,org.apache.solr.client.solrj.LargeVolumeTestBase,0.00,0,4,1,0,0,1,0,1,23,1
"org.apache.solr.client.solrj.embedded.LargeVolumeEmbeddedTest",1,0.00,1.00,3,0.03,292.54,1,0,3,1,2,133.78,0,6,0,5,133.78,0.00,0.80,0.00,0,0.00,1,81.93,1,0,2,org.apache.solr.client.solrj.LargeVolumeTestBase,0.00,0,4,1,0,0,1,0,0,23,1
"org.apache.solr.client.solrj.embedded.LargeVolumeJettyTest",1,0.00,1.00,3,0.03,322.28,1,0,4,1,3,133.45,0,6,0,5,133.45,0.00,0.80,0.00,0,0.00,1,80.23,1,0,3,org.apache.solr.client.solrj.LargeVolumeTestBase,0.00,0,4,1,0,0,1,0,0,23,1
"org.apache.solr.client.solrj.embedded.MergeIndexesEmbeddedTest",6,0.00,1.00,19,0.19,3168.48,6,0,4,12,4,181.76,6,32,0,6,131.76,0.00,0.83,0.00,0,0.00,1,567.02,2,5,4,org.apache.solr.client.solrj.MergeIndexesExampleTestBase,0.47,6,5,6,0,6,1,0,1,142,1
"org.apache.solr.client.solrj.embedded.MultiCoreEmbeddedTest",5,0.00,1.00,14,0.14,2352.88,5,0,3,8,3,188.72,6,29,0,6,138.72,0.00,0.83,0.00,0,0.00,1,426.84,2,4,3,org.apache.solr.client.solrj.MultiCoreExampleTestBase,0.39,3,5,5,0,3,1,0,1,109,1
"org.apache.solr.client.solrj.embedded.MultiCoreExampleJettyTest",7,0.06,1.14,30,0.29,5635.57,10,3,3,18,4,175.63,11,52,0,6,125.63,0.00,0.83,0.29,1,14.00,2,882.29,2,5,4,org.apache.solr.client.solrj.MultiCoreExampleTestBase,0.47,11,5,8,0,11,2,0,4,206,1
"org.apache.solr.client.solrj.embedded.SolrExampleEmbeddedTest",1,0.00,1.00,3,0.03,292.54,1,0,3,1,2,101.56,6,6,0,5,133.78,0.00,0.80,0.00,0,0.00,1,81.93,1,0,2,org.apache.solr.client.solrj.SolrExampleTests,0.00,0,4,1,0,0,1,0,1,23,1
"org.apache.solr.client.solrj.embedded.SolrExampleJettyTest",2,0.00,1.50,8,0.09,1602.99,2,0,8,5,5,125.82,8,17,0,5,125.58,0.00,0.80,0.00,0,2.00,2,261.35,1,0,5,org.apache.solr.client.solrj.SolrExampleTests,0.00,3,4,3,0,3,2,0,3,62,1
"org.apache.solr.client.solrj.embedded.SolrExampleStreamingTest",2,0.00,1.50,12,0.12,2902.01,2,0,5,7,4,117.22,8,21,0,5,116.98,0.00,0.80,0.00,0,2.00,2,350.11,1,1,4,org.apache.solr.client.solrj.SolrExampleTests,0.09,5,4,3,0,5,1,0,4,78,1
"org.apache.solr.client.solrj.embedded.SolrExampleStreamingTest$StreamingUpdateSolrServer",1,0.00,1.00,2,0.02,105.56,1,0,5,1,0,193.84,1,4,0,1,143.84,0.00,0.00,0.00,0,1.00,1,51.35,0,0,0,java.lang.Object,0.00,0,0,1,0,0,1,0,1,17,0
"org.apache.solr.client.solrj.embedded.TestSolrProperties",9,0.06,1.56,78,1.25,53413.76,11,2,21,50,12,157.50,12,100,0,3,107.50,0.00,0.67,0.44,4,0.00,4,3738.73,2,6,12,org.apache.lucene.util.LuceneTestCase,0.29,41,2,14,0,41,3,0,9,658,1
"org.apache.lucene.analysis.position.PositionFilter",4,0.00,1.50,21,0.17,3243.56,7,3,4,6,5,104.05,20,30,2,4,121.93,0.00,0.75,0.33,0,4.00,3,513.65,1,0,3,org.apache.lucene.analysis.TokenFilter,0.50,2,3,6,0,2,4,0,5,124,2
"org.apache.lucene.analysis.position.PositionFilterTest",4,0.28,1.00,20,0.46,14984.26,10,6,5,8,5,166.79,5,73,0,4,116.79,0.00,0.75,0.38,0,0.00,1,1370.40,1,0,5,org.apache.lucene.analysis.BaseTokenStreamTestCase,0.00,4,3,4,0,4,4,0,2,273,1
"org.apache.lucene.analysis.position.PositionFilterTest$TestTokenStream",3,0.17,1.33,16,0.14,2974.83,6,3,5,6,2,121.27,0,23,0,3,121.27,0.00,0.67,0.44,0,1.00,2,434.74,0,0,2,org.apache.lucene.analysis.TokenStream,0.55,3,2,4,0,3,3,0,0,101,1
"org.apache.lucene.store.db.Block",6,0.30,1.33,34,0.62,21891.03,8,2,3,16,4,116.81,0,55,2,1,116.81,0.00,0.00,0.75,1,0.00,2,1854.86,0,0,3,java.lang.Object,0.00,10,1,8,0,10,6,0,0,374,1
"org.apache.lucene.store.db.DbDirectory",16,0.16,1.62,75,1.09,47477.13,21,5,23,49,11,160.97,36,142,5,2,121.09,0.00,0.50,0.05,2,44.00,5,3263.15,0,4,9,org.apache.lucene.store.Directory,0.11,33,1,26,0,33,12,0,5,678,1
"org.apache.lucene.store.db.DbIndexInput",8,0.34,2.12,55,0.73,35123.28,13,5,2,19,6,113.12,0,102,2,2,113.12,0.00,0.50,0.50,0,0.00,4,2195.66,1,1,5,org.apache.lucene.store.IndexInput,0.52,11,1,17,0,11,7,0,0,446,1
"org.apache.lucene.store.db.DbIndexOutput",8,0.36,2.00,58,0.74,29896.40,16,8,2,21,5,111.18,4,102,3,2,111.18,0.00,0.50,0.44,2,0.00,4,2219.50,0,0,4,org.apache.lucene.store.IndexOutput,0.54,13,1,16,0,13,8,0,1,455,1
"org.apache.lucene.store.db.DbLock",4,0.33,1.00,9,0.06,681.51,5,1,1,4,2,192.20,6,21,1,2,142.20,0.00,0.50,0.75,0,0.00,1,179.54,0,0,1,org.apache.lucene.store.Lock,0.75,0,1,4,0,0,4,0,1,54,1
"org.apache.lucene.store.db.DbStoreTest",4,0.75,13.25,249,3.67,524226.44,8,4,16,50,6,113.25,5,302,0,3,63.25,0.00,0.67,0.81,0,0.00,22,11007.69,3,0,6,org.apache.lucene.util.LuceneTestCase,0.38,46,2,53,0,46,4,0,1,1715,1
"org.apache.lucene.store.db.File",11,0.11,2.64,116,1.81,99518.35,18,7,12,42,6,102.32,1,184,6,1,102.32,0.00,0.00,0.25,2,34.00,8,5438.17,0,1,1,java.lang.Object,0.00,31,1,29,0,31,10,0,1,974,1
"org.apache.lucene.store.db.SanityLoadLibrary",1,0.00,1.00,5,0.05,848.14,1,0,2,3,0,79.57,7,7,0,1,121.87,0.00,0.00,0.00,0,1.00,1,141.78,0,0,0,java.lang.Object,0.00,2,0,1,0,2,1,0,1,34,1
"org.apache.lucene.search.similar.MoreLikeThis",45,0.00,1.93,309,4.17,210985.03,70,25,34,107,25,64.44,485,390,5,1,112.91,0.00,0.00,0.04,6,947.00,9,12507.66,0,16,20,java.lang.Object,0.00,62,0,87,0,62,29,0,98,2321,2
"org.apache.lucene.search.similar.MoreLikeThis$FreqQ",2,0.00,1.00,7,0.09,2102.12,2,0,34,3,1,129.41,0,11,0,2,129.41,0.00,0.50,0.00,0,2.00,1,255.65,1,0,1,org.apache.lucene.util.PriorityQueue,0.00,1,1,2,0,1,2,0,0,64,2
"org.apache.lucene.search.similar.MoreLikeThis$Int",1,0.00,1.00,4,0.02,114.30,2,1,34,1,0,132.34,0,6,0,1,132.34,0.00,0.00,1.00,0,0.00,1,49.65,0,0,0,java.lang.Object,0.00,0,0,1,0,0,1,0,0,17,2
"org.apache.lucene.search.similar.MoreLikeThisQuery",19,0.01,1.11,60,0.54,11497.41,27,8,9,31,7,131.27,12,102,1,2,131.27,0.00,0.50,0.11,0,149.00,2,1615.72,0,6,6,org.apache.lucene.search.Query,0.00,12,1,21,0,12,13,0,4,380,1
"org.apache.lucene.search.similar.SimilarityQueries",2,0.00,3.50,16,0.28,16237.89,2,0,13,13,9,155.52,48,33,0,1,106.24,0.00,0.00,0.00,0,2.00,6,828.01,0,1,9,java.lang.Object,0.00,11,0,7,0,11,1,0,8,147,2
"org.apache.lucene.search.similar.TestMoreLikeThis",5,0.25,1.40,66,1.02,35275.99,8,3,17,42,12,99.06,3,75,0,3,99.06,0.00,0.67,0.53,2,0.00,2,3058.05,3,1,12,org.apache.lucene.util.LuceneTestCase,0.35,37,2,7,0,37,4,0,3,547,1
"org.apache.lucene.misc.GetTermInfo",3,0.00,1.33,20,0.25,6728.40,3,0,5,14,5,165.52,3,28,0,1,115.52,0.00,0.00,0.00,2,3.00,2,760.66,0,0,5,java.lang.Object,0.00,11,0,4,0,11,3,0,1,157,1
"org.apache.lucene.misc.HighFreqTerms",5,0.50,4.00,81,1.13,78870.36,7,2,9,30,11,60.49,34,97,2,1,92.71,0.00,0.00,0.10,3,8.00,9,3378.50,0,0,9,java.lang.Object,0.00,25,0,20,0,25,5,0,9,606,1
"org.apache.lucene.misc.IndexMergeTool",1,0.00,3.00,19,0.31,13493.34,1,0,9,13,6,90.76,4,22,0,1,90.52,0.00,0.00,0.00,0,1.00,3,918.74,0,0,6,java.lang.Object,0.00,12,0,3,0,12,1,0,1,163,1
"org.apache.lucene.misc.SweetSpotSimilarity",10,0.11,1.90,65,1.06,39840.53,23,13,4,27,3,69.35,110,108,1,3,113.47,0.00,0.67,0.18,1,50.00,4,3175.00,0,0,2,org.apache.lucene.search.DefaultSimilarity,0.08,17,2,19,0,17,10,0,10,644,1
"org.apache.lucene.misc.SweetSpotSimilarityTest",3,0.00,6.33,107,1.45,119120.78,3,0,3,13,4,77.00,12,106,0,3,76.76,0.00,0.67,0.00,0,3.00,11,4356.96,0,0,4,org.apache.lucene.util.LuceneTestCase,0.00,10,2,19,0,10,3,0,10,774,1
"org.apache.lucene.misc.SweetSpotSimilarityTest$SweetSpotSimilarity",1,0.00,1.00,3,0.02,227.10,1,0,3,2,0,134.65,0,5,0,1,134.65,0.00,0.00,0.00,0,1.00,1,61.77,0,0,0,java.lang.Object,0.00,1,0,1,0,1,1,0,0,19,0
"org.apache.lucene.misc.TermInfoWiTFQueue",2,0.00,1.00,5,0.05,705.06,2,0,9,2,8,139.71,0,10,1,2,139.71,0.00,0.50,0.00,0,2.00,1,139.01,1,0,7,org.apache.lucene.util.PriorityQueue,0.00,0,1,2,0,0,2,0,0,40,1
"org.apache.lucene.misc.TermStats",2,3.00,1.00,11,0.09,983.81,5,3,9,2,10,123.73,0,14,4,1,123.73,0.00,0.00,0.00,0,2.00,1,258.71,0,0,6,java.lang.Object,0.00,0,0,2,0,0,2,0,0,67,1
"org.apache.lucene.misc.TestHighFreqTerms",17,0.02,2.06,183,2.32,116147.82,20,3,10,38,11,153.34,24,190,0,3,103.34,0.00,0.67,0.31,3,0.00,7,6973.67,3,1,11,org.apache.lucene.util.LuceneTestCase,0.21,21,2,35,0,21,16,0,18,1324,1
"org.apache.lucene.misc.TestLengthNormModifier",6,0.00,2.00,79,1.00,49260.43,8,2,19,31,17,148.46,11,90,0,3,98.46,0.00,0.67,0.50,0,0.00,3,3005.62,3,0,17,org.apache.lucene.util.LuceneTestCase,0.33,25,2,12,0,25,6,0,9,568,1
"org.apache.lucene.misc.TestLengthNormModifier$Collector",4,0.33,1.00,11,0.11,1745.14,6,2,19,5,2,138.98,0,19,0,1,138.98,0.00,0.00,0.25,0,6.00,1,339.96,0,0,2,java.lang.Object,0.00,1,0,4,0,1,4,0,0,87,0
"org.apache.lucene.misc.TestLengthNormModifier$Collector_1",4,0.33,1.00,11,0.11,1745.14,6,2,19,5,2,138.98,0,19,0,1,138.98,0.00,0.00,0.25,0,6.00,1,339.96,0,0,2,java.lang.Object,0.00,1,0,4,0,1,4,0,0,87,0
"org.apache.lucene.misc.TestLengthNormModifier$DefaultSimilarity",1,0.00,1.00,3,0.02,226.10,1,0,19,1,0,134.66,0,5,0,1,134.66,0.00,0.00,0.00,0,1.00,1,63.51,0,0,0,java.lang.Object,0.00,0,0,1,0,0,1,0,0,19,0
"org.apache.lucene.misc.TestLengthNormModifier$DefaultSimilarity_0",1,0.00,1.00,3,0.02,226.10,1,0,19,1,0,134.66,0,5,0,1,134.66,0.00,0.00,0.00,0,1.00,1,63.51,0,0,0,java.lang.Object,0.00,0,0,1,0,0,1,0,0,19,0
"org.apache.lucene.misc.TotalTermFreqComparatorSortDescending",1,0.00,3.00,8,0.07,2170.79,1,0,9,1,8,110.79,0,11,1,1,110.79,0.00,0.00,0.00,0,1.00,3,206.94,0,0,7,java.lang.Object,0.00,0,0,3,0,0,1,1,0,51,1
"org.apache.lucene.analysis.tokenattributes.CharTermAttribute",11,0.00,1.00,12,0.09,485.54,11,0,1,11,198,158.28,48,13,197,3,158.05,0.00,0.67,0.00,0,11.00,1,269.53,0,8,1,,0.00,0,2,11,0,0,3,0,10,92,1
"org.apache.lucene.analysis.tokenattributes.CharTermAttributeImpl",30,0.10,1.87,147,1.81,95698.12,33,3,6,52,7,170.81,30,211,2,2,120.81,0.00,0.50,0.43,5,0.00,12,5428.76,1,4,5,org.apache.lucene.util.AttributeImpl,0.22,22,1,56,0,22,26,4,20,1159,1
"org.apache.lucene.analysis.tokenattributes.Deprecated",9,0.00,1.00,89,1.04,32147.56,9,0,4,50,11,107.43,1,99,0,3,107.43,0.00,0.67,0.00,2,9.00,1,3109.35,0,2,11,org.apache.lucene.util.LuceneTestCase,0.00,41,2,9,0,41,7,0,1,678,1
"org.apache.lucene.analysis.tokenattributes.FlagsAttribute",2,0.00,1.00,3,0.02,77.91,2,0,2,2,26,110.37,17,4,24,2,158.47,0.00,0.50,0.00,0,2.00,1,46.77,0,0,2,,0.00,0,1,2,0,0,2,0,3,18,1
"org.apache.lucene.analysis.tokenattributes.FlagsAttributeImpl",6,0.20,1.33,19,0.16,2586.34,7,1,2,7,5,172.28,17,32,3,2,132.39,0.00,0.50,0.83,0,0.00,3,471.26,0,0,2,org.apache.lucene.util.AttributeImpl,0.33,1,1,8,0,1,6,3,3,122,1
"org.apache.lucene.analysis.tokenattributes.KeywordAttribute",2,0.00,1.00,3,0.02,77.91,2,0,2,2,33,110.00,21,4,31,2,158.47,0.00,0.50,0.00,0,2.00,1,46.77,0,0,2,,0.00,0,1,2,0,0,2,0,3,18,1
"org.apache.lucene.analysis.tokenattributes.KeywordAttributeImpl",6,0.00,1.50,18,0.17,3321.15,7,1,2,8,5,152.12,21,32,2,2,131.51,0.00,0.50,1.00,0,0.00,3,509.29,0,0,3,org.apache.lucene.util.AttributeImpl,0.33,2,1,9,0,2,6,1,3,128,2
"org.apache.lucene.analysis.tokenattributes.OffsetAttribute",3,0.00,1.00,4,0.02,114.45,3,0,1,3,110,158.78,14,5,109,2,158.55,0.00,0.50,0.00,0,3.00,1,65.73,0,0,1,,0.00,0,1,3,0,0,3,0,4,25,1
"org.apache.lucene.analysis.tokenattributes.OffsetAttributeImpl",7,0.25,1.29,27,0.22,4799.37,9,2,2,8,5,170.70,14,41,3,2,130.81,0.00,0.50,0.71,0,0.00,3,669.88,0,0,2,org.apache.lucene.util.AttributeImpl,0.31,1,1,9,0,1,7,3,4,169,1
"org.apache.lucene.analysis.tokenattributes.PayloadAttribute",2,0.00,1.00,3,0.02,77.91,2,0,2,2,56,158.71,9,4,54,2,158.47,0.00,0.50,0.00,0,2.00,1,46.77,0,1,2,,0.00,0,1,2,0,0,1,0,3,18,1
"org.apache.lucene.analysis.tokenattributes.PayloadAttributeImpl",9,0.50,1.67,30,0.31,9037.41,10,1,3,13,6,179.45,15,48,3,2,129.45,0.00,0.50,0.56,0,4.00,4,938.15,1,2,3,org.apache.lucene.util.AttributeImpl,0.40,4,1,15,0,4,7,3,5,227,1
"org.apache.lucene.analysis.tokenattributes.PositionIncrementAttribute",2,0.00,1.00,3,0.02,77.91,2,0,1,2,96,158.00,33,4,95,2,158.47,0.00,0.50,0.00,0,2.00,1,46.77,0,0,1,,0.00,0,1,2,0,0,2,0,3,18,1
"org.apache.lucene.analysis.tokenattributes.PositionIncrementAttributeImpl",6,0.40,1.50,20,0.18,3370.73,7,1,3,8,6,113.58,31,35,3,2,131.46,0.00,0.50,0.67,0,0.00,3,547.03,0,0,3,org.apache.lucene.util.AttributeImpl,0.33,2,1,9,0,2,6,3,3,137,1
"org.apache.lucene.analysis.tokenattributes.TestCharTermAttributeImpl",12,0.00,1.92,190,2.58,108932.67,12,0,6,49,4,116.43,42,209,0,3,95.81,0.00,0.67,0.00,0,12.00,5,7725.35,0,0,4,org.apache.lucene.util.LuceneTestCase,0.00,37,2,23,0,37,12,0,6,1485,1
"org.apache.lucene.analysis.tokenattributes.TestCharTermAttributeImpl$CharSequence",4,0.00,1.00,9,0.06,719.61,4,0,6,7,0,142.01,0,5,0,1,142.01,0.00,0.00,0.00,0,4.00,1,176.25,0,2,0,java.lang.Object,0.00,3,0,4,0,3,2,0,0,54,0
"org.apache.lucene.analysis.tokenattributes.TestSimpleAttributeImpls",8,0.00,1.00,74,0.86,27889.45,8,0,3,41,11,107.51,1,83,3,3,107.51,0.00,0.67,0.00,2,8.00,1,2578.68,0,2,8,org.apache.lucene.util.LuceneTestCase,0.00,33,2,8,0,33,6,0,1,567,1
"org.apache.lucene.analysis.tokenattributes.TestTermAttributeImpl",8,0.00,1.75,128,1.51,106385.49,8,0,1,28,2,93.48,6,131,0,3,93.48,0.00,0.67,0.00,0,8.00,6,4542.50,0,0,2,org.apache.lucene.util.LuceneTestCase,0.00,20,2,14,0,20,8,0,6,912,1
"org.apache.lucene.analysis.tokenattributes.TypeAttribute",2,1.00,1.00,4,0.03,268.92,3,1,1,2,59,163.62,7,5,58,2,143.01,0.00,0.50,0.00,0,2.00,1,86.77,0,1,1,,0.00,0,1,2,0,0,1,0,4,27,1
"org.apache.lucene.analysis.tokenattributes.TypeAttributeImpl",8,0.57,1.50,24,0.23,6383.77,9,1,2,10,7,130.26,6,39,5,2,130.26,0.00,0.50,0.50,1,10.00,4,686.40,0,1,2,org.apache.lucene.util.AttributeImpl,0.29,2,1,12,0,2,7,3,3,172,1
"org.apache.solr.handler.dataimport.AbstractDataImportHandlerTestCase",8,0.00,1.88,50,0.79,26727.65,8,0,9,32,31,134.69,27,76,22,4,114.08,2.67,0.25,0.00,0,14.00,3,2378.66,2,2,9,org.apache.solr.util.AbstractSolrTestCase,0.17,24,3,15,8,24,6,0,5,474,2
"org.apache.solr.handler.dataimport.AbstractDataImportHandlerTestCase$TestContext",22,0.01,1.23,51,0.50,9213.92,28,6,9,40,5,139.08,0,77,0,2,139.08,0.00,0.50,0.17,0,0.00,2,1503.78,0,17,5,org.apache.solr.handler.dataimport.Context,0.56,18,1,27,0,18,5,0,0,399,1
"org.apache.solr.handler.dataimport.BinContentStreamDataSource",3,0.33,2.67,18,0.19,4480.06,6,3,5,8,5,137.37,11,28,0,2,116.75,0.00,0.50,0.56,0,1.00,4,579.28,0,1,5,org.apache.solr.handler.dataimport.DataSource,0.33,5,1,8,0,5,2,0,2,131,1
"org.apache.solr.handler.dataimport.BinFileDataSource",3,0.50,1.33,11,0.12,1912.56,4,1,7,8,3,113.18,16,17,0,2,131.05,0.00,0.50,0.67,0,1.00,2,350.94,0,1,3,org.apache.solr.handler.dataimport.DataSource,0.33,5,1,4,0,5,2,0,1,82,1
"org.apache.solr.handler.dataimport.BinURLDataSource",5,0.21,2.40,40,0.50,13802.56,11,6,8,21,2,149.90,11,54,0,2,110.01,0.00,0.50,0.33,1,10.00,5,1486.15,0,2,2,org.apache.solr.handler.dataimport.DataSource,0.25,16,1,12,0,16,3,0,2,295,1
"org.apache.solr.handler.dataimport.CachedSqlEntityProcessor",3,0.50,3.00,27,0.30,10722.72,4,1,3,6,3,89.30,15,38,1,4,107.17,0.00,0.75,0.67,0,0.00,4,906.36,6,2,2,org.apache.solr.handler.dataimport.SqlEntityProcessor,0.38,3,3,9,0,3,1,0,1,190,1
"org.apache.solr.handler.dataimport.ClobTransformer",2,1.00,5.50,34,0.49,27939.42,3,1,7,13,7,74.19,11,44,1,2,92.07,0.00,0.50,0.50,1,2.00,8,1455.63,0,2,6,org.apache.solr.handler.dataimport.Transformer,0.00,11,1,11,0,11,0,0,1,269,1
"org.apache.solr.handler.dataimport.ContentStreamDataSource",3,0.33,2.67,18,0.19,4480.06,6,3,5,8,5,137.37,11,28,0,2,116.75,0.00,0.50,0.56,0,1.00,4,579.28,0,1,5,org.apache.solr.handler.dataimport.DataSource,0.33,5,1,8,0,5,2,0,1,131,1
"org.apache.solr.handler.dataimport.Context",21,8.00,1.00,28,0.28,4127.21,29,8,3,22,85,120.72,145,29,83,1,152.94,0.00,0.00,0.00,0,21.00,1,839.10,0,14,4,java.lang.Object,0.00,1,0,21,3,1,7,0,26,237,2
"org.apache.solr.handler.dataimport.ContextImpl",26,0.03,2.46,112,1.41,44035.05,37,11,5,46,16,122.91,10,163,9,2,122.91,1.00,0.33,0.12,3,334.00,10,4222.63,0,15,8,org.apache.solr.handler.dataimport.Context,0.51,20,1,64,1,20,11,0,2,925,1
"org.apache.solr.handler.dataimport.DataConfig",0,0.00,0.00,12,0.19,5738.62,7,7,9,3,8,171.00,16,12,7,1,171.00,0.00,0.00,0.00,0,0.00,0,573.86,0,0,1,java.lang.Object,0.00,3,0,0,0,3,0,0,1,111,1
"org.apache.solr.handler.dataimport.DataConfig$Document",2,4.00,1.50,13,0.15,3688.69,6,4,9,4,0,116.16,1,15,0,1,116.16,0.00,0.00,0.00,0,2.00,2,446.85,0,0,0,java.lang.Object,0.00,2,0,3,0,2,2,0,1,97,2
"org.apache.solr.handler.dataimport.DataConfig$Entity",4,0.22,4.75,63,0.90,44004.00,19,15,9,23,4,94.95,1,77,0,1,94.95,0.00,0.00,0.23,0,2.00,11,2695.33,0,1,4,java.lang.Object,0.00,19,0,19,0,19,3,0,1,474,2
"org.apache.solr.handler.dataimport.DataConfig$Field",9,0.01,3.22,111,1.55,67016.37,26,17,9,43,3,99.98,4,133,0,1,99.98,0.00,0.00,0.05,4,26.00,11,4645.67,0,5,3,java.lang.Object,0.00,34,0,29,0,34,4,0,2,868,2
"org.apache.solr.handler.dataimport.DataConfig$Field$HashMap<String,String>",1,0.00,2.00,4,0.05,1028.44,1,0,9,1,0,124.66,0,6,0,1,124.66,0.00,0.00,0.00,0,1.00,2,140.49,3,1,0,java.lang.Object,0.00,0,0,2,0,0,0,0,0,39,0
"org.apache.solr.handler.dataimport.DataConfig$Script",2,2.00,1.50,9,0.09,1512.39,4,2,9,5,0,125.78,0,13,0,1,125.78,0.00,0.00,0.00,0,2.00,2,264.52,0,0,0,java.lang.Object,0.00,3,0,3,0,3,2,0,0,64,2
"org.apache.solr.handler.dataimport.DataImportHandler",11,0.05,4.36,166,3.03,206672.20,19,8,25,69,24,133.02,28,230,0,2,93.13,0.00,0.50,0.17,4,27.00,19,9076.44,2,7,24,org.apache.solr.handler.RequestHandlerBase,0.43,58,1,48,0,58,4,1,10,1464,1
"org.apache.solr.handler.dataimport.DataImportHandler$SolrWriter",1,0.00,4.00,9,0.12,3848.47,1,0,25,2,1,106.85,0,15,0,1,106.85,0.00,0.00,0.00,0,0.00,4,347.12,1,0,1,java.lang.Object,0.00,1,0,4,0,1,1,0,0,72,0
"org.apache.solr.handler.dataimport.DataImportHandlerException",7,0.00,1.57,29,0.30,5876.11,14,7,0,9,40,175.41,9,39,40,2,125.41,0.00,0.50,0.14,0,0.00,2,913.54,0,0,1,java.lang.RuntimeException,0.00,2,1,11,0,2,7,0,1,214,1
"org.apache.solr.handler.dataimport.DataImporter",25,0.03,2.96,243,3.85,180776.87,50,25,21,119,33,104.76,23,328,23,1,104.76,0.00,0.00,0.07,9,328.00,13,11559.60,0,9,12,java.lang.Object,0.00,94,0,74,0,94,16,0,12,2025,1
"org.apache.solr.handler.dataimport.DataImporter$MSG",0,0.00,0.00,15,0.23,3423.57,14,14,21,0,0,171.00,0,16,0,1,171.00,0.00,0.00,0.00,0,0.00,0,682.44,0,0,0,java.lang.Object,0.00,0,0,0,0,0,0,0,0,131,2
"org.apache.solr.handler.dataimport.DataImporter$RequestParams",2,0.69,7.00,43,0.81,48266.33,15,13,21,12,1,136.72,2,58,0,1,86.72,0.00,0.00,0.42,0,2.00,13,2427.08,0,0,1,java.lang.Object,0.00,10,0,14,0,10,2,0,2,417,2
"org.apache.solr.handler.dataimport.DataImporter$Status",0,0.00,0.00,2,0.01,36.00,0,0,21,0,0,171.00,0,3,0,1,171.00,0.00,0.00,0.00,0,0.00,0,24.00,0,0,0,java.lang.Object,0.00,0,0,0,0,0,0,0,0,8,1
"org.apache.solr.handler.dataimport.DataImporter$Thread",1,0.00,1.00,3,0.02,143.17,1,0,21,2,0,136.23,0,5,0,1,136.23,0.00,0.00,0.00,0,1.00,1,52.97,0,0,0,java.lang.Object,0.00,1,0,1,0,1,1,0,0,17,0
"org.apache.solr.handler.dataimport.DataImporter$ThreadLocal<AtomicLong>",1,0.00,1.00,3,0.02,184.13,1,0,21,2,0,135.37,0,4,0,1,135.37,0.00,0.00,0.00,0,1.00,1,49.65,0,1,0,java.lang.Object,0.00,1,0,1,0,1,0,0,0,17,0
"org.apache.solr.handler.dataimport.DataImporter$ThreadLocal<SimpleDateFormat>",1,0.00,1.00,3,0.02,303.40,1,0,21,2,0,133.66,0,5,0,1,133.66,0.00,0.00,0.00,0,1.00,1,68.08,0,1,0,java.lang.Object,0.00,1,0,1,0,1,0,0,0,21,0
"org.apache.solr.handler.dataimport.DataSource",3,0.00,1.00,4,0.03,217.46,3,0,1,3,28,136.21,43,5,28,1,156.35,0.00,0.00,0.00,0,3.00,1,96.73,0,0,1,java.lang.Object,0.00,0,0,3,14,0,3,0,4,32,2
"org.apache.solr.handler.dataimport.DateFormatTransformer",2,0.33,6.50,39,0.61,36466.88,5,3,5,17,5,41.21,16,53,1,2,89.32,0.00,0.50,0.50,1,2.00,9,1832.18,0,2,4,org.apache.solr.handler.dataimport.Transformer,0.00,15,1,13,0,15,0,0,1,330,1
"org.apache.solr.handler.dataimport.DebugLogger",9,0.00,4.33,101,1.53,123913.14,15,6,8,33,9,149.22,16,132,3,1,99.22,0.00,0.00,0.17,2,13.00,20,4595.28,0,4,7,java.lang.Object,0.00,24,0,39,0,24,5,0,1,852,0
"org.apache.solr.handler.dataimport.DebugLogger$DataSource",3,0.00,1.67,17,0.22,6790.89,3,0,8,9,4,118.39,0,28,0,1,118.39,0.00,0.00,0.00,0,4.00,3,645.04,0,1,4,java.lang.Object,0.00,6,0,5,0,6,2,0,0,134,0
"org.apache.solr.handler.dataimport.DebugLogger$DebugInfo",1,5.00,5.00,20,0.22,9405.57,7,6,8,4,2,90.81,0,25,0,1,90.81,0.00,0.00,0.17,0,0.00,5,670.19,0,0,2,java.lang.Object,0.00,3,0,5,0,3,1,0,0,138,2
"org.apache.solr.handler.dataimport.DebugLogger$Stack<DebugInfo>",1,0.00,2.00,4,0.04,726.74,1,0,8,3,1,125.85,0,7,0,1,125.85,0.00,0.00,0.00,0,1.00,2,128.07,1,0,1,java.lang.Object,0.00,2,0,2,0,2,1,0,0,33,0
"org.apache.solr.handler.dataimport.DebugLogger$Transformer",1,0.00,3.00,16,0.21,10075.41,1,0,8,4,3,94.31,0,20,0,1,94.31,0.00,0.00,0.00,0,0.00,3,636.96,0,1,3,java.lang.Object,0.00,3,0,3,0,3,0,0,0,123,0
"org.apache.solr.handler.dataimport.Deprecated",0,0.00,0.00,1,0.01,90.00,0,0,10,0,1,171.00,18,2,0,3,171.00,0.00,0.67,0.00,0,0.00,0,27.00,0,0,1,org.apache.solr.handler.dataimport.URLDataSource,0.00,0,2,0,0,0,0,0,1,9,1
"org.apache.solr.handler.dataimport.DocBuilder",23,0.10,6.57,432,7.64,622487.50,42,19,11,152,24,128.72,56,617,12,1,88.84,0.00,0.00,0.15,18,74.00,34,22930.47,0,3,16,java.lang.Object,0.00,129,0,151,0,129,20,0,36,3792,1
"org.apache.solr.handler.dataimport.DocBuilder$DocWrapper",2,0.00,2.00,7,0.09,1906.78,3,1,11,5,1,129.58,1,10,0,2,129.58,0.00,0.50,1.00,0,0.00,2,271.67,0,1,1,org.apache.solr.common.SolrInputDocument,0.00,3,1,4,0,3,1,0,1,66,1
"org.apache.solr.handler.dataimport.DocBuilder$EntityRow",1,3.00,1.00,8,0.07,1347.83,4,3,11,1,0,112.67,0,10,0,1,112.67,0.00,0.00,0.00,0,1.00,1,208.68,0,0,0,java.lang.Object,0.00,0,0,1,0,0,1,0,0,54,1
"org.apache.solr.handler.dataimport.DocBuilder$EntityRunner",4,0.36,7.50,122,1.66,121101.27,15,11,11,46,7,130.15,5,152,0,1,80.15,0.00,0.00,0.36,2,0.00,17,4965.27,0,0,7,java.lang.Object,0.00,42,0,30,0,42,4,0,5,811,0
"org.apache.solr.handler.dataimport.DocBuilder$EntityRunner$Runnable",1,0.00,2.00,7,0.06,775.35,1,0,11,3,0,116.56,0,11,0,1,116.56,0.00,0.00,0.00,0,0.00,2,166.32,0,0,0,java.lang.Object,0.00,2,0,2,0,2,1,0,0,39,0
"org.apache.solr.handler.dataimport.DocBuilder$Object",1,0.00,1.00,3,0.02,146.92,1,0,11,3,0,136.14,0,4,0,1,136.14,0.00,0.00,0.00,0,1.00,1,52.97,0,1,0,java.lang.Object,0.00,2,0,1,0,2,0,0,0,17,0
"org.apache.solr.handler.dataimport.DocBuilder$Statistics",2,0.33,1.00,21,0.28,8383.92,8,6,11,7,0,105.17,0,24,0,1,105.17,0.00,0.00,0.33,0,2.00,1,850.13,0,2,0,java.lang.Object,0.00,5,0,2,0,5,0,0,0,198,2
"org.apache.solr.handler.dataimport.EntityProcessor",8,0.00,1.00,9,0.08,613.42,8,0,1,8,11,106.16,77,12,11,1,156.16,0.00,0.00,0.00,0,8.00,1,233.66,0,4,1,java.lang.Object,0.00,0,0,8,11,0,4,0,10,75,2
"org.apache.solr.handler.dataimport.EntityProcessorBase",13,0.05,2.69,125,1.88,116486.04,35,22,4,37,12,104.29,55,169,8,2,104.05,8.00,0.10,0.09,2,58.00,11,5632.60,0,9,4,org.apache.solr.handler.dataimport.EntityProcessor,0.57,24,1,35,8,24,4,0,13,1045,1
"org.apache.solr.handler.dataimport.EntityProcessorWrapper",14,0.13,3.29,146,1.85,114821.09,23,9,10,56,17,102.60,9,194,10,2,102.60,1.00,0.33,0.23,3,10.00,18,5551.82,0,7,8,org.apache.solr.handler.dataimport.EntityProcessor,0.55,42,1,46,1,42,7,0,4,1018,1
"org.apache.solr.handler.dataimport.EntityProcessorWrapper$ArrayList<Transformer>",1,0.00,2.00,5,0.06,1304.93,1,0,10,3,1,120.23,0,7,0,1,120.23,0.00,0.00,0.00,0,0.00,2,182.17,1,0,1,java.lang.Object,0.00,2,0,2,0,2,1,0,0,44,0
"org.apache.solr.handler.dataimport.EntityProcessorWrapper$SuppressWarnings",2,0.50,1.50,15,0.17,3232.23,6,4,10,5,3,114.12,0,22,0,2,114.12,0.00,0.50,0.50,0,0.00,2,501.93,0,1,3,org.apache.solr.handler.dataimport.Transformer,0.00,3,1,3,0,3,1,0,0,111,1
"org.apache.solr.handler.dataimport.Evaluator",1,0.00,1.00,2,0.01,99.30,1,0,0,1,6,194.04,25,3,5,1,144.05,0.00,0.00,0.00,0,1.00,1,43.31,0,1,1,java.lang.Object,0.00,0,0,1,2,0,0,0,2,15,2
"org.apache.solr.handler.dataimport.EvaluatorBag",6,0.06,2.83,62,0.98,61815.91,13,7,16,35,11,51.86,56,81,5,1,101.86,0.00,0.00,0.10,0,10.00,9,2946.83,0,5,7,java.lang.Object,0.00,29,0,17,0,29,1,0,7,520,1
"org.apache.solr.handler.dataimport.EvaluatorBag$DateMathParser",1,0.00,1.00,3,0.03,341.91,1,0,16,2,0,133.25,0,6,0,1,133.25,0.00,0.00,0.00,0,1.00,1,79.19,0,1,0,java.lang.Object,0.00,1,0,1,0,1,0,0,0,25,0
"org.apache.solr.handler.dataimport.EvaluatorBag$Evaluator",1,0.00,2.00,7,0.12,2564.29,1,0,16,9,2,133.09,3,9,0,1,112.47,0.00,0.00,0.00,0,1.00,2,349.22,0,1,2,java.lang.Object,0.00,8,0,2,0,8,0,0,3,70,0
"org.apache.solr.handler.dataimport.EvaluatorBag$Evaluator_0",1,0.00,2.00,7,0.09,2035.17,1,0,16,8,3,113.26,0,9,0,1,113.26,0.00,0.00,0.00,0,1.00,2,280.48,0,1,3,java.lang.Object,0.00,7,0,2,0,7,0,0,0,59,0
"org.apache.solr.handler.dataimport.EvaluatorBag$Evaluator_1",1,0.00,3.00,10,0.15,4399.84,1,0,16,10,2,104.75,0,14,0,1,104.75,0.00,0.00,0.00,0,1.00,3,441.96,0,1,2,java.lang.Object,0.00,9,0,3,0,9,0,0,0,85,0
"org.apache.solr.handler.dataimport.EvaluatorBag$Evaluator_2",1,0.00,8.00,35,0.49,27091.56,1,0,16,15,2,78.02,0,46,0,1,78.02,0.00,0.00,0.00,0,0.00,8,1474.05,0,1,2,java.lang.Object,0.00,14,0,8,0,14,0,0,0,244,0
"org.apache.solr.handler.dataimport.EvaluatorBag$HashMap<String,Object>",1,0.00,4.00,10,0.17,4818.26,1,0,16,7,2,104.38,0,15,0,1,104.38,0.00,0.00,0.00,0,0.00,4,495.89,0,1,2,java.lang.Object,0.00,6,0,4,0,6,0,0,0,100,0
"org.apache.solr.handler.dataimport.EvaluatorBag$VariableWrapper",3,0.25,1.33,11,0.09,1427.79,5,2,16,5,1,132.05,0,15,0,1,132.05,0.00,0.00,0.67,0,1.00,2,268.80,0,2,1,java.lang.Object,0.00,2,0,4,0,2,1,0,0,72,2
"org.apache.solr.handler.dataimport.EventListener",1,0.00,1.00,2,0.01,41.48,1,0,0,1,4,117.65,13,3,3,1,147.03,0.00,0.00,0.00,0,1.00,1,27.65,0,0,1,,0.00,0,0,1,0,0,1,0,2,11,1
"org.apache.solr.handler.dataimport.FieldReaderDataSource",5,0.10,3.00,52,0.64,21220.91,10,5,11,23,7,87.00,26,70,2,2,104.88,0.00,0.50,0.28,2,6.00,8,1914.62,0,3,5,org.apache.solr.handler.dataimport.DataSource,0.25,18,1,15,0,18,2,0,9,369,1
"org.apache.solr.handler.dataimport.FieldStreamDataSource",3,0.25,2.67,29,0.39,13644.92,7,4,9,19,6,64.08,21,38,0,2,106.37,0.00,0.50,0.42,0,1.00,6,1159.24,0,1,6,org.apache.solr.handler.dataimport.DataSource,0.33,16,1,8,0,16,2,0,5,218,1
"org.apache.solr.handler.dataimport.FileDataSource",5,0.06,2.60,33,0.45,18222.03,9,4,6,20,4,63.71,49,49,1,2,113.71,0.00,0.50,0.30,2,9.00,6,1352.55,0,3,3,org.apache.solr.handler.dataimport.DataSource,0.25,15,1,13,0,15,2,0,5,283,1
"org.apache.solr.handler.dataimport.FileListEntityProcessor",6,0.20,4.67,105,1.68,67127.49,30,24,6,37,5,63.48,79,139,1,3,92.86,0.00,0.67,0.21,1,6.00,7,5040.59,2,3,4,org.apache.solr.handler.dataimport.EntityProcessorBase,0.11,31,2,28,0,31,3,0,15,909,1
"org.apache.solr.handler.dataimport.FileListEntityProcessor$FilenameFilter",1,0.00,6.00,11,0.14,5872.81,1,0,6,6,0,102.06,0,14,0,1,102.06,0.00,0.00,0.00,0,0.00,6,424.15,0,0,0,java.lang.Object,0.00,5,0,6,0,5,1,0,0,88,0
"org.apache.solr.handler.dataimport.HTMLStripTransformer",2,0.00,7.50,39,0.64,43209.33,4,2,8,22,6,88.94,9,56,0,2,88.70,0.00,0.50,0.50,1,2.00,9,1920.68,0,2,6,org.apache.solr.handler.dataimport.Transformer,0.00,20,1,15,0,20,0,0,2,340,1
"org.apache.solr.handler.dataimport.JdbcDataSource",10,0.08,3.40,95,1.61,74417.51,25,15,8,40,6,154.63,12,145,2,2,104.63,0.00,0.50,0.14,3,22.00,13,4839.96,1,4,5,org.apache.solr.handler.dataimport.DataSource,0.15,30,1,34,0,30,6,0,3,871,1
"org.apache.solr.handler.dataimport.JdbcDataSource$Callable<Connection>",1,0.00,16.00,49,0.95,66370.59,1,0,8,21,3,51.47,5,64,0,1,69.34,0.00,0.00,0.00,0,0.00,16,2845.38,0,1,3,java.lang.Object,0.00,20,0,16,0,20,0,0,5,427,0
"org.apache.solr.handler.dataimport.JdbcDataSource$ResultSetIterator",5,0.25,5.40,73,0.95,53232.95,9,4,8,32,0,96.15,1,107,0,1,96.15,0.00,0.00,0.45,1,0.00,14,2839.61,0,2,0,java.lang.Object,0.00,27,0,27,0,27,3,0,1,519,1
"org.apache.solr.handler.dataimport.JdbcDataSource$ResultSetIterator$Iterator<Map<String,Object>>",3,0.00,1.00,6,0.04,335.20,3,0,8,5,0,143.64,1,9,0,1,143.64,0.00,0.00,0.00,0,3.00,1,120.08,0,1,0,java.lang.Object,0.00,2,0,3,0,2,2,0,1,38,0
"org.apache.solr.handler.dataimport.LineEntityProcessor",3,0.57,4.33,37,0.50,20693.41,10,7,4,15,4,139.48,65,53,1,3,100.18,0.00,0.67,0.52,0,0.00,7,1491.89,2,1,3,org.apache.solr.handler.dataimport.EntityProcessorBase,0.38,12,2,13,0,12,2,0,13,292,1
"org.apache.solr.handler.dataimport.LogTransformer",1,0.00,12.00,19,0.37,16098.09,4,3,3,15,2,45.47,11,27,0,2,89.60,0.00,0.50,1.00,0,0.00,12,1112.46,0,1,2,org.apache.solr.handler.dataimport.Transformer,0.00,14,1,12,0,14,0,0,1,211,1
"org.apache.solr.handler.dataimport.MailEntityProcessor",13,0.11,4.85,232,4.34,234464.99,52,39,18,80,5,131.11,26,299,0,3,91.22,0.00,0.67,0.13,6,75.00,15,13017.87,1,3,5,org.apache.solr.handler.dataimport.EntityProcessorBase,0.09,67,2,63,0,67,10,0,19,2208,1
"org.apache.solr.handler.dataimport.MailEntityProcessor$CustomFilter",1,0.00,1.00,2,0.01,52.70,1,0,18,1,0,146.21,0,3,0,1,146.21,0.00,0.00,0.00,0,1.00,1,31.26,0,1,0,,0.00,0,0,1,0,0,0,0,0,12,2
"org.apache.solr.handler.dataimport.MailEntityProcessor$FolderIterator",6,0.10,4.00,66,0.85,52014.57,10,4,18,24,1,100.82,3,89,0,1,100.82,0.00,0.00,0.33,1,2.00,9,2537.62,0,0,1,java.lang.Object,0.00,18,0,24,0,18,6,1,3,477,0
"org.apache.solr.handler.dataimport.MailEntityProcessor$MailsSinceLastCheckFilter",2,0.00,1.00,6,0.04,397.09,3,1,18,3,0,135.11,0,9,0,1,135.11,0.00,0.00,1.00,0,0.00,1,125.91,0,1,0,java.lang.Object,0.00,1,0,2,0,1,1,1,0,36,0
"org.apache.solr.handler.dataimport.MailEntityProcessor$MessageIterator",6,0.34,3.17,64,0.78,31591.27,13,7,18,16,2,104.13,2,83,0,1,104.13,0.00,0.00,0.43,3,0.00,5,2327.66,0,1,2,java.lang.Object,0.00,10,0,19,0,10,5,1,2,457,0
"org.apache.solr.handler.dataimport.MockDataSource",5,0.25,1.00,11,0.16,4128.27,6,1,4,9,14,176.69,10,19,12,2,136.80,1.00,0.33,0.80,0,0.00,1,488.30,0,1,2,org.apache.solr.handler.dataimport.DataSource,0.25,4,1,5,1,4,4,0,1,123,1
"org.apache.solr.handler.dataimport.MockInitialContextFactory",3,0.17,1.33,16,0.22,4341.98,6,3,8,15,1,119.97,0,23,1,1,119.97,0.00,0.00,0.44,0,2.00,2,645.72,0,1,0,java.lang.Object,0.00,12,0,4,0,12,2,1,0,140,1
"org.apache.solr.handler.dataimport.MockInitialContextFactory$IAnswer<Object>",1,0.00,1.00,3,0.03,353.13,1,0,8,2,0,133.14,0,4,0,1,133.14,0.00,0.00,0.00,0,0.00,1,95.65,0,1,0,java.lang.Object,0.00,1,0,1,0,1,0,0,0,26,0
"org.apache.solr.handler.dataimport.NumberFormatTransformer",3,0.29,6.00,59,1.01,71907.36,10,7,9,31,6,56.18,19,80,1,2,88.40,0.00,0.50,0.33,2,5.00,11,3021.53,0,3,5,org.apache.solr.handler.dataimport.Transformer,0.00,28,1,18,0,28,0,0,1,527,1
"org.apache.solr.handler.dataimport.PlainTextEntityProcessor",2,0.33,3.50,30,0.42,20210.56,5,3,11,16,3,115.92,7,38,0,3,95.31,0.00,0.67,0.50,0,0.00,6,1271.51,1,1,3,org.apache.solr.handler.dataimport.EntityProcessorBase,0.26,14,2,7,0,14,1,0,1,231,1
"org.apache.solr.handler.dataimport.RegexTransformer",5,0.07,7.40,113,1.83,178020.86,12,7,5,37,9,105.24,17,145,6,2,84.62,0.00,0.50,0.20,4,14.00,18,5496.27,0,5,3,org.apache.solr.handler.dataimport.Transformer,0.00,32,1,37,0,32,0,0,1,943,1
"org.apache.solr.handler.dataimport.ScriptTransformer",4,0.22,2.75,30,0.46,16270.00,7,3,5,14,5,111.06,19,54,2,2,110.82,0.00,0.50,0.50,1,2.00,6,1366.34,0,2,3,org.apache.solr.handler.dataimport.Transformer,0.00,10,1,11,0,10,2,0,3,263,1
"org.apache.solr.handler.dataimport.SolrWriter",14,0.03,2.36,113,1.37,40099.83,34,20,12,45,17,159.89,15,171,11,1,109.89,0.00,0.00,0.08,2,22.00,6,4124.65,0,3,8,java.lang.Object,0.00,31,0,33,2,31,11,0,2,836,1
"org.apache.solr.handler.dataimport.SqlEntityProcessor",8,0.06,3.25,78,1.07,37598.06,17,9,6,34,10,146.10,18,107,6,3,106.22,0.50,0.50,0.17,3,0.00,7,3216.47,2,6,4,org.apache.solr.handler.dataimport.EntityProcessorBase,0.52,26,2,26,1,26,2,0,1,627,1
"org.apache.solr.handler.dataimport.TemplateString",6,0.10,2.33,47,0.61,22805.22,10,4,4,27,6,111.33,26,55,5,1,111.09,0.00,0.00,0.33,0,10.00,5,1819.22,0,4,1,java.lang.Object,0.00,21,0,14,0,21,2,0,3,382,1
"org.apache.solr.handler.dataimport.TemplateTransformer",2,0.00,4.50,30,0.50,23835.22,5,3,5,14,6,65.30,27,41,1,2,94.68,0.00,0.50,0.33,1,2.00,7,1514.22,0,2,5,org.apache.solr.handler.dataimport.Transformer,0.00,12,1,9,0,12,0,0,4,277,1
"org.apache.solr.handler.dataimport.TestCachedSqlEntityProcessor",6,0.00,4.00,158,3.12,188026.36,6,0,7,32,9,132.49,8,195,0,3,82.49,0.00,0.67,0.00,1,6.00,7,9345.66,0,0,9,org.apache.solr.SolrTestCaseJ4,0.00,26,2,24,0,26,6,0,1,1571,1
"org.apache.solr.handler.dataimport.TestCachedSqlEntityProcessor$DoubleTransformer",1,0.00,1.00,6,0.08,2397.02,1,0,7,3,2,115.36,0,8,0,2,115.36,0.00,0.50,0.00,0,1.00,1,234.88,0,1,2,org.apache.solr.handler.dataimport.Transformer,0.00,2,1,1,0,2,0,0,0,56,2
"org.apache.solr.handler.dataimport.TestCachedSqlEntityProcessor$UppercaseTransformer",1,0.00,3.00,9,0.11,3951.55,1,0,7,4,2,106.83,0,13,0,2,106.83,0.00,0.50,0.00,0,1.00,3,338.60,0,1,2,org.apache.solr.handler.dataimport.Transformer,0.00,3,1,3,0,3,0,0,0,72,2
"org.apache.solr.handler.dataimport.TestClobTransformer",1,0.00,1.00,16,0.34,11835.37,1,0,9,16,7,45.90,8,18,0,3,94.01,0.00,0.67,0.00,0,1.00,1,1019.68,0,0,7,org.apache.solr.SolrTestCaseJ4,0.00,15,2,1,0,15,1,0,2,176,1
"org.apache.solr.handler.dataimport.TestClobTransformer$InvocationHandler",1,0.00,2.00,5,0.05,958.47,1,0,9,4,0,121.29,0,7,0,1,121.29,0.00,0.00,0.00,0,1.00,2,161.80,0,1,0,java.lang.Object,0.00,3,0,2,0,3,0,0,0,38,0
"org.apache.solr.handler.dataimport.TestContentStreamDataSource",3,0.12,1.00,33,0.50,10494.06,7,4,13,25,8,144.13,6,45,0,2,104.25,0.00,0.50,0.33,0,1.00,1,1511.14,0,1,8,junit.framework.TestCase,0.00,22,1,3,0,22,2,0,1,286,1
"org.apache.solr.handler.dataimport.TestContentStreamDataSource$SolrInstance",8,0.11,1.00,35,0.37,7791.53,12,4,13,15,2,125.01,4,47,0,4,125.01,0.00,0.75,0.16,2,18.00,1,1095.20,1,5,2,org.apache.solr.util.AbstractSolrTestCase,0.33,7,3,8,0,7,3,0,1,247,1
"org.apache.solr.handler.dataimport.TestDataConfig",6,1.00,1.00,22,0.33,5119.80,7,1,7,20,3,180.12,8,44,0,5,130.12,0.00,0.80,0.17,0,10.00,1,998.24,7,2,3,org.apache.solr.handler.dataimport.AbstractDataImportHandlerTestCase,0.37,14,4,6,0,14,4,0,1,213,1
"org.apache.solr.handler.dataimport.TestDateFormatTransformer",2,0.00,1.00,33,0.66,18859.14,2,0,5,18,7,95.02,8,49,0,3,94.79,0.00,0.67,0.00,0,2.00,1,1990.55,0,0,7,org.apache.solr.SolrTestCaseJ4,0.00,16,2,2,0,16,2,0,1,351,1
"org.apache.solr.handler.dataimport.TestDocBuilder",6,0.10,2.00,142,2.85,119320.91,8,2,6,35,6,136.19,8,187,0,3,86.20,0.00,0.67,0.42,0,2.00,3,8563.31,0,0,6,org.apache.solr.SolrTestCaseJ4,0.00,29,2,12,0,29,6,0,1,1400,1
"org.apache.solr.handler.dataimport.TestDocBuilder$SolrWriterImpl",5,0.17,1.00,13,0.12,1885.98,8,3,6,7,2,139.48,1,19,0,2,139.48,0.00,0.50,0.20,0,14.00,1,363.92,0,0,2,org.apache.solr.handler.dataimport.SolrWriter,0.21,2,1,5,0,2,5,0,1,95,1
"org.apache.solr.handler.dataimport.TestDocBuilder2",15,0.05,1.00,136,2.41,62812.39,22,7,10,30,4,106.88,11,240,0,5,106.88,0.00,0.80,0.10,0,112.00,1,7236.94,7,2,4,org.apache.solr.handler.dataimport.AbstractDataImportHandlerTestCase,0.32,15,4,15,0,15,13,0,4,1321,1
"org.apache.solr.handler.dataimport.TestDocBuilder2$AddDynamicFieldTransformer",1,0.00,1.00,4,0.04,547.85,1,0,10,2,2,176.98,1,6,0,2,126.98,0.00,0.50,0.00,0,1.00,1,115.56,0,1,2,org.apache.solr.handler.dataimport.Transformer,0.00,1,1,1,0,1,0,0,1,30,2
"org.apache.solr.handler.dataimport.TestDocBuilder2$EndEventListener",1,0.00,1.00,4,0.03,283.34,2,1,10,1,2,129.23,0,6,0,1,129.23,0.00,0.00,1.00,0,0.00,1,91.83,0,0,2,java.lang.Object,0.00,0,0,1,0,0,1,1,0,26,2
"org.apache.solr.handler.dataimport.TestDocBuilder2$MockDataSource2",0,0.00,0.00,1,0.01,49.13,0,0,10,0,1,171.00,0,2,0,3,171.00,0.00,0.67,0.00,0,0.00,0,19.65,0,0,1,org.apache.solr.handler.dataimport.MockDataSource,0.00,0,2,0,0,0,0,0,0,7,2
"org.apache.solr.handler.dataimport.TestDocBuilder2$MockTransformer",1,0.00,1.00,4,0.05,765.38,1,0,10,3,2,125.83,0,6,0,2,125.83,0.00,0.50,0.00,0,1.00,1,148.98,0,1,2,org.apache.solr.handler.dataimport.Transformer,0.00,2,1,1,0,2,0,0,0,36,2
"org.apache.solr.handler.dataimport.TestDocBuilder2$StartEventListener",1,0.00,1.00,4,0.03,283.34,2,1,10,1,2,129.23,0,6,0,1,129.23,0.00,0.00,1.00,0,0.00,1,91.83,0,0,2,java.lang.Object,0.00,0,0,1,0,0,1,1,0,26,2
"org.apache.solr.handler.dataimport.TestEntityProcessorBase",1,0.00,1.00,20,0.43,17600.49,1,0,7,16,7,40.93,8,25,0,3,89.04,0.00,0.67,0.00,0,1.00,1,1289.84,0,0,7,org.apache.solr.SolrTestCaseJ4,0.00,15,2,1,0,15,1,0,1,231,1
"org.apache.solr.handler.dataimport.TestEntityProcessorBase$T1",1,0.00,1.00,4,0.04,529.74,1,0,7,2,2,127.09,0,6,0,2,127.09,0.00,0.50,0.00,0,1.00,1,111.42,0,1,2,org.apache.solr.handler.dataimport.Transformer,0.00,1,1,1,0,1,0,0,0,29,1
"org.apache.solr.handler.dataimport.TestEntityProcessorBase$T2",1,0.00,1.00,4,0.04,529.74,1,0,7,2,2,127.09,0,6,0,2,127.09,0.00,0.50,0.00,0,1.00,1,111.42,0,1,2,org.apache.solr.handler.dataimport.Transformer,0.00,1,1,1,0,1,0,0,0,29,1
"org.apache.solr.handler.dataimport.TestEntityProcessorBase$T3",1,0.00,1.00,4,0.03,474.00,1,0,7,2,0,127.47,0,6,0,1,127.47,0.00,0.00,0.00,0,1.00,1,92.00,0,1,0,java.lang.Object,0.00,1,0,1,0,1,0,0,0,25,1
"org.apache.solr.handler.dataimport.TestErrorHandling",8,0.00,1.00,38,0.67,17076.55,14,6,6,12,2,122.32,6,112,0,5,122.32,0.00,0.80,0.17,0,20.00,1,2003.05,6,2,2,org.apache.solr.handler.dataimport.AbstractDataImportHandlerTestCase,0.36,4,4,8,0,4,6,0,1,399,1
"org.apache.solr.handler.dataimport.TestErrorHandling$ExceptionTransformer",1,0.00,1.00,3,0.03,394.29,1,0,6,2,2,132.76,0,5,0,2,132.76,0.00,0.50,0.00,0,1.00,1,97.31,0,1,2,org.apache.solr.handler.dataimport.Transformer,0.00,1,1,1,0,1,0,0,0,26,2
"org.apache.solr.handler.dataimport.TestErrorHandling$StringDataSource",3,1.00,1.00,6,0.05,516.48,4,1,6,4,2,142.16,0,10,0,2,142.16,0.00,0.50,0.33,0,4.00,1,157.07,0,1,2,org.apache.solr.handler.dataimport.DataSource,0.33,1,1,3,0,1,2,0,0,45,2
"org.apache.solr.handler.dataimport.TestEvaluatorBag",7,0.04,1.14,75,1.24,37497.55,11,4,8,35,6,144.19,15,101,0,3,104.30,0.00,0.67,0.29,1,12.00,2,3713.21,1,0,6,org.apache.solr.SolrTestCaseJ4,0.07,28,2,8,0,28,7,0,4,690,1
"org.apache.solr.handler.dataimport.TestFieldReader",1,0.00,1.00,14,0.28,5586.25,3,2,7,15,3,56.45,7,29,0,3,98.74,0.00,0.67,1.00,0,0.00,1,845.27,0,0,3,org.apache.solr.SolrTestCaseJ4,0.00,14,2,1,0,14,1,0,1,158,1
"org.apache.solr.handler.dataimport.TestFileListEntityProcessor",6,0.00,2.33,112,2.28,109413.67,6,0,7,40,7,140.43,9,159,2,3,90.43,0.00,0.67,0.00,2,6.00,4,6825.63,0,2,5,org.apache.solr.SolrTestCaseJ4,0.00,34,2,14,0,34,4,0,2,1135,1
"org.apache.solr.handler.dataimport.TestJdbcDataSource",6,0.38,1.33,87,1.41,41766.93,15,9,9,42,6,137.81,13,113,0,3,97.92,0.00,0.67,0.43,0,2.00,2,4217.89,2,0,6,org.apache.solr.SolrTestCaseJ4,0.13,36,2,8,0,36,6,0,2,751,1
"org.apache.solr.handler.dataimport.TestLineEntityProcessor",6,0.40,2.33,59,1.26,42619.37,7,1,7,21,6,67.32,75,149,0,3,104.88,0.00,0.67,0.67,0,0.00,3,3774.44,0,2,6,org.apache.solr.SolrTestCaseJ4,0.00,15,2,14,0,15,4,0,44,670,1
"org.apache.solr.handler.dataimport.TestLineEntityProcessor$DataSource<Reader>",3,0.00,1.00,5,0.04,249.15,3,0,7,4,1,155.89,0,8,0,1,155.89,0.00,0.00,0.00,0,3.00,1,106.39,0,1,1,java.lang.Object,0.00,1,0,3,0,1,2,0,0,34,0
"org.apache.solr.handler.dataimport.TestMailEntityProcessor",7,0.10,1.14,102,1.68,36441.74,12,5,10,22,3,138.84,19,128,0,3,98.95,0.00,0.67,0.29,1,0.00,2,5051.51,0,1,3,org.apache.solr.SolrTestCaseJ4,0.00,15,2,8,0,15,6,0,10,911,1
"org.apache.solr.handler.dataimport.TestMailEntityProcessor$SolrWriterImpl",5,0.17,1.00,13,0.11,1298.05,8,3,10,7,2,140.76,1,19,0,2,140.76,0.00,0.50,0.20,0,14.00,1,324.59,0,0,2,org.apache.solr.handler.dataimport.SolrWriter,0.21,2,1,5,0,2,5,0,1,87,1
"org.apache.solr.handler.dataimport.TestNumberFormatTransformer",9,0.00,1.00,73,1.68,41066.75,11,2,8,23,7,108.50,8,117,0,3,108.50,0.00,0.67,0.50,0,0.00,1,5033.02,0,0,7,org.apache.solr.SolrTestCaseJ4,0.00,14,2,9,0,14,9,0,1,929,1
"org.apache.solr.handler.dataimport.TestPlainTextEntityProcessor",1,0.00,1.00,10,0.17,2786.47,2,1,6,10,2,64.28,7,20,0,3,106.57,0.00,0.67,1.00,0,0.00,1,519.86,0,0,2,org.apache.solr.SolrTestCaseJ4,0.00,9,2,1,0,9,1,0,1,107,1
"org.apache.solr.handler.dataimport.TestPlainTextEntityProcessor$DS",3,1.00,1.00,6,0.05,375.69,4,1,6,4,2,143.25,0,10,0,2,143.25,0.00,0.50,0.33,0,4.00,1,136.93,0,1,2,org.apache.solr.handler.dataimport.DataSource,0.33,1,1,3,0,1,2,0,0,41,2
"org.apache.solr.handler.dataimport.TestRegexTransformer",7,0.00,1.00,100,2.00,76325.93,7,0,13,27,6,117.07,26,123,1,3,96.45,0.00,0.67,0.00,2,7.00,1,6009.80,0,2,5,org.apache.solr.SolrTestCaseJ4,0.00,20,2,7,0,20,5,0,21,1077,1
"org.apache.solr.handler.dataimport.TestScriptTransformer",5,0.75,1.00,51,0.98,23044.14,6,1,14,30,6,144.73,11,85,0,3,104.85,0.00,0.67,0.40,1,7.00,1,2944.57,0,1,6,org.apache.solr.SolrTestCaseJ4,0.00,25,2,5,0,25,4,0,1,543,1
"org.apache.solr.handler.dataimport.TestSqlEntityProcessor",6,1.00,2.50,81,1.44,58222.97,7,1,4,29,8,147.84,8,103,0,3,97.84,0.00,0.67,0.17,1,10.00,3,4324.63,0,2,8,org.apache.solr.SolrTestCaseJ4,0.00,23,2,15,0,23,4,0,1,773,1
"org.apache.solr.handler.dataimport.TestSqlEntityProcessor$DataSource<Iterator<Map<String,Object>>>",3,0.00,1.00,5,0.06,536.48,3,0,4,4,1,153.26,0,8,0,1,153.26,0.00,0.00,0.00,0,3.00,1,166.65,0,1,1,java.lang.Object,0.00,1,0,3,0,1,2,0,0,48,0
"org.apache.solr.handler.dataimport.TestSqlEntityProcessor$T",1,0.00,1.00,4,0.04,547.85,1,0,4,2,2,126.98,0,6,0,2,126.98,0.00,0.50,0.00,0,1.00,1,115.56,0,1,2,org.apache.solr.handler.dataimport.Transformer,0.00,1,1,1,0,1,0,0,0,30,2
"org.apache.solr.handler.dataimport.TestSqlEntityProcessor$T2",1,0.00,1.00,8,0.11,3284.20,1,0,4,3,2,109.62,0,10,0,2,109.62,0.00,0.50,0.00,0,0.00,1,332.13,0,1,2,org.apache.solr.handler.dataimport.Transformer,0.00,2,1,1,0,2,0,0,0,72,2
"org.apache.solr.handler.dataimport.TestSqlEntityProcessor$T3",1,0.00,1.00,4,0.03,485.22,1,0,4,2,0,127.39,0,6,0,1,127.39,0.00,0.00,0.00,0,1.00,1,95.61,0,1,0,java.lang.Object,0.00,1,0,1,0,1,0,0,0,26,2
"org.apache.solr.handler.dataimport.TestSqlEntityProcessor2",11,0.10,1.00,105,1.65,43724.74,15,4,5,15,2,107.06,9,174,0,5,107.06,0.00,0.80,0.16,0,50.00,1,4956.93,7,2,2,org.apache.solr.handler.dataimport.AbstractDataImportHandlerTestCase,0.34,4,4,11,0,4,9,0,1,944,1
"org.apache.solr.handler.dataimport.TestSqlEntityProcessor2$DateFormatValidatingEvaluator",1,0.00,3.00,14,0.19,5204.86,1,0,5,9,4,98.73,0,19,0,2,98.73,0.00,0.50,0.00,0,1.00,3,576.31,0,1,4,org.apache.solr.handler.dataimport.Evaluator,0.00,8,1,3,0,8,0,0,0,110,1
"org.apache.solr.handler.dataimport.TestSqlEntityProcessorDelta",13,0.17,1.00,133,1.96,46903.37,17,4,5,19,2,105.69,11,201,0,5,105.69,0.00,0.80,0.40,1,0.00,1,5884.46,7,2,2,org.apache.solr.handler.dataimport.AbstractDataImportHandlerTestCase,0.33,6,4,13,0,6,11,0,3,1110,1
"org.apache.solr.handler.dataimport.TestSqlEntityProcessorDelta2",13,0.17,1.00,133,1.96,46903.37,17,4,5,19,2,105.69,9,201,0,5,105.69,0.00,0.80,0.40,1,0.00,1,5884.46,7,2,2,org.apache.solr.handler.dataimport.AbstractDataImportHandlerTestCase,0.33,6,4,13,0,6,11,0,1,1110,1
"org.apache.solr.handler.dataimport.TestTemplateString",1,2.00,1.00,9,0.15,3090.20,3,2,7,11,3,59.82,8,19,0,3,107.92,0.00,0.67,0.00,0,1.00,1,446.73,0,0,3,org.apache.solr.SolrTestCaseJ4,0.00,10,2,1,0,10,1,0,1,93,1
"org.apache.solr.handler.dataimport.TestTemplateTransformer",1,0.00,1.00,19,0.43,16952.14,1,0,7,12,5,40.00,9,34,0,3,90.00,0.00,0.67,0.00,0,1.00,1,1301.62,0,0,5,org.apache.solr.SolrTestCaseJ4,0.00,11,2,1,0,11,1,0,2,222,1
"org.apache.solr.handler.dataimport.TestThreaded",3,1.00,1.00,24,0.36,9066.24,4,1,4,7,2,109.91,1,40,0,5,109.91,0.00,0.80,0.33,0,4.00,1,1094.64,4,2,2,org.apache.solr.handler.dataimport.AbstractDataImportHandlerTestCase,0.20,4,4,3,0,4,1,0,1,211,1
"org.apache.solr.handler.dataimport.TestTikaEntityProcessor",5,0.00,1.00,13,0.13,1553.37,5,0,2,5,1,140.14,4,31,0,5,140.14,0.00,0.80,0.00,0,5.00,1,379.95,5,2,1,org.apache.solr.handler.dataimport.AbstractDataImportHandlerTestCase,0.38,0,4,5,0,0,3,0,1,95,1
"org.apache.solr.handler.dataimport.TestURLDataSource",1,1.00,1.00,12,0.22,5401.61,6,5,8,11,5,101.35,0,16,0,3,101.35,0.00,0.67,0.80,0,0.00,1,658.98,0,0,5,org.apache.solr.SolrTestCaseJ4,0.00,10,2,1,0,10,1,0,0,131,1
"org.apache.solr.handler.dataimport.TestVariableResolver",9,0.00,1.00,88,1.54,45726.80,9,0,6,35,7,156.22,11,120,1,3,106.22,0.00,0.67,0.00,0,9.00,1,4606.10,0,0,6,org.apache.solr.SolrTestCaseJ4,0.00,26,2,9,0,26,9,0,4,857,1
"org.apache.solr.handler.dataimport.TestVariableResolver$E",1,0.00,1.00,3,0.02,170.21,1,0,6,1,2,135.63,0,5,0,2,135.63,0.00,0.50,0.00,0,1.00,1,61.16,0,1,2,org.apache.solr.handler.dataimport.Evaluator,0.00,0,1,1,0,0,0,0,0,19,2
"org.apache.solr.handler.dataimport.TestXPathEntityProcessor",9,0.07,2.78,124,2.66,119832.22,16,7,12,42,8,146.73,9,215,0,3,96.73,0.00,0.67,0.21,1,41.00,9,7976.20,0,1,8,org.apache.solr.SolrTestCaseJ4,0.00,33,2,25,0,33,8,0,2,1288,1
"org.apache.solr.handler.dataimport.TestXPathEntityProcessor$DataSource<Reader>",3,0.00,1.00,5,0.04,249.15,3,0,12,4,1,155.89,0,8,0,1,155.89,0.00,0.00,0.00,0,3.00,1,106.39,0,1,1,java.lang.Object,0.00,1,0,3,0,1,2,0,0,34,0
"org.apache.solr.handler.dataimport.TestXPathEntityProcessor$XPathEntityProcessor",1,1.00,3.00,9,0.11,4466.61,2,1,12,3,0,106.41,0,16,0,1,106.41,0.00,0.00,0.00,0,0.00,3,334.76,1,1,0,java.lang.Object,0.00,2,0,3,0,2,0,0,0,69,0
"org.apache.solr.handler.dataimport.TestXPathRecordReader",21,0.00,1.14,253,6.28,224721.02,21,0,7,42,2,98.98,10,491,0,3,98.98,0.00,0.67,0.00,0,21.00,3,18830.52,0,0,2,org.apache.solr.SolrTestCaseJ4,0.00,21,2,24,0,21,21,0,5,3280,1
"org.apache.solr.handler.dataimport.TestXPathRecordReader$XPathRecordReader.Handler",1,0.00,4.00,5,0.08,1688.16,1,0,7,4,0,119.19,0,6,0,1,119.19,0.00,0.00,0.00,0,1.00,4,226.42,0,0,0,java.lang.Object,0.00,3,0,4,0,3,1,0,0,52,0
"org.apache.solr.handler.dataimport.ThreadedContext",11,0.30,1.09,32,0.31,4728.86,13,2,0,16,8,139.01,6,59,2,3,139.01,0.00,0.67,0.23,2,32.00,2,930.77,3,4,6,org.apache.solr.handler.dataimport.ContextImpl,0.26,5,2,12,0,5,7,0,2,242,1
"org.apache.solr.handler.dataimport.ThreadedEntityProcessorWrapper",4,0.11,4.25,53,0.67,27658.34,7,3,9,20,7,138.76,9,67,1,3,98.88,0.00,0.67,0.25,0,6.00,9,2000.26,1,1,6,org.apache.solr.handler.dataimport.EntityProcessorWrapper,0.12,16,2,17,0,16,3,0,4,389,1
"org.apache.solr.handler.dataimport.TikaEntityProcessor",5,0.17,4.60,77,1.23,58331.36,11,6,30,42,4,144.75,6,101,0,3,94.75,0.00,0.67,0.30,0,7.00,13,3688.48,0,4,4,org.apache.solr.handler.dataimport.EntityProcessorBase,0.12,37,2,23,0,37,1,0,1,638,1
"org.apache.solr.handler.dataimport.TikaEntityProcessor$ContentHandlerDecorator",4,0.00,2.00,13,0.18,4180.28,4,0,30,6,0,129.27,2,26,0,1,129.27,0.00,0.00,0.00,0,4.00,3,533.69,2,0,0,java.lang.Object,0.00,2,0,8,0,2,4,0,2,124,0
"org.apache.solr.handler.dataimport.Transformer",1,0.00,1.00,2,0.02,200.84,1,0,1,1,24,183.12,29,3,23,1,141.64,0.00,0.00,0.00,0,1.00,1,63.42,0,1,1,java.lang.Object,0.00,0,0,1,18,0,0,0,2,19,2
"org.apache.solr.handler.dataimport.URLDataSource",6,0.18,3.00,62,0.89,30198.65,22,16,10,29,6,154.29,10,85,3,2,104.29,1.00,0.33,0.21,1,10.00,7,2679.54,0,3,3,org.apache.solr.handler.dataimport.DataSource,0.22,23,1,18,1,23,3,0,1,488,1
"org.apache.solr.handler.dataimport.VariableResolver",2,0.00,1.00,3,0.02,131.11,2,0,0,2,11,136.55,29,4,11,1,156.69,0.00,0.00,0.00,0,2.00,1,58.07,0,2,0,java.lang.Object,0.00,0,0,2,1,0,0,0,3,21,2
"org.apache.solr.handler.dataimport.VariableResolverImpl",8,0.02,3.25,76,1.01,74283.38,14,6,4,27,26,143.77,17,95,23,2,103.89,0.00,0.50,0.19,2,28.00,9,3032.64,0,5,3,org.apache.solr.handler.dataimport.VariableResolver,0.00,19,1,26,0,19,3,0,3,588,1
"org.apache.solr.handler.dataimport.XPathEntityProcessor",12,0.10,6.33,227,3.84,246398.91,36,24,18,77,9,139.79,19,308,1,3,89.79,0.00,0.67,0.14,6,20.00,18,11512.71,1,5,8,org.apache.solr.handler.dataimport.EntityProcessorBase,0.09,65,2,76,0,65,7,0,8,1950,1
"org.apache.solr.handler.dataimport.XPathEntityProcessor$Iterator<Map<String,Object>>",3,0.25,3.33,31,0.38,20183.46,5,2,18,10,1,103.28,1,40,0,1,103.28,0.00,0.00,0.33,0,4.00,8,1142.88,0,1,1,java.lang.Object,0.00,7,0,10,0,7,2,0,1,212,0
"org.apache.solr.handler.dataimport.XPathEntityProcessor$SimpleCharArrayReader",1,0.00,1.00,3,0.03,308.03,1,0,18,2,0,133.61,0,5,0,2,133.61,0.00,0.50,0.00,0,1.00,1,84.38,0,1,0,java.io.CharArrayWriter,0.00,1,1,1,0,1,0,0,0,24,2
"org.apache.solr.handler.dataimport.XPathEntityProcessor$Thread",2,0.00,4.00,16,0.17,3619.41,2,0,18,8,0,111.34,0,27,0,1,111.34,0.00,0.00,0.00,1,2.00,4,503.30,0,0,0,java.lang.Object,0.00,6,0,8,0,6,2,0,0,106,0
"org.apache.solr.handler.dataimport.XPathEntityProcessor$Thread$XPathRecordReader.Handler_0",1,0.00,3.00,11,0.12,3952.32,1,0,18,6,0,143.46,2,16,0,1,103.58,0.00,0.00,0.00,0,1.00,3,374.96,0,0,0,java.lang.Object,0.00,5,0,3,0,5,1,0,2,75,0
"org.apache.solr.handler.dataimport.XPathEntityProcessor$XPathRecordReader.Handler",1,0.00,1.00,3,0.04,592.87,1,0,18,3,0,131.37,0,5,0,1,131.37,0.00,0.00,0.00,0,1.00,1,127.88,0,0,0,java.lang.Object,0.00,2,0,1,0,2,1,0,0,32,0
"org.apache.solr.handler.dataimport.XPathRecordReader",7,0.17,2.57,56,0.83,32825.70,11,4,9,35,3,117.32,125,74,3,1,108.19,0.00,0.00,0.11,3,13.00,6,2486.90,0,4,0,java.lang.Object,0.00,28,0,18,0,28,3,0,17,504,1
"org.apache.solr.handler.dataimport.XPathRecordReader$Handler",1,0.00,1.00,3,0.03,337.11,1,0,9,2,0,133.30,0,4,0,1,133.30,0.00,0.00,0.00,0,1.00,1,84.00,0,0,0,java.lang.Object,0.00,1,0,1,0,1,1,0,0,23,0
"org.apache.solr.handler.dataimport.XPathRecordReader$Handler_0",1,0.00,1.00,2,0.02,156.38,1,0,9,1,0,94.39,8,3,0,1,142.49,0.00,0.00,0.00,0,1.00,1,58.21,0,0,0,,0.00,0,0,1,0,0,1,0,1,18,2
"org.apache.solr.handler.dataimport.XPathRecordReader$Node",12,0.06,6.33,195,2.96,200109.29,26,14,9,61,0,48.28,139,271,0,1,92.41,0.00,0.00,0.12,5,54.00,21,8888.07,0,3,0,java.lang.Object,0.00,49,0,76,0,49,9,0,92,1581,2
"org.apache.lucene.benchmark.quality.utils.DocNameExtractor",2,0.50,1.00,8,0.07,794.04,4,2,4,5,5,85.79,14,11,2,1,128.08,0.00,0.00,0.75,0,0.00,1,199.77,0,1,3,java.lang.Object,0.00,3,0,2,0,3,1,0,3,53,1
"org.apache.lucene.benchmark.quality.utils.DocNameExtractor$FieldSelector",1,0.00,2.00,3,0.03,496.00,1,0,4,2,1,131.82,0,6,0,1,131.82,0.00,0.00,0.00,0,0.00,2,96.00,0,1,1,java.lang.Object,0.00,1,0,2,0,1,0,0,0,26,0
"org.apache.lucene.benchmark.quality.utils.QualityQueriesFinder",5,0.25,3.00,52,0.92,48299.33,7,2,8,28,7,141.95,14,69,1,1,102.06,0.00,0.00,0.30,1,10.00,5,2758.71,0,3,6,java.lang.Object,0.00,23,0,15,0,23,2,0,5,514,1
"org.apache.lucene.benchmark.quality.utils.QualityQueriesFinder$TermDf",1,2.00,1.00,6,0.04,383.86,3,2,8,1,0,121.62,0,8,0,1,121.62,0.00,0.00,0.00,0,1.00,1,114.62,0,0,0,java.lang.Object,0.00,0,0,1,0,0,1,0,0,33,2
"org.apache.lucene.benchmark.quality.utils.QualityQueriesFinder$TermsDfQueue",2,0.00,1.00,5,0.05,737.86,2,0,8,2,1,139.56,0,9,0,2,139.56,0.00,0.50,0.00,0,2.00,1,143.85,1,0,1,org.apache.lucene.util.PriorityQueue,0.00,0,1,2,0,0,2,0,0,41,2
"org.apache.lucene.benchmark.quality.utils.SimpleQQParser",3,0.17,1.67,22,0.26,8354.23,6,3,9,9,11,94.36,17,23,2,1,112.23,0.00,0.00,0.22,0,4.00,3,783.57,0,1,9,java.lang.Object,0.00,6,0,5,0,6,2,1,4,164,1
"org.apache.lucene.benchmark.quality.utils.SubmissionReport",4,0.17,2.00,30,0.40,12716.18,8,4,7,16,8,111.97,19,42,3,1,111.74,0.00,0.00,0.38,0,4.00,3,1208.66,0,1,5,java.lang.Object,0.00,12,0,8,0,12,3,0,3,245,1
"org.apache.solr.analysis.ASCIIFoldingFilterFactory",1,0.00,1.00,3,0.02,225.35,1,0,2,2,4,184.67,1,5,1,3,134.67,0.00,0.67,0.00,0,1.00,1,58.69,0,1,3,org.apache.solr.analysis.BaseTokenFilterFactory,0.00,1,2,1,0,1,0,0,1,19,1
"org.apache.solr.analysis.ArabicLetterTokenizerFactory",1,0.00,1.00,4,0.03,274.80,1,0,2,2,3,149.95,3,6,1,3,129.34,0.00,0.67,0.00,0,0.00,1,76.45,1,1,2,org.apache.solr.analysis.BaseTokenizerFactory,0.00,1,2,1,0,1,0,0,1,23,1
"org.apache.solr.analysis.ArabicNormalizationFilterFactory",1,0.00,1.00,3,0.02,225.35,1,0,2,2,4,155.29,3,5,1,3,134.67,0.00,0.67,0.00,0,1.00,1,58.69,0,1,3,org.apache.solr.analysis.BaseTokenFilterFactory,0.00,1,2,1,0,1,0,0,1,19,1
"org.apache.solr.analysis.ArabicStemFilterFactory",1,0.00,1.00,3,0.02,225.35,1,0,2,2,4,155.29,3,5,1,3,134.67,0.00,0.67,0.00,0,1.00,1,58.69,0,1,3,org.apache.solr.analysis.BaseTokenFilterFactory,0.00,1,2,1,0,1,0,0,1,19,1
"org.apache.solr.analysis.BaseCharFilterFactory",5,0.38,1.40,17,0.20,4335.49,7,2,3,9,4,179.99,7,24,3,1,129.99,0.00,0.00,0.20,1,7.00,3,591.15,0,1,1,java.lang.Object,0.00,4,0,7,3,4,4,1,2,140,2
"org.apache.solr.analysis.BaseTokenFilterFactory",0,0.00,0.00,2,0.03,699.09,1,1,2,1,67,171.00,5,3,65,2,171.00,65.00,0.01,0.00,0,0.00,0,101.95,0,0,2,org.apache.solr.analysis.BaseTokenStreamFactory,0.00,1,1,0,65,1,0,1,1,24,2
"org.apache.solr.analysis.BaseTokenStreamFactory",9,0.19,1.89,42,0.52,14239.77,11,2,10,23,9,173.20,15,61,2,1,123.20,0.00,0.00,0.33,3,27.00,3,1569.72,0,2,7,java.lang.Object,0.00,14,0,17,80,14,7,0,8,340,1
"org.apache.solr.analysis.BaseTokenTestCase",0,0.00,0.00,3,0.08,1917.57,2,2,5,4,69,171.00,5,6,66,4,171.00,22.00,0.04,0.00,0,0.00,0,232.85,0,0,3,org.apache.lucene.analysis.BaseTokenStreamTestCase,0.00,4,3,0,66,4,0,0,3,47,2
"org.apache.solr.analysis.BaseTokenizerFactory",0,0.00,0.00,2,0.03,699.09,1,1,2,1,17,171.00,5,3,15,2,171.00,13.00,0.07,0.00,0,0.00,0,101.95,0,0,2,org.apache.solr.analysis.BaseTokenStreamFactory,0.00,1,1,0,13,1,0,1,1,24,2
"org.apache.solr.analysis.BrazilianStemFilterFactory",1,0.00,1.00,3,0.02,225.35,1,0,2,2,4,184.67,1,5,1,3,134.67,0.00,0.67,0.00,0,1.00,1,58.69,0,1,3,org.apache.solr.analysis.BaseTokenFilterFactory,0.00,1,2,1,0,1,0,0,1,19,1
"org.apache.solr.analysis.BulgarianStemFilterFactory",1,0.00,1.00,3,0.02,225.35,1,0,2,2,4,184.67,1,5,1,3,134.67,0.00,0.67,0.00,0,1.00,1,58.69,0,1,3,org.apache.solr.analysis.BaseTokenFilterFactory,0.00,1,2,1,0,1,0,0,1,19,1
"org.apache.solr.analysis.CJKTokenizerFactory",1,0.00,1.00,3,0.02,225.35,1,0,2,2,3,184.67,1,5,1,3,134.67,0.00,0.67,0.00,0,1.00,1,58.69,0,1,2,org.apache.solr.analysis.BaseTokenizerFactory,0.00,1,2,1,0,1,0,0,1,19,1
"org.apache.solr.analysis.CapitalizationFilter",2,0.00,5.00,33,0.42,32645.56,4,2,8,8,4,142.54,2,41,1,4,92.54,0.00,0.75,0.50,0,2.00,9,1260.12,0,0,4,org.apache.lucene.analysis.TokenFilter,0.29,6,3,10,0,6,2,0,2,231,1
"org.apache.solr.analysis.CapitalizationFilterFactory",3,0.50,8.33,89,1.20,77013.43,19,16,8,20,6,37.11,33,106,2,3,81.24,0.00,0.67,0.40,0,1.00,13,3598.94,2,0,5,org.apache.solr.analysis.BaseTokenFilterFactory,0.00,17,2,25,0,17,3,0,9,632,1
"org.apache.solr.analysis.CharFilterFactory",3,0.00,1.00,4,0.03,247.81,3,0,2,3,9,195.79,6,5,8,1,155.90,0.00,0.00,0.00,0,3.00,1,89.64,0,2,1,,0.00,0,0,3,0,0,1,0,1,31,1
"org.apache.solr.analysis.CollationKeyFilterFactory",4,0.67,5.25,34,0.86,46442.45,5,1,13,17,7,60.79,44,75,1,3,104.92,0.00,0.67,0.50,0,4.00,13,2567.55,0,3,6,org.apache.solr.analysis.BaseTokenFilterFactory,0.00,13,2,21,0,13,1,1,9,468,1
"org.apache.solr.analysis.CommonGramsFilter",13,0.06,1.69,79,0.92,23596.43,24,11,11,35,14,66.19,120,100,6,4,116.19,0.00,0.75,0.15,4,36.00,4,2774.32,1,2,8,org.apache.lucene.analysis.TokenFilter,0.32,22,3,22,0,22,11,0,19,592,2
"org.apache.solr.analysis.CommonGramsFilterFactory",4,0.33,1.50,19,0.17,3428.80,6,2,7,7,8,175.35,7,28,1,3,125.35,0.00,0.67,0.75,0,0.00,3,520.39,0,1,7,org.apache.solr.analysis.BaseTokenFilterFactory,0.00,3,2,6,0,3,3,1,3,118,1
"org.apache.solr.analysis.CommonGramsFilterFactoryTest",2,0.00,2.00,35,0.61,28517.54,2,0,9,16,7,92.47,8,43,0,5,92.23,0.00,0.80,0.00,0,0.00,2,1819.27,1,0,7,org.apache.solr.analysis.BaseTokenTestCase,0.00,14,4,4,0,14,2,0,2,325,1
"org.apache.solr.analysis.CommonGramsFilterTest",10,0.22,1.00,137,2.35,105280.19,11,1,8,27,8,98.01,40,193,0,5,97.77,0.00,0.80,0.80,0,0.00,1,7054.62,2,0,8,org.apache.solr.analysis.BaseTokenTestCase,0.00,17,4,10,0,17,10,0,16,1304,1
"org.apache.solr.analysis.CommonGramsFilterTest$Analyzer",1,0.00,1.00,3,0.04,462.99,1,0,8,4,4,132.21,0,6,0,1,132.21,0.00,0.00,0.00,0,0.00,1,118.45,0,1,4,java.lang.Object,0.00,3,0,1,0,3,0,0,0,30,0
"org.apache.solr.analysis.CommonGramsFilterTest$Analyzer_0",1,0.00,1.00,3,0.03,408.71,1,0,8,3,3,132.64,0,6,0,1,132.64,0.00,0.00,0.00,0,0.00,1,103.91,0,1,3,java.lang.Object,0.00,2,0,1,0,2,0,0,0,27,0
"org.apache.solr.analysis.CommonGramsQueryFilter",4,0.25,2.25,31,0.29,9110.59,8,4,5,9,7,62.85,39,41,3,4,112.85,0.00,0.75,0.44,1,2.00,6,857.00,1,0,4,org.apache.lucene.analysis.TokenFilter,0.50,5,3,9,0,5,4,0,7,186,2
"org.apache.solr.analysis.CommonGramsQueryFilterFactory",5,0.12,1.40,23,0.22,4213.87,7,2,8,9,9,165.31,11,36,1,3,125.43,0.00,0.67,0.60,0,0.00,3,648.88,2,2,8,org.apache.solr.analysis.BaseTokenFilterFactory,0.00,4,2,7,0,4,3,1,4,149,1
"org.apache.solr.analysis.CommonGramsQueryFilterFactoryTest",2,0.00,2.00,35,0.60,28293.17,2,0,9,16,7,92.49,8,43,0,5,92.26,0.00,0.80,0.00,0,0.00,2,1795.62,1,0,7,org.apache.solr.analysis.BaseTokenTestCase,0.00,14,4,4,0,14,2,0,2,322,1
"org.apache.solr.analysis.CzechStemFilterFactory",1,0.00,1.00,3,0.02,225.35,1,0,2,2,4,184.67,1,5,1,3,134.67,0.00,0.67,0.00,0,1.00,1,58.69,0,1,3,org.apache.solr.analysis.BaseTokenFilterFactory,0.00,1,2,1,0,1,0,0,1,19,1
"org.apache.solr.analysis.DelimitedPayloadTokenFilterFactory",3,0.38,2.67,25,0.31,7530.01,7,4,10,13,11,160.32,4,33,1,3,110.32,0.00,0.67,0.50,0,1.00,6,938.68,1,1,10,org.apache.solr.analysis.BaseTokenFilterFactory,0.00,10,2,8,0,10,2,1,1,190,1
"org.apache.solr.analysis.Deprecated",11,0.11,1.73,65,0.82,22926.40,19,8,12,50,10,86.44,72,78,0,4,118.67,0.00,0.75,0.23,3,40.00,5,2471.66,1,4,10,org.apache.lucene.analysis.TokenFilter,0.35,39,3,19,0,39,7,0,11,516,2
"org.apache.solr.analysis.DictionaryCompoundWordTokenFilterFactory",3,0.75,1.67,23,0.27,5125.19,9,6,8,7,9,113.90,1,31,1,3,113.90,0.00,0.67,0.67,0,0.00,2,800.01,3,1,8,org.apache.solr.analysis.BaseTokenFilterFactory,0.00,4,2,5,0,4,2,1,1,166,1
"org.apache.solr.analysis.DoubleMetaphoneFilter",3,0.25,4.67,48,0.64,39774.44,9,6,7,23,7,133.15,6,61,3,4,93.27,0.00,0.75,0.33,0,1.00,12,1916.27,0,0,4,org.apache.lucene.analysis.TokenFilter,0.53,20,3,14,0,20,3,0,6,359,2
"org.apache.solr.analysis.DoubleMetaphoneFilterFactory",2,0.80,1.50,13,0.17,3282.11,7,5,2,5,4,116.56,0,19,1,3,116.56,0.00,0.67,0.60,0,0.00,2,501.94,1,1,3,org.apache.solr.analysis.BaseTokenFilterFactory,0.00,3,2,3,0,3,1,0,0,111,1
"org.apache.solr.analysis.DoubleMetaphoneFilterFactoryTest",3,0.00,1.00,30,0.46,12275.04,3,0,6,19,6,155.25,4,34,0,5,105.25,0.00,0.80,0.00,0,0.00,1,1375.29,1,0,6,org.apache.solr.analysis.BaseTokenTestCase,0.00,16,4,3,0,16,3,0,2,265,1
"org.apache.solr.analysis.DoubleMetaphoneFilterTest",6,0.00,1.00,28,0.41,6807.42,6,0,3,9,4,124.49,1,35,0,5,124.49,0.00,0.80,0.00,0,0.00,1,1237.84,1,0,4,org.apache.solr.analysis.BaseTokenTestCase,0.00,3,4,6,0,3,6,0,1,269,1
"org.apache.solr.analysis.EdgeNGramFilterFactory",2,1.33,2.50,15,0.22,7546.16,5,3,3,6,4,161.10,3,22,1,3,111.10,0.00,0.67,1.00,0,0.00,4,669.56,1,1,3,org.apache.solr.analysis.BaseTokenFilterFactory,0.00,4,2,5,0,4,1,0,1,138,1
"org.apache.solr.analysis.EdgeNGramTokenizerFactory",2,1.33,2.50,15,0.22,7546.16,5,3,3,6,3,161.10,3,20,1,3,111.10,0.00,0.67,1.00,0,0.00,4,669.56,1,1,2,org.apache.solr.analysis.BaseTokenizerFactory,0.00,4,2,5,0,4,1,0,1,138,1
"org.apache.solr.analysis.ElisionFilterFactory",2,0.00,2.50,11,0.12,2614.77,3,1,6,5,7,120.18,1,18,1,3,120.18,0.00,0.67,1.00,0,0.00,3,367.77,1,1,6,org.apache.solr.analysis.BaseTokenFilterFactory,0.00,3,2,5,0,3,1,1,1,84,1
"org.apache.solr.analysis.EnglishMinimalStemFilterFactory",1,0.00,1.00,3,0.02,225.35,1,0,2,2,4,184.67,1,5,1,3,134.67,0.00,0.67,0.00,0,1.00,1,58.69,0,1,3,org.apache.solr.analysis.BaseTokenFilterFactory,0.00,1,2,1,0,1,0,0,1,19,1
"org.apache.solr.analysis.EnglishPorterFilterFactory",2,0.50,2.50,12,0.16,3154.48,4,2,8,7,11,156.47,5,19,2,3,116.58,0.00,0.67,0.75,0,0.00,3,476.04,0,1,9,org.apache.solr.analysis.BaseTokenFilterFactory,0.00,5,2,5,0,5,1,1,1,104,1
"org.apache.solr.analysis.EnglishPorterFilterFactoryTest",2,0.00,2.50,44,0.77,30653.36,2,0,15,20,8,87.75,0,46,0,5,87.75,0.00,0.80,0.00,0,0.00,3,2318.94,1,0,8,org.apache.solr.analysis.BaseTokenTestCase,0.00,18,4,5,0,18,2,0,0,384,1
"org.apache.solr.analysis.EnglishPorterFilterFactoryTest$LinesMockSolrResourceLoader",4,1.00,1.00,10,0.08,939.54,5,1,15,4,1,141.10,0,15,0,1,141.10,0.00,0.00,0.25,0,6.00,1,241.90,0,3,1,java.lang.Object,0.00,0,0,4,0,0,1,1,0,67,0
"org.apache.solr.analysis.FinnishLightStemFilterFactory",1,0.00,1.00,3,0.02,225.35,1,0,2,2,4,184.67,1,5,1,3,134.67,0.00,0.67,0.00,0,1.00,1,58.69,0,1,3,org.apache.solr.analysis.BaseTokenFilterFactory,0.00,1,2,1,0,1,0,0,1,19,1
"org.apache.solr.analysis.FrenchLightStemFilterFactory",1,0.00,1.00,3,0.02,225.35,1,0,2,2,4,184.67,1,5,1,3,134.67,0.00,0.67,0.00,0,1.00,1,58.69,0,1,3,org.apache.solr.analysis.BaseTokenFilterFactory,0.00,1,2,1,0,1,0,0,1,19,1
"org.apache.solr.analysis.FrenchMinimalStemFilterFactory",1,0.00,1.00,3,0.02,225.35,1,0,2,2,4,184.67,1,5,1,3,134.67,0.00,0.67,0.00,0,1.00,1,58.69,0,1,3,org.apache.solr.analysis.BaseTokenFilterFactory,0.00,1,2,1,0,1,0,0,1,19,1
"org.apache.solr.analysis.GermanLightStemFilterFactory",1,0.00,1.00,3,0.02,225.35,1,0,2,2,4,184.67,1,5,1,3,134.67,0.00,0.67,0.00,0,1.00,1,58.69,0,1,3,org.apache.solr.analysis.BaseTokenFilterFactory,0.00,1,2,1,0,1,0,0,1,19,1
"org.apache.solr.analysis.GermanMinimalStemFilterFactory",1,0.00,1.00,3,0.02,225.35,1,0,2,2,4,184.67,1,5,1,3,134.67,0.00,0.67,0.00,0,1.00,1,58.69,0,1,3,org.apache.solr.analysis.BaseTokenFilterFactory,0.00,1,2,1,0,1,0,0,1,19,1
"org.apache.solr.analysis.GermanStemFilterFactory",1,0.00,1.00,3,0.02,225.35,1,0,2,2,4,184.67,1,5,1,3,134.67,0.00,0.67,0.00,0,1.00,1,58.69,0,1,3,org.apache.solr.analysis.BaseTokenFilterFactory,0.00,1,2,1,0,1,0,0,1,19,1
"org.apache.solr.analysis.GreekLowerCaseFilterFactory",2,0.00,1.50,7,0.08,1784.96,2,0,5,5,5,129.87,1,15,1,3,129.87,0.00,0.67,0.00,0,2.00,2,253.65,2,1,4,org.apache.solr.analysis.BaseTokenFilterFactory,0.00,3,2,3,0,3,1,0,1,60,1
"org.apache.solr.analysis.GreekStemFilterFactory",1,0.00,1.00,3,0.02,225.35,1,0,2,2,4,184.67,1,5,1,3,134.67,0.00,0.67,0.00,0,1.00,1,58.69,0,1,3,org.apache.solr.analysis.BaseTokenFilterFactory,0.00,1,2,1,0,1,0,0,1,19,1
"org.apache.solr.analysis.HTMLStripCharFilter",31,0.05,4.71,398,5.96,281132.95,46,15,9,55,7,99.46,154,497,4,5,99.22,0.00,0.80,0.11,19,235.00,18,17876.54,1,0,3,org.apache.lucene.analysis.BaseCharFilter,0.23,24,4,146,0,24,31,0,110,3030,1
"org.apache.solr.analysis.HTMLStripCharFilterFactory",1,0.00,1.00,3,0.02,225.35,1,0,1,2,3,134.67,0,5,0,2,134.67,0.00,0.50,0.00,0,1.00,1,58.69,0,0,3,org.apache.solr.analysis.BaseCharFilterFactory,0.00,1,1,1,0,1,1,0,0,19,1
"org.apache.solr.analysis.HTMLStripCharFilterTest",16,0.00,1.75,153,2.45,86488.94,16,0,10,39,3,155.88,25,190,0,3,105.88,0.00,0.67,0.00,3,16.00,3,7361.73,2,0,3,org.apache.lucene.util.LuceneTestCase,0.21,23,2,28,0,23,16,0,25,1364,1
"org.apache.solr.analysis.HindiNormalizationFilterFactory",1,0.00,1.00,3,0.02,225.35,1,0,2,2,4,184.67,1,5,1,3,134.67,0.00,0.67,0.00,0,1.00,1,58.69,0,1,3,org.apache.solr.analysis.BaseTokenFilterFactory,0.00,1,2,1,0,1,0,0,1,19,1
"org.apache.solr.analysis.HindiStemFilterFactory",1,0.00,1.00,3,0.02,225.35,1,0,2,2,4,184.67,1,5,1,3,134.67,0.00,0.67,0.00,0,1.00,1,58.69,0,1,3,org.apache.solr.analysis.BaseTokenFilterFactory,0.00,1,2,1,0,1,0,0,1,19,1
"org.apache.solr.analysis.HungarianLightStemFilterFactory",1,0.00,1.00,3,0.02,225.35,1,0,2,2,4,184.67,1,5,1,3,134.67,0.00,0.67,0.00,0,1.00,1,58.69,0,1,3,org.apache.solr.analysis.BaseTokenFilterFactory,0.00,1,2,1,0,1,0,0,1,19,1
"org.apache.solr.analysis.HyphenatedWordsFilter",4,0.42,2.50,42,0.46,17978.10,8,4,4,17,5,67.16,50,54,1,4,104.72,0.00,0.75,0.56,1,0.00,6,1378.64,1,0,4,org.apache.lucene.analysis.TokenFilter,0.50,13,3,10,0,13,4,0,12,283,2
"org.apache.solr.analysis.HyphenatedWordsFilterFactory",1,0.00,1.00,3,0.02,225.35,1,0,2,2,4,155.29,3,5,1,3,134.67,0.00,0.67,0.00,0,1.00,1,58.69,0,1,3,org.apache.solr.analysis.BaseTokenFilterFactory,0.00,1,2,1,0,1,0,0,1,19,1
"org.apache.solr.analysis.HyphenationCompoundWordTokenFilterFactory",3,0.83,2.33,33,0.43,9800.97,12,9,14,12,10,61.99,21,44,1,3,104.29,0.00,0.67,0.67,0,0.00,3,1279.44,2,1,9,org.apache.solr.analysis.BaseTokenFilterFactory,0.00,9,2,7,0,9,2,1,4,248,1
"org.apache.solr.analysis.IndicNormalizationFilterFactory",1,0.00,1.00,3,0.02,225.35,1,0,2,2,4,184.67,1,5,1,3,134.67,0.00,0.67,0.00,0,1.00,1,58.69,0,1,3,org.apache.solr.analysis.BaseTokenFilterFactory,0.00,1,2,1,0,1,0,0,1,19,1
"org.apache.solr.analysis.IndicTokenizerFactory",1,0.00,1.00,4,0.03,246.70,1,0,3,2,4,179.70,1,6,1,3,129.70,0.00,0.67,0.00,0,0.00,1,78.42,1,1,3,org.apache.solr.analysis.BaseTokenizerFactory,0.00,1,2,1,0,1,0,0,1,23,1
"org.apache.solr.analysis.IndonesianStemFilterFactory",2,0.00,1.00,7,0.07,886.94,3,1,3,3,4,132.36,1,10,1,3,132.36,0.00,0.67,1.00,0,0.00,1,195.11,1,1,3,org.apache.solr.analysis.BaseTokenFilterFactory,0.00,1,2,2,0,1,1,0,1,51,1
"org.apache.solr.analysis.ItalianLightStemFilterFactory",1,0.00,1.00,3,0.02,225.35,1,0,2,2,4,184.67,1,5,1,3,134.67,0.00,0.67,0.00,0,1.00,1,58.69,0,1,3,org.apache.solr.analysis.BaseTokenFilterFactory,0.00,1,2,1,0,1,0,0,1,19,1
"org.apache.solr.analysis.KeepWordFilter",3,0.25,1.67,13,0.15,2570.16,5,2,6,7,5,145.94,10,19,1,4,125.33,0.00,0.75,0.33,0,4.00,3,447.37,0,0,4,org.apache.lucene.analysis.TokenFilter,0.27,4,3,5,0,4,3,0,3,106,2
"org.apache.solr.analysis.KeepWordFilterFactory",6,0.10,1.50,22,0.21,4286.34,8,2,6,10,8,180.63,8,33,2,3,130.63,0.00,0.67,0.58,0,0.00,3,644.67,0,1,6,org.apache.solr.analysis.BaseTokenFilterFactory,0.00,4,2,9,0,4,5,1,2,153,1
"org.apache.solr.analysis.KeywordMarkerFilterFactory",3,0.33,2.00,15,0.16,3106.87,6,3,6,6,7,88.80,19,22,1,3,121.02,0.00,0.67,0.56,0,0.00,3,466.54,0,1,6,org.apache.solr.analysis.BaseTokenFilterFactory,0.00,3,2,6,0,3,2,1,2,105,1
"org.apache.solr.analysis.KeywordTokenizerFactory",1,0.00,1.00,3,0.02,225.35,1,0,2,2,4,155.29,3,5,2,3,134.67,0.00,0.67,0.00,0,1.00,1,58.69,0,1,2,org.apache.solr.analysis.BaseTokenizerFactory,0.00,1,2,1,0,1,0,0,1,19,1
"org.apache.solr.analysis.LengthFilterFactory",2,1.00,1.00,10,0.13,2236.98,6,4,3,5,4,170.92,3,14,1,3,120.92,0.00,0.67,0.75,0,0.00,1,377.91,1,1,3,org.apache.solr.analysis.BaseTokenFilterFactory,0.00,3,2,2,0,3,1,0,1,89,1
"org.apache.solr.analysis.LengthFilterTest",1,0.00,1.00,10,0.16,4688.60,1,0,6,9,4,104.79,0,12,0,5,104.79,0.00,0.80,0.00,0,0.00,1,485.97,1,0,4,org.apache.solr.analysis.BaseTokenTestCase,0.00,8,4,1,0,8,1,0,0,97,1
"org.apache.solr.analysis.LetterTokenizerFactory",2,0.00,1.00,6,0.05,786.43,2,0,3,3,3,182.77,3,10,1,3,132.77,0.00,0.67,0.00,0,2.00,1,155.94,2,1,2,org.apache.solr.analysis.BaseTokenizerFactory,0.00,1,2,2,0,1,1,0,1,43,1
"org.apache.solr.analysis.LimitTokenCountFilterFactory",2,0.00,1.00,7,0.07,1186.62,3,1,3,5,3,131.36,0,11,0,3,131.36,0.00,0.67,1.00,0,0.00,1,223.86,1,1,3,org.apache.solr.analysis.BaseTokenFilterFactory,0.00,3,2,2,0,3,1,0,0,57,1
"org.apache.solr.analysis.LowerCaseFilterFactory",2,0.00,1.00,6,0.05,786.43,2,0,3,3,3,182.77,3,10,0,3,132.77,0.00,0.67,0.00,0,2.00,1,155.94,2,1,3,org.apache.solr.analysis.BaseTokenFilterFactory,0.00,1,2,2,0,1,1,0,1,43,1
"org.apache.solr.analysis.LowerCaseTokenizerFactory",2,0.00,1.00,6,0.05,786.43,2,0,3,3,3,182.77,3,10,1,3,132.77,0.00,0.67,0.00,0,2.00,1,155.94,2,1,2,org.apache.solr.analysis.BaseTokenizerFactory,0.00,1,2,2,0,1,1,0,1,43,1
"org.apache.solr.analysis.MappingCharFilterFactory",4,0.17,5.75,61,0.81,46060.53,8,4,12,25,9,144.75,7,73,2,2,94.75,0.00,0.50,0.38,2,4.00,14,2434.25,0,2,7,org.apache.solr.analysis.BaseCharFilterFactory,0.00,21,1,23,0,21,2,1,2,443,1
"org.apache.solr.analysis.NGramFilterFactory",2,1.00,2.00,11,0.16,4556.47,4,2,3,5,5,158.21,4,17,2,3,118.33,0.00,0.67,1.00,0,0.00,3,487.78,1,1,3,org.apache.solr.analysis.BaseTokenFilterFactory,0.00,3,2,4,0,3,1,0,2,107,1
"org.apache.solr.analysis.NGramTokenizerFactory",2,1.00,2.00,11,0.16,4556.47,4,2,4,5,5,158.21,5,15,2,3,118.33,0.00,0.67,1.00,0,0.00,3,487.78,1,1,3,org.apache.solr.analysis.BaseTokenizerFactory,0.00,3,2,4,0,3,1,0,3,107,1
"org.apache.solr.analysis.NumericPayloadTokenFilterFactory",2,1.00,1.00,9,0.09,1337.27,4,2,3,5,3,126.29,1,12,0,3,126.29,0.00,0.67,1.00,0,0.00,1,273.65,1,1,3,org.apache.solr.analysis.BaseTokenFilterFactory,0.00,3,2,2,0,3,1,0,1,68,1
"org.apache.solr.analysis.PatternReplaceCharFilter",11,0.05,2.82,98,1.22,72726.34,22,11,6,31,4,146.88,29,124,2,5,106.99,0.00,0.80,0.14,3,68.00,7,3652.12,2,2,2,org.apache.lucene.analysis.BaseCharFilter,0.21,20,4,31,0,20,9,0,7,728,1
"org.apache.solr.analysis.PatternReplaceCharFilterFactory",2,1.50,2.00,16,0.21,5381.85,6,4,4,8,4,150.03,5,24,1,2,110.14,0.00,0.50,1.00,0,0.00,3,630.36,1,1,3,org.apache.solr.analysis.BaseCharFilterFactory,0.00,6,1,4,0,6,1,0,1,128,1
"org.apache.solr.analysis.PatternReplaceFilter",2,0.60,3.00,19,0.25,5625.36,7,5,6,10,5,70.43,25,27,2,4,107.99,0.00,0.75,0.50,0,0.00,4,736.35,0,0,3,org.apache.lucene.analysis.TokenFilter,0.29,8,3,6,0,8,2,0,3,155,2
"org.apache.solr.analysis.PatternReplaceFilterFactory",2,1.33,3.00,21,0.27,9768.33,5,3,4,9,3,144.28,4,34,0,3,104.40,0.00,0.67,1.00,0,0.00,5,805.86,1,1,3,org.apache.solr.analysis.BaseTokenFilterFactory,0.00,7,2,6,0,7,1,0,1,156,1
"org.apache.solr.analysis.PatternTokenizer",4,0.48,2.75,51,0.66,45042.62,11,7,8,15,4,50.50,35,64,1,4,98.61,0.00,0.75,0.50,0,0.00,8,1991.05,2,0,3,org.apache.lucene.analysis.Tokenizer,0.38,11,3,11,0,11,4,0,8,394,2
"org.apache.solr.analysis.PatternTokenizerFactory",4,0.17,3.50,48,0.76,42831.45,8,4,10,20,6,61.16,51,77,1,3,98.72,0.00,0.67,0.38,0,4.00,6,2269.44,0,3,5,org.apache.solr.analysis.BaseTokenizerFactory,0.00,16,2,14,0,16,1,0,10,436,1
"org.apache.solr.analysis.PersianNormalizationFilterFactory",1,0.00,1.00,3,0.02,225.35,1,0,2,2,4,184.67,1,5,1,3,134.67,0.00,0.67,0.00,0,1.00,1,58.69,0,1,3,org.apache.solr.analysis.BaseTokenFilterFactory,0.00,1,2,1,0,1,0,0,1,19,1
"org.apache.solr.analysis.PhoneticFilter",3,0.25,3.33,37,0.47,19486.53,9,6,6,16,5,100.68,13,47,1,4,100.44,0.00,0.75,0.33,0,1.00,8,1400.81,0,0,4,org.apache.lucene.analysis.TokenFilter,0.53,13,3,10,0,13,3,0,8,273,2
"org.apache.solr.analysis.PhoneticFilterFactory",2,1.00,3.50,32,0.65,29261.73,8,6,13,12,6,50.70,15,45,1,3,93.00,0.00,0.67,0.67,0,0.00,6,1946.58,1,1,5,org.apache.solr.analysis.BaseTokenFilterFactory,0.00,10,2,7,0,10,1,0,3,355,1
"org.apache.solr.analysis.PorterStemFilterFactory",1,0.00,1.00,3,0.02,225.35,1,0,2,2,4,155.29,3,5,1,3,134.67,0.00,0.67,0.00,0,1.00,1,58.69,0,1,3,org.apache.solr.analysis.BaseTokenFilterFactory,0.00,1,2,1,0,1,0,0,1,19,1
"org.apache.solr.analysis.PortugueseLightStemFilterFactory",1,0.00,1.00,3,0.02,225.35,1,0,2,2,4,184.67,1,5,1,3,134.67,0.00,0.67,0.00,0,1.00,1,58.69,0,1,3,org.apache.solr.analysis.BaseTokenFilterFactory,0.00,1,2,1,0,1,0,0,1,19,1
"org.apache.solr.analysis.PortugueseMinimalStemFilterFactory",1,0.00,1.00,3,0.02,225.35,1,0,2,2,4,184.67,1,5,1,3,134.67,0.00,0.67,0.00,0,1.00,1,58.69,0,1,3,org.apache.solr.analysis.BaseTokenFilterFactory,0.00,1,2,1,0,1,0,0,1,19,1
"org.apache.solr.analysis.PositionFilterFactory",2,0.00,1.00,7,0.06,833.44,3,1,3,3,3,132.81,8,10,0,3,132.57,0.00,0.67,1.00,0,0.00,1,185.05,1,1,3,org.apache.solr.analysis.BaseTokenFilterFactory,0.00,1,2,2,0,1,1,0,1,49,1
"org.apache.solr.analysis.RemoveDuplicatesTokenFilter",3,0.17,2.00,23,0.30,12272.26,6,3,7,11,7,93.00,16,32,1,4,110.87,0.00,0.75,0.44,0,1.00,4,903.09,1,0,6,org.apache.lucene.analysis.TokenFilter,0.53,8,3,6,0,8,3,0,6,184,2
"org.apache.solr.analysis.RemoveDuplicatesTokenFilterFactory",1,0.00,1.00,3,0.02,225.35,1,0,1,2,4,155.29,3,5,1,3,134.67,0.00,0.67,0.00,0,1.00,1,58.69,0,0,3,org.apache.solr.analysis.BaseTokenFilterFactory,0.00,1,2,1,0,1,1,0,1,19,1
"org.apache.solr.analysis.ReverseStringFilterFactory",1,0.00,1.00,4,0.03,274.80,1,0,2,2,4,97.11,6,6,1,3,129.34,0.00,0.67,0.00,0,0.00,1,76.45,1,1,3,org.apache.solr.analysis.BaseTokenFilterFactory,0.00,1,2,1,0,1,0,0,1,23,1
"org.apache.solr.analysis.ReversedWildcardFilter",3,0.20,5.00,74,0.89,115443.82,8,5,5,11,6,33.04,29,87,2,4,83.04,0.00,0.75,0.33,1,4.00,9,2675.64,0,0,4,org.apache.lucene.analysis.TokenFilter,0.27,8,3,15,0,8,3,0,11,494,2
"org.apache.solr.analysis.ReversedWildcardFilterFactory",5,0.29,2.80,50,0.54,25577.26,11,6,3,12,6,56.15,40,65,2,3,104.25,0.00,0.67,0.40,0,8.00,9,1629.98,1,1,4,org.apache.solr.analysis.BaseTokenFilterFactory,0.00,7,2,14,0,7,4,0,7,328,1
"org.apache.solr.analysis.RussianLightStemFilterFactory",1,0.00,1.00,3,0.02,225.35,1,0,2,2,4,184.67,1,5,1,3,134.67,0.00,0.67,0.00,0,1.00,1,58.69,0,1,3,org.apache.solr.analysis.BaseTokenFilterFactory,0.00,1,2,1,0,1,0,0,1,19,1
"org.apache.solr.analysis.ShingleFilterFactory",2,1.50,3.00,22,0.30,9658.62,6,4,5,8,5,102.89,1,39,1,3,102.89,0.00,0.67,1.00,0,0.00,5,905.86,1,1,4,org.apache.solr.analysis.BaseTokenFilterFactory,0.00,6,2,6,0,6,1,0,1,179,1
"org.apache.solr.analysis.SnowballPorterFilterFactory",3,0.50,3.00,25,0.35,10485.29,7,4,10,9,10,149.04,7,38,1,3,109.16,0.00,0.67,0.58,0,0.00,3,1036.64,1,1,9,org.apache.solr.analysis.BaseTokenFilterFactory,0.00,6,2,9,0,6,2,1,1,208,1
"org.apache.solr.analysis.SnowballPorterFilterFactoryTest",3,0.00,2.00,57,0.99,37114.50,3,0,17,26,10,130.80,6,61,0,5,90.91,0.00,0.80,0.00,0,0.00,3,2978.04,1,0,10,org.apache.solr.analysis.BaseTokenTestCase,0.00,23,4,6,0,23,3,0,2,497,1
"org.apache.solr.analysis.SnowballPorterFilterFactoryTest$LinesMockSolrResourceLoader",4,1.00,1.00,10,0.08,939.54,5,1,17,4,1,141.10,0,15,0,1,141.10,0.00,0.00,0.25,0,6.00,1,241.90,0,3,1,java.lang.Object,0.00,0,0,4,0,0,1,1,0,67,0
"org.apache.solr.analysis.SolrAnalyzer",6,0.80,1.17,21,0.20,4205.88,7,1,3,10,4,180.76,8,30,2,2,130.76,2.00,0.25,0.33,2,10.00,2,603.36,2,4,2,org.apache.lucene.analysis.Analyzer,0.00,4,1,7,2,4,2,0,6,145,2
"org.apache.solr.analysis.SolrAnalyzer$TokenStreamInfo",3,0.25,1.00,10,0.06,727.65,5,2,3,3,2,134.42,0,10,0,1,134.42,0.00,0.00,0.33,0,5.00,1,180.64,0,2,2,java.lang.Object,0.00,0,0,3,0,0,1,0,0,53,2
"org.apache.solr.analysis.SpanishLightStemFilterFactory",1,0.00,1.00,3,0.02,225.35,1,0,2,2,4,184.67,1,5,1,3,134.67,0.00,0.67,0.00,0,1.00,1,58.69,0,1,3,org.apache.solr.analysis.BaseTokenFilterFactory,0.00,1,2,1,0,1,0,0,1,19,1
"org.apache.solr.analysis.StandardFilterFactory",1,0.00,1.00,3,0.02,225.35,1,0,2,2,4,155.29,3,5,1,3,134.67,0.00,0.67,0.00,0,1.00,1,58.69,0,1,3,org.apache.solr.analysis.BaseTokenFilterFactory,0.00,1,2,1,0,1,0,0,1,19,1
"org.apache.solr.analysis.StandardTokenizerFactory",2,0.00,1.00,6,0.05,786.43,2,0,3,3,3,182.77,3,10,1,3,132.77,0.00,0.67,0.00,0,2.00,1,155.94,2,1,2,org.apache.solr.analysis.BaseTokenizerFactory,0.00,1,2,2,0,1,1,0,1,43,1
"org.apache.solr.analysis.StemmerOverrideFilterFactory",3,0.25,3.00,24,0.33,12325.51,5,2,8,13,8,158.60,3,33,1,3,108.60,0.00,0.67,0.67,0,0.00,6,987.31,1,1,7,org.apache.solr.analysis.BaseTokenFilterFactory,0.00,10,2,9,0,10,2,1,1,186,1
"org.apache.solr.analysis.StopFilterFactory",6,0.20,1.33,27,0.25,5100.98,9,3,9,11,9,125.41,3,38,2,3,125.41,0.00,0.67,0.50,0,0.00,3,747.86,2,2,7,org.apache.solr.analysis.BaseTokenFilterFactory,0.00,5,2,8,0,5,4,1,1,170,1
"org.apache.solr.analysis.SwedishLightStemFilterFactory",1,0.00,1.00,3,0.02,225.35,1,0,2,2,4,184.67,1,5,1,3,134.67,0.00,0.67,0.00,0,1.00,1,58.69,0,1,3,org.apache.solr.analysis.BaseTokenFilterFactory,0.00,1,2,1,0,1,0,0,1,19,1
"org.apache.solr.analysis.SynonymFilter",7,0.00,4.86,106,1.63,188107.59,11,4,12,37,12,43.78,62,132,3,4,91.89,0.00,0.75,0.25,3,16.00,18,4890.86,0,1,9,org.apache.lucene.analysis.TokenFilter,0.42,30,3,34,0,30,6,0,37,840,2
"org.apache.solr.analysis.SynonymFilterFactory",8,0.71,3.00,81,1.19,61850.04,9,1,12,37,11,152.83,11,109,2,3,102.83,0.00,0.67,0.38,2,14.00,7,3563.15,1,4,9,org.apache.solr.analysis.BaseTokenFilterFactory,0.00,29,2,24,0,29,4,1,9,657,1
"org.apache.solr.analysis.SynonymMap",8,0.14,4.25,84,1.37,150631.21,13,5,4,36,9,139.59,23,96,6,1,99.70,0.00,0.00,0.32,0,0.00,15,4116.66,0,3,3,java.lang.Object,0.00,28,0,34,0,28,5,0,8,760,1
"org.apache.solr.analysis.TestArabicFilters",3,0.00,1.00,27,0.34,7008.61,3,0,4,12,6,109.11,12,31,0,5,108.88,0.00,0.80,0.00,0,0.00,1,1028.70,1,0,6,org.apache.solr.analysis.BaseTokenTestCase,0.00,9,4,3,0,9,3,0,4,209,1
"org.apache.solr.analysis.TestBrazilianStemFilterFactory",1,0.00,1.00,7,0.08,1369.99,1,0,5,5,5,82.55,6,9,0,5,114.78,0.00,0.80,0.00,0,0.00,1,251.07,1,0,5,org.apache.solr.analysis.BaseTokenTestCase,0.00,4,4,1,0,4,1,0,2,55,1
"org.apache.solr.analysis.TestBufferedTokenStream",3,0.00,1.00,28,0.36,9104.21,3,0,7,15,6,147.87,7,34,0,5,107.98,0.00,0.80,0.00,0,0.00,1,1075.93,1,0,6,org.apache.solr.analysis.BaseTokenTestCase,0.00,12,4,3,0,12,3,0,5,224,1
"org.apache.solr.analysis.TestBufferedTokenStream$AB_AAB_Stream",2,0.00,1.50,6,0.11,2724.69,2,0,7,11,2,128.43,0,9,0,2,128.43,0.00,0.50,0.00,0,2.00,2,328.28,0,1,2,BufferedTokenStream,0.00,9,1,3,0,9,1,0,0,77,2
"org.apache.solr.analysis.TestBufferedTokenStream$AB_Q_Stream",2,0.00,2.50,9,0.14,4532.15,2,0,7,11,2,121.91,0,11,0,2,121.91,0.00,0.50,0.00,0,2.00,4,427.48,0,1,2,BufferedTokenStream,0.00,9,1,5,0,9,1,0,0,94,2
"org.apache.solr.analysis.TestBulgarianStemFilterFactory",1,0.00,1.00,7,0.08,1369.99,1,0,5,5,5,82.55,6,9,0,5,114.78,0.00,0.80,0.00,0,0.00,1,251.07,1,0,5,org.apache.solr.analysis.BaseTokenTestCase,0.00,4,4,1,0,4,1,0,2,55,1
"org.apache.solr.analysis.TestCJKTokenizerFactory",1,0.00,1.00,6,0.07,1155.55,1,0,3,4,3,85.63,6,8,0,5,117.85,0.00,0.80,0.00,0,1.00,1,219.97,1,0,3,org.apache.solr.analysis.BaseTokenTestCase,0.00,3,4,1,0,3,1,0,2,49,1
"org.apache.solr.analysis.TestCapitalizationFilter",7,0.00,1.00,120,2.09,103447.11,7,0,7,19,6,92.50,32,133,0,5,92.27,0.00,0.80,0.00,0,0.00,1,6277.37,1,0,6,org.apache.solr.analysis.BaseTokenTestCase,0.00,12,4,7,0,12,7,0,15,1093,1
"org.apache.solr.analysis.TestChineseFilterFactory",1,0.00,1.00,7,0.09,1425.28,1,0,5,5,4,82.42,6,9,0,5,114.64,0.00,0.80,0.00,0,0.00,1,265.76,1,0,4,org.apache.solr.analysis.BaseTokenTestCase,0.00,4,4,1,0,4,1,0,2,57,1
"org.apache.solr.analysis.TestChineseTokenizerFactory",1,0.00,1.00,6,0.08,1183.27,1,0,3,4,2,85.55,6,8,0,5,117.77,0.00,0.80,0.00,0,1.00,1,227.03,1,0,2,org.apache.solr.analysis.BaseTokenTestCase,0.00,3,4,1,0,3,1,0,2,50,1
"org.apache.solr.analysis.TestCollationKeyFilterFactory",6,0.00,1.00,77,1.18,31758.24,6,0,14,25,6,101.66,27,100,0,5,101.42,0.00,0.80,0.00,1,6.00,1,3525.68,0,0,6,org.apache.solr.analysis.BaseTokenTestCase,0.00,19,4,6,0,19,6,0,9,665,1
"org.apache.solr.analysis.TestCollationKeyFilterFactory$StringMockSolrResourceLoader",4,1.00,1.00,10,0.08,958.21,5,1,14,6,1,141.03,0,15,0,1,141.03,0.00,0.00,0.25,0,6.00,1,251.11,0,3,1,java.lang.Object,0.00,2,0,4,0,2,1,1,0,69,1
"org.apache.solr.analysis.TestCzechStemFilterFactory",1,0.00,1.00,7,0.08,1369.99,1,0,5,5,5,82.55,6,9,0,5,114.78,0.00,0.80,0.00,0,0.00,1,251.07,1,0,5,org.apache.solr.analysis.BaseTokenTestCase,0.00,4,4,1,0,4,1,0,2,55,1
"org.apache.solr.analysis.TestDelimitedPayloadTokenFilterFactory",2,0.00,2.00,35,0.62,24571.65,2,0,11,17,10,92.74,0,40,0,5,92.74,0.00,0.80,0.00,0,0.00,2,1851.86,0,0,10,org.apache.solr.analysis.BaseTokenTestCase,0.00,15,4,4,0,15,2,0,0,315,1
"org.apache.solr.analysis.TestDictionaryCompoundWordTokenFilterFactory",1,0.00,1.00,12,0.19,4295.02,1,0,9,10,7,69.91,6,15,0,5,102.14,0.00,0.80,0.00,0,0.00,1,571.37,1,0,7,org.apache.solr.analysis.BaseTokenTestCase,0.00,9,4,1,0,9,1,0,2,105,1
"org.apache.solr.analysis.TestDutchStemFilterFactory",1,0.00,1.00,7,0.08,1369.99,1,0,5,5,4,82.55,6,9,0,5,114.78,0.00,0.80,0.00,0,0.00,1,251.07,1,0,4,org.apache.solr.analysis.BaseTokenTestCase,0.00,4,4,1,0,4,1,0,2,55,1
"org.apache.solr.analysis.TestElisionFilterFactory",2,0.00,1.00,23,0.33,8015.95,2,0,9,11,7,104.02,9,26,0,5,103.78,0.00,0.80,0.00,0,0.00,1,977.61,1,0,7,org.apache.solr.analysis.BaseTokenTestCase,0.00,9,4,2,0,9,2,0,3,186,1
"org.apache.solr.analysis.TestEnglishMinimalStemFilterFactory",1,0.00,1.00,6,0.07,1180.69,1,0,4,5,4,138.40,3,8,0,5,117.78,0.00,0.80,0.00,0,0.00,1,222.33,1,0,4,org.apache.solr.analysis.BaseTokenTestCase,0.00,4,4,1,0,4,1,0,1,50,1
"org.apache.solr.analysis.TestFinnishLightStemFilterFactory",1,0.00,1.00,6,0.07,1180.69,1,0,4,5,4,138.40,3,8,0,5,117.78,0.00,0.80,0.00,0,0.00,1,222.33,1,0,4,org.apache.solr.analysis.BaseTokenTestCase,0.00,4,4,1,0,4,1,0,1,50,1
"org.apache.solr.analysis.TestFrenchLightStemFilterFactory",1,0.00,1.00,6,0.07,1180.69,1,0,4,5,4,138.40,3,8,0,5,117.78,0.00,0.80,0.00,0,0.00,1,222.33,1,0,4,org.apache.solr.analysis.BaseTokenTestCase,0.00,4,4,1,0,4,1,0,1,50,1
"org.apache.solr.analysis.TestFrenchMinimalStemFilterFactory",1,0.00,1.00,6,0.07,1180.69,1,0,4,5,4,138.40,3,8,0,5,117.78,0.00,0.80,0.00,0,0.00,1,222.33,1,0,4,org.apache.solr.analysis.BaseTokenTestCase,0.00,4,4,1,0,4,1,0,1,50,1
"org.apache.solr.analysis.TestFrenchStemFilterFactory",1,0.00,1.00,7,0.08,1369.99,1,0,5,5,4,82.55,6,9,0,5,114.78,0.00,0.80,0.00,0,0.00,1,251.07,1,0,4,org.apache.solr.analysis.BaseTokenTestCase,0.00,4,4,1,0,4,1,0,2,55,1
"org.apache.solr.analysis.TestGermanLightStemFilterFactory",1,0.00,1.00,6,0.07,1180.69,1,0,4,5,4,138.40,3,8,0,5,117.78,0.00,0.80,0.00,0,0.00,1,222.33,1,0,4,org.apache.solr.analysis.BaseTokenTestCase,0.00,4,4,1,0,4,1,0,1,50,1
"org.apache.solr.analysis.TestGermanMinimalStemFilterFactory",1,0.00,1.00,6,0.07,1180.69,1,0,4,5,4,138.40,3,8,0,5,117.78,0.00,0.80,0.00,0,0.00,1,222.33,1,0,4,org.apache.solr.analysis.BaseTokenTestCase,0.00,4,4,1,0,4,1,0,1,50,1
"org.apache.solr.analysis.TestGermanStemFilterFactory",1,0.00,1.00,7,0.08,1369.99,1,0,5,5,5,82.55,6,9,0,5,114.78,0.00,0.80,0.00,0,0.00,1,251.07,1,0,5,org.apache.solr.analysis.BaseTokenTestCase,0.00,4,4,1,0,4,1,0,2,55,1
"org.apache.solr.analysis.TestGreekLowerCaseFilterFactory",1,0.00,1.00,8,0.10,1679.73,1,0,5,6,5,79.69,6,10,0,5,111.91,0.00,0.80,0.00,0,0.00,1,290.30,1,0,5,org.apache.solr.analysis.BaseTokenTestCase,0.00,5,4,1,0,5,1,0,2,62,1
"org.apache.solr.analysis.TestGreekStemFilterFactory",1,0.00,1.00,8,0.10,1799.60,1,0,6,6,6,137.96,19,10,0,5,111.68,0.00,0.80,0.00,0,0.00,1,300.11,1,0,6,org.apache.solr.analysis.BaseTokenTestCase,0.00,5,4,1,0,5,1,0,2,64,1
"org.apache.solr.analysis.TestHindiFilters",4,0.00,1.00,40,0.51,11298.45,4,0,4,17,7,127.14,15,46,0,5,106.52,0.00,0.80,0.00,0,0.00,1,1530.92,1,0,7,org.apache.solr.analysis.BaseTokenTestCase,0.00,13,4,4,0,13,4,0,5,308,1
"org.apache.solr.analysis.TestHungarianLightStemFilterFactory",1,0.00,1.00,6,0.07,1180.69,1,0,4,5,4,138.40,3,8,0,5,117.78,0.00,0.80,0.00,0,0.00,1,222.33,1,0,4,org.apache.solr.analysis.BaseTokenTestCase,0.00,4,4,1,0,4,1,0,1,50,1
"org.apache.solr.analysis.TestHyphenatedWordsFilter",2,0.00,1.00,13,0.17,3164.23,2,0,3,6,4,117.02,8,18,0,5,116.78,0.00,0.80,0.00,0,0.00,1,518.11,1,0,4,org.apache.solr.analysis.BaseTokenTestCase,0.00,4,4,2,0,4,2,0,4,110,1
"org.apache.solr.analysis.TestHyphenationCompoundWordTokenFilterFactory",2,0.00,1.00,27,0.46,11362.83,2,0,9,11,7,82.01,11,34,0,5,99.88,0.00,0.80,0.00,0,0.00,1,1368.27,1,0,7,org.apache.solr.analysis.BaseTokenTestCase,0.00,9,4,2,0,9,2,0,3,241,1
"org.apache.solr.analysis.TestIndonesianStemFilterFactory",2,0.00,1.00,18,0.26,6150.90,2,0,7,9,5,108.17,9,21,0,5,107.94,0.00,0.80,0.00,0,0.00,1,772.76,1,0,5,org.apache.solr.analysis.BaseTokenTestCase,0.00,7,4,2,0,7,2,0,3,153,1
"org.apache.solr.analysis.TestItalianLightStemFilterFactory",1,0.00,1.00,6,0.08,1262.81,1,0,4,5,4,138.17,3,8,0,5,117.55,0.00,0.80,0.00,0,0.00,1,227.03,1,0,4,org.apache.solr.analysis.BaseTokenTestCase,0.00,4,4,1,0,4,1,0,1,51,1
"org.apache.solr.analysis.TestKeepFilterFactory",1,0.00,2.00,20,0.31,16165.92,1,0,5,10,4,89.40,4,22,0,5,89.17,0.00,0.80,0.00,0,0.00,2,943.13,0,0,4,org.apache.solr.analysis.BaseTokenTestCase,0.00,9,4,2,0,9,1,0,1,173,1
"org.apache.solr.analysis.TestKeepWordFilter",1,0.00,1.00,34,0.53,26651.53,1,0,9,17,6,46.80,6,37,0,5,79.02,0.00,0.80,0.00,0,0.00,1,1579.23,1,0,6,org.apache.solr.analysis.BaseTokenTestCase,0.00,16,4,1,0,16,1,0,4,279,1
"org.apache.solr.analysis.TestKeywordMarkerFilterFactory",2,0.00,1.00,24,0.38,8960.75,2,0,11,12,8,151.99,3,27,0,5,101.99,0.00,0.80,0.00,0,0.00,1,1134.64,1,0,8,org.apache.solr.analysis.BaseTokenTestCase,0.00,10,4,2,0,10,2,0,1,208,1
"org.apache.solr.analysis.TestLuceneMatchVersion",3,1.00,1.00,33,0.59,24364.38,4,1,10,24,11,151.37,5,40,0,4,101.37,0.00,0.75,0.33,0,4.00,1,1772.81,0,2,11,org.apache.solr.util.AbstractSolrTestCase,0.19,21,3,3,0,21,1,0,3,312,1
"org.apache.solr.analysis.TestMappingCharFilterFactory",1,0.00,4.00,15,0.17,4562.04,1,0,1,5,2,98.00,0,26,0,3,98.00,0.00,0.67,0.00,0,1.00,4,498.82,0,0,2,org.apache.lucene.util.LuceneTestCase,0.00,4,2,4,0,4,1,0,0,101,1
"org.apache.solr.analysis.TestMultiWordSynonyms",1,0.00,1.00,8,0.14,3333.81,1,0,6,8,5,109.81,4,11,0,5,109.57,0.00,0.80,0.00,0,0.00,1,406.63,1,0,5,org.apache.solr.analysis.BaseTokenTestCase,0.00,7,4,1,0,7,1,0,2,80,1
"org.apache.solr.analysis.TestNGramFilters",10,0.00,1.00,81,1.25,30199.81,10,0,7,26,8,130.52,33,102,0,5,109.91,0.00,0.80,0.00,0,10.00,1,3740.66,1,0,8,org.apache.solr.analysis.BaseTokenTestCase,0.00,16,4,10,0,16,10,0,11,728,1
"org.apache.solr.analysis.TestPatternReplaceCharFilter",10,0.00,1.00,80,1.42,30397.20,10,0,9,22,7,130.50,36,108,0,5,109.89,0.00,0.80,0.00,1,0.00,1,4249.83,1,1,7,org.apache.solr.analysis.BaseTokenTestCase,0.00,12,4,10,0,12,9,0,32,777,1
"org.apache.solr.analysis.TestPatternReplaceFilter",5,0.00,1.00,21,0.37,5798.78,5,0,4,9,4,124.41,3,47,0,5,124.41,0.00,0.80,0.00,0,0.00,1,1115.16,1,0,4,org.apache.solr.analysis.BaseTokenTestCase,0.00,4,4,5,0,4,5,0,1,231,1
"org.apache.solr.analysis.TestPatternTokenizerFactory",3,0.00,2.00,51,0.91,36424.54,3,0,12,27,9,50.49,22,70,0,5,92.78,0.00,0.80,0.00,1,3.00,3,2730.75,1,1,9,org.apache.solr.analysis.BaseTokenTestCase,0.00,24,4,6,0,24,2,0,11,477,1
"org.apache.solr.analysis.TestPersianNormalizationFilterFactory",1,0.00,1.00,7,0.08,1369.99,1,0,5,5,5,82.55,6,9,0,5,114.78,0.00,0.80,0.00,0,0.00,1,251.07,1,0,5,org.apache.solr.analysis.BaseTokenTestCase,0.00,4,4,1,0,4,1,0,2,55,1
"org.apache.solr.analysis.TestPhoneticFilter",3,0.00,1.67,38,0.67,22195.42,3,0,7,13,5,150.16,4,60,0,5,100.16,0.00,0.80,0.00,1,4.00,3,2000.67,1,0,5,org.apache.solr.analysis.BaseTokenTestCase,0.00,10,4,5,0,10,3,0,2,377,1
"org.apache.solr.analysis.TestPorterStemFilterFactory",1,0.00,1.00,7,0.08,1369.99,1,0,5,5,5,82.55,6,9,0,5,114.78,0.00,0.80,0.00,0,0.00,1,251.07,1,0,5,org.apache.solr.analysis.BaseTokenTestCase,0.00,4,4,1,0,4,1,0,2,55,1
"org.apache.solr.analysis.TestPortugueseLightStemFilterFactory",1,0.00,1.00,6,0.07,1180.69,1,0,4,5,4,138.40,3,8,0,5,117.78,0.00,0.80,0.00,0,0.00,1,222.33,1,0,4,org.apache.solr.analysis.BaseTokenTestCase,0.00,4,4,1,0,4,1,0,1,50,1
"org.apache.solr.analysis.TestPortugueseMinimalStemFilterFactory",1,0.00,1.00,6,0.07,1180.69,1,0,4,5,4,138.40,3,8,0,5,117.78,0.00,0.80,0.00,0,0.00,1,222.33,1,0,4,org.apache.solr.analysis.BaseTokenTestCase,0.00,4,4,1,0,4,1,0,1,50,1
"org.apache.solr.analysis.TestRemoveDuplicatesTokenFilter",6,0.00,1.00,18,0.43,8312.71,6,0,7,14,7,128.46,0,59,0,5,128.46,0.00,0.80,0.00,2,6.00,1,1303.90,1,2,7,org.apache.solr.analysis.BaseTokenTestCase,0.00,8,4,6,0,8,4,0,0,285,1
"org.apache.solr.analysis.TestRemoveDuplicatesTokenFilter$TokenStream",1,0.00,2.00,14,0.15,2471.94,4,3,7,11,4,101.37,0,16,0,1,101.37,0.00,0.00,1.00,0,0.00,2,437.94,0,0,4,java.lang.Object,0.00,10,0,2,0,10,1,0,0,97,0
"org.apache.solr.analysis.TestReverseStringFilterFactory",1,0.00,1.00,8,0.10,1619.97,1,0,5,6,5,79.82,6,10,0,5,112.04,0.00,0.80,0.00,0,0.00,1,292.94,1,0,5,org.apache.solr.analysis.BaseTokenTestCase,0.00,5,4,1,0,5,1,0,2,62,1
"org.apache.solr.analysis.TestReversedWildcardFilterFactory",5,0.00,1.00,59,0.93,33335.55,8,3,16,22,9,152.04,7,87,0,3,102.04,0.00,0.67,0.33,0,5.00,1,2794.19,2,0,9,org.apache.solr.SolrTestCaseJ4,0.07,17,2,5,0,17,5,0,7,528,1
"org.apache.solr.analysis.TestRussianFilters",3,0.00,1.00,28,0.39,7732.82,3,0,4,13,3,108.78,12,35,0,5,108.54,0.00,0.80,0.00,0,0.00,1,1156.64,1,0,3,org.apache.solr.analysis.BaseTokenTestCase,0.00,10,4,3,0,10,3,0,4,227,1
"org.apache.solr.analysis.TestRussianLightStemFilterFactory",1,0.00,1.00,6,0.07,1180.69,1,0,4,5,4,138.40,3,8,0,5,117.78,0.00,0.80,0.00,0,0.00,1,222.33,1,0,4,org.apache.solr.analysis.BaseTokenTestCase,0.00,4,4,1,0,4,1,0,1,50,1
"org.apache.solr.analysis.TestShingleFilterFactory",12,0.00,1.00,108,1.78,42402.18,12,0,6,19,4,128.08,42,139,0,5,107.46,0.00,0.80,0.00,0,0.00,1,5328.90,1,0,4,org.apache.solr.analysis.BaseTokenTestCase,0.00,7,4,12,0,7,12,0,13,999,1
"org.apache.solr.analysis.TestSpanishLightStemFilterFactory",1,0.00,1.00,6,0.07,1180.69,1,0,4,5,4,138.40,3,8,0,5,117.78,0.00,0.80,0.00,0,0.00,1,222.33,1,0,4,org.apache.solr.analysis.BaseTokenTestCase,0.00,4,4,1,0,4,1,0,1,50,1
"org.apache.solr.analysis.TestStandardFactories",8,0.00,1.00,54,0.70,12304.99,8,0,5,34,11,137.49,28,69,0,5,116.88,0.00,0.80,0.00,0,0.00,1,2093.81,1,0,11,org.apache.solr.analysis.BaseTokenTestCase,0.00,26,4,8,0,26,8,0,9,431,1
"org.apache.solr.analysis.TestStemmerOverrideFilterFactory",2,0.00,1.00,24,0.38,8931.11,2,0,11,12,8,141.89,4,27,0,5,102.00,0.00,0.80,0.00,0,0.00,1,1125.90,1,0,8,org.apache.solr.analysis.BaseTokenTestCase,0.00,10,4,2,0,10,2,0,2,207,1
"org.apache.solr.analysis.TestStopFilterFactory",1,0.00,2.00,22,0.38,21647.93,1,0,5,11,4,86.86,4,24,0,5,86.62,0.00,0.80,0.00,0,0.00,2,1149.92,0,0,4,org.apache.solr.analysis.BaseTokenTestCase,0.00,10,4,2,0,10,1,0,1,207,1
"org.apache.solr.analysis.TestSwedishLightStemFilterFactory",1,0.00,1.00,6,0.08,1262.81,1,0,4,5,4,138.17,3,8,0,5,117.55,0.00,0.80,0.00,0,0.00,1,227.03,1,0,4,org.apache.solr.analysis.BaseTokenTestCase,0.00,4,4,1,0,4,1,0,1,51,1
"org.apache.solr.analysis.TestSynonymFilter",13,0.00,1.38,203,3.52,185371.28,13,0,16,27,13,134.23,34,255,0,5,94.34,0.00,0.80,0.00,2,31.00,6,10566.06,1,2,13,org.apache.solr.analysis.BaseTokenTestCase,0.00,14,4,18,0,14,11,0,23,1945,1
"org.apache.solr.analysis.TestSynonymFilter$IterTokenStream",3,0.31,1.33,25,0.34,8381.54,11,8,16,19,8,110.11,0,32,0,3,110.11,0.00,0.67,0.33,0,4.00,2,1034.53,0,0,8,org.apache.lucene.analysis.TokenStream,0.27,16,2,4,0,16,3,0,0,209,2
"org.apache.solr.analysis.TestSynonymMap",7,0.00,1.43,174,2.56,186337.91,7,0,6,25,6,66.71,37,185,0,3,84.59,0.00,0.67,0.00,2,7.00,3,7686.94,0,1,6,org.apache.lucene.util.LuceneTestCase,0.00,18,2,10,0,18,6,0,37,1397,1
"org.apache.solr.analysis.TestThaiWordFilterFactory",1,0.00,1.00,8,0.11,1795.91,1,0,5,6,5,79.46,6,11,0,5,111.69,0.00,0.80,0.00,0,0.00,1,338.50,1,0,5,org.apache.solr.analysis.BaseTokenTestCase,0.00,5,4,1,0,5,1,0,2,68,1
"org.apache.solr.analysis.TestTrimFilter",1,0.00,1.00,27,0.62,32225.71,1,0,12,10,10,49.88,6,38,0,5,82.11,0.00,0.80,0.00,0,1.00,1,1860.28,1,0,10,org.apache.solr.analysis.BaseTokenTestCase,0.00,9,4,1,0,9,1,0,2,317,1
"org.apache.solr.analysis.TestTrimFilter$IterTokenStream",3,0.31,1.33,25,0.34,8381.54,11,8,12,19,8,110.11,0,32,0,3,110.11,0.00,0.67,0.33,0,4.00,2,1034.53,0,0,8,org.apache.lucene.analysis.TokenStream,0.27,16,2,4,0,16,3,0,0,209,2
"org.apache.solr.analysis.TestTurkishLowerCaseFilterFactory",1,0.00,1.00,7,0.08,1369.99,1,0,5,5,5,82.55,6,9,0,5,114.78,0.00,0.80,0.00,0,0.00,1,251.07,1,0,5,org.apache.solr.analysis.BaseTokenTestCase,0.00,4,4,1,0,4,1,0,2,55,1
"org.apache.solr.analysis.TestWikipediaTokenizerFactory",1,0.00,1.00,10,0.14,2588.89,1,0,5,4,4,133.10,19,13,0,5,106.82,0.00,0.80,0.00,0,1.00,1,425.30,1,0,4,org.apache.solr.analysis.BaseTokenTestCase,0.00,3,4,1,0,3,1,0,2,83,1
"org.apache.solr.analysis.TestWordDelimiterFilter",18,0.00,1.00,143,2.06,76658.29,18,0,21,30,14,150.78,49,256,0,3,110.90,0.00,0.67,0.00,3,18.00,1,6172.28,6,0,14,org.apache.solr.SolrTestCaseJ4,0.00,12,2,18,0,12,18,0,27,1220,1
"org.apache.solr.analysis.TestWordDelimiterFilter$Analyzer",1,0.00,1.00,3,0.04,616.64,1,0,21,3,3,131.23,0,6,0,1,131.23,0.00,0.00,0.00,0,1.00,1,128.93,0,1,3,java.lang.Object,0.00,2,0,1,0,2,0,0,0,33,0
"org.apache.solr.analysis.TestWordDelimiterFilter$Analyzer_0",1,0.00,1.00,3,0.05,670.76,1,0,21,4,3,130.94,0,7,0,1,130.94,0.00,0.00,0.00,0,1.00,1,143.93,0,1,3,java.lang.Object,0.00,3,0,1,0,3,0,0,0,36,0
"org.apache.solr.analysis.TestWordDelimiterFilter$Analyzer_1",1,0.00,1.00,5,0.08,1484.80,1,0,21,5,5,119.95,0,8,0,1,119.95,0.00,0.00,0.00,0,1.00,1,228.92,0,1,5,java.lang.Object,0.00,4,0,1,0,4,0,0,0,51,0
"org.apache.solr.analysis.TestWordDelimiterFilter$LargePosIncTokenFilter",2,0.00,2.00,11,0.13,2544.21,4,2,21,6,4,120.32,0,18,0,4,120.32,0.00,0.75,0.50,0,2.00,3,381.02,0,0,4,org.apache.lucene.analysis.TokenFilter,0.29,4,3,4,0,4,2,0,0,89,2
"org.apache.solr.analysis.ThaiWordFilterFactory",1,0.00,1.00,4,0.03,274.80,1,0,2,2,4,179.34,1,6,1,3,129.34,0.00,0.67,0.00,0,0.00,1,76.45,1,1,3,org.apache.solr.analysis.BaseTokenFilterFactory,0.00,1,2,1,0,1,0,0,1,23,1
"org.apache.solr.analysis.TokenFilterFactory",3,0.00,1.00,4,0.03,247.81,3,0,2,3,11,126.52,39,5,10,1,155.90,0.00,0.00,0.00,0,3.00,1,89.64,0,2,1,,0.00,0,0,3,0,0,1,0,4,31,1
"org.apache.solr.analysis.TokenOffsetPayloadTokenFilterFactory",1,0.00,1.00,3,0.02,225.35,1,0,2,2,3,184.67,1,5,0,3,134.67,0.00,0.67,0.00,0,1.00,1,58.69,0,1,3,org.apache.solr.analysis.BaseTokenFilterFactory,0.00,1,2,1,0,1,0,0,1,19,1
"org.apache.solr.analysis.TokenizerChain",8,0.05,1.62,48,0.44,14070.42,11,3,5,16,16,116.31,7,50,8,3,116.31,0.00,0.67,0.29,1,24.00,3,1308.47,0,6,8,org.apache.solr.analysis.SolrAnalyzer,0.00,8,2,13,0,8,2,0,5,294,2
"org.apache.solr.analysis.TokenizerFactory",3,0.00,1.00,4,0.03,241.10,3,0,3,3,8,118.44,37,5,7,1,156.00,0.00,0.00,0.00,0,3.00,1,91.19,0,2,1,,0.00,0,0,3,0,0,1,0,4,31,1
"org.apache.solr.analysis.TrieTokenizer",4,0.00,2.75,38,0.52,18257.72,8,4,7,21,5,106.36,1,56,1,4,106.36,0.00,0.75,0.25,1,4.00,7,1545.85,1,1,4,org.apache.lucene.analysis.Tokenizer,0.19,17,3,11,0,17,3,0,1,292,1
"org.apache.solr.analysis.TrieTokenizerFactory",2,0.00,1.00,8,0.07,1046.28,4,2,7,4,8,94.91,12,11,2,3,127.13,0.00,0.67,0.50,0,2.00,1,214.45,0,0,6,org.apache.solr.analysis.BaseTokenizerFactory,0.00,2,2,2,0,2,2,0,1,58,1
"org.apache.solr.analysis.TrimFilter",2,0.33,5.00,35,0.42,39534.08,5,3,5,10,5,73.03,10,39,1,4,90.90,0.00,0.75,0.50,0,2.00,9,1259.05,0,0,4,org.apache.lucene.analysis.TokenFilter,0.29,8,3,10,0,8,2,0,6,233,2
"org.apache.solr.analysis.TrimFilterFactory",2,0.00,2.00,11,0.14,3944.21,3,1,3,6,5,158.71,4,19,1,3,118.82,0.00,0.67,1.00,0,0.00,3,413.05,1,1,4,org.apache.solr.analysis.BaseTokenFilterFactory,0.00,4,2,4,0,4,1,0,1,89,1
"org.apache.solr.analysis.TurkishLowerCaseFilterFactory",1,0.00,1.00,3,0.02,225.35,1,0,2,2,4,184.67,1,5,1,3,134.67,0.00,0.67,0.00,0,1.00,1,58.69,0,1,3,org.apache.solr.analysis.BaseTokenFilterFactory,0.00,1,2,1,0,1,0,0,1,19,1
"org.apache.solr.analysis.TypeAsPayloadTokenFilterFactory",1,0.00,1.00,3,0.02,225.35,1,0,2,2,3,184.67,1,5,0,3,134.67,0.00,0.67,0.00,0,1.00,1,58.69,0,1,3,org.apache.solr.analysis.BaseTokenFilterFactory,0.00,1,2,1,0,1,0,0,1,19,1
"org.apache.solr.analysis.WhitespaceTokenizerFactory",2,0.00,1.00,6,0.05,786.43,2,0,3,3,3,182.77,3,10,1,3,132.77,0.00,0.67,0.00,0,2.00,1,155.94,2,1,2,org.apache.solr.analysis.BaseTokenizerFactory,0.00,1,2,2,0,1,1,0,1,43,1
"org.apache.solr.analysis.WikipediaTokenizerFactory",1,0.00,1.00,3,0.02,192.92,1,0,3,2,4,175.09,2,5,1,3,135.21,0.00,0.67,0.00,0,1.00,1,60.48,0,1,3,org.apache.solr.analysis.BaseTokenizerFactory,0.00,1,2,1,0,1,0,0,2,19,1
"org.apache.solr.analysis.WordDelimiterFilter",21,0.05,2.29,179,2.50,108677.02,51,30,10,48,15,63.75,232,293,5,4,107.88,0.00,0.75,0.08,7,224.00,20,7486.28,1,0,10,org.apache.lucene.analysis.TokenFilter,0.24,27,3,48,0,27,21,0,63,1428,1
"org.apache.solr.analysis.WordDelimiterFilter$WordDelimiterConcatenation",5,0.30,1.40,31,0.28,5013.73,10,5,10,12,0,118.50,21,40,0,1,118.26,0.00,0.00,0.44,2,0.00,3,841.30,0,0,0,java.lang.Object,0.00,7,0,7,0,7,5,0,5,189,1
"org.apache.solr.analysis.WordDelimiterFilterFactory",3,0.82,1.67,31,0.37,8601.87,14,11,6,6,6,156.35,3,43,0,3,106.35,0.00,0.67,0.64,0,0.00,3,1121.24,1,0,6,org.apache.solr.analysis.BaseTokenFilterFactory,0.00,3,2,5,0,3,3,1,1,227,1
"org.apache.solr.analysis.WordDelimiterIterator",0,0.00,0.00,108,1.63,315569.75,14,14,1,7,1,171.00,102,154,1,1,171.00,0.00,0.00,0.00,0,0.00,0,4893.79,0,0,0,java.lang.Object,0.00,7,0,0,0,7,0,0,46,752,1
"org.apache.lucene.swing.models.BaseListModel",5,0.00,1.40,15,0.14,1844.40,6,1,4,12,4,132.91,0,22,4,2,132.91,0.00,0.50,1.00,0,0.00,3,428.84,0,1,0,javax.swing.AbstractListModel,0.00,7,1,7,0,7,4,0,0,111,1
"org.apache.lucene.swing.models.BaseTableModel",10,0.11,1.90,49,0.51,11282.37,12,2,4,25,5,124.36,8,66,4,2,124.36,0.00,0.50,0.40,0,14.00,8,1525.54,0,3,1,javax.swing.table.AbstractTableModel,0.00,15,1,19,0,15,7,0,8,344,1
"org.apache.lucene.swing.models.DataStore",2,0.00,1.00,152,1.97,75912.60,21,19,3,5,9,64.78,0,156,8,1,64.78,0.00,0.00,0.05,1,2.00,1,5899.29,0,1,1,java.lang.Object,0.00,3,0,2,0,3,1,0,0,979,1
"org.apache.lucene.swing.models.ListSearcher",12,0.12,1.92,91,1.04,27708.21,20,8,22,45,21,80.62,74,108,5,2,112.84,0.00,0.50,0.24,7,40.00,3,3105.02,0,2,16,javax.swing.AbstractListModel,0.00,33,1,23,0,33,10,0,40,620,1
"org.apache.lucene.swing.models.ListSearcher$CountingCollector",4,1.00,1.00,8,0.08,788.66,5,1,22,4,2,141.70,0,15,0,2,141.70,0.00,0.50,0.25,0,6.00,1,228.48,0,0,2,org.apache.lucene.index.Collector,0.00,0,1,4,0,0,4,0,0,64,2
"org.apache.lucene.swing.models.ListSearcher$ListModelHandler",4,0.00,1.25,17,0.10,1400.46,4,0,22,8,1,128.46,2,23,0,1,128.46,0.00,0.00,0.00,1,6.00,2,305.52,0,0,1,java.lang.Object,0.00,4,0,5,0,4,4,1,2,81,0
"org.apache.lucene.swing.models.ListSearcherSimulator",2,0.00,1.00,29,0.46,13701.02,2,0,9,26,4,98.04,0,34,1,1,98.04,0.00,0.00,0.00,0,2.00,1,1369.62,0,0,3,java.lang.Object,0.00,24,0,2,0,24,2,0,0,250,1
"org.apache.lucene.swing.models.ListSearcherSimulator$DocumentListener",3,0.00,1.00,7,0.09,656.64,3,0,9,7,0,141.34,0,10,0,1,141.34,0.00,0.00,0.00,0,3.00,1,265.85,0,0,0,java.lang.Object,0.00,4,0,3,0,4,3,0,0,70,0
"org.apache.lucene.swing.models.RestaurantInfo",17,0.07,1.00,43,0.26,2927.95,25,8,0,17,6,142.16,15,62,6,1,142.16,0.00,0.00,0.06,1,137.00,1,790.69,0,8,0,java.lang.Object,0.00,0,0,17,0,0,9,0,1,229,1
"org.apache.lucene.swing.models.TableSearcher",18,0.08,1.78,112,1.27,37514.50,25,7,19,57,17,83.48,123,136,4,2,115.71,0.00,0.50,0.21,7,62.00,4,3820.64,0,5,13,javax.swing.table.AbstractTableModel,0.00,39,1,32,0,39,13,0,50,779,1
"org.apache.lucene.swing.models.TableSearcher$TableModelHandler",1,0.00,2.00,11,0.06,669.21,1,0,19,6,0,149.63,2,14,0,1,109.74,0.00,0.00,0.00,0,0.00,2,169.80,0,0,0,java.lang.Object,0.00,5,0,2,0,5,1,1,2,43,1
"org.apache.lucene.swing.models.TableSearcherSimulator",2,0.00,1.00,32,0.49,14963.09,2,0,4,26,4,95.58,0,35,1,1,95.58,0.00,0.00,0.00,0,2.00,1,1456.91,0,0,3,java.lang.Object,0.00,24,0,2,0,24,2,0,0,263,1
"org.apache.lucene.swing.models.TableSearcherSimulator$ActionListener",1,0.00,1.00,4,0.04,306.55,1,0,4,6,0,128.96,0,5,0,1,128.96,0.00,0.00,0.00,0,1.00,1,116.00,0,0,0,java.lang.Object,0.00,5,0,1,0,5,1,0,0,31,0
"org.apache.lucene.swing.models.TestBasicList",3,0.67,1.00,16,0.18,3276.70,6,3,4,14,5,121.00,2,21,0,3,121.00,0.00,0.67,0.78,0,0.00,1,547.51,1,0,5,org.apache.lucene.util.LuceneTestCase,0.20,11,2,3,0,11,3,0,1,128,1
"org.apache.lucene.swing.models.TestBasicTable",4,0.56,1.00,21,0.26,4961.60,7,3,4,21,5,120.57,0,27,0,3,120.57,0.00,0.67,0.75,0,0.00,1,778.99,1,0,5,org.apache.lucene.util.LuceneTestCase,0.19,17,2,4,0,17,4,0,0,187,1
"org.apache.lucene.swing.models.TestSearchingList",2,1.00,1.00,13,0.13,1974.10,4,2,2,9,4,168.39,3,17,0,3,118.39,0.00,0.67,1.00,0,0.00,1,379.28,1,0,4,org.apache.lucene.util.LuceneTestCase,0.21,7,2,2,0,7,2,0,3,95,1
"org.apache.lucene.swing.models.TestSearchingTable",2,1.00,1.00,13,0.13,1974.10,4,2,2,9,4,168.39,3,17,0,3,118.39,0.00,0.67,1.00,0,0.00,1,379.28,1,0,4,org.apache.lucene.util.LuceneTestCase,0.21,7,2,2,0,7,2,0,3,95,1
"org.apache.lucene.swing.models.TestUpdatingList",5,0.69,1.00,41,0.39,7545.28,9,4,1,17,5,112.28,0,48,0,3,112.28,0.00,0.67,0.80,0,0.00,1,1169.13,1,0,5,org.apache.lucene.util.LuceneTestCase,0.18,12,2,5,0,12,5,0,0,271,1
"org.apache.lucene.swing.models.TestUpdatingTable",5,0.69,1.00,41,0.39,7638.48,9,4,1,17,5,112.24,0,48,0,3,112.24,0.00,0.67,0.80,0,0.00,1,1181.53,1,0,5,org.apache.lucene.util.LuceneTestCase,0.18,12,2,5,0,12,5,0,0,274,1
"org.apache.solr.client.solrj.util.ClientUtils",9,3.00,3.33,89,1.32,66415.95,12,3,18,44,22,86.80,49,118,13,1,104.67,0.00,0.00,0.00,1,9.00,9,3969.29,0,8,9,java.lang.Object,0.00,35,0,30,0,35,1,0,17,740,1
"org.apache.solr.client.solrj.util.ClientUtilsTest",1,0.00,1.00,7,0.07,1113.60,1,0,1,3,2,97.61,5,10,0,3,115.48,0.00,0.67,0.00,0,1.00,1,224.01,0,0,2,org.apache.lucene.util.LuceneTestCase,0.00,2,2,1,0,2,1,0,1,56,1
"org.apache.lucene.store.AlreadyClosedException",1,0.00,1.00,3,0.02,106.02,1,0,0,1,15,170.64,20,5,15,2,137.25,0.00,0.50,0.00,0,1.00,1,45.51,0,0,0,java.lang.IllegalStateException,0.00,0,1,1,0,0,1,0,2,16,1
"org.apache.lucene.store.BufferedIndexInput",17,0.14,2.18,107,1.25,74438.46,23,6,1,21,19,133.73,51,151,18,2,113.12,5.00,0.14,0.29,6,23.00,7,3752.90,1,1,2,org.apache.lucene.store.IndexInput,0.39,4,1,37,5,4,16,0,35,773,2
"org.apache.lucene.store.BufferedIndexOutput",9,0.12,1.89,46,0.51,34493.44,13,4,1,10,3,116.80,41,68,2,2,116.56,1.00,0.33,0.36,2,8.00,8,1534.91,0,0,1,org.apache.lucene.store.IndexOutput,0.52,1,1,17,1,1,9,0,21,330,2
"org.apache.lucene.store.ChecksumIndexInput",8,0.07,1.00,23,0.21,3532.67,10,2,3,17,2,138.94,5,39,1,2,138.94,0.00,0.50,0.56,0,0.00,1,623.92,0,0,1,org.apache.lucene.store.IndexInput,0.44,9,1,8,0,9,8,0,1,164,1
"org.apache.lucene.store.ChecksumIndexOutput",11,0.05,1.00,32,0.30,4792.53,13,2,3,23,2,188.99,17,51,1,2,138.99,0.00,0.50,0.55,1,0.00,1,905.19,0,0,1,org.apache.lucene.store.IndexOutput,0.48,12,1,11,0,12,11,0,8,233,1
"org.apache.lucene.store.DirectIOLinuxDirectory",3,0.17,1.67,16,0.22,4626.85,6,3,7,6,5,69.70,28,22,0,3,119.70,0.00,0.67,0.22,0,1.00,2,674.18,3,2,5,org.apache.lucene.store.FSDirectory,0.00,3,2,5,0,3,1,0,2,147,1
"org.apache.lucene.store.DirectIOLinuxDirectory$DirectIOLinuxIndexInput",10,0.36,1.90,82,0.85,26265.26,18,8,7,27,2,160.24,12,113,0,2,110.24,0.00,0.50,0.45,2,0.00,3,2553.14,0,1,2,org.apache.lucene.store.IndexInput,0.48,17,1,19,0,17,9,0,12,534,3
"org.apache.lucene.store.DirectIOLinuxDirectory$DirectIOLinuxIndexOutput",9,0.28,1.78,75,0.85,33580.74,17,8,7,25,2,148.94,25,105,0,2,109.05,0.00,0.50,0.38,1,0.00,3,2537.74,0,0,2,org.apache.lucene.store.IndexOutput,0.52,16,1,16,0,16,9,0,25,520,3
"org.apache.lucene.store.Directory",20,0.45,1.35,50,0.51,9363.70,22,2,6,33,233,96.38,155,76,226,1,138.67,0.00,0.00,0.08,2,70.00,4,1533.20,0,2,7,java.lang.Object,0.00,13,0,27,15,13,18,1,24,381,2
"org.apache.lucene.store.FSDirectory",26,0.05,1.96,147,1.89,69984.01,33,7,16,71,73,85.54,173,219,63,2,117.76,4.00,0.17,0.10,6,134.00,7,5673.06,2,9,12,org.apache.lucene.store.Directory,0.13,45,1,51,4,45,17,0,39,1164,2
"org.apache.lucene.store.FSDirectory$FSIndexOutput",7,0.12,1.71,47,0.57,24359.10,11,4,16,21,3,153.85,17,69,0,3,113.96,0.00,0.67,0.36,0,0.00,4,1709.09,4,0,3,org.apache.lucene.store.BufferedIndexOutput,0.53,14,2,12,0,14,7,0,17,353,2
"org.apache.lucene.store.FSDirectory$FilenameFilter",1,0.00,1.00,3,0.03,458.50,1,0,16,3,0,132.24,0,4,0,1,132.24,0.00,0.00,0.00,0,1.00,1,86.14,0,0,0,java.lang.Object,0.00,2,0,1,0,2,1,0,0,24,0
"org.apache.lucene.store.FSLockFactory",2,1.00,1.50,7,0.06,1213.45,3,1,1,3,5,83.09,16,11,4,2,131.19,2.00,0.25,0.50,0,2.00,2,190.50,0,1,1,org.apache.lucene.store.LockFactory,0.00,1,1,3,2,1,1,0,4,49,2
"org.apache.lucene.store.FileSwitchDirectory",16,0.08,1.44,63,0.74,22025.50,20,4,7,37,4,128.40,15,101,1,2,128.40,0.00,0.50,0.17,3,50.00,3,2228.03,0,7,3,org.apache.lucene.store.Directory,0.11,21,1,23,0,21,9,0,4,516,1
"org.apache.lucene.store.IndexInput",19,0.44,1.74,96,1.13,48320.07,21,2,4,23,65,100.11,101,118,65,1,117.98,0.00,0.00,0.08,6,66.00,4,3396.72,1,4,2,java.lang.Object,0.00,4,0,33,18,4,15,2,23,732,2
"org.apache.lucene.store.IndexOutput",18,0.47,1.72,83,1.22,71523.12,20,2,4,26,44,120.31,74,108,43,1,120.07,0.00,0.00,0.06,5,34.00,4,3661.32,0,0,2,java.lang.Object,0.00,8,0,31,8,8,18,1,18,757,2
"org.apache.lucene.store.Lock",4,0.11,2.50,28,0.34,19599.75,7,3,2,10,30,61.73,41,37,28,1,110.21,0.00,0.00,0.25,1,6.00,7,1012.61,0,0,2,java.lang.Object,0.00,6,0,10,9,6,4,0,9,197,2
"org.apache.lucene.store.Lock$With",3,0.25,1.33,13,0.11,1805.78,5,2,2,5,2,147.20,10,19,0,1,126.59,0.00,0.00,0.33,1,4.00,2,320.43,0,2,2,java.lang.Object,0.00,2,0,4,0,2,1,0,3,81,3
"org.apache.lucene.store.LockFactory",4,1.00,1.00,8,0.06,564.89,5,1,1,4,14,92.84,36,11,13,1,142.84,0.00,0.00,0.00,0,4.00,1,176.92,0,2,1,java.lang.Object,0.00,0,0,4,7,0,2,0,5,53,2
"org.apache.lucene.store.LockObtainFailedException",1,0.00,1.00,3,0.02,106.02,1,0,1,1,18,94.96,7,5,18,2,137.25,0.00,0.50,0.00,0,1.00,1,45.51,0,0,0,java.io.IOException,0.00,0,1,1,0,0,1,0,1,16,1
"org.apache.lucene.store.LockReleaseFailedException",1,0.00,1.00,3,0.02,106.02,1,0,1,1,3,119.38,5,5,3,2,137.25,0.00,0.50,0.00,0,1.00,1,45.51,0,0,0,java.io.IOException,0.00,0,1,1,0,0,1,0,1,16,1
"org.apache.lucene.store.LockStressTest",1,0.00,11.00,36,0.74,45735.51,1,0,2,17,5,27.59,8,64,0,1,75.70,0.00,0.00,0.00,0,1.00,11,2208.03,0,0,5,java.lang.Object,0.00,16,0,11,0,16,1,0,1,331,1
"org.apache.lucene.store.LockVerifyServer",2,0.00,4.50,36,0.57,33684.68,2,0,5,18,0,72.67,10,47,0,1,90.55,0.00,0.00,0.00,1,2.00,8,1721.18,0,1,0,java.lang.Object,0.00,16,0,9,0,16,1,0,2,290,1
"org.apache.lucene.store.MMapDirectory",8,0.14,1.62,42,0.46,11294.79,11,3,12,20,6,75.88,92,65,2,3,120.01,0.00,0.67,0.21,0,30.00,3,1373.47,2,0,4,org.apache.lucene.store.FSDirectory,0.00,12,2,13,0,12,8,0,13,303,1
"org.apache.lucene.store.MMapDirectory$MMapIndexInput",8,0.05,1.38,31,0.33,6683.96,11,3,12,16,1,130.12,1,53,0,2,130.12,0.00,0.50,0.38,0,0.00,2,994.79,1,1,1,org.apache.lucene.store.IndexInput,0.52,8,1,11,0,8,7,0,1,237,1
"org.apache.lucene.store.MMapDirectory$MultiMMapIndexInput",8,0.29,2.62,86,1.06,63769.30,16,8,12,21,1,152.75,9,114,0,2,102.75,0.00,0.50,0.38,2,0.00,6,3185.63,1,1,1,org.apache.lucene.store.IndexInput,0.52,13,1,21,0,13,7,0,9,620,1
"org.apache.lucene.store.MMapDirectory$PrivilegedExceptionAction<Object>",1,0.00,2.00,8,0.10,2648.16,1,0,12,7,0,110.20,0,12,0,1,110.20,0.00,0.00,0.00,0,1.00,2,292.28,0,1,0,java.lang.Object,0.00,6,0,2,0,6,0,0,0,65,0
"org.apache.lucene.store.MockRAMDirectory",25,0.02,2.28,141,1.73,68369.05,36,11,12,65,70,157.56,54,198,65,3,117.67,0.00,0.67,0.11,3,246.00,8,5195.65,1,2,7,org.apache.lucene.store.RAMDirectory,0.05,40,2,57,0,40,23,0,23,1043,1
"org.apache.lucene.store.MockRAMDirectory$Failure",4,0.67,1.00,9,0.05,354.80,5,1,12,4,1,144.67,16,11,0,1,144.43,0.00,0.00,0.50,0,4.00,1,141.29,0,1,1,java.lang.Object,0.00,0,0,4,0,0,3,0,2,45,2
"org.apache.lucene.store.MockRAMInputStream",3,0.00,2.00,23,0.24,7519.08,6,3,1,8,4,83.17,40,33,2,3,112.55,0.00,0.67,0.33,0,4.00,4,706.13,2,1,3,org.apache.lucene.store.RAMInputStream,0.19,5,2,6,0,5,2,0,11,158,1
"org.apache.lucene.store.MockRAMOutputStream",5,0.06,2.40,40,0.51,31017.97,9,4,1,10,3,127.86,16,57,1,3,107.25,0.00,0.67,0.30,1,5.00,7,1526.99,3,0,3,org.apache.lucene.store.RAMOutputStream,0.32,5,2,12,0,5,5,0,11,308,1
"org.apache.lucene.store.NIOFSDirectory",3,0.00,1.00,9,0.10,1162.56,3,0,4,5,4,82.82,29,14,2,3,132.82,0.00,0.67,0.00,0,3.00,1,288.68,2,0,3,org.apache.lucene.store.FSDirectory,0.00,2,2,3,0,2,3,0,4,74,1
"org.apache.lucene.store.NIOFSDirectory$NIOFSIndexInput",4,0.25,3.00,54,0.64,53637.94,8,4,4,16,0,117.31,13,76,0,2,96.69,0.00,0.50,0.44,0,0.00,8,1915.10,1,0,0,SimpleFSDirectory.SimpleFSIndexInput,0.00,12,1,12,0,12,4,0,13,351,2
"org.apache.lucene.store.NativeFSLock",6,0.30,4.17,82,0.86,49000.87,12,6,8,25,3,50.21,53,135,1,2,98.31,0.00,0.50,0.42,3,0.00,13,2569.58,0,1,2,org.apache.lucene.store.Lock,0.60,19,1,25,0,19,5,0,35,489,0
"org.apache.lucene.store.NativeFSLockFactory",6,1.00,2.50,36,0.51,15602.90,7,1,8,25,7,70.74,71,58,4,3,114.87,0.00,0.67,0.17,2,6.00,7,1530.97,1,1,3,org.apache.lucene.store.FSLockFactory,0.00,19,2,15,0,19,5,0,27,299,1
"org.apache.lucene.store.NativePosixUtil",6,6.00,1.17,18,0.25,4279.56,12,6,3,7,2,130.70,0,22,2,1,130.70,0.00,0.00,0.00,1,6.00,2,742.94,0,1,0,java.lang.Object,0.00,1,0,7,0,1,5,0,0,179,2
"org.apache.lucene.store.NoLock",4,0.00,1.00,8,0.05,547.10,4,0,1,4,2,142.95,0,17,1,2,142.95,0.00,0.50,0.00,0,4.00,1,153.76,0,1,1,org.apache.lucene.store.Lock,0.75,0,1,4,0,0,3,0,0,48,0
"org.apache.lucene.store.NoLockFactory",4,0.33,1.00,10,0.08,1423.37,6,2,1,6,8,160.30,14,15,5,2,139.68,0.00,0.50,0.25,0,8.00,1,233.37,0,2,3,org.apache.lucene.store.LockFactory,0.00,2,1,4,0,2,2,0,4,65,1
"org.apache.lucene.store.NoSuchDirectoryException",1,0.00,1.00,3,0.02,106.02,1,0,1,1,5,137.49,4,5,5,2,137.25,0.00,0.50,0.00,0,1.00,1,45.51,0,0,0,java.io.FileNotFoundException,0.00,0,1,1,0,0,1,0,1,16,1
"org.apache.lucene.store.RAMDirectory",13,0.03,1.85,91,0.98,31502.21,16,3,8,37,130,133.30,44,129,122,2,112.68,3.00,0.20,0.31,0,0.00,4,2950.39,2,2,9,org.apache.lucene.store.Directory,0.12,24,1,24,3,24,11,1,15,610,1
"org.apache.lucene.store.RAMFile",11,0.05,1.09,34,0.30,6956.24,17,6,2,16,7,181.13,11,46,7,1,131.13,0.00,0.00,0.12,1,49.00,2,888.39,0,0,1,java.lang.Object,0.00,5,0,12,2,5,11,1,6,217,1
"org.apache.lucene.store.RAMInputStream",9,0.38,2.44,66,0.79,37686.45,17,8,1,14,7,110.75,6,94,3,2,110.75,1.00,0.33,0.46,1,0.00,4,2359.64,0,0,4,org.apache.lucene.store.IndexInput,0.50,5,1,22,1,5,9,1,6,472,0
"org.apache.lucene.store.RAMOutputStream",15,0.31,1.87,91,0.92,35269.03,22,7,1,25,9,115.28,14,126,6,2,115.28,1.00,0.33,0.43,3,0.00,4,2755.33,0,0,3,org.apache.lucene.store.IndexOutput,0.48,10,1,28,1,10,15,0,10,586,1
"org.apache.lucene.store.SimpleFSDirectory",3,0.00,1.00,9,0.09,1082.28,3,0,3,5,7,100.84,19,13,5,3,133.06,0.00,0.67,0.00,0,4.00,1,273.70,1,1,3,org.apache.lucene.store.FSDirectory,0.00,2,2,3,0,2,2,0,4,71,1
"org.apache.lucene.store.SimpleFSDirectory$SimpleFSIndexInput",8,0.05,1.62,46,0.52,30825.94,11,3,3,18,2,166.58,10,72,0,3,116.58,0.00,0.67,0.29,0,0.00,5,1570.91,2,1,2,org.apache.lucene.store.BufferedIndexInput,0.34,10,2,13,0,10,7,0,8,326,2
"org.apache.lucene.store.SimpleFSDirectory$SimpleFSIndexInput$Descriptor",2,0.33,1.50,12,0.09,1358.75,5,3,3,2,0,169.58,2,17,0,2,119.58,0.00,0.50,0.50,0,0.00,2,273.95,1,0,0,java.io.RandomAccessFile,0.00,0,1,3,0,0,2,0,2,69,2
"org.apache.lucene.store.SimpleFSLock",5,0.12,1.80,18,0.22,5633.91,7,2,2,14,3,129.03,1,33,1,2,129.03,0.00,0.50,0.60,0,0.00,4,651.51,0,1,2,org.apache.lucene.store.Lock,0.67,9,1,9,0,9,4,0,1,155,0
"org.apache.lucene.store.SimpleFSLockFactory",5,0.00,1.80,18,0.20,5735.12,5,0,2,10,6,78.97,45,30,3,3,128.97,0.00,0.67,0.00,0,7.00,4,594.31,1,1,3,org.apache.lucene.store.FSLockFactory,0.00,5,2,9,0,5,4,0,4,139,1
"org.apache.lucene.store.SingleInstanceLock",5,0.25,1.00,17,0.15,2520.69,7,2,2,8,2,131.92,0,30,1,2,131.92,0.00,0.50,0.70,0,0.00,1,445.66,1,1,1,org.apache.lucene.store.Lock,0.67,3,1,5,0,3,4,0,0,117,0
"org.apache.lucene.store.SingleInstanceLockFactory",2,0.00,1.50,8,0.09,1813.75,3,1,2,6,6,92.94,13,15,3,2,125.16,0.00,0.50,1.00,0,0.00,2,273.82,0,0,3,org.apache.lucene.store.LockFactory,0.00,4,1,3,0,4,2,0,4,68,1
"org.apache.lucene.store.TestBufferedIndexInput",9,0.31,2.78,146,1.89,101526.92,11,2,22,53,14,94.17,36,163,0,3,93.94,0.00,0.67,0.22,5,18.00,7,5670.40,1,0,14,org.apache.lucene.util.LuceneTestCase,0.00,44,2,25,0,44,9,0,36,1025,1
"org.apache.lucene.store.TestBufferedIndexInput$MockFSDirectory",12,0.06,1.08,37,0.46,8199.91,15,3,22,30,6,130.86,4,71,0,2,130.86,0.00,0.50,0.39,1,0.00,2,1366.83,0,4,6,org.apache.lucene.store.Directory,0.12,18,1,13,0,18,8,0,4,323,2
"org.apache.lucene.store.TestBufferedIndexInput$MyBufferedIndexInput",6,0.50,1.17,19,0.16,3287.11,8,2,22,6,1,131.60,1,27,0,3,131.60,0.00,0.67,0.08,0,10.00,2,481.59,0,0,1,org.apache.lucene.store.BufferedIndexInput,0.29,0,2,7,0,0,6,0,1,125,2
"org.apache.lucene.store.TestDirectory",8,0.00,2.25,110,1.39,83747.99,8,0,5,42,14,147.61,14,125,0,3,97.61,0.00,0.67,0.00,1,8.00,8,4164.49,0,0,14,org.apache.lucene.util.LuceneTestCase,0.00,34,2,18,0,34,8,0,14,756,1
"org.apache.lucene.store.TestFileSwitchDirectory",1,0.00,4.00,39,0.50,23340.85,1,0,8,24,9,44.71,6,36,0,3,76.93,0.00,0.67,0.00,0,1.00,4,1492.15,0,0,9,org.apache.lucene.util.LuceneTestCase,0.00,23,2,4,0,23,1,0,3,254,1
"org.apache.lucene.store.TestHugeRamFile",1,1.00,8.00,57,0.71,80764.32,2,1,3,12,3,18.28,8,48,0,3,66.38,0.00,0.67,0.00,0,1.00,8,2134.25,0,0,3,org.apache.lucene.util.LuceneTestCase,0.00,11,2,8,0,11,1,0,7,368,1
"org.apache.lucene.store.TestHugeRamFile$DenseRAMFile",1,0.00,3.00,12,0.14,5934.30,3,2,3,5,1,121.39,3,17,0,2,100.78,0.00,0.50,1.00,0,0.00,3,433.32,0,0,1,org.apache.lucene.store.RAMFile,0.17,4,1,3,0,4,1,0,3,94,2
"org.apache.lucene.store.TestLock",1,0.00,2.00,9,0.08,1329.35,1,0,2,5,2,110.65,0,13,0,3,110.65,0.00,0.67,0.00,0,1.00,2,247.01,0,0,2,org.apache.lucene.util.LuceneTestCase,0.00,4,2,2,0,4,1,0,0,57,1
"org.apache.lucene.store.TestLock$LockMock",3,1.00,1.00,8,0.05,517.34,4,1,2,3,1,142.16,1,15,0,2,142.16,0.00,0.50,0.33,0,4.00,1,145.73,0,0,1,org.apache.lucene.store.Lock,0.86,0,1,3,0,0,3,0,1,44,1
"org.apache.lucene.store.TestLockFactory",10,0.00,1.70,104,1.42,41243.21,10,0,17,48,20,125.72,31,128,0,3,105.11,0.00,0.67,0.00,1,10.00,3,4256.88,0,0,20,org.apache.lucene.util.LuceneTestCase,0.00,38,2,17,0,38,10,0,31,818,1
"org.apache.lucene.store.TestLockFactory$MockLockFactory",4,0.11,1.00,18,0.20,3387.75,7,3,17,12,5,125.49,0,26,0,2,125.49,0.00,0.50,0.25,0,8.00,1,605.94,1,1,5,org.apache.lucene.store.LockFactory,0.00,8,1,4,0,8,3,0,0,140,1
"org.apache.lucene.store.TestLockFactory$MockLockFactory$MockLock",3,1.00,1.00,8,0.05,494.89,4,1,17,3,1,142.31,1,15,0,2,142.31,0.00,0.50,0.33,0,4.00,1,144.06,0,0,1,org.apache.lucene.store.Lock,0.86,0,1,3,0,0,3,0,1,44,1
"org.apache.lucene.store.TestLockFactory$SearcherThread",2,0.00,3.50,35,0.41,21468.78,5,3,17,10,6,93.07,1,44,0,2,93.07,0.00,0.50,0.33,0,2.00,6,1232.25,0,0,6,org.apache.lucene.index.Thread,0.00,8,1,7,0,8,2,0,1,227,1
"org.apache.lucene.store.TestLockFactory$WriterThread",2,0.00,4.50,39,0.47,33621.46,5,3,17,10,3,110.29,6,51,0,2,89.68,0.00,0.50,0.33,0,2.00,8,1423.90,0,0,3,org.apache.lucene.index.Thread,0.00,8,1,9,0,8,2,0,6,260,1
"org.apache.lucene.store.TestRAMDirectory",7,0.00,2.14,97,1.17,38411.99,11,4,13,52,14,139.71,15,95,0,3,99.83,0.00,0.67,0.25,1,3.00,4,3508.41,2,0,14,org.apache.lucene.util.LuceneTestCase,0.32,45,2,15,0,45,7,0,12,668,1
"org.apache.lucene.store.TestRAMDirectory$Thread",1,0.00,3.00,11,0.14,4887.80,1,0,13,8,3,102.85,0,13,0,1,102.85,0.00,0.00,0.00,0,0.00,3,431.25,0,0,3,java.lang.Object,0.00,7,0,3,0,7,1,0,0,83,0
"org.apache.lucene.store.TestWindowsMMap",5,0.00,2.00,52,0.60,15799.32,8,3,9,28,8,155.98,6,55,0,3,105.98,0.00,0.67,0.33,3,5.00,3,1789.56,1,2,8,org.apache.lucene.util.LuceneTestCase,0.18,23,2,10,0,23,3,0,6,355,1
"org.apache.lucene.store.VerifyingLockFactory",3,0.12,1.00,15,0.15,2461.31,7,4,4,6,3,79.69,21,22,1,2,121.98,0.00,0.50,0.17,0,1.00,1,435.22,0,1,2,org.apache.lucene.store.LockFactory,0.00,3,1,3,0,3,2,0,2,107,1
"org.apache.lucene.store.VerifyingLockFactory$CheckedLock",6,0.40,1.67,29,0.32,7709.26,7,1,4,18,2,123.94,0,47,0,2,123.94,0.00,0.50,0.67,2,2.00,3,952.89,0,0,2,org.apache.lucene.store.Lock,0.80,12,1,10,0,12,6,0,0,211,1
"org.apache.lucene.store._TestHelper",3,0.00,1.67,14,0.10,1978.43,3,0,2,4,1,108.35,16,22,0,1,126.22,0.00,0.00,0.00,1,3.00,2,314.30,0,0,1,java.lang.Object,0.00,1,0,5,0,1,3,0,4,78,1
"org.apache.solr.handler.admin.AdminHandlers",11,1.00,1.73,45,0.59,29091.95,12,1,9,30,14,171.47,11,76,0,1,121.47,0.00,0.00,0.09,0,20.00,9,1782.06,0,7,14,java.lang.Object,0.00,19,0,19,0,19,4,2,4,348,1
"org.apache.solr.handler.admin.AdminHandlers$StandardHandler",1,2.00,1.00,6,0.04,469.78,3,2,9,1,1,120.93,0,9,0,1,120.93,0.00,0.00,0.00,0,1.00,1,128.04,0,0,1,java.lang.Object,0.00,0,0,1,0,0,1,0,0,35,2
"org.apache.solr.handler.admin.CoreAdminHandler",21,0.60,2.62,206,2.95,120082.19,22,1,26,74,21,87.72,109,285,1,2,105.60,0.00,0.50,0.43,10,48.00,16,8857.00,0,7,21,org.apache.solr.handler.RequestHandlerBase,0.24,53,1,55,0,53,14,0,22,1609,1
"org.apache.solr.handler.admin.LukeRequestHandler",15,0.13,5.93,286,6.30,479800.23,20,5,44,165,34,108.03,57,359,4,2,87.41,0.00,0.50,0.08,2,50.00,15,18908.13,0,13,30,org.apache.solr.handler.RequestHandlerBase,0.37,150,1,89,0,150,2,0,32,3165,1
"org.apache.solr.handler.admin.LukeRequestHandler$TermHistogram",3,0.00,2.33,26,0.30,10319.40,6,3,44,11,1,109.27,1,36,0,1,109.27,0.00,0.00,0.33,1,1.00,3,897.50,0,1,1,java.lang.Object,0.00,8,0,7,0,8,2,0,1,190,1
"org.apache.solr.handler.admin.LukeRequestHandler$TopTermQueue",4,0.33,3.75,51,0.79,56128.58,7,3,44,31,6,137.67,10,73,0,2,97.78,0.00,0.50,0.08,0,6.00,9,2380.61,2,2,6,org.apache.lucene.util.PriorityQueue,0.00,27,1,15,0,27,2,0,8,437,2
"org.apache.solr.handler.admin.LukeRequestHandler$TopTermQueue$TermInfo",1,0.00,1.00,6,0.03,215.85,3,2,44,1,1,123.59,0,8,0,1,123.59,0.00,0.00,1.00,0,0.00,1,93.10,0,0,1,java.lang.Object,0.00,0,0,1,0,0,1,0,0,28,1
"org.apache.solr.handler.admin.LukeRequestHandlerTest",5,0.00,1.00,26,0.35,8613.94,5,0,1,7,1,169.44,5,61,0,4,119.44,0.00,0.75,0.00,2,5.00,1,1046.24,5,2,1,org.apache.solr.util.AbstractSolrTestCase,0.18,2,3,5,0,2,3,0,3,219,1
"org.apache.solr.handler.admin.PluginInfoHandler",6,0.00,2.83,43,0.78,51651.85,6,0,11,28,9,158.25,11,61,1,2,108.25,0.00,0.50,0.00,0,6.00,12,2352.75,0,5,8,org.apache.solr.handler.RequestHandlerBase,0.44,22,1,17,0,22,1,0,2,417,1
"org.apache.solr.handler.admin.PropertiesRequestHandler",5,0.00,1.20,20,0.21,5939.34,5,0,6,13,6,174.29,5,35,1,2,124.29,0.00,0.50,0.00,0,5.00,2,624.68,0,4,5,org.apache.solr.handler.RequestHandlerBase,0.47,8,1,6,0,8,1,0,2,137,1
"org.apache.solr.handler.admin.ShowFileRequestHandler",9,0.06,2.89,82,1.35,83186.75,13,4,22,54,15,71.71,57,125,3,2,103.93,0.00,0.50,0.19,0,28.00,11,4035.06,1,6,13,org.apache.solr.handler.RequestHandlerBase,0.38,45,1,26,0,45,3,0,16,685,1
"org.apache.solr.handler.admin.SolrInfoMBeanHandler",6,0.00,2.67,48,0.78,45187.93,6,0,12,34,8,156.56,9,57,1,2,106.56,0.00,0.50,0.00,1,6.00,8,2327.44,0,5,7,org.apache.solr.handler.RequestHandlerBase,0.44,28,1,16,0,28,1,0,3,399,1
"org.apache.solr.handler.admin.SystemInfoHandler",12,0.18,2.17,139,2.27,119437.54,16,4,24,71,11,100.73,55,184,2,2,100.49,0.00,0.50,0.08,1,32.00,5,6798.05,0,10,9,org.apache.solr.handler.RequestHandlerBase,0.33,59,1,26,0,59,2,0,28,1242,1
"org.apache.solr.handler.admin.SystemInfoHandlerTest",1,0.00,1.00,12,0.18,5608.05,1,0,4,10,3,121.84,3,14,0,3,101.22,0.00,0.67,0.00,0,1.00,1,525.83,0,0,3,org.apache.lucene.util.LuceneTestCase,0.00,9,2,1,0,9,1,0,3,110,1
"org.apache.solr.handler.admin.ThreadDumpHandler",7,0.00,2.29,63,1.01,59464.68,7,0,10,34,7,144.16,17,85,1,2,104.27,0.00,0.50,0.00,0,7.00,7,3028.45,0,6,6,org.apache.solr.handler.RequestHandlerBase,0.42,27,1,16,0,27,1,0,8,539,1
"org.apache.solr.servlet.cache.HttpCacheHeaderUtil",10,1.00,3.00,91,1.39,53339.39,11,1,18,48,10,55.80,97,148,2,1,105.80,0.00,0.00,0.10,4,18.00,4,4177.92,0,1,8,java.lang.Object,0.00,38,0,30,0,38,9,0,35,798,2
"org.apache.solr.servlet.cache.HttpCacheHeaderUtil$EtagCacheVal",2,0.33,1.50,11,0.13,2920.03,5,3,18,7,0,119.92,0,19,0,1,119.92,0.00,0.00,0.50,0,2.00,2,383.99,0,1,0,java.lang.Object,0.00,5,0,3,0,5,1,0,0,89,2
"org.apache.solr.servlet.cache.Method",1,0.00,2.00,6,0.05,769.59,1,0,1,3,2,119.09,0,10,2,1,119.09,0.00,0.00,0.00,0,1.00,2,162.51,0,1,0,java.lang.Object,0.00,2,0,2,0,2,0,0,0,40,1
