Name, No. Methods, LCOM, AVCC, NOS, HBUG, HEFF, UWCS, INST, PACK, RFC, CBO, MI, CCML, NLOC, F-IN, DIT, MINC, S-R, R-R, COH, LMC, LCOM2, MAXCC, HVOL, HIER, NQU, FOUT, Superclass, SIX, EXT, NSUP, TCC, NSUB, MPC, NCO, INTR, CCOM, HLTH, MOD
"org.apache.solr.common.util.Base64",3,0.25,4.67,71,1.86,200994.00,5,2,0,9,3,33.37,30,95,3,1,81.85,0.00,0.00,0.33,1,5.00,8,5577.01,0,1,0,java.lang.Object,0.00,6,0,14,0,6,2,0,11,904,1
"org.apache.solr.common.util.ContentStream",6,0.00,1.00,7,0.02,93.53,6,0,3,6,58,113.50,48,8,58,1,161.61,0.00,0.00,0.00,0,6.00,1,73.02,0,6,0,,0.00,0,0,6,0,0,0,0,5,33,1
"org.apache.solr.common.util.ContentStreamBase",10,0.11,1.30,34,0.31,6551.97,15,5,12,17,40,170.85,29,54,39,1,130.96,0.00,0.00,0.10,2,50.00,3,940.86,0,6,1,java.lang.Object,0.00,7,0,13,6,7,4,1,12,228,2
"org.apache.solr.common.util.ContentStreamBase$FileStream",3,0.00,1.33,13,0.14,2306.12,4,1,12,10,1,175.75,5,21,0,2,125.75,0.00,0.50,1.00,1,0.00,2,426.79,1,2,1,org.apache.solr.common.util.ContentStreamBase,0.15,7,1,4,0,7,1,0,2,100,2
"org.apache.solr.common.util.ContentStreamBase$StringStream",3,0.50,1.33,13,0.14,2292.06,4,1,12,9,1,175.77,4,21,0,2,125.77,0.00,0.50,0.67,1,0.00,2,415.34,1,2,1,org.apache.solr.common.util.ContentStreamBase,0.15,6,1,4,0,6,1,0,1,98,2
"org.apache.solr.common.util.ContentStreamBase$URLStream",2,1.00,1.00,11,0.11,1722.53,3,1,12,8,1,121.81,0,15,0,2,121.81,0.00,0.50,0.50,0,2.00,1,333.40,0,1,1,org.apache.solr.common.util.ContentStreamBase,0.00,6,1,2,0,6,1,0,0,78,2
"org.apache.solr.common.util.ContentStreamTest",3,0.00,2.00,42,0.69,26954.15,3,0,13,37,2,146.95,4,60,0,2,96.95,0.00,0.50,0.00,0,3.00,4,2057.83,0,0,2,org.apache.lucene.util.LuceneTestCase,0.00,34,1,6,0,34,3,0,3,374,1
"org.apache.solr.common.util.DOMUtil",18,0.00,3.67,179,2.67,161306.44,18,0,5,57,19,71.76,113,231,16,1,103.98,0.00,0.00,0.00,9,18.00,14,7999.84,0,11,3,java.lang.Object,0.00,39,0,66,0,39,7,0,55,1489,1
"org.apache.solr.common.util.DOMUtilTest",2,0.00,1.00,31,0.52,20853.62,2,0,1,14,4,95.49,0,34,0,3,95.49,0.00,0.67,0.00,1,2.00,1,1553.08,1,0,4,org.apache.solr.util.DOMUtilTestBase,0.00,12,2,2,0,12,2,0,0,280,1
"org.apache.solr.common.util.DateUtil",5,0.00,5.20,94,1.47,117524.67,14,9,12,32,11,59.99,65,123,11,1,89.37,0.00,0.00,0.11,2,14.00,14,4402.32,0,5,0,java.lang.Object,0.00,27,0,26,0,27,0,0,27,798,1
"org.apache.solr.common.util.DateUtil$ThreadLocalDateFormat",2,0.00,1.00,9,0.08,1070.68,3,1,12,5,0,127.05,1,13,0,2,127.05,0.00,0.50,1.00,0,0.00,1,225.58,0,1,0,java.lang.ThreadLocal,0.00,3,1,2,0,3,1,0,1,59,2
"org.apache.solr.common.util.Deprecated",2,0.00,1.00,5,0.03,201.19,2,0,0,2,1,194.00,3,8,0,2,144.00,0.00,0.50,0.00,0,2.00,1,75.09,0,0,1,org.apache.solr.common.util.JavaBinCodec,0.00,0,1,2,0,0,2,0,1,26,1
"org.apache.solr.common.util.FastInputStream",23,0.01,1.87,99,1.21,59762.27,27,4,1,34,9,121.51,10,147,9,2,121.51,0.00,0.50,0.24,7,99.00,8,3635.81,0,3,0,java.io.InputStream,0.00,11,1,43,0,11,20,1,8,819,1
"org.apache.solr.common.util.FastOutputStream",23,0.01,1.39,101,1.17,43312.11,27,4,1,32,5,122.68,20,128,5,2,122.68,0.00,0.50,0.24,6,100.00,4,3518.01,0,1,0,java.io.OutputStream,0.00,9,1,32,0,9,22,1,13,795,1
"org.apache.solr.common.util.FastWriter",11,0.28,1.64,64,0.74,38840.22,15,4,2,17,7,166.87,11,86,7,2,116.87,1.00,0.33,0.50,2,0.00,3,2217.34,0,2,0,java.io.Writer,0.00,6,1,18,1,6,9,0,9,488,1
"org.apache.solr.common.util.FileUtils",3,0.00,5.00,34,0.46,25986.89,3,0,2,20,9,58.48,21,49,9,1,100.78,0.00,0.00,0.00,0,3.00,8,1392.62,0,1,0,java.lang.Object,0.00,17,0,15,0,17,2,0,5,266,1
"org.apache.solr.common.util.FileUtilsTest",1,0.00,1.00,6,0.12,3345.66,1,0,3,5,1,114.22,0,8,0,2,114.22,0.00,0.50,0.00,0,1.00,1,363.34,0,0,1,org.apache.lucene.util.LuceneTestCase,0.00,4,1,1,0,4,1,0,0,80,1
"org.apache.solr.common.util.Hash",4,0.00,6.25,164,2.65,608604.00,4,0,0,7,2,119.61,100,123,2,1,69.61,0.00,0.00,0.00,1,4.00,10,7951.67,0,0,0,java.lang.Object,0.00,3,0,25,0,3,4,0,29,1387,1
"org.apache.solr.common.util.IteratorChain",5,0.17,2.20,27,0.26,7860.49,8,3,3,12,2,159.46,12,37,2,1,119.57,0.00,0.00,0.47,1,1.00,4,794.87,0,0,0,java.lang.Object,0.00,7,0,11,0,7,5,1,6,189,1
"org.apache.solr.common.util.IteratorChainTest",9,0.00,1.56,51,0.60,15786.22,9,0,5,24,1,119.28,4,66,0,2,119.28,0.00,0.50,0.00,1,9.00,2,1809.19,0,2,1,org.apache.lucene.util.LuceneTestCase,0.00,15,1,14,0,15,7,0,4,395,1
"org.apache.solr.common.util.JavaBinCodec",41,0.03,3.15,460,6.18,366066.84,76,35,7,111,17,150.78,54,575,11,1,100.78,0.00,0.00,0.05,21,850.00,15,18531.20,0,11,6,java.lang.Object,0.00,70,0,129,1,70,30,0,24,3449,1
"org.apache.solr.common.util.JavaBinCodec$ObjectResolver",1,0.00,1.00,2,0.02,108.48,1,0,7,1,1,143.74,0,3,0,1,143.74,0.00,0.00,0.00,0,1.00,1,48.15,0,1,1,,0.00,0,0,1,0,0,0,0,0,16,2
"org.apache.solr.common.util.NamedList",23,0.45,1.83,114,1.27,42511.25,24,1,2,45,280,90.46,139,139,280,1,122.68,0.00,0.00,0.57,7,0.00,5,3795.01,0,6,0,java.lang.Object,0.00,22,0,42,1,22,17,3,26,851,1
"org.apache.solr.common.util.NamedList$Iterator<Map.Entry<String,T>>",3,0.50,1.00,10,0.10,1724.48,4,1,2,6,0,131.47,0,13,0,1,131.47,0.00,0.00,0.67,0,1.00,1,292.28,0,1,0,java.lang.Object,0.00,3,0,3,0,3,2,0,0,74,0
"org.apache.solr.common.util.NamedList$Iterator<Map.Entry<String,T>>$Map.Entry<String,T>",4,0.00,1.00,9,0.09,1029.45,4,0,2,7,0,140.79,0,16,0,1,140.79,0.00,0.00,0.00,1,4.00,1,267.12,0,2,0,java.lang.Object,0.00,3,0,4,0,3,2,0,0,74,0
"org.apache.solr.common.util.NamedList$NamedListEntry",5,0.00,1.00,15,0.10,1595.36,7,2,2,5,0,133.48,0,21,0,1,133.48,0.00,0.00,0.50,0,1.00,1,291.68,0,1,0,java.lang.Object,0.00,0,0,5,0,0,4,1,0,82,3
"org.apache.solr.common.util.NamedListTest",1,0.00,1.00,9,0.10,2422.44,1,0,1,6,1,108.75,0,11,0,2,108.75,0.00,0.50,0.00,0,1.00,1,306.94,0,0,1,org.apache.lucene.util.LuceneTestCase,0.00,5,1,1,0,5,1,0,0,68,1
"org.apache.solr.common.util.RTimer",11,0.22,1.64,73,0.73,21149.44,19,8,3,29,5,155.89,25,90,3,1,116.00,0.00,0.00,0.33,1,11.00,4,2184.60,0,4,2,java.lang.Object,0.00,18,0,18,0,18,7,0,7,473,1
"org.apache.solr.common.util.RegexFileFilter",4,0.33,1.00,10,0.09,948.47,5,1,3,9,2,191.07,4,16,2,1,141.07,0.00,0.00,0.75,0,0.00,1,255.35,0,1,0,java.lang.Object,0.00,5,0,4,0,5,3,1,1,72,2
"org.apache.solr.common.util.SimpleOrderedMap",4,0.00,1.00,12,0.11,2250.82,4,0,1,8,81,99.32,24,18,80,2,131.54,0.00,0.50,0.00,0,6.00,1,326.31,0,1,1,org.apache.solr.common.util.NamedList,0.07,4,1,4,0,4,3,0,3,86,1
"org.apache.solr.common.util.StrUtils",10,1.00,6.80,158,2.11,135511.03,11,1,6,31,38,76.28,57,179,37,1,94.15,0.00,0.00,0.00,0,10.00,15,6333.31,0,6,1,java.lang.Object,0.00,21,0,68,0,21,4,0,16,1164,1
"org.apache.solr.common.util.SystemIdResolver",9,0.03,2.00,55,0.66,24886.31,13,4,16,32,10,154.60,26,77,9,1,114.71,0.00,0.00,0.22,2,18.00,6,1982.54,0,8,1,java.lang.Object,0.00,23,0,18,0,23,1,2,9,402,2
"org.apache.solr.common.util.SystemIdResolver$URIResolver",1,0.00,3.00,6,0.09,3457.00,1,0,16,4,1,113.85,0,9,0,1,113.85,0.00,0.00,0.00,0,1.00,3,273.00,0,1,1,java.lang.Object,0.00,3,0,3,0,3,0,0,0,57,0
"org.apache.solr.common.util.SystemIdResolver$XMLResolver",1,0.00,3.00,6,0.10,4071.25,1,0,16,4,1,113.29,0,9,0,1,113.29,0.00,0.00,0.00,0,1.00,3,295.53,0,1,1,java.lang.Object,0.00,3,0,3,0,3,0,0,0,61,0
"org.apache.solr.common.util.TestFastInputStream",3,0.00,3.00,43,0.82,56042.87,3,0,5,20,3,114.97,10,54,0,2,94.36,0.00,0.50,0.00,2,3.00,4,2453.25,0,0,3,org.apache.lucene.util.LuceneTestCase,0.00,17,1,9,0,17,3,0,5,452,1
"org.apache.solr.common.util.TestHash",3,0.00,2.33,57,0.73,40905.35,3,0,2,12,1,58.32,19,51,0,2,90.55,0.00,0.50,0.00,1,3.00,3,2186.82,0,0,1,org.apache.lucene.util.LuceneTestCase,0.00,9,1,7,0,9,3,0,6,410,1
"org.apache.solr.common.util.TestJavaBinCodec",1,0.00,2.00,13,0.14,3736.82,1,0,4,9,2,101.16,0,13,0,2,101.16,0.00,0.50,0.00,0,1.00,2,421.85,0,0,2,org.apache.lucene.util.LuceneTestCase,0.00,8,1,2,0,8,1,0,0,84,1
"org.apache.solr.common.util.TestNamedListCodec",9,0.50,1.89,165,2.45,97222.75,10,1,11,57,5,92.27,7,182,0,2,92.27,0.00,0.50,0.56,3,4.00,3,7363.65,0,4,5,org.apache.lucene.util.LuceneTestCase,0.00,48,1,17,0,48,5,0,7,1286,1
"org.apache.solr.common.util.TestSystemIdResolver",2,0.00,1.00,24,0.52,16983.72,2,0,7,19,4,139.69,5,33,0,2,99.80,0.00,0.50,0.00,1,2.00,1,1569.10,0,0,4,org.apache.lucene.util.LuceneTestCase,0.00,17,1,2,0,17,2,0,5,277,1
"org.apache.solr.common.util.TestXMLEscaping",8,0.00,1.00,20,0.17,2445.09,8,0,4,12,1,140.20,6,29,0,2,140.20,0.00,0.50,0.00,1,8.00,1,513.43,0,0,1,org.apache.lucene.util.LuceneTestCase,0.00,4,1,8,0,4,8,0,4,135,1
"org.apache.solr.common.util.XML",9,0.38,2.44,113,1.52,87703.49,11,2,3,14,11,81.26,45,125,11,1,99.13,0.00,0.00,0.17,3,26.00,4,4559.83,0,0,0,java.lang.Object,0.00,5,0,22,0,5,9,0,12,883,1
"org.apache.solr.common.util.XMLErrorLogger",8,0.71,1.12,21,0.30,5584.63,9,1,8,21,11,137.35,3,32,11,1,137.35,0.00,0.00,0.38,0,14.00,2,911.38,0,0,0,java.lang.Object,0.00,13,0,9,0,13,8,3,3,214,2
"org.apache.lucene.facet.search.aggregator.association.AssociationFloatSumAggregator",6,0.07,1.33,23,0.28,6328.98,9,3,5,14,6,149.94,22,34,2,1,129.33,0.00,0.00,0.39,0,6.00,2,848.28,0,0,4,java.lang.Object,0.00,8,0,8,0,8,6,1,2,198,1
"org.apache.lucene.facet.search.aggregator.association.AssociationIntSumAggregator",6,0.07,1.33,23,0.27,6099.99,9,3,5,13,6,150.07,22,34,2,1,129.46,0.00,0.00,0.39,0,6.00,2,817.20,0,0,4,java.lang.Object,0.00,7,0,8,0,7,6,1,2,192,1
"org.apache.lucene.analysis.ngram.EdgeNGramTokenFilter",0,0.00,0.00,5,0.06,1257.86,3,3,5,0,9,171.00,7,5,5,4,171.00,0.00,0.75,0.00,0,0.00,0,174.17,0,0,4,org.apache.lucene.analysis.TokenFilter,0.00,0,3,0,0,0,0,0,2,41,2
"org.apache.lucene.analysis.ngram.EdgeNGramTokenFilter$Side",4,0.21,4.00,66,0.87,117123.23,15,11,5,19,2,58.37,26,89,0,1,90.59,0.00,0.00,0.25,0,6.00,13,2599.13,1,4,2,java.lang.Object,0.00,15,0,16,0,15,0,0,12,424,2
"org.apache.lucene.analysis.ngram.EdgeNGramTokenFilterTest",13,0.25,1.23,72,0.96,20103.12,14,1,11,21,10,119.76,8,80,0,3,119.76,0.00,0.67,0.77,0,0.00,2,2887.21,4,0,10,org.apache.lucene.analysis.BaseTokenStreamTestCase,0.00,8,2,16,0,8,13,0,6,615,1
"org.apache.lucene.analysis.ngram.EdgeNGramTokenFilterTest$ReusableAnalyzerBase",1,0.00,1.00,6,0.09,1749.94,1,0,11,5,5,116.44,0,8,0,1,116.44,0.00,0.00,0.00,0,1.00,1,265.47,0,0,5,java.lang.Object,0.00,4,0,1,0,4,1,0,0,57,0
"org.apache.lucene.analysis.ngram.EdgeNGramTokenFilterTest$ReusableAnalyzerBase_0",1,0.00,1.00,4,0.07,1236.33,1,0,11,4,3,124.19,0,7,0,1,124.19,0.00,0.00,0.00,0,1.00,1,200.72,0,0,3,java.lang.Object,0.00,3,0,1,0,3,1,0,0,45,0
"org.apache.lucene.analysis.ngram.EdgeNGramTokenFilterTest$ReusableAnalyzerBase_1",1,0.00,1.00,4,0.07,1236.33,1,0,11,4,3,124.19,0,7,0,1,124.19,0.00,0.00,0.00,0,1.00,1,200.72,0,0,3,java.lang.Object,0.00,3,0,1,0,3,1,0,0,45,0
"org.apache.lucene.analysis.ngram.EdgeNGramTokenizer",0,0.00,0.00,7,0.10,2749.76,5,5,6,0,8,171.00,8,7,4,4,171.00,0.00,0.75,0.00,0,0.00,0,305.53,0,0,4,org.apache.lucene.analysis.Tokenizer,0.00,0,3,0,0,0,0,0,2,65,2
"org.apache.lucene.analysis.ngram.EdgeNGramTokenizer$Side",4,0.17,4.00,82,1.19,222487.20,12,8,6,18,0,84.31,65,113,0,1,84.78,0.00,0.00,0.25,0,6.00,13,3555.01,1,4,0,java.lang.Object,0.00,14,0,16,0,14,0,0,19,570,2
"org.apache.lucene.analysis.ngram.EdgeNGramTokenizerTest",11,0.10,1.27,66,0.75,15284.47,12,1,6,17,5,167.17,11,67,0,3,117.17,0.00,0.67,0.91,0,0.00,2,2242.06,3,0,5,org.apache.lucene.analysis.BaseTokenStreamTestCase,0.00,6,2,14,0,6,11,0,9,484,1
"org.apache.lucene.analysis.ngram.EdgeNGramTokenizerTest$ReusableAnalyzerBase",1,0.00,1.00,4,0.05,1000.72,1,0,6,3,2,124.92,0,6,0,1,124.92,0.00,0.00,0.00,0,1.00,1,161.80,0,0,2,java.lang.Object,0.00,2,0,1,0,2,1,0,0,38,0
"org.apache.lucene.analysis.ngram.EdgeNGramTokenizerTest$ReusableAnalyzerBase_0",1,0.00,1.00,4,0.05,1000.72,1,0,6,3,2,124.92,0,6,0,1,124.92,0.00,0.00,0.00,0,1.00,1,161.80,0,0,2,java.lang.Object,0.00,2,0,1,0,2,1,0,0,38,0
"org.apache.lucene.analysis.ngram.NGramTokenFilter",4,0.23,3.00,52,0.55,24404.01,17,13,5,13,8,81.51,20,67,4,4,99.39,0.00,0.75,0.25,0,6.00,7,1640.23,1,0,4,org.apache.lucene.analysis.TokenFilter,0.50,9,3,12,0,9,4,0,10,322,2
"org.apache.lucene.analysis.ngram.NGramTokenFilterTest",11,0.30,1.18,59,0.85,18005.97,12,1,11,19,10,119.58,8,69,0,3,119.58,0.00,0.67,0.73,0,0.00,2,2552.29,4,0,10,org.apache.lucene.analysis.BaseTokenStreamTestCase,0.00,8,2,13,0,8,11,0,6,536,1
"org.apache.lucene.analysis.ngram.NGramTokenFilterTest$ReusableAnalyzerBase",1,0.00,1.00,6,0.08,1624.53,1,0,11,5,5,116.69,0,8,0,1,116.69,0.00,0.00,0.00,0,1.00,1,233.62,0,0,5,java.lang.Object,0.00,4,0,1,0,4,1,0,0,52,0
"org.apache.lucene.analysis.ngram.NGramTokenFilterTest$ReusableAnalyzerBase_0",1,0.00,1.00,4,0.06,1051.87,1,0,11,4,3,124.74,0,7,0,1,124.74,0.00,0.00,0.00,0,1.00,1,173.06,0,0,3,java.lang.Object,0.00,3,0,1,0,3,1,0,0,40,0
"org.apache.lucene.analysis.ngram.NGramTokenizer",9,0.07,2.00,66,0.74,34351.12,21,12,6,18,7,111.35,37,89,3,4,111.11,0.00,0.75,0.15,1,25.00,8,2234.12,2,0,4,org.apache.lucene.analysis.Tokenizer,0.46,9,3,18,0,9,9,0,15,454,2
"org.apache.lucene.analysis.ngram.NGramTokenizerTest",9,0.12,1.22,52,0.64,13531.92,10,1,6,14,5,169.86,10,57,0,3,119.86,0.00,0.67,0.89,0,0.00,2,1922.74,3,0,5,org.apache.lucene.analysis.BaseTokenStreamTestCase,0.00,5,2,11,0,5,9,0,8,409,1
"org.apache.lucene.analysis.ngram.NGramTokenizerTest$ReusableAnalyzerBase",1,0.00,1.00,4,0.04,722.24,1,0,6,3,2,126.03,0,6,0,1,126.03,0.00,0.00,0.00,0,1.00,1,133.34,0,0,2,java.lang.Object,0.00,2,0,1,0,2,1,0,0,33,0
"org.apache.solr.search.function.distance.DistanceFunctionTest",4,0.00,1.25,77,2.31,175277.59,4,0,6,10,4,54.47,24,145,0,3,86.70,0.00,0.67,0.00,0,4.00,2,6939.62,10,0,4,org.apache.solr.SolrTestCaseJ4,0.00,6,2,5,0,6,4,0,21,1112,1
"org.apache.solr.search.function.distance.GeohashFunction",6,0.20,1.67,28,0.32,9263.01,8,2,6,14,6,173.31,8,39,2,2,123.31,0.00,0.50,0.67,1,0.00,5,950.46,0,3,4,org.apache.solr.search.function.ValueSource,0.27,8,1,10,0,8,3,0,1,224,1
"org.apache.solr.search.function.distance.GeohashFunction$DocValues",2,0.00,1.00,9,0.13,3237.19,2,0,6,12,1,123.27,0,13,0,1,123.27,0.00,0.00,0.00,0,2.00,1,394.73,0,2,1,java.lang.Object,0.00,10,0,2,0,10,0,0,0,92,0
"org.apache.solr.search.function.distance.GeohashHaversineFunction",8,0.24,1.38,45,0.68,25333.62,11,3,8,27,8,167.29,12,64,3,2,117.29,0.00,0.50,0.54,1,0.00,3,2038.53,0,3,5,org.apache.solr.search.function.ValueSource,0.24,19,1,11,0,19,5,0,3,436,1
"org.apache.solr.search.function.distance.GeohashHaversineFunction$DocValues",6,0.00,1.00,17,0.20,4150.00,6,0,8,15,0,137.41,0,29,0,1,137.41,0.00,0.00,0.00,1,6.00,1,608.12,0,2,0,java.lang.Object,0.00,9,0,6,0,9,4,0,0,153,0
"org.apache.solr.search.function.distance.HaversineConstFunction",11,0.00,1.73,71,1.13,42016.18,18,7,14,34,15,113.64,7,96,2,2,113.64,0.00,0.50,0.14,2,40.00,3,3386.90,0,6,13,org.apache.solr.search.function.ValueSource,0.20,23,1,19,0,23,5,0,5,696,1
"org.apache.solr.search.function.distance.HaversineConstFunction$DocValues",6,0.00,1.00,20,0.34,9531.99,6,0,14,16,1,127.99,0,33,0,1,127.99,0.00,0.00,0.00,1,14.00,1,1031.64,0,2,1,java.lang.Object,0.00,10,0,6,0,10,4,0,0,227,0
"org.apache.solr.search.function.distance.HaversineConstFunction$ValueSourceParser",1,0.00,17.00,53,0.83,137323.71,1,0,14,8,8,17.47,8,66,0,1,65.57,0.00,0.00,0.00,0,1.00,17,2484.95,0,1,8,java.lang.Object,0.00,7,0,17,0,7,0,0,8,420,0
"org.apache.solr.search.function.distance.HaversineFunction",9,0.16,1.33,62,0.79,30629.59,13,4,9,27,9,164.09,16,81,3,2,114.09,0.00,0.50,0.39,1,3.00,2,2360.01,0,3,6,org.apache.solr.search.function.ValueSource,0.22,18,1,12,0,18,6,0,2,509,1
"org.apache.solr.search.function.distance.HaversineFunction$DocValues",6,0.00,1.00,17,0.20,4150.00,6,0,9,15,0,137.41,0,29,0,1,137.41,0.00,0.00,0.00,1,6.00,1,608.12,0,2,0,java.lang.Object,0.00,9,0,6,0,9,4,0,0,153,0
"org.apache.solr.search.function.distance.SquaredEuclideanFunction",5,0.50,1.80,23,0.27,8425.84,6,1,3,10,6,173.00,8,33,2,3,123.00,0.00,0.67,0.60,0,5.00,5,818.89,2,1,4,org.apache.solr.search.function.distance.VectorDistanceFunction,0.27,5,2,9,0,5,4,0,3,191,1
"org.apache.solr.search.function.distance.StringDistanceFunction",5,0.58,2.00,30,0.39,11990.52,8,3,6,17,6,165.20,9,40,2,2,115.20,0.00,0.50,0.80,0,0.00,6,1163.47,0,2,4,org.apache.solr.search.function.ValueSource,0.29,12,1,10,0,12,3,0,2,264,1
"org.apache.solr.search.function.distance.StringDistanceFunction$DocValues",5,0.00,1.00,15,0.22,4608.37,5,0,6,14,0,129.86,0,26,0,1,129.86,0.00,0.00,0.00,2,7.00,1,651.59,0,1,0,java.lang.Object,0.00,9,0,5,0,9,4,0,0,156,0
"org.apache.solr.search.function.distance.VectorDistanceFunction",8,0.29,1.75,46,0.60,17877.20,12,4,9,23,9,158.31,22,61,3,2,118.42,1.00,0.33,0.50,1,0.00,6,1790.05,0,3,6,org.apache.solr.search.function.ValueSource,0.24,15,1,14,1,15,5,0,3,398,1
"org.apache.solr.search.function.distance.VectorDistanceFunction$DocValues",8,0.00,1.00,23,0.27,5472.25,8,0,9,17,0,137.45,0,39,0,1,137.45,0.00,0.00,0.00,1,14.00,1,815.67,0,2,0,java.lang.Object,0.00,9,0,8,0,9,6,0,0,202,0
"org.apache.lucene.util.fst.Builder",12,0.14,3.67,203,3.08,376648.03,22,10,5,45,15,70.23,172,228,11,1,90.37,0.00,0.00,0.22,4,0.00,11,9249.71,0,0,6,java.lang.Object,0.00,33,0,44,0,33,12,0,84,1579,1
"org.apache.lucene.util.fst.Builder$Arc",0,0.00,0.00,6,0.04,566.52,5,5,5,0,0,171.00,1,7,0,1,171.00,0.00,0.00,0.00,0,0.00,0,134.89,0,0,0,java.lang.Object,0.00,0,0,0,0,0,0,0,1,33,2
"org.apache.lucene.util.fst.Builder$CompiledNode",1,1.00,1.00,4,0.02,179.59,2,1,5,1,0,130.79,0,6,0,1,130.79,0.00,0.00,0.00,0,1.00,1,63.86,0,0,0,java.lang.Object,0.00,0,0,1,0,0,1,1,0,20,2
"org.apache.lucene.util.fst.Builder$FreezeTail",1,0.00,1.00,2,0.04,463.05,1,0,5,1,1,138.78,0,3,0,1,138.78,0.00,0.00,0.00,0,1.00,1,109.24,0,0,1,java.lang.Object,0.00,0,0,1,0,0,1,0,0,28,3
"org.apache.lucene.util.fst.Builder$Node",1,0.00,1.00,2,0.01,23.00,1,0,5,1,0,149.05,0,3,0,1,149.05,0.00,0.00,0.00,0,1.00,1,18.00,0,0,0,,0.00,0,0,1,0,0,1,0,0,9,1
"org.apache.lucene.util.fst.Builder$UnCompiledNode",9,0.27,1.44,75,0.97,46082.39,16,7,5,15,3,158.02,15,81,0,1,108.02,0.00,0.00,0.38,0,0.00,3,2905.57,0,0,3,java.lang.Object,0.00,6,0,13,0,6,9,1,10,580,3
"org.apache.lucene.util.fst.ByteSequenceOutputs",9,0.19,2.11,68,0.86,73467.75,11,2,4,18,8,158.50,11,91,4,2,108.50,0.00,0.50,0.33,0,11.00,6,2566.20,0,7,4,org.apache.lucene.util.fst.Outputs,0.12,9,1,19,0,9,2,0,6,535,2
"org.apache.lucene.util.fst.BytesRefFSTEnum",11,0.07,1.27,50,0.52,12612.86,14,3,2,14,4,174.39,17,69,1,2,124.39,0.00,0.50,0.27,1,5.00,2,1551.58,4,6,3,org.apache.lucene.util.fst.FSTEnum,0.32,3,1,14,0,3,5,0,8,352,2
"org.apache.lucene.util.fst.BytesRefFSTEnum$InputOutput",0,0.00,0.00,3,0.02,271.02,2,2,2,0,1,171.00,0,4,0,1,171.00,0.00,0.00,0.00,0,0.00,0,64.53,0,0,1,java.lang.Object,0.00,0,0,0,0,0,0,0,0,18,2
"org.apache.lucene.util.fst.FST",35,0.10,5.37,789,10.90,1293298.37,75,40,21,100,35,40.44,416,948,24,1,84.57,0.00,0.00,0.12,13,266.00,43,32697.74,0,10,12,java.lang.Object,0.00,65,0,188,0,65,25,0,241,5317,2
"org.apache.lucene.util.fst.FST$Arc",5,0.34,2.40,50,0.50,15298.99,16,11,21,9,1,156.05,6,64,0,1,106.05,0.00,0.00,0.36,1,4.00,7,1499.59,0,2,1,java.lang.Object,0.00,4,0,12,0,4,3,0,6,309,3
"org.apache.lucene.util.fst.FST$ArcAndState<T>",1,2.00,1.00,6,0.06,989.29,3,2,21,1,1,118.39,0,8,0,1,118.39,0.00,0.00,0.00,0,1.00,1,169.81,0,0,1,java.lang.Object,0.00,0,0,1,0,0,1,0,0,44,2
"org.apache.lucene.util.fst.FST$BytesReader",3,2.00,1.00,8,0.07,976.71,5,2,21,3,1,139.98,0,10,0,2,139.98,0.00,0.50,0.00,0,3.00,1,204.36,0,0,1,org.apache.lucene.store.DataInput,0.00,0,1,3,0,0,3,0,0,57,3
"org.apache.lucene.util.fst.FST$BytesWriter",4,0.33,1.50,19,0.22,8089.70,5,1,21,6,2,122.42,2,28,0,2,122.42,0.00,0.50,0.75,0,0.00,2,666.86,0,0,2,org.apache.lucene.store.DataOutput,0.24,2,1,6,0,2,4,0,2,151,0
"org.apache.lucene.util.fst.FST$ForwardBytesReader",5,0.00,1.00,12,0.11,1604.64,5,0,21,6,0,140.03,0,20,0,2,140.03,0.00,0.50,0.00,0,7.00,1,335.54,0,0,0,org.apache.lucene.util.fst.BytesReader,0.00,1,1,5,0,1,5,0,0,90,2
"org.apache.lucene.util.fst.FST$INPUT_TYPE",0,0.00,0.00,2,0.01,71.32,0,0,21,0,0,171.00,0,1,0,1,171.00,0.00,0.00,0.00,0,0.00,0,28.53,0,0,0,java.lang.Object,0.00,0,0,0,0,0,0,0,0,9,2
"org.apache.lucene.util.fst.FST$NodeAndInCount",2,0.00,2.00,13,0.10,2902.19,4,2,21,2,0,166.92,2,17,0,1,116.92,0.00,0.00,0.50,0,2.00,3,312.13,0,0,0,java.lang.Object,0.00,0,0,4,0,0,2,1,2,80,2
"org.apache.lucene.util.fst.FST$NodeQueue",2,0.00,1.00,7,0.07,1646.83,2,0,21,3,1,130.24,0,11,0,2,130.24,0.00,0.50,0.00,0,2.00,1,205.92,1,0,1,org.apache.lucene.util.PriorityQueue,0.00,1,1,2,0,1,2,0,0,52,2
"org.apache.lucene.util.fst.FST$ReverseBytesReader",5,0.00,1.20,15,0.13,2736.53,5,0,21,5,0,131.60,0,21,0,2,131.60,0.00,0.50,0.00,0,7.00,2,393.60,0,0,0,org.apache.lucene.util.fst.BytesReader,0.00,0,1,6,0,0,5,0,0,101,2
"org.apache.lucene.util.fst.FSTEnum",14,0.15,5.14,272,3.74,561210.55,21,7,3,31,5,38.57,123,328,2,1,86.68,0.00,0.00,0.29,9,0.00,23,11213.70,0,1,3,java.lang.Object,0.00,17,0,72,2,17,13,0,117,1923,1
"org.apache.lucene.util.fst.IntSequenceOutputs",9,0.19,2.33,76,0.92,79617.63,11,2,4,16,6,156.04,11,95,2,2,106.04,0.00,0.50,0.33,0,11.00,6,2749.98,0,7,4,org.apache.lucene.util.fst.Outputs,0.12,7,1,21,0,7,2,0,6,566,2
"org.apache.lucene.util.fst.IntsRefFSTEnum",11,0.07,1.27,50,0.51,12272.74,14,3,2,14,5,174.49,17,69,2,2,124.49,0.00,0.50,0.27,1,5.00,2,1517.15,4,6,3,org.apache.lucene.util.fst.FSTEnum,0.32,3,1,14,0,3,5,0,8,346,2
"org.apache.lucene.util.fst.IntsRefFSTEnum$InputOutput",0,0.00,0.00,3,0.02,271.02,2,2,2,0,1,171.00,0,4,0,1,171.00,0.00,0.00,0.00,0,0.00,0,64.53,0,0,1,java.lang.Object,0.00,0,0,0,0,0,0,0,0,18,2
"org.apache.lucene.util.fst.NoOutputs",9,1.00,1.00,26,0.22,5136.84,10,1,2,11,9,188.06,9,44,6,2,138.06,0.00,0.50,0.11,0,16.00,1,650.13,0,7,3,org.apache.lucene.util.fst.Outputs,0.12,2,1,9,0,2,2,0,4,173,2
"org.apache.lucene.util.fst.NoOutputs$Object",2,0.00,1.00,5,0.03,408.06,2,0,2,2,0,191.58,2,9,0,1,141.58,0.00,0.00,0.00,0,2.00,1,100.05,0,0,0,java.lang.Object,0.00,0,0,2,0,0,2,0,2,30,0
"org.apache.lucene.util.fst.NodeHash",8,0.20,3.25,98,1.36,81984.89,13,5,1,21,2,138.78,18,119,1,1,98.89,0.00,0.00,0.38,4,10.00,6,4089.41,0,0,2,java.lang.Object,0.00,13,0,26,0,13,8,0,18,766,1
"org.apache.lucene.util.fst.Outputs",8,0.00,1.00,10,0.09,815.03,8,0,3,9,14,195.07,21,12,12,1,155.19,0.00,0.00,0.00,0,8.00,1,278.18,0,1,2,java.lang.Object,0.00,1,0,8,6,1,7,0,10,88,2
"org.apache.lucene.util.fst.PairOutputs",11,0.37,1.64,61,0.96,39394.56,14,3,3,23,5,116.83,8,91,2,2,116.83,0.00,0.50,0.67,2,0.00,5,2866.33,0,8,3,org.apache.lucene.util.fst.Outputs,0.11,12,1,18,0,12,3,0,4,625,1
"org.apache.lucene.util.fst.PairOutputs$Pair",3,0.25,1.67,16,0.17,4686.71,5,2,3,7,0,119.66,1,23,0,1,119.66,0.00,0.00,0.67,0,1.00,3,503.96,0,0,0,java.lang.Object,0.00,4,0,5,0,4,3,0,1,120,2
"org.apache.lucene.util.fst.PositiveIntOutputs",11,0.02,1.82,61,0.55,19932.22,15,4,3,18,10,119.13,6,85,7,2,119.13,0.00,0.50,0.23,1,19.00,4,1657.91,0,8,3,org.apache.lucene.util.fst.Outputs,0.11,7,1,20,0,7,3,0,1,387,2
"org.apache.lucene.util.fst.TestFSTs",10,0.67,4.00,217,4.16,693293.61,11,1,36,55,29,133.24,18,230,0,2,83.24,0.00,0.50,0.40,3,18.00,15,12490.19,2,6,29,org.apache.lucene.util.LuceneTestCase,0.00,45,1,40,0,45,4,0,18,2025,1
"org.apache.lucene.util.fst.TestFSTs$FSTTester",33,0.04,7.67,1089,21.14,2733893.78,39,6,36,284,30,32.87,247,1244,0,1,75.16,0.00,0.00,0.13,11,122.00,51,63432.67,0,7,30,java.lang.Object,0.00,251,0,253,0,251,26,0,162,9709,2
"org.apache.lucene.util.fst.TestFSTs$FSTTester$Comparator<Long>",1,0.00,1.00,3,0.03,307.25,1,0,36,2,0,133.61,0,4,0,1,133.61,0.00,0.00,0.00,0,1.00,1,77.01,0,0,0,java.lang.Object,0.00,1,0,1,0,1,1,0,0,23,0
"org.apache.lucene.util.fst.TestFSTs$FSTTester$Comparator<Pair<Long,Long>>",1,0.00,1.00,3,0.05,950.00,1,0,36,2,0,129.75,0,4,0,1,129.75,0.00,0.00,0.00,0,1.00,1,145.00,0,0,0,java.lang.Object,0.00,1,0,1,0,1,1,0,0,39,0
"org.apache.lucene.util.fst.TestFSTs$FSTTester$CountMinOutput",0,0.00,0.00,6,0.04,672.19,5,5,36,0,0,171.00,0,7,0,1,171.00,0.00,0.00,0.00,0,0.00,0,129.27,0,0,0,java.lang.Object,0.00,0,0,0,0,0,0,0,0,31,2
"org.apache.lucene.util.fst.TestFSTs$FSTTester$InputOutput",2,0.50,1.50,11,0.11,2823.58,4,2,36,4,1,120.03,0,15,0,1,120.03,0.00,0.00,0.25,0,2.00,2,326.32,0,0,1,java.lang.Object,0.00,2,0,3,0,2,2,1,0,81,2
"org.apache.lucene.util.fst.TestFSTs$FSTTester$SyntheticData",3,0.00,3.67,40,0.62,35758.90,3,0,36,24,6,97.05,0,52,0,1,97.05,0.00,0.00,0.00,2,3.00,4,1865.69,0,1,6,java.lang.Object,0.00,21,0,11,0,21,2,0,0,343,0
"org.apache.lucene.util.fst.TestFSTs$FSTTester$TwoLongs",1,2.00,1.00,6,0.03,410.31,3,2,36,1,0,121.40,0,8,0,1,121.40,0.00,0.00,0.00,0,1.00,1,96.80,0,0,0,java.lang.Object,0.00,0,0,1,0,0,1,0,0,31,0
"org.apache.lucene.util.fst.TestFSTs$FSTTester$VisitTerms",3,0.33,8.67,97,1.90,210766.64,9,6,36,40,8,76.19,2,123,0,1,76.19,0.00,0.00,0.39,1,1.00,23,5690.59,0,0,8,java.lang.Object,0.00,37,0,26,0,37,3,0,2,835,3
"org.apache.lucene.util.fst.TestFSTs$FSTTester$VisitTerms<Long>",1,0.00,1.00,3,0.04,375.98,1,0,36,1,1,132.92,0,5,0,1,132.92,0.00,0.00,0.00,0,1.00,1,118.03,0,1,1,java.lang.Object,0.00,0,0,1,0,0,0,0,0,31,0
"org.apache.lucene.util.fst.TestFSTs$FSTTester$VisitTerms<Long>_0",1,0.00,2.00,6,0.08,1350.98,2,1,36,3,1,117.16,0,9,0,1,117.16,0.00,0.00,1.00,0,0.00,2,248.84,0,1,1,java.lang.Object,0.00,2,0,2,0,2,0,0,0,55,0
"org.apache.lucene.util.fst.TestFSTs$FSTTester$VisitTerms<Object>",1,0.00,1.00,3,0.04,326.00,1,0,36,1,1,133.41,0,5,0,1,133.41,0.00,0.00,0.00,0,1.00,1,110.41,0,1,1,java.lang.Object,0.00,0,0,1,0,0,0,0,0,29,0
"org.apache.lucene.util.fst.TestFSTs$FSTTester$VisitTerms<PairOutputs.Pair<Long,Long>>",1,0.00,2.00,6,0.12,2495.89,2,1,36,3,1,115.06,0,10,0,1,115.06,0.00,0.00,1.00,0,0.00,2,355.22,0,1,1,java.lang.Object,0.00,2,0,2,0,2,0,0,0,74,0
"org.apache.lucene.util.fst.UpToTwoPositiveIntOutputs",14,0.08,2.07,102,1.07,48538.82,18,4,3,23,6,161.43,18,134,3,2,111.43,0.00,0.50,0.18,1,26.00,4,3204.54,0,10,3,org.apache.lucene.util.fst.Outputs,0.09,9,1,29,0,9,4,0,5,690,2
"org.apache.lucene.util.fst.UpToTwoPositiveIntOutputs$TwoLongs",4,0.33,1.25,18,0.18,5052.04,6,2,3,4,0,124.07,0,27,0,1,124.07,0.00,0.00,0.75,0,0.00,2,549.34,0,1,0,java.lang.Object,0.00,0,0,5,0,0,3,0,0,138,3
"org.apache.lucene.util.fst.Util",12,0.00,5.33,253,4.23,481690.84,12,0,4,59,9,40.91,143,302,6,1,85.04,0.00,0.00,0.00,1,12.00,21,12682.72,0,7,3,java.lang.Object,0.00,47,0,64,0,47,5,0,71,2063,2
"org.apache.lucene.util.fst.Util$FSTPath",3,0.25,1.33,17,0.23,6755.95,7,4,4,8,1,118.46,1,23,0,1,118.46,0.00,0.00,0.42,0,1.00,2,681.92,0,1,1,java.lang.Object,0.00,5,0,4,0,5,2,1,1,155,2
"org.apache.lucene.util.fst.Util$MinResult",2,0.33,1.50,14,0.16,4043.83,5,3,4,4,1,113.35,1,18,0,1,113.35,0.00,0.00,0.50,0,2.00,2,465.23,0,0,1,java.lang.Object,0.00,2,0,3,0,2,2,1,1,110,3
"org.apache.lucene.util.fst.Util$TopNSearcher",3,0.67,10.33,127,2.17,374110.60,9,6,4,28,1,109.08,64,154,0,1,69.78,0.00,0.00,0.61,1,1.00,23,6495.30,0,0,1,java.lang.Object,0.00,25,0,31,0,25,3,0,58,1069,2
"org.apache.solr.search.function.BoostedQuery",9,0.06,1.22,38,0.48,13783.72,11,2,7,23,14,123.41,4,51,8,2,123.41,0.00,0.50,0.44,1,3.00,2,1437.50,2,5,6,org.apache.lucene.search.Query,0.09,14,1,11,0,14,4,0,2,331,1
"org.apache.solr.search.function.BoostedQuery$BoostedWeight",7,0.00,1.29,40,0.53,18606.44,10,3,7,25,9,117.90,0,57,0,2,117.90,0.00,0.50,0.33,0,0.00,2,1599.47,0,3,9,org.apache.lucene.search.Weight,0.57,18,1,9,0,18,4,0,0,328,1
"org.apache.solr.search.function.BoostedQuery$CustomScorer",6,0.13,1.33,33,0.45,11116.82,12,6,7,20,7,119.13,4,48,0,3,119.13,0.00,0.67,0.28,0,0.00,2,1347.68,0,1,7,org.apache.lucene.search.Scorer,0.63,14,2,8,0,14,5,0,4,289,1
"org.apache.solr.search.function.ByteFieldSource",6,0.80,1.67,20,0.30,10141.89,7,1,4,11,6,177.67,7,36,2,3,127.67,0.00,0.67,0.33,0,10.00,3,896.72,2,2,4,org.apache.solr.search.function.FieldCacheSource,0.30,5,2,10,0,5,4,0,1,204,1
"org.apache.solr.search.function.ByteFieldSource$DocValues",8,0.00,1.00,17,0.18,2697.89,8,0,4,10,0,139.86,0,33,0,1,139.86,0.00,0.00,0.00,0,8.00,1,530.22,0,2,0,java.lang.Object,0.00,2,0,8,0,2,6,0,0,143,0
"org.apache.solr.search.function.ConstNumberSource",5,0.00,1.00,6,0.03,204.23,5,0,0,5,4,158.31,3,7,3,2,158.31,3.00,0.20,0.00,0,5.00,1,97.20,0,1,1,org.apache.solr.search.function.ValueSource,0.00,0,1,5,3,0,4,0,1,37,2
"org.apache.solr.search.function.ConstValueSource",10,0.17,1.10,26,0.22,3770.10,12,2,3,12,5,139.46,3,46,2,3,139.46,0.00,0.67,0.35,0,6.00,2,666.14,0,3,3,org.apache.solr.search.function.ConstNumberSource,0.88,2,2,11,0,2,7,0,1,178,1
"org.apache.solr.search.function.ConstValueSource$DocValues",6,0.00,1.00,13,0.11,1239.59,6,0,3,8,0,141.54,0,25,0,1,141.54,0.00,0.00,0.00,0,2.00,1,323.48,0,2,0,java.lang.Object,0.00,2,0,6,0,2,4,0,0,91,0
"org.apache.solr.search.function.DivFloatFunction",3,0.00,1.00,7,0.07,1084.71,3,0,0,4,4,179.51,6,13,1,3,139.63,0.00,0.67,0.00,0,3.00,1,203.62,0,1,3,org.apache.solr.search.function.DualFloatFunction,0.15,1,2,3,0,1,2,0,2,57,1
"org.apache.solr.search.function.DocValues",18,0.00,1.28,55,0.46,11107.80,18,0,2,22,47,131.17,17,51,45,1,131.17,0.00,0.00,0.00,1,18.00,6,1385.52,0,5,3,java.lang.Object,0.00,4,0,23,2,4,13,0,12,343,2
"org.apache.solr.search.function.DocValues$ValueSourceScorer",1,0.00,1.00,4,0.04,809.86,1,0,2,2,0,125.64,0,6,0,1,125.64,0.00,0.00,0.00,0,1.00,1,127.88,0,0,0,java.lang.Object,0.00,1,0,1,0,1,1,0,0,32,0
"org.apache.solr.search.function.DocValues$ValueSourceScorer_0",1,0.00,1.00,4,0.04,809.86,1,0,2,2,0,125.64,0,6,0,1,125.64,0.00,0.00,0.00,0,1.00,1,127.88,0,0,0,java.lang.Object,0.00,1,0,1,0,1,1,0,0,32,0
"org.apache.solr.search.function.DocValues$ValueSourceScorer_1",1,0.00,1.00,4,0.04,809.86,1,0,2,2,0,125.64,0,6,0,1,125.64,0.00,0.00,0.00,0,1.00,1,127.88,0,0,0,java.lang.Object,0.00,1,0,1,0,1,1,0,0,32,0
"org.apache.solr.search.function.DocValues$ValueSourceScorer_2",1,0.00,1.00,4,0.04,809.86,1,0,2,2,0,125.64,0,6,0,1,125.64,0.00,0.00,0.00,0,1.00,1,127.88,0,0,0,java.lang.Object,0.00,1,0,1,0,1,1,0,0,32,0
"org.apache.solr.search.function.DoubleConstValueSource",10,0.11,1.10,29,0.26,4647.31,13,3,3,12,8,138.75,0,49,5,3,138.75,0.00,0.67,0.23,0,38.00,2,791.81,0,3,3,org.apache.solr.search.function.ConstNumberSource,0.88,2,2,11,0,2,7,0,0,205,1
"org.apache.solr.search.function.DoubleConstValueSource$DocValues",6,0.00,1.00,13,0.11,1187.61,6,0,3,8,0,141.69,0,25,0,1,141.69,0.00,0.00,0.00,0,18.00,1,316.31,0,2,0,java.lang.Object,0.00,2,0,6,0,2,4,0,0,89,0
"org.apache.solr.search.function.DoubleFieldSource",6,0.80,1.67,20,0.30,10170.09,7,1,4,11,7,177.66,7,35,3,3,127.66,0.00,0.67,0.33,0,10.00,3,898.35,2,2,4,org.apache.solr.search.function.FieldCacheSource,0.30,5,2,10,0,5,4,0,1,204,1
"org.apache.solr.search.function.DoubleFieldSource$DocValues",7,0.00,1.71,33,0.32,10876.83,7,0,4,11,2,123.29,0,53,0,1,123.29,0.00,0.00,0.00,0,7.00,6,968.62,0,3,2,java.lang.Object,0.00,4,0,12,0,4,4,0,0,219,0
"org.apache.solr.search.function.DoubleFieldSource$DocValues$ValueSourceScorer",1,0.00,1.00,4,0.04,809.86,1,0,4,2,0,125.64,0,6,0,1,125.64,0.00,0.00,0.00,0,1.00,1,127.88,0,0,0,java.lang.Object,0.00,1,0,1,0,1,1,0,0,32,0
"org.apache.solr.search.function.DoubleFieldSource$DocValues$ValueSourceScorer_0",1,0.00,1.00,4,0.04,809.86,1,0,4,2,0,125.64,0,6,0,1,125.64,0.00,0.00,0.00,0,1.00,1,127.88,0,0,0,java.lang.Object,0.00,1,0,1,0,1,1,0,0,32,0
"org.apache.solr.search.function.DoubleFieldSource$DocValues$ValueSourceScorer_1",1,0.00,1.00,4,0.04,809.86,1,0,4,2,0,125.64,0,6,0,1,125.64,0.00,0.00,0.00,0,1.00,1,127.88,0,0,0,java.lang.Object,0.00,1,0,1,0,1,1,0,0,32,0
"org.apache.solr.search.function.DoubleFieldSource$DocValues$ValueSourceScorer_2",1,0.00,1.00,4,0.04,809.86,1,0,4,2,0,125.64,0,6,0,1,125.64,0.00,0.00,0.00,0,1.00,1,127.88,0,0,0,java.lang.Object,0.00,1,0,1,0,1,1,0,0,32,0
"org.apache.solr.search.function.DualFloatFunction",8,0.00,1.12,28,0.37,10660.06,10,2,4,15,8,128.57,4,41,5,2,128.57,2.00,0.25,0.50,2,8.00,2,1112.18,0,3,3,org.apache.solr.search.function.ValueSource,0.24,7,1,9,2,7,5,0,1,265,2
"org.apache.solr.search.function.DualFloatFunction$DocValues",6,0.00,1.00,13,0.15,2177.29,6,0,4,11,0,139.61,0,25,0,1,139.61,0.00,0.00,0.00,1,6.00,1,456.42,0,2,0,java.lang.Object,0.00,5,0,6,0,5,4,0,0,121,0
"org.apache.solr.search.function.FieldCacheSource",5,0.12,1.20,15,0.16,4023.88,7,2,1,7,10,180.28,6,25,8,2,130.28,13.00,0.07,0.40,1,6.00,2,469.32,0,2,2,org.apache.solr.search.function.ValueSource,0.29,2,1,6,13,2,3,0,1,118,2
"org.apache.solr.search.function.FileFloatSource",9,0.08,4.56,144,2.25,255947.37,14,5,28,54,22,90.90,36,186,5,2,90.66,0.00,0.50,0.13,2,18.00,30,6751.52,0,3,17,org.apache.solr.search.function.ValueSource,0.33,45,1,41,0,45,6,0,28,1088,1
"org.apache.solr.search.function.FileFloatSource$Cache",1,0.00,1.00,3,0.03,477.11,1,0,28,2,1,132.11,0,5,0,1,132.11,0.00,0.00,0.00,0,1.00,1,100.00,0,1,1,java.lang.Object,0.00,1,0,1,0,1,0,0,0,27,0
"org.apache.solr.search.function.FileFloatSource$Cache_0",3,0.50,2.33,30,0.28,18751.94,4,1,28,9,1,103.61,2,41,0,1,103.61,0.00,0.00,0.67,0,1.00,5,825.15,0,2,1,java.lang.Object,0.00,6,0,7,0,6,1,0,2,181,2
"org.apache.solr.search.function.FileFloatSource$CreationPlaceholder",0,0.00,0.00,2,0.01,75.00,1,1,28,0,0,171.00,0,3,0,1,171.00,0.00,0.00,0.00,0,0.00,0,30.00,0,0,0,java.lang.Object,0.00,0,0,0,0,0,0,0,0,10,2
"org.apache.solr.search.function.FileFloatSource$DocValues",6,0.00,1.00,13,0.15,2507.67,6,0,28,8,0,139.13,0,25,0,1,139.13,0.00,0.00,0.00,0,6.00,1,460.92,0,2,0,java.lang.Object,0.00,2,0,6,0,2,4,0,0,119,0
"org.apache.solr.search.function.FileFloatSource$Entry",3,0.50,1.33,10,0.09,2145.15,4,1,28,5,1,130.66,0,16,0,1,130.66,0.00,0.00,0.67,0,1.00,2,275.58,0,0,1,java.lang.Object,0.00,2,0,4,0,2,3,0,0,72,2
"org.apache.solr.search.function.FileFloatSource$ReloadCacheRequestHandler",5,1.00,1.00,17,0.18,3075.22,6,1,28,14,6,131.24,0,33,0,2,131.24,0.00,0.50,0.20,0,8.00,1,545.59,0,4,6,org.apache.solr.handler.RequestHandlerBase,0.47,9,1,5,0,9,1,0,0,127,2
"org.apache.solr.search.function.FloatFieldSource",6,0.80,1.67,20,0.30,10170.09,7,1,5,11,7,177.66,7,35,3,3,127.66,0.00,0.67,0.33,0,10.00,3,898.35,2,2,4,org.apache.solr.search.function.FieldCacheSource,0.30,5,2,10,0,5,4,0,1,204,1
"org.apache.solr.search.function.FloatFieldSource$DocValues",6,0.00,1.00,13,0.13,2037.36,6,0,5,8,0,139.84,0,25,0,1,139.84,0.00,0.00,0.00,0,6.00,1,404.40,0,2,0,java.lang.Object,0.00,2,0,6,0,2,4,0,0,109,0
"org.apache.solr.search.function.FunctionQuery",8,0.71,1.38,22,0.28,6858.81,9,1,6,14,14,186.60,15,38,9,2,136.60,0.00,0.50,0.38,1,14.00,3,847.88,1,4,5,org.apache.lucene.search.Query,0.09,6,1,11,0,6,4,0,6,204,1
"org.apache.solr.search.function.FunctionQuery$AllScorer",9,0.20,1.78,56,0.54,12511.57,16,7,6,19,5,167.09,16,70,0,3,117.09,0.00,0.67,0.32,2,0.00,4,1624.23,0,1,5,org.apache.lucene.search.Scorer,0.55,10,2,16,0,10,8,0,16,356,1
"org.apache.solr.search.function.FunctionQuery$FunctionWeight",7,0.08,1.00,28,0.32,6901.88,11,4,6,14,8,124.97,0,42,0,2,124.97,0.00,0.50,0.18,1,20.00,1,951.71,0,3,8,org.apache.lucene.search.Weight,0.57,7,1,7,0,7,4,0,0,222,1
"org.apache.solr.search.function.IntFieldSource",6,0.80,1.67,20,0.30,10141.89,7,1,5,11,7,177.67,6,35,3,3,127.67,0.00,0.67,0.33,0,10.00,3,896.72,2,2,4,org.apache.solr.search.function.FieldCacheSource,0.30,5,2,10,0,5,4,0,1,204,1
"org.apache.solr.search.function.IntFieldSource$DocValues",7,0.00,1.57,28,0.32,14271.30,7,0,5,11,1,122.38,1,44,0,1,122.38,0.00,0.00,0.00,0,7.00,5,964.89,0,3,1,java.lang.Object,0.00,4,0,11,0,4,4,0,1,215,0
"org.apache.solr.search.function.IntFieldSource$DocValues$ValueSourceScorer",1,0.00,1.00,4,0.04,984.65,1,0,5,1,0,164.86,2,6,0,1,124.97,0.00,0.00,0.00,0,1.00,1,127.88,0,0,0,java.lang.Object,0.00,0,0,1,0,0,1,0,2,32,0
"org.apache.solr.search.function.LinearFloatFunction",6,0.13,1.17,25,0.35,10542.45,9,3,4,13,5,172.95,8,39,2,2,122.95,0.00,0.50,0.44,1,0.00,2,1039.09,0,2,3,org.apache.solr.search.function.ValueSource,0.27,7,1,7,0,7,4,0,1,240,1
"org.apache.solr.search.function.LinearFloatFunction$DocValues",6,0.00,1.00,13,0.15,2276.04,6,0,4,9,0,139.46,0,25,0,1,139.46,0.00,0.00,0.00,1,10.00,1,453.01,0,2,0,java.lang.Object,0.00,3,0,6,0,3,4,0,0,120,0
"org.apache.solr.search.function.LiteralValueSource",6,0.10,1.50,19,0.19,4493.63,8,2,3,10,7,130.47,5,30,4,2,130.47,0.00,0.50,0.42,0,0.00,4,580.21,0,3,3,org.apache.solr.search.function.ValueSource,0.27,4,1,9,0,4,3,0,2,144,1
"org.apache.solr.search.function.LiteralValueSource$DocValues",2,0.00,1.00,5,0.03,338.23,2,0,3,2,0,142.22,0,9,0,1,142.22,0.00,0.00,0.00,0,0.00,1,101.21,0,2,0,java.lang.Object,0.00,0,0,2,0,0,0,0,0,30,0
"org.apache.solr.search.function.LongFieldSource",7,0.83,1.57,22,0.32,10161.76,8,1,4,12,8,178.20,7,38,4,3,128.20,0.50,0.50,0.29,0,14.00,3,951.65,2,2,4,org.apache.solr.search.function.FieldCacheSource,0.29,5,2,11,1,5,5,0,1,220,1
"org.apache.solr.search.function.LongFieldSource$DocValues",7,0.00,1.57,28,0.31,13287.46,7,0,4,10,2,122.62,1,44,0,1,122.62,0.00,0.00,0.00,0,7.00,5,936.11,0,3,2,java.lang.Object,0.00,3,0,11,0,3,4,0,1,209,0
"org.apache.solr.search.function.LongFieldSource$DocValues$ValueSourceScorer",1,0.00,1.00,4,0.04,902.61,1,0,4,1,0,165.15,2,6,0,1,125.27,0.00,0.00,0.00,0,1.00,1,129.71,0,0,0,java.lang.Object,0.00,0,0,1,0,0,1,0,2,32,0
"org.apache.solr.search.function.MaxFloatFunction",3,0.00,1.67,16,0.13,4119.40,3,0,0,5,4,170.10,3,23,1,3,120.10,0.00,0.67,0.00,0,3.00,3,400.96,0,1,3,org.apache.solr.search.function.MultiFloatFunction,0.15,2,2,5,0,2,2,0,1,92,1
"org.apache.solr.search.function.MinFloatFunction",3,0.00,1.67,16,0.13,4119.40,3,0,0,5,4,170.10,3,23,1,3,120.10,0.00,0.67,0.00,0,3.00,3,400.96,0,1,3,org.apache.solr.search.function.MultiFloatFunction,0.15,2,2,5,0,2,2,0,1,92,1
"org.apache.solr.search.function.MultiFloatFunction",8,0.86,1.62,37,0.41,12956.29,9,1,5,20,8,123.16,5,1,5,2,123.16,4.00,0.17,0.25,1,16.00,3,1231.15,0,2,3,org.apache.solr.search.function.ValueSource,0.24,12,1,13,4,12,6,0,2,276,2
"org.apache.solr.search.function.MultiFloatFunction$DocValues",6,0.00,1.33,24,0.24,6234.36,6,0,5,14,0,124.72,0,0,0,1,124.72,0.00,0.00,0.00,1,6.00,3,712.14,0,2,0,java.lang.Object,0.00,8,0,8,0,8,4,0,0,168,0
"org.apache.solr.search.function.MultiValueSource",1,0.00,1.00,2,0.01,80.15,1,0,1,1,8,145.01,4,3,7,2,144.78,3.00,0.20,0.00,0,1.00,1,35.16,0,0,1,org.apache.solr.search.function.ValueSource,0.00,0,1,1,3,0,1,0,1,13,2
"org.apache.solr.search.function.NvlValueSourceParser",2,1.00,1.50,10,0.11,2015.53,3,1,4,6,6,73.08,17,16,0,2,121.18,0.00,0.50,0.00,0,2.00,2,327.71,0,1,6,org.apache.solr.search.ValueSourceParser,0.00,4,1,3,0,4,1,0,3,77,1
"org.apache.solr.search.function.NvlValueSourceParser$SimpleFloatFunction",2,0.00,1.50,9,0.07,1481.12,2,0,4,3,1,125.85,0,14,0,1,125.85,0.00,0.00,0.00,0,2.00,2,204.23,0,1,1,java.lang.Object,0.00,1,0,3,0,1,1,0,0,51,0
"org.apache.solr.search.function.OrdFieldSource",5,0.12,1.00,13,0.16,2900.85,7,2,5,9,9,158.62,17,23,5,2,138.01,0.00,0.50,0.40,1,2.00,1,467.17,0,2,4,org.apache.solr.search.function.ValueSource,0.29,4,1,5,0,4,3,0,1,118,1
"org.apache.solr.search.function.OrdFieldSource$StringIndexDocValues",7,0.00,1.00,15,0.15,2269.98,7,0,5,9,0,140.00,1,29,0,1,140.00,0.00,0.00,0.00,0,7.00,1,459.47,0,3,0,java.lang.Object,0.00,2,0,7,0,2,4,0,1,125,0
"org.apache.solr.search.function.PowFloatFunction",3,0.00,1.00,7,0.08,1106.61,3,0,0,5,3,179.44,6,13,0,3,139.56,0.00,0.67,0.00,0,3.00,1,226.70,0,1,3,org.apache.solr.search.function.DualFloatFunction,0.15,2,2,3,0,2,2,0,2,62,1
"org.apache.solr.search.function.ProductFloatFunction",3,0.00,1.33,11,0.08,1964.72,3,0,0,4,6,180.96,3,17,3,3,130.96,0.00,0.67,0.00,0,3.00,2,249.77,0,1,3,org.apache.solr.search.function.MultiFloatFunction,0.15,1,2,4,0,1,2,0,1,64,1
"org.apache.solr.search.function.QueryDocValues",7,0.08,2.00,40,0.47,14316.16,15,8,5,14,8,118.70,6,60,1,2,118.70,0.00,0.50,0.20,1,14.00,7,1402.60,0,2,7,org.apache.solr.search.function.DocValues,0.48,7,1,14,0,7,5,0,6,299,0
"org.apache.solr.search.function.QueryValueSource",8,0.00,1.25,23,0.28,6164.54,10,2,5,14,17,136.99,3,33,10,2,136.99,0.00,0.50,0.50,1,0.00,2,838.25,0,3,7,org.apache.solr.search.function.ValueSource,0.24,6,1,10,0,6,5,0,1,201,1
"org.apache.solr.search.function.RangeMapFloatFunction",6,0.20,1.33,33,0.53,20706.96,11,5,4,14,5,167.00,8,50,2,2,117.00,0.00,0.50,0.37,1,0.00,2,1585.47,0,2,3,org.apache.solr.search.function.ValueSource,0.27,8,1,8,0,8,4,0,1,346,1
"org.apache.solr.search.function.RangeMapFloatFunction$DocValues",6,0.00,1.33,14,0.20,4111.16,6,0,4,9,0,137.37,0,26,0,1,137.37,0.00,0.00,0.00,1,10.00,3,598.11,0,2,0,java.lang.Object,0.00,3,0,8,0,3,4,0,0,147,0
"org.apache.solr.search.function.ReciprocalFloatFunction",6,0.20,1.17,25,0.38,11100.28,10,4,4,14,5,143.39,21,42,2,2,122.78,0.00,0.50,0.42,1,0.00,2,1154.15,0,2,3,org.apache.solr.search.function.ValueSource,0.27,8,1,7,0,8,4,0,2,265,1
"org.apache.solr.search.function.ReciprocalFloatFunction$DocValues",6,0.00,1.00,13,0.18,2778.21,6,0,4,9,0,138.78,0,27,0,1,138.78,0.00,0.00,0.00,1,10.00,1,529.88,0,2,0,java.lang.Object,0.00,3,0,6,0,3,4,0,0,135,0
"org.apache.solr.search.function.ReverseOrdFieldSource",5,0.12,1.20,18,0.23,4921.67,7,2,6,10,7,129.83,20,28,3,2,129.59,0.00,0.50,0.40,1,2.00,2,693.07,0,2,4,org.apache.solr.search.function.ValueSource,0.29,5,1,6,0,5,3,0,1,160,1
"org.apache.solr.search.function.ReverseOrdFieldSource$DocValues",6,0.00,1.00,13,0.16,2609.11,6,0,6,8,0,138.99,1,25,0,1,138.99,0.00,0.00,0.00,0,6.00,1,480.82,0,2,0,java.lang.Object,0.00,2,0,6,0,2,4,0,1,124,0
"org.apache.solr.search.function.ScaleFloatFunction",6,0.27,2.17,45,0.59,36132.25,9,3,4,16,5,130.15,18,60,2,2,109.53,0.00,0.50,0.56,1,0.00,7,1770.22,0,2,3,org.apache.solr.search.function.ValueSource,0.27,10,1,13,0,10,4,0,8,363,1
"org.apache.solr.search.function.ScaleFloatFunction$DocValues",6,0.00,1.00,13,0.18,2688.31,6,0,4,9,0,138.89,0,28,0,1,138.89,0.00,0.00,0.00,1,10.00,1,534.52,0,2,0,java.lang.Object,0.00,3,0,6,0,3,4,0,0,135,0
"org.apache.solr.search.function.ShortFieldSource",6,0.80,1.67,20,0.30,10141.89,7,1,4,11,6,127.67,4,36,2,3,127.67,0.00,0.67,0.33,0,10.00,3,896.72,2,2,4,org.apache.solr.search.function.FieldCacheSource,0.30,5,2,10,0,5,4,0,1,204,1
"org.apache.solr.search.function.ShortFieldSource$DocValues",8,0.00,1.00,17,0.18,2697.89,8,0,4,10,0,139.86,0,33,0,1,139.86,0.00,0.00,0.00,0,8.00,1,530.22,0,2,0,java.lang.Object,0.00,2,0,8,0,2,6,0,0,143,0
"org.apache.solr.search.function.SimpleFloatFunction",3,0.00,1.00,7,0.07,1065.76,3,0,3,5,7,139.69,2,11,3,3,139.69,0.00,0.67,0.00,0,4.00,1,199.56,0,1,4,org.apache.solr.search.function.SingleFunction,0.00,2,2,3,0,2,2,0,1,54,2
"org.apache.solr.search.function.SimpleFloatFunction$DocValues",6,0.00,1.00,13,0.14,1954.40,6,0,3,10,0,139.98,0,25,0,1,139.98,0.00,0.00,0.00,1,6.00,1,420.24,0,2,0,java.lang.Object,0.00,4,0,6,0,4,4,0,0,114,0
"org.apache.solr.search.function.SingleFunction",6,0.60,1.17,15,0.19,4569.48,7,1,3,13,3,137.04,2,26,2,2,137.04,2.00,0.25,0.50,2,6.00,2,584.67,0,2,1,org.apache.solr.search.function.ValueSource,0.27,7,1,7,2,7,4,0,1,147,2
"org.apache.solr.search.function.SortByFunctionTest",3,0.00,1.00,17,0.38,7140.38,3,0,1,3,1,168.34,5,63,0,3,118.34,0.00,0.67,0.00,0,3.00,1,1135.70,5,2,1,org.apache.solr.util.AbstractSolrTestCase,0.17,0,2,3,0,0,1,0,2,206,1
"org.apache.solr.search.function.StringIndexDocValues",4,0.08,3.25,36,0.45,23780.13,8,4,3,9,11,155.41,4,48,6,2,105.41,0.00,0.50,0.31,0,6.00,9,1361.07,0,3,5,org.apache.solr.search.function.DocValues,0.09,5,1,13,0,5,1,0,2,270,2
"org.apache.solr.search.function.StringIndexDocValues$StringIndexException",1,0.00,1.00,3,0.03,343.27,1,0,3,1,0,133.23,0,7,0,2,133.23,0.00,0.50,0.00,0,1.00,1,96.34,0,0,0,java.lang.RuntimeException,0.00,0,1,1,0,0,1,0,0,27,3
"org.apache.solr.search.function.StringIndexDocValues$ValueSourceScorer",1,0.00,1.00,4,0.04,984.65,1,0,3,1,0,124.97,0,6,0,1,124.97,0.00,0.00,0.00,0,0.00,1,127.88,0,0,0,java.lang.Object,0.00,0,0,1,0,0,1,0,0,32,0
"org.apache.solr.search.function.SumFloatFunction",3,0.00,1.33,11,0.08,1964.72,3,0,0,4,4,180.96,3,17,1,3,130.96,0.00,0.67,0.00,0,3.00,2,249.77,0,1,3,org.apache.solr.search.function.MultiFloatFunction,0.15,1,2,4,0,1,2,0,1,64,1
"org.apache.solr.search.function.TestFunctionQuery",18,0.50,2.00,293,5.36,247499.33,20,2,13,68,5,113.95,66,369,0,3,93.34,0.00,0.67,0.03,6,46.00,8,16092.28,10,1,5,org.apache.solr.SolrTestCaseJ4,0.04,50,2,36,0,50,17,0,63,2643,1
"org.apache.solr.search.function.TopValueSource",7,0.17,1.57,30,0.33,12272.63,8,1,4,16,8,122.89,5,45,5,2,122.89,0.00,0.50,0.86,0,0.00,4,1003.48,0,4,3,org.apache.solr.search.function.ValueSource,0.38,9,1,11,0,9,3,0,1,227,1
"org.apache.solr.search.function.TopValueSource$DocValues",6,0.00,1.00,13,0.15,2570.97,6,0,4,11,0,139.04,0,25,0,1,139.04,0.00,0.00,0.00,0,6.00,1,453.26,0,2,0,java.lang.Object,0.00,5,0,6,0,5,4,0,0,118,0
"org.apache.solr.search.function.ValueSource",9,0.00,1.00,20,0.18,2841.68,9,0,9,12,114,140.32,41,32,109,1,140.09,0.00,0.00,0.00,2,9.00,1,553.22,0,6,5,java.lang.Object,0.00,3,0,9,53,3,3,1,10,147,2
"org.apache.solr.search.function.ValueSource$FieldComparatorSource",1,0.00,1.00,3,0.05,923.74,1,0,9,2,2,129.85,0,5,0,1,129.85,0.00,0.00,0.00,0,1.00,1,151.96,0,1,2,java.lang.Object,0.00,1,0,1,0,1,0,0,0,35,0
"org.apache.solr.search.function.ValueSource$ValueSourceComparator",7,0.12,1.57,33,0.32,8632.30,11,4,9,8,2,124.10,0,49,0,2,124.10,0.00,0.50,0.36,0,0.00,3,969.67,0,1,2,org.apache.lucene.search.FieldComparator,0.59,1,1,11,0,1,6,0,0,225,0
"org.apache.solr.search.function.ValueSource$ValueSourceComparatorSource",2,1.00,1.00,6,0.06,829.60,3,1,9,3,1,132.59,0,11,0,2,132.59,0.00,0.50,0.50,0,2.00,1,186.21,0,1,1,org.apache.solr.search.function.FieldComparatorSource,0.00,1,1,2,0,1,1,0,0,48,0
"org.apache.solr.search.function.ValueSource$ValueSourceSortField",2,0.00,1.00,7,0.07,900.73,2,0,9,7,3,132.31,0,10,0,2,132.31,0.00,0.50,0.00,0,2.00,1,205.46,1,1,3,org.apache.lucene.search.SortField,0.00,5,1,2,0,5,1,1,0,53,0
"org.apache.solr.search.function.ValueSourceRangeFilter",11,0.10,2.36,53,0.70,33219.42,16,5,7,18,10,120.94,4,77,5,3,120.94,0.00,0.67,0.29,1,27.00,8,2094.04,0,5,5,org.apache.solr.search.SolrFilter,0.00,7,2,26,0,7,6,0,2,457,1
"org.apache.solr.search.function.ValueSourceRangeFilter$DocIdSet",1,0.00,1.00,3,0.04,539.08,1,0,7,2,1,131.69,0,5,0,1,131.69,0.00,0.00,0.00,0,0.00,1,122.20,0,1,1,java.lang.Object,0.00,1,0,1,0,1,0,0,0,30,0
"org.apache.solr.search.function.ValueSourceScorer",13,0.03,1.46,50,0.38,6501.68,18,5,4,18,8,131.86,2,64,5,3,131.86,0.00,0.67,0.23,4,34.00,4,1146.49,0,2,4,org.apache.lucene.search.Scorer,0.46,5,2,19,0,5,11,0,2,289,1
"org.apache.solr.search.function.VectorValueSource",9,0.50,1.89,48,0.50,20326.55,10,1,8,19,11,118.37,6,63,7,3,118.37,1.00,0.40,0.56,1,4.00,4,1499.55,0,4,4,org.apache.solr.search.function.MultiValueSource,0.47,10,2,17,2,10,5,0,3,328,1
"org.apache.solr.search.function.VectorValueSource$DocValues",8,0.00,1.00,24,0.37,7298.98,8,0,8,25,0,129.89,0,40,0,1,129.89,0.00,0.00,0.00,0,8.00,1,1122.63,0,1,0,java.lang.Object,0.00,17,0,8,0,17,7,0,0,267,0
"org.apache.solr.search.function.VectorValueSource$DocValues_0",8,0.00,2.12,56,0.56,18413.85,8,0,8,21,0,112.83,0,59,0,1,112.83,0.00,0.00,0.00,0,8.00,3,1675.11,0,1,0,java.lang.Object,0.00,13,0,17,0,13,7,0,0,369,0
"org.tartarus.snowball.ext.ArmenianStemmer",10,0.01,4.20,169,5.77,487084.62,19,9,2,14,4,70.97,53,433,2,2,88.84,0.00,0.50,0.12,0,0.00,13,17300.49,3,0,2,org.tartarus.snowball.SnowballProgram,0.04,4,1,42,0,4,10,0,50,2433,1
"org.tartarus.snowball.ext.BasqueStemmer",11,0.02,7.00,266,13.14,1257720.61,20,9,2,15,4,31.13,92,817,2,2,79.24,0.00,0.50,0.13,0,0.00,29,39416.71,4,0,2,org.tartarus.snowball.SnowballProgram,0.04,4,1,77,0,4,11,0,89,4854,1
"org.tartarus.snowball.ext.CatalanStemmer",12,0.00,6.58,250,17.15,1669477.07,22,10,2,16,4,33.43,106,931,2,2,81.53,0.00,0.50,0.10,0,0.00,20,51446.87,5,0,2,org.tartarus.snowball.SnowballProgram,0.04,4,1,79,0,4,12,0,103,5985,1
"org.tartarus.snowball.ext.DanishStemmer",7,0.19,5.86,210,2.56,165289.80,15,8,2,9,5,36.93,78,324,3,2,81.06,0.00,0.50,0.29,0,0.00,10,7686.56,9,0,2,org.tartarus.snowball.SnowballProgram,0.04,2,1,41,0,2,7,0,76,1361,1
"org.tartarus.snowball.ext.DutchStemmer",11,0.09,11.64,418,4.40,353945.64,23,12,2,12,5,65.65,167,642,3,2,76.01,0.00,0.50,0.17,0,0.00,60,13195.53,9,0,2,org.tartarus.snowball.SnowballProgram,0.04,1,1,128,0,1,11,0,165,2269,1
"org.tartarus.snowball.ext.EnglishStemmer",17,0.04,10.00,627,7.91,556638.64,34,17,2,18,6,66.50,259,1016,4,2,76.86,0.00,0.50,0.10,0,0.00,22,23715.70,12,0,2,org.tartarus.snowball.SnowballProgram,0.04,1,1,170,0,1,17,0,257,3876,1
"org.tartarus.snowball.ext.FinnishStemmer",13,0.10,9.23,517,6.70,564261.62,31,18,2,15,5,54.48,187,811,3,2,74.62,0.00,0.50,0.15,0,0.00,29,20088.70,10,0,2,org.tartarus.snowball.SnowballProgram,0.04,2,1,120,0,2,13,0,185,3321,1
"org.tartarus.snowball.ext.FrenchStemmer",14,0.07,12.64,731,10.02,869486.27,28,14,2,15,5,107.96,304,1164,3,2,68.66,0.00,0.50,0.14,0,0.00,71,30071.60,11,0,2,org.tartarus.snowball.SnowballProgram,0.04,1,1,177,0,1,14,0,302,4646,1
"org.tartarus.snowball.ext.German2Stemmer",8,0.12,12.12,368,3.98,369747.66,20,12,2,9,4,80.80,139,562,2,2,71.67,0.00,0.50,0.19,0,0.00,36,11938.45,8,0,2,org.tartarus.snowball.SnowballProgram,0.04,1,1,97,0,1,8,0,137,2028,1
"org.tartarus.snowball.ext.GermanStemmer",8,0.12,10.75,357,3.70,328881.14,19,11,2,9,4,72.34,131,533,2,2,72.82,0.00,0.50,0.19,0,0.00,36,11103.93,8,0,2,org.tartarus.snowball.SnowballProgram,0.04,1,1,86,0,1,8,0,129,1917,1
"org.tartarus.snowball.ext.HungarianStemmer",16,0.00,9.62,453,8.12,593316.73,30,14,2,17,5,80.04,258,862,3,2,80.52,0.00,0.50,0.07,0,0.00,33,24351.30,6,0,2,org.tartarus.snowball.SnowballProgram,0.04,1,1,154,0,1,16,0,256,3696,1
"org.tartarus.snowball.ext.ItalianStemmer",12,0.06,11.00,522,9.35,896658.40,26,14,2,13,5,70.67,200,949,3,2,71.14,0.00,0.50,0.13,0,0.00,36,28060.51,9,0,2,org.tartarus.snowball.SnowballProgram,0.04,1,1,132,0,1,12,0,198,4211,1
"org.tartarus.snowball.ext.KpStemmer",18,0.06,19.00,1069,11.33,855356.90,37,19,2,20,3,115.26,502,1644,1,2,67.44,0.00,0.50,0.11,0,0.00,63,33994.26,10,0,2,org.tartarus.snowball.SnowballProgram,0.04,2,1,342,0,2,18,0,500,5574,1
"org.tartarus.snowball.ext.LovinsStemmer",34,0.23,5.29,817,15.90,1020296.10,38,4,2,35,3,35.77,294,1567,1,2,83.87,0.00,0.50,0.03,0,0.00,53,47714.39,5,0,2,org.tartarus.snowball.SnowballProgram,0.03,1,1,180,0,1,34,0,292,6934,1
"org.tartarus.snowball.ext.NorwegianStemmer",6,0.20,6.00,173,2.25,143216.45,13,7,2,7,5,33.65,61,277,3,2,82.13,0.00,0.50,0.31,0,0.00,12,6745.61,8,0,2,org.tartarus.snowball.SnowballProgram,0.05,1,1,36,0,1,6,0,59,1181,1
"org.tartarus.snowball.ext.PorterStemmer",13,0.05,8.85,439,5.26,381393.29,24,11,2,14,3,49.29,177,700,1,2,78.67,0.00,0.50,0.14,0,0.00,32,15768.85,10,0,2,org.tartarus.snowball.SnowballProgram,0.04,1,1,115,0,1,13,0,175,2603,1
"org.tartarus.snowball.ext.PortugueseStemmer",12,0.06,10.83,489,8.73,802187.19,25,13,2,13,5,62.34,186,900,3,2,72.70,0.00,0.50,0.13,0,0.00,39,26191.06,6,0,2,org.tartarus.snowball.SnowballProgram,0.04,1,1,130,0,1,12,0,184,3932,1
"org.tartarus.snowball.ext.RomanianStemmer",13,0.08,8.62,433,9.11,800267.28,24,11,2,14,5,32.02,151,845,3,2,76.15,0.00,0.50,0.16,0,0.00,29,27316.66,8,0,2,org.tartarus.snowball.SnowballProgram,0.04,1,1,112,0,1,13,0,149,3974,1
"org.tartarus.snowball.ext.RussianStemmer",12,0.02,6.92,315,5.50,437513.95,23,11,2,13,5,31.85,117,580,3,2,81.85,0.00,0.50,0.11,0,0.00,13,16491.41,5,0,2,org.tartarus.snowball.SnowballProgram,0.04,1,1,83,0,1,12,0,115,2611,1
"org.tartarus.snowball.ext.SpanishStemmer",12,0.06,11.58,511,9.27,892823.92,26,14,2,13,5,80.65,208,943,3,2,71.52,0.00,0.50,0.13,0,0.00,40,27801.19,7,0,2,org.tartarus.snowball.SnowballProgram,0.04,1,1,139,0,1,12,0,206,4174,1
"org.tartarus.snowball.ext.SwedishStemmer",6,0.17,5.50,164,2.31,153417.02,13,7,2,7,5,32.51,57,272,3,2,82.51,0.00,0.50,0.29,0,0.00,9,6925.29,6,0,2,org.tartarus.snowball.SnowballProgram,0.05,1,1,33,0,1,6,0,55,1204,1
"org.tartarus.snowball.ext.TurkishStemmer",42,0.00,7.45,1650,18.57,1772265.60,76,34,2,43,5,64.41,656,2392,3,2,74.76,0.00,0.50,0.03,0,1254.00,53,55710.81,9,0,2,org.tartarus.snowball.SnowballProgram,0.02,1,1,313,0,1,42,0,654,8933,1
"org.egothor.stemmer.Cell",3,0.62,1.00,13,0.11,1517.65,7,4,0,3,9,95.03,18,16,9,1,127.25,0.00,0.00,0.67,0,1.00,1,330.79,0,1,0,java.lang.Object,0.00,0,0,3,0,0,2,0,8,89,0
"org.egothor.stemmer.Compile",2,1.33,11.00,91,1.32,130177.50,5,3,10,33,8,28.58,15,107,1,1,70.87,0.00,0.00,1.00,1,0.00,20,3950.98,0,0,7,java.lang.Object,0.00,31,0,22,0,31,2,0,4,591,1
"org.egothor.stemmer.Diff",4,0.33,9.75,148,1.81,386579.09,12,8,0,14,4,62.36,60,165,4,1,72.72,0.00,0.00,0.38,0,4.00,26,5421.92,0,1,0,java.lang.Object,0.00,10,0,39,0,10,3,0,23,913,1
"org.egothor.stemmer.DiffIt",2,0.00,4.50,32,0.49,28517.75,2,0,5,15,1,50.73,15,39,0,1,93.03,0.00,0.00,0.00,1,2.00,7,1462.26,0,0,1,java.lang.Object,0.00,13,0,9,0,13,2,0,4,254,1
"org.egothor.stemmer.Gener",3,0.00,3.67,41,0.57,46352.53,3,0,4,9,6,53.87,22,44,2,2,96.16,0.00,0.50,0.00,1,3.00,7,1707.33,0,0,4,org.egothor.stemmer.Reduce,0.33,6,1,11,0,6,3,0,4,318,1
"org.egothor.stemmer.Lift",3,1.00,4.00,45,0.59,39893.03,4,1,4,13,6,44.34,28,52,2,2,94.34,0.00,0.50,0.33,1,4.00,9,1779.38,0,0,4,org.egothor.stemmer.Reduce,0.33,10,1,12,0,10,3,0,4,335,1
"org.egothor.stemmer.MultiTrie",8,0.11,2.38,70,0.84,37028.62,12,4,5,26,6,65.96,57,78,4,2,108.25,1.00,0.33,0.34,0,0.00,4,2525.72,0,2,2,org.egothor.stemmer.Trie,0.00,18,1,19,1,18,6,0,9,512,1
"org.egothor.stemmer.MultiTrie2",12,0.00,3.92,147,1.87,190189.45,12,0,5,26,7,65.13,74,184,4,3,97.36,0.00,0.67,0.00,3,38.00,8,5604.70,1,4,3,org.egothor.stemmer.MultiTrie,0.00,14,2,47,0,14,8,0,20,1064,1
"org.egothor.stemmer.Optimizer",4,0.00,5.25,84,0.99,103503.80,4,0,4,22,7,38.44,33,93,3,2,86.55,1.00,0.33,0.00,1,4.00,9,2974.78,0,0,4,org.egothor.stemmer.Reduce,0.29,18,1,21,1,18,4,0,6,570,1
"org.egothor.stemmer.Optimizer2",2,0.00,1.50,9,0.10,5539.66,2,0,0,3,4,72.86,20,13,2,3,121.34,0.00,0.67,0.00,0,2.00,2,311.43,0,0,2,org.egothor.stemmer.Optimizer,0.33,1,2,3,0,1,2,0,3,72,1
"org.egothor.stemmer.Reduce",3,0.00,1.67,25,0.37,16804.50,3,0,4,15,8,89.81,16,27,6,1,107.68,0.00,0.00,0.00,1,3.00,3,1118.35,0,1,3,java.lang.Object,0.00,12,0,5,4,12,2,0,4,224,1
"org.egothor.stemmer.Reduce$Remap",1,0.00,3.00,17,0.17,7110.55,1,0,4,7,2,62.29,6,18,0,2,94.52,0.00,0.50,0.00,0,0.00,3,518.26,0,0,2,org.egothor.stemmer.Row,0.00,6,1,3,0,6,1,0,1,103,0
"org.egothor.stemmer.Row",15,0.07,2.53,135,1.36,47525.33,18,3,5,33,8,89.75,84,147,7,1,107.62,0.00,0.00,0.27,1,0.00,8,4070.96,0,0,1,java.lang.Object,0.00,18,0,38,1,18,15,0,15,841,1
"org.egothor.stemmer.TestCompile",5,0.00,2.60,61,0.91,39790.87,5,0,11,36,4,99.81,1,76,0,2,99.81,0.00,0.50,0.00,2,5.00,8,2731.23,0,1,4,org.apache.lucene.util.LuceneTestCase,0.00,31,1,13,0,31,4,0,1,510,1
"org.egothor.stemmer.TestStemmer",7,0.00,2.14,74,0.93,28235.43,7,0,1,22,7,155.13,8,75,0,2,105.13,0.00,0.50,0.00,1,7.00,3,2778.75,0,0,7,org.apache.lucene.util.LuceneTestCase,0.00,15,1,15,0,15,7,0,2,545,1
"org.egothor.stemmer.Trie",14,0.23,3.64,197,2.08,136411.05,18,4,5,36,16,64.32,90,208,14,1,96.54,0.00,0.00,0.46,1,0.00,14,6250.91,0,5,3,java.lang.Object,0.00,22,0,51,2,22,9,0,15,1207,1
"org.egothor.stemmer.Trie$StrEnum",3,0.50,1.33,18,0.11,1772.82,6,3,5,5,0,159.97,6,23,0,1,120.08,0.00,0.00,0.67,0,0.00,2,331.03,0,0,0,java.lang.Object,0.00,2,0,4,0,2,3,0,1,87,0
"org.apache.solr.spelling.suggest.LookupFactory",2,0.00,1.00,3,0.02,120.68,2,0,3,2,8,206.98,3,4,5,1,156.98,0.00,0.00,0.00,0,2.00,1,60.34,0,2,3,java.lang.Object,0.00,0,0,2,4,0,0,0,1,21,2
"org.apache.solr.spelling.suggest.Suggester",5,0.37,5.20,94,1.53,74088.50,20,15,28,44,18,111.57,18,127,1,2,90.95,0.00,0.50,0.36,2,0.00,9,4591.27,1,3,17,org.apache.solr.spelling.SolrSpellChecker,0.00,39,1,26,0,39,2,0,10,787,1
"org.apache.solr.spelling.suggest.SuggesterFSTTest",1,0.00,1.00,3,0.02,130.68,1,0,0,1,1,136.07,16,5,0,4,136.54,0.00,0.75,0.00,0,1.00,1,48.73,0,0,1,org.apache.solr.spelling.suggest.SuggesterTest,0.00,0,3,1,0,0,1,0,1,16,1
"org.apache.solr.spelling.suggest.SuggesterTSTTest",1,0.00,1.00,3,0.02,130.68,1,0,0,1,1,136.07,16,5,0,4,136.54,0.00,0.75,0.00,0,1.00,1,48.73,0,0,1,org.apache.solr.spelling.suggest.SuggesterTest,0.00,0,3,1,0,0,1,0,1,16,1
"org.apache.solr.spelling.suggest.SuggesterTest",6,0.60,1.17,39,0.50,8991.37,7,1,6,15,7,166.93,6,68,3,3,116.93,1.50,0.33,0.50,1,10.00,2,1513.24,7,0,4,org.apache.solr.SolrTestCaseJ4,0.00,9,2,7,3,9,6,0,4,311,1
"org.apache.solr.spelling.suggest.SuggesterWFSTTest",1,0.00,1.00,3,0.02,130.68,1,0,0,1,1,136.07,16,5,0,4,136.54,0.00,0.75,0.00,0,1.00,1,48.73,0,0,1,org.apache.solr.spelling.suggest.SuggesterTest,0.00,0,3,1,0,0,1,0,1,16,1
"org.apache.solr.spelling.suggest.TestPhraseSuggestions",2,0.00,1.00,8,0.12,1376.72,3,1,3,2,2,126.19,0,20,0,3,126.19,0.00,0.67,1.00,0,0.00,1,352.14,3,0,2,org.apache.solr.SolrTestCaseJ4,0.00,0,2,2,0,0,2,0,0,80,1
"org.apache.lucene.search.highlight.DefaultEncoder",2,0.00,1.00,4,0.02,168.02,2,0,0,2,5,94.62,19,10,4,1,144.62,0.00,0.00,0.00,0,2.00,1,53.51,0,1,1,java.lang.Object,0.00,0,0,2,0,0,1,1,2,20,1
"org.apache.lucene.search.highlight.Encoder",1,0.00,1.00,2,0.01,33.58,1,0,0,1,10,191.70,22,4,10,1,147.75,0.00,0.00,0.00,0,1.00,1,23.93,0,1,0,,0.00,0,0,1,0,0,0,0,3,11,1
"org.apache.lucene.search.highlight.Formatter",1,0.00,1.00,2,0.01,41.95,1,0,0,1,10,196.48,26,4,9,1,146.99,0.00,0.00,0.00,0,1.00,1,32.46,0,1,1,,0.00,0,0,1,0,0,0,0,3,13,1
"org.apache.lucene.search.highlight.FragmentQueue",2,0.00,1.50,5,0.08,3346.88,2,0,10,3,8,134.29,0,15,1,2,134.29,0.00,0.50,0.00,0,2.00,2,251.65,1,0,7,org.apache.lucene.util.PriorityQueue,0.00,1,1,3,0,1,2,0,0,63,0
"org.apache.lucene.search.highlight.Fragmenter",2,0.00,1.00,3,0.02,72.21,2,0,1,2,14,108.74,19,4,13,1,158.73,0.00,0.00,0.00,0,2.00,1,48.14,0,0,1,,0.00,0,0,2,0,0,2,0,3,18,1
"org.apache.lucene.search.highlight.GradientFormatter",7,0.24,3.00,96,1.32,58976.06,23,16,0,19,3,50.18,58,147,1,1,98.28,0.00,0.00,0.27,4,25.00,7,3972.45,0,4,2,java.lang.Object,0.00,12,0,21,1,12,3,1,6,768,1
"org.apache.lucene.search.highlight.Highlighter",18,0.07,2.78,194,2.74,339351.68,24,6,10,68,40,51.69,144,308,22,1,99.80,0.00,0.00,0.10,4,98.00,18,8233.53,0,6,18,java.lang.Object,0.00,50,0,50,0,50,12,0,42,1412,1
"org.apache.lucene.search.highlight.HighlighterPhraseTest",5,0.00,1.20,137,2.60,86944.60,6,1,30,40,30,84.17,0,215,0,2,84.17,0.00,0.50,1.00,0,0.00,2,7809.60,0,0,30,org.apache.lucene.util.LuceneTestCase,0.00,35,1,6,0,35,5,0,0,1249,1
"org.apache.lucene.search.highlight.HighlighterPhraseTest$Collector",4,1.00,1.00,9,0.11,1309.19,5,1,30,5,2,139.97,1,19,0,1,139.97,0.00,0.00,0.00,0,4.00,1,318.68,0,0,2,java.lang.Object,0.00,1,0,4,0,1,4,0,1,82,0
"org.apache.lucene.search.highlight.HighlighterPhraseTest$TokenStreamConcurrent",3,0.10,1.33,25,0.40,11527.20,8,5,30,13,5,109.02,0,34,0,3,109.02,0.00,0.67,0.27,1,4.00,2,1202.71,0,0,5,org.apache.lucene.analysis.TokenStream,0.55,10,2,4,0,10,3,0,0,242,3
"org.apache.lucene.search.highlight.HighlighterPhraseTest$TokenStreamSparse",3,0.10,1.33,25,0.40,10771.26,8,5,30,13,5,109.25,0,34,0,3,109.25,0.00,0.67,0.27,1,4.00,2,1196.94,0,0,5,org.apache.lucene.analysis.TokenStream,0.55,10,2,4,0,10,3,0,0,239,3
"org.apache.lucene.search.highlight.HighlighterTest",61,0.08,1.80,623,9.54,434154.98,73,12,65,151,78,153.23,91,702,25,3,103.23,0.00,0.67,0.16,8,465.00,8,28606.10,2,6,53,org.apache.lucene.analysis.BaseTokenStreamTestCase,0.00,90,2,110,0,90,55,1,54,5080,1
"org.apache.lucene.search.highlight.HighlighterTest$Scorer",4,0.00,1.00,8,0.04,260.54,4,0,65,4,2,145.49,0,12,0,1,145.49,0.00,0.00,0.00,0,4.00,1,107.35,0,1,2,java.lang.Object,0.00,0,0,4,0,0,3,0,0,37,0
"org.apache.lucene.search.highlight.HighlighterTest$TestHighlightRunner",1,0.00,1.00,4,0.04,466.10,1,0,65,2,1,127.53,0,6,0,1,127.53,0.00,0.00,0.00,0,0.00,1,113.42,0,0,1,java.lang.Object,0.00,1,0,1,0,1,1,0,0,28,0
"org.apache.lucene.search.highlight.HighlighterTest$TestHighlightRunner_0",1,0.00,1.00,4,0.04,466.10,1,0,65,2,1,127.53,0,6,0,1,127.53,0.00,0.00,0.00,0,0.00,1,113.42,0,0,1,java.lang.Object,0.00,1,0,1,0,1,1,0,0,28,0
"org.apache.lucene.search.highlight.HighlighterTest$TestHighlightRunner_1",1,0.00,1.00,4,0.04,466.10,1,0,65,2,1,127.53,0,6,0,1,127.53,0.00,0.00,0.00,0,0.00,1,113.42,0,0,1,java.lang.Object,0.00,1,0,1,0,1,1,0,0,28,0
"org.apache.lucene.search.highlight.HighlighterTest$TestHighlightRunner_10",1,0.00,1.00,10,0.17,4697.05,1,0,65,9,7,154.78,1,14,0,1,104.78,0.00,0.00,0.00,0,0.00,1,513.25,0,0,7,java.lang.Object,0.00,8,0,1,0,8,1,0,1,96,0
"org.apache.lucene.search.highlight.HighlighterTest$TestHighlightRunner_11",1,0.00,1.00,11,0.16,4113.74,1,0,65,9,5,153.69,1,14,0,1,103.69,0.00,0.00,0.00,0,0.00,1,474.11,0,0,5,java.lang.Object,0.00,8,0,1,0,8,1,0,1,91,0
"org.apache.lucene.search.highlight.HighlighterTest$TestHighlightRunner_12",1,0.00,1.00,6,0.07,1108.88,1,0,65,4,1,118.00,0,9,0,1,118.00,0.00,0.00,0.00,0,0.00,1,197.46,0,0,1,java.lang.Object,0.00,3,0,1,0,3,1,0,0,43,0
"org.apache.lucene.search.highlight.HighlighterTest$TestHighlightRunner_13",1,0.00,1.00,6,0.07,1108.88,1,0,65,4,1,118.00,0,9,0,1,118.00,0.00,0.00,0.00,0,0.00,1,197.46,0,0,1,java.lang.Object,0.00,3,0,1,0,3,1,0,0,43,0
"org.apache.lucene.search.highlight.HighlighterTest$TestHighlightRunner_14",1,0.00,5.00,35,0.57,46774.68,1,0,65,11,4,76.26,0,37,0,1,76.26,0.00,0.00,0.00,0,0.00,5,1716.05,0,0,4,java.lang.Object,0.00,10,0,5,0,10,1,0,0,292,0
"org.apache.lucene.search.highlight.HighlighterTest$TestHighlightRunner_15",1,0.00,1.00,22,0.44,20680.03,1,0,65,15,6,87.18,4,26,0,1,86.94,0.00,0.00,0.00,0,0.00,1,1325.71,0,0,6,java.lang.Object,0.00,14,0,1,0,14,1,0,4,228,0
"org.apache.lucene.search.highlight.HighlighterTest$TestHighlightRunner_16",1,0.00,1.00,15,0.27,8747.92,1,0,65,12,7,146.09,1,18,0,1,96.09,0.00,0.00,0.00,0,1.00,1,802.17,0,0,7,java.lang.Object,0.00,11,0,1,0,11,1,0,1,142,0
"org.apache.lucene.search.highlight.HighlighterTest$TestHighlightRunner_17",1,0.00,3.00,14,0.22,7687.00,1,0,65,8,3,147.39,1,16,0,1,97.39,0.00,0.00,0.00,0,0.00,3,658.42,0,0,3,java.lang.Object,0.00,7,0,3,0,7,1,0,1,116,0
"org.apache.lucene.search.highlight.HighlighterTest$TestHighlightRunner_18",1,0.00,4.00,21,0.39,18098.94,1,0,65,13,5,127.72,2,23,0,1,87.83,0.00,0.00,0.00,0,0.00,4,1172.69,0,0,5,java.lang.Object,0.00,12,0,4,0,12,1,0,2,196,0
"org.apache.lucene.search.highlight.HighlighterTest$TestHighlightRunner_19",1,0.00,1.00,9,0.13,3441.64,1,0,65,7,3,147.44,2,14,0,1,107.55,0.00,0.00,0.00,0,0.00,1,393.83,0,0,3,java.lang.Object,0.00,6,0,1,0,6,1,0,2,77,0
"org.apache.lucene.search.highlight.HighlighterTest$TestHighlightRunner_2",1,0.00,1.00,6,0.07,1108.88,1,0,65,4,1,118.00,0,9,0,1,118.00,0.00,0.00,0.00,0,0.00,1,197.46,0,0,1,java.lang.Object,0.00,3,0,1,0,3,1,0,0,43,0
"org.apache.lucene.search.highlight.HighlighterTest$TestHighlightRunner_20",1,0.00,2.00,25,0.43,18142.45,1,0,65,22,6,35.16,9,28,0,1,85.16,0.00,0.00,0.00,0,1.00,2,1283.11,0,0,6,java.lang.Object,0.00,21,0,2,0,21,1,0,9,219,0
"org.apache.lucene.search.highlight.HighlighterTest$TestHighlightRunner_21",1,0.00,1.00,13,0.22,6038.40,1,0,65,16,6,99.67,0,18,0,1,99.67,0.00,0.00,0.00,0,1.00,1,672.61,0,0,6,java.lang.Object,0.00,15,0,1,0,15,1,0,0,123,0
"org.apache.lucene.search.highlight.HighlighterTest$TestHighlightRunner_22",1,0.00,5.00,22,0.40,17024.37,1,0,65,14,10,43.11,11,24,0,1,87.24,0.00,0.00,0.00,0,0.00,5,1188.86,0,0,10,java.lang.Object,0.00,13,0,5,0,13,1,0,11,193,0
"org.apache.lucene.search.highlight.HighlighterTest$TestHighlightRunner_23",1,0.00,2.00,12,0.14,4034.18,1,0,65,6,3,102.19,0,13,0,1,102.19,0.00,0.00,0.00,0,0.00,2,420.53,0,0,3,java.lang.Object,0.00,5,0,2,0,5,1,0,0,81,0
"org.apache.lucene.search.highlight.HighlighterTest$TestHighlightRunner_24",1,0.00,5.00,24,0.36,14123.64,1,0,65,11,8,126.35,2,30,0,1,86.47,0.00,0.00,0.00,0,0.00,5,1067.67,0,0,8,java.lang.Object,0.00,10,0,5,0,10,1,0,2,189,0
"org.apache.lucene.search.highlight.HighlighterTest$TestHighlightRunner_26",1,0.00,1.00,54,1.15,132697.68,1,0,65,8,6,105.92,2,56,0,1,66.04,0.00,0.00,0.00,0,1.00,1,3462.04,0,0,6,java.lang.Object,0.00,7,0,1,0,7,1,0,2,616,0
"org.apache.lucene.search.highlight.HighlighterTest$TestHighlightRunner_3",1,0.00,1.00,6,0.07,1140.58,1,0,65,4,1,117.90,0,9,0,1,117.90,0.00,0.00,0.00,0,0.00,1,204.28,0,0,1,java.lang.Object,0.00,3,0,1,0,3,1,0,0,44,0
"org.apache.lucene.search.highlight.HighlighterTest$TestHighlightRunner_4",1,0.00,1.00,6,0.07,1108.88,1,0,65,4,1,118.00,0,9,0,1,118.00,0.00,0.00,0.00,0,0.00,1,197.46,0,0,1,java.lang.Object,0.00,3,0,1,0,3,1,0,0,43,0
"org.apache.lucene.search.highlight.HighlighterTest$TestHighlightRunner_5",1,0.00,1.00,6,0.07,1108.88,1,0,65,4,1,118.00,0,9,0,1,118.00,0.00,0.00,0.00,0,0.00,1,197.46,0,0,1,java.lang.Object,0.00,3,0,1,0,3,1,0,0,43,0
"org.apache.lucene.search.highlight.HighlighterTest$TestHighlightRunner_6",1,0.00,1.00,10,0.13,2918.87,1,0,65,7,3,127.03,3,13,0,1,106.41,0.00,0.00,0.00,0,0.00,1,391.18,0,0,3,java.lang.Object,0.00,6,0,1,0,6,1,0,3,76,0
"org.apache.lucene.search.highlight.HighlighterTest$TestHighlightRunner_7",1,0.00,1.00,6,0.07,1108.88,1,0,65,4,1,168.00,1,9,0,1,118.00,0.00,0.00,0.00,0,0.00,1,197.46,0,0,1,java.lang.Object,0.00,3,0,1,0,3,1,0,1,43,0
"org.apache.lucene.search.highlight.HighlighterTest$TestHighlightRunner_8",1,0.00,1.00,8,0.13,3002.62,1,0,65,7,5,159.93,1,12,0,1,109.93,0.00,0.00,0.00,0,0.00,1,388.39,0,0,5,java.lang.Object,0.00,6,0,1,0,6,1,0,1,75,0
"org.apache.lucene.search.highlight.HighlighterTest$TestHighlightRunner_9",1,0.00,1.00,8,0.11,2015.48,1,0,65,10,6,111.29,0,10,0,1,111.29,0.00,0.00,0.00,0,0.00,1,328.00,0,0,6,java.lang.Object,0.00,9,0,1,0,9,1,0,0,68,0
"org.apache.lucene.search.highlight.HighlighterTest$TokenStream",1,1.00,2.00,33,0.42,15451.56,6,5,65,15,4,81.21,0,38,0,1,81.21,0.00,0.00,0.80,0,0.00,2,1274.60,0,0,4,java.lang.Object,0.00,14,0,2,0,14,1,0,0,240,0
"org.apache.lucene.search.highlight.HighlighterTest$TokenStream_25",1,1.00,2.00,33,0.42,15451.56,6,5,65,15,4,81.21,0,38,0,1,81.21,0.00,0.00,0.80,0,0.00,2,1274.60,0,0,4,java.lang.Object,0.00,14,0,2,0,14,1,0,0,240,0
"org.apache.lucene.search.highlight.InvalidTokenOffsetsException",1,0.00,1.00,3,0.02,106.02,1,0,0,1,6,170.64,20,7,6,2,137.25,0.00,0.50,0.00,0,1.00,1,45.51,0,0,0,java.lang.Exception,0.00,0,1,1,0,0,1,0,2,16,1
"org.apache.lucene.search.highlight.NullFragmenter",2,0.00,1.00,4,0.02,133.81,2,0,1,2,10,185.28,4,7,8,1,145.40,0.00,0.00,0.00,0,2.00,1,68.04,0,0,2,java.lang.Object,0.00,0,0,2,0,0,2,1,1,23,1
"org.apache.lucene.search.highlight.OffsetLimitTokenFilter",3,0.17,1.33,16,0.16,3406.43,6,3,4,5,7,170.80,4,23,4,4,120.80,0.00,0.75,0.44,0,1.00,2,469.12,1,0,3,org.apache.lucene.analysis.TokenFilter,0.53,2,3,4,0,2,3,0,1,109,2
"org.apache.lucene.search.highlight.OffsetLimitTokenFilterTest",1,0.00,1.00,16,0.22,8658.75,1,0,8,6,6,115.69,3,24,0,3,95.08,0.00,0.67,0.00,0,1.00,1,654.60,2,0,6,org.apache.lucene.analysis.BaseTokenStreamTestCase,0.00,5,2,1,0,5,1,0,3,135,1
"org.apache.lucene.search.highlight.OffsetLimitTokenFilterTest$Analyzer",1,0.00,1.00,5,0.06,1141.76,1,0,8,4,3,120.85,0,7,0,1,120.85,0.00,0.00,0.00,0,1.00,1,175.37,0,1,3,java.lang.Object,0.00,3,0,1,0,3,0,0,0,41,0
"org.apache.lucene.search.highlight.PositionSpan",1,2.00,1.00,6,0.04,554.14,3,2,0,1,4,153.75,20,8,4,1,120.37,0.00,0.00,0.00,0,1.00,1,108.19,0,0,0,java.lang.Object,0.00,0,0,1,0,0,1,0,2,33,1
"org.apache.lucene.search.highlight.QueryScorer",19,0.03,1.53,97,1.05,26063.62,34,15,14,42,25,120.36,84,129,12,1,120.12,0.00,0.00,0.09,3,128.00,4,3142.81,0,4,13,java.lang.Object,0.00,23,0,29,1,23,15,1,20,677,1
"org.apache.lucene.search.highlight.QueryTermExtractor",7,0.00,2.57,46,0.78,36105.42,7,0,10,25,9,70.23,53,82,1,1,112.52,0.00,0.00,0.00,3,7.00,6,2328.82,0,4,8,java.lang.Object,0.00,18,0,18,0,18,3,0,11,445,2
"org.apache.lucene.search.highlight.QueryTermScorer",10,0.04,1.40,44,0.47,12374.56,16,6,6,23,13,91.89,60,58,5,1,124.11,0.00,0.00,0.20,0,34.00,3,1399.55,0,1,8,java.lang.Object,0.00,13,0,14,0,13,9,1,17,313,1
"org.apache.lucene.search.highlight.Scorer",4,0.00,1.00,5,0.03,143.81,4,0,2,4,8,110.64,33,6,6,1,158.75,0.00,0.00,0.00,0,4.00,1,77.87,0,1,2,,0.00,0,0,4,0,0,3,0,5,30,1
"org.apache.lucene.search.highlight.SimpleFragmenter",6,0.10,1.17,21,0.15,2457.28,10,4,2,8,13,153.21,20,29,10,1,132.60,0.00,0.00,0.33,0,10.00,2,460.63,0,0,3,java.lang.Object,0.00,2,0,7,1,2,6,1,6,120,1
"org.apache.lucene.search.highlight.SimpleHTMLEncoder",3,0.00,3.33,27,0.29,19022.81,3,0,0,9,6,62.90,22,47,5,1,105.19,0.00,0.00,0.00,1,3.00,8,882.54,0,2,1,java.lang.Object,0.00,6,0,10,0,6,1,1,3,169,1
"org.apache.lucene.search.highlight.SimpleHTMLFormatter",3,0.12,1.33,18,0.18,4973.57,7,4,0,8,14,68.45,26,23,12,1,116.55,0.00,0.00,0.33,0,5.00,2,544.46,0,1,2,java.lang.Object,0.00,5,0,4,0,5,2,1,6,129,1
"org.apache.lucene.search.highlight.SimpleSpanFragmenter",4,0.40,2.50,43,0.50,20261.08,14,10,6,12,10,104.55,17,51,1,1,104.31,0.00,0.00,0.40,0,6.00,7,1514.42,0,0,9,java.lang.Object,0.00,8,0,10,0,8,4,1,5,296,1
"org.apache.lucene.search.highlight.SpanGradientFormatter",2,0.50,3.00,24,0.29,10694.80,4,2,0,7,2,71.75,26,43,0,2,101.13,0.00,0.50,0.25,0,2.00,5,883.58,2,1,2,org.apache.lucene.search.highlight.GradientFormatter,0.00,5,1,6,0,5,1,0,4,180,1
"org.apache.lucene.search.highlight.SynonymAnalyzer",2,1.00,1.50,13,0.16,4273.44,3,1,65,7,43,136.27,6,19,1,2,115.66,0.00,0.50,0.50,0,2.00,2,481.01,0,1,42,org.apache.lucene.analysis.Analyzer,0.00,5,1,3,0,5,1,0,1,103,1
"org.apache.lucene.search.highlight.SynonymTokenizer",3,0.65,2.67,52,0.67,23609.44,13,10,65,25,42,94.20,1,63,1,3,94.20,0.00,0.67,0.53,0,1.00,6,2001.46,1,0,41,org.apache.lucene.analysis.TokenStream,0.55,22,2,8,0,22,3,0,1,380,1
"org.apache.lucene.search.highlight.SynonymTokenizer$TestHighlightRunner_27",7,0.21,2.57,52,0.71,19221.17,11,4,65,20,15,112.18,0,64,0,1,112.18,0.00,0.00,0.43,3,3.00,5,2130.61,0,3,15,java.lang.Object,0.00,13,0,18,0,13,4,0,0,416,2
"org.apache.lucene.search.highlight.TextFragment",8,0.00,1.00,28,0.21,3018.55,13,5,0,11,14,133.15,38,46,14,1,132.91,0.00,0.00,0.20,0,26.00,1,620.00,0,1,0,java.lang.Object,0.00,3,0,8,0,3,7,0,7,169,1
"org.apache.lucene.search.highlight.TokenGroup",10,0.13,1.40,55,0.50,19712.27,21,11,4,18,10,158.79,25,71,6,1,118.90,0.00,0.00,0.21,0,38.00,5,1514.47,0,1,4,java.lang.Object,0.00,8,0,14,0,8,9,0,7,329,1
"org.apache.lucene.search.highlight.TokenSourcesTest",4,0.00,1.00,101,1.85,51200.79,5,1,24,32,26,107.13,13,169,0,2,86.51,0.00,0.50,1.00,0,0.00,1,5551.88,0,0,26,org.apache.lucene.util.LuceneTestCase,0.00,28,1,4,0,28,4,0,13,901,1
"org.apache.lucene.search.highlight.TokenSourcesTest$OverlappingTokenStream",2,0.40,1.50,25,0.45,13329.56,7,5,24,12,5,100.54,0,33,0,3,100.54,0.00,0.67,0.40,0,2.00,2,1359.66,0,0,5,org.apache.lucene.analysis.TokenStream,0.60,10,2,3,0,10,2,0,0,262,3
"org.apache.lucene.search.highlight.TokenStreamFromTermPositionVector",3,0.30,2.67,50,0.70,33520.64,8,5,13,28,8,114.59,9,57,0,3,93.98,0.00,0.67,0.40,0,1.00,5,2093.67,0,0,8,org.apache.lucene.analysis.TokenStream,0.55,25,2,8,0,25,3,0,4,381,2
"org.apache.lucene.search.highlight.TokenStreamFromTermPositionVector$Comparator<Token>",1,0.00,1.00,3,0.03,607.54,1,0,13,2,1,131.28,0,4,0,1,131.28,0.00,0.00,0.00,0,1.00,1,103.41,0,0,1,java.lang.Object,0.00,1,0,1,0,1,1,0,0,29,0
"org.apache.lucene.search.highlight.WeightedSpanTerm",7,0.33,1.29,24,0.25,5044.95,9,2,3,11,9,151.26,24,34,7,2,130.64,0.00,0.50,0.21,0,18.00,3,744.79,0,1,2,org.apache.lucene.search.highlight.WeightedTerm,0.00,4,1,9,0,4,6,0,8,177,1
"org.apache.lucene.search.highlight.WeightedSpanTermExtractor",20,0.03,4.40,291,4.13,383586.99,28,8,26,95,32,76.31,104,344,4,1,94.18,0.00,0.00,0.09,10,154.00,28,12401.13,0,5,28,java.lang.Object,0.00,75,0,88,1,75,15,0,20,2102,1
"org.apache.lucene.search.highlight.WeightedSpanTermExtractor$FakeReader",2,0.00,1.50,8,0.10,2845.93,4,2,26,6,5,123.62,1,14,0,3,123.62,0.00,0.67,0.50,0,2.00,2,301.96,1,1,5,org.apache.lucene.index.FilterIndexReader,0.00,4,2,3,0,4,1,0,1,71,2
"org.apache.lucene.search.highlight.WeightedSpanTermExtractor$SuppressWarnings",2,0.00,4.50,13,0.19,5634.62,2,0,26,2,1,114.46,0,19,0,2,114.46,0.00,0.50,0.00,0,2.00,6,562.10,1,1,1,java.util.HashMap,0.00,0,1,9,0,0,1,0,0,124,2
"org.apache.lucene.search.highlight.WeightedTerm",5,0.38,1.00,14,0.08,974.53,7,2,0,5,4,109.52,32,26,4,1,141.74,0.00,0.00,0.20,0,11.00,1,250.85,0,1,0,java.lang.Object,0.00,0,0,5,1,0,4,0,8,75,1
"org.apache.lucene.facet.index.attributes.CategoryAttribute",11,0.00,1.00,12,0.10,932.14,11,0,4,11,21,107.71,92,16,18,2,155.82,0.00,0.50,0.00,0,11.00,1,313.06,0,5,3,,0.00,0,1,11,0,0,6,0,13,101,1
"org.apache.lucene.facet.index.attributes.CategoryAttributeImpl",16,0.03,2.44,75,0.83,32799.33,18,2,5,32,11,162.14,43,119,7,2,122.26,0.00,0.50,0.53,2,0.00,6,2493.89,1,2,4,org.apache.lucene.util.AttributeImpl,0.17,16,1,39,0,16,14,1,8,563,2
"org.apache.lucene.facet.index.attributes.CategoryAttributeImplTest",3,0.00,2.33,56,0.83,49811.60,3,0,9,26,7,72.87,16,75,0,2,90.75,0.00,0.50,0.00,0,3.00,5,2480.97,0,0,7,org.apache.lucene.util.LuceneTestCase,0.00,23,1,7,0,23,3,0,1,456,1
"org.apache.lucene.facet.index.attributes.CategoryAttributesIterable",2,1.00,1.00,7,0.08,1216.99,3,1,3,3,5,87.15,23,10,3,1,131.28,0.00,0.00,0.00,0,2.00,1,226.02,0,1,2,java.lang.Object,0.00,1,0,2,0,1,1,1,2,58,1
"org.apache.lucene.facet.index.attributes.CategoryAttributesIterable$CategoryAttributesIterator",4,2.00,1.00,13,0.12,1700.17,6,2,3,7,3,132.50,0,19,0,1,132.50,0.00,0.00,0.00,3,4.00,1,361.95,0,1,3,java.lang.Object,0.00,3,0,4,0,3,3,1,0,97,2
"org.apache.lucene.facet.index.attributes.CategoryAttributesIterableTest",1,0.00,3.00,17,0.17,6012.83,1,0,9,7,4,104.22,17,17,0,3,95.09,0.00,0.67,0.00,0,0.00,3,512.34,0,0,4,org.apache.lucene.facet.index.CategoryContainerTestBase,0.00,6,2,3,0,6,1,0,2,100,1
"org.apache.lucene.facet.index.attributes.CategoryProperty",1,0.00,1.00,2,0.01,88.08,1,0,2,1,22,126.37,39,4,22,2,144.46,0.00,0.50,0.00,0,1.00,1,44.04,0,0,1,,0.00,0,1,1,0,0,1,0,3,15,1
"org.apache.lucene.facet.index.attributes.OrdinalProperty",7,1.00,1.29,21,0.17,3337.04,8,1,0,8,6,152.67,25,34,5,1,132.05,0.00,0.00,0.14,0,12.00,3,509.74,0,0,1,java.lang.Object,0.00,1,0,9,0,1,7,1,2,131,1
"org.apache.solr.BaseDistributedSearchTestCase",33,0.01,3.00,345,4.75,312960.75,57,24,20,109,19,152.13,56,386,7,3,102.13,2.50,0.25,0.05,16,471.00,16,14237.01,2,15,12,org.apache.solr.SolrTestCaseJ4,0.07,76,2,99,5,76,18,0,29,2652,2
"org.apache.solr.BaseDistributedSearchTestCase$RandDate",1,0.00,1.00,6,0.07,1176.00,2,1,20,4,1,117.79,0,9,0,2,117.79,0.00,0.50,1.00,0,0.00,1,196.89,0,1,1,org.apache.solr.RandVal,0.00,3,1,1,0,3,0,0,0,48,2
"org.apache.solr.BaseDistributedSearchTestCase$RandVal",1,0.00,1.00,3,0.02,222.80,1,0,20,1,0,134.71,0,5,0,1,134.71,0.00,0.00,0.00,0,0.00,1,58.19,0,1,0,java.lang.Object,0.00,0,0,1,0,0,0,0,0,18,0
"org.apache.solr.BaseDistributedSearchTestCase$RandVal_0",1,0.00,1.00,3,0.02,222.80,1,0,20,1,0,134.71,0,5,0,1,134.71,0.00,0.00,0.00,0,0.00,1,58.19,0,1,0,java.lang.Object,0.00,0,0,1,0,0,0,0,0,18,0
"org.apache.solr.BaseDistributedSearchTestCase$RandVal_1",1,0.00,1.00,3,0.02,222.80,1,0,20,1,0,134.71,0,5,0,1,134.71,0.00,0.00,0.00,0,0.00,1,58.19,0,1,0,java.lang.Object,0.00,0,0,1,0,0,0,0,0,18,0
"org.apache.solr.BaseDistributedSearchTestCase$RandVal_2",1,0.00,1.00,3,0.02,222.80,1,0,20,1,0,134.71,0,5,0,1,134.71,0.00,0.00,0.00,0,0.00,1,58.19,0,1,0,java.lang.Object,0.00,0,0,1,0,0,0,0,0,18,0
"org.apache.solr.BaseDistributedSearchTestCase$RandVal_3",2,0.50,2.00,11,0.07,1148.68,4,2,20,4,0,123.04,0,11,0,1,123.04,0.00,0.00,0.25,1,2.00,3,213.09,0,2,0,java.lang.Object,0.00,2,0,4,0,2,0,0,0,56,3
"org.apache.solr.BaseDistributedSearchTestCase$Thread",1,0.00,4.00,13,0.14,4176.98,1,0,20,5,3,100.62,0,16,0,1,100.62,0.00,0.00,0.00,0,0.00,4,420.53,0,0,3,java.lang.Object,0.00,4,0,4,0,4,1,0,0,81,0
"org.apache.solr.BasicFunctionalityTest",25,0.00,1.20,304,5.11,188515.02,25,0,32,115,25,120.78,75,512,0,3,100.17,0.00,0.67,0.00,0,138.00,2,15320.65,13,2,25,org.apache.solr.SolrTestCaseJ4,0.00,90,2,30,0,90,23,0,45,2707,1
"org.apache.solr.BasicFunctionalityTest$RequestHandlerBase",5,0.00,1.00,11,0.08,840.12,5,0,32,6,2,142.25,0,14,0,1,142.25,0.00,0.00,0.00,0,5.00,1,226.16,0,4,2,java.lang.Object,0.00,1,0,5,0,1,1,0,0,66,0
"org.apache.solr.CollectionTester",15,0.02,4.40,188,2.53,188040.08,23,8,3,54,2,98.13,8,224,1,1,98.13,0.00,0.00,0.14,10,71.00,24,7592.86,0,4,2,java.lang.Object,0.00,39,0,66,0,39,11,0,8,1369,0
"org.apache.solr.ConvertedLegacyTest",2,0.00,1.00,542,10.34,626789.18,2,0,4,6,3,44.23,70,1127,0,3,36.96,0.00,0.67,0.00,0,2.00,1,31029.03,7,0,3,org.apache.solr.SolrTestCaseJ4,0.00,4,2,2,0,4,2,0,65,3489,1
"org.apache.solr.DisMaxRequestHandlerTest",6,0.00,1.00,37,0.89,18844.45,6,0,3,15,1,164.43,6,169,0,3,114.43,0.00,0.67,0.00,1,6.00,1,2659.99,5,0,1,org.apache.solr.SolrTestCaseJ4,0.00,9,2,6,0,9,6,0,4,479,1
"org.apache.solr.EchoParamsTest",6,0.40,1.00,30,0.33,4359.22,7,1,2,9,1,122.40,2,45,0,3,122.40,0.00,0.67,0.67,4,0.00,1,997.63,3,0,1,org.apache.solr.SolrTestCaseJ4,0.00,3,2,6,0,3,6,0,2,228,1
"org.apache.solr.JSONTestUtil",6,0.60,1.83,26,0.43,16198.60,7,1,3,14,4,103.51,35,35,3,1,121.38,0.00,0.00,0.50,2,6.00,4,1299.09,0,6,2,java.lang.Object,0.00,8,0,11,0,8,0,0,7,276,1
"org.apache.solr.MinimalSchemaTest",4,0.00,1.75,24,0.38,8716.22,4,0,3,14,1,97.68,21,65,0,3,115.56,0.00,0.67,0.00,0,4.00,4,1127.85,5,0,1,org.apache.solr.SolrTestCaseJ4,0.00,10,2,7,0,10,4,0,6,226,1
"org.apache.solr.OutputWriterTest",6,1.00,1.00,40,0.52,11058.38,7,1,10,14,7,156.14,13,52,0,3,116.26,0.00,0.67,0.17,0,0.00,1,1549.33,3,0,7,org.apache.solr.SolrTestCaseJ4,0.00,8,2,6,0,8,6,0,10,338,1
"org.apache.solr.OutputWriterTest$UselessOutputWriter",4,0.00,1.00,7,0.06,471.75,4,0,10,5,4,154.69,0,11,0,1,154.69,0.00,0.00,0.00,0,8.00,1,166.32,0,1,4,java.lang.Object,0.00,1,0,4,0,1,3,1,0,49,2
"org.apache.solr.SampleTest",3,0.00,1.00,22,0.35,5756.65,3,0,4,8,2,65.52,26,55,0,3,113.62,0.00,0.67,0.00,0,1.00,1,1043.06,7,0,2,org.apache.solr.SolrTestCaseJ4,0.00,5,2,3,0,5,3,0,9,195,1
"org.apache.solr.SolrInfoMBeanTest",3,0.00,4.33,50,0.88,58358.28,3,0,13,38,8,92.21,14,65,0,3,91.97,0.00,0.67,0.00,1,4.00,7,2648.29,1,1,8,org.apache.solr.SolrTestCaseJ4,0.00,35,2,13,0,35,2,0,9,453,1
"org.apache.solr.SolrJettyTestBase",5,0.19,2.00,40,0.41,11980.77,9,4,6,19,10,150.43,13,54,4,3,110.54,9.00,0.10,0.40,0,1.00,3,1223.70,2,4,6,org.apache.solr.SolrTestCaseJ4,0.00,14,2,10,18,14,1,0,8,254,2
"org.apache.solr.SolrTestCaseJ4",56,0.02,2.46,413,5.89,291962.50,71,15,48,185,122,130.61,177,544,101,2,110.00,158.00,0.01,0.05,27,892.00,10,17666.08,2,26,21,org.apache.lucene.util.LuceneTestCase,0.00,129,1,138,158,129,30,0,65,3350,2
"org.apache.solr.SolrTestCaseJ4$Comparator<Doc>",1,0.00,1.00,3,0.03,564.84,1,0,48,1,0,131.53,0,4,0,1,131.53,0.00,0.00,0.00,0,1.00,1,101.70,0,0,0,java.lang.Object,0.00,0,0,1,0,0,1,0,0,28,0
"org.apache.solr.SolrTestCaseJ4$Comparator<Doc>_0",2,0.00,10.00,28,0.39,20250.60,2,0,48,4,0,96.18,1,35,0,1,96.18,0.00,0.00,0.00,0,2.00,10,1182.91,0,1,0,java.lang.Object,0.00,2,0,20,0,2,1,0,1,243,0
"org.apache.solr.SolrTestCaseJ4$Comparator<Doc>_1",1,0.00,3.00,8,0.08,3743.11,1,0,48,2,0,108.92,0,9,0,1,108.92,0.00,0.00,0.00,0,1.00,3,251.84,0,0,0,java.lang.Object,0.00,1,0,3,0,1,1,0,0,57,0
"org.apache.solr.SolrTestCaseJ4$Doc",7,0.17,2.00,34,0.48,16376.79,10,3,48,20,2,121.85,1,46,0,1,121.85,0.00,0.00,0.19,2,18.00,3,1443.44,0,4,2,java.lang.Object,0.00,13,0,14,0,13,3,1,1,314,2
"org.apache.solr.SolrTestCaseJ4$FVal",3,0.25,1.33,11,0.09,1836.28,5,2,48,4,0,131.19,0,16,0,2,131.19,0.00,0.50,0.33,1,4.00,2,276.27,0,1,0,org.apache.solr.Vals,0.00,1,1,4,0,1,2,0,0,75,2
"org.apache.solr.SolrTestCaseJ4$Fld",1,0.00,2.00,5,0.08,1553.12,3,2,48,5,0,119.64,0,8,0,1,119.64,0.00,0.00,1.00,0,0.00,2,231.61,0,1,0,java.lang.Object,0.00,4,0,2,0,4,0,0,0,55,2
"org.apache.solr.SolrTestCaseJ4$FldType",5,0.25,1.60,29,0.25,7093.17,8,3,48,9,0,120.00,0,32,0,1,120.00,0.00,0.00,0.13,1,14.00,3,749.16,0,3,0,java.lang.Object,0.00,4,0,8,0,4,2,0,0,177,1
"org.apache.solr.SolrTestCaseJ4$IRange",3,0.25,1.00,10,0.07,1037.76,5,2,48,4,0,133.21,0,16,0,2,133.21,0.00,0.50,0.33,1,4.00,1,220.19,0,1,0,org.apache.solr.IVals,0.00,1,1,3,0,1,2,0,0,63,2
"org.apache.solr.SolrTestCaseJ4$IVals",1,0.00,1.00,2,0.01,103.02,1,0,48,1,0,143.92,0,3,0,2,143.92,0.00,0.50,0.00,0,1.00,1,39.51,0,0,0,org.apache.solr.Vals,0.00,0,1,1,0,0,1,0,0,14,3
"org.apache.solr.SolrTestCaseJ4$SVal",3,0.12,1.33,20,0.17,4255.35,7,4,48,5,0,117.09,0,23,0,2,117.09,0.00,0.50,0.33,0,4.00,2,519.77,0,1,0,org.apache.solr.Vals,0.00,2,1,4,0,2,2,0,0,124,2
"org.apache.solr.SolrTestCaseJ4$Vals",3,0.00,1.33,6,0.07,1649.28,3,0,48,5,0,138.13,0,9,0,1,138.13,0.00,0.00,0.00,0,3.00,2,196.21,0,2,0,java.lang.Object,0.00,2,0,4,0,2,1,0,0,54,3
"org.apache.solr.SolrTestCaseJ4$XmlDoc",1,0.00,1.00,4,0.02,212.03,2,1,48,1,0,130.22,0,5,0,1,130.22,0.00,0.00,1.00,0,0.00,1,66.54,0,1,0,java.lang.Object,0.00,0,0,1,0,0,0,0,0,21,2
"org.apache.solr.TestDistributedGrouping",2,0.71,3.50,100,3.26,395738.16,9,7,3,8,4,17.52,16,134,0,4,65.63,0.00,0.75,0.50,1,2.00,5,9783.43,6,0,4,org.apache.solr.BaseDistributedSearchTestCase,0.04,6,3,7,0,6,2,0,10,1341,1
"org.apache.solr.TestDistributedSearch",1,9.00,10.00,132,3.33,418669.66,17,16,0,7,1,10.23,56,180,0,4,47.10,0.00,0.75,0.44,0,0.00,10,9998.19,6,0,1,org.apache.solr.BaseDistributedSearchTestCase,0.04,6,3,10,0,6,1,0,38,1318,1
"org.apache.solr.TestGroupingSearch",20,0.12,3.10,343,8.69,882707.57,25,5,10,73,6,108.88,78,626,0,3,88.26,0.00,0.67,0.09,3,80.00,32,26055.74,17,4,6,org.apache.solr.SolrTestCaseJ4,0.00,53,2,62,0,53,16,0,67,4047,1
"org.apache.solr.TestGroupingSearch$Comparator<Grp>",1,0.00,1.00,5,0.05,847.41,1,0,10,2,0,171.87,1,6,0,1,121.87,0.00,0.00,0.00,0,1.00,1,146.36,0,0,0,java.lang.Object,0.00,1,0,1,0,1,1,0,1,38,0
"org.apache.solr.TestGroupingSearch$Comparator<Grp>_0",1,0.00,1.00,5,0.06,1112.17,1,0,10,4,0,170.94,1,6,0,1,120.94,0.00,0.00,0.00,0,1.00,1,185.32,0,0,0,java.lang.Object,0.00,3,0,1,0,3,1,0,1,46,0
"org.apache.solr.TestGroupingSearch$Grp",2,0.67,1.50,10,0.13,2698.57,5,3,10,5,0,120.18,1,14,0,1,120.18,0.00,0.00,0.67,0,0.00,2,385.28,0,1,0,java.lang.Object,0.00,3,0,3,0,3,1,0,1,89,2
"org.apache.solr.TestPluginEnable",3,0.00,1.00,8,0.07,757.48,3,0,2,7,2,180.74,6,14,0,3,140.85,0.00,0.67,0.00,0,4.00,1,204.59,0,2,2,org.apache.solr.util.AbstractSolrTestCase,0.17,4,2,3,0,4,1,0,1,57,1
"org.apache.solr.TestSolrCoreProperties",10,0.05,1.10,65,0.77,17011.51,17,7,21,44,8,166.51,10,79,0,2,116.51,0.00,0.50,0.19,4,50.00,2,2322.50,2,5,8,org.apache.lucene.util.LuceneTestCase,0.00,34,1,11,0,34,5,0,2,472,1
"org.apache.solr.TestTrie",13,0.00,2.31,173,3.38,188229.26,13,0,11,25,6,136.38,26,197,0,3,96.49,0.00,0.67,0.00,3,24.00,6,10136.66,8,0,6,org.apache.solr.SolrTestCaseJ4,0.04,12,2,30,0,12,13,0,21,1717,1
"org.apache.lucene.benchmark.utils.ExtractReuters",5,0.04,3.40,72,0.98,52435.45,11,6,8,36,1,116.92,19,86,1,1,96.30,0.00,0.00,0.20,2,11.00,8,2952.11,0,0,0,java.lang.Object,0.00,31,0,17,0,31,5,0,12,536,1
"org.apache.lucene.benchmark.utils.ExtractReuters$FileFilter",1,0.00,1.00,3,0.02,227.68,1,0,8,3,0,134.64,0,4,0,1,134.64,0.00,0.00,0.00,0,1.00,1,70.91,0,0,0,java.lang.Object,0.00,2,0,1,0,2,1,0,0,21,0
"org.apache.lucene.benchmark.utils.ExtractWikipedia",6,0.15,3.00,86,1.17,55182.14,10,4,8,34,5,96.78,4,101,1,1,96.78,0.00,0.00,0.12,3,14.00,6,3522.10,0,1,4,java.lang.Object,0.00,28,0,18,0,28,5,0,2,654,1
"org.apache.lucene.spatial.tier.projections.CartesianTierPlotter",12,0.05,1.08,48,0.55,11052.10,20,8,0,23,3,125.42,50,64,2,1,125.18,0.00,0.00,0.08,5,62.00,2,1636.59,0,2,1,java.lang.Object,0.00,11,0,13,0,11,10,0,12,381,1
"org.apache.lucene.spatial.tier.projections.Deprecated",2,0.00,1.00,9,0.09,2597.96,2,0,0,4,1,91.80,13,12,0,1,124.02,0.00,0.00,0.00,0,2.00,1,284.61,0,1,1,java.lang.Object,0.00,2,0,2,0,2,1,1,1,71,1
"org.apache.lucene.spatial.tier.projections.IProjector",2,0.00,1.00,3,0.02,150.60,2,0,0,2,3,196.11,5,4,3,1,156.22,0.00,0.00,0.00,0,2.00,1,65.00,0,1,0,,0.00,0,0,2,0,0,1,0,1,23,1
"org.apache.lucene.spatial.tier.projections.SinusoidalProjectorTest",1,0.00,1.00,3,0.03,376.22,1,0,2,2,0,176.86,22,6,0,2,132.92,0.00,0.50,0.00,0,1.00,1,80.23,0,0,0,org.apache.lucene.util.LuceneTestCase,0.00,1,1,1,0,1,1,0,3,23,1
"org.apache.lucene.facet.taxonomy.CategoryPath",42,0.28,4.05,544,5.92,521919.36,45,3,4,59,84,48.18,403,595,84,1,98.18,0.00,0.00,0.61,7,0.00,9,17766.79,0,7,0,java.lang.Object,0.00,17,0,170,0,17,35,3,94,3560,1
"org.apache.lucene.facet.taxonomy.InconsistentTaxonomyException",2,0.00,1.00,5,0.02,142.21,2,0,0,2,4,115.81,26,8,4,2,145.19,0.00,0.50,0.00,0,2.00,1,63.60,0,0,0,java.lang.Exception,0.00,0,1,2,0,0,2,0,2,23,1
"org.apache.lucene.facet.taxonomy.TaxonomyReader",12,2.00,1.00,16,0.13,1232.50,14,2,3,12,66,173.29,226,17,64,2,155.16,0.00,0.50,0.00,0,12.00,1,395.37,0,2,2,,0.00,0,1,12,0,0,10,0,17,122,1
"org.apache.lucene.facet.taxonomy.TaxonomyReader$ChildrenArrays",2,0.00,1.00,3,0.01,85.26,2,0,3,2,0,115.88,14,4,0,1,158.17,0.00,0.00,0.00,0,2.00,1,42.63,0,0,0,,0.00,0,0,2,0,0,2,0,2,17,2
"org.apache.lucene.facet.taxonomy.TaxonomyWriter",3,0.00,1.00,4,0.03,181.28,3,0,3,3,35,194.01,90,5,33,3,156.97,0.00,0.67,0.00,0,3.00,1,86.79,0,0,2,,0.00,0,2,3,0,0,3,0,5,30,1
"org.apache.lucene.facet.taxonomy.TestCategoryPath",31,0.00,1.65,636,8.91,660565.20,31,0,8,80,1,88.50,127,701,0,2,88.27,0.00,0.50,0.00,0,31.00,7,26741.98,0,0,1,org.apache.lucene.util.LuceneTestCase,0.00,49,1,51,0,49,31,0,112,5175,1
"org.apache.lucene.facet.taxonomy.TestCategoryPath$CS",4,1.00,1.00,11,0.10,1569.64,5,1,8,6,0,139.35,1,16,0,1,139.35,0.00,0.00,0.00,0,4.00,1,308.95,0,1,0,java.lang.Object,0.00,2,0,4,0,2,3,1,1,83,2
"org.apache.lucene.facet.taxonomy.TestTaxonomyCombined",29,0.19,3.21,579,8.14,518580.02,32,3,15,83,9,41.07,307,692,0,2,89.54,0.00,0.50,0.15,5,203.00,14,24406.88,0,3,9,org.apache.lucene.util.LuceneTestCase,0.00,54,1,93,0,54,26,0,166,4396,1
"org.apache.lucene.facet.taxonomy.TestTaxonomyCombined$Thread",2,0.00,2.00,13,0.25,7350.13,2,0,15,9,0,113.74,0,23,0,1,113.74,0.00,0.00,0.00,1,2.00,3,746.72,0,0,0,java.lang.Object,0.00,7,0,4,0,7,2,0,0,147,0
"org.apache.lucene.queryParser.complexPhrase.ComplexPhraseQueryParser",9,0.04,2.00,57,0.67,19107.24,12,3,21,20,17,97.74,51,93,1,2,115.61,0.00,0.50,0.37,1,0.00,3,2005.08,8,7,16,org.apache.lucene.queryParser.QueryParser,0.00,11,1,18,0,11,2,0,28,427,1
"org.apache.lucene.queryParser.complexPhrase.ComplexPhraseQueryParser$ComplexPhraseQuery",7,0.25,5.14,113,1.72,131624.55,11,4,21,32,13,92.28,29,157,0,2,92.05,0.00,0.50,0.46,1,0.00,12,5159.18,0,2,13,org.apache.lucene.search.Query,0.10,25,1,36,0,25,5,0,29,911,1
"org.apache.lucene.queryParser.complexPhrase.TestComplexPhraseQuery",5,0.30,2.00,66,0.89,28372.71,10,5,13,32,12,120.34,18,78,0,2,99.73,0.00,0.50,0.44,2,0.00,4,2669.20,2,0,12,org.apache.lucene.util.LuceneTestCase,0.00,27,1,10,0,27,5,0,18,494,1
"org.apache.lucene.queryParser.complexPhrase.TestComplexPhraseQuery$DocData",1,2.00,1.00,7,0.04,592.22,3,2,13,1,0,117.64,0,9,0,1,117.64,0.00,0.00,0.00,0,1.00,1,121.45,0,0,0,java.lang.Object,0.00,0,0,1,0,0,1,0,0,36,1
"org.apache.lucene.facet.index.categorypolicy.DefaultOrdinalPolicy",2,0.00,1.00,4,0.03,272.04,2,0,2,2,6,122.83,29,6,3,1,142.97,0.00,0.00,0.00,0,2.00,1,86.97,0,0,3,java.lang.Object,0.00,0,0,2,0,0,2,1,4,27,1
"org.apache.lucene.facet.index.categorypolicy.DefaultPathPolicy",1,0.00,1.00,3,0.02,257.67,1,0,2,2,6,183.70,26,5,3,1,134.22,0.00,0.00,0.00,0,1.00,1,71.02,0,0,3,java.lang.Object,0.00,1,0,1,0,1,1,1,3,21,1
"org.apache.lucene.facet.index.categorypolicy.NonTopLevelOrdinalPolicy",3,1.00,2.00,13,0.11,1807.43,4,1,2,4,6,97.11,39,21,3,1,126.49,0.00,0.00,0.00,0,3.00,4,318.29,0,0,3,java.lang.Object,0.00,1,0,6,0,1,3,1,6,79,1
"org.apache.lucene.facet.index.categorypolicy.NonTopLevelPathPolicy",1,0.00,1.00,4,0.04,402.32,2,1,2,2,6,169.51,29,6,3,1,128.03,0.00,0.00,1.00,0,0.00,1,105.70,0,0,3,java.lang.Object,0.00,1,0,1,0,1,1,1,4,29,1
"org.apache.lucene.facet.index.categorypolicy.OrdinalPolicy",2,0.00,1.00,3,0.02,127.02,2,0,3,2,10,196.10,42,4,8,2,156.80,0.00,0.50,0.00,0,2.00,1,63.51,0,0,2,,0.00,0,1,2,0,0,2,0,4,22,1
"org.apache.lucene.facet.index.categorypolicy.OrdinalPolicyTest",2,0.00,4.00,52,0.70,40346.49,2,0,10,17,8,34.00,19,54,0,2,84.00,0.00,0.50,0.00,0,2.00,6,2114.72,0,0,8,org.apache.lucene.util.LuceneTestCase,0.00,15,1,8,0,15,2,0,4,365,1
"org.apache.lucene.facet.index.categorypolicy.PathPolicy",1,0.00,1.00,2,0.01,79.02,1,0,3,1,10,158.61,34,3,8,2,144.83,0.00,0.50,0.00,0,1.00,1,39.51,0,0,2,,0.00,0,1,1,0,0,1,0,3,14,1
"org.apache.lucene.facet.index.categorypolicy.PathPolicyTest",2,0.00,4.50,60,0.79,46067.74,2,0,9,17,7,31.20,18,59,0,2,81.20,0.00,0.50,0.00,0,2.00,6,2358.54,0,0,7,org.apache.lucene.util.LuceneTestCase,0.00,15,1,9,0,15,2,0,3,413,1
"org.apache.lucene.queryParser.standard.parser.EscapeQuerySyntaxImpl",8,0.05,5.50,146,2.02,195171.83,14,6,5,28,12,57.01,54,180,8,1,89.23,0.00,0.00,0.12,2,34.00,12,6068.94,0,7,4,java.lang.Object,0.00,20,0,44,0,20,1,1,28,1112,1
"org.apache.lucene.queryParser.standard.parser.JavaCharStream",39,0.10,2.18,267,3.57,243220.54,57,18,0,47,2,161.91,49,479,2,1,111.91,0.00,0.00,0.15,9,189.00,15,10717.33,0,1,0,java.lang.Object,0.00,8,0,85,0,8,38,0,38,2144,1
"org.apache.lucene.queryParser.standard.parser.ParseException",5,5.00,3.00,88,1.12,86343.00,10,5,4,15,6,62.10,69,105,3,4,91.48,0.00,0.75,0.00,0,5.00,9,3348.03,0,2,3,org.apache.lucene.queryParser.core.QueryNodeParseException,0.00,10,3,15,0,10,3,0,11,593,1
"org.apache.lucene.queryParser.standard.parser.StandardSyntaxParser",33,0.10,5.91,587,7.78,826761.97,56,23,27,82,31,129.94,84,715,5,1,90.05,0.00,0.00,0.14,10,0.00,50,23352.25,0,10,26,java.lang.Object,0.00,49,0,195,0,49,23,2,75,4026,1
"org.apache.lucene.queryParser.standard.parser.StandardSyntaxParser$JJCalls",0,0.00,0.00,5,0.03,253.51,4,4,27,0,1,171.00,0,6,0,1,171.00,0.00,0.00,0.00,0,0.00,0,78.87,0,0,1,java.lang.Object,0.00,0,0,0,0,0,0,0,0,22,2
"org.apache.lucene.queryParser.standard.parser.StandardSyntaxParser$LookaheadSuccess",0,0.00,0.00,1,0.01,145.30,0,0,27,0,0,171.00,0,1,0,2,171.00,0.00,0.50,0.00,0,0.00,0,41.51,0,0,0,java.lang.Error,0.00,0,1,0,0,0,0,0,0,12,3
"org.apache.lucene.queryParser.standard.parser.StandardSyntaxParserConstants",0,0.00,0.00,36,0.55,6890.24,35,35,0,0,2,171.00,39,69,2,1,171.00,0.00,0.00,0.00,0,0.00,0,1655.01,0,0,0,,0.00,0,0,0,0,0,0,0,36,247,1
"org.apache.lucene.queryParser.standard.parser.StandardSyntaxParserTokenManager",35,0.06,8.54,602,8.72,1269624.56,56,21,27,46,24,88.70,12,1045,1,1,88.70,0.00,0.00,0.11,19,350.00,117,26162.49,0,0,23,java.lang.Object,0.00,11,0,299,0,11,35,1,12,4316,1
"org.apache.lucene.queryParser.standard.parser.SuppressWarnings",6,0.20,1.50,48,0.66,33774.42,11,5,0,14,0,59.58,51,72,0,2,107.69,0.00,0.50,0.03,1,10.00,3,1967.96,1,3,0,java.lang.Error,0.00,8,1,9,0,8,3,0,14,375,1
"org.apache.lucene.queryParser.standard.parser.Token",7,0.12,1.00,24,0.16,1989.42,15,8,0,8,6,83.88,67,38,6,1,133.88,0.00,0.00,0.02,1,12.00,1,468.86,0,4,0,java.lang.Object,0.00,1,0,7,0,1,3,0,15,131,1
"org.apache.lucene.analysis.wikipedia.WikipediaTokenizer",13,0.04,1.92,157,2.55,107178.48,56,43,10,45,13,67.53,82,199,6,4,99.75,0.00,0.75,0.06,5,20.00,7,7643.02,2,0,8,org.apache.lucene.analysis.Tokenizer,0.40,32,3,25,0,32,13,0,32,1295,2
"org.apache.lucene.analysis.wikipedia.WikipediaTokenizerImpl",28,0.04,4.61,515,7.50,473193.60,93,65,1,38,2,48.24,222,714,1,1,90.53,0.00,0.00,0.06,3,354.00,88,22494.74,0,1,2,java.lang.Object,0.00,10,0,129,0,10,27,0,108,3253,0
"org.apache.lucene.analysis.wikipedia.WikipediaTokenizerTest",9,0.88,1.11,67,1.81,61252.82,10,1,11,24,6,159.27,9,134,0,3,109.27,0.00,0.67,0.22,1,19.00,2,5434.63,2,0,6,org.apache.lucene.analysis.BaseTokenStreamTestCase,0.00,15,2,10,0,15,9,0,7,903,1
"org.apache.lucene.analysis.wikipedia.WikipediaTokenizerTest$ReusableAnalyzerBase",1,0.00,1.00,4,0.04,687.53,1,0,11,3,2,126.20,0,6,0,1,126.20,0.00,0.00,0.00,0,1.00,1,120.59,0,0,2,java.lang.Object,0.00,2,0,1,0,2,1,0,0,31,0
"org.apache.lucene.analysis.wikipedia.WikipediaTokenizerTest$ReusableAnalyzerBase_0",1,0.00,1.00,4,0.04,687.53,1,0,11,3,2,126.20,0,6,0,1,126.20,0.00,0.00,0.00,0,1.00,1,120.59,0,0,2,java.lang.Object,0.00,2,0,1,0,2,1,0,0,31,0
"org.apache.lucene.facet.taxonomy.writercache.cl.CharBlockArray",16,0.13,1.69,100,1.04,48461.07,22,6,8,37,4,164.44,23,126,4,1,114.44,0.00,0.00,0.04,3,60.00,4,3122.67,0,8,0,java.lang.Object,0.00,21,0,27,0,21,8,3,3,682,0
"org.apache.lucene.facet.taxonomy.writercache.cl.CharBlockArray$Block",1,3.00,1.00,7,0.06,838.86,4,3,8,1,0,116.45,0,9,0,1,116.45,0.00,0.00,0.00,0,1.00,1,188.58,0,0,0,java.lang.Object,0.00,0,0,1,0,0,1,2,0,46,2
"org.apache.lucene.facet.taxonomy.writercache.cl.Cl2oTaxonomyWriterCache",8,0.43,1.25,23,0.22,4397.08,9,1,2,12,4,138.38,33,33,1,1,138.14,0.00,0.00,0.62,1,0.00,2,662.25,0,0,3,java.lang.Object,0.00,4,0,10,0,4,8,1,8,170,1
"org.apache.lucene.facet.taxonomy.writercache.cl.CollisionMap",15,0.13,2.13,112,1.34,60148.80,21,6,4,21,4,150.81,38,134,1,1,110.93,0.00,0.00,0.04,3,50.00,5,4009.41,0,1,4,java.lang.Object,0.00,6,0,32,0,6,14,0,9,830,1
"org.apache.lucene.facet.taxonomy.writercache.cl.CollisionMap$Entry",1,4.00,1.00,10,0.07,986.62,5,4,4,1,0,110.12,0,12,0,1,110.12,0.00,0.00,0.00,0,1.00,1,203.02,0,0,0,java.lang.Object,0.00,0,0,1,0,0,1,0,0,56,1
"org.apache.lucene.facet.taxonomy.writercache.cl.CollisionMap$EntryIterator",4,0.33,2.00,28,0.28,12629.14,7,3,4,6,0,161.76,4,36,0,1,111.76,0.00,0.00,0.08,0,6.00,3,841.35,0,1,0,java.lang.Object,0.00,2,0,8,0,2,3,1,4,185,1
"org.apache.lucene.facet.taxonomy.writercache.cl.CompactLabelToOrdinal",23,0.08,3.13,272,3.76,252706.31,32,9,10,60,7,82.20,128,330,4,2,100.07,0.00,0.50,0.03,10,96.00,9,11281.06,0,1,4,org.apache.lucene.facet.taxonomy.writercache.cl2o.LabelToOrdinal,0.00,37,1,72,0,37,22,0,76,2130,1
"org.apache.lucene.facet.taxonomy.writercache.cl.CompactLabelToOrdinal$HashArray",1,3.00,1.00,8,0.07,1374.03,4,3,10,1,0,112.60,0,10,0,1,112.60,0.00,0.00,0.00,0,1.00,1,200.93,0,0,0,java.lang.Object,0.00,0,0,1,0,0,1,0,0,54,3
"org.apache.lucene.facet.taxonomy.writercache.cl.LabelToOrdinal",6,2.00,1.00,11,0.09,987.08,8,2,1,6,5,111.26,46,14,4,1,153.55,0.00,0.00,0.00,0,6.00,1,279.84,0,0,1,java.lang.Object,0.00,0,0,6,2,0,6,0,8,81,2
"org.apache.lucene.facet.taxonomy.writercache.cl.TestCharBlockArray",2,0.00,3.50,55,0.68,48984.80,2,0,8,26,1,34.65,16,48,0,2,82.76,0.00,0.50,0.00,1,2.00,5,2040.97,0,0,1,org.apache.lucene.util.LuceneTestCase,0.00,24,1,7,0,24,2,0,1,360,1
"org.apache.lucene.facet.taxonomy.writercache.cl.TestCompactLabelToOrdinal",1,0.00,8.00,48,0.69,73685.08,1,0,8,21,3,78.61,17,49,0,2,69.48,0.00,0.50,0.00,0,1.00,8,2073.62,0,0,3,org.apache.lucene.util.LuceneTestCase,0.00,20,1,8,0,20,1,0,2,337,1
"org.apache.lucene.facet.taxonomy.writercache.cl.TestCompactLabelToOrdinal$LabelToOrdinalMap",5,0.25,1.40,13,0.21,4542.94,6,1,8,10,2,136.40,0,22,0,2,136.40,0.00,0.50,0.80,0,0.00,2,638.93,0,0,2,org.apache.lucene.facet.taxonomy.writercache.cl2o.LabelToOrdinal,0.00,5,1,7,0,5,5,0,0,148,2
"org.apache.lucene.analysis.standard.ClassicAnalyzer",7,0.04,1.14,27,0.31,6078.40,11,4,12,17,11,81.92,58,37,2,4,130.03,0.00,0.75,0.21,0,16.00,2,922.41,0,0,9,org.apache.lucene.analysis.StopwordAnalyzerBase,0.00,10,3,8,0,10,7,0,10,212,2
"org.apache.lucene.analysis.standard.ClassicAnalyzer$TokenStreamComponents",1,0.00,1.00,4,0.05,764.47,1,0,12,2,1,125.84,0,6,0,1,125.84,0.00,0.00,0.00,0,1.00,1,147.28,1,0,1,java.lang.Object,0.00,1,0,1,0,1,1,0,0,36,0
"org.apache.lucene.analysis.standard.ClassicFilter",2,0.50,3.50,25,0.39,24010.30,6,4,4,7,7,80.46,10,33,2,4,98.33,0.00,0.75,0.50,0,2.00,6,1181.01,0,0,5,org.apache.lucene.analysis.TokenFilter,0.29,5,3,7,0,5,2,0,7,221,1
"org.apache.lucene.analysis.standard.ClassicTokenizer",11,0.01,1.55,69,0.91,29769.71,28,17,9,24,14,72.55,79,103,5,4,114.84,0.00,0.75,0.07,1,37.00,6,2737.47,2,0,9,org.apache.lucene.analysis.Tokenizer,0.29,13,3,17,0,13,11,0,21,530,2
"org.apache.lucene.analysis.standard.ClassicTokenizerImpl",24,0.05,2.50,255,3.84,193067.39,66,42,2,33,4,60.44,184,441,2,1,102.73,0.00,0.00,0.07,2,234.00,23,11513.78,0,1,3,java.lang.Object,0.00,9,0,60,0,9,23,1,70,1929,0
"org.apache.lucene.analysis.standard.GenerateJflexTLDMacros",6,0.11,2.50,91,1.48,69620.48,13,7,17,50,1,62.69,36,130,1,1,94.91,0.00,0.00,0.24,3,10.00,4,4437.09,0,2,0,java.lang.Object,0.00,44,0,15,0,44,4,0,5,793,1
"org.apache.lucene.analysis.standard.StandardAnalyzer",7,0.04,1.14,27,0.31,6196.17,11,4,7,17,51,81.86,59,37,43,4,129.96,0.00,0.75,0.21,0,16.00,2,927.32,0,1,9,org.apache.lucene.analysis.StopwordAnalyzerBase,0.00,10,3,8,0,10,6,0,10,213,2
"org.apache.lucene.analysis.standard.StandardAnalyzer$TokenStreamComponents",1,0.00,1.00,4,0.05,764.47,1,0,7,2,1,125.84,0,6,0,1,125.84,0.00,0.00,0.00,0,1.00,1,147.28,1,0,1,java.lang.Object,0.00,1,0,1,0,1,1,0,0,36,0
"org.apache.lucene.analysis.standard.StandardFilter",4,0.07,2.50,32,0.47,23890.71,9,5,6,10,37,147.25,9,45,32,4,107.37,0.00,0.75,0.25,0,4.00,6,1403.15,0,0,5,org.apache.lucene.analysis.TokenFilter,0.25,6,3,10,0,6,4,0,7,275,1
"org.apache.lucene.analysis.standard.StandardTokenizer",11,0.01,1.73,79,1.13,38270.00,33,22,10,26,68,69.17,78,124,61,4,111.46,0.00,0.75,0.05,1,37.00,6,3405.00,2,0,10,org.apache.lucene.analysis.Tokenizer,0.29,15,3,19,0,15,11,0,26,636,2
"org.apache.lucene.analysis.standard.StandardTokenizerImpl",24,0.05,2.42,246,6.19,240767.74,63,39,1,33,3,53.88,199,798,1,1,101.98,0.00,0.00,0.07,2,234.00,21,18560.07,0,1,3,java.lang.Object,0.00,9,0,58,0,9,23,1,72,2605,2
"org.apache.lucene.analysis.standard.StandardTokenizerInterface",5,1.00,1.00,7,0.04,333.84,6,1,3,5,9,124.41,31,8,8,1,156.63,0.00,0.00,0.00,0,5.00,1,132.36,0,0,1,,0.00,0,0,5,0,0,5,0,7,45,1
"org.apache.lucene.analysis.standard.UAX29URLEmailTokenizer",13,0.01,1.38,79,1.24,56318.68,38,25,14,28,18,95.39,73,119,9,4,113.26,0.00,0.75,0.03,0,41.00,4,3722.10,2,1,10,org.apache.lucene.analysis.Tokenizer,0.27,15,3,18,0,15,12,0,26,713,2
"org.apache.lucene.analysis.standard.UAX29URLEmailTokenizerImpl",24,0.05,2.54,259,30.80,981892.53,66,42,1,33,3,49.06,203,3872,1,1,97.17,0.00,0.00,0.07,2,234.00,24,92409.20,0,1,3,java.lang.Object,0.00,9,0,61,0,9,23,1,73,8798,2
"org.apache.lucene.util.junitcompat.SorePoint",0,0.00,0.00,2,0.01,57.08,0,0,0,0,3,171.00,21,9,3,1,171.00,0.00,0.00,0.00,0,0.00,0,38.05,0,0,0,java.lang.Object,0.00,0,0,0,0,0,0,0,3,11,1
"org.apache.lucene.util.junitcompat.SoreType",0,0.00,0.00,2,0.01,29.48,0,0,0,0,2,171.00,16,5,2,1,171.00,0.00,0.00,0.00,0,0.00,0,19.65,0,0,0,java.lang.Object,0.00,0,0,0,0,0,0,0,1,7,1
"org.apache.lucene.util.junitcompat.TestExceptionInBeforeClassHooks",4,0.00,1.50,28,0.44,10660.23,4,0,11,22,1,112.41,0,39,0,2,112.41,0.00,0.50,0.00,0,4.00,3,1334.93,0,0,1,org.apache.lucene.util.junitcompat.WithNestedTests,0.00,18,1,6,0,18,4,0,0,271,1
"org.apache.lucene.util.junitcompat.TestExceptionInBeforeClassHooks$Nested1",2,0.00,1.00,6,0.05,735.28,2,0,11,5,0,133.00,0,9,0,2,133.00,0.00,0.50,0.00,0,2.00,1,142.33,0,0,0,WithNestedTests.AbstractNestedTest,0.00,3,1,2,0,3,2,0,0,39,2
"org.apache.lucene.util.junitcompat.TestExceptionInBeforeClassHooks$Nested1$Thread",1,0.00,1.00,3,0.01,121.62,1,0,11,2,0,136.78,0,4,0,1,136.78,0.00,0.00,0.00,0,1.00,1,44.54,0,0,0,java.lang.Object,0.00,1,0,1,0,1,1,0,0,15,0
"org.apache.lucene.util.junitcompat.TestExceptionInBeforeClassHooks$Nested2",3,0.00,1.00,13,0.09,1128.51,3,0,11,6,0,128.26,0,17,0,2,128.26,0.00,0.50,0.00,0,3.00,1,259.51,0,0,0,org.apache.lucene.util.LuceneTestCase,0.00,3,1,3,0,3,3,0,0,70,2
"org.apache.lucene.util.junitcompat.TestExceptionInBeforeClassHooks$Nested2$Thread_0",1,0.00,1.00,3,0.01,121.62,1,0,11,2,0,136.78,0,4,0,1,136.78,0.00,0.00,0.00,0,1.00,1,44.54,0,0,0,java.lang.Object,0.00,1,0,1,0,1,1,0,0,15,0
"org.apache.lucene.util.junitcompat.TestExceptionInBeforeClassHooks$Nested2$Thread_1",1,0.00,1.00,3,0.01,121.62,1,0,11,2,0,136.78,0,4,0,1,136.78,0.00,0.00,0.00,0,1.00,1,44.54,0,0,0,java.lang.Object,0.00,1,0,1,0,1,1,0,0,15,0
"org.apache.lucene.util.junitcompat.TestExceptionInBeforeClassHooks$Nested2$Thread_2",1,0.00,1.00,3,0.01,121.62,1,0,11,2,0,136.78,0,4,0,1,136.78,0.00,0.00,0.00,0,1.00,1,44.54,0,0,0,java.lang.Object,0.00,1,0,1,0,1,1,0,0,15,0
"org.apache.lucene.util.junitcompat.TestExceptionInBeforeClassHooks$Nested3",2,0.00,1.00,6,0.05,652.89,2,0,11,5,0,133.41,0,11,0,2,133.41,0.00,0.50,0.00,0,2.00,1,144.18,0,0,0,WithNestedTests.AbstractNestedTest,0.00,3,1,2,0,3,2,0,0,40,2
"org.apache.lucene.util.junitcompat.TestExceptionInBeforeClassHooks$Nested3$Thread_3",1,0.00,1.00,3,0.01,121.62,1,0,11,2,0,136.78,0,4,0,1,136.78,0.00,0.00,0.00,0,1.00,1,44.54,0,0,0,java.lang.Object,0.00,1,0,1,0,1,1,0,0,15,0
"org.apache.lucene.util.junitcompat.TestJUnitRuleOrder",1,1.00,1.00,5,0.04,518.06,2,1,13,1,1,105.68,5,7,0,2,123.55,0.00,0.50,0.00,0,1.00,1,114.46,0,0,1,org.apache.lucene.util.junitcompat.WithNestedTests,0.00,0,1,1,0,0,1,0,1,31,1
"org.apache.lucene.util.junitcompat.TestJUnitRuleOrder$Nested",6,0.00,1.00,15,0.16,2206.02,6,0,13,11,0,139.57,1,30,0,2,139.57,0.00,0.50,0.00,0,0.00,1,469.93,0,0,0,WithNestedTests.AbstractNestedTest,0.00,5,1,6,0,5,6,0,1,121,2
"org.apache.lucene.util.junitcompat.TestJUnitRuleOrder$Nested$TestRule",1,0.00,1.00,3,0.02,161.45,1,0,13,2,0,185.81,1,4,0,1,135.81,0.00,0.00,0.00,0,1.00,1,49.51,0,1,0,java.lang.Object,0.00,1,0,1,0,1,0,0,1,16,0
"org.apache.lucene.util.junitcompat.TestJUnitRuleOrder$Nested$TestRule$Statement",1,0.00,1.00,5,0.03,388.93,1,0,13,2,0,124.53,0,6,0,1,124.53,0.00,0.00,0.00,0,0.00,1,99.38,0,0,0,java.lang.Object,0.00,1,0,1,0,1,1,0,0,28,0
"org.apache.lucene.util.junitcompat.TestReproduceMessage",0,0.00,0.00,4,0.03,285.55,2,2,14,0,3,171.00,3,5,0,2,171.00,0.00,0.50,0.00,0,0.00,0,95.18,0,0,3,org.apache.lucene.util.junitcompat.WithNestedTests,0.00,0,1,0,0,0,0,0,1,25,1
"org.apache.lucene.util.junitcompat.TestReproduceMessage$Nested",30,0.00,1.20,125,1.67,25368.20,30,0,14,41,2,125.45,13,193,0,2,125.45,0.00,0.50,0.00,2,0.00,3,4997.71,0,1,2,org.apache.lucene.util.junitcompat.AbstractNestedTest,0.00,11,1,36,0,11,29,0,7,1094,2
"org.apache.lucene.util.junitcompat.TestReproduceMessage$Nested$TestRule",1,0.00,1.00,3,0.02,161.45,1,0,14,2,0,185.81,1,4,0,1,135.81,0.00,0.00,0.00,0,1.00,1,49.51,0,1,0,java.lang.Object,0.00,1,0,1,0,1,0,0,1,16,0
"org.apache.lucene.util.junitcompat.TestReproduceMessage$Nested$TestRule$Statement",1,0.00,2.00,5,0.03,365.82,1,0,14,4,1,124.58,0,7,0,1,124.58,0.00,0.00,0.00,0,1.00,2,97.86,0,0,1,java.lang.Object,0.00,3,0,2,0,3,1,0,0,27,0
"org.apache.lucene.util.junitcompat.TestSeedFromUncaught",2,0.00,1.00,10,0.13,2158.44,2,0,5,7,1,121.28,8,15,0,2,121.04,0.00,0.50,0.00,0,2.00,1,380.74,2,0,1,org.apache.lucene.util.junitcompat.WithNestedTests,0.00,5,1,2,0,5,2,0,3,85,1
"org.apache.lucene.util.junitcompat.TestSeedFromUncaught$ThrowInUncaught",1,0.00,1.00,5,0.04,577.13,1,0,5,4,0,123.18,0,8,0,2,123.18,0.00,0.50,0.00,0,1.00,1,115.65,0,0,0,org.apache.lucene.util.junitcompat.AbstractNestedTest,0.00,3,1,1,0,3,1,0,0,31,2
"org.apache.lucene.util.junitcompat.TestSeedFromUncaught$ThrowInUncaught$Thread",1,0.00,1.00,3,0.02,222.80,1,0,5,2,0,134.71,0,5,0,1,134.71,0.00,0.00,0.00,0,1.00,1,58.19,0,0,0,java.lang.Object,0.00,1,0,1,0,1,1,0,0,18,0
"org.apache.lucene.util.junitcompat.TestSetupTeardownChaining",3,0.00,1.00,15,0.20,2842.56,3,0,6,11,1,142.10,10,25,0,2,121.49,0.00,0.50,0.00,0,3.00,1,613.56,0,0,1,org.apache.lucene.util.junitcompat.WithNestedTests,0.00,8,1,3,0,8,3,0,3,136,1
"org.apache.lucene.util.junitcompat.TestSetupTeardownChaining$NestedSetupChain",2,0.00,1.00,3,0.02,208.08,2,0,6,2,0,155.11,1,8,0,2,155.11,0.00,0.50,0.00,0,2.00,1,73.81,0,0,0,org.apache.lucene.util.junitcompat.AbstractNestedTest,0.00,0,1,2,0,0,2,0,1,25,2
"org.apache.lucene.util.junitcompat.TestSetupTeardownChaining$NestedTeardownChain",2,0.00,1.00,3,0.02,208.08,2,0,6,2,0,155.11,1,8,0,2,155.11,0.00,0.50,0.00,0,2.00,1,73.81,0,0,0,org.apache.lucene.util.junitcompat.AbstractNestedTest,0.00,0,1,2,0,0,2,0,1,25,2
"org.apache.lucene.util.junitcompat.TestSystemPropertiesInvariantRule",4,0.17,1.25,30,0.47,8162.49,6,2,6,16,0,113.36,0,42,0,1,113.36,0.00,0.00,0.38,0,0.00,2,1410.39,0,0,0,java.lang.Object,0.00,12,0,5,0,12,4,0,0,296,1
"org.apache.lucene.util.junitcompat.TestSystemPropertiesInvariantRule$Base",1,0.00,1.00,2,0.01,66.54,1,0,6,1,0,145.41,0,3,0,2,145.41,0.00,0.50,0.00,0,1.00,1,31.26,0,0,0,org.apache.lucene.util.LuceneTestCase,0.00,0,1,1,0,0,1,0,0,12,2
"org.apache.lucene.util.junitcompat.TestSystemPropertiesInvariantRule$InAfterClass",1,0.00,1.00,3,0.03,292.80,1,0,6,2,0,133.78,0,6,0,2,133.78,0.00,0.50,0.00,0,0.00,1,80.57,0,0,0,org.apache.lucene.util.junitcompat.Base,0.00,1,1,1,0,1,1,0,0,23,2
"org.apache.lucene.util.junitcompat.TestSystemPropertiesInvariantRule$InBeforeClass",1,0.00,1.00,3,0.03,292.80,1,0,6,2,0,133.78,0,6,0,2,133.78,0.00,0.50,0.00,0,0.00,1,80.57,0,0,0,org.apache.lucene.util.junitcompat.Base,0.00,1,1,1,0,1,1,0,0,23,2
"org.apache.lucene.util.junitcompat.TestSystemPropertiesInvariantRule$InTestMethod",2,0.00,1.50,7,0.05,736.33,2,0,6,5,0,132.90,0,11,0,2,132.90,0.00,0.50,0.00,1,2.00,2,161.05,0,0,0,org.apache.lucene.util.junitcompat.Base,0.00,3,1,3,0,3,2,0,0,43,2
"org.apache.lucene.util.junitcompat.TestSystemPropertiesInvariantRule$NonStringProperties",3,0.00,1.33,11,0.12,2448.62,3,0,6,10,0,130.21,0,18,0,2,130.21,0.00,0.50,0.00,1,1.00,2,370.70,0,0,0,org.apache.lucene.util.junitcompat.Base,0.00,7,1,4,0,7,3,0,0,89,2
"org.apache.lucene.util.junitcompat.WithNestedTests",5,0.35,2.00,41,0.43,9812.09,10,5,8,17,5,151.11,12,59,5,1,111.22,0.00,0.00,0.48,0,0.00,3,1283.88,0,2,0,java.lang.Object,0.00,12,0,10,5,12,3,0,1,272,2
"org.apache.lucene.util.junitcompat.WithNestedTests$AbstractNestedTest",2,0.00,1.00,5,0.05,715.95,2,0,8,4,0,139.66,0,9,0,2,139.66,0.00,0.50,0.00,1,2.00,1,150.11,0,0,0,org.apache.lucene.util.LuceneTestCase,0.00,2,1,2,0,2,2,0,0,42,3
"org.apache.lucene.util.junitcompat.WithNestedTests$ThreadLocal<Boolean>",1,0.00,1.00,3,0.02,186.16,1,0,8,1,0,135.33,0,5,0,1,135.33,0.00,0.00,0.00,0,1.00,1,56.19,0,1,0,java.lang.Object,0.00,0,0,1,0,0,0,0,0,18,0
"org.apache.lucene.analysis.it.ItalianAnalyzer",5,0.25,2.20,27,0.46,13244.73,8,3,20,21,17,69.31,51,44,1,4,117.79,0.00,0.75,0.13,0,8.00,4,1387.99,0,1,16,org.apache.lucene.analysis.StopwordAnalyzerBase,0.00,16,3,11,0,16,4,0,8,274,2
"org.apache.lucene.analysis.it.ItalianAnalyzer$DefaultSetHolder",0,0.00,0.00,6,0.07,1211.01,1,1,20,0,3,171.00,2,11,0,1,171.00,0.00,0.00,0.00,0,0.00,0,217.37,0,0,3,java.lang.Object,0.00,0,0,0,0,0,0,0,2,50,2
"org.apache.lucene.analysis.it.ItalianLightStemFilter",2,0.33,2.00,14,0.16,3794.18,5,3,6,8,9,113.74,9,20,3,4,113.50,0.00,0.75,0.50,0,2.00,3,481.98,0,0,6,org.apache.lucene.analysis.TokenFilter,0.29,6,3,4,0,6,2,0,1,107,2
"org.apache.lucene.analysis.it.ItalianLightStemmer",1,0.00,14.00,23,0.50,39068.30,1,0,0,1,1,46.57,56,52,1,1,83.44,0.00,0.00,0.00,0,1.00,14,1488.03,0,0,0,java.lang.Object,0.00,0,0,14,0,0,1,0,4,260,1
"org.apache.lucene.analysis.it.TestItalianAnalyzer",6,0.00,1.00,23,0.27,4267.13,6,0,5,9,4,180.74,9,31,0,3,130.74,0.00,0.67,0.00,0,6.00,1,802.59,3,0,4,org.apache.lucene.analysis.BaseTokenStreamTestCase,0.00,3,2,6,0,3,6,0,8,186,1
"org.apache.lucene.analysis.it.TestItalianLightStemFilter",2,0.00,1.00,7,0.06,584.23,2,0,8,4,5,173.67,5,11,0,3,133.79,0.00,0.67,0.00,0,2.00,1,173.53,1,0,5,org.apache.lucene.analysis.BaseTokenStreamTestCase,0.00,2,2,2,0,2,2,0,3,46,1
"org.apache.lucene.analysis.it.TestItalianLightStemFilter$ReusableAnalyzerBase",1,0.00,1.00,4,0.05,1009.20,1,0,8,4,3,124.89,0,7,0,1,124.89,0.00,0.00,0.00,0,1.00,1,159.62,0,0,3,java.lang.Object,0.00,3,0,1,0,3,1,0,0,38,0
"org.apache.lucene.index.AbstractAllTermDocs",10,0.28,1.50,37,0.30,9233.76,12,2,1,11,4,129.76,7,52,1,1,129.76,0.00,0.00,0.25,1,10.00,3,894.07,0,0,3,java.lang.Object,0.00,1,0,15,2,1,10,1,1,217,2
"org.apache.lucene.index.AllTermDocs",2,1.00,1.00,8,0.07,1133.87,3,1,1,4,3,126.86,0,13,1,2,126.86,0.00,0.50,0.50,0,2.00,1,212.72,0,0,3,org.apache.lucene.index.AbstractAllTermDocs,0.17,2,1,2,0,2,2,0,0,56,0
"org.apache.lucene.index.BalancedSegmentMergePolicy",16,0.01,4.00,227,2.84,287834.58,21,5,3,31,5,134.31,34,253,0,4,94.42,0.00,0.75,0.21,8,64.00,13,8530.48,5,0,5,org.apache.lucene.index.LogByteSizeMergePolicy,0.27,15,3,64,0,15,16,0,24,1552,1
"org.apache.lucene.index.BalancedSegmentMergePolicy$MergePolicyParams",13,0.07,1.00,39,0.23,2680.55,19,6,3,13,1,134.98,0,53,0,1,134.98,0.00,0.00,0.23,0,84.00,1,687.28,0,0,1,java.lang.Object,0.00,0,0,13,0,0,13,0,0,191,2
"org.apache.lucene.index.BufferedDeletes",7,0.32,2.14,52,0.85,29453.49,18,11,8,26,7,111.00,33,71,4,1,110.76,0.00,0.00,0.36,0,0.00,6,2541.84,0,1,3,java.lang.Object,0.00,19,0,15,0,19,6,0,15,503,0
"org.apache.lucene.index.BufferedDeletesStream",16,0.10,3.56,196,2.78,292296.42,23,7,13,69,13,117.51,59,241,2,1,96.89,0.00,0.00,0.23,4,56.00,23,8330.15,0,1,11,java.lang.Object,0.00,53,0,57,0,53,15,0,42,1451,0
"org.apache.lucene.index.BufferedDeletesStream$ApplyDeletesResult",1,3.00,1.00,8,0.07,1209.33,4,3,13,1,1,133.65,3,10,0,1,113.04,0.00,0.00,0.00,0,1.00,1,224.00,0,0,1,java.lang.Object,0.00,0,0,1,0,0,1,0,3,56,2
"org.apache.lucene.index.BufferedDeletesStream$Comparator<SegmentInfo>",1,0.00,3.00,9,0.08,2730.70,1,0,13,2,1,158.09,1,11,0,1,108.09,0.00,0.00,0.00,0,1.00,3,236.78,0,0,1,java.lang.Object,0.00,1,0,3,0,1,1,0,1,55,0
"org.apache.lucene.index.BufferedDeletesStream$QueryAndLimit",1,2.00,1.00,6,0.04,570.78,3,2,13,1,1,120.27,0,8,0,1,120.27,0.00,0.00,0.00,0,1.00,1,130.51,0,0,1,java.lang.Object,0.00,0,0,1,0,0,1,0,0,37,2
"org.apache.lucene.index.BugReproAnalyzer",1,0.00,1.00,3,0.03,292.54,1,0,13,2,12,133.78,0,6,1,2,133.78,0.00,0.50,0.00,0,1.00,1,81.93,0,1,11,org.apache.lucene.analysis.Analyzer,0.00,1,1,1,0,1,0,0,0,23,1
"org.apache.lucene.index.BugReproAnalyzerTokenizer",2,0.78,1.50,22,0.33,9684.58,11,9,13,6,11,103.04,0,28,1,4,103.04,0.00,0.75,0.50,0,2.00,2,989.64,1,0,10,org.apache.lucene.analysis.Tokenizer,0.42,4,3,3,0,4,2,0,0,199,1
"org.apache.lucene.index.BugReproTokenStream",2,0.78,1.50,22,0.33,9684.58,11,9,9,6,7,103.04,0,28,0,3,103.04,0.00,0.67,0.50,0,2.00,2,989.64,1,0,7,org.apache.lucene.analysis.TokenStream,0.60,4,2,3,0,4,2,0,0,199,1
"org.apache.lucene.index.ByteBlockPool",5,0.39,2.20,58,0.85,44068.81,14,9,4,10,7,121.52,19,67,5,1,100.91,0.00,0.00,0.42,1,0.00,4,2549.23,0,0,2,java.lang.Object,0.00,5,0,11,0,5,5,0,19,493,1
"org.apache.lucene.index.ByteBlockPool$Allocator",3,0.00,1.00,4,0.04,271.19,3,0,4,3,0,155.60,0,5,0,1,155.60,0.00,0.00,0.00,0,3.00,1,110.15,0,0,0,java.lang.Object,0.00,0,0,3,0,0,3,0,0,35,2
"org.apache.lucene.index.ByteSliceReader",10,0.25,1.70,78,0.90,46938.52,18,8,3,13,10,160.44,12,94,6,3,110.44,0.00,0.67,0.35,1,0.00,3,2694.50,0,0,4,org.apache.lucene.store.IndexInput,0.55,3,2,17,0,3,10,0,8,545,1
"org.apache.lucene.index.ByteSliceWriter",6,0.40,1.67,38,0.41,12692.31,10,4,0,7,3,115.90,26,49,1,1,115.67,0.00,0.00,0.58,1,0.00,3,1218.91,0,0,2,java.lang.Object,0.00,1,0,10,0,1,6,0,5,269,1
"org.apache.lucene.index.CharBlockPool",3,0.57,1.33,24,0.28,7775.17,10,7,2,7,5,160.37,4,30,3,1,110.37,0.00,0.00,0.52,0,1.00,2,841.52,0,0,2,java.lang.Object,0.00,4,0,4,0,4,3,0,4,180,1
"org.apache.lucene.index.CheckIndex",0,0.00,0.00,4,0.02,204.34,2,2,17,0,13,171.00,16,4,4,1,171.00,0.00,0.00,0.00,0,0.00,0,68.11,0,0,9,java.lang.Object,0.00,0,0,0,0,0,0,0,2,19,1
"org.apache.lucene.index.CheckIndex$Status",13,0.04,11.08,484,9.53,1238935.55,32,19,17,114,19,35.18,156,644,0,1,72.74,0.00,0.00,0.01,3,7.00,64,28579.46,0,6,19,java.lang.Object,0.00,101,0,144,0,101,7,0,65,3963,2
"org.apache.lucene.index.CheckIndex$Status$FieldNormStatus",0,0.00,0.00,3,0.03,266.51,2,2,17,0,0,171.00,2,4,0,1,171.00,0.00,0.00,0.00,0,0.00,0,76.15,0,0,0,java.lang.Object,0.00,0,0,0,0,0,0,0,2,20,3
"org.apache.lucene.index.CheckIndex$Status$MySegmentTermDocs",3,0.50,1.00,9,0.07,842.30,4,1,17,3,3,133.92,0,15,0,2,133.92,0.00,0.50,0.67,0,1.00,1,201.66,1,0,3,org.apache.lucene.index.SegmentTermDocs,0.24,0,1,3,0,0,3,0,0,56,2
"org.apache.lucene.index.CheckIndex$Status$SegmentInfoStatus",0,0.00,0.00,20,0.19,3529.59,19,19,17,0,0,171.00,29,21,0,1,171.00,0.00,0.00,0.00,0,0.00,0,560.25,0,0,0,java.lang.Object,0.00,0,0,0,0,0,0,0,19,106,2
"org.apache.lucene.index.CheckIndex$Status$StoredFieldStatus",0,0.00,0.00,4,0.04,420.00,3,3,17,0,0,171.00,3,5,0,1,171.00,0.00,0.00,0.00,0,0.00,0,108.00,0,0,0,java.lang.Object,0.00,0,0,0,0,0,0,0,3,27,3
"org.apache.lucene.index.CheckIndex$Status$TermIndexStatus",0,0.00,0.00,5,0.05,687.56,4,4,17,0,0,171.00,4,6,0,1,171.00,0.00,0.00,0.00,0,0.00,0,136.00,0,0,0,java.lang.Object,0.00,0,0,0,0,0,0,0,4,34,3
"org.apache.lucene.index.CheckIndex$Status$TermVectorStatus",0,0.00,0.00,4,0.04,420.00,3,3,17,0,0,171.00,3,5,0,1,171.00,0.00,0.00,0.00,0,0.00,0,108.00,0,0,0,java.lang.Object,0.00,0,0,0,0,0,0,0,3,27,3
"org.apache.lucene.index.CoalescedDeletes",5,0.12,1.20,21,0.25,5160.01,7,2,8,15,7,124.77,2,26,2,1,124.77,0.00,0.00,0.40,0,7.00,2,749.41,0,2,5,java.lang.Object,0.00,10,0,6,0,10,3,0,2,172,0
"org.apache.lucene.index.CoalescedDeletes$Iterable<QueryAndLimit>",1,0.00,1.00,3,0.02,165.40,1,0,8,2,0,135.73,0,4,0,1,135.73,0.00,0.00,0.00,0,1.00,1,52.87,0,1,0,java.lang.Object,0.00,1,0,1,0,1,0,0,0,17,0
"org.apache.lucene.index.CoalescedDeletes$Iterable<QueryAndLimit>$Iterator<QueryAndLimit>",3,0.50,1.00,9,0.11,2063.78,4,1,8,10,1,130.86,0,12,0,1,130.86,0.00,0.00,0.67,0,1.00,1,341.17,0,1,1,java.lang.Object,0.00,7,0,3,0,7,2,0,0,84,0
"org.apache.lucene.index.CoalescedDeletes$Iterable<Term>",1,0.00,2.00,7,0.09,3034.68,1,0,8,5,1,111.90,0,8,0,1,111.90,0.00,0.00,0.00,0,0.00,2,268.45,0,1,1,java.lang.Object,0.00,4,0,2,0,4,0,0,0,62,0
"org.apache.lucene.index.CoalescedDeletes$Iterator<Term>",5,0.44,2.60,51,0.49,18551.23,9,4,8,16,1,155.37,5,62,0,1,105.37,0.00,0.00,0.60,2,0.00,4,1465.22,0,0,1,java.lang.Object,0.00,11,0,13,0,11,5,0,5,313,0
"org.apache.lucene.index.CoalescedDeletes$SubIterator",0,0.00,0.00,4,0.03,319.82,3,3,8,0,1,171.00,0,5,0,1,171.00,0.00,0.00,0.00,0,0.00,0,79.95,0,0,1,java.lang.Object,0.00,0,0,0,0,0,0,0,0,21,2
"org.apache.lucene.index.CoalescedDeletes$TermMergeQueue",2,0.00,1.50,9,0.09,2952.29,2,0,8,3,1,123.49,0,14,0,2,123.49,0.00,0.50,0.00,0,2.00,2,284.71,1,0,1,org.apache.lucene.util.PriorityQueue,0.00,1,1,3,0,1,2,0,0,68,2
"org.apache.lucene.index.CompoundFileExtractor",1,0.00,15.00,59,0.92,95526.68,1,0,8,24,6,47.23,5,76,0,1,65.10,0.00,0.00,0.00,0,1.00,15,2753.56,0,0,6,java.lang.Object,0.00,23,0,15,0,23,1,0,3,420,1
"org.apache.lucene.index.CompoundFileReader",16,0.05,1.81,95,1.21,68544.86,21,5,9,41,16,156.08,37,134,8,2,116.19,0.00,0.50,0.25,1,50.00,9,3624.15,0,7,8,org.apache.lucene.store.Directory,0.11,25,1,29,0,25,9,0,22,711,0
"org.apache.lucene.index.CompoundFileReader$CSIndexInput",8,0.14,1.38,35,0.41,10660.72,11,3,9,14,3,173.86,14,51,0,4,123.86,0.00,0.75,0.46,0,2.00,3,1221.55,2,1,3,org.apache.lucene.store.BufferedIndexInput,0.36,6,3,11,0,6,7,0,6,281,2
"org.apache.lucene.index.CompoundFileReader$FileEntry",0,0.00,0.00,3,0.02,186.86,2,2,9,0,0,171.00,0,4,0,1,171.00,0.00,0.00,0.00,0,0.00,0,49.83,0,0,0,java.lang.Object,0.00,0,0,0,0,0,0,0,0,15,3
"org.apache.lucene.index.CompoundFileWriter",8,0.13,2.62,79,1.01,45910.89,17,9,7,36,9,55.58,77,105,4,1,105.58,0.00,0.00,0.22,2,10.00,7,3025.33,0,2,5,java.lang.Object,0.00,28,0,21,0,28,6,0,35,570,2
"org.apache.lucene.index.CompoundFileWriter$FileEntry",0,0.00,0.00,5,0.03,295.55,4,4,7,0,1,171.00,4,6,0,1,171.00,0.00,0.00,0.00,0,0.00,0,87.57,0,0,1,java.lang.Object,0.00,0,0,0,0,0,0,0,4,23,3
"org.apache.lucene.index.ConcurrentMergeScheduler",24,0.02,2.75,196,2.22,111622.40,35,11,7,75,30,90.33,120,265,25,2,108.20,1.00,0.33,0.11,7,372.00,12,6670.18,0,0,5,org.apache.lucene.index.MergeScheduler,0.08,51,1,66,1,51,24,0,68,1270,1
"org.apache.lucene.index.ConcurrentMergeScheduler$Comparator<MergeThread>",1,0.00,3.00,7,0.12,4217.11,1,0,7,2,0,110.68,0,8,0,1,110.68,0.00,0.00,0.00,0,1.00,3,346.55,0,0,0,java.lang.Object,0.00,1,0,3,0,1,1,0,0,75,0
"org.apache.lucene.index.ConcurrentMergeScheduler$MergeThread",6,0.05,3.00,45,0.43,14725.87,10,4,7,16,3,162.53,11,68,0,2,112.53,0.00,0.50,0.29,1,6.00,9,1296.39,0,2,3,org.apache.lucene.index.Thread,0.00,10,1,18,0,10,4,0,11,268,1
"org.apache.lucene.index.CorruptIndexException",1,0.00,1.00,3,0.02,106.02,1,0,1,1,85,137.49,4,5,85,2,137.25,2.00,0.25,0.00,0,1.00,1,45.51,0,0,0,java.io.IOException,0.00,0,1,1,2,0,1,0,1,16,1
"org.apache.lucene.index.DefaultSkipListReader",8,0.39,1.25,49,0.45,12281.71,15,7,3,10,3,156.72,17,63,1,2,116.83,0.00,0.50,0.48,0,0.00,3,1352.46,3,0,2,org.apache.lucene.index.MultiLevelSkipListReader,0.22,2,1,10,0,2,8,0,9,306,0
"org.apache.lucene.index.DefaultSkipListWriter",6,0.27,1.67,52,0.58,20030.07,17,11,3,9,4,91.58,35,65,2,2,109.45,0.00,0.50,0.32,0,6.00,3,1748.20,1,0,2,org.apache.lucene.index.MultiLevelSkipListWriter,0.17,3,1,10,0,3,6,0,29,374,0
"org.apache.lucene.index.Deprecated",3,0.25,5.33,63,1.01,76928.54,5,2,7,43,11,49.01,38,81,2,1,86.57,0.00,0.00,0.67,0,1.00,10,3021.66,0,0,9,java.lang.Object,0.00,40,0,16,0,40,3,0,4,510,1
"org.apache.lucene.index.DirectoryReader",54,0.05,2.76,526,6.68,479125.89,71,17,16,166,32,124.70,181,668,5,2,104.08,1.00,0.33,0.11,9,898.00,20,20050.63,3,20,29,org.apache.lucene.index.IndexReader,0.42,112,1,149,1,112,34,1,156,3726,0
"org.apache.lucene.index.DirectoryReader$MultiTermDocs",11,0.24,3.18,112,1.09,47869.36,22,11,16,22,5,154.78,11,134,0,1,104.78,0.00,0.00,0.31,1,9.00,8,3268.15,0,0,5,java.lang.Object,0.00,11,0,35,0,11,11,1,11,674,1
"org.apache.lucene.index.DirectoryReader$MultiTermEnum",5,0.20,3.00,53,0.66,48033.54,10,5,16,17,5,152.08,5,70,0,2,102.08,0.00,0.50,0.36,1,0.00,6,1969.95,0,0,5,org.apache.lucene.index.TermEnum,0.89,12,1,15,0,12,5,0,5,375,1
"org.apache.lucene.index.DirectoryReader$MultiTermPositions",6,0.00,1.00,13,0.14,1840.89,6,0,16,11,3,140.19,1,21,0,2,140.19,0.00,0.50,0.00,0,6.00,1,405.23,0,0,3,org.apache.lucene.index.MultiTermDocs,0.00,5,1,6,0,5,6,1,1,112,1
"org.apache.lucene.index.DirectoryReader$ReaderCommit",11,0.04,1.00,36,0.32,4374.06,18,7,16,19,3,132.73,0,58,0,2,132.73,0.00,0.50,0.18,0,60.00,1,947.31,0,5,3,org.apache.lucene.index.IndexCommit,0.75,8,1,11,0,8,6,0,0,234,3
"org.apache.lucene.index.DirectoryReader$SegmentInfos.FindSegmentsFile",1,0.00,2.00,5,0.09,2353.99,1,0,16,5,4,118.22,0,10,0,1,118.22,0.00,0.00,0.00,0,0.00,2,262.55,0,1,4,java.lang.Object,0.00,4,0,2,0,4,0,0,0,57,0
"org.apache.lucene.index.DirectoryReader$SegmentInfos.FindSegmentsFile_0",1,0.00,1.00,5,0.06,1097.12,1,0,16,4,2,120.99,0,7,0,1,120.99,0.00,0.00,0.00,0,0.00,1,175.54,0,1,2,java.lang.Object,0.00,3,0,1,0,3,0,0,0,41,0
"org.apache.lucene.index.DocConsumer",4,0.00,1.00,5,0.04,322.67,4,0,2,4,8,155.99,0,6,5,1,155.99,0.00,0.00,0.00,0,4.00,1,122.26,0,1,3,java.lang.Object,0.00,0,0,4,1,0,3,0,0,39,1
"org.apache.lucene.index.DocConsumerPerThread",2,0.00,1.00,3,0.02,100.74,2,0,1,2,5,178.21,6,4,5,1,157.60,0.00,0.00,0.00,0,2.00,1,48.14,0,1,0,java.lang.Object,0.00,0,0,2,1,0,1,0,1,18,1
"org.apache.lucene.index.DocFieldConsumer",5,1.00,1.00,8,0.06,497.94,6,1,3,5,6,205.26,7,10,2,1,155.26,0.00,0.00,0.00,0,5.00,1,188.88,0,1,4,java.lang.Object,0.00,0,0,5,1,0,4,0,4,58,1
"org.apache.lucene.index.DocFieldConsumerPerField",2,0.00,1.00,3,0.02,136.96,2,0,2,2,7,156.55,1,4,6,1,156.55,0.00,0.00,0.00,0,2.00,1,62.63,0,0,1,java.lang.Object,0.00,0,0,2,1,0,2,0,1,21,1
"org.apache.lucene.index.DocFieldConsumerPerThread",4,0.00,1.00,5,0.03,169.52,4,0,1,4,7,158.19,0,6,5,1,158.19,0.00,0.00,0.00,0,4.00,1,87.44,0,2,2,java.lang.Object,0.00,0,0,4,1,0,2,0,0,32,1
"org.apache.lucene.index.DocFieldProcessor",5,0.19,1.20,30,0.36,9849.57,9,4,4,20,13,155.87,11,42,2,2,115.99,0.00,0.50,0.40,0,0.00,2,1066.02,0,0,12,org.apache.lucene.index.DocConsumer,0.67,15,1,6,0,15,5,0,5,229,1
"org.apache.lucene.index.DocFieldProcessorPerField",2,0.17,1.00,12,0.10,1668.99,8,6,1,4,5,168.97,3,15,2,1,118.97,0.00,0.00,0.08,0,2.00,1,307.95,0,0,4,java.lang.Object,0.00,2,0,2,0,2,2,0,1,77,1
"org.apache.lucene.index.DocFieldProcessorPerThread",8,0.17,5.25,171,2.44,239734.96,23,15,9,44,18,86.28,39,203,5,2,86.04,0.00,0.50,0.22,2,16.00,13,7323.82,0,3,15,org.apache.lucene.index.DocConsumerPerThread,0.40,36,1,42,0,36,5,0,31,1246,1
"org.apache.lucene.index.DocFieldProcessorPerThread$Comparator<DocFieldProcessorPerField>",1,0.00,1.00,3,0.04,494.59,1,0,9,2,1,131.99,0,4,0,1,131.99,0.00,0.00,0.00,0,1.00,1,111.03,0,0,1,java.lang.Object,0.00,1,0,1,0,1,1,0,0,31,0
"org.apache.lucene.index.DocFieldProcessorPerThread$PerDoc",3,0.75,1.00,17,0.13,2228.02,5,2,9,7,0,122.32,0,32,0,2,122.32,0.00,0.50,1.00,0,0.00,1,384.75,0,0,0,DocumentsWriter.DocWriter,0.00,4,1,3,0,4,3,0,0,101,0
"org.apache.lucene.index.DocHelper",6,0.02,1.33,139,3.03,170877.98,62,56,20,26,26,67.19,32,173,14,1,85.06,0.00,0.00,0.00,2,10.00,2,9100.93,0,3,12,java.lang.Object,0.00,20,0,8,0,20,3,0,13,1475,0
"org.apache.lucene.index.DocInverter",6,0.10,1.33,35,0.48,18481.56,8,2,5,21,14,117.39,3,49,2,2,117.39,0.00,0.50,0.58,0,0.00,3,1437.45,1,1,13,org.apache.lucene.index.DocFieldConsumer,0.36,15,1,8,0,15,5,0,1,298,1
"org.apache.lucene.index.DocInverterPerField",3,0.58,7.33,97,1.55,210445.57,9,6,6,38,17,38.67,36,125,8,2,76.24,0.00,0.50,0.56,0,0.00,20,4648.31,0,0,10,org.apache.lucene.index.DocFieldConsumerPerField,0.40,35,1,22,0,35,3,0,29,722,1
"org.apache.lucene.index.DocInverterPerThread",5,0.14,1.00,26,0.25,4414.95,12,7,4,17,19,171.73,6,38,8,2,121.73,0.00,0.50,0.26,0,0.00,1,757.13,0,2,13,org.apache.lucene.index.DocFieldConsumerPerThread,0.89,12,1,5,0,12,3,0,4,182,1
"org.apache.lucene.index.DocInverterPerThread$SingleTokenAttributeSource",2,1.00,1.00,9,0.08,842.15,4,2,4,5,3,127.88,0,12,0,2,127.88,0.00,0.50,1.00,0,0.00,1,241.73,0,0,3,org.apache.lucene.util.AttributeSource,0.00,3,1,2,0,3,2,0,0,63,1
"org.apache.lucene.index.DocumentsWriter",40,0.04,3.62,555,7.44,588525.68,80,40,20,131,50,64.11,247,722,24,1,96.33,0.00,0.00,0.07,14,678.00,23,22318.30,0,3,29,java.lang.Object,0.00,91,0,145,0,91,37,0,148,3745,1
"org.apache.lucene.index.DocumentsWriter$ByteBlockAllocator",4,0.00,1.75,31,0.33,10391.14,6,2,20,10,1,112.46,2,39,0,2,112.46,0.00,0.50,0.50,0,0.00,2,978.62,0,0,1,ByteBlockPool.Allocator,0.00,6,1,7,0,6,4,0,2,209,1
"org.apache.lucene.index.DocumentsWriter$DocState",2,0.12,1.00,14,0.09,698.80,10,8,20,3,4,169.45,3,17,0,1,119.45,0.00,0.00,0.19,0,2.00,1,260.46,0,0,4,java.lang.Object,0.00,1,0,2,0,1,2,0,3,66,1
"org.apache.lucene.index.DocumentsWriter$DocWriter",4,2.00,1.00,8,0.04,352.34,6,2,20,4,0,144.46,0,10,0,1,144.46,0.00,0.00,0.00,0,4.00,1,127.11,0,0,0,java.lang.Object,0.00,0,0,4,0,0,4,0,0,43,2
"org.apache.lucene.index.DocumentsWriter$IndexingChain",1,0.00,1.00,2,0.01,52.70,1,0,20,1,2,146.21,0,3,0,1,146.21,0.00,0.00,0.00,0,1.00,1,31.26,0,0,2,java.lang.Object,0.00,0,0,1,0,0,1,0,0,12,2
"org.apache.lucene.index.DocumentsWriter$IndexingChain_0",1,0.00,1.00,8,0.11,2246.67,1,0,20,7,10,129.05,18,11,0,1,110.92,0.00,0.00,0.00,0,1.00,1,343.20,0,0,10,java.lang.Object,0.00,6,0,1,0,6,1,0,2,73,0
"org.apache.lucene.index.DocumentsWriter$PerDocBuffer",2,0.00,1.50,11,0.09,1836.60,2,0,20,2,1,142.12,7,16,0,2,121.50,0.00,0.50,0.00,0,0.00,2,274.65,2,0,1,org.apache.lucene.store.RAMFile,0.15,0,1,3,0,0,2,0,3,66,0
"org.apache.lucene.index.DocumentsWriter$SkipDocWriter",3,0.00,1.00,5,0.03,220.57,3,0,20,3,0,156.30,0,12,0,2,156.30,0.00,0.50,0.00,0,3.00,1,87.54,0,0,0,org.apache.lucene.index.DocWriter,0.00,0,1,3,0,0,3,0,0,31,2
"org.apache.lucene.index.DocumentsWriter$WaitQueue",7,0.33,2.57,87,0.87,69830.53,12,5,20,13,3,149.04,10,105,0,1,99.04,0.00,0.00,0.49,2,0.00,6,2601.20,0,0,3,java.lang.Object,0.00,6,0,18,0,6,7,0,10,510,1
"org.apache.lucene.index.DocumentsWriterThreadState",2,0.20,1.00,16,0.15,3194.21,7,5,1,4,5,132.70,6,19,4,1,112.09,0.00,0.00,0.30,0,2.00,1,436.39,0,0,2,java.lang.Object,0.00,2,0,2,0,2,2,0,3,104,1
"org.apache.lucene.index.FieldInfo",3,0.50,3.67,40,0.45,24470.16,10,7,0,5,38,60.78,38,55,38,1,98.35,0.00,0.00,0.48,0,1.00,8,1346.13,0,1,0,java.lang.Object,0.00,2,0,11,0,2,2,0,14,285,2
"org.apache.lucene.index.FieldInfo$IndexOptions",0,0.00,0.00,2,0.01,48.00,0,0,0,0,0,171.00,1,4,0,1,171.00,0.00,0.00,0.00,0,0.00,0,24.00,0,0,0,java.lang.Object,0.00,0,0,0,0,0,0,0,1,8,2
"org.apache.lucene.index.FieldInfos",22,0.03,2.36,170,2.17,95489.13,35,13,9,58,63,110.87,93,211,55,1,110.63,0.00,0.00,0.10,6,122.00,10,6499.91,0,3,8,java.lang.Object,0.00,36,0,52,0,36,19,1,29,1261,2
"org.apache.lucene.index.FieldInvertState",14,0.02,1.00,47,0.27,3551.32,22,8,1,14,37,174.15,41,62,36,1,134.27,0.00,0.00,0.14,0,90.00,1,820.60,0,1,1,java.lang.Object,0.00,0,0,14,0,0,13,0,9,227,2
"org.apache.lucene.index.FieldReaderException",4,0.00,1.00,8,0.04,308.18,4,0,0,4,1,134.56,60,13,1,2,144.91,0.00,0.50,0.00,0,4.00,1,126.69,0,0,0,java.lang.RuntimeException,0.00,0,1,4,0,0,4,0,6,43,1
"org.apache.lucene.index.FieldSortedTermVectorMapper",6,0.10,1.00,21,0.27,5399.87,10,4,1,11,6,130.17,29,30,3,2,129.94,0.00,0.50,0.33,0,10.00,1,812.60,0,2,3,org.apache.lucene.index.TermVectorMapper,0.00,5,1,6,0,5,4,0,4,188,1
"org.apache.lucene.index.FieldsReader",20,0.11,2.90,237,3.90,226375.27,33,13,19,63,29,120.60,73,326,8,1,99.99,0.00,0.00,0.18,5,16.00,10,11704.86,0,5,21,java.lang.Object,0.00,43,0,58,0,43,15,2,44,2073,1
"org.apache.lucene.index.FieldsReader$LazyField",7,0.04,3.14,87,0.93,39549.10,11,4,19,14,6,140.82,14,118,0,2,100.93,0.00,0.50,0.29,1,16.00,7,2799.37,0,4,6,org.apache.lucene.document.AbstractField,0.06,7,1,22,0,7,3,1,8,547,1
"org.apache.lucene.index.FieldsWriter",11,0.12,3.27,128,1.62,58199.08,30,19,10,45,16,142.44,26,162,5,1,102.56,0.00,0.00,0.16,3,0.00,14,4870.14,0,0,11,java.lang.Object,0.00,34,0,36,0,34,11,0,22,924,1
"org.apache.lucene.index.FilterIndexReader",37,0.03,1.00,105,1.02,16785.13,38,1,5,70,21,188.85,38,179,8,2,138.85,8.00,0.10,0.97,0,0.00,1,3061.91,1,10,13,org.apache.lucene.index.IndexReader,0.43,33,1,37,8,33,27,0,15,780,1
"org.apache.lucene.index.FilterIndexReader$FilterTermDocs",9,0.12,1.00,20,0.16,2283.44,10,1,5,16,3,140.84,0,14,0,1,140.84,0.00,0.00,0.89,0,0.00,1,481.01,0,0,3,java.lang.Object,0.00,7,0,9,0,7,9,1,0,138,2
"org.apache.lucene.index.FilterIndexReader$FilterTermEnum",5,0.25,1.00,12,0.10,1469.00,6,1,5,9,2,140.34,0,12,0,2,140.34,0.00,0.50,0.80,0,0.00,1,289.57,0,0,2,org.apache.lucene.index.TermEnum,0.89,4,1,5,0,4,5,0,0,83,2
"org.apache.lucene.index.FilterIndexReader$FilterTermPositions",5,0.00,1.00,11,0.11,1445.12,5,0,5,9,1,140.39,1,16,0,2,140.39,0.00,0.50,0.00,0,5.00,1,342.11,0,0,1,org.apache.lucene.index.FilterTermDocs,0.00,4,1,5,0,4,5,1,1,95,2
"org.apache.lucene.index.FormatPostingsDocsConsumer",2,0.00,1.00,3,0.02,136.57,2,0,1,2,6,177.17,6,4,5,1,156.56,0.00,0.00,0.00,0,2.00,1,64.19,0,1,1,java.lang.Object,0.00,0,0,2,1,0,1,0,3,22,1
"org.apache.lucene.index.FormatPostingsDocsWriter",5,0.39,2.20,55,0.81,37072.75,19,14,6,23,13,151.50,9,77,2,2,101.50,0.00,0.50,0.39,0,0.00,5,2424.27,0,1,13,org.apache.lucene.index.FormatPostingsDocsConsumer,0.57,18,1,11,0,18,4,1,8,457,1
"org.apache.lucene.index.FormatPostingsFieldsConsumer",2,0.00,1.00,3,0.02,108.36,2,0,1,2,5,157.58,9,4,3,1,157.35,0.00,0.00,0.00,0,2.00,1,56.18,0,0,2,java.lang.Object,0.00,0,0,2,1,0,2,0,3,20,1
"org.apache.lucene.index.FormatPostingsFieldsWriter",3,0.43,1.33,26,0.27,5920.68,10,7,3,9,12,151.18,6,36,3,2,111.30,0.00,0.50,0.43,0,0.00,2,802.44,0,0,10,org.apache.lucene.index.FormatPostingsFieldsConsumer,0.80,6,1,4,0,6,3,0,6,167,1
"org.apache.lucene.index.FormatPostingsPositionsConsumer",2,0.00,1.00,3,0.03,237.44,2,0,1,2,5,204.66,3,4,5,1,154.66,0.00,0.00,0.00,0,2.00,1,88.57,0,0,0,java.lang.Object,0.00,0,0,2,1,0,2,0,2,27,1
"org.apache.lucene.index.FormatPostingsPositionsWriter",5,0.29,2.00,35,0.42,15694.92,11,6,5,12,7,161.78,5,47,1,2,111.78,0.00,0.50,0.40,0,0.00,4,1269.10,0,0,7,org.apache.lucene.index.FormatPostingsPositionsConsumer,0.57,7,1,10,0,7,5,1,5,266,1
"org.apache.lucene.index.FormatPostingsTermsConsumer",3,1.00,1.33,10,0.14,4923.60,4,1,3,6,8,167.70,6,13,5,1,127.82,0.00,0.00,0.33,1,4.00,2,430.53,0,2,3,java.lang.Object,0.00,3,0,4,1,3,1,0,3,95,1
"org.apache.lucene.index.FormatPostingsTermsWriter",5,0.16,1.20,26,0.24,4051.19,13,8,2,11,7,171.98,5,35,2,2,121.98,0.00,0.50,0.25,0,0.00,2,729.71,0,1,7,org.apache.lucene.index.FormatPostingsTermsConsumer,0.50,6,1,6,0,6,4,1,5,169,1
"org.apache.lucene.index.FreqProxFieldMergeState",4,0.41,3.00,52,0.68,27258.50,17,13,3,10,5,138.89,8,69,1,1,99.01,0.00,0.00,0.38,1,2.00,6,2027.60,0,1,4,java.lang.Object,0.00,6,0,12,0,6,3,0,7,396,1
"org.apache.lucene.index.FreqProxTermsWriter",5,0.50,8.40,141,2.47,321699.75,7,2,9,39,22,41.10,62,180,1,2,78.66,0.00,0.50,0.10,2,11.00,24,7422.34,0,1,21,org.apache.lucene.index.TermsHashConsumer,0.22,34,1,42,0,34,4,0,50,1159,1
"org.apache.lucene.index.FreqProxTermsWriterPerField",13,0.09,2.08,92,1.34,96805.39,21,8,5,23,13,108.82,11,129,4,2,108.82,0.00,0.50,0.21,1,29.00,7,4013.40,0,1,10,org.apache.lucene.index.TermsHashConsumerPerField,0.57,10,1,27,0,10,12,1,11,792,1
"org.apache.lucene.index.FreqProxTermsWriterPerField$FreqProxPostingsArray",4,0.33,1.00,23,0.25,6418.70,8,4,5,6,2,169.69,4,31,0,2,119.69,0.00,0.50,0.50,0,4.00,1,739.26,1,1,2,org.apache.lucene.index.ParallelPostingsArray,0.44,2,1,4,0,2,3,0,4,176,2
"org.apache.lucene.index.FreqProxTermsWriterPerThread",5,0.38,1.00,12,0.09,1084.37,7,2,0,6,7,161.99,16,21,2,2,141.37,0.00,0.50,0.20,0,8.00,1,284.03,0,2,6,org.apache.lucene.index.TermsHashConsumerPerThread,0.67,1,1,5,0,1,3,0,1,81,1
"org.apache.lucene.index.FrozenBufferedDeletes",5,0.25,2.00,44,0.56,20040.09,13,8,6,19,9,158.78,9,54,3,1,108.78,0.00,0.00,0.32,0,2.00,4,1682.53,0,1,6,java.lang.Object,0.00,14,0,10,0,14,4,0,6,326,0
"org.apache.lucene.index.FrozenBufferedDeletes$Iterable<QueryAndLimit>",1,0.00,1.00,3,0.02,165.40,1,0,6,2,0,185.73,1,4,0,1,135.73,0.00,0.00,0.00,0,1.00,1,52.87,0,1,0,java.lang.Object,0.00,1,0,1,0,1,0,0,1,17,0
"org.apache.lucene.index.FrozenBufferedDeletes$Iterable<QueryAndLimit>$Iterator<QueryAndLimit>",3,0.50,1.00,10,0.07,1164.53,4,1,6,5,0,182.81,3,13,0,1,132.81,0.00,0.00,0.67,0,1.00,1,210.00,0,1,0,java.lang.Object,0.00,2,0,3,0,2,2,0,3,58,0
"org.apache.lucene.index.FrozenBufferedDeletes$Iterable<Term>",1,0.00,1.00,3,0.02,300.08,1,0,6,1,0,183.69,1,4,0,1,133.69,0.00,0.00,0.00,0,0.00,1,69.84,0,1,0,java.lang.Object,0.00,0,0,1,0,0,0,0,1,21,0
"org.apache.lucene.index.IndexCommit",13,0.00,1.31,31,0.30,8312.90,13,0,4,20,40,137.85,58,43,39,1,137.61,0.00,0.00,0.00,3,13.00,4,893.93,0,4,1,java.lang.Object,0.00,7,0,17,4,7,9,1,11,227,2
"org.apache.lucene.index.IndexDeletionPolicy",2,0.00,1.00,3,0.04,438.42,2,0,2,2,30,166.35,69,4,30,1,152.57,0.00,0.00,0.00,0,2.00,1,114.61,0,0,0,,0.00,0,0,2,0,0,2,0,3,32,1
"org.apache.lucene.index.IndexFileDeleter",23,0.06,3.70,262,3.22,199829.95,35,12,13,71,11,58.54,174,334,3,1,100.83,0.00,0.00,0.14,10,157.00,22,9664.65,0,0,9,java.lang.Object,0.00,48,0,85,0,48,23,0,77,1755,1
"org.apache.lucene.index.IndexFileDeleter$CommitPoint",11,0.07,1.09,41,0.38,6586.04,20,9,13,19,3,131.31,4,64,0,2,131.31,0.00,0.50,0.17,0,74.00,2,1137.57,0,5,3,org.apache.lucene.index.IndexCommit,0.75,8,1,12,0,8,6,0,1,268,3
"org.apache.lucene.index.IndexFileDeleter$RefCount",3,0.33,1.33,15,0.14,2708.35,6,3,13,5,0,121.59,1,20,0,1,121.59,0.00,0.00,0.56,0,1.00,2,413.60,0,0,0,java.lang.Object,0.00,2,0,4,0,2,3,0,1,97,3
"org.apache.lucene.index.IndexFileNameFilter",4,0.11,3.75,37,0.44,13903.58,7,3,3,13,7,127.83,15,51,6,1,107.22,0.00,0.00,0.42,0,4.00,7,1316.26,0,1,1,java.lang.Object,0.00,9,0,15,0,9,3,1,4,271,1
"org.apache.lucene.index.IndexFileNames",6,0.03,2.67,62,1.11,40444.06,32,26,1,18,29,121.46,108,131,29,1,103.32,0.00,0.00,0.01,1,14.00,4,3317.96,0,3,1,java.lang.Object,0.00,12,0,16,0,12,3,0,39,627,2
"org.apache.lucene.index.IndexFormatTooNewException",2,0.00,1.00,6,0.09,1233.23,2,0,1,3,8,151.85,6,10,6,3,131.23,0.00,0.67,0.00,0,2.00,1,261.79,0,0,2,org.apache.lucene.index.CorruptIndexException,0.00,1,2,2,0,1,2,0,3,65,1
"org.apache.lucene.index.IndexFormatTooOldException",4,0.00,1.00,11,0.14,1923.16,4,0,1,5,4,178.54,8,19,2,3,138.65,0.00,0.67,0.00,0,4.00,1,419.15,0,0,2,org.apache.lucene.index.CorruptIndexException,0.00,1,2,4,0,1,4,0,5,106,1
"org.apache.lucene.index.IndexNotFoundException",1,0.00,1.00,3,0.02,124.13,1,0,1,1,3,136.95,4,5,3,2,136.71,0.00,0.50,0.00,0,1.00,1,49.65,0,0,0,java.io.FileNotFoundException,0.00,0,1,1,0,0,1,0,1,17,2
"org.apache.lucene.index.IndexReader",89,0.05,1.30,305,3.75,155022.30,106,17,14,133,856,90.06,1081,468,838,1,127.62,0.00,0.00,0.01,17,1744.00,4,11237.49,0,37,22,java.lang.Object,0.00,44,0,116,18,44,52,2,106,2472,2
"org.apache.lucene.index.IndexReader$ReaderClosedListener",1,0.00,1.00,2,0.01,52.70,1,0,14,1,1,146.21,0,3,0,1,146.21,0.00,0.00,0.00,0,1.00,1,31.26,0,0,1,,0.00,0,0,1,0,0,1,0,0,12,2
"org.apache.lucene.index.IndexReader$SegmentInfos.FindSegmentsFile",1,0.00,1.00,3,0.04,499.66,1,0,14,3,0,131.95,0,5,0,1,131.95,0.00,0.00,0.00,0,1.00,1,115.56,0,1,0,java.lang.Object,0.00,2,0,1,0,2,0,0,0,30,0
"org.apache.lucene.index.IndexSorter",4,0.67,2.75,63,0.85,40927.24,5,1,10,32,12,115.93,12,71,2,1,95.32,0.00,0.00,0.50,0,4.00,5,2552.35,0,0,10,java.lang.Object,0.00,28,0,11,0,28,4,0,2,467,1
"org.apache.lucene.index.IndexSorter$DocScore",2,0.00,2.00,10,0.11,3312.23,4,2,10,2,0,119.42,1,15,0,1,119.42,0.00,0.00,0.50,0,2.00,3,325.35,0,1,0,java.lang.Object,0.00,0,0,4,0,0,1,1,1,79,2
"org.apache.lucene.index.IndexSorter$PostingMap",1,2.00,1.00,5,0.05,631.65,3,2,10,1,0,172.87,1,7,0,1,122.87,0.00,0.00,0.00,0,1.00,1,135.35,0,0,0,java.lang.Object,0.00,0,0,1,0,0,1,1,1,36,2
"org.apache.lucene.index.IndexSorter$SortedTermPositions",13,0.08,1.46,81,0.83,34309.90,24,11,10,32,6,114.94,9,92,0,1,114.94,0.00,0.00,0.17,0,58.00,5,2487.21,0,0,6,java.lang.Object,0.00,19,0,19,0,19,13,1,9,503,2
"org.apache.lucene.index.IndexSorter$SortingReader",12,0.32,1.33,41,0.47,13593.41,14,2,10,16,10,129.09,0,71,0,3,129.09,0.00,0.67,0.21,0,56.00,3,1419.93,4,1,10,org.apache.lucene.index.FilterIndexReader,0.15,4,2,16,0,4,11,0,0,329,2
"org.apache.lucene.index.IndexSplitter",8,0.07,2.88,94,1.15,55224.75,12,4,11,41,6,122.29,27,102,2,1,101.68,0.00,0.00,0.31,3,0.00,7,3456.59,0,0,4,java.lang.Object,0.00,33,0,23,0,33,8,0,4,665,1
"org.apache.lucene.index.IndexUpgrader",6,0.10,2.83,73,1.03,41760.65,10,4,9,36,13,100.48,29,93,2,1,100.24,0.00,0.00,0.17,1,10.00,9,3079.20,0,0,11,java.lang.Object,0.00,30,0,17,0,30,6,0,4,576,2
"org.apache.lucene.index.IndexWriter",158,0.02,2.99,1431,18.63,1106991.98,211,53,31,444,284,67.31,1950,2023,254,1,104.87,0.00,0.00,0.04,56,10646.00,21,55896.37,0,19,37,java.lang.Object,0.00,286,0,473,11,286,139,2,499,10004,1
"org.apache.lucene.index.IndexWriter$Deprecated",4,0.08,1.00,14,0.13,2577.93,8,4,31,5,0,131.32,16,23,0,1,131.08,0.00,0.00,0.19,0,4.00,1,404.34,0,1,0,java.lang.Object,0.00,1,0,4,0,1,3,0,4,101,3
"org.apache.lucene.index.IndexWriter$FlushControl",9,0.05,2.56,64,0.62,21871.94,14,5,31,13,2,112.60,6,92,0,1,112.60,0.00,0.00,0.24,3,26.00,6,1851.03,0,0,2,java.lang.Object,0.00,4,0,23,0,4,9,0,6,385,1
"org.apache.lucene.index.IndexWriter$IndexReaderWarmer",1,0.00,1.00,2,0.02,121.82,1,0,31,1,1,143.35,0,4,0,1,143.35,0.00,0.00,0.00,0,1.00,1,48.73,0,0,1,java.lang.Object,0.00,0,0,1,0,0,1,0,0,16,3
"org.apache.lucene.index.IndexWriter$ReaderPool",14,0.46,2.43,101,1.26,44939.59,15,1,31,34,5,79.44,91,132,0,1,111.66,0.00,0.00,0.57,4,14.00,7,3768.42,0,4,5,java.lang.Object,0.00,20,0,34,0,20,10,0,50,766,0
"org.apache.lucene.index.IndexWriterConfig",38,0.03,1.45,171,2.01,67448.89,65,27,5,55,138,74.76,319,229,127,1,122.87,0.00,0.00,0.07,0,770.00,4,6024.40,1,24,12,java.lang.Object,0.00,17,0,55,0,17,14,1,50,1221,2
"org.apache.lucene.index.IndexWriterConfig$OpenMode",0,0.00,0.00,2,0.01,48.00,0,0,5,0,0,171.00,0,1,0,1,171.00,0.00,0.00,0.00,0,0.00,0,24.00,0,0,0,java.lang.Object,0.00,0,0,0,0,0,0,1,0,8,2
"org.apache.lucene.index.IntBlockPool",3,0.75,2.00,25,0.29,9670.16,9,6,0,6,3,67.24,22,32,2,1,109.53,0.00,0.00,0.67,0,1.00,3,870.55,0,0,1,java.lang.Object,0.00,3,0,6,0,3,3,0,7,187,1
"org.apache.lucene.index.InvertedDocConsumer",5,1.00,1.00,8,0.06,464.74,6,1,3,5,7,205.50,5,10,3,1,155.50,0.00,0.00,0.00,0,5.00,1,177.19,0,0,4,java.lang.Object,0.00,0,0,5,1,0,5,0,4,55,1
"org.apache.lucene.index.InvertedDocConsumerPerField",5,0.00,1.00,6,0.04,245.05,5,0,2,5,7,207.69,9,7,6,1,157.69,0.00,0.00,0.00,0,5.00,1,121.58,0,0,1,java.lang.Object,0.00,0,0,5,1,0,5,0,9,42,1
"org.apache.lucene.index.InvertedDocConsumerPerThread",4,0.00,1.00,5,0.03,182.83,4,0,1,4,8,157.93,0,6,5,1,157.93,0.00,0.00,0.00,0,4.00,1,96.32,0,2,3,java.lang.Object,0.00,0,0,4,1,0,2,0,0,34,1
"org.apache.lucene.index.InvertedDocEndConsumer",4,0.00,1.00,5,0.04,304.37,4,0,3,4,6,156.18,0,6,2,1,156.18,0.00,0.00,0.00,0,4.00,1,130.91,0,1,4,java.lang.Object,0.00,0,0,4,1,0,3,0,0,41,1
"org.apache.lucene.index.InvertedDocEndConsumerPerField",2,0.00,1.00,3,0.01,46.83,2,0,0,2,6,112.11,16,4,6,1,160.22,0.00,0.00,0.00,0,2.00,1,31.22,0,0,0,java.lang.Object,0.00,0,0,2,1,0,2,0,1,14,1
"org.apache.lucene.index.InvertedDocEndConsumerPerThread",4,0.00,1.00,5,0.02,107.04,4,0,0,4,8,159.99,16,6,5,1,159.76,0.00,0.00,0.00,0,4.00,1,71.36,0,0,3,java.lang.Object,0.00,0,0,4,1,0,4,0,1,28,1
"org.apache.lucene.index.KeepOnlyLastCommitDeletionPolicy",2,0.00,2.50,10,0.10,2597.29,2,0,1,5,9,77.91,15,11,8,1,120.20,0.00,0.00,0.00,1,2.00,3,289.54,0,0,1,java.lang.Object,0.00,3,0,5,0,3,2,1,6,68,2
"org.apache.lucene.index.LogByteSizeMergePolicy",10,0.26,1.00,26,0.27,3619.45,13,3,1,10,17,139.86,47,40,15,3,139.62,0.50,0.50,0.10,2,30.00,1,795.56,1,0,2,org.apache.lucene.index.LogMergePolicy,0.07,0,2,10,1,0,10,0,12,214,1
"org.apache.lucene.index.LogDocMergePolicy",4,1.00,1.00,12,0.09,1008.38,5,1,1,4,14,86.19,34,18,12,3,134.29,0.50,0.50,0.25,0,0.00,1,260.78,1,0,2,org.apache.lucene.index.LogMergePolicy,0.08,0,2,4,1,0,4,0,7,73,1
"org.apache.lucene.index.LogMergePolicy",26,0.02,3.85,293,4.66,520969.46,38,12,5,63,43,65.75,165,368,39,2,97.97,4.00,0.17,0.10,7,210.00,25,13992.08,0,6,5,org.apache.lucene.index.MergePolicy,0.06,37,1,100,4,37,20,0,75,2410,2
"org.apache.lucene.index.LogMergePolicy$SegmentInfoAndLevel",2,0.33,2.00,10,0.11,2459.20,5,3,5,2,1,120.44,1,19,0,1,120.44,0.00,0.00,0.17,0,2.00,3,336.21,0,0,1,java.lang.Object,0.00,0,0,4,0,0,2,1,1,84,2
"org.apache.lucene.index.MergeDocIDRemapper",2,1.50,7.00,49,0.85,104966.59,8,6,0,6,2,115.28,40,68,0,1,81.90,0.00,0.00,0.92,0,0.00,9,2545.53,0,0,2,java.lang.Object,0.00,4,0,14,0,4,2,0,22,475,1
"org.apache.lucene.index.MergePolicy",7,1.00,1.00,15,0.17,2315.04,8,1,7,9,31,110.55,93,22,26,1,139.93,0.00,0.00,0.14,0,12.00,1,520.66,0,3,6,java.lang.Object,0.00,2,0,7,10,2,4,1,11,131,2
"org.apache.lucene.index.MergePolicy$MergeAbortedException",2,0.00,1.00,5,0.02,169.05,2,0,7,2,0,144.60,0,8,0,2,144.60,0.00,0.50,0.00,0,2.00,1,72.11,0,0,0,java.io.IOException,0.00,0,1,2,0,0,2,0,0,25,2
"org.apache.lucene.index.MergePolicy$MergeException",3,1.00,1.00,10,0.07,776.22,4,1,7,3,1,134.20,2,14,0,2,134.20,0.00,0.50,0.33,0,4.00,1,198.73,0,1,1,java.lang.RuntimeException,0.00,0,1,3,0,0,2,0,1,56,2
"org.apache.lucene.index.MergePolicy$MergeSpecification",2,0.00,1.50,14,0.17,5385.55,3,1,7,8,1,162.37,3,14,0,1,112.37,0.00,0.00,1.00,0,0.00,2,507.19,0,1,1,java.lang.Object,0.00,6,0,3,0,6,1,0,1,110,2
"org.apache.lucene.index.MergePolicy$OneMerge",11,0.02,2.27,72,0.68,21891.92,24,13,7,24,3,155.69,28,92,0,1,115.81,0.00,0.00,0.09,0,44.00,6,2035.16,0,2,3,java.lang.Object,0.00,13,0,25,0,13,9,0,18,432,2
"org.apache.lucene.index.MergeScheduler",2,0.00,1.00,3,0.03,189.68,2,0,1,2,16,155.67,9,6,15,1,155.43,0.00,0.00,0.00,0,2.00,1,78.19,0,0,2,java.lang.Object,0.00,0,0,2,7,0,2,0,3,25,2
"org.apache.lucene.index.MockIndexInput",5,0.08,1.40,25,0.25,11049.40,8,3,1,6,2,118.51,2,36,1,4,118.51,0.00,0.75,0.40,0,5.00,3,755.25,0,0,1,org.apache.lucene.store.BufferedIndexInput,0.31,1,3,7,0,1,5,0,2,169,1
"org.apache.lucene.index.MockRandomMergePolicy",6,0.60,2.50,41,0.68,44264.57,7,1,7,24,5,161.30,8,62,0,2,111.30,0.00,0.50,0.50,1,6.00,9,2032.58,0,3,5,org.apache.lucene.index.MergePolicy,0.15,18,1,15,0,18,3,0,8,373,1
"org.apache.lucene.index.MultiLevelSkipListReader",10,0.25,2.90,111,1.35,77218.61,24,14,4,20,3,83.42,58,126,1,1,101.29,0.00,0.00,0.30,3,0.00,7,4047.87,0,0,2,java.lang.Object,0.00,10,0,29,1,10,10,0,42,793,1
"org.apache.lucene.index.MultiLevelSkipListReader$SkipBuffer",7,0.22,1.00,22,0.23,3964.04,10,3,4,10,1,131.52,0,36,0,3,131.52,0.00,0.67,0.52,0,0.00,1,703.42,0,0,1,org.apache.lucene.store.IndexInput,0.60,3,2,7,0,3,7,0,0,171,3
"org.apache.lucene.index.MultiLevelSkipListWriter",6,0.00,2.83,56,0.52,23736.40,9,3,3,15,3,58.73,52,56,1,1,106.84,0.00,0.00,0.33,2,0.00,4,1552.09,0,0,2,java.lang.Object,0.00,9,0,17,1,9,6,0,13,333,1
"org.apache.lucene.index.MultiPassIndexSplitter",3,0.00,8.67,102,1.54,146283.40,3,0,11,35,11,85.59,51,115,2,1,76.46,0.00,0.00,0.00,1,3.00,15,4622.62,0,0,9,java.lang.Object,0.00,32,0,26,0,32,3,0,12,739,1
"org.apache.lucene.index.MultiPassIndexSplitter$FakeDeleteAtomicIndexReader",8,0.07,1.50,31,0.33,8107.50,10,2,11,18,5,129.44,4,47,0,3,129.44,0.00,0.67,0.44,1,0.00,4,979.89,0,0,5,org.apache.lucene.index.FilterIndexReader,0.16,10,2,12,0,10,8,0,1,229,3
"org.apache.lucene.index.MultiPassIndexSplitter$FakeDeleteAtomicIndexReader$FilterTermPositions",1,0.00,3.00,7,0.06,1758.33,1,0,11,2,0,113.67,0,11,0,1,113.67,0.00,0.00,0.00,0,0.00,3,191.92,0,0,0,java.lang.Object,0.00,1,0,3,0,1,1,0,0,46,0
"org.apache.lucene.index.MultiPassIndexSplitter$FakeDeleteIndexReader",2,0.00,1.00,7,0.09,2577.58,2,0,11,7,2,128.71,0,10,0,3,128.71,0.00,0.67,0.00,1,2.00,1,262.42,0,0,2,org.apache.lucene.index.MultiReader,0.00,5,2,2,0,5,2,0,0,64,3
"org.apache.lucene.index.MultiPassIndexSplitter$FakeDeleteIndexReader$ReaderUtil.Gather",1,0.00,1.00,3,0.03,431.30,1,0,11,3,1,132.45,0,5,0,1,132.45,0.00,0.00,0.00,0,1.00,1,103.65,0,0,1,java.lang.Object,0.00,2,0,1,0,2,1,0,0,28,0
"org.apache.lucene.index.MultiReader",37,0.04,2.11,260,2.87,151420.20,44,7,10,72,32,150.75,89,328,19,2,110.86,2.00,0.25,0.18,2,171.00,11,8624.84,2,8,13,org.apache.lucene.index.IndexReader,0.37,35,1,78,2,35,29,1,57,1773,1
"org.apache.lucene.index.MultipleTermPositions",13,0.06,1.54,60,0.67,23766.90,17,4,6,32,8,162.64,38,78,2,1,122.75,0.00,0.00,0.19,1,51.00,4,2000.29,0,0,6,java.lang.Object,0.00,19,0,20,0,19,13,1,12,432,1
"org.apache.lucene.index.MultipleTermPositions$IntQueue",6,0.40,1.17,20,0.16,2646.18,10,4,6,8,1,132.34,0,28,0,1,132.34,0.00,0.00,0.58,1,0.00,2,493.95,0,0,1,java.lang.Object,0.00,2,0,7,0,2,6,0,0,130,3
"org.apache.lucene.index.MultipleTermPositions$TermPositionsQueue",3,0.00,1.67,10,0.10,2076.22,3,0,6,6,2,130.72,0,16,0,2,130.72,0.00,0.50,0.00,0,3.00,3,311.46,3,0,2,org.apache.lucene.util.PriorityQueue,0.00,3,1,5,0,3,3,0,0,79,3
"org.apache.lucene.index.NoDeletionPolicy",3,1.00,1.67,5,0.06,993.49,4,1,2,4,6,190.92,7,7,5,1,151.04,0.00,0.00,0.00,0,3.00,2,181.21,0,0,1,java.lang.Object,0.00,1,0,5,0,1,3,1,3,50,2
"org.apache.lucene.index.NoMergePolicy",8,0.33,1.00,18,0.19,2978.87,11,3,2,9,13,179.41,18,28,8,2,139.53,0.00,0.50,0.04,0,14.00,1,576.83,0,4,5,org.apache.lucene.index.MergePolicy,0.13,1,1,8,0,1,4,0,4,149,2
"org.apache.lucene.index.NoMergeScheduler",3,1.00,1.00,5,0.05,760.11,4,1,1,4,6,152.31,12,9,3,2,152.07,0.00,0.50,0.00,0,3.00,1,143.67,0,0,3,org.apache.lucene.index.MergeScheduler,0.40,1,1,3,0,1,3,0,3,43,2
"org.apache.lucene.index.NormsWriter",5,0.50,4.40,94,1.54,209584.41,7,2,10,28,15,108.05,18,97,2,2,87.43,0.00,0.50,0.10,0,8.00,18,4614.47,0,1,14,org.apache.lucene.index.InvertedDocEndConsumer,0.22,23,1,22,0,23,4,0,14,705,1
"org.apache.lucene.index.NormsWriterPerField",5,0.29,1.60,33,0.40,14668.97,12,7,2,10,9,164.56,6,44,3,2,114.56,0.00,0.50,0.37,0,0.00,4,1208.74,0,0,7,org.apache.lucene.index.InvertedDocEndConsumerPerField,0.57,5,1,8,0,5,5,1,3,260,1
"org.apache.lucene.index.NormsWriterPerThread",6,0.50,1.00,13,0.10,1069.93,8,2,0,7,7,181.93,16,21,2,2,142.04,0.00,0.50,0.08,0,10.00,1,294.55,0,1,7,org.apache.lucene.index.InvertedDocEndConsumerPerThread,0.60,1,1,6,0,1,5,0,1,86,1
"org.apache.lucene.index.PKIndexSplitter",9,0.06,1.33,58,0.75,21457.70,15,6,12,24,13,155.20,26,77,1,1,115.31,0.00,0.00,0.11,1,16.00,3,2238.08,0,0,12,java.lang.Object,0.00,15,0,12,0,15,9,0,6,472,1
"org.apache.lucene.index.PKIndexSplitter$DocumentFilteredAtomicIndexReader",6,0.30,2.00,33,0.38,15806.48,8,2,12,19,7,117.83,1,48,0,3,117.83,0.00,0.67,0.25,0,14.00,7,1138.43,0,0,7,org.apache.lucene.index.FilterIndexReader,0.11,13,2,12,0,13,6,0,1,232,2
"org.apache.lucene.index.PKIndexSplitter$DocumentFilteredAtomicIndexReader$FilterTermPositions",1,0.00,3.00,7,0.06,1758.33,1,0,12,2,0,113.67,0,11,0,1,113.67,0.00,0.00,0.00,0,0.00,3,191.92,0,0,0,java.lang.Object,0.00,1,0,3,0,1,1,0,0,46,0
"org.apache.lucene.index.ParallelArrayTermVectorMapper",3,0.69,3.00,33,0.36,9557.94,11,8,8,5,12,154.31,4,48,2,2,104.31,0.00,0.50,0.58,0,0.00,3,1080.92,0,1,10,org.apache.lucene.index.TermVectorMapper,0.00,2,1,9,0,2,2,0,1,233,0
"org.apache.lucene.index.ParallelPostingsArray",5,0.15,1.00,24,0.22,3992.20,10,5,2,8,9,125.69,0,30,7,1,125.69,0.00,0.00,0.32,2,13.00,1,666.66,0,2,2,java.lang.Object,0.00,3,0,5,2,3,3,0,0,167,0
"org.apache.lucene.index.ParallelReader",38,0.02,2.21,240,2.95,138314.74,47,9,7,100,24,153.63,77,343,10,2,113.75,0.00,0.50,0.09,2,554.00,11,8851.48,1,12,14,org.apache.lucene.index.IndexReader,0.36,62,1,84,0,62,26,0,33,1770,1
"org.apache.lucene.index.ParallelReader$ParallelTermDocs",10,0.22,1.70,25,0.29,6101.48,11,1,7,20,4,137.71,0,38,0,1,137.71,0.00,0.00,0.80,1,0.00,3,868.16,0,0,4,java.lang.Object,0.00,10,0,17,0,10,10,1,0,218,1
"org.apache.lucene.index.ParallelReader$ParallelTermEnum",6,0.27,2.83,34,0.45,18371.31,9,3,7,18,3,167.24,7,59,0,2,117.24,0.00,0.50,0.56,0,0.00,6,1335.39,0,0,3,org.apache.lucene.index.TermEnum,0.80,12,1,17,0,12,6,0,7,291,1
"org.apache.lucene.index.ParallelReader$ParallelTermPositions",6,0.00,1.17,13,0.15,2624.23,6,0,7,12,3,138.94,2,21,0,2,138.94,0.00,0.50,0.00,0,10.00,2,454.84,0,0,3,org.apache.lucene.index.ParallelTermDocs,0.00,6,1,7,0,6,6,1,2,118,1
"org.apache.lucene.index.Payload",14,0.13,1.71,58,0.67,25908.46,17,3,3,20,49,104.82,74,88,47,1,122.69,0.00,0.00,0.21,2,38.00,6,2011.23,1,1,2,java.lang.Object,0.00,6,0,24,0,6,13,2,22,456,1
"org.apache.lucene.index.PayloadProcessorProvider",2,0.00,1.00,8,0.08,1108.14,2,0,2,4,7,176.93,50,11,4,1,126.94,0.00,0.00,0.00,1,2.00,1,246.61,0,1,3,java.lang.Object,0.00,2,0,2,2,2,1,0,6,65,2
"org.apache.lucene.index.PayloadProcessorProvider$Deprecated",0,0.00,0.00,1,0.01,170.53,0,0,2,0,0,171.00,0,1,0,2,171.00,0.00,0.50,0.00,0,0.00,0,36.54,0,0,0,org.apache.lucene.index.ReaderPayloadProcessor,0.00,0,1,0,0,0,0,0,0,11,3
"org.apache.lucene.index.PayloadProcessorProvider$PayloadProcessor",2,0.00,1.00,3,0.03,327.14,2,0,2,2,0,174.18,7,4,0,1,153.57,0.00,0.00,0.00,0,2.00,1,98.72,0,0,0,java.lang.Object,0.00,0,0,2,0,0,2,0,2,30,3
"org.apache.lucene.index.PayloadProcessorProvider$ReaderPayloadProcessor",1,0.00,1.00,2,0.02,121.82,1,0,2,1,1,193.35,1,4,0,1,143.35,0.00,0.00,0.00,0,1.00,1,48.73,0,0,1,java.lang.Object,0.00,0,0,1,0,0,1,0,1,16,3
"org.apache.lucene.index.PersistentSnapshotDeletionPolicy",7,0.08,2.71,59,0.87,38178.75,9,2,14,34,13,59.18,74,84,1,2,107.66,0.00,0.50,0.43,1,8.00,5,2621.58,5,1,12,org.apache.lucene.index.SnapshotDeletionPolicy,0.00,27,1,19,0,27,6,0,24,496,1
"org.apache.lucene.index.PositionBasedTermVectorMapper",6,0.00,1.83,34,0.41,14595.64,10,4,4,14,3,85.90,39,48,1,2,118.12,0.00,0.50,0.25,0,10.00,4,1227.54,0,1,2,org.apache.lucene.index.TermVectorMapper,0.15,8,1,11,0,8,5,0,9,258,1
"org.apache.lucene.index.PositionBasedTermVectorMapper$TVPositionInfo",5,0.17,1.40,19,0.16,2309.29,8,3,4,7,1,172.03,12,28,0,1,132.14,0.00,0.00,0.47,0,0.00,2,466.23,0,2,1,java.lang.Object,0.00,2,0,7,0,2,3,0,3,118,2
"org.apache.lucene.index.PrefixCodedTerms",3,1.00,1.00,10,0.08,1043.29,4,1,8,5,9,173.08,7,14,3,1,133.19,0.00,0.00,0.33,0,4.00,1,227.61,0,1,6,java.lang.Object,0.00,2,0,3,0,2,2,1,4,62,0
"org.apache.lucene.index.PrefixCodedTerms$Builder",3,0.30,2.67,38,0.51,27127.52,8,5,8,19,5,99.36,2,49,0,1,99.36,0.00,0.00,0.40,1,1.00,3,1520.35,0,0,5,java.lang.Object,0.00,16,0,8,0,16,3,0,2,301,2
"org.apache.lucene.index.PrefixCodedTerms$PrefixCodedTermsIterator",4,0.17,1.75,27,0.31,11083.88,8,4,8,18,5,114.73,1,37,0,1,114.73,0.00,0.00,0.38,1,0.00,3,919.16,0,0,5,java.lang.Object,0.00,14,0,7,0,14,4,1,1,193,0
"org.apache.lucene.index.PruningReader",7,0.07,4.71,114,1.56,188888.04,16,9,16,32,19,91.07,30,143,3,3,90.83,0.00,0.67,0.17,0,5.00,22,4676.16,3,3,16,org.apache.lucene.index.FilterIndexReader,0.11,25,2,33,0,25,4,0,8,813,1
"org.apache.lucene.index.PruningReader$PruningTermEnum",2,0.00,3.00,17,0.16,4902.88,2,0,16,4,1,160.37,3,23,0,2,110.37,0.00,0.50,0.00,0,2.00,5,473.63,1,0,1,org.apache.lucene.index.FilterTermEnum,0.00,2,1,6,0,2,2,0,3,97,1
"org.apache.lucene.index.PruningReader$PruningTermPositions",8,0.11,2.12,61,0.57,30547.83,13,5,16,15,3,111.10,1,76,0,2,111.10,0.00,0.50,0.30,1,16.00,8,1703.25,3,0,3,org.apache.lucene.index.FilterTermPositions,0.00,7,1,17,0,7,8,0,1,358,1
"org.apache.lucene.index.RandomIndexWriter",26,0.05,1.58,107,1.24,29281.96,34,8,14,53,139,174.41,38,149,127,1,124.41,0.00,0.00,0.17,3,0.00,7,3717.13,0,2,12,java.lang.Object,0.00,27,0,41,0,27,24,1,19,819,1
"org.apache.lucene.index.RandomIndexWriter$MockIndexWriter",2,1.00,1.50,8,0.09,1373.19,3,1,14,5,3,176.11,3,13,0,2,126.11,0.00,0.50,0.50,0,2.00,2,283.99,0,0,3,org.apache.lucene.index.IndexWriter,0.00,3,1,3,0,3,2,0,3,69,3
"org.apache.lucene.index.ReadOnlyDirectoryReader",4,0.00,1.00,9,0.13,1484.91,4,0,3,5,8,139.54,0,14,3,3,139.54,0.00,0.67,0.00,0,4.00,1,394.96,0,0,7,org.apache.lucene.index.DirectoryReader,0.02,1,2,4,0,1,4,0,0,97,0
"org.apache.lucene.index.ReadOnlySegmentReader",3,0.00,1.00,7,0.06,767.12,3,0,0,5,3,122.94,17,13,3,3,140.81,0.00,0.67,0.00,1,4.00,1,168.86,0,0,1,org.apache.lucene.index.SegmentReader,0.04,2,2,3,0,2,3,0,2,48,0
"org.apache.lucene.index.RepeatingTokenStream",3,0.33,1.67,26,0.23,4201.20,9,6,12,7,8,112.42,0,34,1,4,112.42,0.00,0.75,0.39,0,1.00,2,694.53,1,0,7,org.apache.lucene.analysis.Tokenizer,0.40,4,3,5,0,4,3,0,0,156,0
"org.apache.lucene.index.ReusableStringReader",4,0.00,1.50,26,0.24,11942.70,7,3,1,6,1,164.51,4,34,1,2,114.51,0.00,0.50,0.33,1,4.00,3,717.89,0,0,0,java.io.Reader,0.00,2,1,6,0,2,4,0,2,162,1
"org.apache.lucene.index.SegmentCoreReaders",14,0.13,2.29,119,1.39,64395.46,31,17,9,39,12,148.16,29,159,1,1,108.28,0.00,0.00,0.18,2,86.00,9,4155.24,0,3,12,java.lang.Object,0.00,25,0,32,0,25,11,0,28,786,1
"org.apache.lucene.index.SegmentInfo",43,0.12,3.23,473,5.56,476719.80,67,24,13,85,45,100.27,187,587,38,1,100.03,0.00,0.00,0.16,6,491.00,24,16683.79,0,9,9,java.lang.Object,0.00,42,0,139,0,42,34,1,118,3023,2
"org.apache.lucene.index.SegmentInfos",51,0.01,2.27,367,4.55,231121.39,78,27,21,149,51,92.62,257,500,37,1,110.49,0.00,0.00,0.05,17,1246.00,18,13650.83,1,14,15,java.lang.Object,0.00,98,0,116,0,98,37,2,113,2607,2
"org.apache.lucene.index.SegmentInfos$FindSegmentsFile",1,0.00,1.00,4,0.03,377.93,1,0,21,2,1,128.25,0,6,0,1,128.25,0.00,0.00,0.00,0,1.00,1,97.45,0,1,1,java.lang.Object,0.00,1,0,1,0,1,0,0,0,26,0
"org.apache.lucene.index.SegmentInfos$FindSegmentsFile_0",4,1.00,9.50,93,1.36,174474.43,5,1,21,18,7,45.59,51,141,0,1,83.15,0.00,0.00,0.25,2,6.00,35,4093.40,0,3,7,java.lang.Object,0.00,14,0,38,0,14,1,0,46,626,3
"org.apache.lucene.index.SegmentMergeInfo",5,0.22,2.40,47,0.35,11832.97,14,9,2,13,8,158.63,5,60,4,1,108.63,0.00,0.00,0.29,0,0.00,5,1063.55,0,0,4,java.lang.Object,0.00,8,0,12,0,8,5,0,5,241,1
"org.apache.lucene.index.SegmentMergeQueue",3,0.00,1.67,8,0.11,3141.37,3,0,2,4,4,135.87,0,17,2,2,135.87,0.00,0.50,0.00,0,3.00,2,342.92,1,0,2,org.apache.lucene.util.PriorityQueue,0.00,1,1,5,0,1,3,0,0,84,1
"org.apache.lucene.index.SegmentMerger",18,0.13,4.78,360,4.46,309945.92,36,18,13,103,36,70.88,99,431,3,1,88.75,0.00,0.00,0.18,8,14.00,12,13376.33,0,2,33,java.lang.Object,0.00,85,0,86,0,85,16,0,61,2316,1
"org.apache.lucene.index.SegmentMerger$CheckAbort",1,0.00,1.00,2,0.02,152.43,1,0,13,1,0,192.58,1,4,0,1,142.58,0.00,0.00,0.00,0,1.00,1,55.44,0,0,0,java.lang.Object,0.00,0,0,1,0,0,1,0,1,18,0
"org.apache.lucene.index.SegmentMerger$CheckAbort_0",2,0.33,1.50,12,0.10,1522.56,5,3,13,3,1,119.42,8,16,0,1,119.19,0.00,0.00,0.50,0,2.00,2,299.61,0,0,1,java.lang.Object,0.00,1,0,3,0,1,2,0,1,74,1
"org.apache.lucene.index.SegmentNorms",10,0.26,2.60,125,1.44,78595.79,21,11,4,33,9,100.08,49,161,6,1,99.85,0.00,0.00,0.33,2,0.00,4,4305.16,1,2,4,java.lang.Object,0.00,23,0,26,0,23,8,1,42,834,1
"org.apache.lucene.index.SegmentReader",67,0.03,2.01,427,5.29,274676.15,86,19,17,161,66,153.25,163,611,41,2,113.36,1.00,0.33,0.08,13,1358.00,15,15882.56,2,14,31,org.apache.lucene.index.IndexReader,0.33,94,1,135,1,94,53,1,98,3105,1
"org.apache.lucene.index.SegmentReader$CoreClosedListener",1,0.00,1.00,2,0.01,52.70,1,0,17,1,1,146.21,0,3,0,1,146.21,0.00,0.00,0.00,0,1.00,1,31.26,0,0,1,,0.00,0,0,1,0,0,1,0,0,12,2
"org.apache.lucene.index.SegmentReader$FieldsReaderLocal",1,0.00,1.00,3,0.03,413.69,1,0,17,2,2,132.60,0,6,0,2,132.60,0.00,0.50,0.00,0,0.00,1,98.84,0,0,2,org.apache.lucene.util.CloseableThreadLocal,0.29,1,1,1,0,1,1,0,0,28,1
"org.apache.lucene.index.SegmentTermDocs",14,0.15,2.57,123,1.50,65542.10,30,16,4,35,13,158.19,22,159,4,1,108.19,0.00,0.00,0.21,4,34.00,6,4493.63,0,0,10,java.lang.Object,0.00,21,0,36,2,21,14,1,22,879,0
"org.apache.lucene.index.SegmentTermEnum",13,0.16,2.15,109,1.24,55849.34,29,16,2,30,16,129.14,39,146,7,2,108.53,0.00,0.50,0.21,1,0.00,7,3707.24,1,4,9,org.apache.lucene.index.TermEnum,0.47,17,1,28,0,17,9,1,28,724,1
"org.apache.lucene.index.SegmentTermPositionVector",3,0.00,2.33,20,0.23,7431.53,6,3,0,3,5,65.05,28,30,2,2,115.05,0.00,0.50,0.33,0,5.00,3,703.11,0,0,3,org.apache.lucene.index.SegmentTermVector,0.00,0,1,7,0,0,3,1,3,160,0
"org.apache.lucene.index.SegmentTermPositions",15,0.16,1.87,91,0.84,22975.42,22,7,3,23,7,156.63,37,123,2,2,116.75,0.00,0.50,0.30,4,24.00,4,2514.06,3,0,6,org.apache.lucene.index.SegmentTermDocs,0.34,8,1,28,0,8,15,1,37,552,1
"org.apache.lucene.index.SegmentTermVector",8,0.00,1.88,41,0.40,15373.39,11,3,1,13,5,168.92,9,49,4,1,118.92,0.00,0.00,0.33,0,12.00,4,1206.93,0,3,1,java.lang.Object,0.00,5,0,15,1,5,5,1,6,274,0
"org.apache.lucene.index.SegmentWriteState",1,11.00,1.00,20,0.20,3077.47,12,11,3,1,23,142.27,23,23,19,1,95.00,0.00,0.00,0.00,0,1.00,1,609.67,0,0,4,java.lang.Object,0.00,0,0,1,0,0,1,0,10,132,1
"org.apache.lucene.index.SerialMergeScheduler",2,0.00,2.00,7,0.08,2050.42,2,0,1,4,16,169.22,5,14,13,2,129.33,1.00,0.33,0.00,0,2.00,3,228.37,0,0,3,org.apache.lucene.index.MergeScheduler,0.50,2,1,4,1,2,2,0,2,55,1
"org.apache.lucene.index.SlowMultiReaderWrapper",4,0.00,1.00,11,0.12,2883.17,4,0,2,8,4,187.27,4,18,1,3,137.27,0.00,0.67,0.00,1,4.00,1,348.07,1,3,3,org.apache.lucene.index.MultiReader,0.05,4,2,4,0,4,1,0,1,90,1
"org.apache.lucene.index.SnapshotDeletionPolicy",12,0.02,2.83,84,1.13,47019.45,16,4,10,37,9,60.94,115,113,6,1,110.94,0.00,0.00,0.27,4,30.00,10,3387.35,0,2,3,java.lang.Object,0.00,25,0,34,1,25,10,1,21,689,1
"org.apache.lucene.index.SnapshotDeletionPolicy$SnapshotCommitPoint",12,0.18,1.08,28,0.24,3894.96,13,1,10,21,3,139.98,6,53,0,2,139.98,0.00,0.50,0.83,2,0.00,2,734.47,0,5,3,org.apache.lucene.index.IndexCommit,0.72,9,1,13,0,9,7,0,3,202,1
"org.apache.lucene.index.SnapshotDeletionPolicy$SnapshotInfo",2,0.00,1.00,10,0.07,1118.76,5,3,10,2,1,123.29,0,14,0,1,123.29,0.00,0.00,0.33,0,2.00,1,221.39,0,1,1,java.lang.Object,0.00,0,0,2,0,0,1,0,0,61,2
"org.apache.lucene.index.SortedTermVectorMapper",5,0.10,2.80,42,0.72,61018.36,10,5,1,18,5,72.67,34,66,2,2,104.90,0.00,0.50,0.28,0,2.00,10,2174.46,0,1,3,org.apache.lucene.index.TermVectorMapper,0.00,13,1,14,0,13,4,0,9,412,1
"org.apache.lucene.index.StaleReaderException",1,0.00,1.00,3,0.02,106.02,1,0,1,1,3,88.78,10,5,3,2,137.25,0.00,0.50,0.00,0,1.00,1,45.51,0,0,0,java.io.IOException,0.00,0,1,1,0,0,1,0,1,16,1
"org.apache.lucene.index.StoredFieldsWriter",9,0.16,1.78,61,0.58,15354.22,16,7,4,23,9,116.39,8,80,2,1,116.39,0.00,0.00,0.29,3,14.00,3,1741.47,0,2,8,java.lang.Object,0.00,14,0,16,0,14,7,0,8,387,1
"org.apache.lucene.index.StoredFieldsWriter$PerDoc",4,0.00,1.00,15,0.12,1471.44,7,3,4,10,1,133.00,0,23,0,2,133.00,0.00,0.50,0.33,1,4.00,1,349.72,0,0,1,DocumentsWriter.DocWriter,0.00,6,1,4,0,6,4,0,0,92,0
"org.apache.lucene.index.StoredFieldsWriterPerThread",5,0.25,1.60,32,0.33,8457.92,9,4,3,14,6,166.44,5,43,2,1,116.44,0.00,0.00,0.45,0,0.00,2,990.05,0,1,5,java.lang.Object,0.00,9,0,8,0,9,4,0,5,220,1
"org.apache.lucene.index.Term",12,0.27,2.08,45,0.53,19339.86,14,2,1,19,484,128.01,52,67,483,1,127.78,0.00,0.00,0.75,0,0.00,10,1589.33,0,4,1,java.lang.Object,0.00,7,0,25,0,7,8,2,12,377,2
"org.apache.lucene.index.TermBuffer",9,0.27,2.11,76,0.89,33743.36,15,6,3,27,6,159.00,11,97,2,1,109.00,0.00,0.00,0.41,1,0.00,4,2684.22,1,2,4,java.lang.Object,0.00,18,0,19,0,18,7,1,9,562,1
"org.apache.lucene.index.TermDocs",8,0.00,1.00,9,0.06,313.23,8,0,2,8,87,140.58,41,10,85,2,158.46,0.00,0.50,0.00,0,8.00,1,175.15,0,0,2,,0.00,0,1,8,0,0,8,0,9,63,1
"org.apache.lucene.index.TermEnum",4,0.00,1.00,5,0.03,231.17,4,0,2,4,104,197.01,8,6,103,1,157.13,0.00,0.00,0.00,0,4.00,1,98.67,0,0,1,java.lang.Object,0.00,0,0,4,16,0,4,1,5,35,2
"org.apache.lucene.index.TermFreqVector",6,0.00,1.00,7,0.04,253.51,6,0,0,6,42,110.09,51,8,42,1,158.20,0.00,0.00,0.00,0,6.00,1,125.08,0,2,0,,0.00,0,0,6,0,0,4,0,8,46,1
"org.apache.lucene.index.TermInfo",5,0.38,1.00,25,0.18,2904.13,9,4,0,5,11,143.78,18,29,11,1,123.16,0.00,0.00,0.55,0,2.00,1,538.58,0,0,0,java.lang.Object,0.00,0,0,5,1,0,5,0,3,147,0
"org.apache.lucene.index.TermInfosReader",0,0.00,0.00,15,0.22,6524.70,11,11,6,2,8,171.00,7,15,1,1,171.00,0.00,0.00,0.00,0,0.00,0,652.47,0,0,7,java.lang.Object,0.00,2,0,0,0,2,0,1,3,121,1
"org.apache.lucene.index.TermInfosReader$CloneableTerm",4,0.33,1.00,11,0.11,1833.90,5,1,6,10,1,138.81,0,19,0,2,138.81,0.00,0.50,0.75,0,0.00,1,341.89,0,1,1,DoubleBarrelLRUCache.CloneableKey,0.00,6,1,4,0,6,3,0,0,91,2
"org.apache.lucene.index.TermInfosReader$TermInfoAndOrd",1,1.00,1.00,6,0.05,709.40,2,1,6,1,1,119.52,0,8,0,2,119.52,0.00,0.50,0.00,0,1.00,1,136.97,0,0,1,org.apache.lucene.index.TermInfo,0.00,0,1,1,0,0,1,0,0,36,3
"org.apache.lucene.index.TermInfosReader$ThreadResources",13,0.92,2.77,117,1.62,131082.45,14,1,6,30,9,143.53,26,165,0,1,103.64,0.00,0.00,0.15,5,56.00,11,4848.48,0,3,9,java.lang.Object,0.00,17,0,36,0,17,10,0,26,903,3
"org.apache.lucene.index.TermInfosReaderIndex",9,0.19,2.22,103,1.55,78645.21,17,8,11,47,11,50.93,83,118,3,1,100.93,0.00,0.00,0.29,3,12.00,7,4639.47,0,0,8,java.lang.Object,0.00,38,0,20,0,38,9,0,16,840,0
"org.apache.lucene.index.TermInfosWriter",9,0.19,2.89,112,1.74,104188.98,28,19,7,35,12,66.28,55,154,4,1,98.50,0.00,0.00,0.22,5,0.00,7,5225.94,0,0,8,java.lang.Object,0.00,26,0,26,0,26,9,1,42,961,1
"org.apache.lucene.index.TermPositionVector",2,0.00,1.00,3,0.02,138.91,2,0,0,2,14,165.63,34,4,13,2,156.50,0.00,0.50,0.00,0,2.00,1,61.97,0,0,1,,0.00,0,1,2,0,0,2,0,4,22,1
"org.apache.lucene.index.TermPositions",4,0.00,1.00,5,0.03,177.88,4,0,1,4,59,113.89,45,8,59,2,158.02,0.00,0.50,0.00,0,4.00,1,93.08,0,0,0,,0.00,0,1,4,0,0,4,0,5,34,1
"org.apache.lucene.index.TermVectorAccessor",3,0.00,4.00,52,0.77,52207.84,7,4,4,30,8,90.92,48,59,1,1,91.39,0.00,0.00,0.25,1,5.00,9,2316.18,0,0,7,java.lang.Object,0.00,27,0,12,0,27,3,0,8,407,1
"org.apache.lucene.index.TermVectorAccessor$TermVectorMapperDecorator",5,0.12,1.00,14,0.15,2373.45,7,2,4,10,2,138.69,0,25,0,2,138.69,0.00,0.50,0.60,0,0.00,1,462.46,0,0,2,org.apache.lucene.index.TermVectorMapper,0.50,5,1,5,0,5,5,0,0,119,2
"org.apache.lucene.index.TermVectorEntry",13,0.05,1.38,39,0.37,9728.94,18,5,0,16,8,180.49,19,60,7,1,130.49,0.00,0.00,0.15,0,69.00,5,1101.38,0,3,1,java.lang.Object,0.00,3,0,18,0,3,10,0,3,277,1
"org.apache.lucene.index.TermVectorEntryFreqSortedComparator",1,0.00,3.00,9,0.11,4356.12,1,0,1,5,4,88.62,5,15,3,1,106.49,0.00,0.00,0.00,0,1.00,3,331.60,0,0,1,java.lang.Object,0.00,4,0,3,0,4,1,1,1,78,1
"org.apache.lucene.index.TermVectorMapper",7,0.42,1.00,14,0.10,1089.32,9,2,0,7,19,92.51,67,22,18,1,142.51,0.00,0.00,0.14,0,17.00,1,307.39,0,0,1,java.lang.Object,0.00,0,0,7,7,0,7,0,8,92,2
"org.apache.lucene.index.TermVectorOffsetInfo",8,0.10,1.50,28,0.24,6972.22,11,3,1,8,30,130.19,38,39,30,1,129.95,0.00,0.00,0.25,0,12.00,5,723.90,0,0,0,java.lang.Object,0.00,0,0,12,0,0,8,1,6,181,1
"org.apache.lucene.index.TermVectorsReader",21,0.10,3.00,283,3.50,261764.15,36,15,8,50,22,97.18,91,334,8,1,96.94,0.00,0.00,0.16,8,45.00,16,10497.99,1,7,14,java.lang.Object,0.00,29,0,63,0,29,14,2,65,1904,0
"org.apache.lucene.index.TermVectorsTermsWriter",9,0.31,2.89,114,1.57,74970.00,18,9,8,32,15,149.63,17,144,3,2,99.63,0.00,0.50,0.38,3,14.00,5,4716.17,0,0,14,org.apache.lucene.index.TermsHashConsumer,0.31,23,1,26,0,23,9,0,16,867,1
"org.apache.lucene.index.TermVectorsTermsWriter$PerDoc",5,0.15,1.40,25,0.24,5203.90,10,5,8,13,2,121.09,0,36,0,2,121.09,0.00,0.50,0.32,1,6.00,3,707.08,0,0,2,DocumentsWriter.DocWriter,0.00,8,1,7,0,8,5,0,0,169,0
"org.apache.lucene.index.TermVectorsTermsWriterPerField",11,0.21,2.82,139,1.94,138923.56,22,11,6,36,15,138.09,23,171,2,2,98.21,0.00,0.50,0.28,0,0.00,11,5823.14,0,1,15,org.apache.lucene.index.TermsHashConsumerPerField,0.63,25,1,31,0,25,10,0,20,1018,1
"org.apache.lucene.index.TermVectorsTermsWriterPerField$TermVectorsPostingsArray",4,0.22,1.00,20,0.21,4831.85,7,3,6,6,2,120.66,3,28,0,2,120.66,0.00,0.50,0.50,0,4.00,1,633.94,2,1,2,org.apache.lucene.index.ParallelPostingsArray,0.44,2,1,4,0,2,3,0,3,153,2
"org.apache.lucene.index.TermVectorsTermsWriterPerThread",7,0.00,1.43,34,0.33,6993.24,14,7,1,13,9,124.84,3,56,2,2,124.84,0.00,0.50,0.14,1,17.00,2,986.41,0,1,9,org.apache.lucene.index.TermsHashConsumerPerThread,0.55,6,1,10,0,6,6,0,3,232,1
"org.apache.lucene.index.TermVectorsWriter",5,0.43,4.40,128,1.99,237746.23,12,7,6,35,12,49.46,30,139,1,1,81.68,0.00,0.00,0.49,0,0.00,15,5978.02,0,0,11,java.lang.Object,0.00,30,0,22,0,30,5,0,20,993,1
"org.apache.lucene.index.TermsHash",7,0.00,2.14,44,0.69,39128.50,11,4,6,23,14,162.29,8,70,3,2,112.29,0.00,0.50,0.25,0,0.00,8,2060.80,0,0,12,org.apache.lucene.index.InvertedDocConsumer,0.33,16,1,15,0,16,7,0,1,406,1
"org.apache.lucene.index.TermsHashConsumer",4,1.00,1.00,7,0.06,503.15,5,1,3,4,8,154.47,0,9,4,1,154.47,0.00,0.00,0.00,0,4.00,1,171.24,0,1,4,java.lang.Object,0.00,0,0,4,2,0,3,0,0,51,1
"org.apache.lucene.index.TermsHashConsumerPerField",8,0.00,1.00,9,0.07,388.64,8,0,2,8,10,157.72,0,10,8,1,157.72,0.00,0.00,0.00,0,8.00,1,198.29,0,1,2,java.lang.Object,0.00,0,0,8,2,0,7,0,0,67,1
"org.apache.lucene.index.TermsHashConsumerPerThread",4,0.00,1.00,5,0.03,220.08,4,0,1,4,10,157.29,0,6,7,1,157.29,0.00,0.00,0.00,0,4.00,1,104.91,0,2,3,java.lang.Object,0.00,0,0,4,2,0,2,0,0,36,1
"org.apache.lucene.index.TermsHashPerField",20,0.16,3.45,294,4.35,418521.44,43,23,7,51,24,133.82,42,359,8,2,93.94,0.00,0.50,0.20,7,6.00,17,13056.34,0,0,17,org.apache.lucene.index.InvertedDocConsumerPerField,0.24,31,1,69,0,31,20,0,40,2242,1
"org.apache.lucene.index.TermsHashPerField$SorterTemplate",5,0.08,2.20,36,0.59,26794.19,8,3,7,5,1,109.93,4,55,0,1,109.93,0.00,0.00,0.40,1,0.00,5,1766.54,0,0,1,java.lang.Object,0.00,0,0,11,0,0,5,0,3,361,0
"org.apache.lucene.index.TermsHashPerThread",6,0.28,2.17,44,0.50,15786.83,14,8,1,20,17,112.37,2,70,8,2,112.37,0.00,0.50,0.35,1,0.00,3,1513.14,0,1,11,org.apache.lucene.index.InvertedDocConsumerPerThread,0.60,14,1,13,0,14,5,0,2,329,1
"org.apache.lucene.index.Test2BPostings",1,0.00,5.00,30,0.56,27406.64,1,0,10,32,13,48.36,6,40,0,2,80.58,0.00,0.50,0.00,0,1.00,5,1688.97,0,0,13,org.apache.lucene.util.LuceneTestCase,0.00,31,1,5,0,31,1,0,3,264,1
"org.apache.lucene.index.Test2BPostings$MyTokenStream",3,0.33,1.33,14,0.13,2360.65,6,3,10,5,2,125.67,0,21,0,3,125.67,0.00,0.67,0.56,0,0.00,2,387.01,0,0,2,org.apache.lucene.analysis.TokenStream,0.55,2,2,4,0,2,3,0,0,93,3
"org.apache.lucene.index.Test2BTerms",4,0.00,4.00,98,1.93,111636.79,4,0,13,63,14,124.07,11,116,0,2,84.19,0.00,0.50,0.00,1,4.00,5,5781.65,0,2,14,org.apache.lucene.util.LuceneTestCase,0.00,59,1,16,0,59,2,0,11,899,1
"org.apache.lucene.index.Test2BTerms$MyTokenStream",3,0.57,1.67,28,0.34,9116.69,10,7,13,11,2,107.86,0,36,0,3,107.86,0.00,0.67,0.52,0,0.00,3,1017.69,0,0,2,org.apache.lucene.analysis.TokenStream,0.55,8,2,5,0,8,3,0,0,204,2
"org.apache.lucene.index.TestAddIndexes",25,0.00,2.16,487,7.54,338280.62,25,0,18,107,19,111.20,77,574,0,2,90.59,0.00,0.50,0.00,6,25.00,4,22617.56,0,1,19,org.apache.lucene.util.LuceneTestCase,0.00,82,1,54,0,82,24,0,77,3946,1
"org.apache.lucene.index.TestAddIndexes$CommitAndAddIndexes",3,0.00,4.33,30,0.39,17187.84,3,0,18,12,1,103.77,0,48,0,2,103.77,0.00,0.50,0.00,0,3.00,11,1174.18,0,0,1,org.apache.lucene.index.RunAddIndexesThreads,0.00,9,1,13,0,9,3,0,0,228,1
"org.apache.lucene.index.TestAddIndexes$CommitAndAddIndexes2",2,0.00,1.50,8,0.08,1521.88,2,0,18,4,0,125.76,0,14,0,2,125.76,0.00,0.50,0.00,0,2.00,2,238.21,0,0,0,org.apache.lucene.index.CommitAndAddIndexes,0.00,2,1,3,0,2,2,0,0,59,1
"org.apache.lucene.index.TestAddIndexes$CommitAndAddIndexes3",3,0.00,6.00,39,0.53,23521.45,3,0,18,12,2,98.37,0,60,0,2,98.37,0.00,0.50,0.00,0,3.00,11,1587.29,0,0,2,org.apache.lucene.index.RunAddIndexesThreads,0.00,9,1,18,0,9,3,0,0,303,1
"org.apache.lucene.index.TestAddIndexes$RunAddIndexesThreads",7,0.03,2.00,59,0.56,17000.49,17,10,18,19,7,110.49,0,50,0,1,110.49,0.00,0.00,0.13,0,19.00,4,1685.65,0,0,7,java.lang.Object,0.00,12,0,14,0,12,7,0,0,345,2
"org.apache.lucene.index.TestAddIndexes$RunAddIndexesThreads$Thread",1,0.00,5.00,14,0.15,7555.83,1,0,18,3,1,147.34,1,17,0,1,97.34,0.00,0.00,0.00,0,0.00,5,439.08,0,0,1,java.lang.Object,0.00,2,0,5,0,2,1,0,1,85,0
"org.apache.lucene.index.TestAllZerosSegmentsFile",1,0.00,2.00,18,0.22,6401.60,1,0,4,16,7,94.04,0,20,0,2,94.04,0.00,0.50,0.00,0,1.00,2,674.54,0,0,7,org.apache.lucene.util.LuceneTestCase,0.00,15,1,2,0,15,1,0,0,124,1
"org.apache.lucene.index.TestAtomicUpdate",2,0.00,2.50,57,0.85,45521.94,2,0,7,33,10,40.20,14,61,0,2,82.50,0.00,0.50,0.00,1,2.00,4,2547.13,0,0,10,org.apache.lucene.util.LuceneTestCase,0.00,31,1,5,0,31,2,0,8,422,1
"org.apache.lucene.index.TestAtomicUpdate$IndexerThread",2,1.00,1.50,14,0.21,6899.25,3,1,7,9,5,111.52,1,16,0,2,111.52,0.00,0.50,0.50,0,2.00,2,643.98,0,0,5,org.apache.lucene.index.TimedThread,0.00,7,1,3,0,7,2,0,1,129,2
"org.apache.lucene.index.TestAtomicUpdate$MockIndexWriter",2,1.00,1.50,7,0.07,817.19,3,1,7,4,3,132.55,1,12,0,2,132.55,0.00,0.50,0.50,0,2.00,2,211.12,0,0,3,org.apache.lucene.index.IndexWriter,0.00,2,1,3,0,2,2,0,1,54,3
"org.apache.lucene.index.TestAtomicUpdate$SearcherThread",2,1.00,1.00,9,0.09,1239.47,3,1,7,6,2,126.55,0,13,0,2,126.55,0.00,0.50,0.50,0,2.00,1,257.15,0,0,2,org.apache.lucene.index.TimedThread,0.00,4,1,2,0,4,2,0,0,64,2
"org.apache.lucene.index.TestAtomicUpdate$TimedThread",4,0.08,2.00,23,0.28,8474.76,8,4,7,9,0,118.58,0,31,0,2,118.58,0.00,0.50,0.31,2,4.00,3,833.97,0,0,0,org.apache.lucene.analysis.Thread,0.00,5,1,8,0,5,4,0,0,175,3
"org.apache.lucene.index.TestBackwardsCompatibility",22,0.15,3.64,487,8.43,501955.91,26,4,28,130,32,68.43,112,547,0,2,86.31,0.00,0.50,0.10,10,102.00,12,25299.47,0,2,32,org.apache.lucene.util.LuceneTestCase,0.00,108,1,80,0,108,20,0,67,4121,1
"org.apache.lucene.index.TestBackwardsCompatibility$FieldSelector",1,0.00,2.00,3,0.03,518.00,1,0,28,2,1,131.67,0,4,0,1,131.67,0.00,0.00,0.00,0,1.00,2,100.00,0,1,1,java.lang.Object,0.00,1,0,2,0,1,0,0,0,27,0
"org.apache.lucene.index.TestByteSlices",1,0.00,14.00,57,0.82,89808.99,1,0,3,16,3,115.89,1,54,0,2,65.89,0.00,0.50,0.00,0,1.00,14,2466.64,0,0,3,org.apache.lucene.util.LuceneTestCase,0.00,15,1,14,0,15,1,0,1,410,1
"org.apache.lucene.index.TestByteSlices$ByteBlockAllocator",3,1.00,2.00,20,0.24,8319.98,4,1,3,6,1,114.70,2,24,0,2,114.70,0.00,0.50,0.33,0,4.00,2,734.16,0,0,1,ByteBlockPool.Allocator,0.00,3,1,6,0,3,3,0,2,160,2
"org.apache.lucene.index.TestCheckIndex",2,0.00,2.50,54,0.99,46686.90,2,0,11,35,8,83.00,1,59,0,2,83.00,0.00,0.50,0.00,0,2.00,4,2957.87,0,0,8,org.apache.lucene.util.LuceneTestCase,0.00,33,1,5,0,33,2,0,1,463,1
"org.apache.lucene.index.TestCompoundFile",24,0.43,1.88,403,4.91,251160.42,25,1,11,57,9,114.90,92,450,0,2,94.28,0.00,0.50,0.58,9,0.00,6,14738.51,2,0,9,org.apache.lucene.util.LuceneTestCase,0.00,33,1,45,0,33,24,0,70,2796,1
"org.apache.lucene.index.TestConcurrentMergeScheduler",4,0.00,6.50,131,1.94,93242.14,4,0,7,42,9,100.65,15,144,0,2,80.03,0.00,0.50,0.00,0,4.00,9,5830.04,0,0,9,org.apache.lucene.util.LuceneTestCase,0.00,38,1,26,0,38,4,0,15,940,1
"org.apache.lucene.index.TestConcurrentMergeScheduler$FailOnlyOnFlush",3,0.00,2.67,24,0.29,10416.24,5,2,7,11,1,109.21,0,33,0,2,109.21,0.00,0.50,0.50,0,1.00,6,860.34,0,0,1,MockDirectoryWrapper.Failure,0.00,8,1,8,0,8,3,0,0,169,1
"org.apache.lucene.index.TestCrash",10,0.00,1.20,97,1.20,26669.06,10,0,9,41,9,129.00,38,109,0,2,108.38,0.00,0.50,0.00,2,10.00,3,3596.69,0,2,9,org.apache.lucene.util.LuceneTestCase,0.00,31,1,12,0,31,8,0,11,728,1
"org.apache.lucene.index.TestCrashCausesCorruptIndex",5,0.12,1.20,46,0.52,9882.86,7,2,15,32,14,59.41,45,56,0,2,109.41,0.00,0.50,0.60,4,0.00,2,1552.69,0,1,14,org.apache.lucene.util.LuceneTestCase,0.00,27,1,6,0,27,4,0,18,319,1
"org.apache.lucene.index.TestCrashCausesCorruptIndex$CrashAfterCreateOutput",11,0.05,1.18,33,0.37,8022.92,13,2,15,27,3,170.50,28,56,0,2,130.62,0.00,0.50,0.45,0,0.00,3,1104.92,1,3,3,org.apache.lucene.store.Directory,0.12,16,1,13,0,16,8,0,10,266,2
"org.apache.lucene.index.TestCrashCausesCorruptIndex$CrashingException",1,1.00,1.00,4,0.03,311.83,2,1,15,1,0,149.52,3,6,0,2,128.90,0.00,0.50,0.00,0,1.00,1,89.21,0,0,0,java.lang.RuntimeException,0.00,0,1,1,0,0,1,0,1,26,2
"org.apache.lucene.index.TestDeletionPolicy",9,0.00,9.00,442,7.15,806590.02,9,0,16,73,18,19.97,97,504,0,2,68.45,0.00,0.50,0.00,1,9.00,19,21461.13,0,0,18,org.apache.lucene.util.LuceneTestCase,0.00,64,1,81,0,64,9,0,71,3281,1
"org.apache.lucene.index.TestDeletionPolicy$ExpirationTimeDeletionPolicy",3,0.00,2.33,20,0.24,9927.67,6,3,16,10,3,114.06,1,25,0,1,114.06,0.00,0.00,0.33,1,4.00,4,708.38,0,0,3,java.lang.Object,0.00,7,0,7,0,7,3,1,1,149,0
"org.apache.lucene.index.TestDeletionPolicy$KeepAllDeletionPolicy",2,0.33,2.00,14,0.19,5052.35,5,3,16,10,4,112.52,0,17,0,1,112.52,0.00,0.00,0.50,0,2.00,2,559.18,0,0,4,java.lang.Object,0.00,8,0,4,0,8,2,1,0,117,0
"org.apache.lucene.index.TestDeletionPolicy$KeepLastNDeletionPolicy",4,0.00,3.00,33,0.36,11612.69,9,5,16,14,2,109.79,3,40,0,1,109.79,0.00,0.00,0.20,1,8.00,5,1088.69,0,0,2,java.lang.Object,0.00,10,0,12,0,10,4,1,3,223,0
"org.apache.lucene.index.TestDeletionPolicy$KeepNoneOnInitDeletionPolicy",2,0.00,3.00,19,0.17,5248.19,4,2,16,9,2,158.23,2,20,0,1,108.23,0.00,0.00,0.50,0,2.00,3,514.00,0,0,2,java.lang.Object,0.00,7,0,6,0,7,2,1,2,112,0
"org.apache.lucene.index.TestDirectoryReader",10,0.09,1.80,135,1.72,64033.95,15,5,8,55,15,149.34,14,153,0,2,99.34,1.00,0.33,0.28,4,10.00,3,5150.88,2,1,15,org.apache.lucene.util.LuceneTestCase,0.00,45,1,18,1,45,9,0,14,1002,1
"org.apache.lucene.index.TestDoc",7,0.06,2.29,120,1.74,76727.25,10,3,17,64,15,132.98,14,152,1,2,93.10,0.00,0.50,0.29,4,11.00,5,5209.32,1,3,14,org.apache.lucene.util.LuceneTestCase,0.00,57,1,16,0,57,4,0,5,944,1
"org.apache.lucene.index.TestDocumentWriter",9,0.00,1.22,148,2.55,94688.37,10,1,21,53,24,134.25,22,161,0,2,94.36,0.00,0.50,1.00,0,0.00,3,7653.28,2,0,24,org.apache.lucene.util.LuceneTestCase,0.00,44,1,11,0,44,9,0,15,1314,1
"org.apache.lucene.index.TestDocumentWriter$Analyzer",2,0.00,1.00,5,0.04,500.23,2,0,21,3,1,140.89,0,9,0,1,140.89,0.00,0.00,0.00,0,2.00,1,130.60,0,1,1,java.lang.Object,0.00,1,0,2,0,1,1,0,0,36,0
"org.apache.lucene.index.TestDocumentWriter$Analyzer_0",1,0.00,1.00,3,0.02,273.52,1,0,21,3,1,134.01,0,5,0,1,134.01,0.00,0.00,0.00,0,1.00,1,74.42,0,1,1,java.lang.Object,0.00,2,0,1,0,2,0,0,0,21,0
"org.apache.lucene.index.TestDocumentWriter$Analyzer_0$WhitespaceTokenizer",2,1.00,3.00,27,0.33,10041.65,7,5,21,11,4,150.05,2,34,0,1,100.05,0.00,0.00,0.70,0,0.00,5,976.64,1,0,4,java.lang.Object,0.00,9,0,6,0,9,2,0,2,193,0
"org.apache.lucene.index.TestDocumentWriter$TokenStream",1,0.00,2.00,11,0.12,2455.90,4,3,21,4,1,105.30,0,14,0,1,105.30,0.00,0.00,1.00,0,0.00,2,355.23,0,0,1,java.lang.Object,0.00,3,0,2,0,3,1,0,0,78,0
"org.apache.lucene.index.TestFieldInfos",2,0.00,1.00,36,0.48,23011.77,3,1,6,16,6,132.08,5,40,0,2,92.20,0.00,0.50,1.00,0,0.00,1,1444.43,1,0,6,org.apache.lucene.util.LuceneTestCase,0.00,14,1,2,0,14,2,0,5,270,1
"org.apache.lucene.index.TestFieldNormModifier",6,0.20,2.17,102,1.41,71841.95,8,2,13,34,13,132.69,15,107,0,2,92.81,0.00,0.50,0.67,0,0.00,3,4224.56,2,0,13,org.apache.lucene.util.LuceneTestCase,0.00,28,1,13,0,28,6,0,13,768,1
"org.apache.lucene.index.TestFieldNormModifier$Collector",4,0.33,1.00,11,0.11,1745.14,6,2,13,5,2,138.98,0,19,0,1,138.98,0.00,0.00,0.25,0,6.00,1,339.96,0,0,2,java.lang.Object,0.00,1,0,4,0,1,4,0,0,87,0
"org.apache.lucene.index.TestFieldNormModifier$Collector_0",4,0.33,1.00,11,0.11,1745.14,6,2,13,5,2,138.98,0,19,0,1,138.98,0.00,0.00,0.25,0,6.00,1,339.96,0,0,2,java.lang.Object,0.00,1,0,4,0,1,4,0,0,87,0
"org.apache.lucene.index.TestFieldNormModifier$Collector_1",4,0.33,1.00,11,0.11,1745.14,6,2,13,5,2,138.98,0,19,0,1,138.98,0.00,0.00,0.25,0,6.00,1,339.96,0,0,2,java.lang.Object,0.00,1,0,4,0,1,4,0,0,87,0
"org.apache.lucene.index.TestFieldNormModifier$DefaultSimilarity",1,0.00,2.00,3,0.06,1376.59,1,0,13,4,1,128.33,0,5,0,1,128.33,0.00,0.00,0.00,0,1.00,2,168.54,0,0,1,java.lang.Object,0.00,3,0,2,0,3,1,0,0,40,0
"org.apache.lucene.index.TestFieldsReader",13,0.29,2.23,351,5.77,371822.59,17,4,27,94,24,132.33,20,366,0,2,82.33,0.00,0.50,0.52,1,0.00,7,17300.00,1,0,24,org.apache.lucene.util.LuceneTestCase,0.00,81,1,29,0,81,13,0,14,2844,1
"org.apache.lucene.index.TestFieldsReader$FaultyFSDirectory",10,0.00,1.00,23,0.26,4208.87,11,1,27,21,3,139.11,2,44,0,2,139.11,0.00,0.50,1.00,0,0.00,1,776.01,0,3,3,org.apache.lucene.store.Directory,0.13,11,1,10,0,11,7,0,1,202,2
"org.apache.lucene.index.TestFieldsReader$FaultyIndexInput",7,0.00,1.14,21,0.21,3266.34,10,3,27,14,2,132.15,1,35,0,4,132.15,0.00,0.75,0.33,1,0.00,2,641.56,0,1,2,org.apache.lucene.store.BufferedIndexInput,0.37,7,3,8,0,7,6,0,1,162,2
"org.apache.lucene.index.TestFieldsReader$FieldSelector",1,0.00,3.00,3,0.08,1823.83,1,0,27,2,2,127.27,0,10,0,1,127.27,0.00,0.00,0.00,0,1.00,3,227.62,0,1,2,java.lang.Object,0.00,1,0,3,0,1,0,0,0,54,0
"org.apache.lucene.index.TestFieldsReader$SetBasedFieldSelector",1,0.00,2.00,7,0.06,1914.89,1,0,27,1,1,113.47,0,10,0,1,113.47,0.00,0.00,0.00,0,1.00,2,182.42,1,1,1,java.lang.Object,0.00,0,0,2,0,0,0,0,0,44,0
"org.apache.lucene.index.TestFilterIndexReader",0,0.00,0.00,2,0.01,129.56,0,0,8,0,4,171.00,0,2,0,2,171.00,0.00,0.50,0.00,0,0.00,0,43.19,0,0,4,org.apache.lucene.util.LuceneTestCase,0.00,0,1,0,0,0,0,0,0,13,1
"org.apache.lucene.index.TestFilterIndexReader$TestReader",5,0.00,1.60,44,0.69,32021.57,5,0,8,36,11,157.23,9,53,0,3,107.23,0.00,0.67,0.00,0,7.00,4,2068.76,0,2,11,org.apache.lucene.index.FilterIndexReader,0.05,31,2,8,0,31,3,0,6,366,2
"org.apache.lucene.index.TestFilterIndexReader$TestReader$TestTermEnum",2,0.00,2.00,7,0.08,1465.23,2,0,8,5,1,130.48,1,13,0,2,130.48,0.00,0.50,0.00,0,2.00,3,228.47,0,0,1,org.apache.lucene.index.FilterTermEnum,0.00,3,1,4,0,3,2,0,1,56,2
"org.apache.lucene.index.TestFilterIndexReader$TestReader$TestTermPositions",2,0.00,2.00,7,0.07,1306.77,2,0,8,3,1,130.87,1,13,0,2,130.87,0.00,0.50,0.00,0,2.00,3,201.27,0,0,1,org.apache.lucene.index.FilterTermPositions,0.00,1,1,4,0,1,2,0,1,51,2
"org.apache.lucene.index.TestForTooMuchCloning",1,0.00,3.00,33,0.54,21730.60,1,0,11,26,12,37.66,7,36,0,2,79.95,0.00,0.50,0.00,0,1.00,3,1606.81,0,0,12,org.apache.lucene.util.LuceneTestCase,0.00,25,1,3,0,25,1,0,7,257,1
"org.apache.lucene.index.TestForceMergeForever",1,0.00,4.00,33,0.48,23494.65,1,0,8,25,7,100.23,3,34,0,2,79.62,0.00,0.50,0.00,0,1.00,4,1433.03,0,0,7,org.apache.lucene.util.LuceneTestCase,0.00,24,1,4,0,24,1,0,3,239,1
"org.apache.lucene.index.TestForceMergeForever$MyIndexWriter",2,0.00,2.00,12,0.15,3727.31,4,2,8,6,4,116.06,0,18,0,2,116.06,0.00,0.50,0.50,0,2.00,3,458.96,1,0,4,org.apache.lucene.index.IndexWriter,0.00,4,1,4,0,4,2,0,0,99,2
"org.apache.lucene.index.TestForceMergeForever$Thread",1,0.00,3.00,7,0.10,2161.29,1,0,8,8,1,162.96,1,13,0,1,112.96,0.00,0.00,0.00,0,1.00,3,295.53,0,0,1,java.lang.Object,0.00,7,0,3,0,7,1,0,1,61,0
"org.apache.lucene.index.TestIndexCommit",1,0.00,1.00,8,0.08,1602.80,1,0,6,7,2,162.08,1,11,0,2,112.08,0.00,0.50,0.00,0,1.00,1,228.12,0,0,2,org.apache.lucene.util.LuceneTestCase,0.00,6,1,1,0,6,1,0,1,53,1
"org.apache.lucene.index.TestIndexCommit$IndexCommit",10,0.00,1.00,20,0.14,1816.49,10,0,6,10,1,141.98,0,11,0,1,141.98,0.00,0.00,0.00,0,10.00,1,425.24,0,4,1,java.lang.Object,0.00,0,0,10,0,0,6,0,0,124,0
"org.apache.lucene.index.TestIndexCommit$IndexCommit_0",10,0.00,1.00,20,0.14,1816.49,10,0,6,10,1,141.98,0,11,0,1,141.98,0.00,0.00,0.00,0,10.00,1,425.24,0,4,1,java.lang.Object,0.00,0,0,10,0,0,6,0,0,124,0
"org.apache.lucene.index.TestIndexFileDeleter",5,0.00,4.00,121,1.90,129307.26,5,0,12,56,16,34.45,45,131,0,2,84.45,0.00,0.50,0.00,3,5.00,7,5686.44,0,2,16,org.apache.lucene.util.LuceneTestCase,0.00,51,1,20,0,51,3,0,38,915,1
"org.apache.lucene.index.TestIndexInput",4,0.67,1.00,60,1.45,81191.59,5,1,5,25,4,93.44,18,97,0,2,93.21,0.00,0.50,0.50,1,4.00,1,4341.67,0,0,4,org.apache.lucene.util.LuceneTestCase,0.00,21,1,4,0,21,4,0,14,790,1
"org.apache.lucene.index.TestIndexReader",39,0.00,2.59,836,13.07,662763.77,39,0,28,166,33,108.76,127,944,3,2,88.15,0.00,0.50,0.00,5,39.00,9,39217.97,0,2,30,org.apache.lucene.util.LuceneTestCase,0.00,127,1,101,0,127,37,0,111,6784,1
"org.apache.lucene.index.TestIndexReader$IncThread",2,0.00,2.00,14,0.11,2146.87,5,3,28,6,1,115.45,0,21,0,2,115.45,0.00,0.50,0.33,0,2.00,3,339.53,0,0,1,org.apache.lucene.analysis.Thread,0.00,4,1,4,0,4,2,0,0,84,1
"org.apache.lucene.index.TestIndexReader$IndexReader.ReaderClosedListener",1,0.00,1.00,3,0.02,160.08,1,0,29,1,1,135.84,0,4,0,1,135.84,0.00,0.00,0.00,0,1.00,1,58.53,0,0,1,java.lang.Object,0.00,0,0,1,0,0,1,0,0,18,0
"org.apache.lucene.index.TestIndexReaderClone",25,0.00,1.76,305,3.69,118452.81,25,0,7,77,13,141.56,62,355,0,2,101.67,0.00,0.50,0.00,5,25.00,4,11082.87,0,0,13,org.apache.lucene.util.LuceneTestCase,0.00,52,1,44,0,52,25,0,49,2163,1
"org.apache.lucene.index.TestIndexReaderCloneNorms",12,0.08,1.83,192,2.70,112605.57,20,8,15,68,14,134.55,34,215,0,2,94.66,0.00,0.50,0.20,7,34.00,4,8113.21,1,1,14,org.apache.lucene.util.LuceneTestCase,0.00,56,1,22,0,56,11,0,28,1477,1
"org.apache.lucene.index.TestIndexReaderCloneNorms$SimilarityOne",1,0.00,1.00,3,0.03,338.69,1,0,15,2,2,183.28,1,6,0,3,133.28,0.00,0.67,0.00,0,1.00,1,85.83,0,0,2,org.apache.lucene.search.DefaultSimilarity,0.00,1,2,1,0,1,1,0,1,24,1
"org.apache.lucene.index.TestIndexReaderDelete",12,0.00,1.75,246,3.45,259890.43,12,0,12,55,11,108.81,44,258,0,2,88.20,0.00,0.50,0.00,2,12.00,5,10349.41,0,0,11,org.apache.lucene.util.LuceneTestCase,0.00,43,1,21,0,43,12,0,44,1829,1
"org.apache.lucene.index.TestIndexReaderOnDiskFull",1,0.00,27.00,116,1.85,229226.13,1,0,13,35,14,64.81,34,140,0,2,51.02,0.00,0.50,0.00,0,1.00,27,5536.74,0,0,14,org.apache.lucene.util.LuceneTestCase,0.00,34,1,27,0,34,1,0,17,761,1
"org.apache.lucene.index.TestIndexReaderReopen",26,1.00,3.81,721,8.99,710007.13,27,1,25,112,31,122.25,64,781,9,2,82.36,0.00,0.50,0.04,9,50.00,14,26966.13,0,3,22,org.apache.lucene.util.LuceneTestCase,0.00,86,1,99,0,86,23,0,53,4734,1
"org.apache.lucene.index.TestIndexReaderReopen$KeepAllCommits",2,0.00,2.00,3,0.04,350.27,2,0,25,2,1,153.17,0,6,0,1,153.17,0.00,0.00,0.00,0,2.00,2,105.69,0,0,1,java.lang.Object,0.00,0,0,4,0,0,2,1,0,31,2
"org.apache.lucene.index.TestIndexReaderReopen$ReaderCouple",1,0.00,1.00,6,0.03,288.17,3,2,25,1,1,122.60,0,8,0,1,122.60,0.00,0.00,1.00,0,0.00,1,94.21,0,0,1,java.lang.Object,0.00,0,0,1,0,0,1,0,0,29,2
"org.apache.lucene.index.TestIndexReaderReopen$ReaderThread",3,2.00,1.33,12,0.10,1431.65,5,2,25,5,0,127.38,0,19,0,2,127.38,0.00,0.50,0.00,1,3.00,2,291.27,0,0,0,org.apache.lucene.analysis.Thread,0.00,2,1,4,0,2,3,0,0,76,2
"org.apache.lucene.index.TestIndexReaderReopen$ReaderThreadTask",1,0.00,6.00,22,0.34,16962.61,1,0,25,16,5,107.82,3,32,0,1,87.21,0.00,0.00,0.00,0,1.00,6,1006.34,0,0,5,java.lang.Object,0.00,15,0,6,0,15,1,0,3,168,0
"org.apache.lucene.index.TestIndexReaderReopen$ReaderThreadTask_7",1,0.00,3.00,9,0.12,2937.40,1,0,25,7,1,107.84,0,14,0,1,107.84,0.00,0.00,0.00,0,1.00,3,359.61,0,0,1,java.lang.Object,0.00,6,0,3,0,6,1,0,0,71,0
"org.apache.lucene.index.TestIndexReaderReopen$ReaderThreadTask_8",2,1.00,1.00,5,0.03,340.21,3,1,25,2,0,142.20,0,7,0,1,142.20,0.00,0.00,0.00,0,2.00,1,103.57,0,0,0,java.lang.Object,0.00,0,0,2,0,0,2,0,0,31,3
"org.apache.lucene.index.TestIndexReaderReopen$TestReopen",2,0.00,1.00,5,0.05,730.90,2,0,25,4,2,139.59,0,9,0,1,139.59,0.00,0.00,0.00,0,2.00,1,152.55,0,1,2,java.lang.Object,0.00,2,0,2,0,2,1,0,0,41,0
"org.apache.lucene.index.TestIndexReaderReopen$TestReopen_0",2,0.00,1.00,5,0.05,730.90,2,0,25,4,2,139.59,0,9,0,1,139.59,0.00,0.00,0.00,0,2.00,1,152.55,0,1,2,java.lang.Object,0.00,2,0,2,0,2,1,0,0,41,0
"org.apache.lucene.index.TestIndexReaderReopen$TestReopen_1",2,0.00,1.00,9,0.10,2379.59,2,0,25,6,3,124.32,0,13,0,1,124.32,0.00,0.00,0.00,0,2.00,1,296.48,0,1,3,java.lang.Object,0.00,4,0,2,0,4,1,0,0,72,0
"org.apache.lucene.index.TestIndexReaderReopen$TestReopen_2",2,0.00,1.00,10,0.12,3532.16,2,0,25,7,4,169.36,2,14,0,1,119.36,0.00,0.00,0.00,0,2.00,1,361.73,0,1,4,java.lang.Object,0.00,5,0,2,0,5,1,0,2,86,0
"org.apache.lucene.index.TestIndexReaderReopen$TestReopen_3",2,0.00,1.00,6,0.08,1716.05,2,0,25,5,3,130.10,0,12,0,1,130.10,0.00,0.00,0.00,0,2.00,1,243.69,0,1,3,java.lang.Object,0.00,3,0,2,0,3,1,0,0,61,0
"org.apache.lucene.index.TestIndexReaderReopen$TestReopen_4",2,0.00,1.00,6,0.09,2347.44,2,0,25,6,4,179.03,2,13,0,1,129.03,0.00,0.00,0.00,0,2.00,1,284.88,0,1,4,java.lang.Object,0.00,4,0,2,0,4,1,0,2,70,0
"org.apache.lucene.index.TestIndexReaderReopen$TestReopen_5",2,0.00,1.50,11,0.18,6587.91,2,0,25,7,4,117.13,1,17,0,1,117.13,0.00,0.00,0.00,0,2.00,2,547.87,0,1,4,java.lang.Object,0.00,5,0,3,0,5,1,0,1,121,0
"org.apache.lucene.index.TestIndexReaderReopen$TestReopen_6",2,0.00,2.00,16,0.23,8441.96,2,0,25,13,4,108.60,0,22,0,1,108.60,0.00,0.00,0.00,0,2.00,3,686.07,0,1,4,java.lang.Object,0.00,11,0,4,0,11,1,0,0,134,0
"org.apache.lucene.index.TestIndexReaderReopen$TestReopen_9",2,0.00,1.00,3,0.02,181.82,2,0,25,2,1,155.58,0,4,0,1,155.58,0.00,0.00,0.00,0,2.00,1,72.73,0,1,1,java.lang.Object,0.00,0,0,2,0,0,1,0,0,24,3
"org.apache.lucene.index.TestIndexSorter",2,1.00,6.00,78,1.12,61688.60,6,4,12,27,10,115.77,4,86,0,2,75.89,0.00,0.50,0.75,0,0.00,10,3345.13,1,0,10,org.apache.lucene.util.LuceneTestCase,0.00,25,1,12,0,25,2,0,4,552,1
"org.apache.lucene.index.TestIndexSplitter",2,0.00,2.50,103,1.63,70591.25,2,0,8,37,12,71.52,9,108,0,2,71.28,0.00,0.50,0.00,0,2.00,4,4884.59,0,0,12,org.apache.lucene.util.LuceneTestCase,0.00,35,1,5,0,35,2,0,9,774,1
"org.apache.lucene.index.TestIndexWriterCommit",12,0.00,3.67,418,5.77,325535.11,12,0,20,85,21,46.44,72,432,0,2,78.66,0.00,0.50,0.00,0,12.00,7,17298.34,0,0,21,org.apache.lucene.util.LuceneTestCase,0.00,73,1,44,0,73,12,0,51,2963,1
"org.apache.lucene.index.TestIndexWriterCommit$Analyzer",1,0.00,1.00,3,0.03,489.04,1,0,20,2,2,132.02,0,5,0,1,132.02,0.00,0.00,0.00,0,1.00,1,99.74,0,1,2,java.lang.Object,0.00,1,0,1,0,1,0,0,0,26,0
"org.apache.lucene.index.TestIndexWriterCommit$Analyzer_0",1,0.00,1.00,3,0.04,595.84,1,0,20,3,3,131.35,0,7,0,1,131.35,0.00,0.00,0.00,0,1.00,1,126.59,0,1,3,java.lang.Object,0.00,2,0,1,0,2,0,0,0,31,0
"org.apache.lucene.index.TestIndexWriterCommit$Thread",1,0.00,4.00,28,0.40,20600.50,1,0,20,20,4,82.73,0,30,0,1,82.73,0.00,0.00,0.00,0,1.00,4,1197.70,0,0,4,java.lang.Object,0.00,19,0,4,0,19,1,0,0,195,0
"org.apache.lucene.index.TestIndexWriterConfig",7,0.00,2.86,157,2.84,149191.44,7,0,16,89,16,86.83,30,191,0,2,86.60,0.00,0.50,0.00,0,7.00,7,8517.63,0,0,16,org.apache.lucene.util.LuceneTestCase,0.00,82,1,20,0,82,7,0,27,1424,1
"org.apache.lucene.index.TestIndexWriterConfig$MyIndexingChain",1,0.00,1.00,3,0.02,193.08,1,0,16,1,2,185.20,1,6,0,2,135.20,0.00,0.50,0.00,0,1.00,1,65.51,0,1,2,org.apache.lucene.index.DocumentsWriter.IndexingChain,0.00,0,1,1,0,0,0,0,1,20,3
"org.apache.lucene.index.TestIndexWriterConfig$MySimilarity",0,0.00,0.00,1,0.01,72.00,0,0,16,0,1,171.00,1,2,0,3,171.00,0.00,0.67,0.00,0,0.00,0,24.00,0,0,1,org.apache.lucene.search.DefaultSimilarity,0.00,0,2,0,0,0,0,0,1,8,3
"org.apache.lucene.index.TestIndexWriterConfig$MyWarmer",1,0.00,1.00,2,0.02,193.08,1,0,16,1,1,191.77,1,6,0,2,141.77,0.00,0.50,0.00,0,1.00,1,65.51,0,0,1,org.apache.lucene.index.IndexWriter.IndexReaderWarmer,0.00,0,1,1,0,0,1,0,1,20,3
"org.apache.lucene.index.TestIndexWriterDelete",23,0.00,4.74,597,9.51,596020.51,23,0,22,121,21,83.98,105,708,0,2,83.74,0.00,0.50,0.00,4,23.00,28,28539.21,0,1,21,org.apache.lucene.util.LuceneTestCase,0.00,98,1,109,0,98,22,0,102,4587,1
"org.apache.lucene.index.TestIndexWriterDelete$Analyzer",1,0.00,1.00,3,0.03,489.04,1,0,22,2,2,132.02,0,5,0,1,132.02,0.00,0.00,0.00,0,1.00,1,99.74,0,1,2,java.lang.Object,0.00,1,0,1,0,1,0,0,0,26,0
"org.apache.lucene.index.TestIndexWriterDelete$MockAnalyzer",1,0.00,1.00,5,0.10,1461.36,1,0,22,6,0,120.01,0,8,0,1,120.01,0.00,0.00,0.00,0,1.00,1,285.99,0,0,0,java.lang.Object,0.00,5,0,1,0,5,1,0,0,66,0
"org.apache.lucene.index.TestIndexWriterDelete$MockDirectoryWrapper.Failure",2,1.33,6.00,40,0.44,24552.93,5,3,22,11,1,139.86,2,48,0,1,89.86,0.00,0.00,1.00,0,0.00,11,1310.75,0,1,1,java.lang.Object,0.00,9,0,12,0,9,1,0,2,242,0
"org.apache.lucene.index.TestIndexWriterDelete$MockDirectoryWrapper.Failure_0",2,0.00,1.50,9,0.08,1294.28,3,1,22,3,1,126.31,0,14,0,1,126.31,0.00,0.00,1.00,0,0.00,2,228.08,0,1,1,java.lang.Object,0.00,1,0,3,0,1,1,0,0,57,0
"org.apache.lucene.index.TestIndexWriterExceptions",17,0.47,5.06,533,8.40,564285.61,19,2,25,132,23,119.28,41,589,0,2,79.39,0.00,0.50,0.06,1,43.00,14,25211.85,0,0,23,org.apache.lucene.util.LuceneTestCase,0.00,115,1,86,0,115,17,0,41,4070,1
"org.apache.lucene.index.TestIndexWriterExceptions$Analyzer",1,0.00,1.00,5,0.06,1211.42,1,0,25,4,2,170.65,1,7,0,1,120.65,0.00,0.00,0.00,0,1.00,1,173.00,0,1,2,java.lang.Object,0.00,3,0,1,0,3,0,0,1,41,0
"org.apache.lucene.index.TestIndexWriterExceptions$Analyzer_0",1,0.00,1.00,5,0.05,901.14,1,0,25,4,2,171.66,1,7,0,1,121.66,0.00,0.00,0.00,0,1.00,1,150.70,0,1,2,java.lang.Object,0.00,3,0,1,0,3,0,0,1,36,0
"org.apache.lucene.index.TestIndexWriterExceptions$Analyzer_0$TokenFilter",1,0.00,2.00,6,0.05,1248.24,2,1,25,3,0,117.43,0,9,0,1,117.43,0.00,0.00,1.00,0,0.00,2,162.53,0,0,0,java.lang.Object,0.00,2,0,2,0,2,1,0,0,40,0
"org.apache.lucene.index.TestIndexWriterExceptions$Analyzer_1",1,0.00,1.00,5,0.06,1211.42,1,0,25,4,2,170.65,1,7,0,1,120.65,0.00,0.00,0.00,0,1.00,1,173.00,0,1,2,java.lang.Object,0.00,3,0,1,0,3,0,0,1,41,0
"org.apache.lucene.index.TestIndexWriterExceptions$Analyzer_2",1,0.00,1.00,5,0.06,1211.42,1,0,25,4,2,170.65,1,7,0,1,120.65,0.00,0.00,0.00,0,1.00,1,173.00,0,1,2,java.lang.Object,0.00,3,0,1,0,3,0,0,1,41,0
"org.apache.lucene.index.TestIndexWriterExceptions$CrashingFilter",3,0.25,1.33,12,0.12,2277.59,5,2,25,6,2,125.79,0,19,0,4,125.79,0.00,0.75,0.33,0,1.00,2,361.95,1,0,2,org.apache.lucene.analysis.TokenFilter,0.53,3,3,4,0,3,3,0,0,88,1
"org.apache.lucene.index.TestIndexWriterExceptions$FailOnlyInCommit",1,0.00,6.00,19,0.27,12863.23,3,2,25,9,1,90.53,0,24,0,2,90.53,0.00,0.50,1.00,0,0.00,6,807.88,0,0,1,MockDirectoryWrapper.Failure,0.00,8,1,6,0,8,1,0,0,149,2
"org.apache.lucene.index.TestIndexWriterExceptions$FailOnlyInSync",1,0.00,4.00,12,0.16,5113.61,2,1,25,7,1,101.22,0,15,0,2,101.22,0.00,0.50,1.00,0,0.00,4,467.74,0,0,1,MockDirectoryWrapper.Failure,0.00,6,1,4,0,6,1,0,0,93,2
"org.apache.lucene.index.TestIndexWriterExceptions$FailOnlyOnFlush",3,0.25,2.67,21,0.28,10592.93,5,2,25,10,1,111.31,0,30,0,2,111.31,0.00,0.50,0.33,0,4.00,6,829.87,0,0,1,MockDirectoryWrapper.Failure,0.00,7,1,8,0,7,3,0,0,165,2
"org.apache.lucene.index.TestIndexWriterExceptions$IndexerThread",2,0.33,5.00,59,1.18,110195.56,5,3,25,26,4,128.74,3,71,0,2,78.74,0.00,0.50,0.50,0,2.00,9,3540.73,0,0,4,org.apache.lucene.index.Thread,0.00,24,1,10,0,24,2,0,3,551,1
"org.apache.lucene.index.TestIndexWriterExceptions$MockAnalyzer",1,0.00,2.00,5,0.07,1709.57,1,0,25,5,0,119.31,0,8,0,1,119.31,0.00,0.00,0.00,0,1.00,2,199.63,0,0,0,java.lang.Object,0.00,4,0,2,0,4,1,0,0,45,0
"org.apache.lucene.index.TestIndexWriterExceptions$MockIndexWriter",2,1.00,2.00,11,0.19,4762.88,3,1,25,12,3,118.18,0,17,0,2,118.18,0.00,0.50,0.50,0,2.00,3,578.04,0,0,3,org.apache.lucene.index.IndexWriter,0.00,10,1,4,0,10,2,0,0,118,1
"org.apache.lucene.index.TestIndexWriterExceptions$MockIndexWriter2",2,1.00,1.50,7,0.07,1018.92,3,1,25,4,3,131.79,0,12,0,2,131.79,0.00,0.50,0.50,0,2.00,2,213.88,0,0,3,org.apache.lucene.index.IndexWriter,0.00,2,1,3,0,2,2,0,0,54,3
"org.apache.lucene.index.TestIndexWriterExceptions$MockIndexWriter3",2,0.00,1.50,10,0.09,1408.94,4,2,25,4,3,122.41,0,15,0,2,122.41,0.00,0.50,0.50,0,2.00,2,255.89,0,0,3,org.apache.lucene.index.IndexWriter,0.00,2,1,3,0,2,2,0,0,63,3
"org.apache.lucene.index.TestIndexWriterExceptions$MockIndexWriter4",2,1.00,1.50,7,0.07,1018.92,3,1,25,4,3,131.79,0,12,0,2,131.79,0.00,0.50,0.50,0,2.00,2,213.88,0,0,3,org.apache.lucene.index.IndexWriter,0.00,2,1,3,0,2,2,0,0,54,3
"org.apache.lucene.index.TestIndexWriterExceptions$Thread",1,0.00,5.00,25,0.43,27527.64,1,0,25,10,1,83.52,0,35,0,1,83.52,0.00,0.00,0.00,0,1.00,5,1278.65,0,0,1,java.lang.Object,0.00,9,0,5,0,9,1,0,0,220,0
"org.apache.lucene.index.TestIndexWriterExceptions$UOEDirectory",1,0.00,4.00,12,0.15,4855.24,2,1,27,7,2,101.40,0,15,0,3,101.40,0.00,0.67,1.00,0,0.00,4,444.12,1,1,2,org.apache.lucene.store.RAMDirectory,0.00,6,2,4,0,6,0,0,0,88,1
"org.apache.lucene.index.TestIndexWriterForceMerge",4,0.00,4.75,129,1.94,97455.73,4,0,10,44,10,100.57,15,138,0,2,79.95,0.00,0.50,0.00,0,4.00,6,5831.01,0,0,10,org.apache.lucene.util.LuceneTestCase,0.00,40,1,19,0,40,4,0,11,950,1
"org.apache.lucene.index.TestIndexWriterLockRelease",3,1.00,4.00,29,0.47,18896.04,4,1,9,17,5,155.17,5,51,0,2,105.17,0.00,0.50,0.00,0,3.00,5,1413.70,2,0,5,org.apache.lucene.util.LuceneTestCase,0.00,14,1,12,0,14,3,0,1,280,1
"org.apache.lucene.index.TestIndexWriterMergePolicy",8,0.00,3.12,164,2.18,107947.24,8,0,7,47,11,139.68,13,179,0,2,89.68,0.00,0.50,0.00,2,8.00,5,6535.10,0,0,11,org.apache.lucene.util.LuceneTestCase,0.00,39,1,25,0,39,8,0,13,1169,1
"org.apache.lucene.index.TestIndexWriterMerging",7,0.00,3.00,167,2.60,103849.84,7,0,11,46,8,126.99,14,209,0,2,87.10,0.00,0.50,0.00,2,7.00,4,7802.86,0,0,8,org.apache.lucene.util.LuceneTestCase,0.00,39,1,21,0,39,7,0,11,1322,1
"org.apache.lucene.index.TestIndexWriterMerging$MyMergeScheduler",2,0.00,2.50,13,0.14,5497.54,2,0,11,5,3,114.68,0,18,0,2,114.68,0.00,0.50,0.00,0,2.00,4,423.47,0,0,3,org.apache.lucene.index.MergeScheduler,0.50,3,1,5,0,3,2,0,0,88,1
"org.apache.lucene.index.TestIndexWriterMerging$Thread",1,0.00,6.00,19,0.17,5593.64,1,0,13,5,1,93.38,0,24,0,1,93.38,0.00,0.00,0.00,0,1.00,6,497.62,0,0,1,java.lang.Object,0.00,4,0,6,0,4,1,0,0,96,0
"org.apache.lucene.index.TestIndexWriterNRTIsCurrent",1,0.00,6.00,35,0.45,20729.26,1,0,9,18,8,79.00,0,39,0,2,79.00,0.00,0.50,0.00,0,1.00,6,1344.59,0,0,8,org.apache.lucene.util.LuceneTestCase,0.00,17,1,6,0,17,1,0,0,237,1
"org.apache.lucene.index.TestIndexWriterNRTIsCurrent$ReaderHolder",0,0.00,0.00,3,0.02,220.18,2,2,9,0,1,171.00,0,4,0,1,171.00,0.00,0.00,0.00,0,0.00,0,62.91,0,0,1,java.lang.Object,0.00,0,0,0,0,0,0,0,0,17,2
"org.apache.lucene.index.TestIndexWriterNRTIsCurrent$ReaderThread",2,0.33,5.00,31,0.33,11972.66,5,3,9,9,1,97.01,0,46,0,2,97.01,0.00,0.50,0.50,0,2.00,9,1002.50,0,0,1,org.apache.lucene.analysis.Thread,0.00,7,1,10,0,7,2,0,0,195,3
"org.apache.lucene.index.TestIndexWriterNRTIsCurrent$WriterThread",2,0.57,7.50,58,0.72,41678.85,9,7,9,19,5,81.98,0,75,0,2,81.98,0.00,0.50,0.43,0,2.00,14,2165.87,0,0,5,org.apache.lucene.analysis.Thread,0.00,17,1,15,0,17,2,0,0,373,2
"org.apache.lucene.index.TestIndexWriterOnDiskFull",6,0.00,12.33,289,4.73,672321.83,6,0,14,73,17,38.56,81,350,0,2,67.95,0.00,0.50,0.00,2,6.00,47,14203.04,0,0,17,org.apache.lucene.util.LuceneTestCase,0.00,67,1,74,0,67,6,0,68,2054,1
"org.apache.lucene.index.TestIndexWriterOnDiskFull$FailTwiceDuringMerge",1,0.00,5.00,17,0.24,11101.62,3,2,14,8,1,92.87,0,21,0,2,92.87,0.00,0.50,1.00,0,0.00,5,731.36,0,0,1,MockDirectoryWrapper.Failure,0.00,7,1,5,0,7,1,0,0,139,2
"org.apache.lucene.index.TestIndexWriterOnJRECrash",5,0.50,4.00,77,1.10,42389.28,6,1,12,45,6,96.11,20,95,0,4,95.88,0.00,0.75,0.60,2,2.00,6,3294.78,2,0,6,org.apache.lucene.index.TestNRTThreads,0.14,40,3,20,0,40,5,0,12,581,1
"org.apache.lucene.index.TestIndexWriterOnJRECrash$Thread",1,0.00,2.00,5,0.04,448.00,1,0,12,3,0,123.89,0,8,0,1,123.89,0.00,0.00,0.00,0,1.00,2,106.10,0,0,0,java.lang.Object,0.00,2,0,2,0,2,1,0,0,28,0
"org.apache.lucene.index.TestIndexWriterReader",24,0.61,2.42,573,8.73,416129.55,25,1,25,126,26,107.24,81,631,2,2,86.62,0.00,0.50,0.42,2,64.00,7,26181.48,0,0,24,org.apache.lucene.util.LuceneTestCase,0.00,102,1,58,0,102,24,0,63,4426,1
"org.apache.lucene.index.TestIndexWriterReader$AddDirectoriesThreads",7,0.09,2.71,76,0.73,19660.59,18,11,25,27,7,106.31,0,78,0,1,106.31,0.00,0.00,0.17,0,26.00,5,2178.60,0,0,7,java.lang.Object,0.00,20,0,19,0,20,7,0,0,445,1
"org.apache.lucene.index.TestIndexWriterReader$AddDirectoriesThreads$Thread",1,0.00,4.00,15,0.13,4550.36,1,0,25,3,1,49.53,10,14,0,1,98.00,0.00,0.00,0.00,0,0.00,4,381.29,0,0,1,java.lang.Object,0.00,2,0,4,0,2,1,0,10,78,0
"org.apache.lucene.index.TestIndexWriterReader$IndexWriter.IndexReaderWarmer",1,0.00,1.00,7,0.10,1512.18,1,0,25,8,5,114.44,0,9,0,1,114.44,0.00,0.00,0.00,0,1.00,1,287.91,0,0,5,java.lang.Object,0.00,7,0,1,0,7,1,0,0,60,0
"org.apache.lucene.index.TestIndexWriterReader$MyWarmer",1,0.00,1.00,4,0.04,404.10,2,1,25,1,1,128.02,0,7,0,2,128.02,0.00,0.50,1.00,0,0.00,1,107.30,0,0,1,IndexWriter.IndexReaderWarmer,0.00,0,1,1,0,0,1,0,0,29,2
"org.apache.lucene.index.TestIndexWriterReader$Thread_0",1,0.00,2.00,9,0.08,1951.45,1,0,25,6,0,109.33,0,13,0,1,109.33,0.00,0.00,0.00,0,1.00,2,243.56,0,0,0,java.lang.Object,0.00,5,0,2,0,5,1,0,0,53,0
"org.apache.lucene.index.TestIndexWriterReader$Thread_1",1,0.00,4.00,22,0.25,11077.36,2,1,25,11,2,88.76,0,22,0,1,88.76,0.00,0.00,1.00,0,0.00,4,735.96,0,0,2,java.lang.Object,0.00,10,0,4,0,10,1,0,0,136,0
"org.apache.lucene.index.TestIndexWriterUnicode",11,1.00,3.73,172,2.91,268515.84,12,1,12,44,9,142.28,14,199,0,2,92.28,0.00,0.50,0.09,2,20.00,11,8734.87,0,2,9,org.apache.lucene.util.LuceneTestCase,0.00,33,1,41,0,33,9,0,14,1554,1
"org.apache.lucene.index.TestIndexWriterWithThreads",13,0.00,3.15,187,2.39,119978.87,13,0,10,63,13,117.37,45,193,0,2,96.76,0.00,0.50,0.00,2,13.00,11,7177.38,0,0,13,org.apache.lucene.util.LuceneTestCase,0.00,50,1,41,0,50,13,0,43,1234,1
"org.apache.lucene.index.TestIndexWriterWithThreads$DelayedIndexAndCloseRunnable",3,0.20,1.33,25,0.29,5912.98,8,5,10,14,5,111.30,0,35,0,2,111.30,0.00,0.50,0.33,0,4.00,2,882.68,0,0,5,org.apache.lucene.analysis.Thread,0.00,11,1,4,0,11,3,0,0,177,1
"org.apache.lucene.index.TestIndexWriterWithThreads$FailOnlyInWriteSegment",2,1.00,3.00,14,0.17,5355.50,3,1,10,9,1,112.23,0,19,0,2,112.23,0.00,0.50,0.50,0,2.00,5,512.88,0,0,1,MockDirectoryWrapper.Failure,0.00,7,1,6,0,7,2,0,0,106,2
"org.apache.lucene.index.TestIndexWriterWithThreads$FailOnlyOnAbortOrFlush",2,1.00,4.00,20,0.25,11371.70,3,1,10,8,1,153.81,2,28,0,2,103.81,0.00,0.50,0.50,0,2.00,7,738.09,0,0,1,MockDirectoryWrapper.Failure,0.00,6,1,8,0,6,2,0,2,144,2
"org.apache.lucene.index.TestIndexWriterWithThreads$IndexerThread",2,0.50,5.00,41,0.58,30006.10,8,6,10,18,5,139.21,3,56,0,2,89.21,0.00,0.50,0.42,0,2.00,9,1752.52,0,0,5,org.apache.lucene.analysis.Thread,0.00,16,1,10,0,16,2,0,3,295,1
"org.apache.lucene.index.TestIsCurrent",4,0.33,1.00,34,0.39,7135.09,6,2,7,22,5,93.84,20,43,0,2,111.71,0.00,0.50,0.75,0,0.00,1,1180.95,2,0,5,org.apache.lucene.util.LuceneTestCase,0.00,18,1,4,0,18,4,0,12,246,1
"org.apache.lucene.index.TestLazyBug",7,0.06,2.00,64,1.01,43935.68,13,6,15,39,10,105.34,4,84,0,2,105.34,0.00,0.50,0.21,1,18.00,5,3015.98,0,1,10,org.apache.lucene.util.LuceneTestCase,0.00,32,1,14,0,32,6,0,1,538,1
"org.apache.lucene.index.TestLazyBug$FieldSelector",1,0.00,2.00,5,0.04,482.05,1,0,15,2,1,123.64,0,7,0,1,123.64,0.00,0.00,0.00,0,0.00,2,105.67,0,1,1,java.lang.Object,0.00,1,0,2,0,1,0,0,0,29,0
"org.apache.lucene.index.TestLazyProxSkipping",5,0.17,2.20,79,1.06,37374.76,11,6,13,35,16,117.06,16,83,1,2,96.44,0.00,0.50,0.03,3,8.00,4,3175.95,0,1,15,org.apache.lucene.util.LuceneTestCase,0.00,30,1,11,0,30,4,0,13,578,1
"org.apache.lucene.index.TestLazyProxSkipping$SeekCountingDirectory",2,0.00,1.50,8,0.07,1766.92,2,0,13,4,3,125.25,1,13,0,3,125.25,0.00,0.67,0.00,0,2.00,2,224.30,1,1,3,org.apache.lucene.store.MockDirectoryWrapper,0.00,2,2,3,0,2,1,0,1,56,1
"org.apache.lucene.index.TestLazyProxSkipping$SeeksCountingStream",8,1.00,1.00,20,0.22,3383.97,9,1,13,9,2,139.09,0,36,0,3,139.09,0.00,0.67,0.00,7,8.00,1,655.79,0,1,2,org.apache.lucene.store.IndexInput,0.68,1,2,8,0,1,7,0,0,171,0
"org.apache.lucene.index.TestLongPostings",4,0.00,18.25,279,4.30,569197.77,4,0,13,60,14,41.02,59,321,0,2,61.16,0.00,0.50,0.00,2,4.00,35,12906.29,0,1,14,org.apache.lucene.util.LuceneTestCase,0.00,56,1,73,0,56,3,0,15,1842,1
"org.apache.lucene.index.TestMaxTermFrequency",4,0.22,2.00,51,0.63,19179.88,7,3,12,29,10,122.21,13,50,0,2,101.60,0.00,0.50,0.50,1,0.00,3,1884.97,2,1,10,org.apache.lucene.util.LuceneTestCase,0.00,25,1,8,0,25,3,0,4,357,1
"org.apache.lucene.index.TestMaxTermFrequency$TestSimilarity",3,0.00,1.00,7,0.06,891.61,3,0,12,4,2,140.30,0,14,0,3,140.30,0.00,0.67,0.00,0,3.00,1,193.53,0,0,2,org.apache.lucene.search.DefaultSimilarity,0.20,1,2,3,0,1,3,0,0,55,0
"org.apache.lucene.index.TestMultiLevelSkipList",3,0.50,2.00,45,0.63,17896.57,4,1,13,29,15,79.36,16,48,1,2,97.24,0.00,0.50,0.67,1,1.00,3,1896.35,1,0,14,org.apache.lucene.util.LuceneTestCase,0.00,26,1,6,0,26,3,0,9,343,1
"org.apache.lucene.index.TestMultiLevelSkipList$CountingStream",8,1.00,1.00,21,0.23,3821.86,9,1,13,9,2,138.67,0,37,0,3,138.67,0.00,0.67,0.00,7,8.00,1,696.38,0,1,2,org.apache.lucene.store.IndexInput,0.68,1,2,8,0,1,7,0,0,179,0
"org.apache.lucene.index.TestMultiLevelSkipList$PayloadAnalyzer",1,0.00,1.00,3,0.04,426.81,1,0,13,3,3,132.49,0,6,0,2,132.49,0.00,0.50,0.00,0,1.00,1,109.58,0,1,3,org.apache.lucene.analysis.Analyzer,0.00,2,1,1,0,2,0,0,0,29,2
"org.apache.lucene.index.TestMultiLevelSkipList$PayloadFilter",2,0.50,1.50,11,0.11,2402.37,4,2,13,5,4,120.58,0,16,0,4,120.58,0.00,0.75,0.75,0,0.00,2,325.05,0,0,4,org.apache.lucene.analysis.TokenFilter,0.29,3,3,3,0,3,2,0,0,77,2
"org.apache.lucene.index.TestMultiPassIndexSplitter",4,0.44,2.00,92,1.40,89985.48,7,3,5,29,10,125.66,9,103,0,2,85.77,0.00,0.50,0.67,0,0.00,3,4201.80,2,0,10,org.apache.lucene.util.LuceneTestCase,0.00,25,1,8,0,25,4,0,5,735,1
"org.apache.lucene.index.TestMultiReader",1,0.00,1.00,14,0.17,7450.60,1,0,1,6,4,97.75,0,17,0,3,97.75,0.00,0.67,0.00,0,0.00,1,514.90,0,1,4,org.apache.lucene.index.TestDirectoryReader,0.27,5,2,1,0,5,0,0,0,105,1
"org.apache.lucene.index.TestNRTReaderWithThreads",1,1.00,7.00,43,0.60,41933.64,2,1,6,20,5,93.83,3,43,0,2,73.22,0.00,0.50,0.00,0,1.00,7,1795.58,0,0,5,org.apache.lucene.util.LuceneTestCase,0.00,19,1,7,0,19,1,0,3,300,1
"org.apache.lucene.index.TestNRTReaderWithThreads$RunThread",2,0.71,3.00,30,0.38,11988.45,9,7,6,14,6,147.13,3,38,0,2,97.13,0.00,0.50,0.50,0,2.00,5,1130.24,0,0,6,org.apache.lucene.analysis.Thread,0.00,12,1,6,0,12,2,0,3,209,1
"org.apache.lucene.index.TestNRTThreads",5,0.50,3.40,53,0.72,43889.32,6,1,4,22,5,152.36,8,74,1,3,102.36,0.50,0.50,0.60,0,1.00,11,2164.67,3,2,4,org.apache.lucene.index.ThreadedIndexingAndSearchingTestCase,0.26,17,2,17,1,17,3,0,8,388,1
"org.apache.lucene.index.TestNeverDelete",1,0.00,8.00,40,0.67,37312.76,1,0,9,32,9,42.54,6,47,0,2,74.76,0.00,0.50,0.00,0,1.00,8,2012.75,0,0,9,org.apache.lucene.util.LuceneTestCase,0.00,31,1,8,0,31,1,0,6,310,1
"org.apache.lucene.index.TestNeverDelete$Thread",1,0.00,4.00,13,0.20,9159.77,1,0,9,7,1,97.93,0,19,0,1,97.93,0.00,0.00,0.00,0,1.00,4,597.54,0,0,1,java.lang.Object,0.00,6,0,4,0,6,1,0,0,109,0
"org.apache.lucene.index.TestNewestSegment",1,0.00,1.00,7,0.07,1170.96,1,0,3,8,3,115.31,0,9,0,2,115.31,0.00,0.50,0.00,0,1.00,1,219.07,0,0,3,org.apache.lucene.util.LuceneTestCase,0.00,7,1,1,0,7,1,0,0,51,1
"org.apache.lucene.index.TestNoDeletionPolicy",4,0.00,2.00,29,0.45,12480.01,4,0,11,28,7,151.69,11,39,0,2,111.80,0.00,0.50,0.00,0,4.00,3,1346.29,0,0,7,org.apache.lucene.util.LuceneTestCase,0.00,24,1,8,0,24,4,0,11,262,1
"org.apache.lucene.index.TestNoMergePolicy",4,0.00,1.75,21,0.33,8598.11,4,0,6,22,2,158.44,8,31,0,2,118.56,0.00,0.50,0.00,0,4.00,3,988.49,0,0,2,org.apache.lucene.util.LuceneTestCase,0.00,18,1,7,0,18,4,0,8,211,1
"org.apache.lucene.index.TestNoMergeScheduler",3,0.00,2.00,15,0.24,6613.39,3,0,6,14,2,158.33,8,23,0,2,118.44,0.00,0.50,0.00,0,3.00,3,709.29,0,0,2,org.apache.lucene.util.LuceneTestCase,0.00,11,1,6,0,11,3,0,8,150,1
"org.apache.lucene.index.TestNorms",10,0.15,2.20,171,2.23,86560.09,18,8,14,58,12,133.80,23,173,0,2,93.91,0.00,0.50,0.26,7,0.00,4,6678.90,1,1,12,org.apache.lucene.util.LuceneTestCase,0.00,48,1,22,0,48,9,0,15,1216,1
"org.apache.lucene.index.TestNorms$CustomNormEncodingSimilarity",3,0.00,1.00,7,0.06,891.61,3,0,14,4,2,140.30,0,14,0,3,140.30,0.00,0.67,0.00,0,3.00,1,193.53,0,0,2,org.apache.lucene.search.DefaultSimilarity,0.20,1,2,3,0,1,3,0,0,55,0
"org.apache.lucene.index.TestNorms$SimilarityOne",1,0.00,1.00,3,0.03,338.69,1,0,14,2,2,183.28,1,6,0,3,133.28,0.00,0.67,0.00,0,1.00,1,85.83,0,0,2,org.apache.lucene.search.DefaultSimilarity,0.00,1,2,1,0,1,1,0,1,24,1
"org.apache.lucene.index.TestOmitPositions",4,0.00,2.50,141,2.43,159201.41,4,0,7,42,14,34.68,29,139,0,2,76.97,0.00,0.50,0.00,1,4.00,4,7298.00,0,0,14,org.apache.lucene.util.LuceneTestCase,0.00,38,1,10,0,38,4,0,26,1220,1
"org.apache.lucene.index.TestOmitTf",6,0.00,3.00,174,2.73,107707.75,6,0,12,53,14,50.48,40,181,0,2,82.70,0.00,0.50,0.00,1,6.00,5,8186.15,0,0,14,org.apache.lucene.util.LuceneTestCase,0.00,47,1,18,0,47,6,0,38,1337,1
"org.apache.lucene.index.TestOmitTf$CountingHitCollector",2,1.00,1.00,8,0.08,1498.24,3,1,12,4,1,125.91,1,12,0,1,125.91,0.00,0.00,0.50,0,2.00,1,238.89,1,0,1,java.lang.Object,0.00,2,0,2,0,2,2,0,1,59,0
"org.apache.lucene.index.TestOmitTf$CountingHitCollector_0",2,1.00,1.00,8,0.08,1612.84,3,1,12,4,1,125.65,1,12,0,1,125.65,0.00,0.00,0.50,0,2.00,1,250.05,1,0,1,java.lang.Object,0.00,2,0,2,0,2,2,0,1,61,0
"org.apache.lucene.index.TestOmitTf$CountingHitCollector_1",2,1.00,1.00,9,0.09,1939.78,3,1,12,5,1,125.02,1,13,0,1,125.02,0.00,0.00,0.50,0,2.00,1,284.44,1,0,1,java.lang.Object,0.00,3,0,2,0,3,2,0,1,67,0
"org.apache.lucene.index.TestOmitTf$CountingHitCollector_2",2,1.00,1.00,9,0.09,2026.63,3,1,12,4,1,124.87,1,13,0,1,124.87,0.00,0.00,0.50,0,2.00,1,282.12,1,0,1,java.lang.Object,0.00,2,0,2,0,2,2,0,1,67,0
"org.apache.lucene.index.TestOmitTf$CountingHitCollector_3",1,0.00,1.00,3,0.03,436.18,1,0,12,1,0,182.42,1,5,0,1,132.42,0.00,0.00,0.00,0,1.00,1,82.23,1,0,0,java.lang.Object,0.00,0,0,1,0,0,1,0,1,23,0
"org.apache.lucene.index.TestOmitTf$CountingHitCollector_4",7,0.00,1.00,19,0.15,2065.29,10,3,12,7,3,140.32,1,23,0,2,140.32,0.00,0.50,0.33,0,7.00,1,444.54,0,0,3,org.apache.lucene.search.Collector,0.36,0,1,7,0,0,7,0,1,120,2
"org.apache.lucene.index.TestOmitTf$SimpleSimilarity",7,0.00,1.00,15,0.14,1759.86,7,0,12,9,2,140.87,0,11,0,2,140.87,0.00,0.50,0.00,0,7.00,1,414.98,0,1,2,org.apache.lucene.search.Similarity,0.38,2,1,7,0,2,6,0,0,113,2
"org.apache.lucene.index.TestOmitTf$SimpleSimilarity$IDFExplanation",2,0.00,1.00,5,0.03,286.06,2,0,12,2,0,142.80,0,9,0,1,142.80,0.00,0.00,0.00,0,2.00,1,81.08,0,1,0,java.lang.Object,0.00,0,0,2,0,0,1,0,0,26,0
"org.apache.lucene.index.TestPKIndexSplitter",4,0.00,2.75,67,1.02,45367.45,4,0,10,32,9,93.92,1,72,0,2,93.92,0.00,0.50,0.00,3,4.00,5,3062.94,0,1,9,org.apache.lucene.util.LuceneTestCase,0.00,28,1,11,0,28,3,0,1,554,1
"org.apache.lucene.index.TestParallelReader",12,0.00,1.25,169,2.64,97144.10,17,5,15,59,15,97.42,8,182,0,2,97.42,0.00,0.50,0.20,3,42.00,2,7910.86,2,4,15,org.apache.lucene.util.LuceneTestCase,0.00,47,1,15,0,47,8,0,8,1531,1
"org.apache.lucene.index.TestParallelReaderEmptyIndex",2,0.00,1.00,49,0.74,28580.37,2,0,9,20,6,36.80,19,58,0,2,86.80,0.00,0.50,0.00,0,2.00,1,2214.52,0,0,6,org.apache.lucene.util.LuceneTestCase,0.00,18,1,2,0,18,2,0,6,404,1
"org.apache.lucene.index.TestParallelTermEnum",3,0.62,1.00,135,2.00,193128.25,7,4,7,26,8,71.46,0,145,0,2,71.46,0.00,0.50,0.67,0,0.00,1,6014.43,2,0,8,org.apache.lucene.util.LuceneTestCase,0.00,23,1,3,0,23,3,0,0,1098,1
"org.apache.lucene.index.TestPayloadProcessorProvider",8,0.57,2.38,102,1.51,72385.30,9,1,19,41,14,149.39,10,127,0,2,99.39,0.00,0.50,0.50,4,8.00,7,4527.00,0,1,14,org.apache.lucene.util.LuceneTestCase,0.00,33,1,19,0,33,7,0,10,816,1
"org.apache.lucene.index.TestPayloadProcessorProvider$DeletePayloadProcessor",2,0.00,1.00,5,0.05,771.74,2,0,19,2,0,139.40,0,10,0,2,139.40,0.00,0.50,0.00,0,2.00,1,154.60,0,0,0,org.apache.lucene.index.PayloadProcessorProvider.PayloadProcessor,0.00,0,1,2,0,0,2,0,0,42,3
"org.apache.lucene.index.TestPayloadProcessorProvider$PayloadTokenStream",3,0.38,1.33,19,0.19,3740.36,7,4,19,7,4,117.53,0,26,0,3,117.53,0.00,0.67,0.50,0,1.00,2,569.74,1,0,4,org.apache.lucene.analysis.TokenStream,0.55,4,2,4,0,4,3,0,0,129,3
"org.apache.lucene.index.TestPayloadProcessorProvider$PerDirPayloadProcessor",2,1.00,1.00,6,0.07,1003.77,3,1,19,3,2,131.94,0,10,0,2,131.94,0.00,0.50,0.50,0,2.00,1,203.33,0,1,2,org.apache.lucene.index.PayloadProcessorProvider,0.00,1,1,2,0,1,1,0,0,52,3
"org.apache.lucene.index.TestPayloadProcessorProvider$PerTermPayloadProcessor",1,0.00,2.00,5,0.07,1602.33,1,0,19,5,1,159.42,2,9,0,2,119.53,0.00,0.50,0.00,0,1.00,2,219.04,0,1,1,org.apache.lucene.index.PayloadProcessorProvider.DirPayloadProcessor,0.00,4,1,2,0,4,0,0,2,50,3
"org.apache.lucene.index.TestPayloads",8,0.00,3.75,242,3.69,386787.92,8,0,22,61,19,36.42,58,239,0,2,78.71,0.00,0.50,0.00,4,8.00,12,11061.61,0,1,19,org.apache.lucene.util.LuceneTestCase,0.00,53,1,30,0,53,7,0,47,1827,1
"org.apache.lucene.index.TestPayloads$PayloadAnalyzer",5,0.50,2.40,73,1.01,38261.00,6,1,22,41,13,97.46,3,82,0,2,97.46,0.00,0.50,0.60,0,2.00,6,3038.15,0,1,13,org.apache.lucene.analysis.Analyzer,0.00,36,1,12,0,36,4,0,1,562,2
"org.apache.lucene.index.TestPayloads$PayloadAnalyzer$ByteArrayPool",4,0.00,1.25,15,0.12,2418.37,5,1,22,7,0,131.25,0,18,0,1,131.25,0.00,0.00,1.00,0,0.00,2,357.55,0,0,0,java.lang.Object,0.00,3,0,5,0,3,4,0,0,92,2
"org.apache.lucene.index.TestPayloads$PayloadAnalyzer$PayloadData",1,3.00,1.00,10,0.07,1213.84,5,4,22,1,0,109.41,0,12,0,1,109.41,0.00,0.00,0.25,0,0.00,1,217.94,0,0,0,java.lang.Object,0.00,0,0,1,0,0,1,0,0,57,2
"org.apache.lucene.index.TestPayloads$PayloadAnalyzer$PayloadFilter",3,0.30,1.67,27,0.26,7764.45,8,5,22,7,4,108.41,0,35,0,4,108.41,0.00,0.75,0.40,0,2.00,3,766.98,1,0,4,org.apache.lucene.analysis.TokenFilter,0.53,4,3,5,0,4,3,0,0,170,2
"org.apache.lucene.index.TestPayloads$PayloadAnalyzer$PoolingPayloadTokenStream",3,0.75,1.67,26,0.25,4419.44,9,6,22,12,4,112.25,0,34,0,3,112.25,0.00,0.67,0.67,0,0.00,2,746.89,0,0,4,org.apache.lucene.analysis.TokenStream,0.55,9,2,5,0,9,3,0,0,160,1
"org.apache.lucene.index.TestPayloads$PayloadAnalyzer$Thread",1,0.00,3.00,12,0.12,3071.62,1,0,22,9,2,103.03,0,14,0,1,103.03,0.00,0.00,0.00,0,1.00,3,348.86,0,0,2,java.lang.Object,0.00,8,0,3,0,8,1,0,0,71,0
"org.apache.lucene.index.TestPerSegmentDeletes",5,0.00,3.00,87,1.15,51554.01,5,0,12,42,14,119.53,95,87,0,2,93.25,0.00,0.50,0.00,2,5.00,5,3453.58,0,0,14,org.apache.lucene.util.LuceneTestCase,0.00,37,1,15,0,37,5,0,30,598,1
"org.apache.lucene.index.TestPerSegmentDeletes$RangeMergePolicy",6,0.10,1.17,22,0.23,4418.75,10,4,12,11,4,130.59,0,38,0,2,130.59,0.00,0.50,0.17,0,14.00,2,683.87,0,3,4,org.apache.lucene.index.MergePolicy,0.15,5,1,7,0,5,3,0,0,160,1
"org.apache.lucene.index.TestPersistentSnapshotDeletionPolicy",11,0.00,1.55,81,1.15,30025.99,13,2,10,32,8,162.32,12,127,0,3,112.32,0.00,0.67,0.50,1,0.00,3,3460.25,4,2,8,org.apache.lucene.index.TestSnapshotDeletionPolicy,0.20,21,2,17,0,21,9,0,12,688,1
"org.apache.lucene.index.TestPositionBasedTermVectorMapper",2,1.25,4.00,62,1.14,98635.91,6,4,4,21,2,98.71,7,64,0,2,78.09,0.00,0.50,0.88,0,0.00,4,3416.19,1,0,2,org.apache.lucene.util.LuceneTestCase,0.00,19,1,8,0,19,2,0,7,590,1
"org.apache.lucene.index.TestPrefixCodedTerms",6,0.00,2.33,91,1.31,51715.44,6,0,8,30,4,95.94,0,91,0,2,95.94,0.00,0.50,0.00,0,6.00,6,3920.08,0,0,4,org.apache.lucene.util.LuceneTestCase,0.00,24,1,14,0,24,6,0,0,737,1
"org.apache.lucene.index.TestPruningReader",12,0.03,1.58,206,4.05,211338.53,18,6,16,57,19,131.45,29,266,0,2,91.56,0.00,0.50,0.14,4,22.00,4,12164.20,1,2,19,org.apache.lucene.util.LuceneTestCase,0.00,45,1,19,0,45,10,0,25,2192,1
"org.apache.lucene.index.TestRandomStoredFields",1,0.00,16.00,77,1.37,111231.99,1,0,16,40,11,80.87,3,78,0,2,60.25,0.00,0.50,0.00,0,1.00,16,4123.59,0,0,11,org.apache.lucene.util.LuceneTestCase,0.00,39,1,16,0,39,1,0,3,591,1
"org.apache.lucene.index.TestReaderClosed",3,0.50,1.67,31,0.39,9594.02,6,3,10,21,11,155.98,3,38,0,2,105.98,0.00,0.50,0.67,0,0.00,2,1181.84,2,0,11,org.apache.lucene.util.LuceneTestCase,0.00,18,1,5,0,18,3,0,3,225,1
"org.apache.lucene.index.TestRollback",1,0.00,3.00,28,0.44,14259.52,1,0,7,22,8,123.94,2,26,0,2,84.05,0.00,0.50,0.00,0,1.00,3,1309.01,0,0,8,org.apache.lucene.util.LuceneTestCase,0.00,21,1,3,0,21,1,0,2,220,1
"org.apache.lucene.index.TestRollingUpdates",2,0.00,6.00,64,0.92,59080.61,2,0,5,32,7,129.24,2,65,0,2,79.24,0.00,0.50,0.00,0,2.00,8,2763.87,0,0,7,org.apache.lucene.util.LuceneTestCase,0.00,30,1,12,0,30,2,0,2,456,1
"org.apache.lucene.index.TestRollingUpdates$IndexingThread",2,0.33,4.00,30,0.38,15493.89,5,3,5,16,5,96.18,1,37,0,2,96.18,0.00,0.50,0.17,0,2.00,7,1140.16,0,0,5,org.apache.lucene.analysis.Thread,0.00,14,1,8,0,14,2,0,1,213,1
"org.apache.lucene.index.TestSameTokenSamePosition",2,0.00,1.50,21,0.27,5719.99,2,0,13,11,12,106.62,9,24,0,2,106.39,0.00,0.50,0.00,0,2.00,2,819.77,0,0,12,org.apache.lucene.util.LuceneTestCase,0.00,9,1,3,0,9,2,0,4,162,1
"org.apache.lucene.index.TestSegmentInfo",2,0.00,2.50,40,0.56,16299.09,2,0,11,21,9,41.46,18,37,0,2,91.46,0.00,0.50,0.00,0,2.00,4,1685.12,0,0,9,org.apache.lucene.util.LuceneTestCase,0.00,19,1,5,0,19,2,0,3,292,1
"org.apache.lucene.index.TestSegmentInfo$Thread",1,0.00,3.00,6,0.08,2002.24,1,0,11,4,0,155.61,2,10,0,1,115.72,0.00,0.00,0.00,0,1.00,3,229.14,0,0,0,java.lang.Object,0.00,3,0,3,0,3,1,0,2,50,0
"org.apache.lucene.index.TestSegmentMerger",5,0.56,1.60,101,1.59,65592.09,13,8,10,53,18,110.55,15,115,0,2,89.93,0.00,0.50,0.58,0,0.00,3,4768.86,2,0,18,org.apache.lucene.util.LuceneTestCase,0.00,48,1,8,0,48,5,0,15,818,1
"org.apache.lucene.index.TestSegmentReader",9,0.21,1.78,100,1.47,65047.29,12,3,7,59,15,151.63,16,110,2,2,101.63,0.00,0.50,0.52,1,0.00,5,4409.48,2,0,13,org.apache.lucene.util.LuceneTestCase,0.00,50,1,16,0,50,9,0,7,839,1
"org.apache.lucene.index.TestSegmentTermDocs",11,0.07,1.36,162,2.25,163998.21,14,3,6,46,12,145.31,13,174,0,2,95.31,0.00,0.50,0.27,3,29.00,4,6761.28,2,0,12,org.apache.lucene.util.LuceneTestCase,0.00,35,1,15,0,35,11,0,13,1180,1
"org.apache.lucene.index.TestSegmentTermEnum",6,0.20,1.17,60,0.74,20060.14,7,1,7,34,10,145.80,15,71,0,2,105.91,0.00,0.50,0.83,2,0.00,2,2227.47,2,0,10,org.apache.lucene.util.LuceneTestCase,0.00,28,1,7,0,28,6,0,15,454,1
"org.apache.lucene.index.TestSizeBoundedForceMerge",13,0.00,1.23,237,2.64,77284.97,13,0,5,42,11,144.41,14,247,0,2,94.41,0.00,0.50,0.00,2,13.00,3,7928.85,0,1,11,org.apache.lucene.util.LuceneTestCase,0.00,29,1,16,0,29,12,0,14,1509,1
"org.apache.lucene.index.TestSnapshotDeletionPolicy",19,0.50,1.74,207,2.64,83752.60,21,2,19,70,15,125.49,64,248,0,2,104.87,1.00,0.33,0.03,9,36.00,5,7925.78,0,3,15,org.apache.lucene.util.LuceneTestCase,0.00,51,1,33,1,51,16,0,59,1493,1
"org.apache.lucene.index.TestSnapshotDeletionPolicy$Thread",1,0.00,6.00,21,0.27,10258.20,1,0,19,12,2,89.68,0,28,0,1,89.68,0.00,0.00,0.00,0,1.00,6,802.72,0,0,2,java.lang.Object,0.00,11,0,6,0,11,1,0,0,138,0
"org.apache.lucene.index.TestSnapshotDeletionPolicy$Thread_0",1,0.00,2.00,7,0.06,1153.33,1,0,19,7,1,115.20,0,11,0,1,115.20,0.00,0.00,0.00,0,1.00,2,193.47,0,0,1,java.lang.Object,0.00,6,0,2,0,6,1,0,0,45,0
"org.apache.lucene.index.TestStressAdvance",2,0.00,10.50,90,1.34,100154.51,2,0,7,38,7,121.78,2,100,0,2,71.78,0.00,0.50,0.00,1,2.00,12,4009.30,0,0,7,org.apache.lucene.util.LuceneTestCase,0.00,36,1,21,0,36,2,0,2,648,1
"org.apache.lucene.index.TestStressIndexing",2,0.00,2.00,36,0.43,17926.39,2,0,6,16,5,50.60,15,36,0,2,92.89,0.00,0.50,0.00,1,2.00,3,1279.86,0,0,5,org.apache.lucene.util.LuceneTestCase,0.00,14,1,4,0,14,2,0,9,242,1
"org.apache.lucene.index.TestStressIndexing$IndexerThread",2,0.00,2.00,23,0.29,9970.76,4,2,6,11,4,152.88,2,23,0,2,102.88,0.00,0.50,0.50,0,2.00,3,863.13,0,0,4,org.apache.lucene.index.TimedThread,0.00,9,1,4,0,9,2,0,2,163,1
"org.apache.lucene.index.TestStressIndexing$SearcherThread",2,1.00,1.50,15,0.13,3318.05,3,1,6,6,3,114.03,0,17,0,2,114.03,0.00,0.50,0.50,0,2.00,2,386.99,0,0,3,org.apache.lucene.index.TimedThread,0.00,4,1,3,0,4,2,0,0,87,2
"org.apache.lucene.index.TestStressIndexing$TimedThread",4,0.08,2.00,23,0.27,8101.38,8,4,6,8,0,118.73,0,31,0,2,118.73,0.00,0.50,0.31,2,4.00,3,802.23,0,0,0,org.apache.lucene.analysis.Thread,0.00,4,1,8,0,4,4,0,0,170,3
"org.apache.lucene.index.TestStressIndexing2",12,0.02,5.92,365,5.59,606402.11,20,8,21,102,17,118.34,34,369,0,2,78.45,0.00,0.50,0.10,5,30.00,25,16758.16,0,2,17,org.apache.lucene.util.LuceneTestCase,0.00,90,1,71,0,90,10,0,29,2727,1
"org.apache.lucene.index.TestStressIndexing2$Comparator<Fieldable>",1,0.00,1.00,3,0.03,432.92,1,0,21,3,1,132.44,0,4,0,1,132.44,0.00,0.00,0.00,0,1.00,1,101.06,0,0,1,java.lang.Object,0.00,2,0,1,0,2,1,0,0,29,0
"org.apache.lucene.index.TestStressIndexing2$DocsAndWriter",0,0.00,0.00,3,0.02,239.86,2,2,21,0,2,171.00,0,4,0,1,171.00,0.00,0.00,0.00,0,0.00,0,68.53,0,0,2,java.lang.Object,0.00,0,0,0,0,0,0,0,0,18,2
"org.apache.lucene.index.TestStressIndexing2$IndexingThread",10,0.13,4.30,125,1.95,139219.44,17,7,21,39,4,97.78,9,156,0,2,97.78,0.00,0.50,0.26,5,18.00,15,5853.80,0,3,4,org.apache.lucene.analysis.Thread,0.00,29,1,43,0,29,7,0,9,1049,1
"org.apache.lucene.index.TestStressIndexing2$MockIndexWriter",2,0.00,1.50,6,0.06,690.80,2,0,21,4,3,133.12,1,11,0,2,133.12,0.00,0.50,0.00,0,2.00,2,181.65,0,0,3,org.apache.lucene.index.IndexWriter,0.00,2,1,3,0,2,2,0,1,47,1
"org.apache.lucene.index.TestStressNRT",2,0.62,6.50,77,1.14,69124.84,10,8,19,29,14,115.79,5,76,2,2,75.90,0.00,0.50,0.44,1,2.00,11,3434.79,0,0,12,org.apache.lucene.util.LuceneTestCase,0.00,27,1,13,0,27,2,0,5,556,1
"org.apache.lucene.index.TestStressNRT$Thread",1,0.00,28.00,103,2.25,336262.39,2,1,19,32,6,98.90,23,135,0,1,51.63,0.00,0.00,1.00,0,0.00,28,6735.43,0,0,6,java.lang.Object,0.00,31,0,28,0,31,1,0,23,961,0
"org.apache.lucene.index.TestStressNRT$Thread_0",1,0.00,12.00,43,0.96,90848.06,2,1,19,24,8,22.35,8,56,0,1,70.45,0.00,0.00,1.00,0,0.00,12,2884.46,0,0,8,java.lang.Object,0.00,23,0,12,0,23,1,0,8,431,0
"org.apache.lucene.index.TestTerm",1,0.00,1.00,12,0.13,4439.98,1,0,1,5,1,102.02,0,14,0,2,102.02,0.00,0.50,0.00,0,1.00,1,400.01,0,0,1,org.apache.lucene.util.LuceneTestCase,0.00,4,1,1,0,4,1,0,0,91,1
"org.apache.lucene.index.TestTermInfosReaderIndex",9,0.11,1.89,106,1.36,39321.48,19,10,19,66,23,103.34,1,114,0,2,103.34,0.00,0.50,0.20,1,19.00,3,4079.32,2,3,23,org.apache.lucene.util.LuceneTestCase,0.00,57,1,17,0,57,6,0,1,770,1
"org.apache.lucene.index.TestTermVectorAccessor",1,0.00,2.00,62,1.46,180147.95,1,0,5,20,9,42.45,14,62,0,2,62.59,0.00,0.50,0.00,0,1.00,2,4379.34,0,0,9,org.apache.lucene.util.LuceneTestCase,0.00,19,1,2,0,19,1,0,1,711,1
"org.apache.lucene.index.TestTermVectorsReader",8,0.40,4.62,263,4.27,437562.83,19,11,14,60,18,77.43,37,264,0,2,77.19,0.00,0.50,0.44,0,0.00,11,12806.25,2,0,18,org.apache.lucene.util.LuceneTestCase,0.00,52,1,37,0,52,8,0,31,2127,1
"org.apache.lucene.index.TestTermVectorsReader$DocNumAwareMapper",5,0.50,1.40,13,0.14,2304.52,6,1,14,6,2,138.72,0,24,0,2,138.72,0.00,0.50,0.60,0,2.00,2,425.24,0,0,2,org.apache.lucene.index.TermVectorMapper,0.17,1,1,7,0,1,5,0,0,103,2
"org.apache.lucene.index.TestTermVectorsReader$MyAnalyzer",1,0.00,1.00,3,0.03,292.54,1,0,14,2,2,133.78,0,6,0,2,133.78,0.00,0.50,0.00,0,1.00,1,81.93,0,1,2,org.apache.lucene.analysis.Analyzer,0.00,1,1,1,0,1,0,0,0,23,1
"org.apache.lucene.index.TestTermVectorsReader$MyTokenStream",3,0.50,1.67,23,0.26,7996.65,7,4,14,7,4,112.38,0,33,0,3,112.38,0.00,0.67,0.58,0,1.00,3,777.72,1,0,4,org.apache.lucene.analysis.TokenStream,0.55,4,2,5,0,4,3,0,0,166,1
"org.apache.lucene.index.TestTermVectorsReader$MyTokenizer",3,0.50,1.67,24,0.27,8149.61,7,4,14,7,4,110.15,0,34,0,4,110.15,0.00,0.75,0.58,0,1.00,3,810.11,1,0,4,org.apache.lucene.analysis.Tokenizer,0.40,4,3,5,0,4,3,0,0,172,1
"org.apache.lucene.index.TestTermVectorsReader$TestToken",1,3.00,1.00,7,0.05,734.78,5,4,14,1,0,116.91,0,9,0,1,116.91,0.00,0.00,0.25,0,0.00,1,151.77,0,0,0,java.lang.Object,0.00,0,0,1,0,0,1,1,0,40,1
"org.apache.lucene.index.TestTermVectorsWriter",14,0.00,1.43,317,5.61,183849.01,14,0,15,56,19,138.41,22,368,0,2,88.41,0.00,0.50,0.00,0,14.00,4,16833.26,0,0,19,org.apache.lucene.util.LuceneTestCase,0.00,42,1,20,0,42,14,0,22,2887,1
"org.apache.lucene.index.TestTermdocPerf",3,0.00,2.67,37,0.62,24481.11,3,0,12,26,14,99.71,2,40,0,2,99.71,0.00,0.50,0.00,1,3.00,5,1860.52,0,0,14,org.apache.lucene.util.LuceneTestCase,0.00,23,1,8,0,23,3,0,2,323,1
"org.apache.lucene.index.TestTermdocPerf$Analyzer",1,0.00,1.00,3,0.02,204.75,1,0,12,1,1,135.00,0,5,0,1,135.00,0.00,0.00,0.00,0,1.00,1,65.11,0,1,1,java.lang.Object,0.00,0,0,1,0,0,0,0,0,19,0
"org.apache.lucene.index.TestTermsEnum",11,0.00,5.55,279,4.30,438936.80,14,3,15,71,13,82.46,45,320,0,2,82.23,0.00,0.50,0.33,3,19.00,20,12889.86,0,3,13,org.apache.lucene.util.LuceneTestCase,0.00,60,1,61,0,60,8,0,39,2137,1
"org.apache.lucene.index.TestThreadedForceMerge",3,0.20,2.67,58,1.03,59742.15,8,5,10,31,10,139.22,5,58,0,2,89.22,0.00,0.50,0.33,1,1.00,6,3103.41,0,0,10,org.apache.lucene.util.LuceneTestCase,0.00,28,1,8,0,28,3,0,2,499,1
"org.apache.lucene.index.TestThreadedForceMerge$Thread",1,0.00,5.00,25,0.39,18777.97,1,0,10,12,2,84.83,0,22,0,1,84.83,0.00,0.00,0.00,0,1.00,5,1166.88,0,0,2,java.lang.Object,0.00,11,0,5,0,11,1,0,0,201,0
"org.apache.lucene.index.TestTieredMergePolicy",3,0.00,4.33,109,1.69,84846.75,3,0,6,49,12,77.55,0,109,0,2,77.55,0.00,0.50,0.00,0,3.00,6,5080.19,0,0,12,org.apache.lucene.util.LuceneTestCase,0.00,46,1,13,0,46,3,0,0,807,1
"org.apache.lucene.index.TestTransactionRollback",6,0.10,2.83,74,1.06,36912.08,8,2,12,43,8,100.90,29,85,0,2,100.67,0.00,0.50,0.58,2,0.00,5,3184.85,2,0,8,org.apache.lucene.util.LuceneTestCase,0.00,37,1,17,0,37,6,0,10,580,1
"org.apache.lucene.index.TestTransactionRollback$DeleteLastCommitPolicy",2,0.00,2.00,4,0.06,1042.33,2,0,12,5,1,138.22,0,6,0,1,138.22,0.00,0.00,0.00,0,2.00,2,187.90,0,0,1,java.lang.Object,0.00,3,0,4,0,3,2,1,0,47,0
"org.apache.lucene.index.TestTransactionRollback$KeepAllDeletionPolicy",2,0.00,2.00,3,0.04,443.84,2,0,12,2,1,152.36,0,4,0,1,152.36,0.00,0.00,0.00,0,2.00,2,118.22,0,0,1,java.lang.Object,0.00,0,0,4,0,0,2,1,0,33,0
"org.apache.lucene.index.TestTransactionRollback$RollbackDeletionPolicy",3,1.00,2.67,15,0.20,6066.93,4,1,12,10,1,118.90,12,21,0,1,118.67,0.00,0.00,0.33,0,4.00,5,596.95,0,0,1,java.lang.Object,0.00,7,0,8,0,7,3,1,4,123,0
"org.apache.lucene.index.TestTransactions",2,1.00,2.50,51,0.61,28638.13,3,1,9,22,10,85.92,1,47,2,2,85.92,0.00,0.50,0.00,1,2.00,3,1817.88,0,0,8,org.apache.lucene.util.LuceneTestCase,0.00,20,1,5,0,20,2,0,1,341,1
"org.apache.lucene.index.TestTransactions$IndexerThread",3,0.12,2.33,52,0.68,28010.92,7,4,9,26,8,143.64,4,72,0,2,93.64,0.00,0.50,0.33,1,5.00,3,2054.94,0,0,8,org.apache.lucene.index.TimedThread,0.00,23,1,7,0,23,3,0,4,382,1
"org.apache.lucene.index.TestTransactions$RandomFailure",1,0.00,2.00,3,0.06,1188.11,1,0,9,3,2,128.83,0,7,0,2,128.83,0.00,0.50,0.00,0,1.00,2,174.41,0,0,2,MockDirectoryWrapper.Failure,0.00,2,1,2,0,2,1,0,0,40,1
"org.apache.lucene.index.TestTransactions$SearcherThread",2,0.33,1.50,17,0.20,6457.08,5,3,9,6,2,109.59,0,23,0,2,109.59,0.00,0.50,0.50,0,2.00,2,588.63,0,0,2,org.apache.lucene.index.TimedThread,0.00,4,1,3,0,4,2,0,0,130,2
"org.apache.lucene.index.TestTransactions$TimedThread",4,0.00,2.00,20,0.25,7408.19,7,3,9,8,0,119.04,0,28,0,2,119.04,0.00,0.50,0.33,2,4.00,3,752.86,0,0,0,org.apache.lucene.analysis.Thread,0.00,4,1,8,0,4,4,0,0,162,3
"org.apache.lucene.index.TestUniqueTermCount",4,0.22,1.75,47,0.58,15955.52,7,3,11,30,11,143.55,11,49,0,2,103.67,0.00,0.50,0.50,1,0.00,2,1742.69,2,1,11,org.apache.lucene.util.LuceneTestCase,0.00,26,1,7,0,26,3,0,4,334,1
"org.apache.lucene.index.TestUniqueTermCount$TestSimilarity",2,0.00,1.00,5,0.05,642.53,2,0,11,3,2,140.03,0,10,0,3,140.03,0.00,0.67,0.00,0,2.00,1,141.64,0,0,2,org.apache.lucene.search.DefaultSimilarity,0.10,1,2,2,0,1,2,0,0,40,0
"org.apache.lucene.index.ThreadedIndexingAndSearchingTestCase",18,0.07,2.83,190,3.49,309027.60,24,6,30,86,24,150.11,26,220,1,2,100.11,4.00,0.17,0.10,7,54.00,30,10471.59,0,4,23,org.apache.lucene.util.LuceneTestCase,0.00,68,1,51,4,68,14,0,25,1593,2
"org.apache.lucene.index.ThreadedIndexingAndSearchingTestCase$IndexWriter.IndexReaderWarmer",1,0.00,5.00,19,0.28,12083.81,1,0,30,13,5,90.78,0,22,0,1,90.78,0.00,0.00,0.00,0,1.00,5,849.61,0,0,5,java.lang.Object,0.00,12,0,5,0,12,1,0,0,149,0
"org.apache.lucene.index.ThreadedIndexingAndSearchingTestCase$SubDocs",1,3.00,1.00,7,0.06,1214.84,4,3,30,1,0,115.19,0,9,0,1,115.19,0.00,0.00,0.00,0,1.00,1,187.57,0,0,0,java.lang.Object,0.00,0,0,1,0,0,1,0,0,48,2
"org.apache.lucene.index.ThreadedIndexingAndSearchingTestCase$Thread",1,0.00,34.00,121,2.57,400621.12,1,0,30,40,3,10.81,12,155,0,1,48.38,0.00,0.00,0.00,0,0.00,34,7712.02,0,0,3,java.lang.Object,0.00,39,0,34,0,39,1,0,12,1080,0
"org.apache.lucene.index.ThreadedIndexingAndSearchingTestCase$Thread_0",1,0.00,11.00,43,0.59,53546.36,1,0,30,20,4,24.17,8,58,0,1,72.28,0.00,0.00,0.00,0,0.00,11,1771.48,0,0,4,java.lang.Object,0.00,19,0,11,0,19,1,0,8,288,0
"org.apache.lucene.index.TieredMergePolicy",30,0.04,3.00,309,4.79,542596.59,40,10,8,75,18,100.16,136,389,13,2,99.92,0.00,0.50,0.14,4,482.00,26,14381.51,0,14,5,org.apache.lucene.index.MergePolicy,0.05,45,1,90,0,45,16,0,68,2413,1
"org.apache.lucene.index.TieredMergePolicy$MergeScore",2,0.00,1.00,3,0.01,73.60,2,0,8,2,0,158.67,0,5,0,1,158.67,0.00,0.00,0.00,0,2.00,1,38.73,0,1,0,java.lang.Object,0.00,0,0,2,0,0,1,0,0,16,3
"org.apache.lucene.index.TieredMergePolicy$MergeScore_0",2,0.00,1.00,5,0.05,835.72,2,0,8,3,0,139.13,0,9,0,1,139.13,0.00,0.00,0.00,0,2.00,1,154.90,0,1,0,java.lang.Object,0.00,1,0,2,0,1,1,0,0,42,0
"org.apache.lucene.index.TieredMergePolicy$SegmentByteSizeDescending",1,0.00,4.00,12,0.13,5525.96,1,0,8,4,1,100.95,0,17,0,1,100.95,0.00,0.00,0.00,0,1.00,4,380.28,0,0,1,java.lang.Object,0.00,3,0,4,0,3,1,1,0,80,1
"org.apache.lucene.index.UpgradeIndexMergePolicy",11,0.40,2.09,49,0.70,34919.13,12,1,6,36,7,141.41,35,77,1,2,120.80,0.00,0.50,0.64,2,4.00,12,2099.23,1,4,6,org.apache.lucene.index.MergePolicy,0.11,25,1,23,0,25,7,0,8,426,1
"org.apache.solr.core.AbstractSolrEventListener",6,0.50,1.17,21,0.18,4021.50,8,2,3,12,7,170.80,12,30,2,1,130.91,0.00,0.00,0.08,0,10.00,2,539.22,0,2,5,java.lang.Object,0.00,6,0,7,2,6,4,1,2,137,0
"org.apache.solr.core.AlternateDirectoryTest",2,0.00,1.00,10,0.10,1134.05,2,0,7,4,3,163.13,5,15,0,3,123.24,0.00,0.67,0.00,0,2.00,1,304.33,3,0,3,org.apache.solr.SolrTestCaseJ4,0.00,2,2,2,0,2,2,0,1,74,1
"org.apache.solr.core.AlternateDirectoryTest$TestFSDirectoryFactory",1,0.00,2.00,8,0.09,1707.58,3,2,7,3,2,161.70,1,12,0,2,111.70,0.00,0.50,1.00,0,0.00,2,261.68,0,1,2,org.apache.solr.core.DirectoryFactory,0.00,2,1,2,0,2,0,0,1,60,2
"org.apache.solr.core.AlternateDirectoryTest$TestIndexReaderFactory",1,1.00,1.00,5,0.06,959.94,2,1,7,2,3,121.44,0,9,0,2,121.44,0.00,0.50,0.00,0,1.00,1,178.49,0,1,3,org.apache.solr.core.IndexReaderFactory,0.00,1,1,1,0,1,0,0,0,43,2
"org.apache.solr.core.CloseHook",2,0.00,1.00,3,0.02,119.22,2,0,0,2,2,204.29,47,4,1,1,157.02,0.00,0.00,0.00,0,2.00,1,59.61,0,0,1,java.lang.Object,0.00,0,0,2,0,0,2,0,4,21,2
"org.apache.solr.core.ClosingRequestHandler",1,1.00,1.00,4,0.03,270.16,2,1,11,3,12,129.39,0,6,1,3,129.39,0.00,0.67,0.00,0,1.00,1,90.05,0,0,11,org.apache.solr.core.EmptyRequestHandler,0.00,2,2,1,0,2,1,1,0,26,0
"org.apache.solr.core.ClosingRequestHandler$CloseHook",2,0.00,1.00,4,0.03,265.70,2,0,11,2,1,143.05,0,7,0,1,143.05,0.00,0.00,0.00,0,2.00,1,91.51,0,0,1,java.lang.Object,0.00,0,0,2,0,0,2,0,0,28,0
"org.apache.solr.core.Config",32,0.02,1.81,147,2.13,83776.26,40,8,26,81,13,161.37,90,228,8,1,121.49,0.00,0.00,0.11,4,388.00,9,6380.69,0,20,5,java.lang.Object,0.00,49,0,58,1,49,12,0,20,1280,1
"org.apache.solr.core.CoreContainer",40,0.02,2.92,382,5.73,322637.38,62,22,23,156,22,125.01,139,513,13,1,104.39,0.00,0.00,0.07,10,682.00,18,17196.46,1,14,12,java.lang.Object,0.00,116,0,117,0,116,26,0,52,3067,1
"org.apache.solr.core.CoreContainer$Initializer",5,0.12,1.60,30,0.37,13794.76,7,2,23,17,3,164.77,8,41,0,1,114.77,0.00,0.00,0.40,1,6.00,4,1114.93,0,1,3,java.lang.Object,0.00,12,0,8,0,12,4,0,4,216,2
"org.apache.solr.core.CoreDescriptor",19,0.04,1.53,81,0.76,19006.44,27,8,2,31,8,174.82,23,110,7,1,124.82,0.00,0.00,0.09,1,123.00,4,2272.78,0,12,2,java.lang.Object,0.00,12,0,29,0,12,7,0,12,540,1
"org.apache.solr.core.Deprecated",5,0.00,1.00,11,0.11,992.13,5,0,0,5,1,191.68,5,17,0,3,141.68,0.00,0.67,0.00,0,5.00,1,334.37,0,0,1,org.apache.solr.common.SolrException,0.00,0,2,5,0,0,5,0,1,94,1
"org.apache.solr.core.DirectoryFactory",3,0.00,1.00,6,0.05,630.48,3,0,5,5,13,162.10,10,9,10,1,141.48,0.00,0.00,0.00,0,3.00,1,154.57,0,1,3,java.lang.Object,0.00,2,0,3,7,2,2,1,3,45,2
"org.apache.solr.core.DummyValueSourceParser",2,1.00,1.00,8,0.07,1208.58,3,1,7,4,8,166.53,4,13,1,2,126.64,0.00,0.50,0.00,0,2.00,1,208.34,0,1,7,org.apache.solr.search.ValueSourceParser,0.00,2,1,2,0,2,1,0,1,54,1
"org.apache.solr.core.DummyValueSourceParser$SimpleFloatFunction",2,0.00,1.00,6,0.04,527.78,2,0,7,2,0,134.13,0,10,0,1,134.13,0.00,0.00,0.00,0,2.00,1,128.15,0,1,0,java.lang.Object,0.00,0,0,2,0,0,1,0,0,36,0
"org.apache.solr.core.EmptyRequestHandler",5,0.00,1.00,10,0.07,711.24,5,0,11,5,10,142.82,1,10,2,2,142.82,1.00,0.33,0.00,0,5.00,1,209.58,0,4,8,org.apache.solr.RequestHandlerBase,0.00,0,1,5,1,0,1,0,1,63,0
"org.apache.solr.core.FakeDeletionPolicy",5,0.12,1.00,14,0.11,1161.97,7,2,5,7,4,191.14,6,20,1,1,141.14,0.00,0.00,0.40,0,6.00,1,341.96,0,2,3,java.lang.Object,0.00,2,0,5,0,2,3,2,4,92,1
"org.apache.solr.core.IndexDeletionPolicyWrapper",13,0.02,1.77,65,0.73,21938.80,18,5,7,34,9,119.62,52,78,6,1,119.38,0.00,0.00,0.18,3,98.00,3,2191.47,0,5,3,java.lang.Object,0.00,21,0,23,0,21,8,1,16,487,1
"org.apache.solr.core.IndexDeletionPolicyWrapper$IndexCommitWrapper",13,0.08,1.15,32,0.30,5664.06,14,1,7,26,2,138.95,0,58,0,2,138.95,0.00,0.50,0.92,0,0.00,3,899.43,0,4,2,org.apache.lucene.index.IndexCommit,0.85,13,1,15,0,13,9,0,0,238,1
"org.apache.solr.core.IndexReaderFactory",3,0.50,1.33,9,0.08,1093.06,4,1,5,5,10,84.86,26,14,6,1,132.96,0.00,0.00,0.67,0,1.00,2,250.51,0,1,4,java.lang.Object,0.00,2,0,4,2,2,2,1,5,65,2
"org.apache.solr.core.IndexReaderFactoryTest",3,0.00,1.00,10,0.10,1807.27,3,0,1,8,2,181.31,5,16,0,3,131.31,0.00,0.67,0.00,0,4.00,1,312.06,0,2,2,org.apache.solr.util.AbstractSolrTestCase,0.17,5,2,3,0,5,1,0,1,74,1
"org.apache.solr.core.JmxMonitoredMap",6,0.25,4.17,66,1.06,52573.82,10,4,12,30,5,58.49,42,107,2,2,100.78,0.00,0.50,0.46,2,0.00,9,3190.43,3,3,3,java.util.concurrent.ConcurrentHashMap,0.00,24,1,25,0,24,3,0,10,589,1
"org.apache.solr.core.JmxMonitoredMap$SolrDynamicMBean",7,0.06,2.57,60,0.91,48804.69,10,3,12,37,2,106.83,2,90,0,1,106.83,0.00,0.00,0.29,0,11.00,6,2716.95,0,5,2,java.lang.Object,0.00,30,0,18,0,30,2,1,2,517,1
"org.apache.solr.core.MMapDirectoryFactory",2,1.00,2.00,17,0.21,4730.07,5,3,8,12,5,92.71,10,25,0,2,110.59,0.00,0.50,0.83,0,0.00,2,639.59,0,1,5,org.apache.solr.core.DirectoryFactory,0.00,10,1,4,0,10,1,0,1,133,1
"org.apache.solr.core.MockDirectoryFactory",1,0.00,1.00,5,0.05,1007.07,1,0,5,4,3,78.99,7,8,0,2,121.28,0.00,0.50,0.00,0,1.00,1,164.79,0,1,3,org.apache.solr.core.DirectoryFactory,0.00,3,1,1,0,3,0,0,5,39,1
"org.apache.solr.core.MockEventListener",5,0.75,1.00,9,0.07,756.16,6,1,3,8,5,153.84,3,16,2,1,153.84,0.00,0.00,0.40,0,7.00,1,196.55,0,0,3,java.lang.Object,0.00,3,0,5,0,3,5,1,3,60,1
"org.apache.solr.core.MockQuerySenderListenerReqHandler",7,0.28,1.00,26,0.22,3987.46,10,3,5,11,6,131.50,4,41,2,2,131.50,0.00,0.50,0.10,0,13.00,1,669.12,2,5,4,org.apache.solr.handler.RequestHandlerBase,0.53,4,1,7,0,4,2,0,1,171,1
"org.apache.solr.core.NIOFSDirectoryFactory",1,0.00,1.00,3,0.03,451.02,1,0,4,3,3,132.54,4,6,0,2,132.30,0.00,0.50,0.00,0,1.00,1,99.51,0,1,3,org.apache.solr.core.DirectoryFactory,0.00,2,1,1,0,2,0,0,1,27,1
"org.apache.solr.core.PluginInfo",8,0.12,3.00,55,0.99,32704.46,16,8,7,34,15,163.28,9,68,13,1,113.28,0.00,0.00,0.23,1,18.00,6,2962.92,0,4,2,java.lang.Object,0.00,26,0,24,0,26,4,0,3,586,1
"org.apache.solr.core.PluginInfoTest",9,0.19,1.33,73,1.17,31010.70,11,2,5,32,3,109.39,6,125,0,3,109.39,0.00,0.67,0.33,0,20.00,2,3506.80,1,0,3,org.apache.solr.util.DOMUtilTestBase,0.00,23,2,12,0,23,9,0,2,684,1
"org.apache.solr.core.QuerySenderListener",2,0.00,4.50,33,0.46,28679.69,2,0,10,18,13,93.24,9,37,2,2,93.01,0.00,0.50,0.00,0,2.00,8,1372.42,1,0,11,org.apache.solr.core.AbstractSolrEventListener,0.00,16,1,9,0,16,2,0,7,228,0
"org.apache.solr.core.QuerySenderListener$LocalSolrQueryRequest",2,0.00,1.00,4,0.02,220.18,2,0,10,2,1,143.69,0,3,0,1,143.69,0.00,0.00,0.00,0,2.00,1,74.51,0,1,1,java.lang.Object,0.00,0,0,2,0,0,1,0,0,25,0
"org.apache.solr.core.RAMDirectoryFactory",3,0.50,2.00,28,0.30,9798.58,4,1,5,11,5,147.46,6,39,2,3,107.57,0.00,0.67,0.67,1,1.00,2,909.90,1,2,3,org.apache.solr.core.StandardDirectoryFactory,0.00,8,2,6,0,8,1,0,2,191,1
"org.apache.solr.core.RAMDirectoryFactoryTest",3,0.00,1.00,16,0.16,3394.68,3,0,3,9,3,170.88,3,23,0,2,120.88,0.00,0.50,0.00,2,3.00,1,466.25,0,0,3,org.apache.lucene.util.LuceneTestCase,0.00,6,1,3,0,6,3,0,1,107,1
"org.apache.solr.core.RAMDirectoryFactoryTest$RAMDirectoryFactory",1,0.00,1.00,3,0.02,189.62,1,0,3,1,1,135.26,0,5,0,1,135.26,0.00,0.00,0.00,0,1.00,1,59.81,0,1,1,java.lang.Object,0.00,0,0,1,0,0,0,0,0,18,0
"org.apache.solr.core.RefCntRamDirectory",6,0.60,1.50,23,0.17,2835.60,7,1,5,13,5,132.05,0,33,2,3,132.05,0.00,0.67,0.50,1,10.00,3,511.58,2,0,3,org.apache.lucene.store.RAMDirectory,0.07,7,2,9,0,7,6,0,0,131,1
"org.apache.solr.core.RequestHandlers",7,0.00,3.29,64,1.07,60355.85,11,4,19,41,13,55.66,71,87,1,1,104.14,0.00,0.00,0.25,3,11.00,11,3224.52,0,5,13,java.lang.Object,0.00,34,0,23,0,34,2,0,12,588,1
"org.apache.solr.core.RequestHandlers$LazyRequestHandlerWrapper",13,0.06,1.77,61,0.51,12327.21,17,4,19,26,9,124.97,9,93,0,1,124.97,0.00,0.00,0.31,1,0.00,4,1519.27,0,9,9,java.lang.Object,0.00,13,0,23,0,13,4,2,5,361,3
"org.apache.solr.core.RequestHandlersTest",4,0.00,1.00,29,0.40,7179.85,4,0,5,12,4,113.85,3,54,0,3,113.85,0.00,0.67,0.00,0,0.00,1,1195.91,5,0,4,org.apache.solr.SolrTestCaseJ4,0.00,8,2,4,0,8,4,0,3,236,1
"org.apache.solr.core.ResourceLoaderTest",4,0.00,2.50,50,0.75,33663.43,4,0,15,25,9,139.51,11,75,0,2,99.62,0.00,0.50,0.00,0,4.00,5,2262.70,0,0,9,org.apache.lucene.util.LuceneTestCase,0.00,21,1,10,0,21,4,0,11,428,1
"org.apache.solr.core.RunExecutableListener",5,0.20,2.80,45,0.65,25989.70,10,5,7,21,5,126.52,15,63,0,2,105.91,0.00,0.50,0.36,1,7.00,6,1947.20,1,0,5,org.apache.solr.core.AbstractSolrEventListener,0.18,16,1,14,0,16,5,0,7,374,0
"org.apache.solr.core.SOLR749Test",2,0.00,1.00,12,0.16,3942.13,2,0,5,6,6,155.91,4,16,0,3,116.03,0.00,0.67,0.00,0,2.00,1,476.51,1,0,6,org.apache.solr.SolrTestCaseJ4,0.00,4,2,2,0,4,2,0,1,100,1
"org.apache.solr.core.SimpleFSDirectoryFactory",1,0.00,1.00,3,0.03,451.02,1,0,4,3,3,132.54,4,6,0,2,132.30,0.00,0.50,0.00,0,1.00,1,99.51,0,1,3,org.apache.solr.core.DirectoryFactory,0.00,2,1,1,0,2,0,0,1,27,1
"org.apache.solr.core.SolrConfig",11,0.08,1.91,136,2.42,95671.67,43,32,33,51,49,81.70,64,168,27,2,99.57,0.00,0.50,0.10,2,49.00,5,7261.03,3,3,27,org.apache.solr.core.Config,0.00,40,1,21,0,40,8,0,23,1152,1
"org.apache.solr.core.SolrConfig$HttpCachingConfig",0,0.00,0.00,4,0.05,845.18,2,2,33,1,0,171.00,2,6,0,1,171.00,0.00,0.00,0.00,0,0.00,0,138.30,0,0,0,java.lang.Object,0.00,1,0,0,0,1,0,0,2,32,2
"org.apache.solr.core.SolrConfig$HttpCachingConfig$LastModFrom",1,0.00,13.00,64,1.13,102618.52,6,5,33,19,3,26.01,12,78,0,1,63.57,0.00,0.00,1.00,0,0.00,13,3388.53,0,1,3,java.lang.Object,0.00,18,0,13,0,18,0,0,7,489,2
"org.apache.solr.core.SolrConfig$HttpCachingConfig$LastModFrom$UpdateHandlerInfo",1,4.00,1.00,8,0.07,1290.31,5,4,33,1,0,80.60,6,10,0,1,112.82,0.00,0.00,0.00,0,1.00,1,207.37,0,0,0,java.lang.Object,0.00,0,0,1,0,0,1,0,1,55,2
"org.apache.solr.core.SolrConfig$JmxConfiguration",2,4.00,1.50,15,0.15,4427.31,6,4,33,3,1,113.04,0,27,0,1,113.04,0.00,0.00,0.00,0,2.00,2,458.27,0,0,1,java.lang.Object,0.00,1,0,3,0,1,2,0,0,106,2
"org.apache.solr.core.SolrCore",87,0.01,2.66,722,10.70,631917.70,123,36,53,296,191,106.92,423,984,144,1,106.68,0.00,0.00,0.04,33,4430.00,29,32098.74,1,49,62,java.lang.Object,0.00,209,0,231,0,209,38,1,187,5745,2
"org.apache.solr.core.SolrCore$Callable",1,0.00,1.00,4,0.02,206.27,1,0,53,2,0,130.32,0,5,0,1,130.32,0.00,0.00,0.00,0,1.00,1,63.51,0,1,0,java.lang.Object,0.00,1,0,1,0,1,0,0,0,19,0
"org.apache.solr.core.SolrCore$Callable_0",1,0.00,2.00,6,0.05,726.85,1,0,53,3,1,119.28,0,9,0,1,119.28,0.00,0.00,0.00,0,0.00,2,144.16,0,1,1,java.lang.Object,0.00,2,0,2,0,2,0,0,0,35,0
"org.apache.solr.core.SolrCore$Callable_1",1,0.00,3.00,8,0.06,1373.73,1,0,53,3,1,112.35,0,11,0,1,112.35,0.00,0.00,0.00,0,0.00,3,186.81,0,1,1,java.lang.Object,0.00,2,0,3,0,2,0,0,0,43,0
"org.apache.solr.core.SolrCore$Callable_2",1,0.00,3.00,8,0.06,1292.71,1,0,53,3,1,112.56,0,11,0,1,112.56,0.00,0.00,0.00,0,0.00,3,189.11,0,1,1,java.lang.Object,0.00,2,0,3,0,2,0,0,0,43,0
"org.apache.solr.core.SolrCore$Callable_3",1,0.00,3.00,8,0.08,2029.96,1,0,53,4,1,93.14,5,12,0,1,111.01,0.00,0.00,0.00,0,0.00,3,238.62,0,1,1,java.lang.Object,0.00,3,0,3,0,3,0,0,5,51,0
"org.apache.solr.core.SolrCore$LazyQueryResponseWriterWrapper",5,0.12,1.40,23,0.21,3980.28,9,4,53,10,6,125.62,1,34,0,1,125.62,0.00,0.00,0.35,1,7.00,3,636.29,0,2,6,java.lang.Object,0.00,5,0,7,0,5,3,1,1,151,2
"org.apache.solr.core.SolrCore$RefCounted<SolrIndexSearcher>",1,0.00,3.00,8,0.09,2013.60,1,0,53,4,1,93.17,5,13,0,1,111.04,0.00,0.00,0.00,0,0.00,3,281.62,0,0,1,java.lang.Object,0.00,3,0,3,0,3,1,0,5,60,0
"org.apache.solr.core.SolrCoreTest",7,0.00,1.29,95,1.46,60957.85,7,0,11,37,13,148.36,9,108,0,3,98.36,0.00,0.67,0.00,0,0.00,3,4391.59,4,0,13,org.apache.solr.SolrTestCaseJ4,0.10,30,2,9,0,30,7,0,9,779,1
"org.apache.solr.core.SolrCoreTest$Callable<Integer>",2,0.00,2.50,26,0.26,12870.73,2,0,11,7,1,99.25,1,31,0,1,99.25,0.00,0.00,0.00,1,2.00,3,770.50,0,1,1,java.lang.Object,0.00,5,0,5,0,5,1,0,1,151,0
"org.apache.solr.core.SolrDeletionPolicy",12,0.00,2.42,104,1.39,65009.69,16,4,14,40,11,147.59,24,134,3,1,107.71,0.00,0.00,0.25,2,42.00,9,4163.69,0,4,9,java.lang.Object,0.00,28,0,29,0,28,8,2,13,806,1
"org.apache.solr.core.SolrEventListener",2,1.00,1.00,4,0.04,532.96,3,1,4,3,11,120.53,29,5,9,2,140.67,0.00,0.50,0.00,0,2.00,1,120.27,0,0,3,,0.00,1,1,2,0,1,2,0,2,34,1
"org.apache.solr.core.SolrInfoMBean",8,0.00,1.00,10,0.04,194.28,8,0,2,8,18,160.33,33,10,17,1,160.09,0.00,0.00,0.00,0,8.00,1,117.46,0,8,1,,0.00,0,0,8,0,0,0,0,9,49,1
"org.apache.solr.core.SolrInfoMBean$Category",0,0.00,0.00,2,0.01,76.11,0,0,2,0,0,171.00,0,1,0,1,171.00,0.00,0.00,0.00,0,0.00,0,38.05,0,0,0,java.lang.Object,0.00,0,0,0,0,0,0,0,0,11,1
"org.apache.solr.core.SolrResourceLoader",29,0.02,3.07,257,4.11,214084.80,44,15,36,106,58,88.72,166,391,43,1,106.59,0.00,0.00,0.09,10,377.00,9,12340.24,0,20,17,java.lang.Object,0.00,77,0,89,0,77,9,1,48,2276,1
"org.apache.solr.core.SolrResourceLoader$FileFilter",1,0.00,1.00,3,0.02,187.66,1,0,36,2,0,135.30,0,4,0,1,135.30,0.00,0.00,0.00,0,1.00,1,58.19,0,0,0,java.lang.Object,0.00,1,0,1,0,1,1,0,0,18,0
"org.apache.solr.core.StandardDirectoryFactory",1,0.00,1.00,3,0.04,587.43,1,0,4,3,5,131.63,4,6,2,2,131.40,1.00,0.33,0.00,0,1.00,1,105.43,0,1,3,org.apache.solr.core.DirectoryFactory,0.00,2,1,1,1,2,0,0,1,28,1
"org.apache.solr.core.StandardIndexReaderFactory",1,0.00,1.00,3,0.04,587.11,1,0,3,2,5,81.40,9,7,2,2,131.40,0.00,0.50,0.00,0,0.00,1,117.46,0,1,3,org.apache.solr.core.IndexReaderFactory,0.00,1,1,1,0,1,0,0,2,30,1
"org.apache.solr.core.TestArbitraryIndexDir",5,0.00,1.40,39,0.72,26376.55,5,0,17,36,10,160.09,9,65,0,3,110.09,0.00,0.67,0.00,0,7.00,3,2169.10,6,2,10,org.apache.solr.util.AbstractSolrTestCase,0.32,31,2,7,0,31,3,0,7,375,1
"org.apache.solr.core.TestBadConfig",4,0.00,1.25,15,0.12,1989.73,4,0,1,9,2,131.91,1,22,0,3,131.91,0.00,0.67,0.00,0,4.00,2,367.60,3,2,2,org.apache.solr.util.AbstractSolrTestCase,0.24,5,2,5,0,5,2,0,1,90,1
"org.apache.solr.core.TestConfig",7,0.00,1.43,58,0.83,20729.59,7,0,15,40,10,109.89,6,80,0,3,109.89,0.00,0.67,0.00,0,16.00,4,2480.04,1,0,10,org.apache.solr.SolrTestCaseJ4,0.00,33,2,10,0,33,7,0,6,490,1
"org.apache.solr.core.TestConfig$ExposeWriterHandler",2,0.00,1.00,6,0.03,287.25,2,0,15,3,2,136.21,0,9,0,3,136.21,0.00,0.67,0.00,0,2.00,1,101.55,1,1,2,org.apache.solr.update.DirectUpdateHandler2,0.00,1,2,2,0,1,1,0,0,31,0
"org.apache.solr.core.TestJmxIntegration",8,0.00,2.62,81,1.45,78496.27,8,0,11,54,3,152.04,10,111,0,3,102.04,0.00,0.67,0.00,1,14.00,9,4349.36,4,3,3,org.apache.solr.util.AbstractSolrTestCase,0.29,46,2,21,0,46,5,0,5,750,1
"org.apache.solr.core.TestJmxMonitoredMap",3,0.50,2.67,49,0.71,33833.54,7,4,17,24,3,133.83,7,74,0,2,93.95,0.00,0.50,0.58,0,0.00,5,2127.42,2,0,3,org.apache.lucene.util.LuceneTestCase,0.00,21,1,8,0,21,3,0,2,394,1
"org.apache.solr.core.TestJmxMonitoredMap$MockInfoMBean",8,0.00,1.00,17,0.08,667.94,8,0,17,8,2,144.64,1,27,0,1,144.64,0.00,0.00,0.00,0,8.00,1,237.25,0,8,2,java.lang.Object,0.00,0,0,8,0,0,0,1,1,77,1
"org.apache.solr.core.TestLegacyMergeSchedulerPolicyConfig",2,0.00,1.00,10,0.16,3582.42,2,0,8,12,5,119.31,0,15,0,3,119.31,0.00,0.67,0.00,0,2.00,1,482.56,1,0,5,org.apache.solr.SolrTestCaseJ4,0.00,10,2,2,0,10,2,0,0,107,1
"org.apache.solr.core.TestLegacyMergeSchedulerPolicyConfig$ExposeWriterHandler",2,0.00,1.00,6,0.03,287.25,2,0,8,3,2,136.21,0,9,0,3,136.21,0.00,0.67,0.00,0,2.00,1,101.55,1,1,2,org.apache.solr.update.DirectUpdateHandler2,0.00,1,2,2,0,1,1,0,0,31,0
"org.apache.solr.core.TestMergePolicyConfig",2,0.00,1.00,12,0.16,2586.29,2,0,5,12,4,167.47,3,16,0,3,117.47,0.00,0.67,0.00,0,2.00,1,476.51,1,0,4,org.apache.solr.SolrTestCaseJ4,0.00,10,2,2,0,10,2,0,3,100,1
"org.apache.solr.core.TestPropInject",4,0.00,1.00,18,0.18,2760.92,4,0,6,13,5,126.19,0,25,0,3,126.19,0.00,0.67,0.00,0,4.00,1,546.24,0,2,5,org.apache.solr.util.AbstractSolrTestCase,0.16,9,2,4,0,9,2,0,0,129,1
"org.apache.solr.core.TestPropInject$ExposeWriterHandler",2,0.00,1.00,6,0.03,287.25,2,0,6,3,2,136.21,0,9,0,3,136.21,0.00,0.67,0.00,0,2.00,1,101.55,1,1,2,org.apache.solr.update.DirectUpdateHandler2,0.00,1,2,2,0,1,1,0,0,31,0
"org.apache.solr.core.TestPropInjectDefaults",3,0.00,1.00,16,0.19,3355.56,3,0,8,12,5,120.92,0,22,0,3,120.92,0.00,0.67,0.00,0,3.00,1,573.36,1,0,5,org.apache.solr.SolrTestCaseJ4,0.00,9,2,3,0,9,3,0,0,129,1
"org.apache.solr.core.TestPropInjectDefaults$ExposeWriterHandler",2,0.00,1.00,6,0.03,287.25,2,0,8,3,2,136.21,0,10,0,3,136.21,0.00,0.67,0.00,0,2.00,1,101.55,1,1,2,org.apache.solr.update.DirectUpdateHandler2,0.00,1,2,2,0,1,1,0,0,31,0
"org.apache.solr.core.TestQuerySenderListener",4,0.17,1.00,34,0.57,20857.12,6,2,7,25,10,158.04,7,44,0,3,108.04,0.00,0.67,0.38,0,0.00,1,1697.23,1,0,10,org.apache.solr.SolrTestCaseJ4,0.00,21,2,4,0,21,4,0,7,314,1
"org.apache.solr.core.TestQuerySenderNoQuery",4,0.17,1.00,31,0.44,11209.54,6,2,8,23,11,152.21,10,41,0,3,112.33,0.00,0.67,0.38,0,0.00,1,1307.85,1,0,11,org.apache.solr.SolrTestCaseJ4,0.00,19,2,4,0,19,4,0,10,254,1
"org.apache.solr.core.TestSolrDeletionPolicy1",6,0.00,1.33,49,0.81,21613.08,6,0,6,24,4,109.24,3,87,0,3,109.24,0.00,0.67,0.00,1,6.00,3,2431.86,8,0,4,org.apache.solr.SolrTestCaseJ4,0.05,18,2,8,0,18,6,0,1,471,1
"org.apache.solr.core.TestSolrDeletionPolicy2",3,0.00,1.00,18,0.27,5808.34,3,0,2,13,3,166.09,3,29,0,3,116.09,0.00,0.67,0.00,0,4.00,1,795.61,4,2,3,org.apache.solr.util.AbstractSolrTestCase,0.17,10,2,3,0,10,1,0,1,156,1
"org.apache.solr.core.TestXIncludeConfig",4,0.67,1.50,21,0.20,3476.41,5,1,3,11,3,161.57,8,32,0,3,121.69,0.00,0.67,0.50,0,4.00,2,585.55,1,2,3,org.apache.solr.util.AbstractSolrTestCase,0.24,7,2,6,0,7,2,0,5,132,1
"org.apache.lucene.spatial.DistanceUtils",18,0.04,3.39,196,3.01,290755.90,32,14,6,36,31,50.28,171,232,25,1,100.28,0.00,0.00,0.03,7,94.00,10,9038.11,0,2,6,java.lang.Object,0.00,18,0,61,0,18,16,0,39,1756,1
"org.apache.lucene.spatial.DistanceUtilsTest",7,0.00,1.86,159,3.10,271033.49,7,0,2,21,2,66.78,41,183,0,2,84.65,0.00,0.50,0.00,0,7.00,7,9297.23,0,0,2,junit.framework.TestCase,0.00,14,1,13,0,14,7,0,23,1706,1
"org.apache.lucene.analysis.in.Deprecated",4,0.00,1.00,9,0.13,2551.81,4,0,5,6,3,187.68,4,18,0,5,137.68,0.00,0.80,0.00,0,4.00,1,392.73,0,0,3,org.apache.lucene.analysis.CharTokenizer,0.14,2,4,4,0,2,4,0,1,102,2
"org.apache.lucene.analysis.in.IndicNormalizationFilter",2,0.00,1.50,11,0.11,2172.37,4,2,4,7,7,160.81,4,16,3,4,120.93,0.00,0.75,0.50,0,2.00,2,340.92,0,0,4,org.apache.lucene.analysis.TokenFilter,0.29,5,3,3,0,5,2,0,1,81,2
"org.apache.lucene.analysis.in.IndicNormalizer",3,0.00,5.00,55,2.83,340296.91,5,2,4,7,1,91.26,107,145,1,1,84.00,0.00,0.00,0.50,0,2.00,10,8496.41,0,0,0,java.lang.Object,0.00,4,0,15,0,4,3,0,80,1372,1
"org.apache.lucene.analysis.in.IndicNormalizer$ScriptData",1,3.00,1.00,7,0.04,585.54,4,3,4,1,0,117.68,0,9,0,1,117.68,0.00,0.00,0.00,0,1.00,1,131.23,0,0,0,java.lang.Object,0.00,0,0,1,0,0,1,0,0,38,2
"org.apache.lucene.analysis.in.TestIndicNormalizer",2,0.00,1.00,13,0.14,1986.08,2,0,6,5,5,138.99,7,16,0,3,118.37,0.00,0.67,0.00,1,2.00,1,409.83,1,0,5,org.apache.lucene.analysis.BaseTokenStreamTestCase,0.00,3,2,2,0,3,2,0,3,92,1
"org.apache.lucene.analysis.path.PathHierarchyTokenizer",9,0.17,2.44,101,1.09,96801.62,23,14,6,21,8,140.09,18,133,4,4,100.20,0.00,0.75,0.22,0,20.00,14,3257.63,2,0,4,org.apache.lucene.analysis.Tokenizer,0.31,12,3,22,0,12,9,0,2,629,1
"org.apache.lucene.analysis.path.ReversePathHierarchyTokenizer",11,0.15,1.64,84,1.05,50628.03,27,16,8,28,8,160.52,20,108,4,4,110.52,0.00,0.75,0.20,0,30.00,8,3153.62,2,0,4,org.apache.lucene.analysis.Tokenizer,0.29,17,3,18,0,17,11,0,2,616,1
"org.apache.lucene.analysis.path.TestPathHierarchyTokenizer",17,0.00,1.00,130,1.50,31918.47,17,0,9,25,8,113.70,2,163,0,3,113.70,0.00,0.67,0.00,0,17.00,1,4491.35,2,0,8,org.apache.lucene.analysis.BaseTokenStreamTestCase,0.00,8,2,17,0,8,17,0,2,939,1
"org.apache.lucene.analysis.path.TestPathHierarchyTokenizer$ReusableAnalyzerBase",1,0.00,1.00,4,0.04,687.53,1,0,9,3,2,126.20,0,6,0,1,126.20,0.00,0.00,0.00,0,1.00,1,120.59,0,0,2,java.lang.Object,0.00,2,0,1,0,2,1,0,0,31,0
"org.apache.lucene.analysis.path.TestPathHierarchyTokenizer$ReusableAnalyzerBase_0",1,0.00,1.00,4,0.04,687.53,1,0,9,3,2,126.20,0,6,0,1,126.20,0.00,0.00,0.00,0,1.00,1,120.59,0,0,2,java.lang.Object,0.00,2,0,1,0,2,1,0,0,31,0
"org.apache.lucene.analysis.path.TestReversePathHierarchyTokenizer",14,0.00,1.00,103,1.13,24248.00,14,0,6,19,5,113.97,2,130,0,3,113.97,0.00,0.67,0.00,0,14.00,1,3378.48,2,0,5,org.apache.lucene.analysis.BaseTokenStreamTestCase,0.00,5,2,14,0,5,14,0,2,723,1
"org.apache.lucene.analysis.path.TestReversePathHierarchyTokenizer$ReusableAnalyzerBase",1,0.00,1.00,4,0.04,687.53,1,0,6,3,2,126.20,0,6,0,1,126.20,0.00,0.00,0.00,0,1.00,1,120.59,0,0,2,java.lang.Object,0.00,2,0,1,0,2,1,0,0,31,0
"org.apache.lucene.analysis.path.TestReversePathHierarchyTokenizer$ReusableAnalyzerBase_0",1,0.00,1.00,4,0.04,687.53,1,0,6,3,2,126.20,0,6,0,1,126.20,0.00,0.00,0.00,0,1.00,1,120.59,0,0,2,java.lang.Object,0.00,2,0,1,0,2,1,0,0,31,0
"org.apache.lucene.spatial.tier.CartesianPolyFilterBuilder",4,0.07,3.50,76,1.06,84513.93,9,5,9,24,9,44.83,46,90,1,1,88.95,0.00,0.00,0.25,1,6.00,8,3184.67,0,1,8,java.lang.Object,0.00,20,0,14,0,20,3,0,37,580,1
"org.apache.lucene.spatial.tier.CartesianShapeFilter",2,0.00,2.00,21,0.28,9347.07,4,2,9,15,10,104.88,8,24,2,2,104.64,0.00,0.50,0.50,0,2.00,3,833.93,0,1,8,org.apache.lucene.search.Filter,0.00,13,1,4,0,13,1,0,4,161,1
"org.apache.lucene.spatial.tier.DistanceFieldComparatorSource",3,0.00,1.33,15,0.14,2558.40,6,3,5,5,6,171.78,5,22,1,2,121.78,0.00,0.50,0.33,0,1.00,2,413.73,0,1,5,org.apache.lucene.search.FieldComparatorSource,0.00,2,1,4,0,2,2,0,1,100,1
"org.apache.lucene.spatial.tier.DistanceFieldComparatorSource$DistanceScoreDocLookupComparator",8,0.05,1.50,30,0.30,7372.77,11,3,5,8,2,129.76,2,49,0,2,129.76,0.00,0.50,0.38,0,0.00,3,912.98,0,1,2,org.apache.lucene.search.FieldComparator,0.56,0,1,12,0,0,7,0,2,216,1
"org.apache.lucene.spatial.tier.DistanceFilter",8,0.05,1.12,27,0.28,5076.58,14,6,7,13,5,131.34,33,37,4,2,131.11,2.00,0.25,0.12,0,22.00,2,834.97,0,2,1,org.apache.lucene.search.Filter,0.00,5,1,9,2,5,6,0,15,196,2
"org.apache.lucene.spatial.tier.DistanceHandler",4,0.00,3.25,38,0.44,16299.09,7,3,2,9,1,106.94,16,45,0,1,106.70,0.00,0.00,0.33,1,4.00,6,1331.11,0,1,1,java.lang.Object,0.00,5,0,13,0,5,3,0,8,276,1
"org.apache.lucene.spatial.tier.DistanceHandler$Precision",0,0.00,0.00,2,0.01,36.00,0,0,2,0,0,171.00,0,1,0,1,171.00,0.00,0.00,0.00,0,0.00,0,24.00,0,0,0,java.lang.Object,0.00,0,0,0,0,0,0,0,0,8,1
"org.apache.lucene.spatial.tier.DistanceQueryBuilder",10,0.09,1.40,51,0.52,12466.66,16,6,6,18,10,141.09,37,69,1,1,120.47,0.00,0.00,0.25,1,30.00,2,1545.65,0,5,9,java.lang.Object,0.00,8,0,14,0,8,5,0,7,344,1
"org.apache.lucene.spatial.tier.InvalidGeoException",1,1.00,1.00,4,0.03,332.00,2,1,0,1,10,80.58,8,6,10,2,128.69,0.00,0.50,0.00,0,1.00,1,87.11,0,0,0,java.lang.Exception,0.00,0,1,1,0,0,1,0,2,25,1
"org.apache.lucene.spatial.tier.LatLongDistanceFilter",4,0.11,1.75,34,0.47,17524.94,10,6,7,11,10,90.63,20,48,3,3,108.51,0.00,0.67,0.25,1,4.00,4,1405.48,0,1,7,org.apache.lucene.spatial.tier.DistanceFilter,0.23,7,2,7,0,7,3,0,5,303,1
"org.apache.lucene.spatial.tier.LatLongDistanceFilter$FilteredDocIdSet",1,0.00,3.00,17,0.21,7488.37,1,0,7,7,1,76.47,5,21,0,1,94.34,0.00,0.00,0.00,0,0.00,3,625.61,0,0,1,java.lang.Object,0.00,6,0,3,0,6,1,0,5,118,0
"org.apache.lucene.spatial.tier.Shape",5,0.12,1.00,13,0.10,1362.79,7,2,3,8,3,190.59,5,19,3,1,140.59,0.00,0.00,0.40,0,5.00,1,307.53,0,2,0,java.lang.Object,0.00,3,0,5,0,3,3,1,1,84,1
"org.apache.lucene.spatial.tier.TestCartesian",10,0.28,3.60,261,5.26,255912.23,19,9,32,61,28,33.21,94,273,0,2,83.21,0.00,0.50,0.37,3,0.00,8,15775.21,2,0,28,org.apache.lucene.util.LuceneTestCase,0.00,51,1,36,0,51,10,0,69,2405,1
"org.apache.lucene.spatial.tier.TestCartesian$CustomScoreQuery",1,0.00,1.00,3,0.02,212.85,1,0,32,2,2,134.87,0,5,0,1,134.87,0.00,0.00,0.00,0,1.00,1,73.21,0,1,2,java.lang.Object,0.00,1,0,1,0,1,0,0,0,22,0
"org.apache.lucene.spatial.tier.TestCartesian$CustomScoreQuery$CustomScoreProvider",1,0.00,4.00,8,0.14,5151.83,1,0,32,3,0,108.00,4,12,0,1,107.76,0.00,0.00,0.00,0,1.00,4,406.56,0,0,0,java.lang.Object,0.00,2,0,4,0,2,1,0,4,82,0
"org.apache.lucene.spatial.tier.TestCartesian$CustomScoreQuery_0",1,0.00,1.00,3,0.02,212.85,1,0,32,2,2,134.87,0,5,0,1,134.87,0.00,0.00,0.00,0,1.00,1,73.21,0,1,2,java.lang.Object,0.00,1,0,1,0,1,0,0,0,22,0
"org.apache.lucene.spatial.tier.TestCartesian$CustomScoreQuery_0$CustomScoreProvider_1",1,0.00,4.00,8,0.14,5151.83,1,0,32,3,0,108.00,4,12,0,1,107.76,0.00,0.00,0.00,0,1.00,4,406.56,0,0,0,java.lang.Object,0.00,2,0,4,0,2,1,0,4,82,0
"org.apache.lucene.spatial.tier.TestCartesian$CustomScoreQuery_2",1,0.00,1.00,3,0.02,212.85,1,0,32,2,2,134.87,0,5,0,1,134.87,0.00,0.00,0.00,0,1.00,1,73.21,0,1,2,java.lang.Object,0.00,1,0,1,0,1,0,0,0,22,0
"org.apache.lucene.spatial.tier.TestCartesian$CustomScoreQuery_2$CustomScoreProvider_3",1,0.00,4.00,8,0.14,5151.83,1,0,32,3,0,108.00,4,12,0,1,107.76,0.00,0.00,0.00,0,1.00,4,406.56,0,0,0,java.lang.Object,0.00,2,0,4,0,2,1,0,4,82,0
"org.apache.lucene.spatial.tier.TestCartesian$CustomScoreQuery_4",1,0.00,1.00,3,0.02,172.71,1,0,32,2,2,135.58,0,5,0,1,135.58,0.00,0.00,0.00,0,1.00,1,57.02,0,1,2,java.lang.Object,0.00,1,0,1,0,1,0,0,0,18,0
"org.apache.lucene.spatial.tier.TestCartesian$CustomScoreQuery_4$CustomScoreProvider_5",1,0.00,4.00,8,0.14,5151.83,1,0,32,3,0,108.00,4,12,0,1,107.76,0.00,0.00,0.00,0,1.00,4,406.56,0,0,0,java.lang.Object,0.00,2,0,4,0,2,1,0,4,82,0
"org.apache.lucene.spatial.tier.TestCartesianShapeFilter",1,0.00,2.00,8,0.10,2173.01,1,0,5,8,2,93.00,5,13,0,2,110.87,0.00,0.50,0.00,0,1.00,2,300.11,0,0,2,org.apache.lucene.util.LuceneTestCase,0.00,7,1,2,0,7,1,0,1,64,1
"org.apache.lucene.spatial.tier.TestDistance",5,0.25,1.20,53,0.80,16942.58,11,6,13,25,12,73.64,33,60,0,2,105.86,0.00,0.50,0.37,2,1.00,2,2399.55,2,0,12,org.apache.lucene.util.LuceneTestCase,0.00,20,1,6,0,20,5,0,19,455,1
"org.apache.lucene.store.instantiated.Deprecated",24,0.02,3.67,330,6.62,971518.57,34,10,32,177,20,60.65,146,384,0,1,92.87,0.00,0.00,0.08,4,212.00,34,19867.78,0,3,20,java.lang.Object,0.00,153,0,88,0,153,21,1,80,2894,1
"org.apache.lucene.store.instantiated.Deprecated$Comparator<InstantiatedTermDocumentInformation>",1,0.00,1.00,3,0.04,626.40,1,0,32,4,1,131.18,0,4,0,1,131.18,0.00,0.00,0.00,0,1.00,1,123.26,0,0,1,java.lang.Object,0.00,3,0,1,0,3,1,0,0,35,0
"org.apache.lucene.store.instantiated.Deprecated$FieldSetting",2,6.00,1.00,10,0.09,1192.24,8,6,32,2,1,123.07,0,13,0,2,123.07,0.00,0.50,0.00,0,2.00,1,274.84,0,0,1,org.apache.lucene.store.instantiated.FieldSetting,0.33,0,1,2,0,0,2,0,0,65,1
"org.apache.lucene.store.instantiated.Deprecated$NormUpdate",1,2.00,1.00,6,0.04,483.10,3,2,12,1,0,120.84,0,9,0,1,120.84,0.00,0.00,0.00,0,1.00,1,116.08,0,0,0,java.lang.Object,0.00,0,0,1,0,0,1,0,0,34,1
"org.apache.lucene.store.instantiated.Deprecated$TermDocumentInformationFactory",0,0.00,0.00,4,0.07,2126.66,3,3,32,1,1,171.00,0,5,0,1,171.00,0.00,0.00,0.00,0,0.00,0,212.67,0,0,1,java.lang.Object,0.00,1,0,0,0,1,0,0,0,51,1
"org.apache.lucene.store.instantiated.FieldSetting",4,0.08,1.50,19,0.18,4189.07,12,8,1,7,4,124.90,19,27,4,1,124.67,0.00,0.00,0.06,0,4.00,3,544.61,0,0,0,java.lang.Object,0.00,3,0,6,1,3,4,1,2,131,0
"org.apache.lucene.store.instantiated.FieldSettings",5,0.25,3.00,35,0.36,13654.81,6,1,4,12,1,112.40,20,51,0,1,112.16,0.00,0.00,0.80,0,0.00,10,1081.85,0,1,1,java.lang.Object,0.00,7,0,15,0,7,4,1,3,238,0
"org.apache.lucene.store.instantiated.InstantiatedAllTermDocs",2,1.00,1.00,7,0.05,643.02,3,1,1,4,1,133.46,0,11,0,2,133.46,0.00,0.50,0.50,0,2.00,1,156.88,0,0,1,org.apache.lucene.index.AbstractAllTermDocs,0.17,2,1,2,0,2,2,0,0,45,0
"org.apache.lucene.store.instantiated.InstantiatedDocument",8,0.14,1.00,21,0.18,2377.77,12,4,4,10,5,190.30,13,32,4,1,140.30,0.00,0.00,0.12,0,28.00,1,525.00,0,4,2,java.lang.Object,0.00,2,0,8,0,2,4,1,7,138,1
"org.apache.lucene.store.instantiated.InstantiatedTerm",16,0.15,1.75,77,0.86,94711.61,20,4,3,24,7,100.83,82,98,6,1,118.71,0.00,0.00,0.11,3,86.00,10,2576.84,0,4,2,java.lang.Object,0.00,8,0,28,0,8,12,1,30,559,1
"org.apache.lucene.store.instantiated.InstantiatedTerm$Comparator<InstantiatedTerm>",1,0.00,1.00,3,0.03,432.92,1,0,3,3,1,132.44,0,4,0,1,132.44,0.00,0.00,0.00,0,1.00,1,101.06,0,0,1,java.lang.Object,0.00,2,0,1,0,2,1,0,0,29,0
"org.apache.lucene.store.instantiated.InstantiatedTerm$Comparator<Object>",1,0.00,1.00,3,0.04,424.19,1,0,3,3,2,132.51,0,4,0,1,132.51,0.00,0.00,0.00,0,1.00,1,113.42,0,0,2,java.lang.Object,0.00,2,0,1,0,2,1,0,0,31,0
"org.apache.lucene.store.instantiated.InstantiatedTermDocs",9,0.12,2.11,56,0.54,18678.33,13,4,2,19,6,155.57,23,73,1,1,115.68,0.00,0.00,0.36,2,12.00,6,1613.57,0,0,5,java.lang.Object,0.00,10,0,19,1,10,9,1,5,352,1
"org.apache.lucene.store.instantiated.InstantiatedTermDocumentInformation",10,0.09,1.00,38,0.33,7610.09,16,6,3,12,10,130.75,44,49,9,1,130.51,0.00,0.00,0.08,0,50.00,1,976.37,0,2,3,java.lang.Object,0.00,2,0,10,0,2,8,1,14,231,1
"org.apache.lucene.store.instantiated.InstantiatedTermDocumentInformation$Comparator",1,0.00,1.00,5,0.05,859.46,1,0,3,4,1,121.82,0,6,0,1,121.82,0.00,0.00,0.00,0,1.00,1,160.93,0,0,1,java.lang.Object,0.00,3,0,1,0,3,1,0,0,40,0
"org.apache.lucene.store.instantiated.InstantiatedTermDocumentInformation$Comparator<InstantiatedTermDocumentInformation>",1,0.00,1.00,3,0.04,626.40,1,0,3,4,1,131.18,0,4,0,1,131.18,0.00,0.00,0.00,0,1.00,1,123.26,0,0,1,java.lang.Object,0.00,3,0,1,0,3,1,0,0,35,0
"org.apache.lucene.store.instantiated.InstantiatedTermDocumentInformation$Comparator<InstantiatedTermDocumentInformation>_0",1,0.00,1.00,3,0.04,568.83,1,0,3,4,1,131.51,0,4,0,1,131.51,0.00,0.00,0.00,0,1.00,1,126.26,0,0,1,java.lang.Object,0.00,3,0,1,0,3,1,0,0,35,0
"org.apache.lucene.store.instantiated.InstantiatedTermEnum",6,0.07,1.33,23,0.20,4062.78,9,3,2,10,3,170.73,15,35,0,2,130.85,0.00,0.50,0.28,1,6.00,2,604.18,0,1,3,org.apache.lucene.index.TermEnum,0.80,4,1,8,0,4,5,0,5,152,1
"org.apache.lucene.store.instantiated.InstantiatedTermFreqVector",9,0.08,1.89,53,0.58,21144.46,14,5,4,21,4,138.85,28,61,1,1,118.24,0.00,0.00,0.27,0,9.00,4,1737.78,0,4,3,java.lang.Object,0.00,12,0,17,1,12,5,2,8,373,1
"org.apache.lucene.store.instantiated.InstantiatedTermPositionVector",3,1.00,1.00,8,0.09,1153.83,4,1,3,6,4,189.41,5,14,0,2,139.41,0.00,0.50,0.00,0,3.00,1,257.21,1,1,4,org.apache.lucene.store.instantiated.InstantiatedTermFreqVector,0.00,3,1,3,0,3,2,2,1,69,1
"org.apache.lucene.store.instantiated.InstantiatedTermPositions",7,0.17,1.14,24,0.23,5783.22,8,1,2,10,2,130.44,32,37,0,2,130.20,0.00,0.50,0.86,0,0.00,2,704.88,2,0,2,org.apache.lucene.store.instantiated.InstantiatedTermDocs,0.25,3,1,8,0,3,7,1,8,169,1
"org.apache.lucene.store.instantiated.TestEmptyIndex",5,0.00,1.40,49,0.53,13647.96,5,0,12,28,9,108.27,2,56,0,2,108.27,0.00,0.50,0.00,2,5.00,3,1596.42,0,0,9,org.apache.lucene.util.LuceneTestCase,0.00,23,1,7,0,23,5,0,2,337,1
"org.apache.lucene.store.instantiated.TestIndicesEquals",8,0.00,6.75,334,5.66,713430.09,8,0,28,90,20,53.55,44,350,0,2,71.42,0.00,0.50,0.00,5,8.00,27,16988.97,0,2,20,org.apache.lucene.util.LuceneTestCase,0.00,82,1,54,0,82,6,0,36,2759,1
"org.apache.lucene.store.instantiated.TestIndicesEquals$Comparator<TermFreqVector>",1,0.00,1.00,3,0.03,432.92,1,0,28,3,1,132.44,0,4,0,1,132.44,0.00,0.00,0.00,0,1.00,1,101.06,0,0,1,java.lang.Object,0.00,2,0,1,0,2,1,0,0,29,0
"org.apache.lucene.store.instantiated.TestIndicesEquals$Comparator<TermFreqVector>_0",1,0.00,1.00,3,0.03,432.92,1,0,28,3,1,132.44,0,4,0,1,132.44,0.00,0.00,0.00,0,1.00,1,101.06,0,0,1,java.lang.Object,0.00,2,0,1,0,2,1,0,0,29,0
"org.apache.lucene.store.instantiated.TestIndicesEquals$TokenStream",2,0.50,1.50,11,0.12,2208.14,4,2,28,7,3,120.87,0,16,0,1,120.87,0.00,0.00,0.75,0,0.00,2,374.34,0,0,3,java.lang.Object,0.00,5,0,3,0,5,2,0,0,86,0
"org.apache.lucene.store.instantiated.TestMultiSegmentReaderOnConstructor",2,0.00,1.50,27,0.38,11556.70,2,0,10,19,7,139.62,4,32,0,2,99.73,0.00,0.50,0.00,1,2.00,2,1134.16,0,0,7,org.apache.lucene.util.LuceneTestCase,0.00,17,1,3,0,17,2,0,2,216,1
"org.apache.lucene.store.instantiated.TestRealTime",1,0.00,1.00,23,0.34,9541.22,1,0,8,15,7,56.64,6,25,0,2,88.87,0.00,0.50,0.00,0,1.00,1,1005.19,0,0,7,org.apache.lucene.util.LuceneTestCase,0.00,14,1,1,0,14,1,0,1,193,1
"org.apache.lucene.store.instantiated.TestRealTime$Collector",4,1.00,1.00,8,0.08,926.35,5,1,8,4,3,141.15,0,13,0,2,141.15,0.00,0.50,0.25,0,6.00,1,246.28,0,0,3,org.apache.lucene.search.Collector,0.50,0,1,4,0,0,4,0,0,68,2
"org.apache.lucene.store.instantiated.TestSerialization",1,0.00,1.00,23,0.40,11668.18,1,0,11,24,6,88.18,0,25,0,2,88.18,0.00,0.50,0.00,0,1.00,1,1190.98,0,0,6,org.apache.lucene.util.LuceneTestCase,0.00,23,1,1,0,23,1,0,0,205,1
"org.apache.lucene.store.instantiated.TestUnoptimizedReaderOnConstructor",2,0.00,1.50,26,0.36,11243.86,2,0,10,18,7,139.71,4,31,0,2,99.82,0.00,0.50,0.00,1,2.00,2,1074.60,0,0,7,org.apache.lucene.util.LuceneTestCase,0.00,16,1,3,0,16,2,0,2,208,1
"org.apache.lucene.facet.example.multiCL.MultiCLIndexer",4,0.00,2.25,71,1.19,48625.00,10,6,20,29,17,92.28,67,94,2,1,92.75,0.00,0.00,0.17,1,6.00,5,3559.78,0,0,15,java.lang.Object,0.00,25,0,9,0,25,4,0,30,657,1
"org.apache.lucene.facet.example.multiCL.MultiCLMain",2,0.00,1.00,14,0.16,3770.78,2,0,6,10,9,93.54,28,18,2,1,113.68,0.00,0.00,0.00,0,2.00,1,469.95,0,1,7,java.lang.Object,0.00,8,0,2,0,8,1,0,5,100,1
"org.apache.lucene.facet.example.multiCL.MultiCLSearcher",2,0.00,1.50,25,0.43,17595.97,2,0,19,19,21,147.42,54,35,3,1,99.59,0.00,0.00,0.00,1,2.00,2,1302.62,0,2,18,java.lang.Object,0.00,17,0,3,0,17,0,0,23,231,1
"org.apache.lucene.analysis.id.IndonesianAnalyzer",5,0.50,1.80,21,0.28,6647.49,7,2,13,15,11,73.81,46,31,1,4,123.81,0.00,0.75,0.10,0,8.00,3,832.81,0,1,10,org.apache.lucene.analysis.StopwordAnalyzerBase,0.00,10,3,9,0,10,4,0,8,186,2
"org.apache.lucene.analysis.id.IndonesianAnalyzer$DefaultSetHolder",0,0.00,0.00,6,0.05,853.95,1,1,13,0,1,171.00,2,10,0,1,171.00,0.00,0.00,0.00,0,0.00,0,164.39,0,0,1,java.lang.Object,0.00,0,0,0,0,0,0,0,2,40,2
"org.apache.lucene.analysis.id.IndonesianStemFilter",3,0.12,1.67,18,0.20,4286.50,7,4,5,9,9,117.25,12,26,4,4,117.01,0.00,0.75,0.33,0,4.00,3,593.46,0,0,5,org.apache.lucene.analysis.TokenFilter,0.27,6,3,5,0,6,3,0,3,133,2
"org.apache.lucene.analysis.id.IndonesianStemmer",8,0.27,5.75,142,1.80,131467.05,17,9,1,11,1,131.39,17,202,1,1,91.50,0.00,0.00,0.35,1,0.00,15,5407.45,0,0,0,java.lang.Object,0.00,3,0,46,0,3,8,0,5,1065,1
"org.apache.lucene.analysis.id.TestIndonesianAnalyzer",4,0.00,1.00,15,0.16,2448.23,4,0,4,7,4,181.26,7,21,0,3,131.26,0.00,0.67,0.00,0,4.00,1,483.80,3,0,4,org.apache.lucene.analysis.BaseTokenStreamTestCase,0.00,3,2,4,0,3,4,0,6,114,1
"org.apache.lucene.analysis.id.TestIndonesianStemmer",4,0.00,1.00,75,0.83,13891.20,4,0,7,6,5,136.18,8,82,0,3,96.29,0.00,0.67,0.00,0,4.00,1,2476.86,2,0,5,org.apache.lucene.analysis.BaseTokenStreamTestCase,0.00,2,2,4,0,2,4,0,6,449,1
"org.apache.lucene.analysis.id.TestIndonesianStemmer$ReusableAnalyzerBase",1,0.00,1.00,4,0.05,753.46,1,0,7,4,3,125.89,0,6,0,1,125.89,0.00,0.00,0.00,0,1.00,1,135.44,0,0,3,java.lang.Object,0.00,3,0,1,0,3,1,0,0,34,0
"org.apache.lucene.analysis.id.TestIndonesianStemmer$ReusableAnalyzerBase_0",1,0.00,1.00,4,0.05,771.22,1,0,7,4,3,125.81,0,6,0,1,125.81,0.00,0.00,0.00,0,1.00,1,141.98,0,0,3,java.lang.Object,0.00,3,0,1,0,3,1,0,0,35,0
"org.apache.lucene.index.memory.MemoryIndex",13,0.02,3.00,140,2.07,132510.99,21,8,36,61,28,135.26,270,174,2,1,101.88,0.00,0.00,0.11,4,44.00,14,6217.66,0,4,26,java.lang.Object,0.00,48,0,39,0,48,9,1,45,1117,1
"org.apache.lucene.index.memory.MemoryIndex$ArrayIntList",9,0.17,1.89,52,0.60,24746.33,12,3,36,16,0,117.70,4,58,0,1,117.70,0.00,0.00,0.48,4,0.00,4,1797.77,0,1,0,java.lang.Object,0.00,7,0,17,0,7,8,1,4,388,3
"org.apache.lucene.index.memory.MemoryIndex$Collector",4,1.00,1.00,9,0.09,1142.84,5,1,36,5,2,140.43,0,16,0,1,140.43,0.00,0.00,0.25,0,6.00,1,264.58,0,0,2,java.lang.Object,0.00,1,0,4,0,1,4,0,0,71,0
"org.apache.lucene.index.memory.MemoryIndex$Comparator<Object>",1,0.00,12.00,8,0.14,6881.06,1,0,36,3,0,106.52,0,8,0,1,106.52,0.00,0.00,0.00,0,1.00,12,425.52,0,0,0,java.lang.Object,0.00,2,0,12,0,2,1,0,0,96,0
"org.apache.lucene.index.memory.MemoryIndex$Info",5,0.00,1.20,21,0.23,4741.92,12,7,36,7,1,145.67,19,27,0,1,125.06,0.00,0.00,0.14,0,9.00,2,681.66,0,0,1,java.lang.Object,0.00,2,0,6,0,2,5,1,9,157,3
"org.apache.lucene.index.memory.MemoryIndex$MemoryIndexReader",27,0.22,2.41,148,2.13,102760.84,31,4,36,57,14,116.53,21,204,0,2,116.53,0.00,0.50,0.04,5,0.00,8,6390.70,0,11,14,org.apache.lucene.index.IndexReader,0.21,30,1,65,0,30,16,0,21,1263,2
"org.apache.lucene.index.memory.MemoryIndex$MemoryIndexReader$TermEnum",5,0.12,3.40,34,0.45,12111.52,7,2,36,13,1,165.04,7,44,0,1,115.04,0.00,0.00,0.60,1,0.00,5,1360.32,0,2,1,java.lang.Object,0.00,8,0,17,0,8,3,0,7,288,0
"org.apache.lucene.index.memory.MemoryIndex$MemoryIndexReader$TermPositionVector",8,0.29,1.75,48,0.56,27248.67,9,1,36,15,1,114.03,3,49,0,1,114.03,0.00,0.00,0.75,0,0.00,3,1665.39,0,3,1,java.lang.Object,0.00,7,0,14,0,7,5,0,3,361,0
"org.apache.lucene.index.memory.MemoryIndex$MemoryIndexReader$TermPositions",12,0.05,2.17,53,0.56,12053.24,16,4,36,20,2,124.72,11,66,0,1,124.72,0.00,0.00,0.21,2,0.00,4,1693.77,0,0,2,java.lang.Object,0.00,8,0,26,0,8,12,0,5,384,0
"org.apache.lucene.index.memory.MemoryIndex$TokenStream",1,0.00,3.00,15,0.22,6014.99,5,4,36,12,2,147.12,1,18,0,1,97.12,0.00,0.00,1.00,0,0.00,3,653.98,0,0,2,java.lang.Object,0.00,11,0,3,0,11,1,0,1,129,0
"org.apache.lucene.index.memory.MemoryIndexTest",9,0.29,1.89,98,1.51,60000.70,12,3,30,59,24,103.67,37,113,0,3,103.44,0.00,0.67,0.07,4,23.00,4,4534.62,1,3,24,org.apache.lucene.analysis.BaseTokenStreamTestCase,0.00,50,2,17,0,50,6,0,17,827,1
"org.apache.lucene.index.memory.MemoryIndexTest$EmptyMTQ",3,0.00,1.00,7,0.04,447.46,3,0,30,4,3,142.65,0,13,0,3,142.65,0.00,0.67,0.00,0,3.00,1,130.14,0,3,3,org.apache.lucene.search.MultiTermQuery,0.00,1,2,3,0,1,0,0,0,40,2
"org.apache.lucene.index.memory.MemoryIndexTest$EmptyMTQ$FilteredTermEnum",3,0.00,1.00,7,0.04,449.17,3,0,30,3,1,142.64,0,13,0,1,142.64,0.00,0.00,0.00,0,3.00,1,127.69,0,0,1,java.lang.Object,0.00,0,0,3,0,0,3,0,0,39,0
"org.apache.lucene.spatial.geometry.CartesianPoint",7,0.08,1.71,28,0.27,6933.17,9,2,0,9,2,174.83,12,44,2,1,124.83,0.00,0.00,0.57,0,0.00,6,809.00,0,2,0,java.lang.Object,0.00,2,0,12,0,2,5,0,2,199,1
"org.apache.lucene.spatial.geometry.DistanceUnits",6,0.10,1.67,26,0.24,5584.61,10,4,0,11,7,92.82,40,37,7,1,125.05,0.00,0.00,0.17,0,22.00,3,725.98,0,2,0,java.lang.Object,0.00,5,0,10,0,5,4,0,7,175,1
"org.apache.lucene.spatial.geometry.FixedLatLng",19,0.02,1.58,66,0.72,22147.06,24,5,0,25,3,128.95,5,112,3,2,128.95,0.00,0.50,0.22,4,91.00,6,2162.24,0,5,2,org.apache.lucene.spatial.geometry.LatLng,0.58,6,1,30,0,6,14,0,1,510,1
"org.apache.lucene.spatial.geometry.FloatLatLng",15,0.07,1.73,59,0.73,26415.60,18,3,0,23,7,127.52,5,100,7,2,127.52,0.00,0.50,0.27,1,40.00,6,2186.35,0,4,2,org.apache.lucene.spatial.geometry.LatLng,0.65,8,1,26,0,8,11,0,1,496,1
"org.apache.lucene.spatial.geometry.LatLng",19,0.00,1.21,41,0.59,26319.68,19,0,0,31,9,174.87,53,62,7,1,134.99,0.00,0.00,0.00,3,19.00,5,1784.62,0,5,4,java.lang.Object,0.00,12,0,23,2,12,14,0,14,398,2
"org.apache.lucene.spatial.geometry.TestDistanceUnits",3,0.00,1.33,13,0.18,5760.14,3,0,2,8,1,104.75,15,22,0,2,122.62,0.00,0.50,0.00,0,3.00,2,551.81,0,0,1,org.apache.lucene.util.LuceneTestCase,0.00,5,1,4,0,5,3,0,5,134,1
"org.apache.solr.handler.extraction.ExtractingDocumentLoader",4,0.33,5.00,114,2.06,132203.26,16,12,39,60,18,31.06,36,143,2,2,81.06,0.00,0.50,0.33,2,4.00,16,6191.27,0,0,16,org.apache.solr.handler.ContentStreamLoader,0.00,56,1,20,0,56,4,0,18,934,1
"org.apache.solr.handler.extraction.ExtractingMetadataConstants",0,0.00,0.00,5,0.04,368.22,4,4,0,0,1,171.00,4,6,1,1,171.00,0.00,0.00,0.00,0,0.00,0,113.30,0,0,0,,0.00,0,0,0,0,0,0,0,1,29,1
"org.apache.solr.handler.extraction.ExtractingParams",0,0.00,0.00,15,0.23,3397.43,14,14,0,0,3,171.00,92,16,3,1,171.00,0.00,0.00,0.00,0,0.00,0,677.23,0,0,0,,0.00,0,0,0,0,0,0,0,15,130,1
"org.apache.solr.handler.extraction.ExtractingRequestHandler",9,0.00,2.00,47,0.68,27027.97,15,6,20,28,12,117.38,7,74,1,3,117.38,0.00,0.67,0.17,0,22.00,10,2048.38,1,7,11,org.apache.solr.handler.ContentStreamHandlerBase,0.52,19,2,18,0,19,2,1,3,391,1
"org.apache.solr.handler.extraction.ExtractingRequestHandlerTest",14,0.00,1.43,156,2.90,90593.12,14,0,18,37,13,141.95,40,338,0,3,102.06,0.00,0.67,0.00,1,0.00,3,8689.06,10,1,13,org.apache.solr.SolrTestCaseJ4,0.04,23,2,20,0,23,13,0,37,1517,1
"org.apache.solr.handler.extraction.SolrContentHandler",15,0.06,2.93,152,2.08,108079.87,29,14,15,62,9,85.20,81,184,2,2,103.07,0.00,0.50,0.13,7,104.00,14,6225.02,0,3,7,org.xml.sax.helpers.DefaultHandler,0.00,47,1,44,0,47,12,1,32,1158,1
"org.apache.solr.handler.extraction.SolrContentHandlerFactory",2,1.00,1.00,6,0.06,794.73,3,1,4,3,5,172.62,4,10,2,1,132.73,0.00,0.00,0.50,0,2.00,1,175.16,0,1,3,java.lang.Object,0.00,1,0,2,0,1,1,0,1,47,1
"org.apache.solr.client.solrj.LargeVolumeTestBase",2,0.00,2.00,30,0.35,12017.18,4,2,8,15,9,97.45,9,31,3,4,97.21,1.00,0.43,0.50,1,2.00,3,1049.20,1,0,6,org.apache.solr.SolrJettyTestBase,0.00,13,3,4,3,13,2,0,6,206,2
"org.apache.solr.client.solrj.LargeVolumeTestBase$DocThread",2,0.50,3.50,36,0.49,34845.16,4,2,8,16,3,90.49,1,45,0,2,90.49,0.00,0.50,0.75,0,0.00,6,1477.36,0,0,3,java.lang.Thread,0.00,14,1,7,0,14,2,0,1,265,1
"org.apache.solr.client.solrj.MergeIndexesExampleTestBase",14,1.00,1.00,64,0.92,25882.42,15,1,10,35,12,172.82,16,86,0,4,122.82,0.33,0.60,0.07,5,26.00,1,2769.44,1,11,12,org.apache.solr.client.solrj.SolrExampleTestBase,0.45,21,3,14,1,21,3,0,11,565,2
"org.apache.solr.client.solrj.MultiCoreExampleTestBase",11,1.00,1.27,81,1.43,73705.52,12,1,11,47,14,159.29,16,95,2,4,109.29,0.67,0.50,0.09,5,20.00,4,4284.48,3,9,12,org.apache.solr.client.solrj.SolrExampleTestBase,0.48,36,3,14,2,36,2,0,13,708,2
"org.apache.solr.client.solrj.ResponseParser",4,0.00,1.00,6,0.05,372.72,4,0,3,4,9,195.38,9,10,8,1,155.49,0.00,0.00,0.00,0,4.00,1,137.28,0,4,1,java.lang.Object,0.00,0,0,4,2,0,0,0,3,43,2
"org.apache.solr.client.solrj.SolrExampleBinaryTest",2,0.00,1.50,14,0.16,4308.38,2,0,7,11,6,133.75,7,23,0,5,113.13,0.00,0.80,0.00,0,2.00,2,473.07,1,1,6,org.apache.solr.client.solrj.SolrExampleTests,0.06,9,4,3,0,9,1,0,4,100,1
"org.apache.solr.client.solrj.SolrExampleTestBase",6,0.00,1.00,14,0.12,1523.03,6,0,1,8,4,180.72,15,17,2,3,140.84,2.50,0.25,0.00,1,6.00,1,370.43,2,5,2,org.apache.solr.util.AbstractSolrTestCase,0.31,2,2,6,5,2,1,0,4,99,2
"org.apache.solr.client.solrj.SolrExampleTests",15,0.00,2.93,462,7.43,483812.87,15,0,28,123,29,32.04,125,505,5,4,80.15,1.67,0.33,0.00,1,15.00,8,22292.70,2,1,24,org.apache.solr.SolrJettyTestBase,0.00,108,3,44,5,108,14,0,112,3619,2
"org.apache.solr.client.solrj.SolrExceptionTest",1,0.00,2.00,11,0.13,2577.20,1,0,4,10,4,94.78,15,15,0,2,105.13,0.00,0.50,0.00,0,1.00,2,389.95,0,0,4,org.apache.lucene.util.LuceneTestCase,0.00,9,1,2,0,9,1,0,7,79,1
"org.apache.solr.client.solrj.SolrQuery",0,0.00,0.00,2,0.01,75.00,0,0,11,0,25,171.00,7,2,17,3,171.00,0.00,0.67,0.00,0,0.00,0,30.00,0,0,8,org.apache.solr.common.params.ModifiableSolrParams,0.00,0,2,0,0,0,0,0,1,10,1
"org.apache.solr.client.solrj.SolrQuery$ORDER",1,0.00,28.00,375,7.51,1703218.95,2,1,11,40,7,66.94,160,505,0,1,25.15,0.00,0.00,1.00,0,0.00,28,22525.51,0,1,7,java.lang.Object,0.00,39,0,28,0,39,0,0,34,2772,1
"org.apache.solr.client.solrj.SolrQueryTest",8,0.00,1.00,170,3.01,116670.52,8,0,7,110,3,138.89,14,179,0,2,88.89,0.00,0.50,0.00,0,8.00,1,9015.92,0,0,3,org.apache.lucene.util.LuceneTestCase,0.00,102,1,8,0,102,8,0,10,1584,1
"org.apache.solr.client.solrj.SolrRequest",10,0.26,1.00,23,0.17,2184.71,13,3,5,10,22,191.35,18,33,17,1,141.35,0.00,0.00,0.10,0,34.00,1,510.85,0,6,6,java.lang.Object,0.00,0,0,10,14,0,4,1,7,143,2
"org.apache.solr.client.solrj.SolrRequest$METHOD",0,0.00,0.00,2,0.01,39.30,0,0,5,0,0,171.00,0,4,0,1,171.00,0.00,0.00,0.00,0,0.00,0,19.65,0,0,0,java.lang.Object,0.00,0,0,0,0,0,0,1,0,7,1
"org.apache.solr.client.solrj.SolrResponse",3,0.00,1.00,4,0.03,279.90,3,0,2,3,7,205.49,5,6,6,1,155.49,0.00,0.00,0.00,0,3.00,1,101.74,0,1,1,java.lang.Object,0.00,0,0,3,9,0,2,1,1,33,2
"org.apache.solr.client.solrj.SolrServer",25,0.50,1.16,74,0.93,17993.69,27,2,16,42,45,105.02,172,101,37,1,137.24,0.00,0.00,0.02,8,48.00,3,2803.50,0,25,11,java.lang.Object,0.00,17,0,29,4,17,0,1,25,657,2
"org.apache.solr.client.solrj.SolrServerException",4,1.00,1.50,17,0.11,2473.96,5,1,0,5,30,176.47,5,24,30,2,126.47,0.00,0.50,0.00,0,4.00,3,334.25,0,1,0,java.lang.Exception,0.00,1,1,6,0,1,3,0,1,88,1
"org.apache.solr.client.solrj.StartSolrJetty",1,0.00,3.00,22,0.29,9493.76,1,0,4,19,0,51.79,12,30,0,1,89.35,0.00,0.00,0.00,0,1.00,3,857.41,0,0,0,java.lang.Object,0.00,18,0,3,0,18,1,0,10,149,1
"org.apache.solr.client.solrj.TestBatchUpdate",5,0.75,1.00,36,0.44,10106.94,6,1,12,20,8,163.44,9,47,0,4,113.44,0.00,0.75,0.40,1,7.00,1,1314.28,2,0,8,org.apache.solr.SolrJettyTestBase,0.00,15,3,5,0,15,5,0,4,276,1
"org.apache.solr.client.solrj.TestBatchUpdate$Bean",0,0.00,0.00,3,0.02,354.94,2,2,12,0,0,171.00,0,6,0,1,171.00,0.00,0.00,0.00,0,0.00,0,65.73,0,0,0,java.lang.Object,0.00,0,0,0,0,0,0,0,0,19,2
"org.apache.solr.client.solrj.TestBatchUpdate$Iterator<Bean>",3,0.00,1.00,9,0.07,1437.34,3,0,12,4,0,132.09,1,12,0,1,132.09,0.00,0.00,0.00,0,4.00,1,216.90,0,0,0,java.lang.Object,0.00,1,0,3,0,1,3,0,1,57,0
"org.apache.solr.client.solrj.TestBatchUpdate$Iterator<SolrInputDocument>",3,0.00,1.00,9,0.08,1569.95,3,0,12,5,1,131.79,1,12,0,1,131.79,0.00,0.00,0.00,0,4.00,1,228.01,0,1,1,java.lang.Object,0.00,2,0,3,0,2,2,0,1,59,0
"org.apache.solr.client.solrj.TestLBHttpSolrServer",7,0.06,2.71,123,1.87,82988.42,10,3,23,47,10,132.68,15,130,0,2,92.79,0.00,0.50,0.38,2,0.00,5,5613.15,2,0,10,org.apache.lucene.util.LuceneTestCase,0.00,40,1,19,0,40,7,0,10,1002,1
"org.apache.solr.client.solrj.TestLBHttpSolrServer$SolrInstance",10,0.04,1.20,47,0.46,8949.44,16,6,23,24,3,125.26,2,62,0,1,125.26,0.00,0.00,0.20,2,38.00,2,1374.15,0,6,3,java.lang.Object,0.00,14,0,12,0,14,4,0,2,308,1
"org.apache.lucene.facet.search.params.association.AssociationFloatSumFacetRequest",5,0.00,1.00,12,0.12,2088.90,5,0,8,7,9,121.26,26,24,2,2,139.13,0.00,0.50,0.00,0,5.00,1,373.44,0,1,7,org.apache.lucene.facet.search.params.FacetRequest,0.14,2,1,5,0,2,4,0,3,95,1
"org.apache.lucene.facet.search.params.association.AssociationIntSumFacetRequest",5,0.00,1.00,12,0.12,2088.90,5,0,8,7,9,121.26,26,24,2,2,139.13,0.00,0.50,0.00,0,5.00,1,373.44,0,1,7,org.apache.lucene.facet.search.params.FacetRequest,0.14,2,1,5,0,2,4,0,3,95,1
"org.apache.solr.util.AbstractSolrTestCase",33,0.06,1.85,158,2.08,64380.28,41,8,25,93,48,122.73,142,229,39,2,122.49,36.00,0.03,0.07,10,251.00,6,6239.28,2,15,9,org.apache.lucene.util.LuceneTestCase,0.00,60,1,61,36,60,18,0,35,1294,2
"org.apache.solr.util.AbstractSolrTestCase$Doc",1,0.00,1.00,4,0.02,212.03,2,1,25,1,0,130.22,0,5,0,1,130.22,0.00,0.00,1.00,0,0.00,1,66.54,0,1,0,java.lang.Object,0.00,0,0,1,0,0,0,0,0,21,2
"org.apache.solr.util.ArraysUtils",1,0.00,4.00,11,0.13,8433.92,1,0,0,1,1,121.07,33,13,1,1,100.92,0.00,0.00,0.00,0,1.00,4,376.02,0,0,0,java.lang.Object,0.00,0,0,4,0,0,1,0,4,79,1
"org.apache.solr.util.ArraysUtilsTest",1,0.00,1.00,11,0.22,9384.25,1,0,1,6,1,100.87,0,13,0,2,100.87,0.00,0.50,0.00,0,1.00,1,661.62,0,0,1,org.apache.lucene.util.LuceneTestCase,0.00,5,1,1,0,5,1,0,0,139,1
"org.apache.solr.util.BCDUtils",12,0.27,5.00,206,2.97,376808.38,14,2,0,15,11,122.70,240,249,11,1,89.32,0.00,0.00,0.25,5,44.00,13,8896.33,0,4,0,java.lang.Object,0.00,3,0,60,0,3,8,0,136,1661,1
"org.apache.solr.util.Base100S",2,0.00,1.00,5,0.05,677.94,2,0,7,4,4,139.85,0,10,1,2,139.85,0.00,0.50,0.00,0,2.00,1,137.42,0,2,3,org.apache.solr.util.Converter,0.00,2,1,2,0,2,0,0,0,39,0
"org.apache.solr.util.Base10kS",2,0.00,1.00,5,0.05,677.94,2,0,7,4,4,139.85,0,10,1,2,139.85,0.00,0.50,0.00,0,2.00,1,137.42,0,2,3,org.apache.solr.util.Converter,0.00,2,1,2,0,2,0,0,0,39,0
"org.apache.solr.util.BitSetPerf",2,1.00,21.00,161,2.05,375377.28,3,1,4,24,2,39.91,11,139,0,1,57.78,0.00,0.00,0.50,1,2.00,40,6147.82,0,0,2,java.lang.Object,0.00,22,0,42,0,22,2,0,2,955,1
"org.apache.solr.util.BoundedTreeSet",9,0.88,1.44,30,0.26,4294.01,10,1,1,11,3,132.02,5,43,3,2,132.02,0.00,0.50,0.22,2,19.00,2,776.79,2,0,0,java.util.TreeSet,0.00,2,1,13,0,2,9,0,1,197,1
"org.apache.solr.util.ConcurrentLFUCache",16,0.08,3.31,176,2.47,132174.28,31,15,10,59,3,101.27,64,226,3,1,101.03,0.00,0.00,0.14,3,50.00,8,7405.81,1,4,0,java.lang.Object,0.00,43,0,53,0,43,12,0,27,1376,1
"org.apache.solr.util.ConcurrentLFUCache$CacheEntry",5,0.00,1.80,23,0.29,9080.49,11,6,10,9,0,122.74,0,34,0,1,122.74,0.00,0.00,0.17,0,2.00,5,862.35,0,1,0,java.lang.Object,0.00,4,0,9,0,4,4,1,0,201,2
"org.apache.solr.util.ConcurrentLFUCache$CleanupThread",4,0.00,2.25,22,0.18,3708.09,6,2,10,9,1,121.38,0,35,0,2,121.38,0.00,0.50,0.50,0,2.00,6,533.05,0,0,1,org.apache.solr.util.Thread,0.00,5,1,9,0,5,4,0,0,126,2
"org.apache.solr.util.ConcurrentLFUCache$EvictionListener",1,0.00,1.00,2,0.02,128.38,1,0,10,1,0,143.17,0,3,0,1,143.17,0.00,0.00,0.00,0,1.00,1,57.06,0,0,0,,0.00,0,0,1,0,0,1,0,0,18,2
"org.apache.solr.util.ConcurrentLFUCache$Stats",8,0.24,1.00,25,0.31,5865.72,14,6,10,15,0,130.64,0,37,0,1,130.64,0.00,0.00,0.38,0,4.00,1,940.72,0,0,0,java.lang.Object,0.00,7,0,8,0,7,8,0,0,236,2
"org.apache.solr.util.ConcurrentLFUCache$Thread",1,0.00,1.00,3,0.01,120.97,1,0,10,2,0,136.80,0,5,0,1,136.80,0.00,0.00,0.00,0,1.00,1,42.87,0,0,0,java.lang.Object,0.00,1,0,1,0,1,1,0,0,15,0
"org.apache.solr.util.ConcurrentLRUCache",16,0.09,4.06,234,3.32,440595.18,30,14,11,62,4,60.74,105,284,3,1,92.96,0.00,0.00,0.15,3,50.00,22,9958.71,1,3,1,java.lang.Object,0.00,46,0,65,0,46,13,0,77,1740,1
"org.apache.solr.util.ConcurrentLRUCache$CacheEntry<K,V>",6,0.05,1.33,20,0.23,5058.63,10,4,11,8,0,130.10,0,30,0,1,130.10,0.00,0.00,0.21,0,6.00,3,687.17,0,1,0,java.lang.Object,0.00,2,0,8,0,2,5,1,0,170,2
"org.apache.solr.util.ConcurrentLRUCache$CleanupThread",4,0.00,2.25,22,0.18,3708.09,6,2,11,9,1,121.38,0,34,0,2,121.38,0.00,0.50,0.50,0,2.00,6,533.05,0,0,1,org.apache.solr.util.Thread,0.00,5,1,9,0,5,4,0,0,126,2
"org.apache.solr.util.ConcurrentLRUCache$EvictionListener<K,V>",1,0.00,1.00,2,0.02,128.38,1,0,11,1,0,143.17,0,3,0,1,143.17,0.00,0.00,0.00,0,1.00,1,57.06,0,0,0,,0.00,0,0,1,0,0,1,0,0,18,2
"org.apache.solr.util.ConcurrentLRUCache$PQueue",4,0.17,1.50,22,0.19,4905.49,6,2,11,5,1,120.51,2,27,0,2,120.51,0.00,0.50,0.62,0,0.00,3,561.27,4,2,1,org.apache.lucene.util.PriorityQueue,0.00,1,1,6,0,1,2,0,2,134,2
"org.apache.solr.util.ConcurrentLRUCache$Stats",8,0.24,1.00,25,0.31,5865.72,14,6,11,15,0,130.64,0,37,0,1,130.64,0.00,0.00,0.38,0,4.00,1,940.72,0,0,0,java.lang.Object,0.00,7,0,8,0,7,8,0,0,236,2
"org.apache.solr.util.ConcurrentLRUCache$Thread",1,0.00,1.00,3,0.01,120.97,1,0,11,2,0,136.80,0,5,0,1,136.80,0.00,0.00,0.00,0,1.00,1,42.87,0,0,0,java.lang.Object,0.00,1,0,1,0,1,1,0,0,15,0
"org.apache.solr.util.Converter",2,0.00,1.00,3,0.01,84.38,2,0,7,2,11,158.20,0,4,9,1,158.20,0.00,0.00,0.00,0,2.00,1,44.19,0,2,2,java.lang.Object,0.00,0,0,2,8,0,0,0,0,18,1
"org.apache.solr.util.DOMUtilTestBase",4,0.17,1.00,13,0.17,2663.68,6,2,10,12,1,130.97,0,19,1,2,130.97,2.00,0.25,0.38,2,6.00,1,507.07,1,3,0,org.apache.lucene.util.LuceneTestCase,0.00,8,1,4,2,8,1,0,0,122,2
"org.apache.solr.util.DateMathParser",7,0.07,3.29,98,1.56,113115.47,12,5,10,28,10,74.69,99,145,8,1,94.83,0.00,0.00,0.26,3,25.00,12,4666.75,0,3,2,java.lang.Object,0.00,21,0,23,0,21,4,0,21,842,1
"org.apache.solr.util.DateMathParserTest",14,0.15,1.43,160,2.24,58468.39,17,3,11,39,1,153.56,22,186,0,2,103.56,0.00,0.50,0.48,6,0.00,4,6705.05,0,3,1,org.apache.lucene.util.LuceneTestCase,0.00,25,1,20,0,25,11,0,14,1206,1
"org.apache.solr.util.Deprecated",1,0.00,17.00,62,0.83,46608.80,11,10,3,7,3,23.59,54,91,0,2,66.73,0.00,0.50,1.00,0,0.00,17,2499.17,1,0,3,CommonParams,0.00,6,1,17,0,6,1,1,11,450,1
"org.apache.solr.util.ExternalPaths",1,6.00,4.00,18,0.28,9974.47,7,6,2,10,18,44.26,8,24,17,1,92.37,0.00,0.00,0.00,0,1.00,4,853.95,0,1,1,java.lang.Object,0.00,9,0,4,0,9,0,0,4,173,1
"org.apache.solr.util.FindClasses",5,0.38,4.20,67,1.08,63608.32,7,2,14,41,2,117.41,17,89,2,1,96.80,0.00,0.00,0.20,0,11.00,9,3239.52,0,3,0,java.lang.Object,0.00,36,0,21,0,36,2,0,5,575,0
"org.apache.solr.util.Float2Float",2,0.00,1.00,5,0.06,896.91,2,0,7,4,4,138.89,0,10,1,2,138.89,0.00,0.50,0.00,0,2.00,1,171.52,0,2,3,org.apache.solr.util.Converter,0.00,2,1,2,0,2,0,0,0,47,0
"org.apache.solr.util.Int2Int",2,0.00,1.00,5,0.06,896.91,2,0,7,4,4,138.89,0,10,1,2,138.89,0.00,0.50,0.00,0,2.00,1,171.52,0,2,3,org.apache.solr.util.Converter,0.00,2,1,2,0,2,0,0,0,47,0
"org.apache.solr.util.NumberUtils",18,0.00,1.22,71,0.93,31867.77,18,0,0,32,19,177.58,22,90,19,1,127.58,0.00,0.00,0.00,8,18.00,2,2798.46,0,12,0,java.lang.Object,0.00,14,0,22,0,14,6,0,20,640,1
"org.apache.solr.util.PrimUtils",2,0.00,12.00,71,1.16,347549.34,2,0,0,4,2,34.01,24,85,2,1,71.57,0.00,0.00,0.00,1,2.00,18,3469.11,0,0,0,java.lang.Object,0.00,2,0,24,0,2,2,0,6,617,1
"org.apache.solr.util.PrimUtils$IntComparator",3,0.00,1.00,6,0.06,667.98,3,0,0,3,0,141.28,0,9,0,1,141.28,0.00,0.00,0.00,1,3.00,1,171.32,0,0,0,java.lang.Object,0.00,0,0,3,0,0,3,0,0,50,3
"org.apache.solr.util.PrimUtilsTest",1,0.00,5.00,25,0.28,23850.89,1,0,2,6,1,84.01,0,21,0,2,84.01,0.00,0.50,0.00,0,1.00,5,844.68,0,0,1,org.apache.lucene.util.LuceneTestCase,0.00,5,1,5,0,5,1,0,0,164,1
"org.apache.solr.util.PrimUtilsTest$PrimUtils.IntComparator",1,0.00,1.00,3,0.03,457.63,1,0,2,1,0,182.25,1,5,0,1,132.25,0.00,0.00,0.00,0,1.00,1,76.45,0,0,0,java.lang.Object,0.00,0,0,1,0,0,1,0,1,23,0
"org.apache.solr.util.RefCounted",6,0.20,1.17,16,0.12,1748.70,8,2,1,10,15,190.33,11,23,15,1,140.33,0.00,0.00,0.33,1,10.00,2,347.87,0,2,0,java.lang.Object,0.00,4,0,7,0,4,4,0,1,96,2
"org.apache.solr.util.SimplePostTool",18,0.00,3.06,159,2.45,111412.69,30,12,13,61,1,147.08,48,238,1,1,107.20,0.00,0.00,0.08,9,94.00,14,7342.92,0,2,0,java.lang.Object,0.00,43,0,55,0,43,16,0,15,1334,1
"org.apache.solr.util.SolrHighlighterX",4,0.00,1.00,9,0.09,816.86,4,0,13,5,12,141.58,0,14,0,3,141.58,0.00,0.67,0.00,0,4.00,1,282.44,4,3,12,org.apache.solr.highlight.DefaultSolrHighlighter,0.00,1,2,4,0,1,1,0,0,77,0
"org.apache.solr.util.SolrPluginUtils",27,0.18,3.00,248,4.19,209813.97,32,5,29,122,50,60.39,298,355,22,1,104.52,0.00,0.00,0.02,11,77.00,9,12562.72,0,17,29,java.lang.Object,0.00,95,0,81,1,95,10,0,52,2351,1
"org.apache.solr.util.SolrPluginUtils$DisjunctionMaxQueryParser",12,0.91,3.08,114,1.86,94606.10,13,1,29,76,23,62.17,87,164,0,3,104.46,0.00,0.67,0.17,2,38.00,8,5589.57,2,6,23,org.apache.solr.search.SolrQueryParser,0.00,64,2,37,0,64,6,0,17,1032,2
"org.apache.solr.util.SolrPluginUtils$DisjunctionMaxQueryParser$Alias",0,0.00,0.00,3,0.02,296.92,2,2,29,0,0,171.00,0,4,0,1,171.00,0.00,0.00,0.00,0,0.00,0,74.23,0,0,0,java.lang.Object,0.00,0,0,0,0,0,0,0,0,19,2
"org.apache.solr.util.SolrPluginUtils$DisjunctionMaxQueryParser$IdentityRegenerator",1,0.00,1.00,4,0.05,614.64,1,0,29,2,3,126.58,0,11,0,1,126.58,0.00,0.00,0.00,0,1.00,1,136.34,0,0,3,java.lang.Object,0.00,1,0,1,0,1,1,1,0,34,2
"org.apache.solr.util.SolrPluginUtilsTest",13,0.00,1.15,201,3.54,241422.98,13,0,24,62,15,143.48,20,264,0,3,93.48,0.00,0.67,0.00,0,31.00,2,10610.06,3,3,15,org.apache.solr.SolrTestCaseJ4,0.00,49,2,15,0,49,10,0,18,1833,1
"org.apache.solr.util.SortDouble",2,0.00,1.00,5,0.05,677.94,2,0,7,4,4,139.85,0,10,1,2,139.85,0.00,0.50,0.00,0,2.00,1,137.42,0,2,3,org.apache.solr.util.Converter,0.00,2,1,2,0,2,0,0,0,39,0
"org.apache.solr.util.SortFloat",2,0.00,1.00,5,0.05,677.94,2,0,7,4,4,139.85,0,10,1,2,139.85,0.00,0.50,0.00,0,2.00,1,137.42,0,2,3,org.apache.solr.util.Converter,0.00,2,1,2,0,2,0,0,0,39,0
"org.apache.solr.util.SortInt",2,0.00,1.00,5,0.05,677.94,2,0,7,4,4,139.85,0,10,1,2,139.85,0.00,0.50,0.00,0,2.00,1,137.42,0,2,3,org.apache.solr.util.Converter,0.00,2,1,2,0,2,0,0,0,39,0
"org.apache.solr.util.SortLong",2,0.00,1.00,5,0.05,677.94,2,0,7,4,4,139.85,0,10,1,2,139.85,0.00,0.50,0.00,0,2.00,1,137.42,0,2,3,org.apache.solr.util.Converter,0.00,2,1,2,0,2,0,0,0,39,0
"org.apache.solr.util.SuggestMissingFactories",1,0.00,3.00,22,0.41,23366.17,1,0,14,13,1,68.40,5,34,0,1,86.27,0.00,0.00,0.00,0,1.00,3,1241.59,0,0,1,java.lang.Object,0.00,12,0,3,0,12,1,0,1,212,1
"org.apache.solr.util.TestHarness",32,0.12,1.84,175,2.18,71418.09,37,5,31,81,21,100.54,177,263,6,1,118.42,0.00,0.00,0.08,9,216.00,6,6534.83,0,20,15,java.lang.Object,0.00,49,0,59,0,49,12,0,33,1370,1
"org.apache.solr.util.TestHarness$Initializer",3,0.25,1.33,21,0.23,5358.13,7,4,31,15,6,113.80,0,30,0,2,113.80,0.00,0.50,0.42,0,1.00,2,704.21,0,2,6,CoreContainer.Initializer,0.00,12,1,4,0,12,1,0,0,157,1
"org.apache.solr.util.TestHarness$LocalRequestFactory",2,0.50,2.50,18,0.29,17603.19,6,4,31,8,3,54.13,18,22,0,1,104.13,0.00,0.00,0.50,0,2.00,4,862.48,0,1,3,java.lang.Object,0.00,6,0,5,0,6,1,0,1,168,1
"org.apache.solr.util.TestNumberUtils",7,0.07,3.71,104,1.58,80612.96,12,5,7,29,11,116.58,25,107,0,2,95.96,0.00,0.50,0.26,5,3.00,9,4737.49,0,1,11,org.apache.lucene.util.LuceneTestCase,0.00,22,1,26,0,22,6,0,25,891,1
"org.apache.solr.util.TestUtils",3,0.00,1.67,79,1.30,74056.57,3,0,8,36,3,133.51,5,87,0,2,83.51,0.00,0.50,0.00,0,3.00,3,3885.58,0,0,3,org.apache.lucene.util.LuceneTestCase,0.00,33,1,5,0,33,3,0,3,698,1
"org.apache.solr.util.VersionedFile",2,1.00,5.50,41,0.52,41365.93,3,1,11,16,2,39.99,16,51,2,1,88.09,0.00,0.00,0.50,1,2.00,7,1567.26,0,1,0,java.lang.Object,0.00,14,0,11,0,14,1,0,9,285,1
"org.apache.solr.util.VersionedFile$FilenameFilter",1,0.00,1.00,3,0.02,217.60,1,0,11,2,0,134.79,0,4,0,1,134.79,0.00,0.00,0.00,0,1.00,1,68.92,0,0,0,java.lang.Object,0.00,1,0,1,0,1,1,0,0,20,0
"org.apache.lucene.analysis.hy.ArmenianAnalyzer",5,0.50,1.80,21,0.29,7141.30,7,2,16,16,13,75.46,42,31,1,4,123.56,0.00,0.75,0.10,0,8.00,3,866.52,0,1,12,org.apache.lucene.analysis.StopwordAnalyzerBase,0.00,11,3,9,0,11,4,0,8,192,2
"org.apache.lucene.analysis.hy.ArmenianAnalyzer$DefaultSetHolder",0,0.00,0.00,6,0.05,853.95,1,1,16,0,1,171.00,2,11,0,1,171.00,0.00,0.00,0.00,0,0.00,0,164.39,0,0,1,java.lang.Object,0.00,0,0,0,0,0,0,0,2,40,2
"org.apache.lucene.analysis.hy.TestArmenianAnalyzer",4,0.00,1.00,15,0.16,2494.63,4,0,4,7,4,181.19,7,21,0,3,131.19,0.00,0.67,0.00,0,4.00,1,481.49,3,0,4,org.apache.lucene.analysis.BaseTokenStreamTestCase,0.00,3,2,4,0,3,4,0,6,114,1
"org.apache.lucene.analysis.stempel.StempelFilter",3,0.20,2.00,20,0.24,5510.14,8,5,5,8,7,66.11,27,28,2,4,116.11,0.00,0.75,0.33,0,5.00,4,708.94,0,0,5,org.apache.lucene.analysis.TokenFilter,0.27,5,3,6,0,5,3,0,6,155,2
"org.apache.lucene.analysis.stempel.StempelStemmer",4,0.33,1.75,24,0.29,8406.16,6,2,7,18,6,73.39,30,36,3,1,115.68,0.00,0.00,0.25,1,6.00,3,877.89,0,1,3,java.lang.Object,0.00,14,0,7,0,14,3,0,5,188,1
"org.apache.lucene.analysis.hu.HungarianAnalyzer",5,0.50,1.80,21,0.29,7141.30,7,2,18,16,15,75.46,42,31,1,4,123.56,0.00,0.75,0.10,0,8.00,3,866.52,0,1,14,org.apache.lucene.analysis.StopwordAnalyzerBase,0.00,11,3,9,0,11,4,0,8,192,2
"org.apache.lucene.analysis.hu.HungarianAnalyzer$DefaultSetHolder",0,0.00,0.00,6,0.07,1211.01,1,1,18,0,3,171.00,2,11,0,1,171.00,0.00,0.00,0.00,0,0.00,0,217.37,0,0,3,java.lang.Object,0.00,0,0,0,0,0,0,0,2,50,2
"org.apache.lucene.analysis.hu.HungarianLightStemFilter",2,0.33,2.00,14,0.16,3794.18,5,3,6,8,8,113.74,9,20,2,4,113.50,0.00,0.75,0.50,0,2.00,3,481.98,0,0,6,org.apache.lucene.analysis.TokenFilter,0.29,6,3,4,0,6,2,0,1,107,2
"org.apache.lucene.analysis.hu.HungarianLightStemmer",6,0.00,7.33,65,1.75,137495.05,6,0,1,7,1,148.90,8,155,1,1,98.90,0.00,0.00,0.00,2,6.00,18,5261.27,0,0,0,java.lang.Object,0.00,1,0,44,0,1,6,0,2,935,1
"org.apache.lucene.analysis.hu.TestHungarianAnalyzer",4,0.00,1.00,15,0.16,2494.63,4,0,4,7,4,181.19,7,21,0,3,131.19,0.00,0.67,0.00,0,4.00,1,481.49,3,0,4,org.apache.lucene.analysis.BaseTokenStreamTestCase,0.00,3,2,4,0,3,4,0,6,114,1
"org.apache.lucene.analysis.hu.TestHungarianLightStemFilter",1,0.00,1.00,5,0.04,412.90,1,0,8,3,5,124.56,4,8,0,3,124.33,0.00,0.67,0.00,0,1.00,1,116.42,0,0,5,org.apache.lucene.analysis.BaseTokenStreamTestCase,0.00,2,2,1,0,2,1,0,2,31,1
"org.apache.lucene.analysis.hu.TestHungarianLightStemFilter$ReusableAnalyzerBase",1,0.00,1.00,4,0.05,1009.20,1,0,8,4,3,124.89,0,7,0,1,124.89,0.00,0.00,0.00,0,1.00,1,159.62,0,0,3,java.lang.Object,0.00,3,0,1,0,3,1,0,0,38,0
"org.apache.lucene.search.AssertingIndexSearcher",3,0.00,1.00,9,0.08,1395.01,3,0,3,4,4,172.08,7,13,0,3,132.20,0.00,0.67,0.00,0,3.00,1,242.63,1,1,4,org.apache.lucene.search.IndexSearcher,0.00,1,2,3,0,1,2,0,3,65,1
"org.apache.lucene.search.AssertingIndexSearcher$UnmodifiableWeight",8,0.43,1.25,24,0.26,7195.52,9,1,3,15,6,129.89,2,44,0,2,129.89,0.00,0.50,0.62,0,0.00,3,779.65,0,3,6,org.apache.lucene.search.Weight,0.67,7,1,10,0,7,5,0,2,187,3
"org.apache.lucene.search.BaseTestRangeFilter",5,0.11,3.20,91,1.34,75563.10,14,9,14,35,7,111.61,15,103,0,2,91.00,3.00,0.20,0.20,1,7.00,9,4013.58,0,2,7,org.apache.lucene.util.LuceneTestCase,0.00,30,1,16,3,30,3,0,8,710,1
"org.apache.lucene.search.BaseTestRangeFilter$TestIndex",1,3.00,2.00,12,0.10,1914.19,5,4,14,2,1,104.74,0,14,0,1,104.74,0.00,0.00,0.25,0,0.00,2,292.42,0,0,1,java.lang.Object,0.00,1,0,2,0,1,1,0,0,69,1
"org.apache.lucene.search.BooleanClause",10,0.11,1.30,27,0.29,6735.17,12,2,0,13,39,177.32,24,43,39,1,137.44,0.00,0.00,0.40,1,10.00,3,863.74,0,3,1,java.lang.Object,0.00,3,0,13,0,3,7,1,7,216,1
"org.apache.lucene.search.BooleanClause$Occur",3,0.00,1.00,10,0.05,506.19,3,0,0,3,0,156.28,10,5,0,1,135.66,0.00,0.00,0.00,0,3.00,1,147.66,0,3,0,java.lang.Object,0.00,0,0,3,0,0,0,1,3,45,2
"org.apache.lucene.search.BooleanFilter",9,0.62,3.11,66,0.87,65954.71,10,1,7,30,8,129.39,27,93,3,2,108.78,0.00,0.50,0.44,3,13.00,15,2621.83,0,3,5,org.apache.lucene.util.Filter,0.00,21,1,28,0,21,6,1,8,518,1
"org.apache.lucene.search.BooleanFilterTest",23,0.41,1.04,187,2.57,87795.89,25,2,12,46,16,109.10,9,217,0,2,109.10,0.00,0.50,0.11,8,74.00,2,7703.32,2,6,16,org.apache.lucene.util.LuceneTestCase,0.00,23,1,24,0,23,17,0,9,1615,1
"org.apache.lucene.search.BooleanFilterTest$Filter",1,0.00,1.00,3,0.03,393.76,1,0,12,3,3,132.77,0,5,0,1,132.77,0.00,0.00,0.00,0,1.00,1,82.23,0,0,3,java.lang.Object,0.00,2,0,1,0,2,1,0,0,23,0
"org.apache.lucene.search.BooleanFilterTest$Filter_0",1,0.00,1.00,3,0.02,175.12,1,0,12,1,2,135.54,0,5,0,1,135.54,0.00,0.00,0.00,0,1.00,1,54.60,0,0,2,java.lang.Object,0.00,0,0,1,0,0,1,0,0,17,0
"org.apache.lucene.search.BooleanFilterTest$Filter_1",1,0.00,1.00,3,0.02,161.45,1,0,12,2,2,135.81,0,5,0,1,135.81,0.00,0.00,0.00,0,1.00,1,49.51,0,0,2,java.lang.Object,0.00,1,0,1,0,1,1,0,0,16,0
"org.apache.lucene.search.BooleanFilterTest$Filter_1$DocIdSet",2,0.00,1.00,5,0.03,286.06,2,0,12,2,1,142.80,0,9,0,1,142.80,0.00,0.00,0.00,0,2.00,1,81.08,0,0,1,java.lang.Object,0.00,0,0,2,0,0,2,0,0,26,0
"org.apache.lucene.search.BooleanQuery",19,0.07,2.21,101,1.38,76758.90,23,4,6,49,117,116.58,90,140,112,2,116.35,0.00,0.50,0.18,5,114.00,11,4132.80,2,6,6,org.apache.lucene.search.Query,0.18,30,1,42,0,30,13,1,30,834,1
"org.apache.lucene.search.BooleanQuery$BooleanWeight",8,0.04,4.38,124,1.81,143744.67,12,4,6,43,11,133.17,17,154,0,2,93.29,0.00,0.50,0.28,0,8.00,13,5419.39,0,2,11,org.apache.lucene.search.Weight,0.67,35,1,35,0,35,6,0,17,921,1
"org.apache.lucene.search.BooleanQuery$TooManyClauses",1,0.00,1.00,3,0.02,128.38,1,0,6,1,0,136.60,0,5,0,2,136.60,0.00,0.50,0.00,0,0.00,1,51.35,0,0,0,java.lang.RuntimeException,0.00,0,1,1,0,0,1,0,0,17,2
"org.apache.lucene.search.BooleanScorer",9,0.04,3.00,102,1.32,89263.06,16,7,4,27,10,68.21,58,127,4,3,100.43,0.00,0.67,0.17,1,18.00,9,3967.91,1,1,6,org.apache.lucene.search.Scorer,0.55,18,2,27,0,18,8,0,27,733,1
"org.apache.lucene.search.BooleanScorer$BooleanScorerCollector",5,0.17,1.20,27,0.30,13023.36,8,3,4,6,3,157.87,11,38,0,2,117.99,0.00,0.50,0.20,0,8.00,2,891.33,0,0,3,org.apache.lucene.search.Collector,0.44,1,1,6,0,1,5,0,11,194,3
"org.apache.lucene.search.BooleanScorer$Bucket",0,0.00,0.00,6,0.04,541.33,5,5,4,0,0,171.00,8,7,0,1,171.00,0.00,0.00,0.00,0,0.00,0,116.00,0,0,0,java.lang.Object,0.00,0,0,0,0,0,0,0,8,29,2
"org.apache.lucene.search.BooleanScorer$BucketScorer",6,0.20,1.00,16,0.11,1491.25,9,3,4,6,2,140.91,0,16,0,3,140.91,0.00,0.67,0.17,0,22.00,1,340.49,0,0,2,org.apache.lucene.search.Scorer,0.79,0,2,6,0,0,6,0,0,96,3
"org.apache.lucene.search.BooleanScorer$BucketTable",3,0.12,1.33,15,0.12,2695.47,7,4,4,5,1,171.60,3,15,0,1,121.60,0.00,0.00,0.17,0,5.00,2,373.73,0,1,1,java.lang.Object,0.00,2,0,4,0,2,2,0,3,92,2
"org.apache.lucene.search.BooleanScorer$SubScorer",1,4.00,2.00,12,0.11,2670.02,5,4,4,2,2,103.84,4,17,0,1,103.60,0.00,0.00,0.00,0,1.00,2,321.36,0,0,2,java.lang.Object,0.00,1,0,2,0,1,1,0,4,75,2
"org.apache.lucene.search.BooleanScorer2",16,0.07,2.06,85,1.26,43988.19,23,7,4,36,10,138.29,61,149,1,3,117.68,0.00,0.67,0.21,3,100.00,5,3769.53,1,0,9,org.apache.lucene.search.Scorer,0.52,20,2,33,0,20,16,0,27,783,0
"org.apache.lucene.search.BooleanScorer2$ConjunctionScorer",1,0.00,3.00,11,0.14,3455.68,3,2,4,2,0,71.81,6,14,0,1,104.04,0.00,0.00,1.00,0,0.00,3,406.73,1,0,0,java.lang.Object,0.00,1,0,3,0,1,1,0,6,87,0
"org.apache.lucene.search.BooleanScorer2$Coordinator",1,1.00,3.00,11,0.12,2964.80,4,3,4,2,1,125.17,3,11,0,1,104.56,0.00,0.00,0.67,0,0.00,3,363.76,0,0,1,java.lang.Object,0.00,1,0,3,0,1,1,0,3,78,1
"org.apache.lucene.search.BooleanScorer2$DisjunctionSumScorer",1,0.00,3.00,11,0.11,3174.77,3,2,4,2,0,144.21,2,14,0,1,104.33,0.00,0.00,1.00,0,0.00,3,334.14,1,0,0,java.lang.Object,0.00,1,0,3,0,1,1,0,2,74,0
"org.apache.lucene.search.BooleanScorer2$SingleMatchScorer",5,0.08,1.40,21,0.19,4166.86,8,3,4,9,1,125.46,2,33,0,3,125.46,0.00,0.67,0.40,1,0.00,3,573.81,0,0,1,org.apache.lucene.search.Scorer,0.67,4,2,7,0,4,5,0,2,141,1
"org.apache.lucene.search.BoostingQuery",5,0.42,3.40,36,0.50,21117.16,8,3,7,13,8,110.88,20,54,3,2,110.64,0.00,0.50,0.67,0,0.00,11,1489.34,1,2,5,org.apache.lucene.search.Query,0.11,8,1,17,0,8,3,0,6,326,1
"org.apache.lucene.search.BoostingQuery$BooleanQuery",1,0.00,1.00,3,0.02,161.45,1,0,7,2,1,135.81,0,5,0,1,135.81,0.00,0.00,0.00,0,1.00,1,49.51,0,1,1,java.lang.Object,0.00,1,0,1,0,1,0,0,0,16,0
"org.apache.lucene.search.BoostingQuery$BooleanQuery$DefaultSimilarity",1,0.00,1.00,6,0.05,804.09,1,0,7,1,0,119.33,4,12,0,1,119.09,0.00,0.00,0.00,0,0.00,1,146.30,0,0,0,java.lang.Object,0.00,0,0,1,0,0,1,0,4,36,0
"org.apache.lucene.search.BoostingQueryTest",1,0.00,1.00,8,0.09,1852.95,1,0,2,5,3,111.58,0,10,0,2,111.58,0.00,0.50,0.00,0,1.00,1,283.44,0,0,3,org.apache.lucene.util.LuceneTestCase,0.00,4,1,1,0,4,1,0,0,67,1
"org.apache.lucene.search.CachingCollector",10,0.10,1.70,58,0.76,22734.78,22,12,5,21,9,70.27,82,78,6,2,118.37,2.00,0.25,0.18,2,38.00,4,2279.57,0,3,3,org.apache.lucene.search.Collector,0.14,11,1,17,2,11,7,0,16,472,2
"org.apache.lucene.search.CachingCollector$CachedScorer",6,0.40,1.00,15,0.11,1527.79,8,2,5,7,1,140.82,4,15,0,3,140.82,0.00,0.67,0.17,0,14.00,1,333.87,0,0,1,org.apache.lucene.search.Scorer,0.79,1,2,6,0,1,6,0,4,95,3
"org.apache.lucene.search.CachingCollector$Collector",4,0.00,1.00,6,0.06,536.89,4,0,5,4,2,154.24,0,11,0,1,154.24,0.00,0.00,0.00,0,4.00,1,179.37,0,0,2,java.lang.Object,0.00,0,0,4,0,0,4,0,0,53,0
"org.apache.lucene.search.CachingCollector$NoScoreCachingCollector",6,0.00,2.50,51,0.51,30415.90,6,0,5,10,3,107.93,5,69,0,3,107.93,0.00,0.67,0.00,0,10.00,6,1543.41,2,1,3,org.apache.lucene.search.CachingCollector,0.15,4,2,15,0,4,5,0,5,312,3
"org.apache.lucene.search.CachingCollector$ScoreCachingCollector",6,0.40,2.50,78,0.87,55967.20,10,4,5,15,3,97.98,5,96,0,3,97.98,0.00,0.67,0.58,0,0.00,6,2601.71,2,1,3,org.apache.lucene.search.CachingCollector,0.00,9,2,15,0,9,5,0,5,503,3
"org.apache.lucene.search.CachingCollector$SegStart",1,3.00,1.00,8,0.06,1058.02,4,3,5,1,1,113.50,0,10,0,1,113.50,0.00,0.00,0.00,0,1.00,1,188.72,0,0,1,java.lang.Object,0.00,0,0,1,0,0,1,0,0,51,2
"org.apache.lucene.search.CachingSpanFilter",8,0.04,1.62,34,0.40,10776.83,12,4,2,18,6,163.67,17,50,2,3,123.79,0.00,0.67,0.22,2,8.00,3,1197.00,0,4,4,org.apache.lucene.search.SpanFilter,0.00,10,2,13,0,10,4,0,5,271,1
"org.apache.lucene.search.CachingSpanFilter$CachingWrapperFilter.FilterCache<SpanFilterResult>",1,0.00,1.00,3,0.04,499.66,1,0,2,2,2,131.95,0,5,0,1,131.95,0.00,0.00,0.00,0,1.00,1,113.22,0,1,2,java.lang.Object,0.00,1,0,1,0,1,0,0,0,30,0
"org.apache.lucene.search.CachingWrapperFilter",7,0.04,2.00,43,0.47,15709.29,11,4,6,20,15,67.32,61,58,10,2,115.43,1.00,0.33,0.29,1,4.00,4,1402.16,0,3,5,org.apache.lucene.search.Filter,0.00,13,1,14,1,13,4,0,11,304,1
"org.apache.lucene.search.CachingWrapperFilter$DeletesMode",0,0.00,0.00,2,0.01,71.32,0,0,6,0,0,171.00,0,1,0,1,171.00,0.00,0.00,0.00,0,0.00,0,28.53,0,0,0,java.lang.Object,0.00,0,0,0,0,0,0,0,0,9,2
"org.apache.lucene.search.CachingWrapperFilter$FilterCache",4,0.00,2.75,30,0.35,19260.56,6,2,6,8,1,150.13,10,39,0,1,110.24,0.00,0.00,0.50,0,4.00,6,1051.62,0,0,1,java.lang.Object,0.00,4,0,11,0,4,4,1,8,224,2
"org.apache.lucene.search.CachingWrapperFilter$FilterCache<DocIdSet>",1,0.00,1.00,3,0.03,336.30,1,0,6,2,3,133.30,0,5,0,1,133.30,0.00,0.00,0.00,0,1.00,1,83.21,0,1,3,java.lang.Object,0.00,1,0,1,0,1,0,0,0,24,0
"org.apache.lucene.search.CachingWrapperFilter$FilterCache<DocIdSet>$FilteredDocIdSet",1,0.00,1.00,3,0.03,379.08,1,0,6,2,0,132.90,0,5,0,1,132.90,0.00,0.00,0.00,0,1.00,1,81.93,0,0,0,java.lang.Object,0.00,1,0,1,0,1,1,0,0,23,0
"org.apache.lucene.search.CachingWrapperFilterHelper",6,1.00,1.33,21,0.22,5367.69,7,1,3,8,6,179.89,6,33,2,3,129.89,0.00,0.67,0.17,2,14.00,2,648.81,1,2,4,org.apache.lucene.search.CachingWrapperFilter,0.43,2,2,8,0,2,4,0,2,154,1
"org.apache.lucene.search.ChainedFilter",11,0.04,3.09,105,1.24,57224.71,19,8,7,29,8,88.01,64,160,2,2,105.88,0.00,0.50,0.16,4,33.00,14,3724.24,0,7,6,org.apache.lucene.search.Filter,0.00,18,1,34,0,18,4,0,15,763,1
"org.apache.lucene.search.ChainedFilterTest",10,0.38,1.30,115,1.83,66202.44,18,8,21,41,18,152.00,13,130,0,2,102.00,0.00,0.50,0.46,0,0.00,3,5497.75,2,2,18,org.apache.lucene.util.LuceneTestCase,0.00,31,1,13,0,31,8,0,9,1011,1
"org.apache.lucene.search.CheckHits",11,1.00,4.09,179,3.12,246038.24,12,1,7,51,21,43.40,97,234,13,1,91.51,0.00,0.00,0.09,4,20.00,13,9361.09,0,2,9,java.lang.Object,0.00,40,0,45,0,40,9,0,17,1623,1
"org.apache.lucene.search.CheckHits$ExplanationAsserter",6,0.03,1.17,30,0.39,9093.61,13,7,7,15,5,119.85,5,47,0,2,119.85,0.00,0.50,0.17,0,10.00,2,1161.87,0,0,5,org.apache.lucene.search.Collector,0.40,9,1,7,0,9,6,0,2,248,2
"org.apache.lucene.search.CheckHits$ExplanationAssertingSearcher",6,0.00,1.00,17,0.21,3347.02,6,0,7,7,8,138.14,0,34,0,3,138.14,0.00,0.67,0.00,1,6.00,1,638.61,1,2,8,org.apache.lucene.search.IndexSearcher,0.00,1,2,6,0,1,4,0,0,155,2
"org.apache.lucene.search.CheckHits$SetCollector",5,0.25,1.00,12,0.13,1689.07,7,2,7,7,3,139.86,0,21,0,2,139.86,0.00,0.50,0.30,0,7.00,1,377.86,0,0,3,org.apache.lucene.search.Collector,0.44,2,1,5,0,2,5,0,0,98,2
"org.apache.lucene.search.Collector",4,0.00,1.00,5,0.05,327.88,4,0,2,4,66,163.19,142,6,65,1,155.93,0.00,0.00,0.00,0,4.00,1,136.58,0,0,2,java.lang.Object,0.00,0,0,4,33,0,4,0,5,43,2
"org.apache.lucene.search.ComplexExplanation",6,1.00,1.50,17,0.18,3030.30,7,1,0,8,18,106.17,37,25,17,2,138.39,0.00,0.50,0.17,2,10.00,3,525.10,3,2,1,org.apache.lucene.search.Explanation,0.21,2,1,9,0,2,4,0,7,131,1
"org.apache.lucene.search.ConjunctionScorer",7,0.11,2.57,62,0.72,36886.88,10,3,4,15,4,128.40,25,73,1,3,107.79,0.00,0.67,0.43,1,0.00,5,2145.81,0,0,3,org.apache.lucene.search.Scorer,0.60,8,2,18,0,8,7,0,25,441,0
"org.apache.lucene.search.ConjunctionScorer$Comparator<Scorer>",1,0.00,1.00,3,0.03,480.85,1,0,4,2,1,182.08,1,4,0,1,132.08,0.00,0.00,0.00,0,1.00,1,93.66,0,0,1,java.lang.Object,0.00,1,0,1,0,1,1,0,1,27,0
"org.apache.lucene.search.ConstantScoreAutoRewrite",9,0.03,1.89,51,0.63,22008.87,13,4,4,25,10,157.98,21,72,3,3,118.10,0.50,0.50,0.28,2,0.00,6,1882.56,1,2,8,org.apache.lucene.search.TermCollectingRewrite,0.25,16,2,17,1,16,7,0,15,385,0
"org.apache.lucene.search.ConstantScoreAutoRewrite$CutOffTermCollector",2,0.67,1.50,17,0.19,3967.90,8,6,4,6,2,151.14,4,22,0,1,111.25,0.00,0.00,0.50,0,2.00,2,555.80,0,0,2,java.lang.Object,0.00,4,0,3,0,4,2,1,4,122,3
"org.apache.lucene.search.ConstantScoreQuery",10,0.11,2.20,40,0.56,21122.99,12,2,5,23,27,162.06,25,70,21,2,122.18,2.00,0.25,0.40,1,10.00,6,1670.78,3,5,6,org.apache.lucene.search.Query,0.17,13,1,22,2,13,5,0,9,377,1
"org.apache.lucene.search.ConstantScoreQuery$ConstantScorer",8,0.07,1.25,27,0.27,5833.09,10,2,5,14,5,130.61,4,45,0,3,130.61,0.00,0.67,0.44,1,6.00,2,818.48,1,1,5,org.apache.lucene.search.Scorer,0.57,6,2,10,0,6,7,0,4,202,1
"org.apache.lucene.search.ConstantScoreQuery$ConstantScorer$Collector",4,0.00,1.00,9,0.11,1873.91,4,0,5,10,2,138.74,1,18,0,1,138.74,0.00,0.00,0.00,0,4.00,1,344.90,0,0,2,java.lang.Object,0.00,6,0,4,0,6,4,0,1,89,0
"org.apache.lucene.search.ConstantScoreQuery$ConstantWeight",8,0.07,2.00,49,0.65,25119.27,12,4,5,23,10,114.28,2,70,0,2,114.28,0.00,0.50,0.31,1,2.00,4,1962.22,0,3,10,org.apache.lucene.search.Weight,0.67,15,1,16,0,15,5,0,2,397,1
"org.apache.lucene.search.DefaultSimilarity",8,0.71,1.12,20,0.27,6154.41,9,1,1,13,26,119.14,41,38,24,2,137.02,9.00,0.09,0.38,0,14.00,2,817.71,0,0,2,org.apache.lucene.search.Similarity,0.37,5,1,9,9,5,8,0,11,198,1
"org.apache.lucene.search.Deprecated",8,0.19,2.75,104,1.46,85459.70,11,3,18,41,13,55.20,57,105,0,2,97.49,0.00,0.50,0.50,0,0.00,5,4381.87,1,3,13,MultiSearcher,0.00,33,1,22,0,33,5,0,13,801,1
"org.apache.lucene.search.Deprecated$CachedDfSource",12,0.45,1.17,39,0.42,9633.15,14,2,14,18,10,130.29,6,64,0,2,130.29,0.00,0.50,0.08,0,32.00,2,1246.30,0,4,10,Searcher,0.00,6,1,14,0,6,8,0,6,298,2
"org.apache.lucene.search.Deprecated$Callable<Integer>",1,0.00,1.00,3,0.03,323.26,1,0,18,3,0,133.44,0,4,0,1,133.44,0.00,0.00,0.00,0,1.00,1,88.18,0,1,0,java.lang.Object,0.00,2,0,1,0,2,0,0,0,25,0
"org.apache.lucene.search.Deprecated$Collector",4,0.00,1.00,9,0.10,1783.67,4,0,18,8,2,138.91,0,17,0,1,138.91,0.00,0.00,0.00,0,4.00,1,311.09,0,0,2,java.lang.Object,0.00,4,0,4,0,4,4,0,0,81,0
"org.apache.lucene.search.Deprecated$DocumentFrequencyCallable",2,0.00,1.00,8,0.08,1238.01,4,2,18,3,1,126.56,0,11,0,1,126.56,0.00,0.00,0.50,0,2.00,1,237.01,0,0,1,java.lang.Object,0.00,1,0,2,0,1,2,1,0,61,3
"org.apache.lucene.search.Deprecated$ExecutionHelper",6,0.20,1.50,21,0.22,4174.99,8,2,18,13,1,130.72,1,33,0,1,130.72,0.00,0.00,0.33,2,6.00,4,654.18,0,1,1,java.lang.Object,0.00,7,0,9,0,7,5,2,1,157,3
"org.apache.lucene.search.Deprecated$FilterCleaner",2,0.00,3.00,21,0.32,12939.14,4,2,7,14,1,124.05,6,30,0,1,103.44,0.00,0.00,0.50,0,0.00,5,952.75,0,0,1,java.lang.Object,0.00,12,0,6,0,12,2,1,6,179,1
"org.apache.lucene.search.Deprecated$FilterCleaner$Comparator<Map.Entry<Integer,FilterItem>>",1,0.00,3.00,9,0.12,4318.98,1,0,7,2,0,146.41,2,12,0,1,106.52,0.00,0.00,0.00,0,1.00,3,359.90,0,0,0,java.lang.Object,0.00,1,0,3,0,1,1,0,2,80,0
"org.apache.lucene.search.Deprecated$FilterItem",1,2.00,1.00,6,0.04,554.11,3,2,7,3,0,120.37,0,8,0,1,120.37,0.00,0.00,0.00,0,1.00,1,134.08,0,0,0,java.lang.Object,0.00,2,0,1,0,2,1,0,0,37,1
"org.apache.lucene.search.Deprecated$MultiSearcherCallableNoSort",2,0.75,2.00,32,0.36,11815.06,10,8,14,6,4,146.23,3,37,0,1,96.23,0.00,0.00,0.50,0,2.00,3,1067.19,0,1,4,java.lang.Object,0.00,4,0,4,0,4,1,1,3,216,2
"org.apache.lucene.search.Deprecated$MultiSearcherCallableWithSort",2,0.78,3.50,50,0.62,34451.42,11,9,14,10,7,105.82,7,54,0,1,85.21,0.00,0.00,0.50,0,2.00,6,1846.96,0,0,7,java.lang.Object,0.00,8,0,7,0,8,2,1,7,345,2
"org.apache.lucene.search.DisjunctionMaxQuery",12,0.23,2.17,74,0.96,50433.20,14,2,7,32,18,95.39,61,100,14,2,113.26,0.00,0.50,0.29,3,22.00,8,2894.76,2,5,4,org.apache.lucene.search.Query,0.23,20,1,26,0,20,7,1,18,599,1
"org.apache.lucene.search.DisjunctionMaxQuery$DisjunctionMaxWeight",7,0.25,2.43,52,0.71,31212.47,9,2,7,29,10,160.53,12,66,0,2,110.54,0.00,0.50,0.29,0,7.00,5,2133.40,0,3,10,org.apache.lucene.search.Weight,0.57,22,1,17,0,22,4,0,12,417,1
"org.apache.lucene.search.DisjunctionMaxScorer",9,0.21,2.78,92,1.01,57674.16,15,6,1,14,4,103.72,38,117,1,3,103.49,0.00,0.67,0.35,4,0.00,6,3022.85,0,0,3,org.apache.lucene.search.Scorer,0.55,5,2,25,0,5,9,0,13,626,0
"org.apache.lucene.search.DisjunctionSumScorer",11,0.11,2.73,78,0.80,30326.08,18,7,3,23,5,69.86,86,109,1,3,112.15,0.00,0.67,0.25,3,13.00,7,2388.83,0,0,4,org.apache.lucene.search.Scorer,0.50,12,2,30,0,12,11,0,21,502,0
"org.apache.lucene.search.DocIdSet",0,0.00,0.00,3,0.02,467.02,0,0,1,1,89,171.00,5,2,89,1,171.00,0.00,0.00,0.00,0,0.00,0,51.89,0,0,0,java.lang.Object,0.00,1,0,0,10,1,0,0,2,15,2
"org.apache.lucene.search.DocIdSet$DocIdSet",4,0.00,1.00,10,0.06,694.92,4,0,1,5,1,182.02,11,18,0,1,142.13,0.00,0.00,0.00,0,4.00,1,175.88,0,2,1,java.lang.Object,0.00,1,0,4,0,1,2,0,2,55,0
"org.apache.lucene.search.DocIdSet$DocIdSet$DocIdSetIterator",3,0.00,1.00,7,0.05,603.80,3,0,1,3,0,141.63,0,7,0,1,141.63,0.00,0.00,0.00,0,3.00,1,146.65,0,0,0,java.lang.Object,0.00,0,0,3,0,0,3,0,0,43,0
"org.apache.lucene.search.DocIdSetIterator",3,1.00,1.00,5,0.04,464.21,4,1,1,3,74,197.70,66,6,74,1,153.76,0.00,0.00,0.00,0,3.00,1,132.13,0,0,0,java.lang.Object,0.00,0,0,3,44,0,3,0,5,40,2
"org.apache.lucene.search.DuplicateFilter",13,0.08,2.08,87,1.04,50185.24,20,7,6,28,9,163.56,22,152,3,2,113.56,0.00,0.50,0.22,2,32.00,7,3111.35,0,3,6,org.apache.lucene.util.Filter,0.00,15,1,27,0,15,10,0,9,636,1
"org.apache.lucene.search.DuplicateFilterTest",8,0.46,1.88,106,1.54,48506.81,13,5,11,40,12,99.51,3,121,0,2,99.51,0.00,0.50,0.60,1,0.00,3,4621.89,2,0,12,org.apache.lucene.util.LuceneTestCase,0.00,32,1,15,0,32,8,0,3,854,1
"org.apache.lucene.search.ElevationComparatorSource",2,1.00,1.00,6,0.07,1019.94,3,1,10,3,8,131.88,0,10,3,2,131.88,0.00,0.50,0.00,0,2.00,1,218.56,0,1,5,org.apache.lucene.search.FieldComparatorSource,0.00,1,1,2,0,1,1,0,0,54,0
"org.apache.lucene.search.ElevationComparatorSource$FieldComparator<Integer>",7,0.06,1.14,20,0.28,5365.48,10,3,10,10,1,137.03,1,33,0,1,137.03,0.00,0.00,0.38,1,10.00,2,825.44,0,1,1,java.lang.Object,0.00,3,0,8,0,3,6,0,1,195,0
"org.apache.lucene.search.ExactPhraseScorer",8,0.19,6.50,189,2.37,353904.56,21,13,3,19,6,103.80,28,240,2,3,83.19,0.00,0.67,0.24,0,0.00,18,7101.05,0,1,4,org.apache.lucene.search.Scorer,0.71,11,2,52,0,11,7,0,28,1277,1
"org.apache.lucene.search.ExactPhraseScorer$ChunkState",1,7.00,1.00,12,0.09,1258.33,8,7,3,1,1,106.33,0,14,0,1,106.33,0.00,0.00,0.00,0,1.00,1,257.84,0,0,1,java.lang.Object,0.00,0,0,1,0,0,1,0,0,65,3
"org.apache.lucene.search.Explanation",13,0.25,1.54,62,0.56,19854.07,16,3,2,21,52,163.26,32,68,52,1,123.37,0.00,0.00,0.10,4,53.00,4,1687.93,0,6,0,java.lang.Object,0.00,8,0,20,1,8,7,1,15,383,1
"org.apache.lucene.search.Explanation$IDFExplanation",2,0.00,1.00,3,0.02,134.04,2,0,2,2,0,156.85,8,4,0,1,156.62,0.00,0.00,0.00,0,2.00,1,55.02,0,1,0,java.lang.Object,0.00,0,0,2,0,0,1,1,2,20,3
"org.apache.lucene.search.FieldCache",26,2.00,1.00,59,0.75,16897.74,28,2,10,33,65,100.06,319,81,59,1,137.62,0.00,0.00,0.00,0,26.00,1,2250.33,0,5,7,,0.00,7,0,26,0,7,21,0,50,522,1
"org.apache.lucene.search.FieldCache$ByteParser",1,0.00,1.00,2,0.01,60.50,1,0,10,1,0,195.74,1,3,0,2,145.74,0.00,0.50,0.00,0,1.00,1,35.16,0,0,0,,0.00,0,1,1,0,0,1,0,1,13,1
"org.apache.lucene.search.FieldCache$ByteParser_0",3,0.00,1.00,7,0.05,644.62,3,0,10,5,1,141.41,0,11,0,1,141.41,0.00,0.00,0.00,0,3.00,1,150.76,0,2,1,java.lang.Object,0.00,2,0,3,0,2,1,0,0,44,0
"org.apache.lucene.search.FieldCache$CacheEntry",9,1.00,1.11,25,0.32,8785.34,10,1,10,18,1,136.20,8,32,0,1,136.20,0.00,0.00,0.11,7,16.00,2,956.93,0,7,1,java.lang.Object,0.00,9,0,10,0,9,2,0,2,217,3
"org.apache.lucene.search.FieldCache$CreationPlaceholder",0,0.00,0.00,2,0.01,104.61,1,1,10,0,0,171.00,0,3,0,1,171.00,0.00,0.00,0.00,0,0.00,0,34.87,0,0,0,java.lang.Object,0.00,0,0,0,0,0,0,0,0,11,3
"org.apache.lucene.search.FieldCache$DoubleParser",1,0.00,1.00,2,0.01,60.50,1,0,10,1,0,195.74,1,3,0,2,145.74,0.00,0.50,0.00,0,1.00,1,35.16,0,0,0,,0.00,0,1,1,0,0,1,0,1,13,1
"org.apache.lucene.search.FieldCache$DoubleParser_5",3,0.00,1.00,7,0.05,644.62,3,0,10,5,1,141.41,0,11,0,1,141.41,0.00,0.00,0.00,0,3.00,1,150.76,0,2,1,java.lang.Object,0.00,2,0,3,0,2,1,0,0,44,0
"org.apache.lucene.search.FieldCache$DoubleParser_9",3,0.00,1.33,9,0.11,3032.04,3,0,10,8,2,129.48,0,14,0,1,129.48,0.00,0.00,0.00,0,3.00,2,337.85,0,2,2,java.lang.Object,0.00,5,0,4,0,5,1,0,0,78,0
"org.apache.lucene.search.FieldCache$FloatParser",1,0.00,1.00,2,0.01,60.50,1,0,10,1,0,195.74,1,3,0,2,145.74,0.00,0.50,0.00,0,1.00,1,35.16,0,0,0,,0.00,0,1,1,0,0,1,0,1,13,1
"org.apache.lucene.search.FieldCache$FloatParser_3",3,0.00,1.00,7,0.05,644.62,3,0,10,5,1,141.41,0,11,0,1,141.41,0.00,0.00,0.00,0,3.00,1,150.76,0,2,1,java.lang.Object,0.00,2,0,3,0,2,1,0,0,44,0
"org.apache.lucene.search.FieldCache$FloatParser_7",3,0.00,1.33,9,0.11,3032.04,3,0,10,8,2,129.48,0,14,0,1,129.48,0.00,0.00,0.00,0,3.00,2,337.85,0,2,2,java.lang.Object,0.00,5,0,4,0,5,1,0,0,78,0
"org.apache.lucene.search.FieldCache$IntParser",1,0.00,1.00,2,0.01,60.50,1,0,10,1,0,195.74,1,3,0,2,145.74,0.00,0.50,0.00,0,1.00,1,35.16,0,0,0,,0.00,0,1,1,0,0,1,0,1,13,1
"org.apache.lucene.search.FieldCache$IntParser_2",3,0.00,1.00,7,0.05,644.62,3,0,10,5,1,141.41,0,11,0,1,141.41,0.00,0.00,0.00,0,3.00,1,150.76,0,2,1,java.lang.Object,0.00,2,0,3,0,2,1,0,0,44,0
"org.apache.lucene.search.FieldCache$IntParser_6",3,0.00,1.33,9,0.10,2881.86,3,0,10,7,2,129.65,0,14,0,1,129.65,0.00,0.00,0.00,0,3.00,2,313.85,0,2,2,java.lang.Object,0.00,4,0,4,0,4,1,0,0,74,0
"org.apache.lucene.search.FieldCache$LongParser",1,0.00,1.00,2,0.01,60.50,1,0,10,1,0,195.74,1,3,0,2,145.74,0.00,0.50,0.00,0,1.00,1,35.16,0,0,0,,0.00,0,1,1,0,0,1,0,1,13,1
"org.apache.lucene.search.FieldCache$LongParser_4",3,0.00,1.00,7,0.05,644.62,3,0,10,5,1,141.41,0,11,0,1,141.41,0.00,0.00,0.00,0,3.00,1,150.76,0,2,1,java.lang.Object,0.00,2,0,3,0,2,1,0,0,44,0
"org.apache.lucene.search.FieldCache$LongParser_8",3,0.00,1.33,9,0.11,2731.39,3,0,10,7,2,129.83,0,14,0,1,129.83,0.00,0.00,0.00,0,3.00,2,316.08,0,2,2,java.lang.Object,0.00,4,0,4,0,4,1,0,0,74,0
"org.apache.lucene.search.FieldCache$Parser",0,0.00,0.00,1,0.01,31.02,0,0,10,0,0,171.00,0,2,0,2,171.00,0.00,0.50,0.00,0,0.00,0,15.51,0,0,0,,0.00,0,1,0,0,0,0,0,0,6,1
"org.apache.lucene.search.FieldCache$ShortParser",1,0.00,1.00,2,0.01,60.50,1,0,10,1,0,195.74,1,3,0,2,145.74,0.00,0.50,0.00,0,1.00,1,35.16,0,0,0,,0.00,0,1,1,0,0,1,0,1,13,1
"org.apache.lucene.search.FieldCache$ShortParser_1",3,0.00,1.00,7,0.05,644.62,3,0,10,5,1,141.41,0,11,0,1,141.41,0.00,0.00,0.00,0,3.00,1,150.76,0,2,1,java.lang.Object,0.00,2,0,3,0,2,1,0,0,44,0
"org.apache.lucene.search.FieldCache$StringIndex",2,0.50,3.00,15,0.20,12044.91,4,2,10,3,0,130.07,6,25,0,1,109.46,0.00,0.00,0.25,0,2.00,5,607.66,0,0,0,java.lang.Object,0.00,1,0,6,0,1,2,0,6,133,2
"org.apache.lucene.search.FieldCacheDocIdSet",4,0.67,1.25,14,0.12,2650.10,5,1,3,8,13,151.55,15,21,9,2,130.93,0.00,0.50,0.50,0,4.00,2,373.12,0,1,4,org.apache.lucene.search.DocIdSet,0.00,4,1,5,0,4,3,0,5,93,2
"org.apache.lucene.search.FieldCacheDocIdSet$DocIdSetIterator",3,0.00,2.00,19,0.13,3648.63,4,1,3,4,0,117.52,0,25,0,1,117.52,0.00,0.00,1.00,0,0.00,3,382.17,0,0,0,java.lang.Object,0.00,1,0,6,0,1,3,0,0,94,0
"org.apache.lucene.search.FieldCacheDocIdSet$DocIdSetIterator_0",3,0.00,2.33,14,0.16,4735.23,4,1,3,6,0,123.16,0,24,0,1,123.16,0.00,0.00,1.00,0,0.00,4,487.20,0,0,0,java.lang.Object,0.00,3,0,7,0,3,3,0,0,114,0
"org.apache.lucene.search.FieldCacheImpl",29,0.29,1.38,117,1.92,65143.20,31,2,16,62,22,172.08,36,169,13,1,122.08,0.00,0.00,0.22,7,156.00,7,5764.26,0,3,10,java.lang.Object,0.00,33,0,40,0,33,26,1,25,1198,0
"org.apache.lucene.search.FieldCacheImpl$ByteCache",2,0.00,4.50,33,0.47,35109.98,2,0,16,19,7,92.31,1,46,0,2,92.31,0.00,0.50,0.00,0,2.00,8,1424.73,0,1,7,org.apache.lucene.search.Cache,0.00,17,1,9,0,17,1,0,1,244,2
"org.apache.lucene.search.FieldCacheImpl$Cache",7,0.08,2.86,75,0.92,56679.18,9,2,16,26,3,152.68,11,94,0,1,102.68,0.00,0.00,0.43,1,7.00,8,2760.49,0,2,3,java.lang.Object,0.00,19,0,20,0,19,5,0,10,530,2
"org.apache.lucene.search.FieldCacheImpl$CacheEntryImpl",6,0.04,1.17,22,0.19,3897.61,11,5,16,6,0,131.02,4,27,0,2,131.02,0.00,0.50,0.17,0,26.00,2,566.99,0,5,0,org.apache.lucene.search.CacheEntry,0.00,0,1,7,0,0,1,0,4,145,3
"org.apache.lucene.search.FieldCacheImpl$DocsWithFieldCache",2,0.00,3.50,26,0.40,28871.41,2,0,16,19,6,136.29,4,37,0,2,96.40,0.00,0.50,0.00,0,2.00,6,1195.89,0,1,6,org.apache.lucene.search.Cache,0.00,17,1,7,0,17,1,0,4,213,2
"org.apache.lucene.search.FieldCacheImpl$DoubleCache",2,0.00,6.00,39,0.56,46029.22,2,0,16,19,7,138.54,3,56,0,2,88.54,0.00,0.50,0.00,0,2.00,11,1690.37,0,1,7,org.apache.lucene.search.Cache,0.00,17,1,12,0,17,1,0,3,285,2
"org.apache.lucene.search.FieldCacheImpl$Entry",3,0.25,3.00,17,0.18,5360.48,5,2,16,7,1,169.06,5,26,0,1,119.06,0.00,0.00,0.67,0,1.00,6,533.47,0,0,1,java.lang.Object,0.00,4,0,9,0,4,3,0,5,127,1
"org.apache.lucene.search.FieldCacheImpl$FloatCache",2,0.00,6.00,39,0.55,45394.98,2,0,16,19,6,138.59,3,56,0,2,88.59,0.00,0.50,0.00,0,2.00,11,1660.38,0,1,6,org.apache.lucene.search.Cache,0.00,17,1,12,0,17,1,0,3,281,2
"org.apache.lucene.search.FieldCacheImpl$IndexReader.ReaderClosedListener",1,0.00,1.00,3,0.02,184.66,1,0,16,2,2,185.36,1,4,0,1,135.36,0.00,0.00,0.00,0,1.00,1,69.28,0,0,2,java.lang.Object,0.00,1,0,1,0,1,1,0,1,21,0
"org.apache.lucene.search.FieldCacheImpl$IntCache",2,0.00,6.00,39,0.55,46220.02,2,0,16,19,6,138.52,3,56,0,2,88.52,0.00,0.50,0.00,0,2.00,11,1654.82,0,1,6,org.apache.lucene.search.Cache,0.00,17,1,12,0,17,1,0,3,281,2
"org.apache.lucene.search.FieldCacheImpl$LongCache",2,0.00,6.00,38,0.55,44847.42,2,0,16,19,7,138.63,3,55,0,2,88.63,0.00,0.50,0.00,0,2.00,11,1654.27,0,1,7,org.apache.lucene.search.Cache,0.00,17,1,12,0,17,1,0,3,280,2
"org.apache.lucene.search.FieldCacheImpl$SegmentReader.CoreClosedListener",1,0.00,1.00,3,0.02,184.66,1,0,16,2,2,185.36,1,4,0,1,135.36,0.00,0.00,0.00,0,1.00,1,69.28,0,0,2,java.lang.Object,0.00,1,0,1,0,1,1,0,1,21,0
"org.apache.lucene.search.FieldCacheImpl$ShortCache",2,0.00,4.50,33,0.47,35109.98,2,0,16,19,7,92.31,1,46,0,2,92.31,0.00,0.50,0.00,0,2.00,8,1424.73,0,1,7,org.apache.lucene.search.Cache,0.00,17,1,9,0,17,1,0,1,244,2
"org.apache.lucene.search.FieldCacheImpl$StopFillCacheException",0,0.00,0.00,1,0.01,49.13,0,0,16,0,0,171.00,0,2,0,2,171.00,0.00,0.50,0.00,0,0.00,0,19.65,0,0,0,java.lang.RuntimeException,0.00,0,1,0,0,0,0,0,0,7,2
"org.apache.lucene.search.FieldCacheImpl$StringCache",2,0.00,2.50,24,0.33,21278.16,2,0,16,15,6,138.71,4,33,0,2,98.82,0.00,0.50,0.00,0,2.00,4,982.71,0,1,6,org.apache.lucene.search.Cache,0.00,13,1,5,0,13,1,0,4,178,2
"org.apache.lucene.search.FieldCacheImpl$StringIndexCache",2,0.00,3.00,31,0.47,47246.62,2,0,16,17,6,74.56,11,40,0,2,92.44,0.00,0.50,0.00,0,2.00,5,1420.82,0,1,6,org.apache.lucene.search.Cache,0.00,15,1,6,0,15,1,0,11,245,2
"org.apache.lucene.search.FieldCacheRangeFilter",24,0.05,1.75,76,1.26,51051.40,30,6,4,39,8,127.10,102,98,3,2,126.87,0.00,0.50,0.12,7,152.00,10,3794.41,0,17,5,org.apache.lucene.search.Filter,0.00,15,1,42,0,15,7,0,23,833,2
"org.apache.lucene.search.FieldCacheRangeFilter$FieldCacheRangeFilter<Byte>",1,0.00,8.00,18,0.30,22363.51,1,0,4,3,4,89.45,0,25,0,1,89.45,0.00,0.00,0.00,0,0.00,8,905.97,0,1,4,java.lang.Object,0.00,2,0,8,0,2,0,0,0,165,0
"org.apache.lucene.search.FieldCacheRangeFilter$FieldCacheRangeFilter<Byte>$FieldCacheDocIdSet_0",1,0.00,1.00,3,0.04,736.73,1,0,4,1,0,130.62,0,5,0,1,130.62,0.00,0.00,0.00,0,1.00,1,107.52,0,0,0,java.lang.Object,0.00,0,0,1,0,0,1,0,0,28,0
"org.apache.lucene.search.FieldCacheRangeFilter$FieldCacheRangeFilter<Double>",1,0.00,8.00,20,0.36,26877.56,1,0,4,6,5,127.00,2,27,0,1,87.11,0.00,0.00,0.00,0,0.00,8,1086.36,0,1,5,java.lang.Object,0.00,5,0,8,0,5,0,0,2,191,0
"org.apache.lucene.search.FieldCacheRangeFilter$FieldCacheRangeFilter<Double>$FieldCacheDocIdSet_5",1,0.00,1.00,3,0.04,736.73,1,0,4,1,0,130.62,0,5,0,1,130.62,0.00,0.00,0.00,0,1.00,1,107.52,0,0,0,java.lang.Object,0.00,0,0,1,0,0,1,0,0,28,0
"org.apache.lucene.search.FieldCacheRangeFilter$FieldCacheRangeFilter<Float>",1,0.00,8.00,20,0.36,26877.56,1,0,4,6,5,127.00,2,27,0,1,87.11,0.00,0.00,0.00,0,0.00,8,1086.36,0,1,5,java.lang.Object,0.00,5,0,8,0,5,0,0,2,191,0
"org.apache.lucene.search.FieldCacheRangeFilter$FieldCacheRangeFilter<Float>$FieldCacheDocIdSet_4",1,0.00,1.00,3,0.04,736.73,1,0,4,1,0,130.62,0,5,0,1,130.62,0.00,0.00,0.00,0,1.00,1,107.52,0,0,0,java.lang.Object,0.00,0,0,1,0,0,1,0,0,28,0
"org.apache.lucene.search.FieldCacheRangeFilter$FieldCacheRangeFilter<Integer>",1,0.00,8.00,18,0.29,20554.25,1,0,4,3,4,89.73,0,25,0,1,89.73,0.00,0.00,0.00,0,0.00,8,860.82,0,1,4,java.lang.Object,0.00,2,0,8,0,2,0,0,0,157,0
"org.apache.lucene.search.FieldCacheRangeFilter$FieldCacheRangeFilter<Integer>$FieldCacheDocIdSet_2",1,0.00,1.00,3,0.04,736.73,1,0,4,1,0,130.62,0,5,0,1,130.62,0.00,0.00,0.00,0,1.00,1,107.52,0,0,0,java.lang.Object,0.00,0,0,1,0,0,1,0,0,28,0
"org.apache.lucene.search.FieldCacheRangeFilter$FieldCacheRangeFilter<Long>",1,0.00,8.00,18,0.29,20554.25,1,0,4,3,4,89.73,0,25,0,1,89.73,0.00,0.00,0.00,0,0.00,8,860.82,0,1,4,java.lang.Object,0.00,2,0,8,0,2,0,0,0,157,0
"org.apache.lucene.search.FieldCacheRangeFilter$FieldCacheRangeFilter<Long>$FieldCacheDocIdSet_3",1,0.00,1.00,3,0.04,736.73,1,0,4,1,0,130.62,0,5,0,1,130.62,0.00,0.00,0.00,0,1.00,1,107.52,0,0,0,java.lang.Object,0.00,0,0,1,0,0,1,0,0,28,0
"org.apache.lucene.search.FieldCacheRangeFilter$FieldCacheRangeFilter<Short>",1,0.00,8.00,18,0.30,22070.83,1,0,4,3,4,89.49,0,25,0,1,89.49,0.00,0.00,0.00,0,0.00,8,894.68,0,1,4,java.lang.Object,0.00,2,0,8,0,2,0,0,0,163,0
"org.apache.lucene.search.FieldCacheRangeFilter$FieldCacheRangeFilter<Short>$FieldCacheDocIdSet_1",1,0.00,1.00,3,0.04,736.73,1,0,4,1,0,130.62,0,5,0,1,130.62,0.00,0.00,0.00,0,1.00,1,107.52,0,0,0,java.lang.Object,0.00,0,0,1,0,0,1,0,0,28,0
"org.apache.lucene.search.FieldCacheRangeFilter$FieldCacheRangeFilter<String>",1,0.00,8.00,27,0.36,27055.14,1,0,4,5,3,82.46,4,32,0,1,82.23,0.00,0.00,0.00,0,0.00,8,1091.83,0,1,3,java.lang.Object,0.00,4,0,8,0,4,0,0,4,197,0
"org.apache.lucene.search.FieldCacheRangeFilter$FieldCacheRangeFilter<String>$FieldCacheDocIdSet",1,0.00,1.00,3,0.04,1165.27,1,0,4,1,0,129.05,0,5,0,1,129.05,0.00,0.00,0.00,0,1.00,1,134.59,0,0,0,java.lang.Object,0.00,0,0,1,0,0,1,0,0,33,0
"org.apache.lucene.search.FieldCacheTermsFilter",3,0.25,1.67,19,0.20,6941.52,5,2,4,8,8,162.63,70,23,2,2,115.36,1.00,0.33,0.33,1,4.00,3,593.68,0,1,6,org.apache.lucene.util.Filter,0.00,5,1,5,1,5,2,0,2,128,1
"org.apache.lucene.search.FieldCacheTermsFilter$FieldCacheDocIdSet",1,0.00,1.00,3,0.03,521.98,1,0,4,2,0,131.80,0,5,0,1,131.80,0.00,0.00,0.00,0,1.00,1,103.35,0,0,0,java.lang.Object,0.00,1,0,1,0,1,1,0,0,27,0
"org.apache.lucene.search.FieldComparator",10,0.00,1.70,43,0.60,25432.63,10,0,12,12,40,111.25,154,58,37,1,121.60,0.00,0.00,0.00,1,10.00,5,1810.23,0,0,3,java.lang.Object,0.00,2,0,17,12,2,10,0,22,395,2
"org.apache.lucene.search.FieldComparator$ByteComparator",7,0.12,1.29,28,0.38,9045.71,11,4,12,10,1,123.98,6,44,0,2,123.98,0.00,0.50,0.36,0,0.00,2,1125.68,1,1,1,org.apache.lucene.search.NumericComparator,0.00,3,1,9,0,3,6,0,6,252,3
"org.apache.lucene.search.FieldComparator$DocComparator",7,0.06,1.00,18,0.20,3787.04,10,3,12,8,2,138.25,5,32,0,2,138.25,0.00,0.50,0.38,0,0.00,1,605.66,0,1,2,org.apache.lucene.search.FieldComparator,0.59,1,1,7,0,1,6,0,5,155,3
"org.apache.lucene.search.FieldComparator$DoubleComparator",7,0.12,1.86,40,0.47,14768.99,11,4,12,10,1,118.61,6,58,0,2,118.61,0.00,0.50,0.36,0,0.00,4,1400.14,1,1,1,org.apache.lucene.search.NumericComparator,0.00,3,1,13,0,3,6,0,6,304,3
"org.apache.lucene.search.FieldComparator$FloatComparator",7,0.12,1.86,40,0.47,14768.99,11,4,12,10,1,168.61,10,58,0,2,118.61,0.00,0.50,0.36,0,0.00,4,1400.14,1,1,1,org.apache.lucene.search.NumericComparator,0.00,3,1,13,0,3,6,0,10,304,3
"org.apache.lucene.search.FieldComparator$IntComparator",7,0.12,1.86,40,0.46,15607.39,11,4,12,10,1,158.30,15,58,0,2,118.42,0.00,0.50,0.36,0,0.00,4,1389.50,1,1,1,org.apache.lucene.search.NumericComparator,0.00,3,1,13,0,3,6,0,15,304,3
"org.apache.lucene.search.FieldComparator$LongComparator",7,0.12,1.86,40,0.47,14768.99,11,4,12,10,1,168.61,10,58,0,2,118.61,0.00,0.50,0.36,0,0.00,4,1400.14,1,1,1,org.apache.lucene.search.NumericComparator,0.00,3,1,13,0,3,6,0,10,304,3
"org.apache.lucene.search.FieldComparator$NumericComparator",2,0.33,2.00,14,0.15,3369.44,5,3,12,3,3,113.91,1,20,0,2,113.91,0.00,0.50,0.50,0,2.00,3,452.36,0,0,3,org.apache.lucene.search.FieldComparator,0.00,1,1,4,0,1,2,0,1,102,3
"org.apache.lucene.search.FieldComparator$RelevanceComparator",9,0.04,1.56,27,0.35,9800.79,12,3,12,13,4,129.18,6,46,0,2,129.18,0.00,0.50,0.30,0,7.00,3,1051.71,0,1,4,org.apache.lucene.search.FieldComparator,0.63,4,1,14,0,4,8,0,6,249,3
"org.apache.lucene.search.FieldComparator$ShortComparator",7,0.12,1.29,28,0.38,9045.71,11,4,12,10,1,123.98,6,44,0,2,123.98,0.00,0.50,0.36,0,0.00,2,1125.68,1,1,1,org.apache.lucene.search.NumericComparator,0.00,3,1,9,0,3,6,0,6,252,3
"org.apache.lucene.search.FieldComparator$StringComparatorLocale",8,0.17,2.12,45,0.47,14029.32,13,5,12,11,2,119.21,0,67,0,2,119.21,0.00,0.50,0.35,0,0.00,4,1408.87,0,1,2,org.apache.lucene.search.FieldComparator,0.56,3,1,17,0,3,7,0,0,318,3
"org.apache.lucene.search.FieldComparator$StringOrdValComparator",11,0.20,2.18,90,0.89,32812.80,22,11,12,13,2,109.77,5,119,0,2,109.77,0.00,0.50,0.27,1,9.00,5,2661.17,1,3,2,org.apache.lucene.search.FieldComparator,0.48,2,1,24,0,2,8,0,5,563,3
"org.apache.lucene.search.FieldComparator$StringValComparator",8,0.07,2.12,44,0.44,13570.08,12,4,12,10,2,119.32,0,66,0,2,119.32,0.00,0.50,0.31,0,0.00,4,1315.13,0,1,2,org.apache.lucene.search.FieldComparator,0.56,2,1,17,0,2,7,0,0,301,3
"org.apache.lucene.search.FieldComparatorSource",1,0.00,1.00,2,0.03,397.73,1,0,2,1,13,128.94,15,4,12,1,139.30,0.00,0.00,0.00,0,1.00,1,98.88,0,0,1,java.lang.Object,0.00,0,0,1,6,0,1,1,2,26,2
"org.apache.lucene.search.FieldDoc",4,1.00,1.25,21,0.22,6678.19,5,1,0,10,15,81.94,50,25,14,2,119.50,1.00,0.33,0.25,0,6.00,2,649.75,1,1,1,org.apache.lucene.search.ScoreDoc,0.29,6,1,5,1,6,3,0,10,148,1
"org.apache.lucene.search.FieldDocSortedHitQueue",5,0.00,3.40,57,0.72,48217.04,8,3,4,14,6,52.39,40,61,2,2,100.50,0.00,0.50,0.33,0,6.00,9,2163.83,1,1,4,org.apache.lucene.util.PriorityQueue,0.00,9,1,17,0,9,4,0,13,417,0
"org.apache.lucene.search.FieldValueFilter",8,0.14,2.62,44,0.45,16540.37,10,2,5,15,7,139.21,31,68,2,2,118.60,0.00,0.50,0.62,0,0.00,8,1360.98,0,3,5,org.apache.lucene.util.Filter,0.00,7,1,21,0,7,5,0,7,304,1
"org.apache.lucene.search.FieldValueFilter$FieldCacheDocIdSet",1,0.00,1.00,3,0.03,457.13,1,0,5,2,0,132.26,0,5,0,1,132.26,0.00,0.00,0.00,0,1.00,1,87.61,0,0,0,java.lang.Object,0.00,1,0,1,0,1,1,0,0,24,0
"org.apache.lucene.search.FieldValueFilter$FieldCacheDocIdSet_0",1,0.00,1.00,3,0.03,379.08,1,0,5,2,0,132.90,0,5,0,1,132.90,0.00,0.00,0.00,0,1.00,1,81.93,0,0,0,java.lang.Object,0.00,1,0,1,0,1,1,0,0,23,0
"org.apache.lucene.search.FieldValueFilter$FilteredDocIdSet",1,0.00,1.00,3,0.03,457.13,1,0,5,2,0,132.26,0,5,0,1,132.26,0.00,0.00,0.00,0,1.00,1,87.61,0,0,0,java.lang.Object,0.00,1,0,1,0,1,1,0,0,24,0
"org.apache.lucene.search.FieldValueHitQueue",7,0.06,1.43,37,0.47,16936.40,10,3,2,12,21,75.91,51,44,17,2,118.20,2.00,0.25,0.29,0,16.00,3,1395.55,0,1,4,org.apache.lucene.util.PriorityQueue,0.00,5,1,10,2,5,6,0,14,300,2
"org.apache.lucene.search.FieldValueHitQueue$Entry",2,1.00,1.00,7,0.07,911.22,3,1,2,2,1,132.27,0,11,0,2,132.27,0.00,0.50,0.50,0,2.00,1,197.96,1,1,1,org.apache.lucene.search.ScoreDoc,0.40,0,1,2,0,0,1,0,0,53,2
"org.apache.lucene.search.FieldValueHitQueue$MultiComparatorsFieldValueHitQueue",2,0.00,3.00,24,0.29,15928.60,2,0,2,3,2,149.77,2,26,0,3,99.77,0.00,0.67,0.00,0,0.00,3,883.24,1,0,2,org.apache.lucene.search.FieldValueHitQueue,0.00,1,2,6,0,1,2,0,2,179,3
"org.apache.lucene.search.FieldValueHitQueue$OneComparatorFieldValueHitQueue",2,1.00,2.00,18,0.24,8513.42,4,2,2,4,3,127.28,7,24,0,3,106.67,0.00,0.67,1.00,0,0.00,2,731.49,1,0,3,org.apache.lucene.search.FieldValueHitQueue,0.00,2,2,4,0,2,2,0,2,156,3
"org.apache.lucene.search.Filter",1,0.00,1.00,2,0.02,192.67,1,0,3,1,70,191.77,25,3,67,1,141.78,0.00,0.00,0.00,0,1.00,1,69.76,0,1,3,java.lang.Object,0.00,0,0,1,24,0,0,1,2,21,2
"org.apache.lucene.search.FilterClause",6,0.00,1.33,19,0.20,6008.87,8,2,2,10,4,150.12,19,32,3,1,129.51,0.00,0.00,0.50,1,2.00,3,602.76,0,3,1,java.lang.Object,0.00,4,0,8,0,4,3,0,4,150,2
"org.apache.lucene.search.FilteredDocIdSet",4,0.33,1.25,12,0.09,2177.40,5,1,1,7,11,83.50,33,19,8,2,131.61,1.00,0.33,0.75,0,0.00,2,283.42,0,0,3,org.apache.lucene.search.DocIdSet,0.00,3,1,5,1,3,4,0,5,77,2
"org.apache.lucene.search.FilteredDocIdSet$FilteredDocIdSetIterator",1,0.00,1.00,3,0.03,479.41,1,0,1,2,1,132.09,0,5,0,1,132.09,0.00,0.00,0.00,0,1.00,1,95.61,0,0,1,java.lang.Object,0.00,1,0,1,0,1,1,0,0,26,0
"org.apache.lucene.search.FilteredDocIdSetIterator",5,0.12,2.40,27,0.23,7360.17,7,2,1,7,3,140.39,16,42,2,2,119.78,1.00,0.33,0.60,1,0.00,5,683.82,0,0,1,org.apache.lucene.search.DocIdSetIterator,0.75,2,1,12,1,2,5,0,3,163,2
"org.apache.lucene.search.FilteredQuery",10,0.00,1.40,49,0.57,17797.91,12,2,5,30,22,123.10,40,72,12,2,122.87,0.00,0.50,0.50,1,0.00,3,1696.86,2,4,10,org.apache.lucene.search.Query,0.17,20,1,14,0,20,6,0,12,382,1
"org.apache.lucene.search.FilteredQuery$Scorer",6,0.10,2.33,42,0.36,14237.27,8,2,5,12,2,112.70,4,53,0,1,112.70,0.00,0.00,0.42,1,6.00,5,1083.09,0,0,2,java.lang.Object,0.00,6,0,14,0,6,6,0,4,244,0
"org.apache.lucene.search.FilteredQuery$Weight",7,0.83,1.43,28,0.36,11803.03,8,1,5,19,8,173.05,9,40,0,1,123.05,0.00,0.00,0.29,0,18.00,4,1071.48,0,2,8,java.lang.Object,0.00,12,0,10,0,12,5,0,9,230,0
"org.apache.lucene.search.FilteredTermEnum",9,0.06,1.89,34,0.31,9488.96,11,2,3,13,23,169.14,23,49,21,2,129.25,9.00,0.09,0.44,2,4.00,6,941.68,0,1,2,org.apache.lucene.index.TermEnum,0.62,4,1,17,9,4,8,0,13,226,2
"org.apache.lucene.search.FuzzyLikeThisQuery",9,0.16,4.33,141,2.08,146710.03,17,8,13,60,15,61.40,58,193,3,2,93.62,0.00,0.50,0.26,1,2.00,12,6234.60,1,2,12,org.apache.lucene.search.Query,0.09,51,1,39,0,51,7,0,32,1079,1
"org.apache.lucene.search.FuzzyLikeThisQuery$FieldVals",3,1.00,5.33,32,0.42,20772.02,7,4,13,7,0,103.07,0,52,0,1,103.07,0.00,0.00,0.92,0,0.00,12,1256.70,0,0,0,java.lang.Object,0.00,4,0,16,0,4,3,0,0,266,0
"org.apache.lucene.search.FuzzyLikeThisQuery$FuzzyTermQuery",2,1.00,1.00,9,0.07,1130.62,3,1,13,3,3,126.87,0,17,0,3,126.87,0.00,0.67,0.00,0,2.00,1,204.14,1,0,3,org.apache.lucene.search.TermQuery,0.13,1,2,2,0,1,2,0,0,55,2
"org.apache.lucene.search.FuzzyLikeThisQuery$FuzzyTermQuery$SimilarityDelegator",2,0.00,1.50,7,0.05,820.89,2,0,13,2,0,182.53,2,15,0,1,132.53,0.00,0.00,0.00,0,2.00,2,160.88,1,0,0,java.lang.Object,0.00,0,0,3,0,0,2,0,2,44,0
"org.apache.lucene.search.FuzzyLikeThisQuery$ScoreTerm",1,3.00,1.00,8,0.06,948.88,4,3,13,1,1,113.87,0,10,0,1,113.87,0.00,0.00,0.00,0,1.00,1,171.73,0,0,1,java.lang.Object,0.00,0,0,1,0,0,1,0,0,47,2
"org.apache.lucene.search.FuzzyLikeThisQuery$ScoreTermQueue",2,0.00,1.50,5,0.09,2781.31,2,0,13,3,1,184.93,3,12,0,2,134.93,0.00,0.50,0.00,0,2.00,2,259.43,1,0,1,org.apache.lucene.util.PriorityQueue,0.00,1,1,3,0,1,2,0,1,64,2
"org.apache.lucene.search.FuzzyLikeThisQueryTest",7,0.21,1.00,74,1.25,34715.09,11,4,11,33,13,104.60,4,89,0,2,104.60,0.00,0.50,0.43,1,0.00,1,3740.44,2,0,13,org.apache.lucene.util.LuceneTestCase,0.00,26,1,7,0,26,7,0,4,689,1
"org.apache.lucene.search.FuzzyQuery",11,0.14,2.45,62,0.83,30822.35,18,7,4,28,22,117.81,53,95,16,3,117.57,0.00,0.67,0.27,0,21.00,9,2500.22,4,3,7,org.apache.lucene.search.MultiTermQuery,0.09,17,2,27,0,17,8,0,9,527,1
"org.apache.lucene.search.FuzzyTermEnum",9,0.16,2.67,84,1.33,140719.34,19,10,3,22,5,82.01,132,102,2,3,102.15,0.00,0.67,0.24,1,10.00,11,3999.48,2,0,4,org.apache.lucene.search.FilteredTermEnum,0.41,13,2,24,0,13,9,0,44,754,2
"org.apache.lucene.search.HitQueue",3,1.00,1.67,9,0.13,4048.54,4,1,1,4,8,108.29,43,18,6,2,128.44,0.00,0.50,0.33,0,4.00,2,396.56,1,1,2,org.apache.lucene.util.PriorityQueue,0.12,1,1,5,0,1,2,0,5,96,1
"org.apache.lucene.search.IndexSearcher",36,0.01,1.75,220,2.86,152690.55,45,9,22,78,240,65.17,288,288,218,2,113.28,4.00,0.17,0.12,5,278.00,7,8565.08,3,6,22,Searcher,0.00,42,1,63,4,42,30,0,51,1690,1
"org.apache.lucene.search.IndexSearcher$Callable<Integer>",1,0.00,1.00,3,0.03,323.26,1,0,22,3,0,133.44,0,4,0,1,133.44,0.00,0.00,0.00,0,1.00,1,88.18,0,1,0,java.lang.Object,0.00,2,0,1,0,2,0,0,0,25,0
"org.apache.lucene.search.IndexSearcher$MultiSearcherCallableNoSort",2,0.71,2.50,34,0.35,13310.06,9,7,22,6,5,134.67,4,40,0,1,94.78,0.00,0.00,0.50,0,2.00,4,1063.16,0,0,5,java.lang.Object,0.00,4,0,5,0,4,2,1,4,215,3
"org.apache.lucene.search.IndexSearcher$MultiSearcherCallableWithSort",3,0.31,2.33,47,0.62,28294.60,11,8,22,14,7,116.25,11,52,0,1,95.64,0.00,0.00,0.33,0,5.00,5,1852.15,0,1,7,java.lang.Object,0.00,11,0,7,0,11,2,1,5,345,3
"org.apache.lucene.search.IndexSearcher$MultiSearcherCallableWithSort$ExecutionHelper",6,0.20,1.50,21,0.22,4174.99,8,2,22,13,1,130.72,1,34,0,1,130.72,0.00,0.00,0.33,2,6.00,4,654.18,0,1,1,java.lang.Object,0.00,7,0,9,0,7,5,2,1,157,3
"org.apache.lucene.search.IndexSearcher$MultiSearcherCallableWithSort$FakeScorer",6,0.40,1.00,15,0.10,1207.84,8,2,22,7,1,141.63,0,27,0,3,141.63,0.00,0.67,0.17,0,14.00,1,297.76,0,0,1,org.apache.lucene.search.Scorer,0.79,1,2,6,0,1,6,0,0,88,2
"org.apache.lucene.search.JustCompileSearch",0,0.00,0.00,21,0.30,5580.91,1,1,8,0,7,171.00,7,34,0,1,171.00,0.00,0.00,0.00,0,0.00,0,909.93,0,0,7,java.lang.Object,0.00,0,0,0,0,0,0,0,1,156,1
"org.apache.lucene.search.JustCompileSearch$JustCompileCollector",4,0.00,1.00,9,0.10,1274.88,4,0,8,5,3,140.06,0,19,0,2,140.06,0.00,0.50,0.00,0,0.00,1,297.24,0,0,3,org.apache.lucene.search.Collector,0.50,1,1,4,0,1,4,0,0,77,2
"org.apache.lucene.search.JustCompileSearch$JustCompileDocIdSet",1,0.00,1.00,3,0.03,333.41,1,0,8,2,2,133.33,0,6,0,2,133.33,0.00,0.50,0.00,0,0.00,1,80.57,0,1,2,org.apache.lucene.search.DocIdSet,0.00,1,1,1,0,1,0,0,0,23,2
"org.apache.lucene.search.JustCompileSearch$JustCompileDocIdSetIterator",3,0.00,1.00,7,0.07,905.87,3,0,8,4,1,140.24,0,14,0,2,140.24,0.00,0.50,0.00,0,0.00,1,201.08,0,0,1,org.apache.lucene.search.DocIdSetIterator,1.00,1,1,3,0,1,3,0,0,55,2
"org.apache.lucene.search.JustCompileSearch$JustCompileExtendedFieldCacheDoubleParser",1,0.00,1.00,3,0.03,225.40,1,0,8,2,0,134.67,0,5,0,1,134.67,0.00,0.00,0.00,0,0.00,1,75.13,0,0,0,java.lang.Object,0.00,1,0,1,0,1,1,1,0,22,2
"org.apache.lucene.search.JustCompileSearch$JustCompileExtendedFieldCacheLongParser",1,0.00,1.00,3,0.03,225.40,1,0,8,2,0,134.67,0,5,0,1,134.67,0.00,0.00,0.00,0,0.00,1,75.13,0,0,0,java.lang.Object,0.00,1,0,1,0,1,1,1,0,22,2
"org.apache.lucene.search.JustCompileSearch$JustCompileFieldComparator",6,0.00,1.00,13,0.15,2074.55,6,0,8,7,2,139.78,0,27,0,2,139.78,0.00,0.50,0.00,0,0.00,1,459.06,0,1,2,org.apache.lucene.search.FieldComparator,0.62,1,1,6,0,1,5,0,0,118,2
"org.apache.lucene.search.JustCompileSearch$JustCompileFieldComparatorSource",1,0.00,1.00,3,0.04,535.66,1,0,8,2,2,131.71,0,7,0,2,131.71,0.00,0.50,0.00,0,0.00,1,125.07,0,1,2,org.apache.lucene.search.FieldComparatorSource,0.00,1,1,1,0,1,0,0,0,31,2
"org.apache.lucene.search.JustCompileSearch$JustCompileFilter",1,0.00,1.00,3,0.03,277.57,1,0,8,1,3,173.85,2,6,0,2,133.96,0.00,0.50,0.00,0,1.00,1,76.76,0,1,3,org.apache.lucene.search.Filter,0.00,0,1,1,0,0,0,0,2,22,2
"org.apache.lucene.search.JustCompileSearch$JustCompileFilteredDocIdSet",2,0.00,1.00,5,0.04,367.80,2,0,8,3,2,141.94,0,9,0,3,141.94,0.00,0.67,0.00,0,2.00,1,110.57,0,0,2,org.apache.lucene.search.FilteredDocIdSet,0.50,1,2,2,0,1,2,0,0,33,2
"org.apache.lucene.search.JustCompileSearch$JustCompileFilteredDocIdSetIterator",2,0.00,1.00,5,0.04,367.80,2,0,8,3,2,141.94,0,9,0,3,141.94,0.00,0.67,0.00,0,2.00,1,110.57,0,0,2,org.apache.lucene.search.FilteredDocIdSetIterator,0.30,1,2,2,0,1,2,0,0,33,2
"org.apache.lucene.search.JustCompileSearch$JustCompileFilteredTermEnum",3,0.00,1.00,7,0.06,714.39,3,0,8,4,2,141.05,0,14,0,3,141.05,0.00,0.67,0.00,0,0.00,1,180.95,0,0,2,org.apache.lucene.search.FilteredTermEnum,0.38,1,2,3,0,1,3,0,0,51,2
"org.apache.lucene.search.JustCompileSearch$JustCompilePhraseScorer",2,0.00,1.00,5,0.06,640.43,2,0,8,3,3,140.04,0,10,0,4,140.04,0.00,0.75,0.00,0,2.00,1,171.38,0,0,3,org.apache.lucene.search.PhraseScorer,0.17,1,3,2,0,1,2,0,0,46,2
"org.apache.lucene.search.JustCompileSearch$JustCompileQuery",1,0.00,1.00,3,0.03,325.43,1,0,8,2,1,133.42,0,6,0,2,133.42,0.00,0.50,0.00,0,0.00,1,78.86,0,1,1,org.apache.lucene.search.Query,0.00,1,1,1,0,1,0,0,0,23,2
"org.apache.lucene.search.JustCompileSearch$JustCompileScorer",6,0.00,1.00,13,0.13,1706.94,6,0,8,7,3,140.45,0,26,0,3,140.45,0.00,0.67,0.00,0,0.00,1,385.45,0,0,3,org.apache.lucene.search.Scorer,0.63,1,2,6,0,1,6,0,0,103,2
"org.apache.lucene.search.JustCompileSearch$JustCompileSearcher",20,0.00,1.00,41,0.55,7263.39,20,0,8,21,13,139.61,0,88,0,2,139.61,0.00,0.50,0.00,0,0.00,1,1643.51,0,12,13,Searcher,0.00,1,1,20,0,1,8,0,0,399,2
"org.apache.lucene.search.JustCompileSearch$JustCompileSimilarity",6,0.00,1.00,13,0.14,1740.73,6,0,8,7,2,140.38,0,26,0,2,140.38,0.00,0.50,0.00,0,0.00,1,411.63,0,0,2,org.apache.lucene.search.Similarity,0.40,1,1,6,0,1,6,0,0,109,2
"org.apache.lucene.search.JustCompileSearch$JustCompileSpanFilter",2,0.00,1.00,5,0.05,601.57,2,0,8,3,4,140.26,0,10,0,3,140.26,0.00,0.67,0.00,0,2.00,1,148.76,0,2,4,org.apache.lucene.search.SpanFilter,0.00,1,2,2,0,1,0,0,0,40,2
"org.apache.lucene.search.JustCompileSearch$JustCompileTopDocsCollector",8,0.00,1.00,17,0.18,2266.05,8,0,8,9,6,140.46,0,34,0,3,140.46,0.00,0.67,0.00,0,0.00,1,537.21,0,3,6,org.apache.lucene.search.TopDocsCollector,0.75,1,2,8,0,1,5,0,0,141,2
"org.apache.lucene.search.JustCompileSearch$JustCompileWeight",6,0.00,1.00,13,0.14,1807.41,6,0,8,7,5,140.25,0,27,0,2,140.25,0.00,0.50,0.00,0,0.00,1,418.72,0,3,5,org.apache.lucene.search.Weight,0.62,1,1,6,0,1,3,0,0,109,2
"org.apache.lucene.search.MatchAllDocsQuery",7,1.00,1.14,22,0.22,4385.58,8,1,6,14,52,181.15,7,35,46,2,131.15,0.00,0.50,0.00,0,7.00,2,674.56,1,2,6,org.apache.lucene.search.Query,0.19,7,1,8,0,7,5,0,2,169,1
"org.apache.lucene.search.MatchAllDocsQuery$MatchAllDocsWeight",8,0.14,1.25,26,0.29,5617.54,11,3,6,15,8,130.74,1,46,0,2,130.74,0.00,0.50,0.21,0,26.00,2,859.93,0,4,8,org.apache.lucene.search.Weight,0.53,7,1,10,0,7,4,0,1,206,1
"org.apache.lucene.search.MatchAllDocsQuery$MatchAllScorer",5,0.19,1.60,18,0.23,4606.63,9,4,6,11,5,129.75,0,29,0,3,129.75,0.00,0.67,0.40,0,4.00,2,700.09,0,0,5,org.apache.lucene.search.Scorer,0.67,6,2,8,0,6,5,0,0,163,1
"org.apache.lucene.search.MockFilter",3,0.00,1.00,9,0.06,664.83,4,1,3,5,5,134.73,0,14,1,2,134.73,0.00,0.50,1.00,0,0.00,1,177.45,0,1,4,org.apache.lucene.search.Filter,0.00,2,1,3,0,2,2,0,0,50,1
"org.apache.lucene.search.MultiCollector",6,1.00,3.33,48,0.41,26575.12,7,1,4,12,16,108.56,26,64,13,2,108.32,0.00,0.50,0.00,0,6.00,10,1219.71,0,1,3,org.apache.lucene.search.Collector,0.40,6,1,20,0,6,5,0,6,265,1
"org.apache.lucene.search.MultiCollectorTest",3,0.00,1.67,29,0.35,10564.34,3,0,6,12,4,147.24,8,37,0,2,107.36,0.00,0.50,0.00,0,3.00,2,1041.20,0,0,4,org.apache.lucene.util.LuceneTestCase,0.00,9,1,5,0,9,3,0,8,215,1
"org.apache.lucene.search.MultiCollectorTest$DummyCollector",4,0.00,1.00,14,0.13,1804.77,8,4,6,4,3,132.30,0,24,0,2,132.30,0.00,0.50,0.25,0,12.00,1,377.39,0,0,3,org.apache.lucene.search.Collector,0.50,0,1,4,0,0,4,0,0,97,2
"org.apache.lucene.search.MultiPhraseQuery",15,0.00,2.60,121,1.55,87744.96,19,4,9,44,27,128.04,45,146,17,2,107.43,0.00,0.50,0.25,2,52.00,9,4654.99,1,3,10,org.apache.lucene.search.Query,0.14,29,1,39,0,29,12,0,15,917,1
"org.apache.lucene.search.MultiPhraseQuery$MultiPhraseWeight",7,0.19,3.14,103,1.55,110751.36,13,6,9,40,15,144.92,12,130,0,2,94.92,0.00,0.50,0.33,0,1.00,9,4658.53,0,2,15,org.apache.lucene.search.Weight,0.57,33,1,22,0,33,5,0,12,801,1
"org.apache.lucene.search.MultiTermQuery",10,0.06,1.50,43,0.51,17266.81,14,4,5,18,41,112.60,154,66,36,2,122.96,9.00,0.09,0.20,0,22.00,6,1519.14,1,3,7,org.apache.lucene.search.Query,0.08,8,1,15,9,8,7,0,18,333,2
"org.apache.lucene.search.MultiTermQuery$ConstantScoreAutoRewrite",0,0.00,0.00,1,0.02,186.81,0,0,5,0,1,171.00,0,1,0,4,171.00,0.00,0.75,0.00,0,0.00,0,51.89,0,0,1,org.apache.lucene.search.ConstantScoreAutoRewrite,0.00,0,3,0,0,0,0,0,0,15,2
"org.apache.lucene.search.MultiTermQuery$ConstantScoreAutoRewrite_1",3,0.00,1.00,7,0.05,559.34,3,0,5,4,0,141.89,1,12,0,1,141.89,0.00,0.00,0.00,0,3.00,1,153.84,0,1,0,java.lang.Object,0.00,1,0,3,0,1,2,0,1,44,0
"org.apache.lucene.search.MultiTermQuery$RewriteMethod",2,0.00,1.00,4,0.05,487.22,2,0,5,3,4,180.86,5,6,0,1,140.98,0.00,0.00,0.00,0,2.00,1,137.34,0,2,4,java.lang.Object,0.00,1,0,2,0,1,0,1,2,38,3
"org.apache.lucene.search.MultiTermQuery$RewriteMethod_0",2,0.00,1.00,7,0.07,1568.92,2,0,5,6,5,130.41,1,10,0,1,130.41,0.00,0.00,0.00,0,2.00,1,203.90,0,2,5,java.lang.Object,0.00,4,0,2,0,4,0,0,1,50,0
"org.apache.lucene.search.MultiTermQuery$TopTermsBoostOnlyBooleanQueryRewrite",4,0.00,1.00,11,0.12,1919.04,4,0,5,10,6,188.66,7,19,0,4,138.66,0.00,0.75,0.00,0,4.00,1,371.14,0,1,6,org.apache.lucene.search.TopTermsRewrite,0.62,6,3,4,0,6,3,0,1,92,3
"org.apache.lucene.search.MultiTermQuery$TopTermsScoringBooleanQueryRewrite",4,0.00,1.00,11,0.12,1893.88,4,0,5,9,4,188.70,7,19,0,4,138.70,0.00,0.75,0.00,0,4.00,1,352.43,0,1,4,org.apache.lucene.search.TopTermsRewrite,0.62,5,3,4,0,5,3,0,1,89,3
"org.apache.lucene.search.MultiTermQueryWrapperFilter",7,0.17,2.14,50,0.56,33522.16,8,1,6,25,11,92.45,41,70,5,2,110.32,3.00,0.20,0.86,1,0.00,6,1683.53,0,2,6,org.apache.lucene.util.Filter,0.00,18,1,15,3,18,5,0,8,337,1
"org.apache.lucene.search.MultiThreadTermVectorsReader",5,0.00,2.40,53,0.53,18371.58,9,4,9,21,7,105.42,3,54,1,1,105.42,0.00,0.00,0.25,1,6.00,4,1584.90,0,0,6,java.lang.Object,0.00,16,0,12,0,16,5,1,3,326,0
"org.apache.lucene.search.NGramPhraseQuery",4,0.67,3.00,36,0.47,36731.79,5,1,3,8,6,86.07,20,48,2,3,103.94,0.00,0.67,0.50,0,4.00,7,1415.48,6,1,4,org.apache.lucene.search.PhraseQuery,0.10,4,2,12,0,4,3,0,10,279,1
"org.apache.lucene.search.NRTManager",14,0.06,1.79,82,0.89,26423.34,22,8,18,40,14,76.71,101,122,2,2,119.00,0.00,0.50,0.18,1,74.00,7,2680.06,2,1,12,org.apache.lucene.search.ReferenceManager,0.16,26,1,25,0,26,13,0,15,568,1
"org.apache.lucene.search.NRTManager$TrackingIndexWriter",19,0.39,1.00,56,0.56,8191.92,21,2,18,29,8,139.02,15,76,0,1,139.02,0.00,0.00,0.87,0,0.00,1,1675.01,0,1,8,java.lang.Object,0.00,10,0,19,0,10,18,0,15,417,2
"org.apache.lucene.search.NRTManager$WaitingListener",1,0.00,1.00,2,0.01,52.70,1,0,18,1,0,146.21,0,3,0,1,146.21,0.00,0.00,0.00,0,1.00,1,31.26,0,0,0,,0.00,0,0,1,0,0,1,0,0,12,2
"org.apache.lucene.search.NRTManagerReopenThread",4,0.20,3.50,48,0.55,25631.87,9,5,3,18,3,144.42,90,68,1,2,100.48,0.00,0.50,0.35,0,2.00,9,1637.81,0,0,2,java.lang.Thread,0.00,14,1,14,0,14,4,2,21,314,1
"org.apache.lucene.search.NumericRangeFilter",15,0.00,1.00,31,0.60,17312.17,15,0,3,26,11,103.43,91,67,7,3,135.66,0.00,0.67,0.00,0,33.00,1,1808.22,0,9,5,org.apache.lucene.search.MultiTermQueryWrapperFilter,0.00,11,2,15,0,11,6,0,16,426,2
"org.apache.lucene.search.NumericRangeQuery",20,0.01,1.90,80,1.62,64194.67,31,11,11,38,24,72.30,210,145,15,3,120.78,0.00,0.67,0.10,1,130.00,7,4846.63,4,11,10,org.apache.lucene.search.MultiTermQuery,0.07,18,2,38,0,18,9,0,25,983,2
"org.apache.lucene.search.NumericRangeQuery$NumericRangeTermEnum",7,0.04,5.57,86,1.19,109920.67,11,4,11,28,5,117.92,24,122,0,3,97.31,0.00,0.67,0.21,2,19.00,27,3568.53,1,0,5,org.apache.lucene.search.FilteredTermEnum,0.60,21,2,39,0,21,7,0,19,653,2
"org.apache.lucene.search.NumericRangeQuery$NumericRangeTermEnum$NumericUtils.IntRangeBuilder",1,0.00,1.00,4,0.04,629.26,1,0,11,1,0,126.50,0,6,0,1,126.50,0.00,0.00,0.00,0,0.00,1,113.18,0,0,0,java.lang.Object,0.00,0,0,1,0,0,1,0,0,31,0
"org.apache.lucene.search.NumericRangeQuery$NumericRangeTermEnum$NumericUtils.LongRangeBuilder",1,0.00,1.00,4,0.04,629.26,1,0,11,1,0,126.50,0,6,0,1,126.50,0.00,0.00,0.00,0,0.00,1,113.18,0,0,0,java.lang.Object,0.00,0,0,1,0,0,1,0,0,31,0
"org.apache.lucene.search.PhrasePositions",6,0.28,1.67,45,0.39,7480.84,16,10,2,12,6,115.22,27,57,4,1,114.98,0.00,0.00,0.33,1,0.00,2,1182.46,0,1,2,java.lang.Object,0.00,6,0,10,0,6,5,0,20,265,1
"org.apache.lucene.search.PhraseQuery",13,0.12,2.15,88,1.21,65873.51,18,5,10,37,48,133.24,45,113,40,2,112.62,1.00,0.33,0.31,2,2.00,8,3617.97,2,3,8,org.apache.lucene.search.Query,0.15,24,1,28,1,24,10,0,13,727,1
"org.apache.lucene.search.PhraseQuery$PhraseWeight",8,0.14,2.50,98,1.52,113638.98,14,6,10,38,13,147.83,10,126,0,2,97.83,0.00,0.50,0.29,0,8.00,7,4568.35,0,2,13,org.apache.lucene.search.Weight,0.53,30,1,20,0,30,6,0,10,774,1
"org.apache.lucene.search.PhraseQuery$PostingsAndFreq",4,0.47,5.00,57,0.64,37042.04,9,5,10,10,2,96.64,1,66,0,1,96.64,0.00,0.00,0.55,0,0.00,7,1914.03,0,0,2,java.lang.Object,0.00,6,0,20,0,6,4,1,1,398,1
"org.apache.lucene.search.PhraseQueue",2,0.00,2.50,12,0.14,8137.34,2,0,1,2,3,163.34,2,21,1,2,113.34,0.00,0.50,0.00,0,2.00,4,427.10,1,0,2,org.apache.lucene.util.PriorityQueue,0.00,0,1,5,0,0,2,0,2,102,1
"org.apache.lucene.search.PhraseScorer",9,0.10,1.89,54,0.62,23378.96,14,5,1,14,6,115.17,36,72,2,3,114.94,1.00,0.40,0.29,1,0.00,5,1861.96,1,1,4,org.apache.lucene.search.Scorer,0.68,5,2,17,2,5,8,0,19,392,1
"org.apache.lucene.search.PositiveScoresOnlyCollector",5,0.00,1.20,15,0.16,2692.20,7,2,2,11,4,181.65,7,26,1,2,131.65,0.00,0.50,0.50,0,0.00,2,468.86,0,0,3,org.apache.lucene.index.Collector,0.00,6,1,6,0,6,5,0,3,120,1
"org.apache.lucene.search.PrefixFilter",3,0.00,1.00,11,0.10,2058.03,3,0,1,9,4,180.87,5,14,1,3,130.87,0.00,0.67,0.00,1,4.00,1,285.89,0,2,3,org.apache.lucene.search.MultiTermQueryWrapperFilter,0.30,6,2,3,0,6,1,0,2,76,1
"org.apache.lucene.search.PrefixQuery",6,0.20,2.33,31,0.37,13907.84,7,1,4,17,22,168.23,9,46,16,3,118.23,0.00,0.67,0.83,0,0.00,7,1120.52,3,3,6,org.apache.lucene.search.MultiTermQuery,0.10,11,2,14,0,11,3,0,4,251,1
"org.apache.lucene.search.PrefixTermEnum",5,0.12,1.20,17,0.17,3294.41,7,2,3,10,5,180.96,8,27,2,3,130.96,0.00,0.67,0.40,0,6.00,2,513.11,1,1,3,org.apache.lucene.search.FilteredTermEnum,0.33,5,2,6,0,5,4,0,1,127,1
"org.apache.lucene.search.Query",14,0.77,2.14,81,0.90,48832.84,15,1,5,33,387,84.63,91,100,384,1,116.85,0.00,0.00,0.29,1,38.00,8,2703.23,1,7,6,java.lang.Object,0.00,19,0,30,59,19,7,2,17,560,2
"org.apache.lucene.search.QueryTermVector",10,0.11,2.30,78,0.98,57599.67,12,2,12,35,6,159.67,10,94,1,1,109.67,0.00,0.00,0.40,1,10.00,6,2938.01,0,3,5,java.lang.Object,0.00,25,0,23,0,25,7,1,4,574,1
"org.apache.lucene.search.QueryUtils",13,0.00,3.00,125,2.40,159539.14,13,0,18,72,39,103.19,61,191,22,1,102.95,0.00,0.00,0.00,9,13.00,7,7193.55,0,2,18,java.lang.Object,0.00,59,0,39,0,59,11,0,31,1349,1
"org.apache.lucene.search.QueryUtils$Collector",4,0.11,4.25,42,1.04,76649.95,7,3,18,18,5,149.64,4,67,0,1,99.64,0.00,0.00,0.25,0,6.00,12,3106.23,0,0,5,java.lang.Object,0.00,14,0,17,0,14,4,0,4,509,0
"org.apache.lucene.search.QueryUtils$Collector_0",4,0.50,2.00,33,0.62,28260.00,6,2,18,15,5,106.84,3,43,0,1,106.84,0.00,0.00,0.12,0,6.00,3,1860.71,0,0,5,java.lang.Object,0.00,11,0,8,0,11,4,0,3,336,0
"org.apache.lucene.search.QueryUtils$Query",1,0.00,1.00,3,0.02,200.88,1,0,18,1,0,135.07,0,5,0,1,135.07,0.00,0.00,0.00,0,1.00,1,52.97,0,1,0,java.lang.Object,0.00,0,0,1,0,0,0,0,0,17,0
"org.apache.lucene.search.QueryWrapperFilter",5,0.25,1.20,14,0.15,2862.42,6,1,2,9,23,177.90,13,25,17,2,138.01,0.00,0.50,0.80,1,0.00,2,460.41,0,2,6,org.apache.lucene.search.Filter,0.00,4,1,6,0,4,3,0,2,116,1
"org.apache.lucene.search.QueryWrapperFilter$DocIdSet",2,0.00,1.00,5,0.04,494.19,2,0,2,3,1,140.93,0,7,0,1,140.93,0.00,0.00,0.00,0,2.00,1,122.20,0,1,1,java.lang.Object,0.00,1,0,2,0,1,1,0,0,34,0
"org.apache.lucene.search.ReferenceManager",11,0.13,1.55,51,0.44,13001.22,14,3,4,15,3,106.37,63,72,2,1,124.25,0.00,0.00,0.21,8,32.00,4,1312.29,0,0,1,java.lang.Object,0.00,4,0,17,2,4,11,1,14,299,2
"org.apache.lucene.search.RemoteCachingWrapperFilterHelper",3,1.00,1.67,17,0.18,4883.31,4,1,3,10,5,169.52,4,24,1,2,119.52,0.00,0.50,0.33,0,4.00,3,536.16,0,0,4,RemoteCachingWrapperFilter,0.00,7,1,5,0,7,3,0,1,118,1
"org.apache.lucene.search.RemoteTestCase",3,0.00,2.00,14,0.19,3574.17,4,1,12,11,3,144.77,9,23,3,2,124.16,3.00,0.20,1.00,0,0.00,4,575.37,0,0,0,org.apache.lucene.util.LuceneTestCase,0.00,8,1,6,3,8,3,0,3,127,2
"org.apache.lucene.search.RemoteTestCase$RMIClientSocketFactory",1,0.00,1.00,3,0.03,354.66,1,0,12,2,0,133.12,0,3,0,1,133.12,0.00,0.00,0.00,0,1.00,1,76.53,0,1,0,java.lang.Object,0.00,1,0,1,0,1,0,0,0,22,0
"org.apache.lucene.search.RemoteTestCase$TestRMIServerSocketFactory",1,0.00,1.00,4,0.03,431.51,2,1,12,2,0,127.79,0,6,0,1,127.79,0.00,0.00,1.00,0,0.00,1,101.53,0,1,0,java.lang.Object,0.00,1,0,1,0,1,0,1,0,29,0
"org.apache.lucene.search.ReqExclScorer",6,0.27,2.67,47,0.41,17969.79,9,3,1,12,3,94.00,32,67,1,3,111.87,0.00,0.67,0.56,0,0.00,5,1235.39,0,0,2,org.apache.lucene.search.Scorer,0.63,6,2,16,0,6,6,0,11,283,0
"org.apache.lucene.search.ReqOptSumScorer",5,0.00,1.60,23,0.24,9999.95,7,2,1,9,2,143.05,17,38,1,3,122.44,0.00,0.67,0.50,0,0.00,4,721.20,0,0,1,org.apache.lucene.search.Scorer,0.67,4,2,8,0,4,5,0,4,171,0
"org.apache.lucene.search.ScoreCachingWrappingScorer",8,0.05,1.12,25,0.25,4793.91,11,3,1,13,7,181.30,12,42,4,3,131.30,0.00,0.67,0.38,0,0.00,2,751.70,0,1,3,org.apache.lucene.search.Scorer,0.71,5,2,9,0,5,7,0,2,191,1
"org.apache.lucene.search.ScoreDoc",3,0.00,1.00,12,0.11,1535.57,6,3,0,3,124,79.10,24,17,124,1,127.21,0.00,0.00,0.33,0,4.00,1,339.06,0,1,0,java.lang.Object,0.00,0,0,3,3,0,2,1,8,89,1
"org.apache.lucene.search.Scorer",10,0.50,1.70,42,0.44,12225.72,12,2,2,17,162,74.11,97,61,159,2,124.11,38.00,0.02,0.05,1,26.00,6,1318.24,0,1,5,org.apache.lucene.search.DocIdSetIterator,0.00,7,1,17,38,7,9,0,13,298,2
"org.apache.lucene.search.Scorer$ScorerVisitor",3,0.00,1.00,4,0.06,473.29,3,0,2,3,0,111.40,21,5,0,2,153.69,0.00,0.50,0.00,0,3.00,1,178.89,0,0,0,Scorer>,0.00,0,1,3,0,0,3,0,3,50,3
"org.apache.lucene.search.ScoringRewrite",1,0.00,1.00,11,0.14,4207.77,1,0,4,5,5,153.61,25,16,1,3,103.62,0.00,0.67,0.00,0,1.00,1,433.21,2,0,5,org.apache.lucene.search.TermCollectingRewrite,0.00,4,2,1,0,4,1,0,4,94,2
"org.apache.lucene.search.ScoringRewrite$RewriteMethod",2,0.00,1.50,9,0.10,2856.48,2,0,4,8,5,173.61,3,13,0,1,123.61,0.00,0.00,0.00,0,2.00,2,313.76,0,2,5,java.lang.Object,0.00,6,0,3,0,6,0,0,3,70,0
"org.apache.lucene.search.ScoringRewrite$ScoringRewrite<BooleanQuery>",3,0.00,1.00,9,0.09,1564.99,3,0,4,7,3,131.80,1,14,0,1,131.80,0.00,0.00,0.00,0,3.00,1,277.84,0,2,3,java.lang.Object,0.00,4,0,3,0,4,1,0,1,69,0
"org.apache.lucene.search.ScoringRewrite$TermCollector",1,0.00,1.00,5,0.05,797.99,1,0,4,3,1,122.07,0,6,0,1,122.07,0.00,0.00,0.00,0,1.00,1,145.55,0,0,1,java.lang.Object,0.00,2,0,1,0,2,1,0,0,34,0
"org.apache.lucene.search.SearchEquivalenceTestBase",9,0.10,1.78,86,1.08,43766.70,15,6,15,43,20,88.37,46,90,3,2,106.24,3.00,0.20,0.26,3,18.00,4,3227.54,0,3,17,org.apache.lucene.util.LuceneTestCase,0.00,34,1,16,3,34,6,0,18,611,2
"org.apache.lucene.search.SearcherFactory",1,0.00,1.00,3,0.02,275.49,1,0,6,2,9,183.47,26,5,4,1,133.99,0.00,0.00,0.00,0,1.00,1,61.77,0,1,5,java.lang.Object,0.00,1,0,1,0,1,0,0,3,19,1
"org.apache.lucene.search.SearcherLifetimeManager",6,0.07,2.83,57,0.69,28657.22,9,3,11,29,6,153.46,138,72,1,1,106.19,0.00,0.00,0.39,1,0.00,5,2083.13,0,1,5,java.lang.Object,0.00,23,0,17,0,23,5,1,29,412,1
"org.apache.lucene.search.SearcherLifetimeManager$PruneByAge",2,1.00,1.50,8,0.07,1359.65,3,1,11,3,1,126.14,0,12,0,1,126.14,0.00,0.00,0.50,0,2.00,2,220.94,0,0,1,java.lang.Object,0.00,1,0,3,0,1,2,1,0,56,3
"org.apache.lucene.search.SearcherLifetimeManager$Pruner",1,0.00,1.00,2,0.01,54.79,1,0,11,1,1,128.21,5,3,0,1,146.08,0.00,0.00,0.00,0,1.00,1,36.53,0,0,1,,0.00,0,0,1,0,0,1,0,1,13,1
"org.apache.lucene.search.SearcherLifetimeManager$SearcherTracker",3,0.17,1.67,18,0.17,3079.44,6,3,11,8,1,158.03,6,23,0,1,118.14,0.00,0.00,0.44,0,2.00,3,495.21,0,0,1,java.lang.Object,0.00,5,0,5,0,5,3,2,6,120,2
"org.apache.lucene.search.SearcherManager",8,1.00,1.62,40,0.45,12583.48,9,1,4,18,8,77.35,63,62,2,2,119.64,0.00,0.50,0.12,1,22.00,3,1340.81,3,2,6,org.apache.lucene.search.ReferenceManager,0.00,10,1,13,0,10,6,0,6,298,2
"org.apache.lucene.search.Similarity",19,0.14,1.11,62,0.78,24197.67,25,6,8,31,93,104.98,763,84,89,1,128.73,0.00,0.00,0.04,2,75.00,2,2325.88,0,4,4,java.lang.Object,0.00,12,0,21,13,12,15,1,27,525,2
"org.apache.lucene.search.Similarity$IDFExplanation",2,0.00,1.00,5,0.04,441.31,2,0,8,2,0,141.31,0,9,0,1,141.31,0.00,0.00,0.00,0,2.00,1,118.77,0,1,0,java.lang.Object,0.00,0,0,2,0,0,1,0,0,34,0
"org.apache.lucene.search.Similarity$IDFExplanation_0",2,0.00,1.00,5,0.03,359.83,2,0,8,3,0,142.01,0,9,0,1,142.01,0.00,0.00,0.00,0,2.00,1,94.73,0,1,0,java.lang.Object,0.00,1,0,2,0,1,1,0,0,29,0
"org.apache.lucene.search.SingleDocTestFilter",2,1.00,1.00,8,0.08,1394.58,3,1,4,6,5,126.15,0,12,1,2,126.15,0.00,0.50,0.50,0,2.00,1,232.48,0,1,4,org.apache.lucene.search.Filter,0.00,4,1,2,0,4,1,0,0,58,1
"org.apache.lucene.search.SingleTermEnum",4,0.17,1.25,17,0.13,1934.79,6,2,3,6,5,147.97,13,26,2,3,127.35,0.00,0.67,0.38,0,4.00,2,379.96,1,0,3,org.apache.lucene.search.FilteredTermEnum,0.35,2,2,5,0,2,4,0,2,97,1
"org.apache.lucene.search.SloppyPhraseScorer",21,0.02,4.19,303,3.63,272233.42,30,9,9,69,9,63.31,146,336,2,4,95.53,0.00,0.75,0.13,13,164.00,12,10884.62,0,4,7,org.apache.lucene.search.PhraseScorer,0.09,48,3,88,0,48,17,0,91,2048,1
"org.apache.lucene.search.SloppyPhraseScorer$Comparator<PhrasePositions>",1,0.00,1.00,3,0.03,437.67,1,0,9,1,1,132.40,0,4,0,1,132.40,0.00,0.00,0.00,0,1.00,1,86.26,0,0,1,java.lang.Object,0.00,0,0,1,0,0,1,0,0,25,0
"org.apache.lucene.search.Sort",9,0.25,1.44,32,0.33,10484.43,12,3,2,16,87,84.84,99,45,86,1,128.97,0.00,0.00,0.11,1,18.00,3,988.24,0,2,1,java.lang.Object,0.00,7,0,13,0,7,7,1,12,236,1
"org.apache.lucene.search.SortField",21,0.09,2.67,132,2.34,117475.45,41,20,4,51,96,80.01,146,203,92,1,112.24,0.00,0.00,0.13,1,192.00,16,7025.21,0,5,4,java.lang.Object,0.00,30,0,56,1,30,16,1,47,1338,1
"org.apache.lucene.search.SpanFilter",1,0.00,1.00,2,0.02,132.18,1,0,2,1,7,122.92,14,3,4,2,143.07,3.00,0.20,0.00,0,1.00,1,52.87,0,1,3,org.apache.lucene.search.Filter,0.00,0,1,1,3,0,0,0,2,17,2
"org.apache.lucene.search.SpanFilterResult",3,0.25,1.00,12,0.09,1291.58,5,2,2,3,7,95.58,18,17,6,1,127.80,0.00,0.00,0.33,0,5.00,1,257.40,0,2,1,java.lang.Object,0.00,0,0,3,0,0,1,0,5,69,1
"org.apache.lucene.search.SpanFilterResult$PositionInfo",4,0.00,1.00,12,0.10,1251.72,6,2,2,7,0,183.55,4,18,0,1,133.55,0.00,0.00,0.50,0,0.00,1,286.93,0,1,0,java.lang.Object,0.00,3,0,4,0,3,3,0,1,77,2
"org.apache.lucene.search.SpanFilterResult$StartEnd",3,0.25,1.00,10,0.06,763.50,5,2,2,3,0,174.14,8,15,0,1,134.26,0.00,0.00,0.33,0,5.00,1,167.02,0,0,0,java.lang.Object,0.00,0,0,3,0,0,3,0,2,51,2
"org.apache.lucene.search.SpanQueryFilter",8,0.43,1.25,31,0.39,14978.35,9,1,7,22,10,177.38,14,50,3,3,127.38,0.00,0.67,0.62,2,0.00,3,1163.91,0,4,7,org.apache.lucene.search.SpanFilter,0.00,14,2,10,0,14,4,0,2,249,1
"org.apache.lucene.search.TermCollectingRewrite",3,0.00,1.33,12,0.17,4858.18,3,0,3,9,7,123.20,2,17,3,2,123.20,6.00,0.12,0.00,0,3.00,2,497.96,0,0,4,MultiTermQuery.RewriteMethod,0.00,6,1,4,6,6,3,0,2,107,1
"org.apache.lucene.search.TermCollectingRewrite$TermCollector",1,0.00,1.00,2,0.01,64.83,1,0,3,1,1,195.50,1,3,0,1,145.50,0.00,0.00,0.00,0,1.00,1,43.22,0,0,1,,0.00,0,0,1,0,0,1,0,1,15,1
"org.apache.lucene.search.TermQuery",7,0.50,1.29,25,0.30,8405.01,8,1,9,19,182,178.89,8,39,175,2,128.89,1.00,0.33,0.57,2,3.00,2,898.75,1,3,7,org.apache.lucene.search.Query,0.19,12,1,9,1,12,4,0,6,213,1
"org.apache.lucene.search.TermQuery$TermWeight",8,0.16,2.00,83,1.34,98278.30,15,7,9,42,11,151.34,8,110,0,2,101.34,0.00,0.50,0.29,0,8.00,6,4018.01,0,4,11,org.apache.lucene.search.Weight,0.53,34,1,16,0,34,4,0,8,704,1
"org.apache.lucene.search.TermQuery$TermWeight$ReaderUtil.Gather",1,0.00,2.00,6,0.08,1964.08,1,0,9,3,1,115.88,0,9,0,1,115.88,0.00,0.00,0.00,0,0.00,2,228.87,0,0,1,java.lang.Object,0.00,2,0,2,0,2,1,0,0,51,0
"org.apache.lucene.search.TermRangeFilter",10,0.00,1.00,21,0.20,2683.13,10,0,1,18,14,122.77,54,23,12,3,140.65,0.00,0.67,0.00,0,0.00,1,606.14,0,6,2,org.apache.lucene.search.MultiTermQueryWrapperFilter,0.00,8,2,10,0,8,4,0,11,168,1
"org.apache.lucene.search.TermRangeQuery",12,0.24,3.50,72,0.98,52934.78,18,6,4,23,36,80.76,72,93,31,3,112.99,0.00,0.67,0.39,1,0.00,18,2941.54,3,6,5,org.apache.lucene.search.MultiTermQuery,0.08,11,2,42,0,11,6,0,10,626,1
"org.apache.lucene.search.TermRangeTermEnum",4,0.19,4.25,50,0.68,63895.44,11,7,5,12,5,53.18,46,77,1,3,97.31,0.00,0.67,0.29,0,4.00,11,2049.06,1,0,4,org.apache.lucene.search.FilteredTermEnum,0.35,8,2,17,0,8,4,0,10,403,1
"org.apache.lucene.search.TermScorer",9,0.22,2.22,78,0.85,32052.32,20,11,2,19,6,91.29,49,97,1,3,109.16,0.00,0.67,0.28,1,2.00,4,2545.64,0,1,5,org.apache.lucene.search.Scorer,0.68,10,2,20,0,10,8,0,22,519,1
"org.apache.lucene.search.TermsFilter",4,0.67,2.25,32,0.40,14345.60,5,1,8,17,9,129.75,15,53,4,2,109.13,0.00,0.50,0.50,0,4.00,3,1185.58,0,0,5,org.apache.lucene.util.Filter,0.00,13,1,9,0,13,4,0,3,246,1
"org.apache.lucene.search.TermsFilterTest",3,0.00,1.67,73,1.10,45549.42,3,0,10,26,9,86.47,2,76,0,2,86.47,0.00,0.50,0.00,0,3.00,2,3289.87,0,0,9,org.apache.lucene.util.LuceneTestCase,0.00,23,1,5,0,23,3,0,2,579,1
"org.apache.lucene.search.TestBlockJoin",19,0.00,5.63,680,15.10,2240064.36,19,0,26,105,34,73.30,83,757,0,2,73.07,0.00,0.50,0.00,11,19.00,70,45292.92,0,7,34,org.apache.lucene.util.LuceneTestCase,0.00,86,1,107,0,86,12,0,83,6389,1
"org.apache.lucene.search.TestBoolean2",16,0.06,1.81,183,2.60,131574.98,26,10,18,65,29,151.19,17,222,1,2,101.19,0.00,0.50,0.16,2,52.00,9,7789.94,0,2,28,org.apache.lucene.util.LuceneTestCase,0.00,49,1,29,0,49,14,0,15,1387,1
"org.apache.lucene.search.TestBoolean2$Callback",1,0.00,1.00,2,0.01,52.70,1,0,18,1,1,146.21,0,3,0,1,146.21,0.00,0.00,0.00,0,1.00,1,31.26,0,0,1,,0.00,0,0,1,0,0,1,0,0,12,2
"org.apache.lucene.search.TestBoolean2$DefaultSimilarity",1,0.00,1.00,3,0.03,601.38,1,0,18,1,0,131.32,0,5,0,1,131.32,0.00,0.00,0.00,0,1.00,1,93.95,0,0,0,java.lang.Object,0.00,0,0,1,0,0,1,0,0,26,0
"org.apache.lucene.search.TestBooleanMinShouldMatch",19,0.20,1.63,207,4.00,160727.09,22,3,11,54,15,84.79,112,242,0,2,102.66,0.00,0.50,0.14,2,63.00,8,11994.22,0,0,15,org.apache.lucene.util.LuceneTestCase,0.00,35,1,31,0,35,19,0,111,2277,1
"org.apache.lucene.search.TestBooleanMinShouldMatch$TestBoolean2.Callback",1,0.00,3.00,10,0.12,3530.76,1,0,11,5,2,105.51,0,9,0,1,105.51,0.00,0.00,0.00,0,1.00,3,345.51,0,0,2,java.lang.Object,0.00,4,0,3,0,4,1,0,0,72,0
"org.apache.lucene.search.TestBooleanOr",8,0.33,1.00,74,1.11,32361.15,17,9,8,26,12,127.62,29,93,0,2,107.00,0.00,0.50,0.40,0,4.00,1,3332.09,2,0,12,org.apache.lucene.util.LuceneTestCase,0.00,18,1,8,0,18,8,0,9,702,1
"org.apache.lucene.search.TestBooleanQuery",5,0.00,5.00,168,3.12,223040.37,5,0,17,64,22,117.26,13,187,0,2,77.37,0.00,0.50,0.00,0,5.00,19,9356.72,0,0,22,org.apache.lucene.util.LuceneTestCase,0.00,59,1,25,0,59,5,0,13,1479,1
"org.apache.lucene.search.TestBooleanScorer",3,0.25,2.33,69,1.22,56053.23,5,2,11,32,15,136.37,4,73,0,2,86.37,0.00,0.50,0.33,0,5.00,3,3654.26,0,0,15,org.apache.lucene.util.LuceneTestCase,0.00,29,1,7,0,29,3,0,4,618,1
"org.apache.lucene.search.TestBooleanScorer$Collector",4,1.00,1.00,9,0.08,1001.74,5,1,11,5,2,140.88,0,17,0,1,140.88,0.00,0.00,0.25,0,6.00,1,245.58,0,0,2,java.lang.Object,0.00,1,0,4,0,1,4,0,0,68,0
"org.apache.lucene.search.TestBooleanScorer$Collector_0",4,1.00,1.00,10,0.11,1585.45,5,1,11,7,3,139.31,1,18,0,1,139.31,0.00,0.00,0.00,0,4.00,1,326.79,0,0,3,java.lang.Object,0.00,3,0,4,0,3,4,0,1,84,0
"org.apache.lucene.search.TestCachingCollector",5,0.25,3.20,69,0.86,34496.73,6,1,3,18,3,119.57,19,68,0,2,98.95,0.00,0.50,0.80,0,0.00,4,2572.41,0,0,3,org.apache.lucene.util.LuceneTestCase,0.00,13,1,16,0,13,5,0,19,493,1
"org.apache.lucene.search.TestCachingCollector$Collector",4,1.00,1.00,9,0.09,1066.58,5,1,3,5,2,140.67,0,15,0,1,140.67,0.00,0.00,0.25,0,6.00,1,263.74,0,0,2,java.lang.Object,0.00,1,0,4,0,1,4,0,0,72,0
"org.apache.lucene.search.TestCachingCollector$MockScorer",5,0.00,1.00,11,0.08,896.67,5,0,3,5,1,142.02,0,13,0,3,142.02,0.00,0.67,0.00,0,5.00,1,234.91,0,0,1,org.apache.lucene.search.Scorer,0.67,0,2,5,0,0,5,0,0,69,2
"org.apache.lucene.search.TestCachingCollector$NoOpCollector",5,1.00,1.00,9,0.09,861.68,6,1,3,5,3,153.39,0,16,0,2,153.39,0.00,0.50,0.20,0,8.00,1,256.21,0,0,3,org.apache.lucene.search.Collector,0.44,0,1,5,0,0,5,0,0,74,2
"org.apache.lucene.search.TestCachingSpanFilter",2,0.00,1.50,69,1.16,65960.82,2,0,12,31,17,34.07,22,79,0,2,78.20,0.00,0.50,0.00,0,2.00,2,3470.05,0,1,17,org.apache.lucene.util.LuceneTestCase,0.00,29,1,3,0,29,1,0,22,556,1
"org.apache.lucene.search.TestCachingWrapperFilter",7,0.00,1.29,149,2.34,151668.64,7,0,12,50,22,87.71,33,164,0,2,87.48,0.00,0.50,0.00,1,7.00,2,7021.56,0,1,22,org.apache.lucene.util.LuceneTestCase,0.00,43,1,9,0,43,6,0,33,1198,1
"org.apache.lucene.search.TestCachingWrapperFilter$Filter",1,0.00,1.00,3,0.02,175.12,1,0,12,1,2,135.54,0,5,0,1,135.54,0.00,0.00,0.00,0,1.00,1,54.60,0,1,2,java.lang.Object,0.00,0,0,1,0,0,0,0,0,17,0
"org.apache.lucene.search.TestCachingWrapperFilter$Filter_0",1,0.00,1.00,3,0.02,161.45,1,0,12,2,2,135.81,0,5,0,1,135.81,0.00,0.00,0.00,0,1.00,1,49.51,0,1,2,java.lang.Object,0.00,1,0,1,0,1,0,0,0,16,0
"org.apache.lucene.search.TestCachingWrapperFilter$Filter_0$DocIdSet",1,0.00,1.00,3,0.01,149.03,1,0,12,1,1,136.09,0,5,0,1,136.09,0.00,0.00,0.00,0,1.00,1,44.54,0,1,1,java.lang.Object,0.00,0,0,1,0,0,0,0,0,15,0
"org.apache.lucene.search.TestCachingWrapperFilter$Filter_1",1,0.00,1.00,3,0.03,393.76,1,0,12,3,3,132.77,0,5,0,1,132.77,0.00,0.00,0.00,0,1.00,1,82.23,0,1,3,java.lang.Object,0.00,2,0,1,0,2,0,0,0,23,0
"org.apache.lucene.search.TestComplexExplanations",24,0.00,1.00,138,2.26,78216.94,24,0,2,47,10,117.26,20,180,0,3,117.26,0.50,0.50,0.00,1,128.00,1,6765.70,9,1,10,org.apache.lucene.search.TestExplanations,0.12,23,2,24,1,23,23,0,13,1314,1
"org.apache.lucene.search.TestComplexExplanations$DefaultSimilarity",1,0.00,1.00,3,0.02,200.88,1,0,2,1,0,185.07,1,5,0,1,135.07,0.00,0.00,0.00,0,1.00,1,52.97,0,0,0,java.lang.Object,0.00,0,0,1,0,0,1,0,1,17,0
"org.apache.lucene.search.TestComplexExplanationsOfNonMatches",1,0.00,1.00,3,0.04,549.65,1,0,0,2,3,180.90,24,7,0,4,131.62,0.00,0.75,0.00,0,0.00,1,119.24,0,0,3,org.apache.lucene.search.TestComplexExplanations,0.00,1,3,1,0,1,1,0,3,30,1
"org.apache.lucene.search.TestConstantScoreQuery",3,0.00,2.00,49,0.88,45536.89,3,0,8,31,16,143.00,4,55,0,2,93.00,0.00,0.50,0.00,1,3.00,4,2634.80,0,0,16,org.apache.lucene.util.LuceneTestCase,0.00,28,1,6,0,28,3,0,3,470,1
"org.apache.lucene.search.TestConstantScoreQuery$Collector",4,1.00,1.25,14,0.19,4536.48,5,1,8,9,3,129.10,0,23,0,1,129.10,0.00,0.00,0.00,0,4.00,2,560.09,0,0,3,java.lang.Object,0.00,5,0,5,0,5,4,0,0,127,0
"org.apache.lucene.search.TestConstantScoreQuery$DefaultSimilarity",1,0.00,1.00,3,0.02,200.88,1,0,8,1,0,135.07,0,5,0,1,135.07,0.00,0.00,0.00,0,1.00,1,52.97,0,0,0,java.lang.Object,0.00,0,0,1,0,0,1,0,0,17,0
"org.apache.lucene.search.TestCustomSearcherSort",8,0.07,2.38,89,1.32,59999.94,12,4,15,41,12,59.15,56,111,0,2,101.44,0.00,0.50,0.31,3,0.00,5,3959.02,2,0,12,org.apache.lucene.util.LuceneTestCase,0.00,33,1,19,0,33,8,1,44,735,1
"org.apache.lucene.search.TestCustomSearcherSort$CustomSearcher",3,0.50,1.00,15,0.26,5681.72,4,1,15,8,10,101.25,17,25,0,3,119.12,0.00,0.67,0.67,0,1.00,1,779.83,1,2,10,org.apache.lucene.search.IndexSearcher,0.00,5,2,3,0,5,1,0,3,162,1
"org.apache.lucene.search.TestCustomSearcherSort$RandomGen",2,0.00,1.00,7,0.08,1012.32,4,2,15,6,1,131.91,1,11,0,1,131.91,0.00,0.00,0.50,0,2.00,1,246.16,0,1,1,java.lang.Object,0.00,4,0,2,0,4,1,0,1,62,1
"org.apache.lucene.search.TestDateFilter",2,0.00,1.00,63,1.38,61030.02,2,0,9,21,12,79.58,32,83,0,2,80.05,0.00,0.50,0.00,0,2.00,1,4136.97,0,0,12,org.apache.lucene.util.LuceneTestCase,0.00,19,1,2,0,19,2,0,23,674,1
"org.apache.lucene.search.TestDateSort",4,0.42,1.25,50,0.73,18453.95,8,4,14,26,14,102.08,16,56,0,2,101.84,0.00,0.50,0.56,1,0.00,2,2178.88,2,1,14,org.apache.lucene.util.LuceneTestCase,0.00,22,1,5,0,22,3,0,13,406,1
"org.apache.lucene.search.TestDisjunctionMaxQuery",15,0.16,2.13,257,4.87,235589.15,20,5,11,61,20,112.50,52,340,0,2,91.88,0.00,0.50,0.35,2,0.00,3,14619.15,2,2,20,org.apache.lucene.util.LuceneTestCase,0.00,46,1,32,0,46,13,0,41,2468,1
"org.apache.lucene.search.TestDisjunctionMaxQuery$TestSimilarity",4,0.00,1.25,8,0.08,1227.53,4,0,11,5,2,140.14,1,16,0,3,140.14,0.00,0.67,0.00,0,4.00,2,239.43,0,0,2,org.apache.lucene.search.DefaultSimilarity,0.19,1,2,5,0,1,4,0,1,66,2
"org.apache.lucene.search.TestDocBoost",1,0.00,2.00,34,0.50,24152.22,1,0,8,22,9,29.20,9,36,0,2,79.20,0.00,0.50,0.00,0,1.00,2,1496.39,0,0,9,org.apache.lucene.util.LuceneTestCase,0.00,21,1,2,0,21,1,0,5,251,1
"org.apache.lucene.search.TestDocBoost$Collector",4,0.17,1.00,11,0.11,1635.14,6,2,8,5,2,139.21,0,19,0,1,139.21,0.00,0.00,0.38,0,4.00,1,330.56,0,0,2,java.lang.Object,0.00,1,0,4,0,1,4,0,0,85,0
"org.apache.lucene.search.TestDocIdSet",2,0.00,3.00,38,0.63,25579.87,2,0,12,33,10,130.59,4,45,0,2,90.71,0.00,0.50,0.00,0,2.00,5,1885.52,0,0,10,org.apache.lucene.util.LuceneTestCase,0.00,31,1,6,0,31,2,0,4,328,1
"org.apache.lucene.search.TestDocIdSet$DocIdSet",1,0.00,1.00,3,0.01,138.80,1,0,12,2,1,136.33,0,5,0,1,136.33,0.00,0.00,0.00,0,1.00,1,39.70,0,1,1,java.lang.Object,0.00,1,0,1,0,1,0,0,0,14,0
"org.apache.lucene.search.TestDocIdSet$DocIdSet$DocIdSetIterator",3,0.00,1.67,10,0.09,1823.63,4,1,12,3,0,131.16,0,16,0,1,131.16,0.00,0.00,1.00,0,0.00,2,270.60,0,0,0,java.lang.Object,0.00,0,0,5,0,0,3,0,0,70,0
"org.apache.lucene.search.TestDocIdSet$Filter",1,0.00,1.00,3,0.02,240.44,1,0,12,1,2,134.45,0,5,0,1,134.45,0.00,0.00,0.00,0,1.00,1,65.11,0,1,2,java.lang.Object,0.00,0,0,1,0,0,0,0,0,19,0
"org.apache.lucene.search.TestDocIdSet$Filter_0",1,0.00,1.00,4,0.03,451.71,1,0,12,3,3,127.64,0,6,0,1,127.64,0.00,0.00,0.00,0,1.00,1,84.00,0,1,3,java.lang.Object,0.00,2,0,1,0,2,0,0,0,23,0
"org.apache.lucene.search.TestDocIdSet$Filter_0$DocIdSet_1",1,0.00,1.00,3,0.01,149.03,1,0,12,1,1,136.09,0,5,0,1,136.09,0.00,0.00,0.00,0,1.00,1,44.54,0,1,1,java.lang.Object,0.00,0,0,1,0,0,0,0,0,15,0
"org.apache.lucene.search.TestDocIdSet$Filter_0$FilteredDocIdSet_2",1,0.00,1.00,3,0.02,180.53,1,0,12,1,0,135.43,0,5,0,1,135.43,0.00,0.00,0.00,0,1.00,1,58.21,0,0,0,java.lang.Object,0.00,0,0,1,0,0,1,0,0,18,0
"org.apache.lucene.search.TestDocIdSet$FilteredDocIdSet",1,0.00,1.00,3,0.03,358.99,1,0,12,1,0,183.08,1,5,0,1,133.08,0.00,0.00,0.00,0,1.00,1,78.03,0,0,0,java.lang.Object,0.00,0,0,1,0,0,1,0,1,22,0
"org.apache.lucene.search.TestElevationComparator",4,0.67,1.75,58,1.09,40587.43,5,1,10,35,17,117.18,14,67,0,2,96.57,0.00,0.50,0.50,3,4.00,2,3256.97,0,2,17,org.apache.lucene.util.LuceneTestCase,0.00,31,1,7,0,31,2,0,4,576,1
"org.apache.lucene.search.TestExplanations",24,0.04,1.08,91,1.22,30821.83,32,8,16,50,23,168.59,64,121,3,2,128.70,7.00,0.11,0.08,8,130.00,2,3656.16,2,17,20,org.apache.lucene.util.LuceneTestCase,0.00,26,1,26,7,26,7,0,26,812,1
"org.apache.lucene.search.TestExplanations$ItemizedFilter",3,0.00,1.33,13,0.12,4244.92,3,0,16,3,1,123.66,0,15,0,3,123.66,0.00,0.67,0.00,0,4.00,2,351.62,0,1,1,org.apache.lucene.search.FieldCacheTermsFilter,0.00,0,2,4,0,0,2,0,0,87,2
"org.apache.lucene.search.TestFieldCache",6,0.20,3.83,174,3.22,304564.32,9,3,15,51,9,79.09,4,164,0,2,79.09,0.00,0.50,0.50,0,0.00,9,9670.56,2,0,9,org.apache.lucene.util.LuceneTestCase,0.00,45,1,23,0,45,6,0,4,1575,1
"org.apache.lucene.search.TestFieldCache$Runnable",1,0.00,1.00,4,0.02,141.73,1,0,15,3,0,181.60,1,5,0,1,131.60,0.00,0.00,0.00,0,1.00,1,59.89,0,0,0,java.lang.Object,0.00,2,0,1,0,2,1,0,1,19,0
"org.apache.lucene.search.TestFieldCache$Thread",1,0.00,9.00,31,0.39,31730.22,1,0,15,13,1,119.30,2,35,0,1,79.42,0.00,0.00,0.00,0,0.00,9,1158.56,0,0,1,java.lang.Object,0.00,12,0,9,0,12,1,0,2,198,0
"org.apache.lucene.search.TestFieldCacheRangeFilter",8,0.00,1.12,360,9.76,1347720.35,8,0,9,52,13,68.38,34,375,0,3,68.15,0.00,0.67,0.00,0,0.00,2,29270.83,1,0,13,org.apache.lucene.search.BaseTestRangeFilter,0.00,44,2,9,0,44,8,0,26,4646,1
"org.apache.lucene.search.TestFieldCacheTermsFilter",1,0.00,2.00,35,0.59,32082.57,1,0,8,21,9,45.54,6,35,0,2,77.76,0.00,0.50,0.00,0,1.00,2,1773.42,0,0,9,org.apache.lucene.util.LuceneTestCase,0.00,20,1,2,0,20,1,0,2,290,1
"org.apache.lucene.search.TestFieldValueFilter",3,0.00,4.00,71,0.99,44128.13,3,0,11,29,12,137.07,3,75,0,2,87.07,0.00,0.50,0.00,1,3.00,4,2976.85,0,0,12,org.apache.lucene.util.LuceneTestCase,0.00,26,1,12,0,26,3,0,1,512,1
"org.apache.lucene.search.TestFilteredQuery",11,0.14,1.09,129,2.30,82885.43,16,5,11,45,23,141.49,24,145,0,2,101.60,0.00,0.50,0.33,2,0.00,2,6897.47,2,2,23,org.apache.lucene.util.LuceneTestCase,0.00,34,1,12,0,34,9,0,13,1259,1
"org.apache.lucene.search.TestFilteredQuery$Filter",1,0.00,1.00,6,0.06,1079.33,1,0,11,4,3,118.09,0,8,0,1,118.09,0.00,0.00,0.00,0,1.00,1,166.12,0,1,3,java.lang.Object,0.00,3,0,1,0,3,0,0,0,40,0
"org.apache.lucene.search.TestFilteredQuery$Filter_0",1,0.00,1.00,5,0.05,888.96,1,0,11,4,3,121.71,0,7,0,1,121.71,0.00,0.00,0.00,0,1.00,1,141.98,0,1,3,java.lang.Object,0.00,3,0,1,0,3,0,0,0,35,0
"org.apache.lucene.search.TestFilteredSearch",2,1.00,2.50,39,0.61,17609.77,3,1,15,33,14,112.64,7,44,0,2,92.03,0.00,0.50,0.50,1,2.00,4,1835.64,0,0,14,org.apache.lucene.util.LuceneTestCase,0.00,31,1,5,0,31,2,0,5,321,1
"org.apache.lucene.search.TestFilteredSearch$SimpleDocIdSetFilter",4,0.11,2.25,28,0.31,15822.66,7,3,15,12,4,110.96,0,34,0,2,110.96,0.00,0.50,0.42,0,2.00,5,933.38,0,1,4,org.apache.lucene.search.Filter,0.00,8,1,9,0,8,3,0,0,193,3
"org.apache.lucene.search.TestFuzzyQuery",6,0.00,1.67,265,5.41,1002098.96,6,0,14,33,14,36.23,37,272,0,2,68.45,0.00,0.50,0.00,1,6.00,3,16236.16,0,0,14,org.apache.lucene.util.LuceneTestCase,0.00,27,1,10,0,27,6,0,34,2693,1
"org.apache.lucene.search.TestJoinUtil",5,0.00,6.80,204,4.06,372645.07,5,0,13,68,16,112.32,11,223,0,2,72.43,0.00,0.50,0.00,2,5.00,13,12187.33,0,1,16,org.apache.lucene.util.LuceneTestCase,0.00,63,1,34,0,63,4,0,11,1893,1
"org.apache.lucene.search.TestJoinUtil$Collector",4,1.00,1.00,9,0.07,719.68,5,1,13,5,2,142.01,0,13,0,1,142.01,0.00,0.00,0.25,0,6.00,1,210.63,0,0,2,java.lang.Object,0.00,1,0,4,0,1,4,0,0,60,0
"org.apache.lucene.search.TestJoinUtil$IndexIterationContext",0,0.00,0.00,7,0.16,8271.27,6,6,13,1,0,171.00,0,8,0,1,171.00,0.00,0.00,0.00,0,0.00,0,476.84,0,0,0,java.lang.Object,0.00,1,0,0,0,1,0,0,0,104,2
"org.apache.lucene.search.TestJoinUtil$RandomDoc",1,2.00,1.00,8,0.07,1601.26,4,3,13,2,0,112.08,0,10,0,1,112.08,0.00,0.00,0.33,0,0.00,1,221.01,0,0,0,java.lang.Object,0.00,1,0,1,0,1,1,0,0,55,2
"org.apache.lucene.search.TestLocaleMethods",7,0.53,2.00,87,1.14,38172.21,13,6,13,34,18,121.77,21,91,0,2,101.16,0.00,0.50,0.62,1,0.00,3,3427.79,0,0,18,org.apache.lucene.util.LuceneTestCase,0.00,27,1,14,0,27,7,0,4,648,1
"org.apache.lucene.search.TestLocaleMethods$FieldComparatorSource",1,0.00,1.00,3,0.04,790.00,1,0,13,2,1,130.38,0,5,0,1,130.38,0.00,0.00,0.00,0,0.00,1,132.86,0,1,1,java.lang.Object,0.00,1,0,1,0,1,0,0,0,32,0
"org.apache.lucene.search.TestMatchAllDocsQuery",3,1.00,1.00,66,1.34,68716.18,4,1,11,42,15,107.21,11,71,0,2,86.59,0.00,0.50,0.33,1,4.00,1,4025.77,0,0,15,org.apache.lucene.util.LuceneTestCase,0.00,39,1,3,0,39,3,0,8,671,1
"org.apache.lucene.search.TestMultiSearcher",10,0.00,1.90,245,4.27,268838.33,10,0,20,69,19,36.38,81,259,0,2,84.49,1.00,0.33,0.00,4,10.00,4,12819.50,0,1,19,org.apache.lucene.util.LuceneTestCase,0.00,59,1,19,1,59,9,0,69,2108,1
"org.apache.lucene.search.TestMultiSearcher$DefaultSimilarity",6,0.00,1.00,13,0.11,1288.75,6,0,20,7,1,141.41,1,13,0,1,141.41,0.00,0.00,0.00,0,6.00,1,325.89,0,0,1,java.lang.Object,0.00,1,0,6,0,1,6,0,1,91,0
"org.apache.lucene.search.TestMultiSearcherRanking",13,0.01,1.38,83,1.08,37959.13,19,6,9,33,10,164.61,25,100,0,2,114.61,0.00,0.50,0.18,4,41.00,6,3244.36,2,0,10,org.apache.lucene.util.LuceneTestCase,0.00,20,1,18,0,20,13,0,7,656,1
"org.apache.lucene.search.TestMultiTermConstantScore",20,0.19,1.30,382,8.37,921627.08,23,3,16,56,20,107.13,61,432,0,3,86.52,0.00,0.67,0.15,4,44.00,3,25122.04,1,5,20,org.apache.lucene.search.BaseTestRangeFilter,0.00,36,2,26,0,36,15,0,61,4287,1
"org.apache.lucene.search.TestMultiTermConstantScore$Collector",4,0.17,1.00,11,0.12,1530.59,6,2,16,6,2,139.43,0,19,0,1,139.43,0.00,0.00,0.38,0,4.00,1,354.47,0,0,2,java.lang.Object,0.00,2,0,4,0,2,4,0,0,90,0
"org.apache.lucene.search.TestMultiThreadTermVectors",4,0.11,3.50,60,0.65,31908.83,7,3,9,24,9,146.11,6,66,0,2,96.11,0.00,0.50,0.25,0,0.00,6,1943.35,2,0,9,org.apache.lucene.util.LuceneTestCase,0.00,20,1,14,0,20,4,0,6,371,1
"org.apache.lucene.search.TestMultiValuedNumericRangeQuery",1,0.00,5.00,41,0.70,33385.17,1,0,12,27,12,56.97,5,38,0,2,74.85,0.00,0.50,0.00,0,1.00,5,2101.91,0,0,12,org.apache.lucene.util.LuceneTestCase,0.00,26,1,5,0,26,1,0,1,329,1
"org.apache.lucene.search.TestNGramPhraseQuery",3,0.50,1.00,52,0.72,42681.02,5,2,7,18,7,142.40,3,52,0,2,92.40,0.00,0.50,0.83,0,0.00,1,2152.20,0,0,7,org.apache.lucene.util.LuceneTestCase,0.00,15,1,3,0,15,3,0,3,410,1
"org.apache.lucene.search.TestNRTManager",17,0.12,2.47,181,2.80,94624.91,25,8,22,85,21,153.99,22,250,1,3,103.99,0.00,0.67,0.24,1,17.00,4,8406.06,2,3,20,org.apache.lucene.index.ThreadedIndexingAndSearchingTestCase,0.34,68,2,42,0,68,14,0,20,1499,1
"org.apache.lucene.search.TestNRTManager$LatchedIndexWriter",2,0.33,2.00,15,0.16,2890.78,5,3,22,5,9,114.43,0,25,0,2,114.43,0.00,0.50,0.50,0,2.00,3,475.06,1,0,9,org.apache.lucene.index.IndexWriter,0.00,3,1,4,0,3,2,0,0,105,2
"org.apache.lucene.search.TestNRTManager$SearcherFactory",1,0.00,1.00,6,0.07,1189.05,1,0,22,5,5,167.76,1,7,0,1,117.76,0.00,0.00,0.00,0,1.00,1,210.12,0,1,5,java.lang.Object,0.00,4,0,1,0,4,0,0,1,47,0
"org.apache.lucene.search.TestNRTManager$SearcherFactory_1",1,0.00,1.00,3,0.03,373.67,1,0,22,2,2,132.94,0,5,0,1,132.94,0.00,0.00,0.00,0,1.00,1,78.32,0,1,2,java.lang.Object,0.00,1,0,1,0,1,0,0,0,22,0
"org.apache.lucene.search.TestNRTManager$Thread",1,0.00,2.00,9,0.08,1306.00,1,0,22,8,2,150.59,2,13,0,1,110.71,0.00,0.00,0.00,0,1.00,2,252.42,0,0,2,java.lang.Object,0.00,7,0,2,0,7,1,0,2,56,0
"org.apache.lucene.search.TestNRTManager$Thread_0",1,0.00,1.00,4,0.02,169.27,1,0,22,3,0,130.99,0,5,0,1,130.99,0.00,0.00,0.00,0,1.00,1,70.91,0,0,0,java.lang.Object,0.00,2,0,1,0,2,1,0,0,21,0
"org.apache.lucene.search.TestNot",1,0.00,1.00,17,0.26,5196.61,1,0,9,18,11,63.62,6,19,0,2,95.84,0.00,0.50,0.00,0,1.00,1,775.15,0,0,11,org.apache.lucene.util.LuceneTestCase,0.00,17,1,1,0,17,1,0,2,138,1
"org.apache.lucene.search.TestNumericRangeQuery32",39,0.00,1.46,397,7.46,551731.11,45,6,16,101,28,100.93,24,490,0,2,100.93,0.00,0.50,0.17,8,260.00,5,22366.34,1,0,28,org.apache.lucene.util.LuceneTestCase,0.00,62,1,57,0,62,39,0,24,3913,1
"org.apache.lucene.search.TestNumericRangeQuery64",46,0.03,1.39,411,7.61,557220.00,52,6,16,107,28,105.08,24,518,0,2,105.08,0.00,0.50,0.14,8,358.00,5,22818.05,1,0,28,org.apache.lucene.util.LuceneTestCase,0.00,61,1,64,0,61,46,0,24,4018,1
"org.apache.lucene.search.TestParallelMultiSearcher",2,0.00,1.50,12,0.15,2747.38,3,1,7,8,2,167.17,3,17,0,3,117.17,0.00,0.67,1.00,0,0.00,2,439.26,1,0,2,org.apache.lucene.search.TestMultiSearcher,0.25,6,2,3,0,6,2,0,1,97,1
"org.apache.lucene.search.TestPhrasePrefixQuery",1,0.00,2.00,43,0.82,52870.79,1,0,10,26,10,22.72,9,52,0,2,72.71,0.00,0.50,0.00,0,1.00,2,2450.01,0,0,10,org.apache.lucene.util.LuceneTestCase,0.00,25,1,2,0,25,1,0,5,390,1
"org.apache.lucene.search.TestPhraseQuery",20,0.11,1.55,433,7.20,391434.61,25,5,18,82,20,88.02,99,455,0,2,87.78,0.00,0.50,0.30,0,0.00,12,21611.89,1,0,20,org.apache.lucene.util.LuceneTestCase,0.00,62,1,31,0,62,20,0,72,3726,1
"org.apache.lucene.search.TestPhraseQuery$Analyzer",2,0.00,1.00,5,0.04,500.23,2,0,18,3,2,140.89,0,9,0,1,140.89,0.00,0.00,0.00,0,2.00,1,130.60,0,1,2,java.lang.Object,0.00,1,0,2,0,1,1,0,0,36,0
"org.apache.lucene.search.TestPositionIncrement",2,0.00,2.50,157,2.74,227231.37,2,0,32,48,30,40.26,28,165,1,2,60.40,0.00,0.50,0.00,0,2.00,4,8226.78,0,0,29,org.apache.lucene.util.LuceneTestCase,0.00,46,1,5,0,46,2,0,23,1304,1
"org.apache.lucene.search.TestPositionIncrement$Analyzer",1,0.00,1.00,3,0.02,189.62,1,0,32,2,0,135.26,0,5,0,1,135.26,0.00,0.00,0.00,0,1.00,1,59.81,0,1,0,java.lang.Object,0.00,1,0,1,0,1,0,0,0,18,0
"org.apache.lucene.search.TestPositionIncrement$Analyzer$TokenStream",2,0.67,1.50,18,0.22,4741.38,8,6,32,6,3,108.74,0,23,0,1,108.74,0.00,0.00,0.50,0,2.00,2,663.58,1,0,3,java.lang.Object,0.00,4,0,3,0,4,2,0,0,140,0
"org.apache.lucene.search.TestPositionIncrement$PayloadFilter",2,1.33,2.50,31,0.31,7691.28,8,6,32,9,7,98.69,0,38,0,4,98.69,0.00,0.75,0.83,0,0.00,4,917.75,0,0,7,org.apache.lucene.analysis.TokenFilter,0.29,7,3,5,0,7,2,0,0,184,1
"org.apache.lucene.search.TestPositionIncrement$StopWhitespaceAnalyzer",2,0.00,1.50,8,0.12,2355.12,4,2,32,7,4,124.27,0,13,0,2,124.27,0.00,0.50,0.50,0,2.00,2,350.60,0,1,4,org.apache.lucene.search.Analyzer,0.00,5,1,3,0,5,1,0,0,79,2
"org.apache.lucene.search.TestPositionIncrement$TestPayloadAnalyzer",1,0.00,1.00,4,0.05,871.05,1,0,32,3,2,125.39,0,7,0,2,125.39,0.00,0.50,0.00,0,1.00,1,147.28,0,1,2,org.apache.lucene.search.Analyzer,0.00,2,1,1,0,2,0,0,0,36,1
"org.apache.lucene.search.TestPositiveScoresOnlyCollector",1,0.00,5.00,35,0.53,22766.68,2,1,6,21,14,60.85,5,37,0,2,78.72,0.00,0.50,1.00,0,0.00,5,1584.06,0,0,14,org.apache.lucene.util.LuceneTestCase,0.00,20,1,5,0,20,1,0,5,264,1
"org.apache.lucene.search.TestPositiveScoresOnlyCollector$SimpleScorer",5,0.25,1.60,13,0.15,3184.60,6,1,6,5,2,137.58,0,17,0,3,137.58,0.00,0.67,0.80,0,0.00,2,450.94,0,0,2,org.apache.lucene.search.Scorer,0.67,0,2,8,0,0,5,0,0,111,3
"org.apache.lucene.search.TestPrefixFilter",1,0.00,2.00,54,0.95,65729.00,1,0,7,18,11,38.90,13,57,0,2,68.28,0.00,0.50,0.00,0,1.00,2,2835.17,0,0,11,org.apache.lucene.util.LuceneTestCase,0.00,17,1,2,0,17,1,0,10,463,1
"org.apache.lucene.search.TestPrefixInBooleanQuery",6,0.45,1.33,52,0.68,17445.78,10,4,9,24,11,159.97,10,66,0,2,109.97,0.00,0.50,0.62,0,0.00,3,2042.92,0,0,11,org.apache.lucene.util.LuceneTestCase,0.00,18,1,8,0,18,6,0,1,409,1
"org.apache.lucene.search.TestPrefixQuery",1,0.00,2.00,24,0.37,12389.07,1,0,7,17,9,87.36,4,26,0,2,87.12,0.00,0.50,0.00,0,1.00,2,1111.08,0,0,9,org.apache.lucene.util.LuceneTestCase,0.00,16,1,2,0,16,1,0,1,190,1
"org.apache.lucene.search.TestPrefixRandom",2,1.33,1.50,33,0.49,16837.82,5,3,11,18,10,134.97,5,37,0,2,95.08,0.00,0.50,1.00,0,0.00,2,1470.00,2,0,10,org.apache.lucene.util.LuceneTestCase,0.00,16,1,3,0,16,2,0,2,264,1
"org.apache.lucene.search.TestPrefixRandom$DumbPrefixQuery",5,0.50,1.20,23,0.25,4617.99,6,1,11,13,7,125.15,4,28,0,3,125.15,0.00,0.67,0.60,0,5.00,2,743.67,0,2,7,org.apache.lucene.search.MultiTermQuery,0.00,8,2,6,0,8,3,0,2,173,1
"org.apache.lucene.search.TestPrefixRandom$DumbPrefixQuery$SimplePrefixTermEnum",4,0.17,1.25,16,0.15,2902.43,6,2,11,9,3,125.96,0,26,0,3,125.96,0.00,0.67,0.38,0,4.00,2,463.08,1,0,3,org.apache.lucene.search.FilteredTermEnum,0.35,5,2,5,0,5,4,0,0,114,1
"org.apache.lucene.search.TestQueryTermVector",2,0.00,1.50,26,0.36,13368.48,2,0,2,8,2,99.23,1,27,0,2,99.23,0.00,0.50,0.00,1,2.00,2,1081.11,0,0,2,org.apache.lucene.util.LuceneTestCase,0.00,6,1,3,0,6,2,0,1,216,1
"org.apache.lucene.search.TestQueryWrapperFilter",4,0.00,2.75,126,2.05,83333.05,4,0,13,45,18,131.13,7,128,0,2,81.13,0.00,0.50,0.00,0,4.00,5,6136.94,0,0,18,org.apache.lucene.util.LuceneTestCase,0.00,41,1,11,0,41,4,0,7,1012,1
"org.apache.lucene.search.TestRemoteCachingWrapperFilter",4,0.00,1.00,52,0.98,48168.27,6,2,9,30,15,117.93,14,62,0,3,97.31,0.00,0.67,0.50,1,4.00,1,2945.90,2,0,15,org.apache.lucene.search.RemoteTestCase,0.00,26,2,4,0,26,4,0,12,567,1
"org.apache.lucene.search.TestRemoteSearchable",8,0.29,1.00,60,1.10,39372.41,10,2,11,39,17,110.40,5,82,0,3,110.40,0.00,0.67,0.25,1,16.00,1,3299.65,2,0,17,org.apache.lucene.search.RemoteTestCase,0.00,31,2,8,0,31,8,0,5,631,1
"org.apache.lucene.search.TestRemoteSort",13,0.06,3.08,201,4.77,411236.15,22,9,16,63,15,112.05,40,230,0,3,91.43,0.00,0.67,0.16,6,55.00,12,14297.59,3,4,15,org.apache.lucene.search.RemoteTestCase,0.00,50,2,40,0,50,9,0,36,2455,1
"org.apache.lucene.search.TestRemoteSort$MyFieldComparator",7,0.17,1.00,18,0.20,3342.16,10,3,16,10,2,138.67,0,32,0,2,138.67,0.00,0.50,0.48,0,0.00,1,602.14,0,1,2,org.apache.lucene.search.FieldComparator,0.59,3,1,7,0,3,6,0,0,154,1
"org.apache.lucene.search.TestRemoteSort$MyFieldComparator$FieldCache.IntParser",1,0.00,1.00,3,0.03,465.57,1,0,16,2,0,132.19,0,4,0,1,132.19,0.00,0.00,0.00,0,1.00,1,101.35,0,0,0,java.lang.Object,0.00,1,0,1,0,1,1,0,0,27,0
"org.apache.lucene.search.TestRemoteSort$MyFieldComparatorSource",1,0.00,1.00,3,0.04,439.67,1,0,16,2,2,132.39,0,7,0,2,132.39,0.00,0.50,0.00,0,1.00,1,107.25,0,0,2,org.apache.lucene.search.FieldComparatorSource,0.00,1,1,1,0,1,1,0,0,28,1
"org.apache.lucene.search.TestScoreCachingWrappingScorer",1,0.00,3.00,16,0.22,6446.09,2,1,3,6,2,145.83,1,19,0,2,95.83,0.00,0.50,1.00,0,0.00,3,658.76,0,0,2,org.apache.lucene.util.LuceneTestCase,0.00,5,1,3,0,5,1,0,1,129,1
"org.apache.lucene.search.TestScoreCachingWrappingScorer$ScoreCachingCollector",5,0.08,1.20,18,0.19,4719.02,8,3,3,7,4,129.73,2,26,0,2,129.73,0.00,0.50,0.27,0,7.00,2,563.45,0,0,4,org.apache.lucene.search.Collector,0.44,2,1,6,0,2,5,0,2,136,3
"org.apache.lucene.search.TestScoreCachingWrappingScorer$SimpleScorer",5,0.12,1.60,14,0.16,3495.01,7,2,3,5,1,137.26,4,18,0,3,137.26,0.00,0.67,0.40,0,0.00,2,488.16,0,0,1,org.apache.lucene.search.Scorer,0.67,0,2,8,0,0,5,0,4,119,3
"org.apache.lucene.search.TestScorerPerf",11,0.10,3.82,201,2.67,141551.79,17,6,12,54,15,43.03,120,197,0,2,91.51,0.00,0.50,0.26,3,35.00,7,8007.79,0,3,15,org.apache.lucene.util.LuceneTestCase,0.00,43,1,42,0,43,8,0,22,1415,1
"org.apache.lucene.search.TestScorerPerf$CountingHitCollector",6,0.00,1.00,16,0.12,1649.61,9,3,12,6,3,140.56,1,22,0,2,140.56,0.00,0.50,0.33,0,10.00,1,368.46,0,0,3,org.apache.lucene.search.Collector,0.40,0,1,6,0,0,6,0,1,101,2
"org.apache.lucene.search.TestScorerPerf$Filter",1,0.00,1.00,3,0.02,255.67,1,0,12,2,3,134.24,0,5,0,1,134.24,0.00,0.00,0.00,0,1.00,1,68.92,0,1,3,java.lang.Object,0.00,1,0,1,0,1,0,0,0,20,0
"org.apache.lucene.search.TestScorerPerf$MatchingHitCollector",2,0.00,1.50,10,0.11,2339.41,4,2,12,4,0,120.67,0,14,0,2,120.67,0.00,0.50,0.50,0,2.00,2,335.01,1,0,0,org.apache.lucene.search.CountingHitCollector,0.00,2,1,3,0,2,2,0,0,78,2
"org.apache.lucene.search.TestSearchAfter",5,0.17,2.00,56,0.82,30580.57,8,3,9,28,17,102.18,3,62,0,2,102.18,0.00,0.50,0.47,2,2.00,3,2453.89,2,0,17,org.apache.lucene.util.LuceneTestCase,0.00,23,1,10,0,23,5,0,1,477,1
"org.apache.lucene.search.TestSearchWithThreads",1,2.00,9.00,50,0.71,35675.63,4,3,10,30,7,111.16,2,46,0,2,71.27,0.00,0.50,0.33,0,0.00,9,2130.27,0,0,7,org.apache.lucene.util.LuceneTestCase,0.00,29,1,9,0,29,1,0,2,340,1
"org.apache.lucene.search.TestSearchWithThreads$Thread",1,0.00,3.00,17,0.24,12376.81,2,1,10,11,3,92.62,0,22,0,1,92.62,0.00,0.00,1.00,0,0.00,3,729.61,0,0,3,java.lang.Object,0.00,10,0,3,0,10,1,0,0,136,0
"org.apache.lucene.search.TestSearcherManager",11,0.03,3.00,134,1.79,72935.06,17,6,21,76,18,140.28,23,183,1,3,100.40,0.00,0.67,0.20,0,28.00,8,5355.24,2,2,17,org.apache.lucene.index.ThreadedIndexingAndSearchingTestCase,0.31,65,2,33,0,65,9,0,23,979,1
"org.apache.lucene.search.TestSearcherManager$Runnable",1,0.00,5.00,13,0.13,3140.22,1,0,21,6,1,122.15,3,19,0,1,101.54,0.00,0.00,0.00,0,1.00,5,394.43,0,0,1,java.lang.Object,0.00,5,0,5,0,5,1,0,3,82,0
"org.apache.lucene.search.TestSearcherManager$SearcherFactory",1,0.00,1.00,6,0.07,1189.05,1,0,21,5,5,117.76,0,7,0,1,117.76,0.00,0.00,0.00,0,1.00,1,210.12,0,1,5,java.lang.Object,0.00,4,0,1,0,4,0,0,0,47,0
"org.apache.lucene.search.TestSearcherManager$SearcherFactory_0",1,0.00,3.00,7,0.07,1484.11,1,0,21,5,2,164.25,1,12,0,1,114.25,0.00,0.00,0.00,0,1.00,3,212.46,0,1,2,java.lang.Object,0.00,4,0,3,0,4,0,0,1,47,0
"org.apache.lucene.search.TestSearcherManager$SearcherFactory_1",1,0.00,1.00,3,0.03,373.67,1,0,21,2,2,132.94,0,5,0,1,132.94,0.00,0.00,0.00,0,1.00,1,78.32,0,1,2,java.lang.Object,0.00,1,0,1,0,1,0,0,0,22,0
"org.apache.lucene.search.TestSearcherManager$Thread",1,0.00,5.00,14,0.18,4822.18,1,0,21,8,0,98.87,0,21,0,1,98.87,0.00,0.00,0.00,0,0.00,5,546.20,0,0,0,java.lang.Object,0.00,7,0,5,0,7,1,0,0,102,0
"org.apache.lucene.search.TestSetNorm",1,0.00,2.00,32,0.46,20091.92,1,0,8,20,10,32.70,8,34,0,2,80.81,0.00,0.50,0.00,0,1.00,2,1373.01,0,0,10,org.apache.lucene.util.LuceneTestCase,0.00,19,1,2,0,19,1,0,4,229,1
"org.apache.lucene.search.TestSetNorm$Collector",4,0.17,1.00,11,0.11,1635.14,6,2,8,5,2,139.21,0,19,0,1,139.21,0.00,0.00,0.38,0,4.00,1,330.56,0,0,2,java.lang.Object,0.00,1,0,4,0,1,4,0,0,85,0
"org.apache.lucene.search.TestSimilarity",1,0.00,1.00,32,0.52,14655.49,1,0,12,26,13,33.94,8,37,0,2,82.05,0.00,0.50,0.00,0,1.00,1,1559.48,0,0,13,org.apache.lucene.util.LuceneTestCase,0.00,25,1,1,0,25,1,0,4,269,1
"org.apache.lucene.search.TestSimilarity$Collector",4,1.00,1.00,9,0.09,1109.07,5,1,12,6,2,140.53,0,16,0,1,140.53,0.00,0.00,0.25,0,6.00,1,268.83,0,0,2,java.lang.Object,0.00,2,0,4,0,2,4,0,0,72,0
"org.apache.lucene.search.TestSimilarity$Collector_0",4,0.17,1.00,11,0.12,1587.73,6,2,12,6,2,139.31,1,19,0,1,139.31,0.00,0.00,0.38,0,4.00,1,350.01,0,0,2,java.lang.Object,0.00,2,0,4,0,2,4,0,1,89,0
"org.apache.lucene.search.TestSimilarity$Collector_1",4,1.00,1.00,9,0.09,1109.07,5,1,12,6,2,140.53,1,16,0,1,140.53,0.00,0.00,0.25,0,6.00,1,268.83,0,0,2,java.lang.Object,0.00,2,0,4,0,2,4,0,1,72,0
"org.apache.lucene.search.TestSimilarity$Collector_2",4,1.00,1.00,9,0.09,1109.07,5,1,12,6,2,140.53,1,16,0,1,140.53,0.00,0.00,0.25,0,6.00,1,268.83,0,0,2,java.lang.Object,0.00,2,0,4,0,2,4,0,1,72,0
"org.apache.lucene.search.TestSimilarity$SimpleSimilarity",7,0.00,1.00,15,0.14,1759.86,7,0,12,9,2,140.87,0,11,0,2,140.87,0.00,0.50,0.00,0,7.00,1,414.98,0,1,2,org.apache.lucene.search.Similarity,0.38,2,1,7,0,2,6,0,0,113,2
"org.apache.lucene.search.TestSimilarity$SimpleSimilarity$IDFExplanation",2,0.00,1.00,5,0.03,286.06,2,0,12,2,0,142.80,0,9,0,1,142.80,0.00,0.00,0.00,0,2.00,1,81.08,0,1,0,java.lang.Object,0.00,0,0,2,0,0,1,0,0,26,0
"org.apache.lucene.search.TestSimpleExplanations",69,0.00,1.00,262,4.08,107001.49,69,0,10,107,22,128.08,17,342,1,3,128.08,0.50,0.50,0.00,0,658.00,1,12241.50,2,0,21,org.apache.lucene.search.TestExplanations,0.00,38,2,69,1,38,69,0,15,2556,1
"org.apache.lucene.search.TestSimpleExplanationsOfNonMatches",1,0.00,1.00,3,0.04,549.65,1,0,0,2,3,180.90,24,7,0,4,131.62,0.00,0.75,0.00,0,0.00,1,119.24,0,0,3,org.apache.lucene.search.TestSimpleExplanations,0.00,1,3,1,0,1,1,0,3,30,1
"org.apache.lucene.search.TestSimpleSearchEquivalence",12,0.00,1.00,124,1.37,39200.93,12,0,2,23,7,126.64,36,136,0,3,106.03,0.00,0.67,0.00,0,12.00,1,4100.54,3,0,7,org.apache.lucene.search.SearchEquivalenceTestBase,0.00,11,2,12,0,11,12,0,19,893,1
"org.apache.lucene.search.TestSloppyPhraseQuery",13,0.02,1.92,170,2.41,68851.90,28,15,14,40,13,139.86,36,196,0,2,99.97,0.00,0.50,0.09,2,63.00,4,7221.43,0,2,13,org.apache.lucene.util.LuceneTestCase,0.00,27,1,25,0,27,11,0,17,1347,1
"org.apache.lucene.search.TestSloppyPhraseQuery$Collector",4,1.00,1.00,10,0.11,1451.25,5,1,14,8,2,139.61,1,18,0,1,139.61,0.00,0.00,0.25,0,6.00,1,328.37,0,0,2,java.lang.Object,0.00,4,0,4,0,4,4,0,1,86,0
"org.apache.lucene.search.TestSloppyPhraseQuery2",10,0.00,2.10,169,1.69,78793.83,10,0,3,21,5,145.23,12,158,0,3,95.23,0.00,0.67,0.00,1,10.00,3,5078.36,2,1,5,org.apache.lucene.search.SearchEquivalenceTestBase,0.00,11,2,21,0,11,9,0,10,1012,1
"org.apache.lucene.search.TestSort",19,0.06,2.42,259,5.65,373477.35,34,15,29,82,22,135.32,55,317,0,2,95.43,0.00,0.50,0.12,5,98.00,13,16936.38,2,9,22,org.apache.lucene.util.LuceneTestCase,0.00,63,1,46,0,63,10,1,42,2853,1
"org.apache.lucene.search.TestSort$FieldCache.ByteParser",1,0.00,1.00,3,0.03,452.96,1,0,29,2,0,132.29,0,4,0,1,132.29,0.00,0.00,0.00,0,1.00,1,97.55,0,0,0,java.lang.Object,0.00,1,0,1,0,1,1,0,0,27,0
"org.apache.lucene.search.TestSort$FieldCache.DoubleParser",1,0.00,1.00,3,0.04,692.28,1,0,29,3,0,130.84,0,4,0,1,130.84,0.00,0.00,0.00,0,1.00,1,129.96,0,0,0,java.lang.Object,0.00,2,0,1,0,2,1,0,0,34,0
"org.apache.lucene.search.TestSort$FieldCache.FloatParser",1,0.00,1.00,3,0.03,407.06,1,0,29,3,0,132.65,0,4,0,1,132.65,0.00,0.00,0.00,0,1.00,1,101.46,0,0,0,java.lang.Object,0.00,2,0,1,0,2,1,0,0,28,0
"org.apache.lucene.search.TestSort$FieldCache.IntParser",1,0.00,1.00,3,0.03,465.57,1,0,29,2,0,132.19,0,4,0,1,132.19,0.00,0.00,0.00,0,1.00,1,101.35,0,0,0,java.lang.Object,0.00,1,0,1,0,1,1,0,0,27,0
"org.apache.lucene.search.TestSort$FieldCache.LongParser",1,0.00,1.00,3,0.03,465.57,1,0,29,2,0,132.19,0,4,0,1,132.19,0.00,0.00,0.00,0,1.00,1,101.35,0,0,0,java.lang.Object,0.00,1,0,1,0,1,1,0,0,27,0
"org.apache.lucene.search.TestSort$FieldCache.ShortParser",1,0.00,1.00,3,0.03,452.96,1,0,29,2,0,132.29,0,4,0,1,132.29,0.00,0.00,0.00,0,1.00,1,97.55,0,0,0,java.lang.Object,0.00,1,0,1,0,1,1,0,0,27,0
"org.apache.lucene.search.TestSort$MyFieldComparator",37,0.25,1.86,524,9.64,893082.13,40,3,29,116,24,143.59,64,577,0,2,93.59,0.00,0.50,0.09,6,372.00,6,28931.59,0,2,24,org.apache.lucene.search.FieldComparator,0.21,79,1,69,0,79,35,0,64,5235,1
"org.apache.lucene.search.TestSort$MyFieldComparator$FieldCache.IntParser_0",1,0.00,1.00,3,0.03,465.57,1,0,29,2,0,132.19,0,4,0,1,132.19,0.00,0.00,0.00,0,1.00,1,101.35,0,0,0,java.lang.Object,0.00,1,0,1,0,1,1,0,0,27,0
"org.apache.lucene.search.TestSort$MyFieldComparator$Filter",1,0.00,1.00,6,0.08,2209.46,1,0,29,5,3,115.64,0,8,0,1,115.64,0.00,0.00,0.00,0,1.00,1,247.72,0,1,3,java.lang.Object,0.00,4,0,1,0,4,0,0,0,55,0
"org.apache.lucene.search.TestSort$MyFieldComparator$MyFieldComparatorSource",1,0.00,1.00,3,0.04,439.67,1,0,29,2,2,132.39,0,6,0,2,132.39,0.00,0.50,0.00,0,1.00,1,107.25,0,1,2,org.apache.lucene.search.FieldComparatorSource,0.00,1,1,1,0,1,0,0,0,28,1
"org.apache.lucene.search.TestSort$MyFieldComparator$RandomFilter",2,0.50,2.00,21,0.27,9497.60,6,4,35,11,4,154.59,2,24,0,2,104.59,0.00,0.50,0.50,0,2.00,3,824.71,0,1,4,org.apache.lucene.search.Filter,0.00,9,1,4,0,9,1,0,2,166,2
"org.apache.lucene.search.TestSort$SortMissingLastTestHelper",1,3.00,1.00,8,0.06,804.06,4,3,29,1,1,114.43,0,10,0,1,114.43,0.00,0.00,0.00,0,1.00,1,168.49,0,0,1,java.lang.Object,0.00,0,0,1,0,0,1,0,0,47,2
"org.apache.lucene.search.TestSpanQueryFilter",3,0.00,2.00,40,0.72,32021.46,3,0,11,32,13,97.57,2,44,0,2,97.57,0.00,0.50,0.00,2,3.00,3,2150.09,0,0,13,org.apache.lucene.util.LuceneTestCase,0.00,29,1,6,0,29,3,0,2,362,1
"org.apache.lucene.search.TestSubScorerFreqs",2,1.00,1.50,26,0.34,10610.59,4,2,12,18,6,100.02,1,30,0,2,100.02,0.00,0.50,1.00,0,0.00,2,1019.52,0,0,6,org.apache.lucene.util.LuceneTestCase,0.00,16,1,3,0,16,2,0,1,198,1
"org.apache.lucene.search.TestSubScorerFreqs$CountingCollector",9,0.02,2.11,99,1.79,99453.68,16,7,12,39,9,100.14,0,119,0,2,100.14,0.00,0.50,0.16,0,22.00,7,5361.83,0,0,9,org.apache.lucene.search.Collector,0.31,30,1,19,0,30,9,0,0,953,2
"org.apache.lucene.search.TestSubScorerFreqs$CountingCollector$MockScorerVisitor",3,0.00,2.00,7,0.14,1915.92,3,0,12,3,2,137.52,0,17,0,2,137.52,0.00,0.50,0.00,0,0.00,2,431.85,0,0,2,org.apache.lucene.search.Scorer.ScorerVisitor,0.00,0,1,6,0,0,3,0,0,101,1
"org.apache.lucene.search.TestTermRangeFilter",6,0.00,1.17,224,5.40,520272.37,6,0,10,26,12,55.71,35,312,0,3,73.58,0.00,0.67,0.00,0,0.00,2,16193.38,1,0,12,org.apache.lucene.search.BaseTestRangeFilter,0.00,20,2,7,0,20,6,0,27,2636,1
"org.apache.lucene.search.TestTermRangeQuery",11,0.10,1.09,172,2.76,102326.50,13,2,20,43,17,145.86,14,187,0,2,95.86,0.00,0.50,0.41,1,0.00,2,8280.35,2,0,17,org.apache.lucene.util.LuceneTestCase,0.00,32,1,12,0,32,11,0,13,1524,1
"org.apache.lucene.search.TestTermRangeQuery$SingleCharAnalyzer",8,0.00,1.25,83,1.12,34511.79,8,0,20,26,11,144.91,23,91,0,2,105.02,0.00,0.50,0.00,3,14.00,2,3352.71,2,2,11,org.apache.lucene.analysis.Analyzer,0.00,18,1,10,0,18,6,0,23,646,2
"org.apache.lucene.search.TestTermRangeQuery$SingleCharAnalyzer$SingleCharTokenizer",3,0.33,1.67,18,0.18,3449.55,6,3,20,6,2,117.75,0,29,0,4,117.75,0.00,0.75,0.56,0,0.00,3,531.14,1,0,2,org.apache.lucene.analysis.Tokenizer,0.20,3,3,5,0,3,3,0,0,120,2
"org.apache.lucene.search.TestTermScorer",5,0.45,1.80,59,1.06,38201.85,10,5,11,34,13,141.33,14,76,0,2,101.44,0.00,0.50,0.56,0,0.00,2,3183.84,2,0,13,org.apache.lucene.util.LuceneTestCase,0.00,29,1,9,0,29,5,0,6,581,1
"org.apache.lucene.search.TestTermScorer$Collector",4,0.17,1.00,15,0.18,4293.67,6,2,11,8,2,129.34,0,24,0,1,129.34,0.00,0.00,0.38,0,4.00,1,537.89,0,0,2,java.lang.Object,0.00,4,0,4,0,4,4,0,0,123,0
"org.apache.lucene.search.TestTermScorer$TestHit",2,0.00,1.00,8,0.07,837.28,4,2,11,2,0,127.90,0,12,0,1,127.90,0.00,0.00,0.50,0,2.00,1,202.21,0,1,0,java.lang.Object,0.00,0,0,2,0,0,1,0,0,55,1
"org.apache.lucene.search.TestTermVectors",18,0.08,3.17,371,6.40,496613.23,21,3,17,88,24,137.23,35,409,0,2,87.23,0.00,0.50,0.26,5,34.00,9,19193.78,2,2,24,org.apache.lucene.util.LuceneTestCase,0.00,70,1,57,0,70,16,0,30,3079,1
"org.apache.lucene.search.TestThreadSafe",4,0.22,2.75,57,0.73,23720.78,7,3,12,36,7,148.30,4,54,0,2,98.30,0.00,0.50,0.17,2,6.00,4,2201.93,0,0,7,org.apache.lucene.util.LuceneTestCase,0.00,32,1,11,0,32,4,0,4,414,1
"org.apache.lucene.search.TestThreadSafe$Thr",3,0.00,2.67,25,0.24,5954.30,6,3,12,11,2,151.00,6,32,0,2,111.12,0.00,0.50,0.33,0,1.00,5,706.42,0,0,2,org.apache.lucene.analysis.Thread,0.00,8,1,8,0,8,3,0,3,153,0
"org.apache.lucene.search.TestThreadSafe$Thr$FieldSelector",1,0.00,1.00,6,0.06,993.27,1,0,12,1,1,168.37,1,8,0,1,118.37,0.00,0.00,0.00,0,0.00,1,167.91,0,1,1,java.lang.Object,0.00,0,0,1,0,0,0,0,1,41,0
"org.apache.lucene.search.TestTimeLimitingCollector",16,0.07,1.75,148,1.84,63298.45,28,12,14,58,12,127.56,52,187,0,2,106.95,0.00,0.50,0.15,7,80.00,5,5527.82,2,2,12,org.apache.lucene.util.LuceneTestCase,0.00,42,1,28,0,42,14,0,34,1053,1
"org.apache.lucene.search.TestTimeLimitingCollector$MyHitCollector",7,0.04,1.29,25,0.25,7207.70,11,4,14,12,4,129.42,4,40,0,2,129.42,0.00,0.50,0.29,0,16.00,3,759.70,0,0,4,org.apache.lucene.search.Collector,0.36,5,1,9,0,5,7,0,2,175,1
"org.apache.lucene.search.TestTimeLimitingCollector$Thread",1,0.00,2.00,8,0.05,807.21,1,0,14,4,0,114.26,0,12,0,1,114.26,0.00,0.00,0.00,0,1.00,2,143.93,0,0,0,java.lang.Object,0.00,3,0,2,0,3,1,0,0,36,0
"org.apache.lucene.search.TestTopDocsCollector",11,0.10,1.18,74,1.06,29948.24,15,4,6,27,10,164.89,18,90,0,2,114.89,0.00,0.50,0.16,1,40.00,2,3167.84,2,1,10,org.apache.lucene.util.LuceneTestCase,0.00,16,1,13,0,16,10,0,18,655,1
"org.apache.lucene.search.TestTopDocsCollector$MyTopsDocCollector",6,0.30,1.50,27,0.29,8571.89,8,2,6,11,6,123.60,1,38,0,3,123.60,0.00,0.67,0.25,0,10.00,4,875.82,0,1,6,org.apache.lucene.search.TopDocsCollector,0.33,5,2,9,0,5,5,0,1,194,3
"org.apache.lucene.search.TestTopDocsMerge",2,0.00,20.50,176,3.48,445329.54,2,0,13,51,20,23.44,12,177,0,2,55.66,0.00,0.50,0.00,1,2.00,33,10434.84,0,0,20,org.apache.lucene.util.LuceneTestCase,0.00,49,1,41,0,49,2,0,12,1441,1
"org.apache.lucene.search.TestTopDocsMerge$ShardSearcher",4,0.33,1.00,10,0.10,1228.17,5,1,13,6,5,140.18,0,16,0,1,140.18,0.00,0.00,0.75,0,0.00,1,300.11,0,2,5,java.lang.Object,0.00,2,0,4,0,2,2,0,0,80,2
"org.apache.lucene.search.TestTopScoreDocCollector",1,0.00,4.00,34,0.48,19470.69,1,0,6,21,10,80.01,4,33,0,2,79.78,0.00,0.50,0.00,0,1.00,4,1454.55,0,0,10,org.apache.lucene.util.LuceneTestCase,0.00,20,1,4,0,20,1,0,4,240,1
"org.apache.lucene.search.TestWildcard",11,0.00,2.18,217,3.63,164695.38,11,0,12,57,17,90.48,53,238,0,2,90.24,0.00,0.50,0.00,1,11.00,12,10892.89,1,1,17,org.apache.lucene.util.LuceneTestCase,0.00,46,1,24,0,46,10,0,27,1816,1
"org.apache.lucene.search.TestWildcardRandom",6,0.07,1.83,77,0.93,30003.09,9,3,13,34,12,151.48,7,83,0,2,101.48,0.00,0.50,0.39,2,6.00,3,2789.64,2,1,12,org.apache.lucene.util.LuceneTestCase,0.00,28,1,11,0,28,5,0,3,523,1
"org.apache.lucene.search.TimeLimitingCollector",12,0.04,1.25,46,0.47,10248.45,19,7,4,18,10,87.78,93,67,4,2,130.07,0.00,0.50,0.18,1,42.00,3,1397.62,0,1,6,org.apache.lucene.search.Collector,0.25,6,1,15,0,6,11,0,15,323,1
"org.apache.lucene.search.TimeLimitingCollector$SuppressWarnings",4,0.11,1.00,15,0.12,1889.67,7,3,4,4,0,132.14,3,21,0,2,132.14,0.00,0.50,0.25,0,10.00,1,347.22,0,0,0,java.lang.RuntimeException,0.00,0,1,4,0,0,4,0,3,90,2
"org.apache.lucene.search.TimeLimitingCollector$TimerThread",7,0.00,1.29,28,0.24,3748.89,13,6,4,12,2,109.12,36,40,0,2,127.00,0.00,0.50,0.17,0,33.00,3,726.17,0,0,2,org.apache.lucene.index.Thread,0.00,5,1,9,0,5,7,0,16,175,3
"org.apache.lucene.search.TimeLimitingCollector$TimerThreadHolder",0,0.00,0.00,5,0.03,386.10,1,1,4,0,1,171.00,0,7,0,1,171.00,0.00,0.00,0.00,0,0.00,0,104.65,0,0,1,java.lang.Object,0.00,0,0,0,0,0,0,0,0,30,3
"org.apache.lucene.search.TopDocs",5,0.25,2.40,55,0.73,64043.61,8,3,2,17,104,67.39,32,63,101,1,99.61,0.00,0.00,0.13,0,11.00,8,2204.18,0,1,4,java.lang.Object,0.00,12,0,12,1,12,4,1,17,400,1
"org.apache.lucene.search.TopDocs$MergeSortQueue",2,1.00,7.00,55,0.76,62992.73,5,3,2,7,7,49.52,13,55,0,2,81.74,0.00,0.50,0.83,0,0.00,9,2278.41,1,0,7,org.apache.lucene.util.PriorityQueue,0.00,5,1,14,0,5,2,0,13,407,2
"org.apache.lucene.search.TopDocs$ScoreMergeSortQueue",2,1.00,3.50,26,0.29,17409.11,3,1,2,2,3,138.02,4,29,0,2,98.13,0.00,0.50,0.50,0,2.00,5,856.58,1,0,3,org.apache.lucene.util.PriorityQueue,0.00,0,1,7,0,0,2,0,4,184,2
"org.apache.lucene.search.TopDocs$ShardRef",2,0.00,1.00,7,0.05,658.53,4,2,2,2,0,183.38,2,11,0,1,133.38,0.00,0.00,0.50,0,2.00,1,163.92,0,1,0,java.lang.Object,0.00,0,0,2,0,0,1,0,2,46,2
"org.apache.lucene.search.TopDocsCollector",8,0.05,1.62,35,0.39,16116.68,11,3,1,12,20,73.93,82,39,16,2,122.41,10.00,0.08,0.29,4,14.00,3,1183.37,0,4,4,org.apache.lucene.search.Collector,0.00,4,1,13,10,4,4,0,35,263,2
"org.apache.lucene.search.TopFieldCollector",6,0.03,3.83,84,1.05,52746.88,13,7,4,29,26,130.26,120,113,17,3,96.88,1.00,0.40,0.17,0,6.00,14,3136.65,0,2,9,org.apache.lucene.search.TopDocsCollector,0.17,23,2,23,2,23,4,0,29,588,2
"org.apache.lucene.search.TopFieldCollector$MultiComparatorNonScoringCollector",5,0.12,3.40,62,0.61,50334.59,7,2,4,13,5,138.83,11,61,0,4,98.94,0.00,0.75,0.60,1,0.00,11,1837.34,1,0,5,org.apache.lucene.search.TopFieldCollector,0.35,8,3,17,0,8,5,0,11,366,2
"org.apache.lucene.search.TopFieldCollector$MultiComparatorScoringMaxScoreCollector",4,1.00,3.75,54,0.54,51339.85,5,1,4,10,2,136.68,10,56,0,2,96.79,0.00,0.50,0.25,1,6.00,12,1623.12,1,0,2,org.apache.lucene.search.MultiComparatorNonScoringCollector,0.00,6,1,15,0,6,4,0,10,317,2
"org.apache.lucene.search.TopFieldCollector$MultiComparatorScoringNoMaxScoreCollector",4,1.00,3.50,52,0.53,52519.85,5,1,4,10,2,136.61,11,53,0,2,96.73,0.00,0.50,0.25,1,8.00,11,1576.08,1,0,2,org.apache.lucene.search.MultiComparatorNonScoringCollector,0.00,6,1,14,0,6,4,0,11,310,2
"org.apache.lucene.search.TopFieldCollector$OneComparatorNonScoringCollector",5,0.12,1.60,29,0.34,10995.53,7,2,4,13,5,168.50,7,43,0,4,118.50,0.00,0.75,0.60,1,0.00,4,1007.45,1,0,5,org.apache.lucene.search.TopFieldCollector,0.35,8,3,8,0,8,5,0,7,218,2
"org.apache.lucene.search.TopFieldCollector$OneComparatorScoringMaxScoreCollector",4,1.00,2.00,29,0.32,13130.88,5,1,4,10,2,161.63,7,42,0,2,111.63,0.00,0.50,0.25,1,6.00,5,964.30,1,0,2,org.apache.lucene.search.OneComparatorNonScoringCollector,0.00,6,1,8,0,6,4,0,7,203,2
"org.apache.lucene.search.TopFieldCollector$OneComparatorScoringNoMaxScoreCollector",4,1.00,1.75,27,0.31,12429.29,5,1,4,11,2,154.23,8,39,0,2,114.34,0.00,0.50,0.25,1,8.00,4,916.35,0,0,2,org.apache.lucene.search.OneComparatorNonScoringCollector,0.00,7,1,7,0,7,4,0,8,196,2
"org.apache.lucene.search.TopFieldCollector$OutOfOrderMultiComparatorNonScoringCollector",3,0.00,4.67,46,0.45,50659.55,3,0,4,8,1,133.37,8,48,0,2,93.48,0.00,0.50,0.00,0,4.00,12,1352.93,0,0,1,org.apache.lucene.search.MultiComparatorNonScoringCollector,0.00,5,1,14,0,5,3,0,8,257,2
"org.apache.lucene.search.TopFieldCollector$OutOfOrderMultiComparatorScoringMaxScoreCollector",3,0.00,5.00,49,0.49,55663.67,3,0,4,9,1,131.99,8,52,0,2,92.10,0.00,0.50,0.00,0,4.00,13,1471.45,0,0,1,org.apache.lucene.search.MultiComparatorScoringMaxScoreCollector,0.00,6,1,15,0,6,3,0,8,276,3
"org.apache.lucene.search.TopFieldCollector$OutOfOrderMultiComparatorScoringNoMaxScoreCollector",4,0.00,3.75,51,0.52,57861.55,4,0,4,10,2,137.56,10,56,0,2,97.68,0.00,0.50,0.00,0,6.00,12,1554.84,1,0,2,org.apache.lucene.search.MultiComparatorScoringNoMaxScoreCollector,0.00,6,1,15,0,6,4,0,10,299,3
"org.apache.lucene.search.TopFieldCollector$OutOfOrderOneComparatorNonScoringCollector",3,0.00,2.00,20,0.25,14832.95,3,0,4,8,1,162.72,4,31,0,2,112.72,0.00,0.50,0.00,0,4.00,4,742.57,0,0,1,org.apache.lucene.search.OneComparatorNonScoringCollector,0.00,5,1,6,0,5,3,0,4,149,2
"org.apache.lucene.search.TopFieldCollector$OutOfOrderOneComparatorScoringMaxScoreCollector",3,0.00,2.33,23,0.28,18393.52,3,0,4,9,1,159.45,4,35,0,2,109.46,0.00,0.50,0.00,0,4.00,5,849.05,0,0,1,org.apache.lucene.search.OneComparatorScoringMaxScoreCollector,0.00,6,1,7,0,6,3,0,4,167,2
"org.apache.lucene.search.TopFieldCollector$OutOfOrderOneComparatorScoringNoMaxScoreCollector",3,0.00,2.00,22,0.28,18885.18,3,0,4,9,1,149.29,6,34,0,2,109.40,0.00,0.50,0.00,0,4.00,4,839.49,0,0,1,org.apache.lucene.search.OneComparatorScoringNoMaxScoreCollector,0.00,6,1,6,0,6,3,0,6,166,2
"org.apache.lucene.search.TopFieldDocs",1,1.00,1.00,5,0.05,671.54,2,1,0,1,15,172.15,26,8,13,2,122.66,0.00,0.50,0.00,0,1.00,1,148.28,0,0,3,org.apache.lucene.search.TopDocs,0.00,0,1,1,0,0,1,0,4,38,1
"org.apache.lucene.search.TopScoreDocCollector",6,0.27,2.17,38,0.42,12970.59,9,3,2,15,31,73.24,44,52,25,3,115.53,2.00,0.29,0.11,1,14.00,5,1258.39,0,3,6,org.apache.lucene.search.TopDocsCollector,0.17,9,2,13,4,9,3,0,14,270,2
"org.apache.lucene.search.TopScoreDocCollector$InOrderPagingScoreDocCollector",6,0.00,1.67,29,0.35,13628.64,9,3,2,10,4,171.99,6,43,0,4,121.99,0.00,0.75,0.33,0,10.00,3,1059.41,1,1,4,org.apache.lucene.search.TopScoreDocCollector,0.50,4,3,10,0,4,5,0,6,231,2
"org.apache.lucene.search.TopScoreDocCollector$InOrderTopScoreDocCollector",3,0.00,1.33,15,0.14,5338.79,3,0,2,5,1,169.27,4,22,0,4,119.27,0.00,0.75,0.00,0,4.00,2,434.26,0,0,1,org.apache.lucene.search.TopScoreDocCollector,0.38,2,3,4,0,2,3,0,4,97,2
"org.apache.lucene.search.TopScoreDocCollector$OutOfOrderPagingScoreDocCollector",6,0.00,1.83,31,0.37,16459.32,9,3,2,10,4,117.71,5,46,0,4,117.71,0.00,0.75,0.33,0,10.00,4,1114.15,1,1,4,org.apache.lucene.search.TopScoreDocCollector,0.50,4,3,11,0,4,5,0,5,242,2
"org.apache.lucene.search.TopScoreDocCollector$OutOfOrderTopScoreDocCollector",3,0.00,1.67,17,0.16,8273.91,3,0,2,5,1,167.72,3,25,0,4,117.72,0.00,0.75,0.00,0,4.00,3,493.19,0,0,1,org.apache.lucene.search.TopScoreDocCollector,0.38,2,3,5,0,2,3,0,3,108,2
"org.apache.lucene.search.TopTermsRewrite",6,0.40,1.83,29,0.35,10983.70,7,1,4,13,9,162.60,15,36,5,3,122.71,1.00,0.40,0.67,0,0.00,5,1047.23,3,0,4,org.apache.lucene.search.TermCollectingRewrite,0.00,7,2,11,2,7,6,0,5,224,2
"org.apache.lucene.search.TopTermsRewrite$ScoreTerm",1,2.00,2.00,5,0.08,1994.80,3,2,4,3,1,118.78,0,10,0,1,118.78,0.00,0.00,0.00,0,1.00,2,244.93,0,0,1,java.lang.Object,0.00,2,0,2,0,2,1,1,0,60,2
"org.apache.lucene.search.TopTermsRewrite$TermCollector",1,0.00,3.00,9,0.13,5132.19,2,1,4,6,1,106.17,4,11,0,1,105.93,0.00,0.00,1.00,0,0.00,3,383.05,0,0,1,java.lang.Object,0.00,5,0,3,0,5,1,0,4,82,0
"org.apache.lucene.search.TotalHitCountCollector",5,0.75,1.00,10,0.07,640.73,6,1,1,5,6,143.17,4,20,3,2,143.17,0.00,0.50,0.40,0,7.00,1,216.90,0,0,3,org.apache.lucene.search.Collector,0.67,0,1,5,0,0,5,0,2,65,1
"org.apache.lucene.search.Weight",7,0.00,1.00,9,0.07,532.42,7,0,3,7,90,107.71,76,10,88,1,156.19,0.00,0.00,0.00,0,7.00,1,217.50,0,3,4,java.lang.Object,0.00,0,0,7,20,0,4,1,8,69,2
"org.apache.lucene.search.WildcardQuery",6,0.13,2.67,40,0.56,20293.83,9,3,4,24,26,153.84,16,62,18,3,113.96,0.00,0.67,0.44,0,0.00,7,1674.14,3,3,8,org.apache.lucene.search.MultiTermQuery,0.10,18,2,16,0,18,3,0,3,363,1
"org.apache.lucene.search.WildcardTermEnum",5,0.31,4.60,73,0.85,74658.20,13,8,3,16,6,46.92,41,108,3,3,95.03,0.00,0.67,0.38,1,5.00,14,2556.17,1,0,3,org.apache.lucene.search.FilteredTermEnum,0.33,11,2,23,0,11,5,0,24,486,1
"org.apache.lucene.spatial.geohash.GeoHashDistanceFilter",4,0.00,1.75,29,0.39,13944.99,8,4,8,11,9,111.69,17,42,2,3,111.45,0.00,0.67,0.25,1,4.00,4,1163.13,0,1,7,org.apache.lucene.spatial.tier.DistanceFilter,0.23,7,2,7,0,7,3,0,5,256,1
"org.apache.lucene.spatial.geohash.GeoHashDistanceFilter$FilteredDocIdSet",1,0.00,3.00,18,0.21,7117.59,1,0,8,7,2,114.20,3,22,0,1,93.59,0.00,0.00,0.00,0,0.00,3,632.45,0,0,2,java.lang.Object,0.00,6,0,3,0,6,1,0,3,118,0
"org.apache.lucene.spatial.geohash.GeoHashUtils",3,0.00,4.33,70,0.98,82815.77,7,4,2,11,8,67.02,17,82,8,1,84.90,0.00,0.00,0.25,0,5.00,6,2952.49,0,1,0,java.lang.Object,0.00,8,0,13,0,8,2,0,3,527,1
"org.apache.lucene.spatial.geohash.TestGeoHashUtils",4,0.00,1.00,28,0.38,11117.26,4,0,2,7,1,112.59,18,37,0,2,112.36,0.00,0.50,0.00,0,4.00,1,1140.01,0,0,1,org.apache.lucene.util.LuceneTestCase,0.00,3,1,4,0,3,4,0,5,248,1
"org.apache.lucene.validation.LicenseCheckTask",6,0.15,3.83,74,1.20,59779.36,10,4,16,47,1,81.08,35,105,0,2,98.95,0.00,0.50,0.38,1,2.00,9,3607.62,0,0,1,org.apache.tools.ant.Task,0.00,41,1,23,0,41,6,0,14,622,1
"org.apache.lucene.validation.LicenseType",6,0.30,1.00,17,0.19,2155.35,8,2,0,7,1,139.88,29,37,1,1,139.65,0.00,0.00,0.25,0,14.00,1,580.64,0,4,0,java.lang.Object,0.00,1,0,6,0,1,2,0,7,137,1
"org.apache.solr.client.solrj.beans.DocumentObjectBinder",7,1.00,2.71,65,0.94,44552.84,8,1,8,34,5,105.22,6,82,2,1,105.22,0.00,0.00,0.14,2,12.00,5,2826.97,0,4,3,java.lang.Object,0.00,27,0,19,0,27,3,0,1,548,1
"org.apache.solr.client.solrj.beans.DocumentObjectBinder$DocField",7,0.44,9.00,165,2.37,157053.90,16,9,8,52,1,67.56,39,231,0,1,85.44,0.00,0.00,0.49,4,0.00,16,7103.56,0,2,1,java.lang.Object,0.00,45,0,63,0,45,5,0,22,1269,2
"org.apache.solr.client.solrj.beans.TestDocumentObjectBinder",4,0.67,1.25,94,2.10,116602.80,5,1,16,48,8,135.00,6,128,0,2,85.00,0.00,0.50,0.50,0,4.00,2,6294.54,0,0,8,org.apache.lucene.util.LuceneTestCase,0.00,44,1,5,0,44,4,0,6,1060,1
"org.apache.solr.client.solrj.beans.TestDocumentObjectBinder$Item",4,0.07,1.00,18,0.21,5473.08,13,9,16,4,0,123.85,1,33,0,1,123.85,0.00,0.00,0.06,0,4.00,1,615.00,0,1,0,java.lang.Object,0.00,0,0,4,0,0,3,0,1,136,2
"org.apache.solr.client.solrj.beans.TestDocumentObjectBinder$NotGettableItem",3,0.17,1.00,10,0.07,948.52,6,3,16,3,0,133.52,0,17,0,1,133.52,0.00,0.00,0.22,0,5.00,1,217.16,0,1,0,java.lang.Object,0.00,0,0,3,0,0,2,0,0,60,2
"org.apache.lucene.messages.Deprecated",11,0.90,3.09,64,1.04,40673.33,12,1,11,35,0,116.81,53,100,0,1,116.57,0.00,0.00,0.18,6,25.00,6,3109.25,0,5,0,java.lang.Object,0.00,24,0,34,0,24,6,0,21,616,1
"org.apache.lucene.messages.Deprecated$PrivilegedAction<Void>",1,0.00,1.00,4,0.02,199.70,1,0,11,2,0,130.43,0,5,0,1,130.43,0.00,0.00,0.00,0,1.00,1,69.84,0,1,0,java.lang.Object,0.00,1,0,1,0,1,0,0,0,21,0
"org.apache.lucene.messages.MessagesTestBundle",1,4.00,1.00,8,0.07,1453.35,5,4,0,2,1,151.71,21,11,1,2,112.41,0.00,0.50,0.00,0,1.00,1,205.96,0,0,0,NLS,0.00,1,1,1,0,1,1,0,6,53,1
"org.apache.lucene.messages.TestNLS",6,0.00,1.83,27,0.46,8439.99,6,0,2,15,1,144.23,22,52,0,2,123.61,0.00,0.50,0.00,0,6.00,3,1393.40,0,0,1,org.apache.lucene.util.LuceneTestCase,0.00,9,1,11,0,9,6,0,6,301,1
"org.apache.lucene.analysis.shingle.Deprecated",12,0.00,1.17,290,5.78,561009.80,12,0,18,53,15,82.94,59,304,0,3,82.71,0.00,0.67,0.00,3,12.00,2,17330.58,1,5,15,org.apache.lucene.analysis.BaseTokenStreamTestCase,0.00,41,2,14,0,41,7,0,50,2733,1
"org.apache.lucene.analysis.shingle.Deprecated$Matrix",11,0.50,1.00,29,0.21,3284.96,13,2,20,12,0,190.28,20,44,0,1,140.28,0.00,0.00,0.05,0,20.00,1,621.33,0,3,0,java.lang.Object,0.00,1,0,11,0,1,8,0,3,168,2
"org.apache.lucene.analysis.shingle.Deprecated$Matrix$Column",12,0.18,1.08,35,0.29,4374.63,15,3,20,19,1,139.58,0,59,0,1,139.58,0.00,0.00,0.17,1,60.00,2,860.48,0,4,1,java.lang.Object,0.00,7,0,13,0,7,8,0,0,227,1
"org.apache.lucene.analysis.shingle.Deprecated$Matrix$Column$Iterator<Column.Row",4,0.33,2.00,29,0.34,13964.68,5,1,20,9,0,111.42,0,32,0,1,111.42,0.00,0.00,0.75,1,0.00,3,1030.93,0,1,0,java.lang.Object,0.00,5,0,8,0,5,3,0,0,221,0
"org.apache.lucene.analysis.shingle.Deprecated$Matrix$Column$Row",6,0.80,1.17,14,0.14,2185.23,7,1,20,9,1,179.45,15,25,0,1,139.57,0.00,0.00,0.33,0,10.00,2,434.10,0,2,1,java.lang.Object,0.00,3,0,7,0,3,4,0,15,115,1
"org.apache.lucene.analysis.shingle.Deprecated$Matrix$OneDimensionalNonWeightedTokenSettingsCodec",4,0.00,1.00,7,0.07,743.59,4,0,20,4,1,153.13,0,16,0,2,153.13,0.00,0.50,0.00,0,4.00,1,215.70,0,1,1,org.apache.lucene.analysis.shingle.TokenSettingsCodec,0.00,0,1,4,0,0,3,0,0,61,2
"org.apache.lucene.analysis.shingle.Deprecated$Matrix$SimpleThreeDimensionalTokenSettingsCodec",4,0.00,1.75,19,0.24,6232.00,4,0,20,14,3,105.40,22,34,0,2,123.27,0.00,0.50,0.00,0,4.00,2,732.88,0,1,3,org.apache.lucene.analysis.shingle.TokenSettingsCodec,0.00,10,1,7,0,10,3,0,4,165,2
"org.apache.lucene.analysis.shingle.Deprecated$Matrix$TwoDimensionalNonWeightedSynonymTokenSettingsCodec",4,0.00,1.25,11,0.11,1684.74,4,0,20,6,1,139.05,0,21,0,2,139.05,0.00,0.50,0.00,0,4.00,2,319.13,0,1,1,org.apache.lucene.analysis.shingle.TokenSettingsCodec,0.00,2,1,5,0,2,3,0,0,82,2
"org.apache.lucene.analysis.shingle.Deprecated$TokenListStream",3,0.38,1.67,27,0.40,10632.10,11,8,18,21,8,107.34,0,35,0,3,107.34,0.00,0.67,0.38,0,1.00,3,1208.13,0,0,8,org.apache.lucene.analysis.TokenStream,0.55,18,2,5,0,18,3,0,0,236,3
"org.apache.lucene.analysis.shingle.Deprecated$TokenPositioner",2,0.25,1.00,9,0.09,1903.16,6,4,20,3,0,125.09,0,12,0,1,125.09,0.00,0.00,0.12,0,2.00,1,263.52,0,0,0,java.lang.Object,0.00,1,0,2,0,1,2,0,0,67,2
"org.apache.lucene.analysis.shingle.Deprecated$TokenSettingsCodec",4,0.00,1.00,5,0.05,343.81,4,0,20,4,1,137.90,22,6,0,1,155.77,0.00,0.00,0.00,0,4.00,1,148.97,0,0,1,java.lang.Object,0.00,0,0,4,0,0,4,0,4,46,3
"org.apache.lucene.analysis.shingle.ShingleAnalyzerWrapper",18,0.00,1.61,87,0.97,32539.28,24,6,6,34,6,123.02,82,130,2,2,122.78,0.00,0.50,0.17,0,90.00,5,2898.57,2,3,4,org.apache.lucene.analysis.Analyzer,0.00,16,1,29,0,16,15,0,12,626,2
"org.apache.lucene.analysis.shingle.ShingleAnalyzerWrapper$SavedStreams",0,0.00,0.00,3,0.01,82.42,2,2,6,0,2,171.00,0,5,0,1,171.00,0.00,0.00,0.00,0,0.00,0,41.21,0,0,2,java.lang.Object,0.00,0,0,0,0,0,0,0,0,13,1
"org.apache.lucene.analysis.shingle.ShingleAnalyzerWrapperTest",17,0.88,1.18,160,3.16,96412.33,18,1,24,45,24,145.69,35,271,0,3,105.81,0.00,0.67,0.18,2,50.00,2,9479.37,1,2,24,org.apache.lucene.analysis.BaseTokenStreamTestCase,0.00,28,2,20,0,28,15,0,9,1757,1
"org.apache.lucene.analysis.shingle.ShingleAnalyzerWrapperTest$NonreusableAnalyzer",1,0.00,2.00,4,0.08,2035.68,2,1,24,2,3,122.33,0,10,0,2,122.33,0.00,0.50,1.00,0,0.00,2,239.92,0,1,3,org.apache.lucene.analysis.Analyzer,0.00,1,1,2,0,1,0,0,0,54,1
"org.apache.lucene.analysis.shingle.ShingleFilter",14,0.09,3.07,168,2.06,120418.28,38,24,10,47,16,61.94,179,216,9,4,99.50,0.00,0.75,0.12,5,58.00,11,6183.98,1,0,7,org.apache.lucene.analysis.TokenFilter,0.31,33,3,43,0,33,14,0,43,1132,2
"org.apache.lucene.analysis.shingle.ShingleFilter$CircularSequence",6,0.27,1.50,23,0.12,1612.00,9,3,10,6,0,116.11,32,31,0,1,133.98,0.00,0.00,0.56,1,0.00,3,372.47,0,0,0,java.lang.Object,0.00,0,0,9,0,0,6,0,5,105,1
"org.apache.lucene.analysis.shingle.ShingleFilter$InputWindowToken",1,4.00,1.00,9,0.08,1196.00,5,4,10,2,3,111.17,0,11,0,1,111.17,0.00,0.00,0.00,0,1.00,1,244.00,0,0,3,java.lang.Object,0.00,1,0,1,0,1,1,0,0,61,1
"org.apache.lucene.analysis.shingle.ShingleFilterTest",46,0.02,1.02,225,10.43,1762031.98,139,93,12,66,10,112.44,10,928,0,3,112.44,0.00,0.67,0.03,3,474.00,2,31287.06,3,2,10,org.apache.lucene.analysis.BaseTokenStreamTestCase,0.00,20,2,47,0,20,44,0,8,4642,1
"org.apache.lucene.analysis.shingle.ShingleFilterTest$ReusableAnalyzerBase",1,0.00,1.00,4,0.05,1009.20,1,0,12,4,3,124.89,0,6,0,1,124.89,0.00,0.00,0.00,0,1.00,1,159.62,0,0,3,java.lang.Object,0.00,3,0,1,0,3,1,0,0,38,0
"org.apache.lucene.analysis.shingle.ShingleFilterTest$ReusableAnalyzerBase_0",1,0.00,1.00,4,0.05,1009.20,1,0,12,4,3,124.89,0,6,0,1,124.89,0.00,0.00,0.00,0,1.00,1,159.62,0,0,3,java.lang.Object,0.00,3,0,1,0,3,1,0,0,38,0
"org.apache.lucene.analysis.shingle.ShingleFilterTest$TestTokenStream",2,0.67,1.50,25,0.29,6867.43,8,6,12,12,6,102.81,0,30,0,3,102.81,0.00,0.67,0.50,0,2.00,2,870.71,0,0,6,org.apache.lucene.analysis.TokenStream,0.30,10,2,3,0,10,2,0,0,177,1
"org.apache.lucene.benchmark.quality.Judge",3,0.00,1.00,4,0.03,150.71,3,0,1,3,5,109.50,24,5,4,1,157.60,0.00,0.00,0.00,0,3.00,1,89.40,0,0,1,,0.00,0,0,3,0,0,3,0,4,30,1
"org.apache.lucene.benchmark.quality.QualityBenchmark",7,0.08,1.86,57,0.75,29903.57,13,6,8,22,12,66.29,53,67,2,1,108.58,0.00,0.00,0.24,0,15.00,5,2255.25,0,2,10,java.lang.Object,0.00,15,0,13,0,15,5,0,18,421,1
"org.apache.lucene.benchmark.quality.QualityQuery",5,0.12,1.20,18,0.18,4122.49,7,2,1,10,11,97.97,34,26,11,1,130.20,0.00,0.00,0.40,0,9.00,2,534.55,0,3,0,java.lang.Object,0.00,5,0,6,0,5,2,1,8,136,1
"org.apache.lucene.benchmark.quality.QualityQueryParser",1,0.00,1.00,2,0.01,69.06,1,0,2,1,6,97.18,8,3,3,1,145.29,0.00,0.00,0.00,0,1.00,1,36.53,0,1,3,,0.00,0,0,1,0,0,0,0,2,13,1
"org.apache.lucene.benchmark.quality.QualityStats",16,0.12,2.25,141,1.95,169083.71,28,12,3,40,4,105.67,75,165,4,1,105.44,0.00,0.00,0.19,4,112.00,7,5853.81,0,4,0,java.lang.Object,0.00,24,0,36,0,24,12,0,25,1096,1
"org.apache.lucene.benchmark.quality.QualityStats$RecallPoint",3,0.25,1.00,10,0.06,670.02,5,2,3,3,0,134.70,2,14,0,1,134.70,0.00,0.00,0.33,0,5.00,1,171.59,0,0,0,java.lang.Object,0.00,0,0,3,0,0,3,0,2,51,2
"org.apache.lucene.benchmark.quality.TestQualityRun",4,0.00,4.00,94,1.73,154519.14,4,0,13,33,13,65.89,22,117,0,3,83.76,0.00,0.67,0.00,1,4.00,13,5181.05,4,0,13,org.apache.lucene.benchmark.BenchmarkTestCase,0.00,29,2,16,0,29,4,0,16,805,1
"org.apache.solr.tst.Deprecated",10,0.33,1.50,60,0.81,58217.34,12,2,13,30,15,162.23,13,75,0,1,112.23,0.00,0.00,0.20,0,22.00,6,2416.33,0,7,15,java.lang.Object,0.00,20,0,15,0,20,3,1,4,437,1
"org.apache.lucene.facet.example.merge.TaxonomyMergeUtils",3,0.00,1.00,20,0.29,7643.90,3,0,13,19,10,95.01,44,32,1,1,115.15,0.00,0.00,0.00,1,3.00,1,855.39,0,0,9,java.lang.Object,0.00,16,0,3,0,16,3,0,7,177,1
"org.apache.lucene.analysis.kuromoji.GraphvizFormatter",8,0.02,2.00,104,1.43,107923.52,14,6,8,24,4,146.76,14,112,2,1,96.77,0.00,0.00,0.19,5,28.00,7,4278.88,0,5,3,java.lang.Object,0.00,16,0,16,0,16,3,0,12,778,1
"org.apache.lucene.analysis.kuromoji.KuromojiAnalyzer",5,0.17,1.00,24,0.28,4907.90,8,3,14,12,12,174.98,7,30,1,4,124.98,0.00,0.75,0.20,0,8.00,1,837.92,0,2,11,org.apache.lucene.analysis.StopwordAnalyzerBase,0.00,7,3,5,0,7,3,0,2,188,1
"org.apache.lucene.analysis.kuromoji.KuromojiAnalyzer$DefaultSetHolder",0,0.00,0.00,13,0.15,4925.83,2,2,14,1,2,171.00,2,18,0,1,171.00,0.00,0.00,0.00,0,0.00,0,461.98,0,0,2,java.lang.Object,0.00,1,0,0,0,1,0,0,2,93,2
"org.apache.lucene.analysis.kuromoji.KuromojiBaseFormFilter",2,0.33,2.50,15,0.16,3702.06,5,3,7,6,9,95.66,10,22,3,4,113.54,0.00,0.75,0.50,0,2.00,4,487.45,0,0,6,org.apache.lucene.analysis.TokenFilter,0.29,4,3,5,0,4,2,0,1,109,2
"org.apache.lucene.analysis.kuromoji.KuromojiPartOfSpeechStopFilter",2,0.00,1.00,9,0.12,2553.12,4,2,5,4,5,174.08,3,13,2,5,124.08,0.00,0.80,0.50,0,2.00,1,363.23,0,0,3,org.apache.lucene.analysis.FilteringTokenFilter,0.25,2,4,2,0,2,2,0,1,83,2
"org.apache.lucene.analysis.kuromoji.KuromojiTokenizer",15,0.13,7.80,487,8.34,1126427.25,56,41,25,87,33,31.86,173,617,11,4,75.99,0.00,0.75,0.14,8,26.00,39,25007.84,2,1,23,org.apache.lucene.analysis.Tokenizer,0.38,72,3,117,0,72,14,0,157,3836,2
"org.apache.lucene.analysis.kuromoji.KuromojiTokenizer$Mode",0,0.00,0.00,2,0.01,48.00,0,0,25,0,0,171.00,0,3,0,1,171.00,0.00,0.00,0.00,0,0.00,0,24.00,0,0,0,java.lang.Object,0.00,0,0,0,0,0,0,0,0,8,2
"org.apache.lucene.analysis.kuromoji.KuromojiTokenizer$Position",5,0.25,1.40,51,0.67,24628.49,18,13,25,7,1,125.16,18,59,0,1,104.54,0.00,0.00,0.28,2,0.00,2,2005.45,0,0,1,java.lang.Object,0.00,2,0,7,0,2,5,0,18,434,2
"org.apache.lucene.analysis.kuromoji.KuromojiTokenizer$Type",0,0.00,0.00,2,0.01,15.51,0,0,25,0,0,171.00,0,5,0,1,171.00,0.00,0.00,0.00,0,0.00,0,15.51,0,0,0,java.lang.Object,0.00,0,0,0,0,0,0,0,0,6,0
"org.apache.lucene.analysis.kuromoji.KuromojiTokenizer$WrappedPositionArray",7,0.50,2.57,68,0.68,50080.66,11,4,25,11,2,154.83,12,78,0,1,104.83,0.00,0.00,0.68,2,0.00,5,2031.19,0,1,2,java.lang.Object,0.00,4,0,18,0,4,6,0,10,420,2
"org.apache.lucene.analysis.kuromoji.TestExtendedMode",4,0.00,1.50,21,0.24,4888.91,4,0,12,13,8,170.52,4,27,0,3,120.52,0.00,0.67,0.00,0,4.00,3,723.29,2,0,8,org.apache.lucene.analysis.BaseTokenStreamTestCase,0.00,9,2,6,0,9,4,0,4,152,1
"org.apache.lucene.analysis.kuromoji.TestExtendedMode$ReusableAnalyzerBase",1,0.00,1.00,4,0.05,896.03,1,0,12,3,2,125.29,0,6,0,1,125.29,0.00,0.00,0.00,0,1.00,1,152.75,0,0,2,java.lang.Object,0.00,2,0,1,0,2,1,0,0,36,0
"org.apache.lucene.analysis.kuromoji.TestKuromojiAnalyzer",6,0.00,1.00,37,0.65,18552.19,6,0,5,14,4,82.27,36,81,0,3,114.49,0.00,0.67,0.00,0,6.00,1,1963.69,3,0,4,org.apache.lucene.analysis.BaseTokenStreamTestCase,0.00,8,2,6,0,8,6,0,18,380,1
"org.apache.lucene.analysis.kuromoji.TestKuromojiBaseFormFilter",3,0.00,1.00,9,0.10,1039.49,3,0,6,4,4,133.20,0,17,0,3,133.20,0.00,0.67,0.00,0,3.00,1,295.45,2,0,4,org.apache.lucene.analysis.BaseTokenStreamTestCase,0.00,1,2,3,0,1,3,0,0,73,1
"org.apache.lucene.analysis.kuromoji.TestKuromojiBaseFormFilter$ReusableAnalyzerBase",1,0.00,1.00,4,0.06,1029.80,1,0,6,4,3,124.82,0,6,0,1,124.82,0.00,0.00,0.00,0,1.00,1,166.32,0,0,3,java.lang.Object,0.00,3,0,1,0,3,1,0,0,39,0
"org.apache.lucene.analysis.kuromoji.TestKuromojiTokenizer",40,0.00,1.55,237,3.46,90432.39,40,0,25,80,21,158.30,116,398,3,3,118.41,0.00,0.67,0.00,7,40.00,9,10377.53,3,1,18,org.apache.lucene.analysis.BaseTokenStreamTestCase,0.00,40,2,62,0,40,39,0,31,2041,1
"org.apache.lucene.analysis.kuromoji.TestKuromojiTokenizer$ReusableAnalyzerBase",1,0.00,1.00,4,0.05,923.66,1,0,25,3,2,125.19,0,6,0,1,125.19,0.00,0.00,0.00,0,1.00,1,157.28,0,0,2,java.lang.Object,0.00,2,0,1,0,2,1,0,0,37,0
"org.apache.lucene.analysis.kuromoji.TestKuromojiTokenizer$ReusableAnalyzerBase_0",1,0.00,1.00,4,0.05,923.66,1,0,25,3,2,125.19,0,6,0,1,125.19,0.00,0.00,0.00,0,1.00,1,157.28,0,0,2,java.lang.Object,0.00,2,0,1,0,2,1,0,0,37,0
"org.apache.lucene.analysis.kuromoji.TestKuromojiTokenizer$ReusableAnalyzerBase_1",1,0.00,1.00,4,0.05,923.66,1,0,25,3,2,125.19,0,6,0,1,125.19,0.00,0.00,0.00,0,1.00,1,157.28,0,0,2,java.lang.Object,0.00,2,0,1,0,2,1,0,0,37,0
"org.apache.lucene.analysis.kuromoji.TestKuromojiTokenizer$ReusableAnalyzerBase_2",1,0.00,1.00,4,0.05,923.66,1,0,25,3,2,125.19,0,6,0,1,125.19,0.00,0.00,0.00,0,1.00,1,157.28,0,0,2,java.lang.Object,0.00,2,0,1,0,2,1,0,0,37,0
"org.apache.lucene.analysis.kuromoji.TestKuromojiTokenizer$ReusableAnalyzerBase_3",1,0.00,1.00,5,0.06,1192.17,1,0,25,4,1,120.70,0,7,0,1,120.70,0.00,0.00,0.00,0,1.00,1,186.81,0,0,1,java.lang.Object,0.00,3,0,1,0,3,1,0,0,43,0
"org.apache.lucene.analysis.kuromoji.TestSearchMode",1,0.00,7.00,34,0.54,38595.92,2,1,12,15,6,97.92,3,42,1,3,77.31,0.00,0.67,1.00,0,0.00,7,1605.36,1,0,5,org.apache.lucene.analysis.BaseTokenStreamTestCase,0.00,14,2,7,0,14,1,0,3,266,1
"org.apache.lucene.analysis.kuromoji.TestSearchMode$ReusableAnalyzerBase",1,0.00,1.00,4,0.05,896.03,1,0,12,3,2,125.29,0,6,0,1,125.29,0.00,0.00,0.00,0,1.00,1,152.75,0,0,2,java.lang.Object,0.00,2,0,1,0,2,1,0,0,36,0
"org.apache.lucene.analysis.kuromoji.Token",18,0.16,1.00,52,0.45,7040.75,26,8,2,26,10,159.97,58,72,9,1,139.36,0.00,0.00,0.28,0,98.00,1,1336.69,0,8,1,java.lang.Object,0.00,8,0,18,0,8,10,0,17,343,1
"org.apache.lucene.analysis.hi.HindiAnalyzer",5,0.33,2.00,27,0.35,9929.97,8,3,14,18,12,70.32,53,38,1,4,118.80,0.00,0.75,0.07,0,7.00,3,1061.28,0,1,11,org.apache.lucene.analysis.StopwordAnalyzerBase,0.00,13,3,10,0,13,4,0,8,226,2
"org.apache.lucene.analysis.hi.HindiAnalyzer$DefaultSetHolder",0,0.00,0.00,6,0.05,853.95,1,1,14,0,1,171.00,2,10,0,1,171.00,0.00,0.00,0.00,0,0.00,0,164.39,0,0,1,java.lang.Object,0.00,0,0,0,0,0,0,0,2,40,2
"org.apache.lucene.analysis.hi.HindiNormalizationFilter",2,0.33,2.00,11,0.14,2865.07,5,3,6,8,9,102.04,11,18,3,4,119.91,0.00,0.75,0.50,0,2.00,3,425.46,0,0,6,org.apache.lucene.analysis.TokenFilter,0.29,6,3,4,0,6,2,0,1,98,2
"org.apache.lucene.analysis.hi.HindiNormalizer",1,0.00,38.00,82,1.01,71236.74,1,0,1,1,1,74.34,34,124,1,1,60.56,0.00,0.00,0.00,0,1.00,38,3040.63,0,0,0,java.lang.Object,0.00,0,0,38,0,0,1,0,10,470,1
"org.apache.lucene.analysis.hi.HindiStemFilter",2,0.33,2.00,12,0.15,3087.32,5,3,5,8,8,166.70,3,18,3,4,116.70,0.00,0.75,0.50,0,2.00,3,437.52,0,0,5,org.apache.lucene.analysis.TokenFilter,0.29,6,3,4,0,6,2,0,1,100,2
"org.apache.lucene.analysis.hi.HindiStemmer",1,0.00,6.00,8,1.03,63343.52,1,0,1,2,1,78.95,14,82,1,1,99.09,0.00,0.00,0.00,0,1.00,6,3091.63,0,0,0,java.lang.Object,0.00,1,0,6,0,1,1,0,6,479,1
"org.apache.lucene.analysis.hi.TestHindiAnalyzer",4,0.00,1.00,13,0.13,1916.37,4,0,3,7,4,114.22,23,19,0,3,132.09,0.00,0.67,0.00,0,4.00,1,401.26,2,0,4,org.apache.lucene.analysis.BaseTokenStreamTestCase,0.00,3,2,4,0,3,4,0,5,99,1
"org.apache.lucene.analysis.hi.TestHindiNormalizer",3,0.00,1.00,23,0.21,3105.93,3,0,6,6,5,136.35,11,27,0,3,115.73,0.00,0.67,0.00,1,3.00,1,626.68,1,0,5,org.apache.lucene.analysis.BaseTokenStreamTestCase,0.00,3,2,3,0,3,3,0,7,143,1
"org.apache.lucene.analysis.hi.TestHindiStemmer",5,0.00,1.00,30,0.25,3782.55,5,0,6,8,5,139.92,17,36,0,3,119.30,0.00,0.67,0.00,1,5.00,1,748.71,1,0,5,org.apache.lucene.analysis.BaseTokenStreamTestCase,0.00,3,2,5,0,3,5,0,5,182,1
"org.apache.solr.uima.processor.SolrUIMAConfiguration",8,0.02,1.00,31,0.27,7396.94,15,7,1,8,3,129.85,5,42,3,1,129.85,0.00,0.00,0.12,0,50.00,1,812.97,0,5,0,java.lang.Object,0.00,0,0,8,0,0,3,0,1,199,1
"org.apache.solr.uima.processor.SolrUIMAConfiguration$MapField",3,0.33,2.67,20,0.19,5695.41,6,3,1,8,0,115.93,2,29,0,1,115.93,0.00,0.00,0.56,0,0.00,4,584.22,0,2,0,java.lang.Object,0.00,5,0,8,0,5,1,0,2,132,2
"org.apache.solr.uima.processor.SolrUIMAConfigurationReader",10,0.44,1.60,57,0.83,45360.66,11,1,5,24,3,116.02,8,70,1,1,116.02,0.00,0.00,0.60,2,0.00,5,2475.83,0,7,2,java.lang.Object,0.00,14,0,16,0,14,3,0,3,493,1
"org.apache.solr.uima.processor.UIMAToSolrMapper",2,0.33,3.50,30,0.54,31952.70,5,3,11,19,3,75.87,11,38,1,1,93.74,0.00,0.00,0.50,0,2.00,6,1622.84,0,0,2,java.lang.Object,0.00,17,0,7,0,17,2,0,2,279,1
"org.apache.solr.uima.processor.UIMAUpdateRequestProcessor",5,0.08,3.20,69,1.15,71825.76,8,3,16,43,12,117.06,17,89,2,2,96.44,0.00,0.50,0.40,3,0.00,9,3464.72,1,2,10,org.apache.solr.update.processor.UpdateRequestProcessor,0.00,38,1,16,0,38,3,0,11,604,1
"org.apache.solr.uima.processor.UIMAUpdateRequestProcessorFactory",2,1.00,1.00,6,0.10,1612.54,3,1,5,7,8,170.20,5,14,1,2,130.31,0.00,0.50,0.50,0,2.00,1,308.98,0,1,7,org.apache.solr.update.processor.UpdateRequestProcessorFactory,0.00,5,1,2,0,5,1,0,1,73,1
"org.apache.solr.uima.processor.UIMAUpdateRequestProcessorTest",8,0.00,1.50,71,1.08,25698.18,8,0,22,33,16,109.60,7,136,0,3,109.60,0.00,0.67,0.00,1,16.00,5,3244.69,7,0,16,org.apache.solr.SolrTestCaseJ4,0.05,25,2,12,0,25,8,0,3,623,1
"org.apache.solr.uima.processor.UIMAUpdateRequestProcessorTest$SolrQueryRequestBase",0,0.00,0.00,1,0.01,69.74,0,0,22,0,0,171.00,0,1,0,1,171.00,0.00,0.00,0.00,0,0.00,0,34.87,0,0,0,java.lang.Object,0.00,0,0,0,0,0,0,0,0,11,0
"org.apache.lucene.analysis.tr.TestTurkishAnalyzer",4,0.00,1.00,15,0.16,2613.59,4,0,4,7,4,181.03,7,21,0,3,131.03,0.00,0.67,0.00,0,4.00,1,476.37,3,0,4,org.apache.lucene.analysis.BaseTokenStreamTestCase,0.00,3,2,4,0,3,4,0,6,114,1
"org.apache.lucene.analysis.tr.TestTurkishLowerCaseFilter",3,0.00,1.00,13,0.20,3244.88,3,0,4,6,4,124.88,14,23,0,3,124.65,0.00,0.67,0.00,0,3.00,1,593.66,1,0,4,org.apache.lucene.analysis.BaseTokenStreamTestCase,0.00,3,2,3,0,3,3,0,4,129,1
"org.apache.lucene.analysis.tr.TurkishAnalyzer",5,0.33,1.80,22,0.30,7346.10,8,3,15,16,13,73.47,46,32,1,4,123.47,0.00,0.75,0.07,0,8.00,3,905.69,0,1,12,org.apache.lucene.analysis.StopwordAnalyzerBase,0.00,11,3,9,0,11,4,0,9,200,2
"org.apache.lucene.analysis.tr.TurkishAnalyzer$DefaultSetHolder",0,0.00,0.00,6,0.05,853.95,1,1,15,0,1,171.00,2,11,0,1,171.00,0.00,0.00,0.00,0,0.00,0,164.39,0,0,1,java.lang.Object,0.00,0,0,0,0,0,0,0,2,40,2
"org.apache.lucene.analysis.tr.TurkishLowerCaseFilter",4,0.13,3.25,47,0.59,38986.60,9,5,4,13,8,58.18,29,59,5,4,100.47,0.00,0.75,0.30,1,4.00,6,1760.91,0,0,3,org.apache.lucene.analysis.TokenFilter,0.25,9,3,13,0,9,4,0,10,339,2
"org.apache.lucene.queryParser.standard.config.Deprecated",2,0.00,1.00,3,0.02,136.89,2,0,3,2,3,156.78,8,4,0,2,156.55,0.00,0.50,0.00,0,2.00,1,58.26,0,0,3,,0.00,0,1,2,0,0,2,0,1,21,1
"org.apache.lucene.queryParser.standard.config.Deprecated$Operator",0,0.00,0.00,2,0.01,60.00,0,0,3,0,0,171.00,0,3,0,1,171.00,0.00,0.00,0.00,0,0.00,0,24.00,0,0,0,java.lang.Object,0.00,0,0,0,0,0,0,0,0,8,2
"org.apache.lucene.queryParser.standard.config.FieldBoostMapFCListener",2,2.00,2.00,11,0.14,3045.22,4,2,5,6,4,87.48,13,16,1,1,119.71,0.00,0.00,0.00,0,2.00,3,430.18,0,0,3,java.lang.Object,0.00,4,0,4,0,4,2,1,3,95,1
"org.apache.lucene.queryParser.standard.config.FieldDateResolutionFCListener",2,2.00,2.00,12,0.17,3647.71,4,2,5,8,5,73.84,14,18,1,1,116.13,0.00,0.00,0.00,0,2.00,3,496.32,0,0,4,java.lang.Object,0.00,6,0,4,0,6,2,1,3,110,1
"org.apache.lucene.queryParser.standard.config.FuzzyConfig",5,0.38,1.00,12,0.08,848.20,7,2,1,5,4,142.21,0,17,3,1,142.21,0.00,0.00,0.20,0,11.00,1,231.90,0,0,1,java.lang.Object,0.00,0,0,5,0,0,5,0,0,68,1
"org.apache.lucene.queryParser.standard.config.NumberDateFormat",5,0.12,1.20,14,0.20,4091.26,7,2,6,9,1,176.68,10,27,1,2,136.79,0.00,0.50,0.40,0,0.00,2,608.28,0,4,0,java.text.NumberFormat,0.00,4,1,6,0,4,1,0,2,146,1
"org.apache.lucene.queryParser.standard.config.NumericConfig",8,0.24,1.62,31,0.29,8428.25,11,3,3,9,10,87.00,62,48,8,1,129.29,0.00,0.00,0.12,4,26.00,4,873.62,0,2,2,java.lang.Object,0.00,1,0,13,0,1,6,0,8,211,1
"org.apache.lucene.queryParser.standard.config.NumericFieldConfigListener",2,1.00,2.50,12,0.13,2922.77,3,1,5,7,5,68.74,16,20,1,1,116.84,0.00,0.00,0.50,0,2.00,3,401.13,0,0,4,java.lang.Object,0.00,5,0,5,0,5,2,1,2,91,1
"org.apache.lucene.queryParser.standard.config.StandardQueryConfigHandler",1,0.00,1.00,20,0.18,3347.20,1,0,16,4,17,136.20,29,22,6,4,94.71,0.00,0.75,0.00,0,1.00,1,532.50,2,0,12,org.apache.lucene.queryParser.core.config.QueryConfigHandler,0.00,3,3,1,0,3,1,0,22,118,1
"org.apache.lucene.queryParser.standard.config.StandardQueryConfigHandler$ConfigurationKeys",0,0.00,0.00,18,0.52,24760.00,17,17,16,1,6,171.00,108,36,0,1,171.00,0.00,0.00,0.00,0,0.00,0,1563.79,0,0,6,java.lang.Object,0.00,1,0,0,0,1,0,0,17,280,3
"org.apache.lucene.queryParser.standard.config.StandardQueryConfigHandler$Operator",0,0.00,0.00,2,0.01,60.00,0,0,16,0,0,171.00,0,3,0,1,171.00,0.00,0.00,0.00,0,0.00,0,24.00,0,0,0,java.lang.Object,0.00,0,0,0,0,0,0,0,0,8,2
"org.apache.solr.util.xslt.TransformerProvider",3,0.58,2.67,45,0.69,27862.91,9,6,14,29,6,77.78,17,63,2,1,95.66,0.00,0.00,0.56,0,0.00,4,2084.14,0,2,4,java.lang.Object,0.00,26,0,8,0,26,1,0,9,369,1
"org.apache.lucene.queryParser.core.nodes.AndQueryNode",3,1.00,3.00,25,0.36,14839.95,4,1,2,12,10,128.58,9,39,7,3,107.97,0.50,0.50,0.00,0,3.00,4,1093.28,2,2,3,org.apache.lucene.queryParser.core.nodes.BooleanQueryNode,0.10,9,2,9,1,9,1,0,3,219,1
"org.apache.lucene.queryParser.core.nodes.AnyQueryNode",8,3.00,2.38,53,0.67,24008.14,11,3,2,16,5,154.28,23,78,2,4,114.39,0.00,0.75,0.00,1,14.00,6,2013.74,3,4,3,org.apache.lucene.queryParser.core.nodes.AndQueryNode,0.21,8,3,19,0,8,4,0,6,414,1
"org.apache.lucene.queryParser.core.nodes.BooleanQueryNode",4,1.00,2.25,28,0.36,13763.77,5,1,2,11,21,151.32,11,41,18,2,111.44,5.00,0.14,0.00,0,4.00,4,1092.47,6,2,3,org.apache.lucene.queryParser.core.nodes.QueryNodeImpl,0.14,7,1,9,5,7,2,0,4,226,1
"org.apache.lucene.queryParser.core.nodes.BoostQueryNode",7,2.00,1.57,29,0.35,7527.03,9,2,6,15,12,124.80,32,48,6,2,124.57,0.00,0.50,0.00,1,7.00,2,1035.81,5,5,6,org.apache.lucene.queryParser.core.nodes.QueryNodeImpl,0.13,8,1,11,0,8,2,0,5,240,1
"org.apache.lucene.queryParser.core.nodes.DeletedQueryNode",4,1.00,1.00,10,0.08,1195.20,5,1,2,4,7,190.28,6,17,4,2,140.28,2.00,0.25,0.00,0,4.00,1,232.27,1,3,4,org.apache.lucene.queryParser.core.nodes.QueryNodeImpl,0.14,0,1,4,2,0,1,0,2,64,1
"org.apache.lucene.queryParser.core.nodes.Deprecated",6,2.00,1.00,20,0.24,4225.86,8,2,1,6,2,151.39,22,32,0,3,130.78,0.00,0.67,0.00,1,6.00,1,716.16,3,4,2,org.apache.lucene.queryParser.core.nodes.FieldQueryNode,0.12,0,2,6,0,0,2,0,3,173,1
"org.apache.lucene.queryParser.core.nodes.Deprecated$CompareOperator",6,0.00,1.00,19,0.09,939.80,6,0,1,6,0,135.92,0,26,0,1,135.92,0.00,0.00,0.00,0,6.00,1,278.06,0,6,0,java.lang.Object,0.00,0,0,6,0,0,0,0,0,83,1
"org.apache.lucene.queryParser.core.nodes.FieldQueryNode",20,6.00,1.15,61,0.61,12090.18,26,6,3,22,30,171.15,45,93,26,2,131.27,5.00,0.14,0.00,4,20.00,2,1824.70,3,10,4,org.apache.lucene.queryParser.core.nodes.QueryNodeImpl,0.09,2,1,23,5,2,10,2,11,456,1
"org.apache.lucene.queryParser.core.nodes.FieldValuePairQueryNode",0,0.00,0.00,1,0.02,186.81,0,0,0,0,3,171.00,23,3,3,1,171.00,0.00,0.00,0.00,0,0.00,0,51.89,0,0,0,,0.00,0,0,0,0,0,0,0,2,15,1
"org.apache.lucene.queryParser.core.nodes.FieldableNode",2,0.00,1.00,3,0.01,59.70,2,0,0,2,11,168.52,35,4,11,2,159.39,0.00,0.50,0.00,0,2.00,1,41.60,0,1,0,,0.00,0,1,2,0,0,1,0,4,17,1
"org.apache.lucene.queryParser.core.nodes.FuzzyQueryNode",8,3.00,1.12,27,0.29,5390.65,11,3,1,8,12,151.52,25,42,10,3,130.90,0.00,0.67,0.00,0,8.00,2,864.76,4,3,2,org.apache.lucene.queryParser.core.nodes.FieldQueryNode,0.12,0,2,9,0,0,5,0,4,211,1
"org.apache.lucene.queryParser.core.nodes.GroupQueryNode",6,1.00,1.33,22,0.23,3975.59,7,1,6,13,14,170.80,13,34,9,2,130.92,0.00,0.50,0.00,1,6.00,2,697.07,6,2,5,org.apache.lucene.queryParser.core.nodes.QueryNodeImpl,0.13,7,1,8,0,7,4,0,3,169,1
"org.apache.lucene.queryParser.core.nodes.MatchAllDocsQueryNode",4,1.00,1.00,10,0.08,1285.96,5,1,1,4,6,190.03,6,17,4,2,140.03,0.00,0.50,0.00,0,4.00,1,230.13,1,3,2,org.apache.lucene.queryParser.core.nodes.QueryNodeImpl,0.14,0,1,4,0,0,1,0,3,64,1
"org.apache.lucene.queryParser.core.nodes.MatchNoDocsQueryNode",2,1.00,1.00,5,0.03,406.03,3,1,0,2,6,97.47,22,9,5,3,141.60,0.00,0.67,0.00,0,2.00,1,101.65,0,1,1,org.apache.lucene.queryParser.core.nodes.DeletedQueryNode,0.10,0,2,2,0,0,1,0,3,30,1
"org.apache.lucene.queryParser.core.nodes.ModifierQueryNode",0,0.00,0.00,3,0.03,449.62,1,1,6,0,16,171.00,9,3,12,2,171.00,1.00,0.33,0.00,0,0.00,0,81.75,0,0,4,org.apache.lucene.queryParser.core.nodes.QueryNodeImpl,0.00,0,1,0,1,0,0,0,1,20,1
"org.apache.lucene.queryParser.core.nodes.ModifierQueryNode$Modifier",3,1.00,3.33,53,0.72,49687.71,4,1,6,15,4,91.84,14,88,0,1,91.60,0.00,0.00,0.00,3,3.00,6,2145.65,1,3,4,java.lang.Object,0.00,12,0,10,0,12,0,0,5,363,1
"org.apache.lucene.queryParser.core.nodes.NoTokenFoundQueryNode",4,1.00,1.00,11,0.08,1243.90,5,1,1,4,5,190.14,5,19,2,3,140.14,0.00,0.67,0.00,0,4.00,1,250.35,1,2,3,org.apache.lucene.queryParser.core.nodes.DeletedQueryNode,0.19,0,2,4,0,0,2,0,2,69,1
"org.apache.lucene.queryParser.core.nodes.OpaqueQueryNode",6,3.00,1.00,21,0.21,3663.98,9,3,1,6,6,171.15,17,30,3,2,131.26,0.00,0.50,0.00,0,6.00,1,633.18,2,5,3,org.apache.lucene.queryParser.core.nodes.QueryNodeImpl,0.13,0,1,6,0,0,1,0,4,159,1
"org.apache.lucene.queryParser.core.nodes.OrQueryNode",3,1.00,3.00,27,0.40,16629.65,4,1,3,13,10,126.29,10,39,7,3,105.67,0.00,0.67,0.00,0,3.00,4,1197.85,2,2,3,org.apache.lucene.queryParser.core.nodes.BooleanQueryNode,0.10,10,2,9,0,10,1,0,3,235,1
"org.apache.lucene.queryParser.core.nodes.ParametricRangeQueryNode",10,1.00,1.60,41,0.55,18276.60,11,1,3,23,11,122.75,5,70,6,2,122.75,0.00,0.50,0.00,2,10.00,4,1639.69,5,4,5,org.apache.lucene.queryParser.core.nodes.QueryNodeImpl,0.12,13,1,16,0,13,6,1,2,370,1
"org.apache.lucene.queryParser.core.nodes.PathQueryNode",10,0.39,1.70,51,0.63,17234.25,12,2,5,24,4,119.55,45,69,1,2,119.32,0.00,0.50,0.15,1,22.00,3,1879.38,1,7,3,org.apache.lucene.queryParser.core.nodes.QueryNodeImpl,0.12,14,1,17,0,14,3,0,10,405,1
"org.apache.lucene.queryParser.core.nodes.PathQueryNode$QueryText",6,0.00,1.00,23,0.18,3850.24,9,3,5,6,0,151.71,23,32,0,1,131.10,0.00,0.00,0.33,0,10.00,1,544.31,1,3,0,java.lang.Object,0.00,0,0,6,0,0,3,1,6,143,2
"org.apache.lucene.queryParser.core.nodes.PhraseSlopQueryNode",9,2.00,1.56,35,0.38,7615.28,11,2,6,18,9,130.05,6,58,1,2,130.05,0.00,0.50,0.00,1,9.00,2,1152.31,5,4,8,org.apache.lucene.queryParser.core.nodes.QueryNodeImpl,0.12,9,1,14,0,9,5,1,1,274,1
"org.apache.lucene.queryParser.core.nodes.ProximityQueryNode",12,5.00,2.17,72,1.07,44003.00,17,5,5,23,9,113.96,53,108,3,3,113.73,0.00,0.67,0.00,3,22.00,6,3208.57,4,6,6,org.apache.lucene.queryParser.core.nodes.BooleanQueryNode,0.15,11,2,26,0,11,6,0,10,637,1
"org.apache.lucene.queryParser.core.nodes.ProximityQueryNode$ProximityType",2,2.00,1.00,8,0.06,597.62,4,2,5,2,0,129.05,0,11,0,1,129.05,0.00,0.00,0.00,0,2.00,1,177.62,0,0,0,java.lang.Object,0.00,0,0,2,0,0,2,0,0,49,2
"org.apache.lucene.queryParser.core.nodes.ProximityQueryNode$Type",3,0.00,1.00,11,0.05,469.26,3,0,5,3,0,135.92,0,15,0,1,135.92,0.00,0.00,0.00,0,3.00,1,152.46,0,3,0,java.lang.Object,0.00,0,0,3,0,0,0,0,0,46,1
"org.apache.lucene.queryParser.core.nodes.QueryNode",19,0.00,1.00,20,0.16,1082.74,19,0,4,19,87,157.41,76,26,86,2,157.17,0.00,0.50,0.00,0,19.00,1,493.87,0,9,1,,0.00,0,1,19,0,0,10,0,21,163,1
"org.apache.lucene.queryParser.core.nodes.QueryNodeImpl",24,7.00,1.58,98,1.23,32868.96,31,7,9,46,22,163.62,62,142,19,1,123.74,0.00,0.00,0.00,6,24.00,4,3679.95,2,9,3,java.lang.Object,0.00,22,0,38,32,22,15,2,24,812,2
"org.apache.lucene.queryParser.core.nodes.QuotedFieldQueryNode",4,1.00,1.25,14,0.19,3853.34,5,1,1,4,7,150.27,15,25,5,3,129.65,0.00,0.67,0.00,0,4.00,2,567.48,2,3,2,org.apache.lucene.queryParser.core.nodes.FieldQueryNode,0.12,0,2,5,0,0,1,0,3,137,1
"org.apache.lucene.queryParser.core.nodes.RangeQueryNode",4,0.00,1.00,5,0.03,213.62,4,0,0,4,2,139.52,21,7,2,2,157.40,0.00,0.50,0.00,0,4.00,1,83.89,0,0,0,,0.00,0,1,4,0,0,4,0,2,31,1
"org.apache.lucene.queryParser.core.nodes.SlopQueryNode",9,2.00,1.56,35,0.38,7405.30,11,2,4,18,13,180.14,16,57,7,2,130.14,0.00,0.50,0.00,1,9.00,2,1138.06,5,6,6,org.apache.lucene.queryParser.core.nodes.QueryNodeImpl,0.12,9,1,14,0,9,3,1,2,272,1
"org.apache.lucene.queryParser.core.nodes.TestQueryNode",2,0.00,1.00,13,0.21,4796.25,2,0,2,14,3,165.36,2,17,0,2,115.36,0.00,0.50,0.00,0,2.00,1,632.09,0,0,3,org.apache.lucene.util.LuceneTestCase,0.00,12,1,2,0,12,2,0,2,131,1
"org.apache.lucene.queryParser.core.nodes.TextableQueryNode",2,0.00,1.00,3,0.01,38.51,2,0,0,2,2,110.89,19,4,2,1,160.88,0.00,0.00,0.00,0,2.00,1,33.51,0,1,0,,0.00,0,0,2,0,0,1,0,2,15,1
"org.apache.lucene.queryParser.core.nodes.TokenizedPhraseQueryNode",6,1.00,2.33,40,0.45,14470.95,7,1,2,17,10,165.14,6,55,6,2,115.14,0.00,0.50,0.00,0,6.00,4,1335.72,4,3,4,org.apache.lucene.queryParser.core.nodes.QueryNodeImpl,0.13,11,1,14,0,11,3,1,3,287,1
"org.apache.lucene.queryParser.core.nodes.ValueQueryNode",2,0.00,1.00,3,0.02,156.52,2,0,0,2,0,107.61,20,4,0,2,156.09,0.00,0.50,0.00,0,2.00,1,67.80,0,0,0,,0.00,0,1,2,0,0,2,0,2,23,1
"org.apache.solr.spelling.AbstractLuceneSpellChecker",13,0.05,2.85,119,1.90,121977.76,31,18,30,50,31,124.50,50,159,7,2,103.88,3.00,0.20,0.10,3,77.00,15,5700.49,1,8,24,org.apache.solr.spelling.SolrSpellChecker,0.00,37,1,37,3,37,5,0,14,967,2
"org.apache.solr.spelling.FileBasedSpellChecker",5,0.06,2.00,42,0.72,27450.51,9,4,15,38,16,147.59,13,65,1,3,107.71,0.00,0.67,0.30,1,1.00,5,2173.16,1,3,15,org.apache.solr.spelling.AbstractLuceneSpellChecker,0.00,33,2,10,0,33,2,0,5,384,1
"org.apache.solr.spelling.FileBasedSpellCheckerTest",5,0.00,1.00,106,2.45,116318.40,6,1,13,39,13,127.18,12,117,0,3,87.29,0.00,0.67,1.00,0,0.00,1,7344.92,3,0,13,org.apache.solr.SolrTestCaseJ4,0.00,34,2,5,0,34,5,0,6,1154,1
"org.apache.solr.spelling.IndexBasedSpellChecker",6,0.10,2.00,39,0.44,11496.17,10,4,11,18,11,155.85,16,59,3,3,115.97,0.50,0.50,0.17,1,2.00,3,1330.29,2,2,8,org.apache.solr.spelling.AbstractLuceneSpellChecker,0.00,12,2,12,1,12,4,0,5,281,1
"org.apache.solr.spelling.IndexBasedSpellCheckerTest",7,0.08,1.29,200,4.44,300432.66,9,2,27,62,26,120.36,14,241,0,3,80.48,0.00,0.67,0.43,0,0.00,2,13306.73,3,0,26,org.apache.solr.SolrTestCaseJ4,0.00,55,2,9,0,55,7,0,12,2025,1
"org.apache.solr.spelling.IndexBasedSpellCheckerTest$TestSpellChecker",1,0.00,1.00,3,0.02,168.05,1,0,27,1,2,135.68,0,7,0,4,135.68,0.00,0.75,0.00,0,0.00,1,52.05,0,1,2,org.apache.solr.spelling.IndexBasedSpellChecker,0.13,0,3,1,0,0,0,0,0,17,1
"org.apache.solr.spelling.PossibilityIterator",7,0.12,3.43,94,1.23,112695.18,11,4,9,41,5,96.27,31,106,2,1,96.04,0.00,0.00,0.36,1,8.00,10,3692.76,0,2,3,java.lang.Object,0.00,34,0,24,0,34,5,1,3,649,1
"org.apache.solr.spelling.QueryConverter",4,0.50,1.00,10,0.07,810.83,6,2,5,4,7,93.50,34,14,3,1,141.60,0.00,0.00,0.12,0,6.00,1,216.72,0,2,4,java.lang.Object,0.00,0,0,4,3,0,2,1,3,62,2
"org.apache.solr.spelling.RankedSpellPossibility",6,0.10,1.33,22,0.24,6297.39,8,2,1,15,5,129.35,1,30,4,1,129.35,0.00,0.00,0.42,0,6.00,3,726.57,0,2,1,java.lang.Object,0.00,9,0,8,0,9,4,1,1,171,1
"org.apache.solr.spelling.SampleComparator",1,0.00,1.00,3,0.03,434.49,1,0,2,2,1,132.66,4,5,0,1,132.43,0.00,0.00,0.00,0,1.00,1,102.54,0,0,1,java.lang.Object,0.00,1,0,1,0,1,1,1,1,29,1
"org.apache.solr.spelling.SimpleQueryConverter",1,0.00,3.00,24,0.45,20117.28,1,0,14,24,12,67.50,5,30,2,3,85.37,0.00,0.67,0.00,0,1.00,3,1344.76,0,1,10,org.apache.solr.spelling.SpellingQueryConverter,0.00,23,2,3,0,23,0,0,2,224,0
"org.apache.solr.spelling.SolrSpellChecker",10,0.00,1.40,38,0.57,15493.60,18,8,10,21,18,95.78,63,56,8,1,128.00,0.00,0.00,0.12,1,26.00,5,1718.63,0,3,10,java.lang.Object,0.00,11,0,14,6,11,7,0,9,372,2
"org.apache.solr.spelling.SpellCheckCollation",9,0.09,1.11,26,0.20,3559.02,13,4,1,12,4,139.30,0,38,3,1,139.30,0.00,0.00,0.17,0,36.00,2,602.36,0,2,1,java.lang.Object,0.00,3,0,10,0,3,7,1,0,161,1
"org.apache.solr.spelling.SpellCheckCollator",2,1.00,8.00,69,1.28,109098.00,3,1,14,52,14,126.09,3,88,1,1,76.09,0.00,0.00,0.50,1,2.00,13,3845.52,0,2,13,java.lang.Object,0.00,50,0,16,0,50,0,0,3,582,1
"org.apache.solr.spelling.SpellCheckCollatorTest",5,0.00,1.60,198,3.67,243182.59,5,0,18,35,13,95.25,16,218,0,3,74.63,0.00,0.67,0.00,0,0.00,3,11020.51,3,0,13,org.apache.solr.SolrTestCaseJ4,0.00,30,2,8,0,30,5,0,16,1715,1
"org.apache.solr.spelling.SpellCheckCorrection",6,0.20,1.00,16,0.09,916.94,9,3,1,6,3,142.57,0,23,2,1,142.57,0.00,0.00,0.17,0,18.00,1,275.03,0,2,1,java.lang.Object,0.00,0,0,6,0,0,4,0,0,82,1
"org.apache.solr.spelling.SpellPossibilityIteratorTest",3,0.25,3.00,92,1.63,112972.70,5,2,7,16,4,79.61,0,105,0,3,79.61,0.00,0.67,0.67,0,0.00,6,4882.70,0,0,4,org.apache.solr.SolrTestCaseJ4,0.00,13,2,9,0,13,3,0,0,835,1
"org.apache.solr.spelling.SpellingOptions",5,7.00,1.00,27,0.28,5826.23,12,7,4,5,10,72.67,43,33,7,1,120.78,0.00,0.00,0.00,0,5.00,1,828.90,0,0,3,java.lang.Object,0.00,0,0,5,0,0,5,0,10,192,1
"org.apache.solr.spelling.SpellingQueryConverter",2,0.17,3.50,48,0.79,27491.07,8,6,16,32,15,86.17,32,65,6,2,86.64,2.00,0.25,0.08,1,2.00,5,2378.75,0,1,9,org.apache.solr.spelling.QueryConverter,0.00,30,1,7,2,30,1,0,8,426,1
"org.apache.solr.spelling.SpellingQueryConverterTest",5,0.00,1.40,62,0.99,47636.11,5,0,6,19,4,119.95,15,72,0,2,99.33,0.00,0.50,0.00,0,5.00,3,2978.65,0,0,4,org.apache.lucene.util.LuceneTestCase,0.00,14,1,7,0,14,5,0,10,571,1
"org.apache.solr.spelling.SpellingResult",13,0.10,1.31,42,0.50,13501.53,17,4,5,17,9,129.62,52,60,8,1,129.39,0.00,0.00,0.15,2,73.00,3,1513.09,0,5,1,java.lang.Object,0.00,4,0,17,0,4,8,0,11,351,1
"org.apache.solr.spelling.SuggestQueryConverter",1,0.00,3.00,9,0.11,3919.36,1,0,6,5,3,107.09,4,15,1,3,106.86,0.00,0.67,0.00,0,1.00,3,333.31,1,1,2,org.apache.solr.spelling.SpellingQueryConverter,0.00,4,2,3,0,4,0,0,2,69,1
"org.apache.solr.spelling.TestSuggestSpellingConverter",3,0.00,1.00,17,0.23,4451.53,4,1,16,10,13,119.95,2,21,0,3,119.95,0.00,0.67,1.00,1,0.00,1,701.12,1,0,13,org.apache.lucene.analysis.BaseTokenStreamTestCase,0.00,7,2,3,0,7,3,0,2,154,1
"org.apache.solr.spelling.TestSuggestSpellingConverter$ReusableAnalyzerBase",1,0.00,1.00,7,0.10,1892.79,1,0,16,7,6,113.67,0,10,0,1,113.67,0.00,0.00,0.00,0,1.00,1,295.34,0,1,6,java.lang.Object,0.00,6,0,1,0,6,0,0,0,62,0
"org.apache.lucene.analysis.standard.std.Deprecated",24,0.05,2.50,254,26.98,933355.19,65,41,3,33,3,49.24,197,3435,0,1,97.34,0.00,0.00,0.07,2,234.00,23,80936.66,0,1,3,java.lang.Object,0.00,9,0,60,0,9,23,1,73,7908,2
"org.apache.lucene.analysis.standard.std.Deprecated",24,0.05,2.42,246,6.06,244551.85,63,39,3,33,3,53.83,196,779,0,1,101.93,0.00,0.00,0.07,2,234.00,21,18184.46,0,1,3,java.lang.Object,0.00,9,0,58,0,9,23,1,73,2570,2
"org.apache.lucene.benchmark.byTask.programmatic.Sample",2,0.00,1.00,38,0.48,14239.65,2,0,9,18,7,44.49,20,41,0,1,92.96,0.00,0.00,0.00,1,2.00,1,1432.99,0,1,7,java.lang.Object,0.00,16,0,2,0,16,1,0,14,267,1
"org.apache.lucene.analysis.th.TestThaiAnalyzer",13,0.00,1.00,60,1.19,25249.14,13,0,7,18,7,172.65,25,112,0,3,122.65,0.00,0.67,0.00,0,13.00,1,3558.32,5,0,7,org.apache.lucene.analysis.BaseTokenStreamTestCase,0.00,5,2,13,0,5,13,0,14,701,1
"org.apache.lucene.analysis.th.ThaiAnalyzer",4,2.00,1.75,16,0.23,4834.26,6,2,13,11,11,80.01,44,25,1,4,124.14,0.00,0.75,0.00,0,6.00,2,677.32,0,1,10,org.apache.lucene.analysis.StopwordAnalyzerBase,0.00,7,3,7,0,7,3,0,8,153,2
"org.apache.lucene.analysis.th.ThaiAnalyzer$DefaultSetHolder",0,0.00,0.00,6,0.05,853.95,1,1,13,0,1,171.00,2,11,0,1,171.00,0.00,0.00,0.00,0,0.00,0,164.39,0,0,1,java.lang.Object,0.00,0,0,0,0,0,0,0,2,40,2
"org.apache.lucene.analysis.th.ThaiWordFilter",4,0.33,3.75,67,0.97,51740.52,17,13,13,27,12,61.18,27,85,4,4,93.40,0.00,0.75,0.33,0,2.00,10,2913.64,1,0,8,org.apache.lucene.analysis.TokenFilter,0.50,23,3,15,0,23,4,0,11,528,2
"org.apache.lucene.facet.example.association.AssociationIndexer",1,0.00,4.00,38,0.64,33068.55,1,0,17,19,17,35.95,55,42,2,1,76.16,0.00,0.00,0.00,0,1.00,4,1906.52,0,0,15,java.lang.Object,0.00,18,0,4,0,18,1,0,25,301,1
"org.apache.lucene.facet.example.association.AssociationMain",3,0.00,1.00,25,0.28,6874.11,3,0,6,13,9,62.38,31,29,2,1,110.85,0.00,0.00,0.00,0,3.00,1,825.66,0,2,7,java.lang.Object,0.00,10,0,3,0,10,1,0,9,173,1
"org.apache.lucene.facet.example.association.AssociationSearcher",2,0.00,1.00,17,0.26,7280.91,2,0,10,10,11,89.13,28,26,1,1,109.27,0.00,0.00,0.00,0,2.00,1,773.15,0,2,10,java.lang.Object,0.00,8,0,2,0,8,0,0,8,152,1
"org.apache.lucene.facet.example.association.AssociationUtils",0,0.00,0.00,4,0.16,4254.55,3,3,6,5,9,171.00,37,26,3,1,171.00,0.00,0.00,0.00,0,0.00,0,480.00,0,0,6,java.lang.Object,0.00,5,0,0,0,5,0,0,14,96,1
"org.apache.lucene.analysis.sinks.DateRecognizerSinkFilter",3,0.17,2.00,16,0.15,3395.67,6,3,6,7,3,141.33,10,25,1,2,120.72,0.00,0.50,0.22,0,4.00,4,463.98,0,0,2,org.apache.lucene.analysis.TeeSinkTokenFilter.SinkFilter,0.00,4,1,6,0,4,3,0,3,105,1
"org.apache.lucene.analysis.sinks.DateRecognizerSinkTokenizerTest",1,0.00,3.00,16,0.22,6737.93,1,0,8,10,4,95.68,0,20,0,3,95.68,0.00,0.67,0.00,0,1.00,3,654.26,0,0,4,org.apache.lucene.analysis.BaseTokenStreamTestCase,0.00,9,2,3,0,9,1,0,0,123,1
"org.apache.lucene.analysis.sinks.TokenRangeSinkFilter",3,0.17,1.33,15,0.12,2230.72,6,3,3,3,2,172.25,4,24,1,2,122.25,0.00,0.50,0.44,0,1.00,2,345.56,0,0,1,org.apache.lucene.analysis.TeeSinkTokenFilter.SinkFilter,0.00,0,1,4,0,0,3,0,1,88,1
"org.apache.lucene.analysis.sinks.TokenRangeSinkTokenizerTest",1,0.00,3.00,16,0.21,6734.98,1,0,6,9,4,95.68,0,20,0,3,95.68,0.00,0.67,0.00,0,1.00,3,615.56,0,0,4,org.apache.lucene.analysis.BaseTokenStreamTestCase,0.00,8,2,3,0,8,1,0,0,118,1
"org.apache.lucene.analysis.sinks.TokenTypeSinkFilter",2,0.00,1.50,9,0.09,1578.86,4,2,3,5,3,165.52,4,14,1,2,125.63,0.00,0.50,0.50,0,2.00,2,264.59,0,0,2,org.apache.lucene.analysis.TeeSinkTokenFilter.SinkFilter,0.00,3,1,3,0,3,2,0,2,65,1
"org.apache.lucene.analysis.sinks.TokenTypeSinkTokenizerTest",1,0.00,4.00,23,0.38,16806.69,1,0,10,14,8,86.61,0,28,0,3,86.61,0.00,0.67,0.00,0,1.00,4,1139.34,0,0,8,org.apache.lucene.analysis.BaseTokenStreamTestCase,0.00,13,2,4,0,13,1,0,0,200,1
"org.apache.lucene.analysis.sinks.TokenTypeSinkTokenizerTest$WordTokenFilter",2,0.00,2.00,10,0.11,2043.22,4,2,10,5,4,121.07,0,15,0,4,121.07,0.00,0.75,0.50,0,2.00,3,340.40,0,0,4,org.apache.lucene.analysis.TokenFilter,0.29,3,3,4,0,3,2,0,0,81,1
"org.apache.solr.spelling.suggest.jaspell.JaspellLookupFactory",2,0.00,1.00,8,0.09,1436.38,4,2,7,5,6,176.05,3,13,1,2,126.05,0.00,0.50,0.50,0,2.00,1,276.36,0,2,5,org.apache.solr.spelling.suggest.LookupFactory,0.50,3,1,2,0,3,0,0,1,66,1
"org.apache.lucene.queryParser.core.messages.QueryParserMessages",1,17.00,1.00,21,0.21,5894.00,18,17,1,2,28,49.70,7,24,28,2,91.99,0.00,0.50,0.00,0,1.00,1,624.54,0,0,0,org.apache.lucene.messages.NLS,0.00,1,1,1,0,1,1,0,5,131,1
"org.apache.solr.servlet.CacheHeaderTest",9,0.44,1.33,128,1.82,74393.72,11,2,11,41,1,147.33,17,174,0,5,97.33,0.00,0.80,0.11,2,23.00,2,5462.13,5,2,1,org.apache.solr.servlet.CacheHeaderTestBase,0.00,32,4,12,0,32,7,0,15,1015,1
"org.apache.solr.servlet.CacheHeaderTestBase",10,0.00,2.10,52,0.71,28107.47,10,0,9,24,4,117.60,1,78,2,4,117.60,0.67,0.50,0.00,3,10.00,6,2120.56,1,3,2,org.apache.solr.SolrJettyTestBase,0.00,14,3,21,2,14,7,0,1,442,2
"org.apache.solr.servlet.Deprecated",4,0.22,4.25,60,1.07,77675.63,7,3,22,42,11,113.64,15,81,0,2,93.03,0.00,0.50,0.50,2,0.00,11,3224.65,0,0,11,javax.servlet.http.HttpServlet,0.00,38,1,17,0,38,4,0,10,539,1
"org.apache.solr.servlet.DirectSolrConnection",6,0.20,3.33,71,1.09,56690.63,8,2,22,51,20,58.28,46,103,2,1,100.57,0.00,0.00,0.67,1,0.00,6,3271.17,0,2,18,java.lang.Object,0.00,45,0,20,0,45,4,0,11,585,1
"org.apache.solr.servlet.DirectSolrConnectionTest",5,0.50,1.60,30,0.34,10587.42,6,1,2,11,3,165.67,5,45,0,3,115.68,0.00,0.67,0.60,0,2.00,3,1020.22,1,2,3,org.apache.solr.util.AbstractSolrTestCase,0.24,6,2,8,0,6,3,0,5,215,1
"org.apache.solr.servlet.FileItemContentStream",2,0.00,1.00,10,0.08,946.18,3,1,30,7,12,123.86,0,15,1,2,123.86,0.00,0.50,1.00,0,0.00,1,241.60,0,1,11,org.apache.solr.common.util.ContentStreamBase,0.00,5,1,2,0,5,1,0,0,62,0
"org.apache.solr.servlet.HttpRequestContentStream",2,1.00,1.50,10,0.09,1543.69,3,1,30,6,12,172.09,2,15,1,2,122.10,0.00,0.50,0.50,0,2.00,2,284.88,0,1,11,org.apache.solr.common.util.ContentStreamBase,0.00,4,1,3,0,4,1,0,2,68,0
"org.apache.solr.servlet.LogLevelSelection",5,0.38,6.20,124,2.03,133596.50,7,2,10,41,0,84.47,20,178,0,2,84.24,0.00,0.50,0.20,2,11.00,12,6088.63,0,2,0,javax.servlet.http.HttpServlet,0.00,36,1,31,0,36,3,0,12,992,2
"org.apache.solr.servlet.LogLevelSelection$LogWrapper",6,0.07,2.83,31,0.37,11935.12,9,3,10,15,0,118.71,0,47,0,1,118.71,0.00,0.00,0.28,1,10.00,7,1106.25,0,1,0,java.lang.Object,0.00,9,0,17,0,9,5,1,0,254,2
"org.apache.solr.servlet.MultipartRequestParser",2,0.00,2.50,20,0.31,12940.92,3,1,30,20,16,103.71,8,33,3,1,103.48,0.00,0.00,1.00,0,0.00,4,938.67,0,1,14,java.lang.Object,0.00,18,0,5,0,18,1,1,8,167,0
"org.apache.solr.servlet.NoCacheHeaderTest",7,0.00,1.00,75,0.95,37945.98,7,0,6,16,1,144.18,15,109,0,5,104.29,0.00,0.80,0.00,3,7.00,1,2852.80,5,0,1,org.apache.solr.servlet.CacheHeaderTestBase,0.19,9,4,7,0,9,7,0,13,565,1
"org.apache.solr.servlet.RawRequestParser",1,0.00,1.00,4,0.06,1072.66,1,0,30,5,16,92.46,6,9,3,1,124.68,0.00,0.00,0.00,0,1.00,1,167.50,0,1,14,java.lang.Object,0.00,4,0,1,0,4,0,1,6,39,0
"org.apache.solr.servlet.SimpleRequestParser",1,0.00,1.00,3,0.03,513.01,1,0,30,2,13,131.86,0,8,1,1,131.86,0.00,0.00,0.00,0,1.00,1,100.82,0,1,12,java.lang.Object,0.00,1,0,1,0,1,0,1,0,26,0
"org.apache.solr.servlet.SolrDispatchFilter",11,0.02,4.55,187,3.21,250200.88,19,8,33,114,20,48.15,86,247,1,1,90.44,0.00,0.00,0.15,5,50.00,25,9626.60,0,2,19,java.lang.Object,0.00,103,0,50,0,103,9,1,51,1552,1
"org.apache.solr.servlet.SolrRequestParser",1,0.00,1.00,2,0.02,209.87,1,0,30,1,16,141.49,0,5,5,1,141.49,0.00,0.00,0.00,0,1.00,1,63.36,0,1,11,,0.00,0,0,1,0,0,0,0,0,18,0
"org.apache.solr.servlet.SolrRequestParserTest",6,0.40,1.67,86,1.59,78943.77,7,1,22,48,11,145.69,9,117,0,3,95.69,0.00,0.67,0.67,0,0.00,2,4761.05,1,0,11,org.apache.solr.SolrTestCaseJ4,0.00,42,2,10,0,42,6,0,9,817,1
"org.apache.solr.servlet.SolrRequestParsers",6,0.11,3.83,90,1.29,73951.12,15,9,30,38,21,115.22,20,122,7,1,94.61,0.00,0.00,0.20,1,10.00,13,3880.28,0,3,16,java.lang.Object,0.00,32,0,23,0,32,3,0,15,694,1
"org.apache.solr.servlet.SolrRequestParsers$SolrQueryRequestBase",0,0.00,0.00,1,0.01,23.26,0,0,30,0,0,171.00,0,0,0,1,171.00,0.00,0.00,0.00,0,0.00,0,15.51,0,0,0,java.lang.Object,0.00,0,0,0,0,0,0,0,0,6,0
"org.apache.solr.servlet.SolrServletRequest",1,0.00,1.00,3,0.02,201.78,1,0,4,2,4,155.67,3,5,1,2,135.05,0.00,0.50,0.00,0,1.00,1,68.97,0,0,3,org.apache.solr.request.SolrQueryRequestBase,0.00,1,1,1,0,1,1,0,1,21,0
"org.apache.solr.servlet.StandardRequestParser",2,0.00,4.00,22,0.33,13923.68,4,2,30,15,16,151.57,2,35,2,1,101.57,0.00,0.00,0.50,0,2.00,7,993.39,0,1,14,java.lang.Object,0.00,13,0,8,0,13,1,1,2,185,0
"org.apache.lucene.analysis.gl.GalicianAnalyzer",5,0.50,1.80,21,0.28,7029.43,7,2,16,15,14,75.51,42,31,1,4,123.62,0.00,0.75,0.10,0,8.00,3,847.94,0,1,13,org.apache.lucene.analysis.StopwordAnalyzerBase,0.00,10,3,9,0,10,4,0,8,189,2
"org.apache.lucene.analysis.gl.GalicianAnalyzer$DefaultSetHolder",0,0.00,0.00,6,0.07,1305.88,1,1,16,0,3,171.00,2,11,0,1,171.00,0.00,0.00,0.00,0,0.00,0,222.01,0,0,3,java.lang.Object,0.00,0,0,0,0,0,0,0,2,51,2
"org.apache.lucene.analysis.gl.GalicianMinimalStemFilter",2,0.33,2.00,14,0.16,3794.18,5,3,6,8,8,113.74,9,20,2,4,113.50,0.00,0.75,0.50,0,2.00,3,481.98,0,0,6,org.apache.lucene.analysis.TokenFilter,0.29,6,3,4,0,6,2,0,1,107,2
"org.apache.lucene.analysis.gl.GalicianMinimalStemmer",1,0.00,1.00,4,0.06,973.48,2,1,1,3,2,76.90,8,7,1,2,125.01,0.00,0.50,1.00,0,0.00,1,170.48,0,0,1,org.apache.lucene.analysis.pt.RSLPStemmerBase,0.00,2,1,1,0,2,1,0,1,42,1
"org.apache.lucene.analysis.gl.GalicianStemFilter",2,0.33,2.00,15,0.18,4744.35,5,3,6,8,9,94.87,10,21,3,4,112.74,0.00,0.75,0.50,0,2.00,3,535.08,0,0,6,org.apache.lucene.analysis.TokenFilter,0.29,6,3,4,0,6,2,0,2,116,2
"org.apache.lucene.analysis.gl.GalicianStemmer",1,0.00,9.00,41,0.51,38559.53,8,7,2,2,2,44.84,13,40,1,2,74.22,0.00,0.50,1.00,0,0.00,9,1518.51,1,0,1,org.apache.lucene.analysis.pt.RSLPStemmerBase,0.00,1,1,9,0,1,1,0,4,280,1
"org.apache.lucene.analysis.gl.TestGalicianAnalyzer",4,0.00,1.00,15,0.16,2494.63,4,0,4,7,4,181.19,7,21,0,3,131.19,0.00,0.67,0.00,0,4.00,1,481.49,3,0,4,org.apache.lucene.analysis.BaseTokenStreamTestCase,0.00,3,2,4,0,3,4,0,6,114,1
"org.apache.lucene.analysis.gl.TestGalicianMinimalStemFilter",3,0.00,1.00,13,0.10,1298.68,3,0,6,4,5,177.78,4,18,0,3,127.78,0.00,0.67,0.00,0,3.00,1,302.46,2,0,5,org.apache.lucene.analysis.BaseTokenStreamTestCase,0.00,1,2,3,0,1,3,0,2,81,1
"org.apache.lucene.analysis.gl.TestGalicianMinimalStemFilter$ReusableAnalyzerBase",1,0.00,1.00,4,0.05,1009.20,1,0,6,4,3,124.89,0,6,0,1,124.89,0.00,0.00,0.00,0,1.00,1,159.62,0,0,3,java.lang.Object,0.00,3,0,1,0,3,1,0,0,38,0
"org.apache.lucene.analysis.gl.TestGalicianStemFilter",1,0.00,1.00,5,0.04,412.90,1,0,10,3,7,124.56,4,8,0,3,124.33,0.00,0.67,0.00,0,1.00,1,116.42,0,0,7,org.apache.lucene.analysis.BaseTokenStreamTestCase,0.00,2,2,1,0,2,1,0,2,31,1
"org.apache.lucene.analysis.gl.TestGalicianStemFilter$ReusableAnalyzerBase",1,0.00,1.00,5,0.06,1073.53,1,0,10,5,5,121.06,0,8,0,1,121.06,0.00,0.00,0.00,0,1.00,1,188.94,0,0,5,java.lang.Object,0.00,4,0,1,0,4,1,0,0,44,0
"org.apache.lucene.analysis.snowball.Deprecated",5,0.25,2.40,36,0.63,26405.29,8,3,8,19,10,77.74,31,58,0,2,109.96,0.00,0.50,0.53,0,0.00,4,1901.90,2,2,10,org.apache.lucene.analysis.Analyzer,0.00,14,1,12,0,14,3,0,9,376,2
"org.apache.lucene.analysis.snowball.Deprecated$SavedStreams",0,0.00,0.00,3,0.01,82.42,2,2,8,0,2,171.00,0,5,0,1,171.00,0.00,0.00,0.00,0,0.00,0,41.21,0,0,2,java.lang.Object,0.00,0,0,0,0,0,0,0,0,13,1
"org.apache.lucene.analysis.snowball.SnowballFilter",3,0.17,2.67,26,0.35,10774.81,6,3,8,16,28,66.80,22,38,21,4,109.09,0.00,0.75,0.44,0,1.00,4,1036.94,0,0,7,org.apache.lucene.analysis.TokenFilter,0.27,13,3,8,0,13,3,0,3,211,2
"org.apache.lucene.analysis.snowball.TestSnowball",7,0.00,1.00,44,0.68,15603.58,7,0,12,21,12,155.49,14,57,0,3,115.61,0.00,0.67,0.00,0,7.00,1,2036.48,2,0,12,org.apache.lucene.analysis.BaseTokenStreamTestCase,0.00,14,2,7,0,14,7,0,6,412,1
"org.apache.lucene.analysis.snowball.TestSnowball$TestTokenStream",2,0.67,1.00,18,0.24,4507.22,8,6,12,11,8,109.00,0,22,0,3,109.00,0.00,0.67,0.50,0,2.00,1,709.55,0,0,8,org.apache.lucene.analysis.TokenStream,0.30,9,2,2,0,9,2,0,0,149,2
"org.apache.lucene.analysis.snowball.TestSnowballVocab",2,0.00,1.50,23,0.24,3094.52,2,0,8,5,4,58.84,16,28,0,2,106.94,0.00,0.50,0.00,1,2.00,2,716.64,0,0,4,org.apache.lucene.util.LuceneTestCase,0.00,3,1,3,0,3,2,0,9,140,1
"org.apache.lucene.analysis.snowball.TestSnowballVocab$ReusableAnalyzerBase",1,0.00,1.00,4,0.05,771.22,1,0,8,4,3,125.81,0,7,0,1,125.81,0.00,0.00,0.00,0,1.00,1,141.98,0,0,3,java.lang.Object,0.00,3,0,1,0,3,1,0,0,35,0
"org.apache.lucene.analysis.sv.SwedishAnalyzer",5,0.50,1.80,21,0.29,7141.30,7,2,18,16,15,75.46,42,31,1,4,123.56,0.00,0.75,0.10,0,8.00,3,866.52,0,1,14,org.apache.lucene.analysis.StopwordAnalyzerBase,0.00,11,3,9,0,11,4,0,8,192,2
"org.apache.lucene.analysis.sv.SwedishAnalyzer$DefaultSetHolder",0,0.00,0.00,6,0.07,1211.01,1,1,18,0,3,171.00,2,11,0,1,171.00,0.00,0.00,0.00,0,0.00,0,217.37,0,0,3,java.lang.Object,0.00,0,0,0,0,0,0,0,2,50,2
"org.apache.lucene.analysis.sv.SwedishLightStemFilter",2,0.33,2.00,14,0.16,3794.18,5,3,6,8,8,113.74,9,20,2,4,113.50,0.00,0.75,0.50,0,2.00,3,481.98,0,0,6,org.apache.lucene.analysis.TokenFilter,0.29,6,3,4,0,6,2,0,1,107,2
"org.apache.lucene.analysis.sv.SwedishLightStemmer",1,0.00,8.00,10,0.42,31455.50,1,0,1,2,1,55.51,7,41,1,1,97.80,0.00,0.00,0.00,0,1.00,8,1250.96,0,0,0,java.lang.Object,0.00,1,0,8,0,1,1,0,1,221,1
"org.apache.lucene.analysis.sv.TestSwedishAnalyzer",4,0.00,1.00,15,0.16,2494.63,4,0,4,7,4,181.19,7,21,0,3,131.19,0.00,0.67,0.00,0,4.00,1,481.49,3,0,4,org.apache.lucene.analysis.BaseTokenStreamTestCase,0.00,3,2,4,0,3,4,0,6,114,1
"org.apache.lucene.analysis.sv.TestSwedishLightStemFilter",2,0.00,1.00,7,0.06,584.23,2,0,8,4,5,173.67,5,11,0,3,133.79,0.00,0.67,0.00,0,2.00,1,173.53,1,0,5,org.apache.lucene.analysis.BaseTokenStreamTestCase,0.00,2,2,2,0,2,2,0,3,46,1
"org.apache.lucene.analysis.sv.TestSwedishLightStemFilter$ReusableAnalyzerBase",1,0.00,1.00,4,0.05,1009.20,1,0,8,4,3,124.89,0,7,0,1,124.89,0.00,0.00,0.00,0,1.00,1,159.62,0,0,3,java.lang.Object,0.00,3,0,1,0,3,1,0,0,38,0
"org.apache.lucene.queryParser.spans.SpanOrQueryNodeBuilder",1,0.00,2.00,10,0.13,4739.70,1,0,8,5,8,62.30,7,13,1,1,104.59,0.00,0.00,0.00,0,1.00,2,384.82,0,1,7,java.lang.Object,0.00,4,0,2,0,4,0,1,2,78,1
"org.apache.lucene.queryParser.spans.SpanTermQueryNodeBuilder",1,0.00,1.00,4,0.05,948.57,1,0,6,5,7,125.33,4,7,1,1,125.10,0.00,0.00,0.00,0,1.00,1,151.44,0,1,6,java.lang.Object,0.00,4,0,1,0,4,0,1,1,38,1
"org.apache.lucene.queryParser.spans.SpansQueryConfigHandler",2,1.00,1.00,5,0.05,788.09,3,1,3,3,6,139.57,8,9,3,4,139.33,0.00,0.75,0.00,0,2.00,1,142.17,0,1,3,org.apache.lucene.queryParser.core.config.QueryConfigHandler,0.00,1,3,2,0,1,1,0,3,38,1
"org.apache.lucene.queryParser.spans.SpansQueryTreeBuilder",2,0.00,1.00,6,0.06,908.13,2,0,7,4,11,114.41,10,11,2,2,132.28,0.00,0.50,0.00,0,2.00,1,187.45,2,1,9,org.apache.lucene.queryParser.core.builders.QueryTreeBuilder,0.00,2,1,2,0,2,1,1,1,51,1
"org.apache.lucene.queryParser.spans.SpansValidatorQueryNodeProcessor",3,0.00,1.33,9,0.13,4216.51,3,0,10,6,10,148.96,10,20,2,2,128.35,0.00,0.50,0.00,0,3.00,2,394.23,0,3,8,org.apache.lucene.queryParser.core.processors.QueryNodeProcessorImpl,0.00,3,1,4,0,3,0,0,1,92,1
"org.apache.lucene.queryParser.spans.TestSpanQueryParser",8,4.00,1.88,58,0.62,13168.26,12,4,12,25,15,65.90,70,87,0,2,114.00,0.00,0.50,0.00,1,8.00,8,1867.86,1,2,15,org.apache.lucene.util.LuceneTestCase,0.00,17,1,15,0,17,6,0,10,419,1
"org.apache.lucene.queryParser.spans.TestSpanQueryParserSimpleSample",1,0.00,3.00,16,0.23,5522.56,1,0,10,16,12,141.08,76,19,0,2,96.36,0.00,0.50,0.00,0,1.00,3,704.28,0,0,12,org.apache.lucene.util.LuceneTestCase,0.00,15,1,3,0,15,1,0,13,130,1
"org.apache.lucene.queryParser.spans.UniqueFieldAttribute",2,0.00,1.00,3,0.02,77.91,2,0,2,2,3,158.71,8,4,1,2,158.47,0.00,0.50,0.00,0,2.00,1,46.77,0,1,2,,0.00,0,1,2,0,0,1,0,1,18,1
"org.apache.lucene.queryParser.spans.UniqueFieldAttributeImpl",8,0.43,1.25,25,0.25,5105.49,10,2,2,13,4,181.06,8,45,1,2,131.06,0.00,0.50,0.12,2,16.00,2,751.79,0,2,3,org.apache.lucene.util.AttributeImpl,0.27,5,1,10,0,5,6,1,1,185,1
"org.apache.lucene.queryParser.spans.UniqueFieldQueryNodeProcessor",3,0.00,2.00,16,0.19,6265.13,3,0,6,7,8,139.24,10,29,2,2,118.62,0.00,0.50,0.00,0,3.00,4,564.92,1,3,6,org.apache.lucene.queryParser.core.processors.QueryNodeProcessorImpl,0.00,4,1,6,0,4,0,0,1,122,1
"org.apache.solr.handler.clustering.AbstractClusteringTestCase",1,1.00,2.00,48,1.06,57288.48,3,2,3,6,4,22.55,8,142,2,3,70.66,1.00,0.40,0.50,0,0.00,2,3192.21,3,0,2,org.apache.solr.SolrTestCaseJ4,0.00,5,2,2,2,5,1,0,6,501,2
"org.apache.solr.handler.clustering.ClusteringComponent",13,0.00,3.46,134,2.20,130266.94,18,5,21,57,20,141.79,34,179,3,2,101.91,0.00,0.50,0.20,2,46.00,15,6596.47,1,7,17,org.apache.solr.handler.component.SearchComponent,0.29,44,1,45,0,44,6,1,16,1147,1
"org.apache.solr.handler.clustering.ClusteringComponentTest",1,0.00,1.00,33,0.50,17580.54,1,0,12,15,14,48.71,6,36,0,4,80.93,0.00,0.75,0.00,0,0.00,1,1491.90,0,0,14,org.apache.solr.handler.clustering.AbstractClusteringTestCase,0.00,14,3,1,0,14,1,0,3,253,1
"org.apache.solr.handler.clustering.ClusteringEngine",2,0.33,1.00,9,0.07,1013.17,5,3,2,3,5,167.13,4,12,3,1,127.24,0.00,0.00,0.50,0,0.00,1,217.49,0,2,2,java.lang.Object,0.00,1,0,2,4,1,0,0,1,57,1
"org.apache.solr.handler.clustering.ClusteringParams",0,0.00,0.00,6,0.08,1642.33,5,5,0,0,3,171.00,23,7,3,1,171.00,0.00,0.00,0.00,0,0.00,0,246.35,0,0,0,,0.00,0,0,0,0,0,0,0,3,57,1
"org.apache.solr.handler.clustering.DistributedClusteringComponentTest",2,0.00,1.50,14,0.20,4901.31,2,0,2,5,4,162.69,3,24,0,4,112.69,0.00,0.75,0.00,0,2.00,2,587.89,4,1,4,org.apache.solr.BaseDistributedSearchTestCase,0.09,3,3,3,0,3,1,0,3,111,1
"org.apache.solr.handler.clustering.DocumentClusteringEngine",2,0.00,1.00,3,0.03,163.57,2,0,3,2,6,107.46,20,4,2,2,155.94,1.00,0.33,0.00,0,2.00,1,76.87,0,2,4,org.apache.solr.handler.clustering.ClusteringEngine,0.00,0,1,2,1,0,0,0,3,25,2
"org.apache.solr.handler.clustering.MockDocumentClusteringEngine",2,0.00,1.00,7,0.06,1066.67,2,0,3,3,4,171.61,4,12,0,3,131.73,0.00,0.67,0.00,0,2.00,1,179.66,0,2,4,org.apache.solr.handler.clustering.DocumentClusteringEngine,0.00,1,2,2,0,1,0,0,1,48,1
"org.apache.solr.handler.clustering.SearchClusteringEngine",4,0.00,1.00,7,0.12,1437.61,4,0,9,6,9,171.49,12,14,2,2,150.88,1.00,0.33,0.00,0,4.00,1,346.64,0,4,7,org.apache.solr.handler.clustering.ClusteringEngine,0.00,2,1,4,1,2,0,0,3,85,2
"org.apache.lucene.xmlparser.CoreParser",8,0.06,1.38,70,0.96,33614.43,13,5,9,38,30,108.94,32,103,3,1,108.71,0.00,0.00,0.15,2,16.00,3,2880.03,0,3,27,java.lang.Object,0.00,30,0,11,1,30,5,1,5,531,1
"org.apache.lucene.xmlparser.CorePlusExtensionsParser",3,0.00,1.00,14,0.18,3227.64,3,0,8,11,12,76.19,30,22,3,2,124.67,0.00,0.50,0.00,0,4.00,1,531.06,0,0,9,org.apache.lucene.xmlparser.CoreParser,0.00,8,1,3,0,8,3,0,4,117,1
"org.apache.lucene.xmlparser.DOMUtils",17,0.00,2.53,115,1.35,47777.25,17,0,7,43,25,154.49,38,205,24,1,114.60,0.00,0.00,0.00,5,17.00,6,4063.88,0,13,1,java.lang.Object,0.00,26,0,43,0,26,4,0,12,873,1
"org.apache.lucene.xmlparser.FilterBuilder",1,0.00,1.00,2,0.01,69.06,1,0,2,1,11,171.57,19,3,9,1,145.29,0.00,0.00,0.00,0,1.00,1,36.53,0,1,2,,0.00,0,0,1,0,0,0,0,2,13,1
"org.apache.lucene.xmlparser.FilterBuilderFactory",3,0.00,1.33,11,0.14,3433.29,4,1,3,9,6,96.83,19,19,3,1,129.05,0.00,0.00,1.00,0,0.00,2,408.23,0,2,3,java.lang.Object,0.00,6,0,4,0,6,1,1,2,98,1
"org.apache.lucene.xmlparser.ParserException",4,0.00,1.00,9,0.05,332.37,4,0,0,4,37,96.55,32,14,37,2,144.65,0.00,0.50,0.00,0,4.00,1,136.79,0,0,0,java.lang.Exception,0.00,0,1,4,0,0,4,0,6,46,1
"org.apache.lucene.xmlparser.QueryBuilder",1,0.00,1.00,2,0.01,69.06,1,0,2,1,17,178.67,20,3,15,1,145.29,0.00,0.00,0.00,0,1.00,1,36.53,0,1,2,,0.00,0,0,1,0,0,0,0,2,13,1
"org.apache.lucene.xmlparser.QueryBuilderFactory",3,0.00,1.33,11,0.14,3433.29,4,1,3,9,5,96.83,19,19,2,1,129.05,0.00,0.00,1.00,0,0.00,2,408.23,0,1,3,java.lang.Object,0.00,6,0,4,0,6,2,1,2,98,1
"org.apache.lucene.xmlparser.QueryTemplateManager",16,0.08,1.12,71,1.06,23676.48,20,4,21,42,3,144.17,48,111,2,1,123.55,0.00,0.00,0.17,4,106.00,3,3182.30,0,9,1,java.lang.Object,0.00,26,0,18,0,26,7,0,11,651,1
"org.apache.lucene.xmlparser.TestParser",24,0.12,1.17,120,1.61,38580.35,28,4,20,60,16,119.64,20,175,1,2,119.64,0.00,0.50,0.14,2,122.00,3,4844.68,0,1,15,org.apache.lucene.util.LuceneTestCase,0.00,36,1,28,0,36,23,0,5,973,1
"org.apache.lucene.xmlparser.TestQueryTemplateManager",5,0.21,2.40,60,0.94,28233.20,11,6,17,39,13,58.71,39,92,0,2,101.00,0.00,0.50,0.33,2,2.00,3,2823.47,2,2,13,org.apache.lucene.util.LuceneTestCase,0.00,34,1,12,0,34,3,0,19,520,1
"org.apache.lucene.facet.search.AdaptiveAccumulatorTest",1,0.00,1.00,5,0.06,1150.60,1,0,5,3,7,120.35,16,11,0,5,120.82,0.00,0.80,0.00,0,1.00,1,173.83,0,1,7,org.apache.lucene.facet.search.sampling.BaseSampleTestTopK,0.00,2,4,1,0,2,0,0,1,41,1
"org.apache.lucene.facet.search.AdaptiveFacetsAccumulator",6,0.80,1.50,23,0.24,5304.61,7,1,12,11,16,81.80,52,37,2,3,129.91,0.00,0.67,0.33,1,10.00,3,731.20,2,3,14,org.apache.lucene.facet.search.StandardFacetsAccumulator,0.00,5,2,9,0,5,3,0,10,171,2
"org.apache.lucene.facet.search.BaseTestTopK",8,0.02,1.38,41,0.57,15625.45,15,7,14,20,14,158.83,19,63,3,3,118.94,3.00,0.22,0.12,2,24.00,2,1720.55,3,5,11,org.apache.lucene.facet.FacetTestBase,0.30,12,2,11,6,12,3,0,4,372,2
"org.apache.lucene.facet.search.CategoryListIterator",3,0.00,1.00,4,0.03,147.66,3,0,1,3,13,175.81,55,5,13,1,157.67,0.00,0.00,0.00,0,3.00,1,75.83,0,0,0,,0.00,0,0,3,0,0,3,0,5,27,1
"org.apache.lucene.facet.search.CategoryListIteratorTest",2,0.00,6.00,82,1.33,70152.80,3,1,29,34,21,30.51,23,87,0,2,74.64,0.00,0.50,1.00,0,0.00,7,3994.47,0,0,21,org.apache.lucene.util.LuceneTestCase,0.00,32,1,12,0,32,2,0,6,635,1
"org.apache.lucene.facet.search.CategoryListIteratorTest$Analyzer",1,0.00,1.00,3,0.03,489.04,1,0,29,2,2,132.02,0,5,0,1,132.02,0.00,0.00,0.00,0,1.00,1,99.74,0,1,2,java.lang.Object,0.00,1,0,1,0,1,0,0,0,26,0
"org.apache.lucene.facet.search.CategoryListIteratorTest$DataTokenStream",3,0.36,1.67,27,0.30,7506.38,10,7,29,13,6,108.53,0,33,0,3,108.53,0.00,0.67,0.38,0,2.00,3,887.99,0,0,6,org.apache.lucene.analysis.TokenStream,0.27,10,2,5,0,10,3,0,0,184,3
"org.apache.lucene.facet.search.DrillDown",7,0.00,1.43,29,0.41,13611.13,7,0,9,19,15,80.27,49,39,7,1,122.56,0.00,0.00,0.00,2,7.00,4,1237.32,0,7,8,java.lang.Object,0.00,12,0,10,0,12,0,0,9,270,2
"org.apache.lucene.facet.search.DrillDownTest",7,0.22,2.00,87,1.33,44862.86,13,6,31,40,23,100.84,31,106,0,2,100.61,0.00,0.50,0.36,0,6.00,6,3986.67,0,0,23,org.apache.lucene.util.LuceneTestCase,0.00,33,1,14,0,33,7,0,16,751,1
"org.apache.lucene.facet.search.FacetArrays",5,0.35,1.80,29,0.21,3809.65,10,5,0,9,17,73.99,41,40,15,1,122.10,0.00,0.00,0.48,0,0.00,3,620.80,0,0,2,java.lang.Object,0.00,4,0,9,0,4,5,0,11,156,1
"org.apache.lucene.facet.search.FacetResultsHandler",9,2.00,1.00,18,0.17,2304.74,11,2,6,10,14,103.24,113,25,9,1,140.81,0.00,0.00,0.00,0,9.00,1,504.03,0,6,6,java.lang.Object,0.00,1,0,9,2,1,3,0,13,140,2
"org.apache.lucene.facet.search.FacetsAccumulator",7,0.10,1.29,28,0.24,4113.69,15,8,7,8,24,97.30,91,38,18,1,126.68,0.00,0.00,0.04,0,17.00,3,734.79,0,1,6,java.lang.Object,0.00,1,0,9,4,1,6,0,16,177,2
"org.apache.lucene.facet.search.FacetsCollector",8,0.07,1.38,31,0.33,5688.12,12,4,9,18,20,88.38,60,52,10,2,130.67,0.00,0.50,0.31,0,0.00,3,994.69,0,1,10,org.apache.lucene.index.Collector,0.00,10,1,11,0,10,7,0,8,234,1
"org.apache.lucene.facet.search.FloatArrayAllocator",3,1.00,1.00,9,0.08,1265.51,4,1,1,4,7,112.39,43,15,6,2,132.53,0.00,0.50,0.33,0,4.00,1,251.14,0,0,1,org.apache.lucene.facet.search.TemporaryObjectAllocator,0.25,1,1,3,0,1,3,0,4,67,2
"org.apache.lucene.facet.search.Heap",6,0.00,1.00,7,0.03,191.17,6,0,0,6,3,126.94,40,8,3,1,159.16,0.00,0.00,0.00,0,6.00,1,102.28,0,0,0,,0.00,0,0,6,0,0,6,0,8,41,1
"org.apache.lucene.facet.search.IntArrayAllocator",3,1.00,1.00,9,0.08,1333.70,4,1,1,4,7,112.21,43,15,6,2,132.35,0.00,0.50,0.33,0,4.00,1,249.55,0,0,1,org.apache.lucene.facet.search.TemporaryObjectAllocator,0.25,1,1,3,0,1,3,0,4,67,2
"org.apache.lucene.facet.search.PayloadIntDecodingIterator",7,0.14,1.43,35,0.38,9324.12,13,6,5,20,10,88.02,44,50,4,1,120.24,0.00,0.00,0.29,0,9.00,3,1143.18,0,0,6,java.lang.Object,0.00,13,0,10,0,13,7,1,4,261,1
"org.apache.lucene.facet.search.PayloadIterator",6,0.00,2.17,36,0.37,17056.85,10,4,4,13,4,72.31,47,52,1,1,114.60,0.00,0.00,0.25,0,18.00,8,1114.94,0,0,3,java.lang.Object,0.00,7,0,13,1,7,6,0,12,238,1
"org.apache.lucene.facet.search.SamplingWrapper",6,0.00,1.33,35,0.43,15795.03,8,2,8,22,8,75.63,43,49,1,2,117.93,0.00,0.50,0.50,2,0.00,3,1284.20,0,1,7,org.apache.lucene.facet.search.FacetsAccumulator,0.77,16,1,8,0,16,5,0,14,264,1
"org.apache.lucene.facet.search.SamplingWrapperTest",1,0.00,1.00,4,0.05,913.99,1,0,5,3,8,124.75,16,10,0,5,125.23,0.00,0.80,0.00,0,1.00,1,162.67,0,1,8,org.apache.lucene.facet.search.sampling.BaseSampleTestTopK,0.00,2,4,1,0,2,0,0,1,39,1
"org.apache.lucene.facet.search.ScoredDocIDs",3,0.00,1.00,4,0.02,86.13,3,0,2,3,20,111.41,26,5,18,1,159.52,0.00,0.00,0.00,0,3.00,1,50.87,0,2,2,,0.00,0,0,3,0,0,1,0,5,21,1
"org.apache.lucene.facet.search.ScoredDocIDsIterator",3,1.00,1.00,5,0.03,250.46,4,1,0,3,16,105.87,29,6,16,1,155.87,0.00,0.00,0.00,0,3.00,1,91.50,0,0,0,,0.00,0,0,3,0,0,3,0,6,31,1
"org.apache.lucene.facet.search.ScoredDocIdCollector",7,0.28,1.14,18,0.16,2490.30,10,3,8,11,19,121.78,37,25,10,2,139.65,2.00,0.25,0.10,0,12.00,2,489.15,0,3,9,org.apache.lucene.index.Collector,0.00,4,1,8,2,4,4,0,5,128,2
"org.apache.lucene.facet.search.ScoredDocIdCollector$NonScoringDocIdCollector",7,1.00,1.00,17,0.14,1980.82,8,1,8,9,3,140.46,0,28,0,3,140.46,0.00,0.67,0.14,0,17.00,1,432.22,0,1,3,org.apache.lucene.facet.search.ScoredDocIdCollector,0.64,2,2,7,0,2,6,0,0,116,3
"org.apache.lucene.facet.search.ScoredDocIdCollector$NonScoringDocIdCollector$ScoredDocIDsIterator",3,0.00,1.33,13,0.09,1529.57,5,2,8,4,1,127.16,2,14,0,1,127.16,0.00,0.00,0.50,0,2.00,2,269.02,0,0,1,java.lang.Object,0.00,1,0,4,0,1,3,0,2,70,0
"org.apache.lucene.facet.search.ScoredDocIdCollector$ScoredDocIDs",3,0.00,1.00,7,0.03,241.62,3,0,8,4,2,144.76,0,10,0,1,144.76,0.00,0.00,0.00,0,5.00,1,92.54,0,2,2,java.lang.Object,0.00,1,0,3,0,1,1,0,0,31,0
"org.apache.lucene.facet.search.ScoredDocIdCollector$ScoringDocIdCollector",7,0.42,1.14,25,0.26,6479.82,9,2,8,12,4,129.81,0,35,0,3,129.81,0.00,0.67,0.14,0,13.00,2,789.59,0,1,4,org.apache.lucene.facet.search.ScoredDocIdCollector,0.64,5,2,8,0,5,6,0,0,181,3
"org.apache.lucene.facet.search.ScoredDocIdCollector$ScoringDocIdCollector$ScoredDocIDsIterator_0",3,0.33,1.67,17,0.12,2537.71,6,3,8,4,1,121.76,2,19,0,1,121.76,0.00,0.00,0.56,0,0.00,3,371.14,0,0,1,java.lang.Object,0.00,1,0,5,0,1,3,0,2,90,0
"org.apache.lucene.facet.search.StandardFacetsAccumulator",9,0.08,3.89,119,1.78,114911.85,17,8,16,57,29,59.24,114,167,11,2,96.80,2.00,0.25,0.19,4,15.00,14,5353.81,2,3,19,org.apache.lucene.facet.search.FacetsAccumulator,0.00,48,1,35,2,48,6,0,42,922,1
"org.apache.lucene.facet.search.TemporaryObjectAllocator",5,0.25,1.40,16,0.14,2802.54,7,2,1,9,2,131.01,80,22,2,1,131.48,0.00,0.00,0.30,2,7.00,2,431.33,0,0,0,java.lang.Object,0.00,4,0,7,2,4,5,0,10,111,2
"org.apache.lucene.facet.search.TestCategoryListCache",8,0.00,1.38,41,0.49,13620.59,8,0,16,26,11,159.29,21,61,0,3,119.41,0.00,0.67,0.00,2,14.00,4,1475.36,7,0,11,org.apache.lucene.facet.FacetTestBase,0.00,18,2,11,0,18,8,0,6,295,1
"org.apache.lucene.facet.search.TestCategoryListCache$CategoryListData",1,0.00,1.00,4,0.04,762.59,1,0,16,3,1,125.84,0,6,0,1,125.84,0.00,0.00,0.00,0,1.00,1,108.08,0,1,1,java.lang.Object,0.00,2,0,1,0,2,0,0,0,28,0
"org.apache.lucene.facet.search.TestCategoryListCache$CategoryListData$CategoryListIterator",3,0.00,1.67,10,0.10,3072.08,3,0,16,6,0,129.38,0,14,0,1,129.38,0.00,0.00,0.00,0,3.00,3,286.10,0,0,0,java.lang.Object,0.00,3,0,5,0,3,3,0,0,72,0
"org.apache.lucene.facet.search.TestFacetArrays",1,0.00,1.00,13,0.16,4876.22,1,0,5,8,3,133.79,20,16,0,2,100.40,0.00,0.50,0.00,0,1.00,1,486.57,0,0,3,org.apache.lucene.util.LuceneTestCase,0.00,7,1,1,0,7,1,0,5,102,1
"org.apache.lucene.facet.search.TestFacetsAccumulatorWithComplement",8,0.00,1.50,52,0.67,19783.18,8,0,20,28,15,115.40,35,80,0,3,115.16,0.00,0.67,0.00,3,8.00,4,2024.15,5,2,15,org.apache.lucene.facet.FacetTestBase,0.10,20,2,12,0,20,6,0,10,404,1
"org.apache.lucene.facet.search.TestMultipleCategoryLists",11,0.00,1.18,182,3.11,105986.97,11,0,35,53,29,94.91,47,235,0,2,94.67,0.00,0.50,0.00,6,11.00,3,9319.08,0,2,29,org.apache.lucene.util.LuceneTestCase,0.00,42,1,13,0,42,9,0,30,1629,1
"org.apache.lucene.facet.search.TestScoredDocIdCollector",8,0.00,1.88,72,1.13,47467.66,8,0,20,41,15,126.16,30,99,0,3,105.55,0.00,0.67,0.00,1,16.00,4,3403.34,6,3,15,org.apache.lucene.facet.FacetTestBase,0.10,33,2,15,0,33,5,0,15,605,1
"org.apache.lucene.facet.search.TestTopKInEachNodeResultHandler",2,0.00,8.00,204,4.52,792042.52,2,0,37,69,27,90.82,42,225,0,2,51.52,0.00,0.50,0.00,1,2.00,15,13548.16,0,0,27,org.apache.lucene.util.LuceneTestCase,0.00,67,1,16,0,67,2,0,27,1839,1
"org.apache.lucene.facet.search.TestTopKInEachNodeResultHandler$DefaultFacetIndexingParams",1,0.00,1.00,3,0.01,149.03,1,0,37,1,0,136.09,0,5,0,1,136.09,0.00,0.00,0.00,0,1.00,1,44.54,0,0,0,java.lang.Object,0.00,0,0,1,0,0,1,0,0,15,0
"org.apache.lucene.facet.search.TestTopKResultsHandler",6,0.80,2.00,107,2.01,155155.19,7,1,11,30,10,90.43,28,139,0,4,90.19,0.00,0.75,0.33,0,14.00,3,6022.05,4,2,10,org.apache.lucene.facet.search.BaseTestTopK,0.33,24,3,12,0,24,4,0,8,1006,1
"org.apache.lucene.facet.search.TestTopKResultsHandler$FacetsCollector",1,0.00,1.00,5,0.06,1164.06,1,0,11,3,5,120.78,0,7,0,1,120.78,0.00,0.00,0.00,0,1.00,1,175.73,0,1,5,java.lang.Object,0.00,2,0,1,0,2,0,0,0,42,0
"org.apache.lucene.facet.search.TestTopKResultsHandler$FacetsCollector_0",1,0.00,1.00,5,0.06,1164.06,1,0,11,3,5,120.78,0,7,0,1,120.78,0.00,0.00,0.00,0,1.00,1,175.73,0,1,5,java.lang.Object,0.00,2,0,1,0,2,0,0,0,42,0
"org.apache.lucene.facet.search.TestTopKResultsHandler$FacetsCollector_1",1,0.00,1.00,5,0.06,1164.06,1,0,11,3,5,120.78,0,7,0,1,120.78,0.00,0.00,0.00,0,1.00,1,175.73,0,1,5,java.lang.Object,0.00,2,0,1,0,2,0,0,0,42,0
"org.apache.lucene.facet.search.TestTopKResultsHandlerRandom",3,0.00,4.33,60,0.98,66553.55,3,0,11,20,9,50.34,38,68,0,4,87.91,0.00,0.75,0.00,1,4.00,10,2951.35,5,1,9,org.apache.lucene.facet.search.BaseTestTopK,0.12,17,3,13,0,17,2,0,9,483,1
"org.apache.lucene.facet.search.TestTopKResultsHandlerRandom$FacetsCollector",1,0.00,2.00,6,0.08,1961.19,1,0,11,3,5,115.89,0,10,0,1,115.89,0.00,0.00,0.00,0,1.00,2,240.79,0,1,5,java.lang.Object,0.00,2,0,2,0,2,0,0,0,53,0
"org.apache.lucene.facet.search.TestTotalFacetCounts",3,0.00,1.33,49,1.06,78752.84,3,0,12,28,8,43.11,25,58,0,2,91.22,0.00,0.50,0.00,2,3.00,2,3193.37,0,0,8,org.apache.lucene.util.LuceneTestCase,0.00,25,1,4,0,25,3,0,10,513,1
"org.apache.lucene.facet.search.TestTotalFacetCounts$DefaultFacetIndexingParams",1,0.00,1.00,3,0.01,149.03,1,0,12,1,0,136.09,0,5,0,1,136.09,0.00,0.00,0.00,0,1.00,1,44.54,0,0,0,java.lang.Object,0.00,0,0,1,0,0,1,0,0,15,0
"org.apache.lucene.facet.search.TestTotalFacetCountsCache",12,0.64,2.08,235,4.27,268714.84,13,1,37,86,30,38.88,118,264,1,2,88.87,0.00,0.50,0.42,5,22.00,6,12819.16,1,0,29,org.apache.lucene.util.LuceneTestCase,0.00,74,1,25,0,74,12,0,78,2140,1
"org.apache.lucene.facet.search.TestTotalFacetCountsCache$DefaultFacetIndexingParams",1,0.00,1.00,3,0.01,149.03,1,0,37,1,0,136.09,0,5,0,1,136.09,0.00,0.00,0.00,0,1.00,1,44.54,0,0,0,java.lang.Object,0.00,0,0,1,0,0,1,0,0,15,0
"org.apache.lucene.facet.search.TestTotalFacetCountsCache$Multi",3,0.25,1.33,17,0.15,2507.61,7,4,37,7,6,121.85,0,25,0,2,121.85,0.00,0.50,0.42,0,1.00,2,441.30,0,1,6,org.apache.lucene.analysis.Thread,0.00,4,1,4,0,4,2,0,0,108,0
"org.apache.lucene.facet.search.TestTotalFacetCountsCache$TFCThread",2,0.50,1.50,13,0.12,1985.61,6,4,37,3,4,118.28,0,19,0,2,118.28,0.00,0.50,0.50,0,2.00,2,371.86,0,0,4,org.apache.lucene.analysis.Thread,0.00,1,1,3,0,1,2,0,0,89,2
"org.apache.lucene.facet.search.TopKFacetResultsHandler",7,0.00,4.29,123,1.65,111638.69,7,0,10,44,12,54.11,86,151,3,2,91.67,0.00,0.50,0.00,1,3.00,10,4950.54,1,4,10,org.apache.lucene.facet.search.FacetResultsHandler,0.00,37,1,30,0,37,3,0,40,873,1
"org.apache.lucene.facet.search.TopKFacetResultsHandler$TopKFacetResult",3,1.00,1.00,8,0.07,863.99,4,1,10,3,6,122.53,15,12,0,2,140.40,0.00,0.50,0.33,0,4.00,1,217.28,0,1,6,org.apache.lucene.facet.search.results.FacetResult,0.00,0,1,3,0,0,2,1,5,59,2
"org.apache.lucene.facet.search.TopKInEachNodeHandler",11,0.00,5.73,264,3.97,523869.74,11,0,14,60,11,127.40,315,331,1,2,82.28,0.00,0.50,0.00,4,23.00,19,11921.28,1,5,11,org.apache.lucene.facet.search.FacetResultsHandler,0.00,49,1,63,0,49,6,0,123,1987,1
"org.apache.lucene.facet.search.TopKInEachNodeHandler$AACO",1,3.00,1.00,8,0.06,874.11,4,3,14,1,0,134.76,3,11,0,1,114.15,0.00,0.00,0.00,0,1.00,1,193.71,0,0,0,java.lang.Object,0.00,0,0,1,0,0,1,0,3,50,3
"org.apache.lucene.facet.search.TopKInEachNodeHandler$ACComparator",2,0.00,1.00,3,0.02,175.47,2,0,14,2,0,155.70,0,4,0,1,155.70,0.00,0.00,0.00,0,2.00,1,73.04,0,0,0,java.lang.Object,0.00,0,0,2,0,0,2,0,0,24,3
"org.apache.lucene.facet.search.TopKInEachNodeHandler$AggregatedCategory",1,2.00,1.00,6,0.04,397.36,3,2,14,1,0,121.51,0,8,0,1,121.51,0.00,0.00,0.00,0,1.00,1,122.20,0,0,0,java.lang.Object,0.00,0,0,1,0,0,1,0,0,34,3
"org.apache.lucene.facet.search.TopKInEachNodeHandler$AggregatedCategoryHeap",2,1.00,1.00,7,0.08,1280.02,3,1,14,3,1,131.10,0,11,0,2,131.10,0.00,0.50,0.50,0,2.00,1,244.74,1,0,1,org.apache.lucene.util.PriorityQueue,0.00,1,1,2,0,1,2,0,0,63,2
"org.apache.lucene.facet.search.TopKInEachNodeHandler$AscOrdACComparator",2,0.00,1.00,4,0.04,564.87,2,0,14,2,0,140.47,0,7,0,2,140.47,0.00,0.50,0.00,0,2.00,1,119.75,0,0,0,org.apache.lucene.facet.search.ACComparator,0.00,0,1,2,0,0,2,0,0,34,3
"org.apache.lucene.facet.search.TopKInEachNodeHandler$AscValueACComparator",2,0.00,1.00,4,0.04,564.87,2,0,14,2,0,140.47,0,7,0,2,140.47,0.00,0.50,0.00,0,2.00,1,119.75,0,0,0,org.apache.lucene.facet.search.ACComparator,0.00,0,1,2,0,0,2,0,0,34,3
"org.apache.lucene.facet.search.TopKInEachNodeHandler$DescOrdACComparator",2,0.00,1.00,4,0.04,564.87,2,0,14,2,0,140.47,0,7,0,2,140.47,0.00,0.50,0.00,0,2.00,1,119.75,0,0,0,org.apache.lucene.facet.search.ACComparator,0.00,0,1,2,0,0,2,0,0,34,3
"org.apache.lucene.facet.search.TopKInEachNodeHandler$DescValueACComparator",2,0.00,1.00,4,0.04,564.87,2,0,14,2,0,140.47,0,7,0,2,140.47,0.00,0.50,0.00,0,2.00,1,119.75,0,0,0,org.apache.lucene.facet.search.ACComparator,0.00,0,1,2,0,0,2,0,0,34,3
"org.apache.lucene.facet.search.TopKInEachNodeHandler$IntermediateFacetResultWithHash",2,5.00,1.00,14,0.12,1818.77,7,5,14,2,3,136.79,7,18,0,1,116.18,0.00,0.00,0.00,0,2.00,1,354.30,0,1,3,java.lang.Object,0.00,0,0,2,0,0,1,1,7,82,2
"org.apache.lucene.facet.search.TopKInEachNodeHandler$ResultNodeHeap",2,1.00,1.00,7,0.09,1383.02,3,1,14,5,2,130.84,0,11,0,2,130.84,0.00,0.50,0.50,0,2.00,1,261.09,1,0,2,org.apache.lucene.util.PriorityQueue,0.00,3,1,2,0,3,2,0,0,67,2
"org.apache.lucene.facet.search.TotalFacetCounts",7,0.06,2.29,74,0.96,37294.97,13,6,22,34,20,71.94,46,91,6,1,104.16,0.00,0.00,0.12,0,18.00,4,2875.49,0,2,15,java.lang.Object,0.00,27,0,16,0,27,5,0,9,572,1
"org.apache.lucene.facet.search.TotalFacetCounts$CreationType",0,0.00,0.00,2,0.00,11.61,0,0,22,0,0,171.00,0,1,0,1,171.00,0.00,0.00,0.00,0,0.00,0,11.61,0,0,0,java.lang.Object,0.00,0,0,0,0,0,0,0,0,5,0
"org.apache.lucene.facet.search.TotalFacetCounts$StandardFacetsAccumulator",1,0.00,2.00,9,0.14,5335.10,1,0,22,5,4,105.89,0,12,0,1,105.89,0.00,0.00,0.00,0,1.00,2,410.77,0,1,4,java.lang.Object,0.00,4,0,2,0,4,0,0,0,81,0
"org.apache.lucene.facet.search.TotalFacetCountsCache",11,0.02,1.73,59,0.77,22458.20,16,5,11,35,10,74.61,131,84,4,1,118.74,0.00,0.00,0.22,4,36.00,3,2305.03,0,3,6,java.lang.Object,0.00,24,0,19,0,24,8,0,24,490,2
"org.apache.lucene.facet.search.TotalFacetCountsCache$TFCKey",3,0.25,2.00,26,0.34,13835.53,9,6,11,11,4,108.30,1,36,0,1,108.30,0.00,0.00,0.33,0,2.00,4,1008.47,0,0,4,java.lang.Object,0.00,8,0,6,0,8,3,0,1,215,2
"org.apache.solr.schema.AbstractSubTypeFieldType",7,0.10,1.57,49,0.63,19234.34,14,7,7,22,11,132.91,24,62,2,3,112.29,1.50,0.33,0.22,1,12.00,3,1877.95,0,4,9,org.apache.solr.schema.FieldType,0.00,15,2,11,3,15,3,1,7,380,2
"org.apache.solr.schema.BCDIntField",8,0.00,1.00,17,0.21,2842.25,8,0,7,15,10,139.69,5,34,2,4,139.69,0.67,0.50,0.00,2,8.00,1,625.93,1,6,8,org.apache.solr.schema.PrimitiveFieldType,0.00,7,3,8,2,7,2,0,3,161,1
"org.apache.solr.schema.BCDLongField",2,0.00,1.00,5,0.06,888.31,2,0,3,4,3,188.92,3,10,0,5,138.92,0.00,0.80,0.00,0,2.00,1,194.05,1,1,3,org.apache.solr.schema.BCDIntField,0.00,2,4,2,0,2,1,0,1,50,1
"org.apache.solr.schema.BCDStrField",2,0.00,1.00,5,0.06,741.71,2,0,3,3,3,160.15,7,10,0,5,139.54,0.00,0.80,0.00,0,2.00,1,175.48,1,1,3,org.apache.solr.schema.BCDIntField,0.00,1,4,2,0,1,1,0,2,46,1
"org.apache.solr.schema.BadIndexSchemaTest",5,0.00,2.40,66,0.83,37012.40,5,0,9,24,4,148.78,7,87,0,3,98.78,0.00,0.67,0.00,2,7.00,4,2475.80,3,1,4,org.apache.solr.SolrTestCaseJ4,0.00,19,2,12,0,19,4,0,6,459,1
"org.apache.solr.schema.BinaryField",7,0.00,1.57,36,0.53,22061.49,7,0,8,26,10,117.27,1,51,2,3,117.27,0.00,0.67,0.00,2,12.00,5,1592.08,0,5,8,org.apache.solr.schema.FieldType,0.06,19,2,11,0,19,2,0,1,325,1
"org.apache.solr.schema.BoolField",10,2.00,1.30,29,0.42,8725.16,12,2,13,21,14,136.55,7,51,1,4,136.55,0.00,0.75,0.00,2,10.00,3,1257.37,1,8,13,org.apache.solr.schema.PrimitiveFieldType,0.22,11,3,13,0,11,2,0,5,291,1
"org.apache.solr.schema.BoolField$SolrAnalyzer",1,0.00,1.00,4,0.03,555.18,1,0,13,3,1,126.93,0,6,0,1,126.93,0.00,0.00,0.00,0,1.00,1,102.01,0,0,1,java.lang.Object,0.00,2,0,1,0,2,1,0,0,27,0
"org.apache.solr.schema.BoolField$SolrAnalyzer$Tokenizer",2,0.50,2.50,14,0.17,4586.86,4,2,13,5,1,112.80,0,20,0,1,112.80,0.00,0.00,0.75,0,0.00,4,524.31,1,0,1,java.lang.Object,0.00,3,0,5,0,3,2,0,0,111,0
"org.apache.solr.schema.ByteField",6,0.00,1.33,23,0.31,6859.86,6,0,9,18,12,129.29,25,39,2,4,129.05,0.00,0.75,0.00,0,10.00,3,930.10,3,3,10,org.apache.solr.schema.PrimitiveFieldType,0.08,12,3,8,0,12,3,0,9,207,1
"org.apache.solr.schema.CoordinateFieldType",1,2.00,1.00,6,0.05,767.99,4,3,0,1,2,158.55,21,8,1,4,119.25,0.33,0.60,0.33,0,0.00,1,151.44,0,0,1,org.apache.solr.schema.AbstractSubTypeFieldType,0.00,0,3,1,1,0,1,0,3,38,2
"org.apache.solr.schema.CopyField",6,0.00,1.50,23,0.22,6182.25,10,4,0,9,6,150.00,20,36,5,1,129.38,0.00,0.00,0.25,0,18.00,3,650.67,0,1,1,java.lang.Object,0.00,3,0,9,0,3,5,0,5,159,1
"org.apache.solr.schema.CopyFieldTest",7,0.00,2.00,67,1.05,41148.31,7,0,10,23,9,105.56,6,117,0,3,105.56,0.00,0.67,0.00,0,12.00,5,3146.60,5,0,9,org.apache.solr.SolrTestCaseJ4,0.00,16,2,14,0,16,7,0,1,630,1
"org.apache.solr.schema.CurrencyField",15,0.06,2.00,114,1.93,80980.62,30,15,38,56,22,159.93,26,152,1,3,109.93,0.00,0.67,0.12,4,86.00,8,5788.99,1,5,21,org.apache.solr.schema.FieldType,0.10,41,2,30,0,41,10,2,10,1071,1
"org.apache.solr.schema.CurrencyField$CurrencyValue",9,0.31,1.89,56,0.66,28481.79,11,2,38,22,2,82.04,62,69,0,1,114.26,0.00,0.00,0.22,3,22.00,5,1978.43,0,4,2,java.lang.Object,0.00,13,0,17,0,13,5,0,8,412,0
"org.apache.solr.schema.CurrencyField$CurrencyValueSource",6,0.24,2.33,31,0.53,22662.99,11,5,38,16,5,116.56,0,43,0,2,116.56,0.00,0.50,0.40,1,0.00,6,1579.05,0,3,5,org.apache.solr.search.function.ValueSource,0.27,10,1,14,0,10,3,0,0,343,0
"org.apache.solr.schema.CurrencyField$CurrencyValueSource$DocValues",7,0.05,2.57,60,0.73,37459.61,14,7,38,18,0,107.73,0,75,0,1,107.73,0.00,0.00,0.18,2,13.00,8,2183.50,0,3,0,java.lang.Object,0.00,11,0,18,0,11,4,0,0,440,0
"org.apache.solr.schema.CurrencyField$FileExchangeRateProvider",10,0.02,3.60,103,1.82,112597.72,15,5,38,46,3,141.38,29,140,0,1,101.50,0.00,0.00,0.18,3,30.00,13,5451.48,0,3,3,java.lang.Object,0.00,36,0,36,0,36,7,1,7,958,0
"org.apache.solr.schema.CurrencyFieldTest",8,0.00,2.50,126,2.01,106660.83,8,0,7,34,8,144.44,8,144,0,3,94.44,0.00,0.67,0.00,0,16.00,8,6037.90,6,0,8,org.apache.solr.SolrTestCaseJ4,0.00,26,2,20,0,26,8,0,6,1062,1
"org.apache.solr.schema.CustomSimilarityFactory",1,0.00,1.00,3,0.03,352.50,1,0,1,3,3,133.14,0,6,0,2,133.14,0.00,0.50,0.00,0,0.00,1,85.83,0,1,3,org.apache.solr.schema.SimilarityFactory,0.50,2,1,1,0,2,0,0,0,24,1
"org.apache.solr.schema.DateField",19,0.03,1.84,91,1.43,62870.29,27,8,16,45,32,88.46,117,151,19,4,120.68,0.67,0.50,0.09,8,103.00,7,4287.04,1,17,15,org.apache.solr.schema.PrimitiveFieldType,0.06,26,3,35,2,26,2,0,26,859,1
"org.apache.solr.schema.DateField$DateFieldSource",5,0.50,1.00,14,0.14,2177.67,7,2,16,7,4,138.99,1,25,0,3,138.99,0.00,0.67,0.10,0,11.00,1,423.53,2,2,4,org.apache.solr.search.function.FieldCacheSource,0.32,2,2,5,0,2,3,0,1,110,0
"org.apache.solr.schema.DateField$DateFieldSource$StringIndexDocValues",7,0.00,1.00,17,0.18,2778.57,7,0,16,8,0,139.31,1,31,0,1,139.31,0.00,0.00,0.00,1,13.00,1,530.12,0,3,0,java.lang.Object,0.00,1,0,7,0,1,4,0,1,141,0
"org.apache.solr.schema.DateField$ISO8601CanonicalDateFormat",4,0.33,2.25,34,0.55,22688.17,6,2,16,24,0,157.57,6,57,0,2,107.57,0.00,0.50,0.25,0,8.00,4,1646.02,3,3,0,java.text.SimpleDateFormat,0.00,20,1,9,0,20,1,0,6,320,2
"org.apache.solr.schema.DateField$ThreadLocalDateFormat",2,0.00,1.00,7,0.05,679.49,3,1,16,3,0,133.27,0,12,0,2,133.27,0.00,0.50,1.00,0,0.00,1,154.32,0,1,0,java.lang.ThreadLocal,0.00,1,1,2,0,1,1,0,0,44,2
"org.apache.solr.schema.DateFieldTest",12,0.00,1.00,91,0.88,12638.53,12,0,2,24,2,155.56,25,109,0,3,115.67,0.00,0.67,0.00,4,22.00,1,2625.36,2,0,2,org.apache.solr.schema.LegacyDateFieldTest,0.60,12,2,12,0,12,12,0,22,555,1
"org.apache.solr.schema.Deprecated",3,1.00,1.33,12,0.16,4205.91,4,1,4,8,1,94.32,40,21,0,5,123.70,0.00,0.80,0.33,2,5.00,2,480.81,1,3,1,org.apache.solr.schema.DateField,0.07,5,4,4,0,5,0,0,5,111,2
"org.apache.solr.schema.Deprecated$ThreadLocalDateFormat",2,0.00,1.00,9,0.08,1070.68,3,1,4,5,0,127.05,0,14,0,2,127.05,0.00,0.50,1.00,0,0.00,1,225.58,0,1,0,java.lang.ThreadLocal,0.00,3,1,2,0,3,1,0,0,59,2
"org.apache.solr.schema.DoubleField",6,0.00,1.33,23,0.31,6859.86,6,0,9,18,12,149.67,22,39,2,4,129.05,0.00,0.75,0.00,0,10.00,3,930.10,3,3,10,org.apache.solr.schema.PrimitiveFieldType,0.00,12,3,8,0,12,3,0,9,207,1
"org.apache.solr.schema.ExchangeRateProvider",5,0.00,1.00,6,0.05,334.27,5,0,3,5,7,114.34,35,7,5,1,156.63,0.00,0.00,0.00,0,5.00,1,144.77,0,1,2,,0.00,0,0,5,0,0,4,0,6,48,1
"org.apache.solr.schema.ExternalFileField",5,0.06,1.80,25,0.40,14905.35,9,4,10,14,11,85.21,31,39,0,3,117.43,0.00,0.67,0.30,0,7.00,4,1199.42,1,2,11,org.apache.solr.schema.FieldType,0.06,9,2,9,0,9,3,0,4,240,1
"org.apache.solr.schema.FieldProperties",6,0.05,2.17,54,0.73,22397.41,22,16,2,15,2,157.10,10,69,2,1,107.10,0.00,0.00,0.02,1,10.00,4,2198.31,0,2,0,java.lang.Object,0.00,9,0,13,37,9,4,0,6,424,2
"org.apache.solr.schema.FieldType",38,0.05,1.74,145,2.17,74812.15,47,9,27,81,90,109.26,224,230,70,2,127.13,35.00,0.03,0.06,7,374.00,9,6513.40,0,25,22,org.apache.solr.schema.FieldProperties,0.00,43,1,66,35,43,13,0,53,1355,2
"org.apache.solr.schema.FieldType$DefaultAnalyzer",2,1.00,1.00,7,0.06,793.53,3,1,27,4,2,132.74,0,11,0,3,132.74,0.00,0.67,0.00,0,2.00,1,168.74,0,0,2,org.apache.solr.analysis.SolrAnalyzer,0.00,2,2,2,0,2,2,0,0,46,2
"org.apache.solr.schema.FieldType$DefaultAnalyzer$Tokenizer",1,0.00,2.00,12,0.17,4065.09,4,3,27,9,2,102.16,0,14,0,1,102.16,0.00,0.00,1.00,0,0.00,2,505.08,0,0,2,java.lang.Object,0.00,8,0,2,0,8,1,0,0,105,0
"org.apache.solr.schema.FloatField",6,0.00,1.33,23,0.31,6859.86,6,0,9,18,12,149.67,21,39,2,4,129.05,0.00,0.75,0.00,0,10.00,3,930.10,3,3,10,org.apache.solr.schema.PrimitiveFieldType,0.08,12,3,8,0,12,3,0,8,207,1
"org.apache.solr.schema.GeoHashField",7,0.00,1.29,26,0.46,10441.35,7,0,17,22,20,178.15,13,47,0,3,128.15,0.00,0.67,0.00,1,7.00,2,1393.90,1,5,20,org.apache.solr.schema.FieldType,0.00,15,2,9,0,15,2,1,7,291,1
"org.apache.solr.schema.IndexSchema",53,0.01,2.75,458,7.52,504999.30,77,24,32,196,102,73.52,319,582,78,1,105.75,0.00,0.00,0.05,15,1777.00,29,22551.96,0,37,27,java.lang.Object,0.00,143,0,146,0,143,16,0,99,3720,2
"org.apache.solr.schema.IndexSchema$AbstractPluginLoader<CharFilterFactory>",2,0.00,2.00,9,0.16,4139.72,2,0,32,9,2,172.27,2,15,0,1,122.27,0.00,0.00,0.00,0,2.00,3,465.47,0,0,2,java.lang.Object,0.00,7,0,4,0,7,2,0,2,97,0
"org.apache.solr.schema.IndexSchema$AbstractPluginLoader<FieldType>",3,0.00,3.00,31,0.48,21173.50,3,0,32,14,6,103.14,1,42,0,1,103.14,0.00,0.00,0.00,0,4.00,7,1434.58,0,2,6,java.lang.Object,0.00,11,0,9,0,11,1,0,1,271,0
"org.apache.solr.schema.IndexSchema$AbstractPluginLoader<TokenFilterFactory>",2,0.00,2.00,9,0.16,4139.72,2,0,32,9,2,172.27,2,15,0,1,122.27,0.00,0.00,0.00,0,2.00,3,465.47,0,1,2,java.lang.Object,0.00,7,0,4,0,7,1,0,2,97,0
"org.apache.solr.schema.IndexSchema$AbstractPluginLoader<TokenizerFactory>",2,0.00,2.00,10,0.19,5825.67,2,0,32,11,3,167.49,2,17,0,1,117.49,0.00,0.00,0.00,0,2.00,3,562.17,0,0,3,java.lang.Object,0.00,9,0,4,0,9,2,0,2,112,0
"org.apache.solr.schema.IndexSchema$DynamicCopy",4,0.33,1.00,13,0.10,1040.43,6,2,32,5,2,134.18,0,19,0,2,134.18,0.00,0.50,0.25,0,4.00,1,287.97,0,2,2,org.apache.solr.schema.DynamicReplacement,0.00,1,1,4,0,1,2,0,0,80,1
"org.apache.solr.schema.IndexSchema$DynamicDestCopy",4,0.11,2.00,24,0.32,8313.37,7,3,32,12,2,115.69,0,37,0,2,115.69,0.00,0.50,0.42,0,4.00,3,946.91,0,2,2,org.apache.solr.schema.DynamicCopy,0.00,8,1,8,0,8,2,0,0,202,1
"org.apache.solr.schema.IndexSchema$DynamicField",3,0.50,1.00,9,0.06,745.54,4,1,32,5,1,184.34,5,14,0,2,134.34,0.00,0.50,0.67,0,1.00,1,190.29,0,2,1,org.apache.solr.schema.DynamicReplacement,0.00,2,1,3,0,2,1,0,5,56,2
"org.apache.solr.schema.IndexSchema$DynamicReplacement",3,0.60,2.33,20,0.25,5901.89,8,5,32,8,0,155.73,7,29,0,1,115.84,0.00,0.00,0.60,0,2.00,3,754.56,0,0,0,java.lang.Object,0.00,5,0,7,0,5,3,1,1,168,2
"org.apache.solr.schema.IndexSchema$MultiTermChainBuilder",2,1.00,5.00,27,0.38,16646.51,6,4,32,9,7,98.21,0,34,0,1,98.21,0.00,0.00,0.75,0,0.00,7,1149.00,0,1,7,java.lang.Object,0.00,7,0,10,0,7,1,0,0,237,2
"org.apache.solr.schema.IndexSchema$SimilarityFactory",1,0.00,1.00,3,0.02,266.27,1,0,32,2,1,134.10,0,5,0,1,134.10,0.00,0.00,0.00,0,1.00,1,56.43,0,1,1,java.lang.Object,0.00,1,0,1,0,1,0,0,0,18,0
"org.apache.solr.schema.IndexSchema$SimilarityFactory_0",1,0.00,1.00,3,0.02,206.33,1,0,32,1,1,134.98,0,5,0,1,134.98,0.00,0.00,0.00,0,1.00,1,51.19,0,1,1,java.lang.Object,0.00,0,0,1,0,0,0,0,0,17,0
"org.apache.solr.schema.IndexSchema$SolrIndexAnalyzer",6,0.80,1.33,20,0.25,6035.43,7,1,32,15,2,129.49,0,32,0,2,129.49,0.00,0.50,0.33,1,10.00,2,742.50,0,4,2,org.apache.lucene.analysis.Analyzer,0.00,9,1,8,0,9,2,0,0,178,1
"org.apache.solr.schema.IndexSchema$SolrQueryAnalyzer",2,0.00,2.00,11,0.15,4898.30,2,0,32,8,1,118.08,0,17,0,2,118.08,0.00,0.50,0.00,0,2.00,2,460.73,0,2,1,org.apache.solr.schema.SolrIndexAnalyzer,0.00,6,1,4,0,6,0,0,0,101,1
"org.apache.solr.schema.IndexSchemaTest",6,0.00,1.00,55,0.81,20924.65,6,0,12,30,11,157.51,11,85,0,3,107.51,0.00,0.67,0.00,0,0.00,1,2432.08,6,0,11,org.apache.solr.SolrTestCaseJ4,0.00,24,2,6,0,24,6,0,7,460,1
"org.apache.solr.schema.IntField",6,0.00,1.33,23,0.31,6859.86,6,0,9,18,12,149.67,21,39,2,4,129.05,0.00,0.75,0.00,0,10.00,3,930.10,3,3,10,org.apache.solr.schema.PrimitiveFieldType,0.08,12,3,8,0,12,3,0,8,207,1
"org.apache.solr.schema.LatLonType",11,0.35,2.73,141,2.76,259400.65,13,2,21,39,23,135.97,30,184,0,4,96.08,0.00,0.75,0.18,0,25.00,8,8288.89,3,7,23,org.apache.solr.schema.AbstractSubTypeFieldType,0.13,28,3,30,0,28,4,1,28,1368,1
"org.apache.solr.schema.LatLonValueSource",3,1.00,1.00,9,0.08,1086.65,4,1,21,4,16,133.05,0,15,1,4,133.05,0.00,0.75,0.33,1,4.00,1,241.08,0,2,15,org.apache.solr.search.function.VectorValueSource,0.36,1,3,3,0,1,1,0,0,64,0
"org.apache.solr.schema.LegacyDateFieldTest",8,0.05,1.12,45,0.48,7022.57,11,3,6,18,3,121.72,7,57,1,2,121.72,1.00,0.33,0.29,2,0.00,2,1454.58,1,0,2,org.apache.lucene.util.LuceneTestCase,0.00,10,1,9,1,10,8,0,7,326,1
"org.apache.solr.schema.LongField",6,0.00,1.33,23,0.31,6859.86,6,0,9,18,12,149.67,22,39,2,4,129.05,0.00,0.75,0.00,0,10.00,3,930.10,3,3,10,org.apache.solr.schema.PrimitiveFieldType,0.00,12,3,8,0,12,3,0,9,207,1
"org.apache.solr.schema.MockConfigurableSimilarity",2,1.00,1.00,6,0.03,349.01,3,1,1,2,3,135.55,0,9,2,3,135.55,0.00,0.67,0.50,0,2.00,1,100.40,0,1,1,org.apache.lucene.search.DefaultSimilarity,0.00,0,2,2,0,0,1,0,0,31,1
"org.apache.solr.schema.MockExchangeRateProvider",5,0.17,1.40,31,0.35,7027.26,8,3,5,13,3,117.11,4,39,0,1,117.11,0.00,0.00,0.47,0,4.00,3,1036.15,0,1,3,java.lang.Object,0.00,8,0,7,0,8,4,1,2,237,1
"org.apache.solr.schema.MultiTermTest",5,0.00,1.80,43,0.65,20932.15,5,0,5,14,5,108.66,0,53,0,3,108.66,0.00,0.67,0.00,0,2.00,3,1941.96,1,1,5,org.apache.solr.SolrTestCaseJ4,0.00,9,2,9,0,9,4,0,0,374,1
"org.apache.solr.schema.NotRequiredUniqueKeyTest",5,0.00,1.00,15,0.14,1696.64,5,0,3,12,4,183.27,6,20,0,3,133.27,0.00,0.67,0.00,0,8.00,1,405.73,2,2,4,org.apache.solr.util.AbstractSolrTestCase,0.32,7,2,5,0,7,3,0,1,105,1
"org.apache.solr.schema.NumericFieldsTest",3,1.00,3.00,45,0.88,58333.91,4,1,4,6,2,143.10,5,117,0,3,93.10,0.00,0.67,0.00,1,3.00,5,2634.68,6,1,2,org.apache.solr.SolrTestCaseJ4,0.00,3,2,9,0,3,2,0,5,461,1
"org.apache.solr.schema.PointType",11,0.00,2.36,98,1.65,87902.40,11,0,22,36,23,146.27,29,125,1,5,106.38,0.00,0.80,0.00,0,5.00,7,4955.52,3,7,22,org.apache.solr.schema.CoordinateFieldType,0.08,25,4,26,0,25,4,1,15,899,1
"org.apache.solr.schema.PointTypeValueSource",3,1.00,1.00,9,0.08,1086.65,4,1,22,4,19,133.05,0,15,1,4,133.05,0.00,0.75,0.33,1,4.00,1,241.08,0,2,18,org.apache.solr.search.function.VectorValueSource,0.36,1,3,3,0,1,1,0,0,64,0
"org.apache.solr.schema.PolyFieldTest",5,0.00,2.00,98,1.57,80038.52,5,0,10,30,12,110.65,16,123,0,3,90.03,0.00,0.67,0.00,0,2.00,3,4723.04,10,0,12,org.apache.solr.SolrTestCaseJ4,0.00,25,2,10,0,25,5,0,12,789,1
"org.apache.solr.schema.PrimitiveFieldType",1,0.00,2.00,5,0.06,1239.17,1,0,1,2,17,102.54,5,9,15,3,120.41,11.50,0.08,0.00,0,0.00,2,182.50,1,0,2,org.apache.solr.schema.FieldType,0.00,1,2,2,23,1,1,0,1,43,2
"org.apache.solr.schema.PrimitiveFieldTypeTest",2,1.00,1.00,112,1.56,164724.56,7,5,6,48,17,34.86,12,118,0,3,67.08,0.00,0.67,0.70,0,0.00,1,4693.51,1,0,17,org.apache.solr.SolrTestCaseJ4,0.05,46,2,2,0,46,2,0,10,823,1
"org.apache.solr.schema.RandomSortField",6,0.00,1.17,25,0.34,11263.23,6,0,11,14,12,90.51,41,36,0,3,122.73,0.00,0.67,0.00,0,6.00,2,1012.38,0,2,12,org.apache.solr.schema.FieldType,0.06,8,2,7,0,8,4,0,8,232,1
"org.apache.solr.schema.RandomSortField$FieldComparatorSource",1,0.00,1.00,3,0.04,662.33,1,0,11,2,1,130.99,0,5,0,1,130.99,0.00,0.00,0.00,0,1.00,1,119.49,0,1,1,java.lang.Object,0.00,1,0,1,0,1,0,0,0,29,0
"org.apache.solr.schema.RandomSortField$FieldComparatorSource$FieldComparator<Integer>",6,0.20,1.00,16,0.20,3525.90,9,3,11,6,1,137.96,1,28,0,1,137.96,0.00,0.00,0.50,0,0.00,1,586.18,0,1,1,java.lang.Object,0.00,0,0,6,0,0,5,0,1,146,0
"org.apache.solr.schema.RandomSortField$RandomValueSource",5,0.75,1.20,14,0.13,2692.53,6,1,11,7,3,138.22,0,24,0,2,138.22,0.00,0.50,0.40,1,7.00,2,404.72,0,2,3,org.apache.solr.search.function.ValueSource,0.29,2,1,6,0,2,3,0,0,105,1
"org.apache.solr.schema.RandomSortField$RandomValueSource$DocValues",6,0.20,1.00,14,0.17,2371.13,7,1,11,9,0,139.32,0,26,0,1,139.32,0.00,0.00,0.83,0,0.00,1,499.41,0,2,0,java.lang.Object,0.00,3,0,6,0,3,4,0,0,130,0
"org.apache.solr.schema.RequiredFieldsTest",5,0.00,1.00,46,0.89,20492.62,5,0,6,20,4,107.19,23,76,0,3,106.96,0.00,0.67,0.00,0,7.00,1,2677.15,9,0,4,org.apache.solr.SolrTestCaseJ4,0.05,15,2,5,0,15,5,0,21,483,1
"org.apache.solr.schema.SchemaAware",1,0.00,1.00,2,0.01,41.48,1,0,0,1,4,167.18,33,3,4,1,147.03,0.00,0.00,0.00,0,1.00,1,27.65,0,0,1,,0.00,0,0,1,0,0,1,0,3,11,1
"org.apache.solr.schema.SchemaField",36,0.02,1.53,125,1.44,66548.84,41,5,9,49,121,177.38,61,161,115,2,127.38,0.00,0.50,0.18,2,406.00,13,4332.25,2,8,8,org.apache.solr.schema.FieldProperties,0.00,13,1,55,0,13,28,0,20,971,2
"org.apache.solr.schema.ShortField",6,0.00,1.33,23,0.31,6859.86,6,0,9,18,12,129.29,25,39,2,4,129.05,0.00,0.75,0.00,0,10.00,3,930.10,3,3,10,org.apache.solr.schema.PrimitiveFieldType,0.08,12,3,8,0,12,3,0,9,207,1
"org.apache.solr.schema.SimilarityFactory",3,1.00,1.00,7,0.04,375.00,4,1,2,3,4,143.26,0,6,2,1,143.26,0.00,0.00,0.33,0,4.00,1,116.18,0,2,2,java.lang.Object,0.00,0,0,3,1,0,1,0,0,37,2
"org.apache.solr.schema.SortableDoubleField",8,0.00,1.00,20,0.26,4004.87,8,0,13,16,15,178.40,16,37,1,4,138.51,0.00,0.75,0.00,1,8.00,1,781.59,1,6,14,org.apache.solr.schema.PrimitiveFieldType,0.00,8,3,8,0,8,2,0,1,192,1
"org.apache.solr.schema.SortableDoubleFieldSource",6,0.20,1.00,19,0.22,4466.45,8,2,13,9,13,130.59,1,32,2,3,130.59,0.00,0.67,0.33,0,10.00,1,665.69,2,2,11,org.apache.solr.search.function.FieldCacheSource,0.30,3,2,6,0,3,4,0,1,162,0
"org.apache.solr.schema.SortableDoubleFieldSource$StringIndexDocValues",7,0.00,1.14,16,0.19,3139.54,7,0,13,11,1,138.86,0,30,0,1,138.86,0.00,0.00,0.00,1,7.00,2,562.35,0,3,1,java.lang.Object,0.00,4,0,8,0,4,4,0,0,146,0
"org.apache.solr.schema.SortableFloatField",8,0.00,1.00,20,0.26,4004.87,8,0,13,16,15,178.40,16,37,1,4,138.51,0.00,0.75,0.00,1,8.00,1,781.59,1,6,14,org.apache.solr.schema.PrimitiveFieldType,0.08,8,3,8,0,8,2,0,1,192,1
"org.apache.solr.schema.SortableFloatFieldSource",6,0.20,1.00,17,0.19,3232.57,8,2,13,9,14,138.26,0,30,3,3,138.26,0.00,0.67,0.33,0,10.00,1,563.18,2,2,11,org.apache.solr.search.function.FieldCacheSource,0.30,3,2,6,0,3,4,0,0,142,0
"org.apache.solr.schema.SortableFloatFieldSource$StringIndexDocValues",7,0.00,1.14,16,0.19,3139.54,7,0,13,11,1,138.86,0,30,0,1,138.86,0.00,0.00,0.00,1,7.00,2,562.35,0,3,1,java.lang.Object,0.00,4,0,8,0,4,4,0,0,146,0
"org.apache.solr.schema.SortableIntField",8,0.00,1.00,20,0.28,4365.39,8,0,13,16,16,178.10,21,37,2,4,138.22,0.00,0.75,0.00,1,8.00,1,848.24,1,6,14,org.apache.solr.schema.PrimitiveFieldType,0.08,8,3,8,0,8,2,0,6,204,1
"org.apache.solr.schema.SortableIntFieldSource",6,0.20,1.00,17,0.18,3234.51,8,2,13,8,13,138.26,0,30,2,3,138.26,0.00,0.67,0.33,0,10.00,1,541.50,2,2,11,org.apache.solr.search.function.FieldCacheSource,0.30,2,2,6,0,2,4,0,0,138,0
"org.apache.solr.schema.SortableIntFieldSource$StringIndexDocValues",7,0.00,1.14,16,0.19,3330.05,7,0,13,11,1,138.66,0,30,0,1,138.66,0.00,0.00,0.00,1,7.00,2,573.65,0,3,1,java.lang.Object,0.00,4,0,8,0,4,4,0,0,148,0
"org.apache.solr.schema.SortableLongField",8,0.00,1.00,20,0.28,4365.39,8,0,13,16,15,178.10,16,37,1,4,138.22,0.00,0.75,0.00,1,8.00,1,848.24,1,6,14,org.apache.solr.schema.PrimitiveFieldType,0.08,8,3,8,0,8,2,0,1,204,1
"org.apache.solr.schema.SortableLongFieldSource",6,0.20,1.00,17,0.18,3252.30,8,2,13,8,13,138.24,0,30,2,3,138.24,0.00,0.67,0.33,0,10.00,1,551.13,2,2,11,org.apache.solr.search.function.FieldCacheSource,0.30,2,2,6,0,2,4,0,0,140,0
"org.apache.solr.schema.SortableLongFieldSource$StringIndexDocValues",7,0.00,1.14,16,0.19,3277.01,7,0,13,11,1,138.71,0,30,0,1,138.71,0.00,0.00,0.00,1,7.00,2,573.52,0,3,1,java.lang.Object,0.00,4,0,8,0,4,4,0,0,148,0
"org.apache.solr.schema.SpatialDistanceQuery",6,0.13,1.50,29,0.65,21061.91,21,15,21,9,20,120.53,5,65,4,2,120.53,0.00,0.50,0.18,1,10.00,3,1956.85,2,3,16,org.apache.lucene.search.Query,0.10,3,1,9,0,3,3,0,5,390,0
"org.apache.solr.schema.SpatialDistanceQuery$SpatialScorer",8,0.19,2.25,91,1.34,43392.16,30,22,21,21,8,152.56,14,108,0,3,102.56,0.00,0.67,0.21,3,0.00,5,4010.55,0,1,8,org.apache.lucene.search.Scorer,0.57,13,2,18,0,13,7,0,14,760,1
"org.apache.solr.schema.SpatialDistanceQuery$SpatialWeight",7,0.03,1.00,31,0.35,7657.31,12,5,21,14,8,124.61,0,45,0,2,124.61,0.00,0.50,0.17,1,20.00,1,1046.61,0,3,8,org.apache.lucene.search.Weight,0.57,7,1,7,0,7,4,0,0,243,1
"org.apache.solr.schema.SpatialQueryable",1,0.00,1.00,2,0.01,54.79,1,0,3,1,7,113.86,6,3,4,1,146.08,0.00,0.00,0.00,0,1.00,1,36.53,0,1,3,,0.00,0,0,1,0,0,0,0,1,13,1
"org.apache.solr.schema.StrField",4,0.00,1.00,10,0.14,1993.71,4,0,8,10,16,138.53,3,19,7,4,138.53,0.00,0.75,0.00,0,4.00,1,423.77,1,2,9,org.apache.solr.schema.PrimitiveFieldType,0.08,6,3,4,0,6,2,0,1,104,1
"org.apache.solr.schema.StrFieldSource",5,1.00,1.00,12,0.12,1874.07,6,1,6,7,8,139.50,0,23,3,3,139.50,0.00,0.67,0.20,0,11.00,1,370.92,2,2,5,org.apache.solr.search.function.FieldCacheSource,0.32,2,2,5,0,2,3,0,0,98,1
"org.apache.solr.schema.StrFieldSource$StringIndexDocValues",7,0.00,1.00,17,0.16,2507.21,7,0,6,8,0,139.66,0,31,0,1,139.66,0.00,0.00,0.00,1,7.00,1,487.95,0,3,0,java.lang.Object,0.00,1,0,7,0,1,4,0,0,133,0
"org.apache.solr.schema.TestBinaryField",3,0.30,6.00,121,1.60,172977.61,8,5,19,33,8,73.34,0,118,0,2,73.34,0.00,0.50,0.40,0,0.00,16,4787.59,2,0,8,org.apache.lucene.util.LuceneTestCase,0.00,30,1,18,0,30,3,0,0,811,1
"org.apache.solr.schema.TestBinaryField$Bean",0,0.00,0.00,3,0.02,388.55,2,2,19,0,0,171.00,0,7,0,1,171.00,0.00,0.00,0.00,0,0.00,0,74.01,0,0,0,java.lang.Object,0.00,0,0,0,0,0,0,0,0,20,2
"org.apache.solr.schema.TestOmitPositions",3,0.00,1.00,10,0.12,1264.90,3,0,2,3,1,182.53,4,23,0,3,132.53,0.00,0.67,0.00,0,3.00,1,350.55,5,0,1,org.apache.solr.SolrTestCaseJ4,0.00,0,2,3,0,0,3,0,4,83,1
"org.apache.solr.schema.TextField",13,0.38,3.92,169,2.36,321453.17,15,2,17,53,29,115.15,42,231,9,3,94.54,0.00,0.67,0.15,3,49.00,29,7067.88,2,6,21,org.apache.solr.schema.FieldType,0.05,40,2,51,0,40,7,0,23,1204,1
"org.apache.solr.schema.TrieDateField",18,0.00,1.11,41,0.55,10241.75,18,0,11,38,14,138.05,3,80,3,5,138.05,0.00,0.80,0.00,0,34.00,3,1644.95,0,12,12,org.apache.solr.schema.DateField,0.12,20,4,20,0,20,6,0,1,409,1
"org.apache.solr.schema.TrieDateField$TrieField",0,0.00,0.00,2,0.01,109.62,0,0,11,0,0,171.00,0,2,0,1,171.00,0.00,0.00,0.00,0,0.00,0,36.54,0,0,0,java.lang.Object,0.00,0,0,0,0,0,0,0,0,11,0
"org.apache.solr.schema.TrieDoubleField",0,0.00,0.00,2,0.02,163.12,0,0,0,0,1,171.00,16,5,0,5,171.00,0.00,0.80,0.00,0,0.00,0,46.60,0,0,1,org.apache.solr.schema.TrieField,0.00,0,4,0,0,0,0,0,1,13,1
"org.apache.solr.schema.TrieField",22,0.01,3.55,195,4.01,225209.99,30,8,15,93,40,145.33,46,345,14,4,105.44,1.33,0.38,0.13,5,58.00,17,12044.75,2,13,27,org.apache.solr.schema.PrimitiveFieldType,0.18,71,3,78,4,71,9,0,20,2160,1
"org.apache.solr.schema.TrieField$TrieDateFieldSource",3,0.00,1.00,7,0.07,811.76,3,0,15,5,2,140.62,0,13,0,4,140.62,0.00,0.75,0.00,0,4.00,1,214.90,0,1,2,org.apache.solr.search.function.LongFieldSource,0.17,2,3,3,0,2,2,0,0,58,0
"org.apache.solr.schema.TrieField$TrieTypes",0,0.00,0.00,2,0.01,42.79,0,0,15,0,0,171.00,0,7,0,1,171.00,0.00,0.00,0.00,0,0.00,0,28.53,0,0,0,java.lang.Object,0.00,0,0,0,0,0,0,0,0,9,1
"org.apache.solr.schema.TrieFloatField",0,0.00,0.00,2,0.02,163.12,0,0,0,0,1,171.00,16,5,0,5,171.00,0.00,0.80,0.00,0,0.00,0,46.60,0,0,1,org.apache.solr.schema.TrieField,0.00,0,4,0,0,0,0,0,1,13,1
"org.apache.solr.schema.TrieIntField",0,0.00,0.00,2,0.02,163.12,0,0,0,0,2,171.00,10,5,1,5,171.00,0.00,0.80,0.00,0,0.00,0,46.60,0,0,1,org.apache.solr.schema.TrieField,0.00,0,4,0,0,0,0,0,1,13,1
"org.apache.solr.schema.TrieLongField",0,0.00,0.00,2,0.02,163.12,0,0,0,0,2,171.00,10,5,1,5,171.00,0.00,0.80,0.00,0,0.00,0,46.60,0,0,1,org.apache.solr.schema.TrieField,0.00,0,4,0,0,0,0,0,1,13,1
"org.apache.solr.schema.UUIDField",7,0.42,1.29,23,0.42,11379.00,9,2,9,20,9,167.74,19,43,1,3,127.86,0.00,0.67,0.14,0,17.00,3,1255.50,3,4,8,org.apache.solr.schema.FieldType,0.00,13,2,9,0,13,3,0,4,272,1
"org.apache.solr.schema.UUIDFieldTest",1,0.00,6.00,29,0.25,10088.52,1,0,2,4,2,84.51,0,41,0,2,84.51,0.00,0.50,0.00,0,1.00,6,760.51,0,0,2,org.apache.lucene.util.LuceneTestCase,0.00,3,1,6,0,3,1,0,0,155,1
"org.apache.lucene.search.regex.Deprecated",4,1.00,1.00,10,0.09,1402.49,5,1,2,6,6,189.73,6,13,0,4,139.73,0.00,0.75,0.00,0,0.00,1,263.13,0,2,6,org.apache.lucene.search.spans.SpanMultiTermQueryWrapper,0.00,2,3,4,0,2,2,1,1,72,1
"org.apache.lucene.search.regex.JakartaRegexpCapabilities",7,0.00,2.29,41,0.48,19042.74,13,6,4,16,4,138.30,25,59,3,1,117.69,0.00,0.00,0.17,0,0.00,5,1427.00,0,1,1,java.lang.Object,0.00,9,0,16,0,9,6,1,8,318,1
"org.apache.lucene.search.regex.JavaUtilRegexCapabilities",7,0.07,1.71,29,0.39,12165.63,17,10,1,13,5,143.52,25,39,4,1,122.90,0.00,0.00,0.04,0,10.00,5,1183.05,0,1,1,java.lang.Object,0.00,6,0,12,0,6,6,1,5,262,1
"org.apache.lucene.search.regex.RegexCapabilities",3,0.00,1.00,4,0.02,54.02,3,0,0,3,7,123.55,38,5,7,1,161.11,0.00,0.00,0.00,0,3.00,1,49.02,0,1,0,,0.00,0,0,3,0,0,2,0,5,21,1
"org.apache.lucene.search.regex.RegexQuery",8,0.07,1.50,31,0.35,10529.74,10,2,6,20,16,168.43,17,43,7,3,128.55,0.00,0.67,0.44,0,8.00,4,1053.71,3,4,9,org.apache.lucene.search.MultiTermQuery,0.09,12,2,12,0,12,4,1,6,245,1
"org.apache.lucene.search.regex.RegexQueryCapable",2,0.00,1.00,3,0.01,38.51,2,0,0,2,3,110.89,19,4,2,1,160.88,0.00,0.00,0.00,0,2.00,1,33.51,0,0,1,,0.00,0,0,2,0,0,2,0,2,15,1
"org.apache.lucene.search.regex.RegexTermEnum",5,0.19,1.60,28,0.29,6369.63,9,4,4,13,5,170.37,9,40,1,3,120.37,0.00,0.67,0.40,0,1.00,3,884.99,2,0,4,org.apache.lucene.search.FilteredTermEnum,0.50,8,2,8,0,8,5,0,2,198,1
"org.apache.lucene.search.regex.TestJakartaRegexpCapabilities",2,0.00,1.00,15,0.14,2755.54,2,0,1,9,1,154.64,4,18,0,2,114.76,0.00,0.50,0.00,0,2.00,1,431.70,0,0,1,org.apache.lucene.util.LuceneTestCase,0.00,7,1,2,0,7,2,0,2,103,1
"org.apache.lucene.search.regex.TestRegexQuery",16,0.07,1.06,59,0.72,11804.88,20,4,11,42,14,130.60,1,76,0,2,130.60,0.00,0.50,0.19,1,52.00,2,2146.32,2,1,14,org.apache.lucene.util.LuceneTestCase,0.00,26,1,17,0,26,15,0,1,488,1
"org.apache.lucene.search.regex.TestSpanRegexQuery",7,0.25,1.00,88,1.42,37010.41,9,2,17,30,14,101.66,30,111,0,2,101.42,0.00,0.50,0.71,1,0.00,1,4254.87,2,0,14,org.apache.lucene.util.LuceneTestCase,0.00,23,1,7,0,23,7,0,30,780,1
"org.apache.lucene.facet.enhancements.association.AssociationEnhancement",10,0.26,2.20,56,0.59,18124.44,13,3,11,22,14,119.32,45,83,5,1,119.09,0.00,0.00,0.10,2,26.00,6,1769.61,1,4,10,java.lang.Object,0.00,12,0,22,0,12,6,1,5,397,1
"org.apache.lucene.facet.enhancements.association.AssociationFloatProperty",6,0.00,1.33,19,0.23,4701.10,6,0,1,11,5,130.58,29,33,3,2,130.35,0.00,0.50,0.00,0,10.00,3,676.87,1,1,2,org.apache.lucene.facet.enhancements.association.AssociationProperty,0.20,5,1,8,0,5,5,0,3,166,1
"org.apache.lucene.facet.enhancements.association.AssociationIntProperty",4,0.00,1.50,15,0.14,3354.70,4,0,1,5,7,97.86,26,24,5,2,130.09,1.00,0.33,0.00,0,6.00,3,417.68,0,0,2,org.apache.lucene.facet.enhancements.association.AssociationProperty,0.00,1,1,6,1,1,4,0,3,104,1
"org.apache.lucene.facet.enhancements.association.AssociationListTokenizer",3,0.25,3.00,28,0.34,13198.55,5,2,8,18,9,64.17,21,48,1,6,106.46,0.00,0.83,0.67,0,0.00,7,1017.37,0,0,9,org.apache.lucene.facet.index.streaming.CategoryListTokenizer,0.55,15,5,9,0,15,3,0,2,197,1
"org.apache.lucene.facet.enhancements.association.AssociationProperty",4,0.67,1.00,10,0.09,1137.98,5,1,2,6,9,96.32,45,16,7,1,140.45,0.00,0.00,0.50,0,4.00,1,271.12,0,1,2,java.lang.Object,0.00,2,0,4,3,2,3,1,5,73,2
"org.apache.lucene.facet.enhancements.association.AssociationPropertyTest",3,0.00,1.00,25,0.32,9554.00,3,0,6,13,4,91.85,17,32,0,2,109.73,0.00,0.50,0.00,0,3.00,1,967.17,0,0,4,org.apache.lucene.util.LuceneTestCase,0.00,10,1,3,0,10,3,0,2,212,1
"org.apache.lucene.facet.enhancements.association.AssociationsPayloadIterator",7,0.17,3.00,61,0.64,21776.42,12,5,8,25,12,89.41,102,93,4,1,109.55,0.00,0.00,0.34,0,0.00,7,1910.58,0,1,8,java.lang.Object,0.00,18,0,21,0,18,6,0,28,402,1
"org.apache.lucene.facet.enhancements.association.CustomAssociationPropertyTest",1,0.00,3.00,41,0.65,26773.99,1,0,17,34,17,75.25,16,43,0,2,75.72,0.00,0.50,0.00,0,1.00,3,1964.71,0,0,17,org.apache.lucene.util.LuceneTestCase,0.00,33,1,3,0,33,1,0,1,307,1
"org.apache.lucene.facet.enhancements.association.CustomAssociationPropertyTest$CustomProperty",2,0.00,1.00,5,0.03,319.07,2,0,17,3,2,142.42,0,9,0,3,142.42,0.00,0.67,0.00,0,2.00,1,97.12,0,0,2,org.apache.lucene.facet.enhancements.association.AssociationIntProperty,0.00,1,2,2,0,1,2,0,0,30,0
"org.apache.lucene.benchmark.byTask.feeds.AbstractQueryMaker",7,0.06,1.29,29,0.29,7915.63,10,3,2,15,9,174.44,9,35,6,1,124.44,0.00,0.00,0.29,0,4.00,3,875.25,0,4,3,java.lang.Object,0.00,8,0,9,6,8,3,1,3,200,2
"org.apache.lucene.benchmark.byTask.feeds.ContentItemsSource",13,0.06,1.69,80,0.95,35074.76,25,12,7,28,4,135.45,49,88,2,1,114.83,0.00,0.00,0.14,4,78.00,6,2849.77,0,1,2,java.lang.Object,0.00,15,0,22,14,15,12,1,12,567,2
"org.apache.lucene.benchmark.byTask.feeds.ContentSource",1,0.00,1.00,2,0.02,158.75,1,0,1,1,15,104.88,12,3,12,2,142.44,11.00,0.08,0.00,0,1.00,1,56.19,0,1,3,org.apache.lucene.benchmark.byTask.feeds.ContentItemsSource,0.00,0,1,1,11,0,0,0,2,18,2
"org.apache.lucene.benchmark.byTask.feeds.DemoHTMLParser",1,0.00,6.00,26,0.51,29113.58,1,0,6,20,4,34.55,8,34,1,1,82.65,0.00,0.00,0.00,0,1.00,6,1526.77,0,1,3,java.lang.Object,0.00,19,0,6,0,19,0,1,6,251,1
"org.apache.lucene.benchmark.byTask.feeds.DirContentSource",0,0.00,0.00,3,0.04,681.48,0,0,13,0,2,171.00,13,3,0,3,171.00,0.00,0.67,0.00,0,0.00,0,108.42,0,0,2,org.apache.lucene.benchmark.byTask.feeds.ContentSource,0.00,0,2,0,0,0,0,0,2,26,1
"org.apache.lucene.benchmark.byTask.feeds.DirContentSource$DateFormatInfo",1,2.00,1.00,4,0.02,157.30,3,2,13,1,0,131.24,0,5,0,1,131.24,0.00,0.00,0.00,0,1.00,1,56.43,0,0,0,java.lang.Object,0.00,0,0,1,0,0,1,0,0,18,3
"org.apache.lucene.benchmark.byTask.feeds.DirContentSource$Iterator",14,0.03,1.64,100,1.14,39790.22,21,7,13,62,3,112.17,12,127,0,1,112.17,0.00,0.00,0.17,5,82.00,4,3405.90,2,4,3,java.lang.Object,0.00,48,0,23,0,48,10,1,11,693,2
"org.apache.lucene.benchmark.byTask.feeds.DirContentSource$Iterator$Comparator",1,0.00,5.00,13,0.16,9230.00,1,0,13,4,0,137.74,2,18,0,1,97.85,0.00,0.00,0.00,0,1.00,5,477.33,0,0,0,java.lang.Object,0.00,3,0,5,0,3,1,1,1,102,1
"org.apache.lucene.benchmark.byTask.feeds.DirContentSource$Iterator$FileFilter",1,0.00,1.00,3,0.02,173.90,1,0,13,2,0,135.56,0,4,0,1,135.56,0.00,0.00,0.00,0,1.00,1,52.97,0,0,0,java.lang.Object,0.00,1,0,1,0,1,1,0,0,17,0
"org.apache.lucene.benchmark.byTask.feeds.DirContentSource$Iterator$FileFilter_0",1,0.00,1.00,3,0.02,227.68,1,0,13,3,0,134.64,0,4,0,1,134.64,0.00,0.00,0.00,0,1.00,1,70.91,0,0,0,java.lang.Object,0.00,2,0,1,0,2,1,0,0,21,0
"org.apache.lucene.benchmark.byTask.feeds.DocData",14,0.03,1.07,43,0.27,3468.91,20,6,3,15,28,134.33,7,59,27,1,134.33,0.00,0.00,0.14,1,74.00,2,811.10,0,5,1,java.lang.Object,0.00,1,0,15,0,1,9,0,2,224,1
"org.apache.lucene.benchmark.byTask.feeds.DocMaker",10,0.18,4.90,201,3.44,292385.82,34,24,20,67,29,38.83,84,234,23,1,86.93,0.00,0.00,0.20,4,0.00,18,10311.14,0,4,6,java.lang.Object,0.00,57,0,49,8,57,6,1,29,1616,1
"org.apache.lucene.benchmark.byTask.feeds.DocMaker$DateUtil",1,2.00,1.00,6,0.07,1138.36,4,3,20,5,0,117.91,0,8,0,1,117.91,0.00,0.00,0.33,0,0.00,1,201.16,0,0,0,java.lang.Object,0.00,4,0,1,0,4,1,0,0,48,2
"org.apache.lucene.benchmark.byTask.feeds.DocMaker$DocState",3,0.40,2.67,39,0.53,20669.72,8,5,20,10,4,138.88,6,48,0,1,99.00,0.00,0.00,0.47,0,0.00,3,1592.97,0,2,4,java.lang.Object,0.00,7,0,8,0,7,1,0,2,318,1
"org.apache.lucene.benchmark.byTask.feeds.DocMaker$LeftOver",1,2.00,1.00,4,0.02,119.96,3,2,20,1,1,132.17,0,5,0,1,132.17,0.00,0.00,0.00,0,1.00,1,51.19,0,0,1,java.lang.Object,0.00,0,0,1,0,0,1,0,0,17,2
"org.apache.lucene.benchmark.byTask.feeds.DocMakerTest",5,0.00,1.60,72,1.08,39349.34,5,0,18,42,15,118.07,17,84,0,3,97.46,0.00,0.67,0.00,1,5.00,3,3230.96,1,1,15,org.apache.lucene.benchmark.BenchmarkTestCase,0.00,37,2,8,0,37,4,0,17,629,1
"org.apache.lucene.benchmark.byTask.feeds.DocMakerTest$OneDocSource",2,1.00,1.50,14,0.14,3522.28,3,1,18,9,3,113.82,0,21,0,3,113.82,0.00,0.67,0.50,0,2.00,2,418.51,0,1,3,org.apache.lucene.benchmark.byTask.feeds.ContentSource,0.19,7,2,3,0,7,1,0,0,91,2
"org.apache.lucene.benchmark.byTask.feeds.EnwikiContentSource",5,0.12,1.60,46,0.69,19971.35,17,12,14,21,9,127.55,16,63,2,3,106.94,0.00,0.67,0.18,0,12.00,2,2075.30,2,1,7,org.apache.lucene.benchmark.byTask.feeds.ContentSource,0.32,16,2,8,0,16,4,0,4,411,1
"org.apache.lucene.benchmark.byTask.feeds.EnwikiContentSource$SuppressWarnings",7,0.20,4.43,110,1.33,67999.46,16,9,14,35,4,135.27,17,162,0,2,95.39,0.00,0.50,0.29,0,17.00,11,3989.59,0,2,4,org.xml.sax.helpers.DefaultHandler,0.00,28,1,31,0,28,5,1,17,726,1
"org.apache.lucene.benchmark.byTask.feeds.EnwikiQueryMaker",3,1.00,3.00,34,0.83,30554.56,4,1,16,22,14,100.58,14,73,0,2,100.34,0.00,0.50,0.33,2,4.00,6,2493.72,0,3,14,org.apache.lucene.benchmark.byTask.feeds.AbstractQueryMaker,0.20,19,1,9,0,19,0,0,5,434,1
"org.apache.lucene.benchmark.byTask.feeds.FacetSource",2,0.00,1.00,6,0.05,569.42,2,0,2,2,5,116.00,10,9,2,2,133.87,1.00,0.33,0.00,0,2.00,1,152.19,4,1,3,org.apache.lucene.benchmark.byTask.feeds.ContentItemsSource,0.13,0,1,2,1,0,1,0,3,42,2
"org.apache.lucene.benchmark.byTask.feeds.FileBasedQueryMaker",1,0.00,8.00,33,0.60,40382.17,1,0,9,23,8,114.64,30,48,1,2,77.61,0.00,0.50,0.00,0,0.00,8,1802.97,0,1,7,org.apache.lucene.benchmark.byTask.feeds.AbstractQueryMaker,0.25,22,1,8,0,22,0,0,3,280,1
"org.apache.lucene.benchmark.byTask.feeds.HTMLParser",1,0.00,1.00,2,0.03,202.63,1,0,4,1,4,150.74,17,3,3,1,141.61,0.00,0.00,0.00,0,1.00,1,91.40,0,1,1,,0.00,0,0,1,0,0,0,0,2,24,1
"org.apache.lucene.benchmark.byTask.feeds.LineDocSource",0,0.00,0.00,4,0.03,377.77,0,0,11,0,5,171.00,29,4,1,3,171.00,0.00,0.67,0.00,0,0.00,0,89.95,0,0,4,org.apache.lucene.benchmark.byTask.feeds.ContentSource,0.00,0,2,0,0,0,0,0,4,26,1
"org.apache.lucene.benchmark.byTask.feeds.LineDocSource$HeaderLineParser",9,0.06,4.44,116,1.48,68386.88,15,6,11,49,5,149.84,9,158,0,2,99.84,0.00,0.50,0.22,3,30.00,8,4429.49,2,2,5,org.apache.lucene.benchmark.byTask.feeds.LineParser,0.00,40,1,40,0,40,7,0,9,843,2
"org.apache.lucene.benchmark.byTask.feeds.LineDocSource$HeaderLineParser$FieldName",0,0.00,0.00,2,0.01,42.79,0,0,11,0,0,171.00,0,1,0,1,171.00,0.00,0.00,0.00,0,0.00,0,28.53,0,0,0,java.lang.Object,0.00,0,0,0,0,0,0,0,0,9,1
"org.apache.lucene.benchmark.byTask.feeds.LineDocSource$LineParser",2,1.00,1.00,5,0.04,512.27,3,1,11,2,1,180.69,4,7,0,1,140.80,0.00,0.00,0.00,0,2.00,1,124.80,0,0,1,java.lang.Object,0.00,0,0,2,0,0,2,0,2,36,3
"org.apache.lucene.benchmark.byTask.feeds.LineDocSource$SimpleLineParser",2,0.00,2.50,19,0.27,14482.90,2,0,11,8,2,104.80,1,26,0,2,104.80,0.00,0.50,0.00,0,2.00,4,799.47,0,0,2,org.apache.lucene.benchmark.byTask.feeds.LineParser,0.00,6,1,5,0,6,2,0,1,161,2
"org.apache.lucene.benchmark.byTask.feeds.LineDocSourceTest",14,1.00,1.93,128,1.79,76361.28,15,1,25,55,17,155.83,20,157,0,3,105.83,0.00,0.67,0.07,6,26.00,6,5372.02,1,0,17,org.apache.lucene.benchmark.BenchmarkTestCase,0.00,41,2,27,0,41,14,0,20,1006,1
"org.apache.lucene.benchmark.byTask.feeds.LongToEnglishContentSource",3,0.00,1.33,20,0.25,8241.89,5,2,4,12,3,154.71,7,30,0,3,114.83,0.00,0.67,0.50,0,1.00,2,736.26,0,1,3,org.apache.lucene.benchmark.byTask.feeds.ContentSource,0.35,9,2,4,0,9,2,0,4,151,1
"org.apache.lucene.benchmark.byTask.feeds.LongToEnglishQueryMaker",6,0.00,1.17,19,0.25,4365.46,9,3,9,14,8,130.63,5,28,0,1,130.63,0.00,0.00,0.33,1,10.00,2,758.55,0,3,8,java.lang.Object,0.00,8,0,7,0,8,3,1,2,174,1
"org.apache.lucene.benchmark.byTask.feeds.NoMoreDataException",0,0.00,0.00,1,0.01,31.02,0,0,0,0,20,171.00,21,2,20,2,171.00,0.00,0.50,0.00,0,0.00,0,15.51,0,0,0,java.lang.Exception,0.00,0,1,0,0,0,0,0,2,6,1
"org.apache.lucene.benchmark.byTask.feeds.QueryMaker",5,0.00,1.00,6,0.04,200.25,5,0,2,5,12,198.27,13,7,10,1,158.38,0.00,0.00,0.00,0,5.00,1,107.93,0,3,2,,0.00,0,0,5,0,0,2,0,6,39,1
"org.apache.lucene.benchmark.byTask.feeds.RandomFacetSource",3,0.62,2.00,33,0.38,15743.92,7,4,5,14,5,84.83,16,37,0,3,102.70,0.00,0.67,0.67,0,1.00,4,1137.27,3,1,5,org.apache.lucene.benchmark.byTask.feeds.FacetSource,0.17,11,2,6,0,11,2,0,5,225,1
"org.apache.lucene.benchmark.byTask.feeds.ReutersContentSource",6,0.08,2.00,68,0.90,40315.98,11,5,11,42,4,141.74,16,88,0,3,101.86,0.00,0.67,0.27,2,14.00,4,2703.34,4,3,4,org.apache.lucene.benchmark.byTask.feeds.ContentSource,0.30,36,2,12,0,36,3,0,7,509,1
"org.apache.lucene.benchmark.byTask.feeds.ReutersContentSource$DateFormatInfo",1,2.00,1.00,4,0.02,160.43,3,2,11,1,0,131.18,0,5,0,1,131.18,0.00,0.00,0.00,0,1.00,1,56.65,0,0,0,java.lang.Object,0.00,0,0,1,0,0,1,0,0,18,3
"org.apache.lucene.benchmark.byTask.feeds.ReutersQueryMaker",3,1.00,2.67,32,0.60,24831.06,4,1,14,20,14,84.75,16,53,1,2,102.62,0.00,0.50,0.33,2,4.00,6,1801.99,0,3,13,org.apache.lucene.benchmark.byTask.feeds.AbstractQueryMaker,0.20,17,1,8,0,17,0,1,7,339,1
"org.apache.lucene.benchmark.byTask.feeds.SimpleQueryMaker",1,0.00,1.00,21,0.40,18375.76,1,0,10,12,10,43.97,11,25,1,2,88.10,1.00,0.33,0.00,0,0.00,1,1189.13,0,1,9,org.apache.lucene.benchmark.byTask.feeds.AbstractQueryMaker,0.25,11,1,1,1,11,0,0,3,209,1
"org.apache.lucene.benchmark.byTask.feeds.SimpleSloppyPhraseQueryMaker",1,0.00,9.00,48,0.58,63006.25,1,0,5,12,6,21.51,10,44,0,3,69.99,0.00,0.67,0.00,0,1.00,9,1728.51,0,1,6,org.apache.lucene.benchmark.byTask.feeds.SimpleQueryMaker,0.33,11,2,9,0,11,0,0,6,296,1
"org.apache.lucene.benchmark.byTask.feeds.SingleDocSource",4,0.17,1.25,18,0.23,4448.28,6,2,1,9,5,106.63,20,40,2,3,124.50,0.50,0.50,0.38,1,6.00,2,675.18,2,1,3,org.apache.lucene.benchmark.byTask.feeds.ContentSource,0.33,5,2,5,1,5,3,0,3,150,1
"org.apache.lucene.benchmark.byTask.feeds.SortableSingleDocSource",3,0.50,1.33,25,0.92,20100.17,6,3,3,11,4,107.35,13,68,0,4,107.12,0.00,0.75,0.67,1,0.00,2,2762.25,2,1,4,org.apache.lucene.benchmark.byTask.feeds.SingleDocSource,0.00,8,3,4,0,8,2,0,4,415,1
"org.apache.lucene.benchmark.byTask.feeds.TrecContentSource",11,0.11,3.64,164,2.14,85501.88,31,20,17,62,17,79.44,64,223,9,3,97.31,0.50,0.50,0.15,5,58.00,7,6422.85,5,5,10,org.apache.lucene.benchmark.byTask.feeds.ContentSource,0.24,51,2,40,1,51,6,0,38,1158,1
"org.apache.lucene.benchmark.byTask.feeds.TrecContentSource$DateFormatInfo",1,2.00,1.00,4,0.02,205.51,3,2,17,1,0,130.33,0,5,0,1,130.33,0.00,0.00,0.00,0,1.00,1,62.11,0,0,0,java.lang.Object,0.00,0,0,1,0,0,1,0,0,19,3
"org.apache.lucene.benchmark.byTask.feeds.TrecContentSourceTest",8,0.00,2.12,95,2.21,68199.57,8,0,14,41,7,151.03,14,300,0,2,101.03,0.00,0.50,0.00,2,8.00,8,6638.13,0,0,7,org.apache.lucene.util.LuceneTestCase,0.00,33,1,17,0,33,8,0,11,1110,1
"org.apache.lucene.benchmark.byTask.feeds.TrecContentSourceTest$StringableTrecSource",3,1.00,1.67,13,0.12,2154.78,4,1,14,7,4,125.93,0,21,0,4,125.93,0.00,0.75,0.33,0,5.00,3,361.62,0,0,4,org.apache.lucene.benchmark.byTask.feeds.TrecContentSource,0.14,4,3,5,0,4,3,0,0,89,2
"org.apache.lucene.benchmark.byTask.feeds.TrecDocParser",5,0.19,2.60,45,0.65,32585.64,9,4,5,17,8,57.04,40,59,7,1,105.15,0.00,0.00,0.10,1,8.00,6,1940.85,0,5,7,java.lang.Object,0.00,12,0,13,6,12,0,0,13,411,2
"org.apache.lucene.benchmark.byTask.feeds.TrecDocParser$ParsePathType",0,0.00,0.00,2,0.01,42.79,0,0,5,0,0,171.00,0,1,0,1,171.00,0.00,0.00,0.00,0,0.00,0,28.53,0,0,0,java.lang.Object,0.00,0,0,0,0,0,0,0,0,9,1
"org.apache.lucene.benchmark.byTask.feeds.TrecFBISParser",1,0.00,3.00,26,0.39,12783.45,8,7,2,10,3,43.34,7,32,0,2,85.63,0.00,0.50,1.00,0,0.00,3,1155.46,2,1,3,org.apache.lucene.benchmark.byTask.feeds.TrecDocParser,0.00,9,1,3,0,9,0,0,5,212,1
"org.apache.lucene.benchmark.byTask.feeds.TrecFR94Parser",1,0.00,3.00,23,0.36,11675.41,7,6,2,10,3,39.82,8,33,0,2,87.92,0.00,0.50,1.00,0,0.00,3,1081.22,2,1,3,org.apache.lucene.benchmark.byTask.feeds.TrecDocParser,0.00,9,1,3,0,9,0,0,6,199,1
"org.apache.lucene.benchmark.byTask.feeds.TrecFTParser",1,0.00,2.00,18,0.26,7214.73,5,4,2,8,3,61.41,6,23,0,2,93.63,0.00,0.50,1.00,0,0.00,2,779.11,2,1,3,org.apache.lucene.benchmark.byTask.feeds.TrecDocParser,0.00,7,1,2,0,7,0,0,4,149,1
"org.apache.lucene.benchmark.byTask.feeds.TrecGov2Parser",1,0.00,3.00,19,0.31,9733.84,6,5,3,9,4,73.77,5,25,1,2,91.64,0.00,0.50,1.00,0,0.00,3,932.57,1,1,4,org.apache.lucene.benchmark.byTask.feeds.TrecDocParser,0.00,8,1,3,0,8,0,0,3,174,1
"org.apache.lucene.benchmark.byTask.feeds.TrecLATimesParser",1,0.00,5.00,29,0.46,19859.17,8,7,2,12,3,34.13,8,37,0,2,82.23,0.00,0.50,1.00,0,0.00,5,1394.97,2,1,3,org.apache.lucene.benchmark.byTask.feeds.TrecDocParser,0.00,11,1,5,0,11,0,0,6,251,1
"org.apache.lucene.benchmark.byTask.feeds.TrecParserByPath",1,0.00,1.00,3,0.06,1062.64,1,0,1,3,4,129.61,4,7,1,2,129.37,0.00,0.50,0.00,0,0.00,1,180.57,0,1,3,org.apache.lucene.benchmark.byTask.feeds.TrecDocParser,0.00,2,1,1,0,2,0,0,1,42,1
"org.apache.lucene.analysis.phonetic.BeiderMorseFilter",4,0.20,2.00,37,0.50,16101.97,14,10,11,19,8,74.64,27,49,3,4,106.86,0.00,0.75,0.25,0,4.00,5,1496.35,1,0,5,org.apache.lucene.analysis.TokenFilter,0.50,15,3,8,0,15,4,0,9,298,2
"org.apache.lucene.analysis.phonetic.DoubleMetaphoneFilter",3,0.25,4.67,48,0.64,42037.21,9,6,7,21,9,113.69,9,61,5,4,93.08,0.00,0.75,0.33,0,1.00,12,1923.52,0,0,4,org.apache.lucene.analysis.TokenFilter,0.53,18,3,14,0,18,3,0,7,359,1
"org.apache.lucene.analysis.phonetic.DoubleMetaphoneFilterTest",7,0.00,1.00,34,0.48,8155.30,7,0,10,13,9,124.40,1,42,0,3,124.40,0.00,0.67,0.00,0,7.00,1,1437.53,2,0,9,org.apache.lucene.analysis.BaseTokenStreamTestCase,0.00,6,2,7,0,6,7,0,1,312,1
"org.apache.lucene.analysis.phonetic.DoubleMetaphoneFilterTest$ReusableAnalyzerBase",1,0.00,1.00,4,0.06,1111.23,1,0,10,4,3,124.56,0,6,0,1,124.56,0.00,0.00,0.00,0,1.00,1,170.85,0,0,3,java.lang.Object,0.00,3,0,1,0,3,1,0,0,40,0
"org.apache.lucene.analysis.phonetic.DoubleMetaphoneFilterTest$ReusableAnalyzerBase_0",1,0.00,1.00,4,0.06,1051.87,1,0,10,4,3,124.74,0,6,0,1,124.74,0.00,0.00,0.00,0,1.00,1,173.06,0,0,3,java.lang.Object,0.00,3,0,1,0,3,1,0,0,40,0
"org.apache.lucene.analysis.phonetic.PhoneticFilter",3,0.30,3.33,35,0.44,20045.80,8,5,6,14,8,122.37,11,45,4,4,101.76,0.00,0.75,0.40,0,1.00,8,1329.84,0,0,4,org.apache.lucene.analysis.TokenFilter,0.53,11,3,10,0,11,3,0,8,258,1
"org.apache.lucene.analysis.phonetic.TestBeiderMorseFilter",4,0.00,1.00,26,0.38,10660.35,4,0,12,8,5,165.00,4,38,0,3,115.00,0.00,0.67,0.00,0,4.00,1,1131.81,2,0,5,org.apache.lucene.analysis.BaseTokenStreamTestCase,0.00,4,2,4,0,4,4,0,4,241,1
"org.apache.lucene.analysis.phonetic.TestBeiderMorseFilter$HashSet<String>",0,0.00,0.00,4,0.02,286.80,0,0,12,0,0,171.00,0,2,0,1,171.00,0.00,0.00,0.00,0,0.00,0,71.70,0,0,0,java.lang.Object,0.00,0,0,0,0,0,0,0,0,20,0
"org.apache.lucene.analysis.phonetic.TestBeiderMorseFilter$ReusableAnalyzerBase",1,0.00,1.00,4,0.07,1264.44,1,0,12,5,3,124.12,0,7,0,1,124.12,0.00,0.00,0.00,0,1.00,1,219.52,0,0,3,java.lang.Object,0.00,4,0,1,0,4,1,0,0,48,0
"org.apache.lucene.analysis.phonetic.TestBeiderMorseFilter$ReusableAnalyzerBase_0",1,0.00,1.00,4,0.08,1290.86,1,0,12,5,3,124.04,0,8,0,1,124.04,0.00,0.00,0.00,0,1.00,1,226.61,0,0,3,java.lang.Object,0.00,4,0,1,0,4,1,0,0,49,0
"org.apache.lucene.analysis.phonetic.TestPhoneticFilter",3,0.00,1.33,24,0.52,14558.80,3,0,15,13,7,158.22,4,43,0,3,108.22,0.00,0.67,0.00,1,3.00,2,1559.67,2,0,7,org.apache.lucene.analysis.BaseTokenStreamTestCase,0.00,10,2,4,0,10,3,0,2,299,1
"org.apache.lucene.analysis.phonetic.TestPhoneticFilter$ReusableAnalyzerBase",1,0.00,1.00,4,0.06,1111.23,1,0,15,4,3,124.56,0,6,0,1,124.56,0.00,0.00,0.00,0,1.00,1,170.85,0,0,3,java.lang.Object,0.00,3,0,1,0,3,1,0,0,40,0
"org.apache.lucene.analysis.phonetic.TestPhoneticFilter$ReusableAnalyzerBase_0",1,0.00,1.00,4,0.06,1111.23,1,0,15,4,3,124.56,0,6,0,1,124.56,0.00,0.00,0.00,0,1.00,1,170.85,0,0,3,java.lang.Object,0.00,3,0,1,0,3,1,0,0,40,0
"org.apache.lucene.queryParser.core.parser.EscapeQuerySyntax",1,0.00,1.00,3,0.02,77.59,1,0,1,1,28,108.94,13,4,28,1,138.32,0.00,0.00,0.00,0,1.00,1,52.38,0,1,0,,0.00,0,0,1,0,0,0,0,2,18,1
"org.apache.lucene.queryParser.core.parser.EscapeQuerySyntax$Type",0,0.00,0.00,2,0.01,39.30,0,0,1,0,0,171.00,0,3,0,1,171.00,0.00,0.00,0.00,0,0.00,0,19.65,0,0,0,java.lang.Object,0.00,0,0,0,0,0,0,0,0,7,1
"org.apache.lucene.queryParser.core.parser.SyntaxParser",1,0.00,1.00,2,0.01,97.26,1,0,2,1,8,95.64,10,4,7,1,144.12,0.00,0.00,0.00,0,1.00,1,44.54,0,1,2,,0.00,0,0,1,0,0,0,0,2,15,1
"org.apache.lucene.search.suggest.tst.TSTAutocomplete",3,0.00,7.67,68,0.97,114411.29,3,0,1,13,2,55.00,41,89,1,1,84.38,0.00,0.00,0.00,1,3.00,14,2924.05,0,1,1,java.lang.Object,0.00,10,0,23,0,10,2,0,3,551,1
"org.apache.lucene.search.suggest.tst.TSTLookup",9,0.20,4.11,114,1.65,68489.62,16,7,17,52,12,99.85,8,144,3,2,99.85,0.00,0.50,0.32,3,1.00,11,4939.78,0,2,9,org.apache.lucene.search.suggest.Lookup,0.00,43,1,37,0,43,7,0,8,938,1
"org.apache.lucene.search.suggest.tst.TernaryTreeNode",0,0.00,0.00,7,0.04,287.07,6,6,0,0,2,171.00,30,8,2,1,171.00,0.00,0.00,0.00,0,0.00,0,110.41,0,0,0,java.lang.Object,0.00,0,0,0,0,0,0,0,7,29,1
"org.apache.lucene.benchmark.quality.trec.QueryDriver",1,0.00,6.00,38,0.83,47621.27,1,0,16,28,12,26.35,10,41,0,1,74.82,0.00,0.00,0.00,0,1.00,6,2480.46,0,0,12,java.lang.Object,0.00,27,0,6,0,27,1,0,8,373,1
"org.apache.lucene.benchmark.quality.trec.Trec1MQReader",2,1.00,2.00,24,0.33,18607.38,3,1,6,15,1,69.95,26,31,0,1,99.33,0.00,0.00,0.50,0,2.00,3,989.63,0,1,1,java.lang.Object,0.00,13,0,4,0,13,1,0,8,183,1
"org.apache.lucene.benchmark.quality.trec.TrecJudge",4,0.00,4.50,65,0.89,61782.16,5,1,8,29,4,74.88,23,79,2,1,92.75,0.00,0.00,1.00,0,0.00,9,2660.52,0,0,2,java.lang.Object,0.00,25,0,18,0,25,4,1,7,484,1
"org.apache.lucene.benchmark.quality.trec.TrecJudge$QRelJudgement",4,0.00,1.00,12,0.09,1269.02,6,2,8,8,0,133.50,0,17,0,1,133.50,0.00,0.00,0.50,0,0.00,1,278.01,0,0,0,java.lang.Object,0.00,4,0,4,0,4,4,0,0,78,2
"org.apache.lucene.benchmark.quality.trec.TrecTopicsReader",3,1.00,5.33,55,0.86,63008.04,4,1,6,22,3,52.19,37,71,2,1,89.75,0.00,0.00,0.33,1,4.00,8,2570.43,0,1,1,java.lang.Object,0.00,19,0,16,0,19,2,0,11,442,1
"org.apache.lucene.facet.search.cache.CategoryListCache",3,0.50,1.00,9,0.11,1759.64,4,1,6,7,11,82.93,30,15,6,1,131.40,0.00,0.00,0.67,1,1.00,1,325.85,0,1,5,java.lang.Object,0.00,4,0,3,0,4,2,0,5,82,1
"org.apache.lucene.facet.search.cache.CategoryListData",3,0.50,3.33,36,0.48,26242.16,4,1,7,16,10,89.07,47,38,4,1,99.43,0.00,0.00,0.67,0,1.00,8,1427.50,0,1,6,java.lang.Object,0.00,13,0,10,0,13,2,0,7,258,1
"org.apache.lucene.facet.search.cache.CategoryListData$RAMCategoryListIterator",4,0.58,1.50,20,0.23,6126.34,8,4,7,4,1,119.75,0,27,0,1,119.75,0.00,0.00,0.69,0,0.00,2,694.81,0,0,1,java.lang.Object,0.00,0,0,6,0,0,4,1,0,160,2
"org.apache.solr.search.grouping.distributed.shardresultserializer.SearchGroupsResultTransformer",4,1.00,4.00,52,0.96,58683.32,5,1,11,27,12,136.20,9,60,2,1,96.32,0.00,0.00,0.25,0,6.00,7,2879.08,0,3,10,java.lang.Object,0.00,23,0,16,0,23,1,1,3,525,1
"org.apache.solr.search.grouping.distributed.shardresultserializer.ShardResultTransformer",2,0.00,1.00,3,0.04,302.75,2,0,3,2,5,116.27,24,4,3,1,153.83,0.00,0.00,0.00,0,2.00,1,117.42,0,1,2,,0.00,0,0,2,0,0,1,0,3,34,1
"org.apache.solr.search.grouping.distributed.shardresultserializer.TopGroupsResultTransformer",6,0.40,6.67,161,3.42,313756.54,7,1,23,62,21,130.63,10,184,2,1,80.63,0.00,0.00,0.67,1,0.00,13,10245.42,0,5,19,java.lang.Object,0.00,56,0,40,0,56,1,1,3,1607,1
"org.apache.solr.search.grouping.distributed.shardresultserializer.TopGroupsResultTransformer$FieldSelector",1,0.00,2.00,5,0.04,534.67,1,0,23,3,1,123.28,0,7,0,1,123.28,0.00,0.00,0.00,0,1.00,2,120.00,0,1,1,java.lang.Object,0.00,2,0,2,0,2,0,0,0,32,0
"org.apache.lucene.analysis.fr.Deprecated",5,0.06,2.40,25,0.32,9999.11,9,4,9,14,7,76.44,37,37,0,4,118.73,0.00,0.75,0.30,0,2.00,4,972.45,0,0,7,org.apache.lucene.analysis.TokenFilter,0.24,9,3,12,0,9,5,0,8,209,2
"org.apache.lucene.analysis.fr.ElisionFilter",8,0.14,2.12,45,0.63,28724.33,12,4,9,17,10,98.88,43,63,5,4,116.76,0.00,0.75,0.12,1,20.00,6,1884.71,0,0,5,org.apache.lucene.analysis.TokenFilter,0.20,9,3,17,0,9,8,0,11,380,2
"org.apache.lucene.analysis.fr.FrenchAnalyzer",10,0.22,2.00,49,1.38,39462.43,13,3,23,30,18,70.06,96,100,1,4,120.06,0.00,0.75,0.13,0,18.00,5,4129.10,1,1,17,org.apache.lucene.analysis.StopwordAnalyzerBase,0.00,20,3,20,0,20,9,0,18,684,2
"org.apache.lucene.analysis.fr.FrenchAnalyzer$DefaultSetHolder",0,0.00,0.00,7,0.12,2746.66,2,2,23,3,4,171.00,3,15,0,1,171.00,0.00,0.00,0.00,0,0.00,0,371.64,0,0,4,java.lang.Object,0.00,3,0,0,0,3,0,0,3,79,2
"org.apache.lucene.analysis.fr.FrenchLightStemFilter",2,0.33,2.00,14,0.16,3794.18,5,3,6,8,9,113.74,9,20,3,4,113.50,0.00,0.75,0.50,0,2.00,3,481.98,0,0,6,org.apache.lucene.analysis.TokenFilter,0.29,6,3,4,0,6,2,0,1,107,2
"org.apache.lucene.analysis.fr.FrenchLightStemmer",2,0.00,26.00,128,2.30,401621.10,2,0,1,3,1,61.35,8,168,1,1,61.12,0.00,0.00,0.00,1,2.00,34,6906.75,0,0,0,java.lang.Object,0.00,1,0,52,0,1,2,0,2,1138,1
"org.apache.lucene.analysis.fr.FrenchMinimalStemFilter",2,0.33,2.00,14,0.16,3794.18,5,3,6,8,8,113.74,9,20,2,4,113.50,0.00,0.75,0.50,0,2.00,3,481.98,0,0,6,org.apache.lucene.analysis.TokenFilter,0.29,6,3,4,0,6,2,0,1,107,2
"org.apache.lucene.analysis.fr.FrenchMinimalStemmer",1,0.00,9.00,12,0.21,12910.63,1,0,0,1,1,60.99,56,17,1,1,97.87,0.00,0.00,0.00,0,1.00,9,621.36,0,0,0,java.lang.Object,0.00,0,0,9,0,0,1,0,4,129,1
"org.apache.lucene.analysis.fr.TestElision",2,0.00,1.50,16,0.24,6431.37,2,0,10,12,7,159.60,3,20,0,3,109.60,0.00,0.67,0.00,1,2.00,2,721.08,0,1,7,org.apache.lucene.analysis.BaseTokenStreamTestCase,0.00,10,2,3,0,10,1,0,1,145,1
"org.apache.lucene.analysis.fr.TestFrenchAnalyzer",9,0.00,1.00,56,1.01,24589.44,9,0,4,13,3,97.04,45,169,0,3,114.91,0.00,0.67,0.00,0,9.00,1,3039.59,3,0,3,org.apache.lucene.analysis.BaseTokenStreamTestCase,0.00,4,2,9,0,4,9,0,26,583,1
"org.apache.lucene.analysis.fr.TestFrenchLightStemFilter",3,0.00,1.00,78,1.01,21196.56,3,0,8,5,5,108.52,10,83,0,3,87.91,0.00,0.67,0.00,0,3.00,1,3028.67,2,0,5,org.apache.lucene.analysis.BaseTokenStreamTestCase,0.00,2,2,3,0,2,3,0,8,473,1
"org.apache.lucene.analysis.fr.TestFrenchLightStemFilter$ReusableAnalyzerBase",1,0.00,1.00,4,0.05,1009.20,1,0,8,4,3,124.89,0,7,0,1,124.89,0.00,0.00,0.00,0,1.00,1,159.62,0,0,3,java.lang.Object,0.00,3,0,1,0,3,1,0,0,38,0
"org.apache.lucene.analysis.fr.TestFrenchMinimalStemFilter",3,0.00,1.00,16,0.14,1905.35,3,0,8,5,5,162.74,6,21,0,3,122.86,0.00,0.67,0.00,0,3.00,1,415.11,2,0,5,org.apache.lucene.analysis.BaseTokenStreamTestCase,0.00,2,2,3,0,2,3,0,4,101,1
"org.apache.lucene.analysis.fr.TestFrenchMinimalStemFilter$ReusableAnalyzerBase",1,0.00,1.00,4,0.05,1009.20,1,0,8,4,3,124.89,0,7,0,1,124.89,0.00,0.00,0.00,0,1.00,1,159.62,0,0,3,java.lang.Object,0.00,3,0,1,0,3,1,0,0,38,0
"org.apache.lucene.facet.search.results.FacetResult",6,3.00,1.33,27,0.29,10374.20,9,3,1,10,40,80.69,47,39,38,1,122.98,0.00,0.00,0.00,1,6.00,3,874.17,0,3,2,java.lang.Object,0.00,4,0,8,1,4,3,0,9,206,1
"org.apache.lucene.facet.search.results.FacetResultNode",9,0.00,1.00,10,0.06,338.07,9,0,6,9,36,110.49,78,11,32,1,158.60,0.00,0.00,0.00,0,9.00,1,165.54,0,3,5,,0.00,0,0,9,0,0,6,0,11,62,1
"org.apache.lucene.facet.search.results.IntermediateFacetResult",1,0.00,1.00,2,0.01,23.00,1,0,2,1,9,186.08,30,3,8,1,149.05,0.00,0.00,0.00,0,1.00,1,18.00,0,1,2,,0.00,0,0,1,0,0,0,0,3,9,1
"org.apache.lucene.facet.search.results.MutableFacetResultNode",25,0.04,1.68,107,1.19,44569.95,31,6,5,45,8,90.60,151,146,5,1,122.82,0.00,0.00,0.13,5,184.00,4,3563.04,0,6,3,java.lang.Object,0.00,20,0,42,0,20,19,1,25,799,1
"org.apache.lucene.analysis.icu.GenerateHTMLStripCharFilterSupplementaryMacros",3,0.12,3.33,50,0.92,43532.27,7,4,5,24,1,143.03,4,72,1,1,93.03,0.00,0.00,0.33,2,5.00,8,2761.74,0,0,0,java.lang.Object,0.00,21,0,10,0,21,3,0,4,498,1
"org.apache.lucene.analysis.icu.GenerateJFlexSupplementaryMacros",3,0.12,2.67,53,0.88,30932.28,7,4,8,21,1,143.27,4,74,1,1,93.27,0.00,0.00,0.33,2,5.00,6,2632.09,0,0,0,java.lang.Object,0.00,18,0,8,0,18,3,0,4,481,1
"org.apache.lucene.analysis.icu.ICUFoldingFilter",1,0.00,1.00,4,0.06,1088.65,2,1,2,3,4,90.92,42,8,2,5,124.63,0.00,0.80,1.00,0,0.00,1,175.42,0,0,2,org.apache.lucene.analysis.icu.ICUNormalizer2Filter,0.00,2,4,1,0,2,1,0,2,43,2
"org.apache.lucene.analysis.icu.ICUNormalizer2Filter",3,0.00,1.67,18,0.20,3972.84,6,3,6,10,9,73.14,35,25,6,4,117.27,0.33,0.60,0.33,0,4.00,3,590.01,0,0,3,org.apache.lucene.analysis.TokenFilter,0.27,7,3,5,1,7,3,0,3,133,1
"org.apache.lucene.analysis.icu.ICUTransformFilter",2,0.50,2.50,24,0.31,9169.08,6,4,8,11,6,148.97,47,31,3,4,101.70,0.00,0.75,0.50,0,2.00,3,937.17,0,0,3,org.apache.lucene.analysis.TokenFilter,0.29,9,3,5,0,9,2,0,9,192,2
"org.apache.lucene.analysis.icu.ICUTransformFilter$ReplaceableTermAttribute",10,0.15,1.20,37,0.46,13376.22,13,3,8,18,1,128.54,7,51,0,1,128.54,0.00,0.00,0.47,3,0.00,3,1371.29,0,0,1,java.lang.Object,0.00,8,0,12,0,8,10,1,7,322,1
"org.apache.lucene.analysis.icu.RBBIRuleCompiler",3,0.00,3.00,37,0.56,23611.59,3,0,9,27,0,100.05,13,46,0,1,99.81,0.00,0.00,0.00,2,3.00,4,1693.62,0,1,0,java.lang.Object,0.00,24,0,9,0,24,2,0,3,311,1
"org.apache.lucene.analysis.icu.RBBIRuleCompiler$FilenameFilter",1,0.00,1.00,3,0.02,217.60,1,0,9,2,0,134.79,0,3,0,1,134.79,0.00,0.00,0.00,0,1.00,1,68.92,0,0,0,java.lang.Object,0.00,1,0,1,0,1,1,0,0,20,0
"org.apache.lucene.analysis.icu.TestICUFoldingFilter",2,0.00,1.00,19,0.29,6259.22,2,0,3,3,2,59.77,17,23,0,3,107.88,0.00,0.67,0.00,0,2.00,1,872.03,2,0,2,org.apache.lucene.analysis.BaseTokenStreamTestCase,0.00,1,2,2,0,1,2,0,15,173,1
"org.apache.lucene.analysis.icu.TestICUFoldingFilter$ReusableAnalyzerBase",1,0.00,1.00,4,0.05,1009.20,1,0,3,4,3,124.89,0,6,0,1,124.89,0.00,0.00,0.00,0,1.00,1,159.62,0,0,3,java.lang.Object,0.00,3,0,1,0,3,1,0,0,38,0
"org.apache.lucene.analysis.icu.TestICUNormalizer2Filter",3,0.00,1.00,16,0.20,3324.64,3,0,4,5,2,141.57,11,21,0,3,120.95,0.00,0.67,0.00,0,3.00,1,590.79,2,0,2,org.apache.lucene.analysis.BaseTokenStreamTestCase,0.00,2,2,3,0,2,3,0,9,132,1
"org.apache.lucene.analysis.icu.TestICUNormalizer2Filter$ReusableAnalyzerBase",1,0.00,1.00,4,0.05,1009.20,1,0,4,4,3,124.89,0,6,0,1,124.89,0.00,0.00,0.00,0,1.00,1,159.62,0,0,3,java.lang.Object,0.00,3,0,1,0,3,1,0,0,38,0
"org.apache.lucene.analysis.icu.TestICUNormalizer2Filter$ReusableAnalyzerBase_0",1,0.00,1.00,4,0.07,1344.14,1,0,4,5,3,173.91,1,8,0,1,123.91,0.00,0.00,0.00,0,1.00,1,224.33,0,0,3,java.lang.Object,0.00,4,0,1,0,4,1,0,1,49,0
"org.apache.lucene.analysis.icu.TestICUTransformFilter",8,0.00,1.00,35,0.51,8092.56,8,0,12,18,8,174.88,8,51,0,3,124.88,0.00,0.67,0.00,1,8.00,1,1519.76,2,0,8,org.apache.lucene.analysis.BaseTokenStreamTestCase,0.00,10,2,8,0,10,8,0,6,329,1
"org.apache.lucene.analysis.icu.TestICUTransformFilter$ReusableAnalyzerBase",1,0.00,1.00,4,0.06,1029.80,1,0,12,4,3,124.82,0,6,0,1,124.82,0.00,0.00,0.00,0,1.00,1,166.32,0,0,3,java.lang.Object,0.00,3,0,1,0,3,1,0,0,39,0
"org.apache.solr.search.grouping.distributed.command.QueryCommand",6,0.12,1.33,32,0.34,7627.69,14,8,11,14,14,120.42,3,40,1,1,120.42,0.00,0.00,0.23,0,14.00,2,1020.69,0,5,13,java.lang.Object,0.00,8,0,8,0,8,1,1,1,226,1
"org.apache.solr.search.grouping.distributed.command.QueryCommand$Builder",8,0.02,1.12,32,0.28,4795.21,14,6,11,13,7,166.53,16,42,0,1,126.64,0.00,0.00,0.15,2,16.00,2,840.24,0,8,7,java.lang.Object,0.00,5,0,9,0,5,0,0,2,209,2
"org.apache.solr.search.grouping.distributed.command.QueryCommandResult",3,0.25,1.00,10,0.06,680.40,5,2,1,3,5,184.65,3,14,4,1,134.65,0.00,0.00,0.33,0,5.00,1,175.05,0,1,1,java.lang.Object,0.00,0,0,3,0,0,2,0,1,52,1
"org.apache.solr.search.grouping.distributed.command.SearchGroupsFieldCommand",6,0.05,1.00,21,0.20,3058.84,10,4,10,10,8,131.88,3,28,2,1,131.88,0.00,0.00,0.29,0,10.00,1,604.53,0,5,6,java.lang.Object,0.00,4,0,6,0,4,1,1,1,148,1
"org.apache.solr.search.grouping.distributed.command.SearchGroupsFieldCommand$Builder",4,0.11,1.25,17,0.13,2389.73,7,3,10,6,3,126.63,0,23,0,1,126.63,0.00,0.00,0.25,0,6.00,2,383.69,0,3,3,java.lang.Object,0.00,2,0,5,0,2,1,0,0,101,2
"org.apache.solr.search.grouping.distributed.command.TopGroupsFieldCommand",6,0.18,1.33,41,0.47,12164.65,16,10,13,14,11,115.87,3,59,2,1,115.87,0.00,0.00,0.25,0,10.00,2,1397.04,0,5,9,java.lang.Object,0.00,8,0,8,0,8,1,1,1,298,1
"org.apache.solr.search.grouping.distributed.command.TopGroupsFieldCommand$Builder",9,0.02,1.11,37,0.32,6215.21,17,8,13,11,4,126.16,0,49,0,1,126.16,0.00,0.00,0.11,0,16.00,2,965.52,0,8,4,java.lang.Object,0.00,2,0,10,0,2,1,0,0,237,2
"org.apache.solr.client.solrj.impl.BinaryRequestWriter",5,0.00,1.80,27,0.33,11727.34,5,0,9,17,8,158.14,10,44,3,2,118.25,0.00,0.50,0.00,0,5.00,3,987.11,2,4,5,org.apache.solr.client.solrj.request.RequestWriter,0.17,12,1,9,0,12,1,0,2,213,1
"org.apache.solr.client.solrj.impl.BinaryRequestWriter$BAOS",1,0.00,1.00,3,0.02,120.56,1,0,9,1,0,136.81,0,6,0,2,136.81,0.00,0.50,0.00,0,1.00,1,47.15,0,0,0,java.io.ByteArrayOutputStream,0.00,0,1,1,0,0,1,0,0,16,0
"org.apache.solr.client.solrj.impl.BinaryRequestWriter$ContentStream",6,0.00,1.00,13,0.09,945.01,6,0,9,11,0,142.47,1,20,0,1,142.47,0.00,0.00,0.00,0,6.00,1,259.04,0,6,0,java.lang.Object,0.00,5,0,6,0,5,0,0,1,76,0
"org.apache.solr.client.solrj.impl.BinaryResponseParser",4,0.00,1.25,11,0.13,2782.32,4,0,7,8,10,187.34,4,22,6,2,137.34,0.00,0.50,0.00,0,4.00,2,399.44,0,4,4,org.apache.solr.client.solrj.ResponseParser,0.50,4,1,5,0,4,0,0,1,95,1
"org.apache.solr.client.solrj.impl.CommonsHttpSolrServer",31,0.02,2.35,217,3.44,294860.59,43,12,36,121,40,75.73,191,312,24,2,107.95,1.00,0.33,0.07,6,317.00,36,10326.98,0,9,16,org.apache.solr.client.solrj.SolrServer,0.00,90,1,73,1,90,22,0,61,1677,1
"org.apache.solr.client.solrj.impl.CommonsHttpSolrServer$Iterator<SolrInputDocument>",3,0.00,1.33,9,0.07,1088.73,3,0,36,8,1,132.98,0,12,0,1,132.98,0.00,0.00,0.00,0,3.00,2,203.06,0,1,1,java.lang.Object,0.00,5,0,4,0,5,2,0,0,57,0
"org.apache.solr.client.solrj.impl.CommonsHttpSolrServer$PartSource",3,0.00,1.00,7,0.04,394.36,3,0,36,6,0,143.09,0,10,0,1,143.09,0.00,0.00,0.00,0,3.00,1,127.69,0,2,0,java.lang.Object,0.00,3,0,3,0,3,1,0,0,39,0
"org.apache.solr.client.solrj.impl.CommonsHttpSolrServer$RequestEntity",4,0.00,1.00,9,0.07,700.55,4,0,36,6,1,142.10,0,13,0,1,142.10,0.00,0.00,0.00,0,4.00,1,195.43,0,1,1,java.lang.Object,0.00,2,0,4,0,2,3,0,0,56,0
"org.apache.solr.client.solrj.impl.LBHttpSolrServer",16,0.04,2.50,117,1.41,58991.20,25,9,16,60,12,111.41,65,176,3,2,111.18,0.00,0.50,0.15,3,70.00,9,4240.86,1,4,9,org.apache.solr.client.solrj.SolrServer,0.00,44,1,40,0,44,12,0,11,857,1
"org.apache.solr.client.solrj.impl.LBHttpSolrServer$Runnable",1,0.00,3.00,7,0.06,1617.40,1,0,16,3,1,113.95,0,9,0,1,113.95,0.00,0.00,0.00,0,1.00,3,186.38,0,0,1,java.lang.Object,0.00,2,0,3,0,2,1,0,0,44,0
"org.apache.solr.client.solrj.impl.LBHttpSolrServer$ServerWrapper",2,0.25,1.00,8,0.06,684.18,6,4,16,3,1,128.59,1,12,0,1,128.59,0.00,0.00,0.12,0,2.00,1,174.05,0,1,1,java.lang.Object,0.00,1,0,2,0,1,1,0,1,47,2
"org.apache.solr.client.solrj.impl.StreamingUpdateSolrServer",5,0.21,3.40,69,0.87,52322.36,12,7,22,33,10,47.51,45,92,2,3,97.51,0.00,0.67,0.31,1,1.00,11,2623.01,1,1,8,org.apache.solr.client.solrj.impl.CommonsHttpSolrServer,0.00,28,2,17,0,28,4,0,22,468,1
"org.apache.solr.client.solrj.impl.StreamingUpdateSolrServer$Runner",1,0.00,9.00,37,0.64,35637.20,2,1,22,27,1,33.86,7,54,0,1,76.15,0.00,0.00,1.00,0,0.00,9,1930.38,0,0,1,java.lang.Object,0.00,26,0,9,0,26,1,1,7,298,0
"org.apache.solr.client.solrj.impl.StreamingUpdateSolrServer$Runner$RequestEntity",4,0.00,3.25,31,0.44,19238.18,4,0,22,14,3,110.21,3,39,0,1,110.21,0.00,0.00,0.00,0,6.00,10,1307.98,0,1,3,java.lang.Object,0.00,10,0,13,0,10,3,0,3,237,0
"org.apache.solr.client.solrj.impl.XMLResponseParser",5,0.25,3.00,48,0.62,29561.45,8,3,20,14,13,126.07,19,82,5,2,105.45,0.00,0.50,0.13,1,7.00,9,1860.24,0,4,8,org.apache.solr.client.solrj.ResponseParser,0.22,9,1,15,0,9,1,0,13,359,1
"org.apache.solr.client.solrj.impl.XMLResponseParser$KnownType",15,1.00,4.13,207,3.19,703742.07,16,1,20,60,5,142.34,27,240,0,1,92.34,0.00,0.00,0.00,0,15.00,47,9555.28,0,14,5,java.lang.Object,0.00,45,0,62,0,45,1,0,19,1487,1
"org.apache.lucene.analysis.ru.Deprecated",2,0.00,1.00,9,0.12,2023.94,2,0,4,4,1,164.76,4,15,0,3,124.88,0.00,0.67,0.00,0,2.00,1,366.29,1,0,1,org.apache.lucene.analysis.BaseTokenStreamTestCase,0.00,2,2,2,0,2,2,0,1,83,1
"org.apache.lucene.analysis.ru.Deprecated$ReusableAnalyzerBase",1,0.00,1.00,4,0.05,753.46,1,0,9,4,2,125.89,0,7,0,1,125.89,0.00,0.00,0.00,0,1.00,1,135.44,0,0,2,java.lang.Object,0.00,3,0,1,0,3,1,0,0,34,0
"org.apache.lucene.analysis.ru.RussianAnalyzer",7,0.33,2.29,35,0.81,23492.83,10,3,19,23,15,68.87,62,65,1,4,116.97,0.00,0.75,0.05,0,12.00,4,2415.53,0,1,14,org.apache.lucene.analysis.StopwordAnalyzerBase,0.00,16,3,16,0,16,6,0,9,436,2
"org.apache.lucene.analysis.ru.RussianAnalyzer$DefaultSetHolder",0,0.00,0.00,7,0.13,2841.53,2,2,19,3,4,171.00,3,15,0,1,171.00,0.00,0.00,0.00,0,0.00,0,376.28,0,0,4,java.lang.Object,0.00,3,0,0,0,3,0,0,3,80,2
"org.apache.lucene.analysis.ru.RussianLightStemFilter",2,0.33,2.00,14,0.16,3794.18,5,3,6,8,8,113.74,9,20,2,4,113.50,0.00,0.75,0.50,0,2.00,3,481.98,0,0,6,org.apache.lucene.analysis.TokenFilter,0.29,6,3,4,0,6,2,0,1,107,2
"org.apache.lucene.analysis.ru.RussianLightStemmer",3,0.00,3.67,16,0.90,58382.96,3,0,1,4,1,150.74,7,83,1,1,110.85,0.00,0.00,0.00,1,3.00,6,2714.52,0,0,0,java.lang.Object,0.00,1,0,11,0,1,3,0,1,454,1
"org.apache.lucene.analysis.ru.TestRussianAnalyzer",6,0.40,1.50,38,0.57,15922.15,8,2,8,22,6,164.92,10,68,0,3,114.92,0.00,0.67,0.17,0,10.00,4,1721.01,3,0,6,org.apache.lucene.analysis.BaseTokenStreamTestCase,0.00,16,2,9,0,16,6,0,5,339,1
"org.apache.lucene.analysis.ru.TestRussianLightStemFilter",2,0.00,1.00,7,0.06,584.23,2,0,8,4,5,173.67,5,11,0,3,133.79,0.00,0.67,0.00,0,2.00,1,173.53,1,0,5,org.apache.lucene.analysis.BaseTokenStreamTestCase,0.00,2,2,2,0,2,2,0,3,46,1
"org.apache.lucene.analysis.ru.TestRussianLightStemFilter$ReusableAnalyzerBase",1,0.00,1.00,4,0.05,1009.20,1,0,8,4,3,124.89,0,7,0,1,124.89,0.00,0.00,0.00,0,1.00,1,159.62,0,0,3,java.lang.Object,0.00,3,0,1,0,3,1,0,0,38,0
"org.apache.lucene.queryParser.CharStream",12,0.00,1.00,13,0.06,250.78,12,0,0,12,4,128.38,79,14,4,1,160.60,0.00,0.00,0.00,0,12.00,1,172.56,0,1,0,,0.00,0,0,12,0,0,11,0,13,70,1
"org.apache.lucene.queryParser.FastCharStream",14,0.14,1.43,56,0.55,20446.20,20,6,1,20,2,173.54,17,80,1,1,123.54,0.00,0.00,0.30,2,2.00,5,1644.78,0,1,1,java.lang.Object,0.00,6,0,20,0,6,13,1,13,372,2
"org.apache.lucene.queryParser.MultiFieldQueryParser",12,0.18,3.58,128,2.03,115500.53,14,2,10,26,9,57.91,141,167,1,2,102.04,0.00,0.50,0.33,5,12.00,7,6080.58,6,9,8,org.apache.lucene.queryParser.QueryParser,0.00,14,1,43,0,14,3,0,15,1124,1
"org.apache.lucene.queryParser.ParseException",5,0.30,3.20,92,1.07,80794.24,10,5,0,14,112,61.39,69,112,111,2,90.77,0.00,0.50,0.44,0,0.00,10,3210.28,1,2,1,java.lang.Exception,0.00,9,1,16,0,9,3,0,11,572,1
"org.apache.lucene.queryParser.QueryParser",80,0.02,4.01,925,12.59,1370305.71,126,46,33,183,92,66.27,482,1223,66,1,98.49,0.00,0.00,0.04,28,3500.00,64,37764.24,0,37,27,java.lang.Object,0.00,103,0,321,9,103,43,1,138,6578,1
"org.apache.lucene.queryParser.QueryParser$JJCalls",0,0.00,0.00,5,0.03,253.51,4,4,33,0,1,171.00,0,6,0,1,171.00,0.00,0.00,0.00,0,0.00,0,78.87,0,0,1,java.lang.Object,0.00,0,0,0,0,0,0,0,0,22,2
"org.apache.lucene.queryParser.QueryParser$LookaheadSuccess",0,0.00,0.00,1,0.01,145.30,0,0,33,0,0,171.00,0,1,0,2,171.00,0.00,0.50,0.00,0,0.00,0,41.51,0,0,0,java.lang.Error,0.00,0,1,0,0,0,0,0,0,12,3
"org.apache.lucene.queryParser.QueryParser$Operator",0,0.00,0.00,2,0.01,39.30,0,0,33,0,1,171.00,0,1,0,1,171.00,0.00,0.00,0.00,0,0.00,0,19.65,0,0,1,java.lang.Object,0.00,0,0,0,0,0,0,1,0,7,2
"org.apache.lucene.queryParser.QueryParserConstants",0,0.00,0.00,39,0.61,7584.55,38,38,0,0,3,171.00,42,75,3,1,171.00,0.00,0.00,0.00,0,0.00,0,1827.81,0,0,0,,0.00,0,0,0,0,0,0,0,39,268,1
"org.apache.lucene.queryParser.QueryParserTestBase",56,0.48,1.34,593,8.82,264770.71,58,2,45,145,38,144.58,116,726,1,2,104.69,2.00,0.25,0.03,13,214.00,3,26466.93,2,8,37,org.apache.lucene.util.LuceneTestCase,0.00,89,1,75,2,89,48,0,88,4930,2
"org.apache.lucene.queryParser.QueryParserTestBase$MockAnalyzer",3,0.00,1.00,10,0.15,2865.59,3,0,45,5,4,129.73,2,16,0,1,129.73,0.00,0.00,0.00,0,3.00,1,436.33,1,3,4,java.lang.Object,0.00,2,0,3,0,2,0,0,2,100,0
"org.apache.lucene.queryParser.QueryParserTestBase$QPTestAnalyzer",1,0.00,1.00,3,0.04,532.36,1,0,45,3,3,181.73,1,6,0,2,131.73,0.00,0.50,0.00,0,1.00,1,119.91,0,1,3,org.apache.lucene.analysis.Analyzer,0.00,2,1,1,0,2,0,0,1,31,3
"org.apache.lucene.queryParser.QueryParserTestBase$QPTestFilter",2,1.00,3.00,26,0.27,8254.38,7,5,45,11,4,140.61,4,33,0,4,100.72,0.00,0.75,0.70,0,0.00,5,822.80,0,0,4,org.apache.lucene.analysis.TokenFilter,0.29,9,3,6,0,9,2,0,1,169,3
"org.apache.lucene.queryParser.QueryParserTestBase$QPTestParser",3,0.00,1.00,7,0.08,1090.71,3,0,45,4,4,139.61,0,13,0,2,139.61,0.00,0.50,0.00,0,3.00,1,239.82,0,2,4,org.apache.lucene.queryParser.QueryParser,0.00,1,1,3,0,1,1,0,0,63,2
"org.apache.lucene.queryParser.QueryParserTokenManager",36,0.07,10.22,684,10.26,1947760.89,57,21,33,46,25,85.49,12,1194,2,1,85.49,0.00,0.00,0.11,19,340.00,185,30788.13,0,2,23,java.lang.Object,0.00,10,0,368,0,10,34,1,12,4961,1
"org.apache.lucene.queryParser.SuppressWarnings",6,0.20,1.50,48,0.66,33774.42,11,5,0,14,0,59.58,51,72,0,2,107.69,0.00,0.50,0.03,1,10.00,3,1967.96,1,3,0,java.lang.Error,0.00,8,1,9,0,8,3,0,14,375,1
"org.apache.lucene.queryParser.TestAttributes",1,0.00,1.00,103,2.71,201076.59,1,0,31,46,6,54.15,0,151,0,2,54.15,0.00,0.50,0.00,0,1.00,1,8136.74,0,0,6,org.apache.lucene.util.LuceneTestCase,0.00,45,1,1,0,45,1,0,0,1134,1
"org.apache.lucene.queryParser.TestAttributes$Collator",3,0.00,1.00,7,0.05,526.24,3,0,31,3,0,142.10,0,13,0,1,142.10,0.00,0.00,0.00,0,3.00,1,146.65,0,1,0,java.lang.Object,0.00,0,0,3,0,0,2,0,0,43,0
"org.apache.lucene.queryParser.TestMultiAnalyzer",3,1.00,1.00,47,0.90,25775.14,4,1,14,15,13,47.67,32,60,0,3,96.15,0.00,0.67,0.00,0,3.00,1,2700.26,0,0,13,org.apache.lucene.analysis.BaseTokenStreamTestCase,0.00,12,2,3,0,12,3,0,18,492,1
"org.apache.lucene.queryParser.TestMultiAnalyzer$DumbQueryParser",3,0.00,1.00,7,0.09,1279.76,3,0,14,4,4,139.06,2,14,0,2,139.06,0.00,0.50,0.00,1,3.00,1,272.80,1,2,4,org.apache.lucene.queryParser.QueryParser,0.00,1,1,3,0,1,1,0,2,70,3
"org.apache.lucene.queryParser.TestMultiAnalyzer$DumbQueryWrapper",2,1.00,1.00,7,0.05,803.42,3,1,14,3,1,132.70,0,11,0,2,132.70,0.00,0.50,0.50,0,2.00,1,156.02,0,1,1,org.apache.lucene.search.Query,0.00,1,1,2,0,1,1,0,0,45,3
"org.apache.lucene.queryParser.TestMultiAnalyzer$MultiAnalyzer",2,0.00,1.00,7,0.06,1222.91,2,0,14,5,4,131.26,0,11,0,2,131.26,0.00,0.50,0.00,0,2.00,1,192.06,0,1,4,org.apache.lucene.analysis.Analyzer,0.00,3,1,2,0,3,1,0,0,49,1
"org.apache.lucene.queryParser.TestMultiAnalyzer$PosIncrementAnalyzer",2,0.00,1.00,7,0.06,1222.91,2,0,14,5,4,131.26,0,11,0,2,131.26,0.00,0.50,0.00,0,2.00,1,192.06,0,1,4,org.apache.lucene.analysis.Analyzer,0.00,3,1,2,0,3,1,0,0,49,1
"org.apache.lucene.queryParser.TestMultiAnalyzer$TestFilter",3,0.57,2.33,43,0.44,13017.24,10,7,14,14,6,99.41,0,51,0,4,99.41,0.00,0.75,0.52,0,1.00,5,1317.35,1,0,6,org.apache.lucene.analysis.TokenFilter,0.53,11,3,7,0,11,3,0,0,261,2
"org.apache.lucene.queryParser.TestMultiAnalyzer$TestPosIncrementFilter",2,1.00,2.50,17,0.17,3508.76,4,2,14,5,4,111.56,1,23,0,4,111.56,0.00,0.75,1.00,0,0.00,4,495.03,0,0,4,org.apache.lucene.analysis.TokenFilter,0.29,3,3,5,0,3,2,0,1,110,2
"org.apache.lucene.queryParser.TestMultiFieldQueryParser",11,0.00,1.45,168,2.79,95633.76,11,0,18,36,15,135.91,25,190,0,2,96.02,0.00,0.50,0.00,1,11.00,2,8373.34,0,0,15,org.apache.lucene.util.LuceneTestCase,0.00,25,1,16,0,25,11,0,20,1520,1
"org.apache.lucene.queryParser.TestMultiFieldQueryParser$AnalyzerReturningNull",2,1.00,1.50,9,0.09,1623.76,3,1,18,6,3,125.54,0,16,0,2,125.54,0.00,0.50,0.50,0,2.00,2,257.73,0,1,3,org.apache.lucene.analysis.Analyzer,0.00,4,1,3,0,4,1,0,0,63,2
"org.apache.lucene.queryParser.TestMultiFieldQueryParser$AnalyzerReturningNull$EmptyTokenStream",1,0.00,1.00,3,0.02,244.87,1,0,18,1,1,134.39,0,6,0,3,134.39,0.00,0.67,0.00,0,1.00,1,66.26,0,0,1,org.apache.lucene.analysis.TokenStream,0.33,0,2,1,0,0,1,0,0,20,2
"org.apache.lucene.queryParser.TestQueryParser",1,0.00,2.00,6,0.08,1835.50,1,0,3,4,5,136.73,3,9,0,3,116.11,0.00,0.67,0.00,0,1.00,2,234.23,0,1,5,org.apache.lucene.queryParser.QueryParserTestBase,0.00,3,2,2,0,3,0,0,1,52,1
"org.apache.lucene.queryParser.Token",7,0.12,1.00,24,0.16,1989.42,15,8,0,8,5,83.88,67,38,5,1,133.88,0.00,0.00,0.02,1,12.00,1,468.86,0,4,0,java.lang.Object,0.00,1,0,7,0,1,3,0,15,131,1
"org.apache.lucene.benchmark.BenchmarkTestCase",9,0.17,1.44,49,0.55,15840.21,12,3,11,30,12,119.28,7,63,10,2,119.28,10.00,0.08,0.19,3,25.00,3,1656.98,0,5,2,org.apache.lucene.util.LuceneTestCase,0.00,21,1,13,10,21,4,0,7,366,2
"org.apache.lucene.benchmark.Constants",0,0.00,0.00,6,0.09,2063.23,5,5,0,0,0,171.00,18,8,0,1,171.00,0.00,0.00,0.00,0,0.00,0,275.10,0,0,0,java.lang.Object,0.00,0,0,0,0,0,0,0,2,60,1
"org.apache.lucene.queryParser.ext.ExtendableQueryParser",4,0.11,1.25,18,0.26,7472.79,7,3,6,10,8,149.01,77,31,1,2,122.73,0.00,0.50,0.25,0,10.00,2,788.23,1,1,7,org.apache.lucene.queryParser.QueryParser,0.00,6,1,5,0,6,3,0,5,172,1
"org.apache.lucene.queryParser.ext.ExtensionQuery",4,0.11,1.00,14,0.08,1166.53,7,3,1,4,4,89.66,46,19,3,1,133.79,0.00,0.00,0.25,0,10.00,1,254.48,0,3,1,java.lang.Object,0.00,0,0,4,0,0,1,0,6,74,1
"org.apache.lucene.queryParser.ext.ExtensionStub",1,0.00,1.00,3,0.04,713.22,1,0,4,5,8,130.26,16,7,2,2,130.73,0.00,0.50,0.00,0,1.00,1,130.55,0,1,6,org.apache.lucene.queryParser.ext.ParserExtension,0.00,4,1,1,0,4,0,0,1,33,0
"org.apache.lucene.queryParser.ext.Extensions",9,0.29,1.22,30,0.36,12585.20,12,3,3,19,5,99.00,122,43,3,1,128.39,0.00,0.00,0.07,2,23.00,3,1084.84,0,4,2,java.lang.Object,0.00,10,0,11,0,10,5,0,12,255,1
"org.apache.lucene.queryParser.ext.Extensions$Pair",1,2.00,1.00,6,0.05,829.52,3,2,3,1,0,70.88,8,8,0,1,118.99,0.00,0.00,0.00,0,1.00,1,149.41,0,0,0,java.lang.Object,0.00,0,0,1,0,0,1,0,1,41,2
"org.apache.lucene.queryParser.ext.ParserExtension",1,0.00,1.00,2,0.02,137.38,1,0,3,1,8,192.93,25,3,4,1,142.94,0.00,0.00,0.00,0,1.00,1,49.66,0,1,4,java.lang.Object,0.00,0,0,1,1,0,0,0,2,16,2
"org.apache.lucene.queryParser.ext.TestExtendableQueryParser",7,0.67,1.86,72,1.12,41808.90,8,1,10,25,13,103.82,3,91,0,3,103.82,0.00,0.67,0.43,2,10.00,3,3349.78,0,3,13,org.apache.lucene.queryParser.QueryParserTestBase,0.00,18,2,13,0,18,4,0,1,613,1
"org.apache.lucene.queryParser.ext.TestExtensions",6,0.20,1.17,33,0.35,6806.97,7,1,1,17,3,120.84,4,45,0,2,120.84,0.00,0.50,0.83,0,0.00,2,1047.08,1,0,3,org.apache.lucene.util.LuceneTestCase,0.00,11,1,7,0,11,6,0,2,250,1
"org.apache.lucene.analysis.fi.FinnishAnalyzer",5,0.50,1.80,21,0.29,7141.30,7,2,18,16,15,75.46,42,31,1,4,123.56,0.00,0.75,0.10,0,8.00,3,866.52,0,1,14,org.apache.lucene.analysis.StopwordAnalyzerBase,0.00,11,3,9,0,11,4,0,8,192,2
"org.apache.lucene.analysis.fi.FinnishAnalyzer$DefaultSetHolder",0,0.00,0.00,6,0.07,1211.01,1,1,18,0,3,171.00,2,11,0,1,171.00,0.00,0.00,0.00,0,0.00,0,217.37,0,0,3,java.lang.Object,0.00,0,0,0,0,0,0,0,2,50,2
"org.apache.lucene.analysis.fi.FinnishLightStemFilter",2,0.33,2.00,14,0.16,3794.18,5,3,6,8,8,113.74,9,20,2,4,113.50,0.00,0.75,0.50,0,2.00,3,481.98,0,0,6,org.apache.lucene.analysis.TokenFilter,0.29,6,3,4,0,6,2,0,1,107,2
"org.apache.lucene.analysis.fi.FinnishLightStemmer",7,0.00,7.57,87,1.54,105769.25,7,0,1,8,1,147.37,8,162,1,1,97.37,0.00,0.00,0.00,0,7.00,20,4626.21,0,0,0,java.lang.Object,0.00,1,0,53,0,1,7,0,2,880,1
"org.apache.lucene.analysis.fi.TestFinnishAnalyzer",4,0.00,1.00,15,0.16,2494.63,4,0,4,7,4,181.19,7,21,0,3,131.19,0.00,0.67,0.00,0,4.00,1,481.49,3,0,4,org.apache.lucene.analysis.BaseTokenStreamTestCase,0.00,3,2,4,0,3,4,0,6,114,1
"org.apache.lucene.analysis.fi.TestFinnishLightStemFilter",2,0.00,1.00,7,0.06,584.23,2,0,8,4,5,173.67,5,11,0,3,133.79,0.00,0.67,0.00,0,2.00,1,173.53,1,0,5,org.apache.lucene.analysis.BaseTokenStreamTestCase,0.00,2,2,2,0,2,2,0,3,46,1
"org.apache.lucene.analysis.fi.TestFinnishLightStemFilter$ReusableAnalyzerBase",1,0.00,1.00,4,0.05,1009.20,1,0,8,4,3,124.89,0,7,0,1,124.89,0.00,0.00,0.00,0,1.00,1,159.62,0,0,3,java.lang.Object,0.00,3,0,1,0,3,1,0,0,38,0
"org.apache.solr.client.solrj.response.AnalysisResponseBase",2,0.00,2.50,24,0.36,12765.49,2,0,4,11,6,126.80,64,27,4,3,100.57,1.00,0.40,0.00,1,2.00,3,1091.02,0,1,2,org.apache.solr.client.solrj.response.SolrResponseBase,0.00,9,2,5,2,9,1,0,6,218,1
"org.apache.solr.client.solrj.response.AnalysisResponseBase$AnalysisPhase",4,0.17,1.00,11,0.08,1212.46,6,2,4,6,0,180.11,10,16,0,1,140.23,0.00,0.00,0.38,0,6.00,1,252.34,0,2,0,java.lang.Object,0.00,2,0,4,0,2,2,0,2,69,2
"org.apache.solr.client.solrj.response.AnalysisResponseBase$TokenInfo",8,0.02,1.00,30,0.20,3164.09,15,7,4,8,0,100.53,51,39,0,1,132.75,0.00,0.00,0.12,0,50.00,1,605.15,0,3,0,java.lang.Object,0.00,0,0,8,0,0,5,0,8,162,2
"org.apache.solr.client.solrj.response.CoreAdminResponse",4,0.00,1.50,15,0.17,3749.11,4,0,2,6,5,179.71,5,28,3,3,129.71,0.00,0.67,0.00,1,4.00,2,522.91,1,4,2,org.apache.solr.client.solrj.response.SolrResponseBase,0.00,2,2,6,0,2,0,0,1,125,1
"org.apache.solr.client.solrj.response.DocumentAnalysisResponse",4,0.00,2.00,34,0.60,31233.46,5,1,5,23,4,56.50,37,41,2,4,106.50,0.00,0.75,1.00,0,0.00,5,1812.48,2,1,2,org.apache.solr.client.solrj.response.AnalysisResponseBase,0.00,19,3,8,0,19,3,1,8,342,1
"org.apache.solr.client.solrj.response.DocumentAnalysisResponse$DocumentAnalysis",6,0.10,1.00,15,0.16,3192.78,8,2,5,13,0,178.19,15,22,0,1,138.30,0.00,0.00,0.42,0,2.00,1,479.96,0,2,0,java.lang.Object,0.00,7,0,6,0,7,4,1,3,124,2
"org.apache.solr.client.solrj.response.DocumentAnalysisResponse$FieldAnalysis",10,0.07,1.10,24,0.26,4328.00,13,3,5,16,0,139.22,43,35,0,1,138.99,0.00,0.00,0.27,0,30.00,2,767.08,0,1,0,java.lang.Object,0.00,6,0,11,0,6,9,0,7,197,2
"org.apache.solr.client.solrj.response.DocumentAnalysisResponseTest",2,0.00,1.00,83,1.23,71205.11,2,0,5,24,3,42.78,12,87,0,2,75.00,0.00,0.50,0.00,1,2.00,1,3698.68,0,1,3,org.apache.lucene.util.LuceneTestCase,0.00,22,1,2,0,22,1,0,5,649,1
"org.apache.solr.client.solrj.response.DocumentAnalysisResponseTest$DocumentAnalysisResponse",1,0.00,1.00,3,0.03,354.00,1,0,5,1,1,133.13,0,5,0,1,133.13,0.00,0.00,0.00,0,1.00,1,84.00,0,1,1,java.lang.Object,0.00,0,0,1,0,0,0,0,0,23,0
"org.apache.solr.client.solrj.response.FacetField",11,0.10,1.55,41,0.39,9471.21,15,4,5,16,4,169.88,24,66,3,1,129.99,0.00,0.00,0.34,0,6.00,4,1178.27,0,6,1,java.lang.Object,0.00,5,0,17,0,5,5,1,6,279,1
"org.apache.solr.client.solrj.response.FacetField$Count",8,0.19,1.12,24,0.19,2351.93,11,3,5,11,2,133.74,1,42,0,1,133.74,0.00,0.00,0.50,0,0.00,2,562.63,0,3,2,java.lang.Object,0.00,3,0,9,0,3,5,1,1,149,2
"org.apache.solr.client.solrj.response.FieldAnalysisResponse",7,0.08,1.57,45,0.74,45448.89,9,2,4,18,3,69.56,49,54,1,4,111.85,0.00,0.75,0.57,0,0.00,5,2208.38,1,0,2,org.apache.solr.client.solrj.response.AnalysisResponseBase,0.00,11,3,11,0,11,7,0,10,427,1
"org.apache.solr.client.solrj.response.FieldAnalysisResponse$Analysis",7,0.25,1.14,16,0.13,1892.96,9,2,4,8,0,140.82,29,24,0,1,140.59,0.00,0.00,0.29,0,19.00,2,392.19,0,0,0,java.lang.Object,0.00,1,0,8,0,1,7,0,5,108,2
"org.apache.solr.client.solrj.response.FieldStatsInfo",11,0.16,2.73,85,1.16,62487.49,21,10,6,28,3,109.68,6,115,2,1,109.68,0.00,0.00,0.25,0,38.00,13,3481.96,0,10,1,java.lang.Object,0.00,17,0,30,0,17,1,1,1,646,1
"org.apache.solr.client.solrj.response.Group",3,0.25,1.00,10,0.06,537.50,5,2,2,3,3,85.46,27,14,2,1,135.46,0.00,0.00,0.67,0,0.00,1,171.97,0,2,1,java.lang.Object,0.00,0,0,3,0,0,1,1,4,50,1
"org.apache.solr.client.solrj.response.GroupCommand",7,0.17,1.00,23,0.17,2191.57,11,4,3,9,3,85.44,62,31,2,1,133.55,0.00,0.00,0.39,0,10.00,1,496.55,0,3,1,java.lang.Object,0.00,2,0,7,0,2,4,1,8,130,1
"org.apache.solr.client.solrj.response.GroupResponse",2,0.00,1.00,6,0.06,926.50,3,1,3,4,2,83.73,21,9,1,1,132.21,0.00,0.00,1.00,0,0.00,1,172.98,0,1,1,java.lang.Object,0.00,2,0,2,0,2,1,1,3,46,1
"org.apache.solr.client.solrj.response.LukeResponse",10,0.07,2.00,51,0.72,39048.49,13,3,4,23,5,166.48,10,68,2,3,116.48,0.00,0.67,0.40,0,6.00,7,2148.72,1,9,3,org.apache.solr.client.solrj.response.SolrResponseBase,0.00,13,2,20,0,13,1,0,5,441,1
"org.apache.solr.client.solrj.response.LukeResponse$FieldInfo",11,0.06,1.91,55,0.61,22289.17,19,8,4,18,2,118.74,0,69,0,1,118.74,0.00,0.00,0.18,0,69.00,9,1828.57,0,6,2,java.lang.Object,0.00,7,0,21,0,7,5,1,0,381,2
"org.apache.solr.client.solrj.response.LukeResponse$FieldTypeInfo",7,0.10,1.71,32,0.38,14455.64,12,5,4,14,1,162.20,20,59,0,1,122.31,0.00,0.00,0.29,0,18.00,6,1132.28,0,4,1,java.lang.Object,0.00,7,0,12,0,7,3,1,1,236,2
"org.apache.solr.client.solrj.response.QueryResponseTest",3,0.00,2.33,156,3.81,317735.07,3,0,11,45,8,87.84,9,164,0,2,67.22,0.00,0.50,0.00,0,3.00,4,11426.49,0,0,8,org.apache.lucene.util.LuceneTestCase,0.00,42,1,7,0,42,3,0,5,1728,1
"org.apache.solr.client.solrj.response.RangeFacet",9,0.02,1.00,34,0.32,8189.08,16,7,2,12,4,129.90,3,44,4,1,129.90,0.00,0.00,0.13,0,61.00,1,946.94,0,4,0,java.lang.Object,0.00,3,0,9,2,3,5,0,1,223,2
"org.apache.solr.client.solrj.response.RangeFacet$Count",4,0.11,1.00,14,0.09,1126.13,7,3,2,4,1,133.91,0,19,0,1,133.91,0.00,0.00,0.25,0,10.00,1,266.18,0,1,1,java.lang.Object,0.00,0,0,4,0,0,3,0,0,75,2
"org.apache.solr.client.solrj.response.RangeFacet$Date",1,0.00,1.00,3,0.06,940.86,1,0,2,1,1,129.79,0,5,0,2,129.79,0.00,0.50,0.00,0,1.00,1,190.39,0,0,1,org.apache.solr.client.solrj.response.RangeFacet,0.00,0,1,1,0,0,1,0,0,48,2
"org.apache.solr.client.solrj.response.RangeFacet$Numeric",1,0.00,1.00,3,0.04,551.26,1,0,2,1,1,131.61,0,5,0,2,131.61,0.00,0.50,0.00,0,1.00,1,131.73,0,0,1,org.apache.solr.client.solrj.response.RangeFacet,0.00,0,1,1,0,0,1,0,0,36,2
"org.apache.solr.client.solrj.response.SolrPingResponse",0,0.00,0.00,1,0.01,31.02,0,0,0,0,3,171.00,6,3,2,3,171.00,0.00,0.67,0.00,0,0.00,0,15.51,0,0,1,org.apache.solr.client.solrj.response.SolrResponseBase,0.00,0,2,0,0,0,0,0,2,6,1
"org.apache.solr.client.solrj.response.SolrResponseBase",10,0.19,1.20,32,0.26,4091.12,13,3,2,12,8,132.59,6,52,6,2,132.59,7.00,0.11,0.17,1,38.00,2,779.28,0,4,2,org.apache.solr.client.solrj.SolrResponse,0.31,2,1,12,7,2,6,0,2,199,1
"org.apache.solr.client.solrj.response.SpellCheckResponse",8,0.11,2.38,66,0.91,51570.06,12,4,5,34,3,147.00,20,79,2,1,107.12,0.00,0.00,0.34,0,12.00,10,2723.35,0,5,1,java.lang.Object,0.00,26,0,19,0,26,3,0,4,502,1
"org.apache.solr.client.solrj.response.SpellCheckResponse$Collation",6,0.20,1.00,18,0.13,1704.59,9,3,5,8,0,133.88,0,25,0,1,133.88,0.00,0.00,0.17,0,18.00,1,378.18,0,4,0,java.lang.Object,0.00,2,0,6,0,2,2,0,0,103,1
"org.apache.solr.client.solrj.response.SpellCheckResponse$Correction",5,0.38,1.00,14,0.08,1093.10,7,2,5,5,0,141.35,0,20,0,1,141.35,0.00,0.00,0.20,0,11.00,1,251.51,0,2,0,java.lang.Object,0.00,0,0,5,0,0,3,0,0,76,1
"org.apache.solr.client.solrj.response.SpellCheckResponse$Suggestion",10,0.08,1.80,51,0.58,27257.89,17,7,5,19,1,117.74,5,64,0,1,117.74,0.00,0.00,0.21,0,50.00,9,1728.41,0,5,1,java.lang.Object,0.00,9,0,18,0,9,5,0,5,351,2
"org.apache.solr.client.solrj.response.SuppressWarnings",4,0.00,1.50,56,0.82,30313.70,4,0,5,27,2,118.22,13,62,0,2,97.60,0.00,0.50,0.00,1,4.00,2,2447.72,0,1,2,org.apache.lucene.util.LuceneTestCase,0.00,23,1,6,0,23,3,0,4,463,1
"org.apache.solr.client.solrj.response.SuppressWarnings$AnalysisResponseBase",1,0.00,1.00,3,0.02,175.12,1,0,5,1,1,135.54,0,5,0,1,135.54,0.00,0.00,0.00,0,1.00,1,54.60,0,1,1,java.lang.Object,0.00,0,0,1,0,0,0,0,0,17,0
"org.apache.solr.client.solrj.response.SuppressWarnings$FieldAnalysisResponse",1,0.00,1.00,3,0.03,354.00,1,0,6,1,1,133.13,0,5,0,1,133.13,0.00,0.00,0.00,0,1.00,1,84.00,0,1,1,java.lang.Object,0.00,0,0,1,0,0,0,0,0,23,0
"org.apache.solr.client.solrj.response.TermsResponse",3,0.00,1.67,22,0.29,9141.21,4,1,5,14,3,151.81,8,22,2,1,111.92,0.00,0.00,1.00,0,0.00,3,860.62,0,2,1,java.lang.Object,0.00,11,0,5,0,11,1,0,2,182,1
"org.apache.solr.client.solrj.response.TermsResponse$Term",6,0.40,1.00,16,0.10,1236.68,8,2,5,6,0,141.55,0,23,0,1,141.55,0.00,0.00,0.17,0,14.00,1,306.51,0,1,0,java.lang.Object,0.00,0,0,6,0,0,5,0,0,90,2
"org.apache.solr.client.solrj.response.TermsResponseTest",2,0.00,1.00,24,0.36,10609.32,2,0,10,24,5,151.41,3,29,0,4,101.41,0.00,0.75,0.00,0,2.00,1,1080.79,2,0,5,org.apache.solr.SolrJettyTestBase,0.00,22,3,2,0,22,2,0,1,197,1
"org.apache.solr.client.solrj.response.TestSpellCheckResponse",4,0.67,2.50,112,2.09,136332.16,5,1,13,44,8,101.73,13,131,0,4,81.11,0.00,0.75,0.50,0,0.00,7,6269.12,2,0,8,org.apache.solr.SolrJettyTestBase,0.00,40,3,10,0,40,4,0,8,997,1
"org.apache.solr.client.solrj.response.UpdateResponse",0,0.00,0.00,1,0.01,31.02,0,0,0,0,9,171.00,7,3,8,3,171.00,0.00,0.67,0.00,0,0.00,0,15.51,0,0,1,org.apache.solr.client.solrj.response.SolrResponseBase,0.00,0,2,0,0,0,0,0,2,6,1
"org.apache.lucene.search.suggest.Average",3,0.25,1.33,17,0.19,9141.51,5,2,2,7,2,117.66,12,29,2,1,117.43,0.00,0.00,0.33,0,4.00,2,566.20,0,2,0,java.lang.Object,0.00,4,0,4,0,4,1,0,4,131,1
"org.apache.lucene.search.suggest.BufferingTermFreqIteratorWrapper",4,0.27,1.75,24,0.28,7867.09,9,5,5,12,5,165.91,7,32,1,1,115.91,0.00,0.00,0.40,0,0.00,3,836.08,0,2,4,java.lang.Object,0.00,8,0,7,1,8,2,1,4,178,1
"org.apache.lucene.search.suggest.BytesRefList",9,0.20,1.56,51,0.58,20967.23,14,5,10,25,9,86.09,56,65,3,1,118.31,0.00,0.00,0.38,1,7.00,3,1726.61,0,3,6,java.lang.Object,0.00,16,0,14,0,16,6,0,10,377,2
"org.apache.lucene.search.suggest.BytesRefList$BytesRefIterator",2,1.00,2.00,8,0.07,1560.17,3,1,10,3,1,175.61,2,11,0,1,125.61,0.00,0.00,0.50,0,2.00,3,215.62,0,2,1,java.lang.Object,0.00,1,0,4,0,1,0,0,2,54,0
"org.apache.lucene.search.suggest.BytesRefList$SorterTemplate",4,0.11,1.00,15,0.21,4910.09,7,3,10,7,1,128.88,0,24,0,1,128.88,0.00,0.00,0.42,0,2.00,1,617.35,0,0,1,java.lang.Object,0.00,3,0,4,0,3,4,0,0,149,0
"org.apache.lucene.search.suggest.FileDictionary",3,0.17,1.00,11,0.09,950.52,6,3,6,6,5,154.12,11,15,1,1,133.51,0.00,0.00,0.22,0,1.00,1,257.22,0,1,4,java.lang.Object,0.00,3,0,3,0,3,2,1,2,68,1
"org.apache.lucene.search.suggest.FileDictionary$FileIterator",3,0.00,2.33,26,0.25,8274.96,5,2,6,8,3,160.02,3,35,0,1,110.02,0.00,0.00,0.50,0,1.00,5,751.84,0,2,3,java.lang.Object,0.00,5,0,7,0,5,1,1,3,152,1
"org.apache.lucene.search.suggest.Ignore",10,0.07,2.10,85,1.53,56969.69,20,10,20,52,8,107.80,40,121,0,2,107.57,0.00,0.50,0.16,3,54.00,4,4588.64,0,2,8,org.apache.lucene.util.LuceneTestCase,0.00,42,1,21,0,42,8,0,14,836,1
"org.apache.lucene.search.suggest.Ignore$BenchmarkResult",1,1.00,1.00,4,0.06,840.13,2,1,20,4,1,175.51,1,6,0,1,125.51,0.00,0.00,0.00,0,1.00,1,172.70,0,0,1,java.lang.Object,0.00,3,0,1,0,3,1,0,1,42,2
"org.apache.lucene.search.suggest.Ignore$Callable<Integer>",1,0.00,1.00,4,0.04,507.82,1,0,20,3,1,127.23,0,5,0,1,127.23,0.00,0.00,0.00,0,0.00,1,111.39,0,1,1,java.lang.Object,0.00,2,0,1,0,2,0,0,0,29,0
"org.apache.lucene.search.suggest.Ignore$Callable<Integer>_0",1,0.00,2.00,7,0.06,1203.30,1,0,20,3,0,115.06,0,8,0,1,115.06,0.00,0.00,0.00,0,0.00,2,180.13,0,1,0,java.lang.Object,0.00,2,0,2,0,2,0,0,0,42,0
"org.apache.lucene.search.suggest.Lookup",5,1.00,1.20,17,0.20,5458.53,6,1,10,8,13,86.94,37,20,9,1,129.24,0.00,0.00,0.00,1,5.00,2,601.69,0,1,4,java.lang.Object,0.00,3,0,6,4,3,4,0,7,143,2
"org.apache.lucene.search.suggest.Lookup$CharSequenceComparator",1,0.00,3.00,13,0.14,7277.90,1,0,10,4,0,138.67,2,14,0,1,98.78,0.00,0.00,0.00,0,1.00,3,426.72,0,0,0,java.lang.Object,0.00,3,0,3,0,3,1,1,2,91,2
"org.apache.lucene.search.suggest.Lookup$LookupPriorityQueue",3,0.00,1.33,14,0.12,3542.33,3,0,10,3,1,124.28,0,17,0,2,124.28,0.00,0.50,0.00,0,3.00,2,356.54,1,1,1,org.apache.lucene.util.PriorityQueue,0.00,0,1,4,0,0,2,0,0,89,3
"org.apache.lucene.search.suggest.Lookup$LookupResult",3,0.00,1.00,10,0.09,1335.40,5,2,10,3,0,132.35,1,15,0,1,132.35,0.00,0.00,0.50,0,1.00,1,279.97,0,1,0,java.lang.Object,0.00,0,0,3,0,0,2,1,1,75,3
"org.apache.lucene.search.suggest.PersistenceTest",4,1.00,2.00,33,0.56,29359.10,5,1,12,20,7,156.71,4,52,0,2,106.71,0.00,0.50,0.00,1,4.00,5,1665.27,0,0,7,org.apache.lucene.util.LuceneTestCase,0.00,16,1,8,0,16,4,0,4,294,1
"org.apache.lucene.search.suggest.SortedTermFreqIteratorWrapper",9,0.05,2.00,78,0.93,35439.45,17,8,12,36,9,158.84,9,102,2,1,108.84,0.00,0.00,0.17,2,32.00,4,2803.47,0,3,7,java.lang.Object,0.00,27,0,18,1,27,6,1,6,555,1
"org.apache.lucene.search.suggest.SortedTermFreqIteratorWrapper$BytesOnlyComparator",3,0.00,1.00,14,0.15,3859.40,6,3,12,5,1,124.06,1,18,0,1,124.06,0.00,0.00,0.33,1,4.00,1,463.62,0,0,1,java.lang.Object,0.00,2,0,3,0,2,3,1,1,116,3
"org.apache.lucene.search.suggest.TermFreq",2,2.00,1.00,8,0.06,719.90,4,2,1,3,8,80.31,16,11,7,1,128.41,0.00,0.00,0.00,0,2.00,1,185.53,0,0,1,java.lang.Object,0.00,1,0,2,0,1,2,0,1,53,2
"org.apache.lucene.search.suggest.TermFreqArrayIterator",6,0.13,1.17,20,0.17,2915.17,9,3,6,12,9,132.01,5,28,6,1,132.01,0.00,0.00,0.22,0,10.00,2,522.42,0,2,3,java.lang.Object,0.00,6,0,7,0,6,4,1,3,133,2
"org.apache.lucene.search.suggest.TestBytesRefList",2,0.00,6.50,70,0.85,52504.25,2,0,9,26,4,78.17,1,68,0,2,78.17,0.00,0.50,0.00,0,2.00,8,2537.78,0,0,4,org.apache.lucene.util.LuceneTestCase,0.00,24,1,13,0,24,2,0,1,439,1
"org.apache.lucene.search.suggest.TestHighFrequencyDictionary",1,0.00,1.00,12,0.15,2574.62,1,0,8,13,7,103.89,0,14,0,2,103.89,0.00,0.50,0.00,0,1.00,1,449.78,0,0,7,org.apache.lucene.util.LuceneTestCase,0.00,12,1,1,0,12,1,0,0,90,1
"org.apache.lucene.search.suggest.TestTermFreqIterator",5,0.00,2.40,79,1.36,88273.41,5,0,11,41,10,93.48,4,84,0,2,93.48,0.00,0.50,0.00,2,5.00,5,4081.34,0,0,10,org.apache.lucene.util.LuceneTestCase,0.00,36,1,12,0,36,5,0,4,708,1
"org.apache.lucene.search.suggest.UnsortedTermFreqIteratorWrapper",3,0.33,2.00,27,0.28,10536.86,6,3,4,6,5,147.21,6,30,2,2,107.32,0.00,0.50,0.56,0,0.00,3,828.70,0,1,3,org.apache.lucene.search.suggest.BufferingTermFreqIteratorWrapper,0.57,3,1,6,0,3,2,0,2,179,1
"org.apache.lucene.queryParser.standard.Deprecated",11,0.00,1.45,168,2.75,93560.04,11,0,19,36,12,116.71,34,221,0,2,96.10,0.00,0.50,0.00,1,11.00,2,8236.87,0,0,12,org.apache.lucene.util.LuceneTestCase,0.00,25,1,16,0,25,11,0,23,1503,1
"org.apache.lucene.queryParser.standard.Deprecated$AnalyzerReturningNull",2,1.00,1.50,9,0.09,1623.76,3,1,19,6,3,125.54,0,16,0,2,125.54,0.00,0.50,0.50,0,2.00,2,257.73,0,1,3,org.apache.lucene.analysis.Analyzer,0.00,4,1,3,0,4,1,0,0,63,2
"org.apache.lucene.queryParser.standard.Deprecated$AnalyzerReturningNull$EmptyTokenStream",1,0.00,1.00,3,0.02,186.16,1,0,19,1,1,135.33,0,6,0,3,135.33,0.00,0.67,0.00,0,1.00,1,56.19,0,0,1,org.apache.lucene.analysis.TokenStream,0.33,0,2,1,0,0,1,0,0,18,2
"org.apache.lucene.queryParser.standard.Deprecated$Operator",0,0.00,0.00,2,0.01,39.30,0,0,26,0,0,171.00,0,1,0,1,171.00,0.00,0.00,0.00,0,0.00,0,19.65,0,0,0,java.lang.Object,0.00,0,0,0,0,0,0,0,0,7,2
"org.apache.lucene.queryParser.standard.Deprecated$QPTestAnalyzer",1,0.00,1.00,3,0.04,532.36,1,0,53,3,3,181.73,1,6,0,2,131.73,0.00,0.50,0.00,0,1.00,1,119.91,0,1,3,org.apache.lucene.analysis.Analyzer,0.00,2,1,1,0,2,0,0,1,31,3
"org.apache.lucene.queryParser.standard.Deprecated$QPTestFilter",2,0.60,3.00,24,0.28,9177.99,7,5,53,10,4,141.54,4,31,0,4,101.66,0.00,0.75,0.50,0,2.00,5,842.14,0,0,4,org.apache.lucene.analysis.TokenFilter,0.29,8,3,6,0,8,2,0,1,171,3
"org.apache.lucene.queryParser.standard.Deprecated$QPTestParser",58,0.98,1.33,553,7.98,221005.86,59,1,53,143,26,147.03,158,706,0,2,107.14,0.00,0.50,0.03,15,166.00,3,23954.16,2,10,26,QueryParserWrapper,0.00,85,1,77,0,85,48,0,134,4517,2
"org.apache.lucene.queryParser.standard.Deprecated$QPTestParser$QPTestParserQueryNodeProcessor",3,0.00,1.33,9,0.11,2659.22,3,0,53,5,4,129.92,0,22,0,2,129.92,0.00,0.50,0.00,0,3.00,2,318.32,0,3,4,org.apache.lucene.queryParser.core.processors.QueryNodeProcessorImpl,0.00,2,1,4,0,2,0,0,0,79,2
"org.apache.lucene.queryParser.standard.QueryParserUtil",4,0.00,3.75,51,0.95,62552.95,4,0,5,15,8,146.90,105,65,2,1,97.41,0.00,0.00,0.00,0,4.00,4,2837.52,0,4,6,java.lang.Object,0.00,11,0,15,0,11,0,0,9,511,2
"org.apache.lucene.queryParser.standard.StandardQueryParser",39,0.00,1.21,126,1.34,22016.61,39,0,36,64,19,83.39,325,208,6,2,131.49,2.00,0.25,0.00,4,39.00,2,4017.14,2,11,14,org.apache.lucene.queryParser.core.QueryParserHelper,0.00,25,1,47,2,25,28,0,72,984,1
"org.apache.lucene.queryParser.standard.TestMultiAnalyzerQPHelper",2,1.00,1.00,41,0.85,31303.61,3,1,14,11,12,128.74,43,63,0,2,89.44,0.00,0.50,0.00,0,2.00,1,2546.49,0,0,12,org.apache.lucene.util.LuceneTestCase,0.00,9,1,2,0,9,2,0,31,447,1
"org.apache.lucene.queryParser.standard.TestMultiAnalyzerQPHelper$MultiAnalyzer",2,0.00,1.00,7,0.06,1222.91,2,0,14,5,4,131.26,0,11,0,2,131.26,0.00,0.50,0.00,0,2.00,1,192.06,0,1,4,org.apache.lucene.analysis.Analyzer,0.00,3,1,2,0,3,1,0,0,49,1
"org.apache.lucene.queryParser.standard.TestMultiAnalyzerQPHelper$PosIncrementAnalyzer",2,0.00,1.00,7,0.06,1222.91,2,0,14,5,4,131.26,0,11,0,2,131.26,0.00,0.50,0.00,0,2.00,1,192.06,0,1,4,org.apache.lucene.analysis.Analyzer,0.00,3,1,2,0,3,1,0,0,49,1
"org.apache.lucene.queryParser.standard.TestMultiAnalyzerQPHelper$TestFilter",3,0.29,2.33,39,0.44,14023.85,10,7,14,13,6,100.35,0,48,0,4,100.35,0.00,0.75,0.33,0,4.00,5,1306.41,1,0,6,org.apache.lucene.analysis.TokenFilter,0.53,10,3,7,0,10,3,0,0,256,2
"org.apache.lucene.queryParser.standard.TestMultiAnalyzerQPHelper$TestPosIncrementFilter",2,0.00,2.50,15,0.16,3738.22,4,2,14,5,4,113.50,1,21,0,4,113.50,0.00,0.75,0.50,0,2.00,4,483.67,0,0,4,org.apache.lucene.analysis.TokenFilter,0.29,3,3,5,0,3,2,0,1,108,1
"org.apache.lucene.queryParser.standard.TestMultiAnalyzerWrapper",2,1.00,1.00,39,0.78,26331.02,3,1,12,10,10,134.80,44,59,0,2,90.86,0.00,0.50,0.00,0,2.00,1,2344.61,0,0,10,org.apache.lucene.util.LuceneTestCase,0.00,8,1,2,0,8,2,0,31,415,1
"org.apache.lucene.queryParser.standard.TestMultiAnalyzerWrapper$MultiAnalyzer",2,0.00,1.00,7,0.06,1222.91,2,0,12,5,4,131.26,0,11,0,2,131.26,0.00,0.50,0.00,0,2.00,1,192.06,0,1,4,org.apache.lucene.analysis.Analyzer,0.00,3,1,2,0,3,1,0,0,49,1
"org.apache.lucene.queryParser.standard.TestMultiAnalyzerWrapper$PosIncrementAnalyzer",2,0.00,1.00,7,0.06,1222.91,2,0,12,5,4,131.26,0,11,0,2,131.26,0.00,0.50,0.00,0,2.00,1,192.06,0,1,4,org.apache.lucene.analysis.Analyzer,0.00,3,1,2,0,3,1,0,0,49,1
"org.apache.lucene.queryParser.standard.TestMultiAnalyzerWrapper$TestFilter",2,0.71,3.00,34,0.39,13471.45,9,7,12,12,6,94.70,0,41,0,4,94.70,0.00,0.75,0.50,0,2.00,5,1171.90,0,0,6,org.apache.lucene.analysis.TokenFilter,0.29,10,3,6,0,10,2,0,0,224,2
"org.apache.lucene.queryParser.standard.TestMultiAnalyzerWrapper$TestPosIncrementFilter",2,0.00,2.50,15,0.16,3738.22,4,2,12,5,4,113.50,1,21,0,4,113.50,0.00,0.75,0.50,0,2.00,4,483.67,0,0,4,org.apache.lucene.analysis.TokenFilter,0.29,3,3,5,0,3,2,0,1,108,1
"org.apache.lucene.queryParser.standard.TestMultiFieldQPHelper",11,0.00,1.45,181,2.97,103259.27,11,0,18,38,15,134.60,32,220,0,2,94.71,0.00,0.50,0.00,1,11.00,2,8906.78,0,0,15,org.apache.lucene.util.LuceneTestCase,0.00,27,1,16,0,27,11,0,22,1605,1
"org.apache.lucene.queryParser.standard.TestMultiFieldQPHelper$AnalyzerReturningNull",2,1.00,1.50,9,0.09,1713.97,3,1,18,6,3,125.35,0,16,0,2,125.35,0.00,0.50,0.50,0,2.00,2,263.92,0,1,3,org.apache.lucene.analysis.Analyzer,0.00,4,1,3,0,4,1,0,0,64,3
"org.apache.lucene.queryParser.standard.TestMultiFieldQPHelper$AnalyzerReturningNull$EmptyTokenStream",1,0.00,1.00,3,0.02,186.16,1,0,18,1,1,135.33,0,6,0,3,135.33,0.00,0.67,0.00,0,1.00,1,56.19,0,0,1,org.apache.lucene.analysis.TokenStream,0.33,0,2,1,0,0,1,0,0,18,2
"org.apache.lucene.queryParser.standard.TestNumericQueryParser",15,0.11,2.60,202,4.23,273816.83,32,17,33,90,18,95.91,64,281,0,2,95.67,0.00,0.50,0.16,6,62.00,9,12687.05,0,3,18,org.apache.lucene.util.LuceneTestCase,0.00,75,1,39,0,75,12,0,64,2127,1
"org.apache.lucene.queryParser.standard.TestNumericQueryParser$NumberType",0,0.00,0.00,2,0.01,71.32,0,0,33,0,0,171.00,0,3,0,1,171.00,0.00,0.00,0.00,0,0.00,0,28.53,0,0,0,java.lang.Object,0.00,0,0,0,0,0,0,0,0,9,2
"org.apache.lucene.queryParser.standard.TestQPHelper",0,0.00,0.00,5,0.06,1012.42,1,1,61,1,45,171.00,6,6,0,2,171.00,0.00,0.50,0.00,0,0.00,0,165.67,0,0,45,org.apache.lucene.util.LuceneTestCase,0.00,1,1,0,0,1,0,0,1,39,1
"org.apache.lucene.queryParser.standard.TestQPHelper$QPTestAnalyzer",1,0.00,1.00,3,0.04,532.36,1,0,61,3,3,181.73,1,6,0,2,131.73,0.00,0.50,0.00,0,1.00,1,119.91,0,1,3,org.apache.lucene.analysis.Analyzer,0.00,2,1,1,0,2,0,0,1,31,3
"org.apache.lucene.queryParser.standard.TestQPHelper$QPTestFilter",3,0.20,2.33,30,0.34,10287.31,8,5,61,11,4,155.66,4,39,0,4,105.66,0.00,0.75,0.33,0,4.00,5,1010.18,1,0,4,org.apache.lucene.analysis.TokenFilter,0.53,8,3,7,0,8,3,0,1,210,3
"org.apache.lucene.queryParser.standard.TestQPHelper$QPTestParser",58,0.98,1.33,590,8.65,246909.15,59,1,61,144,30,144.94,163,734,0,3,105.05,0.00,0.67,0.03,15,222.00,3,25962.93,4,9,30,org.apache.lucene.queryParser.standard.StandardQueryParser,0.00,86,2,77,0,86,49,0,139,4872,2
"org.apache.lucene.queryParser.standard.TestQPHelper$QPTestParser$CannedAnalyzer",1,0.00,1.00,3,0.03,338.69,1,0,61,2,2,133.28,0,6,0,2,133.28,0.00,0.50,0.00,0,1.00,1,85.83,0,1,2,org.apache.lucene.analysis.Analyzer,0.00,1,1,1,0,1,0,0,0,24,1
"org.apache.lucene.queryParser.standard.TestQPHelper$QPTestParser$CannedTokenizer",3,0.00,2.33,27,0.27,7860.98,6,3,61,7,3,108.29,0,35,0,4,108.29,0.00,0.75,0.33,0,4.00,5,801.49,1,0,3,org.apache.lucene.analysis.Tokenizer,0.40,4,3,7,0,4,3,0,0,175,1
"org.apache.lucene.queryParser.standard.TestQPHelper$QPTestParser$QPTestParserQueryNodeProcessor",3,0.00,1.33,9,0.11,2659.22,3,0,61,5,4,129.92,0,22,0,2,129.92,0.00,0.50,0.00,0,3.00,2,318.32,0,3,4,org.apache.lucene.queryParser.core.processors.QueryNodeProcessorImpl,0.00,2,1,4,0,2,0,0,0,79,2
"org.apache.lucene.queryParser.core.util.QueryNodeOperation",2,0.00,4.50,27,0.41,55900.21,2,0,5,9,3,61.87,13,46,0,1,94.09,0.00,0.00,0.00,0,2.00,8,1221.24,0,1,3,java.lang.Object,0.00,7,0,9,0,7,1,0,3,229,2
"org.apache.lucene.queryParser.core.util.QueryNodeOperation$ANDOperation",0,0.00,0.00,2,0.01,36.00,0,0,5,0,0,171.00,0,3,0,1,171.00,0.00,0.00,0.00,0,0.00,0,24.00,0,0,0,java.lang.Object,0.00,0,0,0,0,0,0,0,0,8,1
"org.apache.lucene.queryParser.core.util.StringUtils",1,0.00,2.00,6,0.04,902.27,1,0,0,2,9,118.07,16,9,9,1,118.54,0.00,0.00,0.00,0,1.00,2,109.28,0,1,0,java.lang.Object,0.00,1,0,2,0,1,0,0,1,30,2
"org.apache.lucene.queryParser.core.util.UnescapedCharSequence",12,0.50,1.92,73,0.86,36412.01,14,2,0,24,6,114.64,51,87,6,1,114.40,0.00,0.00,0.04,0,22.00,5,2578.70,0,5,0,java.lang.Object,0.00,12,0,23,0,12,7,1,9,568,2
"org.apache.solr.uima.processor.an.DummyEntityAnnotator",1,0.00,4.00,15,0.22,7339.99,1,0,6,13,1,105.50,17,20,0,2,96.37,0.00,0.50,0.00,0,1.00,4,658.06,0,0,1,org.apache.uima.analysis_component.JCasAnnotator_ImplBase,0.00,12,1,4,0,12,1,0,2,123,1
"org.apache.solr.uima.processor.an.DummyExceptionAnnotator",1,0.00,1.00,3,0.03,376.22,1,0,3,2,0,132.45,16,6,0,2,132.92,0.00,0.50,0.00,0,1.00,1,80.23,0,0,0,org.apache.uima.analysis_component.JCasAnnotator_ImplBase,0.00,1,1,1,0,1,1,0,1,23,1
"org.apache.solr.uima.processor.an.DummySentimentAnnotator",2,0.00,3.00,21,0.30,8520.49,4,2,7,14,1,56.76,16,28,0,2,104.86,0.00,0.50,0.50,1,2.00,5,907.38,0,1,1,org.apache.uima.analysis_component.JCasAnnotator_ImplBase,0.00,12,1,6,0,12,1,0,1,183,1
"org.apache.lucene.analysis.ro.RomanianAnalyzer",5,0.33,1.80,22,0.30,7511.21,8,3,16,16,13,73.39,46,32,1,4,123.39,0.00,0.75,0.07,0,8.00,3,910.78,0,1,12,org.apache.lucene.analysis.StopwordAnalyzerBase,0.00,11,3,9,0,11,4,0,9,201,2
"org.apache.lucene.analysis.ro.RomanianAnalyzer$DefaultSetHolder",0,0.00,0.00,6,0.05,853.95,1,1,16,0,1,171.00,2,11,0,1,171.00,0.00,0.00,0.00,0,0.00,0,164.39,0,0,1,java.lang.Object,0.00,0,0,0,0,0,0,0,2,40,2
"org.apache.lucene.analysis.ro.TestRomanianAnalyzer",4,0.00,1.00,15,0.16,2494.63,4,0,4,7,4,181.19,7,21,0,3,131.19,0.00,0.67,0.00,0,4.00,1,481.49,3,0,4,org.apache.lucene.analysis.BaseTokenStreamTestCase,0.00,3,2,4,0,3,4,0,6,114,1
"org.apache.solr.search.BitDocSet",16,0.03,1.50,61,0.64,17036.80,18,2,3,33,16,149.88,57,91,11,2,129.27,0.00,0.50,0.53,0,0.00,3,1906.38,1,2,6,org.apache.solr.search.DocSetBase,0.59,17,1,24,0,17,14,0,15,452,1
"org.apache.solr.search.BitDocSet$DocIterator",5,0.12,1.00,15,0.10,1323.44,7,2,3,7,2,134.12,0,20,0,1,134.12,0.00,0.00,0.40,1,2.00,1,299.93,0,1,2,java.lang.Object,0.00,2,0,5,0,2,4,0,0,85,0
"org.apache.solr.search.BoostQParserPlugin",2,2.00,1.00,6,0.06,623.72,4,2,9,3,11,115.69,10,10,1,2,133.56,0.00,0.50,0.00,0,2.00,1,175.41,0,1,11,org.apache.solr.search.QParserPlugin,0.00,1,1,2,0,1,1,0,1,47,1
"org.apache.solr.search.BoostQParserPlugin$QParser",4,0.44,1.50,23,0.27,7806.90,7,3,9,15,10,118.92,1,32,0,1,118.92,0.00,0.00,0.67,0,0.00,3,823.62,0,3,10,java.lang.Object,0.00,11,0,6,0,11,1,0,1,178,0
"org.apache.solr.search.CacheConfig",8,0.06,1.75,52,0.67,23272.83,15,7,8,24,7,164.57,10,62,2,1,114.57,0.00,0.00,0.09,1,16.00,4,1999.70,0,4,6,java.lang.Object,0.00,16,0,14,0,16,4,0,4,413,1
"org.apache.solr.search.CacheRegenerator",1,0.00,1.00,2,0.02,168.99,1,0,1,1,9,168.51,19,3,9,1,142.23,0.00,0.00,0.00,0,1.00,1,74.42,0,0,2,,0.00,0,0,1,0,0,1,0,2,21,1
"org.apache.solr.search.ConstantScorePrefixQuery",6,0.40,1.67,30,0.37,13144.13,7,1,5,19,7,168.50,11,42,2,2,118.50,0.00,0.50,0.67,1,0.00,3,1121.39,1,3,5,org.apache.lucene.search.Query,0.10,13,1,10,0,13,3,0,9,250,1
"org.apache.solr.search.DelegatingCollector",7,0.03,1.14,30,0.24,4424.15,12,5,4,12,10,126.46,3,38,7,2,126.46,1.00,0.33,0.17,0,0.00,2,716.17,0,1,3,org.apache.lucene.index.Collector,0.00,5,1,8,1,5,6,0,3,181,1
"org.apache.solr.search.DisMaxQParser",12,0.01,2.67,113,1.76,67859.21,19,7,13,56,14,145.52,33,146,1,2,105.63,0.00,0.50,0.15,5,50.00,9,5283.02,3,7,13,org.apache.solr.search.QParser,0.18,44,1,32,0,44,5,0,14,985,1
"org.apache.solr.search.DisMaxQParserPlugin",2,1.00,1.00,5,0.06,769.03,3,1,3,3,6,160.03,7,9,1,2,139.42,0.00,0.50,0.00,0,2.00,1,174.09,0,1,6,org.apache.solr.search.QParserPlugin,0.00,1,1,2,0,1,1,0,1,46,1
"org.apache.solr.search.DocIterator",2,0.00,1.00,3,0.02,120.42,2,0,1,2,28,127.61,27,4,28,1,156.99,0.00,0.00,0.00,0,2.00,1,51.75,0,0,0,,0.00,0,0,2,0,0,2,0,5,19,1
"org.apache.solr.search.DocList",7,0.00,1.00,8,0.04,184.11,7,0,0,7,33,127.60,48,9,32,2,159.82,0.00,0.50,0.00,0,7.00,1,112.17,0,2,1,,0.19,0,1,7,0,0,5,0,15,45,1
"org.apache.solr.search.DocListAndSet",0,0.00,0.00,3,0.02,124.57,2,2,0,0,12,171.00,13,4,10,1,171.00,0.00,0.00,0.00,0,0.00,0,49.83,0,0,2,java.lang.Object,0.00,0,0,0,0,0,0,0,1,15,2
"org.apache.solr.search.DocSet",14,0.00,1.00,15,0.08,426.98,14,0,7,14,37,127.09,93,17,30,1,159.31,0.00,0.00,0.00,0,14.00,1,249.09,0,6,7,,0.00,0,0,14,0,0,8,0,16,95,1
"org.apache.solr.search.DocSetBase",11,0.00,1.73,49,0.58,17433.00,11,0,7,29,12,173.22,21,64,4,1,123.22,0.00,0.00,0.00,3,11.00,6,1728.82,0,5,9,java.lang.Object,0.00,18,0,19,4,18,6,1,13,400,1
"org.apache.solr.search.DocSetBase$Filter",1,0.00,3.00,12,0.14,6704.84,1,0,7,5,3,150.36,1,15,0,1,100.36,0.00,0.00,0.00,0,1.00,3,415.00,0,1,3,java.lang.Object,0.00,4,0,3,0,4,0,0,1,84,0
"org.apache.solr.search.DocSetBase$Filter$DocIdSet",2,0.00,1.00,5,0.03,330.65,2,0,7,3,1,142.30,0,9,0,1,142.30,0.00,0.00,0.00,0,2.00,1,86.05,0,1,1,java.lang.Object,0.00,1,0,2,0,1,1,0,0,27,0
"org.apache.solr.search.DocSetBase$Filter$DocIdSet$DocIdSetIterator",3,0.50,2.00,12,0.18,6584.46,5,2,7,4,0,122.07,0,18,0,1,122.07,0.00,0.00,0.83,0,0.00,3,540.55,0,0,0,java.lang.Object,0.00,1,0,6,0,1,3,0,0,119,0
"org.apache.solr.search.DocSetCollector",6,0.07,1.67,34,0.31,9380.54,12,6,5,10,11,159.54,17,43,4,2,119.66,1.00,0.33,0.22,0,10.00,3,938.87,0,0,7,org.apache.lucene.index.Collector,0.00,4,1,10,1,4,6,0,15,214,1
"org.apache.solr.search.DocSetDelegateCollector",5,0.50,1.80,29,0.29,9438.05,6,1,5,12,11,158.88,14,37,3,3,118.99,0.00,0.67,0.60,0,1.00,3,861.91,0,0,8,org.apache.solr.search.DocSetCollector,0.55,7,2,9,0,7,5,0,12,191,1
"org.apache.solr.search.DocSetPerf",3,0.60,10.00,117,1.80,203744.46,8,5,6,33,4,123.07,5,118,0,1,73.07,0.00,0.00,0.60,2,1.00,24,5402.83,0,0,4,java.lang.Object,0.00,30,0,30,0,30,3,0,4,848,1
"org.apache.solr.search.DocSlice",12,0.12,1.67,54,0.59,20951.96,18,6,0,21,14,172.89,23,65,9,2,122.89,0.00,0.50,0.28,0,32.00,4,1762.82,0,2,5,org.apache.solr.search.DocSetBase,0.17,9,1,20,0,9,10,1,10,402,1
"org.apache.solr.search.DocSlice$DocIterator",5,0.12,1.00,13,0.08,905.91,7,2,0,6,0,141.99,3,18,0,1,141.99,0.00,0.00,0.40,1,2.00,1,251.84,0,1,0,java.lang.Object,0.00,1,0,5,0,1,4,0,1,73,0
"org.apache.solr.search.ExtendedDismaxQParser",11,0.07,10.91,401,7.20,965812.45,22,11,23,99,23,44.09,144,514,1,2,73.47,0.00,0.50,0.16,4,51.00,50,21598.46,6,7,22,org.apache.solr.search.QParser,0.19,88,1,120,0,88,4,0,91,3218,0
"org.apache.solr.search.ExtendedDismaxQParser$Clause",1,6.00,1.00,11,0.06,569.90,9,8,23,1,0,131.07,3,13,0,1,110.45,0.00,0.00,0.25,0,0.00,1,191.02,0,0,0,java.lang.Object,0.00,0,0,1,0,0,1,0,3,49,1
"org.apache.solr.search.ExtendedDismaxQParser$DMP",0,0.00,0.00,2,0.02,222.03,1,1,23,0,0,171.00,3,3,0,2,171.00,0.00,0.50,0.00,0,0.00,0,55.51,0,0,0,,0.00,0,1,0,0,0,0,0,1,15,2
"org.apache.solr.search.ExtendedDismaxQParser$ExtendedSolrQueryParser",18,0.00,2.61,159,2.01,78589.48,32,14,23,47,11,129.04,60,209,0,3,108.43,0.00,0.67,0.07,7,94.00,8,6017.34,9,11,11,org.apache.solr.search.SolrQueryParser,0.00,29,2,47,0,29,7,0,30,1183,0
"org.apache.solr.search.ExtendedDismaxQParser$ExtendedSolrQueryParser$Alias",0,0.00,0.00,3,0.02,239.86,2,2,23,0,0,171.00,0,4,0,1,171.00,0.00,0.00,0.00,0,0.00,0,68.53,0,0,0,java.lang.Object,0.00,0,0,0,0,0,0,0,0,18,1
"org.apache.solr.search.ExtendedDismaxQParser$ExtendedSolrQueryParser$DynamicField",4,0.39,2.50,26,0.32,7646.86,10,6,23,10,0,155.81,10,38,0,1,115.92,0.00,0.00,0.46,0,6.00,4,959.09,0,1,0,java.lang.Object,0.00,6,0,10,0,6,3,1,2,211,1
"org.apache.solr.search.ExtendedDismaxQParser$ExtendedSolrQueryParser$ExtendedAnalyzer",6,0.05,3.67,76,1.03,89867.85,10,4,23,24,7,97.56,4,89,0,2,97.56,0.00,0.50,0.29,2,6.00,12,3076.56,0,4,7,org.apache.lucene.analysis.Analyzer,0.00,18,1,22,0,18,2,0,4,564,1
"org.apache.solr.search.ExtendedDismaxQParser$ExtendedSolrQueryParser$UserFields",5,0.00,2.80,30,0.47,16611.29,8,3,23,19,0,153.89,14,45,0,1,114.01,0.00,0.00,0.33,1,2.00,5,1418.48,0,2,0,java.lang.Object,0.00,14,0,14,0,14,3,0,5,295,1
"org.apache.solr.search.ExtendedDismaxQParser$QType",0,0.00,0.00,2,0.01,28.53,0,0,23,0,0,171.00,0,8,0,1,171.00,0.00,0.00,0.00,0,0.00,0,28.53,0,0,0,java.lang.Object,0.00,0,0,0,0,0,0,0,0,9,0
"org.apache.solr.search.ExtendedDismaxQParser$U",0,0.00,0.00,1,0.01,49.13,0,0,23,0,1,171.00,1,2,0,2,171.00,0.00,0.50,0.00,0,0.00,0,19.65,0,0,1,org.apache.solr.util.SolrPluginUtils,0.00,0,1,0,0,0,0,0,1,7,2
"org.apache.solr.search.ExtendedDismaxQParserPlugin",2,1.00,1.00,5,0.06,815.39,3,1,23,3,20,179.10,4,9,1,2,139.22,0.00,0.50,0.00,0,2.00,1,179.41,0,1,20,org.apache.solr.search.QParserPlugin,0.00,1,1,2,0,1,1,0,1,47,1
"org.apache.solr.search.ExtendedQuery",6,0.00,1.00,7,0.03,152.68,6,0,0,6,5,209.93,9,8,5,1,159.93,0.00,0.00,0.00,0,6.00,1,101.78,0,0,0,,0.00,0,0,6,0,0,6,0,4,40,1
"org.apache.solr.search.ExtendedQueryBase",8,0.10,1.25,29,0.22,4756.19,11,3,1,11,3,131.31,0,40,1,2,131.31,1.00,0.33,0.25,1,20.00,3,650.97,0,2,2,org.apache.lucene.search.Query,0.00,3,1,10,1,3,6,1,0,166,1
"org.apache.solr.search.FastLRUCache",20,0.02,2.30,155,2.30,149159.28,29,9,12,63,11,158.79,25,186,3,1,108.79,0.00,0.00,0.13,0,114.00,12,6904.51,0,12,8,java.lang.Object,0.00,43,0,46,0,43,8,1,13,1211,1
"org.apache.solr.search.FieldQParserPlugin",2,1.00,1.00,5,0.05,464.34,3,1,7,3,8,161.76,7,9,1,2,141.14,0.00,0.50,0.00,0,2.00,1,141.84,0,1,8,org.apache.solr.search.QParserPlugin,0.00,1,1,2,0,1,1,0,1,39,1
"org.apache.solr.search.FieldQParserPlugin$QParser",1,0.00,1.00,7,0.11,2014.08,1,0,7,6,5,113.46,0,9,0,1,113.46,0.00,0.00,0.00,0,1.00,1,326.21,0,1,5,java.lang.Object,0.00,5,0,1,0,5,0,0,0,69,0
"org.apache.solr.search.FooQParser",2,0.00,1.00,5,0.07,1084.82,2,0,7,5,10,138.24,0,9,1,2,138.24,0.00,0.50,0.00,0,2.00,1,220.22,0,1,9,org.apache.solr.search.QParser,0.09,3,1,2,0,3,1,0,0,56,0
"org.apache.solr.search.FooQParserPlugin",2,0.00,1.00,4,0.05,624.38,2,0,7,3,11,140.13,0,8,1,2,140.13,0.00,0.50,0.00,0,2.00,1,139.41,0,1,10,org.apache.solr.search.QParserPlugin,0.00,1,1,2,0,1,1,0,0,38,1
"org.apache.solr.search.FunctionQParser",18,0.07,2.89,174,2.19,121425.41,22,4,9,59,50,87.14,104,217,37,2,105.01,0.00,0.50,0.18,5,94.00,12,6581.47,3,8,15,org.apache.solr.search.QParser,0.05,41,1,52,0,41,10,0,28,1191,1
"org.apache.solr.search.FunctionQParserPlugin",2,1.00,1.00,5,0.06,769.03,3,1,3,3,12,179.30,5,9,7,2,139.42,0.00,0.50,0.00,0,2.00,1,174.09,0,0,6,org.apache.solr.search.QParserPlugin,0.00,1,1,2,0,1,2,0,1,46,1
"org.apache.solr.search.FunctionRangeQParserPlugin",2,1.00,1.00,5,0.05,464.34,3,1,10,3,8,123.27,10,9,1,2,141.14,0.00,0.50,0.00,0,2.00,1,141.84,0,0,8,org.apache.solr.search.QParserPlugin,0.00,1,1,2,0,1,2,0,1,39,1
"org.apache.solr.search.FunctionRangeQParserPlugin$QParser",1,0.00,2.00,17,0.25,7853.76,3,2,10,9,9,144.27,1,20,0,1,94.27,0.00,0.00,1.00,0,0.00,2,742.29,0,1,9,java.lang.Object,0.00,8,0,2,0,8,0,0,1,138,0
"org.apache.solr.search.FunctionRangeQuery",2,1.00,1.00,9,0.07,799.66,3,1,10,4,13,128.05,0,12,1,4,128.05,0.00,0.75,0.00,0,2.00,1,206.10,0,0,12,org.apache.solr.search.SolrConstantScoreQuery,0.00,2,3,2,0,2,2,1,0,54,0
"org.apache.solr.search.FunctionRangeQuery$FunctionRangeCollector",3,0.33,1.33,14,0.19,3278.48,6,3,10,8,4,124.55,0,21,0,3,124.55,0.00,0.67,0.56,0,1.00,2,558.15,1,0,4,org.apache.solr.search.DelegatingCollector,0.30,5,2,4,0,5,3,0,0,125,0
"org.apache.solr.search.Grouping",17,0.06,3.24,222,3.29,222813.53,47,30,22,80,36,96.99,79,275,3,1,96.75,0.00,0.00,0.09,1,66.00,29,9874.89,0,9,33,java.lang.Object,0.00,63,0,55,0,63,8,0,26,1609,1
"org.apache.solr.search.Grouping$Command",11,0.01,2.36,88,1.17,64219.68,23,12,22,26,10,89.58,55,101,0,1,107.46,0.00,0.00,0.08,2,34.00,8,3501.32,0,7,10,java.lang.Object,0.00,15,0,26,0,15,4,0,19,644,2
"org.apache.solr.search.Grouping$CommandField",7,0.19,3.71,73,0.95,37092.26,13,6,22,31,15,104.30,29,94,0,2,104.07,0.00,0.50,0.33,0,2.00,8,2842.00,0,4,15,org.apache.solr.search.Command,0.00,24,1,26,0,24,3,0,15,527,1
"org.apache.solr.search.Grouping$CommandQuery",5,0.08,1.40,28,0.33,7047.97,8,3,22,17,11,159.94,12,36,0,2,120.05,0.00,0.50,0.40,0,0.00,2,999.54,0,2,11,org.apache.solr.search.Command,0.00,12,1,7,0,12,3,0,4,212,1
"org.apache.solr.search.Grouping$Format",0,0.00,0.00,2,0.01,39.30,0,0,22,0,0,171.00,3,4,0,1,171.00,0.00,0.00,0.00,0,0.00,0,19.65,0,0,0,java.lang.Object,0.00,0,0,0,0,0,0,0,1,7,2
"org.apache.solr.search.Grouping$TotalCount",0,0.00,0.00,2,0.01,39.30,0,0,22,0,0,171.00,3,4,0,1,171.00,0.00,0.00,0.00,0,0.00,0,19.65,0,0,0,java.lang.Object,0.00,0,0,0,0,0,0,0,1,7,2
"org.apache.solr.search.HashDocSet",11,0.06,3.73,127,1.50,165503.11,16,5,1,20,8,119.57,38,131,4,2,98.96,0.00,0.50,0.25,2,4.00,8,4511.81,0,1,4,org.apache.solr.search.DocSetBase,0.36,9,1,41,0,9,10,0,27,890,2
"org.apache.solr.search.HashDocSet$DocIterator",6,0.40,1.17,18,0.11,1566.92,8,2,1,6,0,134.13,1,24,0,1,134.13,0.00,0.00,0.17,2,10.00,2,331.31,0,1,0,java.lang.Object,0.00,0,0,7,0,0,5,0,1,94,0
"org.apache.solr.search.IdGenerator",2,0.00,1.00,3,0.02,91.29,2,0,8,2,9,157.93,0,4,2,1,157.93,0.00,0.00,0.00,0,2.00,1,52.94,0,0,7,,0.00,0,0,2,0,0,2,0,0,19,0
"org.apache.solr.search.LFUCache",20,0.03,2.35,159,2.42,158644.18,30,10,12,64,10,158.57,28,190,2,1,108.57,0.00,0.00,0.13,0,114.00,13,7257.29,0,12,8,java.lang.Object,0.00,44,0,47,0,44,8,1,14,1259,1
"org.apache.solr.search.LRUCache",20,0.05,1.95,136,1.67,85754.82,32,12,8,42,10,163.22,26,166,3,1,113.22,0.00,0.00,0.13,0,122.00,9,5010.91,0,12,7,java.lang.Object,0.00,22,0,39,0,22,8,1,18,961,1
"org.apache.solr.search.LRUCache$CumulativeStats",0,0.00,0.00,5,0.05,1253.89,4,4,8,1,0,171.00,0,6,0,1,171.00,0.00,0.00,0.00,0,0.00,0,144.68,0,0,0,java.lang.Object,0.00,1,0,0,0,1,0,0,0,38,2
"org.apache.solr.search.LRUCache$LinkedHashMap<K,V>",1,0.00,2.00,7,0.07,1008.55,1,0,8,3,0,136.28,3,10,0,1,115.66,0.00,0.00,0.00,0,0.00,2,196.38,0,0,0,java.lang.Object,0.00,2,0,2,0,2,1,0,3,46,0
"org.apache.solr.search.LuceneQParser",3,0.25,2.33,20,0.30,11948.34,5,2,11,12,15,113.43,2,28,2,2,113.43,1.00,0.33,0.33,0,1.00,5,911.25,3,2,13,org.apache.solr.search.QParser,0.17,9,1,7,1,9,1,0,2,182,0
"org.apache.solr.search.LuceneQParserPlugin",2,1.00,1.00,5,0.06,769.03,3,1,11,3,13,139.65,8,9,1,2,139.42,0.00,0.50,0.00,0,2.00,1,174.09,0,1,13,org.apache.solr.search.QParserPlugin,0.00,1,1,2,0,1,1,0,1,46,1
"org.apache.solr.search.LuceneQueryOptimizer",2,0.00,4.00,31,0.45,30133.79,4,2,4,16,8,103.04,35,49,1,1,93.91,0.00,0.00,0.50,0,2.00,7,1349.87,0,1,7,java.lang.Object,0.00,14,0,8,0,14,1,0,18,240,0
"org.apache.solr.search.LuceneQueryOptimizer$LinkedHashMap",1,0.00,1.00,3,0.03,353.48,1,0,4,2,0,183.13,1,5,0,1,133.13,0.00,0.00,0.00,0,1.00,1,91.65,0,0,0,java.lang.Object,0.00,1,0,1,0,1,1,0,1,25,0
"org.apache.solr.search.MissingLastOrdComparator",12,0.22,2.58,105,1.15,46812.90,26,14,3,14,3,108.81,7,138,1,2,108.81,0.00,0.50,0.27,1,0.00,6,3448.92,0,3,2,org.apache.lucene.search.FieldComparator,0.45,2,1,31,0,2,9,0,7,708,0
"org.apache.solr.search.MissingStringLastComparatorSource",3,0.25,1.00,9,0.09,1374.03,5,2,3,4,5,172.13,6,14,1,2,132.25,0.00,0.50,0.33,0,5.00,1,267.35,0,1,4,org.apache.lucene.search.FieldComparatorSource,0.00,1,1,3,0,1,2,0,1,69,1
"org.apache.solr.search.NestedQParserPlugin",2,1.00,1.00,5,0.05,464.34,3,1,6,3,8,141.38,9,9,1,2,141.14,0.00,0.50,0.00,0,2.00,1,141.84,0,1,8,org.apache.solr.search.QParserPlugin,0.00,1,1,2,0,1,1,0,1,39,1
"org.apache.solr.search.NestedQParserPlugin$QParser",4,0.00,1.00,13,0.13,1923.01,7,3,6,9,6,132.08,1,21,0,1,132.08,0.00,0.00,0.33,0,0.00,1,394.54,0,3,6,java.lang.Object,0.00,5,0,4,0,5,1,0,1,100,0
"org.apache.solr.search.OldLuceneQParser",3,0.50,3.33,26,0.38,15042.25,4,1,11,11,14,157.90,3,38,1,3,107.90,0.00,0.67,0.67,0,1.00,6,1129.70,5,2,13,org.apache.solr.search.LuceneQParser,0.22,8,2,10,0,8,1,0,3,223,0
"org.apache.solr.search.OldLuceneQParserPlugin",2,1.00,1.00,5,0.06,769.03,3,1,3,3,6,179.30,5,9,1,2,139.42,0.00,0.50,0.00,0,2.00,1,174.09,0,1,6,org.apache.solr.search.QParserPlugin,0.00,1,1,2,0,1,1,0,1,46,1
"org.apache.solr.search.PostFilter",1,0.00,1.00,2,0.01,60.50,1,0,1,1,4,189.68,22,3,2,2,145.74,0.00,0.50,0.00,0,1.00,1,35.16,0,1,2,,0.00,0,1,1,0,0,0,0,2,13,1
"org.apache.solr.search.PrefixFilter",6,0.40,1.00,20,0.20,4371.58,7,1,8,16,10,130.66,3,29,2,2,130.66,0.00,0.50,0.67,0,0.00,1,585.38,0,3,8,org.apache.lucene.search.Filter,0.00,10,1,6,0,10,3,0,1,148,1
"org.apache.solr.search.PrefixFilter$PrefixGenerator",1,0.00,1.00,3,0.02,148.58,1,0,8,2,0,136.10,0,4,0,1,136.10,0.00,0.00,0.00,0,1.00,1,56.58,0,0,0,java.lang.Object,0.00,1,0,1,0,1,1,0,0,18,0
"org.apache.solr.search.PrefixGenerator",2,1.00,2.00,21,0.24,10966.54,3,1,8,14,9,104.09,0,31,1,1,104.09,0.00,0.00,0.50,0,2.00,3,718.07,0,0,8,java.lang.Object,0.00,12,0,4,0,12,2,1,0,142,1
"org.apache.solr.search.PrefixQParserPlugin",2,1.00,1.00,5,0.05,464.34,3,1,7,3,9,161.76,7,9,1,2,141.14,0.00,0.50,0.00,0,2.00,1,141.84,0,1,9,org.apache.solr.search.QParserPlugin,0.00,1,1,2,0,1,1,0,1,39,1
"org.apache.solr.search.PrefixQParserPlugin$QParser",1,0.00,1.00,3,0.05,884.67,1,0,7,4,5,130.00,0,5,0,1,130.00,0.00,0.00,0.00,0,1.00,1,162.30,0,1,5,java.lang.Object,0.00,3,0,1,0,3,0,0,0,40,0
"org.apache.solr.search.QParser",21,0.03,2.52,154,1.89,97366.02,30,9,10,58,81,150.28,54,199,69,1,110.39,0.00,0.00,0.08,5,147.00,10,5672.73,0,12,14,java.lang.Object,0.00,37,0,53,7,37,9,0,26,1114,2
"org.apache.solr.search.QParserPlugin",1,2.00,1.00,4,0.20,7382.98,3,2,3,1,23,138.70,3,20,19,1,118.08,0.00,0.00,0.00,0,1.00,1,606.81,0,1,18,java.lang.Object,0.00,0,0,1,15,0,0,1,3,125,2
"org.apache.solr.search.QueryParsing",13,0.04,7.23,315,4.99,507649.49,23,10,31,104,60,38.77,153,390,31,1,82.90,0.00,0.00,0.06,4,53.00,30,14958.99,0,10,31,java.lang.Object,0.00,91,0,94,0,91,3,0,51,2430,1
"org.apache.solr.search.QueryParsing$StrParser",20,0.33,3.15,187,2.10,104483.28,23,3,31,39,1,105.86,17,236,0,1,105.86,0.00,0.00,0.65,4,0.00,15,6303.64,0,7,1,java.lang.Object,0.00,19,0,63,0,19,13,0,10,1213,2
"org.apache.solr.search.QueryParsingTest",3,0.00,3.00,106,1.80,154879.96,3,0,8,14,7,27.93,25,125,0,3,76.04,0.00,0.67,0.00,0,1.00,7,5414.52,1,0,7,org.apache.solr.SolrTestCaseJ4,0.00,11,2,9,0,11,3,0,22,936,1
"org.apache.solr.search.QueryResultKey",4,0.00,4.25,42,0.57,31959.32,11,7,5,10,6,142.52,11,47,3,1,102.63,0.00,0.00,0.14,1,4.00,9,1708.13,0,0,3,java.lang.Object,0.00,6,0,17,0,6,4,0,9,341,2
"org.apache.solr.search.QueryUtils",4,0.00,4.50,43,0.56,32010.14,4,0,5,19,10,70.39,26,51,5,1,102.61,0.00,0.00,0.00,3,4.00,9,1670.21,0,3,5,java.lang.Object,0.00,15,0,18,0,15,1,0,11,326,1
"org.apache.solr.search.RawQParserPlugin",2,1.00,1.00,5,0.05,464.34,3,1,7,3,9,123.27,10,9,1,2,141.14,0.00,0.50,0.00,0,2.00,1,141.84,0,1,9,org.apache.solr.search.QParserPlugin,0.00,1,1,2,0,1,1,0,1,39,1
"org.apache.solr.search.RawQParserPlugin$QParser",1,0.00,1.00,3,0.05,884.67,1,0,7,4,5,130.00,0,5,0,1,130.00,0.00,0.00,0.00,0,1.00,1,162.30,0,1,5,java.lang.Object,0.00,3,0,1,0,3,0,0,0,40,0
"org.apache.solr.search.SolrCache",10,1.00,1.00,13,0.12,1410.84,11,1,5,11,16,111.78,72,14,15,2,154.07,0.00,0.50,0.00,0,10.00,1,345.38,0,3,3,,0.00,1,1,10,0,1,7,0,22,102,1
"org.apache.solr.search.SolrCache$State",0,0.00,0.00,2,0.01,36.00,0,0,5,0,0,171.00,1,6,0,1,171.00,0.00,0.00,0.00,0,0.00,0,24.00,0,0,0,java.lang.Object,0.00,0,0,0,0,0,0,0,1,8,1
"org.apache.solr.search.SolrConstantScoreQuery",14,0.46,1.29,36,0.37,7564.31,16,2,7,21,13,178.08,32,60,5,3,138.19,0.50,0.50,0.07,0,62.00,3,1102.75,1,4,8,org.apache.lucene.search.ConstantScoreQuery,0.16,7,2,18,1,7,10,1,11,276,1
"org.apache.solr.search.SolrConstantScoreQuery$ConstantScorer",6,0.00,1.50,26,0.29,8067.26,9,3,7,15,6,123.81,0,40,0,3,123.81,0.00,0.67,0.33,0,0.00,4,863.54,0,1,6,org.apache.lucene.search.Scorer,0.63,9,2,9,0,9,5,0,0,194,1
"org.apache.solr.search.SolrConstantScoreQuery$ConstantWeight",7,0.04,1.29,36,0.44,12051.78,11,4,7,18,9,119.39,0,54,0,2,119.39,0.00,0.50,0.29,0,9.00,2,1329.19,0,3,9,org.apache.lucene.search.Weight,0.57,11,1,9,0,11,4,0,0,280,1
"org.apache.solr.search.SolrFieldCacheMBean",8,1.00,1.25,34,0.30,10588.42,9,1,9,17,6,173.91,12,34,1,1,123.91,0.00,0.00,0.12,0,14.00,3,896.61,0,8,6,java.lang.Object,0.00,9,0,10,0,9,0,1,2,203,1
"org.apache.solr.search.SolrFilter",3,0.00,1.00,5,0.06,606.89,3,0,6,3,4,192.73,7,8,1,2,152.84,1.00,0.33,0.00,1,3.00,1,174.22,0,2,3,org.apache.lucene.search.Filter,0.00,0,1,3,1,0,1,0,2,49,2
"org.apache.solr.search.SolrIndexReader",54,0.10,1.41,209,2.34,108243.55,62,8,8,104,30,127.12,34,310,14,3,127.12,0.00,0.67,0.03,6,0.00,5,7031.90,4,25,17,org.apache.lucene.index.FilterIndexReader,0.45,50,2,76,0,50,29,0,26,1586,1
"org.apache.solr.search.SolrIndexSearcher",65,0.01,3.85,855,13.55,1198410.41,100,35,30,259,128,53.26,461,1057,77,3,95.55,0.00,0.67,0.04,12,1760.00,25,40647.64,7,25,58,org.apache.lucene.search.IndexSearcher,0.06,194,2,250,0,194,40,1,165,6880,1
"org.apache.solr.search.SolrIndexSearcher$CacheRegenerator",1,0.00,2.00,5,0.06,1022.98,1,0,30,2,3,121.07,0,7,0,1,121.07,0.00,0.00,0.00,0,1.00,2,168.47,0,0,3,java.lang.Object,0.00,1,0,2,0,1,1,0,0,39,0
"org.apache.solr.search.SolrIndexSearcher$CacheRegenerator_0",1,0.00,1.00,4,0.05,605.72,1,0,30,2,3,126.63,0,5,0,1,126.63,0.00,0.00,0.00,0,1.00,1,143.71,0,0,3,java.lang.Object,0.00,1,0,1,0,1,1,0,0,34,0
"org.apache.solr.search.SolrIndexSearcher$CacheRegenerator_1",1,0.00,2.00,14,0.25,7825.80,1,0,30,13,4,65.21,6,21,0,1,97.43,0.00,0.00,0.00,0,0.00,2,757.15,0,0,4,java.lang.Object,0.00,12,0,2,0,12,1,0,6,133,0
"org.apache.solr.search.SolrIndexSearcher$Collector",4,0.00,1.00,7,0.07,721.81,4,0,30,4,2,153.23,0,15,0,1,153.23,0.00,0.00,0.00,0,4.00,1,205.86,0,0,2,java.lang.Object,0.00,0,0,4,0,0,4,0,0,58,0
"org.apache.solr.search.SolrIndexSearcher$Collector_2",4,1.00,1.25,11,0.12,2390.29,5,1,30,5,2,137.86,0,19,0,1,137.86,0.00,0.00,0.25,0,6.00,2,358.17,0,0,2,java.lang.Object,0.00,1,0,5,0,1,4,0,0,90,0
"org.apache.solr.search.SolrIndexSearcher$Collector_3",4,1.00,1.25,10,0.11,1985.99,5,1,30,5,2,138.49,0,18,0,1,138.49,0.00,0.00,0.25,0,6.00,2,331.10,0,0,2,java.lang.Object,0.00,1,0,5,0,1,4,0,0,85,0
"org.apache.solr.search.SolrIndexSearcher$Comparator<Query>",1,0.00,1.00,3,0.04,643.08,1,0,30,2,2,131.09,0,4,0,1,131.09,0.00,0.00,0.00,0,1.00,1,118.64,0,0,2,java.lang.Object,0.00,1,0,1,0,1,1,0,0,33,0
"org.apache.solr.search.SolrIndexSearcher$FilterImpl",2,0.00,2.50,15,0.19,5274.56,5,3,30,6,4,112.32,0,19,0,2,112.32,0.00,0.50,0.33,0,2.00,3,572.63,0,1,4,org.apache.lucene.util.Filter,0.00,4,1,5,0,4,1,0,0,126,0
"org.apache.solr.search.SolrIndexSearcher$FilterImpl$DualFilterIterator",4,0.17,2.50,28,0.23,9619.82,6,2,30,7,0,112.64,0,32,0,2,112.64,0.00,0.50,0.62,0,0.00,4,681.55,0,0,0,org.apache.lucene.util.DocIdSetIterator,0.00,3,1,10,0,3,4,0,0,166,2
"org.apache.solr.search.SolrIndexSearcher$FilterImpl$FilterIterator",5,0.12,1.80,32,0.26,10886.80,7,2,30,8,0,115.55,1,38,0,2,115.55,0.00,0.50,0.40,1,5.00,5,766.25,0,0,0,org.apache.lucene.util.DocIdSetIterator,0.00,3,1,9,0,3,5,0,1,177,2
"org.apache.solr.search.SolrIndexSearcher$FilterImpl$FilterSet",2,0.00,4.50,21,0.32,20596.61,4,2,30,11,3,101.75,0,26,0,2,101.75,0.00,0.50,0.50,0,2.00,8,972.16,0,1,3,org.apache.lucene.search.DocIdSet,0.00,9,1,9,0,9,1,0,0,189,1
"org.apache.solr.search.SolrIndexSearcher$LocalSolrQueryRequest",2,0.00,1.00,4,0.03,319.26,2,0,30,2,1,142.42,0,5,0,1,142.42,0.00,0.00,0.00,0,2.00,1,82.94,0,0,1,java.lang.Object,0.00,0,0,2,0,0,2,0,0,27,0
"org.apache.solr.search.SolrIndexSearcher$ProcessedFilter",0,0.00,0.00,4,0.02,179.25,3,3,30,0,2,171.00,1,5,0,1,171.00,0.00,0.00,0.00,0,0.00,0,71.70,0,0,2,java.lang.Object,0.00,0,0,0,0,0,0,0,1,20,2
"org.apache.solr.search.SolrIndexSearcher$QueryCommand",23,0.05,1.22,77,0.54,10030.23,32,9,30,26,3,132.37,10,87,0,1,132.37,0.00,0.00,0.07,0,285.00,3,1620.11,0,16,3,java.lang.Object,0.00,3,0,28,0,3,7,0,3,414,2
"org.apache.solr.search.SolrIndexSearcher$QueryResult",8,0.05,1.25,24,0.16,2104.41,11,3,30,9,3,134.09,1,23,0,1,134.09,0.00,0.00,0.29,0,0.00,2,474.33,0,0,3,java.lang.Object,0.00,1,0,10,0,1,8,0,1,130,2
"org.apache.solr.search.SolrIndexSearcher$SetNonLazyFieldSelector",2,0.00,1.50,6,0.06,906.67,3,1,30,3,1,132.19,0,13,0,1,132.19,0.00,0.00,1.00,0,0.00,2,193.32,0,1,1,java.lang.Object,0.00,1,0,3,0,1,1,1,0,51,1
"org.apache.solr.search.SolrIndexSearcher$TermDocsState",0,0.00,0.00,3,0.02,124.57,2,2,30,0,2,171.00,0,4,0,1,171.00,0.00,0.00,0.00,0,0.00,0,49.83,0,0,2,java.lang.Object,0.00,0,0,0,0,0,0,0,0,15,2
"org.apache.solr.search.SolrQueryParser",0,0.00,0.00,5,0.04,544.18,3,3,17,0,19,171.00,24,5,5,2,171.00,2.00,0.25,0.00,0,0.00,0,120.93,0,0,15,org.apache.lucene.queryParser.QueryParser,0.00,0,1,0,2,0,0,0,5,29,1
"org.apache.solr.search.SolrQueryParser$MagicFieldName",3,0.00,6.33,100,1.88,288498.89,7,4,17,41,12,26.21,30,133,0,1,74.69,0.00,0.00,0.25,0,5.00,17,5644.11,1,2,12,java.lang.Object,0.00,38,0,19,0,38,1,0,21,838,2
"org.apache.solr.search.SolrReaderInfo",2,1.00,1.00,6,0.03,306.88,3,1,8,2,6,135.99,0,7,1,1,135.99,0.00,0.00,0.50,0,2.00,1,90.86,0,1,5,java.lang.Object,0.00,0,0,2,0,0,1,0,0,29,0
"org.apache.solr.search.SolrSortField",1,0.00,1.00,2,0.01,69.06,1,0,3,1,3,165.90,3,3,1,1,145.29,0.00,0.00,0.00,0,1.00,1,36.53,0,1,2,,0.00,0,0,1,0,0,0,0,1,13,1
"org.apache.solr.search.SortSpec",9,0.04,1.44,28,0.22,3563.48,12,3,2,10,8,182.66,16,35,6,1,132.66,0.00,0.00,0.30,1,19.00,4,660.03,0,2,2,java.lang.Object,0.00,1,0,13,0,1,7,0,4,174,1
"org.apache.solr.search.SortedIntDocSet",20,0.21,5.00,311,3.44,459507.43,23,3,6,29,13,113.03,75,353,5,2,92.42,0.00,0.50,0.13,7,52.00,15,10317.02,0,3,8,org.apache.solr.search.DocSetBase,0.32,9,1,100,0,9,17,0,67,2025,1
"org.apache.solr.search.SortedIntDocSet$DocIterator",5,0.75,1.00,12,0.07,608.05,6,1,6,6,0,143.35,3,17,0,1,143.35,0.00,0.00,0.40,1,7.00,1,203.48,0,1,0,java.lang.Object,0.00,1,0,5,0,1,4,0,1,62,0
"org.apache.solr.search.SortedIntDocSet$Filter",1,0.00,4.00,22,0.33,30869.82,2,1,6,7,3,35.25,9,27,0,1,85.25,0.00,0.00,1.00,0,0.00,4,989.37,0,1,3,java.lang.Object,0.00,6,0,4,0,6,0,0,9,181,0
"org.apache.solr.search.SortedIntDocSet$Filter$DocIdSet",2,0.00,1.00,5,0.03,330.65,2,0,6,3,1,142.30,0,9,0,1,142.30,0.00,0.00,0.00,0,2.00,1,86.05,0,1,1,java.lang.Object,0.00,1,0,2,0,1,1,0,0,27,0
"org.apache.solr.search.SortedIntDocSet$Filter$DocIdSet$DocIdSetIterator",4,0.33,2.75,29,0.33,34592.41,6,2,6,4,0,158.24,4,41,0,1,108.24,0.00,0.00,0.75,0,0.00,7,993.19,0,0,0,java.lang.Object,0.00,0,0,11,0,0,4,0,4,207,0
"org.apache.solr.search.Sorting",1,0.00,5.00,9,0.14,6153.46,2,1,1,3,5,104.72,16,14,2,1,105.20,0.00,0.00,1.00,0,0.00,5,414.47,0,1,3,java.lang.Object,0.00,2,0,5,0,2,0,0,2,94,1
"org.apache.solr.search.SpatialBoxQParserPlugin",2,1.00,1.00,5,0.06,831.58,3,1,3,3,7,139.15,0,11,1,3,139.15,0.00,0.67,0.00,0,2.00,1,192.33,0,0,6,org.apache.solr.search.SpatialFilterQParserPlugin,0.00,1,2,2,0,1,2,0,0,50,1
"org.apache.solr.search.SpatialFilterQParser",2,1.00,4.50,33,0.61,39073.00,3,1,11,12,15,41.95,19,44,2,2,91.95,0.00,0.50,0.50,0,2.00,8,1835.41,1,1,13,org.apache.solr.search.QParser,0.09,10,1,9,0,10,1,0,10,305,1
"org.apache.solr.search.SpatialFilterQParserPlugin",2,1.00,1.00,5,0.06,784.98,3,1,3,3,7,119.20,28,10,2,2,139.35,1.00,0.33,0.00,0,2.00,1,180.29,0,0,6,org.apache.solr.search.QParserPlugin,0.00,1,1,2,1,1,2,0,1,47,1
"org.apache.solr.search.SpatialFilterTest",7,0.00,1.57,81,1.29,35401.03,7,0,3,8,1,123.50,24,96,0,3,102.88,0.00,0.67,0.00,2,7.00,5,3868.27,7,0,1,org.apache.solr.SolrTestCaseJ4,0.00,1,2,11,0,1,7,0,21,694,1
"org.apache.solr.search.SpatialOptions",3,7.00,1.00,18,0.16,2277.28,10,7,2,3,7,159.18,8,22,5,1,119.29,0.00,0.00,0.00,0,3.00,1,494.34,0,0,2,java.lang.Object,0.00,0,0,3,0,0,3,0,2,120,1
"org.apache.solr.search.TermQParserPlugin",2,1.00,1.00,5,0.04,363.78,3,1,8,3,10,99.68,15,8,1,2,141.98,0.00,0.50,0.00,0,2.00,1,126.95,0,1,10,org.apache.solr.search.QParserPlugin,0.00,1,1,2,0,1,1,0,1,36,1
"org.apache.solr.search.TermQParserPlugin$QParser",1,0.00,2.00,6,0.11,2781.00,1,0,8,7,6,114.69,0,8,0,1,114.69,0.00,0.00,0.00,0,1.00,2,329.00,0,1,6,java.lang.Object,0.00,6,0,2,0,6,0,0,0,69,0
"org.apache.solr.search.TestDocSet",18,0.10,2.67,232,2.67,137199.16,22,4,13,59,16,57.66,130,216,0,2,99.95,0.00,0.50,0.15,10,34.00,8,8020.95,0,10,16,org.apache.lucene.util.LuceneTestCase,0.00,41,1,48,0,41,8,0,23,1569,1
"org.apache.solr.search.TestDocSet$FilterIndexReader",4,0.00,1.00,9,0.06,762.32,4,0,13,5,2,141.82,0,17,0,1,141.82,0.00,0.00,0.00,0,4.00,1,167.72,0,2,2,java.lang.Object,0.00,1,0,4,0,1,2,0,0,52,0
"org.apache.solr.search.TestExtendedDismaxParser",9,0.00,1.56,130,2.88,103723.16,9,0,3,15,2,63.94,55,288,0,3,96.16,0.00,0.67,0.00,0,16.00,6,8628.98,7,2,2,org.apache.solr.util.AbstractSolrTestCase,0.29,6,2,14,0,6,7,0,38,1484,1
"org.apache.solr.search.TestFastLRUCache",7,0.00,3.00,132,1.94,93408.39,7,0,8,51,6,59.22,44,137,0,2,91.44,0.00,0.50,0.00,2,7.00,6,5824.72,0,0,6,org.apache.lucene.util.LuceneTestCase,0.00,44,1,21,0,44,7,0,8,1012,1
"org.apache.solr.search.TestFastLRUCache$CacheRegenerator",1,0.00,1.00,4,0.04,577.51,1,0,8,2,2,126.80,0,6,0,1,126.80,0.00,0.00,0.00,0,1.00,1,124.69,0,0,2,java.lang.Object,0.00,1,0,1,0,1,1,0,0,31,0
"org.apache.solr.search.TestFastLRUCache$Thread",1,0.00,1.00,4,0.04,539.08,1,0,8,3,0,127.03,0,6,0,1,127.03,0.00,0.00,0.00,0,1.00,1,122.20,0,0,0,java.lang.Object,0.00,2,0,1,0,2,1,0,0,30,0
"org.apache.solr.search.TestFiltering",5,0.50,10.00,185,3.08,307146.61,6,1,7,36,5,74.50,21,213,0,3,74.27,0.00,0.67,0.60,2,2.00,25,9250.03,7,2,5,org.apache.solr.SolrTestCaseJ4,0.00,31,2,50,0,31,3,0,21,1462,1
"org.apache.solr.search.TestFiltering$Model",1,0.00,1.00,12,0.08,1505.96,5,4,7,3,1,105.72,0,14,0,1,105.72,0.00,0.00,1.00,0,0.00,1,246.16,0,0,1,java.lang.Object,0.00,2,0,1,0,2,1,0,0,66,0
"org.apache.solr.search.TestFoldingMultitermQuery",12,0.00,1.83,98,1.62,64327.21,12,0,4,16,2,157.81,14,199,0,3,107.81,0.00,0.67,0.00,0,12.00,5,4858.05,8,1,2,org.apache.solr.SolrTestCaseJ4,0.00,4,2,22,0,4,11,0,14,910,1
"org.apache.solr.search.TestIndexSearcher",3,0.00,1.00,64,1.13,63656.77,3,0,8,22,6,87.84,12,69,0,3,87.61,0.00,0.67,0.00,1,3.00,1,3389.66,6,1,6,org.apache.solr.SolrTestCaseJ4,0.00,19,2,3,0,19,2,0,12,568,1
"org.apache.solr.search.TestLFUCache",9,0.00,4.00,281,3.86,332882.51,9,0,9,45,6,97.21,168,271,0,3,79.08,0.00,0.67,0.00,3,26.00,8,11593.64,1,0,6,org.apache.solr.SolrTestCaseJ4,0.00,36,2,36,0,36,9,0,162,1953,1
"org.apache.solr.search.TestLFUCache$LFURegenerator",1,0.00,1.00,4,0.04,596.53,1,0,9,2,3,126.68,0,8,0,1,126.68,0.00,0.00,0.00,0,1.00,1,132.20,0,0,3,java.lang.Object,0.00,1,0,1,0,1,1,1,0,33,1
"org.apache.solr.search.TestQueryTypes",6,0.00,1.50,84,1.94,114752.00,6,0,1,7,1,76.56,32,237,0,3,94.44,0.00,0.67,0.00,0,6.00,4,5814.71,7,3,1,org.apache.solr.util.AbstractSolrTestCase,0.31,1,2,9,0,1,3,0,32,816,1
"org.apache.solr.search.TestQueryUtils",7,0.00,1.43,83,1.54,54731.21,7,0,7,19,7,141.30,19,222,0,3,101.41,0.00,0.67,0.00,2,7.00,4,4634.40,6,2,7,org.apache.solr.util.AbstractSolrTestCase,0.30,12,2,10,0,12,5,0,17,749,1
"org.apache.solr.search.TestRangeQuery",7,0.83,4.00,166,3.94,531892.23,8,1,8,32,6,121.34,19,192,0,3,81.45,0.00,0.67,0.29,2,13.00,14,11824.64,8,0,6,org.apache.solr.SolrTestCaseJ4,0.05,25,2,28,0,25,7,0,19,1811,1
"org.apache.solr.search.TestRangeQuery$DocProcessor",1,0.00,1.00,2,0.01,34.23,1,0,8,1,1,147.69,0,3,0,1,147.69,0.00,0.00,0.00,0,1.00,1,24.41,0,0,1,,0.00,0,0,1,0,0,1,0,0,10,0
"org.apache.solr.search.TestRangeQuery$DocProcessor_0",1,0.00,1.00,3,0.02,124.93,1,0,8,2,1,136.69,0,4,0,1,136.69,0.00,0.00,0.00,0,1.00,1,58.19,0,0,1,java.lang.Object,0.00,1,0,1,0,1,1,0,0,18,0
"org.apache.solr.search.TestSearchPerf",13,0.46,2.00,144,2.17,83077.22,15,2,11,52,16,152.03,19,156,0,3,102.03,0.00,0.67,0.08,5,35.00,9,6510.99,6,3,16,org.apache.solr.util.AbstractSolrTestCase,0.26,39,2,26,0,39,10,0,17,1138,1
"org.apache.solr.search.TestSolrQueryParser",3,0.00,1.00,14,0.13,1811.98,3,0,3,3,1,126.64,2,24,0,3,126.64,0.00,0.67,0.00,1,3.00,1,394.35,6,0,1,org.apache.solr.SolrTestCaseJ4,0.00,0,2,3,0,0,3,0,2,97,1
"org.apache.solr.search.TestSort",4,0.33,8.00,165,3.34,335863.16,5,1,17,74,26,111.47,8,183,0,3,71.59,0.00,0.67,0.75,0,0.00,17,10006.95,1,1,26,org.apache.solr.SolrTestCaseJ4,0.00,70,2,32,0,70,3,0,8,1441,1
"org.apache.solr.search.TestSort$Collector",4,1.00,1.00,12,0.13,2110.61,5,1,17,9,2,131.76,0,20,0,1,131.76,0.00,0.00,0.25,0,6.00,1,375.83,0,0,2,java.lang.Object,0.00,5,0,4,0,5,4,0,0,96,0
"org.apache.solr.search.TestSort$Comparator<MyDoc>",1,0.00,10.00,14,0.23,13794.09,1,0,17,2,0,95.12,0,16,0,1,95.12,0.00,0.00,0.00,0,1.00,10,680.47,0,0,0,java.lang.Object,0.00,1,0,10,0,1,1,0,0,138,0
"org.apache.solr.search.TestSort$Filter",1,0.00,1.00,3,0.03,412.00,1,0,17,3,2,132.61,0,5,0,1,132.61,0.00,0.00,0.00,0,1.00,1,88.00,0,1,2,java.lang.Object,0.00,2,0,1,0,2,0,0,0,24,0
"org.apache.solr.search.TestSort$MyDoc",1,0.00,1.00,6,0.05,493.71,4,3,17,1,0,120.76,0,9,0,1,120.76,0.00,0.00,1.00,0,0.00,1,150.48,0,1,0,java.lang.Object,0.00,0,0,1,0,0,0,0,0,40,1
"org.apache.solr.search.TestValueSourceCache",5,0.00,2.60,62,1.03,38145.39,5,0,5,16,5,149.95,6,94,0,3,99.95,0.00,0.67,0.00,2,2.00,4,3082.64,1,0,5,org.apache.solr.SolrTestCaseJ4,0.00,11,2,13,0,11,5,0,6,568,1
"org.apache.solr.search.ValueSourceParser",7,0.67,1.86,102,1.06,60670.96,8,1,54,19,52,97.33,28,110,8,1,97.09,0.00,0.00,0.43,3,10.00,5,3176.80,0,3,46,java.lang.Object,0.00,12,0,13,4,12,4,1,12,620,2
"org.apache.solr.search.ValueSourceParser$DateValueSourceParser",4,1.00,4.50,32,0.60,39818.18,5,1,54,20,10,126.10,12,46,0,2,105.48,0.00,0.50,0.25,1,6.00,11,1810.74,0,3,10,org.apache.solr.search.ValueSourceParser,0.18,16,1,18,0,16,1,0,12,353,0
"org.apache.solr.search.ValueSourceParser$DateValueSourceParser$DualFloatFunction_46",2,0.00,1.00,5,0.05,945.09,2,0,54,3,0,138.71,0,9,0,1,138.71,0.00,0.00,0.00,0,2.00,1,162.41,0,1,0,java.lang.Object,0.00,1,0,2,0,1,1,0,0,44,0
"org.apache.solr.search.ValueSourceParser$DateValueSourceParser$LongConstValueSource",2,0.00,1.00,5,0.05,697.38,2,0,54,3,0,139.75,0,9,0,1,139.75,0.00,0.00,0.00,0,2.00,1,147.96,0,1,0,java.lang.Object,0.00,1,0,2,0,1,1,0,0,40,0
"org.apache.solr.search.ValueSourceParser$DateValueSourceParser$LongConstValueSource_45",2,0.00,1.00,5,0.05,691.53,2,0,54,3,0,139.78,0,9,0,1,139.78,0.00,0.00,0.00,0,2.00,1,144.06,0,1,0,java.lang.Object,0.00,1,0,2,0,1,1,0,0,39,0
"org.apache.solr.search.ValueSourceParser$Double2Parser",1,0.00,1.00,3,0.05,733.88,1,0,54,3,0,130.64,0,5,0,1,130.64,0.00,0.00,0.00,0,1.00,1,136.71,0,0,0,java.lang.Object,0.00,2,0,1,0,2,1,0,0,35,0
"org.apache.solr.search.ValueSourceParser$Double2Parser_37",1,0.00,1.00,3,0.05,733.88,1,0,54,3,0,130.64,0,5,0,1,130.64,0.00,0.00,0.00,0,1.00,1,136.71,0,0,0,java.lang.Object,0.00,2,0,1,0,2,1,0,0,35,0
"org.apache.solr.search.ValueSourceParser$Double2Parser_38",1,0.00,1.00,3,0.05,733.88,1,0,54,3,0,130.64,0,5,0,1,130.64,0.00,0.00,0.00,0,1.00,1,136.71,0,0,0,java.lang.Object,0.00,2,0,1,0,2,1,0,0,35,0
"org.apache.solr.search.ValueSourceParser$DoubleParser",1,0.00,1.00,3,0.04,516.14,1,0,54,2,1,131.84,0,5,0,1,131.84,0.00,0.00,0.00,0,1.00,1,107.52,0,0,1,java.lang.Object,0.00,1,0,1,0,1,1,0,0,28,0
"org.apache.solr.search.ValueSourceParser$DoubleParser_19",1,0.00,1.00,3,0.04,516.14,1,0,54,2,1,131.84,0,5,0,1,131.84,0.00,0.00,0.00,0,1.00,1,107.52,0,0,1,java.lang.Object,0.00,1,0,1,0,1,1,0,0,28,0
"org.apache.solr.search.ValueSourceParser$DoubleParser_20",1,0.00,1.00,3,0.04,445.17,1,0,54,3,0,132.35,0,5,0,1,132.35,0.00,0.00,0.00,0,1.00,1,105.62,0,0,0,java.lang.Object,0.00,2,0,1,0,2,1,0,0,28,0
"org.apache.solr.search.ValueSourceParser$DoubleParser_21",1,0.00,1.00,3,0.04,445.17,1,0,54,3,0,132.35,0,5,0,1,132.35,0.00,0.00,0.00,0,1.00,1,105.62,0,0,0,java.lang.Object,0.00,2,0,1,0,2,1,0,0,28,0
"org.apache.solr.search.ValueSourceParser$DoubleParser_22",1,0.00,1.00,3,0.04,445.17,1,0,54,3,0,132.35,0,5,0,1,132.35,0.00,0.00,0.00,0,1.00,1,105.62,0,0,0,java.lang.Object,0.00,2,0,1,0,2,1,0,0,28,0
"org.apache.solr.search.ValueSourceParser$DoubleParser_23",1,0.00,1.00,3,0.04,445.17,1,0,54,3,0,132.35,0,5,0,1,132.35,0.00,0.00,0.00,0,1.00,1,105.62,0,0,0,java.lang.Object,0.00,2,0,1,0,2,1,0,0,28,0
"org.apache.solr.search.ValueSourceParser$DoubleParser_24",1,0.00,1.00,3,0.04,445.17,1,0,54,3,0,132.35,0,5,0,1,132.35,0.00,0.00,0.00,0,1.00,1,105.62,0,0,0,java.lang.Object,0.00,2,0,1,0,2,1,0,0,28,0
"org.apache.solr.search.ValueSourceParser$DoubleParser_25",1,0.00,1.00,3,0.04,445.17,1,0,54,3,0,132.35,0,5,0,1,132.35,0.00,0.00,0.00,0,1.00,1,105.62,0,0,0,java.lang.Object,0.00,2,0,1,0,2,1,0,0,28,0
"org.apache.solr.search.ValueSourceParser$DoubleParser_26",1,0.00,1.00,3,0.04,445.17,1,0,54,3,0,132.35,0,5,0,1,132.35,0.00,0.00,0.00,0,1.00,1,105.62,0,0,0,java.lang.Object,0.00,2,0,1,0,2,1,0,0,28,0
"org.apache.solr.search.ValueSourceParser$DoubleParser_27",1,0.00,1.00,3,0.04,445.17,1,0,54,3,0,132.35,0,5,0,1,132.35,0.00,0.00,0.00,0,1.00,1,105.62,0,0,0,java.lang.Object,0.00,2,0,1,0,2,1,0,0,28,0
"org.apache.solr.search.ValueSourceParser$DoubleParser_28",1,0.00,1.00,3,0.04,445.17,1,0,54,3,0,132.35,0,5,0,1,132.35,0.00,0.00,0.00,0,1.00,1,105.62,0,0,0,java.lang.Object,0.00,2,0,1,0,2,1,0,0,28,0
"org.apache.solr.search.ValueSourceParser$DoubleParser_29",1,0.00,1.00,3,0.04,445.17,1,0,54,3,0,132.35,0,5,0,1,132.35,0.00,0.00,0.00,0,1.00,1,105.62,0,0,0,java.lang.Object,0.00,2,0,1,0,2,1,0,0,28,0
"org.apache.solr.search.ValueSourceParser$DoubleParser_30",1,0.00,1.00,3,0.04,445.17,1,0,54,3,0,132.35,0,5,0,1,132.35,0.00,0.00,0.00,0,1.00,1,105.62,0,0,0,java.lang.Object,0.00,2,0,1,0,2,1,0,0,28,0
"org.apache.solr.search.ValueSourceParser$DoubleParser_31",1,0.00,1.00,3,0.04,445.17,1,0,54,3,0,132.35,0,5,0,1,132.35,0.00,0.00,0.00,0,1.00,1,105.62,0,0,0,java.lang.Object,0.00,2,0,1,0,2,1,0,0,28,0
"org.apache.solr.search.ValueSourceParser$DoubleParser_32",1,0.00,1.00,3,0.04,445.17,1,0,54,3,0,132.35,0,5,0,1,132.35,0.00,0.00,0.00,0,1.00,1,105.62,0,0,0,java.lang.Object,0.00,2,0,1,0,2,1,0,0,28,0
"org.apache.solr.search.ValueSourceParser$DoubleParser_33",1,0.00,1.00,3,0.04,445.17,1,0,54,3,0,132.35,0,5,0,1,132.35,0.00,0.00,0.00,0,1.00,1,105.62,0,0,0,java.lang.Object,0.00,2,0,1,0,2,1,0,0,28,0
"org.apache.solr.search.ValueSourceParser$DoubleParser_34",1,0.00,1.00,3,0.04,445.17,1,0,54,3,0,132.35,0,5,0,1,132.35,0.00,0.00,0.00,0,1.00,1,105.62,0,0,0,java.lang.Object,0.00,2,0,1,0,2,1,0,0,28,0
"org.apache.solr.search.ValueSourceParser$DoubleParser_35",1,0.00,1.00,3,0.04,445.17,1,0,54,3,0,132.35,0,5,0,1,132.35,0.00,0.00,0.00,0,1.00,1,105.62,0,0,0,java.lang.Object,0.00,2,0,1,0,2,1,0,0,28,0
"org.apache.solr.search.ValueSourceParser$DoubleParser_36",1,0.00,1.00,3,0.04,445.17,1,0,54,3,0,132.35,0,5,0,1,132.35,0.00,0.00,0.00,0,1.00,1,105.62,0,0,0,java.lang.Object,0.00,2,0,1,0,2,1,0,0,28,0
"org.apache.solr.search.ValueSourceParser$DoubleParser_48",3,0.00,1.00,8,0.07,753.60,3,0,54,5,3,140.87,0,12,0,2,140.87,0.00,0.50,0.00,0,3.00,1,202.94,0,1,3,org.apache.solr.search.NamedParser,0.00,2,1,3,0,2,2,0,0,58,1
"org.apache.solr.search.ValueSourceParser$DoubleParser_48$Double2Parser_50",3,0.00,1.00,7,0.07,925.65,3,0,54,5,3,140.17,0,11,0,2,140.17,0.00,0.50,0.00,0,3.00,1,206.70,0,1,3,org.apache.solr.search.NamedParser,0.00,2,1,3,0,2,2,0,0,58,1
"org.apache.solr.search.ValueSourceParser$DoubleParser_48$Double2Parser_50$Function_51",6,0.20,1.17,26,0.35,10379.60,8,2,54,14,2,123.01,4,39,0,2,123.01,0.00,0.50,0.67,1,0.00,2,1043.51,0,2,2,org.apache.solr.search.function.ValueSource,0.27,8,1,7,0,8,4,0,1,245,0
"org.apache.solr.search.ValueSourceParser$DoubleParser_48$Double2Parser_50$Function_51$DocValues_52",6,0.00,1.00,13,0.15,2236.44,6,0,54,11,0,139.52,0,25,0,1,139.52,0.00,0.00,0.00,1,6.00,1,463.59,0,2,0,java.lang.Object,0.00,5,0,6,0,5,4,0,0,123,0
"org.apache.solr.search.ValueSourceParser$DoubleParser_48$Function",3,0.00,1.00,8,0.07,1248.67,3,0,54,5,3,139.14,0,14,0,3,139.14,0.00,0.67,0.00,0,4.00,1,215.66,0,2,3,org.apache.solr.search.function.SingleFunction,0.17,2,2,3,0,2,1,0,0,58,0
"org.apache.solr.search.ValueSourceParser$DoubleParser_48$Function$DocValues_49",6,0.00,1.00,13,0.14,1954.40,6,0,54,10,0,139.98,0,25,0,1,139.98,0.00,0.00,0.00,1,6.00,1,420.24,0,2,0,java.lang.Object,0.00,4,0,6,0,4,4,0,0,114,0
"org.apache.solr.search.ValueSourceParser$LongConstValueSource_47",10,0.11,1.10,28,0.24,4234.76,13,3,54,12,2,139.06,0,48,0,3,139.06,0.00,0.67,0.23,0,26.00,2,725.24,0,3,2,org.apache.solr.search.function.ConstNumberSource,0.88,2,2,11,0,2,7,0,0,193,0
"org.apache.solr.search.ValueSourceParser$LongConstValueSource_47$DocValues",6,0.00,1.00,13,0.11,1187.61,6,0,54,8,0,141.69,0,25,0,1,141.69,0.00,0.00,0.00,0,14.00,1,316.31,0,2,0,java.lang.Object,0.00,2,0,6,0,2,4,0,0,89,0
"org.apache.solr.search.ValueSourceParser$MVResult",0,0.00,0.00,3,0.01,138.68,2,2,54,0,1,171.00,0,4,0,1,171.00,0.00,0.00,0.00,0,0.00,0,44.38,0,0,1,java.lang.Object,0.00,0,0,0,0,0,0,0,0,14,2
"org.apache.solr.search.ValueSourceParser$NamedParser",2,1.00,1.00,6,0.03,408.90,3,1,54,2,1,135.01,0,9,0,2,135.01,0.00,0.50,0.50,0,2.00,1,103.84,0,1,1,org.apache.solr.search.ValueSourceParser,0.00,0,1,2,0,0,1,0,0,32,1
"org.apache.solr.search.ValueSourceParser$ValueSourceParser",1,0.00,1.00,4,0.05,822.58,1,0,54,4,5,125.59,0,6,0,1,125.59,0.00,0.00,0.00,0,1.00,1,135.38,0,1,5,java.lang.Object,0.00,3,0,1,0,3,0,0,0,33,0
"org.apache.solr.search.ValueSourceParser$ValueSourceParser_0",1,0.00,1.00,3,0.03,494.83,1,0,54,3,4,131.98,0,5,0,1,131.98,0.00,0.00,0.00,0,1.00,1,93.84,0,1,4,java.lang.Object,0.00,2,0,1,0,2,0,0,0,25,0
"org.apache.solr.search.ValueSourceParser$ValueSourceParser_1",1,0.00,1.00,4,0.05,822.58,1,0,54,4,5,125.59,0,6,0,1,125.59,0.00,0.00,0.00,0,1.00,1,135.38,0,1,5,java.lang.Object,0.00,3,0,1,0,3,0,0,0,33,0
"org.apache.solr.search.ValueSourceParser$ValueSourceParser_10",1,0.00,1.00,4,0.06,1777.83,1,0,54,5,4,122.95,0,6,0,1,122.95,0.00,0.00,0.00,0,1.00,1,189.11,0,1,4,java.lang.Object,0.00,4,0,1,0,4,0,0,0,43,0
"org.apache.solr.search.ValueSourceParser$ValueSourceParser_11",1,0.00,1.00,5,0.04,950.23,1,0,54,3,4,121.48,0,7,0,1,121.48,0.00,0.00,0.00,0,1.00,1,133.10,0,1,4,java.lang.Object,0.00,2,0,1,0,2,0,0,0,34,0
"org.apache.solr.search.ValueSourceParser$ValueSourceParser_11$DualFloatFunction",2,0.00,1.00,5,0.05,945.09,2,0,54,3,0,138.71,0,9,0,1,138.71,0.00,0.00,0.00,0,2.00,1,162.41,0,1,0,java.lang.Object,0.00,1,0,2,0,1,1,0,0,44,0
"org.apache.solr.search.ValueSourceParser$ValueSourceParser_12",1,0.00,1.00,3,0.03,494.83,1,0,54,3,4,131.98,0,5,0,1,131.98,0.00,0.00,0.00,0,1.00,1,93.84,0,1,4,java.lang.Object,0.00,2,0,1,0,2,0,0,0,25,0
"org.apache.solr.search.ValueSourceParser$ValueSourceParser_13",1,0.00,2.00,7,0.07,1756.18,1,0,54,5,5,163.77,1,10,0,1,113.77,0.00,0.00,0.00,0,1.00,2,224.22,0,1,5,java.lang.Object,0.00,4,0,2,0,4,0,0,1,50,0
"org.apache.solr.search.ValueSourceParser$ValueSourceParser_14",1,0.00,1.00,6,0.07,1578.53,1,0,54,5,6,116.79,0,8,0,1,116.79,0.00,0.00,0.00,0,1.00,1,212.33,0,1,6,java.lang.Object,0.00,4,0,1,0,4,0,0,0,48,0
"org.apache.solr.search.ValueSourceParser$ValueSourceParser_15",1,0.00,3.00,26,0.36,23083.17,1,0,54,11,7,123.49,2,31,0,1,83.61,0.00,0.00,0.00,0,1.00,3,1068.74,0,1,7,java.lang.Object,0.00,10,0,3,0,10,0,0,2,191,0
"org.apache.solr.search.ValueSourceParser$ValueSourceParser_16",1,0.00,1.00,6,0.07,1772.71,1,0,54,4,4,116.39,0,8,0,1,116.39,0.00,0.00,0.00,0,1.00,1,207.04,0,1,4,java.lang.Object,0.00,3,0,1,0,3,0,0,0,48,0
"org.apache.solr.search.ValueSourceParser$ValueSourceParser_17",1,0.00,1.00,5,0.05,1373.41,1,0,54,3,4,120.22,0,7,0,1,120.22,0.00,0.00,0.00,0,1.00,1,159.27,0,1,4,java.lang.Object,0.00,2,0,1,0,2,0,0,0,39,0
"org.apache.solr.search.ValueSourceParser$ValueSourceParser_18",1,0.00,5.00,18,0.24,7908.39,1,0,54,13,8,93.11,0,22,0,1,93.11,0.00,0.00,0.00,0,1.00,5,734.10,0,1,8,java.lang.Object,0.00,12,0,5,0,12,0,0,0,137,0
"org.apache.solr.search.ValueSourceParser$ValueSourceParser_2",1,0.00,2.00,5,0.05,1604.95,1,0,54,3,4,169.53,1,7,0,1,119.53,0.00,0.00,0.00,0,1.00,2,157.34,0,1,4,java.lang.Object,0.00,2,0,2,0,2,0,0,1,38,0
"org.apache.solr.search.ValueSourceParser$ValueSourceParser_3",1,0.00,1.00,6,0.07,1772.71,1,0,54,4,4,116.39,0,8,0,1,116.39,0.00,0.00,0.00,0,1.00,1,207.04,0,1,4,java.lang.Object,0.00,3,0,1,0,3,0,0,0,48,0
"org.apache.solr.search.ValueSourceParser$ValueSourceParser_39",1,0.00,1.00,4,0.06,1777.83,1,0,54,5,4,122.95,0,6,0,1,122.95,0.00,0.00,0.00,0,1.00,1,189.11,0,1,4,java.lang.Object,0.00,4,0,1,0,4,0,0,0,43,0
"org.apache.solr.search.ValueSourceParser$ValueSourceParser_4",1,0.00,1.00,7,0.08,2442.03,1,0,54,4,4,112.80,0,9,0,1,112.80,0.00,0.00,0.00,0,1.00,1,251.00,0,1,4,java.lang.Object,0.00,3,0,1,0,3,0,0,0,57,0
"org.apache.solr.search.ValueSourceParser$ValueSourceParser_40",1,0.00,1.00,4,0.06,1777.83,1,0,54,5,4,122.95,0,6,0,1,122.95,0.00,0.00,0.00,0,1.00,1,189.11,0,1,4,java.lang.Object,0.00,4,0,1,0,4,0,0,0,43,0
"org.apache.solr.search.ValueSourceParser$ValueSourceParser_41",1,0.00,1.00,5,0.07,1649.58,1,0,54,4,4,119.59,0,7,0,1,119.59,0.00,0.00,0.00,0,1.00,1,202.95,0,1,4,java.lang.Object,0.00,3,0,1,0,3,0,0,0,45,0
"org.apache.solr.search.ValueSourceParser$ValueSourceParser_42",1,0.00,1.00,6,0.08,2138.32,1,0,54,5,4,115.75,0,8,0,1,115.75,0.00,0.00,0.00,0,1.00,1,253.34,0,1,4,java.lang.Object,0.00,4,0,1,0,4,0,0,0,54,0
"org.apache.solr.search.ValueSourceParser$ValueSourceParser_43",1,0.00,1.00,3,0.03,428.99,1,0,54,2,4,132.47,0,5,0,1,132.47,0.00,0.00,0.00,0,1.00,1,91.40,0,1,4,java.lang.Object,0.00,1,0,1,0,1,0,0,0,24,0
"org.apache.solr.search.ValueSourceParser$ValueSourceParser_44",1,0.00,1.00,3,0.03,428.99,1,0,54,2,4,132.47,0,5,0,1,132.47,0.00,0.00,0.00,0,1.00,1,91.40,0,1,4,java.lang.Object,0.00,1,0,1,0,1,0,0,0,24,0
"org.apache.solr.search.ValueSourceParser$ValueSourceParser_5",1,0.00,1.00,6,0.07,1859.08,1,0,54,5,5,116.23,0,8,0,1,116.23,0.00,0.00,0.00,0,1.00,1,223.49,0,1,5,java.lang.Object,0.00,4,0,1,0,4,0,0,0,51,0
"org.apache.solr.search.ValueSourceParser$ValueSourceParser_6",1,0.00,1.00,5,0.05,1373.41,1,0,54,3,4,120.22,0,7,0,1,120.22,0.00,0.00,0.00,0,1.00,1,159.27,0,1,4,java.lang.Object,0.00,2,0,1,0,2,0,0,0,39,0
"org.apache.solr.search.ValueSourceParser$ValueSourceParser_7",1,0.00,2.00,8,0.12,4074.91,1,0,54,5,4,108.72,0,10,0,1,108.72,0.00,0.00,0.00,0,1.00,2,346.58,0,1,4,java.lang.Object,0.00,4,0,2,0,4,0,0,0,73,0
"org.apache.solr.search.ValueSourceParser$ValueSourceParser_8",1,0.00,1.00,4,0.03,568.41,1,0,54,3,4,126.85,0,6,0,1,126.85,0.00,0.00,0.00,0,1.00,1,97.92,0,1,4,java.lang.Object,0.00,2,0,1,0,2,0,0,0,26,0
"org.apache.solr.search.ValueSourceParser$ValueSourceParser_8$SimpleFloatFunction",2,0.00,1.00,5,0.05,582.20,2,0,54,4,0,140.37,0,9,0,1,140.37,0.00,0.00,0.00,0,2.00,1,142.16,0,1,0,java.lang.Object,0.00,2,0,2,0,2,1,0,0,39,0
"org.apache.solr.search.ValueSourceParser$ValueSourceParser_9",1,0.00,1.00,4,0.06,1777.83,1,0,54,5,4,122.95,0,6,0,1,122.95,0.00,0.00,0.00,0,1.00,1,189.11,0,1,4,java.lang.Object,0.00,4,0,1,0,4,0,0,0,43,0
"org.apache.solr.search.WildcardFilter",6,0.40,1.00,20,0.20,4333.67,7,1,9,16,10,130.69,4,29,1,2,130.69,0.00,0.50,0.67,0,0.00,1,585.60,0,3,9,org.apache.lucene.search.Filter,0.00,10,1,6,0,10,3,0,1,148,1
"org.apache.solr.search.WildcardFilter$WildcardGenerator",1,0.00,1.00,3,0.02,148.58,1,0,9,2,0,136.10,0,4,0,1,136.10,0.00,0.00,0.00,0,1.00,1,56.58,0,0,0,java.lang.Object,0.00,1,0,1,0,1,1,0,0,18,0
"org.apache.solr.search.WildcardGenerator",2,1.00,2.00,17,0.17,6011.50,3,1,9,11,10,109.77,0,23,1,1,109.77,0.00,0.00,0.50,0,2.00,3,503.73,0,0,9,java.lang.Object,0.00,9,0,4,0,9,2,1,0,107,1
"org.apache.solr.search.WrappedQuery",12,0.18,1.08,30,0.29,5417.31,13,1,8,21,10,138.85,2,53,4,3,138.85,0.00,0.67,0.83,1,0.00,2,873.87,2,5,6,org.apache.solr.search.ExtendedQueryBase,0.35,9,2,13,0,9,7,0,2,233,1
"org.apache.lucene.analysis.fa.PersianAnalyzer",8,0.50,1.62,31,0.38,8394.72,10,2,18,22,14,81.20,71,48,1,4,129.30,0.00,0.75,0.06,0,22.00,3,1126.25,0,2,13,org.apache.lucene.analysis.StopwordAnalyzerBase,0.00,14,3,13,0,14,6,0,14,258,2
"org.apache.lucene.analysis.fa.PersianAnalyzer$DefaultSetHolder",0,0.00,0.00,6,0.05,853.95,1,1,18,0,1,171.00,2,10,0,1,171.00,0.00,0.00,0.00,0,0.00,0,164.39,0,0,1,java.lang.Object,0.00,0,0,0,0,0,0,0,2,40,2
"org.apache.lucene.analysis.fa.PersianCharFilter",2,0.00,2.50,11,0.13,7537.45,2,0,3,2,4,156.44,4,18,2,4,116.55,0.00,0.75,0.00,0,2.00,4,385.51,1,0,2,org.apache.lucene.analysis.CharFilter,0.36,0,3,5,0,0,2,0,1,84,1
"org.apache.lucene.analysis.fa.PersianNormalizationFilter",2,0.00,1.50,11,0.12,2515.75,4,2,4,7,7,160.31,5,17,3,4,120.42,0.00,0.75,0.50,0,2.00,2,367.15,0,0,4,org.apache.lucene.analysis.TokenFilter,0.29,5,3,3,0,5,2,0,1,85,2
"org.apache.lucene.analysis.fa.PersianNormalizer",1,0.00,7.00,27,0.29,9206.88,10,9,1,1,1,125.24,21,35,1,1,85.94,0.00,0.00,1.00,0,0.00,7,859.17,0,0,0,java.lang.Object,0.00,0,0,7,0,0,1,0,3,176,1
"org.apache.lucene.analysis.fa.TestPersianAnalyzer",8,0.00,1.00,83,1.40,59671.30,8,0,3,10,4,65.64,100,94,0,3,103.20,0.00,0.67,0.00,0,8.00,1,4209.88,3,0,4,org.apache.lucene.analysis.BaseTokenStreamTestCase,0.00,2,2,8,0,2,8,0,69,797,1
"org.apache.lucene.analysis.fa.TestPersianNormalizationFilter",7,0.00,1.00,17,0.15,2015.22,7,0,4,10,2,140.41,4,27,0,3,140.41,0.00,0.67,0.00,1,7.00,1,451.88,1,0,2,org.apache.lucene.analysis.BaseTokenStreamTestCase,0.00,3,2,7,0,3,7,0,1,120,1
"org.apache.solr.common.luke.FieldFlag",4,0.33,1.50,23,0.28,6383.04,6,2,0,7,5,101.74,21,40,5,1,119.61,0.00,0.00,0.25,0,8.00,3,849.76,0,2,0,java.lang.Object,0.00,3,0,6,0,3,2,0,3,175,1
"org.apache.solr.highlight.BreakIteratorBoundaryScanner",5,0.00,3.20,29,0.54,37158.40,5,0,7,15,6,164.18,5,48,0,3,114.18,0.00,0.67,0.00,0,5.00,12,1620.68,0,5,6,org.apache.solr.highlight.SolrBoundaryScanner,0.75,10,2,16,0,10,0,0,5,297,1
"org.apache.solr.highlight.DefaultEncoder",5,0.00,1.00,11,0.09,964.94,5,0,2,6,5,191.77,7,22,0,2,141.77,0.00,0.50,0.00,0,5.00,1,272.12,0,5,5,org.apache.solr.highlight.HighlightingPluginBase,0.57,1,1,5,0,1,0,1,4,76,1
"org.apache.solr.highlight.DefaultSolrHighlighter",23,0.30,3.04,254,4.45,269470.63,26,3,40,112,54,81.98,115,346,3,2,99.86,1.00,0.33,0.04,10,139.00,18,13362.43,1,12,51,org.apache.solr.highlight.SolrHighlighter,0.00,89,1,70,1,89,11,1,40,2330,1
"org.apache.solr.highlight.DefaultSolrHighlighter$Comparator<TextFragment>",1,0.00,1.00,3,0.04,541.40,1,0,40,3,1,131.68,0,4,0,1,131.68,0.00,0.00,0.00,0,1.00,1,113.42,0,0,1,java.lang.Object,0.00,2,0,1,0,2,1,0,0,31,0
"org.apache.solr.highlight.DummyHighlighter",2,0.00,1.00,6,0.08,1642.07,2,0,7,4,7,130.25,1,12,0,2,130.25,0.00,0.50,0.00,0,2.00,1,240.42,0,1,7,org.apache.solr.highlight.SolrHighlighter,0.00,2,1,2,0,2,1,0,1,55,1
"org.apache.solr.highlight.FastVectorHighlighterTest",3,0.00,1.00,38,0.57,16972.12,3,0,5,14,6,151.19,3,51,0,3,101.19,0.00,0.67,0.00,0,1.00,1,1719.44,6,0,6,org.apache.solr.SolrTestCaseJ4,0.00,11,2,3,0,11,3,0,3,320,1
"org.apache.solr.highlight.GapFragmenter",5,0.00,1.20,14,0.14,2611.77,5,0,8,9,12,138.33,3,26,1,2,138.33,0.00,0.50,0.00,0,8.00,2,410.60,0,5,11,org.apache.solr.highlight.HighlightingPluginBase,0.57,4,1,6,0,4,0,1,3,101,1
"org.apache.solr.highlight.HighlighterConfigTest",5,0.00,1.00,22,0.27,5051.11,5,0,3,13,3,174.88,6,31,0,3,124.88,0.00,0.67,0.00,0,8.00,1,803.09,7,2,3,org.apache.solr.util.AbstractSolrTestCase,0.32,8,2,5,0,8,3,0,6,165,1
"org.apache.solr.highlight.HighlighterTest",29,0.89,1.07,344,5.78,164913.49,30,1,14,56,10,152.57,48,638,0,3,102.57,0.00,0.67,0.14,0,0.00,3,17348.30,9,0,10,org.apache.solr.SolrTestCaseJ4,0.04,27,2,31,0,27,29,0,45,3096,1
"org.apache.solr.highlight.HighlightingPluginBase",9,0.44,1.22,22,0.18,3167.53,11,2,5,15,13,139.67,6,32,9,1,139.67,0.00,0.00,0.11,0,23.00,3,535.74,0,7,4,java.lang.Object,0.00,6,0,11,13,6,2,1,3,144,2
"org.apache.solr.highlight.HtmlEncoder",5,0.00,1.00,11,0.07,763.54,5,0,3,6,5,192.57,7,21,0,2,142.57,0.00,0.50,0.00,0,5.00,1,221.97,0,5,5,org.apache.solr.highlight.HighlightingPluginBase,0.57,1,1,5,0,1,0,1,4,66,1
"org.apache.solr.highlight.HtmlFormatter",5,0.00,1.00,13,0.12,2044.81,5,0,4,8,7,189.20,6,27,1,2,139.20,0.00,0.50,0.00,0,8.00,1,374.49,0,5,6,org.apache.solr.highlight.HighlightingPluginBase,0.57,3,1,5,0,3,0,1,4,96,1
"org.apache.solr.highlight.LuceneGapFragmenter",4,0.25,1.25,18,0.18,3868.90,8,4,8,7,9,164.87,10,28,1,2,124.98,0.00,0.50,0.44,0,4.00,2,539.03,0,0,8,org.apache.lucene.search.highlight.SimpleFragmenter,0.20,3,1,5,0,3,4,0,3,125,0
"org.apache.solr.highlight.LuceneRegexFragmenter",7,0.17,2.57,84,1.01,62990.57,24,17,12,21,9,81.52,37,114,1,1,99.39,0.00,0.00,0.20,1,25.00,10,3035.65,0,0,8,java.lang.Object,0.00,14,0,18,0,14,7,1,33,584,0
"org.apache.solr.highlight.OrderedToken",0,0.00,0.00,3,0.01,54.00,2,2,40,0,27,171.00,0,4,1,1,171.00,0.00,0.00,0.00,0,0.00,0,36.00,0,0,26,java.lang.Object,0.00,0,0,0,0,0,0,0,0,12,0
"org.apache.solr.highlight.RegexFragmenter",6,0.10,1.50,29,0.41,12658.98,8,2,12,14,11,142.89,20,45,0,2,122.27,0.00,0.50,0.42,0,6.00,3,1216.44,1,5,11,org.apache.solr.highlight.HighlightingPluginBase,0.53,8,1,9,0,8,1,1,4,247,1
"org.apache.solr.highlight.ScoreOrderFragmentsBuilder",5,0.00,1.00,13,0.15,3068.21,5,0,3,7,6,137.82,3,26,1,3,137.82,0.00,0.67,0.00,0,5.00,1,448.30,1,5,5,org.apache.solr.highlight.SolrFragmentsBuilder,0.60,2,2,5,0,2,0,0,3,109,1
"org.apache.solr.highlight.SimpleBoundaryScanner",5,0.00,1.20,19,0.22,6146.05,5,0,3,10,6,128.83,3,28,1,3,128.83,0.00,0.67,0.00,0,5.00,2,668.55,0,5,5,org.apache.solr.highlight.SolrBoundaryScanner,0.75,5,2,6,0,5,0,0,3,144,1
"org.apache.solr.highlight.SimpleFragListBuilder",5,0.00,1.00,12,0.09,1032.91,5,0,2,6,6,191.54,6,23,1,2,141.54,0.00,0.50,0.00,0,8.00,1,276.36,0,5,5,org.apache.solr.highlight.HighlightingPluginBase,0.57,1,1,5,0,1,0,1,6,77,1
"org.apache.solr.highlight.SimpleFragmentsBuilder",5,0.00,1.00,13,0.15,3068.21,5,0,3,7,5,137.82,3,26,0,3,137.82,0.00,0.67,0.00,0,5.00,1,448.30,1,5,5,org.apache.solr.highlight.SolrFragmentsBuilder,0.60,2,2,5,0,2,0,0,3,109,1
"org.apache.solr.highlight.SingleFragListBuilder",5,0.00,1.00,12,0.09,1032.91,5,0,2,6,5,191.54,6,23,0,2,141.54,0.00,0.50,0.00,0,8.00,1,276.36,0,5,5,org.apache.solr.highlight.HighlightingPluginBase,0.57,1,1,5,0,1,0,1,6,77,1
"org.apache.solr.highlight.SolrBoundaryScanner",2,0.00,1.00,6,0.06,841.62,2,0,4,3,10,132.54,0,9,5,2,132.54,2.00,0.25,0.00,1,2.00,1,179.03,0,2,5,org.apache.solr.highlight.HighlightingPluginBase,0.00,1,1,2,2,1,0,2,0,47,2
"org.apache.solr.highlight.SolrEncoder",2,0.00,1.00,3,0.02,111.57,2,0,5,2,9,125.02,12,4,4,3,157.25,0.00,0.67,0.00,0,2.00,1,67.83,0,1,5,,0.00,0,2,2,0,0,1,0,2,23,1
"org.apache.solr.highlight.SolrFormatter",2,0.00,1.00,3,0.02,111.57,2,0,5,2,9,125.02,12,4,4,3,157.25,0.00,0.67,0.00,0,2.00,1,67.83,0,1,5,,0.00,0,2,2,0,0,1,0,2,23,1
"org.apache.solr.highlight.SolrFragListBuilder",2,0.00,1.00,3,0.02,98.26,2,0,5,2,10,139.81,11,4,5,3,157.68,0.00,0.67,0.00,0,2.00,1,58.95,0,1,5,,0.00,0,2,2,0,0,1,0,2,21,1
"org.apache.solr.highlight.SolrFragmenter",2,0.00,1.00,3,0.02,111.57,2,0,5,2,10,125.02,12,4,5,3,157.25,0.00,0.67,0.00,0,2.00,1,67.83,0,1,5,,0.00,0,2,2,0,0,1,0,2,23,1
"org.apache.solr.highlight.SolrFragmentsBuilder",6,0.40,1.50,28,0.41,12623.46,8,2,7,14,13,172.28,6,39,5,2,122.28,2.00,0.25,0.17,2,18.00,3,1235.68,0,5,8,org.apache.solr.highlight.HighlightingPluginBase,0.00,8,1,9,2,8,1,2,1,266,2
"org.apache.solr.highlight.SolrHighlighter",5,7.00,2.40,36,0.68,30749.19,12,7,16,23,22,67.15,35,54,10,1,109.44,0.00,0.00,0.00,1,5.00,8,2046.13,0,2,14,java.lang.Object,0.00,18,0,12,3,18,3,0,13,396,2
"org.apache.solr.highlight.TermOffsetsTokenStream",2,0.57,1.00,17,0.12,1629.29,9,7,40,4,28,114.39,0,20,2,1,114.39,0.00,0.00,0.43,0,0.00,1,373.96,0,1,26,java.lang.Object,0.00,2,0,2,0,2,1,0,0,89,0
"org.apache.solr.highlight.TermOffsetsTokenStream$MultiValuedStream",2,0.00,3.50,22,0.25,13732.59,4,2,40,6,2,101.65,0,32,0,3,101.65,0.00,0.67,0.50,0,0.00,6,736.62,0,0,2,org.apache.lucene.analysis.TokenStream,0.30,4,2,7,0,4,2,0,0,150,1
"org.apache.solr.highlight.TokenOrderingFilter",2,0.25,3.50,27,0.34,14724.18,6,4,40,14,28,138.59,5,36,1,4,98.71,0.00,0.75,0.38,0,2.00,6,1013.98,0,0,27,org.apache.lucene.analysis.TokenFilter,0.29,12,3,7,0,12,2,0,5,197,1
"org.apache.lucene.search.payloads.AveragePayloadFunction",5,0.00,2.00,21,0.28,7688.97,5,0,1,10,7,123.52,22,35,5,2,123.29,0.00,0.50,0.00,0,5.00,4,829.05,0,1,2,org.apache.lucene.search.payloads.PayloadFunction,0.40,5,1,10,0,5,4,0,2,189,1
"org.apache.lucene.search.payloads.MaxPayloadFunction",5,0.00,2.20,24,0.29,7912.90,5,0,1,11,5,123.40,22,39,3,2,123.17,0.00,0.50,0.00,0,5.00,4,872.56,0,1,2,org.apache.lucene.search.payloads.PayloadFunction,0.40,6,1,11,0,6,4,0,2,197,1
"org.apache.lucene.search.payloads.MinPayloadFunction",5,0.00,2.20,24,0.29,7912.90,5,0,1,11,4,123.40,20,39,2,2,123.17,0.00,0.50,0.00,0,5.00,4,872.56,0,1,2,org.apache.lucene.search.payloads.PayloadFunction,0.40,6,1,11,0,6,4,0,2,197,1
"org.apache.lucene.search.payloads.PayloadFunction",5,0.00,1.00,10,0.12,1499.57,5,0,2,8,8,108.04,31,14,7,1,140.27,0.00,0.00,0.00,0,5.00,1,356.47,0,1,1,java.lang.Object,0.00,3,0,5,3,3,4,1,3,95,2
"org.apache.lucene.search.payloads.PayloadHelper",2,0.43,1.50,30,0.52,18626.24,9,7,19,18,15,53.49,14,33,2,1,95.78,0.00,0.00,0.36,0,0.00,2,1566.96,0,1,13,java.lang.Object,0.00,16,0,3,0,16,1,0,4,285,1
"org.apache.lucene.search.payloads.PayloadHelper$PayloadAnalyzer",1,0.00,1.00,5,0.05,938.88,1,0,19,3,1,121.52,0,8,0,2,121.52,0.00,0.50,0.00,0,1.00,1,155.59,0,1,1,org.apache.lucene.index.Analyzer,0.00,2,1,1,0,2,0,0,0,39,2
"org.apache.lucene.search.payloads.PayloadHelper$PayloadFilter",3,0.17,2.33,23,0.23,5744.56,6,3,19,7,2,113.44,0,33,0,2,113.44,0.00,0.50,0.44,0,1.00,5,703.55,1,0,2,org.apache.lucene.index.TokenFilter,0.00,4,1,7,0,4,3,0,0,153,2
"org.apache.lucene.search.payloads.PayloadNearQuery",7,0.08,3.00,58,0.75,31015.19,9,2,17,28,17,148.23,15,80,2,4,108.34,0.00,0.75,0.43,0,8.00,10,2236.58,3,3,15,org.apache.lucene.search.spans.SpanNearQuery,0.22,21,3,21,0,21,4,0,2,469,1
"org.apache.lucene.search.payloads.PayloadNearQuery$PayloadNearSpanScorer",6,0.25,2.17,53,0.75,34853.35,10,4,17,22,7,147.38,14,70,0,4,107.49,0.00,0.75,0.46,2,0.00,6,2252.68,2,1,7,org.apache.lucene.search.spans.SpanScorer,0.44,16,3,13,0,16,5,0,5,455,1
"org.apache.lucene.search.payloads.PayloadNearQuery$PayloadNearSpanWeight",2,0.00,1.00,5,0.08,1191.27,2,0,17,6,4,137.92,0,12,0,3,137.92,0.00,0.67,0.00,0,2.00,1,236.46,0,1,4,org.apache.lucene.search.spans.SpanWeight,0.00,4,2,2,0,4,1,0,0,57,1
"org.apache.lucene.search.payloads.PayloadSpanUtil",4,1.00,6.75,99,1.50,180362.34,5,1,20,31,17,82.66,19,106,2,1,82.43,0.00,0.00,0.25,2,6.00,21,4506.71,0,1,15,java.lang.Object,0.00,27,0,27,0,27,3,0,3,724,1
"org.apache.lucene.search.payloads.PayloadTermQuery",3,2.00,1.00,12,0.10,1313.27,5,2,14,4,18,127.98,12,17,5,4,127.74,0.00,0.75,0.00,0,3.00,1,311.96,0,1,13,org.apache.lucene.search.spans.SpanTermQuery,0.00,1,3,3,0,1,2,0,1,81,1
"org.apache.lucene.search.payloads.PayloadTermQuery$PayloadTermWeight",5,0.00,3.00,28,0.40,14107.62,5,0,14,11,6,117.50,1,49,0,3,117.50,0.00,0.67,0.00,0,5.00,8,1190.51,3,2,6,org.apache.lucene.search.spans.SpanWeight,0.00,6,2,15,0,6,3,0,1,259,1
"org.apache.lucene.search.payloads.PayloadTermQuery$PayloadTermWeight$PayloadTermSpanScorer",7,0.08,1.86,52,0.68,27093.63,11,4,14,27,7,111.32,30,73,0,4,111.08,0.00,0.75,0.32,2,17.00,3,2053.04,3,1,7,org.apache.lucene.search.spans.SpanScorer,0.43,20,3,13,0,20,6,0,12,412,1
"org.apache.lucene.search.payloads.TestPayloadExplanations",6,1.00,1.67,36,0.46,11059.55,7,1,6,14,11,166.14,7,49,0,3,116.14,0.00,0.67,0.00,1,14.00,2,1370.23,2,1,11,org.apache.lucene.search.TestExplanations,0.10,8,2,10,0,8,5,0,5,297,1
"org.apache.lucene.search.payloads.TestPayloadExplanations$PayloadBoostSimilarity",1,0.00,1.00,3,0.07,1565.57,1,0,6,3,1,128.04,0,6,0,2,128.04,0.00,0.50,0.00,0,1.00,1,207.14,0,0,1,org.apache.lucene.index.DefaultSimilarity,0.00,2,1,1,0,2,1,0,0,46,2
"org.apache.lucene.search.payloads.TestPayloadNearQuery",12,0.03,1.75,176,2.61,107339.46,18,6,31,44,29,136.89,29,174,0,2,97.00,0.00,0.50,0.19,1,0.00,4,7837.41,0,3,29,org.apache.lucene.util.LuceneTestCase,0.00,32,1,21,0,32,9,0,23,1416,1
"org.apache.lucene.search.payloads.TestPayloadNearQuery$BoostingSimilarity",7,0.00,1.00,15,0.16,2104.74,7,0,31,9,1,140.26,5,23,0,2,140.26,0.00,0.50,0.00,0,7.00,1,480.10,0,1,1,org.apache.lucene.index.DefaultSimilarity,0.00,2,1,7,0,2,6,0,5,125,1
"org.apache.lucene.search.payloads.TestPayloadNearQuery$BoostingSimilarity$IDFExplanation",2,0.00,1.00,5,0.03,286.06,2,0,31,2,0,142.80,0,9,0,1,142.80,0.00,0.00,0.00,0,2.00,1,81.08,0,1,0,java.lang.Object,0.00,0,0,2,0,0,1,0,0,26,0
"org.apache.lucene.search.payloads.TestPayloadNearQuery$PayloadAnalyzer",1,0.00,1.00,5,0.05,938.88,1,0,31,3,3,121.52,0,8,0,2,121.52,0.00,0.50,0.00,0,1.00,1,155.59,0,1,3,org.apache.lucene.analysis.Analyzer,0.00,2,1,1,0,2,0,0,0,39,2
"org.apache.lucene.search.payloads.TestPayloadNearQuery$PayloadFilter",3,0.00,1.67,21,0.20,4812.06,6,3,31,6,4,114.12,0,29,0,4,114.12,0.00,0.75,0.33,0,1.00,3,593.80,1,0,4,org.apache.lucene.analysis.TokenFilter,0.53,3,3,5,0,3,3,0,0,133,2
"org.apache.lucene.search.payloads.TestPayloadTermQuery",8,0.10,2.00,133,2.36,119847.11,15,7,28,47,29,113.66,30,151,0,2,93.04,0.00,0.50,0.23,0,0.00,4,7071.04,2,0,29,org.apache.lucene.util.LuceneTestCase,0.00,39,1,16,0,39,8,0,23,1226,1
"org.apache.lucene.search.payloads.TestPayloadTermQuery$BoostingSimilarity",7,0.00,1.14,15,0.16,2290.54,7,0,28,8,1,139.94,5,30,0,2,139.94,0.00,0.50,0.00,0,7.00,2,485.64,0,0,1,org.apache.lucene.index.DefaultSimilarity,0.00,1,1,8,0,1,7,0,5,127,1
"org.apache.lucene.search.payloads.TestPayloadTermQuery$FullSimilarity",1,0.00,1.00,3,0.03,358.76,1,0,28,1,0,183.08,1,5,0,2,133.08,0.00,0.50,0.00,0,1.00,1,101.35,0,0,0,org.apache.lucene.index.DefaultSimilarity,0.00,0,1,1,0,0,1,0,1,27,1
"org.apache.lucene.search.payloads.TestPayloadTermQuery$PayloadAnalyzer",1,0.00,1.00,5,0.05,920.77,1,0,28,3,3,121.58,0,8,0,2,121.58,0.00,0.50,0.00,0,1.00,1,151.44,0,1,3,org.apache.lucene.analysis.Analyzer,0.00,2,1,1,0,2,0,0,0,38,1
"org.apache.lucene.search.payloads.TestPayloadTermQuery$PayloadFilter",3,0.17,2.33,25,0.25,6715.20,6,3,28,7,4,110.74,0,35,0,4,110.74,0.00,0.75,0.44,0,1.00,5,740.06,1,0,4,org.apache.lucene.analysis.TokenFilter,0.53,4,3,7,0,4,3,0,0,159,1
"org.apache.solr.uima.processor.ae.AEProvider",1,0.00,1.00,2,0.01,51.30,1,0,2,1,2,128.43,5,3,2,1,146.30,0.00,0.00,0.00,0,1.00,1,27.65,0,1,0,,0.00,0,0,1,0,0,0,0,1,11,1
"org.apache.solr.uima.processor.ae.AEProviderFactory",3,0.25,1.67,13,0.16,4917.03,5,2,2,11,4,163.00,6,20,2,1,123.11,0.00,0.00,0.33,0,5.00,2,490.05,0,1,2,java.lang.Object,0.00,8,0,5,0,8,2,0,2,111,1
"org.apache.solr.uima.processor.ae.OverridingParamsAEProvider",3,0.25,4.67,41,0.76,34967.24,7,4,9,32,2,97.31,13,63,1,1,97.07,0.00,0.00,0.42,1,1.00,7,2283.86,0,2,1,java.lang.Object,0.00,29,0,14,0,29,1,1,7,414,1
"org.apache.solr.util.plugin.AbstractPluginLoader",8,0.00,3.12,77,1.28,94360.91,12,4,10,22,7,54.60,82,112,3,1,103.08,0.00,0.00,0.25,3,16.00,12,3837.39,0,1,4,java.lang.Object,0.00,14,0,25,2,14,7,0,15,665,2
"org.apache.solr.util.plugin.AbstractPluginLoader$PluginInitInfo",1,2.00,1.00,6,0.04,417.53,3,2,10,1,0,121.34,0,10,0,1,121.34,0.00,0.00,0.00,0,1.00,1,112.24,0,0,0,java.lang.Object,0.00,0,0,1,0,0,1,0,0,33,1
"org.apache.solr.util.plugin.MapInitializedPlugin",1,0.00,1.00,2,0.01,91.08,1,0,1,1,0,112.12,6,3,0,1,144.34,0.00,0.00,0.00,0,1.00,1,41.70,0,0,0,,0.00,0,0,1,0,0,1,0,1,15,1
"org.apache.solr.util.plugin.MapPluginLoader",3,0.50,1.33,12,0.16,3231.29,4,1,3,7,2,174.60,5,21,0,2,124.60,0.00,0.50,0.67,0,1.00,2,486.73,0,0,2,org.apache.solr.util.plugin.AbstractPluginLoader,0.00,4,1,4,0,4,3,0,1,113,1
"org.apache.solr.util.plugin.NamedListInitializedPlugin",1,0.00,1.00,2,0.01,30.51,1,0,1,1,7,115.86,6,3,6,1,148.08,0.00,0.00,0.00,0,1.00,1,25.51,0,0,1,,0.00,0,0,1,0,0,1,0,1,11,1
"org.apache.solr.util.plugin.NamedListPluginLoader",3,0.50,1.33,11,0.14,2483.99,4,1,3,6,2,180.16,4,20,0,2,130.16,0.00,0.50,0.67,0,1.00,2,406.22,0,0,2,org.apache.solr.util.plugin.AbstractPluginLoader,0.00,3,1,4,0,3,3,0,1,99,1
"org.apache.solr.util.plugin.PluginInfoInitialized",1,0.00,1.00,2,0.01,41.48,1,0,1,1,4,114.81,6,3,3,1,147.03,0.00,0.00,0.00,0,1.00,1,27.65,0,0,1,,0.00,0,0,1,0,0,1,0,1,11,1
"org.apache.solr.util.plugin.ResourceLoaderAware",1,0.00,1.00,2,0.01,30.51,1,0,1,1,22,168.70,3,4,21,1,148.08,0.00,0.00,0.00,0,1.00,1,25.51,0,0,1,,0.00,0,0,1,0,0,1,0,1,11,1
"org.apache.solr.util.plugin.SolrCoreAware",1,0.00,1.00,2,0.01,30.51,1,0,1,1,10,168.70,3,4,9,1,148.08,0.00,0.00,0.00,0,1.00,1,25.51,0,0,1,,0.00,0,0,1,0,0,1,0,1,11,1
"org.apache.lucene.analysis.query.QueryAutoStopWordAnalyzer",15,0.05,2.47,124,1.81,84404.07,19,4,12,47,9,63.44,167,184,1,2,107.57,0.00,0.50,0.20,1,55.00,6,5418.34,2,4,8,org.apache.lucene.analysis.Analyzer,0.00,32,1,37,0,32,11,0,23,1056,2
"org.apache.lucene.analysis.query.QueryAutoStopWordAnalyzer$SavedStreams",0,0.00,0.00,3,0.01,97.50,2,2,12,0,1,171.00,5,4,0,1,171.00,0.00,0.00,0.00,0,0.00,0,39.00,0,0,1,java.lang.Object,0.00,0,0,0,0,0,0,0,2,13,1
"org.apache.lucene.analysis.query.QueryAutoStopWordAnalyzerTest",11,0.27,1.09,85,1.25,31459.01,17,6,21,35,17,112.24,6,99,0,3,112.24,0.00,0.67,0.41,1,0.00,2,3753.23,3,0,17,org.apache.lucene.analysis.BaseTokenStreamTestCase,0.00,24,2,12,0,24,11,0,3,737,1
"org.apache.lucene.analysis.query.QueryAutoStopWordAnalyzerTest$NonreusableAnalyzer",1,0.00,2.00,4,0.08,2035.68,2,1,21,2,3,122.33,0,10,0,2,122.33,0.00,0.50,1.00,0,0.00,2,239.92,0,1,3,org.apache.lucene.analysis.Analyzer,0.00,1,1,2,0,1,0,0,0,54,1
"org.apache.lucene.analysis.util.CharArrayIterator",17,0.05,1.47,73,0.52,10060.58,23,6,3,20,3,176.62,23,101,3,1,126.62,0.00,0.00,0.22,1,96.00,2,1554.39,1,3,0,java.lang.Object,0.00,3,0,25,0,3,14,1,6,389,2
"org.apache.lucene.analysis.util.CharArrayIterator$CharArrayIterator",1,0.00,2.00,3,0.03,916.28,1,0,3,1,0,150.33,3,5,0,1,129.72,0.00,0.00,0.00,0,1.00,2,103.91,0,0,0,java.lang.Object,0.00,0,0,2,0,0,1,0,3,27,0
"org.apache.lucene.analysis.util.CharArrayIterator$CharArrayIterator_0",1,0.00,1.00,3,0.02,238.72,1,0,3,1,0,184.48,1,5,0,1,134.48,0.00,0.00,0.00,0,1.00,1,51.19,0,0,0,java.lang.Object,0.00,0,0,1,0,0,1,0,1,17,0
"org.apache.lucene.analysis.util.CharArrayIterator$CharArrayIterator_1",1,0.00,2.00,3,0.03,916.28,1,0,3,1,0,169.60,2,5,0,1,129.72,0.00,0.00,0.00,0,1.00,2,103.91,0,0,0,java.lang.Object,0.00,0,0,2,0,0,1,0,2,27,0
"org.apache.lucene.analysis.util.CharArrayIterator$CharArrayIterator_2",1,0.00,1.00,3,0.02,238.72,1,0,3,1,0,184.48,1,5,0,1,134.48,0.00,0.00,0.00,0,1.00,1,51.19,0,0,0,java.lang.Object,0.00,0,0,1,0,0,1,0,1,17,0
"org.apache.lucene.analysis.util.OpenStringBuilder",30,0.16,1.10,80,0.69,10625.27,32,2,0,38,2,139.67,20,96,2,1,139.67,0.00,0.00,0.35,6,106.00,2,2064.05,0,2,0,java.lang.Object,0.00,8,0,33,1,8,28,2,3,541,1
"org.apache.lucene.analysis.util.StemmerUtil",5,0.00,3.20,26,0.44,20467.53,5,0,0,8,2,72.09,59,39,2,1,116.21,0.00,0.00,0.00,0,5.00,4,1307.85,0,0,0,java.lang.Object,0.00,3,0,16,0,3,5,0,8,274,1
"org.apache.lucene.analysis.util.TestCharArrayIterator",6,0.00,1.67,75,1.06,76162.98,6,0,6,28,3,56.02,42,79,0,2,98.31,0.00,0.50,0.00,2,6.00,2,3183.45,0,0,3,org.apache.lucene.util.LuceneTestCase,0.00,22,1,10,0,22,6,0,18,596,1
"org.apache.lucene.analysis.eu.BasqueAnalyzer",5,0.50,1.80,21,0.29,7141.30,7,2,16,16,13,75.46,42,31,1,4,123.56,0.00,0.75,0.10,0,8.00,3,866.52,0,1,12,org.apache.lucene.analysis.StopwordAnalyzerBase,0.00,11,3,9,0,11,4,0,8,192,2
"org.apache.lucene.analysis.eu.BasqueAnalyzer$DefaultSetHolder",0,0.00,0.00,6,0.05,853.95,1,1,16,0,1,171.00,2,11,0,1,171.00,0.00,0.00,0.00,0,0.00,0,164.39,0,0,1,java.lang.Object,0.00,0,0,0,0,0,0,0,2,40,2
"org.apache.lucene.analysis.eu.TestBasqueAnalyzer",4,0.00,1.00,15,0.16,2547.55,4,0,4,7,4,181.12,7,21,0,3,131.12,0.00,0.67,0.00,0,4.00,1,479.07,3,0,4,org.apache.lucene.analysis.BaseTokenStreamTestCase,0.00,3,2,4,0,3,4,0,6,114,1
"org.apache.solr.response.BaseResponseWriter",3,0.25,7.67,88,1.43,103266.72,5,2,20,56,17,60.11,43,103,2,1,80.25,0.00,0.00,0.33,1,5.00,13,4292.73,0,1,15,java.lang.Object,0.00,53,0,23,2,53,2,0,8,689,2
"org.apache.solr.response.BaseResponseWriter$DocListInfo",1,3.00,1.00,10,0.08,1398.34,5,4,20,1,0,108.93,0,12,0,1,108.93,0.00,0.00,0.25,0,0.00,1,250.04,0,0,0,java.lang.Object,0.00,0,0,1,0,0,1,0,0,64,2
"org.apache.solr.response.BaseResponseWriter$IdxInfo",1,3.00,3.00,13,0.16,6061.19,5,4,20,3,2,149.41,1,19,0,1,99.41,0.00,0.00,0.25,0,0.00,3,494.74,0,0,2,java.lang.Object,0.00,2,0,3,0,2,1,0,1,105,2
"org.apache.solr.response.BaseResponseWriter$SingleResponseWriter",9,0.00,1.00,11,0.09,642.92,9,0,20,9,2,108.30,79,11,0,1,156.40,0.00,0.00,0.00,0,9.00,1,284.93,0,0,2,java.lang.Object,0.00,0,0,9,0,0,9,0,9,89,3
"org.apache.solr.response.BinaryQueryResponseWriter",1,0.00,1.00,2,0.02,127.23,1,0,3,1,10,94.72,10,3,8,2,143.20,0.00,0.50,0.00,0,1.00,1,63.62,0,0,2,,0.00,0,1,1,0,0,1,0,2,19,1
"org.apache.solr.response.BinaryResponseWriter",5,2.00,1.40,48,0.73,18912.38,7,2,15,21,38,147.04,14,59,2,1,107.15,0.00,0.00,0.00,0,5.00,2,2181.11,0,2,36,java.lang.Object,0.00,16,0,7,0,16,3,1,4,440,1
"org.apache.solr.response.BinaryResponseWriter$Resolver",4,0.39,5.50,77,1.08,49819.75,10,6,15,36,10,130.54,8,93,0,1,90.66,0.00,0.00,0.46,2,0.00,9,3235.05,0,2,10,java.lang.Object,0.00,32,0,22,0,32,2,1,8,580,2
"org.apache.solr.response.CSVResponseWriter",3,0.00,1.00,9,0.08,1391.15,3,0,22,6,20,182.21,4,15,1,1,132.21,0.00,0.00,0.00,0,4.00,1,245.55,0,1,19,java.lang.Object,0.00,3,0,3,0,3,2,1,2,62,1
"org.apache.solr.response.CSVWriter",22,0.03,3.68,254,4.56,430851.59,47,25,22,93,19,148.06,23,328,1,2,98.06,0.00,0.50,0.07,7,0.00,39,13685.01,2,0,18,org.apache.solr.response.TextResponseWriter,0.03,71,1,81,0,71,22,0,23,2204,0
"org.apache.solr.response.CSVWriter$CSVField",0,0.00,0.00,6,0.05,785.16,5,5,22,1,2,171.00,3,7,0,1,171.00,0.00,0.00,0.00,0,0.00,0,162.85,0,0,2,java.lang.Object,0.00,1,0,0,0,1,0,0,3,36,1
"org.apache.solr.response.CSVWriter$CSVSharedBufPrinter",2,0.00,1.00,7,0.05,531.50,2,0,22,2,0,134.11,1,10,0,2,134.11,0.00,0.50,0.00,0,0.00,1,146.86,0,0,0,org.apache.solr.internal.csv.CSVPrinter,0.00,0,1,2,0,0,2,0,1,41,0
"org.apache.solr.response.CSVWriter$OpenCharArrayWriter",1,0.00,1.00,3,0.01,116.61,1,0,22,1,0,136.93,0,3,0,2,136.93,0.00,0.50,0.00,0,1.00,1,44.04,0,0,0,java.io.CharArrayWriter,0.00,0,1,1,0,0,1,0,0,15,1
"org.apache.solr.response.CSVWriter$ResettableFastWriter",5,0.17,1.20,22,0.15,2374.10,8,3,22,9,1,127.42,0,25,0,3,127.42,0.00,0.67,0.47,0,0.00,2,446.17,1,0,1,org.apache.solr.common.util.FastWriter,0.00,4,2,6,0,4,5,0,0,114,1
"org.apache.solr.response.GenericBinaryResponseWriter",3,0.00,1.00,6,0.08,922.70,3,0,7,4,6,120.04,44,13,0,2,140.18,0.00,0.50,0.00,1,3.00,1,252.96,1,1,6,org.apache.solr.response.BaseResponseWriter,0.00,1,1,3,0,1,2,1,5,65,2
"org.apache.solr.response.GenericTextResponseWriter",2,0.00,1.00,4,0.06,645.40,2,0,6,2,6,179.31,42,10,0,2,140.01,0.00,0.50,0.00,1,2.00,1,173.74,1,1,6,org.apache.solr.response.BaseResponseWriter,0.00,0,1,2,0,0,1,1,4,46,2
"org.apache.solr.response.JSONResponseWriter",3,0.50,1.33,14,0.14,2487.35,5,2,17,7,19,175.49,3,21,2,1,125.49,0.00,0.00,0.17,0,4.00,2,411.64,0,1,17,java.lang.Object,0.00,4,0,4,0,4,2,1,1,99,1
"org.apache.solr.response.JSONWriter",34,0.06,3.26,448,5.15,267519.15,45,11,17,87,20,138.38,71,527,4,2,98.50,3.00,0.20,0.03,22,266.00,13,15439.33,4,0,16,org.apache.solr.response.TextResponseWriter,0.00,53,1,111,3,53,34,0,56,2779,0
"org.apache.solr.response.JSONWriter$MultiValueField",1,2.00,1.00,7,0.07,1209.86,3,2,17,3,2,115.20,0,9,0,1,115.20,0.00,0.00,0.00,0,1.00,1,206.14,0,0,2,java.lang.Object,0.00,2,0,1,0,2,1,0,0,51,2
"org.apache.solr.response.JSONWriter$NaNFloatWriter",5,0.00,2.20,21,0.25,5797.95,5,0,17,12,3,124.23,0,31,0,3,124.23,0.00,0.67,0.00,4,7.00,4,748.07,0,2,3,org.apache.solr.response.JSONWriter,0.00,7,2,11,0,7,3,0,0,168,1
"org.apache.solr.response.PHPResponseWriter",3,1.00,1.00,10,0.09,1523.24,4,1,4,6,5,131.90,1,16,0,1,131.90,0.00,0.00,0.00,0,4.00,1,276.65,0,1,5,java.lang.Object,0.00,3,0,3,0,3,2,1,1,69,1
"org.apache.solr.response.PHPSerializedResponseWriter",3,1.00,1.00,10,0.09,1523.24,4,1,15,6,17,181.90,4,16,2,1,131.90,0.00,0.00,0.00,0,4.00,1,276.65,0,1,15,java.lang.Object,0.00,3,0,3,0,3,2,1,1,69,1
"org.apache.solr.response.PHPSerializedWriter",25,1.00,2.44,194,2.81,171622.50,26,1,15,78,15,109.06,17,257,1,3,109.06,0.00,0.67,0.04,15,195.00,10,8441.09,3,0,14,org.apache.solr.response.JSONWriter,0.22,53,2,61,0,53,25,0,17,1550,0
"org.apache.solr.response.PHPWriter",9,0.00,1.33,37,0.40,14774.77,9,0,4,11,5,123.16,0,55,1,3,123.16,0.00,0.67,0.00,1,0.00,4,1189.42,1,0,4,org.apache.solr.response.JSONWriter,0.15,2,2,12,0,2,9,0,0,267,0
"org.apache.solr.response.PageTool",7,0.27,1.57,34,0.38,12708.04,12,5,4,16,5,122.77,6,48,1,1,122.77,0.00,0.00,0.43,0,0.00,5,1149.24,0,1,4,java.lang.Object,0.00,9,0,11,0,9,6,0,2,238,1
"org.apache.solr.response.PythonResponseWriter",3,1.00,1.00,10,0.09,1523.24,4,1,4,6,6,131.90,1,16,1,1,131.90,0.00,0.00,0.00,0,4.00,1,276.65,0,1,5,java.lang.Object,0.00,3,0,3,0,3,2,1,1,69,1
"org.apache.solr.response.PythonWriter",7,0.00,2.29,46,0.52,32430.17,7,0,4,14,4,95.04,37,55,1,2,112.92,0.00,0.50,0.00,1,7.00,9,1571.88,0,2,3,org.apache.solr.response.NaNFloatWriter,0.00,7,1,16,0,7,5,0,6,306,0
"org.apache.solr.response.QueryResponseWriter",3,3.00,1.00,7,0.07,681.82,6,3,5,3,29,130.86,47,8,25,2,141.21,0.00,0.50,0.00,0,3.00,1,216.29,0,1,4,,0.00,0,1,3,0,0,2,0,4,59,1
"org.apache.solr.response.RawResponseWriter",5,0.00,2.00,35,0.46,13332.00,7,2,8,19,8,94.47,26,56,2,1,112.34,0.00,0.00,0.50,1,4.00,3,1377.00,0,2,6,java.lang.Object,0.00,14,0,10,0,14,3,1,6,283,1
"org.apache.solr.response.RubyResponseWriter",3,1.00,1.00,10,0.09,1523.24,4,1,4,6,6,131.90,1,16,1,1,131.90,0.00,0.00,0.00,0,4.00,1,276.65,0,1,5,java.lang.Object,0.00,3,0,3,0,3,2,1,1,69,1
"org.apache.solr.response.RubyWriter",6,0.00,1.50,27,0.27,8675.30,6,0,4,8,4,173.56,6,35,1,2,123.56,0.00,0.50,0.00,1,6.00,4,805.98,0,2,3,org.apache.solr.response.NaNFloatWriter,0.00,2,1,9,0,2,4,0,6,181,0
"org.apache.solr.response.SolrParamResourceLoader",5,0.75,1.80,20,0.29,7147.32,6,1,11,17,3,123.56,4,34,1,2,123.56,0.00,0.50,0.40,0,7.00,3,875.26,0,1,2,org.apache.velocity.runtime.resource.loader.ResourceLoader,0.00,12,1,9,0,12,4,0,4,187,1
"org.apache.solr.response.SolrQueryResponse",16,0.06,1.12,43,0.32,4626.03,22,6,3,20,135,98.07,120,60,133,1,140.36,0.00,0.00,0.11,1,134.00,2,953.65,0,5,2,java.lang.Object,0.00,4,0,18,0,4,11,0,24,256,1
"org.apache.solr.response.SolrVelocityResourceLoader",5,1.00,1.00,12,0.10,1109.88,6,1,6,6,2,141.29,1,22,1,2,141.29,0.00,0.50,0.20,0,8.00,1,289.34,0,1,1,org.apache.velocity.runtime.resource.loader.ResourceLoader,0.00,1,1,5,0,1,4,0,1,81,1
"org.apache.solr.response.TestCSVResponseWriter",4,0.00,1.25,76,1.72,120089.64,4,0,9,25,9,70.12,21,99,0,3,87.99,0.00,0.67,0.00,2,6.00,2,5151.28,5,1,9,org.apache.solr.SolrTestCaseJ4,0.00,21,2,5,0,21,3,0,19,764,1
"org.apache.solr.response.TestPHPSerializedResponseWriter",3,0.00,1.00,40,0.55,15510.26,3,0,14,18,8,120.82,10,49,0,3,100.20,0.00,0.67,0.00,0,3.00,1,1640.39,1,0,8,org.apache.solr.SolrTestCaseJ4,0.00,15,2,3,0,15,3,0,7,295,1
"org.apache.solr.response.TextResponseWriter",37,0.10,1.57,114,1.56,44482.47,44,7,15,60,39,178.84,43,128,29,1,128.84,0.00,0.00,0.04,18,308.00,18,4681.03,0,1,11,java.lang.Object,0.00,23,0,58,5,23,36,0,36,1011,2
"org.apache.solr.response.VelocityResponseWriter",6,0.00,3.17,88,1.43,78009.38,6,0,12,48,11,95.82,25,117,1,1,95.59,0.00,0.00,0.00,3,6.00,6,4304.04,0,4,10,java.lang.Object,0.00,42,0,19,0,42,2,1,25,736,1
"org.apache.solr.response.XMLResponseWriter",3,0.00,1.00,6,0.05,495.79,3,0,4,4,6,192.30,4,10,1,1,142.30,0.00,0.00,0.00,0,4.00,1,164.02,0,1,5,java.lang.Object,0.00,1,0,3,0,1,2,1,2,46,1
"org.apache.solr.response.XMLWriter",43,0.00,2.84,382,5.22,262903.34,61,18,19,114,48,147.14,122,465,34,1,107.26,0.00,0.00,0.05,22,567.00,18,15655.36,0,0,17,java.lang.Object,0.00,71,0,122,0,71,43,0,86,2855,2
"org.apache.solr.response.XMLWriter$Comparator",1,0.00,1.00,6,0.06,1208.77,1,0,19,3,1,157.59,2,6,0,1,117.70,0.00,0.00,0.00,0,1.00,1,178.97,0,0,1,java.lang.Object,0.00,2,0,1,0,2,1,0,2,45,0
"org.apache.solr.response.XMLWriter$DocumentListInfo",5,0.00,1.00,6,0.03,180.13,5,0,19,5,0,158.74,0,7,0,1,158.74,0.00,0.00,0.00,0,5.00,1,94.04,0,1,0,,0.00,0,0,5,0,0,4,0,0,35,2
"org.apache.solr.response.XMLWriter$DocumentListInfo_0",5,0.00,1.20,13,0.09,1231.61,5,0,19,10,0,140.90,0,18,0,1,140.90,0.00,0.00,0.00,0,5.00,2,274.01,0,1,0,java.lang.Object,0.00,5,0,6,0,5,4,0,0,76,0
"org.apache.solr.response.XMLWriter$DocumentListInfo_1",5,0.00,1.40,21,0.22,6547.56,5,0,19,15,3,123.92,0,24,0,1,123.92,0.00,0.00,0.00,0,8.00,3,669.66,0,1,3,java.lang.Object,0.00,10,0,7,0,10,4,0,0,143,0
"org.apache.solr.response.XSLTResponseWriter",4,0.21,2.75,51,0.78,26610.36,12,8,19,33,9,100.64,17,65,0,1,100.41,0.00,0.00,0.28,1,6.00,5,2325.79,0,2,9,java.lang.Object,0.00,29,0,11,0,29,2,1,11,438,1
"org.apache.lucene.analysis.es.SpanishAnalyzer",5,0.50,2.00,24,0.33,8849.58,7,2,18,18,16,72.81,49,35,1,4,122.81,0.00,0.75,0.10,0,8.00,3,982.78,0,1,15,org.apache.lucene.analysis.StopwordAnalyzerBase,0.00,13,3,10,0,13,4,0,8,211,2
"org.apache.lucene.analysis.es.SpanishAnalyzer$DefaultSetHolder",0,0.00,0.00,6,0.07,1211.01,1,1,18,0,3,171.00,2,11,0,1,171.00,0.00,0.00,0.00,0,0.00,0,217.37,0,0,3,java.lang.Object,0.00,0,0,0,0,0,0,0,2,50,2
"org.apache.lucene.analysis.es.SpanishLightStemFilter",2,0.33,2.00,14,0.16,3794.18,5,3,6,8,9,113.74,9,20,3,4,113.50,0.00,0.75,0.50,0,2.00,3,481.98,0,0,6,org.apache.lucene.analysis.TokenFilter,0.29,6,3,4,0,6,2,0,1,107,2
"org.apache.lucene.analysis.es.SpanishLightStemmer",1,0.00,13.00,25,0.50,37209.13,1,0,0,1,1,45.40,56,44,1,1,82.27,0.00,0.00,0.00,0,1.00,13,1513.96,0,0,0,java.lang.Object,0.00,0,0,13,0,0,1,0,4,260,1
"org.apache.lucene.analysis.es.TestSpanishAnalyzer",4,0.00,1.00,15,0.16,2494.63,4,0,4,7,4,181.19,7,21,0,3,131.19,0.00,0.67,0.00,0,4.00,1,481.49,3,0,4,org.apache.lucene.analysis.BaseTokenStreamTestCase,0.00,3,2,4,0,3,4,0,6,114,1
"org.apache.lucene.analysis.es.TestSpanishLightStemFilter",2,0.00,1.00,7,0.06,584.23,2,0,8,4,5,173.67,5,11,0,3,133.79,0.00,0.67,0.00,0,2.00,1,173.53,1,0,5,org.apache.lucene.analysis.BaseTokenStreamTestCase,0.00,2,2,2,0,2,2,0,3,46,1
"org.apache.lucene.analysis.es.TestSpanishLightStemFilter$ReusableAnalyzerBase",1,0.00,1.00,4,0.05,1009.20,1,0,8,4,3,124.89,0,7,0,1,124.89,0.00,0.00,0.00,0,1.00,1,159.62,0,0,3,java.lang.Object,0.00,3,0,1,0,3,1,0,0,38,0
"org.apache.lucene.facet.enhancements.params.DefaultEnhancementsIndexingParams",6,0.60,2.67,34,0.33,11792.60,7,1,6,14,9,100.89,30,50,4,3,118.77,0.00,0.67,0.50,2,6.00,7,989.00,0,2,5,org.apache.lucene.facet.index.params.PerDimensionIndexingParams,0.00,8,2,16,0,8,4,1,4,225,1
"org.apache.lucene.facet.enhancements.params.DefaultEnhancementsIndexingParamsTest",1,0.00,2.00,14,0.23,8307.61,1,0,10,15,7,115.36,18,25,0,2,97.22,0.00,0.50,0.00,0,1.00,2,696.88,0,0,7,org.apache.lucene.util.LuceneTestCase,0.00,14,1,2,0,14,1,0,3,128,1
"org.apache.lucene.facet.enhancements.params.EnhancementsIndexingParams",3,0.00,1.00,4,0.04,296.42,3,0,6,3,16,144.93,46,5,13,2,155.29,0.00,0.50,0.00,0,3.00,1,108.48,0,2,5,,0.00,0,1,3,0,0,1,0,5,35,1
"org.apache.lucene.analysis.compound.CompoundWordTokenFilterBase",16,0.08,1.75,81,1.14,33717.02,29,13,14,28,13,139.24,57,106,6,4,118.62,0.67,0.50,0.15,1,40.00,5,3426.47,1,1,7,org.apache.lucene.analysis.TokenFilter,0.29,12,3,28,2,12,15,0,18,706,2
"org.apache.lucene.analysis.compound.CompoundWordTokenFilterBase$CompoundToken",1,3.00,2.00,14,0.18,9502.41,4,3,14,5,1,97.00,4,17,0,1,96.76,0.00,0.00,0.00,0,1.00,2,536.43,0,0,1,java.lang.Object,0.00,4,0,2,0,4,1,0,4,117,1
"org.apache.lucene.analysis.compound.DictionaryCompoundWordTokenFilter",9,0.00,2.11,47,0.55,28114.80,9,0,4,15,7,97.09,130,64,4,5,117.24,0.00,0.80,0.00,0,16.00,9,1655.61,0,0,3,org.apache.lucene.analysis.compound.CompoundWordTokenFilterBase,0.14,6,4,19,0,6,9,0,9,360,1
"org.apache.lucene.analysis.compound.HyphenationCompoundWordTokenFilter",15,1.00,2.27,83,1.22,95578.72,16,1,9,30,8,85.40,205,138,3,5,114.78,0.00,0.80,0.07,1,53.00,15,3652.55,0,4,5,org.apache.lucene.analysis.compound.CompoundWordTokenFilterBase,0.12,15,4,34,0,15,11,0,29,739,1
"org.apache.lucene.analysis.compound.TestCompoundWordTokenFilter",11,0.00,1.09,92,2.32,56408.20,11,0,19,35,18,158.08,14,200,0,3,108.08,0.00,0.67,0.00,0,11.00,2,6954.01,3,0,18,org.apache.lucene.analysis.BaseTokenStreamTestCase,0.00,24,2,12,0,24,11,0,11,1219,1
"org.apache.lucene.analysis.compound.TestCompoundWordTokenFilter$MockRetainAttribute",2,0.00,1.00,3,0.02,79.66,2,0,19,2,0,158.40,0,4,0,2,158.40,0.00,0.50,0.00,0,2.00,1,45.97,0,0,0,,0.00,0,1,2,0,0,2,0,0,18,2
"org.apache.lucene.analysis.compound.TestCompoundWordTokenFilter$MockRetainAttributeFilter",2,1.00,1.50,10,0.08,1295.35,3,1,19,3,2,122.69,0,15,0,4,122.69,0.00,0.75,0.50,0,2.00,2,225.48,0,0,2,org.apache.lucene.analysis.TokenFilter,0.29,1,3,3,0,1,2,0,0,58,2
"org.apache.lucene.analysis.compound.TestCompoundWordTokenFilter$MockRetainAttributeImpl",4,0.33,1.00,11,0.09,1203.44,5,1,19,5,1,140.25,0,18,0,2,140.25,0.00,0.50,0.75,0,0.00,1,270.49,0,0,1,org.apache.lucene.util.AttributeImpl,0.18,1,1,4,0,1,4,1,0,73,3
"org.apache.lucene.analysis.compound.TestCompoundWordTokenFilter$ReusableAnalyzerBase",2,0.00,1.00,7,0.08,1278.65,2,0,19,7,6,181.11,2,9,0,1,131.11,0.00,0.00,0.00,0,2.00,1,250.76,0,1,6,java.lang.Object,0.00,5,0,2,0,5,1,0,2,60,0
"org.apache.lucene.analysis.compound.TestCompoundWordTokenFilter$ReusableAnalyzerBase_0",1,0.00,1.00,4,0.06,1051.87,1,0,19,4,3,124.74,0,6,0,1,124.74,0.00,0.00,0.00,0,1.00,1,173.06,0,0,3,java.lang.Object,0.00,3,0,1,0,3,1,0,0,40,0
"org.apache.lucene.analysis.compound.TestCompoundWordTokenFilter$ReusableAnalyzerBase_1",1,0.00,1.00,5,0.07,1236.33,1,0,19,4,4,120.58,0,7,0,1,120.58,0.00,0.00,0.00,0,1.00,1,200.72,0,0,4,java.lang.Object,0.00,3,0,1,0,3,1,0,0,45,0
"org.apache.solr.uima.processor.exception.FieldMappingException",1,0.00,1.00,2,0.01,54.28,1,0,0,1,1,172.39,19,4,1,2,146.11,0.00,0.50,0.00,0,1.00,1,31.02,0,0,0,java.lang.Exception,0.00,0,1,1,0,0,1,0,2,12,1
"org.tartarus.snowball.Among",1,6.00,3.00,20,0.25,8587.16,8,7,1,6,1,59.02,6,27,1,1,91.24,0.00,0.00,0.14,0,0.00,3,757.94,0,0,1,java.lang.Object,0.00,5,0,3,0,5,1,0,6,152,1
"org.tartarus.snowball.SnowballProgram",38,0.15,2.79,282,3.31,259473.45,45,7,3,52,32,148.93,97,379,30,1,109.05,0.00,0.00,0.29,7,0.00,18,9941.12,0,1,3,java.lang.Object,0.00,14,0,106,22,14,37,0,38,1958,2
"org.tartarus.snowball.TestApp",2,0.00,5.50,46,0.68,52457.22,2,0,10,27,1,85.02,0,56,0,1,85.02,0.00,0.00,0.00,1,2.00,10,2054.40,0,0,1,java.lang.Object,0.00,25,0,11,0,25,2,0,0,324,1
"org.apache.lucene.analysis.en.EnglishAnalyzer",5,1.00,2.00,21,0.30,7909.08,6,1,15,17,15,75.08,42,32,2,4,123.19,0.00,0.75,0.20,0,8.00,3,903.55,0,1,13,org.apache.lucene.analysis.StopwordAnalyzerBase,0.00,12,3,10,0,12,4,0,8,197,2
"org.apache.lucene.analysis.en.EnglishAnalyzer$DefaultSetHolder",0,0.00,0.00,2,0.02,396.00,1,1,15,0,1,171.00,0,3,0,1,171.00,0.00,0.00,0.00,0,0.00,0,72.00,0,0,1,java.lang.Object,0.00,0,0,0,0,0,0,0,0,18,2
"org.apache.lucene.analysis.en.EnglishMinimalStemFilter",2,0.33,2.00,14,0.16,3794.18,5,3,6,8,8,113.74,9,20,2,4,113.50,0.00,0.75,0.50,0,2.00,3,481.98,0,0,6,org.apache.lucene.analysis.TokenFilter,0.29,6,3,4,0,6,2,0,1,107,2
"org.apache.lucene.analysis.en.EnglishMinimalStemmer",1,0.00,4.00,10,0.24,22653.59,1,0,0,1,1,148.36,24,19,1,1,99.08,0.00,0.00,0.00,0,1.00,4,711.28,0,0,0,java.lang.Object,0.00,0,0,4,0,0,1,0,3,139,1
"org.apache.lucene.analysis.en.EnglishPossessiveFilter",3,0.25,1.67,17,0.27,11184.24,5,2,5,7,6,98.81,15,27,3,4,116.68,0.00,0.75,0.33,0,4.00,3,819.66,0,0,3,org.apache.lucene.analysis.TokenFilter,0.27,4,3,5,0,4,3,0,3,167,2
"org.apache.lucene.analysis.en.KStemData1",1,1.00,1.00,3,13.79,124057.50,2,1,0,1,1,133.71,3,706,1,1,113.09,0.00,0.00,0.00,0,1.00,1,41356.50,0,0,0,java.lang.Object,0.00,0,0,1,0,0,1,0,2,3515,0
"org.apache.lucene.analysis.en.KStemData2",1,1.00,1.00,3,13.79,124057.50,2,1,0,1,1,152.98,2,706,1,1,113.09,0.00,0.00,0.00,0,1.00,1,41356.50,0,0,0,java.lang.Object,0.00,0,0,1,0,0,1,0,1,3515,0
"org.apache.lucene.analysis.en.KStemData3",1,1.00,1.00,3,13.79,124057.50,2,1,0,1,1,152.98,2,706,1,1,113.09,0.00,0.00,0.00,0,1.00,1,41356.50,0,0,0,java.lang.Object,0.00,0,0,1,0,0,1,0,1,3515,0
"org.apache.lucene.analysis.en.KStemData4",1,1.00,1.00,3,13.79,124057.50,2,1,0,1,1,152.98,2,706,1,1,113.09,0.00,0.00,0.00,0,1.00,1,41356.50,0,0,0,java.lang.Object,0.00,0,0,1,0,0,1,0,1,3515,0
"org.apache.lucene.analysis.en.KStemData5",1,1.00,1.00,3,13.79,124057.50,2,1,0,1,1,152.98,2,706,1,1,113.09,0.00,0.00,0.00,0,1.00,1,41356.50,0,0,0,java.lang.Object,0.00,0,0,1,0,0,1,0,1,3515,0
"org.apache.lucene.analysis.en.KStemData6",1,1.00,1.00,3,13.79,124057.50,2,1,0,1,1,152.98,2,706,1,1,113.09,0.00,0.00,0.00,0,1.00,1,41356.50,0,0,0,java.lang.Object,0.00,0,0,1,0,0,1,0,1,3515,0
"org.apache.lucene.analysis.en.KStemData7",1,1.00,1.00,3,13.79,124057.50,2,1,0,1,1,152.98,2,706,1,1,113.09,0.00,0.00,0.00,0,1.00,1,41356.50,0,0,0,java.lang.Object,0.00,0,0,1,0,0,1,0,1,3515,0
"org.apache.lucene.analysis.en.KStemData8",1,1.00,1.00,3,11.58,104193.97,2,1,0,1,1,153.57,2,605,1,1,113.69,0.00,0.00,0.00,0,1.00,1,34735.32,0,0,0,java.lang.Object,0.00,0,0,1,0,0,1,0,1,3010,0
"org.apache.lucene.analysis.en.KStemFilter",2,0.33,2.00,13,0.18,4480.96,5,3,5,10,7,83.21,13,19,2,4,115.43,0.00,0.75,0.50,0,2.00,3,553.15,0,0,5,org.apache.lucene.analysis.TokenFilter,0.29,8,3,4,0,8,2,0,2,119,2
"org.apache.lucene.analysis.en.KStemmer",43,0.09,5.26,729,11.56,864438.22,59,16,3,65,11,43.71,383,973,1,1,91.81,0.00,0.00,0.15,29,0.00,27,34678.02,0,6,10,java.lang.Object,0.00,22,0,226,0,22,37,0,204,5722,1
"org.apache.lucene.analysis.en.KStemmer$DictEntry",1,2.00,1.00,6,0.04,350.01,3,2,3,1,0,121.94,0,8,0,1,121.94,0.00,0.00,0.00,0,1.00,1,109.32,0,0,0,java.lang.Object,0.00,0,0,1,0,0,1,0,0,32,1
"org.apache.lucene.analysis.en.TestEnglishAnalyzer",4,0.00,1.00,18,0.19,3518.31,4,0,4,7,4,165.24,8,24,0,3,125.36,0.00,0.67,0.00,0,4.00,1,569.01,3,0,4,org.apache.lucene.analysis.BaseTokenStreamTestCase,0.00,3,2,4,0,3,4,0,7,132,1
"org.apache.lucene.analysis.en.TestEnglishMinimalStemFilter",2,0.00,1.00,15,0.13,1880.67,2,0,7,3,5,155.95,5,19,0,3,116.06,0.00,0.67,0.00,0,2.00,1,397.71,2,0,5,org.apache.lucene.analysis.BaseTokenStreamTestCase,0.00,1,2,2,0,1,2,0,3,92,1
"org.apache.lucene.analysis.en.TestEnglishMinimalStemFilter$ReusableAnalyzerBase",1,0.00,1.00,4,0.05,1009.20,1,0,7,4,3,124.89,0,7,0,1,124.89,0.00,0.00,0.00,0,1.00,1,159.62,0,0,3,java.lang.Object,0.00,3,0,1,0,3,1,0,0,38,0
"org.apache.lucene.analysis.en.TestKStemmer",2,0.00,1.00,7,0.06,546.93,2,0,7,4,5,152.15,36,11,0,3,134.01,0.00,0.67,0.00,0,2.00,1,171.82,1,0,5,org.apache.lucene.analysis.BaseTokenStreamTestCase,0.00,2,2,2,0,2,2,0,4,46,1
"org.apache.lucene.analysis.en.TestKStemmer$ReusableAnalyzerBase",1,0.00,1.00,4,0.05,1009.20,1,0,7,4,3,124.89,0,6,0,1,124.89,0.00,0.00,0.00,0,1.00,1,159.62,0,0,3,java.lang.Object,0.00,3,0,1,0,3,1,0,0,38,0
"org.apache.lucene.analysis.el.GreekAnalyzer",6,1.00,1.83,22,0.27,6513.58,7,1,13,15,12,79.16,59,33,2,4,129.16,0.00,0.75,0.00,0,10.00,3,823.62,0,1,10,org.apache.lucene.analysis.StopwordAnalyzerBase,0.00,9,3,11,0,9,5,0,8,190,2
"org.apache.lucene.analysis.el.GreekAnalyzer$DefaultSetHolder",0,0.00,0.00,6,0.06,870.09,1,1,13,0,1,171.00,2,10,0,1,171.00,0.00,0.00,0.00,0,0.00,0,167.97,0,0,1,java.lang.Object,0.00,0,0,0,0,0,0,0,2,41,2
"org.apache.lucene.analysis.el.GreekAnalyzerTest",5,0.00,1.00,21,0.38,6101.76,5,0,3,6,3,81.95,38,41,0,3,124.24,0.00,0.67,0.00,0,5.00,1,1135.65,3,0,3,org.apache.lucene.analysis.BaseTokenStreamTestCase,0.00,1,2,5,0,1,5,0,22,230,1
"org.apache.lucene.analysis.el.GreekLowerCaseFilter",4,0.33,1.50,33,0.41,8526.74,6,2,6,10,7,100.65,61,63,3,4,111.01,0.00,0.75,0.25,1,6.00,3,1230.44,0,0,4,org.apache.lucene.analysis.TokenFilter,0.25,6,3,6,0,6,4,0,37,246,2
"org.apache.lucene.analysis.el.GreekStemFilter",2,0.33,2.00,14,0.16,3794.18,5,3,6,8,8,71.21,14,20,2,4,113.50,0.00,0.75,0.50,0,2.00,3,481.98,0,0,6,org.apache.lucene.analysis.TokenFilter,0.29,6,3,4,0,6,2,0,1,107,2
"org.apache.lucene.analysis.el.GreekStemmer",27,0.03,4.74,286,8.53,459291.82,43,16,3,32,2,150.02,49,681,1,1,100.02,0.00,0.00,0.04,4,352.00,16,25590.34,0,0,1,java.lang.Object,0.00,5,0,128,0,5,27,0,26,4297,1
"org.apache.lucene.analysis.el.TestGreekStemmer",6,0.00,1.00,350,4.68,106423.51,7,1,2,7,3,23.28,63,357,0,3,71.76,0.00,0.67,1.00,0,0.00,1,14035.21,1,0,3,org.apache.lucene.analysis.BaseTokenStreamTestCase,0.00,1,2,6,0,1,6,0,63,2110,1
"org.apache.lucene.facet.taxonomy.directory.Consts",0,0.00,0.00,8,0.10,2282.35,5,5,2,2,5,171.00,33,9,3,1,171.00,0.00,0.00,0.00,0,0.00,0,285.29,0,0,2,java.lang.Object,0.00,2,0,0,0,2,0,0,5,60,1
"org.apache.lucene.facet.taxonomy.directory.Consts$FieldSelector",1,0.00,2.00,5,0.04,482.05,1,0,2,2,1,123.64,0,7,0,1,123.64,0.00,0.00,0.00,0,0.00,2,105.67,0,1,1,java.lang.Object,0.00,1,0,2,0,1,0,0,0,29,0
"org.apache.lucene.facet.taxonomy.directory.DirectoryTaxonomyReader",22,0.06,2.36,210,2.37,107642.04,33,11,19,83,38,57.68,241,273,25,1,106.15,0.00,0.00,0.15,8,210.00,7,7111.00,0,6,13,java.lang.Object,0.00,61,0,52,1,61,16,1,147,1375,1
"org.apache.lucene.facet.taxonomy.directory.DirectoryTaxonomyReader$ChildrenArraysImpl",3,0.25,1.00,9,0.06,1000.49,5,2,19,3,0,133.33,0,13,0,1,133.33,0.00,0.00,0.33,0,5.00,1,191.43,0,0,0,java.lang.Object,0.00,0,0,3,0,0,3,1,0,55,3
"org.apache.lucene.facet.taxonomy.directory.DirectoryTaxonomyWriter",36,0.04,2.56,326,3.92,267753.44,51,15,43,105,59,67.14,447,413,31,1,104.70,0.00,0.00,0.10,15,390.00,17,11745.09,0,8,29,java.lang.Object,0.00,69,0,92,1,69,28,1,189,2222,1
"org.apache.lucene.facet.taxonomy.directory.DirectoryTaxonomyWriter$DiskOrdinalMap",5,0.08,1.80,33,0.32,11182.37,8,3,43,17,0,165.46,5,42,0,1,115.46,0.00,0.00,0.40,1,0.00,4,971.97,0,0,0,java.lang.Object,0.00,12,0,9,0,12,5,1,5,214,3
"org.apache.lucene.facet.taxonomy.directory.DirectoryTaxonomyWriter$MemoryOrdinalMap",4,0.33,1.00,9,0.06,791.67,5,1,43,4,0,141.69,1,13,0,1,141.69,0.00,0.00,0.75,0,0.00,1,194.29,0,0,0,java.lang.Object,0.00,0,0,4,0,0,4,1,1,57,3
"org.apache.lucene.facet.taxonomy.directory.DirectoryTaxonomyWriter$OrdinalMap",4,0.00,1.00,5,0.04,264.84,4,0,43,4,0,156.90,18,6,0,1,156.66,0.00,0.00,0.00,0,4.00,1,120.33,0,0,0,,0.00,0,0,4,0,0,4,0,3,40,2
"org.apache.lucene.facet.taxonomy.directory.DirectoryTaxonomyWriter$SinglePositionTokenStream",3,0.50,1.33,17,0.13,1737.34,6,3,43,6,3,123.34,12,23,0,3,123.10,0.00,0.67,0.67,0,0.00,2,393.16,0,0,3,org.apache.lucene.analysis.TokenStream,0.27,3,2,4,0,3,3,0,1,98,2
"org.apache.lucene.facet.taxonomy.directory.ParentArray",3,0.00,4.33,44,0.55,43781.85,4,1,6,14,8,142.95,81,63,2,1,95.12,0.00,0.00,1.00,0,0.00,10,1643.07,0,0,6,java.lang.Object,0.00,11,0,13,0,11,3,0,49,300,0
"org.apache.lucene.facet.taxonomy.directory.TestAddTaxonomies",4,0.00,6.25,190,2.87,329882.84,4,0,13,35,7,19.49,36,177,0,2,69.49,0.00,0.50,0.00,1,4.00,21,8624.40,0,0,7,org.apache.lucene.util.LuceneTestCase,0.00,31,1,25,0,31,4,0,21,1374,1
"org.apache.lucene.facet.taxonomy.directory.TestDirectoryTaxonomyReader",8,0.00,1.75,109,1.25,56469.81,8,0,14,35,10,119.63,31,128,0,2,99.01,0.00,0.50,0.00,1,8.00,6,3746.67,0,0,10,org.apache.lucene.util.LuceneTestCase,0.00,27,1,14,0,27,8,0,9,713,1
"org.apache.lucene.facet.taxonomy.directory.TestDirectoryTaxonomyWriter",7,0.00,1.43,85,1.15,36882.19,7,0,14,38,10,83.48,41,105,0,2,101.35,0.00,0.50,0.00,1,7.00,2,3454.23,0,0,10,org.apache.lucene.util.LuceneTestCase,0.00,31,1,10,0,31,7,0,26,664,1
"org.apache.lucene.facet.taxonomy.directory.TestDirectoryTaxonomyWriter$HashMap<String,String>",0,0.00,0.00,2,0.02,174.36,0,0,14,0,0,171.00,0,2,0,1,171.00,0.00,0.00,0.00,0,0.00,0,48.43,0,0,0,java.lang.Object,0.00,0,0,0,0,0,0,0,0,14,0
"org.apache.lucene.facet.taxonomy.directory.TestDirectoryTaxonomyWriter$HashMap<String,String>_0",0,0.00,0.00,2,0.02,174.36,0,0,14,0,0,171.00,0,2,0,1,171.00,0.00,0.00,0.00,0,0.00,0,48.43,0,0,0,java.lang.Object,0.00,0,0,0,0,0,0,0,0,14,0
"org.apache.lucene.facet.taxonomy.directory.TestDirectoryTaxonomyWriter$NoOpCache",7,0.00,1.00,13,0.08,714.81,7,0,14,7,2,155.18,0,10,0,1,155.18,0.00,0.00,0.00,1,7.00,1,251.43,0,0,2,java.lang.Object,0.00,0,0,7,0,0,7,1,0,77,2
"org.apache.lucene.facet.taxonomy.directory.TestIndexClose",1,0.00,3.00,43,0.52,36631.94,1,0,18,16,12,121.15,23,41,0,2,73.88,0.00,0.50,0.00,0,1.00,3,1559.56,0,0,12,org.apache.lucene.util.LuceneTestCase,0.00,15,1,3,0,15,1,0,2,284,1
"org.apache.lucene.facet.taxonomy.directory.TestIndexClose$LeakChecker",4,4.00,1.50,25,0.25,6000.23,8,4,18,8,5,116.87,0,30,0,1,116.87,0.00,0.00,0.00,0,4.00,3,738.99,0,2,5,java.lang.Object,0.00,4,0,6,0,4,2,0,0,164,2
"org.apache.lucene.facet.taxonomy.directory.TestIndexClose$LeakChecker$InstrumentedIndexReader",3,0.50,1.67,16,0.15,3068.42,4,1,18,7,3,160.99,7,25,0,3,121.11,0.00,0.67,0.67,0,0.00,2,444.89,0,1,3,org.apache.lucene.index.FilterIndexReader,0.05,4,2,5,0,4,2,0,7,105,1
"org.apache.lucene.facet.taxonomy.directory.TestIndexClose$LeakChecker$InstrumentedIndexWriter",2,0.00,1.50,11,0.11,1892.97,3,1,18,3,5,171.40,3,16,0,2,121.40,0.00,0.50,1.00,0,0.00,2,327.31,1,0,5,org.apache.lucene.index.IndexWriter,0.01,1,1,3,0,1,2,0,3,77,1
"org.apache.lucene.facet.taxonomy.directory.TestIndexClose$LeakChecker$InstrumentedTaxonomyReader",2,0.00,1.00,5,0.06,770.83,2,0,18,4,5,139.41,0,9,0,2,139.41,0.00,0.50,0.00,0,2.00,1,167.65,0,1,5,org.apache.lucene.facet.taxonomy.directory.DirectoryTaxonomyReader,0.00,2,1,2,0,2,1,0,0,44,1
"org.apache.lucene.facet.taxonomy.directory.TestIndexClose$LeakChecker$InstrumentedTaxonomyWriter",4,0.00,1.00,9,0.12,1733.82,4,0,18,11,9,139.01,0,18,0,2,139.01,0.00,0.50,0.00,0,4.00,1,370.52,1,3,9,org.apache.lucene.facet.taxonomy.directory.DirectoryTaxonomyWriter,0.05,7,1,4,0,7,1,0,0,92,1
"org.apache.lucene.search.suggest.fst.BytesRefSorter",3,0.00,1.00,4,0.02,120.36,3,0,4,3,6,126.15,19,5,4,1,158.37,0.00,0.00,0.00,0,3.00,1,73.69,0,2,2,,0.00,0,0,3,0,0,1,0,3,27,1
"org.apache.lucene.search.suggest.fst.BytesRefSortersTest",3,0.00,2.00,24,0.31,13348.39,3,0,4,16,6,158.42,3,31,0,2,108.42,0.00,0.50,0.00,1,3.00,4,937.06,0,0,6,org.apache.lucene.util.LuceneTestCase,0.00,13,1,6,0,13,3,0,3,182,1
"org.apache.lucene.search.suggest.fst.Deprecated",14,0.31,1.79,88,1.48,59142.13,15,1,12,46,3,113.29,10,135,0,2,113.29,0.00,0.50,0.71,3,0.00,6,4431.94,1,2,3,org.apache.lucene.util.LuceneTestCase,0.00,32,1,25,0,32,12,0,7,862,1
"org.apache.lucene.search.suggest.fst.Deprecated$Comparator<Entry>",1,0.00,3.00,14,0.15,7661.63,1,0,25,2,0,97.41,0,13,0,1,97.41,0.00,0.00,0.00,0,1.00,3,454.65,0,0,0,java.lang.Object,0.00,1,0,3,0,1,1,0,0,94,0
"org.apache.lucene.search.suggest.fst.Deprecated$Comparator<LookupResult>",1,0.00,1.00,3,0.04,476.03,1,0,25,2,0,182.12,1,4,0,1,132.12,0.00,0.00,0.00,0,1.00,1,107.22,0,0,0,java.lang.Object,0.00,1,0,1,0,1,1,0,1,30,0
"org.apache.lucene.search.suggest.fst.Deprecated$Entry",1,2.00,1.00,6,0.04,595.42,3,2,25,1,0,120.12,0,8,0,1,120.12,0.00,0.00,0.00,0,1.00,1,131.85,0,0,0,java.lang.Object,0.00,0,0,1,0,0,1,0,0,36,2
"org.apache.lucene.search.suggest.fst.ExternalRefSorter",6,0.15,1.83,32,0.33,6735.24,10,4,6,17,8,160.65,17,46,3,1,120.77,0.00,0.00,0.38,1,10.00,3,1002.56,0,2,5,java.lang.Object,0.00,11,0,11,0,11,4,2,7,230,1
"org.apache.lucene.search.suggest.fst.ExternalRefSorter$ByteSequenceIterator",3,0.00,2.00,26,0.24,8788.09,6,3,6,7,3,109.85,2,36,0,1,109.85,0.00,0.00,0.33,0,5.00,4,712.74,0,2,3,java.lang.Object,0.00,4,0,6,0,4,1,1,2,153,0
"org.apache.lucene.search.suggest.fst.FSTCompletion",13,0.01,3.23,129,1.86,102710.90,19,6,5,47,7,66.88,163,165,4,1,104.44,0.00,0.00,0.15,5,30.00,8,5588.38,0,5,3,java.lang.Object,0.00,34,0,42,0,34,8,0,57,1047,1
"org.apache.lucene.search.suggest.fst.FSTCompletion$Completion",3,0.25,1.00,10,0.10,1429.38,5,2,5,5,1,132.11,1,15,0,1,132.11,0.00,0.00,0.33,1,4.00,1,309.82,0,1,1,java.lang.Object,0.00,2,0,3,0,2,2,1,1,82,3
"org.apache.lucene.search.suggest.fst.FSTCompletionBuilder",5,0.08,2.60,45,0.67,28423.93,11,6,6,24,14,147.10,149,62,3,1,105.62,0.00,0.00,0.23,0,13.00,4,2004.78,0,1,11,java.lang.Object,0.00,19,0,13,0,19,4,0,13,389,1
"org.apache.lucene.search.suggest.fst.FSTCompletionLookup",9,0.04,2.11,99,1.62,119424.94,15,6,18,56,23,49.52,82,137,5,2,99.52,0.00,0.50,0.20,1,27.00,6,4872.05,0,2,18,org.apache.lucene.search.suggest.Lookup,0.00,47,1,19,0,47,7,0,16,840,1
"org.apache.lucene.search.suggest.fst.FSTCompletionTest",18,0.21,1.89,131,2.25,86771.97,20,2,5,72,6,110.33,14,185,0,2,110.33,0.00,0.50,0.31,3,42.00,6,6759.02,1,3,6,org.apache.lucene.util.LuceneTestCase,0.00,54,1,34,0,54,15,0,12,1289,1
"org.apache.lucene.search.suggest.fst.InMemorySorter",4,0.22,1.25,14,0.13,2035.05,7,3,4,8,6,171.72,8,19,2,1,131.84,0.00,0.00,0.50,0,2.00,2,383.93,0,2,4,java.lang.Object,0.00,4,0,5,0,4,2,1,4,96,2
"org.apache.lucene.search.suggest.fst.LargeInputFST",1,0.00,3.00,21,0.35,15053.37,1,0,2,17,5,88.76,4,27,0,1,88.53,0.00,0.00,0.00,0,1.00,3,1043.85,0,0,5,java.lang.Object,0.00,16,0,3,0,16,1,0,1,176,1
"org.apache.lucene.search.suggest.fst.Sort",10,0.05,2.90,139,1.96,107934.10,23,13,5,54,11,55.15,77,177,6,1,97.44,0.00,0.00,0.12,3,42.00,8,5869.79,0,4,5,java.lang.Object,0.00,44,0,29,0,44,6,0,32,1055,2
"org.apache.lucene.search.suggest.fst.Sort$BufferSize",3,1.00,1.67,18,0.23,8465.16,4,1,5,10,0,154.57,8,25,0,1,114.68,0.00,0.00,0.00,0,0.00,2,704.31,0,2,0,java.lang.Object,0.00,7,0,5,0,7,1,0,4,152,3
"org.apache.lucene.search.suggest.fst.Sort$ByteSequencesReader",5,0.50,1.60,28,0.27,7003.52,6,1,5,12,1,120.28,21,41,0,1,120.04,0.00,0.00,0.60,0,2.00,2,802.45,0,0,1,java.lang.Object,0.00,7,0,8,0,7,5,1,4,182,2
"org.apache.lucene.search.suggest.fst.Sort$ByteSequencesWriter",6,0.80,1.17,20,0.22,5373.16,7,1,5,12,1,129.92,4,30,0,1,129.92,0.00,0.00,0.33,1,10.00,2,658.66,0,0,1,java.lang.Object,0.00,6,0,7,0,6,6,1,2,162,2
"org.apache.lucene.search.suggest.fst.Sort$FileAndTop",1,2.00,1.00,6,0.05,588.02,3,2,5,2,1,120.16,0,8,0,1,120.16,0.00,0.00,0.00,0,1.00,1,136.37,0,0,1,java.lang.Object,0.00,1,0,1,0,1,1,0,0,37,1
"org.apache.lucene.search.suggest.fst.Sort$PriorityQueue<FileAndTop>",1,0.00,1.00,4,0.04,584.70,1,0,5,1,0,126.75,0,7,0,1,126.75,0.00,0.00,0.00,0,0.00,1,131.86,0,0,0,java.lang.Object,0.00,0,0,1,0,0,1,0,0,35,0
"org.apache.lucene.search.suggest.fst.Sort$SortInfo",1,0.00,1.00,11,0.13,1996.24,9,8,5,2,0,106.17,0,18,0,1,106.17,0.00,0.00,1.00,0,0.00,1,390.39,0,1,0,java.lang.Object,0.00,1,0,1,0,1,0,0,0,87,1
"org.apache.lucene.search.suggest.fst.TestSort",11,0.70,1.45,62,0.93,29629.17,12,1,9,37,2,167.83,14,87,0,2,117.83,0.00,0.50,0.36,3,23.00,3,2794.35,0,2,2,org.apache.lucene.util.LuceneTestCase,0.00,26,1,16,0,26,9,0,8,582,1
"org.apache.lucene.search.suggest.fst.TestSort$Comparator<",1,0.00,3.00,10,0.14,8489.42,1,0,9,2,0,102.51,0,10,0,1,102.51,0.00,0.00,0.00,0,1.00,3,411.64,0,0,0,java.lang.Object,0.00,1,0,3,0,1,1,0,0,87,0
"org.apache.lucene.search.suggest.fst.WFSTCompletionLookup",10,0.28,2.50,102,1.49,86620.25,12,2,28,49,20,102.72,45,132,3,2,102.48,0.00,0.50,0.25,1,18.00,7,4482.34,0,3,17,org.apache.lucene.search.suggest.Lookup,0.00,39,1,25,0,39,7,0,17,813,1
"org.apache.lucene.search.suggest.fst.WFSTCompletionLookup$Comparator<Long>",1,0.00,1.00,3,0.03,307.25,1,0,28,2,0,133.61,0,4,0,1,133.61,0.00,0.00,0.00,0,1.00,1,77.01,0,0,0,java.lang.Object,0.00,1,0,1,0,1,1,0,0,23,0
"org.apache.lucene.search.suggest.fst.WFSTCompletionLookup$WFSTTermFreqIteratorWrapper",3,0.00,1.33,16,0.26,7172.54,3,0,28,14,6,168.26,3,24,0,2,118.26,0.00,0.50,0.00,0,3.00,2,777.71,0,0,6,org.apache.lucene.search.suggest.SortedTermFreqIteratorWrapper,0.00,11,1,4,0,11,3,0,3,161,2
"org.apache.lucene.search.suggest.fst.WFSTCompletionTest",2,0.00,5.50,71,1.43,105872.70,2,0,12,34,4,57.94,10,77,0,2,75.81,0.00,0.50,0.00,0,2.00,10,4286.96,0,0,4,org.apache.lucene.util.LuceneTestCase,0.00,32,1,11,0,32,2,0,10,708,1
"org.apache.lucene.search.suggest.fst.WFSTCompletionTest$Comparator<LookupResult>",1,0.00,2.00,7,0.07,1821.12,1,0,12,3,0,113.64,0,9,0,1,113.64,0.00,0.00,0.00,0,1.00,2,196.85,0,0,0,java.lang.Object,0.00,2,0,2,0,2,1,0,0,48,0
"org.apache.lucene.analysis.ASCIIFoldingFilter",4,0.11,60.00,706,25.69,1402237.44,7,3,4,9,12,44.75,1297,1960,7,4,42.63,0.00,0.75,0.42,1,4.00,233,77084.65,0,0,5,org.apache.lucene.analysis.TokenFilter,0.25,5,3,240,0,5,4,0,1249,7499,2
"org.apache.lucene.analysis.Analyzer",9,0.75,1.89,36,0.42,15019.30,10,1,7,22,230,105.15,53,63,226,1,123.02,0.00,0.00,0.33,2,18.00,4,1265.59,0,1,4,java.lang.Object,0.00,13,0,17,94,13,8,1,8,278,2
"org.apache.lucene.analysis.BaseCharFilter",4,0.56,3.75,32,0.54,54024.82,7,3,2,6,5,75.10,54,54,2,4,104.48,1.00,0.43,0.75,0,0.00,8,1618.05,0,0,3,org.apache.lucene.analysis.CharFilter,0.31,2,3,15,3,2,4,0,4,326,2
"org.apache.lucene.analysis.BaseTokenStreamTestCase",26,0.00,2.23,149,3.16,239745.17,26,0,10,66,43,113.52,22,206,34,2,113.52,232.00,0.00,0.00,4,26.00,17,9476.82,0,0,9,org.apache.lucene.util.LuceneTestCase,0.00,40,1,58,232,40,26,0,12,1712,2
"org.apache.lucene.analysis.BaseTokenStreamTestCase$AnalysisThread",2,0.60,1.50,16,0.15,2363.06,7,5,16,5,1,163.02,2,22,0,2,113.02,0.00,0.50,0.50,0,2.00,2,452.08,0,0,1,org.apache.lucene.analysis.Thread,0.00,3,1,3,0,3,2,0,2,108,1
"org.apache.lucene.analysis.BaseTokenStreamTestCase$CheckClearAttributesAttribute",1,0.00,1.00,2,0.01,64.15,1,0,10,1,0,145.54,0,3,0,2,145.54,0.00,0.50,0.00,0,1.00,1,30.46,0,0,0,,0.00,0,1,1,0,0,1,0,0,12,2
"org.apache.lucene.analysis.BaseTokenStreamTestCase$CheckClearAttributesAttributeImpl",5,0.25,1.00,14,0.14,2349.79,6,1,10,8,1,138.73,0,29,0,2,138.73,0.00,0.50,0.80,0,0.00,1,424.21,0,0,1,org.apache.lucene.util.AttributeImpl,0.17,3,1,5,0,3,5,1,0,110,3
"org.apache.lucene.analysis.CachingTokenFilter",5,0.17,2.00,26,0.27,6474.99,8,3,5,13,15,160.14,13,40,12,4,120.26,0.00,0.75,0.47,1,1.00,3,799.19,0,0,3,org.apache.lucene.analysis.TokenFilter,0.71,8,3,10,0,8,5,0,5,182,2
"org.apache.lucene.analysis.CannedTokenStream",2,0.67,1.50,21,0.27,7319.57,8,6,5,13,7,145.43,5,26,1,3,105.54,0.00,0.67,0.50,0,2.00,2,817.74,0,0,6,org.apache.lucene.analysis.TokenStream,0.30,11,2,3,0,11,2,0,3,165,2
"org.apache.lucene.analysis.CharArrayMap",31,0.00,2.45,241,3.09,185486.94,41,10,8,57,15,130.14,111,294,14,2,109.53,1.00,0.33,0.10,6,382.00,7,9266.57,1,5,2,java.util.AbstractMap,0.00,26,1,76,1,26,26,0,31,1870,1
"org.apache.lucene.analysis.CharArrayMap$CharArraySet",4,0.00,1.00,9,0.09,1043.49,4,0,8,5,0,140.74,0,17,0,1,140.74,0.00,0.00,0.00,0,4.00,1,259.14,0,0,0,java.lang.Object,0.00,1,0,4,0,1,4,0,0,71,0
"org.apache.lucene.analysis.CharArrayMap$EmptyCharArrayMap<V>",7,0.00,1.86,21,0.25,4872.12,7,0,8,9,1,130.67,0,41,0,2,130.67,0.00,0.50,0.00,0,7.00,2,746.00,0,0,1,org.apache.lucene.analysis.UnmodifiableCharArrayMap,0.00,2,1,13,0,2,7,0,0,180,3
"org.apache.lucene.analysis.CharArrayMap$EntryIterator",9,0.00,1.22,30,0.25,4799.82,12,3,8,12,0,131.68,5,41,0,1,131.68,0.00,0.00,0.33,2,7.00,2,744.63,0,2,0,java.lang.Object,0.00,3,0,11,0,3,7,1,5,188,1
"org.apache.lucene.analysis.CharArrayMap$EntrySet",6,0.80,1.50,22,0.27,9378.39,7,1,8,13,1,127.96,0,35,0,2,127.96,0.00,0.50,0.33,0,14.00,3,824.13,0,1,1,java.util.AbstractSet,0.00,7,1,9,0,7,5,0,0,187,2
"org.apache.lucene.analysis.CharArrayMap$MapEntry",5,0.00,1.40,17,0.20,4496.74,7,2,8,9,1,129.86,2,27,0,1,129.86,0.00,0.00,0.50,0,0.00,2,595.55,0,2,1,java.lang.Object,0.00,4,0,7,0,4,3,1,2,144,2
"org.apache.lucene.analysis.CharArrayMap$UnmodifiableCharArrayMap",8,0.00,1.00,17,0.16,2137.62,8,0,8,10,1,140.66,0,33,0,3,140.66,0.00,0.67,0.00,0,8.00,1,489.24,0,1,1,org.apache.lucene.analysis.CharArrayMap,0.23,2,2,8,0,2,7,0,0,135,1
"org.apache.lucene.analysis.CharArraySet",20,0.05,1.70,67,0.86,27379.69,23,3,5,40,110,86.09,143,101,109,2,128.38,0.00,0.50,0.28,2,62.00,4,2591.56,0,6,2,java.util.AbstractSet,0.00,20,1,34,0,20,14,0,19,594,1
"org.apache.lucene.analysis.CharArraySet$Deprecated",6,0.20,1.17,19,0.15,3061.35,8,2,5,8,0,131.84,3,27,0,1,131.84,0.00,0.00,0.33,2,6.00,2,444.90,0,1,0,java.lang.Object,0.00,2,0,7,0,2,5,1,2,117,1
"org.apache.lucene.analysis.CharFilter",8,0.14,1.00,18,0.17,2909.00,9,1,1,14,4,179.49,16,33,3,3,139.61,3.50,0.20,0.88,1,0.00,1,510.64,0,0,1,org.apache.lucene.analysis.CharStream,0.33,6,2,8,7,6,8,0,3,140,2
"org.apache.lucene.analysis.CharReader",8,0.29,1.12,18,0.18,3333.97,9,1,2,14,24,139.11,6,34,23,3,139.11,0.00,0.67,0.75,0,0.00,2,538.74,0,1,1,org.apache.lucene.analysis.CharStream,0.33,6,2,9,0,6,7,0,1,146,2
"org.apache.lucene.analysis.CharStream",1,0.00,1.00,2,0.01,109.02,1,0,1,1,24,143.25,16,3,24,2,143.73,10.00,0.08,0.00,0,1.00,1,42.11,0,0,0,java.io.Reader,0.00,0,1,1,10,0,1,0,2,15,2
"org.apache.lucene.analysis.CharTokenizer",15,0.10,2.40,121,1.59,103086.63,28,13,9,36,12,69.33,185,169,6,4,106.90,2.33,0.27,0.17,2,71.00,11,4771.95,2,0,6,org.apache.lucene.analysis.Tokenizer,0.25,21,3,36,7,21,15,0,39,906,2
"org.apache.lucene.analysis.CollationTestBase",7,4.00,2.57,145,2.89,136082.78,11,4,24,56,24,70.61,40,187,2,2,88.48,4.00,0.17,0.00,1,7.00,6,8673.40,0,1,22,org.apache.lucene.util.LuceneTestCase,0.00,49,1,18,4,49,6,0,34,1435,2
"org.apache.lucene.analysis.CollationTestBase$Thread",1,0.00,3.00,13,0.18,6298.55,1,0,24,12,2,99.28,0,17,0,1,99.28,0.00,0.00,0.00,0,1.00,3,543.79,0,0,2,java.lang.Object,0.00,11,0,3,0,11,1,0,0,101,0
"org.apache.lucene.analysis.Deprecated",3,0.33,14.33,115,1.94,150538.51,6,3,1,6,5,88.23,103,197,2,4,74.44,0.00,0.75,0.56,1,1.00,38,5809.43,0,0,3,org.apache.lucene.analysis.TokenFilter,0.27,3,3,43,0,3,3,0,90,859,2
"org.apache.lucene.analysis.EmptyTokenizer",2,0.00,1.00,5,0.03,319.87,2,0,2,2,1,192.42,3,9,0,4,142.42,0.00,0.75,0.00,0,2.00,1,96.26,0,0,1,org.apache.lucene.analysis.Tokenizer,0.21,0,3,2,0,0,2,0,1,30,2
"org.apache.lucene.analysis.FilteringTokenFilter",6,0.07,2.33,33,0.30,11451.02,9,3,3,8,8,101.02,31,49,4,4,118.90,1.67,0.33,0.28,1,10.00,9,888.34,1,0,4,org.apache.lucene.analysis.TokenFilter,0.44,2,3,14,5,2,6,0,9,199,2
"org.apache.lucene.analysis.Ignore",1,0.00,1.00,980,32.56,1609032.85,1,0,1,1,2,-23.23,997,1960,0,3,10.55,0.00,0.67,0.00,0,1.00,1,97687.95,1,0,2,org.apache.lucene.analysis.BaseTokenStreamTestCase,0.00,0,2,1,0,0,1,0,979,9756,1
"org.apache.lucene.analysis.KeywordAnalyzer",2,0.00,1.00,4,0.04,567.13,2,0,1,4,11,180.34,4,8,9,3,140.46,0.00,0.67,0.00,0,2.00,1,119.65,0,0,2,org.apache.lucene.analysis.ReusableAnalyzerBase,0.00,2,2,2,0,2,2,0,1,34,2
"org.apache.lucene.analysis.KeywordMarkerFilter",3,0.00,2.33,16,0.20,4275.91,6,3,5,9,42,69.90,27,25,37,4,119.90,0.00,0.75,0.33,0,4.00,3,603.89,0,0,5,org.apache.lucene.analysis.TokenFilter,0.27,6,3,7,0,6,3,0,3,138,2
"org.apache.lucene.analysis.KeywordTokenizer",7,0.10,1.57,38,0.43,16141.03,12,5,5,13,23,118.34,4,52,19,4,118.34,0.00,0.75,0.29,0,9.00,5,1285.71,2,0,4,org.apache.lucene.analysis.Tokenizer,0.33,6,3,11,0,6,7,0,2,277,2
"org.apache.lucene.analysis.LengthFilter",3,0.00,1.00,14,0.15,2995.33,6,3,2,4,5,107.05,15,19,2,5,124.92,0.00,0.80,0.33,0,4.00,1,455.07,0,0,3,org.apache.lucene.analysis.FilteringTokenFilter,0.24,1,4,3,0,1,3,0,3,109,2
"org.apache.lucene.analysis.LetterTokenizer",7,0.00,1.00,18,0.14,1523.11,7,0,3,8,12,91.36,69,27,10,5,141.36,0.25,0.67,0.00,0,7.00,1,431.02,0,0,2,org.apache.lucene.analysis.CharTokenizer,0.13,1,4,7,1,1,7,0,8,122,1
"org.apache.lucene.analysis.LimitTokenCountAnalyzer",6,0.20,1.00,16,0.19,3030.94,8,2,3,12,5,188.48,7,32,1,2,138.48,0.00,0.50,0.67,0,0.00,1,566.08,0,3,4,org.apache.lucene.analysis.Analyzer,0.00,6,1,6,0,6,3,0,2,145,2
"org.apache.lucene.analysis.LimitTokenCountFilter",3,0.00,1.33,14,0.12,2076.73,5,2,1,3,4,165.99,7,21,2,4,126.11,0.00,0.75,0.50,0,1.00,2,348.76,1,0,2,org.apache.lucene.analysis.TokenFilter,0.53,0,3,4,0,0,3,0,2,87,2
"org.apache.lucene.analysis.LowerCaseFilter",3,0.00,1.67,20,0.21,6580.65,5,2,4,10,60,83.32,18,26,56,4,115.54,0.00,0.75,0.50,0,1.00,3,626.75,0,0,4,org.apache.lucene.analysis.TokenFilter,0.27,7,3,5,0,7,3,0,3,136,2
"org.apache.lucene.analysis.LowerCaseTokenizer",7,0.00,1.00,18,0.14,1667.87,7,0,3,8,28,92.58,72,27,26,6,141.05,0.00,0.83,0.00,0,7.00,1,434.92,0,0,2,org.apache.lucene.analysis.LetterTokenizer,0.13,1,5,7,0,1,7,0,8,123,2
"org.apache.lucene.analysis.MappingCharFilter",8,0.03,3.75,79,0.96,64272.66,13,5,3,21,11,154.35,8,96,7,5,104.35,0.00,0.80,0.22,4,14.00,10,2884.18,2,0,4,org.apache.lucene.analysis.BaseCharFilter,0.24,13,4,30,0,13,8,0,3,570,1
"org.apache.lucene.analysis.MockAnalyzer",9,0.06,2.11,65,0.85,32435.01,17,8,6,25,219,111.53,44,88,211,2,111.30,0.00,0.50,0.18,1,33.00,9,2559.53,2,3,8,org.apache.lucene.analysis.Analyzer,0.00,16,1,19,0,16,6,0,10,513,2
"org.apache.lucene.analysis.MockAnalyzer$SavedStreams",0,0.00,0.00,3,0.01,82.42,2,2,6,0,2,171.00,0,5,0,1,171.00,0.00,0.00,0.00,0,0.00,0,41.21,0,0,2,java.lang.Object,0.00,0,0,0,0,0,0,0,0,13,1
"org.apache.lucene.analysis.MockCharFilter",6,0.07,2.17,46,0.56,29028.47,12,6,4,16,2,160.28,6,58,1,3,110.28,0.00,0.67,0.22,2,14.00,4,1673.26,0,0,1,org.apache.lucene.analysis.CharStream,0.43,10,2,13,0,10,6,0,6,348,0
"org.apache.lucene.analysis.MockFixedLengthPayloadFilter",2,0.75,1.50,17,0.17,3009.48,6,4,4,6,7,112.20,0,22,3,4,112.20,0.00,0.75,0.62,0,0.00,2,503.74,0,0,4,org.apache.lucene.analysis.TokenFilter,0.29,4,3,3,0,4,2,0,0,113,2
"org.apache.lucene.analysis.MockReaderWrapper",8,0.03,1.38,40,0.41,23689.59,13,5,4,15,2,117.52,6,56,1,2,117.52,0.00,0.50,0.22,0,20.00,4,1241.89,0,0,1,java.io.Reader,0.00,7,1,11,0,7,8,0,5,269,1
"org.apache.lucene.analysis.MockTokenizer",12,0.09,1.75,97,1.16,52741.72,24,12,5,24,252,129.11,36,117,249,4,108.50,0.00,0.75,0.17,3,50.00,6,3482.83,3,0,3,org.apache.lucene.analysis.Tokenizer,0.55,12,3,21,0,12,12,0,20,693,1
"org.apache.lucene.analysis.MockTokenizer$State",0,0.00,0.00,2,0.01,107.55,0,0,5,0,0,171.00,0,8,0,1,171.00,0.00,0.00,0.00,0,0.00,0,43.02,0,0,0,java.lang.Object,0.00,0,0,0,0,0,0,0,0,12,2
"org.apache.lucene.analysis.MockVariableLengthPayloadFilter",2,0.80,1.50,18,0.20,3999.89,7,5,4,8,5,109.32,0,23,1,4,109.32,0.00,0.75,0.60,0,0.00,2,590.61,0,0,4,org.apache.lucene.analysis.TokenFilter,0.29,6,3,3,0,6,2,0,0,128,2
"org.apache.lucene.analysis.NormalizeCharMap",1,3.00,5.00,22,0.28,15784.53,4,3,2,9,8,49.93,12,25,8,1,87.49,0.00,0.00,0.00,0,1.00,5,854.31,0,0,0,java.lang.Object,0.00,8,0,5,0,8,1,0,2,162,1
"org.apache.lucene.analysis.NumericTokenStream",12,0.10,1.83,69,0.79,24589.51,21,9,8,27,14,68.71,109,95,6,3,118.71,0.00,0.67,0.20,0,0.00,7,2368.40,0,5,9,org.apache.lucene.analysis.TokenStream,0.30,15,2,22,0,15,7,0,15,496,2
"org.apache.lucene.analysis.PerFieldAnalyzerWrapper",8,0.29,1.62,30,0.38,8516.65,10,2,5,17,6,97.03,48,51,3,2,129.25,0.00,0.50,0.75,0,0.00,2,1130.04,0,1,3,org.apache.lucene.analysis.Analyzer,0.00,9,1,13,0,9,7,0,6,262,2
"org.apache.lucene.analysis.PorterStemFilter",2,0.33,2.00,10,0.17,3936.19,5,3,3,10,13,81.27,24,16,8,4,118.83,0.00,0.75,0.50,0,2.00,3,501.61,0,0,5,org.apache.lucene.analysis.TokenFilter,0.29,8,3,4,0,8,2,0,1,111,2
"org.apache.lucene.analysis.PorterStemmer",27,0.15,6.96,291,3.24,141694.34,34,7,5,46,3,104.19,116,333,2,1,103.96,0.00,0.00,0.29,14,0.00,52,9717.31,0,2,1,java.lang.Object,0.00,19,0,188,0,19,25,0,33,1867,0
"org.apache.lucene.analysis.ReusableAnalyzerBase",4,0.00,1.25,14,0.17,4544.33,4,0,2,7,46,108.95,59,25,44,2,129.09,40.00,0.02,0.00,2,4.00,2,524.68,2,3,2,org.apache.lucene.analysis.Analyzer,0.00,3,1,5,40,3,1,0,6,121,2
"org.apache.lucene.analysis.ReusableAnalyzerBase$TokenStreamComponents",4,0.33,1.00,14,0.10,1544.87,6,2,2,5,2,84.73,33,20,0,1,132.83,0.00,0.00,0.25,0,8.00,1,311.05,0,1,2,java.lang.Object,0.00,1,0,4,0,1,3,0,4,85,2
"org.apache.lucene.analysis.SimpleAnalyzer",3,1.00,1.00,9,0.08,1066.02,4,1,2,5,14,100.89,20,14,12,3,133.12,0.00,0.67,0.33,0,4.00,1,228.87,0,0,2,org.apache.lucene.analysis.ReusableAnalyzerBase,0.00,2,2,3,0,2,3,0,3,62,2
"org.apache.lucene.analysis.StopAnalyzer",5,1.00,1.20,18,0.32,4976.05,6,1,8,10,28,87.26,37,36,21,4,129.55,0.00,0.75,0.20,0,11.00,2,950.28,0,0,7,org.apache.lucene.analysis.StopwordAnalyzerBase,0.00,5,3,6,0,5,5,0,7,202,2
"org.apache.lucene.analysis.StopFilter",15,0.46,1.67,41,0.67,15878.40,17,2,7,23,58,87.36,159,65,53,5,135.83,0.00,0.80,0.07,1,28.00,3,1997.22,0,8,5,org.apache.lucene.analysis.FilteringTokenFilter,0.15,8,4,25,0,8,7,0,16,455,2
"org.apache.lucene.analysis.StopwordAnalyzerBase",6,0.40,1.50,26,0.35,9586.48,8,2,9,13,7,85.66,73,44,3,3,123.22,16.50,0.06,0.17,0,14.00,3,1064.54,0,4,4,org.apache.lucene.analysis.ReusableAnalyzerBase,0.00,7,2,9,33,7,2,0,9,229,2
"org.apache.lucene.analysis.TeeSinkTokenFilter",7,1.00,2.43,46,0.53,16895.54,8,1,7,23,9,71.00,77,61,5,4,115.13,0.00,0.75,0.00,1,12.00,6,1587.60,1,0,4,org.apache.lucene.analysis.TokenFilter,0.42,16,3,17,0,16,7,0,11,334,2
"org.apache.lucene.analysis.TeeSinkTokenFilter$SinkFilter",2,0.00,1.00,3,0.02,126.08,2,0,7,2,1,157.06,9,5,0,1,156.83,0.00,0.00,0.00,0,2.00,1,59.16,0,0,1,java.lang.Object,0.00,0,0,2,0,0,2,0,3,21,3
"org.apache.lucene.analysis.TeeSinkTokenFilter$SinkFilter_0",1,0.00,1.00,3,0.02,175.12,1,0,7,1,1,135.54,0,5,0,1,135.54,0.00,0.00,0.00,0,1.00,1,54.60,0,0,1,java.lang.Object,0.00,0,0,1,0,0,1,0,0,17,0
"org.apache.lucene.analysis.TeeSinkTokenFilter$SinkTokenStream",7,0.04,1.57,29,0.31,6731.83,11,4,7,15,2,124.95,1,44,0,3,124.95,0.00,0.67,0.29,0,20.00,3,930.29,0,0,2,org.apache.lucene.analysis.TokenStream,0.60,8,2,11,0,8,7,0,1,215,3
"org.apache.lucene.analysis.TestASCIIFoldingFilter",3,0.00,2.33,112,10.51,353949.24,3,0,6,22,5,35.54,1528,1589,0,3,72.37,0.00,0.67,0.00,1,3.00,5,31539.06,0,0,5,org.apache.lucene.analysis.BaseTokenStreamTestCase,0.00,19,2,7,0,19,3,0,1528,3220,1
"org.apache.lucene.analysis.TestASCIIFoldingFilter$ReusableAnalyzerBase",1,0.00,1.00,4,0.05,1009.20,1,0,11,4,3,124.89,0,6,0,1,124.89,0.00,0.00,0.00,0,1.00,1,159.62,0,1,3,java.lang.Object,0.00,3,0,1,0,3,0,0,0,38,0
"org.apache.lucene.analysis.TestAnalyzers",11,0.00,1.18,107,1.48,41677.80,11,0,8,36,15,127.80,36,137,0,3,107.19,0.00,0.67,0.00,1,11.00,3,4429.12,3,0,15,org.apache.lucene.analysis.BaseTokenStreamTestCase,0.00,25,2,13,0,25,11,0,22,908,1
"org.apache.lucene.analysis.TestAnalyzers$Deprecated",1,0.00,1.00,3,0.04,486.13,1,0,8,3,4,132.04,0,6,0,2,132.04,0.00,0.50,0.00,0,1.00,1,115.70,0,1,4,org.apache.lucene.analysis.Analyzer,0.00,2,1,1,0,2,0,0,0,31,2
"org.apache.lucene.analysis.TestAnalyzers$LowerCaseWhitespaceAnalyzer",1,0.00,1.00,3,0.04,476.88,1,0,8,3,4,132.11,0,8,0,2,132.11,0.00,0.50,0.00,0,1.00,1,113.66,0,1,4,org.apache.lucene.analysis.Analyzer,0.00,2,1,1,0,2,0,0,0,30,2
"org.apache.lucene.analysis.TestAnalyzers$PayloadSetter",2,0.67,1.50,13,0.13,2688.71,5,3,8,5,4,117.24,1,17,0,4,117.24,0.00,0.75,0.67,0,0.00,2,387.78,0,0,4,org.apache.lucene.analysis.TokenFilter,0.29,3,3,3,0,3,2,0,1,89,1
"org.apache.lucene.analysis.TestCachingTokenFilter",2,1.00,1.50,40,0.53,15317.17,3,1,11,25,12,131.67,4,44,0,3,91.79,0.00,0.67,0.50,1,2.00,2,1583.26,0,0,12,org.apache.lucene.analysis.BaseTokenStreamTestCase,0.00,23,2,3,0,23,2,0,4,295,1
"org.apache.lucene.analysis.TestCachingTokenFilter$TokenStream",1,0.00,2.00,12,0.12,2500.52,4,3,11,4,2,103.83,0,15,0,1,103.83,0.00,0.00,1.00,0,0.00,2,351.22,0,0,2,java.lang.Object,0.00,3,0,2,0,3,1,0,0,78,0
"org.apache.lucene.analysis.TestCharArrayMap",5,0.00,4.20,165,2.65,224233.94,5,0,6,49,2,117.28,11,185,0,2,77.39,0.00,0.50,0.00,1,5.00,9,7950.59,0,0,2,org.apache.lucene.util.LuceneTestCase,0.00,44,1,21,0,44,5,0,11,1360,1
"org.apache.lucene.analysis.TestCharArraySet",18,0.35,3.78,360,5.27,309196.72,19,1,9,62,1,128.70,52,405,0,2,88.81,0.00,0.50,0.67,0,0.00,10,15817.79,0,0,1,org.apache.lucene.util.LuceneTestCase,0.00,44,1,68,0,44,18,0,35,2923,1
"org.apache.lucene.analysis.TestCharFilter",4,0.00,1.00,15,0.22,2814.37,4,0,2,10,2,130.78,0,20,0,2,130.78,0.00,0.50,0.00,0,4.00,1,668.10,0,0,2,org.apache.lucene.util.LuceneTestCase,0.00,6,1,4,0,6,4,0,0,152,1
"org.apache.lucene.analysis.TestCharFilter$CharFilter1",2,0.00,1.00,5,0.03,407.16,2,0,2,2,2,141.59,0,9,0,4,141.59,0.00,0.75,0.00,0,2.00,1,99.28,0,0,2,org.apache.lucene.analysis.CharFilter,0.36,0,3,2,0,0,2,0,0,31,1
"org.apache.lucene.analysis.TestCharFilter$CharFilter2",2,0.00,1.00,5,0.03,407.16,2,0,2,2,2,141.59,0,9,0,4,141.59,0.00,0.75,0.00,0,2.00,1,99.28,0,0,2,org.apache.lucene.analysis.CharFilter,0.36,0,3,2,0,0,2,0,0,31,1
"org.apache.lucene.analysis.TestCharTokenizers",11,0.00,1.82,81,0.99,27370.34,11,0,4,25,3,152.48,24,104,0,3,112.60,0.00,0.67,0.00,0,11.00,3,2971.88,1,0,3,org.apache.lucene.analysis.BaseTokenStreamTestCase,0.00,14,2,20,0,14,11,0,10,619,1
"org.apache.lucene.analysis.TestCharTokenizers$ReusableAnalyzerBase",1,0.00,1.00,4,0.03,555.18,1,0,10,3,1,126.93,0,6,0,1,126.93,0.00,0.00,0.00,0,1.00,1,102.01,0,1,1,java.lang.Object,0.00,2,0,1,0,2,0,0,0,27,0
"org.apache.lucene.analysis.TestCharTokenizers$ReusableAnalyzerBase$LetterTokenizer",1,0.00,2.00,6,0.04,726.50,1,0,10,1,0,119.28,0,9,0,1,119.28,0.00,0.00,0.00,0,1.00,2,109.28,0,0,0,java.lang.Object,0.00,0,0,2,0,0,1,0,0,30,0
"org.apache.lucene.analysis.TestCharTokenizers$ReusableAnalyzerBase_0",1,0.00,1.00,4,0.03,555.18,1,0,10,3,1,126.93,0,6,0,1,126.93,0.00,0.00,0.00,0,1.00,1,102.01,0,1,1,java.lang.Object,0.00,2,0,1,0,2,0,0,0,27,0
"org.apache.lucene.analysis.TestCharTokenizers$ReusableAnalyzerBase_0$LetterTokenizer_1",1,0.00,2.00,6,0.04,726.50,1,0,10,1,0,119.28,0,9,0,1,119.28,0.00,0.00,0.00,0,1.00,2,109.28,0,0,0,java.lang.Object,0.00,0,0,2,0,0,1,0,0,30,0
"org.apache.lucene.analysis.TestCharTokenizers$TestingCharTokenizer",3,0.00,1.00,7,0.07,831.59,3,0,4,4,1,140.53,0,13,0,5,140.53,0.00,0.80,0.00,0,3.00,1,205.70,0,0,1,org.apache.lucene.analysis.CharTokenizer,0.29,1,4,3,0,1,3,0,0,57,2
"org.apache.lucene.analysis.TestCharTokenizers$TestingCharTokenizerNormalize",3,0.00,1.00,7,0.05,689.91,3,0,4,3,1,141.17,0,13,0,5,141.17,0.00,0.80,0.00,0,3.00,1,161.37,0,0,1,org.apache.lucene.analysis.CharTokenizer,0.29,0,4,3,0,0,3,0,0,49,2
"org.apache.lucene.analysis.TestCharTokenizers$TestingCharTokenizerNormalizeIsTokenChar",5,0.00,1.00,11,0.10,1357.21,5,0,4,6,1,140.61,0,22,0,5,140.61,0.00,0.80,0.00,0,5.00,1,304.24,0,0,1,org.apache.lucene.analysis.CharTokenizer,0.54,1,4,5,0,1,5,0,0,86,2
"org.apache.lucene.analysis.TestClassicAnalyzer",28,0.26,1.07,150,2.20,64635.77,29,1,12,53,11,168.43,53,191,0,3,118.43,0.00,0.67,0.75,0,0.00,2,6614.41,2,0,11,org.apache.lucene.analysis.BaseTokenStreamTestCase,0.00,25,2,30,0,25,28,0,37,1363,1
"org.apache.lucene.analysis.TestDuelingAnalyzers",8,0.00,2.00,90,1.22,37816.57,8,0,12,32,11,142.94,17,95,0,2,103.06,0.00,0.50,0.00,1,8.00,2,3662.34,0,1,11,org.apache.lucene.util.LuceneTestCase,0.00,24,1,16,0,24,7,0,11,701,1
"org.apache.lucene.analysis.TestDuelingAnalyzers$ReusableAnalyzerBase",1,0.00,1.00,4,0.04,704.03,1,0,12,3,2,126.12,0,6,0,1,126.12,0.00,0.00,0.00,0,1.00,1,126.94,0,1,2,java.lang.Object,0.00,2,0,1,0,2,0,0,0,32,0
"org.apache.lucene.analysis.TestDuelingAnalyzers$ReusableAnalyzerBase_0",1,0.00,1.00,4,0.04,704.03,1,0,12,3,2,126.12,0,6,0,1,126.12,0.00,0.00,0.00,0,1.00,1,126.94,0,1,2,java.lang.Object,0.00,2,0,1,0,2,0,0,0,32,0
"org.apache.lucene.analysis.TestDuelingAnalyzers$ReusableAnalyzerBase_1",1,0.00,1.00,4,0.04,704.03,1,0,12,3,2,126.12,0,6,0,1,126.12,0.00,0.00,0.00,0,1.00,1,126.94,0,1,2,java.lang.Object,0.00,2,0,1,0,2,0,0,0,32,0
"org.apache.lucene.analysis.TestDuelingAnalyzers$ReusableAnalyzerBase_2",1,0.00,1.00,4,0.04,704.03,1,0,12,3,2,126.12,0,6,0,1,126.12,0.00,0.00,0.00,0,1.00,1,126.94,0,1,2,java.lang.Object,0.00,2,0,1,0,2,0,0,0,32,0
"org.apache.lucene.analysis.TestDuelingAnalyzers$ReusableAnalyzerBase_3",1,0.00,1.00,4,0.04,704.03,1,0,12,3,2,126.12,0,6,0,1,126.12,0.00,0.00,0.00,0,1.00,1,126.94,0,1,2,java.lang.Object,0.00,2,0,1,0,2,0,0,0,32,0
"org.apache.lucene.analysis.TestDuelingAnalyzers$ReusableAnalyzerBase_4",1,0.00,1.00,4,0.04,704.03,1,0,12,3,2,126.12,0,6,0,1,126.12,0.00,0.00,0.00,0,1.00,1,126.94,0,1,2,java.lang.Object,0.00,2,0,1,0,2,0,0,0,32,0
"org.apache.lucene.analysis.TestISOLatin1AccentFilter",2,0.00,1.00,84,1.02,83192.92,2,0,2,12,4,74.08,0,87,0,3,74.08,0.00,0.67,0.00,1,2.00,1,3052.01,0,0,4,org.apache.lucene.analysis.BaseTokenStreamTestCase,0.00,10,2,2,0,10,2,0,0,528,1
"org.apache.lucene.analysis.TestKeywordAnalyzer",5,0.25,1.00,44,0.72,15707.60,7,2,14,34,18,109.77,2,54,0,3,109.77,0.00,0.67,0.30,0,7.00,1,2148.25,2,0,18,org.apache.lucene.analysis.BaseTokenStreamTestCase,0.00,29,2,5,0,29,5,0,2,418,1
"org.apache.lucene.analysis.TestKeywordMarkerFilter",2,0.00,1.50,16,0.38,13897.23,2,0,9,11,6,58.49,20,31,0,3,106.97,0.00,0.67,0.00,0,2.00,2,1143.20,1,0,6,org.apache.lucene.analysis.BaseTokenStreamTestCase,0.00,9,2,3,0,9,2,0,3,222,1
"org.apache.lucene.analysis.TestKeywordMarkerFilter$LowerCaseFilterMock",2,0.00,2.00,12,0.14,3102.55,4,2,9,8,4,116.69,0,18,0,4,116.69,0.00,0.75,0.50,0,2.00,3,433.32,0,0,4,org.apache.lucene.analysis.TokenFilter,0.29,6,3,4,0,6,2,0,0,97,3
"org.apache.lucene.analysis.TestLengthFilter",2,0.00,1.00,11,0.17,2929.48,2,0,1,5,4,120.00,0,20,0,3,120.00,0.00,0.67,0.00,0,2.00,1,520.76,1,0,4,org.apache.lucene.analysis.BaseTokenStreamTestCase,0.00,3,2,2,0,3,2,0,0,108,1
"org.apache.lucene.analysis.TestMappingCharFilter",13,0.00,1.00,89,1.26,24436.61,14,1,1,22,7,156.08,29,93,0,3,116.19,0.00,0.67,1.00,0,0.00,1,3767.35,2,0,7,org.apache.lucene.analysis.BaseTokenStreamTestCase,0.00,9,2,13,0,9,13,0,29,760,1
"org.apache.lucene.analysis.TestMappingCharFilter$ReusableAnalyzerBase",2,0.00,1.00,6,0.08,1393.09,2,0,2,6,4,130.81,0,10,0,1,130.81,0.00,0.00,0.00,0,2.00,1,228.16,0,2,4,java.lang.Object,0.00,4,0,2,0,4,0,0,0,56,0
"org.apache.lucene.analysis.TestMockAnalyzer",6,0.00,1.17,34,0.54,10913.51,6,0,1,12,7,139.84,23,53,0,3,119.22,0.00,0.67,0.00,0,6.00,2,1619.98,3,0,7,org.apache.lucene.analysis.BaseTokenStreamTestCase,0.00,6,2,7,0,6,6,0,8,332,1
"org.apache.lucene.analysis.TestMockCharFilter",1,0.00,1.00,12,0.12,2404.22,1,0,2,2,2,103.65,16,20,0,3,104.12,0.00,0.67,0.00,0,1.00,1,349.24,1,0,2,org.apache.lucene.analysis.BaseTokenStreamTestCase,0.00,1,2,1,0,1,1,0,1,77,1
"org.apache.lucene.analysis.TestMockCharFilter$ReusableAnalyzerBase",2,0.00,1.00,6,0.08,1393.09,2,0,2,6,4,130.81,0,10,0,1,130.81,0.00,0.00,0.00,0,2.00,1,228.16,0,2,4,java.lang.Object,0.00,4,0,2,0,4,0,0,0,56,0
"org.apache.lucene.analysis.TestNumericTokenStream",3,0.25,3.00,35,0.51,18504.59,5,2,3,17,5,152.05,4,39,0,3,102.05,0.00,0.67,0.33,0,5.00,3,1522.62,0,0,5,org.apache.lucene.analysis.BaseTokenStreamTestCase,0.00,14,2,9,0,14,3,0,4,289,1
"org.apache.lucene.analysis.TestPerFieldAnalzyerWrapper",1,0.00,1.00,14,0.23,7564.09,1,0,4,13,7,97.23,16,23,0,3,97.70,0.00,0.67,0.00,0,1.00,1,700.33,0,0,7,org.apache.lucene.analysis.BaseTokenStreamTestCase,0.00,12,2,1,0,12,1,0,1,133,1
"org.apache.lucene.analysis.TestPorterStemFilter",3,0.00,1.00,13,0.16,2319.69,3,0,9,11,9,165.68,8,18,0,3,125.80,0.00,0.67,0.00,0,3.00,1,479.90,2,0,9,org.apache.lucene.analysis.BaseTokenStreamTestCase,0.00,8,2,3,0,8,3,0,3,107,1
"org.apache.lucene.analysis.TestPorterStemFilter$ReusableAnalyzerBase",1,0.00,1.00,4,0.05,1009.20,1,0,9,4,3,124.89,0,7,0,1,124.89,0.00,0.00,0.00,0,1.00,1,159.62,0,1,3,java.lang.Object,0.00,3,0,1,0,3,0,0,0,38,0
"org.apache.lucene.analysis.TestStandardAnalyzer",30,0.00,1.00,100,1.71,29678.51,30,0,7,42,5,179.61,43,157,0,3,129.61,0.00,0.67,0.00,0,30.00,1,5141.88,2,0,5,org.apache.lucene.analysis.BaseTokenStreamTestCase,0.00,12,2,30,0,12,30,0,22,1110,1
"org.apache.lucene.analysis.TestStandardAnalyzer$ReusableAnalyzerBase",1,0.00,1.00,4,0.04,637.60,1,0,7,3,2,126.46,0,7,0,1,126.46,0.00,0.00,0.00,0,1.00,1,122.69,0,1,2,java.lang.Object,0.00,2,0,1,0,2,0,0,0,31,0
"org.apache.lucene.analysis.TestStopAnalyzer",4,0.17,2.25,48,0.74,22081.70,6,2,8,22,5,101.09,1,58,0,3,101.09,0.00,0.67,0.38,0,4.00,3,2209.09,1,0,5,org.apache.lucene.analysis.BaseTokenStreamTestCase,0.00,18,2,9,0,18,4,0,1,410,1
"org.apache.lucene.analysis.TestStopFilter",6,0.00,3.00,91,1.53,109131.78,6,0,13,34,7,143.33,10,82,0,3,93.33,0.00,0.67,0.00,2,6.00,8,4577.46,1,0,7,org.apache.lucene.analysis.BaseTokenStreamTestCase,0.00,28,2,18,0,28,6,0,8,789,1
"org.apache.lucene.analysis.TestStopFilter$MockSynonymFilter",3,0.17,2.00,22,0.20,4197.86,6,3,16,10,4,114.54,0,30,0,4,114.54,0.00,0.75,0.44,0,1.00,4,599.49,1,0,4,org.apache.lucene.analysis.TokenFilter,0.53,7,3,6,0,7,3,0,0,133,1
"org.apache.lucene.analysis.TestStopFilter$ReusableAnalyzerBase",1,0.00,1.00,7,0.10,1929.89,1,0,16,6,5,113.60,0,9,0,1,113.60,0.00,0.00,0.00,0,1.00,1,287.69,0,1,5,java.lang.Object,0.00,5,0,1,0,5,0,0,0,61,0
"org.apache.lucene.analysis.TestTeeSinkTokenFilter",4,0.50,4.25,127,2.10,144501.78,8,4,8,36,12,99.76,12,120,0,3,79.14,0.00,0.67,0.62,0,0.00,11,6312.00,2,0,12,org.apache.lucene.analysis.BaseTokenStreamTestCase,0.00,32,2,17,0,32,4,0,6,1045,1
"org.apache.lucene.analysis.TestTeeSinkTokenFilter$ModuloSinkFilter",2,0.50,1.00,9,0.08,1499.92,4,2,8,2,1,125.90,0,13,0,2,125.90,0.00,0.50,0.75,0,0.00,1,227.39,0,0,1,TeeSinkTokenFilter.SinkFilter,0.00,0,1,2,0,0,2,0,0,57,0
"org.apache.lucene.analysis.TestTeeSinkTokenFilter$ModuloTokenFilter",2,0.00,1.50,15,0.11,3531.74,4,2,8,2,2,113.81,1,19,0,4,113.81,0.00,0.75,0.50,0,2.00,2,315.33,0,0,2,org.apache.lucene.analysis.TokenFilter,0.29,0,3,3,0,0,2,0,1,77,0
"org.apache.lucene.analysis.TestTeeSinkTokenFilter$TeeSinkTokenFilter.SinkFilter",1,0.00,1.00,4,0.05,853.17,1,0,8,4,2,125.46,0,6,0,1,125.46,0.00,0.00,0.00,0,1.00,1,149.49,0,0,2,java.lang.Object,0.00,3,0,1,0,3,1,0,0,37,0
"org.apache.lucene.analysis.TestTeeSinkTokenFilter$TeeSinkTokenFilter.SinkFilter_0",1,0.00,1.00,4,0.05,853.17,1,0,8,4,2,125.46,0,6,0,1,125.46,0.00,0.00,0.00,0,1.00,1,149.49,0,0,2,java.lang.Object,0.00,3,0,1,0,3,1,0,0,37,0
"org.apache.lucene.analysis.TestToken",10,0.00,1.60,183,2.43,155697.56,10,0,8,42,13,91.05,4,196,0,2,91.05,0.00,0.50,0.00,0,10.00,6,7291.98,0,0,13,org.apache.lucene.util.LuceneTestCase,0.00,32,1,16,0,32,10,0,4,1433,1
"org.apache.lucene.analysis.TestToken$HashMap<String,Object>",0,0.00,0.00,8,0.16,3392.83,0,0,8,1,6,171.00,0,8,0,1,171.00,0.00,0.00,0.00,0,0.00,0,483.31,0,0,6,java.lang.Object,0.00,1,0,0,0,1,0,0,0,95,0
"org.apache.lucene.analysis.TestToken$SenselessAttribute",0,0.00,0.00,1,0.01,31.02,0,0,8,0,0,171.00,0,1,0,2,171.00,0.00,0.50,0.00,0,0.00,0,15.51,0,0,0,,0.00,0,1,0,0,0,0,0,0,6,1
"org.apache.lucene.analysis.TestToken$SenselessAttributeImpl",4,0.00,1.00,7,0.06,665.56,4,0,8,4,1,153.51,0,10,0,2,153.51,0.00,0.50,0.00,0,4.00,1,183.13,0,0,1,org.apache.lucene.util.AttributeImpl,0.18,0,1,4,0,0,4,1,0,55,3
"org.apache.lucene.analysis.TestTypeTokenFilter",5,0.00,2.00,44,0.68,22883.38,5,0,9,25,8,158.33,6,52,0,3,108.33,0.00,0.67,0.00,2,5.00,3,2029.10,1,0,8,org.apache.lucene.analysis.BaseTokenStreamTestCase,0.00,20,2,10,0,20,5,0,4,385,1
"org.apache.lucene.analysis.TestUAX29URLEmailTokenizer",33,0.00,1.45,192,3.08,111830.05,33,0,12,57,5,167.04,45,295,0,3,117.04,0.00,0.67,0.00,0,33.00,6,9250.68,2,0,5,org.apache.lucene.analysis.BaseTokenStreamTestCase,0.00,24,2,48,0,24,33,0,24,1805,1
"org.apache.lucene.analysis.TestUAX29URLEmailTokenizer$EmailFilter",2,1.00,2.00,11,0.12,3072.71,3,1,12,3,4,119.67,0,17,0,4,119.67,0.00,0.75,0.50,0,2.00,3,348.78,0,0,4,org.apache.lucene.analysis.TokenFilter,0.29,1,3,4,0,1,2,0,0,79,1
"org.apache.lucene.analysis.TestUAX29URLEmailTokenizer$ReusableAnalyzerBase",1,0.00,1.00,4,0.04,637.60,1,0,12,3,2,126.46,0,7,0,1,126.46,0.00,0.00,0.00,0,1.00,1,122.69,0,1,2,java.lang.Object,0.00,2,0,1,0,2,0,0,0,31,0
"org.apache.lucene.analysis.TestUAX29URLEmailTokenizer$ReusableAnalyzerBase_0",1,0.00,1.00,6,0.07,1391.23,1,0,12,5,2,167.22,1,8,0,1,117.22,0.00,0.00,0.00,0,1.00,1,212.33,0,1,2,java.lang.Object,0.00,4,0,1,0,4,0,0,1,48,0
"org.apache.lucene.analysis.TestUAX29URLEmailTokenizer$ReusableAnalyzerBase_1",1,0.00,1.00,5,0.06,985.07,1,0,12,4,2,121.35,0,7,0,1,121.35,0.00,0.00,0.00,0,1.00,1,166.12,0,1,2,java.lang.Object,0.00,3,0,1,0,3,0,0,0,40,0
"org.apache.lucene.analysis.TestUAX29URLEmailTokenizer$ReusableAnalyzerBase_2",1,0.00,1.00,4,0.04,619.14,1,0,12,3,2,126.56,0,7,0,1,126.56,0.00,0.00,0.00,0,1.00,1,116.42,0,1,2,java.lang.Object,0.00,2,0,1,0,2,0,0,0,30,0
"org.apache.lucene.analysis.TestUAX29URLEmailTokenizer$URLFilter",2,1.00,2.00,11,0.12,3072.71,3,1,12,3,4,119.67,0,17,0,4,119.67,0.00,0.75,0.50,0,2.00,3,348.78,0,0,4,org.apache.lucene.analysis.TokenFilter,0.29,1,3,4,0,1,2,0,0,79,1
"org.apache.lucene.analysis.TestWordlistLoader",4,0.00,1.00,30,0.41,7710.25,4,0,4,13,2,134.22,14,44,0,2,113.61,0.00,0.50,0.00,1,4.00,1,1215.58,0,0,2,org.apache.lucene.util.LuceneTestCase,0.00,9,1,4,0,9,4,0,12,253,1
"org.apache.lucene.analysis.Token",38,0.24,1.32,195,2.03,54770.97,45,7,12,59,76,77.70,283,260,65,2,119.99,0.00,0.50,0.38,2,0.00,5,6090.49,6,10,11,org.apache.lucene.analysis.tokenattributes.TermAttributeImpl,0.00,21,1,50,0,21,28,5,39,1360,1
"org.apache.lucene.analysis.Token$TokenAttributeFactory",4,0.67,2.00,14,0.18,5042.81,5,1,12,8,2,128.63,2,24,0,2,128.63,0.00,0.50,0.50,1,4.00,3,536.13,0,1,2,AttributeSource.AttributeFactory,0.00,4,1,8,0,4,3,0,1,128,3
"org.apache.lucene.analysis.TokenFilter",4,0.33,1.00,11,0.09,1296.02,5,1,1,7,81,160.62,12,19,80,3,140.00,67.50,0.01,0.75,0,0.00,1,261.65,0,0,1,org.apache.lucene.analysis.TokenStream,0.75,3,2,4,135,3,4,0,6,74,2
"org.apache.lucene.analysis.TokenStream",8,0.00,1.38,21,0.21,6610.50,8,0,9,15,597,116.58,112,33,592,2,136.73,204.00,0.00,0.00,1,8.00,4,644.67,0,0,6,org.apache.lucene.util.AttributeSource,0.00,7,1,11,204,7,8,1,9,153,2
"org.apache.lucene.analysis.TokenStreamToDot",6,0.22,3.00,78,0.94,40736.37,14,8,6,20,5,138.91,17,97,0,1,99.02,0.00,0.00,0.31,4,2.00,9,2821.35,0,0,5,java.lang.Object,0.00,14,0,18,0,14,6,0,15,547,1
"org.apache.lucene.analysis.Tokenizer",9,0.88,1.22,26,0.19,3784.08,10,1,3,11,253,159.68,33,37,250,3,139.06,16.00,0.06,0.22,0,19.00,2,571.97,0,0,3,org.apache.lucene.analysis.TokenStream,0.18,2,2,11,32,2,9,0,13,158,2
"org.apache.lucene.analysis.TypeTokenFilter",3,0.00,1.00,12,0.15,2710.57,6,3,3,5,5,165.15,7,17,2,5,125.26,0.00,0.80,0.33,0,4.00,1,459.29,0,0,3,org.apache.lucene.analysis.FilteringTokenFilter,0.24,2,4,3,0,2,3,0,2,108,2
"org.apache.lucene.analysis.VocabularyAssert",4,0.00,1.75,30,0.47,14257.01,4,0,8,18,2,161.38,6,45,0,1,111.38,0.00,0.00,0.00,1,4.00,3,1408.38,0,0,2,java.lang.Object,0.00,14,0,7,0,14,4,0,6,284,1
"org.apache.lucene.analysis.WhitespaceAnalyzer",3,1.00,1.00,9,0.08,1066.02,4,1,2,5,42,100.89,20,15,40,3,133.12,0.00,0.67,0.33,0,4.00,1,228.87,0,1,2,org.apache.lucene.analysis.ReusableAnalyzerBase,0.00,2,2,3,0,2,2,0,3,62,2
"org.apache.lucene.analysis.WhitespaceTokenizer",7,0.00,1.00,18,0.13,1503.37,7,0,3,8,37,91.41,63,27,35,5,141.41,0.00,0.80,0.00,0,7.00,1,395.32,0,0,2,org.apache.lucene.analysis.CharTokenizer,0.13,1,4,7,0,1,7,0,8,115,2
"org.apache.lucene.analysis.WordlistLoader",8,0.71,2.12,51,0.73,30394.10,9,1,5,19,17,65.13,86,78,14,1,113.61,0.00,0.00,0.38,2,14.00,5,2192.02,0,8,3,java.lang.Object,0.00,11,0,17,0,11,0,0,8,442,1
"org.apache.lucene.queryParser.core.config.AbstractQueryConfig",7,1.00,2.29,37,0.48,15349.41,8,1,3,15,6,70.32,56,58,3,2,118.43,4.00,0.17,0.00,2,7.00,3,1436.12,1,0,3,org.apache.lucene.util.AttributeSource,0.00,8,1,16,4,8,7,0,7,311,2
"org.apache.lucene.queryParser.core.config.ConfigurationKey",2,0.00,1.00,4,0.03,729.29,2,0,0,3,5,129.24,30,6,5,1,139.60,0.00,0.00,0.00,0,2.00,1,103.70,0,1,0,java.lang.Object,0.00,1,0,2,0,1,1,0,3,32,2
"org.apache.lucene.queryParser.core.config.Deprecated",1,0.00,1.00,2,0.01,77.55,1,0,1,1,2,96.79,8,3,0,1,144.89,0.00,0.00,0.00,0,1.00,1,36.19,0,0,2,,0.00,0,0,1,0,0,1,0,1,14,1
"org.apache.lucene.queryParser.core.config.FieldConfig",5,1.00,1.20,15,0.12,1827.76,6,1,2,7,14,100.76,33,25,11,3,132.98,0.00,0.67,0.00,0,5.00,2,374.64,1,3,3,org.apache.lucene.queryParser.core.config.AbstractQueryConfig,0.00,2,2,6,0,2,2,0,5,99,1
"org.apache.lucene.queryParser.core.config.FieldConfigListener",1,0.00,1.00,2,0.01,30.51,1,0,0,1,5,185.12,30,3,4,1,148.08,0.00,0.00,0.00,0,1.00,1,25.51,0,0,1,,0.00,0,0,1,0,0,1,0,3,11,1
"org.apache.lucene.queryParser.core.config.QueryConfigHandler",3,1.00,1.33,12,0.12,2411.69,4,1,5,8,32,151.88,57,17,26,3,125.60,1.00,0.40,0.00,1,3.00,2,358.66,0,0,7,org.apache.lucene.queryParser.core.config.AbstractQueryConfig,0.00,5,2,4,2,5,3,0,4,89,2
"org.apache.solr.search.grouping.distributed.ShardRequestFactory",1,0.00,1.00,2,0.01,44.48,1,0,2,1,3,109.23,12,3,1,1,146.79,0.00,0.00,0.00,0,1.00,1,29.65,0,1,2,,0.00,0,0,1,0,0,0,0,2,12,1
"org.apache.solr.search.grouping.distributed.ShardResponseProcessor",1,0.00,1.00,2,0.01,39.00,1,0,2,1,6,109.68,12,3,4,1,147.24,0.00,0.00,0.00,0,1.00,1,34.00,0,0,2,,0.00,0,0,1,0,0,1,0,2,13,1
"org.apache.lucene.analysis.compound.hyphenation.ByteVector",11,0.30,1.36,49,0.38,9177.18,15,4,1,12,1,165.35,23,65,1,1,125.47,0.00,0.00,0.52,0,0.00,2,1125.74,0,0,0,java.lang.Object,0.00,1,0,15,0,1,11,1,7,273,1
"org.apache.lucene.analysis.compound.hyphenation.CharVector",13,0.27,1.31,55,0.44,10529.69,17,4,1,16,2,175.58,24,74,2,1,125.58,0.00,0.00,0.50,0,0.00,2,1313.41,0,1,0,java.lang.Object,0.00,3,0,17,0,3,12,2,7,318,1
"org.apache.lucene.analysis.compound.hyphenation.Hyphen",3,1.00,1.33,23,0.20,7050.11,6,3,1,7,1,113.10,12,29,1,1,112.86,0.00,0.00,1.00,0,0.00,2,596.14,0,1,0,java.lang.Object,0.00,4,0,4,0,4,2,1,1,140,1
"org.apache.lucene.analysis.compound.hyphenation.Hyphenation",3,0.00,1.00,8,0.04,406.54,4,1,0,3,2,143.22,14,12,2,1,142.98,0.00,0.00,1.00,0,0.00,1,123.63,0,0,0,java.lang.Object,0.00,0,0,3,0,0,3,0,4,39,1
"org.apache.lucene.analysis.compound.hyphenation.HyphenationException",1,0.00,1.00,3,0.02,106.02,1,0,0,1,2,105.03,6,5,2,2,137.25,0.00,0.50,0.00,0,1.00,1,45.51,0,0,0,java.lang.Exception,0.00,0,1,1,0,0,1,0,2,16,1
"org.apache.lucene.analysis.compound.hyphenation.HyphenationTree",15,0.00,3.80,223,2.81,296489.24,20,5,6,52,9,49.98,171,257,3,2,94.11,0.00,0.50,0.20,5,66.00,14,8434.56,4,4,6,org.apache.lucene.analysis.compound.hyphenation.TernaryTree,0.00,37,1,57,0,37,11,2,50,1569,1
"org.apache.lucene.analysis.compound.hyphenation.PatternConsumer",3,0.00,1.00,4,0.03,133.57,3,0,1,3,2,109.91,25,5,2,1,158.02,0.00,0.00,0.00,0,3.00,1,86.02,0,0,0,,0.00,0,0,3,0,0,3,0,4,30,1
"org.apache.lucene.analysis.compound.hyphenation.PatternParser",21,0.04,3.48,234,2.83,140690.74,32,11,12,80,5,141.62,61,292,2,2,101.74,0.00,0.50,0.13,4,110.00,10,8481.00,0,8,3,org.xml.sax.helpers.DefaultHandler,0.00,59,1,73,0,59,13,1,27,1647,1
"org.apache.lucene.analysis.compound.hyphenation.TernaryTree",21,0.13,2.48,222,2.52,179208.34,30,9,3,36,4,70.31,138,263,3,1,102.53,0.00,0.00,0.23,11,83.00,9,7568.95,0,2,1,java.lang.Object,0.00,15,0,52,1,15,19,2,43,1562,1
"org.apache.lucene.analysis.compound.hyphenation.TernaryTree$Iterator",9,0.25,3.11,101,1.11,65523.33,13,4,3,29,1,122.09,30,132,0,1,101.48,0.00,0.00,0.47,2,0.00,10,3329.95,0,1,1,java.lang.Object,0.00,20,0,28,0,20,8,1,13,659,1
"org.apache.lucene.analysis.compound.hyphenation.TernaryTree$Iterator$Item",3,0.75,1.00,11,0.07,702.58,5,2,3,4,0,134.54,0,16,0,1,134.54,0.00,0.00,1.00,0,0.00,1,198.73,0,1,0,java.lang.Object,0.00,1,0,3,0,1,2,1,0,58,1
"org.apache.lucene.LucenePackage",2,0.00,1.00,4,0.02,235.98,2,0,0,3,3,93.46,19,6,3,1,143.46,0.00,0.00,0.00,0,2.00,1,69.80,0,1,0,java.lang.Object,0.00,1,0,2,0,1,1,0,4,23,2
"org.apache.lucene.TestAssertions",1,0.00,4.00,26,0.20,3732.73,1,0,4,9,2,110.39,3,41,0,2,89.77,0.00,0.50,0.00,0,1.00,4,613.29,0,0,2,org.apache.lucene.util.LuceneTestCase,0.00,8,1,4,0,8,1,0,3,136,1
"org.apache.lucene.TestAssertions$TestAnalyzer1",2,0.00,1.00,5,0.05,523.29,2,0,4,2,2,140.73,0,6,0,2,140.73,0.00,0.50,0.00,0,2.00,1,140.53,0,2,2,org.apache.lucene.analysis.Analyzer,0.00,0,1,2,0,0,0,0,0,38,1
"org.apache.lucene.TestAssertions$TestAnalyzer2",2,0.00,1.00,5,0.04,434.62,2,0,4,2,2,141.37,0,6,0,2,141.37,0.00,0.50,0.00,0,2.00,1,133.87,0,2,2,org.apache.lucene.analysis.Analyzer,0.00,0,1,2,0,0,0,0,0,37,2
"org.apache.lucene.TestAssertions$TestAnalyzer3",2,0.00,1.00,5,0.04,416.51,2,0,4,2,2,141.51,0,6,0,2,141.51,0.00,0.50,0.00,0,2.00,1,129.73,0,2,2,org.apache.lucene.analysis.Analyzer,0.00,0,1,2,0,0,0,0,0,36,1
"org.apache.lucene.TestAssertions$TestAnalyzer4",2,0.00,1.00,5,0.05,469.90,2,0,4,2,2,141.10,0,6,0,2,141.10,0.00,0.50,0.00,0,2.00,1,135.13,0,2,2,org.apache.lucene.analysis.Analyzer,0.00,0,1,2,0,0,0,0,0,37,1
"org.apache.lucene.TestAssertions$TestTokenStream1",1,0.00,1.00,3,0.02,212.64,1,0,4,1,1,134.87,0,4,0,3,134.87,0.00,0.67,0.00,0,1.00,1,57.02,0,0,1,org.apache.lucene.analysis.TokenStream,0.33,0,2,1,0,0,1,0,0,18,1
"org.apache.lucene.TestAssertions$TestTokenStream2",1,0.00,1.00,3,0.02,186.16,1,0,4,1,1,135.33,0,4,0,3,135.33,0.00,0.67,0.00,0,1.00,1,56.19,0,0,1,org.apache.lucene.analysis.TokenStream,0.33,0,2,1,0,0,1,0,0,18,2
"org.apache.lucene.TestAssertions$TestTokenStream3",1,0.00,1.00,3,0.02,168.05,1,0,4,1,1,135.68,0,4,0,3,135.68,0.00,0.67,0.00,0,1.00,1,52.05,0,0,1,org.apache.lucene.analysis.TokenStream,0.33,0,2,1,0,0,1,0,0,17,1
"org.apache.lucene.TestDemo",1,0.00,3.00,28,0.46,18518.63,1,0,14,21,12,63.02,14,29,0,2,83.16,0.00,0.50,0.00,0,1.00,3,1381.59,0,0,12,org.apache.lucene.util.LuceneTestCase,0.00,20,1,3,0,20,1,0,9,226,1
"org.apache.lucene.TestMergeSchedulerExternal",0,0.00,0.00,5,0.04,461.50,3,3,16,0,13,171.00,4,5,0,2,171.00,0.00,0.50,0.00,0,0.00,0,105.49,0,0,13,org.apache.lucene.util.LuceneTestCase,0.00,0,1,0,0,0,0,0,1,27,1
"org.apache.lucene.TestMergeSchedulerExternal$MyMergeScheduler",5,0.00,1.20,47,0.62,13236.17,5,0,16,39,10,158.41,5,58,0,3,108.41,0.00,0.67,0.00,0,6.00,2,1858.77,2,1,10,org.apache.lucene.index.ConcurrentMergeScheduler,0.00,34,2,6,0,34,4,0,5,359,1
"org.apache.lucene.TestMergeSchedulerExternal$MyMergeScheduler$FailOnlyOnMerge",1,0.00,3.00,8,0.11,3080.70,1,0,16,6,1,109.59,0,10,0,2,109.59,0.00,0.50,0.00,0,1.00,3,316.06,0,0,1,MockDirectoryWrapper.Failure,0.00,5,1,3,0,5,1,0,0,66,2
"org.apache.lucene.TestMergeSchedulerExternal$MyMergeScheduler$MyMergeThread",1,0.00,1.00,4,0.04,420.51,1,0,16,1,1,127.88,0,7,0,2,127.88,0.00,0.50,0.00,0,0.00,1,109.84,0,0,1,ConcurrentMergeScheduler.MergeThread,0.00,0,1,1,0,0,1,0,0,29,1
"org.apache.lucene.TestMergeSchedulerExternal$MyMergeScheduler$ReportingMergeScheduler",2,0.00,2.00,8,0.11,2797.49,2,0,16,6,3,123.61,0,14,0,2,123.61,0.00,0.50,0.00,0,2.00,3,333.10,0,0,3,org.apache.lucene.index.MergeScheduler,0.50,4,1,4,0,4,2,0,0,75,2
"org.apache.lucene.TestSearch",4,0.00,2.00,64,1.04,44212.61,4,0,13,44,16,114.70,13,83,1,2,94.08,0.00,0.50,0.00,1,4.00,5,3125.80,0,0,15,org.apache.lucene.util.LuceneTestCase,0.00,40,1,8,0,40,4,0,5,517,1
"org.apache.lucene.TestSearchForDuplicates",5,0.05,2.40,82,1.32,63242.39,10,5,13,43,16,133.47,12,88,1,2,93.58,0.00,0.50,0.24,3,2.00,4,3967.90,0,0,15,org.apache.lucene.util.LuceneTestCase,0.00,38,1,12,0,38,5,0,5,686,1
"org.apache.lucene.demo.IndexFiles",3,0.00,5.67,73,1.20,75723.47,3,0,20,40,11,117.83,61,91,1,1,84.45,0.00,0.00,0.00,1,3.00,9,3591.89,0,0,10,java.lang.Object,0.00,37,0,17,0,37,3,0,43,564,1
"org.apache.lucene.demo.SearchFiles",3,0.00,13.33,138,2.37,298912.54,3,0,17,34,11,51.15,16,162,1,1,69.02,0.00,0.00,0.00,1,3.00,20,7120.85,0,0,10,java.lang.Object,0.00,31,0,40,0,31,3,0,7,1067,1
"org.apache.lucene.demo.TestDemo",2,0.00,1.00,22,0.31,7757.17,2,0,5,14,3,103.89,1,27,0,2,103.89,0.00,0.50,0.00,1,2.00,1,931.31,0,0,3,org.apache.lucene.util.LuceneTestCase,0.00,12,1,2,0,12,2,0,1,178,1
"org.apache.solr.uima.ts.EntityAnnotation",10,0.50,1.40,30,0.39,6100.72,12,2,4,16,3,151.81,33,37,3,2,131.19,0.00,0.50,0.05,1,18.00,2,1170.23,0,2,1,org.apache.uima.jcas.tcas.Annotation,0.00,6,1,14,0,6,8,0,17,277,1
"org.apache.solr.uima.ts.EntityAnnotation_Type",6,0.37,2.00,30,0.44,8531.50,12,6,10,15,2,140.55,18,38,2,2,119.94,0.00,0.50,0.47,0,0.00,3,1314.67,0,3,1,org.apache.uima.jcas.tcas.Annotation_Type,0.00,9,1,12,0,9,3,0,14,277,1
"org.apache.solr.uima.ts.EntityAnnotation_Type$FSGenerator",1,0.00,3.00,10,0.12,4415.53,1,0,10,4,2,154.74,1,12,0,1,104.74,0.00,0.00,0.00,0,1.00,3,351.13,0,1,2,java.lang.Object,0.00,3,0,3,0,3,0,0,1,77,0
"org.apache.solr.uima.ts.SentimentAnnotation",8,0.50,1.25,24,0.25,3786.88,10,2,4,14,3,152.70,27,29,3,2,132.08,0.00,0.50,0.06,1,14.00,2,764.10,0,1,1,org.apache.uima.jcas.tcas.Annotation,0.00,6,1,10,0,6,7,0,13,189,1
"org.apache.solr.uima.ts.SentimentAnnotation_Type",4,0.42,1.75,20,0.28,4841.33,8,4,10,13,2,141.14,14,25,2,2,120.52,0.00,0.50,0.56,0,0.00,2,827.16,0,2,1,org.apache.uima.jcas.tcas.Annotation_Type,0.00,9,1,7,0,9,2,0,10,177,1
"org.apache.solr.uima.ts.SentimentAnnotation_Type$FSGenerator",1,0.00,3.00,10,0.12,4415.53,1,0,10,4,2,154.74,1,12,0,1,104.74,0.00,0.00,0.00,0,1.00,3,351.13,0,1,2,java.lang.Object,0.00,3,0,3,0,3,0,0,1,77,0
"org.apache.lucene.facet.search.params.CountFacetRequest",5,0.00,1.20,14,0.14,2267.54,5,0,7,8,23,106.59,31,27,15,2,138.81,1.00,0.33,0.00,0,5.00,2,406.73,0,1,8,org.apache.lucene.facet.search.params.FacetRequest,0.14,3,1,6,1,3,4,0,4,102,1
"org.apache.lucene.facet.search.params.FacetRequest",23,0.01,1.30,81,0.85,21305.32,34,11,13,36,30,81.67,192,122,21,1,129.78,0.00,0.00,0.08,1,219.00,3,2546.93,1,9,13,java.lang.Object,0.00,13,0,30,6,13,14,1,31,581,2
"org.apache.lucene.facet.search.params.FacetRequest$ResultMode",0,0.00,0.00,2,0.01,23.26,0,0,13,0,0,171.00,1,4,0,1,171.00,0.00,0.00,0.00,0,0.00,0,15.51,0,0,0,java.lang.Object,0.00,0,0,0,0,0,0,1,1,6,1
"org.apache.lucene.facet.search.params.FacetRequest$SortBy",0,0.00,0.00,2,0.01,23.26,0,0,13,0,0,171.00,1,4,0,1,171.00,0.00,0.00,0.00,0,0.00,0,15.51,0,0,0,java.lang.Object,0.00,0,0,0,0,0,0,1,1,6,1
"org.apache.lucene.facet.search.params.FacetRequest$SortOrder",0,0.00,0.00,2,0.01,23.26,0,0,13,0,0,171.00,0,1,0,1,171.00,0.00,0.00,0.00,0,0.00,0,15.51,0,0,0,java.lang.Object,0.00,0,0,0,0,0,0,1,0,6,1
"org.apache.lucene.facet.search.params.FacetRequestTest",6,0.00,1.00,42,0.62,14489.67,6,0,9,27,9,133.45,20,55,0,2,112.84,0.00,0.50,0.00,0,6.00,1,1861.51,0,0,9,org.apache.lucene.util.LuceneTestCase,0.00,21,1,6,0,21,6,0,5,377,1
"org.apache.lucene.facet.search.params.FacetSearchParams",8,0.14,1.25,31,0.29,7470.63,11,3,6,16,44,81.66,65,42,40,1,129.76,0.00,0.00,0.21,1,26.00,2,862.71,0,4,5,java.lang.Object,0.00,8,0,10,0,8,4,0,9,205,1
"org.apache.lucene.facet.search.params.FacetSearchParamsTest",4,0.00,1.25,33,0.47,10477.04,4,0,10,26,10,110.58,16,44,0,2,110.34,0.00,0.50,0.00,0,4.00,2,1396.54,0,0,10,org.apache.lucene.util.LuceneTestCase,0.00,22,1,5,0,22,4,0,1,278,1
"org.apache.lucene.facet.search.params.MultiIteratorsPerCLParamsTest",6,0.50,1.67,66,1.09,37037.17,8,2,33,44,29,84.31,34,98,0,2,102.19,0.00,0.50,0.08,3,10.00,3,3257.24,0,0,29,org.apache.lucene.util.LuceneTestCase,0.00,38,1,10,0,38,6,0,13,599,1
"org.apache.lucene.facet.search.params.MultiIteratorsPerCLParamsTest$PerDimCountFacetRequest",3,0.00,1.00,7,0.09,1324.49,3,0,33,5,8,138.94,2,16,0,3,138.94,0.00,0.67,0.00,0,3.00,1,256.10,1,2,8,org.apache.lucene.facet.search.params.CountFacetRequest,0.00,2,2,3,0,2,1,0,2,65,1
"org.apache.lucene.facet.search.params.MultiIteratorsPerCLParamsTest$PerDimCountFacetRequest$TopKFacetResultsHandler",1,0.00,2.00,7,0.11,3627.44,1,0,33,5,3,111.29,0,11,0,1,111.29,0.00,0.00,0.00,0,0.00,2,330.88,1,1,3,java.lang.Object,0.00,4,0,2,0,4,0,0,0,67,0
"org.apache.lucene.facet.search.params.MultiIteratorsPerCLParamsTest$PerDimensionCLI",5,0.08,1.80,26,0.25,5652.07,8,3,33,11,3,120.75,1,38,0,1,120.75,0.00,0.00,0.40,0,9.00,3,752.76,0,0,3,java.lang.Object,0.00,6,0,9,0,6,5,1,1,176,2
"org.apache.lucene.facet.search.params.ScoreFacetRequest",5,0.00,1.00,12,0.12,1821.68,5,0,6,7,8,139.84,22,24,1,2,139.60,0.00,0.50,0.00,0,5.00,1,355.74,0,1,7,org.apache.lucene.facet.search.params.FacetRequest,0.14,2,1,5,0,2,4,0,3,92,1
"org.apache.lucene.search.highlight.custom.HighlightCustomQueryTest",2,0.00,2.50,25,0.45,13751.28,3,1,20,15,16,50.32,19,43,0,2,100.32,0.00,0.50,1.00,1,0.00,3,1364.86,0,1,16,org.apache.lucene.util.LuceneTestCase,0.00,13,1,5,0,13,1,0,11,258,1
"org.apache.lucene.search.highlight.custom.HighlightCustomQueryTest$MyQueryScorer",2,0.00,1.50,5,0.06,993.87,2,0,20,3,3,138.44,0,10,0,2,138.44,0.00,0.50,0.00,0,2.00,2,173.10,0,1,3,org.apache.lucene.search.highlight.QueryScorer,0.00,1,1,3,0,1,1,0,0,47,2
"org.apache.lucene.search.highlight.custom.HighlightCustomQueryTest$MyWeightedSpanTermExtractor",3,0.00,1.33,8,0.08,1576.49,3,0,20,4,3,138.28,0,16,0,2,138.28,0.00,0.50,0.00,0,3.00,2,241.66,1,0,3,org.apache.lucene.search.highlight.WeightedSpanTermExtractor,0.00,1,1,4,0,1,3,0,0,61,2
"org.apache.lucene.search.highlight.custom.HighlightCustomQueryTest$SuppressWarnings",5,0.25,2.40,23,0.28,10114.91,6,1,20,10,4,122.31,0,39,0,2,122.31,0.00,0.50,0.80,0,0.00,7,854.92,2,2,4,org.apache.lucene.search.Query,0.11,5,1,12,0,5,3,0,0,195,2
"org.apache.lucene.queryParser.precedence.processors.BooleanModifiersQueryNodeProcessor",6,2.00,2.17,38,0.49,25882.95,8,2,14,16,10,153.06,17,56,1,2,113.17,0.00,0.50,0.00,1,6.00,5,1482.71,2,5,9,org.apache.lucene.queryParser.core.processors.QueryNodeProcessorImpl,0.00,10,1,13,0,10,1,0,3,310,1
"org.apache.lucene.queryParser.precedence.processors.PrecedenceQueryNodeProcessorPipeline",1,0.00,3.00,10,0.09,2155.87,1,0,4,4,5,116.32,17,11,1,3,107.19,0.00,0.67,0.00,0,1.00,3,260.68,3,0,5,org.apache.lucene.queryParser.standard.processors.StandardQueryNodeProcessorPipeline,0.00,3,2,3,0,3,1,0,2,57,1
"org.apache.lucene.queryParser.surround.query.AndQuery",2,0.00,1.00,5,0.07,830.62,2,0,3,3,6,139.15,1,10,1,3,139.15,0.00,0.67,0.00,0,2.00,1,206.43,1,1,5,org.apache.lucene.queryParser.surround.query.ComposedQuery,0.00,1,2,2,0,1,1,0,1,52,1
"org.apache.lucene.queryParser.surround.query.BasicQueryFactory",7,0.25,1.14,21,0.14,1905.08,9,2,3,10,16,134.00,0,26,12,1,134.00,0.00,0.00,0.29,2,14.00,2,406.59,0,2,4,java.lang.Object,0.00,3,0,8,0,3,5,0,0,115,1
"org.apache.lucene.queryParser.surround.query.BooleanQueryTst",3,0.14,1.33,30,0.31,6817.83,10,7,9,12,11,107.20,2,41,2,1,107.20,0.00,0.00,0.24,0,4.00,2,943.60,0,0,9,java.lang.Object,0.00,9,0,4,0,9,3,0,2,196,1
"org.apache.lucene.queryParser.surround.query.BooleanQueryTst$TestCollector",6,0.05,1.50,32,0.35,14481.70,10,4,9,9,2,118.20,2,43,0,2,118.20,0.00,0.50,0.29,0,6.00,4,1040.97,0,0,2,org.apache.lucene.index.Collector,0.00,3,1,9,0,3,6,0,2,221,0
"org.apache.lucene.queryParser.surround.query.ComposedQuery",15,0.24,1.60,68,0.64,14348.30,18,3,4,29,7,124.96,6,78,4,2,124.96,4.00,0.17,0.11,9,68.00,3,1917.40,1,8,3,org.apache.lucene.queryParser.surround.query.SrndQuery,0.15,14,1,24,4,14,7,0,6,454,2
"org.apache.lucene.queryParser.surround.query.DistanceQuery",7,0.42,2.14,45,0.56,20551.03,9,2,7,22,10,114.49,4,68,1,3,114.49,0.00,0.67,0.14,1,17.00,5,1686.04,1,3,9,org.apache.lucene.queryParser.surround.query.ComposedQuery,0.00,15,2,15,0,15,4,1,4,338,1
"org.apache.lucene.queryParser.surround.query.DistanceQuery$Query",2,0.00,1.00,5,0.07,1010.16,2,0,7,5,1,138.48,0,9,0,1,138.48,0.00,0.00,0.00,0,2.00,1,204.20,0,2,1,java.lang.Object,0.00,3,0,2,0,3,0,0,0,52,0
"org.apache.lucene.queryParser.surround.query.DistanceSubQuery",2,0.00,1.00,3,0.01,59.00,2,0,1,2,4,199.31,5,4,3,1,159.43,0.00,0.00,0.00,0,2.00,1,42.00,0,1,1,,0.00,0,0,2,0,0,1,0,1,17,1
"org.apache.lucene.queryParser.surround.query.ExceptionQueryTst",3,0.25,2.67,29,0.31,9145.35,5,2,2,12,6,107.74,0,38,3,1,107.74,0.00,0.00,0.33,0,4.00,5,942.73,0,1,3,java.lang.Object,0.00,9,0,8,0,9,2,0,0,196,1
"org.apache.lucene.queryParser.surround.query.FieldsQuery",9,0.03,1.33,47,0.56,14389.54,13,4,4,29,6,119.63,7,61,2,2,119.63,0.00,0.50,0.22,4,24.00,3,1694.63,0,4,4,org.apache.lucene.queryParser.surround.query.SrndQuery,0.19,20,1,12,0,20,5,0,7,361,1
"org.apache.lucene.queryParser.surround.query.NotQuery",2,0.00,1.00,9,0.14,3231.20,2,0,4,8,7,173.28,3,13,1,3,123.28,0.00,0.67,0.00,0,2.00,1,429.03,1,1,6,org.apache.lucene.queryParser.surround.query.ComposedQuery,0.00,6,2,2,0,6,1,0,3,91,1
"org.apache.lucene.queryParser.surround.query.OrQuery",4,0.00,2.00,20,0.23,5493.08,4,0,5,9,10,120.06,1,31,2,3,120.06,0.00,0.67,0.00,0,4.00,4,677.93,2,2,8,org.apache.lucene.queryParser.surround.query.ComposedQuery,0.00,5,2,8,0,5,2,1,1,155,1
"org.apache.lucene.queryParser.surround.query.SimpleTerm",12,0.91,1.17,32,0.26,4888.99,13,1,7,21,12,139.18,2,45,4,2,139.18,3.00,0.20,0.17,5,28.00,3,781.75,1,6,8,org.apache.lucene.queryParser.surround.query.SrndQuery,0.08,9,1,14,3,9,6,2,2,207,2
"org.apache.lucene.queryParser.surround.query.SimpleTerm$MatchingTermVisitor",1,0.00,1.00,2,0.01,51.00,1,0,7,1,1,146.32,0,3,0,1,146.32,0.00,0.00,0.00,0,1.00,1,34.00,0,0,1,,0.00,0,0,1,0,0,1,0,0,13,1
"org.apache.lucene.queryParser.surround.query.SimpleTerm$MatchingTermVisitor_1",1,0.00,1.00,3,0.02,230.45,1,0,7,2,1,134.60,0,4,0,1,134.60,0.00,0.00,0.00,0,1.00,1,72.73,0,0,1,java.lang.Object,0.00,1,0,1,0,1,1,0,0,21,0
"org.apache.lucene.queryParser.surround.query.SimpleTerm$Query",2,0.00,2.00,7,0.16,4863.25,2,0,7,10,3,176.38,2,15,0,1,126.38,0.00,0.00,0.00,0,2.00,3,480.47,0,2,3,java.lang.Object,0.00,8,0,4,0,8,0,0,2,100,0
"org.apache.lucene.queryParser.surround.query.SimpleTerm$Query$MatchingTermVisitor_0",1,0.00,1.00,3,0.03,259.44,1,0,7,3,1,134.19,0,4,0,1,134.19,0.00,0.00,0.00,0,1.00,1,82.23,0,0,1,java.lang.Object,0.00,2,0,1,0,2,1,0,0,23,0
"org.apache.lucene.queryParser.surround.query.SingleFieldTestDb",4,0.22,1.50,25,0.27,7895.88,7,3,10,15,11,115.93,0,26,3,1,115.93,0.00,0.00,0.50,0,0.00,3,812.26,0,3,8,java.lang.Object,0.00,11,0,6,0,11,1,0,0,162,1
"org.apache.lucene.queryParser.surround.query.SpanNearClauseFactory",11,0.08,1.45,42,0.51,13890.82,15,4,11,30,14,128.69,2,53,4,1,128.69,0.00,0.00,0.18,3,55.00,3,1538.51,0,4,10,java.lang.Object,0.00,19,0,16,0,19,7,0,2,346,1
"org.apache.lucene.queryParser.surround.query.SrndBooleanQuery",2,0.00,2.00,13,0.17,5395.85,2,0,4,8,7,114.80,0,20,4,1,114.80,0.00,0.00,0.00,1,2.00,2,511.02,0,1,3,java.lang.Object,0.00,6,0,4,0,6,1,0,0,107,0
"org.apache.lucene.queryParser.surround.query.SrndPrefixQuery",7,0.42,1.14,28,0.28,7671.62,9,2,4,18,5,124.57,1,40,1,3,124.57,0.00,0.67,0.14,3,17.00,2,850.77,0,3,4,org.apache.lucene.queryParser.surround.query.SimpleTerm,0.19,11,2,8,0,11,4,0,1,193,1
"org.apache.lucene.queryParser.surround.query.SrndQuery",12,0.36,1.25,34,0.27,4123.24,14,2,3,18,14,139.75,4,41,10,1,139.75,0.00,0.00,0.17,5,34.00,2,795.39,1,6,4,java.lang.Object,0.00,6,0,15,10,6,6,1,4,208,2
"org.apache.lucene.queryParser.surround.query.SrndQuery$BooleanQuery",3,0.00,1.00,7,0.07,810.47,3,0,3,4,2,140.62,1,13,0,1,140.62,0.00,0.00,0.00,0,3.00,1,196.67,0,0,2,java.lang.Object,0.00,1,0,3,0,1,3,0,1,53,0
"org.apache.lucene.queryParser.surround.query.SrndTermQuery",5,1.00,1.20,18,0.21,4718.39,6,1,4,13,5,129.73,2,31,1,3,129.73,0.00,0.67,0.20,2,8.00,2,619.79,0,3,4,org.apache.lucene.queryParser.surround.query.SimpleTerm,0.10,8,2,6,0,8,2,0,2,141,1
"org.apache.lucene.queryParser.surround.query.SrndTruncQuery",7,0.10,2.00,48,0.59,20498.70,12,5,6,27,5,114.51,1,70,1,3,114.51,0.00,0.67,0.29,3,20.00,4,1755.08,0,2,4,org.apache.lucene.queryParser.surround.query.SimpleTerm,0.10,20,2,14,0,20,5,0,1,364,1
"org.apache.lucene.queryParser.surround.query.Test01Exceptions",2,0.00,1.50,10,0.16,2333.90,5,3,3,7,2,170.68,2,39,1,2,120.68,0.00,0.50,0.33,0,2.00,2,492.60,0,0,1,org.apache.lucene.util.LuceneTestCase,0.00,5,1,3,0,5,2,0,2,102,1
"org.apache.lucene.queryParser.surround.query.Test02Boolean",25,0.18,1.00,81,0.76,9785.11,30,5,3,32,4,132.79,0,91,1,2,132.79,0.00,0.50,0.03,1,48.00,1,2272.19,0,0,3,org.apache.lucene.util.LuceneTestCase,0.00,7,1,25,0,7,25,0,0,555,1
"org.apache.lucene.queryParser.surround.query.Test03Distance",47,0.08,1.02,150,1.44,19721.91,57,10,3,57,5,132.54,2,188,1,2,132.54,0.00,0.50,0.02,4,268.00,2,4325.31,0,0,4,org.apache.lucene.util.LuceneTestCase,0.00,10,1,48,0,10,47,0,2,1041,1
"org.apache.lucene.queryParser.surround.query.TooManyBasicQueries",1,0.00,1.00,3,0.02,172.28,1,0,1,1,1,185.59,1,5,1,2,135.59,0.00,0.50,0.00,0,1.00,1,63.94,0,0,0,java.io.IOException,0.00,0,1,1,0,0,1,0,1,20,1
"org.apache.lucene.analysis.kuromoji.util.BinaryDictionaryWriter",12,0.05,3.75,211,3.20,346043.94,20,8,14,56,8,129.56,24,230,2,1,89.68,0.00,0.00,0.17,8,60.00,19,9593.26,0,2,6,java.lang.Object,0.00,44,0,45,2,44,10,0,16,1634,2
"org.apache.lucene.analysis.kuromoji.util.CSVUtil",4,0.17,3.25,46,0.55,28958.43,8,4,3,19,5,101.72,16,56,5,1,101.49,0.00,0.00,0.38,0,2.00,5,1658.81,0,3,0,java.lang.Object,0.00,15,0,13,0,15,1,0,7,327,2
"org.apache.lucene.analysis.kuromoji.util.CharacterDefinitionWriter",4,0.33,2.00,31,0.49,18364.60,7,3,10,19,5,131.09,15,41,1,1,110.48,0.00,0.00,0.58,0,0.00,4,1481.98,0,0,4,java.lang.Object,0.00,15,0,8,0,15,4,0,7,285,2
"org.apache.lucene.analysis.kuromoji.util.ConnectionCostsBuilder",2,0.00,1.50,23,0.40,23630.22,2,0,7,14,2,99.99,0,29,1,1,99.99,0.00,0.00,0.00,0,2.00,2,1214.01,0,0,1,java.lang.Object,0.00,12,0,3,0,12,2,0,0,210,1
"org.apache.lucene.analysis.kuromoji.util.ConnectionCostsWriter",3,0.00,1.67,33,0.46,27334.43,6,3,9,14,6,150.86,4,38,2,1,100.86,0.00,0.00,0.33,0,4.00,3,1387.57,0,0,4,java.lang.Object,0.00,11,0,5,0,11,3,0,2,258,2
"org.apache.lucene.analysis.kuromoji.util.DictionaryBuilder",3,0.00,1.67,44,0.64,24717.64,3,0,2,17,7,97.29,0,53,1,1,97.29,0.00,0.00,0.00,0,3.00,3,1918.23,0,0,6,java.lang.Object,0.00,14,0,5,0,14,3,0,0,349,1
"org.apache.lucene.analysis.kuromoji.util.DictionaryBuilder$DictionaryFormat",0,0.00,0.00,2,0.01,39.30,0,0,2,0,0,171.00,0,1,0,1,171.00,0.00,0.00,0.00,0,0.00,0,19.65,0,0,0,java.lang.Object,0.00,0,0,0,0,0,0,0,0,7,1
"org.apache.lucene.analysis.kuromoji.util.TestToStringUtil",2,0.00,1.00,9,0.09,1128.93,2,0,1,5,1,126.87,0,12,0,2,126.87,0.00,0.50,0.00,0,2.00,1,281.80,0,0,1,org.apache.lucene.util.LuceneTestCase,0.00,3,1,2,0,3,2,0,0,70,1
"org.apache.lucene.analysis.kuromoji.util.ToStringUtil",4,0.11,36.25,785,12.22,1469983.18,7,3,1,11,5,22.97,21,979,5,1,40.84,0.00,0.00,0.25,0,10.00,142,36660.76,0,4,0,java.lang.Object,0.00,7,0,145,0,7,0,0,10,4637,1
"org.apache.lucene.analysis.kuromoji.util.TokenInfoDictionaryBuilder",4,0.00,4.50,105,1.70,125517.38,9,5,20,42,7,34.36,35,116,1,1,82.46,0.00,0.00,0.20,2,6.00,11,5096.51,0,3,6,java.lang.Object,0.00,38,0,18,0,38,1,0,11,821,1
"org.apache.lucene.analysis.kuromoji.util.TokenInfoDictionaryBuilder$Comparator<String",1,0.00,1.00,3,0.04,532.69,1,0,20,2,0,131.73,0,4,0,1,131.73,0.00,0.00,0.00,0,1.00,1,107.76,0,0,0,java.lang.Object,0.00,1,0,1,0,1,1,0,0,30,0
"org.apache.lucene.analysis.kuromoji.util.TokenInfoDictionaryBuilder$FilenameFilter",1,0.00,1.00,3,0.02,217.60,1,0,20,2,0,184.79,1,4,0,1,134.79,0.00,0.00,0.00,0,1.00,1,68.92,0,0,0,java.lang.Object,0.00,1,0,1,0,1,1,0,1,20,0
"org.apache.lucene.analysis.kuromoji.util.TokenInfoDictionaryWriter",4,1.00,1.00,13,0.14,2061.08,5,1,4,8,5,131.85,0,19,2,2,131.85,0.00,0.50,0.25,1,6.00,1,408.32,2,0,3,org.apache.lucene.analysis.kuromoji.util.BinaryDictionaryWriter,0.00,4,1,4,0,4,4,0,0,102,1
"org.apache.lucene.analysis.kuromoji.util.UnknownDictionaryBuilder",5,0.25,2.40,61,0.98,60835.08,7,2,13,28,4,148.37,9,74,1,1,98.37,0.00,0.00,0.30,2,10.00,6,2928.22,0,3,3,java.lang.Object,0.00,23,0,12,0,23,2,0,9,514,1
"org.apache.lucene.analysis.kuromoji.util.UnknownDictionaryBuilder$Comparator<String",1,0.00,1.00,5,0.06,1524.79,1,0,13,2,1,119.86,0,6,0,1,119.86,0.00,0.00,0.00,0,1.00,1,185.42,0,0,1,java.lang.Object,0.00,1,0,1,0,1,1,0,0,46,0
"org.apache.lucene.analysis.kuromoji.util.UnknownDictionaryWriter",5,0.50,1.00,17,0.19,3269.26,6,1,5,11,8,181.03,9,25,3,2,131.03,0.00,0.50,0.60,0,5.00,1,556.27,3,0,5,org.apache.lucene.analysis.kuromoji.util.BinaryDictionaryWriter,0.00,6,1,5,0,6,5,0,4,138,1
"org.apache.lucene.queryParser.core.QueryNodeError",4,2.00,1.00,13,0.10,1316.79,6,2,2,5,9,101.16,25,18,9,2,133.38,0.00,0.50,0.00,0,4.00,1,306.83,0,1,0,java.lang.Error,0.00,1,1,4,0,1,3,1,5,83,1
"org.apache.lucene.queryParser.core.QueryNodeException",8,2.00,1.00,21,0.20,2953.68,10,2,7,11,72,189.55,14,33,70,2,139.55,2.00,0.25,0.00,1,8.00,1,594.69,0,5,2,java.lang.Exception,0.00,3,1,8,2,3,3,1,1,156,1
"org.apache.lucene.queryParser.core.QueryNodeParseException",12,5.00,1.00,31,0.24,3066.66,17,5,5,13,11,180.70,34,45,8,3,140.81,0.50,0.50,0.00,0,12.00,1,719.38,0,2,4,org.apache.lucene.queryParser.core.QueryNodeException,0.00,1,2,12,1,1,10,0,6,194,1
"org.apache.lucene.queryParser.core.QueryParserHelper",10,0.22,1.50,42,0.36,6664.74,14,4,5,15,7,106.07,146,60,1,1,126.21,0.00,0.00,0.05,5,26.00,2,1070.24,0,5,6,java.lang.Object,0.00,5,0,15,3,5,5,0,11,261,1
"org.apache.lucene.document.AbstractField",25,0.02,1.88,114,1.19,44785.34,41,16,6,38,9,123.01,107,149,3,1,122.78,0.00,0.00,0.08,2,355.00,18,3581.00,0,3,6,java.lang.Object,0.00,13,0,47,3,13,22,1,26,757,2
"org.apache.lucene.document.CompressionTools",8,0.00,1.25,41,0.56,21078.24,8,0,5,27,3,138.55,26,55,2,1,117.94,0.00,0.00,0.00,3,8.00,2,1685.77,0,1,1,java.lang.Object,0.00,19,0,10,0,19,7,0,13,356,1
"org.apache.lucene.document.DateTools",7,1.00,1.29,34,0.52,19989.13,8,1,8,23,17,83.71,85,54,15,1,121.27,0.00,0.00,0.00,3,7.00,2,1556.08,0,4,2,java.lang.Object,0.00,16,0,9,0,16,3,0,12,324,1
"org.apache.lucene.document.DateTools$Resolution",2,2.00,1.00,10,0.13,1621.89,4,2,8,6,0,161.90,5,15,0,1,122.02,0.00,0.00,0.00,0,2.00,1,402.99,1,1,0,java.lang.Object,0.00,4,0,2,0,4,1,0,4,93,2
"org.apache.lucene.document.DateTools$ThreadLocal<Calendar>",1,0.00,1.00,3,0.03,357.52,1,0,8,2,0,133.10,0,5,0,1,133.10,0.00,0.00,0.00,0,0.00,1,88.18,0,1,0,java.lang.Object,0.00,1,0,1,0,1,0,0,0,25,0
"org.apache.lucene.document.DateTools$ThreadLocal<SimpleDateFormat",1,0.00,2.00,7,0.09,3080.44,1,0,8,2,0,111.84,0,9,0,1,111.84,0.00,0.00,0.00,0,1.00,2,265.48,0,1,0,java.lang.Object,0.00,1,0,2,0,1,0,0,0,60,0
"org.apache.lucene.document.Deprecated",2,1.33,5.00,37,0.49,20127.87,8,6,3,14,3,141.56,49,50,0,1,92.28,0.00,0.00,0.83,0,0.00,6,1473.36,0,1,3,java.lang.Object,0.00,12,0,10,0,12,1,0,12,280,1
"org.apache.lucene.document.Document",16,0.07,2.50,88,1.21,45165.58,22,6,4,45,391,69.44,142,121,388,1,117.54,0.00,0.00,0.10,1,116.00,4,3620.94,0,7,4,java.lang.Object,0.00,29,0,40,0,29,9,1,18,760,2
"org.apache.lucene.document.Field",19,0.00,2.11,107,1.26,32083.71,19,0,6,26,243,71.23,164,142,239,2,119.34,0.00,0.50,0.00,0,71.00,7,3768.44,1,3,5,org.apache.lucene.document.AbstractField,0.00,7,1,40,0,7,16,2,28,793,2
"org.apache.lucene.document.Field$Index",19,0.00,1.21,51,0.32,4862.39,19,0,6,19,1,190.76,34,63,0,1,140.76,0.00,0.00,0.00,1,19.00,5,963.74,0,2,1,java.lang.Object,0.00,0,0,23,0,0,17,2,10,271,2
"org.apache.lucene.document.Field$Store",2,0.00,1.00,8,0.04,474.82,2,0,6,2,1,150.45,6,11,0,1,129.84,0.00,0.00,0.00,0,2.00,1,130.44,0,0,1,java.lang.Object,0.00,0,0,2,0,0,2,2,2,38,2
"org.apache.lucene.document.Field$TermVector",18,0.00,1.22,49,0.31,5073.47,18,0,6,18,1,190.43,23,60,0,1,140.43,0.00,0.00,0.00,0,18.00,5,937.41,0,1,1,java.lang.Object,0.00,0,0,22,0,0,17,2,7,261,2
"org.apache.lucene.document.FieldSelector",1,0.00,1.00,2,0.01,51.70,1,0,1,1,30,195.76,26,3,29,2,146.28,0.00,0.50,0.00,0,1.00,1,33.60,0,1,1,,0.00,0,1,1,0,0,0,0,3,13,1
"org.apache.lucene.document.FieldSelectorResult",0,0.00,0.00,2,0.01,57.08,0,0,0,0,20,171.00,25,8,20,1,171.00,0.00,0.00,0.00,0,0.00,0,38.05,0,0,0,java.lang.Object,0.00,0,0,0,0,0,0,1,3,11,1
"org.apache.lucene.document.Fieldable",22,0.00,1.00,23,0.09,364.19,22,0,7,22,108,129.18,141,24,104,2,161.40,0.00,0.50,0.00,0,22.00,1,259.45,0,5,4,,0.00,0,1,22,0,0,17,0,23,113,1
"org.apache.lucene.document.LoadFirstFieldSelector",1,0.00,1.00,3,0.02,180.47,1,0,0,1,3,168.82,20,5,1,1,135.43,0.00,0.00,0.00,0,1.00,1,57.02,0,1,2,java.lang.Object,0.00,0,0,1,0,0,0,1,2,18,1
"org.apache.lucene.document.MapFieldSelector",4,0.67,1.50,14,0.16,3801.32,5,1,4,8,6,129.89,17,18,4,1,129.66,0.00,0.00,0.50,0,4.00,2,489.35,0,1,2,java.lang.Object,0.00,4,0,6,0,4,3,1,5,116,1
"org.apache.lucene.document.NumericField",15,0.05,1.93,66,0.72,18486.36,18,3,9,30,30,86.49,183,88,27,2,124.05,0.00,0.50,0.29,0,24.00,8,2152.93,1,9,8,org.apache.lucene.document.AbstractField,0.05,15,1,29,0,15,6,0,21,473,2
"org.apache.lucene.document.NumericField$DataType",0,0.00,0.00,2,0.01,57.06,0,0,9,0,0,171.00,0,1,0,1,171.00,0.00,0.00,0.00,0,0.00,0,28.53,0,0,0,java.lang.Object,0.00,0,0,0,0,0,0,0,0,9,2
"org.apache.lucene.document.SetBasedFieldSelector",2,0.00,2.00,13,0.13,3160.96,4,2,1,3,8,116.15,33,18,6,1,116.62,0.00,0.00,0.50,0,2.00,3,397.98,0,0,2,java.lang.Object,0.00,1,0,4,0,1,2,1,4,97,1
"org.apache.lucene.document.TestBinaryDocument",2,0.00,1.50,48,0.75,22714.28,4,2,4,30,7,67.35,29,56,0,2,87.49,0.00,0.50,0.50,0,2.00,2,2250.39,0,0,7,org.apache.lucene.util.LuceneTestCase,0.00,28,1,3,0,28,2,0,12,393,1
"org.apache.lucene.document.TestDateTools",6,0.00,1.50,116,2.08,76778.12,6,0,8,28,1,58.64,41,137,0,2,90.86,0.00,0.50,0.00,0,6.00,4,6247.12,0,1,1,org.apache.lucene.util.LuceneTestCase,0.00,22,1,9,0,22,5,0,26,1095,1
"org.apache.lucene.document.TestDocument",9,0.44,2.11,149,2.42,105711.80,11,2,10,47,11,61.64,58,182,0,2,93.86,0.00,0.50,0.11,2,16.00,5,7259.15,0,1,11,org.apache.lucene.util.LuceneTestCase,0.00,38,1,19,0,38,8,0,26,1370,1
"org.apache.lucene.document.TestNumberTools",4,0.00,2.50,42,0.43,17009.42,4,0,1,10,0,144.80,8,44,0,2,104.91,0.00,0.50,0.00,1,4.00,3,1276.56,0,0,0,org.apache.lucene.util.LuceneTestCase,0.00,6,1,10,0,6,4,0,8,278,1
"org.apache.lucene.search.grouping.AbstractAllGroupHeadsCollector",8,0.19,1.88,48,0.45,16148.55,11,3,5,15,10,97.93,47,55,7,2,115.80,5.00,0.14,0.17,2,16.00,6,1336.78,0,2,3,org.apache.lucene.index.Collector,0.00,7,1,15,5,7,6,0,14,293,2
"org.apache.lucene.search.grouping.AbstractAllGroupHeadsCollector$GroupHead",3,2.00,1.00,8,0.07,1028.11,5,2,5,3,0,121.94,15,10,0,1,139.81,0.00,0.00,0.00,0,3.00,1,220.93,0,0,0,java.lang.Object,0.00,0,0,3,0,0,3,0,2,62,3
"org.apache.lucene.search.grouping.AbstractAllGroupHeadsCollector$TemporalResult",0,0.00,0.00,3,0.02,116.27,2,2,5,0,0,171.00,0,4,0,1,171.00,0.00,0.00,0.00,0,0.00,0,46.51,0,0,0,java.lang.Object,0.00,0,0,0,0,0,0,0,0,14,1
"org.apache.lucene.search.grouping.AbstractAllGroupsCollector",4,0.00,1.00,7,0.05,438.50,4,0,5,5,4,122.71,27,10,1,2,154.94,1.00,0.33,0.00,1,4.00,1,154.14,0,1,3,org.apache.lucene.search.Collector,0.25,1,1,4,1,1,3,0,4,48,2
"org.apache.lucene.search.grouping.AbstractFirstPassGroupingCollector",9,0.15,5.44,158,2.11,273039.27,18,9,4,34,8,40.94,93,173,1,2,89.42,1.00,0.33,0.25,2,8.00,26,6342.60,0,1,7,org.apache.lucene.index.Collector,0.00,25,1,49,1,25,8,0,53,1106,2
"org.apache.lucene.search.grouping.AbstractFirstPassGroupingCollector$Comparator<CollectedSearchGroup>",1,0.00,5.00,12,0.13,8399.60,1,0,4,2,2,99.47,0,12,0,1,99.47,0.00,0.00,0.00,0,0.00,5,399.22,0,0,2,java.lang.Object,0.00,1,0,5,0,1,1,0,0,81,0
"org.apache.lucene.search.grouping.AbstractSecondPassGroupingCollector",7,0.06,2.29,52,0.85,36634.56,15,8,6,22,11,130.62,27,77,1,2,110.00,1.00,0.33,0.18,1,14.00,5,2553.79,0,0,10,org.apache.lucene.index.Collector,0.00,15,1,16,1,15,7,0,10,490,2
"org.apache.lucene.search.grouping.AbstractSecondPassGroupingCollector$SearchGroupDocs",1,2.00,2.00,6,0.06,1132.10,3,2,6,1,1,117.77,0,8,0,1,117.77,0.00,0.00,0.00,0,1.00,2,171.27,0,0,1,java.lang.Object,0.00,0,0,2,0,0,1,0,0,45,1
"org.apache.lucene.search.grouping.BlockGroupingCollector",7,0.31,7.71,221,2.72,238198.30,29,22,17,41,19,97.35,131,244,1,2,79.21,0.00,0.50,0.31,1,0.00,22,8147.34,0,1,18,org.apache.lucene.index.Collector,0.00,34,1,54,0,34,6,0,64,1376,1
"org.apache.lucene.search.grouping.BlockGroupingCollector$FakeScorer",5,0.38,1.00,13,0.09,1051.80,7,2,17,6,1,141.48,0,23,0,3,141.48,0.00,0.67,0.20,0,11.00,1,263.06,0,0,1,org.apache.lucene.search.Scorer,0.67,1,2,5,0,1,5,0,0,77,3
"org.apache.lucene.search.grouping.BlockGroupingCollector$GroupQueue",2,0.00,2.00,15,0.18,10817.03,2,0,17,2,1,159.92,3,18,0,2,109.92,0.00,0.50,0.00,0,2.00,3,529.98,1,0,1,org.apache.lucene.util.PriorityQueue,0.00,0,1,4,0,0,2,0,3,111,2
"org.apache.lucene.search.grouping.BlockGroupingCollector$OneGroup",0,0.00,0.00,8,0.05,736.37,7,7,17,0,1,171.00,1,9,0,1,171.00,0.00,0.00,0.00,0,0.00,0,154.29,0,0,1,java.lang.Object,0.00,0,0,0,0,0,0,0,1,37,3
"org.apache.lucene.search.grouping.CollectedSearchGroup",0,0.00,0.00,3,0.02,286.80,2,2,4,0,4,171.00,0,4,2,2,171.00,0.00,0.50,0.00,0,0.00,0,71.70,0,0,2,org.apache.lucene.search.grouping.SearchGroup,0.00,0,1,0,0,0,0,0,0,20,0
"org.apache.lucene.search.grouping.GroupDocs",1,5.00,1.00,12,0.12,2204.74,6,5,1,1,16,66.85,12,18,15,1,104.42,0.00,0.00,0.00,0,1.00,1,361.07,0,0,1,java.lang.Object,0.00,0,0,1,0,0,1,0,6,85,1
"org.apache.lucene.search.grouping.SearchGroup",4,0.00,2.75,26,0.37,12867.17,6,2,5,11,19,96.25,21,38,16,1,114.12,0.00,0.00,0.50,0,0.00,6,1103.36,0,2,3,java.lang.Object,0.00,7,0,11,1,7,2,0,5,241,1
"org.apache.lucene.search.grouping.SearchGroup$GroupComparator",2,1.00,3.50,32,0.40,23504.87,4,2,5,6,3,143.74,3,32,0,1,93.74,0.00,0.00,1.00,0,0.00,4,1213.43,0,0,3,java.lang.Object,0.00,4,0,7,0,4,2,1,3,239,2
"org.apache.lucene.search.grouping.SearchGroup$GroupMerger",3,0.67,7.00,80,1.23,114977.49,6,3,5,20,3,39.39,22,94,0,1,81.68,0.00,0.00,0.78,1,0.00,12,3704.22,0,1,3,java.lang.Object,0.00,17,0,21,0,17,2,0,22,639,2
"org.apache.lucene.search.grouping.SearchGroup$MergedGroup",4,0.06,2.25,32,0.29,9560.38,10,6,5,7,0,160.52,4,44,0,1,110.52,0.00,0.00,0.12,1,0.00,3,873.97,0,0,0,java.lang.Object,0.00,3,0,9,0,3,4,0,4,195,2
"org.apache.lucene.search.grouping.SearchGroup$ShardIter",3,0.00,1.33,15,0.17,4032.93,5,2,5,7,1,120.22,0,21,0,1,120.22,0.00,0.00,0.50,0,2.00,2,501.82,0,1,1,java.lang.Object,0.00,4,0,4,0,4,2,0,0,117,2
"org.apache.lucene.search.grouping.SentinelIntSet",9,0.22,2.44,72,0.80,54238.48,13,4,1,12,6,157.34,14,80,5,1,107.34,0.00,0.00,0.44,5,0.00,6,2390.17,0,0,1,java.lang.Object,0.00,3,0,22,0,3,9,0,6,501,1
"org.apache.lucene.search.grouping.TermAllGroupHeadsCollector",4,0.20,2.25,32,0.37,12261.57,9,5,4,10,11,61.57,33,38,7,3,109.67,2.00,0.29,0.05,2,6.00,6,1113.84,0,0,4,org.apache.lucene.search.grouping.AbstractAllGroupHeadsCollector,0.00,6,2,9,4,6,4,0,6,232,2
"org.apache.lucene.search.grouping.TermAllGroupHeadsCollector$GeneralAllGroupHeadsCollector",5,0.08,3.00,47,0.58,20418.83,8,3,4,15,5,106.72,1,50,0,4,106.72,0.00,0.75,0.27,0,5.00,4,1743.16,0,1,5,org.apache.lucene.search.grouping.TermAllGroupHeadsCollector,0.47,10,3,15,0,10,4,0,1,352,1
"org.apache.lucene.search.grouping.TermAllGroupHeadsCollector$GeneralAllGroupHeadsCollector$GroupHead",3,0.50,2.00,25,0.30,10531.85,4,1,4,12,3,109.23,0,26,0,2,109.23,0.00,0.50,0.67,0,0.00,3,911.72,0,0,3,AbstractAllGroupHeadsCollector.GroupHead,0.00,9,1,6,0,9,3,0,0,186,0
"org.apache.lucene.search.grouping.TermAllGroupHeadsCollector$GeneralAllGroupHeadsCollector$OrdScoreAllGroupHeadsCollector",5,0.29,3.00,66,0.87,40307.51,11,6,4,18,7,98.43,2,70,0,4,98.43,0.00,0.75,0.40,0,0.00,7,2596.97,0,1,7,org.apache.lucene.search.grouping.TermAllGroupHeadsCollector,0.47,13,3,15,0,13,4,0,2,488,1
"org.apache.lucene.search.grouping.TermAllGroupHeadsCollector$GeneralAllGroupHeadsCollector$OrdScoreAllGroupHeadsCollector$GroupHead_0",3,1.00,4.67,50,0.65,32186.65,6,3,4,4,1,93.99,1,57,0,2,93.99,0.00,0.50,1.00,0,0.00,8,1946.12,0,0,1,AbstractAllGroupHeadsCollector.GroupHead,0.00,1,1,14,0,1,3,0,1,373,0
"org.apache.lucene.search.grouping.TermAllGroupHeadsCollector$GeneralAllGroupHeadsCollector$OrdScoreAllGroupHeadsCollector$OrdAllGroupHeadsCollector",5,0.35,2.60,60,0.78,33464.26,10,5,4,17,7,100.40,2,62,0,4,100.40,0.00,0.75,0.48,0,0.00,5,2344.84,0,1,7,org.apache.lucene.search.grouping.TermAllGroupHeadsCollector,0.47,12,3,13,0,12,4,0,2,447,1
"org.apache.lucene.search.grouping.TermAllGroupHeadsCollector$GeneralAllGroupHeadsCollector$OrdScoreAllGroupHeadsCollector$OrdAllGroupHeadsCollector$GroupHead_1",3,0.75,3.00,34,0.42,19217.61,5,2,4,4,0,101.93,1,37,0,2,101.93,0.00,0.50,1.00,0,0.00,5,1253.01,0,0,0,AbstractAllGroupHeadsCollector.GroupHead,0.00,1,1,9,0,1,3,0,1,261,0
"org.apache.lucene.search.grouping.TermAllGroupHeadsCollector$GeneralAllGroupHeadsCollector$OrdScoreAllGroupHeadsCollector$OrdAllGroupHeadsCollector$ScoreAllGroupHeadsCollector",5,0.20,2.20,49,0.61,22071.32,10,5,4,16,6,106.52,1,56,0,4,106.52,0.00,0.75,0.36,0,0.00,3,1827.29,0,1,6,org.apache.lucene.search.grouping.TermAllGroupHeadsCollector,0.47,11,3,11,0,11,4,0,1,360,1
"org.apache.lucene.search.grouping.TermAllGroupHeadsCollector$GeneralAllGroupHeadsCollector$OrdScoreAllGroupHeadsCollector$OrdAllGroupHeadsCollector$ScoreAllGroupHeadsCollector$GroupHead_2",3,0.00,2.33,26,0.26,8275.14,4,1,4,3,0,110.02,0,27,0,2,110.02,0.00,0.50,1.00,0,0.00,3,765.79,0,0,0,AbstractAllGroupHeadsCollector.GroupHead,0.00,0,1,7,0,0,3,0,0,165,0
"org.apache.lucene.search.grouping.TermAllGroupHeadsCollectorTest",7,0.00,7.57,307,6.22,663951.42,7,0,14,80,18,110.29,17,336,0,2,70.41,0.00,0.50,0.00,4,7.00,28,18670.93,0,2,18,org.apache.lucene.util.LuceneTestCase,0.00,73,1,53,0,73,5,0,17,2757,1
"org.apache.lucene.search.grouping.TermAllGroupHeadsCollectorTest$Comparator<GroupDoc>",1,0.00,11.00,25,0.37,28973.49,1,0,14,10,1,133.17,1,29,0,1,83.17,0.00,0.00,0.00,0,1.00,11,1120.13,0,0,1,java.lang.Object,0.00,9,0,11,0,9,1,0,1,203,0
"org.apache.lucene.search.grouping.TermAllGroupHeadsCollectorTest$GroupDoc",1,7.00,1.00,15,0.12,2586.54,8,7,14,1,0,150.25,1,17,0,1,100.25,0.00,0.00,0.00,0,1.00,1,367.41,0,0,0,java.lang.Object,0.00,0,0,1,0,0,1,0,1,91,2
"org.apache.lucene.search.grouping.TermAllGroupsCollector",5,0.25,1.80,28,0.33,7378.73,10,5,6,13,8,77.55,36,36,4,3,119.84,0.00,0.67,0.40,0,0.00,3,976.62,0,1,4,org.apache.lucene.search.grouping.AbstractAllGroupsCollector,0.46,8,2,9,0,8,4,0,5,210,1
"org.apache.lucene.search.grouping.TermAllGroupsCollectorTest",1,0.00,1.00,53,1.35,92365.47,1,0,9,23,9,19.47,8,59,0,2,67.58,0.00,0.50,0.00,0,1.00,1,4058.01,0,0,9,org.apache.lucene.util.LuceneTestCase,0.00,22,1,1,0,22,1,0,8,655,1
"org.apache.lucene.search.grouping.TermFirstPassGroupingCollector",4,0.17,1.25,14,0.17,3467.45,6,2,4,5,7,112.14,23,22,3,3,130.02,0.00,0.67,0.38,0,4.00,2,523.91,1,2,4,org.apache.lucene.search.grouping.AbstractFirstPassGroupingCollector,0.23,1,2,5,0,1,2,0,2,124,1
"org.apache.lucene.search.grouping.TermSecondPassGroupingCollector",3,0.50,2.33,24,0.40,12632.18,6,3,5,10,8,129.19,9,34,3,3,108.58,0.00,0.67,0.67,0,0.00,4,1201.43,1,1,5,org.apache.lucene.search.grouping.AbstractSecondPassGroupingCollector,0.30,7,2,7,0,7,2,0,3,232,1
"org.apache.lucene.search.grouping.TestGrouping",14,0.00,11.64,687,14.44,2226809.77,14,0,15,152,29,48.55,76,788,0,2,66.43,0.00,0.50,0.00,9,14.00,83,43311.55,0,8,29,org.apache.lucene.util.LuceneTestCase,0.00,138,1,163,0,138,6,0,76,6086,1
"org.apache.lucene.search.grouping.TestGrouping$Comparator<GroupDoc>",1,0.00,9.00,23,0.29,19756.00,1,0,15,9,1,125.76,2,27,0,1,85.87,0.00,0.00,0.00,0,1.00,9,882.24,0,0,1,java.lang.Object,0.00,8,0,9,0,8,1,0,2,165,0
"org.apache.lucene.search.grouping.TestGrouping$GroupDoc",1,7.00,1.00,14,0.11,2125.24,8,7,15,1,0,152.04,1,16,0,1,102.04,0.00,0.00,0.00,0,1.00,1,327.23,0,0,0,java.lang.Object,0.00,0,0,1,0,0,1,0,1,82,2
"org.apache.lucene.search.grouping.TestGrouping$ShardSearcher",4,0.33,1.00,10,0.10,1228.17,5,1,15,6,4,140.18,0,16,0,1,140.18,0.00,0.00,0.75,0,0.00,1,300.11,0,2,4,java.lang.Object,0.00,2,0,4,0,2,2,0,0,80,2
"org.apache.lucene.search.grouping.TestGrouping$ShardState",1,0.00,4.00,21,0.22,11784.57,3,2,15,5,2,139.30,1,20,0,1,89.30,0.00,0.00,1.00,0,0.00,4,650.31,0,0,2,java.lang.Object,0.00,4,0,4,0,4,1,0,1,135,2
"org.apache.lucene.search.grouping.TopGroups",3,0.17,6.00,76,1.26,203219.81,9,6,5,12,21,42.84,37,104,16,1,80.40,0.00,0.00,0.06,0,4.00,16,3769.77,0,1,5,java.lang.Object,0.00,9,0,18,0,9,2,0,15,647,1
"org.apache.lucene.analysis.pt.PortugueseAnalyzer",5,0.50,2.00,24,0.33,8849.58,7,2,18,18,16,72.81,49,35,1,4,122.81,0.00,0.75,0.10,0,8.00,3,982.78,0,1,15,org.apache.lucene.analysis.StopwordAnalyzerBase,0.00,13,3,10,0,13,4,0,8,211,2
"org.apache.lucene.analysis.pt.PortugueseAnalyzer$DefaultSetHolder",0,0.00,0.00,6,0.07,1211.01,1,1,18,0,3,171.00,2,11,0,1,171.00,0.00,0.00,0.00,0,0.00,0,217.37,0,0,3,java.lang.Object,0.00,0,0,0,0,0,0,0,2,50,2
"org.apache.lucene.analysis.pt.PortugueseLightStemFilter",2,0.33,2.00,14,0.16,3794.18,5,3,6,8,9,113.74,9,20,3,4,113.50,0.00,0.75,0.50,0,2.00,3,481.98,0,0,6,org.apache.lucene.analysis.TokenFilter,0.29,6,3,4,0,6,2,0,1,107,2
"org.apache.lucene.analysis.pt.PortugueseLightStemmer",3,0.00,11.00,73,1.25,100714.89,3,0,1,4,1,123.21,7,122,1,1,83.32,0.00,0.00,0.00,0,3.00,14,3736.92,0,0,0,java.lang.Object,0.00,1,0,33,0,1,3,0,1,670,1
"org.apache.lucene.analysis.pt.PortugueseMinimalStemFilter",2,0.33,2.00,14,0.16,3794.18,5,3,6,8,8,113.74,9,20,2,4,113.50,0.00,0.75,0.50,0,2.00,3,481.98,0,0,6,org.apache.lucene.analysis.TokenFilter,0.29,6,3,4,0,6,2,0,1,107,2
"org.apache.lucene.analysis.pt.PortugueseMinimalStemmer",1,0.00,1.00,4,0.06,973.48,2,1,0,3,2,172.84,27,7,1,2,125.01,0.00,0.50,1.00,0,0.00,1,170.48,0,0,1,org.apache.lucene.analysis.pt.RSLPStemmerBase,0.00,2,1,1,0,2,1,0,2,42,1
"org.apache.lucene.analysis.pt.PortugueseStemFilter",2,0.33,2.00,15,0.18,4744.35,5,3,6,8,8,94.87,10,21,2,4,112.74,0.00,0.75,0.50,0,2.00,3,535.08,0,0,6,org.apache.lucene.analysis.TokenFilter,0.29,6,3,4,0,6,2,0,2,116,2
"org.apache.lucene.analysis.pt.PortugueseStemmer",1,0.00,13.00,46,0.71,38971.65,8,7,1,2,2,52.09,14,61,1,2,72.23,0.00,0.50,1.00,0,0.00,13,2131.11,1,0,1,org.apache.lucene.analysis.pt.RSLPStemmerBase,0.00,1,1,13,0,1,1,0,5,364,1
"org.apache.lucene.analysis.pt.RSLPStemmerBase",6,0.10,3.33,71,1.24,74603.25,10,4,14,35,3,51.16,64,98,2,1,99.63,0.00,0.00,0.17,3,14.00,7,3733.28,0,6,1,java.lang.Object,0.00,29,0,20,4,29,0,0,7,691,2
"org.apache.lucene.analysis.pt.RSLPStemmerBase$Rule",3,0.17,1.33,14,0.18,4446.23,6,3,14,5,0,123.74,12,19,0,1,123.51,0.00,0.00,0.44,0,1.00,2,535.01,0,0,0,java.lang.Object,0.00,2,0,4,0,2,3,0,3,130,2
"org.apache.lucene.analysis.pt.RSLPStemmerBase$RuleWithSetExceptions",2,1.00,2.00,12,0.20,6148.13,3,1,14,7,1,114.35,0,17,0,2,114.35,0.00,0.50,0.50,0,2.00,3,599.57,1,0,1,org.apache.lucene.analysis.pt.Rule,0.00,5,1,4,0,5,2,0,0,123,2
"org.apache.lucene.analysis.pt.RSLPStemmerBase$RuleWithSuffixExceptions",2,1.00,4.00,19,0.28,12563.05,3,1,14,4,0,105.18,1,23,0,2,105.18,0.00,0.50,0.50,0,2.00,4,849.28,1,0,0,org.apache.lucene.analysis.pt.Rule,0.00,2,1,8,0,2,2,0,1,173,2
"org.apache.lucene.analysis.pt.RSLPStemmerBase$Step",2,0.25,6.50,37,0.44,27817.76,6,4,14,5,0,73.24,10,41,0,1,91.12,0.00,0.00,0.38,0,2.00,8,1328.87,0,0,0,java.lang.Object,0.00,3,0,13,0,3,2,0,2,265,2
"org.apache.lucene.analysis.pt.TestPortugueseAnalyzer",4,0.00,1.00,15,0.16,2494.63,4,0,4,7,4,181.19,7,21,0,3,131.19,0.00,0.67,0.00,0,4.00,1,481.49,3,0,4,org.apache.lucene.analysis.BaseTokenStreamTestCase,0.00,3,2,4,0,3,4,0,6,114,1
"org.apache.lucene.analysis.pt.TestPortugueseLightStemFilter",4,0.00,1.00,24,0.29,4912.01,4,0,10,6,7,138.26,12,40,0,3,117.65,0.00,0.67,0.00,0,4.00,1,876.21,3,0,7,org.apache.lucene.analysis.BaseTokenStreamTestCase,0.00,2,2,4,0,2,4,0,5,188,1
"org.apache.lucene.analysis.pt.TestPortugueseLightStemFilter$ReusableAnalyzerBase",1,0.00,1.00,5,0.06,1073.53,1,0,10,5,5,121.06,0,8,0,1,121.06,0.00,0.00,0.00,0,1.00,1,188.94,0,0,5,java.lang.Object,0.00,4,0,1,0,4,1,0,0,44,0
"org.apache.lucene.analysis.pt.TestPortugueseMinimalStemFilter",3,0.00,1.00,9,0.15,1795.40,3,0,10,5,7,151.95,9,24,0,3,131.33,0.00,0.67,0.00,0,3.00,1,453.62,2,0,7,org.apache.lucene.analysis.BaseTokenStreamTestCase,0.00,2,2,3,0,2,3,0,4,97,1
"org.apache.lucene.analysis.pt.TestPortugueseMinimalStemFilter$ReusableAnalyzerBase",1,0.00,1.00,5,0.06,1073.53,1,0,10,5,5,121.06,0,8,0,1,121.06,0.00,0.00,0.00,0,1.00,1,188.94,0,0,5,java.lang.Object,0.00,4,0,1,0,4,1,0,0,44,0
"org.apache.lucene.analysis.pt.TestPortugueseStemFilter",3,0.00,1.00,9,0.15,1795.40,3,0,10,5,7,151.95,9,24,0,3,131.33,0.00,0.67,0.00,0,3.00,1,453.62,2,0,7,org.apache.lucene.analysis.BaseTokenStreamTestCase,0.00,2,2,3,0,2,3,0,4,97,1
"org.apache.lucene.analysis.pt.TestPortugueseStemFilter$ReusableAnalyzerBase",1,0.00,1.00,5,0.06,1073.53,1,0,10,5,5,121.06,0,8,0,1,121.06,0.00,0.00,0.00,0,1.00,1,188.94,0,0,5,java.lang.Object,0.00,4,0,1,0,4,1,0,0,44,0
"org.apache.lucene.index.pruning.CarmelTopKTermPruningPolicy",7,0.13,2.29,65,0.98,51045.17,16,9,18,22,16,75.42,97,90,2,3,104.80,0.00,0.67,0.22,0,19.00,6,2945.26,0,0,14,org.apache.lucene.index.pruning.TermPruningPolicy,0.00,15,2,16,0,15,7,0,30,542,1
"org.apache.lucene.index.pruning.CarmelTopKTermPruningPolicy$ByDocComparator",1,1.00,1.00,4,0.05,1144.55,2,1,18,2,1,124.46,0,7,0,1,124.46,0.00,0.00,0.00,0,1.00,1,150.61,0,0,1,java.lang.Object,0.00,1,0,1,0,1,1,1,0,39,2
"org.apache.lucene.index.pruning.CarmelTopKTermPruningPolicy$ThresholdCollector",5,0.06,1.20,17,0.19,3681.20,9,4,18,9,3,130.58,0,29,0,2,130.58,0.00,0.50,0.20,0,8.00,2,572.09,0,0,3,org.apache.lucene.index.Collector,0.00,4,1,6,0,4,5,0,0,136,2
"org.apache.lucene.index.pruning.CarmelUniformTermPruningPolicy",6,0.09,2.50,55,0.77,30515.73,13,7,16,23,13,56.01,54,77,1,3,106.01,0.00,0.67,0.21,0,10.00,5,2316.23,0,0,12,org.apache.lucene.index.pruning.TermPruningPolicy,0.00,17,2,15,0,17,6,0,12,443,1
"org.apache.lucene.index.pruning.CarmelUniformTermPruningPolicy$ByDocComparator",1,1.00,1.00,4,0.05,1144.55,2,1,16,2,1,124.46,0,7,0,1,124.46,0.00,0.00,0.00,0,1.00,1,150.61,0,0,1,java.lang.Object,0.00,1,0,1,0,1,1,1,0,39,2
"org.apache.lucene.index.pruning.PruningPolicy",0,0.00,0.00,6,0.07,971.36,5,5,0,0,4,171.00,24,7,4,1,171.00,0.00,0.00,0.00,0,0.00,0,208.15,0,0,0,java.lang.Object,0.00,0,0,0,6,0,0,0,7,49,1
"org.apache.lucene.index.pruning.PruningTool",2,0.00,16.00,111,2.20,247416.25,2,0,13,39,15,85.96,7,131,0,1,65.34,0.00,0.00,0.00,1,2.00,31,6592.98,0,0,15,java.lang.Object,0.00,37,0,32,0,37,2,0,3,919,1
"org.apache.lucene.index.pruning.RIDFTermPruningPolicy",6,0.05,1.67,33,0.46,13195.29,10,4,8,16,7,168.49,8,52,1,3,118.49,0.00,0.67,0.29,0,6.00,4,1380.84,0,0,6,org.apache.lucene.index.pruning.TermPruningPolicy,0.00,10,2,10,0,10,6,0,3,286,1
"org.apache.lucene.index.pruning.StorePruningPolicy",3,0.25,3.00,34,0.40,12887.17,9,6,13,18,10,53.29,28,42,3,2,103.29,0.00,0.50,0.33,0,0.00,4,1198.44,0,2,7,org.apache.lucene.index.pruning.PruningPolicy,0.00,15,1,9,0,15,1,0,8,242,1
"org.apache.lucene.index.pruning.StorePruningPolicy$DelFieldSelector",3,0.17,2.00,17,0.22,6908.02,6,3,13,7,2,118.29,0,23,0,1,118.29,0.00,0.00,0.22,0,4.00,4,649.21,0,1,2,java.lang.Object,0.00,4,0,6,0,4,2,1,0,138,0
"org.apache.lucene.index.pruning.TFTermPruningPolicy",6,0.13,2.83,58,0.75,31653.34,9,3,9,19,9,126.47,18,80,2,3,105.85,0.00,0.67,0.44,0,6.00,5,2259.86,0,0,7,org.apache.lucene.index.pruning.TermPruningPolicy,0.00,13,2,17,0,13,6,0,5,449,1
"org.apache.lucene.index.pruning.TermPruningPolicy",9,0.38,1.44,28,0.35,6601.55,11,2,9,13,13,101.17,122,45,6,2,130.55,4.00,0.17,0.17,0,18.00,2,1039.98,0,0,7,org.apache.lucene.index.pruning.PruningPolicy,0.00,4,1,13,4,4,9,0,11,243,2
"org.apache.lucene.search.suggest.jaspell.JaspellLookup",8,0.18,3.62,106,1.53,77045.87,15,7,15,44,11,97.78,4,134,3,2,97.78,0.00,0.50,0.30,2,0.00,8,4577.49,0,2,8,org.apache.lucene.search.suggest.Lookup,0.00,36,1,29,0,36,6,0,4,855,1
"org.apache.lucene.search.suggest.jaspell.JaspellTernarySearchTrie",30,0.18,3.30,268,3.77,390658.03,33,3,8,64,1,67.07,366,397,1,1,104.64,0.00,0.00,0.16,13,234.00,15,11300.90,0,15,0,java.lang.Object,0.00,34,0,99,0,34,15,0,38,2177,1
"org.apache.lucene.search.suggest.jaspell.JaspellTernarySearchTrie$TSTNode",1,5.00,1.00,8,0.09,1453.23,8,7,8,1,0,74.85,12,10,0,1,112.41,0.00,0.00,0.29,0,0.00,1,280.48,0,0,0,java.lang.Object,0.00,0,0,1,0,0,1,0,5,64,2
"org.apache.lucene.analysis.de.GermanAnalyzer",11,0.20,1.91,46,0.75,17874.17,14,3,23,30,19,73.11,100,83,1,4,123.11,0.00,0.75,0.15,0,16.00,3,2256.97,1,1,18,org.apache.lucene.analysis.StopwordAnalyzerBase,0.00,19,3,21,0,19,10,0,20,462,2
"org.apache.lucene.analysis.de.GermanAnalyzer$DefaultSetHolder",0,0.00,0.00,7,0.13,2828.59,2,2,23,3,4,171.00,3,14,0,1,171.00,0.00,0.00,0.00,0,0.00,0,381.15,0,0,4,java.lang.Object,0.00,3,0,0,0,3,0,0,3,81,2
"org.apache.lucene.analysis.de.GermanLightStemFilter",2,0.33,2.00,14,0.16,3794.18,5,3,6,8,9,113.74,9,20,3,4,113.50,0.00,0.75,0.50,0,2.00,3,481.98,0,0,6,org.apache.lucene.analysis.TokenFilter,0.29,6,3,4,0,6,2,0,1,107,2
"org.apache.lucene.analysis.de.GermanLightStemmer",4,0.00,4.50,32,0.69,36340.93,4,0,0,4,1,85.65,56,65,1,1,105.80,0.00,0.00,0.00,1,4.00,7,2080.72,0,0,0,java.lang.Object,0.00,0,0,18,0,0,4,0,4,419,1
"org.apache.lucene.analysis.de.GermanMinimalStemFilter",2,0.33,2.00,14,0.16,3794.18,5,3,6,8,8,113.74,9,20,2,4,113.50,0.00,0.75,0.50,0,2.00,3,481.98,0,0,6,org.apache.lucene.analysis.TokenFilter,0.29,6,3,4,0,6,2,0,1,107,2
"org.apache.lucene.analysis.de.GermanMinimalStemmer",1,0.00,19.00,22,0.41,48542.86,1,0,0,1,1,46.47,56,28,1,1,83.35,0.00,0.00,0.00,0,1.00,19,1221.27,0,0,0,java.lang.Object,0.00,0,0,19,0,0,1,0,4,229,1
"org.apache.lucene.analysis.de.GermanNormalizationFilter",2,0.50,7.50,48,0.58,54026.99,6,4,5,8,7,35.68,20,66,3,4,84.15,0.00,0.75,0.50,0,2.00,14,1744.36,0,0,4,org.apache.lucene.analysis.TokenFilter,0.29,6,3,15,0,6,2,0,5,308,2
"org.apache.lucene.analysis.de.GermanStemFilter",5,0.06,2.20,25,0.32,9790.48,9,4,7,13,10,76.53,37,42,4,4,118.82,0.00,0.75,0.20,0,8.00,4,956.00,0,0,6,org.apache.lucene.analysis.TokenFilter,0.24,8,3,11,0,8,5,0,9,206,2
"org.apache.lucene.analysis.de.GermanStemmer",7,0.33,6.29,125,2.11,186671.07,9,2,0,20,1,52.26,84,172,1,1,89.83,0.00,0.00,0.21,5,18.00,14,6323.92,0,1,0,java.lang.Object,0.00,13,0,44,0,13,6,0,24,1180,1
"org.apache.lucene.analysis.de.TestGermanAnalyzer",8,0.00,1.00,43,0.55,11532.40,8,0,8,17,7,170.05,10,58,0,3,120.05,0.00,0.67,0.00,0,8.00,1,1638.87,3,0,7,org.apache.lucene.analysis.BaseTokenStreamTestCase,0.00,9,2,8,0,9,8,0,5,360,1
"org.apache.lucene.analysis.de.TestGermanLightStemFilter",2,0.00,1.00,7,0.06,584.23,2,0,8,4,5,173.67,5,11,0,3,133.79,0.00,0.67,0.00,0,2.00,1,173.53,1,0,5,org.apache.lucene.analysis.BaseTokenStreamTestCase,0.00,2,2,2,0,2,2,0,3,46,1
"org.apache.lucene.analysis.de.TestGermanLightStemFilter$ReusableAnalyzerBase",1,0.00,1.00,4,0.05,1009.20,1,0,8,4,3,124.89,0,7,0,1,124.89,0.00,0.00,0.00,0,1.00,1,159.62,0,0,3,java.lang.Object,0.00,3,0,1,0,3,1,0,0,38,0
"org.apache.lucene.analysis.de.TestGermanMinimalStemFilter",3,0.00,1.00,16,0.14,1661.41,3,0,8,5,5,163.21,6,21,0,3,123.32,0.00,0.67,0.00,0,3.00,1,432.06,2,0,5,org.apache.lucene.analysis.BaseTokenStreamTestCase,0.00,2,2,3,0,2,3,0,4,101,1
"org.apache.lucene.analysis.de.TestGermanMinimalStemFilter$ReusableAnalyzerBase",1,0.00,1.00,4,0.05,1009.20,1,0,8,4,3,124.89,0,7,0,1,124.89,0.00,0.00,0.00,0,1.00,1,159.62,0,0,3,java.lang.Object,0.00,3,0,1,0,3,1,0,0,38,0
"org.apache.lucene.analysis.de.TestGermanNormalizationFilter",4,0.00,1.00,12,0.09,934.83,4,0,8,5,6,155.16,13,18,0,3,134.55,0.00,0.67,0.00,0,4.00,1,279.91,2,0,6,org.apache.lucene.analysis.BaseTokenStreamTestCase,0.00,1,2,4,0,1,4,0,5,76,1
"org.apache.lucene.analysis.de.TestGermanNormalizationFilter$ReusableAnalyzerBase",1,0.00,1.00,5,0.07,1408.25,1,0,8,4,4,120.13,0,7,0,1,120.13,0.00,0.00,0.00,0,1.00,1,198.40,0,0,4,java.lang.Object,0.00,3,0,1,0,3,1,0,0,45,0
"org.apache.lucene.analysis.de.TestGermanStemFilter",3,0.00,1.00,11,0.10,1132.76,3,0,9,8,6,153.52,9,16,0,3,132.91,0.00,0.67,0.00,0,3.00,1,293.63,2,0,6,org.apache.lucene.analysis.BaseTokenStreamTestCase,0.00,5,2,3,0,5,3,0,4,75,1
"org.apache.lucene.analysis.de.TestGermanStemFilter$ReusableAnalyzerBase",1,0.00,1.00,4,0.05,839.11,1,0,9,5,4,125.52,0,8,0,1,125.52,0.00,0.00,0.00,0,1.00,1,157.34,0,0,4,java.lang.Object,0.00,4,0,1,0,4,1,0,0,38,0
"org.apache.solr.search.grouping.distributed.responseprocessor.SearchGroupShardResponseProcessor",1,0.00,12.00,47,1.16,106473.47,1,0,12,36,11,36.25,6,56,1,1,68.47,0.00,0.00,0.00,0,1.00,12,3472.62,0,0,10,java.lang.Object,0.00,35,0,12,0,35,1,1,2,531,1
"org.apache.solr.search.grouping.distributed.responseprocessor.StoredFieldsShardResponseProcessor",1,0.00,4.00,15,0.28,8293.58,1,0,9,15,10,63.73,6,19,1,1,95.95,0.00,0.00,0.00,0,1.00,4,850.85,0,0,9,java.lang.Object,0.00,14,0,4,0,14,1,1,2,148,1
"org.apache.solr.search.grouping.distributed.responseprocessor.TopGroupsShardResponseProcessor",1,0.00,19.00,74,1.55,180478.48,1,0,20,44,16,16.91,7,82,1,1,59.20,0.00,0.00,0.00,0,1.00,19,4652.17,0,0,15,java.lang.Object,0.00,43,0,19,0,43,1,1,3,675,1
"org.apache.lucene.analysis.pl.PolishAnalyzer",5,0.19,1.80,24,0.33,7970.00,9,4,19,16,16,75.08,43,34,1,4,123.19,0.00,0.75,0.10,0,8.00,3,995.11,0,1,15,org.apache.lucene.analysis.StopwordAnalyzerBase,0.00,11,3,9,0,11,4,0,9,216,2
"org.apache.lucene.analysis.pl.PolishAnalyzer$DefaultsHolder",0,0.00,0.00,10,0.14,2762.66,2,2,19,0,5,171.00,4,17,0,1,171.00,0.00,0.00,0.00,0,0.00,0,406.15,0,0,5,java.lang.Object,0.00,0,0,0,0,0,0,0,4,86,2
"org.apache.lucene.analysis.pl.TestPolishAnalyzer",4,0.00,1.00,15,0.16,2523.29,4,0,4,7,4,181.15,7,21,0,3,131.15,0.00,0.67,0.00,0,4.00,1,486.07,3,0,4,org.apache.lucene.analysis.BaseTokenStreamTestCase,0.00,3,2,4,0,3,4,0,6,115,1
"org.apache.lucene.analysis.da.DanishAnalyzer",5,0.50,1.80,21,0.29,7141.30,7,2,18,16,15,75.46,42,31,1,4,123.56,0.00,0.75,0.10,0,8.00,3,866.52,0,1,14,org.apache.lucene.analysis.StopwordAnalyzerBase,0.00,11,3,9,0,11,4,0,8,192,2
"org.apache.lucene.analysis.da.DanishAnalyzer$DefaultSetHolder",0,0.00,0.00,6,0.07,1211.01,1,1,18,0,3,171.00,2,11,0,1,171.00,0.00,0.00,0.00,0,0.00,0,217.37,0,0,3,java.lang.Object,0.00,0,0,0,0,0,0,0,2,50,2
"org.apache.lucene.analysis.da.TestDanishAnalyzer",4,0.00,1.00,15,0.16,2613.59,4,0,4,7,4,181.03,7,21,0,3,131.03,0.00,0.67,0.00,0,4.00,1,476.37,3,0,4,org.apache.lucene.analysis.BaseTokenStreamTestCase,0.00,3,2,4,0,3,4,0,6,114,1
"org.apache.lucene.spatial.geometry.shape.Deprecated",6,0.20,1.50,30,0.65,20264.30,12,6,0,7,0,117.28,29,64,0,1,117.05,0.00,0.00,0.33,1,6.00,3,1953.16,0,0,0,java.lang.Object,0.00,1,0,9,0,1,6,0,20,362,1
"org.apache.lucene.spatial.geometry.shape.Ellipse",9,0.14,2.67,99,1.81,177726.73,17,8,0,28,6,65.88,59,125,0,1,98.10,0.00,0.00,0.25,3,4.00,9,5420.06,0,2,6,java.lang.Object,0.00,19,0,24,0,19,7,1,31,1008,1
"org.apache.lucene.spatial.geometry.shape.Geometry2D",5,0.00,1.00,6,0.03,135.26,5,0,0,5,5,141.85,25,7,3,1,159.72,0.00,0.00,0.00,0,5.00,1,90.17,0,2,4,,0.00,0,0,5,0,0,3,0,6,35,1
"org.apache.lucene.spatial.geometry.shape.IntersectCase",0,0.00,0.00,2,0.01,57.06,0,0,0,0,3,171.00,6,6,3,1,171.00,0.00,0.00,0.00,0,0.00,0,28.53,0,0,1,java.lang.Object,0.00,0,0,0,0,0,0,1,1,9,1
"org.apache.lucene.spatial.geometry.shape.LLRect",14,0.00,2.21,79,1.11,62370.49,16,2,2,28,6,155.90,35,112,3,1,116.01,0.00,0.00,0.50,2,2.00,10,3321.31,0,9,3,java.lang.Object,0.00,14,0,31,0,14,5,0,14,724,1
"org.apache.lucene.spatial.geometry.shape.LineSegment",5,0.62,3.80,42,0.54,27638.39,7,2,0,16,4,89.66,28,60,2,1,107.53,0.00,0.00,1.00,0,0.00,10,1624.01,0,0,2,java.lang.Object,0.00,11,0,19,0,11,5,0,12,354,1
"org.apache.lucene.spatial.geometry.shape.Point2D",19,0.25,1.26,62,0.61,15786.07,21,2,0,25,6,130.16,7,90,6,1,130.16,0.00,0.00,0.26,0,70.00,6,1820.00,0,1,1,java.lang.Object,0.00,6,0,24,0,6,18,0,1,457,1
"org.apache.lucene.spatial.geometry.shape.Rectangle",16,0.13,1.69,52,0.67,23525.10,18,2,0,26,8,128.14,8,83,5,1,128.14,0.00,0.00,0.62,1,0.00,10,2010.65,0,1,4,java.lang.Object,0.00,10,0,27,0,10,15,1,2,489,1
"org.apache.lucene.spatial.geometry.shape.Vector2D",17,0.09,1.29,54,0.58,16248.62,19,2,0,23,6,179.67,28,79,6,1,129.67,0.00,0.00,0.41,1,29.00,6,1740.42,0,1,1,java.lang.Object,0.00,6,0,22,0,6,16,0,6,436,1
"org.apache.lucene.analysis.cz.CzechAnalyzer",9,0.10,2.22,44,1.13,27323.37,14,5,18,25,15,76.81,105,84,2,3,120.94,0.00,0.67,0.11,0,19.00,4,3377.58,1,1,13,org.apache.lucene.analysis.ReusableAnalyzerBase,0.00,16,2,20,0,16,8,0,19,574,2
"org.apache.lucene.analysis.cz.CzechAnalyzer$DefaultSetHolder",0,0.00,0.00,6,0.08,1262.29,1,1,18,0,3,171.00,2,11,0,1,171.00,0.00,0.00,0.00,0,0.00,0,227.69,0,0,3,java.lang.Object,0.00,0,0,0,0,0,0,0,2,52,2
"org.apache.lucene.analysis.cz.CzechStemFilter",2,0.33,2.00,14,0.16,3794.18,5,3,6,8,9,84.12,27,20,3,4,113.50,0.00,0.75,0.50,0,2.00,3,481.98,0,0,6,org.apache.lucene.analysis.TokenFilter,0.29,6,3,4,0,6,2,0,2,107,2
"org.apache.lucene.analysis.cz.CzechStemmer",4,0.00,4.00,39,1.14,76383.63,4,0,1,5,1,69.15,26,115,1,1,101.37,0.00,0.00,0.00,0,4.00,7,3431.39,0,0,0,java.lang.Object,0.00,1,0,16,0,1,4,0,8,602,1
"org.apache.lucene.analysis.cz.TestCzechAnalyzer",8,0.00,1.00,31,0.46,8235.45,8,0,6,15,4,150.09,29,49,0,3,129.48,0.00,0.67,0.00,0,8.00,1,1393.73,3,0,4,org.apache.lucene.analysis.BaseTokenStreamTestCase,0.00,7,2,8,0,7,8,0,7,305,1
"org.apache.lucene.analysis.cz.TestCzechAnalyzer$Deprecated",1,0.00,1.00,3,0.03,412.65,1,0,6,2,0,132.61,0,7,0,2,132.61,0.00,0.50,0.00,0,1.00,1,80.77,0,0,0,java.io.InputStream,0.00,1,1,1,0,1,1,0,0,24,1
"org.apache.lucene.analysis.cz.TestCzechStemmer",8,0.00,1.00,163,2.96,128326.04,8,0,6,15,6,57.13,52,173,0,3,89.35,0.00,0.67,0.00,0,8.00,1,8876.41,2,0,6,org.apache.lucene.analysis.BaseTokenStreamTestCase,0.00,7,2,8,0,7,8,0,33,1596,1
"org.apache.solr.common.ResourceLoader",3,0.00,1.00,4,0.04,294.58,3,0,3,3,59,137.44,16,6,59,1,155.31,0.00,0.00,0.00,0,3.00,1,109.74,0,3,0,,0.00,0,0,3,0,0,0,0,2,35,1
"org.apache.solr.common.SolrDocument",24,0.09,1.67,91,1.00,40302.55,25,1,8,48,46,167.57,61,140,46,1,127.69,0.00,0.00,0.92,1,0.00,7,2990.26,0,14,0,java.lang.Object,0.00,24,0,40,0,24,10,3,26,680,1
"org.apache.solr.common.SolrDocument$Map<String,Collection<Object>>",13,0.00,1.15,27,0.26,3519.59,13,0,8,15,0,140.58,3,17,0,1,140.58,0.00,0.00,0.00,0,28.00,3,785.14,0,7,0,java.lang.Object,0.00,2,0,15,0,2,6,0,3,214,0
"org.apache.solr.common.SolrDocument$Map<String,Object>",13,0.00,1.15,27,0.24,3026.80,13,0,8,15,0,141.10,3,17,0,1,141.10,0.00,0.00,0.00,0,28.00,3,706.70,0,7,0,java.lang.Object,0.00,2,0,15,0,2,6,0,3,196,0
"org.apache.solr.common.SolrDocumentList",7,0.06,1.14,18,0.17,2654.95,10,3,1,7,43,189.43,7,32,42,2,139.43,0.00,0.50,0.29,0,15.00,2,504.00,1,2,1,java.util.ArrayList,0.00,0,1,8,0,0,5,0,1,130,1
"org.apache.solr.common.SolrDocumentTest",5,0.00,4.20,140,2.08,126369.27,5,0,9,50,2,121.90,13,122,0,2,82.02,0.00,0.50,0.00,0,5.00,15,6253.21,0,0,2,org.apache.lucene.util.LuceneTestCase,0.00,45,1,21,0,45,5,0,12,1139,1
"org.apache.solr.common.SolrDocumentTest$Iterable",1,0.00,1.00,3,0.01,151.48,1,0,9,2,0,136.03,0,4,0,1,136.03,0.00,0.00,0.00,0,1.00,1,42.87,0,1,0,java.lang.Object,0.00,1,0,1,0,1,0,0,0,15,0
"org.apache.solr.common.SolrException",0,0.00,0.00,2,0.01,75.00,0,0,6,0,205,171.00,6,2,205,2,171.00,1.00,0.33,0.00,0,0.00,0,30.00,0,0,0,java.lang.RuntimeException,0.00,0,1,0,1,0,0,0,2,10,1
"org.apache.solr.common.SolrException$ErrorCode",2,0.67,9.50,94,1.43,276793.33,5,3,6,16,1,101.01,40,125,0,1,67.62,0.00,0.00,0.67,0,0.00,18,4287.47,1,1,1,java.lang.Object,0.00,14,0,19,0,14,1,0,13,698,1
"org.apache.solr.common.SolrInputDocument",27,0.08,1.22,70,0.65,10782.55,29,2,6,46,83,179.12,62,114,82,1,139.24,0.00,0.00,0.43,3,0.00,3,1955.38,0,8,1,java.lang.Object,0.00,19,0,33,1,19,19,3,18,507,1
"org.apache.solr.common.SolrInputField",13,0.03,2.15,74,0.72,33946.04,16,3,4,21,15,157.73,33,110,15,1,117.84,0.00,0.00,0.36,1,0.00,7,2165.67,0,6,0,java.lang.Object,0.00,8,0,28,0,8,7,2,17,475,1
"org.apache.solr.common.SolrInputField$Iterator<Object>",3,0.50,1.00,9,0.05,538.54,4,1,4,4,0,135.45,0,12,0,1,135.45,0.00,0.00,0.67,0,1.00,1,161.94,0,1,0,java.lang.Object,0.00,1,0,3,0,1,2,0,0,47,0
"org.apache.lucene.queryParser.precedence.PrecedenceQueryParser",2,0.00,1.00,6,0.04,310.49,2,0,4,3,5,85.95,19,9,1,3,135.95,0.00,0.67,0.00,0,2.00,1,118.08,2,0,4,org.apache.lucene.queryParser.standard.StandardQueryParser,0.00,1,2,2,0,1,2,0,3,36,1
"org.apache.lucene.queryParser.precedence.TestPrecedenceQueryParser",32,0.47,1.41,341,4.71,160450.61,34,2,33,66,23,154.48,49,428,0,2,104.48,0.00,0.50,0.05,9,118.00,2,14134.24,2,8,23,org.apache.lucene.util.LuceneTestCase,0.00,34,1,45,0,34,24,0,33,2693,1
"org.apache.lucene.queryParser.precedence.TestPrecedenceQueryParser$QPTestAnalyzer",1,0.00,1.00,3,0.04,532.36,1,0,33,3,3,181.73,1,6,0,2,131.73,0.00,0.50,0.00,0,1.00,1,119.91,0,1,3,org.apache.lucene.analysis.Analyzer,0.00,2,1,1,0,2,0,0,1,31,3
"org.apache.lucene.queryParser.precedence.TestPrecedenceQueryParser$QPTestFilter",3,0.20,2.33,28,0.33,10120.74,8,5,33,10,4,157.43,4,37,0,4,107.43,0.00,0.75,0.33,0,4.00,5,985.00,1,0,4,org.apache.lucene.analysis.TokenFilter,0.53,7,3,7,0,7,3,0,1,206,3
"org.apache.lucene.facet.index.params.CategoryListParams",7,0.22,1.43,28,0.29,6996.82,10,3,14,17,37,76.36,75,43,27,1,124.84,0.00,0.00,0.14,1,18.00,4,855.89,0,3,12,java.lang.Object,0.00,10,0,10,0,10,4,1,15,204,1
"org.apache.lucene.facet.index.params.CategoryListParamsTest",3,0.00,1.00,23,0.33,10077.74,3,0,4,13,2,61.71,29,42,0,2,111.71,0.00,0.50,0.00,0,3.00,1,991.88,0,0,2,org.apache.lucene.util.LuceneTestCase,0.00,10,1,3,0,10,3,0,8,214,1
"org.apache.lucene.facet.index.params.DefaultFacetIndexingParams",14,0.06,2.21,74,0.73,39981.42,19,5,7,29,23,117.77,59,104,16,1,117.53,0.00,0.00,0.26,1,46.00,14,2198.44,0,5,7,java.lang.Object,0.00,15,0,31,2,15,9,1,10,483,1
"org.apache.lucene.facet.index.params.DefaultFacetIndexingParamsTest",3,0.00,2.00,50,0.95,36309.28,3,0,14,33,12,61.55,18,78,0,2,93.77,0.00,0.50,0.00,0,3.00,4,2851.05,0,0,12,org.apache.lucene.util.LuceneTestCase,0.00,30,1,6,0,30,3,0,3,492,1
"org.apache.lucene.facet.index.params.FacetIndexingParams",7,0.00,1.00,8,0.05,256.59,7,0,4,7,38,110.21,72,9,34,2,158.68,0.00,0.50,0.00,0,7.00,1,138.82,0,3,4,,0.00,0,1,7,0,0,4,0,10,51,1
"org.apache.lucene.facet.index.params.FacetParamsMissingPropertyException",1,0.00,1.00,3,0.02,172.28,1,0,1,1,1,174.89,21,5,0,3,135.59,0.00,0.67,0.00,0,1.00,1,63.94,0,0,1,org.apache.lucene.facet.FacetException,0.00,0,2,1,0,0,1,0,2,20,1
"org.apache.lucene.facet.index.params.PerDimensionIndexingParams",5,0.50,1.60,20,0.22,5473.53,6,1,4,13,7,80.37,59,31,4,2,124.50,1.00,0.33,0.60,0,2.00,3,656.26,1,0,3,org.apache.lucene.facet.index.params.DefaultFacetIndexingParams,0.11,8,1,8,1,8,5,0,9,156,1
"org.apache.lucene.facet.index.params.PerDimensionIndexingParamsTest",2,0.00,1.00,24,0.48,12892.11,2,0,9,23,7,52.64,16,46,0,2,100.75,0.00,0.50,0.00,0,2.00,1,1450.68,0,0,7,org.apache.lucene.util.LuceneTestCase,0.00,21,1,2,0,21,2,0,1,259,1
"org.apache.lucene.analysis.charfilter.HTMLStripCharFilterTest",33,0.00,2.24,418,7.01,300851.38,33,0,17,67,7,149.38,45,668,0,3,99.38,0.00,0.67,0.00,4,33.00,7,21026.87,2,0,7,org.apache.lucene.analysis.BaseTokenStreamTestCase,0.00,34,2,74,0,34,33,0,45,3764,1
"org.apache.lucene.analysis.charfilter.HTMLStripCharFilterTest$ReusableAnalyzerBase",2,0.00,1.00,6,0.07,1377.59,2,0,17,6,3,130.85,0,10,0,1,130.85,0.00,0.00,0.00,0,2.00,1,222.30,0,2,3,java.lang.Object,0.00,4,0,2,0,4,0,0,0,55,0
"org.apache.lucene.analysis.charfilter.HTMLStripCharFilterTest$ReusableAnalyzerBase_0",2,0.00,1.00,6,0.07,1377.59,2,0,17,6,3,130.85,0,10,0,1,130.85,0.00,0.00,0.00,0,2.00,1,222.30,0,2,3,java.lang.Object,0.00,4,0,2,0,4,0,0,0,55,0
"org.apache.lucene.analysis.charfilter.HTMLStripCharFilterTest$ReusableAnalyzerBase_1",2,0.00,1.00,6,0.08,1437.09,2,0,17,7,3,130.71,0,10,0,1,130.71,0.00,0.00,0.00,0,2.00,1,236.16,0,2,3,java.lang.Object,0.00,5,0,2,0,5,0,0,0,58,0
"org.apache.lucene.analysis.charfilter.SuppressWarnings",27,0.05,5.59,764,313.86,10347918.89,117,90,10,60,5,30.36,204,31281,0,5,72.65,0.00,0.80,0.06,10,338.00,95,941582.09,1,1,5,org.apache.lucene.analysis.BaseCharFilter,0.25,33,4,151,0,33,26,0,94,65894,2
"org.apache.lucene.analysis.charfilter.SuppressWarnings$TextSegment",6,0.60,1.00,16,0.09,775.34,7,1,10,6,1,193.14,7,22,0,2,143.14,0.00,0.50,0.50,1,6.00,1,264.35,1,0,1,org.apache.lucene.analysis.util.OpenStringBuilder,0.00,0,1,6,0,0,6,0,7,80,1
"org.apache.lucene.analysis.cn.Deprecated",5,0.00,1.20,36,0.47,9580.99,5,0,9,14,5,113.82,21,55,0,3,113.59,0.00,0.67,0.00,0,5.00,2,1416.46,3,0,5,org.apache.lucene.analysis.BaseTokenStreamTestCase,0.00,9,2,6,0,9,5,0,7,296,1
"org.apache.lucene.analysis.cn.Deprecated$JustChineseFilterAnalyzer",1,0.00,1.00,3,0.04,512.97,1,0,9,3,3,131.86,0,6,0,2,131.86,0.00,0.50,0.00,0,1.00,1,117.46,0,1,3,org.apache.lucene.analysis.Analyzer,0.00,2,1,1,0,2,0,0,0,30,1
"org.apache.lucene.analysis.cn.Deprecated$JustChineseTokenizerAnalyzer",1,0.00,1.00,3,0.03,338.69,1,0,9,2,2,133.28,0,6,0,2,133.28,0.00,0.50,0.00,0,1.00,1,85.83,0,1,2,org.apache.lucene.analysis.Analyzer,0.00,1,1,1,0,1,0,0,0,24,1
"org.apache.lucene.analysis.reverse.ReverseStringFilter",14,0.08,1.93,106,1.32,129198.12,22,8,5,22,8,59.62,146,136,5,4,108.10,0.00,0.75,0.05,2,38.00,10,3959.68,0,2,3,org.apache.lucene.analysis.TokenFilter,0.15,8,3,27,0,8,12,0,25,787,2
"org.apache.lucene.analysis.reverse.TestReverseStringFilter",8,0.00,1.00,44,0.61,14437.61,8,0,9,17,7,159.17,16,56,0,3,119.28,0.00,0.67,0.00,0,8.00,1,1822.91,2,0,7,org.apache.lucene.analysis.BaseTokenStreamTestCase,0.00,9,2,8,0,9,8,0,14,389,1
"org.apache.lucene.analysis.reverse.TestReverseStringFilter$ReusableAnalyzerBase",1,0.00,1.00,4,0.06,1029.80,1,0,9,4,3,124.82,0,6,0,1,124.82,0.00,0.00,0.00,0,1.00,1,166.32,0,0,3,java.lang.Object,0.00,3,0,1,0,3,1,0,0,39,0
"org.apache.lucene.benchmark.byTask.stats.Points",7,0.06,1.00,21,0.18,3194.21,10,3,4,13,4,132.50,29,29,2,1,132.26,0.00,0.00,0.29,0,21.00,1,551.54,0,1,3,java.lang.Object,0.00,6,0,7,0,6,6,0,12,141,1
"org.apache.lucene.benchmark.byTask.stats.Report",5,0.06,1.00,18,0.11,1595.94,9,4,0,5,7,101.26,31,24,7,1,133.48,0.00,0.00,0.20,0,17.00,1,319.10,0,1,0,java.lang.Object,0.00,0,0,5,0,0,4,0,6,92,1
"org.apache.lucene.benchmark.byTask.stats.TaskStats",17,0.07,1.47,85,0.79,23473.91,29,12,1,32,10,140.73,66,110,10,1,120.11,0.00,0.00,0.15,0,161.00,6,2358.68,1,3,1,java.lang.Object,0.00,15,0,25,0,15,14,1,26,526,1
"org.apache.lucene.facet.enhancements.CategoryEnhancement",7,0.00,1.00,8,0.05,271.40,7,0,7,7,16,138.35,103,10,10,1,158.49,0.00,0.00,0.00,0,7.00,1,163.59,0,4,7,,0.00,0,0,7,0,0,3,0,9,57,1
"org.apache.lucene.facet.enhancements.CategoryEnhancementDummy1",8,0.00,1.12,19,0.13,1501.93,8,0,7,8,9,181.73,16,33,2,1,141.84,0.00,0.00,0.00,0,8.00,2,396.51,1,4,7,java.lang.Object,0.00,0,0,9,0,0,4,1,1,111,1
"org.apache.lucene.facet.enhancements.CategoryEnhancementDummy2",8,0.86,1.25,24,0.22,4685.92,9,1,8,10,10,171.24,16,40,2,1,131.36,0.00,0.00,0.25,0,16.00,2,656.14,1,4,8,java.lang.Object,0.00,2,0,10,0,2,4,1,1,163,1
"org.apache.lucene.facet.enhancements.CategoryEnhancementDummy3",8,0.86,1.25,24,0.22,4687.56,9,1,7,10,8,171.24,16,40,1,1,131.35,0.00,0.00,0.25,0,16.00,2,657.55,1,4,7,java.lang.Object,0.00,2,0,10,0,2,4,1,1,163,1
"org.apache.lucene.facet.enhancements.EnhancementsCategoryTokenizer",2,1.50,5.00,42,0.56,49422.33,6,4,6,10,6,135.99,48,54,1,6,86.72,0.00,0.83,1.00,1,0.00,8,1670.02,0,0,5,org.apache.lucene.facet.index.streaming.CategoryTokenizer,0.32,8,5,10,0,8,2,0,13,310,1
"org.apache.lucene.facet.enhancements.EnhancementsDocumentBuilder",4,0.00,2.50,21,0.26,8587.77,4,0,11,10,14,70.37,32,39,5,2,118.48,0.00,0.50,0.00,0,0.00,5,783.29,2,3,10,org.apache.lucene.facet.index.CategoryDocumentBuilder,0.00,6,1,10,0,6,1,0,4,169,1
"org.apache.lucene.facet.enhancements.EnhancementsPayloadIterator",3,0.75,2.67,35,0.38,16553.42,7,4,7,9,7,92.11,45,40,2,2,102.46,0.00,0.50,0.75,0,0.00,4,1143.11,1,1,5,org.apache.lucene.facet.search.PayloadIterator,0.22,6,1,8,0,6,2,0,6,233,1
"org.apache.lucene.facet.enhancements.EnhancementsPayloadIteratorTest",5,0.56,1.20,48,0.70,13921.38,9,4,15,22,10,128.85,18,65,0,2,108.24,0.00,0.50,0.70,0,0.00,2,2114.42,0,0,10,org.apache.lucene.util.LuceneTestCase,0.00,17,1,6,0,17,5,0,3,407,1
"org.apache.lucene.facet.enhancements.TwoEnhancementsTest",2,0.00,1.00,48,0.98,31718.50,2,0,20,32,18,42.31,22,72,0,2,86.44,0.00,0.50,0.00,0,2.00,1,2930.60,0,0,18,org.apache.lucene.util.LuceneTestCase,0.00,30,1,2,0,30,2,0,7,474,1
"org.apache.solr.spelling.suggest.tst.TSTLookupFactory",2,1.00,1.00,6,0.05,655.54,3,1,5,3,6,183.39,3,11,1,2,133.39,0.00,0.50,0.50,0,2.00,1,160.07,0,2,5,org.apache.solr.spelling.suggest.LookupFactory,0.50,1,1,2,0,1,0,0,1,43,1
"org.apache.lucene.queryParser.standard.processors.AllowLeadingWildcardProcessor",5,0.00,2.20,20,0.28,10179.24,5,0,11,14,9,162.19,11,41,1,2,122.30,0.00,0.50,0.00,0,5.00,5,831.94,2,4,8,org.apache.lucene.queryParser.core.processors.QueryNodeProcessorImpl,0.00,9,1,11,0,9,1,0,3,180,1
"org.apache.lucene.queryParser.standard.processors.AnalyzerQueryNodeProcessor",5,2.00,7.20,137,1.86,331307.21,7,2,27,37,22,36.90,35,177,2,2,79.19,0.00,0.50,0.00,0,5.00,29,5594.36,2,4,20,org.apache.lucene.queryParser.core.processors.QueryNodeProcessorImpl,0.00,32,1,36,0,32,1,0,14,878,1
"org.apache.lucene.queryParser.standard.processors.BooleanSingleChildOptimizationQueryNodeProcessor",4,0.00,2.00,18,0.21,8910.25,4,0,8,8,7,161.90,9,33,1,2,122.02,0.00,0.50,0.00,0,4.00,5,635.02,0,3,6,org.apache.lucene.queryParser.core.processors.QueryNodeProcessorImpl,0.00,4,1,8,0,4,1,0,2,136,1
"org.apache.lucene.queryParser.standard.processors.BoostQueryNodeProcessor",3,0.00,2.33,17,0.25,10335.35,3,0,10,9,9,137.49,9,30,1,2,116.88,0.00,0.50,0.00,0,3.00,5,737.37,1,3,8,org.apache.lucene.queryParser.core.processors.QueryNodeProcessorImpl,0.00,6,1,7,0,6,0,0,1,150,1
"org.apache.lucene.queryParser.standard.processors.DefaultPhraseSlopQueryNodeProcessor",6,2.00,1.83,27,0.28,6898.08,8,2,9,8,8,164.19,12,46,1,2,124.30,0.00,0.50,0.00,0,6.00,3,833.85,3,4,7,org.apache.lucene.queryParser.core.processors.QueryNodeProcessorImpl,0.00,2,1,11,0,2,2,0,2,193,1
"org.apache.lucene.queryParser.standard.processors.FuzzyQueryNodeProcessor",3,0.00,2.33,17,0.23,9379.83,3,0,9,10,8,117.44,12,28,1,2,117.21,0.00,0.50,0.00,0,3.00,5,692.44,1,3,7,org.apache.lucene.queryParser.core.processors.QueryNodeProcessorImpl,0.00,7,1,7,0,7,0,0,1,143,1
"org.apache.lucene.queryParser.standard.processors.GroupQueryNodeProcessor",7,4.00,3.86,80,0.95,51874.75,11,4,17,24,14,141.25,17,103,3,1,101.37,0.00,0.00,0.00,4,7.00,10,2845.05,0,3,12,java.lang.Object,0.00,17,0,27,0,17,4,1,3,565,1
"org.apache.lucene.queryParser.standard.processors.LowercaseExpandedTermsQueryNodeProcessor",5,0.00,1.40,16,0.19,5128.90,5,0,11,9,9,169.30,11,31,1,2,129.41,0.00,0.50,0.00,0,5.00,2,584.69,2,4,8,org.apache.lucene.queryParser.core.processors.QueryNodeProcessorImpl,0.00,4,1,7,0,4,1,0,2,137,1
"org.apache.lucene.queryParser.standard.processors.MatchAllDocsQueryNodeProcessor",4,0.00,1.50,12,0.15,4426.07,4,0,8,9,8,169.02,8,24,1,2,129.14,0.00,0.50,0.00,0,4.00,3,436.65,0,3,7,org.apache.lucene.queryParser.core.processors.QueryNodeProcessorImpl,0.00,5,1,6,0,5,1,0,2,105,1
"org.apache.lucene.queryParser.standard.processors.MultiFieldQueryNodeProcessor",5,1.00,2.60,37,0.45,28998.79,6,1,10,14,8,130.24,16,55,1,2,109.62,0.00,0.50,0.00,0,5.00,8,1351.50,2,3,7,org.apache.lucene.queryParser.core.processors.QueryNodeProcessorImpl,0.00,9,1,13,0,9,2,0,3,260,1
"org.apache.lucene.queryParser.standard.processors.MultiTermRewriteMethodProcessor",3,1.00,1.67,13,0.15,3865.32,4,1,8,6,12,144.55,11,25,6,2,123.93,0.00,0.50,0.00,0,3.00,3,461.57,1,3,6,org.apache.lucene.queryParser.core.processors.QueryNodeProcessorImpl,0.00,3,1,5,0,3,0,0,6,105,1
"org.apache.lucene.queryParser.standard.processors.NumericQueryNodeProcessor",4,0.00,3.25,32,0.51,30005.06,4,0,17,22,12,74.30,24,61,1,2,106.53,0.00,0.50,0.00,0,4.00,10,1533.47,1,3,11,org.apache.lucene.queryParser.core.processors.QueryNodeProcessorImpl,0.00,18,1,13,0,18,1,0,3,268,1
"org.apache.lucene.queryParser.standard.processors.NumericRangeQueryNodeProcessor",4,0.00,3.50,43,0.76,52992.96,4,0,19,25,13,101.18,18,76,1,2,100.95,0.00,0.50,0.00,0,4.00,11,2268.79,1,3,12,org.apache.lucene.queryParser.core.processors.QueryNodeProcessorImpl,0.00,21,1,14,0,21,1,0,3,376,1
"org.apache.lucene.queryParser.standard.processors.ParametricRangeQueryNodeProcessor",4,0.00,3.00,51,0.81,45208.81,4,0,19,25,9,56.28,29,71,2,2,98.57,0.00,0.50,0.00,0,4.00,9,2442.58,1,3,7,org.apache.lucene.queryParser.core.processors.QueryNodeProcessorImpl,0.00,21,1,12,0,21,1,0,9,396,1
"org.apache.lucene.queryParser.standard.processors.PhraseSlopQueryNodeProcessor",4,0.00,1.50,12,0.13,4452.59,4,0,7,5,7,169.00,8,24,1,2,129.12,0.00,0.50,0.00,0,4.00,3,403.60,0,3,6,org.apache.lucene.queryParser.core.processors.QueryNodeProcessorImpl,0.00,1,1,6,0,1,1,0,2,100,1
"org.apache.lucene.queryParser.standard.processors.RemoveEmptyNonLeafQueryNodeProcessor",5,1.00,2.00,28,0.34,17957.05,6,1,8,15,7,156.66,13,46,1,2,116.77,0.00,0.50,0.00,0,5.00,4,1029.25,1,4,6,org.apache.lucene.queryParser.core.processors.QueryNodeProcessorImpl,0.00,10,1,10,0,10,1,0,2,217,1
"org.apache.lucene.queryParser.standard.processors.StandardQueryNodeProcessorPipeline",1,0.00,1.00,22,0.21,2729.22,1,0,8,20,26,93.40,16,25,3,2,93.87,1.00,0.33,0.00,0,1.00,1,617.90,1,0,25,org.apache.lucene.queryParser.core.processors.QueryNodeProcessorPipeline,0.00,19,1,1,1,19,1,0,1,130,1
"org.apache.lucene.queryParser.standard.processors.WildcardQueryNodeProcessor",6,0.00,3.50,41,0.58,35977.24,6,0,13,12,14,132.55,23,58,3,2,111.94,0.00,0.50,0.00,2,6.00,9,1745.85,0,3,11,org.apache.lucene.queryParser.core.processors.QueryNodeProcessorImpl,0.00,6,1,21,0,6,3,0,14,353,1
"org.apache.lucene.benchmark.byTask.utils.Algorithm",7,0.00,8.00,187,2.99,423759.94,9,2,9,60,7,47.86,43,242,2,1,80.08,0.00,0.00,0.50,2,0.00,42,8981.89,0,4,5,java.lang.Object,0.00,53,0,56,0,53,3,0,26,1362,1
"org.apache.lucene.benchmark.byTask.utils.Config",17,0.12,3.53,247,3.75,263511.74,24,7,10,69,38,62.74,111,280,37,1,94.96,0.00,0.00,0.26,1,36.00,7,11245.73,0,5,1,java.lang.Object,0.00,52,0,60,0,52,12,0,38,2086,1
"org.apache.lucene.benchmark.byTask.utils.FileUtils",1,0.00,7.00,16,0.17,10646.93,1,0,2,5,1,45.45,10,20,1,1,93.92,0.00,0.00,0.00,0,1.00,7,505.54,0,0,0,java.lang.Object,0.00,4,0,7,0,4,1,0,2,101,1
"org.apache.lucene.benchmark.byTask.utils.Format",7,0.33,1.00,31,0.48,13114.48,9,2,1,12,3,104.90,35,44,3,1,122.77,0.00,0.00,0.79,0,0.00,1,1442.31,0,7,0,java.lang.Object,0.00,5,0,7,0,5,0,0,6,337,1
"org.apache.lucene.benchmark.byTask.utils.StreamUtils",0,0.00,0.00,3,0.02,334.04,1,1,13,0,7,171.00,6,3,7,1,171.00,0.00,0.00,0.00,0,0.00,0,74.23,0,0,0,java.lang.Object,0.00,0,0,0,0,0,0,0,4,19,1
"org.apache.lucene.benchmark.byTask.utils.StreamUtils$Type",3,0.00,3.00,36,0.61,41292.19,5,2,13,23,0,65.68,19,51,0,1,97.90,0.00,0.00,0.50,0,1.00,5,1834.17,0,2,0,java.lang.Object,0.00,20,0,9,0,20,1,0,11,322,1
"org.apache.lucene.benchmark.byTask.utils.StreamUtilsTest",14,0.19,1.00,73,0.79,14482.22,16,2,17,35,3,121.19,0,98,0,3,121.19,0.00,0.67,0.32,6,38.00,1,2364.59,3,4,3,org.apache.lucene.benchmark.BenchmarkTestCase,0.00,21,2,14,0,21,10,0,0,544,1
"org.apache.lucene.benchmark.byTask.utils.StringBuilderReader",11,0.20,1.64,61,0.62,26034.45,15,4,2,19,1,138.86,43,95,1,2,118.24,0.00,0.50,0.43,2,0.00,4,1865.69,0,0,0,java.io.Reader,0.00,8,1,18,0,8,11,0,9,405,1
"org.apache.lucene.benchmark.byTask.utils.TestConfig",1,0.00,1.00,8,0.10,2496.91,1,0,3,6,1,110.56,0,11,0,2,110.56,0.00,0.50,0.00,0,1.00,1,289.50,0,0,1,org.apache.lucene.util.LuceneTestCase,0.00,5,1,1,0,5,1,0,0,65,1
"org.apache.lucene.analysis.ca.CatalanAnalyzer",5,0.25,2.00,24,0.39,10135.80,8,3,18,20,14,73.86,50,39,1,4,122.34,0.00,0.75,0.13,0,8.00,3,1160.48,0,1,13,org.apache.lucene.analysis.StopwordAnalyzerBase,0.00,15,3,10,0,15,4,0,8,240,2
"org.apache.lucene.analysis.ca.CatalanAnalyzer$DefaultSetHolder",0,0.00,0.00,6,0.05,853.95,1,1,18,0,1,171.00,2,11,0,1,171.00,0.00,0.00,0.00,0,0.00,0,164.39,0,0,1,java.lang.Object,0.00,0,0,0,0,0,0,0,2,40,2
"org.apache.lucene.analysis.ca.TestCatalanAnalyzer",5,0.00,1.00,18,0.20,3029.76,5,0,4,8,4,181.29,8,26,0,3,131.29,0.00,0.67,0.00,0,5.00,1,606.35,3,0,4,org.apache.lucene.analysis.BaseTokenStreamTestCase,0.00,3,2,5,0,3,5,0,7,142,1
"org.apache.lucene.facet.util.MultiCategoryListIterator",4,0.11,2.50,28,0.27,7245.95,7,3,4,13,1,71.32,31,37,0,1,113.61,0.00,0.00,0.25,0,6.00,3,819.49,0,0,1,java.lang.Object,0.00,9,0,10,0,9,4,1,6,189,1
"org.apache.lucene.facet.util.PartitionsUtils",8,0.00,1.12,21,0.27,5381.65,8,0,4,14,11,105.25,51,37,8,1,137.48,0.00,0.00,0.00,4,8.00,2,811.68,0,2,4,java.lang.Object,0.00,6,0,9,0,6,6,0,11,200,2
"org.apache.lucene.facet.util.ResultSortUtils",1,0.00,5.00,20,0.30,12831.06,1,0,8,10,5,121.65,31,32,1,1,89.75,0.00,0.00,0.00,0,1.00,5,909.11,0,1,4,java.lang.Object,0.00,9,0,5,0,9,0,0,4,184,1
"org.apache.lucene.facet.util.ResultSortUtils$AllValueHeap",7,0.00,1.29,25,0.20,3423.91,10,3,8,15,2,131.97,0,35,0,1,131.97,0.00,0.00,0.33,0,0.00,2,586.31,0,4,2,java.lang.Object,0.00,8,0,9,0,8,3,1,0,153,2
"org.apache.lucene.facet.util.ResultSortUtils$AllValueHeap$Comparator<FacetResultNode>",1,0.00,3.00,8,0.09,2794.33,1,0,8,4,1,109.92,0,12,0,1,109.92,0.00,0.00,0.00,0,0.00,3,261.23,0,0,1,java.lang.Object,0.00,3,0,3,0,3,1,0,0,62,0
"org.apache.lucene.facet.util.ResultSortUtils$MaxOrdinalHeap",2,0.00,1.00,5,0.06,960.04,2,0,8,3,3,138.66,0,10,0,2,138.66,0.00,0.50,0.00,0,2.00,1,173.63,1,0,3,org.apache.lucene.util.PriorityQueue,0.00,1,1,2,0,1,2,1,0,48,2
"org.apache.lucene.facet.util.ResultSortUtils$MaxValueHeap",2,0.00,1.50,10,0.12,3285.96,2,0,8,5,3,119.51,0,15,0,2,119.51,0.00,0.50,0.00,0,2.00,2,369.07,1,0,3,org.apache.lucene.util.PriorityQueue,0.00,3,1,3,0,3,2,1,0,85,2
"org.apache.lucene.facet.util.ResultSortUtils$MinOrdinalHeap",2,0.00,1.00,5,0.06,960.04,2,0,8,3,3,138.66,0,10,0,2,138.66,0.00,0.50,0.00,0,2.00,1,173.63,1,0,3,org.apache.lucene.util.PriorityQueue,0.00,1,1,2,0,1,2,1,0,48,2
"org.apache.lucene.facet.util.ResultSortUtils$MinValueHeap",2,0.00,1.50,10,0.12,3285.96,2,0,8,5,3,119.51,0,15,0,2,119.51,0.00,0.50,0.00,0,2.00,2,369.07,1,0,3,org.apache.lucene.util.PriorityQueue,0.00,3,1,3,0,3,2,1,0,85,2
"org.apache.lucene.facet.util.ScoredDocIdsUtils",5,0.00,2.40,41,0.52,21149.33,5,0,9,23,13,79.17,67,57,6,1,108.55,0.00,0.00,0.00,2,5.00,4,1552.30,0,4,7,java.lang.Object,0.00,18,0,12,0,18,1,0,15,318,1
"org.apache.lucene.facet.util.ScoredDocIdsUtils$AllDocsScoredDocIDs",4,1.00,1.25,13,0.09,1444.80,5,1,9,9,4,133.01,1,20,0,1,133.01,0.00,0.00,0.25,1,6.00,2,266.71,0,2,4,java.lang.Object,0.00,5,0,5,0,5,2,1,1,72,2
"org.apache.lucene.facet.util.ScoredDocIdsUtils$AllDocsScoredDocIDs$DocIdSet_2",2,0.00,1.00,5,0.03,330.65,2,0,9,3,1,142.30,0,9,0,1,142.30,0.00,0.00,0.00,0,2.00,1,86.05,0,1,1,java.lang.Object,0.00,1,0,2,0,1,1,0,0,27,0
"org.apache.lucene.facet.util.ScoredDocIdsUtils$AllDocsScoredDocIDs$DocIdSet_2$DocIdSetIterator_3",3,0.00,2.00,10,0.11,2965.48,4,1,9,3,0,129.46,0,18,0,1,129.46,0.00,0.00,1.00,0,0.00,3,319.78,0,0,0,java.lang.Object,0.00,0,0,6,0,0,3,0,0,78,0
"org.apache.lucene.facet.util.ScoredDocIdsUtils$AllDocsScoredDocIDs$ScoredDocIDsIterator_4",3,0.00,1.33,9,0.06,650.74,3,0,9,5,1,134.74,1,14,0,1,134.74,0.00,0.00,0.00,0,3.00,2,172.79,0,0,1,java.lang.Object,0.00,2,0,4,0,2,3,0,1,48,0
"org.apache.lucene.facet.util.ScoredDocIdsUtils$AllLiveDocsScoredDocIDs",4,0.50,1.25,15,0.11,1696.51,6,2,9,10,4,132.46,1,22,0,1,132.46,0.00,0.00,0.12,1,6.00,2,318.90,0,2,4,java.lang.Object,0.00,6,0,5,0,6,2,1,1,86,3
"org.apache.lucene.facet.util.ScoredDocIdsUtils$AllLiveDocsScoredDocIDs$DocIdSet_5",2,0.00,1.00,5,0.03,330.65,2,0,9,3,1,142.30,0,9,0,1,142.30,0.00,0.00,0.00,0,2.00,1,86.05,0,1,1,java.lang.Object,0.00,1,0,2,0,1,1,0,0,27,0
"org.apache.lucene.facet.util.ScoredDocIdsUtils$AllLiveDocsScoredDocIDs$DocIdSet_5$DocIdSetIterator_6",3,0.00,1.67,13,0.12,3408.60,4,1,9,3,0,124.36,0,20,0,1,124.36,0.00,0.00,1.00,1,0.00,2,362.06,0,0,0,java.lang.Object,0.00,0,0,5,0,0,3,0,0,87,0
"org.apache.lucene.facet.util.ScoredDocIdsUtils$AllLiveDocsScoredDocIDs$ScoredDocIDsIterator_7",3,0.00,1.33,9,0.06,650.74,3,0,9,5,1,134.74,1,14,0,1,134.74,0.00,0.00,0.00,0,3.00,2,172.79,0,0,1,java.lang.Object,0.00,2,0,4,0,2,3,0,1,48,0
"org.apache.lucene.facet.util.ScoredDocIdsUtils$ScoredDocIDs",3,0.00,1.00,7,0.03,230.94,3,0,9,5,2,144.92,0,8,0,1,144.92,0.00,0.00,0.00,0,3.00,1,78.64,0,2,2,java.lang.Object,0.00,2,0,3,0,2,1,0,0,28,0
"org.apache.lucene.facet.util.ScoredDocIdsUtils$ScoredDocIDs$DocIdSet",2,0.00,1.00,5,0.03,330.65,2,0,9,3,1,142.30,0,7,0,1,142.30,0.00,0.00,0.00,0,2.00,1,86.05,0,1,1,java.lang.Object,0.00,1,0,2,0,1,1,0,0,27,0
"org.apache.lucene.facet.util.ScoredDocIdsUtils$ScoredDocIDs$DocIdSet$DocIdSetIterator",3,0.00,2.00,11,0.12,3409.48,4,1,9,3,0,128.98,0,19,0,1,128.98,0.00,0.00,1.00,0,0.00,3,359.37,0,0,0,java.lang.Object,0.00,0,0,6,0,0,3,0,0,86,0
"org.apache.lucene.facet.util.ScoredDocIdsUtils$ScoredDocIDs$ScoredDocIDsIterator",3,0.00,1.00,8,0.05,489.43,4,1,9,3,0,142.35,0,5,0,1,142.35,0.00,0.00,1.00,0,0.00,1,142.84,0,0,0,java.lang.Object,0.00,0,0,3,0,0,3,0,0,43,0
"org.apache.lucene.facet.util.ScoredDocIdsUtils$ScoredDocIDs_0",3,1.00,1.67,15,0.12,3089.92,4,1,9,8,4,121.08,1,19,0,1,121.08,0.00,0.00,0.33,0,4.00,3,368.03,0,2,4,java.lang.Object,0.00,5,0,5,0,5,1,0,1,88,0
"org.apache.lucene.facet.util.ScoredDocIdsUtils$ScoredDocIDs_0$ScoredDocIDsIterator_1",3,0.00,1.33,9,0.06,921.15,3,0,9,6,1,133.55,0,10,0,1,133.55,0.00,0.00,0.00,0,3.00,2,189.56,0,0,1,java.lang.Object,0.00,3,0,4,0,3,3,0,0,51,0
"org.apache.lucene.facet.util.TestScoredDocIDsUtils",5,0.00,2.00,86,1.42,58968.79,5,0,24,55,19,75.01,26,112,0,2,92.88,0.00,0.50,0.00,1,5.00,3,4264.00,0,2,19,org.apache.lucene.util.LuceneTestCase,0.00,50,1,10,0,50,3,0,9,723,1
"org.apache.lucene.facet.util.TestScoredDocIDsUtils$DocumentFactory",2,0.00,1.00,5,0.10,3209.93,2,0,24,2,0,174.41,4,13,0,1,134.53,0.00,0.00,0.00,0,2.00,1,287.07,0,0,0,java.lang.Object,0.00,0,0,2,0,0,2,0,4,69,0
"org.apache.lucene.facet.util.TestScoredDocIDsUtils$DocumentFactory_0",4,0.11,1.50,21,0.25,5964.52,10,6,24,8,2,119.84,2,28,0,1,119.84,0.00,0.00,0.08,2,6.00,3,763.36,0,1,2,java.lang.Object,0.00,4,0,6,0,4,3,0,2,169,2
"org.apache.lucene.queryParser.standard.builders.AnyQueryNodeBuilder",2,0.00,3.00,17,0.22,9621.35,2,0,11,10,9,147.95,5,25,0,1,108.06,0.00,0.00,0.00,0,2.00,5,657.97,0,1,9,java.lang.Object,0.00,8,0,6,0,8,1,1,2,123,1
"org.apache.lucene.queryParser.standard.builders.BooleanQueryNodeBuilder",3,0.00,3.00,24,0.33,14490.32,3,0,13,13,12,128.66,10,41,1,1,108.05,0.00,0.00,0.00,0,3.00,5,994.67,0,2,11,java.lang.Object,0.00,10,0,9,0,10,1,1,2,193,1
"org.apache.lucene.queryParser.standard.builders.BoostQueryNodeBuilder",2,0.00,1.50,10,0.10,2428.49,2,0,5,6,7,141.16,7,15,1,1,120.55,0.00,0.00,0.00,0,2.00,2,296.14,0,1,6,java.lang.Object,0.00,4,0,3,0,4,1,1,2,68,1
"org.apache.lucene.queryParser.standard.builders.Deprecated",2,0.00,2.50,18,0.27,8646.06,2,0,8,12,6,127.18,6,27,0,1,106.56,0.00,0.00,0.00,0,2.00,4,800.14,0,1,6,java.lang.Object,0.00,10,0,5,0,10,1,1,2,150,1
"org.apache.lucene.queryParser.standard.builders.DummyQueryNodeBuilder",2,0.00,1.00,4,0.02,172.08,2,0,3,2,5,112.31,13,7,1,1,144.54,0.00,0.00,0.00,0,2.00,1,66.53,0,1,4,java.lang.Object,0.00,0,0,2,0,0,1,1,4,22,1
"org.apache.lucene.queryParser.standard.builders.FieldQueryNodeBuilder",2,0.00,1.00,5,0.05,960.57,2,0,5,6,7,178.54,4,9,1,1,138.65,0.00,0.00,0.00,0,2.00,1,159.44,0,1,6,java.lang.Object,0.00,4,0,2,0,4,1,1,2,42,1
"org.apache.lucene.queryParser.standard.builders.FuzzyQueryNodeBuilder",2,0.00,1.00,5,0.07,1294.83,2,0,5,8,7,177.52,4,10,1,1,137.63,0.00,0.00,0.00,0,2.00,1,199.20,0,1,6,java.lang.Object,0.00,6,0,2,0,6,1,1,2,50,1
"org.apache.lucene.queryParser.standard.builders.GroupQueryNodeBuilder",2,0.00,1.00,5,0.05,761.31,2,0,5,4,7,160.06,6,9,1,1,139.45,0.00,0.00,0.00,0,2.00,1,155.20,0,1,6,java.lang.Object,0.00,2,0,2,0,2,1,1,2,41,1
"org.apache.lucene.queryParser.standard.builders.MatchAllDocsQueryNodeBuilder",2,0.00,1.50,6,0.08,1856.27,2,0,7,9,8,150.35,6,13,1,1,129.74,0.00,0.00,0.00,0,2.00,2,241.77,0,1,7,java.lang.Object,0.00,7,0,3,0,7,1,1,3,57,1
"org.apache.lucene.queryParser.standard.builders.MatchNoDocsQueryNodeBuilder",2,0.00,1.50,6,0.08,1856.27,2,0,7,9,8,150.35,6,13,1,1,129.74,0.00,0.00,0.00,0,2.00,2,241.77,0,1,7,java.lang.Object,0.00,7,0,3,0,7,1,1,3,57,1
"org.apache.lucene.queryParser.standard.builders.ModifierQueryNodeBuilder",2,0.00,1.00,5,0.05,761.31,2,0,5,4,7,160.06,6,9,1,1,139.45,0.00,0.00,0.00,0,2.00,1,155.20,0,1,6,java.lang.Object,0.00,2,0,2,0,2,1,1,2,41,1
"org.apache.lucene.queryParser.standard.builders.MultiPhraseQueryNodeBuilder",2,0.00,3.00,22,0.35,19893.92,2,0,11,15,10,140.31,5,30,1,1,100.42,0.00,0.00,0.00,0,2.00,5,1048.81,0,1,9,java.lang.Object,0.00,13,0,6,0,13,1,1,2,189,1
"org.apache.lucene.queryParser.standard.builders.NumericRangeQueryNodeBuilder",2,0.00,2.00,27,0.47,30076.32,2,0,10,18,11,78.52,10,47,1,1,96.39,0.00,0.00,0.00,0,2.00,3,1417.91,0,1,10,java.lang.Object,0.00,16,0,4,0,16,1,1,3,236,1
"org.apache.lucene.queryParser.standard.builders.PhraseQueryNodeBuilder",2,0.00,2.00,13,0.15,5724.47,2,0,8,8,9,154.48,5,18,1,1,114.59,0.00,0.00,0.00,0,2.00,3,459.09,0,1,8,java.lang.Object,0.00,6,0,4,0,6,1,1,2,93,1
"org.apache.lucene.queryParser.standard.builders.PrefixWildcardQueryNodeBuilder",2,0.00,1.50,10,0.16,4468.23,2,0,7,11,9,158.35,5,14,1,1,118.46,0.00,0.00,0.00,0,2.00,2,480.08,0,1,8,java.lang.Object,0.00,9,0,3,0,9,1,1,2,97,1
"org.apache.lucene.queryParser.standard.builders.SlopQueryNodeBuilder",2,0.00,1.50,10,0.11,3328.35,2,0,7,6,9,140.08,7,15,1,1,119.47,0.00,0.00,0.00,0,2.00,2,342.09,0,1,8,java.lang.Object,0.00,4,0,3,0,4,1,1,2,77,1
"org.apache.lucene.queryParser.standard.builders.StandardBooleanQueryNodeBuilder",3,0.00,3.33,27,0.36,15588.47,3,0,15,16,13,126.48,10,41,1,1,105.87,0.00,0.00,0.00,0,3.00,5,1093.36,0,2,12,java.lang.Object,0.00,13,0,10,0,13,1,1,2,212,1
"org.apache.lucene.queryParser.standard.builders.StandardQueryBuilder",1,0.00,1.00,2,0.01,88.08,1,0,5,1,28,102.16,7,3,23,2,144.46,0.00,0.50,0.00,0,1.00,1,44.04,0,1,5,,0.00,0,1,1,0,0,0,0,1,15,1
"org.apache.lucene.queryParser.standard.builders.StandardQueryTreeBuilder",2,0.00,1.00,22,0.34,5193.92,2,0,23,20,41,105.50,9,29,1,2,105.27,0.00,0.50,0.00,0,2.00,1,1017.69,2,1,40,org.apache.lucene.queryParser.core.builders.QueryTreeBuilder,0.00,18,1,2,0,18,1,1,1,195,1
"org.apache.lucene.queryParser.standard.builders.TermRangeQueryNodeBuilder",2,0.00,1.50,12,0.19,5089.68,2,0,8,12,10,154.95,5,19,1,1,115.06,0.00,0.00,0.00,0,2.00,2,555.70,0,1,9,java.lang.Object,0.00,10,0,3,0,10,1,1,2,110,1
"org.apache.lucene.queryParser.standard.builders.WildcardQueryNodeBuilder",2,0.00,1.50,9,0.12,3042.94,2,0,7,8,9,163.27,5,14,1,1,123.39,0.00,0.00,0.00,0,2.00,2,347.36,0,1,8,java.lang.Object,0.00,6,0,3,0,6,1,1,2,76,1
"org.apache.lucene.facet.search.association.AssociationsFacetRequestTest",5,0.68,1.60,85,1.31,40925.14,12,7,29,44,24,76.31,27,100,0,2,94.18,0.00,0.50,0.69,0,0.00,3,3940.66,0,0,24,org.apache.lucene.util.LuceneTestCase,0.00,39,1,8,0,39,5,0,12,704,1
"org.apache.lucene.facet.FacetException",4,0.00,1.00,10,0.05,359.54,4,0,1,5,4,126.51,21,15,4,2,144.39,1.00,0.33,0.00,0,4.00,1,148.96,0,0,0,java.io.IOException,0.00,1,1,4,1,1,4,0,2,49,1
"org.apache.lucene.facet.FacetTestBase",22,0.04,1.82,144,2.09,71328.45,30,8,44,94,29,134.80,68,188,0,2,114.19,10.00,0.08,0.09,8,162.00,7,6278.73,0,10,29,org.apache.lucene.util.LuceneTestCase,0.00,72,1,40,10,72,12,0,41,1205,2
"org.apache.lucene.facet.FacetTestBase$DefaultFacetIndexingParams",1,0.00,1.00,3,0.01,149.03,1,0,44,1,0,136.09,0,5,0,1,136.09,0.00,0.00,0.00,0,1.00,1,44.54,0,0,0,java.lang.Object,0.00,0,0,1,0,0,1,0,0,15,0
"org.apache.lucene.facet.FacetTestBase$NotSameResultError",1,0.00,1.00,3,0.01,94.05,1,0,44,1,0,137.66,0,5,0,2,137.66,0.00,0.50,0.00,0,1.00,1,42.11,0,0,0,java.lang.Error,0.00,0,1,1,0,0,1,0,0,15,2
"org.apache.lucene.facet.FacetTestBase$SearchTaxoDirPair",1,2.00,1.00,3,0.01,124.34,3,2,44,1,1,136.71,0,4,0,1,136.71,0.00,0.00,0.00,0,1.00,1,44.62,0,0,1,java.lang.Object,0.00,0,0,1,0,0,1,0,0,15,3
"org.apache.lucene.facet.FacetTestUtils",5,0.00,1.80,62,0.92,38180.03,5,0,33,38,29,120.65,16,74,3,1,100.03,0.00,0.00,0.00,0,5.00,2,2749.30,0,2,26,java.lang.Object,0.00,33,0,9,0,33,3,0,1,521,1
"org.apache.lucene.facet.FacetTestUtils$IndexTaxonomyReaderPair",1,0.00,1.00,8,0.05,534.16,4,3,33,4,3,115.83,0,10,0,1,115.83,0.00,0.00,1.00,0,0.00,1,150.57,0,0,3,java.lang.Object,0.00,3,0,1,0,3,1,0,0,42,2
"org.apache.lucene.facet.FacetTestUtils$IndexTaxonomyWriterPair",2,1.00,1.00,9,0.06,618.58,4,2,33,6,2,128.93,0,12,0,1,128.93,0.00,0.00,1.00,0,0.00,1,167.45,0,0,2,java.lang.Object,0.00,4,0,2,0,4,2,0,0,49,2
"org.apache.lucene.queryParser.core.builders.QueryBuilder",1,0.00,1.00,2,0.01,51.00,1,0,2,1,6,145.85,16,3,4,1,146.32,0.00,0.00,0.00,0,1.00,1,34.00,0,1,2,,0.00,0,0,1,0,0,0,0,2,13,1
"org.apache.lucene.queryParser.core.builders.QueryTreeBuilder",9,0.29,3.22,55,0.77,35126.11,12,3,9,29,21,71.13,63,85,14,1,113.42,0.00,0.00,0.07,4,19.00,9,2300.18,0,3,7,java.lang.Object,0.00,20,0,29,2,20,6,1,8,475,1
"org.apache.lucene.queryParser.core.builders.TestQueryTreeBuilder",1,0.00,1.00,7,0.10,1667.17,1,0,7,8,5,114.10,0,10,0,2,114.10,0.00,0.50,0.00,0,1.00,1,290.15,0,0,5,org.apache.lucene.util.LuceneTestCase,0.00,7,1,1,0,7,1,0,0,64,1
"org.apache.lucene.queryParser.core.builders.TestQueryTreeBuilder$DummyBuilder",1,0.00,1.00,3,0.02,178.19,1,0,7,1,3,135.48,0,5,0,1,135.48,0.00,0.00,0.00,0,1.00,1,62.67,0,1,3,java.lang.Object,0.00,0,0,1,0,0,0,1,0,19,2
"org.apache.lucene.facet.search.aggregator.Aggregator",2,0.00,1.00,3,0.02,80.34,2,0,1,2,14,184.65,39,4,14,1,158.37,0.00,0.00,0.00,0,2.00,1,58.73,0,0,0,,0.00,0,0,2,0,0,2,0,4,21,1
"org.apache.lucene.facet.search.aggregator.ComplementCountingAggregator",2,0.00,1.00,6,0.05,1127.10,2,0,0,2,2,83.06,21,10,1,2,131.54,0.00,0.50,0.00,0,2.00,1,160.83,0,0,1,org.apache.lucene.facet.search.aggregator.CountingAggregator,0.00,0,1,2,0,0,2,0,2,43,1
"org.apache.lucene.facet.search.aggregator.CountingAggregator",5,0.75,1.40,15,0.16,3864.09,6,1,0,7,6,112.51,25,24,5,1,130.38,0.00,0.00,0.40,0,7.00,2,465.04,0,0,1,java.lang.Object,0.00,2,0,7,1,2,5,1,4,116,1
"org.apache.lucene.facet.search.aggregator.ScoringAggregator",5,0.08,1.40,18,0.18,4095.25,8,3,0,7,3,130.42,22,27,2,1,130.18,0.00,0.00,0.27,0,10.00,2,553.83,0,0,1,java.lang.Object,0.00,2,0,7,0,2,5,1,2,136,1
"org.apache.lucene.analysis.kuromoji.tokenattributes.BaseFormAttribute",2,0.00,1.00,3,0.02,77.91,2,0,2,2,6,179.09,6,4,4,2,158.47,0.00,0.50,0.00,0,2.00,1,46.77,0,1,2,,0.00,0,1,2,0,0,1,0,1,18,1
"org.apache.lucene.analysis.kuromoji.tokenattributes.BaseFormAttributeImpl",5,0.50,1.20,13,0.13,1839.49,6,1,3,8,4,139.52,3,22,0,2,139.52,0.00,0.50,0.60,0,2.00,2,377.20,0,1,4,org.apache.lucene.util.AttributeImpl,0.17,3,1,6,0,3,4,2,1,100,1
"org.apache.lucene.analysis.kuromoji.tokenattributes.InflectionAttribute",3,0.00,1.00,4,0.02,95.33,3,0,2,3,5,199.06,6,5,3,2,159.17,0.00,0.50,0.00,0,3.00,1,58.38,0,2,2,,0.00,0,1,3,0,0,1,0,1,23,1
"org.apache.lucene.analysis.kuromoji.tokenattributes.InflectionAttributeImpl",6,0.40,1.67,22,0.27,7544.57,7,1,4,12,5,128.68,3,32,0,2,128.68,0.00,0.50,0.67,2,0.00,3,820.19,0,2,5,org.apache.lucene.util.AttributeImpl,0.15,6,1,10,0,6,4,2,1,188,1
"org.apache.lucene.analysis.kuromoji.tokenattributes.PartOfSpeechAttribute",2,0.00,1.00,3,0.02,77.91,2,0,2,2,6,208.47,3,4,4,2,158.47,0.00,0.50,0.00,0,2.00,1,46.77,0,1,2,,0.00,0,1,2,0,0,1,0,1,18,1
"org.apache.lucene.analysis.kuromoji.tokenattributes.PartOfSpeechAttributeImpl",5,0.50,1.40,16,0.18,3730.86,6,1,4,9,5,130.50,3,25,0,2,130.50,0.00,0.50,0.60,1,2.00,2,535.70,0,1,5,org.apache.lucene.util.AttributeImpl,0.17,4,1,7,0,4,4,2,1,130,1
"org.apache.lucene.analysis.kuromoji.tokenattributes.ReadingAttribute",3,0.00,1.00,4,0.02,95.33,3,0,2,3,5,199.06,6,5,3,2,159.17,0.00,0.50,0.00,0,3.00,1,58.38,0,2,2,,0.00,0,1,3,0,0,1,0,1,23,1
"org.apache.lucene.analysis.kuromoji.tokenattributes.ReadingAttributeImpl",6,0.40,1.67,22,0.27,7758.41,7,1,4,11,5,128.58,3,32,0,2,128.58,0.00,0.50,0.67,2,0.00,3,816.11,0,2,5,org.apache.lucene.util.AttributeImpl,0.15,5,1,10,0,5,4,2,1,188,1
"org.apache.lucene.analysis.br.BrazilianAnalyzer",11,0.20,1.73,39,0.89,20885.56,14,3,21,27,15,84.97,80,82,1,4,127.26,0.00,0.75,0.15,0,16.00,3,2679.35,1,1,14,org.apache.lucene.analysis.StopwordAnalyzerBase,0.00,16,3,19,0,16,10,0,19,490,2
"org.apache.lucene.analysis.br.BrazilianAnalyzer$DefaultSetHolder",0,0.00,0.00,6,0.07,1246.16,1,1,21,0,3,171.00,2,11,0,1,171.00,0.00,0.00,0.00,0,0.00,0,224.11,0,0,3,java.lang.Object,0.00,0,0,0,0,0,0,0,2,51,2
"org.apache.lucene.analysis.br.BrazilianStemFilter",3,0.12,2.33,20,0.27,9231.96,7,4,7,11,9,64.31,27,28,3,4,114.31,0.00,0.75,0.33,0,4.00,4,823.33,0,0,6,org.apache.lucene.analysis.TokenFilter,0.27,8,3,7,0,8,3,0,6,170,2
"org.apache.lucene.analysis.br.BrazilianStemmer",19,0.04,12.63,670,9.09,931830.14,24,5,0,26,1,25.88,174,761,1,1,75.88,0.00,0.00,0.24,9,43.00,122,27280.09,0,7,0,java.lang.Object,0.00,7,0,240,0,7,12,0,56,4424,1
"org.apache.lucene.analysis.br.TestBrazilianStemmer",11,0.00,1.00,126,1.51,24377.87,11,0,7,19,7,145.69,32,144,0,3,105.81,0.00,0.67,0.00,2,11.00,1,4524.88,4,0,7,org.apache.lucene.analysis.BaseTokenStreamTestCase,0.00,8,2,11,0,8,11,0,24,783,1
"org.apache.solr.handler.component.AbstractStatsValues",14,0.00,1.79,77,1.00,43774.08,21,7,8,33,9,117.51,56,85,3,1,117.27,0.00,0.00,0.14,4,50.00,7,3013.81,0,1,6,java.lang.Object,0.00,19,0,25,3,19,13,1,15,606,1
"org.apache.solr.handler.component.BadComponentTest",1,0.00,3.00,14,0.13,3246.83,1,0,3,5,2,82.47,5,21,0,3,100.34,0.00,0.67,0.00,0,1.00,3,382.57,3,0,2,org.apache.solr.SolrTestCaseJ4,0.00,4,2,3,0,4,1,0,2,77,1
"org.apache.solr.handler.component.DateStatsValues",7,0.17,1.71,26,0.34,8584.44,9,2,8,20,7,168.64,20,42,1,2,128.76,0.00,0.50,0.36,0,8.00,3,1022.55,0,1,6,org.apache.solr.handler.component.AbstractStatsValues,0.00,13,1,12,0,13,6,0,6,238,0
"org.apache.solr.handler.component.DebugComponent",11,0.50,4.00,123,1.93,171428.37,13,2,9,57,13,148.82,16,168,3,2,98.82,0.00,0.50,0.05,1,20.00,19,5801.55,0,6,10,org.apache.solr.handler.component.SearchComponent,0.62,46,1,44,0,46,5,0,11,1016,1
"org.apache.solr.handler.component.DistributedSpellCheckComponentTest",6,0.80,1.50,67,1.27,47234.96,7,1,8,23,5,141.26,12,82,0,4,101.38,0.00,0.75,0.33,1,18.00,2,3797.71,6,0,5,org.apache.solr.BaseDistributedSearchTestCase,0.13,17,3,9,0,17,6,0,6,649,1
"org.apache.solr.handler.component.DistributedTermsComponentTest",1,0.00,1.00,21,0.39,13316.24,1,0,1,3,1,56.98,6,24,0,4,89.20,0.00,0.75,0.00,0,0.00,1,1166.49,4,0,1,org.apache.solr.BaseDistributedSearchTestCase,0.04,2,3,1,0,2,1,0,1,206,1
"org.apache.solr.handler.component.DummyCustomParamSpellChecker",4,0.00,1.25,14,0.24,6836.76,4,0,11,12,7,109.82,21,24,0,2,127.69,0.00,0.50,0.00,1,4.00,2,725.59,0,2,7,org.apache.solr.spelling.SolrSpellChecker,0.00,8,1,5,0,8,2,0,3,153,1
"org.apache.solr.handler.component.FacetComponent",15,0.50,6.40,308,5.71,675809.81,17,2,16,81,20,43.10,111,380,4,2,85.39,0.00,0.50,0.03,2,28.00,31,17121.32,0,7,16,org.apache.solr.handler.component.SearchComponent,0.33,66,1,96,0,66,8,0,91,2651,1
"org.apache.solr.handler.component.FacetComponent$DistribFieldFacet",5,0.20,2.20,57,0.71,40832.75,15,10,16,21,3,121.78,15,64,0,2,101.17,0.00,0.50,0.26,0,0.00,7,2142.74,0,0,3,org.apache.solr.handler.component.FieldFacet,0.00,16,1,11,0,16,5,0,15,410,2
"org.apache.solr.handler.component.FacetComponent$DistribFieldFacet$Comparator<ShardFacetCount>",1,0.00,1.00,3,0.03,398.03,1,0,16,2,0,132.73,0,4,0,1,132.73,0.00,0.00,0.00,0,1.00,1,93.66,0,0,0,java.lang.Object,0.00,1,0,1,0,1,1,0,0,27,0
"org.apache.solr.handler.component.FacetComponent$DistribFieldFacet$Comparator<ShardFacetCount>_0",1,0.00,3.00,4,0.07,2328.85,1,0,16,2,0,121.77,0,6,0,1,121.77,0.00,0.00,0.00,0,1.00,3,215.06,0,0,0,java.lang.Object,0.00,1,0,3,0,1,1,0,0,53,0
"org.apache.solr.handler.component.FacetComponent$FacetBase",3,0.20,2.00,23,0.25,8013.47,8,5,16,8,7,152.22,7,27,0,1,112.33,0.00,0.00,0.33,0,2.00,4,736.21,0,2,7,java.lang.Object,0.00,5,0,6,0,5,1,0,7,153,2
"org.apache.solr.handler.component.FacetComponent$FacetInfo",1,3.00,5.00,21,0.31,11908.24,6,5,16,9,4,89.21,0,27,0,1,89.21,0.00,0.00,0.40,0,0.00,5,925.41,0,0,4,java.lang.Object,0.00,8,0,5,0,8,1,0,0,186,2
"org.apache.solr.handler.component.FacetComponent$FieldFacet",2,0.11,3.50,30,0.51,22920.35,11,9,16,9,4,134.76,4,35,0,2,94.88,0.00,0.50,0.06,1,2.00,6,1542.31,0,0,4,org.apache.solr.handler.component.FacetBase,0.00,7,1,7,0,7,2,0,4,283,2
"org.apache.solr.handler.component.FacetComponent$QueryFacet",1,1.00,1.00,4,0.03,304.61,2,1,16,1,2,128.98,0,6,0,2,128.98,0.00,0.50,0.00,0,1.00,1,99.07,0,0,2,org.apache.solr.handler.component.FacetBase,0.00,0,1,1,0,0,1,0,0,28,2
"org.apache.solr.handler.component.FacetComponent$ShardFacetCount",1,1.00,1.00,7,0.06,622.13,5,4,16,1,0,157.36,2,10,0,1,117.47,0.00,0.00,0.75,0,0.00,1,186.52,0,1,0,java.lang.Object,0.00,0,0,1,0,0,0,0,2,48,2
"org.apache.solr.handler.component.FieldFacetStats",5,0.40,3.20,78,0.96,37634.88,17,12,6,18,6,136.22,12,89,2,1,96.33,0.00,0.00,0.40,0,0.00,5,2876.43,0,1,4,java.lang.Object,0.00,13,0,16,0,13,4,0,5,537,1
"org.apache.solr.handler.component.HighlightComponent",14,0.23,2.86,109,1.63,81233.92,17,3,20,59,22,159.60,17,152,3,2,109.60,0.00,0.50,0.12,0,38.00,10,4891.77,0,7,20,org.apache.solr.handler.component.SearchComponent,0.55,45,1,40,0,45,7,2,12,908,1
"org.apache.solr.handler.component.HttpShardHandler",6,0.15,2.83,53,0.76,25029.21,10,4,15,31,18,108.80,25,67,1,2,108.56,0.00,0.50,0.38,1,6.00,6,2273.32,0,1,18,org.apache.solr.handler.component.ShardHandler,0.60,25,1,17,0,25,5,0,22,457,1
"org.apache.solr.handler.component.HttpShardHandler$Callable<ShardResponse>",1,0.00,3.00,23,0.33,13178.54,1,0,15,15,6,39.40,8,27,0,1,87.51,0.00,0.00,0.00,0,1.00,3,982.47,0,0,6,java.lang.Object,0.00,14,0,3,0,14,1,0,8,170,0
"org.apache.solr.handler.component.HttpShardHandler$SimpleSolrResponse",3,0.00,1.00,9,0.08,1024.20,5,2,15,3,2,133.25,0,16,0,2,133.25,0.00,0.50,0.50,0,2.00,1,229.00,0,1,2,org.apache.solr.client.solrj.SolrResponse,0.67,0,1,3,0,0,2,0,0,61,2
"org.apache.solr.handler.component.HttpShardHandlerFactory",3,0.20,2.33,53,1.01,40734.07,25,22,11,23,7,43.88,31,70,2,2,92.36,0.00,0.50,0.18,0,5.00,3,3035.25,0,1,6,org.apache.solr.handler.component.ShardHandlerFactory,0.50,20,1,7,0,20,2,1,27,509,1
"org.apache.solr.handler.component.MoreLikeThisComponent",8,1.00,1.75,50,0.87,34413.16,9,1,12,33,15,163.23,11,78,3,2,113.23,0.00,0.50,0.00,1,8.00,6,2604.65,0,6,12,org.apache.solr.handler.component.SearchComponent,0.43,25,1,14,0,25,2,0,6,466,1
"org.apache.solr.handler.component.NumericStatsValues",8,0.14,1.12,32,0.37,6975.37,10,2,8,16,6,145.97,27,42,1,2,125.36,0.00,0.50,0.62,0,4.00,2,1106.61,0,1,5,org.apache.solr.handler.component.AbstractStatsValues,0.00,8,1,9,0,8,7,0,9,272,0
"org.apache.solr.handler.component.QueryComponent",23,0.29,6.09,490,10.14,961915.02,26,3,42,281,70,85.11,107,633,7,2,84.87,0.00,0.50,0.06,13,82.00,27,30406.74,0,5,63,org.apache.solr.handler.component.SearchComponent,0.47,258,1,140,0,258,18,0,100,4565,1
"org.apache.solr.handler.component.QueryComponent$EndResultTransformer.SolrDocumentSource",1,0.00,1.00,4,0.04,495.97,1,0,42,2,3,127.32,0,5,0,1,127.32,0.00,0.00,0.00,0,1.00,1,117.70,0,1,3,java.lang.Object,0.00,1,0,1,0,1,0,0,0,31,0
"org.apache.solr.handler.component.QueryElevationComponent",13,0.04,3.92,193,3.45,233067.96,23,10,45,100,33,134.32,36,279,1,2,94.44,0.00,0.50,0.14,1,59.00,16,10350.43,0,8,32,org.apache.solr.handler.component.SearchComponent,0.50,87,1,51,0,87,5,1,28,1686,1
"org.apache.solr.handler.component.QueryElevationComponent$ElevationComparatorSource",2,1.00,1.00,6,0.08,1228.49,3,1,45,3,1,131.24,0,10,0,2,131.24,0.00,0.50,0.00,0,2.00,1,236.60,0,1,1,org.apache.solr.schema.FieldComparatorSource,0.00,1,1,2,0,1,1,0,0,57,0
"org.apache.solr.handler.component.QueryElevationComponent$ElevationComparatorSource$FieldComparator<Integer>",7,0.06,1.14,20,0.27,5200.34,10,3,45,9,1,137.13,1,33,0,1,137.13,0.00,0.00,0.38,1,10.00,2,806.72,0,1,1,java.lang.Object,0.00,2,0,8,0,2,6,0,1,191,0
"org.apache.solr.handler.component.QueryElevationComponent$ElevationObj",1,4.00,4.00,31,0.47,29679.05,7,6,45,13,5,129.83,1,35,0,1,79.83,0.00,0.00,0.33,0,0.00,4,1416.49,0,0,5,java.lang.Object,0.00,12,0,4,0,12,1,0,1,250,0
"org.apache.solr.handler.component.QueryElevationComponentTest",10,0.00,1.10,176,3.04,137345.80,10,0,20,47,11,142.50,14,263,0,3,92.50,0.00,0.67,0.00,3,38.00,2,9123.51,10,0,11,org.apache.solr.SolrTestCaseJ4,0.05,37,2,11,0,37,10,0,14,1511,1
"org.apache.solr.handler.component.ResponseBuilder",35,0.01,1.20,140,1.76,54272.68,84,49,18,60,53,173.38,44,187,35,1,123.38,0.00,0.00,0.01,6,654.00,4,5276.61,0,11,21,java.lang.Object,0.00,25,0,42,0,25,24,0,24,1024,1
"org.apache.solr.handler.component.ResponseBuilder$GlobalCollectionStat",1,2.00,1.00,6,0.06,952.18,3,2,18,1,0,118.52,0,8,0,1,118.52,0.00,0.00,0.00,0,1.00,1,178.04,0,0,0,java.lang.Object,0.00,0,0,1,0,0,1,0,0,45,2
"org.apache.solr.handler.component.SearchComponent",15,0.00,1.00,22,0.16,1379.76,15,0,6,18,28,195.42,32,34,23,1,155.54,0.00,0.00,0.00,0,15.00,1,468.80,0,7,6,java.lang.Object,0.00,3,0,15,11,3,8,2,11,148,2
"org.apache.solr.handler.component.SearchHandler",9,0.04,5.00,165,2.60,222382.32,16,7,17,70,31,89.45,40,210,4,2,89.21,1.00,0.33,0.17,1,13.00,25,7798.47,0,6,27,org.apache.solr.handler.RequestHandlerBase,0.38,61,1,45,1,61,3,2,32,1238,1
"org.apache.solr.handler.component.SearchHandlerTest",3,0.00,1.00,44,0.78,64420.94,3,0,5,19,8,134.02,7,51,0,3,94.13,0.00,0.67,0.00,0,4.00,1,2329.20,0,2,8,org.apache.solr.util.AbstractSolrTestCase,0.17,16,2,3,0,16,1,0,7,423,1
"org.apache.solr.handler.component.ShardDoc",5,0.11,2.00,24,0.30,8185.74,12,7,11,8,24,162.96,14,38,18,3,123.07,0.00,0.67,0.23,0,2.00,5,890.49,0,1,6,org.apache.lucene.search.FieldDoc,0.25,3,2,10,0,3,4,0,14,202,1
"org.apache.solr.handler.component.ShardFieldSortedHitQueue",7,0.17,2.86,61,0.85,55711.06,10,3,11,22,8,126.97,24,85,1,2,106.35,0.00,0.50,0.19,0,13.00,7,2550.74,1,5,7,org.apache.lucene.util.PriorityQueue,0.00,15,1,20,0,15,2,0,24,497,0
"org.apache.solr.handler.component.ShardFieldSortedHitQueue$Comparator",1,0.00,3.00,9,0.10,3634.02,1,0,11,1,1,107.11,0,12,0,1,107.11,0.00,0.00,0.00,0,1.00,3,299.43,0,0,1,java.lang.Object,0.00,0,0,3,0,0,1,0,0,66,0
"org.apache.solr.handler.component.ShardFieldSortedHitQueue$ShardComparator",3,0.25,1.67,19,0.17,3919.36,5,2,11,7,1,117.32,0,22,0,1,117.32,0.00,0.00,0.33,0,5.00,3,521.29,0,1,1,java.lang.Object,0.00,4,0,5,0,4,2,1,0,123,0
"org.apache.solr.handler.component.ShardFieldSortedHitQueue$ShardComparator_0",1,0.00,4.00,10,0.13,5229.74,1,0,11,3,1,104.10,0,15,0,1,104.10,0.00,0.00,0.00,0,1.00,4,400.25,0,0,1,java.lang.Object,0.00,2,0,4,0,2,1,0,0,85,0
"org.apache.solr.handler.component.ShardFieldSortedHitQueue$ShardComparator_1",1,0.00,4.00,10,0.14,5433.78,1,0,11,3,1,103.97,0,15,0,1,103.97,0.00,0.00,0.00,0,1.00,4,405.11,0,0,1,java.lang.Object,0.00,2,0,4,0,2,1,0,0,86,0
"org.apache.solr.handler.component.ShardFieldSortedHitQueue$ShardComparator_2",1,0.00,4.00,10,0.13,5229.74,1,0,11,3,1,104.10,0,15,0,1,104.10,0.00,0.00,0.00,0,1.00,4,400.25,0,0,1,java.lang.Object,0.00,2,0,4,0,2,1,0,0,85,0
"org.apache.solr.handler.component.ShardHandler",4,0.00,1.00,5,0.04,219.30,4,0,1,4,8,157.31,0,6,4,1,157.31,0.00,0.00,0.00,0,4.00,1,109.65,0,0,4,java.lang.Object,0.00,0,0,4,1,0,4,0,0,37,2
"org.apache.solr.handler.component.ShardHandlerFactory",1,0.00,1.00,2,0.01,54.24,1,0,0,1,3,146.11,0,3,2,1,146.11,0.00,0.00,0.00,0,1.00,1,27.12,0,1,1,java.lang.Object,0.00,0,0,1,1,0,0,0,0,11,2
"org.apache.solr.handler.component.ShardRequest",1,15.00,1.00,21,0.34,8077.22,19,18,3,4,25,42.43,10,27,24,1,90.91,0.00,0.00,0.17,0,0.00,1,1029.14,0,1,2,java.lang.Object,0.00,3,0,1,0,3,0,0,10,189,1
"org.apache.solr.handler.component.ShardResponse",10,0.02,1.10,27,0.22,2731.77,16,6,2,11,11,140.56,1,52,9,1,140.56,0.00,0.00,0.15,0,34.00,2,657.15,0,5,3,java.lang.Object,0.00,1,0,11,0,1,5,0,1,171,2
"org.apache.solr.handler.component.SimpleStats",4,0.08,4.50,76,1.23,82117.62,8,4,22,42,19,128.88,8,99,1,1,88.99,0.00,0.00,0.31,0,4.00,10,3676.15,0,3,18,java.lang.Object,0.00,38,0,18,0,38,1,0,8,613,0
"org.apache.solr.handler.component.SpellCheckComponent",18,0.03,5.67,400,7.73,879790.46,24,6,38,190,49,104.22,69,497,6,2,83.60,0.00,0.50,0.14,5,106.00,40,23190.39,1,9,43,org.apache.solr.handler.component.SearchComponent,0.42,172,1,102,0,172,9,2,48,3460,1
"org.apache.solr.handler.component.SpellCheckComponent$SpellCheckerListener",5,0.06,2.20,31,0.33,7142.78,9,4,38,11,5,116.95,2,47,0,1,116.95,0.00,0.00,0.30,1,7.00,6,1004.30,0,0,5,java.lang.Object,0.00,6,0,11,0,6,5,1,2,221,2
"org.apache.solr.handler.component.SpellCheckComponentTest",12,0.55,1.08,95,1.81,46556.26,13,1,17,45,16,111.20,10,154,0,3,111.20,0.00,0.67,0.50,0,18.00,2,5426.34,11,0,16,org.apache.solr.SolrTestCaseJ4,0.09,33,2,13,0,33,12,0,8,1007,1
"org.apache.solr.handler.component.StatsComponent",10,1.00,2.20,62,0.89,34036.80,11,1,22,30,24,163.98,16,89,2,2,113.98,0.00,0.50,0.00,0,10.00,5,2678.97,0,4,22,org.apache.solr.handler.component.SearchComponent,0.64,20,1,22,0,20,6,0,11,522,1
"org.apache.solr.handler.component.StatsComponentTest",14,0.00,1.14,129,2.31,45878.27,14,0,10,25,7,107.69,7,258,0,3,107.69,0.00,0.67,0.00,5,26.00,3,6938.06,5,2,7,org.apache.solr.util.AbstractSolrTestCase,0.19,11,2,16,0,11,12,0,5,1247,1
"org.apache.solr.handler.component.StatsInfo",1,0.00,3.00,10,0.13,3361.64,2,1,22,7,20,105.67,0,13,2,1,105.67,0.00,0.00,1.00,0,0.00,3,394.11,0,0,19,java.lang.Object,0.00,6,0,3,0,6,1,0,0,80,0
"org.apache.solr.handler.component.StatsValues",7,0.00,1.00,8,0.05,237.55,7,0,2,7,8,141.07,38,9,7,1,158.95,0.00,0.00,0.00,0,7.00,1,149.69,0,1,1,,0.00,0,0,7,0,0,6,0,8,54,1
"org.apache.solr.handler.component.StatsValuesFactory",1,0.00,4.00,10,0.28,12448.94,1,0,8,7,26,51.13,9,23,5,1,101.13,0.00,0.00,0.00,0,1.00,4,832.90,0,0,21,java.lang.Object,0.00,6,0,4,0,6,1,0,2,159,1
"org.apache.solr.handler.component.StringStatsValues",9,0.00,1.67,24,0.22,7657.46,9,0,8,10,6,136.82,36,36,1,2,136.58,0.00,0.50,0.00,0,9.00,4,667.87,0,3,5,org.apache.solr.handler.component.AbstractStatsValues,0.00,1,1,15,0,1,6,0,12,178,0
"org.apache.solr.handler.component.TermVectorComponent",10,0.30,4.00,161,2.97,284558.35,13,3,31,72,28,72.82,59,202,1,2,90.69,0.00,0.50,0.07,1,18.00,23,8910.99,1,5,27,org.apache.solr.handler.component.SearchComponent,0.32,62,1,40,0,62,5,1,23,1353,1
"org.apache.solr.handler.component.TermVectorComponent$FieldOptions",0,0.00,0.00,3,0.02,86.04,6,6,31,0,0,171.00,0,4,0,1,171.00,0.00,0.00,0.00,0,0.00,0,57.36,0,0,0,java.lang.Object,0.00,0,0,0,0,0,0,0,0,16,0
"org.apache.solr.handler.component.TermVectorComponent$TVMapper",6,0.23,2.50,56,0.72,29732.90,13,7,31,19,6,106.10,5,72,0,2,106.10,0.00,0.50,0.33,0,0.00,8,2171.18,0,0,6,org.apache.lucene.index.TermVectorMapper,0.31,13,1,15,0,13,6,0,5,415,2
"org.apache.solr.handler.component.TermVectorComponentTest",5,0.50,2.20,77,1.87,105614.01,6,1,13,31,11,132.78,12,177,0,3,92.89,0.00,0.67,0.60,0,4.00,5,5620.67,6,0,11,org.apache.solr.SolrTestCaseJ4,0.00,26,2,11,0,26,5,0,9,925,1
"org.apache.solr.handler.component.TermsComponent",11,0.50,4.91,149,2.75,259738.73,13,2,20,65,20,115.26,39,196,1,2,94.64,0.00,0.50,0.05,1,20.00,29,8256.22,0,5,19,org.apache.solr.handler.component.SearchComponent,0.31,54,1,54,0,54,6,0,21,1332,1
"org.apache.solr.handler.component.TermsComponent$TermsHelper",7,0.17,3.57,75,1.09,67585.86,9,2,20,29,5,141.91,16,95,0,1,102.03,0.00,0.00,0.36,0,3.00,11,3259.84,0,4,5,java.lang.Object,0.00,22,0,25,0,22,3,0,16,609,1
"org.apache.solr.handler.component.TermsComponent$TermsHelper$Comparator<TermsResponse.Term>",1,0.00,1.00,3,0.04,568.17,1,0,20,3,0,131.51,0,4,0,1,131.51,0.00,0.00,0.00,0,1.00,1,127.52,0,0,0,java.lang.Object,0.00,2,0,1,0,2,1,0,0,35,0
"org.apache.solr.handler.component.TermsComponent$TermsHelper$Comparator<TermsResponse.Term>_0",1,0.00,3.00,10,0.11,3437.55,1,0,20,4,0,105.60,0,12,0,1,105.60,0.00,0.00,0.00,0,1.00,3,321.97,0,0,0,java.lang.Object,0.00,3,0,3,0,3,1,0,0,73,0
"org.apache.solr.handler.component.TermsComponentTest",14,0.00,1.00,63,1.70,46164.16,14,0,6,21,4,120.84,8,212,0,3,120.84,0.00,0.67,0.00,0,26.00,1,5089.55,5,0,4,org.apache.solr.SolrTestCaseJ4,0.00,7,2,14,0,7,14,0,5,944,1
"org.apache.lucene.collation.CollationKeyAnalyzer",3,0.50,1.33,19,0.20,5624.46,4,1,7,7,7,115.66,49,26,2,2,116.13,0.00,0.50,0.67,0,1.00,2,598.91,2,2,5,org.apache.lucene.analysis.Analyzer,0.00,4,1,4,0,4,1,0,1,133,2
"org.apache.lucene.collation.CollationKeyAnalyzer$SavedStreams",0,0.00,0.00,3,0.01,82.42,2,2,7,0,2,171.00,0,5,0,1,171.00,0.00,0.00,0.00,0,0.00,0,41.21,0,0,2,java.lang.Object,0.00,0,0,0,0,0,0,0,0,13,1
"org.apache.lucene.collation.CollationKeyFilter",2,0.00,1.50,16,0.20,5217.32,4,2,6,11,7,160.31,51,23,3,4,110.32,0.00,0.75,0.50,0,2.00,2,613.69,0,0,4,org.apache.lucene.analysis.TokenFilter,0.29,9,3,3,0,9,2,0,4,130,2
"org.apache.lucene.collation.ICUCollationKeyAnalyzer",3,0.50,1.33,19,0.20,5624.46,4,1,8,7,7,86.75,41,26,1,2,116.13,0.00,0.50,0.67,0,1.00,2,598.91,2,2,6,org.apache.lucene.analysis.Analyzer,0.00,4,1,4,0,4,1,0,1,133,2
"org.apache.lucene.collation.ICUCollationKeyAnalyzer$SavedStreams",0,0.00,0.00,3,0.01,82.42,2,2,8,0,2,171.00,0,5,0,1,171.00,0.00,0.00,0.00,0,0.00,0,41.21,0,0,2,java.lang.Object,0.00,0,0,0,0,0,0,0,0,13,1
"org.apache.lucene.collation.ICUCollationKeyFilter",2,0.33,2.50,22,0.30,10041.60,5,3,8,13,8,146.74,44,32,3,4,102.80,0.00,0.75,0.50,0,2.00,3,885.11,0,0,5,org.apache.lucene.analysis.TokenFilter,0.29,11,3,5,0,11,2,0,3,178,2
"org.apache.lucene.collation.TestCollationKeyAnalyzer",5,0.39,1.40,29,0.49,12392.49,12,7,4,12,3,168.12,8,49,0,3,118.12,0.00,0.67,0.46,4,5.00,2,1460.69,1,0,3,org.apache.lucene.analysis.CollationTestBase,0.00,7,2,7,0,7,5,0,8,296,1
"org.apache.lucene.collation.TestCollationKeyFilter",4,0.57,1.25,21,0.41,11324.48,11,7,7,10,4,157.58,8,41,0,3,117.69,0.00,0.67,0.57,4,0.00,2,1237.31,0,0,4,org.apache.lucene.analysis.CollationTestBase,0.00,6,2,5,0,6,4,0,8,249,1
"org.apache.lucene.collation.TestCollationKeyFilter$TestAnalyzer",2,0.00,1.00,8,0.07,1026.85,3,1,7,4,4,127.20,0,12,0,2,127.20,0.00,0.50,1.00,0,0.00,1,200.20,0,1,4,org.apache.lucene.analysis.Analyzer,0.00,2,1,2,0,2,1,0,0,52,2
"org.apache.lucene.collation.TestICUCollationKeyAnalyzer",5,0.42,1.20,29,0.44,10340.62,11,6,4,11,3,168.78,8,47,0,3,118.78,0.00,0.67,0.50,4,2.00,2,1311.55,1,0,3,org.apache.lucene.analysis.CollationTestBase,0.00,6,2,6,0,6,5,0,8,276,1
"org.apache.lucene.collation.TestICUCollationKeyFilter",4,0.61,1.00,20,0.35,8740.64,10,6,7,9,4,158.51,8,38,0,3,118.63,0.00,0.67,0.62,4,0.00,1,1058.74,0,0,4,org.apache.lucene.analysis.CollationTestBase,0.00,5,2,4,0,5,4,0,8,224,1
"org.apache.lucene.collation.TestICUCollationKeyFilter$TestAnalyzer",2,0.00,1.00,8,0.07,1026.85,3,1,7,4,4,127.20,0,12,0,2,127.20,0.00,0.50,1.00,0,0.00,1,200.20,0,1,4,org.apache.lucene.analysis.Analyzer,0.00,2,1,2,0,2,1,0,0,52,2
"org.apache.lucene.analysis.miscellaneous.EmptyTokenStream",1,0.00,1.00,3,0.02,297.80,1,0,2,1,3,154.34,3,6,2,3,133.72,0.00,0.67,0.00,0,1.00,1,71.46,0,0,1,org.apache.lucene.analysis.TokenStream,0.33,0,2,1,0,0,1,0,1,21,2
"org.apache.lucene.analysis.miscellaneous.PatternAnalyzer",8,0.16,3.75,77,2.20,91180.43,17,9,17,31,12,102.68,133,150,4,3,103.15,0.00,0.67,0.25,3,16.00,6,6590.67,0,1,8,org.apache.lucene.analysis.ReusableAnalyzerBase,0.00,23,2,30,0,23,7,0,34,1032,2
"org.apache.lucene.analysis.miscellaneous.PatternAnalyzer$FastStringReader",2,1.00,1.00,7,0.04,396.02,3,1,17,2,0,135.12,0,10,0,2,135.12,0.00,0.50,0.50,0,2.00,1,114.45,0,1,0,java.io.StringReader,0.00,0,1,2,0,0,1,0,0,35,2
"org.apache.lucene.analysis.miscellaneous.PatternAnalyzer$FastStringTokenizer",7,0.04,2.00,53,0.66,25925.14,15,8,17,19,4,151.10,14,70,0,4,111.21,0.00,0.75,0.16,0,18.00,6,1981.57,2,0,4,org.apache.lucene.analysis.Tokenizer,0.50,12,3,14,0,12,7,0,14,404,3
"org.apache.lucene.analysis.miscellaneous.PatternAnalyzer$PatternTokenizer",5,0.12,2.20,45,0.54,16218.54,13,8,17,18,4,107.57,4,58,0,4,107.57,0.00,0.75,0.22,0,10.00,7,1618.23,2,0,4,org.apache.lucene.analysis.Tokenizer,0.55,13,3,11,0,13,5,0,4,335,3
"org.apache.lucene.analysis.miscellaneous.PatternAnalyzerTest",7,0.00,1.57,52,0.83,21485.39,7,0,9,25,5,79.69,43,81,0,3,111.91,0.00,0.67,0.00,1,7.00,4,2500.85,3,0,5,org.apache.lucene.analysis.BaseTokenStreamTestCase,0.00,18,2,11,0,18,7,0,22,497,1
"org.apache.lucene.analysis.miscellaneous.PatternAnalyzerTest$Thread.UncaughtExceptionHandler",1,0.00,1.00,4,0.04,434.22,1,0,9,3,0,167.66,2,5,0,1,127.77,0.00,0.00,0.00,0,1.00,1,111.51,0,0,0,java.lang.Object,0.00,2,0,1,0,2,1,0,2,30,0
"org.apache.lucene.analysis.miscellaneous.PrefixAndSuffixAwareTokenFilter",7,0.50,1.00,22,0.22,4324.64,8,1,3,16,7,131.22,6,34,4,3,131.22,0.00,0.67,0.57,0,3.00,1,656.55,0,2,3,org.apache.lucene.analysis.TokenStream,0.80,9,2,7,0,9,5,0,1,175,1
"org.apache.lucene.analysis.miscellaneous.PrefixAndSuffixAwareTokenFilter$PrefixAwareTokenFilter",1,0.00,1.00,3,0.03,512.11,1,0,3,2,2,131.87,0,5,0,1,131.87,0.00,0.00,0.00,0,1.00,1,101.46,0,1,2,java.lang.Object,0.00,1,0,1,0,1,0,0,0,28,0
"org.apache.lucene.analysis.miscellaneous.PrefixAndSuffixAwareTokenFilter$PrefixAwareTokenFilter_0",1,0.00,1.00,3,0.03,567.72,1,0,3,2,2,131.51,0,5,0,1,131.51,0.00,0.00,0.00,0,1.00,1,99.27,0,1,2,java.lang.Object,0.00,1,0,1,0,1,0,0,0,28,0
"org.apache.lucene.analysis.miscellaneous.PrefixAwareTokenFilter",13,0.16,1.69,105,1.22,28262.52,30,17,10,52,11,160.91,17,129,2,3,110.91,0.00,0.67,0.20,3,27.00,5,3655.68,1,5,9,org.apache.lucene.analysis.TokenStream,0.57,39,2,22,0,39,8,0,3,751,1
"org.apache.lucene.analysis.miscellaneous.SingleTokenTokenStream",5,0.08,1.20,24,0.21,3737.22,8,3,5,9,9,125.87,4,33,5,3,125.87,0.00,0.67,0.40,0,5.00,2,625.67,0,1,4,org.apache.lucene.analysis.TokenStream,0.46,4,2,6,0,4,4,0,2,150,2
"org.apache.lucene.analysis.miscellaneous.StemmerOverrideFilter",2,0.33,3.50,17,0.24,6375.20,5,3,8,10,8,77.21,13,26,3,4,109.44,0.00,0.75,0.50,0,2.00,4,720.53,0,0,5,org.apache.lucene.analysis.TokenFilter,0.29,8,3,7,0,8,2,0,3,151,2
"org.apache.lucene.analysis.miscellaneous.TestEmptyTokenStream",1,0.00,1.00,6,0.05,870.31,1,0,3,5,2,118.82,0,8,0,2,118.82,0.00,0.50,0.00,0,1.00,1,150.40,0,0,2,org.apache.lucene.util.LuceneTestCase,0.00,4,1,1,0,4,1,0,0,39,1
"org.apache.lucene.analysis.miscellaneous.TestPrefixAndSuffixAwareTokenFilter",2,0.00,1.00,8,0.15,3120.40,2,0,5,7,5,123.40,0,16,0,3,123.40,0.00,0.67,0.00,1,2.00,1,436.66,1,1,5,org.apache.lucene.analysis.BaseTokenStreamTestCase,0.00,5,2,2,0,5,1,0,0,95,1
"org.apache.lucene.analysis.miscellaneous.TestPrefixAwareTokenFilter",2,0.00,1.00,14,0.24,7425.94,2,0,5,7,5,111.37,1,23,0,3,111.37,0.00,0.67,0.00,1,2.00,1,722.39,1,1,5,org.apache.lucene.analysis.BaseTokenStreamTestCase,0.00,5,2,2,0,5,1,0,1,148,1
"org.apache.lucene.analysis.miscellaneous.TestSingleTokenTokenFilter",1,0.00,1.00,16,0.18,6223.76,1,0,5,10,4,96.21,0,18,0,2,96.21,0.00,0.50,0.00,0,1.00,1,535.70,0,0,4,org.apache.lucene.util.LuceneTestCase,0.00,9,1,1,0,9,1,0,0,111,1
"org.apache.lucene.analysis.miscellaneous.TestStemmerOverrideFilter",1,0.00,1.00,7,0.11,2588.52,1,0,8,7,7,138.88,19,10,0,3,112.60,0.00,0.67,0.00,0,1.00,1,330.51,1,0,7,org.apache.lucene.analysis.BaseTokenStreamTestCase,0.00,6,2,1,0,6,1,0,4,69,1
"org.apache.lucene.analysis.bg.BulgarianAnalyzer",5,0.33,1.80,22,0.30,7730.75,8,3,16,15,14,74.81,54,31,2,4,123.29,0.00,0.75,0.07,0,8.00,3,910.85,0,1,12,org.apache.lucene.analysis.StopwordAnalyzerBase,0.00,10,3,9,0,10,4,0,10,201,2
"org.apache.lucene.analysis.bg.BulgarianAnalyzer$DefaultSetHolder",0,0.00,0.00,6,0.05,853.95,1,1,16,0,1,171.00,2,10,0,1,171.00,0.00,0.00,0.00,0,0.00,0,164.39,0,0,1,java.lang.Object,0.00,0,0,0,0,0,0,0,2,40,2
"org.apache.lucene.analysis.bg.BulgarianStemFilter",2,0.33,2.00,14,0.16,3828.15,5,3,6,8,9,113.71,9,20,3,4,113.47,0.00,0.75,0.50,0,2.00,3,486.85,0,0,6,org.apache.lucene.analysis.TokenFilter,0.29,6,3,4,0,6,2,0,1,108,2
"org.apache.lucene.analysis.bg.BulgarianStemmer",3,0.00,9.00,47,0.77,51673.55,3,0,1,4,1,49.14,34,81,1,1,93.27,0.00,0.00,0.00,0,3.00,14,2298.83,0,0,0,java.lang.Object,0.00,1,0,27,0,1,3,0,15,443,1
"org.apache.lucene.analysis.bg.TestBulgarianAnalyzer",7,0.00,1.00,27,0.36,5959.36,7,0,5,10,4,180.13,10,36,0,3,130.13,0.00,0.67,0.00,0,7.00,1,1066.91,3,0,4,org.apache.lucene.analysis.BaseTokenStreamTestCase,0.00,3,2,7,0,3,7,0,4,239,1
"org.apache.lucene.analysis.bg.TestBulgarianStemmer",6,0.00,1.00,118,2.11,91202.15,6,0,7,13,6,48.08,45,126,0,3,90.37,0.00,0.67,0.00,0,6.00,1,6315.63,2,0,6,org.apache.lucene.analysis.BaseTokenStreamTestCase,0.00,7,2,6,0,7,6,0,31,1153,1
"org.apache.lucene.analysis.no.NorwegianAnalyzer",5,0.50,1.80,21,0.29,7141.30,7,2,18,16,15,75.46,42,31,1,4,123.56,0.00,0.75,0.10,0,8.00,3,866.52,0,1,14,org.apache.lucene.analysis.StopwordAnalyzerBase,0.00,11,3,9,0,11,4,0,8,192,2
"org.apache.lucene.analysis.no.NorwegianAnalyzer$DefaultSetHolder",0,0.00,0.00,6,0.07,1211.01,1,1,18,0,3,171.00,2,11,0,1,171.00,0.00,0.00,0.00,0,0.00,0,217.37,0,0,3,java.lang.Object,0.00,0,0,0,0,0,0,0,2,50,2
"org.apache.lucene.analysis.no.NorwegianLightStemFilter",2,0.33,2.00,14,0.16,3794.18,5,3,6,8,8,113.74,9,20,2,4,113.50,0.00,0.75,0.50,0,2.00,3,481.98,0,0,6,org.apache.lucene.analysis.TokenFilter,0.29,6,3,4,0,6,2,0,1,107,2
"org.apache.lucene.analysis.no.NorwegianLightStemmer",1,0.00,10.00,12,0.44,35796.90,1,0,1,2,1,139.48,28,45,1,1,94.35,0.00,0.00,0.00,0,1.00,10,1312.66,0,0,0,java.lang.Object,0.00,1,0,10,0,1,1,0,22,234,1
"org.apache.lucene.analysis.no.NorwegianMinimalStemFilter",2,0.33,2.00,14,0.16,3794.18,5,3,6,8,8,113.74,9,20,2,4,113.50,0.00,0.75,0.50,0,2.00,3,481.98,0,0,6,org.apache.lucene.analysis.TokenFilter,0.29,6,3,4,0,6,2,0,1,107,2
"org.apache.lucene.analysis.no.NorwegianMinimalStemmer",1,0.00,6.00,8,0.17,10426.60,1,0,1,2,1,67.70,12,23,1,1,105.26,0.00,0.00,0.00,0,1.00,6,506.57,0,0,0,java.lang.Object,0.00,1,0,6,0,1,1,0,8,102,1
"org.apache.lucene.analysis.no.TestNorwegianAnalyzer",4,0.00,1.00,15,0.16,2494.63,4,0,4,7,4,181.19,7,21,0,3,131.19,0.00,0.67,0.00,0,4.00,1,481.49,3,0,4,org.apache.lucene.analysis.BaseTokenStreamTestCase,0.00,3,2,4,0,3,4,0,6,114,1
"org.apache.lucene.analysis.no.TestNorwegianLightStemFilter",2,0.00,1.00,7,0.06,639.64,2,0,9,6,5,173.36,5,11,0,3,133.48,0.00,0.67,0.00,0,2.00,1,182.75,1,0,5,org.apache.lucene.analysis.BaseTokenStreamTestCase,0.00,4,2,2,0,4,2,0,3,48,1
"org.apache.lucene.analysis.no.TestNorwegianLightStemFilter$ReusableAnalyzerBase",1,0.00,1.00,4,0.05,1009.20,1,0,9,4,3,124.89,0,7,0,1,124.89,0.00,0.00,0.00,0,1.00,1,159.62,0,0,3,java.lang.Object,0.00,3,0,1,0,3,1,0,0,38,0
"org.apache.lucene.analysis.no.TestNorwegianMinimalStemFilter",2,0.00,1.00,7,0.06,639.64,2,0,9,6,5,173.36,5,11,0,3,133.48,0.00,0.67,0.00,0,2.00,1,182.75,1,0,5,org.apache.lucene.analysis.BaseTokenStreamTestCase,0.00,4,2,2,0,4,2,0,3,48,1
"org.apache.lucene.analysis.no.TestNorwegianMinimalStemFilter$ReusableAnalyzerBase",1,0.00,1.00,4,0.05,1009.20,1,0,9,4,3,124.89,0,7,0,1,124.89,0.00,0.00,0.00,0,1.00,1,159.62,0,0,3,java.lang.Object,0.00,3,0,1,0,3,1,0,0,38,0
"org.apache.lucene.search.join.JoinUtil",2,0.00,1.00,6,0.07,1579.37,2,0,3,6,5,86.26,23,12,1,1,130.39,0.00,0.00,0.00,0,2.00,1,207.59,0,1,4,java.lang.Object,0.00,4,0,2,0,4,1,0,3,50,2
"org.apache.lucene.search.join.RawTermFilter",2,1.00,1.50,9,0.09,2558.46,3,1,8,4,8,106.11,10,14,1,2,123.98,0.00,0.50,0.00,0,2.00,2,274.09,0,1,7,org.apache.lucene.search.Filter,0.00,2,1,3,0,2,1,0,1,65,1
"org.apache.lucene.search.join.RawTermFilter$DocIdSet",1,0.00,1.00,4,0.03,531.19,1,0,8,3,2,127.08,0,6,0,1,127.08,0.00,0.00,0.00,0,0.00,1,101.45,0,1,2,java.lang.Object,0.00,2,0,1,0,2,0,0,0,26,0
"org.apache.lucene.search.join.RawTermFilter$DocIdSet$DocIdSetIterator",3,0.00,1.67,16,0.12,2766.40,4,1,8,6,0,121.46,0,24,0,1,121.46,0.00,0.00,1.00,0,0.00,2,362.62,0,0,0,java.lang.Object,0.00,3,0,5,0,3,3,0,0,89,0
"org.apache.lucene.search.join.TermsCollector",6,0.07,1.00,15,0.14,1960.62,9,3,7,9,5,139.97,5,22,1,2,139.97,0.00,0.50,0.28,0,10.00,1,412.76,0,1,4,org.apache.lucene.search.Collector,0.40,3,1,6,0,3,5,0,1,108,0
"org.apache.lucene.search.join.TermsQuery",3,0.00,1.67,20,0.24,7327.71,5,2,8,12,6,135.79,11,28,1,3,115.18,0.00,0.67,0.50,0,1.00,3,718.93,0,2,5,org.apache.lucene.search.MultiTermQuery,0.00,9,2,5,0,9,1,0,3,160,0
"org.apache.lucene.search.join.TermsQuery$FilteredTermEnum",7,0.00,1.00,14,0.08,679.65,7,0,8,8,1,144.12,0,21,0,1,144.12,0.00,0.00,0.00,0,7.00,1,241.10,0,1,1,java.lang.Object,0.00,1,0,7,0,1,6,0,0,75,0
"org.apache.lucene.search.join.TermsQuery$SeekingTermsEnum",4,0.33,3.00,44,0.42,26950.11,9,5,8,9,2,101.75,1,56,0,2,101.75,0.00,0.50,0.45,0,0.00,8,1274.50,0,0,2,org.apache.lucene.search.join.FilteredTermEnum,0.00,5,1,12,0,5,4,0,1,261,1
"org.apache.lucene.search.join.ToChildBlockJoinQuery",9,0.25,1.22,48,0.53,15429.33,13,4,15,23,14,140.03,28,73,2,2,119.41,0.00,0.50,0.47,0,0.00,2,1600.44,1,4,12,org.apache.lucene.search.Query,0.17,14,1,11,0,14,5,0,6,368,1
"org.apache.lucene.search.join.ToChildBlockJoinQuery$ToChildBlockJoinScorer",6,0.30,2.67,55,0.62,37974.93,12,6,15,14,4,105.48,24,79,0,3,105.24,0.00,0.67,0.42,0,0.00,7,1860.23,1,0,4,org.apache.lucene.search.Scorer,0.63,8,2,16,0,8,6,0,24,378,1
"org.apache.lucene.search.join.ToChildBlockJoinQuery$ToChildBlockJoinWeight",8,0.04,1.38,33,0.38,10024.91,12,4,15,19,8,124.07,6,53,0,2,124.07,0.00,0.50,0.28,0,6.00,4,1151.59,0,3,8,org.apache.lucene.search.Weight,0.67,11,1,11,0,11,5,0,6,262,2
"org.apache.lucene.search.join.ToParentBlockJoinCollector",9,0.19,5.00,195,2.62,219996.82,27,18,21,48,19,42.62,103,213,1,2,86.75,0.00,0.50,0.23,2,0.00,14,7865.13,0,1,18,org.apache.lucene.search.Collector,0.15,39,1,45,0,39,8,0,48,1359,1
"org.apache.lucene.search.join.ToParentBlockJoinCollector$FakeScorer",5,0.38,1.00,13,0.09,1051.80,7,2,21,6,1,141.48,0,23,0,3,141.48,0.00,0.67,0.20,0,11.00,1,263.06,0,0,1,org.apache.lucene.search.Scorer,0.67,1,2,5,0,1,5,0,0,77,3
"org.apache.lucene.search.join.ToParentBlockJoinCollector$OneGroup",1,2.00,4.00,22,0.20,7667.80,6,5,21,1,1,90.02,0,22,0,2,90.02,0.00,0.50,0.60,0,0.00,4,597.79,0,0,1,FieldValueHitQueue.Entry,0.00,0,1,4,0,0,1,0,0,129,3
"org.apache.lucene.search.join.ToParentBlockJoinCollector$Scorer.ScorerVisitor<Query,Query,Scorer>",3,0.00,2.00,10,0.14,2760.18,3,0,21,4,3,179.70,3,22,0,1,129.70,0.00,0.00,0.00,0,3.00,2,429.93,0,0,3,java.lang.Object,0.00,1,0,6,0,1,3,0,3,104,0
"org.apache.lucene.search.join.ToParentBlockJoinQuery",9,0.25,1.22,49,0.53,15338.60,13,4,18,22,19,71.33,78,74,4,2,119.43,0.00,0.50,0.47,0,0.00,2,1604.64,1,4,15,org.apache.lucene.search.Query,0.17,13,1,11,0,13,5,0,11,370,1
"org.apache.lucene.search.join.ToParentBlockJoinQuery$BlockJoinScorer",9,0.18,2.78,87,0.93,55082.18,18,9,18,18,5,145.24,24,120,0,3,105.35,0.00,0.67,0.27,1,24.00,10,2777.08,1,0,5,org.apache.lucene.search.Scorer,0.55,9,2,25,0,9,9,0,24,547,1
"org.apache.lucene.search.join.ToParentBlockJoinQuery$BlockJoinWeight",8,0.04,1.50,36,0.43,11975.62,12,4,18,20,9,123.44,7,57,0,2,123.44,0.00,0.50,0.28,0,6.00,5,1281.37,0,3,9,org.apache.lucene.search.Weight,0.67,12,1,12,0,12,5,0,7,283,2
"org.apache.lucene.search.join.ToParentBlockJoinQuery$ScoreMode",0,0.00,0.00,2,0.01,83.05,0,0,18,0,0,171.00,1,5,0,1,171.00,0.00,0.00,0.00,0,0.00,0,33.22,0,0,0,java.lang.Object,0.00,0,0,0,0,0,0,0,1,10,2
"org.apache.lucene.facet.taxonomy.writercache.TaxonomyWriterCache",6,0.00,1.00,7,0.05,242.40,6,0,2,6,5,147.99,94,8,4,1,158.35,0.00,0.00,0.00,0,6.00,1,150.98,0,0,2,,0.00,0,0,6,0,0,6,0,8,52,1
"org.apache.lucene.analysis.nl.Deprecated",18,0.07,3.89,183,2.72,156640.22,23,5,1,37,0,122.98,70,287,0,1,102.36,0.00,0.00,0.13,11,86.00,11,8156.16,0,1,0,java.lang.Object,0.00,19,0,70,0,19,17,0,17,1594,1
"org.apache.lucene.analysis.nl.DutchAnalyzer",13,0.01,2.31,73,1.14,36178.26,19,6,25,38,18,69.50,111,114,1,3,117.61,0.00,0.67,0.15,1,39.00,5,3418.69,1,1,17,org.apache.lucene.analysis.ReusableAnalyzerBase,0.00,25,2,30,0,25,12,0,29,708,2
"org.apache.lucene.analysis.nl.DutchAnalyzer$DefaultSetHolder",0,0.00,0.00,12,0.17,4320.85,2,2,25,0,4,171.00,4,17,0,1,171.00,0.00,0.00,0.00,0,0.00,0,502.12,0,0,4,java.lang.Object,0.00,0,0,0,0,0,0,0,4,101,2
"org.apache.lucene.analysis.nl.TestDutchStemmer",13,0.00,1.00,129,1.50,24759.98,13,0,6,19,4,149.46,38,146,0,3,109.58,0.00,0.67,0.00,1,13.00,1,4514.43,5,0,4,org.apache.lucene.analysis.BaseTokenStreamTestCase,0.00,6,2,13,0,6,13,0,12,800,1
"org.apache.lucene.facet.example.adaptive.AdaptiveMain",2,0.00,1.00,14,0.15,3572.97,2,0,9,10,11,93.72,28,17,2,1,113.87,0.00,0.00,0.00,0,2.00,1,451.79,0,1,9,java.lang.Object,0.00,8,0,2,0,8,1,0,5,97,1
"org.apache.lucene.facet.example.adaptive.AdaptiveSearcher",1,0.00,2.00,21,0.38,14770.46,1,0,19,21,19,54.98,42,23,1,1,88.69,0.00,0.00,0.00,0,1.00,2,1130.93,0,1,18,java.lang.Object,0.00,20,0,2,0,20,0,0,17,186,1
"org.apache.solr.search.grouping.collector.FilterCollector",7,0.08,1.14,23,0.18,2674.22,11,4,5,12,7,182.84,10,32,3,2,132.84,0.00,0.50,0.32,0,0.00,2,544.74,0,1,4,org.apache.lucene.index.Collector,0.00,5,1,8,0,5,6,0,2,144,1
"org.apache.lucene.search.spans.FieldMaskingSpanQuery",10,0.17,1.30,41,0.48,14169.88,12,2,9,25,11,123.90,44,67,3,3,123.67,0.00,0.67,0.35,2,6.00,3,1435.31,2,5,8,org.apache.lucene.search.spans.SpanQuery,0.22,15,2,13,0,15,5,0,3,337,1
"org.apache.lucene.search.spans.JustCompileSearchSpans",0,0.00,0.00,6,0.06,759.99,1,1,5,0,3,171.00,7,10,0,1,171.00,0.00,0.00,0.00,0,0.00,0,174.17,0,0,3,java.lang.Object,0.00,0,0,0,0,0,0,0,1,41,1
"org.apache.lucene.search.spans.JustCompileSearchSpans$JustCompilePayloadSpans",7,0.00,1.00,15,0.15,2024.81,7,0,5,8,1,140.39,0,30,0,2,140.39,0.00,0.50,0.00,0,0.00,1,436.73,0,1,1,org.apache.lucene.search.spans.Spans,1.00,1,1,7,0,1,6,0,0,117,2
"org.apache.lucene.search.spans.JustCompileSearchSpans$JustCompileSpanQuery",3,0.00,1.00,7,0.07,860.22,3,0,5,4,3,140.42,0,14,0,3,140.42,0.00,0.67,0.00,0,0.00,1,201.05,0,3,3,org.apache.lucene.search.spans.SpanQuery,0.15,1,2,3,0,1,0,0,0,55,2
"org.apache.lucene.search.spans.JustCompileSearchSpans$JustCompileSpanScorer",2,0.00,1.00,5,0.06,701.28,2,0,5,3,4,139.73,0,10,0,4,139.73,0.00,0.75,0.00,0,2.00,1,170.49,0,0,4,org.apache.lucene.search.spans.SpanScorer,0.17,1,3,2,0,1,2,0,0,45,2
"org.apache.lucene.search.spans.JustCompileSearchSpans$JustCompileSpans",7,0.00,1.00,15,0.15,2024.81,7,0,5,8,1,140.39,0,30,0,2,140.39,0.00,0.50,0.00,0,0.00,1,436.73,0,1,1,org.apache.lucene.search.spans.Spans,1.00,1,1,7,0,1,6,0,0,117,2
"org.apache.lucene.search.spans.NearSpansOrdered",17,0.12,3.18,180,2.29,173514.48,29,12,10,37,8,102.10,70,218,4,2,101.86,0.00,0.50,0.20,3,56.00,12,6866.64,0,3,5,org.apache.lucene.search.spans.Spans,0.58,20,1,54,0,20,14,0,31,1286,1
"org.apache.lucene.search.spans.NearSpansOrdered$Comparator<Spans>",1,0.00,1.00,3,0.03,480.85,1,0,10,2,1,132.08,0,4,0,1,132.08,0.00,0.00,0.00,0,1.00,1,93.66,0,0,1,java.lang.Object,0.00,1,0,1,0,1,1,0,0,27,0
"org.apache.lucene.search.spans.NearSpansUnordered",17,0.08,2.65,135,1.40,51079.59,28,11,8,46,7,151.75,44,166,3,2,111.87,0.00,0.50,0.17,8,92.00,11,4185.53,0,4,5,org.apache.lucene.search.spans.Spans,0.58,29,1,45,0,29,13,0,35,877,1
"org.apache.lucene.search.spans.NearSpansUnordered$CellQueue",2,0.00,1.50,8,0.09,2854.54,2,0,8,4,2,123.61,0,13,0,2,123.61,0.00,0.50,0.00,0,2.00,2,260.58,1,0,2,org.apache.lucene.util.PriorityQueue,0.00,2,1,3,0,2,2,0,0,65,1
"org.apache.lucene.search.spans.NearSpansUnordered$SpansCell",10,0.00,1.30,34,0.36,11038.58,14,4,8,18,1,129.18,4,49,0,2,129.18,0.00,0.50,0.25,3,0.00,4,1088.55,0,2,1,org.apache.lucene.search.spans.Spans,0.82,8,1,13,0,8,8,0,4,266,1
"org.apache.lucene.search.spans.SpanFirstQuery",6,0.00,1.67,29,0.42,14592.96,6,0,2,19,16,171.76,10,48,12,5,121.76,0.00,0.80,0.00,1,0.00,3,1274.28,1,3,4,org.apache.lucene.search.spans.SpanPositionRangeQuery,0.26,13,4,10,0,13,3,0,3,284,1
"org.apache.lucene.search.spans.SpanMultiTermQueryWrapper",9,0.08,2.22,59,0.72,23866.10,12,3,9,28,12,96.96,47,85,4,3,114.83,0.50,0.50,0.41,1,0.00,5,2155.86,0,4,8,org.apache.lucene.search.spans.SpanQuery,0.23,19,2,20,1,19,5,0,9,452,1
"org.apache.lucene.search.spans.SpanMultiTermQueryWrapper$SpanRewriteMethod",1,0.00,1.00,2,0.03,309.01,1,0,9,1,3,140.16,0,4,0,2,140.16,0.00,0.50,0.00,0,1.00,1,90.33,0,0,3,MultiTermQuery.RewriteMethod,0.00,0,1,1,0,0,1,0,0,25,3
"org.apache.lucene.search.spans.SpanMultiTermQueryWrapper$SpanRewriteMethod_0",2,0.00,1.00,8,0.08,1923.95,2,0,9,4,5,92.83,12,14,0,1,125.05,0.00,0.00,0.00,0,2.00,1,243.19,0,1,5,java.lang.Object,0.00,2,0,2,0,2,1,0,2,61,0
"org.apache.lucene.search.spans.SpanMultiTermQueryWrapper$SpanRewriteMethod_0$ScoringRewrite<SpanOrQuery>",2,0.00,1.00,7,0.07,1454.02,2,0,9,6,3,130.67,0,11,0,1,130.67,0.00,0.00,0.00,0,2.00,1,216.57,0,0,3,java.lang.Object,0.00,4,0,2,0,4,2,0,0,55,0
"org.apache.lucene.search.spans.SpanMultiTermQueryWrapper$SpanRewriteMethod_0$TopTermsSpanBooleanQueryRewrite",5,0.00,1.60,16,0.18,4223.19,6,1,9,11,5,180.05,5,25,0,2,130.05,0.00,0.50,1.00,0,0.00,4,534.36,0,0,5,org.apache.lucene.search.spans.SpanRewriteMethod,0.00,6,1,8,0,6,5,0,2,130,3
"org.apache.lucene.search.spans.SpanMultiTermQueryWrapper$SpanRewriteMethod_0$TopTermsSpanBooleanQueryRewrite$TopTermsRewrite<SpanOrQuery>",3,0.00,1.00,9,0.09,1660.64,3,0,9,7,3,131.60,0,15,0,1,131.60,0.00,0.00,0.00,0,3.00,1,267.52,0,0,3,java.lang.Object,0.00,4,0,3,0,4,3,0,0,69,0
"org.apache.lucene.search.spans.SpanNearPayloadCheckQuery",6,0.60,2.50,52,0.63,26122.58,7,1,4,23,6,148.33,16,70,2,4,108.45,0.00,0.75,0.50,1,2.00,7,1886.58,1,3,4,org.apache.lucene.search.spans.SpanPositionCheckQuery,0.27,17,3,15,0,17,3,0,8,388,1
"org.apache.lucene.search.spans.SpanNearQuery",13,0.13,2.54,97,1.19,51718.87,18,5,9,43,37,150.80,26,117,30,3,110.91,0.50,0.50,0.32,2,10.00,6,3558.13,1,5,9,org.apache.lucene.search.spans.SpanQuery,0.30,30,2,33,1,30,8,1,17,731,1
"org.apache.lucene.search.spans.SpanNotQuery",11,0.05,1.64,56,0.68,26026.63,13,2,8,28,17,118.24,10,74,11,3,118.24,0.00,0.67,0.55,2,0.00,5,2025.46,1,4,6,org.apache.lucene.search.spans.SpanQuery,0.32,17,2,18,0,17,7,1,9,460,1
"org.apache.lucene.search.spans.SpanNotQuery$Spans",8,0.18,2.38,37,0.61,40991.81,12,4,8,16,2,159.02,16,67,0,1,119.13,0.00,0.00,0.41,1,0.00,6,1829.90,0,2,2,java.lang.Object,0.00,8,0,19,0,8,6,0,16,397,0
"org.apache.lucene.search.spans.SpanOrQuery",11,0.05,2.45,78,0.95,36529.60,13,2,11,42,29,111.54,9,96,22,3,111.54,0.00,0.67,0.45,2,0.00,5,2860.25,1,5,7,org.apache.lucene.search.spans.SpanQuery,0.32,31,2,27,0,31,6,1,9,602,1
"org.apache.lucene.search.spans.SpanOrQuery$SpanQueue",2,0.00,2.00,11,0.13,6227.84,2,0,11,5,2,117.26,0,18,0,2,117.26,0.00,0.50,0.00,0,2.00,3,383.56,1,0,2,org.apache.lucene.util.PriorityQueue,0.00,3,1,4,0,3,2,0,0,93,1
"org.apache.lucene.search.spans.SpanOrQuery$Spans",10,0.56,2.20,52,0.69,23802.95,11,1,11,27,3,118.16,3,75,0,1,118.16,0.00,0.00,0.50,4,10.00,5,2060.40,0,3,3,java.lang.Object,0.00,17,0,22,0,17,7,0,3,436,0
"org.apache.lucene.search.spans.SpanPayloadCheckQuery",6,0.60,2.33,48,0.62,23272.12,7,1,5,26,6,129.47,21,66,2,4,108.86,0.00,0.75,0.50,1,2.00,5,1872.60,1,3,4,org.apache.lucene.search.spans.SpanPositionCheckQuery,0.27,20,3,14,0,20,3,0,9,386,1
"org.apache.lucene.search.spans.SpanPositionCheckQuery",7,0.50,1.29,25,0.23,5940.36,8,1,7,11,10,150.70,27,33,5,3,130.08,2.00,0.29,0.57,0,3.00,3,690.49,1,4,5,org.apache.lucene.search.spans.SpanQuery,0.12,4,2,9,4,4,3,1,6,170,2
"org.apache.lucene.search.spans.SpanPositionCheckQuery$AcceptStatus",0,0.00,0.00,2,0.01,71.32,0,0,7,0,0,171.00,0,1,0,1,171.00,0.00,0.00,0.00,0,0.00,0,28.53,0,0,0,java.lang.Object,0.00,0,0,0,0,0,0,1,0,9,2
"org.apache.lucene.search.spans.SpanPositionCheckQuery$PositionCheckSpan",10,0.11,1.90,36,0.36,8562.27,11,1,7,19,3,129.96,3,55,0,2,129.96,0.00,0.50,0.90,1,0.00,7,1090.35,0,2,3,org.apache.lucene.search.spans.Spans,0.82,9,1,19,0,9,8,0,3,261,1
"org.apache.lucene.search.spans.SpanPositionRangeQuery",8,0.14,1.50,37,0.52,18364.10,10,2,2,19,8,171.98,12,58,4,4,121.98,0.33,0.60,0.62,1,0.00,3,1561.25,1,2,4,org.apache.lucene.search.spans.SpanPositionCheckQuery,0.25,11,3,12,1,11,6,0,4,350,1
"org.apache.lucene.search.spans.SpanQuery",3,0.00,1.00,5,0.05,543.20,3,0,5,4,69,203.22,4,8,65,2,153.22,15.00,0.06,0.00,0,3.00,1,144.38,0,3,5,org.apache.lucene.search.Query,0.00,1,1,3,15,1,0,0,3,42,2
"org.apache.lucene.search.spans.SpanScorer",8,0.21,2.00,54,0.59,17365.88,14,6,5,20,11,165.54,8,73,6,3,115.54,1.50,0.33,0.35,1,0.00,4,1760.08,1,1,5,org.apache.lucene.search.Scorer,0.71,12,2,16,3,12,7,0,5,375,1
"org.apache.lucene.search.spans.SpanTermQuery",8,0.14,2.00,31,0.40,13766.59,9,1,5,22,42,127.56,3,48,36,3,127.56,0.50,0.50,0.88,0,0.00,7,1204.28,3,4,6,org.apache.lucene.search.spans.SpanQuery,0.24,14,2,16,1,14,4,0,3,276,1
"org.apache.lucene.search.spans.SpanWeight",7,0.25,1.57,64,1.08,60552.46,15,8,7,37,14,154.30,10,87,5,2,104.30,2.00,0.25,0.34,2,0.00,4,3254.68,0,3,10,org.apache.lucene.search.Weight,0.57,30,1,11,2,30,4,0,8,580,1
"org.apache.lucene.search.spans.Spans",7,0.00,1.00,8,0.06,462.42,7,0,2,7,36,114.38,49,9,36,1,156.67,0.00,0.00,0.00,0,7.00,1,173.89,0,1,0,java.lang.Object,0.00,0,0,7,7,0,6,0,9,59,2
"org.apache.lucene.search.spans.TermSpans",10,0.19,1.50,48,0.48,12008.96,16,6,5,20,8,124.20,6,71,5,2,124.20,0.00,0.50,0.33,0,0.00,3,1437.25,0,3,3,org.apache.lucene.search.spans.Spans,0.82,10,1,15,0,10,7,0,3,328,1
"org.apache.lucene.search.spans.TestBasics",28,0.12,1.07,289,8.74,211415.33,31,3,34,76,34,153.14,28,435,0,2,103.14,0.00,0.50,0.21,1,28.00,2,26226.12,0,0,34,org.apache.lucene.util.LuceneTestCase,0.00,48,1,30,0,48,28,0,6,4043,1
"org.apache.lucene.search.spans.TestBasics$Analyzer",1,0.00,1.00,3,0.03,439.75,1,0,34,3,2,132.39,0,5,0,1,132.39,0.00,0.00,0.00,0,1.00,1,102.01,0,1,2,java.lang.Object,0.00,2,0,1,0,2,0,0,0,27,0
"org.apache.lucene.search.spans.TestBasics$SimplePayloadFilter",3,0.38,1.33,21,0.19,3233.10,7,4,34,8,5,115.53,0,28,0,4,115.53,0.00,0.75,0.50,0,0.00,2,564.83,1,0,5,org.apache.lucene.analysis.TokenFilter,0.53,5,3,4,0,5,3,0,0,130,2
"org.apache.lucene.search.spans.TestFieldMaskingSpanQuery",18,0.10,1.11,175,3.15,129488.77,21,3,16,56,17,105.01,2,252,0,2,105.01,0.00,0.50,0.24,3,18.00,2,9442.28,0,4,17,org.apache.lucene.util.LuceneTestCase,0.00,38,1,20,0,38,14,0,2,1834,1
"org.apache.lucene.search.spans.TestFieldMaskingSpanQuery$Term",1,0.00,1.00,3,0.06,830.02,1,0,16,4,5,130.22,0,7,0,1,130.22,0.00,0.00,0.00,0,1.00,1,166.78,0,1,5,java.lang.Object,0.00,3,0,1,0,3,0,0,0,41,0
"org.apache.lucene.search.spans.TestNearSpansOrdered",16,0.04,1.06,91,1.29,24339.41,22,6,14,49,17,119.85,13,122,0,2,119.85,0.00,0.50,0.21,2,0.00,2,3859.16,2,4,17,org.apache.lucene.util.LuceneTestCase,0.00,33,1,17,0,33,12,0,3,816,1
"org.apache.lucene.search.spans.TestPayloadSpans",14,0.03,2.79,308,5.35,237867.53,19,5,30,63,29,87.38,7,347,0,2,87.38,0.00,0.50,0.23,2,62.00,7,16064.23,1,1,29,org.apache.lucene.util.LuceneTestCase,0.00,49,1,39,0,49,13,0,7,2727,1
"org.apache.lucene.search.spans.TestPayloadSpans$PayloadAnalyzer",1,0.00,1.00,5,0.05,920.77,1,0,30,3,3,121.58,0,8,0,2,121.58,0.00,0.50,0.00,0,1.00,1,151.44,0,1,3,org.apache.lucene.analysis.Analyzer,0.00,2,1,1,0,2,0,0,0,38,1
"org.apache.lucene.search.spans.TestPayloadSpans$PayloadFilter",2,1.25,2.50,31,0.37,9367.48,10,8,30,11,6,98.01,0,38,0,4,98.01,0.00,0.75,0.75,0,0.00,4,1114.29,0,0,6,org.apache.lucene.analysis.TokenFilter,0.29,9,3,5,0,9,2,0,0,222,1
"org.apache.lucene.search.spans.TestPayloadSpans$TestPayloadAnalyzer",1,0.00,1.00,5,0.05,938.88,1,0,30,3,3,121.52,0,8,0,2,121.52,0.00,0.50,0.00,0,1.00,1,155.59,0,1,3,org.apache.lucene.analysis.Analyzer,0.00,2,1,1,0,2,0,0,0,39,2
"org.apache.lucene.search.spans.TestSpanExplanations",30,0.00,1.00,101,1.34,18616.10,30,0,1,31,2,131.21,8,132,0,3,131.21,0.50,0.50,0.00,0,30.00,1,4026.30,6,0,2,org.apache.lucene.search.TestExplanations,0.00,1,2,30,1,1,30,0,6,892,1
"org.apache.lucene.search.spans.TestSpanExplanationsOfNonMatches",1,0.00,1.00,3,0.04,549.65,1,0,2,2,3,83.52,8,7,0,4,131.62,0.00,0.75,0.00,0,0.00,1,119.24,0,0,3,org.apache.lucene.search.spans.TestSpanExplanations,0.00,1,3,1,0,1,1,0,2,30,1
"org.apache.lucene.search.spans.TestSpanFirstQuery",1,0.00,1.00,22,0.36,8686.37,1,0,10,20,13,110.52,3,24,0,2,89.91,0.00,0.50,0.00,0,1.00,1,1074.41,0,0,13,org.apache.lucene.util.LuceneTestCase,0.00,19,1,1,0,19,1,0,3,190,1
"org.apache.lucene.search.spans.TestSpanMultiTermQueryWrapper",6,0.27,1.00,45,0.61,12526.55,9,3,11,25,13,163.33,8,54,0,2,113.33,0.00,0.50,0.56,0,0.00,1,1843.84,2,0,13,org.apache.lucene.util.LuceneTestCase,0.00,19,1,6,0,19,6,0,6,374,1
"org.apache.lucene.search.spans.TestSpanSearchEquivalence",8,0.00,1.00,51,0.67,14914.49,8,0,6,18,11,166.22,14,60,0,3,116.22,0.00,0.67,0.00,0,8.00,1,2017.81,3,0,11,org.apache.lucene.search.SearchEquivalenceTestBase,0.00,10,2,8,0,10,8,0,12,441,1
"org.apache.lucene.search.spans.TestSpans",40,0.13,1.05,254,3.75,216462.99,45,5,20,91,22,112.56,16,346,0,2,112.56,0.00,0.50,0.08,10,252.00,2,11237.54,2,5,22,org.apache.lucene.util.LuceneTestCase,0.00,51,1,42,0,51,35,0,16,2235,1
"org.apache.lucene.search.spans.TestSpans$DefaultSimilarity",1,0.00,1.00,3,0.02,175.12,1,0,20,1,0,135.54,0,5,0,1,135.54,0.00,0.00,0.00,0,1.00,1,54.60,0,0,0,java.lang.Object,0.00,0,0,1,0,0,1,0,0,17,0
"org.apache.lucene.search.spans.TestSpans$slop",1,0.00,1.00,3,0.02,165.49,1,0,20,1,1,135.73,0,7,0,1,135.73,0.00,0.00,0.00,0,1.00,1,51.36,0,1,1,java.lang.Object,0.00,0,0,1,0,0,0,0,0,16,0
"org.apache.lucene.search.spans.TestSpansAdvanced",6,0.20,1.33,57,0.91,33394.70,11,5,10,32,14,57.74,50,75,1,2,105.84,1.00,0.33,0.37,3,10.00,3,2725.62,2,0,13,org.apache.lucene.util.LuceneTestCase,0.00,26,1,8,1,26,6,0,15,516,1
"org.apache.lucene.search.spans.TestSpansAdvanced2",6,0.10,1.00,37,0.54,10730.29,8,2,7,22,9,98.49,32,53,0,3,116.36,0.00,0.67,0.58,0,0.00,1,1613.53,5,0,9,org.apache.lucene.search.spans.TestSpansAdvanced,0.75,16,2,6,0,16,6,0,10,328,1
"org.apache.solr.search.grouping.distributed.requestfactory.SearchGroupsRequestFactory",1,0.00,5.00,23,0.49,32136.45,1,0,9,16,10,110.63,19,29,1,1,84.34,0.00,0.00,0.00,0,1.00,5,1462.61,0,1,9,java.lang.Object,0.00,15,0,5,0,15,0,1,14,250,1
"org.apache.solr.search.grouping.distributed.requestfactory.StoredFieldsShardRequestFactory",2,0.00,5.50,44,0.87,49161.80,2,0,15,30,15,125.84,5,50,1,1,85.96,0.00,0.00,0.00,1,2.00,8,2598.52,0,1,14,java.lang.Object,0.00,28,0,11,0,28,1,1,3,419,1
"org.apache.solr.search.grouping.distributed.requestfactory.TopGroupsShardRequestFactory",4,1.00,3.75,57,1.21,79563.95,5,1,16,37,13,76.22,20,70,1,1,94.09,0.00,0.00,0.25,3,6.00,9,3619.57,0,4,12,java.lang.Object,0.00,33,0,15,0,33,0,1,13,596,1
"org.apache.solr.update.AddUpdateCommand",7,0.19,2.57,52,0.58,14638.63,15,8,7,22,36,163.11,10,71,28,2,113.11,0.00,0.50,0.29,0,0.00,6,1726.50,0,5,8,org.apache.solr.update.UpdateCommand,0.22,15,1,18,0,15,2,0,8,368,1
"org.apache.solr.update.CommitTracker",16,0.03,1.88,85,0.87,20539.58,28,12,13,36,8,160.19,45,123,2,1,120.30,0.00,0.00,0.11,2,98.00,5,2615.04,0,1,6,java.lang.Object,0.00,20,0,30,0,20,15,1,34,570,1
"org.apache.solr.update.CommitUpdateCommand",2,0.40,1.00,11,0.11,1242.90,7,5,0,2,18,123.17,8,19,17,2,122.93,0.00,0.50,0.40,0,2.00,1,326.34,0,1,1,org.apache.solr.update.UpdateCommand,0.50,0,1,2,0,0,1,0,2,80,1
"org.apache.solr.update.DeleteUpdateCommand",2,0.60,1.50,16,0.20,6175.36,7,5,0,6,17,149.62,5,21,16,2,109.74,0.00,0.50,0.50,0,2.00,2,604.24,0,1,1,org.apache.solr.update.UpdateCommand,0.50,4,1,3,0,4,1,0,3,130,1
"org.apache.solr.update.Deprecated",28,0.09,2.39,170,2.23,114691.09,34,6,18,62,18,153.21,77,237,0,2,113.33,0.00,0.50,0.08,12,254.00,10,6685.36,3,8,18,org.apache.solr.update.UpdateHandler,0.04,34,1,67,0,34,20,0,34,1341,1
"org.apache.solr.update.DirectUpdateHandler2",22,0.13,2.36,249,3.14,141303.51,40,18,22,71,33,84.10,114,335,14,2,101.97,4.00,0.17,0.18,4,18.00,11,9433.59,2,9,20,org.apache.solr.update.UpdateHandler,0.21,49,1,52,4,49,13,0,43,1716,1
"org.apache.solr.update.DirectUpdateHandlerOptimizeTest",4,0.00,1.50,41,0.54,25221.51,4,0,6,18,7,124.30,13,48,0,3,103.68,0.00,0.67,0.00,1,6.00,3,1606.24,0,2,7,org.apache.solr.util.AbstractSolrTestCase,0.16,14,2,6,0,14,2,0,10,288,1
"org.apache.solr.update.DirectUpdateHandlerOptimizeTest$FileFilter",1,0.00,1.00,3,0.02,227.68,1,0,6,3,0,134.64,0,4,0,1,134.64,0.00,0.00,0.00,0,1.00,1,70.91,0,0,0,java.lang.Object,0.00,2,0,1,0,2,1,0,0,21,0
"org.apache.solr.update.DirectUpdateHandlerTest",11,0.00,1.18,177,2.77,99199.29,11,0,17,43,16,115.51,42,241,0,3,94.90,0.00,0.67,0.00,2,0.00,3,8318.70,9,0,16,org.apache.solr.SolrTestCaseJ4,0.04,32,2,13,0,32,11,0,39,1453,1
"org.apache.solr.update.DocumentBuilder",13,0.11,4.77,167,2.79,263806.96,16,3,11,60,15,64.24,90,232,4,1,96.47,0.00,0.00,0.23,3,43.00,23,8360.81,0,4,11,java.lang.Object,0.00,47,0,62,0,47,9,0,39,1417,1
"org.apache.solr.update.DocumentBuilderTest",12,0.00,1.25,119,2.05,66042.40,12,0,9,38,8,155.90,21,162,0,3,105.90,0.00,0.67,0.00,0,0.00,3,6142.69,4,0,8,org.apache.solr.SolrTestCaseJ4,0.00,26,2,15,0,26,12,0,12,1156,1
"org.apache.solr.update.MergeIndexesCommand",2,1.00,2.00,16,0.17,8130.84,3,1,1,7,10,129.35,6,19,8,2,108.73,0.00,0.50,0.50,0,2.00,3,519.94,0,1,2,org.apache.solr.update.UpdateCommand,0.50,5,1,4,0,5,1,0,1,111,1
"org.apache.solr.update.NewSearcherListener",8,0.00,1.88,37,0.37,9042.40,12,4,15,14,13,124.35,4,50,1,1,124.35,0.00,0.00,0.25,0,14.00,5,1097.20,0,0,12,java.lang.Object,0.00,6,0,15,0,6,8,1,4,246,0
"org.apache.solr.update.NewSearcherListener$AutoCommitTest",7,0.00,1.86,143,2.21,104145.95,7,0,15,39,10,71.60,36,155,0,3,89.47,0.00,0.67,0.00,1,15.00,3,6635.32,4,3,10,org.apache.solr.util.AbstractSolrTestCase,0.15,32,2,13,0,32,4,0,32,1087,1
"org.apache.solr.update.NewSearcherListener$AutoCommitTest$SolrQueryRequestBase",0,0.00,0.00,1,0.01,23.26,0,0,15,0,0,171.00,0,0,0,1,171.00,0.00,0.00,0.00,0,0.00,0,15.51,0,0,0,java.lang.Object,0.00,0,0,0,0,0,0,0,0,6,0
"org.apache.solr.update.NewSearcherListener$AutoCommitTest$SolrQueryRequestBase_0",0,0.00,0.00,1,0.01,23.26,0,0,15,0,0,171.00,0,0,0,1,171.00,0.00,0.00,0.00,0,0.00,0,15.51,0,0,0,java.lang.Object,0.00,0,0,0,0,0,0,0,0,6,0
"org.apache.solr.update.NewSearcherListener$AutoCommitTest$SolrQueryRequestBase_1",0,0.00,0.00,1,0.01,23.26,0,0,15,0,0,171.00,0,0,0,1,171.00,0.00,0.00,0.00,0,0.00,0,15.51,0,0,0,java.lang.Object,0.00,0,0,0,0,0,0,0,0,6,0
"org.apache.solr.update.NewSearcherListener$TriggerOn",0,0.00,0.00,2,0.01,15.51,0,0,15,0,1,171.00,0,1,0,1,171.00,0.00,0.00,0.00,0,0.00,0,15.51,0,0,1,java.lang.Object,0.00,0,0,0,0,0,0,1,0,6,0
"org.apache.solr.update.RollbackUpdateCommand",1,0.00,1.00,3,0.01,75.94,1,0,0,1,15,138.63,4,5,14,2,138.39,0.00,0.50,0.00,0,1.00,1,37.97,0,0,1,org.apache.solr.update.UpdateCommand,0.00,0,1,1,0,0,1,0,1,14,1
"org.apache.solr.update.SolrIndexConfig",6,0.40,4.67,110,1.88,100356.44,24,18,11,44,15,130.45,12,134,4,1,90.56,0.00,0.00,0.39,2,0.00,9,5643.49,0,4,12,java.lang.Object,0.00,38,0,28,0,38,2,0,10,968,1
"org.apache.solr.update.SolrIndexWriter",5,0.31,3.60,55,0.84,34954.65,9,4,15,29,14,53.48,40,83,3,2,101.58,0.00,0.50,0.50,2,0.00,8,2508.82,5,1,11,org.apache.lucene.index.IndexWriter,0.02,24,1,18,0,24,4,0,6,459,1
"org.apache.solr.update.SolrIndexWriter$TimeLoggingPrintStream",2,1.00,1.00,8,0.08,1001.57,3,1,15,6,0,177.28,3,13,0,2,127.28,0.00,0.50,0.50,0,2.00,1,238.64,1,0,0,java.io.PrintStream,0.00,4,1,2,0,4,2,0,3,60,0
"org.apache.solr.update.TestIndexingPerformance",3,0.00,2.67,47,0.88,56425.98,3,0,9,26,10,50.95,22,54,0,3,93.24,0.00,0.67,0.00,0,4.00,6,2626.05,0,2,10,org.apache.solr.util.AbstractSolrTestCase,0.17,23,2,8,0,23,1,0,4,398,1
"org.apache.solr.update.UpdateCommand",2,1.00,1.00,6,0.03,383.91,3,1,0,2,5,175.11,4,10,5,1,135.22,0.00,0.00,0.50,0,2.00,1,103.40,0,1,0,java.lang.Object,0.00,0,0,2,5,0,1,0,1,32,1
"org.apache.solr.update.UpdateHandler",17,0.01,1.71,65,0.93,29849.30,25,8,17,40,25,177.53,26,82,5,1,127.53,0.00,0.00,0.13,1,97.00,4,2791.29,0,4,21,java.lang.Object,0.00,23,0,29,6,23,13,1,8,594,2
"org.apache.solr.update.UpdateHandler$DeleteHitCollector",5,0.17,1.20,16,0.17,3105.27,8,3,17,8,4,131.17,2,28,0,2,131.17,0.00,0.50,0.20,0,8.00,2,521.23,0,0,4,org.apache.lucene.index.Collector,0.00,3,1,6,0,3,5,0,2,125,1
"org.apache.solr.update.UpdateParamsTest",3,0.00,1.67,24,0.31,10138.41,3,0,8,18,7,149.29,7,30,0,3,109.41,0.00,0.67,0.00,0,4.00,3,930.80,0,2,7,org.apache.solr.util.AbstractSolrTestCase,0.17,15,2,5,0,15,1,0,4,178,1
"org.apache.solr.update.UpdateParamsTest$SolrQueryRequestBase",0,0.00,0.00,1,0.01,23.26,0,0,8,0,0,171.00,0,0,0,1,171.00,0.00,0.00,0.00,0,0.00,0,15.51,0,0,0,java.lang.Object,0.00,0,0,0,0,0,0,0,0,6,0
"org.apache.lucene.facet.example.simple.SimpleIndexer",1,0.00,2.00,24,0.42,18813.92,1,0,14,18,13,47.80,43,24,2,1,85.70,0.00,0.00,0.00,0,1.00,2,1252.24,0,0,11,java.lang.Object,0.00,17,0,2,0,17,1,0,19,207,1
"org.apache.lucene.facet.example.simple.SimpleMain",3,0.00,1.00,33,0.39,10206.37,3,0,9,18,12,60.21,33,37,2,1,104.34,0.00,0.00,0.00,0,3.00,1,1182.71,0,2,10,java.lang.Object,0.00,15,0,3,0,15,1,0,11,232,1
"org.apache.lucene.facet.example.simple.SimpleSearcher",4,0.00,2.00,35,0.64,23932.47,4,0,21,25,23,116.54,71,49,3,1,107.41,0.00,0.00,0.00,2,4.00,4,1926.61,0,4,20,java.lang.Object,0.00,21,0,8,0,21,0,0,23,344,1
"org.apache.lucene.facet.example.simple.SimpleUtils",1,6.00,2.00,13,0.22,6918.44,7,6,6,5,10,61.15,43,24,6,1,99.05,0.00,0.00,0.00,0,1.00,2,664.99,0,1,4,java.lang.Object,0.00,4,0,2,0,4,0,0,9,135,1
"org.apache.lucene.analysis.ar.ArabicAnalyzer",8,0.29,1.88,31,0.43,11251.92,11,3,17,24,14,79.79,84,47,1,4,128.27,0.00,0.75,0.08,0,20.00,3,1292.95,0,1,13,org.apache.lucene.analysis.StopwordAnalyzerBase,0.00,16,3,15,0,16,7,0,15,287,2
"org.apache.lucene.analysis.ar.ArabicAnalyzer$DefaultSetHolder",0,0.00,0.00,6,0.05,853.95,1,1,17,0,1,171.00,2,10,0,1,171.00,0.00,0.00,0.00,0,0.00,0,164.39,0,0,1,java.lang.Object,0.00,0,0,0,0,0,0,0,2,40,2
"org.apache.lucene.analysis.ar.ArabicNormalizationFilter",2,0.00,1.50,11,0.12,2323.29,4,2,4,7,8,160.58,4,16,4,4,120.70,0.00,0.75,0.50,0,2.00,2,359.90,0,0,4,org.apache.lucene.analysis.TokenFilter,0.29,5,3,3,0,5,2,0,1,84,2
"org.apache.lucene.analysis.ar.ArabicNormalizer",1,0.00,7.00,35,0.49,12385.63,18,17,1,1,3,124.67,22,51,3,1,80.72,0.00,0.00,1.00,0,0.00,7,1463.95,0,0,0,java.lang.Object,0.00,0,0,7,0,0,1,0,2,272,1
"org.apache.lucene.analysis.ar.ArabicStemFilter",2,0.33,2.00,14,0.16,3794.18,5,3,6,8,9,113.74,8,20,3,4,113.50,0.00,0.75,0.50,0,2.00,3,481.98,0,0,6,org.apache.lucene.analysis.TokenFilter,0.29,6,3,4,0,6,2,0,1,107,2
"org.apache.lucene.analysis.ar.ArabicStemmer",5,0.06,3.20,38,0.91,50299.27,18,13,1,6,3,57.69,48,73,3,1,107.69,0.00,0.00,0.03,2,11.00,5,2715.07,0,0,0,java.lang.Object,0.00,1,0,16,0,1,5,0,9,546,1
"org.apache.lucene.analysis.ar.Deprecated",2,0.00,1.00,9,0.12,1974.39,2,0,4,4,1,164.85,4,15,0,3,124.96,0.00,0.67,0.00,0,2.00,1,352.70,1,0,1,org.apache.lucene.analysis.BaseTokenStreamTestCase,0.00,2,2,2,0,2,2,0,1,81,1
"org.apache.lucene.analysis.ar.TestArabicAnalyzer",7,0.00,1.00,35,0.53,14927.94,7,0,3,9,3,139.33,26,45,0,3,118.71,0.00,0.67,0.00,0,7.00,1,1585.45,3,0,3,org.apache.lucene.analysis.BaseTokenStreamTestCase,0.00,2,2,7,0,2,7,0,14,345,1
"org.apache.lucene.analysis.ar.TestArabicNormalizationFilter",15,0.00,1.00,33,0.26,2845.48,15,0,3,18,2,141.83,3,49,0,3,141.83,0.00,0.67,0.00,1,15.00,1,783.99,1,0,2,org.apache.lucene.analysis.BaseTokenStreamTestCase,0.00,3,2,15,0,3,15,0,1,216,1
"org.apache.lucene.analysis.ar.TestArabicStemFilter",23,0.00,1.00,53,0.45,5467.49,23,0,5,29,4,141.06,4,77,0,3,141.06,0.00,0.67,0.00,1,23.00,1,1337.56,1,0,4,org.apache.lucene.analysis.BaseTokenStreamTestCase,0.00,6,2,23,0,6,23,0,1,356,1
"org.apache.lucene.queryParser.analyzing.ASCIIAnalyzer",2,0.00,1.00,8,0.10,2071.31,2,0,10,6,8,124.80,0,12,1,2,124.80,0.00,0.50,0.00,0,2.00,1,302.56,0,1,7,org.apache.lucene.analysis.Analyzer,0.00,4,1,2,0,4,1,0,0,71,1
"org.apache.lucene.queryParser.analyzing.AnalyzingQueryParser",5,0.00,9.80,144,2.24,222255.60,5,0,10,30,7,113.28,104,213,1,2,79.89,0.00,0.50,0.00,0,5.00,19,6713.32,4,4,6,org.apache.lucene.queryParser.QueryParser,0.00,25,1,49,0,25,1,0,27,1110,1
"org.apache.lucene.queryParser.analyzing.TestAnalyzingQueryParser",6,0.33,1.67,49,0.64,14427.04,15,9,10,12,10,110.57,3,60,0,2,110.57,0.00,0.50,0.39,0,0.00,2,1912.79,1,1,10,org.apache.lucene.util.LuceneTestCase,0.00,6,1,10,0,6,5,0,1,391,1
"org.apache.lucene.analysis.synonym.SolrSynonymParser",5,0.38,5.00,96,1.23,116177.81,7,2,8,25,4,46.26,35,105,2,2,88.55,0.00,0.50,0.20,3,8.00,11,3693.12,0,2,2,SynonymMap.Builder,0.00,20,1,25,0,20,3,0,9,680,1
"org.apache.lucene.analysis.synonym.SynonymFilter",8,0.25,5.38,227,2.99,257925.87,31,23,15,45,35,128.40,188,258,20,4,81.13,0.00,0.75,0.26,3,0.00,15,8979.50,1,0,15,org.apache.lucene.analysis.TokenFilter,0.40,37,3,43,0,37,8,0,128,1487,2
"org.apache.lucene.analysis.synonym.SynonymFilter$PendingInput",1,3.00,1.00,13,0.09,1489.51,8,7,15,2,1,104.46,0,15,0,1,104.46,0.00,0.00,0.57,0,0.00,1,277.11,0,0,1,java.lang.Object,0.00,1,0,1,0,1,1,0,0,64,2
"org.apache.lucene.analysis.synonym.SynonymFilter$PendingOutputs",5,0.42,1.80,37,0.39,15210.42,11,6,15,9,3,111.91,3,47,0,1,111.91,0.00,0.00,0.50,1,0.00,4,1162.91,0,1,3,java.lang.Object,0.00,4,0,9,0,4,4,0,3,248,2
"org.apache.lucene.analysis.synonym.SynonymMap",1,4.00,1.00,10,0.10,1728.23,5,4,20,1,19,88.06,14,11,6,1,108.20,0.00,0.00,0.00,0,1.00,1,298.01,0,0,13,java.lang.Object,0.00,0,0,1,0,0,1,0,6,70,1
"org.apache.lucene.analysis.synonym.SynonymMap$Builder",8,0.00,4.50,149,2.42,211594.38,13,5,20,57,15,71.13,44,177,0,1,89.00,0.00,0.00,0.20,1,16.00,8,7272.93,0,2,15,java.lang.Object,0.00,49,0,36,0,49,6,0,27,1236,2
"org.apache.lucene.analysis.synonym.SynonymMap$Builder$MapEntry",0,0.00,0.00,3,0.03,640.00,2,2,20,1,0,171.00,1,4,0,1,171.00,0.00,0.00,0.00,0,0.00,0,96.00,0,0,0,java.lang.Object,0.00,1,0,0,0,1,0,0,1,24,2
"org.apache.lucene.analysis.synonym.TestSolrSynonymParser",7,0.00,1.00,47,0.76,18227.68,7,0,11,15,9,165.08,11,73,0,3,115.08,0.00,0.67,0.00,0,7.00,1,2289.03,1,0,9,org.apache.lucene.analysis.BaseTokenStreamTestCase,0.00,8,2,7,0,8,7,0,8,449,1
"org.apache.lucene.analysis.synonym.TestSolrSynonymParser$ReusableAnalyzerBase",1,0.00,1.00,4,0.06,1111.23,1,0,11,4,3,124.56,0,6,0,1,124.56,0.00,0.00,0.00,0,1.00,1,170.85,0,0,3,java.lang.Object,0.00,3,0,1,0,3,1,0,0,40,0
"org.apache.lucene.analysis.synonym.TestSolrSynonymParser$ReusableAnalyzerBase_0",1,0.00,1.00,4,0.06,1111.23,1,0,11,4,3,124.56,0,6,0,1,124.56,0.00,0.00,0.00,0,1.00,1,170.85,0,0,3,java.lang.Object,0.00,3,0,1,0,3,1,0,0,40,0
"org.apache.lucene.analysis.synonym.TestSynonymMapFilter",23,0.14,3.22,459,6.76,611913.88,29,6,18,91,14,138.19,36,531,0,3,88.19,0.00,0.67,0.30,7,0.00,24,20289.49,3,3,14,org.apache.lucene.analysis.BaseTokenStreamTestCase,0.00,68,2,74,0,68,20,0,33,3483,1
"org.apache.lucene.analysis.synonym.TestSynonymMapFilter$OneSyn",0,0.00,0.00,4,0.03,319.82,3,3,18,0,0,171.00,0,5,0,1,171.00,0.00,0.00,0.00,0,0.00,0,79.95,0,0,0,java.lang.Object,0.00,0,0,0,0,0,0,0,0,21,2
"org.apache.lucene.analysis.synonym.TestSynonymMapFilter$ReusableAnalyzerBase",1,0.00,1.00,4,0.06,1051.87,1,0,18,4,3,124.74,0,6,0,1,124.74,0.00,0.00,0.00,0,1.00,1,173.06,0,0,3,java.lang.Object,0.00,3,0,1,0,3,1,0,0,40,0
"org.apache.lucene.analysis.synonym.TestSynonymMapFilter$ReusableAnalyzerBase_0",1,0.00,1.00,4,0.06,1051.87,1,0,18,4,3,124.74,0,6,0,1,124.74,0.00,0.00,0.00,0,1.00,1,173.06,0,0,3,java.lang.Object,0.00,3,0,1,0,3,1,0,0,40,0
"org.apache.lucene.analysis.synonym.TestSynonymMapFilter$ReusableAnalyzerBase_1",1,0.00,1.00,4,0.06,1111.23,1,0,18,4,3,124.56,0,6,0,1,124.56,0.00,0.00,0.00,0,1.00,1,170.85,0,0,3,java.lang.Object,0.00,3,0,1,0,3,1,0,0,40,0
"org.apache.lucene.analysis.synonym.TestSynonymMapFilter$ReusableAnalyzerBase_10",1,0.00,1.00,4,0.06,1051.87,1,0,18,4,3,124.74,0,6,0,1,124.74,0.00,0.00,0.00,0,1.00,1,173.06,0,0,3,java.lang.Object,0.00,3,0,1,0,3,1,0,0,40,0
"org.apache.lucene.analysis.synonym.TestSynonymMapFilter$ReusableAnalyzerBase_2",1,0.00,1.00,4,0.06,1051.87,1,0,18,4,3,124.74,0,6,0,1,124.74,0.00,0.00,0.00,0,1.00,1,173.06,0,0,3,java.lang.Object,0.00,3,0,1,0,3,1,0,0,40,0
"org.apache.lucene.analysis.synonym.TestSynonymMapFilter$ReusableAnalyzerBase_3",1,0.00,1.00,4,0.06,1051.87,1,0,18,4,3,124.74,0,6,0,1,124.74,0.00,0.00,0.00,0,1.00,1,173.06,0,0,3,java.lang.Object,0.00,3,0,1,0,3,1,0,0,40,0
"org.apache.lucene.analysis.synonym.TestSynonymMapFilter$ReusableAnalyzerBase_4",1,0.00,1.00,4,0.06,1051.87,1,0,18,4,3,124.74,0,6,0,1,124.74,0.00,0.00,0.00,0,1.00,1,173.06,0,0,3,java.lang.Object,0.00,3,0,1,0,3,1,0,0,40,0
"org.apache.lucene.analysis.synonym.TestSynonymMapFilter$ReusableAnalyzerBase_5",1,0.00,1.00,4,0.06,1051.87,1,0,18,4,3,124.74,0,6,0,1,124.74,0.00,0.00,0.00,0,1.00,1,173.06,0,0,3,java.lang.Object,0.00,3,0,1,0,3,1,0,0,40,0
"org.apache.lucene.analysis.synonym.TestSynonymMapFilter$ReusableAnalyzerBase_6",1,0.00,1.00,4,0.06,1051.87,1,0,18,4,3,124.74,0,6,0,1,124.74,0.00,0.00,0.00,0,1.00,1,173.06,0,0,3,java.lang.Object,0.00,3,0,1,0,3,1,0,0,40,0
"org.apache.lucene.analysis.synonym.TestSynonymMapFilter$ReusableAnalyzerBase_7",1,0.00,1.00,4,0.06,1051.87,1,0,18,4,3,124.74,0,6,0,1,124.74,0.00,0.00,0.00,0,1.00,1,173.06,0,0,3,java.lang.Object,0.00,3,0,1,0,3,1,0,0,40,0
"org.apache.lucene.analysis.synonym.TestSynonymMapFilter$ReusableAnalyzerBase_8",1,0.00,1.00,4,0.06,1051.87,1,0,18,4,3,124.74,0,6,0,1,124.74,0.00,0.00,0.00,0,1.00,1,173.06,0,0,3,java.lang.Object,0.00,3,0,1,0,3,1,0,0,40,0
"org.apache.lucene.analysis.synonym.TestSynonymMapFilter$ReusableAnalyzerBase_9",1,0.00,1.00,4,0.06,1051.87,1,0,18,4,3,124.74,0,6,0,1,124.74,0.00,0.00,0.00,0,1.00,1,173.06,0,0,3,java.lang.Object,0.00,3,0,1,0,3,1,0,0,40,0
"org.apache.lucene.analysis.synonym.TestWordnetSynonymParser",1,0.00,1.00,14,0.26,5506.11,3,2,8,7,8,119.40,3,28,0,3,98.79,0.00,0.67,1.00,0,0.00,1,776.80,1,0,8,org.apache.lucene.analysis.BaseTokenStreamTestCase,0.00,6,2,1,0,6,1,0,3,144,1
"org.apache.lucene.analysis.synonym.TestWordnetSynonymParser$ReusableAnalyzerBase",1,0.00,1.00,4,0.06,1111.23,1,0,8,4,3,124.56,0,6,0,1,124.56,0.00,0.00,0.00,0,1.00,1,170.85,0,0,3,java.lang.Object,0.00,3,0,1,0,3,1,0,0,40,0
"org.apache.lucene.analysis.synonym.WordnetSynonymParser",4,0.33,3.50,57,0.66,37393.00,6,2,6,17,3,136.58,9,65,1,2,96.69,0.00,0.50,0.25,2,8.00,6,1993.28,0,1,2,SynonymMap.Builder,0.00,13,1,14,0,13,3,0,4,379,1
"org.apache.solr.spelling.suggest.fst.FSTLookupFactory",2,0.33,2.00,10,0.18,4408.99,5,3,5,7,6,68.44,19,19,1,2,118.44,0.00,0.50,0.50,0,2.00,3,538.33,0,2,5,org.apache.solr.spelling.suggest.LookupFactory,0.50,5,1,4,0,5,0,0,4,115,1
"org.apache.solr.spelling.suggest.fst.WFSTLookupFactory",2,0.00,1.50,8,0.12,2365.90,4,2,6,6,5,92.03,12,15,0,2,124.25,0.00,0.50,0.50,0,2.00,2,346.29,0,2,5,org.apache.solr.spelling.suggest.LookupFactory,0.50,4,1,3,0,4,0,0,3,79,1
"org.apache.lucene.analysis.cn.smart.AnalyzerProfile",2,1.00,4.50,34,0.43,25273.13,3,1,4,16,2,60.23,12,47,2,1,92.46,0.00,0.00,0.50,1,2.00,7,1286.81,0,1,0,java.lang.Object,0.00,14,0,9,0,14,1,0,4,244,1
"org.apache.lucene.analysis.cn.smart.CharType",0,0.00,0.00,9,0.12,1715.65,8,8,0,0,2,171.00,28,10,2,1,171.00,0.00,0.00,0.00,0,0.00,0,352.93,0,0,0,java.lang.Object,0.00,0,0,0,0,0,0,0,9,76,1
"org.apache.lucene.analysis.cn.smart.SentenceTokenizer",7,0.10,1.86,58,0.67,35139.83,14,7,7,19,7,147.91,14,77,2,4,108.03,0.00,0.75,0.22,1,10.00,7,2011.42,2,0,5,org.apache.lucene.analysis.Tokenizer,0.50,12,3,13,0,12,7,0,6,397,2
"org.apache.lucene.analysis.cn.smart.SmartChineseAnalyzer",6,0.05,1.83,38,0.46,14606.45,10,4,15,14,12,65.17,55,51,2,2,115.17,0.00,0.50,0.21,0,6.00,3,1391.50,2,3,10,org.apache.lucene.analysis.Analyzer,0.00,8,1,11,0,8,3,0,10,295,2
"org.apache.lucene.analysis.cn.smart.SmartChineseAnalyzer$DefaultSetHolder",1,1.00,1.00,8,0.10,1291.86,2,1,15,4,4,133.43,3,16,0,1,112.81,0.00,0.00,0.00,0,0.00,1,301.02,0,1,4,java.lang.Object,0.00,3,0,1,0,3,0,0,3,71,2
"org.apache.lucene.analysis.cn.smart.SmartChineseAnalyzer$SavedStreams",0,0.00,0.00,3,0.02,155.67,2,2,15,0,2,171.00,0,5,0,1,171.00,0.00,0.00,0.00,0,0.00,0,51.89,0,0,2,java.lang.Object,0.00,0,0,0,0,0,0,0,0,15,3
"org.apache.lucene.analysis.cn.smart.TestSmartChineseAnalyzer",19,0.00,1.26,95,1.43,28029.38,19,0,11,28,9,159.80,52,126,0,3,119.92,0.00,0.67,0.00,0,19.00,3,4297.34,3,0,9,org.apache.lucene.analysis.BaseTokenStreamTestCase,0.00,9,2,24,0,9,19,0,23,879,1
"org.apache.lucene.analysis.cn.smart.TestSmartChineseAnalyzer$ReusableAnalyzerBase",1,0.00,1.00,6,0.07,1514.00,1,0,11,5,5,116.93,0,8,0,1,116.93,0.00,0.00,0.00,0,1.00,1,221.62,0,0,5,java.lang.Object,0.00,4,0,1,0,4,1,0,0,50,0
"org.apache.lucene.analysis.cn.smart.Utility",3,7.00,9.00,48,0.97,77424.94,10,7,1,5,5,108.97,54,90,4,1,90.84,0.00,0.00,0.00,0,3.00,10,2895.23,0,0,2,java.lang.Object,0.00,2,0,27,0,2,3,0,21,551,1
"org.apache.lucene.analysis.cn.smart.WordSegmenter",2,0.00,3.00,20,0.28,9533.58,4,2,5,11,5,60.35,23,31,1,1,104.48,0.00,0.00,0.50,0,2.00,3,850.28,0,2,4,java.lang.Object,0.00,9,0,6,0,9,0,0,5,176,0
"org.apache.lucene.analysis.cn.smart.WordTokenFilter",3,0.39,2.33,36,0.46,16592.42,12,9,9,16,10,58.78,23,46,3,4,101.08,0.00,0.75,0.37,0,1.00,5,1387.85,1,0,7,org.apache.lucene.analysis.TokenFilter,0.53,13,3,7,0,13,3,0,13,266,2
"org.apache.lucene.analysis.cn.smart.WordType",0,0.00,0.00,9,0.12,1715.65,8,8,0,0,4,171.00,28,10,4,1,171.00,0.00,0.00,0.00,0,0.00,0,352.93,0,0,0,java.lang.Object,0.00,0,0,0,0,0,0,0,9,76,1
"org.apache.lucene.util.collections.ArrayHashMap",23,0.10,1.96,177,1.84,67166.22,33,10,2,42,3,69.74,165,219,3,1,112.03,0.00,0.00,0.20,9,112.00,4,5515.03,0,4,0,java.lang.Object,0.00,19,0,45,0,19,19,1,81,1161,1
"org.apache.lucene.util.collections.ArrayHashMap$IndexIterator",4,0.33,1.75,22,0.18,4947.72,7,3,2,5,2,120.68,16,28,0,1,120.45,0.00,0.00,0.58,0,0.00,3,526.52,0,0,2,java.lang.Object,0.00,1,0,7,0,1,4,1,9,129,2
"org.apache.lucene.util.collections.ArrayHashMap$KeyIterator",4,0.33,1.00,9,0.07,1057.18,5,1,2,8,1,140.70,0,14,0,1,140.70,0.00,0.00,0.75,0,0.00,1,219.63,0,0,1,java.lang.Object,0.00,4,0,4,0,4,4,1,0,62,2
"org.apache.lucene.util.collections.ArrayHashMap$ValueIterator",4,0.33,1.00,9,0.07,1057.18,5,1,2,8,1,140.70,0,14,0,1,140.70,0.00,0.00,0.75,0,0.00,1,219.63,0,0,1,java.lang.Object,0.00,4,0,4,0,4,4,1,0,62,2
"org.apache.lucene.util.collections.ArrayHashMapTest",6,1.00,6.50,243,2.90,279398.93,7,1,6,40,7,94.66,20,201,6,2,74.05,0.00,0.50,0.17,0,10.00,10,8710.20,0,0,1,org.apache.lucene.util.LuceneTestCase,0.00,34,1,39,0,34,6,0,5,1570,1
"org.apache.lucene.util.collections.DoubleIterator",3,0.00,1.00,4,0.01,39.00,3,0,0,3,3,119.94,21,5,3,1,162.23,0.00,0.00,0.00,0,3.00,1,34.00,0,0,0,,0.00,0,0,3,0,0,3,0,2,17,1
"org.apache.lucene.util.collections.FloatIterator",3,0.00,1.00,4,0.01,39.00,3,0,0,3,6,119.94,21,5,6,1,162.23,0.00,0.00,0.00,0,3.00,1,34.00,0,0,0,,0.00,0,0,3,0,0,3,0,2,17,1
"org.apache.lucene.util.collections.FloatToObjectMap",23,0.04,2.00,182,1.92,72150.55,33,10,2,42,4,63.31,241,224,3,1,111.78,0.00,0.00,0.13,9,159.00,5,5770.59,0,3,1,java.lang.Object,0.00,19,0,46,0,19,20,1,82,1209,1
"org.apache.lucene.util.collections.FloatToObjectMap$IndexIterator",4,0.33,1.75,22,0.17,4819.23,7,3,2,5,2,102.66,20,27,0,1,120.54,0.00,0.00,0.58,0,0.00,3,499.62,0,0,2,java.lang.Object,0.00,1,0,7,0,1,4,1,9,124,2
"org.apache.lucene.util.collections.FloatToObjectMap$KeyIterator",4,0.33,1.00,9,0.06,715.12,5,1,2,8,2,142.03,0,13,0,1,142.03,0.00,0.00,0.75,0,0.00,1,175.51,0,0,2,java.lang.Object,0.00,4,0,4,0,4,4,1,0,53,2
"org.apache.lucene.util.collections.FloatToObjectMap$ValueIterator",4,0.33,1.00,9,0.07,1057.18,5,1,2,8,1,140.70,0,14,0,1,140.70,0.00,0.00,0.75,0,0.00,1,219.63,0,0,1,java.lang.Object,0.00,4,0,4,0,4,4,1,0,62,2
"org.apache.lucene.util.collections.FloatToObjectMapTest",6,0.00,6.50,242,2.98,295838.27,6,0,7,40,3,94.47,19,200,0,2,73.85,0.00,0.50,0.00,0,6.00,10,8941.66,0,0,3,org.apache.lucene.util.LuceneTestCase,0.00,34,1,39,0,34,6,0,4,1597,1
"org.apache.lucene.util.collections.IntArray",13,0.17,2.77,108,1.00,85913.17,16,3,1,18,4,74.77,86,138,3,1,107.00,0.00,0.00,0.49,2,0.00,12,3003.95,0,1,1,java.lang.Object,0.00,5,0,36,0,5,12,0,16,653,1
"org.apache.lucene.util.collections.IntArrayTest",4,0.00,4.00,83,0.80,40900.96,4,0,3,16,1,72.70,20,74,0,2,90.57,0.00,0.50,0.00,0,4.00,5,2393.76,0,0,1,org.apache.lucene.util.LuceneTestCase,0.00,12,1,16,0,12,4,0,5,474,1
"org.apache.lucene.util.collections.IntHashSet",19,0.06,2.11,164,1.51,56835.41,28,9,1,30,5,65.64,225,186,4,1,109.77,0.00,0.00,0.17,6,100.00,4,4529.93,0,3,1,java.lang.Object,0.00,11,0,40,0,11,16,0,85,980,1
"org.apache.lucene.util.collections.IntHashSet$IndexIterator",4,0.33,1.75,22,0.17,4819.23,7,3,1,5,2,102.66,20,27,0,1,120.54,0.00,0.00,0.58,0,0.00,3,499.62,0,0,2,java.lang.Object,0.00,1,0,7,0,1,4,1,9,124,2
"org.apache.lucene.util.collections.IntHashSet$KeyIterator",4,0.33,1.00,9,0.06,774.03,5,1,1,8,1,141.76,0,13,0,1,141.76,0.00,0.00,0.75,0,0.00,1,173.80,0,0,1,java.lang.Object,0.00,4,0,4,0,4,4,1,0,53,2
"org.apache.lucene.util.collections.IntHashSetTest",10,0.00,3.70,185,1.79,85583.84,10,0,4,28,1,142.91,16,177,0,2,92.91,0.00,0.50,0.00,0,10.00,6,5365.06,0,0,1,org.apache.lucene.util.LuceneTestCase,0.00,18,1,37,0,18,10,0,1,1045,1
"org.apache.lucene.util.collections.IntIterator",3,0.00,1.00,4,0.01,39.00,3,0,0,3,34,119.94,21,5,34,1,162.23,0.00,0.00,0.00,0,3.00,1,34.00,0,0,0,,0.00,0,0,3,0,0,3,0,2,17,1
"org.apache.lucene.util.collections.IntToDoubleMap",23,0.04,2.04,186,1.81,62622.58,34,11,1,42,5,61.62,242,221,3,1,110.10,0.00,0.00,0.13,9,180.00,5,5439.82,0,2,2,java.lang.Object,0.00,19,0,47,0,19,21,0,82,1163,1
"org.apache.lucene.util.collections.IntToDoubleMap$IndexIterator",4,0.33,1.75,22,0.17,4819.23,7,3,1,5,2,102.66,20,27,0,1,120.54,0.00,0.00,0.58,0,0.00,3,499.62,0,0,2,java.lang.Object,0.00,1,0,7,0,1,4,1,9,124,2
"org.apache.lucene.util.collections.IntToDoubleMap$KeyIterator",4,0.33,1.00,9,0.06,774.03,5,1,1,8,1,141.76,0,13,0,1,141.76,0.00,0.00,0.75,0,0.00,1,173.80,0,0,1,java.lang.Object,0.00,4,0,4,0,4,4,1,0,53,2
"org.apache.lucene.util.collections.IntToDoubleMap$ValueIterator",4,0.33,1.00,9,0.06,715.12,5,1,1,8,2,142.03,0,13,0,1,142.03,0.00,0.00,0.75,0,0.00,1,175.51,0,0,2,java.lang.Object,0.00,4,0,4,0,4,4,1,0,53,2
"org.apache.lucene.util.collections.IntToDoubleMapTest",7,0.00,5.71,244,2.79,243026.33,7,0,7,42,4,117.60,19,203,0,2,77.72,0.00,0.50,0.00,1,7.00,10,8372.81,0,0,4,org.apache.lucene.util.LuceneTestCase,0.00,35,1,40,0,35,7,0,4,1512,1
"org.apache.lucene.util.collections.IntToIntMap",23,0.04,2.00,183,1.74,63099.75,34,11,1,40,5,63.76,239,218,4,1,112.24,0.00,0.00,0.13,9,177.00,5,5208.93,0,1,1,java.lang.Object,0.00,17,0,46,0,17,22,0,82,1132,1
"org.apache.lucene.util.collections.IntToIntMap$IndexIterator",4,0.33,1.75,22,0.17,4819.23,7,3,1,5,2,102.66,20,27,0,1,120.54,0.00,0.00,0.58,0,0.00,3,499.62,0,0,2,java.lang.Object,0.00,1,0,7,0,1,4,1,9,124,2
"org.apache.lucene.util.collections.IntToIntMap$KeyIterator",4,0.33,1.00,9,0.06,774.03,5,1,1,8,1,141.76,0,13,0,1,141.76,0.00,0.00,0.75,0,0.00,1,173.80,0,0,1,java.lang.Object,0.00,4,0,4,0,4,4,1,0,53,2
"org.apache.lucene.util.collections.IntToIntMap$ValueIterator",4,0.33,1.00,9,0.06,774.03,5,1,1,8,1,141.76,0,13,0,1,141.76,0.00,0.00,0.75,0,0.00,1,173.80,0,0,1,java.lang.Object,0.00,4,0,4,0,4,4,1,0,53,2
"org.apache.lucene.util.collections.IntToIntMapTest",7,0.00,5.71,244,2.69,246742.65,7,0,6,36,3,117.55,19,203,0,2,77.66,0.00,0.50,0.00,1,7.00,10,8080.91,0,0,3,org.apache.lucene.util.LuceneTestCase,0.00,29,1,40,0,29,7,0,4,1478,1
"org.apache.lucene.util.collections.IntToObjectMap",23,0.04,2.00,182,1.91,73700.98,33,10,2,41,6,63.23,241,224,5,1,111.71,0.00,0.00,0.13,9,159.00,5,5720.50,0,4,1,java.lang.Object,0.00,18,0,46,0,18,19,1,82,1205,1
"org.apache.lucene.util.collections.IntToObjectMap$IndexIterator",4,0.33,1.75,22,0.17,4819.23,7,3,2,5,2,102.66,20,27,0,1,120.54,0.00,0.00,0.58,0,0.00,3,499.62,0,0,2,java.lang.Object,0.00,1,0,7,0,1,4,1,9,124,2
"org.apache.lucene.util.collections.IntToObjectMap$KeyIterator",4,0.33,1.00,9,0.06,774.03,5,1,2,8,1,141.76,0,13,0,1,141.76,0.00,0.00,0.75,0,0.00,1,173.80,0,0,1,java.lang.Object,0.00,4,0,4,0,4,4,1,0,53,2
"org.apache.lucene.util.collections.IntToObjectMap$ValueIterator",4,0.33,1.00,9,0.07,1057.18,5,1,2,8,1,140.70,0,14,0,1,140.70,0.00,0.00,0.75,0,0.00,1,219.63,0,0,1,java.lang.Object,0.00,4,0,4,0,4,4,1,0,62,2
"org.apache.lucene.util.collections.IntToObjectMapTest",6,0.00,6.50,242,2.86,268560.59,6,0,7,40,3,94.80,19,200,0,2,74.18,0.00,0.50,0.00,0,6.00,10,8583.24,0,0,3,org.apache.lucene.util.LuceneTestCase,0.00,34,1,39,0,34,6,0,4,1543,1
"org.apache.lucene.util.collections.LRUHashMap",4,0.67,1.00,11,0.10,1354.29,5,1,2,5,2,166.13,76,17,2,2,139.85,0.00,0.50,0.50,0,4.00,1,303.30,0,0,0,java.util.LinkedHashMap,0.00,1,1,4,0,1,4,0,10,80,1
"org.apache.lucene.util.collections.ObjectToFloatMap",23,0.04,1.96,180,1.84,64346.93,33,10,2,42,4,63.70,240,216,3,1,112.18,0.00,0.00,0.14,9,155.00,4,5520.00,0,2,1,java.lang.Object,0.00,19,0,45,0,19,21,0,82,1164,1
"org.apache.lucene.util.collections.ObjectToFloatMap$IndexIterator",4,0.33,1.75,22,0.18,4957.69,7,3,2,5,2,102.57,20,28,0,1,120.44,0.00,0.00,0.58,0,0.00,3,529.84,0,0,2,java.lang.Object,0.00,1,0,7,0,1,4,1,9,130,2
"org.apache.lucene.util.collections.ObjectToFloatMap$KeyIterator",4,0.33,1.00,9,0.07,1057.18,5,1,2,8,1,140.70,0,14,0,1,140.70,0.00,0.00,0.75,0,0.00,1,219.63,0,0,1,java.lang.Object,0.00,4,0,4,0,4,4,1,0,62,2
"org.apache.lucene.util.collections.ObjectToFloatMap$ValueIterator",4,0.33,1.00,9,0.06,715.12,5,1,2,8,2,142.03,0,13,0,1,142.03,0.00,0.00,0.75,0,0.00,1,175.51,0,0,2,java.lang.Object,0.00,4,0,4,0,4,4,1,0,53,2
"org.apache.lucene.util.collections.ObjectToFloatMapTest",8,0.00,5.12,247,2.90,266131.92,8,0,7,42,3,119.80,19,207,0,2,79.91,0.00,0.50,0.00,2,8.00,10,8687.62,0,0,3,org.apache.lucene.util.LuceneTestCase,0.00,34,1,41,0,34,8,0,4,1568,1
"org.apache.lucene.util.collections.ObjectToIntMap",23,0.04,1.96,180,1.82,65559.18,33,10,2,42,4,63.64,239,216,3,1,112.12,0.00,0.00,0.14,9,155.00,4,5451.60,0,3,1,java.lang.Object,0.00,19,0,45,0,19,20,0,81,1160,1
"org.apache.lucene.util.collections.ObjectToIntMap$IndexIterator",4,0.33,1.75,22,0.18,4957.69,7,3,2,5,2,102.57,20,28,0,1,120.44,0.00,0.00,0.58,0,0.00,3,529.84,0,0,2,java.lang.Object,0.00,1,0,7,0,1,4,1,9,130,2
"org.apache.lucene.util.collections.ObjectToIntMap$KeyIterator",4,0.33,1.00,9,0.07,1057.18,5,1,2,8,1,140.70,0,14,0,1,140.70,0.00,0.00,0.75,0,0.00,1,219.63,0,0,1,java.lang.Object,0.00,4,0,4,0,4,4,1,0,62,2
"org.apache.lucene.util.collections.ObjectToIntMap$ValueIterator",4,0.33,1.00,9,0.06,774.03,5,1,2,8,1,141.76,0,13,0,1,141.76,0.00,0.00,0.75,0,0.00,1,173.80,0,0,1,java.lang.Object,0.00,4,0,4,0,4,4,1,0,53,2
"org.apache.lucene.util.collections.ObjectToIntMapTest",8,0.00,5.12,247,2.87,275007.82,8,0,7,38,3,119.69,19,207,0,2,79.80,0.00,0.50,0.00,2,8.00,10,8620.49,0,0,3,org.apache.lucene.util.LuceneTestCase,0.00,30,1,41,0,30,8,0,4,1563,1
"org.apache.lucene.util.collections.TestLRUHashMap",1,0.00,1.00,31,0.44,28621.09,1,0,3,8,1,113.66,20,34,0,2,80.27,0.00,0.50,0.00,0,1.00,1,1315.06,0,0,1,org.apache.lucene.util.LuceneTestCase,0.00,7,1,1,0,7,1,0,5,247,1
"org.apache.lucene.analysis.hunspell.HunspellAffix",13,0.07,1.00,35,0.24,2684.03,20,7,1,16,3,123.67,72,49,3,1,141.54,0.00,0.00,0.08,0,90.00,1,705.99,0,3,0,java.lang.Object,0.00,3,0,13,0,3,10,0,16,197,1
"org.apache.lucene.analysis.hunspell.HunspellDictionary",14,0.05,2.71,144,2.25,104895.73,30,16,10,65,9,52.96,134,178,6,1,102.96,0.00,0.00,0.11,5,102.00,8,6742.52,0,6,3,java.lang.Object,0.00,51,0,38,0,51,8,0,29,1208,1
"org.apache.lucene.analysis.hunspell.HunspellDictionary$DoubleASCIIFlagParsingStrategy",1,0.00,3.00,14,0.18,11166.78,1,0,10,7,0,116.73,3,15,0,2,96.12,0.00,0.50,0.00,0,1.00,3,544.65,0,0,0,org.apache.lucene.analysis.hunspell.FlagParsingStrategy,0.00,6,1,3,0,6,1,0,1,112,2
"org.apache.lucene.analysis.hunspell.HunspellDictionary$FlagParsingStrategy",2,0.00,1.00,4,0.03,224.41,2,0,10,2,0,111.41,12,6,0,1,143.63,0.00,0.00,0.00,1,2.00,1,87.07,0,0,0,java.lang.Object,0.00,0,0,2,0,0,2,0,2,28,3
"org.apache.lucene.analysis.hunspell.HunspellDictionary$NumFlagParsingStrategy",1,0.00,2.00,10,0.12,3827.43,1,0,10,5,0,105.56,4,10,0,2,105.32,0.00,0.50,0.00,0,1.00,2,363.13,0,0,0,org.apache.lucene.analysis.hunspell.FlagParsingStrategy,0.00,4,1,2,0,4,1,0,2,77,2
"org.apache.lucene.analysis.hunspell.HunspellDictionary$SimpleFlagParsingStrategy",1,0.00,1.00,3,0.02,259.92,1,0,10,2,0,154.80,3,5,0,2,134.19,0.00,0.50,0.00,0,1.00,1,69.84,0,0,0,org.apache.lucene.analysis.hunspell.FlagParsingStrategy,0.00,1,1,1,0,1,1,0,1,21,2
"org.apache.lucene.analysis.hunspell.HunspellDictionaryTest",1,0.00,1.00,13,0.19,5250.94,1,0,5,10,1,100.15,0,13,0,2,100.15,0.00,0.50,0.00,0,1.00,1,584.96,0,0,1,org.apache.lucene.util.LuceneTestCase,0.00,9,1,1,0,9,1,0,0,113,1
"org.apache.lucene.analysis.hunspell.HunspellStemFilter",4,0.19,2.50,38,0.52,21319.82,11,7,8,18,10,73.63,26,50,3,4,105.85,0.00,0.75,0.29,0,4.00,7,1549.41,1,0,7,org.apache.lucene.analysis.TokenFilter,0.50,14,3,10,0,14,4,0,6,306,2
"org.apache.lucene.analysis.hunspell.HunspellStemFilterTest",4,0.67,1.00,22,0.33,8180.15,5,1,14,14,10,168.86,5,26,0,3,118.86,0.00,0.67,0.50,0,4.00,1,988.07,2,1,10,org.apache.lucene.analysis.BaseTokenStreamTestCase,0.00,10,2,4,0,10,3,0,3,206,1
"org.apache.lucene.analysis.hunspell.HunspellStemFilterTest$ReusableAnalyzerBase",1,0.00,1.00,4,0.06,1029.80,1,0,14,4,3,124.82,0,6,0,1,124.82,0.00,0.00,0.00,0,0.00,1,166.32,0,0,3,java.lang.Object,0.00,3,0,1,0,3,1,0,0,39,0
"org.apache.lucene.analysis.hunspell.HunspellStemmer",10,0.08,4.00,134,2.11,134492.22,14,4,12,61,8,54.32,76,161,3,1,96.62,0.00,0.00,0.18,5,18.00,11,6333.74,0,5,5,java.lang.Object,0.00,51,0,40,0,51,5,0,15,1143,1
"org.apache.lucene.analysis.hunspell.HunspellStemmer$Stem",8,0.00,1.00,22,0.19,3552.30,12,4,12,11,1,139.16,35,31,0,1,138.92,0.00,0.00,0.25,0,34.00,1,572.66,0,3,1,java.lang.Object,0.00,3,0,8,0,3,5,0,7,150,2
"org.apache.lucene.analysis.hunspell.HunspellStemmerTest",7,0.17,1.00,58,0.89,33611.08,8,1,7,16,4,108.32,0,72,2,2,108.32,0.00,0.50,0.86,1,0.00,1,2666.26,0,0,2,org.apache.lucene.util.LuceneTestCase,0.00,9,1,7,0,9,7,0,0,539,1
"org.apache.lucene.analysis.hunspell.HunspellWord",4,0.33,1.00,10,0.07,991.21,5,1,1,5,2,123.04,23,15,2,1,140.92,0.00,0.00,0.75,0,0.00,1,221.61,0,0,0,java.lang.Object,0.00,1,0,4,0,1,4,0,6,62,1
"org.apache.lucene.benchmark.byTask.tasks.alt.AltPackageTaskTest",3,0.00,1.67,14,0.14,2611.61,3,0,2,10,2,175.27,4,26,0,3,125.27,0.00,0.67,0.00,1,3.00,2,434.55,1,1,2,org.apache.lucene.benchmark.BenchmarkTestCase,0.00,7,2,5,0,7,2,0,4,104,1
"org.apache.lucene.benchmark.byTask.tasks.alt.AltTestTask",2,0.00,1.00,5,0.03,301.76,2,0,2,2,2,192.61,3,9,0,2,142.61,0.00,0.50,0.00,0,2.00,1,92.11,0,0,2,org.apache.lucene.benchmark.byTask.tasks.PerfTask,0.07,0,1,2,0,0,2,0,1,29,1
"org.apache.solr.handler.AnalysisRequestHandlerBase",8,0.00,2.88,109,1.81,105049.01,8,0,29,66,27,46.78,72,132,2,2,96.77,2.00,0.25,0.00,1,8.00,7,5418.71,0,7,25,org.apache.solr.handler.RequestHandlerBase,0.00,58,1,23,2,58,1,0,15,952,2
"org.apache.solr.handler.AnalysisRequestHandlerBase$AnalysisContext",7,0.12,1.00,22,0.19,2964.74,11,4,29,7,2,114.64,35,30,0,1,132.52,0.00,0.00,0.14,0,27.00,1,560.35,0,4,2,java.lang.Object,0.00,0,0,7,0,0,3,0,3,145,2
"org.apache.solr.handler.AnalysisRequestHandlerBase$AttributeReflector",1,0.00,8.00,18,0.27,13926.34,1,0,29,10,3,91.30,4,25,0,1,91.07,0.00,0.00,0.00,0,1.00,8,800.36,0,0,3,java.lang.Object,0.00,9,0,8,0,9,1,0,4,143,0
"org.apache.solr.handler.AnalysisRequestHandlerBase$Comparator<AttributeSource>",2,0.00,2.00,11,0.16,8010.80,2,0,29,5,1,116.40,1,17,0,1,116.40,0.00,0.00,0.00,1,2.00,3,471.28,0,0,1,java.lang.Object,0.00,3,0,4,0,3,2,0,1,108,0
"org.apache.solr.handler.AnalysisRequestHandlerBase$HashMap<String,String>",0,0.00,0.00,6,0.11,2403.86,0,0,29,1,2,171.00,0,6,0,1,171.00,0.00,0.00,0.00,0,0.00,0,324.33,0,0,2,java.lang.Object,0.00,1,0,0,0,1,0,0,0,69,0
"org.apache.solr.handler.AnalysisRequestHandlerBase$ListBasedTokenStream",3,0.25,2.00,19,0.21,5717.18,5,2,29,9,3,155.87,6,27,0,3,115.98,0.00,0.67,0.67,0,0.00,4,634.32,1,0,3,org.apache.lucene.analysis.TokenStream,0.55,6,2,6,0,6,3,0,2,139,3
"org.apache.solr.handler.AnalysisRequestHandlerBase$TokenTrackingAttribute",4,0.00,1.00,5,0.03,125.71,4,0,29,4,0,159.21,0,6,0,2,159.21,0.00,0.50,0.00,0,4.00,1,80.21,0,0,0,,0.00,0,1,4,0,0,4,0,0,31,1
"org.apache.solr.handler.AnalysisRequestHandlerBase$TokenTrackingAttributeImpl",7,0.06,1.14,26,0.27,4884.36,10,3,29,11,1,130.78,2,38,0,2,130.78,0.00,0.50,0.29,1,10.00,2,818.55,0,0,1,org.apache.lucene.util.AttributeImpl,0.14,4,1,8,0,4,7,1,2,200,3
"org.apache.solr.handler.AnalysisRequestHandlerTest",3,1.00,1.67,55,1.21,101062.54,4,1,5,16,2,88.41,2,69,0,3,88.41,0.00,0.67,0.33,0,4.00,3,3622.18,0,2,2,org.apache.solr.util.AbstractSolrTestCase,0.17,13,2,5,0,13,1,0,2,574,1
"org.apache.solr.handler.AnalysisRequestHandlerTestBase",1,0.00,4.00,15,0.29,8647.51,1,0,3,15,4,53.52,7,20,2,3,95.81,1.00,0.40,0.00,0,1.00,4,881.46,0,0,2,org.apache.solr.SolrTestCaseJ4,0.00,14,2,4,2,14,1,0,2,168,2
"org.apache.solr.handler.AnalysisRequestHandlerTestBase$TokenInfo",10,0.01,1.00,38,0.26,5386.26,19,9,3,10,0,131.69,0,58,0,1,131.69,0.00,0.00,0.10,0,82.00,1,771.13,0,4,0,java.lang.Object,0.00,0,0,10,0,0,6,0,0,200,1
"org.apache.solr.handler.BinaryUpdateRequestHandler",8,0.00,2.12,53,0.58,19026.86,8,0,16,22,15,165.21,10,73,0,3,115.21,0.00,0.67,0.00,1,14.00,6,1741.38,0,6,15,org.apache.solr.handler.ContentStreamHandlerBase,0.55,14,2,17,0,14,2,0,3,353,1
"org.apache.solr.handler.BinaryUpdateRequestHandler$ContentStreamLoader",1,0.00,2.00,8,0.08,2240.96,1,0,16,4,3,110.77,0,13,0,1,110.77,0.00,0.00,0.00,0,1.00,2,250.90,0,0,3,java.lang.Object,0.00,3,0,2,0,3,1,0,0,54,0
"org.apache.solr.handler.BinaryUpdateRequestHandler$JavaBinUpdateRequestCodec.StreamingUpdateHandler",1,0.00,5.00,16,0.21,8067.33,2,1,16,7,5,144.95,1,23,0,1,94.95,0.00,0.00,1.00,0,0.00,5,622.71,0,0,5,java.lang.Object,0.00,6,0,5,0,6,1,0,1,122,0
"org.apache.solr.handler.CSVLoader",7,0.22,7.14,181,3.16,215327.39,31,24,18,48,16,65.19,41,206,3,2,83.06,1.00,0.33,0.23,3,5.00,17,9469.46,0,0,13,org.apache.solr.handler.ContentStreamLoader,0.00,41,1,50,1,41,7,0,31,1541,1
"org.apache.solr.handler.CSVLoader$FieldAdder",1,0.00,2.00,4,0.05,722.56,1,0,18,3,1,125.87,0,7,0,1,125.87,0.00,0.00,0.00,0,0.00,2,161.62,0,0,1,java.lang.Object,0.00,2,0,2,0,2,1,0,0,39,1
"org.apache.solr.handler.CSVLoader$FieldAdderEmpty",1,0.00,1.00,3,0.05,552.70,1,0,18,2,1,131.61,0,6,0,2,131.61,0.00,0.50,0.00,0,0.00,1,145.01,0,0,1,CSVLoader.FieldAdder,0.00,1,1,1,0,1,1,0,0,36,1
"org.apache.solr.handler.CSVLoader$FieldMapperSingle",2,0.33,1.50,11,0.12,1987.08,5,3,18,4,1,121.23,0,15,0,2,121.23,0.00,0.50,0.50,0,2.00,2,367.65,0,0,1,CSVLoader.FieldAdder,0.00,2,1,3,0,2,2,0,0,92,1
"org.apache.solr.handler.CSVLoader$FieldSplitter",2,0.00,2.50,17,0.20,7720.41,4,2,18,7,2,108.86,0,22,0,2,108.86,0.00,0.50,0.50,0,2.00,4,614.38,0,0,2,CSVLoader.FieldAdder,0.00,5,1,5,0,5,2,0,0,129,1
"org.apache.solr.handler.CSVLoader$FieldTrimmer",2,1.00,1.00,6,0.07,878.59,3,1,18,4,1,132.39,0,8,0,2,132.39,0.00,0.50,0.50,0,2.00,1,208.90,0,0,1,CSVLoader.FieldAdder,0.00,2,1,2,0,2,2,0,0,56,1
"org.apache.solr.handler.CSVLoader$SingleThreadedCSVLoader",2,0.00,1.00,7,0.07,1085.70,2,0,18,3,4,131.67,0,11,0,3,131.67,0.00,0.67,0.00,0,2.00,1,205.77,1,0,4,org.apache.solr.handler.CSVLoader,0.00,1,2,2,0,1,2,0,0,52,0
"org.apache.solr.handler.CSVRequestHandler",5,0.00,1.00,11,0.08,936.37,5,0,18,6,14,141.88,4,22,1,3,141.88,0.00,0.67,0.00,0,5.00,1,235.91,0,5,13,org.apache.solr.handler.ContentStreamHandlerBase,0.63,1,2,5,0,1,0,0,2,69,1
"org.apache.solr.handler.CSVRequestHandlerTest",2,0.00,1.00,14,0.20,3815.21,2,0,8,11,8,113.64,0,20,0,3,113.64,0.00,0.67,0.00,0,2.00,1,605.99,1,0,8,org.apache.solr.SolrTestCaseJ4,0.00,9,2,2,0,9,2,0,0,119,1
"org.apache.solr.handler.ContentStreamHandlerBase",2,1.00,2.50,20,0.33,17659.55,3,1,10,14,16,123.03,6,28,5,2,102.41,6.00,0.12,0.50,1,2.00,4,990.87,0,1,12,org.apache.solr.handler.RequestHandlerBase,0.00,12,1,5,6,12,1,0,3,178,2
"org.apache.solr.handler.ContentStreamLoader",3,1.00,1.00,7,0.05,477.24,4,1,3,3,13,163.05,11,10,10,1,142.43,0.00,0.00,0.33,0,4.00,1,153.97,0,1,3,java.lang.Object,0.00,0,0,3,6,0,2,0,2,45,2
"org.apache.solr.handler.Deprecated",11,0.07,2.64,132,2.13,139394.20,32,21,24,53,19,107.34,187,179,0,2,98.21,0.00,0.50,0.11,3,25.00,14,6386.26,1,6,19,org.apache.solr.handler.RequestHandlerBase,0.43,42,1,29,0,42,5,1,12,1050,1
"org.apache.solr.handler.Deprecated$AttributeReflector",1,0.00,3.00,6,0.09,2285.54,1,0,35,5,0,165.27,1,8,0,1,115.27,0.00,0.00,0.00,0,1.00,3,255.76,0,0,0,java.lang.Object,0.00,4,0,3,0,4,1,0,1,55,0
"org.apache.solr.handler.Deprecated$HashMap<String,String>",0,0.00,0.00,6,0.11,2296.61,0,0,35,1,4,171.00,0,6,0,1,171.00,0.00,0.00,0.00,0,0.00,0,328.09,0,0,4,java.lang.Object,0.00,1,0,0,0,1,0,0,0,69,0
"org.apache.solr.handler.DocumentAnalysisRequestHandler",10,0.08,4.00,131,2.14,129622.19,14,4,28,72,20,46.74,93,183,1,3,96.74,0.00,0.67,0.18,4,22.00,13,6428.43,2,9,19,org.apache.solr.handler.AnalysisRequestHandlerBase,0.40,62,2,40,0,62,1,0,19,1095,1
"org.apache.solr.handler.DocumentAnalysisRequestHandlerTest",6,0.20,1.00,190,4.28,526772.44,7,1,19,48,12,34.15,42,192,0,4,76.44,0.00,0.75,0.83,0,0.00,1,12838.97,3,0,12,org.apache.solr.handler.AnalysisRequestHandlerTestBase,0.06,42,3,6,0,42,6,0,14,1931,1
"org.apache.solr.handler.DocumentAnalysisRequestHandlerTest$ByteStream",3,1.00,1.00,12,0.11,1537.60,4,1,19,6,1,127.20,0,18,0,2,127.20,0.00,0.50,0.33,0,5.00,1,323.72,0,2,1,org.apache.solr.common.util.ContentStreamBase,0.15,3,1,3,0,3,1,0,0,81,1
"org.apache.solr.handler.DocumentAnalysisRequestHandlerTest$SolrQueryRequestBase",1,0.00,1.00,3,0.03,424.29,1,0,19,2,0,132.51,0,5,0,1,132.51,0.00,0.00,0.00,0,1.00,1,99.00,0,1,0,java.lang.Object,0.00,1,0,1,0,1,0,0,0,27,0
"org.apache.solr.handler.DocumentAnalysisRequestHandlerTest$SolrQueryRequestBase_0",1,0.00,1.00,3,0.03,424.29,1,0,19,2,0,132.51,0,5,0,1,132.51,0.00,0.00,0.00,0,1.00,1,99.00,0,1,0,java.lang.Object,0.00,1,0,1,0,1,0,0,0,27,0
"org.apache.solr.handler.DocumentAnalysisRequestHandlerTest$SolrQueryRequestBase_1",1,0.00,1.00,3,0.03,424.29,1,0,19,2,0,132.51,0,5,0,1,132.51,0.00,0.00,0.00,0,1.00,1,99.00,0,1,0,java.lang.Object,0.00,1,0,1,0,1,0,0,0,27,0
"org.apache.solr.handler.DumpRequestHandler",5,0.00,1.40,27,0.36,14979.52,5,0,9,21,6,117.47,4,43,0,2,117.47,0.00,0.50,0.00,0,5.00,3,1077.44,0,4,6,org.apache.solr.handler.RequestHandlerBase,0.47,16,1,7,0,16,1,0,4,207,1
"org.apache.solr.handler.FieldAnalysisRequestHandler",8,0.00,2.62,70,1.11,59504.65,8,0,16,41,14,62.48,88,98,1,3,106.60,0.00,0.67,0.00,2,8.00,7,3323.72,1,8,13,org.apache.solr.handler.AnalysisRequestHandlerBase,0.43,33,2,21,0,33,0,0,8,615,1
"org.apache.solr.handler.FieldAnalysisRequestHandlerTest",6,0.20,1.00,375,9.02,2175034.32,7,1,14,44,12,100.25,16,290,0,4,60.36,0.00,0.75,0.83,0,0.00,1,27067.59,3,0,12,org.apache.solr.handler.AnalysisRequestHandlerTestBase,0.06,38,3,6,0,38,6,0,6,3951,1
"org.apache.solr.handler.JsonLoader",12,0.12,6.67,237,4.09,269977.08,18,6,20,71,16,128.48,24,372,2,2,88.59,0.00,0.50,0.28,9,0.00,24,12276.77,0,4,14,org.apache.solr.handler.ContentStreamLoader,0.00,59,1,80,0,59,8,0,11,2062,0
"org.apache.solr.handler.JsonLoaderTest",5,1.00,1.00,100,1.83,72147.84,6,1,12,29,11,89.72,4,151,0,3,89.72,0.00,0.67,0.20,0,8.00,1,5484.51,4,0,11,org.apache.solr.SolrTestCaseJ4,0.00,24,2,5,0,24,5,0,4,924,1
"org.apache.solr.handler.JsonUpdateRequestHandler",6,1.00,1.00,14,0.12,1573.70,7,1,5,8,7,140.72,4,27,1,3,140.72,0.00,0.67,0.00,0,6.00,1,355.89,1,5,6,org.apache.solr.handler.ContentStreamHandlerBase,0.60,2,2,6,0,2,1,0,2,99,1
"org.apache.solr.handler.MoreLikeThisHandler",2,1.00,12.50,84,1.82,169179.97,3,1,39,49,31,26.94,22,122,2,2,71.07,0.00,0.50,0.00,0,2.00,24,5446.64,1,0,29,org.apache.solr.handler.RequestHandlerBase,0.00,47,1,25,0,47,2,0,16,766,1
"org.apache.solr.handler.MoreLikeThisHandler$InterestingTerm",5,2.00,1.20,18,0.14,2455.53,7,2,39,7,1,131.97,4,32,0,1,131.97,0.00,0.00,0.00,0,5.00,2,418.99,0,5,1,java.lang.Object,0.00,2,0,6,0,2,0,0,2,110,2
"org.apache.solr.handler.MoreLikeThisHandler$InterestingTerm$Comparator<InterestingTerm>",1,0.00,3.00,6,0.07,2283.77,1,0,39,1,0,115.27,0,8,0,1,115.27,0.00,0.00,0.00,0,1.00,3,200.59,0,0,0,java.lang.Object,0.00,0,0,3,0,0,1,0,0,47,0
"org.apache.solr.handler.MoreLikeThisHandler$InterestingTerm$MoreLikeThisHelper",10,0.14,2.00,94,1.57,53058.69,19,9,39,60,21,105.91,6,125,0,1,105.91,0.00,0.00,0.23,2,22.00,4,4716.74,0,8,21,java.lang.Object,0.00,50,0,20,0,50,2,0,6,848,2
"org.apache.solr.handler.MoreLikeThisHandlerTest",2,0.00,2.00,44,1.07,53069.02,2,0,17,17,13,53.71,12,67,0,3,85.93,0.00,0.67,0.00,0,0.00,3,3219.12,5,0,13,org.apache.solr.SolrTestCaseJ4,0.00,15,2,4,0,15,2,0,10,476,1
"org.apache.solr.handler.MoreLikeThisHandlerTest$SolrQueryRequestBase",0,0.00,0.00,1,0.01,33.69,0,0,17,0,0,171.00,0,0,0,1,171.00,0.00,0.00,0.00,0,0.00,0,22.46,0,0,0,java.lang.Object,0.00,0,0,0,0,0,0,0,0,8,0
"org.apache.solr.handler.PingRequestHandler",5,0.00,2.00,31,0.47,23320.32,5,0,8,20,9,152.81,10,54,1,2,112.92,0.00,0.50,0.00,0,5.00,6,1395.60,0,4,8,org.apache.solr.handler.RequestHandlerBase,0.47,15,1,10,0,15,1,0,6,252,1
"org.apache.solr.handler.ReplicationHandler",37,0.04,4.35,586,10.67,827813.85,96,59,32,193,29,132.42,89,733,6,2,92.54,0.00,0.50,0.06,18,367.00,26,32008.55,1,14,25,org.apache.solr.handler.RequestHandlerBase,0.20,156,1,161,0,156,23,1,40,5030,1
"org.apache.solr.handler.ReplicationHandler$BinaryQueryResponseWriter",4,0.00,1.00,9,0.10,1114.82,4,0,32,8,3,140.52,1,12,0,1,140.52,0.00,0.00,0.00,0,6.00,1,294.85,0,1,3,java.lang.Object,0.00,4,0,4,0,4,3,0,1,75,0
"org.apache.solr.handler.ReplicationHandler$CloseHook",2,0.00,1.50,5,0.04,508.08,2,0,32,2,1,140.74,0,9,0,1,140.74,0.00,0.00,0.00,0,2.00,2,123.70,0,0,1,java.lang.Object,0.00,0,0,3,0,0,2,0,0,35,0
"org.apache.solr.handler.ReplicationHandler$FileInfo",2,0.50,1.00,17,0.15,3251.08,6,4,32,4,0,112.03,0,20,0,1,112.03,0.00,0.00,0.50,0,2.00,1,460.88,0,1,0,java.lang.Object,0.00,2,0,2,0,2,1,0,0,111,1
"org.apache.solr.handler.ReplicationHandler$FileStream",3,0.50,6.00,68,1.08,98044.80,7,4,32,30,3,105.58,9,87,0,1,84.96,0.00,0.00,0.58,1,0.00,16,3230.34,0,0,3,java.lang.Object,0.00,27,0,18,0,27,3,0,7,499,1
"org.apache.solr.handler.ReplicationHandler$SolrEventListener",3,0.00,2.00,12,0.12,2009.23,3,0,32,6,5,108.26,16,17,0,1,126.13,0.00,0.00,0.00,0,4.00,4,350.17,0,0,5,java.lang.Object,0.00,3,0,6,0,3,3,0,7,80,0
"org.apache.solr.handler.ReplicationHandler$Thread",1,0.00,1.00,3,0.02,131.59,1,0,32,2,0,136.51,0,5,0,1,136.51,0.00,0.00,0.00,0,1.00,1,47.86,0,0,0,java.lang.Object,0.00,1,0,1,0,1,1,0,0,16,0
"org.apache.solr.handler.RequestHandlerBase",12,0.06,1.92,68,0.84,30353.48,22,10,12,29,34,118.21,49,86,23,1,117.98,0.00,0.00,0.16,1,40.00,7,2505.44,0,8,11,java.lang.Object,0.00,17,0,23,28,17,4,2,9,501,2
"org.apache.solr.handler.RequestHandlerUtils",4,0.00,2.50,41,0.72,34888.25,4,0,10,17,14,60.16,31,58,6,1,102.46,0.00,0.00,0.00,0,4.00,3,2158.74,0,0,8,java.lang.Object,0.00,13,0,10,0,13,4,0,12,396,1
"org.apache.solr.handler.SnapPuller",41,0.03,3.63,511,8.27,466969.90,88,47,31,185,14,119.12,131,658,3,1,98.50,0.00,0.00,0.05,16,863.00,18,24800.85,0,18,13,java.lang.Object,0.00,144,0,149,0,144,23,0,63,4298,1
"org.apache.solr.handler.SnapPuller$FileFetcher",7,0.22,5.00,118,1.72,69747.64,24,17,31,36,2,62.01,43,169,0,1,94.23,0.00,0.00,0.24,3,0.00,12,5170.69,0,1,2,java.lang.Object,0.00,29,0,35,0,29,6,0,32,930,1
"org.apache.solr.handler.SnapPuller$FileFetcher$Runnable_0",1,0.00,2.00,5,0.03,408.00,1,0,31,2,1,124.21,0,8,0,1,124.21,0.00,0.00,0.00,0,0.00,2,96.00,0,0,1,java.lang.Object,0.00,1,0,2,0,1,1,0,0,26,0
"org.apache.solr.handler.SnapPuller$ReplicationHandlerException",1,0.00,1.00,3,0.02,124.13,1,0,31,1,0,136.71,0,5,0,2,136.71,0.00,0.50,0.00,0,1.00,1,49.65,0,0,0,java.lang.InterruptedException,0.00,0,1,1,0,0,1,0,0,17,2
"org.apache.solr.handler.SnapPuller$Runnable",1,0.00,3.00,9,0.08,1260.86,1,0,31,2,0,110.74,0,13,0,1,110.74,0.00,0.00,0.00,0,0.00,3,231.48,0,0,0,java.lang.Object,0.00,1,0,3,0,1,1,0,0,51,0
"org.apache.solr.handler.SnapPuller$Thread",1,0.00,2.00,5,0.06,812.08,1,0,31,3,0,121.86,0,9,0,1,121.86,0.00,0.00,0.00,0,0.00,2,170.52,0,0,0,java.lang.Object,0.00,2,0,2,0,2,1,0,0,41,0
"org.apache.solr.handler.SnapShooter",5,0.17,3.40,68,1.08,41017.54,11,6,23,47,10,148.34,6,86,3,1,98.34,0.00,0.00,0.30,2,2.00,7,3246.74,0,0,9,java.lang.Object,0.00,42,0,17,0,42,5,0,1,572,1
"org.apache.solr.handler.SnapShooter$FileCopier",3,0.25,3.33,42,0.58,34092.08,7,4,23,19,2,116.65,11,59,0,1,96.03,0.00,0.00,0.08,1,5.00,7,1736.68,0,0,2,java.lang.Object,0.00,16,0,10,0,16,3,0,5,320,1
"org.apache.solr.handler.SnapShooter$OldBackupDirectory",2,0.33,2.50,15,0.18,3684.43,5,3,23,11,0,113.55,0,22,0,1,113.55,0.00,0.00,0.17,0,2.00,4,546.54,0,0,0,java.lang.Object,0.00,9,0,5,0,9,2,1,0,120,1
"org.apache.solr.handler.SnapShooter$Thread",1,0.00,1.00,3,0.02,155.40,1,0,23,2,0,135.95,0,5,0,1,135.95,0.00,0.00,0.00,0,1.00,1,58.19,0,0,0,java.lang.Object,0.00,1,0,1,0,1,1,0,0,18,0
"org.apache.solr.handler.SpellCheckerRequestHandlerTest",9,0.00,1.00,107,1.76,32051.81,9,0,1,12,1,55.71,97,290,0,3,104.19,0.00,0.67,0.00,1,0.00,1,5293.47,6,2,1,org.apache.solr.util.AbstractSolrTestCase,0.21,3,2,9,0,3,7,0,28,938,1
"org.apache.solr.handler.StandardRequestHandler",5,0.00,1.20,13,0.09,1425.83,5,0,3,6,3,140.63,20,26,2,3,140.40,0.00,0.67,0.00,0,5.00,2,280.21,0,5,1,org.apache.solr.handler.component.SearchHandler,0.58,1,2,6,0,1,0,0,2,79,1
"org.apache.solr.handler.StandardRequestHandlerTest",4,0.00,1.00,33,0.51,17020.42,4,0,9,11,7,158.74,6,56,0,3,108.74,0.00,0.67,0.00,0,4.00,1,1525.73,5,2,7,org.apache.solr.util.AbstractSolrTestCase,0.24,7,2,4,0,7,2,0,3,274,1
"org.apache.solr.handler.TestCSVLoader",12,0.12,1.08,141,2.09,104122.73,15,3,11,25,4,141.01,33,198,0,3,101.12,0.00,0.67,0.22,4,32.00,2,6277.51,8,0,4,org.apache.solr.SolrTestCaseJ4,0.09,13,2,13,0,13,12,0,33,1062,1
"org.apache.solr.handler.TestReplicationHandler",20,0.23,2.55,419,5.99,309270.22,29,9,40,92,23,109.88,68,461,0,3,89.26,0.00,0.67,0.33,14,20.00,12,17978.44,0,5,23,org.apache.solr.SolrTestCaseJ4,0.00,72,2,51,0,72,15,0,61,3070,1
"org.apache.solr.handler.TestReplicationHandler$BackupThread",2,0.33,2.00,17,0.20,4870.31,5,3,40,7,1,110.49,0,26,0,2,110.49,0.00,0.50,0.50,0,2.00,3,612.91,0,0,1,org.apache.lucene.index.Thread,0.00,5,1,4,0,5,2,0,0,126,0
"org.apache.solr.handler.TestReplicationHandler$CheckStatus",2,0.67,3.00,27,0.35,9170.07,8,6,40,15,1,100.36,0,37,0,2,100.36,0.00,0.50,0.50,0,2.00,5,1036.50,0,0,1,org.apache.lucene.index.Thread,0.00,13,1,6,0,13,2,0,0,194,0
"org.apache.solr.handler.TestReplicationHandler$FilenameFilter",1,0.00,2.00,5,0.03,373.94,1,0,40,2,0,124.51,0,7,0,1,124.51,0.00,0.00,0.00,0,1.00,2,102.01,0,0,0,java.lang.Object,0.00,1,0,2,0,1,1,0,0,27,0
"org.apache.solr.handler.TestReplicationHandler$SolrInstance",10,0.02,1.00,38,0.36,6040.24,15,5,40,19,1,131.30,8,54,0,1,131.30,0.00,0.00,0.22,3,38.00,1,1094.58,0,5,1,java.lang.Object,0.00,9,0,10,0,9,5,0,2,257,2
"org.apache.solr.handler.XMLLoader",7,0.42,9.14,202,3.53,322925.99,9,2,25,67,19,61.91,39,248,3,2,79.78,1.00,0.33,0.14,2,12.00,24,10585.52,0,1,17,org.apache.solr.handler.ContentStreamLoader,0.00,60,1,64,1,60,6,0,26,1624,0
"org.apache.solr.handler.XmlUpdateRequestHandler",7,0.01,1.57,54,0.87,29763.53,25,18,18,29,23,92.92,36,83,11,3,110.80,0.00,0.67,0.05,1,10.00,4,2609.53,1,5,14,org.apache.solr.handler.ContentStreamHandlerBase,0.57,22,2,11,0,22,2,0,18,471,1
"org.apache.solr.handler.XmlUpdateRequestHandlerTest",7,0.25,1.00,53,0.96,29234.55,9,2,18,31,11,110.96,6,96,0,3,110.96,0.00,0.67,0.29,0,15.00,1,2887.08,3,2,11,org.apache.solr.util.AbstractSolrTestCase,0.30,24,2,7,0,24,5,0,6,529,1
"org.apache.solr.handler.XmlUpdateRequestHandlerTest$MockUpdateRequestProcessor",4,0.33,1.00,18,0.28,7755.29,5,1,18,12,2,122.65,0,29,0,2,122.65,0.00,0.50,0.75,0,0.00,1,842.44,0,0,2,org.apache.solr.update.processor.UpdateRequestProcessor,0.00,8,1,4,0,8,4,0,0,187,1
"org.apache.solr.handler.XsltUpdateRequestHandler",6,0.06,1.17,28,0.34,6641.68,13,7,8,16,9,164.42,12,44,2,3,124.53,0.00,0.67,0.19,0,10.00,2,1007.23,1,5,8,org.apache.solr.handler.ContentStreamHandlerBase,0.60,10,2,7,0,10,1,0,10,214,1
"org.apache.solr.handler.XsltUpdateRequestHandlerTest",3,1.00,1.00,30,0.47,12343.26,4,1,16,22,10,105.24,0,51,0,3,105.24,0.00,0.67,0.33,0,5.00,1,1421.88,6,0,10,org.apache.solr.SolrTestCaseJ4,0.05,19,2,3,0,19,3,0,0,252,1
"org.apache.solr.handler.XsltXMLLoader",3,0.00,2.67,38,0.64,23995.01,6,3,24,30,11,81.91,15,51,1,3,99.78,0.00,0.67,0.33,1,5.00,4,1906.54,1,1,11,org.apache.solr.handler.XMLLoader,0.00,27,2,8,0,27,2,0,8,341,0
"conf.ConfLoader",0,0.00,0.00,1,0.00,12.00,0,0,0,0,1,171.00,17,2,1,1,171.00,0.00,0.00,0.00,0,0.00,0,8.00,0,0,0,java.lang.Object,0.00,0,0,0,0,0,0,0,2,4,1
"org.apache.solr.search.grouping.Command",5,0.00,1.00,6,0.03,159.47,5,0,5,5,10,141.29,29,7,7,1,159.16,0.00,0.00,0.00,0,5.00,1,82.99,0,4,3,,0.00,0,0,5,0,0,1,0,6,33,1
"org.apache.solr.search.grouping.CommandHandler",6,0.25,2.33,64,1.03,33230.51,14,8,13,42,17,154.02,10,86,2,1,104.02,0.00,0.00,0.33,1,0.00,4,3094.77,0,3,15,java.lang.Object,0.00,36,0,14,0,36,3,0,2,577,1
"org.apache.solr.search.grouping.CommandHandler$Builder",6,0.00,1.17,26,0.24,4820.46,11,5,13,11,3,175.63,7,34,0,1,125.63,0.00,0.00,0.20,0,10.00,2,723.31,0,5,3,java.lang.Object,0.00,5,0,7,0,5,1,0,1,175,2
"org.apache.solr.search.grouping.GroupingSpecification",26,0.04,1.08,70,0.47,7016.47,39,13,2,26,9,140.61,5,99,7,1,140.61,0.00,0.00,0.04,0,338.00,2,1412.99,0,5,2,java.lang.Object,0.00,0,0,28,0,0,21,0,1,380,1
"org.apache.lucene.search.function.ByteFieldSource",6,0.80,1.50,19,0.25,6978.73,7,1,4,11,6,129.20,28,34,2,3,128.97,0.00,0.67,0.33,0,10.00,3,761.68,1,2,4,org.apache.lucene.search.function.FieldCacheSource,0.32,5,2,9,0,5,4,0,7,179,1
"org.apache.lucene.search.function.ByteFieldSource$DocValues",4,0.00,1.00,9,0.08,1013.08,4,0,4,5,0,190.84,4,17,0,1,140.84,0.00,0.00,0.00,0,4.00,1,227.12,0,2,0,java.lang.Object,0.00,1,0,4,0,1,2,0,4,64,0
"org.apache.lucene.search.function.CustomScoreProvider",5,1.00,2.60,45,0.47,30362.84,6,1,4,9,12,104.92,81,50,9,1,105.39,0.00,0.00,0.00,2,5.00,5,1395.32,0,2,3,java.lang.Object,0.00,4,0,13,0,4,3,0,7,295,1
"org.apache.lucene.search.function.CustomScoreQuery",14,0.00,2.21,79,1.02,46880.90,17,3,13,37,19,117.22,69,103,8,2,116.99,3.00,0.20,0.33,3,30.00,6,3067.77,3,5,11,org.apache.lucene.search.Query,0.14,23,1,31,3,23,9,0,20,650,1
"org.apache.lucene.search.function.CustomScoreQuery$CustomScorer",5,0.25,2.00,40,0.42,14124.78,10,5,13,12,5,109.98,3,48,0,3,109.98,0.00,0.67,0.40,0,0.00,3,1273.88,0,0,5,org.apache.lucene.search.Scorer,0.67,7,2,10,0,7,5,0,3,274,1
"org.apache.lucene.search.function.CustomScoreQuery$CustomWeight",9,0.06,2.11,74,0.86,38473.70,13,4,13,23,8,158.55,15,86,0,2,108.55,0.00,0.50,0.31,2,20.00,3,2577.05,0,4,8,org.apache.lucene.search.Weight,0.62,14,1,19,0,14,5,0,15,518,1
"org.apache.lucene.search.function.DocValues",12,0.11,1.50,44,0.38,12884.75,16,4,1,18,14,86.95,93,59,13,1,129.24,0.00,0.00,0.15,2,40.00,7,1144.26,0,4,1,java.lang.Object,0.00,6,0,18,2,6,8,0,15,274,2
"org.apache.lucene.search.function.FieldCacheSource",8,0.71,1.12,18,0.19,3994.58,9,1,3,9,10,120.62,43,33,6,2,138.49,5.00,0.14,0.38,2,14.00,2,574.46,0,3,4,org.apache.lucene.search.function.ValueSource,0.31,1,1,9,5,1,5,0,9,147,2
"org.apache.lucene.search.function.FieldScoreQuery",2,0.00,3.00,14,0.15,4084.65,2,0,0,7,9,107.39,74,21,3,3,113.16,0.00,0.67,0.00,1,2.00,5,440.64,0,1,6,org.apache.lucene.search.function.ValueSourceQuery,0.00,5,2,6,0,5,1,0,5,100,1
"org.apache.lucene.search.function.FieldScoreQuery$Type",2,0.20,1.00,10,0.12,2688.94,7,5,0,5,0,160.18,5,14,0,1,120.29,0.00,0.00,0.10,0,2.00,1,370.50,0,1,0,java.lang.Object,0.00,3,0,2,0,3,1,0,5,89,2
"org.apache.lucene.search.function.FloatFieldSource",6,0.80,1.50,19,0.25,6978.73,7,1,4,11,6,129.20,28,34,2,3,128.97,0.00,0.67,0.33,0,10.00,3,761.68,1,2,4,org.apache.lucene.search.function.FieldCacheSource,0.32,5,2,9,0,5,4,0,7,179,1
"org.apache.lucene.search.function.FloatFieldSource$DocValues",3,0.00,1.00,7,0.06,770.09,3,0,4,4,0,190.80,3,13,0,1,140.80,0.00,0.00,0.00,0,3.00,1,175.21,0,2,0,java.lang.Object,0.00,1,0,3,0,1,1,0,3,49,0
"org.apache.lucene.search.function.Ignore",7,0.07,2.29,71,1.07,41645.73,16,9,12,29,9,143.67,18,103,0,2,103.78,0.00,0.50,0.17,2,24.00,9,3209.22,0,2,9,org.apache.lucene.util.LuceneTestCase,0.00,22,1,16,0,22,5,0,13,591,2
"org.apache.lucene.search.function.IntFieldSource",6,0.80,1.50,19,0.25,6978.73,7,1,4,11,6,129.20,28,34,2,3,128.97,0.00,0.67,0.33,0,10.00,3,761.68,1,2,4,org.apache.lucene.search.function.FieldCacheSource,0.47,5,2,9,0,5,4,0,7,179,1
"org.apache.lucene.search.function.IntFieldSource$DocValues",4,0.00,1.00,9,0.08,1013.08,4,0,4,5,0,190.84,4,17,0,1,140.84,0.00,0.00,0.00,0,4.00,1,227.12,0,2,0,java.lang.Object,0.00,1,0,4,0,1,2,0,4,64,0
"org.apache.lucene.search.function.JustCompileSearchFunction",0,0.00,0.00,5,0.05,567.11,1,1,3,0,2,171.00,7,8,0,1,171.00,0.00,0.00,0.00,0,0.00,0,141.78,0,0,2,java.lang.Object,0.00,0,0,0,0,0,0,0,1,34,1
"org.apache.lucene.search.function.JustCompileSearchFunction$JustCompileDocValues",2,0.00,1.00,5,0.05,536.47,2,0,3,3,1,140.65,0,10,0,2,140.65,0.00,0.50,0.00,0,0.00,1,141.49,0,1,1,org.apache.lucene.search.function.DocValues,0.29,1,1,2,0,1,1,0,0,39,2
"org.apache.lucene.search.function.JustCompileSearchFunction$JustCompileFieldCacheSource",4,0.00,1.00,9,0.09,990.62,4,0,3,5,4,140.92,0,18,0,3,140.92,0.00,0.67,0.00,0,0.00,1,255.84,0,1,4,org.apache.lucene.search.function.FieldCacheSource,0.18,1,2,4,0,1,3,0,0,69,2
"org.apache.lucene.search.function.JustCompileSearchFunction$JustCompileValueSource",4,0.00,1.00,9,0.08,1038.39,4,0,3,5,3,140.76,0,18,0,2,140.76,0.00,0.50,0.00,0,0.00,1,252.95,0,2,3,org.apache.lucene.search.function.ValueSource,0.44,1,1,4,0,1,2,0,0,69,2
"org.apache.lucene.search.function.OrdFieldSource",5,0.12,1.60,18,0.22,5392.95,7,2,3,10,6,96.99,34,28,2,2,129.21,0.00,0.50,0.40,1,2.00,4,663.02,0,2,4,org.apache.lucene.search.function.ValueSource,0.40,5,1,8,0,5,3,0,6,155,1
"org.apache.lucene.search.function.OrdFieldSource$DocValues",4,0.00,1.00,9,0.08,1091.94,4,0,3,6,0,190.59,5,17,0,1,140.59,0.00,0.00,0.00,0,4.00,1,249.34,0,3,0,java.lang.Object,0.00,2,0,4,0,2,1,0,5,68,0
"org.apache.lucene.search.function.ReverseOrdFieldSource",5,0.12,1.60,20,0.25,6157.11,7,2,3,10,6,81.81,35,30,2,2,124.10,0.00,0.50,0.40,1,2.00,4,756.71,0,1,4,org.apache.lucene.search.function.ValueSource,0.40,5,1,8,0,5,4,0,6,173,1
"org.apache.lucene.search.function.ReverseOrdFieldSource$DocValues",5,0.00,1.00,11,0.11,1527.69,5,0,3,7,0,190.20,6,21,0,1,140.20,0.00,0.00,0.00,1,5.00,1,327.12,0,3,0,java.lang.Object,0.00,2,0,5,0,2,2,0,6,88,0
"org.apache.lucene.search.function.ShortFieldSource",6,0.80,1.50,19,0.25,6978.73,7,1,4,11,6,129.20,28,34,2,3,128.97,0.00,0.67,0.33,0,10.00,3,761.68,1,2,4,org.apache.lucene.search.function.FieldCacheSource,0.32,5,2,9,0,5,4,0,7,179,1
"org.apache.lucene.search.function.ShortFieldSource$DocValues",4,0.00,1.00,9,0.08,1013.08,4,0,4,5,0,190.84,4,17,0,1,140.84,0.00,0.00,0.00,0,4.00,1,227.12,0,2,0,java.lang.Object,0.00,1,0,4,0,1,2,0,4,64,0
"org.apache.lucene.search.function.TestCustomScoreQuery",11,0.00,1.27,131,2.30,116631.26,11,0,10,42,12,121.01,38,150,0,2,100.40,0.00,0.50,0.00,4,11.00,2,6886.79,0,1,12,FunctionTestSetup,0.00,31,1,14,0,31,10,0,28,1233,1
"org.apache.lucene.search.function.TestCustomScoreQuery$CustomAddQuery",3,0.00,1.00,7,0.05,418.70,3,0,10,4,5,142.88,2,13,0,3,142.88,0.00,0.67,0.00,0,3.00,1,138.55,0,2,5,org.apache.lucene.search.function.CustomScoreQuery,0.10,1,2,3,0,1,1,0,2,43,2
"org.apache.lucene.search.function.TestCustomScoreQuery$CustomAddQuery$CustomScoreProvider",2,0.00,2.00,10,0.13,5552.17,2,0,10,5,1,117.65,0,15,0,1,117.65,0.00,0.00,0.00,0,2.00,3,393.08,0,1,1,java.lang.Object,0.00,3,0,4,0,3,1,0,0,87,0
"org.apache.lucene.search.function.TestCustomScoreQuery$CustomExternalQuery",2,0.00,1.00,6,0.06,936.86,2,0,10,4,4,132.17,0,11,0,3,132.17,0.00,0.67,0.00,0,2.00,1,176.31,0,1,4,org.apache.lucene.search.function.CustomScoreQuery,0.00,2,2,2,0,2,1,0,0,45,2
"org.apache.lucene.search.function.TestCustomScoreQuery$CustomExternalQuery$CustomScoreProvider_1",1,0.00,1.00,4,0.05,965.04,1,0,10,3,0,125.04,0,6,0,1,125.04,0.00,0.00,0.00,0,1.00,1,145.39,0,0,0,java.lang.Object,0.00,2,0,1,0,2,1,0,0,35,0
"org.apache.lucene.search.function.TestCustomScoreQuery$CustomMulAddQuery",3,0.00,1.00,7,0.06,634.54,3,0,10,4,5,141.46,2,13,0,3,141.46,0.00,0.67,0.00,0,3.00,1,168.63,0,2,5,org.apache.lucene.search.function.CustomScoreQuery,0.10,1,2,3,0,1,1,0,2,50,2
"org.apache.lucene.search.function.TestCustomScoreQuery$CustomMulAddQuery$CustomScoreProvider_0",2,0.00,3.00,20,0.27,15322.66,2,0,10,7,1,152.86,3,28,0,1,102.86,0.00,0.00,0.00,0,2.00,3,807.96,0,1,1,java.lang.Object,0.00,5,0,6,0,5,1,0,3,170,0
"org.apache.lucene.search.function.TestDocValues",3,0.00,1.00,35,0.57,21908.11,3,0,2,10,0,141.62,7,50,0,2,101.73,0.00,0.50,0.00,0,3.00,1,1704.00,0,0,0,org.apache.lucene.util.LuceneTestCase,0.00,7,1,3,0,7,3,0,5,341,1
"org.apache.lucene.search.function.TestDocValues$DocValuesTestImpl",3,1.00,1.00,8,0.07,888.27,4,1,2,4,1,180.19,6,14,0,2,140.31,0.00,0.50,0.33,0,4.00,1,198.14,0,1,1,org.apache.lucene.search.function.DocValues,0.27,1,1,3,0,1,2,0,2,56,1
"org.apache.lucene.search.function.TestFieldScoreQuery",17,0.00,1.59,115,2.01,126971.96,17,0,9,45,7,151.25,43,155,0,2,111.37,0.00,0.50,0.00,3,17.00,9,6042.61,0,1,7,FunctionTestSetup,0.00,28,1,27,0,28,16,0,33,1072,1
"org.apache.lucene.search.function.TestOrdValues",12,0.00,2.75,140,2.18,163839.56,12,0,5,41,11,119.97,41,182,0,2,99.36,0.00,0.50,0.00,3,12.00,15,6526.73,0,1,11,FunctionTestSetup,0.00,29,1,33,0,29,11,0,19,1099,1
"org.apache.lucene.search.function.ValueSource",5,0.00,1.00,7,0.06,512.31,5,0,4,5,9,122.95,30,12,7,1,155.17,0.00,0.00,0.00,1,5.00,1,171.78,0,3,2,java.lang.Object,0.00,0,0,5,9,0,2,1,6,55,2
"org.apache.lucene.search.function.ValueSourceQuery",7,0.83,1.43,22,0.28,7034.06,8,1,7,15,14,129.72,28,39,7,2,129.48,1.00,0.33,0.29,1,13.00,4,836.95,2,3,7,org.apache.lucene.search.Query,0.10,8,1,10,1,8,4,0,8,201,1
"org.apache.lucene.search.function.ValueSourceQuery$ValueSourceScorer",5,0.38,1.40,18,0.22,3848.71,9,4,7,11,5,130.40,3,29,0,3,130.40,0.00,0.67,0.55,0,0.00,2,672.37,0,0,5,org.apache.lucene.search.Scorer,0.67,6,2,7,0,6,5,0,3,158,1
"org.apache.lucene.search.function.ValueSourceQuery$ValueSourceWeight",7,0.06,1.00,26,0.31,6586.90,10,3,7,15,9,129.79,5,41,0,2,129.79,0.00,0.50,0.29,0,8.00,1,917.83,0,3,9,org.apache.lucene.search.Weight,0.57,8,1,7,0,8,4,0,5,207,0
"org.apache.lucene.benchmark.byTask.tasks.AddDocTask",7,0.17,1.14,25,0.24,4018.43,9,2,3,13,8,171.33,16,40,4,2,131.45,1.00,0.33,0.36,0,11.00,2,705.08,4,1,4,org.apache.lucene.benchmark.byTask.tasks.PerfTask,0.29,6,1,8,1,6,6,0,4,174,1
"org.apache.lucene.benchmark.byTask.tasks.AddFacetedDocTask",4,0.22,1.75,21,0.22,4345.19,7,3,4,12,5,141.51,15,32,0,3,120.89,0.00,0.67,0.50,0,0.00,2,671.30,4,1,5,org.apache.lucene.benchmark.byTask.tasks.AddDocTask,0.23,8,2,7,0,8,3,0,2,155,1
"org.apache.lucene.benchmark.byTask.tasks.BenchmarkHighlighter",1,0.00,1.00,2,0.03,263.79,1,0,3,1,7,140.70,0,4,4,1,140.70,0.00,0.00,0.00,0,1.00,1,95.01,0,0,3,java.lang.Object,0.00,0,0,1,0,0,1,0,0,25,2
"org.apache.lucene.benchmark.byTask.tasks.ClearStatsTask",3,0.00,1.00,8,0.06,639.05,3,0,1,5,2,99.14,23,14,0,2,141.44,0.00,0.50,0.00,0,3.00,1,170.05,1,0,2,org.apache.lucene.benchmark.byTask.tasks.PerfTask,0.13,2,1,3,0,2,3,0,3,49,1
"org.apache.lucene.benchmark.byTask.tasks.CloseIndexTask",4,0.67,1.50,18,0.19,4481.91,5,1,4,11,7,174.44,6,29,4,2,124.44,0.00,0.50,0.50,0,4.00,3,575.12,2,0,3,org.apache.lucene.benchmark.byTask.tasks.PerfTask,0.12,7,1,6,0,7,4,0,2,132,1
"org.apache.lucene.benchmark.byTask.tasks.CloseReaderTask",2,0.00,1.50,10,0.11,2410.42,2,0,3,7,3,160.46,5,15,0,2,120.57,0.00,0.50,0.00,0,2.00,2,317.56,1,0,3,org.apache.lucene.benchmark.byTask.tasks.PerfTask,0.07,5,1,3,0,5,2,0,1,72,1
"org.apache.lucene.benchmark.byTask.tasks.CloseTaxonomyIndexTask",2,0.00,1.00,7,0.06,708.45,2,0,3,5,3,173.01,4,11,0,2,133.13,0.00,0.50,0.00,0,2.00,1,172.95,1,0,3,org.apache.lucene.benchmark.byTask.tasks.PerfTask,0.07,3,1,2,0,3,2,0,1,46,1
"org.apache.lucene.benchmark.byTask.tasks.CloseTaxonomyReaderTask",2,0.00,1.50,10,0.11,2410.42,2,0,3,7,3,160.46,4,15,0,2,120.57,0.00,0.50,0.00,0,2.00,2,317.56,1,0,3,org.apache.lucene.benchmark.byTask.tasks.PerfTask,0.07,5,1,3,0,5,2,0,1,72,1
"org.apache.lucene.benchmark.byTask.tasks.CommitIndexTask",4,0.67,1.50,22,0.21,5506.79,5,1,5,12,5,170.12,4,32,0,2,120.12,0.00,0.50,0.50,0,4.00,3,624.05,2,0,5,org.apache.lucene.benchmark.byTask.tasks.PerfTask,0.12,8,1,6,0,8,4,0,1,141,1
"org.apache.lucene.benchmark.byTask.tasks.CommitTaxonomyIndexTask",2,0.00,1.50,10,0.08,1785.59,2,0,2,5,3,171.60,3,15,0,2,121.60,0.00,0.50,0.00,0,2.00,2,240.46,1,0,3,org.apache.lucene.benchmark.byTask.tasks.PerfTask,0.07,3,1,3,0,3,2,0,1,57,1
"org.apache.lucene.benchmark.byTask.tasks.ConsumeContentSourceTask",4,0.00,1.50,22,0.24,5441.11,6,2,4,16,5,170.16,7,33,0,2,120.16,0.00,0.50,0.50,0,0.00,3,727.79,1,1,5,org.apache.lucene.benchmark.byTask.tasks.PerfTask,0.19,12,1,6,0,12,3,0,1,159,1
"org.apache.lucene.benchmark.byTask.tasks.CountingHighlighterTestTask",3,0.50,1.33,13,0.12,2508.95,5,2,12,8,13,175.46,3,20,1,5,125.46,0.00,0.80,0.17,0,5.00,2,371.92,0,2,12,org.apache.lucene.benchmark.byTask.tasks.SearchTravRetHighlightTask,0.00,5,4,4,0,5,1,0,1,92,1
"org.apache.lucene.benchmark.byTask.tasks.CountingHighlighterTestTask$BenchmarkHighlighter",1,0.00,3.00,6,0.13,4319.11,1,0,12,3,5,113.09,0,8,0,1,113.09,0.00,0.00,0.00,0,0.00,3,390.85,0,0,5,java.lang.Object,0.00,2,0,3,0,2,1,0,0,75,0
"org.apache.lucene.benchmark.byTask.tasks.CountingSearchTestTask",4,0.17,1.25,19,0.14,2534.14,8,4,1,5,3,126.43,3,26,1,4,126.43,0.00,0.75,0.38,1,4.00,2,429.84,1,0,2,org.apache.lucene.benchmark.byTask.tasks.SearchTask,0.07,1,3,5,0,1,4,0,1,109,1
"org.apache.lucene.benchmark.byTask.tasks.CreateIndexTask",5,0.00,4.40,75,1.41,87098.92,5,0,23,41,23,75.52,26,101,6,2,93.39,0.00,0.50,0.00,2,5.00,13,4222.81,1,3,18,org.apache.lucene.benchmark.byTask.tasks.PerfTask,0.06,36,1,22,0,36,2,0,1,681,1
"org.apache.lucene.benchmark.byTask.tasks.CreateIndexTaskTest",6,0.00,1.17,52,0.66,18470.01,6,0,11,28,8,109.81,2,64,0,3,109.81,0.00,0.67,0.00,1,6.00,2,1976.11,1,1,8,org.apache.lucene.benchmark.BenchmarkTestCase,0.00,22,2,7,0,22,5,0,2,407,1
"org.apache.lucene.benchmark.byTask.tasks.CreateTaxonomyIndexTask",2,0.00,1.00,7,0.07,1052.49,2,0,4,5,3,171.66,4,11,0,2,131.77,0.00,0.50,0.00,0,2.00,1,199.31,1,0,3,org.apache.lucene.benchmark.byTask.tasks.PerfTask,0.07,3,1,2,0,3,2,0,1,50,1
"org.apache.lucene.benchmark.byTask.tasks.DeleteByPercentTask",5,0.08,1.80,33,0.43,19152.96,8,3,4,21,4,134.24,17,47,0,2,113.62,0.00,0.50,0.27,0,6.00,5,1278.19,3,0,4,org.apache.lucene.benchmark.byTask.tasks.PerfTask,0.18,16,1,9,0,16,5,0,2,255,1
"org.apache.lucene.benchmark.byTask.tasks.DeleteDocTask",6,0.16,1.33,27,0.29,5675.43,11,5,2,12,3,145.66,19,40,0,2,125.04,0.00,0.50,0.33,0,2.00,3,874.32,3,1,3,org.apache.lucene.benchmark.byTask.tasks.PerfTask,0.24,6,1,8,0,6,5,0,7,202,1
"org.apache.lucene.benchmark.byTask.tasks.FlushReaderTask",4,0.67,1.25,19,0.18,4939.71,5,1,5,9,4,124.14,3,28,0,2,124.14,0.00,0.50,0.50,0,4.00,2,546.71,2,0,4,org.apache.lucene.benchmark.byTask.tasks.PerfTask,0.12,5,1,5,0,5,4,0,1,124,1
"org.apache.lucene.benchmark.byTask.tasks.ForceMergeTask",4,0.67,1.25,15,0.14,2700.46,5,1,2,9,3,180.87,5,24,0,2,130.87,0.00,0.50,0.50,0,4.00,2,418.46,2,0,3,org.apache.lucene.benchmark.byTask.tasks.PerfTask,0.12,5,1,5,0,5,4,0,2,102,1
"org.apache.lucene.benchmark.byTask.tasks.NearRealtimeReaderTask",5,0.00,2.40,47,0.58,31597.52,8,3,4,18,5,125.89,18,61,0,2,105.27,0.00,0.50,0.33,0,6.00,7,1725.87,2,0,5,org.apache.lucene.benchmark.byTask.tasks.PerfTask,0.18,13,1,12,0,13,5,0,9,326,1
"org.apache.lucene.benchmark.byTask.tasks.NewAnalyzerTask",5,0.12,2.60,36,0.47,17385.44,7,2,8,22,8,131.98,17,53,6,2,111.37,0.00,0.50,0.40,1,2.00,5,1420.22,2,1,3,org.apache.lucene.benchmark.byTask.tasks.PerfTask,0.12,17,1,13,0,17,4,0,6,283,1
"org.apache.lucene.benchmark.byTask.tasks.NewCollationAnalyzerTask",0,0.00,0.00,2,0.01,75.00,0,0,6,0,3,171.00,9,2,0,2,171.00,0.00,0.50,0.00,0,0.00,0,30.00,0,0,3,org.apache.lucene.benchmark.byTask.tasks.PerfTask,0.00,0,1,0,0,0,0,0,1,10,1
"org.apache.lucene.benchmark.byTask.tasks.NewCollationAnalyzerTask$Implementation",1,2.00,10.00,40,0.80,63409.98,4,3,6,19,1,112.78,2,68,0,1,72.89,0.00,0.00,0.33,0,0.00,10,2390.70,1,0,1,java.lang.Object,0.00,18,0,10,0,18,1,0,2,367,1
"org.apache.lucene.benchmark.byTask.tasks.NewLocaleTask",5,0.08,2.40,25,0.34,8716.74,8,3,3,15,2,139.82,18,41,0,2,119.20,0.00,0.50,0.40,1,7.00,4,1006.22,2,1,2,org.apache.lucene.benchmark.byTask.tasks.PerfTask,0.12,10,1,12,0,10,4,0,3,223,1
"org.apache.lucene.benchmark.byTask.tasks.NewRoundTask",3,0.00,1.00,8,0.06,639.05,3,0,1,5,2,99.14,23,14,0,2,141.44,0.00,0.50,0.00,0,3.00,1,170.05,1,0,2,org.apache.lucene.benchmark.byTask.tasks.PerfTask,0.13,2,1,3,0,2,3,0,3,49,1
"org.apache.lucene.benchmark.byTask.tasks.NewShingleAnalyzerTask",5,0.17,3.00,44,0.61,23595.85,8,3,7,22,5,148.01,13,71,0,2,108.13,0.00,0.50,0.47,1,2.00,6,1835.86,2,0,5,org.apache.lucene.benchmark.byTask.tasks.PerfTask,0.12,17,1,15,0,17,5,0,5,348,1
"org.apache.lucene.benchmark.byTask.tasks.OpenIndexTask",4,0.13,1.50,25,0.29,6785.41,9,5,9,10,9,137.06,12,35,1,2,116.45,0.00,0.50,0.10,0,4.00,2,863.14,2,0,9,org.apache.lucene.benchmark.byTask.tasks.PerfTask,0.12,6,1,6,0,6,4,0,2,183,1
"org.apache.lucene.benchmark.byTask.tasks.OpenReaderTask",5,0.00,2.60,43,0.51,19361.16,8,3,9,20,13,158.84,6,63,5,2,108.84,0.00,0.50,0.33,0,10.00,4,1516.97,2,1,8,org.apache.lucene.benchmark.byTask.tasks.PerfTask,0.12,15,1,13,0,15,4,0,2,306,1
"org.apache.lucene.benchmark.byTask.tasks.OpenTaxonomyIndexTask",2,0.00,1.00,7,0.06,972.50,2,0,3,5,3,171.93,4,11,0,2,132.04,0.00,0.50,0.00,0,2.00,1,181.67,1,0,3,org.apache.lucene.benchmark.byTask.tasks.PerfTask,0.07,3,1,2,0,3,2,0,1,47,1
"org.apache.lucene.benchmark.byTask.tasks.OpenTaxonomyReaderTask",2,0.00,1.00,9,0.08,1461.35,2,0,3,6,3,165.88,5,13,0,2,125.99,0.00,0.50,0.00,0,2.00,1,230.98,1,0,3,org.apache.lucene.benchmark.byTask.tasks.PerfTask,0.07,4,1,2,0,4,2,0,2,57,1
"org.apache.lucene.benchmark.byTask.tasks.PerfTask",28,0.01,1.50,117,1.16,31088.63,41,13,4,52,49,145.08,102,155,48,1,124.47,0.00,0.00,0.06,7,362.00,5,3484.31,1,7,4,java.lang.Object,0.00,24,0,42,60,24,21,1,26,765,2
"org.apache.lucene.benchmark.byTask.tasks.PerfTaskTest",3,0.00,1.67,21,0.29,7608.82,3,0,4,11,4,112.55,2,29,0,3,112.55,0.00,0.67,0.00,2,3.00,3,865.44,0,1,4,org.apache.lucene.benchmark.BenchmarkTestCase,0.00,8,2,5,0,8,2,0,2,191,1
"org.apache.lucene.benchmark.byTask.tasks.PerfTaskTest$MyPerfTask",3,0.00,1.00,7,0.04,402.74,3,0,4,3,2,143.01,0,10,0,2,143.01,0.00,0.50,0.00,0,4.00,1,124.60,0,0,2,org.apache.lucene.benchmark.byTask.tasks.PerfTask,0.06,0,1,3,0,0,3,0,0,39,3
"org.apache.lucene.benchmark.byTask.tasks.PrintReaderTask",4,0.67,1.25,16,0.21,5269.39,5,1,3,11,5,123.92,3,29,0,2,123.92,0.00,0.50,0.50,0,4.00,2,619.62,2,0,5,org.apache.lucene.benchmark.byTask.tasks.PerfTask,0.12,7,1,5,0,7,4,0,1,136,1
"org.apache.lucene.benchmark.byTask.tasks.ReadTask",19,0.26,2.16,128,1.75,155377.44,22,3,21,51,22,131.60,68,157,5,2,110.99,11.00,0.08,0.09,11,79.00,21,5263.17,2,6,18,org.apache.lucene.benchmark.byTask.tasks.PerfTask,0.09,32,1,41,11,32,13,0,19,874,2
"org.apache.lucene.benchmark.byTask.tasks.ReadTokensTask",5,0.08,2.20,38,0.49,28331.78,8,3,9,18,8,149.62,14,56,0,2,109.74,0.00,0.50,0.40,0,1.00,7,1476.46,3,1,8,org.apache.lucene.benchmark.byTask.tasks.PerfTask,0.24,13,1,11,0,13,4,0,8,283,1
"org.apache.lucene.benchmark.byTask.tasks.ReadTokensTask$ReusableStringReader",5,0.08,1.40,26,0.24,11697.00,8,3,9,7,0,118.32,0,34,0,2,118.32,0.00,0.50,0.27,1,7.00,3,710.49,0,0,0,java.io.Reader,0.00,2,1,7,0,2,5,0,0,163,3
"org.apache.lucene.benchmark.byTask.tasks.ReopenReaderTask",2,0.00,1.50,11,0.10,2470.41,2,0,3,6,3,160.37,4,16,0,2,120.49,0.00,0.50,0.00,0,2.00,2,296.28,1,0,3,org.apache.lucene.benchmark.byTask.tasks.PerfTask,0.07,4,1,3,0,4,2,0,1,70,1
"org.apache.lucene.benchmark.byTask.tasks.RepAllTask",3,0.00,2.67,30,0.42,23104.70,3,0,4,16,4,123.48,9,38,0,3,102.87,0.00,0.67,0.00,1,4.00,6,1252.28,3,1,4,org.apache.lucene.benchmark.byTask.tasks.ReportTask,0.08,13,2,8,0,13,2,0,3,238,1
"org.apache.lucene.benchmark.byTask.tasks.RepSelectByPrefTask",3,0.00,2.67,30,0.47,24435.94,3,0,4,20,4,152.67,5,39,0,4,102.67,0.00,0.75,0.00,1,1.00,6,1407.12,3,1,4,org.apache.lucene.benchmark.byTask.tasks.RepSumByPrefTask,0.09,17,3,8,0,17,2,0,2,261,1
"org.apache.lucene.benchmark.byTask.tasks.RepSumByNameRoundTask",3,0.00,2.33,28,0.41,20349.96,3,0,5,21,4,105.27,12,38,0,3,105.04,0.00,0.67,0.00,1,3.00,5,1220.07,2,1,4,org.apache.lucene.benchmark.byTask.tasks.ReportTask,0.08,18,2,7,0,18,2,0,6,232,1
"org.apache.lucene.benchmark.byTask.tasks.RepSumByNameTask",3,0.00,2.33,27,0.38,17845.61,3,0,5,20,5,126.10,11,37,1,3,105.49,0.00,0.67,0.00,1,3.00,5,1137.46,2,1,4,org.apache.lucene.benchmark.byTask.tasks.ReportTask,0.08,17,2,7,0,17,2,0,5,220,1
"org.apache.lucene.benchmark.byTask.tasks.RepSumByPrefRoundTask",3,0.00,2.33,28,0.44,23381.65,3,0,5,22,4,144.45,8,38,0,4,104.56,0.00,0.75,0.00,1,1.00,5,1327.80,2,1,4,org.apache.lucene.benchmark.byTask.tasks.RepSumByPrefTask,0.09,19,3,7,0,19,2,0,5,248,1
"org.apache.lucene.benchmark.byTask.tasks.RepSumByPrefTask",5,0.50,1.80,32,0.46,21300.02,6,1,5,23,7,153.14,10,45,3,3,113.26,1.00,0.40,0.60,1,2.00,5,1378.26,3,2,4,org.apache.lucene.benchmark.byTask.tasks.ReportTask,0.15,18,2,9,2,18,3,0,5,272,1
"org.apache.lucene.benchmark.byTask.tasks.ReportTask",7,0.08,3.14,89,1.39,93088.61,17,10,5,34,9,55.72,50,107,4,2,98.01,6.00,0.12,0.17,3,19.00,10,4180.90,1,4,5,org.apache.lucene.benchmark.byTask.tasks.PerfTask,0.11,27,1,22,6,27,3,0,11,752,2
"org.apache.lucene.benchmark.byTask.tasks.ResetInputsTask",3,0.00,1.00,8,0.05,582.39,3,0,1,4,3,93.65,24,14,1,2,141.75,2.00,0.25,0.00,0,3.00,1,156.28,1,0,2,org.apache.lucene.benchmark.byTask.tasks.PerfTask,0.13,1,1,3,2,1,3,0,3,46,1
"org.apache.lucene.benchmark.byTask.tasks.ResetSystemEraseTask",2,0.00,1.00,6,0.04,466.02,2,0,1,3,2,90.43,23,10,0,4,134.56,0.00,0.75,0.00,0,2.00,1,125.51,1,0,2,org.apache.lucene.benchmark.byTask.tasks.ResetSystemSoftTask,0.11,1,3,2,0,1,2,0,2,36,1
"org.apache.lucene.benchmark.byTask.tasks.ResetSystemSoftTask",2,0.00,1.00,6,0.04,466.02,2,0,1,3,3,90.43,23,10,1,3,134.56,0.50,0.50,0.00,0,2.00,1,125.51,1,0,2,org.apache.lucene.benchmark.byTask.tasks.ResetInputsTask,0.09,1,2,2,1,1,2,0,2,36,1
"org.apache.lucene.benchmark.byTask.tasks.RollbackIndexTask",2,1.00,2.00,13,0.14,3642.97,3,1,4,7,3,156.02,4,20,0,2,116.14,0.00,0.50,0.00,0,2.00,3,423.26,1,0,3,org.apache.lucene.benchmark.byTask.tasks.PerfTask,0.07,5,1,4,0,5,2,0,2,93,1
"org.apache.lucene.benchmark.byTask.tasks.SearchTask",6,0.00,1.00,13,0.08,935.20,6,0,2,7,5,192.50,6,25,3,3,142.50,1.00,0.40,0.00,0,6.00,1,249.03,1,1,3,org.apache.lucene.benchmark.byTask.tasks.ReadTask,0.28,1,2,6,2,1,5,0,1,76,1
"org.apache.lucene.benchmark.byTask.tasks.SearchTravRetHighlightTask",7,0.06,2.29,54,0.88,55182.59,13,6,15,28,13,108.84,30,67,1,4,108.60,0.33,0.60,0.21,0,20.00,8,2627.48,3,2,12,org.apache.lucene.benchmark.byTask.tasks.SearchTravTask,0.19,21,3,16,1,21,5,0,5,504,1
"org.apache.lucene.benchmark.byTask.tasks.SearchTravRetHighlightTask$BenchmarkHighlighter",1,0.00,2.00,5,0.11,2960.05,1,0,15,2,5,117.43,0,8,0,1,117.43,0.00,0.00,0.00,0,0.00,2,321.99,0,0,5,java.lang.Object,0.00,1,0,2,0,1,1,0,0,63,0
"org.apache.lucene.benchmark.byTask.tasks.SearchTravRetLoadFieldSelectorTask",5,0.75,1.20,20,0.20,4363.53,6,1,10,10,6,145.96,15,28,0,4,125.34,0.00,0.75,0.40,0,7.00,2,597.97,0,1,6,org.apache.lucene.benchmark.byTask.tasks.SearchTravTask,0.13,5,3,6,0,5,4,0,3,139,1
"org.apache.lucene.benchmark.byTask.tasks.SearchTravRetTask",2,0.00,1.00,5,0.03,243.05,2,0,1,2,2,111.13,12,9,0,4,143.35,0.00,0.75,0.00,0,2.00,1,82.05,0,0,2,org.apache.lucene.benchmark.byTask.tasks.SearchTravTask,0.07,0,3,2,0,0,2,0,1,27,1
"org.apache.lucene.benchmark.byTask.tasks.SearchTravRetVectorHighlightTask",7,0.00,2.57,55,0.88,59433.52,12,5,11,23,9,108.56,28,70,0,4,108.32,0.00,0.75,0.20,0,19.00,8,2641.07,3,2,9,org.apache.lucene.benchmark.byTask.tasks.SearchTravTask,0.19,16,3,18,0,16,5,0,5,515,1
"org.apache.lucene.benchmark.byTask.tasks.SearchTravRetVectorHighlightTask$BenchmarkHighlighter",1,0.00,2.00,5,0.11,3224.40,1,0,11,1,4,117.14,0,8,0,1,117.14,0.00,0.00,0.00,0,0.00,2,321.99,0,0,4,java.lang.Object,0.00,0,0,2,0,0,1,0,0,63,0
"org.apache.lucene.benchmark.byTask.tasks.SearchTravTask",9,0.88,1.00,21,0.16,1964.74,10,1,2,11,7,191.35,14,39,4,3,141.35,2.50,0.25,0.22,0,19.00,1,468.32,2,1,3,org.apache.lucene.benchmark.byTask.tasks.ReadTask,0.38,2,2,9,5,2,8,0,2,133,1
"org.apache.lucene.benchmark.byTask.tasks.SearchWithCollectorTask",9,0.88,1.33,32,0.32,8272.68,10,1,5,18,6,129.80,4,51,0,4,129.80,0.00,0.75,0.22,0,19.00,4,969.64,4,2,6,org.apache.lucene.benchmark.byTask.tasks.SearchTask,0.52,9,3,12,0,9,7,0,2,225,1
"org.apache.lucene.benchmark.byTask.tasks.SearchWithSortTask",12,0.21,2.33,85,0.91,47568.69,15,3,4,23,6,160.95,15,111,1,3,110.95,0.00,0.67,0.14,1,44.00,9,2738.57,2,2,5,org.apache.lucene.benchmark.byTask.tasks.ReadTask,0.46,11,2,28,0,11,10,0,2,537,1
"org.apache.lucene.benchmark.byTask.tasks.SearchWithSortTaskTest",1,0.00,1.00,5,0.08,1258.74,1,0,5,10,5,120.52,0,7,0,3,120.52,0.00,0.67,0.00,0,1.00,1,233.77,0,0,5,org.apache.lucene.benchmark.BenchmarkTestCase,0.00,9,2,1,0,9,1,0,0,53,1
"org.apache.lucene.benchmark.byTask.tasks.SetPropTask",4,0.00,1.25,17,0.20,4374.79,6,2,1,10,2,76.45,32,26,0,2,124.56,0.00,0.50,0.50,0,4.00,2,586.70,3,0,2,org.apache.lucene.benchmark.byTask.tasks.PerfTask,0.12,6,1,5,0,6,4,0,4,136,1
"org.apache.lucene.benchmark.byTask.tasks.TaskSequence",26,0.10,3.85,304,3.57,245345.41,45,19,7,71,11,140.43,59,352,6,2,100.54,0.00,0.50,0.15,7,310.00,16,10706.71,10,5,5,org.apache.lucene.benchmark.byTask.tasks.PerfTask,0.22,45,1,100,0,45,21,0,29,1940,1
"org.apache.lucene.benchmark.byTask.tasks.TaskSequence$ParallelTask",2,0.00,2.50,13,0.13,2657.46,4,2,7,5,2,117.17,0,23,0,2,117.17,0.00,0.50,0.50,0,2.00,4,377.77,0,0,2,java.lang.Thread,0.00,3,1,5,0,3,2,0,0,84,1
"org.apache.lucene.benchmark.byTask.tasks.TaskSequence$RunBackgroundTask",4,0.11,1.25,15,0.12,1844.52,7,3,7,7,1,132.17,0,23,0,2,132.17,0.00,0.50,0.42,0,2.00,2,362.94,0,0,1,java.lang.Thread,0.00,3,1,5,0,3,4,0,0,94,2
"org.apache.lucene.benchmark.byTask.tasks.UpdateDocTask",7,0.17,1.29,29,0.30,6387.27,9,2,5,15,6,165.06,14,45,0,2,125.17,0.00,0.50,0.36,0,11.00,2,910.65,4,1,6,org.apache.lucene.benchmark.byTask.tasks.PerfTask,0.29,8,1,9,0,8,6,0,4,210,1
"org.apache.lucene.benchmark.byTask.tasks.WaitForMergesTask",2,0.00,1.00,6,0.04,502.02,2,0,1,4,2,184.31,3,10,0,2,134.31,0.00,0.50,0.00,0,2.00,1,133.51,1,0,2,org.apache.lucene.benchmark.byTask.tasks.PerfTask,0.07,2,1,2,0,2,2,0,1,38,1
"org.apache.lucene.benchmark.byTask.tasks.WaitTask",4,0.67,2.00,27,0.29,12278.60,5,1,1,10,2,154.24,11,37,0,2,114.35,0.00,0.50,0.50,0,4.00,5,882.02,1,0,2,org.apache.lucene.benchmark.byTask.tasks.PerfTask,0.12,6,1,8,0,6,4,0,2,185,1
"org.apache.lucene.benchmark.byTask.tasks.WarmTask",6,0.00,1.00,13,0.08,791.17,6,0,2,6,3,193.08,11,25,0,3,143.08,0.00,0.67,0.00,0,6.00,1,228.22,0,1,3,org.apache.lucene.benchmark.byTask.tasks.ReadTask,0.28,0,2,6,0,0,5,0,2,71,1
"org.apache.lucene.benchmark.byTask.tasks.WriteLineDocTask",7,0.22,3.00,88,1.33,65145.01,19,12,15,43,13,67.02,45,110,6,2,99.24,0.00,0.50,0.27,1,4.00,7,3978.72,2,1,7,org.apache.lucene.benchmark.byTask.tasks.PerfTask,0.23,36,1,21,0,36,6,0,9,699,1
"org.apache.lucene.benchmark.byTask.tasks.WriteLineDocTaskTest",13,1.00,1.85,165,2.33,86262.71,14,1,18,45,7,140.39,28,200,0,3,100.51,0.00,0.67,0.08,3,24.00,6,7003.47,1,1,7,org.apache.lucene.benchmark.BenchmarkTestCase,0.00,32,2,24,0,32,12,0,28,1291,1
"org.apache.lucene.benchmark.byTask.tasks.WriteLineDocTaskTest$EmptyDocMaker",1,0.00,1.00,3,0.03,394.65,1,0,18,2,2,132.76,0,6,0,2,132.76,0.00,0.50,0.00,0,1.00,1,77.77,0,1,2,org.apache.lucene.benchmark.byTask.feeds.DocMaker,0.18,1,1,1,0,1,0,0,0,23,3
"org.apache.lucene.benchmark.byTask.tasks.WriteLineDocTaskTest$JustDateDocMaker",1,0.00,1.00,5,0.06,1199.41,1,0,18,4,3,120.68,0,8,0,2,120.68,0.00,0.50,0.00,0,0.00,1,186.85,0,1,3,org.apache.lucene.benchmark.byTask.feeds.DocMaker,0.18,3,1,1,0,3,0,0,0,44,3
"org.apache.lucene.benchmark.byTask.tasks.WriteLineDocTaskTest$LegalJustDateDocMaker",1,0.00,1.00,5,0.06,1199.41,1,0,18,4,3,120.68,0,8,0,2,120.68,0.00,0.50,0.00,0,0.00,1,186.85,0,1,3,org.apache.lucene.benchmark.byTask.feeds.DocMaker,0.18,3,1,1,0,3,0,0,0,44,3
"org.apache.lucene.benchmark.byTask.tasks.WriteLineDocTaskTest$NewLinesDocMaker",1,0.00,1.00,7,0.12,3495.52,1,0,18,4,3,111.57,0,10,0,2,111.57,0.00,0.50,0.00,0,0.00,1,347.33,0,1,3,org.apache.lucene.benchmark.byTask.feeds.DocMaker,0.18,3,1,1,0,3,0,0,0,76,3
"org.apache.lucene.benchmark.byTask.tasks.WriteLineDocTaskTest$NoBodyDocMaker",1,0.00,1.00,6,0.09,2245.32,1,0,18,4,3,115.58,0,9,0,2,115.58,0.00,0.50,0.00,0,0.00,1,265.48,0,1,3,org.apache.lucene.benchmark.byTask.feeds.DocMaker,0.18,3,1,1,0,3,0,0,0,60,3
"org.apache.lucene.benchmark.byTask.tasks.WriteLineDocTaskTest$NoTitleDocMaker",1,0.00,1.00,6,0.09,2245.32,1,0,18,4,3,115.58,0,9,0,2,115.58,0.00,0.50,0.00,0,0.00,1,265.48,0,1,3,org.apache.lucene.benchmark.byTask.feeds.DocMaker,0.18,3,1,1,0,3,0,0,0,60,3
"org.apache.lucene.benchmark.byTask.tasks.WriteLineDocTaskTest$Thread",1,0.00,2.00,5,0.04,716.92,1,0,18,3,0,122.28,0,9,0,1,122.28,0.00,0.00,0.00,0,1.00,2,128.07,0,0,0,java.lang.Object,0.00,2,0,2,0,2,1,0,0,33,0
"org.apache.lucene.benchmark.byTask.tasks.WriteLineDocTaskTest$ThreadingDocMaker",1,0.00,1.00,8,0.15,4788.51,1,0,18,6,3,108.33,0,11,0,2,108.33,0.00,0.50,0.00,0,0.00,1,452.77,0,1,3,org.apache.lucene.benchmark.byTask.feeds.DocMaker,0.18,5,1,1,0,5,0,0,0,93,3
"org.apache.lucene.benchmark.byTask.tasks.WriteLineDocTaskTest$WriteLineDocMaker",1,0.00,1.00,7,0.12,3495.52,1,0,18,4,3,111.57,0,10,0,2,111.57,0.00,0.50,0.00,0,0.00,1,347.33,0,1,3,org.apache.lucene.benchmark.byTask.feeds.DocMaker,0.18,3,1,1,0,3,0,0,0,76,3
"org.apache.lucene.queryParser.surround.parser.CharStream",12,0.00,1.00,13,0.06,250.78,12,0,0,12,3,128.38,79,14,3,1,160.60,0.00,0.00,0.00,0,12.00,1,172.56,0,1,0,,0.00,0,0,12,0,0,11,0,13,70,1
"org.apache.lucene.queryParser.surround.parser.FastCharStream",14,0.14,1.43,56,0.55,20446.20,20,6,1,20,2,173.54,16,80,1,1,123.54,0.00,0.00,0.30,2,2.00,5,1644.78,0,1,1,java.lang.Object,0.00,6,0,20,0,6,13,1,13,372,2
"org.apache.lucene.queryParser.surround.parser.ParseException",5,0.30,3.20,92,1.07,80794.24,10,5,0,14,3,61.39,69,112,2,2,90.77,0.00,0.50,0.44,0,0.00,10,3210.28,1,2,1,java.lang.Exception,0.00,9,1,16,0,9,3,0,11,572,1
"org.apache.lucene.queryParser.surround.parser.QueryParser",46,0.05,4.02,523,6.18,373724.43,75,29,13,86,19,151.04,55,620,3,1,101.04,0.00,0.00,0.08,12,526.00,18,18527.33,0,26,16,java.lang.Object,0.00,40,0,185,0,40,20,1,50,3506,1
"org.apache.lucene.queryParser.surround.parser.QueryParser$JJCalls",0,0.00,0.00,5,0.03,253.51,4,4,13,0,1,171.00,0,6,0,1,171.00,0.00,0.00,0.00,0,0.00,0,78.87,0,0,1,java.lang.Object,0.00,0,0,0,0,0,0,0,0,22,2
"org.apache.lucene.queryParser.surround.parser.QueryParser$LookaheadSuccess",0,0.00,0.00,1,0.01,145.30,0,0,13,0,0,171.00,0,1,0,2,171.00,0.00,0.50,0.00,0,0.00,0,41.51,0,0,0,java.lang.Error,0.00,0,1,0,0,0,0,0,0,12,3
"org.apache.lucene.queryParser.surround.parser.QueryParserConstants",0,0.00,0.00,27,0.39,4761.14,26,26,0,0,2,171.00,30,53,2,1,171.00,0.00,0.00,0.00,0,0.00,0,1182.50,0,0,0,,0.00,0,0,0,0,0,0,0,27,186,1
"org.apache.lucene.queryParser.surround.parser.QueryParserTokenManager",21,0.07,10.24,386,6.13,1092753.23,40,19,13,31,14,86.50,12,668,1,1,86.50,0.00,0.00,0.12,11,162.00,155,18386.30,0,2,13,java.lang.Object,0.00,10,0,215,0,10,19,1,12,2909,1
"org.apache.lucene.queryParser.surround.parser.SuppressWarnings",6,0.20,1.50,48,0.66,33774.42,11,5,0,14,0,59.58,51,72,0,2,107.69,0.00,0.50,0.03,1,10.00,3,1967.96,1,3,0,java.lang.Error,0.00,8,1,9,0,8,3,0,14,375,1
"org.apache.lucene.queryParser.surround.parser.Token",7,0.12,1.00,24,0.16,1989.42,15,8,0,8,5,83.88,67,38,5,1,133.88,0.00,0.00,0.02,1,12.00,1,468.86,0,4,0,java.lang.Object,0.00,1,0,7,0,1,3,0,15,131,1
"org.apache.lucene.analysis.icu.segmentation.BreakIteratorWrapper",6,0.25,1.17,19,0.18,4264.26,10,4,6,10,5,112.84,33,26,4,1,130.71,0.00,0.00,0.04,1,10.00,2,551.06,0,1,1,java.lang.Object,0.00,4,0,7,2,4,5,0,4,140,1
"org.apache.lucene.analysis.icu.segmentation.BreakIteratorWrapper$BIWrapper",6,0.00,1.67,30,0.31,11397.01,8,2,6,12,1,118.99,2,43,0,2,118.99,0.00,0.50,0.50,0,6.00,5,935.08,0,0,1,org.apache.lucene.analysis.icu.segmentation.BreakIteratorWrapper,0.50,6,1,10,0,6,6,0,2,211,2
"org.apache.lucene.analysis.icu.segmentation.BreakIteratorWrapper$RBBIWrapper",5,0.25,1.00,12,0.09,1065.75,6,1,6,9,1,141.43,0,22,0,2,141.43,0.00,0.50,0.80,0,0.00,1,261.29,0,0,1,org.apache.lucene.analysis.icu.segmentation.BreakIteratorWrapper,0.55,4,1,5,0,4,5,0,0,78,2
"org.apache.lucene.analysis.icu.segmentation.CharArrayIterator",14,0.15,1.36,53,0.39,7709.50,19,5,1,17,5,131.55,11,72,5,1,131.55,0.00,0.00,0.34,1,2.00,2,1169.04,0,1,0,java.lang.Object,0.00,3,0,19,0,3,13,1,2,297,1
"org.apache.lucene.analysis.icu.segmentation.CompositeBreakIterator",7,0.13,1.71,34,0.44,15603.79,12,5,2,19,4,89.83,46,49,1,1,122.05,0.00,0.00,0.31,0,1.00,3,1313.23,0,0,3,java.lang.Object,0.00,12,0,12,0,12,7,0,6,299,1
"org.apache.lucene.analysis.icu.segmentation.DefaultICUTokenizerConfig",3,0.38,2.00,35,0.64,21455.36,15,12,7,11,5,51.64,28,58,2,2,101.64,0.00,0.50,0.33,0,5.00,3,1933.99,0,3,3,org.apache.lucene.analysis.icu.segmentation.ICUTokenizerConfig,0.80,8,1,6,0,8,0,0,9,375,1
"org.apache.lucene.analysis.icu.segmentation.ICUTokenizer",10,0.15,2.30,72,0.98,39390.06,21,11,9,27,11,68.68,72,101,3,4,110.97,0.00,0.75,0.23,3,0.00,4,2952.66,2,0,8,org.apache.lucene.analysis.Tokenizer,0.44,17,3,23,0,17,10,0,22,601,2
"org.apache.lucene.analysis.icu.segmentation.ICUTokenizerConfig",2,0.00,1.00,3,0.02,147.30,2,0,1,2,3,156.53,8,4,3,1,156.30,0.00,0.00,0.00,0,2.00,1,67.31,0,2,0,java.lang.Object,0.00,0,0,2,1,0,0,0,3,23,2
"org.apache.lucene.analysis.icu.segmentation.LaoBreakIterator",14,0.09,2.00,98,1.31,62102.40,21,7,5,33,4,150.48,41,136,3,2,110.60,0.00,0.50,0.22,4,38.00,4,3942.69,1,2,1,com.ibm.icu.text.BreakIterator,0.00,19,1,28,0,19,12,0,6,834,1
"org.apache.lucene.analysis.icu.segmentation.ScriptIterator",7,0.08,1.71,48,0.49,18169.89,15,8,4,11,1,66.86,57,63,1,1,114.96,0.00,0.00,0.20,2,20.00,5,1484.93,0,0,0,java.lang.Object,0.00,4,0,12,0,4,7,0,11,322,1
"org.apache.lucene.analysis.icu.segmentation.TestCharArrayIterator",7,0.00,1.14,61,0.78,17035.89,7,0,2,24,1,160.62,9,69,0,2,110.62,0.00,0.50,0.00,0,7.00,2,2336.73,0,0,1,org.apache.lucene.util.LuceneTestCase,0.00,17,1,8,0,17,7,0,9,497,1
"org.apache.lucene.analysis.icu.segmentation.TestICUTokenizer",29,0.00,1.03,101,1.65,27195.10,29,0,10,38,7,129.79,20,157,0,3,129.79,0.00,0.67,0.00,0,29.00,2,4944.95,4,0,7,org.apache.lucene.analysis.BaseTokenStreamTestCase,0.00,9,2,30,0,9,29,0,14,1059,1
"org.apache.lucene.analysis.icu.segmentation.TestICUTokenizer$ReusableAnalyzerBase",1,0.00,1.00,5,0.05,910.74,1,0,10,4,4,121.62,0,8,0,1,121.62,0.00,0.00,0.00,0,1.00,1,161.73,0,0,4,java.lang.Object,0.00,3,0,1,0,3,1,0,0,39,0
"org.apache.lucene.analysis.icu.segmentation.TestLaoBreakIterator",6,0.40,1.50,44,0.55,24428.42,7,1,6,22,2,110.96,3,49,0,2,110.96,0.00,0.50,0.67,1,0.00,3,1656.66,1,0,2,org.apache.lucene.util.LuceneTestCase,0.00,16,1,9,0,16,6,0,1,342,1
"org.apache.lucene.analysis.icu.tokenattributes.ScriptAttribute",4,0.00,1.00,5,0.02,112.74,4,0,2,4,3,141.71,23,6,2,2,159.58,0.00,0.50,0.00,0,4.00,1,69.99,0,2,1,,0.00,0,1,4,0,0,2,0,6,28,1
"org.apache.lucene.analysis.icu.tokenattributes.ScriptAttributeImpl",9,0.25,1.22,25,0.22,3391.27,10,1,4,13,4,139.44,5,42,1,2,139.44,0.00,0.50,0.78,0,0.00,3,656.51,0,2,3,org.apache.lucene.util.AttributeImpl,0.12,4,1,11,0,4,7,3,1,171,1
"org.apache.lucene.search.vectorhighlight.AbstractTestCase",25,0.01,1.32,108,1.27,27628.08,39,14,27,50,27,164.40,59,154,8,2,124.51,8.00,0.10,0.06,7,257.00,3,3818.33,2,12,19,org.apache.lucene.util.LuceneTestCase,0.00,25,1,33,8,25,13,0,59,822,2
"org.apache.lucene.search.vectorhighlight.AbstractTestCase$BasicNGramTokenizer",13,0.16,1.85,86,0.93,28960.27,30,17,27,26,3,115.47,0,117,0,4,115.47,0.00,0.75,0.21,3,69.00,8,2777.02,2,0,3,org.apache.lucene.analysis.Tokenizer,0.40,13,3,24,0,13,13,0,0,578,2
"org.apache.lucene.search.vectorhighlight.AbstractTestCase$BigramAnalyzer",1,0.00,1.00,3,0.03,356.80,1,0,27,2,2,133.10,0,6,0,2,133.10,0.00,0.50,0.00,0,1.00,1,89.98,0,1,2,org.apache.lucene.analysis.Analyzer,0.00,1,1,1,0,1,0,0,0,25,2
"org.apache.lucene.search.vectorhighlight.BaseFragmentsBuilder",24,0.05,1.79,120,2.21,97464.77,31,7,12,54,12,116.38,4,182,2,1,116.38,0.00,0.00,0.10,9,184.00,5,6635.99,0,18,10,java.lang.Object,0.00,30,0,43,2,30,6,1,4,1319,2
"org.apache.lucene.search.vectorhighlight.BoundaryScanner",2,0.00,1.00,3,0.02,109.20,2,0,0,2,17,146.96,31,4,17,1,157.32,0.00,0.00,0.00,0,2.00,1,62.00,0,0,0,,0.00,0,0,2,0,0,2,0,4,22,1
"org.apache.lucene.search.vectorhighlight.BreakIteratorBoundaryScanner",3,0.50,1.67,13,0.16,3922.68,4,1,1,9,3,163.77,7,17,2,1,123.88,0.00,0.00,0.67,0,1.00,2,471.78,0,0,1,java.lang.Object,0.00,6,0,5,0,6,3,1,3,111,1
"org.apache.lucene.search.vectorhighlight.BreakIteratorBoundaryScannerTest",6,0.40,1.00,44,0.60,14232.77,7,1,3,16,2,112.90,0,54,0,2,112.90,0.00,0.50,0.67,2,0.00,1,1801.94,0,0,2,org.apache.lucene.util.LuceneTestCase,0.00,10,1,6,0,10,6,0,0,377,1
"org.apache.lucene.search.vectorhighlight.FastVectorHighlighter",14,0.00,1.07,47,0.68,14712.71,21,7,4,23,16,87.10,111,71,5,1,129.39,0.00,0.00,0.14,1,94.00,2,2045.32,0,6,11,java.lang.Object,0.00,9,0,15,0,9,8,0,17,456,1
"org.apache.lucene.search.vectorhighlight.FieldFragList",3,0.50,1.00,8,0.08,1521.14,4,1,4,6,10,96.18,21,11,10,1,138.47,0.00,0.00,0.67,0,1.00,1,253.81,0,1,0,java.lang.Object,0.00,3,0,3,0,3,2,0,4,66,1
"org.apache.lucene.search.vectorhighlight.FieldFragList$WeightedFragInfo",6,0.15,1.33,31,0.31,8412.17,10,4,4,13,0,120.08,0,39,0,1,120.08,0.00,0.00,0.38,0,6.00,2,918.02,0,2,0,java.lang.Object,0.00,7,0,8,0,7,4,0,0,206,2
"org.apache.lucene.search.vectorhighlight.FieldFragList$WeightedFragInfo$SubInfo",4,0.11,1.25,20,0.17,3926.00,7,3,4,8,0,121.32,3,25,0,1,121.32,0.00,0.00,0.25,0,10.00,2,505.28,0,2,0,java.lang.Object,0.00,4,0,5,0,4,2,0,3,123,2
"org.apache.lucene.search.vectorhighlight.FieldPhraseList",3,1.00,4.67,40,0.55,39821.83,4,1,5,20,12,64.40,19,54,10,1,96.63,0.00,0.00,0.33,1,4.00,10,1644.98,0,0,2,java.lang.Object,0.00,17,0,14,0,17,3,0,5,305,1
"org.apache.lucene.search.vectorhighlight.FieldPhraseList$WeightedPhraseInfo",6,0.00,2.33,55,0.71,36564.65,10,4,5,24,0,105.40,4,65,0,1,105.40,0.00,0.00,0.25,2,6.00,5,2118.45,0,1,0,java.lang.Object,0.00,18,0,14,0,18,5,0,4,429,2
"org.apache.lucene.search.vectorhighlight.FieldPhraseList$WeightedPhraseInfo$Toffs",5,0.12,1.00,16,0.13,2424.75,7,2,5,9,0,132.05,0,23,0,1,132.05,0.00,0.00,0.40,0,6.00,1,392.38,0,1,0,java.lang.Object,0.00,4,0,5,0,4,4,0,0,106,2
"org.apache.lucene.search.vectorhighlight.FieldPhraseListTest",13,0.00,1.00,119,2.03,46042.53,13,0,2,24,5,147.34,38,133,0,3,107.46,0.00,0.67,0.00,0,0.00,1,6093.97,7,0,5,org.apache.lucene.search.vectorhighlight.AbstractTestCase,0.00,11,2,13,0,11,13,0,11,1189,1
"org.apache.lucene.search.vectorhighlight.FieldQuery",15,0.07,4.27,157,2.36,127469.11,20,5,24,60,32,84.55,85,191,18,1,102.42,0.00,0.00,0.13,7,87.00,13,7090.85,0,4,14,java.lang.Object,0.00,45,0,64,0,45,11,0,19,1348,1
"org.apache.lucene.search.vectorhighlight.FieldQuery$QueryPhraseMap",13,0.03,1.85,68,0.76,26629.22,19,6,24,34,6,118.71,7,84,0,1,118.71,0.00,0.00,0.14,3,99.00,5,2274.65,0,3,6,java.lang.Object,0.00,21,0,24,0,21,10,0,7,483,2
"org.apache.lucene.search.vectorhighlight.FieldQueryTest",28,0.00,1.00,597,9.98,880045.88,28,0,17,72,10,106.88,95,641,0,3,86.26,0.00,0.67,0.00,1,48.00,1,29927.65,6,0,10,org.apache.lucene.search.vectorhighlight.AbstractTestCase,0.00,44,2,28,0,44,28,0,76,5542,1
"org.apache.lucene.search.vectorhighlight.FieldTermStack",6,0.10,2.33,51,0.77,34733.97,8,2,22,32,25,89.62,34,58,10,1,107.49,0.00,0.00,0.42,0,2.00,9,2315.71,0,1,15,java.lang.Object,0.00,26,0,14,0,26,5,0,13,421,1
"org.apache.lucene.search.vectorhighlight.FieldTermStack$TermInfo",7,0.04,1.00,24,0.22,4349.67,11,4,22,11,0,131.21,0,25,0,1,131.21,0.00,0.00,0.29,0,16.00,1,656.32,0,2,0,java.lang.Object,0.00,4,0,7,0,4,5,1,0,169,2
"org.apache.lucene.search.vectorhighlight.FieldTermStackTest",12,0.00,1.00,103,1.63,35330.16,12,0,4,22,6,160.00,13,116,0,3,110.00,0.00,0.67,0.00,2,0.00,1,4888.62,7,0,6,org.apache.lucene.search.vectorhighlight.AbstractTestCase,0.00,10,2,12,0,10,12,0,13,969,1
"org.apache.lucene.search.vectorhighlight.FragListBuilder",1,0.00,1.00,2,0.01,54.79,1,0,0,1,12,193.91,27,3,10,1,146.08,0.00,0.00,0.00,0,1.00,1,36.53,0,1,2,,0.00,0,0,1,0,0,0,0,3,13,1
"org.apache.lucene.search.vectorhighlight.FragmentsBuilder",4,0.00,1.00,5,0.12,1002.81,4,0,3,4,12,122.73,55,12,9,1,152.11,0.00,0.00,0.00,0,4.00,1,347.18,0,4,3,,0.00,0,0,4,0,0,0,0,5,86,1
"org.apache.lucene.search.vectorhighlight.IndexTimeSynonymTest",23,0.00,1.00,171,2.97,63396.60,23,0,12,44,11,112.38,16,207,0,3,112.38,0.00,0.67,0.00,5,0.00,1,8921.27,3,2,11,org.apache.lucene.search.vectorhighlight.AbstractTestCase,0.00,21,2,23,0,21,21,0,16,1739,1
"org.apache.lucene.search.vectorhighlight.IndexTimeSynonymTest$TokenArrayAnalyzer",2,1.00,1.00,7,0.06,761.98,3,1,12,3,4,132.88,0,11,0,2,132.88,0.00,0.50,0.00,0,2.00,1,171.16,0,1,4,org.apache.lucene.analysis.Analyzer,0.00,1,1,2,0,1,1,0,0,46,3
"org.apache.lucene.search.vectorhighlight.IndexTimeSynonymTest$TokenArrayAnalyzer$Tokenizer",1,0.00,2.00,8,0.09,1704.04,3,2,12,2,2,111.71,0,10,0,1,111.71,0.00,0.00,1.00,0,0.00,2,275.17,0,0,2,java.lang.Object,0.00,1,0,2,0,1,1,0,0,62,0
"org.apache.lucene.search.vectorhighlight.ScoreOrderFragmentsBuilder",5,0.00,1.00,13,0.11,1749.50,5,0,4,7,5,160.35,15,20,3,2,139.74,0.00,0.50,0.00,0,5.00,1,338.42,0,1,2,org.apache.lucene.search.vectorhighlight.BaseFragmentsBuilder,0.00,2,1,5,0,2,4,0,4,94,1
"org.apache.lucene.search.vectorhighlight.ScoreOrderFragmentsBuilder$ScoreComparator",1,0.00,5.00,5,0.11,4822.85,1,0,4,1,0,165.55,1,11,0,1,115.55,0.00,0.00,0.00,0,1.00,5,318.47,0,0,0,java.lang.Object,0.00,0,0,5,0,0,1,1,1,76,2
"org.apache.lucene.search.vectorhighlight.ScoreOrderFragmentsBuilderTest",2,0.00,1.00,16,0.22,4464.11,2,0,1,11,8,110.94,1,19,0,3,110.94,0.00,0.67,0.00,0,0.00,1,658.35,1,1,8,org.apache.lucene.search.vectorhighlight.AbstractTestCase,0.00,9,2,2,0,9,1,0,1,134,1
"org.apache.lucene.search.vectorhighlight.SimpleBoundaryScanner",7,0.04,2.00,40,0.43,17684.85,11,4,3,13,4,167.97,8,45,3,1,117.97,0.00,0.00,0.29,0,20.00,5,1293.69,0,0,1,java.lang.Object,0.00,6,0,14,0,6,7,1,8,286,1
"org.apache.lucene.search.vectorhighlight.SimpleBoundaryScannerTest",2,0.00,1.00,25,0.33,11338.70,3,1,1,9,2,151.19,2,29,0,2,101.19,0.00,0.50,1.00,0,0.00,1,999.88,0,0,2,org.apache.lucene.util.LuceneTestCase,0.00,7,1,2,0,7,2,0,2,207,1
"org.apache.lucene.search.vectorhighlight.SimpleFragListBuilder",3,0.12,5.33,41,0.59,47103.29,7,4,4,15,8,146.02,4,58,5,1,96.02,0.00,0.00,0.33,0,6.00,13,1770.75,0,1,3,java.lang.Object,0.00,12,0,16,0,12,2,1,2,323,1
"org.apache.lucene.search.vectorhighlight.SimpleFragListBuilderTest",14,0.00,1.14,108,1.91,47024.30,14,0,1,27,7,111.68,1,126,0,3,111.68,0.00,0.67,0.00,1,38.00,2,5723.69,6,1,7,org.apache.lucene.search.vectorhighlight.AbstractTestCase,0.00,13,2,16,0,13,13,0,1,1147,1
"org.apache.lucene.search.vectorhighlight.SimpleFragmentsBuilder",5,0.00,1.00,11,0.08,1101.25,5,0,2,5,4,161.94,16,18,2,2,141.32,0.00,0.50,0.00,0,5.00,1,248.27,0,1,2,org.apache.lucene.search.vectorhighlight.BaseFragmentsBuilder,0.00,0,1,5,0,0,4,0,4,75,1
"org.apache.lucene.search.vectorhighlight.SimpleFragmentsBuilderTest",12,0.00,1.08,100,1.48,29017.39,12,0,11,36,14,110.65,4,115,0,3,110.65,0.00,0.67,0.00,1,0.00,2,4435.44,7,1,14,org.apache.lucene.search.vectorhighlight.AbstractTestCase,0.00,24,2,13,0,24,11,0,4,871,1
"org.apache.lucene.search.vectorhighlight.SingleFragListBuilder",1,0.00,5.00,13,0.19,7359.31,1,0,5,9,5,48.63,9,18,2,1,98.63,0.00,0.00,0.00,0,1.00,5,558.35,0,1,3,java.lang.Object,0.00,8,0,5,0,8,0,1,1,108,1
"org.apache.lucene.search.vectorhighlight.SingleFragListBuilderTest",4,0.00,1.00,21,0.33,5615.43,4,0,1,15,7,120.38,16,26,0,3,120.14,0.00,0.67,0.00,1,6.00,1,979.44,1,1,7,org.apache.lucene.search.vectorhighlight.AbstractTestCase,0.00,11,2,4,0,11,3,0,1,206,1
"org.apache.solr.update.processor.BufferingRequestProcessor",6,0.10,1.00,16,0.21,4102.69,10,4,7,8,9,137.45,1,30,4,2,137.45,0.00,0.50,0.17,0,22.00,1,637.32,0,0,5,org.apache.solr.update.processor.UpdateRequestProcessor,0.15,2,1,6,0,2,6,0,1,158,1
"org.apache.solr.update.processor.CustomUpdateRequestProcessorFactory",2,1.00,1.00,6,0.06,689.28,3,1,5,2,6,173.11,4,13,1,2,133.22,0.00,0.50,0.00,0,2.00,1,170.60,0,1,5,org.apache.solr.update.processor.UpdateRequestProcessorFactory,0.00,0,1,2,0,0,1,0,2,46,1
"org.apache.solr.update.processor.DetectedLanguage",3,0.25,1.00,10,0.06,553.64,5,2,0,3,4,85.36,27,14,4,1,135.36,0.00,0.00,0.33,0,5.00,1,171.47,0,2,0,java.lang.Object,0.00,0,0,3,0,0,1,0,4,51,1
"org.apache.solr.update.processor.LangDetectLanguageIdentifierUpdateProcessor",2,0.00,2.50,18,0.25,9664.82,2,0,9,12,7,126.80,7,26,2,3,106.18,0.00,0.67,0.00,0,2.00,4,737.48,0,1,5,org.apache.solr.update.processor.LanguageIdentifierUpdateProcessor,0.00,10,2,5,0,10,1,0,2,141,1
"org.apache.solr.update.processor.LangDetectLanguageIdentifierUpdateProcessorFactory",4,0.20,3.00,42,0.68,26315.62,9,5,17,20,11,71.16,25,65,0,2,103.38,0.00,0.50,0.35,1,6.00,6,2039.38,0,0,11,org.apache.solr.update.processor.UpdateRequestProcessorFactory,0.00,16,1,12,0,16,4,2,5,370,1
"org.apache.solr.update.processor.LangDetectLanguageIdentifierUpdateProcessorFactoryTest",3,0.00,1.00,25,0.41,10618.13,3,0,3,9,5,159.37,4,32,0,4,109.37,0.00,0.75,0.00,0,5.00,1,1241.89,1,2,5,org.apache.solr.update.processor.LanguageIdentifierUpdateProcessorFactoryTestCase,0.11,6,3,3,0,6,1,0,2,223,1
"org.apache.solr.update.processor.LangIdParams",0,0.00,0.00,27,0.39,6399.79,26,26,0,0,3,171.00,36,28,3,1,171.00,0.00,0.00,0.00,0,0.00,0,1175.47,0,0,0,,0.00,0,0,0,0,0,0,0,21,199,1
"org.apache.solr.update.processor.LanguageIdentifierUpdateProcessor",12,0.13,3.92,196,3.13,193915.49,37,25,18,61,16,74.76,63,242,5,2,92.63,2.00,0.25,0.16,9,14.00,13,9392.45,1,7,11,org.apache.solr.update.processor.UpdateRequestProcessor,0.00,49,1,47,2,49,5,1,18,1571,2
"org.apache.solr.update.processor.LanguageIdentifierUpdateProcessorFactoryTestCase",13,0.02,1.15,133,1.92,53617.16,18,5,12,33,12,105.19,8,154,2,3,105.19,1.00,0.40,0.22,2,17.00,2,5751.05,5,4,10,org.apache.solr.SolrTestCaseJ4,0.04,20,2,15,2,20,9,0,8,1068,2
"org.apache.solr.update.processor.LogUpdateProcessor",7,0.35,4.00,66,0.92,29586.99,16,9,15,27,12,146.42,15,82,1,2,106.53,0.00,0.50,0.41,0,0.00,8,2763.33,0,0,12,org.apache.solr.update.processor.UpdateRequestProcessor,0.14,20,1,28,0,20,7,0,13,544,0
"org.apache.solr.update.processor.LogUpdateProcessorFactory",2,1.00,2.00,14,0.17,4895.23,3,1,15,7,15,94.76,11,21,3,2,112.63,0.00,0.50,0.50,0,2.00,2,521.56,0,0,13,org.apache.solr.update.processor.UpdateRequestProcessorFactory,0.00,5,1,4,0,5,2,0,3,111,1
"org.apache.solr.update.processor.Lookup3Signature",3,0.50,1.00,7,0.15,3993.73,4,1,1,5,2,135.17,0,13,0,2,135.17,0.00,0.50,0.67,0,1.00,1,454.49,0,0,2,org.apache.solr.update.processor.Signature,0.33,2,1,3,0,2,3,0,0,110,1
"org.apache.solr.update.processor.MD5Signature",3,0.33,1.33,15,0.17,3738.84,6,3,5,12,2,120.48,1,24,1,2,120.48,1.00,0.33,0.56,0,0.00,2,496.30,0,0,1,org.apache.solr.update.processor.Signature,0.33,9,1,4,1,9,3,0,1,114,1
"org.apache.solr.update.processor.MD5Signature$ThreadLocal<MessageDigest>",1,0.00,2.00,5,0.05,948.63,1,0,5,3,0,121.32,0,9,0,1,121.32,0.00,0.00,0.00,0,0.00,2,138.59,0,1,0,java.lang.Object,0.00,2,0,2,0,2,0,0,0,35,0
"org.apache.solr.update.processor.RunUpdateProcessor",6,0.00,1.17,26,0.28,4629.60,8,2,10,17,11,125.77,3,43,1,2,125.77,0.00,0.50,0.50,0,0.00,2,832.79,5,0,10,org.apache.solr.update.processor.UpdateRequestProcessor,0.00,11,1,7,0,11,6,0,1,200,0
"org.apache.solr.update.processor.RunUpdateProcessorFactory",1,0.00,1.00,3,0.03,455.69,1,0,10,2,13,114.39,5,8,1,2,132.27,0.00,0.50,0.00,0,1.00,1,99.51,0,1,12,org.apache.solr.update.processor.UpdateRequestProcessorFactory,0.00,1,1,1,0,1,0,0,1,27,1
"org.apache.solr.update.processor.Signature",3,0.00,1.00,4,0.02,149.83,3,0,1,3,4,157.62,0,6,3,1,157.62,0.00,0.00,0.00,0,3.00,1,74.91,0,0,1,java.lang.Object,0.00,0,0,3,3,0,3,0,0,27,2
"org.apache.solr.update.processor.SignatureUpdateProcessorFactory",8,0.04,1.38,37,0.40,10844.02,15,7,14,16,13,123.80,1,53,2,2,123.80,0.00,0.50,0.18,0,28.00,4,1196.20,0,4,11,org.apache.solr.update.processor.UpdateRequestProcessorFactory,0.00,8,1,11,0,8,4,0,1,251,1
"org.apache.solr.update.processor.SignatureUpdateProcessorFactory$SignatureUpdateProcessor",2,1.00,6.50,43,0.68,50555.75,3,1,14,18,9,86.58,0,54,0,2,86.58,0.00,0.50,0.50,0,2.00,12,2046.46,0,0,9,org.apache.solr.update.processor.UpdateRequestProcessor,0.00,16,1,13,0,16,2,0,0,331,0
"org.apache.solr.update.processor.SignatureUpdateProcessorFactoryTest",6,0.00,2.00,93,1.14,47162.98,6,0,17,34,13,96.29,3,100,0,3,96.29,0.00,0.67,0.00,2,10.00,7,3421.79,7,0,13,org.apache.solr.SolrTestCaseJ4,0.05,28,2,12,0,28,6,0,1,627,1
"org.apache.solr.update.processor.SignatureUpdateProcessorFactoryTest$SolrQueryRequestBase",0,0.00,0.00,1,0.01,69.74,0,0,17,0,0,171.00,0,2,0,1,171.00,0.00,0.00,0.00,0,0.00,0,34.87,0,0,0,java.lang.Object,0.00,0,0,0,0,0,0,0,0,11,0
"org.apache.solr.update.processor.SignatureUpdateProcessorFactoryTest$Thread",1,0.00,3.00,9,0.09,2429.11,1,0,17,5,0,148.38,2,12,0,1,108.49,0.00,0.00,0.00,0,1.00,3,260.22,0,0,0,java.lang.Object,0.00,4,0,3,0,4,1,0,2,54,0
"org.apache.solr.update.processor.SignatureUpdateProcessorFactoryTest$Thread_0",1,0.00,3.00,10,0.10,2773.29,1,0,17,6,0,126.95,3,13,0,1,106.33,0.00,0.00,0.00,0,1.00,3,287.81,0,0,0,java.lang.Object,0.00,5,0,3,0,5,1,0,3,59,0
"org.apache.solr.update.processor.TextProfileSignature",3,0.25,6.00,59,0.92,81645.88,5,2,6,27,2,37.97,28,80,0,3,87.96,0.00,0.67,0.67,0,1.00,16,2763.95,2,0,2,org.apache.solr.update.processor.MD5Signature,0.33,24,2,18,0,24,3,0,7,474,1
"org.apache.solr.update.processor.TextProfileSignature$Token",2,0.00,1.00,8,0.06,776.67,4,2,6,2,0,128.15,0,12,0,1,128.15,0.00,0.00,0.50,0,2.00,1,179.10,0,1,0,java.lang.Object,0.00,0,0,2,0,0,1,0,0,50,2
"org.apache.solr.update.processor.TextProfileSignature$TokenComparator",1,0.00,1.00,3,0.03,504.81,1,0,6,1,0,131.92,0,5,0,1,131.92,0.00,0.00,0.00,0,1.00,1,99.83,0,0,0,java.lang.Object,0.00,0,0,1,0,0,1,1,0,28,2
"org.apache.solr.update.processor.TikaLanguageIdentifierUpdateProcessor",2,0.00,2.00,16,0.29,14184.64,2,0,5,15,7,88.96,10,22,2,3,106.83,0.00,0.67,0.00,0,2.00,3,878.55,0,1,5,org.apache.solr.update.processor.LanguageIdentifierUpdateProcessor,0.00,13,2,4,0,13,1,0,3,162,1
"org.apache.solr.update.processor.TikaLanguageIdentifierUpdateProcessorFactory",3,0.50,2.67,23,0.28,11582.21,6,3,7,7,11,68.72,23,37,0,2,111.01,0.00,0.50,0.67,0,1.00,5,844.63,0,0,11,org.apache.solr.update.processor.UpdateRequestProcessorFactory,0.00,4,1,8,0,4,3,2,3,182,1
"org.apache.solr.update.processor.TikaLanguageIdentifierUpdateProcessorFactoryTest",1,0.00,1.00,3,0.04,720.56,1,0,1,3,4,130.70,0,6,0,4,130.70,0.00,0.75,0.00,0,0.00,1,127.88,0,1,4,org.apache.solr.update.processor.LanguageIdentifierUpdateProcessorFactoryTestCase,0.00,2,3,1,0,2,0,0,0,32,1
"org.apache.solr.update.processor.URLClassifyProcessor",13,0.03,2.15,97,1.42,40287.95,35,22,12,41,8,151.69,38,144,2,2,111.81,0.00,0.50,0.07,6,46.00,9,4269.26,1,4,6,org.apache.solr.update.processor.UpdateRequestProcessor,0.00,28,1,28,0,28,9,0,9,810,1
"org.apache.solr.update.processor.URLClassifyProcessorFactory",2,1.00,1.50,7,0.08,1228.67,3,1,4,4,8,181.15,3,15,1,2,131.15,0.00,0.50,0.50,0,2.00,2,234.80,0,1,7,org.apache.solr.update.processor.UpdateRequestProcessorFactory,0.00,2,1,3,0,2,1,0,1,59,1
"org.apache.solr.update.processor.URLClassifyProcessorTest",8,0.00,1.00,46,0.76,20932.49,9,1,10,24,5,118.01,0,64,0,3,118.01,0.00,0.67,1.00,0,0.00,1,2270.73,0,0,5,org.apache.solr.SolrTestCaseJ4,0.00,16,2,8,0,16,8,0,0,499,1
"org.apache.solr.update.processor.UniqFieldsUpdateProcessorFactory",2,0.00,2.00,14,0.18,4805.64,3,1,11,7,8,64.59,16,21,1,2,112.69,0.00,0.50,1.00,0,0.00,3,530.27,0,0,7,org.apache.solr.update.processor.UpdateRequestProcessorFactory,0.00,5,1,4,0,5,2,0,1,113,1
"org.apache.solr.update.processor.UniqFieldsUpdateProcessorFactory$UniqFieldsUpdateProcessor",2,1.00,4.00,22,0.26,10603.64,3,1,11,10,3,102.51,0,30,0,2,102.51,0.00,0.50,0.50,0,2.00,7,770.56,1,0,3,org.apache.solr.update.processor.UpdateRequestProcessor,0.00,8,1,8,0,8,2,0,0,152,1
"org.apache.solr.update.processor.UniqFieldsUpdateProcessorFactoryTest",4,0.00,1.00,37,0.60,16361.96,4,0,17,20,13,106.96,3,72,0,3,106.96,0.00,0.67,0.00,1,6.00,1,1812.00,8,0,13,org.apache.solr.SolrTestCaseJ4,0.05,16,2,4,0,16,4,0,1,333,1
"org.apache.solr.update.processor.UniqFieldsUpdateProcessorFactoryTest$SolrQueryRequestBase",0,0.00,0.00,1,0.01,69.74,0,0,17,0,0,171.00,0,2,0,1,171.00,0.00,0.00,0.00,0,0.00,0,34.87,0,0,0,java.lang.Object,0.00,0,0,0,0,0,0,0,0,11,0
"org.apache.solr.update.processor.UpdateRequestProcessor",7,0.08,1.86,17,0.20,3373.59,9,2,8,14,52,178.39,15,27,47,1,138.50,0.00,0.00,0.43,0,0.00,2,589.73,0,0,5,java.lang.Object,0.00,7,0,13,12,7,7,0,2,153,2
"org.apache.solr.update.processor.UpdateRequestProcessorChain",5,0.12,1.60,25,0.26,8122.91,7,2,6,12,18,140.15,19,32,12,1,119.53,0.00,0.00,0.40,0,2.00,3,793.13,0,0,7,java.lang.Object,0.00,7,0,8,0,7,5,1,1,177,2
"org.apache.solr.update.processor.UpdateRequestProcessorFactory",2,0.00,1.00,3,0.03,173.49,2,0,6,2,16,155.97,9,8,10,1,155.74,0.00,0.00,0.00,0,2.00,1,80.82,0,1,7,java.lang.Object,0.00,0,0,2,10,0,1,1,2,26,2
"org.apache.solr.update.processor.UpdateRequestProcessorFactoryTest",3,0.00,1.00,16,0.21,4189.53,3,0,3,8,5,160.05,6,17,0,3,120.16,0.00,0.67,0.00,0,4.00,1,619.96,0,2,5,org.apache.solr.util.AbstractSolrTestCase,0.17,5,2,3,0,5,1,0,4,130,1
"org.apache.lucene.benchmark.byTask.Benchmark",6,0.07,2.17,47,0.57,26485.53,9,3,5,28,8,78.37,38,65,5,1,110.60,0.00,0.00,0.39,1,2.00,5,1719.06,0,2,3,java.lang.Object,0.00,22,0,13,0,22,4,0,11,340,1
"org.apache.lucene.benchmark.byTask.PerfRunData",30,0.03,1.63,148,1.57,43589.69,47,17,26,71,87,123.76,122,201,71,1,123.53,0.00,0.00,0.09,4,578.00,4,4696.06,0,16,20,java.lang.Object,0.00,41,0,49,0,41,14,1,45,981,1
"org.apache.lucene.benchmark.byTask.TestPerfTasksLogic",33,0.00,1.45,306,6.10,169502.87,33,0,36,106,29,106.33,163,770,0,3,106.10,0.00,0.67,0.00,7,33.00,6,18304.19,4,5,29,org.apache.lucene.benchmark.BenchmarkTestCase,0.00,73,2,48,0,73,28,0,124,3220,1
"org.apache.lucene.benchmark.byTask.TestPerfTasksLogic$MyMergePolicy",1,0.00,1.00,4,0.02,179.59,2,1,36,1,1,130.79,0,6,0,4,130.79,0.00,0.75,1.00,0,0.00,1,63.86,0,0,1,org.apache.lucene.index.LogDocMergePolicy,0.00,0,3,1,0,0,1,0,0,20,2
"org.apache.lucene.benchmark.byTask.TestPerfTasksLogic$MyMergeScheduler",1,0.00,1.00,5,0.02,206.76,2,1,36,1,1,126.69,0,7,0,3,126.69,0.00,0.67,1.00,0,0.00,1,74.73,0,0,1,org.apache.lucene.index.SerialMergeScheduler,0.00,0,2,1,0,0,1,0,0,23,2
"org.apache.lucene.benchmark.byTask.TestPerfTasksParse",3,0.17,5.33,63,1.11,52556.78,6,3,19,34,13,127.76,6,79,0,2,87.88,0.00,0.50,0.22,0,1.00,8,3344.62,0,0,13,org.apache.lucene.util.LuceneTestCase,0.00,31,1,16,0,31,3,0,6,572,1
"org.apache.lucene.benchmark.byTask.TestPerfTasksParse$FileFilter",1,0.00,1.00,3,0.03,388.04,1,0,19,4,0,132.82,0,2,0,1,132.82,0.00,0.00,0.00,0,1.00,1,93.95,0,0,0,java.lang.Object,0.00,3,0,1,0,3,1,0,0,26,0
"org.apache.lucene.benchmark.byTask.TestPerfTasksParse$MockContentSource",2,0.00,1.00,4,0.03,277.32,2,0,19,2,3,142.90,0,7,0,3,142.90,0.00,0.67,0.00,0,2.00,1,84.28,0,1,3,org.apache.lucene.benchmark.byTask.feeds.ContentSource,0.19,0,2,2,0,0,1,0,0,27,2
"org.apache.lucene.benchmark.byTask.TestPerfTasksParse$MockQueryMaker",1,0.00,1.00,3,0.02,300.08,1,0,19,1,2,133.69,0,5,0,2,133.69,0.00,0.50,0.00,0,1.00,1,69.84,0,1,2,org.apache.lucene.benchmark.byTask.feeds.AbstractQueryMaker,0.25,0,1,1,0,0,0,0,0,21,2
"org.apache.solr.handler.clustering.carrot.Bindable",1,1.00,5.00,19,0.35,12025.29,4,3,14,13,0,91.04,4,35,0,2,90.80,0.00,0.50,0.67,0,0.00,5,1036.84,0,0,0,org.carrot2.core.ProcessingComponentBase,0.00,12,1,5,0,12,1,1,1,194,1
"org.apache.solr.handler.clustering.carrot.Bindable$ILexicalData",2,0.00,2.50,11,0.08,1354.63,2,0,22,5,0,162.31,4,14,0,1,122.42,0.00,0.00,0.00,0,2.00,4,239.27,0,0,0,java.lang.Object,0.00,3,0,5,0,3,2,0,4,59,0
"org.apache.solr.handler.clustering.carrot.CarrotClusteringEngine",11,0.03,4.91,215,4.38,302398.72,17,6,53,116,25,45.69,84,282,3,3,87.98,0.00,0.67,0.14,8,36.00,21,13143.82,1,9,22,org.apache.solr.handler.clustering.SearchClusteringEngine,0.00,105,2,54,0,105,2,0,57,2077,1
"org.apache.solr.handler.clustering.carrot.CarrotClusteringEngine$LocalSolrQueryRequest",1,0.00,1.00,3,0.03,347.48,1,0,53,2,1,133.19,0,5,0,1,133.19,0.00,0.00,0.00,0,1.00,1,95.04,0,1,1,java.lang.Object,0.00,1,0,1,0,1,0,0,0,27,0
"org.apache.solr.handler.clustering.carrot.CarrotClusteringEngine$SolrResourceLocator",5,0.00,1.60,28,0.36,11665.49,7,2,53,14,4,118.30,4,43,0,1,118.30,0.00,0.00,0.50,0,2.00,4,1093.25,2,2,4,java.lang.Object,0.00,9,0,8,0,9,3,1,4,225,2
"org.apache.solr.handler.clustering.carrot.CarrotClusteringEngine$SolrResourceLocator$IResource",4,0.00,1.00,9,0.06,617.66,4,0,53,5,0,192.54,4,13,0,1,142.54,0.00,0.00,0.00,0,4.00,1,171.13,2,2,0,java.lang.Object,0.00,1,0,4,0,1,2,0,4,52,0
"org.apache.solr.handler.clustering.carrot.CarrotClusteringEngineTest",37,0.00,1.27,233,4.48,134544.49,37,0,25,82,19,113.88,19,349,0,4,113.88,0.00,0.75,0.00,10,184.00,3,13435.11,0,11,19,org.apache.solr.handler.clustering.AbstractClusteringTestCase,0.00,45,3,47,0,45,26,0,17,2548,1
"org.apache.solr.handler.clustering.carrot.CarrotParams",0,0.00,0.00,16,0.26,9895.62,15,15,2,1,3,171.00,16,20,3,1,171.00,0.00,0.00,0.00,0,0.00,0,778.82,0,0,0,,0.00,1,0,0,0,1,0,0,1,141,1
"org.apache.solr.handler.clustering.carrot.LuceneCarrot2StemmerFactory",1,1.00,1.00,8,0.10,1683.46,2,1,25,4,19,74.34,12,14,1,1,111.91,0.00,0.00,0.00,0,1.00,1,285.25,0,1,18,java.lang.Object,0.00,3,0,1,0,3,0,1,3,66,1
"org.apache.solr.handler.clustering.carrot.LuceneCarrot2StemmerFactory$SnowballStemmerFactory",1,0.00,4.00,30,0.54,20885.42,2,1,25,5,16,107.85,19,43,0,1,81.56,0.00,0.00,1.00,0,0.00,4,1612.04,0,1,16,java.lang.Object,0.00,4,0,4,0,4,0,0,4,299,3
"org.apache.solr.handler.clustering.carrot.LuceneCarrot2StemmerFactory$SnowballStemmerFactory$ArabicStemmerFactory",1,0.00,2.00,12,0.12,1880.84,1,0,25,2,2,62.51,7,25,0,1,104.80,0.00,0.00,0.00,0,1.00,2,350.46,0,1,2,java.lang.Object,0.00,1,0,2,0,1,0,0,2,86,2
"org.apache.solr.handler.clustering.carrot.LuceneCarrot2StemmerFactory$SnowballStemmerFactory$ArabicStemmerFactory$IdentityStemmer",1,1.00,1.00,4,0.03,654.13,2,1,25,2,0,126.37,0,6,0,1,126.37,0.00,0.00,0.00,0,1.00,1,98.31,0,1,0,java.lang.Object,0.00,1,0,1,0,1,0,1,0,28,2
"org.apache.solr.handler.clustering.carrot.LuceneCarrot2StemmerFactory$SnowballStemmerFactory$ArabicStemmerFactory$LuceneStemmerAdapter",3,0.33,2.67,28,0.39,18411.02,6,3,25,10,2,105.35,1,31,0,1,105.35,0.00,0.00,0.56,0,1.00,4,1179.95,0,1,2,java.lang.Object,0.00,7,0,8,0,7,2,1,1,244,2
"org.apache.solr.handler.clustering.carrot.LuceneCarrot2StemmerFactory$SnowballStemmerFactory$SnowballStemmerAdapter",2,1.00,1.50,10,0.07,1220.79,3,1,25,6,1,122.90,0,14,0,1,122.90,0.00,0.00,0.50,0,2.00,2,220.84,0,1,1,java.lang.Object,0.00,4,0,3,0,4,1,1,0,59,2
"org.apache.solr.handler.clustering.carrot.LuceneCarrot2TokenizerFactory",1,1.00,1.00,7,0.08,1476.74,2,1,14,4,4,132.65,18,13,1,1,114.52,0.00,0.00,0.00,0,1.00,1,252.85,0,1,3,java.lang.Object,0.00,3,0,1,0,3,0,1,4,59,1
"org.apache.solr.handler.clustering.carrot.LuceneCarrot2TokenizerFactory$ChineseTokenizerFactory",1,0.00,2.00,11,0.09,1181.30,1,0,14,3,0,107.80,0,24,0,1,107.80,0.00,0.00,0.00,0,1.00,2,270.76,0,1,0,java.lang.Object,0.00,2,0,2,0,2,0,0,0,69,3
"org.apache.solr.handler.clustering.carrot.LuceneCarrot2TokenizerFactory$ChineseTokenizerFactory$ChineseTokenizer",4,0.28,2.25,35,0.50,13510.07,10,6,14,19,3,159.34,4,49,0,1,109.34,0.00,0.00,0.38,0,0.00,4,1487.54,0,0,3,java.lang.Object,0.00,15,0,9,0,15,4,1,4,296,3
"org.apache.lucene.queryParser.core.processors.NoChildOptimizationQueryNodeProcessor",4,0.00,2.00,16,0.19,8656.45,4,0,9,7,10,142.73,12,31,1,2,122.12,0.00,0.50,0.00,0,4.00,5,579.16,0,3,9,org.apache.lucene.queryParser.core.processors.QueryNodeProcessorImpl,0.00,3,1,8,0,3,1,0,2,126,1
"org.apache.lucene.queryParser.core.processors.QueryNodeProcessor",3,0.00,1.00,4,0.02,126.39,3,0,3,3,7,147.85,47,5,5,1,158.21,0.00,0.00,0.00,0,3.00,1,66.26,0,2,3,,0.00,0,0,3,0,0,1,0,4,25,1
"org.apache.lucene.queryParser.core.processors.QueryNodeProcessorImpl",11,2.00,1.55,49,0.47,17925.54,13,2,5,19,28,74.67,110,68,24,1,123.15,0.00,0.00,0.00,3,11.00,4,1399.68,0,6,4,java.lang.Object,0.00,8,0,17,23,8,5,1,8,317,2
"org.apache.lucene.queryParser.core.processors.QueryNodeProcessorImpl$ChildrenList",0,0.00,0.00,3,0.03,560.73,2,2,5,0,1,171.00,0,4,0,2,171.00,0.00,0.50,0.00,0,0.00,0,101.95,0,0,1,java.util.ArrayList,0.00,0,1,0,0,0,0,0,0,24,2
"org.apache.lucene.queryParser.core.processors.QueryNodeProcessorPipeline",29,2.00,1.38,82,0.82,16326.39,31,2,8,33,10,138.27,128,116,6,1,138.04,0.00,0.00,0.00,18,29.00,3,2448.36,0,7,4,java.lang.Object,0.00,4,0,40,2,4,22,2,31,622,1
"org.apache.lucene.queryParser.core.processors.RemoveDeletedQueryNodesProcessor",5,0.00,2.60,35,0.37,17696.46,5,0,6,13,6,161.31,7,49,2,2,111.31,0.00,0.50,0.00,0,5.00,6,1099.83,1,4,5,org.apache.lucene.queryParser.core.processors.QueryNodeProcessorImpl,0.00,8,1,13,0,8,1,0,2,227,1
"org.apache.lucene.facet.index.streaming.CategoryAttributesStream",3,0.00,2.00,19,0.19,4339.91,6,3,4,8,10,79.36,37,28,8,3,116.93,0.00,0.67,0.33,0,4.00,4,555.19,0,0,2,org.apache.lucene.analysis.TokenStream,0.55,5,2,6,0,5,3,0,3,129,1
"org.apache.lucene.facet.index.streaming.CategoryAttributesStreamTest",1,0.00,7.00,30,0.39,25292.86,1,0,10,16,5,130.78,25,37,0,3,80.78,0.00,0.67,0.00,0,0.00,7,1159.56,0,0,5,org.apache.lucene.facet.index.CategoryContainerTestBase,0.00,15,2,7,0,15,1,0,5,203,1
"org.apache.lucene.facet.index.streaming.CategoryListTokenizer",5,0.00,1.00,9,0.07,690.76,5,0,3,5,14,111.85,35,17,11,5,154.15,0.75,0.50,0.00,1,5.00,1,205.29,1,0,3,org.apache.lucene.facet.index.streaming.CategoryTokenizerBase,0.53,0,4,5,3,0,5,0,7,63,2
"org.apache.lucene.facet.index.streaming.CategoryParentsStream",4,0.11,6.00,64,0.88,53585.18,10,6,14,27,15,102.30,69,88,7,4,93.17,0.00,0.75,0.08,1,6.00,10,2625.21,0,0,10,org.apache.lucene.analysis.TokenFilter,0.25,23,3,24,0,23,4,0,17,497,1
"org.apache.lucene.facet.index.streaming.CategoryParentsStreamTest",4,0.00,2.75,59,0.75,26059.47,4,0,18,20,16,68.60,53,85,0,3,97.98,0.00,0.67,0.00,0,0.00,4,2238.22,0,0,16,org.apache.lucene.facet.index.CategoryContainerTestBase,0.00,16,2,11,0,16,4,0,11,414,1
"org.apache.lucene.facet.index.streaming.CategoryParentsStreamTest$DefaultFacetIndexingParams",2,0.00,1.00,5,0.03,405.51,2,0,18,4,4,141.60,0,9,0,1,141.60,0.00,0.00,0.00,0,2.00,1,97.95,0,2,4,java.lang.Object,0.00,2,0,2,0,2,0,0,0,30,0
"org.apache.lucene.facet.index.streaming.CategoryParentsStreamTest$MyCategoryListTokenizer",2,0.00,3.00,11,0.11,3031.85,2,0,18,5,4,119.63,0,21,0,6,119.63,0.00,0.83,0.00,0,2.00,5,329.11,0,0,4,org.apache.lucene.facet.index.streaming.CategoryListTokenizer,0.29,3,5,6,0,3,2,0,0,76,2
"org.apache.lucene.facet.index.streaming.CategoryTokenizer",3,0.00,1.67,14,0.16,4314.40,3,0,6,8,10,73.56,29,22,4,5,123.56,0.25,0.67,0.00,1,4.00,3,471.43,0,0,6,org.apache.lucene.facet.index.streaming.CategoryTokenizerBase,0.29,5,4,5,1,5,3,0,4,101,1
"org.apache.lucene.facet.index.streaming.CategoryTokenizerBase",2,5.00,1.00,13,0.14,2489.03,7,5,9,4,10,143.88,38,17,2,4,117.60,2.00,0.30,0.00,0,2.00,1,434.27,0,0,8,org.apache.lucene.analysis.TokenFilter,0.29,2,3,2,6,2,2,0,8,101,2
"org.apache.lucene.facet.index.streaming.CategoryTokenizerTest",2,0.00,3.00,37,0.58,21656.21,2,0,16,28,10,81.79,31,50,0,3,92.15,0.00,0.67,0.00,0,2.00,4,1737.76,0,0,10,org.apache.lucene.facet.index.CategoryContainerTestBase,0.00,26,2,6,0,26,2,0,6,300,1
"org.apache.lucene.facet.index.streaming.CountingListTokenizer",5,0.25,2.20,46,0.69,29189.14,7,2,12,32,10,73.34,31,68,1,6,105.56,0.00,0.83,0.30,1,6.00,6,2082.20,1,1,9,org.apache.lucene.facet.index.streaming.CategoryListTokenizer,0.50,27,5,11,0,27,4,0,5,380,1
"org.apache.lucene.analysis.payloads.AbstractEncoder",1,0.00,1.00,3,0.03,379.39,1,0,1,1,5,133.13,4,5,3,1,132.89,0.00,0.00,0.00,1,1.00,1,82.56,0,1,2,java.lang.Object,0.00,0,0,1,3,0,0,1,1,24,2
"org.apache.lucene.analysis.payloads.DelimitedPayloadTokenFilter",2,0.40,2.50,25,0.29,12170.67,7,5,5,7,8,58.44,14,28,3,4,100.73,0.00,0.75,0.40,0,2.00,4,875.75,0,0,5,org.apache.lucene.analysis.TokenFilter,0.29,5,3,5,0,5,2,0,3,178,2
"org.apache.lucene.analysis.payloads.DelimitedPayloadTokenFilterTest",6,0.00,1.67,93,1.67,63674.19,6,0,7,28,10,95.31,0,102,0,2,95.31,0.00,0.50,0.00,1,6.00,3,5008.19,0,0,10,org.apache.lucene.util.LuceneTestCase,0.00,22,1,10,0,22,6,0,0,906,1
"org.apache.lucene.analysis.payloads.FloatEncoder",1,0.00,1.00,7,0.09,1790.78,1,0,1,6,7,71.57,7,9,3,2,113.86,0.00,0.50,0.00,0,1.00,1,271.25,0,1,4,org.apache.lucene.analysis.payloads.AbstractEncoder,0.00,5,1,1,0,5,0,1,2,60,1
"org.apache.lucene.analysis.payloads.IdentityEncoder",3,0.25,1.33,15,0.21,6550.48,5,2,4,14,5,158.45,7,21,2,2,118.57,0.00,0.50,0.33,0,5.00,2,642.55,0,1,3,org.apache.lucene.analysis.payloads.AbstractEncoder,0.00,11,1,4,0,11,2,1,4,139,1
"org.apache.lucene.analysis.payloads.IntegerEncoder",1,0.00,1.00,7,0.08,1787.95,1,0,2,5,7,71.57,7,9,2,2,113.86,0.00,0.50,0.00,0,1.00,1,251.55,0,1,5,org.apache.lucene.analysis.payloads.AbstractEncoder,0.00,4,1,1,0,4,0,1,2,57,1
"org.apache.lucene.analysis.payloads.NumericPayloadTokenFilter",2,0.75,2.00,15,0.17,2957.24,6,4,6,7,8,154.24,5,21,2,4,114.35,0.00,0.75,0.62,0,0.00,3,504.71,0,0,6,org.apache.lucene.analysis.TokenFilter,0.29,5,3,4,0,5,2,0,2,113,1
"org.apache.lucene.analysis.payloads.NumericPayloadTokenFilterTest",1,0.00,3.00,23,0.50,27588.56,1,0,9,16,9,134.98,1,27,0,3,84.98,0.00,0.67,0.00,0,1.00,3,1501.19,0,0,9,org.apache.lucene.analysis.BaseTokenStreamTestCase,0.00,15,2,3,0,15,1,0,1,256,1
"org.apache.lucene.analysis.payloads.NumericPayloadTokenFilterTest$WordTokenFilter",2,0.00,2.00,11,0.11,1946.33,4,2,9,5,4,121.24,0,17,0,4,121.24,0.00,0.75,0.50,0,2.00,3,341.98,0,0,4,org.apache.lucene.analysis.TokenFilter,0.29,3,3,4,0,3,2,0,0,82,2
"org.apache.lucene.analysis.payloads.PayloadEncoder",2,0.00,1.00,3,0.02,107.12,2,0,1,2,7,125.16,13,4,6,1,157.39,0.00,0.00,0.00,0,2.00,1,66.19,0,2,1,,0.00,0,0,2,0,0,0,0,2,23,1
"org.apache.lucene.analysis.payloads.PayloadHelper",7,0.00,1.00,19,0.32,9172.28,7,0,0,9,10,117.35,35,28,10,1,135.22,0.00,0.00,0.00,4,7.00,1,957.98,0,0,0,java.lang.Object,0.00,2,0,7,0,2,7,0,4,227,1
"org.apache.lucene.analysis.payloads.TokenOffsetPayloadTokenFilter",2,0.00,1.50,15,0.17,4835.46,4,2,6,7,8,133.35,6,20,2,4,112.74,0.00,0.75,0.50,0,2.00,2,516.80,0,0,6,org.apache.lucene.analysis.TokenFilter,0.29,5,3,3,0,5,2,0,1,111,1
"org.apache.lucene.analysis.payloads.TokenOffsetPayloadTokenFilterTest",1,0.00,2.00,18,0.31,14107.25,1,0,7,12,7,91.34,0,21,0,3,91.34,0.00,0.67,0.00,0,1.00,2,942.05,0,0,7,org.apache.lucene.analysis.BaseTokenStreamTestCase,0.00,11,2,2,0,11,1,0,0,167,1
"org.apache.lucene.analysis.payloads.TypeAsPayloadTokenFilter",2,0.00,2.00,13,0.15,4399.05,4,2,6,7,7,136.11,6,19,2,4,115.49,0.00,0.75,0.50,0,2.00,3,462.96,0,0,5,org.apache.lucene.analysis.TokenFilter,0.29,5,3,4,0,5,2,0,1,101,1
"org.apache.lucene.analysis.payloads.TypeAsPayloadTokenFilterTest",1,0.00,2.00,17,0.35,15015.86,1,0,9,17,8,92.05,0,20,0,3,92.05,0.00,0.67,0.00,0,1.00,2,1047.86,0,0,8,org.apache.lucene.analysis.BaseTokenStreamTestCase,0.00,16,2,2,0,16,1,0,0,186,1
"org.apache.lucene.analysis.payloads.TypeAsPayloadTokenFilterTest$WordTokenFilter",2,0.00,1.50,11,0.12,2166.66,4,2,9,6,4,120.94,0,16,0,4,120.94,0.00,0.75,0.50,0,2.00,2,363.22,0,0,4,org.apache.lucene.analysis.TokenFilter,0.29,4,3,3,0,4,2,0,0,85,2
"org.apache.lucene.xmlparser.webdemo.FormBasedXmlQueryDemo",3,0.62,3.67,57,1.06,45127.87,7,4,26,39,13,110.72,11,78,0,2,90.11,0.00,0.50,0.67,1,0.00,6,3190.33,1,0,13,javax.servlet.http.HttpServlet,0.00,36,1,11,0,36,3,0,11,541,1
"org.apache.solr.velocity.VelocityResponseWriterTest",3,0.00,1.00,15,0.19,3348.91,3,0,9,11,4,120.93,1,23,0,3,120.93,0.00,0.67,0.00,0,3.00,1,580.56,5,0,4,org.apache.solr.SolrTestCaseJ4,0.05,8,2,3,0,8,3,0,1,126,1
"org.apache.lucene.util.ArrayUtil",54,0.00,2.04,302,4.32,241516.98,54,0,2,63,76,136.63,195,398,73,1,116.02,0.00,0.00,0.00,9,54.00,7,12960.38,0,2,3,java.lang.Object,0.00,9,0,110,0,9,52,0,60,2681,2
"org.apache.lucene.util.ArrayUtil$SorterTemplate",4,0.67,1.00,12,0.13,2705.31,5,1,2,5,0,130.92,0,20,0,1,130.92,0.00,0.00,0.50,0,4.00,1,400.66,0,0,0,java.lang.Object,0.00,1,0,4,0,1,4,0,0,103,0
"org.apache.lucene.util.ArrayUtil$SorterTemplate_0",4,0.67,1.00,12,0.13,2606.88,5,1,2,5,0,131.04,0,20,0,1,131.04,0.00,0.00,0.50,0,4.00,1,390.98,0,0,0,java.lang.Object,0.00,1,0,4,0,1,4,0,0,101,0
"org.apache.lucene.util.Attribute",0,0.00,0.00,1,0.00,12.00,0,0,0,0,18,171.00,19,2,18,1,171.00,0.00,0.00,0.00,0,0.00,0,8.00,0,0,0,,0.00,0,0,0,0,0,0,0,2,4,1
"org.apache.lucene.util.AttributeImpl",7,0.42,2.71,46,0.76,41671.05,9,2,6,33,42,82.64,91,66,38,1,112.02,0.00,0.00,0.14,3,12.00,11,2283.29,1,3,5,java.lang.Object,0.00,26,0,19,20,26,4,3,18,414,2
"org.apache.lucene.util.AttributeImpl$AttributeReflector",1,0.00,5.00,7,0.12,3324.00,1,0,6,5,0,111.37,0,10,0,1,111.37,0.00,0.00,0.00,0,1.00,5,353.00,0,0,0,java.lang.Object,0.00,4,0,5,0,4,1,0,0,73,0
"org.apache.lucene.util.AttributeReflector",1,0.00,1.00,2,0.02,236.00,1,0,0,1,12,190.57,26,3,12,1,141.08,0.00,0.00,0.00,0,1.00,1,72.00,0,0,0,,0.00,0,0,1,0,0,1,0,3,20,1
"org.apache.lucene.util.AttributeSource",0,0.00,0.00,2,0.01,70.18,0,0,11,0,40,171.00,12,2,39,1,171.00,0.00,0.00,0.00,0,0.00,0,28.07,0,0,2,java.lang.Object,0.00,0,0,0,211,0,0,0,2,10,1
"org.apache.lucene.util.AttributeSource$AttributeFactory",24,0.11,3.00,176,2.46,120712.86,30,6,11,77,5,92.20,143,221,0,1,110.07,0.00,0.00,0.06,6,142.00,10,7382.19,0,8,5,java.lang.Object,0.00,53,0,72,0,53,16,0,35,1490,3
"org.apache.lucene.util.AttributeSource$AttributeFactory$AttributeReflector",1,0.00,5.00,7,0.12,3324.00,1,0,11,5,0,111.37,0,10,0,1,111.37,0.00,0.00,0.00,0,1.00,5,353.00,0,0,0,java.lang.Object,0.00,4,0,5,0,4,1,0,0,73,0
"org.apache.lucene.util.AttributeSource$AttributeFactory$DefaultAttributeFactory",3,1.00,4.67,20,0.42,24310.04,4,1,11,15,4,160.84,4,35,0,2,110.84,0.00,0.50,0.33,1,4.00,9,1251.34,0,1,4,org.apache.lucene.util.AttributeFactory,0.00,12,1,14,0,12,2,0,4,241,3
"org.apache.lucene.util.AttributeSource$AttributeFactory$Iterator<AttributeImpl>",3,0.50,1.33,11,0.08,1916.67,4,1,11,5,1,131.04,0,15,0,1,131.04,0.00,0.00,0.67,0,1.00,2,252.66,0,0,1,java.lang.Object,0.00,2,0,4,0,2,3,0,0,66,0
"org.apache.lucene.util.AttributeSource$AttributeFactory$State",1,0.00,2.00,9,0.09,2942.78,3,2,11,4,1,107.93,0,13,0,1,107.93,0.00,0.00,1.00,0,0.00,2,256.35,0,1,1,java.lang.Object,0.00,3,0,2,0,3,0,1,0,63,3
"org.apache.lucene.util.BitUtil",16,0.40,3.56,447,8.36,2337244.73,18,2,0,16,7,28.17,166,562,7,1,76.64,0.00,0.00,0.12,1,60.00,8,25068.50,0,0,0,java.lang.Object,0.00,0,0,57,0,0,16,0,97,4680,2
"org.apache.lucene.util.BitVector",19,0.15,2.05,155,2.21,176488.47,27,8,4,37,13,126.52,61,204,8,1,105.90,0.00,0.00,0.26,7,0.00,6,6619.30,0,1,5,java.lang.Object,0.00,18,0,39,0,18,18,2,41,1328,2
"org.apache.lucene.util.Bits",2,1.00,1.00,6,0.05,1274.49,3,1,0,2,12,101.74,26,7,12,1,131.12,0.00,0.00,0.00,0,2.00,1,155.26,0,0,0,,0.00,0,0,2,0,0,2,0,4,43,1
"org.apache.lucene.util.Bits$MatchAllBits",3,1.00,1.00,8,0.05,467.73,4,1,0,3,1,142.50,0,12,0,1,142.50,0.00,0.00,0.33,0,4.00,1,138.60,0,0,1,java.lang.Object,0.00,0,0,3,0,0,3,1,0,42,2
"org.apache.lucene.util.Bits$MatchNoBits",3,1.00,1.00,8,0.05,467.73,4,1,0,3,1,142.50,0,12,0,1,142.50,0.00,0.00,0.33,0,4.00,1,138.60,0,0,1,java.lang.Object,0.00,0,0,3,0,0,3,1,0,42,2
"org.apache.lucene.util.ByteBlockPool",10,0.31,2.10,131,1.74,115155.40,22,12,6,17,8,79.42,54,150,5,1,97.30,0.00,0.00,0.36,1,0.00,4,5218.43,0,0,3,java.lang.Object,0.00,7,0,21,0,7,10,0,29,1005,2
"org.apache.lucene.util.ByteBlockPool$Allocator",4,1.00,1.00,10,0.11,2235.45,5,1,6,6,0,138.14,0,14,0,1,138.14,0.00,0.00,0.25,1,6.00,1,338.34,0,0,0,java.lang.Object,0.00,2,0,4,0,2,4,0,0,88,3
"org.apache.lucene.util.ByteBlockPool$DirectAllocator",3,0.00,1.00,6,0.05,376.94,3,0,6,3,0,143.24,0,11,0,2,143.24,0.00,0.50,0.00,0,4.00,1,135.67,0,0,0,org.apache.lucene.util.Allocator,0.00,0,1,3,0,0,3,0,0,42,3
"org.apache.lucene.util.ByteBlockPool$DirectTrackingAllocator",4,0.67,1.25,17,0.15,3706.77,5,1,6,5,0,125.13,0,21,0,2,125.13,0.00,0.50,0.50,0,6.00,2,448.60,0,0,0,org.apache.lucene.util.Allocator,0.00,1,1,5,0,1,4,0,0,110,2
"org.apache.lucene.util.BytesRef",23,0.05,1.61,117,1.21,47734.71,29,6,2,38,79,139.31,81,151,78,1,118.70,0.00,0.00,0.22,3,137.00,4,3638.39,0,6,2,java.lang.Object,0.00,15,0,37,0,15,17,2,25,815,2
"org.apache.lucene.util.BytesRef$UTF8SortedAsUTF16Comparator",2,0.00,4.00,23,0.29,32318.14,2,0,2,2,1,80.82,10,31,0,1,98.69,0.00,0.00,0.00,0,2.00,7,880.64,0,0,1,java.lang.Object,0.00,0,0,8,0,0,2,1,10,170,2
"org.apache.lucene.util.BytesRef$UTF8SortedAsUnicodeComparator",2,0.00,2.00,15,0.21,12642.30,2,0,2,3,1,159.39,2,19,0,1,109.39,0.00,0.00,0.00,0,2.00,3,616.85,0,0,1,java.lang.Object,0.00,1,0,4,0,1,2,1,2,124,2
"org.apache.lucene.util.BytesRefHash",18,0.21,2.50,209,2.79,280515.89,30,12,7,38,8,50.82,153,255,3,1,98.93,0.00,0.00,0.28,3,0.00,8,8373.62,0,0,5,java.lang.Object,0.00,20,0,45,0,20,18,0,37,1510,2
"org.apache.lucene.util.BytesRefHash$BytesStartArray",4,0.00,1.00,5,0.03,217.18,4,0,7,4,0,139.47,23,6,0,1,157.34,0.00,0.00,0.00,0,4.00,1,89.97,0,1,0,java.lang.Object,0.00,0,0,4,0,0,3,0,4,33,3
"org.apache.lucene.util.BytesRefHash$DirectBytesStartArray",5,0.00,1.00,16,0.16,3209.63,8,3,7,8,2,131.09,0,27,0,2,131.09,0.00,0.50,0.33,0,5.00,1,491.78,0,1,2,org.apache.lucene.util.BytesStartArray,0.00,3,1,5,0,3,4,0,0,123,2
"org.apache.lucene.util.BytesRefHash$SorterTemplate",4,0.11,1.00,18,0.28,8859.55,7,3,7,6,1,122.20,0,29,0,1,122.20,0.00,0.00,0.42,0,0.00,1,852.30,0,0,1,java.lang.Object,0.00,2,0,4,0,2,4,0,0,192,0
"org.apache.lucene.util.BytesRefHash$SuppressWarnings",1,0.00,1.00,3,0.02,192.67,1,0,7,1,0,135.21,0,6,0,2,135.21,0.00,0.50,0.00,0,1.00,1,66.78,0,0,0,java.lang.RuntimeException,0.00,0,1,1,0,0,1,0,0,21,2
"org.apache.lucene.util.BytesRefHash$TrackingDirectBytesStartArray",5,0.25,1.20,23,0.26,7641.35,8,3,7,8,2,123.43,0,35,0,2,123.43,0.00,0.50,0.53,0,0.00,2,789.24,0,1,2,org.apache.lucene.util.BytesStartArray,0.00,3,1,6,0,3,4,0,0,181,2
"org.apache.lucene.util.BytesRefIterator",2,1.00,1.00,5,0.04,1062.56,3,1,2,3,17,89.83,21,6,16,1,138.31,0.00,0.00,0.00,0,2.00,1,131.22,0,1,1,,0.00,1,0,2,0,1,1,0,3,38,1
"org.apache.lucene.util.BytesRefIterator$EmptyBytesRefIterator",2,0.00,1.00,5,0.03,304.85,2,0,2,2,2,142.58,1,8,0,1,142.58,0.00,0.00,0.00,0,2.00,1,95.27,0,1,2,java.lang.Object,0.00,0,0,2,0,0,1,1,1,29,3
"org.apache.lucene.util.CharacterUtils",6,0.40,1.33,15,0.21,4823.83,8,2,2,11,8,176.13,130,19,8,1,136.83,0.00,0.00,0.17,0,10.00,2,617.44,0,1,0,java.lang.Object,0.00,5,0,8,2,5,5,0,9,155,2
"org.apache.lucene.util.CharacterUtils$CharacterBuffer",5,0.06,1.00,19,0.12,1801.87,9,4,2,5,0,133.30,20,25,0,1,133.07,0.00,0.00,0.30,0,9.00,1,361.58,0,0,0,java.lang.Object,0.00,0,0,5,0,0,5,0,4,100,3
"org.apache.lucene.util.CharacterUtils$Java4CharacterUtils",5,0.00,1.40,15,0.20,5293.06,5,0,2,8,1,129.31,0,27,0,2,129.31,0.00,0.50,0.00,0,5.00,2,595.71,0,0,1,org.apache.lucene.util.CharacterUtils,0.36,3,1,7,0,3,5,0,0,140,3
"org.apache.lucene.util.CharacterUtils$Java5CharacterUtils",5,0.00,1.60,22,0.35,27028.46,5,0,2,8,1,119.04,1,36,0,2,119.04,0.00,0.50,0.00,0,5.00,4,1047.34,0,0,1,org.apache.lucene.util.CharacterUtils,0.36,3,1,8,0,3,5,0,1,220,3
"org.apache.lucene.util.CharsRef",19,0.08,1.63,103,1.10,43161.14,24,5,1,27,17,139.00,60,134,16,1,118.38,0.00,0.00,0.27,2,33.00,5,3290.99,0,5,1,java.lang.Object,0.00,8,0,31,0,8,14,3,13,730,2
"org.apache.lucene.util.CharsRef$UTF16SortedAsUTF8Comparator",2,0.00,4.00,24,0.30,28453.57,2,0,1,3,1,118.34,6,32,0,1,97.72,0.00,0.00,0.00,0,2.00,7,890.57,0,0,1,java.lang.Object,0.00,1,0,8,0,1,2,1,6,169,2
"org.apache.lucene.util.CloseableThreadLocal",6,0.15,2.17,48,0.46,15508.91,10,4,6,20,3,67.97,42,61,3,1,110.26,0.00,0.00,0.38,4,2.00,4,1382.65,0,0,0,java.lang.Object,0.00,14,0,13,2,14,6,1,15,297,1
"org.apache.lucene.util.CodecUtil",4,0.67,2.25,26,0.39,20515.69,5,1,6,15,16,152.46,8,37,10,1,112.57,0.00,0.00,0.50,0,4.00,5,1164.37,0,1,6,java.lang.Object,0.00,11,0,9,0,11,3,0,3,231,2
"org.apache.lucene.util.CollectionUtil",9,0.00,2.33,32,0.59,22617.67,9,0,4,15,7,108.36,49,43,6,1,126.23,0.00,0.00,0.00,1,9.00,3,1771.08,0,2,1,java.lang.Object,0.00,6,0,21,0,6,7,0,12,375,2
"org.apache.lucene.util.CollectionUtil$SorterTemplate",4,0.67,1.00,10,0.12,1922.80,5,1,4,7,0,138.65,0,18,0,1,138.65,0.00,0.00,0.50,0,4.00,1,370.86,0,0,0,java.lang.Object,0.00,3,0,4,0,3,4,0,0,97,0
"org.apache.lucene.util.CollectionUtil$SorterTemplate_0",4,0.67,1.00,10,0.12,1833.48,5,1,4,7,0,138.81,0,18,0,1,138.81,0.00,0.00,0.50,0,4.00,1,361.00,0,0,0,java.lang.Object,0.00,3,0,4,0,3,4,0,0,95,0
"org.apache.lucene.util.CommandLineUtil",6,0.00,2.50,23,0.49,20411.36,6,0,5,18,5,107.31,34,44,3,1,125.18,0.00,0.00,0.00,3,6.00,6,1459.65,0,5,2,java.lang.Object,0.00,12,0,15,0,12,1,0,7,295,2
"org.apache.lucene.util.Constants",2,17.00,1.00,57,0.89,35892.90,19,17,2,5,12,45.96,25,74,11,1,83.52,0.00,0.00,0.00,0,2.00,1,2681.40,0,1,1,java.lang.Object,0.00,3,0,2,0,3,1,0,20,482,2
"org.apache.lucene.util.Counter",4,0.00,1.25,9,0.07,1104.42,4,0,1,6,6,96.37,45,12,6,1,140.50,0.00,0.00,0.00,1,4.00,2,219.72,0,2,0,java.lang.Object,0.00,2,0,5,2,2,2,0,6,65,2
"org.apache.lucene.util.Counter$AtomicCounter",2,0.00,1.00,6,0.06,1066.55,3,1,1,5,1,131.73,0,11,0,2,131.73,0.00,0.50,1.00,0,0.00,1,177.91,0,0,1,org.apache.lucene.util.Counter,0.67,3,1,2,0,3,2,0,0,49,3
"org.apache.lucene.util.Counter$SerialCounter",2,0.00,1.00,6,0.05,672.65,3,1,1,2,1,133.30,0,11,0,2,133.30,0.00,0.50,1.00,0,0.00,1,149.14,0,0,1,org.apache.lucene.util.Counter,0.67,0,1,2,0,0,2,0,0,42,3
"org.apache.lucene.util.Deprecated",4,0.00,1.50,16,0.20,5147.69,6,2,5,11,1,144.58,13,25,1,1,123.96,0.00,0.00,0.50,1,2.00,2,601.14,0,3,0,java.lang.Object,0.00,7,0,6,0,7,1,1,3,139,2
"org.apache.lucene.util.DocIdBitSet",4,1.00,1.00,11,0.08,859.99,5,1,3,5,12,191.40,5,18,10,2,141.40,0.00,0.50,0.25,0,6.00,1,226.42,0,2,2,org.apache.lucene.search.DocIdSet,0.00,1,1,4,0,1,2,0,3,65,1
"org.apache.lucene.util.DocIdBitSet$DocIdBitSetIterator",4,0.17,1.50,16,0.15,3811.82,6,2,3,5,1,124.99,3,24,0,2,124.99,0.00,0.50,0.62,0,0.00,2,456.34,0,0,1,org.apache.lucene.search.DocIdSetIterator,0.86,1,1,6,0,1,4,0,3,112,2
"org.apache.lucene.util.DoubleBarrelLRUCache",3,0.80,2.67,41,0.43,17956.52,8,5,3,11,2,51.00,32,52,2,2,99.48,0.00,0.50,0.73,1,0.00,4,1278.69,0,0,0,DoubleBarrelLRUCache.CloneableKey,V>,0.00,8,1,8,0,8,3,0,13,266,2
"org.apache.lucene.util.DoubleBarrelLRUCache$CloneableKey",1,0.00,1.00,2,0.01,128.77,1,0,3,1,0,143.16,0,4,0,1,143.16,0.00,0.00,0.00,0,1.00,1,42.51,0,1,0,java.lang.Object,0.00,0,0,1,0,0,0,0,0,15,3
"org.apache.lucene.util.DummyConcurrentLock",6,1.00,1.00,11,0.07,869.96,7,1,4,8,0,153.98,5,15,0,1,153.98,0.00,0.00,0.00,0,6.00,1,200.16,0,1,0,java.lang.Object,0.00,2,0,6,0,2,5,1,2,63,2
"org.apache.lucene.util.English",5,0.00,9.20,108,1.34,117364.17,5,0,0,8,23,68.88,28,156,23,1,86.75,0.00,0.00,0.00,1,5.00,42,4021.91,0,2,0,java.lang.Object,0.00,3,0,46,0,3,3,0,11,645,2
"org.apache.lucene.util.FieldCacheSanityChecker",8,0.86,3.88,115,2.00,151757.08,9,1,10,56,8,56.68,100,138,5,1,94.25,0.00,0.00,0.25,4,16.00,10,5992.86,0,3,3,java.lang.Object,0.00,48,0,31,0,48,5,0,34,1040,2
"org.apache.lucene.util.FieldCacheSanityChecker$Insanity",5,0.17,1.80,31,0.32,12014.75,8,3,10,11,0,155.10,14,34,0,1,115.22,0.00,0.00,0.20,3,14.00,3,949.07,0,3,0,java.lang.Object,0.00,6,0,9,0,6,2,0,4,206,3
"org.apache.lucene.util.FieldCacheSanityChecker$InsanityType",2,0.25,1.00,9,0.10,2072.31,6,4,10,3,0,87.23,24,14,0,1,124.80,0.00,0.00,0.12,0,2.00,1,285.41,0,1,0,java.lang.Object,0.00,1,0,2,0,1,1,0,3,72,3
"org.apache.lucene.util.FieldCacheSanityChecker$ReaderField",4,0.00,1.25,14,0.17,4188.97,6,2,10,7,0,129.37,0,23,0,1,129.37,0.00,0.00,0.50,1,4.00,2,498.39,0,1,0,java.lang.Object,0.00,3,0,5,0,3,3,0,0,123,3
"org.apache.lucene.util.FixedBitSet",30,0.05,2.03,209,2.64,167790.56,32,2,4,42,45,152.18,86,268,40,2,112.30,0.00,0.50,0.55,6,0.00,6,7905.53,0,2,5,org.apache.lucene.search.DocIdSet,0.00,12,1,61,0,12,28,1,52,1609,2
"org.apache.lucene.util.IOUtils",11,0.33,5.55,114,1.34,94657.56,14,3,12,23,66,52.32,102,166,66,1,102.32,0.00,0.00,0.03,2,20.00,12,4012.25,0,3,0,java.lang.Object,0.00,12,0,61,0,12,8,0,16,803,2
"org.apache.lucene.util.IndexableBinaryStringTools",11,0.90,2.91,126,2.24,257932.48,12,1,2,25,4,77.35,160,181,4,1,97.49,0.00,0.00,0.18,4,25.00,10,6729.15,0,2,0,java.lang.Object,0.00,14,0,32,0,14,9,0,26,1252,2
"org.apache.lucene.util.IndexableBinaryStringTools$CodingCase",2,0.14,1.50,17,0.19,4164.69,9,7,2,2,0,111.09,0,20,0,1,111.09,0.00,0.00,0.07,0,2.00,2,558.74,0,0,0,java.lang.Object,0.00,0,0,3,0,0,2,0,0,131,1
"org.apache.lucene.util.IntsRef",12,0.16,2.17,89,0.90,43447.01,16,4,0,21,25,151.16,29,109,24,1,111.27,0.00,0.00,0.40,1,0.00,5,2699.54,0,3,1,java.lang.Object,0.00,9,0,26,0,9,9,2,5,581,2
"org.apache.lucene.util.LineFileDocs",6,0.10,3.17,72,1.01,46622.68,12,6,12,40,9,139.73,12,92,7,1,99.84,0.00,0.00,0.25,2,6.00,8,3040.23,0,1,2,java.lang.Object,0.00,34,0,19,0,34,5,1,9,547,1
"org.apache.lucene.util.LineFileDocs$DocState",1,0.00,1.00,19,0.28,8094.44,7,6,12,4,2,92.52,0,21,0,1,92.52,0.00,0.00,1.00,0,0.00,1,834.24,0,0,2,java.lang.Object,0.00,3,0,1,0,3,1,0,0,176,3
"org.apache.lucene.util.LuceneJUnitDividingSelector",3,0.67,2.67,26,0.30,10713.78,6,3,4,8,0,159.11,3,36,0,2,109.11,0.00,0.50,0.78,0,0.00,4,892.82,2,0,0,org.apache.tools.ant.types.selectors.BaseExtendSelector,0.00,5,1,8,0,5,3,0,3,187,1
"org.apache.lucene.util.LuceneJUnitResultFormatter",15,0.03,2.07,99,1.29,61389.54,23,8,16,43,4,95.49,79,151,1,1,113.36,0.00,0.00,0.10,5,60.00,11,3866.25,0,3,3,java.lang.Object,0.00,28,0,31,0,28,12,1,30,743,1
"org.apache.lucene.util.LuceneTestCaseRunner",3,0.25,7.33,65,1.15,86276.14,5,2,25,37,1,106.72,11,88,0,2,86.11,0.00,0.50,0.33,0,4.00,13,3451.24,1,1,1,org.junit.runners.BlockJUnit4ClassRunner,0.00,34,1,22,0,34,2,0,11,568,1
"org.apache.lucene.util.LuceneTestCaseRunner$Comparator<FrameworkMethod>",1,0.00,1.00,3,0.03,432.92,1,0,25,3,0,132.44,0,4,0,1,132.44,0.00,0.00,0.00,0,1.00,1,101.06,0,0,0,java.lang.Object,0.00,2,0,1,0,2,1,0,0,29,0
"org.apache.lucene.util.LuceneTestCaseRunner$Filter",2,0.00,1.00,5,0.05,749.50,2,0,25,4,0,139.50,0,7,0,1,139.50,0.00,0.00,0.00,0,2.00,1,144.62,0,1,0,java.lang.Object,0.00,2,0,2,0,2,1,0,0,39,0
"org.apache.lucene.util.LuceneTestCaseRunner$RunListener",1,0.00,2.00,4,0.05,748.87,1,0,25,2,0,125.75,0,7,0,1,125.75,0.00,0.00,0.00,0,1.00,2,145.55,0,0,0,java.lang.Object,0.00,1,0,2,0,1,1,0,0,34,0
"org.apache.lucene.util.MapBackedSet",7,0.08,1.00,17,0.21,3633.04,9,2,4,14,3,188.39,11,31,3,2,138.39,0.00,0.50,0.43,0,0.00,1,619.69,0,1,0,java.util.AbstractSet,0.00,7,1,7,0,7,6,1,2,156,2
"org.apache.lucene.util.MapOfSets",4,0.00,1.75,24,0.28,9185.58,5,1,4,11,1,97.50,21,31,1,1,115.38,0.00,0.00,1.00,0,0.00,3,843.05,0,1,0,java.lang.Object,0.00,7,0,7,0,7,3,0,5,184,1
"org.apache.lucene.util.NamedThreadFactory",3,0.20,1.67,17,0.27,5690.56,8,5,3,14,3,101.12,16,24,3,1,119.00,0.00,0.00,0.33,0,1.00,2,799.72,0,2,0,java.lang.Object,0.00,11,0,5,0,11,1,1,3,173,1
"org.apache.lucene.util.NumericUtils",21,0.15,2.14,121,1.83,127464.72,26,5,4,31,23,64.96,207,176,23,1,114.96,0.00,0.00,0.06,10,127.00,9,5477.23,0,6,4,java.lang.Object,0.00,10,0,45,0,10,15,0,46,1088,2
"org.apache.lucene.util.NumericUtils$IntRangeBuilder",2,0.00,1.00,5,0.05,694.57,2,0,4,4,0,140.00,8,8,0,1,139.76,0.00,0.00,0.00,1,2.00,1,155.32,0,0,0,java.lang.Object,0.00,2,0,2,0,2,2,0,2,45,3
"org.apache.lucene.util.NumericUtils$LongRangeBuilder",2,0.00,1.00,5,0.05,648.08,2,0,4,4,0,140.24,8,8,0,1,140.00,0.00,0.00,0.00,1,2.00,1,158.21,0,0,0,java.lang.Object,0.00,2,0,2,0,2,2,0,2,45,3
"org.apache.lucene.util.OpenBitSet",60,0.05,2.03,399,5.17,319311.02,63,3,4,75,39,94.60,316,478,34,2,112.47,1.00,0.33,0.38,9,0.00,8,15520.73,1,2,6,org.apache.lucene.search.DocIdSet,0.00,15,1,122,1,15,58,3,138,3203,1
"org.apache.lucene.util.OpenBitSetDISI",6,0.00,1.83,29,0.29,7397.27,6,0,2,6,6,106.19,33,41,4,3,124.06,0.00,0.67,0.00,1,6.00,3,865.43,5,0,2,org.apache.lucene.util.OpenBitSet,0.00,0,2,11,0,0,6,0,6,201,1
"org.apache.lucene.util.OpenBitSetIterator",6,0.38,2.83,61,1.37,46155.55,14,8,1,8,8,52.86,57,102,7,2,102.86,0.00,0.50,0.44,1,0.00,5,4122.46,0,0,2,org.apache.lucene.search.DocIdSetIterator,0.67,2,1,17,0,2,6,0,22,631,1
"org.apache.lucene.util.PagedBytes",9,0.36,3.44,123,1.46,92731.08,19,10,6,20,7,137.45,24,156,3,1,97.56,0.00,0.00,0.42,1,0.00,6,4384.73,0,3,4,java.lang.Object,0.00,11,0,31,0,11,6,0,10,834,2
"org.apache.lucene.util.PagedBytes$PagedBytesDataInput",7,0.33,1.43,38,0.36,14651.20,10,3,6,10,1,118.69,4,56,0,2,118.69,0.00,0.50,0.62,2,0.00,3,1070.34,0,1,1,org.apache.lucene.store.DataInput,0.29,3,1,10,0,3,6,0,3,240,2
"org.apache.lucene.util.PagedBytes$PagedBytesDataOutput",3,0.00,3.67,39,0.42,38399.98,3,0,6,4,1,96.81,2,53,0,2,96.81,0.00,0.50,0.00,0,0.00,6,1254.07,0,0,1,org.apache.lucene.store.DataOutput,0.25,1,1,11,0,1,3,0,2,243,2
"org.apache.lucene.util.PagedBytes$Reader",8,0.46,2.00,102,1.49,120705.35,13,5,6,12,2,49.57,65,113,0,1,97.68,0.00,0.00,0.60,0,0.00,3,4465.45,0,0,2,java.lang.Object,0.00,4,0,16,0,4,8,0,15,855,3
"org.apache.lucene.util.PriorityQueue",13,0.17,1.92,91,0.81,41100.11,16,3,0,13,27,63.29,140,112,27,1,111.76,0.00,0.00,0.49,5,0.00,5,2432.82,0,1,0,java.lang.Object,0.00,0,0,25,33,0,12,0,40,541,2
"org.apache.lucene.util.RamUsageEstimator",21,0.03,2.67,221,3.64,237744.53,43,22,5,62,46,59.26,150,303,43,1,101.55,0.00,0.00,0.07,5,165.00,11,10930.55,0,2,3,java.lang.Object,0.00,41,0,56,0,41,19,0,67,1916,2
"org.apache.lucene.util.RamUsageEstimator$SuppressWarnings",0,0.00,0.00,2,0.02,257.00,1,1,5,0,0,171.00,0,4,0,1,171.00,0.00,0.00,0.00,0,0.00,0,57.11,0,0,0,java.lang.Object,0.00,0,0,0,0,0,0,0,0,15,3
"org.apache.lucene.util.RamUsageEstimator$SuppressWarnings_0",0,0.00,0.00,2,0.02,281.30,2,2,5,0,0,171.00,0,4,0,1,171.00,0.00,0.00,0.00,0,0.00,0,62.51,0,0,0,java.lang.Object,0.00,0,0,0,0,0,0,0,0,16,3
"org.apache.lucene.util.ReaderUtil",5,0.00,2.80,40,0.45,31668.23,5,0,8,14,22,74.92,30,52,19,1,107.14,0.00,0.00,0.00,1,5.00,5,1364.07,0,2,3,java.lang.Object,0.00,9,0,14,0,9,3,0,13,286,2
"org.apache.lucene.util.ReaderUtil$Gather",5,0.50,1.40,21,0.18,6885.01,6,1,8,7,1,123.75,2,25,0,1,123.75,0.00,0.00,0.60,2,2.00,3,546.76,0,0,1,java.lang.Object,0.00,2,0,7,0,2,5,0,2,130,3
"org.apache.lucene.util.RecyclingByteBlockAllocator",9,0.12,1.67,64,0.69,38556.92,14,5,2,15,5,68.47,67,78,2,2,110.76,0.00,0.50,0.31,0,6.00,4,2077.94,0,0,3,ByteBlockPool.Allocator,0.00,6,1,15,0,6,9,0,9,426,2
"org.apache.lucene.util.RollingCharBuffer",6,0.43,2.17,66,0.80,58674.77,12,6,2,9,3,100.79,29,80,1,1,100.55,0.00,0.00,0.53,2,0.00,6,2392.77,0,0,2,java.lang.Object,0.00,3,0,13,0,3,6,0,18,478,2
"org.apache.lucene.util.ScorerDocQueue",16,0.20,1.50,94,0.88,40118.98,20,4,3,23,3,138.68,63,116,1,1,118.07,0.00,0.00,0.44,5,0.00,4,2629.31,0,2,2,java.lang.Object,0.00,7,0,24,0,7,14,0,33,597,1
"org.apache.lucene.util.ScorerDocQueue$HeapedScorerDoc",3,0.25,1.00,10,0.06,590.42,5,2,3,4,1,135.14,0,9,0,1,135.14,0.00,0.00,0.33,0,4.00,1,184.69,0,0,1,java.lang.Object,0.00,1,0,3,0,1,3,0,0,56,1
"org.apache.lucene.util.SetOnce",4,0.00,1.25,16,0.13,2346.76,6,2,1,7,3,78.21,40,22,3,1,126.69,0.00,0.00,0.50,0,0.00,2,396.73,0,0,0,java.lang.Object,0.00,3,0,5,0,3,4,0,7,99,2
"org.apache.lucene.util.SetOnce$AlreadySetException",1,0.00,1.00,3,0.02,116.92,1,0,1,1,0,136.92,0,5,0,2,136.92,0.00,0.50,0.00,0,1.00,1,46.46,0,0,0,java.lang.RuntimeException,0.00,0,1,1,0,0,1,0,0,16,3
"org.apache.lucene.util.SimpleStringInterner",2,0.50,3.00,27,0.35,24639.08,4,2,0,8,3,96.51,32,32,1,2,96.98,0.00,0.50,0.75,0,0.00,5,1044.57,0,1,2,org.apache.lucene.util.StringInterner,0.00,6,1,6,0,6,1,0,8,205,1
"org.apache.lucene.util.SimpleStringInterner$Entry",1,3.00,1.00,8,0.06,986.53,4,3,0,1,0,113.73,0,10,0,1,113.73,0.00,0.00,0.00,0,1.00,1,182.48,0,0,0,java.lang.Object,0.00,0,0,1,0,0,1,0,0,50,2
"org.apache.lucene.util.SlowRAMDirectory",6,0.07,2.00,30,0.36,9805.81,9,3,5,12,6,159.35,12,46,2,3,119.46,0.00,0.67,0.28,0,0.00,4,1078.67,2,3,4,org.apache.lucene.store.RAMDirectory,0.00,6,2,12,0,6,3,0,4,241,1
"org.apache.lucene.util.SlowRAMDirectory$SlowIndexInput",10,0.06,1.20,32,0.29,5991.85,12,2,5,20,1,131.29,0,33,0,3,131.29,0.00,0.67,0.55,0,0.00,2,866.68,0,1,1,org.apache.lucene.store.IndexInput,0.64,10,2,12,0,10,9,0,0,220,1
"org.apache.lucene.util.SlowRAMDirectory$SlowIndexOutput",8,0.07,1.25,27,0.24,5199.93,10,2,5,16,1,131.00,0,30,0,3,131.00,0.00,0.67,0.56,0,0.00,2,734.93,0,0,1,org.apache.lucene.store.IndexOutput,0.78,8,2,10,0,8,8,0,0,184,1
"org.apache.lucene.util.SmallFloat",6,0.00,3.00,42,0.66,31568.65,6,0,0,8,2,59.92,59,56,2,1,109.92,0.00,0.00,0.00,0,6.00,4,1981.84,0,0,0,java.lang.Object,0.00,2,0,18,0,2,6,0,24,399,1
"org.apache.lucene.util.SmartRandom",2,1.00,1.50,9,0.07,1056.93,3,1,1,4,0,147.62,6,14,0,2,127.01,0.00,0.50,0.50,0,2.00,2,213.87,1,0,0,java.util.Random,0.00,2,1,3,0,2,2,0,3,55,1
"org.apache.lucene.util.SortedVIntList",10,0.05,1.40,49,0.45,11155.73,17,7,4,16,3,106.59,50,63,1,2,124.47,0.00,0.50,0.10,0,26.00,2,1345.70,0,1,2,org.apache.lucene.search.DocIdSet,0.00,6,1,14,0,6,9,0,11,312,1
"org.apache.lucene.util.SortedVIntList$DocIdSetIterator",4,0.44,2.00,28,0.22,6013.84,7,3,4,4,0,114.30,1,36,0,1,114.30,0.00,0.00,0.67,1,0.00,3,654.83,0,0,0,java.lang.Object,0.00,0,0,8,0,0,4,0,1,154,0
"org.apache.lucene.util.SortedVIntList$SortedVIntListBuilder",3,0.50,2.00,19,0.20,9671.38,4,1,4,7,1,164.19,4,27,0,1,114.19,0.00,0.00,0.67,0,0.00,4,585.58,0,0,1,java.lang.Object,0.00,4,0,6,0,4,3,0,4,122,1
"org.apache.lucene.util.SorterTemplate",12,0.45,3.08,119,1.25,106557.96,14,2,0,13,5,124.67,41,143,5,1,104.05,0.00,0.00,0.08,8,32.00,10,3745.47,0,0,0,java.lang.Object,0.00,1,0,37,0,1,12,0,12,786,2
"org.apache.lucene.util.StoreClassNameRule",2,1.00,2.00,11,0.10,2264.40,3,1,3,7,0,170.72,3,16,0,1,120.72,0.00,0.00,0.50,0,2.00,2,294.45,0,2,0,java.lang.Object,0.00,5,0,4,0,5,0,1,1,70,1
"org.apache.lucene.util.StoreClassNameRule$Statement",1,0.00,1.00,6,0.03,567.43,1,0,3,2,0,120.29,0,9,0,1,120.29,0.00,0.00,0.00,0,0.00,1,104.00,0,0,0,java.lang.Object,0.00,1,0,1,0,1,1,0,0,28,0
"org.apache.lucene.util.StressRamUsageEstimator",6,1.00,3.17,82,1.06,44671.85,7,1,9,28,1,138.58,16,94,0,2,98.69,0.00,0.50,0.17,2,10.00,5,3191.87,0,0,1,LuceneTestCase,0.00,22,1,19,0,22,6,0,10,594,1
"org.apache.lucene.util.StressRamUsageEstimator$Entry",1,1.00,1.00,9,0.06,1425.84,3,2,9,2,0,110.57,0,12,0,1,110.57,0.00,0.00,0.50,0,0.00,1,175.74,0,1,0,java.lang.Object,0.00,1,0,1,0,1,0,0,0,48,1
"org.apache.lucene.util.StringHelper",4,1.00,1.75,13,0.17,7493.30,5,1,2,7,37,77.30,39,20,35,1,127.30,0.00,0.00,0.25,0,6.00,4,515.47,0,2,2,java.lang.Object,0.00,3,0,7,0,3,2,0,6,121,2
"org.apache.lucene.util.StringHelper$Comparator<String>",1,0.00,8.00,16,0.20,14054.74,1,0,2,5,0,132.83,2,23,0,1,92.94,0.00,0.00,0.00,0,1.00,8,614.89,0,0,0,java.lang.Object,0.00,4,0,8,0,4,1,0,2,125,0
"org.apache.lucene.util.StringInterner",2,0.00,1.00,5,0.04,803.71,2,0,0,4,2,109.88,26,8,2,1,139.26,0.00,0.00,0.00,1,2.00,1,132.97,0,2,0,java.lang.Object,0.00,2,0,2,1,2,0,0,4,39,1
"org.apache.lucene.util.SuppressWarnings",1,0.00,1.00,4,0.08,1217.98,1,0,0,2,2,164.20,74,27,2,1,124.24,0.00,0.00,0.00,0,1.00,1,251.93,0,0,0,java.lang.Object,0.00,1,0,1,0,1,1,0,19,58,1
"org.apache.lucene.util.SystemPropertiesInvariantRule",1,0.00,1.00,3,0.02,180.47,1,0,8,2,0,135.43,0,5,0,1,135.43,0.00,0.00,0.00,0,1.00,1,57.02,0,1,0,java.lang.Object,0.00,1,0,1,0,1,0,1,0,18,1
"org.apache.lucene.util.SystemPropertiesInvariantRule$Statement",2,0.00,6.00,46,0.85,84604.71,2,0,8,23,1,83.36,1,68,0,1,83.36,0.00,0.00,0.00,0,2.00,9,2541.24,0,0,1,java.lang.Object,0.00,21,0,12,0,21,2,0,1,453,0
"org.apache.lucene.util.SystemPropertiesRestoreRule",3,0.00,3.67,29,0.36,18389.24,3,0,4,15,9,145.17,7,37,9,1,105.28,0.00,0.00,0.00,0,3.00,6,1074.92,0,2,0,java.lang.Object,0.00,12,0,11,0,12,1,1,5,218,1
"org.apache.lucene.util.SystemPropertiesRestoreRule$Statement",1,0.00,2.00,8,0.09,3419.82,1,0,4,6,0,159.32,1,12,0,1,109.32,0.00,0.00,0.00,0,1.00,2,280.63,0,0,0,java.lang.Object,0.00,5,0,2,0,5,1,0,1,62,0
"org.apache.lucene.util.TestArrayUtil",12,0.00,2.83,165,1.99,97602.95,12,0,2,34,2,148.42,18,171,0,2,98.42,0.00,0.50,0.00,2,12.00,8,5963.79,0,2,2,LuceneTestCase,0.00,22,1,34,0,22,10,0,18,1181,1
"org.apache.lucene.util.TestArrayUtil$Item",3,0.50,1.00,9,0.08,1153.37,5,2,2,4,0,132.85,0,14,0,1,132.85,0.00,0.00,0.17,0,4.00,1,231.60,0,1,0,java.lang.Object,0.00,1,0,3,0,1,2,1,0,65,1
"org.apache.lucene.util.TestAttributeSource",7,0.00,1.86,135,2.10,94174.24,7,0,5,51,12,130.53,15,158,0,2,90.64,0.00,0.50,0.00,0,7.00,4,6286.91,0,0,12,LuceneTestCase,0.00,44,1,13,0,44,7,0,15,1140,1
"org.apache.lucene.util.TestAttributeSource$AttributeReflector",1,0.00,2.00,4,0.05,847.12,1,0,5,3,1,125.33,0,5,0,1,125.33,0.00,0.00,0.00,0,1.00,2,143.71,0,0,1,java.lang.Object,0.00,2,0,2,0,2,1,0,0,34,0
"org.apache.lucene.util.TestAttributeSource$Deprecated",5,0.50,1.00,13,0.10,1370.76,6,1,5,6,2,140.57,0,17,0,2,140.57,0.00,0.50,0.60,0,2.00,1,311.03,0,1,2,org.apache.lucene.util.AttributeImpl,0.33,1,1,5,0,1,4,1,0,85,1
"org.apache.lucene.util.TestAttributeSource$Deprecated_0",0,0.00,0.00,1,0.01,90.00,0,0,5,0,0,171.00,0,2,0,2,171.00,0.00,0.50,0.00,0,0.00,0,27.00,0,0,0,TestAttributeImpl,0.00,0,1,0,0,0,0,0,0,9,1
"org.apache.lucene.util.TestBitUtil",8,0.00,2.00,96,1.07,65824.35,8,0,0,16,1,99.75,2,100,0,2,99.75,0.00,0.50,0.00,3,8.00,3,3215.49,0,0,1,LuceneTestCase,0.00,8,1,16,0,8,8,0,2,654,1
"org.apache.lucene.util.TestBitVector",13,0.00,1.77,138,1.31,65427.15,13,0,3,26,3,125.03,41,136,0,2,104.42,0.00,0.50,0.00,7,13.00,4,3939.97,0,0,3,LuceneTestCase,0.00,13,1,23,0,13,13,0,17,828,1
"org.apache.lucene.util.TestByteBlockPool",1,0.00,4.00,36,0.49,25448.42,1,0,7,24,5,87.07,17,39,0,2,77.93,0.00,0.50,0.00,0,1.00,4,1483.95,0,0,5,LuceneTestCase,0.00,23,1,4,0,23,1,0,2,244,1
"org.apache.lucene.util.TestBytesRef",3,0.00,1.33,24,0.27,6140.21,3,0,0,10,1,93.30,16,26,0,2,111.17,0.00,0.50,0.00,0,3.00,2,814.55,0,0,1,LuceneTestCase,0.00,7,1,4,0,7,3,0,1,177,1
"org.apache.lucene.util.TestBytesRefHash",11,0.00,3.55,254,3.38,255089.63,13,2,11,53,4,106.15,34,263,0,2,85.54,0.00,0.50,0.50,2,0.00,5,10127.65,1,2,4,LuceneTestCase,0.00,42,1,39,0,42,9,0,12,1756,1
"org.apache.lucene.util.TestCharacterUtils",7,0.00,1.86,111,1.87,72341.81,7,0,5,22,1,95.38,3,146,0,2,95.38,0.00,0.50,0.00,0,7.00,3,5601.65,0,0,1,LuceneTestCase,0.00,15,1,13,0,15,7,0,1,1062,1
"org.apache.lucene.util.TestCharsRef",3,0.00,2.33,46,0.55,20486.58,3,0,1,21,2,78.87,16,42,0,2,96.74,0.00,0.50,0.00,0,3.00,3,1644.23,0,0,2,LuceneTestCase,0.00,18,1,7,0,18,3,0,1,319,1
"org.apache.lucene.util.TestCloseableThreadLocal",3,1.00,1.00,14,0.15,2818.80,4,1,0,10,1,175.13,4,19,0,2,125.13,0.00,0.50,0.33,0,4.00,1,463.29,0,0,1,LuceneTestCase,0.00,7,1,3,0,7,3,0,4,111,1
"org.apache.lucene.util.TestCloseableThreadLocal$InitValueThreadLocal",1,0.00,1.00,3,0.02,222.62,1,0,0,1,1,134.72,0,6,0,2,134.72,0.00,0.50,0.00,0,0.00,1,65.07,0,1,1,org.apache.lucene.util.CloseableThreadLocal,0.29,0,1,1,0,0,0,0,0,20,1
"org.apache.lucene.util.TestCollectionUtil",6,0.00,1.67,84,1.00,46871.42,6,0,5,18,1,147.47,6,83,0,2,97.47,0.00,0.50,0.00,1,6.00,2,3010.64,0,1,1,LuceneTestCase,0.00,12,1,10,0,12,5,0,6,622,1
"org.apache.lucene.util.TestDoubleBarrelLRUCache",4,0.33,3.25,68,0.71,57433.30,6,2,1,15,1,131.98,8,55,0,2,92.09,0.00,0.50,0.25,1,6.00,7,2129.01,0,0,1,org.apache.lucene.util.LuceneTestCase,0.00,11,1,13,0,11,4,0,8,419,1
"org.apache.lucene.util.TestDoubleBarrelLRUCache$CacheThread",2,0.50,3.50,30,0.35,17834.06,6,4,1,8,1,95.73,0,41,0,2,95.73,0.00,0.50,0.50,0,2.00,6,1046.59,0,0,1,org.apache.lucene.util.Thread,0.00,6,1,7,0,6,2,0,0,199,1
"org.apache.lucene.util.TestDoubleBarrelLRUCache$CloneableInteger",4,0.33,1.00,10,0.09,1343.94,5,1,1,6,0,139.88,0,18,0,2,139.88,0.00,0.50,0.75,1,0.00,1,284.06,0,1,0,DoubleBarrelLRUCache.CloneableKey,0.00,2,1,4,0,2,3,0,0,78,2
"org.apache.lucene.util.TestDoubleBarrelLRUCache$CloneableObject",4,0.33,1.00,10,0.09,1312.38,5,1,1,6,0,139.96,0,18,0,2,139.96,0.00,0.50,0.75,1,0.00,1,282.44,0,1,0,DoubleBarrelLRUCache.CloneableKey,0.00,2,1,4,0,2,3,0,0,78,2
"org.apache.lucene.util.TestFieldCacheSanityChecker",6,0.37,1.50,81,1.33,62878.97,12,6,12,30,9,147.69,6,99,0,2,97.69,0.00,0.50,0.47,0,0.00,3,3998.19,2,0,9,org.apache.lucene.util.LuceneTestCase,0.00,24,1,9,0,24,6,0,6,708,1
"org.apache.lucene.util.TestFixedBitSet",15,0.00,2.80,215,2.93,322898.21,15,0,3,55,2,143.89,21,211,0,2,93.89,0.00,0.50,0.00,10,15.00,6,8784.07,0,2,2,LuceneTestCase,0.00,40,1,42,0,40,13,0,16,1620,1
"org.apache.lucene.util.TestIOUtils",1,0.00,10.00,36,0.54,26718.23,1,0,4,18,2,117.44,2,52,0,2,77.56,0.00,0.50,0.00,0,1.00,10,1626.37,0,0,2,LuceneTestCase,0.00,17,1,10,0,17,1,0,2,285,1
"org.apache.lucene.util.TestIOUtils$BrokenCloseable",2,1.00,1.00,6,0.05,565.41,3,1,4,3,0,133.90,1,9,0,1,133.90,0.00,0.00,0.50,0,2.00,1,135.23,0,0,0,java.lang.Object,0.00,1,0,2,0,1,2,1,1,39,2
"org.apache.lucene.util.TestIOUtils$TestException",1,0.00,1.00,3,0.01,94.05,1,0,4,1,0,137.66,0,5,0,2,137.66,0.00,0.50,0.00,0,1.00,1,42.11,0,0,0,java.lang.Exception,0.00,0,1,1,0,0,1,0,0,15,2
"org.apache.lucene.util.TestIndexableBinaryStringTools",15,0.32,2.80,209,4.07,274800.56,17,2,3,41,3,95.64,13,304,0,2,95.64,0.00,0.50,0.20,2,40.00,10,12205.63,0,4,3,LuceneTestCase,0.00,26,1,42,0,26,11,0,13,2178,1
"org.apache.lucene.util.TestNumericUtils",16,2.00,3.31,206,4.24,265444.80,18,2,4,50,5,117.85,55,385,2,2,97.24,0.00,0.50,0.00,4,16.00,8,12734.59,0,0,3,LuceneTestCase,0.00,34,1,53,0,34,16,0,55,2331,1
"org.apache.lucene.util.TestNumericUtils$NumericUtils.IntRangeBuilder",1,0.00,5.00,15,0.24,15087.12,1,0,4,8,0,114.47,3,16,0,1,93.85,0.00,0.00,0.00,0,1.00,5,717.00,0,0,0,java.lang.Object,0.00,7,0,5,0,7,1,0,3,133,0
"org.apache.lucene.util.TestNumericUtils$NumericUtils.LongRangeBuilder",1,0.00,5.00,15,0.25,16009.71,1,0,4,9,0,114.27,3,16,0,1,93.65,0.00,0.00,0.00,0,1.00,5,751.04,0,0,0,java.lang.Object,0.00,8,0,5,0,8,1,0,3,137,0
"org.apache.lucene.util.TestOpenBitSet",17,0.00,2.24,231,3.22,304516.17,17,0,2,67,3,145.77,20,234,0,2,95.77,0.00,0.50,0.00,13,17.00,6,9664.11,0,2,3,LuceneTestCase,0.00,50,1,38,0,50,15,0,15,1781,1
"org.apache.lucene.util.TestPagedBytes",1,0.00,6.00,31,0.47,34366.02,1,0,3,16,3,79.24,0,35,0,2,79.24,0.00,0.50,0.00,0,1.00,6,1401.51,0,0,3,LuceneTestCase,0.00,15,1,6,0,15,1,0,0,237,1
"org.apache.lucene.util.TestPriorityQueue",5,0.00,1.40,59,0.63,23943.94,5,0,1,18,1,153.10,9,63,0,2,103.10,0.00,0.50,0.00,1,5.00,3,1897.11,0,0,1,LuceneTestCase,0.00,13,1,7,0,13,5,0,9,391,1
"org.apache.lucene.util.TestPriorityQueue$IntegerQueue",2,0.00,1.00,6,0.05,603.72,2,0,1,2,1,133.67,0,10,0,2,133.67,0.00,0.50,0.00,0,2.00,1,141.04,1,0,1,org.apache.lucene.util.PriorityQueue,0.00,0,1,2,0,0,2,0,0,41,2
"org.apache.lucene.util.TestRamUsageEstimator",1,0.00,1.00,11,0.12,3174.53,1,0,1,5,1,104.58,0,13,0,2,104.58,0.00,0.50,0.00,0,1.00,1,374.61,0,0,1,org.apache.lucene.util.LuceneTestCase,0.00,4,1,1,0,4,1,0,0,86,1
"org.apache.lucene.util.TestRamUsageEstimator$Holder",2,3.00,1.00,8,0.05,659.83,5,3,1,2,0,128.71,0,10,0,1,128.71,0.00,0.00,0.00,0,2.00,1,160.34,0,0,0,java.lang.Object,0.00,0,0,2,0,0,2,0,0,45,3
"org.apache.lucene.util.TestRamUsageEstimator$HolderSubclass2",0,0.00,0.00,1,0.01,49.13,0,0,2,0,0,171.00,1,2,0,2,171.00,0.00,0.50,0.00,0,0.00,0,19.65,0,0,0,org.apache.lucene.util.Holder,0.00,0,1,0,0,0,0,0,1,7,2
"org.apache.lucene.util.TestRamUsageEstimator$SuppressWarnings",2,6.00,1.00,9,0.07,954.73,8,6,2,2,0,127.45,0,12,0,1,127.45,0.00,0.00,0.00,0,2.00,1,211.04,0,0,0,java.lang.Object,0.00,0,0,2,0,0,2,0,0,54,2
"org.apache.lucene.util.TestRamUsageEstimator$SuppressWarnings_0",0,0.00,0.00,3,0.03,320.00,2,2,2,0,0,171.00,0,5,0,2,171.00,0.00,0.50,0.00,0,0.00,0,80.00,0,0,0,org.apache.lucene.util.Holder,0.00,0,1,0,0,0,0,0,0,20,2
"org.apache.lucene.util.TestRecyclingByteBlockAllocator",5,0.00,2.80,104,1.43,99993.99,5,0,6,24,1,88.60,23,101,0,2,88.36,0.00,0.50,0.00,1,5.00,5,4277.83,1,1,1,LuceneTestCase,0.00,19,1,14,0,19,4,0,5,748,1
"org.apache.lucene.util.TestRollingCharBuffer",1,0.00,16.00,53,0.84,103068.34,1,0,1,17,1,87.18,3,66,0,2,66.57,0.00,0.50,0.00,0,1.00,16,2515.96,0,0,1,LuceneTestCase,0.00,16,1,16,0,16,1,0,3,405,1
"org.apache.lucene.util.TestSetOnce",4,0.00,2.25,35,0.51,22318.99,4,0,3,18,1,107.62,0,42,0,2,107.62,0.00,0.50,0.00,0,4.00,6,1542.66,0,0,1,LuceneTestCase,0.00,14,1,9,0,14,4,0,0,304,1
"org.apache.lucene.util.TestSetOnce$SetOnceThread",2,0.67,2.00,12,0.15,2521.35,5,3,3,11,1,157.28,4,20,0,2,117.40,0.00,0.50,0.67,0,0.00,3,436.38,0,0,1,org.apache.lucene.util.Thread,0.00,9,1,4,0,9,2,0,4,97,3
"org.apache.lucene.util.TestSmallFloat",5,0.00,3.40,72,1.04,50226.60,5,0,0,17,1,52.32,59,83,0,2,96.45,0.00,0.50,0.00,2,5.00,5,3109.45,0,0,1,LuceneTestCase,0.00,12,1,17,0,12,5,0,28,580,1
"org.apache.lucene.util.TestSortedVIntList",29,0.11,1.55,132,1.42,61742.80,34,5,5,43,3,122.23,8,161,1,2,122.23,0.00,0.50,0.09,8,227.00,5,4253.51,0,0,2,LuceneTestCase,0.00,14,1,45,0,14,29,0,8,960,1
"org.apache.lucene.util.TestStringIntern",3,0.25,2.33,36,0.32,11974.40,5,2,1,9,0,152.19,5,32,0,2,102.19,0.00,0.50,0.33,1,4.00,3,969.88,0,1,0,LuceneTestCase,0.00,6,1,7,0,6,2,0,5,205,1
"org.apache.lucene.util.TestStringIntern$Thread",1,0.00,5.00,20,0.24,12961.31,1,0,1,7,1,110.33,3,22,0,1,89.71,0.00,0.00,0.00,0,0.00,5,720.55,0,0,1,java.lang.Object,0.00,6,0,5,0,6,1,0,3,137,0
"org.apache.lucene.util.TestTwoPhaseCommitTool",5,0.00,2.60,62,0.70,30902.30,5,0,4,16,2,140.56,13,67,0,2,100.67,0.00,0.50,0.00,0,5.00,5,2107.15,1,0,2,LuceneTestCase,0.00,11,1,13,0,11,5,0,13,417,1
"org.apache.lucene.util.TestTwoPhaseCommitTool$TwoPhaseCommitImpl",6,0.00,1.50,30,0.27,5869.45,13,7,4,10,1,121.28,0,41,0,1,121.28,0.00,0.00,0.14,2,14.00,2,817.32,0,0,1,java.lang.Object,0.00,4,0,9,0,4,6,1,0,193,2
"org.apache.lucene.util.TestVersion",1,0.00,2.00,8,0.10,2885.35,1,0,0,6,0,109.91,0,10,0,2,109.91,0.00,0.50,0.00,0,1.00,2,305.40,0,0,0,LuceneTestCase,0.00,5,1,2,0,5,1,0,0,72,1
"org.apache.lucene.util.TestVersionComparator",1,0.00,1.00,21,0.38,23077.28,1,0,1,5,1,107.93,3,23,0,2,87.32,0.00,0.50,0.00,0,1.00,1,1143.95,0,0,1,LuceneTestCase,0.00,4,1,1,0,4,1,0,1,226,1
"org.apache.lucene.util.TestVirtualMethod",4,0.17,2.00,38,0.58,20355.37,6,2,0,13,2,88.18,22,55,1,2,106.06,2.00,0.25,0.38,0,4.00,5,1749.03,0,0,1,LuceneTestCase,0.00,9,1,8,2,9,4,0,7,362,1
"org.apache.lucene.util.TestVirtualMethod$TestClass1",2,0.00,1.00,3,0.03,183.18,2,0,0,2,1,155.55,0,6,0,3,155.55,0.00,0.67,0.00,0,2.00,1,78.91,0,0,1,org.apache.lucene.util.TestVirtualMethod,0.50,0,2,2,0,0,2,0,0,26,1
"org.apache.lucene.util.TestVirtualMethod$TestClass2",1,0.00,1.00,2,0.02,107.10,1,0,0,1,0,193.79,1,4,0,2,143.79,0.00,0.50,0.00,0,1.00,1,47.21,0,0,0,org.apache.lucene.util.TestClass1,0.00,0,1,1,0,0,1,0,1,16,1
"org.apache.lucene.util.TestVirtualMethod$TestClass3",1,0.00,1.00,2,0.02,107.10,1,0,0,1,0,143.79,0,4,0,2,143.79,0.00,0.50,0.00,0,1.00,1,47.21,0,0,0,org.apache.lucene.util.TestClass2,0.00,0,1,1,0,0,1,0,0,16,1
"org.apache.lucene.util.TestVirtualMethod$TestClass4",0,0.00,0.00,1,0.01,31.02,0,0,0,0,1,171.00,0,2,0,3,171.00,0.00,0.67,0.00,0,0.00,0,15.51,0,0,1,org.apache.lucene.util.TestVirtualMethod,0.00,0,2,0,0,0,0,0,0,6,1
"org.apache.lucene.util.TestVirtualMethod$TestClass5",0,0.00,0.00,1,0.01,31.02,0,0,0,0,0,171.00,0,2,0,2,171.00,0.00,0.50,0.00,0,0.00,0,15.51,0,0,0,org.apache.lucene.util.TestClass4,0.00,0,1,0,0,0,0,0,0,6,1
"org.apache.lucene.util.TestWeakIdentityMap",2,0.00,5.00,100,1.35,154835.86,2,0,6,29,1,50.88,10,97,0,2,68.76,0.00,0.50,0.00,0,2.00,7,4056.30,0,0,1,LuceneTestCase,0.00,27,1,10,0,27,2,0,10,691,1
"org.apache.lucene.util.TestWeakIdentityMap$Runnable",1,0.00,7.00,20,0.25,11621.25,1,0,6,12,0,140.01,1,26,0,1,90.01,0.00,0.00,0.00,0,1.00,7,750.80,0,0,0,java.lang.Object,0.00,11,0,7,0,11,1,0,1,137,0
"org.apache.lucene.util.ThreadInterruptedException",1,0.00,1.00,3,0.02,124.13,1,0,0,1,31,176.01,21,5,31,2,136.71,0.00,0.50,0.00,0,1.00,1,49.65,0,0,0,java.lang.RuntimeException,0.00,0,1,1,0,0,1,0,2,17,2
"org.apache.lucene.util.ThreeLongs",3,0.00,1.00,12,0.18,4881.93,6,3,0,7,1,80.96,23,17,1,1,123.25,0.00,0.00,0.33,0,4.00,1,532.66,0,2,0,java.lang.Object,0.00,4,0,3,0,4,1,0,2,127,0
"org.apache.lucene.util.ThrottledIndexOutput",16,0.05,1.25,69,0.75,18914.82,26,10,3,28,5,124.29,1,108,2,3,124.29,0.00,0.67,0.15,3,52.00,3,2242.88,0,1,3,org.apache.lucene.store.IndexOutput,0.69,12,2,20,0,12,15,0,1,517,1
"org.apache.lucene.util.ToStringUtils",3,0.00,2.00,14,0.15,4839.82,3,0,0,6,26,80.83,23,16,26,1,123.12,0.00,0.00,0.00,0,3.00,3,437.17,0,1,0,java.lang.Object,0.00,3,0,6,0,3,2,0,4,99,2
"org.apache.lucene.util.TwoPhaseCommit",5,0.00,1.00,6,0.05,456.14,5,0,2,5,6,111.44,58,7,6,1,155.56,0.00,0.00,0.00,0,5.00,1,160.16,0,0,0,,0.00,0,0,5,0,0,5,0,7,51,1
"org.apache.lucene.util.TwoPhaseCommitTool",2,0.00,5.50,32,0.29,19519.17,2,0,2,7,2,114.43,66,40,1,1,94.28,0.00,0.00,0.00,1,2.00,7,864.47,0,0,1,java.lang.Object,0.00,5,0,11,0,5,2,0,15,180,2
"org.apache.lucene.util.TwoPhaseCommitTool$CommitFailException",1,0.00,1.00,4,0.03,257.28,1,0,2,2,1,129.56,0,6,0,2,129.56,0.00,0.50,0.00,0,1.00,1,86.26,0,0,1,java.io.IOException,0.00,1,1,1,0,1,1,0,0,25,2
"org.apache.lucene.util.TwoPhaseCommitTool$PrepareCommitFailException",1,0.00,1.00,4,0.03,257.28,1,0,2,2,1,129.56,0,6,0,2,129.56,0.00,0.50,0.00,0,1.00,1,86.26,0,0,1,java.io.IOException,0.00,1,1,1,0,1,1,0,0,25,2
"org.apache.lucene.util.TwoPhaseCommitTool$TwoPhaseCommitWrapper",6,0.10,1.00,16,0.16,2627.96,8,2,2,9,1,138.97,0,23,0,1,138.97,0.00,0.00,0.42,2,10.00,1,467.37,0,0,1,java.lang.Object,0.00,3,0,6,0,3,6,1,0,124,3
"org.apache.lucene.util.UncaughtExceptionsRule",5,0.17,1.00,18,0.16,2973.09,8,3,9,11,1,171.24,11,26,0,1,131.36,0.00,0.00,0.20,0,10.00,1,477.72,0,1,1,java.lang.Object,0.00,6,0,5,0,6,4,1,5,118,1
"org.apache.lucene.util.UncaughtExceptionsRule$Statement",1,0.00,5.00,19,0.19,9861.76,1,0,9,10,0,131.36,2,26,0,1,91.48,0.00,0.00,0.00,0,0.00,5,575.78,0,0,0,java.lang.Object,0.00,9,0,5,0,9,1,0,2,108,0
"org.apache.lucene.util.UncaughtExceptionsRule$SuppressWarnings",1,0.00,1.00,3,0.03,375.83,1,0,9,1,0,132.92,0,6,0,2,132.92,0.00,0.50,0.00,0,1.00,1,100.96,0,0,0,java.lang.RuntimeException,0.00,0,1,1,0,0,1,0,0,28,2
"org.apache.lucene.util.UncaughtExceptionsRule$Thread.UncaughtExceptionHandler",1,0.00,4.00,20,0.27,9637.25,1,0,9,16,0,130.66,2,25,0,1,90.78,0.00,0.00,0.00,0,0.00,4,821.19,0,0,0,java.lang.Object,0.00,15,0,4,0,15,1,0,2,146,0
"org.apache.lucene.util.UncaughtExceptionsRule$UncaughtExceptionEntry",1,2.00,1.00,6,0.04,570.78,3,2,9,1,0,120.27,0,8,0,1,120.27,0.00,0.00,0.00,0,1.00,1,130.51,0,0,0,java.lang.Object,0.00,0,0,1,0,0,1,0,0,37,2
"org.apache.lucene.util.UnicodeUtil",12,0.04,6.58,326,6.81,963416.82,28,16,0,21,25,127.83,295,390,23,1,78.55,0.00,0.00,0.10,1,62.00,9,20441.14,0,1,3,java.lang.Object,0.00,9,0,79,0,9,11,0,80,3430,2
"org.apache.lucene.util.UnicodeUtil$UTF16Result",2,0.67,1.50,11,0.11,2083.70,5,3,0,4,1,121.07,0,15,0,1,121.07,0.00,0.00,0.67,1,0.00,2,341.67,0,0,1,java.lang.Object,0.00,2,0,3,0,2,2,0,0,86,3
"org.apache.lucene.util.UnicodeUtil$UTF8Result",1,0.00,2.00,7,0.07,1235.25,3,2,0,2,1,114.97,0,10,0,1,114.97,0.00,0.00,1.00,0,0.00,2,197.95,0,0,1,java.lang.Object,0.00,1,0,2,0,1,1,0,0,50,3
"org.apache.lucene.util.UnsafeByteArrayInputStream",10,0.14,1.10,28,0.25,3710.71,14,4,3,10,2,91.41,84,44,2,2,139.52,0.00,0.50,0.38,1,0.00,2,752.88,0,0,0,java.io.InputStream,0.00,0,1,11,0,0,10,0,9,196,1
"org.apache.lucene.util.UnsafeByteArrayInputStreamTest",5,0.00,3.20,95,1.10,75853.11,5,0,5,15,1,110.72,17,96,0,2,90.11,0.00,0.50,0.00,0,5.00,5,3304.62,0,0,1,org.apache.lucene.util.LuceneTestCase,0.00,10,1,16,0,10,5,0,2,628,1
"org.apache.lucene.util.UnsafeByteArrayOutputStream",11,0.03,1.36,40,0.38,10361.55,14,3,2,13,3,79.71,106,57,3,2,129.71,0.00,0.50,0.30,2,26.00,3,1151.04,0,0,0,java.io.OutputStream,0.00,2,1,15,0,2,11,0,20,271,1
"org.apache.lucene.util.UnsafeByteArrayOutputStreamTest",7,0.00,4.29,170,1.69,123715.18,7,0,4,14,1,125.62,18,139,0,2,85.73,0.00,0.50,0.00,0,7.00,7,5065.44,0,0,1,org.apache.lucene.util.LuceneTestCase,0.00,7,1,30,0,7,7,0,3,974,1
"org.apache.lucene.util.Vint8",6,1.00,3.83,81,1.26,120847.86,7,1,4,9,4,94.77,98,96,4,1,95.24,0.00,0.00,0.00,0,6.00,5,3772.56,0,0,0,java.lang.Object,0.00,3,0,23,0,3,6,0,11,746,1
"org.apache.lucene.util.Vint8$Position",2,1.00,1.00,5,0.03,236.45,3,1,4,2,0,125.58,11,8,0,1,143.45,0.00,0.00,0.00,0,2.00,1,79.51,0,0,0,java.lang.Object,0.00,0,0,2,0,0,2,0,4,26,2
"org.apache.lucene.util.Vint8Test",5,0.25,2.20,57,0.84,42369.45,8,3,6,15,1,56.91,55,65,0,2,101.04,0.00,0.50,0.53,0,0.00,3,2513.54,0,0,1,org.apache.lucene.util.LuceneTestCase,0.00,10,1,11,0,10,5,0,9,502,1
"org.apache.lucene.util.VirtualMethod",5,0.00,3.80,36,0.63,26981.99,10,5,4,22,8,72.22,63,53,7,1,109.78,0.00,0.00,0.20,2,14.00,8,1899.90,0,0,1,java.lang.Object,0.00,17,0,19,0,17,5,0,8,374,2
"org.apache.lucene.util.WeakIdentityMap",11,0.15,1.27,35,0.38,7874.00,13,2,6,23,5,170.55,22,49,5,1,130.67,0.00,0.00,0.36,2,0.00,3,1147.33,0,2,0,java.lang.Object,0.00,12,0,14,0,12,9,0,3,287,2
"org.apache.lucene.util.WeakIdentityMap$IdentityWeakReference",3,0.00,2.33,16,0.16,4123.63,5,2,6,6,0,120.02,1,23,0,2,120.02,0.00,0.50,0.50,0,1.00,4,478.97,0,0,0,java.lang.ref.WeakReference,0.00,3,1,7,0,3,3,0,1,113,3
"org.apache.lucene.util._TestIgnoredException",4,0.00,1.50,15,0.15,3476.45,4,0,1,11,0,129.96,2,23,0,2,129.96,0.00,0.50,0.00,0,4.00,2,457.57,3,1,0,java.lang.RuntimeException,0.00,7,1,6,0,7,3,0,2,113,1
"org.apache.lucene.util._TestUtil",26,0.18,3.04,259,4.74,226404.66,31,5,30,109,87,144.01,62,359,71,1,104.12,0.00,0.00,0.03,7,74.00,10,14228.37,0,14,16,java.lang.Object,0.00,83,0,79,0,83,12,0,40,2448,1
"org.apache.lucene.util._TestUtil$AttributeReflector",1,0.00,2.00,3,0.05,847.12,1,0,30,3,0,129.99,0,4,0,1,129.99,0.00,0.00,0.00,0,1.00,2,143.71,0,0,0,java.lang.Object,0.00,2,0,2,0,2,1,0,0,34,0
"org.apache.lucene.util._TestUtil$TempFileLocker",0,0.00,0.00,1,0.01,38.77,0,0,30,0,0,171.00,0,1,0,1,171.00,0.00,0.00,0.00,0,0.00,0,15.51,0,0,0,java.lang.Object,0.00,0,0,0,0,0,0,0,0,6,2
"org.apache.solr.request.Deprecated",1,0.00,1.00,3,0.04,403.06,1,0,1,1,2,100.46,6,5,0,4,132.69,0.00,0.75,0.00,0,1.00,1,111.52,0,0,2,org.apache.solr.common.params.AppendedSolrParams,0.00,0,3,1,0,0,1,0,2,32,1
"org.apache.solr.request.JSONWriterTest",3,0.00,1.00,34,0.43,10655.01,3,0,12,16,9,154.19,4,40,0,3,104.20,0.00,0.67,0.00,0,3.00,1,1286.98,1,0,9,org.apache.solr.SolrTestCaseJ4,0.00,13,2,3,0,13,3,0,2,251,1
"org.apache.solr.request.LocalSolrQueryRequest",5,1.00,1.80,25,0.49,25175.11,6,1,8,15,35,165.64,5,30,29,2,115.64,0.00,0.50,0.00,0,5.00,5,1472.60,0,1,6,org.apache.solr.request.SolrQueryRequestBase,0.00,10,1,9,0,10,4,0,3,289,1
"org.apache.solr.request.ServletSolrParams",2,0.00,2.00,9,0.09,2883.15,2,0,2,5,4,163.39,4,13,3,3,123.51,0.00,0.67,0.00,0,2.00,3,273.92,0,1,1,org.apache.solr.common.params.MultiMapSolrParams,0.00,3,2,4,0,3,1,0,2,68,1
"org.apache.solr.request.SimpleFacets",18,0.12,7.50,441,9.31,1052580.96,29,11,28,149,40,33.04,181,624,3,1,81.51,0.00,0.00,0.20,4,0.00,22,27919.13,0,10,38,java.lang.Object,0.00,131,0,135,0,131,8,0,99,4306,1
"org.apache.solr.request.SimpleFacets$Comparator",1,0.00,4.00,4,0.07,2473.61,1,0,28,2,0,121.50,0,6,0,1,121.50,0.00,0.00,0.00,0,1.00,4,213.13,0,0,0,java.lang.Object,0.00,1,0,4,0,1,1,0,0,50,0
"org.apache.solr.request.SimpleFacets$CountPair",4,0.33,1.25,13,0.20,5798.11,6,2,28,8,0,128.26,0,21,0,2,128.26,0.00,0.50,0.75,1,0.00,2,609.03,0,0,0,java.lang.Comparable,0.00,4,1,5,0,4,4,1,0,146,2
"org.apache.solr.request.SimpleFacets$DateRangeEndpointCalculator",5,1.00,1.20,17,0.23,4336.61,6,1,28,12,3,130.02,0,31,0,2,130.02,0.00,0.50,0.20,0,8.00,2,685.47,0,4,3,org.apache.solr.request.RangeEndpointCalculator,0.00,7,1,6,0,7,1,0,0,159,2
"org.apache.solr.request.SimpleFacets$DoubleRangeEndpointCalculator",3,0.00,1.00,7,0.08,1590.14,3,0,28,7,1,138.32,0,12,0,2,138.32,0.00,0.50,0.00,0,3.00,1,253.62,0,2,1,org.apache.solr.request.RangeEndpointCalculator,0.00,4,1,3,0,4,1,0,0,68,2
"org.apache.solr.request.SimpleFacets$FloatRangeEndpointCalculator",3,0.00,1.00,7,0.08,1590.14,3,0,28,7,1,138.32,0,12,0,2,138.32,0.00,0.50,0.00,0,3.00,1,253.62,0,2,1,org.apache.solr.request.RangeEndpointCalculator,0.00,4,1,3,0,4,1,0,0,68,2
"org.apache.solr.request.SimpleFacets$IntegerRangeEndpointCalculator",3,0.00,1.00,7,0.08,1590.14,3,0,28,7,1,138.32,0,12,0,2,138.32,0.00,0.50,0.00,0,3.00,1,253.62,0,2,1,org.apache.solr.request.RangeEndpointCalculator,0.00,4,1,3,0,4,1,0,0,68,2
"org.apache.solr.request.SimpleFacets$LongRangeEndpointCalculator",3,0.00,1.00,7,0.08,1590.14,3,0,28,7,1,138.32,0,12,0,2,138.32,0.00,0.50,0.00,0,3.00,1,253.62,0,2,1,org.apache.solr.request.RangeEndpointCalculator,0.00,4,1,3,0,4,1,0,0,68,2
"org.apache.solr.request.SimpleFacets$RangeEndpointCalculator",8,0.71,1.38,22,0.33,6758.52,9,1,28,11,2,136.89,37,44,0,2,136.65,0.00,0.50,0.38,3,14.00,2,994.78,0,3,2,java.lang.Comparable,0.00,3,1,11,0,3,5,0,7,229,3
"org.apache.solr.request.SimpleFacetsTest",45,0.31,1.67,261,9.54,536614.66,48,3,5,51,1,162.71,63,1515,0,3,112.71,0.00,0.67,0.03,18,127.00,15,28632.27,6,0,1,org.apache.solr.SolrTestCaseJ4,0.00,6,2,75,0,6,45,0,62,4762,1
"org.apache.solr.request.SolrQueryRequest",17,0.00,1.00,18,0.11,791.11,17,0,7,17,198,178.48,61,25,193,1,157.87,0.00,0.00,0.00,0,17.00,1,326.23,0,11,6,,0.00,0,0,17,0,0,6,0,19,121,1
"org.apache.solr.request.SolrQueryRequestBase",24,0.02,1.38,76,0.86,20934.39,36,12,10,38,18,150.59,76,121,9,1,129.97,0.00,0.00,0.07,1,284.00,3,2578.56,0,15,9,java.lang.Object,0.00,14,0,33,2,14,9,1,28,599,2
"org.apache.solr.request.SolrRequestHandler",2,0.00,1.00,3,0.02,103.29,2,0,3,2,26,157.04,33,4,22,2,157.51,0.00,0.50,0.00,0,2.00,1,63.69,0,0,4,,0.00,0,1,2,0,0,2,0,3,22,1
"org.apache.solr.request.SolrRequestInfo",9,0.02,1.33,37,0.33,7329.34,14,5,4,21,13,125.55,2,49,10,1,125.55,0.00,0.00,0.18,0,42.00,3,996.93,0,4,4,java.lang.Object,0.00,12,0,12,0,12,5,0,2,235,1
"org.apache.solr.request.TestBinaryResponseWriter",3,0.00,1.33,22,0.38,7903.86,3,0,12,24,9,133.09,9,28,0,3,112.47,0.00,0.67,0.00,0,4.00,2,1136.70,3,2,9,org.apache.solr.util.AbstractSolrTestCase,0.17,21,2,4,0,21,1,0,2,199,1
"org.apache.solr.request.TestFaceting",10,0.33,2.30,124,2.25,165220.08,12,2,7,33,3,147.34,16,190,0,3,97.34,0.00,0.67,0.20,4,26.00,7,6746.68,10,1,3,org.apache.solr.SolrTestCaseJ4,0.09,23,2,23,0,23,9,0,14,1177,1
"org.apache.solr.request.TestRemoteStreaming",8,0.00,1.12,44,0.51,11012.67,8,0,18,29,7,170.18,9,61,0,4,120.18,0.00,0.75,0.00,3,8.00,2,1542.91,2,2,7,org.apache.solr.SolrJettyTestBase,0.00,21,3,9,0,21,6,0,7,337,1
"org.apache.solr.request.TestWriterPerf",10,0.08,1.90,89,1.44,61132.62,14,4,9,37,8,157.35,16,111,0,3,107.35,0.00,0.67,0.18,4,34.00,8,4316.28,5,4,8,org.apache.solr.util.AbstractSolrTestCase,0.28,27,2,19,0,27,6,0,16,757,1
"org.apache.solr.request.UnInvertedField",10,0.25,12.00,479,8.01,1387731.98,24,14,27,95,28,106.86,212,525,4,1,67.56,0.00,0.00,0.29,4,6.00,33,24022.28,0,5,25,java.lang.Object,0.00,85,0,120,0,85,5,0,139,3510,1
"org.apache.solr.request.UnInvertedField$NumberedTermEnum",12,0.20,2.33,82,1.07,65833.41,18,6,27,29,4,162.33,14,111,0,2,112.33,0.00,0.50,0.35,3,0.00,9,3201.81,0,2,4,org.apache.lucene.index.TermEnum,0.50,17,1,28,0,17,10,0,12,643,0
"org.apache.solr.request.UnInvertedField$PrimUtils.IntComparator",1,0.00,1.00,3,0.03,670.66,1,0,27,1,0,130.94,0,5,0,1,130.94,0.00,0.00,0.00,0,0.00,1,95.46,0,0,0,java.lang.Object,0.00,0,0,1,0,0,1,0,0,27,0
"org.apache.solr.request.UnInvertedField$TermIndex",6,0.05,1.17,25,0.25,4576.82,14,8,27,10,2,165.69,14,31,0,1,125.81,0.00,0.00,0.08,0,14.00,2,757.20,0,3,2,java.lang.Object,0.00,4,0,7,0,4,3,0,5,181,0
"org.apache.solr.request.UnInvertedField$TermIndex$NumberedTermEnum_0",4,0.67,1.75,19,0.26,7678.27,5,1,27,11,1,122.56,0,29,0,1,122.56,0.00,0.00,0.50,0,4.00,3,779.91,2,0,1,java.lang.Object,0.00,7,0,7,0,7,4,0,0,167,0
"org.apache.solr.request.UnInvertedField$TopTerm",1,1.00,1.00,5,0.04,492.64,3,2,27,3,1,144.34,3,9,0,1,123.72,0.00,0.00,0.50,0,0.00,1,134.97,0,0,1,java.lang.Object,0.00,2,0,1,0,2,1,0,3,37,1
"org.apache.solr.common.params.AnalysisParams",0,0.00,0.00,7,0.09,1895.90,6,6,0,0,5,171.00,25,8,5,1,171.00,0.00,0.00,0.00,0,0.00,0,276.48,0,0,0,,0.00,0,0,0,0,0,0,0,8,62,1
"org.apache.solr.common.params.AppendedSolrParams",3,0.00,1.67,17,0.22,13890.62,3,0,0,5,3,155.83,8,25,2,3,115.94,0.50,0.50,0.00,0,1.00,3,647.21,0,2,2,org.apache.solr.common.params.DefaultSolrParams,0.08,2,2,5,1,2,1,0,2,146,1
"org.apache.solr.common.params.CommonParams",0,0.00,0.00,24,0.40,6892.36,22,22,1,0,81,171.00,35,24,81,1,171.00,0.00,0.00,0.00,0,0.00,0,1190.96,0,0,0,,0.00,0,0,0,0,0,0,0,24,206,1
"org.apache.solr.common.params.CommonParams$EchoParamStyle",1,10.00,5.00,22,0.30,8153.27,11,10,1,4,0,47.46,7,31,0,1,89.75,0.00,0.00,0.00,0,1.00,5,913.29,0,1,0,java.lang.Object,0.00,3,0,5,0,3,0,0,3,169,1
"org.apache.solr.common.params.CoreAdminParams",0,0.00,0.00,18,0.27,4713.10,16,16,1,0,8,171.00,21,19,8,1,171.00,0.00,0.00,0.00,0,0.00,0,824.79,0,0,0,,0.00,0,0,0,0,0,0,0,17,152,1
"org.apache.solr.common.params.CoreAdminParams$CoreAdminAction",1,0.00,3.00,7,0.08,1436.76,1,0,1,3,0,114.36,0,24,0,1,114.36,0.00,0.00,0.00,0,1.00,3,238.57,0,1,0,java.lang.Object,0.00,2,0,3,0,2,0,0,0,55,1
"org.apache.solr.common.params.DefaultSolrParams",5,0.38,1.40,21,0.25,8085.78,7,2,2,10,4,173.20,6,31,3,2,123.20,2.00,0.25,0.80,0,0.00,2,750.17,0,4,2,org.apache.solr.common.params.SolrParams,0.05,5,1,7,2,5,1,0,2,181,1
"org.apache.solr.common.params.DisMaxParams",0,0.00,0.00,11,0.13,1707.05,10,10,0,0,4,171.00,23,12,4,1,171.00,0.00,0.00,0.00,0,0.00,0,403.82,0,0,0,,0.00,0,0,0,0,0,0,0,11,84,1
"org.apache.solr.common.params.EventParams",0,0.00,0.00,4,0.04,529.87,3,3,0,0,3,171.00,21,5,3,1,171.00,0.00,0.00,0.00,0,0.00,0,121.11,0,0,0,,0.00,0,0,0,0,0,0,0,3,31,1
"org.apache.solr.common.params.FacetParams",0,0.00,0.00,34,0.71,19243.03,32,32,2,0,14,171.00,167,34,13,1,171.00,0.00,0.00,0.00,0,0.00,0,2120.73,0,0,1,,0.00,0,0,0,0,0,0,0,30,346,1
"org.apache.solr.common.params.FacetParams$FacetRangeOther",2,0.00,1.50,8,0.09,1722.21,2,0,2,6,1,175.34,3,15,0,1,125.34,0.00,0.00,0.00,0,2.00,2,263.81,1,2,1,java.lang.Object,0.00,4,0,3,0,4,0,0,1,64,1
"org.apache.solr.common.params.FacetParams$FacetRangeOther$Deprecated",2,0.00,1.50,8,0.09,1788.93,2,0,2,6,1,75.21,19,14,0,1,125.21,0.00,0.00,0.00,0,2.00,2,277.19,1,1,1,java.lang.Object,0.00,4,0,3,0,4,1,0,1,67,1
"org.apache.solr.common.params.FacetParams$FacetRangeOther$Deprecated$FacetRangeInclude",3,0.00,2.33,16,0.23,9412.48,3,0,2,13,1,157.08,8,27,0,1,117.20,0.00,0.00,0.00,0,3.00,4,703.25,1,3,1,java.lang.Object,0.00,10,0,7,0,10,0,0,5,149,1
"org.apache.solr.common.params.GroupParams",0,0.00,0.00,15,0.27,6112.79,14,14,0,0,5,171.00,37,16,5,1,171.00,0.00,0.00,0.00,0,0.00,0,818.68,0,0,0,,0.00,0,0,0,0,0,0,0,13,156,1
"org.apache.solr.common.params.HighlightParams",0,0.00,0.00,37,0.88,21625.30,36,36,0,0,19,171.00,6,38,19,1,171.00,0.00,0.00,0.00,0,0.00,0,2632.03,0,0,0,,0.00,0,0,0,0,0,0,0,3,414,1
"org.apache.solr.common.params.MapSolrParams",6,0.40,1.83,28,0.36,14529.48,7,1,4,16,22,121.75,4,38,21,2,121.75,0.00,0.50,0.67,0,0.00,5,1070.76,0,5,2,org.apache.solr.common.params.SolrParams,0.05,10,1,11,0,10,1,0,2,225,1
"org.apache.solr.common.params.ModifiableSolrParams",16,0.27,1.94,92,1.11,63842.45,17,1,6,35,57,156.30,35,129,56,2,116.42,1.00,0.33,0.75,3,0.00,6,3339.23,0,10,1,org.apache.solr.common.params.SolrParams,0.04,19,1,31,1,19,6,0,14,702,1
"org.apache.solr.common.params.ModifiableSolrParamsTest",8,0.14,1.12,62,0.74,19775.98,9,1,1,14,1,112.73,6,83,0,2,112.73,0.00,0.50,0.88,1,0.00,2,2230.79,2,0,1,org.apache.lucene.util.LuceneTestCase,0.00,6,1,9,0,6,8,0,1,485,1
"org.apache.solr.common.params.MoreLikeThisParams",0,0.00,0.00,17,0.30,7456.10,15,15,1,0,5,171.00,11,18,5,1,171.00,0.00,0.00,0.00,0,0.00,0,911.30,0,0,0,,0.00,0,0,0,0,0,0,0,9,169,1
"org.apache.solr.common.params.MoreLikeThisParams$TermStyle",1,0.00,4.00,10,0.09,1872.37,1,0,1,3,0,107.61,0,19,0,1,107.61,0.00,0.00,0.00,0,1.00,4,256.19,0,1,0,java.lang.Object,0.00,2,0,4,0,2,0,0,0,58,1
"org.apache.solr.common.params.MultiMapSolrParams",7,0.50,2.00,40,0.53,24837.10,8,1,4,20,17,116.81,4,52,16,2,116.81,1.00,0.33,0.57,0,3.00,6,1575.95,0,5,2,org.apache.solr.common.params.SolrParams,0.05,13,1,14,1,13,2,0,2,323,1
"org.apache.solr.common.params.QueryElevationParams",0,0.00,0.00,4,0.03,265.97,3,3,0,0,2,171.00,20,5,2,1,171.00,0.00,0.00,0.00,0,0.00,0,85.11,0,0,0,,0.00,0,0,0,0,0,0,0,2,23,1
"org.apache.solr.common.params.RequiredSolrParams",15,0.07,1.40,50,0.67,22734.46,16,1,2,26,3,178.08,21,90,2,2,128.08,0.00,0.50,0.93,0,0.00,3,2022.73,0,8,2,org.apache.solr.common.params.SolrParams,0.04,11,1,21,0,11,7,0,9,468,1
"org.apache.solr.common.params.ShardParams",0,0.00,0.00,7,0.08,1210.08,6,6,0,0,12,171.00,8,8,12,1,171.00,0.00,0.00,0.00,0,0.00,0,254.75,0,0,0,,0.00,0,0,0,0,0,0,0,6,58,1
"org.apache.solr.common.params.SolrParamTest",2,0.00,2.50,108,2.02,218539.16,2,0,4,28,3,28.93,24,120,0,2,66.49,0.00,0.50,0.00,0,2.00,3,6052.29,0,0,3,org.apache.lucene.util.LuceneTestCase,0.00,26,1,5,0,26,2,0,23,921,1
"org.apache.solr.common.params.SolrParamTest$Runnable",1,0.00,1.00,3,0.01,103.35,1,0,4,2,0,137.34,0,0,0,1,137.34,0.00,0.00,0.00,0,1.00,1,44.54,0,0,0,java.lang.Object,0.00,1,0,1,0,1,1,0,0,15,0
"org.apache.solr.common.params.SolrParamTest$Runnable_0",1,0.00,1.00,3,0.01,103.35,1,0,4,2,0,137.34,0,0,0,1,137.34,0.00,0.00,0.00,0,1.00,1,44.54,0,0,0,java.lang.Object,0.00,1,0,1,0,1,1,0,0,15,0
"org.apache.solr.common.params.SolrParamTest$Runnable_1",1,0.00,1.00,3,0.01,103.35,1,0,4,2,0,137.34,0,0,0,1,137.34,0.00,0.00,0.00,0,1.00,1,44.54,0,0,0,java.lang.Object,0.00,1,0,1,0,1,1,0,0,15,0
"org.apache.solr.common.params.SolrParamTest$Runnable_10",1,0.00,1.00,3,0.02,115.78,1,0,4,2,0,136.95,0,0,0,1,136.95,0.00,0.00,0.00,0,1.00,1,49.51,0,0,0,java.lang.Object,0.00,1,0,1,0,1,1,0,0,16,0
"org.apache.solr.common.params.SolrParamTest$Runnable_2",1,0.00,1.00,3,0.01,103.35,1,0,4,2,0,137.34,0,0,0,1,137.34,0.00,0.00,0.00,0,1.00,1,44.54,0,0,0,java.lang.Object,0.00,1,0,1,0,1,1,0,0,15,0
"org.apache.solr.common.params.SolrParamTest$Runnable_3",1,0.00,1.00,3,0.01,103.35,1,0,4,2,0,137.34,0,0,0,1,137.34,0.00,0.00,0.00,0,1.00,1,44.54,0,0,0,java.lang.Object,0.00,1,0,1,0,1,1,0,0,15,0
"org.apache.solr.common.params.SolrParamTest$Runnable_4",1,0.00,1.00,3,0.01,103.35,1,0,4,2,0,137.34,0,0,0,1,137.34,0.00,0.00,0.00,0,1.00,1,44.54,0,0,0,java.lang.Object,0.00,1,0,1,0,1,1,0,0,15,0
"org.apache.solr.common.params.SolrParamTest$Runnable_5",1,0.00,1.00,3,0.01,103.35,1,0,4,2,0,137.34,0,0,0,1,137.34,0.00,0.00,0.00,0,1.00,1,44.54,0,0,0,java.lang.Object,0.00,1,0,1,0,1,1,0,0,15,0
"org.apache.solr.common.params.SolrParamTest$Runnable_6",1,0.00,1.00,3,0.01,103.35,1,0,4,2,0,137.34,0,0,0,1,137.34,0.00,0.00,0.00,0,1.00,1,44.54,0,0,0,java.lang.Object,0.00,1,0,1,0,1,1,0,0,15,0
"org.apache.solr.common.params.SolrParamTest$Runnable_7",1,0.00,1.00,3,0.01,103.35,1,0,4,2,0,137.34,0,0,0,1,137.34,0.00,0.00,0.00,0,1.00,1,44.54,0,0,0,java.lang.Object,0.00,1,0,1,0,1,1,0,0,15,0
"org.apache.solr.common.params.SolrParamTest$Runnable_8",1,0.00,1.00,3,0.01,103.35,1,0,4,2,0,137.34,0,0,0,1,137.34,0.00,0.00,0.00,0,1.00,1,44.54,0,0,0,java.lang.Object,0.00,1,0,1,0,1,1,0,0,15,0
"org.apache.solr.common.params.SolrParamTest$Runnable_9",1,0.00,1.00,3,0.02,115.78,1,0,4,2,0,136.95,0,0,0,1,136.95,0.00,0.00,0.00,0,1.00,1,49.51,0,0,0,java.lang.Object,0.00,1,0,1,0,1,1,0,0,16,0
"org.apache.solr.common.params.SolrParams",32,0.00,2.31,146,2.04,70318.22,32,0,8,55,174,172.03,53,209,170,1,122.03,0.00,0.00,0.00,5,32.00,3,6131.75,0,22,9,java.lang.Object,0.00,23,0,74,9,23,10,1,33,1321,2
"org.apache.solr.common.params.SpatialParams",0,0.00,0.00,7,0.08,1210.08,6,6,0,0,2,171.00,31,8,2,1,171.00,0.00,0.00,0.00,0,0.00,0,254.75,0,0,0,,0.00,0,0,0,0,0,0,0,6,58,1
"org.apache.solr.common.params.SpellingParams",0,0.00,0.00,15,0.27,6112.79,14,14,0,0,7,171.00,75,16,7,1,171.00,0.00,0.00,0.00,0,0.00,0,818.68,0,0,0,,0.00,0,0,0,0,0,0,0,14,156,1
"org.apache.solr.common.params.StatsParams",0,0.00,0.00,4,0.05,840.00,3,3,0,0,6,171.00,3,5,6,1,171.00,0.00,0.00,0.00,0,0.00,0,140.00,0,0,0,,0.00,0,0,0,0,0,0,0,1,35,1
"org.apache.solr.common.params.TermVectorParams",0,0.00,0.00,10,0.16,3495.91,9,9,0,0,2,171.00,45,11,2,1,171.00,0.00,0.00,0.00,0,0.00,0,485.54,0,0,0,,0.00,0,0,0,0,0,0,0,10,101,1
"org.apache.solr.common.params.TermsParams",0,0.00,0.00,13,0.22,5274.68,11,11,1,0,5,171.00,32,13,5,1,171.00,0.00,0.00,0.00,0,0.00,0,651.20,0,0,0,,0.00,0,0,0,0,0,0,0,9,128,1
"org.apache.solr.common.params.TermsParams$TermsRegexpFlag",2,0.14,1.00,13,0.19,3980.79,9,7,1,2,0,83.77,13,24,0,1,115.99,0.00,0.00,0.07,0,2.00,1,576.30,0,0,0,java.lang.Object,0.00,0,0,2,0,0,2,0,4,131,2
"org.apache.solr.common.params.UpdateParams",0,0.00,0.00,12,0.16,2358.20,11,11,0,0,19,171.00,18,14,19,1,171.00,0.00,0.00,0.00,0,0.00,0,475.60,0,0,0,,0.00,0,0,0,0,0,0,0,11,96,1
"org.apache.lucene.analysis.lv.LatvianAnalyzer",5,0.50,1.80,21,0.28,7029.43,7,2,17,15,15,75.51,42,31,1,4,123.62,0.00,0.75,0.10,0,8.00,3,847.94,0,1,14,org.apache.lucene.analysis.StopwordAnalyzerBase,0.00,10,3,9,0,10,4,0,8,189,2
"org.apache.lucene.analysis.lv.LatvianAnalyzer$DefaultSetHolder",0,0.00,0.00,6,0.07,1211.01,1,1,17,0,3,171.00,2,11,0,1,171.00,0.00,0.00,0.00,0,0.00,0,217.37,0,0,3,java.lang.Object,0.00,0,0,0,0,0,0,0,2,50,2
"org.apache.lucene.analysis.lv.LatvianStemFilter",2,0.33,2.00,14,0.16,3794.18,5,3,6,8,9,113.74,9,20,3,4,113.50,0.00,0.75,0.50,0,2.00,3,481.98,0,0,6,org.apache.lucene.analysis.TokenFilter,0.29,6,3,4,0,6,2,0,1,107,2
"org.apache.lucene.analysis.lv.LatvianStemmer",3,1.00,7.00,70,1.36,103771.18,4,1,1,5,1,93.15,51,100,1,1,84.01,0.00,0.00,0.33,0,4.00,14,4089.23,0,0,0,java.lang.Object,0.00,2,0,21,0,2,3,0,11,746,1
"org.apache.lucene.analysis.lv.LatvianStemmer$Affix",1,3.00,1.00,8,0.06,700.70,4,3,1,2,0,135.52,3,10,0,1,114.90,0.00,0.00,0.00,0,1.00,1,178.75,0,0,0,java.lang.Object,0.00,1,0,1,0,1,1,0,3,48,1
"org.apache.lucene.analysis.lv.TestLatvianAnalyzer",4,0.00,1.00,15,0.16,2494.63,4,0,4,7,4,181.19,7,21,0,3,131.19,0.00,0.67,0.00,0,4.00,1,481.49,3,0,4,org.apache.lucene.analysis.BaseTokenStreamTestCase,0.00,3,2,4,0,3,4,0,6,114,1
"org.apache.lucene.analysis.lv.TestLatvianStemmer",9,0.00,1.00,184,1.78,58413.85,9,0,7,10,5,136.39,203,195,0,3,92.45,0.00,0.67,0.00,0,9.00,1,5337.00,1,0,5,org.apache.lucene.analysis.BaseTokenStreamTestCase,0.00,1,2,9,0,1,9,0,188,1111,1
"org.apache.lucene.analysis.lv.TestLatvianStemmer$ReusableAnalyzerBase",1,0.00,1.00,4,0.05,1009.20,1,0,7,4,3,124.89,0,6,0,1,124.89,0.00,0.00,0.00,0,1.00,1,159.62,0,0,3,java.lang.Object,0.00,3,0,1,0,3,1,0,0,38,0
"org.apache.lucene.analysis.cn.smart.hhmm.AbstractDictionary",6,3.00,2.00,62,0.76,34784.63,9,3,1,10,3,113.03,106,71,3,1,103.90,0.00,0.00,0.00,0,6.00,3,2267.14,0,1,0,java.lang.Object,0.00,4,0,12,2,4,5,0,46,462,1
"org.apache.lucene.analysis.cn.smart.hhmm.BiSegGraph",8,0.05,2.88,114,1.57,132665.38,11,3,6,37,7,76.90,46,132,1,1,94.78,0.00,0.00,0.38,4,4.00,8,4712.72,0,3,6,java.lang.Object,0.00,29,0,23,0,29,5,0,18,838,0
"org.apache.lucene.analysis.cn.smart.hhmm.BigramDictionary",11,0.09,3.45,130,1.65,123058.45,18,7,13,36,4,120.60,37,175,2,2,99.99,0.00,0.50,0.22,5,7.00,8,4962.30,2,1,2,org.apache.lucene.analysis.cn.smart.hhmm.AbstractDictionary,0.00,25,1,38,0,25,10,0,23,944,0
"org.apache.lucene.analysis.cn.smart.hhmm.HHMMSegmenter",3,1.00,7.33,104,1.66,362717.58,4,1,5,20,8,53.25,42,130,1,1,73.39,0.00,0.00,0.33,2,4.00,19,4968.61,0,1,7,java.lang.Object,0.00,17,0,22,0,17,2,0,24,806,1
"org.apache.lucene.analysis.cn.smart.hhmm.PathNode",3,0.50,3.33,21,0.28,9423.85,5,2,0,5,2,111.90,13,38,2,1,111.66,0.00,0.00,0.83,0,0.00,6,846.13,0,0,0,java.lang.Object,0.00,2,0,10,0,2,3,1,3,186,0
"org.apache.lucene.analysis.cn.smart.hhmm.SegGraph",7,0.00,2.29,55,0.60,25356.99,9,2,4,16,3,93.39,40,70,2,1,111.26,0.00,0.00,0.50,2,0.00,4,1813.27,0,4,1,java.lang.Object,0.00,9,0,16,0,9,3,0,8,380,0
"org.apache.lucene.analysis.cn.smart.hhmm.SegToken",3,0.75,4.33,39,0.44,18953.76,9,6,2,5,8,61.62,38,52,7,1,99.18,0.00,0.00,0.67,0,1.00,10,1315.25,0,0,1,java.lang.Object,0.00,2,0,13,0,2,3,0,11,280,1
"org.apache.lucene.analysis.cn.smart.hhmm.SegTokenFilter",1,0.00,10.00,20,0.28,28192.25,1,0,2,1,4,126.20,21,27,2,1,86.90,0.00,0.00,0.00,0,1.00,10,849.20,0,1,3,java.lang.Object,0.00,0,0,10,0,0,0,0,6,160,1
"org.apache.lucene.analysis.cn.smart.hhmm.SegTokenPair",3,0.62,3.67,34,0.41,17552.87,7,4,1,6,2,84.32,16,46,2,1,102.19,0.00,0.00,0.67,0,1.00,8,1216.27,0,0,0,java.lang.Object,0.00,3,0,11,0,3,3,0,5,254,0
"org.apache.lucene.analysis.cn.smart.hhmm.WordDictionary",19,0.16,3.74,255,3.44,315453.20,25,6,14,48,5,53.62,136,325,2,2,95.91,0.00,0.50,0.32,11,0.00,8,10319.29,2,1,3,org.apache.lucene.analysis.cn.smart.hhmm.AbstractDictionary,0.00,29,1,71,0,29,18,0,55,1978,0
"org.apache.lucene.util.packed.Direct16",9,0.00,1.33,39,0.37,13751.81,11,2,4,12,4,173.40,12,49,2,2,123.40,0.00,0.50,0.50,0,0.00,4,1098.03,0,1,2,PackedInts.ReaderImpl,0.00,3,1,12,0,3,8,1,3,253,0
"org.apache.lucene.util.packed.Direct32",9,0.00,1.22,34,0.32,9880.31,11,2,4,12,4,179.21,11,46,2,2,129.21,0.00,0.50,0.50,0,0.00,3,967.03,0,0,2,PackedInts.ReaderImpl,0.00,3,1,11,0,3,9,1,2,230,0
"org.apache.lucene.util.packed.Direct64",9,0.00,1.11,31,0.28,5743.58,11,2,4,12,4,181.09,11,42,2,2,131.09,0.00,0.50,0.50,0,0.00,2,827.89,0,0,2,PackedInts.ReaderImpl,0.00,3,1,10,0,3,9,1,2,204,0
"org.apache.lucene.util.packed.Direct8",9,0.00,1.33,39,0.37,13751.81,11,2,4,12,4,173.40,12,50,2,2,123.40,0.00,0.50,0.50,0,0.00,4,1098.03,0,1,2,PackedInts.ReaderImpl,0.00,3,1,12,0,3,8,1,3,253,0
"org.apache.lucene.util.packed.GrowableWriter",11,0.07,1.45,52,0.49,16696.31,14,3,0,24,3,163.29,24,63,2,1,123.40,0.00,0.00,0.39,2,0.00,4,1458.02,0,3,1,java.lang.Object,0.00,13,0,16,0,13,8,1,4,330,1
"org.apache.lucene.util.packed.Packed32",10,0.15,1.40,103,1.49,104381.49,23,13,4,15,4,59.68,71,127,2,2,101.97,0.00,0.50,0.21,1,0.00,3,4470.15,0,1,2,PackedInts.ReaderImpl,0.00,5,1,14,0,5,9,1,28,906,0
"org.apache.lucene.util.packed.Packed64",10,0.15,1.20,99,1.46,97293.41,23,13,4,13,4,61.67,71,117,2,2,103.96,0.00,0.50,0.21,1,0.00,2,4386.35,0,1,2,PackedInts.ReaderImpl,0.00,3,1,12,0,3,9,1,29,885,0
"org.apache.lucene.util.packed.PackedInts",7,0.28,2.29,56,0.69,29536.43,10,3,5,19,13,60.10,72,83,3,1,108.57,0.00,0.00,0.10,1,12.00,4,2083.85,0,3,11,java.lang.Object,0.00,12,0,16,0,12,4,0,15,430,1
"org.apache.lucene.util.packed.PackedInts$Mutable",2,0.00,1.00,3,0.02,88.15,2,0,5,2,0,158.29,8,4,0,2,158.05,0.00,0.50,0.00,0,2.00,1,54.46,0,0,0,,0.00,0,1,2,0,0,2,0,2,20,2
"org.apache.lucene.util.packed.PackedInts$Reader",5,0.00,1.00,6,0.02,75.37,5,0,5,5,0,143.85,28,7,0,1,161.72,0.00,0.00,0.00,0,5.00,1,61.44,0,1,0,,0.00,0,0,5,0,0,4,0,5,28,2
"org.apache.lucene.util.packed.PackedInts$ReaderImpl",6,0.30,1.00,17,0.12,2548.89,8,2,5,7,0,139.07,1,24,0,1,139.07,0.00,0.00,0.25,0,14.00,1,346.47,0,1,0,java.lang.Object,0.00,1,0,6,0,1,5,1,1,95,3
"org.apache.lucene.util.packed.PackedInts$Writer",3,3.00,1.00,14,0.13,2968.58,6,3,5,5,2,124.95,0,17,0,1,124.95,0.00,0.00,0.00,0,4.00,1,397.39,0,0,2,java.lang.Object,0.00,2,0,3,0,2,3,0,0,97,3
"org.apache.lucene.util.packed.PackedWriter",4,0.42,2.25,40,0.45,27604.65,8,4,2,6,2,85.41,23,53,1,2,103.28,0.00,0.50,0.56,1,0.00,3,1352.51,0,1,2,PackedInts.Writer,0.00,2,1,9,0,2,3,0,17,272,0
"org.apache.lucene.util.packed.TestPackedInts",13,0.00,2.77,155,2.12,88610.92,13,0,6,64,10,101.73,8,189,0,2,101.73,0.00,0.50,0.00,4,13.00,6,6351.52,0,1,10,org.apache.lucene.util.LuceneTestCase,0.00,51,1,36,0,51,12,0,3,1204,1
"org.apache.lucene.util.encoding.ChunksIntEncoder",4,0.53,1.50,29,0.24,5436.60,9,5,2,9,4,85.33,55,35,2,2,114.71,3.00,0.20,0.60,1,0.00,2,729.50,2,0,2,org.apache.lucene.util.encoding.IntEncoder,0.22,5,1,6,3,5,4,0,7,168,2
"org.apache.lucene.util.encoding.DGapIntDecoder",4,0.17,1.25,15,0.13,2889.72,6,2,2,7,3,98.42,24,24,2,2,130.64,0.00,0.50,0.62,0,0.00,2,394.81,0,1,1,org.apache.lucene.util.encoding.IntDecoder,0.33,3,1,5,0,3,3,0,2,101,1
"org.apache.lucene.util.encoding.DGapIntEncoder",5,0.75,1.00,14,0.13,2049.29,6,1,2,9,9,106.98,32,24,5,3,139.20,0.00,0.67,0.40,0,1.00,1,384.28,1,1,4,org.apache.lucene.util.encoding.IntEncoderFilter,0.46,4,2,5,0,4,4,0,3,102,1
"org.apache.lucene.util.encoding.EightFlagsIntDecoder",3,0.50,2.33,34,0.31,11383.42,7,4,2,7,3,59.65,33,41,1,2,103.77,0.00,0.50,0.58,0,1.00,5,940.20,1,1,2,org.apache.lucene.util.encoding.IntDecoder,0.40,4,1,7,0,4,2,0,8,207,1
"org.apache.lucene.util.encoding.EightFlagsIntEncoder",4,1.00,1.50,16,0.17,3858.31,5,1,1,6,5,80.82,46,26,2,3,124.95,0.00,0.67,0.25,0,8.00,3,510.33,1,2,3,org.apache.lucene.util.encoding.ChunksIntEncoder,0.23,2,2,6,0,2,2,0,4,117,1
"org.apache.lucene.util.encoding.EncodingSpeed",3,0.31,3.67,91,20.98,383524.21,11,8,14,28,9,27.28,24,588,0,1,75.39,0.00,0.00,0.33,2,6.00,9,62949.82,0,0,9,java.lang.Object,0.00,25,0,11,0,25,3,0,6,5617,1
"org.apache.lucene.util.encoding.EncodingTest",12,0.41,1.58,80,10.25,212838.58,14,2,17,52,10,158.41,20,355,0,2,108.41,0.00,0.50,0.12,4,28.00,3,30741.26,0,0,10,org.apache.lucene.util.LuceneTestCase,0.00,40,1,19,0,40,12,0,5,3084,1
"org.apache.lucene.util.encoding.FourFlagsIntDecoder",3,0.50,2.33,35,0.33,12444.53,7,4,2,7,4,59.34,33,42,2,2,103.47,1.00,0.33,0.58,0,1.00,5,988.99,1,1,2,org.apache.lucene.util.encoding.IntDecoder,0.40,4,1,7,1,4,2,0,8,215,1
"org.apache.lucene.util.encoding.FourFlagsIntEncoder",4,1.00,1.50,16,0.22,5818.82,5,1,1,6,6,103.40,56,31,3,3,123.54,0.50,0.50,0.25,0,8.00,3,665.18,1,1,3,org.apache.lucene.util.encoding.ChunksIntEncoder,0.23,2,2,6,1,2,3,0,5,147,1
"org.apache.lucene.util.encoding.IntDecoder",2,2.00,1.00,6,0.05,582.92,4,2,2,2,18,142.93,34,8,18,1,133.79,0.00,0.00,0.00,0,2.00,1,143.20,0,0,0,java.lang.Object,0.00,0,0,2,6,0,2,0,6,40,2
"org.apache.lucene.util.encoding.IntEncoder",5,1.00,1.20,10,0.07,833.25,6,1,2,6,15,151.36,85,15,14,1,142.23,0.00,0.00,0.20,0,8.00,2,209.82,0,1,1,java.lang.Object,0.00,1,0,6,10,1,4,0,7,63,2
"org.apache.lucene.util.encoding.IntEncoderFilter",3,0.50,1.00,8,0.07,940.85,4,1,2,5,4,95.98,33,14,3,2,140.11,3.00,0.20,0.67,0,1.00,1,195.97,0,0,1,org.apache.lucene.util.encoding.IntEncoder,0.25,2,1,3,3,2,3,0,4,56,2
"org.apache.lucene.util.encoding.NOnesIntDecoder",4,0.00,2.25,23,0.21,8309.57,6,2,2,4,3,76.32,30,35,2,3,118.62,0.00,0.67,0.50,0,2.00,6,617.10,3,1,1,org.apache.lucene.util.encoding.FourFlagsIntDecoder,0.67,0,2,9,0,0,3,0,5,144,1
"org.apache.lucene.util.encoding.NOnesIntEncoder",6,0.10,1.67,26,0.24,7270.80,8,2,2,7,6,74.14,55,42,3,4,124.14,0.00,0.75,0.42,0,6.00,4,730.18,4,1,3,org.apache.lucene.util.encoding.FourFlagsIntEncoder,0.84,1,3,10,0,1,5,0,10,174,1
"org.apache.lucene.util.encoding.SimpleIntDecoder",2,1.00,2.50,18,0.23,13507.16,3,1,2,4,3,75.66,26,27,2,2,105.04,0.00,0.50,0.50,0,2.00,4,702.04,0,1,1,org.apache.lucene.util.encoding.IntDecoder,0.50,2,1,5,0,2,1,0,4,135,1
"org.apache.lucene.util.encoding.SimpleIntEncoder",3,0.00,1.00,10,0.11,2588.41,3,0,1,5,5,81.61,31,17,2,2,130.08,0.00,0.50,0.00,0,4.00,1,334.21,0,2,3,org.apache.lucene.util.encoding.IntEncoder,0.50,2,1,3,0,2,1,0,3,84,1
"org.apache.lucene.util.encoding.SortingIntEncoder",6,0.00,1.50,31,0.31,10554.35,9,3,3,12,7,119.51,25,43,4,3,119.28,0.00,0.67,0.33,0,2.00,3,941.62,2,1,3,org.apache.lucene.util.encoding.IntEncoderFilter,0.64,6,2,9,0,6,5,0,3,214,1
"org.apache.lucene.util.encoding.UniqueValuesIntEncoder",5,0.25,1.20,16,0.15,2880.97,7,2,2,8,8,99.20,30,27,5,3,131.42,0.00,0.67,0.30,0,1.00,2,456.55,1,1,3,org.apache.lucene.util.encoding.IntEncoderFilter,0.46,3,2,6,0,3,4,0,4,117,2
"org.apache.lucene.util.encoding.VInt8IntDecoder",2,1.00,3.00,18,0.16,7074.75,3,1,1,4,4,63.08,22,27,3,2,107.21,0.00,0.50,0.50,0,2.00,5,484.27,0,1,1,org.apache.lucene.util.encoding.IntDecoder,0.50,2,1,6,0,2,1,0,2,101,1
"org.apache.lucene.util.encoding.VInt8IntEncoder",3,0.00,2.33,26,0.39,37153.69,3,0,1,5,8,84.75,43,34,5,2,104.89,0.00,0.50,0.00,0,4.00,5,1172.02,0,2,3,org.apache.lucene.util.encoding.IntEncoder,0.50,2,1,7,0,2,1,0,2,245,1
"org.apache.solr.client.solrj.request.AbstractUpdateRequest",16,0.23,1.50,56,0.66,14625.24,18,2,7,25,11,129.79,9,81,5,2,129.79,2.00,0.25,0.28,2,30.00,4,1972.15,0,7,6,org.apache.solr.client.solrj.SolrRequest,0.08,9,1,24,2,9,9,0,4,459,2
"org.apache.solr.client.solrj.request.AbstractUpdateRequest$ACTION",0,0.00,0.00,2,0.01,23.26,0,0,7,0,0,171.00,0,4,0,1,171.00,0.00,0.00,0.00,0,0.00,0,15.51,0,0,0,java.lang.Object,0.00,0,0,0,0,0,0,0,0,6,1
"org.apache.solr.client.solrj.request.ContentStreamUpdateRequest",4,0.33,1.00,11,0.11,1370.60,5,1,7,7,4,107.59,25,17,1,3,139.81,0.00,0.67,0.75,1,0.00,1,319.73,0,1,3,org.apache.solr.client.solrj.request.AbstractUpdateRequest,0.10,3,2,4,0,3,3,0,4,83,1
"org.apache.solr.client.solrj.request.CoreAdminRequest",18,0.29,1.22,84,1.05,25648.24,21,3,13,51,16,173.66,19,129,8,2,123.66,4.00,0.17,0.06,1,34.00,3,3161.69,0,13,8,org.apache.solr.client.solrj.SolrRequest,0.14,33,1,22,4,33,5,0,15,691,1
"org.apache.solr.client.solrj.request.CoreAdminRequest$Create",10,0.06,1.50,40,0.37,12052.43,14,4,13,15,4,124.19,0,41,0,3,124.19,0.00,0.67,0.20,0,38.00,6,1119.43,0,5,4,org.apache.solr.client.solrj.request.CoreAdminRequest,0.08,5,2,15,0,5,5,0,0,253,2
"org.apache.solr.client.solrj.request.CoreAdminRequest$MergeIndexes",6,0.20,1.83,28,0.27,8809.73,8,2,13,10,4,123.46,0,39,0,3,123.46,0.00,0.67,0.33,0,10.00,6,815.92,0,3,4,org.apache.solr.client.solrj.request.CoreAdminRequest,0.09,4,2,11,0,4,3,0,0,182,2
"org.apache.solr.client.solrj.request.CoreAdminRequest$Persist",4,0.33,1.50,16,0.14,3445.05,5,1,13,8,4,125.34,0,24,0,3,125.34,0.00,0.67,0.75,0,0.00,3,419.59,0,2,4,org.apache.solr.client.solrj.request.CoreAdminRequest,0.09,4,2,6,0,4,2,0,0,100,2
"org.apache.solr.client.solrj.request.CoreAdminRequest$Unload",4,0.67,1.00,13,0.10,1401.68,5,1,13,5,4,133.16,0,19,0,3,133.16,0.00,0.67,0.50,0,6.00,1,302.19,1,1,4,org.apache.solr.client.solrj.request.CoreAdminRequest,0.09,1,2,4,0,1,3,0,0,81,2
"org.apache.solr.client.solrj.request.DirectXmlRequest",5,0.25,1.00,18,0.18,3524.21,7,2,9,11,9,180.77,6,30,2,2,130.77,0.00,0.50,0.30,0,10.00,1,546.15,0,3,7,org.apache.solr.client.solrj.SolrRequest,0.27,6,1,5,0,6,2,0,1,132,1
"org.apache.solr.client.solrj.request.DocumentAnalysisRequest",13,0.17,1.23,50,0.48,10392.77,16,3,14,31,12,98.07,85,68,3,2,130.30,0.00,0.50,0.18,1,59.00,3,1446.79,0,10,9,org.apache.solr.client.solrj.SolrRequest,0.17,18,1,16,0,18,3,0,16,338,1
"org.apache.solr.client.solrj.request.FieldAnalysisRequest",18,0.04,1.50,78,0.73,19639.93,23,5,12,34,11,92.30,113,108,3,2,124.53,0.00,0.50,0.17,1,102.00,4,2203.75,0,15,8,org.apache.solr.client.solrj.SolrRequest,0.14,16,1,27,0,16,3,0,21,501,1
"org.apache.solr.client.solrj.request.JavaBinUpdateRequestCodec",5,0.00,5.00,81,1.25,74591.13,5,0,11,44,11,60.62,30,98,3,1,92.85,0.00,0.00,0.00,2,5.00,9,3753.51,0,4,8,java.lang.Object,0.00,39,0,25,0,39,1,0,6,689,1
"org.apache.solr.client.solrj.request.JavaBinUpdateRequestCodec$JavaBinCodec",1,0.00,2.00,6,0.05,1187.56,1,0,11,3,1,117.60,0,9,0,1,117.60,0.00,0.00,0.00,0,1.00,2,154.95,1,0,1,java.lang.Object,0.00,2,0,2,0,2,1,0,0,38,0
"org.apache.solr.client.solrj.request.JavaBinUpdateRequestCodec$JavaBinCodec_0",3,1.00,3.67,33,0.43,19765.34,4,1,11,15,5,141.67,6,39,0,1,101.78,0.00,0.00,0.33,1,4.00,6,1287.82,1,3,5,java.lang.Object,0.00,12,0,11,0,12,0,0,6,248,0
"org.apache.solr.client.solrj.request.JavaBinUpdateRequestCodec$StreamingUpdateHandler",1,0.00,1.00,2,0.01,66.01,1,0,11,1,2,145.44,0,3,0,1,145.44,0.00,0.00,0.00,0,1.00,1,40.14,0,0,2,,0.00,0,0,1,0,0,1,0,0,14,2
"org.apache.solr.client.solrj.request.LukeRequest",11,0.13,1.36,39,0.40,10326.36,14,3,12,22,9,179.72,14,64,1,2,129.72,0.00,0.50,0.21,0,36.00,4,1211.19,0,3,8,org.apache.solr.client.solrj.SolrRequest,0.19,11,1,15,0,11,8,0,8,279,1
"org.apache.solr.client.solrj.request.QueryRequest",7,0.50,1.71,29,0.30,9090.40,8,1,8,14,15,173.90,10,51,10,2,123.90,0.00,0.50,0.57,0,3.00,4,897.18,1,4,6,org.apache.solr.client.solrj.SolrRequest,0.35,7,1,12,0,7,3,0,4,206,1
"org.apache.solr.client.solrj.request.RequestWriter",7,1.00,1.43,27,0.32,7754.03,8,1,9,23,8,179.15,8,40,3,1,129.15,0.00,0.00,0.14,2,12.00,3,974.67,0,4,5,java.lang.Object,0.00,16,0,10,1,16,3,0,1,227,1
"org.apache.solr.client.solrj.request.RequestWriter$LazyContentStream",9,0.38,1.22,25,0.18,2725.63,11,2,9,17,2,140.19,0,38,0,1,140.19,0.00,0.00,0.17,1,19.00,3,547.77,0,7,2,java.lang.Object,0.00,8,0,11,0,8,2,1,0,152,1
"org.apache.solr.client.solrj.request.SolrPing",4,0.67,1.00,15,0.15,2931.69,5,1,8,10,7,180.64,5,26,2,2,130.64,0.00,0.50,0.50,0,4.00,1,436.87,0,3,6,org.apache.solr.client.solrj.SolrRequest,0.29,6,1,4,0,6,1,0,1,105,1
"org.apache.solr.client.solrj.request.TestUpdateRequestCodec",3,0.00,2.67,91,1.49,82199.68,3,0,15,34,5,80.96,14,105,0,2,80.73,0.00,0.50,0.00,1,3.00,3,4462.66,0,0,5,org.apache.lucene.util.LuceneTestCase,0.00,31,1,8,0,31,3,0,8,728,1
"org.apache.solr.client.solrj.request.TestUpdateRequestCodec$Iterable<String>",1,0.00,1.00,3,0.02,300.08,1,0,15,2,0,133.69,0,2,0,1,133.69,0.00,0.00,0.00,0,1.00,1,69.84,0,1,0,java.lang.Object,0.00,1,0,1,0,1,0,0,0,21,0
"org.apache.solr.client.solrj.request.TestUpdateRequestCodec$JavaBinUpdateRequestCodec.StreamingUpdateHandler",1,0.00,1.00,4,0.04,314.66,1,0,15,4,2,128.87,0,5,0,1,128.87,0.00,0.00,0.00,0,1.00,1,111.51,0,0,2,java.lang.Object,0.00,3,0,1,0,3,1,0,0,30,0
"org.apache.solr.client.solrj.request.TestUpdateRequestCodec$JavaBinUpdateRequestCodec.StreamingUpdateHandler_0",1,0.00,1.00,4,0.04,314.66,1,0,15,4,2,128.87,0,5,0,1,128.87,0.00,0.00,0.00,0,1.00,1,111.51,0,0,2,java.lang.Object,0.00,3,0,1,0,3,1,0,0,30,0
"org.apache.solr.client.solrj.request.UpdateRequest",19,0.04,2.37,114,1.31,55789.61,23,4,13,37,28,154.35,43,169,21,3,114.47,0.00,0.67,0.21,3,136.00,15,3919.92,0,14,7,org.apache.solr.client.solrj.request.AbstractUpdateRequest,0.27,18,2,45,0,18,5,0,21,814,1
"org.apache.solr.client.solrj.request.UpdateRequest$Deprecated",0,0.00,0.00,2,0.01,99.06,0,0,13,0,0,171.00,0,4,0,1,171.00,0.00,0.00,0.00,0,0.00,0,31.70,0,0,0,java.lang.Object,0.00,0,0,0,0,0,0,0,0,10,1
"org.apache.lucene.analysis.kuromoji.dict.BinaryDictionary",20,0.02,2.10,191,2.56,208900.93,36,16,13,45,12,153.59,23,214,6,1,103.59,0.00,0.00,0.08,9,62.00,9,7665.17,0,9,6,java.lang.Object,0.00,25,0,42,2,25,11,1,21,1417,2
"org.apache.lucene.analysis.kuromoji.dict.CharacterDefinition",7,0.06,1.29,53,0.88,43998.83,26,19,7,19,13,109.51,5,62,8,1,109.51,0.00,0.00,0.11,0,0.00,3,2648.45,0,1,5,java.lang.Object,0.00,12,0,9,0,12,6,0,3,505,2
"org.apache.lucene.analysis.kuromoji.dict.CharacterDefinition$CharacterClass",0,0.00,0.00,2,0.03,187.65,0,0,7,0,0,171.00,0,3,0,1,171.00,0.00,0.00,0.00,0,0.00,0,75.06,0,0,0,java.lang.Object,0.00,0,0,0,0,0,0,0,0,18,2
"org.apache.lucene.analysis.kuromoji.dict.CharacterDefinition$SingletonHolder",0,0.00,0.00,6,0.04,555.85,1,1,7,0,1,171.00,0,10,0,1,171.00,0.00,0.00,0.00,0,0.00,0,120.82,0,0,1,java.lang.Object,0.00,0,0,0,0,0,0,0,0,33,2
"org.apache.lucene.analysis.kuromoji.dict.ConnectionCosts",3,0.12,2.00,38,0.46,28609.00,7,4,7,10,12,149.25,4,41,7,1,99.25,0.00,0.00,0.33,0,5.00,4,1375.98,0,1,5,java.lang.Object,0.00,7,0,6,0,7,2,0,2,258,2
"org.apache.lucene.analysis.kuromoji.dict.ConnectionCosts$SingletonHolder",0,0.00,0.00,6,0.04,555.85,1,1,7,0,1,171.00,0,10,0,1,171.00,0.00,0.00,0.00,0,0.00,0,120.82,0,0,1,java.lang.Object,0.00,0,0,0,0,0,0,0,0,33,2
"org.apache.lucene.analysis.kuromoji.dict.Dictionary",9,1.00,1.00,11,0.10,730.83,10,1,0,9,5,113.67,67,12,5,1,155.96,0.00,0.00,0.00,0,9.00,1,308.78,0,6,0,,0.00,0,0,9,0,0,3,0,13,97,1
"org.apache.lucene.analysis.kuromoji.dict.TestTokenInfoDictionary",1,0.00,7.00,61,1.02,95380.80,1,0,7,27,7,32.52,6,63,0,2,64.74,0.00,0.50,0.00,0,1.00,7,3056.84,0,0,7,org.apache.lucene.util.LuceneTestCase,0.00,26,1,7,0,26,1,0,6,470,1
"org.apache.lucene.analysis.kuromoji.dict.TokenInfoDictionary",3,0.25,1.33,20,0.21,6024.27,5,2,7,9,11,165.90,5,27,5,2,115.90,0.00,0.50,0.33,0,5.00,2,623.79,0,1,6,org.apache.lucene.analysis.kuromoji.dict.BinaryDictionary,0.00,6,1,4,0,6,2,0,2,134,2
"org.apache.lucene.analysis.kuromoji.dict.TokenInfoDictionary$SingletonHolder",0,0.00,0.00,6,0.04,555.85,1,1,7,0,1,171.00,0,10,0,1,171.00,0.00,0.00,0.00,0,0.00,0,120.82,0,0,1,java.lang.Object,0.00,0,0,0,0,0,0,0,0,33,2
"org.apache.lucene.analysis.kuromoji.dict.TokenInfoFST",6,0.20,1.83,40,0.61,35062.01,10,4,3,13,3,152.06,13,49,2,1,112.17,0.00,0.00,0.42,0,0.00,3,1843.02,0,5,1,java.lang.Object,0.00,7,0,11,0,7,1,0,7,368,2
"org.apache.lucene.analysis.kuromoji.dict.UnknownDictionary",7,0.83,1.43,29,0.25,10224.89,8,1,1,10,6,123.54,4,40,4,2,123.54,0.00,0.50,0.29,0,13.00,4,754.36,0,4,2,org.apache.lucene.analysis.kuromoji.dict.BinaryDictionary,0.22,3,1,10,0,3,3,0,2,177,2
"org.apache.lucene.analysis.kuromoji.dict.UnknownDictionary$SingletonHolder",0,0.00,0.00,6,0.04,555.85,1,1,1,0,1,171.00,0,10,0,1,171.00,0.00,0.00,0.00,0,0.00,0,120.82,0,0,1,java.lang.Object,0.00,0,0,0,0,0,0,0,0,33,2
"org.apache.lucene.analysis.kuromoji.dict.UnknownDictionaryTest",2,1.00,2.50,29,0.36,11659.17,3,1,4,7,2,98.38,0,40,0,2,98.38,0.00,0.50,0.00,0,2.00,3,1073.63,0,0,2,org.apache.lucene.util.LuceneTestCase,0.00,5,1,5,0,5,2,0,0,211,1
"org.apache.lucene.analysis.kuromoji.dict.UserDictionary",16,0.04,2.19,141,2.09,142489.91,24,8,15,58,12,126.65,48,156,5,1,106.03,0.00,0.00,0.09,2,116.00,7,6262.48,0,9,7,java.lang.Object,0.00,42,0,35,0,42,7,1,35,1121,2
"org.apache.lucene.analysis.kuromoji.dict.UserDictionary$Comparator<String",1,0.00,1.00,3,0.04,532.69,1,0,15,2,0,181.73,1,4,0,1,131.73,0.00,0.00,0.00,0,1.00,1,107.76,0,0,0,java.lang.Object,0.00,1,0,1,0,1,1,0,1,30,0
"org.apache.lucene.analysis.kuromoji.dict.UserDictionaryTest",4,0.00,1.00,34,0.55,16484.87,4,0,10,14,3,129.46,13,43,0,2,108.85,0.00,0.50,0.00,0,4.00,1,1637.89,0,0,3,org.apache.lucene.util.LuceneTestCase,0.00,10,1,4,0,10,4,0,13,329,1
"org.apache.lucene.analysis.cjk.CJKAnalyzer",5,1.00,1.40,22,0.35,8627.09,6,1,12,14,12,80.68,37,41,2,4,122.97,0.00,0.75,0.00,0,8.00,2,1054.28,0,1,10,org.apache.lucene.analysis.StopwordAnalyzerBase,0.00,9,3,7,0,9,4,0,11,216,2
"org.apache.lucene.analysis.cjk.CJKAnalyzer$DefaultSetHolder",0,0.00,0.00,2,0.05,1007.86,1,1,12,3,1,171.00,0,5,0,1,171.00,0.00,0.00,0.00,0,0.00,0,142.13,0,0,1,java.lang.Object,0.00,3,0,0,0,3,0,0,0,31,2
"org.apache.lucene.analysis.cjk.CJKBigramFilter",10,0.22,2.90,139,1.68,88963.87,36,26,8,26,11,50.00,88,159,4,4,98.10,0.00,0.75,0.24,6,0.00,9,5052.52,1,0,7,org.apache.lucene.analysis.TokenFilter,0.36,16,3,29,0,16,10,0,50,948,2
"org.apache.lucene.analysis.cjk.CJKWidthFilter",3,0.12,3.33,33,1.01,70186.71,7,4,5,7,8,55.18,21,59,4,4,97.47,0.00,0.75,0.33,0,5.00,6,3036.14,0,0,4,org.apache.lucene.analysis.TokenFilter,0.27,4,3,10,0,4,3,0,6,508,2
"org.apache.lucene.analysis.cjk.Deprecated",16,0.00,1.12,95,2.48,79121.00,16,0,4,18,3,115.81,15,210,0,3,115.81,0.00,0.67,0.00,3,16.00,2,7430.92,3,1,3,org.apache.lucene.analysis.BaseTokenStreamTestCase,0.00,2,2,18,0,2,15,0,6,1415,1
"org.apache.lucene.analysis.cjk.Deprecated$TestToken",0,0.00,0.00,5,0.02,128.13,4,4,4,0,0,171.00,0,6,0,1,171.00,0.00,0.00,0.00,0,0.00,0,66.44,0,0,0,java.lang.Object,0.00,0,0,0,0,0,0,0,0,20,0
"org.apache.lucene.analysis.cjk.TestCJKAnalyzer",16,0.13,1.00,124,1.85,45676.45,17,1,16,21,15,162.26,19,161,0,3,112.26,0.00,0.67,0.88,0,0.00,1,5557.10,3,0,15,org.apache.lucene.analysis.BaseTokenStreamTestCase,0.00,5,2,16,0,5,16,0,11,1119,1
"org.apache.lucene.analysis.cjk.TestCJKAnalyzer$FakeStandardTokenizer",2,1.00,1.50,10,0.09,1647.63,3,1,16,3,4,121.87,0,15,0,4,121.87,0.00,0.75,0.50,0,2.00,2,267.70,0,0,4,org.apache.lucene.analysis.TokenFilter,0.29,1,3,3,0,1,2,0,0,65,2
"org.apache.lucene.analysis.cjk.TestCJKAnalyzer$ReusableAnalyzerBase",2,0.00,1.00,6,0.08,1233.22,2,0,16,7,5,131.23,0,10,0,1,131.23,0.00,0.00,0.00,0,2.00,1,225.98,0,1,5,java.lang.Object,0.00,5,0,2,0,5,1,0,0,56,0
"org.apache.lucene.analysis.cjk.TestCJKAnalyzer$ReusableAnalyzerBase_0",1,0.00,1.00,7,0.09,1943.41,1,0,16,6,6,113.58,0,9,0,1,113.58,0.00,0.00,0.00,0,1.00,1,284.90,0,0,6,java.lang.Object,0.00,5,0,1,0,5,1,0,0,61,0
"org.apache.lucene.analysis.cjk.TestCJKWidthFilter",3,0.00,1.00,13,0.14,1764.76,3,0,7,4,5,147.35,11,22,0,3,126.73,0.00,0.67,0.00,0,3.00,1,406.97,2,0,5,org.apache.lucene.analysis.BaseTokenStreamTestCase,0.00,1,2,3,0,1,3,0,3,98,1
"org.apache.lucene.analysis.cjk.TestCJKWidthFilter$ReusableAnalyzerBase",1,0.00,1.00,4,0.05,1009.20,1,0,7,4,3,124.89,0,6,0,1,124.89,0.00,0.00,0.00,0,1.00,1,159.62,0,0,3,java.lang.Object,0.00,3,0,1,0,3,1,0,0,38,0
"org.apache.lucene.search.spell.Dictionary",1,0.00,1.00,2,0.01,38.26,1,0,2,1,10,103.18,11,3,9,1,147.31,0.00,0.00,0.00,0,1.00,1,25.51,0,1,1,,0.00,0,0,1,0,0,0,0,2,11,1
"org.apache.lucene.search.spell.HighFrequencyDictionary",2,3.00,1.00,11,0.09,1263.88,5,3,8,4,12,105.00,10,14,5,1,122.87,0.00,0.00,0.00,0,2.00,1,284.97,0,1,7,java.lang.Object,0.00,2,0,2,0,2,1,1,1,72,1
"org.apache.lucene.search.spell.HighFrequencyDictionary$HighFrequencyIterator",5,0.20,1.80,34,0.34,10882.57,10,5,8,14,4,115.55,2,44,0,1,115.55,0.00,0.00,0.36,1,4.00,4,1019.13,0,2,4,java.lang.Object,0.00,9,0,9,0,9,3,1,2,221,1
"org.apache.lucene.search.spell.JaroWinklerDistance",4,1.00,4.50,74,0.95,150753.20,5,1,1,9,6,108.41,15,75,5,1,87.79,0.00,0.00,0.25,1,6.00,13,2842.95,0,0,1,java.lang.Object,0.00,5,0,18,0,5,4,1,3,516,1
"org.apache.lucene.search.spell.LevensteinDistance",2,0.00,4.00,43,0.47,67213.86,2,0,0,7,8,133.54,54,43,7,1,85.71,0.00,0.00,0.00,0,2.00,7,1395.97,0,0,1,java.lang.Object,0.00,5,0,8,0,5,2,1,19,256,2
"org.apache.lucene.search.spell.LuceneDictionary",2,2.00,1.00,9,0.07,932.71,4,2,8,4,9,109.65,10,12,2,1,127.53,0.00,0.00,0.00,0,2.00,1,223.93,0,1,7,java.lang.Object,0.00,2,0,2,0,2,1,1,1,59,1
"org.apache.lucene.search.spell.LuceneDictionary$TermIterator",4,0.25,1.75,29,0.27,8869.60,8,4,8,13,4,113.00,2,37,0,1,113.00,0.00,0.00,0.44,0,0.00,3,817.57,0,2,4,java.lang.Object,0.00,9,0,7,0,9,2,1,2,181,1
"org.apache.lucene.search.spell.NGramDistance",3,1.00,6.33,83,0.94,209721.28,4,1,0,9,5,97.17,54,82,4,1,79.03,0.00,0.00,0.33,0,4.00,17,2823.53,0,0,1,java.lang.Object,0.00,6,0,19,0,6,3,1,21,502,1
"org.apache.lucene.search.spell.PlainTextDictionary",4,0.33,1.00,11,0.09,1002.26,5,1,5,8,6,180.77,11,16,2,1,140.88,0.00,0.00,0.75,0,0.00,1,275.29,0,1,4,java.lang.Object,0.00,4,0,4,0,4,3,1,2,76,1
"org.apache.lucene.search.spell.PlainTextDictionary$FileIterator",2,0.00,2.50,23,0.19,6135.25,4,2,5,6,3,154.49,2,31,0,1,104.49,0.00,0.00,0.50,0,2.00,4,558.83,0,2,3,java.lang.Object,0.00,4,0,5,0,4,0,1,2,119,1
"org.apache.lucene.search.spell.SpellChecker",33,0.02,2.18,251,3.44,250945.60,46,13,25,84,32,60.26,343,323,8,1,108.73,0.00,0.00,0.06,11,422.00,18,10321.73,0,12,24,java.lang.Object,0.00,51,0,72,1,51,21,1,80,1902,1
"org.apache.lucene.search.spell.StringDistance",1,0.00,1.00,2,0.01,60.60,1,0,0,1,14,193.56,27,3,14,1,145.73,0.00,0.00,0.00,0,1.00,1,35.00,0,0,0,,0.00,0,0,1,0,0,1,0,3,13,1
"org.apache.lucene.search.spell.SuggestMode",0,0.00,0.00,2,0.01,29.48,0,0,0,0,4,171.00,23,4,3,1,171.00,0.00,0.00,0.00,0,0.00,0,19.65,0,0,1,java.lang.Object,0.00,0,0,0,0,0,0,1,3,7,1
"org.apache.lucene.search.spell.SuggestWord",0,0.00,0.00,4,0.02,179.25,3,3,0,0,8,171.00,32,5,8,1,171.00,0.00,0.00,0.00,0,0.00,0,71.70,0,0,0,java.lang.Object,0.00,0,0,0,0,0,0,0,5,20,2
"org.apache.lucene.search.spell.SuggestWordFrequencyComparator",1,0.00,5.00,11,0.12,5042.84,1,0,1,2,4,149.90,23,17,3,1,102.63,0.00,0.00,0.00,0,1.00,5,348.35,0,0,1,java.lang.Object,0.00,1,0,5,0,1,1,1,5,83,1
"org.apache.lucene.search.spell.SuggestWordQueue",3,0.00,1.00,12,0.13,2781.93,5,2,2,5,6,107.30,16,17,3,2,125.18,0.00,0.50,0.50,0,1.00,1,393.72,1,0,3,org.apache.lucene.util.PriorityQueue,0.00,2,1,3,0,2,3,0,3,95,2
"org.apache.lucene.search.spell.SuggestWordScoreComparator",1,0.00,5.00,11,0.12,5042.84,1,0,1,2,2,60.33,7,17,1,1,102.63,0.00,0.00,0.00,0,1.00,5,348.35,0,0,1,java.lang.Object,0.00,1,0,5,0,1,1,1,4,83,1
"org.apache.lucene.search.spell.TermFreqIterator",1,0.00,1.00,3,0.02,218.94,1,0,4,1,18,92.48,7,4,16,2,134.77,0.00,0.50,0.00,0,1.00,1,54.79,0,0,2,,0.00,0,1,1,0,0,1,0,2,18,1
"org.apache.lucene.search.spell.TermFreqIterator$TermFreqIteratorWrapper",4,0.67,1.00,10,0.07,832.38,5,1,4,6,3,141.52,1,15,0,1,141.52,0.00,0.00,0.50,0,4.00,1,200.54,0,2,3,java.lang.Object,0.00,2,0,4,0,2,2,1,1,59,2
"org.apache.lucene.search.spell.TestJaroWinklerDistance",1,0.00,1.00,23,0.36,12643.14,2,1,1,4,2,87.90,0,25,0,2,87.90,0.00,0.50,1.00,0,0.00,1,1078.65,0,0,2,org.apache.lucene.util.LuceneTestCase,0.00,3,1,1,0,3,1,0,0,196,1
"org.apache.lucene.search.spell.TestLevenshteinDistance",2,0.00,1.00,26,0.34,8526.29,3,1,1,6,2,100.86,0,29,0,2,100.86,0.00,0.50,1.00,0,0.00,1,1033.78,0,0,2,org.apache.lucene.util.LuceneTestCase,0.00,4,1,2,0,4,2,0,0,199,1
"org.apache.lucene.search.spell.TestLuceneDictionary",8,0.60,1.88,102,1.40,43867.39,13,5,11,35,11,101.16,6,123,0,2,101.16,0.00,0.50,0.72,0,0.00,3,4189.18,2,0,11,org.apache.lucene.util.LuceneTestCase,0.00,27,1,15,0,27,8,0,2,797,1
"org.apache.lucene.search.spell.TestNGramDistance",4,0.00,1.00,100,1.48,51227.16,4,0,1,8,2,86.51,0,105,0,2,86.51,0.00,0.50,0.00,0,4.00,1,4432.45,0,0,2,org.apache.lucene.util.LuceneTestCase,0.00,4,1,4,0,4,4,0,0,766,1
"org.apache.lucene.search.spell.TestPlainTextDictionary",1,0.00,1.00,14,0.20,5403.99,1,0,4,11,3,99.09,4,16,0,2,98.85,0.00,0.50,0.00,0,1.00,1,608.63,0,0,3,org.apache.lucene.util.LuceneTestCase,0.00,10,1,1,0,10,1,0,1,114,1
"org.apache.lucene.search.spell.TestSpellChecker",16,0.17,2.12,273,3.93,184543.28,20,4,20,69,19,113.56,54,338,1,2,92.94,0.00,0.50,0.41,8,0.00,6,11798.81,2,0,18,org.apache.lucene.util.LuceneTestCase,0.00,53,1,34,0,53,16,0,49,2134,1
"org.apache.lucene.search.spell.TestSpellChecker$SpellCheckWorker",2,0.33,2.50,17,0.12,2221.28,5,3,20,4,2,113.12,0,26,0,1,113.12,0.00,0.00,0.50,0,2.00,4,355.64,0,0,2,java.lang.Object,0.00,2,0,5,0,2,2,1,0,86,1
"org.apache.lucene.search.spell.TestSpellChecker$SpellCheckerMock",4,0.00,1.00,11,0.11,1556.15,4,0,20,5,5,139.38,0,18,0,2,139.38,0.00,0.50,0.00,0,4.00,1,333.71,1,1,5,org.apache.lucene.search.spell.SpellChecker,0.00,1,1,4,0,1,3,0,0,86,0
"org.apache.lucene.xmlparser.builders.BooleanFilterBuilder",2,1.00,2.00,19,0.23,6781.43,3,1,10,12,9,57.45,19,24,1,1,107.45,0.00,0.00,0.50,0,2.00,3,682.32,0,1,8,java.lang.Object,0.00,10,0,4,0,10,1,1,2,133,1
"org.apache.lucene.xmlparser.builders.BooleanQueryBuilder",3,1.00,3.00,36,0.48,19008.86,4,1,9,19,8,58.26,22,57,2,1,100.55,0.00,0.00,0.33,1,4.00,5,1440.13,0,2,6,java.lang.Object,0.00,16,0,9,0,16,1,1,3,272,1
"org.apache.lucene.xmlparser.builders.BoostingQueryBuilder",2,0.00,1.00,16,0.20,5679.90,4,2,6,8,6,60.12,19,22,1,1,110.12,0.00,0.00,0.50,0,2.00,1,602.17,0,1,5,java.lang.Object,0.00,6,0,2,0,6,1,1,2,128,1
"org.apache.lucene.xmlparser.builders.BoostingTermBuilder",1,0.00,1.00,7,0.10,1996.32,1,0,7,8,8,139.77,19,11,1,2,113.49,0.00,0.50,0.00,0,1.00,1,297.27,0,1,7,org.apache.lucene.xmlparser.builders.SpanBuilderBase,0.00,7,1,1,0,7,0,0,2,64,1
"org.apache.lucene.xmlparser.builders.CachedFilterBuilder",2,0.50,3.00,33,0.38,17075.21,6,4,12,12,11,113.01,36,50,1,1,94.87,0.00,0.00,0.50,0,2.00,5,1148.27,0,1,10,java.lang.Object,0.00,10,0,6,0,10,1,1,6,223,1
"org.apache.lucene.xmlparser.builders.CachedFilterBuilder$LRUCache",2,1.00,1.00,7,0.09,1488.55,3,1,12,3,0,130.59,0,14,0,2,130.59,0.00,0.50,0.50,0,2.00,1,277.71,0,0,0,java.util.LinkedHashMap,0.00,1,1,2,0,1,2,0,0,67,1
"org.apache.lucene.xmlparser.builders.ConstantScoreQueryBuilder",2,1.00,1.00,9,0.10,1699.58,3,1,7,7,7,75.48,19,15,1,1,125.47,0.00,0.00,0.50,0,2.00,1,285.38,0,1,6,java.lang.Object,0.00,5,0,2,0,5,1,1,2,68,1
"org.apache.lucene.xmlparser.builders.DuplicateFilterBuilder",1,0.00,5.00,19,0.25,10414.72,1,0,6,8,6,117.57,19,35,1,1,91.29,0.00,0.00,0.00,0,1.00,5,764.33,0,1,5,java.lang.Object,0.00,7,0,5,0,7,0,1,2,144,1
"org.apache.lucene.xmlparser.builders.FilteredQueryBuilder",2,0.00,1.00,16,0.19,4543.37,4,2,8,9,8,66.75,22,20,1,1,110.88,0.00,0.00,0.50,0,2.00,1,565.91,0,1,7,java.lang.Object,0.00,7,0,2,0,7,1,1,3,123,1
"org.apache.lucene.xmlparser.builders.FuzzyLikeThisQueryBuilder",2,0.60,1.50,25,0.34,10122.75,7,5,8,11,7,51.48,19,30,1,1,101.48,0.00,0.00,0.50,0,2.00,2,1027.14,0,1,6,java.lang.Object,0.00,9,0,3,0,9,1,1,2,191,1
"org.apache.lucene.xmlparser.builders.LikeThisQueryBuilder",2,0.60,4.50,46,0.77,60675.08,7,5,13,27,9,64.42,28,60,1,1,84.56,0.00,0.00,0.50,0,2.00,8,2302.24,0,1,8,java.lang.Object,0.00,25,0,9,0,25,1,1,9,372,1
"org.apache.lucene.xmlparser.builders.MatchAllDocsQueryBuilder",1,0.00,1.00,3,0.02,212.34,1,0,5,2,5,161.16,19,7,1,1,134.88,0.00,0.00,0.00,0,1.00,1,67.32,0,1,4,java.lang.Object,0.00,1,0,1,0,1,0,1,2,20,1
"org.apache.lucene.xmlparser.builders.NumericRangeFilterBuilder",2,0.00,4.00,30,0.54,26448.65,4,2,10,16,10,88.59,74,47,2,1,94.36,0.00,0.00,0.50,0,2.00,7,1613.98,0,1,8,java.lang.Object,0.00,14,0,8,0,14,1,1,2,282,1
"org.apache.lucene.xmlparser.builders.NumericRangeFilterBuilder$NoMatchFilter",1,1.00,1.00,4,0.04,450.47,2,1,10,1,3,127.64,0,7,0,2,127.64,0.00,0.50,0.00,0,1.00,1,112.62,0,1,3,org.apache.lucene.search.Filter,0.00,0,1,1,0,0,0,0,0,30,1
"org.apache.lucene.xmlparser.builders.NumericRangeQueryBuilder",1,0.00,6.00,23,0.47,24992.14,1,0,7,14,8,64.90,60,38,2,1,85.16,0.00,0.00,0.00,0,1.00,6,1402.24,0,1,6,java.lang.Object,0.00,13,0,6,0,13,0,1,1,238,1
"org.apache.lucene.xmlparser.builders.RangeFilterBuilder",1,0.00,1.00,8,0.12,2897.81,1,0,6,5,6,136.33,19,10,1,1,110.05,0.00,0.00,0.00,0,1.00,1,357.35,0,1,5,java.lang.Object,0.00,4,0,1,0,4,0,1,2,75,1
"org.apache.lucene.xmlparser.builders.SpanBuilderBase",1,0.00,1.00,3,0.02,224.79,1,0,3,2,10,160.97,19,7,7,1,134.68,0.00,0.00,0.00,0,1.00,1,69.84,0,1,3,java.lang.Object,0.00,1,0,1,7,1,0,1,2,21,2
"org.apache.lucene.xmlparser.builders.SpanFirstBuilder",2,1.00,1.00,12,0.13,2677.03,3,1,5,7,7,67.35,19,18,1,2,117.35,0.00,0.50,0.50,0,2.00,1,387.96,0,1,6,org.apache.lucene.xmlparser.builders.SpanBuilderBase,0.00,5,1,2,0,5,1,0,2,88,1
"org.apache.lucene.xmlparser.builders.SpanNearBuilder",2,1.00,2.00,18,0.26,10152.78,3,1,7,12,7,56.07,19,25,1,2,106.06,0.00,0.50,0.50,0,2.00,3,783.79,0,1,6,org.apache.lucene.xmlparser.builders.SpanBuilderBase,0.00,10,1,4,0,10,1,0,2,148,1
"org.apache.lucene.xmlparser.builders.SpanNotBuilder",2,1.00,1.00,15,0.17,4696.08,3,1,5,8,7,68.80,22,21,1,2,112.93,0.00,0.50,0.50,0,2.00,1,513.66,0,1,6,org.apache.lucene.xmlparser.builders.SpanBuilderBase,0.00,6,1,2,0,6,1,0,3,113,1
"org.apache.lucene.xmlparser.builders.SpanOrBuilder",2,1.00,2.00,18,0.23,9324.77,3,1,7,11,7,56.36,19,25,1,2,106.36,0.00,0.50,0.50,0,2.00,3,683.65,0,1,6,org.apache.lucene.xmlparser.builders.SpanBuilderBase,0.00,9,1,4,0,9,1,0,2,136,1
"org.apache.lucene.xmlparser.builders.SpanOrTermsBuilder",2,1.00,2.00,22,0.34,14522.16,3,1,13,21,11,57.46,22,34,1,2,101.59,0.00,0.50,0.50,0,2.00,3,1008.24,0,1,10,org.apache.lucene.xmlparser.builders.SpanBuilderBase,0.00,19,1,4,0,19,1,0,3,182,1
"org.apache.lucene.xmlparser.builders.SpanQueryBuilder",1,0.00,1.00,2,0.01,88.08,1,0,4,1,9,144.46,0,3,6,2,144.46,0.00,0.50,0.00,0,1.00,1,44.04,0,1,3,,0.00,0,1,1,0,0,0,0,0,15,1
"org.apache.lucene.xmlparser.builders.SpanQueryBuilderFactory",3,0.50,1.33,11,0.14,3433.29,4,1,5,9,5,96.83,19,19,1,1,129.05,0.00,0.00,0.67,1,1.00,2,408.23,0,2,4,java.lang.Object,0.00,6,0,4,0,6,1,1,2,98,1
"org.apache.lucene.xmlparser.builders.SpanTermBuilder",1,0.00,1.00,7,0.09,1909.68,1,0,6,7,7,139.92,19,11,1,2,113.64,0.00,0.50,0.00,0,1.00,1,279.91,0,1,6,org.apache.lucene.xmlparser.builders.SpanBuilderBase,0.00,6,1,1,0,6,0,0,2,61,1
"org.apache.lucene.xmlparser.builders.TermQueryBuilder",1,0.00,1.00,7,0.09,1909.68,1,0,7,7,7,139.92,19,9,1,1,113.64,0.00,0.00,0.00,0,1.00,1,279.91,0,1,6,java.lang.Object,0.00,6,0,1,0,6,0,1,2,61,1
"org.apache.lucene.xmlparser.builders.TermsFilterBuilder",2,1.00,2.50,23,0.29,12956.08,3,1,12,16,10,81.79,28,39,1,1,101.93,0.00,0.00,0.50,0,2.00,4,880.42,0,1,9,java.lang.Object,0.00,14,0,5,0,14,1,1,5,163,1
"org.apache.lucene.xmlparser.builders.TermsQueryBuilder",2,1.00,2.50,25,0.39,17908.48,3,1,14,21,12,50.94,20,39,1,1,99.41,0.00,0.00,0.50,0,2.00,4,1178.76,0,1,11,java.lang.Object,0.00,19,0,5,0,19,1,1,3,205,1
"org.apache.lucene.xmlparser.builders.TestNumericRangeFilterBuilder",7,0.00,2.29,135,1.96,86693.90,7,0,15,55,7,90.88,0,152,0,2,90.88,0.00,0.50,0.00,1,7.00,3,5865.90,0,1,7,org.apache.lucene.util.LuceneTestCase,0.00,48,1,16,0,48,6,0,0,1069,1
"org.apache.lucene.xmlparser.builders.TestNumericRangeQueryBuilder",6,0.00,2.50,113,1.67,79741.10,6,0,12,44,4,91.49,0,119,0,2,91.49,0.00,0.50,0.00,1,6.00,3,5019.63,0,1,4,org.apache.lucene.util.LuceneTestCase,0.00,38,1,15,0,38,5,0,0,923,1
"org.apache.lucene.xmlparser.builders.UserInputQueryBuilder",4,0.11,1.50,25,0.28,10153.61,7,3,9,12,8,65.07,38,39,1,1,115.07,0.00,0.00,0.25,1,6.00,3,849.53,0,2,7,java.lang.Object,0.00,8,0,6,0,8,2,1,8,178,1
"org.apache.lucene.facet.index.CategoryContainer",18,0.59,1.94,94,0.93,27092.77,19,1,13,42,13,101.88,104,125,8,1,119.75,0.00,0.00,0.44,6,34.00,5,2784.45,0,8,5,java.lang.Object,0.00,24,0,35,0,24,10,2,19,623,1
"org.apache.lucene.facet.index.CategoryContainerTest",10,0.00,2.30,121,1.49,54618.75,10,0,15,32,10,101.36,45,158,0,3,101.12,0.00,0.67,0.00,0,0.00,4,4477.84,0,0,10,org.apache.lucene.facet.index.CategoryContainerTestBase,0.00,22,2,23,0,22,10,0,11,838,1
"org.apache.lucene.facet.index.CategoryContainerTestBase",1,0.00,2.00,14,0.15,4057.43,3,2,4,4,3,99.20,16,15,1,2,99.67,5.00,0.14,1.00,0,0.00,2,446.86,0,0,2,org.apache.lucene.util.LuceneTestCase,0.00,3,1,2,5,3,1,0,1,93,2
"org.apache.lucene.facet.index.CategoryDocumentBuilder",10,0.06,1.60,53,0.63,15872.18,14,4,22,34,29,119.14,163,80,13,1,119.61,0.00,0.00,0.20,6,30.00,3,1885.19,0,7,16,java.lang.Object,0.00,24,0,16,1,24,3,0,32,398,1
"org.apache.lucene.facet.index.CategoryListPayloadStream",4,0.33,1.25,17,0.14,1959.14,6,2,3,10,4,95.09,27,24,3,1,127.31,0.00,0.00,0.75,0,0.00,2,412.09,0,0,1,java.lang.Object,0.00,6,0,5,0,6,4,0,7,107,1
"org.apache.lucene.facet.index.CategoryListPayloadStreamTest",1,0.00,1.00,32,0.48,22820.64,1,0,10,14,7,113.92,20,38,0,2,80.53,0.00,0.50,0.00,0,1.00,1,1435.07,0,0,7,org.apache.lucene.util.LuceneTestCase,0.00,13,1,1,0,13,1,0,2,263,1
"org.apache.lucene.facet.index.DummyProperty",4,0.00,1.25,11,0.08,1002.13,4,0,1,5,7,141.06,19,21,6,1,140.83,0.00,0.00,0.00,0,4.00,2,235.09,1,1,1,java.lang.Object,0.00,1,0,5,0,1,3,1,2,66,1
"org.apache.lucene.facet.index.FacetsPayloadProcessorProvider",2,1.00,1.50,10,0.11,1733.81,4,2,15,4,9,103.61,79,15,1,2,121.70,0.00,0.50,1.00,0,0.00,2,334.62,0,0,8,org.apache.lucene.index.PayloadProcessorProvider,0.00,2,1,3,0,2,2,0,4,80,1
"org.apache.lucene.facet.index.FacetsPayloadProcessorProvider$FacetsDirPayloadProcessor",2,0.50,2.00,13,0.16,3678.44,4,2,15,7,3,155.99,5,18,0,2,116.11,0.00,0.50,0.75,0,0.00,2,476.86,0,0,3,org.apache.lucene.index.ReaderPayloadProcessor,0.00,5,1,4,0,5,2,0,1,105,2
"org.apache.lucene.facet.index.FacetsPayloadProcessorProvider$FacetsPayloadProcessor",3,0.50,1.33,22,0.27,7040.94,7,4,15,14,3,162.87,4,29,0,2,112.87,0.00,0.50,0.58,0,0.00,2,805.11,0,0,3,org.apache.lucene.index.PayloadProcessor,0.00,11,1,4,0,11,3,0,1,169,2
"org.apache.lucene.facet.index.FacetsPayloadProcessorProviderTest",3,0.50,2.67,56,0.77,27744.70,4,1,23,41,19,74.85,17,59,0,2,92.72,0.00,0.50,0.67,2,1.00,4,2324.25,0,0,19,org.apache.lucene.util.LuceneTestCase,0.00,38,1,8,0,38,3,0,2,414,1
"org.apache.lucene.queryParser.standard.nodes.AbstractRangeQueryNode",9,0.21,2.11,64,0.70,26317.07,12,3,7,21,8,79.79,55,90,2,2,112.01,3.00,0.20,0.15,2,22.00,5,2088.32,4,2,6,org.apache.lucene.queryParser.core.nodes.QueryNodeImpl,0.00,12,1,19,3,12,7,1,9,446,2
"org.apache.lucene.queryParser.standard.nodes.BooleanModifierNode",1,1.00,1.00,4,0.04,427.71,2,1,3,1,3,85.53,7,6,1,3,127.82,0.00,0.67,0.00,0,1.00,1,105.70,0,0,3,org.apache.lucene.queryParser.core.nodes.ModifierQueryNode,0.00,0,2,1,0,0,1,0,1,29,1
"org.apache.lucene.queryParser.standard.nodes.Deprecated",6,2.00,1.33,24,0.37,12750.11,8,2,6,14,3,104.40,33,44,0,4,122.27,0.00,0.75,0.00,2,6.00,3,1117.03,3,4,3,org.apache.lucene.queryParser.standard.nodes.TermRangeQueryNode,0.30,8,3,8,0,8,2,0,4,251,1
"org.apache.lucene.queryParser.standard.nodes.MultiPhraseQueryNode",6,1.00,2.33,40,0.44,14419.47,7,1,7,17,10,115.16,5,54,4,2,115.16,0.00,0.50,0.00,0,6.00,4,1331.14,4,4,6,org.apache.lucene.queryParser.core.nodes.QueryNodeImpl,0.13,11,1,14,0,11,2,1,2,286,1
"org.apache.lucene.queryParser.standard.nodes.NumericQueryNode",10,0.19,1.10,31,0.29,4029.80,14,4,6,14,8,114.79,54,48,5,2,132.66,0.00,0.50,0.08,4,22.00,2,862.61,1,6,3,org.apache.lucene.queryParser.core.nodes.QueryNodeImpl,0.06,4,1,11,0,4,4,1,9,215,1
"org.apache.lucene.queryParser.standard.nodes.NumericRangeQueryNode",5,1.00,2.80,42,0.65,30323.15,6,1,5,17,10,58.81,51,70,4,3,107.29,0.00,0.67,0.20,1,8.00,6,1938.98,5,3,6,org.apache.lucene.queryParser.standard.nodes.AbstractRangeQueryNode,0.08,12,2,14,0,12,2,0,5,388,1
"org.apache.lucene.queryParser.standard.nodes.PrefixWildcardQueryNode",4,1.00,1.00,11,0.13,2043.26,5,1,1,8,6,90.34,33,20,4,4,138.44,0.00,0.75,0.00,0,4.00,1,401.61,1,2,2,org.apache.lucene.queryParser.standard.nodes.WildcardQueryNode,0.15,4,3,4,0,4,2,0,4,105,1
"org.apache.lucene.queryParser.standard.nodes.StandardBooleanQueryNode",2,2.00,1.00,8,0.07,921.66,4,2,5,2,7,109.69,11,11,3,3,127.57,0.00,0.67,0.00,0,2.00,1,197.22,0,0,4,org.apache.lucene.queryParser.core.nodes.BooleanQueryNode,0.00,0,2,2,0,0,2,0,2,51,1
"org.apache.lucene.queryParser.standard.nodes.TermRangeQueryNode",1,1.00,1.00,4,0.05,643.06,2,1,1,1,5,170.37,22,7,3,3,126.43,0.50,0.50,0.00,0,1.00,1,141.69,1,0,2,org.apache.lucene.queryParser.standard.nodes.AbstractRangeQueryNode,0.00,0,2,1,1,0,1,0,2,37,1
"org.apache.lucene.queryParser.standard.nodes.WildcardQueryNode",5,1.00,1.20,16,0.19,3287.97,6,1,2,9,9,151.58,15,27,7,3,130.97,0.50,0.50,0.00,0,5.00,2,557.20,3,3,2,org.apache.lucene.queryParser.core.nodes.FieldQueryNode,0.12,4,2,6,1,4,2,0,3,141,1
"org.apache.solr.client.solrj.embedded.EmbeddedSolrServer",6,0.20,3.83,65,0.99,65609.17,9,3,18,39,22,69.36,38,102,5,2,101.58,0.00,0.50,0.50,1,0.00,13,2969.05,0,3,17,org.apache.solr.client.solrj.SolrServer,0.00,33,1,23,0,33,3,0,10,521,1
"org.apache.solr.client.solrj.embedded.JettySolrRunner",9,0.08,2.00,60,0.66,16028.54,12,3,16,37,11,116.45,44,90,10,1,116.22,0.00,0.00,0.26,4,16.00,3,1972.88,0,0,1,java.lang.Object,0.00,28,0,18,0,28,9,0,30,410,1
"org.apache.solr.client.solrj.embedded.JettySolrRunner$NoLog",11,0.40,1.18,21,0.22,4272.49,13,2,16,14,0,150.57,0,38,0,1,150.57,0.00,0.00,0.14,0,34.00,2,666.91,0,2,0,java.lang.Object,0.00,3,0,13,0,3,9,1,0,178,0
"org.apache.solr.client.solrj.embedded.JettySolrRunner$Servlet404",1,0.00,1.00,3,0.04,610.98,1,0,16,3,0,131.26,0,8,0,2,131.26,0.00,0.50,0.00,0,1.00,1,132.02,0,0,0,javax.servlet.http.HttpServlet,0.00,2,1,1,0,2,1,0,0,33,2
"org.apache.solr.client.solrj.embedded.JettyWebappTest",3,0.38,1.33,41,0.62,19858.24,7,4,16,31,3,81.42,15,55,0,2,99.29,0.00,0.50,0.50,0,0.00,2,1850.44,2,0,3,org.apache.lucene.util.LuceneTestCase,0.00,28,1,4,0,28,3,0,12,348,1
"org.apache.solr.client.solrj.embedded.LargeVolumeBinaryJettyTest",1,0.00,1.00,3,0.03,411.02,1,0,3,1,2,132.85,4,6,0,5,132.62,0.00,0.80,0.00,0,1.00,1,91.51,1,0,2,org.apache.solr.client.solrj.LargeVolumeTestBase,0.00,0,4,1,0,0,1,0,1,25,1
"org.apache.solr.client.solrj.embedded.LargeVolumeEmbeddedTest",1,0.00,1.00,3,0.04,532.41,1,0,3,1,2,131.73,0,6,0,5,131.73,0.00,0.80,0.00,0,1.00,1,109.52,1,0,2,org.apache.solr.client.solrj.LargeVolumeTestBase,0.00,0,4,1,0,0,1,0,0,29,1
"org.apache.solr.client.solrj.embedded.LargeVolumeJettyTest",1,0.00,1.00,3,0.03,411.02,1,0,3,1,2,132.62,0,6,0,5,132.62,0.00,0.80,0.00,0,1.00,1,91.51,1,0,2,org.apache.solr.client.solrj.LargeVolumeTestBase,0.00,0,4,1,0,0,1,0,0,25,1
"org.apache.solr.client.solrj.embedded.MergeIndexesEmbeddedTest",6,0.00,1.00,20,0.20,3304.74,6,0,4,13,4,181.62,7,33,0,5,131.62,0.00,0.80,0.00,0,0.00,1,602.43,2,5,4,org.apache.solr.client.solrj.MergeIndexesExampleTestBase,0.42,7,4,6,0,7,1,0,2,148,1
"org.apache.solr.client.solrj.embedded.MultiCoreEmbeddedTest",5,0.00,1.00,15,0.15,2489.14,5,0,3,9,3,181.96,7,30,0,5,131.96,0.00,0.80,0.00,0,0.00,1,462.25,2,4,3,org.apache.solr.client.solrj.MultiCoreExampleTestBase,0.36,4,4,5,0,4,1,0,2,115,1
"org.apache.solr.client.solrj.embedded.MultiCoreExampleJettyTest",7,0.06,1.14,31,0.31,5794.95,10,3,3,18,4,175.53,12,53,0,5,125.53,0.00,0.80,0.29,1,14.00,2,918.49,2,5,4,org.apache.solr.client.solrj.MultiCoreExampleTestBase,0.44,11,4,8,0,11,2,0,5,212,1
"org.apache.solr.client.solrj.embedded.SolrExampleEmbeddedTest",1,0.00,1.00,3,0.04,532.41,1,0,3,1,2,99.51,6,6,0,5,131.73,0.00,0.80,0.00,0,1.00,1,109.52,1,0,2,org.apache.solr.client.solrj.SolrExampleTests,0.00,0,4,1,0,0,1,0,1,29,1
"org.apache.solr.client.solrj.embedded.SolrExampleJettyTest",2,0.00,1.50,8,0.09,1691.73,2,0,6,5,3,125.63,8,17,0,5,125.40,0.00,0.80,0.00,0,2.00,2,272.62,1,0,3,org.apache.solr.client.solrj.SolrExampleTests,0.00,3,4,3,0,3,2,0,3,64,1
"org.apache.solr.client.solrj.embedded.SolrExampleStreamingBinaryTest",2,0.00,1.50,14,0.15,3876.91,2,0,8,11,7,163.49,3,23,0,5,113.49,0.00,0.80,0.00,0,2.00,2,452.72,1,1,7,org.apache.solr.client.solrj.SolrExampleTests,0.06,9,4,3,0,9,1,0,3,96,1
"org.apache.solr.client.solrj.embedded.SolrExampleStreamingBinaryTest$StreamingUpdateSolrServer",1,0.00,1.00,3,0.02,244.57,1,0,8,2,0,134.39,0,5,0,1,134.39,0.00,0.00,0.00,0,1.00,1,73.43,0,0,0,java.lang.Object,0.00,1,0,1,0,1,1,0,0,22,0
"org.apache.solr.client.solrj.embedded.SolrExampleStreamingTest",2,0.00,1.50,12,0.12,2990.75,2,0,6,7,5,117.12,8,21,0,5,116.88,0.00,0.80,0.00,0,2.00,2,361.39,1,1,5,org.apache.solr.client.solrj.SolrExampleTests,0.06,5,4,3,0,5,1,0,4,80,1
"org.apache.solr.client.solrj.embedded.SolrExampleStreamingTest$StreamingUpdateSolrServer",1,0.00,1.00,2,0.02,105.56,1,0,6,1,0,193.84,1,4,0,1,143.84,0.00,0.00,0.00,0,1.00,1,51.35,0,0,0,java.lang.Object,0.00,0,0,1,0,0,1,0,1,17,0
"org.apache.solr.client.solrj.embedded.TestEmbeddedSolrServer",9,0.03,1.44,48,0.60,15101.91,13,4,18,32,7,119.45,0,66,0,2,119.45,0.00,0.50,0.28,2,0.00,3,1794.71,2,3,7,org.apache.lucene.util.LuceneTestCase,0.00,23,1,13,0,23,6,0,0,379,1
"org.apache.solr.client.solrj.embedded.TestSolrProperties",12,0.05,1.42,106,1.76,77973.24,18,6,32,67,13,157.21,13,140,0,2,107.21,0.00,0.50,0.21,5,10.00,4,5275.83,2,8,13,org.apache.lucene.util.LuceneTestCase,0.00,55,1,17,0,55,4,0,10,899,1
"org.apache.lucene.benchmark.byTask.feeds.demohtml.Entities",3,0.25,3.67,289,4.33,62668.95,5,2,2,17,1,112.74,4,300,1,1,62.74,0.00,0.00,0.67,1,0.00,5,12988.68,0,2,0,java.lang.Object,0.00,14,0,11,0,14,1,0,4,1578,1
"org.apache.lucene.benchmark.byTask.feeds.demohtml.HTMLParser",38,0.07,4.84,546,6.17,345749.72,76,38,3,81,9,96.71,34,647,3,1,96.71,0.00,0.00,0.10,16,338.00,15,18524.45,0,5,7,java.lang.Object,0.00,43,0,184,0,43,33,1,34,3441,1
"org.apache.lucene.benchmark.byTask.feeds.demohtml.HTMLParser$JJCalls",0,0.00,0.00,5,0.03,253.51,4,4,3,0,1,171.00,0,6,0,1,171.00,0.00,0.00,0.00,0,0.00,0,78.87,0,0,1,java.lang.Object,0.00,0,0,0,0,0,0,0,0,22,2
"org.apache.lucene.benchmark.byTask.feeds.demohtml.HTMLParser$LookaheadSuccess",0,0.00,0.00,1,0.01,145.30,0,0,3,0,0,171.00,0,1,0,2,171.00,0.00,0.50,0.00,0,0.00,0,41.51,0,0,0,java.lang.Error,0.00,0,1,0,0,0,0,0,0,12,3
"org.apache.lucene.benchmark.byTask.feeds.demohtml.HTMLParser$MyPipedInputStream",3,0.00,1.00,7,0.05,452.47,3,0,3,4,0,142.62,0,11,0,2,142.62,0.00,0.50,0.00,0,3.00,1,139.88,0,0,0,java.io.PipedInputStream,0.00,1,1,3,0,1,3,0,0,42,1
"org.apache.lucene.benchmark.byTask.feeds.demohtml.HTMLParserConstants",0,0.00,0.00,40,0.61,7906.55,39,39,0,0,2,171.00,43,73,2,1,171.00,0.00,0.00,0.00,0,0.00,0,1834.18,0,0,0,,0.00,0,0,0,0,0,0,0,40,271,1
"org.apache.lucene.benchmark.byTask.feeds.demohtml.HTMLParserTokenManager",51,0.07,8.69,960,12.93,1736149.91,70,19,3,62,4,87.99,12,1623,1,1,87.99,0.00,0.00,0.13,24,216.00,124,38803.15,0,0,3,java.lang.Object,0.00,11,0,443,0,11,51,1,12,6474,1
"org.apache.lucene.benchmark.byTask.feeds.demohtml.ParseException",5,0.30,3.20,92,1.07,80794.24,10,5,0,14,3,61.39,69,112,2,2,90.77,0.00,0.50,0.44,0,0.00,10,3210.28,1,2,1,java.lang.Exception,0.00,9,1,16,0,9,3,0,11,572,1
"org.apache.lucene.benchmark.byTask.feeds.demohtml.ParserThread",2,0.00,2.50,16,0.19,5142.33,3,1,1,9,2,160.25,2,27,1,2,110.25,0.00,0.50,1.00,0,0.00,4,558.48,0,0,2,java.lang.Thread,0.00,7,1,5,0,7,2,0,2,116,0
"org.apache.lucene.benchmark.byTask.feeds.demohtml.SimpleCharStream",36,0.09,1.89,204,2.72,162256.64,52,16,0,44,2,166.01,45,352,2,1,116.01,0.00,0.00,0.15,6,144.00,10,8153.78,0,1,0,java.lang.Object,0.00,8,0,68,0,8,35,0,34,1701,1
"org.apache.lucene.benchmark.byTask.feeds.demohtml.SuppressWarnings",6,0.20,1.50,48,0.66,33774.42,11,5,0,14,0,59.58,51,72,0,2,107.69,0.00,0.50,0.03,1,10.00,3,1967.96,1,3,0,java.lang.Error,0.00,8,1,9,0,8,3,0,14,375,1
"org.apache.lucene.benchmark.byTask.feeds.demohtml.Tags",0,0.00,0.00,33,0.35,7423.82,1,1,3,2,0,171.00,4,35,0,1,171.00,0.00,0.00,0.00,0,0.00,0,1058.57,0,0,0,java.lang.Object,0.00,2,0,0,0,2,0,0,2,208,2
"org.apache.lucene.benchmark.byTask.feeds.demohtml.TestHtmlParser",12,0.00,1.08,57,0.72,12674.54,12,0,5,25,1,124.71,2,92,0,2,124.71,0.00,0.50,0.00,1,12.00,2,2171.45,0,0,1,org.apache.lucene.util.LuceneTestCase,0.00,13,1,13,0,13,12,0,2,475,1
"org.apache.lucene.benchmark.byTask.feeds.demohtml.Token",7,0.12,1.00,24,0.16,1989.42,15,8,0,8,5,83.88,67,38,5,1,133.88,0.00,0.00,0.02,1,12.00,1,468.86,0,4,0,java.lang.Object,0.00,1,0,7,0,1,3,0,15,131,1
"org.apache.lucene.facet.search.sampling.BaseSampleTestTopK",5,0.38,2.00,48,0.72,27362.59,7,2,16,28,20,73.59,32,63,3,4,105.81,1.00,0.43,0.20,3,7.00,5,2149.26,4,3,17,org.apache.lucene.facet.search.BaseTestTopK,0.00,23,3,10,3,23,2,0,13,389,2
"org.apache.lucene.facet.search.sampling.BaseSampleTestTopK$FacetsCollector",1,0.00,2.00,5,0.07,1535.09,1,0,16,3,4,119.68,0,9,0,1,119.68,0.00,0.00,0.00,0,1.00,2,212.37,0,1,4,java.lang.Object,0.00,2,0,2,0,2,0,0,0,48,0
"org.apache.lucene.facet.search.sampling.RandomSampler",3,1.00,2.00,29,0.37,28369.02,4,1,5,10,7,61.65,23,34,2,2,103.94,0.00,0.50,0.33,0,4.00,4,1117.23,0,0,5,org.apache.lucene.facet.search.sampling.Sampler,0.00,7,1,6,0,7,3,0,6,211,1
"org.apache.lucene.facet.search.sampling.RepeatableSampler",8,0.24,5.00,131,1.72,106479.13,11,3,8,28,8,73.09,119,161,2,2,93.24,0.00,0.50,0.12,4,22.00,9,5156.19,0,0,6,org.apache.lucene.facet.search.sampling.Sampler,0.00,20,1,40,0,20,8,0,14,954,1
"org.apache.lucene.facet.search.sampling.RepeatableSampler$IntPriorityQueue",4,4.00,1.25,19,0.20,4314.70,8,4,8,5,1,87.04,48,27,0,2,124.61,0.00,0.50,0.00,0,4.00,2,614.68,3,1,1,org.apache.lucene.util.PriorityQueue,0.00,1,1,5,0,1,3,0,13,146,2
"org.apache.lucene.facet.search.sampling.RepeatableSampler$IntPriorityQueue$Algorithm",0,0.00,0.00,2,0.01,23.26,0,0,8,0,0,171.00,10,4,0,1,171.00,0.00,0.00,0.00,0,0.00,0,15.51,0,0,0,java.lang.Object,0.00,0,0,0,0,0,0,0,4,6,1
"org.apache.lucene.facet.search.sampling.RepeatableSampler$IntPriorityQueue$MI",1,1.00,1.00,3,0.01,109.36,2,1,8,1,0,137.15,0,4,0,1,137.15,0.00,0.00,0.00,0,1.00,1,39.62,0,0,0,java.lang.Object,0.00,0,0,1,0,0,1,0,0,14,2
"org.apache.lucene.facet.search.sampling.RepeatableSampler$IntPriorityQueue$Sorted",0,0.00,0.00,2,0.01,23.26,0,0,8,0,0,171.00,3,4,0,1,171.00,0.00,0.00,0.00,0,0.00,0,15.51,0,0,0,java.lang.Object,0.00,0,0,0,0,0,0,0,1,6,1
"org.apache.lucene.facet.search.sampling.SampleFixer",1,0.00,1.00,2,0.02,88.11,1,0,3,1,4,170.69,32,3,2,1,144.45,0.00,0.00,0.00,0,1.00,1,46.05,0,0,2,,0.00,0,0,1,0,0,1,0,3,15,1
"org.apache.lucene.facet.search.sampling.Sampler",9,0.75,1.67,47,0.58,17168.81,10,1,11,35,22,70.50,93,68,9,1,118.98,0.00,0.00,0.33,2,18.00,3,1740.64,0,4,13,java.lang.Object,0.00,26,0,15,2,26,5,0,16,369,2
"org.apache.lucene.facet.search.sampling.Sampler$OverSampledFacetRequest",4,0.33,1.00,11,0.12,1946.44,5,1,11,8,5,138.61,0,22,0,2,138.61,0.00,0.50,0.75,0,0.00,1,373.18,0,1,5,org.apache.lucene.facet.search.params.FacetRequest,0.07,4,1,4,0,4,3,0,0,96,2
"org.apache.lucene.facet.search.sampling.Sampler$SampleResult",1,2.00,1.00,6,0.04,581.16,3,2,11,1,1,120.21,0,8,0,1,120.21,0.00,0.00,0.00,0,1.00,1,133.97,0,0,1,java.lang.Object,0.00,0,0,1,0,0,1,0,0,38,3
"org.apache.lucene.facet.search.sampling.SamplingAccumulator",5,0.12,1.60,36,0.44,14640.71,7,2,16,17,15,63.59,53,58,2,3,112.07,0.00,0.67,0.40,0,6.00,3,1322.63,3,2,13,org.apache.lucene.facet.search.StandardFacetsAccumulator,0.14,12,2,8,0,12,3,0,15,268,1
"org.apache.lucene.facet.search.sampling.SamplingAccumulatorTest",1,0.00,1.00,3,0.04,557.59,1,0,4,2,7,131.10,16,9,0,5,131.58,0.00,0.80,0.00,0,1.00,1,121.71,0,1,7,org.apache.lucene.facet.search.sampling.BaseSampleTestTopK,0.00,1,4,1,0,1,0,0,1,31,1
"org.apache.lucene.facet.search.sampling.SamplingParams",11,0.02,1.00,33,0.28,4572.41,21,10,0,11,4,82.58,99,49,4,1,132.58,0.00,0.00,0.08,0,49.00,1,853.90,0,0,0,java.lang.Object,0.00,0,0,11,0,0,11,0,18,216,1
"org.apache.lucene.facet.search.sampling.TakmiSampleFixer",6,0.20,3.00,55,0.52,25457.50,9,3,12,17,13,77.20,78,75,1,1,106.59,0.00,0.00,0.17,3,10.00,10,1555.17,0,0,12,java.lang.Object,0.00,11,0,18,0,11,6,1,23,336,0
"org.apache.lucene.analysis.position.PositionFilter",4,0.00,1.50,21,0.17,3173.43,7,3,4,5,5,104.13,20,30,2,4,122.00,0.00,0.75,0.33,0,4.00,3,514.21,1,0,3,org.apache.lucene.analysis.TokenFilter,0.50,1,3,6,0,1,4,0,5,124,2
"org.apache.lucene.analysis.position.PositionFilterTest",4,0.28,1.00,20,0.46,14984.26,10,6,5,8,5,166.79,5,73,0,3,116.79,0.00,0.67,0.38,0,0.00,1,1370.40,1,0,5,org.apache.lucene.analysis.BaseTokenStreamTestCase,0.00,4,2,4,0,4,4,0,2,273,1
"org.apache.lucene.analysis.position.PositionFilterTest$TestTokenStream",3,0.17,1.33,16,0.14,2974.83,6,3,5,6,2,121.27,0,23,0,3,121.27,0.00,0.67,0.44,0,1.00,2,434.74,0,0,2,org.apache.lucene.analysis.TokenStream,0.55,3,2,4,0,3,3,0,0,101,1
"org.apache.lucene.search.similar.MoreLikeThis",47,0.00,1.70,265,3.43,158915.71,72,25,30,99,20,72.89,540,346,4,1,117.01,0.00,0.00,0.04,7,1031.00,9,10282.70,0,19,16,java.lang.Object,0.00,52,0,80,0,52,28,0,105,2002,2
"org.apache.lucene.search.similar.MoreLikeThis$FreqQ",2,0.00,1.00,7,0.09,2102.12,2,0,30,3,1,129.41,0,11,0,2,129.41,0.00,0.50,0.00,0,2.00,1,255.65,1,0,1,org.apache.lucene.util.PriorityQueue,0.00,1,1,2,0,1,2,0,0,64,2
"org.apache.lucene.search.similar.MoreLikeThis$Int",1,0.00,1.00,4,0.02,114.30,2,1,30,1,0,132.34,0,6,0,1,132.34,0.00,0.00,1.00,0,0.00,1,49.65,0,0,0,java.lang.Object,0.00,0,0,1,0,0,1,0,0,17,2
"org.apache.lucene.search.similar.MoreLikeThisQuery",20,0.01,1.10,65,0.60,13046.47,29,9,9,31,7,131.02,16,89,1,2,131.02,0.00,0.50,0.10,0,160.00,2,1786.30,0,6,6,org.apache.lucene.search.Query,0.00,11,1,22,0,11,14,0,5,419,1
"org.apache.lucene.search.similar.SimilarityQueries",2,0.00,3.50,16,0.28,16237.89,2,0,13,13,9,155.52,48,33,0,1,106.24,0.00,0.00,0.00,0,2.00,6,828.01,0,1,9,java.lang.Object,0.00,11,0,7,0,11,1,0,8,147,2
"org.apache.lucene.search.similar.TestMoreLikeThis",7,0.17,1.29,81,1.26,40133.53,10,3,17,43,12,102.50,5,93,0,2,102.50,0.00,0.50,0.48,2,0.00,2,3782.95,2,1,12,org.apache.lucene.util.LuceneTestCase,0.00,36,1,9,0,36,6,0,5,684,1
"org.apache.lucene.facet.taxonomy.writercache.lru.LruTaxonomyWriterCache",8,0.29,1.75,37,0.37,9676.58,9,1,2,20,4,91.92,52,51,0,1,124.14,0.00,0.00,0.75,0,0.00,3,1100.08,0,0,4,java.lang.Object,0.00,12,0,14,0,12,8,1,33,260,1
"org.apache.lucene.facet.taxonomy.writercache.lru.LruTaxonomyWriterCache$LRUType",0,0.00,0.00,2,0.01,23.26,0,0,2,0,1,171.00,0,1,0,1,171.00,0.00,0.00,0.00,0,0.00,0,15.51,0,0,1,java.lang.Object,0.00,0,0,0,0,0,0,1,0,6,1
"org.apache.lucene.facet.taxonomy.writercache.lru.NameHashIntCacheLRU",3,0.00,1.00,7,0.07,783.96,3,0,1,5,3,92.63,25,13,1,2,140.74,0.00,0.50,0.00,0,3.00,1,195.89,0,2,2,org.apache.lucene.facet.taxonomy.writercache.lru.NameIntCacheLRU,0.00,2,1,3,0,2,1,0,2,55,1
"org.apache.lucene.facet.taxonomy.writercache.lru.NameIntCacheLRU",13,0.04,1.38,53,0.47,10697.27,17,4,4,24,3,125.75,53,72,2,1,125.51,0.00,0.00,0.29,3,0.00,4,1416.86,0,4,1,java.lang.Object,0.00,11,0,18,1,11,9,0,19,334,0
"org.apache.lucene.misc.GetTermInfo",3,0.00,1.33,20,0.27,6932.18,3,0,5,15,6,165.42,3,28,1,1,115.42,0.00,0.00,0.00,2,3.00,2,803.99,0,0,5,java.lang.Object,0.00,12,0,4,0,12,3,0,1,166,1
"org.apache.lucene.misc.HighFreqTerms",5,0.50,4.00,81,1.13,78870.36,7,2,9,30,11,60.49,34,97,2,1,92.71,0.00,0.00,0.10,3,8.00,9,3378.50,0,0,9,java.lang.Object,0.00,25,0,20,0,25,5,0,9,606,1
"org.apache.lucene.misc.IndexMergeTool",1,0.00,3.00,19,0.31,13759.01,1,0,9,13,5,90.69,4,22,0,1,90.46,0.00,0.00,0.00,0,1.00,3,924.47,0,0,5,java.lang.Object,0.00,12,0,3,0,12,1,0,1,164,1
"org.apache.lucene.misc.SweetSpotSimilarity",10,0.11,1.90,65,1.05,38767.07,23,13,4,27,3,69.44,114,107,1,3,113.57,0.00,0.67,0.18,1,50.00,4,3149.75,0,0,2,org.apache.lucene.search.DefaultSimilarity,0.08,17,2,19,0,17,10,0,10,641,1
"org.apache.lucene.misc.SweetSpotSimilarityTest",3,0.00,6.33,133,1.78,173995.92,3,0,4,16,4,72.00,12,141,0,2,71.76,0.00,0.50,0.00,0,3.00,11,5343.11,0,0,4,org.apache.lucene.util.LuceneTestCase,0.00,13,1,19,0,13,3,0,10,922,1
"org.apache.lucene.misc.SweetSpotSimilarityTest$SweetSpotSimilarity",1,0.00,1.00,3,0.02,227.10,1,0,4,2,0,134.65,0,5,0,1,134.65,0.00,0.00,0.00,0,1.00,1,61.77,0,0,0,java.lang.Object,0.00,1,0,1,0,1,1,0,0,19,0
"org.apache.lucene.misc.TermInfoWiTFQueue",2,0.00,1.00,5,0.05,705.06,2,0,9,2,8,139.71,0,10,1,2,139.71,0.00,0.50,0.00,0,2.00,1,139.01,1,0,7,org.apache.lucene.util.PriorityQueue,0.00,0,1,2,0,0,2,0,0,40,1
"org.apache.lucene.misc.TermStats",2,3.00,1.00,11,0.09,983.81,5,3,9,2,10,123.73,0,14,4,1,123.73,0.00,0.00,0.00,0,2.00,1,258.71,0,0,6,java.lang.Object,0.00,0,0,2,0,0,2,0,0,67,1
"org.apache.lucene.misc.TestHighFreqTerms",17,0.02,2.06,179,2.28,111608.43,20,3,11,38,10,153.47,24,188,0,2,103.47,0.00,0.50,0.31,3,0.00,7,6846.18,0,1,10,org.apache.lucene.util.LuceneTestCase,0.00,21,1,35,0,21,16,0,18,1301,1
"org.apache.lucene.misc.TestLengthNormModifier",5,0.12,2.20,78,1.02,52060.48,7,2,17,32,14,135.20,13,88,0,2,95.31,0.00,0.50,0.60,0,0.00,3,3073.84,2,0,14,org.apache.lucene.util.LuceneTestCase,0.00,27,1,11,0,27,5,0,11,570,1
"org.apache.lucene.misc.TestLengthNormModifier$Collector",4,0.33,1.00,11,0.11,1745.14,6,2,17,5,2,138.98,0,19,0,1,138.98,0.00,0.00,0.25,0,6.00,1,339.96,0,0,2,java.lang.Object,0.00,1,0,4,0,1,4,0,0,87,0
"org.apache.lucene.misc.TestLengthNormModifier$Collector_1",4,0.33,1.00,11,0.11,1745.14,6,2,17,5,2,138.98,0,19,0,1,138.98,0.00,0.00,0.25,0,6.00,1,339.96,0,0,2,java.lang.Object,0.00,1,0,4,0,1,4,0,0,87,0
"org.apache.lucene.misc.TestLengthNormModifier$DefaultSimilarity",1,0.00,2.00,3,0.06,1376.59,1,0,17,4,1,128.33,0,5,0,1,128.33,0.00,0.00,0.00,0,1.00,2,168.54,0,0,1,java.lang.Object,0.00,3,0,2,0,3,1,0,0,40,0
"org.apache.lucene.misc.TestLengthNormModifier$DefaultSimilarity_0",1,0.00,2.00,3,0.06,1376.59,1,0,17,4,1,128.33,0,5,0,1,128.33,0.00,0.00,0.00,0,1.00,2,168.54,0,0,1,java.lang.Object,0.00,3,0,2,0,3,1,0,0,40,0
"org.apache.lucene.misc.TotalTermFreqComparatorSortDescending",1,0.00,3.00,8,0.07,2170.79,1,0,9,1,8,110.79,0,11,1,1,110.79,0.00,0.00,0.00,0,1.00,3,206.94,0,0,7,java.lang.Object,0.00,0,0,3,0,0,1,1,0,51,1
"org.apache.lucene.facet.example.ExampleResult",2,1.00,1.00,6,0.05,603.38,3,1,2,2,11,113.53,29,9,10,1,133.68,0.00,0.00,0.50,0,2.00,1,140.48,0,1,1,java.lang.Object,0.00,0,0,2,0,0,1,0,4,39,1
"org.apache.lucene.facet.example.ExampleUtils",1,1.00,2.00,6,0.07,941.57,3,2,1,4,11,151.78,20,9,11,1,118.40,0.00,0.00,0.50,0,0.00,2,208.76,0,0,0,java.lang.Object,0.00,3,0,2,0,3,1,0,3,51,1
"org.apache.lucene.facet.example.TestAdaptiveExample",1,0.00,1.00,7,0.10,1955.22,1,0,4,9,2,146.94,20,10,0,2,113.56,0.00,0.50,0.00,0,1.00,1,314.83,0,0,2,org.apache.lucene.util.LuceneTestCase,0.00,8,1,1,0,8,1,0,2,67,1
"org.apache.lucene.facet.example.TestAssociationExample",2,0.00,2.00,16,0.28,8446.47,4,2,5,15,3,60.13,20,20,0,2,108.60,0.00,0.50,0.50,1,2.00,3,826.99,0,0,3,org.apache.lucene.util.LuceneTestCase,0.00,13,1,4,0,13,2,0,2,164,1
"org.apache.lucene.facet.example.TestMultiCLExample",2,0.00,1.50,31,0.60,33651.70,2,0,8,18,5,45.28,20,49,1,2,93.76,0.00,0.50,0.00,1,2.00,2,1788.11,0,0,4,org.apache.lucene.util.LuceneTestCase,0.00,16,1,3,0,16,2,0,2,318,1
"org.apache.lucene.facet.example.TestSimpleExample",2,0.00,1.50,20,0.37,10545.78,2,0,7,20,4,66.73,25,25,0,2,104.29,0.00,0.50,0.00,0,2.00,2,1095.79,0,0,4,org.apache.lucene.util.LuceneTestCase,0.00,18,1,3,0,18,2,0,4,204,1
"org.apache.lucene.analysis.tokenattributes.CharTermAttribute",11,0.00,1.00,12,0.09,485.54,11,0,1,11,174,158.28,48,13,173,3,158.05,0.00,0.67,0.00,0,11.00,1,269.53,0,8,1,,0.00,0,2,11,0,0,3,0,10,92,1
"org.apache.lucene.analysis.tokenattributes.CharTermAttributeImpl",31,0.08,1.84,150,1.87,97207.60,34,3,6,53,8,120.87,30,216,3,2,120.87,0.00,0.50,0.41,5,0.00,12,5612.69,1,4,5,org.apache.lucene.util.AttributeImpl,0.16,22,1,57,0,22,27,4,20,1198,1
"org.apache.lucene.analysis.tokenattributes.Deprecated",8,0.00,1.00,93,1.28,41959.48,8,0,7,57,14,102.86,1,108,0,2,102.86,0.00,0.50,0.00,2,8.00,1,3850.55,0,2,14,org.apache.lucene.util.LuceneTestCase,0.00,49,1,8,0,49,6,0,1,781,1
"org.apache.lucene.analysis.tokenattributes.Deprecated$HashMap<String,Object>",0,0.00,0.00,3,0.05,820.06,0,0,7,1,1,171.00,0,3,0,1,171.00,0.00,0.00,0.00,0,0.00,0,140.18,0,0,1,java.lang.Object,0.00,1,0,0,0,1,0,0,0,33,0
"org.apache.lucene.analysis.tokenattributes.FlagsAttribute",2,0.00,1.00,3,0.02,77.91,2,0,2,2,20,110.37,17,4,18,2,158.47,0.00,0.50,0.00,0,2.00,1,46.77,0,0,2,,0.00,0,1,2,0,0,2,0,3,18,1
"org.apache.lucene.analysis.tokenattributes.FlagsAttributeImpl",6,0.20,1.33,19,0.16,2586.34,7,1,2,7,4,172.28,17,32,2,2,132.39,0.00,0.50,0.83,0,0.00,3,471.26,0,0,2,org.apache.lucene.util.AttributeImpl,0.15,1,1,8,0,1,6,3,3,122,1
"org.apache.lucene.analysis.tokenattributes.KeywordAttribute",2,0.00,1.00,3,0.02,77.91,2,0,2,2,7,110.00,21,4,5,2,158.47,0.00,0.50,0.00,0,2.00,1,46.77,0,0,2,,0.00,0,1,2,0,0,2,0,3,18,1
"org.apache.lucene.analysis.tokenattributes.KeywordAttributeImpl",6,0.00,1.50,18,0.17,3321.15,7,1,2,8,5,152.12,21,32,2,2,131.51,0.00,0.50,1.00,0,0.00,3,509.29,0,0,3,org.apache.lucene.util.AttributeImpl,0.15,2,1,9,0,2,6,1,3,128,2
"org.apache.lucene.analysis.tokenattributes.OffsetAttribute",3,0.00,1.00,4,0.02,114.45,3,0,1,3,83,158.78,14,5,82,2,158.55,0.00,0.50,0.00,0,3.00,1,65.73,0,0,1,,0.00,0,1,3,0,0,3,0,4,25,1
"org.apache.lucene.analysis.tokenattributes.OffsetAttributeImpl",7,0.25,1.29,27,0.22,4799.37,9,2,2,8,4,170.70,14,41,2,2,130.81,0.00,0.50,0.71,0,0.00,3,669.88,0,0,2,org.apache.lucene.util.AttributeImpl,0.14,1,1,9,0,1,7,3,4,169,1
"org.apache.lucene.analysis.tokenattributes.PayloadAttribute",2,0.00,1.00,3,0.02,77.91,2,0,2,2,49,158.71,9,4,47,2,158.47,0.00,0.50,0.00,0,2.00,1,46.77,0,1,2,,0.00,0,1,2,0,0,1,0,3,18,1
"org.apache.lucene.analysis.tokenattributes.PayloadAttributeImpl",9,0.50,1.67,30,0.31,9037.41,10,1,3,13,5,179.45,15,48,2,2,129.45,0.00,0.50,0.56,0,4.00,4,938.15,1,2,3,org.apache.lucene.util.AttributeImpl,0.25,4,1,15,0,4,7,3,5,227,1
"org.apache.lucene.analysis.tokenattributes.PositionIncrementAttribute",2,0.00,1.00,3,0.02,77.91,2,0,1,2,78,158.00,33,4,77,2,158.47,0.00,0.50,0.00,0,2.00,1,46.77,0,0,1,,0.00,0,1,2,0,0,2,0,3,18,1
"org.apache.lucene.analysis.tokenattributes.PositionIncrementAttributeImpl",6,0.40,1.50,22,0.19,3871.22,7,1,3,8,5,113.11,31,37,2,2,130.98,0.00,0.50,0.67,0,0.00,3,574.34,0,0,3,org.apache.lucene.util.AttributeImpl,0.15,2,1,9,0,2,6,3,3,142,1
"org.apache.lucene.analysis.tokenattributes.PositionLengthAttribute",2,0.00,1.00,3,0.02,77.91,2,0,1,2,3,126.25,13,4,2,2,158.47,0.00,0.50,0.00,0,2.00,1,46.77,0,0,1,,0.00,0,1,2,0,0,2,0,3,18,1
"org.apache.lucene.analysis.tokenattributes.PositionLengthAttributeImpl",6,0.40,1.50,22,0.19,3849.26,7,1,2,8,4,181.00,7,37,1,2,131.00,0.00,0.50,0.67,0,0.00,3,568.85,0,0,3,org.apache.lucene.util.AttributeImpl,0.15,2,1,9,0,2,6,2,3,141,1
"org.apache.lucene.analysis.tokenattributes.TestCharTermAttributeImpl",12,0.00,1.92,192,2.62,110007.19,12,0,7,52,3,115.35,42,212,0,2,94.73,0.00,0.50,0.00,0,12.00,5,7874.16,0,0,3,org.apache.lucene.util.LuceneTestCase,0.00,40,1,23,0,40,12,0,6,1514,1
"org.apache.lucene.analysis.tokenattributes.TestCharTermAttributeImpl$CharSequence",4,0.00,1.00,9,0.06,796.64,4,0,7,7,0,141.67,0,6,0,1,141.67,0.00,0.00,0.00,0,4.00,1,188.79,0,2,0,java.lang.Object,0.00,3,0,4,0,3,2,0,0,57,0
"org.apache.lucene.analysis.tokenattributes.TestTermAttributeImpl",7,0.00,1.86,126,1.50,106310.49,7,0,1,27,0,91.11,6,128,0,2,91.11,0.00,0.50,0.00,0,7.00,6,4512.50,0,0,0,org.apache.lucene.util.LuceneTestCase,0.00,20,1,13,0,20,7,0,6,902,1
"org.apache.lucene.analysis.tokenattributes.TypeAttribute",2,1.00,1.00,4,0.03,268.92,3,1,1,2,41,163.62,7,5,40,2,143.01,0.00,0.50,0.00,0,2.00,1,86.77,0,1,1,,0.00,0,1,2,0,0,1,0,4,27,1
"org.apache.lucene.analysis.tokenattributes.TypeAttributeImpl",8,0.57,1.50,24,0.23,6383.77,9,1,2,10,4,130.26,6,39,2,2,130.26,0.00,0.50,0.50,1,10.00,4,686.40,0,1,2,org.apache.lucene.util.AttributeImpl,0.13,2,1,12,0,2,7,3,3,172,1
"org.apache.solr.handler.dataimport.AbstractDataImportHandlerTestCase",11,0.00,1.73,70,1.10,37244.46,11,0,22,43,55,153.94,28,105,37,3,114.05,18.50,0.05,0.00,1,32.00,3,3295.61,2,4,18,org.apache.solr.SolrTestCaseJ4,0.09,32,2,19,37,32,7,0,6,665,2
"org.apache.solr.handler.dataimport.AbstractDataImportHandlerTestCase$TestContext",22,0.01,1.23,51,0.60,12208.41,28,6,22,40,5,138.11,0,98,0,2,138.11,0.00,0.50,0.17,0,0.00,2,1806.07,0,17,5,org.apache.solr.handler.dataimport.Context,0.56,18,1,27,0,18,5,0,0,462,1
"org.apache.solr.handler.dataimport.AbstractDataImportHandlerTestCase$TestUpdateRequestProcessor",8,0.10,1.00,35,0.30,4999.28,14,6,22,8,6,126.53,0,50,0,2,126.53,0.00,0.50,0.25,1,26.00,1,907.08,6,0,6,org.apache.solr.update.processor.UpdateRequestProcessor,0.13,0,1,8,0,0,8,0,0,227,2
"org.apache.solr.handler.dataimport.AbstractDataImportHandlerTestCase$TestUpdateRequestProcessorFactory",1,0.00,1.00,3,0.03,422.46,1,0,22,2,4,132.52,0,7,0,2,132.52,0.00,0.50,0.00,0,1.00,1,99.65,0,1,4,org.apache.solr.update.processor.UpdateRequestProcessorFactory,0.00,1,1,1,0,1,0,0,0,27,2
"org.apache.solr.handler.dataimport.BinContentStreamDataSource",3,0.33,2.67,18,0.21,5406.64,6,3,5,8,5,136.72,11,31,0,2,116.11,0.00,0.50,0.56,0,1.00,4,632.91,0,1,5,org.apache.solr.handler.dataimport.DataSource,0.33,5,1,8,0,5,2,0,2,140,1
"org.apache.solr.handler.dataimport.BinFileDataSource",3,0.50,1.33,11,0.13,2414.69,4,1,7,8,3,112.38,16,20,0,2,130.25,0.00,0.50,0.67,0,1.00,2,396.63,0,1,3,org.apache.solr.handler.dataimport.DataSource,0.33,5,1,4,0,5,2,0,1,91,1
"org.apache.solr.handler.dataimport.BinURLDataSource",5,0.21,2.40,40,0.51,15326.28,11,6,8,21,2,149.54,11,57,0,2,109.66,0.00,0.50,0.33,1,10.00,5,1543.48,0,2,2,org.apache.solr.handler.dataimport.DataSource,0.25,16,1,12,0,16,3,0,2,304,1
"org.apache.solr.handler.dataimport.CachedSqlEntityProcessor",3,0.50,3.00,27,0.32,12165.02,4,1,3,6,3,88.87,15,41,1,4,106.74,0.00,0.75,0.67,0,0.00,4,964.88,6,2,2,org.apache.solr.handler.dataimport.SqlEntityProcessor,0.38,3,3,9,0,3,1,0,1,199,1
"org.apache.solr.handler.dataimport.ClobTransformer",2,1.00,5.50,34,0.49,29727.00,3,1,7,13,7,73.98,11,45,1,2,91.86,0.00,0.50,0.50,1,2.00,8,1482.75,0,2,6,org.apache.solr.handler.dataimport.Transformer,0.00,11,1,11,0,11,0,0,1,272,1
"org.apache.solr.handler.dataimport.ContentStreamDataSource",3,0.33,2.67,18,0.21,5406.64,6,3,5,8,5,136.72,11,31,0,2,116.11,0.00,0.50,0.56,0,1.00,4,632.91,0,1,5,org.apache.solr.handler.dataimport.DataSource,0.33,5,1,8,0,5,2,0,1,140,1
"org.apache.solr.handler.dataimport.Context",21,8.00,1.00,28,0.28,4127.21,29,8,3,22,90,120.72,145,29,88,1,152.94,0.00,0.00,0.00,0,21.00,1,839.10,0,14,4,java.lang.Object,0.00,1,0,21,3,1,7,0,26,237,2
"org.apache.solr.handler.dataimport.ContextImpl",26,0.03,2.46,112,1.52,50603.77,37,11,5,46,17,122.43,10,184,10,2,122.43,1.00,0.33,0.12,3,318.00,10,4573.27,0,15,8,org.apache.solr.handler.dataimport.Context,0.51,20,1,64,1,20,11,0,2,988,1
"org.apache.solr.handler.dataimport.DataConfig",0,0.00,0.00,12,0.19,5738.62,7,7,9,3,8,171.00,16,12,7,1,171.00,0.00,0.00,0.00,0,0.00,0,573.86,0,0,1,java.lang.Object,0.00,3,0,0,0,3,0,0,1,111,1
"org.apache.solr.handler.dataimport.DataConfig$Document",2,4.00,1.50,13,0.15,3688.69,6,4,9,4,0,116.16,1,15,0,1,116.16,0.00,0.00,0.00,0,2.00,2,446.85,0,0,0,java.lang.Object,0.00,2,0,3,0,2,2,0,1,97,2
"org.apache.solr.handler.dataimport.DataConfig$Entity",5,0.18,4.20,65,0.92,44252.67,20,15,9,24,4,98.04,1,80,0,1,98.04,0.00,0.00,0.21,0,1.00,11,2747.14,0,2,4,java.lang.Object,0.00,19,0,21,0,19,3,0,1,488,2
"org.apache.solr.handler.dataimport.DataConfig$Field",9,0.01,3.22,111,1.55,67016.37,26,17,9,43,3,99.98,4,134,0,1,99.98,0.00,0.00,0.05,4,26.00,11,4645.67,0,5,3,java.lang.Object,0.00,34,0,29,0,34,4,0,2,868,2
"org.apache.solr.handler.dataimport.DataConfig$Field$HashMap<String,String>",1,0.00,2.00,4,0.05,1308.22,1,0,9,1,0,123.84,0,7,0,1,123.84,0.00,0.00,0.00,0,1.00,2,158.46,3,1,0,java.lang.Object,0.00,0,0,2,0,0,0,0,0,42,0
"org.apache.solr.handler.dataimport.DataConfig$Script",2,2.00,1.50,9,0.09,1512.39,4,2,9,5,0,125.78,0,13,0,1,125.78,0.00,0.00,0.00,0,2.00,2,264.52,0,0,0,java.lang.Object,0.00,3,0,3,0,3,2,0,0,64,2
"org.apache.solr.handler.dataimport.DataImportHandler",11,0.06,4.27,167,3.08,207383.47,19,8,30,79,27,133.01,28,229,0,2,93.13,0.00,0.50,0.18,4,27.00,19,9249.41,2,7,27,org.apache.solr.handler.RequestHandlerBase,0.43,68,1,47,0,68,4,1,10,1485,1
"org.apache.solr.handler.dataimport.DataImportHandler$SolrWriter",1,0.00,3.00,8,0.09,1789.42,1,0,30,1,1,111.45,0,13,0,1,111.45,0.00,0.00,0.00,0,0.00,3,259.93,1,0,1,java.lang.Object,0.00,0,0,3,0,0,1,0,0,58,0
"org.apache.solr.handler.dataimport.DataImportHandlerException",7,0.00,1.57,29,0.30,5876.11,14,7,0,9,43,175.41,9,39,43,2,125.41,0.00,0.50,0.14,0,0.00,2,913.54,0,0,1,java.lang.RuntimeException,0.00,2,1,11,0,2,7,0,1,214,1
"org.apache.solr.handler.dataimport.DataImporter",26,0.03,3.08,259,4.17,192680.79,53,27,27,136,39,104.67,25,352,24,1,104.67,0.00,0.00,0.07,10,366.00,13,12497.05,0,9,17,java.lang.Object,0.00,110,0,80,0,110,17,0,14,2174,1
"org.apache.solr.handler.dataimport.DataImporter$MSG",0,0.00,0.00,15,0.23,3423.57,14,14,27,0,0,171.00,0,16,0,1,171.00,0.00,0.00,0.00,0,0.00,0,682.44,0,0,0,java.lang.Object,0.00,0,0,0,0,0,0,0,0,131,2
"org.apache.solr.handler.dataimport.DataImporter$RequestParams",2,0.69,7.00,43,0.81,51348.06,15,13,27,10,2,136.51,2,57,0,1,86.51,0.00,0.00,0.42,0,2.00,13,2425.05,0,0,2,java.lang.Object,0.00,8,0,14,0,8,2,0,2,419,2
"org.apache.solr.handler.dataimport.DataImporter$Status",0,0.00,0.00,2,0.01,36.00,0,0,27,0,0,171.00,0,3,0,1,171.00,0.00,0.00,0.00,0,0.00,0,24.00,0,0,0,java.lang.Object,0.00,0,0,0,0,0,0,0,0,8,1
"org.apache.solr.handler.dataimport.DataImporter$Thread",1,0.00,1.00,3,0.02,143.17,1,0,27,2,0,136.23,0,5,0,1,136.23,0.00,0.00,0.00,0,1.00,1,52.97,0,0,0,java.lang.Object,0.00,1,0,1,0,1,1,0,0,17,0
"org.apache.solr.handler.dataimport.DataImporter$ThreadLocal<AtomicLong>",1,0.00,1.00,3,0.02,301.04,1,0,27,2,0,133.68,0,5,0,1,133.68,0.00,0.00,0.00,0,1.00,1,62.84,0,1,0,java.lang.Object,0.00,1,0,1,0,1,0,0,0,20,0
"org.apache.solr.handler.dataimport.DataImporter$ThreadLocal<SimpleDateFormat>",1,0.00,1.00,3,0.02,303.40,1,0,27,2,0,133.66,0,5,0,1,133.66,0.00,0.00,0.00,0,1.00,1,68.08,0,1,0,java.lang.Object,0.00,1,0,1,0,1,0,0,0,21,0
"org.apache.solr.handler.dataimport.DataSource",3,0.00,1.00,4,0.03,217.46,3,0,1,3,28,136.21,43,5,28,1,156.35,0.00,0.00,0.00,0,3.00,1,96.73,0,0,1,java.lang.Object,0.00,0,0,3,14,0,3,0,4,32,2
"org.apache.solr.handler.dataimport.DateFormatTransformer",2,0.33,6.50,39,0.62,36914.40,5,3,5,17,5,41.17,16,54,1,2,89.27,0.00,0.50,0.50,1,2.00,9,1854.80,0,2,4,org.apache.solr.handler.dataimport.Transformer,0.00,15,1,13,0,15,0,0,1,333,1
"org.apache.solr.handler.dataimport.DebugLogger",9,0.00,4.33,101,1.53,123913.14,15,6,8,33,9,149.22,16,132,3,1,99.22,0.00,0.00,0.17,2,13.00,20,4595.28,0,4,7,java.lang.Object,0.00,24,0,39,0,24,5,0,1,852,0
"org.apache.solr.handler.dataimport.DebugLogger$DataSource",3,0.00,1.67,17,0.23,7851.14,3,0,8,9,4,117.89,0,31,0,1,117.89,0.00,0.00,0.00,0,4.00,3,696.78,0,1,4,java.lang.Object,0.00,6,0,5,0,6,2,0,0,143,0
"org.apache.solr.handler.dataimport.DebugLogger$DebugInfo",1,5.00,5.00,20,0.22,9405.57,7,6,8,4,2,90.81,0,25,0,1,90.81,0.00,0.00,0.17,0,0.00,5,670.19,0,0,2,java.lang.Object,0.00,3,0,5,0,3,1,0,0,138,2
"org.apache.solr.handler.dataimport.DebugLogger$Stack<DebugInfo>",1,0.00,2.00,4,0.05,968.26,1,0,8,3,1,124.87,0,8,0,1,124.87,0.00,0.00,0.00,0,1.00,2,144.99,1,0,1,java.lang.Object,0.00,2,0,2,0,2,1,0,0,36,0
"org.apache.solr.handler.dataimport.DebugLogger$Transformer",1,0.00,3.00,16,0.22,11196.19,1,0,8,4,3,93.95,0,21,0,1,93.95,0.00,0.00,0.00,0,0.00,3,661.62,0,1,3,java.lang.Object,0.00,3,0,3,0,3,0,0,0,126,0
"org.apache.solr.handler.dataimport.Deprecated",0,0.00,0.00,1,0.01,90.00,0,0,0,0,1,171.00,18,2,0,3,171.00,0.00,0.67,0.00,0,0.00,0,27.00,0,0,1,org.apache.solr.handler.dataimport.URLDataSource,0.00,0,2,0,0,0,0,0,1,9,1
"org.apache.solr.handler.dataimport.DocBuilder",24,0.10,6.75,459,8.15,669818.83,43,19,12,165,26,127.74,56,660,13,1,87.85,0.00,0.00,0.15,18,72.00,35,24441.50,0,4,17,java.lang.Object,0.00,141,0,162,0,141,20,0,36,4038,1
"org.apache.solr.handler.dataimport.DocBuilder$DocWrapper",2,0.00,2.00,7,0.09,1906.78,3,1,12,5,1,129.58,1,10,0,2,129.58,0.00,0.50,1.00,0,0.00,2,271.67,0,1,1,org.apache.solr.common.SolrInputDocument,0.00,3,1,4,0,3,1,0,1,66,1
"org.apache.solr.handler.dataimport.DocBuilder$EntityRow",1,3.00,1.00,8,0.07,1347.83,4,3,12,1,0,112.67,0,10,0,1,112.67,0.00,0.00,0.00,0,1.00,1,208.68,0,0,0,java.lang.Object,0.00,0,0,1,0,0,1,0,0,54,1
"org.apache.solr.handler.dataimport.DocBuilder$EntityRunner",4,0.36,8.00,124,1.69,124774.92,15,11,12,47,8,129.50,5,156,0,1,79.50,0.00,0.00,0.36,2,0.00,19,5077.56,0,0,8,java.lang.Object,0.00,43,0,32,0,43,4,0,5,826,0
"org.apache.solr.handler.dataimport.DocBuilder$EntityRunner$Runnable",1,0.00,2.00,7,0.06,775.35,1,0,12,3,0,116.56,0,11,0,1,116.56,0.00,0.00,0.00,0,0.00,2,166.32,0,0,0,java.lang.Object,0.00,2,0,2,0,2,1,0,0,39,0
"org.apache.solr.handler.dataimport.DocBuilder$Object",1,0.00,1.00,3,0.02,253.76,1,0,12,3,0,134.27,0,5,0,1,134.27,0.00,0.00,0.00,0,1.00,1,67.21,0,1,0,java.lang.Object,0.00,2,0,1,0,2,0,0,0,20,0
"org.apache.solr.handler.dataimport.DocBuilder$Statistics",2,0.33,1.00,21,0.28,8383.92,8,6,12,7,0,105.17,0,24,0,1,105.17,0.00,0.00,0.33,0,2.00,1,850.13,0,2,0,java.lang.Object,0.00,5,0,2,0,5,0,0,0,198,2
"org.apache.solr.handler.dataimport.EntityProcessor",8,0.00,1.00,9,0.08,613.42,8,0,1,8,11,106.16,77,12,11,1,156.16,0.00,0.00,0.00,0,8.00,1,233.66,0,4,1,java.lang.Object,0.00,0,0,8,15,0,4,0,10,75,2
"org.apache.solr.handler.dataimport.EntityProcessorBase",13,0.05,2.69,125,1.91,117416.25,35,22,5,37,14,104.26,55,175,9,2,104.03,12.00,0.07,0.09,2,58.00,11,5722.21,0,9,5,org.apache.solr.handler.dataimport.EntityProcessor,0.57,24,1,35,12,24,4,0,13,1064,1
"org.apache.solr.handler.dataimport.EntityProcessorWrapper",14,0.13,3.29,146,1.89,117400.95,23,9,11,57,18,102.53,9,200,10,2,102.53,1.00,0.33,0.23,3,10.00,18,5666.74,0,7,9,org.apache.solr.handler.dataimport.EntityProcessor,0.55,43,1,46,1,43,7,0,4,1037,1
"org.apache.solr.handler.dataimport.EntityProcessorWrapper$ArrayList<Transformer>",1,0.00,2.00,5,0.07,1624.84,1,0,11,3,1,119.48,0,8,0,1,119.48,0.00,0.00,0.00,0,0.00,2,200.59,1,0,1,java.lang.Object,0.00,2,0,2,0,2,1,0,0,47,0
"org.apache.solr.handler.dataimport.EntityProcessorWrapper$SuppressWarnings",2,0.50,1.50,15,0.17,3596.80,6,4,11,5,3,113.75,0,23,0,2,113.75,0.00,0.50,0.50,0,0.00,2,521.03,0,1,3,org.apache.solr.handler.dataimport.Transformer,0.00,3,1,3,0,3,1,0,0,114,1
"org.apache.solr.handler.dataimport.Evaluator",1,0.00,1.00,2,0.01,99.30,1,0,0,1,7,194.04,25,3,6,1,144.05,0.00,0.00,0.00,0,1.00,1,43.31,0,1,1,java.lang.Object,0.00,0,0,1,3,0,0,0,2,15,2
"org.apache.solr.handler.dataimport.EvaluatorBag",6,0.06,2.83,62,0.98,61815.91,13,7,16,35,12,51.86,56,81,6,1,101.86,0.00,0.00,0.10,0,10.00,9,2946.83,0,5,7,java.lang.Object,0.00,29,0,17,0,29,1,0,7,520,1
"org.apache.solr.handler.dataimport.EvaluatorBag$DateMathParser",1,0.00,1.00,3,0.03,341.91,1,0,16,2,0,133.25,0,6,0,1,133.25,0.00,0.00,0.00,0,1.00,1,79.19,0,1,0,java.lang.Object,0.00,1,0,1,0,1,0,0,0,25,0
"org.apache.solr.handler.dataimport.EvaluatorBag$Evaluator",1,0.00,2.00,7,0.12,3020.27,1,0,16,9,2,132.53,3,10,0,1,111.91,0.00,0.00,0.00,0,1.00,2,370.11,0,1,2,java.lang.Object,0.00,8,0,2,0,8,0,0,3,73,0
"org.apache.solr.handler.dataimport.EvaluatorBag$Evaluator_0",1,0.00,2.00,7,0.10,2436.19,1,0,16,8,3,112.65,0,10,0,1,112.65,0.00,0.00,0.00,0,1.00,2,300.57,0,1,3,java.lang.Object,0.00,7,0,2,0,7,0,0,0,62,0
"org.apache.solr.handler.dataimport.EvaluatorBag$Evaluator_1",1,0.00,3.00,10,0.15,5017.73,1,0,16,10,2,104.30,0,15,0,1,104.30,0.00,0.00,0.00,0,1.00,3,463.81,0,1,2,java.lang.Object,0.00,9,0,3,0,9,0,0,0,88,0
"org.apache.solr.handler.dataimport.EvaluatorBag$Evaluator_2",1,0.00,8.00,35,0.50,29194.87,1,0,16,15,2,77.76,0,47,0,1,77.76,0.00,0.00,0.00,0,0.00,8,1502.39,0,1,2,java.lang.Object,0.00,14,0,8,0,14,0,0,0,247,0
"org.apache.solr.handler.dataimport.EvaluatorBag$HashMap<String,Object>",1,0.00,4.00,9,0.14,4247.86,1,0,16,6,1,106.51,0,14,0,1,106.51,0.00,0.00,0.00,0,0.00,4,434.00,0,1,1,java.lang.Object,0.00,5,0,4,0,5,0,0,0,90,0
"org.apache.solr.handler.dataimport.EvaluatorBag$VariableWrapper",3,0.25,1.33,11,0.10,1686.97,5,2,16,5,1,131.48,0,16,0,1,131.48,0.00,0.00,0.67,0,1.00,2,285.71,0,2,1,java.lang.Object,0.00,2,0,4,0,2,1,0,0,75,2
"org.apache.solr.handler.dataimport.EventListener",1,0.00,1.00,2,0.01,41.48,1,0,0,1,4,117.65,13,3,3,1,147.03,0.00,0.00,0.00,0,1.00,1,27.65,0,0,1,,0.00,0,0,1,0,0,1,0,2,11,1
"org.apache.solr.handler.dataimport.FieldReaderDataSource",5,0.10,2.60,41,0.47,16057.71,10,5,9,18,7,109.71,22,60,2,2,109.48,0.00,0.50,0.28,2,6.00,7,1422.58,0,3,5,org.apache.solr.handler.dataimport.DataSource,0.25,13,1,13,0,13,2,0,5,289,1
"org.apache.solr.handler.dataimport.FieldStreamDataSource",3,0.25,2.67,29,0.40,14996.64,7,4,9,19,6,63.76,21,41,0,2,106.05,0.00,0.50,0.42,0,1.00,6,1212.19,0,1,6,org.apache.solr.handler.dataimport.DataSource,0.33,16,1,8,0,16,2,0,5,227,1
"org.apache.solr.handler.dataimport.FileDataSource",5,0.06,2.60,33,0.47,18837.93,9,4,6,20,4,63.59,49,52,1,2,113.59,0.00,0.50,0.30,2,9.00,6,1400.73,0,3,3,org.apache.solr.handler.dataimport.DataSource,0.25,15,1,13,0,15,2,0,5,292,1
"org.apache.solr.handler.dataimport.FileListEntityProcessor",6,0.20,4.67,105,1.70,69504.69,30,24,6,37,5,63.36,80,141,1,3,92.75,0.00,0.67,0.21,1,6.00,7,5092.09,2,3,4,org.apache.solr.handler.dataimport.EntityProcessorBase,0.11,31,2,28,0,31,3,0,15,915,1
"org.apache.solr.handler.dataimport.FileListEntityProcessor$FilenameFilter",1,0.00,6.00,11,0.14,5872.81,1,0,6,6,0,102.06,0,14,0,1,102.06,0.00,0.00,0.00,0,0.00,6,424.15,0,0,0,java.lang.Object,0.00,5,0,6,0,5,1,0,0,88,0
"org.apache.solr.handler.dataimport.HTMLStripTransformer",2,0.00,7.50,39,0.64,43209.33,4,2,8,22,5,88.94,9,56,0,2,88.70,0.00,0.50,0.50,1,2.00,9,1920.68,0,2,5,org.apache.solr.handler.dataimport.Transformer,0.00,20,1,15,0,20,0,0,2,340,1
"org.apache.solr.handler.dataimport.JdbcDataSource",10,0.08,3.40,95,1.64,77663.66,25,15,8,40,6,154.49,12,149,2,2,104.49,0.00,0.50,0.14,3,22.00,13,4918.82,1,4,5,org.apache.solr.handler.dataimport.DataSource,0.15,30,1,34,0,30,6,0,3,883,1
"org.apache.solr.handler.dataimport.JdbcDataSource$Callable<Connection>",1,0.00,16.00,49,0.95,66370.59,1,0,8,21,3,51.47,5,64,0,1,69.34,0.00,0.00,0.00,0,0.00,16,2845.38,0,1,3,java.lang.Object,0.00,20,0,16,0,20,0,0,5,427,0
"org.apache.solr.handler.dataimport.JdbcDataSource$ResultSetIterator",5,0.25,5.40,73,0.95,53232.95,9,4,8,32,0,96.15,1,107,0,1,96.15,0.00,0.00,0.45,1,0.00,14,2839.61,0,2,0,java.lang.Object,0.00,27,0,27,0,27,3,0,1,519,1
"org.apache.solr.handler.dataimport.JdbcDataSource$ResultSetIterator$Iterator<Map<String,Object>>",3,0.00,1.00,6,0.04,335.20,3,0,8,5,0,143.64,1,9,0,1,143.64,0.00,0.00,0.00,0,3.00,1,120.08,0,1,0,java.lang.Object,0.00,2,0,3,0,2,2,0,1,38,0
"org.apache.solr.handler.dataimport.LineEntityProcessor",3,0.57,4.33,37,0.51,22602.85,10,7,4,15,4,143.82,66,55,1,3,99.88,0.00,0.67,0.52,0,0.00,7,1539.05,2,1,3,org.apache.solr.handler.dataimport.EntityProcessorBase,0.38,12,2,13,0,12,2,0,13,298,1
"org.apache.solr.handler.dataimport.LogTransformer",1,0.00,12.00,19,0.38,17641.82,4,3,3,15,2,45.16,11,28,0,2,89.29,0.00,0.50,1.00,0,0.00,12,1140.19,0,1,2,org.apache.solr.handler.dataimport.Transformer,0.00,14,1,12,0,14,0,0,1,214,1
"org.apache.solr.handler.dataimport.MailEntityProcessor",13,0.11,4.85,237,4.44,241520.43,53,40,20,80,4,130.08,27,305,0,3,90.20,0.00,0.67,0.13,6,75.00,15,13322.31,1,3,4,org.apache.solr.handler.dataimport.EntityProcessorBase,0.18,67,2,63,0,67,10,0,19,2246,1
"org.apache.solr.handler.dataimport.MailEntityProcessor$CustomFilter",1,0.00,1.00,2,0.01,52.70,1,0,20,1,0,146.21,0,4,0,1,146.21,0.00,0.00,0.00,0,1.00,1,31.26,0,1,0,,0.00,0,0,1,0,0,0,0,0,12,2
"org.apache.solr.handler.dataimport.MailEntityProcessor$FolderIterator",6,0.10,4.00,66,0.85,52014.57,10,4,20,24,1,100.82,3,89,0,1,100.82,0.00,0.00,0.33,1,2.00,9,2537.62,0,0,1,java.lang.Object,0.00,18,0,24,0,18,6,1,3,477,0
"org.apache.solr.handler.dataimport.MailEntityProcessor$MailsSinceLastCheckFilter",2,0.00,1.00,6,0.04,397.09,3,1,20,3,0,135.11,0,9,0,1,135.11,0.00,0.00,1.00,0,0.00,1,125.91,0,1,0,java.lang.Object,0.00,1,0,2,0,1,1,1,0,36,0
"org.apache.solr.handler.dataimport.MailEntityProcessor$MessageIterator",6,0.34,3.17,64,0.78,31591.27,13,7,20,16,1,104.13,2,83,0,1,104.13,0.00,0.00,0.43,3,0.00,5,2327.66,0,1,1,java.lang.Object,0.00,10,0,19,0,10,5,1,2,457,0
"org.apache.solr.handler.dataimport.MockDataSource",5,0.25,1.00,11,0.18,4443.49,6,1,4,9,18,176.44,10,22,16,2,136.55,1.00,0.33,0.80,0,0.00,1,530.64,0,1,2,org.apache.solr.handler.dataimport.DataSource,0.25,4,1,5,1,4,4,0,1,132,1
"org.apache.solr.handler.dataimport.MockInitialContextFactory",3,0.17,1.33,16,0.22,4341.98,6,3,8,15,1,119.97,0,23,1,1,119.97,0.00,0.00,0.44,0,2.00,2,645.72,0,1,0,java.lang.Object,0.00,12,0,4,0,12,2,1,0,140,1
"org.apache.solr.handler.dataimport.MockInitialContextFactory$IAnswer<Object>",1,0.00,1.00,3,0.03,353.13,1,0,8,2,0,133.14,0,4,0,1,133.14,0.00,0.00,0.00,0,0.00,1,95.65,0,1,0,java.lang.Object,0.00,1,0,1,0,1,0,0,0,26,0
"org.apache.solr.handler.dataimport.MockSolrEntityProcessor",5,0.08,1.40,30,0.33,12005.92,8,3,4,14,5,115.28,1,35,1,4,115.28,0.00,0.75,0.27,1,13.00,3,999.63,0,2,4,org.apache.solr.handler.dataimport.SolrEntityProcessor,0.13,9,3,7,0,9,3,0,1,213,1
"org.apache.solr.handler.dataimport.NumberFormatTransformer",3,0.29,6.00,59,1.02,72454.19,10,7,9,31,6,56.15,19,81,1,2,88.37,0.00,0.50,0.33,2,5.00,11,3046.06,0,3,5,org.apache.solr.handler.dataimport.Transformer,0.00,28,1,18,0,28,0,0,1,530,1
"org.apache.solr.handler.dataimport.PlainTextEntityProcessor",2,0.33,3.50,30,0.44,21897.88,5,3,11,16,3,115.65,7,40,0,3,95.03,0.00,0.67,0.50,0,0.00,6,1313.04,1,1,3,org.apache.solr.handler.dataimport.EntityProcessorBase,0.26,14,2,7,0,14,1,0,1,237,1
"org.apache.solr.handler.dataimport.RegexTransformer",5,0.07,7.40,113,1.84,178113.53,12,7,5,37,9,105.24,18,146,6,2,84.62,0.00,0.50,0.20,4,14.00,18,5523.60,0,5,3,org.apache.solr.handler.dataimport.Transformer,0.00,32,1,37,0,32,0,0,1,946,1
"org.apache.solr.handler.dataimport.ScriptTransformer",4,0.22,3.25,35,0.54,23132.90,7,3,5,14,5,107.65,18,66,2,2,107.42,0.00,0.50,0.50,1,2.00,6,1620.21,0,2,3,org.apache.solr.handler.dataimport.Transformer,0.00,10,1,13,0,10,2,0,2,304,1
"org.apache.solr.handler.dataimport.SolrEntityProcessor",5,0.16,4.80,84,1.21,53043.95,19,14,21,33,13,76.15,29,115,2,3,94.02,0.50,0.50,0.20,3,10.00,9,3639.80,2,3,11,org.apache.solr.handler.dataimport.EntityProcessorBase,0.12,28,2,24,1,28,2,0,7,642,1
"org.apache.solr.handler.dataimport.SolrEntityProcessor$SolrDocumentListIterator",7,0.00,1.14,29,0.28,6472.85,11,4,21,18,2,125.15,3,37,0,1,125.15,0.00,0.00,0.25,0,20.00,2,852.86,0,1,2,java.lang.Object,0.00,11,0,8,0,11,6,1,3,203,2
"org.apache.solr.handler.dataimport.SolrWriter",16,0.02,2.25,120,1.42,38202.75,36,20,10,50,18,112.69,15,183,12,1,112.69,0.00,0.00,0.07,3,46.00,5,4267.61,0,4,8,java.lang.Object,0.00,34,0,36,2,34,12,0,2,881,1
"org.apache.solr.handler.dataimport.SqlEntityProcessor",8,0.06,3.25,78,1.10,39150.25,17,9,6,34,13,145.96,18,112,9,3,106.08,1.50,0.33,0.17,3,0.00,7,3307.34,2,6,4,org.apache.solr.handler.dataimport.EntityProcessorBase,0.52,26,2,26,3,26,2,0,1,642,1
"org.apache.solr.handler.dataimport.TemplateString",6,0.10,2.33,47,0.61,22805.22,10,4,4,27,6,111.33,26,55,5,1,111.09,0.00,0.00,0.33,0,10.00,5,1819.22,0,4,1,java.lang.Object,0.00,21,0,14,0,21,2,0,3,382,1
"org.apache.solr.handler.dataimport.TemplateTransformer",2,0.00,4.50,30,0.51,24254.09,5,3,5,14,6,65.24,27,42,1,2,94.62,0.00,0.50,0.33,1,2.00,7,1536.17,0,2,5,org.apache.solr.handler.dataimport.Transformer,0.00,12,1,9,0,12,0,0,4,280,1
"org.apache.solr.handler.dataimport.TestCachedSqlEntityProcessor",6,0.00,4.00,158,2.88,169051.90,6,0,5,30,8,132.86,8,192,0,4,82.86,0.00,0.75,0.00,1,6.00,7,8652.09,2,0,8,org.apache.solr.handler.dataimport.AbstractDataImportHandlerTestCase,0.00,24,3,24,0,24,6,0,1,1465,1
"org.apache.solr.handler.dataimport.TestCachedSqlEntityProcessor$DoubleTransformer",1,0.00,1.00,6,0.08,2852.23,1,0,5,3,2,114.76,0,9,0,2,114.76,0.00,0.50,0.00,0,1.00,1,254.88,0,1,2,org.apache.solr.handler.dataimport.Transformer,0.00,2,1,1,0,2,0,0,0,59,2
"org.apache.solr.handler.dataimport.TestCachedSqlEntityProcessor$UppercaseTransformer",1,0.00,3.00,9,0.12,4544.68,1,0,5,4,2,106.35,0,14,0,2,106.35,0.00,0.50,0.00,0,1.00,3,359.65,0,1,2,org.apache.solr.handler.dataimport.Transformer,0.00,3,1,3,0,3,0,0,0,75,2
"org.apache.solr.handler.dataimport.TestClobTransformer",1,0.00,1.00,16,0.33,11689.31,1,0,7,15,6,45.95,8,18,0,4,94.05,0.00,0.75,0.00,0,1.00,1,987.93,1,0,6,org.apache.solr.handler.dataimport.AbstractDataImportHandlerTestCase,0.00,14,3,1,0,14,1,0,2,172,1
"org.apache.solr.handler.dataimport.TestClobTransformer$InvocationHandler",1,0.00,2.00,5,0.05,958.47,1,0,7,4,0,121.29,0,7,0,1,121.29,0.00,0.00,0.00,0,1.00,2,161.80,0,1,0,java.lang.Object,0.00,3,0,2,0,3,0,0,0,38,0
"org.apache.solr.handler.dataimport.TestContentStreamDataSource",4,0.17,1.00,38,0.53,11342.26,8,4,13,28,7,158.22,6,56,0,4,108.22,0.00,0.75,0.38,0,0.00,1,1597.16,2,1,7,org.apache.solr.handler.dataimport.AbstractDataImportHandlerTestCase,0.11,24,3,4,0,24,3,0,1,310,1
"org.apache.solr.handler.dataimport.TestContentStreamDataSource$SolrInstance",8,0.03,1.00,35,0.34,7101.60,13,5,13,16,0,125.32,4,45,0,1,125.32,0.00,0.00,0.18,2,18.00,1,1017.06,0,5,0,java.lang.Object,0.00,8,0,8,0,8,3,0,1,231,1
"org.apache.solr.handler.dataimport.TestContextImpl",4,0.00,1.00,29,0.53,13359.85,4,0,4,19,7,111.73,0,38,0,4,111.73,0.00,0.75,0.00,0,4.00,1,1578.51,0,0,7,org.apache.solr.handler.dataimport.AbstractDataImportHandlerTestCase,0.00,15,3,4,0,15,4,0,0,313,1
"org.apache.solr.handler.dataimport.TestDataConfig",3,1.00,1.00,16,0.28,4445.40,4,1,8,17,3,159.84,8,32,0,4,119.96,0.00,0.75,0.33,0,4.00,1,852.64,6,0,3,org.apache.solr.handler.dataimport.AbstractDataImportHandlerTestCase,0.00,14,3,3,0,14,3,0,1,173,1
"org.apache.solr.handler.dataimport.TestDateFormatTransformer",2,0.00,1.00,33,0.62,17693.10,2,0,3,16,6,95.24,8,46,0,4,95.00,0.00,0.75,0.00,0,2.00,1,1869.67,2,0,6,org.apache.solr.handler.dataimport.AbstractDataImportHandlerTestCase,0.00,14,3,2,0,14,2,0,1,333,1
"org.apache.solr.handler.dataimport.TestDocBuilder",7,0.17,1.86,140,2.72,95213.91,9,2,4,35,6,139.78,8,164,0,4,89.78,0.00,0.75,0.36,0,8.00,3,8151.87,2,0,6,org.apache.solr.handler.dataimport.AbstractDataImportHandlerTestCase,0.05,28,3,13,0,28,7,0,1,1353,1
"org.apache.solr.handler.dataimport.TestDocBuilder$SolrWriterImpl",6,0.10,1.00,16,0.17,3036.01,10,4,4,8,2,138.48,1,28,0,2,138.48,0.00,0.50,0.17,0,22.00,1,510.33,0,0,2,org.apache.solr.handler.dataimport.SolrWriter,0.27,2,1,6,0,2,6,0,1,129,1
"org.apache.solr.handler.dataimport.TestDocBuilder2",12,0.03,1.00,147,2.56,70989.15,19,7,8,26,3,101.04,11,248,0,4,101.04,0.00,0.75,0.12,0,82.00,1,7676.53,7,0,3,org.apache.solr.handler.dataimport.AbstractDataImportHandlerTestCase,0.00,14,3,12,0,14,12,0,4,1377,1
"org.apache.solr.handler.dataimport.TestDocBuilder2$AddDynamicFieldTransformer",1,0.00,1.00,4,0.04,738.67,1,0,8,2,2,175.95,1,7,0,2,125.95,0.00,0.50,0.00,0,1.00,1,132.02,0,1,2,org.apache.solr.handler.dataimport.Transformer,0.00,1,1,1,0,1,0,0,1,33,2
"org.apache.solr.handler.dataimport.TestDocBuilder2$EndEventListener",1,0.00,1.00,4,0.03,283.34,2,1,8,1,2,129.23,0,6,0,1,129.23,0.00,0.00,1.00,0,0.00,1,91.83,0,0,2,java.lang.Object,0.00,0,0,1,0,0,1,1,0,26,2
"org.apache.solr.handler.dataimport.TestDocBuilder2$MockDataSource2",0,0.00,0.00,1,0.01,49.13,0,0,8,0,1,171.00,0,2,0,3,171.00,0.00,0.67,0.00,0,0.00,0,19.65,0,0,1,org.apache.solr.handler.dataimport.MockDataSource,0.00,0,2,0,0,0,0,0,0,7,2
"org.apache.solr.handler.dataimport.TestDocBuilder2$MockTransformer",1,0.00,1.00,4,0.05,936.44,1,0,8,3,2,125.14,0,7,0,2,125.14,0.00,0.50,0.00,0,1.00,1,155.36,0,1,2,org.apache.solr.handler.dataimport.Transformer,0.00,2,1,1,0,2,0,0,0,37,2
"org.apache.solr.handler.dataimport.TestDocBuilder2$StartEventListener",1,0.00,1.00,4,0.03,283.34,2,1,8,1,2,129.23,0,6,0,1,129.23,0.00,0.00,1.00,0,0.00,1,91.83,0,0,2,java.lang.Object,0.00,0,0,1,0,0,1,1,0,26,2
"org.apache.solr.handler.dataimport.TestDocBuilderThreaded",10,0.07,1.10,56,1.30,52283.73,16,6,7,18,2,115.62,8,217,0,4,115.62,0.00,0.75,0.10,1,66.00,2,3900.44,10,1,2,org.apache.solr.handler.dataimport.AbstractDataImportHandlerTestCase,0.10,8,3,11,0,8,9,0,4,736,1
"org.apache.solr.handler.dataimport.TestDocBuilderThreaded$DemoEvaluator",1,0.00,2.00,10,0.12,2933.21,2,1,7,7,3,126.85,3,14,0,2,106.23,0.00,0.50,1.00,0,0.00,2,358.77,0,1,3,org.apache.solr.handler.dataimport.Evaluator,0.00,6,1,2,0,6,0,0,1,76,2
"org.apache.solr.handler.dataimport.TestDocBuilderThreaded$DemoProcessor",1,0.00,2.00,8,0.11,2813.21,2,1,7,5,3,109.99,0,11,0,4,109.99,0.00,0.75,1.00,0,0.00,2,323.77,1,0,3,org.apache.solr.handler.dataimport.SqlEntityProcessor,0.00,4,3,2,0,4,1,0,0,69,2
"org.apache.solr.handler.dataimport.TestDocBuilderThreaded$FailingProcessor",1,0.00,2.00,6,0.07,1766.59,1,0,7,4,2,116.24,0,10,0,4,116.24,0.00,0.75,0.00,0,1.00,2,224.11,1,0,2,org.apache.solr.handler.dataimport.SqlEntityProcessor,0.00,3,3,2,0,3,1,0,0,50,2
"org.apache.solr.handler.dataimport.TestDocBuilderThreaded$FailingTransformer",1,0.00,1.00,3,0.04,553.78,1,0,7,2,2,131.60,0,6,0,2,131.60,0.00,0.50,0.00,0,1.00,1,113.11,0,1,2,org.apache.solr.handler.dataimport.Transformer,0.00,1,1,1,0,1,0,0,0,29,2
"org.apache.solr.handler.dataimport.TestEntityProcessorBase",1,0.00,1.00,20,0.40,16570.02,1,0,5,14,5,41.14,8,27,0,4,89.24,0.00,0.75,0.00,0,1.00,1,1204.51,2,0,5,org.apache.solr.handler.dataimport.AbstractDataImportHandlerTestCase,0.00,13,3,1,0,13,1,0,1,219,1
"org.apache.solr.handler.dataimport.TestEntityProcessorBase$T1",1,0.00,1.00,4,0.04,720.56,1,0,5,2,2,126.04,0,7,0,2,126.04,0.00,0.50,0.00,0,1.00,1,127.88,0,1,2,org.apache.solr.handler.dataimport.Transformer,0.00,1,1,1,0,1,0,0,0,32,1
"org.apache.solr.handler.dataimport.TestEntityProcessorBase$T2",1,0.00,1.00,4,0.04,720.56,1,0,5,2,2,126.04,0,7,0,2,126.04,0.00,0.50,0.00,0,1.00,1,127.88,0,1,2,org.apache.solr.handler.dataimport.Transformer,0.00,1,1,1,0,1,0,0,0,32,1
"org.apache.solr.handler.dataimport.TestEntityProcessorBase$T3",1,0.00,1.00,4,0.03,474.00,1,0,5,2,0,127.47,0,6,0,1,127.47,0.00,0.00,0.00,0,1.00,1,92.00,0,1,0,java.lang.Object,0.00,1,0,1,0,1,0,0,0,25,1
"org.apache.solr.handler.dataimport.TestErrorHandling",6,0.07,1.00,37,0.65,16891.92,12,6,8,10,2,164.81,6,108,0,4,114.81,0.00,0.75,0.22,0,10.00,1,1961.02,10,0,2,org.apache.solr.handler.dataimport.AbstractDataImportHandlerTestCase,0.05,4,3,6,0,4,6,0,1,385,1
"org.apache.solr.handler.dataimport.TestErrorHandling$ExceptionTransformer",1,0.00,1.00,3,0.04,553.78,1,0,8,2,2,131.60,0,6,0,2,131.60,0.00,0.50,0.00,0,1.00,1,113.11,0,1,2,org.apache.solr.handler.dataimport.Transformer,0.00,1,1,1,0,1,0,0,0,29,2
"org.apache.solr.handler.dataimport.TestErrorHandling$StringDataSource",3,1.00,1.00,6,0.07,714.91,4,1,8,4,2,141.05,0,13,0,2,141.05,0.00,0.50,0.33,0,4.00,1,195.21,0,1,2,org.apache.solr.handler.dataimport.DataSource,0.33,1,1,3,0,1,2,0,0,54,2
"org.apache.solr.handler.dataimport.TestEvaluatorBag",7,0.04,1.14,75,1.24,37135.37,11,4,6,35,6,144.22,15,103,0,4,104.34,0.00,0.75,0.29,1,12.00,2,3708.49,1,0,6,org.apache.solr.handler.dataimport.AbstractDataImportHandlerTestCase,0.05,28,3,8,0,28,7,0,4,687,1
"org.apache.solr.handler.dataimport.TestFieldReader",1,0.00,1.00,14,0.28,5519.29,3,2,4,14,3,56.49,7,29,0,4,98.78,0.00,0.75,1.00,0,0.00,1,830.64,1,0,3,org.apache.solr.handler.dataimport.AbstractDataImportHandlerTestCase,0.00,13,3,1,0,13,1,0,1,156,1
"org.apache.solr.handler.dataimport.TestFileListEntityProcessor",5,0.00,2.40,104,2.04,94420.70,5,0,5,35,4,138.59,9,149,0,4,88.59,0.00,0.75,0.00,1,5.00,4,6120.50,3,1,4,org.apache.solr.handler.dataimport.AbstractDataImportHandlerTestCase,0.00,30,3,12,0,30,4,0,2,1012,1
"org.apache.solr.handler.dataimport.TestJdbcDataSource",6,0.38,1.33,87,1.39,40914.56,15,9,11,42,5,137.88,13,115,0,4,97.99,0.00,0.75,0.43,0,2.00,2,4157.91,3,0,5,org.apache.solr.handler.dataimport.AbstractDataImportHandlerTestCase,0.11,36,3,8,0,36,6,0,2,744,1
"org.apache.solr.handler.dataimport.TestLineEntityProcessor",6,0.40,2.67,59,1.22,41290.49,7,1,5,19,5,67.40,75,149,0,4,104.96,0.00,0.75,0.67,0,0.00,5,3648.25,2,2,5,org.apache.solr.handler.dataimport.AbstractDataImportHandlerTestCase,0.00,13,3,16,0,13,4,0,44,652,1
"org.apache.solr.handler.dataimport.TestLineEntityProcessor$DataSource<Reader>",3,0.00,1.00,5,0.05,447.58,3,0,5,4,1,153.88,0,11,0,1,153.88,0.00,0.00,0.00,0,3.00,1,144.54,0,1,1,java.lang.Object,0.00,1,0,3,0,1,2,0,0,43,0
"org.apache.solr.handler.dataimport.TestMailEntityProcessor",7,0.10,1.14,102,1.67,35824.47,12,5,8,22,3,138.89,19,128,0,4,99.01,0.00,0.75,0.29,1,0.00,2,5017.85,0,1,3,org.apache.solr.handler.dataimport.AbstractDataImportHandlerTestCase,0.00,15,3,8,0,15,6,0,10,905,1
"org.apache.solr.handler.dataimport.TestMailEntityProcessor$SolrWriterImpl",5,0.17,1.00,13,0.13,1670.89,8,3,8,7,2,139.90,1,23,0,2,139.90,0.00,0.50,0.20,0,14.00,1,381.04,0,0,2,org.apache.solr.handler.dataimport.SolrWriter,0.19,2,1,5,0,2,5,0,1,99,1
"org.apache.solr.handler.dataimport.TestNumberFormatTransformer",9,0.00,1.00,73,1.54,36641.16,11,2,6,21,6,108.89,8,112,0,4,108.89,0.00,0.75,0.50,0,0.00,1,4622.88,2,0,6,org.apache.solr.handler.dataimport.AbstractDataImportHandlerTestCase,0.00,12,3,9,0,12,9,0,1,861,1
"org.apache.solr.handler.dataimport.TestPlainTextEntityProcessor",1,0.00,1.00,10,0.17,2736.48,2,1,3,9,2,64.34,7,20,0,4,106.63,0.00,0.75,1.00,0,0.00,1,506.62,1,0,2,org.apache.solr.handler.dataimport.AbstractDataImportHandlerTestCase,0.00,8,3,1,0,8,1,0,1,105,1
"org.apache.solr.handler.dataimport.TestPlainTextEntityProcessor$DS",3,1.00,1.00,6,0.06,574.11,4,1,3,4,2,141.80,0,13,0,2,141.80,0.00,0.50,0.33,0,4.00,1,175.08,0,1,2,org.apache.solr.handler.dataimport.DataSource,0.33,1,1,3,0,1,2,0,0,50,2
"org.apache.solr.handler.dataimport.TestRegexTransformer",6,0.00,1.00,92,1.79,67503.51,6,0,9,23,4,95.46,26,112,0,4,95.23,0.00,0.75,0.00,1,6.00,1,5374.44,3,1,4,org.apache.solr.handler.dataimport.AbstractDataImportHandlerTestCase,0.00,17,3,6,0,17,5,0,21,962,1
"org.apache.solr.handler.dataimport.TestScriptTransformer",5,0.75,1.80,63,1.28,40728.37,6,1,11,32,6,139.70,11,113,0,4,99.81,0.00,0.75,0.40,1,7.00,2,3845.43,0,1,6,org.apache.solr.handler.dataimport.AbstractDataImportHandlerTestCase,0.00,27,3,9,0,27,4,0,1,677,1
"org.apache.solr.handler.dataimport.TestSolrEntityProcessorEndToEnd",13,0.07,2.00,144,2.01,54602.25,24,11,19,46,6,103.46,9,200,0,4,103.46,0.00,0.75,0.15,3,10.00,3,6044.78,7,3,6,org.apache.solr.handler.dataimport.AbstractDataImportHandlerTestCase,0.10,33,3,26,0,33,10,0,5,1177,1
"org.apache.solr.handler.dataimport.TestSolrEntityProcessorEndToEnd$SolrInstance",6,0.20,1.00,27,0.29,6558.22,8,2,19,16,0,124.61,0,35,0,1,124.61,0.00,0.00,0.33,2,2.00,1,865.94,0,4,0,java.lang.Object,0.00,10,0,6,0,10,2,0,0,190,2
"org.apache.solr.handler.dataimport.TestSolrEntityProcessorUnit",6,0.40,1.83,81,1.31,49163.00,8,2,8,42,3,98.49,3,87,0,4,98.49,0.00,0.75,0.17,2,10.00,3,3931.94,1,1,3,org.apache.solr.handler.dataimport.AbstractDataImportHandlerTestCase,0.00,36,3,11,0,36,5,0,1,711,1
"org.apache.solr.handler.dataimport.TestSolrEntityProcessorUnit$Runnable",1,0.00,4.00,12,0.13,3767.51,1,0,8,7,0,102.26,0,19,0,1,102.26,0.00,0.00,0.00,0,0.00,4,396.50,0,0,0,java.lang.Object,0.00,6,0,4,0,6,1,0,0,77,0
"org.apache.solr.handler.dataimport.TestSqlEntityProcessor",6,1.00,2.50,81,1.39,56576.19,7,1,2,28,7,147.94,8,101,0,4,97.94,0.00,0.75,0.17,1,10.00,3,4165.60,1,2,7,org.apache.solr.handler.dataimport.AbstractDataImportHandlerTestCase,0.00,22,3,15,0,22,4,0,1,751,1
"org.apache.solr.handler.dataimport.TestSqlEntityProcessor$DataSource<Iterator<Map<String,Object>>>",3,0.00,1.00,5,0.07,798.54,3,0,2,4,1,151.90,0,11,0,1,151.90,0.00,0.00,0.00,0,3.00,1,206.39,0,1,1,java.lang.Object,0.00,1,0,3,0,1,2,0,0,57,0
"org.apache.solr.handler.dataimport.TestSqlEntityProcessor$T",1,0.00,1.00,4,0.04,738.67,1,0,2,2,2,125.95,0,7,0,2,125.95,0.00,0.50,0.00,0,1.00,1,132.02,0,1,2,org.apache.solr.handler.dataimport.Transformer,0.00,1,1,1,0,1,0,0,0,33,2
"org.apache.solr.handler.dataimport.TestSqlEntityProcessor$T2",1,0.00,1.00,8,0.12,3830.71,1,0,2,3,2,109.10,0,11,0,2,109.10,0.00,0.50,0.00,0,0.00,1,353.32,0,1,2,org.apache.solr.handler.dataimport.Transformer,0.00,2,1,1,0,2,0,0,0,75,2
"org.apache.solr.handler.dataimport.TestSqlEntityProcessor$T3",1,0.00,1.00,4,0.03,485.22,1,0,2,2,0,127.39,0,6,0,1,127.39,0.00,0.00,0.00,0,1.00,1,95.61,0,1,0,java.lang.Object,0.00,1,0,1,0,1,0,0,0,26,2
"org.apache.solr.handler.dataimport.TestSqlEntityProcessor2",9,0.06,1.00,103,1.62,43193.02,13,4,8,13,2,153.17,9,170,0,4,103.17,0.00,0.75,0.19,0,34.00,1,4853.35,10,0,2,org.apache.solr.handler.dataimport.AbstractDataImportHandlerTestCase,0.05,4,3,9,0,4,9,0,1,922,1
"org.apache.solr.handler.dataimport.TestSqlEntityProcessor2$DateFormatValidatingEvaluator",1,0.00,3.00,14,0.20,5945.63,1,0,8,9,4,98.27,0,20,0,2,98.27,0.00,0.50,0.00,0,1.00,3,599.67,0,1,4,org.apache.solr.handler.dataimport.Evaluator,0.00,8,1,3,0,8,0,0,0,113,1
"org.apache.solr.handler.dataimport.TestSqlEntityProcessorDelta",12,0.25,1.08,151,2.28,61284.48,16,4,8,30,2,151.52,13,227,0,4,101.52,0.00,0.75,0.48,1,0.00,2,6827.02,11,0,2,org.apache.solr.handler.dataimport.AbstractDataImportHandlerTestCase,0.05,18,3,13,0,18,12,0,5,1259,1
"org.apache.solr.handler.dataimport.TestSqlEntityProcessorDelta2",11,0.25,1.00,131,1.92,46555.72,15,4,6,17,2,103.60,9,199,0,4,103.60,0.00,0.75,0.48,1,0.00,1,5769.26,10,0,2,org.apache.solr.handler.dataimport.AbstractDataImportHandlerTestCase,0.05,6,3,11,0,6,11,0,1,1087,1
"org.apache.solr.handler.dataimport.TestSqlEntityProcessorDelta3",9,0.14,1.00,110,1.76,43941.91,18,9,6,15,2,101.70,1,167,0,4,101.70,0.00,0.75,0.23,1,0.00,1,5278.10,10,0,2,org.apache.solr.handler.dataimport.AbstractDataImportHandlerTestCase,0.05,6,3,9,0,6,9,0,1,975,1
"org.apache.solr.handler.dataimport.TestSqlEntityProcessorDeltaPrefixedPk",6,0.24,1.00,59,0.86,18016.54,11,5,7,11,2,158.02,10,88,0,4,108.02,0.00,0.75,0.40,1,0.00,1,2588.55,10,0,2,org.apache.solr.handler.dataimport.AbstractDataImportHandlerTestCase,0.05,5,3,6,0,5,6,0,2,497,1
"org.apache.solr.handler.dataimport.TestTemplateString",1,2.00,1.00,9,0.14,3027.97,3,2,5,11,3,59.89,8,16,0,4,107.99,0.00,0.75,0.00,0,1.00,1,433.98,0,0,3,org.apache.solr.handler.dataimport.AbstractDataImportHandlerTestCase,0.00,10,3,1,0,10,1,0,1,91,1
"org.apache.solr.handler.dataimport.TestTemplateTransformer",1,0.00,1.00,19,0.37,12331.75,1,0,5,10,4,41.09,9,33,0,4,91.08,0.00,0.75,0.00,0,1.00,1,1121.45,2,0,4,org.apache.solr.handler.dataimport.AbstractDataImportHandlerTestCase,0.00,9,3,1,0,9,1,0,2,194,1
"org.apache.solr.handler.dataimport.TestThreaded",2,1.00,1.00,22,0.36,8996.40,3,1,5,6,2,103.39,1,36,0,4,103.39,0.00,0.75,0.50,0,2.00,1,1066.66,5,0,2,org.apache.solr.handler.dataimport.AbstractDataImportHandlerTestCase,0.00,4,3,2,0,4,2,0,1,203,1
"org.apache.solr.handler.dataimport.TestTikaEntityProcessor",3,0.25,1.00,17,0.33,5259.78,5,2,13,19,1,169.38,4,39,0,4,119.38,0.00,0.75,0.67,0,1.00,1,990.19,4,0,1,org.apache.solr.handler.dataimport.AbstractDataImportHandlerTestCase,0.00,16,3,3,0,16,3,0,1,194,1
"org.apache.solr.handler.dataimport.TestURLDataSource",1,1.00,1.00,12,0.21,5500.95,6,5,6,11,4,101.29,0,16,0,4,101.29,0.00,0.75,0.80,0,0.00,1,642.92,0,0,4,org.apache.solr.handler.dataimport.AbstractDataImportHandlerTestCase,0.00,10,3,1,0,10,1,0,0,129,1
"org.apache.solr.handler.dataimport.TestVariableResolver",10,0.00,1.00,92,1.51,45084.56,10,0,4,36,7,156.63,11,126,1,4,106.63,0.00,0.75,0.00,1,10.00,1,4537.00,0,0,6,org.apache.solr.handler.dataimport.AbstractDataImportHandlerTestCase,0.00,26,3,10,0,26,10,0,4,851,1
"org.apache.solr.handler.dataimport.TestVariableResolver$DateMathParser",1,0.00,1.00,3,0.03,341.91,1,0,4,2,0,133.25,0,6,0,1,133.25,0.00,0.00,0.00,0,1.00,1,79.19,0,1,0,java.lang.Object,0.00,1,0,1,0,1,0,0,0,25,0
"org.apache.solr.handler.dataimport.TestVariableResolver$E",1,0.00,1.00,3,0.03,263.23,1,0,4,1,2,134.14,0,6,0,2,134.14,0.00,0.50,0.00,0,1.00,1,75.16,0,1,2,org.apache.solr.handler.dataimport.Evaluator,0.00,0,1,1,0,0,0,0,0,22,2
"org.apache.solr.handler.dataimport.TestXPathEntityProcessor",9,0.07,2.78,124,2.55,112490.71,16,7,9,41,6,146.95,9,214,0,4,96.95,0.00,0.75,0.21,1,41.00,9,7657.90,3,1,6,org.apache.solr.handler.dataimport.AbstractDataImportHandlerTestCase,0.00,32,3,25,0,32,8,0,2,1244,1
"org.apache.solr.handler.dataimport.TestXPathEntityProcessor$DataSource<Reader>",3,0.00,1.00,5,0.05,447.58,3,0,9,4,1,153.88,0,11,0,1,153.88,0.00,0.00,0.00,0,3.00,1,144.54,0,1,1,java.lang.Object,0.00,1,0,3,0,1,2,0,0,43,0
"org.apache.solr.handler.dataimport.TestXPathEntityProcessor$XPathEntityProcessor",1,1.00,3.00,9,0.11,4466.61,2,1,9,3,0,106.41,0,16,0,1,106.41,0.00,0.00,0.00,0,0.00,3,334.76,1,1,0,java.lang.Object,0.00,2,0,3,0,2,0,0,0,69,0
"org.apache.solr.handler.dataimport.TestXPathRecordReader",22,0.00,1.14,270,6.44,229792.20,22,0,5,43,2,99.07,13,523,0,4,99.07,0.00,0.75,0.00,0,22.00,3,19334.04,0,0,2,org.apache.solr.handler.dataimport.AbstractDataImportHandlerTestCase,0.00,21,3,25,0,21,22,0,8,3378,1
"org.apache.solr.handler.dataimport.TestXPathRecordReader$XPathRecordReader.Handler",1,0.00,4.00,5,0.08,1688.16,1,0,5,4,0,119.19,0,6,0,1,119.19,0.00,0.00,0.00,0,1.00,4,226.42,0,0,0,java.lang.Object,0.00,3,0,4,0,3,1,0,0,52,0
"org.apache.solr.handler.dataimport.ThreadedContext",11,0.30,1.18,32,0.33,5351.29,13,2,0,17,8,138.57,6,59,2,3,138.57,0.00,0.67,0.23,2,41.00,2,1001.71,2,4,6,org.apache.solr.handler.dataimport.ContextImpl,0.26,6,2,13,0,6,7,0,2,255,1
"org.apache.solr.handler.dataimport.ThreadedEntityProcessorWrapper",4,0.11,4.50,54,0.68,28483.58,7,3,9,21,7,138.65,9,69,1,3,98.76,0.00,0.67,0.25,0,6.00,10,2043.96,1,1,6,org.apache.solr.handler.dataimport.EntityProcessorWrapper,0.12,17,2,18,0,17,3,0,4,396,1
"org.apache.solr.handler.dataimport.TikaEntityProcessor",5,0.21,4.60,76,1.25,60333.90,11,6,31,40,4,144.64,7,101,0,3,94.64,0.00,0.67,0.33,0,7.00,13,3743.85,0,4,4,org.apache.solr.handler.dataimport.EntityProcessorBase,0.23,35,2,23,0,35,1,0,1,645,1
"org.apache.solr.handler.dataimport.TikaEntityProcessor$ContentHandlerDecorator",4,0.00,2.00,13,0.18,4180.28,4,0,31,6,0,129.27,2,26,0,1,129.27,0.00,0.00,0.00,0,4.00,3,533.69,2,0,0,java.lang.Object,0.00,2,0,8,0,2,4,0,2,124,0
"org.apache.solr.handler.dataimport.Transformer",1,0.00,1.00,2,0.02,200.84,1,0,1,1,25,183.12,29,3,24,1,141.64,0.00,0.00,0.00,0,1.00,1,63.42,0,1,1,java.lang.Object,0.00,0,0,1,19,0,0,0,2,19,2
"org.apache.solr.handler.dataimport.URLDataSource",6,0.18,3.00,62,0.91,32459.87,22,16,10,29,6,154.05,10,88,3,2,104.05,1.00,0.33,0.21,1,10.00,7,2740.68,0,3,3,org.apache.solr.handler.dataimport.DataSource,0.22,23,1,18,1,23,3,0,1,497,1
"org.apache.solr.handler.dataimport.VariableResolver",2,0.00,1.00,3,0.02,131.11,2,0,0,2,11,136.55,29,4,11,1,156.69,0.00,0.00,0.00,0,2.00,1,58.07,0,2,0,java.lang.Object,0.00,0,0,2,1,0,0,0,3,21,2
"org.apache.solr.handler.dataimport.VariableResolverImpl",8,0.03,3.25,75,1.01,74677.36,13,5,4,27,25,153.87,14,96,23,2,103.87,0.00,0.50,0.22,2,28.00,9,3043.27,0,5,2,org.apache.solr.handler.dataimport.VariableResolver,0.00,19,1,26,0,19,3,0,2,590,1
"org.apache.solr.handler.dataimport.XPathEntityProcessor",12,0.10,6.42,238,4.09,271093.51,37,25,23,88,13,138.59,21,324,1,3,88.59,0.00,0.67,0.13,6,20.00,19,12259.46,1,5,12,org.apache.solr.handler.dataimport.EntityProcessorBase,0.09,76,2,77,0,76,7,0,10,2044,1
"org.apache.solr.handler.dataimport.XPathEntityProcessor$Iterator<Map<String,Object>>",3,0.25,3.33,31,0.38,20183.46,5,2,23,10,1,103.28,1,40,0,1,103.28,0.00,0.00,0.33,0,4.00,8,1142.88,0,1,1,java.lang.Object,0.00,7,0,10,0,7,2,0,1,212,0
"org.apache.solr.handler.dataimport.XPathEntityProcessor$SimpleCharArrayReader",1,0.00,1.00,3,0.03,308.03,1,0,23,2,0,133.61,0,5,0,2,133.61,0.00,0.50,0.00,0,1.00,1,84.38,0,1,0,java.io.CharArrayWriter,0.00,1,1,1,0,1,0,0,0,24,2
"org.apache.solr.handler.dataimport.XPathEntityProcessor$Thread",2,0.00,4.00,16,0.17,3949.16,2,0,23,8,0,111.04,0,28,0,1,111.04,0.00,0.00,0.00,1,2.00,4,522.90,0,0,0,java.lang.Object,0.00,6,0,8,0,6,2,0,0,109,0
"org.apache.solr.handler.dataimport.XPathEntityProcessor$Thread$XPathRecordReader.Handler_0",1,0.00,3.00,11,0.12,3952.32,1,0,23,6,0,143.46,2,16,0,1,103.58,0.00,0.00,0.00,0,1.00,3,374.96,0,0,0,java.lang.Object,0.00,5,0,3,0,5,1,0,2,75,0
"org.apache.solr.handler.dataimport.XPathEntityProcessor$XPathRecordReader.Handler",1,0.00,1.00,3,0.04,592.87,1,0,23,3,0,131.37,0,5,0,1,131.37,0.00,0.00,0.00,0,1.00,1,127.88,0,0,0,java.lang.Object,0.00,2,0,1,0,2,1,0,0,32,0
"org.apache.solr.handler.dataimport.XPathRecordReader",7,0.11,2.57,59,0.89,34257.66,13,6,12,37,4,117.17,125,77,3,1,108.04,0.00,0.00,0.07,3,13.00,6,2668.41,0,4,1,java.lang.Object,0.00,30,0,18,0,30,3,0,17,537,1
"org.apache.solr.handler.dataimport.XPathRecordReader$Handler",1,0.00,1.00,3,0.03,337.11,1,0,12,2,0,133.30,0,4,0,1,133.30,0.00,0.00,0.00,0,1.00,1,84.00,0,0,0,java.lang.Object,0.00,1,0,1,0,1,1,0,0,23,0
"org.apache.solr.handler.dataimport.XPathRecordReader$Handler_0",1,0.00,1.00,2,0.02,156.38,1,0,12,1,0,94.39,8,3,0,1,142.49,0.00,0.00,0.00,0,1.00,1,58.21,0,0,0,,0.00,0,0,1,0,0,1,0,1,18,2
"org.apache.solr.handler.dataimport.XPathRecordReader$Node",12,0.06,6.33,195,2.95,199095.62,26,14,12,60,0,48.30,139,271,0,1,92.43,0.00,0.00,0.12,5,54.00,21,8849.62,0,3,0,java.lang.Object,0.00,48,0,76,0,48,9,0,92,1576,2
"org.apache.lucene.benchmark.quality.utils.DocNameExtractor",2,0.50,1.00,8,0.07,794.04,4,2,4,5,5,85.79,14,11,2,1,128.08,0.00,0.00,0.75,0,0.00,1,199.77,0,1,3,java.lang.Object,0.00,3,0,2,0,3,1,0,3,53,1
"org.apache.lucene.benchmark.quality.utils.DocNameExtractor$FieldSelector",1,0.00,2.00,3,0.03,496.00,1,0,4,2,1,131.82,0,6,0,1,131.82,0.00,0.00,0.00,0,0.00,2,96.00,0,1,1,java.lang.Object,0.00,1,0,2,0,1,0,0,0,26,0
"org.apache.lucene.benchmark.quality.utils.QualityQueriesFinder",5,0.25,3.00,52,0.92,48299.33,7,2,8,28,7,141.95,14,69,1,1,102.06,0.00,0.00,0.30,1,10.00,5,2758.71,0,3,6,java.lang.Object,0.00,23,0,15,0,23,2,0,5,514,1
"org.apache.lucene.benchmark.quality.utils.QualityQueriesFinder$TermDf",1,2.00,1.00,6,0.04,383.86,3,2,8,1,0,121.62,0,8,0,1,121.62,0.00,0.00,0.00,0,1.00,1,114.62,0,0,0,java.lang.Object,0.00,0,0,1,0,0,1,0,0,33,2
"org.apache.lucene.benchmark.quality.utils.QualityQueriesFinder$TermsDfQueue",2,0.00,1.00,5,0.05,737.86,2,0,8,2,1,139.56,0,9,0,2,139.56,0.00,0.50,0.00,0,2.00,1,143.85,1,0,1,org.apache.lucene.util.PriorityQueue,0.00,0,1,2,0,0,2,0,0,41,2
"org.apache.lucene.benchmark.quality.utils.SimpleQQParser",3,0.17,1.67,22,0.26,8354.23,6,3,9,9,10,94.36,17,23,2,1,112.23,0.00,0.00,0.22,0,4.00,3,783.57,0,1,8,java.lang.Object,0.00,6,0,5,0,6,2,1,4,164,1
"org.apache.lucene.benchmark.quality.utils.SubmissionReport",4,0.17,2.00,30,0.40,12716.18,8,4,7,16,8,111.97,19,42,3,1,111.74,0.00,0.00,0.38,0,4.00,3,1208.66,0,1,5,java.lang.Object,0.00,12,0,8,0,12,3,0,3,245,1
"org.apache.solr.analysis.ASCIIFoldingFilterFactory",2,0.00,1.00,5,0.03,314.33,2,0,2,3,5,124.60,11,8,1,3,142.48,0.00,0.67,0.00,0,2.00,1,91.19,0,2,4,org.apache.solr.analysis.BaseTokenFilterFactory,0.00,1,2,2,0,1,0,1,1,29,1
"org.apache.solr.analysis.ArabicNormalizationFilterFactory",1,0.00,1.00,3,0.02,225.35,1,0,2,2,4,90.55,11,5,1,3,134.67,0.00,0.67,0.00,0,1.00,1,58.69,0,1,3,org.apache.solr.analysis.BaseTokenFilterFactory,0.00,1,2,1,0,1,0,0,1,19,1
"org.apache.solr.analysis.ArabicStemFilterFactory",1,0.00,1.00,3,0.02,225.35,1,0,2,2,4,97.11,12,5,1,3,134.67,0.00,0.67,0.00,0,1.00,1,58.69,0,1,3,org.apache.solr.analysis.BaseTokenFilterFactory,0.00,1,2,1,0,1,0,0,1,19,1
"org.apache.solr.analysis.BaseCharFilterFactory",5,0.38,1.40,17,0.20,4335.49,7,2,3,9,5,179.99,7,24,4,1,129.99,0.00,0.00,0.20,1,7.00,3,591.15,0,1,1,java.lang.Object,0.00,4,0,7,4,4,4,1,2,140,2
"org.apache.solr.analysis.BaseTokenFilterFactory",0,0.00,0.00,2,0.03,699.09,1,1,2,1,88,171.00,5,3,86,2,171.00,87.00,0.01,0.00,0,0.00,0,101.95,0,0,2,org.apache.solr.analysis.BaseTokenStreamFactory,0.00,1,1,0,87,1,0,1,1,24,2
"org.apache.solr.analysis.BaseTokenStreamFactory",11,0.07,2.00,64,0.90,28412.04,14,3,19,36,10,167.90,20,94,2,1,117.90,0.00,0.00,0.27,3,43.00,3,2691.06,0,3,8,java.lang.Object,0.00,25,0,22,106,25,8,0,11,542,1
"org.apache.solr.analysis.BaseTokenTestCase",0,0.00,0.00,3,0.08,1917.57,2,2,5,4,92,171.00,5,6,90,3,171.00,44.50,0.02,0.00,0,0.00,0,232.85,0,0,2,org.apache.lucene.analysis.BaseTokenStreamTestCase,0.00,4,2,0,89,4,0,0,3,47,2
"org.apache.solr.analysis.BaseTokenizerFactory",0,0.00,0.00,2,0.03,699.09,1,1,2,1,20,171.00,5,3,18,2,171.00,17.00,0.05,0.00,0,0.00,0,101.95,0,0,2,org.apache.solr.analysis.BaseTokenStreamFactory,0.00,1,1,0,17,1,0,1,1,24,2
"org.apache.solr.analysis.BeiderMorseFilterFactory",2,1.00,2.50,18,0.30,11073.89,4,2,9,12,4,57.61,17,22,1,3,105.72,0.00,0.67,1.00,0,0.00,4,895.86,2,1,3,org.apache.solr.analysis.BaseTokenFilterFactory,0.00,10,2,5,0,10,1,0,4,168,1
"org.apache.solr.analysis.BrazilianStemFilterFactory",1,0.00,1.00,3,0.02,225.35,1,0,2,2,4,97.11,12,5,1,3,134.67,0.00,0.67,0.00,0,1.00,1,58.69,0,1,3,org.apache.solr.analysis.BaseTokenFilterFactory,0.00,1,2,1,0,1,0,0,1,19,1
"org.apache.solr.analysis.BulgarianStemFilterFactory",1,0.00,1.00,3,0.02,225.35,1,0,2,2,4,97.11,12,5,1,3,134.67,0.00,0.67,0.00,0,1.00,1,58.69,0,1,3,org.apache.solr.analysis.BaseTokenFilterFactory,0.00,1,2,1,0,1,0,0,1,19,1
"org.apache.solr.analysis.CJKBigramFilterFactory",2,0.00,3.00,15,0.15,3556.94,3,1,3,3,4,71.34,14,22,1,3,113.63,0.00,0.67,1.00,0,0.00,5,437.93,2,1,3,org.apache.solr.analysis.BaseTokenFilterFactory,0.00,1,2,6,0,1,1,0,1,98,1
"org.apache.solr.analysis.CJKWidthFilterFactory",1,0.00,1.00,3,0.02,225.35,1,0,2,2,4,97.11,12,5,1,3,134.67,0.00,0.67,0.00,0,1.00,1,58.69,0,1,3,org.apache.solr.analysis.BaseTokenFilterFactory,0.00,1,2,1,0,1,0,0,1,19,1
"org.apache.solr.analysis.CapitalizationFilter",2,0.00,5.00,33,0.42,32645.56,4,2,8,8,4,142.54,2,41,1,4,92.54,0.00,0.75,0.50,0,2.00,9,1260.12,0,0,4,org.apache.lucene.analysis.TokenFilter,0.29,6,3,10,0,6,2,0,2,231,1
"org.apache.solr.analysis.CapitalizationFilterFactory",3,0.50,8.33,89,1.20,77013.43,19,16,8,20,7,61.10,43,106,3,3,81.24,0.00,0.67,0.40,0,1.00,13,3598.94,2,0,5,org.apache.solr.analysis.BaseTokenFilterFactory,0.00,17,2,25,0,17,3,0,9,632,1
"org.apache.solr.analysis.CharFilterFactory",3,0.00,1.00,4,0.03,247.81,3,0,2,3,9,195.79,6,5,8,1,155.90,0.00,0.00,0.00,0,3.00,1,89.64,0,2,1,,0.00,0,0,3,0,0,1,0,1,31,1
"org.apache.solr.analysis.ClassicFilterFactory",1,0.00,1.00,3,0.02,192.92,1,0,3,2,5,97.64,12,5,1,3,135.21,0.00,0.67,0.00,0,1.00,1,60.48,0,1,4,org.apache.solr.analysis.BaseTokenFilterFactory,0.00,1,2,1,0,1,0,0,1,19,1
"org.apache.solr.analysis.ClassicTokenizerFactory",2,0.00,1.00,10,0.09,1539.78,3,1,5,4,5,104.32,11,15,1,3,122.20,0.00,0.67,1.00,0,0.00,1,281.43,2,1,4,org.apache.solr.analysis.BaseTokenizerFactory,0.00,2,2,2,0,2,1,0,1,68,1
"org.apache.solr.analysis.CollationKeyFilterFactory",5,0.75,4.40,36,0.87,46520.65,6,1,13,18,8,59.41,53,78,1,3,107.88,0.00,0.67,0.40,0,7.00,13,2596.76,0,4,7,org.apache.solr.analysis.BaseTokenFilterFactory,0.00,13,2,22,0,13,1,2,10,477,1
"org.apache.solr.analysis.CommonGramsFilter",13,0.06,1.69,82,0.95,25515.76,24,11,11,35,15,65.92,121,104,8,4,115.92,0.00,0.75,0.15,4,36.00,4,2844.01,1,2,7,org.apache.lucene.analysis.TokenFilter,0.32,22,3,22,0,22,11,0,19,604,2
"org.apache.solr.analysis.CommonGramsFilterFactory",4,0.33,1.75,22,0.22,5000.14,6,2,7,8,8,141.03,15,32,1,3,120.41,0.00,0.67,0.75,0,0.00,4,646.03,0,1,7,org.apache.solr.analysis.BaseTokenFilterFactory,0.00,4,2,7,0,4,3,1,3,140,1
"org.apache.solr.analysis.CommonGramsFilterFactoryTest",2,0.00,2.00,50,0.86,47256.71,2,0,9,17,7,84.49,8,58,0,4,84.25,0.00,0.75,0.00,0,0.00,2,2577.26,1,0,7,org.apache.solr.analysis.BaseTokenTestCase,0.00,15,3,4,0,15,2,0,2,439,1
"org.apache.solr.analysis.CommonGramsFilterTest",11,0.30,1.00,142,2.43,108012.64,12,1,11,31,11,119.92,41,199,0,4,99.31,0.00,0.75,0.73,0,0.00,1,7297.24,3,0,11,org.apache.solr.analysis.BaseTokenTestCase,0.00,20,3,11,0,20,11,0,17,1353,1
"org.apache.solr.analysis.CommonGramsFilterTest$Analyzer",1,0.00,1.00,3,0.05,639.09,1,0,11,4,4,131.11,0,6,0,1,131.11,0.00,0.00,0.00,0,0.00,1,135.38,0,1,4,java.lang.Object,0.00,3,0,1,0,3,0,0,0,33,0
"org.apache.solr.analysis.CommonGramsFilterTest$Analyzer_0",1,0.00,1.00,3,0.04,573.85,1,0,11,3,3,131.48,0,6,0,1,131.48,0.00,0.00,0.00,0,0.00,1,120.37,0,1,3,java.lang.Object,0.00,2,0,1,0,2,0,0,0,30,0
"org.apache.solr.analysis.CommonGramsFilterTest$ReusableAnalyzerBase",1,0.00,1.00,5,0.06,1277.45,1,0,11,4,3,120.47,0,7,0,1,120.47,0.00,0.00,0.00,0,0.00,1,191.40,0,1,3,java.lang.Object,0.00,3,0,1,0,3,0,0,0,44,0
"org.apache.solr.analysis.CommonGramsFilterTest$ReusableAnalyzerBase_1",1,0.00,1.00,5,0.07,1359.88,1,0,11,5,4,120.25,0,7,0,1,120.25,0.00,0.00,0.00,0,0.00,1,207.69,0,1,4,java.lang.Object,0.00,4,0,1,0,4,0,0,0,47,0
"org.apache.solr.analysis.CommonGramsQueryFilter",4,0.33,2.25,34,0.33,11202.38,9,5,5,9,8,59.98,39,46,4,4,109.98,0.00,0.75,0.45,1,2.00,6,985.84,1,0,4,org.apache.lucene.analysis.TokenFilter,0.50,5,3,9,0,5,4,0,7,208,2
"org.apache.solr.analysis.CommonGramsQueryFilterFactory",5,0.12,1.60,26,0.26,5785.21,7,2,8,10,9,141.31,19,40,1,3,120.70,0.00,0.67,0.60,0,0.00,4,774.53,2,2,8,org.apache.solr.analysis.BaseTokenFilterFactory,0.00,5,2,8,0,5,3,1,4,171,1
"org.apache.solr.analysis.CommonGramsQueryFilterFactoryTest",2,0.00,2.00,50,0.85,47032.00,2,0,9,17,7,84.51,8,58,0,4,84.27,0.00,0.75,0.00,0,0.00,2,2553.48,1,0,7,org.apache.solr.analysis.BaseTokenTestCase,0.00,15,3,4,0,15,2,0,2,436,1
"org.apache.solr.analysis.CzechStemFilterFactory",1,0.00,1.00,3,0.02,225.35,1,0,2,2,4,90.55,11,5,1,3,134.67,0.00,0.67,0.00,0,1.00,1,58.69,0,1,3,org.apache.solr.analysis.BaseTokenFilterFactory,0.00,1,2,1,0,1,0,0,1,19,1
"org.apache.solr.analysis.DelimitedPayloadTokenFilterFactory",3,0.38,2.67,25,0.31,7530.01,7,4,10,13,11,110.55,13,33,1,3,110.32,0.00,0.67,0.50,0,1.00,6,938.68,1,1,10,org.apache.solr.analysis.BaseTokenFilterFactory,0.00,10,2,8,0,10,2,1,1,190,1
"org.apache.solr.analysis.Deprecated",13,0.00,1.38,203,3.58,190034.61,13,0,12,27,6,134.14,34,257,1,3,94.26,0.00,0.67,0.00,2,13.00,6,10748.38,1,2,5,org.apache.lucene.analysis.BaseTokenStreamTestCase,0.00,14,2,18,0,14,11,0,23,1972,1
"org.apache.solr.analysis.Deprecated$Deprecated",3,0.31,1.33,25,0.36,9551.86,11,8,12,19,8,109.66,0,33,0,3,109.66,0.00,0.67,0.33,0,4.00,2,1079.23,0,0,8,org.apache.lucene.analysis.TokenStream,0.27,16,2,4,0,16,3,0,0,215,2
"org.apache.solr.analysis.Deprecated$ResourceLoader",3,0.00,1.33,11,0.12,2964.67,3,0,9,7,0,129.55,0,15,0,1,129.55,0.00,0.00,0.00,0,3.00,2,359.02,0,3,0,java.lang.Object,0.00,4,0,4,0,4,0,0,0,84,0
"org.apache.solr.analysis.Deprecated$ReusableAnalyzerBase",1,0.00,3.00,5,0.09,2593.40,1,0,25,5,4,117.79,0,7,0,1,117.79,0.00,0.00,0.00,0,1.00,3,280.48,0,1,4,java.lang.Object,0.00,4,0,3,0,4,0,0,0,59,0
"org.apache.solr.analysis.DictionaryCompoundWordTokenFilterFactory",3,0.75,1.67,23,0.27,5659.66,9,6,8,7,9,113.80,12,32,1,3,113.56,0.00,0.67,0.67,0,0.00,2,821.69,3,1,8,org.apache.solr.analysis.BaseTokenFilterFactory,0.00,4,2,5,0,4,2,1,1,169,1
"org.apache.solr.analysis.DoubleMetaphoneFilterFactory",2,0.80,1.50,13,0.18,3469.68,7,5,3,5,5,98.50,11,19,1,3,116.37,0.00,0.67,0.60,0,0.00,2,554.37,1,1,4,org.apache.solr.analysis.BaseTokenFilterFactory,0.00,3,2,3,0,3,1,0,1,121,1
"org.apache.solr.analysis.DoubleMetaphoneFilterFactoryTest",3,0.00,1.00,31,0.56,14454.30,3,0,6,19,6,154.70,4,35,0,4,104.70,0.00,0.75,0.00,0,3.00,1,1670.10,1,0,6,org.apache.solr.analysis.BaseTokenTestCase,0.00,16,3,3,0,16,3,0,2,309,1
"org.apache.solr.analysis.EdgeNGramFilterFactory",2,1.33,2.50,15,0.22,7546.16,5,3,3,6,4,93.23,11,22,1,3,111.10,0.00,0.67,1.00,0,0.00,4,669.56,1,1,3,org.apache.solr.analysis.BaseTokenFilterFactory,0.00,4,2,5,0,4,1,0,1,138,1
"org.apache.solr.analysis.EdgeNGramTokenizerFactory",2,1.33,2.50,15,0.22,7546.16,5,3,3,6,3,93.23,10,20,1,3,111.10,0.00,0.67,1.00,0,0.00,4,669.56,1,1,2,org.apache.solr.analysis.BaseTokenizerFactory,0.00,4,2,5,0,4,1,0,1,138,1
"org.apache.solr.analysis.ElisionFilterFactory",2,0.00,2.50,12,0.14,2976.90,3,1,6,5,7,84.56,13,19,1,3,116.78,0.00,0.67,1.00,0,0.00,3,416.05,2,1,6,org.apache.solr.analysis.BaseTokenFilterFactory,0.00,3,2,5,0,3,1,1,1,92,1
"org.apache.solr.analysis.EnglishMinimalStemFilterFactory",1,0.00,1.00,3,0.02,225.35,1,0,2,2,4,97.11,12,5,1,3,134.67,0.00,0.67,0.00,0,1.00,1,58.69,0,1,3,org.apache.solr.analysis.BaseTokenFilterFactory,0.00,1,2,1,0,1,0,0,1,19,1
"org.apache.solr.analysis.EnglishPorterFilterFactoryTest",2,0.00,2.50,44,0.77,30653.36,2,0,15,20,7,87.75,0,46,0,4,87.75,0.00,0.75,0.00,0,0.00,3,2318.94,1,0,7,org.apache.solr.analysis.BaseTokenTestCase,0.00,18,3,5,0,18,2,0,0,384,1
"org.apache.solr.analysis.EnglishPorterFilterFactoryTest$LinesMockSolrResourceLoader",4,1.00,1.00,10,0.08,939.54,5,1,15,4,1,141.10,0,15,0,1,141.10,0.00,0.00,0.25,0,6.00,1,241.90,0,3,1,java.lang.Object,0.00,0,0,4,0,0,1,1,0,67,0
"org.apache.solr.analysis.EnglishPossessiveFilterFactory",2,0.00,1.00,6,0.05,786.43,2,0,3,3,3,100.55,12,10,0,3,132.77,0.00,0.67,0.00,0,2.00,1,155.94,2,1,3,org.apache.solr.analysis.BaseTokenFilterFactory,0.00,1,2,2,0,1,1,0,1,43,1
"org.apache.solr.analysis.FinnishLightStemFilterFactory",1,0.00,1.00,3,0.02,225.35,1,0,2,2,4,97.11,12,5,1,3,134.67,0.00,0.67,0.00,0,1.00,1,58.69,0,1,3,org.apache.solr.analysis.BaseTokenFilterFactory,0.00,1,2,1,0,1,0,0,1,19,1
"org.apache.solr.analysis.FrenchLightStemFilterFactory",1,0.00,1.00,3,0.02,225.35,1,0,2,2,4,105.29,13,5,1,3,134.67,0.00,0.67,0.00,0,1.00,1,58.69,0,1,3,org.apache.solr.analysis.BaseTokenFilterFactory,0.00,1,2,1,0,1,0,0,1,19,1
"org.apache.solr.analysis.FrenchMinimalStemFilterFactory",1,0.00,1.00,3,0.02,225.35,1,0,2,2,4,105.29,13,5,1,3,134.67,0.00,0.67,0.00,0,1.00,1,58.69,0,1,3,org.apache.solr.analysis.BaseTokenFilterFactory,0.00,1,2,1,0,1,0,0,1,19,1
"org.apache.solr.analysis.GalicianMinimalStemFilterFactory",1,0.00,1.00,3,0.02,225.35,1,0,2,2,4,97.11,12,5,1,3,134.67,0.00,0.67,0.00,0,1.00,1,58.69,0,1,3,org.apache.solr.analysis.BaseTokenFilterFactory,0.00,1,2,1,0,1,0,0,1,19,1
"org.apache.solr.analysis.GalicianStemFilterFactory",1,0.00,1.00,3,0.02,225.35,1,0,2,2,4,97.11,12,5,1,3,134.67,0.00,0.67,0.00,0,1.00,1,58.69,0,1,3,org.apache.solr.analysis.BaseTokenFilterFactory,0.00,1,2,1,0,1,0,0,1,19,1
"org.apache.solr.analysis.GermanLightStemFilterFactory",1,0.00,1.00,3,0.02,225.35,1,0,2,2,4,97.11,12,5,1,3,134.67,0.00,0.67,0.00,0,1.00,1,58.69,0,1,3,org.apache.solr.analysis.BaseTokenFilterFactory,0.00,1,2,1,0,1,0,0,1,19,1
"org.apache.solr.analysis.GermanMinimalStemFilterFactory",1,0.00,1.00,3,0.02,225.35,1,0,2,2,4,97.11,12,5,1,3,134.67,0.00,0.67,0.00,0,1.00,1,58.69,0,1,3,org.apache.solr.analysis.BaseTokenFilterFactory,0.00,1,2,1,0,1,0,0,1,19,1
"org.apache.solr.analysis.GermanNormalizationFilterFactory",1,0.00,1.00,3,0.02,225.35,1,0,2,2,4,90.55,11,5,1,3,134.67,0.00,0.67,0.00,0,1.00,1,58.69,0,1,3,org.apache.solr.analysis.BaseTokenFilterFactory,0.00,1,2,1,0,1,0,0,1,19,1
"org.apache.solr.analysis.GermanStemFilterFactory",1,0.00,1.00,3,0.02,225.35,1,0,2,2,4,97.11,12,5,1,3,134.67,0.00,0.67,0.00,0,1.00,1,58.69,0,1,3,org.apache.solr.analysis.BaseTokenFilterFactory,0.00,1,2,1,0,1,0,0,1,19,1
"org.apache.solr.analysis.GreekLowerCaseFilterFactory",2,0.00,1.50,7,0.09,1794.04,2,0,5,5,5,111.98,11,15,1,3,129.86,0.00,0.67,0.00,0,2.00,2,258.89,2,1,4,org.apache.solr.analysis.BaseTokenFilterFactory,0.00,3,2,3,0,3,1,0,1,61,1
"org.apache.solr.analysis.GreekStemFilterFactory",1,0.00,1.00,3,0.02,225.35,1,0,2,2,4,97.11,12,5,1,3,134.67,0.00,0.67,0.00,0,1.00,1,58.69,0,1,3,org.apache.solr.analysis.BaseTokenFilterFactory,0.00,1,2,1,0,1,0,0,1,19,1
"org.apache.solr.analysis.HTMLStripCharFilterFactory",2,0.50,3.00,19,0.22,7036.16,4,2,7,9,3,89.35,11,27,1,2,107.23,0.00,0.50,0.75,0,0.00,4,646.17,1,1,2,org.apache.solr.analysis.BaseCharFilterFactory,0.00,7,1,6,0,7,1,0,1,138,1
"org.apache.solr.analysis.HindiNormalizationFilterFactory",1,0.00,1.00,3,0.02,225.35,1,0,2,2,4,90.55,11,5,1,3,134.67,0.00,0.67,0.00,0,1.00,1,58.69,0,1,3,org.apache.solr.analysis.BaseTokenFilterFactory,0.00,1,2,1,0,1,0,0,1,19,1
"org.apache.solr.analysis.HindiStemFilterFactory",1,0.00,1.00,3,0.02,225.35,1,0,2,2,4,90.55,11,5,1,3,134.67,0.00,0.67,0.00,0,1.00,1,58.69,0,1,3,org.apache.solr.analysis.BaseTokenFilterFactory,0.00,1,2,1,0,1,0,0,1,19,1
"org.apache.solr.analysis.HungarianLightStemFilterFactory",1,0.00,1.00,3,0.02,225.35,1,0,2,2,4,97.11,12,5,1,3,134.67,0.00,0.67,0.00,0,1.00,1,58.69,0,1,3,org.apache.solr.analysis.BaseTokenFilterFactory,0.00,1,2,1,0,1,0,0,1,19,1
"org.apache.solr.analysis.HunspellStemFilterFactory",2,0.71,3.50,24,0.45,16867.15,9,7,10,12,8,79.40,28,32,1,3,99.54,0.00,0.67,0.50,0,2.00,6,1337.35,1,1,7,org.apache.solr.analysis.BaseTokenFilterFactory,0.00,10,2,7,0,10,1,1,3,240,1
"org.apache.solr.analysis.HyphenatedWordsFilter",4,0.61,2.50,47,0.52,19883.92,10,6,4,17,7,65.27,50,59,3,4,102.83,0.00,0.75,0.62,1,0.00,6,1560.37,1,0,4,org.apache.lucene.analysis.TokenFilter,0.50,13,3,10,0,13,4,0,12,311,2
"org.apache.solr.analysis.HyphenatedWordsFilterFactory",1,0.00,1.00,3,0.02,225.35,1,0,2,2,4,90.55,11,5,1,3,134.67,0.00,0.67,0.00,0,1.00,1,58.69,0,1,3,org.apache.solr.analysis.BaseTokenFilterFactory,0.00,1,2,1,0,1,0,0,1,19,1
"org.apache.solr.analysis.HyphenationCompoundWordTokenFilterFactory",3,0.83,2.33,35,0.45,11620.14,12,9,13,14,10,55.23,32,47,1,3,103.70,0.00,0.67,0.67,0,0.00,3,1356.02,2,1,9,org.apache.solr.analysis.BaseTokenFilterFactory,0.00,11,2,7,0,11,2,1,6,261,1
"org.apache.solr.analysis.ICUCollationKeyFilterFactory",5,0.75,5.40,57,1.11,57337.65,6,1,11,25,8,51.32,51,96,1,3,99.80,0.00,0.67,0.40,0,7.00,22,3334.51,0,4,7,org.apache.solr.analysis.BaseTokenFilterFactory,0.00,20,2,27,0,20,1,2,10,554,1
"org.apache.solr.analysis.ICUFoldingFilterFactory",1,0.00,1.00,3,0.02,225.35,1,0,2,2,4,143.81,17,5,1,3,134.67,0.00,0.67,0.00,0,1.00,1,58.69,0,1,3,org.apache.solr.analysis.BaseTokenFilterFactory,0.00,1,2,1,0,1,0,0,2,19,1
"org.apache.solr.analysis.ICUNormalizer2FilterFactory",2,0.00,4.00,17,0.32,16798.52,3,1,8,11,5,57.99,17,30,1,3,106.09,0.00,0.67,1.00,0,0.00,7,964.20,1,1,4,org.apache.solr.analysis.BaseTokenFilterFactory,0.00,9,2,8,0,9,1,0,2,180,1
"org.apache.solr.analysis.ICUTokenizerFactory",1,0.00,1.00,3,0.02,192.92,1,0,3,2,4,175.09,2,5,1,3,135.21,0.00,0.67,0.00,0,1.00,1,60.48,0,1,3,org.apache.solr.analysis.BaseTokenizerFactory,0.00,1,2,1,0,1,0,0,2,19,1
"org.apache.solr.analysis.ICUTransformFilterFactory",2,0.00,2.50,13,0.22,9241.55,3,1,7,7,5,95.03,11,23,1,3,112.90,0.00,0.67,1.00,0,0.00,4,674.59,1,1,4,org.apache.solr.analysis.BaseTokenFilterFactory,0.00,5,2,5,0,5,1,0,2,133,1
"org.apache.solr.analysis.IndicNormalizationFilterFactory",1,0.00,1.00,3,0.02,225.35,1,0,2,2,4,90.55,11,5,1,3,134.67,0.00,0.67,0.00,0,1.00,1,58.69,0,1,3,org.apache.solr.analysis.BaseTokenFilterFactory,0.00,1,2,1,0,1,0,0,1,19,1
"org.apache.solr.analysis.IndonesianStemFilterFactory",2,0.00,1.00,7,0.07,1082.60,3,1,3,3,4,99.46,12,11,1,3,131.68,0.00,0.67,1.00,0,0.00,1,211.73,1,1,3,org.apache.solr.analysis.BaseTokenFilterFactory,0.00,1,2,2,0,1,1,0,1,54,1
"org.apache.solr.analysis.ItalianLightStemFilterFactory",1,0.00,1.00,3,0.02,225.35,1,0,2,2,4,97.11,12,5,1,3,134.67,0.00,0.67,0.00,0,1.00,1,58.69,0,1,3,org.apache.solr.analysis.BaseTokenFilterFactory,0.00,1,2,1,0,1,0,0,1,19,1
"org.apache.solr.analysis.KStemFilterFactory",1,0.00,1.00,3,0.02,192.92,1,0,3,2,5,155.82,3,5,1,3,135.21,0.00,0.67,0.00,0,1.00,1,60.48,0,1,4,org.apache.solr.analysis.BaseTokenFilterFactory,0.00,1,2,1,0,1,0,0,1,19,1
"org.apache.solr.analysis.KeepWordFilter",3,0.25,1.00,11,0.13,2100.87,5,2,6,7,7,151.41,10,16,3,5,130.80,0.00,0.80,0.33,0,4.00,1,401.14,0,0,4,org.apache.lucene.analysis.FilteringTokenFilter,0.24,4,4,3,0,4,3,0,3,97,2
"org.apache.solr.analysis.KeepWordFilterFactory",8,0.10,1.38,29,0.28,5446.84,11,3,9,12,10,180.82,15,43,2,3,130.82,0.00,0.67,0.42,0,2.00,3,827.16,2,1,8,org.apache.solr.analysis.BaseTokenFilterFactory,0.00,4,2,11,0,4,7,1,2,197,1
"org.apache.solr.analysis.KeywordMarkerFilterFactory",3,0.33,2.00,15,0.16,3106.87,6,3,6,6,7,71.02,27,22,1,3,121.02,0.00,0.67,0.56,0,0.00,3,466.54,0,1,6,org.apache.solr.analysis.BaseTokenFilterFactory,0.00,3,2,6,0,3,2,1,2,105,1
"org.apache.solr.analysis.KeywordTokenizerFactory",1,0.00,1.00,3,0.02,225.35,1,0,2,2,5,86.20,10,5,3,3,134.67,0.00,0.67,0.00,0,1.00,1,58.69,0,1,2,org.apache.solr.analysis.BaseTokenizerFactory,0.00,1,2,1,0,1,0,0,1,19,1
"org.apache.solr.analysis.KuromojiBaseFormFilterFactory",1,0.00,1.00,3,0.02,225.35,1,0,2,2,4,97.11,12,5,1,3,134.67,0.00,0.67,0.00,0,1.00,1,58.69,0,1,3,org.apache.solr.analysis.BaseTokenFilterFactory,0.00,1,2,1,0,1,0,0,2,19,1
"org.apache.solr.analysis.KuromojiPartOfSpeechStopFilterFactory",2,1.00,2.00,16,0.19,5118.71,4,2,8,8,7,78.09,13,21,1,3,110.32,0.00,0.67,1.00,0,0.00,3,562.86,1,1,6,org.apache.solr.analysis.BaseTokenFilterFactory,0.00,6,2,4,0,6,1,1,1,115,1
"org.apache.solr.analysis.KuromojiTokenizerFactory",3,0.40,2.33,29,0.39,10652.25,8,5,17,15,11,89.38,17,40,3,3,107.25,0.00,0.67,0.47,0,2.00,4,1181.42,0,2,8,org.apache.solr.analysis.BaseTokenizerFactory,0.00,12,2,7,0,12,1,1,3,229,1
"org.apache.solr.analysis.LatvianStemFilterFactory",1,0.00,1.00,3,0.02,225.35,1,0,2,2,4,90.55,11,5,1,3,134.67,0.00,0.67,0.00,0,1.00,1,58.69,0,1,3,org.apache.solr.analysis.BaseTokenFilterFactory,0.00,1,2,1,0,1,0,0,1,19,1
"org.apache.solr.analysis.LegacyHTMLStripCharFilterTest",16,0.00,2.19,189,2.89,112568.90,16,0,17,45,8,151.68,26,226,0,3,101.68,0.00,0.67,0.00,3,16.00,7,8675.39,1,0,8,org.apache.lucene.analysis.BaseTokenStreamTestCase,0.00,29,2,35,0,29,16,0,26,1590,1
"org.apache.solr.analysis.LegacyHTMLStripCharFilterTest$ReusableAnalyzerBase",2,0.00,1.00,6,0.08,1437.09,2,0,17,7,3,130.71,0,10,0,1,130.71,0.00,0.00,0.00,0,2.00,1,236.16,0,2,3,java.lang.Object,0.00,5,0,2,0,5,0,0,0,58,0
"org.apache.solr.analysis.LengthFilterFactory",2,1.20,1.00,12,0.15,2502.00,7,5,3,5,4,99.71,11,16,1,3,117.58,0.00,0.67,0.80,0,0.00,1,448.65,1,1,3,org.apache.solr.analysis.BaseTokenFilterFactory,0.00,3,2,2,0,3,1,0,1,101,1
"org.apache.solr.analysis.LengthFilterTest",1,0.00,1.00,20,0.34,16224.15,1,0,6,9,4,139.31,1,20,0,4,89.31,0.00,0.75,0.00,0,1.00,1,1018.48,1,0,4,org.apache.solr.analysis.BaseTokenTestCase,0.00,8,3,1,0,8,1,0,1,192,1
"org.apache.solr.analysis.LetterTokenizerFactory",2,0.00,1.00,6,0.05,786.43,2,0,3,3,3,114.90,10,10,1,3,132.77,0.00,0.67,0.00,0,2.00,1,155.94,2,1,2,org.apache.solr.analysis.BaseTokenizerFactory,0.00,1,2,2,0,1,1,0,1,43,1
"org.apache.solr.analysis.LimitTokenCountFilterFactory",2,0.00,1.00,7,0.07,1186.62,3,1,3,5,3,113.49,11,11,0,3,131.36,0.00,0.67,1.00,0,0.00,1,223.86,1,1,3,org.apache.solr.analysis.BaseTokenFilterFactory,0.00,3,2,2,0,3,1,0,1,57,1
"org.apache.solr.analysis.LowerCaseFilterFactory",3,0.00,1.00,8,0.06,875.41,3,0,3,4,5,160.97,11,13,1,3,140.36,0.00,0.67,0.00,0,4.00,1,188.43,2,2,4,org.apache.solr.analysis.BaseTokenFilterFactory,0.00,1,2,3,0,1,1,1,1,53,1
"org.apache.solr.analysis.LowerCaseTokenizerFactory",3,0.00,1.00,10,0.08,1295.14,3,0,4,6,6,153.07,10,15,1,3,132.45,0.00,0.67,0.00,0,5.00,1,244.39,2,2,5,org.apache.solr.analysis.BaseTokenizerFactory,0.00,3,2,3,0,3,1,1,1,66,1
"org.apache.solr.analysis.MappingCharFilterFactory",5,0.06,4.80,63,0.82,46162.23,9,4,12,26,10,119.77,15,76,2,2,99.16,0.00,0.50,0.30,2,9.00,14,2465.09,0,3,8,org.apache.solr.analysis.BaseCharFilterFactory,0.00,21,1,24,0,21,2,2,2,452,1
"org.apache.solr.analysis.MockTokenizerFactory",2,1.00,3.00,21,0.22,6181.07,4,2,4,7,3,155.96,3,26,0,3,105.96,0.00,0.67,1.00,0,0.00,5,658.86,1,1,3,org.apache.solr.analysis.BaseTokenizerFactory,0.00,5,2,6,0,5,1,0,1,136,1
"org.apache.solr.analysis.MultiTermAwareComponent",1,0.00,1.00,2,0.01,29.41,1,0,0,1,8,198.20,25,3,8,1,148.21,0.00,0.00,0.00,0,1.00,1,19.61,0,1,0,,0.00,0,0,1,0,0,0,0,3,9,1
"org.apache.solr.analysis.NGramFilterFactory",2,1.00,2.00,11,0.16,4556.47,4,2,3,5,5,86.11,12,17,2,3,118.33,0.00,0.67,1.00,0,0.00,3,487.78,1,1,3,org.apache.solr.analysis.BaseTokenFilterFactory,0.00,3,2,4,0,3,1,0,2,107,1
"org.apache.solr.analysis.NGramTokenizerFactory",2,1.00,2.00,11,0.16,4556.47,4,2,4,5,4,86.11,12,15,1,3,118.33,0.00,0.67,1.00,0,0.00,3,487.78,1,1,3,org.apache.solr.analysis.BaseTokenizerFactory,0.00,3,2,4,0,3,1,0,3,107,1
"org.apache.solr.analysis.NorwegianLightStemFilterFactory",1,0.00,1.00,3,0.02,225.35,1,0,2,2,4,97.11,12,5,1,3,134.67,0.00,0.67,0.00,0,1.00,1,58.69,0,1,3,org.apache.solr.analysis.BaseTokenFilterFactory,0.00,1,2,1,0,1,0,0,1,19,1
"org.apache.solr.analysis.NorwegianMinimalStemFilterFactory",1,0.00,1.00,3,0.02,225.35,1,0,2,2,4,97.11,12,5,1,3,134.67,0.00,0.67,0.00,0,1.00,1,58.69,0,1,3,org.apache.solr.analysis.BaseTokenFilterFactory,0.00,1,2,1,0,1,0,0,1,19,1
"org.apache.solr.analysis.NumericPayloadTokenFilterFactory",2,1.00,1.00,9,0.10,1608.54,4,2,3,5,3,107.79,11,13,0,3,125.66,0.00,0.67,1.00,0,0.00,1,292.08,1,1,3,org.apache.solr.analysis.BaseTokenFilterFactory,0.00,3,2,2,0,3,1,0,1,71,1
"org.apache.solr.analysis.PathHierarchyTokenizerFactory",2,1.50,4.50,33,0.39,16472.88,6,4,5,10,4,62.68,13,48,0,3,94.90,0.00,0.67,1.00,0,0.00,7,1173.35,1,1,4,org.apache.solr.analysis.BaseTokenizerFactory,0.00,8,2,9,0,8,1,0,2,226,1
"org.apache.solr.analysis.PatternReplaceCharFilter",5,0.12,2.20,50,0.61,34331.58,9,4,5,18,5,61.01,38,60,3,5,103.30,0.00,0.80,0.15,1,11.00,5,1816.98,2,1,2,org.apache.lucene.analysis.BaseCharFilter,0.56,13,4,11,0,13,4,0,14,362,1
"org.apache.solr.analysis.PatternReplaceCharFilterFactory",2,1.50,2.00,16,0.22,6025.34,6,4,4,8,4,67.47,14,25,1,2,109.76,0.00,0.50,1.00,0,0.00,3,652.38,1,1,3,org.apache.solr.analysis.BaseCharFilterFactory,0.00,6,1,4,0,6,1,0,1,131,1
"org.apache.solr.analysis.PatternReplaceFilter",2,0.60,3.00,19,0.25,5625.36,7,5,6,10,9,70.43,25,27,6,4,107.99,0.00,0.75,0.50,0,0.00,4,736.35,0,0,3,org.apache.lucene.analysis.TokenFilter,0.29,8,3,6,0,8,2,0,3,155,2
"org.apache.solr.analysis.PatternReplaceFilterFactory",2,1.33,3.00,21,0.27,9768.33,5,3,4,9,3,72.18,13,34,0,3,104.40,0.00,0.67,1.00,0,0.00,5,805.86,1,1,3,org.apache.solr.analysis.BaseTokenFilterFactory,0.00,7,2,6,0,7,1,0,1,156,1
"org.apache.solr.analysis.PatternTokenizer",4,0.48,2.75,51,0.66,45042.62,11,7,8,15,6,50.50,35,64,3,4,98.61,0.00,0.75,0.50,0,0.00,8,1991.05,2,0,3,org.apache.lucene.analysis.Tokenizer,0.38,11,3,11,0,11,4,0,8,394,2
"org.apache.solr.analysis.PatternTokenizerFactory",4,0.17,3.50,48,0.76,42831.45,8,4,10,20,6,78.58,59,77,1,3,98.72,0.00,0.67,0.38,0,4.00,6,2269.44,0,3,5,org.apache.solr.analysis.BaseTokenizerFactory,0.00,16,2,14,0,16,1,0,10,436,1
"org.apache.solr.analysis.PersianCharFilterFactory",2,0.00,1.00,5,0.03,314.33,2,0,2,3,5,124.60,11,8,1,2,142.48,0.00,0.50,0.00,0,2.00,1,91.19,0,2,4,org.apache.solr.analysis.BaseCharFilterFactory,0.00,1,1,2,0,1,0,1,1,29,1
"org.apache.solr.analysis.PersianNormalizationFilterFactory",1,0.00,1.00,3,0.02,225.35,1,0,2,2,4,97.11,12,5,1,3,134.67,0.00,0.67,0.00,0,1.00,1,58.69,0,1,3,org.apache.solr.analysis.BaseTokenFilterFactory,0.00,1,2,1,0,1,0,0,1,19,1
"org.apache.solr.analysis.PhoneticFilterFactory",4,0.19,3.50,44,0.84,36601.55,11,7,16,22,6,68.45,25,68,1,3,100.67,0.00,0.67,0.29,0,6.00,6,2509.34,1,3,5,org.apache.solr.analysis.BaseTokenFilterFactory,0.00,18,2,14,0,18,1,0,3,456,1
"org.apache.solr.analysis.PhoneticFilterFactory$HashMap<String,Class<?extendsEncoder>>",0,0.00,0.00,7,0.15,4514.34,0,0,16,1,0,171.00,0,7,0,1,171.00,0.00,0.00,0.00,0,0.00,0,451.43,0,0,0,java.lang.Object,0.00,1,0,0,0,1,0,0,0,92,0
"org.apache.solr.analysis.PorterStemFilterFactory",1,0.00,1.00,3,0.02,225.35,1,0,2,2,4,97.11,12,5,1,3,134.67,0.00,0.67,0.00,0,1.00,1,58.69,0,1,3,org.apache.solr.analysis.BaseTokenFilterFactory,0.00,1,2,1,0,1,0,0,1,19,1
"org.apache.solr.analysis.PortugueseLightStemFilterFactory",1,0.00,1.00,3,0.02,225.35,1,0,2,2,4,97.11,12,5,1,3,134.67,0.00,0.67,0.00,0,1.00,1,58.69,0,1,3,org.apache.solr.analysis.BaseTokenFilterFactory,0.00,1,2,1,0,1,0,0,1,19,1
"org.apache.solr.analysis.PortugueseMinimalStemFilterFactory",1,0.00,1.00,3,0.02,225.35,1,0,2,2,4,97.11,12,5,1,3,134.67,0.00,0.67,0.00,0,1.00,1,58.69,0,1,3,org.apache.solr.analysis.BaseTokenFilterFactory,0.00,1,2,1,0,1,0,0,1,19,1
"org.apache.solr.analysis.PortugueseStemFilterFactory",1,0.00,1.00,3,0.02,225.35,1,0,2,2,4,97.11,12,5,1,3,134.67,0.00,0.67,0.00,0,1.00,1,58.69,0,1,3,org.apache.solr.analysis.BaseTokenFilterFactory,0.00,1,2,1,0,1,0,0,1,19,1
"org.apache.solr.analysis.PositionFilterFactory",2,0.00,1.00,7,0.07,1029.10,3,1,3,3,3,83.75,16,11,0,3,131.85,0.00,0.67,1.00,0,0.00,1,201.67,1,1,3,org.apache.solr.analysis.BaseTokenFilterFactory,0.00,1,2,2,0,1,1,0,1,52,1
"org.apache.solr.analysis.RemoveDuplicatesTokenFilter",3,0.17,2.00,23,0.30,12272.26,6,3,7,11,7,93.00,16,32,2,4,110.87,0.00,0.75,0.44,0,1.00,4,903.09,1,0,5,org.apache.lucene.analysis.TokenFilter,0.53,8,3,6,0,8,3,0,6,184,2
"org.apache.solr.analysis.RemoveDuplicatesTokenFilterFactory",1,0.00,1.00,3,0.02,225.35,1,0,1,2,4,90.55,11,5,1,3,134.67,0.00,0.67,0.00,0,1.00,1,58.69,0,0,3,org.apache.solr.analysis.BaseTokenFilterFactory,0.00,1,2,1,0,1,1,0,1,19,1
"org.apache.solr.analysis.ReverseStringFilterFactory",1,0.00,1.00,4,0.03,274.80,1,0,2,2,4,99.95,13,6,1,3,129.34,0.00,0.67,0.00,0,0.00,1,76.45,1,1,3,org.apache.solr.analysis.BaseTokenFilterFactory,0.00,1,2,1,0,1,0,0,1,23,1
"org.apache.solr.analysis.ReversedWildcardFilter",3,0.20,5.00,74,0.89,115443.82,8,5,5,11,6,33.04,29,87,2,4,83.04,0.00,0.75,0.33,1,4.00,9,2675.64,0,0,4,org.apache.lucene.analysis.TokenFilter,0.27,8,3,15,0,8,3,0,11,494,2
"org.apache.solr.analysis.ReversedWildcardFilterFactory",5,0.29,2.80,50,0.54,25577.26,11,6,3,12,6,55.78,52,65,2,3,104.25,0.00,0.67,0.40,0,8.00,9,1629.98,1,1,4,org.apache.solr.analysis.BaseTokenFilterFactory,0.00,7,2,14,0,7,4,0,7,328,1
"org.apache.solr.analysis.RussianLightStemFilterFactory",1,0.00,1.00,3,0.02,225.35,1,0,2,2,4,97.11,12,5,1,3,134.67,0.00,0.67,0.00,0,1.00,1,58.69,0,1,3,org.apache.solr.analysis.BaseTokenFilterFactory,0.00,1,2,1,0,1,0,0,1,19,1
"org.apache.solr.analysis.ShingleFilterFactory",2,1.60,3.00,25,0.34,11381.36,7,5,5,9,5,68.70,12,43,1,3,100.92,0.00,0.67,1.00,0,0.00,5,1034.00,1,1,4,org.apache.solr.analysis.BaseTokenFilterFactory,0.00,7,2,6,0,7,1,0,1,200,1
"org.apache.solr.analysis.SmartChineseSentenceTokenizerFactory",1,0.00,1.00,3,0.02,192.92,1,0,3,2,4,135.44,4,5,1,3,135.21,0.00,0.67,0.00,0,1.00,1,60.48,0,1,3,org.apache.solr.analysis.BaseTokenizerFactory,0.00,1,2,1,0,1,0,0,1,19,1
"org.apache.solr.analysis.SmartChineseWordTokenFilterFactory",1,0.00,1.00,3,0.02,192.92,1,0,3,2,5,85.21,9,5,1,3,135.21,0.00,0.67,0.00,0,1.00,1,60.48,0,1,4,org.apache.solr.analysis.BaseTokenFilterFactory,0.00,1,2,1,0,1,0,0,1,19,1
"org.apache.solr.analysis.SnowballPorterFilterFactory",3,0.50,3.00,25,0.35,10485.29,7,4,10,9,10,91.28,15,38,1,3,109.16,0.00,0.67,0.58,0,0.00,3,1036.64,1,1,9,org.apache.solr.analysis.BaseTokenFilterFactory,0.00,6,2,9,0,6,2,1,1,208,1
"org.apache.solr.analysis.SnowballPorterFilterFactoryTest",3,0.00,2.00,57,1.01,38312.22,3,0,17,26,9,130.69,6,61,0,4,90.80,0.00,0.75,0.00,0,0.00,3,3038.62,1,0,9,org.apache.solr.analysis.BaseTokenTestCase,0.00,23,3,6,0,23,3,0,2,506,1
"org.apache.solr.analysis.SnowballPorterFilterFactoryTest$LinesMockSolrResourceLoader",4,1.00,1.00,10,0.08,939.54,5,1,17,4,1,141.10,0,15,0,1,141.10,0.00,0.00,0.25,0,6.00,1,241.90,0,3,1,java.lang.Object,0.00,0,0,4,0,0,1,1,0,67,0
"org.apache.solr.analysis.SolrAnalyzer",6,0.80,1.17,21,0.21,4285.95,7,1,3,10,4,180.69,8,31,2,2,130.69,2.00,0.25,0.33,2,10.00,2,616.75,2,4,2,org.apache.lucene.analysis.Analyzer,0.00,4,1,7,2,4,2,0,6,148,2
"org.apache.solr.analysis.SolrAnalyzer$TokenStreamInfo",3,0.25,1.00,10,0.06,727.65,5,2,3,3,2,134.42,0,10,0,1,134.42,0.00,0.00,0.33,0,5.00,1,180.64,0,2,2,java.lang.Object,0.00,0,0,3,0,0,1,0,0,53,2
"org.apache.solr.analysis.SpanishLightStemFilterFactory",1,0.00,1.00,3,0.02,225.35,1,0,2,2,4,97.11,12,5,1,3,134.67,0.00,0.67,0.00,0,1.00,1,58.69,0,1,3,org.apache.solr.analysis.BaseTokenFilterFactory,0.00,1,2,1,0,1,0,0,1,19,1
"org.apache.solr.analysis.StandardFilterFactory",2,0.00,1.00,6,0.05,786.43,2,0,3,3,3,114.90,11,10,0,3,132.77,0.00,0.67,0.00,0,2.00,1,155.94,2,1,3,org.apache.solr.analysis.BaseTokenFilterFactory,0.00,1,2,2,0,1,1,0,1,43,1
"org.apache.solr.analysis.StandardTokenizerFactory",2,0.00,1.00,10,0.09,1599.37,3,1,4,4,6,104.19,10,16,3,3,122.07,0.00,0.67,1.00,0,0.00,1,279.24,2,1,3,org.apache.solr.analysis.BaseTokenizerFactory,0.00,2,2,2,0,2,1,0,1,68,1
"org.apache.solr.analysis.StemmerOverrideFilterFactory",3,0.25,3.00,24,0.33,12325.51,5,2,8,13,8,129.22,11,33,1,3,108.60,0.00,0.67,0.67,0,0.00,6,987.31,1,1,7,org.apache.solr.analysis.BaseTokenFilterFactory,0.00,10,2,9,0,10,2,1,1,186,1
"org.apache.solr.analysis.StempelPolishStemFilterFactory",2,0.50,1.50,9,0.11,1837.61,4,2,9,7,9,175.11,3,14,1,3,125.11,0.00,0.67,0.75,0,0.00,2,336.81,0,1,8,org.apache.solr.analysis.BaseTokenFilterFactory,0.00,5,2,3,0,5,1,1,1,78,1
"org.apache.solr.analysis.StopFilterFactory",6,0.20,1.50,30,0.29,6746.07,9,3,9,12,9,160.69,12,42,2,3,120.81,0.00,0.67,0.50,0,0.00,4,876.59,2,2,7,org.apache.solr.analysis.BaseTokenFilterFactory,0.00,6,2,9,0,6,4,1,1,192,1
"org.apache.solr.analysis.StringMockSolrResourceLoader",4,0.67,1.00,10,0.10,1148.15,5,1,6,8,7,140.42,0,15,6,1,140.42,0.00,0.00,0.50,0,4.00,1,286.84,0,3,1,java.lang.Object,0.00,4,0,4,0,4,1,1,0,76,0
"org.apache.solr.analysis.SwedishLightStemFilterFactory",1,0.00,1.00,3,0.02,225.35,1,0,2,2,4,97.11,12,5,1,3,134.67,0.00,0.67,0.00,0,1.00,1,58.69,0,1,3,org.apache.solr.analysis.BaseTokenFilterFactory,0.00,1,2,1,0,1,0,0,1,19,1
"org.apache.solr.analysis.SynonymFilterFactory",3,0.00,1.67,18,0.21,5889.39,4,1,6,13,7,116.16,14,25,2,3,115.92,0.00,0.67,1.00,0,0.00,3,625.35,2,1,5,org.apache.solr.analysis.BaseTokenFilterFactory,0.00,10,2,5,0,10,2,1,3,135,1
"org.apache.solr.analysis.TestArabicFilters",4,0.00,1.00,34,0.45,9208.44,4,0,5,19,8,111.07,16,40,0,4,110.84,0.00,0.75,0.00,0,0.00,1,1355.36,1,0,8,org.apache.solr.analysis.BaseTokenTestCase,0.00,15,3,4,0,15,4,0,5,274,1
"org.apache.solr.analysis.TestBeiderMorseFilterFactory",3,0.00,1.00,30,0.50,13496.77,3,0,5,10,4,104.93,1,37,0,4,104.93,0.00,0.75,0.00,0,4.00,1,1503.99,1,0,4,org.apache.solr.analysis.BaseTokenTestCase,0.00,7,3,3,0,7,3,0,1,286,1
"org.apache.solr.analysis.TestBrazilianStemFilterFactory",1,0.00,1.00,7,0.09,1508.82,1,0,5,5,5,82.22,6,9,0,4,114.44,0.00,0.75,0.00,0,1.00,1,268.12,1,0,5,org.apache.solr.analysis.BaseTokenTestCase,0.00,4,3,1,0,4,1,0,2,58,1
"org.apache.solr.analysis.TestBufferedTokenStream",3,0.00,1.00,28,0.36,9104.21,3,0,7,15,6,147.87,7,34,0,4,107.98,0.00,0.75,0.00,0,0.00,1,1075.93,1,0,6,org.apache.solr.analysis.BaseTokenTestCase,0.00,12,3,3,0,12,3,0,5,224,1
"org.apache.solr.analysis.TestBufferedTokenStream$AB_AAB_Stream",2,0.00,1.50,6,0.12,3213.32,2,0,7,11,2,127.86,0,10,0,2,127.86,0.00,0.50,0.00,0,2.00,2,349.21,0,1,2,BufferedTokenStream,0.00,9,1,3,0,9,1,0,0,80,2
"org.apache.solr.analysis.TestBufferedTokenStream$AB_Q_Stream",2,0.00,2.50,9,0.15,5187.29,2,0,7,11,2,121.45,0,12,0,2,121.45,0.00,0.50,0.00,0,2.00,4,449.65,0,1,2,BufferedTokenStream,0.00,9,1,5,0,9,1,0,0,97,2
"org.apache.solr.analysis.TestBulgarianStemFilterFactory",1,0.00,1.00,7,0.09,1508.82,1,0,5,5,5,82.22,6,9,0,4,114.44,0.00,0.75,0.00,0,1.00,1,268.12,1,0,5,org.apache.solr.analysis.BaseTokenTestCase,0.00,4,3,1,0,4,1,0,2,58,1
"org.apache.solr.analysis.TestCJKBigramFilterFactory",2,0.00,1.00,15,0.26,4935.16,2,0,6,9,4,152.65,4,20,0,4,112.76,0.00,0.75,0.00,0,2.00,1,772.60,1,0,4,org.apache.solr.analysis.BaseTokenTestCase,0.00,7,3,2,0,7,2,0,1,147,1
"org.apache.solr.analysis.TestCJKWidthFilterFactory",1,0.00,1.00,6,0.08,1342.67,1,0,4,5,4,137.96,3,8,0,4,117.34,0.00,0.75,0.00,0,1.00,1,246.26,1,0,4,org.apache.solr.analysis.BaseTokenTestCase,0.00,4,3,1,0,4,1,0,1,54,1
"org.apache.solr.analysis.TestCapitalizationFilter",8,0.00,1.00,123,2.12,103742.67,8,0,12,21,10,94.98,33,137,0,4,94.74,0.00,0.75,0.00,0,0.00,1,6353.37,2,0,10,org.apache.solr.analysis.BaseTokenTestCase,0.00,13,3,8,0,13,8,0,16,1112,1
"org.apache.solr.analysis.TestCapitalizationFilter$ReusableAnalyzerBase",1,0.00,1.00,8,0.12,3231.58,1,0,12,7,4,109.68,0,10,0,1,109.68,0.00,0.00,0.00,0,1.00,1,356.06,0,1,4,java.lang.Object,0.00,6,0,1,0,6,0,0,0,73,0
"org.apache.solr.analysis.TestChineseFilterFactory",1,0.00,1.00,7,0.09,1563.22,1,0,5,5,4,82.10,6,9,0,4,114.32,0.00,0.75,0.00,0,1.00,1,283.04,1,0,4,org.apache.solr.analysis.BaseTokenTestCase,0.00,4,3,1,0,4,1,0,2,60,1
"org.apache.solr.analysis.TestChineseTokenizerFactory",1,0.00,1.00,6,0.08,1183.27,1,0,3,4,2,85.55,6,8,0,4,117.77,0.00,0.75,0.00,0,1.00,1,227.03,1,0,2,org.apache.solr.analysis.BaseTokenTestCase,0.00,3,3,1,0,3,1,0,2,50,1
"org.apache.solr.analysis.TestCollationKeyFilterFactory",6,0.00,1.00,83,1.31,37260.55,6,0,14,28,7,99.81,27,106,0,4,99.58,0.00,0.75,0.00,1,6.00,1,3936.79,0,0,7,org.apache.solr.analysis.BaseTokenTestCase,0.00,22,3,6,0,22,6,0,9,735,1
"org.apache.solr.analysis.TestCollationKeyFilterFactory$StringMockSolrResourceLoader",4,1.00,1.00,10,0.08,958.21,5,1,14,6,1,141.03,0,15,0,1,141.03,0.00,0.00,0.25,0,6.00,1,251.11,0,3,1,java.lang.Object,0.00,2,0,4,0,2,1,1,0,69,1
"org.apache.solr.analysis.TestCollationKeyRangeQueries",4,0.00,1.00,22,0.32,6089.07,4,0,2,4,1,120.10,17,41,0,3,119.87,0.00,0.67,0.00,0,4.00,1,954.29,5,0,1,org.apache.solr.SolrTestCaseJ4,0.00,0,2,4,0,0,4,0,5,193,1
"org.apache.solr.analysis.TestCzechStemFilterFactory",1,0.00,1.00,7,0.09,1508.82,1,0,5,5,5,82.22,6,9,0,4,114.44,0.00,0.75,0.00,0,1.00,1,268.12,1,0,5,org.apache.solr.analysis.BaseTokenTestCase,0.00,4,3,1,0,4,1,0,2,58,1
"org.apache.solr.analysis.TestDelimitedPayloadTokenFilterFactory",2,0.00,2.00,37,0.65,26258.79,2,0,11,18,10,91.59,0,42,0,4,91.59,0.00,0.75,0.00,0,2.00,2,1961.94,0,0,10,org.apache.solr.analysis.BaseTokenTestCase,0.00,16,3,4,0,16,2,0,0,331,1
"org.apache.solr.analysis.TestDictionaryCompoundWordTokenFilterFactory",1,0.00,1.00,12,0.20,4496.18,1,0,9,10,7,69.76,6,15,0,4,101.98,0.00,0.75,0.00,0,0.00,1,591.18,1,0,7,org.apache.solr.analysis.BaseTokenTestCase,0.00,9,3,1,0,9,1,0,2,108,1
"org.apache.solr.analysis.TestDutchStemFilterFactory",1,0.00,1.00,7,0.08,1369.99,1,0,5,5,4,82.55,6,9,0,4,114.78,0.00,0.75,0.00,0,0.00,1,251.07,1,0,4,org.apache.solr.analysis.BaseTokenTestCase,0.00,4,3,1,0,4,1,0,2,55,1
"org.apache.solr.analysis.TestElisionFilterFactory",3,0.00,1.00,36,0.54,13580.18,3,0,9,12,7,102.19,12,40,0,4,101.96,0.00,0.75,0.00,0,0.00,1,1612.72,1,0,7,org.apache.solr.analysis.BaseTokenTestCase,0.00,9,3,3,0,9,3,0,4,300,1
"org.apache.solr.analysis.TestEnglishMinimalStemFilterFactory",1,0.00,1.00,6,0.08,1316.03,1,0,4,5,4,138.02,3,8,0,4,117.41,0.00,0.75,0.00,0,1.00,1,238.99,1,0,4,org.apache.solr.analysis.BaseTokenTestCase,0.00,4,3,1,0,4,1,0,1,53,1
"org.apache.solr.analysis.TestFinnishLightStemFilterFactory",1,0.00,1.00,6,0.08,1316.03,1,0,4,5,4,138.02,3,8,0,4,117.41,0.00,0.75,0.00,0,1.00,1,238.99,1,0,4,org.apache.solr.analysis.BaseTokenTestCase,0.00,4,3,1,0,4,1,0,1,53,1
"org.apache.solr.analysis.TestFrenchLightStemFilterFactory",1,0.00,1.00,6,0.08,1316.03,1,0,4,5,4,138.02,3,8,0,4,117.41,0.00,0.75,0.00,0,1.00,1,238.99,1,0,4,org.apache.solr.analysis.BaseTokenTestCase,0.00,4,3,1,0,4,1,0,1,53,1
"org.apache.solr.analysis.TestFrenchMinimalStemFilterFactory",1,0.00,1.00,6,0.08,1316.03,1,0,4,5,4,138.02,3,8,0,4,117.41,0.00,0.75,0.00,0,1.00,1,238.99,1,0,4,org.apache.solr.analysis.BaseTokenTestCase,0.00,4,3,1,0,4,1,0,1,53,1
"org.apache.solr.analysis.TestFrenchStemFilterFactory",1,0.00,1.00,7,0.08,1369.99,1,0,5,5,4,82.55,6,9,0,4,114.78,0.00,0.75,0.00,0,0.00,1,251.07,1,0,4,org.apache.solr.analysis.BaseTokenTestCase,0.00,4,3,1,0,4,1,0,2,55,1
"org.apache.solr.analysis.TestGalicianMinimalStemFilterFactory",1,0.00,1.00,6,0.08,1316.03,1,0,4,5,4,138.02,3,8,0,4,117.41,0.00,0.75,0.00,0,1.00,1,238.99,1,0,4,org.apache.solr.analysis.BaseTokenTestCase,0.00,4,3,1,0,4,1,0,1,53,1
"org.apache.solr.analysis.TestGalicianStemFilterFactory",1,0.00,1.00,6,0.08,1316.03,1,0,4,5,4,138.02,3,8,0,4,117.41,0.00,0.75,0.00,0,1.00,1,238.99,1,0,4,org.apache.solr.analysis.BaseTokenTestCase,0.00,4,3,1,0,4,1,0,1,53,1
"org.apache.solr.analysis.TestGermanLightStemFilterFactory",1,0.00,1.00,6,0.08,1316.03,1,0,4,5,4,138.02,3,8,0,4,117.41,0.00,0.75,0.00,0,1.00,1,238.99,1,0,4,org.apache.solr.analysis.BaseTokenTestCase,0.00,4,3,1,0,4,1,0,1,53,1
"org.apache.solr.analysis.TestGermanMinimalStemFilterFactory",1,0.00,1.00,6,0.08,1316.03,1,0,4,5,4,138.02,3,8,0,4,117.41,0.00,0.75,0.00,0,1.00,1,238.99,1,0,4,org.apache.solr.analysis.BaseTokenTestCase,0.00,4,3,1,0,4,1,0,1,53,1
"org.apache.solr.analysis.TestGermanNormalizationFilterFactory",1,0.00,1.00,6,0.08,1316.03,1,0,4,5,4,138.02,3,8,0,4,117.41,0.00,0.75,0.00,0,1.00,1,238.99,1,0,4,org.apache.solr.analysis.BaseTokenTestCase,0.00,4,3,1,0,4,1,0,1,53,1
"org.apache.solr.analysis.TestGermanStemFilterFactory",1,0.00,1.00,7,0.09,1508.82,1,0,5,5,5,82.22,6,9,0,4,114.44,0.00,0.75,0.00,0,1.00,1,268.12,1,0,5,org.apache.solr.analysis.BaseTokenTestCase,0.00,4,3,1,0,4,1,0,2,58,1
"org.apache.solr.analysis.TestGreekLowerCaseFilterFactory",1,0.00,1.00,8,0.10,1824.66,1,0,5,6,5,79.41,6,10,0,4,111.63,0.00,0.75,0.00,0,0.00,1,307.81,1,0,5,org.apache.solr.analysis.BaseTokenTestCase,0.00,5,3,1,0,5,1,0,2,65,1
"org.apache.solr.analysis.TestGreekStemFilterFactory",1,0.00,1.00,8,0.11,1880.91,1,0,6,6,6,137.81,19,10,0,4,111.53,0.00,0.75,0.00,0,0.00,1,320.51,1,0,6,org.apache.solr.analysis.BaseTokenTestCase,0.00,5,3,1,0,5,1,0,2,67,1
"org.apache.solr.analysis.TestHTMLStripCharFilterFactory",6,0.00,1.00,66,1.23,29680.32,6,0,8,14,6,142.95,15,79,0,4,103.06,0.00,0.75,0.00,0,6.00,1,3678.58,1,0,6,org.apache.solr.analysis.BaseTokenTestCase,0.00,8,3,6,0,8,6,0,13,641,1
"org.apache.solr.analysis.TestHindiFilters",3,0.00,1.00,34,0.42,9874.10,3,0,4,16,7,104.69,12,38,0,4,104.46,0.00,0.75,0.00,0,0.00,1,1270.92,1,0,7,org.apache.solr.analysis.BaseTokenTestCase,0.00,13,3,3,0,13,3,0,4,256,1
"org.apache.solr.analysis.TestHungarianLightStemFilterFactory",1,0.00,1.00,6,0.08,1316.03,1,0,4,5,4,138.02,3,8,0,4,117.41,0.00,0.75,0.00,0,1.00,1,238.99,1,0,4,org.apache.solr.analysis.BaseTokenTestCase,0.00,4,3,1,0,4,1,0,1,53,1
"org.apache.solr.analysis.TestHunspellStemFilterFactory",1,0.00,1.00,12,0.19,4697.72,1,0,8,11,6,122.44,3,14,0,4,101.83,0.00,0.75,0.00,0,0.00,1,581.17,1,0,6,org.apache.solr.analysis.BaseTokenTestCase,0.00,10,3,1,0,10,1,0,1,109,1
"org.apache.solr.analysis.TestHyphenatedWordsFilter",4,0.00,1.00,23,0.31,5477.00,4,0,7,10,8,160.11,9,31,0,4,120.23,0.00,0.75,0.00,0,4.00,1,926.20,2,0,8,org.apache.solr.analysis.BaseTokenTestCase,0.00,6,3,4,0,6,4,0,5,194,1
"org.apache.solr.analysis.TestHyphenatedWordsFilter$ReusableAnalyzerBase",1,0.00,1.00,4,0.05,1009.20,1,0,7,4,3,124.89,0,6,0,1,124.89,0.00,0.00,0.00,0,1.00,1,159.62,0,1,3,java.lang.Object,0.00,3,0,1,0,3,0,0,0,38,0
"org.apache.solr.analysis.TestHyphenationCompoundWordTokenFilterFactory",2,0.00,1.00,27,0.47,11788.59,2,0,9,11,7,81.88,11,34,0,4,99.76,0.00,0.75,0.00,0,0.00,1,1409.17,1,0,7,org.apache.solr.analysis.BaseTokenTestCase,0.00,9,3,2,0,9,2,0,3,247,1
"org.apache.solr.analysis.TestICUCollationKeyFilterFactory",11,0.00,1.00,142,2.26,67847.57,11,0,10,32,6,101.13,45,183,0,4,100.90,0.00,0.75,0.00,2,11.00,1,6794.10,0,0,6,org.apache.solr.analysis.BaseTokenTestCase,0.00,21,3,11,0,21,11,0,15,1256,1
"org.apache.solr.analysis.TestICUCollationKeyRangeQueries",4,0.00,1.00,22,0.32,6080.92,4,0,2,4,1,120.11,17,41,0,3,119.87,0.00,0.67,0.00,0,4.00,1,964.03,5,0,1,org.apache.solr.SolrTestCaseJ4,0.00,0,2,4,0,0,4,0,5,194,1
"org.apache.solr.analysis.TestICUFoldingFilterFactory",1,0.00,1.00,8,0.10,1592.46,1,0,5,6,5,151.98,2,10,0,4,112.10,0.00,0.75,0.00,0,0.00,1,285.39,1,0,5,org.apache.solr.analysis.BaseTokenTestCase,0.00,5,3,1,0,5,1,0,2,61,1
"org.apache.solr.analysis.TestICUNormalizer2FilterFactory",1,0.00,1.00,8,0.10,1676.75,1,0,5,6,5,132.54,3,10,0,4,111.92,0.00,0.75,0.00,0,0.00,1,308.08,1,0,5,org.apache.solr.analysis.BaseTokenTestCase,0.00,5,3,1,0,5,1,0,3,64,1
"org.apache.solr.analysis.TestICUTokenizerFactory",1,0.00,1.00,6,0.10,1450.97,1,0,3,4,3,167.08,1,10,0,4,117.08,0.00,0.75,0.00,0,1.00,1,291.61,1,0,3,org.apache.solr.analysis.BaseTokenTestCase,0.00,3,3,1,0,3,1,0,1,59,1
"org.apache.solr.analysis.TestICUTransformFilterFactory",2,0.00,1.00,25,0.36,10425.60,2,0,7,9,5,141.36,5,28,0,4,101.47,0.00,0.75,0.00,0,0.00,1,1089.49,1,0,5,org.apache.solr.analysis.BaseTokenTestCase,0.00,7,3,2,0,7,2,0,5,207,1
"org.apache.solr.analysis.TestIndonesianStemFilterFactory",2,0.00,1.00,18,0.27,6541.00,2,0,7,9,5,107.96,9,21,0,4,107.73,0.00,0.75,0.00,0,2.00,1,809.78,1,0,5,org.apache.solr.analysis.BaseTokenTestCase,0.00,7,3,2,0,7,2,0,3,159,1
"org.apache.solr.analysis.TestItalianLightStemFilterFactory",1,0.00,1.00,6,0.08,1400.43,1,0,4,5,4,137.81,3,8,0,4,117.20,0.00,0.75,0.00,0,1.00,1,243.74,1,0,4,org.apache.solr.analysis.BaseTokenTestCase,0.00,4,3,1,0,4,1,0,1,54,1
"org.apache.solr.analysis.TestKStemFilterFactory",1,0.00,1.00,6,0.08,1316.03,1,0,4,5,4,143.69,19,8,0,4,117.41,0.00,0.75,0.00,0,1.00,1,238.99,1,0,4,org.apache.solr.analysis.BaseTokenTestCase,0.00,4,3,1,0,4,1,0,2,53,1
"org.apache.solr.analysis.TestKeepFilterFactory",1,0.00,2.00,20,0.31,16165.92,1,0,5,10,4,89.40,4,22,0,4,89.17,0.00,0.75,0.00,0,0.00,2,943.13,0,0,4,org.apache.solr.analysis.BaseTokenTestCase,0.00,9,3,2,0,9,1,0,1,173,1
"org.apache.solr.analysis.TestKeepWordFilter",2,0.00,1.00,56,0.91,55380.37,2,0,15,22,12,82.27,9,55,0,4,82.04,0.00,0.75,0.00,0,2.00,1,2730.34,2,0,12,org.apache.solr.analysis.BaseTokenTestCase,0.00,20,3,2,0,20,2,0,7,469,1
"org.apache.solr.analysis.TestKeepWordFilter$ReusableAnalyzerBase",1,0.00,1.00,5,0.08,1426.12,1,0,15,5,5,120.09,0,7,0,1,120.09,0.00,0.00,0.00,0,1.00,1,229.14,0,1,5,java.lang.Object,0.00,4,0,1,0,4,0,0,0,50,0
"org.apache.solr.analysis.TestKeywordMarkerFilterFactory",2,0.00,1.00,24,0.39,9372.70,2,0,11,12,8,151.84,3,27,0,4,101.84,0.00,0.75,0.00,0,0.00,1,1174.25,1,0,8,org.apache.solr.analysis.BaseTokenTestCase,0.00,10,3,2,0,10,2,0,1,214,1
"org.apache.solr.analysis.TestKuromojiBaseFormFilterFactory",1,0.00,1.00,9,0.13,2421.25,1,0,4,9,5,129.37,3,13,0,4,108.76,0.00,0.75,0.00,0,0.00,1,392.91,1,0,5,org.apache.solr.analysis.BaseTokenTestCase,0.00,8,3,1,0,8,1,0,1,79,1
"org.apache.solr.analysis.TestKuromojiPartOfSpeechStopFilterFactory",1,0.00,1.00,15,0.24,7030.89,1,0,6,15,6,123.12,19,21,0,4,96.83,0.00,0.75,0.00,0,0.00,1,711.73,1,0,6,org.apache.solr.analysis.BaseTokenTestCase,0.00,14,3,1,0,14,1,0,2,130,1
"org.apache.solr.analysis.TestKuromojiTokenizerFactory",4,0.00,1.00,32,0.51,11571.56,4,0,6,13,5,149.94,9,50,0,4,110.06,0.00,0.75,0.00,0,4.00,1,1542.04,1,0,5,org.apache.solr.analysis.BaseTokenTestCase,0.00,9,3,4,0,9,4,0,3,299,1
"org.apache.solr.analysis.TestLatvianStemFilterFactory",1,0.00,1.00,6,0.08,1400.43,1,0,4,5,4,137.81,3,8,0,4,117.20,0.00,0.75,0.00,0,1.00,1,243.74,1,0,4,org.apache.solr.analysis.BaseTokenTestCase,0.00,4,3,1,0,4,1,0,1,54,1
"org.apache.solr.analysis.TestLuceneMatchVersion",2,1.00,1.00,31,0.59,24333.99,3,1,11,23,10,134.84,5,36,0,3,94.96,0.00,0.67,0.50,0,2.00,1,1760.64,1,0,10,org.apache.solr.SolrTestCaseJ4,0.00,21,2,2,0,21,2,0,3,306,1
"org.apache.solr.analysis.TestMappingCharFilterFactory",1,0.00,4.00,15,0.17,4562.04,1,0,1,5,1,98.00,0,26,0,2,98.00,0.00,0.50,0.00,0,1.00,4,498.82,0,0,1,org.apache.lucene.util.LuceneTestCase,0.00,4,1,4,0,4,1,0,0,101,1
"org.apache.solr.analysis.TestMultiWordSynonyms",2,0.00,1.00,18,0.30,7277.77,2,0,11,17,6,107.60,8,22,0,4,107.36,0.00,0.75,0.00,0,2.00,1,907.34,1,0,6,org.apache.solr.analysis.BaseTokenTestCase,0.00,15,3,2,0,15,2,0,4,175,1
"org.apache.solr.analysis.TestMultiWordSynonyms$StringMockSolrResourceLoader",4,1.00,1.00,10,0.08,958.21,5,1,11,6,1,141.03,0,15,0,1,141.03,0.00,0.00,0.25,0,6.00,1,251.11,0,3,1,java.lang.Object,0.00,2,0,4,0,2,1,1,0,69,1
"org.apache.solr.analysis.TestNGramFilters",10,0.00,1.00,81,1.28,31170.56,10,0,7,26,8,130.42,33,102,0,4,109.80,0.00,0.75,0.00,0,10.00,1,3833.51,1,0,8,org.apache.solr.analysis.BaseTokenTestCase,0.00,16,3,10,0,16,10,0,11,743,1
"org.apache.solr.analysis.TestNorwegianLightStemFilterFactory",1,0.00,1.00,6,0.08,1400.43,1,0,4,5,4,137.81,3,8,0,4,117.20,0.00,0.75,0.00,0,1.00,1,243.74,1,0,4,org.apache.solr.analysis.BaseTokenTestCase,0.00,4,3,1,0,4,1,0,1,54,1
"org.apache.solr.analysis.TestNorwegianMinimalStemFilterFactory",1,0.00,1.00,6,0.09,1761.80,1,0,4,5,4,137.03,3,8,0,4,116.41,0.00,0.75,0.00,0,1.00,1,262.76,1,0,4,org.apache.solr.analysis.BaseTokenTestCase,0.00,4,3,1,0,4,1,0,1,58,1
"org.apache.solr.analysis.TestPatternReplaceCharFilter",11,0.00,1.00,91,1.56,34252.60,11,0,13,23,10,130.42,37,120,0,4,109.80,0.00,0.75,0.00,1,11.00,1,4677.01,2,1,10,org.apache.solr.analysis.BaseTokenTestCase,0.00,12,3,11,0,12,10,0,33,852,1
"org.apache.solr.analysis.TestPatternReplaceCharFilter$ReusableAnalyzerBase",2,0.00,1.00,6,0.08,1493.36,2,0,13,7,4,130.58,0,10,0,1,130.58,0.00,0.00,0.00,0,2.00,1,254.61,0,2,4,java.lang.Object,0.00,5,0,2,0,5,0,0,0,61,0
"org.apache.solr.analysis.TestPatternReplaceFilter",6,0.00,1.00,26,0.44,7302.90,6,0,9,12,8,124.25,4,53,0,4,124.25,0.00,0.75,0.00,0,6.00,1,1322.07,2,0,8,org.apache.solr.analysis.BaseTokenTestCase,0.00,6,3,6,0,6,6,0,2,277,1
"org.apache.solr.analysis.TestPatternReplaceFilter$ReusableAnalyzerBase",1,0.00,1.00,5,0.08,1426.12,1,0,9,5,4,120.09,0,7,0,1,120.09,0.00,0.00,0.00,0,1.00,1,229.14,0,1,4,java.lang.Object,0.00,4,0,1,0,4,0,0,0,50,0
"org.apache.solr.analysis.TestPatternReplaceFilter$ReusableAnalyzerBase_0",1,0.00,1.00,5,0.08,1369.56,1,0,9,5,4,120.23,0,7,0,1,120.23,0.00,0.00,0.00,0,1.00,1,231.47,0,1,4,java.lang.Object,0.00,4,0,1,0,4,0,0,0,50,0
"org.apache.solr.analysis.TestPatternTokenizerFactory",4,0.00,1.75,58,0.98,39027.23,4,0,17,31,12,78.83,23,79,0,4,96.70,0.00,0.75,0.00,1,4.00,3,2933.72,2,1,12,org.apache.solr.analysis.BaseTokenTestCase,0.00,27,3,7,0,27,3,0,12,519,1
"org.apache.solr.analysis.TestPatternTokenizerFactory$ReusableAnalyzerBase",1,0.00,2.00,7,0.09,2292.99,1,0,17,5,2,112.85,0,11,0,1,112.85,0.00,0.00,0.00,0,1.00,2,260.66,0,1,2,java.lang.Object,0.00,4,0,2,0,4,0,0,0,55,0
"org.apache.solr.analysis.TestPatternTokenizerFactory$ReusableAnalyzerBase_0",1,0.00,2.00,7,0.08,2056.54,1,0,17,5,2,113.23,0,11,0,1,113.23,0.00,0.00,0.00,0,1.00,2,253.34,0,1,2,java.lang.Object,0.00,4,0,2,0,4,0,0,0,54,0
"org.apache.solr.analysis.TestPersianNormalizationFilterFactory",1,0.00,1.00,7,0.09,1508.82,1,0,5,5,5,82.22,6,9,0,4,114.44,0.00,0.75,0.00,0,1.00,1,268.12,1,0,5,org.apache.solr.analysis.BaseTokenTestCase,0.00,4,3,1,0,4,1,0,2,58,1
"org.apache.solr.analysis.TestPhoneticFilterFactory",7,1.00,1.71,71,1.12,34390.17,8,1,7,19,5,144.39,14,103,0,4,104.51,0.00,0.75,0.14,2,12.00,4,3348.06,1,0,5,org.apache.solr.analysis.BaseTokenTestCase,0.00,12,3,12,0,12,7,0,6,647,1
"org.apache.solr.analysis.TestPorterStemFilterFactory",1,0.00,1.00,7,0.09,1508.82,1,0,5,5,5,82.22,6,9,0,4,114.44,0.00,0.75,0.00,0,1.00,1,268.12,1,0,5,org.apache.solr.analysis.BaseTokenTestCase,0.00,4,3,1,0,4,1,0,2,58,1
"org.apache.solr.analysis.TestPortugueseLightStemFilterFactory",1,0.00,1.00,6,0.08,1316.03,1,0,4,5,4,138.02,3,8,0,4,117.41,0.00,0.75,0.00,0,1.00,1,238.99,1,0,4,org.apache.solr.analysis.BaseTokenTestCase,0.00,4,3,1,0,4,1,0,1,53,1
"org.apache.solr.analysis.TestPortugueseMinimalStemFilterFactory",1,0.00,1.00,6,0.08,1316.03,1,0,4,5,4,138.02,3,8,0,4,117.41,0.00,0.75,0.00,0,1.00,1,238.99,1,0,4,org.apache.solr.analysis.BaseTokenTestCase,0.00,4,3,1,0,4,1,0,1,53,1
"org.apache.solr.analysis.TestPortugueseStemFilterFactory",1,0.00,1.00,6,0.08,1316.03,1,0,4,5,4,138.02,3,8,0,4,117.41,0.00,0.75,0.00,0,1.00,1,238.99,1,0,4,org.apache.solr.analysis.BaseTokenTestCase,0.00,4,3,1,0,4,1,0,1,53,1
"org.apache.solr.analysis.TestRemoveDuplicatesTokenFilter",9,0.00,1.44,42,0.75,18173.38,9,0,17,29,16,122.43,2,86,0,4,122.43,0.00,0.75,0.00,3,9.00,3,2257.00,2,3,16,org.apache.solr.analysis.BaseTokenTestCase,0.00,20,3,13,0,20,6,0,2,476,1
"org.apache.solr.analysis.TestRemoveDuplicatesTokenFilter$ReusableAnalyzerBase",1,0.00,1.00,5,0.07,1319.59,1,0,17,5,4,120.35,0,7,0,1,120.35,0.00,0.00,0.00,0,1.00,1,217.22,0,1,4,java.lang.Object,0.00,4,0,1,0,4,0,0,0,48,0
"org.apache.solr.analysis.TestRemoveDuplicatesTokenFilter$TokenStream",1,0.00,2.00,14,0.15,2847.86,4,3,17,11,4,100.88,0,17,0,1,100.88,0.00,0.00,1.00,0,0.00,2,458.76,0,0,4,java.lang.Object,0.00,10,0,2,0,10,1,0,0,100,0
"org.apache.solr.analysis.TestReverseStringFilterFactory",1,0.00,1.00,8,0.10,1762.54,1,0,5,6,5,79.53,6,10,0,4,111.75,0.00,0.75,0.00,0,0.00,1,310.51,1,0,5,org.apache.solr.analysis.BaseTokenTestCase,0.00,5,3,1,0,5,1,0,2,65,1
"org.apache.solr.analysis.TestReversedWildcardFilterFactory",5,0.00,1.00,59,0.95,34023.20,8,3,16,22,9,151.97,7,88,0,3,101.97,0.00,0.67,0.33,0,5.00,1,2844.76,2,0,9,org.apache.solr.SolrTestCaseJ4,0.05,17,2,5,0,17,5,0,7,537,1
"org.apache.solr.analysis.TestRussianFilters",3,0.00,1.00,28,0.39,7732.82,3,0,4,13,3,108.78,12,35,0,4,108.54,0.00,0.75,0.00,0,0.00,1,1156.64,1,0,3,org.apache.solr.analysis.BaseTokenTestCase,0.00,10,3,3,0,10,3,0,4,227,1
"org.apache.solr.analysis.TestRussianLightStemFilterFactory",1,0.00,1.00,6,0.08,1316.03,1,0,4,5,4,138.02,3,8,0,4,117.41,0.00,0.75,0.00,0,1.00,1,238.99,1,0,4,org.apache.solr.analysis.BaseTokenTestCase,0.00,4,3,1,0,4,1,0,1,53,1
"org.apache.solr.analysis.TestShingleFilterFactory",13,0.00,1.00,117,1.99,48469.86,13,0,6,20,4,127.89,50,149,0,4,107.28,0.00,0.75,0.00,0,13.00,1,5984.54,1,0,4,org.apache.solr.analysis.BaseTokenTestCase,0.00,7,3,13,0,7,13,0,14,1117,1
"org.apache.solr.analysis.TestSmartChineseFactories",2,0.00,1.00,14,0.21,4255.62,2,0,4,8,6,95.40,10,21,0,4,113.27,0.00,0.75,0.00,0,2.00,1,638.57,1,0,6,org.apache.solr.analysis.BaseTokenTestCase,0.00,6,3,2,0,6,2,0,7,130,1
"org.apache.solr.analysis.TestSpanishLightStemFilterFactory",1,0.00,1.00,6,0.08,1316.03,1,0,4,5,4,138.02,3,8,0,4,117.41,0.00,0.75,0.00,0,1.00,1,238.99,1,0,4,org.apache.solr.analysis.BaseTokenTestCase,0.00,4,3,1,0,4,1,0,1,53,1
"org.apache.solr.analysis.TestStandardFactories",11,0.00,1.18,94,1.29,30411.30,11,0,7,46,12,130.79,33,111,0,4,110.17,0.00,0.75,0.00,0,0.00,2,3865.08,1,0,12,org.apache.solr.analysis.BaseTokenTestCase,0.00,35,3,13,0,35,11,0,12,744,1
"org.apache.solr.analysis.TestStemmerOverrideFilterFactory",2,0.00,1.00,24,0.39,9343.47,2,0,11,12,8,141.73,4,27,0,4,101.85,0.00,0.75,0.00,0,0.00,1,1165.46,1,0,8,org.apache.solr.analysis.BaseTokenTestCase,0.00,10,3,2,0,10,2,0,2,213,1
"org.apache.solr.analysis.TestStempelPolishStemFilterFactory",1,0.00,1.00,7,0.09,1721.82,1,0,4,7,5,140.28,19,10,0,4,113.99,0.00,0.75,0.00,0,0.00,1,279.91,1,0,5,org.apache.solr.analysis.BaseTokenTestCase,0.00,6,3,1,0,6,1,0,2,61,1
"org.apache.solr.analysis.TestStopFilterFactory",1,0.00,2.00,37,0.63,40129.26,1,0,5,13,4,76.33,4,39,0,4,76.09,0.00,0.75,0.00,0,0.00,2,1887.51,0,0,4,org.apache.solr.analysis.BaseTokenTestCase,0.00,12,3,2,0,12,1,0,1,318,1
"org.apache.solr.analysis.TestSwedishLightStemFilterFactory",1,0.00,1.00,6,0.08,1400.43,1,0,4,5,4,137.81,3,8,0,4,117.20,0.00,0.75,0.00,0,1.00,1,243.74,1,0,4,org.apache.solr.analysis.BaseTokenTestCase,0.00,4,3,1,0,4,1,0,1,54,1
"org.apache.solr.analysis.TestSynonymFilterFactory",4,0.00,1.00,45,0.79,22247.19,4,0,14,17,8,142.55,8,55,0,4,102.66,0.00,0.75,0.00,0,4.00,1,2376.28,1,0,8,org.apache.solr.analysis.BaseTokenTestCase,0.00,13,3,4,0,13,4,0,6,433,1
"org.apache.solr.analysis.TestSynonymFilterFactory$StringMockSolrResourceLoader",4,0.67,1.00,10,0.10,1175.32,5,1,14,8,1,140.34,0,15,0,1,140.34,0.00,0.00,0.50,0,4.00,1,291.71,0,3,1,java.lang.Object,0.00,4,0,4,0,4,1,1,0,77,1
"org.apache.solr.analysis.TestThaiWordFilterFactory",1,0.00,1.00,9,0.13,2148.73,1,0,6,7,6,76.94,6,12,0,4,109.16,0.00,0.75,0.00,0,0.00,1,403.76,1,0,6,org.apache.solr.analysis.BaseTokenTestCase,0.00,6,3,1,0,6,1,0,2,78,1
"org.apache.solr.analysis.TestTrimFilter",2,0.00,1.00,32,0.67,33091.00,2,0,19,13,16,113.48,7,45,0,4,92.86,0.00,0.75,0.00,0,2.00,1,2001.16,2,0,16,org.apache.solr.analysis.BaseTokenTestCase,0.00,11,3,2,0,11,2,0,3,351,1
"org.apache.solr.analysis.TestTrimFilter$Deprecated",3,0.31,1.33,25,0.36,9551.86,11,8,19,19,8,109.66,0,33,0,3,109.66,0.00,0.67,0.33,0,4.00,2,1079.23,0,0,8,org.apache.lucene.analysis.TokenStream,0.27,16,2,4,0,16,3,0,0,215,2
"org.apache.solr.analysis.TestTrimFilter$ReusableAnalyzerBase",1,0.00,1.00,4,0.05,1092.55,1,0,19,4,3,124.61,0,6,0,1,124.61,0.00,0.00,0.00,0,1.00,1,164.08,0,1,3,java.lang.Object,0.00,3,0,1,0,3,0,0,0,39,0
"org.apache.solr.analysis.TestTrimFilter$ReusableAnalyzerBase_0",1,0.00,1.00,4,0.06,1029.80,1,0,19,4,3,124.82,0,6,0,1,124.82,0.00,0.00,0.00,0,1.00,1,166.32,0,1,3,java.lang.Object,0.00,3,0,1,0,3,0,0,0,39,0
"org.apache.solr.analysis.TestTurkishLowerCaseFilterFactory",1,0.00,1.00,7,0.09,1508.82,1,0,5,5,5,82.22,6,9,0,4,114.44,0.00,0.75,0.00,0,1.00,1,268.12,1,0,5,org.apache.solr.analysis.BaseTokenTestCase,0.00,4,3,1,0,4,1,0,2,58,1
"org.apache.solr.analysis.TestTypeTokenFilterFactory",4,0.00,1.25,50,0.75,31537.36,4,0,8,18,6,150.01,4,61,0,4,100.01,0.00,0.75,0.00,0,0.00,2,2238.80,0,0,6,org.apache.solr.analysis.BaseTokenTestCase,0.00,14,3,5,0,14,4,0,2,418,1
"org.apache.solr.analysis.TestUAX29URLEmailTokenizerFactory",9,0.00,1.11,73,1.22,26749.41,9,0,6,20,3,159.94,10,149,0,4,109.94,0.00,0.75,0.00,0,0.00,2,3673.11,1,0,3,org.apache.solr.analysis.BaseTokenTestCase,0.00,11,3,10,0,11,9,0,8,681,1
"org.apache.solr.analysis.TestWikipediaTokenizerFactory",1,0.00,1.00,10,0.14,2588.89,1,0,5,4,4,133.10,19,13,0,4,106.82,0.00,0.75,0.00,0,1.00,1,425.30,1,0,4,org.apache.solr.analysis.BaseTokenTestCase,0.00,3,3,1,0,3,1,0,2,83,1
"org.apache.solr.analysis.TestWordDelimiterFilter",20,0.00,1.15,191,3.00,112028.37,20,0,32,45,22,145.74,54,294,0,3,105.86,0.00,0.67,0.00,3,20.00,3,8999.07,6,0,22,org.apache.solr.SolrTestCaseJ4,0.00,25,2,23,0,25,20,0,32,1668,1
"org.apache.solr.analysis.TestWordDelimiterFilter$Analyzer",1,0.00,1.00,3,0.04,595.84,1,0,32,3,3,131.35,0,7,0,1,131.35,0.00,0.00,0.00,0,1.00,1,126.59,0,1,3,java.lang.Object,0.00,2,0,1,0,2,0,0,0,31,0
"org.apache.solr.analysis.TestWordDelimiterFilter$Analyzer_0",1,0.00,1.00,3,0.05,661.80,1,0,32,4,3,130.99,0,8,0,1,130.99,0.00,0.00,0.00,0,1.00,1,141.78,0,1,3,java.lang.Object,0.00,3,0,1,0,3,0,0,0,34,0
"org.apache.solr.analysis.TestWordDelimiterFilter$Analyzer_1",1,0.00,1.00,5,0.08,1290.86,1,0,32,5,5,120.43,0,8,0,1,120.43,0.00,0.00,0.00,0,1.00,1,226.61,0,1,5,java.lang.Object,0.00,4,0,1,0,4,0,0,0,49,0
"org.apache.solr.analysis.TestWordDelimiterFilter$LargePosIncTokenFilter",2,0.00,2.00,11,0.13,2544.21,4,2,32,6,4,120.32,0,18,0,4,120.32,0.00,0.75,0.50,0,2.00,3,381.02,0,0,4,org.apache.lucene.analysis.TokenFilter,0.29,4,3,4,0,4,2,0,0,89,2
"org.apache.solr.analysis.TestWordDelimiterFilter$ReusableAnalyzerBase",1,0.00,1.00,4,0.06,1051.87,1,0,32,4,3,124.74,0,6,0,1,124.74,0.00,0.00,0.00,0,1.00,1,173.06,0,1,3,java.lang.Object,0.00,3,0,1,0,3,0,0,0,40,0
"org.apache.solr.analysis.ThaiWordFilterFactory",1,0.00,1.00,4,0.03,274.80,1,0,2,2,4,85.21,11,6,1,3,129.34,0.00,0.67,0.00,0,0.00,1,76.45,1,1,3,org.apache.solr.analysis.BaseTokenFilterFactory,0.00,1,2,1,0,1,0,0,1,23,1
"org.apache.solr.analysis.TokenFilterFactory",3,0.00,1.00,4,0.03,247.81,3,0,2,3,11,126.52,39,5,10,1,155.90,0.00,0.00,0.00,0,3.00,1,89.64,0,2,1,,0.00,0,0,3,0,0,1,0,4,31,1
"org.apache.solr.analysis.TokenOffsetPayloadTokenFilterFactory",1,0.00,1.00,3,0.02,225.35,1,0,2,2,3,90.55,11,5,0,3,134.67,0.00,0.67,0.00,0,1.00,1,58.69,0,1,3,org.apache.solr.analysis.BaseTokenFilterFactory,0.00,1,2,1,0,1,0,0,1,19,1
"org.apache.solr.analysis.TokenizerChain",8,0.05,1.62,48,0.44,14456.73,11,3,5,16,17,116.21,7,51,9,3,116.21,0.00,0.67,0.29,1,24.00,3,1320.54,0,6,8,org.apache.solr.analysis.SolrAnalyzer,0.00,8,2,13,0,8,2,0,5,295,2
"org.apache.solr.analysis.TokenizerFactory",3,0.00,1.00,4,0.03,241.10,3,0,3,3,8,118.44,37,5,7,1,156.00,0.00,0.00,0.00,0,3.00,1,91.19,0,2,1,,0.00,0,0,3,0,0,1,0,4,31,1
"org.apache.solr.analysis.TrieTokenizer",7,0.12,2.14,53,0.68,21767.90,14,7,8,27,6,111.80,1,78,1,4,111.80,0.00,0.75,0.24,1,0.00,7,2034.84,2,1,5,org.apache.lucene.analysis.Tokenizer,0.67,20,3,15,0,20,6,0,1,398,1
"org.apache.solr.analysis.TrieTokenizerFactory",2,0.00,1.00,8,0.07,1046.28,4,2,8,4,8,94.91,12,11,1,3,127.13,0.00,0.67,0.50,0,2.00,1,214.45,0,0,7,org.apache.solr.analysis.BaseTokenizerFactory,0.00,2,2,2,0,2,2,0,1,58,1
"org.apache.solr.analysis.TrimFilter",2,0.33,5.00,35,0.44,44678.70,5,3,5,10,9,72.61,10,39,5,4,90.48,0.00,0.75,0.50,0,2.00,9,1328.74,0,0,4,org.apache.lucene.analysis.TokenFilter,0.29,8,3,10,0,8,2,0,6,245,2
"org.apache.solr.analysis.TrimFilterFactory",2,0.00,2.00,11,0.14,3944.21,3,1,3,6,5,86.60,12,19,1,3,118.82,0.00,0.67,1.00,0,0.00,3,413.05,1,1,4,org.apache.solr.analysis.BaseTokenFilterFactory,0.00,4,2,4,0,4,1,0,1,89,1
"org.apache.solr.analysis.TurkishLowerCaseFilterFactory",1,0.00,1.00,3,0.02,225.35,1,0,2,2,4,90.55,11,5,1,3,134.67,0.00,0.67,0.00,0,1.00,1,58.69,0,1,3,org.apache.solr.analysis.BaseTokenFilterFactory,0.00,1,2,1,0,1,0,0,1,19,1
"org.apache.solr.analysis.TypeAsPayloadTokenFilterFactory",1,0.00,1.00,3,0.02,225.35,1,0,2,2,3,90.55,11,5,0,3,134.67,0.00,0.67,0.00,0,1.00,1,58.69,0,1,3,org.apache.solr.analysis.BaseTokenFilterFactory,0.00,1,2,1,0,1,0,0,1,19,1
"org.apache.solr.analysis.TypeTokenFilterFactory",4,0.44,2.00,26,0.31,9565.08,7,3,10,14,8,135.82,13,35,1,3,115.21,0.00,0.67,0.67,0,0.00,5,917.03,0,2,7,org.apache.solr.analysis.BaseTokenFilterFactory,0.00,10,2,8,0,10,2,1,3,181,1
"org.apache.solr.analysis.UAX29URLEmailTokenizerFactory",2,0.00,1.00,10,0.09,1599.37,3,1,4,4,4,104.19,11,15,1,3,122.07,0.00,0.67,1.00,0,0.00,1,279.24,2,1,3,org.apache.solr.analysis.BaseTokenizerFactory,0.00,2,2,2,0,2,1,0,1,68,1
"org.apache.solr.analysis.WhitespaceTokenizerFactory",2,0.00,1.00,6,0.05,786.43,2,0,3,3,3,114.90,10,10,1,3,132.77,0.00,0.67,0.00,0,2.00,1,155.94,2,1,2,org.apache.solr.analysis.BaseTokenizerFactory,0.00,1,2,2,0,1,1,0,1,43,1
"org.apache.solr.analysis.WikipediaTokenizerFactory",1,0.00,1.00,3,0.02,192.92,1,0,3,2,4,91.08,11,5,1,3,135.21,0.00,0.67,0.00,0,1.00,1,60.48,0,1,3,org.apache.solr.analysis.BaseTokenizerFactory,0.00,1,2,1,0,1,0,0,2,19,1
"org.apache.solr.analysis.WordDelimiterFilter",24,0.05,2.50,214,2.95,128649.59,58,34,10,51,16,63.61,271,344,6,4,107.74,0.00,0.75,0.08,8,316.00,20,8852.85,1,0,10,org.apache.lucene.analysis.TokenFilter,0.22,27,3,60,0,27,24,0,71,1661,1
"org.apache.solr.analysis.WordDelimiterFilter$WordDelimiterConcatenation",5,0.30,1.40,31,0.28,5013.73,10,5,10,12,0,118.50,21,40,0,1,118.26,0.00,0.00,0.44,2,0.00,3,841.30,0,0,0,java.lang.Object,0.00,7,0,7,0,7,5,0,5,189,1
"org.apache.solr.analysis.WordDelimiterFilterFactory",6,0.11,7.50,98,1.54,78294.86,13,7,14,29,9,113.83,18,134,1,3,93.21,0.00,0.67,0.24,2,18.00,13,4627.01,2,2,8,org.apache.solr.analysis.BaseTokenFilterFactory,0.00,23,2,45,0,23,4,1,4,831,1
"org.apache.solr.analysis.WordDelimiterIterator",0,0.00,0.00,110,1.67,338590.89,14,14,1,8,3,171.00,109,157,3,1,171.00,0.00,0.00,0.00,0,0.00,0,4995.27,0,0,0,java.lang.Object,0.00,8,0,0,0,8,0,0,47,766,2
"org.apache.solr.client.solrj.util.ClientUtils",9,3.00,3.33,89,1.34,67312.51,12,3,18,44,22,86.75,49,122,13,1,104.62,0.00,0.00,0.00,1,9.00,9,4030.55,0,8,9,java.lang.Object,0.00,35,0,30,0,35,1,0,17,752,1
"org.apache.solr.client.solrj.util.ClientUtilsTest",1,0.00,1.00,7,0.07,1113.60,1,0,1,3,1,97.61,5,10,0,2,115.48,0.00,0.50,0.00,0,1.00,1,224.01,0,0,1,org.apache.lucene.util.LuceneTestCase,0.00,2,1,1,0,2,1,0,1,56,1
"org.apache.lucene.store.AlreadyClosedException",1,0.00,1.00,3,0.02,106.02,1,0,0,1,28,170.64,20,5,28,2,137.25,0.00,0.50,0.00,0,1.00,1,45.51,0,0,0,java.lang.IllegalStateException,0.00,0,1,1,0,0,1,0,2,16,1
"org.apache.lucene.store.BufferedIndexInput",24,0.16,2.62,184,2.57,215382.60,30,6,2,29,21,148.01,55,249,20,3,108.13,3.00,0.22,0.32,6,12.00,11,7716.36,6,1,2,org.apache.lucene.store.IndexInput,0.77,5,2,63,6,5,23,0,38,1521,2
"org.apache.lucene.store.BufferedIndexOutput",9,0.12,1.89,46,0.51,34493.44,13,4,1,10,3,116.80,41,68,2,3,116.56,0.50,0.50,0.36,2,8.00,8,1534.91,0,0,1,org.apache.lucene.store.IndexOutput,0.75,1,2,17,1,1,9,0,21,330,2
"org.apache.lucene.store.ByteArrayDataInput",16,0.22,1.88,102,1.39,117167.41,19,3,2,18,6,111.40,9,129,4,2,111.40,0.00,0.50,0.54,2,0.00,10,4178.56,0,0,2,org.apache.lucene.store.DataInput,0.47,2,1,30,0,2,16,0,4,870,2
"org.apache.lucene.store.ByteArrayDataOutput",8,0.05,1.00,25,0.22,3995.07,11,3,1,9,7,131.95,6,36,5,2,131.95,0.00,0.50,0.38,1,8.00,1,666.19,0,0,2,org.apache.lucene.store.DataOutput,0.19,1,1,8,0,1,8,0,1,170,1
"org.apache.lucene.store.ChecksumIndexInput",8,0.07,1.00,24,0.22,3771.61,10,2,3,17,2,132.15,5,40,1,3,132.15,0.00,0.67,0.56,0,0.00,1,658.17,0,0,1,org.apache.lucene.store.IndexInput,0.58,9,2,8,0,9,8,0,1,171,1
"org.apache.lucene.store.ChecksumIndexOutput",11,0.05,1.00,32,0.30,4775.52,13,2,3,23,2,189.00,17,51,1,3,139.00,0.00,0.67,0.55,1,0.00,1,899.78,0,0,1,org.apache.lucene.store.IndexOutput,0.70,12,2,11,0,12,11,0,8,232,1
"org.apache.lucene.store.DataInput",14,0.92,2.43,98,1.34,87187.11,15,1,4,18,30,77.17,93,122,29,1,109.39,0.00,0.00,0.14,6,34.00,10,4011.01,1,4,1,java.lang.Object,0.00,4,0,34,22,4,10,1,18,843,2
"org.apache.lucene.store.DataOutput",13,0.46,2.00,81,1.21,72314.22,15,2,4,21,23,112.56,56,107,20,1,112.32,0.00,0.00,0.08,5,24.00,4,3630.01,0,0,3,java.lang.Object,0.00,8,0,26,13,8,13,0,13,735,2
"org.apache.lucene.store.DirectIOLinuxDirectory",3,0.17,1.67,16,0.22,4626.85,6,3,10,6,7,69.70,29,22,0,3,119.70,0.00,0.67,0.22,0,1.00,2,674.18,3,0,7,org.apache.lucene.store.FSDirectory,0.00,3,2,5,0,3,3,0,3,147,1
"org.apache.lucene.store.DirectIOLinuxDirectory$DirectIOLinuxIndexInput",10,0.36,2.00,88,0.96,31599.93,18,8,10,32,2,159.59,12,121,0,3,109.59,0.00,0.67,0.45,2,0.00,3,2877.21,0,1,2,org.apache.lucene.store.IndexInput,0.64,22,2,20,0,22,9,0,12,587,3
"org.apache.lucene.store.DirectIOLinuxDirectory$DirectIOLinuxIndexOutput",9,0.28,1.78,74,0.83,33104.78,17,8,10,25,2,148.99,25,104,0,3,109.10,0.00,0.67,0.38,1,0.00,3,2502.62,0,0,2,org.apache.lucene.store.IndexOutput,0.75,16,2,16,0,16,9,0,25,514,3
"org.apache.lucene.store.Directory",21,0.45,1.33,54,0.57,11205.78,23,2,6,33,404,95.94,159,85,397,1,138.23,0.00,0.00,0.07,3,74.00,4,1705.36,1,3,7,java.lang.Object,0.00,12,0,28,18,12,18,1,24,419,2
"org.apache.lucene.store.FSDirectory",27,0.10,1.96,141,1.78,61022.40,31,4,13,70,44,86.14,177,212,34,2,118.36,5.00,0.14,0.16,7,128.00,7,5354.63,2,9,13,org.apache.lucene.store.Directory,0.21,43,1,53,5,43,18,0,36,1126,2
"org.apache.lucene.store.FSDirectory$FSIndexOutput",6,0.15,1.50,32,0.32,7030.40,10,4,13,14,2,120.67,5,50,0,4,120.67,0.00,0.75,0.38,0,0.00,4,961.62,2,0,2,org.apache.lucene.store.BufferedIndexOutput,0.59,8,3,9,0,8,6,0,5,220,2
"org.apache.lucene.store.FSDirectory$FilenameFilter",1,0.00,1.00,3,0.03,458.50,1,0,13,3,0,132.24,0,4,0,1,132.24,0.00,0.00,0.00,0,1.00,1,86.14,0,0,0,java.lang.Object,0.00,2,0,1,0,2,1,0,0,24,0
"org.apache.lucene.store.FSLockFactory",2,1.00,1.50,7,0.06,1213.45,3,1,1,3,5,83.09,16,11,4,2,131.19,2.00,0.25,0.50,0,2.00,2,190.50,0,1,1,org.apache.lucene.store.LockFactory,0.00,1,1,3,2,1,1,0,4,49,2
"org.apache.lucene.store.FileSwitchDirectory",16,0.08,1.75,73,0.86,35452.35,20,4,7,38,5,172.07,27,119,1,2,122.07,0.00,0.50,0.17,3,50.00,8,2570.70,0,7,4,org.apache.lucene.store.Directory,0.11,22,1,28,0,22,9,0,15,575,1
"org.apache.lucene.store.IndexInput",9,1.00,1.67,35,0.33,13099.32,10,1,2,11,75,128.41,42,44,73,2,128.18,17.00,0.05,0.11,0,16.00,4,1003.63,2,1,3,org.apache.lucene.store.DataInput,0.00,2,1,15,17,2,8,2,12,228,2
"org.apache.lucene.store.IndexOutput",6,0.00,1.00,7,0.06,436.71,6,0,2,6,58,156.57,25,8,57,2,156.34,8.00,0.10,0.00,0,6.00,1,177.79,0,0,1,org.apache.lucene.store.DataOutput,0.00,0,1,6,8,0,6,1,7,58,2
"org.apache.lucene.store.InputStreamDataInput",4,0.33,1.75,17,0.19,6750.23,5,1,2,7,8,173.00,5,26,7,2,123.00,0.00,0.50,0.75,0,0.00,3,557.42,0,0,1,org.apache.lucene.store.DataInput,0.22,3,1,7,0,3,4,1,3,126,1
"org.apache.lucene.store.Lock",4,0.11,2.50,28,0.34,19599.75,7,3,2,10,30,61.73,41,37,28,1,110.21,0.00,0.00,0.25,1,6.00,7,1012.61,0,0,2,java.lang.Object,0.00,6,0,10,8,6,4,0,9,197,2
"org.apache.lucene.store.Lock$With",3,0.25,1.33,13,0.11,1805.78,5,2,2,5,2,147.20,10,19,0,1,126.59,0.00,0.00,0.33,1,4.00,2,320.43,0,2,2,java.lang.Object,0.00,2,0,4,0,2,1,0,3,81,3
"org.apache.lucene.store.LockFactory",4,1.00,1.00,8,0.06,564.89,5,1,1,4,18,92.84,36,11,17,1,142.84,0.00,0.00,0.00,0,4.00,1,176.92,0,2,1,java.lang.Object,0.00,0,0,4,8,0,2,0,5,53,2
"org.apache.lucene.store.LockObtainFailedException",1,0.00,1.00,3,0.02,106.02,1,0,1,1,31,94.96,7,5,31,2,137.25,0.00,0.50,0.00,0,1.00,1,45.51,0,0,0,java.io.IOException,0.00,0,1,1,0,0,1,0,1,16,1
"org.apache.lucene.store.LockReleaseFailedException",1,0.00,1.00,3,0.02,106.02,1,0,1,1,5,119.38,5,5,5,2,137.25,0.00,0.50,0.00,0,1.00,1,45.51,0,0,0,java.io.IOException,0.00,0,1,1,0,0,1,0,1,16,1
"org.apache.lucene.store.LockStressTest",1,0.00,11.00,36,0.74,45735.51,1,0,2,17,5,27.59,8,64,0,1,75.70,0.00,0.00,0.00,0,1.00,11,2208.03,0,0,5,java.lang.Object,0.00,16,0,11,0,16,1,0,1,331,1
"org.apache.lucene.store.LockVerifyServer",2,0.00,4.50,36,0.57,33684.68,2,0,5,18,0,72.67,10,47,0,1,90.55,0.00,0.00,0.00,1,2.00,8,1721.18,0,1,0,java.lang.Object,0.00,16,0,9,0,16,1,0,2,290,1
"org.apache.lucene.store.MMapDirectory",8,0.04,1.50,45,0.49,11685.78,12,4,17,19,10,82.35,103,66,6,3,119.91,0.00,0.67,0.22,1,38.00,3,1467.62,2,0,5,org.apache.lucene.store.FSDirectory,0.00,11,2,12,0,11,8,0,15,323,1
"org.apache.lucene.store.MMapDirectory$MMapIndexInput",14,0.10,3.07,134,1.80,97242.76,23,9,17,38,3,104.89,11,192,0,3,104.89,0.00,0.67,0.21,3,2.00,6,5402.83,4,1,3,org.apache.lucene.store.IndexInput,0.81,24,2,43,0,24,13,0,11,1015,2
"org.apache.lucene.store.MMapDirectory$PrivilegedExceptionAction<Object>",1,0.00,2.00,8,0.10,2648.16,1,0,17,7,0,110.20,0,12,0,1,110.20,0.00,0.00,0.00,0,1.00,2,292.28,0,1,0,java.lang.Object,0.00,6,0,2,0,6,0,0,0,65,0
"org.apache.lucene.store.MockDirectoryWrapper",53,0.03,2.06,307,4.06,170369.87,77,24,18,136,68,167.14,95,431,58,2,117.14,1.00,0.33,0.07,9,1126.00,11,12190.66,0,9,13,org.apache.lucene.store.Directory,0.14,83,1,109,1,83,44,0,48,2374,1
"org.apache.lucene.store.MockDirectoryWrapper$Failure",4,0.67,1.00,9,0.05,354.80,5,1,18,4,1,144.67,16,11,0,1,144.43,0.00,0.00,0.50,0,4.00,1,141.29,0,1,1,java.lang.Object,0.00,0,0,4,0,0,3,0,2,45,2
"org.apache.lucene.store.MockDirectoryWrapper$Throttling",0,0.00,0.00,2,0.01,48.00,0,0,18,0,0,171.00,1,5,0,1,171.00,0.00,0.00,0.00,0,0.00,0,24.00,0,0,0,java.lang.Object,0.00,0,0,0,0,0,0,0,1,8,2
"org.apache.lucene.store.MockIndexInputWrapper",20,0.05,1.10,75,0.69,11900.74,25,5,2,41,4,171.22,41,120,2,3,131.33,0.00,0.67,0.25,1,0.00,2,2065.01,0,3,3,org.apache.lucene.store.IndexInput,1.19,21,2,22,0,21,17,0,13,508,1
"org.apache.lucene.store.MockIndexOutputWrapper",10,0.13,2.20,69,0.96,62726.96,15,5,2,31,3,161.89,17,102,1,3,111.89,0.00,0.67,0.32,1,0.00,11,2877.96,0,0,3,org.apache.lucene.store.IndexOutput,0.83,21,2,22,0,21,10,0,12,546,1
"org.apache.lucene.store.MockLockFactoryWrapper",6,0.00,1.00,18,0.17,2575.12,8,2,1,13,3,132.47,0,30,1,2,132.47,0.00,0.50,0.50,0,0.00,1,512.05,0,3,3,org.apache.lucene.store.LockFactory,0.20,7,1,6,0,7,3,0,0,136,1
"org.apache.lucene.store.MockLockFactoryWrapper$MockLock",4,0.17,1.25,17,0.14,2008.66,6,2,1,9,1,127.22,0,26,0,2,127.22,0.00,0.50,0.62,0,0.00,2,417.42,0,0,1,org.apache.lucene.store.Lock,0.75,5,1,5,0,5,4,0,0,107,1
"org.apache.lucene.store.NIOFSDirectory",3,0.00,1.00,9,0.10,1162.56,3,0,7,5,7,103.44,39,14,5,3,132.82,0.00,0.67,0.00,0,3.00,1,288.68,2,0,3,org.apache.lucene.store.FSDirectory,0.00,2,2,3,0,2,3,0,5,74,1
"org.apache.lucene.store.NIOFSDirectory$NIOFSIndexInput",4,0.25,3.25,57,0.72,60600.44,8,4,7,19,0,115.67,13,80,0,2,95.06,0.00,0.50,0.44,0,0.00,9,2163.76,1,0,0,SimpleFSDirectory.SimpleFSIndexInput,0.00,15,1,13,0,15,4,0,13,387,2
"org.apache.lucene.store.NRTCachingDirectory",23,0.13,2.04,126,1.51,51279.82,30,7,12,64,15,139.01,82,195,2,2,118.40,0.00,0.50,0.27,2,0.00,6,4542.47,0,6,13,org.apache.lucene.store.Directory,0.27,41,1,47,0,41,17,0,32,974,1
"org.apache.lucene.store.NRTCachingDirectory$ConcurrentMergeScheduler",1,0.00,1.00,6,0.07,1339.54,1,0,12,2,0,117.35,0,10,0,1,117.35,0.00,0.00,0.00,0,0.00,1,199.76,1,0,0,java.lang.Object,0.00,1,0,1,0,1,1,0,0,47,0
"org.apache.lucene.store.NativeFSLock",6,0.30,4.17,82,0.86,49000.87,12,6,6,25,3,48.31,54,135,1,2,98.31,0.00,0.50,0.42,3,0.00,13,2569.58,0,1,2,org.apache.lucene.store.Lock,0.60,19,1,25,0,19,5,0,36,489,0
"org.apache.lucene.store.NativeFSLockFactory",5,0.00,1.60,16,0.17,3732.97,5,0,6,10,7,86.34,58,27,4,3,130.47,0.00,0.67,0.00,1,7.00,3,520.24,1,1,3,org.apache.lucene.store.FSLockFactory,0.00,5,2,8,0,5,4,0,14,125,1
"org.apache.lucene.store.NativePosixUtil",6,6.00,1.17,18,0.25,4279.56,12,6,3,7,2,130.70,0,22,2,1,130.70,0.00,0.00,0.00,1,6.00,2,742.94,0,1,0,java.lang.Object,0.00,1,0,7,0,1,5,0,0,179,2
"org.apache.lucene.store.NoLock",4,0.00,1.00,8,0.05,547.10,4,0,1,4,2,142.95,0,17,1,2,142.95,0.00,0.50,0.00,0,4.00,1,153.76,0,1,1,org.apache.lucene.store.Lock,0.75,0,1,4,0,0,3,0,0,48,0
"org.apache.lucene.store.NoLockFactory",4,0.33,1.00,10,0.08,1423.37,6,2,1,6,8,160.30,14,15,5,2,139.68,0.00,0.50,0.25,0,8.00,1,233.37,0,2,3,org.apache.lucene.store.LockFactory,0.00,2,1,4,0,2,2,0,4,65,1
"org.apache.lucene.store.NoSuchDirectoryException",1,0.00,1.00,3,0.02,106.02,1,0,1,1,9,137.49,4,5,9,2,137.25,0.00,0.50,0.00,0,1.00,1,45.51,0,0,0,java.io.FileNotFoundException,0.00,0,1,1,0,0,1,0,1,16,1
"org.apache.lucene.store.OutputStreamDataOutput",4,0.33,1.00,10,0.10,1461.64,5,1,1,6,7,189.59,4,17,6,2,139.59,0.00,0.50,0.75,0,0.00,1,308.05,0,0,1,org.apache.lucene.store.DataOutput,0.24,2,1,4,0,2,4,1,2,81,1
"org.apache.lucene.store.RAMDirectory",14,0.05,1.86,85,0.94,27747.27,17,3,11,43,64,136.48,54,120,56,2,115.87,3.00,0.20,0.29,1,0.00,4,2833.51,2,3,9,org.apache.lucene.store.Directory,0.11,29,1,26,3,29,11,1,19,597,1
"org.apache.lucene.store.RAMFile",11,0.05,1.09,34,0.30,6956.24,17,6,2,16,6,181.13,11,46,6,1,131.13,0.00,0.00,0.12,1,49.00,2,888.39,0,0,1,java.lang.Object,0.00,5,0,12,2,5,11,1,6,217,1
"org.apache.lucene.store.RAMInputStream",10,0.33,2.30,72,0.85,39751.10,18,8,2,16,8,110.94,9,99,4,3,110.94,0.00,0.67,0.42,1,0.00,4,2547.97,0,0,4,org.apache.lucene.store.IndexInput,0.64,6,2,23,0,6,10,1,7,507,1
"org.apache.lucene.store.RAMOutputStream",15,0.31,1.87,91,0.92,35269.03,22,7,1,25,9,115.28,14,126,6,3,115.28,0.00,0.67,0.43,3,0.00,4,2755.33,0,0,3,org.apache.lucene.store.IndexOutput,0.71,10,2,28,0,10,15,0,10,586,1
"org.apache.lucene.store.SimpleFSDirectory",3,0.00,1.00,10,0.12,2168.73,3,0,4,6,10,98.47,19,14,8,3,130.69,0.00,0.67,0.00,0,4.00,1,355.68,1,1,3,org.apache.lucene.store.FSDirectory,0.00,3,2,3,0,3,2,0,4,85,1
"org.apache.lucene.store.SimpleFSDirectory$SimpleFSIndexInput",9,0.08,1.67,52,0.63,37672.09,12,3,4,22,2,166.29,11,80,0,4,116.29,0.00,0.75,0.26,0,4.00,6,1885.56,2,1,2,org.apache.lucene.store.BufferedIndexInput,0.36,13,3,15,0,13,8,0,9,382,2
"org.apache.lucene.store.SimpleFSDirectory$SimpleFSIndexInput$Descriptor",2,0.33,1.50,12,0.09,1358.75,5,3,4,2,0,169.58,2,17,0,2,119.58,0.00,0.50,0.50,0,0.00,2,273.95,1,0,0,java.io.RandomAccessFile,0.00,0,1,3,0,0,2,0,2,69,2
"org.apache.lucene.store.SimpleFSLock",5,0.12,1.80,18,0.22,5633.91,7,2,2,14,3,129.03,2,33,1,2,129.03,0.00,0.50,0.60,0,0.00,4,651.51,0,1,2,org.apache.lucene.store.Lock,0.67,9,1,9,0,9,4,0,2,155,0
"org.apache.lucene.store.SimpleFSLockFactory",5,0.00,1.80,18,0.20,5735.12,5,0,2,10,6,78.97,45,30,3,3,128.97,0.00,0.67,0.00,0,7.00,4,594.31,1,1,3,org.apache.lucene.store.FSLockFactory,0.00,5,2,9,0,5,4,0,4,139,1
"org.apache.lucene.store.SingleInstanceLock",5,0.25,1.00,17,0.15,2520.69,7,2,2,8,2,131.92,0,30,1,2,131.92,0.00,0.50,0.70,0,0.00,1,445.66,1,1,1,org.apache.lucene.store.Lock,0.67,3,1,5,0,3,4,0,0,117,0
"org.apache.lucene.store.SingleInstanceLockFactory",2,0.00,1.50,8,0.09,1813.75,3,1,2,6,6,92.94,13,15,3,2,125.16,0.00,0.50,1.00,0,0.00,2,273.82,0,0,3,org.apache.lucene.store.LockFactory,0.00,4,1,3,0,4,2,0,4,68,1
"org.apache.lucene.store.TestBufferedIndexInput",9,0.31,2.78,143,1.88,99427.53,11,2,23,54,14,115.67,35,165,0,2,95.05,0.00,0.50,0.22,5,18.00,7,5634.12,0,0,14,org.apache.lucene.util.LuceneTestCase,0.00,45,1,25,0,45,9,0,35,1016,1
"org.apache.lucene.store.TestBufferedIndexInput$MockFSDirectory",12,0.03,1.08,37,0.45,8377.83,15,3,23,28,6,130.79,6,71,0,2,130.79,0.00,0.50,0.36,1,0.00,2,1349.03,0,4,6,org.apache.lucene.store.Directory,0.12,16,1,13,0,16,8,0,5,319,2
"org.apache.lucene.store.TestBufferedIndexInput$MyBufferedIndexInput",6,0.50,1.17,20,0.18,3573.88,8,2,23,6,1,131.31,1,28,0,4,131.31,0.00,0.75,0.08,0,10.00,2,537.99,0,0,1,org.apache.lucene.store.BufferedIndexInput,0.30,0,3,7,0,0,6,0,1,136,2
"org.apache.lucene.store.TestByteArrayDataInput",1,0.00,1.00,8,0.10,2648.22,1,0,1,5,1,110.36,0,10,0,2,110.36,0.00,0.50,0.00,0,1.00,1,286.92,0,0,1,org.apache.lucene.util.LuceneTestCase,0.00,4,1,1,0,4,1,0,0,66,1
"org.apache.lucene.store.TestCopyBytes",3,0.00,5.33,102,1.37,117150.73,3,0,4,31,4,117.22,7,102,0,2,77.33,0.00,0.50,0.00,1,3.00,10,4113.00,0,0,4,org.apache.lucene.util.LuceneTestCase,0.00,28,1,16,0,28,3,0,7,686,1
"org.apache.lucene.store.TestCopyBytes$CopyThread",2,0.00,1.50,11,0.10,1733.90,4,2,4,6,2,121.70,0,17,0,2,121.70,0.00,0.50,0.50,0,2.00,2,294.98,0,0,2,org.apache.lucene.util.Thread,0.00,4,1,3,0,4,2,0,0,73,1
"org.apache.lucene.store.TestDirectory",8,0.00,2.25,108,1.33,83082.85,8,0,5,44,12,147.63,14,121,0,2,97.63,0.00,0.50,0.00,1,8.00,8,4000.86,0,0,12,org.apache.lucene.util.LuceneTestCase,0.00,36,1,18,0,36,8,0,14,724,1
"org.apache.lucene.store.TestFileSwitchDirectory",4,0.00,2.00,59,0.83,34720.47,4,0,13,40,13,136.96,11,66,0,2,97.07,0.00,0.50,0.00,1,4.00,4,2494.67,0,1,13,org.apache.lucene.util.LuceneTestCase,0.00,36,1,8,0,36,3,0,8,449,1
"org.apache.lucene.store.TestHugeRamFile",1,1.00,8.00,57,0.72,79886.22,2,1,3,12,2,18.31,8,48,0,2,66.42,0.00,0.50,0.00,0,1.00,8,2148.13,0,0,2,org.apache.lucene.util.LuceneTestCase,0.00,11,1,8,0,11,1,0,7,369,1
"org.apache.lucene.store.TestHugeRamFile$DenseRAMFile",1,0.00,3.00,12,0.16,6226.52,3,2,3,4,1,121.23,3,17,0,2,100.61,0.00,0.50,1.00,0,0.00,3,471.85,0,0,1,org.apache.lucene.store.RAMFile,0.17,3,1,3,0,3,1,0,3,101,2
"org.apache.lucene.store.TestLock",1,0.00,2.00,9,0.08,1329.35,1,0,2,5,1,110.65,0,13,0,2,110.65,0.00,0.50,0.00,0,1.00,2,247.01,0,0,1,org.apache.lucene.util.LuceneTestCase,0.00,4,1,2,0,4,1,0,0,57,1
"org.apache.lucene.store.TestLock$LockMock",3,1.00,1.00,8,0.05,517.34,4,1,2,3,1,142.16,1,15,0,2,142.16,0.00,0.50,0.33,0,4.00,1,145.73,0,0,1,org.apache.lucene.store.Lock,0.86,0,1,3,0,0,3,0,1,44,1
"org.apache.lucene.store.TestLockFactory",12,0.00,1.75,130,1.74,50662.81,12,0,18,60,24,144.90,33,156,0,2,105.02,0.00,0.50,0.00,1,12.00,3,5215.66,0,0,24,org.apache.lucene.util.LuceneTestCase,0.00,48,1,21,0,48,12,0,33,1011,1
"org.apache.lucene.store.TestLockFactory$MockLockFactory",4,0.11,1.00,18,0.22,3957.07,7,3,18,12,4,124.95,0,26,0,2,124.95,0.00,0.50,0.25,0,8.00,1,647.92,1,1,4,org.apache.lucene.store.LockFactory,0.00,8,1,4,0,8,3,0,0,147,1
"org.apache.lucene.store.TestLockFactory$MockLockFactory$MockLock",3,1.00,1.00,8,0.05,494.89,4,1,18,3,1,142.31,1,15,0,2,142.31,0.00,0.50,0.33,0,4.00,1,144.06,0,0,1,org.apache.lucene.store.Lock,0.86,0,1,3,0,0,3,0,1,44,1
"org.apache.lucene.store.TestLockFactory$SearcherThread",2,0.00,3.00,35,0.40,17588.09,5,3,18,12,6,93.79,1,43,0,2,93.79,0.00,0.50,0.33,0,2.00,5,1206.18,0,0,6,org.apache.lucene.analysis.Thread,0.00,10,1,6,0,10,2,0,1,225,1
"org.apache.lucene.store.TestLockFactory$WriterThread",2,0.00,4.50,38,0.48,31826.85,5,3,18,12,4,110.48,6,49,0,2,89.87,0.00,0.50,0.33,0,2.00,8,1434.88,0,0,4,org.apache.lucene.analysis.Thread,0.00,10,1,9,0,10,2,0,6,260,1
"org.apache.lucene.store.TestMultiMMap",6,0.80,2.50,109,1.45,62797.01,7,1,10,44,11,142.31,10,101,0,2,92.31,0.00,0.50,0.33,0,10.00,4,4343.55,1,0,11,org.apache.lucene.util.LuceneTestCase,0.00,38,1,15,0,38,6,0,4,769,1
"org.apache.lucene.store.TestNRTCachingDirectory",6,0.00,2.83,82,1.22,58388.36,6,0,20,55,18,137.69,13,94,0,2,97.80,0.00,0.50,0.00,0,6.00,10,3646.02,0,0,18,org.apache.lucene.util.LuceneTestCase,0.00,49,1,17,0,49,6,0,10,627,1
"org.apache.lucene.store.TestRAMDirectory",8,0.04,1.88,108,1.34,41496.67,12,4,16,54,15,139.93,16,108,0,2,100.05,0.00,0.50,0.22,1,8.00,4,4015.24,2,0,15,org.apache.lucene.util.LuceneTestCase,0.00,46,1,15,0,46,8,0,13,767,1
"org.apache.lucene.store.TestRAMDirectory$Thread",1,0.00,3.00,11,0.14,4670.96,1,0,16,8,2,103.01,0,13,0,1,103.01,0.00,0.00,0.00,0,0.00,3,428.60,0,0,2,java.lang.Object,0.00,7,0,3,0,7,1,0,0,82,0
"org.apache.lucene.store.TestWindowsMMap",5,0.38,2.00,54,0.61,16438.49,7,2,13,32,10,155.84,6,59,0,2,105.84,0.00,0.50,0.20,3,11.00,3,1840.37,1,2,10,org.apache.lucene.util.LuceneTestCase,0.00,27,1,10,0,27,3,0,6,359,1
"org.apache.lucene.store.VerifyingLockFactory",3,0.12,1.00,15,0.15,2461.31,7,4,4,6,3,79.69,21,22,1,2,121.98,0.00,0.50,0.17,0,1.00,1,435.22,0,1,2,org.apache.lucene.store.LockFactory,0.00,3,1,3,0,3,2,0,2,107,1
"org.apache.lucene.store.VerifyingLockFactory$CheckedLock",6,0.40,1.67,29,0.32,7709.26,7,1,4,18,2,123.94,0,47,0,2,123.94,0.00,0.50,0.67,2,2.00,3,952.89,0,0,2,org.apache.lucene.store.Lock,0.80,12,1,10,0,12,6,0,0,211,1
"org.apache.lucene.store.WindowsDirectory",7,1.00,1.00,16,0.19,2392.75,8,1,5,10,6,121.94,35,22,1,3,139.82,0.00,0.67,0.14,0,12.00,1,562.96,2,0,5,org.apache.lucene.store.FSDirectory,0.00,3,2,7,0,3,7,0,9,145,1
"org.apache.lucene.store.WindowsDirectory$WindowsIndexInput",6,0.10,1.50,30,0.34,9594.44,10,4,5,15,2,119.60,1,46,0,4,119.60,0.00,0.75,0.33,0,6.00,3,1028.51,1,1,2,org.apache.lucene.store.BufferedIndexInput,0.38,9,3,9,0,9,5,0,1,228,2
"org.apache.lucene.store._TestHelper",3,0.00,1.67,14,0.10,1978.43,3,0,2,4,2,108.35,16,22,1,1,126.22,0.00,0.00,0.00,1,3.00,2,314.30,0,0,1,java.lang.Object,0.00,1,0,5,0,1,3,0,4,78,1
"org.apache.solr.handler.admin.AdminHandlers",11,1.00,1.73,45,0.59,29091.95,12,1,9,30,14,171.47,11,76,0,1,121.47,0.00,0.00,0.09,0,20.00,9,1782.06,0,7,14,java.lang.Object,0.00,19,0,19,0,19,4,2,4,348,1
"org.apache.solr.handler.admin.AdminHandlers$StandardHandler",1,2.00,1.00,6,0.04,469.78,3,2,9,1,1,120.93,0,9,0,1,120.93,0.00,0.00,0.00,0,1.00,1,128.04,0,0,1,java.lang.Object,0.00,0,0,1,0,0,1,0,0,35,2
"org.apache.solr.handler.admin.CoreAdminHandler",21,0.28,3.38,252,3.79,218906.94,23,2,27,89,24,80.95,113,338,2,2,98.82,0.00,0.50,0.24,10,48.00,16,11373.67,0,7,23,org.apache.solr.handler.RequestHandlerBase,0.24,68,1,71,0,68,14,0,26,1976,1
"org.apache.solr.handler.admin.CoreAdminHandler$CloseHook",2,0.00,2.50,9,0.12,4196.12,2,0,27,8,1,122.17,0,13,0,1,122.17,0.00,0.00,0.00,0,2.00,4,366.60,0,0,1,java.lang.Object,0.00,6,0,5,0,6,2,0,0,82,0
"org.apache.solr.handler.admin.CoreAdminHandlerTest",3,0.00,2.33,35,0.65,23544.17,3,0,13,30,6,151.29,3,62,0,3,101.29,0.00,0.67,0.00,1,1.00,3,1938.07,2,0,6,org.apache.solr.SolrTestCaseJ4,0.00,27,2,7,0,27,3,0,3,327,1
"org.apache.solr.handler.admin.LukeRequestHandler",16,0.08,7.12,346,7.49,604548.56,23,7,37,182,35,85.42,70,435,4,2,85.18,0.00,0.50,0.07,3,68.00,18,22459.23,0,14,31,org.apache.solr.handler.RequestHandlerBase,0.36,166,1,114,0,166,2,0,45,3614,1
"org.apache.solr.handler.admin.LukeRequestHandler$TermHistogram",2,0.50,3.00,22,0.20,8886.22,4,2,37,4,1,103.18,1,21,0,1,103.18,0.00,0.00,0.75,0,0.00,4,587.93,0,1,1,java.lang.Object,0.00,2,0,6,0,2,1,0,1,131,1
"org.apache.solr.handler.admin.LukeRequestHandler$TopTermQueue",4,0.33,1.75,27,0.33,10914.98,7,3,37,14,6,164.79,4,38,0,2,114.79,0.00,0.50,0.08,0,6.00,4,987.87,3,2,6,org.apache.lucene.util.PriorityQueue,0.00,10,1,7,0,10,2,0,2,208,2
"org.apache.solr.handler.admin.LukeRequestHandler$TopTermQueue$TermInfo",1,0.00,1.00,6,0.03,215.85,3,2,37,1,1,123.59,0,8,0,1,123.59,0.00,0.00,1.00,0,0.00,1,93.10,0,0,1,java.lang.Object,0.00,0,0,1,0,0,1,0,0,28,1
"org.apache.solr.handler.admin.LukeRequestHandlerTest",9,0.00,1.56,56,0.96,32139.38,9,0,7,20,3,163.89,11,118,0,3,113.89,0.00,0.67,0.00,3,16.00,4,2881.41,5,4,3,org.apache.solr.util.AbstractSolrTestCase,0.14,11,2,14,0,11,5,0,9,552,1
"org.apache.solr.handler.admin.PluginInfoHandler",6,0.00,2.83,43,0.78,51651.85,6,0,10,28,8,158.25,11,61,1,2,108.25,0.00,0.50,0.00,0,6.00,12,2352.75,0,5,7,org.apache.solr.handler.RequestHandlerBase,0.44,22,1,17,0,22,1,0,2,417,1
"org.apache.solr.handler.admin.PropertiesRequestHandler",5,0.00,1.20,20,0.21,5939.34,5,0,6,13,6,174.29,5,35,1,2,124.29,0.00,0.50,0.00,0,5.00,2,624.68,0,4,5,org.apache.solr.handler.RequestHandlerBase,0.47,8,1,6,0,8,1,0,2,137,1
"org.apache.solr.handler.admin.ShowFileRequestHandler",9,0.06,3.00,87,1.49,102837.90,13,4,22,58,14,70.98,58,134,3,2,103.20,0.00,0.50,0.19,0,28.00,13,4461.16,1,6,12,org.apache.solr.handler.RequestHandlerBase,0.38,49,1,27,0,49,3,0,17,733,1
"org.apache.solr.handler.admin.ShowFileRequestHandlerTest",3,0.00,1.00,18,0.22,3985.32,3,0,13,17,7,137.99,9,23,0,4,117.38,0.00,0.75,0.00,0,3.00,1,672.69,3,0,7,org.apache.solr.SolrJettyTestBase,0.00,14,3,3,0,14,3,0,6,144,1
"org.apache.solr.handler.admin.ShowFileRequestHandlerTest$ResponseParser",3,0.00,1.67,10,0.12,2527.49,3,0,13,7,1,130.05,2,19,0,1,130.05,0.00,0.00,0.00,0,3.00,3,347.20,0,3,1,java.lang.Object,0.00,4,0,5,0,4,0,0,2,79,0
"org.apache.solr.handler.admin.SolrInfoMBeanHandler",6,0.00,2.67,48,0.80,48217.67,6,0,10,34,8,156.34,9,62,1,2,106.34,0.00,0.50,0.00,1,6.00,8,2407.24,0,5,7,org.apache.solr.handler.RequestHandlerBase,0.44,28,1,16,0,28,1,0,3,414,1
"org.apache.solr.handler.admin.SystemInfoHandler",12,0.18,2.25,144,2.33,124465.39,16,4,24,75,11,99.17,55,191,2,2,98.93,0.00,0.50,0.08,1,32.00,5,6995.95,0,10,9,org.apache.solr.handler.RequestHandlerBase,0.33,63,1,27,0,63,2,0,28,1276,1
"org.apache.solr.handler.admin.SystemInfoHandlerTest",1,0.00,1.00,12,0.18,5608.05,1,0,4,10,2,121.84,3,14,0,2,101.22,0.00,0.50,0.00,0,1.00,1,525.83,0,0,2,org.apache.lucene.util.LuceneTestCase,0.00,9,1,1,0,9,1,0,3,110,1
"org.apache.solr.handler.admin.ThreadDumpHandler",7,0.00,2.57,65,1.03,62003.79,7,0,9,34,6,143.99,17,89,1,2,104.10,0.00,0.50,0.00,0,7.00,7,3099.04,0,6,5,org.apache.solr.handler.RequestHandlerBase,0.42,27,1,18,0,27,1,0,8,551,1
"org.apache.solr.search.grouping.endresulttransformer.EndResultTransformer",1,0.00,1.00,3,0.03,191.35,1,0,5,1,8,144.36,17,4,4,1,135.23,0.00,0.00,0.00,0,1.00,1,84.90,0,0,4,,0.00,0,0,1,0,0,1,0,3,25,1
"org.apache.solr.search.grouping.endresulttransformer.EndResultTransformer$SolrDocumentSource",1,0.00,1.00,2,0.01,30.51,1,0,5,1,2,148.08,0,3,0,1,148.08,0.00,0.00,0.00,0,1.00,1,25.51,0,1,2,,0.00,0,0,1,0,0,0,0,0,11,1
"org.apache.solr.search.grouping.endresulttransformer.GroupedEndResultTransformer",2,1.00,7.00,52,1.00,72997.51,3,1,15,28,14,131.84,3,63,1,1,81.84,0.00,0.00,0.50,0,2.00,13,3010.46,0,0,13,java.lang.Object,0.00,26,0,14,0,26,2,1,1,473,1
"org.apache.solr.search.grouping.endresulttransformer.MainEndResultTransformer",1,0.00,7.00,19,0.31,13686.45,1,0,8,12,8,110.89,3,25,0,1,90.28,0.00,0.00,0.00,0,1.00,7,927.32,0,0,8,java.lang.Object,0.00,11,0,7,0,11,1,1,1,161,1
"org.apache.solr.search.grouping.endresulttransformer.SimpleEndResultTransformer",1,0.00,10.00,28,0.48,23548.61,1,0,10,14,10,102.68,3,35,0,1,82.06,0.00,0.00,0.00,0,1.00,10,1444.90,0,0,10,java.lang.Object,0.00,13,0,10,0,13,1,1,1,240,1
"org.apache.solr.servlet.cache.HttpCacheHeaderUtil",10,1.00,3.00,91,1.39,53339.39,11,1,18,48,9,55.80,97,148,2,1,105.80,0.00,0.00,0.10,4,18.00,4,4177.92,0,1,7,java.lang.Object,0.00,38,0,30,0,38,9,0,35,798,2
"org.apache.solr.servlet.cache.HttpCacheHeaderUtil$EtagCacheVal",2,0.33,2.00,13,0.16,4336.07,5,3,18,8,0,115.54,1,23,0,1,115.54,0.00,0.00,0.50,0,2.00,3,471.81,0,1,0,java.lang.Object,0.00,6,0,4,0,6,1,0,1,103,2
"org.apache.solr.servlet.cache.Method",1,0.00,2.00,6,0.05,769.59,1,0,1,3,2,119.09,0,10,2,1,119.09,0.00,0.00,0.00,0,1.00,2,162.51,0,1,0,java.lang.Object,0.00,2,0,2,0,2,0,0,0,40,1
