Name, No. Methods, LCOM, AVCC, NOS, HBUG, HEFF, UWCS, INST, PACK, RFC, CBO, MI, CCML, NLOC, F-IN, DIT, MINC, S-R, R-R, COH, LMC, LCOM2, MAXCC, HVOL, HIER, NQU, FOUT, Superclass, SIX, EXT, NSUP, TCC, NSUB, MPC, NCO, INTR, CCOM, HLTH, MOD
"org.apache.lucene.facet.search.aggregator.association.AssociationFloatSumAggregator",6,0.07,1.33,23,0.28,6328.98,9,3,5,14,6,149.94,22,34,2,1,129.33,0.00,0.00,0.39,0,6.00,2,848.28,0,0,4,java.lang.Object,0.00,8,0,8,0,8,6,1,2,198,1
"org.apache.lucene.facet.search.aggregator.association.AssociationIntSumAggregator",6,0.07,1.33,23,0.27,6099.99,9,3,5,13,6,150.07,22,34,2,1,129.46,0.00,0.00,0.39,0,6.00,2,817.20,0,0,4,java.lang.Object,0.00,7,0,8,0,7,6,1,2,192,1
"org.apache.solr.common.util.Base64",3,0.25,4.67,71,1.86,200994.00,5,2,0,9,3,33.37,30,95,3,1,81.85,0.00,0.00,0.33,1,5.00,8,5577.01,0,1,0,java.lang.Object,0.00,6,0,14,0,6,2,0,11,904,1
"org.apache.solr.common.util.ContentStream",6,0.00,1.00,7,0.02,93.53,6,0,3,6,58,113.50,48,8,58,1,161.61,0.00,0.00,0.00,0,6.00,1,73.02,0,6,0,,0.00,0,0,6,0,0,0,0,5,33,1
"org.apache.solr.common.util.ContentStreamBase",10,0.11,1.30,34,0.31,6551.97,15,5,12,17,37,170.85,29,54,36,1,130.96,0.00,0.00,0.10,2,50.00,3,940.86,0,6,1,java.lang.Object,0.00,7,0,13,6,7,4,1,12,228,2
"org.apache.solr.common.util.ContentStreamBase$FileStream",3,0.00,1.33,13,0.14,2306.12,4,1,12,10,1,175.75,5,21,0,2,125.75,0.00,0.50,1.00,1,0.00,2,426.79,1,2,1,org.apache.solr.common.util.ContentStreamBase,0.15,7,1,4,0,7,1,0,2,100,2
"org.apache.solr.common.util.ContentStreamBase$StringStream",3,0.50,1.33,13,0.14,2292.06,4,1,12,9,1,175.77,4,21,0,2,125.77,0.00,0.50,0.67,1,0.00,2,415.34,1,2,1,org.apache.solr.common.util.ContentStreamBase,0.15,6,1,4,0,6,1,0,1,98,2
"org.apache.solr.common.util.ContentStreamBase$URLStream",2,1.00,1.00,11,0.11,1722.53,3,1,12,8,1,121.81,0,15,0,2,121.81,0.00,0.50,0.50,0,2.00,1,333.40,0,1,1,org.apache.solr.common.util.ContentStreamBase,0.00,6,1,2,0,6,1,0,0,78,2
"org.apache.solr.common.util.ContentStreamTest",3,0.00,2.00,42,0.69,26954.15,3,0,15,37,2,146.95,4,60,0,2,96.95,0.00,0.50,0.00,0,3.00,4,2057.83,0,0,2,org.apache.lucene.util.LuceneTestCase,0.00,34,1,6,0,34,3,0,3,374,1
"org.apache.solr.common.util.DOMUtil",18,0.00,3.67,179,2.67,161306.44,18,0,5,57,19,71.76,113,231,16,1,103.98,0.00,0.00,0.00,9,18.00,14,7999.84,0,11,3,java.lang.Object,0.00,39,0,66,0,39,7,0,55,1489,1
"org.apache.solr.common.util.DOMUtilTest",2,0.00,1.00,31,0.52,20853.62,2,0,1,14,4,95.49,0,34,0,3,95.49,0.00,0.67,0.00,1,2.00,1,1553.08,1,0,4,org.apache.solr.util.DOMUtilTestBase,0.00,12,2,2,0,12,2,0,0,280,1
"org.apache.solr.common.util.DateUtil",5,0.00,5.20,94,1.47,117524.67,14,9,12,32,15,59.99,65,123,15,1,89.37,0.00,0.00,0.11,2,14.00,14,4402.32,0,5,0,java.lang.Object,0.00,27,0,26,0,27,0,0,27,798,1
"org.apache.solr.common.util.DateUtil$ThreadLocalDateFormat",2,0.00,1.00,9,0.08,1070.68,3,1,12,5,0,127.05,1,13,0,2,127.05,0.00,0.50,1.00,0,0.00,1,225.58,0,1,0,java.lang.ThreadLocal,0.00,3,1,2,0,3,1,0,1,59,2
"org.apache.solr.common.util.FastInputStream",24,0.03,1.83,101,1.24,59556.67,28,4,1,35,13,121.67,10,150,13,2,121.67,1.00,0.33,0.22,8,134.00,8,3709.02,0,3,0,java.io.InputStream,0.00,11,1,44,1,11,21,1,8,838,1
"org.apache.solr.common.util.FastOutputStream",23,0.01,1.43,102,1.18,43768.86,27,4,1,32,8,122.63,20,130,8,2,122.63,0.00,0.50,0.24,6,100.00,4,3547.19,0,1,0,java.io.OutputStream,0.00,9,1,33,0,9,22,1,13,801,1
"org.apache.solr.common.util.FastWriter",11,0.28,1.64,64,0.74,38840.22,15,4,2,17,6,166.87,11,86,6,2,116.87,1.00,0.33,0.50,2,0.00,3,2217.34,0,2,0,java.io.Writer,0.00,6,1,18,1,6,9,0,9,488,1
"org.apache.solr.common.util.FileUtils",3,0.00,5.00,34,0.46,25986.89,3,0,2,20,7,58.48,21,49,7,1,100.78,0.00,0.00,0.00,0,3.00,8,1392.62,0,1,0,java.lang.Object,0.00,17,0,15,0,17,2,0,5,266,1
"org.apache.solr.common.util.FileUtilsTest",1,0.00,1.00,6,0.12,3345.66,1,0,3,5,1,114.22,0,8,0,2,114.22,0.00,0.50,0.00,0,1.00,1,363.34,0,0,1,org.apache.lucene.util.LuceneTestCase,0.00,4,1,1,0,4,1,0,0,80,1
"org.apache.solr.common.util.Hash",4,0.00,6.25,164,2.65,608604.00,4,0,0,7,2,119.61,100,123,2,1,69.61,0.00,0.00,0.00,1,4.00,10,7951.67,0,0,0,java.lang.Object,0.00,3,0,25,0,3,4,0,29,1387,1
"org.apache.solr.common.util.IteratorChain",5,0.17,2.20,27,0.26,7860.49,8,3,3,12,2,159.46,12,37,2,1,119.57,0.00,0.00,0.47,1,1.00,4,794.87,0,0,0,java.lang.Object,0.00,7,0,11,0,7,5,1,6,189,1
"org.apache.solr.common.util.IteratorChainTest",9,0.00,1.56,51,0.60,15786.22,9,0,5,24,1,119.28,4,66,0,2,119.28,0.00,0.50,0.00,1,9.00,2,1809.19,0,2,1,org.apache.lucene.util.LuceneTestCase,0.00,15,1,14,0,15,7,0,4,395,1
"org.apache.solr.common.util.JavaBinCodec",44,0.02,3.16,487,6.56,386829.56,80,36,9,122,26,150.83,55,606,18,1,100.83,0.00,0.00,0.05,24,984.00,15,19671.92,0,12,8,java.lang.Object,0.00,78,0,139,1,78,32,0,25,3668,1
"org.apache.solr.common.util.JavaBinCodec$ObjectResolver",1,0.00,1.00,2,0.02,108.48,1,0,9,1,1,143.74,0,3,0,1,143.74,0.00,0.00,0.00,0,1.00,1,48.15,0,1,1,,0.00,0,0,1,0,0,0,0,0,16,2
"org.apache.solr.common.util.NamedList",23,0.45,1.83,115,1.34,44971.04,24,1,2,46,301,86.65,151,142,301,1,118.87,0.00,0.00,0.57,7,0.00,5,4005.43,0,6,0,java.lang.Object,0.00,23,0,42,1,23,17,3,27,891,1
"org.apache.solr.common.util.NamedList$Iterator<Map.Entry<String,T>>",3,0.50,1.00,10,0.10,1724.48,4,1,2,6,0,131.47,0,13,0,1,131.47,0.00,0.00,0.67,0,1.00,1,292.28,0,1,0,java.lang.Object,0.00,3,0,3,0,3,2,0,0,74,0
"org.apache.solr.common.util.NamedList$Iterator<Map.Entry<String,T>>$Map.Entry<String,T>",4,0.00,1.00,9,0.08,909.38,4,0,2,7,0,141.21,0,16,0,1,141.21,0.00,0.00,0.00,1,4.00,1,252.33,0,2,0,java.lang.Object,0.00,3,0,4,0,3,2,0,0,70,0
"org.apache.solr.common.util.NamedList$NamedListEntry",5,0.00,1.00,15,0.10,1595.36,7,2,2,5,0,133.48,0,21,0,1,133.48,0.00,0.00,0.50,0,1.00,1,291.68,0,1,0,java.lang.Object,0.00,0,0,5,0,0,4,1,0,82,3
"org.apache.solr.common.util.NamedListTest",1,0.00,1.00,9,0.10,2422.44,1,0,1,6,1,108.75,0,11,0,2,108.75,0.00,0.50,0.00,0,1.00,1,306.94,0,0,1,org.apache.lucene.util.LuceneTestCase,0.00,5,1,1,0,5,1,0,0,68,1
"org.apache.solr.common.util.RTimer",11,0.22,1.64,73,0.73,21149.44,19,8,3,29,5,155.89,25,90,3,1,116.00,0.00,0.00,0.33,1,11.00,4,2184.60,0,4,2,java.lang.Object,0.00,18,0,18,0,18,7,0,7,473,1
"org.apache.solr.common.util.RegexFileFilter",4,0.33,1.00,10,0.09,948.47,5,1,3,9,2,191.07,4,16,2,1,141.07,0.00,0.00,0.75,0,0.00,1,255.35,0,1,0,java.lang.Object,0.00,5,0,4,0,5,3,1,1,72,2
"org.apache.solr.common.util.SimpleOrderedMap",4,0.00,1.00,12,0.12,2643.95,4,0,1,8,82,98.77,24,18,81,2,130.99,0.00,0.50,0.00,0,6.00,1,370.25,0,1,1,org.apache.solr.common.util.NamedList,0.07,4,1,4,0,4,3,0,3,95,1
"org.apache.solr.common.util.StrUtils",10,1.00,6.80,158,2.11,135511.03,11,1,6,31,36,76.28,57,179,35,1,94.15,0.00,0.00,0.00,0,10.00,15,6333.31,0,6,1,java.lang.Object,0.00,21,0,68,0,21,4,0,16,1164,1
"org.apache.solr.common.util.SystemIdResolver",9,0.03,2.00,55,0.66,24886.31,13,4,16,32,11,154.60,26,77,10,1,114.71,0.00,0.00,0.22,2,18.00,6,1982.54,0,8,1,java.lang.Object,0.00,23,0,18,0,23,1,2,9,402,2
"org.apache.solr.common.util.SystemIdResolver$URIResolver",1,0.00,3.00,6,0.09,3457.00,1,0,16,4,1,113.85,0,9,0,1,113.85,0.00,0.00,0.00,0,1.00,3,273.00,0,1,1,java.lang.Object,0.00,3,0,3,0,3,0,0,0,57,0
"org.apache.solr.common.util.SystemIdResolver$XMLResolver",1,0.00,3.00,6,0.10,4071.25,1,0,16,4,1,113.29,0,9,0,1,113.29,0.00,0.00,0.00,0,1.00,3,295.53,0,1,1,java.lang.Object,0.00,3,0,3,0,3,0,0,0,61,0
"org.apache.solr.common.util.TestFastInputStream",3,0.00,3.00,43,0.82,56042.87,3,0,5,20,3,114.97,10,54,0,2,94.36,0.00,0.50,0.00,2,3.00,4,2453.25,0,0,3,org.apache.lucene.util.LuceneTestCase,0.00,17,1,9,0,17,3,0,5,452,1
"org.apache.solr.common.util.TestHash",3,0.00,2.33,57,0.73,40905.35,3,0,2,12,1,58.32,19,51,0,2,90.55,0.00,0.50,0.00,1,3.00,3,2186.82,0,0,1,org.apache.lucene.util.LuceneTestCase,0.00,9,1,7,0,9,3,0,6,410,1
"org.apache.solr.common.util.TestJavaBinCodec",1,0.00,2.00,13,0.14,3736.82,1,0,4,9,2,101.16,0,13,0,2,101.16,0.00,0.50,0.00,0,1.00,2,421.85,0,0,2,org.apache.lucene.util.LuceneTestCase,0.00,8,1,2,0,8,1,0,0,84,1
"org.apache.solr.common.util.TestNamedListCodec",9,0.50,1.89,165,2.45,97222.75,10,1,11,57,5,92.27,7,182,0,2,92.27,0.00,0.50,0.56,3,4.00,3,7363.65,0,4,5,org.apache.lucene.util.LuceneTestCase,0.00,48,1,17,0,48,5,0,7,1286,1
"org.apache.solr.common.util.TestSystemIdResolver",2,0.00,1.00,24,0.52,16983.72,2,0,7,19,4,139.69,5,33,0,2,99.80,0.00,0.50,0.00,1,2.00,1,1569.10,0,0,4,org.apache.lucene.util.LuceneTestCase,0.00,17,1,2,0,17,2,0,5,277,1
"org.apache.solr.common.util.TestXMLEscaping",8,0.00,1.00,20,0.17,2445.09,8,0,4,12,1,140.20,6,29,0,2,140.20,0.00,0.50,0.00,1,8.00,1,513.43,0,0,1,org.apache.lucene.util.LuceneTestCase,0.00,4,1,8,0,4,8,0,4,135,1
"org.apache.solr.common.util.XML",9,0.38,2.44,113,1.52,87703.49,11,2,3,14,9,81.26,45,125,9,1,99.13,0.00,0.00,0.17,3,26.00,4,4559.83,0,0,0,java.lang.Object,0.00,5,0,22,0,5,9,0,12,883,1
"org.apache.solr.common.util.XMLErrorLogger",8,0.71,1.12,21,0.30,5584.63,9,1,8,21,11,137.35,3,32,11,1,137.35,0.00,0.00,0.38,0,14.00,2,911.38,0,0,0,java.lang.Object,0.00,13,0,9,0,13,8,3,3,214,2
"org.apache.lucene.index.codecs.pulsing.Pulsing40PostingsFormat",3,0.00,1.00,7,0.06,560.97,3,0,2,4,7,181.77,6,11,4,3,141.88,0.00,0.67,0.00,0,3.00,1,169.34,0,0,3,org.apache.lucene.index.codecs.pulsing.PulsingPostingsFormat,0.00,1,2,3,0,1,3,0,4,50,1
"org.apache.lucene.index.codecs.pulsing.PulsingPostingsFormat",7,0.12,1.29,41,0.50,13419.27,11,4,14,17,15,169.02,10,64,1,2,119.02,1.00,0.33,0.36,0,8.00,2,1509.57,1,3,14,org.apache.lucene.index.codecs.PostingsFormat,0.13,10,1,9,1,10,4,0,5,323,2
"org.apache.lucene.index.codecs.pulsing.PulsingPostingsReader",10,0.06,2.90,105,1.47,85732.44,12,2,19,37,20,102.72,48,140,4,2,102.48,0.00,0.50,0.45,2,0.00,8,4424.69,0,5,16,org.apache.lucene.index.codecs.PostingsReaderBase,0.24,27,1,29,0,27,5,0,31,846,1
"org.apache.lucene.index.codecs.pulsing.PulsingPostingsReader$PulsingDocsAndPositionsEnum",11,0.20,2.45,90,0.89,37646.11,22,11,19,23,6,159.27,16,125,0,4,109.27,0.00,0.75,0.27,2,2.00,5,2684.09,0,2,6,org.apache.lucene.index.DocsAndPositionsEnum,1.17,12,3,27,0,12,9,0,16,554,2
"org.apache.lucene.index.codecs.pulsing.PulsingPostingsReader$PulsingDocsEnum",7,0.25,3.14,68,0.71,43161.77,15,8,19,15,5,155.30,12,88,0,3,105.30,0.00,0.67,0.34,0,0.00,12,2144.41,0,1,5,org.apache.lucene.index.DocsEnum,0.80,8,2,22,0,8,6,0,12,429,2
"org.apache.lucene.index.codecs.pulsing.PulsingPostingsReader$PulsingEnumAttribute",1,0.00,1.00,2,0.02,120.45,1,0,19,1,0,143.38,0,3,0,2,143.38,0.00,0.50,0.00,0,1.00,1,48.18,0,1,0,,0.00,0,1,1,0,0,0,0,0,16,2
"org.apache.lucene.index.codecs.pulsing.PulsingPostingsReader$PulsingEnumAttributeImpl",3,1.00,1.00,6,0.07,1410.15,4,1,19,4,3,159.34,11,13,0,2,138.73,0.00,0.50,0.33,0,4.00,1,220.54,0,1,3,org.apache.lucene.util.AttributeImpl,0.25,1,1,3,0,1,2,1,11,58,3
"org.apache.lucene.index.codecs.pulsing.PulsingPostingsReader$PulsingTermState",3,0.50,2.33,31,0.36,15541.65,8,5,19,7,4,154.25,5,43,0,4,104.25,0.00,0.75,0.53,0,0.00,3,1090.38,3,2,4,org.apache.lucene.index.codecs.BlockTermState,0.80,4,3,7,0,4,1,0,5,226,2
"org.apache.lucene.index.codecs.pulsing.PulsingPostingsWriter",11,0.25,5.73,208,3.10,325777.04,24,13,11,40,11,70.69,61,237,4,3,88.56,0.00,0.67,0.31,1,0.00,18,9286.65,0,0,7,org.apache.lucene.index.codecs.PostingsWriterBase,0.71,29,2,63,0,29,11,0,51,1609,2
"org.apache.lucene.index.codecs.pulsing.PulsingPostingsWriter$PendingTerm",1,1.00,1.00,4,0.03,375.63,2,1,11,1,0,128.27,0,6,0,1,128.27,0.00,0.00,0.00,0,1.00,1,84.84,0,0,0,java.lang.Object,0.00,0,0,1,0,0,1,0,0,25,2
"org.apache.lucene.index.codecs.pulsing.PulsingPostingsWriter$Position",0,0.00,0.00,5,0.03,328.28,4,4,11,0,1,171.00,1,6,0,1,171.00,0.00,0.00,0.00,0,0.00,0,85.11,0,0,1,java.lang.Object,0.00,0,0,0,0,0,0,0,1,23,3
"org.apache.lucene.index.codecs.pulsing.Test10KPulsings",2,0.00,6.50,90,1.44,67720.61,2,0,24,37,17,41.01,13,81,0,2,73.23,0.00,0.50,0.00,0,2.00,7,4326.69,0,0,17,org.apache.lucene.util.LuceneTestCase,0.00,35,1,13,0,35,2,0,7,651,1
"org.apache.lucene.index.codecs.pulsing.TestPulsingReuse",2,0.00,3.00,56,0.96,35914.93,2,0,18,31,16,65.39,11,65,0,2,83.26,0.00,0.50,0.00,0,2.00,3,2885.03,0,0,16,org.apache.lucene.util.LuceneTestCase,0.00,29,1,6,0,29,2,0,9,471,1
"org.apache.lucene.analysis.ngram.EdgeNGramTokenFilter",0,0.00,0.00,5,0.06,1257.86,3,3,5,0,6,171.00,7,5,2,4,171.00,0.00,0.75,0.00,0,0.00,0,174.17,0,0,4,org.apache.lucene.analysis.TokenFilter,0.00,0,3,0,0,0,0,0,2,41,2
"org.apache.lucene.analysis.ngram.EdgeNGramTokenFilter$Side",4,0.19,3.75,59,0.77,96471.42,13,9,5,18,2,75.56,22,81,0,1,93.43,0.00,0.00,0.25,0,6.00,12,2324.66,1,4,2,java.lang.Object,0.00,14,0,15,0,14,0,0,8,385,2
"org.apache.lucene.analysis.ngram.EdgeNGramTokenFilterTest",11,0.10,1.27,62,0.82,16954.63,12,1,5,17,5,119.77,3,67,0,3,119.77,0.00,0.67,0.91,0,0.00,2,2461.18,2,0,5,org.apache.lucene.analysis.BaseTokenStreamTestCase,0.00,6,2,14,0,6,11,0,1,523,1
"org.apache.lucene.analysis.ngram.EdgeNGramTokenizer",0,0.00,0.00,7,0.10,2749.76,5,5,6,0,6,171.00,8,7,2,4,171.00,0.00,0.75,0.00,0,0.00,0,305.53,0,0,4,org.apache.lucene.analysis.Tokenizer,0.00,0,3,0,0,0,0,0,2,65,2
"org.apache.lucene.analysis.ngram.EdgeNGramTokenizer$Side",4,0.14,3.25,74,1.07,168839.31,11,7,6,19,0,77.12,62,102,0,1,87.48,0.00,0.00,0.25,0,6.00,10,3212.47,1,4,0,java.lang.Object,0.00,15,0,13,0,15,0,0,16,522,2
"org.apache.lucene.analysis.ngram.EdgeNGramTokenizerTest",10,0.00,1.30,61,0.71,14530.54,11,1,2,14,2,167.01,10,61,0,3,117.01,0.00,0.67,1.00,0,0.00,2,2115.35,2,0,2,org.apache.lucene.analysis.BaseTokenStreamTestCase,0.00,4,2,13,0,4,10,0,8,453,1
"org.apache.lucene.analysis.ngram.NGramTokenFilter",4,0.21,2.75,45,0.47,18200.97,15,11,5,13,6,103.35,16,59,2,4,103.11,0.00,0.75,0.25,0,6.00,6,1401.85,1,0,4,org.apache.lucene.analysis.TokenFilter,0.50,9,3,11,0,9,4,0,6,283,2
"org.apache.lucene.analysis.ngram.NGramTokenFilterTest",9,0.12,1.22,51,0.73,15315.85,10,1,5,15,5,119.44,3,58,0,3,119.44,0.00,0.67,0.89,0,0.00,2,2176.97,2,0,5,org.apache.lucene.analysis.BaseTokenStreamTestCase,0.00,6,2,11,0,6,9,0,1,456,1
"org.apache.lucene.analysis.ngram.NGramTokenizer",9,0.06,1.67,58,0.63,18824.72,20,11,6,18,6,136.32,34,78,2,4,115.71,0.00,0.75,0.14,2,29.00,5,1893.03,2,0,4,org.apache.lucene.analysis.Tokenizer,0.46,9,3,15,0,9,9,0,12,401,2
"org.apache.lucene.analysis.ngram.NGramTokenizerTest",8,0.00,1.25,49,0.62,13236.36,9,1,2,12,2,166.58,9,53,0,3,116.58,0.00,0.67,1.00,0,0.00,2,1846.74,2,0,2,org.apache.lucene.analysis.BaseTokenStreamTestCase,0.00,4,2,10,0,4,8,0,7,390,1
"org.apache.lucene.queryparser.flexible.precedence.processors.BooleanModifiersQueryNodeProcessor",6,2.00,2.17,38,0.51,26943.37,8,2,10,16,7,152.92,17,56,1,2,113.03,0.00,0.50,0.00,1,6.00,5,1526.84,2,5,6,org.apache.lucene.queryparser.flexible.core.processors.QueryNodeProcessorImpl,0.00,10,1,13,0,10,1,0,3,318,1
"org.apache.lucene.queryparser.flexible.precedence.processors.PrecedenceQueryNodeProcessorPipeline",1,0.00,3.00,10,0.09,2155.87,1,0,4,4,5,116.32,17,11,1,3,107.19,0.00,0.67,0.00,0,1.00,3,260.68,3,0,5,org.apache.lucene.queryparser.flexible.standard.processors.StandardQueryNodeProcessorPipeline,0.00,3,2,3,0,3,1,0,2,57,1
"org.apache.solr.search.function.distance.DistanceFunctionTest",4,0.00,1.25,77,2.31,175277.59,4,0,6,10,4,54.47,24,145,0,3,86.70,0.00,0.67,0.00,0,4.00,2,6939.62,10,0,4,org.apache.solr.SolrTestCaseJ4,0.00,6,2,5,0,6,4,0,21,1112,1
"org.apache.solr.search.function.distance.GeohashFunction",6,0.20,1.67,28,0.32,9263.01,8,2,6,14,5,173.31,8,39,2,2,123.31,0.00,0.50,0.67,1,0.00,5,950.46,0,3,3,org.apache.lucene.queries.function.ValueSource,0.29,8,1,10,0,8,3,0,1,224,1
"org.apache.solr.search.function.distance.GeohashFunction$DocValues",2,0.00,1.00,9,0.13,3237.19,2,0,6,12,1,123.27,0,13,0,1,123.27,0.00,0.00,0.00,0,2.00,1,394.73,0,2,1,java.lang.Object,0.00,10,0,2,0,10,0,0,0,92,0
"org.apache.solr.search.function.distance.GeohashHaversineFunction",8,0.24,1.38,45,0.68,25333.62,11,3,9,27,9,167.29,12,64,3,2,117.29,0.00,0.50,0.54,1,0.00,3,2038.53,0,3,6,org.apache.lucene.queries.function.ValueSource,0.25,19,1,11,0,19,5,0,3,436,1
"org.apache.solr.search.function.distance.GeohashHaversineFunction$DoubleDocValues",2,0.00,1.00,9,0.12,2964.58,2,0,9,10,0,123.57,0,13,0,1,123.57,0.00,0.00,0.00,0,2.00,1,356.80,0,1,0,java.lang.Object,0.00,8,0,2,0,8,1,0,0,84,0
"org.apache.solr.search.function.distance.HaversineConstFunction",11,0.00,1.73,71,1.13,41370.17,18,7,21,35,17,113.69,7,96,2,2,113.69,0.00,0.50,0.14,2,40.00,3,3386.79,0,6,15,org.apache.lucene.queries.function.ValueSource,0.21,24,1,19,0,24,5,0,5,697,1
"org.apache.solr.search.function.distance.HaversineConstFunction$DoubleDocValues",2,0.00,1.00,12,0.26,8346.57,2,0,21,11,1,113.46,0,17,0,1,113.46,0.00,0.00,0.00,0,2.00,1,780.32,0,1,1,java.lang.Object,0.00,9,0,2,0,9,1,0,0,158,0
"org.apache.solr.search.function.distance.HaversineConstFunction$ValueSourceParser",1,0.00,17.00,53,0.83,137323.71,1,0,21,8,8,17.47,8,66,0,1,65.57,0.00,0.00,0.00,0,1.00,17,2484.95,0,1,8,java.lang.Object,0.00,7,0,17,0,7,0,0,8,420,0
"org.apache.solr.search.function.distance.HaversineFunction",9,0.16,1.33,62,0.79,30629.59,13,4,10,27,10,164.09,16,81,3,2,114.09,0.00,0.50,0.39,1,3.00,2,2360.01,0,3,7,org.apache.lucene.queries.function.ValueSource,0.24,18,1,12,0,18,6,0,2,509,1
"org.apache.solr.search.function.distance.HaversineFunction$DoubleDocValues",2,0.00,1.00,9,0.12,2964.58,2,0,10,10,0,123.57,0,13,0,1,123.57,0.00,0.00,0.00,0,2.00,1,356.80,0,1,0,java.lang.Object,0.00,8,0,2,0,8,1,0,0,84,0
"org.apache.solr.search.function.distance.SquaredEuclideanFunction",5,0.50,1.80,23,0.27,8425.84,6,1,3,10,6,173.00,8,33,2,3,123.00,0.00,0.67,0.60,0,5.00,5,818.89,2,1,4,org.apache.solr.search.function.distance.VectorDistanceFunction,0.29,5,2,9,0,5,4,0,3,191,1
"org.apache.solr.search.function.distance.StringDistanceFunction",5,0.58,2.00,30,0.39,11990.52,8,3,7,17,6,165.20,9,40,2,2,115.20,0.00,0.50,0.80,0,0.00,6,1163.47,0,2,4,org.apache.lucene.queries.function.ValueSource,0.31,12,1,10,0,12,3,0,2,264,1
"org.apache.solr.search.function.distance.StringDistanceFunction$FloatDocValues",2,0.00,1.00,9,0.16,3747.71,2,0,7,11,0,122.77,0,14,0,1,122.77,0.00,0.00,0.00,0,0.00,1,474.50,0,1,0,java.lang.Object,0.00,9,0,2,0,9,1,0,0,106,0
"org.apache.solr.search.function.distance.VectorDistanceFunction",8,0.29,1.75,46,0.60,17877.20,12,4,10,23,10,158.31,22,61,3,2,118.42,1.00,0.33,0.50,1,0.00,6,1790.05,0,3,7,org.apache.lucene.queries.function.ValueSource,0.25,15,1,14,1,15,5,0,3,398,1
"org.apache.solr.search.function.distance.VectorDistanceFunction$DoubleDocValues",2,0.00,1.00,11,0.15,3738.33,2,0,10,10,0,119.16,0,15,0,1,119.16,0.00,0.00,0.00,0,2.00,1,442.46,0,1,0,java.lang.Object,0.00,8,0,2,0,8,1,0,0,99,0
"org.apache.lucene.util.fst.Builder",15,0.12,3.27,230,3.54,394970.29,26,11,6,52,13,47.92,172,263,8,1,92.05,0.00,0.00,0.20,5,0.00,11,10609.51,0,0,7,java.lang.Object,0.00,37,0,49,0,37,15,0,83,1842,1
"org.apache.lucene.util.fst.Builder$Arc",0,0.00,0.00,6,0.04,566.52,5,5,6,0,0,171.00,1,7,0,1,171.00,0.00,0.00,0.00,0,0.00,0,134.89,0,0,0,java.lang.Object,0.00,0,0,0,0,0,0,0,1,33,2
"org.apache.lucene.util.fst.Builder$CompiledNode",1,1.00,1.00,4,0.02,179.59,2,1,6,1,0,130.79,0,6,0,1,130.79,0.00,0.00,0.00,0,1.00,1,63.86,0,0,0,java.lang.Object,0.00,0,0,1,0,0,1,1,0,20,2
"org.apache.lucene.util.fst.Builder$FreezeTail",1,0.00,1.00,2,0.04,463.05,1,0,6,1,1,138.78,0,3,0,1,138.78,0.00,0.00,0.00,0,1.00,1,109.24,0,0,1,java.lang.Object,0.00,0,0,1,0,0,1,0,0,28,3
"org.apache.lucene.util.fst.Builder$Node",1,0.00,1.00,2,0.01,23.00,1,0,6,1,0,149.05,0,3,0,1,149.05,0.00,0.00,0.00,0,1.00,1,18.00,0,0,0,,0.00,0,0,1,0,0,1,0,0,9,1
"org.apache.lucene.util.fst.Builder$UnCompiledNode",9,0.27,1.44,72,0.96,46036.48,16,7,6,14,3,158.02,15,81,0,1,108.02,0.00,0.00,0.38,0,0.00,3,2876.99,0,0,3,java.lang.Object,0.00,5,0,13,0,5,9,1,10,576,3
"org.apache.lucene.util.fst.ByteSequenceOutputs",9,0.50,2.11,67,0.84,72840.92,10,1,4,18,10,158.53,10,90,6,2,108.53,0.00,0.50,0.56,0,4.00,6,2524.94,0,7,4,org.apache.lucene.util.fst.Outputs,0.12,9,1,19,0,9,2,0,6,526,2
"org.apache.lucene.util.fst.BytesRefFSTEnum",11,0.07,1.27,50,0.52,12612.86,14,3,2,14,9,174.39,15,69,6,2,124.39,0.00,0.50,0.27,1,5.00,2,1551.58,4,6,3,org.apache.lucene.util.fst.FSTEnum,0.32,3,1,14,0,3,5,0,7,352,2
"org.apache.lucene.util.fst.BytesRefFSTEnum$InputOutput",0,0.00,0.00,3,0.02,271.02,2,2,2,0,1,171.00,0,4,0,1,171.00,0.00,0.00,0.00,0,0.00,0,64.53,0,0,1,java.lang.Object,0.00,0,0,0,0,0,0,0,0,18,2
"org.apache.lucene.util.fst.FST",30,0.08,3.73,459,6.33,541675.63,63,33,6,62,31,75.43,167,567,26,1,93.31,0.00,0.00,0.11,13,346.00,20,18999.67,0,8,6,java.lang.Object,0.00,32,0,112,0,32,22,0,119,3297,1
"org.apache.lucene.util.fst.FST$Arc",4,0.23,1.25,32,0.26,8672.61,14,10,6,5,1,110.99,2,38,0,1,110.99,0.00,0.00,0.28,1,8.00,2,783.38,0,1,1,java.lang.Object,0.00,1,0,5,0,1,3,0,2,178,3
"org.apache.lucene.util.fst.FST$BytesReader",3,0.50,1.33,12,0.10,2440.91,4,1,6,3,1,125.56,0,16,0,2,125.56,0.00,0.50,0.67,0,1.00,2,309.94,0,0,1,org.apache.lucene.store.DataInput,0.29,0,1,4,0,0,3,0,0,77,1
"org.apache.lucene.util.fst.FST$BytesWriter",3,0.00,1.33,14,0.17,5906.03,4,1,6,5,2,122.53,2,21,0,2,122.53,0.00,0.50,1.00,0,0.00,2,507.96,0,0,2,org.apache.lucene.store.DataOutput,0.29,2,1,4,0,2,3,0,2,114,0
"org.apache.lucene.util.fst.FST$INPUT_TYPE",0,0.00,0.00,2,0.01,71.32,0,0,6,0,0,171.00,0,1,0,1,171.00,0.00,0.00,0.00,0,0.00,0,28.53,0,0,0,java.lang.Object,0.00,0,0,0,0,0,0,0,0,9,2
"org.apache.lucene.util.fst.FSTEnum",14,0.15,5.14,257,3.68,563727.36,21,7,3,29,5,39.43,123,325,2,1,87.54,0.00,0.00,0.29,9,0.00,23,11031.15,0,1,3,java.lang.Object,0.00,15,0,72,2,15,13,0,117,1898,1
"org.apache.lucene.util.fst.IntSequenceOutputs",9,0.50,2.33,75,0.90,78990.79,10,1,4,16,6,156.06,10,94,2,2,106.07,0.00,0.50,0.56,0,4.00,6,2708.72,0,7,4,org.apache.lucene.util.fst.Outputs,0.12,7,1,21,0,7,2,0,6,557,2
"org.apache.lucene.util.fst.IntsRefFSTEnum",11,0.07,1.27,50,0.51,12272.74,14,3,2,14,4,174.49,15,69,1,2,124.49,0.00,0.50,0.27,1,5.00,2,1517.15,4,6,3,org.apache.lucene.util.fst.FSTEnum,0.32,3,1,14,0,3,5,0,7,346,2
"org.apache.lucene.util.fst.IntsRefFSTEnum$InputOutput",0,0.00,0.00,3,0.02,271.02,2,2,2,0,1,171.00,0,4,0,1,171.00,0.00,0.00,0.00,0,0.00,0,64.53,0,0,1,java.lang.Object,0.00,0,0,0,0,0,0,0,0,18,2
"org.apache.lucene.util.fst.NoOutputs",9,1.00,1.00,26,0.22,5136.84,10,1,2,11,9,138.06,8,44,6,2,138.06,0.00,0.50,0.11,0,16.00,1,650.13,0,7,3,org.apache.lucene.util.fst.Outputs,0.12,2,1,9,0,2,2,0,4,173,2
"org.apache.lucene.util.fst.NoOutputs$Object",2,0.00,1.00,5,0.03,408.06,2,0,2,2,0,191.58,2,9,0,1,141.58,0.00,0.00,0.00,0,2.00,1,100.05,0,0,0,java.lang.Object,0.00,0,0,2,0,0,2,0,2,30,0
"org.apache.lucene.util.fst.NodeHash",8,0.20,3.25,98,1.36,83125.94,13,5,1,21,2,138.73,18,119,1,1,98.84,0.00,0.00,0.38,4,10.00,6,4090.70,0,0,2,java.lang.Object,0.00,13,0,26,0,13,8,0,18,765,1
"org.apache.lucene.util.fst.Outputs",8,0.00,1.00,10,0.09,815.03,8,0,3,9,14,195.07,16,12,12,1,155.19,0.00,0.00,0.00,0,8.00,1,278.18,0,1,2,java.lang.Object,0.00,1,0,8,6,1,7,0,9,88,2
"org.apache.lucene.util.fst.PairOutputs",9,0.33,1.11,31,0.61,18474.93,12,3,3,17,7,127.09,5,52,4,2,127.09,0.00,0.50,0.63,1,0.00,2,1833.85,0,7,3,org.apache.lucene.util.fst.Outputs,0.12,8,1,10,0,8,2,0,1,417,1
"org.apache.lucene.util.fst.PairOutputs$Pair",3,0.25,1.67,16,0.17,4686.71,5,2,3,7,0,119.66,0,23,0,1,119.66,0.00,0.00,0.67,0,1.00,3,503.96,0,0,0,java.lang.Object,0.00,4,0,5,0,4,3,0,0,120,2
"org.apache.lucene.util.fst.PositiveIntOutputs",11,0.02,1.91,64,0.57,20348.42,15,4,3,19,9,119.05,8,88,6,2,119.05,0.00,0.50,0.23,1,0.00,4,1702.40,0,8,3,org.apache.lucene.util.fst.Outputs,0.11,8,1,21,0,8,3,0,1,397,2
"org.apache.lucene.util.fst.UpToTwoPositiveIntOutputs",14,0.08,2.07,102,1.07,48538.82,18,4,3,23,6,161.43,16,134,3,2,111.43,0.00,0.50,0.18,1,26.00,4,3204.54,0,10,3,org.apache.lucene.util.fst.Outputs,0.09,9,1,29,0,9,4,0,4,690,2
"org.apache.lucene.util.fst.UpToTwoPositiveIntOutputs$TwoLongs",4,0.33,1.25,18,0.18,5052.04,6,2,3,4,0,124.07,0,27,0,1,124.07,0.00,0.00,0.75,0,0.00,2,549.34,0,1,0,java.lang.Object,0.00,0,0,5,0,0,3,0,0,138,3
"org.apache.lucene.util.fst.UseNoMemoryExpensiveCodec",10,0.67,4.10,216,4.17,717752.76,11,1,40,56,35,133.11,19,230,0,2,83.11,0.00,0.50,0.40,3,18.00,15,12504.03,2,6,35,org.apache.lucene.util.LuceneTestCase,0.00,46,1,41,0,46,4,0,19,2038,1
"org.apache.lucene.util.fst.UseNoMemoryExpensiveCodec$FSTTester",26,0.04,8.04,831,15.75,2212928.82,31,5,40,223,35,76.30,120,980,0,1,76.07,0.00,0.00,0.16,10,98.00,50,47253.73,0,5,35,java.lang.Object,0.00,197,0,209,0,197,21,0,99,7232,2
"org.apache.lucene.util.fst.UseNoMemoryExpensiveCodec$FSTTester$CountMinOutput",0,0.00,0.00,6,0.04,672.19,5,5,40,0,0,171.00,0,7,0,1,171.00,0.00,0.00,0.00,0,0.00,0,129.27,0,0,0,java.lang.Object,0.00,0,0,0,0,0,0,0,0,31,2
"org.apache.lucene.util.fst.UseNoMemoryExpensiveCodec$FSTTester$InputOutput",2,0.50,1.50,11,0.11,2823.58,4,2,40,4,1,120.03,0,15,0,1,120.03,0.00,0.00,0.25,0,2.00,2,326.32,0,0,1,java.lang.Object,0.00,2,0,3,0,2,2,1,0,81,2
"org.apache.lucene.util.fst.UseNoMemoryExpensiveCodec$FSTTester$SyntheticData",3,0.00,3.67,39,0.59,34670.86,3,0,40,22,4,97.15,0,51,0,1,97.15,0.00,0.00,0.00,2,3.00,4,1779.88,0,1,4,java.lang.Object,0.00,19,0,11,0,19,2,0,0,330,0
"org.apache.lucene.util.fst.UseNoMemoryExpensiveCodec$FSTTester$VisitTerms",3,0.30,6.00,73,1.43,127767.81,8,5,40,35,9,82.65,0,95,0,1,82.65,0.00,0.00,0.40,1,1.00,15,4288.89,0,0,9,java.lang.Object,0.00,32,0,18,0,32,3,0,0,657,3
"org.apache.lucene.util.fst.UseNoMemoryExpensiveCodec$FSTTester$VisitTerms<Long>",1,0.00,1.00,3,0.04,432.66,1,0,40,1,1,132.44,0,5,0,1,132.44,0.00,0.00,0.00,0,0.00,1,119.02,0,1,1,java.lang.Object,0.00,0,0,1,0,0,0,0,0,31,0
"org.apache.lucene.util.fst.UseNoMemoryExpensiveCodec$FSTTester$VisitTerms<Long>_0",1,0.00,2.00,6,0.08,1381.30,2,1,40,3,1,117.08,0,9,0,1,117.08,0.00,0.00,1.00,0,0.00,2,249.10,0,1,1,java.lang.Object,0.00,2,0,2,0,2,0,0,0,55,0
"org.apache.lucene.util.fst.UseNoMemoryExpensiveCodec$FSTTester$VisitTerms<Object>",1,0.00,1.00,3,0.03,300.30,1,0,40,1,1,133.69,0,5,0,1,133.69,0.00,0.00,0.00,0,1.00,1,100.13,0,1,1,java.lang.Object,0.00,0,0,1,0,0,0,0,0,27,0
"org.apache.lucene.util.fst.UseNoMemoryExpensiveCodec$FSTTester$VisitTerms<PairOutputs.Pair<Long,Long>>",1,0.00,2.00,6,0.13,3218.80,2,1,40,6,1,114.19,0,10,0,1,114.19,0.00,0.00,1.00,0,0.00,2,388.48,0,1,1,java.lang.Object,0.00,5,0,2,0,5,0,0,0,81,0
"org.apache.lucene.util.fst.Util",8,0.00,6.50,172,3.22,375580.89,8,0,4,41,6,40.33,91,212,3,1,84.46,0.00,0.00,0.00,1,8.00,21,9653.30,0,1,3,java.lang.Object,0.00,33,0,52,0,33,7,0,39,1563,2
"org.tartarus.snowball.ext.ArmenianStemmer",10,0.01,4.20,169,5.77,487084.62,19,9,2,14,4,70.97,53,433,2,2,88.84,0.00,0.50,0.12,0,0.00,13,17300.49,3,0,2,org.tartarus.snowball.SnowballProgram,0.05,4,1,42,0,4,10,0,50,2433,1
"org.tartarus.snowball.ext.BasqueStemmer",11,0.02,7.00,266,13.14,1257720.61,20,9,2,15,4,31.13,92,817,2,2,79.24,0.00,0.50,0.13,0,0.00,29,39416.71,4,0,2,org.tartarus.snowball.SnowballProgram,0.05,4,1,77,0,4,11,0,89,4854,1
"org.tartarus.snowball.ext.CatalanStemmer",12,0.00,6.58,250,17.15,1669477.07,22,10,2,16,4,33.43,106,931,2,2,81.53,0.00,0.50,0.10,0,0.00,20,51446.87,5,0,2,org.tartarus.snowball.SnowballProgram,0.05,4,1,79,0,4,12,0,103,5985,1
"org.tartarus.snowball.ext.DanishStemmer",7,0.19,5.86,210,2.56,165289.80,15,8,2,9,4,36.93,78,324,2,2,81.06,0.00,0.50,0.29,0,0.00,10,7686.56,9,0,2,org.tartarus.snowball.SnowballProgram,0.06,2,1,41,0,2,7,0,76,1361,1
"org.tartarus.snowball.ext.DutchStemmer",11,0.09,11.64,418,4.40,353945.64,23,12,2,12,4,65.65,167,642,2,2,76.01,0.00,0.50,0.17,0,0.00,60,13195.53,9,0,2,org.tartarus.snowball.SnowballProgram,0.05,1,1,128,0,1,11,0,165,2269,1
"org.tartarus.snowball.ext.EnglishStemmer",17,0.04,10.00,627,7.91,556638.64,34,17,2,18,4,66.50,259,1016,2,2,76.86,0.00,0.50,0.10,0,0.00,22,23715.70,12,0,2,org.tartarus.snowball.SnowballProgram,0.04,1,1,170,0,1,17,0,257,3876,1
"org.tartarus.snowball.ext.FinnishStemmer",13,0.10,9.23,517,6.70,564261.62,31,18,2,15,4,54.48,187,811,2,2,74.62,0.00,0.50,0.15,0,0.00,29,20088.70,10,0,2,org.tartarus.snowball.SnowballProgram,0.05,2,1,120,0,2,13,0,185,3321,1
"org.tartarus.snowball.ext.FrenchStemmer",14,0.07,12.64,731,10.02,869486.27,28,14,2,15,4,107.96,304,1164,2,2,68.66,0.00,0.50,0.14,0,0.00,71,30071.60,11,0,2,org.tartarus.snowball.SnowballProgram,0.05,1,1,177,0,1,14,0,302,4646,1
"org.tartarus.snowball.ext.German2Stemmer",8,0.12,12.12,368,3.98,369747.66,20,12,2,9,4,80.80,139,562,2,2,71.67,0.00,0.50,0.19,0,0.00,36,11938.45,8,0,2,org.tartarus.snowball.SnowballProgram,0.05,1,1,97,0,1,8,0,137,2028,1
"org.tartarus.snowball.ext.GermanStemmer",8,0.12,10.75,357,3.70,328881.14,19,11,2,9,3,72.34,131,533,1,2,72.82,0.00,0.50,0.19,0,0.00,36,11103.93,8,0,2,org.tartarus.snowball.SnowballProgram,0.05,1,1,86,0,1,8,0,129,1917,1
"org.tartarus.snowball.ext.HungarianStemmer",16,0.00,9.62,453,8.12,593316.73,30,14,2,17,4,80.04,258,862,2,2,80.52,0.00,0.50,0.07,0,0.00,33,24351.30,6,0,2,org.tartarus.snowball.SnowballProgram,0.04,1,1,154,0,1,16,0,256,3696,1
"org.tartarus.snowball.ext.ItalianStemmer",12,0.06,11.00,522,9.35,896658.40,26,14,2,13,4,70.67,200,949,2,2,71.14,0.00,0.50,0.13,0,0.00,36,28060.51,9,0,2,org.tartarus.snowball.SnowballProgram,0.05,1,1,132,0,1,12,0,198,4211,1
"org.tartarus.snowball.ext.KpStemmer",18,0.06,19.00,1069,11.33,855356.90,37,19,2,20,3,115.26,502,1644,1,2,67.44,0.00,0.50,0.11,0,0.00,63,33994.26,10,0,2,org.tartarus.snowball.SnowballProgram,0.04,2,1,342,0,2,18,0,500,5574,1
"org.tartarus.snowball.ext.LovinsStemmer",34,0.23,5.29,817,15.90,1020296.10,38,4,2,35,3,35.77,294,1567,1,2,83.87,0.00,0.50,0.03,0,0.00,53,47714.39,5,0,2,org.tartarus.snowball.SnowballProgram,0.03,1,1,180,0,1,34,0,292,6934,1
"org.tartarus.snowball.ext.NorwegianStemmer",6,0.20,6.00,173,2.25,143216.45,13,7,2,7,4,33.65,61,277,2,2,82.13,0.00,0.50,0.31,0,0.00,12,6745.61,8,0,2,org.tartarus.snowball.SnowballProgram,0.06,1,1,36,0,1,6,0,59,1181,1
"org.tartarus.snowball.ext.PorterStemmer",13,0.05,8.85,439,5.26,381393.29,24,11,2,14,3,49.29,177,700,1,2,78.67,0.00,0.50,0.14,0,0.00,32,15768.85,10,0,2,org.tartarus.snowball.SnowballProgram,0.05,1,1,115,0,1,13,0,175,2603,1
"org.tartarus.snowball.ext.PortugueseStemmer",12,0.06,10.83,489,8.73,802187.19,25,13,2,13,4,62.34,186,900,2,2,72.70,0.00,0.50,0.13,0,0.00,39,26191.06,6,0,2,org.tartarus.snowball.SnowballProgram,0.05,1,1,130,0,1,12,0,184,3932,1
"org.tartarus.snowball.ext.RomanianStemmer",13,0.08,8.62,433,9.11,800267.28,24,11,2,14,4,32.02,151,845,2,2,76.15,0.00,0.50,0.16,0,0.00,29,27316.66,8,0,2,org.tartarus.snowball.SnowballProgram,0.05,1,1,112,0,1,13,0,149,3974,1
"org.tartarus.snowball.ext.RussianStemmer",12,0.02,6.92,315,5.50,437513.95,23,11,2,13,4,31.85,117,580,2,2,81.85,0.00,0.50,0.11,0,0.00,13,16491.41,5,0,2,org.tartarus.snowball.SnowballProgram,0.05,1,1,83,0,1,12,0,115,2611,1
"org.tartarus.snowball.ext.SpanishStemmer",12,0.06,11.58,511,9.27,892823.92,26,14,2,13,4,80.65,208,943,2,2,71.52,0.00,0.50,0.13,0,0.00,40,27801.19,7,0,2,org.tartarus.snowball.SnowballProgram,0.05,1,1,139,0,1,12,0,206,4174,1
"org.tartarus.snowball.ext.SwedishStemmer",6,0.17,5.50,164,2.31,153417.02,13,7,2,7,4,32.51,57,272,2,2,82.51,0.00,0.50,0.29,0,0.00,9,6925.29,6,0,2,org.tartarus.snowball.SnowballProgram,0.06,1,1,33,0,1,6,0,55,1204,1
"org.tartarus.snowball.ext.TurkishStemmer",42,0.00,7.45,1650,18.57,1772265.60,76,34,2,43,4,64.41,656,2392,2,2,74.76,0.00,0.50,0.03,0,1254.00,53,55710.81,9,0,2,org.tartarus.snowball.SnowballProgram,0.03,1,1,313,0,1,42,0,654,8933,1
"org.apache.solr.search.function.FileFloatSource",9,0.08,2.56,87,1.43,92274.83,14,5,33,43,24,143.49,18,120,5,2,103.60,0.00,0.50,0.13,2,18.00,14,4297.74,0,3,19,org.apache.lucene.queries.function.ValueSource,0.35,34,1,23,0,34,6,0,15,746,1
"org.apache.solr.search.function.FileFloatSource$Cache",1,0.00,1.00,3,0.03,477.11,1,0,33,2,1,132.11,0,5,0,1,132.11,0.00,0.00,0.00,0,1.00,1,100.00,0,1,1,java.lang.Object,0.00,1,0,1,0,1,0,0,0,27,0
"org.apache.solr.search.function.FileFloatSource$Cache_0",3,0.50,2.33,30,0.28,18751.94,4,1,33,9,1,103.61,2,41,0,1,103.61,0.00,0.00,0.67,0,1.00,5,825.15,0,2,1,java.lang.Object,0.00,6,0,7,0,6,1,0,2,181,2
"org.apache.solr.search.function.FileFloatSource$CreationPlaceholder",0,0.00,0.00,2,0.01,75.00,1,1,33,0,0,171.00,0,3,0,1,171.00,0.00,0.00,0.00,0,0.00,0,30.00,0,0,0,java.lang.Object,0.00,0,0,0,0,0,0,0,0,10,2
"org.apache.solr.search.function.FileFloatSource$Entry",3,0.50,1.33,10,0.09,2145.15,4,1,33,5,1,130.66,0,16,0,1,130.66,0.00,0.00,0.67,0,1.00,2,275.58,0,0,1,java.lang.Object,0.00,2,0,4,0,2,3,0,0,72,2
"org.apache.solr.search.function.FileFloatSource$FloatDocValues",2,0.00,1.00,5,0.04,574.09,2,0,33,2,0,140.42,1,9,0,1,140.42,0.00,0.00,0.00,1,2.00,1,131.80,0,1,0,java.lang.Object,0.00,0,0,2,0,0,1,0,1,37,0
"org.apache.solr.search.function.FileFloatSource$ReloadCacheRequestHandler",5,1.00,1.00,17,0.18,3174.85,6,1,33,14,6,131.13,0,33,0,2,131.13,0.00,0.50,0.20,0,8.00,1,550.67,0,4,6,org.apache.solr.handler.RequestHandlerBase,0.47,9,1,5,0,9,1,0,0,128,2
"org.apache.solr.search.function.NvlValueSourceParser",2,1.00,1.50,10,0.11,2015.53,3,1,7,6,7,73.08,17,16,0,2,121.18,0.00,0.50,0.00,0,2.00,2,327.71,0,1,7,org.apache.solr.search.ValueSourceParser,0.00,4,1,3,0,4,1,0,3,77,1
"org.apache.solr.search.function.NvlValueSourceParser$SimpleFloatFunction",2,0.00,1.50,9,0.07,1481.12,2,0,7,3,1,125.85,0,14,0,1,125.85,0.00,0.00,0.00,0,2.00,2,204.23,0,1,1,java.lang.Object,0.00,1,0,3,0,1,1,0,0,51,0
"org.apache.solr.search.function.SortByFunctionTest",4,0.00,1.00,27,0.58,10248.06,4,0,1,4,1,165.13,6,91,0,3,115.13,0.00,0.67,0.00,0,4.00,1,1741.70,5,2,1,org.apache.solr.util.AbstractSolrTestCase,0.17,0,2,4,0,0,2,0,3,317,1
"org.apache.solr.search.function.TestFunctionQuery",21,0.50,1.95,364,7.02,329776.64,23,2,18,84,9,92.14,98,467,0,3,91.91,0.00,0.67,0.02,6,55.00,8,21066.30,8,1,9,org.apache.solr.SolrTestCaseJ4,0.00,63,2,41,0,63,20,0,85,3406,1
"org.apache.solr.search.function.ValueSourceRangeFilter",11,0.10,2.36,54,0.71,33471.92,16,5,10,19,11,120.91,4,77,4,3,120.91,0.00,0.67,0.29,1,27.00,8,2131.85,0,5,7,org.apache.solr.search.SolrFilter,0.00,8,2,26,0,8,6,0,2,464,1
"org.apache.solr.search.function.ValueSourceRangeFilter$DocIdSet",2,0.00,1.00,5,0.06,778.55,2,0,10,3,1,139.37,1,9,0,1,139.37,0.00,0.00,0.00,0,2.00,1,179.47,0,2,1,java.lang.Object,0.00,1,0,2,0,1,0,0,1,45,0
"org.egothor.stemmer.Cell",3,0.62,1.00,13,0.11,1517.65,7,4,0,3,9,95.03,18,16,9,1,127.25,0.00,0.00,0.67,0,1.00,1,330.79,0,1,0,java.lang.Object,0.00,0,0,3,0,0,2,0,8,89,0
"org.egothor.stemmer.Compile",2,1.33,11.00,91,1.32,130177.50,5,3,10,33,8,28.58,15,107,1,1,70.87,0.00,0.00,1.00,1,0.00,20,3950.98,0,0,7,java.lang.Object,0.00,31,0,22,0,31,2,0,4,591,1
"org.egothor.stemmer.Diff",4,0.33,9.75,148,1.81,386579.09,12,8,0,14,4,62.36,60,165,4,1,72.72,0.00,0.00,0.38,0,4.00,26,5421.92,0,1,0,java.lang.Object,0.00,10,0,39,0,10,3,0,23,913,1
"org.egothor.stemmer.DiffIt",2,0.00,4.50,32,0.49,28517.75,2,0,5,15,1,50.73,15,39,0,1,93.03,0.00,0.00,0.00,1,2.00,7,1462.26,0,0,1,java.lang.Object,0.00,13,0,9,0,13,2,0,4,254,1
"org.egothor.stemmer.Gener",3,0.00,3.67,41,0.57,46352.53,3,0,4,9,6,53.87,22,44,2,2,96.16,0.00,0.50,0.00,1,3.00,7,1707.33,0,0,4,org.egothor.stemmer.Reduce,0.33,6,1,11,0,6,3,0,4,318,1
"org.egothor.stemmer.Lift",3,1.00,4.00,45,0.59,39893.03,4,1,4,13,6,44.34,28,52,2,2,94.34,0.00,0.50,0.33,1,4.00,9,1779.38,0,0,4,org.egothor.stemmer.Reduce,0.33,10,1,12,0,10,3,0,4,335,1
"org.egothor.stemmer.MultiTrie",8,0.11,2.38,70,0.84,37028.62,12,4,5,26,6,65.96,57,78,4,2,108.25,1.00,0.33,0.34,0,0.00,4,2525.72,0,2,2,org.egothor.stemmer.Trie,0.00,18,1,19,1,18,6,0,9,512,1
"org.egothor.stemmer.MultiTrie2",12,0.00,3.92,147,1.87,190189.45,12,0,5,26,7,65.13,74,184,4,3,97.36,0.00,0.67,0.00,3,38.00,8,5604.70,1,4,3,org.egothor.stemmer.MultiTrie,0.00,14,2,47,0,14,8,0,20,1064,1
"org.egothor.stemmer.Optimizer",4,0.00,5.25,84,0.99,103503.80,4,0,4,22,7,38.44,33,93,3,2,86.55,1.00,0.33,0.00,1,4.00,9,2974.78,0,0,4,org.egothor.stemmer.Reduce,0.29,18,1,21,1,18,4,0,6,570,1
"org.egothor.stemmer.Optimizer2",2,0.00,1.50,9,0.10,5539.66,2,0,0,3,4,72.86,20,13,2,3,121.34,0.00,0.67,0.00,0,2.00,2,311.43,0,0,2,org.egothor.stemmer.Optimizer,0.33,1,2,3,0,1,2,0,3,72,1
"org.egothor.stemmer.Reduce",3,0.00,1.67,25,0.37,16804.50,3,0,4,15,8,89.81,16,27,6,1,107.68,0.00,0.00,0.00,1,3.00,3,1118.35,0,1,3,java.lang.Object,0.00,12,0,5,4,12,2,0,4,224,1
"org.egothor.stemmer.Reduce$Remap",1,0.00,3.00,17,0.17,7110.55,1,0,4,7,2,62.29,6,18,0,2,94.52,0.00,0.50,0.00,0,0.00,3,518.26,0,0,2,org.egothor.stemmer.Row,0.00,6,1,3,0,6,1,0,1,103,0
"org.egothor.stemmer.Row",15,0.07,2.53,135,1.36,47525.33,18,3,5,33,8,89.75,84,147,7,1,107.62,0.00,0.00,0.27,1,0.00,8,4070.96,0,0,1,java.lang.Object,0.00,18,0,38,1,18,15,0,15,841,1
"org.egothor.stemmer.TestCompile",5,0.00,2.60,61,0.91,39790.87,5,0,11,36,4,99.81,1,76,0,2,99.81,0.00,0.50,0.00,2,5.00,8,2731.23,0,1,4,org.apache.lucene.util.LuceneTestCase,0.00,31,1,13,0,31,4,0,1,510,1
"org.egothor.stemmer.TestStemmer",7,0.00,2.14,74,0.93,28235.43,7,0,1,22,7,155.13,8,75,0,2,105.13,0.00,0.50,0.00,1,7.00,3,2778.75,0,0,7,org.apache.lucene.util.LuceneTestCase,0.00,15,1,15,0,15,7,0,2,545,1
"org.egothor.stemmer.Trie",14,0.23,3.64,197,2.08,136411.05,18,4,5,36,15,64.32,90,208,13,1,96.54,0.00,0.00,0.46,1,0.00,14,6250.91,0,5,3,java.lang.Object,0.00,22,0,51,2,22,9,0,15,1207,1
"org.egothor.stemmer.Trie$StrEnum",3,0.50,1.33,18,0.11,1772.82,6,3,5,5,0,159.97,6,23,0,1,120.08,0.00,0.00,0.67,0,0.00,2,331.03,0,0,0,java.lang.Object,0.00,2,0,4,0,2,3,0,1,87,0
"org.apache.solr.spelling.suggest.LookupFactory",1,0.00,1.00,2,0.01,89.66,1,0,3,1,7,165.01,3,3,4,1,144.39,0.00,0.00,0.00,0,1.00,1,44.83,0,1,3,java.lang.Object,0.00,0,0,1,3,0,0,0,1,15,2
"org.apache.solr.spelling.suggest.Suggester",5,0.38,4.80,83,1.26,58303.32,19,14,24,41,17,114.31,18,113,1,2,93.70,0.00,0.50,0.37,1,0.00,9,3786.15,1,2,16,org.apache.solr.spelling.SolrSpellChecker,0.00,36,1,24,0,36,3,0,10,666,1
"org.apache.solr.spelling.suggest.SuggesterFSTTest",1,0.00,1.00,3,0.02,130.68,1,0,0,1,1,136.54,0,5,0,4,136.54,0.00,0.75,0.00,0,1.00,1,48.73,0,0,1,org.apache.solr.spelling.suggest.SuggesterTest,0.00,0,3,1,0,0,1,0,0,16,1
"org.apache.solr.spelling.suggest.SuggesterTSTTest",1,0.00,1.00,3,0.02,130.68,1,0,0,1,1,136.54,0,5,0,4,136.54,0.00,0.75,0.00,0,1.00,1,48.73,0,0,1,org.apache.solr.spelling.suggest.SuggesterTest,0.00,0,3,1,0,0,1,0,0,16,1
"org.apache.solr.spelling.suggest.SuggesterTest",6,0.60,1.17,39,0.50,8991.37,7,1,6,15,6,166.93,6,68,2,3,116.93,1.00,0.40,0.50,1,10.00,2,1513.24,7,0,4,org.apache.solr.SolrTestCaseJ4,0.00,9,2,7,2,9,6,0,4,311,1
"org.apache.lucene.queries.function.BoostedQuery",9,0.06,1.22,38,0.48,13783.72,11,2,8,23,13,123.41,4,51,6,2,123.41,0.00,0.50,0.44,1,3.00,2,1437.50,2,5,7,org.apache.lucene.search.Query,0.11,14,1,11,0,14,4,0,2,331,1
"org.apache.lucene.queries.function.BoostedQuery$BoostedWeight",6,0.00,1.33,33,0.42,11940.84,9,3,8,18,9,118.88,1,49,0,2,118.88,0.00,0.50,0.33,0,0.00,2,1274.96,0,3,9,org.apache.lucene.search.Weight,0.50,12,1,8,0,12,3,0,1,273,1
"org.apache.lucene.queries.function.BoostedQuery$CustomScorer",6,0.16,1.33,31,0.41,10567.43,11,5,8,19,6,119.30,3,46,0,3,119.30,0.00,0.67,0.33,0,0.00,2,1244.78,0,1,6,org.apache.lucene.search.Scorer,0.75,13,2,8,0,13,5,0,3,271,1
"org.apache.lucene.queries.function.DocValues",25,0.00,1.24,75,0.60,12961.70,25,0,5,31,121,181.77,33,75,116,1,131.78,0.00,0.00,0.00,3,25.00,6,1807.26,0,7,6,java.lang.Object,0.00,6,0,31,11,6,18,0,22,455,2
"org.apache.lucene.queries.function.DocValues$ValueFiller",2,0.00,1.00,3,0.02,117.79,2,0,5,2,1,207.06,2,4,0,1,157.06,0.00,0.00,0.00,0,2.00,1,55.02,0,1,1,java.lang.Object,0.00,0,0,2,0,0,1,0,2,20,3
"org.apache.lucene.queries.function.DocValues$ValueFiller_0",2,0.00,1.00,6,0.05,661.73,3,1,5,3,2,133.36,0,10,0,1,133.36,0.00,0.00,1.00,0,0.00,1,153.37,0,1,2,java.lang.Object,0.00,1,0,2,0,1,1,0,0,43,0
"org.apache.lucene.queries.function.DocValues$ValueSourceScorer",1,0.00,1.00,4,0.04,809.86,1,0,5,2,0,125.64,0,6,0,1,125.64,0.00,0.00,0.00,0,1.00,1,127.88,0,0,0,java.lang.Object,0.00,1,0,1,0,1,1,0,0,32,0
"org.apache.lucene.queries.function.DocValues$ValueSourceScorer_1",1,0.00,1.00,4,0.04,809.86,1,0,5,2,0,125.64,0,6,0,1,125.64,0.00,0.00,0.00,0,1.00,1,127.88,0,0,0,java.lang.Object,0.00,1,0,1,0,1,1,0,0,32,0
"org.apache.lucene.queries.function.DocValues$ValueSourceScorer_2",1,0.00,1.00,4,0.04,809.86,1,0,5,2,0,125.64,0,6,0,1,125.64,0.00,0.00,0.00,0,1.00,1,127.88,0,0,0,java.lang.Object,0.00,1,0,1,0,1,1,0,0,32,0
"org.apache.lucene.queries.function.DocValues$ValueSourceScorer_3",1,0.00,1.00,4,0.04,809.86,1,0,5,2,0,125.64,0,6,0,1,125.64,0.00,0.00,0.00,0,1.00,1,127.88,0,0,0,java.lang.Object,0.00,1,0,1,0,1,1,0,0,32,0
"org.apache.lucene.queries.function.FunctionQuery",8,0.71,1.38,22,0.28,6858.81,9,1,8,14,21,186.60,15,38,14,2,136.60,0.00,0.50,0.38,1,14.00,3,847.88,1,4,7,org.apache.lucene.search.Query,0.11,6,1,11,0,6,4,0,6,204,1
"org.apache.lucene.queries.function.FunctionQuery$AllScorer",6,0.23,1.67,41,0.45,11381.85,13,7,8,14,6,166.04,8,53,0,3,116.04,0.00,0.67,0.33,1,0.00,4,1358.81,0,1,6,org.apache.lucene.search.Scorer,0.75,8,2,10,0,8,5,0,8,291,1
"org.apache.lucene.queries.function.FunctionQuery$FunctionWeight",6,0.10,1.00,21,0.24,4075.12,10,4,8,9,7,130.90,0,34,0,2,130.90,0.00,0.50,0.17,1,10.00,1,725.90,0,3,7,org.apache.lucene.search.Weight,0.50,3,1,6,0,3,3,0,0,177,1
"org.apache.lucene.queries.function.Ignore",7,0.05,2.14,76,1.10,38381.09,21,14,17,34,15,104.31,34,108,0,2,104.08,0.00,0.50,0.11,2,24.00,8,3303.83,0,2,15,org.apache.lucene.util.LuceneTestCase,0.00,27,1,15,0,27,5,0,14,603,2
"org.apache.lucene.queries.function.TestFieldScoreQuery",11,0.00,1.18,57,0.78,22417.08,11,0,13,29,11,158.71,31,76,0,2,118.83,0.00,0.50,0.00,2,11.00,2,2332.80,0,0,11,FunctionTestSetup,0.00,18,1,13,0,18,11,0,21,452,1
"org.apache.lucene.queries.function.TestOrdValues",8,0.00,1.88,70,1.09,51409.88,8,0,9,31,12,127.80,30,87,0,2,107.18,0.00,0.50,0.00,2,8.00,5,3271.00,0,0,12,FunctionTestSetup,0.00,23,1,15,0,23,8,0,12,570,1
"org.apache.lucene.queries.function.ValueSource",8,0.00,1.00,17,0.15,1888.94,8,0,13,11,158,123.21,40,25,149,1,141.08,0.00,0.00,0.00,1,8.00,1,459.87,0,4,9,java.lang.Object,0.00,3,0,8,71,3,4,1,10,126,2
"org.apache.lucene.queries.function.ValueSource$ValueSourceComparator",7,0.12,1.57,34,0.32,8710.43,11,4,13,8,2,124.07,0,50,0,2,124.07,0.00,0.50,0.36,0,0.00,3,973.84,0,2,2,org.apache.lucene.search.FieldComparator,0.67,1,1,11,0,1,5,0,0,226,0
"org.apache.lucene.queries.function.ValueSource$ValueSourceComparatorSource",2,1.00,1.00,6,0.06,829.60,3,1,13,3,2,132.59,0,11,0,2,132.59,0.00,0.50,0.50,0,2.00,1,186.21,0,1,2,org.apache.lucene.search.FieldComparatorSource,0.00,1,1,2,0,1,1,0,0,48,0
"org.apache.lucene.queries.function.ValueSource$ValueSourceSortField",2,0.00,1.00,7,0.08,1279.53,2,0,13,7,2,131.11,0,11,0,2,131.11,0.00,0.50,0.00,0,2.00,1,239.52,1,1,2,org.apache.lucene.search.SortField,0.00,5,1,2,0,5,1,0,0,59,0
"org.apache.lucene.queries.function.ValueSourceScorer",9,0.02,1.33,37,0.32,5547.61,15,6,5,14,12,126.51,1,49,8,3,126.51,0.00,0.67,0.19,3,30.00,4,959.85,0,1,5,org.apache.lucene.search.Scorer,0.63,5,2,12,0,5,8,0,1,233,1
"org.apache.lucene.queries.function.docvalues.BoolDocValues",12,1.00,1.58,25,0.31,5012.79,13,1,4,15,8,139.03,0,48,4,2,139.03,0.00,0.50,0.08,1,22.00,2,937.09,1,4,4,org.apache.lucene.queries.function.DocValues,0.59,3,1,19,0,3,8,0,0,242,2
"org.apache.lucene.queries.function.docvalues.BoolDocValues$ValueFiller",2,0.00,1.00,7,0.06,920.28,3,1,4,3,2,132.23,0,11,0,1,132.23,0.00,0.00,1.00,0,0.00,1,187.05,0,1,2,java.lang.Object,0.00,1,0,2,0,1,1,0,0,51,0
"org.apache.lucene.queries.function.docvalues.DoubleDocValues",12,1.00,1.08,25,0.26,3534.45,13,1,4,15,15,140.31,0,48,11,2,140.31,1.00,0.33,0.08,1,22.00,2,770.18,1,4,4,org.apache.lucene.queries.function.DocValues,0.59,3,1,13,1,3,8,0,0,210,2
"org.apache.lucene.queries.function.docvalues.DoubleDocValues$ValueFiller",2,0.00,1.00,7,0.06,920.28,3,1,4,3,2,132.23,0,11,0,1,132.23,0.00,0.00,1.00,0,0.00,1,187.05,0,1,2,java.lang.Object,0.00,1,0,2,0,1,1,0,0,51,0
"org.apache.lucene.queries.function.docvalues.FloatDocValues",11,1.00,1.09,23,0.24,3243.19,12,1,4,14,19,140.30,0,44,15,2,140.30,1.00,0.33,0.09,1,20.00,2,705.45,1,3,4,org.apache.lucene.queries.function.DocValues,0.56,3,1,12,1,3,8,0,0,193,2
"org.apache.lucene.queries.function.docvalues.FloatDocValues$ValueFiller",2,0.00,1.00,7,0.06,920.28,3,1,4,3,2,132.23,0,11,0,1,132.23,0.00,0.00,1.00,0,0.00,1,187.05,0,1,2,java.lang.Object,0.00,1,0,2,0,1,1,0,0,51,0
"org.apache.lucene.queries.function.docvalues.IntDocValues",11,1.00,1.09,23,0.24,3221.00,12,1,4,14,13,140.33,0,44,9,2,140.33,1.00,0.33,0.09,1,20.00,2,705.91,1,4,4,org.apache.lucene.queries.function.DocValues,0.56,3,1,12,1,3,7,0,0,193,2
"org.apache.lucene.queries.function.docvalues.IntDocValues$ValueFiller",2,0.00,1.00,7,0.06,920.28,3,1,4,3,2,132.23,0,11,0,1,132.23,0.00,0.00,1.00,0,0.00,1,187.05,0,1,2,java.lang.Object,0.00,1,0,2,0,1,1,0,0,51,0
"org.apache.lucene.queries.function.docvalues.LongDocValues",12,1.00,1.08,25,0.26,3534.45,13,1,4,15,8,140.31,0,48,4,2,140.31,0.00,0.50,0.08,1,22.00,2,770.18,1,4,4,org.apache.lucene.queries.function.DocValues,0.59,3,1,13,0,3,8,0,0,210,2
"org.apache.lucene.queries.function.docvalues.LongDocValues$ValueFiller",2,0.00,1.00,7,0.06,920.28,3,1,4,3,2,132.23,0,11,0,1,132.23,0.00,0.00,1.00,0,0.00,1,187.05,0,1,2,java.lang.Object,0.00,1,0,2,0,1,1,0,0,51,0
"org.apache.lucene.queries.function.docvalues.StrDocValues",6,1.00,1.17,13,0.13,1759.70,7,1,4,8,5,140.31,0,24,1,2,140.31,0.00,0.50,0.17,0,10.00,2,392.56,1,4,4,org.apache.lucene.queries.function.DocValues,0.32,2,1,7,0,2,2,0,0,106,2
"org.apache.lucene.queries.function.docvalues.StrDocValues$ValueFiller",2,0.00,1.00,6,0.06,746.06,3,1,4,3,2,132.95,0,10,0,1,132.95,0.00,0.00,1.00,0,0.00,1,167.05,0,1,2,java.lang.Object,0.00,1,0,2,0,1,1,0,0,46,0
"org.apache.lucene.queries.function.docvalues.StringIndexDocValues",11,0.04,2.00,58,0.72,32884.49,16,5,11,24,16,117.40,5,83,7,2,117.40,0.00,0.50,0.16,1,14.00,9,2157.94,0,7,9,org.apache.lucene.queries.function.DocValues,0.33,13,1,22,0,13,4,0,3,449,2
"org.apache.lucene.queries.function.docvalues.StringIndexDocValues$StringIndexException",1,0.00,1.00,3,0.03,343.27,1,0,11,1,0,133.23,0,7,0,2,133.23,0.00,0.50,0.00,0,1.00,1,96.34,0,0,0,java.lang.RuntimeException,0.00,0,1,1,0,0,1,0,0,27,3
"org.apache.lucene.queries.function.docvalues.StringIndexDocValues$ValueFiller",2,0.00,1.00,8,0.09,1543.37,3,1,11,3,2,125.80,0,12,0,1,125.80,0.00,0.00,1.00,0,0.00,1,258.74,0,1,2,java.lang.Object,0.00,1,0,2,0,1,1,0,0,65,0
"org.apache.lucene.queries.function.docvalues.StringIndexDocValues$ValueSourceScorer",1,0.00,1.00,4,0.05,1037.89,1,0,11,1,0,124.79,0,6,0,1,124.79,0.00,0.00,0.00,0,0.00,1,138.49,0,0,0,java.lang.Object,0.00,0,0,1,0,0,1,0,0,34,0
"org.apache.lucene.search.highlight.DefaultEncoder",2,0.00,1.00,4,0.02,168.02,2,0,0,2,5,94.62,19,10,4,1,144.62,0.00,0.00,0.00,0,2.00,1,53.51,0,1,1,java.lang.Object,0.00,0,0,2,0,0,1,1,2,20,1
"org.apache.lucene.search.highlight.Encoder",1,0.00,1.00,2,0.01,33.58,1,0,0,1,10,191.70,22,4,10,1,147.75,0.00,0.00,0.00,0,1.00,1,23.93,0,1,0,,0.00,0,0,1,0,0,0,0,3,11,1
"org.apache.lucene.search.highlight.Formatter",1,0.00,1.00,2,0.01,41.95,1,0,0,1,9,196.48,26,4,8,1,146.99,0.00,0.00,0.00,0,1.00,1,32.46,0,1,1,,0.00,0,0,1,0,0,0,0,3,13,1
"org.apache.lucene.search.highlight.FragmentQueue",2,0.00,1.50,5,0.08,3346.88,2,0,10,3,8,134.29,0,15,1,2,134.29,0.00,0.50,0.00,0,2.00,2,251.65,0,0,7,org.apache.lucene.util.PriorityQueue,0.00,1,1,3,0,1,2,0,0,63,0
"org.apache.lucene.search.highlight.Fragmenter",2,0.00,1.00,3,0.02,72.21,2,0,1,2,13,108.74,19,4,12,1,158.73,0.00,0.00,0.00,0,2.00,1,48.14,0,0,1,,0.00,0,0,2,0,0,2,0,3,18,1
"org.apache.lucene.search.highlight.GradientFormatter",7,0.24,3.00,96,1.32,58976.06,23,16,0,19,3,50.18,58,147,1,1,98.28,0.00,0.00,0.27,4,25.00,7,3972.45,0,4,2,java.lang.Object,0.00,12,0,21,1,12,3,1,6,768,1
"org.apache.lucene.search.highlight.Highlighter",18,0.07,2.78,194,2.74,339546.68,24,6,10,68,38,51.69,144,308,20,1,99.79,0.00,0.00,0.10,4,98.00,18,8229.01,0,6,18,java.lang.Object,0.00,50,0,50,0,50,12,0,42,1412,1
"org.apache.lucene.search.highlight.HighlighterPhraseTest",5,0.00,1.20,156,2.88,99810.27,6,1,30,44,32,81.46,0,229,0,2,81.46,0.00,0.50,1.00,0,0.00,2,8649.55,0,0,32,org.apache.lucene.util.LuceneTestCase,0.00,39,1,6,0,39,5,0,0,1367,1
"org.apache.lucene.search.highlight.HighlighterPhraseTest$Collector",4,1.00,1.00,9,0.11,1308.54,5,1,30,5,1,139.97,1,19,0,1,139.97,0.00,0.00,0.00,0,4.00,1,317.03,0,0,1,java.lang.Object,0.00,1,0,4,0,1,4,0,1,82,0
"org.apache.lucene.search.highlight.HighlighterPhraseTest$TokenStreamConcurrent",3,0.10,1.33,25,0.40,11527.20,8,5,30,13,5,109.02,0,34,0,3,109.02,0.00,0.67,0.27,1,4.00,2,1202.71,0,0,5,org.apache.lucene.analysis.TokenStream,0.55,10,2,4,0,10,3,0,0,242,3
"org.apache.lucene.search.highlight.HighlighterPhraseTest$TokenStreamSparse",3,0.10,1.33,25,0.40,10771.26,8,5,30,13,5,109.25,0,34,0,3,109.25,0.00,0.67,0.27,1,4.00,2,1196.94,0,0,5,org.apache.lucene.analysis.TokenStream,0.55,10,2,4,0,10,3,0,0,239,3
"org.apache.lucene.search.highlight.HighlighterTest",59,0.07,1.78,624,9.75,461985.76,71,12,36,142,74,152.90,85,702,25,3,102.90,0.00,0.67,0.16,8,489.00,8,29237.47,2,6,49,org.apache.lucene.analysis.BaseTokenStreamTestCase,0.00,83,2,105,0,83,53,1,48,5176,1
"org.apache.lucene.search.highlight.HighlighterTest$Scorer",4,0.00,1.00,8,0.04,260.54,4,0,36,4,1,145.49,0,12,0,1,145.49,0.00,0.00,0.00,0,4.00,1,107.35,0,1,1,java.lang.Object,0.00,0,0,4,0,0,3,0,0,37,0
"org.apache.lucene.search.highlight.HighlighterTest$TestHighlightRunner",1,0.00,1.00,4,0.04,466.10,1,0,36,2,1,127.53,0,6,0,1,127.53,0.00,0.00,0.00,0,0.00,1,113.42,0,0,1,java.lang.Object,0.00,1,0,1,0,1,1,0,0,28,0
"org.apache.lucene.search.highlight.HighlighterTest$TestHighlightRunner_0",1,0.00,1.00,4,0.04,466.10,1,0,36,2,1,127.53,0,6,0,1,127.53,0.00,0.00,0.00,0,0.00,1,113.42,0,0,1,java.lang.Object,0.00,1,0,1,0,1,1,0,0,28,0
"org.apache.lucene.search.highlight.HighlighterTest$TestHighlightRunner_1",1,0.00,1.00,4,0.04,466.10,1,0,36,2,1,127.53,0,6,0,1,127.53,0.00,0.00,0.00,0,0.00,1,113.42,0,0,1,java.lang.Object,0.00,1,0,1,0,1,1,0,0,28,0
"org.apache.lucene.search.highlight.HighlighterTest$TestHighlightRunner_10",1,0.00,1.00,10,0.17,4725.87,1,0,36,9,7,154.76,1,14,0,1,104.76,0.00,0.00,0.00,0,0.00,1,521.69,0,0,7,java.lang.Object,0.00,8,0,1,0,8,1,0,1,97,0
"org.apache.lucene.search.highlight.HighlighterTest$TestHighlightRunner_11",1,0.00,1.00,11,0.16,4137.30,1,0,36,9,5,153.67,1,14,0,1,103.67,0.00,0.00,0.00,0,0.00,1,482.52,0,0,5,java.lang.Object,0.00,8,0,1,0,8,1,0,1,92,0
"org.apache.lucene.search.highlight.HighlighterTest$TestHighlightRunner_12",1,0.00,1.00,11,0.17,3986.47,1,0,36,10,6,103.80,0,14,0,1,103.80,0.00,0.00,0.00,0,0.00,1,504.81,0,0,6,java.lang.Object,0.00,9,0,1,0,9,1,0,0,95,0
"org.apache.lucene.search.highlight.HighlighterTest$TestHighlightRunner_13",1,0.00,1.00,9,0.14,3430.73,1,0,36,8,4,107.56,0,12,0,1,107.56,0.00,0.00,0.00,0,0.00,1,417.34,0,0,4,java.lang.Object,0.00,7,0,1,0,7,1,0,0,82,0
"org.apache.lucene.search.highlight.HighlighterTest$TestHighlightRunner_14",1,0.00,5.00,33,0.53,37900.32,1,0,36,13,5,77.93,0,35,0,1,77.93,0.00,0.00,0.00,0,0.00,5,1597.96,0,0,5,java.lang.Object,0.00,12,0,5,0,12,1,0,0,270,0
"org.apache.lucene.search.highlight.HighlighterTest$TestHighlightRunner_15",1,0.00,1.00,22,0.44,20680.03,1,0,36,15,5,87.18,4,26,0,1,86.94,0.00,0.00,0.00,0,0.00,1,1325.71,0,0,5,java.lang.Object,0.00,14,0,1,0,14,1,0,4,228,0
"org.apache.lucene.search.highlight.HighlighterTest$TestHighlightRunner_16",1,0.00,1.00,15,0.30,10265.68,1,0,36,14,6,145.54,1,18,0,1,95.54,0.00,0.00,0.00,0,1.00,1,913.95,0,0,6,java.lang.Object,0.00,13,0,1,0,13,1,0,1,160,0
"org.apache.lucene.search.highlight.HighlighterTest$TestHighlightRunner_17",1,0.00,3.00,14,0.23,8043.57,1,0,36,10,4,147.24,1,16,0,1,97.24,0.00,0.00,0.00,0,0.00,3,699.24,0,0,4,java.lang.Object,0.00,9,0,3,0,9,1,0,1,122,0
"org.apache.lucene.search.highlight.HighlighterTest$TestHighlightRunner_18",1,0.00,4.00,21,0.41,18450.98,1,0,36,15,6,127.65,2,23,0,1,87.77,0.00,0.00,0.00,0,0.00,4,1217.49,0,0,6,java.lang.Object,0.00,14,0,4,0,14,1,0,2,202,0
"org.apache.lucene.search.highlight.HighlighterTest$TestHighlightRunner_19",1,0.00,1.00,9,0.14,3689.87,1,0,36,9,4,147.20,2,14,0,1,107.32,0.00,0.00,0.00,0,0.00,1,431.25,0,0,4,java.lang.Object,0.00,8,0,1,0,8,1,0,2,83,0
"org.apache.lucene.search.highlight.HighlighterTest$TestHighlightRunner_2",1,0.00,1.00,6,0.08,1462.26,1,0,36,6,3,117.05,0,9,0,1,117.05,0.00,0.00,0.00,0,0.00,1,240.04,0,0,3,java.lang.Object,0.00,5,0,1,0,5,1,0,0,50,0
"org.apache.lucene.search.highlight.HighlighterTest$TestHighlightRunner_20",1,0.00,2.00,26,0.39,15595.75,1,0,36,19,8,40.91,11,28,0,1,85.04,0.00,0.00,0.00,0,1.00,2,1170.42,0,0,8,java.lang.Object,0.00,18,0,2,0,18,1,0,11,200,0
"org.apache.lucene.search.highlight.HighlighterTest$TestHighlightRunner_21",1,0.00,1.00,12,0.23,5098.08,1,0,36,16,8,101.55,0,17,0,1,101.55,0.00,0.00,0.00,0,1.00,1,692.99,0,0,8,java.lang.Object,0.00,15,0,1,0,15,1,0,0,126,0
"org.apache.lucene.search.highlight.HighlighterTest$TestHighlightRunner_22",1,0.00,5.00,23,0.46,19806.05,1,0,36,16,10,41.87,11,25,0,1,86.00,0.00,0.00,0.00,0,0.00,5,1388.74,0,0,10,java.lang.Object,0.00,15,0,5,0,15,1,0,11,220,0
"org.apache.lucene.search.highlight.HighlighterTest$TestHighlightRunner_23",1,0.00,2.00,9,0.12,2670.02,1,0,36,8,4,108.26,0,12,0,1,108.26,0.00,0.00,0.00,0,0.00,2,357.03,0,0,4,java.lang.Object,0.00,7,0,2,0,7,1,0,0,71,0
"org.apache.lucene.search.highlight.HighlighterTest$TestHighlightRunner_24",1,0.00,5.00,25,0.40,16083.85,1,0,36,13,9,125.24,2,31,0,1,85.36,0.00,0.00,0.00,0,0.00,5,1198.51,0,0,9,java.lang.Object,0.00,12,0,5,0,12,1,0,2,209,0
"org.apache.lucene.search.highlight.HighlighterTest$TestHighlightRunner_26",1,0.00,1.00,57,0.94,90807.38,1,0,36,9,6,106.34,2,59,0,1,66.46,0.00,0.00,0.00,0,1.00,1,2828.41,0,0,6,java.lang.Object,0.00,8,0,1,0,8,1,0,2,509,0
"org.apache.lucene.search.highlight.HighlighterTest$TestHighlightRunner_3",1,0.00,1.00,8,0.11,2165.24,1,0,36,7,4,111.05,0,11,0,1,111.05,0.00,0.00,0.00,0,0.00,1,330.41,0,0,4,java.lang.Object,0.00,6,0,1,0,6,1,0,0,65,0
"org.apache.lucene.search.highlight.HighlighterTest$TestHighlightRunner_4",1,0.00,1.00,8,0.11,2092.58,1,0,36,7,4,111.16,0,11,0,1,111.16,0.00,0.00,0.00,0,0.00,1,315.36,0,0,4,java.lang.Object,0.00,6,0,1,0,6,1,0,0,63,0
"org.apache.lucene.search.highlight.HighlighterTest$TestHighlightRunner_5",1,0.00,1.00,8,0.11,2092.58,1,0,36,7,4,111.16,0,11,0,1,111.16,0.00,0.00,0.00,0,0.00,1,315.36,0,0,4,java.lang.Object,0.00,6,0,1,0,6,1,0,0,63,0
"org.apache.lucene.search.highlight.HighlighterTest$TestHighlightRunner_6",1,0.00,1.00,10,0.14,3065.79,1,0,36,7,4,126.86,3,17,0,1,106.24,0.00,0.00,0.00,0,0.00,1,417.82,0,0,4,java.lang.Object,0.00,6,0,1,0,6,1,0,3,80,0
"org.apache.lucene.search.highlight.HighlighterTest$TestHighlightRunner_7",1,0.00,1.00,9,0.12,2639.36,1,0,36,7,3,158.46,1,12,0,1,108.46,0.00,0.00,0.00,0,0.00,1,349.22,0,0,3,java.lang.Object,0.00,6,0,1,0,6,1,0,1,70,0
"org.apache.lucene.search.highlight.HighlighterTest$TestHighlightRunner_8",1,0.00,1.00,8,0.13,3002.62,1,0,36,7,5,159.93,1,12,0,1,109.93,0.00,0.00,0.00,0,0.00,1,388.39,0,0,5,java.lang.Object,0.00,6,0,1,0,6,1,0,1,75,0
"org.apache.lucene.search.highlight.HighlighterTest$TestHighlightRunner_9",1,0.00,1.00,7,0.10,1836.05,1,0,36,10,6,113.77,0,9,0,1,113.77,0.00,0.00,0.00,0,0.00,1,305.25,0,0,6,java.lang.Object,0.00,9,0,1,0,9,1,0,0,64,0
"org.apache.lucene.search.highlight.HighlighterTest$TokenStream",2,0.80,1.50,36,0.45,15891.56,7,5,36,16,4,93.37,0,43,0,1,93.37,0.00,0.00,0.60,0,0.00,2,1362.60,1,0,4,java.lang.Object,0.00,14,0,3,0,14,2,0,0,262,0
"org.apache.lucene.search.highlight.HighlighterTest$TokenStream_25",2,0.80,1.50,36,0.45,15891.56,7,5,36,16,4,93.37,0,43,0,1,93.37,0.00,0.00,0.60,0,0.00,2,1362.60,1,0,4,java.lang.Object,0.00,14,0,3,0,14,2,0,0,262,0
"org.apache.lucene.search.highlight.InvalidTokenOffsetsException",1,0.00,1.00,3,0.02,106.02,1,0,0,1,5,170.64,20,7,5,2,137.25,0.00,0.50,0.00,0,1.00,1,45.51,0,0,0,java.lang.Exception,0.00,0,1,1,0,0,1,0,2,16,1
"org.apache.lucene.search.highlight.NullFragmenter",2,0.00,1.00,4,0.02,133.81,2,0,1,2,10,185.28,4,7,8,1,145.40,0.00,0.00,0.00,0,2.00,1,68.04,0,0,2,java.lang.Object,0.00,0,0,2,0,0,2,1,1,23,1
"org.apache.lucene.search.highlight.OffsetLimitTokenFilter",3,0.17,1.33,16,0.16,3406.43,6,3,4,6,7,170.80,4,23,4,4,120.80,0.00,0.75,0.44,0,1.00,2,469.12,1,0,3,org.apache.lucene.analysis.TokenFilter,0.53,3,3,4,0,3,3,0,1,109,2
"org.apache.lucene.search.highlight.OffsetLimitTokenFilterTest",1,0.00,1.00,16,0.22,8658.75,1,0,3,6,4,134.96,2,24,0,3,95.08,0.00,0.67,0.00,0,1.00,1,654.60,2,0,4,org.apache.lucene.analysis.BaseTokenStreamTestCase,0.00,5,2,1,0,5,1,0,2,135,1
"org.apache.lucene.search.highlight.OffsetLimitTokenFilterTest$Analyzer",1,0.00,1.00,5,0.06,1383.12,1,0,3,5,2,120.19,0,7,0,1,120.19,0.00,0.00,0.00,0,1.00,1,193.47,0,1,2,java.lang.Object,0.00,4,0,1,0,4,0,0,0,45,0
"org.apache.lucene.search.highlight.PositionSpan",1,2.00,1.00,6,0.03,519.81,3,2,3,1,4,120.59,0,8,4,1,120.59,0.00,0.00,0.00,0,1.00,1,102.88,0,0,0,java.lang.Object,0.00,0,0,1,0,0,1,0,0,32,0
"org.apache.lucene.search.highlight.QueryScorer",18,0.04,1.56,95,1.02,27654.77,33,15,13,40,22,119.97,84,126,10,1,119.73,0.00,0.00,0.10,2,118.00,4,3074.81,0,3,12,java.lang.Object,0.00,22,0,28,0,22,15,1,20,657,1
"org.apache.lucene.search.highlight.QueryTermExtractor",7,0.00,2.43,44,0.75,34621.75,7,0,9,25,8,70.39,52,78,1,1,112.68,0.00,0.00,0.00,3,7.00,6,2263.70,0,4,7,java.lang.Object,0.00,18,0,17,0,18,3,0,10,433,2
"org.apache.lucene.search.highlight.QueryTermScorer",10,0.04,1.40,44,0.47,12374.56,16,6,6,23,13,91.89,60,58,5,1,124.11,0.00,0.00,0.20,0,34.00,3,1399.55,0,1,8,java.lang.Object,0.00,13,0,14,0,13,9,1,17,313,1
"org.apache.lucene.search.highlight.Scorer",4,0.00,1.00,5,0.03,143.81,4,0,2,4,7,110.64,33,6,5,1,158.75,0.00,0.00,0.00,0,4.00,1,77.87,0,1,2,,0.00,0,0,4,0,0,3,0,5,30,1
"org.apache.lucene.search.highlight.SimpleFragmenter",6,0.10,1.17,21,0.15,2457.28,10,4,2,8,12,153.21,20,29,9,1,132.60,0.00,0.00,0.33,0,10.00,2,460.63,0,0,3,java.lang.Object,0.00,2,0,7,1,2,6,1,6,120,1
"org.apache.lucene.search.highlight.SimpleHTMLEncoder",3,0.00,3.33,27,0.29,19022.81,3,0,0,9,6,62.90,22,47,5,1,105.19,0.00,0.00,0.00,1,3.00,8,882.54,0,2,1,java.lang.Object,0.00,6,0,10,0,6,1,1,3,169,1
"org.apache.lucene.search.highlight.SimpleHTMLFormatter",3,0.12,1.33,18,0.18,4973.57,7,4,0,8,13,68.45,26,23,11,1,116.55,0.00,0.00,0.33,0,5.00,2,544.46,0,1,2,java.lang.Object,0.00,5,0,4,0,5,2,1,6,129,1
"org.apache.lucene.search.highlight.SimpleSpanFragmenter",4,0.40,2.50,43,0.50,20261.08,14,10,6,12,10,104.55,17,51,1,1,104.31,0.00,0.00,0.40,0,6.00,7,1514.42,0,0,9,java.lang.Object,0.00,8,0,10,0,8,4,1,5,296,1
"org.apache.lucene.search.highlight.SpanGradientFormatter",2,0.50,3.00,24,0.29,10694.80,4,2,0,7,2,71.75,26,43,0,2,101.13,0.00,0.50,0.25,0,2.00,5,883.58,2,1,2,org.apache.lucene.search.highlight.GradientFormatter,0.00,5,1,6,0,5,1,0,4,180,1
"org.apache.lucene.search.highlight.SynonymAnalyzer",2,1.00,1.00,10,0.13,2930.19,3,1,36,6,20,140.61,6,14,1,2,120.00,0.00,0.50,0.50,0,2.00,1,398.35,0,1,19,org.apache.lucene.index.Analyzer,0.00,4,1,2,0,4,1,0,1,90,1
"org.apache.lucene.search.highlight.SynonymTokenizer",5,0.28,2.00,59,0.73,24716.78,15,10,36,27,18,102.90,1,74,1,2,102.90,0.00,0.50,0.32,3,7.00,6,2200.40,3,0,17,org.apache.lucene.document.TokenStream,0.00,22,1,10,0,22,5,0,1,431,1
"org.apache.lucene.search.highlight.SynonymTokenizer$TestHighlightRunner_27",7,0.21,2.57,52,0.69,19217.17,11,4,36,20,13,112.18,0,64,0,1,112.18,0.00,0.00,0.43,3,3.00,5,2081.92,0,3,13,java.lang.Object,0.00,13,0,18,0,13,4,0,0,409,2
"org.apache.lucene.search.highlight.TextFragment",7,0.03,1.00,23,0.17,2178.67,12,5,0,10,14,133.81,34,39,14,1,133.57,0.00,0.00,0.23,0,20.00,1,499.51,0,1,0,java.lang.Object,0.00,3,0,7,0,3,6,0,6,138,1
"org.apache.lucene.search.highlight.TokenGroup",10,0.13,1.40,55,0.50,19712.27,21,11,4,18,10,158.79,25,71,6,1,118.90,0.00,0.00,0.21,0,38.00,5,1514.47,0,1,4,java.lang.Object,0.00,8,0,14,0,8,9,0,7,329,1
"org.apache.lucene.search.highlight.TokenSourcesTest",4,0.00,1.00,115,2.08,59540.37,5,1,25,37,26,104.77,13,180,0,2,84.16,0.00,0.50,1.00,0,0.00,1,6251.60,0,0,26,org.apache.lucene.util.LuceneTestCase,0.00,33,1,4,0,33,4,0,13,1003,1
"org.apache.lucene.search.highlight.TokenSourcesTest$OverlapAnalyzer",1,0.00,1.00,3,0.03,413.85,1,0,25,3,0,132.60,0,6,0,2,132.60,0.00,0.50,0.00,0,1.00,1,102.14,0,1,0,org.apache.lucene.index.Analyzer,0.00,2,1,1,0,2,0,0,0,28,3
"org.apache.lucene.search.highlight.TokenSourcesTest$TokenStreamOverlap",3,0.10,1.33,27,0.46,13365.75,8,5,25,13,4,106.60,0,36,0,2,106.60,0.00,0.50,0.27,1,4.00,2,1377.76,0,0,4,org.apache.lucene.search.Tokenizer,0.00,10,1,4,0,10,3,0,0,269,3
"org.apache.lucene.search.highlight.TokenStreamFromTermPositionVector",3,0.30,2.67,50,0.69,32217.48,8,5,14,27,9,114.73,9,57,0,3,94.12,0.00,0.67,0.40,0,1.00,5,2069.85,0,0,9,org.apache.lucene.analysis.TokenStream,0.55,24,2,8,0,24,3,0,4,377,2
"org.apache.lucene.search.highlight.TokenStreamFromTermPositionVector$Comparator<Token>",1,0.00,1.00,3,0.03,607.54,1,0,14,2,1,131.28,0,4,0,1,131.28,0.00,0.00,0.00,0,1.00,1,103.41,0,0,1,java.lang.Object,0.00,1,0,1,0,1,1,0,0,29,0
"org.apache.lucene.search.highlight.WeightedSpanTerm",7,0.33,1.29,24,0.25,5044.95,9,2,3,11,8,151.26,24,34,6,2,130.64,0.00,0.50,0.21,0,18.00,3,744.79,0,1,2,org.apache.lucene.search.highlight.WeightedTerm,0.00,4,1,9,0,4,6,0,8,177,1
"org.apache.lucene.search.highlight.WeightedSpanTermExtractor",19,0.03,4.63,294,4.21,390879.01,27,8,27,96,27,74.94,99,344,1,1,92.81,0.00,0.00,0.10,9,144.00,28,12634.52,0,5,26,java.lang.Object,0.00,77,0,88,0,77,14,0,19,2130,1
"org.apache.lucene.search.highlight.WeightedSpanTermExtractor$PositionCheckingMap",2,0.00,4.50,13,0.18,5477.31,2,0,27,2,1,114.56,0,18,0,2,114.56,0.00,0.50,0.00,0,2.00,6,540.21,1,1,1,java.util.HashMap,0.00,0,1,9,0,0,1,0,0,120,2
"org.apache.lucene.search.highlight.WeightedTerm",5,0.38,1.00,14,0.08,974.53,7,2,0,5,4,109.52,32,26,4,1,141.74,0.00,0.00,0.20,0,11.00,1,250.85,0,1,0,java.lang.Object,0.00,0,0,5,1,0,4,0,8,75,1
"org.apache.lucene.facet.index.attributes.CategoryAttribute",11,0.00,1.00,12,0.10,932.14,11,0,4,11,21,107.71,92,16,18,2,155.82,0.00,0.50,0.00,0,11.00,1,313.06,0,5,3,,0.00,0,1,11,0,0,6,0,13,101,1
"org.apache.lucene.facet.index.attributes.CategoryAttributeImpl",16,0.03,2.44,75,0.83,32799.33,18,2,5,32,11,162.14,43,119,7,2,122.26,0.00,0.50,0.53,2,0.00,6,2493.89,1,2,4,org.apache.lucene.util.AttributeImpl,0.19,16,1,39,0,16,14,1,8,563,2
"org.apache.lucene.facet.index.attributes.CategoryAttributeImplTest",3,0.00,2.33,56,0.83,49811.60,3,0,9,26,7,72.87,16,75,0,2,90.75,0.00,0.50,0.00,0,3.00,5,2480.97,0,0,7,org.apache.lucene.util.LuceneTestCase,0.00,23,1,7,0,23,3,0,1,456,1
"org.apache.lucene.facet.index.attributes.CategoryAttributesIterable",2,1.00,1.00,7,0.08,1216.99,3,1,3,3,5,87.15,23,10,3,1,131.28,0.00,0.00,0.00,0,2.00,1,226.02,0,1,2,java.lang.Object,0.00,1,0,2,0,1,1,1,2,58,1
"org.apache.lucene.facet.index.attributes.CategoryAttributesIterable$CategoryAttributesIterator",4,2.00,1.00,13,0.12,1700.17,6,2,3,7,3,132.50,0,19,0,1,132.50,0.00,0.00,0.00,3,4.00,1,361.95,0,1,3,java.lang.Object,0.00,3,0,4,0,3,3,1,0,97,2
"org.apache.lucene.facet.index.attributes.CategoryAttributesIterableTest",1,0.00,3.00,17,0.17,6012.83,1,0,9,7,4,104.22,17,17,0,3,95.09,0.00,0.67,0.00,0,0.00,3,512.34,0,0,4,org.apache.lucene.facet.index.CategoryContainerTestBase,0.00,6,2,3,0,6,1,0,2,100,1
"org.apache.lucene.facet.index.attributes.CategoryProperty",1,0.00,1.00,2,0.01,88.08,1,0,2,1,22,126.37,39,4,22,2,144.46,0.00,0.50,0.00,0,1.00,1,44.04,0,0,1,,0.00,0,1,1,0,0,1,0,3,15,1
"org.apache.lucene.facet.index.attributes.OrdinalProperty",7,1.00,1.29,21,0.17,3337.04,8,1,0,8,6,152.67,25,34,5,1,132.05,0.00,0.00,0.14,0,12.00,3,509.74,0,0,1,java.lang.Object,0.00,1,0,9,0,1,7,1,2,131,1
"org.apache.solr.BaseDistributedSearchTestCase",35,0.01,3.09,370,5.04,330774.06,61,26,28,111,19,152.13,42,413,7,3,102.13,3.50,0.20,0.05,15,534.00,16,15129.77,2,17,12,org.apache.solr.SolrTestCaseJ4,0.07,76,2,108,7,76,18,0,25,2827,2
"org.apache.solr.BaseDistributedSearchTestCase$RandDate",1,0.00,1.00,6,0.07,1176.00,2,1,28,4,1,117.79,0,9,0,2,117.79,0.00,0.50,1.00,0,0.00,1,196.89,0,1,1,org.apache.solr.RandVal,0.00,3,1,1,0,3,0,0,0,48,2
"org.apache.solr.BaseDistributedSearchTestCase$RandVal",1,0.00,1.00,3,0.02,222.80,1,0,28,1,0,134.71,0,5,0,1,134.71,0.00,0.00,0.00,0,0.00,1,58.19,0,1,0,java.lang.Object,0.00,0,0,1,0,0,0,0,0,18,0
"org.apache.solr.BaseDistributedSearchTestCase$RandVal_0",1,0.00,1.00,3,0.02,222.80,1,0,28,1,0,134.71,0,5,0,1,134.71,0.00,0.00,0.00,0,0.00,1,58.19,0,1,0,java.lang.Object,0.00,0,0,1,0,0,0,0,0,18,0
"org.apache.solr.BaseDistributedSearchTestCase$RandVal_1",1,0.00,1.00,3,0.02,222.80,1,0,28,1,0,134.71,0,5,0,1,134.71,0.00,0.00,0.00,0,0.00,1,58.19,0,1,0,java.lang.Object,0.00,0,0,1,0,0,0,0,0,18,0
"org.apache.solr.BaseDistributedSearchTestCase$RandVal_2",1,0.00,1.00,3,0.02,222.80,1,0,28,1,0,134.71,0,5,0,1,134.71,0.00,0.00,0.00,0,0.00,1,58.19,0,1,0,java.lang.Object,0.00,0,0,1,0,0,0,0,0,18,0
"org.apache.solr.BaseDistributedSearchTestCase$RandVal_3",2,0.50,2.00,11,0.07,1148.68,4,2,28,4,0,123.04,0,11,0,1,123.04,0.00,0.00,0.25,1,2.00,3,213.09,0,2,0,java.lang.Object,0.00,2,0,4,0,2,0,0,0,56,3
"org.apache.solr.BaseDistributedSearchTestCase$Thread",1,0.00,4.00,13,0.14,4176.98,1,0,28,5,3,100.62,0,16,0,1,100.62,0.00,0.00,0.00,0,0.00,4,420.53,0,0,3,java.lang.Object,0.00,4,0,4,0,4,1,0,0,81,0
"org.apache.solr.BasicFunctionalityTest",24,0.00,1.38,310,5.39,211015.15,24,0,36,116,26,120.23,77,519,0,3,99.61,0.00,0.67,0.00,0,126.00,5,16159.31,13,2,26,org.apache.solr.SolrTestCaseJ4,0.00,92,2,33,0,92,22,0,47,2829,1
"org.apache.solr.BasicFunctionalityTest$RequestHandlerBase",5,0.00,1.00,11,0.08,840.12,5,0,36,6,2,142.25,0,14,0,1,142.25,0.00,0.00,0.00,0,5.00,1,226.16,0,4,2,java.lang.Object,0.00,1,0,5,0,1,1,0,0,66,0
"org.apache.solr.CollectionTester",15,0.02,4.47,193,2.58,193336.65,23,8,3,54,2,98.03,8,231,1,1,98.03,0.00,0.00,0.14,10,71.00,24,7731.72,0,4,2,java.lang.Object,0.00,39,0,67,0,39,11,0,8,1394,0
"org.apache.solr.ConvertedLegacyTest",2,0.00,1.00,515,9.77,555908.47,2,0,5,6,4,52.02,69,1098,0,3,38.23,0.00,0.67,0.00,0,2.00,1,29307.46,7,0,4,org.apache.solr.SolrTestCaseJ4,0.00,4,2,2,0,4,2,0,64,3294,1
"org.apache.solr.DisMaxRequestHandlerTest",5,0.00,1.00,34,0.88,20323.02,5,0,4,14,2,163.55,6,159,0,3,113.55,0.00,0.67,0.00,1,7.00,1,2637.92,5,0,2,org.apache.solr.SolrTestCaseJ4,0.00,9,2,5,0,9,5,0,4,467,1
"org.apache.solr.EchoParamsTest",6,0.40,1.00,30,0.35,4505.02,7,1,3,9,2,122.28,2,45,0,3,122.28,0.00,0.67,0.67,4,0.00,1,1045.21,3,0,2,org.apache.solr.SolrTestCaseJ4,0.00,3,2,6,0,3,6,0,2,236,1
"org.apache.solr.JSONTestUtil",6,0.60,1.83,26,0.43,15829.65,7,1,3,14,5,103.59,35,35,4,1,121.46,0.00,0.00,0.50,2,6.00,4,1289.14,0,6,2,java.lang.Object,0.00,8,0,11,0,8,0,0,7,274,1
"org.apache.solr.MinimalSchemaTest",4,0.00,2.00,26,0.41,9850.12,4,0,4,14,2,97.23,21,71,0,3,115.11,0.00,0.67,0.00,0,4.00,5,1219.61,5,0,2,org.apache.solr.SolrTestCaseJ4,0.00,10,2,8,0,10,4,0,6,241,1
"org.apache.solr.OutputWriterTest",6,1.00,1.00,34,0.44,7509.32,7,1,13,14,9,160.42,16,46,0,3,120.54,0.00,0.67,0.17,0,0.00,1,1316.31,3,0,9,org.apache.solr.SolrTestCaseJ4,0.00,8,2,6,0,8,6,0,10,291,1
"org.apache.solr.OutputWriterTest$UselessOutputWriter",4,0.00,1.00,7,0.06,471.75,4,0,13,5,4,154.69,0,11,0,1,154.69,0.00,0.00,0.00,0,8.00,1,166.32,0,1,4,java.lang.Object,0.00,1,0,4,0,1,3,1,0,49,2
"org.apache.solr.SampleTest",3,0.00,1.00,22,0.36,6075.06,3,0,5,8,3,65.33,26,55,0,3,113.44,0.00,0.67,0.00,0,1.00,1,1079.11,7,0,3,org.apache.solr.SolrTestCaseJ4,0.00,5,2,3,0,5,3,0,9,201,1
"org.apache.solr.SolrInfoMBeanTest",3,0.00,4.33,50,0.88,58358.28,3,0,13,38,8,92.21,14,65,0,3,91.97,0.00,0.67,0.00,1,4.00,7,2648.29,1,1,8,org.apache.solr.SolrTestCaseJ4,0.00,35,2,13,0,35,2,0,9,453,1
"org.apache.solr.SolrJettyTestBase",5,0.19,2.00,40,0.41,11980.77,9,4,6,19,10,150.43,13,54,4,3,110.54,8.50,0.10,0.40,0,1.00,3,1223.70,2,4,6,org.apache.solr.SolrTestCaseJ4,0.00,14,2,10,17,14,1,0,8,254,2
"org.apache.solr.SolrTestCaseJ4",55,0.01,2.49,415,5.91,293757.47,68,13,33,184,132,130.53,175,539,112,2,109.91,174.00,0.01,0.06,27,894.00,10,17722.09,2,26,20,org.apache.lucene.util.LuceneTestCase,0.00,129,1,137,174,129,29,0,63,3365,2
"org.apache.solr.SolrTestCaseJ4$Comparator<Doc>",1,0.00,1.00,3,0.04,766.48,1,0,33,1,0,130.49,0,5,0,1,130.49,0.00,0.00,0.00,0,1.00,1,117.75,0,0,0,java.lang.Object,0.00,0,0,1,0,0,1,0,0,31,0
"org.apache.solr.SolrTestCaseJ4$Comparator<Doc>_0",2,0.00,10.00,28,0.40,21753.61,2,0,33,4,0,95.93,1,36,0,1,95.93,0.00,0.00,0.00,0,2.00,10,1210.36,0,1,0,java.lang.Object,0.00,2,0,20,0,2,1,0,1,246,0
"org.apache.solr.SolrTestCaseJ4$Comparator<Doc>_1",1,0.00,3.00,8,0.09,4301.78,1,0,33,2,0,108.45,0,10,0,1,108.45,0.00,0.00,0.00,0,1.00,3,271.66,0,0,0,java.lang.Object,0.00,1,0,3,0,1,1,0,0,60,0
"org.apache.solr.SolrTestCaseJ4$Doc",7,0.17,2.00,34,0.49,16841.97,10,3,33,20,2,121.76,1,47,0,1,121.76,0.00,0.00,0.19,2,18.00,3,1463.44,0,4,2,java.lang.Object,0.00,13,0,14,0,13,3,1,1,317,2
"org.apache.solr.SolrTestCaseJ4$FVal",3,0.25,1.33,11,0.09,1836.28,5,2,33,4,0,131.19,0,16,0,2,131.19,0.00,0.50,0.33,1,4.00,2,276.27,0,1,0,org.apache.solr.Vals,0.00,1,1,4,0,1,2,0,0,75,2
"org.apache.solr.SolrTestCaseJ4$Fld",1,0.00,2.00,5,0.08,1553.12,3,2,33,5,0,119.64,0,8,0,1,119.64,0.00,0.00,1.00,0,0.00,2,231.61,0,1,0,java.lang.Object,0.00,4,0,2,0,4,0,0,0,55,2
"org.apache.solr.SolrTestCaseJ4$FldType",5,0.25,1.60,29,0.25,7047.42,8,3,33,9,0,120.02,0,32,0,1,120.02,0.00,0.00,0.13,1,14.00,3,743.31,0,3,0,java.lang.Object,0.00,4,0,8,0,4,2,0,0,176,0
"org.apache.solr.SolrTestCaseJ4$IRange",3,0.25,1.00,10,0.07,1037.76,5,2,33,4,0,133.21,0,16,0,2,133.21,0.00,0.50,0.33,1,4.00,1,220.19,0,1,0,org.apache.solr.IVals,0.00,1,1,3,0,1,2,0,0,63,2
"org.apache.solr.SolrTestCaseJ4$IVals",1,0.00,1.00,2,0.01,103.02,1,0,33,1,0,143.92,0,3,0,2,143.92,0.00,0.50,0.00,0,1.00,1,39.51,0,0,0,org.apache.solr.Vals,0.00,0,1,1,0,0,1,0,0,14,3
"org.apache.solr.SolrTestCaseJ4$SVal",3,0.12,1.33,20,0.17,4255.35,7,4,33,5,0,117.09,0,23,0,2,117.09,0.00,0.50,0.33,0,4.00,2,519.77,0,1,0,org.apache.solr.Vals,0.00,2,1,4,0,2,2,0,0,124,2
"org.apache.solr.SolrTestCaseJ4$Vals",3,0.00,1.33,6,0.07,1649.28,3,0,33,5,0,138.13,0,9,0,1,138.13,0.00,0.00,0.00,0,3.00,2,196.21,0,2,0,java.lang.Object,0.00,2,0,4,0,2,1,0,0,54,3
"org.apache.solr.SolrTestCaseJ4$XmlDoc",1,0.00,1.00,4,0.02,212.03,2,1,33,1,0,130.22,0,5,0,1,130.22,0.00,0.00,1.00,0,0.00,1,66.54,0,1,0,java.lang.Object,0.00,0,0,1,0,0,0,0,0,21,2
"org.apache.solr.TestDistributedGrouping",2,0.71,3.50,89,2.71,335721.95,9,7,7,7,4,36.04,13,99,0,4,68.26,0.00,0.75,0.50,1,2.00,5,8141.28,6,0,4,org.apache.solr.BaseDistributedSearchTestCase,0.04,5,3,7,0,5,2,0,7,1156,1
"org.apache.solr.TestDistributedSearch",1,9.00,10.00,132,3.27,381138.76,17,16,1,7,3,4.28,54,179,1,4,47.42,0.00,0.75,0.44,0,0.00,10,9818.74,6,0,2,org.apache.solr.BaseDistributedSearchTestCase,0.04,6,3,10,0,6,1,0,39,1288,1
"org.apache.solr.TestGroupingSearch",17,0.12,3.47,327,8.43,857041.02,22,5,10,71,6,86.22,75,596,0,3,85.98,0.00,0.67,0.08,3,58.00,32,25296.99,17,4,6,org.apache.solr.SolrTestCaseJ4,0.00,54,2,59,0,54,13,0,67,3881,1
"org.apache.solr.TestGroupingSearch$Comparator<Grp>",1,0.00,1.00,5,0.05,1099.53,1,0,10,2,0,170.98,1,7,0,1,120.98,0.00,0.00,0.00,0,1.00,1,164.08,0,0,0,java.lang.Object,0.00,1,0,1,0,1,1,0,1,41,0
"org.apache.solr.TestGroupingSearch$Comparator<Grp>_0",1,0.00,1.00,5,0.07,1411.42,1,0,10,4,0,170.12,1,7,0,1,120.12,0.00,0.00,0.00,0,1.00,1,204.13,0,0,0,java.lang.Object,0.00,3,0,1,0,3,1,0,1,49,0
"org.apache.solr.TestGroupingSearch$Grp",2,0.67,1.50,10,0.13,2698.57,5,3,10,5,0,120.18,1,14,0,1,120.18,0.00,0.00,0.67,0,0.00,2,385.28,0,1,0,java.lang.Object,0.00,3,0,3,0,3,1,0,1,89,2
"org.apache.solr.TestJoin",5,0.00,4.60,111,2.71,247524.72,5,0,14,41,10,123.49,14,148,0,3,83.60,0.00,0.67,0.00,1,8.00,11,8127.73,10,2,10,org.apache.solr.SolrTestCaseJ4,0.00,36,2,23,0,36,3,0,14,1235,1
"org.apache.solr.TestPluginEnable",2,0.00,1.00,6,0.07,911.55,2,0,3,6,2,152.88,6,11,0,3,132.27,0.00,0.67,0.00,0,2.00,1,209.87,1,0,2,org.apache.solr.SolrTestCaseJ4,0.00,4,2,2,0,4,2,0,1,54,1
"org.apache.solr.TestSolrCoreProperties",10,0.06,1.10,63,0.73,15531.00,16,6,11,41,7,166.82,10,75,0,2,116.82,0.00,0.50,0.22,4,50.00,2,2193.20,2,5,7,org.apache.lucene.util.LuceneTestCase,0.00,31,1,11,0,31,5,0,2,451,1
"org.apache.solr.TestTrie",13,0.00,2.31,173,3.38,188229.26,13,0,11,25,6,136.38,26,197,0,3,96.49,0.00,0.67,0.00,3,24.00,6,10136.66,8,0,6,org.apache.solr.SolrTestCaseJ4,0.04,12,2,30,0,12,13,0,21,1717,1
"org.apache.lucene.benchmark.utils.ExtractReuters",5,0.04,3.40,72,0.98,52435.45,11,6,8,36,1,116.92,18,86,1,1,96.30,0.00,0.00,0.20,2,11.00,8,2952.11,0,0,0,java.lang.Object,0.00,31,0,17,0,31,5,0,12,536,1
"org.apache.lucene.benchmark.utils.ExtractReuters$FileFilter",1,0.00,1.00,3,0.02,227.68,1,0,8,3,0,134.64,0,4,0,1,134.64,0.00,0.00,0.00,0,1.00,1,70.91,0,0,0,java.lang.Object,0.00,2,0,1,0,2,1,0,0,21,0
"org.apache.lucene.benchmark.utils.ExtractWikipedia",6,0.15,3.00,86,1.17,55182.14,10,4,8,34,5,96.78,4,101,1,1,96.78,0.00,0.00,0.12,3,14.00,6,3522.10,0,1,4,java.lang.Object,0.00,28,0,18,0,28,5,0,2,654,1
"org.apache.lucene.sandbox.queries.Deprecated",2,0.60,3.00,22,0.32,13620.14,7,5,5,5,3,119.85,37,35,0,3,101.72,0.00,0.67,0.50,0,2.00,4,962.55,1,1,3,org.apache.lucene.index.FilteredTermsEnum,0.00,3,2,6,0,3,1,0,5,199,1
"org.apache.lucene.sandbox.queries.DuplicateFilter",13,0.03,2.46,97,1.07,46118.93,16,3,8,28,11,161.31,20,135,3,2,111.31,0.00,0.50,0.36,2,25.00,10,3202.87,0,6,8,org.apache.lucene.search.Filter,0.00,15,1,32,0,15,7,0,8,646,1
"org.apache.lucene.sandbox.queries.DuplicateFilter$KeepMode",0,0.00,0.00,2,0.01,23.26,0,0,8,0,0,171.00,0,3,0,1,171.00,0.00,0.00,0.00,0,0.00,0,15.51,0,0,0,java.lang.Object,0.00,0,0,0,0,0,0,0,0,6,1
"org.apache.lucene.sandbox.queries.DuplicateFilter$ProcessingMode",0,0.00,0.00,2,0.01,23.26,0,0,8,0,0,171.00,0,3,0,1,171.00,0.00,0.00,0.00,0,0.00,0,15.51,0,0,0,java.lang.Object,0.00,0,0,0,0,0,0,0,0,6,1
"org.apache.lucene.sandbox.queries.DuplicateFilterTest",8,0.46,1.88,96,1.44,41749.90,13,5,13,42,15,101.32,3,115,0,2,101.32,0.00,0.50,0.60,1,0.00,3,4318.90,2,0,15,org.apache.lucene.util.LuceneTestCase,0.00,34,1,15,0,34,8,0,3,796,1
"org.apache.lucene.sandbox.queries.FuzzyLikeThisQuery",9,0.16,4.56,138,2.20,172579.88,17,8,18,63,21,60.83,60,186,3,2,93.05,0.00,0.50,0.26,1,2.00,12,6601.65,1,2,18,org.apache.lucene.search.Query,0.11,54,1,41,0,54,7,0,34,1125,1
"org.apache.lucene.sandbox.queries.FuzzyLikeThisQuery$FieldVals",3,1.00,5.33,32,0.42,20772.02,7,4,18,7,0,103.07,0,52,0,1,103.07,0.00,0.00,0.92,0,0.00,12,1256.70,0,0,0,java.lang.Object,0.00,4,0,16,0,4,3,0,0,266,0
"org.apache.lucene.sandbox.queries.FuzzyLikeThisQuery$ScoreTerm",1,3.00,1.00,8,0.06,948.88,4,3,18,1,1,113.87,0,10,0,1,113.87,0.00,0.00,0.00,0,1.00,1,171.73,0,0,1,java.lang.Object,0.00,0,0,1,0,0,1,0,0,47,2
"org.apache.lucene.sandbox.queries.FuzzyLikeThisQuery$ScoreTermQueue",2,0.00,1.50,5,0.09,2781.31,2,0,18,3,1,184.93,3,13,0,2,134.93,0.00,0.50,0.00,0,2.00,2,259.43,0,0,1,org.apache.lucene.util.PriorityQueue,0.00,1,1,3,0,1,2,0,1,64,2
"org.apache.lucene.sandbox.queries.FuzzyLikeThisQueryTest",7,0.21,1.00,74,1.22,34022.70,11,4,15,33,13,104.67,4,85,0,2,104.67,0.00,0.50,0.43,1,0.00,1,3664.96,2,0,13,org.apache.lucene.util.LuceneTestCase,0.00,26,1,7,0,26,7,0,4,675,1
"org.apache.lucene.sandbox.queries.TestSlowCollationMethods",7,0.39,1.86,87,1.21,45760.75,13,6,15,39,17,121.17,21,91,0,2,100.56,0.00,0.50,0.50,2,0.00,3,3624.34,0,0,17,org.apache.lucene.util.LuceneTestCase,0.00,32,1,13,0,32,7,0,4,685,1
"org.apache.lucene.sandbox.queries.TestSlowCollationMethods$FieldComparatorSource",1,0.00,1.00,3,0.04,609.36,1,0,15,2,1,131.27,0,5,0,1,131.27,0.00,0.00,0.00,0,0.00,1,122.20,0,1,1,java.lang.Object,0.00,1,0,1,0,1,0,0,0,30,0
"org.apache.lucene.spatial.tier.projections.CartesianTierPlotter",13,0.04,1.08,51,0.58,11625.99,22,9,0,24,3,130.18,55,68,2,1,129.94,0.00,0.00,0.08,5,81.00,2,1740.44,0,2,1,java.lang.Object,0.00,11,0,14,0,11,11,0,13,401,1
"org.apache.lucene.spatial.tier.projections.Deprecated",2,0.00,1.00,9,0.09,2597.96,2,0,0,4,1,91.80,13,12,0,1,124.02,0.00,0.00,0.00,0,2.00,1,284.61,0,1,1,java.lang.Object,0.00,2,0,2,0,2,1,1,1,71,1
"org.apache.lucene.spatial.tier.projections.IProjector",2,0.00,1.00,3,0.02,150.60,2,0,0,2,3,196.11,5,4,3,1,156.22,0.00,0.00,0.00,0,2.00,1,65.00,0,1,0,,0.00,0,0,2,0,0,1,0,1,23,1
"org.apache.lucene.spatial.tier.projections.SinusoidalProjectorTest",1,0.00,1.00,3,0.03,376.22,1,0,2,2,0,176.86,22,6,0,2,132.92,0.00,0.50,0.00,0,1.00,1,80.23,0,0,0,org.apache.lucene.util.LuceneTestCase,0.00,1,1,1,0,1,1,0,3,23,1
"org.apache.lucene.facet.taxonomy.CategoryPath",42,0.28,4.05,544,5.92,521919.36,45,3,4,59,83,48.18,403,595,83,1,98.18,0.00,0.00,0.61,7,0.00,9,17766.79,0,7,0,java.lang.Object,0.00,17,0,170,0,17,35,3,94,3560,1
"org.apache.lucene.facet.taxonomy.InconsistentTaxonomyException",2,0.00,1.00,5,0.02,142.21,2,0,0,2,3,115.81,26,8,3,2,145.19,0.00,0.50,0.00,0,2.00,1,63.60,0,0,0,java.lang.Exception,0.00,0,1,2,0,0,2,0,2,23,1
"org.apache.lucene.facet.taxonomy.TaxonomyReader",12,2.00,1.00,16,0.13,1185.47,14,2,3,12,66,173.43,226,17,64,2,155.29,0.00,0.50,0.00,0,12.00,1,385.83,0,2,2,,0.00,0,1,12,0,0,10,0,17,120,1
"org.apache.lucene.facet.taxonomy.TaxonomyReader$ChildrenArrays",2,0.00,1.00,3,0.01,85.26,2,0,3,2,0,115.88,14,4,0,1,158.17,0.00,0.00,0.00,0,2.00,1,42.63,0,0,0,,0.00,0,0,2,0,0,2,0,2,17,2
"org.apache.lucene.facet.taxonomy.TaxonomyWriter",3,0.00,1.00,4,0.03,181.28,3,0,3,3,35,194.01,90,5,33,3,156.97,0.00,0.67,0.00,0,3.00,1,86.79,0,0,2,,0.00,0,2,3,0,0,3,0,5,30,1
"org.apache.lucene.facet.taxonomy.TestCategoryPath",31,0.00,1.65,636,8.91,660565.20,31,0,8,80,1,88.50,127,701,0,2,88.27,0.00,0.50,0.00,0,31.00,7,26741.98,0,0,1,org.apache.lucene.util.LuceneTestCase,0.00,49,1,51,0,49,31,0,112,5175,1
"org.apache.lucene.facet.taxonomy.TestCategoryPath$CS",4,1.00,1.00,11,0.10,1569.64,5,1,8,6,0,139.35,1,16,0,1,139.35,0.00,0.00,0.00,0,4.00,1,308.95,0,1,0,java.lang.Object,0.00,2,0,4,0,2,3,1,1,83,2
"org.apache.lucene.facet.taxonomy.TestTaxonomyCombined",29,0.19,3.21,579,8.14,518580.02,32,3,15,83,9,41.07,307,692,0,2,89.54,0.00,0.50,0.15,5,203.00,14,24406.88,0,3,9,org.apache.lucene.util.LuceneTestCase,0.00,54,1,93,0,54,26,0,166,4396,1
"org.apache.lucene.facet.taxonomy.TestTaxonomyCombined$Thread",2,0.00,2.00,13,0.25,7350.13,2,0,15,9,0,113.74,0,23,0,1,113.74,0.00,0.00,0.00,1,2.00,3,746.72,0,0,0,java.lang.Object,0.00,7,0,4,0,7,2,0,0,147,0
"org.apache.lucene.facet.index.categorypolicy.DefaultOrdinalPolicy",2,0.00,1.00,4,0.03,272.04,2,0,2,2,6,122.83,29,6,3,1,142.97,0.00,0.00,0.00,0,2.00,1,86.97,0,0,3,java.lang.Object,0.00,0,0,2,0,0,2,1,4,27,1
"org.apache.lucene.facet.index.categorypolicy.DefaultPathPolicy",1,0.00,1.00,3,0.02,257.67,1,0,2,2,6,183.70,26,5,3,1,134.22,0.00,0.00,0.00,0,1.00,1,71.02,0,0,3,java.lang.Object,0.00,1,0,1,0,1,1,1,3,21,1
"org.apache.lucene.facet.index.categorypolicy.NonTopLevelOrdinalPolicy",3,1.00,2.00,13,0.11,1807.43,4,1,2,4,6,97.11,39,21,3,1,126.49,0.00,0.00,0.00,0,3.00,4,318.29,0,0,3,java.lang.Object,0.00,1,0,6,0,1,3,1,6,79,1
"org.apache.lucene.facet.index.categorypolicy.NonTopLevelPathPolicy",1,0.00,1.00,4,0.04,402.32,2,1,2,2,6,169.51,29,6,3,1,128.03,0.00,0.00,1.00,0,0.00,1,105.70,0,0,3,java.lang.Object,0.00,1,0,1,0,1,1,1,4,29,1
"org.apache.lucene.facet.index.categorypolicy.OrdinalPolicy",2,0.00,1.00,3,0.02,127.02,2,0,3,2,10,196.10,42,4,8,2,156.80,0.00,0.50,0.00,0,2.00,1,63.51,0,0,2,,0.00,0,1,2,0,0,2,0,4,22,1
"org.apache.lucene.facet.index.categorypolicy.OrdinalPolicyTest",2,0.00,4.00,52,0.70,40346.49,2,0,10,17,8,34.00,19,54,0,2,84.00,0.00,0.50,0.00,0,2.00,6,2114.72,0,0,8,org.apache.lucene.util.LuceneTestCase,0.00,15,1,8,0,15,2,0,4,365,1
"org.apache.lucene.facet.index.categorypolicy.PathPolicy",1,0.00,1.00,2,0.01,79.02,1,0,3,1,10,158.61,34,3,8,2,144.83,0.00,0.50,0.00,0,1.00,1,39.51,0,0,2,,0.00,0,1,1,0,0,1,0,3,14,1
"org.apache.lucene.facet.index.categorypolicy.PathPolicyTest",2,0.00,4.50,60,0.79,46067.74,2,0,9,17,7,31.20,18,59,0,2,81.20,0.00,0.50,0.00,0,2.00,6,2358.54,0,0,7,org.apache.lucene.util.LuceneTestCase,0.00,15,1,9,0,15,2,0,3,413,1
"org.apache.lucene.analysis.wikipedia.WikipediaTokenizer",13,0.03,1.85,150,2.47,104132.11,55,42,10,44,11,69.05,81,191,4,4,101.27,0.00,0.75,0.05,6,33.00,6,7407.83,2,0,8,org.apache.lucene.analysis.Tokenizer,0.40,31,3,24,0,31,13,0,31,1259,2
"org.apache.lucene.analysis.wikipedia.WikipediaTokenizerImpl",27,0.04,4.74,509,7.47,472876.32,92,65,1,37,2,42.30,222,707,1,1,90.40,0.00,0.00,0.06,3,319.00,88,22399.55,0,1,2,java.lang.Object,0.00,10,0,128,0,10,26,0,108,3228,0
"org.apache.lucene.analysis.wikipedia.WikipediaTokenizerTest",7,0.83,1.14,61,1.76,60642.53,8,1,7,20,3,156.27,7,126,0,3,106.27,0.00,0.67,0.29,1,13.00,2,5276.88,1,0,3,org.apache.lucene.analysis.BaseTokenStreamTestCase,0.00,13,2,8,0,13,7,0,5,864,1
"org.apache.lucene.facet.taxonomy.writercache.cl.CharBlockArray",16,0.13,1.69,100,1.04,48461.07,22,6,8,37,4,164.44,23,126,4,1,114.44,0.00,0.00,0.04,3,60.00,4,3122.67,0,8,0,java.lang.Object,0.00,21,0,27,0,21,8,3,3,682,0
"org.apache.lucene.facet.taxonomy.writercache.cl.CharBlockArray$Block",1,3.00,1.00,7,0.06,838.86,4,3,8,1,0,116.45,0,9,0,1,116.45,0.00,0.00,0.00,0,1.00,1,188.58,0,0,0,java.lang.Object,0.00,0,0,1,0,0,1,2,0,46,2
"org.apache.lucene.facet.taxonomy.writercache.cl.Cl2oTaxonomyWriterCache",8,0.43,1.25,23,0.22,4397.08,9,1,2,12,4,138.38,33,33,1,1,138.14,0.00,0.00,0.62,1,0.00,2,662.25,0,0,3,java.lang.Object,0.00,4,0,10,0,4,8,1,8,170,1
"org.apache.lucene.facet.taxonomy.writercache.cl.CollisionMap",15,0.13,2.13,112,1.34,60148.80,21,6,4,21,4,150.81,38,134,1,1,110.93,0.00,0.00,0.04,3,50.00,5,4009.41,0,1,4,java.lang.Object,0.00,6,0,32,0,6,14,0,9,830,1
"org.apache.lucene.facet.taxonomy.writercache.cl.CollisionMap$Entry",1,4.00,1.00,10,0.07,986.62,5,4,4,1,0,110.12,0,12,0,1,110.12,0.00,0.00,0.00,0,1.00,1,203.02,0,0,0,java.lang.Object,0.00,0,0,1,0,0,1,0,0,56,1
"org.apache.lucene.facet.taxonomy.writercache.cl.CollisionMap$EntryIterator",4,0.33,2.00,28,0.28,12629.14,7,3,4,6,0,161.76,4,36,0,1,111.76,0.00,0.00,0.08,0,6.00,3,841.35,0,1,0,java.lang.Object,0.00,2,0,8,0,2,3,1,4,185,1
"org.apache.lucene.facet.taxonomy.writercache.cl.CompactLabelToOrdinal",23,0.08,3.13,272,3.76,252706.31,32,9,10,60,7,82.20,128,330,4,2,100.07,0.00,0.50,0.03,10,96.00,9,11281.06,0,1,4,org.apache.lucene.facet.taxonomy.writercache.cl2o.LabelToOrdinal,0.00,37,1,72,0,37,22,0,76,2130,1
"org.apache.lucene.facet.taxonomy.writercache.cl.CompactLabelToOrdinal$HashArray",1,3.00,1.00,8,0.07,1374.03,4,3,10,1,0,112.60,0,10,0,1,112.60,0.00,0.00,0.00,0,1.00,1,200.93,0,0,0,java.lang.Object,0.00,0,0,1,0,0,1,0,0,54,3
"org.apache.lucene.facet.taxonomy.writercache.cl.LabelToOrdinal",6,2.00,1.00,11,0.09,987.08,8,2,1,6,5,111.26,46,14,4,1,153.55,0.00,0.00,0.00,0,6.00,1,279.84,0,0,1,java.lang.Object,0.00,0,0,6,2,0,6,0,8,81,2
"org.apache.lucene.facet.taxonomy.writercache.cl.TestCharBlockArray",2,0.00,3.50,55,0.68,48984.80,2,0,8,26,1,34.65,16,48,0,2,82.76,0.00,0.50,0.00,1,2.00,5,2040.97,0,0,1,org.apache.lucene.util.LuceneTestCase,0.00,24,1,7,0,24,2,0,1,360,1
"org.apache.lucene.facet.taxonomy.writercache.cl.TestCompactLabelToOrdinal",1,0.00,8.00,48,0.69,73685.08,1,0,8,21,3,78.61,17,49,0,2,69.48,0.00,0.50,0.00,0,1.00,8,2073.62,0,0,3,org.apache.lucene.util.LuceneTestCase,0.00,20,1,8,0,20,1,0,2,337,1
"org.apache.lucene.facet.taxonomy.writercache.cl.TestCompactLabelToOrdinal$LabelToOrdinalMap",5,0.25,1.40,13,0.21,4542.94,6,1,8,10,2,136.40,0,22,0,2,136.40,0.00,0.50,0.80,0,0.00,2,638.93,0,0,2,org.apache.lucene.facet.taxonomy.writercache.cl2o.LabelToOrdinal,0.00,5,1,7,0,5,5,0,0,148,2
"org.apache.lucene.analysis.standard.ClassicAnalyzer",7,0.17,1.14,23,0.24,4500.42,10,3,11,13,10,88.77,52,32,2,3,131.06,0.00,0.67,0.19,0,15.00,2,729.22,0,1,8,org.apache.lucene.analysis.util.StopwordAnalyzerBase,0.00,6,2,8,0,6,6,0,9,176,2
"org.apache.lucene.analysis.standard.ClassicAnalyzer$TokenStreamComponents",1,0.00,1.00,4,0.05,649.94,1,0,11,2,1,126.39,0,6,0,1,126.39,0.00,0.00,0.00,0,1.00,1,140.85,1,0,1,java.lang.Object,0.00,1,0,1,0,1,1,0,0,35,0
"org.apache.lucene.analysis.standard.ClassicFilter",2,0.50,3.50,25,0.39,24010.30,6,4,4,7,7,80.46,10,33,2,4,98.33,0.00,0.75,0.50,0,2.00,6,1181.01,0,0,5,org.apache.lucene.analysis.TokenFilter,0.29,5,3,7,0,5,2,0,7,221,1
"org.apache.lucene.analysis.standard.ClassicTokenizer",9,0.01,1.44,58,0.80,24792.30,25,16,9,21,14,96.93,50,85,5,4,114.80,0.00,0.75,0.07,1,21.00,5,2394.82,2,0,9,org.apache.lucene.analysis.Tokenizer,0.31,12,3,13,0,12,9,0,15,464,2
"org.apache.lucene.analysis.standard.ClassicTokenizerImpl",24,0.05,2.50,255,3.83,189527.85,66,42,2,33,4,60.50,180,440,2,1,102.80,0.00,0.00,0.07,2,234.00,23,11482.09,0,1,3,java.lang.Object,0.00,9,0,60,0,9,23,1,69,1926,0
"org.apache.lucene.analysis.standard.GenerateJflexTLDMacros",6,0.11,2.50,91,1.48,69620.48,13,7,17,50,1,62.69,36,130,1,1,94.91,0.00,0.00,0.24,3,10.00,4,4437.09,0,2,0,java.lang.Object,0.00,44,0,15,0,44,4,0,5,793,1
"org.apache.lucene.analysis.standard.StandardAnalyzer",7,0.17,1.14,23,0.24,4616.59,10,3,11,13,33,88.68,53,32,26,3,130.97,0.00,0.67,0.19,0,15.00,2,734.03,0,1,8,org.apache.lucene.analysis.util.StopwordAnalyzerBase,0.00,6,2,8,0,6,6,0,9,177,2
"org.apache.lucene.analysis.standard.StandardAnalyzer$TokenStreamComponents",1,0.00,1.00,4,0.05,649.94,1,0,11,2,1,126.39,0,6,0,1,126.39,0.00,0.00,0.00,0,1.00,1,140.85,1,0,1,java.lang.Object,0.00,1,0,1,0,1,1,0,0,35,0
"org.apache.lucene.analysis.standard.StandardFilter",3,0.20,3.00,29,0.45,23249.27,8,5,6,9,37,144.41,8,41,32,4,104.52,0.00,0.75,0.33,0,1.00,6,1336.88,0,0,5,org.apache.lucene.analysis.TokenFilter,0.27,6,3,9,0,6,3,0,6,259,1
"org.apache.lucene.analysis.standard.StandardTokenizer",9,0.01,1.67,68,1.03,34517.14,30,21,10,24,59,78.92,61,107,52,4,111.14,0.00,0.75,0.05,1,21.00,5,3089.12,2,0,10,org.apache.lucene.analysis.Tokenizer,0.31,15,3,15,0,15,9,0,24,574,2
"org.apache.lucene.analysis.standard.StandardTokenizerImpl",24,0.05,2.42,246,6.19,240767.74,63,39,1,33,3,53.88,199,798,1,1,101.98,0.00,0.00,0.07,2,234.00,21,18560.07,0,1,3,java.lang.Object,0.00,9,0,58,0,9,23,1,72,2605,2
"org.apache.lucene.analysis.standard.StandardTokenizerInterface",5,1.00,1.00,7,0.04,333.84,6,1,3,5,8,138.76,28,8,7,1,156.63,0.00,0.00,0.00,0,5.00,1,132.36,0,0,1,,0.00,0,0,5,0,0,5,0,7,45,1
"org.apache.lucene.analysis.standard.UAX29URLEmailTokenizer",9,0.02,1.44,56,0.84,28265.93,25,16,14,22,18,96.48,48,83,9,4,114.35,0.00,0.75,0.08,0,21.00,4,2532.53,2,1,10,org.apache.lucene.analysis.Tokenizer,0.31,13,3,13,0,13,8,0,13,497,2
"org.apache.lucene.analysis.standard.UAX29URLEmailTokenizerImpl",24,0.05,2.50,254,27.06,888367.14,65,41,1,33,3,49.41,202,3447,1,1,97.51,0.00,0.00,0.07,2,234.00,23,81172.90,0,1,3,java.lang.Object,0.00,9,0,60,0,9,23,1,72,7929,2
"org.apache.lucene.analysis.it.ItalianAnalyzer",5,0.25,2.00,24,0.42,10955.81,8,3,20,20,16,73.60,50,40,1,3,122.08,0.00,0.67,0.13,0,8.00,3,1274.95,0,2,15,org.apache.lucene.analysis.util.StopwordAnalyzerBase,0.00,15,2,10,0,15,3,0,8,255,2
"org.apache.lucene.analysis.it.ItalianAnalyzer$DefaultSetHolder",0,0.00,0.00,6,0.07,1211.01,1,1,20,0,3,171.00,2,11,0,1,171.00,0.00,0.00,0.00,0,0.00,0,217.37,0,0,3,java.lang.Object,0.00,0,0,0,0,0,0,0,2,50,2
"org.apache.lucene.analysis.it.ItalianLightStemFilter",2,0.33,2.00,14,0.16,3794.18,5,3,6,9,8,113.74,9,20,2,4,113.50,0.00,0.75,0.50,0,2.00,3,481.98,0,0,6,org.apache.lucene.analysis.TokenFilter,0.29,7,3,4,0,7,2,0,1,107,2
"org.apache.lucene.analysis.it.ItalianLightStemmer",1,0.00,14.00,23,0.50,39068.30,1,0,0,1,1,46.57,56,52,1,1,83.44,0.00,0.00,0.00,0,1.00,14,1488.03,0,0,0,java.lang.Object,0.00,0,0,14,0,0,1,0,4,260,1
"org.apache.lucene.analysis.it.TestItalianAnalyzer",6,0.00,1.00,24,0.28,4913.72,6,0,6,10,3,175.60,9,32,0,3,125.60,0.00,0.67,0.00,0,6.00,1,840.89,3,0,3,org.apache.lucene.analysis.BaseTokenStreamTestCase,0.00,4,2,6,0,4,6,0,8,193,1
"org.apache.lucene.analysis.it.TestItalianLightStemFilter",2,0.00,1.00,7,0.06,643.14,2,0,7,4,4,173.34,5,11,0,3,133.46,0.00,0.67,0.00,0,2.00,1,171.82,1,0,4,org.apache.lucene.analysis.BaseTokenStreamTestCase,0.00,2,2,2,0,2,2,0,3,46,1
"org.apache.lucene.analysis.it.TestItalianLightStemFilter$Analyzer",1,0.00,1.00,4,0.05,1009.20,1,0,7,4,3,124.89,0,7,0,1,124.89,0.00,0.00,0.00,0,1.00,1,159.62,0,1,3,java.lang.Object,0.00,3,0,1,0,3,0,0,0,38,0
"org.apache.lucene.index.AutomatonTermsEnum",7,0.33,5.14,127,1.83,148295.38,18,11,7,25,8,98.86,122,155,1,3,89.73,0.00,0.67,0.38,2,0.00,9,5499.46,0,2,7,org.apache.lucene.index.FilteredTermsEnum,0.00,18,2,36,0,18,5,0,49,1007,0
"org.apache.lucene.index.BalancedSegmentMergePolicy",16,0.01,4.00,227,2.84,287834.58,21,5,3,31,5,144.42,31,253,0,4,94.42,0.00,0.75,0.21,8,64.00,13,8530.48,5,5,5,org.apache.lucene.index.LogByteSizeMergePolicy,0.07,15,3,64,0,15,11,0,23,1552,1
"org.apache.lucene.index.BalancedSegmentMergePolicy$MergePolicyParams",13,0.07,1.00,39,0.23,2680.55,19,6,3,13,1,134.98,0,53,0,1,134.98,0.00,0.00,0.23,0,84.00,1,687.28,0,0,1,java.lang.Object,0.00,0,0,13,0,0,13,0,0,191,2
"org.apache.lucene.index.BinaryTokenStream",3,0.00,1.33,14,0.13,2655.13,5,2,5,4,5,175.27,3,21,1,3,125.27,0.00,0.67,0.50,0,2.00,2,380.24,0,0,4,org.apache.lucene.analysis.TokenStream,0.55,1,2,4,0,1,3,0,1,92,2
"org.apache.lucene.index.BinaryTokenStream$ByteTermAttribute",1,0.00,1.00,2,0.01,60.50,1,0,5,1,1,145.74,0,3,0,2,145.74,0.00,0.50,0.00,0,1.00,1,35.16,0,0,1,,0.00,0,1,1,0,0,1,0,0,13,1
"org.apache.lucene.index.BinaryTokenStream$ByteTermAttributeImpl",5,0.50,1.00,12,0.09,1115.43,6,1,5,6,3,141.28,0,18,0,2,141.28,0.00,0.50,0.60,0,2.00,1,264.09,0,1,3,org.apache.lucene.util.AttributeImpl,0.20,1,1,5,0,1,4,2,0,75,2
"org.apache.lucene.index.BufferedDeletes",9,0.22,1.89,57,0.90,30099.89,20,11,8,30,17,134.69,34,77,14,1,114.07,0.00,0.00,0.28,0,0.00,6,2687.01,0,1,3,java.lang.Object,0.00,21,0,17,0,21,8,0,15,538,0
"org.apache.lucene.index.BufferedDeletesStream",14,0.14,4.50,215,3.24,355210.17,20,6,15,78,20,74.23,80,267,3,1,92.10,0.00,0.00,0.30,3,30.00,25,9716.92,0,1,17,java.lang.Object,0.00,64,0,63,0,64,13,0,47,1641,0
"org.apache.lucene.index.BufferedDeletesStream$ApplyDeletesResult",1,3.00,1.00,8,0.07,1209.33,4,3,15,1,1,133.65,3,10,0,1,113.04,0.00,0.00,0.00,0,1.00,1,224.00,0,0,1,java.lang.Object,0.00,0,0,1,0,0,1,0,3,56,2
"org.apache.lucene.index.BufferedDeletesStream$Comparator<SegmentInfo>",1,0.00,3.00,9,0.09,3214.13,1,0,15,2,1,107.53,0,12,0,1,107.53,0.00,0.00,0.00,0,1.00,3,256.49,0,0,1,java.lang.Object,0.00,1,0,3,0,1,1,0,0,58,0
"org.apache.lucene.index.BufferedDeletesStream$QueryAndLimit",1,2.00,1.00,6,0.04,570.78,3,2,15,1,1,120.27,0,8,0,1,120.27,0.00,0.00,0.00,0,1.00,1,130.51,0,0,1,java.lang.Object,0.00,0,0,1,0,0,1,0,0,37,2
"org.apache.lucene.index.BugReproAnalyzer",1,0.00,1.00,3,0.03,372.87,1,0,12,3,11,132.95,0,6,1,2,132.95,0.00,0.50,0.00,0,1.00,1,93.65,0,1,10,org.apache.lucene.analysis.Analyzer,0.00,2,1,1,0,2,0,0,0,26,1
"org.apache.lucene.index.BugReproAnalyzerTokenizer",2,0.78,1.50,22,0.33,9684.58,11,9,12,6,10,103.04,0,28,1,4,103.04,0.00,0.75,0.50,0,2.00,2,989.64,1,0,9,org.apache.lucene.analysis.Tokenizer,0.42,4,3,3,0,4,2,0,0,199,1
"org.apache.lucene.index.ByteSliceReader",6,0.55,2.17,70,0.82,47002.71,14,8,4,8,8,141.20,12,86,5,2,101.31,0.00,0.50,0.58,1,0.00,3,2474.82,0,0,3,org.apache.lucene.store.DataInput,0.24,2,1,13,0,2,6,0,8,487,1
"org.apache.lucene.index.ByteSliceWriter",5,0.56,1.60,33,0.37,12725.75,9,4,2,6,4,97.17,26,44,1,2,115.05,0.00,0.50,0.70,0,0.00,3,1103.09,0,0,3,org.apache.lucene.store.DataOutput,0.25,1,1,8,0,1,5,0,5,238,1
"org.apache.lucene.index.CheckIndex",0,0.00,0.00,4,0.02,204.34,2,2,29,0,23,171.00,16,4,5,1,171.00,0.00,0.00,0.00,0,0.00,0,68.11,0,0,18,java.lang.Object,0.00,0,0,0,0,0,0,0,2,19,1
"org.apache.lucene.index.CheckIndex$Status",15,0.04,12.53,661,12.85,2029952.34,35,20,29,155,31,20.23,161,852,0,1,68.71,0.00,0.00,0.01,4,10.00,75,38538.63,0,7,31,java.lang.Object,0.00,140,0,188,0,140,8,0,69,5234,2
"org.apache.lucene.index.CheckIndex$Status$DocValuesStatus",0,0.00,0.00,4,0.03,314.50,3,3,29,0,0,171.00,3,5,0,1,171.00,0.00,0.00,0.00,0,0.00,0,89.86,0,0,0,java.lang.Object,0.00,0,0,0,0,0,0,0,3,23,3
"org.apache.lucene.index.CheckIndex$Status$FieldNormStatus",0,0.00,0.00,3,0.03,266.51,2,2,29,0,0,171.00,2,4,0,1,171.00,0.00,0.00,0.00,0,0.00,0,76.15,0,0,0,java.lang.Object,0.00,0,0,0,0,0,0,0,2,20,3
"org.apache.lucene.index.CheckIndex$Status$SegmentInfoStatus",0,0.00,0.00,22,0.21,3832.22,21,21,29,0,1,171.00,31,23,0,1,171.00,0.00,0.00,0.00,0,0.00,0,629.45,0,0,1,java.lang.Object,0.00,0,0,0,0,0,0,0,21,116,2
"org.apache.lucene.index.CheckIndex$Status$StoredFieldStatus",0,0.00,0.00,4,0.04,420.00,3,3,29,0,0,171.00,3,5,0,1,171.00,0.00,0.00,0.00,0,0.00,0,108.00,0,0,0,java.lang.Object,0.00,0,0,0,0,0,0,0,3,27,3
"org.apache.lucene.index.CheckIndex$Status$TermIndexStatus",0,0.00,0.00,6,0.07,1462.28,5,5,29,0,1,171.00,4,7,0,1,171.00,0.00,0.00,0.00,0,0.00,0,215.49,0,0,1,java.lang.Object,0.00,0,0,0,0,0,0,0,4,47,3
"org.apache.lucene.index.CheckIndex$Status$TermVectorStatus",0,0.00,0.00,4,0.04,420.00,3,3,29,0,0,171.00,3,5,0,1,171.00,0.00,0.00,0.00,0,0.00,0,108.00,0,0,0,java.lang.Object,0.00,0,0,0,0,0,0,0,3,27,3
"org.apache.lucene.index.CoalescedDeletes",5,0.12,1.20,21,0.25,5160.01,7,2,8,15,7,124.77,2,26,2,1,124.77,0.00,0.00,0.40,0,7.00,2,749.41,0,2,5,java.lang.Object,0.00,10,0,6,0,10,3,0,2,172,0
"org.apache.lucene.index.CoalescedDeletes$Iterable<QueryAndLimit>",1,0.00,1.00,3,0.02,282.15,1,0,8,2,0,133.91,0,5,0,1,133.91,0.00,0.00,0.00,0,1.00,1,66.26,0,1,0,java.lang.Object,0.00,1,0,1,0,1,0,0,0,20,0
"org.apache.lucene.index.CoalescedDeletes$Iterable<QueryAndLimit>$Iterator<QueryAndLimit>",3,0.50,1.00,9,0.13,2585.36,4,1,8,10,1,130.09,0,15,0,1,130.09,0.00,0.00,0.67,0,1.00,1,385.91,0,1,1,java.lang.Object,0.00,7,0,3,0,7,2,0,0,93,0
"org.apache.lucene.index.CoalescedDeletes$Iterable<Term>",1,0.00,2.00,7,0.10,3550.60,1,0,8,5,1,111.36,0,9,0,1,111.36,0.00,0.00,0.00,0,0.00,2,289.00,0,1,1,java.lang.Object,0.00,4,0,2,0,4,0,0,0,65,0
"org.apache.lucene.index.CoalescedDeletes$Iterator<Term>",5,0.44,2.60,51,0.49,18551.23,9,4,8,16,1,155.37,5,62,0,1,105.37,0.00,0.00,0.60,2,0.00,4,1465.22,0,0,1,java.lang.Object,0.00,11,0,13,0,11,5,0,5,313,0
"org.apache.lucene.index.CoalescedDeletes$SubIterator",0,0.00,0.00,4,0.03,319.82,3,3,8,0,1,171.00,0,5,0,1,171.00,0.00,0.00,0.00,0,0.00,0,79.95,0,0,1,java.lang.Object,0.00,0,0,0,0,0,0,0,0,21,2
"org.apache.lucene.index.CoalescedDeletes$TermMergeQueue",2,0.00,1.50,9,0.09,2952.29,2,0,8,3,1,123.49,0,14,0,2,123.49,0.00,0.50,0.00,0,2.00,2,284.71,0,0,1,org.apache.lucene.util.PriorityQueue,0.00,1,1,3,0,1,2,0,0,68,2
"org.apache.lucene.index.ConcurrentMergeScheduler",19,0.02,3.00,161,1.88,96743.04,27,8,8,64,27,90.00,111,224,21,2,107.87,1.00,0.33,0.14,6,195.00,12,5635.65,0,0,6,org.apache.lucene.index.MergeScheduler,0.10,45,1,57,1,45,19,0,59,1059,1
"org.apache.lucene.index.ConcurrentMergeScheduler$Comparator<MergeThread>",1,0.00,3.00,7,0.12,4217.11,1,0,8,2,0,110.68,0,8,0,1,110.68,0.00,0.00,0.00,0,1.00,3,346.55,0,0,0,java.lang.Object,0.00,1,0,3,0,1,1,0,0,75,0
"org.apache.lucene.index.ConcurrentMergeScheduler$MergeThread",7,0.04,2.86,48,0.47,15357.88,11,4,8,17,3,165.42,13,74,0,2,115.42,0.00,0.50,0.29,2,8.00,9,1423.70,0,3,3,org.apache.lucene.index.Thread,0.00,10,1,20,0,10,4,0,13,298,1
"org.apache.lucene.index.CorruptIndexException",1,0.00,1.00,3,0.02,106.02,1,0,1,1,87,137.49,4,5,87,2,137.25,2.00,0.25,0.00,0,1.00,1,45.51,0,0,0,java.io.IOException,0.00,0,1,1,2,0,1,0,1,16,1
"org.apache.lucene.index.DirectoryReader",53,0.03,2.53,488,5.96,366119.34,70,17,19,158,32,125.57,177,612,8,2,104.96,0.00,0.50,0.09,10,1027.00,12,17891.95,2,21,26,org.apache.lucene.index.IndexReader,0.39,105,1,134,0,105,32,1,145,3377,0
"org.apache.lucene.index.DirectoryReader$ReaderCommit",11,0.04,1.00,36,0.32,4374.06,18,7,19,19,3,132.73,0,59,0,2,132.73,0.00,0.50,0.18,0,60.00,1,947.31,0,5,3,org.apache.lucene.index.IndexCommit,0.75,8,1,11,0,8,6,0,0,234,3
"org.apache.lucene.index.DirectoryReader$SegmentInfos.FindSegmentsFile",1,0.00,1.00,5,0.06,1242.06,1,0,19,4,3,120.56,0,7,0,1,120.56,0.00,0.00,0.00,0,0.00,1,191.47,0,1,3,java.lang.Object,0.00,3,0,1,0,3,0,0,0,44,0
"org.apache.lucene.index.DirectoryReader$SegmentInfos.FindSegmentsFile_0",1,0.00,1.00,5,0.06,1252.51,1,0,19,4,2,120.53,0,7,0,1,120.53,0.00,0.00,0.00,0,0.00,1,182.19,0,1,2,java.lang.Object,0.00,3,0,1,0,3,0,0,0,42,0
"org.apache.lucene.index.DocConsumer",6,0.00,1.00,7,0.04,243.65,6,0,1,6,7,158.33,0,8,5,1,158.33,0.00,0.00,0.00,0,6.00,1,124.23,0,0,2,java.lang.Object,0.00,0,0,6,1,0,6,0,0,45,1
"org.apache.lucene.index.DocFieldConsumer",6,0.00,1.00,7,0.05,330.72,6,0,2,6,6,207.29,6,8,3,1,157.29,0.00,0.00,0.00,0,6.00,1,148.78,0,1,3,java.lang.Object,0.00,0,0,6,2,0,5,0,3,50,1
"org.apache.lucene.index.DocFieldConsumerPerField",3,0.00,1.00,4,0.02,154.38,3,0,1,3,9,157.52,1,5,7,1,157.52,0.00,0.00,0.00,0,3.00,1,74.24,0,0,2,java.lang.Object,0.00,0,0,3,2,0,3,0,1,26,1
"org.apache.lucene.index.DocFieldConsumers",7,0.28,1.14,35,0.41,13576.32,10,3,3,18,6,119.01,2,53,1,2,119.01,0.00,0.50,0.57,0,0.00,2,1239.49,0,1,6,org.apache.lucene.index.DocFieldConsumer,0.62,11,1,8,0,11,6,0,1,284,1
"org.apache.lucene.index.DocFieldConsumersPerField",4,0.08,1.00,19,0.16,2650.25,8,4,1,6,4,126.33,0,29,1,2,126.33,0.00,0.50,0.31,0,6.00,1,474.25,0,1,4,org.apache.lucene.index.DocFieldConsumerPerField,0.86,2,1,4,0,2,3,0,0,123,1
"org.apache.lucene.index.DocFieldProcessor",10,0.19,4.20,174,2.41,173105.65,22,12,13,62,19,112.01,38,217,3,2,91.40,0.00,0.50,0.25,2,0.00,13,7215.11,0,2,17,org.apache.lucene.index.DocConsumer,0.75,52,1,42,0,52,8,0,31,1261,1
"org.apache.lucene.index.DocFieldProcessor$Comparator<DocFieldProcessorPerField>",1,0.00,1.00,3,0.04,494.59,1,0,13,2,1,131.99,0,4,0,1,131.99,0.00,0.00,0.00,0,1.00,1,111.03,0,0,1,java.lang.Object,0.00,1,0,1,0,1,1,0,0,31,0
"org.apache.lucene.index.DocFieldProcessor$DocValuesConsumerAndDocID",1,2.00,1.00,5,0.03,367.59,3,2,13,1,1,124.73,0,7,0,1,124.73,0.00,0.00,0.00,0,1.00,1,93.64,0,0,1,java.lang.Object,0.00,0,0,1,0,0,1,0,0,27,2
"org.apache.lucene.index.DocFieldProcessorPerField",3,0.00,1.33,19,0.20,4660.56,9,6,2,7,7,166.78,3,24,2,1,116.78,0.00,0.00,0.17,0,5.00,2,597.45,0,0,6,java.lang.Object,0.00,4,0,4,0,4,3,0,1,136,1
"org.apache.lucene.index.DocHelper",6,0.02,1.33,182,3.06,136214.21,69,63,18,30,28,63.66,33,214,13,1,81.53,0.00,0.00,0.00,2,10.00,2,9166.12,0,1,15,java.lang.Object,0.00,24,0,8,0,24,5,0,14,1564,0
"org.apache.lucene.index.DocInverter",7,0.06,1.14,36,0.43,11963.99,13,6,6,25,15,119.44,6,52,2,2,119.44,0.00,0.50,0.21,0,0.00,2,1295.14,0,1,14,org.apache.lucene.index.DocFieldConsumer,0.62,18,1,8,0,18,6,0,4,289,1
"org.apache.lucene.index.DocInverter$SingleTokenAttributeSource",2,1.00,1.00,9,0.08,842.15,4,2,6,5,3,127.88,0,12,0,2,127.88,0.00,0.50,1.00,0,0.00,1,241.73,0,0,3,org.apache.lucene.util.AttributeSource,0.00,3,1,2,0,3,2,0,0,63,1
"org.apache.lucene.index.DocInverterPerField",4,0.33,3.50,65,0.85,72260.29,10,6,5,27,16,60.05,27,81,7,2,92.27,0.00,0.50,0.42,0,0.00,11,2558.75,0,1,10,org.apache.lucene.index.DocFieldConsumerPerField,0.86,23,1,14,0,23,3,0,20,449,1
"org.apache.lucene.index.DocTermOrds",14,0.04,4.71,256,3.74,601362.19,33,19,8,42,16,67.19,209,291,8,1,87.34,0.00,0.00,0.09,5,62.00,36,11212.83,0,2,8,java.lang.Object,0.00,28,0,66,1,28,12,0,107,1773,1
"org.apache.lucene.index.DocTermOrds$OrdWrappedTermsEnum",12,0.16,2.00,87,1.07,90161.29,16,4,8,26,7,158.80,15,121,0,2,108.80,0.00,0.50,0.40,2,0.00,8,3222.61,0,6,7,org.apache.lucene.index.TermsEnum,0.52,14,1,24,0,14,6,0,15,634,2
"org.apache.lucene.index.DocTermOrds$TermOrdsIterator",2,1.33,6.00,50,0.43,33789.30,5,3,8,2,0,42.86,14,51,0,1,85.15,0.00,0.00,1.00,0,0.00,10,1298.34,0,1,0,java.lang.Object,0.00,0,0,12,0,0,1,0,12,254,1
"org.apache.lucene.index.DocsAndPositionsEnum",5,0.00,1.00,8,0.06,647.85,5,0,2,6,86,204.36,7,13,84,3,154.36,7.00,0.12,0.00,0,5.00,1,178.32,0,1,2,org.apache.lucene.index.DocsEnum,0.46,1,2,5,14,1,4,0,3,56,2
"org.apache.lucene.index.DocsEnum",5,0.12,1.80,29,0.26,10286.26,7,2,4,7,129,100.83,28,37,126,2,118.70,27.00,0.03,0.40,1,5.00,3,780.91,1,2,3,org.apache.lucene.search.DocIdSetIterator,0.00,2,1,9,27,2,3,0,7,178,2
"org.apache.lucene.index.DocsEnum$BulkReadResult",0,0.00,0.00,3,0.03,728.52,2,2,4,1,1,171.00,0,4,0,1,171.00,0.00,0.00,0.00,0,0.00,0,92.51,0,0,1,java.lang.Object,0.00,1,0,0,0,1,0,0,0,25,2
"org.apache.lucene.index.DocumentsWriter",27,0.07,2.67,275,3.32,147418.35,44,17,19,100,24,86.17,151,392,9,1,104.04,0.00,0.00,0.13,8,126.00,6,9970.87,0,1,20,java.lang.Object,0.00,73,0,72,0,73,26,0,48,1878,1
"org.apache.lucene.index.DocumentsWriter$FlushTicket",2,0.00,1.00,9,0.06,625.70,5,3,19,2,1,128.89,1,12,0,1,128.89,0.00,0.00,0.33,0,2.00,1,176.86,0,0,1,java.lang.Object,0.00,0,0,2,0,0,2,0,1,50,2
"org.apache.lucene.index.DocumentsWriter$TicketQueue",7,0.08,1.00,22,0.15,2195.26,9,2,19,17,0,133.54,0,32,0,1,133.54,0.00,0.00,0.57,2,0.00,1,459.24,0,2,0,java.lang.Object,0.00,10,0,7,0,10,5,0,0,129,2
"org.apache.lucene.index.DocumentsWriterDeleteQueue",18,0.12,1.89,103,1.04,30534.68,24,6,4,39,9,101.48,105,147,5,1,119.35,0.00,0.00,0.28,4,22.00,8,3118.86,0,2,4,java.lang.Object,0.00,21,0,34,0,21,16,0,24,685,1
"org.apache.lucene.index.DocumentsWriterDeleteQueue$DeleteSlice",5,0.50,1.60,22,0.17,4742.36,7,2,4,6,1,125.23,20,29,0,1,124.99,0.00,0.00,0.90,1,0.00,3,507.34,0,0,1,java.lang.Object,0.00,1,0,8,0,1,5,0,8,123,1
"org.apache.lucene.index.DocumentsWriterDeleteQueue$Node<T>",3,0.33,1.67,10,0.13,3321.39,6,3,4,5,1,129.11,0,16,0,1,129.11,0.00,0.00,0.11,0,4.00,3,390.47,0,0,1,java.lang.Object,0.00,2,0,5,0,2,3,0,0,94,2
"org.apache.lucene.index.DocumentsWriterDeleteQueue$QueryArrayNode",2,0.00,1.50,7,0.06,782.27,2,0,4,3,2,132.70,0,11,0,2,132.70,0.00,0.50,0.00,0,2.00,2,180.85,0,0,2,Node,0.00,1,1,3,0,1,2,0,0,48,3
"org.apache.lucene.index.DocumentsWriterDeleteQueue$TermArrayNode",3,0.00,1.33,9,0.08,1127.47,3,0,4,5,2,132.86,0,15,0,2,132.86,0.00,0.50,0.00,0,3.00,2,245.58,0,1,2,Node,0.00,2,1,4,0,2,2,0,0,65,3
"org.apache.lucene.index.DocumentsWriterDeleteQueue$TermNode",3,0.00,1.00,7,0.06,637.61,3,0,4,4,2,141.44,0,13,0,2,141.44,0.00,0.50,0.00,0,3.00,1,181.92,0,1,2,Node,0.00,1,1,3,0,1,2,0,0,52,3
"org.apache.lucene.index.DocumentsWriterFlushControl",40,0.06,1.98,304,3.47,125356.02,61,21,10,108,11,151.67,98,430,6,1,111.79,0.00,0.00,0.11,12,646.00,6,10417.39,0,7,8,java.lang.Object,0.00,68,0,79,0,68,33,0,48,2065,2
"org.apache.lucene.index.DocumentsWriterFlushControl$BlockedFlush",1,2.00,1.00,7,0.04,493.69,3,2,10,1,1,118.27,0,9,0,1,118.27,0.00,0.00,0.00,0,1.00,1,130.76,0,0,1,java.lang.Object,0.00,0,0,1,0,0,1,0,0,37,2
"org.apache.lucene.index.DocumentsWriterPerThread",22,0.12,2.77,251,3.44,229520.95,48,26,18,81,39,120.89,76,335,20,1,100.28,0.00,0.00,0.16,5,10.00,13,10334.59,0,4,21,java.lang.Object,0.00,59,0,61,0,59,18,0,50,1780,1
"org.apache.lucene.index.DocumentsWriterPerThread$DocState",3,0.00,1.00,15,0.10,1283.85,10,7,18,4,4,174.21,3,19,0,1,124.21,0.00,0.00,0.14,0,5.00,1,311.88,0,0,4,java.lang.Object,0.00,1,0,3,0,1,3,0,3,78,1
"org.apache.lucene.index.DocumentsWriterPerThread$FlushedSegment",1,3.00,1.00,8,0.06,809.92,4,3,18,1,3,114.41,0,11,0,1,114.41,0.00,0.00,0.00,0,1.00,1,174.72,0,0,3,java.lang.Object,0.00,0,0,1,0,0,1,0,0,47,1
"org.apache.lucene.index.DocumentsWriterPerThread$IndexingChain",1,0.00,1.00,2,0.01,52.70,1,0,18,1,2,146.21,0,3,0,1,146.21,0.00,0.00,0.00,0,1.00,1,31.26,0,0,2,java.lang.Object,0.00,0,0,1,0,0,1,0,0,12,2
"org.apache.lucene.index.DocumentsWriterPerThread$IndexingChain_0",1,0.00,1.00,8,0.12,2711.59,1,0,18,7,10,128.41,18,11,0,1,110.28,0.00,0.00,0.00,0,1.00,1,364.70,0,0,10,java.lang.Object,0.00,6,0,1,0,6,1,0,2,76,0
"org.apache.lucene.index.DocumentsWriterPerThreadPool",15,0.03,1.67,90,0.87,30772.40,20,5,4,31,8,97.90,82,112,5,1,115.77,0.00,0.00,0.17,3,61.00,4,2621.12,0,4,5,java.lang.Object,0.00,16,0,25,1,16,11,0,21,564,2
"org.apache.lucene.index.DocumentsWriterPerThreadPool$Iterator<ThreadState>",3,1.00,1.00,8,0.05,518.13,4,1,4,4,0,142.15,0,11,0,1,142.15,0.00,0.00,0.33,0,4.00,1,158.00,0,0,0,java.lang.Object,0.00,1,0,3,0,1,3,0,0,46,0
"org.apache.lucene.index.DocumentsWriterPerThreadPool$SuppressWarnings",6,0.05,1.17,25,0.18,2916.95,10,4,4,7,1,127.58,28,34,0,2,127.35,0.00,0.50,0.21,0,22.00,2,549.23,0,1,1,java.util.concurrent.locks.ReentrantLock,0.00,1,1,7,0,1,5,0,11,137,3
"org.apache.lucene.index.DocumentsWriterStallControl",4,0.17,1.50,17,0.14,2758.12,6,2,2,9,1,83.80,28,25,1,1,126.10,0.00,0.00,0.62,0,0.00,3,431.71,0,0,1,java.lang.Object,0.00,5,0,6,0,5,4,0,7,105,1
"org.apache.lucene.index.DocumentsWriterStallControl$SuppressWarnings",7,1.00,1.43,24,0.20,3137.35,8,1,2,11,0,132.24,2,37,0,2,132.24,0.00,0.50,0.14,1,12.00,3,591.58,0,0,0,java.util.concurrent.locks.AbstractQueuedSynchronizer,0.00,4,1,10,0,4,7,0,2,151,3
"org.apache.lucene.index.FieldInfo",10,0.15,2.40,78,0.76,39828.18,22,12,1,12,101,111.16,45,107,100,1,110.92,0.00,0.00,0.22,1,6.00,10,2291.07,0,2,1,java.lang.Object,0.00,2,0,24,0,2,8,0,19,495,2
"org.apache.lucene.index.FieldInfo$IndexOptions",0,0.00,0.00,2,0.01,48.00,0,0,1,0,0,171.00,1,4,0,1,171.00,0.00,0.00,0.00,0,0.00,0,24.00,0,0,0,java.lang.Object,0.00,0,0,0,0,0,0,0,1,8,2
"org.apache.lucene.index.FieldInfos",36,0.02,3.00,293,3.92,213835.13,57,21,17,84,73,107.58,160,404,62,1,107.34,0.00,0.00,0.06,10,440.00,25,11748.12,0,4,11,java.lang.Object,0.00,48,0,108,0,48,32,1,40,2147,2
"org.apache.lucene.index.FieldInfos$FieldNumberBiMap",9,0.20,1.78,64,0.78,25107.71,17,8,17,29,3,112.45,38,81,0,1,112.21,0.00,0.00,0.31,2,0.00,4,2330.30,0,1,3,java.lang.Object,0.00,20,0,16,0,20,8,0,12,490,2
"org.apache.lucene.index.FieldInvertState",14,0.02,1.00,47,0.27,3506.08,22,8,1,14,44,174.20,41,62,43,1,134.31,0.00,0.00,0.14,0,90.00,1,809.29,0,1,1,java.lang.Object,0.00,0,0,14,0,0,13,0,9,225,2
"org.apache.lucene.index.FieldNormModifier",3,0.25,5.33,62,0.96,61880.31,5,2,12,39,16,50.55,37,74,3,1,88.11,0.00,0.00,0.67,0,1.00,10,2878.05,0,0,13,java.lang.Object,0.00,36,0,16,0,36,3,0,4,479,1
"org.apache.lucene.index.FieldReaderException",4,0.00,1.00,8,0.04,308.18,4,0,0,4,4,134.56,61,13,4,2,144.91,0.00,0.50,0.00,0,4.00,1,126.69,0,0,0,java.lang.RuntimeException,0.00,0,1,4,0,0,4,0,6,43,1
"org.apache.lucene.index.FieldSortedTermVectorMapper",6,0.10,1.00,21,0.27,5399.87,10,4,2,11,7,130.17,29,30,3,2,129.94,0.00,0.50,0.33,0,10.00,1,812.60,0,2,4,org.apache.lucene.index.TermVectorMapper,0.00,5,1,6,0,5,4,0,4,188,1
"org.apache.lucene.index.Fields",3,1.00,2.33,18,0.17,6623.20,4,1,1,5,52,136.06,11,24,50,1,115.45,0.00,0.00,0.00,1,3.00,5,517.29,0,1,2,java.lang.Object,0.00,2,0,7,10,2,2,0,5,114,2
"org.apache.lucene.index.FieldsEnum",3,0.50,1.33,11,0.09,2184.74,5,2,2,5,51,112.72,17,15,49,1,130.60,0.00,0.00,0.17,0,4.00,2,279.18,0,2,2,java.lang.Object,0.00,2,0,4,9,2,1,0,7,73,2
"org.apache.lucene.index.FieldsEnum$FieldsEnum",2,0.00,1.00,5,0.03,359.83,2,0,2,3,1,142.01,0,9,0,1,142.01,0.00,0.00,0.00,0,2.00,1,94.73,0,1,1,java.lang.Object,0.00,1,0,2,0,1,1,0,0,29,0
"org.apache.lucene.index.FilterIndexReader",32,0.03,1.00,97,0.95,15368.94,33,1,10,64,21,132.09,30,159,9,2,132.09,5.00,0.14,0.97,0,0.00,1,2860.69,3,9,12,org.apache.lucene.index.IndexReader,0.33,32,1,32,5,32,23,0,12,719,1
"org.apache.lucene.index.FilterIndexReader$FilterDocsAndPositionsEnum",8,0.14,1.00,18,0.16,2605.16,9,1,10,15,2,139.98,0,34,0,4,139.98,0.00,0.75,0.88,0,0.00,1,474.98,0,1,2,org.apache.lucene.index.DocsAndPositionsEnum,1.33,7,3,8,0,7,7,0,0,133,2
"org.apache.lucene.index.FilterIndexReader$FilterDocsEnum",7,0.17,1.00,16,0.14,2273.60,8,1,10,13,1,139.99,0,30,0,3,139.99,0.00,0.67,0.86,0,0.00,1,415.78,0,0,1,org.apache.lucene.index.DocsEnum,1.20,6,2,7,0,6,7,0,0,117,2
"org.apache.lucene.index.FilterIndexReader$FilterFields",3,0.50,1.00,8,0.07,1121.15,4,1,10,5,3,139.51,0,14,0,2,139.51,0.00,0.50,0.67,0,1.00,1,213.16,0,1,3,org.apache.lucene.index.Fields,0.33,2,1,3,0,2,2,0,0,59,2
"org.apache.lucene.index.FilterIndexReader$FilterFieldsEnum",3,0.50,1.00,8,0.07,1028.53,4,1,10,5,2,139.81,0,14,0,2,139.81,0.00,0.50,0.67,0,1.00,1,198.14,0,1,2,org.apache.lucene.index.FieldsEnum,0.67,2,1,3,0,2,2,0,0,56,2
"org.apache.lucene.index.FilterIndexReader$FilterTerms",10,0.11,1.00,22,0.24,4288.43,11,1,10,19,6,139.04,0,42,0,2,139.04,0.00,0.50,0.90,0,0.00,1,734.49,0,2,6,org.apache.lucene.index.Terms,0.48,9,1,10,0,9,8,0,0,192,2
"org.apache.lucene.index.FilterIndexReader$FilterTermsEnum",14,0.08,1.00,30,0.34,5864.33,15,1,10,25,6,139.12,0,56,0,2,139.12,0.00,0.50,0.93,0,0.00,1,1017.43,0,4,6,org.apache.lucene.index.TermsEnum,0.55,11,1,14,0,11,10,0,0,266,2
"org.apache.lucene.index.FilteredTermsEnum",19,0.07,1.32,68,0.79,27776.97,23,4,5,34,24,128.45,84,107,17,2,128.22,11.00,0.08,0.18,2,39.00,7,2355.39,0,7,7,org.apache.lucene.index.TermsEnum,0.53,15,1,25,11,15,12,0,27,528,2
"org.apache.lucene.index.FilteredTermsEnum$AcceptStatus",0,0.00,0.00,2,0.01,95.13,0,0,5,0,0,171.00,0,1,0,1,171.00,0.00,0.00,0.00,0,0.00,0,38.05,0,0,0,java.lang.Object,0.00,0,0,0,0,0,0,0,0,11,2
"org.apache.lucene.index.FlushByRamOrCountsPolicy",6,0.00,2.33,30,0.53,17712.69,6,0,1,17,7,69.30,50,52,4,2,117.41,1.00,0.33,0.00,4,0.00,5,1577.64,1,0,4,org.apache.lucene.index.FlushPolicy,0.00,11,1,14,1,11,6,0,8,310,1
"org.apache.lucene.index.FlushPolicy",6,0.30,1.83,32,0.37,13420.95,8,2,5,15,8,69.93,62,45,5,1,118.41,0.00,0.00,0.25,3,10.00,4,1098.32,0,1,6,java.lang.Object,0.00,9,0,11,2,9,5,0,7,239,2
"org.apache.lucene.index.FreqProxTermsWriter",5,1.00,2.20,43,0.61,43553.09,6,1,9,22,12,106.34,22,57,2,2,106.10,0.00,0.50,0.00,0,5.00,7,1832.32,0,1,11,org.apache.lucene.index.TermsHashConsumer,0.40,17,1,11,0,17,4,0,12,317,1
"org.apache.lucene.index.FreqProxTermsWriterPerField",14,0.10,3.36,201,3.02,309277.79,23,9,13,53,22,114.37,44,249,2,2,93.76,0.00,0.50,0.21,1,22.00,20,9050.24,0,1,21,org.apache.lucene.index.TermsHashConsumerPerField,0.55,39,1,47,0,39,13,1,42,1514,1
"org.apache.lucene.index.FreqProxTermsWriterPerField$FreqProxPostingsArray",4,0.33,1.00,23,0.25,6418.70,8,4,13,6,2,169.69,4,31,0,2,119.69,0.00,0.50,0.50,0,4.00,1,739.26,1,1,2,org.apache.lucene.index.ParallelPostingsArray,0.44,2,1,4,0,2,3,0,4,176,2
"org.apache.lucene.index.FrozenBufferedDeletes",7,0.13,1.71,52,0.66,28572.18,16,9,6,21,14,160.92,13,64,8,1,110.92,0.00,0.00,0.22,0,15.00,4,1978.55,0,1,6,java.lang.Object,0.00,14,0,12,0,14,6,0,10,384,0
"org.apache.lucene.index.FrozenBufferedDeletes$Iterable<QueryAndLimit>",1,0.00,1.00,3,0.02,282.15,1,0,6,2,0,133.91,0,5,0,1,133.91,0.00,0.00,0.00,0,1.00,1,66.26,0,1,0,java.lang.Object,0.00,1,0,1,0,1,0,0,0,20,0
"org.apache.lucene.index.FrozenBufferedDeletes$Iterable<QueryAndLimit>$Iterator<QueryAndLimit>",3,0.50,1.00,10,0.08,1633.35,4,1,6,5,0,131.66,0,16,0,1,131.66,0.00,0.00,0.67,0,1.00,1,253.96,0,1,0,java.lang.Object,0.00,2,0,3,0,2,2,0,0,67,0
"org.apache.lucene.index.FrozenBufferedDeletes$Iterable<Term>",1,0.00,1.00,3,0.03,456.90,1,0,6,1,0,132.26,0,5,0,1,132.26,0.00,0.00,0.00,0,0.00,1,84.38,0,1,0,java.lang.Object,0.00,0,0,1,0,0,0,0,0,24,0
"org.apache.lucene.index.IndexCommit",13,0.00,1.23,28,0.26,6323.47,13,0,4,19,39,138.80,53,37,38,1,138.56,0.00,0.00,0.00,3,13.00,3,769.97,0,4,1,java.lang.Object,0.00,6,0,16,4,6,9,1,11,204,2
"org.apache.lucene.index.IndexDeletionPolicy",2,0.00,1.00,3,0.04,438.42,2,0,2,2,29,166.35,69,4,29,1,152.57,0.00,0.00,0.00,0,2.00,1,114.61,0,0,0,,0.00,0,0,2,0,0,2,0,3,32,1
"org.apache.lucene.index.IndexFileDeleter",21,0.07,4.10,264,3.37,226449.64,33,12,12,67,11,50.56,183,337,3,1,98.66,0.00,0.00,0.15,9,125.00,26,10099.43,0,0,9,java.lang.Object,0.00,46,0,86,0,46,21,0,78,1794,1
"org.apache.lucene.index.IndexFileDeleter$CommitPoint",11,0.07,1.09,41,0.38,6586.04,20,9,12,19,3,131.31,4,64,0,2,131.31,0.00,0.50,0.17,0,74.00,2,1137.57,0,5,3,org.apache.lucene.index.IndexCommit,0.75,8,1,12,0,8,6,0,1,268,3
"org.apache.lucene.index.IndexFileDeleter$RefCount",3,0.33,1.33,15,0.14,2708.35,6,3,12,5,0,121.59,1,20,0,1,121.59,0.00,0.00,0.56,0,1.00,2,413.60,0,0,0,java.lang.Object,0.00,2,0,4,0,2,3,0,1,97,3
"org.apache.lucene.index.IndexFileNameFilter",2,0.50,1.50,9,0.11,2210.30,4,2,4,8,1,76.01,20,13,0,1,124.48,0.00,0.00,0.25,0,2.00,2,321.59,0,0,1,java.lang.Object,0.00,6,0,3,0,6,2,1,7,74,1
"org.apache.lucene.index.IndexFileNames",7,0.04,2.86,67,1.05,43128.23,26,19,2,19,62,75.94,95,111,61,1,105.32,0.00,0.00,0.02,1,17.00,4,3152.23,0,4,2,java.lang.Object,0.00,12,0,20,0,12,3,0,33,625,2
"org.apache.lucene.index.IndexFormatTooNewException",2,0.00,1.00,6,0.09,1233.23,2,0,1,3,7,151.85,6,10,5,3,131.23,0.00,0.67,0.00,0,2.00,1,261.79,0,0,2,org.apache.lucene.index.CorruptIndexException,0.00,1,2,2,0,1,2,0,3,65,1
"org.apache.lucene.index.IndexFormatTooOldException",4,0.00,1.00,11,0.14,1923.16,4,0,1,5,9,178.54,8,19,7,3,138.65,0.00,0.67,0.00,0,4.00,1,419.15,0,0,2,org.apache.lucene.index.CorruptIndexException,0.00,1,2,4,0,1,4,0,5,106,1
"org.apache.lucene.index.IndexNotFoundException",1,0.00,1.00,3,0.02,124.13,1,0,1,1,3,136.95,4,5,3,2,136.71,0.00,0.50,0.00,0,1.00,1,49.65,0,0,0,java.io.FileNotFoundException,0.00,0,1,1,0,0,1,0,1,17,2
"org.apache.lucene.index.IndexReader",90,0.11,1.47,361,3.96,158922.18,97,7,19,155,675,74.41,907,479,650,1,122.88,0.00,0.00,0.03,19,1874.00,12,11866.19,0,33,34,java.lang.Object,0.00,65,0,132,12,65,57,2,119,2551,2
"org.apache.lucene.index.IndexReader$AtomicReaderContext",2,2.00,1.00,10,0.11,2209.55,4,2,19,3,1,121.20,9,14,0,2,120.96,0.00,0.50,0.00,0,2.00,1,335.15,0,0,1,org.apache.lucene.index.ReaderContext,0.00,1,1,2,0,1,2,0,4,81,3
"org.apache.lucene.index.IndexReader$CompositeReaderContext",5,0.38,1.00,15,0.17,2578.90,7,2,19,5,1,181.84,9,26,0,2,131.84,0.00,0.50,0.20,0,11.00,1,506.09,0,1,1,org.apache.lucene.index.ReaderContext,0.00,0,1,5,0,0,4,0,4,129,3
"org.apache.lucene.index.IndexReader$FieldOption",0,0.00,0.00,2,0.03,150.12,0,0,19,0,0,171.00,1,15,0,1,171.00,0.00,0.00,0.00,0,0.00,0,75.06,0,0,0,java.lang.Object,0.00,0,0,0,0,0,0,0,1,18,2
"org.apache.lucene.index.IndexReader$ReaderContext",3,6.00,1.00,18,0.15,2547.29,9,6,19,3,1,76.62,21,23,0,1,118.91,0.00,0.00,0.00,0,3.00,1,441.40,0,1,1,java.lang.Object,0.00,0,0,3,0,0,2,0,8,111,3
"org.apache.lucene.index.IndexReader$ReaderFinishedListener",1,0.00,1.00,2,0.01,52.70,1,0,19,1,1,146.21,0,3,0,1,146.21,0.00,0.00,0.00,0,1.00,1,31.26,0,0,1,,0.00,0,0,1,0,0,1,0,0,12,2
"org.apache.lucene.index.IndexReader$SegmentInfos.FindSegmentsFile",1,0.00,1.00,3,0.04,499.66,1,0,19,3,0,131.95,0,5,0,1,131.95,0.00,0.00,0.00,0,1.00,1,115.56,0,1,0,java.lang.Object,0.00,2,0,1,0,2,0,0,0,30,0
"org.apache.lucene.index.IndexSplitter",8,0.07,2.88,94,1.17,55776.86,12,4,11,42,6,122.26,27,102,2,1,101.65,0.00,0.00,0.31,3,0.00,7,3503.06,0,1,4,java.lang.Object,0.00,34,0,23,0,34,7,0,4,673,1
"org.apache.lucene.index.IndexUpgrader",6,0.20,2.67,58,0.79,27950.27,9,3,9,33,14,106.53,29,75,2,1,106.29,0.00,0.00,0.17,1,10.00,6,2377.52,0,0,12,java.lang.Object,0.00,27,0,16,0,27,6,0,4,459,2
"org.apache.lucene.index.IndexWriter",3,0.03,3.33,73,1.08,44013.11,38,35,37,24,276,136.13,242,87,252,1,86.43,0.00,0.00,0.05,1,5.00,8,3229.84,0,3,31,java.lang.Object,0.00,21,0,10,11,21,0,2,40,525,1
"org.apache.lucene.index.IndexWriter$ReaderPool",133,0.10,3.51,1415,19.26,1214383.67,139,6,37,300,35,52.22,1244,1935,0,1,102.22,0.00,0.00,0.07,60,7644.00,22,57774.38,0,18,35,java.lang.Object,0.00,167,0,467,0,167,115,0,448,10193,0
"org.apache.lucene.index.IndexWriter$ReaderPool$IndexReaderWarmer",1,0.00,1.00,2,0.02,121.82,1,0,37,1,1,143.35,0,3,0,1,143.35,0.00,0.00,0.00,0,1.00,1,48.73,0,0,1,java.lang.Object,0.00,0,0,1,0,0,1,0,0,16,3
"org.apache.lucene.index.IndexWriter$ReaderPool$SegmentCacheKey",4,0.33,1.25,16,0.19,5251.21,6,2,37,7,1,123.94,0,25,0,1,123.94,0.00,0.00,0.75,0,0.00,2,576.48,0,1,1,java.lang.Object,0.00,3,0,5,0,3,3,0,0,139,1
"org.apache.lucene.index.IndexWriterConfig",47,0.02,1.40,208,2.44,82218.20,78,31,10,70,149,74.82,378,275,132,1,122.93,0.00,0.00,0.05,0,1083.00,4,7325.40,1,32,20,java.lang.Object,0.00,23,0,66,0,23,15,1,65,1468,2
"org.apache.lucene.index.IndexWriterConfig$OpenMode",0,0.00,0.00,2,0.01,48.00,0,0,10,0,0,171.00,0,1,0,1,171.00,0.00,0.00,0.00,0,0.00,0,24.00,0,0,0,java.lang.Object,0.00,0,0,0,0,0,0,1,0,8,2
"org.apache.lucene.index.IndexableField",12,0.00,1.00,13,0.06,282.51,12,0,8,12,107,200.08,35,14,101,1,160.20,0.00,0.00,0.00,0,12.00,1,172.28,0,10,7,,0.00,0,0,12,0,0,2,0,19,70,1
"org.apache.lucene.index.IndexableFieldType",8,0.00,1.00,9,0.03,151.32,8,0,1,8,8,210.95,10,10,8,1,160.95,0.00,0.00,0.00,0,8.00,1,100.88,0,1,0,,0.00,0,0,8,0,0,7,0,9,44,1
"org.apache.lucene.index.IntBlockPool",3,0.75,2.00,27,0.31,10047.67,9,6,1,7,3,65.20,21,34,2,1,107.49,0.00,0.00,0.67,0,1.00,3,922.40,0,0,1,java.lang.Object,0.00,4,0,6,0,4,3,0,6,197,1
"org.apache.lucene.index.InvertedDocConsumer",6,0.00,1.00,7,0.05,344.04,6,0,2,6,7,157.15,4,8,3,1,157.15,0.00,0.00,0.00,0,6.00,1,157.65,0,0,4,java.lang.Object,0.00,0,0,6,1,0,6,0,3,52,1
"org.apache.lucene.index.InvertedDocConsumerPerField",5,0.00,1.00,6,0.04,245.05,5,0,1,5,6,207.69,9,7,5,1,157.69,0.00,0.00,0.00,0,5.00,1,121.58,0,0,1,java.lang.Object,0.00,0,0,5,1,0,5,0,9,42,1
"org.apache.lucene.index.InvertedDocEndConsumer",5,0.00,1.00,6,0.05,326.62,5,0,2,5,6,156.71,0,7,2,1,156.71,0.00,0.00,0.00,0,5.00,1,146.05,0,1,4,java.lang.Object,0.00,0,0,5,1,0,4,0,0,47,1
"org.apache.lucene.index.InvertedDocEndConsumerPerField",2,0.00,1.00,3,0.01,46.83,2,0,0,2,5,112.11,16,4,5,1,160.22,0.00,0.00,0.00,0,2.00,1,31.22,0,0,0,java.lang.Object,0.00,0,0,2,1,0,2,0,1,14,1
"org.apache.lucene.index.KeepOnlyLastCommitDeletionPolicy",2,0.00,2.50,10,0.10,2597.29,2,0,1,5,9,77.91,15,11,8,1,120.20,0.00,0.00,0.00,1,2.00,3,289.54,0,0,1,java.lang.Object,0.00,3,0,5,0,3,2,1,6,68,2
"org.apache.lucene.index.LogByteSizeMergePolicy",8,0.24,1.00,22,0.24,3308.52,11,3,1,8,18,121.29,43,32,16,3,139.17,0.50,0.50,0.12,0,14.00,1,707.27,1,0,2,org.apache.lucene.index.LogMergePolicy,0.07,0,2,8,1,0,8,0,10,188,1
"org.apache.lucene.index.LogDocMergePolicy",4,1.00,1.00,12,0.09,1008.38,5,1,1,4,16,86.19,34,18,14,3,134.29,0.50,0.50,0.25,0,0.00,1,260.78,1,0,2,org.apache.lucene.index.LogMergePolicy,0.08,0,2,4,1,0,4,0,7,73,1
"org.apache.lucene.index.LogMergePolicy",26,0.02,3.92,299,4.71,523890.95,38,12,6,63,47,65.72,165,377,41,2,97.94,4.00,0.17,0.10,7,210.00,25,14125.62,0,6,6,org.apache.lucene.index.MergePolicy,0.06,37,1,102,4,37,20,0,75,2434,2
"org.apache.lucene.index.LogMergePolicy$SegmentInfoAndLevel",2,0.33,2.00,10,0.11,2459.20,5,3,6,2,1,120.44,1,19,0,1,120.44,0.00,0.00,0.17,0,2.00,3,336.21,0,0,1,java.lang.Object,0.00,0,0,4,0,0,2,1,1,84,2
"org.apache.lucene.index.MergePolicy",7,1.00,1.00,15,0.17,2315.04,8,1,9,9,32,110.55,95,22,25,1,139.93,0.00,0.00,0.14,0,12.00,1,520.66,0,3,8,java.lang.Object,0.00,2,0,7,10,2,4,1,11,131,2
"org.apache.lucene.index.MergePolicy$MergeAbortedException",2,0.00,1.00,5,0.02,169.05,2,0,9,2,0,144.60,0,8,0,2,144.60,0.00,0.50,0.00,0,2.00,1,72.11,0,0,0,java.io.IOException,0.00,0,1,2,0,0,2,0,0,25,2
"org.apache.lucene.index.MergePolicy$MergeException",3,1.00,1.00,10,0.07,776.22,4,1,9,3,1,134.20,2,14,0,2,134.20,0.00,0.50,0.33,0,4.00,1,198.73,0,1,1,java.lang.RuntimeException,0.00,0,1,3,0,0,2,0,1,56,2
"org.apache.lucene.index.MergePolicy$MergeSpecification",2,0.00,1.50,14,0.17,5385.55,3,1,9,8,1,162.37,3,14,0,1,112.37,0.00,0.00,1.00,0,0.00,2,507.19,0,1,1,java.lang.Object,0.00,6,0,3,0,6,1,0,1,110,2
"org.apache.lucene.index.MergePolicy$OneMerge",12,0.03,2.17,74,0.70,22270.18,25,13,9,26,5,155.94,28,95,0,1,116.06,0.00,0.00,0.11,0,56.00,6,2096.59,0,3,5,java.lang.Object,0.00,14,0,26,0,14,9,0,18,447,2
"org.apache.lucene.index.MergeScheduler",2,0.00,1.00,3,0.03,189.68,2,0,1,2,15,155.67,9,6,14,1,155.43,0.00,0.00,0.00,0,2.00,1,78.19,0,0,2,java.lang.Object,0.00,0,0,2,7,0,2,0,3,25,2
"org.apache.lucene.index.MergeState",0,0.00,0.00,16,0.15,2130.75,13,13,6,0,28,171.00,13,16,21,1,171.00,0.00,0.00,0.00,0,0.00,0,443.91,0,0,7,java.lang.Object,0.00,0,0,0,0,0,0,0,11,88,1
"org.apache.lucene.index.MergeState$CheckAbort",2,0.33,1.50,14,0.13,2587.08,5,3,6,4,2,97.01,10,20,0,1,114.88,0.00,0.00,0.50,0,2.00,2,393.57,0,0,2,java.lang.Object,0.00,2,0,3,0,2,2,0,2,92,2
"org.apache.lucene.index.MergeState$CheckAbort$MergeState.CheckAbort",1,0.00,1.00,2,0.02,237.51,1,0,6,1,0,191.06,1,4,0,1,141.06,0.00,0.00,0.00,0,1.00,1,74.26,0,0,0,java.lang.Object,0.00,0,0,1,0,0,1,0,1,22,0
"org.apache.lucene.index.MergeState$IndexReaderAndLiveDocs",1,2.00,1.00,6,0.04,570.78,3,2,6,1,2,120.27,0,8,0,1,120.27,0.00,0.00,0.00,0,1.00,1,130.51,0,0,2,java.lang.Object,0.00,0,0,1,0,0,1,0,0,37,2
"org.apache.lucene.index.MockIndexInput",5,0.08,1.40,25,0.25,11049.40,8,3,1,6,2,118.51,2,36,1,4,118.51,0.00,0.75,0.40,0,5.00,3,755.25,0,0,1,org.apache.lucene.store.BufferedIndexInput,0.34,1,3,7,0,1,5,0,2,169,1
"org.apache.lucene.index.MockRandomMergePolicy",6,0.60,2.50,41,0.68,44264.57,7,1,7,24,5,161.30,8,62,0,2,111.30,0.00,0.50,0.50,1,6.00,9,2032.58,0,0,5,org.apache.lucene.index.MergePolicy,0.62,18,1,15,0,18,6,0,8,373,1
"org.apache.lucene.index.MultiDocsAndPositionsEnum",12,0.09,1.75,70,0.71,32337.51,20,8,3,19,7,117.78,6,95,4,4,117.78,0.00,0.75,0.21,0,22.00,5,2126.04,0,2,4,org.apache.lucene.index.DocsAndPositionsEnum,1.12,7,3,21,0,7,10,0,2,456,2
"org.apache.lucene.index.MultiDocsAndPositionsEnum$EnumWithSlice",0,0.00,0.00,3,0.02,233.13,2,2,3,0,1,171.00,0,4,0,1,171.00,0.00,0.00,0.00,0,0.00,0,66.61,0,0,1,java.lang.Object,0.00,0,0,0,0,0,0,0,0,18,3
"org.apache.lucene.index.MultiDocsEnum",9,0.12,2.00,64,0.65,30604.09,17,8,2,13,9,111.51,6,83,7,3,111.51,0.00,0.67,0.24,0,25.00,5,1949.80,0,2,3,org.apache.lucene.index.DocsEnum,0.71,4,2,18,0,4,7,0,2,409,2
"org.apache.lucene.index.MultiDocsEnum$EnumWithSlice",0,0.00,0.00,3,0.02,233.13,2,2,2,0,1,171.00,0,4,0,1,171.00,0.00,0.00,0.00,0,0.00,0,66.61,0,0,1,java.lang.Object,0.00,0,0,0,0,0,0,0,0,18,3
"org.apache.lucene.index.MultiFields",8,0.19,3.25,101,1.36,77977.26,11,3,10,42,134,99.30,39,124,123,2,99.06,0.00,0.50,0.17,2,16.00,7,4069.09,0,7,12,org.apache.lucene.index.Fields,0.18,34,1,26,0,34,1,0,14,776,2
"org.apache.lucene.index.MultiFields$ReaderUtil.Gather",1,0.00,2.00,6,0.10,2844.48,1,0,10,7,2,114.61,0,9,0,1,114.61,0.00,0.00,0.00,0,1.00,2,297.09,0,0,2,java.lang.Object,0.00,6,0,2,0,6,1,0,0,63,0
"org.apache.lucene.index.MultiFields$ReaderUtil.Gather_0",1,0.00,1.00,4,0.05,654.94,1,0,10,4,1,176.36,1,6,0,1,126.36,0.00,0.00,0.00,0,1.00,1,140.58,0,0,1,java.lang.Object,0.00,3,0,1,0,3,1,0,1,36,0
"org.apache.lucene.index.MultiFieldsEnum",3,0.43,4.33,60,0.80,49276.28,10,7,6,23,7,71.06,17,67,1,2,88.94,0.00,0.50,0.43,0,0.00,6,2404.60,0,1,6,org.apache.lucene.index.FieldsEnum,0.67,20,1,13,0,20,2,0,10,448,2
"org.apache.lucene.index.MultiFieldsEnum$FieldMergeQueue",2,0.00,1.00,5,0.06,972.35,2,0,6,3,1,138.61,1,9,0,2,138.61,0.00,0.50,0.00,0,2.00,1,175.20,0,0,1,org.apache.lucene.util.PriorityQueue,0.00,1,1,2,0,1,2,0,1,47,3
"org.apache.lucene.index.MultiFieldsEnum$FieldsEnumWithSlice",1,5.00,1.00,11,0.13,3135.51,6,5,6,1,1,104.62,0,13,0,1,104.62,0.00,0.00,0.00,0,1.00,1,384.70,0,0,1,java.lang.Object,0.00,0,0,1,0,0,1,0,0,85,3
"org.apache.lucene.index.MultiNorms",1,0.00,7.00,28,0.42,41651.91,1,0,5,13,19,127.46,23,33,16,1,80.19,0.00,0.00,0.00,1,1.00,7,1249.89,0,0,3,java.lang.Object,0.00,12,0,7,0,12,1,0,7,216,1
"org.apache.lucene.index.MultiPassIndexSplitter",2,0.00,12.50,99,1.48,145584.67,2,0,10,33,10,95.37,39,110,2,1,69.08,0.00,0.00,0.00,0,2.00,15,4435.14,0,0,8,java.lang.Object,0.00,31,0,25,0,31,2,0,11,700,1
"org.apache.lucene.index.MultiPassIndexSplitter$FakeDeleteIndexReader",6,0.40,1.50,26,0.25,8430.71,7,1,10,15,5,173.66,7,37,0,3,123.66,0.00,0.67,0.67,2,0.00,4,748.13,0,1,5,org.apache.lucene.index.FilterIndexReader,0.12,9,2,9,0,9,5,0,4,174,3
"org.apache.lucene.index.MultiPerDocValues",5,0.00,3.60,63,0.94,78273.30,9,4,15,32,11,79.54,26,83,4,2,97.42,0.00,0.50,0.25,1,10.00,7,2818.23,0,3,7,org.apache.lucene.index.codecs.PerDocValues,0.29,27,1,18,0,27,2,0,7,529,1
"org.apache.lucene.index.MultiPerDocValues$ReaderUtil.Gather",1,0.00,2.00,6,0.10,2721.41,1,0,15,7,2,114.77,0,10,0,1,114.77,0.00,0.00,0.00,0,1.00,2,299.65,0,0,2,java.lang.Object,0.00,6,0,2,0,6,1,0,0,63,0
"org.apache.lucene.index.MultiReader",35,0.00,1.80,214,2.24,115909.93,42,7,9,62,32,154.00,87,271,19,2,114.12,0.00,0.50,0.14,2,340.00,11,6717.83,3,9,13,org.apache.lucene.index.IndexReader,0.32,27,1,63,0,27,26,1,37,1412,1
"org.apache.lucene.index.MultiTerms",8,0.10,2.88,76,0.90,46062.49,11,3,7,23,7,155.55,8,95,1,2,105.55,0.00,0.50,0.25,0,24.00,4,2706.35,0,1,6,org.apache.lucene.index.Terms,0.52,15,1,23,0,15,7,0,3,531,2
"org.apache.lucene.index.MultiTermsEnum",17,0.18,4.00,284,3.55,328050.48,30,13,8,53,13,92.25,69,332,4,2,92.02,0.00,0.50,0.24,3,0.00,11,10653.19,0,5,11,org.apache.lucene.index.TermsEnum,0.44,36,1,68,0,36,12,0,63,1908,2
"org.apache.lucene.index.MultiTermsEnum$TermMergeQueue",2,1.00,1.50,10,0.12,3423.52,3,1,8,3,2,119.37,0,15,0,2,119.37,0.00,0.50,0.50,0,2.00,2,351.51,0,0,2,org.apache.lucene.util.PriorityQueue,0.00,1,1,3,0,1,2,0,0,81,3
"org.apache.lucene.index.MultiTermsEnum$TermsEnumIndex",1,3.00,1.00,7,0.06,1042.35,4,3,8,1,1,115.71,0,9,0,1,115.71,0.00,0.00,0.00,0,1.00,1,183.70,0,0,1,java.lang.Object,0.00,0,0,1,0,0,1,0,0,48,2
"org.apache.lucene.index.MultiTermsEnum$TermsEnumWithSlice",2,0.25,1.00,12,0.11,2143.52,6,4,8,2,2,118.11,0,15,0,1,118.11,0.00,0.00,0.12,0,2.00,1,344.54,0,0,2,java.lang.Object,0.00,0,0,2,0,0,2,0,0,83,3
"org.apache.lucene.index.NoDeletionPolicy",3,1.00,1.67,5,0.06,993.49,4,1,2,4,6,190.92,7,7,5,1,151.04,0.00,0.00,0.00,0,3.00,2,181.21,0,0,1,java.lang.Object,0.00,1,0,5,0,1,3,1,3,50,2
"org.apache.lucene.index.NoMergePolicy",8,0.33,1.00,18,0.19,2978.87,11,3,2,9,15,179.41,18,28,10,2,139.53,0.00,0.50,0.04,0,14.00,1,576.83,0,4,5,org.apache.lucene.index.MergePolicy,0.13,1,1,8,0,1,4,0,4,149,2
"org.apache.lucene.index.NoMergeScheduler",3,1.00,1.00,5,0.05,760.11,4,1,1,4,6,152.31,12,9,3,2,152.07,0.00,0.50,0.00,0,3.00,1,143.67,0,0,3,org.apache.lucene.index.MergeScheduler,0.40,1,1,3,0,1,3,0,3,43,2
"org.apache.lucene.index.NormsWriter",6,0.00,2.33,47,0.67,56237.21,6,0,6,17,11,158.00,10,57,1,2,108.00,0.00,0.50,0.00,0,6.00,9,2009.31,0,1,10,org.apache.lucene.index.InvertedDocEndConsumer,0.55,11,1,14,0,11,5,0,6,344,1
"org.apache.lucene.index.NormsWriterPerField",5,0.36,1.60,32,0.37,12176.50,12,7,2,10,8,165.20,6,43,2,2,115.20,0.00,0.50,0.43,0,0.00,4,1119.69,0,0,6,org.apache.lucene.index.InvertedDocEndConsumerPerField,0.57,5,1,8,0,5,5,1,3,246,1
"org.apache.lucene.index.OrdTermState",2,0.00,1.00,7,0.08,1647.50,3,1,0,4,9,81.76,21,12,8,2,130.24,4.00,0.17,1.00,0,0.00,1,242.01,0,1,1,org.apache.lucene.index.TermState,0.80,2,1,2,4,2,1,0,2,60,1
"org.apache.lucene.index.PKIndexSplitter",7,0.03,1.29,44,0.53,11159.84,13,6,11,18,13,166.70,13,62,1,1,116.70,0.00,0.00,0.14,1,12.00,2,1594.05,0,1,12,java.lang.Object,0.00,11,0,9,0,11,6,0,4,351,1
"org.apache.lucene.index.PKIndexSplitter$DocumentFilteredIndexReader",4,0.17,2.50,32,0.40,15490.86,6,2,11,18,7,108.85,2,43,0,3,108.85,0.00,0.67,0.38,0,4.00,7,1188.88,0,1,7,org.apache.lucene.index.FilterIndexReader,0.07,14,2,10,0,14,3,0,2,228,2
"org.apache.lucene.index.ParallelArrayTermVectorMapper",3,0.69,3.00,33,0.36,9358.23,11,8,9,5,13,154.39,4,48,2,2,104.39,0.00,0.50,0.58,0,0.00,3,1088.26,0,1,11,org.apache.lucene.index.TermVectorMapper,0.00,2,1,9,0,2,2,0,1,233,0
"org.apache.lucene.index.ParallelPostingsArray",5,0.15,1.00,24,0.22,3992.20,10,5,2,8,10,125.69,0,30,8,1,125.69,0.00,0.00,0.32,2,13.00,1,666.66,0,2,2,java.lang.Object,0.00,3,0,5,2,3,3,0,0,167,0
"org.apache.lucene.index.ParallelReader",35,0.00,2.26,244,3.06,153153.37,48,13,8,105,24,153.00,85,335,10,2,113.11,0.00,0.50,0.07,2,569.00,11,9190.31,3,9,14,org.apache.lucene.index.IndexReader,0.29,70,1,79,0,70,26,0,31,1812,1
"org.apache.lucene.index.ParallelReader$ParallelFields",3,0.50,1.00,9,0.12,2034.76,4,1,8,9,5,130.91,0,16,0,2,130.91,0.00,0.50,0.67,0,1.00,1,361.68,0,1,5,org.apache.lucene.index.Fields,0.33,6,1,3,0,6,2,0,0,88,1
"org.apache.lucene.index.ParallelReader$ParallelFieldsEnum",3,0.50,1.67,21,0.18,4455.70,6,3,8,8,5,114.38,0,29,0,2,114.38,0.00,0.50,0.67,0,0.00,2,534.14,0,1,5,org.apache.lucene.index.FieldsEnum,0.67,5,1,5,0,5,2,0,0,124,1
"org.apache.lucene.index.ParallelReader$ParallelPerDocs",4,0.33,1.25,11,0.15,2693.58,5,1,8,10,4,137.45,1,20,0,2,137.45,0.00,0.50,0.75,0,0.00,2,439.52,0,2,4,org.apache.lucene.index.codecs.PerDocValues,0.33,6,1,5,0,6,2,0,1,107,3
"org.apache.lucene.index.Payload",14,0.13,1.71,58,0.67,25889.69,17,3,2,20,48,104.82,74,88,46,1,122.69,0.00,0.00,0.21,2,38.00,6,2005.13,1,1,2,java.lang.Object,0.00,6,0,24,0,6,13,1,22,455,1
"org.apache.lucene.index.PayloadProcessorProvider",1,0.00,1.00,4,0.03,210.55,1,0,3,1,9,118.18,38,5,7,1,130.25,0.00,0.00,0.00,0,1.00,1,84.22,0,1,2,java.lang.Object,0.00,0,0,1,2,0,0,0,4,27,2
"org.apache.lucene.index.PayloadProcessorProvider$DirPayloadProcessor",1,0.00,1.00,2,0.02,146.32,1,0,3,1,1,192.72,1,3,0,1,142.72,0.00,0.00,0.00,0,1.00,1,58.53,0,0,1,java.lang.Object,0.00,0,0,1,0,0,1,0,1,18,3
"org.apache.lucene.index.PayloadProcessorProvider$PayloadProcessor",1,0.00,1.00,2,0.02,121.82,1,0,3,1,1,193.35,1,3,0,1,143.35,0.00,0.00,0.00,0,1.00,1,48.73,0,0,1,java.lang.Object,0.00,0,0,1,0,0,1,0,1,16,3
"org.apache.lucene.index.PerDocWriteState",3,0.29,1.00,32,0.31,5858.53,10,7,6,4,19,147.67,6,38,12,1,107.78,0.00,0.00,0.33,0,4.00,1,916.69,0,0,7,java.lang.Object,0.00,1,0,3,0,1,3,0,1,217,1
"org.apache.lucene.index.PersistentSnapshotDeletionPolicy",7,0.08,2.71,60,0.85,36780.51,9,2,12,36,13,59.31,74,85,1,2,107.78,0.00,0.50,0.43,1,8.00,5,2553.50,5,1,12,org.apache.lucene.index.SnapshotDeletionPolicy,0.00,29,1,19,0,29,6,0,24,486,1
"org.apache.lucene.index.PositionBasedTermVectorMapper",6,0.00,1.83,34,0.41,14595.64,10,4,5,14,4,85.90,39,48,1,2,118.12,0.00,0.50,0.25,0,10.00,4,1227.54,0,1,3,org.apache.lucene.index.TermVectorMapper,0.15,8,1,11,0,8,5,0,9,258,1
"org.apache.lucene.index.PositionBasedTermVectorMapper$TVPositionInfo",5,0.17,1.40,19,0.16,2309.29,8,3,5,7,2,172.03,12,28,0,1,132.14,0.00,0.00,0.47,0,0.00,2,466.23,0,2,2,java.lang.Object,0.00,2,0,7,0,2,3,0,3,118,2
"org.apache.lucene.index.PrefixCodedTerms",3,1.00,1.00,10,0.08,1043.29,4,1,7,5,8,173.08,7,14,3,1,133.19,0.00,0.00,0.33,0,4.00,1,227.61,0,1,5,java.lang.Object,0.00,2,0,3,0,2,2,1,4,62,0
"org.apache.lucene.index.PrefixCodedTerms$Builder",3,0.17,2.67,34,0.47,28163.58,6,3,7,17,5,100.65,2,45,0,1,100.65,0.00,0.00,0.44,1,1.00,3,1405.79,0,0,5,java.lang.Object,0.00,14,0,8,0,14,3,0,2,281,2
"org.apache.lucene.index.PrefixCodedTerms$PrefixCodedTermsIterator",4,0.17,1.75,27,0.29,10845.27,8,4,7,16,4,114.81,1,37,0,1,114.81,0.00,0.00,0.38,1,0.00,3,870.83,0,0,4,java.lang.Object,0.00,12,0,7,0,12,4,1,1,186,0
"org.apache.lucene.index.RandomCodec",3,0.33,2.00,33,0.65,31132.73,6,3,20,31,13,68.15,20,42,0,3,100.37,0.00,0.67,0.56,0,0.00,3,1955.13,1,2,13,org.apache.lucene.index.codecs.lucene40.Lucene40Codec,0.14,28,2,6,0,28,1,0,12,371,1
"org.apache.lucene.index.RandomIndexWriter",28,0.06,2.14,161,2.14,81450.51,40,12,17,75,160,167.48,50,224,144,1,117.48,0.00,0.00,0.14,5,0.00,12,6424.81,0,0,16,java.lang.Object,0.00,47,0,60,0,47,28,1,26,1259,1
"org.apache.lucene.index.RandomIndexWriter$Iterable<Iterable<T>>",1,0.00,1.00,3,0.03,389.47,1,0,17,2,0,132.80,0,5,0,1,132.80,0.00,0.00,0.00,0,1.00,1,87.28,0,1,0,java.lang.Object,0.00,1,0,1,0,1,0,0,0,26,0
"org.apache.lucene.index.RandomIndexWriter$Iterable<Iterable<T>>$Iterator<Iterable<T>>",3,0.50,1.33,11,0.09,1409.24,4,1,17,5,0,132.10,0,18,0,1,132.10,0.00,0.00,0.67,0,1.00,2,255.07,0,0,0,java.lang.Object,0.00,2,0,4,0,2,3,0,0,67,0
"org.apache.lucene.index.RandomIndexWriter$Iterable<Iterable<T>>_0",1,0.00,1.00,3,0.03,389.47,1,0,17,2,0,132.80,0,5,0,1,132.80,0.00,0.00,0.00,0,1.00,1,87.28,0,1,0,java.lang.Object,0.00,1,0,1,0,1,0,0,0,26,0
"org.apache.lucene.index.RandomIndexWriter$Iterable<Iterable<T>>_0$Iterator<Iterable<T>>_1",3,0.50,1.33,11,0.09,1409.24,4,1,17,5,0,132.10,0,18,0,1,132.10,0.00,0.00,0.67,0,1.00,2,255.07,0,0,0,java.lang.Object,0.00,2,0,4,0,2,3,0,0,67,0
"org.apache.lucene.index.RandomIndexWriter$MockIndexWriter",2,1.00,1.50,8,0.09,1373.19,3,1,17,5,3,176.11,3,13,0,2,126.11,0.00,0.50,0.50,0,2.00,2,283.99,0,0,3,org.apache.lucene.index.IndexWriter,0.00,3,1,3,0,3,2,0,3,69,3
"org.apache.lucene.index.RepeatingTokenStream",3,0.33,1.67,26,0.23,4201.20,9,6,12,7,8,112.42,0,34,1,4,112.42,0.00,0.75,0.39,0,1.00,2,694.53,1,0,7,org.apache.lucene.analysis.Tokenizer,0.40,4,3,5,0,4,3,0,0,156,0
"org.apache.lucene.index.ReusableStringReader",4,0.00,1.50,26,0.24,11942.70,7,3,1,6,1,164.51,4,34,1,2,114.51,0.00,0.50,0.33,1,4.00,3,717.89,0,0,0,java.io.Reader,0.00,2,1,6,0,2,4,0,2,162,1
"org.apache.lucene.index.SegmentCoreReaders",8,0.19,2.38,81,0.99,39035.30,22,14,11,33,15,144.34,19,106,1,1,104.45,0.00,0.00,0.24,1,8.00,7,2955.53,0,3,15,java.lang.Object,0.00,25,0,19,0,25,5,0,18,542,1
"org.apache.lucene.index.SegmentInfo",46,0.09,2.52,381,4.76,286019.87,71,25,17,97,88,107.46,189,497,79,1,107.23,0.00,0.00,0.13,9,782.00,15,14276.47,0,11,11,java.lang.Object,0.00,51,0,116,0,51,35,1,96,2641,2
"org.apache.lucene.index.SegmentInfos",63,0.01,2.08,406,4.71,189668.18,84,21,26,158,53,114.65,268,560,38,1,114.41,0.00,0.00,0.06,20,2192.00,8,14123.19,1,17,18,java.lang.Object,0.00,95,0,131,0,95,46,2,119,2805,2
"org.apache.lucene.index.SegmentInfos$FindSegmentsFile",1,0.00,1.00,4,0.03,377.93,1,0,26,2,1,128.25,0,6,0,1,128.25,0.00,0.00,0.00,0,1.00,1,97.45,0,1,1,java.lang.Object,0.00,1,0,1,0,1,0,0,0,26,0
"org.apache.lucene.index.SegmentInfos$FindSegmentsFile_0",4,1.00,9.75,101,1.46,182178.95,5,1,26,20,8,52.27,55,145,0,1,81.65,0.00,0.00,0.25,2,6.00,36,4366.72,0,3,8,java.lang.Object,0.00,16,0,39,0,16,1,0,48,652,3
"org.apache.lucene.index.SegmentMerger",15,0.20,4.20,279,4.24,282136.73,22,7,20,85,31,72.31,77,347,3,1,90.19,0.00,0.00,0.33,9,0.00,10,12705.21,0,1,28,java.lang.Object,0.00,70,0,63,0,70,14,0,48,2198,1
"org.apache.lucene.index.SegmentMerger$ReaderUtil.Gather",1,0.00,1.00,3,0.05,614.19,1,0,20,4,1,131.25,0,5,0,1,131.25,0.00,0.00,0.00,0,1.00,1,142.84,0,0,1,java.lang.Object,0.00,3,0,1,0,3,1,0,0,36,0
"org.apache.lucene.index.SegmentNorms",9,0.24,2.56,113,1.30,71751.01,20,11,6,33,11,100.04,43,145,6,1,99.80,0.00,0.00,0.30,2,0.00,4,3895.16,1,2,6,java.lang.Object,0.00,24,0,23,0,24,7,1,36,752,1
"org.apache.lucene.index.SegmentReadState",3,6.00,1.00,23,0.24,3768.51,9,6,2,3,32,154.96,8,34,28,1,115.07,0.00,0.00,0.00,0,3.00,1,705.76,0,0,4,java.lang.Object,0.00,0,0,3,0,0,3,0,6,168,1
"org.apache.lucene.index.SegmentReader",55,0.04,2.33,405,5.30,298841.08,74,19,20,137,52,149.75,124,582,30,2,109.87,0.00,0.50,0.09,12,1110.00,14,15899.64,1,14,24,org.apache.lucene.index.IndexReader,0.30,82,1,128,0,82,41,1,86,3018,1
"org.apache.lucene.index.SegmentReader$FieldsReaderLocal",1,0.00,1.00,3,0.03,342.46,1,0,20,2,2,133.24,0,6,0,2,133.24,0.00,0.50,0.00,0,0.00,1,91.44,0,1,2,org.apache.lucene.util.CloseableThreadLocal,0.40,1,1,1,0,1,0,0,0,26,1
"org.apache.lucene.index.SegmentTermPositionVector",3,0.00,2.33,20,0.24,7361.45,6,3,1,3,5,65.09,28,30,1,2,115.08,0.00,0.50,0.33,0,5.00,3,706.08,0,0,4,org.apache.lucene.index.SegmentTermVector,0.00,0,1,7,0,0,3,1,3,160,0
"org.apache.lucene.index.SegmentTermVector",8,0.00,1.88,41,0.40,15272.17,11,3,2,13,5,168.95,9,49,3,1,118.95,0.00,0.00,0.33,0,12.00,4,1212.39,0,3,2,java.lang.Object,0.00,5,0,15,1,5,5,1,6,274,0
"org.apache.lucene.index.SegmentWriteState",2,0.73,1.00,34,0.33,5687.76,13,11,5,2,55,47.90,18,38,48,1,97.90,0.00,0.00,0.45,0,2.00,1,993.91,0,0,7,java.lang.Object,0.00,0,0,2,0,0,2,0,10,216,1
"org.apache.lucene.index.SerialMergeScheduler",2,0.00,2.00,7,0.08,2050.42,2,0,1,4,17,169.22,5,14,14,2,129.33,1.00,0.33,0.00,0,2.00,3,228.37,0,0,3,org.apache.lucene.index.MergeScheduler,0.50,2,1,4,1,2,2,0,2,55,1
"org.apache.lucene.index.SingleTermsEnum",2,0.00,1.50,8,0.08,1178.82,3,1,3,3,7,84.34,14,12,4,3,126.63,0.00,0.67,1.00,0,0.00,2,235.17,1,1,4,org.apache.lucene.index.FilteredTermsEnum,0.00,1,2,3,0,1,1,0,2,60,2
"org.apache.lucene.index.SlowMultiReaderWrapper",9,0.31,1.33,35,0.37,9106.30,11,2,8,19,26,169.36,23,58,14,3,129.47,0.00,0.67,0.22,0,1.00,4,1096.41,1,3,12,org.apache.lucene.index.FilterIndexReader,0.14,10,2,12,0,10,6,0,3,257,2
"org.apache.lucene.index.SnapshotDeletionPolicy",12,0.02,2.83,84,1.13,47019.45,16,4,10,37,9,60.94,115,113,6,1,110.94,0.00,0.00,0.27,4,30.00,10,3387.35,0,2,3,java.lang.Object,0.00,25,0,34,1,25,10,1,21,689,1
"org.apache.lucene.index.SnapshotDeletionPolicy$SnapshotCommitPoint",12,0.18,1.08,28,0.24,3894.96,13,1,10,21,3,139.98,6,53,0,2,139.98,0.00,0.50,0.83,2,0.00,2,734.47,0,5,3,org.apache.lucene.index.IndexCommit,0.72,9,1,13,0,9,7,0,3,202,1
"org.apache.lucene.index.SnapshotDeletionPolicy$SnapshotInfo",2,0.00,1.00,10,0.07,1118.76,5,3,10,2,1,123.29,0,14,0,1,123.29,0.00,0.00,0.33,0,2.00,1,221.39,0,1,1,java.lang.Object,0.00,0,0,2,0,0,1,0,0,61,2
"org.apache.lucene.index.SortedTermVectorMapper",5,0.10,2.80,42,0.73,60900.15,10,5,2,18,6,72.68,34,66,2,2,104.90,0.00,0.50,0.28,0,2.00,10,2177.08,0,1,4,org.apache.lucene.index.TermVectorMapper,0.00,13,1,14,0,13,4,0,9,412,1
"org.apache.lucene.index.StaleReaderException",1,0.00,1.00,3,0.02,106.02,1,0,1,1,3,88.78,10,5,3,2,137.25,0.00,0.50,0.00,0,1.00,1,45.51,0,0,0,java.io.IOException,0.00,0,1,1,0,0,1,0,1,16,1
"org.apache.lucene.index.StoredFieldVisitor",7,0.00,1.00,9,0.11,725.49,7,0,3,7,23,195.01,19,16,21,1,155.13,0.00,0.00,0.00,0,7.00,1,316.00,0,1,3,java.lang.Object,0.00,0,0,7,3,0,6,0,9,91,2
"org.apache.lucene.index.StoredFieldVisitor$Status",0,0.00,0.00,2,0.01,48.00,0,0,3,0,0,171.00,1,5,0,1,171.00,0.00,0.00,0.00,0,0.00,0,24.00,0,0,0,java.lang.Object,0.00,0,0,0,0,0,0,0,1,8,2
"org.apache.lucene.index.StoredFieldsConsumer",9,0.19,2.00,71,0.69,18746.87,19,10,6,22,10,113.18,7,89,1,1,113.18,0.00,0.00,0.27,3,6.00,3,2078.54,0,0,9,java.lang.Object,0.00,13,0,18,0,13,9,0,7,440,1
"org.apache.lucene.index.Term",12,0.09,2.00,47,0.50,19051.43,14,2,1,21,439,148.45,44,63,438,1,127.84,0.00,0.00,0.58,0,0.00,10,1513.50,0,4,1,java.lang.Object,0.00,9,0,24,0,9,8,1,10,362,2
"org.apache.lucene.index.TermFreqVector",6,0.00,1.00,7,0.04,253.51,6,0,1,6,37,110.09,51,8,36,1,158.20,0.00,0.00,0.00,0,6.00,1,125.08,0,2,1,,0.00,0,0,6,0,0,4,0,8,46,1
"org.apache.lucene.index.TermPositionVector",2,0.00,1.00,3,0.02,138.91,2,0,0,2,18,165.63,34,4,17,2,156.50,0.00,0.50,0.00,0,2.00,1,61.97,0,0,1,,0.00,0,1,2,0,0,2,0,4,22,1
"org.apache.lucene.index.TermState",3,0.00,1.33,8,0.06,1118.78,3,0,0,4,40,90.98,31,15,40,1,139.45,0.00,0.00,0.00,0,3.00,2,192.78,1,2,0,java.lang.Object,0.00,1,0,4,5,1,1,1,4,53,2
"org.apache.lucene.index.TermVectorAccessor",3,0.00,4.67,62,0.88,63189.11,7,4,5,28,11,43.94,34,71,1,1,88.07,0.00,0.00,0.25,1,5.00,11,2637.94,0,0,10,java.lang.Object,0.00,25,0,14,0,25,3,0,7,446,1
"org.apache.lucene.index.TermVectorAccessor$TermVectorMapperDecorator",5,0.12,1.00,14,0.15,2373.45,7,2,5,10,3,138.69,0,25,0,2,138.69,0.00,0.50,0.60,0,0.00,1,462.46,0,0,3,org.apache.lucene.index.TermVectorMapper,0.50,5,1,5,0,5,5,0,0,119,2
"org.apache.lucene.index.TermVectorEntry",13,0.05,1.38,39,0.37,9571.02,18,5,1,16,9,180.55,19,60,7,1,130.55,0.00,0.00,0.15,0,69.00,5,1107.97,0,3,2,java.lang.Object,0.00,3,0,18,0,3,10,0,3,277,1
"org.apache.lucene.index.TermVectorEntryFreqSortedComparator",1,0.00,3.00,9,0.11,4356.12,1,0,1,5,4,88.62,5,15,3,1,106.49,0.00,0.00,0.00,0,1.00,3,331.60,0,0,1,java.lang.Object,0.00,4,0,3,0,4,1,1,1,78,1
"org.apache.lucene.index.TermVectorMapper",7,0.42,1.00,14,0.10,1089.32,9,2,1,7,22,92.51,67,22,20,1,142.51,0.00,0.00,0.14,0,17.00,1,307.39,0,0,2,java.lang.Object,0.00,0,0,7,8,0,7,0,8,92,2
"org.apache.lucene.index.TermVectorOffsetInfo",8,0.10,1.50,28,0.24,6824.10,11,3,0,8,32,130.26,38,39,32,1,130.03,0.00,0.00,0.25,0,12.00,5,710.91,0,0,0,java.lang.Object,0.00,0,0,12,0,0,8,0,6,179,1
"org.apache.lucene.index.TermVectorsReader",20,0.07,2.60,256,3.03,208017.56,34,14,9,49,24,99.13,91,285,8,1,98.89,0.00,0.00,0.14,8,56.00,12,9092.31,1,7,16,java.lang.Object,0.00,29,0,52,0,29,13,2,65,1685,0
"org.apache.lucene.index.TermVectorsTermsWriter",12,0.17,2.42,124,1.68,74336.54,25,13,10,41,19,153.63,13,162,2,2,103.63,0.00,0.50,0.23,4,52.00,5,5043.87,0,1,18,org.apache.lucene.index.TermsHashConsumer,0.24,29,1,29,0,29,11,0,12,944,1
"org.apache.lucene.index.TermVectorsTermsWriterPerField",12,0.20,2.58,128,1.64,94742.90,22,10,6,36,14,152.79,17,45,1,2,102.79,0.00,0.50,0.28,0,0.00,10,4930.26,0,1,14,org.apache.lucene.index.TermsHashConsumerPerField,0.80,24,1,31,0,24,11,0,14,903,1
"org.apache.lucene.index.TermVectorsTermsWriterPerField$TermVectorsPostingsArray",4,0.22,1.00,20,0.21,4831.85,7,3,6,6,2,120.66,3,0,0,2,120.66,0.00,0.50,0.50,0,4.00,1,633.94,2,1,2,org.apache.lucene.index.ParallelPostingsArray,0.44,2,1,4,0,2,3,0,3,153,2
"org.apache.lucene.index.TermVectorsWriter",4,0.75,5.25,115,1.74,219574.92,8,4,7,29,13,47.09,24,123,1,1,79.31,0.00,0.00,0.81,0,0.00,16,5226.32,0,0,12,java.lang.Object,0.00,25,0,21,0,25,4,0,14,860,1
"org.apache.lucene.index.Terms",15,0.46,1.47,56,0.59,13547.49,17,2,6,26,127,97.62,90,73,119,1,129.84,0.00,0.00,0.07,2,37.00,3,1762.77,0,1,9,java.lang.Object,0.00,11,0,22,8,11,14,0,21,408,2
"org.apache.lucene.index.Terms$AutomatonTermsEnum",1,0.00,2.00,5,0.05,1212.84,1,0,6,1,1,120.48,0,8,0,1,120.48,0.00,0.00,0.00,0,1.00,2,141.28,1,1,1,java.lang.Object,0.00,0,0,2,0,0,0,0,0,36,0
"org.apache.lucene.index.TermsEnum",15,1.00,1.13,27,0.27,4017.31,16,1,5,19,180,109.56,119,34,174,1,151.85,0.00,0.00,0.07,1,28.00,2,809.51,0,9,6,java.lang.Object,0.00,4,0,17,26,4,6,0,18,220,2
"org.apache.lucene.index.TermsEnum$SeekStatus",0,0.00,0.00,2,0.01,71.32,0,0,5,0,0,171.00,0,1,0,1,171.00,0.00,0.00,0.00,0,0.00,0,28.53,0,0,0,java.lang.Object,0.00,0,0,0,0,0,0,0,0,9,2
"org.apache.lucene.index.TermsEnum$TermState",1,0.00,1.00,2,0.01,88.08,1,0,5,1,1,144.46,0,4,0,1,144.46,0.00,0.00,0.00,0,1.00,1,39.70,0,0,1,java.lang.Object,0.00,0,0,1,0,0,1,0,0,14,0
"org.apache.lucene.index.TermsEnum$TermsEnum",13,0.00,1.00,26,0.24,3196.75,13,0,5,14,6,140.94,1,49,0,1,140.94,0.00,0.00,0.00,0,13.00,1,733.96,1,8,6,java.lang.Object,0.00,1,0,13,0,1,5,0,1,199,0
"org.apache.lucene.index.TermsHash",8,0.10,2.12,66,0.71,26350.64,20,12,5,25,16,159.44,12,91,6,2,109.44,0.00,0.50,0.17,1,6.00,5,2133.77,0,0,12,org.apache.lucene.index.InvertedDocConsumer,0.71,17,1,17,0,17,8,0,5,450,1
"org.apache.lucene.index.TermsHashConsumer",5,0.00,1.00,6,0.06,416.21,5,0,2,5,8,155.88,0,7,4,1,155.88,0.00,0.00,0.00,0,5.00,1,165.01,0,1,5,java.lang.Object,0.00,0,0,5,2,0,4,0,0,51,1
"org.apache.lucene.index.TermsHashConsumerPerField",8,0.00,1.00,9,0.07,388.64,8,0,1,8,9,157.72,0,10,7,1,157.72,0.00,0.00,0.00,0,8.00,1,198.29,0,1,2,java.lang.Object,0.00,0,0,8,2,0,7,0,0,67,1
"org.apache.lucene.index.TermsHashPerField",14,0.17,2.50,154,2.15,114551.86,35,21,9,46,23,151.13,25,192,8,2,101.13,0.00,0.50,0.20,2,0.00,8,6459.93,0,0,16,org.apache.lucene.index.InvertedDocConsumerPerField,0.53,32,1,35,0,32,14,0,25,1179,1
"org.apache.lucene.index.TermsHashPerField$PostingsBytesStartArray",5,0.25,1.40,24,0.30,9556.03,7,2,9,10,3,122.62,0,38,0,2,122.62,0.00,0.50,0.70,0,0.00,2,903.77,0,1,3,org.apache.lucene.util.BytesRefHash.BytesStartArray,0.00,5,1,7,0,5,4,0,0,208,3
"org.apache.lucene.index.Test2BTerms",0,0.00,0.00,4,0.05,1016.85,2,2,14,1,2,171.00,12,4,0,2,171.00,0.00,0.50,0.00,0,0.00,0,151.27,0,0,2,org.apache.lucene.util.LuceneTestCase,0.00,1,1,0,0,1,0,0,12,35,1
"org.apache.lucene.index.Test2BTerms$MyTokenStream",6,0.16,3.17,119,2.25,126341.69,11,5,14,68,21,88.99,4,143,0,3,88.99,0.00,0.67,0.33,1,0.00,6,6749.39,0,1,21,org.apache.lucene.analysis.TokenStream,0.43,62,2,19,0,62,5,0,4,1054,3
"org.apache.lucene.index.Test2BTerms$MyTokenStream$MyAttributeFactory",2,1.00,2.50,8,0.11,3033.18,3,1,14,6,3,123.28,0,14,0,2,123.28,0.00,0.50,0.50,0,2.00,4,324.41,0,1,3,org.apache.lucene.util.AttributeFactory,0.00,4,1,5,0,4,1,0,0,75,3
"org.apache.lucene.index.Test2BTerms$MyTokenStream$MyTermAttributeImpl",7,0.00,1.00,13,0.10,1104.30,7,0,14,9,3,153.69,0,26,0,2,153.69,0.00,0.50,0.00,0,13.00,1,303.90,0,2,3,org.apache.lucene.util.AttributeImpl,0.33,2,1,7,0,2,5,1,0,90,3
"org.apache.lucene.index.TestAddIndexes",29,0.00,1.93,604,8.92,349517.23,29,0,30,134,34,110.79,100,712,0,2,90.18,0.00,0.50,0.00,7,29.00,3,26771.96,0,1,34,org.apache.lucene.util.LuceneTestCase,0.00,105,1,56,0,105,28,0,98,4676,1
"org.apache.lucene.index.TestAddIndexes$CommitAndAddIndexes",3,0.00,4.33,30,0.39,17187.84,3,0,30,12,1,103.77,0,48,0,2,103.77,0.00,0.50,0.00,0,3.00,11,1174.18,0,0,1,org.apache.lucene.index.RunAddIndexesThreads,0.00,9,1,13,0,9,3,0,0,228,1
"org.apache.lucene.index.TestAddIndexes$CommitAndAddIndexes2",2,0.00,1.50,8,0.08,1521.88,2,0,30,4,0,125.76,0,14,0,2,125.76,0.00,0.50,0.00,0,2.00,2,238.21,0,0,0,org.apache.lucene.index.CommitAndAddIndexes,0.00,2,1,3,0,2,2,0,0,59,1
"org.apache.lucene.index.TestAddIndexes$CommitAndAddIndexes3",3,0.00,6.00,39,0.53,23521.45,3,0,30,12,2,98.37,0,60,0,2,98.37,0.00,0.50,0.00,0,3.00,11,1587.29,0,0,2,org.apache.lucene.index.RunAddIndexesThreads,0.00,9,1,18,0,9,3,0,0,303,1
"org.apache.lucene.index.TestAddIndexes$CustomPerFieldCodec",1,0.00,3.00,11,0.12,2624.20,4,3,30,3,2,104.98,0,15,0,3,104.98,0.00,0.67,1.00,0,0.00,3,354.40,0,1,2,org.apache.lucene.index.codecs.lucene40.Lucene40Codec,0.00,2,2,3,0,2,0,0,0,82,3
"org.apache.lucene.index.TestAddIndexes$RunAddIndexesThreads",7,0.03,1.86,58,0.53,15039.00,17,10,30,18,7,110.93,0,49,0,1,110.93,0.00,0.00,0.13,0,19.00,3,1591.34,0,0,7,java.lang.Object,0.00,11,0,13,0,11,7,0,0,333,2
"org.apache.lucene.index.TestAddIndexes$RunAddIndexesThreads$Thread",1,0.00,5.00,14,0.15,7941.18,1,0,30,3,1,147.17,1,17,0,1,97.17,0.00,0.00,0.00,0,0.00,5,458.03,0,0,1,java.lang.Object,0.00,2,0,5,0,2,1,0,1,88,0
"org.apache.lucene.index.TestAddIndexes$UnRegisteredCodec",5,0.00,1.00,11,0.08,947.81,5,0,30,9,8,141.83,0,21,0,2,141.83,0.00,0.50,0.00,0,5.00,1,230.80,0,4,8,org.apache.lucene.index.codecs.Codec,0.47,4,1,5,0,4,1,0,0,69,2
"org.apache.lucene.index.TestAtomicUpdate",2,0.00,2.00,56,0.78,37808.51,2,0,7,32,12,40.89,14,60,0,2,83.18,0.00,0.50,0.00,1,2.00,3,2328.55,0,0,12,org.apache.lucene.util.LuceneTestCase,0.00,30,1,4,0,30,2,0,8,396,1
"org.apache.lucene.index.TestAtomicUpdate$IndexerThread",2,1.00,1.50,14,0.18,5123.65,3,1,7,10,7,112.54,1,16,0,2,112.54,0.00,0.50,0.50,0,2.00,2,543.28,0,0,7,org.apache.lucene.index.TimedThread,0.00,8,1,3,0,8,2,0,1,112,2
"org.apache.lucene.index.TestAtomicUpdate$MockIndexWriter",2,1.00,1.50,7,0.07,817.19,3,1,7,4,3,132.55,1,12,0,2,132.55,0.00,0.50,0.50,0,2.00,2,211.12,0,0,3,org.apache.lucene.index.IndexWriter,0.00,2,1,3,0,2,2,0,1,54,3
"org.apache.lucene.index.TestAtomicUpdate$SearcherThread",2,1.00,1.00,9,0.09,1239.47,3,1,7,6,2,126.55,0,13,0,2,126.55,0.00,0.50,0.50,0,2.00,1,257.15,0,0,2,org.apache.lucene.index.TimedThread,0.00,4,1,2,0,4,2,0,0,64,2
"org.apache.lucene.index.TestAtomicUpdate$TimedThread",4,0.08,2.00,23,0.28,8474.76,8,4,7,9,0,118.58,0,31,0,2,118.58,0.00,0.50,0.31,2,4.00,3,833.97,0,0,0,org.apache.lucene.analysis.Thread,0.00,5,1,8,0,5,4,0,0,175,3
"org.apache.lucene.index.TestBackwardsCompatibility",24,0.22,2.92,509,8.38,426777.82,27,3,32,144,38,108.58,92,578,0,2,87.96,0.00,0.50,0.12,9,116.00,8,25146.93,0,2,38,org.apache.lucene.util.LuceneTestCase,0.00,120,1,70,0,120,22,0,67,4140,1
"org.apache.lucene.index.TestBinaryTerms",1,0.00,3.00,36,0.56,25617.03,1,0,12,28,14,98.59,3,35,0,2,77.98,0.00,0.50,0.00,0,1.00,3,1674.38,0,0,14,org.apache.lucene.util.LuceneTestCase,0.00,27,1,3,0,27,1,0,1,274,1
"org.apache.lucene.index.TestByteSlices",1,0.00,14.00,56,0.83,88529.10,1,0,3,16,4,116.22,1,53,0,2,66.22,0.00,0.50,0.00,0,1.00,14,2489.65,0,0,4,org.apache.lucene.util.LuceneTestCase,0.00,15,1,14,0,15,1,0,1,407,1
"org.apache.lucene.index.TestCheckIndex",2,0.00,2.50,58,1.02,49649.10,2,0,12,39,9,81.63,1,63,0,2,81.63,0.00,0.50,0.00,0,2.00,4,3051.48,0,0,9,org.apache.lucene.util.LuceneTestCase,0.00,37,1,5,0,37,2,0,1,477,1
"org.apache.lucene.index.TestCodecs",7,0.06,3.86,194,2.99,179382.33,15,8,29,75,34,82.82,28,198,1,2,82.58,0.00,0.50,0.18,3,20.00,10,8970.17,0,2,33,org.apache.lucene.util.LuceneTestCase,0.00,68,1,27,0,68,5,0,28,1487,1
"org.apache.lucene.index.TestCodecs$FieldData",3,0.12,2.33,37,0.44,16652.05,7,4,29,13,5,101.06,1,36,0,1,101.06,0.00,0.00,0.33,0,0.00,3,1310.61,0,0,5,java.lang.Object,0.00,10,0,7,0,10,3,1,1,260,0
"org.apache.lucene.index.TestCodecs$PositionData",1,2.00,1.00,6,0.04,468.06,3,2,29,1,1,120.95,0,8,0,1,120.95,0.00,0.00,0.00,0,1.00,1,111.28,0,0,1,java.lang.Object,0.00,0,0,1,0,0,1,0,0,33,0
"org.apache.lucene.index.TestCodecs$TermData",3,0.20,2.33,37,0.40,20925.53,8,5,29,11,4,100.28,0,39,0,1,100.28,0.00,0.00,0.33,0,1.00,5,1204.78,0,0,4,java.lang.Object,0.00,8,0,7,0,8,3,1,0,242,0
"org.apache.lucene.index.TestCodecs$Verify",5,0.05,6.80,151,2.80,562769.44,10,5,29,37,8,96.30,16,173,0,2,75.68,0.00,0.50,0.16,3,11.00,24,8387.90,0,0,8,org.apache.lucene.analysis.Thread,0.00,32,1,34,0,32,5,0,16,1286,1
"org.apache.lucene.index.TestCompoundFile",27,0.46,1.93,509,6.81,347882.61,28,1,11,64,8,112.27,95,551,0,2,91.66,0.00,0.50,0.56,7,0.00,6,20418.66,2,0,8,org.apache.lucene.util.LuceneTestCase,0.00,37,1,52,0,37,27,0,73,3777,1
"org.apache.lucene.index.TestConcurrentMergeScheduler",4,0.00,5.50,127,1.76,75447.42,4,0,9,41,11,101.92,15,140,0,2,81.31,0.00,0.50,0.00,0,4.00,8,5275.64,0,0,11,org.apache.lucene.util.LuceneTestCase,0.00,37,1,22,0,37,4,0,15,864,1
"org.apache.lucene.index.TestConcurrentMergeScheduler$FailOnlyOnFlush",3,0.00,2.67,24,0.29,10416.24,5,2,9,11,1,109.21,0,33,0,2,109.21,0.00,0.50,0.50,0,1.00,6,860.34,0,0,1,MockDirectoryWrapper.Failure,0.00,8,1,8,0,8,3,0,0,169,1
"org.apache.lucene.index.TestConsistentFieldNumbers",5,0.00,3.40,290,5.23,463377.29,5,0,12,52,15,65.83,4,310,0,2,65.83,0.00,0.50,0.00,1,5.00,7,15686.60,0,1,15,org.apache.lucene.util.LuceneTestCase,0.00,47,1,17,0,47,4,0,4,2527,1
"org.apache.lucene.index.TestCrash",10,0.00,1.20,97,1.16,25225.14,10,0,8,38,8,129.19,38,107,0,2,108.57,0.00,0.50,0.00,2,10.00,3,3479.19,0,2,8,org.apache.lucene.util.LuceneTestCase,0.00,28,1,12,0,28,8,0,11,711,1
"org.apache.lucene.index.TestDeletionPolicy",9,0.00,9.11,448,7.42,843135.60,9,0,16,76,19,19.82,97,512,0,2,68.29,0.00,0.50,0.00,1,9.00,21,22248.54,0,0,19,org.apache.lucene.util.LuceneTestCase,0.00,67,1,82,0,67,9,0,71,3381,1
"org.apache.lucene.index.TestDeletionPolicy$ExpirationTimeDeletionPolicy",3,0.00,2.33,20,0.24,9927.67,6,3,16,10,3,114.06,1,25,0,1,114.06,0.00,0.00,0.33,1,4.00,4,708.38,0,0,3,java.lang.Object,0.00,7,0,7,0,7,3,1,1,149,0
"org.apache.lucene.index.TestDeletionPolicy$KeepAllDeletionPolicy",2,0.33,2.00,14,0.19,5052.35,5,3,16,10,4,112.52,0,17,0,1,112.52,0.00,0.00,0.50,0,2.00,2,559.18,0,0,4,java.lang.Object,0.00,8,0,4,0,8,2,1,0,117,0
"org.apache.lucene.index.TestDeletionPolicy$KeepLastNDeletionPolicy",4,0.00,3.00,33,0.36,11612.69,9,5,16,14,2,109.79,3,40,0,1,109.79,0.00,0.00,0.20,1,8.00,5,1088.69,0,0,2,java.lang.Object,0.00,10,0,12,0,10,4,1,3,223,0
"org.apache.lucene.index.TestDeletionPolicy$KeepNoneOnInitDeletionPolicy",2,0.00,3.00,19,0.17,5248.19,4,2,16,9,2,158.23,2,20,0,1,108.23,0.00,0.00,0.50,0,2.00,3,514.00,0,0,2,java.lang.Object,0.00,7,0,6,0,7,2,1,2,112,0
"org.apache.lucene.index.TestDirectoryReader",9,0.12,1.78,123,1.69,69770.53,14,5,9,53,17,148.69,14,146,1,2,98.69,1.00,0.33,0.31,4,4.00,3,5082.57,2,1,16,org.apache.lucene.util.LuceneTestCase,0.00,44,1,16,1,44,8,0,14,972,1
"org.apache.lucene.index.TestDoc",7,0.06,2.57,126,1.93,81159.49,10,3,21,67,21,131.84,14,156,1,2,91.95,0.00,0.50,0.29,4,11.00,6,5777.09,1,3,20,org.apache.lucene.util.LuceneTestCase,0.00,60,1,18,0,60,4,0,5,1019,1
"org.apache.lucene.index.TestDocCount",3,0.00,3.00,45,0.57,17978.28,3,0,8,32,15,147.13,3,50,0,2,97.13,0.00,0.50,0.00,2,3.00,5,1705.04,0,1,15,org.apache.lucene.util.LuceneTestCase,0.00,29,1,9,0,29,2,0,1,320,1
"org.apache.lucene.index.TestDocTermOrds",4,0.00,13.00,232,4.26,342938.66,4,0,20,67,20,47.91,23,265,0,2,65.78,0.00,0.50,0.00,1,4.00,21,12794.88,0,0,20,org.apache.lucene.util.LuceneTestCase,0.00,63,1,52,0,63,4,0,19,1904,1
"org.apache.lucene.index.TestDocsAndPositions",8,0.14,5.38,245,3.88,306753.05,9,1,14,57,12,100.03,25,259,0,2,79.42,0.00,0.50,0.88,3,0.00,12,11626.80,1,2,12,org.apache.lucene.util.LuceneTestCase,0.00,49,1,43,0,49,6,0,14,1776,1
"org.apache.lucene.index.TestDocumentWriter",9,0.00,1.22,153,2.71,97247.65,10,1,17,64,24,133.18,22,170,0,2,93.29,0.00,0.50,1.00,0,0.00,3,8118.93,2,0,24,org.apache.lucene.util.LuceneTestCase,0.00,55,1,11,0,55,9,0,15,1381,1
"org.apache.lucene.index.TestDocumentWriter$Analyzer",2,0.00,1.00,5,0.05,758.91,2,0,17,4,1,139.46,0,9,0,1,139.46,0.00,0.00,0.00,0,2.00,1,158.85,0,1,1,java.lang.Object,0.00,2,0,2,0,2,1,0,0,42,0
"org.apache.lucene.index.TestDocumentWriter$Analyzer_0",1,0.00,1.00,4,0.05,852.03,1,0,17,4,3,125.47,0,6,0,1,125.47,0.00,0.00,0.00,0,1.00,1,139.77,0,1,3,java.lang.Object,0.00,3,0,1,0,3,0,0,0,34,0
"org.apache.lucene.index.TestDocumentWriter$Analyzer_0$TokenFilter",2,1.00,3.00,27,0.32,10020.36,7,5,17,11,4,150.06,2,34,0,1,100.06,0.00,0.00,0.70,0,0.00,5,968.93,1,0,4,java.lang.Object,0.00,9,0,6,0,9,2,0,2,192,0
"org.apache.lucene.index.TestDocumentWriter$TokenStream",1,0.00,2.00,11,0.12,2455.90,4,3,17,4,1,105.30,0,14,0,1,105.30,0.00,0.00,1.00,0,0.00,2,355.23,0,0,1,java.lang.Object,0.00,3,0,2,0,3,1,0,0,78,0
"org.apache.lucene.index.TestDocumentsWriterDeleteQueue",6,0.00,3.83,164,2.32,150296.19,6,0,11,52,7,82.66,4,169,0,2,82.66,0.00,0.50,0.00,1,6.00,6,6965.59,0,0,7,org.apache.lucene.util.LuceneTestCase,0.00,46,1,23,0,46,6,0,2,1176,1
"org.apache.lucene.index.TestDocumentsWriterDeleteQueue$Thread",1,0.00,1.00,3,0.02,178.52,1,0,11,3,1,135.47,0,4,0,1,135.47,0.00,0.00,0.00,0,1.00,1,63.51,0,0,1,java.lang.Object,0.00,2,0,1,0,2,1,0,0,19,0
"org.apache.lucene.index.TestDocumentsWriterDeleteQueue$UpdateThread",2,0.67,2.00,24,0.28,6718.55,8,6,11,12,4,102.82,0,32,0,2,102.82,0.00,0.50,0.50,0,0.00,3,848.91,0,0,4,org.apache.lucene.index.Thread,0.00,10,1,4,0,10,2,0,0,173,2
"org.apache.lucene.index.TestFieldInfos",5,0.75,2.80,77,1.10,50338.99,6,1,8,30,7,135.26,14,102,0,2,95.37,0.00,0.50,0.40,2,7.00,10,3309.03,1,1,7,org.apache.lucene.util.LuceneTestCase,0.00,25,1,14,0,25,4,0,14,633,1
"org.apache.lucene.index.TestFieldNormModifier",6,0.20,2.17,102,1.35,67106.74,8,2,17,34,18,132.93,15,107,0,2,93.04,0.00,0.50,0.67,0,0.00,3,4042.82,2,0,18,org.apache.lucene.util.LuceneTestCase,0.00,28,1,13,0,28,6,0,13,737,1
"org.apache.lucene.index.TestFieldNormModifier$Collector",4,0.17,1.00,11,0.11,1717.54,6,2,17,5,1,139.04,0,19,0,1,139.04,0.00,0.00,0.38,0,4.00,1,328.85,0,0,1,java.lang.Object,0.00,1,0,4,0,1,4,0,0,85,0
"org.apache.lucene.index.TestFieldNormModifier$Collector_0",4,0.17,1.00,11,0.11,1717.54,6,2,17,5,1,139.04,0,19,0,1,139.04,0.00,0.00,0.38,0,4.00,1,328.85,0,0,1,java.lang.Object,0.00,1,0,4,0,1,4,0,0,85,0
"org.apache.lucene.index.TestFieldNormModifier$Collector_1",4,0.17,1.00,11,0.11,1717.54,6,2,17,5,1,139.04,0,19,0,1,139.04,0.00,0.00,0.38,0,4.00,1,328.85,0,0,1,java.lang.Object,0.00,1,0,4,0,1,4,0,0,85,0
"org.apache.lucene.index.TestFieldNormModifier$DefaultSimilarityProvider",1,0.00,1.00,3,0.02,161.45,1,0,17,2,1,135.81,0,5,0,1,135.81,0.00,0.00,0.00,0,1.00,1,49.51,0,1,1,java.lang.Object,0.00,1,0,1,0,1,0,0,0,16,0
"org.apache.lucene.index.TestFieldNormModifier$DefaultSimilarityProvider$DefaultSimilarity",1,0.00,2.00,3,0.06,1403.49,1,0,17,5,1,128.26,0,5,0,1,128.26,0.00,0.00,0.00,0,1.00,2,166.12,0,0,1,java.lang.Object,0.00,4,0,2,0,4,1,0,0,40,0
"org.apache.lucene.index.TestFieldsReader",6,0.13,2.67,159,2.40,128556.37,9,3,22,78,22,83.89,5,169,0,2,83.89,0.00,0.50,0.44,0,6.00,7,7200.72,0,0,22,org.apache.lucene.util.LuceneTestCase,0.00,72,1,16,0,72,6,0,5,1215,1
"org.apache.lucene.index.TestFieldsReader$FaultyFSDirectory",10,0.00,1.00,23,0.27,4517.28,11,1,22,21,4,138.86,0,43,0,2,138.86,0.00,0.50,1.00,0,0.00,1,811.77,0,3,4,org.apache.lucene.store.Directory,0.14,11,1,10,0,11,7,0,0,208,2
"org.apache.lucene.index.TestFieldsReader$FaultyIndexInput",7,0.00,1.14,21,0.21,3266.34,10,3,22,14,2,132.15,1,35,0,4,132.15,0.00,0.75,0.33,1,0.00,2,641.56,0,1,2,org.apache.lucene.store.BufferedIndexInput,0.41,7,3,8,0,7,6,0,1,162,2
"org.apache.lucene.index.TestFilterIndexReader",0,0.00,0.00,2,0.01,129.56,0,0,8,0,6,171.00,0,2,0,2,171.00,0.00,0.50,0.00,0,0.00,0,43.19,0,0,6,org.apache.lucene.util.LuceneTestCase,0.00,0,1,0,0,0,0,0,0,13,1
"org.apache.lucene.index.TestFilterIndexReader$TestReader",3,0.00,1.67,40,0.66,24847.81,3,0,8,30,13,138.36,6,49,0,3,98.48,0.00,0.67,0.00,0,3.00,3,1984.27,1,1,13,org.apache.lucene.index.FilterIndexReader,0.02,27,2,5,0,27,2,0,3,347,2
"org.apache.lucene.index.TestFilterIndexReader$TestReader$TestFields",3,0.00,1.00,7,0.07,1105.31,3,0,8,5,3,139.56,0,13,0,2,139.56,0.00,0.50,0.00,0,3.00,1,211.88,2,2,3,org.apache.lucene.index.FilterFields,0.00,2,1,3,0,2,1,0,0,58,2
"org.apache.lucene.index.TestFilterIndexReader$TestReader$TestFieldsEnum",2,0.00,1.00,5,0.04,548.91,2,0,8,3,2,140.57,0,9,0,2,140.57,0.00,0.50,0.00,0,2.00,1,121.96,1,1,2,org.apache.lucene.index.FilterFieldsEnum,0.00,1,1,2,0,1,1,0,0,36,2
"org.apache.lucene.index.TestFilterIndexReader$TestReader$TestPositions",2,0.00,2.00,8,0.08,2319.56,2,0,8,2,1,124.25,1,14,0,2,124.25,0.00,0.50,0.00,0,2.00,3,226.07,0,0,1,org.apache.lucene.index.FilterDocsAndPositionsEnum,0.00,0,1,4,0,0,2,0,1,56,2
"org.apache.lucene.index.TestFilterIndexReader$TestReader$TestTerms",2,0.00,1.00,5,0.04,548.91,2,0,8,3,2,140.57,0,9,0,2,140.57,0.00,0.50,0.00,0,2.00,1,121.96,1,1,2,org.apache.lucene.index.FilterTerms,0.00,1,1,2,0,1,1,0,0,36,2
"org.apache.lucene.index.TestFilterIndexReader$TestReader$TestTermsEnum",3,0.00,2.00,10,0.14,3837.95,3,0,8,6,4,128.58,1,18,0,2,128.58,0.00,0.50,0.00,0,3.00,3,416.45,1,2,4,org.apache.lucene.index.FilterTermsEnum,0.00,3,1,6,0,3,1,0,1,97,2
"org.apache.lucene.index.TestFlex",2,0.00,3.00,42,0.65,22407.22,2,0,5,29,11,139.54,2,49,0,2,89.54,0.00,0.50,0.00,0,2.00,4,1960.92,0,0,11,org.apache.lucene.util.LuceneTestCase,0.00,27,1,6,0,27,2,0,2,332,1
"org.apache.lucene.index.TestFlushByRamOrCountsPolicy",10,0.44,3.40,210,3.41,185519.65,11,1,14,59,16,87.78,3,242,0,2,87.78,0.00,0.50,0.60,2,0.00,7,10235.06,0,0,16,org.apache.lucene.util.LuceneTestCase,0.00,49,1,34,0,49,10,0,3,1634,1
"org.apache.lucene.index.TestFlushByRamOrCountsPolicy$IndexThread",2,0.40,3.50,26,0.25,6452.53,7,5,14,9,4,101.53,0,36,0,2,101.53,0.00,0.50,0.40,0,2.00,6,759.52,0,0,4,org.apache.lucene.analysis.Thread,0.00,7,1,7,0,7,2,0,0,159,1
"org.apache.lucene.index.TestFlushByRamOrCountsPolicy$MockDefaultFlushPolicy",2,0.67,6.50,57,0.78,51627.27,5,3,14,14,2,81.85,0,74,0,3,81.85,0.00,0.67,0.67,0,0.00,7,2346.87,5,0,2,org.apache.lucene.index.FlushByRamOrCountsPolicy,0.00,12,2,13,0,12,2,0,0,416,2
"org.apache.lucene.index.TestForTooMuchCloning",1,0.00,3.00,33,0.52,21851.39,1,0,11,27,12,31.45,10,36,0,2,79.93,0.00,0.50,0.00,0,1.00,3,1558.75,0,0,12,org.apache.lucene.util.LuceneTestCase,0.00,26,1,3,0,26,1,0,10,253,1
"org.apache.lucene.index.TestForceMergeForever",1,0.00,4.00,33,0.48,23494.65,1,0,8,25,7,100.23,3,34,0,2,79.62,0.00,0.50,0.00,0,1.00,4,1433.03,0,0,7,org.apache.lucene.util.LuceneTestCase,0.00,24,1,4,0,24,1,0,3,239,1
"org.apache.lucene.index.TestForceMergeForever$MyIndexWriter",2,0.00,2.00,12,0.15,3727.31,4,2,8,6,4,116.06,0,18,0,2,116.06,0.00,0.50,0.50,0,2.00,3,458.96,1,0,4,org.apache.lucene.index.IndexWriter,0.00,4,1,4,0,4,2,0,0,99,2
"org.apache.lucene.index.TestForceMergeForever$Thread",1,0.00,3.00,7,0.10,2161.29,1,0,8,8,1,162.96,1,13,0,1,112.96,0.00,0.00,0.00,0,1.00,3,295.53,0,0,1,java.lang.Object,0.00,7,0,3,0,7,1,0,1,61,0
"org.apache.lucene.index.TestGlobalFieldNumbers",10,0.89,4.60,378,6.23,413764.13,11,1,22,92,22,125.80,15,432,0,2,75.80,0.00,0.50,0.20,2,22.00,9,18702.16,0,1,22,org.apache.lucene.util.LuceneTestCase,0.00,82,1,46,0,82,9,0,15,2995,1
"org.apache.lucene.index.TestGlobalFieldNumbers$KeepAllDeletionPolicy",2,0.00,2.00,3,0.04,443.84,2,0,22,2,1,152.36,0,7,0,1,152.36,0.00,0.00,0.00,0,2.00,2,118.22,0,0,1,java.lang.Object,0.00,0,0,4,0,0,2,1,0,33,0
"org.apache.lucene.index.TestIndexCommit",1,0.00,1.00,8,0.08,1602.80,1,0,6,7,2,162.08,1,11,0,2,112.08,0.00,0.50,0.00,0,1.00,1,228.12,0,0,2,org.apache.lucene.util.LuceneTestCase,0.00,6,1,1,0,6,1,0,1,53,1
"org.apache.lucene.index.TestIndexCommit$IndexCommit",10,0.00,1.00,20,0.14,1816.49,10,0,6,10,1,141.98,0,11,0,1,141.98,0.00,0.00,0.00,0,10.00,1,425.24,0,4,1,java.lang.Object,0.00,0,0,10,0,0,6,0,0,124,0
"org.apache.lucene.index.TestIndexCommit$IndexCommit_0",10,0.00,1.00,20,0.14,1816.49,10,0,6,10,1,141.98,0,11,0,1,141.98,0.00,0.00,0.00,0,10.00,1,425.24,0,4,1,java.lang.Object,0.00,0,0,10,0,0,6,0,0,124,0
"org.apache.lucene.index.TestIndexFileDeleter",5,0.00,3.80,115,1.79,120908.92,5,0,14,53,15,35.38,45,125,0,2,85.38,0.00,0.50,0.00,3,5.00,7,5359.68,0,2,15,org.apache.lucene.util.LuceneTestCase,0.00,48,1,19,0,48,3,0,38,871,1
"org.apache.lucene.index.TestIndexInput",3,0.50,1.00,33,0.85,47205.70,4,1,5,15,4,138.99,8,64,0,2,99.10,0.00,0.50,0.67,1,1.00,1,2553.25,0,0,4,org.apache.lucene.util.LuceneTestCase,0.00,12,1,3,0,12,3,0,8,492,1
"org.apache.lucene.index.TestIndexReader",40,0.00,2.60,970,14.95,887596.32,40,0,35,186,42,105.69,146,1093,2,2,85.07,0.00,0.50,0.00,5,40.00,14,44864.76,0,1,40,org.apache.lucene.util.LuceneTestCase,0.00,146,1,104,0,146,39,0,130,7589,1
"org.apache.lucene.index.TestIndexReader$IncThread",2,0.00,2.00,14,0.11,2146.87,5,3,35,6,1,115.45,0,21,0,2,115.45,0.00,0.50,0.33,0,2.00,3,339.53,0,0,1,org.apache.lucene.analysis.Thread,0.00,4,1,4,0,4,2,0,0,84,1
"org.apache.lucene.index.TestIndexReader$IndexReader.ReaderFinishedListener",1,0.00,1.00,3,0.02,160.08,1,0,35,1,1,135.84,0,4,0,1,135.84,0.00,0.00,0.00,0,1.00,1,58.53,0,0,1,java.lang.Object,0.00,0,0,1,0,0,1,0,0,18,0
"org.apache.lucene.index.TestIndexReaderClone",25,0.00,1.80,314,3.85,125571.55,25,0,8,78,17,141.35,62,363,0,2,101.46,0.00,0.50,0.00,5,25.00,4,11562.41,0,0,17,org.apache.lucene.util.LuceneTestCase,0.00,53,1,45,0,53,25,0,49,2239,1
"org.apache.lucene.index.TestIndexReaderCloneNorms",12,0.08,2.08,205,2.89,123835.00,20,8,17,70,19,133.21,35,237,0,2,93.33,0.00,0.50,0.20,7,34.00,4,8669.46,1,1,19,org.apache.lucene.util.LuceneTestCase,0.00,58,1,25,0,58,11,0,29,1559,1
"org.apache.lucene.index.TestIndexReaderCloneNorms$SimilarityProviderOne",1,0.00,1.00,3,0.02,180.47,1,0,17,2,3,135.43,0,6,0,2,135.43,0.00,0.50,0.00,0,1.00,1,57.02,0,1,3,org.apache.lucene.search.similarities.DefaultSimilarityProvider,0.00,1,1,1,0,1,0,0,0,18,1
"org.apache.lucene.index.TestIndexReaderCloneNorms$SimilarityProviderOne$DefaultSimilarity",1,0.00,1.00,3,0.03,320.40,1,0,17,3,1,183.47,1,5,0,1,133.47,0.00,0.00,0.00,0,1.00,1,76.53,0,0,1,java.lang.Object,0.00,2,0,1,0,2,1,0,1,22,0
"org.apache.lucene.index.TestIndexReaderDelete",12,0.00,1.67,245,3.40,255039.49,12,0,12,55,11,108.89,44,257,0,2,88.27,0.00,0.50,0.00,2,12.00,5,10189.29,0,0,11,org.apache.lucene.util.LuceneTestCase,0.00,43,1,20,0,43,12,0,44,1809,1
"org.apache.lucene.index.TestIndexReaderOnDiskFull",1,0.00,27.00,115,1.79,223022.70,1,0,14,34,15,65.04,34,139,0,2,51.26,0.00,0.50,0.00,0,1.00,27,5370.74,0,0,15,org.apache.lucene.util.LuceneTestCase,0.00,33,1,27,0,33,1,0,17,742,1
"org.apache.lucene.index.TestIndexReaderReopen",26,1.00,3.77,736,9.21,730326.94,27,1,28,118,38,121.57,64,796,9,2,81.68,0.00,0.50,0.04,9,50.00,14,27627.65,0,3,29,org.apache.lucene.util.LuceneTestCase,0.00,92,1,98,0,92,23,0,53,4833,1
"org.apache.lucene.index.TestIndexReaderReopen$KeepAllCommits",2,0.00,2.00,3,0.04,350.27,2,0,28,2,1,153.17,0,6,0,1,153.17,0.00,0.00,0.00,0,2.00,2,105.69,0,0,1,java.lang.Object,0.00,0,0,4,0,0,2,1,0,31,2
"org.apache.lucene.index.TestIndexReaderReopen$ReaderCouple",1,0.00,1.00,6,0.03,288.17,3,2,28,1,1,122.60,0,8,0,1,122.60,0.00,0.00,1.00,0,0.00,1,94.21,0,0,1,java.lang.Object,0.00,0,0,1,0,0,1,0,0,29,2
"org.apache.lucene.index.TestIndexReaderReopen$ReaderThread",3,2.00,1.33,12,0.10,1431.65,5,2,28,5,0,127.38,0,19,0,2,127.38,0.00,0.50,0.00,1,3.00,2,291.27,0,0,0,org.apache.lucene.analysis.Thread,0.00,2,1,4,0,2,3,0,0,76,2
"org.apache.lucene.index.TestIndexReaderReopen$ReaderThreadTask",1,0.00,6.00,22,0.34,16962.61,1,0,28,16,5,107.82,3,32,0,1,87.21,0.00,0.00,0.00,0,1.00,6,1006.34,0,0,5,java.lang.Object,0.00,15,0,6,0,15,1,0,3,168,0
"org.apache.lucene.index.TestIndexReaderReopen$ReaderThreadTask_7",1,0.00,3.00,9,0.12,2937.40,1,0,28,7,1,107.84,0,14,0,1,107.84,0.00,0.00,0.00,0,1.00,3,359.61,0,0,1,java.lang.Object,0.00,6,0,3,0,6,1,0,0,71,0
"org.apache.lucene.index.TestIndexReaderReopen$ReaderThreadTask_8",2,1.00,1.00,5,0.03,340.21,3,1,28,2,0,142.20,0,7,0,1,142.20,0.00,0.00,0.00,0,2.00,1,103.57,0,0,0,java.lang.Object,0.00,0,0,2,0,0,2,0,0,31,3
"org.apache.lucene.index.TestIndexReaderReopen$TestReopen",2,0.00,1.00,5,0.05,730.90,2,0,28,4,2,139.59,0,9,0,1,139.59,0.00,0.00,0.00,0,2.00,1,152.55,0,1,2,java.lang.Object,0.00,2,0,2,0,2,1,0,0,41,0
"org.apache.lucene.index.TestIndexReaderReopen$TestReopen_0",2,0.00,1.00,5,0.05,730.90,2,0,28,4,2,139.59,0,9,0,1,139.59,0.00,0.00,0.00,0,2.00,1,152.55,0,1,2,java.lang.Object,0.00,2,0,2,0,2,1,0,0,41,0
"org.apache.lucene.index.TestIndexReaderReopen$TestReopen_1",2,0.00,1.00,9,0.10,2379.59,2,0,28,6,3,124.32,0,13,0,1,124.32,0.00,0.00,0.00,0,2.00,1,296.48,0,1,3,java.lang.Object,0.00,4,0,2,0,4,1,0,0,72,0
"org.apache.lucene.index.TestIndexReaderReopen$TestReopen_2",2,0.00,1.00,10,0.12,3532.16,2,0,28,7,4,169.36,2,14,0,1,119.36,0.00,0.00,0.00,0,2.00,1,361.73,0,1,4,java.lang.Object,0.00,5,0,2,0,5,1,0,2,86,0
"org.apache.lucene.index.TestIndexReaderReopen$TestReopen_3",2,0.00,1.00,6,0.07,1406.78,2,0,28,5,3,130.78,0,11,0,1,130.78,0.00,0.00,0.00,0,2.00,1,224.59,0,1,3,java.lang.Object,0.00,3,0,2,0,3,1,0,0,57,0
"org.apache.lucene.index.TestIndexReaderReopen$TestReopen_4",2,0.00,1.00,6,0.09,1926.18,2,0,28,6,4,179.71,2,12,0,1,129.71,0.00,0.00,0.00,0,2.00,1,264.93,0,1,4,java.lang.Object,0.00,4,0,2,0,4,1,0,2,66,0
"org.apache.lucene.index.TestIndexReaderReopen$TestReopen_5",2,0.00,1.50,11,0.17,5385.97,2,0,28,7,4,117.82,1,15,0,1,117.82,0.00,0.00,0.00,0,2.00,2,505.96,0,1,4,java.lang.Object,0.00,5,0,3,0,5,1,0,1,113,0
"org.apache.lucene.index.TestIndexReaderReopen$TestReopen_6",2,0.00,2.00,17,0.25,9290.77,2,0,28,15,5,108.28,0,23,0,1,108.28,0.00,0.00,0.00,0,2.00,3,757.72,0,1,5,java.lang.Object,0.00,13,0,4,0,13,1,0,0,145,0
"org.apache.lucene.index.TestIndexReaderReopen$TestReopen_9",2,0.00,1.00,3,0.02,181.82,2,0,28,2,1,155.58,0,4,0,1,155.58,0.00,0.00,0.00,0,2.00,1,72.73,0,1,1,java.lang.Object,0.00,0,0,2,0,0,1,0,0,24,3
"org.apache.lucene.index.TestIndexSplitter",2,0.00,2.50,102,1.58,67832.18,2,0,9,37,13,71.65,9,109,0,2,71.42,0.00,0.50,0.00,0,2.00,4,4752.54,0,0,13,org.apache.lucene.util.LuceneTestCase,0.00,35,1,5,0,35,2,0,9,755,1
"org.apache.lucene.index.TestIndexWriterCommit",12,0.00,3.50,417,5.81,327074.81,12,0,17,88,19,46.43,77,429,0,2,78.66,0.00,0.50,0.00,0,12.00,7,17431.71,0,0,19,org.apache.lucene.util.LuceneTestCase,0.00,76,1,42,0,76,12,0,56,2974,1
"org.apache.lucene.index.TestIndexWriterCommit$Analyzer",1,0.00,1.00,3,0.04,595.79,1,0,17,3,1,131.35,0,5,0,1,131.35,0.00,0.00,0.00,0,1.00,1,112.25,0,1,1,java.lang.Object,0.00,2,0,1,0,2,0,0,0,29,0
"org.apache.lucene.index.TestIndexWriterCommit$Analyzer_0",1,0.00,1.00,4,0.06,1051.87,1,0,17,4,3,124.74,0,6,0,1,124.74,0.00,0.00,0.00,0,1.00,1,173.06,0,1,3,java.lang.Object,0.00,3,0,1,0,3,0,0,0,40,0
"org.apache.lucene.index.TestIndexWriterCommit$Thread",1,0.00,4.00,28,0.38,19559.94,1,0,17,20,5,82.91,0,30,0,1,82.91,0.00,0.00,0.00,0,1.00,4,1146.93,0,0,5,java.lang.Object,0.00,19,0,4,0,19,1,0,0,188,0
"org.apache.lucene.index.TestIndexWriterConfig",6,0.00,3.50,142,2.57,145287.13,6,0,14,69,17,85.63,26,177,0,2,85.39,0.00,0.50,0.00,0,6.00,9,7708.03,0,0,17,org.apache.lucene.util.LuceneTestCase,0.00,63,1,21,0,63,6,0,26,1255,1
"org.apache.lucene.index.TestIndexWriterConfig$MyIndexingChain",1,0.00,1.00,3,0.02,193.08,1,0,14,1,2,185.20,1,7,0,2,135.20,0.00,0.50,0.00,0,1.00,1,65.51,0,1,2,org.apache.lucene.index.DocumentsWriterPerThread.IndexingChain,0.00,0,1,1,0,0,0,0,1,20,3
"org.apache.lucene.index.TestIndexWriterConfig$MySimilarityProvider",0,0.00,0.00,1,0.01,72.00,0,0,14,0,1,171.00,1,2,0,2,171.00,0.00,0.50,0.00,0,0.00,0,24.00,0,0,1,org.apache.lucene.search.similarities.DefaultSimilarityProvider,0.00,0,1,0,0,0,0,0,1,8,3
"org.apache.lucene.index.TestIndexWriterDelete",23,0.00,4.43,612,9.25,564024.00,23,0,21,128,22,83.54,106,704,0,2,83.31,0.00,0.50,0.00,4,23.00,29,27757.36,0,0,22,org.apache.lucene.util.LuceneTestCase,0.00,105,1,102,0,105,23,0,103,4471,1
"org.apache.lucene.index.TestIndexWriterDelete$Analyzer",1,0.00,1.00,3,0.04,595.79,1,0,21,3,1,131.35,0,5,0,1,131.35,0.00,0.00,0.00,0,1.00,1,112.25,0,1,1,java.lang.Object,0.00,2,0,1,0,2,0,0,0,29,0
"org.apache.lucene.index.TestIndexWriterDelete$MockAnalyzer",1,0.00,1.00,5,0.10,1461.36,1,0,21,6,0,120.01,0,8,0,1,120.01,0.00,0.00,0.00,0,1.00,1,285.99,0,0,0,java.lang.Object,0.00,5,0,1,0,5,1,0,0,66,0
"org.apache.lucene.index.TestIndexWriterDelete$MockDirectoryWrapper.Failure",2,1.33,6.00,40,0.44,24552.93,5,3,21,11,1,139.86,2,48,0,1,89.86,0.00,0.00,1.00,0,0.00,11,1310.75,0,1,1,java.lang.Object,0.00,9,0,12,0,9,1,0,2,242,0
"org.apache.lucene.index.TestIndexWriterDelete$MockDirectoryWrapper.Failure_0",2,0.00,1.50,9,0.08,1294.28,3,1,21,3,1,126.31,0,14,0,1,126.31,0.00,0.00,1.00,0,0.00,2,228.08,0,1,1,java.lang.Object,0.00,1,0,3,0,1,1,0,0,57,0
"org.apache.lucene.index.TestIndexWriterExceptions",22,0.48,4.95,723,10.76,685059.21,24,2,27,173,31,99.72,71,781,0,2,79.10,0.00,0.50,0.05,1,58.00,12,32293.80,0,0,31,org.apache.lucene.util.LuceneTestCase,0.00,151,1,109,0,151,22,0,71,5211,1
"org.apache.lucene.index.TestIndexWriterExceptions$Analyzer",1,0.00,1.00,5,0.06,1123.43,1,0,27,5,2,170.90,1,7,0,1,120.90,0.00,0.00,0.00,0,1.00,1,168.54,0,1,2,java.lang.Object,0.00,4,0,1,0,4,0,0,1,40,0
"org.apache.lucene.index.TestIndexWriterExceptions$Analyzer$TokenFilter",2,1.00,1.50,9,0.08,1668.24,3,1,27,4,0,125.44,0,14,0,1,125.44,0.00,0.00,0.50,0,2.00,2,246.53,1,0,0,java.lang.Object,0.00,2,0,3,0,2,2,0,0,61,0
"org.apache.lucene.index.TestIndexWriterExceptions$Analyzer.PerFieldReuseStrategy",1,0.00,1.00,5,0.07,1486.68,1,0,27,5,1,169.95,1,7,0,1,119.95,0.00,0.00,0.00,0,1.00,1,198.35,0,1,1,java.lang.Object,0.00,4,0,1,0,4,0,0,1,47,0
"org.apache.lucene.index.TestIndexWriterExceptions$Analyzer.PerFieldReuseStrategy_0",1,0.00,1.00,5,0.07,1486.68,1,0,27,5,1,169.95,1,7,0,1,119.95,0.00,0.00,0.00,0,1.00,1,198.35,0,1,1,java.lang.Object,0.00,4,0,1,0,4,0,0,1,47,0
"org.apache.lucene.index.TestIndexWriterExceptions$Analyzer.PerFieldReuseStrategy_1",1,0.00,1.00,5,0.07,1486.68,1,0,27,5,1,169.95,1,7,0,1,119.95,0.00,0.00,0.00,0,1.00,1,198.35,0,1,1,java.lang.Object,0.00,4,0,1,0,4,0,0,1,47,0
"org.apache.lucene.index.TestIndexWriterExceptions$CrashingFilter",3,0.25,1.33,12,0.12,2277.59,5,2,27,6,1,125.79,0,19,0,4,125.79,0.00,0.75,0.33,0,1.00,2,361.95,1,0,1,org.apache.lucene.analysis.TokenFilter,0.53,3,3,4,0,3,3,0,0,88,1
"org.apache.lucene.index.TestIndexWriterExceptions$DocCopyIterator",2,7.00,1.00,26,0.28,7801.51,9,7,27,4,4,151.17,2,31,0,1,101.17,0.00,0.00,0.00,0,2.00,1,832.09,0,1,4,java.lang.Object,0.00,2,0,2,0,2,1,1,2,193,2
"org.apache.lucene.index.TestIndexWriterExceptions$DocCopyIterator$Iterator<Document>",3,0.50,1.00,9,0.06,722.88,4,1,27,4,1,134.45,0,15,0,1,134.45,0.00,0.00,0.67,0,1.00,1,181.63,0,1,1,java.lang.Object,0.00,1,0,3,0,1,2,0,0,52,0
"org.apache.lucene.index.TestIndexWriterExceptions$FailOnTermVectors",2,0.00,3.50,21,0.31,13945.29,6,4,27,9,1,103.14,0,26,0,2,103.14,0.00,0.50,0.25,0,2.00,6,928.40,0,0,1,MockDirectoryWrapper.Failure,0.00,7,1,7,0,7,2,0,0,182,2
"org.apache.lucene.index.TestIndexWriterExceptions$FailOnlyInCommit",2,0.33,4.50,30,0.43,21954.93,8,6,27,11,1,94.97,0,38,0,2,94.97,0.00,0.50,0.33,0,2.00,8,1275.65,0,0,1,MockDirectoryWrapper.Failure,0.00,9,1,9,0,9,2,0,0,241,2
"org.apache.lucene.index.TestIndexWriterExceptions$FailOnlyInSync",1,0.00,4.00,12,0.16,5113.61,2,1,27,7,1,101.22,0,15,0,2,101.22,0.00,0.50,1.00,0,0.00,4,467.74,0,0,1,MockDirectoryWrapper.Failure,0.00,6,1,4,0,6,1,0,0,93,2
"org.apache.lucene.index.TestIndexWriterExceptions$FailOnlyOnFlush",3,0.25,2.67,21,0.28,10886.14,5,2,27,10,1,111.22,0,30,0,2,111.22,0.00,0.50,0.33,0,4.00,6,826.16,0,0,1,MockDirectoryWrapper.Failure,0.00,7,1,8,0,7,3,0,0,165,2
"org.apache.lucene.index.TestIndexWriterExceptions$IndexerThread",2,0.33,4.50,52,0.94,63086.61,5,3,27,25,6,132.44,3,66,0,2,82.44,0.00,0.50,0.50,0,2.00,8,2808.63,0,0,6,org.apache.lucene.analysis.Thread,0.00,23,1,9,0,23,2,0,3,449,1
"org.apache.lucene.index.TestIndexWriterExceptions$InfoStream",2,0.00,1.50,6,0.08,1965.47,2,0,27,6,0,129.54,0,10,0,1,129.54,0.00,0.00,0.00,0,2.00,2,239.40,0,0,0,java.lang.Object,0.00,4,0,3,0,4,2,0,0,56,0
"org.apache.lucene.index.TestIndexWriterExceptions$MockIndexWriter",2,1.00,2.00,11,0.19,4762.88,3,1,27,12,3,118.18,0,17,0,2,118.18,0.00,0.50,0.50,0,2.00,3,578.04,0,0,3,org.apache.lucene.index.IndexWriter,0.00,10,1,4,0,10,2,0,0,118,1
"org.apache.lucene.index.TestIndexWriterExceptions$MockIndexWriter2",2,1.00,1.50,7,0.07,1018.92,3,1,27,4,3,131.79,0,12,0,2,131.79,0.00,0.50,0.50,0,2.00,2,213.88,0,0,3,org.apache.lucene.index.IndexWriter,0.00,2,1,3,0,2,2,0,0,54,3
"org.apache.lucene.index.TestIndexWriterExceptions$MockIndexWriter3",2,0.00,1.50,10,0.09,1408.94,4,2,27,4,3,122.41,0,15,0,2,122.41,0.00,0.50,0.50,0,2.00,2,255.89,0,0,3,org.apache.lucene.index.IndexWriter,0.00,2,1,3,0,2,2,0,0,63,3
"org.apache.lucene.index.TestIndexWriterExceptions$MockIndexWriter4",2,1.00,1.50,7,0.07,1018.92,3,1,27,4,3,131.79,0,12,0,2,131.79,0.00,0.50,0.50,0,2.00,2,213.88,0,0,3,org.apache.lucene.index.IndexWriter,0.00,2,1,3,0,2,2,0,0,54,3
"org.apache.lucene.index.TestIndexWriterExceptions$Thread",1,0.00,5.00,25,0.32,17558.50,1,0,27,10,1,85.06,0,31,0,1,85.06,0.00,0.00,0.00,0,1.00,5,974.82,0,0,1,java.lang.Object,0.00,9,0,5,0,9,1,0,0,172,0
"org.apache.lucene.index.TestIndexWriterForceMerge",4,0.00,4.75,129,1.92,97383.08,4,0,9,44,11,100.57,15,138,0,2,79.95,0.00,0.50,0.00,0,4.00,6,5747.83,0,0,11,org.apache.lucene.util.LuceneTestCase,0.00,40,1,19,0,40,4,0,11,941,1
"org.apache.lucene.index.TestIndexWriterLockRelease",3,1.00,4.00,29,0.47,18756.81,4,1,9,17,5,155.19,5,47,0,2,105.19,0.00,0.50,0.00,0,3.00,5,1417.25,2,0,5,org.apache.lucene.util.LuceneTestCase,0.00,14,1,12,0,14,3,0,1,280,1
"org.apache.lucene.index.TestIndexWriterMergePolicy",8,0.00,3.00,163,2.13,106039.47,8,0,7,46,11,139.75,13,178,0,2,89.75,0.00,0.50,0.00,2,8.00,5,6403.83,0,0,11,org.apache.lucene.util.LuceneTestCase,0.00,38,1,24,0,38,8,0,13,1150,1
"org.apache.lucene.index.TestIndexWriterMerging",7,0.00,2.57,185,2.64,101991.07,7,0,11,51,11,125.10,14,217,0,2,85.21,0.00,0.50,0.00,2,7.00,3,7906.90,0,0,11,org.apache.lucene.util.LuceneTestCase,0.00,44,1,18,0,44,7,0,11,1347,1
"org.apache.lucene.index.TestIndexWriterMerging$MyMergeScheduler",2,0.00,2.50,13,0.14,5497.54,2,0,11,5,3,114.68,0,18,0,2,114.68,0.00,0.50,0.00,0,2.00,4,423.47,0,0,3,org.apache.lucene.index.MergeScheduler,0.50,3,1,5,0,3,2,0,0,88,1
"org.apache.lucene.index.TestIndexWriterNRTIsCurrent",1,0.00,5.00,33,0.42,20017.44,1,0,10,17,9,80.11,0,36,0,2,80.11,0.00,0.50,0.00,0,1.00,5,1253.95,0,0,9,org.apache.lucene.util.LuceneTestCase,0.00,16,1,5,0,16,1,0,0,225,1
"org.apache.lucene.index.TestIndexWriterNRTIsCurrent$ReaderHolder",0,0.00,0.00,3,0.02,220.18,2,2,10,0,1,171.00,0,4,0,1,171.00,0.00,0.00,0.00,0,0.00,0,62.91,0,0,1,java.lang.Object,0.00,0,0,0,0,0,0,0,0,17,2
"org.apache.lucene.index.TestIndexWriterNRTIsCurrent$ReaderThread",2,0.33,5.00,31,0.33,11972.66,5,3,10,9,1,97.01,0,46,0,2,97.01,0.00,0.50,0.50,0,2.00,9,1002.50,0,0,1,org.apache.lucene.analysis.Thread,0.00,7,1,10,0,7,2,0,0,195,3
"org.apache.lucene.index.TestIndexWriterNRTIsCurrent$WriterThread",2,0.57,7.50,58,0.70,40555.20,9,7,10,19,6,82.07,0,75,0,2,82.07,0.00,0.50,0.43,0,2.00,14,2111.68,0,0,6,org.apache.lucene.analysis.Thread,0.00,17,1,15,0,17,2,0,0,366,2
"org.apache.lucene.index.TestIndexWriterOnDiskFull",6,0.00,12.33,292,4.76,692637.84,6,0,15,76,17,47.70,86,353,0,2,67.84,0.00,0.50,0.00,2,6.00,48,14265.61,0,0,17,org.apache.lucene.util.LuceneTestCase,0.00,70,1,74,0,70,6,0,73,2045,1
"org.apache.lucene.index.TestIndexWriterOnDiskFull$FailTwiceDuringMerge",1,0.00,5.00,17,0.24,11101.62,3,2,15,8,1,92.87,0,21,0,2,92.87,0.00,0.50,1.00,0,0.00,5,731.36,0,0,1,MockDirectoryWrapper.Failure,0.00,7,1,5,0,7,1,0,0,139,2
"org.apache.lucene.index.TestIndexWriterOnJRECrash",5,0.50,4.00,77,1.11,42753.73,6,1,12,45,5,96.08,20,95,0,2,95.85,0.00,0.50,0.60,2,2.00,6,3315.45,2,0,5,TestNRTThreads,0.00,40,1,20,0,40,5,0,12,584,1
"org.apache.lucene.index.TestIndexWriterOnJRECrash$Thread",1,0.00,2.00,5,0.04,448.00,1,0,12,3,0,123.89,0,8,0,1,123.89,0.00,0.00,0.00,0,1.00,2,106.10,0,0,0,java.lang.Object,0.00,2,0,2,0,2,1,0,0,28,0
"org.apache.lucene.index.TestIndexWriterReader",24,0.96,2.46,562,8.42,398842.05,25,1,25,136,30,107.38,84,625,2,2,86.76,0.00,0.50,0.08,2,64.00,7,25262.89,0,0,28,org.apache.lucene.util.LuceneTestCase,0.00,112,1,59,0,112,24,0,66,4297,1
"org.apache.lucene.index.TestIndexWriterReader$AddDirectoriesThreads",7,0.10,2.71,75,0.71,19131.21,17,10,25,27,7,106.41,0,77,0,1,106.41,0.00,0.00,0.19,0,26.00,5,2133.54,0,0,7,java.lang.Object,0.00,20,0,19,0,20,7,0,0,437,1
"org.apache.lucene.index.TestIndexWriterReader$AddDirectoriesThreads$Thread",1,0.00,4.00,15,0.13,4810.75,1,0,25,3,1,49.34,10,14,0,1,97.81,0.00,0.00,0.00,0,0.00,4,399.73,0,0,1,java.lang.Object,0.00,2,0,4,0,2,1,0,10,81,0
"org.apache.lucene.index.TestIndexWriterReader$IndexWriter.IndexReaderWarmer",1,0.00,1.00,7,0.10,1512.18,1,0,25,8,5,114.44,0,9,0,1,114.44,0.00,0.00,0.00,0,1.00,1,287.91,0,0,5,java.lang.Object,0.00,7,0,1,0,7,1,0,0,60,0
"org.apache.lucene.index.TestIndexWriterReader$MyWarmer",1,0.00,1.00,4,0.04,404.10,2,1,25,1,1,128.02,0,7,0,2,128.02,0.00,0.50,1.00,0,0.00,1,107.30,0,0,1,IndexWriter.IndexReaderWarmer,0.00,0,1,1,0,0,1,0,0,29,2
"org.apache.lucene.index.TestIndexWriterReader$Thread_0",1,0.00,2.00,9,0.08,1951.45,1,0,25,6,0,109.33,0,13,0,1,109.33,0.00,0.00,0.00,0,1.00,2,243.56,0,0,0,java.lang.Object,0.00,5,0,2,0,5,1,0,0,53,0
"org.apache.lucene.index.TestIndexWriterReader$Thread_1",1,0.00,4.00,22,0.25,11077.36,2,1,25,11,2,88.76,0,22,0,1,88.76,0.00,0.00,1.00,0,0.00,4,735.96,0,0,2,java.lang.Object,0.00,10,0,4,0,10,1,0,0,136,0
"org.apache.lucene.index.TestIndexWriterUnicode",12,1.00,3.50,196,3.33,261558.87,13,1,15,69,15,131.52,24,231,0,2,91.63,0.00,0.50,0.08,4,22.00,11,9976.20,0,2,15,org.apache.lucene.util.LuceneTestCase,0.00,57,1,42,0,57,10,0,24,1736,1
"org.apache.lucene.index.TestIndexWriterWithThreads",13,0.00,3.15,190,2.47,130025.22,13,0,14,65,16,117.10,43,207,0,2,96.48,0.00,0.50,0.00,2,13.00,12,7415.20,0,0,16,org.apache.lucene.util.LuceneTestCase,0.00,52,1,41,0,52,13,0,41,1263,1
"org.apache.lucene.index.TestIndexWriterWithThreads$DelayedIndexAndCloseRunnable",3,0.20,1.33,25,0.27,5196.49,8,5,14,14,6,111.74,0,34,0,2,111.74,0.00,0.50,0.33,0,4.00,2,803.88,0,0,6,org.apache.lucene.analysis.Thread,0.00,11,1,4,0,11,3,0,0,165,1
"org.apache.lucene.index.TestIndexWriterWithThreads$FailOnlyInWriteSegment",2,1.00,3.00,14,0.17,5355.50,3,1,14,9,1,112.23,0,19,0,2,112.23,0.00,0.50,0.50,0,2.00,5,512.88,0,0,1,MockDirectoryWrapper.Failure,0.00,7,1,6,0,7,2,0,0,106,2
"org.apache.lucene.index.TestIndexWriterWithThreads$FailOnlyOnAbortOrFlush",2,1.00,4.00,20,0.25,11371.70,3,1,14,8,1,153.81,2,28,0,2,103.81,0.00,0.50,0.50,0,2.00,7,738.09,0,0,1,MockDirectoryWrapper.Failure,0.00,6,1,8,0,6,2,0,2,144,2
"org.apache.lucene.index.TestIndexWriterWithThreads$IndexerThread",2,0.50,5.00,45,0.61,33484.10,8,6,14,22,7,137.29,3,60,0,2,87.29,0.00,0.50,0.42,0,2.00,9,1841.52,0,0,7,org.apache.lucene.analysis.Thread,0.00,20,1,10,0,20,2,0,3,309,1
"org.apache.lucene.index.TestIndexableField",0,0.00,0.00,2,0.01,119.59,0,0,22,0,16,171.00,0,2,0,2,171.00,0.00,0.50,0.00,0,0.00,0,39.86,0,0,16,org.apache.lucene.util.LuceneTestCase,0.00,0,1,0,0,0,0,0,0,12,1
"org.apache.lucene.index.TestIndexableField$MyField",14,0.54,2.43,160,2.59,317991.84,15,1,22,55,20,97.64,6,196,0,1,97.64,0.00,0.00,0.50,4,14.00,15,7779.38,0,10,20,java.lang.Object,0.00,41,0,34,0,41,4,1,6,1214,1
"org.apache.lucene.index.TestIndexableField$MyField$IndexableFieldType",8,0.00,1.00,17,0.19,3152.96,8,0,22,8,0,139.33,0,33,0,1,139.33,0.00,0.00,0.00,0,0.00,1,561.56,0,1,0,java.lang.Object,0.00,0,0,8,0,0,7,0,0,145,0
"org.apache.lucene.index.TestIndexableField$MyField$Iterable<IndexableField>",1,0.00,1.00,3,0.02,282.15,1,0,22,2,1,133.91,0,5,0,1,133.91,0.00,0.00,0.00,0,1.00,1,66.26,0,1,1,java.lang.Object,0.00,1,0,1,0,1,0,0,0,20,0
"org.apache.lucene.index.TestIndexableField$MyField$Iterable<IndexableField>$Iterator<IndexableField>",3,0.50,1.33,13,0.12,3232.08,4,1,22,6,2,124.60,0,20,0,1,124.60,0.00,0.00,0.67,0,1.00,2,371.44,0,1,2,java.lang.Object,0.00,3,0,4,0,3,2,0,0,86,0
"org.apache.lucene.index.TestIsCurrent",4,0.33,1.00,34,0.39,7055.75,6,2,6,22,6,93.87,20,43,0,2,111.75,0.00,0.50,0.75,0,0.00,1,1160.51,2,0,6,org.apache.lucene.util.LuceneTestCase,0.00,18,1,4,0,18,4,0,12,243,1
"org.apache.lucene.index.TestLazyProxSkipping",5,0.17,2.20,82,1.13,40526.90,11,6,16,39,21,115.74,16,92,1,2,95.12,0.00,0.50,0.03,3,8.00,4,3392.24,0,1,20,org.apache.lucene.util.LuceneTestCase,0.00,34,1,11,0,34,4,0,13,617,1
"org.apache.lucene.index.TestLazyProxSkipping$Analyzer",1,0.00,1.00,3,0.04,595.79,1,0,16,3,1,131.35,0,5,0,1,131.35,0.00,0.00,0.00,0,1.00,1,112.25,0,1,1,java.lang.Object,0.00,2,0,1,0,2,0,0,0,29,0
"org.apache.lucene.index.TestLazyProxSkipping$SeekCountingDirectory",2,0.00,1.50,8,0.09,2532.07,2,0,16,4,4,124.02,1,13,0,3,124.02,0.00,0.67,0.00,0,2.00,2,276.00,1,1,4,org.apache.lucene.store.MockDirectoryWrapper,0.00,2,2,3,0,2,1,0,1,65,1
"org.apache.lucene.index.TestLazyProxSkipping$SeeksCountingStream",8,1.00,1.00,20,0.22,3383.97,9,1,16,9,2,139.09,0,36,0,3,139.09,0.00,0.67,0.00,7,8.00,1,655.79,0,1,2,org.apache.lucene.store.IndexInput,0.81,1,2,8,0,1,7,0,0,171,0
"org.apache.lucene.index.TestMaxTermFrequency",4,0.22,2.00,51,0.61,18561.18,7,3,15,29,14,122.33,13,50,0,2,101.71,0.00,0.50,0.50,1,0.00,3,1824.83,2,1,14,org.apache.lucene.util.LuceneTestCase,0.00,25,1,8,0,25,3,0,4,348,1
"org.apache.lucene.index.TestMaxTermFrequency$DefaultSimilarityProvider",1,0.00,1.00,3,0.02,238.65,1,0,15,2,1,134.48,0,5,0,1,134.48,0.00,0.00,0.00,0,1.00,1,63.51,0,1,1,java.lang.Object,0.00,1,0,1,0,1,0,0,0,19,0
"org.apache.lucene.index.TestMaxTermFrequency$TestSimilarity",3,0.00,1.00,7,0.06,857.43,3,0,15,4,2,140.43,0,14,0,4,140.43,0.00,0.75,0.00,1,3.00,1,193.53,0,0,2,org.apache.lucene.search.similarities.DefaultSimilarity,0.29,1,3,3,0,1,3,0,0,55,0
"org.apache.lucene.index.TestMultiFields",2,0.00,10.50,106,1.95,151253.94,2,0,5,53,15,25.43,14,115,0,2,67.72,0.00,0.50,0.00,0,2.00,20,5859.75,0,0,15,org.apache.lucene.util.LuceneTestCase,0.00,51,1,21,0,51,2,0,2,859,1
"org.apache.lucene.index.TestMultiLevelSkipList",3,0.00,2.00,44,0.68,18012.23,4,1,17,34,16,80.46,16,48,1,2,98.33,0.00,0.50,1.00,1,0.00,3,2037.13,1,0,15,org.apache.lucene.util.LuceneTestCase,0.00,31,1,6,0,31,3,0,9,365,1
"org.apache.lucene.index.TestMultiLevelSkipList$CountingRAMDirectory",2,0.00,1.50,7,0.08,1850.79,2,0,17,4,4,129.75,0,13,0,3,129.75,0.00,0.67,0.00,0,2.00,2,234.46,1,1,4,org.apache.lucene.store.MockDirectoryWrapper,0.00,2,2,3,0,2,1,0,0,57,0
"org.apache.lucene.index.TestMultiLevelSkipList$CountingStream",8,1.00,1.00,21,0.23,3821.86,9,1,17,9,2,138.67,0,37,0,3,138.67,0.00,0.67,0.00,7,8.00,1,696.38,0,1,2,org.apache.lucene.store.IndexInput,0.81,1,2,8,0,1,7,0,0,179,0
"org.apache.lucene.index.TestMultiLevelSkipList$PayloadAnalyzer",1,0.00,1.00,5,0.08,1519.40,2,1,17,5,3,119.87,0,8,0,2,119.87,0.00,0.50,1.00,0,0.00,1,234.32,0,1,3,org.apache.lucene.analysis.Analyzer,0.00,4,1,1,0,4,0,0,0,54,2
"org.apache.lucene.index.TestMultiLevelSkipList$PayloadFilter",2,0.50,1.50,12,0.12,2440.76,4,2,17,6,3,117.57,0,17,0,4,117.57,0.00,0.75,0.75,0,0.00,2,364.37,0,0,3,org.apache.lucene.analysis.TokenFilter,0.29,4,3,3,0,4,2,0,0,86,2
"org.apache.lucene.index.TestMultiPassIndexSplitter",4,0.44,1.75,87,1.49,93189.59,7,3,7,34,12,127.04,9,98,0,2,87.16,0.00,0.50,0.67,0,0.00,2,4483.01,2,0,12,org.apache.lucene.util.LuceneTestCase,0.00,30,1,7,0,30,4,0,5,773,1
"org.apache.lucene.index.TestMultiReader",1,0.00,1.00,14,0.18,7898.89,1,0,2,6,5,97.55,0,17,0,3,97.55,0.00,0.67,0.00,0,0.00,1,554.08,0,1,5,org.apache.lucene.index.TestDirectoryReader,0.30,5,2,1,0,5,0,0,0,111,1
"org.apache.lucene.index.TestNRTReaderWithThreads",1,1.00,6.00,42,0.56,36420.11,2,1,6,19,5,94.73,3,42,0,2,74.12,0.00,0.50,0.00,0,1.00,6,1687.90,0,0,5,org.apache.lucene.util.LuceneTestCase,0.00,18,1,6,0,18,1,0,3,288,1
"org.apache.lucene.index.TestNRTReaderWithThreads$RunThread",2,0.71,3.00,30,0.38,11988.45,9,7,6,14,6,147.13,3,38,0,2,97.13,0.00,0.50,0.50,0,2.00,5,1130.24,0,0,6,org.apache.lucene.analysis.Thread,0.00,12,1,6,0,12,2,0,3,209,1
"org.apache.lucene.index.TestNeverDelete",1,0.00,7.00,39,0.64,32410.02,1,0,10,31,10,43.46,6,46,0,2,75.68,0.00,0.50,0.00,0,1.00,7,1911.87,0,0,10,org.apache.lucene.util.LuceneTestCase,0.00,30,1,7,0,30,1,0,6,296,1
"org.apache.lucene.index.TestNeverDelete$Thread",1,0.00,4.00,13,0.17,7263.11,1,0,10,7,3,98.72,0,19,0,1,98.72,0.00,0.00,0.00,0,1.00,4,510.64,0,0,3,java.lang.Object,0.00,6,0,4,0,6,1,0,0,95,0
"org.apache.lucene.index.TestNewestSegment",1,0.00,1.00,7,0.07,1170.96,1,0,3,8,3,115.31,0,9,0,2,115.31,0.00,0.50,0.00,0,1.00,1,219.07,0,0,3,org.apache.lucene.util.LuceneTestCase,0.00,7,1,1,0,7,1,0,0,51,1
"org.apache.lucene.index.TestNoDeletionPolicy",4,0.00,2.00,29,0.44,12355.09,4,0,10,28,8,151.72,11,39,0,2,111.84,0.00,0.50,0.00,0,4.00,3,1323.08,0,0,8,org.apache.lucene.util.LuceneTestCase,0.00,24,1,8,0,24,4,0,11,259,1
"org.apache.lucene.index.TestNoMergePolicy",4,0.00,1.75,21,0.33,8598.11,4,0,6,22,2,158.44,8,31,0,2,118.56,0.00,0.50,0.00,0,4.00,3,988.49,0,0,2,org.apache.lucene.util.LuceneTestCase,0.00,18,1,7,0,18,4,0,8,211,1
"org.apache.lucene.index.TestNoMergeScheduler",3,0.00,2.00,15,0.24,6613.39,3,0,6,14,2,158.33,8,23,0,2,118.44,0.00,0.50,0.00,0,3.00,3,709.29,0,0,2,org.apache.lucene.util.LuceneTestCase,0.00,11,1,6,0,11,3,0,8,150,1
"org.apache.lucene.index.TestNorms",10,0.15,2.20,174,2.27,86620.19,18,8,15,60,16,133.80,24,185,0,2,93.91,0.00,0.50,0.26,7,0.00,4,6807.41,1,1,16,org.apache.lucene.util.LuceneTestCase,0.00,50,1,22,0,50,9,0,16,1235,1
"org.apache.lucene.index.TestNorms$CustomNormEncodingSimilarity",3,0.00,1.00,7,0.06,857.43,3,0,15,4,2,140.43,0,14,0,4,140.43,0.00,0.75,0.00,1,3.00,1,193.53,0,0,2,org.apache.lucene.search.similarities.DefaultSimilarity,0.29,1,3,3,0,1,3,0,0,55,0
"org.apache.lucene.index.TestNorms$DefaultSimilarityProvider",1,0.00,1.00,3,0.02,238.65,1,0,15,2,1,134.48,0,5,0,1,134.48,0.00,0.00,0.00,0,1.00,1,63.51,0,1,1,java.lang.Object,0.00,1,0,1,0,1,0,0,0,19,0
"org.apache.lucene.index.TestNorms$SimilarityProviderOne",1,0.00,1.00,3,0.02,180.47,1,0,15,2,3,135.43,0,6,0,2,135.43,0.00,0.50,0.00,0,1.00,1,57.02,0,1,3,org.apache.lucene.search.similarities.DefaultSimilarityProvider,0.00,1,1,1,0,1,0,0,0,18,1
"org.apache.lucene.index.TestNorms$SimilarityProviderOne$DefaultSimilarity",1,0.00,1.00,3,0.03,320.40,1,0,15,3,1,183.47,1,5,0,1,133.47,0.00,0.00,0.00,0,1.00,1,76.53,0,0,1,java.lang.Object,0.00,2,0,1,0,2,1,0,1,22,0
"org.apache.lucene.index.TestOmitNorms",7,0.00,2.14,175,2.45,94417.61,7,0,10,53,16,53.93,47,180,0,2,86.16,0.00,0.50,0.00,2,7.00,3,7348.10,0,0,16,org.apache.lucene.util.LuceneTestCase,0.00,46,1,15,0,46,7,0,39,1277,1
"org.apache.lucene.index.TestOmitPositions",4,0.00,2.25,127,1.90,82553.41,4,0,11,43,17,38.91,29,124,0,2,81.21,0.00,0.50,0.00,1,4.00,3,5703.74,0,0,17,org.apache.lucene.util.LuceneTestCase,0.00,39,1,9,0,39,4,0,26,947,1
"org.apache.lucene.index.TestOmitTf",7,0.17,2.57,194,2.81,107502.58,9,2,17,65,24,52.20,42,206,0,2,84.42,0.00,0.50,0.64,1,0.00,5,8423.16,0,0,24,org.apache.lucene.util.LuceneTestCase,0.00,58,1,18,0,58,7,0,40,1403,1
"org.apache.lucene.index.TestOmitTf$CountingHitCollector",2,1.00,1.00,8,0.08,1498.24,3,1,17,4,1,125.91,1,12,0,1,125.91,0.00,0.00,0.50,0,2.00,1,238.89,1,0,1,java.lang.Object,0.00,2,0,2,0,2,2,0,1,59,0
"org.apache.lucene.index.TestOmitTf$CountingHitCollector_0",2,1.00,1.00,8,0.08,1612.84,3,1,17,4,1,125.65,1,12,0,1,125.65,0.00,0.00,0.50,0,2.00,1,250.05,1,0,1,java.lang.Object,0.00,2,0,2,0,2,2,0,1,61,0
"org.apache.lucene.index.TestOmitTf$CountingHitCollector_1",2,1.00,1.00,9,0.09,1939.78,3,1,17,5,1,125.02,1,13,0,1,125.02,0.00,0.00,0.50,0,2.00,1,284.44,1,0,1,java.lang.Object,0.00,3,0,2,0,3,2,0,1,67,0
"org.apache.lucene.index.TestOmitTf$CountingHitCollector_2",2,1.00,1.00,9,0.09,2026.63,3,1,17,4,1,124.87,1,13,0,1,124.87,0.00,0.00,0.50,0,2.00,1,282.12,1,0,1,java.lang.Object,0.00,2,0,2,0,2,2,0,1,67,0
"org.apache.lucene.index.TestOmitTf$CountingHitCollector_3",1,0.00,1.00,3,0.03,436.18,1,0,17,1,0,182.42,1,5,0,1,132.42,0.00,0.00,0.00,0,1.00,1,82.23,1,0,0,java.lang.Object,0.00,0,0,1,0,0,1,0,1,23,0
"org.apache.lucene.index.TestOmitTf$CountingHitCollector_4",7,0.06,1.00,19,0.14,2037.69,10,3,17,7,2,140.37,1,23,0,2,140.37,0.00,0.50,0.38,0,8.00,1,433.42,0,0,2,org.apache.lucene.search.Collector,0.36,0,1,7,0,0,7,0,1,118,2
"org.apache.lucene.index.TestOmitTf$SimpleSimilarityProvider",3,0.00,1.00,7,0.04,340.59,3,0,17,4,3,143.59,0,7,0,1,143.59,0.00,0.00,0.00,0,3.00,1,121.39,0,1,3,java.lang.Object,0.00,1,0,3,0,1,2,1,0,38,2
"org.apache.lucene.index.TestOmitTf$SimpleSimilarityProvider$TFIDFSimilarity",6,0.00,1.00,13,0.13,1620.39,6,0,17,9,5,140.62,0,9,0,1,140.62,0.00,0.00,0.00,0,6.00,1,379.58,0,1,5,java.lang.Object,0.00,3,0,6,0,3,5,0,0,102,0
"org.apache.lucene.index.TestPKIndexSplitter",4,0.00,2.25,66,0.94,35573.64,4,0,11,31,12,94.80,1,71,0,2,94.80,0.00,0.50,0.00,3,4.00,3,2820.55,0,1,12,org.apache.lucene.util.LuceneTestCase,0.00,27,1,9,0,27,3,0,1,519,1
"org.apache.lucene.index.TestParallelReader",11,0.02,1.18,148,2.11,71618.27,16,5,11,47,14,99.38,8,162,0,2,99.38,0.00,0.50,0.22,3,36.00,2,6325.60,2,4,14,org.apache.lucene.util.LuceneTestCase,0.00,36,1,13,0,36,7,0,8,1245,1
"org.apache.lucene.index.TestParallelReaderEmptyIndex",2,0.00,1.00,51,0.72,24887.55,2,0,8,22,8,36.61,19,58,0,2,86.61,0.00,0.50,0.00,0,2.00,1,2162.48,0,0,8,org.apache.lucene.util.LuceneTestCase,0.00,20,1,2,0,20,2,0,6,398,1
"org.apache.lucene.index.TestParallelTermEnum",3,0.62,1.00,132,2.19,251760.24,7,4,7,28,11,70.92,0,138,0,2,70.92,0.00,0.50,0.67,0,0.00,1,6581.21,2,0,11,org.apache.lucene.util.LuceneTestCase,0.00,25,1,3,0,25,3,0,0,1169,1
"org.apache.lucene.index.TestPayloadProcessorProvider",7,0.50,2.57,101,1.51,72435.30,8,1,19,39,15,146.41,10,124,0,2,96.41,0.00,0.50,0.57,4,3.00,7,4527.60,0,0,15,org.apache.lucene.util.LuceneTestCase,0.00,32,1,18,0,32,7,0,10,806,1
"org.apache.lucene.index.TestPayloadProcessorProvider$DeletePayloadProcessor",1,0.00,1.00,3,0.03,432.00,1,0,19,1,1,132.45,0,6,0,2,132.45,0.00,0.50,0.00,0,1.00,1,96.00,0,0,1,org.apache.lucene.index.PayloadProcessorProvider.PayloadProcessor,0.00,0,1,1,0,0,1,0,0,26,3
"org.apache.lucene.index.TestPayloadProcessorProvider$PayloadTokenStream",3,0.38,1.33,19,0.19,3740.36,7,4,19,7,4,117.53,0,26,0,3,117.53,0.00,0.67,0.50,0,1.00,2,569.74,1,0,4,org.apache.lucene.analysis.TokenStream,0.55,4,2,4,0,4,3,0,0,129,3
"org.apache.lucene.index.TestPayloadProcessorProvider$PerDirPayloadProcessor",2,1.00,1.00,6,0.07,1003.77,3,1,19,3,2,131.94,0,10,0,2,131.94,0.00,0.50,0.50,0,2.00,1,203.33,0,1,2,org.apache.lucene.index.PayloadProcessorProvider,0.00,1,1,2,0,1,1,0,0,52,3
"org.apache.lucene.index.TestPayloadProcessorProvider$PerTermPayloadProcessor",1,0.00,2.00,5,0.07,1558.68,1,0,19,5,1,159.51,2,9,0,2,119.63,0.00,0.50,0.00,0,1.00,2,216.72,0,1,1,org.apache.lucene.index.PayloadProcessorProvider.DirPayloadProcessor,0.00,4,1,2,0,4,0,0,2,49,3
"org.apache.lucene.index.TestPayloads",9,1.00,3.56,244,3.89,420136.80,10,1,20,63,18,48.33,59,253,0,2,80.55,0.00,0.50,0.11,4,16.00,11,11656.89,0,1,18,org.apache.lucene.util.LuceneTestCase,0.00,54,1,32,0,54,8,0,48,1920,1
"org.apache.lucene.index.TestPayloads$PayloadAnalyzer",6,0.80,2.00,72,1.01,36430.93,7,1,20,45,15,100.79,3,81,0,2,100.79,0.00,0.50,0.33,1,10.00,6,3044.20,0,1,15,org.apache.lucene.analysis.Analyzer,0.00,39,1,12,0,39,5,0,1,558,2
"org.apache.lucene.index.TestPayloads$PayloadAnalyzer$ByteArrayPool",4,0.00,1.25,15,0.12,2418.37,5,1,20,7,0,131.25,0,18,0,1,131.25,0.00,0.00,1.00,0,0.00,2,357.55,0,0,0,java.lang.Object,0.00,3,0,5,0,3,4,0,0,92,2
"org.apache.lucene.index.TestPayloads$PayloadAnalyzer$PayloadData",1,3.00,1.00,8,0.06,948.88,4,3,20,1,0,113.87,0,10,0,1,113.87,0.00,0.00,0.00,0,1.00,1,171.73,0,0,0,java.lang.Object,0.00,0,0,1,0,0,1,0,0,47,2
"org.apache.lucene.index.TestPayloads$PayloadAnalyzer$PayloadFilter",3,0.42,1.67,30,0.31,9209.70,9,6,20,9,4,106.12,1,38,0,4,106.12,0.00,0.75,0.44,0,2.00,3,928.60,1,0,4,org.apache.lucene.analysis.TokenFilter,0.53,6,3,5,0,6,3,0,1,196,2
"org.apache.lucene.index.TestPayloads$PayloadAnalyzer$PoolingPayloadTokenStream",3,0.75,1.33,24,0.22,3351.03,9,6,20,11,3,113.24,0,30,0,2,113.24,0.00,0.50,0.67,0,0.00,2,665.71,0,0,3,org.apache.lucene.document.TokenStream,0.00,8,1,4,0,8,3,0,0,147,1
"org.apache.lucene.index.TestPayloads$PayloadAnalyzer$Thread",1,0.00,3.00,12,0.12,3071.62,1,0,20,9,2,103.03,0,14,0,1,103.03,0.00,0.00,0.00,0,1.00,3,348.86,0,0,2,java.lang.Object,0.00,8,0,3,0,8,1,0,0,71,0
"org.apache.lucene.index.TestPerSegmentDeletes",6,0.00,2.83,95,1.27,50349.37,6,0,13,49,20,85.63,95,94,0,2,95.99,0.00,0.50,0.00,2,6.00,4,3822.02,0,0,20,org.apache.lucene.util.LuceneTestCase,0.00,43,1,17,0,43,6,0,30,676,1
"org.apache.lucene.index.TestPerSegmentDeletes$RangeMergePolicy",6,0.10,1.17,22,0.23,4418.75,10,4,13,11,4,130.59,0,38,0,2,130.59,0.00,0.50,0.17,0,14.00,2,683.87,0,3,4,org.apache.lucene.index.MergePolicy,0.15,5,1,7,0,5,3,0,0,160,1
"org.apache.lucene.index.TestPersistentSnapshotDeletionPolicy",11,0.00,1.55,81,1.15,30025.99,13,2,10,32,8,162.32,12,127,0,3,112.32,0.00,0.67,0.50,1,0.00,3,3460.25,4,2,8,org.apache.lucene.index.TestSnapshotDeletionPolicy,0.20,21,2,17,0,21,9,0,12,688,1
"org.apache.lucene.index.TestPositionBasedTermVectorMapper",2,1.25,4.00,62,1.15,98612.45,6,4,5,22,3,98.71,7,64,0,2,78.09,0.00,0.50,0.88,0,0.00,4,3441.63,1,0,3,org.apache.lucene.util.LuceneTestCase,0.00,20,1,8,0,20,2,0,7,593,1
"org.apache.lucene.index.TestPrefixCodedTerms",6,0.00,2.33,91,1.31,51715.44,6,0,8,30,4,95.94,0,91,0,2,95.94,0.00,0.50,0.00,0,6.00,6,3920.08,0,0,4,org.apache.lucene.util.LuceneTestCase,0.00,24,1,14,0,24,6,0,0,737,1
"org.apache.lucene.index.TestReaderClosed",3,0.50,1.67,31,0.38,8876.95,6,3,11,21,12,156.25,3,38,0,2,106.25,0.00,0.50,0.67,0,0.00,2,1138.90,2,0,12,org.apache.lucene.util.LuceneTestCase,0.00,18,1,5,0,18,3,0,3,219,1
"org.apache.lucene.index.TestRollback",1,0.00,3.00,27,0.39,12689.82,1,0,5,21,8,124.93,2,25,0,2,85.04,0.00,0.50,0.00,0,1.00,3,1177.93,0,0,8,org.apache.lucene.util.LuceneTestCase,0.00,20,1,3,0,20,1,0,2,202,1
"org.apache.lucene.index.TestRollingUpdates",2,0.00,6.00,67,1.01,64372.46,2,0,7,40,11,118.33,4,69,0,2,78.45,0.00,0.50,0.00,0,2.00,8,3039.13,0,0,11,org.apache.lucene.util.LuceneTestCase,0.00,38,1,12,0,38,2,0,4,492,1
"org.apache.lucene.index.TestRollingUpdates$IndexingThread",2,0.33,4.00,30,0.37,15415.97,5,3,7,16,6,96.20,1,37,0,2,96.20,0.00,0.50,0.17,0,2.00,7,1124.44,0,0,6,org.apache.lucene.analysis.Thread,0.00,14,1,8,0,14,2,0,1,211,1
"org.apache.lucene.index.TestSameTokenSamePosition",2,0.00,1.50,21,0.25,4981.44,2,0,12,11,11,107.10,9,22,0,2,106.86,0.00,0.50,0.00,0,2.00,2,735.89,0,0,11,org.apache.lucene.util.LuceneTestCase,0.00,9,1,3,0,9,2,0,4,148,1
"org.apache.lucene.index.TestSegmentInfo",1,0.00,1.00,16,0.25,5546.87,1,0,6,18,9,96.13,16,18,0,2,96.60,0.00,0.50,0.00,0,1.00,1,739.47,0,0,9,org.apache.lucene.util.LuceneTestCase,0.00,17,1,1,0,17,1,0,1,133,1
"org.apache.lucene.index.TestSegmentMerger",5,0.56,1.60,107,1.81,81396.52,13,8,11,57,22,109.02,18,122,0,2,88.40,0.00,0.50,0.58,0,0.00,3,5419.37,2,0,22,org.apache.lucene.util.LuceneTestCase,0.00,52,1,8,0,52,5,0,18,899,1
"org.apache.lucene.index.TestSegmentReader",10,0.19,1.90,119,1.94,90051.37,13,3,9,70,18,150.87,19,137,2,2,100.87,0.00,0.50,0.50,1,0.00,4,5828.45,2,0,16,org.apache.lucene.util.LuceneTestCase,0.00,60,1,19,0,60,10,0,10,1089,1
"org.apache.lucene.index.TestSegmentTermDocs",11,0.07,1.36,159,2.83,280011.46,14,3,7,50,14,143.48,13,192,0,2,93.48,0.00,0.50,0.27,3,29.00,4,8481.81,2,0,14,org.apache.lucene.util.LuceneTestCase,0.00,39,1,15,0,39,11,0,13,1431,1
"org.apache.lucene.index.TestSegmentTermEnum",6,0.20,1.33,62,0.81,21599.72,7,1,10,37,12,145.51,17,75,0,2,105.63,0.00,0.50,0.83,2,0.00,2,2419.45,2,0,12,org.apache.lucene.util.LuceneTestCase,0.00,31,1,8,0,31,6,0,17,472,1
"org.apache.lucene.index.TestSizeBoundedForceMerge",13,0.00,1.23,237,2.64,77284.97,13,0,5,42,11,144.41,14,247,0,2,94.41,0.00,0.50,0.00,2,13.00,3,7928.85,0,1,11,org.apache.lucene.util.LuceneTestCase,0.00,29,1,16,0,29,12,0,14,1509,1
"org.apache.lucene.index.TestSnapshotDeletionPolicy",19,0.50,1.74,211,2.68,85052.08,21,2,13,75,15,123.89,64,252,1,2,103.28,1.00,0.33,0.03,9,36.00,5,8035.31,0,3,14,org.apache.lucene.util.LuceneTestCase,0.00,56,1,33,1,56,16,0,59,1510,1
"org.apache.lucene.index.TestSnapshotDeletionPolicy$Thread",1,0.00,6.00,25,0.30,12277.37,1,0,13,16,4,86.24,0,32,0,1,86.24,0.00,0.00,0.00,0,1.00,6,889.22,0,0,4,java.lang.Object,0.00,15,0,6,0,15,1,0,0,152,0
"org.apache.lucene.index.TestSnapshotDeletionPolicy$Thread_0",1,0.00,2.00,7,0.06,1153.33,1,0,13,7,1,115.20,0,11,0,1,115.20,0.00,0.00,0.00,0,1.00,2,193.47,0,0,1,java.lang.Object,0.00,6,0,2,0,6,1,0,0,45,0
"org.apache.lucene.index.TestStressAdvance",2,0.00,9.50,87,1.39,99494.57,2,0,7,41,9,122.56,2,95,0,2,72.56,0.00,0.50,0.00,1,2.00,10,4168.15,0,0,9,org.apache.lucene.util.LuceneTestCase,0.00,39,1,19,0,39,2,0,2,661,1
"org.apache.lucene.index.TestStressIndexing",2,0.00,2.00,36,0.43,17926.39,2,0,6,16,5,50.60,15,36,0,2,92.89,0.00,0.50,0.00,1,2.00,3,1279.86,0,0,5,org.apache.lucene.util.LuceneTestCase,0.00,14,1,4,0,14,2,0,9,242,1
"org.apache.lucene.index.TestStressIndexing$IndexerThread",2,0.00,2.00,23,0.26,8419.03,4,2,6,11,6,153.45,2,23,0,2,103.45,0.00,0.50,0.50,0,2.00,3,773.27,0,0,6,org.apache.lucene.index.TimedThread,0.00,9,1,4,0,9,2,0,2,149,1
"org.apache.lucene.index.TestStressIndexing$SearcherThread",2,1.00,1.50,15,0.13,3318.05,3,1,6,6,3,114.03,0,17,0,2,114.03,0.00,0.50,0.50,0,2.00,2,386.99,0,0,3,org.apache.lucene.index.TimedThread,0.00,4,1,3,0,4,2,0,0,87,2
"org.apache.lucene.index.TestStressIndexing$TimedThread",4,0.08,2.00,23,0.27,8101.38,8,4,6,8,0,118.73,0,31,0,2,118.73,0.00,0.50,0.31,2,4.00,3,802.23,0,0,0,org.apache.lucene.analysis.Thread,0.00,4,1,8,0,4,4,0,0,170,3
"org.apache.lucene.index.TestStressIndexing2",12,0.02,6.25,393,6.33,830809.24,20,8,20,105,24,96.93,45,415,0,2,76.32,0.00,0.50,0.10,5,30.00,33,19002.21,0,2,24,org.apache.lucene.util.LuceneTestCase,0.00,93,1,75,0,93,10,0,40,3000,1
"org.apache.lucene.index.TestStressIndexing2$Comparator<IndexableField>",1,0.00,1.00,3,0.03,432.92,1,0,20,3,1,132.44,0,4,0,1,132.44,0.00,0.00,0.00,0,1.00,1,101.06,0,0,1,java.lang.Object,0.00,2,0,1,0,2,1,0,0,29,0
"org.apache.lucene.index.TestStressIndexing2$DocsAndWriter",0,0.00,0.00,3,0.02,239.86,2,2,20,0,2,171.00,0,4,0,1,171.00,0.00,0.00,0.00,0,0.00,0,68.53,0,0,2,java.lang.Object,0.00,0,0,0,0,0,0,0,0,18,2
"org.apache.lucene.index.TestStressIndexing2$IndexingThread",10,0.11,4.10,140,1.95,136087.36,17,7,20,48,7,95.37,8,166,0,2,95.37,0.00,0.50,0.24,5,34.00,15,5858.16,0,3,7,org.apache.lucene.analysis.Thread,0.00,38,1,41,0,38,7,0,8,1045,1
"org.apache.lucene.index.TestStressIndexing2$MockIndexWriter",2,0.00,1.50,6,0.06,690.80,2,0,20,4,3,133.12,1,11,0,2,133.12,0.00,0.50,0.00,0,2.00,2,181.65,0,0,3,org.apache.lucene.index.IndexWriter,0.00,2,1,3,0,2,2,0,1,47,1
"org.apache.lucene.index.TestStressNRT",2,0.62,6.00,78,1.15,68160.54,10,8,20,31,15,115.43,5,77,2,2,75.55,0.00,0.50,0.44,1,2.00,10,3441.28,0,0,13,org.apache.lucene.util.LuceneTestCase,0.00,29,1,12,0,29,2,0,5,556,1
"org.apache.lucene.index.TestStressNRT$Thread",1,0.00,28.00,103,2.11,304447.77,2,1,20,31,6,99.24,23,135,0,1,51.97,0.00,0.00,1.00,0,0.00,28,6338.61,0,0,6,java.lang.Object,0.00,30,0,28,0,30,1,0,23,909,0
"org.apache.lucene.index.TestStressNRT$Thread_0",1,0.00,12.00,43,0.96,90848.06,2,1,20,24,8,22.35,8,56,0,1,70.45,0.00,0.00,1.00,0,0.00,12,2884.46,0,0,8,java.lang.Object,0.00,23,0,12,0,23,1,0,8,431,0
"org.apache.lucene.index.TestSumDocFreq",2,0.00,4.00,56,0.81,37536.28,2,0,7,31,14,122.93,5,59,0,2,83.05,0.00,0.50,0.00,1,2.00,5,2418.48,0,0,14,org.apache.lucene.util.LuceneTestCase,0.00,29,1,8,0,29,2,0,2,409,1
"org.apache.lucene.index.TestTerm",1,0.00,1.00,12,0.13,4439.98,1,0,1,5,1,102.02,0,14,0,2,102.02,0.00,0.50,0.00,0,1.00,1,400.01,0,0,1,org.apache.lucene.util.LuceneTestCase,0.00,4,1,1,0,4,1,0,0,91,1
"org.apache.lucene.index.TestTermVectorAccessor",1,0.00,2.00,70,1.20,112873.10,1,0,6,25,10,42.08,14,70,0,2,62.23,0.00,0.50,0.00,0,1.00,2,3603.31,0,0,10,org.apache.lucene.util.LuceneTestCase,0.00,24,1,2,0,24,1,0,1,582,1
"org.apache.lucene.index.TestTermVectorsReader",8,0.40,4.62,274,4.40,435023.63,19,11,17,65,21,76.47,37,277,0,2,76.23,0.00,0.50,0.44,0,0.00,11,13191.57,2,0,21,org.apache.lucene.util.LuceneTestCase,0.00,57,1,37,0,57,8,0,31,2177,1
"org.apache.lucene.index.TestTermVectorsReader$DocNumAwareMapper",5,0.50,1.40,13,0.14,2304.52,6,1,17,6,3,138.72,0,24,0,2,138.72,0.00,0.50,0.60,0,2.00,2,425.24,0,0,3,org.apache.lucene.index.TermVectorMapper,0.17,1,1,7,0,1,5,0,0,103,2
"org.apache.lucene.index.TestTermVectorsReader$MyAnalyzer",1,0.00,1.00,3,0.03,372.87,1,0,17,3,1,132.95,0,6,0,2,132.95,0.00,0.50,0.00,0,1.00,1,93.65,0,1,1,org.apache.lucene.analysis.Analyzer,0.00,2,1,1,0,2,0,0,0,26,1
"org.apache.lucene.index.TestTermVectorsReader$MyTokenStream",3,0.50,1.67,23,0.26,7996.65,7,4,17,7,4,112.38,0,33,0,4,112.38,0.00,0.75,0.58,0,1.00,3,777.72,1,0,4,org.apache.lucene.analysis.Tokenizer,0.40,4,3,5,0,4,3,0,0,166,1
"org.apache.lucene.index.TestTermVectorsReader$TestToken",1,3.00,1.00,7,0.05,734.78,5,4,17,1,0,116.91,0,9,0,1,116.91,0.00,0.00,0.25,0,0.00,1,151.77,0,0,0,java.lang.Object,0.00,0,0,1,0,0,1,1,0,40,1
"org.apache.lucene.index.TestTermVectorsWriter",13,0.00,1.46,356,5.52,179585.80,13,0,17,54,21,134.92,21,385,0,2,84.92,0.00,0.50,0.00,0,13.00,4,16559.81,0,0,21,org.apache.lucene.util.LuceneTestCase,0.00,41,1,19,0,41,13,0,21,2811,1
"org.apache.lucene.index.TestTermdocPerf",3,0.00,2.67,37,0.63,26732.61,3,0,12,27,13,99.41,2,44,0,2,99.41,0.00,0.50,0.00,1,3.00,5,1877.99,0,0,13,org.apache.lucene.util.LuceneTestCase,0.00,24,1,8,0,24,3,0,2,324,1
"org.apache.lucene.index.TestTermdocPerf$Analyzer",1,0.00,1.00,3,0.03,319.67,1,0,12,2,0,133.48,0,5,0,1,133.48,0.00,0.00,0.00,0,1.00,1,78.32,0,1,0,java.lang.Object,0.00,1,0,1,0,1,0,0,0,22,0
"org.apache.lucene.index.TestTermsEnum2",6,0.30,3.50,99,1.47,48479.63,12,6,26,58,24,134.91,14,104,0,2,95.03,0.00,0.50,0.42,0,0.00,5,4408.87,2,0,24,org.apache.lucene.util.LuceneTestCase,0.00,52,1,21,0,52,6,0,14,768,1
"org.apache.lucene.index.TestThreadedForceMerge",3,0.20,2.67,60,1.03,59020.89,8,5,11,33,11,138.43,5,60,0,2,88.43,0.00,0.50,0.33,1,1.00,6,3096.83,0,0,11,org.apache.lucene.util.LuceneTestCase,0.00,30,1,8,0,30,3,0,2,498,1
"org.apache.lucene.index.TestThreadedForceMerge$Thread",1,0.00,5.00,25,0.35,16505.14,1,0,11,12,2,85.27,0,22,0,1,85.27,0.00,0.00,0.00,0,1.00,5,1042.86,0,0,2,java.lang.Object,0.00,11,0,5,0,11,1,0,0,183,0
"org.apache.lucene.index.TestTieredMergePolicy",3,0.00,3.67,107,1.56,71417.11,3,0,7,48,13,78.64,0,107,0,2,78.64,0.00,0.50,0.00,0,3.00,5,4679.46,0,0,13,org.apache.lucene.util.LuceneTestCase,0.00,45,1,11,0,45,3,0,0,755,1
"org.apache.lucene.index.TestTransactionRollback",6,0.10,2.83,75,1.07,38737.18,8,2,13,44,10,82.63,30,86,0,2,100.50,0.00,0.50,0.58,2,0.00,5,3223.24,2,0,10,org.apache.lucene.util.LuceneTestCase,0.00,38,1,17,0,38,6,0,11,586,1
"org.apache.lucene.index.TestTransactionRollback$DeleteLastCommitPolicy",2,0.00,2.00,4,0.06,1042.33,2,0,13,5,1,138.22,0,6,0,1,138.22,0.00,0.00,0.00,0,2.00,2,187.90,0,0,1,java.lang.Object,0.00,3,0,4,0,3,2,1,0,47,0
"org.apache.lucene.index.TestTransactionRollback$KeepAllDeletionPolicy",2,0.00,2.00,3,0.04,443.84,2,0,13,2,1,152.36,0,4,0,1,152.36,0.00,0.00,0.00,0,2.00,2,118.22,0,0,1,java.lang.Object,0.00,0,0,4,0,0,2,1,0,33,0
"org.apache.lucene.index.TestTransactionRollback$RollbackDeletionPolicy",3,1.00,2.67,15,0.20,6066.93,4,1,13,10,1,118.90,12,21,0,1,118.67,0.00,0.00,0.33,0,4.00,5,596.95,0,0,1,java.lang.Object,0.00,7,0,8,0,7,3,1,4,123,0
"org.apache.lucene.index.TestTransactions",2,1.00,2.50,49,0.57,26162.02,3,1,11,21,12,86.89,1,45,2,2,86.89,0.00,0.50,0.00,1,2.00,3,1699.20,0,0,10,org.apache.lucene.util.LuceneTestCase,0.00,19,1,5,0,19,2,0,1,322,1
"org.apache.lucene.index.TestTransactions$IndexerThread",3,0.12,2.33,54,0.68,27876.51,7,4,11,28,11,142.73,4,74,0,2,92.73,0.00,0.50,0.33,1,5.00,3,2054.94,0,0,11,org.apache.lucene.index.TimedThread,0.00,25,1,7,0,25,3,0,4,382,1
"org.apache.lucene.index.TestTransactions$RandomFailure",1,0.00,2.00,3,0.06,1188.11,1,0,11,3,2,128.83,0,7,0,2,128.83,0.00,0.50,0.00,0,1.00,2,174.41,0,0,2,MockDirectoryWrapper.Failure,0.00,2,1,2,0,2,1,0,0,40,1
"org.apache.lucene.index.TestTransactions$SearcherThread",2,0.33,1.50,17,0.20,6457.08,5,3,11,6,2,109.59,0,23,0,2,109.59,0.00,0.50,0.50,0,2.00,2,588.63,0,0,2,org.apache.lucene.index.TimedThread,0.00,4,1,3,0,4,2,0,0,130,2
"org.apache.lucene.index.TestTransactions$TimedThread",4,0.00,2.00,20,0.25,7408.19,7,3,11,8,0,119.04,0,28,0,2,119.04,0.00,0.50,0.33,2,4.00,3,752.86,0,0,0,org.apache.lucene.analysis.Thread,0.00,4,1,8,0,4,4,0,0,162,3
"org.apache.lucene.index.TestUniqueTermCount",4,0.22,1.75,47,0.56,15336.83,7,3,13,30,14,143.69,11,49,0,2,103.80,0.00,0.50,0.50,1,0.00,2,1682.55,2,1,14,org.apache.lucene.util.LuceneTestCase,0.00,26,1,7,0,26,3,0,4,325,1
"org.apache.lucene.index.TestUniqueTermCount$DefaultSimilarityProvider",1,0.00,1.00,3,0.02,238.65,1,0,13,2,1,134.48,0,5,0,1,134.48,0.00,0.00,0.00,0,1.00,1,63.51,0,1,1,java.lang.Object,0.00,1,0,1,0,1,0,0,0,19,0
"org.apache.lucene.index.TestUniqueTermCount$TestSimilarity",1,0.00,1.00,3,0.03,367.11,1,0,13,2,2,133.01,0,6,0,4,133.01,0.00,0.75,0.00,0,1.00,1,78.22,0,0,2,org.apache.lucene.search.similarities.DefaultSimilarity,0.00,1,3,1,0,1,1,0,0,23,0
"org.apache.lucene.index.ThreadAffinityDocumentsWriterThreadPool",3,1.00,2.33,24,0.25,12581.28,4,1,3,10,6,60.49,24,32,4,2,108.59,0.00,0.50,0.33,0,5.00,5,763.49,2,1,2,org.apache.lucene.index.DocumentsWriterPerThreadPool,0.00,7,1,7,0,7,2,0,7,159,1
"org.apache.lucene.index.ThreadedIndexingAndSearchingTestCase",18,0.07,3.11,187,3.51,303704.38,24,6,34,90,29,150.15,26,217,1,2,100.15,1.00,0.33,0.10,7,54.00,29,10520.43,0,4,28,org.apache.lucene.util.LuceneTestCase,0.00,72,1,56,1,72,14,0,25,1607,2
"org.apache.lucene.index.ThreadedIndexingAndSearchingTestCase$IndexWriter.IndexReaderWarmer",1,0.00,5.00,20,0.31,14000.38,1,0,34,14,6,89.45,0,23,0,1,89.45,0.00,0.00,0.00,0,1.00,5,938.41,0,0,6,java.lang.Object,0.00,13,0,5,0,13,1,0,0,161,0
"org.apache.lucene.index.ThreadedIndexingAndSearchingTestCase$SubDocs",1,3.00,1.00,7,0.06,1214.84,4,3,34,1,0,115.19,0,9,0,1,115.19,0.00,0.00,0.00,0,1.00,1,187.57,0,0,0,java.lang.Object,0.00,0,0,1,0,0,1,0,0,48,2
"org.apache.lucene.index.ThreadedIndexingAndSearchingTestCase$Thread",1,0.00,34.00,121,2.53,394286.58,1,0,34,40,5,10.87,12,155,0,1,48.43,0.00,0.00,0.00,0,0.00,34,7590.20,0,0,5,java.lang.Object,0.00,39,0,34,0,39,1,0,12,1066,0
"org.apache.lucene.index.ThreadedIndexingAndSearchingTestCase$Thread_0",1,0.00,12.00,48,0.64,52292.82,1,0,34,24,8,22.45,8,64,0,1,70.56,0.00,0.00,0.00,0,0.00,12,1933.26,0,0,8,java.lang.Object,0.00,23,0,12,0,23,1,0,8,306,0
"org.apache.lucene.index.TieredMergePolicy",30,0.04,3.03,311,4.82,543259.80,40,10,9,75,20,100.15,134,392,14,2,99.91,0.00,0.50,0.14,4,482.00,26,14446.86,0,14,6,org.apache.lucene.index.MergePolicy,0.05,45,1,91,0,45,16,0,67,2426,1
"org.apache.lucene.index.TieredMergePolicy$MergeScore",2,0.00,1.00,3,0.01,73.60,2,0,9,2,0,158.67,0,5,0,1,158.67,0.00,0.00,0.00,0,2.00,1,38.73,0,1,0,java.lang.Object,0.00,0,0,2,0,0,1,0,0,16,3
"org.apache.lucene.index.TieredMergePolicy$MergeScore_0",2,0.00,1.00,5,0.05,835.72,2,0,9,3,0,139.13,0,9,0,1,139.13,0.00,0.00,0.00,0,2.00,1,154.90,0,1,0,java.lang.Object,0.00,1,0,2,0,1,1,0,0,42,0
"org.apache.lucene.index.TieredMergePolicy$SegmentByteSizeDescending",1,0.00,4.00,12,0.13,5525.96,1,0,9,4,1,100.95,0,17,0,1,100.95,0.00,0.00,0.00,0,1.00,4,380.28,0,0,1,java.lang.Object,0.00,3,0,4,0,3,1,1,0,80,1
"org.apache.lucene.index.UpgradeIndexMergePolicy",11,0.40,2.18,52,0.72,35601.38,12,1,7,36,8,141.34,35,81,1,2,120.72,0.00,0.50,0.64,2,4.00,12,2168.39,1,4,7,org.apache.lucene.index.MergePolicy,0.11,25,1,24,0,25,7,0,8,440,1
"org.apache.lucene.index.UseNoMemoryExpensiveCodec",4,0.00,17.25,263,4.10,464969.37,4,0,17,64,19,52.47,62,301,0,2,62.83,0.00,0.50,0.00,2,4.00,33,12293.64,0,1,19,org.apache.lucene.util.LuceneTestCase,0.00,60,1,69,0,60,3,0,18,1764,1
"org.apache.lucene.index.UseNoMemoryExpensiveCodec$MyTokenStream",3,0.33,1.33,14,0.13,2360.65,6,3,13,5,2,125.67,0,21,0,3,125.67,0.00,0.67,0.56,0,0.00,2,387.01,0,0,2,org.apache.lucene.analysis.TokenStream,0.55,2,2,4,0,2,3,0,0,93,3
"org.apache.lucene.index.UseNoMemoryExpensiveCodec$TermAndState",1,2.00,1.00,6,0.04,607.65,3,2,28,1,2,120.05,0,8,0,1,120.05,0.00,0.00,0.00,0,1.00,1,132.64,0,0,2,java.lang.Object,0.00,0,0,1,0,0,1,0,0,37,2
"org.apache.solr.core.AbstractSolrEventListener",7,0.50,1.14,23,0.20,4266.35,9,2,3,13,7,181.24,12,34,2,1,131.24,0.00,0.00,0.07,0,12.00,2,589.75,0,2,5,java.lang.Object,0.00,6,0,8,2,6,5,1,2,151,1
"org.apache.solr.core.AlternateDirectoryTest",2,0.00,1.00,9,0.09,965.00,2,0,7,3,3,167.30,5,14,0,3,127.41,0.00,0.67,0.00,0,2.00,1,268.35,3,0,3,org.apache.solr.SolrTestCaseJ4,0.00,1,2,2,0,1,2,0,1,67,1
"org.apache.solr.core.AlternateDirectoryTest$TestFSDirectoryFactory",1,0.00,1.00,6,0.07,957.04,3,2,7,2,2,118.50,0,9,0,3,118.50,0.00,0.67,1.00,0,0.00,1,202.23,0,1,2,org.apache.solr.core.CachingDirectoryFactory,0.00,1,2,1,0,1,0,0,0,49,2
"org.apache.solr.core.AlternateDirectoryTest$TestIndexReaderFactory",1,1.00,1.00,5,0.06,959.94,2,1,7,2,3,121.44,0,9,0,2,121.44,0.00,0.50,0.00,0,1.00,1,178.49,0,1,3,org.apache.solr.core.IndexReaderFactory,0.00,1,1,1,0,1,0,0,0,43,2
"org.apache.solr.core.CachingDirectoryFactory",10,0.07,2.50,78,1.04,47138.30,13,3,14,37,14,110.57,48,113,6,2,110.34,8.00,0.10,0.27,3,26.00,7,3131.08,0,4,8,org.apache.solr.core.DirectoryFactory,0.12,27,1,25,8,27,6,0,11,614,2
"org.apache.solr.core.CachingDirectoryFactory$CacheValue",0,0.00,0.00,5,0.03,260.00,4,4,14,0,1,171.00,0,6,0,1,171.00,0.00,0.00,0.00,0,0.00,0,104.00,0,0,1,java.lang.Object,0.00,0,0,0,0,0,0,0,0,26,0
"org.apache.solr.core.CloseHook",2,0.00,1.00,3,0.02,119.22,2,0,0,2,3,204.29,47,4,2,1,157.02,0.00,0.00,0.00,0,2.00,1,59.61,0,0,1,java.lang.Object,0.00,0,0,2,0,0,2,0,4,21,2
"org.apache.solr.core.ClosingRequestHandler",1,1.00,1.00,4,0.03,270.16,2,1,11,3,12,129.39,0,6,1,3,129.39,0.00,0.67,0.00,0,1.00,1,90.05,0,0,11,org.apache.solr.core.EmptyRequestHandler,0.00,2,2,1,0,2,1,1,0,26,0
"org.apache.solr.core.ClosingRequestHandler$CloseHook",2,0.00,1.00,4,0.03,265.70,2,0,11,2,1,143.05,0,7,0,1,143.05,0.00,0.00,0.00,0,2.00,1,91.51,0,0,1,java.lang.Object,0.00,0,0,2,0,0,2,0,0,28,0
"org.apache.solr.core.CodecFactory",2,0.00,1.00,3,0.02,126.61,2,0,4,2,7,206.81,3,5,3,1,156.81,0.00,0.00,0.00,0,2.00,1,63.30,0,1,4,java.lang.Object,0.00,0,0,2,1,0,1,1,1,22,2
"org.apache.solr.core.Config",24,0.02,2.00,124,1.84,77381.25,32,8,26,67,14,167.14,47,182,9,1,117.14,0.00,0.00,0.10,4,182.00,9,5511.98,0,14,5,java.lang.Object,0.00,43,0,48,1,43,10,0,10,1078,1
"org.apache.solr.core.CoreContainer",40,0.04,3.45,469,8.03,526854.78,67,27,31,175,31,120.04,146,657,16,1,99.43,0.00,0.00,0.08,10,648.00,23,24094.43,1,16,18,java.lang.Object,0.00,135,0,138,0,135,24,0,61,3958,1
"org.apache.solr.core.CoreContainer$Initializer",3,0.50,2.00,21,0.28,9197.33,5,2,31,14,3,132.48,10,33,0,1,111.86,0.00,0.00,0.17,0,4.00,3,832.11,0,0,3,java.lang.Object,0.00,11,0,6,0,11,3,0,5,168,2
"org.apache.solr.core.CoreDescriptor",22,0.04,1.55,92,0.91,25690.78,31,9,3,41,12,174.29,24,125,10,1,124.29,0.00,0.00,0.08,1,186.00,5,2727.18,0,13,3,java.lang.Object,0.00,19,0,34,0,19,9,0,13,629,1
"org.apache.solr.core.DefaultCodecFactory",1,0.00,1.00,3,0.02,226.76,1,0,5,2,7,105.27,13,6,1,2,134.65,0.00,0.50,0.00,0,1.00,1,62.11,0,1,6,org.apache.solr.core.CodecFactory,0.00,1,1,1,0,1,0,0,8,19,1
"org.apache.solr.core.DefaultCodecFactory$Lucene40Codec",1,0.00,3.00,9,0.11,4170.09,1,0,5,6,2,106.64,0,13,0,1,106.64,0.00,0.00,0.00,0,1.00,3,333.00,1,1,2,java.lang.Object,0.00,5,0,3,0,5,0,0,0,69,0
"org.apache.solr.core.DirectoryFactory",7,0.00,1.00,8,0.09,648.88,7,0,4,7,11,123.29,42,12,9,1,155.51,0.00,0.00,0.00,0,7.00,1,255.76,0,3,2,java.lang.Object,0.00,0,0,7,9,0,4,2,8,78,2
"org.apache.solr.core.DummyValueSourceParser",2,1.00,1.00,8,0.07,1208.58,3,1,7,4,8,166.53,4,13,1,2,126.64,0.00,0.50,0.00,0,2.00,1,208.34,0,1,7,org.apache.solr.search.ValueSourceParser,0.00,2,1,2,0,2,1,0,1,54,1
"org.apache.solr.core.DummyValueSourceParser$SimpleFloatFunction",2,0.00,1.00,6,0.04,527.78,2,0,7,2,1,134.13,0,10,0,1,134.13,0.00,0.00,0.00,0,2.00,1,128.15,0,1,1,java.lang.Object,0.00,0,0,2,0,0,1,0,0,36,0
"org.apache.solr.core.EmptyRequestHandler",5,0.00,1.00,10,0.07,711.24,5,0,11,5,10,142.82,1,10,2,2,142.82,1.00,0.33,0.00,0,5.00,1,209.58,0,4,8,org.apache.solr.RequestHandlerBase,0.00,0,1,5,1,0,1,0,1,63,0
"org.apache.solr.core.FakeDeletionPolicy",5,0.12,1.00,14,0.11,1161.97,7,2,5,7,4,191.14,6,20,1,1,141.14,0.00,0.00,0.40,0,6.00,1,341.96,0,2,3,java.lang.Object,0.00,2,0,5,0,2,3,2,4,92,1
"org.apache.solr.core.IndexDeletionPolicyWrapper",13,0.02,1.77,65,0.73,21938.80,18,5,7,34,8,119.62,52,78,5,1,119.38,0.00,0.00,0.18,3,98.00,3,2191.47,0,5,3,java.lang.Object,0.00,21,0,23,0,21,8,1,16,487,1
"org.apache.solr.core.IndexDeletionPolicyWrapper$IndexCommitWrapper",13,0.08,1.15,32,0.30,5664.06,14,1,7,26,2,138.95,0,58,0,2,138.95,0.00,0.50,0.92,0,0.00,3,899.43,0,4,2,org.apache.lucene.index.IndexCommit,0.85,13,1,15,0,13,9,0,0,238,1
"org.apache.solr.core.IndexReaderFactory",3,0.50,1.33,9,0.08,1093.06,4,1,5,5,10,84.86,26,14,6,1,132.96,0.00,0.00,0.67,0,1.00,2,250.51,0,1,4,java.lang.Object,0.00,2,0,4,2,2,2,1,5,65,2
"org.apache.solr.core.IndexReaderFactoryTest",3,0.00,1.00,10,0.10,1807.27,3,0,1,8,2,181.31,5,16,0,3,131.31,0.00,0.67,0.00,0,4.00,1,312.06,0,2,2,org.apache.solr.util.AbstractSolrTestCase,0.17,5,2,3,0,5,1,0,1,74,1
"org.apache.solr.core.JmxMonitoredMap",6,0.25,4.17,64,1.06,52637.14,10,4,12,32,5,60.03,42,104,2,2,102.32,0.00,0.50,0.46,2,0.00,9,3185.18,3,3,3,java.util.concurrent.ConcurrentHashMap,0.00,26,1,25,0,26,3,0,10,588,1
"org.apache.solr.core.JmxMonitoredMap$SolrDynamicMBean",7,0.06,2.57,60,0.91,48804.69,10,3,12,37,2,106.83,2,90,0,1,106.83,0.00,0.00,0.29,0,11.00,6,2716.95,0,5,2,java.lang.Object,0.00,30,0,18,0,30,2,1,2,517,1
"org.apache.solr.core.MMapDirectoryFactory",2,1.00,2.00,17,0.21,4730.07,5,3,8,12,5,92.71,10,25,0,3,110.59,0.00,0.67,0.83,0,0.00,2,639.59,0,1,5,org.apache.solr.core.CachingDirectoryFactory,0.00,10,2,4,0,10,1,0,1,133,1
"org.apache.solr.core.MockDirectoryFactory",1,0.00,1.00,3,0.04,535.58,1,0,4,3,2,152.33,3,6,0,3,131.71,0.00,0.67,0.00,0,1.00,1,107.25,0,1,2,org.apache.solr.core.CachingDirectoryFactory,0.00,2,2,1,0,2,0,0,1,28,1
"org.apache.solr.core.MockEventListener",6,0.80,1.00,10,0.07,816.05,7,1,3,9,5,154.20,4,19,2,1,154.20,0.00,0.00,0.33,0,10.00,1,219.01,0,0,3,java.lang.Object,0.00,3,0,6,0,3,6,1,4,68,1
"org.apache.solr.core.MockQuerySenderListenerReqHandler",7,0.28,1.00,26,0.22,3987.46,10,3,5,11,6,131.50,4,41,2,2,131.50,0.00,0.50,0.10,0,13.00,1,669.12,2,5,4,org.apache.solr.handler.RequestHandlerBase,0.53,4,1,7,0,4,2,0,1,171,1
"org.apache.solr.core.NIOFSDirectoryFactory",1,0.00,1.00,3,0.03,451.02,1,0,4,3,3,132.54,4,6,0,3,132.30,0.00,0.67,0.00,0,1.00,1,99.51,0,1,3,org.apache.solr.core.CachingDirectoryFactory,0.00,2,2,1,0,2,0,0,1,27,1
"org.apache.solr.core.NRTCachingDirectoryFactory",1,0.00,1.00,3,0.04,653.63,1,0,5,4,4,151.65,3,6,0,4,131.03,0.00,0.75,0.00,0,1.00,1,134.10,0,1,4,org.apache.solr.core.StandardDirectoryFactory,0.00,3,3,1,0,3,0,0,1,33,1
"org.apache.solr.core.PluginInfo",8,0.12,3.00,55,0.99,32704.46,16,8,7,34,19,163.28,9,68,17,1,113.28,0.00,0.00,0.23,1,18.00,6,2962.92,0,4,2,java.lang.Object,0.00,26,0,24,0,26,4,0,3,586,1
"org.apache.solr.core.PluginInfoTest",9,0.19,1.33,73,1.17,31010.70,11,2,5,32,3,109.39,6,125,0,3,109.39,0.00,0.67,0.33,0,20.00,2,3506.80,1,0,3,org.apache.solr.util.DOMUtilTestBase,0.00,23,2,12,0,23,9,0,2,684,1
"org.apache.solr.core.QuerySenderListener",2,0.00,4.50,33,0.46,28693.29,2,0,10,18,13,93.24,9,37,2,2,93.00,0.00,0.50,0.00,0,2.00,8,1376.32,1,0,11,org.apache.solr.core.AbstractSolrEventListener,0.00,16,1,9,0,16,2,0,7,229,1
"org.apache.solr.core.QuerySenderListener$LocalSolrQueryRequest",2,0.00,1.00,4,0.02,220.18,2,0,10,2,1,143.69,0,3,0,1,143.69,0.00,0.00,0.00,0,2.00,1,74.51,0,1,1,java.lang.Object,0.00,0,0,2,0,0,1,0,0,25,0
"org.apache.solr.core.RAMDirectoryFactory",2,0.00,2.00,14,0.14,4418.50,2,0,4,6,5,162.98,3,22,1,4,112.98,0.00,0.75,0.00,0,2.00,3,419.90,0,1,4,org.apache.solr.core.StandardDirectoryFactory,0.00,4,3,4,0,4,1,0,1,90,1
"org.apache.solr.core.RAMDirectoryFactoryTest",3,0.00,1.00,18,0.18,3942.98,3,0,4,11,3,167.41,3,24,0,2,117.41,0.00,0.50,0.00,2,3.00,1,536.98,0,0,3,org.apache.lucene.util.LuceneTestCase,0.00,8,1,3,0,8,3,0,1,120,1
"org.apache.solr.core.RAMDirectoryFactoryTest$RAMDirectoryFactory",1,0.00,1.00,3,0.02,240.44,1,0,4,1,1,134.45,0,5,0,1,134.45,0.00,0.00,0.00,0,1.00,1,65.11,0,1,1,java.lang.Object,0.00,0,0,1,0,0,0,0,0,19,0
"org.apache.solr.core.RequestHandlers",7,0.00,3.29,66,1.11,62632.20,11,4,20,42,13,55.54,70,90,1,1,104.01,0.00,0.00,0.25,3,11.00,11,3341.82,0,5,13,java.lang.Object,0.00,35,0,23,0,35,2,0,12,603,1
"org.apache.solr.core.RequestHandlers$LazyRequestHandlerWrapper",13,0.06,1.77,61,0.51,12327.21,17,4,20,26,9,124.97,9,93,0,1,124.97,0.00,0.00,0.31,1,0.00,4,1519.27,0,9,9,java.lang.Object,0.00,13,0,23,0,13,4,2,5,361,3
"org.apache.solr.core.RequestHandlersTest",4,0.00,1.00,29,0.40,7179.85,4,0,5,12,4,113.85,3,54,0,3,113.85,0.00,0.67,0.00,0,0.00,1,1195.91,5,0,4,org.apache.solr.SolrTestCaseJ4,0.00,8,2,4,0,8,4,0,3,236,1
"org.apache.solr.core.ResourceLoaderTest",4,0.00,2.50,50,0.75,33663.43,4,0,15,25,9,139.51,11,75,0,2,99.62,0.00,0.50,0.00,0,4.00,5,2262.70,0,0,9,org.apache.lucene.util.LuceneTestCase,0.00,21,1,10,0,21,4,0,11,428,1
"org.apache.solr.core.RunExecutableListener",5,0.20,2.80,45,0.65,25989.70,10,5,7,21,5,126.52,15,63,0,2,105.91,0.00,0.50,0.36,1,7.00,6,1947.20,1,0,5,org.apache.solr.core.AbstractSolrEventListener,0.17,16,1,14,0,16,5,0,7,374,0
"org.apache.solr.core.SOLR749Test",2,0.00,1.00,12,0.16,3942.13,2,0,5,6,6,155.91,4,16,0,3,116.03,0.00,0.67,0.00,0,2.00,1,476.51,1,0,6,org.apache.solr.SolrTestCaseJ4,0.00,4,2,2,0,4,2,0,1,100,1
"org.apache.solr.core.SimpleFSDirectoryFactory",1,0.00,1.00,3,0.03,451.02,1,0,4,3,3,132.54,4,6,0,3,132.30,0.00,0.67,0.00,0,1.00,1,99.51,0,1,3,org.apache.solr.core.CachingDirectoryFactory,0.00,2,2,1,0,2,0,0,1,27,1
"org.apache.solr.core.SolrConfig",9,0.09,1.67,117,2.12,85961.75,39,30,31,36,50,80.12,47,139,28,2,97.99,0.00,0.50,0.11,2,33.00,4,6368.83,3,1,25,org.apache.solr.core.Config,0.00,27,1,15,0,27,8,0,18,999,1
"org.apache.solr.core.SolrConfig$HttpCachingConfig",0,0.00,0.00,4,0.05,845.18,2,2,31,1,0,171.00,2,6,0,1,171.00,0.00,0.00,0.00,0,0.00,0,138.30,0,0,0,java.lang.Object,0.00,1,0,0,0,1,0,0,2,32,2
"org.apache.solr.core.SolrConfig$HttpCachingConfig$LastModFrom",1,0.00,13.00,64,1.13,102618.52,6,5,31,19,3,26.01,12,78,0,1,63.57,0.00,0.00,1.00,0,0.00,13,3388.53,0,1,3,java.lang.Object,0.00,18,0,13,0,18,0,0,7,489,2
"org.apache.solr.core.SolrConfig$HttpCachingConfig$LastModFrom$UpdateHandlerInfo",1,6.00,1.00,10,0.10,2180.53,7,6,31,1,0,75.19,6,14,0,1,107.41,0.00,0.00,0.00,0,1.00,1,290.04,0,0,0,java.lang.Object,0.00,0,0,1,0,0,1,0,1,73,2
"org.apache.solr.core.SolrConfig$JmxConfiguration",1,4.00,2.00,12,0.13,4069.97,5,4,31,2,1,102.16,0,21,0,1,102.16,0.00,0.00,0.00,0,1.00,2,380.12,0,0,1,java.lang.Object,0.00,1,0,2,0,1,1,0,0,86,2
"org.apache.solr.core.SolrCore",91,0.01,2.88,796,12.03,770860.56,129,38,45,305,206,106.37,421,1084,154,1,106.14,0.00,0.00,0.04,34,4733.00,42,36100.37,1,51,65,java.lang.Object,0.00,214,0,262,0,214,40,1,194,6385,2
"org.apache.solr.core.SolrCore$Callable",1,0.00,1.00,4,0.02,206.27,1,0,45,2,0,130.32,0,5,0,1,130.32,0.00,0.00,0.00,0,1.00,1,63.51,0,1,0,java.lang.Object,0.00,1,0,1,0,1,0,0,0,19,0
"org.apache.solr.core.SolrCore$Callable_0",1,0.00,2.00,6,0.05,726.85,1,0,45,3,1,119.28,0,9,0,1,119.28,0.00,0.00,0.00,0,0.00,2,144.16,0,1,1,java.lang.Object,0.00,2,0,2,0,2,0,0,0,35,0
"org.apache.solr.core.SolrCore$Callable_1",1,0.00,3.00,8,0.06,1373.73,1,0,45,3,1,112.35,0,11,0,1,112.35,0.00,0.00,0.00,0,0.00,3,186.81,0,1,1,java.lang.Object,0.00,2,0,3,0,2,0,0,0,43,0
"org.apache.solr.core.SolrCore$Callable_2",1,0.00,3.00,8,0.06,1292.71,1,0,45,3,1,112.56,0,11,0,1,112.56,0.00,0.00,0.00,0,0.00,3,189.11,0,1,1,java.lang.Object,0.00,2,0,3,0,2,0,0,0,43,0
"org.apache.solr.core.SolrCore$Callable_3",1,0.00,3.00,8,0.08,2029.96,1,0,45,4,1,93.14,5,12,0,1,111.01,0.00,0.00,0.00,0,0.00,3,238.62,0,1,1,java.lang.Object,0.00,3,0,3,0,3,0,0,5,51,0
"org.apache.solr.core.SolrCore$LazyQueryResponseWriterWrapper",5,0.12,1.40,23,0.23,4333.28,9,4,45,10,6,125.33,1,37,0,1,125.33,0.00,0.00,0.35,1,7.00,3,680.02,0,2,6,java.lang.Object,0.00,5,0,7,0,5,3,1,1,160,2
"org.apache.solr.core.SolrCore$RefCounted<SolrIndexSearcher>",1,0.00,3.00,8,0.09,2013.60,1,0,45,4,1,93.17,5,13,0,1,111.04,0.00,0.00,0.00,0,0.00,3,281.62,0,0,1,java.lang.Object,0.00,3,0,3,0,3,1,0,5,60,0
"org.apache.solr.core.SolrCoreTest",7,0.00,1.29,95,1.46,60957.85,7,0,11,37,13,148.36,9,108,0,3,98.36,0.00,0.67,0.00,0,0.00,3,4391.59,4,0,13,org.apache.solr.SolrTestCaseJ4,0.10,30,2,9,0,30,7,0,9,779,1
"org.apache.solr.core.SolrCoreTest$Callable<Integer>",2,0.00,2.50,26,0.26,12870.73,2,0,11,7,1,99.25,1,31,0,1,99.25,0.00,0.00,0.00,1,2.00,3,770.50,0,1,1,java.lang.Object,0.00,5,0,5,0,5,1,0,1,151,0
"org.apache.solr.core.SolrDeletionPolicy",12,0.00,2.42,104,1.39,65009.69,16,4,14,40,11,147.59,24,134,3,1,107.71,0.00,0.00,0.25,2,42.00,9,4163.69,0,4,9,java.lang.Object,0.00,28,0,29,0,28,8,2,13,806,1
"org.apache.solr.core.SolrEventListener",3,1.00,1.00,5,0.04,550.37,4,1,4,4,14,103.18,29,6,12,2,153.18,0.00,0.50,0.00,0,3.00,1,131.88,0,0,3,,0.00,1,1,3,0,1,3,0,2,39,1
"org.apache.solr.core.SolrInfoMBean",8,0.00,1.00,10,0.04,194.28,8,0,2,8,18,160.33,33,10,17,1,160.09,0.00,0.00,0.00,0,8.00,1,117.46,0,8,1,,0.00,0,0,8,0,0,0,0,9,49,1
"org.apache.solr.core.SolrInfoMBean$Category",0,0.00,0.00,2,0.01,76.11,0,0,2,0,0,171.00,0,1,0,1,171.00,0.00,0.00,0.00,0,0.00,0,38.05,0,0,0,java.lang.Object,0.00,0,0,0,0,0,0,0,0,11,1
"org.apache.solr.core.SolrResourceLoader",29,0.02,3.10,261,4.17,216578.94,44,15,37,108,53,86.77,166,396,36,1,104.64,0.00,0.00,0.09,9,377.00,9,12497.04,0,20,18,java.lang.Object,0.00,79,0,90,1,79,9,1,48,2307,1
"org.apache.solr.core.SolrResourceLoader$FileFilter",1,0.00,1.00,3,0.02,187.66,1,0,37,2,0,135.30,0,4,0,1,135.30,0.00,0.00,0.00,0,1.00,1,58.19,0,0,0,java.lang.Object,0.00,1,0,1,0,1,1,0,0,18,0
"org.apache.solr.core.SolrXMLSerializer",6,0.30,5.17,104,1.50,92764.16,8,2,16,38,4,91.97,24,135,2,1,91.73,0.00,0.00,0.25,3,14.00,12,4494.68,0,0,2,java.lang.Object,0.00,32,0,31,0,32,6,0,7,821,1
"org.apache.solr.core.SolrXMLSerializer$SolrCoreXMLDef",0,0.00,0.00,3,0.02,271.98,2,2,16,0,0,171.00,0,4,0,1,171.00,0.00,0.00,0.00,0,0.00,0,66.61,0,0,0,java.lang.Object,0.00,0,0,0,0,0,0,0,0,18,2
"org.apache.solr.core.SolrXMLSerializer$SolrXMLDef",0,0.00,0.00,5,0.04,660.94,4,4,16,0,0,171.00,0,6,0,1,171.00,0.00,0.00,0.00,0,0.00,0,134.89,0,0,0,java.lang.Object,0.00,0,0,0,0,0,0,0,0,33,2
"org.apache.solr.core.StandardDirectoryFactory",1,0.00,1.00,3,0.04,535.58,1,0,4,3,6,113.84,5,6,3,3,131.71,1.00,0.40,0.00,0,1.00,1,107.25,0,1,3,org.apache.solr.core.CachingDirectoryFactory,0.00,2,2,1,2,2,0,0,1,28,1
"org.apache.solr.core.StandardIndexReaderFactory",1,0.00,1.00,3,0.04,587.11,1,0,3,2,5,81.40,9,7,2,2,131.40,0.00,0.50,0.00,0,0.00,1,117.46,0,1,3,org.apache.solr.core.IndexReaderFactory,0.00,1,1,1,0,1,0,0,2,30,1
"org.apache.solr.core.TestArbitraryIndexDir",5,0.00,1.40,39,0.71,24692.11,5,0,20,36,12,160.31,9,66,0,3,110.31,0.00,0.67,0.00,0,7.00,3,2115.17,6,2,12,org.apache.solr.util.AbstractSolrTestCase,0.32,31,2,7,0,31,3,0,7,367,1
"org.apache.solr.core.TestBadConfig",4,0.00,1.25,14,0.11,1790.24,4,0,1,8,1,132.28,1,21,0,3,132.28,0.00,0.67,0.00,0,4.00,2,326.50,3,2,1,org.apache.solr.util.AbstractSolrTestCase,0.25,4,2,5,0,4,2,0,1,83,1
"org.apache.solr.core.TestCodecSupport",4,0.00,1.25,30,0.48,10871.75,4,0,6,15,4,112.38,1,39,0,3,112.38,0.00,0.67,0.00,0,0.00,2,1452.98,1,0,4,org.apache.solr.SolrTestCaseJ4,0.00,11,2,5,0,11,4,0,1,300,1
"org.apache.solr.core.TestConfig",7,0.00,1.43,56,0.83,20609.06,7,0,15,40,10,109.91,6,78,0,3,109.91,0.00,0.67,0.00,0,9.00,4,2501.45,1,0,10,org.apache.solr.SolrTestCaseJ4,0.00,33,2,10,0,33,7,0,6,494,1
"org.apache.solr.core.TestCoreContainer",3,0.00,3.00,60,1.13,60354.94,3,0,8,35,4,128.21,8,96,0,3,88.33,0.00,0.67,0.00,1,1.00,5,3379.25,1,0,4,org.apache.solr.SolrTestCaseJ4,0.00,32,2,9,0,32,3,0,8,528,1
"org.apache.solr.core.TestJmxIntegration",8,0.00,2.75,82,1.50,81178.46,8,0,9,54,3,151.92,10,112,0,3,101.92,0.00,0.67,0.00,1,12.00,9,4492.21,4,3,3,org.apache.solr.util.AbstractSolrTestCase,0.30,46,2,22,0,46,5,0,5,773,1
"org.apache.solr.core.TestJmxMonitoredMap",3,0.50,2.67,49,0.71,34179.16,7,4,17,24,3,133.80,7,74,0,2,93.91,0.00,0.50,0.58,0,0.00,5,2133.35,2,0,3,org.apache.lucene.util.LuceneTestCase,0.00,21,1,8,0,21,3,0,2,395,1
"org.apache.solr.core.TestJmxMonitoredMap$MockInfoMBean",8,0.00,1.00,17,0.08,667.94,8,0,17,8,2,144.64,1,27,0,1,144.64,0.00,0.00,0.00,0,8.00,1,237.25,0,8,2,java.lang.Object,0.00,0,0,8,0,0,0,1,1,77,1
"org.apache.solr.core.TestLegacyMergeSchedulerPolicyConfig",2,0.00,1.00,7,0.16,3189.38,2,0,7,13,5,127.98,0,12,0,3,127.98,0.00,0.67,0.00,0,2.00,1,488.61,1,0,5,org.apache.solr.SolrTestCaseJ4,0.00,11,2,2,0,11,2,0,0,106,1
"org.apache.solr.core.TestMergePolicyConfig",2,0.00,1.00,12,0.16,2586.29,2,0,5,12,4,167.47,3,16,0,3,117.47,0.00,0.67,0.00,0,2.00,1,476.51,1,0,4,org.apache.solr.SolrTestCaseJ4,0.00,10,2,2,0,10,2,0,3,100,1
"org.apache.solr.core.TestPropInject",4,0.00,1.00,13,0.19,2486.42,4,0,6,14,5,131.20,0,20,0,3,131.20,0.00,0.67,0.00,0,4.00,1,579.20,0,2,5,org.apache.solr.util.AbstractSolrTestCase,0.17,10,2,4,0,10,2,0,0,133,1
"org.apache.solr.core.TestPropInjectDefaults",3,0.00,1.00,11,0.20,3051.01,3,0,7,13,5,129.52,0,18,0,3,129.52,0.00,0.67,0.00,0,1.00,1,607.16,1,0,5,org.apache.solr.SolrTestCaseJ4,0.00,10,2,3,0,10,3,0,0,133,1
"org.apache.solr.core.TestQuerySenderListener",4,0.17,1.00,33,0.57,21210.90,6,2,6,26,9,157.98,7,43,0,3,107.98,0.00,0.67,0.38,0,0.00,1,1709.28,1,0,9,org.apache.solr.SolrTestCaseJ4,0.00,22,2,4,0,22,4,0,7,316,1
"org.apache.solr.core.TestQuerySenderNoQuery",4,0.17,1.00,30,0.44,11449.08,6,2,5,24,8,152.14,10,40,0,3,112.26,0.00,0.67,0.38,0,0.00,1,1319.51,1,0,8,org.apache.solr.SolrTestCaseJ4,0.00,20,2,4,0,20,4,0,10,256,1
"org.apache.solr.core.TestSolrDeletionPolicy1",6,0.00,1.33,49,0.81,21613.08,6,0,6,24,4,109.24,3,87,0,3,109.24,0.00,0.67,0.00,1,6.00,3,2431.86,8,0,4,org.apache.solr.SolrTestCaseJ4,0.05,18,2,8,0,18,6,0,1,471,1
"org.apache.solr.core.TestSolrDeletionPolicy2",2,0.00,1.00,16,0.26,5777.95,2,0,3,12,3,160.06,3,25,0,3,110.06,0.00,0.67,0.00,0,2.00,1,783.44,5,0,3,org.apache.solr.SolrTestCaseJ4,0.00,10,2,2,0,10,2,0,1,150,1
"org.apache.solr.core.TestSolrXMLSerializer",4,0.49,1.00,62,1.08,36175.56,17,13,27,31,1,145.97,7,82,0,2,95.97,0.00,0.50,0.44,3,6.00,1,3226.86,0,1,1,org.apache.lucene.util.LuceneTestCase,0.00,27,1,4,0,27,3,0,7,593,1
"org.apache.solr.core.TestXIncludeConfig",4,0.67,1.50,21,0.20,3476.41,5,1,3,11,3,161.57,8,32,0,3,121.69,0.00,0.67,0.50,0,4.00,2,585.55,1,2,3,org.apache.solr.util.AbstractSolrTestCase,0.25,7,2,6,0,7,2,0,5,132,1
"org.apache.lucene.spatial.DistanceUtils",18,0.04,3.39,196,3.01,290755.90,32,14,6,36,32,50.28,171,232,26,1,100.28,0.00,0.00,0.03,7,94.00,10,9038.11,0,2,6,java.lang.Object,0.00,18,0,61,0,18,16,0,39,1756,1
"org.apache.lucene.spatial.DistanceUtilsTest",7,0.00,1.86,159,3.10,271033.49,7,0,2,21,2,66.78,41,183,0,2,84.65,0.00,0.50,0.00,0,7.00,7,9297.23,0,0,2,org.apache.lucene.util.LuceneTestCase,0.00,14,1,13,0,14,7,0,23,1706,1
"org.apache.lucene.index.codecs.BlockTermState",2,1.50,1.00,15,0.16,4011.26,6,4,3,4,14,81.25,12,20,11,3,113.47,1.50,0.33,1.00,0,0.00,1,491.89,1,1,3,org.apache.lucene.index.OrdTermState,0.43,2,2,2,3,2,1,0,8,113,1
"org.apache.lucene.index.codecs.BlockTermsReader",7,0.06,2.00,63,0.90,44113.00,13,6,26,28,32,125.94,26,89,8,3,105.33,0.50,0.50,0.21,2,15.00,5,2700.59,0,2,24,org.apache.lucene.index.codecs.FieldsProducer,0.55,21,2,14,1,21,5,0,16,496,1
"org.apache.lucene.index.codecs.BlockTermsReader$FieldAndTerm",5,0.12,1.00,14,0.14,2713.33,7,2,26,11,1,138.24,0,23,0,2,138.24,0.00,0.50,0.60,0,2.00,1,428.48,0,1,1,DoubleBarrelLRUCache.CloneableKey,0.00,6,1,5,0,6,4,0,0,112,2
"org.apache.lucene.index.codecs.BlockTermsReader$FieldReader",8,0.10,1.00,30,0.26,4663.73,14,6,26,10,4,131.42,1,47,0,2,131.42,0.00,0.50,0.08,0,32.00,1,765.25,1,2,4,org.apache.lucene.index.Terms,0.61,2,1,8,0,2,6,1,1,194,1
"org.apache.lucene.index.codecs.BlockTermsReader$FieldReader$SegmentTermsEnum",17,0.17,3.94,266,3.58,522033.58,35,18,26,45,11,41.48,163,342,0,2,91.48,0.00,0.50,0.22,4,0.00,37,10739.57,0,7,11,org.apache.lucene.index.TermsEnum,0.50,28,1,67,0,28,10,0,145,1835,2
"org.apache.lucene.index.codecs.BlockTermsReader$TermFieldsEnum",3,0.25,1.33,14,0.11,2057.24,5,2,26,7,2,126.14,0,21,0,2,126.14,0.00,0.50,0.67,0,0.00,2,334.06,0,2,2,org.apache.lucene.index.FieldsEnum,0.67,4,1,4,0,4,1,0,0,85,1
"org.apache.lucene.index.codecs.BlockTermsWriter",5,0.28,2.20,61,0.78,28452.75,15,10,16,22,23,121.61,18,79,8,2,100.99,1.00,0.33,0.32,2,0.00,6,2350.87,0,1,15,org.apache.lucene.index.codecs.FieldsConsumer,0.25,17,1,11,1,17,4,0,12,446,1
"org.apache.lucene.index.codecs.BlockTermsWriter$TermEntry",0,0.00,0.00,3,0.03,468.83,2,2,16,1,2,171.00,0,4,0,1,171.00,0.00,0.00,0.00,0,0.00,0,78.14,0,0,2,java.lang.Object,0.00,1,0,0,0,1,0,0,0,20,2
"org.apache.lucene.index.codecs.BlockTermsWriter$TermsWriter",7,0.12,2.71,106,1.28,67947.62,19,12,16,29,9,135.39,18,121,0,2,95.50,0.00,0.50,0.19,2,0.00,5,3828.76,0,2,9,org.apache.lucene.index.codecs.TermsConsumer,0.33,22,1,19,0,22,5,0,18,718,0
"org.apache.lucene.index.codecs.BlockTreeTermsReader",9,0.02,2.11,81,1.25,78345.99,17,8,40,36,37,86.34,47,111,7,3,104.21,0.00,0.67,0.14,3,24.00,8,3735.25,0,3,30,org.apache.lucene.index.codecs.FieldsProducer,0.46,27,2,19,0,27,6,0,19,667,1
"org.apache.lucene.index.codecs.BlockTreeTermsReader$FieldReader",10,0.05,1.20,45,0.53,15015.07,19,9,40,21,10,173.49,18,65,0,2,123.49,0.00,0.50,0.07,0,50.00,2,1583.32,1,4,10,org.apache.lucene.index.Terms,0.56,11,1,12,0,11,6,1,10,339,2
"org.apache.lucene.index.codecs.BlockTreeTermsReader$FieldReader$IntersectEnum",19,0.08,3.11,239,3.53,338231.16,27,8,40,44,13,79.14,97,288,0,2,97.01,0.00,0.50,0.20,4,5.00,19,10603.26,0,10,13,org.apache.lucene.index.TermsEnum,0.47,25,1,59,0,25,9,0,97,1856,2
"org.apache.lucene.index.codecs.BlockTreeTermsReader$FieldReader$IntersectEnum$Frame",9,0.19,2.78,128,1.70,98108.06,37,28,40,20,6,96.45,44,152,0,1,96.22,0.00,0.00,0.20,2,0.00,10,5085.51,0,0,6,java.lang.Object,0.00,11,0,25,0,11,9,0,44,901,2
"org.apache.lucene.index.codecs.BlockTreeTermsReader$FieldReader$IntersectEnum$SegmentTermsEnum",22,0.19,5.27,459,7.43,993948.22,33,11,40,59,14,47.87,274,564,0,2,85.43,0.00,0.50,0.27,6,0.00,23,22281.63,0,12,14,org.apache.lucene.index.TermsEnum,0.43,37,1,116,0,37,10,0,271,3615,2
"org.apache.lucene.index.codecs.BlockTreeTermsReader$FieldReader$IntersectEnum$SegmentTermsEnum$Frame_0",17,0.19,4.29,292,3.58,257251.55,44,27,40,28,4,62.47,233,353,0,1,91.85,0.00,0.00,0.21,4,0.00,16,10729.21,0,3,4,java.lang.Object,0.00,11,0,73,0,11,14,0,187,1889,2
"org.apache.lucene.index.codecs.BlockTreeTermsReader$Stats",6,0.32,3.33,94,1.53,108889.22,26,20,40,15,2,93.32,2,106,0,1,93.32,0.00,0.00,0.32,0,2.00,8,4583.05,0,1,2,java.lang.Object,0.00,9,0,20,0,9,5,0,2,801,2
"org.apache.lucene.index.codecs.BlockTreeTermsReader$TermFieldsEnum",3,0.25,1.33,14,0.11,2057.24,5,2,40,7,2,126.14,0,21,0,2,126.14,0.00,0.50,0.67,0,0.00,2,334.06,0,2,2,org.apache.lucene.index.FieldsEnum,0.67,4,1,4,0,4,1,0,0,85,1
"org.apache.lucene.index.codecs.BlockTreeTermsWriter",7,0.08,2.00,75,1.10,45780.15,28,21,25,21,29,55.39,56,96,9,2,103.49,0.00,0.50,0.12,2,10.00,6,3295.55,0,0,20,org.apache.lucene.index.codecs.FieldsConsumer,0.00,14,1,14,0,14,7,0,15,599,1
"org.apache.lucene.index.codecs.BlockTreeTermsWriter$PendingBlock",4,0.14,3.50,56,0.91,71692.76,11,7,25,20,5,76.59,23,69,0,2,94.46,0.00,0.50,0.25,1,4.00,10,2737.17,0,1,5,org.apache.lucene.index.codecs.PendingEntry,0.00,16,1,14,0,16,3,0,18,489,3
"org.apache.lucene.index.codecs.BlockTreeTermsWriter$PendingEntry",1,1.00,1.00,4,0.03,307.28,2,1,25,1,0,128.95,0,6,0,1,128.95,0.00,0.00,0.00,0,1.00,1,76.40,0,0,0,java.lang.Object,0.00,0,0,1,0,0,1,0,0,23,2
"org.apache.lucene.index.codecs.BlockTreeTermsWriter$PendingTerm",2,0.50,1.00,9,0.07,960.84,4,2,25,3,2,127.42,0,13,0,2,127.42,0.00,0.50,0.25,0,2.00,1,217.71,0,1,2,org.apache.lucene.index.codecs.PendingEntry,0.00,1,1,2,0,1,1,0,0,58,3
"org.apache.lucene.index.codecs.BlockTreeTermsWriter$TermsWriter",9,0.09,5.33,262,4.20,660055.88,25,16,25,45,11,95.88,166,307,0,2,77.75,0.00,0.50,0.15,1,0.00,17,12599.81,0,4,11,org.apache.lucene.index.codecs.TermsConsumer,0.29,36,1,48,0,36,5,0,140,2011,0
"org.apache.lucene.index.codecs.BlockTreeTermsWriter$TermsWriter$FindBlocks",1,0.00,5.00,25,0.37,31973.00,1,0,25,4,1,38.88,11,26,0,2,83.01,0.00,0.50,0.00,0,0.00,5,1102.71,0,0,1,Builder.FreezeTail,0.00,3,1,5,0,3,1,0,11,196,1
"org.apache.lucene.index.codecs.Codec",12,0.18,1.00,26,0.26,5715.54,15,3,5,17,60,138.68,10,38,54,1,138.68,0.00,0.00,0.17,3,60.00,1,766.40,0,5,7,java.lang.Object,0.00,5,0,12,11,5,7,1,8,200,2
"org.apache.lucene.index.codecs.DefaultDocValuesConsumer",4,0.22,2.00,24,0.33,12787.48,7,3,9,11,11,164.21,6,36,3,3,114.21,0.00,0.67,0.50,0,0.00,3,990.22,0,1,8,org.apache.lucene.index.codecs.DocValuesWriterBase,0.43,7,2,8,0,7,3,0,3,208,1
"org.apache.lucene.index.codecs.DefaultDocValuesFormat",3,0.00,1.00,7,0.09,1565.89,3,0,6,6,12,138.37,0,14,3,2,138.37,0.00,0.50,0.00,0,3.00,1,272.85,0,2,9,org.apache.lucene.index.codecs.DocValuesFormat,0.00,3,1,3,0,3,1,0,0,69,1
"org.apache.lucene.index.codecs.DefaultDocValuesProducer",3,0.25,2.00,19,0.29,9489.43,5,2,12,10,9,154.14,8,30,1,3,114.25,0.00,0.67,0.67,0,0.00,3,866.97,0,1,8,org.apache.lucene.index.codecs.DocValuesReaderBase,0.23,7,2,6,0,7,2,0,2,178,1
"org.apache.lucene.index.codecs.DefaultSegmentInfosFormat",2,0.00,1.00,7,0.06,816.15,4,2,0,4,9,82.64,19,12,4,2,132.64,1.00,0.33,0.50,0,2.00,1,181.50,0,0,5,org.apache.lucene.index.codecs.SegmentInfosFormat,1.00,2,1,2,1,2,2,0,2,48,1
"org.apache.lucene.index.codecs.DefaultSegmentInfosReader",1,0.00,9.00,27,0.52,36114.26,1,0,9,20,12,131.21,25,37,1,2,81.21,0.00,0.50,0.00,0,1.00,9,1570.70,0,0,11,org.apache.lucene.index.codecs.SegmentInfosReader,0.00,19,1,9,0,19,1,0,22,252,1
"org.apache.lucene.index.codecs.DefaultSegmentInfosWriter",4,0.17,1.50,34,0.46,15790.60,10,6,9,21,14,109.13,17,47,7,2,108.90,1.00,0.33,0.04,1,6.00,3,1389.52,0,2,9,org.apache.lucene.index.codecs.SegmentInfosWriter,0.00,17,1,6,1,17,2,0,11,280,1
"org.apache.lucene.index.codecs.DefaultStoredFieldsFormat",3,0.00,1.00,7,0.12,2055.47,3,0,6,6,12,137.44,1,16,3,2,137.44,0.00,0.50,0.00,0,3.00,1,352.74,0,1,9,org.apache.lucene.index.codecs.StoredFieldsFormat,0.00,3,1,3,0,3,2,0,1,84,1
"org.apache.lucene.index.codecs.DefaultStoredFieldsReader",13,0.16,2.62,154,2.45,137080.43,27,14,19,50,20,120.87,43,207,4,2,100.25,0.00,0.50,0.22,3,2.00,6,7354.97,0,2,17,org.apache.lucene.index.codecs.StoredFieldsReader,0.13,37,1,34,0,37,11,2,23,1321,2
"org.apache.lucene.index.codecs.DefaultStoredFieldsWriter",10,0.09,4.30,179,2.29,140423.95,28,18,15,44,18,74.23,50,219,3,2,92.11,0.00,0.50,0.14,4,18.00,14,6864.87,1,0,16,org.apache.lucene.index.codecs.StoredFieldsWriter,0.38,34,1,43,0,34,10,0,45,1230,2
"org.apache.lucene.index.codecs.DocValuesConsumer",6,1.00,1.67,22,0.30,9671.13,7,1,9,10,11,90.27,72,27,6,1,127.83,0.00,0.00,0.00,2,6.00,4,906.47,0,0,7,java.lang.Object,0.00,4,0,10,2,4,6,0,9,192,2
"org.apache.lucene.index.codecs.DocValuesConsumer$SingleSubMergeState",1,4.00,1.00,11,0.09,1945.54,5,4,9,1,2,63.96,7,13,0,1,106.25,0.00,0.00,0.00,0,1.00,1,281.38,0,0,2,java.lang.Object,0.00,0,0,1,0,0,1,0,4,70,2
"org.apache.lucene.index.codecs.DocValuesFormat",3,0.00,1.00,4,0.05,453.76,3,0,6,3,16,153.84,0,5,10,1,153.84,0.00,0.00,0.00,0,3.00,1,146.05,0,2,6,java.lang.Object,0.00,0,0,3,2,0,1,0,0,42,2
"org.apache.lucene.index.codecs.DocValuesReaderBase",8,0.00,1.38,37,0.75,35762.11,8,0,16,22,14,140.34,27,71,2,2,119.72,2.00,0.25,0.00,2,8.00,4,2235.52,0,6,12,org.apache.lucene.index.codecs.PerDocValues,0.20,14,1,11,2,14,2,0,6,429,2
"org.apache.lucene.index.codecs.DocValuesWriterBase",6,0.15,1.00,18,0.20,3235.93,10,4,9,9,11,131.69,4,28,2,2,131.69,2.00,0.25,0.12,0,10.00,1,609.36,0,3,9,org.apache.lucene.index.codecs.PerDocConsumer,0.00,3,1,6,2,3,3,0,1,154,2
"org.apache.lucene.index.codecs.FieldsConsumer",3,0.00,1.67,14,0.19,7076.40,3,0,7,7,31,142.48,9,18,25,1,121.87,0.00,0.00,0.00,1,3.00,3,557.67,0,1,6,java.lang.Object,0.00,4,0,5,7,4,2,1,3,118,2
"org.apache.lucene.index.codecs.FieldsProducer",1,0.00,1.00,2,0.02,145.59,1,0,5,1,21,100.45,7,3,18,2,142.74,6.00,0.12,0.00,0,1.00,1,52.53,0,0,3,org.apache.lucene.index.Fields,0.00,0,1,1,6,0,1,1,1,17,2
"org.apache.lucene.index.codecs.FixedGapTermsIndexReader",4,0.18,2.25,59,0.85,57325.10,15,11,16,20,21,115.95,14,70,7,2,95.33,1.00,0.33,0.23,1,6.00,6,2564.98,0,0,14,org.apache.lucene.index.codecs.TermsIndexReaderBase,0.50,16,1,9,1,16,4,0,14,434,1
"org.apache.lucene.index.codecs.FixedGapTermsIndexReader$FieldIndexData",6,0.00,1.83,36,0.39,8719.09,13,7,16,11,6,116.93,0,52,0,1,116.93,0.00,0.00,0.14,1,22.00,3,1158.32,0,0,6,java.lang.Object,0.00,5,0,11,0,5,6,0,0,264,2
"org.apache.lucene.index.codecs.FixedGapTermsIndexReader$FieldIndexData$CoreFieldIndex",1,2.00,5.00,62,0.95,131133.35,6,5,16,11,2,81.60,18,69,0,1,63.47,0.00,0.00,0.60,0,0.00,5,2863.86,0,0,2,java.lang.Object,0.00,10,0,5,0,10,1,0,18,468,2
"org.apache.lucene.index.codecs.FixedGapTermsIndexReader$IndexEnum",6,0.27,1.83,53,0.83,69686.56,9,3,16,9,1,105.16,2,70,0,2,105.16,0.00,0.50,0.56,0,0.00,5,2503.87,0,1,1,org.apache.lucene.index.codecs.FieldIndexEnum,0.00,3,1,11,0,3,5,0,2,482,1
"org.apache.lucene.index.codecs.FixedGapTermsIndexWriter",6,0.12,2.33,75,0.89,40612.85,14,8,13,24,19,121.00,18,86,8,2,100.38,1.00,0.33,0.23,2,6.00,6,2661.39,0,1,11,org.apache.lucene.index.codecs.TermsIndexWriterBase,0.00,18,1,14,1,18,5,0,9,518,1
"org.apache.lucene.index.codecs.FixedGapTermsIndexWriter$SimpleFieldWriter",4,0.42,2.50,64,0.71,30027.05,16,12,13,12,5,95.59,17,72,0,2,95.35,0.00,0.50,0.40,0,0.00,3,2130.61,0,0,5,org.apache.lucene.index.codecs.FieldWriter,0.00,8,1,10,0,8,4,0,17,412,1
"org.apache.lucene.index.codecs.MappingMultiDocsAndPositionsEnum",9,0.11,1.78,52,0.52,21417.15,17,8,5,18,6,118.21,7,76,2,4,118.21,0.00,0.75,0.22,0,0.00,7,1566.56,0,2,4,org.apache.lucene.index.DocsAndPositionsEnum,1.27,9,3,16,0,9,7,0,2,338,2
"org.apache.lucene.index.codecs.MappingMultiDocsEnum",6,0.12,2.00,43,0.42,18909.21,14,8,4,11,5,161.77,7,60,2,3,111.77,0.00,0.67,0.23,0,10.00,7,1273.46,0,1,3,org.apache.lucene.index.DocsEnum,0.86,5,2,12,0,5,5,0,2,267,2
"org.apache.lucene.index.codecs.MultiLevelSkipListReader",11,0.22,2.73,120,1.43,76461.04,25,14,4,20,3,85.34,61,138,1,1,103.21,0.00,0.00,0.27,3,0.00,7,4293.67,0,0,2,java.lang.Object,0.00,9,0,30,2,9,11,0,44,846,2
"org.apache.lucene.index.codecs.MultiLevelSkipListReader$SkipBuffer",7,0.22,1.00,22,0.23,3964.04,10,3,4,10,1,131.52,0,36,0,3,131.52,0.00,0.67,0.52,0,0.00,1,703.42,0,0,1,org.apache.lucene.store.IndexInput,0.72,3,2,7,0,3,7,0,0,171,3
"org.apache.lucene.index.codecs.MultiLevelSkipListWriter",6,0.00,2.67,56,0.50,23058.41,9,3,3,14,4,58.85,53,56,1,1,106.95,0.00,0.00,0.33,2,0.00,4,1486.01,0,0,3,java.lang.Object,0.00,8,0,16,2,8,6,0,14,319,2
"org.apache.lucene.index.codecs.PerDocConsumer",4,0.00,3.50,43,0.60,46036.68,4,0,8,18,16,53.32,34,52,8,1,101.43,0.00,0.00,0.00,1,4.00,10,1811.64,0,2,8,java.lang.Object,0.00,14,0,14,3,14,2,1,8,340,2
"org.apache.lucene.index.codecs.PerDocValues",2,1.00,1.00,4,0.05,813.27,3,1,4,2,23,101.66,24,5,22,1,139.22,0.00,0.00,0.00,0,2.00,1,139.89,0,2,1,java.lang.Object,0.00,0,0,2,5,0,0,1,3,39,2
"org.apache.lucene.index.codecs.PostingsBaseFormat",4,1.00,1.00,7,0.07,776.27,5,1,6,4,7,173.60,12,9,1,1,152.98,0.00,0.00,0.00,0,4.00,1,218.83,0,0,6,java.lang.Object,0.00,0,0,4,1,0,4,0,7,62,2
"org.apache.lucene.index.codecs.PostingsConsumer",4,0.00,2.75,43,0.48,33322.73,4,0,8,13,21,102.83,16,49,14,1,102.59,0.00,0.00,0.00,3,4.00,8,1448.44,0,0,7,java.lang.Object,0.00,9,0,11,8,9,4,0,5,265,2
"org.apache.lucene.index.codecs.PostingsConsumer$PostingsMergeState",0,0.00,0.00,4,0.02,238.40,3,3,8,0,1,171.00,0,5,0,1,171.00,0.00,0.00,0.00,0,0.00,0,68.11,0,0,1,java.lang.Object,0.00,0,0,0,0,0,0,0,0,19,2
"org.apache.lucene.index.codecs.PostingsFormat",8,0.19,1.00,17,0.20,4820.16,11,3,7,11,38,177.76,18,26,31,1,137.88,0.00,0.00,0.17,0,24.00,1,608.71,0,5,7,java.lang.Object,0.00,3,0,8,14,3,3,1,7,155,2
"org.apache.lucene.index.codecs.PostingsReaderBase",7,0.00,1.00,8,0.11,836.79,7,0,7,7,22,175.25,21,9,16,1,154.64,0.00,0.00,0.00,0,7.00,1,322.21,0,2,6,java.lang.Object,0.00,0,0,7,3,0,5,1,9,91,2
"org.apache.lucene.index.codecs.PostingsWriterBase",6,0.00,1.00,7,0.07,540.76,6,0,4,6,21,205.61,11,8,17,2,155.61,3.00,0.20,0.00,0,6.00,1,208.48,0,0,4,org.apache.lucene.index.codecs.PostingsConsumer,0.00,0,1,6,3,0,6,1,6,65,2
"org.apache.lucene.index.codecs.SegmentInfosFormat",2,0.00,1.00,3,0.01,85.26,2,0,0,2,10,147.81,30,4,8,1,158.17,0.00,0.00,0.00,0,2.00,1,42.63,0,1,2,java.lang.Object,0.00,0,0,2,2,0,1,0,9,17,2
"org.apache.lucene.index.codecs.SegmentInfosReader",1,0.00,1.00,2,0.03,210.87,1,0,5,1,7,103.91,12,3,4,1,141.47,0.00,0.00,0.00,0,1.00,1,86.67,0,0,4,java.lang.Object,0.00,0,0,1,1,0,1,0,2,23,2
"org.apache.lucene.index.codecs.SegmentInfosWriter",3,0.00,1.00,4,0.05,388.58,3,0,5,3,8,105.89,30,5,5,1,154.37,0.00,0.00,0.00,0,3.00,1,151.62,0,1,4,java.lang.Object,0.00,0,0,3,2,0,2,0,4,43,2
"org.apache.lucene.index.codecs.StoredFieldsFormat",3,0.00,1.00,4,0.07,580.92,3,0,6,3,14,120.77,19,5,8,1,152.99,0.00,0.00,0.00,0,3.00,1,196.91,0,0,6,java.lang.Object,0.00,0,0,3,2,0,3,0,2,52,2
"org.apache.lucene.index.codecs.StoredFieldsReader",2,0.00,1.00,3,0.03,211.28,2,0,4,2,12,117.50,24,4,10,1,155.06,0.00,0.00,0.00,0,2.00,1,87.62,0,1,2,java.lang.Object,0.00,0,0,2,2,0,1,2,3,27,2
"org.apache.lucene.index.codecs.StoredFieldsWriter",6,0.00,2.33,34,0.37,16639.68,6,0,7,14,10,67.62,59,38,5,1,117.62,0.00,0.00,0.00,4,6.00,6,1117.64,0,0,5,java.lang.Object,0.00,8,0,14,2,8,6,1,15,229,2
"org.apache.lucene.index.codecs.TermStats",1,2.00,1.00,6,0.04,527.22,3,2,0,1,24,120.07,16,8,24,1,120.54,0.00,0.00,0.00,0,1.00,1,124.85,0,0,0,java.lang.Object,0.00,0,0,1,0,0,1,0,1,36,1
"org.apache.lucene.index.codecs.TermsConsumer",5,0.38,3.80,60,0.89,83873.91,7,2,9,18,27,117.78,16,73,17,1,97.17,0.00,0.00,0.20,3,8.00,15,2657.71,0,2,10,java.lang.Object,0.00,13,0,19,6,13,3,0,11,449,2
"org.apache.lucene.index.codecs.TermsIndexReaderBase",4,0.00,1.00,6,0.04,293.67,4,0,5,4,12,176.92,15,7,10,1,156.31,0.00,0.00,0.00,0,4.00,1,120.23,0,0,2,java.lang.Object,0.00,0,0,4,3,0,4,1,8,41,2
"org.apache.lucene.index.codecs.TermsIndexReaderBase$FieldIndexEnum",5,0.00,1.00,6,0.05,342.92,5,0,5,5,1,206.54,5,7,0,1,156.54,0.00,0.00,0.00,0,5.00,1,135.45,0,1,1,java.lang.Object,0.00,0,0,5,0,0,4,0,3,46,3
"org.apache.lucene.index.codecs.TermsIndexWriterBase",1,0.00,1.00,3,0.03,197.55,1,0,4,1,11,185.12,1,4,9,1,135.12,0.00,0.00,0.00,0,1.00,1,79.02,0,1,2,java.lang.Object,0.00,0,0,1,3,0,0,1,1,24,2
"org.apache.lucene.index.codecs.TermsIndexWriterBase$FieldWriter",3,0.00,1.00,4,0.05,347.07,3,0,4,3,2,154.75,0,5,0,1,154.75,0.00,0.00,0.00,0,3.00,1,141.15,0,0,2,java.lang.Object,0.00,0,0,3,0,0,3,0,0,41,2
"org.apache.lucene.index.codecs.VariableGapTermsIndexReader",8,0.02,1.62,54,0.70,27613.55,15,7,20,25,17,114.00,7,71,1,2,114.00,0.00,0.50,0.16,2,26.00,4,2100.35,0,0,16,org.apache.lucene.index.codecs.TermsIndexReaderBase,0.50,17,1,13,0,17,8,0,5,409,1
"org.apache.lucene.index.codecs.VariableGapTermsIndexReader$FieldIndexData",2,0.00,3.50,25,0.35,13778.79,4,2,20,10,5,100.47,9,34,0,1,100.23,0.00,0.00,0.50,1,0.00,5,1048.81,0,0,5,java.lang.Object,0.00,8,0,7,0,8,2,0,3,197,2
"org.apache.lucene.index.codecs.VariableGapTermsIndexReader$IndexEnum",6,0.00,1.33,23,0.21,4294.06,8,2,20,10,3,130.66,4,38,0,2,130.66,0.00,0.50,0.50,0,2.00,2,631.18,0,1,3,org.apache.lucene.index.codecs.FieldIndexEnum,0.00,4,1,8,0,4,5,0,4,156,2
"org.apache.lucene.index.codecs.VariableGapTermsIndexWriter",6,0.12,2.17,69,0.82,33197.38,14,8,14,24,14,52.50,55,79,2,2,102.50,0.00,0.50,0.23,2,6.00,5,2474.78,0,0,12,org.apache.lucene.index.codecs.TermsIndexWriterBase,0.00,18,1,13,0,18,6,0,44,490,1
"org.apache.lucene.index.codecs.VariableGapTermsIndexWriter$EveryNOrDocFreqTermSelector",3,0.50,1.33,17,0.14,2794.28,6,3,14,3,3,121.48,1,24,0,2,121.48,0.00,0.50,0.67,0,0.00,2,418.47,0,0,3,org.apache.lucene.index.codecs.IndexTermSelector,0.00,0,1,4,0,0,3,0,1,102,3
"org.apache.lucene.index.codecs.VariableGapTermsIndexWriter$EveryNTermSelector",3,0.50,1.33,15,0.11,1807.07,5,2,14,3,3,122.97,1,22,0,2,122.97,0.00,0.50,0.83,0,0.00,2,326.74,0,0,3,org.apache.lucene.index.codecs.IndexTermSelector,0.00,0,1,4,0,0,3,0,1,82,3
"org.apache.lucene.index.codecs.VariableGapTermsIndexWriter$FSTFieldWriter",4,0.30,1.75,38,0.46,11882.43,13,9,14,12,5,157.93,7,51,0,2,107.93,0.00,0.50,0.33,0,0.00,2,1373.88,0,0,5,org.apache.lucene.index.codecs.FieldWriter,0.00,8,1,7,0,8,4,0,7,277,1
"org.apache.lucene.index.codecs.VariableGapTermsIndexWriter$IndexTermSelector",2,0.00,1.00,3,0.02,153.21,2,0,14,2,3,206.16,2,4,0,1,156.16,0.00,0.00,0.00,0,2.00,1,72.73,0,0,3,java.lang.Object,0.00,0,0,2,0,0,2,0,2,24,3
"org.apache.lucene.analysis.in.IndicNormalizationFilter",2,0.00,1.50,11,0.11,2172.37,4,2,4,8,7,160.81,4,16,3,4,120.93,0.00,0.75,0.50,0,2.00,2,340.92,0,0,4,org.apache.lucene.analysis.TokenFilter,0.29,6,3,3,0,6,2,0,1,81,2
"org.apache.lucene.analysis.in.IndicNormalizer",3,0.00,5.00,55,2.83,340296.91,5,2,4,7,1,91.26,107,145,1,1,84.00,0.00,0.00,0.50,0,2.00,10,8496.41,0,0,0,java.lang.Object,0.00,4,0,15,0,4,3,0,80,1372,1
"org.apache.lucene.analysis.in.IndicNormalizer$ScriptData",1,3.00,1.00,7,0.04,585.54,4,3,4,1,0,117.68,0,9,0,1,117.68,0.00,0.00,0.00,0,1.00,1,131.23,0,0,0,java.lang.Object,0.00,0,0,1,0,0,1,0,0,38,2
"org.apache.lucene.analysis.in.IndicTokenizer",4,0.00,1.00,9,0.13,2474.14,4,0,4,6,3,137.79,3,18,1,5,137.79,0.00,0.80,0.00,0,4.00,1,380.69,0,0,2,org.apache.lucene.analysis.util.CharTokenizer,0.17,2,4,4,0,2,4,0,1,99,2
"org.apache.lucene.analysis.in.TestIndicNormalizer",2,0.00,1.00,13,0.14,1986.08,2,0,6,5,5,138.99,7,16,0,3,118.37,0.00,0.67,0.00,1,2.00,1,409.83,1,0,5,org.apache.lucene.analysis.BaseTokenStreamTestCase,0.00,3,2,2,0,3,2,0,3,92,1
"org.apache.lucene.queryparser.flexible.standard.QueryParserUtil",4,0.00,3.75,51,0.95,62552.95,4,0,5,15,8,146.90,105,65,2,1,97.41,0.00,0.00,0.00,0,4.00,4,2837.52,0,4,6,java.lang.Object,0.00,11,0,15,0,11,0,0,9,511,2
"org.apache.lucene.queryparser.flexible.standard.StandardQueryParser",36,0.00,1.25,110,1.13,16324.02,36,0,20,49,19,100.01,249,164,6,2,132.23,2.00,0.25,0.00,2,36.00,2,3382.77,2,10,14,org.apache.lucene.queryparser.flexible.core.QueryParserHelper,0.00,13,1,45,2,13,26,0,32,833,1
"org.apache.lucene.queryparser.flexible.standard.TestMultiAnalyzerQPHelper",2,1.00,1.00,41,0.83,28245.80,3,1,11,11,7,129.09,43,64,0,2,89.79,0.00,0.50,0.00,0,2.00,1,2500.42,0,0,7,org.apache.lucene.util.LuceneTestCase,0.00,9,1,2,0,9,2,0,31,443,1
"org.apache.lucene.queryparser.flexible.standard.TestMultiAnalyzerQPHelper$MultiAnalyzer",1,0.00,1.00,4,0.06,1028.22,1,0,11,4,3,124.82,0,7,0,2,124.82,0.00,0.50,0.00,0,1.00,1,167.13,0,1,3,org.apache.lucene.analysis.Analyzer,0.00,3,1,1,0,3,0,0,0,40,1
"org.apache.lucene.queryparser.flexible.standard.TestMultiAnalyzerQPHelper$PosIncrementAnalyzer",1,0.00,1.00,4,0.06,1028.22,1,0,11,4,3,124.82,0,7,0,2,124.82,0.00,0.50,0.00,0,1.00,1,167.13,0,1,3,org.apache.lucene.analysis.Analyzer,0.00,3,1,1,0,3,0,0,0,40,1
"org.apache.lucene.queryparser.flexible.standard.TestMultiAnalyzerQPHelper$TestFilter",3,0.29,2.33,39,0.44,14023.85,10,7,11,14,6,100.35,0,48,0,4,100.35,0.00,0.75,0.33,0,4.00,5,1306.41,1,0,6,org.apache.lucene.analysis.TokenFilter,0.53,11,3,7,0,11,3,0,0,256,2
"org.apache.lucene.queryparser.flexible.standard.TestMultiAnalyzerQPHelper$TestPosIncrementFilter",2,0.00,2.50,15,0.16,3738.22,4,2,11,5,4,113.50,1,21,0,4,113.50,0.00,0.75,0.50,0,2.00,4,483.67,0,0,4,org.apache.lucene.analysis.TokenFilter,0.29,3,3,5,0,3,2,0,1,108,1
"org.apache.lucene.queryparser.flexible.standard.TestMultiFieldQPHelper",11,0.00,1.45,183,2.98,103763.92,11,0,17,40,13,134.58,32,221,0,2,94.70,0.00,0.50,0.00,1,11.00,2,8938.57,0,0,13,org.apache.lucene.util.LuceneTestCase,0.00,29,1,16,0,29,11,0,22,1611,1
"org.apache.lucene.queryparser.flexible.standard.TestMultiFieldQPHelper$AnalyzerReturningNull",2,1.00,1.50,10,0.10,1948.67,3,1,17,8,0,121.30,0,17,0,2,121.30,0.00,0.50,0.50,0,2.00,2,299.09,0,1,0,org.apache.lucene.index.Analyzer,0.00,6,1,3,0,6,1,0,0,73,3
"org.apache.lucene.queryparser.flexible.standard.TestMultiFieldQPHelper$AnalyzerReturningNull$EmptyTokenStream",1,0.00,1.00,3,0.02,186.16,1,0,17,1,0,135.33,0,6,0,2,135.33,0.00,0.50,0.00,0,1.00,1,56.19,0,0,0,org.apache.lucene.search.Tokenizer,0.00,0,1,1,0,0,1,0,0,18,2
"org.apache.lucene.queryparser.flexible.standard.TestNumericQueryParser",18,0.08,2.33,238,4.75,302963.90,35,17,32,93,17,95.97,12,321,0,2,95.97,0.00,0.50,0.13,7,98.00,9,14238.38,0,3,17,org.apache.lucene.util.LuceneTestCase,0.00,75,1,42,0,75,15,0,12,2463,1
"org.apache.lucene.queryparser.flexible.standard.TestNumericQueryParser$NumberType",0,0.00,0.00,2,0.01,71.32,0,0,32,0,0,171.00,0,3,0,1,171.00,0.00,0.00,0.00,0,0.00,0,28.53,0,0,0,java.lang.Object,0.00,0,0,0,0,0,0,0,0,9,2
"org.apache.lucene.queryparser.flexible.standard.TestQPHelper",0,0.00,0.00,5,0.06,1012.42,1,1,51,1,37,171.00,6,6,0,2,171.00,0.00,0.50,0.00,0,0.00,0,165.67,0,0,37,org.apache.lucene.util.LuceneTestCase,0.00,1,1,0,0,1,0,0,1,39,1
"org.apache.lucene.queryparser.flexible.standard.TestQPHelper$QPTestAnalyzer",1,0.00,1.00,4,0.06,1228.99,1,0,51,4,1,174.21,1,7,0,2,124.21,0.00,0.50,0.00,0,1.00,1,182.32,0,1,1,org.apache.lucene.index.Analyzer,0.00,3,1,1,0,3,0,0,1,43,3
"org.apache.lucene.queryparser.flexible.standard.TestQPHelper$QPTestFilter",3,0.20,2.33,30,0.34,10287.31,8,5,51,11,2,155.66,4,39,0,2,105.66,0.00,0.50,0.33,0,4.00,5,1010.18,1,0,2,org.apache.lucene.index.TokenFilter,0.00,8,1,7,0,8,3,0,1,210,3
"org.apache.lucene.queryparser.flexible.standard.TestQPHelper$QPTestParser",55,0.98,1.33,570,8.23,238908.62,56,1,51,137,28,125.60,180,702,0,3,104.99,0.00,0.67,0.04,13,210.00,3,24686.05,4,8,28,org.apache.lucene.queryparser.flexible.standard.StandardQueryParser,0.00,82,2,73,0,82,47,0,156,4628,2
"org.apache.lucene.queryparser.flexible.standard.TestQPHelper$QPTestParser$CannedAnalyzer",1,0.00,1.00,3,0.03,372.87,1,0,51,3,0,132.95,0,6,0,2,132.95,0.00,0.50,0.00,0,1.00,1,93.65,0,1,0,org.apache.lucene.index.Analyzer,0.00,2,1,1,0,2,0,0,0,26,1
"org.apache.lucene.queryparser.flexible.standard.TestQPHelper$QPTestParser$CannedTokenStream",2,0.33,3.00,25,0.26,7813.61,5,3,51,6,2,102.21,0,32,0,2,102.21,0.00,0.50,0.50,0,2.00,5,776.23,1,0,2,org.apache.lucene.search.Tokenizer,0.00,4,1,6,0,4,2,0,0,166,1
"org.apache.lucene.queryparser.flexible.standard.TestQPHelper$QPTestParser$QPTestParserQueryNodeProcessor",3,0.00,1.33,9,0.11,2659.22,3,0,51,5,5,129.92,0,22,0,2,129.92,0.00,0.50,0.00,0,3.00,2,318.32,0,3,5,org.apache.lucene.queryparser.flexible.core.processors.QueryNodeProcessorImpl,0.00,2,1,4,0,2,0,0,0,79,2
"org.apache.lucene.queryparser.flexible.standard.TestQPHelper$QPTestParser$SimpleCJKAnalyzer",1,0.00,1.00,3,0.03,425.86,1,0,51,3,0,132.50,0,6,0,2,132.50,0.00,0.50,0.00,0,1.00,1,97.55,0,1,0,org.apache.lucene.index.Analyzer,0.00,2,1,1,0,2,0,0,0,27,1
"org.apache.lucene.queryparser.flexible.standard.TestQPHelper$QPTestParser$SimpleCJKTokenizer",2,1.00,1.50,10,0.10,1712.34,3,1,51,6,1,121.74,0,15,0,2,121.74,0.00,0.50,0.50,0,2.00,2,297.37,0,0,1,org.apache.lucene.search.Tokenizer,0.00,4,1,3,0,4,2,0,0,70,1
"org.apache.lucene.analysis.path.PathHierarchyTokenizer",9,0.17,2.44,101,1.09,96801.62,23,14,6,21,6,150.20,17,133,2,4,100.20,0.00,0.75,0.22,0,20.00,14,3257.63,2,0,4,org.apache.lucene.analysis.Tokenizer,0.31,12,3,22,0,12,9,0,2,629,1
"org.apache.lucene.analysis.path.ReversePathHierarchyTokenizer",11,0.15,1.64,84,1.05,50628.03,27,16,8,28,6,160.52,19,108,2,4,110.52,0.00,0.75,0.20,0,30.00,8,3153.62,2,0,4,org.apache.lucene.analysis.Tokenizer,0.29,17,3,18,0,17,11,0,2,616,1
"org.apache.lucene.analysis.path.TestPathHierarchyTokenizer",15,0.00,1.00,124,1.44,31308.18,15,0,5,21,5,111.17,0,155,0,3,111.17,0.00,0.67,0.00,0,15.00,1,4333.60,1,0,5,org.apache.lucene.analysis.BaseTokenStreamTestCase,0.00,6,2,15,0,6,15,0,0,900,1
"org.apache.lucene.analysis.path.TestReversePathHierarchyTokenizer",12,0.00,1.00,97,1.07,23637.71,12,0,2,15,2,111.37,0,122,0,3,111.37,0.00,0.67,0.00,0,12.00,1,3220.73,1,0,2,org.apache.lucene.analysis.BaseTokenStreamTestCase,0.00,3,2,12,0,3,12,0,0,684,1
"org.apache.lucene.index.codecs.perfield.PerFieldPostingsFormat",3,0.25,1.33,17,0.18,3802.44,7,4,27,6,20,141.04,9,23,2,2,120.43,0.00,0.50,0.08,0,4.00,2,542.11,0,2,18,org.apache.lucene.index.codecs.PostingsFormat,0.00,3,1,4,0,3,1,0,5,122,2
"org.apache.lucene.index.codecs.perfield.PerFieldPostingsFormat$FieldsConsumerAndID",2,0.50,1.00,8,0.06,840.67,4,2,27,3,1,127.88,0,12,0,1,127.88,0.00,0.00,0.25,0,2.00,1,186.42,0,0,1,java.lang.Object,0.00,1,0,2,0,1,2,1,0,52,1
"org.apache.lucene.index.codecs.perfield.PerFieldPostingsFormat$FieldsReader",7,0.33,1.43,25,0.35,8452.84,9,2,27,19,9,178.85,10,45,0,3,128.85,0.00,0.67,0.21,0,23.00,2,1053.20,0,4,9,org.apache.lucene.index.codecs.FieldsProducer,0.55,12,2,10,0,12,3,0,10,237,1
"org.apache.lucene.index.codecs.perfield.PerFieldPostingsFormat$FieldsReader$FieldsIterator",3,0.25,1.67,17,0.15,3701.51,5,2,27,7,3,120.47,0,26,0,2,120.47,0.00,0.50,0.67,0,0.00,2,452.25,0,2,3,org.apache.lucene.index.FieldsEnum,0.67,4,1,5,0,4,1,0,0,109,2
"org.apache.lucene.index.codecs.perfield.PerFieldPostingsFormat$FieldsReader$VisitPerFieldFile",2,0.00,1.00,6,0.11,1577.61,2,0,27,4,2,130.39,0,10,0,1,130.39,0.00,0.00,0.00,0,0.00,1,317.76,0,0,2,java.lang.Object,0.00,2,0,2,0,2,2,0,0,76,0
"org.apache.lucene.index.codecs.perfield.PerFieldPostingsFormat$FieldsReader$VisitPerFieldFile_0",3,0.00,2.33,33,0.44,24214.04,3,0,27,12,7,141.08,7,36,0,1,101.19,0.00,0.00,0.00,2,4.00,5,1309.05,0,0,7,java.lang.Object,0.00,9,0,7,0,9,3,0,7,228,2
"org.apache.lucene.index.codecs.perfield.PerFieldPostingsFormat$FieldsReader$VisitPerFieldFile_1",2,0.00,1.00,4,0.06,609.69,2,0,27,3,1,140.21,0,8,0,1,140.21,0.00,0.00,0.00,0,2.00,1,165.95,0,0,1,java.lang.Object,0.00,1,0,2,0,1,2,0,0,44,0
"org.apache.lucene.index.codecs.perfield.PerFieldPostingsFormat$FieldsWriter",3,0.67,2.67,40,0.68,33849.08,6,3,27,27,9,137.20,8,54,0,2,97.31,0.00,0.50,0.78,0,0.00,4,2035.96,0,1,9,org.apache.lucene.index.codecs.FieldsConsumer,0.33,24,1,8,0,24,2,0,8,369,1
"org.apache.lucene.index.codecs.perfield.TestPerFieldPostingsFormat",8,0.00,2.62,140,1.92,77022.86,8,0,26,49,22,114.13,25,153,0,2,93.51,0.00,0.50,0.00,5,8.00,6,5761.28,0,1,22,org.apache.lucene.util.LuceneTestCase,0.00,41,1,21,0,41,7,0,16,1019,1
"org.apache.lucene.index.codecs.perfield.TestPerFieldPostingsFormat$MockCodec",1,0.00,3.00,11,0.10,1890.42,4,3,26,5,5,106.10,0,15,0,3,106.10,0.00,0.67,1.00,0,0.00,3,308.66,0,1,5,org.apache.lucene.index.codecs.lucene40.Lucene40Codec,0.00,4,2,3,0,4,0,0,0,72,2
"org.apache.lucene.index.codecs.perfield.TestPerFieldPostingsFormat$MockCodec2",1,0.00,2.00,8,0.07,1180.22,3,2,26,4,4,112.96,0,13,0,3,112.96,0.00,0.67,1.00,0,0.00,2,210.60,0,1,4,org.apache.lucene.index.codecs.lucene40.Lucene40Codec,0.00,3,2,2,0,3,0,0,0,51,2
"org.apache.lucene.spatial.tier.CartesianPolyFilterBuilder",4,0.07,3.50,76,1.06,84513.93,9,5,9,24,9,44.83,45,87,1,1,88.95,0.00,0.00,0.25,1,6.00,8,3184.67,0,1,8,java.lang.Object,0.00,20,0,14,0,20,3,0,37,580,1
"org.apache.lucene.spatial.tier.CartesianShapeFilter",2,0.00,3.00,28,0.41,22922.82,4,2,11,14,10,96.26,8,32,1,2,96.03,0.00,0.50,0.50,0,2.00,5,1227.89,0,1,9,org.apache.lucene.search.Filter,0.00,12,1,6,0,12,1,0,4,220,1
"org.apache.lucene.spatial.tier.CartesianShapeFilter$DocIdSet",2,0.00,1.00,5,0.04,534.33,2,0,11,3,1,140.66,0,9,0,1,140.66,0.00,0.00,0.00,0,2.00,1,132.11,0,1,1,java.lang.Object,0.00,1,0,2,0,1,1,0,0,36,0
"org.apache.lucene.spatial.tier.DistanceCheck",2,0.00,1.50,17,0.19,6975.63,2,0,2,6,1,159.32,3,18,0,1,109.32,0.00,0.00,0.00,0,2.00,2,572.47,0,1,1,java.lang.Object,0.00,4,0,3,0,4,1,0,1,118,1
"org.apache.lucene.spatial.tier.DistanceFieldComparatorSource",3,0.00,1.33,14,0.12,2098.68,5,2,5,5,5,176.07,5,21,1,2,126.07,0.00,0.50,0.50,0,1.00,2,362.11,0,1,4,org.apache.lucene.search.FieldComparatorSource,0.00,2,1,4,0,2,2,0,1,91,1
"org.apache.lucene.spatial.tier.DistanceFieldComparatorSource$DistanceScoreDocLookupComparator",8,0.05,1.50,31,0.31,7546.39,11,3,5,8,1,129.68,2,50,0,2,129.68,0.00,0.50,0.38,0,0.00,3,928.55,0,2,1,org.apache.lucene.search.FieldComparator,0.62,0,1,12,0,0,6,0,2,219,1
"org.apache.lucene.spatial.tier.DistanceFilter",7,0.06,1.14,24,0.24,4477.63,13,6,5,11,5,131.31,32,33,4,2,131.08,2.00,0.25,0.12,0,15.00,2,725.16,0,2,1,org.apache.lucene.search.Filter,0.00,4,1,8,2,4,5,0,14,171,2
"org.apache.lucene.spatial.tier.DistanceHandler",5,0.08,2.80,41,0.52,18372.26,8,3,3,14,2,129.62,16,49,1,1,109.00,0.00,0.00,0.27,1,7.00,6,1571.48,0,1,1,java.lang.Object,0.00,9,0,14,0,9,4,0,8,326,1
"org.apache.lucene.spatial.tier.DistanceHandler$Precision",0,0.00,0.00,2,0.01,36.00,0,0,3,0,0,171.00,0,1,0,1,171.00,0.00,0.00,0.00,0,0.00,0,24.00,0,0,0,java.lang.Object,0.00,0,0,0,0,0,0,0,0,8,1
"org.apache.lucene.spatial.tier.DistanceQueryBuilder",10,0.11,1.40,50,0.50,12092.30,15,5,6,18,10,141.19,37,68,1,1,120.58,0.00,0.00,0.30,1,30.00,2,1493.05,0,5,9,java.lang.Object,0.00,8,0,14,0,8,5,0,7,335,1
"org.apache.lucene.spatial.tier.InvalidGeoException",1,0.00,1.00,3,0.02,106.02,1,0,0,1,10,119.38,5,5,10,2,137.25,0.00,0.50,0.00,0,1.00,1,45.51,0,0,0,java.lang.Exception,0.00,0,1,1,0,0,1,0,1,16,1
"org.apache.lucene.spatial.tier.LatLongDistanceFilter",4,0.13,1.75,33,0.47,17721.88,9,5,8,11,10,108.70,17,47,3,3,108.47,0.00,0.67,0.30,1,4.00,4,1417.45,0,1,7,org.apache.lucene.spatial.tier.DistanceFilter,0.25,7,2,7,0,7,3,0,4,305,1
"org.apache.lucene.spatial.tier.LatLongDistanceFilter$FilteredDocIdSet",1,0.00,3.00,17,0.21,7497.77,1,0,8,7,1,76.46,5,21,0,1,94.33,0.00,0.00,0.00,0,0.00,3,630.31,0,0,1,java.lang.Object,0.00,6,0,3,0,6,1,0,5,119,0
"org.apache.lucene.spatial.tier.Shape",5,0.12,1.00,13,0.10,1239.97,7,2,2,8,2,190.92,5,19,2,1,140.92,0.00,0.00,0.40,0,5.00,1,295.18,0,2,0,java.lang.Object,0.00,3,0,5,0,3,3,0,1,82,1
"org.apache.lucene.spatial.tier.TestCartesian",10,0.28,3.60,253,4.98,248684.11,19,9,29,58,26,33.95,94,260,0,2,83.94,0.00,0.50,0.37,3,0.00,8,14948.49,2,0,26,org.apache.lucene.util.LuceneTestCase,0.00,48,1,36,0,48,10,0,69,2305,1
"org.apache.lucene.spatial.tier.TestDistance",5,0.25,1.20,53,0.78,15748.67,11,6,14,27,12,73.89,33,60,0,2,106.11,0.00,0.50,0.37,2,1.00,2,2345.10,2,0,12,org.apache.lucene.util.LuceneTestCase,0.00,22,1,6,0,22,5,0,19,443,1
"org.apache.lucene.store.instantiated.FieldSetting",4,0.08,1.50,19,0.18,3946.59,12,8,0,7,5,125.11,19,27,5,1,124.87,0.00,0.00,0.06,0,4.00,3,527.78,0,0,0,java.lang.Object,0.00,3,0,6,1,3,4,0,2,129,0
"org.apache.lucene.store.instantiated.FieldSettings",5,0.25,3.00,35,0.36,13542.72,6,1,3,12,2,112.43,20,51,1,1,112.19,0.00,0.00,0.80,0,0.00,10,1069.88,0,1,1,java.lang.Object,0.00,7,0,15,0,7,4,0,3,236,0
"org.apache.lucene.store.instantiated.InstantiatedDocsAndPositionsEnum",8,0.29,1.75,48,0.53,17830.32,14,6,3,16,7,115.48,0,69,2,4,115.48,0.00,0.75,0.42,2,0.00,5,1575.42,0,2,5,org.apache.lucene.index.DocsAndPositionsEnum,1.33,8,3,14,0,8,6,0,0,338,1
"org.apache.lucene.store.instantiated.InstantiatedDocsEnum",5,0.38,2.20,36,0.39,15113.73,9,4,2,11,6,111.89,0,51,2,3,111.89,0.00,0.67,0.55,2,0.00,5,1178.94,0,1,4,org.apache.lucene.index.DocsEnum,0.92,6,2,11,0,6,4,0,0,250,1
"org.apache.lucene.store.instantiated.InstantiatedDocument",8,0.19,1.00,20,0.15,1804.70,11,3,3,10,7,191.24,13,30,6,1,141.24,0.00,0.00,0.17,0,28.00,1,459.45,0,4,2,java.lang.Object,0.00,2,0,8,0,2,4,0,7,127,1
"org.apache.lucene.store.instantiated.InstantiatedIndex",21,0.03,2.90,202,3.60,463344.91,28,7,25,96,28,140.84,44,244,6,1,100.95,0.00,0.00,0.12,4,163.00,40,10805.42,0,8,24,java.lang.Object,0.00,75,0,61,0,75,13,1,16,1615,1
"org.apache.lucene.store.instantiated.InstantiatedIndexReader",26,0.11,2.42,157,2.47,132732.94,30,4,19,72,20,152.46,64,227,4,2,112.57,0.00,0.50,0.14,2,202.00,12,7395.71,0,9,17,org.apache.lucene.index.IndexReader,0.26,46,1,63,0,46,17,0,16,1450,1
"org.apache.lucene.store.instantiated.InstantiatedIndexReader$Bits",2,0.00,1.00,5,0.06,1477.41,2,0,19,4,0,137.18,0,8,0,1,137.18,0.00,0.00,0.00,0,2.00,1,190.32,0,0,0,java.lang.Object,0.00,2,0,2,0,2,2,0,0,51,0
"org.apache.lucene.store.instantiated.InstantiatedIndexReader$Fields",2,0.00,2.50,19,0.27,17286.11,2,0,19,11,4,154.19,3,26,0,1,104.19,0.00,0.00,0.00,0,2.00,4,810.38,0,2,4,java.lang.Object,0.00,9,0,5,0,9,0,0,3,154,0
"org.apache.lucene.store.instantiated.InstantiatedIndexReader$Fields$FieldsEnum",2,1.00,1.50,13,0.11,3403.77,4,2,19,5,2,116.44,0,18,0,1,116.44,0.00,0.00,1.00,0,0.00,2,342.94,0,2,2,java.lang.Object,0.00,3,0,3,0,3,0,0,0,81,0
"org.apache.lucene.store.instantiated.InstantiatedIndexReader$Fields$Terms",6,0.00,1.00,13,0.11,1479.43,6,0,19,8,3,140.93,2,25,0,1,140.93,0.00,0.00,0.00,0,6.00,1,315.31,0,2,3,java.lang.Object,0.00,2,0,6,0,2,4,0,2,88,0
"org.apache.lucene.store.instantiated.InstantiatedIndexReader$NormUpdate",1,2.00,1.00,6,0.04,518.92,3,2,19,1,0,120.59,0,9,0,1,120.59,0.00,0.00,0.00,0,1.00,1,121.53,0,0,0,java.lang.Object,0.00,0,0,1,0,0,1,0,0,35,2
"org.apache.lucene.store.instantiated.InstantiatedIndexWriter",22,0.03,3.82,318,6.42,952433.20,31,9,31,171,22,59.21,139,368,3,1,91.43,0.00,0.00,0.09,4,174.00,34,19270.25,0,3,20,java.lang.Object,0.00,149,0,84,0,149,19,1,80,2827,1
"org.apache.lucene.store.instantiated.InstantiatedIndexWriter$Comparator<InstantiatedTermDocumentInformation>",1,0.00,1.00,3,0.04,626.40,1,0,31,4,1,131.18,0,4,0,1,131.18,0.00,0.00,0.00,0,1.00,1,123.26,0,0,1,java.lang.Object,0.00,3,0,1,0,3,1,0,0,35,0
"org.apache.lucene.store.instantiated.InstantiatedIndexWriter$FieldSetting",2,6.00,1.00,10,0.09,1192.24,8,6,31,2,1,123.07,0,13,0,2,123.07,0.00,0.50,0.00,0,2.00,1,274.84,0,0,1,org.apache.lucene.store.instantiated.FieldSetting,0.33,0,1,2,0,0,2,0,0,65,1
"org.apache.lucene.store.instantiated.InstantiatedIndexWriter$TermDocumentInformationFactory",0,0.00,0.00,4,0.07,2126.66,3,3,31,1,1,171.00,0,5,0,1,171.00,0.00,0.00,0.00,0,0.00,0,212.67,0,0,1,java.lang.Object,0.00,1,0,0,0,1,0,0,0,51,1
"org.apache.lucene.store.instantiated.InstantiatedTerm",18,0.13,1.67,81,0.86,94381.84,22,4,2,26,11,119.37,82,103,10,1,119.13,0.00,0.00,0.12,3,130.00,10,2593.78,0,4,2,java.lang.Object,0.00,8,0,30,0,8,14,0,30,571,1
"org.apache.lucene.store.instantiated.InstantiatedTerm$Comparator<InstantiatedTerm>",1,0.00,1.00,3,0.03,432.92,1,0,2,3,1,132.44,0,4,0,1,132.44,0.00,0.00,0.00,0,1.00,1,101.06,0,0,1,java.lang.Object,0.00,2,0,1,0,2,1,0,0,29,0
"org.apache.lucene.store.instantiated.InstantiatedTerm$Comparator<Object>",1,0.00,1.00,3,0.04,424.19,1,0,2,3,2,132.51,0,4,0,1,132.51,0.00,0.00,0.00,0,1.00,1,113.42,0,0,2,java.lang.Object,0.00,2,0,1,0,2,1,0,0,31,0
"org.apache.lucene.store.instantiated.InstantiatedTermDocumentInformation",10,0.11,1.00,35,0.29,6264.47,15,5,2,12,13,131.41,44,46,12,1,131.18,0.00,0.00,0.10,0,50.00,1,855.24,0,2,3,java.lang.Object,0.00,2,0,10,0,2,8,0,14,214,1
"org.apache.lucene.store.instantiated.InstantiatedTermDocumentInformation$Comparator",1,0.00,1.00,5,0.05,859.46,1,0,2,4,1,121.82,0,6,0,1,121.82,0.00,0.00,0.00,0,1.00,1,160.93,0,0,1,java.lang.Object,0.00,3,0,1,0,3,1,0,0,40,0
"org.apache.lucene.store.instantiated.InstantiatedTermDocumentInformation$Comparator<InstantiatedTermDocumentInformation>",1,0.00,1.00,3,0.04,626.40,1,0,2,4,1,131.18,0,4,0,1,131.18,0.00,0.00,0.00,0,1.00,1,123.26,0,0,1,java.lang.Object,0.00,3,0,1,0,3,1,0,0,35,0
"org.apache.lucene.store.instantiated.InstantiatedTermDocumentInformation$Comparator<InstantiatedTermDocumentInformation>_0",1,0.00,1.00,3,0.04,568.83,1,0,2,4,1,131.51,0,4,0,1,131.51,0.00,0.00,0.00,0,1.00,1,126.26,0,0,1,java.lang.Object,0.00,3,0,1,0,3,1,0,0,35,0
"org.apache.lucene.store.instantiated.InstantiatedTermFreqVector",9,0.09,1.89,52,0.57,20642.62,13,4,4,22,5,138.93,28,60,1,1,118.32,0.00,0.00,0.33,0,9.00,4,1699.30,0,4,4,java.lang.Object,0.00,13,0,17,1,13,5,1,8,366,1
"org.apache.lucene.store.instantiated.InstantiatedTermPositionVector",3,0.00,1.00,7,0.07,845.96,3,0,2,6,5,190.48,5,13,1,2,140.48,0.00,0.50,0.00,0,3.00,1,207.64,1,1,4,org.apache.lucene.store.instantiated.InstantiatedTermFreqVector,0.00,3,1,3,0,3,2,1,1,59,1
"org.apache.lucene.store.instantiated.InstantiatedTermsEnum",14,0.25,1.57,73,0.88,26701.49,19,5,11,31,13,118.99,1,108,2,2,118.99,0.00,0.50,0.43,1,0.00,3,2645.82,0,7,11,org.apache.lucene.index.TermsEnum,0.55,17,1,22,0,17,7,0,1,567,1
"org.apache.lucene.store.instantiated.TestEmptyIndex",5,0.00,1.20,40,0.44,8967.94,5,0,13,24,12,111.65,2,47,0,2,111.65,0.00,0.50,0.00,2,5.00,2,1331.38,0,0,12,org.apache.lucene.util.LuceneTestCase,0.00,19,1,6,0,19,5,0,2,284,1
"org.apache.lucene.store.instantiated.TestIndicesEquals",8,0.00,6.75,316,6.10,739072.54,8,0,32,101,27,54.23,46,344,0,2,72.11,0.00,0.50,0.00,5,8.00,32,18310.31,0,2,27,org.apache.lucene.util.LuceneTestCase,0.00,93,1,54,0,93,6,0,38,2823,1
"org.apache.lucene.store.instantiated.TestIndicesEquals$Comparator<TermFreqVector>",1,0.00,1.00,3,0.03,432.92,1,0,32,3,1,132.44,0,4,0,1,132.44,0.00,0.00,0.00,0,1.00,1,101.06,0,0,1,java.lang.Object,0.00,2,0,1,0,2,1,0,0,29,0
"org.apache.lucene.store.instantiated.TestIndicesEquals$Comparator<TermFreqVector>_0",1,0.00,1.00,3,0.03,432.92,1,0,32,3,1,132.44,0,4,0,1,132.44,0.00,0.00,0.00,0,1.00,1,101.06,0,0,1,java.lang.Object,0.00,2,0,1,0,2,1,0,0,29,0
"org.apache.lucene.store.instantiated.TestIndicesEquals$TokenStream",2,0.50,1.50,11,0.12,2208.14,4,2,32,7,3,120.87,0,16,0,1,120.87,0.00,0.00,0.75,0,0.00,2,374.34,0,0,3,java.lang.Object,0.00,5,0,3,0,5,2,0,0,86,0
"org.apache.lucene.store.instantiated.TestMultiSegmentReaderOnConstructor",2,0.00,1.50,27,0.36,11227.94,2,0,10,19,8,139.72,4,32,0,2,99.83,0.00,0.50,0.00,1,2.00,2,1079.37,0,0,8,org.apache.lucene.util.LuceneTestCase,0.00,17,1,3,0,17,2,0,2,206,1
"org.apache.lucene.store.instantiated.TestRealTime",1,0.00,1.00,23,0.29,8030.57,1,0,8,15,9,57.23,6,25,0,2,89.46,0.00,0.50,0.00,0,1.00,1,875.39,0,0,9,org.apache.lucene.util.LuceneTestCase,0.00,14,1,1,0,14,1,0,1,173,1
"org.apache.lucene.store.instantiated.TestRealTime$Collector",4,1.00,1.00,8,0.08,907.54,5,1,8,4,2,141.22,0,13,0,2,141.22,0.00,0.50,0.25,0,6.00,1,236.47,0,0,2,org.apache.lucene.search.Collector,0.50,0,1,4,0,0,4,0,0,66,2
"org.apache.lucene.analysis.pattern.PatternReplaceCharFilter",11,0.05,2.82,98,1.23,74306.73,22,11,6,31,4,146.80,28,126,2,5,106.92,0.00,0.80,0.14,3,68.00,7,3693.45,2,2,2,org.apache.lucene.analysis.charfilter.BaseCharFilter,0.21,20,4,31,0,20,9,0,7,734,1
"org.apache.lucene.analysis.pattern.PatternReplaceFilter",2,0.60,3.00,19,0.25,5625.36,7,5,6,10,5,70.43,24,27,2,4,107.99,0.00,0.75,0.50,0,0.00,4,736.35,0,0,3,org.apache.lucene.analysis.TokenFilter,0.29,8,3,6,0,8,2,0,3,155,2
"org.apache.lucene.analysis.pattern.PatternTokenizer",5,0.31,2.60,57,0.74,46102.16,13,8,7,17,5,58.42,36,72,2,4,100.71,0.00,0.75,0.38,1,0.00,8,2211.50,2,0,3,org.apache.lucene.analysis.Tokenizer,0.36,12,3,13,0,12,5,0,10,440,2
"org.apache.lucene.analysis.pattern.TestPatternReplaceCharFilter",10,0.00,1.00,66,1.25,23941.27,10,0,8,15,6,135.98,34,94,0,3,115.36,0.00,0.67,0.00,1,10.00,1,3761.41,1,1,6,org.apache.lucene.analysis.BaseTokenStreamTestCase,0.00,5,2,10,0,5,9,0,32,695,1
"org.apache.lucene.analysis.pattern.TestPatternReplaceFilter",5,0.00,1.00,21,0.40,6548.97,5,0,5,9,4,123.99,2,47,0,3,123.99,0.00,0.67,0.00,0,5.00,1,1195.36,1,0,4,org.apache.lucene.analysis.BaseTokenStreamTestCase,0.00,4,2,5,0,4,5,0,1,246,1
"org.apache.lucene.analysis.pattern.TestPatternTokenizer",3,0.00,2.00,37,0.70,25100.18,3,0,12,24,8,57.40,21,56,0,3,99.70,0.00,0.67,0.00,1,3.00,3,2088.98,1,1,8,org.apache.lucene.analysis.BaseTokenStreamTestCase,0.00,21,2,6,0,21,2,0,11,377,1
"org.apache.lucene.analysis.id.IndonesianAnalyzer",5,0.50,1.80,21,0.28,6647.49,7,2,13,15,11,73.81,46,31,1,3,123.81,0.00,0.67,0.10,0,8.00,3,832.81,0,2,10,org.apache.lucene.analysis.util.StopwordAnalyzerBase,0.00,10,2,9,0,10,3,0,8,186,2
"org.apache.lucene.analysis.id.IndonesianAnalyzer$DefaultSetHolder",0,0.00,0.00,6,0.05,853.95,1,1,13,0,1,171.00,2,10,0,1,171.00,0.00,0.00,0.00,0,0.00,0,164.39,0,0,1,java.lang.Object,0.00,0,0,0,0,0,0,0,2,40,2
"org.apache.lucene.analysis.id.IndonesianStemFilter",3,0.12,1.67,18,0.20,4286.50,7,4,5,10,9,117.25,12,26,4,4,117.01,0.00,0.75,0.33,0,4.00,3,593.46,0,0,5,org.apache.lucene.analysis.TokenFilter,0.27,7,3,5,0,7,3,0,3,133,2
"org.apache.lucene.analysis.id.IndonesianStemmer",8,0.27,5.75,142,1.80,131467.05,17,9,1,11,1,131.39,17,202,1,1,91.50,0.00,0.00,0.35,1,0.00,15,5407.45,0,0,0,java.lang.Object,0.00,3,0,46,0,3,8,0,5,1065,1
"org.apache.lucene.analysis.id.TestIndonesianAnalyzer",4,0.00,1.00,16,0.17,3041.77,4,0,5,8,3,175.85,7,22,0,3,125.85,0.00,0.67,0.00,0,4.00,1,524.56,3,0,3,org.apache.lucene.analysis.BaseTokenStreamTestCase,0.00,4,2,4,0,4,4,0,6,121,1
"org.apache.lucene.analysis.id.TestIndonesianStemmer",4,0.00,1.00,75,0.82,13975.62,4,0,6,6,4,136.16,8,82,0,3,96.27,0.00,0.67,0.00,0,4.00,1,2474.19,2,0,4,org.apache.lucene.analysis.BaseTokenStreamTestCase,0.00,2,2,4,0,2,4,0,6,449,1
"org.apache.lucene.analysis.id.TestIndonesianStemmer$Analyzer",1,0.00,1.00,4,0.05,753.46,1,0,6,4,3,125.89,0,6,0,1,125.89,0.00,0.00,0.00,0,1.00,1,135.44,0,1,3,java.lang.Object,0.00,3,0,1,0,3,0,0,0,34,0
"org.apache.lucene.analysis.id.TestIndonesianStemmer$Analyzer_0",1,0.00,1.00,4,0.05,771.22,1,0,6,4,3,125.81,0,6,0,1,125.81,0.00,0.00,0.00,0,1.00,1,141.98,0,1,3,java.lang.Object,0.00,3,0,1,0,3,0,0,0,35,0
"org.apache.lucene.facet.example.multiCL.MultiCLIndexer",4,0.00,2.25,71,1.17,47284.50,10,6,20,30,18,92.37,67,94,2,1,92.84,0.00,0.00,0.17,1,6.00,5,3497.86,0,0,16,java.lang.Object,0.00,26,0,9,0,26,4,0,30,648,1
"org.apache.lucene.facet.example.multiCL.MultiCLMain",2,0.00,1.00,14,0.16,3770.78,2,0,6,10,9,93.54,28,18,2,1,113.68,0.00,0.00,0.00,0,2.00,1,469.95,0,1,7,java.lang.Object,0.00,8,0,2,0,8,1,0,5,100,1
"org.apache.lucene.facet.example.multiCL.MultiCLSearcher",2,0.00,1.50,25,0.43,17595.97,2,0,19,19,21,147.42,54,35,3,1,99.59,0.00,0.00,0.00,1,2.00,2,1302.62,0,2,18,java.lang.Object,0.00,17,0,3,0,17,0,0,23,231,1
"org.apache.lucene.index.memory.MemoryIndex",13,0.03,3.31,159,2.42,167545.47,18,5,45,66,36,137.40,278,193,2,1,98.10,0.00,0.00,0.17,3,36.00,14,7250.63,0,4,34,java.lang.Object,0.00,53,0,43,0,53,9,0,54,1292,1
"org.apache.lucene.index.memory.MemoryIndex$ArrayIntList",10,0.17,1.80,53,0.59,24503.24,12,2,45,17,0,118.10,4,60,0,1,118.10,0.00,0.00,0.65,4,0.00,4,1765.44,0,1,0,java.lang.Object,0.00,7,0,18,0,7,9,0,4,385,3
"org.apache.lucene.index.memory.MemoryIndex$Collector",4,1.00,1.00,9,0.08,1124.03,5,1,45,5,1,140.49,0,16,0,1,140.49,0.00,0.00,0.25,0,6.00,1,254.77,0,0,1,java.lang.Object,0.00,1,0,4,0,1,4,0,0,69,0
"org.apache.lucene.index.memory.MemoryIndex$Comparator<Object>",1,0.00,12.00,6,0.14,7177.07,1,0,45,3,0,111.04,0,8,0,1,111.04,0.00,0.00,0.00,0,1.00,12,433.33,0,0,0,java.lang.Object,0.00,2,0,12,0,2,1,0,0,94,0
"org.apache.lucene.index.memory.MemoryIndex$Info",6,0.03,1.33,28,0.29,6617.64,13,7,45,10,1,145.13,19,35,0,1,124.52,0.00,0.00,0.17,0,18.00,2,874.52,0,0,1,java.lang.Object,0.00,4,0,8,0,4,6,0,9,195,3
"org.apache.lucene.index.memory.MemoryIndex$MemoryIndexReader",25,0.17,2.24,125,1.85,78847.41,30,5,45,58,12,117.19,13,177,0,2,117.19,0.00,0.50,0.04,3,115.00,6,5557.29,0,10,12,org.apache.lucene.index.IndexReader,0.19,33,1,56,0,33,15,0,13,1104,2
"org.apache.lucene.index.memory.MemoryIndex$MemoryIndexReader$Fields",2,0.00,1.50,11,0.09,1949.40,2,0,45,7,2,121.30,0,16,0,1,121.30,0.00,0.00,0.00,0,2.00,2,272.88,0,2,2,java.lang.Object,0.00,5,0,3,0,5,0,0,0,62,0
"org.apache.lucene.index.memory.MemoryIndex$MemoryIndexReader$Fields$FieldsEnum",2,0.00,1.50,9,0.08,1561.81,3,1,45,3,1,125.67,0,14,0,1,125.67,0.00,0.00,1.00,0,0.00,2,243.30,0,2,1,java.lang.Object,0.00,1,0,3,0,1,0,0,0,61,0
"org.apache.lucene.index.memory.MemoryIndex$MemoryIndexReader$Fields$Terms",6,0.00,1.17,13,0.13,2083.32,6,0,45,9,1,139.73,1,25,0,1,139.73,0.00,0.00,0.00,0,6.00,2,392.67,0,2,1,java.lang.Object,0.00,3,0,7,0,3,4,0,1,104,0
"org.apache.lucene.index.memory.MemoryIndex$MemoryIndexReader$MemoryDocsAndPositionsEnum",8,0.04,1.12,29,0.22,3526.06,12,4,45,11,1,132.35,0,47,0,4,132.35,0.00,0.75,0.22,1,20.00,2,662.50,0,2,1,org.apache.lucene.index.DocsAndPositionsEnum,1.33,3,3,9,0,3,6,0,0,170,1
"org.apache.lucene.index.memory.MemoryIndex$MemoryIndexReader$MemoryDocsEnum",5,0.08,1.20,21,0.16,2839.60,8,3,45,7,1,126.81,0,32,0,3,126.81,0.00,0.67,0.27,1,10.00,2,483.20,0,1,1,org.apache.lucene.index.DocsEnum,0.92,2,2,6,0,2,4,0,0,123,1
"org.apache.lucene.index.memory.MemoryIndex$MemoryIndexReader$MemoryTermsEnum",14,0.15,1.43,61,0.72,20449.46,17,3,45,26,5,123.54,1,95,0,2,123.54,0.00,0.50,0.48,1,0.00,3,2164.11,0,7,5,org.apache.lucene.index.TermsEnum,0.55,12,1,20,0,12,7,0,1,479,1
"org.apache.lucene.index.memory.MemoryIndex$MemoryIndexReader$TermPositionVector",8,0.29,1.75,48,0.56,27248.67,9,1,45,15,1,114.03,3,49,0,1,114.03,0.00,0.00,0.75,0,0.00,3,1665.39,0,3,1,java.lang.Object,0.00,7,0,14,0,7,5,0,3,361,0
"org.apache.lucene.index.memory.MemoryIndex$MemoryIndexReader$VM",11,0.04,1.00,33,0.47,12536.60,22,11,45,13,1,179.13,14,45,0,1,129.13,0.00,0.00,0.12,2,8.00,1,1419.81,0,0,1,java.lang.Object,0.00,2,0,11,0,2,11,0,11,329,3
"org.apache.lucene.index.memory.MemoryIndex$TokenStream",1,0.00,3.00,15,0.22,6014.99,5,4,45,12,2,147.12,1,18,0,1,97.12,0.00,0.00,1.00,0,0.00,3,653.98,0,0,2,java.lang.Object,0.00,11,0,3,0,11,1,0,1,129,0
"org.apache.lucene.index.memory.MemoryIndexTest",7,0.28,2.00,79,1.16,40528.82,10,3,23,47,18,102.60,32,89,0,3,102.36,0.00,0.67,0.10,4,17.00,3,3485.42,1,3,18,org.apache.lucene.analysis.BaseTokenStreamTestCase,0.00,40,2,14,0,40,4,0,12,647,1
"org.apache.lucene.spatial.geometry.CartesianPoint",7,0.08,1.71,28,0.27,6933.17,9,2,0,9,2,174.83,12,44,2,1,124.83,0.00,0.00,0.57,0,0.00,6,809.00,0,2,0,java.lang.Object,0.00,2,0,12,0,2,5,0,2,199,1
"org.apache.lucene.spatial.geometry.DistanceUnits",6,0.10,1.67,26,0.24,5584.61,10,4,0,11,7,92.82,40,37,7,1,125.05,0.00,0.00,0.17,0,22.00,3,725.98,0,2,0,java.lang.Object,0.00,5,0,10,0,5,4,0,7,175,1
"org.apache.lucene.spatial.geometry.FixedLatLng",19,0.02,1.58,66,0.72,22147.06,24,5,0,25,3,128.95,5,112,3,2,128.95,0.00,0.50,0.22,4,91.00,6,2162.24,0,5,2,org.apache.lucene.spatial.geometry.LatLng,0.58,6,1,30,0,6,14,0,1,510,1
"org.apache.lucene.spatial.geometry.FloatLatLng",15,0.07,1.73,59,0.73,26415.60,18,3,0,23,7,127.52,5,100,7,2,127.52,0.00,0.50,0.27,1,40.00,6,2186.35,0,4,2,org.apache.lucene.spatial.geometry.LatLng,0.65,8,1,26,0,8,11,0,1,496,1
"org.apache.lucene.spatial.geometry.LatLng",19,0.00,1.21,41,0.59,26319.68,19,0,0,31,9,174.87,53,62,7,1,134.99,0.00,0.00,0.00,3,19.00,5,1784.62,0,5,4,java.lang.Object,0.00,12,0,23,2,12,14,0,14,398,2
"org.apache.lucene.spatial.geometry.TestDistanceUnits",3,0.00,1.33,13,0.18,5760.14,3,0,2,8,1,104.75,15,22,0,2,122.62,0.00,0.50,0.00,0,3.00,2,551.81,0,0,1,org.apache.lucene.util.LuceneTestCase,0.00,5,1,4,0,5,3,0,5,134,1
"org.apache.lucene.index.codecs.sep.IntIndexInput",3,0.00,1.00,6,0.05,369.35,3,0,4,3,13,183.20,6,7,11,1,143.31,0.00,0.00,0.00,0,3.00,1,135.12,0,0,2,java.lang.Object,0.00,0,0,3,3,0,3,1,2,43,2
"org.apache.lucene.index.codecs.sep.IntIndexInput$Index",4,0.00,1.00,5,0.05,413.38,4,0,4,4,1,155.14,1,7,0,1,155.14,0.00,0.00,0.00,0,4.00,1,152.55,0,1,1,java.lang.Object,0.00,0,0,4,0,0,3,0,1,47,3
"org.apache.lucene.index.codecs.sep.IntIndexInput$Reader",2,1.00,2.00,16,0.13,6465.90,3,1,4,4,1,159.52,3,17,0,1,109.52,0.00,0.00,0.50,0,2.00,3,400.60,0,1,1,java.lang.Object,0.00,2,0,4,0,2,1,0,3,89,3
"org.apache.lucene.index.codecs.sep.IntIndexOutput",3,0.00,1.00,5,0.04,326.68,3,0,3,3,9,175.57,11,6,8,1,154.96,0.00,0.00,0.00,0,3.00,1,122.43,0,1,1,java.lang.Object,0.00,0,0,3,3,0,2,1,3,39,2
"org.apache.lucene.index.codecs.sep.IntIndexOutput$Index",3,0.00,1.00,4,0.04,313.87,3,0,3,3,1,205.10,4,5,0,1,155.10,0.00,0.00,0.00,0,3.00,1,125.55,0,0,1,java.lang.Object,0.00,0,0,3,0,0,3,0,3,38,3
"org.apache.lucene.index.codecs.sep.IntStreamFactory",2,0.00,1.00,4,0.05,495.07,2,0,3,2,9,190.92,2,6,5,1,140.92,0.00,0.00,0.00,1,2.00,1,143.05,0,1,4,java.lang.Object,0.00,0,0,2,4,0,1,0,2,39,2
"org.apache.lucene.index.codecs.sep.SepDocValuesConsumer",3,1.00,2.00,20,0.38,15935.57,4,1,10,9,9,162.48,5,47,1,3,112.48,0.00,0.67,0.33,0,4.00,4,1136.64,1,1,8,org.apache.lucene.index.codecs.DocValuesWriterBase,0.23,6,2,6,0,6,2,0,2,208,1
"org.apache.lucene.index.codecs.sep.SepDocValuesProducer",3,0.50,1.33,8,0.12,1974.00,4,1,9,4,5,177.40,8,14,1,3,137.51,0.00,0.67,0.67,0,1.00,2,353.35,0,1,4,org.apache.lucene.index.codecs.DocValuesReaderBase,0.23,1,2,4,0,1,2,0,2,86,1
"org.apache.lucene.index.codecs.sep.SepPostingsReader",9,0.16,3.78,115,1.69,77865.73,17,8,19,35,24,139.32,25,165,5,2,99.43,0.00,0.50,0.26,1,14.00,8,5069.92,0,3,19,org.apache.lucene.index.codecs.PostingsReaderBase,0.25,26,1,34,0,26,6,0,21,979,1
"org.apache.lucene.index.codecs.sep.SepPostingsReader$SepDocsAndPositionsEnum",9,0.30,2.89,142,1.57,72189.98,35,26,19,31,8,96.38,36,185,0,4,96.14,0.00,0.75,0.30,1,0.00,6,4720.57,0,2,8,org.apache.lucene.index.DocsAndPositionsEnum,1.27,22,3,26,0,22,7,0,36,873,0
"org.apache.lucene.index.codecs.sep.SepPostingsReader$SepDocsEnum",7,0.40,3.29,101,1.09,41576.74,25,18,19,19,6,118.87,21,140,0,3,98.26,0.00,0.67,0.40,1,0.00,7,3279.74,0,1,6,org.apache.lucene.index.DocsEnum,1.00,12,2,23,0,12,6,0,21,622,0
"org.apache.lucene.index.codecs.sep.SepPostingsReader$SepTermState",3,0.50,2.67,37,0.39,17060.26,10,7,19,7,4,140.84,8,50,0,4,100.95,0.00,0.75,0.48,0,1.00,6,1175.35,2,2,4,org.apache.lucene.index.codecs.BlockTermState,0.80,4,3,8,0,4,1,0,8,252,3
"org.apache.lucene.index.codecs.sep.SepPostingsWriter",11,0.19,3.09,190,2.70,155429.58,44,33,16,48,20,92.40,49,240,5,3,92.16,0.00,0.67,0.20,0,0.00,9,8105.92,0,0,15,org.apache.lucene.index.codecs.PostingsWriterBase,0.71,37,2,34,0,37,11,0,37,1401,2
"org.apache.lucene.index.codecs.sep.SepPostingsWriter$PendingTerm",1,5.00,1.00,12,0.12,2782.76,6,5,16,1,0,103.62,0,14,0,1,103.62,0.00,0.00,0.00,0,1.00,1,367.59,0,0,0,java.lang.Object,0.00,0,0,1,0,0,1,0,0,91,2
"org.apache.lucene.index.codecs.sep.SepSkipListReader",11,0.25,2.82,104,1.15,56095.86,23,12,5,16,5,155.97,16,145,2,2,105.97,0.00,0.50,0.31,0,22.00,8,3464.58,3,3,3,org.apache.lucene.index.codecs.MultiLevelSkipListReader,0.18,5,1,31,0,5,8,0,9,689,0
"org.apache.lucene.index.codecs.sep.SepSkipListWriter",7,0.26,3.00,91,1.07,55045.13,21,14,5,14,4,66.30,43,111,1,2,98.52,0.00,0.50,0.30,0,5.00,6,3198.57,1,0,3,org.apache.lucene.index.codecs.MultiLevelSkipListWriter,0.00,7,1,21,0,7,7,0,36,620,0
"org.apache.solr.handler.extraction.ExtractingDocumentLoader",4,0.33,4.25,99,1.82,112705.45,16,12,35,58,17,36.04,34,125,2,2,84.14,0.00,0.50,0.33,2,4.00,14,5450.49,0,0,15,org.apache.solr.handler.ContentStreamLoader,0.00,54,1,17,0,54,4,0,16,826,1
"org.apache.solr.handler.extraction.ExtractingMetadataConstants",0,0.00,0.00,5,0.04,368.22,4,4,0,0,1,171.00,4,6,1,1,171.00,0.00,0.00,0.00,0,0.00,0,113.30,0,0,0,,0.00,0,0,0,0,0,0,0,1,29,1
"org.apache.solr.handler.extraction.ExtractingParams",0,0.00,0.00,15,0.23,3397.43,14,14,0,0,3,171.00,92,16,3,1,171.00,0.00,0.00,0.00,0,0.00,0,677.23,0,0,0,,0.00,0,0,0,0,0,0,0,15,130,1
"org.apache.solr.handler.extraction.ExtractingRequestHandler",9,0.00,2.00,47,0.68,27027.97,15,6,20,28,12,117.38,7,74,1,3,117.38,0.00,0.67,0.17,0,22.00,10,2048.38,1,7,11,org.apache.solr.handler.ContentStreamHandlerBase,0.52,19,2,18,0,19,2,1,3,391,1
"org.apache.solr.handler.extraction.ExtractingRequestHandlerTest",13,0.00,1.31,147,2.77,87438.02,13,0,18,36,13,141.83,38,317,0,3,101.95,0.00,0.67,0.00,1,0.00,3,8311.66,10,1,13,org.apache.solr.SolrTestCaseJ4,0.04,23,2,17,0,23,12,0,35,1444,1
"org.apache.solr.handler.extraction.SolrContentHandler",15,0.06,2.93,152,2.08,108079.87,29,14,14,62,9,85.20,81,184,2,2,103.07,0.00,0.50,0.13,7,104.00,14,6225.02,0,3,7,org.xml.sax.helpers.DefaultHandler,0.00,47,1,44,0,47,12,1,32,1158,1
"org.apache.solr.handler.extraction.SolrContentHandlerFactory",2,1.00,1.00,6,0.06,794.73,3,1,4,3,5,172.62,4,10,2,1,132.73,0.00,0.00,0.50,0,2.00,1,175.16,0,1,3,java.lang.Object,0.00,1,0,2,0,1,1,0,1,47,1
"org.apache.lucene.search.grouping.term.TermAllGroupHeadsCollector",4,0.20,2.25,32,0.40,13726.17,9,5,7,11,13,61.18,33,38,7,3,109.29,2.00,0.29,0.05,2,6.00,6,1208.60,0,2,6,org.apache.lucene.search.grouping.AbstractAllGroupHeadsCollector,0.00,7,2,9,4,7,2,0,6,249,2
"org.apache.lucene.search.grouping.term.TermAllGroupHeadsCollector$GeneralAllGroupHeadsCollector",5,0.08,2.80,46,0.58,19257.73,8,3,7,18,5,106.93,1,49,0,4,106.93,0.00,0.75,0.27,0,1.00,4,1753.99,0,1,5,org.apache.lucene.search.grouping.term.TermAllGroupHeadsCollector,0.47,13,3,14,0,13,4,0,1,354,1
"org.apache.lucene.search.grouping.term.TermAllGroupHeadsCollector$GeneralAllGroupHeadsCollector$GroupHead",3,0.50,1.67,22,0.28,9118.20,4,1,7,12,4,111.93,0,24,0,2,111.93,0.00,0.50,0.67,0,1.00,2,839.42,0,0,4,AbstractAllGroupHeadsCollector.GroupHead,0.00,9,1,5,0,9,3,0,0,173,0
"org.apache.lucene.search.grouping.term.TermAllGroupHeadsCollector$GeneralAllGroupHeadsCollector$OrdScoreAllGroupHeadsCollector",5,0.29,3.00,65,0.88,39900.21,11,6,7,22,7,98.47,2,69,0,4,98.47,0.00,0.75,0.40,0,0.00,7,2644.98,0,1,7,org.apache.lucene.search.grouping.term.TermAllGroupHeadsCollector,0.47,17,3,15,0,17,4,0,2,494,1
"org.apache.lucene.search.grouping.term.TermAllGroupHeadsCollector$GeneralAllGroupHeadsCollector$OrdScoreAllGroupHeadsCollector$GroupHead_0",3,1.00,3.67,42,0.57,24097.64,6,3,7,5,1,97.20,1,47,0,2,97.20,0.00,0.50,1.00,0,0.00,5,1724.52,0,0,1,AbstractAllGroupHeadsCollector.GroupHead,0.00,2,1,11,0,2,3,0,1,331,0
"org.apache.lucene.search.grouping.term.TermAllGroupHeadsCollector$GeneralAllGroupHeadsCollector$OrdScoreAllGroupHeadsCollector$OrdAllGroupHeadsCollector",5,0.35,2.60,59,0.79,32886.10,10,5,7,21,7,101.87,2,61,0,4,101.87,0.00,0.75,0.48,0,0.00,5,2364.23,0,1,7,org.apache.lucene.search.grouping.term.TermAllGroupHeadsCollector,0.47,16,3,13,0,16,4,0,2,449,1
"org.apache.lucene.search.grouping.term.TermAllGroupHeadsCollector$GeneralAllGroupHeadsCollector$OrdScoreAllGroupHeadsCollector$OrdAllGroupHeadsCollector$GroupHead_1",3,0.75,2.00,26,0.33,12316.94,5,2,7,5,1,108.70,1,27,0,2,108.70,0.00,0.50,1.00,0,0.00,2,1002.75,0,0,1,AbstractAllGroupHeadsCollector.GroupHead,0.00,2,1,6,0,2,3,0,1,213,0
"org.apache.lucene.search.grouping.term.TermAllGroupHeadsCollector$GeneralAllGroupHeadsCollector$OrdScoreAllGroupHeadsCollector$OrdAllGroupHeadsCollector$ScoreAllGroupHeadsCollector",5,0.20,2.20,48,0.61,21802.39,10,5,7,20,6,106.56,1,55,0,4,106.56,0.00,0.75,0.36,0,0.00,3,1824.89,0,1,6,org.apache.lucene.search.grouping.term.TermAllGroupHeadsCollector,0.47,15,3,11,0,15,4,0,1,359,1
"org.apache.lucene.search.grouping.term.TermAllGroupHeadsCollector$GeneralAllGroupHeadsCollector$OrdScoreAllGroupHeadsCollector$OrdAllGroupHeadsCollector$ScoreAllGroupHeadsCollector$GroupHead_2",3,0.00,2.33,26,0.26,8395.37,4,1,7,3,1,109.97,0,27,0,2,109.97,0.00,0.50,1.00,0,0.00,3,790.41,0,0,1,AbstractAllGroupHeadsCollector.GroupHead,0.00,0,1,7,0,0,3,0,0,169,0
"org.apache.lucene.search.grouping.term.TermAllGroupsCollector",5,0.25,1.80,29,0.36,8383.64,11,6,9,16,9,77.11,36,37,4,3,119.40,0.00,0.67,0.37,0,0.00,3,1072.33,0,1,5,org.apache.lucene.search.grouping.AbstractAllGroupsCollector,0.46,11,2,9,0,11,4,0,5,226,1
"org.apache.lucene.search.grouping.term.TermFirstPassGroupingCollector",4,0.00,1.75,21,0.24,6787.27,7,3,6,9,7,101.49,23,30,3,3,119.37,0.00,0.67,0.33,0,4.00,3,715.46,1,2,4,org.apache.lucene.search.grouping.AbstractFirstPassGroupingCollector,0.18,5,2,7,0,5,2,0,2,164,1
"org.apache.lucene.search.grouping.term.TermSecondPassGroupingCollector",3,0.50,2.33,25,0.42,12876.83,7,4,9,12,9,129.13,9,35,3,3,108.51,0.00,0.67,0.58,0,0.00,4,1261.74,1,1,6,org.apache.lucene.search.grouping.AbstractSecondPassGroupingCollector,0.21,9,2,7,0,9,2,0,3,242,1
"org.apache.solr.client.solrj.LargeVolumeTestBase",2,0.00,2.00,30,0.35,12017.18,4,2,8,15,9,97.45,9,31,3,4,97.21,1.00,0.43,0.50,1,2.00,3,1049.20,1,0,6,org.apache.solr.SolrJettyTestBase,0.00,13,3,4,3,13,2,0,6,206,2
"org.apache.solr.client.solrj.LargeVolumeTestBase$DocThread",2,0.50,3.50,36,0.49,34845.16,4,2,8,16,3,90.49,1,45,0,2,90.49,0.00,0.50,0.75,0,0.00,6,1477.36,0,0,3,java.lang.Thread,0.00,14,1,7,0,14,2,0,1,265,1
"org.apache.solr.client.solrj.MergeIndexesExampleTestBase",15,0.26,1.20,81,1.24,35437.36,18,3,10,48,12,168.32,17,109,0,4,118.32,0.33,0.60,0.09,5,37.00,4,3715.32,2,11,12,org.apache.solr.client.solrj.SolrExampleTestBase,0.53,33,3,18,1,33,4,0,12,734,2
"org.apache.solr.client.solrj.MultiCoreExampleTestBase",12,0.41,1.42,100,1.86,104320.75,14,2,12,58,14,156.21,18,120,2,4,106.21,0.67,0.50,0.12,5,28.00,4,5594.59,4,9,12,org.apache.solr.client.solrj.SolrExampleTestBase,0.56,46,3,17,2,46,3,0,15,914,2
"org.apache.solr.client.solrj.ResponseParser",4,0.00,1.00,6,0.05,372.72,4,0,3,4,10,195.38,9,10,9,1,155.49,0.00,0.00,0.00,0,4.00,1,137.28,0,4,1,java.lang.Object,0.00,0,0,4,3,0,0,0,3,43,2
"org.apache.solr.client.solrj.SolrExampleBinaryTest",2,0.00,1.50,14,0.16,4308.38,2,0,7,11,6,133.75,7,23,0,5,113.13,0.00,0.80,0.00,0,2.00,2,473.07,1,1,6,org.apache.solr.client.solrj.SolrExampleTests,0.06,9,4,3,0,9,1,0,4,100,1
"org.apache.solr.client.solrj.SolrExampleTestBase",6,0.00,1.00,14,0.12,1523.03,6,0,1,8,4,180.72,15,17,2,3,140.84,2.50,0.25,0.00,1,6.00,1,370.43,2,5,2,org.apache.solr.util.AbstractSolrTestCase,0.32,2,2,6,5,2,1,0,4,99,2
"org.apache.solr.client.solrj.SolrExampleTests",20,0.00,2.60,615,10.13,670954.11,20,0,35,158,34,30.04,191,668,4,4,80.04,1.33,0.38,0.00,2,20.00,8,30400.14,2,2,30,org.apache.solr.SolrJettyTestBase,0.00,138,3,52,4,138,18,0,176,4955,2
"org.apache.solr.client.solrj.SolrExampleTests$StreamingResponseCallback",2,0.00,1.00,7,0.08,1100.54,2,0,35,6,1,131.62,1,11,0,1,131.62,0.00,0.00,0.00,0,2.00,1,238.31,0,0,1,java.lang.Object,0.00,4,0,2,0,4,2,0,1,58,0
"org.apache.solr.client.solrj.SolrExceptionTest",1,0.00,2.00,11,0.13,2577.20,1,0,4,10,4,94.78,15,15,0,2,105.13,0.00,0.50,0.00,0,1.00,2,389.95,0,0,4,org.apache.lucene.util.LuceneTestCase,0.00,9,1,2,0,9,1,0,7,79,1
"org.apache.solr.client.solrj.SolrQuery",0,0.00,0.00,2,0.01,75.00,0,0,11,0,25,171.00,7,2,17,3,171.00,0.00,0.67,0.00,0,0.00,0,30.00,0,0,8,org.apache.solr.common.params.ModifiableSolrParams,0.00,0,2,0,0,0,0,0,1,10,1
"org.apache.solr.client.solrj.SolrQuery$ORDER",1,0.00,28.00,380,7.62,1737778.30,2,1,11,40,7,74.29,167,511,0,1,24.86,0.00,0.00,1.00,0,0.00,28,22847.09,0,1,7,java.lang.Object,0.00,39,0,28,0,39,0,0,35,2808,1
"org.apache.solr.client.solrj.SolrQueryTest",9,0.00,1.00,174,3.05,117209.20,9,0,7,112,3,140.90,14,184,0,2,90.90,0.00,0.50,0.00,0,9.00,1,9136.85,0,0,3,org.apache.lucene.util.LuceneTestCase,0.00,103,1,9,0,103,9,0,10,1613,1
"org.apache.solr.client.solrj.SolrRequest",12,0.18,1.00,28,0.20,2566.27,16,4,5,12,24,191.42,18,40,18,1,141.42,0.00,0.00,0.08,0,52.00,1,606.52,0,6,7,java.lang.Object,0.00,0,0,12,14,0,6,1,7,169,2
"org.apache.solr.client.solrj.SolrRequest$METHOD",0,0.00,0.00,2,0.01,39.30,0,0,5,0,0,171.00,0,4,0,1,171.00,0.00,0.00,0.00,0,0.00,0,19.65,0,0,0,java.lang.Object,0.00,0,0,0,0,0,0,1,0,7,1
"org.apache.solr.client.solrj.SolrResponse",3,0.00,1.00,4,0.03,279.90,3,0,2,3,7,205.49,5,6,6,1,155.49,0.00,0.00,0.00,0,3.00,1,101.74,0,1,1,java.lang.Object,0.00,0,0,3,9,0,2,1,1,33,2
"org.apache.solr.client.solrj.SolrServer",23,0.50,1.17,65,0.86,16089.62,25,2,17,44,47,105.11,159,91,36,1,137.33,0.00,0.00,0.02,6,44.00,3,2584.30,0,23,14,java.lang.Object,0.00,21,0,27,5,21,0,1,23,605,2
"org.apache.solr.client.solrj.SolrServerException",4,1.00,1.50,17,0.11,2473.96,5,1,0,5,30,176.47,5,24,30,2,126.47,0.00,0.50,0.00,0,4.00,3,334.25,0,1,0,java.lang.Exception,0.00,1,1,6,0,1,3,0,1,88,1
"org.apache.solr.client.solrj.StartSolrJetty",1,0.00,3.00,22,0.29,9493.76,1,0,4,19,0,51.79,12,30,0,1,89.35,0.00,0.00,0.00,0,1.00,3,857.41,0,0,0,java.lang.Object,0.00,18,0,3,0,18,1,0,10,149,1
"org.apache.solr.client.solrj.StreamingResponseCallback",2,0.00,1.00,3,0.03,166.11,2,0,1,2,6,138.01,11,4,5,1,155.89,0.00,0.00,0.00,0,2.00,1,77.12,0,0,1,java.lang.Object,0.00,0,0,2,0,0,2,0,3,25,2
"org.apache.solr.client.solrj.TestBatchUpdate",5,0.75,1.00,36,0.44,10106.94,6,1,12,20,8,163.44,9,47,0,4,113.44,0.00,0.75,0.40,1,7.00,1,1314.28,2,0,8,org.apache.solr.SolrJettyTestBase,0.00,15,3,5,0,15,5,0,4,276,1
"org.apache.solr.client.solrj.TestBatchUpdate$Bean",0,0.00,0.00,3,0.02,354.94,2,2,12,0,0,171.00,0,6,0,1,171.00,0.00,0.00,0.00,0,0.00,0,65.73,0,0,0,java.lang.Object,0.00,0,0,0,0,0,0,0,0,19,2
"org.apache.solr.client.solrj.TestBatchUpdate$Iterator<Bean>",3,0.00,1.00,9,0.07,1437.34,3,0,12,4,0,132.09,1,12,0,1,132.09,0.00,0.00,0.00,0,4.00,1,216.90,0,0,0,java.lang.Object,0.00,1,0,3,0,1,3,0,1,57,0
"org.apache.solr.client.solrj.TestBatchUpdate$Iterator<SolrInputDocument>",3,0.00,1.00,9,0.08,1569.95,3,0,12,5,1,131.79,1,12,0,1,131.79,0.00,0.00,0.00,0,4.00,1,228.01,0,1,1,java.lang.Object,0.00,2,0,3,0,2,2,0,1,59,0
"org.apache.solr.client.solrj.TestLBHttpSolrServer",7,0.08,2.71,121,1.81,77769.52,9,2,19,45,9,132.90,15,126,0,2,93.01,0.00,0.50,0.57,2,0.00,5,5418.17,2,0,9,org.apache.lucene.util.LuceneTestCase,0.00,38,1,19,0,38,7,0,10,973,1
"org.apache.solr.client.solrj.TestLBHttpSolrServer$SolrInstance",10,0.04,1.20,47,0.46,9087.86,16,6,19,24,3,125.20,2,62,0,1,125.20,0.00,0.00,0.20,2,38.00,2,1369.84,0,6,3,java.lang.Object,0.00,14,0,12,0,14,4,0,2,308,1
"org.apache.lucene.facet.search.params.association.AssociationFloatSumFacetRequest",5,0.00,1.00,12,0.12,2088.90,5,0,8,7,9,121.26,26,24,2,2,139.13,0.00,0.50,0.00,0,5.00,1,373.44,0,1,7,org.apache.lucene.facet.search.params.FacetRequest,0.14,2,1,5,0,2,4,0,3,95,1
"org.apache.lucene.facet.search.params.association.AssociationIntSumFacetRequest",5,0.00,1.00,12,0.12,2088.90,5,0,8,7,9,121.26,26,24,2,2,139.13,0.00,0.50,0.00,0,5.00,1,373.44,0,1,7,org.apache.lucene.facet.search.params.FacetRequest,0.14,2,1,5,0,2,4,0,3,95,1
"org.apache.lucene.analysis.hy.ArmenianAnalyzer",5,0.50,1.80,21,0.29,7141.30,7,2,16,16,13,75.46,42,31,1,3,123.56,0.00,0.67,0.10,0,8.00,3,866.52,0,2,12,org.apache.lucene.analysis.util.StopwordAnalyzerBase,0.00,11,2,9,0,11,3,0,8,192,2
"org.apache.lucene.analysis.hy.ArmenianAnalyzer$DefaultSetHolder",0,0.00,0.00,6,0.05,853.95,1,1,16,0,1,171.00,2,11,0,1,171.00,0.00,0.00,0.00,0,0.00,0,164.39,0,0,1,java.lang.Object,0.00,0,0,0,0,0,0,0,2,40,2
"org.apache.lucene.analysis.hy.TestArmenianAnalyzer",4,0.00,1.00,16,0.17,3088.17,4,0,5,8,3,175.80,7,22,0,3,125.80,0.00,0.67,0.00,0,4.00,1,522.25,3,0,3,org.apache.lucene.analysis.BaseTokenStreamTestCase,0.00,4,2,4,0,4,4,0,6,121,1
"org.apache.solr.util.AbstractSolrTestCase",32,0.05,1.88,152,1.96,60686.97,38,6,19,88,44,122.82,133,218,35,2,122.58,32.00,0.03,0.12,10,230.00,6,5867.23,2,14,9,org.apache.lucene.util.LuceneTestCase,0.00,56,1,60,32,56,18,0,34,1222,2
"org.apache.solr.util.AbstractSolrTestCase$Doc",1,0.00,1.00,4,0.02,212.03,2,1,19,1,0,130.22,0,5,0,1,130.22,0.00,0.00,1.00,0,0.00,1,66.54,0,1,0,java.lang.Object,0.00,0,0,1,0,0,0,0,0,21,2
"org.apache.solr.util.BCDUtils",12,0.27,5.00,206,2.97,376808.38,14,2,0,15,11,122.70,240,249,11,1,89.32,0.00,0.00,0.25,5,44.00,13,8896.33,0,4,0,java.lang.Object,0.00,3,0,60,0,3,8,0,136,1661,1
"org.apache.solr.util.Base100S",2,0.00,1.00,5,0.05,677.94,2,0,7,4,4,139.85,0,10,1,2,139.85,0.00,0.50,0.00,0,2.00,1,137.42,0,2,3,org.apache.solr.util.Converter,0.00,2,1,2,0,2,0,0,0,39,0
"org.apache.solr.util.Base10kS",2,0.00,1.00,5,0.05,677.94,2,0,7,4,4,139.85,0,10,1,2,139.85,0.00,0.50,0.00,0,2.00,1,137.42,0,2,3,org.apache.solr.util.Converter,0.00,2,1,2,0,2,0,0,0,39,0
"org.apache.solr.util.BitSetPerf",2,1.00,21.00,161,2.05,375377.28,3,1,4,24,2,39.91,11,139,0,1,57.78,0.00,0.00,0.50,1,2.00,40,6147.82,0,0,2,java.lang.Object,0.00,22,0,42,0,22,2,0,2,955,1
"org.apache.solr.util.BoundedTreeSet",9,0.88,1.44,30,0.26,4294.01,10,1,1,11,4,132.02,5,43,4,2,132.02,0.00,0.50,0.22,2,19.00,2,776.79,2,0,0,java.util.TreeSet,0.00,2,1,13,0,2,9,0,1,197,1
"org.apache.solr.util.ConcurrentLRUCache",16,0.09,4.06,233,3.40,454644.87,30,14,13,61,4,60.63,106,284,3,1,92.85,0.00,0.00,0.15,3,50.00,22,10198.71,1,3,1,java.lang.Object,0.00,45,0,65,0,45,13,0,78,1776,1
"org.apache.solr.util.ConcurrentLRUCache$CacheEntry<K,V>",6,0.05,1.33,20,0.23,5058.63,10,4,13,8,0,130.10,0,30,0,1,130.10,0.00,0.00,0.21,0,6.00,3,687.17,0,1,0,java.lang.Object,0.00,2,0,8,0,2,5,1,0,170,2
"org.apache.solr.util.ConcurrentLRUCache$CleanupThread",4,0.00,2.25,22,0.18,3708.09,6,2,13,9,1,121.38,0,34,0,2,121.38,0.00,0.50,0.50,0,2.00,6,533.05,0,0,1,org.apache.solr.util.Thread,0.00,5,1,9,0,5,4,0,0,126,2
"org.apache.solr.util.ConcurrentLRUCache$EvictionListener<K,V>",1,0.00,1.00,2,0.02,128.38,1,0,13,1,0,143.17,0,3,0,1,143.17,0.00,0.00,0.00,0,1.00,1,57.06,0,0,0,,0.00,0,0,1,0,0,1,0,0,18,2
"org.apache.solr.util.ConcurrentLRUCache$PQueue",4,0.17,1.50,22,0.28,9080.65,6,2,13,6,1,118.41,2,31,0,2,118.41,0.00,0.50,0.62,0,0.00,3,829.44,3,0,1,org.apache.lucene.util.PriorityQueue,0.00,2,1,6,0,2,4,0,2,185,2
"org.apache.solr.util.ConcurrentLRUCache$Stats",8,0.24,1.00,25,0.31,5865.72,14,6,13,15,0,130.64,0,37,0,1,130.64,0.00,0.00,0.38,0,4.00,1,940.72,0,0,0,java.lang.Object,0.00,7,0,8,0,7,8,0,0,236,2
"org.apache.solr.util.ConcurrentLRUCache$Thread",1,0.00,1.00,3,0.01,120.97,1,0,13,2,0,136.80,0,5,0,1,136.80,0.00,0.00,0.00,0,1.00,1,42.87,0,0,0,java.lang.Object,0.00,1,0,1,0,1,1,0,0,15,0
"org.apache.solr.util.Converter",2,0.00,1.00,3,0.01,84.38,2,0,7,2,11,158.20,0,4,9,1,158.20,0.00,0.00,0.00,0,2.00,1,44.19,0,2,2,java.lang.Object,0.00,0,0,2,8,0,0,0,0,18,1
"org.apache.solr.util.DOMUtilTestBase",4,0.17,1.00,13,0.17,2663.68,6,2,10,12,1,130.97,0,19,1,2,130.97,2.00,0.25,0.38,2,6.00,1,507.07,1,3,0,org.apache.lucene.util.LuceneTestCase,0.00,8,1,4,2,8,1,0,0,122,2
"org.apache.solr.util.DateMathParser",7,0.07,3.29,98,1.56,113115.47,12,5,9,28,9,74.69,99,145,8,1,94.83,0.00,0.00,0.26,3,25.00,12,4666.75,0,3,1,java.lang.Object,0.00,21,0,23,0,21,4,0,21,842,1
"org.apache.solr.util.DateMathParserTest",14,0.15,1.43,159,2.23,58332.64,17,3,11,39,1,153.57,22,185,0,2,103.57,0.00,0.50,0.48,6,0.00,4,6694.55,0,3,1,org.apache.lucene.util.LuceneTestCase,0.00,25,1,20,0,25,11,0,14,1204,1
"org.apache.solr.util.ExternalPaths",1,6.00,4.00,18,0.28,9974.47,7,6,2,10,17,44.26,8,24,16,1,92.37,0.00,0.00,0.00,0,1.00,4,853.95,0,1,1,java.lang.Object,0.00,9,0,4,0,9,0,0,4,173,1
"org.apache.solr.util.FindClasses",5,0.38,4.20,67,1.08,63608.32,7,2,14,41,2,117.41,17,89,2,1,96.80,0.00,0.00,0.20,0,11.00,9,3239.52,0,3,0,java.lang.Object,0.00,36,0,21,0,36,2,0,5,575,0
"org.apache.solr.util.Float2Float",2,0.00,1.00,5,0.06,896.91,2,0,7,4,4,138.89,0,10,1,2,138.89,0.00,0.50,0.00,0,2.00,1,171.52,0,2,3,org.apache.solr.util.Converter,0.00,2,1,2,0,2,0,0,0,47,0
"org.apache.solr.util.Int2Int",2,0.00,1.00,5,0.06,896.91,2,0,7,4,4,138.89,0,10,1,2,138.89,0.00,0.50,0.00,0,2.00,1,171.52,0,2,3,org.apache.solr.util.Converter,0.00,2,1,2,0,2,0,0,0,47,0
"org.apache.solr.util.LongPriorityQueue",17,0.19,1.82,109,0.91,36120.99,22,5,1,20,3,97.76,91,142,3,1,115.63,0.00,0.00,0.38,6,0.00,4,2742.36,0,0,0,java.lang.Object,0.00,3,0,31,0,3,17,0,39,634,1
"org.apache.solr.util.NumberUtils",25,0.00,1.28,94,1.26,44665.32,25,0,2,44,23,177.54,28,121,22,1,127.54,0.00,0.00,0.00,8,25.00,4,3767.61,0,15,1,java.lang.Object,0.00,19,0,32,0,19,10,0,26,862,1
"org.apache.solr.util.PrimUtils",2,0.00,12.00,71,1.16,347549.34,2,0,0,4,2,34.01,24,85,2,1,71.57,0.00,0.00,0.00,1,2.00,18,3469.11,0,0,0,java.lang.Object,0.00,2,0,24,0,2,2,0,6,617,1
"org.apache.solr.util.PrimUtils$IntComparator",3,0.00,1.00,6,0.06,667.98,3,0,0,3,0,141.28,0,9,0,1,141.28,0.00,0.00,0.00,1,3.00,1,171.32,0,0,0,java.lang.Object,0.00,0,0,3,0,0,3,0,0,50,3
"org.apache.solr.util.PrimUtilsTest",2,0.00,6.00,64,0.76,73166.95,2,0,2,13,2,78.51,1,54,0,2,78.51,0.00,0.50,0.00,0,2.00,7,2279.81,0,0,2,org.apache.lucene.util.LuceneTestCase,0.00,11,1,12,0,11,2,0,1,417,1
"org.apache.solr.util.PrimUtilsTest$PrimUtils.IntComparator",1,0.00,1.00,3,0.03,457.63,1,0,2,1,0,182.25,1,5,0,1,132.25,0.00,0.00,0.00,0,1.00,1,76.45,0,0,0,java.lang.Object,0.00,0,0,1,0,0,1,0,1,23,0
"org.apache.solr.util.RefCounted",6,0.20,1.17,16,0.12,1748.70,8,2,1,10,20,190.33,11,23,20,1,140.33,0.00,0.00,0.33,1,10.00,2,347.87,0,2,0,java.lang.Object,0.00,4,0,7,0,4,4,0,1,96,2
"org.apache.solr.util.SimplePostTool",15,0.00,3.47,150,2.29,105842.25,27,12,13,58,1,142.99,39,224,1,1,103.11,0.00,0.00,0.08,8,51.00,14,6863.78,0,2,0,java.lang.Object,0.00,43,0,52,0,43,13,0,12,1230,1
"org.apache.solr.util.SolrPluginUtils",20,0.13,3.85,225,3.60,192975.35,26,6,32,108,56,51.99,200,291,24,1,100.47,0.00,0.00,0.04,6,74.00,9,10808.30,0,14,34,java.lang.Object,0.00,88,0,77,1,88,6,0,37,2010,1
"org.apache.solr.util.SolrPluginUtils$DisjunctionMaxQueryParser",8,0.86,4.00,98,1.66,90095.40,9,1,32,66,21,48.52,75,141,0,4,98.52,0.00,0.75,0.25,1,16.00,8,4991.64,2,5,21,org.apache.solr.search.SolrQueryParser,0.00,58,3,32,0,58,3,0,14,900,2
"org.apache.solr.util.SolrPluginUtils$DisjunctionMaxQueryParser$Alias",0,0.00,0.00,3,0.02,296.92,2,2,32,0,0,171.00,0,4,0,1,171.00,0.00,0.00,0.00,0,0.00,0,74.23,0,0,0,java.lang.Object,0.00,0,0,0,0,0,0,0,0,19,2
"org.apache.solr.util.SolrPluginUtils$DisjunctionMaxQueryParser$IdentityRegenerator",1,0.00,1.00,4,0.05,614.64,1,0,32,2,3,126.58,0,11,0,1,126.58,0.00,0.00,0.00,0,1.00,1,136.34,0,0,3,java.lang.Object,0.00,1,0,1,0,1,1,1,0,34,2
"org.apache.solr.util.SolrPluginUtilsTest",13,0.00,1.15,203,3.65,227369.45,13,0,26,64,17,143.69,20,266,0,3,93.69,0.00,0.67,0.00,0,31.00,2,10957.71,3,3,17,org.apache.solr.SolrTestCaseJ4,0.00,51,2,15,0,51,10,0,18,1851,1
"org.apache.solr.util.SortDouble",2,0.00,1.00,5,0.05,677.94,2,0,7,4,4,139.85,0,10,1,2,139.85,0.00,0.50,0.00,0,2.00,1,137.42,0,2,3,org.apache.solr.util.Converter,0.00,2,1,2,0,2,0,0,0,39,0
"org.apache.solr.util.SortFloat",2,0.00,1.00,5,0.05,677.94,2,0,7,4,4,139.85,0,10,1,2,139.85,0.00,0.50,0.00,0,2.00,1,137.42,0,2,3,org.apache.solr.util.Converter,0.00,2,1,2,0,2,0,0,0,39,0
"org.apache.solr.util.SortInt",2,0.00,1.00,5,0.05,677.94,2,0,7,4,4,139.85,0,10,1,2,139.85,0.00,0.50,0.00,0,2.00,1,137.42,0,2,3,org.apache.solr.util.Converter,0.00,2,1,2,0,2,0,0,0,39,0
"org.apache.solr.util.SortLong",2,0.00,1.00,5,0.05,677.94,2,0,7,4,4,139.85,0,10,1,2,139.85,0.00,0.50,0.00,0,2.00,1,137.42,0,2,3,org.apache.solr.util.Converter,0.00,2,1,2,0,2,0,0,0,39,0
"org.apache.solr.util.SuggestMissingFactories",1,0.00,3.00,22,0.41,23366.17,1,0,14,13,1,68.40,5,34,0,1,86.27,0.00,0.00,0.00,0,1.00,3,1241.59,0,0,1,java.lang.Object,0.00,12,0,3,0,12,1,0,1,212,1
"org.apache.solr.util.TestHarness",31,0.12,2.00,176,2.09,70886.11,36,5,35,81,26,100.44,157,262,7,1,118.31,0.00,0.00,0.08,8,224.00,6,6255.18,0,21,19,java.lang.Object,0.00,50,0,62,0,50,10,0,33,1322,1
"org.apache.solr.util.TestHarness$Initializer",3,0.25,1.33,21,0.22,5189.11,7,4,35,13,6,113.91,0,30,0,2,113.91,0.00,0.50,0.42,0,1.00,2,658.96,0,2,6,CoreContainer.Initializer,0.00,10,1,4,0,10,1,0,0,150,1
"org.apache.solr.util.TestHarness$Initializer$SolrResourceLoader",0,0.00,0.00,5,0.05,533.28,0,0,35,1,0,171.00,0,7,0,1,171.00,0.00,0.00,0.00,0,0.00,0,144.43,0,0,0,java.lang.Object,0.00,1,0,0,0,1,0,0,0,34,0
"org.apache.solr.util.TestHarness$LocalRequestFactory",2,0.50,2.50,18,0.29,17603.19,6,4,35,8,3,54.13,18,22,0,1,104.13,0.00,0.00,0.50,0,2.00,4,862.48,0,1,3,java.lang.Object,0.00,6,0,5,0,6,1,0,1,168,1
"org.apache.solr.util.TestNumberUtils",7,0.07,3.71,104,1.58,80612.96,12,5,7,29,11,116.58,25,107,0,2,95.96,0.00,0.50,0.26,5,3.00,9,4737.49,0,1,11,org.apache.lucene.util.LuceneTestCase,0.00,22,1,26,0,22,6,0,25,891,1
"org.apache.solr.util.TestUtils",3,0.00,1.67,79,1.30,74056.57,3,0,8,36,3,133.51,5,87,0,2,83.51,0.00,0.50,0.00,0,3.00,3,3885.58,0,0,3,org.apache.lucene.util.LuceneTestCase,0.00,33,1,5,0,33,3,0,3,698,1
"org.apache.solr.util.VersionedFile",2,1.00,5.50,41,0.52,41365.93,3,1,11,16,2,39.99,16,51,2,1,88.09,0.00,0.00,0.50,1,2.00,7,1567.26,0,1,0,java.lang.Object,0.00,14,0,11,0,14,1,0,9,285,1
"org.apache.solr.util.VersionedFile$FilenameFilter",1,0.00,1.00,3,0.02,217.60,1,0,11,2,0,134.79,0,4,0,1,134.79,0.00,0.00,0.00,0,1.00,1,68.92,0,0,0,java.lang.Object,0.00,1,0,1,0,1,1,0,0,20,0
"org.apache.lucene.analysis.stempel.StempelFilter",3,0.20,2.00,20,0.24,5510.14,8,5,5,9,7,66.11,27,28,2,4,116.11,0.00,0.75,0.33,0,5.00,4,708.94,0,0,5,org.apache.lucene.analysis.TokenFilter,0.27,6,3,6,0,6,3,0,6,155,2
"org.apache.lucene.analysis.stempel.StempelStemmer",4,0.33,1.75,24,0.29,8406.16,6,2,7,18,6,73.39,30,36,3,1,115.68,0.00,0.00,0.25,1,6.00,3,877.89,0,1,3,java.lang.Object,0.00,14,0,7,0,14,3,0,5,188,1
"org.apache.lucene.queryparser.complexPhrase.ComplexPhraseQueryParser",9,0.04,2.00,57,0.68,19203.31,12,3,21,20,17,97.72,51,92,1,3,115.60,0.00,0.67,0.37,1,0.00,3,2030.47,8,7,16,org.apache.lucene.queryparser.classic.QueryParser,0.00,11,2,18,0,11,2,0,28,432,1
"org.apache.lucene.queryparser.complexPhrase.ComplexPhraseQueryParser$ComplexPhraseQuery",7,0.25,5.14,113,1.72,131624.55,11,4,21,32,13,92.28,29,157,0,2,92.05,0.00,0.50,0.46,1,0.00,12,5159.18,0,2,13,org.apache.lucene.search.Query,0.12,25,1,36,0,25,5,0,29,911,1
"org.apache.lucene.queryparser.complexPhrase.TestComplexPhraseQuery",5,0.33,2.00,69,0.89,27810.90,11,6,14,34,13,120.41,18,79,0,2,99.80,0.00,0.50,0.43,2,0.00,4,2679.96,2,0,13,org.apache.lucene.util.LuceneTestCase,0.00,29,1,10,0,29,5,0,18,497,1
"org.apache.lucene.queryparser.complexPhrase.TestComplexPhraseQuery$DocData",1,2.00,1.00,7,0.04,592.22,3,2,14,1,0,117.64,0,9,0,1,117.64,0.00,0.00,0.00,0,1.00,1,121.45,0,0,0,java.lang.Object,0.00,0,0,1,0,0,1,0,0,36,1
"org.apache.lucene.analysis.hu.HungarianAnalyzer",5,0.50,1.80,21,0.29,7141.30,7,2,18,16,16,75.46,42,31,2,3,123.56,0.00,0.67,0.10,0,8.00,3,866.52,0,2,14,org.apache.lucene.analysis.util.StopwordAnalyzerBase,0.00,11,2,9,0,11,3,0,8,192,2
"org.apache.lucene.analysis.hu.HungarianAnalyzer$DefaultSetHolder",0,0.00,0.00,6,0.07,1211.01,1,1,18,0,3,171.00,2,11,0,1,171.00,0.00,0.00,0.00,0,0.00,0,217.37,0,0,3,java.lang.Object,0.00,0,0,0,0,0,0,0,2,50,2
"org.apache.lucene.analysis.hu.HungarianLightStemFilter",2,0.33,2.00,14,0.16,3794.18,5,3,6,9,8,113.74,9,20,2,4,113.50,0.00,0.75,0.50,0,2.00,3,481.98,0,0,6,org.apache.lucene.analysis.TokenFilter,0.29,7,3,4,0,7,2,0,1,107,2
"org.apache.lucene.analysis.hu.HungarianLightStemmer",6,0.00,7.33,65,1.75,137495.05,6,0,1,7,1,148.90,8,155,1,1,98.90,0.00,0.00,0.00,2,6.00,18,5261.27,0,0,0,java.lang.Object,0.00,1,0,44,0,1,6,0,2,935,1
"org.apache.lucene.analysis.hu.TestHungarianAnalyzer",4,0.00,1.00,16,0.17,3088.17,4,0,5,8,3,175.80,7,22,0,3,125.80,0.00,0.67,0.00,0,4.00,1,522.25,3,0,3,org.apache.lucene.analysis.BaseTokenStreamTestCase,0.00,4,2,4,0,4,4,0,6,121,1
"org.apache.lucene.analysis.hu.TestHungarianLightStemFilter",1,0.00,1.00,5,0.04,471.81,1,0,7,3,4,124.11,4,8,0,3,123.87,0.00,0.67,0.00,0,1.00,1,114.71,0,0,4,org.apache.lucene.analysis.BaseTokenStreamTestCase,0.00,2,2,1,0,2,1,0,2,31,1
"org.apache.lucene.analysis.hu.TestHungarianLightStemFilter$Analyzer",1,0.00,1.00,4,0.05,1009.20,1,0,7,4,3,124.89,0,7,0,1,124.89,0.00,0.00,0.00,0,1.00,1,159.62,0,1,3,java.lang.Object,0.00,3,0,1,0,3,0,0,0,38,0
"org.apache.lucene.search.AssertingIndexSearcher",6,1.00,1.17,20,0.23,4440.93,7,1,7,11,6,180.57,6,30,0,2,130.57,0.00,0.50,0.17,0,10.00,2,698.60,2,0,6,org.apache.lucene.search.IndexSearcher,0.05,5,1,7,0,5,6,0,2,172,1
"org.apache.lucene.search.AssertingIndexSearcher$FilteredQuery",1,0.00,1.00,3,0.03,303.26,1,0,7,1,1,133.66,0,5,0,1,133.66,0.00,0.00,0.00,0,0.00,1,87.51,0,0,1,java.lang.Object,0.00,0,0,1,0,0,1,0,0,24,0
"org.apache.lucene.search.AssertingIndexSearcher$Weight",6,0.00,1.00,13,0.15,2398.47,6,0,7,11,4,139.28,0,26,0,1,139.28,0.00,0.00,0.00,0,6.00,1,447.04,0,0,4,java.lang.Object,0.00,5,0,6,0,5,6,0,0,116,0
"org.apache.lucene.search.AutomatonQuery",5,0.17,3.60,45,0.60,25145.02,8,3,9,21,17,73.74,31,65,8,3,105.96,1.00,0.40,0.47,0,5.00,10,1793.11,3,2,9,org.apache.lucene.search.MultiTermQuery,0.12,16,2,18,2,16,3,0,7,377,1
"org.apache.lucene.search.BaseTestRangeFilter",5,0.11,3.20,91,1.29,69605.43,14,9,15,35,11,111.89,15,103,3,2,91.28,3.00,0.20,0.20,1,7.00,9,3869.33,0,2,8,org.apache.lucene.util.LuceneTestCase,0.00,30,1,16,3,30,3,0,8,689,1
"org.apache.lucene.search.BaseTestRangeFilter$TestIndex",1,3.00,2.00,12,0.10,1914.19,5,4,15,2,1,104.74,0,14,0,1,104.74,0.00,0.00,0.25,0,0.00,2,292.42,0,0,1,java.lang.Object,0.00,1,0,2,0,1,1,0,0,69,1
"org.apache.lucene.search.BitsFilteredDocIdSet",3,1.00,1.67,10,0.12,2610.36,4,1,1,6,16,97.71,20,16,13,3,129.94,0.00,0.67,0.33,0,4.00,2,351.79,0,0,3,org.apache.lucene.search.FilteredDocIdSet,0.38,3,2,5,0,3,3,0,3,87,2
"org.apache.lucene.search.BooleanClause",10,0.11,1.30,27,0.28,6503.93,12,2,0,13,62,177.44,24,43,61,1,137.56,0.00,0.00,0.40,1,10.00,3,829.67,0,3,1,java.lang.Object,0.00,3,0,13,0,3,7,0,7,210,1
"org.apache.lucene.search.BooleanClause$Occur",3,0.00,1.00,10,0.05,506.19,3,0,0,3,0,156.28,10,5,0,1,135.66,0.00,0.00,0.00,0,3.00,1,147.66,0,3,0,java.lang.Object,0.00,0,0,3,0,0,0,0,3,45,2
"org.apache.lucene.search.BooleanQuery",19,0.07,2.21,103,1.38,77086.02,23,4,13,49,141,98.46,96,142,132,2,116.33,0.00,0.50,0.18,5,114.00,11,4143.97,2,7,10,org.apache.lucene.search.Query,0.14,30,1,42,0,30,12,1,36,836,1
"org.apache.lucene.search.BooleanQuery$BooleanWeight",9,0.05,4.67,145,2.19,165738.20,14,5,13,52,14,132.03,18,182,0,2,92.14,0.00,0.50,0.24,1,11.00,13,6570.54,0,2,14,org.apache.lucene.search.Weight,0.53,43,1,42,0,43,7,0,18,1115,1
"org.apache.lucene.search.BooleanQuery$TooManyClauses",1,0.00,1.00,3,0.02,128.38,1,0,13,1,0,136.60,0,5,0,2,136.60,0.00,0.50,0.00,0,0.00,1,51.35,0,0,0,java.lang.RuntimeException,0.00,0,1,1,0,0,1,0,0,17,2
"org.apache.lucene.search.BooleanScorer",9,0.02,3.00,100,1.31,88661.71,17,8,7,30,6,82.58,51,121,4,3,100.45,0.00,0.67,0.14,1,19.00,9,3920.97,0,2,2,org.apache.lucene.search.Scorer,0.79,21,2,27,0,21,7,0,20,727,1
"org.apache.lucene.search.BooleanScorer$BooleanScorerCollector",5,0.17,1.20,27,0.29,13004.55,8,3,7,6,2,157.88,11,38,0,2,117.99,0.00,0.50,0.20,0,8.00,2,881.52,0,0,2,org.apache.lucene.search.Collector,0.44,1,1,6,0,1,5,0,11,192,3
"org.apache.lucene.search.BooleanScorer$Bucket",0,0.00,0.00,6,0.04,541.33,5,5,7,0,0,171.00,8,7,0,1,171.00,0.00,0.00,0.00,0,0.00,0,116.00,0,0,0,java.lang.Object,0.00,0,0,0,0,0,0,0,8,29,2
"org.apache.lucene.search.BooleanScorer$BucketScorer",6,0.20,1.00,16,0.11,1491.25,9,3,7,6,2,140.91,0,16,0,3,140.91,0.00,0.67,0.17,0,22.00,1,340.49,0,0,2,org.apache.lucene.search.Scorer,0.94,0,2,6,0,0,6,0,0,96,3
"org.apache.lucene.search.BooleanScorer$BucketTable",3,0.12,1.33,15,0.12,2695.47,7,4,7,5,1,171.60,3,15,0,1,121.60,0.00,0.00,0.17,0,5.00,2,373.73,0,1,1,java.lang.Object,0.00,2,0,4,0,2,2,0,3,92,2
"org.apache.lucene.search.BooleanScorer$SubScorer",1,4.00,2.00,12,0.11,2670.02,5,4,7,2,2,103.84,4,17,0,1,103.60,0.00,0.00,0.00,0,1.00,2,321.36,0,0,2,java.lang.Object,0.00,1,0,2,0,1,1,0,4,75,2
"org.apache.lucene.search.BooleanScorer2",16,0.07,2.06,85,1.22,43512.39,23,7,8,39,8,138.33,61,145,1,3,117.71,0.00,0.67,0.21,3,94.00,5,3671.04,0,1,7,org.apache.lucene.search.Scorer,0.69,23,2,33,0,23,15,0,27,772,0
"org.apache.lucene.search.BooleanScorer2$ConjunctionScorer",1,0.00,3.00,11,0.14,3604.29,3,2,8,2,0,71.67,6,14,0,1,103.89,0.00,0.00,1.00,0,0.00,3,420.66,1,0,0,java.lang.Object,0.00,1,0,3,0,1,1,0,6,90,0
"org.apache.lucene.search.BooleanScorer2$Coordinator",1,1.00,3.00,11,0.12,2915.20,4,3,8,2,0,125.23,3,11,0,1,104.62,0.00,0.00,0.67,0,0.00,3,368.76,0,0,0,java.lang.Object,0.00,1,0,3,0,1,1,0,3,79,1
"org.apache.lucene.search.BooleanScorer2$DisjunctionSumScorer",1,0.00,3.00,11,0.11,3174.77,3,2,8,2,0,144.21,2,14,0,1,104.33,0.00,0.00,1.00,0,0.00,3,334.14,1,0,0,java.lang.Object,0.00,1,0,3,0,1,1,0,2,74,0
"org.apache.lucene.search.BooleanScorer2$SingleMatchScorer",5,0.08,1.40,21,0.19,4166.86,8,3,8,9,1,125.46,2,33,0,3,125.46,0.00,0.67,0.40,1,0.00,3,573.81,0,0,1,org.apache.lucene.search.Scorer,0.80,4,2,7,0,4,5,0,2,141,1
"org.apache.lucene.search.BoostAttribute",2,0.00,1.00,3,0.02,77.91,2,0,3,2,12,126.25,12,4,9,2,158.47,0.00,0.50,0.00,0,2.00,1,46.77,0,0,3,,0.00,0,1,2,0,0,2,0,4,18,1
"org.apache.lucene.search.BoostAttributeImpl",4,0.33,1.00,10,0.08,950.90,5,1,1,5,2,141.06,3,17,0,2,141.06,0.00,0.50,0.75,0,0.00,1,245.34,0,0,2,org.apache.lucene.util.AttributeImpl,0.22,1,1,4,0,1,4,1,1,68,2
"org.apache.lucene.search.CachingCollector",10,0.08,1.70,57,0.74,22173.24,22,12,5,21,8,70.35,82,77,6,2,118.46,2.00,0.25,0.16,2,38.00,4,2226.47,0,3,2,org.apache.lucene.search.Collector,0.14,11,1,17,2,11,7,0,16,463,2
"org.apache.lucene.search.CachingCollector$CachedScorer",6,0.40,1.00,15,0.11,1512.70,8,2,5,7,1,140.86,4,15,0,3,140.86,0.00,0.67,0.17,0,14.00,1,326.33,0,0,1,org.apache.lucene.search.Scorer,0.94,1,2,6,0,1,6,0,4,93,3
"org.apache.lucene.search.CachingCollector$Collector",4,0.00,1.00,6,0.06,512.27,4,0,5,4,1,154.40,0,11,0,1,154.40,0.00,0.00,0.00,0,4.00,1,169.08,0,0,1,java.lang.Object,0.00,0,0,4,0,0,4,0,0,51,0
"org.apache.lucene.search.CachingCollector$NoScoreCachingCollector",6,0.00,2.50,51,0.51,30063.00,6,0,5,10,3,107.97,5,69,0,3,107.97,0.00,0.67,0.00,0,10.00,6,1523.80,2,1,3,org.apache.lucene.search.CachingCollector,0.15,4,2,15,0,4,5,0,5,309,3
"org.apache.lucene.search.CachingCollector$ScoreCachingCollector",6,0.40,2.50,78,0.86,55598.24,10,4,5,15,3,98.00,5,96,0,3,98.00,0.00,0.67,0.58,0,0.00,6,2581.06,2,1,3,org.apache.lucene.search.CachingCollector,0.00,9,2,15,0,9,5,0,5,500,3
"org.apache.lucene.search.CachingCollector$SegStart",1,2.00,1.00,6,0.04,607.65,3,2,5,1,0,120.05,0,8,0,1,120.05,0.00,0.00,0.00,0,1.00,1,132.64,0,0,0,java.lang.Object,0.00,0,0,1,0,0,1,0,0,37,2
"org.apache.lucene.search.CachingWrapperFilter",6,0.10,1.83,39,0.43,13185.49,10,4,7,18,18,115.75,25,53,11,2,115.52,1.00,0.33,0.33,1,0.00,4,1295.95,0,3,7,org.apache.lucene.search.Filter,0.00,12,1,11,1,12,3,0,14,279,1
"org.apache.lucene.search.CachingWrapperFilter$FilterCache",2,0.00,1.50,9,0.10,2531.86,3,1,7,5,1,163.90,5,13,0,1,124.02,0.00,0.00,1.00,0,0.00,2,296.73,0,0,1,java.lang.Object,0.00,3,0,3,0,3,2,0,3,71,1
"org.apache.lucene.search.CachingWrapperFilterHelper",6,1.00,1.33,21,0.22,5581.88,7,1,4,8,3,179.76,6,33,0,3,129.76,0.00,0.67,0.17,2,14.00,2,668.97,1,1,3,org.apache.lucene.search.CachingWrapperFilter,0.46,2,2,8,0,2,5,0,2,157,1
"org.apache.lucene.search.CheckHits",12,0.45,3.83,179,3.18,239315.19,14,2,9,53,24,44.08,109,236,16,1,94.08,0.00,0.00,0.08,4,22.00,15,9548.67,0,2,9,java.lang.Object,0.00,41,0,46,0,41,10,0,23,1659,1
"org.apache.lucene.search.CheckHits$ExplanationAsserter",6,0.03,1.17,29,0.37,8747.87,12,6,9,15,5,123.59,1,45,0,2,123.59,0.00,0.50,0.19,0,10.00,2,1103.86,0,0,5,org.apache.lucene.search.Collector,0.60,9,1,7,0,9,6,0,1,238,2
"org.apache.lucene.search.CheckHits$ExplanationAssertingSearcher",6,0.00,1.00,17,0.21,3347.02,6,0,9,7,8,138.14,0,34,0,2,138.14,0.00,0.50,0.00,1,6.00,1,638.61,1,0,8,org.apache.lucene.search.IndexSearcher,0.00,1,1,6,0,1,6,0,0,155,2
"org.apache.lucene.search.CheckHits$SetCollector",5,0.25,1.00,12,0.13,1734.76,7,2,9,7,2,139.77,0,21,0,2,139.77,0.00,0.50,0.30,0,7.00,1,377.86,0,0,2,org.apache.lucene.search.Collector,0.67,2,1,5,0,2,5,0,0,98,2
"org.apache.lucene.search.CollectionStatistics",6,0.04,1.00,22,0.15,2467.36,11,5,2,6,16,114.74,32,29,14,1,132.62,0.00,0.00,0.17,0,26.00,1,443.83,0,1,2,java.lang.Object,0.00,0,0,6,0,0,5,0,8,123,1
"org.apache.lucene.search.Collector",4,0.00,1.00,5,0.04,303.38,4,0,3,4,72,163.46,141,6,72,1,156.20,0.00,0.00,0.00,0,4.00,1,126.78,0,0,1,java.lang.Object,0.00,0,0,4,40,0,4,0,5,41,2
"org.apache.lucene.search.ComplexExplanation",6,1.00,1.50,17,0.18,3030.30,7,1,0,8,21,106.17,37,25,20,2,138.39,0.00,0.50,0.17,2,10.00,3,525.10,3,2,1,org.apache.lucene.search.Explanation,0.21,2,1,9,0,2,4,0,7,131,1
"org.apache.lucene.search.ConjunctionScorer",7,0.11,2.57,62,0.72,36886.88,10,3,4,15,4,128.40,25,73,1,3,107.79,0.00,0.67,0.43,1,0.00,5,2145.81,0,0,3,org.apache.lucene.search.Scorer,0.71,8,2,18,0,8,7,0,25,441,0
"org.apache.lucene.search.ConjunctionScorer$Comparator<Scorer>",1,0.00,1.00,3,0.03,480.85,1,0,4,2,1,182.08,1,4,0,1,132.08,0.00,0.00,0.00,0,1.00,1,93.66,0,0,1,java.lang.Object,0.00,1,0,1,0,1,1,0,1,27,0
"org.apache.lucene.search.ConjunctionTermScorer",6,0.20,1.83,43,0.46,20497.33,10,4,5,12,5,161.51,7,56,1,3,111.51,0.00,0.67,0.42,0,0.00,5,1392.70,0,0,4,org.apache.lucene.search.Scorer,0.75,6,2,11,0,6,6,0,7,302,1
"org.apache.lucene.search.ConjunctionTermScorer$Comparator<DocsAndFreqs>",1,0.00,1.00,3,0.03,437.67,1,0,5,1,0,132.40,0,4,0,1,132.40,0.00,0.00,0.00,0,1.00,1,86.26,0,0,0,java.lang.Object,0.00,0,0,1,0,0,1,0,0,25,0
"org.apache.lucene.search.ConjunctionTermScorer$DocsAndFreqs",1,4.00,1.00,9,0.07,919.56,5,4,5,1,1,112.07,0,11,0,1,112.07,0.00,0.00,0.00,0,1.00,1,207.91,0,0,1,java.lang.Object,0.00,0,0,1,0,0,1,0,0,54,2
"org.apache.lucene.search.ConstantScoreAutoRewrite",9,0.03,1.89,55,0.77,32698.59,13,4,12,28,18,153.68,24,73,3,3,113.79,0.50,0.50,0.28,2,0.00,6,2300.92,1,1,16,org.apache.lucene.search.TermCollectingRewrite,0.23,19,2,17,1,19,8,0,18,447,0
"org.apache.lucene.search.ConstantScoreAutoRewrite$CutOffTermCollector",3,0.21,1.67,26,0.38,16632.91,10,7,12,14,6,107.71,0,35,0,2,107.71,0.00,0.50,0.29,0,4.00,3,1132.62,0,0,6,org.apache.lucene.search.TermCollector,0.00,11,1,5,0,11,3,0,0,221,2
"org.apache.lucene.search.ConstantScoreAutoRewrite$TermStateByteStart",4,0.33,1.25,20,0.25,9430.67,5,1,12,6,3,118.32,0,29,0,2,118.32,0.00,0.50,0.75,0,0.00,2,739.03,3,0,3,org.apache.lucene.util.DirectBytesStartArray,0.00,2,1,5,0,2,4,0,0,164,2
"org.apache.lucene.search.ConstantScoreQuery",10,0.11,2.20,40,0.56,21122.99,12,2,7,23,29,172.18,19,70,21,2,122.18,2.00,0.25,0.40,1,10.00,6,1670.78,3,5,8,org.apache.lucene.search.Query,0.10,13,1,22,2,13,5,0,9,377,1
"org.apache.lucene.search.ConstantScoreQuery$ConstantScorer",8,0.14,1.25,27,0.27,5842.12,10,2,7,13,4,130.60,2,45,0,3,130.60,0.00,0.67,0.38,1,4.00,2,805.50,1,1,4,org.apache.lucene.search.Scorer,0.67,5,2,10,0,5,7,0,2,200,1
"org.apache.lucene.search.ConstantScoreQuery$ConstantScorer$Collector",4,0.00,1.00,9,0.11,1765.65,4,0,7,9,1,138.94,1,17,0,1,138.94,0.00,0.00,0.00,0,4.00,1,325.18,0,0,1,java.lang.Object,0.00,5,0,4,0,5,4,0,1,85,0
"org.apache.lucene.search.ConstantScoreQuery$ConstantWeight",7,0.11,2.14,47,0.66,26390.29,10,3,7,23,10,113.64,2,66,0,2,113.64,0.00,0.50,0.43,1,0.00,4,1971.92,0,3,10,org.apache.lucene.search.Weight,0.62,16,1,15,0,16,4,0,2,390,1
"org.apache.lucene.search.DisjunctionMaxQuery",12,0.23,2.17,74,0.96,50433.20,14,2,9,32,19,95.39,61,100,13,2,113.26,0.00,0.50,0.29,3,22.00,8,2894.76,2,5,6,org.apache.lucene.search.Query,0.18,20,1,26,0,20,7,1,18,599,1
"org.apache.lucene.search.DisjunctionMaxQuery$DisjunctionMaxWeight",6,0.60,2.67,48,0.68,31097.19,7,1,9,27,10,157.84,11,62,0,2,107.84,0.00,0.50,0.50,0,2.00,5,2051.13,0,3,10,org.apache.lucene.search.Weight,0.50,21,1,16,0,21,3,0,11,396,1
"org.apache.lucene.search.DisjunctionMaxScorer",9,0.21,2.78,92,1.00,57566.71,15,6,1,14,3,124.11,35,117,1,3,103.49,0.00,0.67,0.35,4,0.00,6,3004.03,0,0,2,org.apache.lucene.search.Scorer,0.63,5,2,25,0,5,9,0,13,623,0
"org.apache.lucene.search.DisjunctionSumScorer",11,0.11,2.73,79,0.81,31306.90,18,7,3,23,5,69.75,87,110,1,3,112.04,0.00,0.67,0.25,2,5.00,7,2436.60,0,1,4,org.apache.lucene.search.Scorer,0.57,12,2,30,0,12,10,0,21,511,0
"org.apache.lucene.search.DocIdSet",0,0.00,0.00,3,0.02,467.02,0,0,2,1,84,171.00,5,2,83,1,171.00,0.00,0.00,0.00,0,0.00,0,51.89,0,0,1,java.lang.Object,0.00,1,0,0,11,1,0,0,2,15,2
"org.apache.lucene.search.DocIdSet$DocIdSet",6,0.00,1.00,14,0.09,990.31,6,0,2,7,2,142.54,25,25,0,1,142.31,0.00,0.00,0.00,0,6.00,1,255.71,0,4,2,java.lang.Object,0.00,1,0,6,0,1,2,0,4,78,0
"org.apache.lucene.search.DocIdSet$DocIdSet$DocIdSetIterator",3,0.00,1.00,7,0.05,603.80,3,0,2,3,0,141.63,0,7,0,1,141.63,0.00,0.00,0.00,0,3.00,1,146.65,0,0,0,java.lang.Object,0.00,0,0,3,0,0,3,0,0,43,0
"org.apache.lucene.search.DocIdSetIterator",3,1.00,1.00,5,0.04,464.21,4,1,1,3,99,197.70,66,6,99,1,153.76,0.00,0.00,0.00,0,3.00,1,132.13,0,0,0,java.lang.Object,0.00,0,0,3,72,0,3,0,5,40,2
"org.apache.lucene.search.ElevationComparatorSource",2,1.00,1.00,6,0.07,1019.94,3,1,13,3,10,131.88,0,10,3,2,131.88,0.00,0.50,0.00,0,2.00,1,218.56,0,1,7,org.apache.lucene.search.FieldComparatorSource,0.00,1,1,2,0,1,1,0,0,54,0
"org.apache.lucene.search.ElevationComparatorSource$FieldComparator<Integer>",7,0.08,1.29,26,0.33,7291.54,11,4,13,13,2,129.38,1,40,0,1,129.38,0.00,0.00,0.32,1,10.00,3,979.75,0,2,2,java.lang.Object,0.00,6,0,9,0,6,5,0,1,225,0
"org.apache.lucene.search.ExactPhraseScorer",8,0.19,5.62,158,1.97,305074.79,18,10,4,17,6,107.44,26,206,2,3,86.83,0.00,0.67,0.26,0,0.00,18,5904.51,0,1,4,org.apache.lucene.search.Scorer,0.83,9,2,45,0,9,7,0,26,1070,1
"org.apache.lucene.search.ExactPhraseScorer$ChunkState",1,7.00,1.00,12,0.09,1258.33,8,7,4,1,1,106.33,0,14,0,1,106.33,0.00,0.00,0.00,0,1.00,1,257.84,0,0,1,java.lang.Object,0.00,0,0,1,0,0,1,0,0,65,3
"org.apache.lucene.search.Explanation",13,0.25,1.54,61,0.54,19145.61,16,3,1,21,89,173.49,24,67,89,1,123.49,0.00,0.00,0.10,4,53.00,4,1611.15,0,6,0,java.lang.Object,0.00,8,0,20,1,8,7,0,14,369,1
"org.apache.lucene.search.FieldCache",23,1.00,1.00,57,0.71,15653.79,24,1,13,30,76,99.90,291,75,66,1,137.46,0.00,0.00,0.00,0,23.00,1,2123.74,0,8,11,,0.00,7,0,23,0,7,15,0,46,489,1
"org.apache.lucene.search.FieldCache$ByteParser",1,0.00,1.00,2,0.01,60.50,1,0,13,1,1,195.74,1,3,0,2,145.74,0.00,0.50,0.00,0,1.00,1,35.16,0,0,1,,0.00,0,1,1,0,0,1,0,1,13,1
"org.apache.lucene.search.FieldCache$ByteParser_0",3,0.00,1.00,7,0.05,684.98,3,0,13,6,2,191.20,4,11,0,1,141.20,0.00,0.00,0.00,0,3.00,1,163.27,0,2,2,java.lang.Object,0.00,3,0,3,0,3,1,0,4,47,0
"org.apache.lucene.search.FieldCache$CacheEntry",10,1.00,1.10,27,0.34,9113.69,11,1,13,21,1,186.44,12,36,0,1,136.44,0.00,0.00,0.10,8,18.00,2,1028.30,0,7,1,java.lang.Object,0.00,11,0,11,0,11,3,0,4,235,3
"org.apache.lucene.search.FieldCache$CreationPlaceholder",0,0.00,0.00,2,0.01,104.61,1,1,13,0,0,171.00,0,3,0,1,171.00,0.00,0.00,0.00,0,0.00,0,34.87,0,0,0,java.lang.Object,0.00,0,0,0,0,0,0,0,0,11,3
"org.apache.lucene.search.FieldCache$DocTerms",3,0.00,1.00,4,0.03,193.87,3,0,13,3,1,196.63,7,5,0,1,156.74,0.00,0.00,0.00,0,3.00,1,86.72,0,1,1,java.lang.Object,0.00,0,0,3,0,0,2,0,3,30,3
"org.apache.lucene.search.FieldCache$DocTermsIndex",8,0.00,1.50,18,0.22,11225.39,8,0,13,9,2,174.78,17,28,0,1,134.89,0.00,0.00,0.00,3,8.00,5,666.84,0,4,2,java.lang.Object,0.00,1,0,12,0,1,4,0,10,161,3
"org.apache.lucene.search.FieldCache$DoubleParser",1,0.00,1.00,2,0.01,60.50,1,0,13,1,1,195.74,1,3,0,2,145.74,0.00,0.50,0.00,0,1.00,1,35.16,0,0,1,,0.00,0,1,1,0,0,1,0,1,13,1
"org.apache.lucene.search.FieldCache$DoubleParser_5",3,0.00,1.00,7,0.05,684.98,3,0,13,6,2,191.20,4,11,0,1,141.20,0.00,0.00,0.00,0,3.00,1,163.27,0,2,2,java.lang.Object,0.00,3,0,3,0,3,1,0,4,47,0
"org.apache.lucene.search.FieldCache$DoubleParser_9",3,0.00,1.33,8,0.08,1459.42,3,0,13,8,3,138.54,0,13,0,1,138.54,0.00,0.00,0.00,0,3.00,2,251.66,0,2,3,java.lang.Object,0.00,5,0,4,0,5,1,0,0,64,0
"org.apache.lucene.search.FieldCache$FloatParser",1,0.00,1.00,2,0.01,60.50,1,0,13,1,1,195.74,1,3,0,2,145.74,0.00,0.50,0.00,0,1.00,1,35.16,0,0,1,,0.00,0,1,1,0,0,1,0,1,13,1
"org.apache.lucene.search.FieldCache$FloatParser_3",3,0.00,1.00,7,0.05,684.98,3,0,13,6,2,191.20,4,11,0,1,141.20,0.00,0.00,0.00,0,3.00,1,163.27,0,2,2,java.lang.Object,0.00,3,0,3,0,3,1,0,4,47,0
"org.apache.lucene.search.FieldCache$FloatParser_7",3,0.00,1.33,8,0.08,1459.42,3,0,13,8,3,138.54,0,13,0,1,138.54,0.00,0.00,0.00,0,3.00,2,251.66,0,2,3,java.lang.Object,0.00,5,0,4,0,5,1,0,0,64,0
"org.apache.lucene.search.FieldCache$IntParser",1,0.00,1.00,2,0.01,60.50,1,0,13,1,1,195.74,1,3,0,2,145.74,0.00,0.50,0.00,0,1.00,1,35.16,0,0,1,,0.00,0,1,1,0,0,1,0,1,13,1
"org.apache.lucene.search.FieldCache$IntParser_2",3,0.00,1.00,7,0.05,684.98,3,0,13,6,2,191.20,4,11,0,1,141.20,0.00,0.00,0.00,0,3.00,1,163.27,0,2,2,java.lang.Object,0.00,3,0,3,0,3,1,0,4,47,0
"org.apache.lucene.search.FieldCache$IntParser_6",3,0.00,1.33,8,0.08,1283.98,3,0,13,7,3,138.98,0,13,0,1,138.98,0.00,0.00,0.00,0,3.00,2,231.98,0,2,3,java.lang.Object,0.00,4,0,4,0,4,1,0,0,60,0
"org.apache.lucene.search.FieldCache$LongParser",1,0.00,1.00,2,0.01,60.50,1,0,13,1,1,195.74,1,3,0,2,145.74,0.00,0.50,0.00,0,1.00,1,35.16,0,0,1,,0.00,0,1,1,0,0,1,0,1,13,1
"org.apache.lucene.search.FieldCache$LongParser_4",3,0.00,1.00,7,0.05,684.98,3,0,13,6,2,191.20,4,11,0,1,141.20,0.00,0.00,0.00,0,3.00,1,163.27,0,2,2,java.lang.Object,0.00,3,0,3,0,3,1,0,4,47,0
"org.apache.lucene.search.FieldCache$LongParser_8",3,0.00,1.33,8,0.08,1283.98,3,0,13,7,3,138.98,0,13,0,1,138.98,0.00,0.00,0.00,0,3.00,2,231.98,0,2,3,java.lang.Object,0.00,4,0,4,0,4,1,0,0,60,0
"org.apache.lucene.search.FieldCache$Parser",0,0.00,0.00,1,0.00,12.00,0,0,13,0,0,171.00,0,2,0,1,171.00,0.00,0.00,0.00,0,0.00,0,8.00,0,0,0,,0.00,0,0,0,0,0,0,0,0,4,1
"org.apache.lucene.search.FieldCache$ShortParser",1,0.00,1.00,2,0.01,60.50,1,0,13,1,1,195.74,1,3,0,2,145.74,0.00,0.50,0.00,0,1.00,1,35.16,0,0,1,,0.00,0,1,1,0,0,1,0,1,13,1
"org.apache.lucene.search.FieldCache$ShortParser_1",3,0.00,1.00,7,0.05,684.98,3,0,13,6,2,191.20,4,11,0,1,141.20,0.00,0.00,0.00,0,3.00,1,163.27,0,2,2,java.lang.Object,0.00,3,0,3,0,3,1,0,4,47,0
"org.apache.lucene.search.FieldCache$StopFillCacheException",0,0.00,0.00,1,0.01,72.00,0,0,13,0,0,171.00,0,2,0,2,171.00,0.00,0.50,0.00,0,0.00,0,24.00,0,0,0,java.lang.RuntimeException,0.00,0,1,0,0,0,0,0,0,8,3
"org.apache.lucene.search.FieldCacheImpl",19,0.56,1.58,94,1.60,59033.23,20,1,25,52,29,170.94,28,127,12,1,120.94,0.00,0.00,0.47,7,28.00,7,4804.98,0,1,18,java.lang.Object,0.00,33,0,30,0,33,18,1,17,972,0
"org.apache.lucene.search.FieldCacheImpl$ByteCache",2,0.00,7.00,40,0.55,38625.72,2,0,25,15,9,138.27,2,58,0,2,88.27,0.00,0.50,0.00,0,2.00,13,1650.89,0,1,9,org.apache.lucene.search.Cache,0.00,13,1,14,0,13,1,0,2,276,2
"org.apache.lucene.search.FieldCacheImpl$Cache",7,0.17,2.57,69,0.83,50685.86,9,2,25,25,3,154.79,11,86,0,1,104.79,0.00,0.00,0.36,1,11.00,7,2497.02,0,2,3,java.lang.Object,0.00,18,0,18,0,18,5,0,10,488,2
"org.apache.lucene.search.FieldCacheImpl$CacheEntryImpl",6,0.04,1.17,22,0.19,3897.61,11,5,25,6,0,131.02,4,27,0,2,131.02,0.00,0.50,0.17,0,26.00,2,566.99,0,5,0,org.apache.lucene.search.CacheEntry,0.00,0,1,7,0,0,1,0,4,145,3
"org.apache.lucene.search.FieldCacheImpl$DocTermsIndexImpl",14,0.05,1.00,43,0.54,9644.83,20,6,25,21,4,130.85,2,65,0,2,130.85,0.00,0.50,0.12,2,126.00,1,1630.70,0,5,4,org.apache.lucene.search.DocTermsIndex,0.00,7,1,14,0,7,9,0,2,384,2
"org.apache.lucene.search.FieldCacheImpl$DocTermsIndexImpl$DocTermOrdsCache",2,0.00,1.00,5,0.05,721.19,2,0,25,3,3,139.63,1,10,0,2,139.63,0.00,0.50,0.00,0,2.00,1,157.53,0,1,3,org.apache.lucene.search.Cache,0.00,1,1,2,0,1,1,0,1,42,2
"org.apache.lucene.search.FieldCacheImpl$DocTermsIndexImpl$DocTermsCache",2,0.00,6.00,42,0.59,41133.28,2,0,25,19,10,69.43,10,58,0,2,87.30,0.00,0.50,0.00,0,2.00,11,1772.16,0,1,10,org.apache.lucene.search.Cache,0.00,17,1,12,0,17,1,0,10,289,2
"org.apache.lucene.search.FieldCacheImpl$DocTermsIndexImpl$DocTermsImpl",4,0.00,1.00,13,0.15,2558.25,6,2,25,7,1,131.11,0,21,0,2,131.11,0.00,0.50,0.50,0,0.00,1,441.40,0,1,1,org.apache.lucene.search.DocTerms,0.00,3,1,4,0,3,3,0,0,112,2
"org.apache.lucene.search.FieldCacheImpl$DocTermsIndexImpl$DocTermsIndexCache",2,0.00,7.50,61,0.86,86347.59,2,0,25,22,11,46.71,12,80,0,2,78.94,0.00,0.50,0.00,0,2.00,14,2587.91,0,1,11,org.apache.lucene.search.Cache,0.00,20,1,15,0,20,1,0,12,407,1
"org.apache.lucene.search.FieldCacheImpl$DocTermsIndexImpl$DocTermsIndexEnum",13,0.11,1.62,72,0.88,39756.89,19,6,25,18,7,117.37,6,107,0,2,117.37,0.00,0.50,0.27,1,22.00,5,2627.88,0,7,7,org.apache.lucene.index.TermsEnum,0.57,5,1,21,0,5,6,0,6,551,0
"org.apache.lucene.search.FieldCacheImpl$DocsWithFieldCache",2,0.00,5.50,34,0.44,27215.50,2,0,25,14,8,132.04,5,48,0,2,92.16,0.00,0.50,0.00,0,2.00,10,1305.89,0,1,8,org.apache.lucene.search.Cache,0.00,12,1,11,0,12,1,0,5,230,2
"org.apache.lucene.search.FieldCacheImpl$DoubleCache",2,0.00,8.50,46,0.64,49127.03,2,0,25,15,9,125.03,4,68,0,2,85.14,0.00,0.50,0.00,0,2.00,16,1922.10,0,1,9,org.apache.lucene.search.Cache,0.00,13,1,17,0,13,1,0,4,317,2
"org.apache.lucene.search.FieldCacheImpl$Entry",3,0.25,3.00,17,0.17,5591.07,5,2,25,7,0,168.92,5,26,0,1,118.92,0.00,0.00,0.67,0,1.00,6,523.26,0,0,0,java.lang.Object,0.00,4,0,9,0,4,3,0,5,125,1
"org.apache.lucene.search.FieldCacheImpl$FloatCache",2,0.00,8.50,46,0.63,48501.44,2,0,25,15,8,125.07,4,68,0,2,85.18,0.00,0.50,0.00,0,2.00,16,1891.46,0,1,8,org.apache.lucene.search.Cache,0.00,13,1,17,0,13,1,0,4,313,2
"org.apache.lucene.search.FieldCacheImpl$IndexReader.ReaderFinishedListener",1,0.00,1.00,3,0.02,184.66,1,0,25,2,1,185.36,1,4,0,1,135.36,0.00,0.00,0.00,0,1.00,1,69.28,0,0,1,java.lang.Object,0.00,1,0,1,0,1,1,0,1,21,0
"org.apache.lucene.search.FieldCacheImpl$IntCache",2,0.00,8.50,46,0.63,49261.30,2,0,25,15,8,125.02,4,68,0,2,85.13,0.00,0.50,0.00,0,2.00,16,1885.72,0,1,8,org.apache.lucene.search.Cache,0.00,13,1,17,0,13,1,0,4,313,2
"org.apache.lucene.search.FieldCacheImpl$LongCache",2,0.00,8.50,46,0.64,49127.03,2,0,25,15,9,125.03,4,68,0,2,85.14,0.00,0.50,0.00,0,2.00,16,1922.10,0,1,9,org.apache.lucene.search.Cache,0.00,13,1,17,0,13,1,0,4,317,2
"org.apache.lucene.search.FieldCacheImpl$ShortCache",2,0.00,7.00,40,0.55,38625.72,2,0,25,15,9,138.27,2,58,0,2,88.27,0.00,0.50,0.00,0,2.00,13,1650.89,0,1,9,org.apache.lucene.search.Cache,0.00,13,1,14,0,13,1,0,2,276,2
"org.apache.lucene.search.FieldCacheImpl$StopFillCacheException",0,0.00,0.00,1,0.01,49.13,0,0,25,0,0,171.00,0,2,0,2,171.00,0.00,0.50,0.00,0,0.00,0,19.65,0,0,0,java.lang.RuntimeException,0.00,0,1,0,0,0,0,0,0,7,2
"org.apache.lucene.search.FieldCacheRangeFilter",24,0.05,1.75,75,1.27,52457.70,30,6,7,39,10,127.01,102,98,3,2,126.77,0.00,0.50,0.12,7,152.00,10,3815.78,0,17,7,org.apache.lucene.search.Filter,0.00,15,1,42,0,15,7,0,23,836,2
"org.apache.lucene.search.FieldCacheRangeFilter$FieldCacheDocIdSet_6",5,0.38,1.20,17,0.12,1626.99,7,2,7,8,3,173.26,12,25,0,2,133.38,0.00,0.50,0.20,0,7.00,2,352.06,0,2,3,org.apache.lucene.search.DocIdSet,0.00,3,1,6,0,3,3,0,6,96,2
"org.apache.lucene.search.FieldCacheRangeFilter$FieldCacheDocIdSet_6$Bits",2,0.00,1.00,5,0.04,339.54,2,0,7,3,0,142.21,0,7,0,1,142.21,0.00,0.00,0.00,0,2.00,1,108.72,0,0,0,java.lang.Object,0.00,1,0,2,0,1,2,0,0,32,0
"org.apache.lucene.search.FieldCacheRangeFilter$FieldCacheDocIdSet_6$Bits_7",2,0.00,1.00,5,0.05,550.18,2,0,7,3,0,140.56,0,7,0,1,140.56,0.00,0.00,0.00,0,2.00,1,135.46,0,0,0,java.lang.Object,0.00,1,0,2,0,1,2,0,0,38,0
"org.apache.lucene.search.FieldCacheRangeFilter$FieldCacheDocIdSet_6$DocIdSetIterator",3,0.00,2.00,18,0.13,3608.41,4,1,7,3,0,117.56,0,29,0,1,117.56,0.00,0.00,1.00,0,0.00,3,403.09,0,0,0,java.lang.Object,0.00,0,0,6,0,0,3,0,0,97,0
"org.apache.lucene.search.FieldCacheRangeFilter$FieldCacheDocIdSet_6$DocIdSetIterator_8",3,0.00,2.00,19,0.15,5034.36,4,1,7,3,0,116.42,0,25,0,1,116.42,0.00,0.00,1.00,0,0.00,3,460.55,0,0,0,java.lang.Object,0.00,0,0,6,0,0,3,0,0,107,0
"org.apache.lucene.search.FieldCacheRangeFilter$FieldCacheRangeFilter<Byte>",1,0.00,8.00,18,0.32,21861.15,1,0,7,3,3,89.52,0,25,0,1,89.52,0.00,0.00,0.00,0,0.00,8,951.62,0,1,3,java.lang.Object,0.00,2,0,8,0,2,0,0,0,170,0
"org.apache.lucene.search.FieldCacheRangeFilter$FieldCacheRangeFilter<Byte>$FieldCacheDocIdSet_0",1,0.00,1.00,3,0.04,676.73,1,0,7,1,0,130.91,0,5,0,1,130.91,0.00,0.00,0.00,0,1.00,1,124.79,0,0,0,java.lang.Object,0.00,0,0,1,0,0,1,0,0,33,0
"org.apache.lucene.search.FieldCacheRangeFilter$FieldCacheRangeFilter<Double>",1,0.00,8.00,20,0.38,26446.35,1,0,7,6,4,107.78,3,27,0,1,87.17,0.00,0.00,0.00,0,0.00,8,1133.43,0,1,4,java.lang.Object,0.00,5,0,8,0,5,0,0,3,196,0
"org.apache.lucene.search.FieldCacheRangeFilter$FieldCacheRangeFilter<Double>$FieldCacheDocIdSet_5",1,0.00,1.00,3,0.04,676.73,1,0,7,1,0,130.91,0,5,0,1,130.91,0.00,0.00,0.00,0,1.00,1,124.79,0,0,0,java.lang.Object,0.00,0,0,1,0,0,1,0,0,33,0
"org.apache.lucene.search.FieldCacheRangeFilter$FieldCacheRangeFilter<Float>",1,0.00,8.00,20,0.38,26446.35,1,0,7,6,4,127.05,2,27,0,1,87.17,0.00,0.00,0.00,0,0.00,8,1133.43,0,1,4,java.lang.Object,0.00,5,0,8,0,5,0,0,2,196,0
"org.apache.lucene.search.FieldCacheRangeFilter$FieldCacheRangeFilter<Float>$FieldCacheDocIdSet_4",1,0.00,1.00,3,0.04,676.73,1,0,7,1,0,130.91,0,5,0,1,130.91,0.00,0.00,0.00,0,1.00,1,124.79,0,0,0,java.lang.Object,0.00,0,0,1,0,0,1,0,0,33,0
"org.apache.lucene.search.FieldCacheRangeFilter$FieldCacheRangeFilter<Integer>",1,0.00,8.00,18,0.30,20163.82,1,0,7,3,3,89.80,0,25,0,1,89.80,0.00,0.00,0.00,0,0.00,8,905.58,0,1,3,java.lang.Object,0.00,2,0,8,0,2,0,0,0,162,0
"org.apache.lucene.search.FieldCacheRangeFilter$FieldCacheRangeFilter<Integer>$FieldCacheDocIdSet_2",1,0.00,1.00,3,0.04,676.73,1,0,7,1,0,130.91,0,5,0,1,130.91,0.00,0.00,0.00,0,1.00,1,124.79,0,0,0,java.lang.Object,0.00,0,0,1,0,0,1,0,0,33,0
"org.apache.lucene.search.FieldCacheRangeFilter$FieldCacheRangeFilter<Long>",1,0.00,8.00,18,0.30,20163.82,1,0,7,3,3,89.80,0,25,0,1,89.80,0.00,0.00,0.00,0,0.00,8,905.58,0,1,3,java.lang.Object,0.00,2,0,8,0,2,0,0,0,162,0
"org.apache.lucene.search.FieldCacheRangeFilter$FieldCacheRangeFilter<Long>$FieldCacheDocIdSet_3",1,0.00,1.00,3,0.04,676.73,1,0,7,1,0,130.91,0,5,0,1,130.91,0.00,0.00,0.00,0,1.00,1,124.79,0,0,0,java.lang.Object,0.00,0,0,1,0,0,1,0,0,33,0
"org.apache.lucene.search.FieldCacheRangeFilter$FieldCacheRangeFilter<Short>",1,0.00,8.00,18,0.31,21584.20,1,0,7,3,3,89.57,0,25,0,1,89.57,0.00,0.00,0.00,0,0.00,8,940.11,0,1,3,java.lang.Object,0.00,2,0,8,0,2,0,0,0,168,0
"org.apache.lucene.search.FieldCacheRangeFilter$FieldCacheRangeFilter<Short>$FieldCacheDocIdSet_1",1,0.00,1.00,3,0.04,676.73,1,0,7,1,0,130.91,0,5,0,1,130.91,0.00,0.00,0.00,0,1.00,1,124.79,0,0,0,java.lang.Object,0.00,0,0,1,0,0,1,0,0,33,0
"org.apache.lucene.search.FieldCacheRangeFilter$FieldCacheRangeFilter<String>",1,0.00,10.00,28,0.44,39086.89,1,0,7,6,3,80.56,4,33,0,1,80.33,0.00,0.00,0.00,0,0.00,10,1318.76,0,1,3,java.lang.Object,0.00,5,0,10,0,5,0,0,4,229,0
"org.apache.lucene.search.FieldCacheRangeFilter$FieldCacheRangeFilter<String>$FieldCacheDocIdSet",1,0.00,1.00,4,0.05,1120.60,1,0,7,2,0,124.53,0,6,0,1,124.53,0.00,0.00,0.00,0,1.00,1,162.25,0,0,0,java.lang.Object,0.00,1,0,1,0,1,1,0,0,40,0
"org.apache.lucene.search.FieldCacheRewriteMethod",1,0.00,1.00,6,0.07,1225.90,1,0,9,5,10,69.18,10,9,1,2,117.65,0.00,0.50,0.00,0,1.00,1,207.51,0,1,9,MultiTermQuery.RewriteMethod,0.00,4,1,1,0,4,0,0,1,50,2
"org.apache.lucene.search.FieldCacheRewriteMethod$MultiTermQueryFieldCacheWrapperFilter",6,0.20,1.83,33,0.40,15695.30,7,1,9,21,6,167.87,11,45,0,2,117.87,0.00,0.50,0.83,1,0.00,4,1206.95,0,3,6,org.apache.lucene.search.Filter,0.00,15,1,11,0,15,3,0,6,251,1
"org.apache.lucene.search.FieldCacheRewriteMethod$MultiTermQueryFieldCacheWrapperFilter$FieldCacheRangeFilter.FieldCacheDocIdSet",1,0.00,1.00,3,0.04,425.68,1,0,9,3,0,132.50,0,5,0,1,132.50,0.00,0.00,0.00,0,1.00,1,113.92,0,0,0,java.lang.Object,0.00,2,0,1,0,2,1,0,0,30,0
"org.apache.lucene.search.FieldCacheRewriteMethod$MultiTermQueryFieldCacheWrapperFilter$Terms",6,0.00,1.00,13,0.11,1730.58,6,0,9,8,2,140.40,0,25,0,1,140.40,0.00,0.00,0.00,0,6.00,1,341.85,0,2,2,java.lang.Object,0.00,2,0,6,0,2,4,0,0,93,0
"org.apache.lucene.search.FieldCacheTermsFilter",4,0.33,1.75,29,0.33,12773.20,6,2,7,12,9,120.88,69,31,2,2,111.75,1.00,0.33,0.25,1,6.00,3,982.05,0,1,7,org.apache.lucene.util.Filter,0.00,8,1,7,1,8,3,0,1,205,1
"org.apache.lucene.search.FieldCacheTermsFilter$FieldCacheRangeFilter.FieldCacheDocIdSet",1,0.00,1.00,3,0.03,334.51,1,0,7,3,0,133.32,0,5,0,1,133.32,0.00,0.00,0.00,0,1.00,1,102.14,0,0,0,java.lang.Object,0.00,2,0,1,0,2,1,0,0,28,0
"org.apache.lucene.search.FieldComparator",8,0.00,1.38,30,0.40,9684.49,8,0,19,9,60,155.13,153,35,53,1,128.85,0.00,0.00,0.00,0,8.00,4,1200.96,0,1,7,java.lang.Object,0.00,1,0,11,17,1,7,0,22,270,2
"org.apache.lucene.search.FieldComparator$ByteComparator",7,0.12,1.29,28,0.38,9117.87,11,4,19,10,1,123.96,6,44,0,2,123.96,0.00,0.50,0.36,0,0.00,2,1125.68,1,1,1,org.apache.lucene.search.NumericComparator,0.00,3,1,9,0,3,6,0,6,252,3
"org.apache.lucene.search.FieldComparator$DocComparator",7,0.06,1.00,19,0.21,3964.32,10,3,19,8,1,138.09,5,33,0,2,138.09,0.00,0.50,0.38,0,0.00,1,617.38,0,1,1,org.apache.lucene.search.FieldComparator,0.67,1,1,7,0,1,6,0,5,158,3
"org.apache.lucene.search.FieldComparator$DoubleComparator",7,0.12,1.86,40,0.47,14841.16,11,4,19,10,1,118.59,6,58,0,2,118.59,0.00,0.50,0.36,0,0.00,4,1400.14,1,1,1,org.apache.lucene.search.NumericComparator,0.00,3,1,13,0,3,6,0,6,304,3
"org.apache.lucene.search.FieldComparator$FloatComparator",7,0.12,1.86,40,0.47,14841.16,11,4,19,10,1,168.59,9,58,0,2,118.59,0.00,0.50,0.36,0,0.00,4,1400.14,1,1,1,org.apache.lucene.search.NumericComparator,0.00,3,1,13,0,3,6,0,9,304,3
"org.apache.lucene.search.FieldComparator$FloatDocValuesComparator",7,0.12,1.71,38,0.39,11049.36,11,4,19,12,3,119.62,0,55,0,2,119.62,0.00,0.50,0.36,0,0.00,3,1177.89,0,1,3,org.apache.lucene.search.FieldComparator,0.67,5,1,12,0,5,6,0,0,264,3
"org.apache.lucene.search.FieldComparator$IntComparator",7,0.12,1.86,40,0.46,15679.56,11,4,19,10,1,158.29,15,58,0,2,118.40,0.00,0.50,0.36,0,0.00,4,1389.50,1,1,1,org.apache.lucene.search.NumericComparator,0.00,3,1,13,0,3,6,0,15,304,3
"org.apache.lucene.search.FieldComparator$IntDocValuesComparator",7,0.12,1.71,38,0.39,10806.56,11,4,19,12,3,119.69,4,55,0,2,119.69,0.00,0.50,0.36,0,0.00,3,1170.49,0,1,3,org.apache.lucene.search.FieldComparator,0.67,5,1,12,0,5,6,0,4,263,3
"org.apache.lucene.search.FieldComparator$LongComparator",7,0.12,1.86,40,0.47,14841.16,11,4,19,10,1,168.59,10,58,0,2,118.59,0.00,0.50,0.36,0,0.00,4,1400.14,1,1,1,org.apache.lucene.search.NumericComparator,0.00,3,1,13,0,3,6,0,10,304,3
"org.apache.lucene.search.FieldComparator$NumericComparator",2,0.33,2.00,15,0.16,3694.55,5,3,19,3,2,113.59,1,21,0,2,113.59,0.00,0.50,0.50,0,2.00,3,469.48,0,0,2,org.apache.lucene.search.FieldComparator,0.00,1,1,4,0,1,2,0,1,105,3
"org.apache.lucene.search.FieldComparator$RelevanceComparator",9,0.04,1.56,28,0.35,9869.02,12,3,19,13,3,129.16,6,47,0,2,129.16,0.00,0.50,0.30,0,7.00,3,1056.81,0,1,3,org.apache.lucene.search.FieldComparator,0.71,4,1,14,0,4,8,0,6,250,3
"org.apache.lucene.search.FieldComparator$ShortComparator",7,0.12,1.29,28,0.38,9117.87,11,4,19,10,1,123.96,6,44,0,2,123.96,0.00,0.50,0.36,0,0.00,2,1125.68,1,1,1,org.apache.lucene.search.NumericComparator,0.00,3,1,9,0,3,6,0,6,252,3
"org.apache.lucene.search.FieldComparator$TermOrdValComparator",7,0.21,2.86,82,0.97,45636.45,18,11,19,20,2,69.65,44,106,0,2,101.88,0.00,0.50,0.27,0,4.00,7,2897.02,0,1,2,org.apache.lucene.search.FieldComparator,0.53,13,1,20,0,13,6,0,21,564,3
"org.apache.lucene.search.FieldComparator$TermOrdValComparator$AnyOrdComparator",3,0.17,3.33,36,0.39,16498.80,6,3,19,6,1,140.90,7,49,0,2,101.01,0.00,0.50,0.44,0,1.00,6,1162.94,0,0,1,org.apache.lucene.search.PerSegmentComparator,0.00,3,1,10,0,3,3,0,7,242,2
"org.apache.lucene.search.FieldComparator$TermOrdValComparator$ByteOrdComparator",3,0.17,3.33,36,0.38,17346.53,6,3,19,5,1,140.73,7,48,0,2,100.84,0.00,0.50,0.44,0,1.00,6,1139.03,0,0,1,org.apache.lucene.search.PerSegmentComparator,0.00,2,1,10,0,2,3,0,7,235,2
"org.apache.lucene.search.FieldComparator$TermOrdValComparator$IntOrdComparator",3,0.17,3.33,36,0.36,15868.29,6,3,19,5,1,141.03,7,48,0,2,101.15,0.00,0.50,0.44,0,1.00,6,1082.89,0,0,1,org.apache.lucene.search.PerSegmentComparator,0.00,2,1,10,0,2,3,0,7,228,2
"org.apache.lucene.search.FieldComparator$TermOrdValComparator$PerSegmentComparator",5,0.00,1.60,17,0.18,4134.58,5,0,19,10,2,130.12,0,30,0,2,130.12,0.00,0.50,0.00,0,5.00,4,551.80,0,1,2,org.apache.lucene.search.FieldComparator,0.46,5,1,8,0,5,4,0,0,138,1
"org.apache.lucene.search.FieldComparator$TermOrdValComparator$ShortOrdComparator",3,0.17,3.33,36,0.38,17346.53,6,3,19,5,1,140.73,7,48,0,2,100.84,0.00,0.50,0.44,0,1.00,6,1139.03,0,0,1,org.apache.lucene.search.PerSegmentComparator,0.00,2,1,10,0,2,3,0,7,235,2
"org.apache.lucene.search.FieldComparator$TermOrdValComparator$TermOrdValDocValuesComparator",9,0.15,3.11,105,1.39,78004.97,21,12,19,32,4,68.66,60,141,0,2,100.88,0.00,0.50,0.21,1,12.00,9,4175.56,0,1,4,org.apache.lucene.search.FieldComparator,0.47,23,1,28,0,23,8,0,32,788,3
"org.apache.lucene.search.FieldComparator$TermOrdValComparator$TermOrdValDocValuesComparator$AnyOrdComparator_4",3,0.25,2.00,24,0.28,8949.34,5,2,19,5,1,159.79,4,34,0,2,109.79,0.00,0.50,0.33,0,1.00,3,846.12,0,0,1,org.apache.lucene.search.PerSegmentComparator,0.00,2,1,6,0,2,3,0,4,181,2
"org.apache.lucene.search.FieldComparator$TermOrdValComparator$TermOrdValDocValuesComparator$ByteOrdComparator_1",3,0.17,2.00,26,0.29,9743.42,6,3,19,5,1,159.50,4,35,0,2,109.50,0.00,0.50,0.44,0,1.00,3,883.95,0,0,1,org.apache.lucene.search.PerSegmentComparator,0.00,2,1,6,0,2,3,0,4,188,2
"org.apache.lucene.search.FieldComparator$TermOrdValComparator$TermOrdValDocValuesComparator$IntOrdComparator_3",3,0.17,2.00,26,0.28,8755.05,6,3,19,5,1,159.87,4,35,0,2,109.87,0.00,0.50,0.44,0,1.00,3,831.49,0,0,1,org.apache.lucene.search.PerSegmentComparator,0.00,2,1,6,0,2,3,0,4,181,2
"org.apache.lucene.search.FieldComparator$TermOrdValComparator$TermOrdValDocValuesComparator$PerSegmentComparator_0",5,0.00,1.00,13,0.16,2816.22,5,0,19,9,2,138.11,0,24,0,2,138.11,0.00,0.50,0.00,0,8.00,1,466.07,0,1,2,org.apache.lucene.search.FieldComparator,0.46,4,1,5,0,4,4,0,0,120,1
"org.apache.lucene.search.FieldComparator$TermOrdValComparator$TermOrdValDocValuesComparator$ShortOrdComparator_2",3,0.17,2.00,26,0.29,9743.42,6,3,19,5,1,159.50,4,35,0,2,109.50,0.00,0.50,0.44,0,1.00,3,883.95,0,0,1,org.apache.lucene.search.PerSegmentComparator,0.00,2,1,6,0,2,3,0,4,188,2
"org.apache.lucene.search.FieldComparator$TermOrdValComparator$TermOrdValDocValuesComparator$TermValComparator",8,0.09,2.25,47,0.49,14886.26,13,5,19,12,2,118.99,0,70,0,2,118.99,0.00,0.50,0.28,0,0.00,4,1475.03,0,1,2,org.apache.lucene.search.FieldComparator,0.62,4,1,18,0,4,7,0,0,330,3
"org.apache.lucene.search.FieldComparator$TermOrdValComparator$TermOrdValDocValuesComparator$TermValDocValuesComparator",8,0.09,1.25,35,0.41,10410.81,13,5,19,14,4,123.97,0,53,0,2,123.97,0.00,0.50,0.28,0,0.00,2,1216.93,0,1,4,org.apache.lucene.search.FieldComparator,0.62,6,1,10,0,6,7,0,0,279,3
"org.apache.lucene.search.FieldComparatorSource",1,0.00,1.00,2,0.02,195.12,1,0,1,1,15,131.38,15,4,14,1,141.74,0.00,0.00,0.00,0,1.00,1,74.12,0,0,1,java.lang.Object,0.00,0,0,1,6,0,1,0,2,21,2
"org.apache.lucene.search.FieldDoc",4,1.00,1.25,21,0.22,6678.19,5,1,0,10,11,81.94,50,25,10,2,119.50,1.00,0.33,0.25,0,6.00,2,649.75,1,1,1,org.apache.lucene.search.ScoreDoc,0.29,6,1,5,1,6,3,0,10,148,1
"org.apache.lucene.search.FieldValueHitQueue",8,0.00,1.50,40,0.49,16434.02,12,4,2,13,21,86.53,53,49,17,2,118.75,2.00,0.25,0.25,0,16.00,3,1469.69,0,1,4,org.apache.lucene.util.PriorityQueue,0.00,5,1,12,2,5,7,0,16,323,2
"org.apache.lucene.search.FieldValueHitQueue$Entry",2,1.00,1.00,7,0.07,911.22,3,1,2,2,1,132.27,0,11,0,2,132.27,0.00,0.50,0.50,0,2.00,1,197.96,1,1,1,org.apache.lucene.search.ScoreDoc,0.40,0,1,2,0,0,1,0,0,53,2
"org.apache.lucene.search.FieldValueHitQueue$MultiComparatorsFieldValueHitQueue",2,0.00,3.00,23,0.29,15518.32,2,0,2,3,2,151.27,2,25,0,3,101.27,0.00,0.67,0.00,0,0.00,3,863.24,1,0,2,org.apache.lucene.search.FieldValueHitQueue,0.00,1,2,6,0,1,2,0,2,175,3
"org.apache.lucene.search.FieldValueHitQueue$OneComparatorFieldValueHitQueue",2,0.00,2.00,15,0.21,7810.13,3,1,2,3,2,131.65,7,21,0,3,111.03,0.00,0.67,1.00,0,0.00,2,643.50,1,0,2,org.apache.lucene.search.FieldValueHitQueue,0.00,1,2,4,0,1,2,0,2,139,3
"org.apache.lucene.search.Filter",1,0.00,1.00,2,0.02,130.77,1,0,4,1,67,180.14,30,3,64,1,143.10,0.00,0.00,0.00,0,1.00,1,54.63,0,1,3,java.lang.Object,0.00,0,0,1,19,0,0,0,2,17,2
"org.apache.lucene.search.FilteredDocIdSet",5,0.50,1.00,12,0.10,2369.05,6,1,2,9,10,106.48,33,20,7,2,138.70,2.00,0.25,0.60,0,2.00,1,309.56,0,2,3,org.apache.lucene.search.DocIdSet,0.00,4,1,5,2,4,3,0,5,85,2
"org.apache.lucene.search.FilteredDocIdSet$Bits",2,0.00,1.00,5,0.04,565.12,2,0,2,5,1,140.47,0,7,0,1,140.47,0.00,0.00,0.00,0,2.00,1,128.82,0,0,1,java.lang.Object,0.00,3,0,2,0,3,2,0,0,37,0
"org.apache.lucene.search.FilteredDocIdSet$FilteredDocIdSetIterator",1,0.00,1.00,3,0.03,406.62,1,0,2,2,1,132.66,0,5,0,1,132.66,0.00,0.00,0.00,0,1.00,1,94.80,0,0,1,java.lang.Object,0.00,1,0,1,0,1,1,0,0,27,0
"org.apache.lucene.search.FilteredDocIdSetIterator",5,0.12,2.40,27,0.22,7325.12,7,2,1,7,3,140.41,16,42,2,2,119.80,1.00,0.33,0.60,1,0.00,5,674.60,0,0,1,org.apache.lucene.search.DocIdSetIterator,0.75,2,1,12,1,2,5,0,3,161,2
"org.apache.lucene.search.FilteredQuery",10,0.00,1.20,40,0.42,11531.24,12,2,7,25,20,145.00,39,60,13,2,124.39,1.00,0.33,0.50,1,0.00,2,1256.38,2,5,8,org.apache.lucene.search.Query,0.10,15,1,12,1,15,5,0,9,301,1
"org.apache.lucene.search.FilteredQuery$Weight",6,0.00,2.17,41,0.60,31058.07,6,0,7,22,8,152.43,13,58,0,1,112.55,0.00,0.00,0.00,0,10.00,5,1796.07,0,2,8,java.lang.Object,0.00,16,0,13,0,16,4,0,13,344,0
"org.apache.lucene.search.FilteredQuery$Weight$Scorer",6,0.00,2.50,43,0.37,13714.38,8,2,7,12,2,162.81,6,55,0,1,112.81,0.00,0.00,0.50,1,2.00,5,1104.14,0,0,2,java.lang.Object,0.00,6,0,15,0,6,6,0,6,246,0
"org.apache.lucene.search.FuzzyQuery",11,0.14,2.45,66,0.93,37827.53,18,7,8,31,28,96.05,55,98,19,3,113.92,0.00,0.67,0.27,0,21.00,9,2781.90,4,3,9,org.apache.lucene.search.MultiTermQuery,0.10,20,2,27,0,20,8,0,9,572,1
"org.apache.lucene.search.FuzzyTermsEnum",22,0.04,1.82,132,2.01,107964.93,40,18,24,63,25,133.39,67,184,3,2,112.77,0.00,0.50,0.09,4,86.00,7,6023.74,0,9,22,org.apache.lucene.index.TermsEnum,0.43,41,1,40,0,41,13,0,31,1150,2
"org.apache.lucene.search.FuzzyTermsEnum$AutomatonFuzzyTermsEnum",3,0.33,3.00,33,0.43,16857.26,6,3,24,10,7,122.99,11,42,0,3,102.37,0.00,0.67,0.56,1,0.00,5,1294.83,0,1,7,org.apache.lucene.index.FilteredTermsEnum,0.00,7,2,9,0,7,2,0,11,254,1
"org.apache.lucene.search.FuzzyTermsEnum$LevenshteinAutomataAttribute",1,0.00,1.00,2,0.01,109.13,1,0,24,1,0,143.72,0,3,0,2,143.72,0.00,0.50,0.00,0,1.00,1,43.65,0,1,0,,0.00,0,1,1,0,0,0,0,0,15,2
"org.apache.lucene.search.FuzzyTermsEnum$LevenshteinAutomataAttributeImpl",5,0.00,1.40,16,0.19,4312.61,6,1,24,12,2,130.01,0,29,0,2,130.01,0.00,0.50,1.00,0,0.00,3,578.59,0,1,2,org.apache.lucene.util.AttributeImpl,0.20,7,1,7,0,7,4,1,0,140,3
"org.apache.lucene.search.FuzzyTermsEnum$LinearFuzzyTermsEnum",4,0.28,4.25,65,1.00,115917.45,10,6,24,14,5,139.89,99,73,0,3,90.61,0.00,0.67,0.38,1,0.00,11,3007.15,1,1,5,org.apache.lucene.index.FilteredTermsEnum,0.00,10,2,17,0,10,3,0,37,560,1
"org.apache.lucene.search.HitQueue",3,0.00,1.33,7,0.11,3479.32,3,0,1,4,6,115.43,42,16,4,2,135.57,0.00,0.50,0.00,0,3.00,2,324.05,0,1,2,org.apache.lucene.util.PriorityQueue,0.12,1,1,4,0,1,2,0,4,82,1
"org.apache.lucene.search.IndexSearcher",33,0.02,1.58,166,2.20,93509.39,42,9,29,74,324,69.53,295,214,299,1,117.64,0.00,0.00,0.09,5,373.00,6,6598.91,0,8,28,java.lang.Object,0.00,41,0,52,6,41,25,1,52,1343,1
"org.apache.lucene.search.IndexSearcher$SearcherCallableNoSort",2,0.71,2.00,30,0.32,9510.83,9,7,29,6,5,148.01,2,35,0,1,98.01,0.00,0.00,0.50,0,2.00,3,963.73,0,0,5,java.lang.Object,0.00,4,0,4,0,4,2,1,2,197,3
"org.apache.lucene.search.IndexSearcher$SearcherCallableWithSort",5,0.09,1.40,53,0.67,22079.81,13,8,29,21,11,105.15,21,64,0,1,104.92,0.00,0.00,0.20,0,10.00,2,2016.44,0,1,11,java.lang.Object,0.00,16,0,7,0,16,4,1,4,400,3
"org.apache.lucene.search.IndexSearcher$SearcherCallableWithSort$ExecutionHelper",6,0.20,1.50,21,0.22,4174.99,8,2,29,13,1,130.72,1,33,0,1,130.72,0.00,0.00,0.33,2,6.00,4,654.18,0,1,1,java.lang.Object,0.00,7,0,9,0,7,5,2,1,157,3
"org.apache.lucene.search.IndexSearcher$SearcherCallableWithSort$FakeScorer",6,0.40,1.00,15,0.10,1185.38,8,2,29,7,1,141.69,0,27,0,3,141.69,0.00,0.67,0.17,0,14.00,1,294.95,0,0,1,org.apache.lucene.search.Scorer,0.94,1,2,6,0,1,6,0,0,87,2
"org.apache.lucene.search.IndexSearcher$SearcherCallableWithSort$LeafSlice",1,1.00,1.00,4,0.03,364.00,2,1,29,1,0,128.37,0,7,0,1,128.37,0.00,0.00,0.00,0,1.00,1,81.51,0,0,0,java.lang.Object,0.00,0,0,1,0,0,1,0,0,24,2
"org.apache.lucene.search.JustCompileSearch",0,0.00,0.00,19,0.27,4999.22,1,1,8,0,6,171.00,7,29,0,1,171.00,0.00,0.00,0.00,0,0.00,0,813.36,0,0,6,java.lang.Object,0.00,0,0,0,0,0,0,0,1,142,1
"org.apache.lucene.search.JustCompileSearch$JustCompileCollector",4,0.00,1.00,9,0.10,1231.92,4,0,8,5,2,140.17,0,19,0,2,140.17,0.00,0.50,0.00,0,0.00,1,285.84,0,0,2,org.apache.lucene.search.Collector,0.50,1,1,4,0,1,4,0,0,75,2
"org.apache.lucene.search.JustCompileSearch$JustCompileDocIdSet",1,0.00,1.00,3,0.03,333.41,1,0,8,2,2,133.33,0,6,0,2,133.33,0.00,0.50,0.00,0,0.00,1,80.57,0,1,2,org.apache.lucene.search.DocIdSet,0.00,1,1,1,0,1,0,0,0,23,2
"org.apache.lucene.search.JustCompileSearch$JustCompileDocIdSetIterator",3,0.00,1.00,7,0.07,905.87,3,0,8,4,1,140.24,0,14,0,2,140.24,0.00,0.50,0.00,0,0.00,1,201.08,0,0,1,org.apache.lucene.search.DocIdSetIterator,1.00,1,1,3,0,1,3,0,0,55,2
"org.apache.lucene.search.JustCompileSearch$JustCompileExtendedFieldCacheDoubleParser",1,0.00,1.00,3,0.03,225.40,1,0,8,2,1,134.67,0,5,0,1,134.67,0.00,0.00,0.00,0,0.00,1,75.13,0,0,1,java.lang.Object,0.00,1,0,1,0,1,1,1,0,22,2
"org.apache.lucene.search.JustCompileSearch$JustCompileExtendedFieldCacheLongParser",1,0.00,1.00,3,0.03,225.40,1,0,8,2,1,134.67,0,5,0,1,134.67,0.00,0.00,0.00,0,0.00,1,75.13,0,0,1,java.lang.Object,0.00,1,0,1,0,1,1,1,0,22,2
"org.apache.lucene.search.JustCompileSearch$JustCompileFieldComparator",6,0.00,1.00,13,0.15,2031.60,6,0,8,7,1,139.85,0,27,0,2,139.85,0.00,0.50,0.00,0,0.00,1,447.66,0,2,1,org.apache.lucene.search.FieldComparator,0.71,1,1,6,0,1,4,0,0,116,2
"org.apache.lucene.search.JustCompileSearch$JustCompileFieldComparatorSource",1,0.00,1.00,3,0.04,535.66,1,0,8,2,2,131.71,0,7,0,2,131.71,0.00,0.50,0.00,0,0.00,1,125.07,0,1,2,org.apache.lucene.search.FieldComparatorSource,0.00,1,1,1,0,1,0,0,0,31,2
"org.apache.lucene.search.JustCompileSearch$JustCompileFilter",1,0.00,1.00,3,0.03,313.57,1,0,8,1,3,173.43,2,6,0,2,133.54,0.00,0.50,0.00,0,1.00,1,87.65,0,1,3,org.apache.lucene.search.Filter,0.00,0,1,1,0,0,0,0,2,24,2
"org.apache.lucene.search.JustCompileSearch$JustCompileFilteredDocIdSet",2,0.00,1.00,5,0.04,367.80,2,0,8,3,2,141.94,0,9,0,3,141.94,0.00,0.67,0.00,0,2.00,1,110.57,0,0,2,org.apache.lucene.search.FilteredDocIdSet,0.43,1,2,2,0,1,2,0,0,33,2
"org.apache.lucene.search.JustCompileSearch$JustCompileFilteredDocIdSetIterator",2,0.00,1.00,5,0.04,367.80,2,0,8,3,2,141.94,0,9,0,3,141.94,0.00,0.67,0.00,0,2.00,1,110.57,0,0,2,org.apache.lucene.search.FilteredDocIdSetIterator,0.30,1,2,2,0,1,2,0,0,33,2
"org.apache.lucene.search.JustCompileSearch$JustCompilePhraseScorer",2,0.00,1.00,5,0.06,683.78,2,0,8,3,2,139.82,0,10,0,4,139.82,0.00,0.75,0.00,0,2.00,1,173.30,0,0,2,org.apache.lucene.search.PhraseScorer,0.19,1,3,2,0,1,2,0,0,46,2
"org.apache.lucene.search.JustCompileSearch$JustCompileQuery",1,0.00,1.00,3,0.03,325.43,1,0,8,2,1,133.42,0,6,0,2,133.42,0.00,0.50,0.00,0,0.00,1,78.86,0,1,1,org.apache.lucene.search.Query,0.00,1,1,1,0,1,0,0,0,23,2
"org.apache.lucene.search.JustCompileSearch$JustCompileScorer",6,0.00,1.00,13,0.13,1706.94,6,0,8,7,3,140.45,0,26,0,3,140.45,0.00,0.67,0.00,0,0.00,1,385.45,0,0,3,org.apache.lucene.search.Scorer,0.75,1,2,6,0,1,6,0,0,103,2
"org.apache.lucene.search.JustCompileSearch$JustCompileSimilarity",4,0.00,1.00,9,0.12,1506.11,4,0,8,5,4,139.49,0,18,0,2,139.49,0.00,0.50,0.00,0,0.00,1,359.94,0,3,4,org.apache.lucene.search.similarities.Similarity,0.00,1,1,4,0,1,1,0,0,88,2
"org.apache.lucene.search.JustCompileSearch$JustCompileSimilarityProvider",3,0.00,1.00,7,0.06,541.15,3,0,8,4,2,142.00,0,11,0,1,142.00,0.00,0.00,0.00,0,0.00,1,166.74,0,1,2,java.lang.Object,0.00,1,0,3,0,1,2,1,0,48,2
"org.apache.lucene.search.JustCompileSearch$JustCompileTopDocsCollector",8,0.00,1.00,17,0.18,2223.10,8,0,8,9,5,140.53,0,34,0,3,140.53,0.00,0.67,0.00,0,0.00,1,525.81,0,3,5,org.apache.lucene.search.TopDocsCollector,0.75,1,2,8,0,1,5,0,0,139,2
"org.apache.lucene.search.JustCompileSearch$JustCompileWeight",5,0.00,1.00,11,0.13,1705.36,5,0,8,6,5,139.83,0,24,0,2,139.83,0.00,0.50,0.00,0,0.00,1,389.90,0,3,5,org.apache.lucene.search.Weight,0.55,1,1,5,0,1,2,0,0,99,2
"org.apache.lucene.search.MatchAllDocsQuery",5,0.00,1.20,17,0.19,3988.77,5,0,7,12,53,130.31,4,28,46,2,130.31,0.00,0.50,0.00,0,5.00,2,580.74,1,2,7,org.apache.lucene.search.Query,0.13,7,1,6,0,7,3,0,1,143,1
"org.apache.lucene.search.MatchAllDocsQuery$MatchAllDocsWeight",7,0.17,1.14,22,0.25,4887.10,9,2,7,12,8,130.78,1,40,0,2,130.78,0.00,0.50,0.36,0,3.00,2,745.00,0,4,8,org.apache.lucene.search.Weight,0.46,5,1,8,0,5,3,0,1,178,1
"org.apache.lucene.search.MatchAllDocsQuery$MatchAllScorer",5,0.06,1.40,24,0.22,5710.06,9,4,7,6,4,124.39,0,36,0,3,124.39,0.00,0.67,0.30,1,4.00,3,662.25,0,0,4,org.apache.lucene.search.Scorer,0.80,1,2,7,0,1,5,0,0,157,1
"org.apache.lucene.search.MaxNonCompetitiveBoostAttribute",4,0.00,1.00,5,0.03,124.80,4,0,3,4,8,159.47,16,6,5,2,159.23,0.00,0.50,0.00,0,4.00,1,78.03,0,1,3,,0.00,0,1,4,0,0,3,0,5,30,1
"org.apache.lucene.search.MaxNonCompetitiveBoostAttributeImpl",6,0.00,1.00,18,0.15,2170.46,8,2,2,8,4,133.06,3,27,1,2,133.06,0.00,0.50,0.50,0,2.00,1,454.19,0,1,3,org.apache.lucene.util.AttributeImpl,0.18,2,1,6,0,2,5,1,1,117,2
"org.apache.lucene.search.MockFilter",3,0.00,1.00,9,0.07,887.78,4,1,4,5,6,133.74,0,14,1,2,133.74,0.00,0.50,1.00,0,0.00,1,206.12,0,1,5,org.apache.lucene.search.Filter,0.00,2,1,3,0,2,2,0,0,55,1
"org.apache.lucene.search.MultiCollector",6,1.00,3.33,48,0.40,26460.64,7,1,4,12,15,108.57,26,64,13,2,108.34,0.00,0.50,0.00,0,6.00,10,1202.94,0,1,2,org.apache.lucene.search.Collector,0.40,6,1,20,0,6,5,0,6,262,1
"org.apache.lucene.search.MultiCollectorTest",3,0.00,1.67,29,0.34,10566.78,3,0,6,12,3,147.24,8,37,0,2,107.36,0.00,0.50,0.00,0,3.00,2,1023.98,0,0,3,org.apache.lucene.util.LuceneTestCase,0.00,9,1,5,0,9,3,0,8,213,1
"org.apache.lucene.search.MultiCollectorTest$DummyCollector",4,0.00,1.00,14,0.12,1767.65,8,4,6,4,2,132.37,0,24,0,2,132.37,0.00,0.50,0.25,0,12.00,1,366.33,0,0,2,org.apache.lucene.search.Collector,0.50,0,1,4,0,0,4,0,0,95,2
"org.apache.lucene.search.MultiPhraseQuery",15,0.02,2.60,112,1.51,79099.24,19,4,16,49,34,130.56,48,142,18,2,109.95,0.00,0.50,0.23,2,60.00,8,4523.46,1,4,16,org.apache.lucene.search.Query,0.08,34,1,39,0,34,11,0,17,900,1
"org.apache.lucene.search.MultiPhraseQuery$MultiPhraseWeight",6,0.20,3.00,75,1.23,81654.83,8,2,16,47,18,147.94,6,95,0,2,97.94,0.00,0.50,0.67,0,0.00,9,3685.98,0,2,18,org.apache.lucene.search.Weight,0.50,41,1,18,0,41,4,0,6,634,1
"org.apache.lucene.search.MultiPhraseQuery$UnionDocsAndPositionsEnum",8,0.07,2.00,59,0.74,37525.85,12,4,16,34,5,110.41,5,79,0,4,110.41,0.00,0.75,0.31,1,16.00,4,2211.49,0,1,5,org.apache.lucene.index.DocsAndPositionsEnum,1.33,26,3,16,0,26,7,0,5,439,0
"org.apache.lucene.search.MultiPhraseQuery$UnionDocsAndPositionsEnum$DocsQueue",3,0.00,1.67,12,0.15,3371.74,3,0,16,8,3,124.40,0,19,0,2,124.40,0.00,0.50,0.00,0,3.00,3,445.00,2,1,3,org.apache.lucene.util.PriorityQueue,0.00,5,1,5,0,5,2,0,0,104,3
"org.apache.lucene.search.MultiPhraseQuery$UnionDocsAndPositionsEnum$IntQueue",6,0.40,1.17,22,0.18,3555.04,10,4,16,8,0,131.33,0,30,0,1,131.33,0.00,0.00,0.58,1,0.00,2,554.95,0,0,0,java.lang.Object,0.00,2,0,7,0,2,6,0,0,142,3
"org.apache.lucene.search.MultiTermQuery",9,0.03,1.78,43,0.57,21589.10,13,4,9,20,62,111.44,143,59,53,2,121.79,10.00,0.08,0.22,1,3.00,7,1695.98,1,5,11,org.apache.lucene.search.Query,0.11,11,1,16,10,11,4,0,16,367,2
"org.apache.lucene.search.MultiTermQuery$ConstantScoreAutoRewrite",0,0.00,0.00,1,0.02,186.81,0,0,9,0,1,171.00,0,1,0,4,171.00,0.00,0.75,0.00,0,0.00,0,51.89,0,0,1,org.apache.lucene.search.ConstantScoreAutoRewrite,0.00,0,3,0,0,0,0,0,0,15,2
"org.apache.lucene.search.MultiTermQuery$ConstantScoreAutoRewrite_1",2,0.00,1.00,5,0.04,499.34,2,0,9,3,0,140.89,0,9,0,1,140.89,0.00,0.00,0.00,0,2.00,1,129.84,0,0,0,java.lang.Object,0.00,1,0,2,0,1,2,0,0,36,0
"org.apache.lucene.search.MultiTermQuery$RewriteMethod",1,0.00,1.00,2,0.02,146.32,1,0,9,1,3,142.72,0,3,0,1,142.72,0.00,0.00,0.00,0,1.00,1,58.53,0,1,3,java.lang.Object,0.00,0,0,1,0,0,0,0,0,18,3
"org.apache.lucene.search.MultiTermQuery$RewriteMethod_0",1,0.00,1.00,5,0.06,1508.92,1,0,9,5,5,119.90,0,7,0,1,119.90,0.00,0.00,0.00,0,1.00,1,179.90,0,1,5,java.lang.Object,0.00,4,0,1,0,4,0,0,0,42,0
"org.apache.lucene.search.MultiTermQuery$TopTermsBoostOnlyBooleanQueryRewrite",4,0.00,1.00,11,0.13,2102.87,4,0,9,10,7,188.35,7,19,0,4,138.35,0.00,0.75,0.00,0,4.00,1,404.48,0,0,7,org.apache.lucene.search.TopTermsRewrite,0.57,6,3,4,0,6,4,0,1,97,3
"org.apache.lucene.search.MultiTermQuery$TopTermsScoringBooleanQueryRewrite",4,0.00,1.00,11,0.13,2069.52,4,0,9,9,5,188.40,7,19,0,4,138.40,0.00,0.75,0.00,0,4.00,1,385.28,0,0,5,org.apache.lucene.search.TopTermsRewrite,0.57,5,3,4,0,5,4,0,1,94,3
"org.apache.lucene.search.MultiTermQueryWrapperFilter",6,0.20,2.50,49,0.59,37598.01,7,1,9,21,13,107.44,29,62,5,2,107.20,3.00,0.20,0.83,1,0.00,7,1782.92,0,2,8,org.apache.lucene.util.Filter,0.00,15,1,15,3,15,4,0,11,342,1
"org.apache.lucene.search.MultiThreadTermVectorsReader",5,0.00,2.40,53,0.53,18495.12,9,4,10,22,8,105.40,3,54,1,1,105.40,0.00,0.00,0.25,1,6.00,4,1604.55,0,0,7,java.lang.Object,0.00,17,0,12,0,17,5,1,3,329,0
"org.apache.lucene.search.NGramPhraseQuery",4,0.67,3.00,36,0.47,36731.79,5,1,3,8,6,86.07,20,48,2,3,103.94,0.00,0.67,0.50,0,4.00,7,1415.48,6,1,4,org.apache.lucene.search.PhraseQuery,0.11,4,2,12,0,4,3,0,10,279,1
"org.apache.lucene.search.NRTManager",21,0.14,2.33,119,1.44,43872.52,29,8,17,50,12,100.72,111,167,3,1,118.59,0.00,0.00,0.26,2,14.00,7,4329.15,0,0,11,java.lang.Object,0.00,29,0,49,0,29,21,1,26,915,1
"org.apache.lucene.search.NRTManager$SearcherManagerRef",2,0.00,1.00,12,0.09,1081.97,5,3,17,3,1,120.45,1,15,0,1,120.45,0.00,0.00,0.33,0,2.00,1,259.38,0,0,1,java.lang.Object,0.00,1,0,2,0,1,2,1,1,68,2
"org.apache.lucene.search.NRTManager$WaitingListener",1,0.00,1.00,2,0.01,66.01,1,0,17,1,0,145.44,0,3,0,1,145.44,0.00,0.00,0.00,0,1.00,1,40.14,0,0,0,,0.00,0,0,1,0,0,1,0,0,14,2
"org.apache.lucene.search.NRTManagerReopenThread",4,0.28,3.50,50,0.57,26492.75,10,6,3,18,3,144.31,90,70,2,2,100.37,0.00,0.50,0.38,0,2.00,9,1710.56,0,0,2,java.lang.Thread,0.00,14,1,14,0,14,4,2,21,327,1
"org.apache.lucene.search.NumericRangeFilter",14,0.00,1.00,29,0.59,17172.69,14,0,3,24,11,117.58,82,66,7,3,135.45,0.00,0.67,0.00,0,34.00,1,1773.35,0,8,5,org.apache.lucene.search.MultiTermQueryWrapperFilter,0.00,10,2,14,0,10,6,0,15,415,2
"org.apache.lucene.search.NumericRangeQuery",18,0.03,2.06,68,1.42,63415.14,24,6,12,34,27,80.98,200,129,18,3,125.11,0.00,0.67,0.19,0,90.00,7,4274.37,5,10,10,org.apache.lucene.search.MultiTermQuery,0.08,16,2,37,0,16,8,0,23,877,2
"org.apache.lucene.search.NumericRangeQuery$NumericRangeTermsEnum",4,0.58,8.00,68,0.93,73557.31,8,4,12,17,4,130.93,10,92,0,3,91.04,0.00,0.67,0.69,1,0.00,23,2790.80,0,2,4,org.apache.lucene.index.FilteredTermsEnum,0.00,13,2,32,0,13,2,0,10,513,2
"org.apache.lucene.search.NumericRangeQuery$NumericRangeTermsEnum$NumericUtils.IntRangeBuilder",1,0.00,1.00,4,0.04,629.26,1,0,12,1,1,126.50,0,6,0,1,126.50,0.00,0.00,0.00,0,0.00,1,113.18,0,0,1,java.lang.Object,0.00,0,0,1,0,0,1,0,0,31,0
"org.apache.lucene.search.NumericRangeQuery$NumericRangeTermsEnum$NumericUtils.LongRangeBuilder",1,0.00,1.00,4,0.04,629.26,1,0,12,1,1,126.50,0,6,0,1,126.50,0.00,0.00,0.00,0,0.00,1,113.18,0,0,1,java.lang.Object,0.00,0,0,1,0,0,1,0,0,31,0
"org.apache.lucene.search.PhrasePositions",6,0.25,1.67,36,0.30,5083.71,14,8,2,10,5,139.41,21,48,3,1,118.80,0.00,0.00,0.33,1,0.00,2,913.78,0,1,2,java.lang.Object,0.00,4,0,10,0,4,5,0,14,214,1
"org.apache.lucene.search.PhraseQuery",13,0.10,2.15,90,1.19,65869.58,18,5,18,39,66,133.24,44,112,50,2,112.62,1.00,0.33,0.29,2,15.00,8,3561.09,2,4,17,org.apache.lucene.search.Query,0.17,26,1,28,1,26,9,0,12,717,1
"org.apache.lucene.search.PhraseQuery$PhraseWeight",8,0.10,2.12,74,1.30,70184.73,11,3,18,51,21,154.18,8,95,0,2,104.18,0.00,0.50,0.42,1,0.00,7,3897.36,0,2,21,org.apache.lucene.search.Weight,0.43,43,1,17,0,43,6,0,8,684,1
"org.apache.lucene.search.PhraseQuery$PostingsAndFreq",4,0.42,3.75,34,0.39,16315.68,8,4,18,8,2,108.58,0,43,0,1,108.58,0.00,0.00,0.56,0,0.00,9,1182.23,0,0,2,java.lang.Object,0.00,4,0,15,0,4,4,1,0,266,1
"org.apache.lucene.search.PhraseQueue",2,0.00,2.50,12,0.14,8137.34,2,0,1,2,3,163.34,2,21,1,2,113.34,0.00,0.50,0.00,0,2.00,4,427.10,0,0,2,org.apache.lucene.util.PriorityQueue,0.00,0,1,5,0,0,2,0,2,102,1
"org.apache.lucene.search.PhraseScorer",9,0.09,1.78,51,0.53,19197.29,13,4,2,12,6,139.19,33,69,2,3,118.58,1.00,0.40,0.33,1,0.00,5,1597.99,0,1,4,org.apache.lucene.search.Scorer,0.79,3,2,16,2,3,8,0,16,346,1
"org.apache.lucene.search.PositiveScoresOnlyCollector",5,0.00,1.20,15,0.15,2610.20,7,2,2,11,4,181.76,7,26,1,2,131.76,0.00,0.50,0.50,0,0.00,2,453.39,0,0,3,org.apache.lucene.search.Collector,0.67,6,1,6,0,6,5,0,3,117,1
"org.apache.lucene.search.PrefixFilter",3,0.00,1.00,11,0.10,2058.03,3,0,1,9,4,180.87,5,14,1,3,130.87,0.00,0.67,0.00,1,4.00,1,285.89,0,2,3,org.apache.lucene.search.MultiTermQueryWrapperFilter,0.33,6,2,3,0,6,1,0,2,76,1
"org.apache.lucene.search.PrefixQuery",6,0.20,2.50,35,0.43,14892.11,7,1,6,19,27,167.98,10,51,20,3,117.98,0.00,0.67,0.83,0,0.00,7,1276.62,4,3,7,org.apache.lucene.search.MultiTermQuery,0.12,13,2,15,0,13,3,0,5,281,1
"org.apache.lucene.search.PrefixTermsEnum",2,1.00,1.50,10,0.09,1336.11,3,1,4,3,5,143.20,7,15,2,3,122.59,0.00,0.67,0.50,0,2.00,2,256.54,1,1,3,org.apache.lucene.index.FilteredTermsEnum,0.00,1,2,3,0,1,1,0,1,64,1
"org.apache.lucene.search.Query",10,0.67,1.50,31,0.32,7118.74,11,1,4,15,378,130.88,47,47,376,1,130.65,0.00,0.00,0.40,1,18.00,5,955.90,1,5,4,java.lang.Object,0.00,5,0,15,58,5,5,1,11,232,2
"org.apache.lucene.search.QueryTermVector",10,0.11,2.30,80,1.01,59117.89,12,2,13,38,7,157.42,10,96,1,1,107.42,0.00,0.00,0.40,1,10.00,6,3041.53,0,3,6,java.lang.Object,0.00,28,0,23,0,28,7,1,4,590,1
"org.apache.lucene.search.QueryUtils",11,1.00,2.55,119,2.11,105486.78,12,1,18,60,44,102.36,47,165,25,1,102.13,0.00,0.00,0.09,7,20.00,7,6339.90,0,1,20,java.lang.Object,0.00,49,0,28,0,49,10,0,28,1170,1
"org.apache.lucene.search.QueryUtils$Collector",4,0.00,4.25,48,1.16,83678.65,7,3,18,22,5,146.39,4,73,0,1,96.39,0.00,0.00,0.33,0,4.00,12,3472.73,0,0,5,java.lang.Object,0.00,18,0,17,0,18,4,0,4,559,0
"org.apache.lucene.search.QueryUtils$Collector_0",4,0.00,2.25,41,0.77,41814.12,7,3,18,20,6,151.86,4,52,0,1,101.86,0.00,0.00,0.33,0,4.00,4,2311.19,0,0,6,java.lang.Object,0.00,16,0,9,0,16,4,0,4,401,0
"org.apache.lucene.search.QueryUtils$Query",1,0.00,1.00,3,0.02,200.88,1,0,18,1,0,135.07,0,5,0,1,135.07,0.00,0.00,0.00,0,1.00,1,52.97,0,1,0,java.lang.Object,0.00,0,0,1,0,0,0,0,0,17,0
"org.apache.lucene.search.QueryWrapperFilter",6,0.20,1.17,18,0.21,4486.74,7,1,3,11,20,170.42,15,30,15,2,130.54,0.00,0.50,0.83,1,0.00,2,631.38,0,2,5,org.apache.lucene.util.Filter,0.00,5,1,7,0,5,4,0,4,152,1
"org.apache.lucene.search.QueryWrapperFilter$DocIdSet",2,0.00,1.00,5,0.04,515.98,2,0,3,3,1,140.78,0,7,0,1,140.78,0.00,0.00,0.00,0,2.00,1,127.94,0,1,1,java.lang.Object,0.00,1,0,2,0,1,1,0,0,35,0
"org.apache.lucene.search.RandomSimilarityProvider",5,0.18,1.60,57,0.74,20344.12,16,11,36,32,30,143.51,14,83,0,2,103.62,0.00,0.50,0.24,0,0.00,2,2210.86,2,2,30,org.apache.lucene.search.similarities.DefaultSimilarityProvider,0.50,27,1,8,0,27,3,0,13,436,1
"org.apache.lucene.search.RegexpQuery",4,0.00,1.25,17,0.20,5053.89,4,0,6,14,20,113.71,63,24,14,4,124.07,0.00,0.75,0.00,0,6.00,2,589.47,1,1,6,org.apache.lucene.search.AutomatonQuery,0.00,10,3,5,0,10,3,0,7,140,1
"org.apache.lucene.search.RegexpQuery$AutomatonProvider",1,0.00,1.00,3,0.02,141.06,1,0,6,1,1,136.28,0,4,0,1,136.28,0.00,0.00,0.00,0,1.00,1,51.02,0,1,1,java.lang.Object,0.00,0,0,1,0,0,0,0,0,16,0
"org.apache.lucene.search.ReqExclScorer",6,0.27,2.67,47,0.41,17969.79,9,3,1,12,3,94.00,32,67,1,3,111.87,0.00,0.67,0.56,0,0.00,5,1235.39,0,0,2,org.apache.lucene.search.Scorer,0.75,6,2,16,0,6,6,0,11,283,0
"org.apache.lucene.search.ReqOptSumScorer",5,0.00,1.60,23,0.24,9999.95,7,2,1,9,2,143.05,17,38,1,3,122.44,0.00,0.67,0.50,0,0.00,4,721.20,0,0,1,org.apache.lucene.search.Scorer,0.80,4,2,8,0,4,5,0,4,171,0
"org.apache.lucene.search.ScoreCachingWrappingScorer",7,0.06,1.14,23,0.23,4446.23,10,3,1,11,6,181.10,12,38,4,3,131.10,0.00,0.67,0.38,0,0.00,2,686.38,0,0,2,org.apache.lucene.search.Scorer,0.71,4,2,8,0,4,7,0,2,173,1
"org.apache.lucene.search.ScoreDoc",3,0.17,1.00,12,0.10,1289.50,6,3,0,3,107,79.70,24,17,107,1,127.81,0.00,0.00,0.22,0,4.00,1,285.23,0,1,0,java.lang.Object,0.00,0,0,3,3,0,2,0,8,79,1
"org.apache.lucene.search.Scorer",7,1.00,1.29,24,0.21,3953.59,8,1,3,11,167,83.37,58,33,166,2,131.47,38.00,0.02,0.14,0,17.00,2,628.27,0,2,3,org.apache.lucene.search.DocIdSetIterator,0.00,4,1,9,38,4,5,0,9,155,2
"org.apache.lucene.search.Scorer$ChildScorer",1,2.00,1.00,6,0.04,570.78,3,2,3,1,1,120.27,0,8,0,1,120.27,0.00,0.00,0.00,0,1.00,1,130.51,0,0,1,java.lang.Object,0.00,0,0,1,0,0,1,0,0,37,2
"org.apache.lucene.search.ScoringRewrite",2,0.00,2.00,26,0.45,26395.99,2,0,13,15,14,67.46,27,30,2,3,96.84,0.00,0.67,0.00,0,2.00,3,1336.27,3,0,13,org.apache.lucene.search.TermCollectingRewrite,0.00,13,2,4,0,13,2,0,5,246,2
"org.apache.lucene.search.ScoringRewrite$ParallelArraysTermCollector",2,0.50,1.50,21,0.38,16794.62,6,4,13,17,8,152.70,2,27,0,2,102.70,0.00,0.50,0.50,0,2.00,2,1133.71,0,0,8,org.apache.lucene.search.TermCollector,0.00,15,1,3,0,15,2,0,2,214,1
"org.apache.lucene.search.ScoringRewrite$RewriteMethod",2,0.00,1.50,9,0.10,2856.48,2,0,13,8,5,173.61,3,13,0,1,123.61,0.00,0.00,0.00,0,2.00,2,313.76,0,2,5,java.lang.Object,0.00,6,0,3,0,6,0,0,3,70,0
"org.apache.lucene.search.ScoringRewrite$ScoringRewrite<BooleanQuery>",4,0.00,1.25,11,0.14,2457.34,4,0,13,10,4,137.76,1,20,0,1,137.76,0.00,0.00,0.00,0,4.00,2,414.94,0,1,4,java.lang.Object,0.00,6,0,5,0,6,3,0,1,99,0
"org.apache.lucene.search.ScoringRewrite$TermFreqBoostByteStart",4,0.33,1.25,24,0.34,16475.72,6,2,13,7,3,113.46,0,33,0,2,113.46,0.00,0.50,0.75,0,0.00,2,1007.70,3,0,3,org.apache.lucene.util.DirectBytesStartArray,0.00,3,1,5,0,3,4,0,0,216,2
"org.apache.lucene.search.SearcherLifetimeManager",6,0.00,2.83,51,0.67,27667.55,8,2,11,30,5,152.16,132,66,0,1,108.22,0.00,0.00,0.50,1,0.00,5,2017.71,0,1,5,java.lang.Object,0.00,24,0,17,0,24,5,1,23,400,1
"org.apache.lucene.search.SearcherLifetimeManager$PruneByAge",2,1.00,1.50,8,0.08,1472.60,3,1,11,3,1,125.87,0,13,0,1,125.87,0.00,0.00,0.50,0,2.00,2,235.55,0,0,1,java.lang.Object,0.00,1,0,3,0,1,2,1,0,59,3
"org.apache.lucene.search.SearcherLifetimeManager$Pruner",1,0.00,1.00,2,0.01,54.79,1,0,11,1,1,113.86,6,3,0,1,146.08,0.00,0.00,0.00,0,1.00,1,36.53,0,0,1,,0.00,0,0,1,0,0,1,0,1,13,1
"org.apache.lucene.search.SearcherLifetimeManager$SearcherTracker",3,0.17,1.67,18,0.18,3560.25,6,3,11,9,1,157.53,6,25,0,1,117.65,0.00,0.00,0.44,0,2.00,3,546.67,0,0,1,java.lang.Object,0.00,6,0,5,0,6,3,2,6,130,2
"org.apache.lucene.search.SearcherManager",9,0.03,1.89,60,0.58,15654.43,13,4,10,24,10,86.93,118,88,3,1,116.31,0.00,0.00,0.28,4,0.00,5,1752.91,0,1,8,java.lang.Object,0.00,15,0,17,0,15,8,0,15,381,2
"org.apache.lucene.search.SearcherManager$IndexWriter.IndexReaderWarmer",1,0.00,1.00,3,0.04,510.62,1,0,10,2,2,131.88,0,5,0,1,131.88,0.00,0.00,0.00,0,0.00,1,105.43,0,0,2,java.lang.Object,0.00,1,0,1,0,1,1,0,0,28,0
"org.apache.lucene.search.SearcherWarmer",1,0.00,1.00,2,0.01,69.06,1,0,2,1,4,97.18,8,3,3,1,145.29,0.00,0.00,0.00,0,1.00,1,36.53,0,0,2,,0.00,0,0,1,0,0,1,0,4,13,1
"org.apache.lucene.search.SingleDocTestFilter",2,1.00,1.50,9,0.11,3263.27,3,1,4,7,5,123.15,0,13,1,2,123.15,0.00,0.50,0.50,0,2.00,2,343.93,0,1,4,org.apache.lucene.search.Filter,0.00,5,1,3,0,5,1,0,0,77,1
"org.apache.lucene.search.SloppyPhraseScorer",5,0.10,7.40,115,1.41,167911.03,10,5,3,18,7,131.37,118,136,2,4,84.10,0.00,0.75,0.28,1,6.00,18,4227.90,0,0,5,org.apache.lucene.search.PhraseScorer,0.17,13,3,37,0,13,5,0,76,770,1
"org.apache.lucene.search.Sort",10,0.22,1.70,43,0.46,17455.60,13,3,2,18,85,74.41,109,55,84,1,122.89,0.00,0.00,0.13,1,18.00,4,1371.11,0,3,2,java.lang.Object,0.00,8,0,17,0,8,7,0,13,312,1
"org.apache.lucene.search.SortField",22,0.02,2.50,133,2.14,106392.58,32,10,4,52,91,80.53,136,206,85,1,112.75,0.00,0.00,0.12,1,178.00,16,6407.25,0,7,6,java.lang.Object,0.00,30,0,55,1,30,15,0,39,1225,1
"org.apache.lucene.search.SortField$Type",0,0.00,0.00,2,0.03,150.12,0,0,4,0,0,171.00,2,15,0,1,171.00,0.00,0.00,0.00,0,0.00,0,75.06,0,0,0,java.lang.Object,0.00,0,0,0,0,0,0,0,1,18,2
"org.apache.lucene.search.TermCollectingRewrite",4,0.00,2.75,29,0.48,32244.29,4,0,13,14,13,158.48,6,38,3,2,108.48,6.00,0.12,0.00,1,4.00,8,1435.68,0,0,10,MultiTermQuery.RewriteMethod,0.00,10,1,11,6,10,4,0,6,262,1
"org.apache.lucene.search.TermCollectingRewrite$TermCollector",3,3.00,1.00,9,0.08,1247.23,6,3,13,4,3,182.58,3,11,0,1,132.58,0.00,0.00,0.00,0,3.00,1,252.57,0,0,3,java.lang.Object,0.00,1,0,3,0,1,3,0,3,67,3
"org.apache.lucene.search.TermQuery",9,0.08,1.44,43,0.50,14709.69,12,3,17,25,214,163.04,18,61,199,2,123.15,0.00,0.50,0.41,2,0.00,3,1488.09,1,3,15,org.apache.lucene.search.Query,0.11,16,1,13,0,16,6,0,12,333,1
"org.apache.lucene.search.TermQuery$TermWeight",10,0.04,1.40,54,0.91,29631.74,13,3,17,41,18,167.51,11,77,0,2,117.51,0.00,0.50,0.30,2,18.00,3,2742.96,0,6,18,org.apache.lucene.search.Weight,0.38,31,1,14,0,31,4,0,7,540,1
"org.apache.lucene.search.TermRangeFilter",8,0.00,1.25,19,0.23,5151.21,8,0,1,15,14,105.38,54,21,11,3,137.60,0.00,0.67,0.00,0,8.00,3,675.59,0,5,3,org.apache.lucene.search.MultiTermQueryWrapperFilter,0.00,7,2,10,0,7,3,0,10,172,1
"org.apache.lucene.search.TermRangeQuery",10,0.28,3.60,64,0.94,44284.73,14,4,6,24,41,113.20,44,84,34,3,112.97,0.00,0.67,0.50,0,0.00,12,2821.77,4,5,7,org.apache.lucene.search.MultiTermQuery,0.10,14,2,36,0,14,5,0,9,589,1
"org.apache.lucene.search.TermRangeTermsEnum",2,1.00,3.50,29,0.32,10937.21,7,5,5,5,5,116.66,36,40,2,3,98.52,0.00,0.67,0.70,0,0.00,4,968.92,1,1,3,org.apache.lucene.index.FilteredTermsEnum,0.00,3,2,7,0,3,1,0,6,199,1
"org.apache.lucene.search.TermScorer",9,0.26,1.89,69,0.66,23650.56,18,9,3,16,6,112.64,40,90,1,3,112.40,0.00,0.67,0.35,1,0.00,4,1984.00,0,1,5,org.apache.lucene.search.Scorer,0.79,7,2,17,0,7,8,0,15,421,1
"org.apache.lucene.search.TermStatistics",4,0.11,1.00,14,0.09,1248.36,7,3,2,4,19,173.45,9,19,17,1,133.56,0.00,0.00,0.25,0,10.00,1,269.02,0,1,2,java.lang.Object,0.00,0,0,4,0,0,3,0,4,77,1
"org.apache.lucene.search.TestAutomatonQuery",11,0.10,1.09,95,1.38,33886.14,15,4,16,50,19,149.71,29,124,0,2,109.82,0.00,0.50,0.34,2,0.00,2,4149.57,2,1,19,org.apache.lucene.util.LuceneTestCase,0.00,39,1,12,0,39,10,0,16,835,1
"org.apache.lucene.search.TestAutomatonQueryUnicode",6,0.15,1.00,65,0.76,23912.87,10,4,11,24,12,145.23,13,75,0,2,105.34,0.00,0.50,0.38,2,6.00,1,2286.40,2,1,12,org.apache.lucene.util.LuceneTestCase,0.00,18,1,6,0,18,5,0,4,446,1
"org.apache.lucene.search.TestBlockJoin",12,0.00,4.92,377,7.83,913079.15,12,0,19,73,29,76.80,51,406,0,2,76.56,0.00,0.50,0.00,8,12.00,37,23498.22,0,7,29,org.apache.lucene.util.LuceneTestCase,0.00,61,1,59,0,61,5,0,51,3410,1
"org.apache.lucene.search.TestBoolean2",15,0.14,1.87,206,3.41,157678.92,25,10,18,62,27,147.63,15,244,1,2,97.63,0.00,0.50,0.23,1,0.00,9,10219.75,0,1,26,org.apache.lucene.util.LuceneTestCase,0.00,47,1,28,0,47,14,0,13,1837,1
"org.apache.lucene.search.TestBoolean2$Callback",1,0.00,1.00,2,0.01,52.70,1,0,18,1,1,146.21,0,3,0,1,146.21,0.00,0.00,0.00,0,1.00,1,31.26,0,0,1,,0.00,0,0,1,0,0,1,0,0,12,2
"org.apache.lucene.search.TestBoolean2$DefaultSimilarityProvider",1,0.00,1.00,3,0.03,601.38,1,0,18,1,0,131.32,0,5,0,1,131.32,0.00,0.00,0.00,0,1.00,1,93.95,0,0,0,java.lang.Object,0.00,0,0,1,0,0,1,0,0,26,0
"org.apache.lucene.search.TestBooleanMinShouldMatch",19,0.20,1.63,207,3.96,159234.22,22,3,12,55,16,84.82,113,242,0,2,102.69,0.00,0.50,0.14,2,63.00,8,11893.25,0,0,16,org.apache.lucene.util.LuceneTestCase,0.00,36,1,31,0,36,19,0,112,2261,1
"org.apache.lucene.search.TestBooleanMinShouldMatch$TestBoolean2.Callback",1,0.00,3.00,10,0.12,3530.76,1,0,12,5,2,105.51,0,9,0,1,105.51,0.00,0.00,0.00,0,1.00,3,345.51,0,0,2,java.lang.Object,0.00,4,0,3,0,4,1,0,0,72,0
"org.apache.lucene.search.TestBooleanOr",8,0.33,1.00,74,1.08,31502.94,17,9,8,26,12,127.71,29,91,0,2,107.09,0.00,0.50,0.40,0,4.00,1,3248.65,2,0,12,org.apache.lucene.util.LuceneTestCase,0.00,18,1,8,0,18,8,0,9,688,1
"org.apache.lucene.search.TestBooleanQuery",5,0.00,5.00,180,3.33,241901.17,5,0,19,69,25,96.30,17,199,0,2,75.69,0.00,0.50,0.00,0,5.00,19,9997.82,0,0,25,org.apache.lucene.util.LuceneTestCase,0.00,64,1,25,0,64,5,0,17,1574,1
"org.apache.lucene.search.TestBooleanQuery$DefaultSimilarityProvider",2,0.00,1.00,5,0.04,726.21,2,0,19,4,1,139.61,0,9,0,1,139.61,0.00,0.00,0.00,0,2.00,1,131.85,0,1,1,java.lang.Object,0.00,2,0,2,0,2,1,0,0,38,0
"org.apache.lucene.search.TestBooleanScorer",3,0.25,2.33,78,1.29,60572.58,5,2,14,33,15,134.12,4,82,0,2,84.12,0.00,0.50,0.33,0,5.00,3,3881.31,0,0,15,org.apache.lucene.util.LuceneTestCase,0.00,30,1,7,0,30,3,0,4,650,1
"org.apache.lucene.search.TestBooleanScorer$Collector",4,0.67,1.00,9,0.08,974.14,5,1,14,5,1,140.98,0,17,0,1,140.98,0.00,0.00,0.50,0,4.00,1,234.46,0,0,1,java.lang.Object,0.00,1,0,4,0,1,4,0,0,66,0
"org.apache.lucene.search.TestBooleanScorer$Collector_0",4,1.00,1.00,10,0.11,1566.64,5,1,14,7,2,139.35,1,18,0,1,139.35,0.00,0.00,0.00,0,4.00,1,316.97,0,0,2,java.lang.Object,0.00,3,0,4,0,3,4,0,1,82,0
"org.apache.lucene.search.TestCachingCollector",5,0.25,3.20,69,0.86,34356.59,6,1,3,18,2,119.58,19,68,0,2,98.96,0.00,0.50,0.80,0,0.00,4,2567.32,0,0,2,org.apache.lucene.util.LuceneTestCase,0.00,13,1,16,0,13,5,0,19,492,1
"org.apache.lucene.search.TestCachingCollector$Collector",4,1.00,1.00,9,0.08,1041.96,5,1,3,5,1,140.75,0,15,0,1,140.75,0.00,0.00,0.25,0,6.00,1,253.44,0,0,1,java.lang.Object,0.00,1,0,4,0,1,4,0,0,70,0
"org.apache.lucene.search.TestCachingCollector$MockScorer",5,0.00,1.00,11,0.08,896.67,5,0,3,5,1,142.02,0,13,0,3,142.02,0.00,0.67,0.00,0,5.00,1,234.91,0,0,1,org.apache.lucene.search.Scorer,0.80,0,2,5,0,0,5,0,0,69,2
"org.apache.lucene.search.TestCachingCollector$NoOpCollector",5,1.00,1.00,9,0.08,837.06,6,1,3,5,2,153.49,0,16,0,2,153.49,0.00,0.50,0.20,0,8.00,1,245.92,0,0,2,org.apache.lucene.search.Collector,0.44,0,1,5,0,0,5,0,0,72,2
"org.apache.lucene.search.TestCachingWrapperFilter",7,0.00,1.29,125,1.94,79430.84,7,0,14,51,24,93.35,28,140,0,2,93.11,0.00,0.50,0.00,1,7.00,2,5826.29,0,1,24,org.apache.lucene.util.LuceneTestCase,0.00,44,1,9,0,44,6,0,28,1030,1
"org.apache.lucene.search.TestCachingWrapperFilter$Filter",1,0.00,1.00,3,0.02,204.75,1,0,14,1,2,135.00,0,5,0,1,135.00,0.00,0.00,0.00,0,1.00,1,65.11,0,1,2,java.lang.Object,0.00,0,0,1,0,0,0,0,0,19,0
"org.apache.lucene.search.TestCachingWrapperFilter$Filter_0",1,0.00,1.00,3,0.02,189.62,1,0,14,2,2,135.26,0,5,0,1,135.26,0.00,0.00,0.00,0,1.00,1,59.81,0,1,2,java.lang.Object,0.00,1,0,1,0,1,0,0,0,18,0
"org.apache.lucene.search.TestCachingWrapperFilter$Filter_0$DocIdSet",1,0.00,1.00,3,0.01,149.03,1,0,14,1,1,136.09,0,5,0,1,136.09,0.00,0.00,0.00,0,1.00,1,44.54,0,1,1,java.lang.Object,0.00,0,0,1,0,0,0,0,0,15,0
"org.apache.lucene.search.TestCachingWrapperFilter$Filter_1",1,0.00,1.00,3,0.03,472.36,1,0,14,3,3,132.14,0,5,0,1,132.14,0.00,0.00,0.00,0,1.00,1,103.91,0,1,3,java.lang.Object,0.00,2,0,1,0,2,0,0,0,27,0
"org.apache.lucene.search.TestComplexExplanations",24,0.00,1.00,196,3.41,141980.04,24,0,4,52,15,107.61,20,238,1,3,107.61,0.50,0.50,0.00,1,104.00,1,10239.84,9,1,14,org.apache.lucene.search.TestExplanations,0.00,28,2,24,1,28,23,0,13,1921,1
"org.apache.lucene.search.TestComplexExplanations$DefaultSimilarityProvider",1,0.00,1.00,3,0.02,200.88,1,0,4,1,0,185.07,1,5,0,1,135.07,0.00,0.00,0.00,0,1.00,1,52.97,0,0,0,java.lang.Object,0.00,0,0,1,0,0,1,0,1,17,0
"org.apache.lucene.search.TestComplexExplanationsOfNonMatches",1,0.00,1.00,3,0.04,549.65,1,0,0,2,3,180.90,24,7,0,4,131.62,0.00,0.75,0.00,0,0.00,1,119.24,0,0,3,org.apache.lucene.search.TestComplexExplanations,0.00,1,3,1,0,1,1,0,3,30,1
"org.apache.lucene.search.TestConstantScoreQuery",4,0.00,1.75,69,1.19,54066.58,4,0,10,36,19,142.44,6,76,0,2,92.44,0.00,0.50,0.00,1,4.00,4,3584.23,0,0,19,org.apache.lucene.util.LuceneTestCase,0.00,32,1,7,0,32,4,0,5,643,1
"org.apache.lucene.search.TestConstantScoreQuery$Collector",4,1.00,1.25,14,0.18,4517.67,5,1,10,9,2,129.11,0,23,0,1,129.11,0.00,0.00,0.00,0,4.00,2,550.28,0,0,2,java.lang.Object,0.00,5,0,5,0,5,4,0,0,125,0
"org.apache.lucene.search.TestConstantScoreQuery$DefaultSimilarityProvider",1,0.00,1.00,3,0.02,200.88,1,0,10,1,0,135.07,0,5,0,1,135.07,0.00,0.00,0.00,0,1.00,1,52.97,0,0,0,java.lang.Object,0.00,0,0,1,0,0,1,0,0,17,0
"org.apache.lucene.search.TestCustomSearcherSort",7,0.08,2.57,85,1.19,54881.00,11,4,15,39,14,57.57,50,99,0,2,99.86,0.00,0.50,0.32,3,4.00,5,3556.86,2,0,14,org.apache.lucene.util.LuceneTestCase,0.00,32,1,18,0,32,7,0,40,659,1
"org.apache.lucene.search.TestCustomSearcherSort$CustomSearcher",3,0.50,1.00,15,0.26,5681.72,4,1,15,8,10,101.25,17,25,0,2,119.12,0.00,0.50,0.67,0,1.00,1,779.83,1,2,10,org.apache.lucene.search.IndexSearcher,0.00,5,1,3,0,5,1,0,3,162,1
"org.apache.lucene.search.TestCustomSearcherSort$RandomGen",2,0.00,1.00,7,0.08,1012.32,4,2,15,6,1,131.91,1,11,0,1,131.91,0.00,0.00,0.50,0,2.00,1,246.16,0,1,1,java.lang.Object,0.00,4,0,2,0,4,1,0,1,62,1
"org.apache.lucene.search.TestDateFilter",2,0.00,1.00,63,1.32,58425.00,2,0,10,21,13,69.85,31,81,0,2,80.20,0.00,0.50,0.00,0,2.00,1,3962.71,0,0,13,org.apache.lucene.util.LuceneTestCase,0.00,19,1,2,0,19,2,0,23,650,1
"org.apache.lucene.search.TestDateSort",4,0.42,1.25,49,0.67,16814.19,8,4,11,25,15,102.39,16,54,0,2,102.16,0.00,0.50,0.56,1,0.00,2,2018.90,2,1,15,org.apache.lucene.util.LuceneTestCase,0.00,21,1,5,0,21,3,0,13,380,1
"org.apache.lucene.search.TestDisjunctionMaxQuery",15,0.16,2.00,262,4.67,209974.23,20,5,18,61,24,112.91,52,339,0,2,92.29,0.00,0.50,0.35,2,0.00,3,13999.67,2,2,24,org.apache.lucene.util.LuceneTestCase,0.00,46,1,30,0,46,13,0,41,2374,1
"org.apache.lucene.search.TestDisjunctionMaxQuery$DefaultSimilarityProvider",1,0.00,1.00,3,0.02,238.65,1,0,18,2,2,134.48,0,5,0,1,134.48,0.00,0.00,0.00,0,1.00,1,63.51,0,1,2,java.lang.Object,0.00,1,0,1,0,1,0,0,0,19,0
"org.apache.lucene.search.TestDisjunctionMaxQuery$TestSimilarity",4,0.00,1.25,8,0.08,1228.26,4,0,18,6,1,140.13,1,16,0,2,140.13,0.00,0.50,0.00,0,4.00,2,237.64,0,0,1,org.apache.lucene.index.DefaultSimilarity,0.00,2,1,5,0,2,4,0,1,66,2
"org.apache.lucene.search.TestDocBoost",1,0.00,3.00,29,0.46,20878.31,1,0,9,23,11,49.96,6,32,0,2,82.18,0.00,0.50,0.00,0,1.00,3,1366.72,0,0,11,org.apache.lucene.util.LuceneTestCase,0.00,22,1,3,0,22,1,0,3,225,1
"org.apache.lucene.search.TestDocBoost$Collector",4,0.17,1.00,11,0.11,1680.83,6,2,9,5,1,139.11,0,19,0,1,139.11,0.00,0.00,0.38,0,4.00,1,330.56,0,0,1,java.lang.Object,0.00,1,0,4,0,1,4,0,0,85,0
"org.apache.lucene.search.TestDocIdSet",2,0.00,3.00,38,0.62,25515.49,2,0,13,33,12,130.60,4,45,0,2,90.72,0.00,0.50,0.00,0,2.00,5,1861.24,0,0,12,org.apache.lucene.util.LuceneTestCase,0.00,31,1,6,0,31,2,0,4,325,1
"org.apache.lucene.search.TestDocIdSet$DocIdSet",1,0.00,1.00,3,0.01,138.80,1,0,13,2,1,136.33,0,5,0,1,136.33,0.00,0.00,0.00,0,1.00,1,39.70,0,1,1,java.lang.Object,0.00,1,0,1,0,1,0,0,0,14,0
"org.apache.lucene.search.TestDocIdSet$DocIdSet$DocIdSetIterator",3,0.00,1.67,10,0.09,1823.63,4,1,13,3,0,131.16,0,16,0,1,131.16,0.00,0.00,1.00,0,0.00,2,270.60,0,0,0,java.lang.Object,0.00,0,0,5,0,0,3,0,0,70,0
"org.apache.lucene.search.TestDocIdSet$Filter",1,0.00,1.00,3,0.03,276.44,1,0,13,1,2,133.98,0,5,0,1,133.98,0.00,0.00,0.00,0,1.00,1,76.00,0,1,2,java.lang.Object,0.00,0,0,1,0,0,0,0,0,21,0
"org.apache.lucene.search.TestDocIdSet$FilteredDocIdSet",1,0.00,1.00,3,0.03,358.99,1,0,13,1,0,183.08,1,5,0,1,133.08,0.00,0.00,0.00,0,1.00,1,78.03,0,0,0,java.lang.Object,0.00,0,0,1,0,0,1,0,1,22,0
"org.apache.lucene.search.TestDocValuesScoring",1,0.00,1.00,56,0.95,52143.87,2,1,19,28,19,112.58,22,59,0,2,68.64,0.00,0.50,1.00,0,0.00,1,2859.33,0,0,19,org.apache.lucene.util.LuceneTestCase,0.00,27,1,1,0,27,1,0,12,460,1
"org.apache.lucene.search.TestDocValuesScoring$BoostingSimilarity",5,0.12,1.00,18,0.24,4600.70,7,2,19,13,4,129.86,0,28,0,2,129.86,0.00,0.50,0.60,0,0.00,1,731.88,0,3,4,org.apache.lucene.search.similarities.Similarity,0.00,8,1,5,0,8,2,0,0,169,1
"org.apache.lucene.search.TestDocValuesScoring$BoostingSimilarity$ExactDocScorer",2,0.00,1.00,10,0.16,4869.78,2,0,19,8,1,118.26,0,14,0,1,118.26,0.00,0.00,0.00,0,2.00,1,480.65,0,1,1,java.lang.Object,0.00,6,0,2,0,6,1,0,0,105,0
"org.apache.lucene.search.TestDocValuesScoring$BoostingSimilarity$SloppyDocScorer",4,0.00,1.00,14,0.22,5869.57,4,0,19,12,2,128.27,0,22,0,1,128.27,0.00,0.00,0.00,0,6.00,1,649.83,0,1,2,java.lang.Object,0.00,8,0,4,0,8,3,0,0,148,0
"org.apache.lucene.search.TestDocValuesScoring$SimilarityProvider",3,1.00,1.33,8,0.10,1584.64,4,1,19,8,1,138.26,0,13,0,1,138.26,0.00,0.00,0.33,0,4.00,2,299.32,0,1,1,java.lang.Object,0.00,5,0,4,0,5,2,0,0,78,0
"org.apache.lucene.search.TestElevationComparator",4,0.67,1.75,59,1.11,41413.20,5,1,13,39,19,117.12,14,69,0,2,96.50,0.00,0.50,0.50,3,4.00,2,3341.43,0,2,19,org.apache.lucene.util.LuceneTestCase,0.00,35,1,7,0,35,2,0,4,588,1
"org.apache.lucene.search.TestExplanations",19,0.03,1.11,81,1.03,26158.72,26,7,18,43,24,163.69,49,105,4,2,123.80,7.00,0.11,0.11,6,73.00,2,3104.61,0,14,20,org.apache.lucene.util.LuceneTestCase,0.00,24,1,21,7,24,5,0,22,689,1
"org.apache.lucene.search.TestExplanations$ItemizedFilter",3,0.00,1.33,13,0.12,4244.92,3,0,18,3,1,123.66,0,15,0,3,123.66,0.00,0.67,0.00,0,4.00,2,351.62,0,1,1,org.apache.lucene.search.FieldCacheTermsFilter,0.00,0,2,4,0,0,2,0,0,87,2
"org.apache.lucene.search.TestFieldCache",8,0.17,5.62,298,5.67,834059.17,14,6,20,94,14,112.47,17,278,0,2,72.59,0.00,0.50,0.31,1,0.00,22,17015.12,2,1,14,org.apache.lucene.util.LuceneTestCase,0.00,86,1,45,0,86,7,0,17,2520,1
"org.apache.lucene.search.TestFieldCache$Runnable",1,0.00,1.00,4,0.02,240.37,1,0,20,3,0,129.79,0,6,0,1,129.79,0.00,0.00,0.00,0,1.00,1,74.61,0,0,0,java.lang.Object,0.00,2,0,1,0,2,1,0,0,22,0
"org.apache.lucene.search.TestFieldCache$Thread",1,0.00,9.00,31,0.38,31932.84,1,0,20,13,1,119.28,2,35,0,1,79.39,0.00,0.00,0.00,0,0.00,9,1148.03,0,0,1,java.lang.Object,0.00,12,0,9,0,12,1,0,2,197,0
"org.apache.lucene.search.TestFieldCacheRangeFilter",8,0.00,1.12,351,9.35,1187814.52,8,0,9,46,13,89.93,30,366,0,3,69.32,0.00,0.67,0.00,0,0.00,2,28035.21,1,0,13,org.apache.lucene.search.BaseTestRangeFilter,0.00,38,2,9,0,38,8,0,22,4520,1
"org.apache.lucene.search.TestFieldCacheRewriteMethod",1,0.00,1.00,9,0.16,3830.91,1,0,3,7,8,107.42,4,12,0,3,107.19,0.00,0.67,0.00,0,0.00,1,480.80,0,0,8,org.apache.lucene.search.TestRegexpRandom2,0.00,6,2,1,0,6,1,0,2,96,1
"org.apache.lucene.search.TestFieldCacheTermsFilter",1,0.00,2.00,35,0.57,31749.22,1,0,8,21,9,45.57,6,35,0,2,77.79,0.00,0.50,0.00,0,1.00,2,1713.32,0,0,9,org.apache.lucene.util.LuceneTestCase,0.00,20,1,2,0,20,1,0,2,283,1
"org.apache.lucene.search.TestFilteredQuery",17,0.01,1.06,148,2.41,85826.04,22,5,13,52,23,148.02,35,170,0,2,108.14,0.00,0.50,0.21,8,8.00,2,7225.60,2,2,23,org.apache.lucene.util.LuceneTestCase,0.00,35,1,18,0,35,15,0,24,1342,1
"org.apache.lucene.search.TestFilteredQuery$Filter",1,0.00,4.00,7,0.11,3296.84,1,0,13,6,3,111.45,0,9,0,1,111.45,0.00,0.00,0.00,0,1.00,4,325.29,0,1,3,java.lang.Object,0.00,5,0,4,0,5,0,0,0,70,0
"org.apache.lucene.search.TestFilteredQuery$Filter_0",1,0.00,1.00,6,0.06,1109.64,1,0,13,5,3,117.99,0,8,0,1,117.99,0.00,0.00,0.00,0,1.00,1,182.23,0,1,3,java.lang.Object,0.00,4,0,1,0,4,0,0,0,42,0
"org.apache.lucene.search.TestFilteredQuery$FilteredQueryRA",2,1.00,1.00,7,0.06,770.38,3,1,13,2,4,132.84,0,11,0,3,132.84,0.00,0.67,0.50,0,2.00,1,187.74,0,0,4,org.apache.lucene.search.FilteredQuery,0.00,0,2,2,0,0,2,0,0,50,3
"org.apache.lucene.search.TestFilteredSearch",2,1.00,2.50,38,0.57,16329.06,3,1,15,31,16,112.90,7,43,0,2,92.28,0.00,0.50,0.50,1,2.00,4,1720.49,0,0,16,org.apache.lucene.util.LuceneTestCase,0.00,29,1,5,0,29,2,0,5,305,1
"org.apache.lucene.search.TestFilteredSearch$SimpleDocIdSetFilter",3,0.00,2.33,22,0.25,15937.65,5,2,15,8,4,109.95,0,27,0,2,109.95,0.00,0.50,0.50,0,1.00,5,758.41,0,1,4,org.apache.lucene.search.Filter,0.00,5,1,7,0,5,2,0,0,151,3
"org.apache.lucene.search.TestFuzzyQuery",8,0.00,1.50,328,6.34,1034037.85,8,0,12,35,13,52.62,45,337,0,2,70.50,0.00,0.50,0.00,1,8.00,3,19014.19,0,0,13,org.apache.lucene.util.LuceneTestCase,0.00,27,1,12,0,27,8,0,36,3181,1
"org.apache.lucene.search.TestFuzzyQuery2",3,0.25,3.00,61,1.19,57913.37,5,2,16,43,15,127.77,65,72,0,2,88.47,0.00,0.50,0.33,2,5.00,6,3567.84,0,1,15,org.apache.lucene.util.LuceneTestCase,0.00,40,1,9,0,40,2,0,7,574,1
"org.apache.lucene.search.TestFuzzyQuery2$DefaultSimilarityProvider",2,0.00,1.00,5,0.05,799.15,2,0,16,4,1,139.28,0,9,0,1,139.28,0.00,0.00,0.00,0,2.00,1,147.05,0,1,1,java.lang.Object,0.00,2,0,2,0,2,1,0,0,41,0
"org.apache.lucene.search.TestMatchAllDocsQuery",3,1.00,1.00,45,0.76,25508.90,4,1,11,35,15,136.07,6,50,0,2,96.18,0.00,0.50,0.33,1,4.00,1,2293.82,0,0,15,org.apache.lucene.util.LuceneTestCase,0.00,32,1,3,0,32,3,0,3,409,1
"org.apache.lucene.search.TestMultiTermConstantScore",13,0.14,1.62,250,5.26,657791.01,16,3,18,51,23,126.03,37,278,0,3,86.15,0.00,0.67,0.21,4,13.00,3,15771.88,1,4,23,org.apache.lucene.search.BaseTestRangeFilter,0.00,38,2,21,0,38,9,0,37,2696,1
"org.apache.lucene.search.TestMultiTermConstantScore$Collector",4,0.17,1.00,11,0.12,1576.28,6,2,18,6,1,139.33,0,19,0,1,139.33,0.00,0.00,0.38,0,4.00,1,354.47,0,0,1,java.lang.Object,0.00,2,0,4,0,2,4,0,0,90,0
"org.apache.lucene.search.TestMultiTermConstantScore$DefaultSimilarityProvider",2,0.00,1.00,5,0.05,799.15,2,0,18,4,1,139.28,0,9,0,1,139.28,0.00,0.00,0.00,0,2.00,1,147.05,0,1,1,java.lang.Object,0.00,2,0,2,0,2,1,0,0,41,0
"org.apache.lucene.search.TestMultiTermQueryRewrites",13,0.12,1.69,134,1.75,67794.97,22,9,16,53,19,104.30,5,155,0,2,104.30,0.00,0.50,0.22,6,19.00,3,5264.40,0,2,19,org.apache.lucene.util.LuceneTestCase,0.00,40,1,22,0,40,11,0,5,1022,1
"org.apache.lucene.search.TestMultiTermQueryRewrites$MultiTermQuery",2,0.00,1.00,5,0.06,828.91,2,0,16,5,5,139.16,0,9,0,1,139.16,0.00,0.00,0.00,0,2.00,1,175.17,0,2,5,java.lang.Object,0.00,3,0,2,0,3,0,0,0,45,0
"org.apache.lucene.search.TestMultiTermQueryRewrites$MultiTermQuery$BytesRef",1,0.00,1.00,5,0.07,1019.00,2,1,16,5,1,121.24,0,8,0,1,121.24,0.00,0.00,1.00,0,0.00,1,207.14,1,1,1,java.lang.Object,0.00,4,0,1,0,4,0,0,0,51,0
"org.apache.lucene.search.TestMultiThreadTermVectors",4,0.11,3.50,63,0.66,32364.92,7,3,10,27,12,146.07,6,69,0,2,96.07,0.00,0.50,0.25,0,0.00,6,1994.69,2,0,12,org.apache.lucene.util.LuceneTestCase,0.00,23,1,14,0,23,4,0,6,379,1
"org.apache.lucene.search.TestMultiValuedNumericRangeQuery",1,0.00,5.00,41,0.67,31508.47,1,0,12,27,12,57.17,5,38,0,2,75.05,0.00,0.50,0.00,0,1.00,5,2014.08,0,0,12,org.apache.lucene.util.LuceneTestCase,0.00,26,1,5,0,26,1,0,1,317,1
"org.apache.lucene.search.TestNGramPhraseQuery",3,0.50,1.00,52,0.72,42681.02,5,2,7,18,7,142.40,3,52,0,2,92.40,0.00,0.50,0.83,0,0.00,1,2152.20,0,0,7,org.apache.lucene.util.LuceneTestCase,0.00,15,1,3,0,15,3,0,3,410,1
"org.apache.lucene.search.TestNot",1,0.00,1.00,18,0.28,6274.58,1,0,7,19,10,94.51,4,20,0,2,94.27,0.00,0.50,0.00,0,1.00,1,851.79,0,0,10,org.apache.lucene.util.LuceneTestCase,0.00,18,1,1,0,18,1,0,1,152,1
"org.apache.lucene.search.TestNumericRangeQuery32",39,0.00,1.49,382,7.11,501487.71,45,6,19,103,29,102.95,26,474,0,2,102.95,0.00,0.50,0.17,8,288.00,5,21343.53,1,0,29,org.apache.lucene.util.LuceneTestCase,0.00,64,1,58,0,64,39,0,26,3751,1
"org.apache.lucene.search.TestNumericRangeQuery64",46,0.03,1.41,396,7.25,497532.18,52,6,19,109,29,105.47,26,504,0,2,105.47,0.00,0.50,0.14,8,358.00,5,21763.20,1,0,29,org.apache.lucene.util.LuceneTestCase,0.00,63,1,65,0,63,46,0,26,3852,1
"org.apache.lucene.search.TestPhrasePrefixQuery",1,0.00,2.00,47,0.80,53533.41,1,0,12,30,12,21.23,9,50,0,2,71.23,0.00,0.50,0.00,0,1.00,2,2393.39,0,0,12,org.apache.lucene.util.LuceneTestCase,0.00,29,1,2,0,29,1,0,5,377,1
"org.apache.lucene.search.TestPhraseQuery",20,0.11,1.55,433,6.97,374394.45,25,5,18,81,24,70.06,100,458,0,2,87.93,0.00,0.50,0.30,0,0.00,12,20922.94,1,0,24,org.apache.lucene.util.LuceneTestCase,0.00,61,1,31,0,61,20,0,73,3621,1
"org.apache.lucene.search.TestPhraseQuery$Analyzer",2,0.00,1.00,5,0.05,758.91,2,0,18,4,1,139.46,0,9,0,1,139.46,0.00,0.00,0.00,0,2.00,1,158.85,0,1,1,java.lang.Object,0.00,2,0,2,0,2,1,0,0,42,0
"org.apache.lucene.search.TestPositionIncrement",2,0.50,4.50,145,2.57,205419.61,4,2,27,54,26,17.78,22,163,0,2,61.91,0.00,0.50,0.25,0,2.00,8,7715.53,0,0,26,org.apache.lucene.util.LuceneTestCase,0.00,52,1,9,0,52,2,0,18,1220,1
"org.apache.lucene.search.TestPositionIncrement$Analyzer",1,0.00,1.00,3,0.02,303.26,1,0,27,3,1,133.66,0,5,0,1,133.66,0.00,0.00,0.00,0,1.00,1,72.73,0,1,1,java.lang.Object,0.00,2,0,1,0,2,0,0,0,21,0
"org.apache.lucene.search.TestPositionIncrement$Analyzer$Tokenizer",2,0.67,1.50,18,0.22,4741.38,8,6,27,6,3,108.74,0,23,0,1,108.74,0.00,0.00,0.50,0,2.00,2,663.58,1,0,3,java.lang.Object,0.00,4,0,3,0,4,2,0,0,140,0
"org.apache.lucene.search.TestPositiveScoresOnlyCollector",1,0.00,5.00,35,0.53,22766.68,2,1,6,21,14,60.85,5,37,0,2,78.72,0.00,0.50,1.00,0,0.00,5,1584.06,0,0,14,org.apache.lucene.util.LuceneTestCase,0.00,20,1,5,0,20,1,0,5,264,1
"org.apache.lucene.search.TestPositiveScoresOnlyCollector$SimpleScorer",5,0.25,1.60,13,0.15,3184.60,6,1,6,5,2,137.58,0,17,0,3,137.58,0.00,0.67,0.80,0,0.00,2,450.94,0,0,2,org.apache.lucene.search.Scorer,0.80,0,2,8,0,0,5,0,0,111,3
"org.apache.lucene.search.TestPrefixFilter",1,0.00,2.00,54,0.92,66292.43,1,0,7,18,11,38.87,13,57,0,2,68.25,0.00,0.50,0.00,0,1.00,2,2764.35,0,0,11,org.apache.lucene.util.LuceneTestCase,0.00,17,1,2,0,17,1,0,10,456,1
"org.apache.lucene.search.TestPrefixInBooleanQuery",6,0.45,1.33,52,0.67,16828.19,10,4,10,24,12,160.10,10,65,0,2,110.10,0.00,0.50,0.62,0,0.00,3,1995.41,0,0,12,org.apache.lucene.util.LuceneTestCase,0.00,18,1,8,0,18,6,0,1,402,1
"org.apache.lucene.search.TestPrefixQuery",1,0.00,2.00,29,0.48,19244.55,1,0,9,21,11,82.79,4,31,0,2,82.55,0.00,0.50,0.00,0,1.00,2,1431.37,0,0,11,org.apache.lucene.util.LuceneTestCase,0.00,20,1,2,0,20,1,0,1,237,1
"org.apache.lucene.search.TestPrefixRandom",2,1.33,2.00,28,0.39,11558.39,5,3,18,20,17,119.08,7,32,0,2,98.46,0.00,0.50,1.00,0,0.00,3,1159.65,2,0,17,org.apache.lucene.util.LuceneTestCase,0.00,18,1,4,0,18,2,0,4,209,1
"org.apache.lucene.search.TestPrefixRandom$DumbPrefixQuery",5,0.50,1.20,23,0.27,4917.27,6,1,18,16,9,124.93,4,28,0,3,124.93,0.00,0.67,0.60,0,5.00,2,801.48,0,2,9,org.apache.lucene.search.MultiTermQuery,0.00,11,2,6,0,11,3,0,2,185,1
"org.apache.lucene.search.TestPrefixRandom$DumbPrefixQuery$SimplePrefixTermsEnum",2,1.00,1.50,8,0.09,1566.93,3,1,18,4,3,125.66,0,13,0,3,125.66,0.00,0.67,0.50,0,2.00,2,269.14,1,1,3,org.apache.lucene.index.FilteredTermsEnum,0.00,2,2,3,0,2,1,0,0,66,1
"org.apache.lucene.search.TestQueryTermVector",2,0.00,1.50,26,0.43,18026.47,2,0,3,9,3,98.21,1,29,0,2,98.21,0.00,0.50,0.00,1,2.00,2,1285.78,0,0,3,org.apache.lucene.util.LuceneTestCase,0.00,7,1,3,0,7,2,0,1,255,1
"org.apache.lucene.search.TestQueryWrapperFilter",3,0.00,3.00,100,1.58,68490.01,3,0,13,41,17,129.78,5,100,0,2,79.78,0.00,0.50,0.00,0,3.00,5,4740.64,0,0,17,org.apache.lucene.util.LuceneTestCase,0.00,38,1,9,0,38,3,0,5,789,1
"org.apache.lucene.search.TestRegexpQuery",11,0.02,1.00,43,0.44,6224.72,15,4,14,26,13,131.53,10,60,0,2,131.53,0.00,0.50,0.23,1,28.00,1,1312.44,2,1,13,org.apache.lucene.util.LuceneTestCase,0.00,15,1,11,0,15,10,0,3,309,1
"org.apache.lucene.search.TestRegexpQuery$AutomatonProvider",1,0.00,2.00,4,0.08,1133.72,2,1,14,5,3,174.33,1,9,0,1,124.33,0.00,0.00,1.00,0,0.00,2,236.09,0,1,3,java.lang.Object,0.00,4,0,2,0,4,0,0,1,56,0
"org.apache.lucene.search.TestRegexpRandom",6,0.07,1.83,79,0.86,24215.81,9,3,15,35,14,150.91,6,85,0,2,100.91,0.00,0.50,0.39,2,6.00,3,2592.91,2,1,14,org.apache.lucene.util.LuceneTestCase,0.00,29,1,11,0,29,5,0,2,489,1
"org.apache.lucene.search.TestRegexpRandom2",2,1.40,3.00,41,0.54,19715.45,7,5,27,24,24,111.38,7,46,1,2,90.77,1.00,0.33,0.90,0,0.00,5,1624.26,2,0,23,org.apache.lucene.util.LuceneTestCase,0.00,22,1,6,1,22,2,0,4,281,1
"org.apache.lucene.search.TestRegexpRandom2$DumbRegexpQuery",5,0.75,1.60,27,0.37,7884.13,6,1,27,22,12,169.64,6,34,0,3,119.64,0.00,0.67,0.40,1,10.00,4,1112.15,0,2,12,org.apache.lucene.search.MultiTermQuery,0.00,17,2,8,0,17,3,0,4,237,1
"org.apache.lucene.search.TestRegexpRandom2$DumbRegexpQuery$SimpleAutomatonTermsEnum",2,0.00,1.50,9,0.13,2474.79,4,2,27,7,6,124.10,0,15,0,3,124.10,0.00,0.67,0.50,0,2.00,2,403.09,1,1,6,org.apache.lucene.index.FilteredTermsEnum,0.00,5,2,3,0,5,1,0,0,92,1
"org.apache.lucene.search.TestScoreCachingWrappingScorer",1,0.00,3.00,26,0.38,11988.27,2,1,7,18,8,135.85,1,29,0,2,85.85,0.00,0.50,1.00,0,0.00,3,1132.43,0,0,8,org.apache.lucene.util.LuceneTestCase,0.00,17,1,3,0,17,1,0,1,201,1
"org.apache.lucene.search.TestScoreCachingWrappingScorer$ScoreCachingCollector",5,0.08,1.20,18,0.18,4694.40,8,3,7,7,3,129.75,2,26,0,2,129.75,0.00,0.50,0.27,0,7.00,2,553.16,0,0,3,org.apache.lucene.search.Collector,0.44,2,1,6,0,2,5,0,2,134,3
"org.apache.lucene.search.TestScoreCachingWrappingScorer$SimpleScorer",5,0.12,1.60,14,0.16,3510.01,7,2,7,5,2,137.25,4,18,0,3,137.25,0.00,0.67,0.40,0,5.00,2,488.16,0,0,2,org.apache.lucene.search.Scorer,0.80,0,2,8,0,0,5,0,4,119,3
"org.apache.lucene.search.TestScorerPerf",11,0.10,3.82,201,2.65,141069.68,17,6,14,54,16,43.04,120,197,0,2,91.52,0.00,0.50,0.26,3,35.00,7,7952.48,0,3,16,org.apache.lucene.util.LuceneTestCase,0.00,43,1,42,0,43,8,0,22,1408,1
"org.apache.lucene.search.TestScorerPerf$CountingHitCollector",6,0.00,1.00,16,0.12,1732.00,9,3,14,6,2,140.40,1,22,0,2,140.40,0.00,0.50,0.33,0,10.00,1,366.75,0,0,2,org.apache.lucene.search.Collector,0.40,0,1,6,0,0,6,0,1,101,2
"org.apache.lucene.search.TestScorerPerf$Filter",1,0.00,1.00,4,0.03,408.71,1,0,14,3,3,127.98,0,6,0,1,127.98,0.00,0.00,0.00,0,1.00,1,103.91,0,1,3,java.lang.Object,0.00,2,0,1,0,2,0,0,0,27,0
"org.apache.lucene.search.TestScorerPerf$MatchingHitCollector",2,0.00,1.50,10,0.11,2339.41,4,2,14,4,0,120.67,0,14,0,2,120.67,0.00,0.50,0.50,0,2.00,2,335.01,1,0,0,org.apache.lucene.search.CountingHitCollector,0.00,2,1,3,0,2,2,0,0,78,2
"org.apache.lucene.search.TestSearchAfter",5,0.17,2.00,57,0.82,30822.10,8,3,9,28,17,102.15,3,63,0,2,102.15,0.00,0.50,0.47,2,2.00,3,2459.25,2,0,17,org.apache.lucene.util.LuceneTestCase,0.00,23,1,10,0,23,5,0,1,478,1
"org.apache.lucene.search.TestSetNorm",1,0.00,2.00,33,0.49,22851.45,1,0,10,22,12,37.58,7,35,0,2,79.87,0.00,0.50,0.00,0,1.00,2,1470.41,0,0,12,org.apache.lucene.util.LuceneTestCase,0.00,21,1,2,0,21,1,0,4,245,1
"org.apache.lucene.search.TestSetNorm$Collector",4,0.17,1.00,11,0.11,1680.83,6,2,10,5,1,139.11,0,19,0,1,139.11,0.00,0.00,0.38,0,4.00,1,330.56,0,0,1,java.lang.Object,0.00,1,0,4,0,1,4,0,0,85,0
"org.apache.lucene.search.TestSimilarity",1,0.00,1.00,32,0.49,13625.41,1,0,14,26,17,40.01,7,37,1,2,82.30,0.00,0.50,0.00,0,1.00,1,1460.82,0,0,16,org.apache.lucene.util.LuceneTestCase,0.00,25,1,1,0,25,1,0,4,255,1
"org.apache.lucene.search.TestSimilarity$Collector",4,1.00,1.00,9,0.09,1090.26,5,1,14,6,1,140.59,0,16,0,1,140.59,0.00,0.00,0.25,0,6.00,1,259.02,0,0,1,java.lang.Object,0.00,2,0,4,0,2,4,0,0,70,0
"org.apache.lucene.search.TestSimilarity$Collector_0",4,0.17,1.00,11,0.12,1633.42,6,2,14,6,1,139.21,1,19,0,1,139.21,0.00,0.00,0.38,0,4.00,1,350.01,0,0,1,java.lang.Object,0.00,2,0,4,0,2,4,0,1,89,0
"org.apache.lucene.search.TestSimilarity$Collector_1",4,1.00,1.00,9,0.09,1090.26,5,1,14,6,1,140.59,1,16,0,1,140.59,0.00,0.00,0.25,0,6.00,1,259.02,0,0,1,java.lang.Object,0.00,2,0,4,0,2,4,0,1,70,0
"org.apache.lucene.search.TestSimilarity$Collector_2",4,1.00,1.00,9,0.09,1090.26,5,1,14,6,1,140.59,1,16,0,1,140.59,0.00,0.00,0.25,0,6.00,1,259.02,0,0,1,java.lang.Object,0.00,2,0,4,0,2,4,0,1,70,0
"org.apache.lucene.search.TestSimilarity$SimpleSimilarityProvider",3,0.00,1.00,7,0.04,340.59,3,0,14,4,2,143.59,0,7,0,1,143.59,0.00,0.00,0.00,0,3.00,1,121.39,0,1,2,java.lang.Object,0.00,1,0,3,0,1,2,1,0,38,2
"org.apache.lucene.search.TestSimilarity$SimpleSimilarityProvider$DefaultSimilarity",5,0.00,1.00,11,0.10,1323.99,5,0,14,8,4,140.69,0,8,0,1,140.69,0.00,0.00,0.00,0,5.00,1,303.58,0,1,4,java.lang.Object,0.00,3,0,5,0,3,4,0,0,83,0
"org.apache.lucene.search.TestSimilarityProvider",3,0.83,1.33,46,0.61,18768.60,6,3,16,25,18,97.17,2,53,0,2,97.17,0.00,0.50,0.89,0,0.00,2,1815.04,2,0,18,org.apache.lucene.util.LuceneTestCase,0.00,22,1,4,0,22,3,0,2,345,1
"org.apache.lucene.search.TestSimilarityProvider$ExampleSimilarityProvider",3,0.25,1.33,12,0.09,1062.78,5,2,16,6,2,128.40,0,17,0,1,128.40,0.00,0.00,0.33,0,4.00,2,258.98,0,1,2,java.lang.Object,0.00,3,0,4,0,3,2,1,0,69,1
"org.apache.lucene.search.TestSimilarityProvider$Sim1",5,0.00,1.00,11,0.10,1083.83,5,0,16,6,2,141.38,0,22,0,2,141.38,0.00,0.50,0.00,0,5.00,1,294.10,0,0,2,org.apache.lucene.index.TFIDFSimilarity,0.00,1,1,5,0,1,5,0,0,81,1
"org.apache.lucene.search.TestSimilarityProvider$Sim2",5,0.00,1.00,11,0.10,1083.83,5,0,16,6,2,141.38,0,22,0,2,141.38,0.00,0.50,0.00,0,5.00,1,294.10,0,0,2,org.apache.lucene.index.TFIDFSimilarity,0.00,1,1,5,0,1,5,0,0,81,1
"org.apache.lucene.search.TestSimpleExplanations",68,0.00,1.00,513,9.20,279792.68,68,0,1,88,12,111.01,16,586,1,3,111.01,0.50,0.50,0.00,0,0.00,1,27592.86,2,0,11,org.apache.lucene.search.TestExplanations,0.00,20,2,68,1,20,68,0,14,5570,1
"org.apache.lucene.search.TestSimpleExplanationsOfNonMatches",1,0.00,1.00,3,0.04,549.65,1,0,0,2,3,180.90,24,7,0,4,131.62,0.00,0.75,0.00,0,0.00,1,119.24,0,0,3,org.apache.lucene.search.TestSimpleExplanations,0.00,1,3,1,0,1,1,0,3,30,1
"org.apache.lucene.search.TestSloppyPhraseQuery",13,0.02,1.92,175,2.44,69699.98,28,15,13,41,14,139.82,37,201,0,2,99.93,0.00,0.50,0.09,2,63.00,4,7319.95,0,2,14,org.apache.lucene.util.LuceneTestCase,0.00,28,1,25,0,28,11,0,18,1363,1
"org.apache.lucene.search.TestSloppyPhraseQuery$Collector",4,1.00,1.00,10,0.11,1426.62,5,1,13,8,1,139.67,1,18,0,1,139.67,0.00,0.00,0.25,0,6.00,1,318.07,0,0,1,java.lang.Object,0.00,4,0,4,0,4,4,0,1,84,0
"org.apache.lucene.search.TestSloppyPhraseQuery$MaxFreqCollector",4,0.11,1.00,12,0.11,1504.06,7,3,13,6,2,132.92,0,21,0,2,132.92,0.00,0.50,0.25,0,6.00,1,335.38,0,0,2,org.apache.lucene.search.Collector,0.50,2,1,4,0,2,4,0,0,87,1
"org.apache.lucene.search.TestSort",22,0.06,3.14,361,7.28,509535.70,38,16,35,100,32,131.33,64,449,0,2,91.45,0.00,0.50,0.12,7,134.00,23,21827.19,2,11,32,org.apache.lucene.util.LuceneTestCase,0.00,78,1,69,0,78,11,0,51,3653,1
"org.apache.lucene.search.TestSort$FieldCache.ByteParser",1,0.00,1.00,3,0.04,622.45,1,0,35,1,1,131.20,0,4,0,1,131.20,0.00,0.00,0.00,0,1.00,1,107.51,0,0,1,java.lang.Object,0.00,0,0,1,0,0,1,0,0,29,0
"org.apache.lucene.search.TestSort$FieldCache.DoubleParser",1,0.00,1.00,3,0.05,1031.80,1,0,35,2,1,129.47,0,4,0,1,129.47,0.00,0.00,0.00,0,1.00,1,148.95,0,0,1,java.lang.Object,0.00,1,0,1,0,1,1,0,0,38,0
"org.apache.lucene.search.TestSort$FieldCache.FloatParser",1,0.00,1.00,3,0.04,559.02,1,0,35,2,1,131.57,0,4,0,1,131.57,0.00,0.00,0.00,0,1.00,1,111.51,0,0,1,java.lang.Object,0.00,1,0,1,0,1,1,0,0,30,0
"org.apache.lucene.search.TestSort$FieldCache.IntParser",1,0.00,1.00,3,0.04,630.45,1,0,35,1,1,131.16,0,4,0,1,131.16,0.00,0.00,0.00,0,1.00,1,111.42,0,0,1,java.lang.Object,0.00,0,0,1,0,0,1,0,0,29,0
"org.apache.lucene.search.TestSort$FieldCache.LongParser",1,0.00,1.00,3,0.04,630.45,1,0,35,1,1,131.16,0,4,0,1,131.16,0.00,0.00,0.00,0,1.00,1,111.42,0,0,1,java.lang.Object,0.00,0,0,1,0,0,1,0,0,29,0
"org.apache.lucene.search.TestSort$FieldCache.ShortParser",1,0.00,1.00,3,0.04,622.45,1,0,35,1,1,131.20,0,4,0,1,131.20,0.00,0.00,0.00,0,1.00,1,107.51,0,0,1,java.lang.Object,0.00,0,0,1,0,0,1,0,0,29,0
"org.apache.lucene.search.TestSort$MyFieldComparator",28,0.22,2.36,431,7.34,514963.90,31,3,35,96,25,143.35,49,484,0,2,93.35,0.00,0.50,0.12,3,244.00,11,22034.93,0,2,25,org.apache.lucene.search.FieldComparator,0.28,68,1,66,0,68,26,0,49,3928,1
"org.apache.lucene.search.TestSort$MyFieldComparator$FieldCache.IntParser_0",1,0.00,1.00,3,0.04,630.45,1,0,35,1,1,131.16,0,4,0,1,131.16,0.00,0.00,0.00,0,1.00,1,111.42,0,0,1,java.lang.Object,0.00,0,0,1,0,0,1,0,0,29,0
"org.apache.lucene.search.TestSort$MyFieldComparator$Filter",1,0.00,1.00,7,0.10,2389.85,1,0,35,6,3,112.87,0,9,0,1,112.87,0.00,0.00,0.00,0,1.00,1,299.48,0,1,3,java.lang.Object,0.00,5,0,1,0,5,0,0,0,64,0
"org.apache.lucene.search.TestSort$MyFieldComparator$MyFieldComparatorSource",1,0.00,1.00,3,0.04,439.67,1,0,35,2,2,132.39,0,6,0,2,132.39,0.00,0.50,0.00,0,1.00,1,107.25,0,1,2,org.apache.lucene.search.FieldComparatorSource,0.00,1,1,1,0,1,0,0,0,28,1
"org.apache.lucene.search.TestSort$SortMissingLastTestHelper",1,3.00,1.00,8,0.06,804.06,4,3,35,1,1,114.43,0,10,0,1,114.43,0.00,0.00,0.00,0,1.00,1,168.49,0,0,1,java.lang.Object,0.00,0,0,1,0,0,1,0,0,47,2
"org.apache.lucene.search.TestSubScorerFreqs",5,0.42,2.80,95,1.70,93393.52,8,3,13,42,13,89.43,1,108,0,2,89.43,0.00,0.50,0.67,0,0.00,7,5094.13,0,0,13,org.apache.lucene.util.LuceneTestCase,0.00,37,1,14,0,37,5,0,1,868,1
"org.apache.lucene.search.TestSubScorerFreqs$CountingCollector",7,0.10,1.57,35,0.54,15729.13,12,5,13,28,3,118.43,0,49,0,2,118.43,0.00,0.50,0.29,1,4.00,3,1606.76,0,0,3,org.apache.lucene.search.Collector,0.36,21,1,11,0,21,7,0,0,343,2
"org.apache.lucene.search.TestTermRangeFilter",2,0.00,1.00,91,2.38,281415.30,2,0,4,10,8,26.50,15,130,0,3,68.79,0.00,0.67,0.00,0,0.00,1,7134.96,1,0,8,org.apache.lucene.search.BaseTestRangeFilter,0.00,8,2,2,0,8,2,0,7,1162,1
"org.apache.lucene.search.TestTermRangeQuery",8,0.14,1.12,131,2.12,84638.54,10,2,15,41,15,94.36,4,143,0,2,94.36,0.00,0.50,0.38,1,0.00,2,6362.83,2,0,15,org.apache.lucene.util.LuceneTestCase,0.00,33,1,9,0,33,8,0,3,1174,1
"org.apache.lucene.search.TestTermRangeQuery$SingleCharAnalyzer",7,0.00,1.14,76,1.02,31160.31,7,0,15,25,9,125.55,23,81,0,2,104.94,0.00,0.50,0.00,3,8.00,2,3073.97,0,1,9,org.apache.lucene.index.Analyzer,0.00,18,1,8,0,18,6,0,23,588,2
"org.apache.lucene.search.TestTermRangeQuery$SingleCharAnalyzer$SingleCharTokenizer",3,0.33,1.67,18,0.18,3449.55,6,3,15,6,2,117.75,0,29,0,4,117.75,0.00,0.75,0.56,0,0.00,3,531.14,1,0,2,org.apache.lucene.analysis.Tokenizer,0.20,3,3,5,0,3,3,0,0,120,2
"org.apache.lucene.search.TestTermScorer",5,0.45,1.20,62,1.04,31294.24,10,5,14,37,15,140.69,14,78,0,2,100.81,0.00,0.50,0.56,0,0.00,2,3119.27,2,0,15,org.apache.lucene.util.LuceneTestCase,0.00,32,1,6,0,32,5,0,6,576,1
"org.apache.lucene.search.TestTermScorer$Collector",4,0.17,1.00,15,0.18,4339.36,6,2,14,8,1,129.30,0,24,0,1,129.30,0.00,0.00,0.38,0,4.00,1,537.89,0,0,1,java.lang.Object,0.00,4,0,4,0,4,4,0,0,123,0
"org.apache.lucene.search.TestTermScorer$TestHit",2,0.00,1.00,8,0.07,837.28,4,2,14,2,0,127.90,0,12,0,1,127.90,0.00,0.00,0.50,0,2.00,1,202.21,0,1,0,java.lang.Object,0.00,0,0,2,0,0,1,0,0,55,1
"org.apache.lucene.search.TestTermVectors",18,0.08,3.11,413,6.74,511117.21,21,3,18,101,30,135.60,33,431,0,2,85.60,0.00,0.50,0.26,5,34.00,9,20231.92,2,2,30,org.apache.lucene.util.LuceneTestCase,0.00,83,1,56,0,83,16,0,28,3231,1
"org.apache.lucene.search.TestTermVectors$TestTermVectorMapper",2,1.00,1.00,5,0.07,856.04,3,1,18,2,3,139.05,0,10,0,2,139.05,0.00,0.50,0.00,0,2.00,1,213.87,0,0,3,org.apache.lucene.index.TermVectorMapper,0.00,0,1,2,0,0,2,0,0,54,2
"org.apache.lucene.search.TestTimeLimitingCollector",16,0.07,1.81,151,1.90,65759.63,28,12,15,61,15,127.42,52,190,0,2,106.81,0.00,0.50,0.15,7,80.00,5,5706.36,2,2,15,org.apache.lucene.util.LuceneTestCase,0.00,45,1,29,0,45,14,0,34,1078,1
"org.apache.lucene.search.TestTimeLimitingCollector$MyHitCollector",7,0.04,1.29,25,0.25,7290.10,11,4,15,12,3,129.38,4,40,0,2,129.38,0.00,0.50,0.29,0,16.00,3,757.98,0,0,3,org.apache.lucene.search.Collector,0.36,5,1,9,0,5,7,0,2,175,1
"org.apache.lucene.search.TestTimeLimitingCollector$Thread",1,0.00,2.00,8,0.05,807.21,1,0,15,4,0,114.26,0,12,0,1,114.26,0.00,0.00,0.00,0,1.00,2,143.93,0,0,0,java.lang.Object,0.00,3,0,2,0,3,1,0,0,36,0
"org.apache.lucene.search.TestTopDocsCollector",11,0.10,1.18,74,1.06,29948.24,15,4,7,27,10,164.89,18,90,0,2,114.89,0.00,0.50,0.16,1,40.00,2,3167.84,2,1,10,org.apache.lucene.util.LuceneTestCase,0.00,16,1,13,0,16,10,0,18,655,1
"org.apache.lucene.search.TestTopDocsCollector$MyTopsDocCollector",6,0.30,1.50,27,0.29,8623.89,8,2,7,11,5,123.58,1,38,0,3,123.58,0.00,0.67,0.25,0,10.00,4,875.82,0,1,5,org.apache.lucene.search.TopDocsCollector,0.33,5,2,9,0,5,5,0,1,194,3
"org.apache.lucene.search.TestTopDocsMerge",1,0.00,29.00,148,3.09,425815.46,1,0,14,47,19,15.56,13,148,0,2,44.94,0.00,0.50,0.00,0,1.00,29,9272.46,0,0,19,org.apache.lucene.util.LuceneTestCase,0.00,46,1,29,0,46,1,0,13,1241,1
"org.apache.lucene.search.TestTopDocsMerge$ShardSearcher",4,0.33,1.00,11,0.13,1874.92,5,1,14,4,5,138.74,0,17,0,2,138.74,0.00,0.50,0.75,1,0.00,1,376.47,0,2,5,org.apache.lucene.search.IndexSearcher,0.00,0,1,4,0,0,2,0,0,97,2
"org.apache.lucene.search.TestTopScoreDocCollector",1,0.00,4.00,34,0.48,19470.69,1,0,6,21,10,80.01,4,33,0,2,79.78,0.00,0.50,0.00,0,1.00,4,1454.55,0,0,10,org.apache.lucene.util.LuceneTestCase,0.00,20,1,4,0,20,1,0,4,240,1
"org.apache.lucene.search.TestWildcard",11,0.00,2.09,210,4.22,233779.70,11,0,11,56,18,71.18,56,274,0,2,89.05,0.00,0.50,0.00,1,11.00,12,12658.33,1,1,18,org.apache.lucene.util.LuceneTestCase,0.00,45,1,23,0,45,10,0,30,2097,1
"org.apache.lucene.search.TestWildcardRandom",6,0.07,2.17,76,0.85,24898.86,9,3,14,34,13,152.08,7,84,0,2,102.08,0.00,0.50,0.39,3,6.00,3,2544.98,2,1,13,org.apache.lucene.util.LuceneTestCase,0.00,28,1,13,0,28,5,0,3,484,1
"org.apache.lucene.search.TimeLimitingCollector",11,0.06,1.27,44,0.45,10079.32,18,7,4,17,7,82.87,86,64,2,2,125.16,0.00,0.50,0.19,1,34.00,3,1348.68,0,1,5,org.apache.lucene.search.Collector,0.27,6,1,14,0,6,10,0,14,310,1
"org.apache.lucene.search.TimeLimitingCollector$SuppressWarnings",4,0.11,1.00,15,0.12,1889.67,7,3,4,4,0,132.14,3,21,0,2,132.14,0.00,0.50,0.25,0,10.00,1,347.22,0,0,0,java.lang.RuntimeException,0.00,0,1,4,0,0,4,0,3,90,2
"org.apache.lucene.search.TimeLimitingCollector$TimerThread",7,0.00,1.29,28,0.24,3748.89,13,6,4,12,2,109.12,36,40,0,2,127.00,0.00,0.50,0.17,0,33.00,3,726.17,0,0,2,java.lang.Thread,0.00,5,1,9,0,5,7,0,16,175,3
"org.apache.lucene.search.TimeLimitingCollector$TimerThreadHolder",0,0.00,0.00,5,0.03,386.10,1,1,4,0,1,171.00,0,7,0,1,171.00,0.00,0.00,0.00,0,0.00,0,104.65,0,0,1,java.lang.Object,0.00,0,0,0,0,0,0,0,0,30,3
"org.apache.lucene.search.TopDocs",5,0.25,2.20,51,0.68,59233.03,8,3,2,17,105,69.22,30,59,102,1,101.44,0.00,0.00,0.13,0,11.00,7,2040.90,0,1,4,java.lang.Object,0.00,12,0,11,1,12,4,0,15,376,1
"org.apache.lucene.search.TopDocs$MergeSortQueue",2,1.00,6.50,53,0.75,61081.21,5,3,2,7,7,50.25,13,54,0,2,82.47,0.00,0.50,0.83,0,0.00,8,2239.20,0,0,7,org.apache.lucene.util.PriorityQueue,0.00,5,1,13,0,5,2,0,13,399,2
"org.apache.lucene.search.TopDocs$ScoreMergeSortQueue",2,1.00,3.50,26,0.29,17409.11,3,1,2,2,3,138.02,4,29,0,2,98.13,0.00,0.50,0.50,0,2.00,5,856.58,0,0,3,org.apache.lucene.util.PriorityQueue,0.00,0,1,7,0,0,2,0,4,184,2
"org.apache.lucene.search.TopDocs$ShardRef",2,0.00,1.00,7,0.05,658.53,4,2,2,2,0,183.38,2,11,0,1,133.38,0.00,0.00,0.50,0,2.00,1,163.92,0,1,0,java.lang.Object,0.00,0,0,2,0,0,1,0,2,46,2
"org.apache.lucene.search.TopDocsCollector",8,0.05,1.62,35,0.39,16116.68,11,3,1,12,20,73.93,82,39,16,2,122.41,10.00,0.08,0.29,4,14.00,3,1183.37,0,4,4,org.apache.lucene.search.Collector,0.00,4,1,13,10,4,4,0,35,263,2
"org.apache.lucene.search.TopFieldCollector",6,0.03,3.83,84,1.05,52746.88,13,7,4,29,25,130.26,120,113,17,3,96.88,1.00,0.40,0.17,0,6.00,14,3136.65,0,2,8,org.apache.lucene.search.TopDocsCollector,0.17,23,2,23,2,23,4,0,29,588,2
"org.apache.lucene.search.TopFieldCollector$MultiComparatorNonScoringCollector",5,0.17,3.40,64,0.63,50644.80,8,3,4,14,4,138.81,11,63,0,4,98.92,0.00,0.75,0.47,1,0.00,11,1903.72,1,0,4,org.apache.lucene.search.TopFieldCollector,0.35,9,3,17,0,9,5,0,11,379,2
"org.apache.lucene.search.TopFieldCollector$MultiComparatorScoringMaxScoreCollector",4,1.00,3.75,54,0.54,51339.85,5,1,4,10,2,136.68,10,56,0,2,96.79,0.00,0.50,0.25,1,6.00,12,1623.12,1,0,2,org.apache.lucene.search.MultiComparatorNonScoringCollector,0.00,6,1,15,0,6,4,0,10,317,2
"org.apache.lucene.search.TopFieldCollector$MultiComparatorScoringNoMaxScoreCollector",4,1.00,3.50,52,0.53,52519.85,5,1,4,10,2,136.61,11,53,0,2,96.73,0.00,0.50,0.25,1,8.00,11,1576.08,1,0,2,org.apache.lucene.search.MultiComparatorNonScoringCollector,0.00,6,1,14,0,6,4,0,11,310,2
"org.apache.lucene.search.TopFieldCollector$OneComparatorNonScoringCollector",5,0.17,1.60,32,0.37,11662.81,8,3,4,14,4,165.34,7,46,0,4,115.34,0.00,0.75,0.47,1,0.00,4,1112.04,1,0,4,org.apache.lucene.search.TopFieldCollector,0.35,9,3,8,0,9,5,0,7,239,2
"org.apache.lucene.search.TopFieldCollector$OneComparatorScoringMaxScoreCollector",4,1.00,2.00,29,0.32,13130.88,5,1,4,10,2,161.63,7,42,0,2,111.63,0.00,0.50,0.25,1,6.00,5,964.30,1,0,2,org.apache.lucene.search.OneComparatorNonScoringCollector,0.00,6,1,8,0,6,4,0,7,203,2
"org.apache.lucene.search.TopFieldCollector$OneComparatorScoringNoMaxScoreCollector",4,1.00,1.75,27,0.31,12429.29,5,1,4,11,2,154.23,8,39,0,2,114.34,0.00,0.50,0.25,1,8.00,4,916.35,0,0,2,org.apache.lucene.search.OneComparatorNonScoringCollector,0.00,7,1,7,0,7,4,0,8,196,2
"org.apache.lucene.search.TopFieldCollector$OutOfOrderMultiComparatorNonScoringCollector",3,0.00,4.67,46,0.45,50659.55,3,0,4,8,1,133.37,8,48,0,2,93.48,0.00,0.50,0.00,0,4.00,12,1352.93,0,0,1,org.apache.lucene.search.MultiComparatorNonScoringCollector,0.00,5,1,14,0,5,3,0,8,257,2
"org.apache.lucene.search.TopFieldCollector$OutOfOrderMultiComparatorScoringMaxScoreCollector",3,0.00,5.00,49,0.49,55663.67,3,0,4,9,1,131.99,8,52,0,2,92.10,0.00,0.50,0.00,0,4.00,13,1471.45,0,0,1,org.apache.lucene.search.MultiComparatorScoringMaxScoreCollector,0.00,6,1,15,0,6,3,0,8,276,3
"org.apache.lucene.search.TopFieldCollector$OutOfOrderMultiComparatorScoringNoMaxScoreCollector",4,0.00,3.75,51,0.52,57861.55,4,0,4,10,2,137.56,10,56,0,2,97.68,0.00,0.50,0.00,0,6.00,12,1554.84,1,0,2,org.apache.lucene.search.MultiComparatorScoringNoMaxScoreCollector,0.00,6,1,15,0,6,4,0,10,299,3
"org.apache.lucene.search.TopFieldCollector$OutOfOrderOneComparatorNonScoringCollector",3,0.00,2.00,20,0.25,14832.95,3,0,4,8,1,162.72,4,31,0,2,112.72,0.00,0.50,0.00,0,4.00,4,742.57,0,0,1,org.apache.lucene.search.OneComparatorNonScoringCollector,0.00,5,1,6,0,5,3,0,4,149,2
"org.apache.lucene.search.TopFieldCollector$OutOfOrderOneComparatorScoringMaxScoreCollector",3,0.00,2.33,23,0.28,18393.52,3,0,4,9,1,159.45,4,35,0,2,109.46,0.00,0.50,0.00,0,4.00,5,849.05,0,0,1,org.apache.lucene.search.OneComparatorScoringMaxScoreCollector,0.00,6,1,7,0,6,3,0,4,167,2
"org.apache.lucene.search.TopFieldCollector$OutOfOrderOneComparatorScoringNoMaxScoreCollector",3,0.00,2.00,22,0.28,18885.18,3,0,4,9,1,149.29,6,34,0,2,109.40,0.00,0.50,0.00,0,4.00,4,839.49,0,0,1,org.apache.lucene.search.OneComparatorScoringNoMaxScoreCollector,0.00,6,1,6,0,6,3,0,6,166,2
"org.apache.lucene.search.TopFieldDocs",1,1.00,1.00,5,0.05,671.54,2,1,0,1,8,172.15,26,8,6,2,122.66,0.00,0.50,0.00,0,1.00,1,148.28,0,0,3,org.apache.lucene.search.TopDocs,0.00,0,1,1,0,0,1,0,4,38,1
"org.apache.lucene.search.TopScoreDocCollector",6,0.27,2.17,38,0.42,13052.98,9,3,2,15,28,73.22,44,52,23,3,115.51,2.00,0.29,0.11,1,14.00,5,1256.68,0,3,5,org.apache.lucene.search.TopDocsCollector,0.17,9,2,13,4,9,3,0,14,270,2
"org.apache.lucene.search.TopScoreDocCollector$InOrderPagingScoreDocCollector",6,0.00,1.67,29,0.35,13526.69,9,3,2,10,3,172.02,6,43,0,4,122.02,0.00,0.75,0.33,0,10.00,3,1042.79,1,1,3,org.apache.lucene.search.TopScoreDocCollector,0.50,4,3,10,0,4,5,0,6,228,2
"org.apache.lucene.search.TopScoreDocCollector$InOrderTopScoreDocCollector",3,0.00,1.33,15,0.14,5338.79,3,0,2,5,1,169.27,4,22,0,4,119.27,0.00,0.75,0.00,0,4.00,2,434.26,0,0,1,org.apache.lucene.search.TopScoreDocCollector,0.38,2,3,4,0,2,3,0,4,97,2
"org.apache.lucene.search.TopScoreDocCollector$OutOfOrderPagingScoreDocCollector",6,0.00,1.83,31,0.37,16357.37,9,3,2,10,3,117.73,5,46,0,4,117.73,0.00,0.75,0.33,0,10.00,4,1097.54,1,1,3,org.apache.lucene.search.TopScoreDocCollector,0.50,4,3,11,0,4,5,0,5,239,2
"org.apache.lucene.search.TopScoreDocCollector$OutOfOrderTopScoreDocCollector",3,0.00,1.67,17,0.16,8273.91,3,0,2,5,1,167.72,3,25,0,4,117.72,0.00,0.75,0.00,0,4.00,3,493.19,0,0,1,org.apache.lucene.search.TopScoreDocCollector,0.38,2,3,5,0,2,3,0,3,108,2
"org.apache.lucene.search.TopTermsRewrite",6,0.40,2.17,32,0.54,26395.66,7,1,12,18,14,155.94,15,42,5,3,116.06,1.00,0.40,0.67,0,0.00,7,1609.14,3,0,9,org.apache.lucene.search.TermCollectingRewrite,0.00,12,2,13,2,12,6,0,5,314,2
"org.apache.lucene.search.TopTermsRewrite$Comparator<ScoreTerm>",1,0.00,1.00,4,0.05,1456.24,1,0,12,2,0,123.63,0,6,0,1,123.63,0.00,0.00,0.00,0,1.00,1,158.63,0,0,0,java.lang.Object,0.00,1,0,1,0,1,1,0,0,41,0
"org.apache.lucene.search.TopTermsRewrite$ScoreTerm",2,0.25,1.50,10,0.15,3575.00,6,4,12,5,2,119.22,0,16,0,1,119.22,0.00,0.00,0.12,0,2.00,2,442.40,0,0,2,java.lang.Object,0.00,3,0,3,0,3,2,1,0,104,2
"org.apache.lucene.search.TopTermsRewrite$TermCollector",3,0.50,4.00,55,0.89,60203.36,10,7,12,31,6,110.59,11,69,0,1,89.98,0.00,0.00,0.48,1,0.00,7,2684.55,0,0,6,java.lang.Object,0.00,28,0,12,0,28,3,0,11,477,0
"org.apache.lucene.search.TotalHitCountCollector",5,0.75,1.00,10,0.07,621.93,6,1,1,5,5,143.28,4,20,3,2,143.28,0.00,0.50,0.40,0,7.00,1,207.09,0,0,2,org.apache.lucene.search.Collector,0.67,0,1,5,0,0,5,0,2,63,1
"org.apache.lucene.search.UseNoMemoryExpensiveCodec",16,0.07,2.81,152,2.60,93997.29,21,5,22,80,21,155.49,17,217,0,3,105.49,0.00,0.67,0.26,1,0.00,6,7793.62,2,3,21,org.apache.lucene.index.ThreadedIndexingAndSearchingTestCase,0.35,64,2,45,0,64,13,0,15,1371,1
"org.apache.lucene.search.UseNoMemoryExpensiveCodec$LatchedIndexWriter",2,0.33,2.50,15,0.17,3817.07,5,3,22,5,8,113.43,0,25,0,2,113.43,0.00,0.50,0.50,0,2.00,4,511.60,1,0,8,org.apache.lucene.index.IndexWriter,0.00,3,1,5,0,3,2,0,0,110,2
"org.apache.lucene.search.UseNoMemoryExpensiveCodec$Runnable",1,0.00,3.00,8,0.08,1680.69,1,0,19,4,1,151.55,2,13,0,1,111.66,0.00,0.00,0.00,0,1.00,3,235.55,0,0,1,java.lang.Object,0.00,3,0,3,0,3,1,0,2,53,0
"org.apache.lucene.search.UseNoMemoryExpensiveCodec$SearcherWarmer",1,0.00,1.00,4,0.06,811.32,1,0,22,4,3,125.63,0,6,0,1,125.63,0.00,0.00,0.00,0,1.00,1,165.89,0,0,3,java.lang.Object,0.00,3,0,1,0,3,1,0,0,38,0
"org.apache.lucene.search.UseNoMemoryExpensiveCodec$SearcherWarmer_0",1,0.00,2.00,5,0.05,632.96,1,0,19,3,1,172.71,1,9,0,1,122.71,0.00,0.00,0.00,0,1.00,2,135.38,0,0,1,java.lang.Object,0.00,2,0,2,0,2,1,0,1,33,0
"org.apache.lucene.search.UseNoMemoryExpensiveCodec$Thread",1,0.00,2.00,9,0.09,1543.07,1,0,22,9,2,150.02,2,13,0,1,110.14,0.00,0.00,0.00,0,1.00,2,274.27,0,0,2,java.lang.Object,0.00,8,0,2,0,8,1,0,2,60,0
"org.apache.lucene.search.UseNoMemoryExpensiveCodec$Thread_0",1,0.00,1.00,4,0.03,183.33,1,0,22,3,0,130.72,0,5,0,1,130.72,0.00,0.00,0.00,0,1.00,1,76.53,0,0,0,java.lang.Object,0.00,2,0,1,0,2,1,0,0,22,0
"org.apache.lucene.search.Weight",6,0.00,1.00,8,0.07,529.77,6,0,6,6,85,135.53,86,9,81,1,155.68,0.00,0.00,0.00,0,6.00,1,212.35,0,3,6,java.lang.Object,0.00,0,0,6,18,0,3,0,7,65,2
"org.apache.lucene.search.WildcardQuery",4,0.11,2.50,38,0.49,27349.47,7,3,7,19,29,62.70,28,50,23,4,105.00,0.00,0.75,0.25,0,6.00,6,1462.30,2,3,6,org.apache.lucene.search.AutomatonQuery,0.00,15,3,10,0,15,1,0,10,287,1
"org.apache.lucene.spatial.geohash.GeoHashDistanceFilter",4,0.00,1.75,29,0.40,14203.69,7,3,11,12,10,132.00,14,42,2,3,111.39,0.00,0.67,0.33,1,4.00,4,1188.70,0,1,8,org.apache.lucene.spatial.tier.DistanceFilter,0.25,8,2,7,0,8,3,0,4,260,1
"org.apache.lucene.spatial.geohash.GeoHashDistanceFilter$FilteredDocIdSet",1,0.00,3.00,18,0.23,7383.17,1,0,11,9,2,75.59,5,22,0,1,93.46,0.00,0.00,0.00,0,0.00,3,680.74,0,0,2,java.lang.Object,0.00,8,0,3,0,8,1,0,5,125,0
"org.apache.lucene.spatial.geohash.GeoHashUtils",3,0.00,4.33,70,0.98,82815.77,7,4,2,11,8,67.02,17,82,8,1,84.90,0.00,0.00,0.25,0,5.00,6,2952.49,0,1,0,java.lang.Object,0.00,8,0,13,0,8,2,0,3,527,1
"org.apache.lucene.spatial.geohash.TestGeoHashUtils",4,0.00,1.00,28,0.38,11117.26,4,0,2,7,1,112.59,18,37,0,2,112.36,0.00,0.50,0.00,0,4.00,1,1140.01,0,0,1,org.apache.lucene.util.LuceneTestCase,0.00,3,1,4,0,3,4,0,5,248,1
"org.apache.lucene.validation.DependencyChecker",5,0.25,9.20,182,2.93,315179.68,7,2,11,53,2,95.26,17,199,0,1,74.64,0.00,0.00,0.30,4,7.00,31,8799.66,0,2,2,java.lang.Object,0.00,48,0,46,0,48,3,0,9,1394,1
"org.apache.lucene.validation.DependencyChecker$FileFilter",1,0.00,1.00,3,0.04,732.66,1,0,11,4,0,180.64,1,4,0,1,130.64,0.00,0.00,0.00,0,1.00,1,131.19,0,0,0,java.lang.Object,0.00,3,0,1,0,3,1,0,1,33,0
"org.apache.lucene.validation.DependencyChecker$FileFilter_0",1,0.00,1.00,3,0.04,732.66,1,0,11,4,0,130.64,0,4,0,1,130.64,0.00,0.00,0.00,0,1.00,1,131.19,0,0,0,java.lang.Object,0.00,3,0,1,0,3,1,0,0,33,0
"org.apache.lucene.validation.DependencyChecker$FileFilter_1",1,0.00,1.00,3,0.02,227.68,1,0,11,3,0,134.64,0,4,0,1,134.64,0.00,0.00,0.00,0,1.00,1,70.91,0,0,0,java.lang.Object,0.00,2,0,1,0,2,1,0,0,21,0
"org.apache.lucene.validation.LicenseType",4,0.17,1.00,13,0.15,1677.82,6,2,0,4,1,114.68,23,30,1,1,132.55,0.00,0.00,0.38,0,6.00,1,450.38,0,2,0,java.lang.Object,0.00,0,0,4,0,0,2,0,5,106,1
"org.apache.lucene.validation.UpdateableInt",0,0.00,0.00,2,0.01,44.92,1,1,11,0,1,171.00,0,3,1,1,171.00,0.00,0.00,0.00,0,0.00,0,22.46,0,0,0,java.lang.Object,0.00,0,0,0,0,0,0,0,0,8,0
"org.apache.lucene.messages.Message",4,0.00,1.00,5,0.02,107.33,4,0,1,4,9,209.75,4,6,9,1,159.75,0.00,0.00,0.00,0,4.00,1,66.38,0,4,0,,0.00,0,0,4,0,0,0,0,1,27,1
"org.apache.lucene.messages.MessageImpl",7,2.00,1.43,26,0.25,7538.00,9,2,1,13,30,129.24,4,34,28,1,129.24,0.00,0.00,0.00,3,7.00,4,740.32,0,5,2,java.lang.Object,0.00,6,0,10,0,6,2,1,1,175,1
"org.apache.lucene.messages.MessagesTestBundle",1,4.00,1.00,8,0.07,1453.35,5,4,0,2,2,151.71,21,11,1,2,112.41,0.00,0.50,0.00,0,1.00,1,205.96,0,0,1,org.apache.lucene.messages.NLS,0.00,1,1,1,0,1,1,0,6,53,1
"org.apache.lucene.messages.NLS",11,0.90,3.09,64,1.03,40303.99,12,1,11,35,7,116.84,52,100,7,1,116.60,0.00,0.00,0.18,6,25.00,6,3091.34,0,5,0,java.lang.Object,0.00,24,0,34,2,24,6,0,21,613,1
"org.apache.lucene.messages.NLS$PrivilegedAction<Void>",1,0.00,1.00,4,0.02,199.70,1,0,11,2,0,130.43,0,5,0,1,130.43,0.00,0.00,0.00,0,1.00,1,69.84,0,1,0,java.lang.Object,0.00,1,0,1,0,1,0,0,0,21,0
"org.apache.lucene.messages.NLSException",1,0.00,1.00,2,0.01,29.41,1,0,0,1,3,193.33,28,3,2,1,148.21,0.00,0.00,0.00,0,1.00,1,19.61,0,0,1,,0.00,0,0,1,0,0,1,0,3,9,1
"org.apache.lucene.messages.TestNLS",6,0.00,1.83,27,0.46,8439.99,6,0,2,15,4,144.23,22,52,0,2,123.61,0.00,0.50,0.00,0,6.00,3,1393.40,0,0,4,org.apache.lucene.util.LuceneTestCase,0.00,9,1,11,0,9,6,0,6,301,1
"org.apache.solr.client.solrj.beans.BindingException",2,0.00,1.00,5,0.03,221.18,2,0,0,2,2,95.57,16,8,2,2,143.68,0.00,0.50,0.00,0,2.00,1,88.69,0,0,0,java.lang.RuntimeException,0.00,0,1,2,0,0,2,0,1,29,1
"org.apache.solr.client.solrj.beans.DocumentObjectBinder",7,1.00,2.71,58,0.86,40973.37,8,1,8,32,6,107.42,6,77,2,1,107.42,0.00,0.00,0.14,2,12.00,5,2577.41,0,4,4,java.lang.Object,0.00,25,0,19,0,25,3,0,1,506,1
"org.apache.solr.client.solrj.beans.DocumentObjectBinder$DocField",7,0.44,9.00,168,2.36,156642.11,16,9,8,51,2,84.99,31,224,0,1,84.76,0.00,0.00,0.49,4,0.00,16,7093.67,0,2,2,java.lang.Object,0.00,44,0,63,0,44,5,0,21,1268,2
"org.apache.solr.client.solrj.beans.TestDocumentObjectBinder",5,0.75,1.00,98,2.03,105457.94,6,1,18,49,8,89.25,4,129,0,2,89.25,0.00,0.50,0.40,0,7.00,1,6103.10,0,0,8,org.apache.lucene.util.LuceneTestCase,0.00,44,1,5,0,44,5,0,4,1049,1
"org.apache.solr.client.solrj.beans.TestDocumentObjectBinder$Item",4,0.07,1.00,18,0.20,4994.54,13,9,18,4,0,124.16,1,32,0,1,124.16,0.00,0.00,0.06,0,4.00,1,597.57,0,1,0,java.lang.Object,0.00,0,0,4,0,0,3,0,1,134,2
"org.apache.solr.client.solrj.beans.TestDocumentObjectBinder$NotGettableItem",3,0.17,1.00,10,0.07,948.52,6,3,18,3,0,133.52,0,17,0,1,133.52,0.00,0.00,0.22,0,5.00,1,217.16,0,1,0,java.lang.Object,0.00,0,0,3,0,0,2,0,0,60,2
"org.apache.lucene.collation.tokenattributes.CollatedTermAttributeImpl",2,1.00,1.00,10,0.11,1892.83,3,1,3,6,3,103.62,10,14,1,3,121.49,0.00,0.67,0.50,0,2.00,1,323.30,2,0,2,org.apache.lucene.analysis.tokenattributes.CharTermAttributeImpl,0.09,4,2,2,0,4,2,0,4,79,1
"org.apache.lucene.collation.tokenattributes.ICUCollatedTermAttributeImpl",2,0.00,1.50,14,0.15,2899.11,4,2,4,7,3,114.72,9,20,1,3,114.49,0.00,0.67,0.50,0,2.00,2,439.28,2,0,2,org.apache.lucene.analysis.tokenattributes.CharTermAttributeImpl,0.09,5,2,3,0,5,2,0,3,102,1
"org.apache.lucene.analysis.shingle.ShingleAnalyzerWrapper",13,0.03,1.31,50,0.49,12796.67,19,6,4,24,6,169.46,37,76,2,3,129.57,0.00,0.67,0.14,0,70.00,5,1460.10,0,3,4,org.apache.lucene.analysis.AnalyzerWrapper,0.00,11,2,17,0,11,10,0,6,341,2
"org.apache.lucene.analysis.shingle.ShingleAnalyzerWrapperTest",12,0.02,1.25,131,2.50,74404.24,16,4,17,40,22,153.78,18,223,0,3,103.78,0.00,0.67,0.23,1,28.00,2,7498.52,3,0,22,org.apache.lucene.analysis.BaseTokenStreamTestCase,0.00,28,2,15,0,28,12,0,4,1375,1
"org.apache.lucene.analysis.shingle.ShingleFilter",14,0.09,3.07,168,2.06,120418.28,38,24,10,48,13,61.94,179,216,6,4,99.50,0.00,0.75,0.12,5,58.00,11,6183.98,1,0,7,org.apache.lucene.analysis.TokenFilter,0.31,34,3,43,0,34,14,0,43,1132,2
"org.apache.lucene.analysis.shingle.ShingleFilter$CircularSequence",6,0.27,1.50,23,0.12,1612.00,9,3,10,6,0,116.11,32,31,0,1,133.98,0.00,0.00,0.56,1,0.00,3,372.47,0,0,0,java.lang.Object,0.00,0,0,9,0,0,6,0,5,105,1
"org.apache.lucene.analysis.shingle.ShingleFilter$InputWindowToken",1,4.00,1.00,9,0.08,1196.00,5,4,10,2,3,111.17,0,11,0,1,111.17,0.00,0.00,0.00,0,1.00,1,244.00,0,0,3,java.lang.Object,0.00,1,0,1,0,1,1,0,0,61,1
"org.apache.lucene.analysis.shingle.ShingleFilterTest",44,0.02,1.02,219,10.38,1761421.69,137,93,8,62,7,112.29,8,920,0,3,112.29,0.00,0.67,0.03,3,400.00,2,31129.31,2,2,7,org.apache.lucene.analysis.BaseTokenStreamTestCase,0.00,18,2,45,0,18,42,0,6,4603,1
"org.apache.lucene.analysis.shingle.ShingleFilterTest$TestTokenStream",2,0.67,1.50,25,0.29,6867.43,8,6,8,12,7,102.81,0,30,0,3,102.81,0.00,0.67,0.50,0,2.00,2,870.71,0,0,7,org.apache.lucene.analysis.TokenStream,0.30,10,2,3,0,10,2,0,0,177,1
"org.apache.lucene.queryparser.flexible.standard.nodes.AbstractRangeQueryNode",10,0.33,2.00,72,0.83,30339.48,12,2,8,25,9,94.02,55,100,2,2,111.90,2.00,0.25,0.20,4,26.00,5,2504.70,4,3,7,org.apache.lucene.queryparser.flexible.core.nodes.QueryNodeImpl,0.07,15,1,20,2,15,7,1,9,534,1
"org.apache.lucene.queryparser.flexible.standard.nodes.BooleanModifierNode",1,0.00,1.00,3,0.02,146.18,1,0,3,1,3,93.86,7,5,1,3,136.15,0.00,0.67,0.00,0,1.00,1,58.69,0,0,3,org.apache.lucene.queryparser.flexible.core.nodes.ModifierQueryNode,0.00,0,2,1,0,0,1,0,1,19,1
"org.apache.lucene.queryparser.flexible.standard.nodes.MultiPhraseQueryNode",6,0.00,2.33,39,0.43,14074.81,6,0,7,17,10,115.24,5,53,4,2,115.24,0.00,0.50,0.00,0,6.00,4,1281.56,4,4,6,org.apache.lucene.queryparser.flexible.core.nodes.QueryNodeImpl,0.16,11,1,14,0,11,2,1,2,276,1
"org.apache.lucene.queryparser.flexible.standard.nodes.NumericQueryNode",10,0.26,1.10,30,0.27,3394.67,13,3,8,14,10,115.38,54,47,5,2,133.25,0.00,0.50,0.10,4,22.00,2,803.85,1,6,5,org.apache.lucene.queryparser.flexible.core.nodes.QueryNodeImpl,0.07,4,1,11,0,4,4,1,9,205,1
"org.apache.lucene.queryparser.flexible.standard.nodes.NumericRangeQueryNode",5,1.00,2.80,42,0.65,30323.15,6,1,6,17,12,58.81,51,70,4,3,107.29,0.00,0.67,0.20,1,8.00,6,1938.98,5,3,8,org.apache.lucene.queryparser.flexible.standard.nodes.AbstractRangeQueryNode,0.09,12,2,14,0,12,2,0,5,388,1
"org.apache.lucene.queryparser.flexible.standard.nodes.PrefixWildcardQueryNode",4,0.00,1.00,10,0.12,1817.28,4,0,1,8,6,90.74,33,19,4,4,138.84,0.00,0.75,0.00,0,4.00,1,360.01,1,2,2,org.apache.lucene.queryparser.flexible.standard.nodes.WildcardQueryNode,0.17,4,3,4,0,4,2,0,4,96,1
"org.apache.lucene.queryparser.flexible.standard.nodes.RegexpQueryNode",10,0.22,1.10,27,0.25,4334.63,12,2,6,13,10,188.98,13,42,4,2,138.98,0.00,0.50,0.30,0,26.00,2,757.91,2,7,6,org.apache.lucene.queryparser.flexible.core.nodes.QueryNodeImpl,0.14,3,1,11,0,3,3,2,2,200,1
"org.apache.lucene.queryparser.flexible.standard.nodes.StandardBooleanQueryNode",2,1.00,1.00,7,0.05,671.28,3,1,5,2,7,115.44,11,10,3,3,133.31,0.00,0.67,0.00,0,2.00,1,153.76,0,0,4,org.apache.lucene.queryparser.flexible.core.nodes.BooleanQueryNode,0.00,0,2,2,0,0,2,0,2,42,1
"org.apache.lucene.queryparser.flexible.standard.nodes.TermRangeQueryNode",1,0.00,1.00,3,0.03,323.99,1,0,1,1,8,132.96,16,6,6,3,133.43,0.00,0.67,0.00,0,1.00,1,96.64,1,0,2,org.apache.lucene.queryparser.flexible.standard.nodes.AbstractRangeQueryNode,0.00,0,2,1,0,0,1,0,2,28,1
"org.apache.lucene.queryparser.flexible.standard.nodes.WildcardQueryNode",5,0.00,1.20,15,0.17,3062.00,5,0,2,9,9,151.83,15,26,7,3,131.21,0.50,0.50,0.00,0,5.00,2,515.59,2,3,2,org.apache.lucene.queryparser.flexible.core.nodes.FieldQueryNode,0.14,4,2,6,1,4,2,0,3,132,1
"org.apache.lucene.index.codecs.ramonly.RAMOnlyPostingsFormat",4,0.39,1.50,58,0.81,25169.72,10,6,34,22,23,98.47,16,75,0,2,98.24,0.00,0.50,0.46,0,0.00,2,2444.43,0,2,23,org.apache.lucene.index.codecs.PostingsFormat,0.00,18,1,6,0,18,2,0,12,436,1
"org.apache.lucene.index.codecs.ramonly.RAMOnlyPostingsFormat$Comparator<BytesRef>",2,0.00,2.50,19,0.23,19523.06,2,0,34,2,1,153.78,2,25,0,1,103.78,0.00,0.00,0.00,0,2.00,4,700.93,0,0,1,java.lang.Object,0.00,0,0,5,0,0,2,0,2,144,0
"org.apache.lucene.index.codecs.ramonly.RAMOnlyPostingsFormat$RAMDoc",1,2.00,1.00,7,0.05,849.83,4,3,34,1,0,116.41,0,9,0,1,116.41,0.00,0.00,0.33,0,0.00,1,155.24,0,0,0,java.lang.Object,0.00,0,0,1,0,0,1,0,0,42,1
"org.apache.lucene.index.codecs.ramonly.RAMOnlyPostingsFormat$RAMDocsAndPositionsEnum",8,0.17,1.38,34,0.35,8339.31,13,5,34,12,3,124.70,1,53,0,4,124.70,0.00,0.75,0.35,1,0.00,4,1063.03,0,1,3,org.apache.lucene.index.DocsAndPositionsEnum,1.33,4,3,11,0,4,7,0,1,245,2
"org.apache.lucene.index.codecs.ramonly.RAMOnlyPostingsFormat$RAMDocsEnum",5,0.15,1.60,28,0.27,6609.47,10,5,34,8,2,120.24,1,41,0,3,120.24,0.00,0.67,0.32,1,0.00,4,812.57,0,0,2,org.apache.lucene.index.DocsEnum,0.92,3,2,8,0,3,5,0,1,184,2
"org.apache.lucene.index.codecs.ramonly.RAMOnlyPostingsFormat$RAMField",7,0.10,1.00,20,0.17,2759.27,12,5,34,10,2,139.33,0,34,0,2,139.33,0.00,0.50,0.11,0,27.00,1,520.34,0,2,2,org.apache.lucene.index.Terms,0.55,3,1,7,0,3,5,0,0,134,1
"org.apache.lucene.index.codecs.ramonly.RAMOnlyPostingsFormat$RAMFieldsConsumer",3,0.25,1.00,11,0.11,2072.61,5,2,34,7,3,130.84,1,17,0,2,130.84,0.00,0.50,0.33,0,4.00,1,332.70,0,1,3,org.apache.lucene.index.codecs.FieldsConsumer,0.33,4,1,3,0,4,2,0,1,83,2
"org.apache.lucene.index.codecs.ramonly.RAMOnlyPostingsFormat$RAMFieldsEnum",3,0.17,1.33,15,0.14,2429.57,6,3,34,9,2,121.96,0,22,0,2,121.96,0.00,0.50,0.44,0,1.00,2,411.98,0,2,2,org.apache.lucene.index.FieldsEnum,0.67,6,1,4,0,6,1,0,0,103,1
"org.apache.lucene.index.codecs.ramonly.RAMOnlyPostingsFormat$RAMPostings",3,1.00,1.00,7,0.08,1240.16,4,1,34,6,3,139.17,0,14,0,3,139.17,0.00,0.67,0.33,0,4.00,1,233.28,0,2,3,org.apache.lucene.index.codecs.FieldsProducer,0.86,3,2,3,0,3,1,0,0,62,1
"org.apache.lucene.index.codecs.ramonly.RAMOnlyPostingsFormat$RAMPostingsWriterImpl",4,0.33,1.50,20,0.27,9796.60,7,3,34,7,2,118.15,0,30,0,2,118.15,0.00,0.50,0.58,0,0.00,3,807.91,0,0,2,org.apache.lucene.index.codecs.PostingsConsumer,0.50,3,1,6,0,3,4,0,0,176,2
"org.apache.lucene.index.codecs.ramonly.RAMOnlyPostingsFormat$RAMTerm",1,3.00,1.00,6,0.05,840.17,4,3,34,2,0,118.94,0,8,0,1,118.94,0.00,0.00,0.00,0,1.00,1,158.81,0,0,0,java.lang.Object,0.00,1,0,1,0,1,1,0,0,40,1
"org.apache.lucene.index.codecs.ramonly.RAMOnlyPostingsFormat$RAMTermsConsumer",5,0.00,1.00,22,0.24,5026.53,8,3,34,12,4,124.90,0,32,0,2,124.90,0.00,0.50,0.33,0,6.00,1,734.83,0,2,4,org.apache.lucene.index.codecs.TermsConsumer,0.40,7,1,5,0,7,3,0,0,172,2
"org.apache.lucene.index.codecs.ramonly.RAMOnlyPostingsFormat$RAMTermsEnum",11,0.13,1.45,43,0.47,10941.92,14,3,34,28,5,129.51,1,70,0,2,129.51,0.00,0.50,0.45,0,0.00,4,1401.79,0,5,5,org.apache.lucene.index.TermsEnum,0.54,17,1,16,0,17,6,0,1,328,1
"org.apache.lucene.benchmark.quality.Judge",3,0.00,1.00,4,0.03,150.71,3,0,1,3,5,109.50,24,5,4,1,157.60,0.00,0.00,0.00,0,3.00,1,89.40,0,0,1,,0.00,0,0,3,0,0,3,0,4,30,1
"org.apache.lucene.benchmark.quality.QualityBenchmark",7,0.08,1.86,57,0.75,29903.57,13,6,8,22,12,66.29,53,67,2,1,108.58,0.00,0.00,0.24,0,15.00,5,2255.25,0,2,10,java.lang.Object,0.00,15,0,13,0,15,5,0,18,421,1
"org.apache.lucene.benchmark.quality.QualityQuery",5,0.12,1.20,18,0.18,4122.49,7,2,1,10,11,97.97,34,26,11,1,130.20,0.00,0.00,0.40,0,9.00,2,534.55,0,3,0,java.lang.Object,0.00,5,0,6,0,5,2,1,8,136,1
"org.apache.lucene.benchmark.quality.QualityQueryParser",1,0.00,1.00,2,0.01,69.06,1,0,2,1,6,97.18,8,3,3,1,145.29,0.00,0.00,0.00,0,1.00,1,36.53,0,1,3,,0.00,0,0,1,0,0,0,0,2,13,1
"org.apache.lucene.benchmark.quality.QualityStats",16,0.12,2.25,141,1.95,169083.71,28,12,3,40,4,105.67,75,165,4,1,105.44,0.00,0.00,0.19,4,112.00,7,5853.81,0,4,0,java.lang.Object,0.00,24,0,36,0,24,12,0,25,1096,1
"org.apache.lucene.benchmark.quality.QualityStats$RecallPoint",3,0.25,1.00,10,0.06,670.02,5,2,3,3,0,134.70,2,14,0,1,134.70,0.00,0.00,0.33,0,5.00,1,171.59,0,0,0,java.lang.Object,0.00,0,0,3,0,0,3,0,2,51,2
"org.apache.lucene.benchmark.quality.TestQualityRun",4,0.00,4.00,94,1.72,155303.67,4,0,13,33,13,65.87,22,117,0,3,83.75,0.00,0.67,0.00,1,4.00,13,5173.73,4,0,13,org.apache.lucene.benchmark.BenchmarkTestCase,0.00,29,2,16,0,29,4,0,16,805,1
"org.apache.lucene.facet.example.merge.TaxonomyMergeUtils",3,0.00,1.00,20,0.29,7643.90,3,0,13,19,10,95.01,44,32,1,1,115.15,0.00,0.00,0.00,1,3.00,1,855.39,0,0,9,java.lang.Object,0.00,16,0,3,0,16,3,0,7,177,1
"org.apache.lucene.analysis.hi.HindiAnalyzer",5,0.33,1.80,23,0.31,7714.50,8,3,13,16,12,73.30,46,33,1,3,123.30,0.00,0.67,0.07,0,7.00,3,928.58,0,2,11,org.apache.lucene.analysis.util.StopwordAnalyzerBase,0.00,11,2,9,0,11,3,0,8,204,2
"org.apache.lucene.analysis.hi.HindiAnalyzer$DefaultSetHolder",0,0.00,0.00,6,0.05,853.95,1,1,13,0,1,171.00,2,10,0,1,171.00,0.00,0.00,0.00,0,0.00,0,164.39,0,0,1,java.lang.Object,0.00,0,0,0,0,0,0,0,2,40,2
"org.apache.lucene.analysis.hi.HindiNormalizationFilter",2,0.33,2.00,11,0.14,2865.07,5,3,6,9,9,102.04,11,18,3,4,119.91,0.00,0.75,0.50,0,2.00,3,425.46,0,0,6,org.apache.lucene.analysis.TokenFilter,0.29,7,3,4,0,7,2,0,1,98,2
"org.apache.lucene.analysis.hi.HindiNormalizer",1,0.00,38.00,82,1.01,71236.74,1,0,1,1,1,74.34,34,124,1,1,60.56,0.00,0.00,0.00,0,1.00,38,3040.63,0,0,0,java.lang.Object,0.00,0,0,38,0,0,1,0,10,470,1
"org.apache.lucene.analysis.hi.HindiStemFilter",2,0.33,2.00,12,0.15,3087.32,5,3,5,9,8,166.70,3,18,3,4,116.70,0.00,0.75,0.50,0,2.00,3,437.52,0,0,5,org.apache.lucene.analysis.TokenFilter,0.29,7,3,4,0,7,2,0,1,100,2
"org.apache.lucene.analysis.hi.HindiStemmer",1,0.00,6.00,8,1.03,63343.52,1,0,1,2,1,78.95,14,82,1,1,99.09,0.00,0.00,0.00,0,1.00,6,3091.63,0,0,0,java.lang.Object,0.00,1,0,6,0,1,1,0,6,479,1
"org.apache.lucene.analysis.hi.TestHindiAnalyzer",4,0.00,1.00,14,0.15,2432.09,4,0,4,8,3,113.41,23,20,0,3,131.28,0.00,0.67,0.00,0,4.00,1,440.77,2,0,3,org.apache.lucene.analysis.BaseTokenStreamTestCase,0.00,4,2,4,0,4,4,0,5,106,1
"org.apache.lucene.analysis.hi.TestHindiNormalizer",3,0.00,1.00,23,0.21,3105.93,3,0,6,6,5,136.35,11,27,0,3,115.73,0.00,0.67,0.00,1,3.00,1,626.68,1,0,5,org.apache.lucene.analysis.BaseTokenStreamTestCase,0.00,3,2,3,0,3,3,0,7,143,1
"org.apache.lucene.analysis.hi.TestHindiStemmer",5,0.00,1.00,30,0.25,3782.55,5,0,6,8,5,139.92,17,36,0,3,119.30,0.00,0.67,0.00,1,5.00,1,748.71,1,0,5,org.apache.lucene.analysis.BaseTokenStreamTestCase,0.00,3,2,5,0,3,5,0,5,182,1
"org.apache.solr.uima.processor.SolrUIMAConfiguration",8,0.02,1.00,31,0.27,7396.94,15,7,1,8,3,129.85,5,42,3,1,129.85,0.00,0.00,0.12,0,50.00,1,812.97,0,5,0,java.lang.Object,0.00,0,0,8,0,0,3,0,1,199,1
"org.apache.solr.uima.processor.SolrUIMAConfiguration$MapField",3,0.33,2.67,20,0.19,5695.41,6,3,1,8,0,115.93,2,29,0,1,115.93,0.00,0.00,0.56,0,0.00,4,584.22,0,2,0,java.lang.Object,0.00,5,0,8,0,5,1,0,2,132,2
"org.apache.solr.uima.processor.SolrUIMAConfigurationReader",10,0.44,1.60,57,0.83,45360.66,11,1,5,24,3,116.02,8,70,1,1,116.02,0.00,0.00,0.60,2,0.00,5,2475.83,0,7,2,java.lang.Object,0.00,14,0,16,0,14,3,0,3,493,1
"org.apache.solr.uima.processor.UIMAToSolrMapper",2,0.33,3.50,30,0.54,31952.70,5,3,11,19,3,75.87,11,38,1,1,93.74,0.00,0.00,0.50,0,2.00,6,1622.84,0,0,2,java.lang.Object,0.00,17,0,7,0,17,2,0,2,279,1
"org.apache.solr.uima.processor.UIMAUpdateRequestProcessor",5,0.08,3.20,69,1.15,71825.76,8,3,16,43,12,117.06,17,89,2,2,96.44,0.00,0.50,0.40,3,0.00,9,3464.72,1,2,10,org.apache.solr.update.processor.UpdateRequestProcessor,0.00,38,1,16,0,38,3,0,11,604,1
"org.apache.solr.uima.processor.UIMAUpdateRequestProcessorFactory",2,1.00,1.00,6,0.10,1612.54,3,1,5,7,8,170.20,5,14,1,2,130.31,0.00,0.50,0.50,0,2.00,1,308.98,0,1,7,org.apache.solr.update.processor.UpdateRequestProcessorFactory,0.00,5,1,2,0,5,1,0,1,73,1
"org.apache.solr.uima.processor.UIMAUpdateRequestProcessorTest",8,0.00,1.50,71,1.08,25698.18,8,0,22,33,16,109.60,7,136,0,3,109.60,0.00,0.67,0.00,1,16.00,5,3244.69,7,0,16,org.apache.solr.SolrTestCaseJ4,0.05,25,2,12,0,25,8,0,3,623,1
"org.apache.solr.uima.processor.UIMAUpdateRequestProcessorTest$SolrQueryRequestBase",0,0.00,0.00,1,0.01,69.74,0,0,22,0,0,171.00,0,1,0,1,171.00,0.00,0.00,0.00,0,0.00,0,34.87,0,0,0,java.lang.Object,0.00,0,0,0,0,0,0,0,0,11,0
"org.apache.lucene.analysis.tr.TestTurkishAnalyzer",4,0.00,1.00,16,0.17,3234.43,4,0,5,8,3,175.64,7,22,0,3,125.64,0.00,0.67,0.00,0,4.00,1,517.05,3,0,3,org.apache.lucene.analysis.BaseTokenStreamTestCase,0.00,4,2,4,0,4,4,0,6,121,1
"org.apache.lucene.analysis.tr.TestTurkishLowerCaseFilter",3,0.00,1.00,13,0.20,3244.88,3,0,4,6,4,124.88,14,23,0,3,124.65,0.00,0.67,0.00,0,3.00,1,593.66,1,0,4,org.apache.lucene.analysis.BaseTokenStreamTestCase,0.00,3,2,3,0,3,3,0,4,129,1
"org.apache.lucene.analysis.tr.TurkishAnalyzer",5,0.33,1.80,22,0.30,7346.10,8,3,15,16,13,73.47,46,32,1,3,123.47,0.00,0.67,0.07,0,8.00,3,905.69,0,2,12,org.apache.lucene.analysis.util.StopwordAnalyzerBase,0.00,11,2,9,0,11,3,0,9,200,2
"org.apache.lucene.analysis.tr.TurkishAnalyzer$DefaultSetHolder",0,0.00,0.00,6,0.05,853.95,1,1,15,0,1,171.00,2,11,0,1,171.00,0.00,0.00,0.00,0,0.00,0,164.39,0,0,1,java.lang.Object,0.00,0,0,0,0,0,0,0,2,40,2
"org.apache.lucene.analysis.tr.TurkishLowerCaseFilter",4,0.13,3.25,47,0.59,38986.60,9,5,4,14,8,58.18,29,59,5,4,100.47,0.00,0.75,0.30,1,4.00,6,1760.91,0,0,3,org.apache.lucene.analysis.TokenFilter,0.25,10,3,13,0,10,4,0,10,339,2
"org.apache.solr.util.xslt.TransformerProvider",3,0.58,2.67,45,0.69,27862.91,9,6,14,29,6,77.78,17,63,2,1,95.66,0.00,0.00,0.56,0,0.00,4,2084.14,0,2,4,java.lang.Object,0.00,26,0,8,0,26,1,0,9,369,1
"org.apache.solr.spelling.AbstractLuceneSpellChecker",12,0.05,2.75,113,1.74,115831.02,30,18,29,45,32,124.41,40,151,8,2,103.79,3.00,0.20,0.10,2,70.00,12,5220.05,1,8,24,org.apache.solr.spelling.SolrSpellChecker,0.19,33,1,33,3,33,4,0,13,895,2
"org.apache.solr.spelling.DirectSolrSpellChecker",6,0.18,4.00,92,1.72,92564.12,27,21,22,35,22,94.06,26,123,1,2,93.83,0.00,0.50,0.20,0,0.00,12,5157.63,1,2,21,org.apache.solr.spelling.SolrSpellChecker,0.27,29,1,24,0,29,4,0,4,847,1
"org.apache.solr.spelling.DirectSolrSpellCheckerTest",3,0.50,1.00,37,0.79,30834.39,4,1,14,30,15,149.15,5,49,0,3,99.15,0.00,0.67,0.67,0,1.00,1,2368.01,5,0,15,org.apache.solr.SolrTestCaseJ4,0.00,27,2,3,0,27,3,0,3,410,1
"org.apache.solr.spelling.FileBasedSpellChecker",5,0.06,2.00,42,0.69,24885.13,9,4,15,38,16,128.66,18,64,1,3,108.04,0.00,0.67,0.30,1,1.00,5,2066.35,1,3,15,org.apache.solr.spelling.AbstractLuceneSpellChecker,0.00,33,2,10,0,33,2,0,10,371,1
"org.apache.solr.spelling.FileBasedSpellCheckerTest",5,0.00,1.00,106,2.46,115314.11,6,1,13,39,14,127.21,12,117,0,3,87.32,0.00,0.67,1.00,0,0.00,1,7385.80,3,0,14,org.apache.solr.SolrTestCaseJ4,0.00,34,2,5,0,34,5,0,6,1157,1
"org.apache.solr.spelling.IndexBasedSpellChecker",6,0.10,2.00,39,0.45,11523.35,10,4,11,18,13,136.57,22,59,5,3,115.96,0.50,0.50,0.17,1,2.00,3,1337.55,2,2,8,org.apache.solr.spelling.AbstractLuceneSpellChecker,0.00,12,2,12,1,12,4,0,11,282,1
"org.apache.solr.spelling.IndexBasedSpellCheckerTest",7,0.08,1.29,200,4.45,297822.28,9,2,28,62,27,120.39,14,242,0,3,80.51,0.00,0.67,0.43,0,0.00,2,13341.41,3,0,27,org.apache.solr.SolrTestCaseJ4,0.00,55,2,9,0,55,7,0,12,2027,1
"org.apache.solr.spelling.IndexBasedSpellCheckerTest$TestSpellChecker",1,0.00,1.00,3,0.02,168.05,1,0,28,1,2,135.68,0,7,0,4,135.68,0.00,0.75,0.00,0,0.00,1,52.05,0,1,2,org.apache.solr.spelling.IndexBasedSpellChecker,0.14,0,3,1,0,0,0,0,0,17,1
"org.apache.solr.spelling.PossibilityIterator",7,0.12,3.57,96,1.26,117042.62,11,4,9,42,5,96.13,31,109,2,1,95.90,0.00,0.00,0.36,1,8.00,11,3780.76,0,2,3,java.lang.Object,0.00,35,0,25,0,35,5,1,3,663,1
"org.apache.solr.spelling.QueryConverter",4,0.50,1.00,10,0.07,810.83,6,2,5,4,7,93.50,34,14,3,1,141.60,0.00,0.00,0.12,0,6.00,1,216.72,0,2,4,java.lang.Object,0.00,0,0,4,2,0,2,1,3,62,2
"org.apache.solr.spelling.RankedSpellPossibility",6,0.10,1.33,22,0.24,6297.39,8,2,1,15,5,129.35,1,30,4,1,129.35,0.00,0.00,0.42,0,6.00,3,726.57,0,2,1,java.lang.Object,0.00,9,0,8,0,9,4,1,1,171,1
"org.apache.solr.spelling.SampleComparator",1,0.00,1.00,3,0.04,596.66,1,0,2,2,1,131.58,4,6,0,1,131.34,0.00,0.00,0.00,0,1.00,1,118.39,0,0,1,java.lang.Object,0.00,1,0,1,0,1,1,1,1,32,1
"org.apache.solr.spelling.SimpleQueryConverter",1,0.00,3.00,26,0.47,21227.46,1,0,14,26,13,66.02,5,32,3,3,83.89,0.00,0.67,0.00,0,1.00,3,1415.22,0,1,10,org.apache.solr.spelling.SpellingQueryConverter,0.00,25,2,3,0,25,0,0,2,234,0
"org.apache.solr.spelling.SolrSpellChecker",9,0.02,2.89,82,1.23,88660.22,17,8,19,42,24,85.84,48,89,8,1,103.71,0.00,0.00,0.14,1,22.00,14,3694.00,0,4,16,java.lang.Object,0.00,33,0,26,7,33,5,0,15,641,2
"org.apache.solr.spelling.SpellCheckCollation",9,0.09,1.11,26,0.20,3559.02,13,4,1,12,4,139.30,0,38,3,1,139.30,0.00,0.00,0.17,0,36.00,2,602.36,0,2,1,java.lang.Object,0.00,3,0,10,0,3,7,1,0,161,1
"org.apache.solr.spelling.SpellCheckCollator",2,1.00,8.00,70,1.30,110964.32,3,1,15,52,15,125.57,3,89,1,1,75.57,0.00,0.00,0.50,1,2.00,13,3912.09,0,2,14,java.lang.Object,0.00,50,0,16,0,50,0,0,3,590,1
"org.apache.solr.spelling.SpellCheckCollatorTest",5,0.00,1.60,182,3.34,218053.26,5,0,18,33,13,96.92,18,198,0,3,76.30,0.00,0.67,0.00,0,0.00,3,10017.68,3,0,13,org.apache.solr.SolrTestCaseJ4,0.00,28,2,8,0,28,5,0,18,1564,1
"org.apache.solr.spelling.SpellCheckCorrection",6,0.20,1.00,16,0.09,916.94,9,3,1,6,3,142.57,0,23,2,1,142.57,0.00,0.00,0.17,0,18.00,1,275.03,0,2,1,java.lang.Object,0.00,0,0,6,0,0,4,0,0,82,1
"org.apache.solr.spelling.SpellPossibilityIteratorTest",3,0.25,3.00,93,1.65,106729.18,5,2,7,16,4,79.28,0,107,0,3,79.28,0.00,0.67,0.67,0,0.00,6,4935.30,1,0,4,org.apache.solr.SolrTestCaseJ4,0.05,13,2,9,0,13,3,0,0,842,1
"org.apache.solr.spelling.SpellingOptions",5,7.00,1.00,27,0.28,5826.23,12,7,4,5,12,72.67,43,33,9,1,120.78,0.00,0.00,0.00,0,5.00,1,828.90,0,0,3,java.lang.Object,0.00,0,0,5,0,0,5,0,10,192,1
"org.apache.solr.spelling.SpellingQueryConverter",1,5.00,6.00,46,0.76,33871.93,7,6,14,30,14,104.80,31,62,6,2,72.89,1.00,0.33,0.17,0,0.00,6,2291.15,0,1,8,org.apache.solr.spelling.QueryConverter,0.00,29,1,6,1,29,0,0,7,388,1
"org.apache.solr.spelling.SpellingQueryConverterTest",5,0.00,1.40,62,0.99,47636.11,5,0,6,19,4,119.95,15,72,0,2,99.33,0.00,0.50,0.00,0,5.00,3,2978.65,0,0,4,org.apache.lucene.util.LuceneTestCase,0.00,14,1,7,0,14,5,0,10,571,1
"org.apache.solr.spelling.SpellingResult",12,0.09,1.33,40,0.48,13285.29,16,4,5,16,11,129.40,51,56,10,1,129.16,0.00,0.00,0.17,1,64.00,3,1450.18,0,5,1,java.lang.Object,0.00,4,0,16,0,4,7,0,10,334,1
"org.apache.lucene.analysis.standard.std.Deprecated",24,0.05,2.42,246,6.06,244551.85,63,39,3,33,3,53.83,196,779,0,1,101.93,0.00,0.00,0.07,2,234.00,21,18184.46,0,1,3,java.lang.Object,0.00,9,0,58,0,9,23,1,73,2570,2
"org.apache.lucene.benchmark.byTask.programmatic.Sample",2,0.00,1.00,37,0.47,13719.49,2,0,9,17,7,45.49,20,40,0,1,93.97,0.00,0.00,0.00,1,2.00,1,1405.53,0,1,7,java.lang.Object,0.00,15,0,2,0,15,1,0,14,262,1
"org.apache.lucene.analysis.th.TestThaiAnalyzer",9,0.00,1.00,54,1.07,23644.34,9,0,5,14,5,154.93,22,99,0,3,115.05,0.00,0.67,0.00,0,9.00,1,3209.13,4,0,5,org.apache.lucene.analysis.BaseTokenStreamTestCase,0.00,5,2,9,0,5,9,0,12,608,1
"org.apache.lucene.analysis.th.ThaiAnalyzer",2,1.00,1.50,10,0.15,3603.03,3,1,11,9,11,71.09,16,17,1,2,119.20,0.00,0.50,0.50,0,2.00,2,437.94,0,1,10,org.apache.lucene.analysis.Analyzer,0.00,7,1,3,0,7,1,0,2,95,2
"org.apache.lucene.analysis.th.ThaiWordFilter",3,0.54,4.00,56,0.82,37684.49,15,12,13,26,12,49.29,21,71,4,4,91.58,0.00,0.75,0.44,0,0.00,8,2459.71,1,0,8,org.apache.lucene.analysis.TokenFilter,0.53,23,3,12,0,23,3,0,7,450,2
"org.apache.lucene.facet.example.association.AssociationIndexer",1,0.00,4.00,38,0.61,31922.71,1,0,16,20,18,36.07,55,40,2,1,76.28,0.00,0.00,0.00,0,1.00,4,1833.88,0,0,16,java.lang.Object,0.00,19,0,4,0,19,1,0,25,292,1
"org.apache.lucene.facet.example.association.AssociationMain",3,0.00,1.00,25,0.28,6874.11,3,0,6,13,9,62.38,31,29,2,1,110.85,0.00,0.00,0.00,0,3.00,1,825.66,0,2,7,java.lang.Object,0.00,10,0,3,0,10,1,0,9,173,1
"org.apache.lucene.facet.example.association.AssociationSearcher",2,0.00,1.00,17,0.26,7280.91,2,0,10,10,11,89.13,28,26,1,1,109.27,0.00,0.00,0.00,0,2.00,1,773.15,0,2,10,java.lang.Object,0.00,8,0,2,0,8,0,0,8,152,1
"org.apache.lucene.facet.example.association.AssociationUtils",0,0.00,0.00,4,0.16,4254.55,3,3,6,5,9,171.00,37,26,3,1,171.00,0.00,0.00,0.00,0,0.00,0,480.00,0,0,6,java.lang.Object,0.00,5,0,0,0,5,0,0,14,96,1
"org.apache.lucene.analysis.sinks.DateRecognizerSinkFilter",3,0.17,2.00,16,0.16,3510.02,6,3,5,7,3,141.22,10,25,1,2,120.61,0.00,0.50,0.22,0,4.00,4,476.42,0,0,2,TeeSinkTokenFilter.SinkFilter,0.00,4,1,6,0,4,3,0,3,107,1
"org.apache.lucene.analysis.sinks.DateRecognizerSinkTokenizerTest",1,0.00,3.00,16,0.22,6974.39,1,0,6,10,4,95.56,0,20,0,3,95.56,0.00,0.67,0.00,0,1.00,3,665.18,0,0,4,org.apache.lucene.analysis.BaseTokenStreamTestCase,0.00,9,2,3,0,9,1,0,0,125,1
"org.apache.lucene.analysis.sinks.TeeSinkTokenFilter",7,1.00,2.43,46,0.53,16895.54,8,1,9,23,8,66.65,74,61,4,4,115.13,0.00,0.75,0.00,1,12.00,6,1587.60,1,0,4,org.apache.lucene.analysis.TokenFilter,0.42,16,3,17,0,16,7,0,10,334,2
"org.apache.lucene.analysis.sinks.TeeSinkTokenFilter$SinkFilter",2,0.00,1.00,3,0.02,126.08,2,0,9,2,1,157.06,9,5,0,1,156.83,0.00,0.00,0.00,0,2.00,1,59.16,0,0,1,java.lang.Object,0.00,0,0,2,0,0,2,0,3,21,3
"org.apache.lucene.analysis.sinks.TeeSinkTokenFilter$SinkFilter_0",1,0.00,1.00,3,0.02,175.12,1,0,9,1,1,135.54,0,5,0,1,135.54,0.00,0.00,0.00,0,1.00,1,54.60,0,0,1,java.lang.Object,0.00,0,0,1,0,0,1,0,0,17,0
"org.apache.lucene.analysis.sinks.TeeSinkTokenFilter$SinkTokenStream",7,0.04,1.57,29,0.31,6731.83,11,4,9,15,2,124.95,1,44,0,3,124.95,0.00,0.67,0.29,0,20.00,3,930.29,0,0,2,org.apache.lucene.analysis.TokenStream,0.60,8,2,11,0,8,7,0,1,215,3
"org.apache.lucene.analysis.sinks.TestTeeSinkTokenFilter",5,0.31,3.60,154,2.58,160005.83,9,4,19,58,20,100.74,15,148,0,3,80.13,0.00,0.67,0.50,0,2.00,11,7743.62,2,0,20,org.apache.lucene.analysis.BaseTokenStreamTestCase,0.00,53,2,18,0,53,5,0,9,1279,1
"org.apache.lucene.analysis.sinks.TestTeeSinkTokenFilter$ModuloSinkFilter",2,0.50,1.00,9,0.08,1499.92,4,2,19,2,1,125.90,0,13,0,2,125.90,0.00,0.50,0.75,0,0.00,1,227.39,0,0,1,TeeSinkTokenFilter.SinkFilter,0.00,0,1,2,0,0,2,0,0,57,0
"org.apache.lucene.analysis.sinks.TestTeeSinkTokenFilter$ModuloTokenFilter",2,0.00,1.50,15,0.11,3531.74,4,2,19,2,0,113.81,1,19,0,2,113.81,0.00,0.50,0.50,0,2.00,2,315.33,0,0,0,org.apache.lucene.index.TokenFilter,0.00,0,1,3,0,0,2,0,1,77,0
"org.apache.lucene.analysis.sinks.TestTeeSinkTokenFilter$TeeSinkTokenFilter.SinkFilter",1,0.00,1.00,4,0.05,853.17,1,0,19,4,2,125.46,0,6,0,1,125.46,0.00,0.00,0.00,0,1.00,1,149.49,0,0,2,java.lang.Object,0.00,3,0,1,0,3,1,0,0,37,0
"org.apache.lucene.analysis.sinks.TestTeeSinkTokenFilter$TeeSinkTokenFilter.SinkFilter_0",1,0.00,1.00,4,0.05,853.17,1,0,19,4,2,125.46,0,6,0,1,125.46,0.00,0.00,0.00,0,1.00,1,149.49,0,0,2,java.lang.Object,0.00,3,0,1,0,3,1,0,0,37,0
"org.apache.lucene.analysis.sinks.TokenRangeSinkFilter",3,0.17,1.33,15,0.12,2323.64,6,3,2,3,2,172.11,4,24,1,2,122.11,0.00,0.50,0.44,0,1.00,2,357.84,0,0,1,TeeSinkTokenFilter.SinkFilter,0.00,0,1,4,0,0,3,0,1,90,1
"org.apache.lucene.analysis.sinks.TokenRangeSinkTokenizerTest",1,0.00,3.00,16,0.21,6981.06,1,0,4,9,4,95.56,0,20,0,3,95.56,0.00,0.67,0.00,0,1.00,3,626.27,0,0,4,org.apache.lucene.analysis.BaseTokenStreamTestCase,0.00,8,2,3,0,8,1,0,0,120,1
"org.apache.lucene.analysis.sinks.TokenTypeSinkFilter",2,0.00,1.50,9,0.09,1646.64,4,2,2,5,3,125.49,1,14,1,2,125.49,0.00,0.50,0.50,0,2.00,2,275.77,0,0,2,TeeSinkTokenFilter.SinkFilter,0.00,3,1,3,0,3,2,0,1,67,1
"org.apache.lucene.analysis.sinks.TokenTypeSinkTokenizerTest",1,0.00,4.00,23,0.38,17178.61,1,0,8,14,8,86.54,0,28,0,3,86.54,0.00,0.67,0.00,0,1.00,4,1151.06,0,0,8,org.apache.lucene.analysis.BaseTokenStreamTestCase,0.00,13,2,4,0,13,1,0,0,202,1
"org.apache.lucene.analysis.sinks.TokenTypeSinkTokenizerTest$WordTokenFilter",2,0.00,2.00,10,0.11,2043.22,4,2,8,6,4,121.07,0,15,0,4,121.07,0.00,0.75,0.50,0,2.00,3,340.40,0,0,4,org.apache.lucene.analysis.TokenFilter,0.29,4,3,4,0,4,2,0,0,81,1
"org.apache.solr.spelling.suggest.jaspell.JaspellLookupFactory",1,0.00,1.00,5,0.07,1056.25,2,1,7,4,6,141.73,3,8,1,2,121.12,0.00,0.50,1.00,0,0.00,1,195.62,0,1,5,org.apache.solr.spelling.suggest.LookupFactory,0.00,3,1,1,0,3,0,0,1,46,1
"org.apache.lucene.analysis.snowball.Deprecated",3,0.17,2.33,18,0.34,11900.79,6,3,10,15,11,71.15,23,31,0,2,113.44,0.00,0.50,0.44,0,1.00,4,1015.63,0,1,11,org.apache.lucene.analysis.Analyzer,0.00,12,1,7,0,12,2,0,6,205,2
"org.apache.lucene.analysis.snowball.SnowballFilter",3,0.17,2.67,26,0.36,11590.09,6,3,8,18,28,66.55,22,39,21,4,108.84,0.00,0.75,0.44,0,1.00,4,1074.57,0,0,7,org.apache.lucene.analysis.TokenFilter,0.27,15,3,8,0,15,3,0,3,217,2
"org.apache.lucene.analysis.snowball.TestSnowball",7,0.00,1.00,44,0.68,15603.58,7,0,12,21,12,155.49,14,57,0,3,115.61,0.00,0.67,0.00,0,7.00,1,2036.48,2,0,12,org.apache.lucene.analysis.BaseTokenStreamTestCase,0.00,14,2,7,0,14,7,0,6,412,1
"org.apache.lucene.analysis.snowball.TestSnowball$TestTokenStream",2,0.67,1.00,18,0.24,4507.22,8,6,12,11,8,109.00,0,22,0,3,109.00,0.00,0.67,0.50,0,2.00,1,709.55,0,0,8,org.apache.lucene.analysis.TokenStream,0.30,9,2,2,0,9,2,0,0,149,2
"org.apache.lucene.analysis.snowball.TestSnowballVocab",2,0.00,1.50,23,0.24,3094.52,2,0,7,5,3,58.84,16,28,0,2,106.94,0.00,0.50,0.00,1,2.00,2,716.64,0,0,3,org.apache.lucene.util.LuceneTestCase,0.00,3,1,3,0,3,2,0,9,140,1
"org.apache.lucene.analysis.snowball.TestSnowballVocab$Analyzer",1,0.00,1.00,4,0.05,771.22,1,0,7,4,3,125.81,0,7,0,1,125.81,0.00,0.00,0.00,0,1.00,1,141.98,0,1,3,java.lang.Object,0.00,3,0,1,0,3,0,0,0,35,0
"org.apache.lucene.analysis.gl.GalicianAnalyzer",5,0.50,1.80,21,0.28,7029.43,7,2,16,15,14,75.51,42,31,1,3,123.62,0.00,0.67,0.10,0,8.00,3,847.94,0,2,13,org.apache.lucene.analysis.util.StopwordAnalyzerBase,0.00,10,2,9,0,10,3,0,8,189,2
"org.apache.lucene.analysis.gl.GalicianAnalyzer$DefaultSetHolder",0,0.00,0.00,6,0.07,1305.88,1,1,16,0,3,171.00,2,11,0,1,171.00,0.00,0.00,0.00,0,0.00,0,222.01,0,0,3,java.lang.Object,0.00,0,0,0,0,0,0,0,2,51,2
"org.apache.lucene.analysis.gl.GalicianStemFilter",2,0.33,2.00,15,0.18,4744.35,5,3,6,9,9,94.87,10,21,3,4,112.74,0.00,0.75,0.50,0,2.00,3,535.08,0,0,6,org.apache.lucene.analysis.TokenFilter,0.29,7,3,4,0,7,2,0,2,116,2
"org.apache.lucene.analysis.gl.GalicianStemmer",1,0.00,9.00,41,0.51,38559.53,8,7,2,2,2,44.84,13,40,1,2,74.22,0.00,0.50,1.00,0,0.00,9,1518.51,1,0,1,org.apache.lucene.analysis.pt.RSLPStemmerBase,0.00,1,1,9,0,1,1,0,4,280,1
"org.apache.lucene.analysis.gl.TestGalicianAnalyzer",4,0.00,1.00,16,0.17,3088.17,4,0,5,8,3,175.80,7,22,0,3,125.80,0.00,0.67,0.00,0,4.00,1,522.25,3,0,3,org.apache.lucene.analysis.BaseTokenStreamTestCase,0.00,4,2,4,0,4,4,0,6,121,1
"org.apache.lucene.analysis.gl.TestGalicianStemFilter",1,0.00,1.00,5,0.04,471.81,1,0,9,3,6,124.11,4,8,0,3,123.87,0.00,0.67,0.00,0,1.00,1,114.71,0,0,6,org.apache.lucene.analysis.BaseTokenStreamTestCase,0.00,2,2,1,0,2,1,0,2,31,1
"org.apache.lucene.analysis.gl.TestGalicianStemFilter$Analyzer",1,0.00,1.00,5,0.06,1073.53,1,0,9,5,5,121.06,0,8,0,1,121.06,0.00,0.00,0.00,0,1.00,1,188.94,0,1,5,java.lang.Object,0.00,4,0,1,0,4,0,0,0,44,0
"org.apache.solr.servlet.CacheHeaderTest",9,0.44,1.33,128,1.82,74393.72,11,2,11,41,1,147.33,17,174,0,5,97.33,0.00,0.80,0.11,2,23.00,2,5462.13,5,2,1,org.apache.solr.servlet.CacheHeaderTestBase,0.00,32,4,12,0,32,7,0,15,1015,1
"org.apache.solr.servlet.CacheHeaderTestBase",10,0.00,2.10,52,0.71,28107.47,10,0,9,24,4,117.60,1,78,2,4,117.60,0.67,0.50,0.00,3,10.00,6,2120.56,1,3,2,org.apache.solr.SolrJettyTestBase,0.00,14,3,21,2,14,7,0,1,442,2
"org.apache.solr.servlet.DirectSolrConnection",5,0.12,3.00,51,0.76,37230.43,7,2,22,34,22,85.08,27,75,4,1,102.95,0.00,0.00,0.60,1,0.00,6,2286.16,0,3,18,java.lang.Object,0.00,29,0,15,0,29,2,0,7,429,1
"org.apache.solr.servlet.DirectSolrConnectionTest",5,0.50,1.60,30,0.34,10587.42,6,1,2,11,3,165.67,5,45,0,3,115.68,0.00,0.67,0.60,0,2.00,3,1020.22,1,2,3,org.apache.solr.util.AbstractSolrTestCase,0.24,6,2,8,0,6,3,0,5,215,1
"org.apache.solr.servlet.FileItemContentStream",2,0.00,1.00,10,0.08,946.18,3,1,30,7,12,123.86,0,15,1,2,123.86,0.00,0.50,1.00,0,0.00,1,241.60,0,1,11,org.apache.solr.common.util.ContentStreamBase,0.00,5,1,2,0,5,1,0,0,62,0
"org.apache.solr.servlet.HttpRequestContentStream",2,1.00,1.50,10,0.09,1543.69,3,1,30,6,12,172.09,2,15,1,2,122.10,0.00,0.50,0.50,0,2.00,2,284.88,0,1,11,org.apache.solr.common.util.ContentStreamBase,0.00,4,1,3,0,4,1,0,2,68,0
"org.apache.solr.servlet.LogLevelSelection",5,0.38,6.20,124,2.03,133596.50,7,2,10,41,0,84.47,20,178,0,2,84.24,0.00,0.50,0.20,2,11.00,12,6088.63,0,2,0,javax.servlet.http.HttpServlet,0.00,36,1,31,0,36,3,0,12,992,2
"org.apache.solr.servlet.LogLevelSelection$LogWrapper",6,0.07,2.83,31,0.37,11935.12,9,3,10,15,0,118.71,0,47,0,1,118.71,0.00,0.00,0.28,1,10.00,7,1106.25,0,1,0,java.lang.Object,0.00,9,0,17,0,9,5,1,0,254,2
"org.apache.solr.servlet.MultipartRequestParser",2,0.00,2.50,20,0.31,12940.92,3,1,30,20,16,103.71,8,33,3,1,103.48,0.00,0.00,1.00,0,0.00,4,938.67,0,1,14,java.lang.Object,0.00,18,0,5,0,18,1,1,8,167,0
"org.apache.solr.servlet.NoCacheHeaderTest",7,0.00,1.00,75,0.95,37945.98,7,0,6,16,1,144.18,15,109,0,5,104.29,0.00,0.80,0.00,3,7.00,1,2852.80,5,0,1,org.apache.solr.servlet.CacheHeaderTestBase,0.19,9,4,7,0,9,7,0,13,565,1
"org.apache.solr.servlet.RawRequestParser",1,0.00,1.00,4,0.06,1072.66,1,0,30,5,16,92.46,6,9,3,1,124.68,0.00,0.00,0.00,0,1.00,1,167.50,0,1,14,java.lang.Object,0.00,4,0,1,0,4,0,1,6,39,0
"org.apache.solr.servlet.SimpleRequestParser",1,0.00,1.00,3,0.03,513.01,1,0,30,2,13,131.86,0,8,1,1,131.86,0.00,0.00,0.00,0,1.00,1,100.82,0,1,12,java.lang.Object,0.00,1,0,1,0,1,0,1,0,26,0
"org.apache.solr.servlet.SolrDispatchFilter",11,0.02,4.55,183,3.13,245967.16,19,8,33,112,21,49.19,86,243,2,1,91.48,0.00,0.00,0.15,5,50.00,25,9385.45,0,2,19,java.lang.Object,0.00,101,0,50,0,101,9,1,51,1517,1
"org.apache.solr.servlet.SolrRequestParser",1,0.00,1.00,2,0.02,209.87,1,0,30,1,16,141.49,0,5,5,1,141.49,0.00,0.00,0.00,0,1.00,1,63.36,0,1,11,,0.00,0,0,1,0,0,0,0,0,18,0
"org.apache.solr.servlet.SolrRequestParserTest",6,0.40,1.67,86,1.59,78943.77,7,1,22,48,11,145.69,9,117,0,3,95.69,0.00,0.67,0.67,0,0.00,2,4761.05,1,0,11,org.apache.solr.SolrTestCaseJ4,0.00,42,2,10,0,42,6,0,9,817,1
"org.apache.solr.servlet.SolrRequestParsers",6,0.11,3.83,90,1.29,73840.33,15,9,30,38,21,115.23,20,122,7,1,94.61,0.00,0.00,0.20,1,10.00,13,3883.57,0,3,16,java.lang.Object,0.00,32,0,23,0,32,3,0,15,694,1
"org.apache.solr.servlet.SolrRequestParsers$SolrQueryRequestBase",0,0.00,0.00,1,0.01,23.26,0,0,30,0,0,171.00,0,0,0,1,171.00,0.00,0.00,0.00,0,0.00,0,15.51,0,0,0,java.lang.Object,0.00,0,0,0,0,0,0,0,0,6,0
"org.apache.solr.servlet.StandardRequestParser",2,0.00,4.00,22,0.33,13923.68,4,2,30,15,16,151.57,2,35,2,1,101.57,0.00,0.00,0.50,0,2.00,7,993.39,0,1,14,java.lang.Object,0.00,13,0,8,0,13,1,1,2,185,0
"org.apache.lucene.analysis.sv.SwedishAnalyzer",5,0.50,1.80,21,0.29,7141.30,7,2,18,16,15,75.46,42,31,1,3,123.56,0.00,0.67,0.10,0,8.00,3,866.52,0,2,14,org.apache.lucene.analysis.util.StopwordAnalyzerBase,0.00,11,2,9,0,11,3,0,8,192,2
"org.apache.lucene.analysis.sv.SwedishAnalyzer$DefaultSetHolder",0,0.00,0.00,6,0.07,1211.01,1,1,18,0,3,171.00,2,11,0,1,171.00,0.00,0.00,0.00,0,0.00,0,217.37,0,0,3,java.lang.Object,0.00,0,0,0,0,0,0,0,2,50,2
"org.apache.lucene.analysis.sv.SwedishLightStemFilter",2,0.33,2.00,14,0.16,3794.18,5,3,6,9,8,113.74,9,20,2,4,113.50,0.00,0.75,0.50,0,2.00,3,481.98,0,0,6,org.apache.lucene.analysis.TokenFilter,0.29,7,3,4,0,7,2,0,1,107,2
"org.apache.lucene.analysis.sv.SwedishLightStemmer",1,0.00,8.00,10,0.42,31455.50,1,0,1,2,1,55.51,7,41,1,1,97.80,0.00,0.00,0.00,0,1.00,8,1250.96,0,0,0,java.lang.Object,0.00,1,0,8,0,1,1,0,1,221,1
"org.apache.lucene.analysis.sv.TestSwedishAnalyzer",4,0.00,1.00,16,0.17,3088.17,4,0,6,8,4,175.80,7,22,0,3,125.80,0.00,0.67,0.00,0,4.00,1,522.25,3,0,4,org.apache.lucene.analysis.BaseTokenStreamTestCase,0.00,4,2,4,0,4,4,0,6,121,1
"org.apache.lucene.analysis.sv.TestSwedishLightStemFilter",2,0.00,1.00,7,0.06,643.14,2,0,7,4,4,173.34,5,11,0,3,133.46,0.00,0.67,0.00,0,2.00,1,171.82,1,0,4,org.apache.lucene.analysis.BaseTokenStreamTestCase,0.00,2,2,2,0,2,2,0,3,46,1
"org.apache.lucene.analysis.sv.TestSwedishLightStemFilter$Analyzer",1,0.00,1.00,4,0.05,1009.20,1,0,7,4,3,124.89,0,7,0,1,124.89,0.00,0.00,0.00,0,1.00,1,159.62,0,1,3,java.lang.Object,0.00,3,0,1,0,3,0,0,0,38,0
"org.apache.lucene.facet.search.AdaptiveAccumulatorTest",1,0.00,1.00,5,0.06,1150.60,1,0,5,3,7,120.35,16,11,0,5,120.82,0.00,0.80,0.00,0,1.00,1,173.83,0,1,7,org.apache.lucene.facet.search.sampling.BaseSampleTestTopK,0.00,2,4,1,0,2,0,0,1,41,1
"org.apache.lucene.facet.search.AdaptiveFacetsAccumulator",6,0.80,1.50,23,0.24,5304.61,7,1,12,11,16,81.80,52,37,2,3,129.91,0.00,0.67,0.33,1,10.00,3,731.20,2,3,14,org.apache.lucene.facet.search.StandardFacetsAccumulator,0.00,5,2,9,0,5,3,0,10,171,2
"org.apache.lucene.facet.search.BaseTestTopK",8,0.02,1.38,41,0.58,16355.35,15,7,14,20,14,158.67,19,63,3,3,118.78,3.00,0.22,0.12,2,24.00,2,1744.08,3,5,11,org.apache.lucene.facet.FacetTestBase,0.30,12,2,11,6,12,3,0,4,376,2
"org.apache.lucene.facet.search.CategoryListIterator",3,0.00,1.00,4,0.03,147.66,3,0,1,3,13,175.81,55,5,13,1,157.67,0.00,0.00,0.00,0,3.00,1,75.83,0,0,0,,0.00,0,0,3,0,0,3,0,5,27,1
"org.apache.lucene.facet.search.CategoryListIteratorTest",2,0.00,6.00,82,1.31,70135.87,3,1,25,34,21,30.51,23,87,0,2,74.64,0.00,0.50,1.00,0,0.00,7,3935.50,0,0,21,org.apache.lucene.util.LuceneTestCase,0.00,32,1,12,0,32,2,0,6,629,1
"org.apache.lucene.facet.search.CategoryListIteratorTest$Analyzer",1,0.00,1.00,3,0.04,595.79,1,0,25,3,1,131.35,0,5,0,1,131.35,0.00,0.00,0.00,0,1.00,1,112.25,0,1,1,java.lang.Object,0.00,2,0,1,0,2,0,0,0,29,0
"org.apache.lucene.facet.search.CategoryListIteratorTest$DataTokenStream",3,0.36,1.67,27,0.30,7506.38,10,7,25,13,6,108.53,0,33,0,3,108.53,0.00,0.67,0.38,0,2.00,3,887.99,0,0,6,org.apache.lucene.analysis.TokenStream,0.27,10,2,5,0,10,3,0,0,184,3
"org.apache.lucene.facet.search.DrillDown",7,0.00,1.43,29,0.42,13819.54,7,0,9,20,15,80.22,49,39,7,1,122.51,0.00,0.00,0.00,2,7.00,4,1251.75,0,7,8,java.lang.Object,0.00,13,0,10,0,13,0,0,9,273,2
"org.apache.lucene.facet.search.DrillDownTest",7,0.22,2.00,87,1.30,43311.08,13,6,28,40,23,100.96,31,106,0,2,100.73,0.00,0.50,0.36,0,6.00,6,3895.89,0,0,23,org.apache.lucene.util.LuceneTestCase,0.00,33,1,14,0,33,7,0,16,739,1
"org.apache.lucene.facet.search.FacetArrays",5,0.35,1.80,29,0.21,3809.65,10,5,0,9,17,73.99,41,40,15,1,122.10,0.00,0.00,0.48,0,0.00,3,620.80,0,0,2,java.lang.Object,0.00,4,0,9,0,4,5,0,11,156,1
"org.apache.lucene.facet.search.FacetResultsHandler",9,2.00,1.00,18,0.17,2304.74,11,2,6,10,14,103.24,113,25,9,1,140.81,0.00,0.00,0.00,0,9.00,1,504.03,0,6,6,java.lang.Object,0.00,1,0,9,2,1,3,0,13,140,2
"org.apache.lucene.facet.search.FacetsAccumulator",7,0.10,1.29,28,0.24,4113.69,15,8,7,8,24,97.30,91,38,18,1,126.68,0.00,0.00,0.04,0,17.00,3,734.79,0,1,6,java.lang.Object,0.00,1,0,9,4,1,6,0,16,177,2
"org.apache.lucene.facet.search.FacetsCollector",8,0.07,1.38,31,0.33,5606.12,12,4,10,18,20,88.43,60,52,10,2,130.72,0.00,0.50,0.31,0,0.00,3,979.22,0,1,10,org.apache.lucene.index.Collector,0.00,10,1,11,0,10,7,0,8,231,1
"org.apache.lucene.facet.search.FloatArrayAllocator",3,1.00,1.00,9,0.08,1265.51,4,1,1,4,7,112.39,43,15,6,2,132.53,0.00,0.50,0.33,0,4.00,1,251.14,0,0,1,org.apache.lucene.facet.search.TemporaryObjectAllocator,0.25,1,1,3,0,1,3,0,4,67,2
"org.apache.lucene.facet.search.Heap",6,0.00,1.00,7,0.03,191.17,6,0,0,6,3,126.94,40,8,3,1,159.16,0.00,0.00,0.00,0,6.00,1,102.28,0,0,0,,0.00,0,0,6,0,0,6,0,8,41,1
"org.apache.lucene.facet.search.IntArrayAllocator",3,1.00,1.00,9,0.08,1333.70,4,1,1,4,7,112.21,43,15,6,2,132.35,0.00,0.50,0.33,0,4.00,1,249.55,0,0,1,org.apache.lucene.facet.search.TemporaryObjectAllocator,0.25,1,1,3,0,1,3,0,4,67,2
"org.apache.lucene.facet.search.PayloadIntDecodingIterator",7,0.14,1.43,35,0.38,9324.12,13,6,5,20,10,88.02,44,50,4,1,120.24,0.00,0.00,0.29,0,9.00,3,1143.18,0,0,6,java.lang.Object,0.00,13,0,10,0,13,7,1,4,261,1
"org.apache.lucene.facet.search.PayloadIterator",6,0.05,2.33,40,0.49,22362.73,10,4,8,17,8,65.55,49,57,1,1,113.65,0.00,0.00,0.29,0,14.00,9,1474.58,0,0,7,java.lang.Object,0.00,11,0,14,1,11,6,0,14,296,1
"org.apache.lucene.facet.search.SamplingWrapper",6,0.00,1.33,35,0.43,15795.03,8,2,8,22,8,75.63,43,49,1,2,117.93,0.00,0.50,0.50,2,0.00,3,1284.20,0,1,7,org.apache.lucene.facet.search.FacetsAccumulator,0.77,16,1,8,0,16,5,0,14,264,1
"org.apache.lucene.facet.search.SamplingWrapperTest",1,0.00,1.00,4,0.05,913.99,1,0,5,3,8,124.75,16,10,0,5,125.23,0.00,0.80,0.00,0,1.00,1,162.67,0,1,8,org.apache.lucene.facet.search.sampling.BaseSampleTestTopK,0.00,2,4,1,0,2,0,0,1,39,1
"org.apache.lucene.facet.search.ScoredDocIDs",3,0.00,1.00,4,0.02,86.13,3,0,2,3,20,111.41,26,5,18,1,159.52,0.00,0.00,0.00,0,3.00,1,50.87,0,2,2,,0.00,0,0,3,0,0,1,0,5,21,1
"org.apache.lucene.facet.search.ScoredDocIDsIterator",3,1.00,1.00,5,0.03,250.46,4,1,0,3,16,105.87,29,6,16,1,155.87,0.00,0.00,0.00,0,3.00,1,91.50,0,0,0,,0.00,0,0,3,0,0,3,0,6,31,1
"org.apache.lucene.facet.search.ScoredDocIdCollector",7,0.28,1.14,18,0.16,2529.99,10,3,9,11,19,121.72,37,25,10,2,139.60,2.00,0.25,0.10,0,12.00,2,485.75,0,3,9,org.apache.lucene.index.Collector,0.00,4,1,8,2,4,4,0,5,128,2
"org.apache.lucene.facet.search.ScoredDocIdCollector$NonScoringDocIdCollector",7,1.00,1.00,17,0.14,1980.82,8,1,9,9,3,140.46,0,28,0,3,140.46,0.00,0.67,0.14,0,17.00,1,432.22,0,1,3,org.apache.lucene.facet.search.ScoredDocIdCollector,0.64,2,2,7,0,2,6,0,0,116,3
"org.apache.lucene.facet.search.ScoredDocIdCollector$NonScoringDocIdCollector$ScoredDocIDsIterator",3,0.00,1.33,13,0.09,1529.57,5,2,9,4,1,127.16,2,14,0,1,127.16,0.00,0.00,0.50,0,2.00,2,269.02,0,0,1,java.lang.Object,0.00,1,0,4,0,1,3,0,2,70,0
"org.apache.lucene.facet.search.ScoredDocIdCollector$ScoredDocIDs",3,0.00,1.00,7,0.03,241.62,3,0,9,4,2,144.76,0,10,0,1,144.76,0.00,0.00,0.00,0,5.00,1,92.54,0,2,2,java.lang.Object,0.00,1,0,3,0,1,1,0,0,31,0
"org.apache.lucene.facet.search.ScoredDocIdCollector$ScoringDocIdCollector",7,0.42,1.14,25,0.26,6479.82,9,2,9,12,4,129.81,0,35,0,3,129.81,0.00,0.67,0.14,0,13.00,2,789.59,0,1,4,org.apache.lucene.facet.search.ScoredDocIdCollector,0.64,5,2,8,0,5,6,0,0,181,3
"org.apache.lucene.facet.search.ScoredDocIdCollector$ScoringDocIdCollector$ScoredDocIDsIterator_0",3,0.33,1.67,17,0.12,2537.71,6,3,9,4,1,121.76,2,19,0,1,121.76,0.00,0.00,0.56,0,0.00,3,371.14,0,0,1,java.lang.Object,0.00,1,0,5,0,1,3,0,2,90,0
"org.apache.lucene.facet.search.StandardFacetsAccumulator",9,0.08,3.89,119,1.78,114911.85,17,8,16,57,29,59.24,114,167,11,2,96.80,2.00,0.25,0.19,4,15.00,14,5353.81,2,3,19,org.apache.lucene.facet.search.FacetsAccumulator,0.00,48,1,35,2,48,6,0,42,922,1
"org.apache.lucene.facet.search.TemporaryObjectAllocator",5,0.25,1.40,16,0.14,2802.54,7,2,1,9,2,131.01,80,22,2,1,131.48,0.00,0.00,0.30,2,7.00,2,431.33,0,0,0,java.lang.Object,0.00,4,0,7,2,4,5,0,10,111,2
"org.apache.lucene.facet.search.TestCategoryListCache",8,0.00,1.38,41,0.49,13620.59,8,0,16,26,11,159.29,21,61,0,3,119.41,0.00,0.67,0.00,2,14.00,4,1475.36,7,0,11,org.apache.lucene.facet.FacetTestBase,0.00,18,2,11,0,18,8,0,6,295,1
"org.apache.lucene.facet.search.TestCategoryListCache$CategoryListData",1,0.00,1.00,4,0.04,762.59,1,0,16,3,1,125.84,0,6,0,1,125.84,0.00,0.00,0.00,0,1.00,1,108.08,0,1,1,java.lang.Object,0.00,2,0,1,0,2,0,0,0,28,0
"org.apache.lucene.facet.search.TestCategoryListCache$CategoryListData$CategoryListIterator",3,0.00,1.67,10,0.10,3072.08,3,0,16,6,0,129.38,0,14,0,1,129.38,0.00,0.00,0.00,0,3.00,3,286.10,0,0,0,java.lang.Object,0.00,3,0,5,0,3,3,0,0,72,0
"org.apache.lucene.facet.search.TestFacetArrays",1,0.00,1.00,13,0.16,4876.22,1,0,5,8,3,133.79,20,16,0,2,100.40,0.00,0.50,0.00,0,1.00,1,486.57,0,0,3,org.apache.lucene.util.LuceneTestCase,0.00,7,1,1,0,7,1,0,5,102,1
"org.apache.lucene.facet.search.TestFacetsAccumulatorWithComplement",8,0.00,1.50,52,0.67,19783.18,8,0,20,28,15,115.40,35,80,0,3,115.16,0.00,0.67,0.00,3,8.00,4,2024.15,5,2,15,org.apache.lucene.facet.FacetTestBase,0.10,20,2,12,0,20,6,0,10,404,1
"org.apache.lucene.facet.search.TestMultipleCategoryLists",11,0.00,1.18,180,3.13,107459.69,11,0,38,55,32,94.86,47,233,0,2,94.63,0.00,0.50,0.00,6,11.00,3,9403.32,0,2,32,org.apache.lucene.util.LuceneTestCase,0.00,44,1,13,0,44,9,0,30,1638,1
"org.apache.lucene.facet.search.TestScoredDocIdCollector",8,0.00,1.88,72,1.13,47467.66,8,0,20,41,15,126.16,30,99,0,3,105.55,0.00,0.67,0.00,1,16.00,4,3403.34,6,3,15,org.apache.lucene.facet.FacetTestBase,0.10,33,2,15,0,33,5,0,15,605,1
"org.apache.lucene.facet.search.TestTopKInEachNodeResultHandler",2,0.00,8.00,204,4.50,791850.72,2,0,30,69,28,90.82,42,225,0,2,51.52,0.00,0.50,0.00,1,2.00,15,13503.77,0,0,28,org.apache.lucene.util.LuceneTestCase,0.00,67,1,16,0,67,2,0,27,1833,1
"org.apache.lucene.facet.search.TestTopKInEachNodeResultHandler$DefaultFacetIndexingParams",1,0.00,1.00,3,0.01,149.03,1,0,30,1,0,136.09,0,5,0,1,136.09,0.00,0.00,0.00,0,1.00,1,44.54,0,0,0,java.lang.Object,0.00,0,0,1,0,0,1,0,0,15,0
"org.apache.lucene.facet.search.TestTopKResultsHandler",6,0.80,2.00,107,2.01,155155.19,7,1,11,30,10,90.43,28,139,0,4,90.19,0.00,0.75,0.33,0,14.00,3,6022.05,4,2,10,org.apache.lucene.facet.search.BaseTestTopK,0.33,24,3,12,0,24,4,0,8,1006,1
"org.apache.lucene.facet.search.TestTopKResultsHandler$FacetsCollector",1,0.00,1.00,5,0.06,1164.06,1,0,11,3,5,120.78,0,7,0,1,120.78,0.00,0.00,0.00,0,1.00,1,175.73,0,1,5,java.lang.Object,0.00,2,0,1,0,2,0,0,0,42,0
"org.apache.lucene.facet.search.TestTopKResultsHandler$FacetsCollector_0",1,0.00,1.00,5,0.06,1164.06,1,0,11,3,5,120.78,0,7,0,1,120.78,0.00,0.00,0.00,0,1.00,1,175.73,0,1,5,java.lang.Object,0.00,2,0,1,0,2,0,0,0,42,0
"org.apache.lucene.facet.search.TestTopKResultsHandler$FacetsCollector_1",1,0.00,1.00,5,0.06,1164.06,1,0,11,3,5,120.78,0,7,0,1,120.78,0.00,0.00,0.00,0,1.00,1,175.73,0,1,5,java.lang.Object,0.00,2,0,1,0,2,0,0,0,42,0
"org.apache.lucene.facet.search.TestTopKResultsHandlerRandom",2,0.00,5.50,58,0.96,66287.04,2,0,11,19,9,106.74,38,64,0,4,80.46,0.00,0.75,0.00,1,2.00,10,2894.24,5,1,9,org.apache.lucene.facet.search.BaseTestTopK,0.00,17,3,11,0,17,1,0,9,468,1
"org.apache.lucene.facet.search.TestTopKResultsHandlerRandom$FacetsCollector",1,0.00,2.00,6,0.08,1961.19,1,0,11,3,5,115.89,0,10,0,1,115.89,0.00,0.00,0.00,0,1.00,2,240.79,0,1,5,java.lang.Object,0.00,2,0,2,0,2,0,0,0,53,0
"org.apache.lucene.facet.search.TestTotalFacetCounts",3,0.00,1.33,49,1.06,78752.84,3,0,12,28,8,43.11,25,58,0,2,91.22,0.00,0.50,0.00,2,3.00,2,3193.37,0,0,8,org.apache.lucene.util.LuceneTestCase,0.00,25,1,4,0,25,3,0,10,513,1
"org.apache.lucene.facet.search.TestTotalFacetCounts$DefaultFacetIndexingParams",1,0.00,1.00,3,0.01,149.03,1,0,12,1,0,136.09,0,5,0,1,136.09,0.00,0.00,0.00,0,1.00,1,44.54,0,0,0,java.lang.Object,0.00,0,0,1,0,0,1,0,0,15,0
"org.apache.lucene.facet.search.TestTotalFacetCountsCache",12,0.64,2.08,236,4.29,269397.57,13,1,37,86,30,38.87,118,265,1,2,88.87,0.00,0.50,0.42,5,22.00,6,12860.78,1,0,29,org.apache.lucene.util.LuceneTestCase,0.00,74,1,25,0,74,12,0,78,2145,1
"org.apache.lucene.facet.search.TestTotalFacetCountsCache$DefaultFacetIndexingParams",1,0.00,1.00,3,0.01,149.03,1,0,37,1,0,136.09,0,5,0,1,136.09,0.00,0.00,0.00,0,1.00,1,44.54,0,0,0,java.lang.Object,0.00,0,0,1,0,0,1,0,0,15,0
"org.apache.lucene.facet.search.TestTotalFacetCountsCache$Multi",3,0.25,1.33,17,0.15,2507.61,7,4,37,7,6,121.85,0,25,0,2,121.85,0.00,0.50,0.42,0,1.00,2,441.30,0,1,6,org.apache.lucene.analysis.Thread,0.00,4,1,4,0,4,2,0,0,108,0
"org.apache.lucene.facet.search.TestTotalFacetCountsCache$TFCThread",2,0.50,1.50,13,0.12,1985.61,6,4,37,3,4,118.28,0,19,0,2,118.28,0.00,0.50,0.50,0,2.00,2,371.86,0,0,4,org.apache.lucene.analysis.Thread,0.00,1,1,3,0,1,2,0,0,89,2
"org.apache.lucene.facet.search.TopKFacetResultsHandler",7,0.00,4.29,123,1.65,111638.69,7,0,10,44,12,54.11,86,151,3,2,91.67,0.00,0.50,0.00,1,3.00,10,4950.54,1,4,10,org.apache.lucene.facet.search.FacetResultsHandler,0.00,37,1,30,0,37,3,0,40,873,1
"org.apache.lucene.facet.search.TopKFacetResultsHandler$TopKFacetResult",3,1.00,1.00,8,0.07,863.99,4,1,10,3,6,122.53,15,12,0,2,140.40,0.00,0.50,0.33,0,4.00,1,217.28,0,1,6,org.apache.lucene.facet.search.results.FacetResult,0.00,0,1,3,0,0,2,1,5,59,2
"org.apache.lucene.facet.search.TopKInEachNodeHandler",11,0.00,5.73,264,3.97,523869.74,11,0,14,60,11,127.40,315,331,1,2,82.28,0.00,0.50,0.00,4,23.00,19,11921.28,1,5,11,org.apache.lucene.facet.search.FacetResultsHandler,0.00,49,1,63,0,49,6,0,123,1987,1
"org.apache.lucene.facet.search.TopKInEachNodeHandler$AACO",1,3.00,1.00,8,0.06,874.11,4,3,14,1,0,134.76,3,11,0,1,114.15,0.00,0.00,0.00,0,1.00,1,193.71,0,0,0,java.lang.Object,0.00,0,0,1,0,0,1,0,3,50,3
"org.apache.lucene.facet.search.TopKInEachNodeHandler$ACComparator",2,0.00,1.00,3,0.02,175.47,2,0,14,2,0,155.70,0,4,0,1,155.70,0.00,0.00,0.00,0,2.00,1,73.04,0,0,0,java.lang.Object,0.00,0,0,2,0,0,2,0,0,24,3
"org.apache.lucene.facet.search.TopKInEachNodeHandler$AggregatedCategory",1,2.00,1.00,6,0.04,397.36,3,2,14,1,0,121.51,0,8,0,1,121.51,0.00,0.00,0.00,0,1.00,1,122.20,0,0,0,java.lang.Object,0.00,0,0,1,0,0,1,0,0,34,3
"org.apache.lucene.facet.search.TopKInEachNodeHandler$AggregatedCategoryHeap",2,1.00,1.00,7,0.08,1280.02,3,1,14,3,1,131.10,0,11,0,2,131.10,0.00,0.50,0.50,0,2.00,1,244.74,0,0,1,org.apache.lucene.util.PriorityQueue,0.00,1,1,2,0,1,2,0,0,63,2
"org.apache.lucene.facet.search.TopKInEachNodeHandler$AscOrdACComparator",2,0.00,1.00,4,0.04,564.87,2,0,14,2,0,140.47,0,7,0,2,140.47,0.00,0.50,0.00,0,2.00,1,119.75,0,0,0,org.apache.lucene.facet.search.ACComparator,0.00,0,1,2,0,0,2,0,0,34,3
"org.apache.lucene.facet.search.TopKInEachNodeHandler$AscValueACComparator",2,0.00,1.00,4,0.04,564.87,2,0,14,2,0,140.47,0,7,0,2,140.47,0.00,0.50,0.00,0,2.00,1,119.75,0,0,0,org.apache.lucene.facet.search.ACComparator,0.00,0,1,2,0,0,2,0,0,34,3
"org.apache.lucene.facet.search.TopKInEachNodeHandler$DescOrdACComparator",2,0.00,1.00,4,0.04,564.87,2,0,14,2,0,140.47,0,7,0,2,140.47,0.00,0.50,0.00,0,2.00,1,119.75,0,0,0,org.apache.lucene.facet.search.ACComparator,0.00,0,1,2,0,0,2,0,0,34,3
"org.apache.lucene.facet.search.TopKInEachNodeHandler$DescValueACComparator",2,0.00,1.00,4,0.04,564.87,2,0,14,2,0,140.47,0,7,0,2,140.47,0.00,0.50,0.00,0,2.00,1,119.75,0,0,0,org.apache.lucene.facet.search.ACComparator,0.00,0,1,2,0,0,2,0,0,34,3
"org.apache.lucene.facet.search.TopKInEachNodeHandler$IntermediateFacetResultWithHash",2,5.00,1.00,14,0.12,1818.77,7,5,14,2,3,136.79,7,18,0,1,116.18,0.00,0.00,0.00,0,2.00,1,354.30,0,1,3,java.lang.Object,0.00,0,0,2,0,0,1,1,7,82,2
"org.apache.lucene.facet.search.TopKInEachNodeHandler$ResultNodeHeap",2,1.00,1.00,7,0.09,1383.02,3,1,14,5,2,130.84,0,11,0,2,130.84,0.00,0.50,0.50,0,2.00,1,261.09,0,0,2,org.apache.lucene.util.PriorityQueue,0.00,3,1,2,0,3,2,0,0,67,2
"org.apache.lucene.facet.search.TotalFacetCounts",7,0.06,2.29,74,0.96,37294.97,13,6,22,34,20,71.94,46,91,6,1,104.16,0.00,0.00,0.12,0,18.00,4,2875.49,0,2,15,java.lang.Object,0.00,27,0,16,0,27,5,0,9,572,1
"org.apache.lucene.facet.search.TotalFacetCounts$CreationType",0,0.00,0.00,2,0.00,11.61,0,0,22,0,0,171.00,0,1,0,1,171.00,0.00,0.00,0.00,0,0.00,0,11.61,0,0,0,java.lang.Object,0.00,0,0,0,0,0,0,0,0,5,0
"org.apache.lucene.facet.search.TotalFacetCounts$StandardFacetsAccumulator",1,0.00,2.00,9,0.14,5335.10,1,0,22,5,4,105.89,0,12,0,1,105.89,0.00,0.00,0.00,0,1.00,2,410.77,0,1,4,java.lang.Object,0.00,4,0,2,0,4,0,0,0,81,0
"org.apache.lucene.facet.search.TotalFacetCountsCache",11,0.02,1.73,59,0.77,22458.20,16,5,11,35,10,74.61,131,84,4,1,118.74,0.00,0.00,0.22,4,36.00,3,2305.03,0,3,6,java.lang.Object,0.00,24,0,19,0,24,8,0,24,490,2
"org.apache.lucene.facet.search.TotalFacetCountsCache$TFCKey",3,0.25,2.00,26,0.34,13835.53,9,6,11,11,4,108.30,1,36,0,1,108.30,0.00,0.00,0.33,0,2.00,4,1008.47,0,0,4,java.lang.Object,0.00,8,0,6,0,8,3,0,1,215,2
"org.apache.solr.handler.clustering.AbstractClusteringTestCase",1,1.00,2.00,11,0.46,9399.35,3,2,2,4,3,121.32,3,105,2,3,100.71,1.00,0.40,0.50,0,0.00,2,1365.89,3,0,1,org.apache.solr.SolrTestCaseJ4,0.00,3,2,2,2,3,1,0,1,217,2
"org.apache.solr.handler.clustering.ClusteringComponent",13,0.00,3.46,134,2.20,130266.94,18,5,21,57,20,141.79,34,179,3,2,101.91,0.00,0.50,0.20,2,46.00,15,6596.47,1,7,17,org.apache.solr.handler.component.SearchComponent,0.29,44,1,45,0,44,6,1,16,1147,1
"org.apache.solr.handler.clustering.ClusteringComponentTest",1,0.00,1.00,33,0.50,17580.54,1,0,12,15,14,48.71,6,36,0,4,80.93,0.00,0.75,0.00,0,0.00,1,1491.90,0,0,14,org.apache.solr.handler.clustering.AbstractClusteringTestCase,0.00,14,3,1,0,14,1,0,3,253,1
"org.apache.solr.handler.clustering.ClusteringEngine",2,0.33,1.00,9,0.07,1013.17,5,3,2,3,5,167.13,4,12,3,1,127.24,0.00,0.00,0.50,0,0.00,1,217.49,0,2,2,java.lang.Object,0.00,1,0,2,4,1,0,0,1,57,1
"org.apache.solr.handler.clustering.ClusteringParams",0,0.00,0.00,6,0.08,1642.33,5,5,0,0,3,171.00,23,7,3,1,171.00,0.00,0.00,0.00,0,0.00,0,246.35,0,0,0,,0.00,0,0,0,0,0,0,0,3,57,1
"org.apache.solr.handler.clustering.DistributedClusteringComponentTest",2,0.00,1.50,14,0.20,4901.31,2,0,2,5,4,162.69,3,24,0,4,112.69,0.00,0.75,0.00,0,2.00,2,587.89,4,1,4,org.apache.solr.BaseDistributedSearchTestCase,0.09,3,3,3,0,3,1,0,3,111,1
"org.apache.solr.handler.clustering.DocumentClusteringEngine",2,0.00,1.00,3,0.03,163.57,2,0,3,2,6,107.46,20,4,2,2,155.94,1.00,0.33,0.00,0,2.00,1,76.87,0,2,4,org.apache.solr.handler.clustering.ClusteringEngine,0.00,0,1,2,1,0,0,0,3,25,2
"org.apache.solr.handler.clustering.MockDocumentClusteringEngine",2,0.00,1.00,7,0.06,1066.67,2,0,3,3,4,171.61,4,12,0,3,131.73,0.00,0.67,0.00,0,2.00,1,179.66,0,2,4,org.apache.solr.handler.clustering.DocumentClusteringEngine,0.00,1,2,2,0,1,0,0,1,48,1
"org.apache.solr.handler.clustering.SearchClusteringEngine",4,0.00,1.00,7,0.12,1437.61,4,0,9,6,9,171.49,12,14,2,2,150.88,1.00,0.33,0.00,0,4.00,1,346.64,0,4,7,org.apache.solr.handler.clustering.ClusteringEngine,0.00,2,1,4,1,2,0,0,3,85,2
"org.apache.lucene.facet.enhancements.association.AssociationEnhancement",8,0.24,2.38,50,0.54,17237.89,11,3,11,20,14,97.65,45,72,5,1,115.52,0.00,0.00,0.12,2,20.00,6,1618.99,0,4,10,java.lang.Object,0.00,12,0,19,0,12,4,1,5,358,1
"org.apache.lucene.facet.enhancements.association.AssociationFloatProperty",6,0.00,1.33,19,0.23,4701.10,6,0,1,11,5,130.58,29,33,3,2,130.35,0.00,0.50,0.00,0,10.00,3,676.87,1,1,2,org.apache.lucene.facet.enhancements.association.AssociationProperty,0.20,5,1,8,0,5,5,0,3,166,1
"org.apache.lucene.facet.enhancements.association.AssociationIntProperty",4,0.00,1.50,15,0.14,3354.70,4,0,1,5,7,97.86,26,24,5,2,130.09,1.00,0.33,0.00,0,6.00,3,417.68,0,0,2,org.apache.lucene.facet.enhancements.association.AssociationProperty,0.00,1,1,6,1,1,4,0,3,104,1
"org.apache.lucene.facet.enhancements.association.AssociationListTokenizer",3,0.25,3.00,28,0.34,13198.55,5,2,8,19,9,64.17,21,48,1,6,106.46,0.00,0.83,0.67,0,0.00,7,1017.37,0,0,9,org.apache.lucene.facet.index.streaming.CategoryListTokenizer,0.55,16,5,9,0,16,3,0,2,197,1
"org.apache.lucene.facet.enhancements.association.AssociationProperty",4,0.67,1.00,10,0.09,1137.98,5,1,2,6,9,96.32,45,16,7,1,140.45,0.00,0.00,0.50,0,4.00,1,271.12,0,1,2,java.lang.Object,0.00,2,0,4,3,2,3,1,5,73,2
"org.apache.lucene.facet.enhancements.association.AssociationPropertyTest",3,0.00,1.00,25,0.32,9554.00,3,0,6,13,4,91.85,17,32,0,2,109.73,0.00,0.50,0.00,0,3.00,1,967.17,0,0,4,org.apache.lucene.util.LuceneTestCase,0.00,10,1,3,0,10,3,0,2,212,1
"org.apache.lucene.facet.enhancements.association.AssociationsPayloadIterator",7,0.17,3.00,61,0.64,21776.42,12,5,8,25,12,89.41,102,93,4,1,109.55,0.00,0.00,0.34,0,0.00,7,1910.58,0,1,8,java.lang.Object,0.00,18,0,21,0,18,6,0,28,402,1
"org.apache.lucene.facet.enhancements.association.CustomAssociationPropertyTest",1,0.00,3.00,41,0.65,26773.99,1,0,17,34,17,75.25,16,43,0,2,75.72,0.00,0.50,0.00,0,1.00,3,1964.71,0,0,17,org.apache.lucene.util.LuceneTestCase,0.00,33,1,3,0,33,1,0,1,307,1
"org.apache.lucene.facet.enhancements.association.CustomAssociationPropertyTest$CustomProperty",2,0.00,1.00,5,0.03,319.07,2,0,17,3,2,142.42,0,9,0,3,142.42,0.00,0.67,0.00,0,2.00,1,97.12,0,0,2,org.apache.lucene.facet.enhancements.association.AssociationIntProperty,0.00,1,2,2,0,1,2,0,0,30,0
"org.apache.solr.schema.AbstractSubTypeFieldType",7,0.10,1.57,49,0.63,19234.34,14,7,7,22,11,132.91,24,62,2,3,112.29,1.50,0.33,0.22,1,12.00,3,1877.95,0,4,9,org.apache.solr.schema.FieldType,0.00,15,2,11,3,15,3,1,7,380,2
"org.apache.solr.schema.BCDIntField",8,0.00,1.00,16,0.20,2611.43,8,0,8,14,11,139.98,5,33,2,3,139.98,1.00,0.40,0.00,2,8.00,1,591.74,1,6,9,org.apache.solr.schema.FieldType,0.00,6,2,8,2,6,2,0,3,154,1
"org.apache.solr.schema.BCDLongField",1,0.00,1.00,3,0.03,392.72,1,0,1,2,2,153.39,3,6,0,4,132.77,0.00,0.75,0.00,0,1.00,1,87.85,1,1,2,org.apache.solr.schema.BCDIntField,0.00,1,3,1,0,1,0,0,1,25,1
"org.apache.solr.schema.BCDStrField",1,0.00,1.00,3,0.02,246.12,1,0,1,1,2,92.08,7,6,0,4,134.37,0.00,0.75,0.00,0,1.00,1,69.28,1,1,2,org.apache.solr.schema.BCDIntField,0.00,0,3,1,0,0,0,0,2,21,1
"org.apache.solr.schema.BadIndexSchemaTest",6,0.00,1.33,22,0.25,6100.48,6,0,6,12,3,129.45,2,40,0,3,129.45,0.00,0.67,0.00,1,6.00,3,759.35,2,0,3,org.apache.solr.SolrTestCaseJ4,0.00,6,2,8,0,6,6,0,2,171,1
"org.apache.solr.schema.BinaryField",6,0.00,1.67,35,0.53,22654.58,6,0,8,22,9,116.64,1,49,0,3,116.64,0.00,0.67,0.00,2,10.00,5,1604.22,0,5,9,org.apache.solr.schema.FieldType,0.06,16,2,10,0,16,1,0,1,314,1
"org.apache.solr.schema.BoolField",12,0.23,1.33,39,0.55,12719.46,16,4,21,24,21,129.31,8,66,0,3,129.31,0.00,0.67,0.04,2,22.00,3,1654.92,1,10,21,org.apache.solr.schema.FieldType,0.16,12,2,16,0,12,2,0,6,374,1
"org.apache.solr.schema.BoolField$BoolFieldSource",5,0.00,1.40,26,0.33,12954.70,7,2,21,13,4,117.97,1,35,0,2,117.97,0.00,0.50,0.50,1,0.00,3,1004.30,0,2,4,org.apache.lucene.queries.function.ValueSource,0.31,8,1,7,0,8,3,0,1,208,0
"org.apache.solr.schema.BoolField$BoolFieldSource$BoolDocValues",3,0.00,1.00,7,0.07,904.21,3,0,21,5,0,140.25,0,13,0,1,140.25,0.00,0.00,0.00,0,3.00,1,195.31,0,0,0,java.lang.Object,0.00,2,0,3,0,2,3,0,0,53,0
"org.apache.solr.schema.BoolField$BoolFieldSource$BoolDocValues$ValueFiller",2,0.00,1.00,8,0.08,1439.25,3,1,21,4,2,126.04,0,12,0,1,126.04,0.00,0.00,1.00,0,0.00,1,248.05,0,1,2,java.lang.Object,0.00,2,0,2,0,2,1,0,0,62,0
"org.apache.solr.schema.BoolField$SolrAnalyzer",1,0.00,1.00,4,0.03,491.60,1,0,21,3,1,127.35,0,6,0,1,127.35,0.00,0.00,0.00,0,1.00,1,97.92,0,1,1,java.lang.Object,0.00,2,0,1,0,2,0,0,0,26,0
"org.apache.solr.schema.BoolField$SolrAnalyzer$Tokenizer",2,0.50,2.50,14,0.17,4586.86,4,2,21,5,1,112.80,0,20,0,1,112.80,0.00,0.00,0.75,0,0.00,4,524.31,1,0,1,java.lang.Object,0.00,3,0,5,0,3,2,0,0,111,0
"org.apache.solr.schema.ByteField",5,0.00,1.40,20,0.27,6014.32,5,0,8,16,10,164.09,11,34,1,3,124.21,0.00,0.67,0.00,0,8.00,3,796.49,2,3,9,org.apache.solr.schema.FieldType,0.06,11,2,7,0,11,2,0,9,176,1
"org.apache.solr.schema.CollationField",10,0.67,3.30,69,1.40,75145.89,11,1,24,39,16,93.30,57,129,0,3,111.18,0.00,0.67,0.40,1,26.00,13,4200.89,2,7,16,org.apache.solr.schema.FieldType,0.16,29,2,33,0,29,3,0,14,782,1
"org.apache.solr.schema.CoordinateFieldType",1,2.00,1.00,6,0.05,767.99,4,3,0,1,2,158.55,21,8,1,4,119.25,0.33,0.60,0.33,0,0.00,1,151.44,0,0,1,org.apache.solr.schema.AbstractSubTypeFieldType,0.00,0,3,1,1,0,1,0,3,38,2
"org.apache.solr.schema.CopyField",6,0.00,1.50,23,0.22,6182.25,10,4,0,9,6,150.00,20,36,5,1,129.38,0.00,0.00,0.25,0,18.00,3,650.67,0,1,1,java.lang.Object,0.00,3,0,9,0,3,5,0,5,159,1
"org.apache.solr.schema.CopyFieldTest",7,0.00,2.00,67,1.05,41148.31,7,0,10,23,9,105.56,6,117,0,3,105.56,0.00,0.67,0.00,0,12.00,5,3146.60,5,0,9,org.apache.solr.SolrTestCaseJ4,0.00,16,2,14,0,16,7,0,1,630,1
"org.apache.solr.schema.DateField",21,0.03,1.81,99,1.54,66235.78,30,9,21,48,31,102.98,118,163,13,3,120.85,0.50,0.50,0.08,8,147.00,7,4606.03,2,19,19,org.apache.solr.schema.FieldType,0.05,27,2,38,1,27,2,0,27,929,1
"org.apache.solr.schema.DateField$DateFieldSource",5,0.50,1.00,14,0.14,2177.67,7,2,21,7,4,138.99,1,25,0,3,138.99,0.00,0.67,0.10,0,11.00,1,423.53,2,2,4,org.apache.lucene.queries.function.valuesource.FieldCacheSource,0.32,2,2,5,0,2,3,0,1,110,0
"org.apache.solr.schema.DateField$DateFieldSource$StringIndexDocValues",8,0.00,1.25,28,0.31,6789.87,8,0,21,13,0,130.09,1,46,0,1,130.09,0.00,0.00,0.00,1,14.00,2,929.81,0,4,0,java.lang.Object,0.00,5,0,10,0,5,4,0,1,220,0
"org.apache.solr.schema.DateField$ISO8601CanonicalDateFormat",4,0.33,2.25,34,0.55,22688.17,6,2,21,24,0,157.57,6,57,0,2,107.57,0.00,0.50,0.25,0,8.00,4,1646.02,3,3,0,java.text.SimpleDateFormat,0.00,20,1,9,0,20,1,0,6,320,2
"org.apache.solr.schema.DateField$ThreadLocalDateFormat",2,0.00,1.00,7,0.05,679.49,3,1,21,3,0,133.27,0,12,0,2,133.27,0.00,0.50,1.00,0,0.00,1,154.32,0,1,0,java.lang.ThreadLocal,0.00,1,1,2,0,1,1,0,0,44,2
"org.apache.solr.schema.DateFieldTest",15,0.14,1.00,105,1.10,16363.18,18,3,8,31,6,165.55,25,123,0,2,115.55,0.00,0.50,0.20,5,7.00,1,3295.55,1,0,6,org.apache.lucene.util.LuceneTestCase,0.00,16,1,15,0,16,15,0,22,702,1
"org.apache.solr.schema.Deprecated",9,0.00,1.00,23,0.30,5326.45,9,0,16,20,17,137.94,6,42,0,3,137.94,0.00,0.67,0.00,1,9.00,1,903.76,1,7,17,org.apache.solr.schema.FieldType,0.00,11,2,9,0,11,2,0,2,222,1
"org.apache.solr.schema.DoubleField",5,0.00,1.40,20,0.27,6014.32,5,0,8,16,10,164.09,11,34,1,3,124.21,0.00,0.67,0.00,0,8.00,3,796.49,2,3,9,org.apache.solr.schema.FieldType,0.00,11,2,7,0,11,2,0,9,176,1
"org.apache.solr.schema.ExternalFileField",4,0.17,2.00,23,0.36,13399.11,8,4,9,13,10,84.79,27,34,0,3,117.01,0.00,0.67,0.38,0,4.00,4,1069.93,2,2,10,org.apache.solr.schema.FieldType,0.06,9,2,8,0,9,2,0,2,212,1
"org.apache.solr.schema.FieldProperties",6,0.05,2.17,54,0.73,22397.41,22,16,2,15,3,157.10,10,69,3,1,107.10,0.00,0.00,0.02,1,10.00,4,2198.31,0,2,0,java.lang.Object,0.00,9,0,13,33,9,4,0,6,424,2
"org.apache.solr.schema.FieldType",39,0.04,1.54,166,2.34,88390.02,51,12,29,97,102,89.80,235,235,78,2,122.02,31.00,0.03,0.05,10,462.00,10,7021.35,0,25,26,org.apache.solr.schema.FieldProperties,0.00,58,1,60,31,58,14,0,56,1413,2
"org.apache.solr.schema.FieldType$DefaultAnalyzer",2,1.00,1.00,7,0.05,729.94,3,1,29,4,2,133.03,0,11,0,3,133.03,0.00,0.67,0.00,0,2.00,1,164.66,0,1,2,org.apache.solr.analysis.SolrAnalyzer,0.00,2,2,2,0,2,1,0,0,45,2
"org.apache.solr.schema.FieldType$DefaultAnalyzer$Tokenizer",1,0.00,2.00,12,0.17,4065.09,4,3,29,9,2,102.16,0,14,0,1,102.16,0.00,0.00,1.00,0,0.00,2,505.08,0,0,2,java.lang.Object,0.00,8,0,2,0,8,1,0,0,105,0
"org.apache.solr.schema.FieldTypePluginLoader",5,0.17,3.80,70,1.43,84879.93,11,6,24,47,17,76.76,26,116,1,2,94.63,0.00,0.50,0.30,1,5.00,10,4285.48,0,1,17,org.apache.solr.util.plugin.AbstractPluginLoader,0.00,42,1,19,0,42,4,0,20,725,2
"org.apache.solr.schema.FieldTypePluginLoader$AbstractPluginLoader<CharFilterFactory>",2,0.00,2.00,9,0.15,4116.81,2,0,24,9,2,172.29,2,18,0,1,122.29,0.00,0.00,0.00,0,2.00,3,459.81,0,1,2,java.lang.Object,0.00,7,0,4,0,7,1,0,2,96,0
"org.apache.solr.schema.FieldTypePluginLoader$AbstractPluginLoader<TokenFilterFactory>",2,0.00,2.00,9,0.16,4193.29,2,0,24,9,2,172.23,2,16,0,1,122.23,0.00,0.00,0.00,0,2.00,3,470.72,0,1,2,java.lang.Object,0.00,7,0,4,0,7,1,0,2,98,0
"org.apache.solr.schema.FieldTypePluginLoader$AbstractPluginLoader<TokenizerFactory>",2,0.00,2.00,10,0.19,5813.14,2,0,24,11,3,167.49,2,19,0,1,117.49,0.00,0.00,0.00,0,2.00,3,556.72,0,1,3,java.lang.Object,0.00,9,0,4,0,9,1,0,2,111,0
"org.apache.solr.schema.FloatField",5,0.00,1.40,20,0.27,6014.32,5,0,8,16,10,164.09,10,34,1,3,124.21,0.00,0.67,0.00,0,8.00,3,796.49,2,3,9,org.apache.solr.schema.FieldType,0.06,11,2,7,0,11,2,0,8,176,1
"org.apache.solr.schema.GeoHashField",6,0.00,1.33,24,0.43,9945.76,6,0,16,20,19,163.01,13,42,0,3,123.12,0.00,0.67,0.00,1,6.00,2,1287.71,1,5,19,org.apache.solr.schema.FieldType,0.00,14,2,8,0,14,1,1,7,266,1
"org.apache.solr.schema.ICUCollationField",10,0.67,2.90,64,1.19,56252.71,11,1,23,39,16,94.32,52,114,0,3,112.20,0.00,0.67,0.40,1,26.00,13,3556.67,2,7,16,org.apache.solr.schema.FieldType,0.16,29,2,29,0,29,3,0,13,667,1
"org.apache.solr.schema.IndexSchema",47,0.01,2.64,403,6.47,452709.67,72,25,26,162,109,87.85,263,491,89,1,105.72,0.00,0.00,0.05,15,1423.00,30,19403.15,0,32,25,java.lang.Object,0.00,115,0,124,0,115,15,0,74,3169,2
"org.apache.solr.schema.IndexSchema$DynamicCopy",4,0.33,1.00,13,0.10,1040.43,6,2,26,5,2,134.18,0,19,0,2,134.18,0.00,0.50,0.25,0,4.00,1,287.97,0,2,2,org.apache.solr.schema.DynamicReplacement,0.00,1,1,4,0,1,2,0,0,80,1
"org.apache.solr.schema.IndexSchema$DynamicDestCopy",4,0.11,2.00,24,0.32,8313.37,7,3,26,12,2,115.69,0,37,0,2,115.69,0.00,0.50,0.42,0,4.00,3,946.91,0,2,2,org.apache.solr.schema.DynamicCopy,0.00,8,1,8,0,8,2,0,0,202,1
"org.apache.solr.schema.IndexSchema$DynamicField",3,0.50,1.00,9,0.06,745.54,4,1,26,5,1,184.34,5,14,0,2,134.34,0.00,0.50,0.67,0,1.00,1,190.29,0,2,1,org.apache.solr.schema.DynamicReplacement,0.00,2,1,3,0,2,1,0,5,56,2
"org.apache.solr.schema.IndexSchema$DynamicReplacement",3,0.60,2.33,20,0.25,5901.89,8,5,26,8,0,155.73,7,29,0,1,115.84,0.00,0.00,0.60,0,2.00,3,754.56,0,0,0,java.lang.Object,0.00,5,0,7,0,5,3,1,1,168,2
"org.apache.solr.schema.IndexSchema$SimilarityFactory",1,0.00,1.00,3,0.02,206.33,1,0,26,1,1,134.98,0,5,0,1,134.98,0.00,0.00,0.00,0,1.00,1,51.19,0,1,1,java.lang.Object,0.00,0,0,1,0,0,0,0,0,17,0
"org.apache.solr.schema.IndexSchema$SimilarityProviderFactory",1,0.00,1.00,3,0.02,175.12,1,0,26,1,2,135.54,0,5,0,1,135.54,0.00,0.00,0.00,0,1.00,1,54.60,0,1,2,java.lang.Object,0.00,0,0,1,0,0,0,0,0,17,0
"org.apache.solr.schema.IndexSchema$SolrIndexAnalyzer",4,0.67,1.50,16,0.19,4909.27,5,1,26,10,2,124.12,0,23,0,3,124.12,0.00,0.67,0.50,0,4.00,2,563.23,0,3,2,org.apache.lucene.analysis.AnalyzerWrapper,0.00,6,2,6,0,6,1,0,0,131,1
"org.apache.solr.schema.IndexSchema$SolrQueryAnalyzer",2,0.00,2.00,11,0.15,4898.30,2,0,26,8,1,118.08,0,16,0,2,118.08,0.00,0.50,0.00,0,2.00,2,460.73,0,2,1,org.apache.solr.schema.SolrIndexAnalyzer,0.00,6,1,4,0,6,0,0,0,101,1
"org.apache.solr.schema.IndexSchemaRuntimeFieldTest",2,0.00,1.00,20,0.28,6216.79,2,0,7,15,7,126.81,6,31,0,3,106.19,0.00,0.67,0.00,0,2.00,1,852.20,6,0,7,org.apache.solr.SolrTestCaseJ4,0.00,13,2,2,0,13,2,0,6,155,1
"org.apache.solr.schema.IndexSchemaTest",5,0.00,1.00,38,0.55,14982.55,5,0,12,19,9,162.10,5,59,0,3,112.10,0.00,0.67,0.00,0,0.00,1,1656.31,6,0,9,org.apache.solr.SolrTestCaseJ4,0.00,14,2,5,0,14,5,0,1,327,1
"org.apache.solr.schema.IntField",5,0.00,1.40,20,0.27,6014.32,5,0,8,16,10,164.09,10,34,1,3,124.21,0.00,0.67,0.00,0,8.00,3,796.49,2,3,9,org.apache.solr.schema.FieldType,0.06,11,2,7,0,11,2,0,8,176,1
"org.apache.solr.schema.LatLonType",10,0.33,2.70,140,2.69,265278.99,12,2,20,39,22,113.80,30,180,0,4,93.18,0.00,0.75,0.20,0,22.00,8,8075.20,3,7,22,org.apache.solr.schema.AbstractSubTypeFieldType,0.13,29,3,27,0,29,3,1,28,1325,1
"org.apache.solr.schema.LatLonValueSource",3,1.00,1.00,9,0.08,1086.65,4,1,20,4,15,133.05,0,15,1,4,133.05,0.00,0.75,0.33,1,4.00,1,241.08,0,2,14,org.apache.lucene.queries.function.valuesource.VectorValueSource,0.38,1,3,3,0,1,1,0,0,64,0
"org.apache.solr.schema.LongField",5,0.00,1.40,20,0.27,6014.32,5,0,8,16,10,164.09,11,34,1,3,124.21,0.00,0.67,0.00,0,8.00,3,796.49,2,3,9,org.apache.solr.schema.FieldType,0.00,11,2,7,0,11,2,0,9,176,1
"org.apache.solr.schema.NotRequiredUniqueKeyTest",2,0.00,1.00,9,0.10,1407.45,2,0,5,9,4,146.73,6,15,0,3,126.12,0.00,0.67,0.00,0,2.00,1,305.68,1,0,4,org.apache.solr.SolrTestCaseJ4,0.00,7,2,2,0,7,2,0,1,72,1
"org.apache.solr.schema.NumericFieldsTest",3,1.00,3.00,45,0.88,58333.91,4,1,4,6,2,143.10,5,117,0,3,93.10,0.00,0.67,0.00,1,3.00,5,2634.68,6,1,2,org.apache.solr.SolrTestCaseJ4,0.00,3,2,9,0,3,2,0,5,461,1
"org.apache.solr.schema.PointType",10,0.00,2.50,99,1.62,88122.28,10,0,20,37,22,144.01,29,122,1,5,104.13,0.00,0.80,0.00,0,0.00,7,4864.58,3,7,21,org.apache.solr.schema.CoordinateFieldType,0.08,27,4,25,0,27,3,1,15,877,1
"org.apache.solr.schema.PointTypeValueSource",3,1.00,1.00,9,0.08,1086.65,4,1,20,4,18,133.05,0,15,1,4,133.05,0.00,0.75,0.33,1,4.00,1,241.08,0,2,17,org.apache.lucene.queries.function.valuesource.VectorValueSource,0.38,1,3,3,0,1,1,0,0,64,0
"org.apache.solr.schema.PolyFieldTest",5,0.00,2.00,98,1.55,78078.69,5,0,10,29,12,110.73,16,122,0,3,90.12,0.00,0.67,0.00,0,2.00,3,4660.82,10,0,12,org.apache.solr.SolrTestCaseJ4,0.00,24,2,10,0,24,5,0,12,780,1
"org.apache.solr.schema.RandomSortField",5,0.00,1.00,20,0.28,9109.42,5,0,12,12,12,74.76,41,29,0,3,122.87,0.00,0.67,0.00,0,5.00,1,843.39,0,2,12,org.apache.solr.schema.FieldType,0.06,7,2,5,0,7,3,0,8,195,1
"org.apache.solr.schema.RandomSortField$FieldComparatorSource",1,0.00,1.00,3,0.04,662.33,1,0,12,2,1,130.99,0,5,0,1,130.99,0.00,0.00,0.00,0,1.00,1,119.49,0,1,1,java.lang.Object,0.00,1,0,1,0,1,0,0,0,29,0
"org.apache.solr.schema.RandomSortField$FieldComparatorSource$FieldComparator<Integer>",6,0.20,1.00,17,0.20,3604.03,9,3,12,6,1,137.89,1,29,0,1,137.89,0.00,0.00,0.50,0,0.00,1,590.35,0,2,1,java.lang.Object,0.00,0,0,6,0,0,4,0,1,147,0
"org.apache.solr.schema.RandomSortField$RandomValueSource",5,0.75,1.20,14,0.13,2692.53,6,1,12,7,3,138.22,0,24,0,2,138.22,0.00,0.50,0.40,1,7.00,2,404.72,0,2,3,org.apache.lucene.queries.function.ValueSource,0.31,2,1,6,0,2,3,0,0,105,1
"org.apache.solr.schema.RandomSortField$RandomValueSource$IntDocValues",1,0.00,1.00,4,0.04,543.48,2,1,12,2,0,127.00,0,6,0,1,127.00,0.00,0.00,1.00,0,0.00,1,123.83,0,0,0,java.lang.Object,0.00,1,0,1,0,1,1,0,0,33,0
"org.apache.solr.schema.RequiredFieldsTest",5,0.00,1.00,46,0.89,20492.62,5,0,6,20,4,107.19,23,76,0,3,106.96,0.00,0.67,0.00,0,7.00,1,2677.15,9,0,4,org.apache.solr.SolrTestCaseJ4,0.05,15,2,5,0,15,5,0,21,483,1
"org.apache.solr.schema.SchemaAware",1,0.00,1.00,2,0.01,41.48,1,0,0,1,3,167.18,33,3,3,1,147.03,0.00,0.00,0.00,0,1.00,1,27.65,0,0,1,,0.00,0,0,1,0,0,1,0,3,11,1
"org.apache.solr.schema.SchemaField",35,0.02,1.54,123,1.42,66196.04,40,5,7,48,127,177.30,60,158,122,2,127.30,0.00,0.50,0.18,2,371.00,13,4248.25,2,8,7,org.apache.solr.schema.FieldProperties,0.00,13,1,54,0,13,27,0,19,950,2
"org.apache.solr.schema.ShortField",5,0.00,1.40,20,0.27,6014.32,5,0,8,16,10,164.09,12,34,1,3,124.21,0.00,0.67,0.00,0,8.00,3,796.49,2,3,9,org.apache.solr.schema.FieldType,0.06,11,2,7,0,11,2,0,9,176,1
"org.apache.solr.schema.SimilarityFactory",3,1.00,1.00,7,0.04,375.00,4,1,2,3,10,143.26,0,6,8,1,143.26,0.00,0.00,0.33,0,4.00,1,116.18,0,2,2,java.lang.Object,0.00,0,0,3,7,0,1,0,0,37,2
"org.apache.solr.schema.SimilarityProviderFactory",2,0.00,1.50,3,0.02,170.88,2,0,2,2,5,176.31,7,4,3,1,155.70,0.00,0.00,0.00,0,2.00,2,68.83,0,1,3,java.lang.Object,0.00,0,0,3,2,0,1,0,1,23,2
"org.apache.solr.schema.SortableDoubleFieldSource",6,0.20,1.00,19,0.22,4466.45,8,2,16,9,15,130.59,1,32,2,3,130.59,0.00,0.67,0.33,0,10.00,1,665.69,2,2,13,org.apache.lucene.queries.function.valuesource.FieldCacheSource,0.30,3,2,6,0,3,4,0,1,162,0
"org.apache.solr.schema.SortableDoubleFieldSource$StringIndexDocValues",9,0.88,1.22,22,0.28,4946.69,10,1,16,17,1,138.15,0,40,0,1,138.15,0.00,0.00,0.22,1,19.00,2,834.23,0,5,1,java.lang.Object,0.00,8,0,11,0,8,4,0,0,208,0
"org.apache.solr.schema.SortableDoubleFieldSource$StringIndexDocValues$ValueFiller",2,0.00,1.50,12,0.12,2655.21,3,1,16,6,3,117.29,0,17,0,1,117.29,0.00,0.00,1.00,0,0.00,2,374.53,0,1,3,java.lang.Object,0.00,4,0,3,0,4,1,0,0,85,0
"org.apache.solr.schema.SortableFloatFieldSource",6,0.20,1.00,17,0.19,3232.57,8,2,16,9,15,138.26,0,30,2,3,138.26,0.00,0.67,0.33,0,10.00,1,563.18,2,2,13,org.apache.lucene.queries.function.valuesource.FieldCacheSource,0.30,3,2,6,0,3,4,0,0,142,0
"org.apache.solr.schema.SortableFloatFieldSource$StringIndexDocValues",9,0.88,1.22,22,0.28,4946.69,10,1,16,17,1,138.15,0,40,0,1,138.15,0.00,0.00,0.22,1,19.00,2,834.23,0,5,1,java.lang.Object,0.00,8,0,11,0,8,4,0,0,208,0
"org.apache.solr.schema.SortableFloatFieldSource$StringIndexDocValues$ValueFiller",2,0.00,1.50,12,0.12,2655.21,3,1,16,6,3,117.29,0,17,0,1,117.29,0.00,0.00,1.00,0,0.00,2,374.53,0,1,3,java.lang.Object,0.00,4,0,3,0,4,1,0,0,85,0
"org.apache.solr.schema.SortableIntFieldSource",6,0.20,1.00,17,0.18,3234.51,8,2,16,8,14,138.26,0,30,1,3,138.26,0.00,0.67,0.33,0,10.00,1,541.50,2,2,13,org.apache.lucene.queries.function.valuesource.FieldCacheSource,0.30,2,2,6,0,2,4,0,0,138,0
"org.apache.solr.schema.SortableIntFieldSource$StringIndexDocValues",9,0.88,1.22,22,0.28,5118.64,10,1,16,17,1,138.03,0,40,0,1,138.03,0.00,0.00,0.22,1,19.00,2,845.65,0,5,1,java.lang.Object,0.00,8,0,11,0,8,4,0,0,210,0
"org.apache.solr.schema.SortableIntFieldSource$StringIndexDocValues$ValueFiller",2,0.00,1.50,12,0.13,2787.88,3,1,16,6,3,117.12,0,17,0,1,117.12,0.00,0.00,1.00,0,0.00,2,387.28,0,1,3,java.lang.Object,0.00,4,0,3,0,4,1,0,0,87,0
"org.apache.solr.schema.SortableLongFieldSource",6,0.20,1.00,17,0.18,3252.30,8,2,16,8,14,138.24,0,30,1,3,138.24,0.00,0.67,0.33,0,10.00,1,551.13,2,2,13,org.apache.lucene.queries.function.valuesource.FieldCacheSource,0.30,2,2,6,0,2,4,0,0,140,0
"org.apache.solr.schema.SortableLongFieldSource$StringIndexDocValues",9,0.88,1.22,22,0.28,5075.42,10,1,16,17,1,138.06,0,40,0,1,138.06,0.00,0.00,0.22,1,19.00,2,845.72,0,5,1,java.lang.Object,0.00,8,0,11,0,8,4,0,0,210,0
"org.apache.solr.schema.SortableLongFieldSource$StringIndexDocValues$ValueFiller",2,0.00,1.50,12,0.13,2787.88,3,1,16,6,3,117.12,0,17,0,1,117.12,0.00,0.00,1.00,0,0.00,2,387.28,0,1,3,java.lang.Object,0.00,4,0,3,0,4,1,0,0,87,0
"org.apache.solr.schema.SpatialDistanceQuery",6,0.13,1.50,29,0.65,21061.91,21,15,20,9,20,120.53,5,65,4,2,120.53,0.00,0.50,0.18,1,10.00,3,1956.85,2,3,16,org.apache.lucene.search.Query,0.12,3,1,9,0,3,3,0,5,390,0
"org.apache.solr.schema.SpatialDistanceQuery$SpatialScorer",8,0.19,2.25,93,1.37,44796.52,31,23,20,20,8,152.45,12,110,0,3,102.45,0.00,0.67,0.21,3,0.00,5,4122.28,0,1,8,org.apache.lucene.search.Scorer,0.67,12,2,18,0,12,7,0,12,776,1
"org.apache.solr.schema.SpatialDistanceQuery$SpatialWeight",6,0.04,1.00,24,0.27,4984.08,11,5,20,9,7,125.55,0,37,0,2,125.55,0.00,0.50,0.17,1,10.00,1,824.17,0,3,7,org.apache.lucene.search.Weight,0.50,3,1,6,0,3,3,0,0,199,1
"org.apache.solr.schema.SpatialQueryable",1,0.00,1.00,2,0.01,54.79,1,0,3,1,7,113.86,6,3,4,1,146.08,0.00,0.00,0.00,0,1.00,1,36.53,0,1,3,,0.00,0,0,1,0,0,0,0,1,13,1
"org.apache.solr.schema.StrField",5,0.00,1.00,12,0.16,2370.93,5,0,8,11,17,138.70,3,23,7,3,138.70,0.50,0.50,0.00,0,5.00,1,477.66,2,3,10,org.apache.solr.schema.FieldType,0.06,6,2,5,1,6,2,0,1,119,1
"org.apache.solr.schema.StrFieldSource",5,1.00,1.00,12,0.12,1874.07,6,1,6,7,8,139.50,0,23,4,3,139.50,0.00,0.67,0.20,0,11.00,1,370.92,2,2,4,org.apache.lucene.queries.function.valuesource.FieldCacheSource,0.32,2,2,5,0,2,3,0,0,98,1
"org.apache.solr.schema.StrFieldSource$StringIndexDocValues",5,0.00,1.00,11,0.10,1397.68,5,0,6,9,0,140.51,0,21,0,1,140.51,0.00,0.00,0.00,0,5.00,1,306.09,0,3,0,java.lang.Object,0.00,4,0,5,0,4,2,0,0,86,0
"org.apache.solr.schema.TestBinaryField",3,0.38,6.00,120,1.56,172010.48,7,4,16,31,7,73.36,0,115,0,2,73.36,0.00,0.50,0.50,0,0.00,16,4689.21,2,0,7,org.apache.lucene.util.LuceneTestCase,0.00,28,1,18,0,28,3,0,0,795,1
"org.apache.solr.schema.TestBinaryField$Bean",0,0.00,0.00,3,0.02,388.55,2,2,16,0,0,171.00,0,7,0,1,171.00,0.00,0.00,0.00,0,0.00,0,74.01,0,0,0,java.lang.Object,0.00,0,0,0,0,0,0,0,0,20,2
"org.apache.solr.schema.TestCollationField",10,0.00,1.00,51,0.81,18025.04,10,0,10,28,2,119.52,47,106,0,3,119.29,0.00,0.67,0.00,1,10.00,1,2436.35,6,1,2,org.apache.solr.SolrTestCaseJ4,0.00,18,2,10,0,18,9,0,15,470,1
"org.apache.solr.schema.TestICUCollationField",9,0.00,1.00,49,0.78,17858.24,9,0,10,27,2,119.19,43,97,0,3,118.96,0.00,0.67,0.00,1,9.00,1,2352.95,6,1,2,org.apache.solr.SolrTestCaseJ4,0.00,18,2,9,0,18,8,0,14,450,1
"org.apache.solr.schema.TestOmitPositions",3,0.00,1.33,14,0.16,1917.07,3,0,2,5,1,166.27,6,29,0,3,126.38,0.00,0.67,0.00,0,3.00,2,472.95,7,0,1,org.apache.solr.SolrTestCaseJ4,0.00,2,2,4,0,2,3,0,6,106,1
"org.apache.solr.schema.TextField",9,0.88,4.33,137,1.88,302703.87,10,1,22,43,22,131.03,23,185,2,3,91.14,0.00,0.67,0.22,1,19.00,28,5643.52,2,4,20,org.apache.solr.schema.FieldType,0.06,34,2,39,0,34,5,0,20,930,1
"org.apache.solr.schema.TrieDateField",19,0.00,1.11,43,0.57,10599.37,19,0,12,39,14,138.12,4,84,2,4,138.12,0.00,0.75,0.00,0,36.00,3,1699.16,0,14,13,org.apache.solr.schema.DateField,0.09,20,3,21,0,20,5,0,2,425,1
"org.apache.solr.schema.TrieDateField$TrieField",0,0.00,0.00,2,0.01,109.62,0,0,12,0,0,171.00,0,2,0,1,171.00,0.00,0.00,0.00,0,0.00,0,36.54,0,0,0,java.lang.Object,0.00,0,0,0,0,0,0,0,0,11,0
"org.apache.solr.schema.TrieDoubleField",0,0.00,0.00,2,0.02,163.12,0,0,0,0,1,171.00,0,5,0,4,171.00,0.00,0.75,0.00,0,0.00,0,46.60,0,0,1,org.apache.solr.schema.TrieField,0.00,0,3,0,0,0,0,0,0,13,1
"org.apache.solr.schema.TrieField",24,0.01,4.25,248,5.17,308891.08,32,8,23,112,45,151.00,47,426,17,3,101.00,2.00,0.29,0.14,5,38.00,17,15496.95,1,15,29,org.apache.solr.schema.FieldType,0.13,88,2,102,4,88,9,0,21,2720,1
"org.apache.solr.schema.TrieField$TrieDateFieldSource",5,0.00,1.00,11,0.11,1284.82,5,0,23,9,4,140.79,0,21,0,4,140.79,0.00,0.75,0.00,0,8.00,1,319.08,0,3,4,org.apache.lucene.queries.function.valuesource.LongFieldSource,0.43,4,3,5,0,4,2,0,0,87,0
"org.apache.solr.schema.TrieField$TrieTypes",0,0.00,0.00,2,0.01,42.79,0,0,23,0,0,171.00,0,7,0,1,171.00,0.00,0.00,0.00,0,0.00,0,28.53,0,0,0,java.lang.Object,0.00,0,0,0,0,0,0,0,0,9,1
"org.apache.solr.schema.TrieFloatField",0,0.00,0.00,2,0.02,163.12,0,0,0,0,1,171.00,0,5,0,4,171.00,0.00,0.75,0.00,0,0.00,0,46.60,0,0,1,org.apache.solr.schema.TrieField,0.00,0,3,0,0,0,0,0,0,13,1
"org.apache.solr.schema.TrieIntField",0,0.00,0.00,2,0.02,163.12,0,0,0,0,1,171.00,0,5,0,4,171.00,0.00,0.75,0.00,0,0.00,0,46.60,0,0,1,org.apache.solr.schema.TrieField,0.00,0,3,0,0,0,0,0,0,13,1
"org.apache.solr.schema.TrieLongField",0,0.00,0.00,2,0.02,163.12,0,0,0,0,1,171.00,0,5,0,4,171.00,0.00,0.75,0.00,0,0.00,0,46.60,0,0,1,org.apache.solr.schema.TrieField,0.00,0,3,0,0,0,0,0,0,13,1
"org.apache.solr.schema.UUIDField",6,0.40,1.33,21,0.38,10863.58,8,2,8,18,8,148.10,19,38,1,4,127.48,0.00,0.75,0.17,0,14.00,3,1145.05,3,4,7,org.apache.solr.schema.StrField,0.00,12,3,8,0,12,2,0,4,246,1
"org.apache.solr.schema.UUIDFieldTest",1,0.00,6.00,29,0.25,10088.52,1,0,2,4,2,84.51,0,41,0,2,84.51,0.00,0.50,0.00,0,1.00,6,760.51,0,0,2,org.apache.lucene.util.LuceneTestCase,0.00,3,1,6,0,3,1,0,0,155,1
"org.apache.lucene.benchmark.byTask.feeds.AbstractQueryMaker",7,0.06,1.29,29,0.29,7915.63,10,3,2,15,7,174.44,9,35,4,1,124.44,0.00,0.00,0.29,0,4.00,3,875.25,0,4,3,java.lang.Object,0.00,8,0,9,5,8,3,1,3,200,2
"org.apache.lucene.benchmark.byTask.feeds.ContentItemsSource",13,0.06,1.69,80,0.95,34854.90,25,12,6,28,4,135.47,49,89,2,1,114.86,0.00,0.00,0.14,4,78.00,6,2853.19,0,1,2,java.lang.Object,0.00,15,0,22,13,15,12,0,12,569,2
"org.apache.lucene.benchmark.byTask.feeds.ContentSource",1,0.00,1.00,2,0.02,158.75,1,0,1,1,13,104.88,12,3,10,2,142.44,10.00,0.08,0.00,0,1.00,1,56.19,0,1,3,org.apache.lucene.benchmark.byTask.feeds.ContentItemsSource,0.00,0,1,1,10,0,0,0,2,18,2
"org.apache.lucene.benchmark.byTask.feeds.DemoHTMLParser",1,0.00,6.00,26,0.51,29113.58,1,0,6,20,4,34.55,8,34,1,1,82.65,0.00,0.00,0.00,0,1.00,6,1526.77,0,1,3,java.lang.Object,0.00,19,0,6,0,19,0,1,6,251,1
"org.apache.lucene.benchmark.byTask.feeds.DirContentSource",0,0.00,0.00,3,0.04,681.48,0,0,13,0,2,171.00,10,3,0,3,171.00,0.00,0.67,0.00,0,0.00,0,108.42,0,0,2,org.apache.lucene.benchmark.byTask.feeds.ContentSource,0.00,0,2,0,0,0,0,0,1,26,1
"org.apache.lucene.benchmark.byTask.feeds.DirContentSource$DateFormatInfo",0,0.00,0.00,3,0.02,155.67,2,2,13,0,0,171.00,0,4,0,1,171.00,0.00,0.00,0.00,0,0.00,0,51.89,0,0,0,java.lang.Object,0.00,0,0,0,0,0,0,0,0,15,3
"org.apache.lucene.benchmark.byTask.feeds.DirContentSource$Iterator",14,0.03,1.64,100,1.14,39790.22,21,7,13,62,3,112.17,12,127,0,1,112.17,0.00,0.00,0.17,5,82.00,4,3405.90,2,4,3,java.lang.Object,0.00,48,0,23,0,48,10,1,11,693,2
"org.apache.lucene.benchmark.byTask.feeds.DirContentSource$Iterator$Comparator",1,0.00,5.00,13,0.16,9230.00,1,0,13,4,0,137.74,2,18,0,1,97.85,0.00,0.00,0.00,0,1.00,5,477.33,0,0,0,java.lang.Object,0.00,3,0,5,0,3,1,1,1,102,1
"org.apache.lucene.benchmark.byTask.feeds.DirContentSource$Iterator$FileFilter",1,0.00,1.00,3,0.02,173.90,1,0,13,2,0,135.56,0,4,0,1,135.56,0.00,0.00,0.00,0,1.00,1,52.97,0,0,0,java.lang.Object,0.00,1,0,1,0,1,1,0,0,17,0
"org.apache.lucene.benchmark.byTask.feeds.DirContentSource$Iterator$FileFilter_0",1,0.00,1.00,3,0.02,227.68,1,0,13,3,0,134.64,0,4,0,1,134.64,0.00,0.00,0.00,0,1.00,1,70.91,0,0,0,java.lang.Object,0.00,2,0,1,0,2,1,0,0,21,0
"org.apache.lucene.benchmark.byTask.feeds.DocData",14,0.03,1.07,43,0.27,3468.91,20,6,3,15,26,134.33,7,59,25,1,134.33,0.00,0.00,0.14,1,74.00,2,811.10,0,5,1,java.lang.Object,0.00,1,0,15,0,1,9,0,2,224,1
"org.apache.lucene.benchmark.byTask.feeds.DocMaker",11,0.14,3.36,195,3.18,266790.27,32,21,19,77,32,48.00,84,225,23,1,90.29,0.00,0.00,0.17,4,0.00,18,9538.36,0,4,9,java.lang.Object,0.00,66,0,37,8,66,7,0,29,1518,1
"org.apache.lucene.benchmark.byTask.feeds.DocMaker$DateUtil",1,2.00,1.00,6,0.07,1138.36,4,3,19,5,0,117.91,0,8,0,1,117.91,0.00,0.00,0.33,0,0.00,1,201.16,0,0,0,java.lang.Object,0.00,4,0,1,0,4,1,0,0,48,2
"org.apache.lucene.benchmark.byTask.feeds.DocMaker$DocState",3,0.40,2.67,39,0.47,17424.92,8,5,19,10,6,139.47,6,48,0,1,99.58,0.00,0.00,0.47,0,0.00,3,1402.93,0,2,6,java.lang.Object,0.00,7,0,8,0,7,1,0,2,289,1
"org.apache.lucene.benchmark.byTask.feeds.DocMaker$LeftOver",0,0.00,0.00,3,0.02,124.57,2,2,19,0,1,171.00,0,4,0,1,171.00,0.00,0.00,0.00,0,0.00,0,49.83,0,0,1,java.lang.Object,0.00,0,0,0,0,0,0,0,0,15,2
"org.apache.lucene.benchmark.byTask.feeds.DocMakerTest",4,0.00,1.75,56,0.92,38383.50,4,0,16,33,15,117.38,15,67,0,3,96.76,0.00,0.67,0.00,1,4.00,3,2757.19,0,1,15,org.apache.lucene.benchmark.BenchmarkTestCase,0.00,29,2,7,0,29,3,0,15,543,1
"org.apache.lucene.benchmark.byTask.feeds.DocMakerTest$OneDocSource",2,1.00,1.50,14,0.14,3522.28,3,1,16,9,3,113.82,0,21,0,3,113.82,0.00,0.67,0.50,0,2.00,2,418.51,0,1,3,org.apache.lucene.benchmark.byTask.feeds.ContentSource,0.19,7,2,3,0,7,1,0,0,91,2
"org.apache.lucene.benchmark.byTask.feeds.EnwikiContentSource",5,0.12,1.60,46,0.68,19086.96,17,12,14,21,8,127.71,16,62,2,3,107.09,0.00,0.67,0.18,0,12.00,2,2040.86,2,1,6,org.apache.lucene.benchmark.byTask.feeds.ContentSource,0.32,16,2,8,0,16,4,0,4,407,1
"org.apache.lucene.benchmark.byTask.feeds.EnwikiContentSource$Parser",6,0.27,5.00,109,1.32,67658.36,15,9,14,34,4,131.78,17,159,0,2,91.90,0.00,0.50,0.33,0,10.00,11,3953.15,0,2,4,org.xml.sax.helpers.DefaultHandler,0.00,28,1,30,0,28,4,1,17,718,1
"org.apache.lucene.benchmark.byTask.feeds.EnwikiQueryMaker",3,1.00,3.00,34,0.84,30978.19,4,1,16,22,15,100.53,14,74,0,2,100.29,0.00,0.50,0.33,2,4.00,6,2509.97,0,3,15,org.apache.lucene.benchmark.byTask.feeds.AbstractQueryMaker,0.20,19,1,9,0,19,0,1,5,436,1
"org.apache.lucene.benchmark.byTask.feeds.FacetSource",2,0.00,1.00,6,0.05,569.42,2,0,2,2,5,116.00,10,9,2,2,133.87,1.00,0.33,0.00,0,2.00,1,152.19,4,1,3,org.apache.lucene.benchmark.byTask.feeds.ContentItemsSource,0.13,0,1,2,1,0,1,0,3,42,2
"org.apache.lucene.benchmark.byTask.feeds.FileBasedQueryMaker",1,0.00,8.00,33,0.60,40411.15,1,0,9,23,9,114.64,30,48,1,2,77.60,0.00,0.50,0.00,0,0.00,8,1811.46,0,1,8,org.apache.lucene.benchmark.byTask.feeds.AbstractQueryMaker,0.25,22,1,8,0,22,0,1,3,282,1
"org.apache.lucene.benchmark.byTask.feeds.HTMLParser",1,0.00,1.00,2,0.03,202.63,1,0,4,1,4,150.74,17,3,3,1,141.61,0.00,0.00,0.00,0,1.00,1,91.40,0,1,1,,0.00,0,0,1,0,0,0,0,2,24,1
"org.apache.lucene.benchmark.byTask.feeds.LineDocSource",0,0.00,0.00,4,0.03,377.77,0,0,11,0,5,171.00,29,4,1,3,171.00,0.00,0.67,0.00,0,0.00,0,89.95,0,0,4,org.apache.lucene.benchmark.byTask.feeds.ContentSource,0.00,0,2,0,0,0,0,0,4,26,1
"org.apache.lucene.benchmark.byTask.feeds.LineDocSource$HeaderLineParser",9,0.06,4.44,116,1.48,67794.85,15,6,11,49,5,149.87,9,157,0,2,99.87,0.00,0.50,0.22,3,30.00,8,4427.71,2,2,5,org.apache.lucene.benchmark.byTask.feeds.LineParser,0.00,40,1,40,0,40,7,0,9,844,2
"org.apache.lucene.benchmark.byTask.feeds.LineDocSource$HeaderLineParser$FieldName",0,0.00,0.00,2,0.01,42.79,0,0,11,0,0,171.00,0,1,0,1,171.00,0.00,0.00,0.00,0,0.00,0,28.53,0,0,0,java.lang.Object,0.00,0,0,0,0,0,0,0,0,9,1
"org.apache.lucene.benchmark.byTask.feeds.LineDocSource$LineParser",2,1.00,1.00,5,0.04,512.27,3,1,11,2,1,180.69,4,7,0,1,140.80,0.00,0.00,0.00,0,2.00,1,124.80,0,0,1,java.lang.Object,0.00,0,0,2,0,0,2,0,2,36,3
"org.apache.lucene.benchmark.byTask.feeds.LineDocSource$SimpleLineParser",2,0.00,2.50,19,0.26,13083.89,2,0,11,8,2,105.15,1,25,0,2,105.15,0.00,0.50,0.00,0,2.00,4,772.62,0,0,2,org.apache.lucene.benchmark.byTask.feeds.LineParser,0.00,6,1,5,0,6,2,0,1,158,2
"org.apache.lucene.benchmark.byTask.feeds.LineDocSourceTest",14,1.00,1.93,123,1.73,67987.86,15,1,25,55,17,158.13,20,147,0,3,108.13,0.00,0.67,0.07,6,26.00,6,5199.23,1,0,17,org.apache.lucene.benchmark.BenchmarkTestCase,0.00,41,2,27,0,41,14,0,20,982,1
"org.apache.lucene.benchmark.byTask.feeds.LongToEnglishContentSource",3,0.50,1.33,19,0.22,7564.32,4,1,3,11,4,155.01,6,28,0,3,115.12,0.00,0.67,0.67,0,1.00,2,655.49,0,1,4,org.apache.lucene.benchmark.byTask.feeds.ContentSource,0.35,8,2,4,0,8,2,0,3,135,1
"org.apache.lucene.benchmark.byTask.feeds.LongToEnglishQueryMaker",6,0.10,1.17,18,0.22,3436.04,8,2,8,13,9,131.45,4,26,0,1,131.45,0.00,0.00,0.42,1,10.00,2,669.60,0,3,9,java.lang.Object,0.00,7,0,7,0,7,3,1,1,158,1
"org.apache.lucene.benchmark.byTask.feeds.NoMoreDataException",0,0.00,0.00,1,0.01,31.02,0,0,0,0,18,171.00,21,2,18,2,171.00,0.00,0.50,0.00,0,0.00,0,15.51,0,0,0,java.lang.Exception,0.00,0,1,0,0,0,0,0,2,6,1
"org.apache.lucene.benchmark.byTask.feeds.QueryMaker",5,0.00,1.00,6,0.04,200.25,5,0,2,5,15,198.27,13,7,13,1,158.38,0.00,0.00,0.00,0,5.00,1,107.93,0,3,2,,0.00,0,0,5,0,0,2,0,6,39,1
"org.apache.lucene.benchmark.byTask.feeds.RandomFacetSource",3,0.62,2.00,33,0.38,15743.92,7,4,5,14,5,84.83,16,37,0,3,102.70,0.00,0.67,0.67,0,1.00,4,1137.27,3,1,5,org.apache.lucene.benchmark.byTask.feeds.FacetSource,0.17,11,2,6,0,11,2,0,5,225,1
"org.apache.lucene.benchmark.byTask.feeds.ReutersContentSource",6,0.08,2.00,68,0.90,40315.98,11,5,11,42,4,141.74,16,88,0,3,101.86,0.00,0.67,0.27,2,14.00,4,2703.34,4,3,4,org.apache.lucene.benchmark.byTask.feeds.ContentSource,0.30,36,2,12,0,36,3,0,7,509,1
"org.apache.lucene.benchmark.byTask.feeds.ReutersContentSource$DateFormatInfo",0,0.00,0.00,3,0.02,155.67,2,2,11,0,0,171.00,0,4,0,1,171.00,0.00,0.00,0.00,0,0.00,0,51.89,0,0,0,java.lang.Object,0.00,0,0,0,0,0,0,0,0,15,3
"org.apache.lucene.benchmark.byTask.feeds.ReutersQueryMaker",3,1.00,2.67,32,0.60,24831.06,4,1,14,20,14,84.75,16,53,1,2,102.62,0.00,0.50,0.33,2,4.00,6,1801.99,0,3,13,org.apache.lucene.benchmark.byTask.feeds.AbstractQueryMaker,0.20,17,1,8,0,17,0,1,7,339,1
"org.apache.lucene.benchmark.byTask.feeds.SimpleQueryMaker",1,0.00,1.00,21,0.40,18404.74,1,0,10,12,11,43.97,11,25,1,2,88.09,1.00,0.33,0.00,0,0.00,1,1197.62,0,1,10,org.apache.lucene.benchmark.byTask.feeds.AbstractQueryMaker,0.25,11,1,1,1,11,0,1,3,211,1
"org.apache.lucene.benchmark.byTask.feeds.SimpleSloppyPhraseQueryMaker",1,0.00,9.00,48,0.58,63006.25,1,0,5,12,6,21.51,10,44,0,3,69.99,0.00,0.67,0.00,0,1.00,9,1728.51,0,1,6,org.apache.lucene.benchmark.byTask.feeds.SimpleQueryMaker,0.33,11,2,9,0,11,0,0,6,296,1
"org.apache.lucene.benchmark.byTask.feeds.SingleDocSource",4,0.17,1.25,18,0.23,4448.28,6,2,1,9,5,106.63,20,40,2,3,124.50,0.50,0.50,0.38,1,6.00,2,675.18,2,1,3,org.apache.lucene.benchmark.byTask.feeds.ContentSource,0.33,5,2,5,1,5,3,0,3,150,1
"org.apache.lucene.benchmark.byTask.feeds.SortableSingleDocSource",3,0.50,1.33,25,0.92,20100.17,6,3,3,11,4,107.35,13,68,0,4,107.12,0.00,0.75,0.67,1,0.00,2,2762.25,2,1,4,org.apache.lucene.benchmark.byTask.feeds.SingleDocSource,0.00,8,3,4,0,8,2,0,4,415,1
"org.apache.lucene.benchmark.byTask.feeds.TrecContentSource",11,0.11,3.64,164,2.14,85501.88,31,20,17,62,17,79.44,64,223,9,3,97.31,0.50,0.50,0.15,5,58.00,7,6422.85,5,5,10,org.apache.lucene.benchmark.byTask.feeds.ContentSource,0.24,51,2,40,1,51,6,0,38,1158,1
"org.apache.lucene.benchmark.byTask.feeds.TrecContentSource$DateFormatInfo",0,0.00,0.00,3,0.02,200.76,2,2,17,0,0,171.00,0,4,0,1,171.00,0.00,0.00,0.00,0,0.00,0,57.36,0,0,0,java.lang.Object,0.00,0,0,0,0,0,0,0,0,16,3
"org.apache.lucene.benchmark.byTask.feeds.TrecContentSourceTest",8,0.00,2.12,95,2.21,68199.57,8,0,14,41,7,151.03,14,300,0,2,101.03,0.00,0.50,0.00,2,8.00,8,6638.13,0,0,7,org.apache.lucene.util.LuceneTestCase,0.00,33,1,17,0,33,8,0,11,1110,1
"org.apache.lucene.benchmark.byTask.feeds.TrecContentSourceTest$StringableTrecSource",3,1.00,1.67,13,0.12,2154.78,4,1,14,7,4,125.93,0,21,0,4,125.93,0.00,0.75,0.33,0,5.00,3,361.62,0,0,4,org.apache.lucene.benchmark.byTask.feeds.TrecContentSource,0.14,4,3,5,0,4,3,0,0,89,2
"org.apache.lucene.benchmark.byTask.feeds.TrecDocParser",5,0.19,2.60,45,0.65,32585.64,9,4,5,17,8,57.04,40,59,7,1,105.15,0.00,0.00,0.10,1,8.00,6,1940.85,0,5,7,java.lang.Object,0.00,12,0,13,6,12,0,0,13,411,2
"org.apache.lucene.benchmark.byTask.feeds.TrecDocParser$ParsePathType",0,0.00,0.00,2,0.01,42.79,0,0,5,0,0,171.00,0,1,0,1,171.00,0.00,0.00,0.00,0,0.00,0,28.53,0,0,0,java.lang.Object,0.00,0,0,0,0,0,0,0,0,9,1
"org.apache.lucene.benchmark.byTask.feeds.TrecFBISParser",1,0.00,3.00,26,0.39,12783.45,8,7,2,10,3,43.34,7,32,0,2,85.63,0.00,0.50,1.00,0,0.00,3,1155.46,2,1,3,org.apache.lucene.benchmark.byTask.feeds.TrecDocParser,0.00,9,1,3,0,9,0,0,5,212,1
"org.apache.lucene.benchmark.byTask.feeds.TrecFR94Parser",1,0.00,3.00,23,0.36,11675.41,7,6,2,10,3,39.82,8,33,0,2,87.92,0.00,0.50,1.00,0,0.00,3,1081.22,2,1,3,org.apache.lucene.benchmark.byTask.feeds.TrecDocParser,0.00,9,1,3,0,9,0,0,6,199,1
"org.apache.lucene.benchmark.byTask.feeds.TrecFTParser",1,0.00,2.00,18,0.26,7214.73,5,4,2,8,3,61.41,6,23,0,2,93.63,0.00,0.50,1.00,0,0.00,2,779.11,2,1,3,org.apache.lucene.benchmark.byTask.feeds.TrecDocParser,0.00,7,1,2,0,7,0,0,4,149,1
"org.apache.lucene.benchmark.byTask.feeds.TrecGov2Parser",1,0.00,3.00,19,0.31,9733.84,6,5,3,9,4,73.77,5,25,1,2,91.64,0.00,0.50,1.00,0,0.00,3,932.57,1,1,4,org.apache.lucene.benchmark.byTask.feeds.TrecDocParser,0.00,8,1,3,0,8,0,0,3,174,1
"org.apache.lucene.benchmark.byTask.feeds.TrecLATimesParser",1,0.00,5.00,29,0.46,19859.17,8,7,2,12,3,34.13,8,37,0,2,82.23,0.00,0.50,1.00,0,0.00,5,1394.97,2,1,3,org.apache.lucene.benchmark.byTask.feeds.TrecDocParser,0.00,11,1,5,0,11,0,0,6,251,1
"org.apache.lucene.benchmark.byTask.feeds.TrecParserByPath",1,0.00,1.00,3,0.06,1062.64,1,0,1,3,4,129.61,4,7,1,2,129.37,0.00,0.50,0.00,0,0.00,1,180.57,0,1,3,org.apache.lucene.benchmark.byTask.feeds.TrecDocParser,0.00,2,1,1,0,2,0,0,1,42,1
"org.apache.lucene.analysis.phonetic.DoubleMetaphoneFilter",3,0.25,4.67,48,0.64,39774.44,9,6,7,23,7,133.15,6,61,3,4,93.27,0.00,0.75,0.33,0,1.00,12,1916.27,0,0,4,org.apache.lucene.analysis.TokenFilter,0.53,20,3,14,0,20,3,0,6,359,2
"org.apache.lucene.analysis.phonetic.DoubleMetaphoneFilterTest",6,0.00,1.00,28,0.41,6807.42,6,0,4,9,4,124.49,1,35,0,3,124.49,0.00,0.67,0.00,0,6.00,1,1237.84,1,0,4,org.apache.lucene.analysis.BaseTokenStreamTestCase,0.00,3,2,6,0,3,6,0,1,269,1
"org.apache.lucene.analysis.phonetic.PhoneticFilter",3,0.30,3.33,35,0.44,18920.39,8,5,6,16,6,122.57,11,45,2,4,101.95,0.00,0.75,0.40,0,1.00,8,1324.20,0,0,4,org.apache.lucene.analysis.TokenFilter,0.53,13,3,10,0,13,3,0,8,258,2
"org.apache.lucene.analysis.phonetic.TestPhoneticFilter",2,0.00,1.00,16,0.42,11673.54,2,0,10,10,4,157.65,3,32,0,3,107.66,0.00,0.67,0.00,1,2.00,1,1250.53,1,0,4,org.apache.lucene.analysis.BaseTokenStreamTestCase,0.00,8,2,2,0,8,2,0,1,236,1
"org.apache.lucene.queryparser.surround.query.AndQuery",2,0.00,1.00,5,0.07,830.62,2,0,3,3,6,139.15,1,10,1,3,139.15,0.00,0.67,0.00,0,2.00,1,206.43,1,1,5,org.apache.lucene.queryparser.surround.query.ComposedQuery,0.00,1,2,2,0,1,1,0,1,52,1
"org.apache.lucene.queryparser.surround.query.BasicQueryFactory",11,0.20,1.27,31,0.26,4553.41,13,2,3,18,22,139.11,3,46,18,1,139.11,0.00,0.00,0.32,3,24.00,2,786.12,0,3,4,java.lang.Object,0.00,7,0,14,0,7,8,0,1,207,1
"org.apache.lucene.queryparser.surround.query.BooleanQueryTst",3,0.14,1.33,32,0.34,7912.25,10,7,9,14,11,106.69,2,43,2,1,106.69,0.00,0.00,0.24,0,4.00,2,1017.13,0,0,9,java.lang.Object,0.00,11,0,4,0,11,3,0,2,209,1
"org.apache.lucene.queryparser.surround.query.BooleanQueryTst$TestCollector",6,0.10,1.50,32,0.34,14447.55,10,4,9,9,1,118.20,2,43,0,2,118.20,0.00,0.50,0.33,0,6.00,4,1029.55,0,0,1,org.apache.lucene.index.Collector,0.00,3,1,9,0,3,6,0,2,219,0
"org.apache.lucene.queryparser.surround.query.ComposedQuery",15,0.24,1.60,68,0.68,17512.27,18,3,4,29,7,124.28,6,78,4,2,124.28,4.00,0.17,0.11,9,68.00,3,2051.83,1,8,3,org.apache.lucene.queryparser.surround.query.SrndQuery,0.14,14,1,24,4,14,7,0,6,472,2
"org.apache.lucene.queryparser.surround.query.DistanceQuery",7,0.42,2.14,45,0.59,21739.41,9,2,7,22,11,114.30,4,70,2,3,114.30,0.00,0.67,0.14,1,17.00,5,1755.16,1,3,10,org.apache.lucene.queryparser.surround.query.ComposedQuery,0.00,15,2,15,0,15,4,1,4,350,1
"org.apache.lucene.queryparser.surround.query.DistanceRewriteQuery",2,0.00,1.00,5,0.06,636.39,2,0,3,2,5,140.06,0,12,1,3,140.06,0.00,0.67,0.00,0,2.00,1,176.59,0,1,5,org.apache.lucene.queryparser.surround.query.RewriteQuery,0.00,0,2,2,0,0,1,0,0,47,0
"org.apache.lucene.queryparser.surround.query.DistanceSubQuery",2,0.00,1.00,3,0.01,59.00,2,0,1,2,4,199.31,5,4,3,1,159.43,0.00,0.00,0.00,0,2.00,1,42.00,0,1,1,,0.00,0,0,2,0,0,1,0,1,17,1
"org.apache.lucene.queryparser.surround.query.ExceptionQueryTst",3,0.25,2.67,29,0.31,9145.35,5,2,2,12,6,107.74,0,38,3,1,107.74,0.00,0.00,0.33,0,4.00,5,942.73,0,1,3,java.lang.Object,0.00,9,0,8,0,9,2,0,0,196,1
"org.apache.lucene.queryparser.surround.query.FieldsQuery",9,0.03,1.33,47,0.56,14389.54,13,4,4,29,6,119.63,7,61,2,2,119.63,0.00,0.50,0.22,4,24.00,3,1694.63,0,4,4,org.apache.lucene.queryparser.surround.query.SrndQuery,0.17,20,1,12,0,20,5,0,7,361,1
"org.apache.lucene.queryparser.surround.query.NotQuery",2,0.00,1.00,9,0.14,3231.20,2,0,4,8,7,173.28,3,13,1,3,123.28,0.00,0.67,0.00,0,2.00,1,429.03,1,1,6,org.apache.lucene.queryparser.surround.query.ComposedQuery,0.00,6,2,2,0,6,1,0,3,91,1
"org.apache.lucene.queryparser.surround.query.OrQuery",4,0.00,2.00,20,0.23,5493.08,4,0,5,9,10,120.06,1,31,2,3,120.06,0.00,0.67,0.00,0,4.00,4,677.93,2,2,8,org.apache.lucene.queryparser.surround.query.ComposedQuery,0.00,5,2,8,0,5,2,1,1,155,1
"org.apache.lucene.queryparser.surround.query.RewriteQuery",7,0.11,1.43,22,0.34,8623.59,10,3,3,20,6,128.78,1,50,3,2,128.78,2.00,0.25,0.43,1,10.00,3,1009.68,0,4,3,org.apache.lucene.search.Query,0.35,13,1,10,2,13,3,0,1,240,1
"org.apache.lucene.queryparser.surround.query.SimpleTerm",12,0.91,1.17,32,0.29,5525.18,13,1,4,21,12,138.76,5,47,5,2,138.76,3.00,0.20,0.17,5,28.00,3,855.23,1,6,8,org.apache.lucene.queryparser.surround.query.SrndQuery,0.08,9,1,14,3,9,6,2,3,222,2
"org.apache.lucene.queryparser.surround.query.SimpleTerm$MatchingTermVisitor",1,0.00,1.00,2,0.01,51.00,1,0,4,1,1,146.32,0,4,0,1,146.32,0.00,0.00,0.00,0,1.00,1,34.00,0,0,1,,0.00,0,0,1,0,0,1,0,0,13,1
"org.apache.lucene.queryparser.surround.query.SimpleTerm$MatchingTermVisitor_0",1,0.00,1.00,3,0.02,230.45,1,0,4,2,1,134.60,0,4,0,1,134.60,0.00,0.00,0.00,0,1.00,1,72.73,0,0,1,java.lang.Object,0.00,1,0,1,0,1,1,0,0,21,0
"org.apache.lucene.queryparser.surround.query.SimpleTermRewriteQuery",2,0.00,2.00,7,0.15,4481.90,2,0,7,8,9,176.66,2,18,1,3,126.66,0.00,0.67,0.00,0,2.00,3,454.16,0,1,9,org.apache.lucene.queryparser.surround.query.RewriteQuery,0.00,6,2,4,0,6,1,0,2,95,0
"org.apache.lucene.queryparser.surround.query.SimpleTermRewriteQuery$SimpleTerm.MatchingTermVisitor",1,0.00,1.00,3,0.03,278.46,1,0,7,3,1,133.95,0,4,0,1,133.95,0.00,0.00,0.00,0,1.00,1,89.74,0,0,1,java.lang.Object,0.00,2,0,1,0,2,1,0,0,25,0
"org.apache.lucene.queryparser.surround.query.SingleFieldTestDb",4,0.22,1.50,25,0.25,7168.00,7,3,10,15,11,116.26,0,26,3,1,116.26,0.00,0.00,0.50,0,0.00,3,742.59,0,3,8,java.lang.Object,0.00,11,0,6,0,11,1,0,0,152,1
"org.apache.lucene.queryparser.surround.query.SpanNearClauseFactory",10,0.06,1.50,40,0.48,13491.16,14,4,10,27,13,123.80,2,50,4,1,123.80,0.00,0.00,0.20,2,46.00,3,1448.59,0,3,9,java.lang.Object,0.00,17,0,15,0,17,7,0,2,324,1
"org.apache.lucene.queryparser.surround.query.SrndBooleanQuery",2,0.00,2.00,13,0.17,5395.85,2,0,4,8,7,114.80,0,20,4,1,114.80,0.00,0.00,0.00,1,2.00,2,511.02,0,1,3,java.lang.Object,0.00,6,0,4,0,6,1,0,0,107,0
"org.apache.lucene.queryparser.surround.query.SrndPrefixQuery",7,0.17,2.00,41,0.48,19172.65,10,3,7,20,8,117.70,2,54,1,3,117.70,0.00,0.67,0.19,3,23.00,8,1439.99,0,3,7,org.apache.lucene.queryparser.surround.query.SimpleTerm,0.18,13,2,14,0,13,4,0,2,291,1
"org.apache.lucene.queryparser.surround.query.SrndQuery",14,0.38,1.36,40,0.35,6489.67,16,2,3,24,15,188.71,17,53,11,1,138.71,0.00,0.00,0.14,6,42.00,3,1060.00,1,6,4,java.lang.Object,0.00,10,0,19,10,10,8,1,7,273,2
"org.apache.lucene.queryparser.surround.query.SrndQuery$BooleanQuery",3,0.00,1.00,7,0.07,810.47,3,0,3,4,2,140.62,1,13,0,1,140.62,0.00,0.00,0.00,0,3.00,1,196.67,0,0,2,java.lang.Object,0.00,1,0,3,0,1,3,0,1,53,0
"org.apache.lucene.queryparser.surround.query.SrndQueryTest",2,0.00,1.00,13,0.14,2354.47,2,0,6,6,4,138.41,6,17,0,2,117.79,0.00,0.50,0.00,1,2.00,1,427.56,0,0,4,org.apache.lucene.util.LuceneTestCase,0.00,4,1,2,0,4,2,0,3,97,1
"org.apache.lucene.queryparser.surround.query.SrndTermQuery",5,1.00,1.40,18,0.20,4217.67,6,1,7,11,8,130.08,1,28,1,3,130.08,0.00,0.67,0.20,2,8.00,3,606.97,0,3,7,org.apache.lucene.queryparser.surround.query.SimpleTerm,0.10,6,2,7,0,6,2,0,1,138,1
"org.apache.lucene.queryparser.surround.query.SrndTruncQuery",7,0.14,2.43,57,0.70,25989.42,13,6,9,27,8,109.00,1,81,1,3,109.00,0.00,0.67,0.29,3,20.00,7,2111.53,0,2,7,org.apache.lucene.queryparser.surround.query.SimpleTerm,0.09,20,2,17,0,20,5,0,1,419,1
"org.apache.lucene.queryparser.surround.query.Test01Exceptions",2,0.00,1.50,10,0.16,2333.90,5,3,3,7,2,170.68,2,39,1,2,120.68,0.00,0.50,0.33,0,2.00,2,492.60,0,0,1,org.apache.lucene.util.LuceneTestCase,0.00,5,1,3,0,5,2,0,2,102,1
"org.apache.lucene.queryparser.surround.query.Test02Boolean",25,0.18,1.00,81,0.76,9785.11,30,5,3,32,4,132.79,0,91,1,2,132.79,0.00,0.50,0.03,1,48.00,1,2272.19,0,0,3,org.apache.lucene.util.LuceneTestCase,0.00,7,1,25,0,7,25,0,0,555,1
"org.apache.lucene.queryparser.surround.query.Test03Distance",47,0.08,1.02,150,1.44,19721.91,57,10,3,57,5,132.54,2,188,1,2,132.54,0.00,0.50,0.02,4,268.00,2,4325.31,0,0,4,org.apache.lucene.util.LuceneTestCase,0.00,10,1,48,0,10,47,0,2,1041,1
"org.apache.lucene.queryparser.surround.query.TooManyBasicQueries",1,0.00,1.00,3,0.02,172.28,1,0,1,1,1,185.59,1,5,1,2,135.59,0.00,0.50,0.00,0,1.00,1,63.94,0,0,0,java.io.IOException,0.00,0,1,1,0,0,1,0,1,20,1
"org.apache.lucene.search.suggest.tst.TSTAutocomplete",3,0.00,7.67,68,0.96,114110.19,3,0,1,12,2,55.01,41,89,1,1,84.39,0.00,0.00,0.00,1,3.00,14,2884.93,0,1,1,java.lang.Object,0.00,9,0,23,0,9,2,0,3,545,1
"org.apache.lucene.search.suggest.tst.TSTLookup",8,0.25,4.38,106,1.56,66598.72,16,8,12,52,9,148.24,8,139,3,2,98.24,0.00,0.50,0.34,2,0.00,11,4687.86,0,2,6,org.apache.lucene.search.suggest.Lookup,0.00,44,1,35,0,44,6,0,8,892,1
"org.apache.lucene.search.suggest.tst.TernaryTreeNode",0,0.00,0.00,7,0.04,287.07,6,6,0,0,2,171.00,14,8,2,1,171.00,0.00,0.00,0.00,0,0.00,0,110.41,0,0,0,java.lang.Object,0.00,0,0,0,0,0,0,0,6,29,1
"org.apache.lucene.benchmark.quality.trec.QueryDriver",1,0.00,6.00,38,0.82,47234.21,1,0,12,28,12,30.72,11,41,0,1,74.85,0.00,0.00,0.00,0,1.00,6,2473.76,0,0,12,java.lang.Object,0.00,27,0,6,0,27,1,0,8,372,1
"org.apache.lucene.benchmark.quality.trec.Trec1MQReader",2,1.00,2.00,24,0.33,18607.38,3,1,6,15,1,69.95,26,31,0,1,99.33,0.00,0.00,0.50,0,2.00,3,989.63,0,1,1,java.lang.Object,0.00,13,0,4,0,13,1,0,8,183,1
"org.apache.lucene.benchmark.quality.trec.TrecJudge",4,0.00,4.50,65,0.89,61782.16,5,1,8,29,4,74.88,23,79,2,1,92.75,0.00,0.00,1.00,0,0.00,9,2660.52,0,0,2,java.lang.Object,0.00,25,0,18,0,25,4,1,7,484,1
"org.apache.lucene.benchmark.quality.trec.TrecJudge$QRelJudgement",4,0.00,1.00,12,0.09,1269.02,6,2,8,8,0,133.50,0,17,0,1,133.50,0.00,0.00,0.50,0,0.00,1,278.01,0,0,0,java.lang.Object,0.00,4,0,4,0,4,4,0,0,78,2
"org.apache.lucene.benchmark.quality.trec.TrecTopicsReader",3,1.00,5.33,55,0.86,63008.04,4,1,6,22,3,52.19,37,71,2,1,89.75,0.00,0.00,0.33,1,4.00,8,2570.43,0,1,1,java.lang.Object,0.00,19,0,16,0,19,2,0,11,442,1
"org.apache.lucene.facet.search.cache.CategoryListCache",3,0.50,1.00,9,0.11,1759.64,4,1,6,7,11,82.93,30,15,6,1,131.40,0.00,0.00,0.67,1,1.00,1,325.85,0,1,5,java.lang.Object,0.00,4,0,3,0,4,2,0,5,82,1
"org.apache.lucene.facet.search.cache.CategoryListData",3,0.50,3.33,36,0.48,26242.16,4,1,7,16,10,89.07,47,38,4,1,99.43,0.00,0.00,0.67,0,1.00,8,1427.50,0,1,6,java.lang.Object,0.00,13,0,10,0,13,2,0,7,258,1
"org.apache.lucene.facet.search.cache.CategoryListData$RAMCategoryListIterator",4,0.58,1.50,20,0.23,6126.34,8,4,7,4,1,119.75,0,27,0,1,119.75,0.00,0.00,0.69,0,0.00,2,694.81,0,0,1,java.lang.Object,0.00,0,0,6,0,0,4,1,0,160,2
"org.apache.lucene.index.codecs.mockintblock.MockFixedIntBlockPostingsFormat",7,0.50,1.57,52,0.62,23599.47,8,1,27,22,28,111.59,6,94,2,2,111.59,0.00,0.50,0.57,0,3.00,3,1847.98,1,4,26,org.apache.lucene.index.codecs.PostingsFormat,0.13,15,1,11,0,15,3,0,2,374,1
"org.apache.lucene.index.codecs.mockintblock.MockFixedIntBlockPostingsFormat$MockIntFactory",3,1.00,1.33,15,0.15,3359.04,4,1,27,7,9,120.85,0,25,0,2,120.85,0.00,0.50,0.00,0,3.00,2,447.57,0,2,9,org.apache.lucene.index.codecs.sep.IntStreamFactory,0.00,4,1,4,0,4,1,0,0,100,2
"org.apache.lucene.index.codecs.mockintblock.MockFixedIntBlockPostingsFormat$MockIntFactory$FixedIntBlockIndexInput",1,0.00,1.00,3,0.04,456.56,1,0,27,2,1,132.26,0,5,0,1,132.26,0.00,0.00,0.00,0,1.00,1,109.36,0,1,1,java.lang.Object,0.00,1,0,1,0,1,0,0,0,29,0
"org.apache.lucene.index.codecs.mockintblock.MockFixedIntBlockPostingsFormat$MockIntFactory$FixedIntBlockIndexInput$BlockReader",2,0.00,1.50,8,0.06,1123.74,2,0,27,3,0,126.80,0,7,0,1,126.80,0.00,0.00,0.00,0,2.00,2,168.21,0,0,0,java.lang.Object,0.00,1,0,3,0,1,2,0,0,43,0
"org.apache.lucene.index.codecs.mockintblock.MockFixedIntBlockPostingsFormat$MockIntFactory$FixedIntBlockIndexOutput",1,0.00,2.00,8,0.07,2325.35,1,0,27,2,0,110.64,0,8,0,1,110.64,0.00,0.00,0.00,0,1.00,2,205.91,0,0,0,java.lang.Object,0.00,1,0,2,0,1,1,0,0,47,0
"org.apache.lucene.index.codecs.mockintblock.MockVariableIntBlockPostingsFormat",6,0.60,1.67,50,0.60,24164.76,7,1,30,21,29,158.81,6,91,1,2,108.81,0.00,0.50,0.50,0,6.00,3,1801.98,1,3,28,org.apache.lucene.index.codecs.PostingsFormat,0.14,15,1,10,0,15,3,0,1,363,1
"org.apache.lucene.index.codecs.mockintblock.MockVariableIntBlockPostingsFormat$MockIntFactory",3,1.00,1.33,18,0.20,4969.98,4,1,30,10,10,116.56,0,28,0,2,116.56,0.00,0.50,0.33,0,4.00,2,593.81,0,2,10,org.apache.lucene.index.codecs.sep.IntStreamFactory,0.00,7,1,4,0,7,1,0,0,127,2
"org.apache.lucene.index.codecs.mockintblock.MockVariableIntBlockPostingsFormat$MockIntFactory$VariableIntBlockIndexInput",1,0.00,1.00,3,0.03,410.58,1,0,30,2,1,132.62,0,5,0,1,132.62,0.00,0.00,0.00,0,1.00,1,89.27,0,0,1,java.lang.Object,0.00,1,0,1,0,1,1,0,0,24,0
"org.apache.lucene.index.codecs.mockintblock.MockVariableIntBlockPostingsFormat$MockIntFactory$VariableIntBlockIndexInput$BlockReader",2,0.00,2.00,12,0.15,10824.07,2,0,30,3,0,112.41,0,11,0,1,112.41,0.00,0.00,0.00,0,2.00,3,460.04,0,0,0,java.lang.Object,0.00,1,0,4,0,1,2,0,0,94,0
"org.apache.lucene.index.codecs.mockintblock.MockVariableIntBlockPostingsFormat$MockIntFactory$VariableIntBlockIndexOutput",1,0.00,4.00,18,0.20,15592.44,3,2,30,2,0,91.07,4,19,0,1,90.84,0.00,0.00,1.00,0,0.00,4,590.97,0,0,0,java.lang.Object,0.00,1,0,4,0,1,1,0,4,118,0
"org.apache.solr.search.grouping.distributed.shardresultserializer.SearchGroupsResultTransformer",4,1.00,4.25,56,1.08,69883.23,5,1,12,32,13,134.39,9,64,2,1,94.51,0.00,0.00,0.25,0,6.00,8,3244.33,0,3,11,java.lang.Object,0.00,28,0,17,0,28,1,1,3,579,1
"org.apache.solr.search.grouping.distributed.shardresultserializer.ShardResultTransformer",2,0.00,1.00,3,0.04,302.75,2,0,3,2,5,116.27,24,4,3,1,153.83,0.00,0.00,0.00,0,2.00,1,117.42,0,1,2,,0.00,0,0,2,0,0,1,0,3,34,1
"org.apache.solr.search.grouping.distributed.shardresultserializer.TopGroupsResultTransformer",6,0.40,7.00,170,3.68,349412.48,7,1,24,67,22,129.05,10,193,2,1,79.05,0.00,0.00,0.67,1,0.00,13,11031.58,0,5,20,java.lang.Object,0.00,61,0,42,0,61,1,1,3,1717,1
"org.apache.lucene.queryparser.flexible.core.messages.QueryParserMessages",1,19.00,1.00,23,0.23,6661.89,20,19,1,2,28,47.80,7,26,27,2,90.09,0.00,0.50,0.00,0,1.00,1,695.74,0,0,1,org.apache.lucene.messages.NLS,0.00,1,1,1,0,1,1,0,5,143,1
"org.apache.lucene.analysis.fr.Deprecated",3,0.00,2.33,18,0.22,5952.76,6,3,7,11,7,65.81,27,27,0,4,115.81,0.00,0.75,0.33,0,4.00,4,660.39,0,0,7,org.apache.lucene.analysis.TokenFilter,0.27,8,3,7,0,8,3,0,6,144,2
"org.apache.lucene.analysis.fr.ElisionFilter",3,0.12,3.00,32,0.46,25003.22,7,4,9,12,9,70.35,20,40,4,4,102.57,0.00,0.75,0.33,0,5.00,6,1379.83,0,0,5,org.apache.lucene.analysis.TokenFilter,0.27,9,3,9,0,9,3,0,6,261,2
"org.apache.lucene.analysis.fr.FrenchAnalyzer",5,0.33,2.40,31,1.12,32417.81,8,3,19,19,17,91.61,70,71,1,3,111.75,0.00,0.67,0.07,0,8.00,4,3367.42,0,2,16,org.apache.lucene.analysis.util.StopwordAnalyzerBase,0.00,14,2,12,0,14,3,0,10,523,2
"org.apache.lucene.analysis.fr.FrenchAnalyzer$DefaultSetHolder",0,0.00,0.00,7,0.12,2746.66,2,2,19,3,4,171.00,3,15,0,1,171.00,0.00,0.00,0.00,0,0.00,0,371.64,0,0,4,java.lang.Object,0.00,3,0,0,0,3,0,0,3,79,2
"org.apache.lucene.analysis.fr.FrenchLightStemFilter",2,0.33,2.00,14,0.16,3794.18,5,3,6,9,8,113.74,9,20,2,4,113.50,0.00,0.75,0.50,0,2.00,3,481.98,0,0,6,org.apache.lucene.analysis.TokenFilter,0.29,7,3,4,0,7,2,0,1,107,2
"org.apache.lucene.analysis.fr.FrenchLightStemmer",2,0.00,26.00,128,2.30,401621.10,2,0,1,3,1,61.35,8,168,1,1,61.12,0.00,0.00,0.00,1,2.00,34,6906.75,0,0,0,java.lang.Object,0.00,1,0,52,0,1,2,0,2,1138,1
"org.apache.lucene.analysis.fr.FrenchMinimalStemFilter",2,0.33,2.00,14,0.16,3794.18,5,3,6,9,8,113.74,9,20,2,4,113.50,0.00,0.75,0.50,0,2.00,3,481.98,0,0,6,org.apache.lucene.analysis.TokenFilter,0.29,7,3,4,0,7,2,0,1,107,2
"org.apache.lucene.analysis.fr.FrenchMinimalStemmer",1,0.00,9.00,12,0.21,12910.63,1,0,0,1,1,60.99,56,17,1,1,97.87,0.00,0.00,0.00,0,1.00,9,621.36,0,0,0,java.lang.Object,0.00,0,0,9,0,0,1,0,4,129,1
"org.apache.lucene.analysis.fr.TestElision",2,0.00,1.50,18,0.26,7176.44,2,0,11,13,6,157.32,3,22,0,3,107.32,0.00,0.67,0.00,1,2.00,2,784.94,0,1,6,org.apache.lucene.analysis.BaseTokenStreamTestCase,0.00,11,2,3,0,11,1,0,1,157,1
"org.apache.lucene.analysis.fr.TestFrenchAnalyzer",8,0.00,1.00,51,0.95,23139.63,8,0,4,11,3,96.84,40,163,0,3,114.72,0.00,0.67,0.00,0,8.00,1,2862.40,3,0,3,org.apache.lucene.analysis.BaseTokenStreamTestCase,0.00,3,2,8,0,3,8,0,25,542,1
"org.apache.lucene.analysis.fr.TestFrenchLightStemFilter",3,0.00,1.00,78,1.01,21255.47,3,0,7,5,4,108.51,10,83,0,3,87.90,0.00,0.67,0.00,0,3.00,1,3026.96,2,0,4,org.apache.lucene.analysis.BaseTokenStreamTestCase,0.00,2,2,3,0,2,3,0,8,473,1
"org.apache.lucene.analysis.fr.TestFrenchLightStemFilter$Analyzer",1,0.00,1.00,4,0.05,1009.20,1,0,7,4,3,124.89,0,7,0,1,124.89,0.00,0.00,0.00,0,1.00,1,159.62,0,1,3,java.lang.Object,0.00,3,0,1,0,3,0,0,0,38,0
"org.apache.lucene.analysis.fr.TestFrenchMinimalStemFilter",3,0.00,1.00,16,0.14,1964.26,3,0,7,5,4,162.64,6,21,0,3,122.75,0.00,0.67,0.00,0,3.00,1,413.40,2,0,4,org.apache.lucene.analysis.BaseTokenStreamTestCase,0.00,2,2,3,0,2,3,0,4,101,1
"org.apache.lucene.analysis.fr.TestFrenchMinimalStemFilter$Analyzer",1,0.00,1.00,4,0.05,1009.20,1,0,7,4,3,124.89,0,7,0,1,124.89,0.00,0.00,0.00,0,1.00,1,159.62,0,1,3,java.lang.Object,0.00,3,0,1,0,3,0,0,0,38,0
"org.apache.lucene.analysis.core.Ignore",1,0.00,1.00,980,32.56,1609032.85,1,0,3,1,2,-23.23,997,1960,0,3,10.55,0.00,0.67,0.00,0,1.00,1,97687.95,1,0,2,org.apache.lucene.analysis.BaseTokenStreamTestCase,0.00,0,2,1,0,0,1,0,979,9756,1
"org.apache.lucene.analysis.core.KeywordAnalyzer",2,0.00,1.00,4,0.04,567.13,2,0,2,4,4,180.34,4,8,2,2,140.46,0.00,0.50,0.00,0,2.00,1,119.65,0,1,2,org.apache.lucene.analysis.Analyzer,0.00,2,1,2,0,2,1,0,1,34,2
"org.apache.lucene.analysis.core.KeywordTokenizer",7,0.10,1.57,38,0.43,16141.03,12,5,6,13,19,118.34,5,52,15,4,118.34,0.00,0.75,0.29,0,9.00,5,1285.71,2,0,4,org.apache.lucene.analysis.Tokenizer,0.33,6,3,11,0,6,7,0,3,277,2
"org.apache.lucene.analysis.core.LetterTokenizer",4,0.00,1.00,9,0.08,752.92,4,0,5,5,5,104.30,50,15,2,5,141.86,0.25,0.67,0.00,0,4.00,1,238.14,0,0,3,org.apache.lucene.analysis.util.CharTokenizer,0.17,1,4,4,1,1,4,0,5,68,1
"org.apache.lucene.analysis.core.LowerCaseFilter",2,0.50,2.00,17,0.19,6215.68,4,2,6,9,52,67.36,15,22,48,4,109.65,0.00,0.75,0.75,0,0.00,3,565.02,0,0,4,org.apache.lucene.analysis.TokenFilter,0.29,7,3,4,0,7,2,0,2,120,2
"org.apache.lucene.analysis.core.LowerCaseTokenizer",4,0.00,1.00,9,0.08,810.03,4,0,5,5,11,112.23,53,15,7,6,141.61,0.00,0.83,0.00,0,4.00,1,240.46,0,0,4,org.apache.lucene.analysis.core.LetterTokenizer,0.18,1,5,4,0,1,4,0,5,69,2
"org.apache.lucene.analysis.core.SimpleAnalyzer",2,1.00,1.00,6,0.06,859.98,3,1,4,4,7,84.36,16,11,4,2,132.46,0.00,0.50,0.50,0,2.00,1,182.93,0,1,3,org.apache.lucene.analysis.Analyzer,0.00,2,1,2,0,2,1,0,2,49,2
"org.apache.lucene.analysis.core.StopAnalyzer",5,1.00,1.20,17,0.28,4279.13,6,1,11,8,15,87.78,37,34,9,3,130.07,0.00,0.67,0.20,0,11.00,2,836.77,0,1,6,org.apache.lucene.analysis.util.StopwordAnalyzerBase,0.00,3,2,6,0,3,4,0,7,182,2
"org.apache.lucene.analysis.core.StopFilter",7,0.42,1.71,22,0.34,7935.66,9,2,9,14,47,91.46,87,32,43,5,129.02,0.00,0.80,0.14,1,12.00,3,1034.30,0,4,4,org.apache.lucene.analysis.util.FilteringTokenFilter,0.21,7,4,12,0,7,3,0,8,235,2
"org.apache.lucene.analysis.core.TestAnalyzers",13,0.00,1.15,96,1.31,31692.83,13,0,9,34,11,162.77,22,143,0,3,112.77,0.00,0.67,0.00,1,13.00,3,3942.28,3,0,11,org.apache.lucene.analysis.BaseTokenStreamTestCase,0.00,21,2,15,0,21,13,0,16,823,1
"org.apache.lucene.analysis.core.TestAnalyzers$LowerCaseWhitespaceAnalyzer",1,0.00,1.00,4,0.05,878.94,1,0,9,4,3,125.36,0,7,0,2,125.36,0.00,0.50,0.00,0,1.00,1,157.95,0,1,3,org.apache.lucene.index.Analyzer,0.00,3,1,1,0,3,0,0,0,39,2
"org.apache.lucene.analysis.core.TestAnalyzers$PayloadSetter",2,0.67,1.50,13,0.13,2688.71,5,3,9,5,2,117.24,1,17,0,2,117.24,0.00,0.50,0.67,0,0.00,2,387.78,0,0,2,org.apache.lucene.index.TokenFilter,0.00,3,1,3,0,3,2,0,1,89,1
"org.apache.lucene.analysis.core.TestClassicAnalyzer",28,0.26,1.07,147,2.11,61058.32,29,1,17,55,14,158.51,56,192,0,3,118.62,0.00,0.67,0.75,0,0.00,2,6323.99,2,0,14,org.apache.lucene.analysis.BaseTokenStreamTestCase,0.00,27,2,30,0,27,28,0,40,1311,1
"org.apache.lucene.analysis.core.TestKeywordAnalyzer",5,0.08,1.00,44,0.63,14855.70,8,3,17,33,18,130.58,16,59,0,3,109.96,0.00,0.67,0.40,0,7.00,1,1903.45,3,0,18,org.apache.lucene.analysis.BaseTokenStreamTestCase,0.00,28,2,5,0,28,5,0,3,378,1
"org.apache.lucene.analysis.core.TestStandardAnalyzer",30,0.00,1.00,100,1.71,29737.42,30,0,10,42,5,179.61,43,157,0,3,129.61,0.00,0.67,0.00,0,30.00,1,5140.17,2,0,5,org.apache.lucene.analysis.BaseTokenStreamTestCase,0.00,12,2,30,0,12,30,0,22,1110,1
"org.apache.lucene.analysis.core.TestStandardAnalyzer$Analyzer",1,0.00,1.00,4,0.04,637.60,1,0,10,3,2,126.46,0,7,0,1,126.46,0.00,0.00,0.00,0,1.00,1,122.69,0,1,2,java.lang.Object,0.00,2,0,1,0,2,0,0,0,31,0
"org.apache.lucene.analysis.core.TestStopAnalyzer",4,0.17,2.25,47,0.70,21209.79,6,2,10,23,5,102.64,0,57,0,3,102.64,0.00,0.67,0.38,0,4.00,3,2110.78,1,0,5,org.apache.lucene.analysis.BaseTokenStreamTestCase,0.00,19,2,9,0,19,4,0,0,396,1
"org.apache.lucene.analysis.core.TestStopFilter",6,0.00,3.00,91,1.49,108493.27,6,0,11,33,7,143.35,10,82,0,3,93.35,0.00,0.67,0.00,2,6.00,8,4483.30,1,0,7,org.apache.lucene.analysis.BaseTokenStreamTestCase,0.00,27,2,18,0,27,6,0,8,773,1
"org.apache.lucene.analysis.core.TestUAX29URLEmailTokenizer",33,0.00,1.45,192,3.08,111954.90,33,0,17,58,8,167.04,45,295,0,3,117.04,0.00,0.67,0.00,0,33.00,6,9246.94,2,0,8,org.apache.lucene.analysis.BaseTokenStreamTestCase,0.00,25,2,48,0,25,33,0,24,1805,1
"org.apache.lucene.analysis.core.TestUAX29URLEmailTokenizer$Analyzer",1,0.00,1.00,4,0.04,637.60,1,0,17,3,2,126.46,0,7,0,1,126.46,0.00,0.00,0.00,0,1.00,1,122.69,0,1,2,java.lang.Object,0.00,2,0,1,0,2,0,0,0,31,0
"org.apache.lucene.analysis.core.TestUAX29URLEmailTokenizer$Analyzer_0",1,0.00,1.00,6,0.07,1391.23,1,0,17,5,2,167.22,1,8,0,1,117.22,0.00,0.00,0.00,0,1.00,1,212.33,0,1,2,java.lang.Object,0.00,4,0,1,0,4,0,0,1,48,0
"org.apache.lucene.analysis.core.TestUAX29URLEmailTokenizer$Analyzer_1",1,0.00,1.00,5,0.06,985.07,1,0,17,4,2,121.35,0,7,0,1,121.35,0.00,0.00,0.00,0,1.00,1,166.12,0,1,2,java.lang.Object,0.00,3,0,1,0,3,0,0,0,40,0
"org.apache.lucene.analysis.core.TestUAX29URLEmailTokenizer$Analyzer_2",1,0.00,1.00,4,0.05,776.26,1,0,17,3,2,125.78,0,7,0,1,125.78,0.00,0.00,0.00,0,1.00,1,135.38,0,1,2,java.lang.Object,0.00,2,0,1,0,2,0,0,0,33,0
"org.apache.lucene.analysis.core.TestUAX29URLEmailTokenizer$EmailFilter",2,1.00,2.00,11,0.12,3072.71,3,1,17,3,4,119.67,0,17,0,4,119.67,0.00,0.75,0.50,0,2.00,3,348.78,0,0,4,org.apache.lucene.analysis.TokenFilter,0.29,1,3,4,0,1,2,0,0,79,1
"org.apache.lucene.analysis.core.TestUAX29URLEmailTokenizer$URLFilter",2,1.00,2.00,11,0.12,3072.71,3,1,17,3,4,119.67,0,17,0,4,119.67,0.00,0.75,0.50,0,2.00,3,348.78,0,0,4,org.apache.lucene.analysis.TokenFilter,0.29,1,3,4,0,1,2,0,0,79,1
"org.apache.lucene.analysis.core.WhitespaceAnalyzer",2,1.00,1.00,6,0.06,859.98,3,1,4,4,14,84.36,16,11,11,2,132.46,0.00,0.50,0.50,0,2.00,1,182.93,0,1,3,org.apache.lucene.analysis.Analyzer,0.00,2,1,2,0,2,1,0,2,49,2
"org.apache.lucene.analysis.core.WhitespaceTokenizer",4,0.00,1.00,9,0.08,841.43,4,0,5,5,31,97.35,44,15,28,5,141.48,0.00,0.80,0.00,0,4.00,1,247.88,0,0,3,org.apache.lucene.analysis.util.CharTokenizer,0.17,1,4,4,0,1,4,0,5,70,2
"org.apache.lucene.demo.xmlparser.FormBasedXmlQueryDemo",3,0.62,3.67,61,1.06,44029.93,7,4,31,43,17,89.59,12,76,0,2,89.36,0.00,0.50,0.67,1,0.00,6,3189.53,1,0,17,javax.servlet.http.HttpServlet,0.00,40,1,11,0,40,3,0,12,536,1
"org.apache.lucene.facet.search.results.FacetResult",6,3.00,1.33,27,0.29,10374.20,9,3,1,10,40,80.69,47,39,38,1,122.98,0.00,0.00,0.00,1,6.00,3,874.17,0,3,2,java.lang.Object,0.00,4,0,8,1,4,3,0,9,206,1
"org.apache.lucene.facet.search.results.FacetResultNode",9,0.00,1.00,10,0.06,338.07,9,0,6,9,36,110.49,78,11,32,1,158.60,0.00,0.00,0.00,0,9.00,1,165.54,0,3,5,,0.00,0,0,9,0,0,6,0,11,62,1
"org.apache.lucene.facet.search.results.IntermediateFacetResult",1,0.00,1.00,2,0.01,23.00,1,0,2,1,9,186.08,30,3,8,1,149.05,0.00,0.00,0.00,0,1.00,1,18.00,0,1,2,,0.00,0,0,1,0,0,0,0,3,9,1
"org.apache.lucene.facet.search.results.MutableFacetResultNode",25,0.04,1.68,107,1.19,44569.95,31,6,5,45,8,90.60,151,146,5,1,122.82,0.00,0.00,0.13,5,184.00,4,3563.04,0,6,3,java.lang.Object,0.00,20,0,42,0,20,19,1,25,799,1
"org.apache.lucene.analysis.icu.GenerateJFlexSupplementaryMacros",3,0.12,2.67,53,0.88,30932.28,7,4,8,21,1,143.27,4,74,1,1,93.27,0.00,0.00,0.33,2,5.00,6,2632.09,0,0,0,java.lang.Object,0.00,18,0,8,0,18,3,0,4,481,1
"org.apache.lucene.analysis.icu.ICUFoldingFilter",1,0.00,1.00,4,0.06,1088.65,2,1,2,3,4,90.92,42,8,2,5,124.63,0.00,0.80,1.00,0,0.00,1,175.42,0,0,2,org.apache.lucene.analysis.icu.ICUNormalizer2Filter,0.00,2,4,1,0,2,1,0,2,43,2
"org.apache.lucene.analysis.icu.ICUNormalizer2Filter",3,0.00,1.67,18,0.20,3972.84,6,3,6,11,9,73.14,35,25,6,4,117.27,0.33,0.60,0.33,0,4.00,3,590.01,0,0,3,org.apache.lucene.analysis.TokenFilter,0.27,8,3,5,1,8,3,0,3,133,1
"org.apache.lucene.analysis.icu.ICUTransformFilter",2,0.50,2.50,24,0.31,9169.08,6,4,8,12,6,148.97,47,31,3,4,101.70,0.00,0.75,0.50,0,2.00,3,937.17,0,0,3,org.apache.lucene.analysis.TokenFilter,0.29,10,3,5,0,10,2,0,9,192,2
"org.apache.lucene.analysis.icu.ICUTransformFilter$ReplaceableTermAttribute",10,0.15,1.20,37,0.46,13376.22,13,3,8,18,1,128.54,7,51,0,1,128.54,0.00,0.00,0.47,3,0.00,3,1371.29,0,0,1,java.lang.Object,0.00,8,0,12,0,8,10,1,7,322,1
"org.apache.lucene.analysis.icu.RBBIRuleCompiler",3,0.00,3.00,37,0.56,23611.59,3,0,9,27,0,100.05,13,46,0,1,99.81,0.00,0.00,0.00,2,3.00,4,1693.62,0,1,0,java.lang.Object,0.00,24,0,9,0,24,2,0,3,311,1
"org.apache.lucene.analysis.icu.RBBIRuleCompiler$FilenameFilter",1,0.00,1.00,3,0.02,217.60,1,0,9,2,0,134.79,0,3,0,1,134.79,0.00,0.00,0.00,0,1.00,1,68.92,0,0,0,java.lang.Object,0.00,1,0,1,0,1,1,0,0,20,0
"org.apache.lucene.analysis.icu.TestICUFoldingFilter",2,0.00,1.00,19,0.29,6309.18,2,0,4,3,2,59.75,17,23,0,3,107.85,0.00,0.67,0.00,0,2.00,1,870.18,2,0,2,org.apache.lucene.analysis.BaseTokenStreamTestCase,0.00,1,2,2,0,1,2,0,15,173,1
"org.apache.lucene.analysis.icu.TestICUFoldingFilter$Analyzer",1,0.00,1.00,4,0.05,771.22,1,0,4,4,3,125.81,0,6,0,1,125.81,0.00,0.00,0.00,0,1.00,1,141.98,0,1,3,java.lang.Object,0.00,3,0,1,0,3,0,0,0,35,0
"org.apache.lucene.analysis.icu.TestICUNormalizer2Filter",3,0.00,1.00,16,0.20,3374.61,3,0,5,5,2,141.52,11,21,0,3,120.90,0.00,0.67,0.00,0,3.00,1,588.94,2,0,2,org.apache.lucene.analysis.BaseTokenStreamTestCase,0.00,2,2,3,0,2,3,0,9,132,1
"org.apache.lucene.analysis.icu.TestICUNormalizer2Filter$Analyzer",1,0.00,1.00,4,0.05,771.22,1,0,5,4,3,125.81,0,6,0,1,125.81,0.00,0.00,0.00,0,1.00,1,141.98,0,1,3,java.lang.Object,0.00,3,0,1,0,3,0,0,0,35,0
"org.apache.lucene.analysis.icu.TestICUNormalizer2Filter$Analyzer_0",1,0.00,1.00,4,0.07,1210.23,1,0,5,5,3,174.26,1,8,0,1,124.26,0.00,0.00,0.00,0,1.00,1,207.71,0,1,3,java.lang.Object,0.00,4,0,1,0,4,0,0,1,46,0
"org.apache.lucene.analysis.icu.TestICUTransformFilter",8,0.00,1.00,35,0.51,8092.56,8,0,11,18,7,174.88,8,51,0,3,124.88,0.00,0.67,0.00,1,8.00,1,1519.76,2,0,7,org.apache.lucene.analysis.BaseTokenStreamTestCase,0.00,10,2,8,0,10,8,0,6,329,1
"org.apache.lucene.analysis.icu.TestICUTransformFilter$Analyzer",1,0.00,1.00,4,0.05,790.45,1,0,11,4,3,125.72,0,6,0,1,125.72,0.00,0.00,0.00,0,1.00,1,148.55,0,1,3,java.lang.Object,0.00,3,0,1,0,3,0,0,0,36,0
"org.apache.solr.search.grouping.distributed.command.QueryCommand",6,0.12,1.33,32,0.34,7627.69,14,8,11,14,14,120.42,3,40,1,1,120.42,0.00,0.00,0.23,0,14.00,2,1020.69,0,5,13,java.lang.Object,0.00,8,0,8,0,8,1,1,1,226,1
"org.apache.solr.search.grouping.distributed.command.QueryCommand$Builder",8,0.02,1.12,32,0.28,4795.21,14,6,11,13,7,166.53,16,42,0,1,126.64,0.00,0.00,0.15,2,16.00,2,840.24,0,8,7,java.lang.Object,0.00,5,0,9,0,5,0,0,2,209,2
"org.apache.solr.search.grouping.distributed.command.QueryCommandResult",3,0.25,1.00,10,0.06,680.40,5,2,1,3,5,184.65,3,14,4,1,134.65,0.00,0.00,0.33,0,5.00,1,175.05,0,1,1,java.lang.Object,0.00,0,0,3,0,0,2,0,1,52,1
"org.apache.solr.search.grouping.distributed.command.SearchGroupsFieldCommand",6,0.05,1.00,21,0.20,3058.84,10,4,11,10,9,131.88,3,28,2,1,131.88,0.00,0.00,0.29,0,10.00,1,604.53,0,5,7,java.lang.Object,0.00,4,0,6,0,4,1,1,1,148,1
"org.apache.solr.search.grouping.distributed.command.SearchGroupsFieldCommand$Builder",4,0.11,1.25,17,0.13,2389.73,7,3,11,6,3,126.63,0,23,0,1,126.63,0.00,0.00,0.25,0,6.00,2,383.69,0,3,3,java.lang.Object,0.00,2,0,5,0,2,1,0,0,101,2
"org.apache.solr.search.grouping.distributed.command.TopGroupsFieldCommand",6,0.18,1.33,41,0.47,12164.65,16,10,13,14,11,115.87,3,59,2,1,115.87,0.00,0.00,0.25,0,10.00,2,1397.04,0,5,9,java.lang.Object,0.00,8,0,8,0,8,1,1,1,298,1
"org.apache.solr.search.grouping.distributed.command.TopGroupsFieldCommand$Builder",9,0.02,1.11,37,0.32,6215.21,17,8,13,11,4,126.16,0,49,0,1,126.16,0.00,0.00,0.11,0,16.00,2,965.52,0,8,4,java.lang.Object,0.00,2,0,10,0,2,1,0,0,237,2
"org.apache.lucene.analysis.ru.Deprecated",2,0.00,1.00,9,0.12,2023.94,2,0,4,4,1,164.76,4,15,0,3,124.88,0.00,0.67,0.00,0,2.00,1,366.29,1,0,1,org.apache.lucene.analysis.BaseTokenStreamTestCase,0.00,2,2,2,0,2,2,0,1,83,1
"org.apache.lucene.analysis.ru.RussianAnalyzer",5,0.33,2.40,30,0.77,25247.08,8,3,18,18,15,64.13,53,57,1,3,112.61,0.00,0.67,0.07,0,8.00,4,2299.58,0,2,14,org.apache.lucene.analysis.util.StopwordAnalyzerBase,0.00,13,2,12,0,13,3,0,7,406,2
"org.apache.lucene.analysis.ru.RussianAnalyzer$DefaultSetHolder",0,0.00,0.00,7,0.13,2841.53,2,2,18,3,4,171.00,3,15,0,1,171.00,0.00,0.00,0.00,0,0.00,0,376.28,0,0,4,java.lang.Object,0.00,3,0,0,0,3,0,0,3,80,2
"org.apache.lucene.analysis.ru.RussianLightStemFilter",2,0.33,2.00,14,0.16,3794.18,5,3,6,9,8,113.74,9,20,2,4,113.50,0.00,0.75,0.50,0,2.00,3,481.98,0,0,6,org.apache.lucene.analysis.TokenFilter,0.29,7,3,4,0,7,2,0,1,107,2
"org.apache.lucene.analysis.ru.RussianLightStemmer",3,0.00,3.67,16,0.90,58382.96,3,0,1,4,1,150.74,7,83,1,1,110.85,0.00,0.00,0.00,1,3.00,6,2714.52,0,0,0,java.lang.Object,0.00,1,0,11,0,1,3,0,1,454,1
"org.apache.lucene.analysis.ru.TestRussianAnalyzer",5,0.00,1.00,19,0.30,4740.66,5,0,5,9,4,179.76,6,32,0,3,129.76,0.00,0.67,0.00,0,5.00,1,894.51,3,0,4,org.apache.lucene.analysis.BaseTokenStreamTestCase,0.00,4,2,5,0,4,5,0,4,191,1
"org.apache.lucene.analysis.ru.TestRussianLightStemFilter",2,0.00,1.00,7,0.06,643.14,2,0,7,4,4,173.34,5,11,0,3,133.46,0.00,0.67,0.00,0,2.00,1,171.82,1,0,4,org.apache.lucene.analysis.BaseTokenStreamTestCase,0.00,2,2,2,0,2,2,0,3,46,1
"org.apache.lucene.analysis.ru.TestRussianLightStemFilter$Analyzer",1,0.00,1.00,4,0.05,1009.20,1,0,7,4,3,124.89,0,7,0,1,124.89,0.00,0.00,0.00,0,1.00,1,159.62,0,1,3,java.lang.Object,0.00,3,0,1,0,3,0,0,0,38,0
"org.apache.solr.client.solrj.impl.BinaryRequestWriter",5,0.00,1.80,27,0.33,11727.34,5,0,9,17,7,158.14,10,44,2,2,118.25,0.00,0.50,0.00,0,5.00,3,987.11,2,4,5,org.apache.solr.client.solrj.request.RequestWriter,0.17,12,1,9,0,12,1,0,2,213,1
"org.apache.solr.client.solrj.impl.BinaryRequestWriter$BAOS",1,0.00,1.00,3,0.02,120.56,1,0,9,1,0,136.81,0,6,0,2,136.81,0.00,0.50,0.00,0,1.00,1,47.15,0,0,0,java.io.ByteArrayOutputStream,0.00,0,1,1,0,0,1,0,0,16,0
"org.apache.solr.client.solrj.impl.BinaryRequestWriter$ContentStream",6,0.00,1.00,13,0.09,945.01,6,0,9,11,0,142.47,1,20,0,1,142.47,0.00,0.00,0.00,0,6.00,1,259.04,0,6,0,java.lang.Object,0.00,5,0,6,0,5,0,0,1,76,0
"org.apache.solr.client.solrj.impl.BinaryResponseParser",4,0.00,1.25,11,0.13,2782.32,4,0,7,8,10,187.34,4,22,6,2,137.34,1.00,0.33,0.00,0,4.00,2,399.44,0,4,4,org.apache.solr.client.solrj.ResponseParser,0.50,4,1,5,1,4,0,0,1,95,1
"org.apache.solr.client.solrj.impl.CloudSolrServer",8,0.02,2.50,60,0.85,33821.05,15,7,21,33,12,131.33,26,80,1,2,110.71,0.00,0.50,0.16,1,14.00,7,2551.93,0,1,11,org.apache.solr.client.solrj.SolrServer,0.00,25,1,20,0,25,7,0,15,485,1
"org.apache.solr.client.solrj.impl.CommonsHttpSolrServer",31,0.02,2.42,221,3.48,302306.00,43,12,34,121,38,75.64,191,319,21,2,107.86,1.00,0.33,0.07,6,317.00,38,10448.34,0,9,17,org.apache.solr.client.solrj.SolrServer,0.00,90,1,75,1,90,22,0,61,1693,1
"org.apache.solr.client.solrj.impl.CommonsHttpSolrServer$Iterator<SolrInputDocument>",3,0.00,1.33,9,0.07,1088.73,3,0,34,8,1,132.98,0,12,0,1,132.98,0.00,0.00,0.00,0,3.00,2,203.06,0,1,1,java.lang.Object,0.00,5,0,4,0,5,2,0,0,57,0
"org.apache.solr.client.solrj.impl.CommonsHttpSolrServer$PartSource",3,0.00,1.00,7,0.05,616.70,3,0,34,6,0,141.56,0,12,0,1,141.56,0.00,0.00,0.00,0,3.00,1,155.65,0,2,0,java.lang.Object,0.00,3,0,3,0,3,1,0,0,45,0
"org.apache.solr.client.solrj.impl.CommonsHttpSolrServer$RequestEntity",4,0.00,1.00,9,0.07,700.55,4,0,34,6,1,142.10,0,13,0,1,142.10,0.00,0.00,0.00,0,4.00,1,195.43,0,1,1,java.lang.Object,0.00,2,0,4,0,2,3,0,0,56,0
"org.apache.solr.client.solrj.impl.LBHttpSolrServer",22,0.00,2.86,188,2.48,169733.96,33,11,15,75,15,88.59,115,264,6,2,106.46,0.00,0.50,0.09,7,214.00,14,7454.70,1,8,9,org.apache.solr.client.solrj.SolrServer,0.00,53,1,63,0,53,14,0,43,1411,1
"org.apache.solr.client.solrj.impl.LBHttpSolrServer$Req",5,0.17,1.00,16,0.12,1740.20,8,3,15,6,1,133.19,3,22,0,1,133.19,0.00,0.00,0.20,0,14.00,1,353.83,0,2,1,java.lang.Object,0.00,1,0,5,0,1,3,0,2,95,2
"org.apache.solr.client.solrj.impl.LBHttpSolrServer$Rsp",2,0.00,1.00,7,0.04,467.32,4,2,15,2,1,184.55,2,10,0,1,134.55,0.00,0.00,0.50,0,2.00,1,130.59,0,2,1,java.lang.Object,0.00,0,0,2,0,0,0,0,2,37,2
"org.apache.solr.client.solrj.impl.LBHttpSolrServer$Runnable",1,0.00,3.00,7,0.07,1705.89,1,0,15,3,1,113.77,0,9,0,1,113.77,0.00,0.00,0.00,0,1.00,3,202.51,0,0,1,java.lang.Object,0.00,2,0,3,0,2,1,0,0,47,0
"org.apache.solr.client.solrj.impl.LBHttpSolrServer$ServerWrapper",5,0.15,1.40,18,0.17,3194.93,10,5,15,9,1,181.03,5,27,0,1,131.03,0.00,0.00,0.08,1,7.00,3,508.24,0,2,1,java.lang.Object,0.00,4,0,7,0,4,3,0,5,128,2
"org.apache.solr.client.solrj.impl.StreamingBinaryResponseParser",2,1.00,1.50,9,0.11,2707.03,3,1,10,5,9,144.40,7,17,1,3,123.79,0.00,0.67,0.00,0,2.00,2,325.76,0,1,8,org.apache.solr.client.solrj.impl.BinaryResponseParser,0.00,3,2,3,0,3,1,0,1,73,1
"org.apache.solr.client.solrj.impl.StreamingBinaryResponseParser$JavaBinCodec",2,0.00,2.00,22,0.31,13189.69,2,0,10,14,3,151.92,2,28,0,1,101.92,0.00,0.00,0.00,0,0.00,3,920.45,1,2,3,java.lang.Object,0.00,12,0,4,0,12,0,0,2,172,0
"org.apache.solr.client.solrj.impl.StreamingUpdateSolrServer",5,0.21,3.40,69,0.87,52322.36,12,7,22,33,9,49.41,44,92,1,3,97.51,0.00,0.67,0.31,1,1.00,11,2623.01,1,1,8,org.apache.solr.client.solrj.impl.CommonsHttpSolrServer,0.00,28,2,17,0,28,4,0,22,468,1
"org.apache.solr.client.solrj.impl.StreamingUpdateSolrServer$Runner",1,0.00,6.00,34,0.48,23694.40,2,1,22,21,0,36.72,7,50,0,1,79.01,0.00,0.00,1.00,0,0.00,6,1440.83,0,0,0,java.lang.Object,0.00,20,0,6,0,20,1,1,7,237,0
"org.apache.solr.client.solrj.impl.StreamingUpdateSolrServer$Runner$RequestEntity",4,0.00,2.50,30,0.38,15257.99,4,0,22,13,4,111.06,3,37,0,1,111.06,0.00,0.00,0.00,0,6.00,7,1129.09,0,1,4,java.lang.Object,0.00,9,0,10,0,9,3,0,3,207,0
"org.apache.solr.client.solrj.impl.XMLResponseParser",5,0.25,3.00,48,0.62,29561.45,8,3,20,14,12,126.07,19,82,4,2,105.45,0.00,0.50,0.13,1,7.00,9,1860.24,0,4,8,org.apache.solr.client.solrj.ResponseParser,0.22,9,1,15,0,9,1,0,13,359,1
"org.apache.solr.client.solrj.impl.XMLResponseParser$KnownType",15,1.00,4.13,207,3.19,703742.07,16,1,20,60,5,142.34,27,240,0,1,92.34,0.00,0.00,0.00,0,15.00,47,9555.28,0,14,5,java.lang.Object,0.00,45,0,62,0,45,1,0,19,1487,1
"org.apache.lucene.analysis.fi.FinnishAnalyzer",5,0.50,1.80,21,0.29,7141.30,7,2,18,16,15,75.46,42,31,1,3,123.56,0.00,0.67,0.10,0,8.00,3,866.52,0,2,14,org.apache.lucene.analysis.util.StopwordAnalyzerBase,0.00,11,2,9,0,11,3,0,8,192,2
"org.apache.lucene.analysis.fi.FinnishAnalyzer$DefaultSetHolder",0,0.00,0.00,6,0.07,1211.01,1,1,18,0,3,171.00,2,11,0,1,171.00,0.00,0.00,0.00,0,0.00,0,217.37,0,0,3,java.lang.Object,0.00,0,0,0,0,0,0,0,2,50,2
"org.apache.lucene.analysis.fi.FinnishLightStemFilter",2,0.33,2.00,14,0.16,3794.18,5,3,6,9,8,113.74,9,20,2,4,113.50,0.00,0.75,0.50,0,2.00,3,481.98,0,0,6,org.apache.lucene.analysis.TokenFilter,0.29,7,3,4,0,7,2,0,1,107,2
"org.apache.lucene.analysis.fi.FinnishLightStemmer",7,0.00,7.57,87,1.54,105769.25,7,0,1,8,1,147.37,8,162,1,1,97.37,0.00,0.00,0.00,0,7.00,20,4626.21,0,0,0,java.lang.Object,0.00,1,0,53,0,1,7,0,2,880,1
"org.apache.lucene.analysis.fi.TestFinnishAnalyzer",4,0.00,1.00,16,0.17,3088.17,4,0,5,8,3,175.80,7,22,0,3,125.80,0.00,0.67,0.00,0,4.00,1,522.25,3,0,3,org.apache.lucene.analysis.BaseTokenStreamTestCase,0.00,4,2,4,0,4,4,0,6,121,1
"org.apache.lucene.analysis.fi.TestFinnishLightStemFilter",2,0.00,1.00,7,0.06,643.14,2,0,7,4,4,173.34,5,11,0,3,133.46,0.00,0.67,0.00,0,2.00,1,171.82,1,0,4,org.apache.lucene.analysis.BaseTokenStreamTestCase,0.00,2,2,2,0,2,2,0,3,46,1
"org.apache.lucene.analysis.fi.TestFinnishLightStemFilter$Analyzer",1,0.00,1.00,4,0.05,1009.20,1,0,7,4,3,124.89,0,7,0,1,124.89,0.00,0.00,0.00,0,1.00,1,159.62,0,1,3,java.lang.Object,0.00,3,0,1,0,3,0,0,0,38,0
"org.apache.lucene.benchmark.BenchmarkTestCase",7,0.42,1.57,42,0.48,14526.00,9,2,8,25,11,165.75,7,52,10,2,115.75,10.00,0.08,0.14,3,12.00,3,1442.44,0,5,1,org.apache.lucene.util.LuceneTestCase,0.00,18,1,11,10,18,2,0,7,316,2
"org.apache.lucene.benchmark.Constants",0,0.00,0.00,6,0.09,2063.23,5,5,0,0,0,171.00,19,8,0,1,171.00,0.00,0.00,0.00,0,0.00,0,275.10,0,0,0,java.lang.Object,0.00,0,0,0,0,0,0,0,2,60,1
"org.apache.solr.client.solrj.response.AnalysisResponseBase",2,0.00,2.50,24,0.40,15593.81,2,0,4,11,6,126.12,64,27,4,3,99.89,1.00,0.40,0.00,1,2.00,3,1185.45,0,1,2,org.apache.solr.client.solrj.response.SolrResponseBase,0.00,9,2,5,2,9,1,0,6,234,1
"org.apache.solr.client.solrj.response.AnalysisResponseBase$AnalysisPhase",4,0.17,1.00,11,0.08,1212.46,6,2,4,6,0,180.11,10,16,0,1,140.23,0.00,0.00,0.38,0,6.00,1,252.34,0,2,0,java.lang.Object,0.00,2,0,4,0,2,2,0,2,69,2
"org.apache.solr.client.solrj.response.AnalysisResponseBase$TokenInfo",8,0.02,1.00,30,0.20,3164.09,15,7,4,8,0,100.53,51,39,0,1,132.75,0.00,0.00,0.12,0,50.00,1,605.15,0,3,0,java.lang.Object,0.00,0,0,8,0,0,5,0,8,162,2
"org.apache.solr.client.solrj.response.CoreAdminResponse",4,0.00,1.50,15,0.17,3749.11,4,0,2,6,5,179.71,5,28,3,3,129.71,0.00,0.67,0.00,1,4.00,2,522.91,1,4,2,org.apache.solr.client.solrj.response.SolrResponseBase,0.00,2,2,6,0,2,0,0,1,125,1
"org.apache.solr.client.solrj.response.DocumentAnalysisResponse",4,0.00,2.00,33,0.72,43088.71,5,1,5,23,4,55.40,37,46,2,4,105.40,0.00,0.75,1.00,0,0.00,5,2172.86,2,1,2,org.apache.solr.client.solrj.response.AnalysisResponseBase,0.00,19,3,8,0,19,3,1,8,403,1
"org.apache.solr.client.solrj.response.DocumentAnalysisResponse$DocumentAnalysis",6,0.10,1.00,15,0.16,3192.78,8,2,5,13,0,178.19,15,22,0,1,138.30,0.00,0.00,0.42,0,2.00,1,479.96,0,2,0,java.lang.Object,0.00,7,0,6,0,7,4,1,3,124,2
"org.apache.solr.client.solrj.response.DocumentAnalysisResponse$FieldAnalysis",10,0.07,1.10,24,0.26,4328.00,13,3,5,16,0,139.22,43,35,0,1,138.99,0.00,0.00,0.27,0,30.00,2,767.08,0,1,0,java.lang.Object,0.00,6,0,11,0,6,9,0,7,197,2
"org.apache.solr.client.solrj.response.DocumentAnalysisResponseTest",2,0.00,1.00,83,1.23,71205.11,2,0,5,24,3,42.78,12,87,0,2,75.00,0.00,0.50,0.00,1,2.00,1,3698.68,0,1,3,org.apache.lucene.util.LuceneTestCase,0.00,22,1,2,0,22,1,0,5,649,1
"org.apache.solr.client.solrj.response.DocumentAnalysisResponseTest$DocumentAnalysisResponse",1,0.00,1.00,3,0.04,562.00,1,0,5,1,1,131.55,0,5,0,1,131.55,0.00,0.00,0.00,0,1.00,1,108.00,0,1,1,java.lang.Object,0.00,0,0,1,0,0,0,0,0,29,0
"org.apache.solr.client.solrj.response.FacetField",11,0.10,1.64,41,0.41,10016.23,15,4,6,16,5,169.67,23,66,4,1,129.79,0.00,0.00,0.34,0,6.00,4,1236.12,0,6,1,java.lang.Object,0.00,5,0,18,0,5,5,1,6,291,1
"org.apache.solr.client.solrj.response.FacetField$Count",8,0.19,1.12,24,0.19,2351.93,11,3,6,11,2,133.74,1,42,0,1,133.74,0.00,0.00,0.50,0,0.00,2,562.63,0,3,2,java.lang.Object,0.00,3,0,9,0,3,5,1,1,149,2
"org.apache.solr.client.solrj.response.FacetFieldTest",1,0.00,1.00,7,0.08,1342.39,1,0,1,7,1,114.84,0,9,0,2,114.84,0.00,0.50,0.00,0,1.00,1,227.28,0,0,1,org.apache.lucene.util.LuceneTestCase,0.00,6,1,1,0,6,1,0,0,55,1
"org.apache.solr.client.solrj.response.FieldAnalysisResponse",8,0.00,1.38,34,0.61,23960.90,10,2,4,19,3,88.87,49,48,1,4,121.09,0.00,0.75,0.50,0,2.00,3,1840.22,1,0,2,org.apache.solr.client.solrj.response.AnalysisResponseBase,0.00,11,3,11,0,11,8,0,10,393,1
"org.apache.solr.client.solrj.response.FieldAnalysisResponse$Analysis",7,0.25,1.14,16,0.13,1892.96,9,2,4,8,0,140.82,29,24,0,1,140.59,0.00,0.00,0.29,0,19.00,2,392.19,0,0,0,java.lang.Object,0.00,1,0,8,0,1,7,0,5,108,2
"org.apache.solr.client.solrj.response.FieldStatsInfo",11,0.16,2.73,85,1.18,66626.41,21,10,6,28,3,109.46,6,117,2,1,109.46,0.00,0.00,0.25,0,38.00,13,3553.17,0,10,1,java.lang.Object,0.00,17,0,30,0,17,1,1,1,654,1
"org.apache.solr.client.solrj.response.Group",3,0.25,1.00,10,0.06,537.50,5,2,2,3,3,85.46,27,14,2,1,135.46,0.00,0.00,0.67,0,0.00,1,171.97,0,2,1,java.lang.Object,0.00,0,0,3,0,0,1,1,4,50,1
"org.apache.solr.client.solrj.response.GroupCommand",7,0.17,1.00,23,0.17,2191.57,11,4,3,9,3,85.44,62,31,2,1,133.55,0.00,0.00,0.39,0,10.00,1,496.55,0,3,1,java.lang.Object,0.00,2,0,7,0,2,4,1,8,130,1
"org.apache.solr.client.solrj.response.GroupResponse",2,0.00,1.00,6,0.06,926.50,3,1,3,4,2,83.73,21,9,1,1,132.21,0.00,0.00,1.00,0,0.00,1,172.98,0,1,1,java.lang.Object,0.00,2,0,2,0,2,1,1,3,46,1
"org.apache.solr.client.solrj.response.LukeResponse",10,0.07,2.00,51,0.72,39048.49,13,3,4,23,5,166.48,10,68,2,3,116.48,0.00,0.67,0.40,0,6.00,7,2148.72,1,9,3,org.apache.solr.client.solrj.response.SolrResponseBase,0.00,13,2,20,0,13,1,0,5,441,1
"org.apache.solr.client.solrj.response.LukeResponse$FieldInfo",11,0.06,1.91,55,0.61,22289.17,19,8,4,18,2,118.74,0,69,0,1,118.74,0.00,0.00,0.18,0,69.00,9,1828.57,0,6,2,java.lang.Object,0.00,7,0,21,0,7,5,1,0,381,2
"org.apache.solr.client.solrj.response.LukeResponse$FieldTypeInfo",7,0.10,1.71,32,0.38,14455.64,12,5,4,14,1,162.20,20,59,0,1,122.31,0.00,0.00,0.29,0,18.00,6,1132.28,0,4,1,java.lang.Object,0.00,7,0,12,0,7,3,1,1,236,2
"org.apache.solr.client.solrj.response.PivotField",7,0.38,1.43,31,0.27,5207.21,11,4,3,10,1,125.85,0,43,1,1,125.85,0.00,0.00,0.57,0,0.00,4,802.63,0,4,0,java.lang.Object,0.00,3,0,10,0,3,3,1,0,185,1
"org.apache.solr.client.solrj.response.QueryResponseTest",3,0.00,2.33,156,3.81,317735.07,3,0,11,45,8,87.84,9,164,0,2,67.22,0.00,0.50,0.00,0,3.00,4,11426.49,0,0,8,org.apache.lucene.util.LuceneTestCase,0.00,42,1,7,0,42,3,0,5,1728,1
"org.apache.solr.client.solrj.response.RangeFacet",9,0.02,1.00,34,0.32,8189.08,16,7,2,12,4,129.90,3,44,4,1,129.90,0.00,0.00,0.13,0,61.00,1,946.94,0,4,0,java.lang.Object,0.00,3,0,9,2,3,5,0,1,223,2
"org.apache.solr.client.solrj.response.RangeFacet$Count",4,0.11,1.00,14,0.09,1126.13,7,3,2,4,1,133.91,0,19,0,1,133.91,0.00,0.00,0.25,0,10.00,1,266.18,0,1,1,java.lang.Object,0.00,0,0,4,0,0,3,0,0,75,2
"org.apache.solr.client.solrj.response.RangeFacet$Date",1,0.00,1.00,3,0.06,940.86,1,0,2,1,1,129.79,0,5,0,2,129.79,0.00,0.50,0.00,0,1.00,1,190.39,0,0,1,org.apache.solr.client.solrj.response.RangeFacet,0.00,0,1,1,0,0,1,0,0,48,2
"org.apache.solr.client.solrj.response.RangeFacet$Numeric",1,0.00,1.00,3,0.04,551.26,1,0,2,1,1,131.61,0,5,0,2,131.61,0.00,0.50,0.00,0,1.00,1,131.73,0,0,1,org.apache.solr.client.solrj.response.RangeFacet,0.00,0,1,1,0,0,1,0,0,36,2
"org.apache.solr.client.solrj.response.SolrPingResponse",0,0.00,0.00,1,0.01,31.02,0,0,0,0,3,171.00,6,3,2,3,171.00,0.00,0.67,0.00,0,0.00,0,15.51,0,0,1,org.apache.solr.client.solrj.response.SolrResponseBase,0.00,0,2,0,0,0,0,0,2,6,1
"org.apache.solr.client.solrj.response.SolrResponseBase",10,0.19,1.20,32,0.26,4091.12,13,3,2,12,8,132.59,6,52,6,2,132.59,7.00,0.11,0.17,1,38.00,2,779.28,0,4,2,org.apache.solr.client.solrj.SolrResponse,0.31,2,1,12,7,2,6,0,2,199,1
"org.apache.solr.client.solrj.response.SpellCheckResponse",8,0.11,2.38,66,0.96,59038.69,12,4,5,35,5,146.54,20,82,4,1,106.65,0.00,0.00,0.34,0,12.00,10,2866.54,0,5,1,java.lang.Object,0.00,27,0,19,0,27,3,0,4,522,1
"org.apache.solr.client.solrj.response.SpellCheckResponse$Collation",6,0.20,1.00,18,0.13,1704.59,9,3,5,8,0,133.88,0,25,0,1,133.88,0.00,0.00,0.17,0,18.00,1,378.18,0,4,0,java.lang.Object,0.00,2,0,6,0,2,2,0,0,103,1
"org.apache.solr.client.solrj.response.SpellCheckResponse$Correction",5,0.38,1.00,14,0.08,1093.10,7,2,5,5,0,141.35,0,20,0,1,141.35,0.00,0.00,0.20,0,11.00,1,251.51,0,2,0,java.lang.Object,0.00,0,0,5,0,0,3,0,0,76,1
"org.apache.solr.client.solrj.response.SpellCheckResponse$Suggestion",10,0.08,1.80,53,0.65,35278.51,17,7,5,19,1,116.86,5,69,0,1,116.86,0.00,0.00,0.21,0,50.00,9,1948.45,0,5,1,java.lang.Object,0.00,9,0,18,0,9,5,0,5,384,2
"org.apache.solr.client.solrj.response.SuppressWarnings",4,0.00,1.50,56,0.82,30313.70,4,0,5,27,2,118.22,13,62,0,2,97.60,0.00,0.50,0.00,1,4.00,2,2447.72,0,1,2,org.apache.lucene.util.LuceneTestCase,0.00,23,1,6,0,23,3,0,4,463,1
"org.apache.solr.client.solrj.response.SuppressWarnings$AnalysisResponseBase",1,0.00,1.00,3,0.02,175.12,1,0,5,1,1,135.54,0,5,0,1,135.54,0.00,0.00,0.00,0,1.00,1,54.60,0,1,1,java.lang.Object,0.00,0,0,1,0,0,0,0,0,17,0
"org.apache.solr.client.solrj.response.SuppressWarnings$FieldAnalysisResponse",1,0.00,1.00,3,0.04,562.00,1,0,6,1,1,131.55,0,5,0,1,131.55,0.00,0.00,0.00,0,1.00,1,108.00,0,1,1,java.lang.Object,0.00,0,0,1,0,0,0,0,0,29,0
"org.apache.solr.client.solrj.response.TermsResponse",3,0.00,1.67,22,0.28,8799.73,4,1,5,14,3,151.94,8,22,2,1,112.05,0.00,0.00,1.00,0,0.00,3,830.24,0,2,1,java.lang.Object,0.00,11,0,5,0,11,1,0,2,177,1
"org.apache.solr.client.solrj.response.TermsResponse$Term",6,0.40,1.00,16,0.10,1236.68,8,2,5,6,0,141.55,0,23,0,1,141.55,0.00,0.00,0.17,0,14.00,1,306.51,0,1,0,java.lang.Object,0.00,0,0,6,0,0,5,0,0,90,2
"org.apache.solr.client.solrj.response.TermsResponseTest",3,0.00,1.00,29,0.40,11230.21,3,0,11,25,5,157.27,3,37,0,4,107.27,0.00,0.75,0.00,0,3.00,1,1207.50,7,0,5,org.apache.solr.SolrJettyTestBase,0.06,22,3,3,0,22,3,0,1,228,1
"org.apache.solr.client.solrj.response.TestSpellCheckResponse",4,0.67,2.25,102,1.85,103948.63,5,1,13,40,8,104.52,13,118,0,4,83.90,0.00,0.75,0.50,0,0.00,6,5535.82,2,0,8,org.apache.solr.SolrJettyTestBase,0.00,36,3,9,0,36,4,0,8,898,1
"org.apache.solr.client.solrj.response.UpdateResponse",0,0.00,0.00,1,0.01,31.02,0,0,0,0,9,171.00,7,3,8,3,171.00,0.00,0.67,0.00,0,0.00,0,15.51,0,0,1,org.apache.solr.client.solrj.response.SolrResponseBase,0.00,0,2,0,0,0,0,0,2,6,1
"org.apache.lucene.search.suggest.Average",3,0.25,1.33,17,0.19,9141.51,5,2,2,7,2,117.66,12,29,2,1,117.43,0.00,0.00,0.33,0,4.00,2,566.20,0,2,0,java.lang.Object,0.00,4,0,4,0,4,1,0,4,131,1
"org.apache.lucene.search.suggest.BufferingTermFreqIteratorWrapper",6,0.20,1.17,23,0.20,3981.52,9,3,3,14,3,130.95,5,31,2,1,130.95,0.00,0.00,0.50,0,0.00,2,612.48,0,2,1,java.lang.Object,0.00,8,0,7,2,8,4,1,3,151,1
"org.apache.lucene.search.suggest.BufferingTermFreqIteratorWrapper$Entry",2,0.50,1.00,8,0.07,1070.25,4,2,3,3,0,127.06,0,11,0,1,127.06,0.00,0.00,0.25,0,2.00,1,205.19,0,0,0,java.lang.Object,0.00,1,0,2,0,1,2,1,0,56,3
"org.apache.lucene.search.suggest.FileDictionary",3,0.17,1.00,11,0.08,844.02,6,3,3,6,3,154.53,11,15,1,1,133.92,0.00,0.00,0.22,0,1.00,1,244.39,0,1,2,java.lang.Object,0.00,3,0,3,0,3,2,1,2,66,1
"org.apache.lucene.search.suggest.FileDictionary$fileIterator",4,0.67,2.25,24,0.21,7097.10,5,1,3,7,1,116.20,0,34,0,1,116.20,0.00,0.00,0.50,1,2.00,5,620.75,0,1,1,java.lang.Object,0.00,3,0,9,0,3,3,1,0,134,1
"org.apache.lucene.search.suggest.Ignore",10,0.07,2.10,85,1.52,56734.73,20,10,19,53,7,107.82,40,120,0,2,107.58,0.00,0.50,0.16,3,54.00,4,4569.37,0,2,7,org.apache.lucene.util.LuceneTestCase,0.00,43,1,21,0,43,8,0,14,834,1
"org.apache.lucene.search.suggest.Ignore$BenchmarkResult",1,1.00,1.00,4,0.06,840.13,2,1,19,4,1,175.51,1,6,0,1,125.51,0.00,0.00,0.00,0,1.00,1,172.70,0,0,1,java.lang.Object,0.00,3,0,1,0,3,1,0,1,42,2
"org.apache.lucene.search.suggest.Ignore$Callable<Integer>",1,0.00,1.00,4,0.04,507.82,1,0,19,3,1,127.23,0,5,0,1,127.23,0.00,0.00,0.00,0,0.00,1,111.39,0,1,1,java.lang.Object,0.00,2,0,1,0,2,0,0,0,29,0
"org.apache.lucene.search.suggest.Ignore$Callable<Integer>_0",1,0.00,2.00,7,0.06,1203.30,1,0,19,3,0,115.06,0,8,0,1,115.06,0.00,0.00,0.00,0,0.00,2,180.13,0,1,0,java.lang.Object,0.00,2,0,2,0,2,0,0,0,42,0
"org.apache.lucene.search.suggest.Lookup",7,0.00,1.14,17,0.18,4170.53,7,0,7,9,10,120.01,41,20,7,1,137.89,0.00,0.00,0.00,1,7.00,2,553.16,0,2,3,java.lang.Object,0.00,2,0,8,3,2,5,0,7,140,2
"org.apache.lucene.search.suggest.Lookup$LookupPriorityQueue",3,0.00,1.33,14,0.12,3542.33,3,0,7,3,1,124.28,0,17,0,2,124.28,0.00,0.50,0.00,0,3.00,2,356.54,0,1,1,org.apache.lucene.util.PriorityQueue,0.00,0,1,4,0,0,2,0,0,89,3
"org.apache.lucene.search.suggest.Lookup$LookupResult",3,0.25,1.00,10,0.09,1383.14,5,2,7,3,0,132.23,1,15,0,1,132.23,0.00,0.00,0.33,1,4.00,1,281.59,0,1,0,java.lang.Object,0.00,0,0,3,0,0,2,1,1,76,3
"org.apache.lucene.search.suggest.PersistenceTest",4,1.00,2.00,31,0.44,23476.01,5,1,6,15,6,159.64,4,50,0,2,109.64,0.00,0.50,0.00,1,4.00,5,1331.76,0,0,6,org.apache.lucene.util.LuceneTestCase,0.00,11,1,8,0,11,4,0,4,248,1
"org.apache.lucene.search.suggest.SortedTermFreqIteratorWrapper",1,0.00,1.00,4,0.03,223.88,1,0,3,2,4,130.27,4,6,1,2,130.04,0.00,0.50,0.00,0,0.00,1,81.36,0,0,3,org.apache.lucene.search.suggest.BufferingTermFreqIteratorWrapper,0.00,1,1,1,0,1,1,1,1,24,1
"org.apache.lucene.search.suggest.TermFreq",1,2.00,1.00,6,0.04,535.53,3,2,0,1,4,120.01,16,8,4,1,120.48,0.00,0.00,0.00,0,1.00,1,128.17,0,0,0,java.lang.Object,0.00,0,0,1,0,0,1,0,1,37,2
"org.apache.lucene.search.suggest.TermFreqArrayIterator",7,0.25,1.00,17,0.14,1746.69,9,2,3,12,5,140.89,3,23,3,1,140.89,0.00,0.00,0.29,0,14.00,1,407.68,0,1,2,java.lang.Object,0.00,5,0,7,0,5,6,1,1,114,2
"org.apache.lucene.search.suggest.UnsortedTermFreqIteratorWrapper",1,0.00,1.00,4,0.02,194.90,1,0,2,2,3,130.75,4,6,1,2,130.51,0.00,0.50,0.00,0,0.00,1,72.87,0,0,2,org.apache.lucene.search.suggest.BufferingTermFreqIteratorWrapper,0.00,1,1,1,0,1,1,0,1,22,1
"org.apache.lucene.analysis.ro.RomanianAnalyzer",5,0.33,1.80,22,0.30,7511.21,8,3,16,16,13,73.39,46,32,1,3,123.39,0.00,0.67,0.07,0,8.00,3,910.78,0,2,12,org.apache.lucene.analysis.util.StopwordAnalyzerBase,0.00,11,2,9,0,11,3,0,9,201,2
"org.apache.lucene.analysis.ro.RomanianAnalyzer$DefaultSetHolder",0,0.00,0.00,6,0.05,853.95,1,1,16,0,1,171.00,2,11,0,1,171.00,0.00,0.00,0.00,0,0.00,0,164.39,0,0,1,java.lang.Object,0.00,0,0,0,0,0,0,0,2,40,2
"org.apache.lucene.analysis.ro.TestRomanianAnalyzer",4,0.00,1.00,16,0.17,3088.17,4,0,5,8,3,175.80,7,22,0,3,125.80,0.00,0.67,0.00,0,4.00,1,522.25,3,0,3,org.apache.lucene.analysis.BaseTokenStreamTestCase,0.00,4,2,4,0,4,4,0,6,121,1
"org.apache.solr.uima.processor.an.DummyEntityAnnotator",1,0.00,4.00,15,0.22,7339.99,1,0,6,13,1,105.50,17,20,0,2,96.37,0.00,0.50,0.00,0,1.00,4,658.06,0,0,1,org.apache.uima.analysis_component.JCasAnnotator_ImplBase,0.00,12,1,4,0,12,1,0,2,123,1
"org.apache.solr.uima.processor.an.DummyExceptionAnnotator",1,0.00,1.00,3,0.03,376.22,1,0,3,2,0,132.45,16,6,0,2,132.92,0.00,0.50,0.00,0,1.00,1,80.23,0,0,0,org.apache.uima.analysis_component.JCasAnnotator_ImplBase,0.00,1,1,1,0,1,1,0,1,23,1
"org.apache.solr.uima.processor.an.DummySentimentAnnotator",2,0.00,3.00,21,0.30,8520.49,4,2,7,14,1,56.76,16,28,0,2,104.86,0.00,0.50,0.50,1,2.00,5,907.38,0,1,1,org.apache.uima.analysis_component.JCasAnnotator_ImplBase,0.00,12,1,6,0,12,1,0,1,183,1
"org.apache.solr.search.BitDocSet",20,0.05,1.45,73,0.75,19549.21,22,2,9,40,22,150.19,63,112,12,2,129.57,0.00,0.50,0.55,0,0.00,3,2256.94,1,4,11,org.apache.solr.search.DocSetBase,0.61,20,1,29,0,20,16,0,19,541,1
"org.apache.solr.search.BitDocSet$DocIterator",5,0.12,1.00,15,0.10,1323.44,7,2,9,7,2,134.12,0,20,0,1,134.12,0.00,0.00,0.40,1,2.00,1,299.93,0,1,2,java.lang.Object,0.00,2,0,5,0,2,4,0,0,85,0
"org.apache.solr.search.BitDocSet$Filter",1,0.00,2.00,10,0.12,3899.74,1,0,9,4,3,155.26,1,12,0,1,105.26,0.00,0.00,0.00,0,1.00,2,359.75,0,1,3,java.lang.Object,0.00,3,0,2,0,3,0,0,1,75,0
"org.apache.solr.search.BitDocSet$Filter$DocIdSet",3,0.00,1.00,7,0.04,512.27,3,0,9,5,1,142.19,0,13,0,1,142.19,0.00,0.00,0.00,0,3.00,1,127.57,0,2,1,java.lang.Object,0.00,2,0,3,0,2,1,0,0,39,0
"org.apache.solr.search.BitDocSet$Filter$DocIdSet$Bits",2,0.00,1.00,5,0.04,529.03,2,0,9,3,0,140.69,0,9,0,1,140.69,0.00,0.00,0.00,0,2.00,1,120.54,0,0,0,java.lang.Object,0.00,1,0,2,0,1,2,0,0,34,0
"org.apache.solr.search.BitDocSet$Filter$DocIdSet$DocIdSetIterator",3,0.50,2.00,12,0.18,6584.46,5,2,9,4,0,122.07,0,18,0,1,122.07,0.00,0.00,0.83,0,0.00,3,540.55,0,0,0,java.lang.Object,0.00,1,0,6,0,1,3,0,0,119,0
"org.apache.solr.search.BoostQParserPlugin",2,2.00,1.00,6,0.06,623.72,4,2,9,3,11,115.69,11,10,1,2,133.56,0.00,0.50,0.00,0,2.00,1,175.41,0,1,11,org.apache.solr.search.QParserPlugin,0.00,1,1,2,0,1,1,0,1,47,1
"org.apache.solr.search.BoostQParserPlugin$QParser",4,0.44,1.50,23,0.27,7806.90,7,3,9,15,10,118.92,1,32,0,1,118.92,0.00,0.00,0.67,0,0.00,3,823.62,0,3,10,java.lang.Object,0.00,11,0,6,0,11,1,0,1,178,0
"org.apache.solr.search.CacheConfig",8,0.06,1.75,52,0.67,23272.83,15,7,8,24,7,164.57,10,62,2,1,114.57,0.00,0.00,0.09,1,16.00,4,1999.70,0,4,6,java.lang.Object,0.00,16,0,14,0,16,4,0,4,413,1
"org.apache.solr.search.CacheRegenerator",1,0.00,1.00,2,0.02,168.99,1,0,1,1,8,168.51,19,3,8,1,142.23,0.00,0.00,0.00,0,1.00,1,74.42,0,0,2,,0.00,0,0,1,0,0,1,0,2,21,1
"org.apache.solr.search.DelegatingCollector",7,0.03,1.14,30,0.24,4529.62,12,5,4,12,10,126.38,3,38,7,2,126.38,1.00,0.33,0.17,0,0.00,2,733.81,0,1,3,org.apache.lucene.index.Collector,0.00,5,1,8,1,5,6,0,3,184,1
"org.apache.solr.search.DisMaxQParser",13,0.00,2.69,116,1.86,70921.40,20,7,16,59,18,128.27,41,153,2,2,107.66,0.00,0.50,0.14,6,61.00,9,5565.44,3,8,16,org.apache.solr.search.QParser,0.18,46,1,35,0,46,5,0,15,1041,1
"org.apache.solr.search.DisMaxQParserPlugin",2,1.00,1.00,5,0.06,769.03,3,1,3,3,6,97.92,89,9,1,2,139.42,0.00,0.50,0.00,0,2.00,1,174.09,0,1,6,org.apache.solr.search.QParserPlugin,0.00,1,1,2,0,1,1,0,1,46,1
"org.apache.solr.search.DocIterator",2,0.00,1.00,3,0.02,120.42,2,0,1,2,22,127.61,27,4,22,1,156.99,0.00,0.00,0.00,0,2.00,1,51.75,0,0,0,,0.00,0,0,2,0,0,2,0,5,19,1
"org.apache.solr.search.DocList",7,0.00,1.00,8,0.04,184.11,7,0,0,7,31,127.60,48,9,30,2,159.82,0.00,0.50,0.00,0,7.00,1,112.17,0,2,1,,0.17,0,1,7,0,0,5,0,15,45,1
"org.apache.solr.search.DocListAndSet",0,0.00,0.00,3,0.02,124.57,2,2,0,0,12,171.00,13,4,10,1,171.00,0.00,0.00,0.00,0,0.00,0,49.83,0,0,2,java.lang.Object,0.00,0,0,0,0,0,0,0,1,15,2
"org.apache.solr.search.DocSet",16,1.00,1.00,18,0.11,887.20,17,1,10,17,42,125.05,96,19,33,1,157.27,0.00,0.00,0.00,0,16.00,1,341.88,0,6,10,,0.00,1,0,16,0,1,10,0,18,121,1
"org.apache.solr.search.DocSetBase",13,0.00,1.77,57,0.66,18879.30,13,0,10,33,14,173.51,24,76,4,1,123.51,0.00,0.00,0.00,3,13.00,6,1968.28,0,5,11,java.lang.Object,0.00,20,0,23,4,20,8,1,16,458,1
"org.apache.solr.search.DocSetBase$Filter",1,0.00,2.00,10,0.12,3682.28,1,0,10,4,3,155.46,1,12,0,1,105.46,0.00,0.00,0.00,0,1.00,2,349.84,0,1,3,java.lang.Object,0.00,3,0,2,0,3,0,0,1,73,0
"org.apache.solr.search.DocSetBase$Filter$DocIdSet",3,0.00,1.00,7,0.04,526.39,3,0,10,4,1,142.10,1,13,0,1,142.10,0.00,0.00,0.00,0,3.00,1,132.66,0,2,1,java.lang.Object,0.00,1,0,3,0,1,1,0,1,40,0
"org.apache.solr.search.DocSetBase$Filter$DocIdSet$DocIdSetIterator",3,0.50,2.00,12,0.18,6584.46,5,2,10,4,0,122.07,0,18,0,1,122.07,0.00,0.00,0.83,0,0.00,3,540.55,0,0,0,java.lang.Object,0.00,1,0,6,0,1,3,0,0,119,0
"org.apache.solr.search.DocSetCollector",6,0.07,1.67,34,0.32,9420.57,12,6,5,10,11,159.53,17,43,4,2,119.64,1.00,0.33,0.22,0,10.00,3,947.21,0,0,7,org.apache.lucene.index.Collector,0.00,4,1,10,1,4,6,0,15,216,1
"org.apache.solr.search.DocSetDelegateCollector",5,0.50,1.80,29,0.29,9419.51,6,1,5,12,11,158.89,14,37,3,3,119.00,0.00,0.67,0.60,0,1.00,3,866.16,0,0,8,org.apache.solr.search.DocSetCollector,0.55,7,2,9,0,7,5,0,12,192,1
"org.apache.solr.search.DocSetPerf",3,0.60,10.00,117,1.80,203744.46,8,5,6,33,4,123.07,5,118,0,1,73.07,0.00,0.00,0.60,2,1.00,24,5402.83,0,0,4,java.lang.Object,0.00,30,0,30,0,30,3,0,4,848,1
"org.apache.solr.search.DocSlice",14,0.12,1.71,63,0.69,24046.77,20,6,1,25,13,172.94,24,80,8,2,122.94,0.00,0.50,0.27,0,38.00,4,2081.31,1,3,5,org.apache.solr.search.DocSetBase,0.22,11,1,24,0,11,11,1,11,474,1
"org.apache.solr.search.DocSlice$DocIterator",5,0.12,1.00,13,0.08,905.91,7,2,1,6,0,141.99,3,18,0,1,141.99,0.00,0.00,0.40,1,2.00,1,251.84,0,1,0,java.lang.Object,0.00,1,0,5,0,1,4,0,1,73,0
"org.apache.solr.search.ExtendedDismaxQParser",10,0.06,11.70,385,6.73,977896.67,19,9,21,87,23,28.08,116,492,1,2,72.21,0.00,0.50,0.17,3,30.00,54,20197.90,6,7,22,org.apache.solr.search.QParser,0.19,77,1,117,0,77,3,0,82,3001,0
"org.apache.solr.search.ExtendedDismaxQParser$Clause",1,6.00,1.00,11,0.06,569.90,9,8,21,1,0,131.07,3,13,0,1,110.45,0.00,0.00,0.25,0,0.00,1,191.02,0,0,0,java.lang.Object,0.00,0,0,1,0,0,1,0,3,49,1
"org.apache.solr.search.ExtendedDismaxQParser$DMP",0,0.00,0.00,1,0.01,49.13,0,0,21,0,0,171.00,1,2,0,2,171.00,0.00,0.50,0.00,0,0.00,0,19.65,0,0,0,,0.00,0,1,0,0,0,0,0,1,7,2
"org.apache.solr.search.ExtendedDismaxQParser$ExtendedSolrQueryParser",17,0.00,3.12,183,2.35,114075.46,33,16,21,50,14,123.92,58,233,0,4,103.30,0.00,0.75,0.07,4,91.00,10,7035.40,9,12,14,org.apache.solr.search.SolrQueryParser,0.00,33,3,53,0,33,5,0,37,1344,0
"org.apache.solr.search.ExtendedDismaxQParser$ExtendedSolrQueryParser$Alias",0,0.00,0.00,3,0.02,239.86,2,2,21,0,0,171.00,0,4,0,1,171.00,0.00,0.00,0.00,0,0.00,0,68.53,0,0,0,java.lang.Object,0.00,0,0,0,0,0,0,0,0,18,1
"org.apache.solr.search.ExtendedDismaxQParser$QType",0,0.00,0.00,2,0.01,28.53,0,0,21,0,0,171.00,0,8,0,1,171.00,0.00,0.00,0.00,0,0.00,0,28.53,0,0,0,java.lang.Object,0.00,0,0,0,0,0,0,0,0,9,0
"org.apache.solr.search.ExtendedDismaxQParser$U",0,0.00,0.00,1,0.01,49.13,0,0,21,0,1,171.00,1,2,0,2,171.00,0.00,0.50,0.00,0,0.00,0,19.65,0,0,1,org.apache.solr.util.SolrPluginUtils,0.00,0,1,0,0,0,0,0,1,7,2
"org.apache.solr.search.ExtendedDismaxQParserPlugin",2,1.00,1.00,5,0.06,815.39,3,1,21,3,19,179.10,4,9,1,2,139.22,0.00,0.50,0.00,0,2.00,1,179.41,0,1,19,org.apache.solr.search.QParserPlugin,0.00,1,1,2,0,1,1,0,1,47,1
"org.apache.solr.search.ExtendedQuery",6,0.00,1.00,7,0.03,152.68,6,0,0,6,5,209.93,9,8,5,1,159.93,0.00,0.00,0.00,0,6.00,1,101.78,0,0,0,,0.00,0,0,6,0,0,6,0,4,40,1
"org.apache.solr.search.ExtendedQueryBase",8,0.10,1.25,29,0.24,5276.11,11,3,1,11,3,130.95,0,45,1,2,130.95,1.00,0.33,0.25,1,20.00,3,718.76,0,2,2,org.apache.lucene.search.Query,0.00,3,1,10,1,3,6,1,0,181,1
"org.apache.solr.search.FastLRUCache",20,0.02,2.20,153,2.27,139825.36,29,9,12,65,12,159.02,25,184,3,2,109.02,0.00,0.50,0.13,0,114.00,11,6807.15,0,12,9,org.apache.solr.search.SolrCacheBase,0.00,45,1,44,0,45,8,1,13,1193,1
"org.apache.solr.search.FieldQParserPlugin",2,1.00,1.00,5,0.05,464.34,3,1,7,3,8,161.76,7,9,1,2,141.14,0.00,0.50,0.00,0,2.00,1,141.84,0,1,8,org.apache.solr.search.QParserPlugin,0.00,1,1,2,0,1,1,0,1,39,1
"org.apache.solr.search.FieldQParserPlugin$QParser",1,0.00,1.00,7,0.11,2014.08,1,0,7,6,5,113.46,0,9,0,1,113.46,0.00,0.00,0.00,0,1.00,1,326.21,0,1,5,java.lang.Object,0.00,5,0,1,0,5,0,0,0,69,0
"org.apache.solr.search.FooQParser",2,0.00,1.00,5,0.07,1084.82,2,0,7,5,10,138.24,0,9,1,2,138.24,0.00,0.50,0.00,0,2.00,1,220.22,0,1,9,org.apache.solr.search.QParser,0.09,3,1,2,0,3,1,0,0,56,0
"org.apache.solr.search.FooQParserPlugin",2,0.00,1.00,4,0.05,624.38,2,0,7,3,11,140.13,0,8,1,2,140.13,0.00,0.50,0.00,0,2.00,1,139.41,0,1,10,org.apache.solr.search.QParserPlugin,0.00,1,1,2,0,1,1,0,0,38,1
"org.apache.solr.search.FunctionQParser",18,0.07,3.00,179,2.27,126747.57,22,4,12,61,71,86.98,104,223,58,2,104.85,0.00,0.50,0.18,5,94.00,14,6824.24,3,8,15,org.apache.solr.search.QParser,0.05,43,1,54,0,43,10,0,28,1224,1
"org.apache.solr.search.FunctionQParserPlugin",2,1.00,1.00,5,0.06,769.03,3,1,3,3,14,179.30,5,9,9,2,139.42,0.00,0.50,0.00,0,2.00,1,174.09,0,1,6,org.apache.solr.search.QParserPlugin,0.00,1,1,2,0,1,1,0,1,46,1
"org.apache.solr.search.FunctionRangeQParserPlugin",2,1.00,1.00,5,0.05,464.34,3,1,15,3,13,123.27,10,9,1,2,141.14,0.00,0.50,0.00,0,2.00,1,141.84,0,1,13,org.apache.solr.search.QParserPlugin,0.00,1,1,2,0,1,1,0,1,39,1
"org.apache.solr.search.FunctionRangeQParserPlugin$QParser",1,0.00,2.00,17,0.25,7853.76,3,2,15,9,9,144.27,1,20,0,1,94.27,0.00,0.00,1.00,0,0.00,2,742.29,0,1,9,java.lang.Object,0.00,8,0,2,0,8,0,0,1,138,0
"org.apache.solr.search.FunctionRangeQuery",2,1.00,1.00,9,0.08,1039.42,3,1,15,4,17,127.16,0,13,1,4,127.16,0.00,0.75,0.00,0,2.00,1,226.47,0,0,16,org.apache.solr.search.SolrConstantScoreQuery,0.00,2,3,2,0,2,2,1,0,58,0
"org.apache.solr.search.FunctionRangeQuery$FunctionRangeCollector",3,0.33,1.33,14,0.19,3368.94,6,3,15,8,3,124.45,0,21,0,3,124.45,0.00,0.67,0.56,0,1.00,2,573.01,1,0,3,org.apache.solr.search.DelegatingCollector,0.30,5,2,4,0,5,3,0,0,128,0
"org.apache.solr.search.Grouping",17,0.07,3.29,246,3.59,238319.73,46,29,32,77,43,95.55,75,297,3,1,95.32,0.00,0.00,0.10,1,58.00,29,10768.54,0,9,40,java.lang.Object,0.00,60,0,56,0,60,8,0,26,1748,1
"org.apache.solr.search.Grouping$Command",11,0.01,2.36,88,1.17,64219.68,23,12,32,26,9,89.58,55,101,0,1,107.46,0.00,0.00,0.08,2,34.00,8,3501.32,0,7,9,java.lang.Object,0.00,15,0,26,0,15,4,0,19,644,2
"org.apache.solr.search.Grouping$CommandField",7,0.19,3.71,73,0.96,36974.65,13,6,32,32,15,104.32,29,94,0,2,104.08,0.00,0.50,0.33,0,2.00,8,2870.70,0,4,15,org.apache.solr.search.Command,0.00,25,1,26,0,25,3,0,15,530,1
"org.apache.solr.search.Grouping$CommandFunc",7,0.24,3.57,69,0.87,31058.16,14,7,32,29,13,127.01,23,89,0,2,106.39,0.00,0.50,0.35,0,2.00,7,2610.20,0,4,13,org.apache.solr.search.Command,0.00,22,1,25,0,22,3,0,11,499,1
"org.apache.solr.search.Grouping$CommandQuery",5,0.08,1.40,28,0.33,7047.97,8,3,32,17,10,159.94,12,36,0,2,120.05,0.00,0.50,0.40,0,0.00,2,999.54,0,2,10,org.apache.solr.search.Command,0.00,12,1,7,0,12,3,0,4,212,1
"org.apache.solr.search.Grouping$Format",0,0.00,0.00,2,0.01,39.30,0,0,32,0,0,171.00,3,4,0,1,171.00,0.00,0.00,0.00,0,0.00,0,19.65,0,0,0,java.lang.Object,0.00,0,0,0,0,0,0,0,1,7,2
"org.apache.solr.search.Grouping$TotalCount",0,0.00,0.00,2,0.01,39.30,0,0,32,0,0,171.00,3,4,0,1,171.00,0.00,0.00,0.00,0,0.00,0,19.65,0,0,0,java.lang.Object,0.00,0,0,0,0,0,0,0,1,7,2
"org.apache.solr.search.HashDocSet",14,0.02,3.64,154,1.81,192123.18,19,5,1,24,10,139.16,40,162,6,2,99.27,0.00,0.50,0.21,2,18.00,8,5427.43,0,2,4,org.apache.solr.search.DocSetBase,0.37,10,1,51,0,10,12,0,29,1077,2
"org.apache.solr.search.HashDocSet$DocIterator",6,0.40,1.17,18,0.11,1566.92,8,2,1,6,0,134.13,1,24,0,1,134.13,0.00,0.00,0.17,2,10.00,2,331.31,0,1,0,java.lang.Object,0.00,0,0,7,0,0,5,0,1,94,0
"org.apache.solr.search.JoinQParserPlugin",2,1.00,1.00,5,0.04,363.78,3,1,24,3,18,141.98,0,8,1,2,141.98,0.00,0.50,0.00,0,2.00,1,126.95,0,0,18,org.apache.solr.search.QParserPlugin,0.00,1,1,2,0,1,2,0,0,36,1
"org.apache.solr.search.JoinQParserPlugin$QParser",1,0.00,1.00,10,0.12,2461.11,1,0,24,6,4,106.99,0,11,0,1,106.99,0.00,0.00,0.00,0,1.00,1,359.00,0,1,4,java.lang.Object,0.00,5,0,1,0,5,0,0,0,75,0
"org.apache.solr.search.JoinQuery",8,0.07,1.38,35,0.48,16282.33,12,4,24,16,24,122.41,0,52,3,2,122.41,0.00,0.50,0.31,1,0.00,2,1454.11,2,4,21,org.apache.lucene.search.Query,0.11,8,1,11,0,8,4,0,0,333,0
"org.apache.solr.search.JoinQuery$JoinQueryWeight",7,0.22,9.43,292,4.74,774604.25,27,20,24,85,30,52.73,35,316,0,2,70.60,0.00,0.50,0.24,0,13.00,48,14220.23,0,3,30,org.apache.lucene.search.Weight,0.46,78,1,66,0,78,4,0,35,2075,1
"org.apache.solr.search.JoinQuery$JoinQueryWeight$Closeable",1,0.00,1.00,3,0.02,238.65,1,0,24,2,0,134.48,0,5,0,1,134.48,0.00,0.00,0.00,0,1.00,1,63.51,0,0,0,java.lang.Object,0.00,1,0,1,0,1,1,0,0,19,0
"org.apache.solr.search.JoinQuery$JoinQueryWeight$Closeable_0",1,0.00,1.00,3,0.02,275.49,1,0,24,2,0,133.99,0,5,0,1,133.99,0.00,0.00,0.00,0,1.00,1,61.77,0,0,0,java.lang.Object,0.00,1,0,1,0,1,1,0,0,19,0
"org.apache.solr.search.JoinQuery$JoinScorer",5,0.08,1.20,16,0.17,3095.65,8,3,24,9,2,131.18,0,27,0,3,131.18,0.00,0.67,0.27,0,5.00,2,503.84,0,0,2,org.apache.lucene.search.Scorer,0.80,4,2,6,0,4,5,0,0,125,2
"org.apache.solr.search.LRUCache",20,0.05,1.85,134,1.63,77793.24,32,12,8,45,12,163.56,26,163,4,2,113.56,0.00,0.50,0.13,0,122.00,8,4898.08,0,12,8,org.apache.solr.search.SolrCacheBase,0.00,25,1,37,0,25,8,1,18,943,1
"org.apache.solr.search.LRUCache$CumulativeStats",0,0.00,0.00,5,0.05,1253.89,4,4,8,1,0,171.00,0,6,0,1,171.00,0.00,0.00,0.00,0,0.00,0,144.68,0,0,0,java.lang.Object,0.00,1,0,0,0,1,0,0,0,38,2
"org.apache.solr.search.LRUCache$LinkedHashMap<K,V>",1,0.00,2.00,7,0.07,1008.55,1,0,8,3,0,136.28,3,10,0,1,115.66,0.00,0.00,0.00,0,0.00,2,196.38,0,0,0,java.lang.Object,0.00,2,0,2,0,2,1,0,3,46,0
"org.apache.solr.search.LuceneQParser",3,0.25,2.00,17,0.22,5908.20,5,2,10,10,14,118.83,0,25,2,2,118.83,1.00,0.33,0.33,0,1.00,3,660.92,3,2,12,org.apache.solr.search.QParser,0.17,7,1,6,1,7,1,0,0,145,0
"org.apache.solr.search.LuceneQParserPlugin",2,1.00,1.00,5,0.06,769.03,3,1,10,3,12,139.65,8,9,1,2,139.42,0.00,0.50,0.00,0,2.00,1,174.09,0,1,12,org.apache.solr.search.QParserPlugin,0.00,1,1,2,0,1,1,0,1,46,1
"org.apache.solr.search.LuceneQueryOptimizer",2,0.00,4.00,31,0.45,30133.79,4,2,4,16,8,103.04,35,49,1,1,93.91,0.00,0.00,0.50,0,2.00,7,1349.87,0,1,8,java.lang.Object,0.00,14,0,8,0,14,1,0,18,240,0
"org.apache.solr.search.LuceneQueryOptimizer$LinkedHashMap",1,0.00,1.00,3,0.03,353.48,1,0,4,2,0,183.13,1,5,0,1,133.13,0.00,0.00,0.00,0,1.00,1,91.65,0,0,0,java.lang.Object,0.00,1,0,1,0,1,1,0,1,25,0
"org.apache.solr.search.MissingStringLastComparatorSource",3,1.00,1.00,8,0.08,1122.92,4,1,9,4,9,179.39,6,13,1,2,139.51,0.00,0.50,0.33,0,4.00,1,236.06,0,1,8,org.apache.lucene.search.FieldComparatorSource,0.00,1,1,3,0,1,2,0,1,62,1
"org.apache.solr.search.NestedQParserPlugin",2,1.00,1.00,5,0.05,464.34,3,1,6,3,8,141.38,9,9,1,2,141.14,0.00,0.50,0.00,0,2.00,1,141.84,0,1,8,org.apache.solr.search.QParserPlugin,0.00,1,1,2,0,1,1,0,1,39,1
"org.apache.solr.search.NestedQParserPlugin$QParser",4,0.00,1.00,13,0.13,1923.01,7,3,6,9,6,132.08,1,21,0,1,132.08,0.00,0.00,0.33,0,0.00,1,394.54,0,3,6,java.lang.Object,0.00,5,0,4,0,5,1,0,1,100,0
"org.apache.solr.search.OldLuceneQParser",3,0.50,3.33,26,0.38,15042.25,4,1,10,11,13,157.90,3,38,1,3,107.90,0.00,0.67,0.67,0,1.00,6,1129.70,5,2,12,org.apache.solr.search.LuceneQParser,0.22,8,2,10,0,8,1,0,3,223,0
"org.apache.solr.search.OldLuceneQParserPlugin",2,1.00,1.00,5,0.06,769.03,3,1,3,3,6,179.30,5,9,1,2,139.42,0.00,0.50,0.00,0,2.00,1,174.09,0,1,6,org.apache.solr.search.QParserPlugin,0.00,1,1,2,0,1,1,0,1,46,1
"org.apache.solr.search.PostFilter",1,0.00,1.00,2,0.01,60.50,1,0,1,1,4,189.68,22,3,2,2,145.74,0.00,0.50,0.00,0,1.00,1,35.16,0,1,2,,0.00,0,1,1,0,0,0,0,2,13,1
"org.apache.solr.search.PrefixQParserPlugin",2,1.00,1.00,5,0.05,464.34,3,1,7,3,9,161.76,7,9,1,2,141.14,0.00,0.50,0.00,0,2.00,1,141.84,0,1,9,org.apache.solr.search.QParserPlugin,0.00,1,1,2,0,1,1,0,1,39,1
"org.apache.solr.search.PrefixQParserPlugin$QParser",1,0.00,1.00,3,0.05,884.67,1,0,7,4,5,130.00,0,5,0,1,130.00,0.00,0.00,0.00,0,1.00,1,162.30,0,1,5,java.lang.Object,0.00,3,0,1,0,3,0,0,0,40,0
"org.apache.solr.search.QParser",21,0.03,2.52,154,1.93,101009.95,30,9,10,59,86,150.15,54,200,74,1,110.27,0.00,0.00,0.08,5,147.00,10,5790.28,0,12,14,java.lang.Object,0.00,38,0,53,8,38,9,0,26,1133,2
"org.apache.solr.search.QParserPlugin",1,2.00,1.00,4,0.23,8494.84,3,2,3,1,26,138.22,3,22,22,1,117.60,0.00,0.00,0.00,0,1.00,1,677.56,0,1,20,java.lang.Object,0.00,0,0,1,17,0,0,1,3,137,2
"org.apache.solr.search.QueryParsing",12,0.05,7.58,303,4.78,485345.78,22,10,33,97,56,34.00,104,375,27,1,82.11,0.00,0.00,0.06,4,48.00,30,14340.62,0,7,31,java.lang.Object,0.00,85,0,91,0,85,5,0,47,2323,1
"org.apache.solr.search.QueryParsing$StrParser",21,0.37,3.24,205,2.35,120921.35,24,3,33,40,1,105.52,18,260,0,1,105.52,0.00,0.00,0.68,4,0.00,15,7061.60,0,8,1,java.lang.Object,0.00,19,0,68,0,19,13,0,11,1351,2
"org.apache.solr.search.QueryParsingTest",3,0.00,3.00,106,1.89,165110.50,3,0,8,14,7,27.71,25,125,0,3,75.82,0.00,0.67,0.00,0,1.00,7,5677.59,1,0,7,org.apache.solr.SolrTestCaseJ4,0.00,11,2,9,0,11,3,0,22,974,1
"org.apache.solr.search.QueryResultKey",4,0.00,4.50,45,0.58,32921.22,11,7,5,9,6,140.86,11,50,3,1,100.97,0.00,0.00,0.14,1,4.00,9,1748.92,0,0,3,java.lang.Object,0.00,5,0,18,0,5,4,0,9,348,2
"org.apache.solr.search.QueryUtils",4,0.00,4.50,43,0.56,32010.14,4,0,5,19,9,70.39,26,51,4,1,102.61,0.00,0.00,0.00,3,4.00,9,1670.21,0,3,5,java.lang.Object,0.00,15,0,18,0,15,1,0,11,326,1
"org.apache.solr.search.RawQParserPlugin",2,1.00,1.00,5,0.05,464.34,3,1,7,3,9,123.27,10,9,1,2,141.14,0.00,0.50,0.00,0,2.00,1,141.84,0,1,9,org.apache.solr.search.QParserPlugin,0.00,1,1,2,0,1,1,0,1,39,1
"org.apache.solr.search.RawQParserPlugin$QParser",1,0.00,1.00,3,0.05,884.67,1,0,7,4,5,130.00,0,5,0,1,130.00,0.00,0.00,0.00,0,1.00,1,162.30,0,1,5,java.lang.Object,0.00,3,0,1,0,3,0,0,0,40,0
"org.apache.solr.search.ReturnFields",12,0.16,4.58,188,2.78,321104.96,20,8,21,72,35,92.15,52,245,14,1,91.91,0.00,0.00,0.27,3,0.00,27,8338.46,0,2,21,java.lang.Object,0.00,60,0,55,0,60,10,0,47,1351,1
"org.apache.solr.search.SolrCache",10,1.00,1.00,13,0.12,1410.84,11,1,5,11,15,111.78,72,14,14,2,154.07,0.00,0.50,0.00,0,10.00,1,345.38,0,3,3,,0.00,1,1,10,0,1,7,0,22,102,1
"org.apache.solr.search.SolrCache$State",0,0.00,0.00,2,0.01,36.00,0,0,5,0,0,171.00,1,6,0,1,171.00,0.00,0.00,0.00,0,0.00,0,24.00,0,0,0,java.lang.Object,0.00,0,0,0,0,0,0,0,1,8,1
"org.apache.solr.search.SolrCacheBase",0,0.00,0.00,2,0.01,70.18,0,0,0,0,2,171.00,6,3,2,1,171.00,0.00,0.00,0.00,0,0.00,0,28.07,0,0,0,java.lang.Object,0.00,0,0,0,2,0,0,0,2,10,2
"org.apache.solr.search.SolrCacheBase$AutoWarmCountRef",4,0.40,2.25,27,0.34,14166.47,9,5,0,12,0,113.84,1,38,0,1,113.84,0.00,0.00,0.50,0,0.00,5,1006.71,0,1,0,java.lang.Object,0.00,8,0,9,0,8,3,0,1,204,2
"org.apache.solr.search.SolrConstantScoreQuery",14,0.46,1.29,36,0.39,8085.91,16,2,9,21,13,177.85,32,66,4,3,137.97,0.50,0.50,0.07,0,62.00,3,1180.89,1,4,9,org.apache.lucene.search.ConstantScoreQuery,0.18,7,2,18,1,7,10,1,11,294,1
"org.apache.solr.search.SolrConstantScoreQuery$ConstantScorer",5,0.00,1.60,26,0.29,9414.58,9,4,9,12,4,119.03,0,39,0,3,119.03,0.00,0.67,0.25,0,0.00,4,878.03,0,0,4,org.apache.lucene.search.Scorer,0.80,7,2,8,0,7,5,0,0,193,1
"org.apache.solr.search.SolrConstantScoreQuery$ConstantWeight",6,0.00,1.33,32,0.44,12628.67,9,3,9,18,9,118.69,0,49,0,2,118.69,0.00,0.50,0.33,0,2.00,2,1307.60,0,3,9,org.apache.lucene.search.Weight,0.50,12,1,8,0,12,3,0,0,270,1
"org.apache.solr.search.SolrFieldCacheMBean",8,1.00,1.25,34,0.30,10588.42,9,1,9,17,6,173.91,12,34,1,1,123.91,0.00,0.00,0.12,0,14.00,3,896.61,0,8,6,java.lang.Object,0.00,9,0,10,0,9,0,1,2,203,1
"org.apache.solr.search.SolrFilter",3,0.00,1.00,5,0.07,714.60,3,0,8,3,6,192.17,7,8,1,2,152.28,1.00,0.33,0.00,1,3.00,1,199.97,0,2,5,org.apache.lucene.search.Filter,0.00,0,1,3,1,0,1,0,2,54,2
"org.apache.solr.search.SolrIndexSearcher",61,0.01,4.18,874,14.14,1389858.85,97,36,36,259,141,51.31,446,1062,80,2,93.60,0.00,0.50,0.04,12,1696.00,25,42427.24,5,22,68,org.apache.lucene.search.IndexSearcher,0.04,198,1,255,0,198,39,1,162,7052,1
"org.apache.solr.search.SolrIndexSearcher$CacheRegenerator",1,0.00,2.00,5,0.06,1022.98,1,0,36,2,3,121.07,0,7,0,1,121.07,0.00,0.00,0.00,0,1.00,2,168.47,0,0,3,java.lang.Object,0.00,1,0,2,0,1,1,0,0,39,0
"org.apache.solr.search.SolrIndexSearcher$CacheRegenerator_0",1,0.00,1.00,4,0.05,605.72,1,0,36,2,3,126.63,0,5,0,1,126.63,0.00,0.00,0.00,0,1.00,1,143.71,0,0,3,java.lang.Object,0.00,1,0,1,0,1,1,0,0,34,0
"org.apache.solr.search.SolrIndexSearcher$CacheRegenerator_1",1,0.00,2.00,14,0.25,7825.80,1,0,36,13,4,65.21,6,21,0,1,97.43,0.00,0.00,0.00,0,0.00,2,757.15,0,0,4,java.lang.Object,0.00,12,0,2,0,12,1,0,6,133,0
"org.apache.solr.search.SolrIndexSearcher$Collector",4,0.00,1.00,7,0.07,697.19,4,0,36,4,1,153.35,0,15,0,1,153.35,0.00,0.00,0.00,0,4.00,1,195.57,0,0,1,java.lang.Object,0.00,0,0,4,0,0,4,0,0,56,0
"org.apache.solr.search.SolrIndexSearcher$Collector_2",4,1.00,1.25,11,0.12,2365.67,5,1,36,5,1,137.89,0,19,0,1,137.89,0.00,0.00,0.25,0,6.00,2,347.87,0,0,1,java.lang.Object,0.00,1,0,5,0,1,4,0,0,88,0
"org.apache.solr.search.SolrIndexSearcher$Collector_3",4,1.00,1.25,10,0.11,1961.36,5,1,36,5,1,138.53,0,18,0,1,138.53,0.00,0.00,0.25,0,6.00,2,320.81,0,0,1,java.lang.Object,0.00,1,0,5,0,1,4,0,0,83,0
"org.apache.solr.search.SolrIndexSearcher$Comparator<Query>",1,0.00,1.00,3,0.05,861.13,1,0,36,2,2,130.09,0,5,0,1,130.09,0.00,0.00,0.00,0,1.00,1,135.65,0,0,2,java.lang.Object,0.00,1,0,1,0,1,1,0,0,36,0
"org.apache.solr.search.SolrIndexSearcher$DocsEnumState",0,0.00,0.00,7,0.05,487.88,6,6,36,0,3,171.00,1,8,0,1,171.00,0.00,0.00,0.00,0,0.00,0,150.12,0,0,3,java.lang.Object,0.00,0,0,0,0,0,0,0,1,36,2
"org.apache.solr.search.SolrIndexSearcher$FilterImpl",2,0.00,2.50,15,0.20,5460.31,5,3,36,6,4,112.21,0,19,0,2,112.21,0.00,0.50,0.33,0,2.00,3,591.85,0,1,4,org.apache.lucene.util.Filter,0.00,4,1,5,0,4,1,0,0,129,0
"org.apache.solr.search.SolrIndexSearcher$FilterImpl$DualFilterIterator",4,0.17,2.50,28,0.23,9619.82,6,2,36,7,0,112.64,0,32,0,2,112.64,0.00,0.50,0.62,0,0.00,4,681.55,0,0,0,org.apache.lucene.util.DocIdSetIterator,0.00,3,1,10,0,3,4,0,0,166,2
"org.apache.solr.search.SolrIndexSearcher$FilterImpl$FilterIterator",5,0.12,1.80,32,0.26,10886.80,7,2,36,8,0,115.55,1,38,0,2,115.55,0.00,0.50,0.40,1,5.00,5,766.25,0,0,0,org.apache.lucene.util.DocIdSetIterator,0.00,3,1,9,0,3,5,0,1,177,2
"org.apache.solr.search.SolrIndexSearcher$FilterImpl$FilterSet",3,0.25,3.33,23,0.35,21230.61,5,2,36,13,3,108.88,1,30,0,2,108.88,0.00,0.50,0.33,0,4.00,8,1061.73,0,2,3,org.apache.lucene.search.DocIdSet,0.00,10,1,10,0,10,1,0,1,208,1
"org.apache.solr.search.SolrIndexSearcher$LocalSolrQueryRequest",2,0.00,1.00,4,0.03,319.26,2,0,36,2,1,142.42,0,3,0,1,142.42,0.00,0.00,0.00,0,2.00,1,82.94,0,0,1,java.lang.Object,0.00,0,0,2,0,0,2,0,0,27,0
"org.apache.solr.search.SolrIndexSearcher$ProcessedFilter",0,0.00,0.00,4,0.02,179.25,3,3,36,0,2,171.00,1,5,0,1,171.00,0.00,0.00,0.00,0,0.00,0,71.70,0,0,2,java.lang.Object,0.00,0,0,0,0,0,0,0,1,20,2
"org.apache.solr.search.SolrIndexSearcher$QueryCommand",23,0.05,1.22,77,0.54,10030.23,32,9,36,26,3,132.37,11,87,0,1,132.37,0.00,0.00,0.07,0,285.00,3,1620.11,0,16,3,java.lang.Object,0.00,3,0,28,0,3,7,0,4,414,2
"org.apache.solr.search.SolrIndexSearcher$QueryResult",8,0.05,1.25,24,0.16,2104.41,11,3,36,9,3,134.09,1,23,0,1,134.09,0.00,0.00,0.29,0,0.00,2,474.33,0,0,3,java.lang.Object,0.00,1,0,10,0,1,8,0,1,130,2
"org.apache.solr.search.SolrIndexSearcher$SetNonLazyFieldSelector",8,0.14,1.12,41,0.63,12314.61,11,3,36,27,10,119.80,0,58,0,2,119.80,0.00,0.50,0.46,0,0.00,2,1884.27,0,1,10,org.apache.lucene.index.StoredFieldVisitor,0.00,19,1,9,0,19,7,0,0,400,1
"org.apache.solr.search.SolrQueryParser",8,0.00,3.00,80,1.19,43997.56,12,4,20,50,27,104.23,38,111,5,3,103.99,1.00,0.40,0.25,2,22.00,6,3564.47,7,4,22,org.apache.lucene.queryparser.classic.QueryParser,0.00,42,2,24,2,42,4,0,24,681,1
"org.apache.solr.search.SolrQueryParser$AutomatonQuery",1,0.00,2.00,9,0.11,3322.03,1,0,20,9,1,157.51,1,12,0,1,107.52,0.00,0.00,0.00,0,1.00,2,325.74,0,1,1,java.lang.Object,0.00,8,0,2,0,8,0,0,1,72,0
"org.apache.solr.search.SolrSimilarityProvider",2,1.00,2.00,11,0.11,3642.86,3,1,4,5,9,76.80,14,16,6,2,119.09,1.00,0.33,0.50,0,2.00,3,338.14,0,1,4,org.apache.lucene.search.similarities.DefaultSimilarityProvider,0.00,3,1,4,1,3,1,0,4,78,1
"org.apache.solr.search.SolrSortField",1,0.00,1.00,2,0.01,69.06,1,0,3,1,2,165.90,3,3,0,1,145.29,0.00,0.00,0.00,0,1.00,1,36.53,0,1,2,,0.00,0,0,1,0,0,0,0,1,13,1
"org.apache.solr.search.SortSpec",9,0.04,1.44,28,0.22,3619.46,12,3,2,10,9,182.61,16,35,7,1,132.61,0.00,0.00,0.30,1,19.00,4,671.78,0,2,2,java.lang.Object,0.00,1,0,13,0,1,7,0,4,176,1
"org.apache.solr.search.SortedIntDocSet",24,0.20,5.21,381,4.23,564690.67,27,3,9,34,17,112.94,84,434,8,2,92.32,0.00,0.50,0.14,8,64.00,15,12686.58,0,4,10,org.apache.solr.search.DocSetBase,0.32,10,1,125,0,10,20,0,76,2475,1
"org.apache.solr.search.SortedIntDocSet$DocIterator",5,0.75,1.00,12,0.07,608.05,6,1,9,6,0,143.35,3,17,0,1,143.35,0.00,0.00,0.40,1,7.00,1,203.48,0,1,0,java.lang.Object,0.00,1,0,5,0,1,4,0,1,62,0
"org.apache.solr.search.SortedIntDocSet$Filter",1,0.00,3.00,19,0.29,21186.95,2,1,9,6,3,38.98,9,22,0,1,88.98,0.00,0.00,1.00,0,0.00,3,884.72,0,1,3,java.lang.Object,0.00,5,0,3,0,5,0,0,9,164,0
"org.apache.solr.search.SortedIntDocSet$Filter$DocIdSet",3,0.00,1.00,7,0.04,526.39,3,0,9,4,1,142.10,1,13,0,1,142.10,0.00,0.00,0.00,0,3.00,1,132.66,0,2,1,java.lang.Object,0.00,1,0,3,0,1,1,0,1,40,0
"org.apache.solr.search.SortedIntDocSet$Filter$DocIdSet$DocIdSetIterator",3,0.50,3.33,27,0.32,34532.41,5,2,9,3,0,153.15,4,38,0,1,103.15,0.00,0.00,0.83,0,0.00,7,969.19,0,0,0,java.lang.Object,0.00,0,0,10,0,0,3,0,4,199,0
"org.apache.solr.search.Sorting",1,0.00,5.00,9,0.15,6687.41,2,1,1,3,5,104.44,16,14,2,1,104.91,0.00,0.00,1.00,0,0.00,5,446.83,0,1,3,java.lang.Object,0.00,2,0,5,0,2,0,0,2,100,1
"org.apache.solr.search.SpatialBoxQParserPlugin",2,1.00,1.00,5,0.06,831.58,3,1,3,3,7,139.15,0,11,1,3,139.15,0.00,0.67,0.00,0,2.00,1,192.33,0,1,6,org.apache.solr.search.SpatialFilterQParserPlugin,0.00,1,2,2,0,1,1,0,0,50,1
"org.apache.solr.search.SpatialFilterQParser",2,1.00,4.50,33,0.61,39073.00,3,1,11,12,15,41.95,19,44,2,2,91.95,0.00,0.50,0.50,0,2.00,8,1835.41,1,1,13,org.apache.solr.search.QParser,0.09,10,1,9,0,10,1,0,10,305,1
"org.apache.solr.search.SpatialFilterQParserPlugin",2,1.00,1.00,5,0.06,784.98,3,1,3,3,7,119.20,28,10,2,2,139.35,1.00,0.33,0.00,0,2.00,1,180.29,0,1,6,org.apache.solr.search.QParserPlugin,0.00,1,1,2,1,1,1,0,1,47,1
"org.apache.solr.search.SpatialFilterTest",7,0.00,1.57,81,1.29,35401.03,7,0,3,8,1,123.50,24,96,0,3,102.88,0.00,0.67,0.00,2,7.00,5,3868.27,7,0,1,org.apache.solr.SolrTestCaseJ4,0.00,1,2,11,0,1,7,0,21,694,1
"org.apache.solr.search.SpatialOptions",3,7.00,1.00,18,0.16,2277.28,10,7,2,3,7,159.18,8,22,5,1,119.29,0.00,0.00,0.00,0,3.00,1,494.34,0,0,2,java.lang.Object,0.00,0,0,3,0,0,3,0,2,120,1
"org.apache.solr.search.SurroundQParser",2,0.17,3.50,30,0.49,22201.78,8,6,11,12,14,144.98,3,45,1,2,94.98,0.00,0.50,0.25,0,2.00,6,1470.22,2,1,13,org.apache.solr.search.QParser,0.09,10,1,7,0,10,1,0,3,265,0
"org.apache.solr.search.SurroundQParserPlugin",2,1.00,1.00,5,0.06,815.63,3,1,11,3,10,106.99,13,11,1,2,139.21,0.00,0.50,0.00,0,2.00,1,186.14,0,1,10,org.apache.solr.search.QParserPlugin,0.00,1,1,2,0,1,1,0,1,49,1
"org.apache.solr.search.TermOrdValComparator_SML",9,0.09,2.00,60,0.76,27033.62,17,8,9,21,14,164.43,9,83,7,2,114.43,0.00,0.50,0.04,0,16.00,7,2273.32,0,3,7,org.apache.lucene.search.FieldComparator,0.59,12,1,18,0,12,6,0,9,464,0
"org.apache.solr.search.TermOrdValComparator_SML$AnyOrdComparator",3,0.50,3.00,30,0.33,13590.50,4,1,9,6,1,144.54,6,40,0,2,104.65,0.00,0.50,0.67,0,1.00,5,1001.65,0,0,1,org.apache.solr.search.PerSegmentComparator,0.00,3,1,9,0,3,3,0,6,207,3
"org.apache.solr.search.TermOrdValComparator_SML$ByteOrdComparator",3,0.50,3.00,30,0.33,14432.42,4,1,9,5,1,144.33,6,40,0,2,104.45,0.00,0.50,0.67,0,1.00,5,982.65,0,0,1,org.apache.solr.search.PerSegmentComparator,0.00,2,1,9,0,2,3,0,6,201,3
"org.apache.solr.search.TermOrdValComparator_SML$IntOrdComparator",3,0.50,3.00,30,0.32,13394.05,4,1,9,5,1,144.59,6,40,0,2,104.70,0.00,0.50,0.67,0,1.00,5,948.29,0,0,1,org.apache.solr.search.PerSegmentComparator,0.00,2,1,9,0,2,3,0,6,197,3
"org.apache.solr.search.TermOrdValComparator_SML$PerSegmentComparator",5,0.43,2.80,63,0.67,27543.54,16,11,9,9,2,101.05,2,80,0,2,101.05,0.00,0.50,0.44,0,0.00,5,2019.31,0,2,2,org.apache.lucene.search.FieldComparator,0.46,4,1,14,0,4,3,0,2,410,3
"org.apache.solr.search.TermOrdValComparator_SML$ShortOrdComparator",3,0.50,3.00,30,0.33,14432.42,4,1,9,5,1,144.33,6,40,0,2,104.45,0.00,0.50,0.67,0,1.00,5,982.65,0,0,1,org.apache.solr.search.PerSegmentComparator,0.00,2,1,9,0,2,3,0,6,201,3
"org.apache.solr.search.TermQParserPlugin",2,1.00,1.00,5,0.05,464.34,3,1,9,3,11,98.85,15,9,1,2,141.14,0.00,0.50,0.00,0,2.00,1,141.84,0,1,11,org.apache.solr.search.QParserPlugin,0.00,1,1,2,0,1,1,0,1,39,1
"org.apache.solr.search.TermQParserPlugin$QParser",1,0.00,2.00,11,0.15,4548.04,1,0,9,9,6,103.19,0,14,0,1,103.19,0.00,0.00,0.00,0,1.00,2,451.18,0,1,6,java.lang.Object,0.00,8,0,2,0,8,0,0,0,90,0
"org.apache.solr.search.TestDocSet",18,0.10,2.67,232,2.67,135416.33,22,4,15,59,15,57.70,135,216,0,2,99.99,0.00,0.50,0.15,10,34.00,8,8007.58,0,10,15,org.apache.lucene.util.LuceneTestCase,0.00,41,1,48,0,41,8,0,23,1561,1
"org.apache.solr.search.TestDocSet$FilterIndexReader",3,0.00,1.00,7,0.04,510.41,3,0,15,3,1,142.20,0,13,0,1,142.20,0.00,0.00,0.00,0,3.00,1,124.53,0,1,1,java.lang.Object,0.00,0,0,3,0,0,2,0,0,39,0
"org.apache.solr.search.TestExtendedDismaxParser",5,0.00,1.00,63,1.46,45461.28,5,0,1,5,1,57.28,35,167,0,3,99.57,0.00,0.67,0.00,0,5.00,1,4375.86,7,2,1,org.apache.solr.util.AbstractSolrTestCase,0.32,0,2,5,0,0,3,0,18,672,1
"org.apache.solr.search.TestFastLRUCache",14,0.00,2.50,280,4.53,221433.18,14,0,9,70,6,109.81,49,277,0,2,89.19,0.00,0.50,0.00,4,14.00,6,13591.68,0,1,6,org.apache.lucene.util.LuceneTestCase,0.00,56,1,35,0,56,13,0,13,2321,1
"org.apache.solr.search.TestFastLRUCache$CacheRegenerator",1,0.00,1.00,4,0.04,577.51,1,0,9,2,2,126.80,0,6,0,1,126.80,0.00,0.00,0.00,0,1.00,1,124.69,0,0,2,java.lang.Object,0.00,1,0,1,0,1,1,0,0,31,0
"org.apache.solr.search.TestFastLRUCache$Thread",1,0.00,1.00,4,0.04,539.08,1,0,9,3,0,127.03,0,6,0,1,127.03,0.00,0.00,0.00,0,1.00,1,122.20,0,0,0,java.lang.Object,0.00,2,0,1,0,2,1,0,0,30,0
"org.apache.solr.search.TestFiltering",5,0.50,10.20,190,3.14,320868.51,6,1,7,36,5,73.92,24,219,0,3,73.68,0.00,0.67,0.60,2,2.00,25,9428.16,7,2,5,org.apache.solr.SolrTestCaseJ4,0.00,31,2,51,0,31,3,0,24,1485,1
"org.apache.solr.search.TestFiltering$Model",1,0.00,1.00,12,0.08,1505.96,5,4,7,3,1,105.72,0,14,0,1,105.72,0.00,0.00,1.00,0,0.00,1,246.16,0,0,1,java.lang.Object,0.00,2,0,1,0,2,1,0,0,66,0
"org.apache.solr.search.TestIndexSearcher",4,0.00,1.00,65,1.18,60537.90,4,0,11,23,6,133.05,10,72,0,3,93.17,0.00,0.67,0.00,1,4.00,1,3538.84,9,1,6,org.apache.solr.SolrTestCaseJ4,0.05,19,2,4,0,19,3,0,10,603,1
"org.apache.solr.search.TestLRUCache",5,0.00,2.00,94,1.60,76574.94,5,0,6,19,3,141.06,6,91,0,2,91.06,0.00,0.50,0.00,2,5.00,4,4786.32,0,1,3,org.apache.lucene.util.LuceneTestCase,0.00,14,1,10,0,14,4,0,4,820,1
"org.apache.solr.search.TestLRUCache$CacheRegenerator",1,0.00,1.00,4,0.05,759.90,1,0,6,2,2,125.86,0,7,0,1,125.86,0.00,0.00,0.00,0,1.00,1,148.23,0,0,2,java.lang.Object,0.00,1,0,1,0,1,1,0,0,35,0
"org.apache.solr.search.TestPseudoReturnFields",14,2.00,1.29,78,1.75,45217.29,16,2,8,27,1,117.24,8,340,0,3,117.24,0.00,0.67,0.00,0,14.00,3,5239.44,5,0,1,org.apache.solr.SolrTestCaseJ4,0.00,13,2,18,0,13,14,0,4,1015,1
"org.apache.solr.search.TestQueryTypes",6,0.00,1.83,91,2.17,162926.91,6,0,2,8,2,59.85,36,253,0,3,92.07,0.00,0.67,0.00,0,6.00,6,6513.11,7,3,2,org.apache.solr.util.AbstractSolrTestCase,0.32,2,2,11,0,2,3,0,36,899,1
"org.apache.solr.search.TestQueryUtils",7,0.00,1.43,83,1.54,54731.21,7,0,7,19,7,141.30,19,222,0,3,101.41,0.00,0.67,0.00,2,7.00,4,4634.40,6,2,7,org.apache.solr.util.AbstractSolrTestCase,0.31,12,2,10,0,12,5,0,17,749,1
"org.apache.solr.search.TestRangeQuery",7,0.83,4.00,168,3.98,534850.62,8,1,9,32,8,120.63,19,194,0,3,80.74,0.00,0.67,0.29,2,13.00,14,11951.97,8,0,8,org.apache.solr.SolrTestCaseJ4,0.05,25,2,28,0,25,7,0,19,1827,1
"org.apache.solr.search.TestRangeQuery$DocProcessor",1,0.00,1.00,2,0.01,34.23,1,0,9,1,1,147.69,0,3,0,1,147.69,0.00,0.00,0.00,0,1.00,1,24.41,0,0,1,,0.00,0,0,1,0,0,1,0,0,10,0
"org.apache.solr.search.TestRangeQuery$DocProcessor_0",1,0.00,1.00,3,0.02,124.93,1,0,9,2,1,136.69,0,4,0,1,136.69,0.00,0.00,0.00,0,1.00,1,58.19,0,0,1,java.lang.Object,0.00,1,0,1,0,1,1,0,0,18,0
"org.apache.solr.search.TestRealTimeGet",6,0.02,4.00,157,2.20,116304.34,14,8,22,45,20,36.03,52,185,4,3,84.14,0.00,0.67,0.15,1,14.00,8,6602.18,8,0,16,org.apache.solr.SolrTestCaseJ4,0.00,39,2,24,0,39,6,0,21,1105,1
"org.apache.solr.search.TestRealTimeGet$Thread",1,0.00,18.00,64,0.91,73214.24,2,1,22,19,2,32.43,6,86,0,1,64.65,0.00,0.00,1.00,0,0.00,18,2740.40,0,0,2,java.lang.Object,0.00,18,0,18,0,18,1,0,6,416,0
"org.apache.solr.search.TestRealTimeGet$Thread_0",1,0.00,9.00,33,0.60,30703.71,2,1,22,19,3,78.75,4,45,0,1,78.52,0.00,0.00,1.00,0,0.00,9,1806.56,0,0,3,java.lang.Object,0.00,18,0,9,0,18,1,0,4,284,0
"org.apache.solr.search.TestRealTimeGet$Thread_1",1,0.00,23.00,95,1.66,242658.27,2,1,22,30,6,80.38,19,118,0,1,54.10,0.00,0.00,1.00,0,0.00,23,4970.62,0,0,6,java.lang.Object,0.00,29,0,23,0,29,1,0,19,725,0
"org.apache.solr.search.TestRealTimeGet$Thread_2",1,0.00,10.00,36,0.60,43732.52,2,1,22,19,5,33.58,7,50,0,1,75.87,0.00,0.00,1.00,0,0.00,10,1787.45,0,0,5,java.lang.Object,0.00,18,0,10,0,18,1,0,7,287,0
"org.apache.solr.search.TestSearchPerf",13,0.46,2.00,144,2.17,83391.69,15,2,11,52,16,152.01,19,156,0,3,102.01,0.00,0.67,0.08,5,35.00,9,6517.44,6,3,16,org.apache.solr.util.AbstractSolrTestCase,0.27,39,2,26,0,39,10,0,17,1139,1
"org.apache.solr.search.TestSolrQueryParser",4,0.00,1.00,36,0.45,15522.51,4,0,4,14,3,107.14,3,48,0,3,107.14,0.00,0.67,0.00,1,4.00,1,1352.89,6,0,3,org.apache.solr.SolrTestCaseJ4,0.00,10,2,4,0,10,4,0,3,281,1
"org.apache.solr.search.TestSort",4,0.11,7.25,158,3.09,288486.96,10,6,20,73,27,122.94,7,177,0,3,72.94,0.00,0.67,0.25,0,0.00,14,9279.00,1,1,27,org.apache.solr.SolrTestCaseJ4,0.00,69,2,29,0,69,3,0,7,1351,1
"org.apache.solr.search.TestSort$Collector",4,0.67,1.00,12,0.12,2014.05,5,1,20,9,1,131.92,0,20,0,1,131.92,0.00,0.00,0.50,0,4.00,1,359.24,0,0,1,java.lang.Object,0.00,5,0,4,0,5,4,0,0,93,0
"org.apache.solr.search.TestSort$Comparator<MyDoc>",1,0.00,10.00,14,0.23,13794.09,1,0,20,2,0,95.12,0,16,0,1,95.12,0.00,0.00,0.00,0,1.00,10,680.47,0,0,0,java.lang.Object,0.00,1,0,10,0,1,1,0,0,138,0
"org.apache.solr.search.TestSort$Filter",1,0.00,1.00,3,0.05,639.09,1,0,20,4,3,131.11,0,5,0,1,131.11,0.00,0.00,0.00,0,1.00,1,135.38,0,1,3,java.lang.Object,0.00,3,0,1,0,3,0,0,0,33,0
"org.apache.solr.search.TestSort$MyDoc",1,0.00,1.00,6,0.05,493.71,4,3,20,1,0,120.76,0,9,0,1,120.76,0.00,0.00,1.00,0,0.00,1,150.48,0,1,0,java.lang.Object,0.00,0,0,1,0,0,0,0,0,40,1
"org.apache.solr.search.TestSurroundQueryParser",5,0.00,1.00,31,0.35,8703.96,5,0,1,5,1,156.34,10,43,0,3,116.45,0.00,0.67,0.00,0,5.00,1,1035.81,7,2,1,org.apache.solr.util.AbstractSolrTestCase,0.32,0,2,5,0,0,3,0,10,218,1
"org.apache.solr.search.TestValueSourceCache",6,0.80,1.83,61,0.87,28842.43,7,1,6,16,7,154.56,7,88,0,3,104.56,0.00,0.67,0.33,3,10.00,4,2609.17,1,1,7,org.apache.solr.SolrTestCaseJ4,0.00,10,2,11,0,10,5,0,7,502,1
"org.apache.solr.search.ValueSourceParser",8,0.71,2.12,143,1.62,80658.03,9,1,27,35,33,114.02,27,153,8,1,93.40,0.00,0.00,0.38,3,14.00,5,4856.14,0,3,27,java.lang.Object,0.00,27,0,17,4,27,5,1,13,891,2
"org.apache.solr.search.ValueSourceParser$DateValueSourceParser",4,1.00,4.50,32,0.58,38428.96,5,1,27,20,9,126.22,12,46,0,2,105.60,0.00,0.50,0.25,1,6.00,11,1743.66,0,3,9,org.apache.solr.search.ValueSourceParser,0.17,16,1,18,0,16,1,0,12,341,0
"org.apache.solr.search.ValueSourceParser$DateValueSourceParser$DualFloatFunction_69",2,0.00,1.00,5,0.05,945.09,2,0,27,3,1,138.71,0,9,0,1,138.71,0.00,0.00,0.00,0,2.00,1,162.41,0,1,1,java.lang.Object,0.00,1,0,2,0,1,1,0,0,44,0
"org.apache.solr.search.ValueSourceParser$DateValueSourceParser$LongConstValueSource",2,0.00,1.00,5,0.05,697.38,2,0,27,3,1,139.75,0,9,0,1,139.75,0.00,0.00,0.00,0,2.00,1,147.96,0,1,1,java.lang.Object,0.00,1,0,2,0,1,1,0,0,40,0
"org.apache.solr.search.ValueSourceParser$DateValueSourceParser$LongConstValueSource_68",2,0.00,1.00,5,0.05,691.53,2,0,27,3,1,139.78,0,9,0,1,139.78,0.00,0.00,0.00,0,2.00,1,144.06,0,1,1,java.lang.Object,0.00,1,0,2,0,1,1,0,0,39,0
"org.apache.solr.search.ValueSourceParser$Double2Parser",1,0.00,1.00,3,0.05,733.88,1,0,27,3,1,130.64,0,5,0,1,130.64,0.00,0.00,0.00,0,1.00,1,136.71,0,0,1,java.lang.Object,0.00,2,0,1,0,2,1,0,0,35,0
"org.apache.solr.search.ValueSourceParser$Double2Parser_39",1,0.00,1.00,3,0.05,733.88,1,0,27,3,1,130.64,0,5,0,1,130.64,0.00,0.00,0.00,0,1.00,1,136.71,0,0,1,java.lang.Object,0.00,2,0,1,0,2,1,0,0,35,0
"org.apache.solr.search.ValueSourceParser$Double2Parser_40",1,0.00,1.00,3,0.05,733.88,1,0,27,3,1,130.64,0,5,0,1,130.64,0.00,0.00,0.00,0,1.00,1,136.71,0,0,1,java.lang.Object,0.00,2,0,1,0,2,1,0,0,35,0
"org.apache.solr.search.ValueSourceParser$DoubleParser",1,0.00,1.00,3,0.04,516.14,1,0,27,2,2,131.84,0,5,0,1,131.84,0.00,0.00,0.00,0,1.00,1,107.52,0,0,2,java.lang.Object,0.00,1,0,1,0,1,1,0,0,28,0
"org.apache.solr.search.ValueSourceParser$DoubleParser_21",1,0.00,1.00,3,0.04,516.14,1,0,27,2,2,131.84,0,5,0,1,131.84,0.00,0.00,0.00,0,1.00,1,107.52,0,0,2,java.lang.Object,0.00,1,0,1,0,1,1,0,0,28,0
"org.apache.solr.search.ValueSourceParser$DoubleParser_22",1,0.00,1.00,3,0.04,445.17,1,0,27,3,1,132.35,0,5,0,1,132.35,0.00,0.00,0.00,0,1.00,1,105.62,0,0,1,java.lang.Object,0.00,2,0,1,0,2,1,0,0,28,0
"org.apache.solr.search.ValueSourceParser$DoubleParser_23",1,0.00,1.00,3,0.04,445.17,1,0,27,3,1,132.35,0,5,0,1,132.35,0.00,0.00,0.00,0,1.00,1,105.62,0,0,1,java.lang.Object,0.00,2,0,1,0,2,1,0,0,28,0
"org.apache.solr.search.ValueSourceParser$DoubleParser_24",1,0.00,1.00,3,0.04,445.17,1,0,27,3,1,132.35,0,5,0,1,132.35,0.00,0.00,0.00,0,1.00,1,105.62,0,0,1,java.lang.Object,0.00,2,0,1,0,2,1,0,0,28,0
"org.apache.solr.search.ValueSourceParser$DoubleParser_25",1,0.00,1.00,3,0.04,445.17,1,0,27,3,1,132.35,0,5,0,1,132.35,0.00,0.00,0.00,0,1.00,1,105.62,0,0,1,java.lang.Object,0.00,2,0,1,0,2,1,0,0,28,0
"org.apache.solr.search.ValueSourceParser$DoubleParser_26",1,0.00,1.00,3,0.04,445.17,1,0,27,3,1,132.35,0,5,0,1,132.35,0.00,0.00,0.00,0,1.00,1,105.62,0,0,1,java.lang.Object,0.00,2,0,1,0,2,1,0,0,28,0
"org.apache.solr.search.ValueSourceParser$DoubleParser_27",1,0.00,1.00,3,0.04,445.17,1,0,27,3,1,132.35,0,5,0,1,132.35,0.00,0.00,0.00,0,1.00,1,105.62,0,0,1,java.lang.Object,0.00,2,0,1,0,2,1,0,0,28,0
"org.apache.solr.search.ValueSourceParser$DoubleParser_28",1,0.00,1.00,3,0.04,445.17,1,0,27,3,1,132.35,0,5,0,1,132.35,0.00,0.00,0.00,0,1.00,1,105.62,0,0,1,java.lang.Object,0.00,2,0,1,0,2,1,0,0,28,0
"org.apache.solr.search.ValueSourceParser$DoubleParser_29",1,0.00,1.00,3,0.04,445.17,1,0,27,3,1,132.35,0,5,0,1,132.35,0.00,0.00,0.00,0,1.00,1,105.62,0,0,1,java.lang.Object,0.00,2,0,1,0,2,1,0,0,28,0
"org.apache.solr.search.ValueSourceParser$DoubleParser_30",1,0.00,1.00,3,0.04,445.17,1,0,27,3,1,132.35,0,5,0,1,132.35,0.00,0.00,0.00,0,1.00,1,105.62,0,0,1,java.lang.Object,0.00,2,0,1,0,2,1,0,0,28,0
"org.apache.solr.search.ValueSourceParser$DoubleParser_31",1,0.00,1.00,3,0.04,445.17,1,0,27,3,1,132.35,0,5,0,1,132.35,0.00,0.00,0.00,0,1.00,1,105.62,0,0,1,java.lang.Object,0.00,2,0,1,0,2,1,0,0,28,0
"org.apache.solr.search.ValueSourceParser$DoubleParser_32",1,0.00,1.00,3,0.04,445.17,1,0,27,3,1,132.35,0,5,0,1,132.35,0.00,0.00,0.00,0,1.00,1,105.62,0,0,1,java.lang.Object,0.00,2,0,1,0,2,1,0,0,28,0
"org.apache.solr.search.ValueSourceParser$DoubleParser_33",1,0.00,1.00,3,0.04,445.17,1,0,27,3,1,132.35,0,5,0,1,132.35,0.00,0.00,0.00,0,1.00,1,105.62,0,0,1,java.lang.Object,0.00,2,0,1,0,2,1,0,0,28,0
"org.apache.solr.search.ValueSourceParser$DoubleParser_34",1,0.00,1.00,3,0.04,445.17,1,0,27,3,1,132.35,0,5,0,1,132.35,0.00,0.00,0.00,0,1.00,1,105.62,0,0,1,java.lang.Object,0.00,2,0,1,0,2,1,0,0,28,0
"org.apache.solr.search.ValueSourceParser$DoubleParser_35",1,0.00,1.00,3,0.04,445.17,1,0,27,3,1,132.35,0,5,0,1,132.35,0.00,0.00,0.00,0,1.00,1,105.62,0,0,1,java.lang.Object,0.00,2,0,1,0,2,1,0,0,28,0
"org.apache.solr.search.ValueSourceParser$DoubleParser_36",1,0.00,1.00,3,0.04,445.17,1,0,27,3,1,132.35,0,5,0,1,132.35,0.00,0.00,0.00,0,1.00,1,105.62,0,0,1,java.lang.Object,0.00,2,0,1,0,2,1,0,0,28,0
"org.apache.solr.search.ValueSourceParser$DoubleParser_37",1,0.00,1.00,3,0.04,445.17,1,0,27,3,1,132.35,0,5,0,1,132.35,0.00,0.00,0.00,0,1.00,1,105.62,0,0,1,java.lang.Object,0.00,2,0,1,0,2,1,0,0,28,0
"org.apache.solr.search.ValueSourceParser$DoubleParser_38",1,0.00,1.00,3,0.04,445.17,1,0,27,3,1,132.35,0,5,0,1,132.35,0.00,0.00,0.00,0,1.00,1,105.62,0,0,1,java.lang.Object,0.00,2,0,1,0,2,1,0,0,28,0
"org.apache.solr.search.ValueSourceParser$DoubleParser_71",3,0.00,1.00,8,0.07,753.60,3,0,27,5,4,140.87,0,12,0,2,140.87,0.00,0.50,0.00,0,3.00,1,202.94,0,1,4,org.apache.solr.search.NamedParser,0.00,2,1,3,0,2,2,0,0,58,1
"org.apache.solr.search.ValueSourceParser$DoubleParser_71$Double2Parser_72",3,0.00,1.00,8,0.08,965.95,3,0,27,5,4,140.02,0,12,0,2,140.02,0.00,0.50,0.00,0,3.00,1,226.85,0,1,4,org.apache.solr.search.NamedParser,0.00,2,1,3,0,2,2,0,0,63,1
"org.apache.solr.search.ValueSourceParser$DoubleParser_71$Double2Parser_72$BoolConstValueSource",11,0.30,1.64,26,0.25,4199.65,12,1,27,13,3,139.33,0,48,0,3,139.33,0.00,0.67,0.73,0,0.00,2,745.20,0,3,3,org.apache.lucene.queries.function.valuesource.ConstNumberSource,0.96,2,2,18,0,2,8,0,0,193,0
"org.apache.solr.search.ValueSourceParser$DoubleParser_71$Double2Parser_72$BoolConstValueSource$BoolDocValues",1,0.00,1.00,3,0.02,180.53,1,0,27,1,0,135.43,0,5,0,1,135.43,0.00,0.00,0.00,0,0.00,1,58.21,0,0,0,java.lang.Object,0.00,0,0,1,0,0,1,0,0,18,0
"org.apache.solr.search.ValueSourceParser$DoubleParser_71$Double2Parser_72$Function_73",6,0.00,1.17,24,0.33,9844.33,8,2,27,13,4,123.19,4,37,0,2,123.19,0.00,0.50,0.50,1,6.00,2,980.87,0,2,4,org.apache.lucene.queries.function.ValueSource,0.29,7,1,7,0,7,4,0,1,231,0
"org.apache.solr.search.ValueSourceParser$DoubleParser_71$Double2Parser_72$Function_73$DoubleDocValues_74",2,0.00,1.00,5,0.07,1051.02,2,0,27,6,0,138.35,0,9,0,1,138.35,0.00,0.00,0.00,0,2.00,1,212.27,0,1,0,java.lang.Object,0.00,4,0,2,0,4,1,0,0,54,0
"org.apache.solr.search.ValueSourceParser$DoubleParser_71$Function",3,0.00,1.00,8,0.07,1248.67,3,0,27,6,4,139.14,0,14,0,3,139.14,0.00,0.67,0.00,0,4.00,1,215.66,0,2,4,org.apache.lucene.queries.function.valuesource.SingleFunction,0.18,3,2,3,0,3,1,0,0,58,0
"org.apache.solr.search.ValueSourceParser$DoubleParser_71$Function$DoubleDocValues",2,0.00,1.00,5,0.06,768.98,2,0,27,5,0,139.42,0,9,0,1,139.42,0.00,0.00,0.00,0,2.00,1,168.92,0,1,0,java.lang.Object,0.00,3,0,2,0,3,1,0,0,45,0
"org.apache.solr.search.ValueSourceParser$LongConstValueSource_70",11,0.10,1.09,30,0.26,4430.50,14,3,27,13,3,139.24,0,52,0,3,139.24,0.00,0.67,0.24,0,23.00,2,771.85,0,3,3,org.apache.lucene.queries.function.valuesource.ConstNumberSource,0.96,2,2,12,0,2,8,0,0,206,0
"org.apache.solr.search.ValueSourceParser$LongConstValueSource_70$LongDocValues",5,0.00,1.00,11,0.08,931.50,5,0,27,6,0,141.89,0,21,0,1,141.89,0.00,0.00,0.00,0,13.00,1,253.50,0,1,0,java.lang.Object,0.00,1,0,5,0,1,4,0,0,73,0
"org.apache.solr.search.ValueSourceParser$MVResult",0,0.00,0.00,3,0.01,138.68,2,2,27,0,1,171.00,0,4,0,1,171.00,0.00,0.00,0.00,0,0.00,0,44.38,0,0,1,java.lang.Object,0.00,0,0,0,0,0,0,0,0,14,2
"org.apache.solr.search.ValueSourceParser$NamedParser",2,1.00,1.00,6,0.03,408.90,3,1,27,2,1,135.01,0,9,0,2,135.01,0.00,0.50,0.50,0,2.00,1,103.84,0,1,1,org.apache.solr.search.ValueSourceParser,0.00,0,1,2,0,0,1,0,0,32,1
"org.apache.solr.search.ValueSourceParser$TInfo",0,0.00,0.00,5,0.03,253.51,4,4,27,0,0,171.00,0,6,0,1,171.00,0.00,0.00,0.00,0,0.00,0,78.87,0,0,0,java.lang.Object,0.00,0,0,0,0,0,0,0,0,22,2
"org.apache.solr.search.ValueSourceParser$ValueSourceParser",1,0.00,1.00,4,0.04,742.41,1,0,27,3,4,125.94,0,6,0,1,125.94,0.00,0.00,0.00,0,1.00,1,120.37,0,1,4,java.lang.Object,0.00,2,0,1,0,2,0,0,0,30,0
"org.apache.solr.search.ValueSourceParser$ValueSourceParser_0",1,0.00,1.00,3,0.03,494.83,1,0,27,3,4,131.98,0,5,0,1,131.98,0.00,0.00,0.00,0,1.00,1,93.84,0,1,4,java.lang.Object,0.00,2,0,1,0,2,0,0,0,25,0
"org.apache.solr.search.ValueSourceParser$ValueSourceParser_1",1,0.00,1.00,4,0.04,742.41,1,0,27,3,4,125.94,0,6,0,1,125.94,0.00,0.00,0.00,0,1.00,1,120.37,0,1,4,java.lang.Object,0.00,2,0,1,0,2,0,0,0,30,0
"org.apache.solr.search.ValueSourceParser$ValueSourceParser_10",1,0.00,1.00,4,0.06,1777.83,1,0,27,5,4,122.95,0,6,0,1,122.95,0.00,0.00,0.00,0,1.00,1,189.11,0,1,4,java.lang.Object,0.00,4,0,1,0,4,0,0,0,43,0
"org.apache.solr.search.ValueSourceParser$ValueSourceParser_11",1,0.00,1.00,5,0.04,950.23,1,0,27,3,3,121.48,0,7,0,1,121.48,0.00,0.00,0.00,0,1.00,1,133.10,0,1,3,java.lang.Object,0.00,2,0,1,0,2,0,0,0,34,0
"org.apache.solr.search.ValueSourceParser$ValueSourceParser_11$DualFloatFunction",2,0.00,1.00,5,0.05,945.09,2,0,27,3,1,138.71,0,9,0,1,138.71,0.00,0.00,0.00,0,2.00,1,162.41,0,1,1,java.lang.Object,0.00,1,0,2,0,1,1,0,0,44,0
"org.apache.solr.search.ValueSourceParser$ValueSourceParser_12",1,0.00,1.00,3,0.03,494.83,1,0,27,3,4,131.98,0,5,0,1,131.98,0.00,0.00,0.00,0,1.00,1,93.84,0,1,4,java.lang.Object,0.00,2,0,1,0,2,0,0,0,25,0
"org.apache.solr.search.ValueSourceParser$ValueSourceParser_13",1,0.00,2.00,7,0.07,1756.18,1,0,27,5,5,163.77,1,10,0,1,113.77,0.00,0.00,0.00,0,1.00,2,224.22,0,1,5,java.lang.Object,0.00,4,0,2,0,4,0,0,1,50,0
"org.apache.solr.search.ValueSourceParser$ValueSourceParser_14",1,0.00,1.00,6,0.07,1578.53,1,0,27,5,6,116.79,0,8,0,1,116.79,0.00,0.00,0.00,0,1.00,1,212.33,0,1,6,java.lang.Object,0.00,4,0,1,0,4,0,0,0,48,0
"org.apache.solr.search.ValueSourceParser$ValueSourceParser_15",1,0.00,1.00,5,0.05,1269.80,1,0,27,3,4,120.49,0,7,0,1,120.49,0.00,0.00,0.00,0,1.00,1,161.73,0,1,4,java.lang.Object,0.00,2,0,1,0,2,0,0,0,39,0
"org.apache.solr.search.ValueSourceParser$ValueSourceParser_16",1,0.00,3.00,26,0.36,23083.17,1,0,27,11,7,123.49,2,31,0,1,83.61,0.00,0.00,0.00,0,1.00,3,1068.74,0,1,7,java.lang.Object,0.00,10,0,3,0,10,0,0,2,191,0
"org.apache.solr.search.ValueSourceParser$ValueSourceParser_17",1,0.00,1.00,6,0.07,1772.71,1,0,27,4,4,116.39,0,8,0,1,116.39,0.00,0.00,0.00,0,1.00,1,207.04,0,1,4,java.lang.Object,0.00,3,0,1,0,3,0,0,0,48,0
"org.apache.solr.search.ValueSourceParser$ValueSourceParser_18",1,0.00,1.00,5,0.05,1373.41,1,0,27,3,4,120.22,0,7,0,1,120.22,0.00,0.00,0.00,0,1.00,1,159.27,0,1,4,java.lang.Object,0.00,2,0,1,0,2,0,0,0,39,0
"org.apache.solr.search.ValueSourceParser$ValueSourceParser_19",1,0.00,5.00,18,0.24,7908.39,1,0,27,13,8,93.11,0,22,0,1,93.11,0.00,0.00,0.00,0,1.00,5,734.10,0,1,8,java.lang.Object,0.00,12,0,5,0,12,0,0,0,137,0
"org.apache.solr.search.ValueSourceParser$ValueSourceParser_2",1,0.00,1.00,4,0.03,646.58,1,0,27,2,3,176.41,1,6,0,1,126.41,0.00,0.00,0.00,0,1.00,1,102.01,0,1,3,java.lang.Object,0.00,1,0,1,0,1,0,0,1,27,0
"org.apache.solr.search.ValueSourceParser$ValueSourceParser_20",1,0.00,1.00,5,0.07,1393.84,1,0,27,7,4,120.17,0,7,0,1,120.17,0.00,0.00,0.00,0,1.00,1,221.62,0,1,4,java.lang.Object,0.00,6,0,1,0,6,0,0,0,50,0
"org.apache.solr.search.ValueSourceParser$ValueSourceParser_3",1,0.00,1.00,6,0.07,1772.71,1,0,27,4,4,116.39,0,8,0,1,116.39,0.00,0.00,0.00,0,1.00,1,207.04,0,1,4,java.lang.Object,0.00,3,0,1,0,3,0,0,0,48,0
"org.apache.solr.search.ValueSourceParser$ValueSourceParser_4",1,0.00,1.00,7,0.08,2442.03,1,0,27,4,4,112.80,0,9,0,1,112.80,0.00,0.00,0.00,0,1.00,1,251.00,0,1,4,java.lang.Object,0.00,3,0,1,0,3,0,0,0,57,0
"org.apache.solr.search.ValueSourceParser$ValueSourceParser_41",1,0.00,1.00,4,0.06,1777.83,1,0,27,5,4,122.95,0,6,0,1,122.95,0.00,0.00,0.00,0,1.00,1,189.11,0,1,4,java.lang.Object,0.00,4,0,1,0,4,0,0,0,43,0
"org.apache.solr.search.ValueSourceParser$ValueSourceParser_42",1,0.00,1.00,4,0.06,1777.83,1,0,27,5,4,122.95,0,6,0,1,122.95,0.00,0.00,0.00,0,1.00,1,189.11,0,1,4,java.lang.Object,0.00,4,0,1,0,4,0,0,0,43,0
"org.apache.solr.search.ValueSourceParser$ValueSourceParser_43",1,0.00,1.00,5,0.07,1649.58,1,0,27,4,4,119.59,0,7,0,1,119.59,0.00,0.00,0.00,0,1.00,1,202.95,0,1,4,java.lang.Object,0.00,3,0,1,0,3,0,0,0,45,0
"org.apache.solr.search.ValueSourceParser$ValueSourceParser_44",1,0.00,1.00,6,0.08,2138.32,1,0,27,5,4,115.75,0,8,0,1,115.75,0.00,0.00,0.00,0,1.00,1,253.34,0,1,4,java.lang.Object,0.00,4,0,1,0,4,0,0,0,54,0
"org.apache.solr.search.ValueSourceParser$ValueSourceParser_45",1,0.00,1.00,3,0.03,428.99,1,0,27,2,4,132.47,0,5,0,1,132.47,0.00,0.00,0.00,0,1.00,1,91.40,0,1,4,java.lang.Object,0.00,1,0,1,0,1,0,0,0,24,0
"org.apache.solr.search.ValueSourceParser$ValueSourceParser_46",1,0.00,1.00,3,0.03,428.99,1,0,27,2,4,132.47,0,5,0,1,132.47,0.00,0.00,0.00,0,1.00,1,91.40,0,1,4,java.lang.Object,0.00,1,0,1,0,1,0,0,0,24,0
"org.apache.solr.search.ValueSourceParser$ValueSourceParser_47",1,0.00,1.00,4,0.06,1190.99,1,0,27,3,4,124.32,0,6,0,1,124.32,0.00,0.00,0.00,0,1.00,1,173.06,0,1,4,java.lang.Object,0.00,2,0,1,0,2,0,0,0,40,0
"org.apache.solr.search.ValueSourceParser$ValueSourceParser_48",1,0.00,1.00,4,0.06,1190.99,1,0,27,3,4,124.32,0,6,0,1,124.32,0.00,0.00,0.00,0,1.00,1,173.06,0,1,4,java.lang.Object,0.00,2,0,1,0,2,0,0,0,40,0
"org.apache.solr.search.ValueSourceParser$ValueSourceParser_49",1,0.00,1.00,4,0.04,742.41,1,0,27,3,4,125.94,0,6,0,1,125.94,0.00,0.00,0.00,0,1.00,1,120.37,0,1,4,java.lang.Object,0.00,2,0,1,0,2,0,0,0,30,0
"org.apache.solr.search.ValueSourceParser$ValueSourceParser_5",1,0.00,1.00,6,0.07,1772.71,1,0,27,4,4,116.39,0,8,0,1,116.39,0.00,0.00,0.00,0,1.00,1,207.04,0,1,4,java.lang.Object,0.00,3,0,1,0,3,0,0,0,48,0
"org.apache.solr.search.ValueSourceParser$ValueSourceParser_50",1,0.00,1.00,4,0.06,1190.99,1,0,27,3,4,124.32,0,6,0,1,124.32,0.00,0.00,0.00,0,1.00,1,173.06,0,1,4,java.lang.Object,0.00,2,0,1,0,2,0,0,0,40,0
"org.apache.solr.search.ValueSourceParser$ValueSourceParser_51",1,0.00,1.00,4,0.06,1190.99,1,0,27,3,4,124.32,0,6,0,1,124.32,0.00,0.00,0.00,0,1.00,1,173.06,0,1,4,java.lang.Object,0.00,2,0,1,0,2,0,0,0,40,0
"org.apache.solr.search.ValueSourceParser$ValueSourceParser_52",1,0.00,1.00,4,0.06,1190.99,1,0,27,3,4,124.32,0,6,0,1,124.32,0.00,0.00,0.00,0,1.00,1,173.06,0,1,4,java.lang.Object,0.00,2,0,1,0,2,0,0,0,40,0
"org.apache.solr.search.ValueSourceParser$ValueSourceParser_53",1,0.00,1.00,4,0.04,742.41,1,0,27,3,4,125.94,0,6,0,1,125.94,0.00,0.00,0.00,0,1.00,1,120.37,0,1,4,java.lang.Object,0.00,2,0,1,0,2,0,0,0,30,0
"org.apache.solr.search.ValueSourceParser$ValueSourceParser_54",1,0.00,1.00,3,0.02,315.62,1,0,27,2,4,133.52,0,5,0,1,133.52,0.00,0.00,0.00,0,1.00,1,74.42,0,1,4,java.lang.Object,0.00,1,0,1,0,1,0,0,0,21,0
"org.apache.solr.search.ValueSourceParser$ValueSourceParser_55",1,0.00,1.00,3,0.02,315.62,1,0,27,2,4,133.52,0,5,0,1,133.52,0.00,0.00,0.00,0,1.00,1,74.42,0,1,4,java.lang.Object,0.00,1,0,1,0,1,0,0,0,21,0
"org.apache.solr.search.ValueSourceParser$ValueSourceParser_56",1,0.00,1.00,3,0.03,336.00,1,0,27,2,3,133.31,0,5,0,1,133.31,0.00,0.00,0.00,0,1.00,1,80.00,0,1,3,java.lang.Object,0.00,1,0,1,0,1,0,0,0,22,0
"org.apache.solr.search.ValueSourceParser$ValueSourceParser_57",1,0.00,1.00,3,0.03,336.00,1,0,27,2,3,133.31,0,5,0,1,133.31,0.00,0.00,0.00,0,1.00,1,80.00,0,1,3,java.lang.Object,0.00,1,0,1,0,1,0,0,0,22,0
"org.apache.solr.search.ValueSourceParser$ValueSourceParser_58",1,0.00,1.00,4,0.03,568.41,1,0,27,3,3,126.85,0,6,0,1,126.85,0.00,0.00,0.00,0,1.00,1,97.92,0,1,3,java.lang.Object,0.00,2,0,1,0,2,0,0,0,26,0
"org.apache.solr.search.ValueSourceParser$ValueSourceParser_58$SimpleBoolFunction",2,0.00,1.00,5,0.04,511.68,2,0,27,3,1,140.81,0,9,0,1,140.81,0.00,0.00,0.00,0,2.00,1,122.38,0,1,1,java.lang.Object,0.00,1,0,2,0,1,1,0,0,35,0
"org.apache.solr.search.ValueSourceParser$ValueSourceParser_59",1,0.00,1.00,4,0.03,568.41,1,0,27,3,3,126.85,0,6,0,1,126.85,0.00,0.00,0.00,0,1.00,1,97.92,0,1,3,java.lang.Object,0.00,2,0,1,0,2,0,0,0,26,0
"org.apache.solr.search.ValueSourceParser$ValueSourceParser_59$SimpleBoolFunction_60",2,0.00,1.00,5,0.04,594.44,2,0,27,3,1,140.30,0,9,0,1,140.30,0.00,0.00,0.00,0,2.00,1,128.15,0,1,1,java.lang.Object,0.00,1,0,2,0,1,1,0,0,36,0
"org.apache.solr.search.ValueSourceParser$ValueSourceParser_6",1,0.00,1.00,5,0.05,1373.41,1,0,27,3,4,120.22,0,7,0,1,120.22,0.00,0.00,0.00,0,1.00,1,159.27,0,1,4,java.lang.Object,0.00,2,0,1,0,2,0,0,0,39,0
"org.apache.solr.search.ValueSourceParser$ValueSourceParser_61",1,0.00,1.00,4,0.04,804.35,1,0,27,3,3,125.66,0,6,0,1,125.66,0.00,0.00,0.00,0,1.00,1,116.05,0,1,3,java.lang.Object,0.00,2,0,1,0,2,0,0,0,29,0
"org.apache.solr.search.ValueSourceParser$ValueSourceParser_61$MultiBoolFunction",2,0.00,2.00,6,0.07,1457.23,2,0,27,3,1,130.50,0,11,0,1,130.50,0.00,0.00,0.00,0,2.00,3,197.43,0,1,1,java.lang.Object,0.00,1,0,4,0,1,1,0,0,49,0
"org.apache.solr.search.ValueSourceParser$ValueSourceParser_62",1,0.00,1.00,4,0.04,804.35,1,0,27,3,3,125.66,0,6,0,1,125.66,0.00,0.00,0.00,0,1.00,1,116.05,0,1,3,java.lang.Object,0.00,2,0,1,0,2,0,0,0,29,0
"org.apache.solr.search.ValueSourceParser$ValueSourceParser_62$MultiBoolFunction_63",2,0.00,2.00,6,0.06,1296.06,2,0,27,3,1,130.90,0,11,0,1,130.90,0.00,0.00,0.00,0,2.00,3,190.85,0,1,1,java.lang.Object,0.00,1,0,4,0,1,1,0,0,48,0
"org.apache.solr.search.ValueSourceParser$ValueSourceParser_64",1,0.00,1.00,4,0.04,804.35,1,0,27,3,3,125.66,0,6,0,1,125.66,0.00,0.00,0.00,0,1.00,1,116.05,0,1,3,java.lang.Object,0.00,2,0,1,0,2,0,0,0,29,0
"org.apache.solr.search.ValueSourceParser$ValueSourceParser_64$MultiBoolFunction_65",2,0.00,2.00,9,0.10,4240.70,2,0,27,3,1,122.19,0,14,0,1,122.19,0.00,0.00,0.00,0,2.00,3,293.33,0,1,1,java.lang.Object,0.00,1,0,4,0,1,1,0,0,67,0
"org.apache.solr.search.ValueSourceParser$ValueSourceParser_66",1,0.00,1.00,6,0.07,2032.47,1,0,27,3,4,115.92,0,8,0,1,115.92,0.00,0.00,0.00,0,1.00,1,201.26,0,1,4,java.lang.Object,0.00,2,0,1,0,2,0,0,0,48,0
"org.apache.solr.search.ValueSourceParser$ValueSourceParser_67",1,0.00,1.00,3,0.03,494.83,1,0,27,3,4,131.98,0,5,0,1,131.98,0.00,0.00,0.00,0,1.00,1,93.84,0,1,4,java.lang.Object,0.00,2,0,1,0,2,0,0,0,25,0
"org.apache.solr.search.ValueSourceParser$ValueSourceParser_7",1,0.00,2.00,8,0.12,4074.91,1,0,27,5,4,108.72,0,10,0,1,108.72,0.00,0.00,0.00,0,1.00,2,346.58,0,1,4,java.lang.Object,0.00,4,0,2,0,4,0,0,0,73,0
"org.apache.solr.search.ValueSourceParser$ValueSourceParser_8",1,0.00,1.00,4,0.03,568.41,1,0,27,3,3,126.85,0,6,0,1,126.85,0.00,0.00,0.00,0,1.00,1,97.92,0,1,3,java.lang.Object,0.00,2,0,1,0,2,0,0,0,26,0
"org.apache.solr.search.ValueSourceParser$ValueSourceParser_8$SimpleFloatFunction",2,0.00,1.00,5,0.05,582.20,2,0,27,4,1,140.37,0,9,0,1,140.37,0.00,0.00,0.00,0,2.00,1,142.16,0,1,1,java.lang.Object,0.00,2,0,2,0,2,1,0,0,39,0
"org.apache.solr.search.ValueSourceParser$ValueSourceParser_9",1,0.00,1.00,4,0.06,1777.83,1,0,27,5,4,122.95,0,6,0,1,122.95,0.00,0.00,0.00,0,1.00,1,189.11,0,1,4,java.lang.Object,0.00,4,0,1,0,4,0,0,0,43,0
"org.apache.solr.search.WrappedQuery",12,0.18,1.08,30,0.29,5417.31,13,1,7,21,10,138.85,2,53,4,3,138.85,0.00,0.67,0.83,1,0.00,2,873.87,2,5,6,org.apache.solr.search.ExtendedQueryBase,0.40,9,2,13,0,9,7,0,2,233,1
"org.apache.lucene.analysis.fa.PersianAnalyzer",5,2.00,1.60,22,0.27,6468.05,7,2,14,15,12,79.80,58,34,1,3,123.93,0.00,0.67,0.00,0,7.00,2,813.79,0,3,11,org.apache.lucene.analysis.util.StopwordAnalyzerBase,0.00,10,2,8,0,10,2,0,11,182,2
"org.apache.lucene.analysis.fa.PersianAnalyzer$DefaultSetHolder",0,0.00,0.00,6,0.05,853.95,1,1,14,0,1,171.00,2,10,0,1,171.00,0.00,0.00,0.00,0,0.00,0,164.39,0,0,1,java.lang.Object,0.00,0,0,0,0,0,0,0,2,40,2
"org.apache.lucene.analysis.fa.PersianCharFilter",2,0.00,2.50,11,0.13,7537.45,2,0,3,2,4,156.44,4,18,2,4,116.55,0.00,0.75,0.00,0,2.00,4,385.51,1,0,2,org.apache.lucene.analysis.charfilter.CharFilter,0.36,0,3,5,0,0,2,0,1,84,1
"org.apache.lucene.analysis.fa.PersianNormalizationFilter",2,0.00,1.50,11,0.12,2515.75,4,2,4,8,7,160.31,5,17,3,4,120.42,0.00,0.75,0.50,0,2.00,2,367.15,0,0,4,org.apache.lucene.analysis.TokenFilter,0.29,6,3,3,0,6,2,0,1,85,2
"org.apache.lucene.analysis.fa.PersianNormalizer",1,0.00,7.00,27,0.29,9206.88,10,9,1,1,1,125.24,21,35,1,1,85.94,0.00,0.00,1.00,0,0.00,7,859.17,0,0,0,java.lang.Object,0.00,0,0,7,0,0,1,0,3,176,1
"org.apache.lucene.analysis.fa.TestPersianAnalyzer",8,0.00,1.00,83,1.39,59519.92,8,0,2,9,3,65.65,100,93,0,3,103.21,0.00,0.67,0.00,0,8.00,1,4182.69,3,0,3,org.apache.lucene.analysis.BaseTokenStreamTestCase,0.00,1,2,8,0,1,8,0,69,792,1
"org.apache.lucene.analysis.fa.TestPersianNormalizationFilter",7,0.00,1.00,17,0.15,2015.22,7,0,4,10,2,140.41,4,27,0,3,140.41,0.00,0.67,0.00,1,7.00,1,451.88,1,0,2,org.apache.lucene.analysis.BaseTokenStreamTestCase,0.00,3,2,7,0,3,7,0,1,120,1
"org.apache.lucene.index.codecs.preflexrw.PreFlexFieldsWriter",3,0.50,1.33,23,0.34,9016.62,8,5,17,10,14,112.02,2,36,1,2,112.02,0.00,0.50,0.53,0,1.00,2,1005.77,0,1,13,org.apache.lucene.index.codecs.FieldsConsumer,0.33,7,1,4,0,7,2,0,2,205,0
"org.apache.lucene.index.codecs.preflexrw.PreFlexFieldsWriter$PreFlexTermsWriter",5,0.05,1.40,26,0.34,6644.48,10,5,17,9,5,120.25,2,40,0,2,120.25,0.00,0.50,0.24,0,10.00,2,1009.90,0,2,5,org.apache.lucene.index.codecs.TermsConsumer,0.40,4,1,7,0,4,3,0,2,222,1
"org.apache.lucene.index.codecs.preflexrw.PreFlexFieldsWriter$PreFlexTermsWriter$PostingsWriter",4,0.42,3.00,46,0.57,41010.48,8,4,17,5,3,100.32,3,62,0,2,100.32,0.00,0.50,0.56,0,0.00,5,1697.03,0,1,3,org.apache.lucene.index.codecs.PostingsConsumer,0.50,1,1,12,0,1,3,0,3,320,1
"org.apache.lucene.index.codecs.preflexrw.PreFlexRWCodec",1,0.00,2.00,7,0.05,891.12,2,1,3,2,6,116.32,4,11,3,3,116.09,0.00,0.67,1.00,0,0.00,2,162.51,1,1,3,org.apache.lucene.index.codecs.lucene3x.Lucene3xCodec,0.17,1,2,2,0,1,0,0,1,41,1
"org.apache.lucene.index.codecs.preflexrw.PreFlexRWPostingsFormat",3,0.00,1.00,6,0.05,616.23,3,0,8,5,6,162.17,9,12,1,2,141.56,0.00,0.50,0.00,0,3.00,1,145.64,0,2,5,org.apache.lucene.index.codecs.lucene3x.Lucene3xPostingsFormat,0.00,2,1,3,0,2,1,0,5,42,1
"org.apache.lucene.index.codecs.preflexrw.PreFlexRWPostingsFormat$Lucene3xFields",1,0.00,4.00,14,0.15,4368.41,1,0,8,6,0,119.88,3,16,0,1,99.26,0.00,0.00,0.00,0,1.00,4,464.57,0,0,0,java.lang.Object,0.00,5,0,4,0,5,1,0,3,95,0
"org.apache.lucene.index.codecs.preflexrw.TermInfosWriter",8,0.21,3.75,116,1.87,117844.69,26,18,13,33,11,52.83,58,170,2,1,95.12,0.00,0.00,0.24,4,0.00,7,5600.18,0,0,9,java.lang.Object,0.00,25,0,30,0,25,8,1,45,1011,1
"org.apache.lucene.index.values.Bytes",3,1.00,6.33,45,0.74,40896.70,4,1,25,17,22,131.18,90,60,4,1,94.15,0.00,0.00,0.00,0,3.00,9,2228.99,0,2,19,java.lang.Object,0.00,14,0,19,0,14,1,0,14,405,2
"org.apache.lucene.index.values.Bytes$BytesReaderBase",5,0.15,1.40,36,0.42,14358.16,10,5,25,11,9,162.17,6,54,0,2,112.17,0.00,0.50,0.32,0,0.00,3,1252.46,1,2,9,org.apache.lucene.index.values.IndexDocValues,0.29,6,1,7,0,6,3,0,2,254,2
"org.apache.lucene.index.values.Bytes$BytesSortedSourceBase",5,0.09,1.20,28,0.43,13591.97,13,8,25,14,6,117.84,0,40,0,2,117.84,0.00,0.50,0.20,0,8.00,2,1302.52,0,1,6,org.apache.lucene.index.values.IndexDocValues.SortedSource,0.00,9,1,6,0,9,4,0,0,266,2
"org.apache.lucene.index.values.Bytes$BytesSourceBase",1,5.00,1.00,16,0.22,6770.70,7,6,25,5,3,95.92,0,20,0,2,95.92,0.00,0.50,0.17,0,0.00,1,660.43,0,0,3,org.apache.lucene.index.values.IndexDocValues.Source,0.00,4,1,1,0,4,1,0,0,134,2
"org.apache.lucene.index.values.Bytes$BytesWriterBase",10,0.11,1.60,54,0.61,14506.80,18,8,25,18,10,119.92,6,82,0,3,119.92,0.00,0.67,0.22,1,30.00,3,1840.07,0,4,10,org.apache.lucene.index.values.Writer,0.24,8,2,16,0,8,6,0,3,393,2
"org.apache.lucene.index.values.Bytes$DerefBytesWriterBase",12,0.02,2.58,119,1.48,88705.99,17,5,25,31,12,104.72,3,145,0,2,104.72,0.00,0.50,0.22,5,22.00,6,4446.71,0,0,12,org.apache.lucene.index.values.BytesWriterBase,0.00,19,1,31,0,19,12,0,3,872,2
"org.apache.lucene.index.values.Bytes$Mode",0,0.00,0.00,2,0.01,71.32,0,0,25,0,0,171.00,3,5,0,1,171.00,0.00,0.00,0.00,0,0.00,0,28.53,0,0,0,java.lang.Object,0.00,0,0,0,0,0,0,0,1,9,2
"org.apache.lucene.index.values.DirectSource",5,0.17,2.20,41,0.44,11124.95,8,3,4,15,6,110.77,4,65,3,2,110.77,4.00,0.17,0.47,1,0.00,4,1330.56,0,1,3,org.apache.lucene.index.values.IndexDocValues.Source,0.00,10,1,11,4,10,4,0,1,284,1
"org.apache.lucene.index.values.DirectSource$ByteToLong",1,0.00,1.00,3,0.03,363.26,1,0,4,2,1,133.04,0,6,0,2,133.04,0.00,0.50,0.00,0,1.00,1,88.73,0,0,1,org.apache.lucene.index.values.ToNumeric,0.00,1,1,1,0,1,1,0,0,25,3
"org.apache.lucene.index.values.DirectSource$IntToLong",2,0.00,1.00,5,0.05,594.56,2,0,4,4,1,140.30,0,9,0,2,140.30,0.00,0.50,0.00,0,2.00,1,157.26,0,0,1,org.apache.lucene.index.values.ToNumeric,0.00,2,1,2,0,2,2,0,0,43,3
"org.apache.lucene.index.values.DirectSource$LongToLong",2,0.00,1.00,5,0.05,594.56,2,0,4,4,1,140.30,0,9,0,2,140.30,0.00,0.50,0.00,0,2.00,1,157.26,0,0,1,org.apache.lucene.index.values.ToNumeric,0.00,2,1,2,0,2,2,0,0,43,3
"org.apache.lucene.index.values.DirectSource$ShortToLong",1,0.00,1.00,3,0.03,363.26,1,0,4,2,1,133.04,0,6,0,2,133.04,0.00,0.50,0.00,0,1.00,1,88.73,0,0,1,org.apache.lucene.index.values.ToNumeric,0.00,1,1,1,0,1,1,0,0,25,3
"org.apache.lucene.index.values.DirectSource$ToNumeric",2,0.00,1.00,4,0.03,227.00,2,0,4,2,1,143.59,0,6,0,1,143.59,0.00,0.00,0.00,1,2.00,1,89.01,0,0,1,java.lang.Object,0.00,0,0,2,0,0,2,0,0,28,3
"org.apache.lucene.index.values.FixedDerefBytesImpl",0,0.00,0.00,8,0.08,1134.78,3,3,12,0,9,171.00,5,9,0,1,171.00,0.00,0.00,0.00,0,0.00,0,252.17,0,0,9,java.lang.Object,0.00,0,0,0,0,0,0,0,3,55,0
"org.apache.lucene.index.values.FixedDerefBytesImpl$DirectFixedDerefSource",2,0.00,1.00,10,0.12,1896.59,4,2,12,5,4,121.48,0,15,0,3,121.48,0.00,0.67,0.50,0,2.00,1,353.85,0,0,4,org.apache.lucene.index.values.DirectSource,0.43,3,2,2,0,3,2,0,0,84,2
"org.apache.lucene.index.values.FixedDerefBytesImpl$FixedDerefReader",4,0.33,1.00,13,0.16,1917.96,6,2,12,9,3,132.09,0,22,0,2,132.09,0.00,0.50,0.75,0,0.00,1,468.05,0,0,3,org.apache.lucene.index.values.Bytes.BytesReaderBase,0.00,5,1,4,0,5,4,0,0,112,2
"org.apache.lucene.index.values.FixedDerefBytesImpl$FixedDerefSource",2,0.50,1.00,10,0.15,2995.00,4,2,12,6,5,119.92,0,15,0,2,119.92,0.00,0.50,0.75,0,0.00,1,447.04,0,1,5,org.apache.lucene.index.values.Bytes.BytesSourceBase,0.00,4,1,2,0,4,1,0,0,100,2
"org.apache.lucene.index.values.FixedDerefBytesImpl$Writer",2,0.00,2.00,18,0.23,9141.17,2,0,12,10,5,106.42,0,22,0,2,106.42,0.00,0.50,0.00,0,2.00,3,685.32,0,0,5,org.apache.lucene.index.values.Bytes.DerefBytesWriterBase,0.00,8,1,4,0,8,2,0,0,135,2
"org.apache.lucene.index.values.FixedSortedBytesImpl",0,0.00,0.00,8,0.08,979.63,3,3,18,0,10,171.00,5,9,0,1,171.00,0.00,0.00,0.00,0,0.00,0,248.80,0,0,10,java.lang.Object,0.00,0,0,0,0,0,0,0,3,55,0
"org.apache.lucene.index.values.FixedSortedBytesImpl$DirectFixedSortedSource",5,0.15,1.20,28,0.31,7406.83,10,5,18,12,4,119.92,0,42,0,2,119.92,0.00,0.50,0.32,0,4.00,2,937.37,0,2,4,org.apache.lucene.index.values.IndexDocValues.SortedSource,0.00,7,1,6,0,7,3,0,0,206,2
"org.apache.lucene.index.values.FixedSortedBytesImpl$FixedSortedSource",3,0.25,1.00,12,0.14,2619.26,5,2,18,5,3,125.38,0,20,0,2,125.38,0.00,0.50,0.33,0,5.00,1,421.48,0,1,3,org.apache.lucene.index.values.Bytes.BytesSortedSourceBase,0.00,2,1,3,0,2,2,0,0,100,2
"org.apache.lucene.index.values.FixedSortedBytesImpl$Reader",4,0.56,1.00,15,0.20,3040.91,7,3,18,9,4,130.52,0,26,0,2,130.52,0.00,0.50,0.75,0,0.00,1,599.89,0,0,4,org.apache.lucene.index.values.Bytes.BytesReaderBase,0.00,5,1,4,0,5,4,0,0,135,2
"org.apache.lucene.index.values.FixedSortedBytesImpl$Writer",3,0.50,2.33,47,0.70,35504.00,4,1,18,24,11,144.86,3,58,0,2,94.86,0.00,0.50,0.67,0,2.00,3,2104.84,0,0,11,org.apache.lucene.index.values.Bytes.DerefBytesWriterBase,0.00,21,1,7,0,21,3,0,3,370,2
"org.apache.lucene.index.values.FixedStraightBytesImpl",0,0.00,0.00,10,0.11,1996.89,3,3,17,0,11,171.00,6,11,0,1,171.00,0.00,0.00,0.00,0,0.00,0,344.92,0,0,11,java.lang.Object,0.00,0,0,0,0,0,0,0,4,71,0
"org.apache.lucene.index.values.FixedStraightBytesImpl$DirectFixedStraightSource",2,1.00,1.00,8,0.08,1242.72,3,1,17,3,3,126.54,0,12,0,3,126.54,0.00,0.67,0.50,0,2.00,1,232.53,0,0,3,org.apache.lucene.index.values.DirectSource,0.43,1,2,2,0,1,2,0,0,59,3
"org.apache.lucene.index.values.FixedStraightBytesImpl$FixedBytesWriterBase",7,0.25,2.00,47,0.58,22618.58,11,4,17,16,6,114.18,1,61,0,2,114.18,0.00,0.50,0.46,1,0.00,5,1726.60,0,0,6,org.apache.lucene.index.values.Bytes.BytesWriterBase,0.00,9,1,14,0,9,7,0,1,356,2
"org.apache.lucene.index.values.FixedStraightBytesImpl$FixedStraightReader",6,0.10,1.17,17,0.23,3550.39,8,2,17,12,3,137.91,0,29,0,2,137.91,0.00,0.50,0.42,0,2.00,2,691.37,0,2,3,org.apache.lucene.index.values.Bytes.BytesReaderBase,0.00,6,1,7,0,6,4,0,0,164,2
"org.apache.lucene.index.values.FixedStraightBytesImpl$FixedStraightSource",2,1.00,1.00,7,0.10,1762.10,3,1,17,4,4,130.01,0,13,0,2,130.01,0.00,0.50,0.50,0,2.00,1,291.72,0,1,4,org.apache.lucene.index.values.Bytes.BytesSourceBase,0.00,2,1,2,0,2,1,0,0,70,3
"org.apache.lucene.index.values.FixedStraightBytesImpl$SingleByteSource",4,0.33,1.00,17,0.16,2912.26,5,1,17,6,4,126.00,0,27,0,2,126.00,0.00,0.50,0.75,0,0.00,1,478.56,0,2,4,org.apache.lucene.index.values.Source,0.00,2,1,4,0,2,2,0,0,114,3
"org.apache.lucene.index.values.FixedStraightBytesImpl$Writer",8,0.21,2.75,80,0.96,58863.88,10,2,17,19,7,103.02,5,112,0,2,103.02,0.00,0.50,0.31,2,20.00,8,2868.74,1,0,7,org.apache.lucene.index.values.FixedBytesWriterBase,0.00,11,1,22,0,11,8,0,5,542,1
"org.apache.lucene.index.values.Floats",3,3.00,1.00,15,0.21,3779.26,6,3,8,6,11,141.13,9,25,3,1,120.51,0.00,0.00,0.00,0,3.00,1,618.54,0,0,9,java.lang.Object,0.00,3,0,3,0,3,3,0,1,138,1
"org.apache.lucene.index.values.Floats$FloatsReader",2,0.00,1.00,11,0.14,2672.26,3,1,8,6,6,120.31,0,18,0,2,120.31,0.00,0.50,1.00,0,0.00,1,428.65,0,1,6,FixedStraightBytesImpl.FixedStraightReader,0.00,4,1,2,0,4,1,0,0,93,2
"org.apache.lucene.index.values.Floats$FloatsWriter",5,0.00,1.00,20,0.27,4733.25,7,2,8,12,8,125.11,1,30,0,2,125.11,0.00,0.50,0.50,1,0.00,1,804.46,1,0,8,FixedStraightBytesImpl.Writer,0.00,7,1,5,0,7,5,0,1,181,2
"org.apache.lucene.index.values.IndexDocValues",9,0.25,1.11,26,0.25,5942.48,12,3,10,17,42,87.54,89,35,35,1,137.54,0.00,0.00,0.11,0,26.00,2,763.55,0,2,9,java.lang.Object,0.00,8,0,10,4,8,7,1,12,187,2
"org.apache.lucene.index.values.IndexDocValues$PackedInts.Reader",5,0.00,1.00,11,0.07,779.57,5,0,10,5,0,142.50,0,21,0,1,142.50,0.00,0.00,0.00,0,5.00,1,206.61,0,1,0,java.lang.Object,0.00,0,0,5,0,0,4,0,0,63,0
"org.apache.lucene.index.values.IndexDocValues$SortedSource",10,0.89,1.40,36,0.36,18495.69,11,1,10,11,2,167.28,28,49,0,2,127.40,0.00,0.50,0.20,2,22.00,4,1075.70,0,5,2,org.apache.lucene.index.values.Source,0.00,1,1,14,0,1,5,0,6,252,3
"org.apache.lucene.index.values.IndexDocValues$SortedSource_1",6,0.00,1.17,19,0.16,3024.04,6,0,10,6,1,131.89,0,32,0,1,131.89,0.00,0.00,0.00,0,6.00,2,472.87,0,3,1,java.lang.Object,0.00,0,0,7,0,0,3,0,0,122,0
"org.apache.lucene.index.values.IndexDocValues$Source",8,1.00,1.00,18,0.11,1079.59,9,1,10,9,2,125.12,45,27,0,1,143.00,0.00,0.00,0.12,0,14.00,1,324.55,0,2,2,java.lang.Object,0.00,1,0,8,0,1,6,0,7,97,3
"org.apache.lucene.index.values.IndexDocValues$Source_0",3,0.00,1.00,8,0.06,847.65,3,0,10,3,1,140.47,0,14,0,1,140.47,0.00,0.00,0.00,0,3.00,1,188.82,0,1,1,java.lang.Object,0.00,0,0,3,0,0,2,0,0,52,0
"org.apache.lucene.index.values.IndexDocValuesArray",5,2.00,1.00,28,0.34,7864.27,7,2,8,7,15,140.37,19,37,11,2,119.75,6.00,0.12,0.00,0,5.00,1,1011.27,0,1,4,org.apache.lucene.index.values.IndexDocValues.Source,0.00,2,1,5,6,2,4,0,2,231,1
"org.apache.lucene.index.values.IndexDocValuesArray$ByteValues",6,0.40,1.00,18,0.20,3457.36,7,1,8,8,4,131.46,0,29,0,3,131.46,0.00,0.67,0.67,0,0.00,1,608.28,0,0,4,org.apache.lucene.index.values.IndexDocValuesArray,0.00,2,2,6,0,2,6,0,0,147,2
"org.apache.lucene.index.values.IndexDocValuesArray$DoubleValues",5,0.25,1.20,20,0.21,4539.38,6,1,8,8,4,125.21,4,28,0,3,125.21,0.00,0.67,0.80,0,0.00,2,641.98,0,0,4,org.apache.lucene.index.values.IndexDocValuesArray,0.00,3,2,6,0,3,5,0,1,148,2
"org.apache.lucene.index.values.IndexDocValuesArray$FloatValues",6,0.40,1.17,22,0.24,4832.11,7,1,8,11,5,130.28,4,32,0,3,130.28,0.00,0.67,0.67,0,0.00,2,733.98,0,0,5,org.apache.lucene.index.values.IndexDocValuesArray,0.00,5,2,7,0,5,6,0,1,171,2
"org.apache.lucene.index.values.IndexDocValuesArray$IntValues",6,0.40,1.17,22,0.23,4902.58,7,1,8,9,5,130.23,0,31,0,3,130.23,0.00,0.67,0.67,0,0.00,2,699.50,0,0,5,org.apache.lucene.index.values.IndexDocValuesArray,0.00,3,2,7,0,3,6,0,0,165,2
"org.apache.lucene.index.values.IndexDocValuesArray$LongValues",5,0.25,1.20,20,0.21,4402.21,6,1,8,7,4,125.31,0,28,0,3,125.31,0.00,0.67,0.80,0,0.00,2,617.25,0,0,4,org.apache.lucene.index.values.IndexDocValuesArray,0.00,2,2,6,0,2,5,0,0,144,2
"org.apache.lucene.index.values.IndexDocValuesArray$ShortValues",6,0.40,1.17,22,0.23,4623.25,7,1,8,9,5,130.43,0,31,0,3,130.43,0.00,0.67,0.67,0,0.00,2,689.59,0,0,5,org.apache.lucene.index.values.IndexDocValuesArray,0.00,3,2,7,0,3,6,0,0,163,2
"org.apache.lucene.index.values.Ints",5,3.00,1.40,25,0.37,9391.26,8,3,7,10,11,169.07,5,47,3,1,119.07,0.00,0.00,0.00,0,5.00,2,1120.69,0,1,9,java.lang.Object,0.00,5,0,7,0,5,4,0,1,239,2
"org.apache.lucene.index.values.Ints$IntsReader",2,0.00,1.00,12,0.15,2854.41,3,1,7,6,6,117.13,0,20,0,2,117.13,0.00,0.50,1.00,0,0.00,1,448.83,0,0,6,FixedStraightBytesImpl.FixedStraightReader,0.00,4,1,2,0,4,2,0,0,97,2
"org.apache.lucene.index.values.Ints$IntsWriter",6,0.40,1.00,20,0.30,4753.63,7,1,7,13,8,130.37,1,33,0,2,130.37,0.00,0.50,0.67,1,2.00,1,892.90,1,0,8,FixedStraightBytesImpl.Writer,0.00,7,1,6,0,7,6,0,1,202,1
"org.apache.lucene.index.values.MultiIndexDocValues",7,0.04,1.43,40,0.45,22268.79,11,4,4,16,7,167.26,9,53,2,2,117.26,0.00,0.50,0.29,1,20.00,4,1351.15,0,0,5,org.apache.lucene.index.values.IndexDocValues,0.50,9,1,10,0,9,7,0,3,287,1
"org.apache.lucene.index.values.MultiIndexDocValues$DocValuesIndex",1,4.00,1.00,9,0.08,1545.09,5,4,4,1,1,110.29,0,11,0,1,110.29,0.00,0.00,0.00,0,1.00,1,238.50,0,0,1,java.lang.Object,0.00,0,0,1,0,0,1,0,0,61,2
"org.apache.lucene.index.values.MultiIndexDocValues$EmptyDocValues",4,0.17,1.00,12,0.10,1337.68,6,2,4,6,2,133.32,0,20,0,2,133.32,0.00,0.50,0.38,0,0.00,1,294.41,0,0,2,org.apache.lucene.index.values.IndexDocValues,0.46,2,1,4,0,2,4,0,0,80,2
"org.apache.lucene.index.values.MultiIndexDocValues$EmptySource",4,0.00,1.00,10,0.08,954.36,4,0,4,4,2,141.05,0,19,0,2,141.05,0.00,0.50,0.00,0,4.00,1,226.86,0,1,2,org.apache.lucene.index.values.Source,0.00,0,1,4,0,0,3,0,0,64,2
"org.apache.lucene.index.values.MultiIndexDocValues$MultiSource",5,0.17,1.60,38,0.48,23891.53,11,6,4,14,2,110.39,2,49,0,2,110.39,0.00,0.50,0.30,1,0.00,4,1445.53,0,1,2,org.apache.lucene.index.values.Source,0.00,9,1,8,0,9,4,0,2,297,2
"org.apache.lucene.index.values.PackedIntValues",0,0.00,0.00,9,0.10,1409.45,5,5,14,0,10,171.00,9,10,0,1,171.00,0.00,0.00,0.00,0,0.00,0,304.31,0,0,10,java.lang.Object,0.00,0,0,0,0,0,0,0,2,64,0
"org.apache.lucene.index.values.PackedIntValues$PackedIntsReader",5,0.25,2.00,37,0.46,14196.82,9,4,14,16,10,112.12,4,57,0,2,112.12,0.00,0.50,0.45,0,0.00,3,1379.07,1,2,10,org.apache.lucene.index.values.IndexDocValues,0.57,11,1,10,0,11,3,0,1,277,1
"org.apache.lucene.index.values.PackedIntValues$PackedIntsSource",3,0.50,1.67,17,0.20,4590.38,6,3,14,9,4,169.73,3,23,0,2,119.73,0.00,0.50,0.67,1,1.00,2,605.37,0,1,4,org.apache.lucene.index.values.IndexDocValues.Source,0.00,6,1,5,0,6,2,0,3,137,1
"org.apache.lucene.index.values.PackedIntValues$PackedIntsWriter",6,0.20,2.83,65,0.79,41470.84,10,4,14,24,8,103.22,5,84,0,2,103.22,0.00,0.50,0.42,2,10.00,5,2364.59,0,0,8,org.apache.lucene.index.values.FixedStraightBytesImpl.FixedBytesWriterBase,0.00,18,1,17,0,18,6,0,5,456,1
"org.apache.lucene.index.values.PerDocFieldValues",12,0.00,1.00,13,0.09,531.11,12,0,4,12,15,158.27,48,14,13,1,158.04,0.00,0.00,0.00,0,12.00,1,270.60,0,2,4,,0.00,0,0,12,0,0,10,0,13,93,1
"org.apache.lucene.index.values.SortedBytesMergeUtils",5,0.00,3.40,81,1.21,94170.99,5,0,14,25,10,74.27,27,101,2,1,92.14,0.00,0.00,0.00,1,5.00,5,3635.86,0,1,8,java.lang.Object,0.00,20,0,17,0,20,4,0,12,652,1
"org.apache.lucene.index.values.SortedBytesMergeUtils$MergeContext",1,4.00,2.00,16,0.20,6545.07,7,6,14,3,3,135.76,2,20,0,1,95.87,0.00,0.00,0.33,0,0.00,2,585.00,0,0,3,java.lang.Object,0.00,2,0,2,0,2,1,0,2,119,3
"org.apache.lucene.index.values.SortedBytesMergeUtils$MergeQueue",2,1.00,1.50,11,0.13,3265.14,3,1,14,3,2,119.53,1,17,0,2,119.53,0.00,0.50,0.50,0,2.00,2,381.14,0,0,2,org.apache.lucene.util.PriorityQueue,0.00,1,1,3,0,1,2,0,1,88,3
"org.apache.lucene.index.values.SortedBytesMergeUtils$MissingValueSource",5,1.00,1.00,14,0.11,1503.85,6,1,14,6,1,140.26,0,24,0,2,140.26,0.00,0.50,0.20,0,8.00,1,342.70,0,2,1,org.apache.lucene.index.values.IndexDocValues.SortedSource,0.00,1,1,5,0,1,3,0,0,94,3
"org.apache.lucene.index.values.SortedBytesMergeUtils$RecordMerger",3,0.70,2.33,30,0.32,12033.56,8,5,14,9,1,155.13,4,36,0,1,105.13,0.00,0.00,0.67,0,1.00,3,968.39,0,0,1,java.lang.Object,0.00,6,0,7,0,6,3,0,4,206,3
"org.apache.lucene.index.values.SortedBytesMergeUtils$SortedSourceSlice",4,0.08,2.00,40,0.42,13326.54,12,8,14,8,2,145.68,11,44,0,1,105.80,0.00,0.00,0.19,0,4.00,3,1270.81,0,1,2,java.lang.Object,0.00,4,0,8,0,4,3,0,6,272,1
"org.apache.lucene.index.values.SourceCache",3,0.00,1.00,6,0.05,466.98,3,0,3,3,3,122.37,43,8,2,1,142.51,0.00,0.00,0.00,1,3.00,1,138.29,0,1,2,java.lang.Object,0.00,0,0,3,1,0,2,0,5,43,2
"org.apache.lucene.index.values.SourceCache$DirectSourceCache",2,0.00,1.50,8,0.07,1252.52,3,1,3,3,2,126.42,0,12,0,2,126.42,0.00,0.50,1.00,0,0.00,2,198.04,0,1,2,org.apache.lucene.index.values.SourceCache,0.80,1,1,3,0,1,1,0,0,51,3
"org.apache.lucene.index.values.TestDocValues",19,1.00,2.89,335,5.34,409164.56,20,1,10,65,11,90.73,9,332,0,2,90.73,0.00,0.50,0.05,4,36.00,16,16025.05,0,2,11,org.apache.lucene.util.LuceneTestCase,0.00,46,1,55,0,46,17,0,9,2689,1
"org.apache.lucene.index.values.TestDocValuesIndexing",15,0.43,4.67,367,6.49,580298.92,17,2,33,101,29,122.92,36,473,0,2,83.03,0.00,0.50,0.10,6,50.00,19,19456.29,1,4,29,org.apache.lucene.util.LuceneTestCase,0.00,86,1,70,0,86,11,0,27,3068,1
"org.apache.lucene.index.values.TestTypePromotion",10,0.08,3.80,179,3.02,192650.96,14,4,20,68,15,130.94,23,241,0,2,91.05,0.00,0.50,0.18,3,38.00,13,9070.83,1,1,15,org.apache.lucene.util.LuceneTestCase,0.00,58,1,38,0,58,9,0,8,1506,1
"org.apache.lucene.index.values.TestTypePromotion$TestType",0,0.00,0.00,2,0.01,48.00,0,0,20,0,0,171.00,0,3,0,1,171.00,0.00,0.00,0.00,0,0.00,0,24.00,0,0,0,java.lang.Object,0.00,0,0,0,0,0,0,0,0,8,2
"org.apache.lucene.index.values.TypePromoter",7,0.15,1.57,66,1.18,65877.23,26,19,2,12,5,55.90,57,102,4,1,104.01,0.00,0.00,0.18,1,17.00,4,3548.35,0,4,1,java.lang.Object,0.00,5,0,11,1,5,3,0,11,672,1
"org.apache.lucene.index.values.TypePromoter$IdentityTypePromoter",2,0.00,1.00,5,0.03,367.20,2,0,2,2,1,141.94,0,9,0,2,141.94,0.00,0.50,0.00,0,2.00,1,99.38,0,0,1,org.apache.lucene.index.values.TypePromoter,0.22,0,1,2,0,0,2,0,0,31,2
"org.apache.lucene.index.values.ValueType",0,0.00,0.00,2,0.02,104.23,0,0,5,0,78,171.00,22,14,75,1,171.00,0.00,0.00,0.00,0,0.00,0,69.49,0,0,3,java.lang.Object,0.00,0,0,0,0,0,0,0,2,17,1
"org.apache.lucene.index.values.VarDerefBytesImpl",0,0.00,0.00,8,0.08,1114.15,3,3,12,0,9,171.00,15,9,0,1,171.00,0.00,0.00,0.00,0,0.00,0,247.59,0,0,9,java.lang.Object,0.00,0,0,0,0,0,0,0,5,54,0
"org.apache.lucene.index.values.VarDerefBytesImpl$DirectVarDerefSource",2,1.00,1.50,12,0.17,4936.66,3,1,12,6,4,115.17,1,18,0,3,115.17,0.00,0.67,0.50,0,2.00,2,495.18,0,0,4,org.apache.lucene.index.values.DirectSource,0.43,4,2,3,0,4,2,0,1,106,2
"org.apache.lucene.index.values.VarDerefBytesImpl$VarDerefReader",3,0.50,1.00,9,0.12,1440.62,4,1,12,7,3,132.09,0,16,0,2,132.09,0.00,0.50,0.67,0,1.00,1,359.21,0,0,3,org.apache.lucene.index.values.Bytes.BytesReaderBase,0.00,4,1,3,0,4,3,0,0,86,2
"org.apache.lucene.index.values.VarDerefBytesImpl$VarDerefSource",2,0.00,1.00,7,0.10,1498.86,3,1,12,6,5,130.56,0,14,0,2,130.56,0.00,0.50,1.00,0,0.00,1,302.88,0,1,5,org.apache.lucene.index.values.Bytes.BytesSourceBase,0.00,4,1,2,0,4,1,0,0,72,2
"org.apache.lucene.index.values.VarDerefBytesImpl$Writer",3,0.00,1.33,23,0.30,14511.51,3,0,12,12,5,160.39,4,28,0,2,110.39,0.00,0.50,0.00,0,4.00,2,914.19,0,0,5,org.apache.lucene.index.values.Bytes.DerefBytesWriterBase,0.00,9,1,4,0,9,3,0,4,177,1
"org.apache.lucene.index.values.VarSortedBytesImpl",0,0.00,0.00,8,0.09,1363.55,3,3,18,0,10,171.00,6,9,0,1,171.00,0.00,0.00,0.00,0,0.00,0,269.34,0,0,10,java.lang.Object,0.00,0,0,0,0,0,0,0,4,58,1
"org.apache.lucene.index.values.VarSortedBytesImpl$DirectSortedSource",5,0.25,1.20,33,0.41,12287.94,10,5,18,15,4,115.23,4,46,0,2,115.23,0.00,0.50,0.40,0,0.00,2,1231.27,0,2,4,org.apache.lucene.index.values.IndexDocValues.SortedSource,0.00,10,1,6,0,10,3,0,4,258,3
"org.apache.lucene.index.values.VarSortedBytesImpl$Reader",3,0.50,1.00,9,0.16,2310.07,4,1,18,6,4,130.47,0,18,0,2,130.47,0.00,0.50,0.67,0,2.00,1,470.25,0,2,4,org.apache.lucene.index.values.Bytes.BytesReaderBase,0.00,3,1,3,0,3,1,0,0,106,2
"org.apache.lucene.index.values.VarSortedBytesImpl$VarSortedSource",3,0.50,1.00,13,0.17,3863.07,4,1,18,8,3,124.05,1,20,0,2,124.05,0.00,0.50,0.67,0,1.00,1,507.36,0,1,3,org.apache.lucene.index.values.Bytes.BytesSortedSourceBase,0.00,5,1,3,0,5,2,0,1,115,3
"org.apache.lucene.index.values.VarSortedBytesImpl$Writer",4,0.67,2.00,62,0.94,53914.22,5,1,18,26,11,134.34,9,74,0,2,94.45,0.00,0.50,0.50,0,6.00,4,2824.80,0,0,11,org.apache.lucene.index.values.Bytes.DerefBytesWriterBase,0.00,22,1,8,0,22,4,0,9,482,2
"org.apache.lucene.index.values.VarStraightBytesImpl",0,0.00,0.00,8,0.09,1316.53,3,3,18,0,13,171.00,4,9,0,1,171.00,0.00,0.00,0.00,0,0.00,0,260.06,0,0,13,java.lang.Object,0.00,0,0,0,0,0,0,0,2,56,0
"org.apache.lucene.index.values.VarStraightBytesImpl$DirectVarStraightSource",2,1.00,1.00,11,0.14,3373.93,3,1,18,6,4,119.51,1,16,0,3,119.51,0.00,0.67,0.50,0,2.00,1,425.21,0,0,4,org.apache.lucene.index.values.DirectSource,0.43,4,2,2,0,4,2,0,1,97,3
"org.apache.lucene.index.values.VarStraightBytesImpl$VarStraightReader",3,1.00,1.00,9,0.12,1448.18,4,1,18,6,3,132.07,0,16,0,2,132.07,0.00,0.50,0.00,0,4.00,1,345.07,0,0,3,org.apache.lucene.index.values.Bytes.BytesReaderBase,0.00,3,1,3,0,3,3,0,0,84,2
"org.apache.lucene.index.values.VarStraightBytesImpl$VarStraightSource",2,0.00,1.00,8,0.13,2933.75,3,1,18,7,5,123.61,0,14,0,2,123.61,0.00,0.50,1.00,0,0.00,1,403.40,0,1,5,org.apache.lucene.index.values.Bytes.BytesSourceBase,0.00,5,1,2,0,5,1,0,0,92,3
"org.apache.lucene.index.values.VarStraightBytesImpl$Writer",7,0.44,3.29,129,1.61,125677.56,13,6,18,35,11,140.40,10,158,0,2,90.40,0.00,0.50,0.55,1,0.00,7,4817.91,1,0,11,org.apache.lucene.index.values.Bytes.BytesWriterBase,0.00,28,1,23,0,28,7,0,10,839,1
"org.apache.lucene.index.values.Writer",9,0.33,1.33,43,0.75,45883.39,12,3,9,17,18,75.15,103,74,11,2,119.28,1.00,0.33,0.04,2,16.00,3,2243.86,0,1,10,org.apache.lucene.index.codecs.DocValuesConsumer,0.13,8,1,12,1,8,8,0,18,431,2
"org.apache.solr.common.luke.FieldFlag",4,0.33,1.50,23,0.28,6383.04,6,2,0,7,4,101.74,21,40,4,1,119.61,0.00,0.00,0.25,0,8.00,3,849.76,0,2,0,java.lang.Object,0.00,3,0,6,0,3,2,0,3,175,1
"org.apache.solr.highlight.BreakIteratorBoundaryScanner",5,0.00,3.20,29,0.54,37158.40,5,0,7,15,6,164.18,5,48,0,3,114.18,0.00,0.67,0.00,0,5.00,12,1620.68,0,5,6,org.apache.solr.highlight.SolrBoundaryScanner,0.75,10,2,16,0,10,0,0,5,297,1
"org.apache.solr.highlight.DefaultEncoder",5,0.00,1.00,11,0.09,964.94,5,0,2,6,5,191.77,7,22,0,2,141.77,0.00,0.50,0.00,0,5.00,1,272.12,0,5,5,org.apache.solr.highlight.HighlightingPluginBase,0.57,1,1,5,0,1,0,1,4,76,1
"org.apache.solr.highlight.DefaultSolrHighlighter",23,0.29,3.35,271,4.85,321336.28,26,3,41,116,54,81.36,117,364,2,2,99.23,0.00,0.50,0.06,9,160.00,20,14553.70,1,12,52,org.apache.solr.highlight.SolrHighlighter,0.00,93,1,77,0,93,11,1,42,2495,1
"org.apache.solr.highlight.DefaultSolrHighlighter$Comparator<TextFragment>",1,0.00,1.00,3,0.04,541.40,1,0,41,3,1,131.68,0,4,0,1,131.68,0.00,0.00,0.00,0,1.00,1,113.42,0,0,1,java.lang.Object,0.00,2,0,1,0,2,1,0,0,31,0
"org.apache.solr.highlight.DummyHighlighter",2,0.00,1.00,6,0.08,1642.07,2,0,7,4,7,130.25,1,12,0,2,130.25,0.00,0.50,0.00,0,2.00,1,240.42,0,1,7,org.apache.solr.highlight.SolrHighlighter,0.00,2,1,2,0,2,1,0,1,55,1
"org.apache.solr.highlight.FastVectorHighlighterTest",3,0.00,1.00,38,0.58,16892.78,3,0,6,14,7,151.21,3,51,0,3,101.21,0.00,0.67,0.00,0,1.00,1,1731.29,6,0,7,org.apache.solr.SolrTestCaseJ4,0.00,11,2,3,0,11,3,0,3,321,1
"org.apache.solr.highlight.GapFragmenter",5,0.00,1.40,15,0.15,3217.40,5,0,9,9,13,131.01,3,28,1,2,131.01,0.00,0.50,0.00,0,8.00,3,442.56,0,5,12,org.apache.solr.highlight.HighlightingPluginBase,0.57,4,1,7,0,4,0,1,3,106,1
"org.apache.solr.highlight.HighlighterConfigTest",5,0.00,1.00,22,0.27,5082.97,5,0,4,13,4,174.86,6,31,0,3,124.86,0.00,0.67,0.00,0,8.00,1,811.79,7,2,4,org.apache.solr.util.AbstractSolrTestCase,0.32,8,2,5,0,8,3,0,6,166,1
"org.apache.solr.highlight.HighlighterTest",29,0.89,1.07,347,5.82,166802.89,30,1,15,56,11,152.53,48,641,0,3,102.53,0.00,0.67,0.14,0,0.00,3,17460.62,9,0,11,org.apache.solr.SolrTestCaseJ4,0.04,27,2,31,0,27,29,0,45,3114,1
"org.apache.solr.highlight.HighlightingPluginBase",9,0.44,1.22,22,0.18,3167.53,11,2,5,15,13,139.67,6,32,9,1,139.67,0.00,0.00,0.11,0,23.00,3,535.74,0,7,4,java.lang.Object,0.00,6,0,11,13,6,2,1,3,144,2
"org.apache.solr.highlight.HtmlEncoder",5,0.00,1.00,11,0.07,763.54,5,0,3,6,5,192.57,7,21,0,2,142.57,0.00,0.50,0.00,0,5.00,1,221.97,0,5,5,org.apache.solr.highlight.HighlightingPluginBase,0.57,1,1,5,0,1,0,1,4,66,1
"org.apache.solr.highlight.HtmlFormatter",5,0.00,1.20,14,0.14,2589.60,5,0,5,8,8,188.35,6,29,1,2,138.35,0.00,0.50,0.00,0,8.00,2,405.73,0,5,7,org.apache.solr.highlight.HighlightingPluginBase,0.57,3,1,6,0,3,0,1,4,101,1
"org.apache.solr.highlight.LuceneGapFragmenter",4,0.25,1.25,18,0.18,3868.90,8,4,9,7,10,164.87,10,28,1,2,124.98,0.00,0.50,0.44,0,4.00,2,539.03,0,0,9,org.apache.lucene.search.highlight.SimpleFragmenter,0.20,3,1,5,0,3,4,0,3,125,0
"org.apache.solr.highlight.LuceneRegexFragmenter",7,0.17,2.57,84,1.01,62990.57,24,17,13,21,10,81.52,37,114,1,1,99.39,0.00,0.00,0.20,1,25.00,10,3035.65,0,0,9,java.lang.Object,0.00,14,0,18,0,14,7,1,33,584,0
"org.apache.solr.highlight.OrderedToken",0,0.00,0.00,3,0.01,54.00,2,2,41,0,28,171.00,0,4,1,1,171.00,0.00,0.00,0.00,0,0.00,0,36.00,0,0,27,java.lang.Object,0.00,0,0,0,0,0,0,0,0,12,0
"org.apache.solr.highlight.RegexFragmenter",6,0.10,1.67,30,0.42,13773.23,8,2,13,14,12,138.96,20,47,0,2,118.34,0.00,0.50,0.42,0,6.00,4,1252.40,1,5,12,org.apache.solr.highlight.HighlightingPluginBase,0.53,8,1,10,0,8,1,1,4,252,1
"org.apache.solr.highlight.ScoreOrderFragmentsBuilder",5,0.00,1.00,13,0.15,3068.21,5,0,3,7,6,137.82,3,26,1,3,137.82,0.00,0.67,0.00,0,5.00,1,448.30,1,5,5,org.apache.solr.highlight.SolrFragmentsBuilder,0.60,2,2,5,0,2,0,0,3,109,1
"org.apache.solr.highlight.SimpleBoundaryScanner",5,0.00,1.20,19,0.22,6146.05,5,0,3,10,6,128.83,3,28,1,3,128.83,0.00,0.67,0.00,0,5.00,2,668.55,0,5,5,org.apache.solr.highlight.SolrBoundaryScanner,0.75,5,2,6,0,5,0,0,3,144,1
"org.apache.solr.highlight.SimpleFragListBuilder",5,0.00,1.20,14,0.12,1817.68,5,0,3,7,7,139.57,3,26,1,2,139.57,0.00,0.50,0.00,0,8.00,2,351.28,0,5,6,org.apache.solr.highlight.HighlightingPluginBase,0.57,2,1,6,0,2,0,1,3,91,1
"org.apache.solr.highlight.SimpleFragmentsBuilder",5,0.00,1.00,13,0.15,3068.21,5,0,3,7,5,137.82,3,26,0,3,137.82,0.00,0.67,0.00,0,5.00,1,448.30,1,5,5,org.apache.solr.highlight.SolrFragmentsBuilder,0.60,2,2,5,0,2,0,0,3,109,1
"org.apache.solr.highlight.SingleFragListBuilder",5,0.00,1.20,14,0.12,1817.68,5,0,3,7,6,139.57,3,26,0,2,139.57,0.00,0.50,0.00,0,8.00,2,351.28,0,5,6,org.apache.solr.highlight.HighlightingPluginBase,0.57,2,1,6,0,2,0,1,3,91,1
"org.apache.solr.highlight.SolrBoundaryScanner",2,0.00,1.50,7,0.07,1188.31,2,0,5,3,11,131.27,0,11,5,2,131.27,2.00,0.25,0.00,1,2.00,2,206.99,0,2,6,org.apache.solr.highlight.HighlightingPluginBase,0.00,1,1,3,2,1,0,2,0,52,2
"org.apache.solr.highlight.SolrEncoder",2,0.00,1.00,3,0.02,111.57,2,0,5,2,9,125.02,12,4,4,3,157.25,0.00,0.67,0.00,0,2.00,1,67.83,0,1,5,,0.00,0,2,2,0,0,1,0,2,23,1
"org.apache.solr.highlight.SolrFormatter",2,0.00,1.00,3,0.02,111.57,2,0,5,2,9,125.02,12,4,4,3,157.25,0.00,0.67,0.00,0,2.00,1,67.83,0,1,5,,0.00,0,2,2,0,0,1,0,2,23,1
"org.apache.solr.highlight.SolrFragListBuilder",2,0.00,1.00,3,0.02,98.26,2,0,5,2,10,139.81,11,4,5,3,157.68,0.00,0.67,0.00,0,2.00,1,58.95,0,1,5,,0.00,0,2,2,0,0,1,0,2,21,1
"org.apache.solr.highlight.SolrFragmenter",2,0.00,1.00,3,0.02,111.57,2,0,5,2,10,125.02,12,4,5,3,157.25,0.00,0.67,0.00,0,2.00,1,67.83,0,1,5,,0.00,0,2,2,0,0,1,0,2,23,1
"org.apache.solr.highlight.SolrFragmentsBuilder",6,0.40,1.83,30,0.43,15132.64,8,2,8,14,14,168.00,6,43,5,2,118.00,2.00,0.25,0.17,2,18.00,4,1296.29,0,5,9,org.apache.solr.highlight.HighlightingPluginBase,0.00,8,1,11,2,8,1,2,1,276,2
"org.apache.solr.highlight.SolrHighlighter",5,7.00,2.40,36,0.68,30749.19,12,7,16,23,21,67.15,35,54,8,1,109.44,0.00,0.00,0.00,1,5.00,8,2046.13,0,2,14,java.lang.Object,0.00,18,0,12,2,18,3,0,13,396,2
"org.apache.solr.highlight.TermOffsetsTokenStream",2,0.57,1.00,17,0.12,1629.29,9,7,41,4,29,114.39,0,20,2,1,114.39,0.00,0.00,0.43,0,0.00,1,373.96,0,1,27,java.lang.Object,0.00,2,0,2,0,2,1,0,0,89,0
"org.apache.solr.highlight.TermOffsetsTokenStream$MultiValuedStream",2,0.00,3.50,22,0.25,13732.59,4,2,41,6,2,101.65,0,32,0,3,101.65,0.00,0.67,0.50,0,0.00,6,736.62,0,0,2,org.apache.lucene.analysis.TokenStream,0.30,4,2,7,0,4,2,0,0,150,1
"org.apache.solr.highlight.TokenOrderingFilter",2,0.25,3.50,27,0.34,14724.18,6,4,41,14,29,138.59,5,36,1,4,98.71,0.00,0.75,0.38,0,2.00,6,1013.98,0,0,28,org.apache.lucene.analysis.TokenFilter,0.29,12,3,7,0,12,2,0,5,197,1
"org.apache.lucene.search.payloads.AveragePayloadFunction",5,0.00,2.00,21,0.28,7688.97,5,0,1,10,7,123.52,22,35,5,2,123.29,0.00,0.50,0.00,0,5.00,4,829.05,0,1,2,org.apache.lucene.search.payloads.PayloadFunction,0.40,5,1,10,0,5,4,0,2,189,1
"org.apache.lucene.search.payloads.MaxPayloadFunction",5,0.00,2.20,24,0.29,7912.90,5,0,1,11,5,123.40,22,39,3,2,123.17,0.00,0.50,0.00,0,5.00,4,872.56,0,1,2,org.apache.lucene.search.payloads.PayloadFunction,0.40,6,1,11,0,6,4,0,2,197,1
"org.apache.lucene.search.payloads.MinPayloadFunction",5,0.00,2.20,24,0.29,7912.90,5,0,1,11,4,123.40,20,39,2,2,123.17,0.00,0.50,0.00,0,5.00,4,872.56,0,1,2,org.apache.lucene.search.payloads.PayloadFunction,0.40,6,1,11,0,6,4,0,2,197,1
"org.apache.lucene.search.payloads.PayloadFunction",5,0.00,1.00,10,0.12,1473.66,5,0,1,8,8,108.10,31,14,7,1,140.32,0.00,0.00,0.00,0,5.00,1,348.43,0,1,1,java.lang.Object,0.00,3,0,5,3,3,4,0,3,93,2
"org.apache.lucene.search.payloads.PayloadHelper",2,0.43,1.50,30,0.48,15664.42,9,7,20,18,16,54.08,15,32,2,1,96.37,0.00,0.00,0.36,0,0.00,2,1435.53,0,1,14,java.lang.Object,0.00,16,0,3,0,16,1,0,5,264,1
"org.apache.lucene.search.payloads.PayloadHelper$PayloadAnalyzer",2,0.00,1.00,6,0.07,1204.68,2,0,20,6,1,131.31,0,10,0,2,131.31,0.00,0.50,0.00,0,2.00,1,205.73,0,1,1,org.apache.lucene.index.Analyzer,0.00,4,1,2,0,4,1,0,0,52,2
"org.apache.lucene.search.payloads.PayloadHelper$PayloadFilter",3,0.17,2.33,23,0.23,5744.56,6,3,20,7,2,113.44,0,33,0,2,113.44,0.00,0.50,0.44,0,1.00,5,703.55,1,0,2,org.apache.lucene.index.TokenFilter,0.00,4,1,7,0,4,3,0,0,153,2
"org.apache.lucene.search.payloads.PayloadNearQuery",7,0.08,3.00,58,0.75,31015.19,9,2,22,28,21,148.23,15,80,2,4,108.34,0.00,0.75,0.43,0,8.00,10,2236.58,3,3,19,org.apache.lucene.search.spans.SpanNearQuery,0.24,21,3,21,0,21,4,0,2,469,1
"org.apache.lucene.search.payloads.PayloadNearQuery$PayloadNearSpanScorer",5,0.25,2.40,47,0.66,31669.27,9,4,22,17,7,145.15,13,62,0,4,105.27,0.00,0.75,0.45,2,2.00,6,1974.94,1,0,7,org.apache.lucene.search.spans.SpanScorer,0.36,12,3,12,0,12,5,0,4,396,1
"org.apache.lucene.search.payloads.PayloadNearQuery$PayloadNearSpanWeight",3,0.00,1.67,25,0.50,20365.42,3,0,22,22,6,107.02,2,36,0,3,107.02,0.00,0.67,0.00,0,1.00,3,1485.32,0,2,6,org.apache.lucene.search.spans.SpanWeight,0.00,19,2,5,0,19,1,0,2,265,1
"org.apache.lucene.search.payloads.PayloadSpanUtil",4,1.00,7.25,106,1.66,190571.90,5,1,27,37,19,63.05,21,114,2,1,80.92,0.00,0.00,0.25,2,6.00,21,4984.93,0,1,17,java.lang.Object,0.00,33,0,29,0,33,3,0,3,802,1
"org.apache.lucene.search.payloads.PayloadTermQuery",3,2.00,1.00,12,0.10,1313.27,5,2,19,4,21,127.98,13,17,5,4,127.74,0.00,0.75,0.00,0,3.00,1,311.96,0,1,16,org.apache.lucene.search.spans.SpanTermQuery,0.00,1,3,3,0,1,2,0,1,81,1
"org.apache.lucene.search.payloads.PayloadTermQuery$PayloadTermWeight",5,0.00,3.40,49,0.82,39104.77,5,0,19,26,7,154.46,7,71,0,3,104.46,0.00,0.67,0.00,0,1.00,8,2471.20,2,2,7,org.apache.lucene.search.spans.SpanWeight,0.00,21,2,17,0,21,3,0,7,459,1
"org.apache.lucene.search.payloads.PayloadTermQuery$PayloadTermWeight$PayloadTermSpanScorer",6,0.15,1.83,37,0.48,15393.99,10,4,19,16,6,115.22,24,55,0,4,114.99,0.00,0.75,0.38,1,10.00,3,1431.41,1,0,6,org.apache.lucene.search.spans.SpanScorer,0.35,10,3,11,0,10,6,0,6,296,1
"org.apache.lucene.search.payloads.TestPayloadExplanations",6,1.00,1.67,35,0.44,10677.90,7,1,7,14,12,169.21,6,47,0,3,119.21,0.00,0.67,0.00,1,14.00,2,1318.02,2,1,12,org.apache.lucene.search.TestExplanations,0.00,8,2,10,0,8,5,0,4,287,1
"org.apache.lucene.search.payloads.TestPayloadExplanations$DefaultSimilarityProvider",1,0.00,1.00,3,0.02,161.45,1,0,7,2,1,135.81,0,5,0,1,135.81,0.00,0.00,0.00,0,1.00,1,49.51,0,1,1,java.lang.Object,0.00,1,0,1,0,1,0,0,0,16,0
"org.apache.lucene.search.payloads.TestPayloadExplanations$DefaultSimilarityProvider$DefaultSimilarity",1,0.00,1.00,3,0.04,723.56,1,0,7,2,0,130.68,0,5,0,1,130.68,0.00,0.00,0.00,0,1.00,1,126.59,0,0,0,java.lang.Object,0.00,1,0,1,0,1,1,0,0,31,0
"org.apache.lucene.search.payloads.TestPayloadNearQuery",12,0.03,1.83,178,2.62,107772.92,18,6,30,45,30,136.86,29,177,0,2,96.98,0.00,0.50,0.19,1,0.00,5,7861.12,0,3,30,org.apache.lucene.util.LuceneTestCase,0.00,33,1,22,0,33,9,0,23,1415,1
"org.apache.lucene.search.payloads.TestPayloadNearQuery$BoostingSimilarityProvider",3,0.00,1.00,7,0.04,322.48,3,0,30,4,1,143.77,0,11,0,1,143.77,0.00,0.00,0.00,0,3.00,1,117.25,0,1,1,java.lang.Object,0.00,1,0,3,0,1,2,1,0,37,1
"org.apache.lucene.search.payloads.TestPayloadNearQuery$BoostingSimilarityProvider$DefaultSimilarity",5,0.00,1.00,11,0.12,1689.94,5,0,30,8,4,189.86,5,21,0,1,139.86,0.00,0.00,0.00,0,5.00,1,356.06,0,1,4,java.lang.Object,0.00,3,0,5,0,3,4,0,5,93,0
"org.apache.lucene.search.payloads.TestPayloadNearQuery$PayloadAnalyzer",1,0.00,1.00,4,0.06,1129.68,1,0,30,4,1,124.50,0,7,0,2,124.50,0.00,0.50,0.00,0,1.00,1,175.73,0,1,1,org.apache.lucene.index.Analyzer,0.00,3,1,1,0,3,0,0,0,42,2
"org.apache.lucene.search.payloads.TestPayloadNearQuery$PayloadFilter",3,0.00,1.67,21,0.20,4812.06,6,3,30,6,2,114.12,0,29,0,2,114.12,0.00,0.50,0.33,0,1.00,3,593.80,1,0,2,org.apache.lucene.index.TokenFilter,0.00,3,1,5,0,3,3,0,0,133,2
"org.apache.lucene.search.payloads.TestPayloadTermQuery",8,0.10,2.00,131,2.26,105190.27,15,7,32,47,30,114.10,30,147,0,2,93.49,0.00,0.50,0.23,0,0.00,4,6784.30,0,0,30,org.apache.lucene.util.LuceneTestCase,0.00,39,1,16,0,39,8,0,23,1188,1
"org.apache.lucene.search.payloads.TestPayloadTermQuery$BoostingSimilarityProvider",3,0.00,1.00,7,0.04,322.48,3,0,32,4,1,143.77,0,11,0,1,143.77,0.00,0.00,0.00,0,3.00,1,117.25,0,1,1,java.lang.Object,0.00,1,0,3,0,1,2,1,0,37,1
"org.apache.lucene.search.payloads.TestPayloadTermQuery$BoostingSimilarityProvider$DefaultSimilarity",5,0.00,1.20,11,0.12,1872.22,5,0,32,7,1,189.46,5,21,0,1,139.46,0.00,0.00,0.00,0,5.00,2,359.07,0,0,1,java.lang.Object,0.00,2,0,6,0,2,5,0,5,94,0
"org.apache.lucene.search.payloads.TestPayloadTermQuery$DefaultSimilarityProvider",1,0.00,1.00,3,0.02,238.65,1,0,32,2,1,134.48,0,5,0,1,134.48,0.00,0.00,0.00,0,1.00,1,63.51,0,1,1,java.lang.Object,0.00,1,0,1,0,1,0,0,0,19,0
"org.apache.lucene.search.payloads.TestPayloadTermQuery$FullSimilarity",1,0.00,1.00,3,0.03,383.82,1,0,32,1,0,182.85,1,5,0,2,132.85,0.00,0.50,0.00,0,1.00,1,99.51,0,0,0,org.apache.lucene.index.DefaultSimilarity,0.00,0,1,1,0,0,1,0,1,27,1
"org.apache.lucene.search.payloads.TestPayloadTermQuery$PayloadAnalyzer",2,0.00,1.00,6,0.07,1204.68,2,0,32,6,1,131.31,0,10,0,2,131.31,0.00,0.50,0.00,0,2.00,1,205.73,0,1,1,org.apache.lucene.index.Analyzer,0.00,4,1,2,0,4,1,0,0,52,2
"org.apache.lucene.search.payloads.TestPayloadTermQuery$PayloadFilter",3,0.17,2.33,25,0.25,6790.30,6,3,32,7,2,110.70,0,35,0,2,110.70,0.00,0.50,0.44,0,1.00,5,746.33,1,0,2,org.apache.lucene.index.TokenFilter,0.00,4,1,7,0,4,3,0,0,160,2
"org.apache.solr.uima.processor.ae.AEProvider",1,0.00,1.00,2,0.01,51.30,1,0,2,1,2,128.43,5,3,2,1,146.30,0.00,0.00,0.00,0,1.00,1,27.65,0,1,0,,0.00,0,0,1,0,0,0,0,1,11,1
"org.apache.solr.uima.processor.ae.AEProviderFactory",3,0.25,1.67,13,0.16,4917.03,5,2,2,11,4,163.00,6,20,2,1,123.11,0.00,0.00,0.33,0,5.00,2,490.05,0,1,2,java.lang.Object,0.00,8,0,5,0,8,2,0,2,111,1
"org.apache.solr.uima.processor.ae.OverridingParamsAEProvider",3,0.25,4.67,41,0.76,34967.24,7,4,9,32,2,97.31,13,63,1,1,97.07,0.00,0.00,0.42,1,1.00,7,2283.86,0,2,1,java.lang.Object,0.00,29,0,14,0,29,1,1,7,414,1
"org.apache.lucene.analysis.util.CharArrayIterator",17,0.05,1.47,73,0.52,10060.58,23,6,3,20,3,176.62,23,101,3,1,126.62,0.00,0.00,0.22,1,96.00,2,1554.39,1,3,0,java.lang.Object,0.00,3,0,25,0,3,14,1,6,389,2
"org.apache.lucene.analysis.util.CharArrayIterator$CharArrayIterator",1,0.00,2.00,3,0.03,916.28,1,0,3,1,0,150.33,3,5,0,1,129.72,0.00,0.00,0.00,0,1.00,2,103.91,0,0,0,java.lang.Object,0.00,0,0,2,0,0,1,0,3,27,0
"org.apache.lucene.analysis.util.CharArrayIterator$CharArrayIterator_0",1,0.00,1.00,3,0.02,238.72,1,0,3,1,0,184.48,1,5,0,1,134.48,0.00,0.00,0.00,0,1.00,1,51.19,0,0,0,java.lang.Object,0.00,0,0,1,0,0,1,0,1,17,0
"org.apache.lucene.analysis.util.CharArrayIterator$CharArrayIterator_1",1,0.00,2.00,3,0.03,916.28,1,0,3,1,0,169.60,2,5,0,1,129.72,0.00,0.00,0.00,0,1.00,2,103.91,0,0,0,java.lang.Object,0.00,0,0,2,0,0,1,0,2,27,0
"org.apache.lucene.analysis.util.CharArrayIterator$CharArrayIterator_2",1,0.00,1.00,3,0.02,238.72,1,0,3,1,0,184.48,1,5,0,1,134.48,0.00,0.00,0.00,0,1.00,1,51.19,0,0,0,java.lang.Object,0.00,0,0,1,0,0,1,0,1,17,0
"org.apache.lucene.analysis.util.CharArrayMap",31,0.00,2.45,239,3.08,184418.54,41,10,8,57,13,130.16,111,294,12,2,109.55,1.00,0.33,0.10,6,382.00,7,9241.67,1,5,2,java.util.AbstractMap,0.00,26,1,76,1,26,26,0,31,1868,1
"org.apache.lucene.analysis.util.CharArrayMap$CharArraySet",4,0.00,1.00,9,0.08,991.38,4,0,8,5,0,140.92,0,17,0,1,140.92,0.00,0.00,0.00,0,4.00,1,245.53,0,0,0,java.lang.Object,0.00,1,0,4,0,1,4,0,0,68,0
"org.apache.lucene.analysis.util.CharArrayMap$EmptyCharArrayMap<V>",7,0.00,1.86,21,0.25,4872.12,7,0,8,9,1,130.67,0,41,0,2,130.67,0.00,0.50,0.00,0,7.00,2,746.00,0,0,1,org.apache.lucene.analysis.util.UnmodifiableCharArrayMap,0.00,2,1,13,0,2,7,0,0,180,3
"org.apache.lucene.analysis.util.CharArrayMap$EntryIterator",9,0.00,1.22,30,0.25,4799.82,12,3,8,12,0,131.68,5,41,0,1,131.68,0.00,0.00,0.33,2,7.00,2,744.63,0,2,0,java.lang.Object,0.00,3,0,11,0,3,7,1,5,188,1
"org.apache.lucene.analysis.util.CharArrayMap$EntrySet",6,0.80,1.50,20,0.25,7677.10,7,1,8,13,1,128.64,0,34,0,2,128.64,0.00,0.50,0.33,0,14.00,3,745.18,0,1,1,java.util.AbstractSet,0.00,7,1,9,0,7,5,0,0,173,2
"org.apache.lucene.analysis.util.CharArrayMap$MapEntry",5,0.00,1.40,17,0.20,4496.74,7,2,8,9,1,129.86,2,27,0,1,129.86,0.00,0.00,0.50,0,0.00,2,595.55,0,2,1,java.lang.Object,0.00,4,0,7,0,4,3,1,2,144,2
"org.apache.lucene.analysis.util.CharArrayMap$UnmodifiableCharArrayMap",8,0.00,1.00,17,0.16,2137.62,8,0,8,10,1,140.66,0,33,0,3,140.66,0.00,0.67,0.00,0,8.00,1,489.24,0,1,1,org.apache.lucene.analysis.util.CharArrayMap,0.23,2,2,8,0,2,7,0,0,135,1
"org.apache.lucene.analysis.util.CharArraySet",16,0.00,1.62,52,0.67,21768.19,19,3,5,34,73,96.19,98,80,73,2,128.41,0.00,0.50,0.33,0,0.00,4,2024.16,0,4,1,java.util.AbstractSet,0.00,18,1,26,0,18,12,0,14,470,1
"org.apache.lucene.analysis.util.CharTokenizer",8,0.16,2.12,61,0.76,43480.23,18,10,9,22,6,65.76,90,81,1,4,109.89,1.33,0.38,0.24,2,8.00,10,2275.97,2,0,5,org.apache.lucene.analysis.Tokenizer,0.32,14,3,17,4,14,8,0,20,440,2
"org.apache.lucene.analysis.util.CharacterUtils",6,0.40,1.33,15,0.21,4823.83,8,2,3,11,10,176.13,130,19,10,1,136.83,0.00,0.00,0.17,0,10.00,2,617.44,0,1,0,java.lang.Object,0.00,5,0,8,2,5,5,0,9,155,2
"org.apache.lucene.analysis.util.CharacterUtils$CharacterBuffer",5,0.06,1.00,19,0.12,1801.87,9,4,3,5,0,133.30,20,25,0,1,133.07,0.00,0.00,0.30,0,9.00,1,361.58,0,0,0,java.lang.Object,0.00,0,0,5,0,0,5,0,4,100,3
"org.apache.lucene.analysis.util.CharacterUtils$Java4CharacterUtils",5,0.00,1.40,15,0.20,5293.06,5,0,3,8,1,129.31,0,27,0,2,129.31,0.00,0.50,0.00,0,5.00,2,595.71,0,0,1,org.apache.lucene.analysis.util.CharacterUtils,0.36,3,1,7,0,3,5,0,0,140,3
"org.apache.lucene.analysis.util.CharacterUtils$Java5CharacterUtils",5,0.00,1.60,22,0.35,27028.46,5,0,3,8,1,119.04,1,36,0,2,119.04,0.00,0.50,0.00,0,5.00,4,1047.34,0,0,1,org.apache.lucene.analysis.util.CharacterUtils,0.36,3,1,8,0,3,5,0,1,220,3
"org.apache.lucene.analysis.util.FilteringTokenFilter",5,0.25,2.20,25,0.22,7042.27,7,2,4,7,3,102.08,28,37,0,4,119.95,1.00,0.43,0.30,1,7.00,7,652.67,0,0,3,org.apache.lucene.analysis.TokenFilter,0.24,2,3,11,3,2,5,0,6,150,2
"org.apache.lucene.analysis.util.OpenStringBuilder",30,0.16,1.10,80,0.69,10625.27,32,2,0,38,2,139.67,20,96,2,1,139.67,0.00,0.00,0.35,6,106.00,2,2064.05,0,2,0,java.lang.Object,0.00,8,0,33,0,8,28,2,3,541,1
"org.apache.lucene.analysis.util.StemmerUtil",5,0.00,3.20,26,0.44,20467.53,5,0,0,8,0,72.09,59,39,0,1,116.21,0.00,0.00,0.00,0,5.00,4,1307.85,0,0,0,java.lang.Object,0.00,3,0,16,0,3,5,0,8,274,1
"org.apache.lucene.analysis.util.StopwordAnalyzerBase",6,0.40,1.50,26,0.35,9586.48,8,2,7,13,21,85.66,73,44,17,2,123.22,32.00,0.03,0.17,0,14.00,3,1064.54,0,4,4,org.apache.lucene.analysis.Analyzer,0.00,7,1,9,32,7,2,0,9,229,2
"org.apache.lucene.analysis.util.TestCharArrayIterator",6,0.00,1.67,75,1.06,76162.98,6,0,6,28,3,56.02,42,79,0,2,98.31,0.00,0.50,0.00,2,6.00,2,3183.45,0,0,3,org.apache.lucene.util.LuceneTestCase,0.00,22,1,10,0,22,6,0,18,596,1
"org.apache.lucene.analysis.util.TestCharArrayMap",5,0.00,4.20,165,2.65,224233.94,5,0,4,49,2,117.28,11,185,0,2,77.39,0.00,0.50,0.00,1,5.00,9,7950.59,0,0,2,org.apache.lucene.util.LuceneTestCase,0.00,44,1,21,0,44,5,0,11,1360,1
"org.apache.lucene.analysis.util.TestCharArraySet",17,0.38,3.82,347,5.02,299505.97,18,1,3,54,1,128.61,49,385,0,2,88.72,0.00,0.50,0.65,0,0.00,10,15048.01,0,0,1,org.apache.lucene.util.LuceneTestCase,0.00,37,1,65,0,37,17,0,32,2786,1
"org.apache.lucene.analysis.util.TestCharTokenizers",4,0.00,2.50,47,0.60,20488.82,4,0,5,13,3,84.86,21,43,0,3,102.73,0.00,0.67,0.00,0,4.00,3,1813.03,1,0,3,org.apache.lucene.analysis.BaseTokenStreamTestCase,0.00,9,2,10,0,9,4,0,7,350,1
"org.apache.lucene.analysis.util.TestCharacterUtils",7,0.00,1.86,111,1.87,72341.81,7,0,7,22,1,95.38,3,146,0,2,95.38,0.00,0.50,0.00,0,7.00,3,5601.65,0,0,1,org.apache.lucene.util.LuceneTestCase,0.00,15,1,13,0,15,7,0,1,1062,1
"org.apache.lucene.analysis.util.TestWordlistLoader",4,0.00,1.00,30,0.41,7710.25,4,0,5,13,2,134.22,14,44,0,2,113.61,0.00,0.50,0.00,1,4.00,1,1215.58,0,0,2,org.apache.lucene.util.LuceneTestCase,0.00,9,1,4,0,9,4,0,12,253,1
"org.apache.lucene.analysis.util.WordlistLoader",8,0.71,2.12,51,0.73,30394.10,9,1,5,19,16,65.13,86,78,13,1,113.61,0.00,0.00,0.38,2,14.00,5,2192.02,0,8,3,java.lang.Object,0.00,11,0,17,0,11,0,0,8,442,1
"org.apache.lucene.analysis.query.QueryAutoStopWordAnalyzer",9,0.06,1.89,48,0.77,23125.31,13,4,13,33,11,67.93,82,85,1,3,117.93,0.00,0.67,0.19,0,27.00,5,2320.20,0,4,10,org.apache.lucene.analysis.AnalyzerWrapper,0.00,24,2,17,0,24,5,0,10,474,2
"org.apache.lucene.analysis.query.QueryAutoStopWordAnalyzerTest",9,0.33,1.11,71,1.16,31797.19,15,6,11,26,10,161.51,9,83,0,3,111.51,0.00,0.67,0.46,0,0.00,2,3475.26,3,0,10,org.apache.lucene.analysis.BaseTokenStreamTestCase,0.00,17,2,10,0,17,9,0,9,683,1
"org.apache.lucene.search.grouping.function.FunctionAllGroupHeadsCollector",5,0.16,2.40,54,0.63,18493.75,13,8,13,19,11,126.01,19,57,2,3,105.40,0.00,0.67,0.25,0,1.00,3,1891.51,0,1,9,org.apache.lucene.search.grouping.AbstractAllGroupHeadsCollector,0.46,14,2,12,0,14,4,0,4,377,1
"org.apache.lucene.search.grouping.function.FunctionAllGroupHeadsCollector$GroupHead",3,0.50,1.67,22,0.28,9118.20,4,1,13,12,4,111.93,0,24,0,2,111.93,0.00,0.50,0.67,0,1.00,2,839.42,0,0,4,AbstractAllGroupHeadsCollector.GroupHead,0.00,9,1,5,0,9,3,0,0,173,0
"org.apache.lucene.search.grouping.function.FunctionAllGroupsCollector",4,0.27,1.25,19,0.21,3735.14,9,5,10,12,8,92.88,24,25,3,3,125.10,0.00,0.67,0.40,0,2.00,2,641.45,0,1,5,org.apache.lucene.search.grouping.AbstractAllGroupsCollector,0.50,8,2,5,0,8,3,0,4,148,1
"org.apache.lucene.search.grouping.function.FunctionFirstPassGroupingCollector",4,0.20,1.25,23,0.24,4341.35,9,5,8,10,8,103.10,20,32,2,3,120.97,0.00,0.67,0.35,0,4.00,2,707.41,1,2,6,org.apache.lucene.search.grouping.AbstractFirstPassGroupingCollector,0.18,6,2,5,0,6,2,0,2,164,1
"org.apache.lucene.search.grouping.function.FunctionSecondPassGroupingCollector",3,0.38,1.00,17,0.23,4141.38,7,4,11,8,10,72.09,26,21,2,3,120.20,0.00,0.67,0.50,0,1.00,1,693.62,1,0,8,org.apache.lucene.search.grouping.AbstractSecondPassGroupingCollector,0.21,5,2,3,0,5,3,0,4,151,1
"org.apache.solr.util.plugin.AbstractPluginLoader",8,0.00,3.12,85,1.44,117209.93,12,4,11,23,7,52.15,82,125,3,1,100.63,0.00,0.00,0.25,3,16.00,12,4309.34,0,1,4,java.lang.Object,0.00,15,0,25,3,15,7,0,15,736,2
"org.apache.solr.util.plugin.AbstractPluginLoader$PluginInitInfo",1,2.00,1.00,6,0.04,417.53,3,2,11,1,0,121.34,0,10,0,1,121.34,0.00,0.00,0.00,0,1.00,1,112.24,0,0,0,java.lang.Object,0.00,0,0,1,0,0,1,0,0,33,1
"org.apache.solr.util.plugin.MapInitializedPlugin",1,0.00,1.00,2,0.01,91.08,1,0,1,1,0,112.12,6,3,0,1,144.34,0.00,0.00,0.00,0,1.00,1,41.70,0,0,0,,0.00,0,0,1,0,0,1,0,1,15,1
"org.apache.solr.util.plugin.MapPluginLoader",3,0.50,1.33,12,0.16,3231.29,4,1,3,7,2,174.60,5,21,0,2,124.60,0.00,0.50,0.67,0,1.00,2,486.73,0,0,2,org.apache.solr.util.plugin.AbstractPluginLoader,0.00,4,1,4,0,4,3,0,1,113,1
"org.apache.solr.util.plugin.NamedListInitializedPlugin",1,0.00,1.00,2,0.01,30.51,1,0,1,1,7,115.86,6,3,6,1,148.08,0.00,0.00,0.00,0,1.00,1,25.51,0,0,1,,0.00,0,0,1,0,0,1,0,1,11,1
"org.apache.solr.util.plugin.NamedListPluginLoader",3,0.50,1.33,11,0.14,2483.99,4,1,3,6,2,180.16,4,20,0,2,130.16,0.00,0.50,0.67,0,1.00,2,406.22,0,0,2,org.apache.solr.util.plugin.AbstractPluginLoader,0.00,3,1,4,0,3,3,0,1,99,1
"org.apache.solr.util.plugin.PluginInfoInitialized",1,0.00,1.00,2,0.01,41.48,1,0,1,1,5,114.81,6,3,4,1,147.03,0.00,0.00,0.00,0,1.00,1,27.65,0,0,1,,0.00,0,0,1,0,0,1,0,1,11,1
"org.apache.solr.util.plugin.ResourceLoaderAware",1,0.00,1.00,2,0.01,30.51,1,0,1,1,18,168.70,3,4,17,1,148.08,0.00,0.00,0.00,0,1.00,1,25.51,0,0,1,,0.00,0,0,1,0,0,1,0,1,11,1
"org.apache.solr.util.plugin.SolrCoreAware",1,0.00,1.00,2,0.01,30.51,1,0,1,1,11,168.70,3,4,10,1,148.08,0.00,0.00,0.00,0,1.00,1,25.51,0,0,1,,0.00,0,0,1,0,0,1,0,1,11,1
"org.apache.lucene.analysis.eu.BasqueAnalyzer",5,0.50,1.80,21,0.29,7141.30,7,2,16,16,13,75.46,42,31,1,3,123.56,0.00,0.67,0.10,0,8.00,3,866.52,0,2,12,org.apache.lucene.analysis.util.StopwordAnalyzerBase,0.00,11,2,9,0,11,3,0,8,192,2
"org.apache.lucene.analysis.eu.BasqueAnalyzer$DefaultSetHolder",0,0.00,0.00,6,0.05,853.95,1,1,16,0,1,171.00,2,11,0,1,171.00,0.00,0.00,0.00,0,0.00,0,164.39,0,0,1,java.lang.Object,0.00,0,0,0,0,0,0,0,2,40,2
"org.apache.lucene.analysis.eu.TestBasqueAnalyzer",4,0.00,1.00,16,0.17,3141.09,4,0,5,8,3,175.74,7,22,0,3,125.74,0.00,0.67,0.00,0,4.00,1,519.83,3,0,3,org.apache.lucene.analysis.BaseTokenStreamTestCase,0.00,4,2,4,0,4,4,0,6,121,1
"org.apache.solr.response.BinaryQueryResponseWriter",1,0.00,1.00,2,0.02,127.23,1,0,3,1,8,94.72,10,3,6,2,143.20,0.00,0.50,0.00,0,1.00,1,63.62,0,0,2,,0.00,0,1,1,0,0,1,0,2,19,1
"org.apache.solr.response.BinaryResponseWriter",5,2.00,1.40,48,0.73,18912.38,7,2,18,21,37,147.04,14,59,2,1,107.15,0.00,0.00,0.00,0,5.00,2,2181.11,0,2,35,java.lang.Object,0.00,16,0,7,0,16,3,1,4,440,1
"org.apache.solr.response.BinaryResponseWriter$Resolver",6,0.24,5.00,110,1.53,73510.58,11,5,18,49,15,131.50,12,136,0,1,91.61,0.00,0.00,0.40,3,0.00,9,4601.70,0,3,15,java.lang.Object,0.00,43,0,30,0,43,3,1,12,818,2
"org.apache.solr.response.CSVResponseWriter",3,0.00,1.00,9,0.08,1391.15,3,0,20,6,18,182.21,4,15,1,1,132.21,0.00,0.00,0.00,0,4.00,1,245.55,0,1,17,java.lang.Object,0.00,3,0,3,0,3,2,1,2,62,1
"org.apache.solr.response.CSVWriter",18,0.03,3.72,201,3.68,376951.21,41,23,20,75,18,147.82,23,267,1,2,97.82,0.00,0.50,0.07,2,0.00,40,11031.28,4,0,17,org.apache.solr.response.TextResponseWriter,0.08,57,1,67,0,57,18,0,23,1756,0
"org.apache.solr.response.CSVWriter$CSVField",0,0.00,0.00,6,0.05,785.16,5,5,20,1,2,171.00,3,7,0,1,171.00,0.00,0.00,0.00,0,0.00,0,162.85,0,0,2,java.lang.Object,0.00,1,0,0,0,1,0,0,3,36,1
"org.apache.solr.response.CSVWriter$CSVSharedBufPrinter",2,0.00,1.00,7,0.05,531.50,2,0,20,2,0,134.11,1,10,0,2,134.11,0.00,0.50,0.00,0,0.00,1,146.86,0,0,0,org.apache.commons.csv.CSVPrinter,0.00,0,1,2,0,0,2,0,1,41,0
"org.apache.solr.response.CSVWriter$OpenCharArrayWriter",1,0.00,1.00,3,0.01,116.61,1,0,20,1,0,136.93,0,3,0,2,136.93,0.00,0.50,0.00,0,1.00,1,44.04,0,0,0,java.io.CharArrayWriter,0.00,0,1,1,0,0,1,0,0,15,1
"org.apache.solr.response.CSVWriter$ResettableFastWriter",5,0.17,1.20,22,0.15,2374.10,8,3,20,9,1,127.42,0,25,0,3,127.42,0.00,0.67,0.47,0,0.00,2,446.17,1,0,1,org.apache.solr.common.util.FastWriter,0.00,4,2,6,0,4,5,0,0,114,1
"org.apache.solr.response.JSONResponseWriter",3,1.00,1.00,10,0.09,1523.24,4,1,16,6,13,181.90,4,16,2,1,131.90,0.00,0.00,0.00,0,4.00,1,276.65,0,1,11,java.lang.Object,0.00,3,0,3,0,3,2,1,2,69,1
"org.apache.solr.response.JSONWriter",29,0.07,2.79,322,3.45,157415.26,38,9,16,55,14,152.51,56,379,4,2,102.51,3.00,0.20,0.05,17,114.00,12,10338.33,4,0,10,org.apache.solr.response.TextResponseWriter,0.03,26,1,81,3,26,29,0,41,1959,0
"org.apache.solr.response.JSONWriter$MultiValueField",1,2.00,1.00,7,0.07,1209.86,3,2,16,3,2,115.20,0,10,0,1,115.20,0.00,0.00,0.00,0,1.00,1,206.14,0,0,2,java.lang.Object,0.00,2,0,1,0,2,1,0,0,51,2
"org.apache.solr.response.JSONWriter$NaNFloatWriter",5,0.00,2.20,21,0.25,5797.95,5,0,16,12,3,124.23,0,31,0,3,124.23,0.00,0.67,0.00,4,7.00,4,748.07,0,2,3,org.apache.solr.response.JSONWriter,0.00,7,2,11,0,7,3,0,0,168,1
"org.apache.solr.response.PHPResponseWriter",3,1.00,1.00,10,0.09,1523.24,4,1,4,6,5,131.90,1,16,0,1,131.90,0.00,0.00,0.00,0,4.00,1,276.65,0,1,5,java.lang.Object,0.00,3,0,3,0,3,2,1,1,69,1
"org.apache.solr.response.PHPSerializedResponseWriter",3,1.00,1.00,10,0.09,1523.24,4,1,14,6,13,181.90,4,16,2,1,131.90,0.00,0.00,0.00,0,4.00,1,276.65,0,1,11,java.lang.Object,0.00,3,0,3,0,3,2,1,1,69,1
"org.apache.solr.response.PHPSerializedWriter",24,1.00,1.58,110,1.38,49433.09,25,1,14,46,11,122.34,10,164,1,3,122.34,0.00,0.67,0.04,13,122.00,7,4145.79,2,0,10,org.apache.solr.response.JSONWriter,0.27,22,2,38,0,22,24,0,10,875,0
"org.apache.solr.response.PHPWriter",9,0.00,1.33,37,0.40,14774.77,9,0,4,11,5,123.16,0,55,1,3,123.16,0.00,0.67,0.00,1,0.00,4,1189.42,1,0,4,org.apache.solr.response.JSONWriter,0.16,2,2,12,0,2,9,0,0,267,0
"org.apache.solr.response.PageTool",7,0.27,1.86,40,0.50,20436.55,12,5,6,19,8,117.50,6,54,1,1,117.50,0.00,0.00,0.43,0,0.00,7,1494.67,0,1,7,java.lang.Object,0.00,12,0,13,0,12,6,0,2,291,1
"org.apache.solr.response.PythonResponseWriter",3,1.00,1.00,10,0.09,1523.24,4,1,4,6,6,131.90,1,16,1,1,131.90,0.00,0.00,0.00,0,4.00,1,276.65,0,1,5,java.lang.Object,0.00,3,0,3,0,3,2,1,1,69,1
"org.apache.solr.response.PythonWriter",7,0.00,2.29,46,0.52,32276.11,7,0,4,14,4,95.06,37,53,1,2,112.93,0.00,0.50,0.00,1,7.00,9,1546.80,0,2,3,org.apache.solr.response.NaNFloatWriter,0.00,7,1,16,0,7,5,0,6,300,0
"org.apache.solr.response.QueryResponseWriter",3,3.00,1.00,7,0.07,681.82,6,3,5,3,27,130.86,47,8,23,2,141.21,0.00,0.50,0.00,0,3.00,1,216.29,0,1,4,,0.00,0,1,3,0,0,2,0,4,59,1
"org.apache.solr.response.RawResponseWriter",5,0.00,2.00,35,0.46,13332.00,7,2,8,19,8,94.47,26,56,2,1,112.34,0.00,0.00,0.50,1,4.00,3,1377.00,0,2,6,java.lang.Object,0.00,14,0,10,0,14,3,1,6,283,1
"org.apache.solr.response.ResultContext",0,0.00,0.00,3,0.01,88.76,2,2,2,0,10,171.00,5,4,8,1,171.00,0.00,0.00,0.00,0,0.00,0,44.38,0,0,2,java.lang.Object,0.00,0,0,0,0,0,0,0,1,14,1
"org.apache.solr.response.RubyResponseWriter",3,1.00,1.00,10,0.09,1523.24,4,1,4,6,6,131.90,1,16,1,1,131.90,0.00,0.00,0.00,0,4.00,1,276.65,0,1,5,java.lang.Object,0.00,3,0,3,0,3,2,1,1,69,1
"org.apache.solr.response.RubyWriter",6,0.00,1.50,27,0.27,8675.30,6,0,4,8,4,173.56,6,35,1,2,123.56,0.00,0.50,0.00,1,6.00,4,805.98,0,2,3,org.apache.solr.response.NaNFloatWriter,0.00,2,1,9,0,2,4,0,6,181,0
"org.apache.solr.response.SolrParamResourceLoader",5,0.75,1.80,20,0.29,7147.32,6,1,11,17,3,123.56,4,34,1,2,123.56,0.00,0.50,0.40,0,7.00,3,875.26,0,1,2,org.apache.velocity.runtime.resource.loader.ResourceLoader,0.00,12,1,9,0,12,4,0,4,187,1
"org.apache.solr.response.SolrQueryResponse",16,0.06,1.19,45,0.36,5981.57,22,6,4,21,127,97.18,119,64,124,1,139.47,0.00,0.00,0.11,1,134.00,2,1081.57,0,5,3,java.lang.Object,0.00,5,0,19,0,5,11,0,23,284,1
"org.apache.solr.response.SolrVelocityResourceLoader",5,1.00,1.00,12,0.10,1109.88,6,1,6,6,2,141.29,1,22,1,2,141.29,0.00,0.50,0.20,0,8.00,1,289.34,0,1,1,org.apache.velocity.runtime.resource.loader.ResourceLoader,0.00,1,1,5,0,1,4,0,1,81,1
"org.apache.solr.response.TestCSVResponseWriter",3,0.00,1.33,69,1.59,115868.62,3,0,8,21,9,66.15,17,90,0,3,84.02,0.00,0.67,0.00,1,4.00,2,4769.31,5,0,9,org.apache.solr.SolrTestCaseJ4,0.00,18,2,4,0,18,3,0,17,701,1
"org.apache.solr.response.TestPHPSerializedResponseWriter",3,0.00,1.00,40,0.55,15510.26,3,0,14,18,8,120.82,10,49,0,3,100.20,0.00,0.67,0.00,0,3.00,1,1640.39,1,0,8,org.apache.solr.SolrTestCaseJ4,0.00,15,2,3,0,15,3,0,7,295,1
"org.apache.solr.response.TextResponseWriter",35,0.06,1.97,177,2.51,115042.69,44,9,17,93,42,167.08,43,203,28,1,117.08,0.00,0.00,0.05,18,342.00,22,7527.94,0,2,16,java.lang.Object,0.00,58,0,69,6,58,33,0,40,1452,2
"org.apache.solr.response.VelocityResponseWriter",6,0.00,3.17,88,1.43,78398.27,6,0,11,48,11,95.80,25,117,1,1,95.57,0.00,0.00,0.00,3,6.00,6,4299.07,0,4,10,java.lang.Object,0.00,42,0,19,0,42,2,1,25,736,1
"org.apache.solr.response.XMLResponseWriter",3,0.00,1.00,9,0.08,1391.15,3,0,4,6,6,182.21,4,15,1,1,132.21,0.00,0.00,0.00,0,4.00,1,245.55,0,1,5,java.lang.Object,0.00,3,0,3,0,3,2,1,2,62,1
"org.apache.solr.response.XMLWriter",24,0.14,2.38,166,2.13,60146.13,30,6,13,60,13,165.01,34,228,4,2,115.01,0.00,0.50,0.03,6,86.00,7,6402.65,4,0,9,org.apache.solr.response.TextResponseWriter,0.03,36,1,57,0,36,24,0,17,1283,1
"org.apache.solr.response.XSLTResponseWriter",4,0.21,2.75,51,0.78,26610.36,12,8,19,33,9,100.64,17,65,0,1,100.41,0.00,0.00,0.28,1,6.00,5,2325.79,0,2,9,java.lang.Object,0.00,29,0,11,0,29,2,1,11,438,1
"org.apache.lucene.analysis.es.SpanishAnalyzer",5,0.50,1.80,21,0.29,7141.30,7,2,18,16,15,75.46,42,31,1,3,123.56,0.00,0.67,0.10,0,8.00,3,866.52,0,2,14,org.apache.lucene.analysis.util.StopwordAnalyzerBase,0.00,11,2,9,0,11,3,0,8,192,2
"org.apache.lucene.analysis.es.SpanishAnalyzer$DefaultSetHolder",0,0.00,0.00,6,0.07,1211.01,1,1,18,0,3,171.00,2,11,0,1,171.00,0.00,0.00,0.00,0,0.00,0,217.37,0,0,3,java.lang.Object,0.00,0,0,0,0,0,0,0,2,50,2
"org.apache.lucene.analysis.es.SpanishLightStemFilter",2,0.33,2.00,14,0.16,3794.18,5,3,6,9,8,113.74,9,20,2,4,113.50,0.00,0.75,0.50,0,2.00,3,481.98,0,0,6,org.apache.lucene.analysis.TokenFilter,0.29,7,3,4,0,7,2,0,1,107,2
"org.apache.lucene.analysis.es.SpanishLightStemmer",1,0.00,13.00,25,0.50,37209.13,1,0,0,1,1,45.40,56,44,1,1,82.27,0.00,0.00,0.00,0,1.00,13,1513.96,0,0,0,java.lang.Object,0.00,0,0,13,0,0,1,0,4,260,1
"org.apache.lucene.analysis.es.TestSpanishAnalyzer",4,0.00,1.00,16,0.17,3088.17,4,0,5,8,3,175.80,7,22,0,3,125.80,0.00,0.67,0.00,0,4.00,1,522.25,3,0,3,org.apache.lucene.analysis.BaseTokenStreamTestCase,0.00,4,2,4,0,4,4,0,6,121,1
"org.apache.lucene.analysis.es.TestSpanishLightStemFilter",2,0.00,1.00,7,0.06,643.14,2,0,7,4,4,173.34,5,11,0,3,133.46,0.00,0.67,0.00,0,2.00,1,171.82,1,0,4,org.apache.lucene.analysis.BaseTokenStreamTestCase,0.00,2,2,2,0,2,2,0,3,46,1
"org.apache.lucene.analysis.es.TestSpanishLightStemFilter$Analyzer",1,0.00,1.00,4,0.05,1009.20,1,0,7,4,3,124.89,0,7,0,1,124.89,0.00,0.00,0.00,0,1.00,1,159.62,0,1,3,java.lang.Object,0.00,3,0,1,0,3,0,0,0,38,0
"org.apache.lucene.analysis.compound.CompoundWordTokenFilterBase",6,0.11,2.33,53,0.69,23395.93,19,13,14,18,13,76.62,38,66,6,4,108.84,0.67,0.50,0.17,1,14.00,5,2072.62,1,0,7,org.apache.lucene.analysis.TokenFilter,0.44,12,3,14,2,12,6,0,11,402,2
"org.apache.lucene.analysis.compound.CompoundWordTokenFilterBase$CompoundToken",1,3.00,1.00,8,0.10,2226.27,4,3,14,3,1,111.19,4,10,0,1,110.95,0.00,0.00,0.00,0,1.00,1,298.13,0,0,1,java.lang.Object,0.00,2,0,1,0,2,1,0,4,71,1
"org.apache.lucene.analysis.compound.DictionaryCompoundWordTokenFilter",3,0.00,4.33,29,0.35,25097.74,3,0,4,9,5,122.31,56,37,2,5,104.18,0.00,0.80,0.00,0,4.00,9,1044.82,0,0,3,org.apache.lucene.analysis.compound.CompoundWordTokenFilterBase,0.24,6,4,13,0,6,3,0,3,206,1
"org.apache.lucene.analysis.compound.HyphenationCompoundWordTokenFilter",8,1.00,3.12,60,0.84,88020.64,9,1,8,21,7,78.01,106,91,2,5,107.39,0.00,0.80,0.12,1,22.00,15,2515.43,0,3,5,org.apache.lucene.analysis.compound.CompoundWordTokenFilterBase,0.19,13,4,25,0,13,5,0,19,485,1
"org.apache.lucene.analysis.compound.TestCompoundWordTokenFilter",10,0.00,1.10,78,2.14,50527.16,10,0,15,32,14,110.29,9,184,0,3,110.29,0.00,0.67,0.00,1,10.00,2,6412.38,1,1,14,org.apache.lucene.analysis.BaseTokenStreamTestCase,0.00,22,2,11,0,22,9,0,6,1111,1
"org.apache.lucene.analysis.compound.TestCompoundWordTokenFilter$MockRetainAttribute",2,0.00,1.00,3,0.02,79.66,2,0,15,2,0,158.40,0,4,0,2,158.40,0.00,0.50,0.00,0,2.00,1,45.97,0,0,0,,0.00,0,1,2,0,0,2,0,0,18,2
"org.apache.lucene.analysis.compound.TestCompoundWordTokenFilter$MockRetainAttributeFilter",2,1.00,1.50,10,0.08,1295.35,3,1,15,4,2,122.69,0,15,0,4,122.69,0.00,0.75,0.50,0,2.00,2,225.48,0,0,2,org.apache.lucene.analysis.TokenFilter,0.29,2,3,3,0,2,2,0,0,58,2
"org.apache.lucene.analysis.compound.TestCompoundWordTokenFilter$MockRetainAttributeImpl",4,0.33,1.00,11,0.09,1203.44,5,1,15,5,1,140.25,0,18,0,2,140.25,0.00,0.50,0.75,0,0.00,1,270.49,0,0,1,org.apache.lucene.util.AttributeImpl,0.22,1,1,4,0,1,4,1,0,73,3
"org.apache.lucene.facet.enhancements.params.DefaultEnhancementsIndexingParams",6,0.60,2.67,34,0.33,11792.60,7,1,6,14,9,100.89,30,50,4,3,118.77,0.00,0.67,0.50,2,6.00,7,989.00,0,2,5,org.apache.lucene.facet.index.params.PerDimensionIndexingParams,0.00,8,2,16,0,8,4,1,4,225,1
"org.apache.lucene.facet.enhancements.params.DefaultEnhancementsIndexingParamsTest",1,0.00,2.00,14,0.23,8307.61,1,0,10,15,7,115.36,18,25,0,2,97.22,0.00,0.50,0.00,0,1.00,2,696.88,0,0,7,org.apache.lucene.util.LuceneTestCase,0.00,14,1,2,0,14,1,0,3,128,1
"org.apache.lucene.facet.enhancements.params.EnhancementsIndexingParams",3,0.00,1.00,4,0.04,296.42,3,0,6,3,16,144.93,46,5,13,2,155.29,0.00,0.50,0.00,0,3.00,1,108.48,0,2,5,,0.00,0,1,3,0,0,1,0,5,35,1
"org.tartarus.snowball.Among",1,6.00,3.00,20,0.25,8587.16,8,7,1,6,1,59.02,6,27,1,1,91.24,0.00,0.00,0.14,0,0.00,3,757.94,0,0,1,java.lang.Object,0.00,5,0,3,0,5,1,0,6,152,1
"org.tartarus.snowball.SnowballProgram",29,0.24,3.34,264,3.09,256392.72,36,7,3,42,31,124.66,88,336,29,1,104.05,0.00,0.00,0.37,6,0.00,18,9258.94,0,1,3,java.lang.Object,0.00,13,0,97,22,13,28,0,29,1777,2
"org.tartarus.snowball.TestApp",2,0.00,5.50,46,0.69,53937.48,2,0,10,27,1,84.92,0,56,0,1,84.92,0.00,0.00,0.00,1,2.00,10,2080.49,0,0,1,java.lang.Object,0.00,25,0,11,0,25,2,0,0,328,1
"org.apache.lucene.analysis.en.EnglishAnalyzer",5,1.00,2.00,21,0.30,7734.04,6,1,14,17,15,75.16,42,32,2,3,123.27,0.00,0.67,0.20,0,8.00,3,898.34,0,2,13,org.apache.lucene.analysis.util.StopwordAnalyzerBase,0.00,12,2,10,0,12,3,0,8,196,2
"org.apache.lucene.analysis.en.EnglishAnalyzer$DefaultSetHolder",0,0.00,0.00,2,0.02,396.00,1,1,14,0,1,171.00,0,3,0,1,171.00,0.00,0.00,0.00,0,0.00,0,72.00,0,0,1,java.lang.Object,0.00,0,0,0,0,0,0,0,0,18,2
"org.apache.lucene.analysis.en.EnglishMinimalStemFilter",2,0.33,2.00,14,0.16,3794.18,5,3,6,9,8,113.74,9,20,2,4,113.50,0.00,0.75,0.50,0,2.00,3,481.98,0,0,6,org.apache.lucene.analysis.TokenFilter,0.29,7,3,4,0,7,2,0,1,107,2
"org.apache.lucene.analysis.en.EnglishMinimalStemmer",1,0.00,4.00,10,0.24,22653.59,1,0,0,1,1,148.36,24,19,1,1,99.08,0.00,0.00,0.00,0,1.00,4,711.28,0,0,0,java.lang.Object,0.00,0,0,4,0,0,1,0,3,139,1
"org.apache.lucene.analysis.en.EnglishPossessiveFilter",2,1.00,2.00,11,0.18,7516.13,3,1,4,6,6,156.50,4,19,3,4,116.62,0.00,0.75,0.50,0,2.00,3,526.20,0,0,3,org.apache.lucene.analysis.TokenFilter,0.29,4,3,4,0,4,2,0,2,110,2
"org.apache.lucene.analysis.en.KStemData1",1,1.00,1.00,3,13.79,124057.50,2,1,0,1,1,133.71,3,706,1,1,113.09,0.00,0.00,0.00,0,1.00,1,41356.50,0,0,0,java.lang.Object,0.00,0,0,1,0,0,1,0,2,3515,0
"org.apache.lucene.analysis.en.KStemData2",1,1.00,1.00,3,13.79,124057.50,2,1,0,1,1,152.98,2,706,1,1,113.09,0.00,0.00,0.00,0,1.00,1,41356.50,0,0,0,java.lang.Object,0.00,0,0,1,0,0,1,0,1,3515,0
"org.apache.lucene.analysis.en.KStemData3",1,1.00,1.00,3,13.79,124057.50,2,1,0,1,1,152.98,2,706,1,1,113.09,0.00,0.00,0.00,0,1.00,1,41356.50,0,0,0,java.lang.Object,0.00,0,0,1,0,0,1,0,1,3515,0
"org.apache.lucene.analysis.en.KStemData4",1,1.00,1.00,3,13.79,124057.50,2,1,0,1,1,152.98,2,706,1,1,113.09,0.00,0.00,0.00,0,1.00,1,41356.50,0,0,0,java.lang.Object,0.00,0,0,1,0,0,1,0,1,3515,0
"org.apache.lucene.analysis.en.KStemData5",1,1.00,1.00,3,13.79,124057.50,2,1,0,1,1,152.98,2,706,1,1,113.09,0.00,0.00,0.00,0,1.00,1,41356.50,0,0,0,java.lang.Object,0.00,0,0,1,0,0,1,0,1,3515,0
"org.apache.lucene.analysis.en.KStemData6",1,1.00,1.00,3,13.79,124057.50,2,1,0,1,1,152.98,2,706,1,1,113.09,0.00,0.00,0.00,0,1.00,1,41356.50,0,0,0,java.lang.Object,0.00,0,0,1,0,0,1,0,1,3515,0
"org.apache.lucene.analysis.en.KStemData7",1,1.00,1.00,3,13.79,124057.50,2,1,0,1,1,152.98,2,706,1,1,113.09,0.00,0.00,0.00,0,1.00,1,41356.50,0,0,0,java.lang.Object,0.00,0,0,1,0,0,1,0,1,3515,0
"org.apache.lucene.analysis.en.KStemData8",1,1.00,1.00,3,11.58,104193.97,2,1,0,1,1,153.57,2,605,1,1,113.69,0.00,0.00,0.00,0,1.00,1,34735.32,0,0,0,java.lang.Object,0.00,0,0,1,0,0,1,0,1,3010,0
"org.apache.lucene.analysis.en.KStemFilter",2,0.33,2.00,13,0.18,4480.96,5,3,5,11,7,83.21,13,19,2,4,115.43,0.00,0.75,0.50,0,2.00,3,553.15,0,0,5,org.apache.lucene.analysis.TokenFilter,0.29,9,3,4,0,9,2,0,2,119,2
"org.apache.lucene.analysis.en.KStemmer",43,0.09,5.26,729,11.56,864438.22,59,16,3,65,11,43.71,383,973,1,1,91.81,0.00,0.00,0.15,29,0.00,27,34678.02,0,6,10,java.lang.Object,0.00,22,0,226,0,22,37,0,204,5722,1
"org.apache.lucene.analysis.en.KStemmer$DictEntry",1,2.00,1.00,6,0.04,350.01,3,2,3,1,0,121.94,0,8,0,1,121.94,0.00,0.00,0.00,0,1.00,1,109.32,0,0,0,java.lang.Object,0.00,0,0,1,0,0,1,0,0,32,1
"org.apache.lucene.analysis.en.PorterStemFilter",2,0.33,2.00,10,0.17,3936.19,5,3,5,11,13,81.27,24,16,8,4,118.83,0.00,0.75,0.50,0,2.00,3,501.61,0,0,5,org.apache.lucene.analysis.TokenFilter,0.29,9,3,4,0,9,2,0,1,111,2
"org.apache.lucene.analysis.en.PorterStemmer",27,0.15,6.96,291,3.24,141694.34,34,7,5,46,3,104.19,116,333,2,1,103.96,0.00,0.00,0.29,14,0.00,52,9717.31,0,2,1,java.lang.Object,0.00,19,0,188,0,19,25,0,33,1867,0
"org.apache.lucene.analysis.en.TestEnglishAnalyzer",4,0.00,1.00,17,0.18,3475.28,4,0,5,8,3,165.28,8,23,0,3,125.40,0.00,0.67,0.00,0,4.00,1,548.92,3,0,3,org.apache.lucene.analysis.BaseTokenStreamTestCase,0.00,4,2,4,0,4,4,0,7,127,1
"org.apache.lucene.analysis.en.TestEnglishMinimalStemFilter",2,0.00,1.00,15,0.13,1939.58,2,0,6,3,4,155.84,5,19,0,3,115.96,0.00,0.67,0.00,0,2.00,1,396.00,2,0,4,org.apache.lucene.analysis.BaseTokenStreamTestCase,0.00,1,2,2,0,1,2,0,3,92,1
"org.apache.lucene.analysis.en.TestEnglishMinimalStemFilter$Analyzer",1,0.00,1.00,4,0.05,1009.20,1,0,6,4,3,124.89,0,7,0,1,124.89,0.00,0.00,0.00,0,1.00,1,159.62,0,1,3,java.lang.Object,0.00,3,0,1,0,3,0,0,0,38,0
"org.apache.lucene.analysis.en.TestKStemmer",2,0.00,1.00,7,0.06,596.89,2,0,6,4,4,151.85,36,11,0,3,133.71,0.00,0.67,0.00,0,2.00,1,169.98,1,0,4,org.apache.lucene.analysis.BaseTokenStreamTestCase,0.00,2,2,2,0,2,2,0,4,46,1
"org.apache.lucene.analysis.en.TestKStemmer$Analyzer",1,0.00,1.00,4,0.05,1009.20,1,0,6,4,3,124.89,0,6,0,1,124.89,0.00,0.00,0.00,0,1.00,1,159.62,0,1,3,java.lang.Object,0.00,3,0,1,0,3,0,0,0,38,0
"org.apache.lucene.analysis.en.TestPorterStemFilter",3,0.00,1.00,13,0.16,2369.65,3,0,11,11,8,165.61,8,18,0,3,125.72,0.00,0.67,0.00,0,3.00,1,478.05,2,0,8,org.apache.lucene.analysis.BaseTokenStreamTestCase,0.00,8,2,3,0,8,3,0,3,107,1
"org.apache.lucene.analysis.en.TestPorterStemFilter$Analyzer",1,0.00,1.00,4,0.05,1009.20,1,0,11,4,3,124.89,0,7,0,1,124.89,0.00,0.00,0.00,0,1.00,1,159.62,0,1,3,java.lang.Object,0.00,3,0,1,0,3,0,0,0,38,0
"org.apache.solr.uima.processor.exception.FieldMappingException",1,0.00,1.00,2,0.01,54.28,1,0,0,1,1,172.39,19,4,1,2,146.11,0.00,0.50,0.00,0,1.00,1,31.02,0,0,0,java.lang.Exception,0.00,0,1,1,0,0,1,0,2,12,1
"org.apache.lucene.analysis.el.GreekAnalyzer",4,1.00,1.75,16,0.21,5394.23,5,1,12,11,12,86.20,50,25,2,3,123.77,0.00,0.67,0.00,0,6.00,3,644.83,0,2,10,org.apache.lucene.analysis.util.StopwordAnalyzerBase,0.00,7,2,7,0,7,2,0,6,145,2
"org.apache.lucene.analysis.el.GreekAnalyzer$DefaultSetHolder",0,0.00,0.00,6,0.06,870.09,1,1,12,0,1,171.00,2,10,0,1,171.00,0.00,0.00,0.00,0,0.00,0,167.97,0,0,1,java.lang.Object,0.00,0,0,0,0,0,0,0,2,41,2
"org.apache.lucene.analysis.el.GreekAnalyzerTest",4,0.00,1.00,18,0.33,5318.84,4,0,3,5,3,75.84,33,36,0,3,123.94,0.00,0.67,0.00,0,4.00,1,999.94,3,0,3,org.apache.lucene.analysis.BaseTokenStreamTestCase,0.00,1,2,4,0,1,4,0,21,200,1
"org.apache.lucene.analysis.el.GreekLowerCaseFilter",3,0.25,1.67,30,0.39,8161.76,5,2,6,10,7,139.92,60,59,3,4,106.53,0.00,0.75,0.33,1,4.00,3,1168.71,0,0,4,org.apache.lucene.analysis.TokenFilter,0.27,7,3,5,0,7,3,0,36,230,2
"org.apache.lucene.analysis.el.GreekStemFilter",2,0.33,2.00,14,0.16,3794.18,5,3,6,9,8,71.21,14,20,2,4,113.50,0.00,0.75,0.50,0,2.00,3,481.98,0,0,6,org.apache.lucene.analysis.TokenFilter,0.29,7,3,4,0,7,2,0,1,107,2
"org.apache.lucene.analysis.el.GreekStemmer",27,0.03,4.74,286,8.53,459291.82,43,16,3,32,2,150.02,49,681,1,1,100.02,0.00,0.00,0.04,4,352.00,16,25590.34,0,0,1,java.lang.Object,0.00,5,0,128,0,5,27,0,26,4297,1
"org.apache.lucene.analysis.el.TestGreekStemmer",6,0.00,1.00,350,4.68,106423.51,7,1,2,7,3,23.28,63,357,0,3,71.76,0.00,0.67,1.00,0,0.00,1,14035.21,1,0,3,org.apache.lucene.analysis.BaseTokenStreamTestCase,0.00,1,2,6,0,1,6,0,63,2110,1
"org.apache.lucene.facet.taxonomy.directory.Consts",0,0.00,0.00,7,0.09,2023.68,5,5,5,1,6,171.00,34,8,3,1,171.00,0.00,0.00,0.00,0,0.00,0,266.27,0,0,3,java.lang.Object,0.00,1,0,0,0,1,0,0,5,56,1
"org.apache.lucene.facet.taxonomy.directory.Consts$LoadFullPathOnly",3,0.00,1.33,8,0.08,1224.29,4,1,5,3,2,139.15,0,13,0,2,139.15,0.00,0.50,1.00,0,0.00,2,237.52,0,2,2,org.apache.lucene.index.StoredFieldVisitor,0.00,0,1,4,0,0,1,0,0,61,3
"org.apache.lucene.facet.taxonomy.directory.DirectoryTaxonomyReader",22,0.06,2.23,205,2.30,106714.45,32,10,22,82,40,62.07,245,262,24,1,106.20,0.00,0.00,0.16,9,142.00,7,6907.58,0,6,16,java.lang.Object,0.00,60,0,49,1,60,16,1,147,1338,1
"org.apache.lucene.facet.taxonomy.directory.DirectoryTaxonomyReader$ChildrenArraysImpl",3,0.25,1.00,9,0.06,1000.49,5,2,22,3,0,133.33,0,13,0,1,133.33,0.00,0.00,0.33,0,5.00,1,191.43,0,0,0,java.lang.Object,0.00,0,0,3,0,0,3,1,0,55,3
"org.apache.lucene.facet.taxonomy.directory.DirectoryTaxonomyWriter",34,0.05,2.71,331,4.07,294129.97,49,15,45,99,64,66.61,432,429,31,1,104.17,0.00,0.00,0.12,13,322.00,17,12220.60,0,6,34,java.lang.Object,0.00,65,0,92,1,65,28,1,186,2290,1
"org.apache.lucene.facet.taxonomy.directory.DirectoryTaxonomyWriter$DiskOrdinalMap",5,0.08,1.80,33,0.35,12663.26,8,3,45,17,0,165.04,5,46,0,1,115.04,0.00,0.00,0.40,1,0.00,4,1043.23,0,0,0,java.lang.Object,0.00,12,0,9,0,12,5,1,5,226,3
"org.apache.lucene.facet.taxonomy.directory.DirectoryTaxonomyWriter$MemoryOrdinalMap",4,0.33,1.00,9,0.08,1207.55,5,1,45,4,0,140.24,1,17,0,1,140.24,0.00,0.00,0.75,0,0.00,1,247.42,0,0,0,java.lang.Object,0.00,0,0,4,0,0,4,1,1,69,3
"org.apache.lucene.facet.taxonomy.directory.DirectoryTaxonomyWriter$OrdinalMap",4,0.00,1.00,5,0.04,264.84,4,0,45,4,0,156.90,18,6,0,1,156.66,0.00,0.00,0.00,0,4.00,1,120.33,0,0,0,,0.00,0,0,4,0,0,4,0,3,40,2
"org.apache.lucene.facet.taxonomy.directory.DirectoryTaxonomyWriter$SinglePositionTokenStream",3,0.50,1.33,17,0.13,1737.34,6,3,45,6,3,123.34,12,23,0,3,123.10,0.00,0.67,0.67,0,0.00,2,393.16,0,0,3,org.apache.lucene.analysis.TokenStream,0.27,3,2,4,0,3,3,0,1,98,2
"org.apache.lucene.facet.taxonomy.directory.ParentArray",3,0.00,4.33,43,0.58,42856.04,4,1,8,14,10,143.02,81,60,2,1,95.19,0.00,0.00,1.00,0,0.00,10,1730.91,0,0,8,java.lang.Object,0.00,11,0,13,0,11,3,0,49,313,0
"org.apache.lucene.facet.taxonomy.directory.TestAddTaxonomies",4,0.00,6.25,190,2.87,329882.84,4,0,13,35,7,19.49,36,177,0,2,69.49,0.00,0.50,0.00,1,4.00,21,8624.40,0,0,7,org.apache.lucene.util.LuceneTestCase,0.00,31,1,25,0,31,4,0,21,1374,1
"org.apache.lucene.facet.taxonomy.directory.TestDirectoryTaxonomyReader",7,0.00,1.86,93,1.06,50647.32,7,0,13,32,9,99.15,30,110,0,2,98.91,0.00,0.50,0.00,1,7.00,6,3171.61,0,0,9,org.apache.lucene.util.LuceneTestCase,0.00,25,1,13,0,25,7,0,8,599,1
"org.apache.lucene.facet.taxonomy.directory.TestDirectoryTaxonomyWriter",4,0.00,1.50,47,0.63,16140.48,4,0,11,26,6,71.44,27,60,0,2,103.67,0.00,0.50,0.00,0,4.00,2,1880.46,0,0,6,org.apache.lucene.util.LuceneTestCase,0.00,22,1,6,0,22,4,0,12,362,1
"org.apache.lucene.facet.taxonomy.directory.TestDirectoryTaxonomyWriter$NoOpCache",7,0.00,1.00,13,0.08,714.81,7,0,11,7,2,155.18,0,10,0,1,155.18,0.00,0.00,0.00,1,7.00,1,251.43,0,0,2,java.lang.Object,0.00,0,0,7,0,0,7,1,0,77,2
"org.apache.lucene.facet.taxonomy.directory.TestIndexClose",1,0.00,3.00,43,0.52,36631.94,1,0,18,16,12,121.15,23,41,0,2,73.88,0.00,0.50,0.00,0,1.00,3,1559.56,0,0,12,org.apache.lucene.util.LuceneTestCase,0.00,15,1,3,0,15,1,0,2,284,1
"org.apache.lucene.facet.taxonomy.directory.TestIndexClose$LeakChecker",4,4.00,1.50,25,0.25,6000.23,8,4,18,8,5,116.87,0,30,0,1,116.87,0.00,0.00,0.00,0,4.00,3,738.99,0,2,5,java.lang.Object,0.00,4,0,6,0,4,2,0,0,164,2
"org.apache.lucene.facet.taxonomy.directory.TestIndexClose$LeakChecker$InstrumentedIndexReader",3,0.50,1.67,17,0.16,3450.73,4,1,18,7,3,160.59,7,25,0,3,120.71,0.00,0.67,0.67,0,0.00,2,477.61,0,1,3,org.apache.lucene.index.FilterIndexReader,0.05,4,2,5,0,4,2,0,7,112,1
"org.apache.lucene.facet.taxonomy.directory.TestIndexClose$LeakChecker$InstrumentedIndexWriter",2,0.00,1.50,11,0.11,1892.97,3,1,18,3,5,171.40,3,16,0,2,121.40,0.00,0.50,1.00,0,0.00,2,327.31,1,0,5,org.apache.lucene.index.IndexWriter,0.00,1,1,3,0,1,2,0,3,77,1
"org.apache.lucene.facet.taxonomy.directory.TestIndexClose$LeakChecker$InstrumentedTaxonomyReader",2,0.00,1.00,5,0.06,770.83,2,0,18,4,5,139.41,0,9,0,2,139.41,0.00,0.50,0.00,0,2.00,1,167.65,0,1,5,org.apache.lucene.facet.taxonomy.directory.DirectoryTaxonomyReader,0.00,2,1,2,0,2,1,0,0,44,1
"org.apache.lucene.facet.taxonomy.directory.TestIndexClose$LeakChecker$InstrumentedTaxonomyWriter",3,0.00,1.00,7,0.10,1490.77,3,0,18,7,8,138.54,0,15,0,2,138.54,0.00,0.50,0.00,0,3.00,1,304.45,1,2,8,org.apache.lucene.facet.taxonomy.directory.DirectoryTaxonomyWriter,0.05,4,1,3,0,4,1,0,0,74,1
"org.apache.lucene.search.suggest.fst.FSTLookup",18,0.02,3.28,198,2.96,157242.81,24,6,24,88,15,63.28,222,246,4,2,100.84,0.00,0.50,0.15,8,106.00,8,8880.30,0,6,11,org.apache.lucene.search.suggest.Lookup,0.00,70,1,59,0,70,12,0,71,1626,1
"org.apache.lucene.search.suggest.fst.FSTLookup$Comparator<Entry>",1,0.00,3.00,14,0.15,7661.63,1,0,24,2,0,97.41,0,13,0,1,97.41,0.00,0.00,0.00,0,1.00,3,454.65,0,0,0,java.lang.Object,0.00,1,0,3,0,1,1,0,0,94,0
"org.apache.lucene.search.suggest.fst.FSTLookup$Comparator<LookupResult>",1,0.00,1.00,3,0.03,398.03,1,0,24,2,0,182.73,1,4,0,1,132.73,0.00,0.00,0.00,0,1.00,1,93.66,0,0,0,java.lang.Object,0.00,1,0,1,0,1,1,0,1,27,0
"org.apache.lucene.search.suggest.fst.FSTLookup$Entry",1,2.00,1.00,6,0.04,595.42,3,2,24,1,0,120.12,0,8,0,1,120.12,0.00,0.00,0.00,0,1.00,1,131.85,0,0,0,java.lang.Object,0.00,0,0,1,0,0,1,0,0,36,2
"org.apache.lucene.search.suggest.fst.FSTLookupTest",14,0.31,1.79,88,1.41,56895.18,15,1,11,42,3,113.42,9,135,0,2,113.42,0.00,0.50,0.71,3,0.00,6,4241.98,1,2,3,org.apache.lucene.util.LuceneTestCase,0.00,28,1,25,0,28,12,0,7,832,1
"org.apache.lucene.util.automaton.Automaton",52,0.05,2.15,335,3.74,203971.61,61,9,10,104,42,95.63,271,394,38,1,113.50,0.00,0.00,0.06,9,990.00,9,11220.07,1,24,6,java.lang.Object,0.00,52,0,112,0,52,28,1,64,2280,1
"org.apache.lucene.util.automaton.AutomatonProvider",1,0.00,1.00,2,0.01,69.06,1,0,1,1,4,115.91,13,3,3,1,145.29,0.00,0.00,0.00,0,1.00,1,36.53,0,1,1,,0.00,0,0,1,0,0,0,0,2,13,1
"org.apache.lucene.util.automaton.AutomatonTestUtil",3,0.00,9.67,48,1.19,141486.95,3,0,12,9,15,88.99,13,73,10,1,88.76,0.00,0.00,0.00,1,3.00,18,3571.70,0,2,5,java.lang.Object,0.00,6,0,29,0,6,1,0,11,625,1
"org.apache.lucene.util.automaton.AutomatonTestUtil$RandomAcceptedStrings",9,0.38,5.00,143,2.35,187707.17,11,2,12,63,8,44.64,74,180,0,1,92.75,0.00,0.00,0.17,2,19.00,12,7035.05,0,0,8,java.lang.Object,0.00,54,0,45,0,54,9,0,26,1241,2
"org.apache.lucene.util.automaton.AutomatonTestUtil$RandomAcceptedStrings$ArrivingTransition",1,2.00,1.00,6,0.04,550.02,3,2,12,1,2,120.39,0,8,0,1,120.39,0.00,0.00,0.00,0,1.00,1,123.59,0,0,2,java.lang.Object,0.00,0,0,1,0,0,1,0,0,35,2
"org.apache.lucene.util.automaton.BasicAutomata",13,0.00,2.46,107,1.70,117780.11,13,0,2,34,27,106.18,61,135,23,1,105.94,0.00,0.00,0.00,1,13.00,8,5091.93,0,12,5,java.lang.Object,0.00,21,0,32,0,21,1,0,14,984,2
"org.apache.lucene.util.automaton.BasicOperations",20,0.00,6.35,446,7.24,767766.02,20,0,11,110,26,42.11,144,502,20,1,84.40,0.00,0.00,0.00,5,20.00,16,21716.59,0,11,8,java.lang.Object,0.00,90,0,127,0,90,9,0,46,3706,2
"org.apache.lucene.util.automaton.BasicOperations$PointTransitionSet",6,0.28,3.00,62,0.70,33737.60,11,5,11,22,3,103.92,3,72,0,1,103.92,0.00,0.00,0.43,2,0.00,7,2088.42,0,3,3,java.lang.Object,0.00,16,0,18,0,16,3,0,3,431,3
"org.apache.lucene.util.automaton.BasicOperations$PointTransitions",4,0.11,1.00,14,0.14,2614.47,7,3,11,5,0,131.03,0,21,0,1,131.03,0.00,0.00,0.42,0,0.00,1,406.97,0,0,0,java.lang.Object,0.00,1,0,4,0,1,4,1,0,104,3
"org.apache.lucene.util.automaton.BasicOperations$TransitionList",1,0.00,2.00,9,0.11,3156.50,3,2,11,3,3,107.69,0,12,0,1,107.69,0.00,0.00,1.00,0,0.00,2,341.64,0,0,3,java.lang.Object,0.00,2,0,2,0,2,1,0,0,75,3
"org.apache.lucene.util.automaton.ByteRunAutomaton",3,0.00,2.00,15,0.15,5316.83,3,0,0,5,8,86.96,20,17,5,2,119.19,0.00,0.50,0.00,0,4.00,3,462.57,0,0,3,org.apache.lucene.util.automaton.RunAutomaton,0.00,2,1,6,0,2,3,0,3,104,1
"org.apache.lucene.util.automaton.CharacterRunAutomaton",3,0.00,2.33,23,0.27,10304.81,3,0,0,6,22,69.15,22,23,20,2,111.44,0.00,0.50,0.00,0,1.00,3,798.46,0,0,2,org.apache.lucene.util.automaton.RunAutomaton,0.00,3,1,7,0,3,3,0,3,164,1
"org.apache.lucene.util.automaton.CompiledAutomaton",5,0.25,6.80,158,1.94,210997.23,11,6,8,36,22,34.38,58,196,11,1,78.50,0.00,0.00,0.37,1,1.00,14,5806.88,0,3,12,java.lang.Object,0.00,31,0,34,0,31,2,0,46,1019,1
"org.apache.lucene.util.automaton.CompiledAutomaton$AUTOMATON_TYPE",0,0.00,0.00,2,0.01,66.44,0,0,8,0,0,171.00,0,1,0,1,171.00,0.00,0.00,0.00,0,0.00,0,33.22,0,0,0,java.lang.Object,0.00,0,0,0,0,0,0,0,0,10,1
"org.apache.lucene.util.automaton.DaciukMihovAutomatonBuilder",7,0.04,2.43,63,0.94,42655.76,11,4,4,35,9,63.10,49,78,3,1,105.40,0.00,0.00,0.29,3,11.00,3,2831.40,0,2,6,java.lang.Object,0.00,28,0,17,0,28,5,0,16,560,2
"org.apache.lucene.util.automaton.DaciukMihovAutomatonBuilder$State",14,0.03,1.57,61,0.78,25879.48,19,5,4,20,1,104.84,77,84,0,1,122.71,0.00,0.00,0.17,1,58.00,4,2326.93,0,6,1,java.lang.Object,0.00,6,0,22,0,6,8,0,20,521,2
"org.apache.lucene.util.automaton.Lev1ParametricDescription",2,0.75,5.00,40,0.64,63445.35,10,8,1,2,1,42.52,23,66,1,2,86.65,0.00,0.50,0.50,0,2.00,9,1921.17,0,0,0,org.apache.lucene.util.automaton.LevenshteinAutomata.ParametricDescription,0.00,0,1,10,0,0,2,0,23,370,0
"org.apache.lucene.util.automaton.Lev2ParametricDescription",2,0.83,7.00,54,1.63,108922.58,14,12,1,2,1,127.69,54,137,1,2,79.86,0.00,0.50,0.50,0,2.00,13,4891.93,0,0,0,org.apache.lucene.util.automaton.LevenshteinAutomata.ParametricDescription,0.00,0,1,14,0,0,2,0,54,753,0
"org.apache.lucene.util.automaton.LevenshteinAutomata",3,0.50,6.67,97,1.28,103713.43,11,8,3,24,10,112.06,62,92,4,1,78.68,0.00,0.00,0.46,1,0.00,10,3835.01,0,1,6,java.lang.Object,0.00,21,0,20,0,21,2,0,29,672,1
"org.apache.lucene.util.automaton.LevenshteinAutomata$ParametricDescription",6,0.05,1.17,28,0.55,24067.88,10,4,3,6,0,140.75,18,51,0,1,120.13,0.00,0.00,0.29,0,10.00,2,1643.87,0,0,0,java.lang.Object,0.00,0,0,7,0,0,6,0,8,326,2
"org.apache.lucene.util.automaton.MinimizationOperations",3,0.00,12.33,154,2.74,666707.32,3,0,4,31,6,14.62,28,147,4,1,64.62,0.00,0.00,0.00,1,3.00,34,8228.78,0,0,3,java.lang.Object,0.00,28,0,37,0,28,3,0,17,1212,2
"org.apache.lucene.util.automaton.MinimizationOperations$IntPair",1,2.00,1.00,5,0.03,434.31,3,2,4,1,0,124.15,0,7,0,1,124.15,0.00,0.00,0.00,0,1.00,1,97.99,0,0,0,java.lang.Object,0.00,0,0,1,0,0,1,0,0,30,2
"org.apache.lucene.util.automaton.MinimizationOperations$StateList",1,3.00,1.00,5,0.03,280.88,4,3,4,2,1,125.65,0,7,0,1,125.65,0.00,0.00,0.00,0,1.00,1,95.08,0,0,1,java.lang.Object,0.00,1,0,1,0,1,1,0,0,28,2
"org.apache.lucene.util.automaton.MinimizationOperations$StateListNode",2,0.50,2.50,15,0.18,5270.67,6,4,4,2,1,112.33,0,22,0,1,112.33,0.00,0.00,0.50,0,0.00,3,535.17,0,0,1,java.lang.Object,0.00,0,0,5,0,0,2,0,0,128,2
"org.apache.lucene.util.automaton.RegExp",46,0.01,3.17,407,5.77,396191.66,68,22,6,90,28,63.77,359,549,23,1,106.06,0.00,0.00,0.06,21,674.00,22,17319.89,0,33,5,java.lang.Object,0.00,44,0,146,0,44,13,0,19,3274,1
"org.apache.lucene.util.automaton.RegExp$Kind",0,0.00,0.00,2,0.03,80.71,0,0,6,0,0,171.00,0,3,0,1,171.00,0.00,0.00,0.00,0,0.00,0,80.71,0,0,0,java.lang.Object,0.00,0,0,0,0,0,0,0,0,19,0
"org.apache.lucene.util.automaton.RunAutomaton",8,0.22,2.75,80,0.98,82759.73,15,7,0,19,6,83.98,44,88,2,1,101.85,0.00,0.00,0.34,0,0.00,8,2952.01,0,1,4,java.lang.Object,0.00,11,0,22,2,11,7,0,14,563,2
"org.apache.lucene.util.automaton.SortedIntSet",8,0.38,4.50,131,1.34,108604.45,16,8,4,21,5,143.19,10,151,2,1,93.19,0.00,0.00,0.45,0,0.00,10,4018.51,0,1,3,java.lang.Object,0.00,13,0,36,0,13,7,0,10,783,1
"org.apache.lucene.util.automaton.SortedIntSet$FrozenIntSet",5,0.08,3.60,55,0.52,37780.92,8,3,4,9,2,101.32,0,67,0,1,101.32,0.00,0.00,0.27,0,6.00,12,1545.40,0,1,2,java.lang.Object,0.00,4,0,18,0,4,4,0,0,330,3
"org.apache.lucene.util.automaton.SpecialOperations",10,0.00,3.30,102,1.60,91437.79,10,0,5,45,14,102.47,44,121,10,1,102.23,0.00,0.00,0.00,3,10.00,8,4794.90,0,5,4,java.lang.Object,0.00,35,0,33,0,35,5,0,19,919,2
"org.apache.lucene.util.automaton.State",18,0.04,2.06,103,1.07,65836.01,24,6,5,28,22,116.94,75,125,20,1,116.70,0.00,0.00,0.20,2,126.00,9,3199.35,0,2,3,java.lang.Object,0.00,10,0,37,0,10,16,1,17,687,1
"org.apache.lucene.util.automaton.State$TransitionsIterable",1,0.00,1.00,3,0.02,201.86,1,0,5,2,1,135.05,0,5,0,1,135.05,0.00,0.00,0.00,0,1.00,1,61.75,0,1,1,java.lang.Object,0.00,1,0,1,0,1,0,1,0,19,1
"org.apache.lucene.util.automaton.State$TransitionsIterable$Iterator<Transition>",3,0.50,1.00,8,0.05,447.53,4,1,5,4,1,142.65,0,11,0,1,142.65,0.00,0.00,0.67,0,1.00,1,142.84,0,1,1,java.lang.Object,0.00,1,0,3,0,1,2,0,0,43,0
"org.apache.lucene.util.automaton.StatePair",6,0.00,1.17,22,0.17,4034.84,9,3,0,7,4,113.03,33,31,3,1,130.90,0.00,0.00,0.33,0,2.00,2,515.73,0,2,1,java.lang.Object,0.00,1,0,7,0,1,4,0,6,139,1
"org.apache.lucene.util.automaton.TestBasicOperations",7,0.00,1.71,75,1.04,37090.01,7,0,2,28,6,154.25,8,82,0,2,104.25,0.00,0.50,0.00,0,7.00,6,3127.97,0,0,6,org.apache.lucene.util.LuceneTestCase,0.00,21,1,12,0,21,7,0,8,618,1
"org.apache.lucene.util.automaton.TestCompiledAutomaton",6,0.00,3.00,70,0.91,51573.58,6,0,9,28,5,100.92,3,81,0,2,100.92,0.00,0.50,0.00,4,6.00,10,2720.49,0,2,5,org.apache.lucene.util.LuceneTestCase,0.00,22,1,18,0,22,4,0,3,512,1
"org.apache.lucene.util.automaton.TestDeterminism",3,0.00,2.00,34,0.41,14366.10,3,0,1,18,4,85.14,17,34,0,2,103.01,0.00,0.50,0.00,0,3.00,2,1224.13,0,0,4,org.apache.lucene.util.LuceneTestCase,0.00,15,1,6,0,15,3,0,14,253,1
"org.apache.lucene.util.automaton.TestDeterminizeLexicon",2,0.50,3.00,32,0.35,9317.31,4,2,5,17,6,136.83,4,31,0,2,96.94,0.00,0.50,0.75,1,0.00,3,1037.45,0,0,6,org.apache.lucene.util.LuceneTestCase,0.00,15,1,6,0,15,2,0,1,207,1
"org.apache.lucene.util.automaton.TestLevenshteinAutomata",12,0.00,2.42,146,1.75,124312.36,12,0,3,42,8,81.05,62,153,0,2,98.92,0.00,0.50,0.00,4,12.00,7,5260.40,0,4,8,org.apache.lucene.util.LuceneTestCase,0.00,30,1,29,0,30,8,0,29,1020,1
"org.apache.lucene.util.automaton.TestMinimize",3,0.00,1.67,26,0.26,5486.60,3,0,1,15,5,151.39,8,26,0,2,111.51,0.00,0.50,0.00,0,3.00,2,788.45,0,0,5,org.apache.lucene.util.LuceneTestCase,0.00,12,1,5,0,12,3,0,4,166,1
"org.apache.lucene.util.automaton.TestSpecialOperations",1,0.00,2.00,10,0.09,1816.32,1,0,1,7,3,134.16,19,10,0,2,107.87,0.00,0.50,0.00,0,1.00,2,284.72,0,0,3,org.apache.lucene.util.LuceneTestCase,0.00,6,1,2,0,6,1,0,2,62,1
"org.apache.lucene.util.automaton.TestUTF32ToUTF8",11,0.40,2.64,148,2.10,172418.26,13,2,5,47,10,146.19,14,169,0,2,96.19,0.00,0.50,0.14,4,34.00,11,6305.48,1,0,10,org.apache.lucene.util.LuceneTestCase,0.00,36,1,29,0,36,11,0,14,1156,1
"org.apache.lucene.util.automaton.Transition",11,0.10,2.18,59,0.84,31388.92,16,5,1,20,23,117.77,49,89,23,1,117.54,0.00,0.00,0.29,1,0.00,9,2524.28,1,3,1,java.lang.Object,0.00,9,0,24,0,9,8,1,11,541,1
"org.apache.lucene.util.automaton.Transition$CompareByDestThenMinMaxSingle",1,0.00,8.00,9,0.17,11921.70,1,0,1,1,1,102.83,0,13,0,1,102.83,0.00,0.00,0.00,0,1.00,8,517.55,0,0,1,java.lang.Object,0.00,0,0,8,0,0,1,1,0,117,3
"org.apache.lucene.util.automaton.Transition$CompareByMinMaxThenDestSingle",1,0.00,8.00,10,0.17,10687.62,1,0,1,1,1,101.49,0,13,0,1,101.49,0.00,0.00,0.00,0,1.00,8,506.29,0,0,1,java.lang.Object,0.00,0,0,8,0,0,1,1,0,116,3
"org.apache.lucene.util.automaton.UTF32ToUTF8",8,0.06,3.25,143,2.28,211140.73,17,9,4,33,8,72.14,43,168,3,1,90.01,0.00,0.00,0.17,6,36.00,7,6842.70,0,2,5,java.lang.Object,0.00,25,0,26,0,25,6,0,39,1272,2
"org.apache.lucene.util.automaton.UTF32ToUTF8$UTF8Byte",0,0.00,0.00,3,0.02,116.27,2,2,4,0,0,171.00,1,4,0,1,171.00,0.00,0.00,0.00,0,0.00,0,46.51,0,0,0,java.lang.Object,0.00,0,0,0,0,0,0,0,1,14,2
"org.apache.lucene.util.automaton.UTF32ToUTF8$UTF8Sequence",6,0.10,2.17,52,0.55,24321.83,8,2,4,11,0,108.72,4,56,0,1,108.72,0.00,0.00,0.58,1,0.00,4,1656.18,0,1,0,java.lang.Object,0.00,5,0,13,0,5,5,0,4,347,2
"org.apache.lucene.analysis.Analyzer",8,0.86,1.25,31,0.25,5350.41,9,1,7,16,268,82.43,82,43,265,1,130.90,0.00,0.00,0.25,1,16.00,2,759.80,0,1,4,java.lang.Object,0.00,8,0,10,63,8,7,0,11,189,2
"org.apache.lucene.analysis.Analyzer$GlobalReuseStrategy",2,0.00,1.00,5,0.04,304.35,2,0,7,4,0,163.20,6,8,0,2,142.59,0.00,0.50,0.00,0,2.00,1,112.16,0,1,0,org.apache.lucene.analysis.ReuseStrategy,0.00,2,1,2,0,2,1,0,2,34,3
"org.apache.lucene.analysis.Analyzer$PerFieldReuseStrategy",2,0.00,2.00,10,0.16,5198.83,2,0,7,7,0,138.49,6,16,0,2,117.88,0.00,0.50,0.00,0,2.00,2,469.32,0,1,0,org.apache.lucene.analysis.ReuseStrategy,0.00,5,1,4,0,5,1,0,2,103,2
"org.apache.lucene.analysis.Analyzer$ReuseStrategy",5,0.75,1.80,21,0.18,4098.55,6,1,7,10,2,107.59,28,31,0,1,125.46,0.00,0.00,0.40,0,7.00,3,533.97,0,2,2,java.lang.Object,0.00,5,0,9,0,5,3,0,5,129,3
"org.apache.lucene.analysis.Analyzer$TokenStreamComponents",5,0.25,1.00,15,0.11,1499.41,7,2,7,6,2,101.48,33,22,0,1,133.70,0.00,0.00,0.30,0,10.00,1,320.03,0,0,2,java.lang.Object,0.00,1,0,5,0,1,5,0,5,90,2
"org.apache.lucene.analysis.AnalyzerWrapper",6,0.00,1.00,11,0.13,2029.17,6,0,2,11,8,118.86,41,19,6,2,151.08,5.00,0.14,0.00,2,6.00,1,377.63,0,3,2,org.apache.lucene.analysis.Analyzer,0.00,5,1,6,5,5,3,0,7,104,2
"org.apache.lucene.analysis.BaseTokenStreamTestCase",26,0.00,2.23,149,3.16,239745.17,26,0,10,65,146,113.52,22,206,137,2,113.52,205.00,0.00,0.00,4,26.00,17,9476.82,0,0,9,org.apache.lucene.util.LuceneTestCase,0.00,39,1,58,205,39,26,0,12,1712,2
"org.apache.lucene.analysis.BaseTokenStreamTestCase$CheckClearAttributesAttribute",1,0.00,1.00,2,0.01,64.15,1,0,10,1,0,145.54,0,3,0,2,145.54,0.00,0.50,0.00,0,1.00,1,30.46,0,0,0,,0.00,0,1,1,0,0,1,0,0,12,2
"org.apache.lucene.analysis.BaseTokenStreamTestCase$CheckClearAttributesAttributeImpl",5,0.25,1.00,14,0.14,2349.79,6,1,10,8,1,138.73,0,29,0,2,138.73,0.00,0.50,0.80,0,0.00,1,424.21,0,0,1,org.apache.lucene.util.AttributeImpl,0.20,3,1,5,0,3,5,1,0,110,3
"org.apache.lucene.analysis.CachingTokenFilter",5,0.17,2.00,26,0.27,6474.99,8,3,5,13,15,160.14,13,40,12,4,120.26,0.00,0.75,0.47,1,1.00,3,799.19,0,0,3,org.apache.lucene.analysis.TokenFilter,0.71,8,3,10,0,8,5,0,5,182,2
"org.apache.lucene.analysis.CharReader",8,0.29,1.12,18,0.18,3333.97,9,1,2,14,16,139.11,6,34,15,3,139.11,0.00,0.67,0.75,0,0.00,2,538.74,0,1,1,org.apache.lucene.analysis.CharStream,0.33,6,2,9,0,6,7,0,1,146,2
"org.apache.lucene.analysis.CharStream",1,0.00,1.00,2,0.01,109.02,1,0,1,1,23,143.25,16,3,23,2,143.73,9.00,0.09,0.00,0,1.00,1,42.11,0,0,0,java.io.Reader,0.00,0,1,1,9,0,1,0,2,15,2
"org.apache.lucene.analysis.CollationTestBase",7,4.00,2.57,144,2.78,120265.96,11,4,28,59,29,71.03,41,175,3,2,88.90,3.00,0.20,0.00,1,7.00,6,8347.08,0,1,26,org.apache.lucene.util.LuceneTestCase,0.00,52,1,18,3,52,6,0,34,1381,2
"org.apache.lucene.analysis.CollationTestBase$Thread",1,0.00,3.00,15,0.20,7148.47,1,0,28,13,3,96.53,0,19,0,1,96.53,0.00,0.00,0.00,0,1.00,3,608.77,0,0,3,java.lang.Object,0.00,12,0,3,0,12,1,0,0,111,0
"org.apache.lucene.analysis.MockAnalyzer",8,0.00,2.00,45,0.56,18482.60,16,8,7,20,226,100.41,44,64,219,2,118.28,0.00,0.50,0.12,0,26.00,9,1675.50,0,0,7,org.apache.lucene.analysis.Analyzer,0.00,12,1,16,0,12,8,0,10,357,2
"org.apache.lucene.analysis.MockFixedLengthPayloadFilter",2,0.75,1.50,17,0.17,3009.48,6,4,4,5,6,112.20,0,22,2,4,112.20,0.00,0.75,0.62,0,0.00,2,503.74,0,0,4,org.apache.lucene.analysis.TokenFilter,0.29,3,3,3,0,3,2,0,0,113,2
"org.apache.lucene.analysis.MockPayloadAnalyzer",1,0.00,1.00,4,0.06,1129.68,1,0,6,4,9,124.74,4,7,1,2,124.50,0.00,0.50,0.00,0,1.00,1,175.73,0,0,8,org.apache.lucene.analysis.Analyzer,0.00,3,1,1,0,3,1,0,1,42,2
"org.apache.lucene.analysis.MockPayloadFilter",3,0.67,1.67,33,0.29,6977.76,9,6,6,8,7,105.53,0,41,1,4,105.53,0.00,0.75,0.61,0,0.00,3,878.88,1,0,6,org.apache.lucene.analysis.TokenFilter,0.53,5,3,5,0,5,3,0,0,187,1
"org.apache.lucene.analysis.MockTokenFilter",4,0.06,1.75,24,0.52,15194.10,10,6,8,12,19,81.43,27,44,13,4,113.66,0.00,0.75,0.21,0,4.00,4,1564.07,0,0,6,org.apache.lucene.analysis.TokenFilter,0.25,8,3,7,0,8,4,0,8,289,2
"org.apache.lucene.analysis.MockTokenizer",12,0.08,1.83,100,1.23,54315.89,25,13,7,26,242,129.00,36,123,236,4,108.39,0.00,0.75,0.15,3,46.00,6,3679.06,3,0,6,org.apache.lucene.analysis.Tokenizer,0.55,14,3,22,0,14,12,0,20,726,1
"org.apache.lucene.analysis.MockTokenizer$State",0,0.00,0.00,2,0.01,107.55,0,0,7,0,0,171.00,0,8,0,1,171.00,0.00,0.00,0.00,0,0.00,0,43.02,0,0,0,java.lang.Object,0.00,0,0,0,0,0,0,0,0,12,2
"org.apache.lucene.analysis.MockVariableLengthPayloadFilter",2,0.80,1.50,18,0.20,3999.89,7,5,4,7,5,109.32,0,23,1,4,109.32,0.00,0.75,0.60,0,0.00,2,590.61,0,0,4,org.apache.lucene.analysis.TokenFilter,0.29,5,3,3,0,5,2,0,0,128,2
"org.apache.lucene.analysis.NumericTokenStream",10,0.21,1.50,44,0.56,13165.64,17,7,12,21,16,79.76,112,60,5,2,123.88,0.00,0.50,0.33,0,0.00,4,1690.59,0,4,12,org.apache.lucene.document.TokenStream,0.00,11,1,15,0,11,6,0,17,363,2
"org.apache.lucene.analysis.NumericTokenStream$NumericAttributeFactory",2,1.00,2.00,7,0.09,2126.48,3,1,12,5,2,129.21,0,12,0,2,129.21,0.00,0.50,0.50,0,2.00,3,255.29,0,1,2,org.apache.lucene.util.AttributeFactory,0.00,3,1,4,0,3,1,0,0,62,3
"org.apache.lucene.analysis.NumericTokenStream$NumericTermAttribute",6,0.00,1.00,7,0.04,133.53,6,0,12,6,0,210.39,9,8,0,2,160.39,0.00,0.50,0.00,0,6.00,1,105.47,0,0,0,,0.00,0,1,6,0,0,6,0,6,41,1
"org.apache.lucene.analysis.NumericTokenStream$NumericTermAttributeImpl",11,0.14,1.18,37,0.41,8667.80,16,5,12,16,5,130.35,3,48,0,2,130.35,0.00,0.50,0.33,1,3.00,3,1220.22,0,1,5,org.apache.lucene.util.AttributeImpl,0.12,5,1,13,0,5,10,2,3,288,3
"org.apache.lucene.analysis.TestCachingTokenFilter",2,1.00,1.50,40,0.59,21154.32,3,1,11,25,13,130.57,4,53,0,3,90.68,0.00,0.67,0.50,1,2.00,2,1772.09,0,0,13,org.apache.lucene.analysis.BaseTokenStreamTestCase,0.00,23,2,3,0,23,2,0,4,326,1
"org.apache.lucene.analysis.TestCachingTokenFilter$TokenStream",1,0.00,2.00,12,0.12,2500.52,4,3,11,4,2,103.83,0,15,0,1,103.83,0.00,0.00,1.00,0,0.00,2,351.22,0,0,2,java.lang.Object,0.00,3,0,2,0,3,1,0,0,78,0
"org.apache.lucene.analysis.TestMockAnalyzer",8,0.00,1.12,44,0.74,14453.40,8,0,7,21,11,139.87,25,71,0,3,119.25,0.00,0.67,0.00,0,8.00,2,2226.37,3,0,11,org.apache.lucene.analysis.BaseTokenStreamTestCase,0.00,13,2,9,0,13,8,0,10,451,1
"org.apache.lucene.analysis.TestNumericTokenStream",4,0.33,3.00,67,1.10,56943.17,6,2,6,28,8,143.12,4,74,0,3,93.12,0.00,0.67,0.25,0,8.00,3,3305.89,0,0,8,org.apache.lucene.analysis.BaseTokenStreamTestCase,0.00,24,2,12,0,24,4,0,4,579,1
"org.apache.lucene.analysis.TestNumericTokenStream$TestAttribute",0,0.00,0.00,1,0.01,49.13,0,0,6,0,0,171.00,0,1,0,2,171.00,0.00,0.50,0.00,0,0.00,0,19.65,0,0,0,,0.00,0,1,0,0,0,0,0,0,7,2
"org.apache.lucene.analysis.TestNumericTokenStream$TestAttributeImpl",0,0.00,0.00,1,0.01,85.59,0,0,6,0,1,171.00,0,1,0,3,171.00,0.00,0.67,0.00,0,0.00,0,28.53,0,0,1,org.apache.lucene.analysis.tokenattributes.CharTermAttributeImpl,0.00,0,2,0,0,0,0,1,0,9,2
"org.apache.lucene.analysis.TestToken",12,0.00,1.42,182,2.46,136607.32,12,0,9,48,15,95.11,3,200,1,2,95.11,0.00,0.50,0.00,2,12.00,5,7380.74,0,0,14,org.apache.lucene.util.LuceneTestCase,0.00,36,1,17,0,36,12,0,3,1463,1
"org.apache.lucene.analysis.TestToken$HashMap<String,Object>",0,0.00,0.00,9,0.19,4144.31,0,0,9,2,8,171.00,0,9,0,1,171.00,0.00,0.00,0.00,0,0.00,0,573.04,0,0,8,java.lang.Object,0.00,2,0,0,0,2,0,0,0,110,0
"org.apache.lucene.analysis.TestToken$SenselessAttribute",0,0.00,0.00,1,0.01,31.02,0,0,9,0,0,171.00,0,1,0,2,171.00,0.00,0.50,0.00,0,0.00,0,15.51,0,0,0,,0.00,0,1,0,0,0,0,0,0,6,1
"org.apache.lucene.analysis.TestToken$SenselessAttributeImpl",4,0.00,1.00,7,0.06,665.56,4,0,9,4,1,153.51,0,10,0,2,153.51,0.00,0.50,0.00,0,4.00,1,183.13,0,0,1,org.apache.lucene.util.AttributeImpl,0.22,0,1,4,0,0,4,1,0,55,3
"org.apache.lucene.analysis.Token",38,0.24,1.32,195,2.03,54770.97,45,7,12,56,70,77.70,282,260,58,3,119.99,0.00,0.67,0.38,2,0.00,5,6090.49,9,10,12,org.apache.lucene.analysis.tokenattributes.CharTermAttributeImpl,0.13,18,2,50,0,18,28,5,38,1360,1
"org.apache.lucene.analysis.Token$TokenAttributeFactory",4,0.67,2.00,14,0.18,5042.81,5,1,12,8,2,128.63,2,24,0,2,128.63,0.00,0.50,0.50,1,4.00,3,536.13,0,1,2,AttributeSource.AttributeFactory,0.00,4,1,8,0,4,3,0,1,128,3
"org.apache.lucene.analysis.TokenFilter",4,0.33,1.00,11,0.09,1296.02,5,1,1,7,130,160.62,12,19,129,3,140.00,56.00,0.02,0.75,0,0.00,1,261.65,0,0,1,org.apache.lucene.analysis.TokenStream,0.75,3,2,4,112,3,4,0,6,74,2
"org.apache.lucene.analysis.TokenStream",8,0.00,1.38,21,0.21,6610.50,8,0,9,15,454,116.58,113,33,449,2,136.73,167.00,0.01,0.00,1,8.00,4,644.67,0,0,6,org.apache.lucene.util.AttributeSource,0.00,7,1,11,167,7,8,1,9,153,2
"org.apache.lucene.analysis.Tokenizer",9,0.88,1.22,23,0.20,3474.44,10,1,3,12,230,159.97,27,34,226,3,139.36,14.00,0.06,0.22,0,19.00,2,591.95,0,0,4,org.apache.lucene.analysis.TokenStream,0.18,3,2,11,28,3,9,0,13,161,2
"org.apache.lucene.analysis.VocabularyAssert",4,0.00,1.75,30,0.47,14257.01,4,0,9,18,2,161.38,6,45,0,1,111.38,0.00,0.00,0.00,1,4.00,3,1408.38,0,0,2,java.lang.Object,0.00,14,0,7,0,14,4,0,6,284,1
"org.apache.solr.search.grouping.distributed.ShardRequestFactory",1,0.00,1.00,2,0.01,44.48,1,0,2,1,3,109.23,12,3,1,1,146.79,0.00,0.00,0.00,0,1.00,1,29.65,0,1,2,,0.00,0,0,1,0,0,0,0,2,12,1
"org.apache.solr.search.grouping.distributed.ShardResponseProcessor",1,0.00,1.00,2,0.01,39.00,1,0,2,1,6,109.68,12,3,4,1,147.24,0.00,0.00,0.00,0,1.00,1,34.00,0,0,2,,0.00,0,0,1,0,0,1,0,2,13,1
"org.apache.lucene.analysis.compound.hyphenation.ByteVector",11,0.30,1.36,49,0.37,9039.20,15,4,0,12,1,165.40,23,65,1,1,125.52,0.00,0.00,0.52,0,0.00,2,1112.59,0,0,0,java.lang.Object,0.00,1,0,15,0,1,11,0,7,271,1
"org.apache.lucene.analysis.compound.hyphenation.CharVector",13,0.27,1.31,55,0.44,10504.63,17,4,0,16,2,175.58,24,74,2,1,125.58,0.00,0.00,0.50,0,0.00,2,1306.80,0,1,0,java.lang.Object,0.00,3,0,17,0,3,12,1,7,317,1
"org.apache.lucene.analysis.compound.hyphenation.Hyphen",3,1.00,1.33,23,0.19,6976.59,6,3,0,7,1,113.14,12,29,1,1,112.90,0.00,0.00,1.00,0,0.00,2,583.72,0,1,0,java.lang.Object,0.00,4,0,4,0,4,2,0,1,138,1
"org.apache.lucene.analysis.compound.hyphenation.Hyphenation",3,0.00,1.00,8,0.04,406.54,4,1,0,3,2,143.22,14,12,2,1,142.98,0.00,0.00,1.00,0,0.00,1,123.63,0,0,0,java.lang.Object,0.00,0,0,3,0,0,3,0,4,39,1
"org.apache.lucene.analysis.compound.hyphenation.HyphenationException",1,0.00,1.00,3,0.02,106.02,1,0,0,1,2,105.03,6,5,2,2,137.25,0.00,0.50,0.00,0,1.00,1,45.51,0,0,0,java.lang.Exception,0.00,0,1,1,0,0,1,0,2,16,1
"org.apache.lucene.analysis.compound.hyphenation.HyphenationTree",15,0.00,3.80,222,2.79,295569.54,19,4,5,52,8,49.99,171,255,2,2,94.12,0.00,0.50,0.25,5,66.00,14,8364.57,4,4,6,org.apache.lucene.analysis.compound.hyphenation.TernaryTree,0.00,37,1,57,0,37,11,1,50,1558,1
"org.apache.lucene.analysis.compound.hyphenation.PatternConsumer",3,0.00,1.00,4,0.03,133.57,3,0,1,3,2,109.91,25,5,2,1,158.02,0.00,0.00,0.00,0,3.00,1,86.02,0,0,0,,0.00,0,0,3,0,0,3,0,4,30,1
"org.apache.lucene.analysis.compound.hyphenation.PatternParser",21,0.04,3.48,234,2.83,140690.74,32,11,12,80,5,141.62,61,292,2,2,101.74,0.00,0.50,0.13,4,110.00,10,8481.00,0,8,3,org.xml.sax.helpers.DefaultHandler,0.00,59,1,73,0,59,13,1,27,1647,1
"org.apache.lucene.analysis.compound.hyphenation.TernaryTree",21,0.13,2.48,222,2.52,179178.95,30,9,2,36,4,70.31,138,263,3,1,102.53,0.00,0.00,0.23,11,83.00,9,7560.78,0,2,1,java.lang.Object,0.00,15,0,52,1,15,19,1,43,1561,1
"org.apache.lucene.analysis.compound.hyphenation.TernaryTree$Iterator",9,0.25,3.11,101,1.11,65523.33,13,4,2,29,1,122.09,30,132,0,1,101.48,0.00,0.00,0.47,2,0.00,10,3329.95,0,1,1,java.lang.Object,0.00,20,0,28,0,20,8,1,13,659,1
"org.apache.lucene.analysis.compound.hyphenation.TernaryTree$Iterator$Item",3,0.75,1.00,11,0.07,702.58,5,2,2,4,0,134.54,0,16,0,1,134.54,0.00,0.00,1.00,0,0.00,1,198.73,0,1,0,java.lang.Object,0.00,1,0,3,0,1,2,1,0,58,1
"org.apache.lucene.LucenePackage",2,0.00,1.00,4,0.02,235.98,2,0,0,3,3,93.46,19,6,3,1,143.46,0.00,0.00,0.00,0,2.00,1,69.80,0,1,0,java.lang.Object,0.00,1,0,2,0,1,1,0,4,23,2
"org.apache.lucene.TestAssertions",1,0.00,2.00,12,0.09,1128.84,1,0,2,5,1,106.78,4,19,0,2,106.55,0.00,0.50,0.00,0,1.00,2,256.53,0,0,1,org.apache.lucene.util.LuceneTestCase,0.00,4,1,2,0,4,1,0,2,63,1
"org.apache.lucene.TestAssertions$TestTokenStream1",1,0.00,1.00,3,0.02,212.64,1,0,2,1,1,134.87,0,4,0,3,134.87,0.00,0.67,0.00,0,1.00,1,57.02,0,0,1,org.apache.lucene.analysis.TokenStream,0.33,0,2,1,0,0,1,0,0,18,1
"org.apache.lucene.TestAssertions$TestTokenStream2",1,0.00,1.00,3,0.02,186.16,1,0,2,1,1,135.33,0,4,0,3,135.33,0.00,0.67,0.00,0,1.00,1,56.19,0,0,1,org.apache.lucene.analysis.TokenStream,0.33,0,2,1,0,0,1,0,0,18,2
"org.apache.lucene.TestAssertions$TestTokenStream3",1,0.00,1.00,3,0.02,168.05,1,0,2,1,1,135.68,0,4,0,3,135.68,0.00,0.67,0.00,0,1.00,1,52.05,0,0,1,org.apache.lucene.analysis.TokenStream,0.33,0,2,1,0,0,1,0,0,17,1
"org.apache.lucene.TestDemo",1,0.00,2.00,30,0.48,21054.29,1,0,11,22,13,52.32,13,30,0,2,81.70,0.00,0.50,0.00,0,1.00,2,1447.11,0,0,13,org.apache.lucene.util.LuceneTestCase,0.00,21,1,2,0,21,1,0,8,242,1
"org.apache.lucene.TestExternalCodecs",1,0.00,5.00,49,0.99,75349.74,1,0,10,32,12,21.07,8,57,0,2,69.18,0.00,0.50,0.00,0,1.00,5,2958.88,0,0,12,org.apache.lucene.util.LuceneTestCase,0.00,31,1,5,0,31,1,0,7,457,1
"org.apache.lucene.TestExternalCodecs$CustomPerFieldCodec",1,0.00,3.00,11,0.13,3088.01,4,3,10,3,2,104.42,0,15,0,3,104.42,0.00,0.67,1.00,0,0.00,3,386.38,0,1,2,org.apache.lucene.index.codecs.lucene40.Lucene40Codec,0.00,2,2,3,0,2,0,0,0,88,3
"org.apache.lucene.TestMergeSchedulerExternal",0,0.00,0.00,5,0.04,461.50,3,3,17,0,14,171.00,4,5,0,2,171.00,0.00,0.50,0.00,0,0.00,0,105.49,0,0,14,org.apache.lucene.util.LuceneTestCase,0.00,0,1,0,0,0,0,0,1,27,1
"org.apache.lucene.TestMergeSchedulerExternal$MyMergeScheduler",5,0.00,1.20,47,0.60,12736.26,5,0,17,39,11,158.54,5,58,0,3,108.54,0.00,0.67,0.00,0,6.00,2,1809.67,2,1,11,org.apache.lucene.index.ConcurrentMergeScheduler,0.00,34,2,6,0,34,4,0,5,352,1
"org.apache.lucene.TestMergeSchedulerExternal$MyMergeScheduler$FailOnlyOnMerge",1,0.00,3.00,8,0.11,3080.70,1,0,17,6,1,109.59,0,10,0,2,109.59,0.00,0.50,0.00,0,1.00,3,316.06,0,0,1,MockDirectoryWrapper.Failure,0.00,5,1,3,0,5,1,0,0,66,2
"org.apache.lucene.TestMergeSchedulerExternal$MyMergeScheduler$MyMergeThread",1,0.00,1.00,4,0.04,420.51,1,0,17,1,1,127.88,0,7,0,2,127.88,0.00,0.50,0.00,0,0.00,1,109.84,0,0,1,ConcurrentMergeScheduler.MergeThread,0.00,0,1,1,0,0,1,0,0,29,1
"org.apache.lucene.TestMergeSchedulerExternal$MyMergeScheduler$ReportingMergeScheduler",2,0.00,2.00,8,0.11,2797.49,2,0,17,6,3,123.61,0,14,0,2,123.61,0.00,0.50,0.00,0,2.00,3,333.10,0,0,3,org.apache.lucene.index.MergeScheduler,0.50,4,1,4,0,4,2,0,0,75,2
"org.apache.lucene.TestSearch",4,0.00,2.25,84,1.35,76684.24,4,0,13,44,21,108.38,12,98,1,2,87.77,0.00,0.50,0.00,1,4.00,6,4044.28,0,1,20,org.apache.lucene.util.LuceneTestCase,0.00,40,1,9,0,40,3,0,4,711,1
"org.apache.lucene.TestSearchForDuplicates",5,0.05,2.60,83,1.35,64392.77,10,5,12,45,19,133.39,12,90,1,2,93.50,0.00,0.50,0.24,3,2.00,5,4045.29,0,0,18,org.apache.lucene.util.LuceneTestCase,0.00,40,1,13,0,40,5,0,5,697,1
"org.apache.lucene.demo.IndexFiles",3,0.00,5.67,72,1.16,73403.52,3,0,21,40,13,117.94,61,90,1,1,84.56,0.00,0.00,0.00,1,3.00,9,3480.82,0,0,12,java.lang.Object,0.00,37,0,17,0,37,3,0,43,549,1
"org.apache.lucene.demo.SearchFiles",3,0.00,13.33,138,2.37,298912.54,3,0,17,34,11,51.15,16,162,1,1,69.02,0.00,0.00,0.00,1,3.00,20,7120.85,0,0,10,java.lang.Object,0.00,31,0,40,0,31,3,0,7,1067,1
"org.apache.lucene.demo.TestDemo",2,0.00,1.00,22,0.31,7757.17,2,0,5,14,3,103.89,1,27,0,2,103.89,0.00,0.50,0.00,1,2.00,1,931.31,0,0,3,org.apache.lucene.util.LuceneTestCase,0.00,12,1,2,0,12,2,0,1,178,1
"org.apache.solr.uima.ts.EntityAnnotation",10,0.50,1.40,30,0.39,6100.72,12,2,4,16,3,151.81,33,37,3,2,131.19,0.00,0.50,0.05,1,18.00,2,1170.23,0,2,1,org.apache.uima.jcas.tcas.Annotation,0.00,6,1,14,0,6,8,0,17,277,1
"org.apache.solr.uima.ts.EntityAnnotation_Type",6,0.37,2.00,30,0.44,8531.50,12,6,10,15,2,140.55,18,38,2,2,119.94,0.00,0.50,0.47,0,0.00,3,1314.67,0,3,1,org.apache.uima.jcas.tcas.Annotation_Type,0.00,9,1,12,0,9,3,0,14,277,1
"org.apache.solr.uima.ts.EntityAnnotation_Type$FSGenerator",1,0.00,3.00,10,0.12,4415.53,1,0,10,4,2,154.74,1,12,0,1,104.74,0.00,0.00,0.00,0,1.00,3,351.13,0,1,2,java.lang.Object,0.00,3,0,3,0,3,0,0,1,77,0
"org.apache.solr.uima.ts.SentimentAnnotation",8,0.50,1.25,24,0.25,3786.88,10,2,4,14,3,152.70,27,29,3,2,132.08,0.00,0.50,0.06,1,14.00,2,764.10,0,1,1,org.apache.uima.jcas.tcas.Annotation,0.00,6,1,10,0,6,7,0,13,189,1
"org.apache.solr.uima.ts.SentimentAnnotation_Type",4,0.42,1.75,20,0.28,4841.33,8,4,10,13,2,141.14,14,25,2,2,120.52,0.00,0.50,0.56,0,0.00,2,827.16,0,2,1,org.apache.uima.jcas.tcas.Annotation_Type,0.00,9,1,7,0,9,2,0,10,177,1
"org.apache.solr.uima.ts.SentimentAnnotation_Type$FSGenerator",1,0.00,3.00,10,0.12,4415.53,1,0,10,4,2,154.74,1,12,0,1,104.74,0.00,0.00,0.00,0,1.00,3,351.13,0,1,2,java.lang.Object,0.00,3,0,3,0,3,0,0,1,77,0
"org.apache.lucene.queryparser.flexible.standard.builders.AnyQueryNodeBuilder",2,0.00,3.00,17,0.22,9621.35,2,0,11,10,10,147.95,5,25,0,1,108.06,0.00,0.00,0.00,0,2.00,5,657.97,0,1,10,java.lang.Object,0.00,8,0,6,0,8,1,1,2,123,1
"org.apache.lucene.queryparser.flexible.standard.builders.BooleanQueryNodeBuilder",3,0.00,3.00,24,0.33,14490.32,3,0,13,13,13,128.66,10,41,1,1,108.05,0.00,0.00,0.00,0,3.00,5,994.67,0,2,12,java.lang.Object,0.00,10,0,9,0,10,1,1,2,193,1
"org.apache.lucene.queryparser.flexible.standard.builders.BoostQueryNodeBuilder",2,0.00,1.50,10,0.10,2428.49,2,0,5,6,7,141.16,7,15,1,1,120.55,0.00,0.00,0.00,0,2.00,2,296.14,0,1,6,java.lang.Object,0.00,4,0,3,0,4,1,1,2,68,1
"org.apache.lucene.queryparser.flexible.standard.builders.DummyQueryNodeBuilder",2,0.00,1.00,4,0.02,172.08,2,0,5,2,7,96.43,16,7,1,1,144.54,0.00,0.00,0.00,0,2.00,1,66.53,0,1,6,java.lang.Object,0.00,0,0,2,0,0,1,1,4,22,1
"org.apache.lucene.queryparser.flexible.standard.builders.FieldQueryNodeBuilder",2,0.00,1.00,5,0.05,960.57,2,0,5,6,7,178.54,4,9,1,1,138.65,0.00,0.00,0.00,0,2.00,1,159.44,0,1,6,java.lang.Object,0.00,4,0,2,0,4,1,1,2,42,1
"org.apache.lucene.queryparser.flexible.standard.builders.FuzzyQueryNodeBuilder",2,0.00,1.00,5,0.07,1294.83,2,0,5,8,7,177.52,4,10,1,1,137.63,0.00,0.00,0.00,0,2.00,1,199.20,0,1,6,java.lang.Object,0.00,6,0,2,0,6,1,1,2,50,1
"org.apache.lucene.queryparser.flexible.standard.builders.GroupQueryNodeBuilder",2,0.00,1.00,5,0.05,761.31,2,0,5,4,7,160.06,6,9,1,1,139.45,0.00,0.00,0.00,0,2.00,1,155.20,0,1,6,java.lang.Object,0.00,2,0,2,0,2,1,1,2,41,1
"org.apache.lucene.queryparser.flexible.standard.builders.MatchAllDocsQueryNodeBuilder",2,0.00,1.50,6,0.08,1856.27,2,0,7,9,9,150.35,6,13,1,1,129.74,0.00,0.00,0.00,0,2.00,2,241.77,0,1,8,java.lang.Object,0.00,7,0,3,0,7,1,1,3,57,1
"org.apache.lucene.queryparser.flexible.standard.builders.MatchNoDocsQueryNodeBuilder",2,0.00,1.50,6,0.08,1856.27,2,0,7,9,9,150.35,6,13,1,1,129.74,0.00,0.00,0.00,0,2.00,2,241.77,0,1,8,java.lang.Object,0.00,7,0,3,0,7,1,1,3,57,1
"org.apache.lucene.queryparser.flexible.standard.builders.ModifierQueryNodeBuilder",2,0.00,1.00,5,0.05,761.31,2,0,5,4,7,160.06,6,9,1,1,139.45,0.00,0.00,0.00,0,2.00,1,155.20,0,1,6,java.lang.Object,0.00,2,0,2,0,2,1,1,2,41,1
"org.apache.lucene.queryparser.flexible.standard.builders.MultiPhraseQueryNodeBuilder",2,0.00,3.00,22,0.35,19893.92,2,0,11,15,10,140.31,5,30,1,1,100.42,0.00,0.00,0.00,0,2.00,5,1048.81,0,1,9,java.lang.Object,0.00,13,0,6,0,13,1,1,2,189,1
"org.apache.lucene.queryparser.flexible.standard.builders.NumericRangeQueryNodeBuilder",2,0.00,1.00,20,0.41,20943.31,2,0,10,18,12,84.17,10,38,1,1,102.04,0.00,0.00,0.00,0,2.00,1,1241.00,0,1,11,java.lang.Object,0.00,16,0,2,0,16,1,1,3,210,1
"org.apache.lucene.queryparser.flexible.standard.builders.PhraseQueryNodeBuilder",2,0.00,2.00,13,0.15,5724.47,2,0,8,8,9,154.48,5,18,1,1,114.59,0.00,0.00,0.00,0,2.00,3,459.09,0,1,8,java.lang.Object,0.00,6,0,4,0,6,1,1,2,93,1
"org.apache.lucene.queryparser.flexible.standard.builders.PrefixWildcardQueryNodeBuilder",2,0.00,1.50,10,0.16,4468.23,2,0,7,11,9,158.35,5,14,1,1,118.46,0.00,0.00,0.00,0,2.00,2,480.08,0,1,8,java.lang.Object,0.00,9,0,3,0,9,1,1,2,97,1
"org.apache.lucene.queryparser.flexible.standard.builders.RegexpQueryNodeBuilder",2,0.00,1.50,9,0.12,3042.94,2,0,7,8,9,163.27,4,15,1,1,123.39,0.00,0.00,0.00,0,2.00,2,347.36,0,1,8,java.lang.Object,0.00,6,0,3,0,6,1,1,2,76,1
"org.apache.lucene.queryparser.flexible.standard.builders.SlopQueryNodeBuilder",2,0.00,1.50,10,0.11,3328.35,2,0,7,6,9,140.08,7,15,1,1,119.47,0.00,0.00,0.00,0,2.00,2,342.09,0,1,8,java.lang.Object,0.00,4,0,3,0,4,1,1,2,77,1
"org.apache.lucene.queryparser.flexible.standard.builders.StandardBooleanQueryNodeBuilder",3,0.00,3.33,27,0.36,15588.47,3,0,15,16,14,126.48,10,41,1,1,105.87,0.00,0.00,0.00,0,3.00,5,1093.36,0,2,13,java.lang.Object,0.00,13,0,10,0,13,1,1,2,212,1
"org.apache.lucene.queryparser.flexible.standard.builders.StandardQueryBuilder",1,0.00,1.00,2,0.01,88.08,1,0,5,1,28,102.16,7,3,23,2,144.46,0.00,0.50,0.00,0,1.00,1,44.04,0,1,5,,0.00,0,1,1,0,0,0,0,1,15,1
"org.apache.lucene.queryparser.flexible.standard.builders.StandardQueryTreeBuilder",2,0.00,1.00,22,0.34,5193.92,2,0,23,20,43,105.50,9,29,1,2,105.27,0.00,0.50,0.00,0,2.00,1,1017.69,2,1,42,org.apache.lucene.queryparser.flexible.core.builders.QueryTreeBuilder,0.00,18,1,2,0,18,1,1,1,195,1
"org.apache.lucene.queryparser.flexible.standard.builders.TermRangeQueryNodeBuilder",2,0.00,2.50,18,0.26,8197.53,2,0,8,13,10,146.63,5,26,1,1,106.75,0.00,0.00,0.00,0,2.00,4,775.89,0,1,9,java.lang.Object,0.00,11,0,5,0,11,1,1,2,147,1
"org.apache.lucene.queryparser.flexible.standard.builders.WildcardQueryNodeBuilder",2,0.00,1.50,9,0.12,3042.94,2,0,7,8,9,163.27,5,14,1,1,123.39,0.00,0.00,0.00,0,2.00,2,347.36,0,1,8,java.lang.Object,0.00,6,0,3,0,6,1,1,2,76,1
"org.apache.lucene.queryparser.analyzing.ASCIIAnalyzer",1,0.00,1.00,4,0.06,1028.22,1,0,6,4,7,124.82,0,7,1,2,124.82,0.00,0.50,0.00,0,1.00,1,167.13,0,1,6,org.apache.lucene.analysis.Analyzer,0.00,3,1,1,0,3,0,0,0,40,1
"org.apache.lucene.queryparser.analyzing.AnalyzingQueryParser",5,0.00,9.00,136,2.14,205226.28,5,0,10,30,7,114.16,101,197,1,3,80.77,0.00,0.67,0.00,0,5.00,19,6407.52,4,4,6,org.apache.lucene.queryparser.classic.QueryParser,0.00,25,2,45,0,25,1,0,25,1055,1
"org.apache.lucene.queryparser.analyzing.TestAnalyzingQueryParser",6,0.33,1.67,49,0.64,14427.04,15,9,6,12,6,110.57,2,60,0,2,110.57,0.00,0.50,0.39,0,0.00,2,1912.79,1,1,6,org.apache.lucene.util.LuceneTestCase,0.00,6,1,10,0,6,5,0,1,391,1
"org.apache.lucene.queryparser.analyzing.TestFoldingFilter",2,1.00,4.50,22,0.21,8755.91,3,1,6,4,5,103.13,0,30,1,4,103.13,0.00,0.75,0.50,0,2.00,8,626.75,0,0,4,org.apache.lucene.analysis.TokenFilter,0.29,2,3,9,0,2,2,0,0,126,1
"org.apache.lucene.facet.search.params.CountFacetRequest",5,0.00,1.20,14,0.14,2267.54,5,0,7,8,23,106.59,31,27,15,2,138.81,1.00,0.33,0.00,0,5.00,2,406.73,0,1,8,org.apache.lucene.facet.search.params.FacetRequest,0.14,3,1,6,1,3,4,0,4,102,1
"org.apache.lucene.facet.search.params.FacetRequest",23,0.01,1.30,81,0.85,21305.32,34,11,13,36,30,81.67,192,122,21,1,129.78,0.00,0.00,0.08,1,219.00,3,2546.93,1,9,13,java.lang.Object,0.00,13,0,30,6,13,14,1,31,581,2
"org.apache.lucene.facet.search.params.FacetRequest$ResultMode",0,0.00,0.00,2,0.01,23.26,0,0,13,0,0,171.00,1,4,0,1,171.00,0.00,0.00,0.00,0,0.00,0,15.51,0,0,0,java.lang.Object,0.00,0,0,0,0,0,0,1,1,6,1
"org.apache.lucene.facet.search.params.FacetRequest$SortBy",0,0.00,0.00,2,0.01,23.26,0,0,13,0,0,171.00,1,4,0,1,171.00,0.00,0.00,0.00,0,0.00,0,15.51,0,0,0,java.lang.Object,0.00,0,0,0,0,0,0,1,1,6,1
"org.apache.lucene.facet.search.params.FacetRequest$SortOrder",0,0.00,0.00,2,0.01,23.26,0,0,13,0,0,171.00,0,1,0,1,171.00,0.00,0.00,0.00,0,0.00,0,15.51,0,0,0,java.lang.Object,0.00,0,0,0,0,0,0,1,0,6,1
"org.apache.lucene.facet.search.params.FacetRequestTest",6,0.00,1.00,42,0.62,14489.67,6,0,9,27,9,133.45,20,55,0,2,112.84,0.00,0.50,0.00,0,6.00,1,1861.51,0,0,9,org.apache.lucene.util.LuceneTestCase,0.00,21,1,6,0,21,6,0,5,377,1
"org.apache.lucene.facet.search.params.FacetSearchParams",8,0.14,1.25,31,0.29,7470.63,11,3,6,16,44,81.66,65,42,40,1,129.76,0.00,0.00,0.21,1,26.00,2,862.71,0,4,5,java.lang.Object,0.00,8,0,10,0,8,4,0,9,205,1
"org.apache.lucene.facet.search.params.FacetSearchParamsTest",4,0.00,1.25,33,0.47,10477.04,4,0,10,26,10,110.58,16,44,0,2,110.34,0.00,0.50,0.00,0,4.00,2,1396.54,0,0,10,org.apache.lucene.util.LuceneTestCase,0.00,22,1,5,0,22,4,0,1,278,1
"org.apache.lucene.facet.search.params.MultiIteratorsPerCLParamsTest",6,0.50,1.67,66,1.09,37037.17,8,2,33,44,29,84.31,34,98,0,2,102.19,0.00,0.50,0.08,3,10.00,3,3257.24,0,0,29,org.apache.lucene.util.LuceneTestCase,0.00,38,1,10,0,38,6,0,13,599,1
"org.apache.lucene.facet.search.params.MultiIteratorsPerCLParamsTest$PerDimCountFacetRequest",3,0.00,1.00,7,0.09,1324.49,3,0,33,5,8,138.94,2,16,0,3,138.94,0.00,0.67,0.00,0,3.00,1,256.10,1,2,8,org.apache.lucene.facet.search.params.CountFacetRequest,0.00,2,2,3,0,2,1,0,2,65,1
"org.apache.lucene.facet.search.params.MultiIteratorsPerCLParamsTest$PerDimCountFacetRequest$TopKFacetResultsHandler",1,0.00,2.00,7,0.11,3627.44,1,0,33,5,3,111.29,0,11,0,1,111.29,0.00,0.00,0.00,0,0.00,2,330.88,1,1,3,java.lang.Object,0.00,4,0,2,0,4,0,0,0,67,0
"org.apache.lucene.facet.search.params.MultiIteratorsPerCLParamsTest$PerDimensionCLI",5,0.08,1.80,26,0.25,5652.07,8,3,33,11,3,120.75,1,38,0,1,120.75,0.00,0.00,0.40,0,9.00,3,752.76,0,0,3,java.lang.Object,0.00,6,0,9,0,6,5,1,1,176,2
"org.apache.lucene.facet.search.params.ScoreFacetRequest",5,0.00,1.00,12,0.12,1821.68,5,0,6,7,8,139.84,22,24,1,2,139.60,0.00,0.50,0.00,0,5.00,1,355.74,0,1,7,org.apache.lucene.facet.search.params.FacetRequest,0.14,2,1,5,0,2,4,0,3,92,1
"org.apache.lucene.queryparser.flexible.core.processors.NoChildOptimizationQueryNodeProcessor",4,0.00,2.00,16,0.19,8656.45,4,0,3,7,5,142.73,12,31,1,2,122.12,0.00,0.50,0.00,0,4.00,5,579.16,0,3,4,org.apache.lucene.queryparser.flexible.core.processors.QueryNodeProcessorImpl,0.00,3,1,8,0,3,1,0,2,126,1
"org.apache.lucene.queryparser.flexible.core.processors.QueryNodeProcessor",3,0.00,1.00,4,0.02,126.39,3,0,3,3,7,147.85,47,5,5,1,158.21,0.00,0.00,0.00,0,3.00,1,66.26,0,2,3,,0.00,0,0,3,0,0,1,0,4,25,1
"org.apache.lucene.queryparser.flexible.core.processors.QueryNodeProcessorImpl",11,2.00,1.55,49,0.47,17925.54,13,2,5,19,28,74.67,110,68,24,1,123.15,0.00,0.00,0.00,3,11.00,4,1399.68,0,6,4,java.lang.Object,0.00,8,0,17,23,8,5,1,8,317,2
"org.apache.lucene.queryparser.flexible.core.processors.QueryNodeProcessorImpl$ChildrenList",0,0.00,0.00,2,0.02,222.03,1,1,5,0,1,171.00,0,3,0,2,171.00,0.00,0.50,0.00,0,0.00,0,55.51,0,0,1,java.util.ArrayList,0.00,0,1,0,0,0,0,0,0,15,2
"org.apache.lucene.queryparser.flexible.core.processors.QueryNodeProcessorPipeline",28,2.00,1.39,79,0.78,15889.59,30,2,4,32,9,138.24,119,111,5,1,138.01,0.00,0.00,0.00,18,28.00,3,2344.36,0,7,4,java.lang.Object,0.00,4,0,39,2,4,21,2,30,596,1
"org.apache.lucene.queryparser.flexible.core.processors.RemoveDeletedQueryNodesProcessor",5,0.00,2.60,35,0.37,17696.46,5,0,6,13,6,161.31,7,49,2,2,111.31,0.00,0.50,0.00,0,5.00,6,1099.83,1,4,5,org.apache.lucene.queryparser.flexible.core.processors.QueryNodeProcessorImpl,0.00,8,1,13,0,8,1,0,2,227,1
"org.apache.lucene.document.BinaryField",3,1.00,1.00,11,0.11,1473.16,4,1,1,4,13,99.79,20,16,10,2,132.01,0.00,0.50,0.00,0,3.00,1,322.01,0,0,3,org.apache.lucene.document.Field,0.00,1,1,3,0,1,3,0,5,87,2
"org.apache.lucene.document.CompressionTools",12,0.00,1.17,49,0.69,24444.27,12,0,7,31,4,162.33,26,67,1,1,122.45,0.00,0.00,0.00,4,12.00,2,2075.22,0,3,3,java.lang.Object,0.00,19,0,14,0,19,9,0,13,449,1
"org.apache.lucene.document.DateTools",7,1.00,1.29,34,0.52,19989.13,8,1,8,23,21,77.14,81,54,19,1,121.27,0.00,0.00,0.00,3,7.00,2,1556.08,0,4,2,java.lang.Object,0.00,16,0,9,0,16,3,0,12,324,1
"org.apache.lucene.document.DateTools$Resolution",2,2.00,1.00,10,0.13,1621.89,4,2,8,6,0,161.90,5,15,0,1,122.02,0.00,0.00,0.00,0,2.00,1,402.99,1,1,0,java.lang.Object,0.00,4,0,2,0,4,1,0,4,93,2
"org.apache.lucene.document.DateTools$ThreadLocal<Calendar>",1,0.00,1.00,3,0.03,357.52,1,0,8,2,0,133.10,0,5,0,1,133.10,0.00,0.00,0.00,0,0.00,1,88.18,0,1,0,java.lang.Object,0.00,1,0,1,0,1,0,0,0,25,0
"org.apache.lucene.document.DateTools$ThreadLocal<SimpleDateFormat",1,0.00,2.00,7,0.09,3080.44,1,0,8,2,0,111.84,0,9,0,1,111.84,0.00,0.00,0.00,0,1.00,2,265.48,0,1,0,java.lang.Object,0.00,1,0,2,0,1,0,0,0,60,0
"org.apache.lucene.document.Document",13,0.25,2.62,80,0.95,35182.56,15,2,6,38,383,72.43,95,107,380,1,114.72,0.00,0.00,0.27,0,30.00,4,2849.75,0,9,5,java.lang.Object,0.00,25,0,34,0,25,4,1,13,608,2
"org.apache.lucene.document.DocumentStoredFieldVisitor",11,0.10,1.18,44,0.67,14089.84,13,2,6,30,12,124.03,10,63,4,2,124.03,0.00,0.50,0.41,0,4.00,2,1998.44,0,2,9,org.apache.lucene.index.StoredFieldVisitor,0.00,19,1,13,0,19,9,0,4,432,1
"org.apache.lucene.document.Field",28,0.07,1.93,128,1.25,34523.13,34,6,12,44,160,163.94,77,189,152,1,124.05,0.00,0.00,0.10,4,252.00,7,3744.17,0,12,9,java.lang.Object,0.00,16,0,54,4,16,16,1,16,855,1
"org.apache.lucene.document.Field$TokenStream",2,0.67,1.50,13,0.12,2080.30,5,3,12,7,2,118.12,0,18,0,1,118.12,0.00,0.00,0.67,0,0.00,2,374.08,0,0,2,java.lang.Object,0.00,5,0,3,0,5,2,0,0,88,0
"org.apache.lucene.document.FieldType",21,0.11,1.67,90,0.80,25724.90,30,9,2,34,93,124.11,7,127,92,1,124.11,0.00,0.00,0.01,8,59.00,14,2398.10,0,2,1,java.lang.Object,0.00,13,0,35,0,13,19,1,3,559,1
"org.apache.lucene.document.IndexDocValuesField",26,0.02,2.04,113,1.24,37809.97,31,5,6,43,12,91.25,158,183,7,2,123.47,0.00,0.50,0.18,3,178.00,9,3712.87,0,7,5,java.lang.reflect.Field,0.00,17,1,53,0,17,19,1,24,790,1
"org.apache.lucene.document.LazyDocument",3,0.12,2.00,24,0.23,6273.26,7,4,14,9,12,161.01,4,32,2,1,111.01,0.00,0.00,0.33,0,5.00,3,701.51,0,2,10,java.lang.Object,0.00,6,0,6,0,6,1,0,2,155,1
"org.apache.lucene.document.LazyDocument$LazyField",13,0.33,1.77,60,0.66,17215.54,15,2,14,36,7,123.83,0,96,0,1,123.83,0.00,0.00,0.81,0,0.00,2,1965.26,0,10,7,java.lang.Object,0.00,23,0,23,0,23,3,1,0,464,1
"org.apache.lucene.document.NumericField",15,0.03,1.80,78,0.77,19797.92,20,5,10,31,42,100.08,220,106,38,2,120.22,0.00,0.50,0.17,0,24.00,8,2321.24,0,9,9,org.apache.lucene.document.Field,0.23,16,1,27,0,16,6,0,22,524,2
"org.apache.lucene.document.NumericField$DataType",0,0.00,0.00,2,0.01,57.06,0,0,10,0,0,171.00,0,1,0,1,171.00,0.00,0.00,0.00,0,0.00,0,28.53,0,0,0,java.lang.Object,0.00,0,0,0,0,0,0,0,0,9,2
"org.apache.lucene.document.StringField",2,0.50,1.50,17,0.16,3205.47,4,2,1,4,129,101.63,30,22,127,2,111.98,0.00,0.50,0.25,0,2.00,2,470.41,0,1,2,org.apache.lucene.document.Field,0.07,2,1,3,0,2,1,0,5,122,2
"org.apache.lucene.document.TestBinaryDocument",2,0.00,1.00,49,0.73,19135.68,4,2,6,34,10,68.02,28,54,0,2,88.17,0.00,0.50,0.50,0,2.00,1,2203.55,0,0,10,org.apache.lucene.util.LuceneTestCase,0.00,32,1,2,0,32,2,0,11,386,1
"org.apache.lucene.document.TestDateTools",6,0.00,1.50,116,2.08,76778.12,6,0,8,28,1,58.64,41,137,0,2,90.86,0.00,0.50,0.00,0,6.00,4,6247.12,0,1,1,org.apache.lucene.util.LuceneTestCase,0.00,22,1,9,0,22,5,0,26,1095,1
"org.apache.lucene.document.TestDocument",10,0.44,2.00,167,2.47,99223.41,12,2,11,58,16,76.58,58,192,0,2,94.45,0.00,0.50,0.10,2,18.00,5,7421.95,0,1,16,org.apache.lucene.util.LuceneTestCase,0.00,48,1,20,0,48,9,0,26,1393,1
"org.apache.lucene.document.TextField",3,2.00,1.00,17,0.14,2568.45,5,2,2,4,229,122.07,12,22,226,2,121.83,0.00,0.50,0.00,0,3.00,1,433.94,0,0,3,org.apache.lucene.document.Field,0.00,1,1,3,0,1,3,0,6,119,2
"org.apache.lucene.analysis.commongrams.CommonGramsFilter",7,0.21,2.00,62,0.73,19648.34,18,11,10,28,13,65.87,81,76,6,4,110.00,0.00,0.75,0.27,3,0.00,4,2196.18,1,0,7,org.apache.lucene.analysis.TokenFilter,0.42,21,3,14,0,21,7,0,13,453,2
"org.apache.lucene.analysis.commongrams.CommonGramsFilterTest",10,0.22,1.00,136,2.40,107690.34,11,1,7,29,9,97.93,40,193,0,3,97.70,0.00,0.67,0.80,0,0.00,1,7206.17,2,0,9,org.apache.lucene.analysis.BaseTokenStreamTestCase,0.00,19,2,10,0,19,10,0,16,1327,1
"org.apache.lucene.analysis.commongrams.CommonGramsFilterTest$Analyzer",1,0.00,1.00,4,0.06,1132.62,1,0,7,5,4,124.49,0,7,0,1,124.49,0.00,0.00,0.00,0,0.00,1,189.11,0,1,4,java.lang.Object,0.00,4,0,1,0,4,0,0,0,43,0
"org.apache.lucene.analysis.commongrams.CommonGramsFilterTest$Analyzer_0",1,0.00,1.00,4,0.06,1051.87,1,0,7,4,3,124.74,0,7,0,1,124.74,0.00,0.00,0.00,0,0.00,1,173.06,0,1,3,java.lang.Object,0.00,3,0,1,0,3,0,0,0,40,0
"org.apache.lucene.analysis.commongrams.CommonGramsQueryFilter",4,0.33,2.25,34,0.33,11202.38,9,5,5,9,7,59.98,39,46,3,4,109.98,0.00,0.75,0.45,1,2.00,6,985.84,1,0,4,org.apache.lucene.analysis.TokenFilter,0.50,5,3,9,0,5,4,0,7,208,2
"org.apache.solr.cloud.AbstractDistributedZkTestCase",4,0.00,1.75,45,0.61,16801.29,6,2,6,25,7,103.49,1,54,1,4,103.49,0.33,0.60,0.50,1,0.00,3,1830.69,6,0,6,org.apache.solr.BaseDistributedSearchTestCase,0.13,21,3,7,1,21,4,0,1,347,2
"org.apache.solr.cloud.AbstractZkTestCase",9,0.05,1.33,65,0.83,21259.05,14,5,12,30,11,112.85,4,86,6,3,112.85,0.50,0.50,0.16,4,28.00,3,2502.39,3,0,5,org.apache.solr.SolrTestCaseJ4,0.05,21,2,12,1,21,9,0,2,514,2
"org.apache.solr.cloud.BasicDistributedZkTest",6,0.02,3.17,154,2.95,285496.14,24,18,8,23,6,49.53,37,182,0,5,81.75,0.00,0.80,0.07,0,18.00,7,8846.92,9,1,6,org.apache.solr.cloud.AbstractDistributedZkTestCase,0.10,17,4,19,0,17,5,0,27,1298,1
"org.apache.solr.cloud.BasicZkTest",3,0.00,1.67,60,1.20,54501.23,3,0,10,35,9,89.05,14,83,0,4,88.81,0.00,0.75,0.00,0,4.00,3,3596.08,8,0,9,org.apache.solr.cloud.AbstractZkTestCase,0.00,32,3,5,0,32,3,0,12,528,1
"org.apache.solr.cloud.CloudDescriptor",6,0.20,1.00,16,0.09,938.37,9,3,1,6,7,182.38,17,23,6,1,142.49,0.00,0.00,0.17,0,18.00,1,272.65,0,3,1,java.lang.Object,0.00,0,0,6,0,0,3,0,2,82,1
"org.apache.solr.cloud.CloudStateUpdateTest",9,0.13,1.78,188,3.09,143199.39,30,21,21,76,14,139.25,14,219,1,3,89.25,0.00,0.67,0.16,4,21.00,7,9260.12,3,0,13,org.apache.solr.SolrTestCaseJ4,0.09,67,2,16,0,67,9,0,12,1506,1
"org.apache.solr.cloud.SolrZkServer",6,0.25,3.17,50,0.62,19398.48,14,8,20,26,3,109.41,5,67,1,1,109.41,0.00,0.00,0.33,0,0.00,7,1848.41,0,2,2,java.lang.Object,0.00,20,0,19,0,20,4,0,5,380,1
"org.apache.solr.cloud.SolrZkServer$Thread",1,0.00,3.00,14,0.16,5644.78,1,0,20,9,1,98.45,0,19,0,1,98.45,0.00,0.00,0.00,0,0.00,3,490.81,0,0,1,java.lang.Object,0.00,8,0,3,0,8,1,0,0,96,0
"org.apache.solr.cloud.SolrZkServerProps",7,0.11,9.00,175,3.15,310012.42,10,3,20,67,2,49.54,44,241,1,2,81.76,0.00,0.50,0.24,2,14.00,36,9447.33,0,2,1,org.apache.zookeeper.server.quorum.QuorumPeerConfig,0.00,60,1,63,0,60,5,0,24,1473,0
"org.apache.solr.cloud.ZkController",23,0.08,3.26,235,3.66,188491.90,38,15,23,80,18,84.73,130,343,9,1,102.61,0.00,0.00,0.14,6,0.00,18,10985.63,0,8,9,java.lang.Object,0.00,57,0,75,0,57,15,0,53,1943,2
"org.apache.solr.cloud.ZkController$OnReconnect",1,0.00,4.00,14,0.18,5245.70,1,0,23,5,1,138.52,2,22,0,1,98.64,0.00,0.00,0.00,0,0.00,4,543.00,0,0,1,java.lang.Object,0.00,4,0,4,0,4,1,0,2,111,0
"org.apache.solr.cloud.ZkController$Watcher",1,0.00,6.00,21,0.32,16763.48,1,0,23,6,1,108.62,3,33,0,1,88.00,0.00,0.00,0.00,0,0.00,6,972.31,0,0,1,java.lang.Object,0.00,5,0,6,0,5,1,0,3,174,0
"org.apache.solr.cloud.ZkControllerTest",6,0.18,2.67,107,1.71,82091.72,16,10,14,39,10,92.30,0,145,0,3,92.30,0.00,0.67,0.25,1,6.00,8,5117.74,3,0,10,org.apache.solr.SolrTestCaseJ4,0.05,33,2,16,0,33,6,0,0,864,1
"org.apache.solr.cloud.ZkNodePropsTest",1,0.00,1.00,18,0.24,9694.80,1,0,4,7,2,92.78,0,21,0,3,92.78,0.00,0.67,0.00,0,1.00,1,713.45,0,0,2,org.apache.solr.SolrTestCaseJ4,0.00,6,2,1,0,6,1,0,0,141,1
"org.apache.solr.cloud.ZkSolrClientTest",7,0.83,2.86,99,1.29,60634.68,8,1,9,33,5,147.00,13,132,0,3,97.00,0.00,0.67,0.29,0,3.00,10,3884.55,1,2,5,org.apache.solr.util.AbstractSolrTestCase,0.23,26,2,20,0,26,5,0,13,681,1
"org.apache.solr.cloud.ZkSolrClientTest$Watcher",1,0.00,4.00,9,0.09,1629.20,1,0,9,5,0,159.79,1,14,0,1,109.79,0.00,0.00,0.00,0,0.00,4,275.19,0,0,0,java.lang.Object,0.00,4,0,4,0,4,1,0,1,59,0
"org.apache.solr.cloud.ZkSolrResourceLoader",5,0.12,2.20,37,0.54,19529.39,7,2,9,18,5,111.25,23,63,1,2,111.01,0.00,0.50,0.60,0,0.00,5,1617.17,0,3,4,org.apache.solr.core.SolrResourceLoader,0.12,13,1,11,0,13,2,0,5,321,1
"org.apache.solr.cloud.ZkTestServer",11,0.12,2.09,81,0.91,32513.76,15,4,21,46,8,161.98,12,118,7,1,111.98,0.00,0.00,0.14,2,25.00,5,2730.17,0,4,1,java.lang.Object,0.00,35,0,23,0,35,7,0,5,548,1
"org.apache.solr.cloud.ZkTestServer$HostPort",1,2.00,1.00,6,0.04,417.53,3,2,21,1,0,121.34,0,8,0,1,121.34,0.00,0.00,0.00,0,1.00,1,112.24,0,0,0,java.lang.Object,0.00,0,0,1,0,0,1,0,0,33,2
"org.apache.solr.cloud.ZkTestServer$Session",2,0.00,1.00,5,0.03,286.06,2,0,21,2,0,142.80,0,8,0,1,142.80,0.00,0.00,0.00,0,2.00,1,81.08,0,0,0,java.lang.Object,0.00,0,0,2,0,0,2,0,0,26,0
"org.apache.solr.cloud.ZkTestServer$Thread",1,0.00,2.00,6,0.05,985.56,1,0,21,3,0,118.24,0,10,0,1,118.24,0.00,0.00,0.00,0,0.00,2,144.16,0,0,0,java.lang.Object,0.00,2,0,2,0,2,1,0,0,35,0
"org.apache.solr.cloud.ZkTestServer$Thread$ServerConfig",1,0.00,3.00,12,0.13,3143.46,1,0,21,5,1,102.95,0,19,0,1,102.95,0.00,0.00,0.00,0,1.00,3,380.76,0,0,1,java.lang.Object,0.00,4,0,3,0,4,1,0,0,85,0
"org.apache.solr.cloud.ZkTestServer$ZKServerMain",4,0.17,3.25,39,0.44,11994.18,6,2,21,29,0,128.37,14,58,0,1,107.75,0.00,0.00,0.62,1,0.00,4,1331.75,0,0,0,java.lang.Object,0.00,25,0,13,0,25,4,0,6,276,0
"org.apache.lucene.search.grouping.AbstractAllGroupHeadsCollector",8,0.19,1.88,48,0.45,16148.55,11,3,5,15,11,97.93,47,55,8,2,115.80,6.00,0.12,0.17,2,16.00,6,1336.78,0,2,3,org.apache.lucene.index.Collector,0.00,7,1,15,6,7,6,0,14,293,2
"org.apache.lucene.search.grouping.AbstractAllGroupHeadsCollector$GroupHead",3,2.00,1.00,8,0.07,1028.11,5,2,5,3,0,121.94,15,10,0,1,139.81,0.00,0.00,0.00,0,3.00,1,220.93,0,0,0,java.lang.Object,0.00,0,0,3,0,0,3,0,2,62,3
"org.apache.lucene.search.grouping.AbstractAllGroupHeadsCollector$TemporalResult",0,0.00,0.00,3,0.02,116.27,2,2,5,0,0,171.00,0,4,0,1,171.00,0.00,0.00,0.00,0,0.00,0,46.51,0,0,0,java.lang.Object,0.00,0,0,0,0,0,0,0,0,14,1
"org.apache.lucene.search.grouping.AbstractAllGroupsCollector",4,0.00,1.00,7,0.05,438.50,4,0,5,5,6,122.71,27,10,3,2,154.94,2.00,0.25,0.00,1,4.00,1,154.14,0,1,3,org.apache.lucene.search.Collector,0.25,1,1,4,2,1,3,0,4,48,2
"org.apache.lucene.search.grouping.AbstractFirstPassGroupingCollector",9,0.17,4.67,157,2.05,249156.03,18,9,4,36,9,41.29,93,172,2,2,89.77,2.00,0.25,0.26,2,8.00,21,6162.03,0,1,7,org.apache.lucene.search.Collector,0.31,27,1,42,2,27,8,0,53,1077,2
"org.apache.lucene.search.grouping.AbstractFirstPassGroupingCollector$Comparator<CollectedSearchGroup>",1,0.00,4.00,12,0.12,6687.63,1,0,4,2,2,100.30,0,12,0,1,100.30,0.00,0.00,0.00,0,0.00,4,374.65,0,0,2,java.lang.Object,0.00,1,0,4,0,1,1,0,0,78,0
"org.apache.lucene.search.grouping.AbstractSecondPassGroupingCollector",7,0.06,2.14,52,0.84,35161.77,15,8,6,22,12,130.77,27,77,2,2,110.16,2.00,0.25,0.18,1,14.00,4,2514.76,0,0,10,org.apache.lucene.search.Collector,0.36,15,1,15,2,15,7,0,10,484,2
"org.apache.lucene.search.grouping.AbstractSecondPassGroupingCollector$SearchGroupDocs",1,2.00,1.00,6,0.05,680.43,3,2,6,1,1,119.67,0,8,0,1,119.67,0.00,0.00,0.00,0,1.00,1,139.81,0,0,1,java.lang.Object,0.00,0,0,1,0,0,1,0,0,39,1
"org.apache.lucene.search.grouping.AllGroupHeadsCollectorTest",8,0.00,6.88,315,6.06,629666.67,8,0,21,85,23,112.54,18,346,0,2,72.65,0.00,0.50,0.00,5,8.00,28,18185.24,0,3,23,org.apache.lucene.util.LuceneTestCase,0.00,77,1,55,0,77,5,0,18,2689,1
"org.apache.lucene.search.grouping.AllGroupHeadsCollectorTest$Comparator<GroupDoc>",1,0.00,11.00,25,0.39,30842.19,1,0,21,10,0,132.95,1,30,0,1,82.95,0.00,0.00,0.00,0,1.00,11,1165.44,0,0,0,java.lang.Object,0.00,9,0,11,0,9,1,0,1,208,0
"org.apache.lucene.search.grouping.AllGroupHeadsCollectorTest$GroupDoc",1,7.00,1.00,15,0.13,2406.85,8,7,21,1,1,150.50,1,17,0,1,100.50,0.00,0.00,0.00,0,1.00,1,375.18,0,0,1,java.lang.Object,0.00,0,0,1,0,0,1,0,1,91,2
"org.apache.lucene.search.grouping.AllGroupsCollectorTest",2,0.00,1.50,61,1.12,54498.86,2,0,17,30,15,81.12,8,69,0,2,80.88,0.00,0.50,0.00,1,2.00,2,3368.22,0,1,15,org.apache.lucene.util.LuceneTestCase,0.00,28,1,3,0,28,1,0,8,552,1
"org.apache.lucene.search.grouping.BlockGroupingCollector",7,0.32,7.00,217,2.64,224091.90,29,22,17,41,18,97.58,131,242,1,2,79.44,0.00,0.50,0.32,1,0.00,19,7912.94,0,1,17,org.apache.lucene.index.Collector,0.00,34,1,49,0,34,6,0,64,1342,1
"org.apache.lucene.search.grouping.BlockGroupingCollector$FakeScorer",5,0.38,1.00,13,0.09,1051.80,7,2,17,6,1,141.48,0,23,0,3,141.48,0.00,0.67,0.20,0,11.00,1,263.06,0,0,1,org.apache.lucene.search.Scorer,0.80,1,2,5,0,1,5,0,0,77,3
"org.apache.lucene.search.grouping.BlockGroupingCollector$GroupQueue",2,0.00,2.00,15,0.18,10817.03,2,0,17,2,1,159.92,3,18,0,2,109.92,0.00,0.50,0.00,0,2.00,3,529.98,0,0,1,org.apache.lucene.util.PriorityQueue,0.00,0,1,4,0,0,2,0,3,111,2
"org.apache.lucene.search.grouping.BlockGroupingCollector$OneGroup",0,0.00,0.00,7,0.04,613.73,6,6,17,0,0,171.00,1,8,0,1,171.00,0.00,0.00,0.00,0,0.00,0,134.89,0,0,0,java.lang.Object,0.00,0,0,0,0,0,0,0,1,33,3
"org.apache.lucene.search.grouping.CollectedSearchGroup",0,0.00,0.00,3,0.03,362.64,2,2,0,0,3,171.00,1,4,2,2,171.00,0.00,0.50,0.00,0,0.00,0,77.71,0,0,1,org.apache.lucene.search.grouping.SearchGroup,0.00,0,1,0,0,0,0,0,1,21,1
"org.apache.lucene.search.grouping.GroupDocs",1,5.00,1.00,12,0.12,2204.74,6,5,1,1,11,66.85,12,18,10,1,104.42,0.00,0.00,0.00,0,1.00,1,361.07,0,0,1,java.lang.Object,0.00,0,0,1,0,0,1,0,6,85,1
"org.apache.lucene.search.grouping.SearchGroup",4,0.00,2.75,26,0.37,12867.17,6,2,5,11,14,96.25,21,38,11,1,114.12,0.00,0.00,0.50,0,0.00,6,1103.36,0,2,3,java.lang.Object,0.00,7,0,11,1,7,2,0,5,241,1
"org.apache.lucene.search.grouping.SearchGroup$GroupComparator",2,1.00,3.50,28,0.38,22919.35,4,2,5,6,3,145.99,3,31,0,1,95.99,0.00,0.00,1.00,0,0.00,4,1145.28,0,0,3,java.lang.Object,0.00,4,0,7,0,4,2,1,3,225,2
"org.apache.lucene.search.grouping.SearchGroup$GroupMerger",3,0.67,7.00,78,1.20,110881.21,6,3,5,20,2,49.58,20,92,0,1,81.80,0.00,0.00,0.78,1,0.00,12,3601.57,0,1,2,java.lang.Object,0.00,17,0,21,0,17,2,0,20,624,2
"org.apache.lucene.search.grouping.SearchGroup$MergedGroup",4,0.06,2.25,32,0.29,9560.38,10,6,5,7,0,160.52,4,44,0,1,110.52,0.00,0.00,0.12,1,0.00,3,873.97,0,0,0,java.lang.Object,0.00,3,0,9,0,3,4,0,4,195,2
"org.apache.lucene.search.grouping.SearchGroup$ShardIter",3,0.00,1.33,15,0.17,4032.93,5,2,5,7,1,120.22,0,21,0,1,120.22,0.00,0.00,0.50,0,2.00,2,501.82,0,1,1,java.lang.Object,0.00,4,0,4,0,4,2,0,0,117,2
"org.apache.lucene.search.grouping.SentinelIntSet",9,0.22,2.44,72,0.80,54238.48,13,4,1,12,7,157.34,9,80,6,1,107.34,0.00,0.00,0.44,5,0.00,6,2390.17,0,0,1,java.lang.Object,0.00,3,0,22,0,3,9,0,5,501,1
"org.apache.lucene.search.grouping.TestGrouping",19,0.00,9.47,745,15.43,2213184.64,19,0,29,183,43,91.85,75,881,0,2,71.24,0.00,0.50,0.00,12,19.00,84,46278.38,0,13,43,org.apache.lucene.util.LuceneTestCase,0.00,164,1,180,0,164,6,0,75,6608,1
"org.apache.lucene.search.grouping.TestGrouping$Comparator<GroupDoc>",1,0.00,9.00,23,0.31,21245.14,1,0,29,9,0,135.62,1,28,0,1,85.62,0.00,0.00,0.00,0,1.00,9,925.05,0,0,0,java.lang.Object,0.00,8,0,9,0,8,1,0,1,170,0
"org.apache.lucene.search.grouping.TestGrouping$GroupDoc",1,7.00,1.00,14,0.11,1967.01,8,7,29,1,1,152.31,1,16,0,1,102.31,0.00,0.00,0.00,0,1.00,1,334.46,0,0,1,java.lang.Object,0.00,0,0,1,0,0,1,0,1,82,2
"org.apache.lucene.search.grouping.TestGrouping$ShardSearcher",4,0.33,1.00,11,0.13,1964.46,5,1,29,4,4,138.58,0,17,0,2,138.58,0.00,0.50,0.75,1,0.00,1,387.72,0,2,4,org.apache.lucene.search.IndexSearcher,0.00,0,1,4,0,0,2,0,0,99,2
"org.apache.lucene.search.grouping.TestGrouping$ShardState",1,0.00,5.00,27,0.34,25455.30,3,2,29,6,2,132.54,1,27,0,1,82.54,0.00,0.00,1.00,0,0.00,5,1014.79,0,0,2,java.lang.Object,0.00,5,0,5,0,5,1,0,1,192,2
"org.apache.lucene.search.grouping.TopGroups",3,0.17,6.00,76,1.26,203219.81,9,6,5,12,18,42.84,37,104,13,1,80.40,0.00,0.00,0.06,0,4.00,16,3769.77,0,1,5,java.lang.Object,0.00,9,0,18,0,9,2,0,15,647,1
"org.apache.lucene.analysis.pt.PortugueseAnalyzer",5,0.50,1.80,21,0.29,7141.30,7,2,18,16,15,75.46,42,31,1,3,123.56,0.00,0.67,0.10,0,8.00,3,866.52,0,2,14,org.apache.lucene.analysis.util.StopwordAnalyzerBase,0.00,11,2,9,0,11,3,0,8,192,2
"org.apache.lucene.analysis.pt.PortugueseAnalyzer$DefaultSetHolder",0,0.00,0.00,6,0.07,1211.01,1,1,18,0,3,171.00,2,11,0,1,171.00,0.00,0.00,0.00,0,0.00,0,217.37,0,0,3,java.lang.Object,0.00,0,0,0,0,0,0,0,2,50,2
"org.apache.lucene.analysis.pt.PortugueseLightStemFilter",2,0.33,2.00,14,0.16,3794.18,5,3,6,9,8,113.74,9,20,2,4,113.50,0.00,0.75,0.50,0,2.00,3,481.98,0,0,6,org.apache.lucene.analysis.TokenFilter,0.29,7,3,4,0,7,2,0,1,107,2
"org.apache.lucene.analysis.pt.PortugueseLightStemmer",3,0.00,11.00,73,1.25,100714.89,3,0,1,4,1,123.21,7,122,1,1,83.32,0.00,0.00,0.00,0,3.00,14,3736.92,0,0,0,java.lang.Object,0.00,1,0,33,0,1,3,0,1,670,1
"org.apache.lucene.analysis.pt.PortugueseMinimalStemFilter",2,0.33,2.00,14,0.16,3794.18,5,3,6,9,8,113.74,9,20,2,4,113.50,0.00,0.75,0.50,0,2.00,3,481.98,0,0,6,org.apache.lucene.analysis.TokenFilter,0.29,7,3,4,0,7,2,0,1,107,2
"org.apache.lucene.analysis.pt.PortugueseMinimalStemmer",1,0.00,1.00,4,0.06,973.48,2,1,0,3,2,172.84,27,7,1,2,125.01,0.00,0.50,1.00,0,0.00,1,170.48,0,0,1,org.apache.lucene.analysis.pt.RSLPStemmerBase,0.00,2,1,1,0,2,1,0,2,42,1
"org.apache.lucene.analysis.pt.PortugueseStemFilter",2,0.33,2.00,15,0.18,4744.35,5,3,6,9,8,94.87,10,21,2,4,112.74,0.00,0.75,0.50,0,2.00,3,535.08,0,0,6,org.apache.lucene.analysis.TokenFilter,0.29,7,3,4,0,7,2,0,2,116,2
"org.apache.lucene.analysis.pt.PortugueseStemmer",1,0.00,13.00,46,0.71,38971.65,8,7,1,2,2,52.09,14,61,1,2,72.23,0.00,0.50,1.00,0,0.00,13,2131.11,1,0,1,org.apache.lucene.analysis.pt.RSLPStemmerBase,0.00,1,1,13,0,1,1,0,5,364,1
"org.apache.lucene.analysis.pt.RSLPStemmerBase",6,0.10,3.33,71,1.24,74603.25,10,4,14,35,3,51.16,64,98,2,1,99.63,0.00,0.00,0.17,3,14.00,7,3733.28,0,6,1,java.lang.Object,0.00,29,0,20,3,29,0,0,7,691,2
"org.apache.lucene.analysis.pt.RSLPStemmerBase$Rule",3,0.17,1.33,14,0.18,4446.23,6,3,14,5,0,123.74,12,19,0,1,123.51,0.00,0.00,0.44,0,1.00,2,535.01,0,0,0,java.lang.Object,0.00,2,0,4,0,2,3,0,3,130,2
"org.apache.lucene.analysis.pt.RSLPStemmerBase$RuleWithSetExceptions",2,1.00,2.00,12,0.20,6148.13,3,1,14,7,1,114.35,0,17,0,2,114.35,0.00,0.50,0.50,0,2.00,3,599.57,1,0,1,org.apache.lucene.analysis.pt.Rule,0.00,5,1,4,0,5,2,0,0,123,2
"org.apache.lucene.analysis.pt.RSLPStemmerBase$RuleWithSuffixExceptions",2,1.00,4.00,19,0.28,12563.05,3,1,14,4,0,105.18,1,23,0,2,105.18,0.00,0.50,0.50,0,2.00,4,849.28,1,0,0,org.apache.lucene.analysis.pt.Rule,0.00,2,1,8,0,2,2,0,1,173,2
"org.apache.lucene.analysis.pt.RSLPStemmerBase$Step",2,0.25,6.50,37,0.44,27817.76,6,4,14,5,0,73.24,10,41,0,1,91.12,0.00,0.00,0.38,0,2.00,8,1328.87,0,0,0,java.lang.Object,0.00,3,0,13,0,3,2,0,2,265,2
"org.apache.lucene.analysis.pt.TestPortugueseAnalyzer",4,0.00,1.00,16,0.17,3088.17,4,0,5,8,3,175.80,7,22,0,3,125.80,0.00,0.67,0.00,0,4.00,1,522.25,3,0,3,org.apache.lucene.analysis.BaseTokenStreamTestCase,0.00,4,2,4,0,4,4,0,6,121,1
"org.apache.lucene.analysis.pt.TestPortugueseLightStemFilter",4,0.00,1.00,24,0.29,4970.92,4,0,9,6,6,138.22,12,40,0,3,117.61,0.00,0.67,0.00,0,4.00,1,874.50,3,0,6,org.apache.lucene.analysis.BaseTokenStreamTestCase,0.00,2,2,4,0,2,4,0,5,188,1
"org.apache.lucene.analysis.pt.TestPortugueseLightStemFilter$Analyzer",1,0.00,1.00,5,0.06,1073.53,1,0,9,5,5,121.06,0,8,0,1,121.06,0.00,0.00,0.00,0,1.00,1,188.94,0,1,5,java.lang.Object,0.00,4,0,1,0,4,0,0,0,44,0
"org.apache.lucene.analysis.pt.TestPortugueseMinimalStemFilter",3,0.00,1.00,9,0.15,1854.31,3,0,9,5,6,151.84,9,24,0,3,131.22,0.00,0.67,0.00,0,3.00,1,451.91,2,0,6,org.apache.lucene.analysis.BaseTokenStreamTestCase,0.00,2,2,3,0,2,3,0,4,97,1
"org.apache.lucene.analysis.pt.TestPortugueseMinimalStemFilter$Analyzer",1,0.00,1.00,5,0.06,1073.53,1,0,9,5,5,121.06,0,8,0,1,121.06,0.00,0.00,0.00,0,1.00,1,188.94,0,1,5,java.lang.Object,0.00,4,0,1,0,4,0,0,0,44,0
"org.apache.lucene.analysis.pt.TestPortugueseStemFilter",3,0.00,1.00,9,0.15,1854.31,3,0,9,5,6,151.84,9,24,0,3,131.22,0.00,0.67,0.00,0,3.00,1,451.91,2,0,6,org.apache.lucene.analysis.BaseTokenStreamTestCase,0.00,2,2,3,0,2,3,0,4,97,1
"org.apache.lucene.analysis.pt.TestPortugueseStemFilter$Analyzer",1,0.00,1.00,5,0.06,1073.53,1,0,9,5,5,121.06,0,8,0,1,121.06,0.00,0.00,0.00,0,1.00,1,188.94,0,1,5,java.lang.Object,0.00,4,0,1,0,4,0,0,0,44,0
"org.apache.lucene.search.suggest.jaspell.JaspellLookup",8,0.20,3.88,110,1.55,78691.15,16,8,13,48,8,97.69,3,142,3,2,97.69,0.00,0.50,0.30,2,0.00,8,4651.36,0,2,5,org.apache.lucene.search.suggest.Lookup,0.00,40,1,31,0,40,6,0,3,875,1
"org.apache.lucene.search.suggest.jaspell.JaspellTernarySearchTrie",30,0.18,3.30,269,3.81,393136.38,33,3,8,62,1,67.05,366,398,1,1,104.61,0.00,0.00,0.16,13,234.00,15,11419.64,0,15,0,java.lang.Object,0.00,32,0,99,0,32,15,0,38,2200,1
"org.apache.lucene.search.suggest.jaspell.JaspellTernarySearchTrie$TSTNode",1,5.00,1.00,8,0.09,1453.23,8,7,8,1,0,74.85,12,10,0,1,112.41,0.00,0.00,0.29,0,0.00,1,280.48,0,0,0,java.lang.Object,0.00,0,0,1,0,0,1,0,5,64,2
"org.apache.lucene.analysis.de.GermanAnalyzer",5,0.25,2.00,22,0.47,11538.27,8,3,20,17,17,92.52,68,50,1,3,121.90,0.00,0.67,0.13,0,7.00,3,1406.28,0,2,16,org.apache.lucene.analysis.util.StopwordAnalyzerBase,0.00,12,2,10,0,12,3,0,10,274,2
"org.apache.lucene.analysis.de.GermanAnalyzer$DefaultSetHolder",0,0.00,0.00,7,0.13,2828.59,2,2,20,3,4,171.00,3,14,0,1,171.00,0.00,0.00,0.00,0,0.00,0,381.15,0,0,4,java.lang.Object,0.00,3,0,0,0,3,0,0,3,81,2
"org.apache.lucene.analysis.de.GermanLightStemFilter",2,0.33,2.00,14,0.16,3794.18,5,3,6,9,8,113.74,9,20,2,4,113.50,0.00,0.75,0.50,0,2.00,3,481.98,0,0,6,org.apache.lucene.analysis.TokenFilter,0.29,7,3,4,0,7,2,0,1,107,2
"org.apache.lucene.analysis.de.GermanLightStemmer",4,0.00,4.50,32,0.69,36340.93,4,0,0,4,1,85.65,56,65,1,1,105.80,0.00,0.00,0.00,1,4.00,7,2080.72,0,0,0,java.lang.Object,0.00,0,0,18,0,0,4,0,4,419,1
"org.apache.lucene.analysis.de.GermanMinimalStemFilter",2,0.33,2.00,14,0.16,3794.18,5,3,6,9,8,113.74,9,20,2,4,113.50,0.00,0.75,0.50,0,2.00,3,481.98,0,0,6,org.apache.lucene.analysis.TokenFilter,0.29,7,3,4,0,7,2,0,1,107,2
"org.apache.lucene.analysis.de.GermanMinimalStemmer",1,0.00,19.00,22,0.41,48542.86,1,0,0,1,1,46.47,56,28,1,1,83.35,0.00,0.00,0.00,0,1.00,19,1221.27,0,0,0,java.lang.Object,0.00,0,0,19,0,0,1,0,4,229,1
"org.apache.lucene.analysis.de.GermanStemFilter",3,0.00,2.33,18,0.21,5600.37,6,3,6,11,10,66.02,28,30,4,4,116.02,0.00,0.75,0.33,0,4.00,4,641.51,0,0,6,org.apache.lucene.analysis.TokenFilter,0.27,8,3,7,0,8,3,0,6,141,2
"org.apache.lucene.analysis.de.GermanStemmer",7,0.33,6.29,125,2.11,186671.07,9,2,0,20,1,52.26,84,172,1,1,89.83,0.00,0.00,0.21,5,18.00,14,6323.92,0,1,0,java.lang.Object,0.00,13,0,44,0,13,6,0,24,1180,1
"org.apache.lucene.analysis.de.TestGermanAnalyzer",5,0.00,1.00,23,0.27,4999.52,5,0,9,13,7,174.92,6,31,0,3,124.92,0.00,0.67,0.00,0,5.00,1,807.45,3,0,7,org.apache.lucene.analysis.BaseTokenStreamTestCase,0.00,8,2,5,0,8,5,0,4,185,1
"org.apache.lucene.analysis.de.TestGermanLightStemFilter",2,0.00,1.00,7,0.06,643.14,2,0,7,4,4,173.34,5,11,0,3,133.46,0.00,0.67,0.00,0,2.00,1,171.82,1,0,4,org.apache.lucene.analysis.BaseTokenStreamTestCase,0.00,2,2,2,0,2,2,0,3,46,1
"org.apache.lucene.analysis.de.TestGermanLightStemFilter$Analyzer",1,0.00,1.00,4,0.05,1009.20,1,0,7,4,3,124.89,0,7,0,1,124.89,0.00,0.00,0.00,0,1.00,1,159.62,0,1,3,java.lang.Object,0.00,3,0,1,0,3,0,0,0,38,0
"org.apache.lucene.analysis.de.TestGermanMinimalStemFilter",3,0.00,1.00,16,0.14,1720.32,3,0,7,5,4,163.09,6,21,0,3,123.20,0.00,0.67,0.00,0,3.00,1,430.35,2,0,4,org.apache.lucene.analysis.BaseTokenStreamTestCase,0.00,2,2,3,0,2,3,0,4,101,1
"org.apache.lucene.analysis.de.TestGermanMinimalStemFilter$Analyzer",1,0.00,1.00,4,0.05,1009.20,1,0,7,4,3,124.89,0,7,0,1,124.89,0.00,0.00,0.00,0,1.00,1,159.62,0,1,3,java.lang.Object,0.00,3,0,1,0,3,0,0,0,38,0
"org.apache.lucene.analysis.de.TestGermanStemFilter",3,0.00,1.00,11,0.10,1182.73,3,0,8,8,5,153.38,9,16,0,3,132.76,0.00,0.67,0.00,0,3.00,1,291.78,2,0,5,org.apache.lucene.analysis.BaseTokenStreamTestCase,0.00,5,2,3,0,5,3,0,4,75,1
"org.apache.lucene.analysis.de.TestGermanStemFilter$Analyzer",1,0.00,1.00,4,0.05,839.11,1,0,8,5,4,125.52,0,8,0,1,125.52,0.00,0.00,0.00,0,1.00,1,157.34,0,1,4,java.lang.Object,0.00,4,0,1,0,4,0,0,0,38,0
"org.apache.solr.search.grouping.distributed.responseprocessor.SearchGroupShardResponseProcessor",1,0.00,11.00,39,0.94,83002.86,1,0,13,29,12,40.14,6,47,1,1,72.36,0.00,0.00,0.00,0,1.00,11,2823.79,0,0,11,java.lang.Object,0.00,28,0,11,0,28,1,1,2,443,1
"org.apache.solr.search.grouping.distributed.responseprocessor.StoredFieldsShardResponseProcessor",1,0.00,4.00,15,0.28,8293.58,1,0,9,15,10,63.73,6,19,1,1,95.95,0.00,0.00,0.00,0,1.00,4,850.85,0,0,9,java.lang.Object,0.00,14,0,4,0,14,1,1,2,148,1
"org.apache.solr.search.grouping.distributed.responseprocessor.TopGroupsShardResponseProcessor",1,0.00,19.00,74,1.55,178940.68,1,0,21,44,17,16.94,7,82,1,1,59.23,0.00,0.00,0.00,0,1.00,19,4660.05,0,0,16,java.lang.Object,0.00,43,0,19,0,43,1,1,3,675,1
"org.apache.lucene.analysis.pl.PolishAnalyzer",5,0.19,1.80,24,0.33,7970.00,9,4,19,16,16,75.08,43,34,1,3,123.19,0.00,0.67,0.10,0,8.00,3,995.11,0,2,15,org.apache.lucene.analysis.util.StopwordAnalyzerBase,0.00,11,2,9,0,11,3,0,9,216,2
"org.apache.lucene.analysis.pl.PolishAnalyzer$DefaultsHolder",0,0.00,0.00,10,0.14,2762.66,2,2,19,0,5,171.00,4,17,0,1,171.00,0.00,0.00,0.00,0,0.00,0,406.15,0,0,5,java.lang.Object,0.00,0,0,0,0,0,0,0,4,86,2
"org.apache.lucene.analysis.pl.TestPolishAnalyzer",4,0.00,1.00,16,0.17,3088.17,4,0,5,8,3,175.80,7,22,0,3,125.80,0.00,0.67,0.00,0,4.00,1,522.25,3,0,3,org.apache.lucene.analysis.BaseTokenStreamTestCase,0.00,4,2,4,0,4,4,0,6,121,1
"org.apache.lucene.analysis.da.DanishAnalyzer",5,0.50,1.80,21,0.29,7141.30,7,2,18,16,15,75.46,42,31,1,3,123.56,0.00,0.67,0.10,0,8.00,3,866.52,0,2,14,org.apache.lucene.analysis.util.StopwordAnalyzerBase,0.00,11,2,9,0,11,3,0,8,192,2
"org.apache.lucene.analysis.da.DanishAnalyzer$DefaultSetHolder",0,0.00,0.00,6,0.07,1211.01,1,1,18,0,3,171.00,2,11,0,1,171.00,0.00,0.00,0.00,0,0.00,0,217.37,0,0,3,java.lang.Object,0.00,0,0,0,0,0,0,0,2,50,2
"org.apache.lucene.analysis.da.TestDanishAnalyzer",4,0.00,1.00,16,0.17,3234.43,4,0,5,8,3,175.64,7,22,0,3,125.64,0.00,0.67,0.00,0,4.00,1,517.05,3,0,3,org.apache.lucene.analysis.BaseTokenStreamTestCase,0.00,4,2,4,0,4,4,0,6,121,1
"org.apache.lucene.queryparser.ext.ExtendableQueryParser",4,0.11,1.25,18,0.26,7472.79,7,3,6,10,8,149.01,77,31,1,3,122.73,0.00,0.67,0.25,0,10.00,2,788.23,1,1,7,org.apache.lucene.queryparser.classic.QueryParser,0.00,6,2,5,0,6,3,0,5,172,1
"org.apache.lucene.queryparser.ext.ExtensionQuery",4,0.11,1.00,14,0.08,1166.53,7,3,1,4,4,89.66,46,19,3,1,133.79,0.00,0.00,0.25,0,10.00,1,254.48,0,3,1,java.lang.Object,0.00,0,0,4,0,0,1,0,6,74,1
"org.apache.lucene.queryparser.ext.ExtensionStub",1,0.00,1.00,3,0.04,713.22,1,0,4,5,8,130.26,16,7,2,2,130.73,0.00,0.50,0.00,0,1.00,1,130.55,0,1,6,org.apache.lucene.queryparser.ext.ParserExtension,0.00,4,1,1,0,4,0,0,1,33,0
"org.apache.lucene.queryparser.ext.Extensions",9,0.29,1.22,30,0.36,12585.20,12,3,3,19,5,99.00,122,43,3,1,128.39,0.00,0.00,0.07,2,23.00,3,1084.84,0,4,2,java.lang.Object,0.00,10,0,11,0,10,5,0,12,255,1
"org.apache.lucene.queryparser.ext.Extensions$Pair",1,2.00,1.00,6,0.05,829.52,3,2,3,1,0,70.88,8,8,0,1,118.99,0.00,0.00,0.00,0,1.00,1,149.41,0,0,0,java.lang.Object,0.00,0,0,1,0,0,1,0,1,41,2
"org.apache.lucene.queryparser.ext.ParserExtension",1,0.00,1.00,2,0.02,137.38,1,0,2,1,7,192.42,26,3,4,1,142.94,0.00,0.00,0.00,0,1.00,1,49.66,0,1,3,java.lang.Object,0.00,0,0,1,1,0,0,0,2,16,2
"org.apache.lucene.queryparser.ext.TestExtendableQueryParser",7,0.67,1.86,72,1.12,41808.90,8,1,10,25,13,103.82,3,91,0,3,103.82,0.00,0.67,0.43,2,10.00,3,3349.78,0,3,13,org.apache.lucene.queryparser.util.QueryParserTestBase,0.00,18,2,13,0,18,4,0,1,613,1
"org.apache.lucene.queryparser.ext.TestExtensions",6,0.20,1.17,33,0.35,6806.97,7,1,1,17,3,120.84,4,45,0,2,120.84,0.00,0.50,0.83,0,0.00,2,1047.08,1,0,3,org.apache.lucene.util.LuceneTestCase,0.00,11,1,7,0,11,6,0,2,250,1
"org.apache.lucene.queries.BooleanFilter",9,0.62,3.00,63,0.85,53240.30,10,1,13,31,11,130.13,28,89,3,2,109.52,0.00,0.50,0.44,3,13.00,14,2562.45,0,5,8,org.apache.lucene.search.Filter,0.00,22,1,27,0,22,4,1,9,509,1
"org.apache.lucene.queries.BooleanFilterTest",21,0.40,1.05,172,2.36,79528.92,23,2,20,47,18,109.12,9,198,0,2,109.12,0.00,0.50,0.12,7,66.00,2,7083.20,2,5,18,org.apache.lucene.util.LuceneTestCase,0.00,26,1,22,0,26,16,0,9,1481,1
"org.apache.lucene.queries.BooleanFilterTest$Filter",1,0.00,1.00,3,0.02,204.75,1,0,20,1,1,135.00,0,5,0,1,135.00,0.00,0.00,0.00,0,1.00,1,65.11,0,1,1,java.lang.Object,0.00,0,0,1,0,0,0,0,0,19,0
"org.apache.lucene.queries.BooleanFilterTest$Filter_0",1,0.00,1.00,3,0.02,189.62,1,0,20,2,1,135.26,0,5,0,1,135.26,0.00,0.00,0.00,0,1.00,1,59.81,0,1,1,java.lang.Object,0.00,1,0,1,0,1,0,0,0,18,0
"org.apache.lucene.queries.BooleanFilterTest$Filter_0$DocIdSet",2,0.00,1.00,5,0.03,286.06,2,0,20,2,1,142.80,0,9,0,1,142.80,0.00,0.00,0.00,0,2.00,1,81.08,0,1,1,java.lang.Object,0.00,0,0,2,0,0,1,0,0,26,0
"org.apache.lucene.queries.BoostingQuery",5,0.42,3.40,44,0.51,21882.64,8,3,3,13,6,108.59,20,62,3,2,108.36,0.00,0.50,0.67,0,0.00,11,1528.59,1,2,3,org.apache.lucene.search.Query,0.13,8,1,17,0,8,3,0,6,334,1
"org.apache.lucene.queries.BoostingQuery$BooleanQuery",1,0.00,1.00,3,0.02,223.54,1,0,3,2,2,134.70,0,5,0,1,134.70,0.00,0.00,0.00,0,1.00,1,59.81,0,1,2,java.lang.Object,0.00,1,0,1,0,1,0,0,0,18,0
"org.apache.lucene.queries.BoostingQuery$BooleanQuery$BooleanWeight",1,0.00,1.00,6,0.05,815.36,1,0,3,1,0,119.28,4,12,0,1,119.05,0.00,0.00,0.00,0,0.00,1,153.81,0,0,0,java.lang.Object,0.00,0,0,1,0,0,1,0,4,38,0
"org.apache.lucene.queries.BoostingQueryTest",1,0.00,1.00,8,0.09,1852.95,1,0,3,5,3,111.58,0,10,0,2,111.58,0.00,0.50,0.00,0,1.00,1,283.44,0,0,3,org.apache.lucene.util.LuceneTestCase,0.00,4,1,1,0,4,1,0,0,67,1
"org.apache.lucene.queries.ChainedFilter",10,0.04,3.30,107,1.23,57892.68,18,8,10,29,10,71.57,66,141,2,2,103.79,0.00,0.50,0.16,4,30.00,14,3702.26,0,6,8,org.apache.lucene.search.Filter,0.00,19,1,33,0,19,4,0,17,753,1
"org.apache.lucene.queries.ChainedFilterTest",10,0.38,1.30,115,1.79,62519.13,18,8,20,41,18,152.20,13,130,0,2,102.20,0.00,0.50,0.46,0,0.00,3,5363.15,2,2,18,org.apache.lucene.util.LuceneTestCase,0.00,31,1,13,0,31,8,0,9,991,1
"org.apache.lucene.queries.CustomScoreProvider",5,1.00,2.60,45,0.47,30362.84,6,1,5,9,8,104.92,81,50,5,1,105.39,0.00,0.00,0.00,2,5.00,5,1395.32,0,2,3,java.lang.Object,0.00,4,0,13,0,4,3,0,7,295,1
"org.apache.lucene.queries.CustomScoreQuery",14,0.00,2.21,79,1.01,47886.96,17,3,14,33,17,117.15,63,103,6,2,116.91,3.00,0.20,0.33,3,30.00,6,3039.67,3,5,11,org.apache.lucene.search.Query,0.17,19,1,31,3,19,9,0,20,648,1
"org.apache.lucene.queries.CustomScoreQuery$CustomScorer",5,0.25,2.00,40,0.40,14014.32,10,5,14,10,2,110.00,3,48,0,3,110.00,0.00,0.67,0.40,0,0.00,3,1206.78,0,0,2,org.apache.lucene.search.Scorer,0.80,5,2,10,0,5,5,0,3,264,1
"org.apache.lucene.queries.CustomScoreQuery$CustomWeight",8,0.10,2.25,70,0.86,39158.81,11,3,14,22,7,158.07,13,81,0,2,108.07,0.00,0.50,0.42,1,14.00,3,2574.92,0,4,7,org.apache.lucene.search.Weight,0.57,14,1,18,0,14,4,0,13,510,1
"org.apache.lucene.queries.FilterClause",6,0.00,1.33,19,0.20,6008.87,8,2,2,10,4,150.12,19,32,3,1,129.51,0.00,0.00,0.50,1,2.00,3,602.76,0,3,1,java.lang.Object,0.00,4,0,8,0,4,3,0,4,150,2
"org.apache.lucene.queries.TermsFilter",4,0.33,3.50,43,0.57,27075.93,5,1,10,23,14,103.48,16,60,4,2,103.25,0.00,0.50,0.75,0,0.00,8,1718.70,0,1,10,org.apache.lucene.search.Filter,0.00,19,1,14,0,19,3,0,4,327,1
"org.apache.lucene.queries.TermsFilterTest",3,0.00,1.67,76,1.19,51292.46,3,0,14,30,12,85.40,2,78,0,2,85.40,0.00,0.50,0.00,0,3.00,2,3582.64,0,0,12,org.apache.lucene.util.LuceneTestCase,0.00,27,1,5,0,27,3,0,2,622,1
"org.apache.lucene.queries.TestCustomScoreQuery",11,0.00,1.27,139,2.44,128804.22,11,0,13,44,13,119.26,35,158,0,2,98.65,0.00,0.50,0.00,4,11.00,2,7305.80,0,1,13,org.apache.lucene.queries.function.FunctionTestSetup,0.00,33,1,14,0,33,10,0,25,1286,1
"org.apache.lucene.queries.TestCustomScoreQuery$CustomAddQuery",3,0.00,1.00,7,0.05,418.70,3,0,13,4,4,142.88,2,13,0,3,142.88,0.00,0.67,0.00,0,3.00,1,138.55,0,2,4,org.apache.lucene.queries.CustomScoreQuery,0.11,1,2,3,0,1,1,0,2,43,2
"org.apache.lucene.queries.TestCustomScoreQuery$CustomAddQuery$CustomScoreProvider",2,0.00,2.00,10,0.13,5552.17,2,0,13,5,1,117.65,0,15,0,1,117.65,0.00,0.00,0.00,0,2.00,3,393.08,0,1,1,java.lang.Object,0.00,3,0,4,0,3,1,0,0,87,0
"org.apache.lucene.queries.TestCustomScoreQuery$CustomExternalQuery",2,0.00,1.00,6,0.06,1029.02,2,0,13,4,3,131.85,0,11,0,3,131.85,0.00,0.67,0.00,0,2.00,1,193.61,0,1,3,org.apache.lucene.queries.CustomScoreQuery,0.00,2,2,2,0,2,1,0,0,48,2
"org.apache.lucene.queries.TestCustomScoreQuery$CustomExternalQuery$CustomScoreProvider_1",1,0.00,1.00,4,0.05,1019.56,1,0,13,3,0,124.85,0,6,0,1,124.85,0.00,0.00,0.00,0,1.00,1,156.36,0,0,0,java.lang.Object,0.00,2,0,1,0,2,1,0,0,37,0
"org.apache.lucene.queries.TestCustomScoreQuery$CustomMulAddQuery",3,0.00,1.00,7,0.05,460.08,3,0,13,4,4,142.56,2,13,0,3,142.56,0.00,0.67,0.00,0,3.00,1,150.34,0,2,4,org.apache.lucene.queries.CustomScoreQuery,0.11,1,2,3,0,1,1,0,2,46,2
"org.apache.lucene.queries.TestCustomScoreQuery$CustomMulAddQuery$CustomScoreProvider_0",2,0.00,3.00,20,0.27,15322.66,2,0,13,7,1,152.86,3,28,0,1,102.86,0.00,0.00,0.00,0,2.00,3,807.96,0,1,1,java.lang.Object,0.00,5,0,6,0,5,1,0,3,170,0
"org.apache.solr.search.similarities.BM25SimilarityFactory",2,1.33,1.00,13,0.13,1945.32,5,3,4,6,4,68.45,18,18,0,2,118.44,0.00,0.50,1.00,0,0.00,1,383.28,1,1,4,org.apache.solr.schema.SimilarityFactory,0.40,4,1,2,0,4,1,0,1,90,1
"org.apache.solr.search.similarities.BaseSimilarityTestCase",2,0.00,1.00,13,0.15,2782.25,2,0,6,8,13,167.22,2,16,7,3,117.22,3.50,0.20,0.00,0,0.00,1,438.96,0,2,6,org.apache.solr.SolrTestCaseJ4,0.00,6,2,2,7,6,0,0,2,99,2
"org.apache.solr.search.similarities.BasicSimilarityProviderFactory",1,0.00,1.00,3,0.02,180.47,1,0,4,2,4,103.21,6,6,0,2,135.43,0.00,0.50,0.00,0,1.00,1,57.02,0,1,4,org.apache.solr.schema.SimilarityProviderFactory,0.00,1,1,1,0,1,0,0,1,18,1
"org.apache.solr.search.similarities.BasicSimilarityProviderFactory$SolrSimilarityProvider",2,0.00,1.00,5,0.04,420.40,2,0,4,2,0,141.48,0,9,0,1,141.48,0.00,0.00,0.00,0,2.00,1,112.09,0,0,0,java.lang.Object,0.00,0,0,2,0,0,2,0,0,33,0
"org.apache.solr.search.similarities.CustomSimilarityFactory",1,0.00,1.00,3,0.03,352.50,1,0,2,3,3,133.14,0,6,0,2,133.14,0.00,0.50,0.00,0,0.00,1,85.83,0,1,3,org.apache.solr.schema.SimilarityFactory,0.50,2,1,1,0,2,0,0,0,24,1
"org.apache.solr.search.similarities.CustomSimilarityProviderFactory",2,0.00,1.50,6,0.07,975.51,3,1,4,4,5,131.94,0,11,0,2,131.94,0.00,0.50,1.00,0,0.00,2,197.30,0,1,5,org.apache.solr.schema.SimilarityProviderFactory,0.00,2,1,3,0,2,1,0,0,51,1
"org.apache.solr.search.similarities.DFRSimilarityFactory",5,0.19,5.00,60,0.77,29958.51,9,4,22,28,21,56.50,58,80,1,2,100.63,0.00,0.50,0.40,0,7.00,11,2322.49,1,4,20,org.apache.solr.schema.SimilarityFactory,0.25,23,1,25,0,23,1,0,2,468,1
"org.apache.solr.search.similarities.DefaultSimilarityFactory",2,0.00,1.00,9,0.08,1289.19,3,1,5,5,5,84.13,14,14,0,2,126.42,0.00,0.50,1.00,0,0.00,1,234.73,1,1,5,org.apache.solr.schema.SimilarityFactory,0.40,3,1,2,0,3,1,0,1,60,1
"org.apache.solr.search.similarities.IBSimilarityFactory",4,0.33,2.00,29,0.31,5778.84,8,4,12,15,12,64.44,36,39,0,2,114.43,0.00,0.50,0.50,0,4.00,3,939.89,1,3,12,org.apache.solr.schema.SimilarityFactory,0.29,11,1,8,0,11,1,0,2,208,1
"org.apache.solr.search.similarities.LMDirichletSimilarityFactory",2,1.00,1.50,11,0.12,2356.64,4,2,4,6,4,72.54,16,17,0,2,120.65,0.00,0.50,1.00,0,0.00,2,349.32,1,1,4,org.apache.solr.schema.SimilarityFactory,0.40,4,1,3,0,4,1,0,1,83,1
"org.apache.solr.search.similarities.LMJelinekMercerSimilarityFactory",2,1.00,1.00,11,0.10,1571.20,4,2,4,6,4,74.02,16,16,0,2,122.13,0.00,0.50,1.00,0,0.00,1,308.88,1,1,4,org.apache.solr.schema.SimilarityFactory,0.40,4,1,2,0,4,1,0,1,75,1
"org.apache.solr.search.similarities.MockConfigurableSimilarity",2,1.00,1.00,6,0.03,349.01,3,1,1,2,3,135.55,0,9,2,4,135.55,0.00,0.75,0.50,0,2.00,1,100.40,0,1,1,org.apache.lucene.search.similarities.DefaultSimilarity,0.00,0,3,2,0,0,1,0,0,31,1
"org.apache.solr.search.similarities.MockConfigurableSimilarityProvider",2,1.00,1.00,7,0.04,455.09,3,1,2,2,5,134.64,0,10,3,3,134.64,0.00,0.67,0.50,0,2.00,1,127.15,0,1,2,org.apache.solr.search.SolrSimilarityProvider,0.00,0,2,2,0,0,1,0,0,37,1
"org.apache.solr.search.similarities.TestBM25SimilarityFactory",3,0.00,1.00,11,0.13,1938.64,3,0,3,8,3,181.07,5,16,0,4,131.07,0.00,0.75,0.00,0,3.00,1,375.32,2,0,3,org.apache.solr.search.similarities.BaseSimilarityTestCase,0.00,5,3,3,0,5,3,0,3,90,1
"org.apache.solr.search.similarities.TestDFRSimilarityFactory",3,0.00,1.00,19,0.28,5863.48,3,0,7,10,7,166.06,5,24,0,4,116.06,0.00,0.75,0.00,0,3.00,1,833.86,2,0,7,org.apache.solr.search.similarities.BaseSimilarityTestCase,0.00,7,3,3,0,7,3,0,3,181,1
"org.apache.solr.search.similarities.TestDefaultSimilarityFactory",2,0.00,1.00,5,0.05,534.50,2,0,2,4,2,180.54,4,9,0,4,140.66,0.00,0.75,0.00,0,2.00,1,150.66,1,0,2,org.apache.solr.search.similarities.BaseSimilarityTestCase,0.00,2,3,2,0,2,2,0,2,41,1
"org.apache.solr.search.similarities.TestIBSimilarityFactory",3,0.00,1.00,19,0.28,5863.48,3,0,9,10,9,166.06,5,24,0,4,116.06,0.00,0.75,0.00,0,3.00,1,833.86,2,0,9,org.apache.solr.search.similarities.BaseSimilarityTestCase,0.00,7,3,3,0,7,3,0,3,181,1
"org.apache.solr.search.similarities.TestLMDirichletSimilarityFactory",3,0.00,1.00,10,0.11,1553.80,3,0,3,7,3,181.83,5,15,0,4,131.83,0.00,0.75,0.00,0,3.00,1,329.04,2,0,3,org.apache.solr.search.similarities.BaseSimilarityTestCase,0.00,4,3,3,0,4,3,0,3,81,1
"org.apache.solr.search.similarities.TestLMJelinekMercerSimilarityFactory",3,0.00,1.00,10,0.11,1553.80,3,0,3,7,3,181.83,5,15,0,4,131.83,0.00,0.75,0.00,0,3.00,1,329.04,2,0,3,org.apache.solr.search.similarities.BaseSimilarityTestCase,0.00,4,3,3,0,4,3,0,3,81,1
"org.apache.solr.search.similarities.TestPerFieldSimilarity",9,0.00,1.00,32,0.40,5909.85,9,0,6,17,7,181.02,10,44,0,4,131.02,0.00,0.75,0.00,0,16.00,1,1190.20,2,0,7,org.apache.solr.search.similarities.BaseSimilarityTestCase,0.00,8,3,9,0,8,9,0,8,280,1
"org.apache.lucene.spatial.geometry.shape.Ellipse",9,0.14,2.67,99,1.81,177726.73,17,8,0,28,6,65.88,59,125,0,1,98.10,0.00,0.00,0.25,3,4.00,9,5420.06,0,2,6,java.lang.Object,0.00,19,0,24,0,19,7,1,31,1008,1
"org.apache.lucene.spatial.geometry.shape.Geometry2D",5,0.00,1.00,6,0.03,135.26,5,0,0,5,5,141.85,25,7,3,1,159.72,0.00,0.00,0.00,0,5.00,1,90.17,0,2,4,,0.00,0,0,5,0,0,3,0,6,35,1
"org.apache.lucene.spatial.geometry.shape.IntersectCase",0,0.00,0.00,2,0.01,57.06,0,0,0,0,3,171.00,6,6,3,1,171.00,0.00,0.00,0.00,0,0.00,0,28.53,0,0,1,java.lang.Object,0.00,0,0,0,0,0,0,1,1,9,1
"org.apache.lucene.spatial.geometry.shape.LLRect",14,0.00,2.21,79,1.11,62370.49,16,2,2,28,6,155.90,35,112,3,1,116.01,0.00,0.00,0.50,2,2.00,10,3321.31,0,9,3,java.lang.Object,0.00,14,0,31,0,14,5,0,14,724,1
"org.apache.lucene.spatial.geometry.shape.LineSegment",5,0.62,3.80,42,0.54,27638.39,7,2,0,16,4,89.66,28,60,2,1,107.53,0.00,0.00,1.00,0,0.00,10,1624.01,0,0,2,java.lang.Object,0.00,11,0,19,0,11,5,0,12,354,1
"org.apache.lucene.spatial.geometry.shape.Point2D",19,0.25,1.26,62,0.61,15786.07,21,2,0,25,6,130.16,7,90,6,1,130.16,0.00,0.00,0.26,0,70.00,6,1820.00,0,1,1,java.lang.Object,0.00,6,0,24,0,6,18,0,1,457,1
"org.apache.lucene.spatial.geometry.shape.Rectangle",16,0.13,1.69,52,0.67,23525.10,18,2,0,26,8,128.14,8,83,5,1,128.14,0.00,0.00,0.62,1,0.00,10,2010.65,0,1,4,java.lang.Object,0.00,10,0,27,0,10,15,1,2,489,1
"org.apache.lucene.spatial.geometry.shape.Vector2D",17,0.09,1.29,54,0.58,16248.62,19,2,0,23,6,179.67,28,79,6,1,129.67,0.00,0.00,0.41,1,29.00,6,1740.42,0,1,1,java.lang.Object,0.00,6,0,22,0,6,16,0,6,436,1
"org.apache.lucene.analysis.cz.CzechAnalyzer",5,0.50,2.00,22,0.31,7653.19,7,2,15,16,15,85.74,61,32,2,3,123.30,0.00,0.67,0.10,0,8.00,3,928.46,0,2,13,org.apache.lucene.analysis.util.StopwordAnalyzerBase,0.00,11,2,10,0,11,3,0,7,202,2
"org.apache.lucene.analysis.cz.CzechAnalyzer$DefaultSetHolder",0,0.00,0.00,6,0.08,1262.29,1,1,15,0,3,171.00,2,11,0,1,171.00,0.00,0.00,0.00,0,0.00,0,227.69,0,0,3,java.lang.Object,0.00,0,0,0,0,0,0,0,2,52,2
"org.apache.lucene.analysis.cz.CzechStemFilter",2,0.33,2.00,14,0.16,3794.18,5,3,6,9,9,84.12,27,20,3,4,113.50,0.00,0.75,0.50,0,2.00,3,481.98,0,0,6,org.apache.lucene.analysis.TokenFilter,0.29,7,3,4,0,7,2,0,2,107,2
"org.apache.lucene.analysis.cz.CzechStemmer",4,0.00,4.00,39,1.14,76383.63,4,0,1,5,1,69.15,26,115,1,1,101.37,0.00,0.00,0.00,0,4.00,7,3431.39,0,0,0,java.lang.Object,0.00,1,0,16,0,1,4,0,8,602,1
"org.apache.lucene.analysis.cz.TestCzechAnalyzer",6,0.00,1.00,20,0.29,4711.27,6,0,5,9,4,170.29,14,31,0,3,130.40,0.00,0.67,0.00,0,6.00,1,870.84,3,0,4,org.apache.lucene.analysis.BaseTokenStreamTestCase,0.00,3,2,6,0,3,6,0,4,196,1
"org.apache.lucene.analysis.cz.TestCzechStemmer",8,0.00,1.00,163,2.96,128326.04,8,0,6,15,6,57.13,52,173,0,3,89.35,0.00,0.67,0.00,0,8.00,1,8876.41,2,0,6,org.apache.lucene.analysis.BaseTokenStreamTestCase,0.00,7,2,8,0,7,8,0,33,1596,1
"org.apache.lucene.queryparser.flexible.core.nodes.AndQueryNode",3,0.00,3.00,24,0.35,14613.97,3,0,2,12,9,128.64,9,38,6,3,108.02,0.50,0.50,0.00,0,3.00,4,1051.68,2,2,3,org.apache.lucene.queryparser.flexible.core.nodes.BooleanQueryNode,0.12,9,2,9,1,9,1,0,3,210,1
"org.apache.lucene.queryparser.flexible.core.nodes.AnyQueryNode",8,2.00,2.38,52,0.66,23717.61,10,2,2,16,5,154.32,23,77,2,4,114.43,0.00,0.75,0.00,1,14.00,6,1966.54,3,4,3,org.apache.lucene.queryparser.flexible.core.nodes.AndQueryNode,0.24,8,3,19,0,8,4,0,6,405,1
"org.apache.lucene.queryparser.flexible.core.nodes.BooleanQueryNode",4,0.00,2.25,27,0.35,13482.24,4,0,2,11,19,153.89,11,40,16,2,114.01,5.00,0.14,0.00,0,4.00,4,1045.47,6,2,3,org.apache.lucene.queryparser.flexible.core.nodes.QueryNodeImpl,0.17,7,1,9,5,7,2,0,4,216,1
"org.apache.lucene.queryparser.flexible.core.nodes.BoostQueryNode",7,1.00,1.57,28,0.33,7210.60,8,1,6,15,13,124.95,32,47,6,2,124.71,0.00,0.50,0.00,1,7.00,2,986.51,5,5,7,org.apache.lucene.queryparser.flexible.core.nodes.QueryNodeImpl,0.15,8,1,11,0,8,2,0,5,230,1
"org.apache.lucene.queryparser.flexible.core.nodes.DeletedQueryNode",4,0.00,1.00,9,0.06,913.67,4,0,2,4,7,191.20,6,16,4,2,141.20,2.00,0.25,0.00,0,4.00,1,185.27,1,3,4,org.apache.lucene.queryparser.flexible.core.nodes.QueryNodeImpl,0.17,0,1,4,2,0,1,0,2,54,1
"org.apache.lucene.queryparser.flexible.core.nodes.FieldQueryNode",20,5.00,1.15,60,0.59,11352.79,25,5,2,22,34,171.37,45,92,30,2,131.48,4.00,0.17,0.00,4,20.00,2,1782.23,3,10,4,org.apache.lucene.queryparser.flexible.core.nodes.QueryNodeImpl,0.10,2,1,23,4,2,10,2,11,451,1
"org.apache.lucene.queryparser.flexible.core.nodes.FieldValuePairQueryNode",0,0.00,0.00,1,0.02,186.81,0,0,0,0,3,171.00,23,3,3,1,171.00,0.00,0.00,0.00,0,0.00,0,51.89,0,0,0,,0.00,0,0,0,0,0,0,0,2,15,1
"org.apache.lucene.queryparser.flexible.core.nodes.FieldableNode",2,0.00,1.00,3,0.01,59.70,2,0,0,2,12,168.52,35,4,12,2,159.39,0.00,0.50,0.00,0,2.00,1,41.60,0,1,0,,0.00,0,1,2,0,0,1,0,4,17,1
"org.apache.lucene.queryparser.flexible.core.nodes.FuzzyQueryNode",8,2.00,1.12,26,0.27,5010.50,10,2,1,8,12,151.77,25,41,10,3,131.15,0.00,0.67,0.00,0,8.00,2,811.68,4,3,2,org.apache.lucene.queryparser.flexible.core.nodes.FieldQueryNode,0.13,0,2,9,0,0,5,0,4,201,1
"org.apache.lucene.queryparser.flexible.core.nodes.GroupQueryNode",6,0.00,1.33,21,0.22,3694.06,6,0,6,13,15,171.06,13,33,9,2,131.17,0.00,0.50,0.00,1,6.00,2,650.07,6,2,6,org.apache.lucene.queryparser.flexible.core.nodes.QueryNodeImpl,0.16,7,1,8,0,7,4,0,3,159,1
"org.apache.lucene.queryparser.flexible.core.nodes.MatchAllDocsQueryNode",4,0.00,1.00,9,0.06,1004.43,4,0,1,4,6,190.87,6,16,4,2,140.87,0.00,0.50,0.00,0,4.00,1,183.13,1,3,2,org.apache.lucene.queryparser.flexible.core.nodes.QueryNodeImpl,0.17,0,1,4,0,0,1,0,3,54,1
"org.apache.lucene.queryparser.flexible.core.nodes.MatchNoDocsQueryNode",2,0.00,1.00,4,0.02,180.05,2,0,0,2,6,100.25,22,8,5,3,144.38,0.00,0.67,0.00,0,2.00,1,60.05,0,1,1,org.apache.lucene.queryparser.flexible.core.nodes.DeletedQueryNode,0.12,0,2,2,0,0,1,0,3,21,1
"org.apache.lucene.queryparser.flexible.core.nodes.ModifierQueryNode",0,0.00,0.00,2,0.01,75.00,0,0,6,0,17,171.00,9,2,12,2,171.00,1.00,0.33,0.00,0,0.00,0,30.00,0,0,5,org.apache.lucene.queryparser.flexible.core.nodes.QueryNodeImpl,0.00,0,1,0,1,0,0,0,1,10,1
"org.apache.lucene.queryparser.flexible.core.nodes.ModifierQueryNode$Modifier",3,1.00,3.33,53,0.72,49687.71,4,1,6,15,5,91.84,14,88,0,1,91.60,0.00,0.00,0.00,3,3.00,6,2145.65,1,3,5,java.lang.Object,0.00,12,0,10,0,12,0,0,5,363,1
"org.apache.lucene.queryparser.flexible.core.nodes.NoTokenFoundQueryNode",4,0.00,1.00,10,0.07,1017.93,4,0,1,4,5,190.83,5,18,2,3,140.83,0.00,0.67,0.00,0,4.00,1,208.75,1,2,3,org.apache.lucene.queryparser.flexible.core.nodes.DeletedQueryNode,0.22,0,2,4,0,0,2,0,2,60,1
"org.apache.lucene.queryparser.flexible.core.nodes.OpaqueQueryNode",6,2.00,1.00,20,0.20,3344.25,8,2,1,6,4,171.46,17,29,1,2,131.58,0.00,0.50,0.00,0,6.00,1,586.26,2,5,3,org.apache.lucene.queryparser.flexible.core.nodes.QueryNodeImpl,0.16,0,1,6,0,0,1,0,4,150,1
"org.apache.lucene.queryparser.flexible.core.nodes.OrQueryNode",3,0.00,3.00,26,0.38,16348.12,3,0,3,13,9,128.25,10,38,6,3,107.64,0.00,0.67,0.00,0,3.00,4,1150.85,2,2,3,org.apache.lucene.queryparser.flexible.core.nodes.BooleanQueryNode,0.12,10,2,9,0,10,1,0,3,225,1
"org.apache.lucene.queryparser.flexible.core.nodes.PathQueryNode",10,0.78,1.70,50,0.61,16769.77,11,1,5,24,4,119.65,45,68,1,2,119.41,0.00,0.50,0.30,1,22.00,3,1826.01,1,7,3,org.apache.lucene.queryparser.flexible.core.nodes.QueryNodeImpl,0.14,14,1,17,0,14,3,0,10,395,1
"org.apache.lucene.queryparser.flexible.core.nodes.PathQueryNode$QueryText",6,0.00,1.00,23,0.18,3850.24,9,3,5,6,0,151.71,23,32,0,1,131.10,0.00,0.00,0.33,0,10.00,1,544.31,1,3,0,java.lang.Object,0.00,0,0,6,0,0,3,1,6,143,2
"org.apache.lucene.queryparser.flexible.core.nodes.PhraseSlopQueryNode",9,1.00,1.56,34,0.37,7333.97,10,1,6,18,10,130.18,6,57,1,2,130.18,0.00,0.50,0.00,1,9.00,2,1107.47,5,4,9,org.apache.lucene.queryparser.flexible.core.nodes.QueryNodeImpl,0.14,9,1,14,0,9,5,1,1,265,1
"org.apache.lucene.queryparser.flexible.core.nodes.ProximityQueryNode",12,4.00,2.17,71,1.05,43551.58,16,4,5,23,8,116.95,53,107,1,3,116.72,0.00,0.67,0.00,3,22.00,6,3154.91,4,6,7,org.apache.lucene.queryparser.flexible.core.nodes.BooleanQueryNode,0.17,11,2,26,0,11,6,0,10,628,1
"org.apache.lucene.queryparser.flexible.core.nodes.ProximityQueryNode$ProximityType",2,2.00,1.00,8,0.06,597.62,4,2,5,2,0,129.05,0,11,0,1,129.05,0.00,0.00,0.00,0,2.00,1,177.62,0,0,0,java.lang.Object,0.00,0,0,2,0,0,2,0,0,49,2
"org.apache.lucene.queryparser.flexible.core.nodes.ProximityQueryNode$Type",3,0.00,1.00,11,0.05,469.26,3,0,5,3,0,135.92,0,15,0,1,135.92,0.00,0.00,0.00,0,3.00,1,152.46,0,3,0,java.lang.Object,0.00,0,0,3,0,0,0,0,0,46,1
"org.apache.lucene.queryparser.flexible.core.nodes.QueryNode",14,0.00,1.00,15,0.10,591.15,14,0,3,14,86,178.81,43,16,85,1,158.20,0.00,0.00,0.00,0,14.00,1,308.24,0,7,1,,0.00,0,0,14,0,0,7,0,16,107,1
"org.apache.lucene.queryparser.flexible.core.nodes.QueryNodeImpl",19,6.00,1.68,79,0.93,25016.86,25,6,8,39,21,163.74,42,114,17,1,123.86,0.00,0.00,0.00,6,19.00,4,2804.41,2,7,4,java.lang.Object,0.00,20,0,32,30,20,12,2,19,621,2
"org.apache.lucene.queryparser.flexible.core.nodes.QuotedFieldQueryNode",4,0.00,1.25,13,0.17,3571.81,4,0,1,4,7,150.53,15,24,5,3,129.91,0.00,0.67,0.00,0,4.00,2,520.48,2,3,2,org.apache.lucene.queryparser.flexible.core.nodes.FieldQueryNode,0.14,0,2,5,0,0,1,0,3,127,1
"org.apache.lucene.queryparser.flexible.core.nodes.RangeQueryNode",4,0.00,1.00,5,0.03,213.62,4,0,0,4,4,139.52,21,7,4,2,157.40,0.00,0.50,0.00,0,4.00,1,83.89,0,0,0,,0.00,0,1,4,0,0,4,0,2,31,1
"org.apache.lucene.queryparser.flexible.core.nodes.SlopQueryNode",9,1.00,1.56,34,0.36,7123.99,10,1,4,18,14,180.28,16,56,7,2,130.28,0.00,0.50,0.00,1,9.00,2,1093.22,5,6,7,org.apache.lucene.queryparser.flexible.core.nodes.QueryNodeImpl,0.14,9,1,14,0,9,3,1,2,263,1
"org.apache.lucene.queryparser.flexible.core.nodes.TestQueryNode",2,0.00,1.00,13,0.20,3882.09,2,0,2,15,3,166.08,2,17,0,2,116.08,0.00,0.50,0.00,0,2.00,1,596.40,0,0,3,org.apache.lucene.util.LuceneTestCase,0.00,13,1,2,0,13,2,0,2,125,1
"org.apache.lucene.queryparser.flexible.core.nodes.TextableQueryNode",2,0.00,1.00,3,0.01,38.51,2,0,0,2,4,110.89,19,4,4,1,160.88,0.00,0.00,0.00,0,2.00,1,33.51,0,1,0,,0.00,0,0,2,0,0,1,0,2,15,1
"org.apache.lucene.queryparser.flexible.core.nodes.TokenizedPhraseQueryNode",6,0.00,2.33,39,0.43,14126.29,6,0,2,17,10,165.23,6,54,6,2,115.23,0.00,0.50,0.00,0,6.00,4,1286.15,4,3,4,org.apache.lucene.queryparser.flexible.core.nodes.QueryNodeImpl,0.16,11,1,14,0,11,3,1,3,277,1
"org.apache.lucene.queryparser.flexible.core.nodes.ValueQueryNode",2,0.00,1.00,3,0.02,156.52,2,0,0,2,0,107.61,20,4,0,2,156.09,0.00,0.50,0.00,0,2.00,1,67.80,0,0,0,,0.00,0,1,2,0,0,2,0,2,23,1
"org.apache.lucene.queryparser.flexible.core.util.QueryNodeOperation",2,0.00,4.50,27,0.41,55900.21,2,0,5,9,3,61.87,13,46,0,1,94.09,0.00,0.00,0.00,0,2.00,8,1221.24,0,1,3,java.lang.Object,0.00,7,0,9,0,7,1,0,3,229,2
"org.apache.lucene.queryparser.flexible.core.util.QueryNodeOperation$ANDOperation",0,0.00,0.00,2,0.01,36.00,0,0,5,0,0,171.00,0,3,0,1,171.00,0.00,0.00,0.00,0,0.00,0,24.00,0,0,0,java.lang.Object,0.00,0,0,0,0,0,0,0,0,8,1
"org.apache.lucene.queryparser.flexible.core.util.StringUtils",1,0.00,2.00,6,0.04,902.27,1,0,0,2,7,118.07,16,9,7,1,118.54,0.00,0.00,0.00,0,1.00,2,109.28,0,1,0,java.lang.Object,0.00,1,0,2,0,1,0,0,1,30,2
"org.apache.lucene.queryparser.flexible.core.util.UnescapedCharSequence",12,0.50,1.92,73,0.86,36412.01,14,2,0,24,7,114.64,51,87,7,1,114.40,0.00,0.00,0.04,0,22.00,5,2578.70,0,5,0,java.lang.Object,0.00,12,0,23,0,12,7,1,9,568,2
"org.apache.lucene.index.codecs.appending.AppendingCodec",5,0.06,1.00,15,0.13,1647.58,9,4,8,9,11,173.26,11,25,1,2,133.37,0.00,0.50,0.20,0,17.00,1,379.53,0,4,10,org.apache.lucene.index.codecs.Codec,0.47,4,1,5,0,4,1,0,1,98,1
"org.apache.lucene.index.codecs.appending.AppendingPostingsFormat",4,1.00,2.00,44,0.53,23933.72,5,1,18,18,21,102.25,3,81,1,2,102.25,0.00,0.50,0.25,0,6.00,3,1604.50,0,2,20,org.apache.lucene.index.codecs.PostingsFormat,0.00,14,1,8,0,14,2,0,1,318,0
"org.apache.lucene.index.codecs.appending.AppendingSegmentInfosFormat",1,0.00,1.00,4,0.03,449.58,2,1,2,2,4,127.65,0,7,1,3,127.65,0.00,0.67,1.00,0,0.00,1,99.05,0,1,3,org.apache.lucene.index.codecs.DefaultSegmentInfosFormat,0.60,1,2,1,0,1,0,0,0,27,1
"org.apache.lucene.index.codecs.appending.AppendingSegmentInfosWriter",1,0.00,1.00,2,0.02,152.10,1,0,3,1,3,192.59,1,5,1,3,142.59,0.00,0.67,0.00,0,1.00,1,57.02,0,0,2,org.apache.lucene.index.codecs.DefaultSegmentInfosWriter,0.00,0,2,1,0,0,1,0,1,18,1
"org.apache.lucene.index.codecs.appending.AppendingTermsDictReader",3,0.00,1.00,9,0.16,2624.41,3,0,10,7,11,130.04,0,20,1,4,130.04,0.00,0.75,0.00,0,3.00,1,481.17,0,0,10,org.apache.lucene.index.codecs.BlockTermsReader,0.00,4,3,3,0,4,3,0,0,109,1
"org.apache.lucene.index.codecs.appending.AppendingTermsDictWriter",3,1.00,1.00,8,0.09,1116.67,4,1,7,5,8,139.53,0,16,2,3,139.53,0.00,0.67,0.33,0,5.00,1,270.66,0,0,6,org.apache.lucene.index.codecs.BlockTermsWriter,0.27,2,2,3,0,2,3,0,0,70,1
"org.apache.lucene.index.codecs.appending.AppendingTermsIndexReader",3,0.00,1.00,9,0.16,2913.89,3,0,9,7,9,129.68,0,18,1,3,129.68,0.00,0.67,0.00,0,3.00,1,479.09,0,0,8,org.apache.lucene.index.codecs.FixedGapTermsIndexReader,0.00,4,2,3,0,4,3,0,0,109,1
"org.apache.lucene.index.codecs.appending.AppendingTermsIndexWriter",3,0.17,1.00,10,0.10,1400.08,6,3,5,5,6,132.18,0,16,2,3,132.18,0.00,0.67,0.22,0,5.00,1,312.81,0,0,4,org.apache.lucene.index.codecs.FixedGapTermsIndexWriter,0.30,2,2,3,0,2,3,0,0,80,1
"org.apache.lucene.index.codecs.appending.TestAppendingCodec",1,0.00,1.00,43,0.86,29261.56,2,1,24,37,20,74.90,0,46,0,2,74.90,0.00,0.50,1.00,0,0.00,1,2568.62,0,0,20,org.apache.lucene.util.LuceneTestCase,0.00,36,1,1,0,36,1,0,0,406,1
"org.apache.lucene.index.codecs.appending.TestAppendingCodec$AppendingIndexOutputWrapper",8,0.29,1.00,18,0.18,2778.21,9,1,24,15,1,139.76,0,34,0,3,139.76,0.00,0.67,0.75,0,0.00,1,537.87,0,0,1,org.apache.lucene.store.IndexOutput,0.84,7,2,8,0,7,8,0,0,145,2
"org.apache.lucene.index.codecs.appending.TestAppendingCodec$SuppressWarnings",2,0.00,1.00,5,0.06,917.40,2,0,24,3,4,138.81,0,10,0,3,138.81,0.00,0.67,0.00,0,2.00,1,187.44,1,1,4,org.apache.lucene.store.MockDirectoryWrapper,0.00,1,2,2,0,1,1,0,0,49,2
"org.apache.lucene.queryparser.flexible.spans.SpanOrQueryNodeBuilder",1,0.00,2.00,10,0.13,4739.70,1,0,8,5,8,62.30,7,13,1,1,104.59,0.00,0.00,0.00,0,1.00,2,384.82,0,1,7,java.lang.Object,0.00,4,0,2,0,4,0,1,2,78,1
"org.apache.lucene.queryparser.flexible.spans.SpanTermQueryNodeBuilder",1,0.00,1.00,4,0.05,948.57,1,0,6,5,7,125.33,4,7,1,1,125.10,0.00,0.00,0.00,0,1.00,1,151.44,0,1,6,java.lang.Object,0.00,4,0,1,0,4,0,1,1,38,1
"org.apache.lucene.queryparser.flexible.spans.SpansQueryConfigHandler",2,1.00,1.00,5,0.05,788.09,3,1,3,3,6,139.57,8,9,3,3,139.33,0.00,0.67,0.00,0,2.00,1,142.17,0,1,3,org.apache.lucene.queryparser.flexible.core.config.QueryConfigHandler,0.00,1,2,2,0,1,1,0,3,38,1
"org.apache.lucene.queryparser.flexible.spans.SpansQueryTreeBuilder",2,0.00,1.00,6,0.06,908.13,2,0,7,4,11,114.41,10,11,2,2,132.28,0.00,0.50,0.00,0,2.00,1,187.45,2,1,9,org.apache.lucene.queryparser.flexible.core.builders.QueryTreeBuilder,0.00,2,1,2,0,2,1,1,1,51,1
"org.apache.lucene.queryparser.flexible.spans.SpansValidatorQueryNodeProcessor",3,0.00,1.33,9,0.13,4216.51,3,0,10,6,11,148.96,10,20,2,2,128.35,0.00,0.50,0.00,0,3.00,2,394.23,0,3,9,org.apache.lucene.queryparser.flexible.core.processors.QueryNodeProcessorImpl,0.00,3,1,4,0,3,0,0,1,92,1
"org.apache.lucene.queryparser.flexible.spans.TestSpanQueryParser",8,4.00,1.88,58,0.62,13168.26,12,4,12,25,15,65.90,70,87,0,2,114.00,0.00,0.50,0.00,1,8.00,8,1867.86,1,2,15,org.apache.lucene.util.LuceneTestCase,0.00,17,1,15,0,17,6,0,10,419,1
"org.apache.lucene.queryparser.flexible.spans.TestSpanQueryParserSimpleSample",1,0.00,3.00,16,0.23,5522.56,1,0,10,16,12,141.08,76,19,0,2,96.36,0.00,0.50,0.00,0,1.00,3,704.28,0,0,12,org.apache.lucene.util.LuceneTestCase,0.00,15,1,3,0,15,1,0,13,130,1
"org.apache.lucene.queryparser.flexible.spans.UniqueFieldAttribute",2,0.00,1.00,3,0.02,77.91,2,0,2,2,3,158.71,8,4,1,2,158.47,0.00,0.50,0.00,0,2.00,1,46.77,0,1,2,,0.00,0,1,2,0,0,1,0,1,18,1
"org.apache.lucene.queryparser.flexible.spans.UniqueFieldAttributeImpl",8,0.86,1.25,23,0.23,4685.15,9,1,2,13,4,187.92,8,43,1,2,137.93,0.00,0.50,0.25,2,16.00,2,681.70,0,2,3,org.apache.lucene.util.AttributeImpl,0.15,5,1,10,0,5,6,1,1,171,1
"org.apache.lucene.queryparser.flexible.spans.UniqueFieldQueryNodeProcessor",3,0.00,2.00,16,0.19,6265.13,3,0,6,7,8,139.24,10,29,2,2,118.62,0.00,0.50,0.00,0,3.00,4,564.92,1,3,6,org.apache.lucene.queryparser.flexible.core.processors.QueryNodeProcessorImpl,0.00,4,1,6,0,4,0,0,1,122,1
"org.apache.solr.common.ResourceLoader",3,0.00,1.00,4,0.04,294.58,3,0,3,3,48,137.44,16,6,48,1,155.31,0.00,0.00,0.00,0,3.00,1,109.74,0,3,0,,0.00,0,0,3,0,0,0,0,2,35,1
"org.apache.solr.common.SolrDocument",24,0.17,1.71,92,1.01,40947.83,25,1,9,48,62,167.51,63,142,61,1,127.63,0.00,0.00,0.83,3,0.00,7,3029.81,0,14,1,java.lang.Object,0.00,24,0,41,0,24,10,3,27,687,1
"org.apache.solr.common.SolrDocument$Map<String,Collection<Object>>",13,0.00,1.15,27,0.26,3519.59,13,0,9,15,0,140.58,3,17,0,1,140.58,0.00,0.00,0.00,0,28.00,3,785.14,0,7,0,java.lang.Object,0.00,2,0,15,0,2,6,0,3,214,0
"org.apache.solr.common.SolrDocument$Map<String,Object>",13,0.00,1.15,27,0.24,3026.80,13,0,9,15,0,141.10,3,17,0,1,141.10,0.00,0.00,0.00,0,28.00,3,706.70,0,7,0,java.lang.Object,0.00,2,0,15,0,2,6,0,3,196,0
"org.apache.solr.common.SolrDocumentList",7,0.06,1.14,18,0.17,2582.35,10,3,1,7,40,189.53,7,32,39,2,139.53,0.00,0.50,0.29,0,15.00,2,506.18,1,2,1,java.util.ArrayList,0.00,0,1,8,0,0,5,0,1,130,1
"org.apache.solr.common.SolrDocumentTest",5,0.00,4.20,140,2.08,126369.27,5,0,9,50,2,121.90,13,122,0,2,82.02,0.00,0.50,0.00,0,5.00,15,6253.21,0,0,2,org.apache.lucene.util.LuceneTestCase,0.00,45,1,21,0,45,5,0,12,1139,1
"org.apache.solr.common.SolrDocumentTest$Iterable",1,0.00,1.00,3,0.01,151.48,1,0,9,2,0,136.03,0,4,0,1,136.03,0.00,0.00,0.00,0,1.00,1,42.87,0,1,0,java.lang.Object,0.00,1,0,1,0,1,0,0,0,15,0
"org.apache.solr.common.SolrException",0,0.00,0.00,2,0.01,75.00,0,0,6,0,214,171.00,6,2,214,2,171.00,1.00,0.33,0.00,0,0.00,0,30.00,0,0,0,java.lang.RuntimeException,0.00,0,1,0,1,0,0,0,2,10,1
"org.apache.solr.common.SolrException$ErrorCode",2,0.67,7.00,76,1.08,147420.29,5,3,6,15,1,31.00,14,102,0,1,73.29,0.00,0.00,0.67,0,0.00,13,3247.26,1,1,1,java.lang.Object,0.00,13,0,14,0,13,1,0,5,535,1
"org.apache.solr.common.SolrInputDocument",27,0.08,1.22,70,0.65,10782.55,29,2,6,46,87,179.12,62,114,86,1,139.24,0.00,0.00,0.43,3,0.00,3,1955.38,0,8,1,java.lang.Object,0.00,19,0,33,1,19,19,3,18,507,1
"org.apache.solr.common.SolrInputField",13,0.03,2.15,74,0.72,33946.04,16,3,4,21,16,157.73,33,110,16,1,117.84,0.00,0.00,0.36,1,0.00,7,2165.67,0,6,0,java.lang.Object,0.00,8,0,28,0,8,7,2,17,475,1
"org.apache.solr.common.SolrInputField$Iterator<Object>",3,0.50,1.00,9,0.05,538.54,4,1,4,4,0,135.45,0,12,0,1,135.45,0.00,0.00,0.67,0,1.00,1,161.94,0,1,0,java.lang.Object,0.00,1,0,3,0,1,2,0,0,47,0
"org.apache.lucene.analysis.charfilter.BaseCharFilter",4,0.56,3.50,28,0.41,38944.13,7,3,2,5,6,157.78,7,47,3,4,107.78,1.00,0.43,0.75,0,0.00,8,1221.37,0,0,3,org.apache.lucene.analysis.charfilter.CharFilter,0.31,1,3,14,3,1,4,0,2,260,2
"org.apache.lucene.analysis.charfilter.CharFilter",8,0.14,1.00,18,0.17,2909.00,9,1,3,14,7,179.49,16,33,5,3,139.61,3.50,0.20,0.88,1,0.00,1,510.64,0,0,2,org.apache.lucene.analysis.CharStream,0.33,6,2,8,7,6,8,0,3,140,2
"org.apache.lucene.analysis.charfilter.HTMLStripCharFilter",31,0.05,4.71,399,5.99,284238.42,46,15,9,55,7,99.42,152,501,4,5,99.19,0.00,0.80,0.12,19,223.00,18,17959.94,1,0,3,org.apache.lucene.analysis.charfilter.BaseCharFilter,0.23,24,4,146,0,24,31,0,110,3042,1
"org.apache.lucene.analysis.charfilter.HTMLStripCharFilterTest",15,0.00,1.80,152,2.46,86858.36,15,0,10,39,2,153.93,25,188,0,2,103.93,0.00,0.50,0.00,3,15.00,3,7391.65,2,0,2,org.apache.lucene.util.LuceneTestCase,0.00,24,1,27,0,24,15,0,25,1362,1
"org.apache.lucene.analysis.charfilter.MappingCharFilter",8,0.03,3.75,79,0.96,64272.66,13,5,5,21,8,154.35,8,96,4,5,104.35,0.00,0.80,0.22,4,14.00,10,2884.18,2,0,4,org.apache.lucene.analysis.charfilter.BaseCharFilter,0.24,13,4,30,0,13,8,0,3,570,1
"org.apache.lucene.analysis.charfilter.NormalizeCharMap",1,3.00,5.00,22,0.28,15784.53,4,3,2,9,6,49.93,12,25,6,1,87.49,0.00,0.00,0.00,0,1.00,5,854.31,0,0,0,java.lang.Object,0.00,8,0,5,0,8,1,0,2,162,1
"org.apache.lucene.analysis.charfilter.TestCharFilter",4,0.00,1.00,15,0.22,2814.37,4,0,5,10,3,130.78,0,20,0,2,130.78,0.00,0.50,0.00,0,4.00,1,668.10,0,0,3,org.apache.lucene.util.LuceneTestCase,0.00,6,1,4,0,6,4,0,0,152,1
"org.apache.lucene.analysis.charfilter.TestCharFilter$CharFilter1",2,0.00,1.00,5,0.03,407.16,2,0,5,2,2,141.59,0,9,0,4,141.59,0.00,0.75,0.00,0,2.00,1,99.28,0,0,2,org.apache.lucene.analysis.charfilter.CharFilter,0.36,0,3,2,0,0,2,0,0,31,1
"org.apache.lucene.analysis.charfilter.TestCharFilter$CharFilter2",2,0.00,1.00,5,0.03,407.16,2,0,5,2,2,141.59,0,9,0,4,141.59,0.00,0.75,0.00,0,2.00,1,99.28,0,0,2,org.apache.lucene.analysis.charfilter.CharFilter,0.36,0,3,2,0,0,2,0,0,31,1
"org.apache.lucene.analysis.charfilter.TestMappingCharFilter",13,0.00,1.00,89,1.26,24436.61,14,1,6,22,7,156.08,29,93,0,3,116.19,0.00,0.67,1.00,0,0.00,1,3767.35,2,0,7,org.apache.lucene.analysis.BaseTokenStreamTestCase,0.00,9,2,13,0,9,13,0,29,760,1
"org.apache.lucene.facet.index.params.CategoryListParams",7,0.22,1.43,28,0.29,7126.62,10,3,14,17,37,76.30,75,43,27,1,124.77,0.00,0.00,0.14,1,18.00,4,870.31,0,3,12,java.lang.Object,0.00,10,0,10,0,10,4,1,15,207,1
"org.apache.lucene.facet.index.params.CategoryListParamsTest",3,0.00,1.00,23,0.33,10077.74,3,0,4,13,2,61.71,29,42,0,2,111.71,0.00,0.50,0.00,0,3.00,1,991.88,0,0,2,org.apache.lucene.util.LuceneTestCase,0.00,10,1,3,0,10,3,0,8,214,1
"org.apache.lucene.facet.index.params.DefaultFacetIndexingParams",14,0.06,2.21,74,0.73,39981.42,19,5,7,29,23,117.77,59,104,16,1,117.53,0.00,0.00,0.26,1,46.00,14,2198.44,0,5,7,java.lang.Object,0.00,15,0,31,2,15,9,1,10,483,1
"org.apache.lucene.facet.index.params.DefaultFacetIndexingParamsTest",3,0.00,2.00,50,0.95,36309.28,3,0,14,33,12,61.55,18,78,0,2,93.77,0.00,0.50,0.00,0,3.00,4,2851.05,0,0,12,org.apache.lucene.util.LuceneTestCase,0.00,30,1,6,0,30,3,0,3,492,1
"org.apache.lucene.facet.index.params.FacetIndexingParams",7,0.00,1.00,8,0.05,256.59,7,0,4,7,38,110.21,72,9,34,2,158.68,0.00,0.50,0.00,0,7.00,1,138.82,0,3,4,,0.00,0,1,7,0,0,4,0,10,51,1
"org.apache.lucene.facet.index.params.FacetParamsMissingPropertyException",1,0.00,1.00,3,0.02,172.28,1,0,1,1,1,174.89,21,5,0,3,135.59,0.00,0.67,0.00,0,1.00,1,63.94,0,0,1,org.apache.lucene.facet.FacetException,0.00,0,2,1,0,0,1,0,2,20,1
"org.apache.lucene.facet.index.params.PerDimensionIndexingParams",5,0.50,1.60,20,0.22,5473.53,6,1,4,13,7,80.37,59,31,4,2,124.50,1.00,0.33,0.60,0,2.00,3,656.26,1,0,3,org.apache.lucene.facet.index.params.DefaultFacetIndexingParams,0.11,8,1,8,1,8,5,0,9,156,1
"org.apache.lucene.facet.index.params.PerDimensionIndexingParamsTest",2,0.00,1.00,24,0.48,12892.11,2,0,9,23,7,52.64,16,46,0,2,100.75,0.00,0.50,0.00,0,2.00,1,1450.68,0,0,7,org.apache.lucene.util.LuceneTestCase,0.00,21,1,2,0,21,2,0,1,259,1
"org.apache.lucene.analysis.cn.Deprecated",4,0.00,1.25,34,0.45,9348.53,4,0,7,13,3,92.86,20,52,0,3,110.73,0.00,0.67,0.00,0,4.00,2,1350.05,2,0,3,org.apache.lucene.analysis.BaseTokenStreamTestCase,0.00,9,2,5,0,9,4,0,6,279,1
"org.apache.lucene.analysis.cn.Deprecated$JustChineseFilterAnalyzer",1,0.00,1.00,4,0.05,947.95,1,0,7,4,2,125.10,0,7,0,2,125.10,0.00,0.50,0.00,0,1.00,1,162.67,0,1,2,org.apache.lucene.analysis.core.Analyzer,0.00,3,1,1,0,3,0,0,0,39,1
"org.apache.lucene.analysis.cn.Deprecated$JustChineseTokenizerAnalyzer",1,0.00,1.00,3,0.03,425.86,1,0,7,3,0,132.50,0,6,0,2,132.50,0.00,0.50,0.00,0,1.00,1,97.55,0,1,0,org.apache.lucene.analysis.core.Analyzer,0.00,2,1,1,0,2,0,0,0,27,1
"org.apache.lucene.analysis.reverse.ReverseStringFilter",8,0.05,2.62,92,1.16,125874.06,16,8,5,17,5,54.76,89,112,2,4,98.88,0.00,0.75,0.08,2,16.00,10,3490.39,0,1,3,org.apache.lucene.analysis.TokenFilter,0.20,9,3,21,0,9,7,0,19,669,2
"org.apache.lucene.analysis.reverse.TestReverseStringFilter",7,0.00,1.00,41,0.59,14309.57,7,0,5,15,4,158.74,16,53,0,3,118.86,0.00,0.67,0.00,0,7.00,1,1777.73,1,0,4,org.apache.lucene.analysis.BaseTokenStreamTestCase,0.00,8,2,7,0,8,7,0,13,376,1
"org.apache.lucene.benchmark.byTask.stats.Points",7,0.06,1.00,21,0.18,3194.21,10,3,4,13,4,132.50,29,29,2,1,132.26,0.00,0.00,0.29,0,21.00,1,551.54,0,1,3,java.lang.Object,0.00,6,0,7,0,6,6,0,12,141,1
"org.apache.lucene.benchmark.byTask.stats.Report",5,0.06,1.00,18,0.11,1595.94,9,4,0,5,7,101.26,31,24,7,1,133.48,0.00,0.00,0.20,0,17.00,1,319.10,0,1,0,java.lang.Object,0.00,0,0,5,0,0,4,0,6,92,1
"org.apache.lucene.benchmark.byTask.stats.TaskStats",17,0.07,1.47,85,0.79,23473.91,29,12,1,32,10,140.73,66,110,10,1,120.11,0.00,0.00,0.15,0,161.00,6,2358.68,1,3,1,java.lang.Object,0.00,15,0,25,0,15,14,1,26,526,1
"org.apache.lucene.facet.enhancements.CategoryEnhancement",6,0.00,1.00,7,0.05,241.93,6,0,7,6,16,157.89,98,10,10,1,158.36,0.00,0.00,0.00,0,6.00,1,143.94,0,4,7,,0.00,0,0,6,0,0,2,0,8,50,1
"org.apache.lucene.facet.enhancements.CategoryEnhancementDummy1",8,0.00,1.12,19,0.13,1501.93,8,0,7,8,9,181.73,16,33,2,1,141.84,0.00,0.00,0.00,0,8.00,2,396.51,1,4,7,java.lang.Object,0.00,0,0,9,0,0,4,1,1,111,1
"org.apache.lucene.facet.enhancements.CategoryEnhancementDummy2",8,0.86,1.25,24,0.22,4685.92,9,1,8,10,10,171.24,16,40,2,1,131.36,0.00,0.00,0.25,0,16.00,2,656.14,1,4,8,java.lang.Object,0.00,2,0,10,0,2,4,1,1,163,1
"org.apache.lucene.facet.enhancements.CategoryEnhancementDummy3",8,0.86,1.25,24,0.22,4687.56,9,1,7,10,8,171.24,16,40,1,1,131.35,0.00,0.00,0.25,0,16.00,2,657.55,1,4,7,java.lang.Object,0.00,2,0,10,0,2,4,1,1,163,1
"org.apache.lucene.facet.enhancements.EnhancementsCategoryTokenizer",2,1.50,5.00,42,0.56,49422.33,6,4,6,10,6,135.99,48,54,1,6,86.72,0.00,0.83,1.00,1,0.00,8,1670.02,0,0,5,org.apache.lucene.facet.index.streaming.CategoryTokenizer,0.32,8,5,10,0,8,2,0,13,310,1
"org.apache.lucene.facet.enhancements.EnhancementsDocumentBuilder",4,0.00,2.50,21,0.26,8587.77,4,0,11,10,14,70.37,32,39,5,2,118.48,0.00,0.50,0.00,0,0.00,5,783.29,2,3,10,org.apache.lucene.facet.index.CategoryDocumentBuilder,0.00,6,1,10,0,6,1,0,4,169,1
"org.apache.lucene.facet.enhancements.EnhancementsPayloadIterator",3,0.75,2.67,35,0.38,16553.42,7,4,7,9,7,92.11,45,40,2,2,102.46,0.00,0.50,0.75,0,0.00,4,1143.11,1,1,5,org.apache.lucene.facet.search.PayloadIterator,0.22,6,1,8,0,6,2,0,6,233,1
"org.apache.lucene.facet.enhancements.EnhancementsPayloadIteratorTest",5,0.56,1.20,48,0.70,13921.38,9,4,15,22,10,128.85,18,65,0,2,108.24,0.00,0.50,0.70,0,0.00,2,2114.42,0,0,10,org.apache.lucene.util.LuceneTestCase,0.00,17,1,6,0,17,5,0,3,407,1
"org.apache.lucene.facet.enhancements.TwoEnhancementsTest",2,0.00,1.00,48,0.98,31718.50,2,0,20,32,18,42.31,22,72,0,2,86.44,0.00,0.50,0.00,0,2.00,1,2930.60,0,0,18,org.apache.lucene.util.LuceneTestCase,0.00,30,1,2,0,30,2,0,7,474,1
"org.apache.solr.spelling.suggest.tst.TSTLookupFactory",1,0.00,1.00,3,0.03,292.54,1,0,5,2,6,154.40,3,6,1,2,133.78,0.00,0.50,0.00,0,1.00,1,81.93,0,1,5,org.apache.solr.spelling.suggest.LookupFactory,0.00,1,1,1,0,1,0,0,1,23,1
"org.apache.lucene.benchmark.byTask.utils.Algorithm",7,0.00,8.00,187,2.99,423759.94,9,2,9,60,7,47.86,43,242,2,1,80.08,0.00,0.00,0.50,2,0.00,42,8981.89,0,4,5,java.lang.Object,0.00,53,0,56,0,53,3,0,26,1362,1
"org.apache.lucene.benchmark.byTask.utils.Config",17,0.12,3.53,247,3.75,263511.74,24,7,10,69,37,62.74,111,280,36,1,94.96,0.00,0.00,0.26,1,36.00,7,11245.73,0,5,1,java.lang.Object,0.00,52,0,60,0,52,12,0,38,2086,1
"org.apache.lucene.benchmark.byTask.utils.FileUtils",1,0.00,7.00,16,0.17,10646.93,1,0,2,5,1,45.45,10,20,1,1,93.92,0.00,0.00,0.00,0,1.00,7,505.54,0,0,0,java.lang.Object,0.00,4,0,7,0,4,1,0,2,101,1
"org.apache.lucene.benchmark.byTask.utils.Format",7,0.33,1.00,31,0.48,13114.48,9,2,1,12,3,104.90,35,44,3,1,122.77,0.00,0.00,0.79,0,0.00,1,1442.31,0,7,0,java.lang.Object,0.00,5,0,7,0,5,0,0,6,337,1
"org.apache.lucene.benchmark.byTask.utils.StreamUtils",0,0.00,0.00,3,0.02,334.04,1,1,13,0,7,171.00,6,3,7,1,171.00,0.00,0.00,0.00,0,0.00,0,74.23,0,0,0,java.lang.Object,0.00,0,0,0,0,0,0,0,4,19,1
"org.apache.lucene.benchmark.byTask.utils.StreamUtils$Type",3,0.00,3.00,36,0.62,41765.46,5,2,13,23,0,65.64,19,51,0,1,97.86,0.00,0.00,0.50,0,1.00,5,1847.84,0,2,0,java.lang.Object,0.00,20,0,9,0,20,1,0,11,324,1
"org.apache.lucene.benchmark.byTask.utils.StreamUtilsTest",14,0.19,1.00,73,0.78,14259.08,16,2,17,35,3,121.24,0,96,0,3,121.24,0.00,0.67,0.32,6,38.00,1,2334.69,3,4,3,org.apache.lucene.benchmark.BenchmarkTestCase,0.00,21,2,14,0,21,10,0,0,538,1
"org.apache.lucene.benchmark.byTask.utils.StringBuilderReader",11,0.20,1.64,61,0.62,26034.45,15,4,2,19,1,138.86,43,95,1,2,118.24,0.00,0.50,0.43,2,0.00,4,1865.69,0,0,0,java.io.Reader,0.00,8,1,18,0,8,11,0,9,405,1
"org.apache.lucene.benchmark.byTask.utils.TestConfig",1,0.00,1.00,8,0.10,2496.91,1,0,3,6,1,110.56,0,11,0,2,110.56,0.00,0.50,0.00,0,1.00,1,289.50,0,0,1,org.apache.lucene.util.LuceneTestCase,0.00,5,1,1,0,5,1,0,0,65,1
"org.apache.lucene.analysis.ca.CatalanAnalyzer",5,0.50,1.80,21,0.29,7141.30,7,2,16,16,13,75.46,42,31,1,3,123.56,0.00,0.67,0.10,0,8.00,3,866.52,0,2,12,org.apache.lucene.analysis.util.StopwordAnalyzerBase,0.00,11,2,9,0,11,3,0,8,192,2
"org.apache.lucene.analysis.ca.CatalanAnalyzer$DefaultSetHolder",0,0.00,0.00,6,0.05,853.95,1,1,16,0,1,171.00,2,11,0,1,171.00,0.00,0.00,0.00,0,0.00,0,164.39,0,0,1,java.lang.Object,0.00,0,0,0,0,0,0,0,2,40,2
"org.apache.lucene.analysis.ca.TestCatalanAnalyzer",4,0.00,1.00,16,0.17,3088.17,4,0,5,8,3,175.80,7,22,0,3,125.80,0.00,0.67,0.00,0,4.00,1,522.25,3,0,3,org.apache.lucene.analysis.BaseTokenStreamTestCase,0.00,4,2,4,0,4,4,0,6,121,1
"org.apache.lucene.facet.util.MultiCategoryListIterator",4,0.11,2.50,28,0.27,7245.95,7,3,4,13,1,71.32,31,37,0,1,113.61,0.00,0.00,0.25,0,6.00,3,819.49,0,0,1,java.lang.Object,0.00,9,0,10,0,9,4,1,6,189,1
"org.apache.lucene.facet.util.PartitionsUtils",8,0.00,1.12,21,0.27,5381.65,8,0,4,14,11,105.25,51,37,8,1,137.48,0.00,0.00,0.00,4,8.00,2,811.68,0,2,4,java.lang.Object,0.00,6,0,9,0,6,6,0,11,200,2
"org.apache.lucene.facet.util.ResultSortUtils",1,0.00,5.00,20,0.30,12831.06,1,0,8,10,5,121.65,31,32,1,1,89.75,0.00,0.00,0.00,0,1.00,5,909.11,0,1,4,java.lang.Object,0.00,9,0,5,0,9,0,0,4,184,1
"org.apache.lucene.facet.util.ResultSortUtils$AllValueHeap",7,0.00,1.29,25,0.20,3423.91,10,3,8,15,2,131.97,0,35,0,1,131.97,0.00,0.00,0.33,0,0.00,2,586.31,0,4,2,java.lang.Object,0.00,8,0,9,0,8,3,1,0,153,2
"org.apache.lucene.facet.util.ResultSortUtils$AllValueHeap$Comparator<FacetResultNode>",1,0.00,3.00,8,0.09,2794.33,1,0,8,4,1,109.92,0,12,0,1,109.92,0.00,0.00,0.00,0,0.00,3,261.23,0,0,1,java.lang.Object,0.00,3,0,3,0,3,1,0,0,62,0
"org.apache.lucene.facet.util.ResultSortUtils$MaxOrdinalHeap",2,0.00,1.00,5,0.06,960.04,2,0,8,3,3,138.66,0,10,0,2,138.66,0.00,0.50,0.00,0,2.00,1,173.63,0,0,3,org.apache.lucene.util.PriorityQueue,0.00,1,1,2,0,1,2,1,0,48,2
"org.apache.lucene.facet.util.ResultSortUtils$MaxValueHeap",2,0.00,1.50,10,0.12,3285.96,2,0,8,5,3,119.51,0,15,0,2,119.51,0.00,0.50,0.00,0,2.00,2,369.07,0,0,3,org.apache.lucene.util.PriorityQueue,0.00,3,1,3,0,3,2,1,0,85,2
"org.apache.lucene.facet.util.ResultSortUtils$MinOrdinalHeap",2,0.00,1.00,5,0.06,960.04,2,0,8,3,3,138.66,0,10,0,2,138.66,0.00,0.50,0.00,0,2.00,1,173.63,0,0,3,org.apache.lucene.util.PriorityQueue,0.00,1,1,2,0,1,2,1,0,48,2
"org.apache.lucene.facet.util.ResultSortUtils$MinValueHeap",2,0.00,1.50,10,0.12,3285.96,2,0,8,5,3,119.51,0,15,0,2,119.51,0.00,0.50,0.00,0,2.00,2,369.07,0,0,3,org.apache.lucene.util.PriorityQueue,0.00,3,1,3,0,3,2,1,0,85,2
"org.apache.lucene.facet.util.ScoredDocIdsUtils",5,0.00,2.40,42,0.54,21666.86,5,0,11,24,15,79.09,67,58,6,1,108.47,0.00,0.00,0.00,2,5.00,4,1615.32,0,4,9,java.lang.Object,0.00,19,0,12,0,19,1,0,15,328,1
"org.apache.lucene.facet.util.ScoredDocIdsUtils$AllDocsScoredDocIDs",4,1.00,1.25,13,0.09,1444.80,5,1,11,9,4,133.01,1,20,0,1,133.01,0.00,0.00,0.25,1,6.00,2,266.71,0,2,4,java.lang.Object,0.00,5,0,5,0,5,2,1,1,72,2
"org.apache.lucene.facet.util.ScoredDocIdsUtils$AllDocsScoredDocIDs$DocIdSet_2",2,0.00,1.00,5,0.03,330.65,2,0,11,3,1,142.30,0,9,0,1,142.30,0.00,0.00,0.00,0,2.00,1,86.05,0,1,1,java.lang.Object,0.00,1,0,2,0,1,1,0,0,27,0
"org.apache.lucene.facet.util.ScoredDocIdsUtils$AllDocsScoredDocIDs$DocIdSet_2$DocIdSetIterator_3",3,0.00,2.00,10,0.11,2965.48,4,1,11,3,0,129.46,0,18,0,1,129.46,0.00,0.00,1.00,0,0.00,3,319.78,0,0,0,java.lang.Object,0.00,0,0,6,0,0,3,0,0,78,0
"org.apache.lucene.facet.util.ScoredDocIdsUtils$AllDocsScoredDocIDs$ScoredDocIDsIterator_4",3,0.00,1.33,9,0.06,650.74,3,0,11,5,1,134.74,1,14,0,1,134.74,0.00,0.00,0.00,0,3.00,2,172.79,0,0,1,java.lang.Object,0.00,2,0,4,0,2,3,0,1,48,0
"org.apache.lucene.facet.util.ScoredDocIdsUtils$AllLiveDocsScoredDocIDs",4,0.50,1.25,15,0.11,1696.51,6,2,11,10,4,132.46,1,22,0,1,132.46,0.00,0.00,0.12,1,6.00,2,318.90,0,2,4,java.lang.Object,0.00,6,0,5,0,6,2,1,1,86,3
"org.apache.lucene.facet.util.ScoredDocIdsUtils$AllLiveDocsScoredDocIDs$DocIdSet_5",2,0.00,1.00,5,0.03,330.65,2,0,11,3,1,142.30,0,9,0,1,142.30,0.00,0.00,0.00,0,2.00,1,86.05,0,1,1,java.lang.Object,0.00,1,0,2,0,1,1,0,0,27,0
"org.apache.lucene.facet.util.ScoredDocIdsUtils$AllLiveDocsScoredDocIDs$DocIdSet_5$DocIdSetIterator_6",3,0.25,1.67,14,0.15,4448.69,5,2,11,5,1,123.45,0,21,0,1,123.45,0.00,0.00,0.67,1,0.00,2,446.34,0,0,1,java.lang.Object,0.00,2,0,5,0,2,3,0,0,103,0
"org.apache.lucene.facet.util.ScoredDocIdsUtils$AllLiveDocsScoredDocIDs$ScoredDocIDsIterator_7",3,0.00,1.33,9,0.06,650.74,3,0,11,5,1,134.74,1,14,0,1,134.74,0.00,0.00,0.00,0,3.00,2,172.79,0,0,1,java.lang.Object,0.00,2,0,4,0,2,3,0,1,48,0
"org.apache.lucene.facet.util.ScoredDocIdsUtils$ScoredDocIDs",3,0.00,1.00,7,0.03,230.94,3,0,11,5,2,144.92,0,8,0,1,144.92,0.00,0.00,0.00,0,3.00,1,78.64,0,2,2,java.lang.Object,0.00,2,0,3,0,2,1,0,0,28,0
"org.apache.lucene.facet.util.ScoredDocIdsUtils$ScoredDocIDs$DocIdSet",2,0.00,1.00,5,0.03,330.65,2,0,11,3,1,142.30,0,7,0,1,142.30,0.00,0.00,0.00,0,2.00,1,86.05,0,1,1,java.lang.Object,0.00,1,0,2,0,1,1,0,0,27,0
"org.apache.lucene.facet.util.ScoredDocIdsUtils$ScoredDocIDs$DocIdSet$DocIdSetIterator",3,0.00,2.00,11,0.12,3409.48,4,1,11,3,0,128.98,0,19,0,1,128.98,0.00,0.00,1.00,0,0.00,3,359.37,0,0,0,java.lang.Object,0.00,0,0,6,0,0,3,0,0,86,0
"org.apache.lucene.facet.util.ScoredDocIdsUtils$ScoredDocIDs$ScoredDocIDsIterator",3,0.00,1.00,8,0.05,489.43,4,1,11,3,0,142.35,0,5,0,1,142.35,0.00,0.00,1.00,0,0.00,1,142.84,0,0,0,java.lang.Object,0.00,0,0,3,0,0,3,0,0,43,0
"org.apache.lucene.facet.util.ScoredDocIdsUtils$ScoredDocIDs_0",3,1.00,1.67,15,0.12,3089.92,4,1,11,8,4,121.08,1,19,0,1,121.08,0.00,0.00,0.33,0,4.00,3,368.03,0,2,4,java.lang.Object,0.00,5,0,5,0,5,1,0,1,88,0
"org.apache.lucene.facet.util.ScoredDocIdsUtils$ScoredDocIDs_0$ScoredDocIDsIterator_1",3,0.00,1.33,9,0.06,921.15,3,0,11,6,1,133.55,0,10,0,1,133.55,0.00,0.00,0.00,0,3.00,2,189.56,0,0,1,java.lang.Object,0.00,3,0,4,0,3,3,0,0,51,0
"org.apache.lucene.facet.util.TestScoredDocIDsUtils",5,0.00,2.00,87,1.46,66021.39,5,0,26,56,23,74.62,26,113,0,2,92.49,0.00,0.50,0.00,1,5.00,3,4392.08,0,2,23,org.apache.lucene.util.LuceneTestCase,0.00,51,1,10,0,51,3,0,9,737,1
"org.apache.lucene.facet.util.TestScoredDocIDsUtils$DocumentFactory",2,0.00,1.00,5,0.10,3209.93,2,0,26,2,0,174.41,4,13,0,1,134.53,0.00,0.00,0.00,0,2.00,1,287.07,0,0,0,java.lang.Object,0.00,0,0,2,0,0,2,0,4,69,0
"org.apache.lucene.facet.util.TestScoredDocIDsUtils$DocumentFactory_0",4,0.11,1.50,23,0.24,5245.82,10,6,26,11,4,120.28,2,30,0,1,120.28,0.00,0.00,0.08,2,6.00,3,729.48,0,1,4,java.lang.Object,0.00,7,0,6,0,7,3,0,2,165,2
"org.apache.lucene.facet.search.association.AssociationsFacetRequestTest",5,0.68,1.60,85,1.31,40925.14,12,7,29,44,24,76.31,27,100,0,2,94.18,0.00,0.50,0.69,0,0.00,3,3940.66,0,0,24,org.apache.lucene.util.LuceneTestCase,0.00,39,1,8,0,39,5,0,12,704,1
"org.apache.lucene.facet.FacetException",4,0.00,1.00,10,0.05,359.54,4,0,1,5,5,126.51,21,15,5,2,144.39,1.00,0.33,0.00,0,4.00,1,148.96,0,0,0,java.io.IOException,0.00,1,1,4,1,1,4,0,2,49,1
"org.apache.lucene.facet.FacetTestBase",22,0.04,1.77,145,2.10,72988.95,30,8,46,93,34,134.73,66,188,0,2,114.12,10.00,0.08,0.09,8,162.00,6,6309.81,0,10,34,org.apache.lucene.util.LuceneTestCase,0.00,71,1,39,10,71,12,0,39,1207,2
"org.apache.lucene.facet.FacetTestBase$DefaultFacetIndexingParams",1,0.00,1.00,3,0.01,149.03,1,0,46,1,0,136.09,0,5,0,1,136.09,0.00,0.00,0.00,0,1.00,1,44.54,0,0,0,java.lang.Object,0.00,0,0,1,0,0,1,0,0,15,0
"org.apache.lucene.facet.FacetTestBase$NotSameResultError",1,0.00,1.00,3,0.01,94.05,1,0,46,1,0,137.66,0,5,0,2,137.66,0.00,0.50,0.00,0,1.00,1,42.11,0,0,0,java.lang.Error,0.00,0,1,1,0,0,1,0,0,15,2
"org.apache.lucene.facet.FacetTestBase$SearchTaxoDirPair",1,2.00,1.00,3,0.01,124.34,3,2,46,1,1,136.71,0,4,0,1,136.71,0.00,0.00,0.00,0,1.00,1,44.62,0,0,1,java.lang.Object,0.00,0,0,1,0,0,1,0,0,15,3
"org.apache.lucene.facet.FacetTestUtils",5,0.00,1.80,62,0.90,37985.32,5,0,31,38,30,120.66,16,73,3,1,100.05,0.00,0.00,0.00,0,5.00,2,2704.77,0,2,27,java.lang.Object,0.00,33,0,9,0,33,3,0,1,515,1
"org.apache.lucene.facet.FacetTestUtils$IndexTaxonomyReaderPair",1,0.00,1.00,8,0.05,534.16,4,3,31,4,3,115.83,0,10,0,1,115.83,0.00,0.00,1.00,0,0.00,1,150.57,0,0,3,java.lang.Object,0.00,3,0,1,0,3,1,0,0,42,2
"org.apache.lucene.facet.FacetTestUtils$IndexTaxonomyWriterPair",2,1.00,1.00,9,0.06,618.58,4,2,31,6,2,128.93,0,12,0,1,128.93,0.00,0.00,1.00,0,0.00,1,167.45,0,0,2,java.lang.Object,0.00,4,0,2,0,4,2,0,0,49,2
"org.apache.lucene.index.codecs.lucene.Deprecated",14,0.15,2.50,122,1.41,60307.89,31,17,8,34,6,158.48,26,156,0,1,108.48,0.00,0.00,0.20,4,46.00,6,4219.27,0,0,6,java.lang.Object,0.00,20,0,35,0,20,14,0,25,829,1
"org.apache.lucene.index.codecs.lucene.Deprecated$CloneableTerm",4,0.67,1.00,11,0.10,1553.17,5,1,11,6,1,139.38,0,19,0,2,139.38,0.00,0.50,0.50,1,4.00,1,304.77,0,1,1,DoubleBarrelLRUCache.CloneableKey,0.00,2,1,4,0,2,3,0,0,82,2
"org.apache.lucene.index.codecs.lucene.Deprecated$PreDocsAndPositionsEnum",10,0.15,1.40,43,0.41,12182.14,13,3,27,23,4,124.17,0,65,0,4,124.17,0.00,0.75,0.47,0,0.00,3,1228.77,0,3,4,org.apache.lucene.index.DocsAndPositionsEnum,1.22,13,3,14,0,13,7,0,0,287,2
"org.apache.lucene.index.codecs.lucene.Deprecated$PreDocsEnum",8,0.00,1.38,31,0.30,7735.13,10,2,27,15,3,129.62,0,48,0,3,129.62,0.00,0.67,0.50,1,4.00,2,914.94,1,2,3,org.apache.lucene.index.DocsEnum,0.94,7,2,11,0,7,6,0,0,220,2
"org.apache.lucene.index.codecs.lucene.Deprecated$PreFlexFieldsEnum",3,0.50,1.33,16,0.13,2166.54,6,3,27,9,3,122.35,0,23,0,2,122.35,0.00,0.50,0.67,0,0.00,2,391.67,0,2,3,org.apache.lucene.index.FieldsEnum,0.67,6,1,4,0,6,1,0,0,97,1
"org.apache.lucene.index.codecs.lucene.Deprecated$PreTerms",7,1.00,1.14,21,0.17,2964.06,8,1,27,12,4,132.49,2,36,0,2,132.49,0.00,0.50,0.14,0,12.00,2,501.86,0,2,4,org.apache.lucene.index.Terms,0.55,5,1,8,0,5,5,0,2,132,1
"org.apache.lucene.index.codecs.lucene.Deprecated$PreTermsEnum",19,0.18,5.05,350,5.40,521111.36,32,13,27,53,8,46.56,142,446,0,2,88.85,0.00,0.50,0.24,7,35.00,14,16207.14,0,5,8,org.apache.lucene.index.TermsEnum,0.41,34,1,96,0,34,14,0,142,2754,1
"org.apache.lucene.index.codecs.lucene.Deprecated$TermInfoAndOrd",1,1.00,1.00,6,0.05,709.40,2,1,11,1,0,119.52,0,8,0,2,119.52,0.00,0.50,0.00,0,1.00,1,136.97,0,0,0,TermInfo,0.00,0,1,1,0,0,1,0,0,36,3
"org.apache.lucene.index.codecs.lucene.Deprecated$ThreadResources",17,0.44,2.65,131,1.75,121453.83,19,2,11,49,8,158.90,26,191,0,1,108.90,0.00,0.00,0.09,7,73.00,12,5258.92,0,1,8,java.lang.Object,0.00,32,0,45,0,32,16,0,26,1026,3
"org.apache.lucene.index.codecs.lucene.Lucene3xCodec",5,0.17,1.00,16,0.13,1812.48,8,3,15,9,14,183.05,8,27,1,2,133.05,1.00,0.33,0.20,0,14.00,1,377.89,0,4,13,org.apache.lucene.index.codecs.Codec,0.47,4,1,5,1,4,1,0,6,99,1
"org.apache.lucene.index.codecs.lucene.Lucene3xCodec$DocValuesFormat",3,0.00,1.00,6,0.07,795.06,3,0,15,3,6,140.69,0,11,0,1,140.69,0.00,0.00,0.00,0,3.00,1,199.88,0,2,6,java.lang.Object,0.00,0,0,3,0,0,1,0,0,53,0
"org.apache.lucene.index.codecs.lucene.TermInfosReaderIndex",9,0.19,2.22,103,1.57,83577.98,17,8,12,49,8,50.73,83,118,2,1,100.72,0.00,0.00,0.29,3,12.00,7,4711.27,0,1,6,java.lang.Object,0.00,40,0,20,0,40,8,0,16,852,0
"org.apache.lucene.index.codecs.lucene.TestImpersonation",1,0.00,1.00,4,0.04,470.65,1,0,3,3,2,109.62,5,6,0,2,127.49,0.00,0.50,0.00,0,1.00,1,105.43,0,0,2,org.apache.lucene.util.LuceneTestCase,0.00,2,1,1,0,2,1,0,1,28,1
"org.apache.lucene.index.codecs.lucene.TestSurrogates",8,1.00,6.50,196,3.35,266369.06,9,1,10,69,13,123.36,20,233,0,2,83.47,0.00,0.50,0.12,4,14.00,15,10041.55,0,3,13,org.apache.lucene.util.LuceneTestCase,0.00,61,1,52,0,61,5,0,20,1625,1
"org.apache.lucene.index.codecs.lucene.TestSurrogates$SortTermAsUTF16Comparator",1,0.00,2.00,7,0.11,2742.14,2,1,10,7,2,112.24,0,11,0,1,112.24,0.00,0.00,1.00,0,0.00,2,321.08,0,0,2,java.lang.Object,0.00,6,0,2,0,6,1,1,0,77,2
"org.apache.lucene.index.codecs.lucene.TestTermInfosReaderIndex",10,0.09,1.90,110,1.47,45746.38,19,9,31,69,25,103.18,2,121,0,2,103.18,0.00,0.50,0.19,1,26.00,4,4399.48,2,3,25,org.apache.lucene.util.LuceneTestCase,0.00,59,1,19,0,59,7,0,2,823,1
"org.apache.lucene.queryparser.flexible.core.builders.QueryBuilder",1,0.00,1.00,2,0.01,51.00,1,0,2,1,6,172.56,32,3,4,1,146.32,0.00,0.00,0.00,0,1.00,1,34.00,0,1,2,,0.00,0,0,1,0,0,0,0,3,13,1
"org.apache.lucene.queryparser.flexible.core.builders.QueryTreeBuilder",8,0.29,3.62,56,0.77,38123.12,11,3,8,27,22,77.99,55,TreeBuilder",8,0.29,3.62,56,0.77,38123.12,11,3,8,27,22,77.99,55,TreeBuilder",8,0.29,3.62,56,0.77,38123.12,11,3,8,27,22,77.99,55,TreeBuilder",8,0.29,3.62,56,0.77,38123.12,11,3,8,27,22,77.99,55,TreeBuilder",8,0.29,3.62,56,0.77,3