Name, No. Methods, LCOM, AVCC, NOS, HBUG, HEFF, UWCS, INST, PACK, RFC, CBO, MI, CCML, NLOC, F-IN, DIT, MINC, S-R, R-R, COH, LMC, LCOM2, MAXCC, HVOL, HIER, NQU, FOUT, Superclass, SIX, EXT, NSUP, TCC, NSUB, MPC, NCO, INTR, CCOM, HLTH, MOD
"org.apache.http.client.fluent.header.CacheControl",4,0.10,1.00,19,0.22,3329.68,14,10,0,4,1,175.54,6,24,1,1,125.54,0.00,0.00,0.02,0,6.00,1,671.28,0,4,0,java.lang.Object,0.00,0,0,4,0,0,0,0,2,152,1
"org.apache.http.client.fluent.header.ContentType",0,0.00,0.00,9,0.12,1715.65,8,8,0,0,2,171.00,0,10,2,1,171.00,0.00,0.00,0.00,0,0.00,0,352.93,0,0,0,java.lang.Object,0.00,0,0,0,0,0,0,0,0,76,1
"org.apache.http.client.fluent.header.DateUtils",2,0.33,1.00,11,0.12,2161.68,5,3,4,7,2,121.04,0,14,2,1,121.04,0.00,0.00,0.50,1,2.00,1,351.62,0,2,0,java.lang.Object,0.00,5,0,2,0,5,0,0,0,85,1
"org.apache.http.client.fluent.header.HttpHeader",0,0.00,0.00,7,0.09,1570.58,6,6,0,0,4,171.00,0,8,2,1,171.00,0.00,0.00,0.00,0,0.00,0,280.46,0,0,2,java.lang.Object,0.00,0,0,0,0,0,0,0,0,62,1
"org.apache.http.client.params.ClientPNames",0,0.00,0.00,13,0.20,3676.37,12,12,0,0,6,171.00,82,16,6,1,171.00,0.00,0.00,0.00,0,0.00,0,605.26,0,0,0,,0.00,0,0,0,0,0,0,0,13,118,1
"org.apache.http.client.params.Immutable",9,0.00,2.11,41,0.46,10990.63,9,0,3,17,1,163.95,19,66,0,1,124.06,0.00,0.00,0.00,0,9.00,3,1383.28,0,1,1,java.lang.Object,0.00,8,0,19,0,8,8,0,3,306,1
"org.apache.http.client.params.NotThreadSafe",13,0.00,1.00,27,0.29,3142.72,13,0,7,17,2,141.00,10,43,0,2,141.00,0.00,0.50,0.00,0,13.00,1,880.37,0,0,2,org.apache.http.params.HttpAbstractParamBean,0.00,4,1,13,0,4,13,0,2,232,1
"org.apache.http.client.params.SuppressWarnings",0,0.00,0.00,1,0.02,208.46,0,0,7,0,3,171.00,14,6,0,9,171.00,0.00,0.89,0.00,0,0.00,0,69.49,0,0,3,,0.00,0,8,0,0,0,0,0,2,17,1
"org.apache.http.impl.client.cache.AbstractProtocolTest",8,0.20,1.00,56,0.85,28209.63,20,12,12,35,11,111.54,0,69,4,1,111.54,0.00,0.00,0.26,0,0.00,1,2546.81,0,2,7,java.lang.Object,0.00,27,0,8,5,27,6,0,0,513,2
"org.apache.http.impl.client.cache.AsynchronousValidationRequest",3,0.38,1.67,25,0.27,4078.87,11,8,8,8,3,94.65,15,37,3,1,112.52,0.00,0.00,0.38,0,1.00,3,816.11,0,1,1,java.lang.Object,0.00,5,0,5,0,5,2,1,2,176,0
"org.apache.http.impl.client.cache.AsynchronousValidator",6,0.08,1.33,27,0.36,7573.00,11,5,14,23,4,91.83,39,47,3,1,124.06,0.00,0.00,0.27,0,6.00,3,1084.47,0,2,2,java.lang.Object,0.00,17,0,8,0,17,4,0,6,234,0
"org.apache.http.impl.client.cache.BasicHttpCache",20,0.03,1.80,125,1.95,50725.89,28,8,21,83,13,115.03,0,206,5,1,115.03,0.00,0.00,0.15,7,148.00,4,5849.29,0,7,8,java.lang.Object,0.00,63,0,36,0,63,13,1,0,1172,0
"org.apache.http.impl.client.cache.BasicHttpCache$HttpCacheUpdateCallback",1,0.00,1.00,3,0.04,586.89,1,0,21,4,0,131.40,0,7,0,1,131.40,0.00,0.00,0.00,0,0.00,1,131.19,0,1,0,java.lang.Object,0.00,3,0,1,0,3,0,0,0,33,0
"org.apache.http.impl.client.cache.BasicHttpCache$HttpCacheUpdateCallback_0",1,0.00,1.00,3,0.04,425.96,1,0,21,4,0,132.50,0,6,0,1,132.50,0.00,0.00,0.00,0,1.00,1,108.08,0,1,0,java.lang.Object,0.00,3,0,1,0,3,0,0,0,28,0
"org.apache.http.impl.client.cache.CacheConfig",24,0.02,1.08,73,0.64,11547.12,45,21,0,24,16,83.96,205,101,16,1,132.06,0.00,0.00,0.02,0,284.00,2,1929.64,0,0,0,java.lang.Object,0.00,0,0,26,0,0,24,0,35,459,1
"org.apache.http.impl.client.cache.CacheMap",2,2.00,1.00,8,0.10,1413.57,4,2,3,3,1,126.10,0,12,1,2,126.10,0.00,0.50,0.00,0,2.00,1,285.09,0,0,0,java.util.LinkedHashMap,0.00,1,1,2,0,1,2,0,0,68,1
"org.apache.http.impl.client.cache.Counter",2,0.00,1.00,6,0.02,187.50,3,1,0,2,1,137.67,0,9,1,1,137.67,0.00,0.00,1.00,0,0.00,1,75.00,0,0,0,java.lang.Object,0.00,0,0,2,0,0,2,0,0,25,1
"org.apache.http.impl.client.cache.DoNotTestProtocolRequirements",6,0.28,1.83,62,0.95,26456.97,16,10,23,40,4,86.99,32,84,0,1,104.86,0.00,0.00,0.33,2,2.00,6,2842.18,0,2,4,java.lang.Object,0.00,34,0,11,0,34,4,0,13,512,1
"org.apache.http.impl.client.cache.HttpCache",9,0.00,1.00,10,0.15,800.30,9,0,7,9,6,107.55,78,26,5,1,155.65,0.00,0.00,0.00,0,9.00,1,460.64,0,5,1,,0.00,0,0,9,0,0,4,0,10,126,0
"org.apache.http.impl.client.cache.HttpTestUtils",28,4.00,1.79,127,1.88,52675.97,32,4,22,67,18,162.51,68,196,18,1,122.62,0.00,0.00,0.00,9,28.00,5,5635.23,0,16,0,java.lang.Object,0.00,39,0,50,0,39,12,0,16,1204,1
"org.apache.http.impl.client.cache.Immutable",8,1.00,2.50,49,0.72,20819.45,9,1,17,37,2,154.75,20,84,0,1,114.87,0.00,0.00,0.12,4,14.00,5,2169.46,0,2,2,java.lang.Object,0.00,29,0,20,0,29,6,0,3,446,0
"org.apache.http.impl.client.cache.NotThreadSafe",8,0.14,1.62,52,0.47,8290.39,16,8,10,28,2,118.12,7,70,0,1,118.12,0.00,0.00,0.25,3,10.00,2,1413.38,0,2,2,java.lang.Object,0.00,20,0,13,0,20,6,0,2,311,0
"org.apache.http.impl.client.cache.NotThreadSafe$ResourceStream",2,0.00,1.00,7,0.04,642.09,2,0,8,3,0,133.46,0,13,0,2,133.46,0.00,0.50,0.00,0,2.00,1,132.43,1,0,0,java.io.FilterInputStream,0.00,1,1,2,0,1,2,0,0,38,0
"org.apache.http.impl.client.cache.OKStatus",1,1.00,1.00,4,0.04,438.02,2,1,3,1,0,127.74,0,6,0,2,127.74,0.00,0.50,0.00,0,1.00,1,112.70,0,0,0,org.apache.http.message.BasicStatusLine,0.00,0,1,1,0,0,1,0,0,30,1
"org.apache.http.impl.client.cache.RequestEquivalent",3,0.50,1.33,12,0.10,1702.10,4,1,2,5,3,126.79,0,17,2,1,126.79,0.00,0.00,0.67,0,1.00,2,307.22,0,0,1,java.lang.Object,0.00,2,0,4,0,2,3,1,0,80,1
"org.apache.http.impl.client.cache.RequestProtocolError",0,0.00,0.00,2,0.01,24.00,0,0,0,0,2,171.00,3,7,1,1,171.00,0.00,0.00,0.00,0,0.00,0,24.00,0,0,1,java.lang.Object,0.00,0,0,0,0,0,0,1,1,8,0
"org.apache.http.impl.client.cache.Serializer",2,0.00,1.00,11,0.13,3056.56,2,0,4,9,0,119.85,0,15,0,1,119.85,0.00,0.00,0.00,0,2.00,1,379.32,0,0,0,java.lang.Object,0.00,7,0,2,0,7,2,0,0,87,1
"org.apache.http.impl.client.cache.SimpleHttpCacheStorage",5,0.00,1.00,14,0.15,1957.65,6,1,6,10,3,139.35,0,21,1,1,139.35,0.00,0.00,1.00,0,0.00,1,453.79,0,1,2,java.lang.Object,0.00,5,0,5,0,5,4,1,0,114,0
"org.apache.http.impl.client.cache.TestAsynchronousValidationRequest",6,0.80,1.00,46,0.53,9442.12,12,6,10,20,2,114.30,3,67,0,1,114.30,0.00,0.00,0.83,2,0.00,1,1596.20,0,0,2,java.lang.Object,0.00,14,0,6,0,14,6,0,3,338,1
"org.apache.http.impl.client.cache.TestAsynchronousValidator",9,0.80,1.11,94,1.39,30680.89,16,7,18,43,3,105.86,1,116,0,1,105.86,0.00,0.00,0.86,2,0.00,2,4158.62,0,0,3,java.lang.Object,0.00,34,0,10,0,34,9,0,1,794,1
"org.apache.http.impl.client.cache.TestBasicHttpCache",20,0.16,1.10,214,3.65,100455.03,22,2,27,76,6,104.53,0,265,0,1,104.53,0.00,0.00,0.65,0,0.00,3,10949.14,0,0,6,java.lang.Object,0.00,56,0,22,0,56,20,0,0,1976,1
"org.apache.http.impl.client.cache.TestCacheEntryUpdater",12,0.49,1.33,104,1.80,42581.60,22,10,14,35,1,109.29,0,174,0,1,109.29,0.00,0.00,0.55,1,0.00,4,5389.45,0,0,1,java.lang.Object,0.00,23,0,16,0,23,12,0,0,1033,1
"org.apache.http.impl.client.cache.TestCacheInvalidator",33,0.38,1.00,289,3.90,80960.72,43,10,22,66,2,110.62,2,403,0,1,110.62,0.00,0.00,0.47,6,0.00,1,11712.05,0,0,2,java.lang.Object,0.00,33,0,33,0,33,33,0,2,2225,1
"org.apache.http.impl.client.cache.TestCacheKeyGenerator",25,0.22,1.00,167,2.75,65448.88,31,6,12,44,0,115.06,14,235,0,1,115.06,0.00,0.00,0.37,2,0.00,1,8253.63,0,0,0,java.lang.Object,0.00,19,0,25,0,19,25,0,1,1647,1
"org.apache.http.impl.client.cache.TestCacheKeyGenerator$CacheKeyGenerator",1,0.00,1.00,5,0.04,622.82,1,0,12,2,0,122.92,0,7,0,1,122.92,0.00,0.00,0.00,0,0.00,1,131.19,0,1,0,java.lang.Object,0.00,1,0,1,0,1,0,0,0,33,0
"org.apache.http.impl.client.cache.TestCacheKeyGenerator$CacheKeyGenerator_0",1,0.00,1.00,5,0.04,622.82,1,0,12,2,0,122.92,0,7,0,1,122.92,0.00,0.00,0.00,0,0.00,1,131.19,0,1,0,java.lang.Object,0.00,1,0,1,0,1,0,0,0,33,0
"org.apache.http.impl.client.cache.TestCacheKeyGenerator$CacheKeyGenerator_1",1,0.00,1.00,5,0.04,622.82,1,0,12,2,0,122.92,0,7,0,1,122.92,0.00,0.00,0.00,0,0.00,1,131.19,0,1,0,java.lang.Object,0.00,1,0,1,0,1,0,0,0,33,0
"org.apache.http.impl.client.cache.TestCacheKeyGenerator$CacheKeyGenerator_2",1,0.00,1.00,5,0.04,622.82,1,0,12,2,0,122.92,0,7,0,1,122.92,0.00,0.00,0.00,0,0.00,1,131.19,0,1,0,java.lang.Object,0.00,1,0,1,0,1,0,0,0,33,0
"org.apache.http.impl.client.cache.TestCacheKeyGenerator$CacheKeyGenerator_3",1,0.00,1.00,5,0.04,622.82,1,0,12,2,0,122.92,0,7,0,1,122.92,0.00,0.00,0.00,0,0.00,1,131.19,0,1,0,java.lang.Object,0.00,1,0,1,0,1,0,0,0,33,0
"org.apache.http.impl.client.cache.TestCacheKeyGenerator$CacheKeyGenerator_4",1,0.00,1.00,5,0.04,622.82,1,0,12,2,0,122.92,0,7,0,1,122.92,0.00,0.00,0.00,0,0.00,1,131.19,0,1,0,java.lang.Object,0.00,1,0,1,0,1,0,0,0,33,0
"org.apache.http.impl.client.cache.TestCacheValidityPolicy",46,0.12,1.00,218,3.62,68923.63,52,6,12,80,1,123.53,1,356,0,1,123.53,0.00,0.00,0.28,0,0.00,1,10846.06,0,0,1,java.lang.Object,0.00,34,0,46,0,34,46,0,1,2260,1
"org.apache.http.impl.client.cache.TestCacheValidityPolicy$CacheValidityPolicy",1,0.00,1.00,3,0.02,175.12,1,0,12,1,0,135.54,0,5,0,1,135.54,0.00,0.00,0.00,0,1.00,1,54.60,0,0,0,java.lang.Object,0.00,0,0,1,0,0,1,0,0,17,0
"org.apache.http.impl.client.cache.TestCacheValidityPolicy$CacheValidityPolicy_0",1,0.00,1.00,3,0.02,175.12,1,0,12,1,0,135.54,0,5,0,1,135.54,0.00,0.00,0.00,0,1.00,1,54.60,0,0,0,java.lang.Object,0.00,0,0,1,0,0,1,0,0,17,0
"org.apache.http.impl.client.cache.TestCacheValidityPolicy$CacheValidityPolicy_1",2,0.00,1.00,5,0.03,338.23,2,0,12,2,0,142.22,0,9,0,1,142.22,0.00,0.00,0.00,0,2.00,1,101.21,0,0,0,java.lang.Object,0.00,0,0,2,0,0,2,0,0,30,0
"org.apache.http.impl.client.cache.TestCacheValidityPolicy$CacheValidityPolicy_2",1,0.00,1.00,3,0.01,149.03,1,0,12,1,0,136.09,0,5,0,1,136.09,0.00,0.00,0.00,0,0.00,1,44.54,0,1,0,java.lang.Object,0.00,0,0,1,0,0,0,0,0,15,0
"org.apache.http.impl.client.cache.TestCacheValidityPolicy$CacheValidityPolicy_3",2,0.00,1.00,5,0.04,367.86,2,0,12,2,0,141.94,0,9,0,1,141.94,0.00,0.00,0.00,0,2.00,1,111.71,0,0,0,java.lang.Object,0.00,0,0,2,0,0,2,0,0,32,0
"org.apache.http.impl.client.cache.TestCacheValidityPolicy$CacheValidityPolicy_4",2,0.00,1.00,8,0.06,659.93,2,0,12,4,0,128.71,0,12,0,1,128.71,0.00,0.00,0.00,0,2.00,1,180.78,0,0,0,java.lang.Object,0.00,2,0,2,0,2,2,0,0,47,0
"org.apache.http.impl.client.cache.TestCacheValidityPolicy$CacheValidityPolicy_5",2,0.00,1.00,8,0.06,659.93,2,0,12,4,0,128.71,0,12,0,1,128.71,0.00,0.00,0.00,0,2.00,1,180.78,0,0,0,java.lang.Object,0.00,2,0,2,0,2,2,0,0,47,0
"org.apache.http.impl.client.cache.TestCacheValidityPolicy$CacheValidityPolicy_6",2,0.00,1.00,8,0.06,659.93,2,0,12,4,0,128.71,0,12,0,1,128.71,0.00,0.00,0.00,0,2.00,1,180.78,0,0,0,java.lang.Object,0.00,2,0,2,0,2,2,0,0,47,0
"org.apache.http.impl.client.cache.TestCacheableRequestPolicy",5,0.00,1.00,32,0.39,10397.55,6,1,4,11,0,115.85,0,43,0,1,115.85,0.00,0.00,1.00,0,0.00,1,1160.35,0,0,0,java.lang.Object,0.00,6,0,5,0,6,5,0,0,261,1
"org.apache.http.impl.client.cache.TestCachedHttpResponseGenerator",10,0.25,1.00,62,0.97,20115.80,14,4,10,41,1,115.96,0,86,0,1,115.96,0.00,0.00,0.48,2,0.00,1,2908.19,0,0,1,java.lang.Object,0.00,31,0,10,0,31,10,0,0,590,1
"org.apache.http.impl.client.cache.TestCachedResponseSuitabilityChecker",18,0.51,1.00,101,1.81,33285.55,27,9,13,37,2,119.20,0,190,0,1,119.20,0.00,0.00,0.59,0,0.00,1,5433.94,0,1,2,java.lang.Object,0.00,19,0,18,0,19,17,0,0,1070,1
"org.apache.http.impl.client.cache.TestCachingHttpClient",79,0.10,1.05,1052,17.81,545856.27,111,32,38,177,13,99.20,2,1448,0,1,99.20,0.00,0.00,0.13,24,0.00,2,53416.64,0,0,13,java.lang.Object,0.00,98,0,83,0,98,79,0,2,9250,1
"org.apache.http.impl.client.cache.TestCachingHttpClient$CachingHttpClient",1,0.00,1.00,7,0.08,1031.47,1,0,38,4,0,115.75,0,19,0,1,115.75,0.00,0.00,0.00,0,1.00,1,245.87,0,1,0,java.lang.Object,0.00,3,0,1,0,3,0,0,0,56,0
"org.apache.http.impl.client.cache.TestCachingHttpClient$CachingHttpClient_0",1,0.00,3.00,10,0.15,4874.48,1,0,38,6,1,104.40,0,25,0,1,104.40,0.00,0.00,0.00,0,1.00,3,463.09,0,0,1,java.lang.Object,0.00,5,0,3,0,5,1,0,0,91,0
"org.apache.http.impl.client.cache.TestCachingHttpClient$CachingHttpClient_1",1,0.00,1.00,7,0.08,1094.71,1,0,38,3,0,115.54,0,19,0,1,115.54,0.00,0.00,0.00,0,1.00,1,250.46,0,1,0,java.lang.Object,0.00,2,0,1,0,2,0,0,0,57,0
"org.apache.http.impl.client.cache.TestCachingHttpClient$CachingHttpClient_2",1,0.00,1.00,6,0.07,732.21,1,0,38,4,1,119.41,0,18,0,1,119.41,0.00,0.00,0.00,0,1.00,1,198.25,0,1,1,java.lang.Object,0.00,3,0,1,0,3,0,0,0,47,0
"org.apache.http.impl.client.cache.TestCachingHttpClient$CachingHttpClient_3",1,0.00,1.00,9,0.13,1854.12,1,0,38,7,0,109.67,0,21,0,1,109.67,0.00,0.00,0.00,0,1.00,1,377.16,0,1,0,java.lang.Object,0.00,6,0,1,0,6,0,0,0,80,0
"org.apache.http.impl.client.cache.TestCachingHttpClient$CachingHttpClient_4",1,0.00,2.00,6,0.10,2083.60,1,0,38,5,2,115.68,0,19,0,1,115.68,0.00,0.00,0.00,0,1.00,2,293.74,0,0,2,java.lang.Object,0.00,4,0,2,0,4,1,0,0,63,0
"org.apache.http.impl.client.cache.TestCachingHttpClient$CachingHttpClient_5",1,0.00,1.00,6,0.07,948.48,1,0,38,3,1,118.53,0,19,0,1,118.53,0.00,0.00,0.00,0,1.00,1,216.15,0,1,1,java.lang.Object,0.00,2,0,1,0,2,0,0,0,50,0
"org.apache.http.impl.client.cache.TestCombinedEntity",1,0.00,1.00,15,0.28,9499.81,1,0,6,18,1,95.81,0,18,0,1,95.81,0.00,0.00,0.00,0,1.00,1,840.26,0,0,1,java.lang.Object,0.00,17,0,1,0,17,1,0,0,150,1
"org.apache.http.impl.client.cache.TestConditionalRequestBuilder",18,0.49,1.67,164,3.14,99154.51,21,3,16,52,2,105.83,1,239,0,1,105.83,0.00,0.00,0.80,0,0.00,4,9410.50,0,0,2,java.lang.Object,0.00,34,0,30,0,34,18,0,1,1692,1
"org.apache.http.impl.client.cache.TestHttpCacheEntrySerializers",6,0.30,2.67,56,0.92,42370.94,8,2,22,39,2,104.87,4,73,0,1,104.87,0.00,0.00,0.25,4,14.00,9,2763.31,0,1,2,java.lang.Object,0.00,33,0,16,0,33,5,0,4,526,1
"org.apache.http.impl.client.cache.TestProtocolAllowedBehavior",2,0.00,1.00,28,0.43,9874.06,2,0,10,14,1,139.05,5,35,0,2,99.16,0.00,0.50,0.00,0,0.00,1,1293.75,4,0,1,org.apache.http.impl.client.cache.AbstractProtocolTest,0.00,12,1,2,0,12,2,0,1,233,1
"org.apache.http.impl.client.cache.TestProtocolDeviations",13,0.31,1.15,121,2.15,59492.12,25,12,23,63,5,64.25,94,173,0,1,106.55,0.00,0.00,0.37,3,0.00,2,6455.48,0,3,5,java.lang.Object,0.00,50,0,15,0,50,10,0,13,1175,1
"org.apache.http.impl.client.cache.TestProtocolRecommendations",96,0.19,1.27,872,12.89,437969.16,100,4,25,155,2,146.42,192,1240,0,2,106.53,0.00,0.50,0.07,9,2790.00,7,38683.48,4,1,2,org.apache.http.impl.client.cache.AbstractProtocolTest,0.02,59,1,122,0,59,95,0,25,7028,1
"org.apache.http.impl.client.cache.TestProtocolRequirements",265,0.00,1.57,2928,50.22,1905930.30,265,0,32,385,2,122.29,891,3887,0,2,101.68,1.00,0.33,0.00,32,0.00,10,150656.78,5,2,2,org.apache.http.impl.client.cache.AbstractProtocolTest,0.00,120,1,416,1,120,263,0,179,26158,1
"org.apache.http.impl.client.cache.TestRFC5861Compliance",13,0.00,2.15,264,4.09,148623.41,13,0,10,38,3,130.22,28,319,0,2,90.34,0.00,0.50,0.00,0,0.00,4,12275.37,3,0,3,org.apache.http.impl.client.cache.AbstractProtocolTest,0.00,25,1,28,0,25,13,0,3,2062,1
"org.apache.http.impl.client.cache.TestRequestProtocolCompliance",10,0.67,1.10,45,0.60,9804.41,13,3,9,27,1,124.96,0,78,0,1,124.96,0.00,0.00,0.93,0,0.00,2,1785.78,0,0,1,java.lang.Object,0.00,17,0,11,0,17,10,0,0,394,1
"org.apache.http.impl.client.cache.TestResponseCachingPolicy",53,0.23,1.00,242,3.23,50539.81,61,8,14,70,0,125.08,0,354,0,1,125.08,0.00,0.00,0.35,1,0.00,1,9704.53,0,0,0,java.lang.Object,0.00,17,0,53,0,17,53,0,0,2114,1
"org.apache.http.impl.client.cache.TestResponseProtocolCompliance",8,0.43,1.25,60,0.87,24159.32,9,1,19,30,1,112.02,0,78,0,1,112.02,0.00,0.00,0.62,3,0.00,2,2621.78,0,2,1,java.lang.Object,0.00,22,0,10,0,22,6,0,0,498,1
"org.apache.http.impl.client.cache.TestResponseProtocolCompliance$ByteArrayInputStream",1,0.00,1.00,3,0.02,228.96,1,0,19,1,0,134.62,0,5,0,1,134.62,0.00,0.00,0.00,0,1.00,1,63.42,0,0,0,java.lang.Object,0.00,0,0,1,0,0,1,0,0,19,0
"org.apache.http.impl.client.cache.TestResponseProtocolCompliance$Flag",0,0.00,0.00,2,0.01,95.10,1,1,19,0,0,171.00,0,3,0,1,171.00,0.00,0.00,0.00,0,0.00,0,31.70,0,0,0,java.lang.Object,0.00,0,0,0,0,0,0,0,0,10,2
"org.apache.http.impl.client.cache.TestSizeLimitedResponseReader",7,0.67,1.00,72,1.20,24853.25,10,3,13,31,0,105.74,0,87,0,1,105.74,0.00,0.00,0.90,0,0.00,1,3607.04,0,0,0,java.lang.Object,0.00,24,0,7,0,24,7,0,0,660,1
"org.apache.http.impl.client.cache.TestWarningValue",17,0.00,1.00,141,2.12,52146.73,17,0,6,27,1,109.86,0,176,0,1,109.86,0.00,0.00,0.00,0,17.00,1,6346.96,0,0,1,java.lang.Object,0.00,10,0,17,0,10,17,0,0,1290,1
"org.apache.http.impl.client.cache.ThreadSafe",5,0.25,1.00,14,0.16,2240.34,6,1,6,11,4,106.67,31,22,0,1,138.89,0.00,0.00,0.80,0,0.00,1,481.44,0,1,4,java.lang.Object,0.00,6,0,5,0,6,4,1,4,120,1
"org.apache.http.impl.client.cache.Variant",4,0.11,1.00,14,0.08,1102.37,7,3,1,4,6,133.99,1,19,6,1,133.99,0.00,0.00,0.25,0,10.00,1,248.26,0,3,0,java.lang.Object,0.00,0,0,4,0,0,1,0,1,73,0
"org.apache.http.impl.client.cache.WarningValue",23,0.02,2.13,154,2.27,85211.91,51,28,8,45,2,134.31,87,206,2,1,113.70,0.00,0.00,0.06,12,91.00,7,6824.03,0,5,0,java.lang.Object,0.00,22,0,49,0,22,18,0,19,1349,0
"org.apache.http.conn.util.Immutable",5,0.17,1.00,13,0.17,3395.79,8,3,2,8,0,187.47,5,25,0,1,137.47,0.00,0.00,0.20,1,14.00,1,501.27,0,0,0,java.lang.Object,0.00,3,0,5,0,3,5,0,1,125,1
"org.apache.http.conn.util.TestInetAddressUtils",4,0.00,1.00,19,0.24,4321.96,4,0,2,10,0,174.65,4,28,0,1,124.65,0.00,0.00,0.00,0,4.00,1,711.97,0,0,0,java.lang.Object,0.00,6,0,4,0,6,4,0,2,176,1
"org.apache.http.impl.client.cache.memcached.MemcachedHttpCacheStorage",7,0.06,1.71,45,0.57,23715.70,10,3,16,25,6,71.76,51,59,1,1,114.05,0.00,0.00,0.38,1,3.00,5,1703.63,0,1,5,java.lang.Object,0.00,18,0,12,0,18,6,1,4,340,1
"org.apache.http.impl.client.cache.memcached.TestMemcachedHttpCacheStorage",11,0.60,1.09,100,1.89,63735.88,14,3,17,44,6,105.75,10,157,0,2,105.75,0.00,0.50,0.88,2,0.00,2,5681.14,0,0,6,junit.framework.TestCase,0.00,33,1,12,0,33,11,0,10,1032,1
"org.apache.http.impl.client.cache.memcached.TestMemcachedHttpCacheStorage$HttpCacheUpdateCallback",1,0.00,1.00,4,0.02,174.77,1,0,17,2,0,130.88,0,5,0,1,130.88,0.00,0.00,0.00,0,1.00,1,54.51,0,1,0,java.lang.Object,0.00,1,0,1,0,1,0,0,0,18,0
"org.apache.http.impl.client.cache.memcached.TestMemcachedHttpCacheStorage$HttpCacheUpdateCallback_0",1,0.00,1.00,4,0.02,184.97,1,0,17,2,0,130.69,0,5,0,1,130.69,0.00,0.00,0.00,0,1.00,1,59.89,0,1,0,java.lang.Object,0.00,1,0,1,0,1,0,0,0,19,0
"org.apache.http.impl.client.cache.memcached.TestMemcachedHttpCacheStorage$HttpCacheUpdateCallback_1",1,0.00,1.00,4,0.02,184.97,1,0,17,2,0,130.69,0,5,0,1,130.69,0.00,0.00,0.00,0,1.00,1,59.89,0,1,0,java.lang.Object,0.00,1,0,1,0,1,0,0,0,19,0
"org.apache.http.impl.client.cache.memcached.TestMemcachedHttpCacheStorage$HttpCacheUpdateCallback_2",1,0.00,1.00,4,0.02,184.97,1,0,17,2,0,130.69,0,5,0,1,130.69,0.00,0.00,0.00,0,1.00,1,59.89,0,1,0,java.lang.Object,0.00,1,0,1,0,1,0,0,0,19,0
"org.apache.http.cookie.params.CookieSpecPNames",0,0.00,0.00,3,0.03,332.42,2,2,0,0,2,171.00,25,4,2,1,171.00,0.00,0.00,0.00,0,0.00,0,81.41,0,0,0,,0.00,0,0,0,0,0,0,0,3,22,1
"org.apache.http.cookie.params.NotThreadSafe",3,0.00,1.00,7,0.07,780.74,3,0,4,5,1,180.64,7,11,0,2,140.75,0.00,0.50,0.00,0,3.00,1,208.34,0,0,1,org.apache.http.params.HttpAbstractParamBean,0.00,2,1,3,0,2,3,0,1,57,1
"org.apache.http.contrib.auth.AWSScheme",11,0.40,2.73,74,1.46,81739.84,13,2,19,55,3,111.49,50,117,1,1,111.26,0.00,0.00,0.14,3,34.00,10,4368.14,0,7,2,java.lang.Object,0.00,44,0,30,0,44,4,1,19,795,1
"org.apache.http.contrib.auth.AWSSchemeFactory",1,0.00,1.00,3,0.02,194.14,1,0,3,2,3,135.42,4,5,0,1,135.18,0.00,0.00,0.00,0,1.00,1,62.11,0,1,3,java.lang.Object,0.00,1,0,1,0,1,0,1,1,19,1
"org.apache.http.contrib.auth.BouncySpnegoTokenGenerator",3,0.00,3.00,63,0.89,59475.16,6,3,14,25,1,137.59,3,64,0,1,87.59,0.00,0.00,0.33,1,4.00,4,2666.56,0,0,1,java.lang.Object,0.00,22,0,9,0,22,3,1,1,468,1
"org.apache.http.impl.cookie.Immutable",4,0.00,1.25,10,0.09,1504.53,4,0,7,5,4,189.44,5,18,0,1,139.44,0.00,0.00,0.00,0,4.00,2,281.81,0,0,4,java.lang.Object,0.00,1,0,5,0,1,4,1,1,75,1
"org.apache.http.impl.cookie.Immutable$DateFormatHolder",1,0.00,3.00,15,0.24,10625.71,1,0,10,12,0,57.61,12,23,0,1,95.17,0.00,0.00,0.00,0,1.00,3,724.08,0,1,0,java.lang.Object,0.00,11,0,3,0,11,0,0,1,149,2
"org.apache.http.impl.cookie.Immutable$DateFormatHolder$ThreadLocal<SoftReference<Map<String,SimpleDateFormat>>>",1,0.00,1.00,3,0.06,1340.27,1,0,10,3,0,128.58,0,6,0,1,128.58,0.00,0.00,0.00,0,1.00,1,182.51,0,1,0,java.lang.Object,0.00,2,0,1,0,2,0,0,0,48,0
"org.apache.http.impl.cookie.NotThreadSafe",12,0.16,3.25,107,1.25,66195.37,17,5,13,39,4,157.58,13,151,0,1,107.58,0.00,0.00,0.05,3,42.00,10,3758.14,0,4,4,java.lang.Object,0.00,27,0,39,0,27,8,1,8,727,1
"org.apache.http.impl.cookie.PublicSuffixFilter",7,0.22,2.14,32,0.44,15258.07,10,3,9,18,5,142.69,26,41,2,1,122.08,0.00,0.00,0.14,1,10.00,8,1311.82,0,0,3,java.lang.Object,0.00,11,0,15,0,11,7,1,6,281,1
"org.apache.http.impl.cookie.TestAbstractCookieSpec",4,0.00,1.00,35,0.50,18055.20,4,0,10,17,3,108.53,0,43,0,1,108.53,0.00,0.00,0.00,0,4.00,1,1486.49,0,0,3,java.lang.Object,0.00,13,0,4,0,13,4,0,0,304,1
"org.apache.http.impl.cookie.TestAbstractCookieSpec$DummyCookieAttribHandler",3,0.00,1.00,5,0.05,308.89,3,0,10,3,3,155.15,0,10,0,1,155.15,0.00,0.00,0.00,0,3.00,1,138.78,0,0,3,java.lang.Object,0.00,0,0,3,0,0,3,1,0,41,2
"org.apache.http.impl.cookie.TestAbstractCookieSpec$DummyCookieSpec",6,0.00,1.00,12,0.09,872.49,6,0,10,6,1,142.74,0,19,0,2,142.74,0.00,0.50,0.00,0,6.00,1,277.42,0,3,1,AbstractCookieSpec,0.00,0,1,6,0,0,3,0,0,79,2
"org.apache.http.impl.cookie.TestBasicClientCookie",3,0.00,1.33,37,0.59,18738.30,3,0,6,23,0,150.79,4,46,0,1,100.79,0.00,0.00,0.00,0,3.00,2,1768.29,0,0,0,java.lang.Object,0.00,20,0,4,0,20,3,0,2,341,1
"org.apache.http.impl.cookie.TestBasicClientCookie2",4,0.00,1.50,64,1.10,45728.28,4,0,6,28,0,144.03,4,73,0,1,94.03,0.00,0.00,0.00,0,4.00,2,3303.39,0,0,0,java.lang.Object,0.00,24,0,6,0,24,4,0,2,606,1
"org.apache.http.impl.cookie.TestBasicCookieAttribHandlers",32,0.00,1.75,259,3.60,98267.38,32,0,20,66,2,109.72,24,372,0,1,109.72,0.00,0.00,0.00,0,32.00,6,10807.95,0,0,2,java.lang.Object,0.00,34,0,56,0,34,32,0,24,2176,1
"org.apache.http.impl.cookie.TestBrowserCompatSpec",55,0.00,1.80,686,12.19,463683.00,55,0,12,91,4,149.69,66,788,0,1,99.69,0.00,0.00,0.00,1,55.00,9,36572.24,0,0,4,java.lang.Object,0.00,36,0,99,0,36,55,0,36,6454,1
"org.apache.http.impl.cookie.TestCookieBestMatchSpec",10,0.00,2.00,149,2.29,80793.50,10,0,12,44,4,137.20,22,174,0,1,97.32,0.00,0.00,0.00,0,10.00,5,6870.55,0,0,4,java.lang.Object,0.00,34,0,20,0,34,10,0,20,1240,1
"org.apache.http.impl.cookie.TestCookieNetscapeDraft",13,0.00,2.00,162,2.76,84944.50,13,0,13,44,3,140.43,29,200,0,1,100.54,0.00,0.00,0.00,0,13.00,5,8291.84,0,0,3,java.lang.Object,0.00,31,0,26,0,31,13,0,15,1477,1
"org.apache.http.impl.cookie.TestCookieRFC2109Spec",19,0.00,2.26,273,4.35,155419.24,19,0,11,47,4,137.13,51,347,0,1,97.25,0.00,0.00,0.00,0,19.00,6,13039.35,0,0,4,java.lang.Object,0.00,28,0,43,0,28,19,0,24,2340,1
"org.apache.http.impl.cookie.TestCookieRFC2965Spec",46,0.00,1.80,644,10.45,408869.20,46,0,12,93,3,117.63,162,739,0,1,97.02,0.00,0.00,0.00,0,46.00,6,31361.15,0,0,3,java.lang.Object,0.00,47,0,83,0,47,46,0,92,5588,1
"org.apache.http.impl.cookie.TestDateUtils",6,0.00,1.67,65,0.96,32628.15,6,0,4,16,1,154.16,7,91,0,1,104.16,0.00,0.00,0.00,0,6.00,5,2868.54,0,0,1,java.lang.Object,0.00,10,0,10,0,10,6,0,5,562,1
"org.apache.http.impl.cookie.TestNetscapeCookieAttribHandlers",7,0.00,2.00,67,0.88,22272.15,7,0,5,16,1,157.66,7,96,0,1,107.66,0.00,0.00,0.00,0,7.00,3,2646.97,0,0,1,java.lang.Object,0.00,9,0,14,0,9,7,0,7,520,1
"org.apache.http.impl.cookie.TestNetscapeDraftHeaderParser",1,0.00,1.00,28,0.52,23900.60,1,0,6,15,0,103.15,3,32,0,1,82.54,0.00,0.00,0.00,0,1.00,1,1554.51,0,0,0,java.lang.Object,0.00,14,0,1,0,14,1,0,1,268,1
"org.apache.http.impl.cookie.TestPublicSuffixListParser",4,0.17,1.00,36,0.62,18984.89,6,2,6,17,1,156.45,4,45,0,1,106.45,0.00,0.00,0.62,0,0.00,1,1847.38,0,0,1,java.lang.Object,0.00,13,0,4,0,13,4,0,4,375,1
"org.apache.http.impl.cookie.TestRFC2109CookieAttribHandlers",14,0.00,2.43,142,1.83,53985.12,14,0,5,29,1,155.25,20,211,0,1,105.25,0.00,0.00,0.00,0,14.00,6,5493.32,0,0,1,java.lang.Object,0.00,15,0,34,0,15,14,0,20,1090,1
"org.apache.http.client.fluent.FluentExecutor",14,0.03,1.43,71,0.62,24492.05,17,3,11,39,5,119.31,0,83,2,1,119.31,0.00,0.00,0.31,1,34.00,6,1848.89,0,11,4,java.lang.Object,0.00,25,0,20,0,25,3,0,0,427,1
"org.apache.http.client.fluent.FluentHttpMethod",0,0.00,0.00,2,0.01,86.04,0,0,0,0,2,171.00,0,3,2,1,171.00,0.00,0.00,0.00,0,0.00,0,43.02,0,0,0,java.lang.Object,0.00,0,0,0,0,0,0,0,0,12,1
"org.apache.http.client.fluent.FluentRequest",78,0.06,1.28,239,2.59,49304.84,85,7,48,133,14,131.09,15,377,4,1,131.09,0.00,0.00,0.08,25,1738.00,9,7774.69,0,52,10,java.lang.Object,0.00,55,0,100,0,55,26,1,2,1845,1
"org.apache.http.client.fluent.FluentResponse",41,0.15,1.32,113,1.15,21740.22,46,5,14,59,6,138.25,0,178,5,1,138.25,0.00,0.00,0.05,27,325.00,4,3463.28,0,21,1,java.lang.Object,0.00,18,0,54,0,18,20,1,0,878,1
"org.apache.http.client.fluent.MultiRequestThread",2,0.50,1.50,17,0.17,3074.59,6,4,11,5,4,112.12,0,25,1,2,112.12,0.00,0.50,0.50,0,2.00,2,496.51,0,0,4,org.apache.http.impl.conn.Thread,0.00,3,1,3,0,3,2,0,0,115,0
"org.apache.http.client.fluent.TestFluentRequest",40,0.95,1.15,164,1.84,37766.37,41,1,25,98,7,125.08,20,261,0,1,125.08,0.00,0.00,0.08,1,142.00,3,5525.25,0,1,7,java.lang.Object,0.00,58,0,46,0,58,39,0,20,1258,1
"org.apache.http.client.fluent.TestFluentRequest$SimpleService",2,0.00,1.00,7,0.07,1104.35,2,0,25,5,0,131.61,0,12,0,1,131.61,0.00,0.00,0.00,0,2.00,1,221.06,0,0,0,java.lang.Object,0.00,3,0,2,0,3,2,1,0,53,2
"org.apache.http.auth.params.AuthPNames",0,0.00,0.00,4,0.04,529.87,3,3,1,0,4,171.00,29,5,3,1,171.00,0.00,0.00,0.00,0,0.00,0,121.11,0,0,1,,0.00,0,0,0,0,0,0,0,4,31,1
"org.apache.http.auth.params.AuthParamBean",2,0.00,1.00,5,0.03,355.08,2,0,2,3,0,162.67,7,8,0,2,142.06,0.00,0.50,0.00,0,2.00,1,104.15,0,0,0,org.apache.http.params.HttpAbstractParamBean,0.00,1,1,2,0,1,2,0,1,32,1
"org.apache.http.auth.params.Immutable",3,0.00,2.00,14,0.14,3565.07,3,0,3,6,1,81.88,21,22,0,1,124.17,0.00,0.00,0.00,0,3.00,3,420.15,0,1,1,java.lang.Object,0.00,3,0,6,0,3,2,0,3,97,2
"org.apache.http.client.entity.DecompressingEntity",4,0.33,2.00,23,0.25,7992.63,6,2,5,9,3,86.55,24,35,3,2,118.78,3.00,0.20,0.25,2,8.00,3,744.46,0,2,0,org.apache.http.entity.HttpEntityWrapper,0.00,5,1,8,3,5,2,0,6,161,1
"org.apache.http.client.entity.DeflateDecompressingEntity",4,0.00,2.75,30,0.37,22301.36,4,0,9,14,3,118.87,69,46,2,3,109.74,0.00,0.67,0.00,0,4.00,8,1104.82,0,2,1,org.apache.http.client.entity.DecompressingEntity,0.00,10,2,11,0,10,2,0,14,213,1
"org.apache.http.client.entity.GzipDecompressingEntity",4,0.00,1.00,9,0.07,869.83,4,0,6,5,2,123.49,20,17,1,3,141.36,0.00,0.67,0.00,0,4.00,1,196.97,0,2,1,org.apache.http.client.entity.DecompressingEntity,0.00,1,2,4,0,1,2,0,6,58,1
"org.apache.http.client.entity.NotThreadSafe",4,0.00,2.50,11,0.23,5933.99,4,0,7,6,0,86.11,41,24,0,2,134.59,0.00,0.50,0.00,0,4.00,3,676.47,0,0,0,org.apache.http.entity.StringEntity,0.00,2,1,10,0,2,4,0,6,147,1
"org.apache.http.client.entity.TestDecompressingEntity",3,0.00,1.00,37,0.53,14756.29,3,0,13,21,0,101.67,0,44,0,1,101.67,0.00,0.00,0.00,0,3.00,1,1595.19,0,0,0,java.lang.Object,0.00,18,0,3,0,18,3,0,0,309,1
"org.apache.http.client.entity.TestDecompressingEntity$ChecksumEntity",2,1.00,1.00,7,0.07,1057.15,3,1,13,3,1,131.76,0,11,0,3,131.76,0.00,0.67,0.00,0,2.00,1,203.50,0,1,1,org.apache.http.client.entity.DecompressingEntity,0.00,1,2,2,0,1,1,0,0,53,1
"org.apache.http.cookie.ClientCookie",2,10.00,1.00,13,0.17,2680.92,12,10,0,2,5,75.06,14,14,5,2,117.35,0.00,0.50,0.00,0,2.00,1,505.04,0,1,0,,0.00,0,1,2,0,0,1,0,3,108,1
"org.apache.http.cookie.Cookie",12,0.00,1.00,13,0.04,141.89,12,0,1,12,21,130.33,78,14,21,1,162.55,0.00,0.00,0.00,0,12.00,1,121.26,0,7,0,,0.00,0,0,12,0,0,5,0,13,57,1
"org.apache.http.cookie.CookieAttributeHandler",3,0.00,1.00,4,0.03,138.66,3,0,0,3,9,113.76,34,7,7,1,157.89,0.00,0.00,0.00,0,3.00,1,100.44,0,0,2,,0.00,0,0,3,0,0,3,0,4,33,1
"org.apache.http.cookie.CookieSpec",6,0.00,1.00,7,0.06,316.39,6,0,2,6,11,108.96,61,8,10,1,157.44,0.00,0.00,0.00,0,6.00,1,169.36,0,3,1,,0.00,0,0,6,0,0,3,0,7,56,1
"org.apache.http.cookie.CookieSpecFactory",1,0.00,1.00,2,0.01,30.51,1,0,1,1,2,110.52,12,3,1,1,148.08,0.00,0.00,0.00,0,1.00,1,25.51,0,1,1,,0.00,0,0,1,0,0,0,0,2,11,1
"org.apache.http.cookie.Immutable",2,1.00,3.50,20,0.20,6335.37,3,1,3,6,1,57.74,16,26,0,1,105.84,0.00,0.00,0.00,1,2.00,4,593.90,0,1,1,java.lang.Object,0.00,4,0,7,0,4,1,2,2,132,1
"org.apache.http.cookie.SM",0,0.00,0.00,5,0.05,743.92,4,4,0,0,5,171.00,6,6,5,1,171.00,0.00,0.00,0.00,0,0.00,0,163.50,0,0,0,,0.00,0,0,0,0,0,0,0,1,40,1
"org.apache.http.cookie.SetCookie",7,0.00,1.00,8,0.04,144.76,7,0,1,7,5,112.54,60,9,5,2,160.64,0.00,0.50,0.00,0,7.00,1,126.66,0,0,0,,0.00,0,1,7,0,0,7,0,7,49,1
"org.apache.http.cookie.SetCookie2",3,0.00,1.00,4,0.02,96.69,3,0,0,3,4,116.83,21,5,4,2,159.12,0.00,0.50,0.00,0,3.00,1,68.77,0,0,0,,0.00,0,1,3,0,0,3,0,4,26,1
"org.apache.http.cookie.TestCookieOrigin",6,0.00,1.00,21,0.30,5587.41,6,0,2,13,0,129.82,3,34,0,1,129.82,0.00,0.00,0.00,0,6.00,1,905.97,0,0,0,java.lang.Object,0.00,7,0,6,0,7,6,0,1,205,1
"org.apache.http.cookie.TestCookiePathComparator",6,0.00,1.00,49,0.73,23358.52,6,0,4,11,1,109.04,3,62,0,1,109.04,0.00,0.00,0.00,0,6.00,1,2175.80,0,0,1,java.lang.Object,0.00,5,0,6,0,5,6,0,1,448,1
"org.apache.http.cookie.TestCookiePolicy",3,0.50,3.00,61,0.85,39206.90,6,3,10,20,0,110.42,9,88,0,1,89.80,0.00,0.00,0.67,0,1.00,5,2537.69,0,0,0,java.lang.Object,0.00,17,0,9,0,17,3,0,7,502,1
"org.apache.http.cookie.ThreadSafe",7,0.33,1.86,32,0.37,8437.69,8,1,7,19,2,76.03,59,48,0,1,124.14,0.00,0.00,0.71,1,0.00,3,1108.58,0,3,2,java.lang.Object,0.00,12,0,13,0,12,4,0,7,247,2
"org.apache.http.impl.client.cache.ehcache.EhcacheHttpCacheStorage",7,0.06,1.57,46,0.54,19398.93,10,3,12,23,7,82.54,43,59,2,1,114.76,0.00,0.00,0.38,1,3.00,4,1617.55,0,1,5,java.lang.Object,0.00,16,0,11,0,16,6,1,7,331,1
"org.apache.http.impl.client.cache.ehcache.TestEhcacheHttpCacheStorage",11,0.60,1.09,103,1.68,50815.16,14,3,14,40,6,106.53,9,127,0,2,106.53,0.00,0.50,0.88,2,0.00,2,5036.58,0,0,6,junit.framework.TestCase,0.00,29,1,12,0,29,11,0,9,943,1
"org.apache.http.impl.client.cache.ehcache.TestEhcacheHttpCacheStorage$HttpCacheUpdateCallback",1,0.00,1.00,4,0.02,174.77,1,0,14,2,0,130.88,0,5,0,1,130.88,0.00,0.00,0.00,0,1.00,1,54.51,0,1,0,java.lang.Object,0.00,1,0,1,0,1,0,0,0,18,0
"org.apache.http.impl.client.cache.ehcache.TestEhcacheHttpCacheStorage$HttpCacheUpdateCallback_0",1,0.00,1.00,4,0.02,184.97,1,0,14,2,0,130.69,0,5,0,1,130.69,0.00,0.00,0.00,0,1.00,1,59.89,0,1,0,java.lang.Object,0.00,1,0,1,0,1,0,0,0,19,0
"org.apache.http.impl.client.cache.ehcache.TestEhcacheHttpCacheStorage$HttpCacheUpdateCallback_1",1,0.00,1.00,4,0.02,184.97,1,0,14,2,0,130.69,0,5,0,1,130.69,0.00,0.00,0.00,0,1.00,1,59.89,0,1,0,java.lang.Object,0.00,1,0,1,0,1,0,0,0,19,0
"org.apache.http.impl.client.cache.ehcache.TestEhcacheHttpCacheStorage$HttpCacheUpdateCallback_2",1,0.00,1.00,4,0.02,184.97,1,0,14,2,0,130.69,0,5,0,1,130.69,0.00,0.00,0.00,0,1.00,1,59.89,0,1,0,java.lang.Object,0.00,1,0,1,0,1,0,0,0,19,0
"org.apache.http.impl.client.cache.ehcache.TestEhcacheProtocolRequirements",4,0.33,1.25,21,0.27,5146.01,6,2,15,21,5,120.39,0,35,0,3,120.39,0.00,0.67,0.75,0,0.00,2,819.70,1,0,5,org.apache.http.impl.client.cache.TestProtocolRequirements,0.01,17,2,5,0,17,4,0,0,176,1
"org.apache.http.client.methods.AbortableHttpRequest",3,0.00,1.00,4,0.02,95.00,3,0,6,3,6,115.06,35,5,1,1,159.18,0.00,0.00,0.00,0,3.00,1,66.00,0,0,5,,0.00,0,0,3,0,0,3,0,4,25,1
"org.apache.http.client.methods.HttpUriRequest",4,0.00,1.00,5,0.02,83.45,4,0,2,4,14,112.13,42,6,14,2,160.61,0.00,0.50,0.00,0,4.00,1,57.60,0,2,0,,0.00,0,1,4,0,0,2,0,5,25,1
"org.apache.http.client.methods.NotThreadSafe",5,1.00,1.20,16,0.17,3580.13,6,1,6,9,0,180.68,7,26,0,2,130.68,0.00,0.50,0.00,0,5.00,2,498.25,1,2,0,HttpRequestBase,0.00,4,1,6,0,4,3,1,2,123,2
"org.apache.http.client.methods.TestHttpOptions",1,0.00,1.00,11,0.16,4170.81,1,0,6,9,0,103.65,0,14,0,1,103.65,0.00,0.00,0.00,0,1.00,1,468.12,0,0,0,java.lang.Object,0.00,8,0,1,0,8,1,0,0,93,1
"org.apache.http.client.methods.TestHttpRequestBase",5,0.00,1.00,56,1.08,43343.01,5,0,9,37,0,101.14,0,68,0,1,101.14,0.00,0.00,0.00,0,5.00,1,3232.95,0,0,0,java.lang.Object,0.00,32,0,5,0,32,5,0,0,595,1
"org.apache.http.conn.scheme.Deprecated",1,0.00,1.00,2,0.03,193.45,1,0,3,1,0,191.76,25,8,0,1,141.76,0.00,0.00,0.00,0,1.00,1,87.11,0,1,0,,0.00,0,0,1,0,0,0,0,2,25,1
"org.apache.http.conn.scheme.Immutable",11,0.12,2.18,72,0.83,30890.04,16,5,3,23,2,66.53,97,108,0,1,114.64,0.00,0.00,0.09,1,52.00,5,2489.01,0,3,2,java.lang.Object,0.00,12,0,24,0,12,8,0,16,528,2
"org.apache.http.conn.scheme.LayeredSchemeSocketFactory",1,0.00,1.00,2,0.03,129.64,1,0,3,1,3,187.08,22,8,3,2,143.13,0.00,0.50,0.00,0,1.00,1,75.21,0,1,0,,0.00,0,1,1,0,0,0,0,2,22,1
"org.apache.http.conn.scheme.SchemeSocketFactory",3,0.00,1.00,4,0.04,194.99,3,0,8,3,14,206.72,75,9,13,1,156.72,0.00,0.00,0.00,0,3.00,1,118.92,0,2,1,,0.00,0,0,3,0,0,1,0,4,37,1
"org.apache.http.conn.scheme.SuppressWarnings",8,1.00,2.25,52,0.60,26520.72,9,1,10,23,1,96.19,45,84,0,1,114.06,0.00,0.00,0.00,1,8.00,6,1811.80,0,4,1,java.lang.Object,0.00,15,0,18,0,15,4,2,10,366,1
"org.apache.http.conn.scheme.TestScheme",1,0.00,1.00,7,0.10,3029.06,1,0,2,5,0,132.68,3,10,0,1,112.06,0.00,0.00,0.00,0,1.00,1,314.49,0,0,0,java.lang.Object,0.00,4,0,1,0,4,1,0,1,70,1
"org.apache.http.conn.scheme.ThreadSafe",8,0.29,1.75,33,0.35,8286.19,9,1,6,20,0,74.67,72,49,0,1,124.67,0.00,0.00,0.75,2,0.00,2,1056.26,0,1,0,java.lang.Object,0.00,12,0,14,0,12,7,0,14,246,2
"org.apache.http.client.benchmark.Benchmark",1,0.00,3.00,62,1.16,78248.61,1,0,16,39,8,105.24,2,73,0,1,65.35,0.00,0.00,0.00,0,1.00,3,3472.33,0,0,8,java.lang.Object,0.00,38,0,3,0,38,1,0,2,505,1
"org.apache.http.client.benchmark.Benchmark$RandomDataHandler",4,0.00,2.50,51,0.68,30066.55,4,0,16,24,0,100.01,0,67,0,2,100.01,0.00,0.50,0.00,2,4.00,4,2049.78,0,0,0,org.eclipse.jetty.server.handler.AbstractHandler,0.00,20,1,10,0,20,4,0,0,366,1
"org.apache.http.client.benchmark.Stats",12,0.12,1.25,64,0.70,25484.31,18,6,1,21,15,118.68,0,79,15,1,118.68,0.00,0.00,0.06,1,52.00,2,2090.27,0,0,0,java.lang.Object,0.00,9,0,15,0,9,12,0,0,452,1
"org.apache.http.client.benchmark.TestHttpAgent",5,0.00,1.00,6,0.05,265.23,5,0,1,5,8,157.42,0,7,7,1,157.42,0.00,0.00,0.00,0,5.00,1,147.64,0,1,1,,0.00,0,0,5,0,0,4,0,0,48,1
"org.apache.http.client.benchmark.TestHttpClient3",8,2.00,1.62,61,0.76,28550.33,10,2,12,35,4,111.39,0,70,2,1,111.39,0.00,0.00,0.00,2,8.00,4,2277.56,0,4,2,java.lang.Object,0.00,27,0,13,0,27,4,1,0,458,1
"org.apache.http.client.benchmark.TestHttpClient3$HttpMethodRetryHandler",1,0.00,1.00,3,0.02,199.53,1,0,12,1,0,135.09,0,4,0,1,135.09,0.00,0.00,0.00,0,1.00,1,70.51,0,0,0,java.lang.Object,0.00,0,0,1,0,0,1,0,0,20,0
"org.apache.http.client.benchmark.TestHttpClient3$WorkerThread",2,0.00,4.00,34,0.42,20720.03,5,3,12,12,1,93.16,0,46,0,2,93.16,0.00,0.50,0.33,0,2.00,7,1269.38,0,0,1,java.lang.Thread,0.00,10,1,8,0,10,2,0,0,234,0
"org.apache.http.client.benchmark.TestHttpClient4",8,2.00,1.75,66,0.88,30899.75,10,2,23,41,6,108.94,0,80,2,1,108.94,0.00,0.00,0.00,2,8.00,4,2638.70,0,4,4,java.lang.Object,0.00,33,0,14,0,33,4,1,0,516,1
"org.apache.http.client.benchmark.TestHttpClient4$HttpRequestRetryHandler",1,0.00,1.00,3,0.02,199.53,1,0,23,1,0,135.09,0,5,0,1,135.09,0.00,0.00,0.00,0,1.00,1,70.51,0,0,0,java.lang.Object,0.00,0,0,1,0,0,1,0,0,20,0
"org.apache.http.client.benchmark.TestHttpClient4$WorkerThread",2,0.00,4.50,39,0.48,23941.07,5,3,23,14,2,90.84,0,53,0,2,90.84,0.00,0.50,0.33,0,2.00,8,1444.69,0,0,2,java.lang.Thread,0.00,12,1,9,0,12,2,0,0,259,0
"org.apache.http.client.benchmark.TestHttpCore",8,5.00,1.88,74,1.04,40239.98,13,5,36,48,4,106.11,0,93,2,1,106.11,0.00,0.00,0.00,1,8.00,5,3127.23,0,1,2,java.lang.Object,0.00,40,0,15,0,40,7,1,0,591,1
"org.apache.http.client.benchmark.TestHttpCore$WorkerThread",2,0.25,7.00,62,0.93,59737.19,6,4,36,19,1,79.68,0,82,0,2,79.68,0.00,0.50,0.12,0,2.00,13,2796.27,0,0,1,java.lang.Thread,0.00,17,1,14,0,17,2,0,0,443,0
"org.apache.http.client.benchmark.TestHttpJRE",8,0.00,1.62,50,0.59,24251.11,8,0,6,26,4,114.44,0,57,2,1,114.44,0.00,0.00,0.00,1,8.00,4,1763.91,0,1,2,java.lang.Object,0.00,18,0,13,0,18,7,1,0,353,1
"org.apache.http.client.benchmark.TestHttpJRE$WorkerThread",2,3.00,4.00,39,0.50,25196.67,5,3,6,18,1,90.69,0,54,0,2,90.69,0.00,0.50,0.00,0,2.00,7,1508.13,0,0,1,java.lang.Thread,0.00,16,1,8,0,16,2,0,0,268,0
"org.apache.http.client.benchmark.TestJettyHttpClient",8,1.00,1.62,54,0.68,25370.05,9,1,7,37,4,114.29,0,68,2,1,114.29,0.00,0.00,0.00,1,8.00,4,2037.43,0,4,2,java.lang.Object,0.00,29,0,13,0,29,4,1,0,408,1
"org.apache.http.client.benchmark.TestJettyHttpClient$SimpleHttpExchange",6,3.00,1.17,27,0.31,6752.31,9,3,7,10,1,124.48,0,40,0,2,124.48,0.00,0.50,0.00,0,6.00,2,934.90,5,0,1,org.eclipse.jetty.client.HttpExchange,0.00,4,1,7,0,4,6,0,0,219,1
"org.apache.http.client.benchmark.TestNingHttpClient",8,1.00,1.75,50,0.72,31331.93,9,1,9,35,4,113.55,0,74,2,1,113.55,0.00,0.00,0.00,1,8.00,5,2148.34,0,4,2,java.lang.Object,0.00,27,0,14,0,27,4,1,0,407,1
"org.apache.http.client.benchmark.TestNingHttpClient$SimpleAsyncHandler",6,3.00,1.17,23,0.24,3980.43,9,3,9,10,1,130.95,0,31,0,1,130.95,0.00,0.00,0.00,0,6.00,2,705.01,0,1,1,java.lang.Object,0.00,4,0,7,0,4,5,1,0,170,1
"org.apache.http.impl.client.AIMDBackoffManager",9,0.07,1.89,52,0.68,19330.94,16,7,5,20,4,100.67,49,67,1,1,118.54,0.00,0.00,0.21,1,28.00,3,2033.10,0,1,3,java.lang.Object,0.00,11,0,17,0,11,8,1,6,431,1
"org.apache.http.impl.client.Clock",1,0.00,1.00,2,0.00,14.34,1,0,0,1,3,106.54,11,3,3,1,150.66,0.00,0.00,0.00,0,1.00,1,14.34,0,0,0,,0.00,0,0,1,0,0,1,0,2,8,0
"org.apache.http.impl.client.DefaultBackoffStrategy",2,0.00,1.00,5,0.05,647.64,2,0,5,4,2,160.62,7,9,1,1,140.00,0.00,0.00,0.00,0,2.00,1,160.46,0,0,1,java.lang.Object,0.00,2,0,2,0,2,2,1,1,44,1
"org.apache.http.impl.client.Deprecated",4,0.00,1.75,19,0.26,7416.98,4,0,11,11,1,162.56,8,37,0,2,122.68,0.00,0.50,0.00,0,4.00,2,790.29,1,2,1,AbstractAuthenticationHandler,0.00,7,1,7,0,7,2,0,1,168,1
"org.apache.http.impl.client.HttpAuthenticator",4,1.00,4.25,59,0.85,53843.26,5,1,15,27,5,95.40,1,93,2,1,95.40,0.00,0.00,0.00,0,4.00,11,2549.86,0,0,3,java.lang.Object,0.00,23,0,17,0,23,4,0,1,431,1
"org.apache.http.impl.client.Immutable",7,0.42,2.57,45,0.46,18501.64,9,2,12,12,2,96.93,41,69,0,1,114.81,0.00,0.00,0.14,2,17.00,11,1368.40,0,0,2,java.lang.Object,0.00,5,0,18,0,5,7,1,20,283,1
"org.apache.http.impl.client.MockClock",2,0.00,1.00,6,0.04,450.92,3,1,0,3,2,134.67,0,9,1,1,134.67,0.00,0.00,1.00,0,0.00,1,123.05,0,0,1,java.lang.Object,0.00,1,0,2,0,1,2,1,0,35,1
"org.apache.http.impl.client.MockConnPoolControl",11,3.00,1.55,44,0.44,9031.62,14,3,5,20,1,125.49,0,67,1,1,125.49,0.00,0.00,0.00,1,11.00,3,1320.51,0,3,0,java.lang.Object,0.00,9,0,17,0,9,8,1,0,310,2
"org.apache.http.impl.client.NotThreadSafe",3,0.25,1.00,11,0.08,971.05,5,2,2,3,0,133.67,14,15,0,1,133.44,0.00,0.00,0.33,0,5.00,1,225.04,0,1,0,java.lang.Object,0.00,0,0,3,0,0,2,0,5,62,1
"org.apache.http.impl.client.NotThreadSafe$EntityWrapper",4,0.00,1.00,12,0.10,1618.20,4,0,10,4,0,132.67,0,21,0,2,132.67,0.00,0.50,0.00,0,4.00,1,307.84,3,1,0,org.apache.http.entity.HttpEntityWrapper,0.00,0,1,4,0,0,3,0,0,81,0
"org.apache.http.impl.client.NullBackoffStrategy",2,0.00,1.00,5,0.03,197.12,2,0,2,2,2,164.69,6,8,1,1,144.07,0.00,0.00,0.00,0,2.00,1,81.95,0,0,1,java.lang.Object,0.00,0,0,2,0,0,2,1,1,26,1
"org.apache.http.impl.client.ProxyClient",5,8.00,3.20,91,1.51,88845.53,13,8,43,62,5,90.44,4,118,1,1,90.44,0.00,0.00,0.00,0,5.00,11,4541.70,0,3,4,java.lang.Object,0.00,57,0,16,0,57,2,0,4,724,1
"org.apache.http.impl.client.ProxyClient$ProxyConnection",5,1.00,1.00,13,0.08,899.09,6,1,43,5,1,142.01,0,20,0,2,142.01,0.00,0.50,0.00,0,5.00,1,233.35,1,3,1,org.apache.http.impl.DefaultHttpClientConnection,0.00,0,1,5,0,0,2,1,0,69,1
"org.apache.http.impl.client.SuppressWarnings",5,0.00,1.00,37,0.67,15001.35,5,0,11,19,1,112.09,1,49,0,1,112.09,0.00,0.00,0.00,0,5.00,1,2005.24,0,0,1,java.lang.Object,0.00,14,0,5,0,14,5,0,1,396,1
"org.apache.http.impl.client.SystemClock",1,0.00,1.00,3,0.02,127.04,1,0,0,2,2,118.76,5,5,1,1,136.63,0.00,0.00,0.00,0,1.00,1,48.15,0,0,1,java.lang.Object,0.00,1,0,1,0,1,1,1,1,16,0
"org.apache.http.impl.client.TestAIMDBackoffManager",13,0.65,1.15,96,1.12,30040.30,17,4,7,32,4,112.95,0,123,0,1,112.95,0.00,0.00,0.85,0,0.00,3,3370.32,0,0,4,java.lang.Object,0.00,19,0,15,0,19,13,0,0,716,1
"org.apache.http.impl.client.TestAuthenticationStrategy",12,0.00,1.33,160,3.11,90021.75,12,0,28,47,3,98.87,3,197,0,1,98.87,0.00,0.00,0.00,0,12.00,5,9344.28,0,0,3,java.lang.Object,0.00,35,0,16,0,35,12,0,1,1581,1
"org.apache.http.impl.client.TestAutoRetryHttpClient",4,0.44,1.00,38,0.72,16158.26,7,3,19,23,1,107.01,0,52,0,1,107.01,0.00,0.00,0.67,0,0.00,1,2145.67,0,0,1,java.lang.Object,0.00,19,0,4,0,19,4,0,0,398,1
"org.apache.http.impl.client.TestBasicCookieStore",3,0.00,1.33,47,0.77,31679.27,3,0,10,27,1,145.38,3,52,0,1,95.38,0.00,0.00,0.00,0,3.00,2,2305.78,0,0,1,java.lang.Object,0.00,24,0,4,0,24,3,0,1,418,1
"org.apache.http.impl.client.TestBasicCredentialsProvider",10,0.04,1.00,90,1.58,72996.56,16,6,5,19,1,104.98,3,134,0,1,104.98,0.00,0.00,0.20,0,38.00,1,4746.53,0,0,1,java.lang.Object,0.00,9,0,10,0,9,10,0,1,955,1
"org.apache.http.impl.client.TestBasicResponseHandler",2,0.00,1.50,27,0.49,15567.49,2,0,11,20,0,148.71,3,34,0,1,98.71,0.00,0.00,0.00,0,2.00,2,1465.52,0,0,0,java.lang.Object,0.00,18,0,3,0,18,2,0,1,266,1
"org.apache.http.impl.client.TestClientAuthentication",11,0.00,1.18,165,2.88,71772.94,11,0,39,57,7,97.05,3,203,0,3,97.05,0.00,0.67,0.00,0,11.00,2,8639.02,1,0,7,org.apache.http.localserver.BasicServerTestBase,0.00,46,2,13,0,46,11,0,1,1511,1
"org.apache.http.impl.client.TestClientAuthentication$AuthExpectationVerifier",2,1.00,1.50,11,0.13,2890.80,3,1,39,6,1,119.95,0,18,0,1,119.95,0.00,0.00,0.00,0,2.00,2,390.36,0,0,1,java.lang.Object,0.00,4,0,3,0,4,2,1,0,85,1
"org.apache.http.impl.client.TestClientAuthentication$AuthHandler",1,0.00,2.00,9,0.14,4042.44,1,0,39,6,0,106.84,0,15,0,1,106.84,0.00,0.00,0.00,0,1.00,2,422.68,0,0,0,java.lang.Object,0.00,5,0,2,0,5,1,1,0,82,1
"org.apache.http.impl.client.TestClientAuthentication$TestCredentialsProvider",5,2.00,1.00,13,0.08,947.68,7,2,39,5,2,141.83,0,20,0,1,141.83,0.00,0.00,0.00,0,5.00,1,254.77,0,2,2,java.lang.Object,0.00,0,0,5,0,0,3,1,0,74,1
"org.apache.http.impl.client.TestClientAuthentication$TestTargetAuthenticationStrategy",3,1.00,1.33,14,0.11,2569.39,4,1,39,3,0,125.38,0,25,0,2,125.38,0.00,0.50,0.00,0,3.00,2,324.99,1,0,0,TargetAuthenticationStrategy,0.00,0,1,4,0,0,3,0,0,80,1
"org.apache.http.impl.client.TestClientAuthenticationFallBack",2,0.00,1.00,28,0.40,8580.88,2,0,29,28,5,99.64,0,32,0,3,99.64,0.00,0.67,0.00,0,2.00,1,1209.07,1,0,5,org.apache.http.localserver.BasicServerTestBase,0.00,26,2,2,0,26,2,0,0,235,1
"org.apache.http.impl.client.TestClientAuthenticationFallBack$AuthHandler",1,0.00,2.00,9,0.14,4042.44,1,0,29,6,0,106.84,0,15,0,1,106.84,0.00,0.00,0.00,0,1.00,2,422.68,0,0,0,java.lang.Object,0.00,5,0,2,0,5,1,1,0,82,1
"org.apache.http.impl.client.TestClientAuthenticationFallBack$ResponseBasicUnauthorized",1,0.00,2.00,5,0.08,1347.42,1,0,29,4,0,120.12,0,11,0,1,120.12,0.00,0.00,0.00,0,1.00,2,231.73,0,0,0,java.lang.Object,0.00,3,0,2,0,3,1,1,0,52,1
"org.apache.http.impl.client.TestClientAuthenticationFallBack$TestCredentialsProvider",5,2.00,1.00,13,0.08,947.68,7,2,29,5,2,141.83,0,20,0,1,141.83,0.00,0.00,0.00,0,5.00,1,254.77,0,2,2,java.lang.Object,0.00,0,0,5,0,0,3,1,0,74,1
"org.apache.http.impl.client.TestContentCodings",13,0.00,1.31,115,1.74,44823.79,13,0,34,52,4,77.17,88,143,1,4,109.39,0.00,0.75,0.00,1,13.00,5,5205.06,1,2,3,org.apache.http.localserver.ServerTestBase,0.00,39,3,17,0,39,11,0,16,958,1
"org.apache.http.impl.client.TestContentCodings$HttpRequestHandler",1,0.00,1.00,3,0.03,313.93,1,0,34,2,0,154.16,3,7,0,1,133.54,0.00,0.00,0.00,0,1.00,1,101.45,0,0,0,java.lang.Object,0.00,1,0,1,0,1,1,0,1,26,0
"org.apache.http.impl.client.TestContentCodings$HttpRequestHandler_0",1,0.00,1.00,6,0.09,1547.25,1,0,34,5,0,137.47,3,7,0,1,116.86,0.00,0.00,0.00,0,1.00,1,260.22,0,0,0,java.lang.Object,0.00,4,0,1,0,4,1,0,1,54,0
"org.apache.http.impl.client.TestContentCodings$HttpRequestHandler_1",1,0.00,4.00,21,0.32,10058.79,1,0,34,15,0,47.55,7,27,0,1,89.84,0.00,0.00,0.00,0,1.00,4,954.72,0,0,0,java.lang.Object,0.00,14,0,4,0,14,1,0,5,163,0
"org.apache.http.impl.client.TestContentCodings$HttpRequestHandler_2",1,0.00,5.00,22,0.34,12724.62,1,0,34,15,0,44.10,11,30,0,1,88.23,0.00,0.00,0.00,0,1.00,5,1021.04,0,0,0,java.lang.Object,0.00,14,0,5,0,14,1,0,2,171,0
"org.apache.http.impl.client.TestContentCodings$WorkerTask",4,0.17,1.75,26,0.26,3714.77,10,6,34,12,2,76.18,31,37,0,1,118.47,0.00,0.00,0.29,0,4.00,3,765.35,0,1,2,java.lang.Object,0.00,8,0,7,0,8,3,1,9,170,0
"org.apache.http.impl.client.TestCookieIdentityComparator",6,0.00,1.00,77,1.04,35564.93,6,0,4,13,0,101.03,3,90,0,1,101.03,0.00,0.00,0.00,0,6.00,1,3134.16,0,0,0,java.lang.Object,0.00,7,0,6,0,7,6,0,1,634,1
"org.apache.http.impl.client.TestDefaultBackoffStrategy",7,0.00,1.29,23,0.24,4267.93,8,1,11,15,2,131.21,0,38,0,1,131.21,0.00,0.00,1.00,0,0.00,3,721.76,0,0,2,java.lang.Object,0.00,8,0,9,0,8,7,0,0,172,1
"org.apache.http.impl.client.TestDefaultClientRequestDirector",8,0.00,1.12,114,2.19,56944.99,8,0,29,46,4,147.88,10,137,0,3,97.88,0.00,0.67,0.00,0,8.00,2,6580.37,1,0,4,org.apache.http.localserver.BasicServerTestBase,0.00,38,2,9,0,38,8,0,8,1124,1
"org.apache.http.impl.client.TestDefaultClientRequestDirector$FaultyHttpClient",3,1.00,1.00,8,0.05,592.50,4,1,29,4,0,141.69,0,14,0,2,141.69,0.00,0.50,0.33,0,4.00,1,157.48,0,1,0,DefaultHttpClient,0.00,1,1,3,0,1,2,0,0,47,2
"org.apache.http.impl.client.TestDefaultClientRequestDirector$FaultyHttpRequestExecutor",2,0.00,1.50,12,0.15,4149.74,4,2,29,5,0,115.76,0,20,0,2,115.76,0.00,0.50,0.50,0,2.00,2,454.50,1,1,0,org.apache.http.protocol.HttpRequestExecutor,0.00,3,1,3,0,3,1,0,0,98,2
"org.apache.http.impl.client.TestDefaultClientRequestDirector$HttpRequestInterceptor",1,0.00,1.00,3,0.03,346.35,1,0,29,2,0,133.20,0,6,0,1,133.20,0.00,0.00,0.00,0,1.00,1,95.57,0,0,0,java.lang.Object,0.00,1,0,1,0,1,1,0,0,25,0
"org.apache.http.impl.client.TestDefaultClientRequestDirector$HttpRequestRetryHandler",1,0.00,1.00,3,0.02,199.53,1,0,29,1,0,135.09,0,7,0,1,135.09,0.00,0.00,0.00,0,1.00,1,70.51,0,0,0,java.lang.Object,0.00,0,0,1,0,0,1,0,0,20,0
"org.apache.http.impl.client.TestDefaultClientRequestDirector$HttpRequestRetryHandler_0",1,0.00,1.00,3,0.02,199.53,1,0,29,1,0,135.09,0,7,0,1,135.09,0.00,0.00,0.00,0,1.00,1,70.51,0,0,0,java.lang.Object,0.00,0,0,1,0,0,1,0,0,20,0
"org.apache.http.impl.client.TestDefaultClientRequestDirector$SimpleService",2,0.00,1.00,7,0.07,1104.35,2,0,29,5,0,131.61,0,14,0,1,131.61,0.00,0.00,0.00,0,2.00,1,221.06,0,0,0,java.lang.Object,0.00,3,0,2,0,3,2,1,0,53,2
"org.apache.http.impl.client.TestDefaultConnKeepAliveStrategy",5,0.00,1.00,32,0.51,9046.22,5,0,10,12,1,116.32,3,47,0,1,116.32,0.00,0.00,0.00,0,5.00,1,1542.45,0,0,1,java.lang.Object,0.00,7,0,5,0,7,5,0,1,301,1
"org.apache.http.impl.client.TestHttpAuthenticator",15,7.00,1.00,154,3.50,87693.48,22,7,30,61,5,104.03,0,206,0,1,104.03,0.00,0.00,0.00,0,15.00,1,10498.82,0,0,5,java.lang.Object,0.00,46,0,15,0,46,15,0,0,1888,1
"org.apache.http.impl.client.TestNullBackoffStrategy",3,0.00,1.00,9,0.09,1164.00,4,1,7,8,1,132.82,0,17,0,1,132.82,0.00,0.00,1.00,0,0.00,1,279.50,0,0,1,java.lang.Object,0.00,5,0,3,0,5,3,0,0,71,1
"org.apache.http.impl.client.TestRedirectLocation",1,0.00,1.00,31,0.50,34417.34,1,0,4,13,0,100.26,3,34,0,1,79.64,0.00,0.00,0.00,0,1.00,1,1503.88,0,0,0,java.lang.Object,0.00,12,0,1,0,12,1,0,1,278,1
"org.apache.http.impl.client.TestRequestRetryHandler",2,0.00,1.50,18,0.22,4419.21,2,0,18,15,3,108.98,0,25,0,1,108.98,0.00,0.00,0.00,1,2.00,2,654.04,0,0,3,java.lang.Object,0.00,13,0,3,0,13,2,0,0,136,1
"org.apache.http.impl.client.TestRequestRetryHandler$OppsieSchemeSocketFactory",3,0.00,1.00,7,0.08,1049.28,3,0,18,5,1,139.74,0,15,0,1,139.74,0.00,0.00,0.00,0,3.00,1,235.81,0,2,1,java.lang.Object,0.00,2,0,3,0,2,1,1,0,61,1
"org.apache.http.impl.client.TestRequestRetryHandler$TestHttpRequestRetryHandler",1,0.00,2.00,7,0.05,621.86,2,1,18,1,1,117.32,0,10,0,1,117.32,0.00,0.00,1.00,0,0.00,2,157.34,0,0,1,java.lang.Object,0.00,0,0,2,0,0,1,1,0,39,1
"org.apache.http.impl.client.TestRequestWrapper",3,0.00,1.00,31,0.58,13100.97,3,0,17,23,2,155.03,3,39,0,3,105.03,0.00,0.67,0.00,0,3.00,1,1727.75,1,0,2,org.apache.http.localserver.BasicServerTestBase,0.00,20,2,3,0,20,3,0,1,313,1
"org.apache.http.impl.client.TestRequestWrapper$SimpleService",2,0.00,1.00,7,0.07,1104.35,2,0,17,5,0,131.61,0,14,0,1,131.61,0.00,0.00,0.00,0,2.00,1,221.06,0,0,0,java.lang.Object,0.00,3,0,2,0,3,2,1,0,53,2
"org.apache.http.impl.client.TestStatefulConnManagement",2,0.00,4.50,78,1.11,59240.99,2,0,23,32,4,38.53,24,73,0,4,76.09,0.00,0.75,0.00,0,0.00,8,3321.88,0,0,4,org.apache.http.localserver.ServerTestBase,0.00,30,3,9,0,30,2,0,22,551,1
"org.apache.http.impl.client.TestStatefulConnManagement$HttpWorker",4,6.00,1.50,31,0.35,8860.64,10,6,23,11,2,113.04,0,46,0,2,113.04,0.00,0.50,0.00,0,4.00,3,1038.34,0,1,2,java.lang.Thread,0.00,7,1,6,0,7,3,0,0,215,1
"org.apache.http.impl.client.TestStatefulConnManagement$SimpleService",2,0.00,1.00,7,0.07,1104.35,2,0,23,5,0,131.61,0,14,0,1,131.61,0.00,0.00,0.00,0,2.00,1,221.06,0,0,0,java.lang.Object,0.00,3,0,2,0,3,2,1,0,53,2
"org.apache.http.impl.client.TestStatefulConnManagement$UserTokenHandler",1,0.00,1.00,4,0.03,496.00,1,0,23,2,0,127.32,0,5,0,1,127.32,0.00,0.00,0.00,0,1.00,1,96.00,0,1,0,java.lang.Object,0.00,1,0,1,0,1,0,0,0,26,0
"org.apache.http.impl.client.TestStatefulConnManagement$UserTokenHandler_0",1,0.00,1.00,3,0.02,238.65,1,0,23,2,0,134.48,0,4,0,1,134.48,0.00,0.00,0.00,0,1.00,1,63.51,0,1,0,java.lang.Object,0.00,1,0,1,0,1,0,0,0,19,0
"org.apache.http.impl.client.ThreadSafe",4,0.00,1.00,9,0.08,975.02,4,0,8,10,2,92.50,40,17,0,2,140.97,0.00,0.50,0.00,0,4.00,1,244.85,0,2,2,DefaultHttpClient,0.00,6,1,4,0,6,2,0,1,69,1
"org.apache.http.impl.auth.HttpEntityDigester",5,3.00,1.60,24,0.24,4802.79,8,3,3,9,2,124.95,0,36,2,2,124.95,0.00,0.50,0.00,0,5.00,2,708.48,1,0,0,java.io.OutputStream,0.00,4,1,8,0,4,5,0,0,168,0
"org.apache.http.impl.auth.Immutable",1,0.00,1.00,3,0.02,253.12,1,0,4,2,2,102.06,6,5,0,1,134.28,0.00,0.00,0.00,0,1.00,1,73.60,0,1,2,java.lang.Object,0.00,1,0,1,0,1,0,1,1,22,1
"org.apache.http.impl.auth.NTLMEngine",2,0.00,1.00,3,0.03,212.92,2,0,0,2,1,134.89,28,11,1,1,155.04,0.00,0.00,0.00,0,2.00,1,95.35,0,2,0,,0.00,0,0,2,0,0,0,0,3,31,1
"org.apache.http.impl.auth.NTLMEngineImpl",33,0.07,1.48,241,4.01,235451.86,46,13,7,68,2,66.75,261,328,1,1,109.04,0.00,0.00,0.01,10,122.00,3,12018.21,0,10,1,java.lang.Object,0.00,35,0,49,0,35,23,1,52,2409,1
"org.apache.http.impl.auth.NTLMEngineImpl$HMACMD5",4,0.33,2.00,34,0.39,24044.11,7,3,7,10,0,147.28,8,45,0,1,107.40,0.00,0.00,0.58,0,0.00,5,1162.32,0,0,0,java.lang.Object,0.00,6,0,8,0,6,4,0,8,241,1
"org.apache.http.impl.auth.NTLMEngineImpl$MD4",7,0.47,1.71,109,2.32,150911.95,13,6,7,9,0,132.76,17,117,0,1,92.88,0.00,0.00,0.57,5,0.00,3,6974.74,0,0,0,java.lang.Object,0.00,2,0,12,0,2,7,0,17,1368,1
"org.apache.http.impl.auth.NTLMEngineImpl$NTLMMessage",15,0.04,1.60,66,0.74,22018.65,17,2,7,25,1,163.38,44,87,0,1,123.50,0.00,0.00,0.53,4,0.00,5,2209.11,0,1,1,java.lang.Object,0.00,10,0,24,0,10,14,0,19,499,1
"org.apache.http.impl.auth.NTLMEngineImpl$Type1Message",2,1.00,1.50,24,0.28,7419.11,4,2,7,11,0,54.07,21,32,0,2,102.54,0.00,0.50,1.00,0,0.00,2,839.22,1,1,0,org.apache.http.impl.auth.NTLMMessage,0.00,9,1,3,0,9,1,0,16,175,1
"org.apache.http.impl.auth.NTLMEngineImpl$Type2Message",5,0.19,2.20,31,0.33,13031.25,9,4,7,12,0,154.78,12,46,0,2,114.89,0.00,0.50,0.40,0,4.00,7,999.11,0,1,0,org.apache.http.impl.auth.NTLMMessage,0.00,7,1,11,0,7,4,0,12,199,1
"org.apache.http.impl.auth.NTLMEngineImpl$Type3Message",2,1.50,3.00,69,0.86,42954.70,8,6,7,13,0,79.04,32,86,0,2,79.51,0.00,0.50,0.92,0,0.00,5,2574.33,1,1,0,org.apache.http.impl.auth.NTLMMessage,0.00,11,1,6,0,11,1,0,32,460,1
"org.apache.http.impl.auth.NegotiateScheme",12,0.01,2.75,108,1.74,122385.29,21,9,20,46,3,71.38,81,163,1,2,103.61,1.00,0.33,0.10,2,28.00,19,5205.50,0,6,2,AuthSchemeBase,0.00,34,1,33,1,34,6,0,17,862,1
"org.apache.http.impl.auth.NegotiateScheme$State",0,0.00,0.00,2,0.01,19.65,0,0,20,0,0,171.00,0,6,0,1,171.00,0.00,0.00,0.00,0,0.00,0,19.65,0,0,0,java.lang.Object,0.00,0,0,0,0,0,0,0,0,7,0
"org.apache.http.impl.auth.NotThreadSafe",15,0.01,3.40,201,3.43,403360.05,26,11,27,71,2,62.06,104,265,0,2,94.28,0.00,0.50,0.08,3,68.00,29,10288.38,1,10,2,RFC2617Scheme,0.00,56,1,51,0,56,5,0,24,1577,1
"org.apache.http.impl.auth.NotThreadSafe$State",0,0.00,0.00,2,0.01,28.53,0,0,12,0,0,171.00,0,8,0,1,171.00,0.00,0.00,0.00,0,0.00,0,28.53,0,0,0,java.lang.Object,0.00,0,0,0,0,0,0,0,0,9,0
"org.apache.http.impl.auth.SpnegoTokenGenerator",1,0.00,1.00,2,0.01,90.00,1,0,1,1,1,96.28,8,3,1,1,144.38,0.00,0.00,0.00,0,1.00,1,40.00,0,0,0,,0.00,0,0,1,0,0,1,0,1,15,1
"org.apache.http.impl.auth.TestBasicScheme",4,0.00,1.25,45,0.77,17975.29,4,0,14,26,1,103.34,3,56,0,1,103.34,0.00,0.00,0.00,0,4.00,2,2316.04,0,0,1,java.lang.Object,0.00,22,0,5,0,22,4,0,1,413,1
"org.apache.http.impl.auth.TestDigestScheme",24,0.00,1.25,388,6.91,249649.45,24,0,26,67,3,144.40,24,470,0,1,94.40,0.00,0.00,0.00,1,24.00,3,20732.67,0,1,3,java.lang.Object,0.00,43,0,30,0,43,23,0,14,3542,1
"org.apache.http.impl.auth.TestNTLMEngineImpl",4,0.00,2.25,30,0.44,18984.74,4,0,1,12,0,110.34,3,46,0,1,110.34,0.00,0.00,0.00,3,4.00,4,1330.33,0,0,0,java.lang.Object,0.00,8,0,9,0,8,4,0,3,268,1
"org.apache.http.impl.auth.TestNegotiateScheme",3,0.00,1.00,38,0.71,14695.20,3,0,32,28,5,69.46,19,46,0,3,101.69,0.00,0.67,0.00,0,3.00,1,2118.08,0,0,5,org.apache.http.localserver.BasicServerTestBase,0.00,25,2,3,0,25,3,0,5,378,1
"org.apache.http.impl.auth.TestNegotiateScheme$NegotiateSchemeFactoryWithMockGssManager",2,0.00,1.00,6,0.04,392.33,3,1,32,3,1,135.15,0,11,0,2,135.15,0.00,0.50,1.00,0,0.00,1,123.01,0,1,1,NegotiateSchemeFactory,0.00,1,1,2,0,1,1,0,0,36,2
"org.apache.http.impl.auth.TestNegotiateScheme$NegotiateSchemeWithMockGssManager",2,0.67,1.00,11,0.25,5277.57,5,3,32,11,1,117.98,0,22,0,3,117.98,0.00,0.67,0.67,0,0.00,1,753.55,0,1,1,org.apache.http.impl.auth.NegotiateScheme,0.21,9,2,2,0,9,1,0,0,162,2
"org.apache.http.impl.auth.TestNegotiateScheme$PleaseNegotiateService",1,0.00,1.00,6,0.09,1398.08,1,0,32,6,0,117.20,0,11,0,1,117.20,0.00,0.00,0.00,0,1.00,1,284.62,0,0,0,java.lang.Object,0.00,5,0,1,0,5,1,1,0,61,2
"org.apache.http.impl.auth.TestNegotiateScheme$UseJaasCredentials",2,0.00,1.00,5,0.02,169.13,2,0,32,2,1,144.59,0,8,0,1,144.59,0.00,0.00,0.00,0,2.00,1,67.65,0,2,1,java.lang.Object,0.00,0,0,2,0,0,0,1,0,23,2
"org.apache.http.impl.auth.TestRFC2617Scheme",7,0.00,1.14,43,0.62,13853.43,7,0,11,18,1,115.98,0,61,0,1,115.98,0.00,0.00,0.00,0,7.00,2,1851.02,0,0,1,java.lang.Object,0.00,11,0,8,0,11,7,0,0,384,1
"org.apache.http.impl.auth.TestRFC2617Scheme$TestAuthScheme",4,0.00,1.00,9,0.05,429.81,4,0,11,4,1,143.78,0,17,0,2,143.78,0.00,0.50,0.00,0,4.00,1,150.02,0,2,1,RFC2617Scheme,0.00,0,1,4,0,0,2,0,0,46,1
"org.apache.http.auth.AuthProtocolState",0,0.00,0.00,2,0.01,42.79,0,0,0,0,7,171.00,0,3,7,1,171.00,0.00,0.00,0.00,0,0.00,0,28.53,0,0,0,java.lang.Object,0.00,0,0,0,0,0,0,2,0,9,1
"org.apache.http.auth.AuthScheme",7,0.00,1.00,8,0.05,245.11,7,0,2,7,17,114.71,79,11,16,1,158.84,0.00,0.00,0.00,0,7.00,1,135.23,0,4,1,,0.00,0,0,7,0,0,3,0,8,50,1
"org.apache.http.auth.AuthSchemeFactory",1,0.00,1.00,2,0.01,30.51,1,0,1,1,2,110.52,12,3,1,1,148.08,0.00,0.00,0.00,0,1.00,1,25.51,0,1,1,,0.00,0,0,1,0,0,0,0,2,11,1
"org.apache.http.auth.ContextAwareAuthScheme",1,0.00,1.00,2,0.02,100.72,1,0,3,1,3,183.30,21,6,2,2,144.00,0.00,0.50,0.00,0,1.00,1,61.11,0,1,1,,0.00,0,1,1,0,0,0,0,2,19,1
"org.apache.http.auth.Credentials",2,0.00,1.00,3,0.01,31.00,2,0,1,2,28,182.24,7,4,28,1,161.63,0.00,0.00,0.00,0,2.00,1,26.00,0,2,0,,0.00,0,0,2,0,0,0,0,1,13,1
"org.apache.http.auth.Immutable",1,4.00,1.00,6,0.06,1031.50,5,4,1,1,0,136.38,18,8,0,1,118.24,0.00,0.00,0.00,0,1.00,1,194.91,0,0,0,java.lang.Object,0.00,0,0,1,0,0,1,0,5,48,2
"org.apache.http.auth.NotThreadSafe",15,5.00,1.33,50,0.50,10992.41,20,5,2,21,3,112.70,79,73,0,1,130.57,0.00,0.00,0.00,1,15.00,3,1495.59,0,4,3,java.lang.Object,0.00,6,0,20,0,6,11,0,18,363,1
"org.apache.http.auth.TestCredentials",8,0.00,1.00,117,1.99,99883.46,8,0,6,35,0,95.99,0,179,0,1,95.99,0.00,0.00,0.00,0,8.00,1,5981.92,0,0,0,java.lang.Object,0.00,27,0,8,0,27,8,0,0,1188,1
"org.apache.http.auth.ThreadSafe",6,0.20,2.00,30,0.35,8161.39,7,1,7,18,2,71.99,50,46,0,1,120.09,0.00,0.00,0.83,0,0.00,3,1049.38,0,2,2,java.lang.Object,0.00,12,0,12,0,12,4,0,6,231,2
"org.apache.http.mockup.HttpConnectionMockup",8,1.00,1.00,17,0.10,845.18,9,1,3,8,0,143.83,4,26,0,1,143.83,0.00,0.00,0.00,0,8.00,1,285.78,0,1,0,java.lang.Object,0.00,0,0,8,0,0,7,1,1,87,1
"org.apache.http.mockup.ProxySelectorMockup",3,0.50,1.67,12,0.14,3005.33,4,1,7,7,1,82.50,22,20,1,2,124.79,0.00,0.50,0.67,0,1.00,3,405.84,0,1,0,java.net.ProxySelector,0.00,4,1,5,0,4,2,0,5,95,1
"org.apache.http.mockup.SecureSocketFactoryMockup",3,1.00,1.00,8,0.08,1140.90,4,1,2,5,3,189.45,5,15,1,2,139.45,0.00,0.50,0.00,0,4.00,1,234.27,0,2,2,org.apache.http.mockup.SocketFactoryMockup,0.25,2,1,3,0,2,1,1,3,62,1
"org.apache.http.mockup.SessionInputBufferMockup",11,0.90,1.00,25,0.31,4285.91,12,1,7,15,1,139.37,3,66,1,2,139.37,0.00,0.50,0.18,0,25.00,1,942.55,0,0,0,org.apache.http.impl.io.AbstractSessionInputBuffer,0.00,4,1,11,0,4,11,0,1,241,1
"org.apache.http.mockup.SocketFactoryMockup",5,0.38,1.20,13,0.14,2203.42,7,2,7,10,3,188.91,7,24,2,1,138.91,0.00,0.00,0.20,0,7.00,2,430.52,0,3,1,java.lang.Object,0.00,5,0,6,1,5,2,1,5,109,1
"org.apache.http.entity.mime.FormBodyPart",8,3.00,1.62,45,0.45,11016.09,11,3,1,18,7,170.10,10,59,3,1,120.10,0.00,0.00,0.00,5,8.00,3,1352.62,0,3,4,java.lang.Object,0.00,10,0,13,0,10,5,0,4,306,1
"org.apache.http.entity.mime.Header",9,0.38,2.44,71,0.92,32648.58,11,2,8,29,5,111.24,3,92,4,1,111.24,0.00,0.00,0.17,2,26.00,6,2761.21,0,4,1,java.lang.Object,0.00,20,0,22,0,20,5,1,1,555,1
"org.apache.http.entity.mime.HttpMultipart",18,0.09,1.78,107,1.31,46173.54,26,8,10,41,8,157.83,48,146,2,1,117.95,0.00,0.00,0.04,4,54.00,8,3935.98,0,6,6,java.lang.Object,0.00,23,0,32,0,23,12,0,8,806,1
"org.apache.http.entity.mime.HttpMultipartMode",0,0.00,0.00,2,0.01,23.26,0,0,0,0,4,171.00,5,3,4,1,171.00,0.00,0.00,0.00,0,0.00,0,15.51,0,0,0,java.lang.Object,0.00,0,0,0,0,0,0,0,2,6,1
"org.apache.http.entity.mime.MIME",0,0.00,0.00,7,0.10,1727.95,6,6,1,1,7,171.00,5,8,7,1,171.00,0.00,0.00,0.00,0,0.00,0,292.56,0,0,0,java.lang.Object,0.00,1,0,0,0,1,0,0,2,63,2
"org.apache.http.entity.mime.MinimalField",4,2.00,1.00,17,0.13,2558.81,6,2,0,7,3,176.45,5,23,3,1,126.45,0.00,0.00,0.00,0,4.00,1,388.29,0,3,0,java.lang.Object,0.00,3,0,4,0,3,1,0,1,103,1
"org.apache.http.entity.mime.MultipartEntity",16,0.20,1.50,69,0.66,14349.01,21,5,10,31,7,175.20,25,102,2,1,125.20,0.00,0.00,0.01,3,30.00,3,1987.72,0,5,5,java.lang.Object,0.00,15,0,24,0,15,11,1,8,460,1
"org.apache.http.entity.mime.TestMultipartContentBody",2,0.00,1.00,36,0.66,28753.81,2,0,5,23,3,91.44,0,42,0,1,91.44,0.00,0.00,0.00,0,2.00,1,1969.08,0,0,3,java.lang.Object,0.00,21,0,2,0,21,2,0,0,370,1
"org.apache.http.entity.mime.TestMultipartForm",6,0.20,1.50,118,2.29,81684.02,8,2,14,35,6,90.65,0,242,0,1,90.65,0.00,0.00,0.33,1,10.00,3,6858.65,0,1,6,java.lang.Object,0.00,29,0,9,0,29,5,0,0,1143,1
"org.apache.http.entity.mime.TestMultipartFormHttpEntity",4,0.00,1.00,65,1.01,37335.03,4,0,12,31,5,94.82,0,79,0,1,94.82,0.00,0.00,0.00,0,4.00,1,3037.22,0,0,5,java.lang.Object,0.00,27,0,4,0,27,4,0,0,564,1
"org.apache.http.client.AuthCache",4,0.00,1.00,5,0.02,78.02,4,0,2,4,7,210.84,7,6,6,1,160.84,0.00,0.00,0.00,0,4.00,1,73.02,0,1,1,,0.00,0,0,4,0,0,3,0,1,29,1
"org.apache.http.client.AuthenticationStrategy",3,0.00,1.00,4,0.06,395.27,3,0,8,3,2,134.16,42,13,2,1,154.31,0.00,0.00,0.00,0,3.00,1,176.51,0,2,0,,0.00,0,0,3,0,0,1,0,4,48,1
"org.apache.http.client.BackoffManager",2,0.00,1.00,3,0.02,70.95,2,0,1,2,2,108.80,18,4,2,1,158.79,0.00,0.00,0.00,0,2.00,1,47.30,0,0,0,,0.00,0,0,2,0,0,2,0,3,18,1
"org.apache.http.client.ConnectionBackoffStrategy",2,0.00,1.00,3,0.01,46.02,2,0,1,2,3,140.13,28,4,3,1,160.28,0.00,0.00,0.00,0,2.00,1,41.02,0,0,0,,0.00,0,0,2,0,0,2,0,3,17,1
"org.apache.http.client.CookieStore",4,0.00,1.00,5,0.02,93.32,4,0,3,4,7,128.01,27,6,6,1,160.23,0.00,0.00,0.00,0,4.00,1,68.67,0,1,1,,0.00,0,0,4,0,0,3,0,5,28,1
"org.apache.http.client.CredentialsProvider",3,0.00,1.00,4,0.02,62.51,3,0,2,3,9,112.14,31,5,8,1,160.61,0.00,0.00,0.00,0,3.00,1,57.51,0,1,1,,0.00,0,0,3,0,0,2,0,4,23,1
"org.apache.http.client.Deprecated",3,0.00,1.00,4,0.05,379.30,3,0,7,3,1,144.09,46,12,0,1,154.45,0.00,0.00,0.00,0,3.00,1,161.98,0,2,1,,0.00,0,0,3,0,0,1,0,4,46,1
"org.apache.http.client.HttpClient",10,0.00,1.00,11,0.17,1704.85,10,0,8,10,26,179.71,197,33,23,1,153.43,0.00,0.00,0.00,0,10.00,1,522.35,0,6,3,,0.00,0,0,10,0,0,4,0,11,141,1
"org.apache.http.client.HttpRequestRetryHandler",1,0.00,1.00,2,0.01,48.22,1,0,2,1,5,190.46,22,3,5,1,146.52,0.00,0.00,0.00,0,1.00,1,43.22,0,0,0,,0.00,0,0,1,0,0,1,0,2,15,1
"org.apache.http.client.Immutable",3,1.00,1.00,8,0.05,646.35,4,1,1,3,0,99.11,21,12,0,2,141.40,0.00,0.50,0.00,0,3.00,1,163.28,0,0,0,RedirectException,0.00,0,1,3,0,0,3,0,4,48,1
"org.apache.http.client.RedirectStrategy",2,0.00,1.00,3,0.03,144.06,2,0,5,2,1,155.90,33,10,0,1,156.37,0.00,0.00,0.00,0,2.00,1,96.04,0,1,1,,0.00,0,0,2,0,0,1,0,3,29,1
"org.apache.http.client.RequestDirector",1,0.00,1.00,2,0.02,87.16,1,0,6,1,0,181.53,30,4,0,1,144.49,0.00,0.00,0.00,0,1.00,1,58.11,0,1,0,,0.00,0,0,1,0,0,0,0,2,18,1
"org.apache.http.client.ResponseHandler",1,0.00,1.00,2,0.02,98.94,1,0,2,1,5,153.19,17,3,5,1,144.06,0.00,0.00,0.00,0,1.00,1,50.99,0,0,0,,0.00,0,0,1,0,0,1,0,2,17,1
"org.apache.http.client.ServiceUnavailableRetryStrategy",2,0.00,1.00,3,0.02,56.22,2,0,2,2,0,111.11,21,4,0,1,159.59,0.00,0.00,0.00,0,2.00,1,51.22,0,0,0,,0.00,0,0,2,0,0,2,0,3,19,1
"org.apache.http.client.UserTokenHandler",1,0.00,1.00,2,0.01,30.51,1,0,1,1,1,192.02,22,3,1,1,148.08,0.00,0.00,0.00,0,1.00,1,25.51,0,1,0,,0.00,0,0,1,0,0,0,0,2,11,1
"org.apache.http.client.utils.Idn",1,0.00,1.00,2,0.01,33.58,1,0,0,1,1,103.63,11,3,1,1,147.75,0.00,0.00,0.00,0,1.00,1,23.93,0,1,0,,0.00,0,0,1,0,0,0,0,2,11,1
"org.apache.http.client.utils.Immutable",2,0.00,3.50,14,0.21,6458.01,3,1,3,10,1,93.68,11,23,0,1,111.55,0.00,0.00,1.00,0,0.00,4,619.53,0,1,1,java.lang.Object,0.00,8,0,7,0,8,1,1,4,133,1
"org.apache.http.client.utils.TestRfc3492Idn",2,0.00,1.00,12,0.20,5059.55,2,0,3,6,0,115.41,9,30,0,1,115.17,0.00,0.00,0.00,0,2.00,1,607.42,0,0,0,java.lang.Object,0.00,4,0,2,0,4,2,0,7,127,1
"org.apache.http.client.utils.TestURIBuilder",9,0.00,1.00,42,0.73,14077.00,9,0,3,23,1,123.39,0,64,0,1,123.39,0.00,0.00,0.00,0,9.00,1,2194.09,0,0,1,java.lang.Object,0.00,14,0,9,0,14,9,0,0,455,1
"org.apache.http.client.utils.TestURIUtils",53,1.00,1.00,129,2.38,41049.91,54,1,4,61,0,137.02,6,249,0,1,137.02,0.00,0.00,0.00,0,53.00,1,7125.74,0,0,0,java.lang.Object,0.00,8,0,53,0,8,53,0,3,1630,1
"org.apache.http.client.utils.TestURLEncodedUtils",8,0.43,1.25,117,2.03,101282.95,10,2,9,31,0,95.89,0,139,0,1,95.89,0.00,0.00,0.12,2,14.00,3,6102.52,0,2,0,java.lang.Object,0.00,23,0,10,0,23,6,0,0,1106,1
"org.apache.http.client.utils.URIBuilder",18,9.00,1.56,99,1.10,31193.96,27,9,8,39,2,159.21,39,125,2,1,119.32,0.00,0.00,0.00,2,18.00,5,3310.17,0,14,0,java.lang.Object,0.00,21,0,28,0,21,4,0,13,734,1
"org.apache.http.entity.mime.content.AbstractContentBody",4,3.00,1.50,22,0.20,7238.97,7,3,0,7,5,169.18,4,29,4,1,119.18,0.00,0.00,0.00,0,4.00,3,599.84,0,3,1,java.lang.Object,0.00,3,0,6,4,3,1,1,1,136,2
"org.apache.http.entity.mime.content.ByteArrayBody",7,0.33,1.14,21,0.17,3063.97,9,2,4,9,2,152.99,24,30,0,2,132.37,0.00,0.50,0.21,0,18.00,2,500.59,0,3,2,org.apache.http.entity.mime.content.AbstractContentBody,0.00,2,1,8,0,2,4,0,5,130,1
"org.apache.http.entity.mime.content.ContentBody",2,0.00,1.00,3,0.02,80.19,2,0,2,2,4,198.26,4,4,4,2,158.38,0.00,0.50,0.00,0,2.00,1,50.09,0,1,0,,0.00,0,1,2,0,0,1,0,1,19,1
"org.apache.http.entity.mime.content.ContentDescriptor",6,0.00,1.00,7,0.02,63.00,6,0,0,6,0,120.67,45,8,0,1,162.96,0.00,0.00,0.00,0,6.00,1,58.00,0,5,0,,0.00,0,0,6,0,0,1,0,7,29,1
"org.apache.http.entity.mime.content.FileBody",12,0.30,1.33,42,0.43,12070.00,15,3,6,19,4,179.49,13,69,2,2,129.49,0.00,0.50,0.06,1,32.00,3,1290.27,0,5,2,org.apache.http.entity.mime.content.AbstractContentBody,0.00,7,1,16,0,7,7,0,4,300,1
"org.apache.http.entity.mime.content.InputStreamBody",9,2.00,1.33,33,0.31,8152.55,11,2,4,13,5,129.85,7,49,3,2,129.85,0.00,0.50,0.00,1,9.00,3,924.34,0,4,2,org.apache.http.entity.mime.content.AbstractContentBody,0.00,4,1,12,0,4,5,0,2,215,1
"org.apache.http.entity.mime.content.StringBody",13,2.00,1.38,44,0.51,12148.22,15,2,9,22,7,150.35,43,74,5,2,129.73,0.00,0.50,0.00,2,13.00,3,1520.19,0,7,2,org.apache.http.entity.mime.content.AbstractContentBody,0.00,9,1,18,0,9,6,0,8,349,1
"org.apache.http.conn.ssl.CertificatesToPlayWith",0,0.00,0.00,21,2.45,58544.74,20,20,0,1,1,171.00,55,369,1,1,171.00,0.00,0.00,0.00,0,0.00,0,7352.93,0,0,0,java.lang.Object,0.00,1,0,0,0,1,0,0,14,900,1
"org.apache.http.conn.ssl.Immutable",2,0.00,1.00,4,0.04,467.65,2,0,1,2,0,141.35,8,11,0,2,141.12,0.00,0.50,0.00,0,2.00,1,127.32,0,1,0,AbstractVerifier,0.00,0,1,2,0,0,1,0,2,38,1
"org.apache.http.conn.ssl.SuppressWarnings",27,0.04,2.63,230,3.46,243856.67,37,10,32,77,5,73.72,167,392,0,1,105.94,0.00,0.00,0.06,7,122.00,20,10371.61,0,10,5,java.lang.Object,0.00,50,0,71,0,50,17,2,27,1879,1
"org.apache.http.conn.ssl.TestHostnameVerifier",8,0.00,1.75,191,2.57,236686.75,8,0,8,22,2,34.87,72,226,0,1,84.87,0.00,0.00,0.00,3,8.00,4,7705.09,0,0,2,java.lang.Object,0.00,14,0,14,0,14,8,0,64,1423,1
"org.apache.http.conn.ssl.TestSSLSocketFactory",7,2.00,1.29,67,1.04,23600.43,9,2,26,44,3,107.57,5,86,0,3,107.57,0.00,0.67,0.00,3,7.00,2,3107.35,0,3,3,org.apache.http.localserver.BasicServerTestBase,0.30,37,2,9,0,37,4,0,3,588,1
"org.apache.http.conn.ssl.TestSSLSocketFactory$TestX509HostnameVerifier",5,1.00,1.00,10,0.09,862.48,6,1,26,5,1,142.16,0,17,0,1,142.16,0.00,0.00,0.00,0,5.00,1,284.16,0,0,1,java.lang.Object,0.00,0,0,5,0,0,5,1,0,78,1
"org.apache.http.conn.ssl.TestSSLSocketFactory$TrustStrategy",1,0.00,1.00,3,0.03,507.59,1,0,26,1,0,131.90,0,5,0,1,131.90,0.00,0.00,0.00,0,1.00,1,97.21,0,0,0,java.lang.Object,0.00,0,0,1,0,0,1,0,0,25,0
"org.apache.http.conn.ssl.TrustManagerDecorator",4,2.00,1.25,14,0.15,2569.67,6,2,3,5,2,131.04,3,22,1,1,131.04,0.00,0.00,0.00,3,4.00,2,443.80,0,1,1,java.lang.Object,0.00,1,0,5,0,1,3,1,1,113,0
"org.apache.http.conn.ssl.TrustSelfSignedStrategy",1,0.00,1.00,3,0.03,526.61,1,0,2,1,1,99.55,6,6,0,1,131.77,0.00,0.00,0.00,0,1.00,1,104.72,0,0,1,java.lang.Object,0.00,0,0,1,0,0,1,1,1,27,1
"org.apache.http.conn.ssl.TrustStrategy",1,0.00,1.00,2,0.02,91.11,1,0,2,1,4,183.64,21,3,4,1,144.34,0.00,0.00,0.00,0,1.00,1,48.05,0,0,0,,0.00,0,0,1,0,0,1,0,2,16,1
"org.apache.http.conn.ssl.X509HostnameVerifier",3,0.00,1.00,4,0.04,260.39,3,0,5,3,3,126.35,39,6,3,2,155.73,0.00,0.50,0.00,0,3.00,1,132.97,0,0,0,,0.00,0,1,3,0,0,3,0,4,41,1
"org.apache.http.examples.entity.mime.ClientMultipartFormPost",1,0.00,4.00,24,0.39,16082.35,1,0,10,19,4,106.69,3,30,0,1,86.07,0.00,0.00,0.00,0,1.00,4,1162.48,0,0,4,java.lang.Object,0.00,18,0,4,0,18,1,0,1,195,1
"org.apache.http.examples.client.ClientAbortMethod",1,0.00,2.00,15,0.22,9379.96,1,0,5,12,1,47.58,8,20,0,1,95.69,0.00,0.00,0.00,0,1.00,2,670.83,0,0,1,java.lang.Object,0.00,11,0,2,0,11,1,0,6,124,1
"org.apache.http.examples.client.ClientAuthentication",1,0.00,2.00,15,0.25,8683.02,1,0,7,16,0,53.66,7,22,0,1,95.95,0.00,0.00,0.00,0,1.00,2,752.63,0,0,0,java.lang.Object,0.00,15,0,2,0,15,1,0,4,134,1
"org.apache.http.examples.client.ClientChunkEncodedPost",1,0.00,3.00,23,0.38,16265.02,1,0,9,20,1,42.66,11,31,0,1,86.79,0.00,0.00,0.00,0,1.00,3,1152.25,0,0,1,java.lang.Object,0.00,19,0,3,0,19,1,0,9,194,1
"org.apache.http.examples.client.ClientConnectionRelease",1,0.00,5.00,21,0.30,13478.51,1,0,7,14,1,106.92,18,29,0,1,88.79,0.00,0.00,0.00,0,1.00,5,886.77,0,0,1,java.lang.Object,0.00,13,0,5,0,13,1,0,15,156,1
"org.apache.http.examples.client.ClientCustomContext",1,0.00,3.00,24,0.38,19496.99,1,0,13,17,4,47.92,12,27,0,1,85.48,0.00,0.00,0.00,0,1.00,3,1154.18,0,0,4,java.lang.Object,0.00,16,0,3,0,16,1,0,9,191,1
"org.apache.http.examples.client.ClientCustomSSL",1,0.00,3.00,23,0.39,16569.90,1,0,10,23,0,44.43,7,29,0,1,86.73,0.00,0.00,0.00,0,1.00,3,1176.79,0,0,0,java.lang.Object,0.00,22,0,3,0,22,1,0,4,196,1
"org.apache.http.examples.client.ClientEvictExpiredConnections",1,0.00,3.00,29,0.40,19115.56,1,0,9,18,2,34.00,10,37,0,1,82.48,0.00,0.00,0.00,0,1.00,3,1207.88,0,0,2,java.lang.Object,0.00,17,0,3,0,17,1,0,7,204,1
"org.apache.http.examples.client.ClientEvictExpiredConnections$IdleConnectionEvictor",3,0.25,1.67,17,0.13,1981.82,5,2,9,7,1,172.60,4,27,0,2,122.60,0.00,0.50,0.33,0,5.00,3,378.89,0,0,1,java.lang.Thread,0.00,4,1,5,0,4,3,0,4,92,2
"org.apache.http.examples.client.ClientExecuteDirect",1,0.00,3.00,21,0.31,15340.83,1,0,8,12,1,40.36,8,24,0,1,88.46,0.00,0.00,0.00,0,1.00,3,917.93,0,0,1,java.lang.Object,0.00,11,0,3,0,11,1,0,4,160,1
"org.apache.http.examples.client.ClientExecuteProxy",1,0.00,3.00,23,0.37,17957.05,1,0,9,14,2,38.35,8,26,0,1,86.45,0.00,0.00,0.00,0,1.00,3,1108.08,0,0,2,java.lang.Object,0.00,13,0,3,0,13,1,0,4,186,1
"org.apache.http.examples.client.ClientExecuteSOCKS",1,0.00,3.00,25,0.41,19934.25,1,0,19,18,2,36.64,8,29,0,1,84.74,0.00,0.00,0.00,0,1.00,3,1229.23,0,0,2,java.lang.Object,0.00,17,0,3,0,17,1,0,4,207,1
"org.apache.http.examples.client.ClientExecuteSOCKS$MySchemeSocketFactory",3,0.00,3.00,29,0.40,16929.78,3,0,19,16,1,105.61,0,46,0,1,105.61,0.00,0.00,0.00,0,3.00,6,1186.19,0,2,1,java.lang.Object,0.00,13,0,9,0,13,1,1,0,225,1
"org.apache.http.examples.client.ClientFormLogin",1,0.00,5.00,39,0.65,42264.51,1,0,13,21,1,32.56,7,44,0,1,74.85,0.00,0.00,0.00,0,1.00,5,1955.87,0,0,1,java.lang.Object,0.00,20,0,5,0,20,1,0,4,313,1
"org.apache.http.examples.client.ClientGZipContentCompression",1,0.00,2.00,22,0.34,17708.36,1,0,16,17,0,96.44,17,27,0,1,87.31,0.00,0.00,0.00,0,1.00,2,1021.88,0,0,0,java.lang.Object,0.00,16,0,2,0,16,1,0,5,184,1
"org.apache.http.examples.client.ClientGZipContentCompression$GzipDecompressingEntity",3,0.00,1.00,8,0.07,1103.47,3,0,16,5,0,139.57,2,15,0,2,139.57,0.00,0.50,0.00,0,3.00,1,196.14,0,1,0,org.apache.http.entity.HttpEntityWrapper,0.00,2,1,3,0,2,2,0,2,54,1
"org.apache.http.examples.client.ClientGZipContentCompression$HttpRequestInterceptor",1,0.00,2.00,4,0.05,753.20,1,0,16,3,0,125.73,0,8,0,1,125.73,0.00,0.00,0.00,0,1.00,2,139.77,0,0,0,java.lang.Object,0.00,2,0,2,0,2,1,0,0,34,0
"org.apache.http.examples.client.ClientGZipContentCompression$HttpResponseInterceptor",1,0.00,4.00,13,0.16,5529.91,1,0,16,8,0,99.66,0,17,0,1,99.66,0.00,0.00,0.00,0,1.00,4,485.51,0,0,0,java.lang.Object,0.00,7,0,4,0,7,1,0,0,92,0
"org.apache.http.examples.client.ClientInteractiveAuthentication",1,0.00,6.00,41,0.74,43967.42,1,0,18,26,3,29.74,11,51,0,1,73.86,0.00,0.00,0.00,0,1.00,6,2205.77,0,0,3,java.lang.Object,0.00,25,0,6,0,25,1,0,8,337,1
"org.apache.http.examples.client.ClientKerberosAuthentication",1,0.00,2.00,23,0.36,14473.53,1,0,11,19,2,135.87,84,30,0,1,87.28,0.00,0.00,0.00,0,1.00,2,1094.00,0,0,2,java.lang.Object,0.00,18,0,2,0,18,1,0,7,185,1
"org.apache.http.examples.client.ClientKerberosAuthentication$Credentials",2,0.00,1.00,5,0.02,132.00,2,0,11,2,0,145.44,0,7,0,1,145.44,0.00,0.00,0.00,0,2.00,1,56.00,0,2,0,java.lang.Object,0.00,0,0,2,0,0,0,0,0,20,0
"org.apache.http.examples.client.ClientMultiThreadedExecution",1,0.00,4.00,26,0.29,14696.11,1,0,9,10,1,94.22,17,29,0,1,85.08,0.00,0.00,0.00,0,1.00,4,863.19,0,0,1,java.lang.Object,0.00,9,0,4,0,9,1,0,12,160,1
"org.apache.http.examples.client.ClientMultiThreadedExecution$GetThread",2,0.50,2.00,21,0.28,7654.46,6,4,9,9,1,145.21,5,28,0,2,105.32,0.00,0.50,0.50,0,2.00,3,853.93,0,0,1,java.lang.Thread,0.00,7,1,4,0,7,2,0,3,173,1
"org.apache.http.examples.client.ClientPreemptiveBasicAuthentication",1,0.00,3.00,26,0.44,19591.78,1,0,13,24,2,73.81,15,31,0,1,84.17,0.00,0.00,0.00,0,1.00,3,1317.76,0,0,2,java.lang.Object,0.00,23,0,3,0,23,1,0,8,213,1
"org.apache.http.examples.client.ClientPreemptiveDigestAuthentication",1,0.00,3.00,28,0.48,21145.10,1,0,13,25,2,91.84,17,33,0,1,82.71,0.00,0.00,0.00,0,1.00,3,1425.73,0,0,2,java.lang.Object,0.00,24,0,3,0,24,1,0,10,227,1
"org.apache.http.examples.client.ClientProxyAuthentication",1,0.00,2.00,20,0.37,14315.73,1,0,9,19,1,47.29,7,27,0,1,89.58,0.00,0.00,0.00,0,1.00,2,1104.07,0,0,1,java.lang.Object,0.00,18,0,2,0,18,1,0,4,186,1
"org.apache.http.examples.client.ClientWithResponseHandler",1,0.00,1.00,12,0.17,7334.97,1,0,5,9,2,52.20,8,16,0,1,100.31,0.00,0.00,0.00,0,1.00,1,518.91,0,0,2,java.lang.Object,0.00,8,0,1,0,8,1,0,5,100,1
"org.apache.http.examples.client.ProxyTunnelDemo",1,0.00,2.00,20,0.33,13499.29,1,0,9,15,1,110.40,3,27,0,1,89.78,0.00,0.00,0.00,0,1.00,2,980.64,0,0,1,java.lang.Object,0.00,14,0,2,0,14,1,0,1,168,1
"org.apache.http.conn.routing.HttpRouteDirector",1,7.00,1.00,9,0.11,1853.20,8,7,0,1,3,159.67,25,10,2,1,109.67,0.00,0.00,0.00,0,1.00,1,334.60,0,0,1,,0.00,0,0,1,0,0,1,0,9,77,1
"org.apache.http.conn.routing.HttpRoutePlanner",1,0.00,1.00,2,0.02,108.21,1,0,4,1,2,193.24,26,5,2,1,143.75,0.00,0.00,0.00,0,1.00,1,56.11,0,0,0,,0.00,0,0,1,0,0,1,0,2,17,1
"org.apache.http.conn.routing.Immutable",22,0.12,2.09,109,1.55,63890.30,29,7,4,29,1,88.88,133,175,0,1,121.10,0.00,0.00,0.03,1,98.00,6,4637.45,1,10,1,java.lang.Object,0.00,7,0,46,0,7,12,2,24,974,2
"org.apache.http.conn.routing.NotThreadSafe",24,0.14,2.17,137,1.80,80218.62,31,7,4,35,1,117.23,103,205,0,1,117.00,0.00,0.00,0.01,1,46.00,8,5391.33,1,8,1,java.lang.Object,0.00,11,0,52,0,11,16,2,27,1121,2
"org.apache.http.conn.routing.RouteInfo",10,0.00,1.00,13,0.04,154.89,10,0,2,10,3,113.15,101,12,3,1,161.63,0.00,0.00,0.00,0,10.00,1,121.20,0,6,0,,0.00,0,0,10,0,0,4,0,13,54,1
"org.apache.http.conn.routing.RouteInfo$LayerType",0,0.00,0.00,2,0.01,23.26,0,0,2,0,0,171.00,0,1,0,1,171.00,0.00,0.00,0.00,0,0.00,0,15.51,0,0,0,java.lang.Object,0.00,0,0,0,0,0,0,0,0,6,1
"org.apache.http.conn.routing.RouteInfo$TunnelType",0,0.00,0.00,2,0.01,23.26,0,0,2,0,0,171.00,0,1,0,1,171.00,0.00,0.00,0.00,0,0.00,0,15.51,0,0,0,java.lang.Object,0.00,0,0,0,0,0,0,0,0,6,1
"org.apache.http.conn.routing.TestHttpRoute",11,0.38,2.09,298,6.76,532343.99,20,9,9,48,0,80.78,48,440,0,1,80.55,0.00,0.00,0.45,0,0.00,7,20268.59,0,0,0,java.lang.Object,0.00,37,0,23,0,37,11,0,46,3281,1
"org.apache.http.conn.routing.TestRouteDirector",7,0.22,1.00,202,3.71,209954.31,16,9,6,12,1,121.65,19,315,0,1,81.76,0.00,0.00,0.30,0,0.00,1,11141.85,0,0,1,java.lang.Object,0.00,5,0,7,0,5,7,0,17,2006,1
"org.apache.http.conn.routing.TestRouteTracker",11,0.28,3.64,349,6.76,877197.92,20,9,8,53,1,28.37,90,471,0,1,76.47,0.00,0.00,0.36,3,0.00,9,20288.14,0,1,1,java.lang.Object,0.00,42,0,40,0,42,10,0,71,3447,1
"org.apache.http.conn.params.ConnPerRoute",1,0.00,1.00,2,0.01,30.51,1,0,1,1,2,99.98,8,3,2,1,148.08,0.00,0.00,0.00,0,1.00,1,25.51,0,0,0,,0.00,0,0,1,0,0,1,0,1,11,1
"org.apache.http.conn.params.ConnRoutePNames",0,0.00,0.00,4,0.04,529.87,3,3,0,0,5,171.00,38,5,5,1,171.00,0.00,0.00,0.00,0,0.00,0,121.11,0,0,0,,0.00,0,0,0,0,0,0,0,4,31,1
"org.apache.http.conn.params.Deprecated",6,1.00,2.17,31,0.38,10054.07,7,1,5,14,1,70.88,63,60,0,1,119.36,0.00,0.00,0.17,0,10.00,3,1126.89,0,1,1,java.lang.Object,0.00,8,0,13,0,8,5,1,9,246,2
"org.apache.http.conn.params.Deprecated$ConnPerRoute",1,0.00,1.00,3,0.02,141.06,1,0,5,1,0,136.28,0,4,0,1,136.28,0.00,0.00,0.00,0,1.00,1,51.02,0,0,0,java.lang.Object,0.00,0,0,1,0,0,1,0,0,16,0
"org.apache.http.conn.params.Immutable",7,0.42,2.14,35,0.39,11144.94,9,2,5,14,1,75.41,83,58,0,1,119.54,0.00,0.00,0.14,0,25.00,3,1174.93,0,3,1,java.lang.Object,0.00,7,0,15,0,7,4,1,16,262,1
"org.apache.http.conn.params.NotThreadSafe",4,0.00,1.00,9,0.09,854.31,4,0,6,5,1,181.31,10,14,0,2,141.43,0.00,0.50,0.00,0,4.00,1,256.04,0,0,1,org.apache.http.params.HttpAbstractParamBean,0.00,1,1,4,0,1,4,0,4,71,1
"org.apache.http.conn.params.TestRouteParams",4,0.00,2.50,62,0.89,31363.69,7,3,9,17,0,116.87,12,107,0,1,96.25,0.00,0.00,0.33,0,4.00,7,2663.58,0,0,0,java.lang.Object,0.00,13,0,10,0,13,4,0,9,552,1
"org.apache.http.client.protocol.ClientContext",0,0.00,0.00,13,0.20,3408.12,12,12,0,0,17,171.00,53,15,17,1,171.00,0.00,0.00,0.00,0,0.00,0,589.87,0,0,0,,0.00,0,0,0,0,0,0,0,13,115,1
"org.apache.http.client.protocol.Immutable",3,1.00,4.67,44,0.78,40527.34,4,1,18,21,5,135.25,7,67,0,1,95.36,0.00,0.00,0.00,1,3.00,10,2329.63,0,0,5,java.lang.Object,0.00,18,0,14,0,18,3,1,1,405,1
"org.apache.http.client.protocol.NotThreadSafe",6,1.00,1.17,15,0.17,2454.14,7,1,8,8,3,189.17,10,24,0,1,139.17,0.00,0.00,0.00,0,26.00,2,512.19,0,0,3,java.lang.Object,0.00,2,0,7,0,2,6,1,2,130,1
"org.apache.http.client.protocol.RequestAuthenticationBase",4,1.00,5.00,51,0.76,49909.22,5,1,15,28,4,98.12,0,84,1,1,98.12,0.00,0.00,0.00,2,4.00,14,2266.54,0,1,3,java.lang.Object,0.00,24,0,20,1,24,3,1,0,394,1
"org.apache.http.client.protocol.SuppressWarnings",19,0.33,1.00,358,7.12,214899.32,22,3,36,70,5,92.26,2,415,0,1,92.26,0.00,0.00,0.02,1,36.00,1,21362.84,0,1,5,java.lang.Object,0.00,51,0,19,0,51,18,0,2,3526,1
"org.apache.http.client.protocol.TestCookie2Support",5,0.00,1.00,85,1.57,40773.22,5,0,30,33,8,94.30,3,92,0,3,94.30,0.00,0.67,0.00,0,5.00,1,4699.40,1,0,8,org.apache.http.localserver.BasicServerTestBase,0.00,28,2,5,0,28,5,0,1,794,1
"org.apache.http.client.protocol.TestCookie2Support$CookieVer0Service",1,0.00,1.00,7,0.11,1836.66,1,0,30,8,0,113.77,0,13,0,1,113.77,0.00,0.00,0.00,0,1.00,1,329.99,0,0,0,java.lang.Object,0.00,7,0,1,0,7,1,1,0,68,2
"org.apache.http.client.protocol.TestCookie2Support$CookieVer1Service",1,0.00,1.00,8,0.13,2312.69,1,0,30,8,0,110.82,0,14,0,1,110.82,0.00,0.00,0.00,0,1.00,1,386.72,0,0,0,java.lang.Object,0.00,7,0,1,0,7,1,1,0,78,2
"org.apache.http.client.protocol.TestCookie2Support$CookieVer2Service",1,0.00,1.00,7,0.11,1836.66,1,0,30,8,0,113.77,0,13,0,1,113.77,0.00,0.00,0.00,0,1.00,1,329.99,0,0,0,java.lang.Object,0.00,7,0,1,0,7,1,1,0,68,2
"org.apache.http.client.protocol.TestCookie2Support$SetCookieVersionMixService",1,0.00,1.00,8,0.13,2312.69,1,0,30,8,0,110.82,0,14,0,1,110.82,0.00,0.00,0.00,0,1.00,1,386.72,0,0,0,java.lang.Object,0.00,7,0,1,0,7,1,1,0,78,2
"org.apache.http.client.protocol.TestRedirects",20,0.00,1.20,258,5.24,117403.45,20,0,36,69,5,101.03,3,341,0,3,101.03,0.00,0.67,0.00,0,20.00,2,15734.44,1,0,5,org.apache.http.localserver.BasicServerTestBase,0.00,49,2,24,0,49,20,0,1,2714,1
"org.apache.http.client.protocol.TestRedirects$BasicRedirectService",3,3.00,2.00,25,0.36,9564.00,6,3,36,12,0,109.56,0,35,0,1,109.56,0.00,0.00,0.00,0,3.00,3,1077.51,0,0,0,java.lang.Object,0.00,9,0,6,0,9,3,1,0,213,2
"org.apache.http.client.protocol.TestRedirects$BogusRedirectService",2,1.00,2.00,17,0.23,5564.32,3,1,36,11,0,110.03,0,25,0,1,110.03,0.00,0.00,0.50,0,2.00,3,688.72,0,0,0,java.lang.Object,0.00,9,0,4,0,9,2,1,0,136,2
"org.apache.http.client.protocol.TestRedirects$CircularRedirectService",2,0.00,2.00,14,0.20,5809.93,2,0,36,9,0,112.05,0,21,0,1,112.05,0.00,0.00,0.00,0,2.00,3,588.78,0,0,0,java.lang.Object,0.00,7,0,4,0,7,2,1,0,119,2
"org.apache.http.client.protocol.TestRedirects$HttpRequestHandler",1,0.00,1.00,3,0.04,419.26,1,0,36,2,0,132.55,0,7,0,1,132.55,0.00,0.00,0.00,0,1.00,1,116.05,0,0,0,java.lang.Object,0.00,1,0,1,0,1,1,0,0,29,0
"org.apache.http.client.protocol.TestRedirects$RelativeRedirectService",2,0.00,2.00,15,0.21,5473.18,2,0,36,11,0,112.25,0,22,0,1,112.25,0.00,0.00,0.00,0,2.00,3,629.21,0,0,0,java.lang.Object,0.00,9,0,4,0,9,2,1,0,123,2
"org.apache.http.client.protocol.TestRedirects$RelativeRedirectService2",2,0.00,2.00,15,0.21,5341.84,2,0,36,11,0,112.33,0,22,0,1,112.33,0.00,0.00,0.00,0,2.00,3,632.82,0,0,0,java.lang.Object,0.00,9,0,4,0,9,2,1,0,123,2
"org.apache.http.client.protocol.TestRequestAcceptEncoding",1,0.00,1.00,9,0.11,1976.27,1,0,8,9,0,109.45,0,12,0,1,109.45,0.00,0.00,0.00,0,1.00,1,338.69,0,0,0,java.lang.Object,0.00,8,0,1,0,8,1,0,0,69,1
"org.apache.http.client.protocol.TestRequestAuthCache",9,11.00,1.00,142,2.49,69956.58,20,11,18,30,3,96.49,0,161,0,1,96.49,0.00,0.00,0.00,0,9.00,1,7477.90,0,0,3,java.lang.Object,0.00,21,0,9,0,21,9,0,0,1353,1
"org.apache.http.client.protocol.TestRequestAuthenticationBase",7,5.00,1.00,84,2.16,73813.51,12,5,20,42,3,99.06,0,123,0,1,99.06,0.00,0.00,0.00,0,7.00,1,6483.00,0,0,3,java.lang.Object,0.00,35,0,7,0,35,7,0,0,1149,1
"org.apache.http.client.protocol.TestRequestAuthenticationBase$TestRequestAuthentication",1,0.00,1.00,4,0.05,878.40,1,0,20,2,1,125.36,0,8,0,2,125.36,0.00,0.50,0.00,0,1.00,1,160.46,1,0,1,org.apache.http.client.protocol.RequestAuthenticationBase,0.00,1,1,1,0,1,1,0,0,39,1
"org.apache.http.client.protocol.TestRequestClientConnControl",7,0.00,1.00,94,1.70,38008.77,7,0,16,24,1,100.04,0,113,0,1,100.04,0.00,0.00,0.00,0,7.00,1,5096.58,0,0,1,java.lang.Object,0.00,17,0,7,0,17,7,0,0,876,1
"org.apache.http.client.protocol.TestRequestDefaultHeaders",3,0.00,1.00,29,0.47,11929.33,3,0,12,19,0,107.06,0,36,0,1,107.06,0.00,0.00,0.00,0,3.00,1,1408.18,0,0,0,java.lang.Object,0.00,16,0,3,0,16,3,0,0,261,1
"org.apache.http.client.protocol.TestRequestProxyAuthentication",8,0.00,1.00,126,2.30,51047.54,8,0,22,34,4,97.17,0,149,0,1,97.17,0.00,0.00,0.00,0,8.00,1,6903.70,0,0,4,java.lang.Object,0.00,26,0,8,0,26,8,0,0,1137,1
"org.apache.http.client.protocol.TestRequestProxyAuthentication$BasicScheme",1,0.00,1.00,3,0.01,149.03,1,0,22,1,0,136.09,0,5,0,1,136.09,0.00,0.00,0.00,0,1.00,1,44.54,0,0,0,java.lang.Object,0.00,0,0,1,0,0,1,0,0,15,0
"org.apache.http.client.protocol.TestRequestTargetAuthentication",8,0.00,1.00,90,1.33,25129.09,8,0,15,28,3,104.62,0,107,0,1,104.62,0.00,0.00,0.00,0,8.00,1,3979.05,0,0,3,java.lang.Object,0.00,20,0,8,0,20,8,0,0,723,1
"org.apache.http.client.protocol.TestRequestTargetAuthentication$BasicScheme",1,0.00,1.00,3,0.01,149.03,1,0,15,1,0,136.09,0,5,0,1,136.09,0.00,0.00,0.00,0,1.00,1,44.54,0,0,0,java.lang.Object,0.00,0,0,1,0,0,1,0,0,15,0
"org.apache.http.client.protocol.TestResponseAuthCache",9,6.00,1.00,116,2.10,53164.56,15,6,18,28,3,101.05,0,141,0,1,101.05,0.00,0.00,0.00,0,9.00,1,6288.12,0,0,3,java.lang.Object,0.00,19,0,9,0,19,9,0,0,1128,1
"org.apache.http.client.protocol.TestResponseContentEncoding",7,0.00,1.00,70,0.96,19538.45,7,0,13,18,2,106.56,0,85,0,1,106.56,0.00,0.00,0.00,0,7.00,1,2877.68,0,0,2,java.lang.Object,0.00,11,0,7,0,11,7,0,0,548,1
"org.apache.http.client.protocol.TestResponseProcessCookies",10,3.00,1.00,113,1.97,48911.06,13,3,17,31,5,103.10,0,134,0,1,103.10,0.00,0.00,0.00,0,10.00,1,5919.23,0,0,5,java.lang.Object,0.00,21,0,10,0,21,10,0,0,1051,1
"org.apache.http.client.protocol.TestUriEscapes",14,0.00,1.07,50,0.62,14878.88,14,0,19,32,2,129.35,0,79,0,3,129.35,0.00,0.67,0.00,1,14.00,2,1845.09,0,0,2,org.apache.http.localserver.BasicServerTestBase,0.00,18,2,15,0,18,14,0,0,400,1
"org.apache.http.client.protocol.TestUriEscapes$UriListeningService",2,1.00,1.00,10,0.13,2124.19,3,1,19,8,0,121.10,0,16,0,1,121.10,0.00,0.00,0.50,0,2.00,1,386.77,0,1,0,java.lang.Object,0.00,6,0,2,0,6,1,1,0,84,2
"org.apache.http.examples.conn.OperatorConnectDirect",1,0.00,2.00,32,0.52,22575.53,1,0,17,23,2,89.54,17,34,0,1,80.41,0.00,0.00,0.00,0,1.00,2,1559.24,0,0,2,java.lang.Object,0.00,22,0,2,0,22,1,0,9,248,1
"org.apache.http.examples.conn.OperatorConnectProxy",2,0.00,2.00,56,0.97,54474.73,2,0,18,31,2,71.58,31,63,0,1,81.93,0.00,0.00,0.00,1,2.00,2,2922.89,0,0,2,java.lang.Object,0.00,29,0,4,0,29,2,0,23,455,1
"org.apache.http.localserver.BasicAuthTokenExtractor",1,0.00,7.00,21,0.32,16450.40,1,0,9,13,2,88.03,0,30,2,1,88.03,0.00,0.00,0.00,0,1.00,7,945.28,0,1,0,java.lang.Object,0.00,12,0,7,0,12,0,0,0,164,1
"org.apache.http.localserver.BasicServerTestBase",3,0.00,1.67,12,0.12,1846.58,5,2,5,10,2,147.07,10,23,1,2,126.46,19.00,0.05,0.50,0,2.00,2,355.37,0,1,1,org.mockito.Mockito,0.00,7,1,5,19,7,2,0,3,89,2
"org.apache.http.localserver.EchoHandler",1,0.00,5.00,18,0.32,14881.27,1,0,13,15,1,134.89,22,31,1,1,90.95,0.00,0.00,0.00,0,1.00,5,962.23,0,0,0,java.lang.Object,0.00,14,0,5,0,14,1,1,6,165,1
"org.apache.http.localserver.LocalTestServer",16,0.01,1.75,82,0.98,25046.79,24,8,35,56,17,87.42,99,135,15,1,119.64,0.00,0.00,0.12,1,100.00,5,2942.66,0,6,2,java.lang.Object,0.00,40,0,28,0,40,10,0,25,630,1
"org.apache.http.localserver.LocalTestServer$ListenerThread",4,1.00,2.00,24,0.23,5137.81,5,1,35,10,0,117.33,1,38,0,2,117.33,0.00,0.50,0.00,0,4.00,4,677.50,0,1,0,java.lang.Thread,0.00,6,1,8,0,6,3,0,1,143,0
"org.apache.http.localserver.LocalTestServer$Worker",4,2.00,2.00,20,0.20,4686.66,6,2,35,6,0,120.60,0,34,0,2,120.60,0.00,0.50,0.00,1,6.00,4,604.43,0,1,0,java.lang.Thread,0.00,2,1,8,0,2,3,0,0,136,0
"org.apache.http.localserver.RandomHandler",1,0.00,7.00,28,0.52,30140.70,1,0,13,22,2,107.53,32,43,2,1,81.30,0.00,0.00,0.00,0,1.00,7,1551.68,0,0,0,java.lang.Object,0.00,21,0,7,0,21,1,1,8,253,1
"org.apache.http.localserver.RandomHandler$RandomEntity",6,0.20,1.83,41,0.42,23150.26,8,2,13,13,0,81.37,40,57,0,2,113.59,0.00,0.50,0.33,0,6.00,4,1270.87,0,1,0,org.apache.http.entity.AbstractHttpEntity,0.00,7,1,11,0,7,5,0,12,264,2
"org.apache.http.localserver.RequestBasicAuth",2,1.00,1.00,7,0.07,804.76,3,1,5,5,3,132.69,0,12,2,1,132.69,0.00,0.00,0.00,0,2.00,1,211.98,0,0,1,java.lang.Object,0.00,3,0,2,0,3,2,1,0,54,1
"org.apache.http.localserver.ResponseBasicUnauthorized",1,0.00,2.00,4,0.06,900.87,1,0,7,4,1,125.12,0,9,1,1,125.12,0.00,0.00,0.00,0,1.00,2,187.33,0,0,0,java.lang.Object,0.00,3,0,2,0,3,1,1,0,43,1
"org.apache.http.localserver.ServerTestBase",3,0.40,2.67,38,0.50,11796.05,8,5,19,30,3,128.49,59,56,0,3,102.21,4.00,0.18,0.47,1,0.00,6,1495.65,0,2,3,org.apache.http.localserver.BasicServerTestBase,0.00,27,2,8,8,27,1,0,12,284,2
"org.apache.http.client.cache.CacheResponseStatus",0,0.00,0.00,2,0.01,57.06,0,0,0,0,1,171.00,16,6,1,1,171.00,0.00,0.00,0.00,0,0.00,0,28.53,0,0,0,java.lang.Object,0.00,0,0,0,0,0,0,0,5,9,1
"org.apache.http.client.cache.HttpCacheEntrySerializationException",2,1.00,1.00,7,0.05,543.66,3,1,1,3,0,173.92,4,10,0,2,134.03,0.00,0.50,0.00,0,2.00,1,153.34,0,0,0,java.io.IOException,0.00,1,1,2,0,1,2,0,1,43,1
"org.apache.http.client.cache.HttpCacheEntrySerializer",2,0.00,1.00,3,0.02,100.83,2,0,3,2,5,115.30,15,4,5,1,157.59,0.00,0.00,0.00,0,2.00,1,67.22,0,0,0,,0.00,0,0,2,0,0,2,0,3,23,1
"org.apache.http.client.cache.HttpCacheStorage",4,0.00,1.00,5,0.04,193.91,4,0,1,4,10,107.73,39,7,8,1,157.73,0.00,0.00,0.00,0,4.00,1,129.27,0,0,2,,0.00,0,0,4,0,0,4,0,5,42,1
"org.apache.http.client.cache.HttpCacheUpdateCallback",1,0.00,1.00,2,0.01,57.11,1,0,1,1,8,155.07,17,3,8,1,145.94,0.00,0.00,0.00,0,1.00,1,32.46,0,0,0,,0.00,0,0,1,0,0,1,0,2,13,1
"org.apache.http.client.cache.HttpCacheUpdateException",2,1.00,1.00,7,0.05,474.33,3,1,0,3,6,155.11,6,10,6,2,134.50,0.00,0.50,0.00,0,2.00,1,142.46,0,0,0,java.lang.Exception,0.00,1,1,2,0,1,2,0,1,41,1
"org.apache.http.client.cache.Immutable",15,0.09,1.40,55,0.62,23061.50,22,7,11,23,1,95.81,97,88,0,1,128.03,0.00,0.00,0.06,4,81.00,7,1849.50,0,11,1,java.lang.Object,0.00,8,0,21,0,8,4,1,16,413,1
"org.apache.http.client.cache.NotThreadSafe",4,2.00,1.00,13,0.08,941.37,6,2,1,4,0,116.65,22,18,0,1,134.53,0.00,0.00,0.00,0,4.00,1,247.30,0,0,0,java.lang.Object,0.00,0,0,4,0,0,4,0,6,70,1
"org.apache.http.client.cache.Resource",3,0.00,1.00,4,0.02,75.45,3,0,3,3,9,127.75,19,5,9,2,159.97,0.00,0.50,0.00,0,3.00,1,49.60,0,1,0,,0.00,0,1,3,0,0,2,0,4,21,1
"org.apache.http.client.cache.ResourceFactory",2,0.00,1.00,3,0.03,135.00,2,0,2,2,4,136.45,29,4,3,1,156.59,0.00,0.00,0.00,0,2.00,1,84.72,0,2,1,,0.00,0,0,2,0,0,0,0,3,27,1
"org.apache.http.client.cache.TestHttpCacheEntry",28,0.22,1.29,145,1.91,41747.17,34,6,15,63,1,119.88,0,238,0,1,119.88,0.00,0.00,0.38,0,0.00,3,5724.77,0,1,1,java.lang.Object,0.00,35,0,36,0,35,27,0,0,1238,1
"org.apache.http.impl.conn.Deprecated",5,0.00,1.20,86,1.55,79315.52,5,0,15,28,3,74.11,27,112,0,4,91.98,0.00,0.75,0.00,1,5.00,2,4651.60,1,0,3,org.apache.http.localserver.ServerTestBase,0.00,23,3,6,0,23,5,0,15,787,1
"org.apache.http.impl.conn.Deprecated$TimeValues",1,2.00,2.00,9,0.08,1672.07,3,2,8,2,0,91.99,5,12,0,1,109.86,0.00,0.00,0.00,0,1.00,2,248.23,0,0,0,java.lang.Object,0.00,1,0,2,0,1,1,0,1,60,2
"org.apache.http.impl.conn.ExecReqThread",6,0.15,1.67,31,0.39,12418.84,10,4,10,15,3,100.82,32,53,1,3,118.70,0.00,0.67,0.38,2,2.00,4,1170.30,1,1,2,org.apache.http.impl.conn.GetConnThread,0.27,9,2,10,0,9,5,0,8,247,1
"org.apache.http.impl.conn.ExecReqThread$RequestSpec",0,0.00,0.00,5,0.03,237.96,4,4,10,0,0,171.00,0,6,0,1,171.00,0.00,0.00,0.00,0,0.00,0,95.18,0,0,0,java.lang.Object,0.00,0,0,0,0,0,0,0,0,25,2
"org.apache.http.impl.conn.GetConnThread",5,0.20,1.20,20,0.17,2000.65,10,5,5,7,5,128.24,21,32,2,2,128.01,1.00,0.33,0.36,0,5.00,2,503.36,0,2,3,java.lang.Thread,0.00,2,1,6,1,2,3,0,5,125,1
"org.apache.http.impl.conn.Helper",2,0.00,1.00,12,0.19,6135.94,2,0,10,11,2,114.75,8,22,2,1,114.52,0.00,0.00,0.00,0,2.00,1,570.64,0,1,0,java.lang.Object,0.00,9,0,2,0,9,1,0,4,114,2
"org.apache.http.impl.conn.HttpConnPool",2,0.25,1.00,14,0.21,4702.72,6,4,8,7,4,162.93,3,20,2,2,112.93,0.00,0.50,0.12,0,2.00,1,632.87,0,0,2,org.apache.http.pool.AbstractConnPool,0.00,5,1,2,0,5,2,0,1,136,0
"org.apache.http.impl.conn.HttpConnPool$InternalConnFactory",1,0.00,1.00,3,0.03,328.10,1,0,8,2,1,133.39,0,5,0,1,133.39,0.00,0.00,0.00,0,1.00,1,90.33,0,1,1,java.lang.Object,0.00,1,0,1,0,1,0,1,0,25,1
"org.apache.http.impl.conn.HttpPoolEntry",7,2.00,1.29,26,0.29,5566.70,9,2,8,17,3,130.30,3,45,2,2,130.30,0.00,0.50,0.00,0,7.00,2,864.06,1,3,1,org.apache.http.pool.PoolEntry,0.00,10,1,9,0,10,4,0,1,202,0
"org.apache.http.impl.conn.Immutable",9,3.00,1.67,38,0.48,10559.36,12,3,6,15,0,174.25,14,54,0,1,124.25,0.00,0.00,0.00,4,9.00,2,1449.05,0,1,0,java.lang.Object,0.00,6,0,15,0,6,8,1,4,336,1
"org.apache.http.impl.conn.InMemoryDnsResolver",3,0.25,2.33,18,0.23,6014.38,5,2,8,11,1,67.67,25,26,0,1,115.78,0.00,0.00,0.67,0,0.00,3,684.58,0,1,1,java.lang.Object,0.00,8,0,7,0,8,2,1,6,148,1
"org.apache.http.impl.conn.NotThreadSafe",17,0.05,2.18,100,1.26,37055.72,25,8,21,41,1,158.34,39,174,0,2,118.46,0.00,0.50,0.08,0,94.00,4,3780.48,6,8,1,org.apache.http.impl.SocketHttpClientConnection,0.00,24,1,37,0,24,9,2,13,786,1
"org.apache.http.impl.conn.SuppressWarnings",3,1.00,3.00,68,0.90,52973.14,4,1,15,20,3,87.23,0,62,0,1,87.23,0.00,0.00,0.00,2,3.00,4,2686.12,0,0,3,java.lang.Object,0.00,17,0,9,0,17,3,0,0,482,1
"org.apache.http.impl.conn.SuppressWarnings$WorkerThread1",2,2.00,3.00,19,0.22,6244.46,4,2,15,6,2,107.63,0,25,0,2,107.63,0.00,0.50,0.00,0,2.00,5,653.67,0,0,2,org.apache.http.impl.conn.Thread,0.00,4,1,6,0,4,2,0,0,135,1
"org.apache.http.impl.conn.SuppressWarnings$WorkerThread2",2,2.00,2.50,19,0.21,5518.08,4,2,15,6,0,108.10,0,24,0,2,108.10,0.00,0.50,0.00,0,2.00,4,615.25,0,0,0,org.apache.http.impl.conn.Thread,0.00,4,1,5,0,4,2,0,0,129,1
"org.apache.http.impl.conn.SystemDefaultDnsResolver",1,0.00,1.00,3,0.03,376.22,1,0,3,2,2,90.63,7,5,1,1,132.92,0.00,0.00,0.00,0,1.00,1,80.23,0,1,1,java.lang.Object,0.00,1,0,1,0,1,0,1,2,23,1
"org.apache.http.impl.conn.TestAbortHandling",7,0.00,1.43,112,2.18,75031.18,7,0,40,62,8,114.88,26,138,0,3,94.27,0.00,0.67,0.00,0,7.00,3,6529.99,1,0,8,org.apache.http.localserver.BasicServerTestBase,0.00,55,2,10,0,55,7,0,7,1125,1
"org.apache.http.impl.conn.TestAbortHandling$BasicRedirectService",2,2.00,1.00,10,0.15,2687.20,4,2,40,7,0,120.29,0,16,0,1,120.29,0.00,0.00,0.00,0,2.00,1,445.05,0,0,0,java.lang.Object,0.00,5,0,2,0,5,2,1,0,96,2
"org.apache.http.impl.conn.TestAbortHandling$BasicService",1,0.00,1.00,4,0.05,705.35,1,0,40,4,0,126.11,0,8,0,1,126.11,0.00,0.00,0.00,0,1.00,1,164.41,0,0,0,java.lang.Object,0.00,3,0,1,0,3,1,1,0,39,2
"org.apache.http.impl.conn.TestAbortHandling$ConMan",10,2.00,1.00,27,0.23,2900.56,12,2,40,17,4,140.38,0,41,0,1,140.38,0.00,0.00,0.00,0,10.00,1,689.59,0,5,4,java.lang.Object,0.00,7,0,10,0,7,5,1,0,184,1
"org.apache.http.impl.conn.TestAbortHandling$ConMan$ClientConnectionRequest_3",2,0.00,2.00,8,0.10,2484.12,2,0,40,5,1,174.02,2,15,0,1,124.02,0.00,0.00,0.00,0,2.00,3,292.36,0,1,1,java.lang.Object,0.00,3,0,4,0,3,1,0,2,65,0
"org.apache.http.impl.conn.TestAbortHandling$ConnMan4",2,2.00,1.50,13,0.13,2643.56,4,2,40,7,1,167.30,2,19,0,2,117.30,0.00,0.50,0.00,0,2.00,2,385.37,1,1,1,org.apache.http.impl.conn.PoolingClientConnectionManager,0.00,5,1,3,0,5,1,0,2,92,2
"org.apache.http.impl.conn.TestAbortHandling$ConnMan4$ClientConnectionRequest",2,0.00,2.00,8,0.10,2484.12,2,0,40,5,1,174.02,2,15,0,1,124.02,0.00,0.00,0.00,0,2.00,3,292.36,0,1,1,java.lang.Object,0.00,3,0,4,0,3,1,0,2,65,0
"org.apache.http.impl.conn.TestAbortHandling$CustomGet",2,1.00,2.00,10,0.11,2432.21,3,1,40,4,1,120.47,0,17,0,2,120.47,0.00,0.50,0.50,0,2.00,3,344.76,1,0,1,org.apache.http.client.methods.HttpGet,0.00,2,1,4,0,2,2,0,0,79,2
"org.apache.http.impl.conn.TestAbortHandling$HttpRequestHandler",1,0.00,2.00,9,0.11,2047.30,1,0,40,6,0,149.06,2,12,0,1,109.17,0.00,0.00,0.00,0,1.00,2,326.02,0,0,0,java.lang.Object,0.00,5,0,2,0,5,1,0,2,66,0
"org.apache.http.impl.conn.TestAbortHandling$Runnable",1,0.00,2.00,6,0.05,611.31,1,0,40,4,0,119.87,0,10,0,1,119.87,0.00,0.00,0.00,0,1.00,2,146.30,0,0,0,java.lang.Object,0.00,3,0,2,0,3,1,0,0,36,0
"org.apache.http.impl.conn.TestAbortHandling$Runnable_0",1,0.00,2.00,6,0.05,655.31,1,0,40,5,0,119.64,0,10,0,1,119.64,0.00,0.00,0.00,0,1.00,2,157.34,0,0,0,java.lang.Object,0.00,4,0,2,0,4,1,0,0,38,0
"org.apache.http.impl.conn.TestAbortHandling$Runnable_1",1,0.00,4.00,9,0.11,2273.34,1,0,40,7,0,108.65,0,16,0,1,108.65,0.00,0.00,0.00,0,1.00,4,341.40,0,0,0,java.lang.Object,0.00,6,0,4,0,6,1,0,0,69,0
"org.apache.http.impl.conn.TestAbortHandling$Runnable_2",1,0.00,2.00,7,0.07,1184.17,1,0,40,5,0,115.11,0,11,0,1,115.11,0.00,0.00,0.00,0,1.00,2,205.42,0,0,0,java.lang.Object,0.00,4,0,2,0,4,1,0,0,46,0
"org.apache.http.impl.conn.TestAbortHandling$Thread",1,0.00,2.00,5,0.04,466.16,1,0,40,3,0,123.75,0,9,0,1,123.75,0.00,0.00,0.00,0,1.00,2,110.19,0,0,0,java.lang.Object,0.00,2,0,2,0,2,1,0,0,29,0
"org.apache.http.impl.conn.TestDefaultClientConnectOperator",4,0.00,1.25,27,0.40,11350.69,4,0,7,18,1,114.73,0,36,0,1,114.73,0.00,0.00,0.00,1,4.00,2,1214.55,0,1,1,java.lang.Object,0.00,14,0,5,0,14,3,0,0,249,1
"org.apache.http.impl.conn.TestDefaultResponseParser",4,0.00,1.00,32,0.63,16952.57,4,0,14,18,1,108.75,3,74,0,1,108.75,0.00,0.00,0.00,0,4.00,1,1892.90,0,0,1,java.lang.Object,0.00,14,0,4,0,14,4,0,1,344,1
"org.apache.http.impl.conn.TestDefaultResponseParser$DefaultHttpResponseFactory",1,0.00,1.00,3,0.02,180.53,1,0,14,1,0,135.43,0,6,0,1,135.43,0.00,0.00,0.00,0,1.00,1,58.21,0,0,0,java.lang.Object,0.00,0,0,1,0,0,1,0,0,18,0
"org.apache.http.impl.conn.TestIdleConnectionEviction",2,0.00,3.00,41,0.54,23422.31,2,0,21,25,5,90.18,0,42,0,4,90.18,0.00,0.75,0.00,0,2.00,5,1614.38,0,0,5,org.apache.http.localserver.ServerTestBase,0.50,23,3,6,0,23,2,0,0,283,1
"org.apache.http.impl.conn.TestIdleConnectionEviction$IdleConnectionMonitor",3,2.00,1.67,17,0.14,2264.48,5,2,21,7,1,122.15,1,27,0,2,122.15,0.00,0.50,0.00,0,3.00,3,405.31,0,0,1,org.apache.http.impl.conn.Thread,0.00,4,1,5,0,4,3,0,1,98,2
"org.apache.http.impl.conn.TestIdleConnectionEviction$WorkerThread",3,0.10,2.00,28,0.30,9193.70,8,5,21,11,2,107.79,0,38,0,2,107.79,0.00,0.50,0.13,0,1.00,4,907.08,0,1,2,org.apache.http.impl.conn.Thread,0.00,8,1,6,0,8,2,0,0,186,1
"org.apache.http.impl.conn.TestLocalServer",2,0.00,2.50,44,0.85,37928.39,2,0,14,26,2,126.91,4,71,0,4,87.03,0.00,0.75,0.00,0,0.00,4,2545.83,2,0,2,org.apache.http.localserver.ServerTestBase,0.00,24,3,5,0,24,2,0,1,419,1
"org.apache.http.impl.conn.TestProxySelRoutePlanner",3,0.00,1.00,26,0.54,14524.13,3,0,17,23,2,148.18,8,43,0,1,108.29,0.00,0.00,0.00,1,3.00,1,1626.37,0,1,2,java.lang.Object,0.00,20,0,3,0,20,2,0,2,290,1
"org.apache.http.impl.conn.TestTSCCMNoServer",14,0.00,2.14,237,3.80,168257.63,14,0,14,52,4,75.91,76,329,0,1,93.78,0.00,0.00,0.00,1,14.00,6,11392.15,0,3,4,java.lang.Object,0.00,38,0,30,0,38,11,0,69,1986,1
"org.apache.http.impl.conn.TestTSCCMWithServer",12,0.00,2.50,313,5.82,309668.13,12,0,35,74,9,65.39,68,394,0,4,83.27,0.00,0.75,0.00,1,0.00,5,17455.67,1,2,9,org.apache.http.localserver.ServerTestBase,0.00,62,3,30,0,62,10,0,56,2793,1
"org.apache.http.impl.conn.TestTSCCMWithServer$LatchSupport",3,0.00,2.00,14,0.15,2494.46,6,3,35,7,0,125.39,0,22,0,1,125.39,0.00,0.00,0.33,0,1.00,3,454.30,0,0,0,java.lang.Object,0.00,4,0,6,0,4,3,0,0,109,2
"org.apache.http.impl.conn.TestTSCCMWithServer$PoolingClientConnectionManager",1,0.00,1.00,4,0.05,770.18,1,0,35,4,1,125.81,0,7,0,1,125.81,0.00,0.00,0.00,0,1.00,1,152.95,1,1,1,java.lang.Object,0.00,3,0,1,0,3,0,0,0,37,0
"org.apache.http.impl.conn.TestTSCCMWithServer$Runnable",1,0.00,2.00,7,0.05,543.52,1,0,35,5,0,117.78,0,10,0,1,117.78,0.00,0.00,0.00,0,1.00,2,148.18,0,0,0,java.lang.Object,0.00,4,0,2,0,4,1,0,0,37,0
"org.apache.http.impl.conn.TestTSCCMWithServer$Runnable_0",1,0.00,2.00,7,0.05,543.52,1,0,35,5,0,117.78,0,10,0,1,117.78,0.00,0.00,0.00,0,1.00,2,148.18,0,0,0,java.lang.Object,0.00,4,0,2,0,4,1,0,0,37,0
"org.apache.http.impl.conn.TestTSCCMWithServer$Runnable_1",1,0.00,2.00,7,0.05,543.52,1,0,35,5,0,117.78,0,10,0,1,117.78,0.00,0.00,0.00,0,1.00,2,148.18,0,0,0,java.lang.Object,0.00,4,0,2,0,4,1,0,0,37,0
"org.apache.http.impl.conn.TestTSCCMWithServer$Runnable_2",1,0.00,2.00,7,0.05,598.45,1,0,35,6,0,117.45,0,10,0,1,117.45,0.00,0.00,0.00,0,1.00,2,163.59,0,0,0,java.lang.Object,0.00,5,0,2,0,5,1,0,0,40,0
"org.apache.http.impl.conn.TestTSCCMWithServer$StallingOperator",4,0.33,1.25,12,0.15,2116.76,5,1,35,8,2,131.70,0,23,0,2,131.70,0.00,0.50,0.75,0,0.00,2,444.68,0,1,2,org.apache.http.impl.conn.LatchSupport,0.00,4,1,5,0,4,3,1,0,108,2
"org.apache.http.impl.conn.TestTSCCMWithServer$StallingSocketFactory",4,0.33,1.75,15,0.20,4224.42,5,1,35,8,1,129.26,0,30,0,2,129.26,0.00,0.50,0.75,0,0.00,3,597.72,0,2,1,org.apache.http.impl.conn.LatchSupport,0.00,4,1,7,0,4,2,1,0,138,2
"org.apache.http.impl.conn.TestTSCCMWithServer$WaitPolicy",0,0.00,0.00,2,0.01,36.00,0,0,35,0,1,171.00,0,1,0,1,171.00,0.00,0.00,0.00,0,0.00,0,24.00,0,0,1,java.lang.Object,0.00,0,0,0,0,0,0,1,0,8,1
"org.apache.http.impl.conn.ThreadSafe",7,0.22,4.29,86,1.32,69829.52,10,3,23,41,7,48.92,68,133,0,1,98.92,0.00,0.00,0.14,2,18.00,14,3952.02,0,2,7,java.lang.Object,0.00,34,0,30,0,34,5,1,8,686,1
"org.apache.http.impl.conn.ThreadSafe$ClientConnectionRequest",2,0.00,1.00,4,0.03,280.21,2,0,14,3,1,142.87,1,8,0,1,142.87,0.00,0.00,0.00,0,2.00,1,95.61,0,1,1,java.lang.Object,0.00,1,0,2,0,1,1,0,1,28,0
"org.apache.http.impl.conn.ThreadSafe$ConnAdapter",1,0.00,1.00,5,0.04,437.34,1,0,14,2,0,91.91,6,7,0,2,124.13,0.00,0.50,0.00,0,1.00,1,109.28,0,0,0,AbstractPooledConnAdapter,0.00,1,1,1,0,1,1,0,1,30,1
"org.apache.http.impl.conn.ThreadSafe$PoolEntry",3,0.00,1.67,9,0.07,868.74,3,0,14,7,0,154.31,10,15,0,2,133.70,0.00,0.50,0.00,0,3.00,2,215.90,0,0,0,AbstractPoolEntry,0.00,4,1,5,0,4,3,0,3,61,1
"org.apache.http.conn.ClientConnectionManager",6,0.00,1.00,7,0.04,120.22,6,0,3,6,16,112.27,65,8,14,1,160.75,0.00,0.00,0.00,0,6.00,1,115.22,0,1,2,,0.00,0,0,6,0,0,5,0,7,43,1
"org.apache.http.conn.ClientConnectionManagerFactory",1,0.00,1.00,2,0.01,39.00,1,0,2,1,2,115.02,6,5,1,1,147.24,0.00,0.00,0.00,0,1.00,1,34.00,0,1,1,,0.00,0,0,1,0,0,0,0,1,13,1
"org.apache.http.conn.ClientConnectionOperator",3,0.00,1.00,4,0.05,198.95,3,0,7,3,11,156.18,48,14,9,1,156.65,0.00,0.00,0.00,0,3.00,1,135.30,0,1,2,,0.00,0,0,3,0,0,2,0,4,39,1
"org.apache.http.conn.ClientConnectionRequest",2,0.00,1.00,3,0.02,80.08,2,0,1,2,11,157.91,32,5,10,1,158.38,0.00,0.00,0.00,0,2.00,1,56.05,0,1,1,,0.00,0,0,2,0,0,1,0,3,20,1
"org.apache.http.conn.ConnectionKeepAliveStrategy",1,0.00,1.00,2,0.01,39.00,1,0,3,1,1,188.72,29,3,1,1,147.24,0.00,0.00,0.00,0,1.00,1,34.00,0,0,0,,0.00,0,0,1,0,0,1,0,2,13,1
"org.apache.http.conn.ConnectionReleaseTrigger",2,0.00,1.00,3,0.01,61.53,2,0,1,2,4,148.92,31,6,4,1,159.28,0.00,0.00,0.00,0,2.00,1,41.02,0,0,0,,0.00,0,0,2,0,0,2,0,3,17,1
"org.apache.http.conn.Deprecated",5,1.00,3.40,43,0.57,35992.13,6,1,14,20,1,69.09,60,69,0,1,106.66,0.00,0.00,0.20,0,8.00,10,1701.06,0,2,1,java.lang.Object,0.00,15,0,17,0,15,3,1,18,314,2
"org.apache.http.conn.DnsResolver",1,0.00,1.00,2,0.01,72.06,1,0,2,1,2,144.67,16,3,2,1,145.14,0.00,0.00,0.00,0,1.00,1,38.53,0,1,0,,0.00,0,0,1,0,0,0,0,2,14,1
"org.apache.http.conn.EofSensorWatcher",3,0.00,1.00,4,0.03,123.00,3,0,2,3,1,167.43,52,8,1,1,158.30,0.00,0.00,0.00,0,3.00,1,82.00,0,0,0,,0.00,0,0,3,0,0,3,0,4,29,1
"org.apache.http.conn.HttpInetSocketAddress",3,2.00,1.33,12,0.12,2160.89,5,2,3,5,3,165.86,6,18,3,2,125.97,0.00,0.50,0.00,0,3.00,2,365.47,0,2,0,java.net.InetSocketAddress,0.00,2,1,4,0,2,1,0,1,88,1
"org.apache.http.conn.HttpRoutedConnection",3,0.00,1.00,4,0.01,60.19,3,0,3,3,3,116.62,35,5,3,2,160.74,0.00,0.50,0.00,0,3.00,1,42.09,0,2,0,,0.00,0,1,3,0,0,1,0,4,19,1
"org.apache.http.conn.Immutable",2,1.00,1.00,6,0.04,643.49,3,1,2,2,0,91.17,15,9,0,2,133.46,0.00,0.50,0.00,0,2.00,1,130.63,0,0,0,java.io.InterruptedIOException,0.00,0,1,2,0,0,2,0,3,37,1
"org.apache.http.conn.ManagedClientConnection",13,0.00,1.00,14,0.09,378.23,13,0,8,13,16,115.35,151,20,16,4,159.47,0.00,0.75,0.00,0,13.00,1,274.99,0,3,0,,0.67,0,3,13,0,0,10,0,14,95,1
"org.apache.http.conn.NotThreadSafe",12,0.15,2.58,78,0.71,21451.13,15,3,3,20,2,66.15,110,127,0,2,116.14,0.00,0.50,0.47,5,0.00,4,2139.65,0,0,2,java.io.InputStream,0.00,8,1,31,0,8,12,1,20,475,1
"org.apache.http.conn.OperatedClientConnection",6,0.00,1.00,7,0.06,248.53,6,0,6,6,10,157.79,96,12,10,3,158.26,0.00,0.67,0.00,0,6.00,1,166.20,0,2,0,,0.00,0,2,6,0,0,4,0,7,54,1
"org.apache.http.conn.TestConnectionAutoRelease",4,0.00,2.25,94,1.53,52161.89,4,0,24,28,3,87.85,17,113,0,4,87.61,0.00,0.75,0.00,0,6.00,3,4597.66,1,0,3,org.apache.http.localserver.ServerTestBase,0.00,24,3,9,0,24,4,0,17,774,1
"org.apache.http.conn.TestConnectionAutoRelease$HttpRequestHandler",1,0.00,1.00,5,0.05,728.53,1,0,24,4,0,122.39,0,9,0,1,122.39,0.00,0.00,0.00,0,1.00,1,157.28,0,0,0,java.lang.Object,0.00,3,0,1,0,3,1,0,0,37,0
"org.apache.http.conn.TestConnectionAutoRelease$HttpRequestHandler$BasicHttpEntity",1,0.00,2.00,8,0.10,2613.39,1,0,24,5,0,150.13,2,14,0,1,110.24,0.00,0.00,0.00,0,1.00,2,308.16,0,0,0,java.lang.Object,0.00,4,0,2,0,4,1,0,2,63,0
"org.apache.http.conn.TestConnectionReuse",5,1.00,3.60,193,3.14,144606.42,6,1,34,50,4,126.64,8,201,0,1,76.65,0.00,0.00,0.20,0,8.00,5,9433.39,0,0,4,java.lang.Object,0.00,45,0,18,0,45,5,0,8,1471,1
"org.apache.http.conn.TestConnectionReuse$AlwaysCloseConn",1,0.00,1.00,3,0.04,482.77,1,0,34,2,0,132.07,0,8,0,1,132.07,0.00,0.00,0.00,0,1.00,1,125.85,0,0,0,java.lang.Object,0.00,1,0,1,0,1,1,1,0,32,2
"org.apache.http.conn.TestConnectionReuse$ResponseKeepAlive",1,0.00,3.00,6,0.09,1582.53,1,0,34,5,0,116.53,0,11,0,1,116.53,0.00,0.00,0.00,0,1.00,3,265.00,0,0,0,java.lang.Object,0.00,4,0,3,0,4,1,1,0,57,2
"org.apache.http.conn.TestConnectionReuse$WorkerThread",3,0.17,2.00,29,0.29,7470.21,9,6,34,8,1,108.50,0,42,0,2,108.50,0.00,0.50,0.06,0,4.00,4,870.54,0,1,1,org.apache.http.impl.conn.Thread,0.00,5,1,6,0,5,2,0,0,184,2
"org.apache.http.conn.TestExceptions",2,0.00,1.00,15,0.19,4632.93,2,0,2,12,0,152.86,4,22,0,1,112.98,0.00,0.00,0.00,0,2.00,1,574.55,0,0,0,java.lang.Object,0.00,10,0,2,0,10,2,0,1,126,1
"org.apache.http.conn.TestScheme",8,0.00,3.00,112,1.77,80842.17,8,0,8,35,1,136.34,18,155,0,1,96.46,0.00,0.00,0.00,0,8.00,7,5317.72,0,0,1,java.lang.Object,0.00,27,0,24,0,27,8,0,16,1018,1
"org.apache.http.impl.conn.tsccm.Deprecated",4,0.47,1.25,25,0.19,2896.56,9,5,2,7,0,159.29,11,36,0,2,119.40,0.00,0.50,0.55,0,0.00,2,576.60,0,1,0,java.lang.Thread,0.00,3,1,5,0,3,3,0,4,136,1
"org.apache.http.impl.conn.tsccm.Deprecated$ConnPerRoute",1,0.00,1.00,3,0.02,167.42,1,0,10,1,0,135.69,0,4,0,1,135.69,0.00,0.00,0.00,0,1.00,1,59.81,0,0,0,java.lang.Object,0.00,0,0,1,0,0,1,0,0,18,0
"org.apache.http.impl.conn.tsccm.Deprecated$PoolEntryRequest",2,0.00,1.00,8,0.06,684.00,2,0,20,6,0,128.59,0,15,0,1,128.59,0.00,0.00,0.00,0,2.00,1,186.94,0,0,0,java.lang.Object,0.00,4,0,2,0,4,2,0,0,49,0
"org.apache.http.impl.conn.tsccm.Deprecated$XConnPoolByRoute",2,1.00,1.00,8,0.08,1349.16,3,1,16,2,1,126.26,1,17,0,2,126.26,0.00,0.50,0.50,0,2.00,1,235.56,1,0,1,ConnPoolByRoute,0.00,0,1,2,0,0,2,0,1,60,2
"org.apache.http.impl.conn.tsccm.Deprecated$XTSCCM",2,1.00,1.00,7,0.06,704.35,3,1,16,3,0,183.15,2,12,0,2,133.15,0.00,0.50,0.50,0,2.00,1,175.24,0,0,0,ThreadSafeClientConnManager,0.00,1,1,2,0,1,2,0,2,46,2
"org.apache.http.impl.conn.tsccm.SuppressWarnings",30,0.22,1.03,227,3.89,137637.19,36,6,19,80,3,110.63,12,304,0,4,110.63,0.00,0.75,0.38,1,0.00,2,11655.50,2,0,3,org.apache.http.localserver.ServerTestBase,0.11,50,3,31,0,50,30,0,12,2186,1
"org.apache.http.impl.conn.tsccm.SuppressWarnings$Flag",1,0.00,1.00,4,0.02,194.16,2,1,19,1,0,130.52,0,4,0,1,130.52,0.00,0.00,1.00,0,0.00,1,63.40,0,0,0,java.lang.Object,0.00,0,0,1,0,0,1,0,0,20,2
"org.apache.http.impl.conn.tsccm.SuppressWarnings$Runnable",1,0.00,3.00,5,0.07,1010.84,1,0,19,3,0,121.01,0,9,0,1,121.01,0.00,0.00,0.00,0,0.00,3,196.02,0,0,0,java.lang.Object,0.00,2,0,3,0,2,1,0,0,44,0
"org.apache.http.impl.conn.tsccm.SuppressWarnings$Runnable_0",1,0.00,3.00,5,0.07,1010.84,1,0,19,3,0,121.01,0,9,0,1,121.01,0.00,0.00,0.00,0,0.00,3,196.02,0,0,0,java.lang.Object,0.00,2,0,3,0,2,1,0,0,44,0
"org.apache.http.impl.conn.tsccm.SuppressWarnings$Runnable_1",1,0.00,4.00,5,0.07,1153.75,1,0,19,3,0,120.49,0,10,0,1,120.49,0.00,0.00,0.00,0,0.00,4,224.33,0,0,0,java.lang.Object,0.00,2,0,4,0,2,1,0,0,49,0
"org.apache.http.impl.conn.tsccm.ThreadSafe",23,0.02,1.48,96,1.06,32058.92,29,6,18,51,5,105.82,133,151,0,1,123.69,0.00,0.00,0.14,2,150.00,9,3176.66,1,3,5,java.lang.Object,0.00,28,0,34,0,28,20,1,31,694,1
"org.apache.http.impl.conn.tsccm.ThreadSafe$ClientConnectionRequest",2,0.00,2.00,10,0.12,2736.26,2,0,18,6,1,120.07,0,16,0,1,120.07,0.00,0.00,0.00,0,2.00,3,360.99,0,1,1,java.lang.Object,0.00,4,0,4,0,4,1,0,0,76,0
