Name, No. Methods, LCOM, AVCC, NOS, HBUG, HEFF, UWCS, INST, PACK, RFC, CBO, MI, CCML, NLOC, F-IN, DIT, MINC, S-R, R-R, COH, LMC, LCOM2, MAXCC, HVOL, HIER, NQU, FOUT, Superclass, SIX, EXT, NSUP, TCC, NSUB, MPC, NCO, INTR, CCOM, HLTH, MOD
"org.apache.http.entity.mime.content.AbstractContentBody",5,3.00,1.40,24,0.22,7589.31,8,3,3,8,4,123.41,0,32,3,2,123.41,3.00,0.20,0.00,0,5.00,3,664.46,0,4,1,org.apache.james.mime4j.message.AbstractBody,0.00,3,1,7,3,3,1,1,0,152,2
"org.apache.http.entity.mime.content.ContentBody",1,0.00,1.00,2,0.01,52.92,1,0,2,1,4,146.20,0,3,4,3,146.20,0.00,0.67,0.00,0,1.00,1,30.46,0,1,0,,0.00,0,2,1,0,0,0,0,0,12,1
"org.apache.http.entity.mime.content.FileBody",9,1.00,1.33,32,0.30,7933.27,10,1,7,16,4,129.94,0,47,2,3,129.94,0.00,0.67,0.00,0,9.00,3,914.67,0,5,2,org.apache.http.entity.mime.content.AbstractContentBody,0.00,7,2,12,0,7,4,1,0,209,1
"org.apache.http.entity.mime.content.InputStreamBody",8,2.00,1.38,31,0.29,8189.64,10,2,5,12,5,129.42,0,45,3,3,129.42,0.00,0.67,0.00,0,8.00,3,884.79,0,4,2,org.apache.http.entity.mime.content.AbstractContentBody,0.00,4,2,11,0,4,4,1,0,202,1
"org.apache.http.entity.mime.content.StringBody",10,2.00,1.40,38,0.44,11006.09,12,2,12,20,6,129.17,0,59,4,3,129.17,0.00,0.67,0.00,0,10.00,3,1308.48,0,5,2,org.apache.http.entity.mime.content.AbstractContentBody,0.20,10,2,14,0,10,5,1,0,294,1
"org.apache.http.cookie.ClientCookie",2,10.00,1.00,13,0.17,2680.92,12,10,0,2,13,75.06,15,14,13,2,117.35,0.00,0.50,0.00,0,2.00,1,505.04,0,1,0,,0.00,0,1,2,0,0,1,0,3,108,1
"org.apache.http.cookie.Cookie",12,0.00,1.00,13,0.04,141.89,12,0,1,12,39,130.33,76,14,39,1,162.55,0.00,0.00,0.00,0,12.00,1,121.26,0,7,0,,0.00,0,0,12,0,0,5,0,13,57,1
"org.apache.http.cookie.CookieAttributeHandler",3,0.00,1.00,4,0.03,138.66,3,0,0,3,22,113.76,35,7,18,1,157.89,0.00,0.00,0.00,0,3.00,1,100.44,0,0,4,,0.00,0,0,3,0,0,3,0,4,33,1
"org.apache.http.cookie.CookieIdentityComparator",1,1.00,6.00,17,0.22,9862.47,2,1,2,6,3,49.11,11,22,2,1,93.24,0.00,0.00,0.00,0,1.00,6,659.33,0,0,1,java.lang.Object,0.00,5,0,6,0,5,1,2,2,134,1
"org.apache.http.cookie.CookieOrigin",6,4.00,2.00,41,0.42,15799.70,10,4,1,14,36,164.88,8,58,36,1,114.88,0.00,0.00,0.00,0,6.00,6,1260.12,0,3,0,java.lang.Object,0.00,8,0,12,0,8,3,0,1,271,2
"org.apache.http.cookie.CookiePathComparator",2,1.00,3.50,20,0.19,6129.32,3,1,2,6,3,63.66,15,26,2,1,105.96,0.00,0.00,0.00,1,2.00,4,578.05,0,1,1,java.lang.Object,0.00,4,0,7,0,4,1,2,2,129,1
"org.apache.http.cookie.CookieSpec",6,0.00,1.00,7,0.06,316.39,6,0,2,6,19,108.96,63,8,16,1,157.44,0.00,0.00,0.00,0,6.00,1,169.36,0,3,3,,0.00,0,0,6,0,0,3,0,7,56,1
"org.apache.http.cookie.CookieSpecFactory",1,0.00,1.00,2,0.01,30.51,1,0,1,1,7,115.86,6,3,6,1,148.08,0.00,0.00,0.00,0,1.00,1,25.51,0,1,1,,0.00,0,0,1,0,0,0,0,1,11,1
"org.apache.http.cookie.CookieSpecRegistry",7,0.33,1.86,32,0.38,9240.26,8,1,6,19,7,75.72,61,48,5,1,123.83,0.00,0.00,0.71,1,0.00,3,1133.41,0,3,2,java.lang.Object,0.00,12,0,13,0,12,4,0,7,250,2
"org.apache.http.cookie.MalformedCookieException",3,1.00,1.00,8,0.05,538.90,4,1,1,3,36,99.73,23,12,36,2,142.02,0.00,0.50,0.00,0,3.00,1,153.79,0,0,0,org.apache.http.ProtocolException,0.00,0,1,3,0,0,3,0,4,46,1
"org.apache.http.cookie.SM",0,0.00,0.00,5,0.05,743.92,4,4,0,0,8,171.00,7,6,8,1,171.00,0.00,0.00,0.00,0,0.00,0,163.50,0,0,0,,0.00,0,0,0,0,0,0,0,1,40,1
"org.apache.http.cookie.SetCookie",7,0.00,1.00,8,0.04,144.76,7,0,1,7,18,112.54,62,9,18,2,160.64,0.00,0.50,0.00,0,7.00,1,126.66,0,0,0,,0.00,0,1,7,0,0,7,0,7,49,1
"org.apache.http.cookie.SetCookie2",3,0.00,1.00,4,0.02,96.69,3,0,0,3,9,116.83,23,5,9,2,159.12,0.00,0.50,0.00,0,3.00,1,68.77,0,0,0,,0.00,0,1,3,0,0,3,0,4,26,1
"org.apache.http.cookie.TestCookieOrigin",8,0.00,1.50,29,0.28,3934.85,8,0,3,16,2,181.91,9,46,1,2,131.91,0.00,0.50,0.00,0,8.00,2,839.18,0,1,1,junit.framework.TestCase,0.00,8,1,12,0,8,7,0,7,205,1
"org.apache.http.cookie.TestCookiePathComparator",8,0.00,1.00,53,0.67,18911.33,8,0,5,14,4,115.41,5,62,1,2,115.41,0.00,0.50,0.00,0,8.00,1,1997.84,0,1,3,junit.framework.TestCase,0.00,6,1,8,0,6,7,0,3,432,1
"org.apache.http.cookie.TestCookiePolicy",5,0.08,2.20,64,0.75,29094.66,8,3,10,21,5,140.80,11,90,1,2,100.92,0.00,0.50,0.40,0,7.00,5,2252.53,0,1,4,junit.framework.TestCase,0.00,16,1,11,0,16,4,0,9,466,1
"org.apache.http.impl.cookie.AbstractCookieAttributeHandler",2,0.00,1.00,4,0.04,321.06,2,0,4,2,9,192.40,2,8,5,1,142.40,0.00,0.00,0.00,0,2.00,1,118.06,0,0,4,java.lang.Object,0.00,0,0,2,5,0,2,1,2,34,2
"org.apache.http.impl.cookie.AbstractCookieSpec",5,1.00,1.60,21,0.21,4252.71,6,1,5,11,5,93.14,31,32,3,1,125.36,0.00,0.00,0.00,1,5.00,3,637.28,0,3,2,java.lang.Object,0.00,6,0,8,6,6,2,1,5,150,2
"org.apache.http.impl.cookie.BasicClientCookie",25,0.05,1.12,91,0.80,22239.40,34,9,6,35,16,97.73,168,123,14,1,129.95,0.00,0.00,0.06,0,303.00,2,2411.10,1,10,2,java.lang.Object,0.00,10,0,28,1,10,15,3,31,576,1
"org.apache.http.impl.cookie.BasicClientCookie2",9,3.00,1.00,24,0.23,4034.33,12,3,2,9,6,188.89,13,39,4,2,138.89,0.00,0.50,0.00,1,9.00,1,700.14,3,2,2,org.apache.http.impl.cookie.BasicClientCookie,0.24,0,1,9,0,0,7,1,2,183,1
"org.apache.http.impl.cookie.BasicCommentHandler",2,0.00,1.50,7,0.06,1034.91,2,0,2,4,7,131.74,0,12,4,2,131.74,0.00,0.50,0.00,0,2.00,2,171.85,0,0,3,org.apache.http.impl.cookie.AbstractCookieAttributeHandler,0.00,2,1,3,0,2,2,0,0,44,1
"org.apache.http.impl.cookie.BasicDomainHandler",4,0.00,5.00,43,0.56,22856.61,4,0,5,17,8,143.63,8,70,3,1,103.74,0.00,0.00,0.00,0,4.00,9,1681.99,0,0,5,java.lang.Object,0.00,13,0,20,1,13,4,1,8,327,1
"org.apache.http.impl.cookie.BasicExpiresHandler",2,1.00,3.00,14,0.16,4394.70,3,1,2,6,9,112.91,1,24,4,2,112.91,0.00,0.50,0.00,0,2.00,4,484.94,0,0,5,org.apache.http.impl.cookie.AbstractCookieAttributeHandler,0.00,4,1,6,0,4,2,0,1,104,1
"org.apache.http.impl.cookie.BasicMaxAgeHandler",2,0.00,3.00,15,0.18,6546.40,2,0,3,8,7,111.54,0,26,4,2,111.54,0.00,0.50,0.00,0,2.00,5,535.09,0,0,3,org.apache.http.impl.cookie.AbstractCookieAttributeHandler,0.00,6,1,6,0,6,2,0,0,106,1
"org.apache.http.impl.cookie.BasicPathHandler",4,0.00,3.25,28,0.40,20180.29,4,0,5,16,9,110.05,2,46,4,1,110.05,0.00,0.00,0.00,0,4.00,7,1201.70,0,0,5,java.lang.Object,0.00,12,0,13,0,12,4,1,2,243,1
"org.apache.http.impl.cookie.BasicSecureHandler",3,0.00,2.00,13,0.14,3708.94,3,0,4,7,9,124.03,0,22,4,2,124.03,0.00,0.50,0.00,0,3.00,3,408.86,0,0,5,org.apache.http.impl.cookie.AbstractCookieAttributeHandler,0.00,4,1,6,0,4,3,0,0,94,1
"org.apache.http.impl.cookie.BestMatchSpec",12,0.12,3.25,101,1.07,45838.22,18,6,9,29,12,158.83,12,142,2,1,108.83,0.00,0.00,0.06,4,52.00,9,3207.18,0,7,10,java.lang.Object,0.00,17,0,39,0,17,5,1,5,657,1
"org.apache.http.impl.cookie.BestMatchSpecFactory",1,0.00,2.00,6,0.07,1728.53,1,0,4,4,5,84.10,6,11,1,1,116.32,0.00,0.00,0.00,0,1.00,2,219.84,0,1,4,java.lang.Object,0.00,3,0,2,0,3,0,1,1,50,1
"org.apache.http.impl.cookie.BrowserCompatSpec",6,0.50,3.50,82,1.21,73514.16,8,2,14,42,18,136.85,13,122,3,3,96.97,0.00,0.67,0.08,1,10.00,10,3618.02,1,3,15,org.apache.http.impl.cookie.CookieSpecBase,0.00,36,2,21,0,36,3,0,5,622,1
"org.apache.http.impl.cookie.BrowserCompatSpecFactory",1,0.00,2.00,6,0.06,1283.23,1,0,4,3,6,85.12,6,10,2,1,117.34,0.00,0.00,0.00,0,1.00,2,176.05,0,1,4,java.lang.Object,0.00,2,0,2,0,2,0,1,1,42,1
"org.apache.http.impl.cookie.CookieSpecBase",5,0.00,3.60,53,0.67,36695.24,5,0,9,27,9,152.96,9,68,3,2,102.96,4.00,0.17,0.00,2,5.00,5,2004.05,1,3,6,org.apache.http.impl.cookie.AbstractCookieSpec,0.00,22,1,18,4,22,2,0,3,377,2
"org.apache.http.impl.cookie.DateParseException",2,1.00,1.00,6,0.04,368.19,3,1,0,2,4,103.14,13,9,4,2,135.37,0.00,0.50,0.00,0,2.00,1,105.21,0,0,0,java.lang.Exception,0.00,0,1,2,0,0,2,0,3,32,1
"org.apache.http.impl.cookie.DateUtils",6,0.10,2.33,42,0.56,23128.88,12,6,9,17,8,90.90,86,67,7,1,111.04,0.00,0.00,0.08,2,14.00,7,1682.18,0,5,1,java.lang.Object,0.00,11,0,14,0,11,1,0,15,348,2
"org.apache.http.impl.cookie.DateUtils$DateFormatHolder",1,0.00,3.00,15,0.24,10625.71,1,0,9,12,0,57.61,12,23,0,1,95.17,0.00,0.00,0.00,0,1.00,3,724.08,0,1,0,java.lang.Object,0.00,11,0,3,0,11,0,0,1,149,2
"org.apache.http.impl.cookie.DateUtils$DateFormatHolder$ThreadLocal<SoftReference<Map<String,SimpleDateFormat>>>",1,0.00,1.00,3,0.06,1340.27,1,0,9,3,0,128.58,0,6,0,1,128.58,0.00,0.00,0.00,0,1.00,1,182.51,0,1,0,java.lang.Object,0.00,2,0,1,0,2,0,0,0,48,0
"org.apache.http.impl.cookie.NetscapeDomainHandler",4,0.00,2.75,28,0.40,13125.97,4,0,5,13,6,161.55,7,54,2,2,111.56,0.00,0.50,0.00,1,4.00,5,1212.73,1,0,4,org.apache.http.impl.cookie.BasicDomainHandler,0.00,9,1,11,0,9,4,0,2,246,1
"org.apache.http.impl.cookie.NetscapeDraftHeaderParser",2,0.33,2.50,18,0.28,11630.41,5,3,9,12,3,105.55,0,28,3,1,105.55,0.00,0.00,0.17,0,2.00,4,829.41,0,1,0,java.lang.Object,0.00,10,0,5,0,10,1,0,0,164,1
"org.apache.http.impl.cookie.NetscapeDraftSpec",6,0.50,2.83,66,0.87,43883.16,8,2,13,35,16,59.19,44,85,3,3,101.49,0.00,0.67,0.08,1,10.00,6,2621.13,1,3,13,org.apache.http.impl.cookie.CookieSpecBase,0.00,29,2,17,0,29,3,0,4,483,1
"org.apache.http.impl.cookie.NetscapeDraftSpecFactory",1,0.00,2.00,6,0.06,1283.23,1,0,4,3,6,85.12,6,10,2,1,117.34,0.00,0.00,0.00,0,1.00,2,176.05,0,1,4,java.lang.Object,0.00,2,0,2,0,2,0,1,1,42,1
"org.apache.http.impl.cookie.PublicSuffixFilter",7,0.22,2.14,32,0.44,15140.85,10,3,9,18,9,142.72,24,41,3,1,122.10,0.00,0.00,0.14,1,10.00,8,1305.31,0,0,6,java.lang.Object,0.00,11,0,15,0,11,7,1,6,280,1
"org.apache.http.impl.cookie.PublicSuffixListParser",3,0.25,4.67,36,0.50,21915.37,5,2,5,18,2,51.86,24,43,1,1,99.96,0.00,0.00,0.33,0,5.00,7,1506.21,0,0,1,java.lang.Object,0.00,15,0,14,0,15,3,0,8,282,1
"org.apache.http.impl.cookie.RFC2109DomainHandler",4,0.00,4.75,45,0.69,35691.57,4,0,6,18,9,100.69,3,78,4,1,100.69,0.00,0.00,0.00,0,4.00,10,2077.77,0,0,5,java.lang.Object,0.00,14,0,19,0,14,4,1,3,383,1
"org.apache.http.impl.cookie.RFC2109Spec",11,0.22,2.91,107,1.41,52127.31,15,4,13,44,19,126.83,36,150,4,3,106.21,0.50,0.50,0.05,5,29.00,5,4232.66,2,5,15,org.apache.http.impl.cookie.CookieSpecBase,0.00,33,2,32,1,33,6,0,7,833,1
"org.apache.http.impl.cookie.RFC2109SpecFactory",1,0.00,2.00,6,0.07,1728.53,1,0,4,4,6,84.10,6,11,2,1,116.32,0.00,0.00,0.00,0,1.00,2,219.84,0,1,4,java.lang.Object,0.00,3,0,2,0,3,0,1,1,50,1
"org.apache.http.impl.cookie.RFC2109VersionHandler",3,0.00,3.00,18,0.22,6144.97,3,0,4,11,7,115.64,0,33,2,2,115.64,0.00,0.50,0.00,0,3.00,5,667.17,0,0,5,org.apache.http.impl.cookie.AbstractCookieAttributeHandler,0.00,8,1,9,0,8,3,0,0,139,1
"org.apache.http.impl.cookie.RFC2965CommentUrlAttributeHandler",4,0.00,1.25,10,0.09,1445.55,4,0,6,5,7,139.58,3,18,1,1,139.58,0.00,0.00,0.00,0,4.00,2,270.32,0,0,6,java.lang.Object,0.00,1,0,5,0,1,4,1,1,72,1
"org.apache.http.impl.cookie.RFC2965DiscardAttributeHandler",4,0.00,1.25,10,0.09,1361.35,4,0,6,5,7,139.78,3,18,1,1,139.78,0.00,0.00,0.00,0,4.00,2,272.57,0,0,6,java.lang.Object,0.00,1,0,5,0,1,4,1,1,72,1
"org.apache.http.impl.cookie.RFC2965DomainAttributeHandler",5,0.00,4.20,51,0.93,50722.68,5,0,7,22,7,51.82,46,95,1,1,101.82,0.00,0.00,0.00,0,5.00,10,2804.53,0,0,6,java.lang.Object,0.00,17,0,21,0,17,5,1,20,500,1
"org.apache.http.impl.cookie.RFC2965PortAttributeHandler",6,0.00,3.83,54,0.69,29560.25,6,0,8,20,8,88.14,34,84,1,1,106.02,0.00,0.00,0.00,1,6.00,6,2058.94,0,0,7,java.lang.Object,0.00,14,0,23,0,14,6,1,7,404,1
"org.apache.http.impl.cookie.RFC2965Spec",11,0.00,2.91,110,1.54,82685.42,11,0,16,54,16,123.54,33,153,3,4,102.93,0.00,0.75,0.00,2,11.00,7,4627.87,7,5,13,org.apache.http.impl.cookie.RFC2109Spec,0.25,43,3,32,0,43,6,0,11,857,1
"org.apache.http.impl.cookie.RFC2965SpecFactory",1,0.00,2.00,6,0.07,1728.53,1,0,4,4,5,84.10,6,11,1,1,116.32,0.00,0.00,0.00,0,1.00,2,219.84,0,1,4,java.lang.Object,0.00,3,0,2,0,3,0,1,1,50,1
"org.apache.http.impl.cookie.RFC2965VersionAttributeHandler",4,0.00,2.75,23,0.26,8270.48,4,0,7,9,8,158.47,9,41,1,1,118.59,0.00,0.00,0.00,0,4.00,5,774.57,0,0,7,java.lang.Object,0.00,5,0,11,0,5,4,1,3,163,1
"org.apache.http.impl.cookie.TestAbstractCookieSpec",6,0.00,1.50,46,0.53,17080.82,6,0,12,23,7,112.18,4,59,1,2,112.18,0.00,0.50,0.00,0,6.00,3,1595.25,0,1,6,junit.framework.TestCase,0.00,17,1,9,0,17,5,0,4,337,1
"org.apache.http.impl.cookie.TestAbstractCookieSpec$DummyCookieAttribHandler",3,0.00,1.00,5,0.05,308.89,3,0,12,3,5,155.15,0,9,0,1,155.15,0.00,0.00,0.00,0,3.00,1,138.78,0,0,5,java.lang.Object,0.00,0,0,3,0,0,3,1,0,41,2
"org.apache.http.impl.cookie.TestAbstractCookieSpec$DummyCookieSpec",6,0.00,1.00,12,0.09,872.49,6,0,12,6,4,142.74,0,19,0,2,142.74,0.00,0.50,0.00,0,6.00,1,277.42,0,3,4,org.apache.http.impl.cookie.AbstractCookieSpec,0.00,0,1,6,0,0,3,0,0,79,2
"org.apache.http.impl.cookie.TestBasicCookieAttribHandlers",34,0.00,1.76,267,3.23,78160.60,34,0,21,71,14,112.87,27,354,1,2,112.87,0.00,0.50,0.00,0,34.00,6,9693.93,0,1,13,junit.framework.TestCase,0.00,37,1,60,0,37,33,0,27,2016,1
"org.apache.http.impl.cookie.TestBrowserCompatSpec",57,0.00,1.77,690,10.99,365164.25,57,0,13,94,9,150.64,76,740,1,2,100.64,0.00,0.50,0.00,1,57.00,9,32960.53,0,1,8,junit.framework.TestCase,0.00,37,1,101,0,37,56,0,39,5926,1
"org.apache.http.impl.cookie.TestCookieBestMatchSpec",12,0.00,1.92,153,2.15,69063.12,12,0,13,46,10,140.87,29,172,1,2,100.98,0.00,0.50,0.00,0,12.00,5,6449.30,0,1,9,junit.framework.TestCase,0.00,34,1,23,0,34,11,0,23,1191,1
"org.apache.http.impl.cookie.TestCookieNetscapeDraft",13,0.00,2.00,141,2.13,60990.97,13,0,12,39,8,144.51,29,165,1,2,104.63,0.00,0.50,0.00,0,13.00,5,6384.02,0,1,7,junit.framework.TestCase,0.00,26,1,26,0,26,12,0,15,1174,1
"org.apache.http.impl.cookie.TestCookieRFC2109Spec",21,0.00,2.14,277,4.00,126935.43,21,0,12,50,9,139.38,57,334,1,2,99.49,0.00,0.50,0.00,0,21.00,6,11985.41,0,1,8,junit.framework.TestCase,0.00,29,1,45,0,29,20,0,26,2197,1
"org.apache.http.impl.cookie.TestCookieRFC2965Spec",48,0.00,1.77,648,9.45,331884.69,48,0,13,96,8,119.69,167,699,1,2,99.08,0.00,0.50,0.00,0,48.00,6,28351.43,0,1,7,junit.framework.TestCase,0.00,48,1,85,0,48,47,0,95,5144,1
"org.apache.http.impl.cookie.TestDateUtils",9,0.00,1.44,72,0.94,27708.75,9,0,5,22,3,159.76,9,95,1,2,109.76,0.00,0.50,0.00,0,9.00,5,2812.61,0,1,2,junit.framework.TestCase,0.00,13,1,13,0,13,8,0,5,577,1
"org.apache.http.impl.cookie.TestNetscapeCookieAttribHandlers",10,0.00,1.70,74,0.87,19083.44,10,0,6,22,6,113.52,8,99,1,2,113.52,0.00,0.50,0.00,0,10.00,3,2597.22,0,1,5,junit.framework.TestCase,0.00,12,1,17,0,12,9,0,8,536,1
"org.apache.http.impl.cookie.TestNetscapeDraftHeaderParser",4,0.00,1.00,35,0.52,16671.55,4,0,7,21,2,158.81,5,41,1,2,108.81,0.00,0.50,0.00,0,4.00,1,1552.15,0,1,1,junit.framework.TestCase,0.00,17,1,4,0,17,3,0,1,292,1
"org.apache.http.impl.cookie.TestPublicSuffixListParser",6,0.10,1.17,44,0.65,16850.86,8,2,7,24,6,112.28,4,53,1,2,112.28,0.00,0.50,0.42,0,0.00,2,1943.69,0,1,5,junit.framework.TestCase,0.00,18,1,7,0,18,5,0,4,408,1
"org.apache.http.impl.cookie.TestRFC2109CookieAttribHandlers",17,0.00,2.18,149,1.70,43924.09,17,0,6,35,7,160.26,21,207,1,2,110.26,0.00,0.50,0.00,0,17.00,6,5096.43,0,1,6,junit.framework.TestCase,0.00,18,1,37,0,18,16,0,21,1051,1
"org.apache.http.examples.conn.ManagerConnectDirect",6,0.10,1.50,59,0.85,43165.49,8,2,20,36,9,54.94,57,72,0,1,104.94,0.00,0.00,0.42,5,6.00,4,2535.82,0,4,9,java.lang.Object,0.00,30,0,9,0,30,2,0,16,442,1
"org.apache.http.examples.conn.ManagerConnectProxy",8,0.21,1.50,87,1.32,72974.66,10,2,21,45,10,54.31,70,107,0,1,102.42,0.00,0.00,0.31,7,16.00,4,3968.57,0,5,10,java.lang.Object,0.00,37,0,12,0,37,3,0,21,677,1
"org.apache.http.examples.conn.OperatorConnectDirect",6,0.20,1.17,46,0.58,18801.06,8,2,18,28,7,61.91,58,53,0,1,111.91,0.00,0.00,0.33,4,10.00,2,1727.70,0,4,7,java.lang.Object,0.00,22,0,7,0,22,2,0,17,329,1
"org.apache.http.examples.conn.OperatorConnectProxy",8,0.29,1.25,74,1.04,43450.98,10,2,19,37,8,55.94,76,87,0,1,105.94,0.00,0.00,0.25,6,18.00,2,3109.53,0,5,8,java.lang.Object,0.00,29,0,10,0,29,3,0,27,565,1
"org.apache.http.client.params.AllClientPNames",0,0.00,0.00,1,0.02,96.21,0,0,7,0,5,171.00,16,5,0,9,171.00,0.00,0.89,0.00,0,0.00,0,48.11,0,0,5,,0.00,0,8,0,0,0,0,0,2,13,1
"org.apache.http.client.params.AuthPolicy",1,3.00,1.00,6,0.05,583.15,4,3,0,1,1,82.63,12,8,1,1,120.19,0.00,0.00,0.00,0,1.00,1,143.12,0,0,0,java.lang.Object,0.00,0,0,1,0,0,1,0,3,39,2
"org.apache.http.client.params.ClientPNames",0,0.00,0.00,12,0.17,2530.15,11,11,0,0,9,171.00,80,13,9,1,171.00,0.00,0.00,0.00,0,0.00,0,510.28,0,0,0,,0.00,0,0,0,0,0,0,0,12,103,1
"org.apache.http.client.params.ClientParamBean",12,0.00,1.00,25,0.26,2635.86,12,0,6,15,2,141.33,0,38,0,2,141.33,0.00,0.50,0.00,0,12.00,1,773.86,0,0,2,org.apache.http.params.HttpAbstractParamBean,0.00,3,1,12,0,3,12,0,0,206,1
"org.apache.http.client.params.CookiePolicy",1,5.00,1.00,8,0.08,1027.37,6,5,0,1,3,113.12,16,10,3,1,113.60,0.00,0.00,0.00,0,1.00,1,230.49,0,0,0,java.lang.Object,0.00,0,0,1,0,0,1,0,5,57,2
"org.apache.http.client.params.HttpClientParams",7,0.00,2.00,30,0.32,7309.77,7,0,1,12,4,174.61,9,50,2,1,124.61,0.00,0.00,0.00,0,7.00,3,970.96,0,1,2,java.lang.Object,0.00,5,0,14,0,5,6,0,1,218,1
"org.apache.http.impl.conn.AbstractClientConnAdapter",29,0.05,1.41,136,1.00,16014.57,35,6,15,54,7,147.48,97,187,4,1,126.87,0.00,0.00,0.11,5,246.00,4,3007.53,0,7,3,java.lang.Object,0.00,25,0,41,4,25,22,1,48,741,2
"org.apache.http.impl.conn.AbstractPoolEntry",8,0.00,3.12,68,0.91,33968.04,13,5,8,27,8,98.12,122,114,4,1,108.48,0.00,0.00,0.20,3,10.00,7,2734.85,0,1,4,java.lang.Object,0.00,19,0,25,2,19,7,0,42,543,2
"org.apache.http.impl.conn.AbstractPooledConnAdapter",12,0.09,1.50,42,0.37,5629.53,13,1,7,23,7,152.69,44,67,2,2,132.07,2.00,0.25,0.92,1,0.00,3,1113.17,2,2,5,org.apache.http.impl.conn.AbstractClientConnAdapter,0.05,11,1,18,2,11,10,0,14,283,2
"org.apache.http.impl.conn.ClientConnAdapterMockup",10,0.00,1.00,19,0.15,1332.56,10,0,6,11,7,154.27,3,30,4,2,154.27,0.00,0.50,0.00,0,10.00,1,454.73,0,2,3,org.apache.http.impl.conn.AbstractClientConnAdapter,0.00,1,1,10,0,1,8,0,1,128,1
"org.apache.http.impl.conn.DefaultClientConnection",14,0.05,1.86,78,0.91,24143.30,21,7,16,33,6,159.18,38,132,1,2,119.30,0.00,0.50,0.09,0,86.00,4,2743.38,6,6,5,org.apache.http.impl.SocketHttpClientConnection,0.00,19,1,26,0,19,8,1,16,585,1
"org.apache.http.impl.conn.DefaultClientConnectionOperator",5,0.50,3.60,51,0.78,29332.98,6,1,15,31,14,55.62,41,98,6,1,103.73,0.00,0.00,0.60,1,2.00,7,2348.96,0,1,8,java.lang.Object,0.00,26,0,18,0,26,4,1,16,427,1
"org.apache.http.impl.conn.DefaultHttpRoutePlanner",2,0.00,3.50,22,0.29,12110.47,3,1,10,12,6,52.08,19,39,1,1,102.08,0.00,0.00,1.00,0,0.00,5,865.94,0,1,5,java.lang.Object,0.00,10,0,7,0,10,1,1,9,168,1
"org.apache.http.impl.conn.DefaultResponseParser",2,3.00,3.00,28,0.41,20509.43,5,3,14,14,2,117.02,6,43,1,2,96.41,0.00,0.50,0.00,0,2.00,4,1227.76,0,1,1,org.apache.http.impl.io.AbstractMessageParser,0.00,12,1,6,0,12,1,0,6,226,1
"org.apache.http.impl.conn.ExecReqThread",6,0.15,1.67,32,0.41,12919.32,10,4,10,16,4,100.69,34,54,1,3,118.56,0.00,0.67,0.38,2,2.00,4,1226.25,1,1,3,org.apache.http.impl.conn.GetConnThread,0.27,10,2,10,0,10,5,0,8,255,1
"org.apache.http.impl.conn.ExecReqThread$RequestSpec",0,0.00,0.00,5,0.03,237.96,4,4,10,0,0,171.00,0,6,0,1,171.00,0.00,0.00,0.00,0,0.00,0,95.18,0,0,0,java.lang.Object,0.00,0,0,0,0,0,0,0,0,25,2
"org.apache.http.impl.conn.GetConnThread",5,0.20,1.20,20,0.17,2000.65,10,5,5,7,7,128.24,21,32,3,2,128.01,1.00,0.33,0.36,0,5.00,2,503.36,0,2,4,java.lang.Thread,0.00,2,1,6,1,2,3,0,5,125,1
"org.apache.http.impl.conn.Helper",2,0.00,1.00,12,0.19,6135.94,2,0,10,11,2,114.75,8,22,2,1,114.52,0.00,0.00,0.00,0,2.00,1,570.64,0,1,0,java.lang.Object,0.00,9,0,2,0,9,1,0,4,114,2
"org.apache.http.impl.conn.IdleConnectionHandler",6,0.30,3.00,52,0.66,20260.02,8,2,8,22,1,77.05,36,75,1,1,109.27,0.00,0.00,0.75,0,0.00,6,1966.03,0,0,0,java.lang.Object,0.00,16,0,18,0,16,6,0,8,387,1
"org.apache.http.impl.conn.IdleConnectionHandler$TimeValues",1,2.00,2.00,9,0.08,1672.07,3,2,8,2,0,91.99,5,12,0,1,109.86,0.00,0.00,0.00,0,1.00,2,248.23,0,0,0,java.lang.Object,0.00,1,0,2,0,1,1,0,1,60,2
"org.apache.http.impl.conn.LoggingSessionInputBuffer",8,2.00,1.62,38,0.49,15935.59,10,2,4,13,2,162.33,16,52,1,1,122.45,0.00,0.00,0.00,4,8.00,2,1460.65,0,2,1,java.lang.Object,0.00,5,0,13,0,5,6,1,4,328,1
"org.apache.http.impl.conn.LoggingSessionOutputBuffer",8,2.00,1.62,32,0.38,7681.21,10,2,4,13,2,174.94,14,46,1,1,124.94,0.00,0.00,0.00,4,8.00,2,1134.16,0,1,1,java.lang.Object,0.00,5,0,13,0,5,7,1,4,272,1
"org.apache.http.impl.conn.ProxySelectorRoutePlanner",7,0.42,3.43,63,0.88,43681.18,9,2,16,31,6,67.67,87,106,1,1,105.24,0.00,0.00,0.14,3,12.00,7,2640.46,0,5,5,java.lang.Object,0.00,24,0,24,0,24,2,1,27,497,1
"org.apache.http.impl.conn.SingleClientConnManager",12,0.06,3.33,105,1.30,50252.64,22,10,12,34,15,60.41,100,172,7,1,108.51,0.00,0.00,0.16,5,28.00,10,3904.09,1,4,8,java.lang.Object,0.00,22,0,40,1,22,8,1,44,743,1
"org.apache.http.impl.conn.SingleClientConnManager$ClientConnectionRequest",2,0.00,1.00,4,0.03,280.21,2,0,12,3,2,142.87,1,8,0,1,142.87,0.00,0.00,0.00,0,2.00,1,95.61,0,1,2,java.lang.Object,0.00,1,0,2,0,1,1,0,1,28,0
"org.apache.http.impl.conn.SingleClientConnManager$ConnAdapter",1,0.00,1.00,5,0.04,437.34,1,0,12,1,3,91.91,6,7,0,3,124.13,0.00,0.67,0.00,0,1.00,1,109.28,1,0,3,org.apache.http.impl.conn.AbstractPooledConnAdapter,0.00,0,2,1,0,0,1,0,1,30,1
"org.apache.http.impl.conn.SingleClientConnManager$PoolEntry",3,0.00,1.67,9,0.07,868.74,3,0,12,6,2,154.31,10,17,0,2,133.70,0.00,0.50,0.00,0,1.00,2,215.90,1,0,2,org.apache.http.impl.conn.AbstractPoolEntry,0.00,3,1,5,0,3,3,0,3,61,1
"org.apache.http.impl.conn.TestLocalServer",5,0.00,1.60,51,0.88,35032.05,5,0,14,32,5,103.31,4,79,1,3,103.31,0.00,0.67,0.00,0,7.00,4,2648.38,2,1,4,org.apache.http.localserver.ServerTestBase,0.00,27,2,8,0,27,4,0,1,460,1
"org.apache.http.impl.conn.TestProxySelRoutePlanner",6,0.00,1.00,34,0.59,13452.73,6,0,19,29,9,168.54,8,51,1,2,118.54,0.00,0.50,0.00,1,6.00,1,1762.17,0,2,8,junit.framework.TestCase,0.00,23,1,6,0,23,4,0,2,336,1
"org.apache.http.impl.conn.TestSCMWithServer",7,0.00,1.29,92,1.54,67737.91,7,0,17,35,9,98.24,29,118,1,3,98.00,0.00,0.67,0.00,1,3.00,3,4614.49,1,2,8,org.apache.http.localserver.ServerTestBase,0.00,28,2,9,0,28,5,0,15,786,1
"org.apache.http.impl.conn.TestTSCCMNoServer",19,0.00,2.11,276,4.03,148736.95,19,0,21,62,15,97.65,94,375,1,2,97.41,0.00,0.50,0.00,4,19.00,6,12075.80,0,6,14,junit.framework.TestCase,0.00,43,1,40,0,43,13,0,74,2139,1
"org.apache.http.impl.conn.TestTSCCMWithServer",17,0.00,2.47,375,6.48,306964.35,17,0,38,86,20,44.91,134,467,1,3,87.20,0.00,0.67,0.00,2,0.00,6,19451.97,1,4,19,org.apache.http.localserver.ServerTestBase,0.00,69,2,42,0,69,13,0,109,3088,1
"org.apache.http.impl.conn.TestTSCCMWithServer$LatchSupport",3,0.00,2.00,14,0.15,2494.46,6,3,38,7,0,125.39,0,22,0,1,125.39,0.00,0.00,0.33,0,1.00,3,454.30,0,0,0,java.lang.Object,0.00,4,0,6,0,4,3,0,0,109,2
"org.apache.http.impl.conn.TestTSCCMWithServer$Runnable",1,0.00,2.00,7,0.05,543.52,1,0,38,5,0,117.78,0,10,0,1,117.78,0.00,0.00,0.00,0,1.00,2,148.18,0,0,0,java.lang.Object,0.00,4,0,2,0,4,1,0,0,37,0
"org.apache.http.impl.conn.TestTSCCMWithServer$Runnable_0",1,0.00,2.00,7,0.05,543.52,1,0,38,5,0,117.78,0,10,0,1,117.78,0.00,0.00,0.00,0,1.00,2,148.18,0,0,0,java.lang.Object,0.00,4,0,2,0,4,1,0,0,37,0
"org.apache.http.impl.conn.TestTSCCMWithServer$Runnable_1",1,0.00,2.00,7,0.05,543.52,1,0,38,5,0,117.78,0,10,0,1,117.78,0.00,0.00,0.00,0,1.00,2,148.18,0,0,0,java.lang.Object,0.00,4,0,2,0,4,1,0,0,37,0
"org.apache.http.impl.conn.TestTSCCMWithServer$Runnable_2",1,0.00,2.00,7,0.05,598.45,1,0,38,6,0,117.45,0,10,0,1,117.45,0.00,0.00,0.00,0,1.00,2,163.59,0,0,0,java.lang.Object,0.00,5,0,2,0,5,1,0,0,40,0
"org.apache.http.impl.conn.TestTSCCMWithServer$StallingOperator",4,0.33,1.25,12,0.15,2116.76,5,1,38,8,2,131.70,0,23,0,2,131.70,0.00,0.50,0.75,0,0.00,2,444.68,0,1,2,org.apache.http.impl.conn.LatchSupport,0.00,4,1,5,0,4,3,1,0,108,2
"org.apache.http.impl.conn.TestTSCCMWithServer$StallingSocketFactory",4,0.33,1.75,15,0.19,3749.36,5,1,38,8,2,129.67,0,28,0,2,129.67,0.00,0.50,0.75,0,0.00,3,579.04,0,2,2,org.apache.http.impl.conn.LatchSupport,0.00,4,1,7,0,4,2,1,0,133,2
"org.apache.http.impl.conn.TestTSCCMWithServer$ThreadSafeClientConnManager",1,0.00,1.00,4,0.05,781.45,1,0,38,4,2,125.76,0,7,0,1,125.76,0.00,0.00,0.00,0,1.00,1,160.46,1,1,2,java.lang.Object,0.00,3,0,1,0,3,0,0,0,39,0
"org.apache.http.impl.conn.TestTSCCMWithServer$WaitPolicy",0,0.00,0.00,2,0.01,36.00,0,0,38,0,1,171.00,0,1,0,1,171.00,0.00,0.00,0.00,0,0.00,0,24.00,0,0,1,java.lang.Object,0.00,0,0,0,0,0,0,1,0,8,1
"org.apache.http.impl.conn.Wire",13,0.92,2.00,65,0.76,26865.48,14,1,4,25,3,118.66,7,101,3,1,118.66,0.00,0.00,0.15,3,31.00,6,2283.93,0,0,0,java.lang.Object,0.00,12,0,26,0,12,13,0,1,484,1
"org.apache.http.conn.ssl.AbstractVerifier",11,1.00,3.82,129,1.81,106786.72,12,1,18,51,6,50.45,107,181,4,1,100.45,0.00,0.00,0.09,4,20.00,12,5434.48,0,3,2,java.lang.Object,0.00,40,0,42,3,40,8,1,34,982,2
"org.apache.http.conn.ssl.AllowAllHostnameVerifier",2,0.00,1.00,4,0.04,408.67,2,0,0,2,3,162.19,7,11,2,2,141.58,0.00,0.50,0.00,0,2.00,1,115.83,0,1,1,org.apache.http.conn.ssl.AbstractVerifier,0.00,0,1,2,0,0,1,0,2,35,1
"org.apache.http.conn.ssl.BrowserCompatHostnameVerifier",2,0.00,1.00,5,0.05,834.81,2,0,1,2,3,106.91,12,12,2,2,139.13,0.00,0.50,0.00,1,2.00,1,158.60,0,1,1,org.apache.http.conn.ssl.AbstractVerifier,0.00,0,1,2,0,0,1,0,1,44,1
"org.apache.http.conn.ssl.CertificatesToPlayWith",0,0.00,0.00,21,2.45,58544.74,20,20,0,1,2,171.00,56,369,2,1,171.00,0.00,0.00,0.00,0,0.00,0,7352.93,0,0,0,,0.00,1,0,0,0,1,0,0,14,900,1
"org.apache.http.conn.ssl.SSLSocketFactory",16,0.05,2.19,104,1.45,58045.22,27,11,24,42,16,71.47,121,189,9,1,113.76,0.00,0.00,0.05,2,92.00,10,4335.77,0,6,7,java.lang.Object,0.00,26,0,35,0,26,10,1,18,853,1
"org.apache.http.conn.ssl.StrictHostnameVerifier",2,0.00,1.00,5,0.05,834.81,2,0,1,2,3,89.14,19,12,2,2,139.13,0.00,0.50,0.00,1,2.00,1,158.60,0,1,1,org.apache.http.conn.ssl.AbstractVerifier,0.00,0,1,2,0,0,1,0,1,44,1
"org.apache.http.conn.ssl.TestHostnameVerifier",6,0.00,1.50,137,1.75,167109.68,6,0,8,20,7,67.96,32,154,1,2,85.83,0.00,0.50,0.00,1,14.00,3,5256.74,0,1,6,junit.framework.TestCase,0.00,14,1,9,0,14,5,1,21,955,1
"org.apache.http.conn.ssl.TestSSLSocketFactory",4,0.00,1.00,54,1.03,31457.04,4,0,27,52,7,148.77,7,74,1,2,98.77,0.00,0.50,0.00,0,6.00,1,3088.14,0,1,6,junit.framework.TestCase,0.00,48,1,4,0,48,3,1,2,484,1
"org.apache.http.conn.ssl.TestSSLSocketFactory$TestX509HostnameVerifier",5,1.00,1.00,10,0.09,862.48,6,1,27,5,1,142.16,0,16,0,1,142.16,0.00,0.00,0.00,0,5.00,1,284.16,0,0,1,java.lang.Object,0.00,0,0,5,0,0,5,1,0,78,1
"org.apache.http.conn.ssl.X509HostnameVerifier",4,0.00,1.00,5,0.05,284.39,4,0,6,4,4,108.31,33,7,4,2,156.42,0.00,0.50,0.00,0,4.00,1,156.97,0,0,0,,0.00,0,1,4,0,0,4,0,2,49,1
"org.apache.http.examples.client.ClientAbortMethod",1,0.00,2.00,13,0.20,7291.63,1,0,5,10,3,81.00,5,16,0,1,98.87,0.00,0.00,0.00,0,1.00,2,590.37,0,0,3,java.lang.Object,0.00,9,0,2,0,9,1,0,3,112,1
"org.apache.http.examples.client.ClientAuthentication",1,0.00,3.00,14,0.23,7283.86,1,0,6,14,4,97.81,4,20,0,1,97.58,0.00,0.00,0.00,0,1.00,3,694.95,0,0,4,java.lang.Object,0.00,13,0,3,0,13,1,0,1,127,1
"org.apache.http.examples.client.ClientChunkEncodedPost",1,0.00,4.00,22,0.36,13994.00,1,0,8,18,3,39.85,8,29,0,1,87.96,0.00,0.00,0.00,0,1.00,4,1088.96,0,0,3,java.lang.Object,0.00,17,0,4,0,17,1,0,6,187,1
"org.apache.http.examples.client.ClientConnectionRelease",1,0.00,4.00,18,0.28,13466.89,1,0,8,14,3,80.98,15,26,0,1,91.34,0.00,0.00,0.00,0,1.00,4,838.55,0,0,3,java.lang.Object,0.00,13,0,4,0,13,1,0,12,149,1
"org.apache.http.examples.client.ClientCustomContext",1,0.00,3.00,22,0.35,16265.47,1,0,12,15,7,37.51,9,23,0,1,87.51,0.00,0.00,0.00,0,1.00,3,1055.89,0,0,7,java.lang.Object,0.00,14,0,3,0,14,1,0,6,178,1
"org.apache.http.examples.client.ClientCustomSSL",1,0.00,3.00,21,0.36,14430.00,1,0,9,22,4,88.91,4,27,0,1,88.67,0.00,0.00,0.00,0,1.00,3,1076.00,0,0,4,java.lang.Object,0.00,21,0,3,0,21,1,0,1,182,1
"org.apache.http.examples.client.ClientExecuteDirect",5,0.12,1.60,43,0.54,21699.14,7,2,19,24,8,58.56,46,55,0,1,108.56,0.00,0.00,0.40,4,6.00,4,1631.99,0,3,8,java.lang.Object,0.00,19,0,8,0,19,2,0,19,313,1
"org.apache.http.examples.client.ClientExecuteProxy",5,0.12,1.60,47,0.65,26183.69,7,2,21,27,10,56.01,47,61,0,1,106.01,0.00,0.00,0.40,4,6.00,4,1946.75,0,3,10,java.lang.Object,0.00,22,0,8,0,22,2,0,20,361,1
"org.apache.http.examples.client.ClientFormLogin",1,0.00,7.00,39,0.64,40490.81,1,0,12,19,5,75.16,4,44,0,1,74.92,0.00,0.00,0.00,0,1.00,7,1926.11,0,0,5,java.lang.Object,0.00,18,0,7,0,18,1,0,1,311,1
"org.apache.http.examples.client.ClientGZipContentCompression",1,0.00,2.00,20,0.31,14418.17,1,0,16,15,2,69.42,14,23,0,1,89.56,0.00,0.00,0.00,0,1.00,2,934.76,0,0,2,java.lang.Object,0.00,14,0,2,0,14,1,0,2,172,1
"org.apache.http.examples.client.ClientGZipContentCompression$GzipDecompressingEntity",3,0.00,1.00,8,0.07,1103.47,3,0,16,5,0,139.57,2,15,0,2,139.57,0.00,0.50,0.00,0,3.00,1,196.14,0,1,0,org.apache.http.entity.HttpEntityWrapper,0.00,2,1,3,0,2,2,0,2,54,1
"org.apache.http.examples.client.ClientGZipContentCompression$HttpRequestInterceptor",1,0.00,2.00,4,0.05,753.20,1,0,16,3,0,125.73,0,8,0,1,125.73,0.00,0.00,0.00,0,1.00,2,139.77,0,0,0,java.lang.Object,0.00,2,0,2,0,2,1,0,0,34,0
"org.apache.http.examples.client.ClientGZipContentCompression$HttpResponseInterceptor",1,0.00,4.00,13,0.16,5529.91,1,0,16,8,0,99.66,0,17,0,1,99.66,0.00,0.00,0.00,0,1.00,4,485.51,0,0,0,java.lang.Object,0.00,7,0,4,0,7,1,0,0,92,0
"org.apache.http.examples.client.ClientInteractiveAuthentication",1,0.00,7.00,39,0.68,37763.70,1,0,14,24,7,27.05,8,47,0,1,75.16,0.00,0.00,0.00,0,1.00,7,2047.86,0,0,7,java.lang.Object,0.00,23,0,7,0,23,1,0,5,319,1
"org.apache.http.examples.client.ClientMultiThreadedExecution",1,0.00,3.00,24,0.35,12474.61,1,0,19,14,10,86.54,16,29,0,1,87.01,0.00,0.00,0.00,0,1.00,3,1042.21,0,0,10,java.lang.Object,0.00,13,0,3,0,13,1,0,10,180,1
"org.apache.http.examples.client.ClientMultiThreadedExecution$GetThread",2,0.50,2.00,21,0.28,7654.46,6,4,19,9,2,145.21,5,28,0,2,105.32,0.00,0.50,0.50,0,2.00,3,853.93,0,0,2,java.lang.Thread,0.00,7,1,4,0,7,2,0,3,173,1
"org.apache.http.examples.client.ClientPreemptiveBasicAuthentication",1,0.00,3.00,24,0.38,15398.65,1,0,20,20,10,56.91,13,27,0,1,86.29,0.00,0.00,0.00,0,1.00,3,1140.09,0,0,10,java.lang.Object,0.00,19,0,3,0,19,1,0,4,193,1
"org.apache.http.examples.client.ClientPreemptiveBasicAuthentication$PreemptiveAuth",1,0.00,4.00,13,0.23,7674.62,1,0,20,10,6,148.53,1,27,0,1,98.53,0.00,0.00,0.00,0,1.00,4,693.17,0,0,6,java.lang.Object,0.00,9,0,4,0,9,1,1,1,128,1
"org.apache.http.examples.client.ClientPreemptiveDigestAuthentication",1,0.00,3.00,28,0.44,17515.06,1,0,21,23,10,82.88,16,31,0,1,83.35,0.00,0.00,0.00,0,1.00,3,1326.09,0,0,10,java.lang.Object,0.00,22,0,3,0,22,1,0,7,221,1
"org.apache.http.examples.client.ClientPreemptiveDigestAuthentication$PersistentDigest",1,0.00,3.00,7,0.09,2017.40,1,0,21,4,3,133.81,3,14,0,1,113.20,0.00,0.00,0.00,0,1.00,3,283.04,0,0,3,java.lang.Object,0.00,3,0,3,0,3,1,1,3,60,1
"org.apache.http.examples.client.ClientPreemptiveDigestAuthentication$PreemptiveAuth",1,0.00,4.00,13,0.23,7674.62,1,0,21,10,6,148.53,1,27,0,1,98.53,0.00,0.00,0.00,0,1.00,4,693.17,0,0,6,java.lang.Object,0.00,9,0,4,0,9,1,1,1,128,1
"org.apache.http.examples.client.ClientProxyAuthentication",1,0.00,3.00,19,0.35,12163.54,1,0,8,17,5,91.11,4,26,0,1,90.88,0.00,0.00,0.00,0,1.00,3,1041.71,0,0,5,java.lang.Object,0.00,16,0,3,0,16,1,0,1,179,1
"org.apache.http.examples.client.ClientWithResponseHandler",1,0.00,1.00,9,0.13,4512.65,1,0,5,7,5,88.75,5,11,0,1,106.63,0.00,0.00,0.00,0,1.00,1,400.91,0,0,5,java.lang.Object,0.00,6,0,1,0,6,1,0,2,80,1
"org.apache.http.conn.params.ConnConnectionPNames",0,0.00,0.00,2,0.01,157.40,1,1,0,0,2,171.00,25,3,2,1,171.00,0.00,0.00,0.00,0,0.00,0,44.97,0,0,0,,0.00,0,0,0,0,0,0,0,2,13,1
"org.apache.http.conn.params.ConnConnectionParamBean",2,0.00,1.00,5,0.04,358.43,2,0,2,3,1,142.26,8,8,0,2,142.03,0.00,0.50,0.00,0,2.00,1,115.10,0,0,1,org.apache.http.params.HttpAbstractParamBean,0.00,1,1,2,0,1,2,0,2,34,1
"org.apache.http.conn.params.ConnManagerPNames",0,0.00,0.00,4,0.04,529.87,3,3,0,0,2,171.00,31,5,2,1,171.00,0.00,0.00,0.00,0,0.00,0,121.11,0,0,0,,0.00,0,0,0,0,0,0,0,4,31,1
"org.apache.http.conn.params.ConnManagerParamBean",4,0.00,1.00,9,0.08,795.33,4,0,2,7,2,191.67,7,14,0,2,141.67,0.00,0.50,0.00,0,4.00,1,244.55,0,0,2,org.apache.http.params.HttpAbstractParamBean,0.00,3,1,4,0,3,4,0,3,68,1
"org.apache.http.conn.params.ConnManagerParams",6,1.00,2.17,31,0.33,7753.27,7,1,2,14,14,71.77,65,53,11,1,120.25,0.00,0.00,0.17,0,18.00,3,987.54,0,1,3,java.lang.Object,0.00,8,0,13,0,8,5,1,9,222,2
"org.apache.http.conn.params.ConnManagerParams$ConnPerRoute",1,0.00,1.00,3,0.02,141.06,1,0,2,1,2,136.28,0,4,0,1,136.28,0.00,0.00,0.00,0,1.00,1,51.02,0,0,2,java.lang.Object,0.00,0,0,1,0,0,1,0,0,16,0
"org.apache.http.conn.params.ConnPerRoute",1,0.00,1.00,2,0.01,30.51,1,0,1,1,4,110.52,12,3,3,1,148.08,0.00,0.00,0.00,0,1.00,1,25.51,0,0,1,,0.00,0,0,1,0,0,1,0,1,11,1
"org.apache.http.conn.params.ConnPerRouteBean",7,0.33,1.86,35,0.34,7330.55,10,3,3,15,11,160.89,14,53,9,1,121.00,0.00,0.00,0.05,1,12.00,3,1024.16,0,0,2,java.lang.Object,0.00,8,0,13,0,8,7,1,3,231,2
"org.apache.http.conn.params.ConnRoutePNames",0,0.00,0.00,4,0.04,529.87,3,3,0,0,4,171.00,40,5,4,1,171.00,0.00,0.00,0.00,0,0.00,0,121.11,0,0,0,,0.00,0,0,0,0,0,0,0,4,31,1
"org.apache.http.conn.params.ConnRouteParamBean",4,0.00,1.00,9,0.08,795.33,4,0,5,5,2,181.56,8,14,0,2,141.67,0.00,0.50,0.00,0,4.00,1,244.55,0,0,2,org.apache.http.params.HttpAbstractParamBean,0.00,1,1,4,0,1,4,0,4,68,1
"org.apache.http.conn.params.ConnRouteParams",7,0.42,2.14,35,0.39,10867.43,9,2,4,14,5,82.06,86,58,3,1,119.62,0.00,0.00,0.14,0,25.00,3,1157.13,0,3,2,java.lang.Object,0.00,7,0,15,0,7,4,1,14,259,1
"org.apache.http.conn.params.TestRouteParams",7,0.17,1.86,69,0.87,25568.70,10,3,10,23,4,157.21,12,113,1,2,107.21,0.00,0.50,0.19,0,13.00,7,2600.15,0,1,3,junit.framework.TestCase,0.00,16,1,13,0,16,6,0,9,563,1
"org.apache.http.entity.mime.FormBodyPart",6,1.00,2.17,49,0.51,14256.12,7,1,6,21,5,160.55,8,64,2,2,110.55,0.00,0.50,0.00,5,6.00,3,1542.95,0,1,3,org.apache.james.mime4j.message.BodyPart,0.00,15,1,13,0,15,5,0,2,335,1
"org.apache.http.entity.mime.HttpMultipart",9,1.00,3.22,110,1.38,100926.60,10,1,18,31,5,119.20,31,138,2,2,98.58,0.00,0.50,0.00,3,9.00,11,4148.32,0,3,3,org.apache.james.mime4j.message.Multipart,0.00,22,1,29,0,22,6,0,7,741,1
"org.apache.http.entity.mime.HttpMultipartMode",0,0.00,0.00,2,0.01,23.26,0,0,0,0,4,171.00,0,4,4,1,171.00,0.00,0.00,0.00,0,0.00,0,15.51,0,0,0,java.lang.Object,0.00,0,0,0,0,0,0,0,0,6,1
"org.apache.http.entity.mime.MIME",0,0.00,0.00,7,0.10,1917.36,6,6,3,1,6,171.00,0,8,6,1,171.00,0.00,0.00,0.00,0,0.00,0,314.93,0,0,0,java.lang.Object,0.00,1,0,0,0,1,0,0,0,67,2
"org.apache.http.entity.mime.MultipartEntity",15,0.15,1.73,79,0.90,25547.91,21,6,15,42,7,119.35,11,112,2,1,119.35,0.00,0.00,0.02,3,41.00,5,2697.93,0,4,5,java.lang.Object,0.00,27,0,26,0,27,11,1,4,569,1
"org.apache.http.entity.mime.TestMultipartContentBody",5,0.00,1.00,46,0.70,23279.28,5,0,8,33,4,106.52,3,53,1,2,106.52,0.00,0.50,0.00,0,5.00,1,2097.42,0,1,3,junit.framework.TestCase,0.00,28,1,5,0,28,4,0,3,411,1
"org.apache.http.entity.mime.TestMultipartForm",10,0.33,1.30,182,3.12,100911.38,12,2,20,53,7,92.59,3,311,1,2,92.59,0.00,0.50,0.20,1,22.00,3,9346.04,0,2,6,junit.framework.TestCase,0.00,43,1,13,0,43,8,0,3,1568,1
"org.apache.http.entity.mime.TestMultipartFormHttpEntity",7,0.00,1.00,72,0.94,27434.50,7,0,14,37,5,105.40,3,85,1,2,105.40,0.00,0.50,0.00,0,7.00,1,2809.38,0,1,4,junit.framework.TestCase,0.00,30,1,7,0,30,6,0,3,548,1
"org.apache.http.entity.mime.UnexpectedMimeException",1,1.00,1.00,4,0.03,419.77,2,1,1,2,2,127.89,0,6,2,2,127.89,0.00,0.50,0.00,0,1.00,1,103.62,0,0,0,java.lang.RuntimeException,0.00,1,1,1,0,1,1,0,0,29,1
"org.apache.http.client.AuthenticationHandler",3,0.00,1.00,4,0.05,332.26,3,0,7,3,7,204.90,3,12,4,1,154.90,0.00,0.00,0.00,0,3.00,1,151.30,0,2,3,,0.00,0,0,3,0,0,1,0,1,43,1
"org.apache.http.client.CircularRedirectException",3,1.00,1.00,8,0.05,483.35,4,1,0,3,3,100.10,22,12,2,3,142.39,0.00,0.67,0.00,0,3.00,1,148.39,0,0,1,org.apache.http.client.RedirectException,0.00,0,2,3,0,0,3,0,4,45,1
"org.apache.http.client.ClientProtocolException",4,1.00,1.00,11,0.07,641.07,5,1,1,5,6,142.41,3,16,6,2,142.41,1.00,0.33,0.00,0,4.00,1,195.96,0,0,0,java.io.IOException,0.00,1,1,4,1,1,4,0,1,59,1
"org.apache.http.client.CookieStore",4,0.00,1.00,5,0.02,93.32,4,0,3,4,10,117.94,28,6,9,1,160.23,0.00,0.00,0.00,0,4.00,1,68.67,0,1,1,,0.00,0,0,4,0,0,3,0,5,28,1
"org.apache.http.client.CredentialsProvider",3,0.00,1.00,4,0.02,62.51,3,0,2,3,9,110.62,28,5,7,1,160.61,0.00,0.00,0.00,0,3.00,1,57.51,0,1,2,,0.00,0,0,3,0,0,2,0,4,23,1
"org.apache.http.client.HttpClient",10,0.00,1.00,11,0.17,1704.85,10,0,8,10,19,179.71,199,42,15,1,153.43,0.00,0.00,0.00,0,10.00,1,522.35,0,6,4,,0.00,0,0,10,0,0,4,0,11,141,1
"org.apache.http.client.HttpRequestRetryHandler",1,0.00,1.00,2,0.01,48.22,1,0,2,1,5,195.79,24,3,5,1,146.52,0.00,0.00,0.00,0,1.00,1,43.22,0,0,0,,0.00,0,0,1,0,0,1,0,2,15,1
"org.apache.http.client.HttpResponseException",2,2.00,1.00,8,0.07,910.98,4,2,0,2,2,177.61,3,11,1,3,127.61,0.00,0.67,0.00,0,2.00,1,195.48,0,0,1,org.apache.http.client.ClientProtocolException,0.00,0,2,2,0,0,2,0,1,51,1
"org.apache.http.client.NonRepeatableRequestException",2,1.00,1.00,6,0.04,368.19,3,1,1,2,2,87.26,16,9,2,2,135.37,0.00,0.50,0.00,0,2.00,1,105.21,0,0,0,org.apache.http.ProtocolException,0.00,0,1,2,0,0,2,0,3,32,1
"org.apache.http.client.RedirectException",3,1.00,1.00,8,0.05,483.35,4,1,1,3,3,100.10,22,12,3,2,142.39,1.00,0.33,0.00,0,3.00,1,148.39,0,0,0,org.apache.http.ProtocolException,0.00,0,1,3,1,0,3,0,4,45,1
"org.apache.http.client.RedirectHandler",2,0.00,1.00,3,0.02,88.83,2,0,4,2,4,157.55,32,5,4,1,158.03,0.00,0.00,0.00,0,2.00,1,67.22,0,1,0,,0.00,0,0,2,0,0,1,0,3,23,1
"org.apache.http.client.RequestDirector",1,0.00,1.00,2,0.02,87.16,1,0,6,1,2,110.78,42,5,2,1,144.49,0.00,0.00,0.00,0,1.00,1,58.11,0,1,0,,0.00,0,0,1,0,0,0,0,2,18,1
"org.apache.http.client.ResponseHandler",1,0.00,1.00,2,0.02,98.94,1,0,2,1,5,162.19,18,3,4,1,144.06,0.00,0.00,0.00,0,1.00,1,50.99,0,0,1,,0.00,0,0,1,0,0,1,0,2,17,1
"org.apache.http.client.UserTokenHandler",1,0.00,1.00,2,0.01,30.51,1,0,1,1,5,197.36,24,3,5,1,148.08,0.00,0.00,0.00,0,1.00,1,25.51,0,1,0,,0.00,0,0,1,0,0,0,0,2,11,1
"org.apache.http.mockup.HttpConnectionMockup",8,1.00,1.00,17,0.10,845.18,9,1,3,8,0,143.83,5,26,0,1,143.83,0.00,0.00,0.00,0,8.00,1,285.78,0,1,0,java.lang.Object,0.00,0,0,8,0,0,7,1,1,87,1
"org.apache.http.mockup.ProxySelectorMockup",3,0.50,1.67,12,0.14,3005.33,4,1,7,7,1,82.50,22,20,1,2,124.79,0.00,0.50,0.67,0,1.00,3,405.84,0,1,0,java.net.ProxySelector,0.00,4,1,5,0,4,2,0,5,95,1
"org.apache.http.mockup.SecureSocketFactoryMockup",3,1.00,1.00,8,0.08,1140.90,4,1,2,5,3,189.45,5,16,1,2,139.45,0.00,0.50,0.00,0,4.00,1,234.27,0,2,2,org.apache.http.mockup.SocketFactoryMockup,0.25,2,1,3,0,2,1,1,3,62,1
"org.apache.http.mockup.SocketFactoryMockup",5,0.38,1.20,13,0.14,2071.10,7,2,4,10,4,189.12,7,23,3,1,139.12,0.00,0.00,0.20,0,7.00,2,415.25,0,3,1,java.lang.Object,0.00,5,0,6,1,5,2,1,5,106,1
"org.apache.http.examples.entity.mime.ClientMultipartFormPost",1,0.00,4.00,23,0.38,13592.77,1,0,9,18,6,107.95,3,29,0,1,87.34,0.00,0.00,0.00,0,1.00,4,1134.84,0,0,6,java.lang.Object,0.00,17,0,4,0,17,1,0,1,194,1
"org.apache.http.impl.auth.AuthSchemeBase",4,1.00,3.00,39,0.52,34986.70,5,1,7,17,4,61.82,29,51,1,1,104.11,0.00,0.00,0.00,1,4.00,9,1567.69,0,0,3,java.lang.Object,0.00,13,0,12,5,13,4,1,4,282,2
"org.apache.http.impl.auth.BasicScheme",7,1.00,1.86,39,0.47,17423.90,8,1,11,21,9,68.04,65,60,3,3,118.04,0.00,0.67,0.00,1,7.00,5,1423.37,1,3,6,org.apache.http.impl.auth.RFC2617Scheme,0.00,14,2,13,0,14,4,0,9,284,1
"org.apache.http.impl.auth.BasicSchemeFactory",1,0.00,1.00,3,0.02,194.14,1,0,3,2,4,102.96,6,5,1,1,135.18,0.00,0.00,0.00,0,1.00,1,62.11,0,1,3,java.lang.Object,0.00,1,0,1,0,1,0,1,1,19,1
"org.apache.http.impl.auth.DigestScheme",14,0.00,3.21,207,2.97,195775.94,22,8,16,55,10,47.23,125,266,3,3,95.33,0.00,0.67,0.12,6,50.00,11,8917.81,4,9,7,org.apache.http.impl.auth.RFC2617Scheme,0.00,41,2,45,0,41,5,0,32,1539,1
"org.apache.http.impl.auth.DigestSchemeFactory",1,0.00,1.00,3,0.02,194.14,1,0,3,2,4,102.96,6,5,1,1,135.18,0.00,0.00,0.00,0,1.00,1,62.11,0,1,3,java.lang.Object,0.00,1,0,1,0,1,0,1,1,19,1
"org.apache.http.impl.auth.NTLMEngine",2,0.00,1.00,3,0.03,212.92,2,0,0,2,2,144.68,30,11,1,1,155.04,0.00,0.00,0.00,0,2.00,1,95.35,0,2,1,,0.00,0,0,2,0,0,0,0,3,31,1
"org.apache.http.impl.auth.NTLMEngineException",3,1.00,1.00,8,0.05,483.35,4,1,1,3,2,110.17,19,12,1,3,142.39,0.00,0.67,0.00,0,3.00,1,148.39,0,0,1,org.apache.http.auth.AuthenticationException,0.00,0,2,3,0,0,3,0,3,45,1
"org.apache.http.impl.auth.NTLMScheme",8,3.00,1.88,55,0.71,29443.04,11,3,11,24,8,113.75,2,84,0,2,113.75,0.00,0.50,0.00,0,8.00,5,2122.60,1,4,8,org.apache.http.impl.auth.AuthSchemeBase,0.00,16,1,15,0,16,4,0,2,411,1
"org.apache.http.impl.auth.NTLMScheme$State",0,0.00,0.00,2,0.01,28.53,0,0,11,0,0,171.00,0,8,0,1,171.00,0.00,0.00,0.00,0,0.00,0,28.53,0,0,0,java.lang.Object,0.00,0,0,0,0,0,0,0,0,9,0
"org.apache.http.impl.auth.RFC2617Scheme",5,1.00,2.00,26,0.34,12267.48,6,1,9,16,5,85.85,30,38,3,2,118.07,3.00,0.20,0.00,1,5.00,3,1007.57,0,3,2,org.apache.http.impl.auth.AuthSchemeBase,0.00,11,1,10,3,11,2,0,6,211,2
"org.apache.http.impl.auth.TestBasicScheme",7,0.00,1.29,53,0.75,15143.01,7,0,14,32,6,163.15,11,65,1,2,113.15,0.00,0.50,0.00,0,7.00,2,2256.49,0,1,5,junit.framework.TestCase,0.00,25,1,9,0,25,6,0,5,432,1
"org.apache.http.impl.auth.TestDigestScheme",15,0.00,1.33,178,2.83,87589.60,15,0,16,40,7,142.31,30,216,1,2,102.43,0.00,0.50,0.00,1,15.00,3,8490.24,0,2,6,junit.framework.TestCase,0.00,25,1,20,0,25,13,0,18,1504,1
"org.apache.http.impl.auth.TestRFC2617Scheme",7,0.00,1.43,42,0.46,8497.04,7,0,12,18,5,117.60,5,58,1,2,117.60,0.00,0.50,0.00,0,7.00,2,1393.78,0,1,4,junit.framework.TestCase,0.00,11,1,10,0,11,6,0,5,301,1
"org.apache.http.impl.auth.TestRFC2617Scheme$TestAuthScheme",4,0.00,1.00,9,0.05,429.81,4,0,12,4,3,143.78,0,16,0,3,143.78,0.00,0.67,0.00,0,4.00,1,150.02,0,2,3,org.apache.http.impl.auth.RFC2617Scheme,0.00,0,2,4,0,0,2,0,0,46,1
"org.apache.http.impl.auth.UnsupportedDigestAlgorithmException",3,1.00,1.00,8,0.05,483.35,4,1,0,3,1,100.10,23,12,1,2,142.39,0.00,0.50,0.00,0,3.00,1,148.39,0,0,0,java.lang.RuntimeException,0.00,0,1,3,0,0,3,0,4,45,1
"org.apache.http.impl.client.AbstractAuthenticationHandler",4,0.50,5.25,62,0.98,78047.43,6,2,19,28,8,142.96,6,92,2,1,92.96,0.00,0.00,0.12,0,6.00,13,2947.79,0,3,6,java.lang.Object,0.00,24,0,21,2,24,1,1,4,504,2
"org.apache.http.impl.client.AbstractHttpClient",70,0.04,1.50,215,2.21,60860.22,87,17,35,99,19,179.96,85,370,1,1,129.96,0.00,0.00,0.02,5,1270.00,10,6639.22,0,42,18,java.lang.Object,0.00,29,0,105,2,29,28,1,43,1534,2
"org.apache.http.impl.client.BasicCookieStore",7,0.25,2.29,41,0.39,10512.80,9,2,9,19,7,71.62,56,52,4,1,119.72,0.00,0.00,0.29,1,10.00,5,1159.75,0,2,3,java.lang.Object,0.00,12,0,16,0,12,5,1,9,257,1
"org.apache.http.impl.client.BasicCredentialsProvider",6,0.80,2.00,31,0.32,13001.34,7,1,4,12,5,70.39,49,48,2,1,118.50,0.00,0.00,0.33,2,10.00,5,965.74,0,3,3,java.lang.Object,0.00,6,0,12,0,6,3,1,9,214,1
"org.apache.http.impl.client.BasicResponseHandler",1,0.00,3.00,7,0.11,4010.85,1,0,7,7,3,154.79,22,12,1,1,110.85,0.00,0.00,0.00,0,1.00,3,343.95,0,1,2,java.lang.Object,0.00,6,0,3,0,6,0,1,2,71,1
"org.apache.http.impl.client.ClientParamsStack",11,0.02,1.91,44,0.52,19068.08,16,5,4,21,3,85.32,138,75,3,2,122.89,0.00,0.50,0.22,0,29.00,7,1552.60,0,7,0,org.apache.http.params.AbstractHttpParams,0.00,10,1,21,0,10,4,0,16,359,1
"org.apache.http.impl.client.DefaultConnectionKeepAliveStrategy",1,0.00,5.00,13,0.19,6720.05,1,0,7,9,3,69.56,13,21,2,1,98.94,0.00,0.00,0.00,0,1.00,5,568.61,0,0,1,java.lang.Object,0.00,8,0,5,0,8,1,1,1,104,1
"org.apache.http.impl.client.DefaultHttpClient",20,0.00,1.40,93,1.15,42347.03,20,0,51,79,70,172.27,26,172,27,2,122.27,1.00,0.33,0.00,0,20.00,8,3463.22,2,17,43,org.apache.http.impl.client.AbstractHttpClient,0.38,59,1,28,1,59,3,0,9,735,1
"org.apache.http.impl.client.DefaultHttpRequestRetryHandler",5,0.38,2.80,35,0.32,13087.53,7,2,9,8,2,80.10,34,54,1,1,112.32,0.00,0.00,0.20,0,11.00,10,971.03,0,0,1,java.lang.Object,0.00,3,0,14,0,3,5,1,17,200,1
"org.apache.http.impl.client.DefaultProxyAuthenticationHandler",3,0.00,1.67,13,0.15,3763.97,3,0,7,7,4,174.02,3,23,1,2,124.02,0.00,0.50,0.00,0,3.00,2,460.60,1,1,3,org.apache.http.impl.client.AbstractAuthenticationHandler,0.00,4,1,5,0,4,2,0,1,100,1
"org.apache.http.impl.client.DefaultRedirectHandler",3,0.50,5.67,56,0.96,53701.19,5,2,17,34,6,72.41,17,98,1,1,90.29,0.00,0.00,0.17,0,4.00,14,2880.89,0,1,5,java.lang.Object,0.00,31,0,17,0,31,2,1,7,468,1
"org.apache.http.impl.client.DefaultRequestDirector",14,0.03,7.93,416,6.96,517958.14,32,18,59,144,36,59.86,204,645,1,1,80.00,0.00,0.00,0.09,13,54.00,34,20880.97,0,4,35,java.lang.Object,0.00,130,0,111,0,130,10,1,106,3223,1
"org.apache.http.impl.client.DefaultTargetAuthenticationHandler",3,0.00,1.67,13,0.15,3763.97,3,0,7,7,4,174.02,3,23,1,2,124.02,0.00,0.50,0.00,0,3.00,2,460.60,1,1,3,org.apache.http.impl.client.AbstractAuthenticationHandler,0.00,4,1,5,0,4,2,0,1,100,1
"org.apache.http.impl.client.DefaultUserTokenHandler",2,0.00,4.50,23,0.29,9532.67,2,0,10,11,7,102.84,0,36,1,1,102.84,0.00,0.00,0.00,0,2.00,6,858.34,0,2,6,java.lang.Object,0.00,9,0,9,0,9,0,1,0,175,1
"org.apache.http.impl.client.EntityEnclosingRequestWrapper",5,1.00,1.00,14,0.14,2335.92,6,1,5,9,2,178.63,14,23,1,3,138.75,0.00,0.67,0.00,1,5.00,1,433.62,0,1,1,org.apache.http.impl.client.RequestWrapper,0.15,4,2,5,0,4,4,1,1,111,1
"org.apache.http.impl.client.RedirectLocations",4,1.00,1.00,11,0.10,1319.45,5,1,3,5,1,160.55,12,16,1,1,139.94,0.00,0.00,0.00,3,4.00,1,300.10,0,0,0,java.lang.Object,0.00,1,0,4,0,1,4,0,4,81,1
"org.apache.http.impl.client.RequestWrapper",15,0.20,1.47,64,0.62,19402.78,20,5,10,34,4,173.95,16,89,3,2,123.95,1.00,0.33,0.01,2,28.00,4,1861.06,0,5,1,org.apache.http.message.AbstractHttpMessage,0.00,19,1,22,1,19,10,1,3,414,1
"org.apache.http.impl.client.RoutedRequest",3,0.25,1.00,11,0.07,850.01,5,2,1,3,3,116.02,17,14,1,1,133.89,0.00,0.00,0.33,0,5.00,1,210.08,0,2,2,java.lang.Object,0.00,0,0,3,0,0,1,0,2,59,1
"org.apache.http.impl.client.TestBasicCredentialsProvider",13,0.01,1.00,97,1.51,63299.17,19,6,4,25,5,160.44,18,134,1,2,110.44,0.00,0.50,0.15,0,59.00,1,4542.46,0,1,4,junit.framework.TestCase,0.00,12,1,13,0,12,12,0,7,946,1
"org.apache.http.impl.client.TestCookieIdentityComparator",7,0.00,1.00,52,0.63,17734.81,7,0,3,16,3,162.67,9,60,1,2,112.67,0.00,0.50,0.00,0,7.00,1,1897.60,0,1,2,junit.framework.TestCase,0.00,9,1,7,0,9,6,0,5,413,1
"org.apache.http.impl.client.TestDefaultClientRequestDirector",13,0.00,1.46,172,2.82,78111.19,13,0,49,74,23,139.49,27,199,1,3,99.60,0.00,0.67,0.00,0,13.00,2,8458.45,1,1,22,org.apache.http.localserver.ServerTestBase,0.00,61,2,19,0,61,12,0,8,1500,1
"org.apache.http.impl.client.TestDefaultClientRequestDirector$BasicRedirectService",2,2.00,1.00,10,0.15,2616.73,4,2,49,7,0,120.38,0,16,0,1,120.38,0.00,0.00,0.00,0,2.00,1,439.16,0,0,0,java.lang.Object,0.00,5,0,2,0,5,2,1,0,95,1
"org.apache.http.impl.client.TestDefaultClientRequestDirector$BasicService",1,0.00,1.00,4,0.05,705.35,1,0,49,4,0,126.11,0,8,0,1,126.11,0.00,0.00,0.00,0,1.00,1,164.41,0,0,0,java.lang.Object,0.00,3,0,1,0,3,1,1,0,39,2
"org.apache.http.impl.client.TestDefaultClientRequestDirector$ConMan",10,2.00,1.00,27,0.23,2975.69,12,2,49,17,7,140.29,0,42,0,1,140.29,0.00,0.00,0.00,0,10.00,1,703.68,0,5,7,java.lang.Object,0.00,7,0,10,0,7,5,1,0,187,2
"org.apache.http.impl.client.TestDefaultClientRequestDirector$ConMan$ClientConnectionRequest_4",2,0.00,2.00,8,0.10,2148.62,2,0,49,5,3,174.51,2,15,0,1,124.51,0.00,0.00,0.00,0,2.00,3,287.41,0,1,3,java.lang.Object,0.00,3,0,4,0,3,1,0,2,64,0
"org.apache.http.impl.client.TestDefaultClientRequestDirector$ConnMan2",10,2.00,1.00,24,0.20,2176.90,12,2,49,16,7,141.36,0,39,0,1,141.36,0.00,0.00,0.00,0,10.00,1,591.80,0,5,7,java.lang.Object,0.00,6,0,10,0,6,5,1,0,160,2
"org.apache.http.impl.client.TestDefaultClientRequestDirector$ConnMan2$ClientConnectionRequest_3",2,0.00,1.00,6,0.04,401.62,2,0,49,4,3,135.07,0,11,0,1,135.07,0.00,0.00,0.00,0,2.00,1,116.54,0,1,3,java.lang.Object,0.00,2,0,2,0,2,1,0,0,33,0
"org.apache.http.impl.client.TestDefaultClientRequestDirector$ConnMan2$ClientConnectionRequest_3$ClientConnAdapterMockup",1,0.00,1.00,3,0.04,428.57,1,0,49,2,1,132.48,0,6,0,1,132.48,0.00,0.00,0.00,0,1.00,1,108.86,0,0,1,java.lang.Object,0.00,1,0,1,0,1,1,0,0,28,0
"org.apache.http.impl.client.TestDefaultClientRequestDirector$ConnMan3",3,0.25,1.00,11,0.10,1523.71,5,2,49,3,4,131.89,0,17,0,2,131.89,0.00,0.50,0.33,0,5.00,1,308.51,2,1,4,org.apache.http.impl.conn.SingleClientConnManager,0.00,0,1,3,0,0,2,0,0,80,2
"org.apache.http.impl.client.TestDefaultClientRequestDirector$ConnMan4",2,2.00,1.50,13,0.13,2713.14,4,2,49,7,4,167.21,2,19,0,2,117.21,0.00,0.50,0.00,0,2.00,2,402.38,1,1,4,org.apache.http.impl.conn.tsccm.ThreadSafeClientConnManager,0.00,5,1,3,0,5,1,0,2,95,2
"org.apache.http.impl.client.TestDefaultClientRequestDirector$ConnMan4$ClientConnectionRequest",2,0.00,2.00,8,0.10,2148.62,2,0,49,5,3,174.51,2,15,0,1,124.51,0.00,0.00,0.00,0,2.00,3,287.41,0,1,3,java.lang.Object,0.00,3,0,4,0,3,1,0,2,64,0
"org.apache.http.impl.client.TestDefaultClientRequestDirector$CustomGet",2,1.00,2.00,10,0.11,2432.21,3,1,49,4,2,120.47,0,17,0,4,120.47,0.00,0.75,0.50,0,2.00,3,344.76,1,0,2,org.apache.http.client.methods.HttpGet,0.00,2,3,4,0,2,2,0,0,79,2
"org.apache.http.impl.client.TestDefaultClientRequestDirector$FaultyHttpClient",1,0.00,1.00,3,0.02,245.88,1,0,49,2,1,134.38,0,6,0,3,134.38,0.00,0.67,0.00,0,1.00,1,64.62,0,1,1,org.apache.http.impl.client.DefaultHttpClient,0.03,1,2,1,0,1,0,0,0,20,2
"org.apache.http.impl.client.TestDefaultClientRequestDirector$FaultyHttpRequestExecutor",1,0.00,2.00,8,0.12,3363.98,2,1,49,4,0,109.38,0,15,0,2,109.38,0.00,0.50,1.00,0,0.00,2,361.83,1,1,0,org.apache.http.protocol.HttpRequestExecutor,0.00,3,1,2,0,3,0,0,0,75,2
"org.apache.http.impl.client.TestDefaultClientRequestDirector$HttpRequestInterceptor",1,0.00,1.00,3,0.03,346.35,1,0,49,2,0,133.20,0,6,0,1,133.20,0.00,0.00,0.00,0,1.00,1,95.57,0,0,0,java.lang.Object,0.00,1,0,1,0,1,1,0,0,25,0
"org.apache.http.impl.client.TestDefaultClientRequestDirector$HttpRequestRetryHandler",1,0.00,1.00,3,0.02,199.53,1,0,49,1,0,135.09,0,7,0,1,135.09,0.00,0.00,0.00,0,1.00,1,70.51,0,0,0,java.lang.Object,0.00,0,0,1,0,0,1,0,0,20,0
"org.apache.http.impl.client.TestDefaultClientRequestDirector$Runnable",1,0.00,2.00,6,0.05,611.31,1,0,49,4,0,119.87,0,10,0,1,119.87,0.00,0.00,0.00,0,1.00,2,146.30,0,0,0,java.lang.Object,0.00,3,0,2,0,3,1,0,0,36,0
"org.apache.http.impl.client.TestDefaultClientRequestDirector$Runnable_0",1,0.00,2.00,6,0.05,655.31,1,0,49,5,0,119.64,0,10,0,1,119.64,0.00,0.00,0.00,0,1.00,2,157.34,0,0,0,java.lang.Object,0.00,4,0,2,0,4,1,0,0,38,0
"org.apache.http.impl.client.TestDefaultClientRequestDirector$Runnable_1",1,0.00,4.00,9,0.11,2273.34,1,0,49,7,0,108.65,0,16,0,1,108.65,0.00,0.00,0.00,0,1.00,4,341.40,0,0,0,java.lang.Object,0.00,6,0,4,0,6,1,0,0,69,0
"org.apache.http.impl.client.TestDefaultClientRequestDirector$Runnable_2",1,0.00,2.00,7,0.07,1184.17,1,0,49,5,0,115.11,0,11,0,1,115.11,0.00,0.00,0.00,0,1.00,2,205.42,0,0,0,java.lang.Object,0.00,4,0,2,0,4,1,0,0,46,0
"org.apache.http.impl.client.TestDefaultClientRequestDirector$SimpleService",2,0.00,1.00,7,0.07,1086.24,2,0,49,5,0,131.67,0,13,0,1,131.67,0.00,0.00,0.00,0,2.00,1,216.92,0,0,0,java.lang.Object,0.00,3,0,2,0,3,2,1,0,52,1
"org.apache.http.impl.client.TestDefaultClientRequestDirector$ThrowingService",1,0.00,1.00,3,0.04,452.78,1,0,49,2,0,132.29,0,8,0,1,132.29,0.00,0.00,0.00,0,1.00,1,111.39,0,0,0,java.lang.Object,0.00,1,0,1,0,1,1,1,0,29,2
"org.apache.http.impl.client.TestDefaultConnKeepAliveStrategy",8,0.00,1.12,41,0.55,8669.86,8,0,12,19,3,171.00,9,56,1,2,121.00,0.00,0.50,0.00,0,8.00,2,1661.13,0,1,2,junit.framework.TestCase,0.00,11,1,9,0,11,7,0,5,344,1
"org.apache.http.impl.client.TestRequestWrapper",5,0.00,1.40,39,0.60,14323.43,5,0,15,24,4,162.17,8,49,1,3,112.17,0.00,0.67,0.00,0,5.00,2,1808.21,1,1,3,org.apache.http.localserver.ServerTestBase,0.00,19,2,7,0,19,4,0,4,334,1
"org.apache.http.impl.client.TestRequestWrapper$SimpleService",2,0.00,1.00,7,0.07,1086.24,2,0,15,5,0,131.67,0,13,0,1,131.67,0.00,0.00,0.00,0,2.00,1,216.92,0,0,0,java.lang.Object,0.00,3,0,2,0,3,2,1,0,52,1
"org.apache.http.impl.client.TestStatefulConnManagement",4,0.00,2.75,64,0.79,46751.81,4,0,23,31,10,93.82,3,60,1,3,93.82,0.00,0.67,0.00,0,6.00,8,2381.88,0,1,9,org.apache.http.localserver.ServerTestBase,0.00,27,2,11,0,27,3,0,1,410,1
"org.apache.http.impl.client.TestStatefulConnManagement$HttpWorker",4,6.00,1.75,33,0.37,10789.69,10,6,23,11,3,110.17,0,48,0,2,110.17,0.00,0.50,0.00,0,4.00,4,1107.41,0,1,3,java.lang.Thread,0.00,7,1,7,0,7,3,0,0,225,1
"org.apache.http.impl.client.TestStatefulConnManagement$SimpleService",2,0.00,1.00,7,0.07,1086.24,2,0,23,5,0,131.67,0,13,0,1,131.67,0.00,0.00,0.00,0,2.00,1,216.92,0,0,0,java.lang.Object,0.00,3,0,2,0,3,2,1,0,52,1
"org.apache.http.impl.client.TestStatefulConnManagement$UserTokenHandler",1,0.00,1.00,4,0.03,496.00,1,0,23,2,0,127.32,0,5,0,1,127.32,0.00,0.00,0.00,0,1.00,1,96.00,0,1,0,java.lang.Object,0.00,1,0,1,0,1,0,0,0,26,0
"org.apache.http.impl.client.TunnelRefusedException",2,2.00,1.00,8,0.07,930.01,4,2,2,2,1,127.54,0,11,1,2,127.54,0.00,0.50,0.00,0,2.00,1,199.29,0,1,0,org.apache.http.HttpException,0.00,0,1,2,0,0,1,0,0,52,1
"org.apache.http.impl.conn.tsccm.AbstractConnPool",12,0.09,2.08,77,0.84,21756.57,20,8,15,42,12,66.15,110,120,3,1,116.15,0.00,0.00,0.21,3,18.00,5,2516.39,0,2,9,java.lang.Object,0.00,30,0,25,2,30,10,1,31,521,2
"org.apache.http.impl.conn.tsccm.AwaitThread",4,0.47,1.25,25,0.18,2544.37,9,5,2,7,2,159.73,11,36,1,2,119.84,0.00,0.50,0.55,0,0.00,2,542.87,0,1,1,java.lang.Thread,0.00,3,1,5,0,3,3,0,4,130,1
"org.apache.http.impl.conn.tsccm.BasicPoolEntry",5,1.00,1.20,15,0.13,2260.76,6,1,5,7,14,152.87,16,25,10,2,132.25,0.00,0.50,0.00,0,5.00,2,389.05,1,2,5,org.apache.http.impl.conn.AbstractPoolEntry,0.15,2,1,6,0,2,3,0,3,98,1
"org.apache.http.impl.conn.tsccm.BasicPoolEntryRef",2,1.00,1.50,9,0.09,1673.97,3,1,3,4,4,75.43,18,15,3,2,125.43,0.00,0.50,0.50,0,2.00,2,255.64,0,1,2,java.lang.ref.WeakReference,0.00,2,1,3,0,2,1,0,4,61,1
"org.apache.http.impl.conn.tsccm.BasicPooledConnAdapter",4,0.00,1.00,10,0.07,721.61,4,0,3,4,5,142.24,19,18,2,3,142.00,0.00,0.67,0.00,0,4.00,1,195.70,3,2,4,org.apache.http.impl.conn.AbstractPooledConnAdapter,0.13,0,2,4,0,0,2,0,6,59,1
"org.apache.http.impl.conn.tsccm.ConnPoolByRoute",19,0.07,3.11,226,2.97,130456.28,26,7,16,83,14,51.68,173,340,3,2,101.68,1.00,0.33,0.21,4,0.00,12,8909.43,2,3,11,org.apache.http.impl.conn.tsccm.AbstractConnPool,0.13,64,1,59,1,64,16,0,60,1628,1
"org.apache.http.impl.conn.tsccm.ConnPoolByRoute$PoolEntryRequest",2,0.00,1.00,8,0.06,684.00,2,0,16,6,2,128.59,0,15,0,1,128.59,0.00,0.00,0.00,0,2.00,1,186.94,0,0,2,java.lang.Object,0.00,4,0,2,0,4,2,0,0,49,0
"org.apache.http.impl.conn.tsccm.PoolEntryRequest",2,0.00,1.00,3,0.02,80.08,2,0,2,2,6,114.25,23,6,4,1,158.38,0.00,0.00,0.00,0,2.00,1,56.05,0,1,2,,0.00,0,0,2,0,0,1,0,3,20,1
"org.apache.http.impl.conn.tsccm.RefQueueHandler",1,0.00,1.00,2,0.01,111.66,1,0,1,1,2,95.54,8,4,2,1,143.64,0.00,0.00,0.00,0,1.00,1,41.22,0,0,0,,0.00,0,0,1,0,0,1,0,2,14,1
"org.apache.http.impl.conn.tsccm.RefQueueWorker",4,0.08,3.25,28,0.32,8651.93,8,4,4,12,2,64.47,40,42,1,1,112.94,0.00,0.00,0.31,1,4.00,6,949.74,0,1,1,java.lang.Object,0.00,8,0,13,0,8,3,1,12,203,1
"org.apache.http.impl.conn.tsccm.RouteSpecificPool",15,0.02,1.80,69,0.75,21201.26,21,6,9,34,7,81.31,109,104,4,1,123.60,0.00,0.00,0.19,1,41.00,6,2246.18,0,2,4,java.lang.Object,0.00,19,0,27,0,19,13,0,21,490,1
"org.apache.http.impl.conn.tsccm.TestConnPoolByRoute",5,0.00,1.20,76,1.31,75018.25,5,0,12,28,11,134.09,12,90,1,3,94.20,0.00,0.67,0.00,0,7.00,2,3933.91,1,1,10,org.apache.http.localserver.ServerTestBase,0.00,23,2,6,0,23,4,0,12,667,1
"org.apache.http.impl.conn.tsccm.TestDumbHelpers",6,0.30,1.67,33,0.39,8546.89,8,2,11,25,10,169.97,10,49,1,2,119.98,0.00,0.50,0.25,0,10.00,4,1175.30,0,1,9,junit.framework.TestCase,0.00,19,1,10,0,19,5,0,8,254,1
"org.apache.http.impl.conn.tsccm.TestSpuriousWakeup",4,0.50,1.50,44,0.64,22775.80,6,2,21,33,12,60.20,29,55,1,2,102.49,0.00,0.50,0.12,0,6.00,3,1911.90,0,1,11,junit.framework.TestCase,0.00,29,1,6,0,29,3,0,18,334,1
"org.apache.http.impl.conn.tsccm.TestSpuriousWakeup$XConnPoolByRoute",2,1.00,1.00,8,0.07,1235.36,3,1,21,2,4,126.57,1,14,0,3,126.57,0.00,0.67,0.50,0,2.00,1,212.14,1,1,4,org.apache.http.impl.conn.tsccm.ConnPoolByRoute,0.00,0,2,2,0,0,1,0,1,55,2
"org.apache.http.impl.conn.tsccm.TestSpuriousWakeup$XTSCCM",2,1.00,1.00,7,0.06,722.46,3,1,21,3,3,183.06,2,11,0,2,133.06,0.00,0.50,0.50,0,2.00,1,168.70,0,1,3,org.apache.http.impl.conn.tsccm.ThreadSafeClientConnManager,0.00,1,1,2,0,1,1,0,2,46,2
"org.apache.http.impl.conn.tsccm.TestWaitingThread",7,1.00,1.29,84,1.10,30242.17,8,1,8,35,5,152.06,13,101,1,2,102.06,0.00,0.50,0.14,0,12.00,2,3296.20,0,1,4,junit.framework.TestCase,0.00,28,1,9,0,28,6,0,11,619,1
"org.apache.http.impl.conn.tsccm.ThreadSafeClientConnManager",12,0.07,1.83,60,0.65,20941.84,16,4,14,33,28,87.04,78,97,15,1,119.26,0.00,0.00,0.19,1,8.00,9,1938.43,1,4,14,java.lang.Object,0.00,21,0,22,2,21,8,1,26,414,1
"org.apache.http.impl.conn.tsccm.ThreadSafeClientConnManager$ClientConnectionRequest",2,0.00,2.00,10,0.12,2736.26,2,0,14,6,5,120.07,0,17,0,1,120.07,0.00,0.00,0.00,0,2.00,3,360.99,0,1,5,java.lang.Object,0.00,4,0,4,0,4,1,0,0,76,0
"org.apache.http.impl.conn.tsccm.WaitingThread",7,0.21,1.86,38,0.36,12380.33,11,4,2,13,6,70.73,74,58,6,1,119.21,0.00,0.00,0.07,1,13.00,5,1092.34,0,2,1,java.lang.Object,0.00,6,0,13,0,6,5,0,22,243,1
"org.apache.http.impl.conn.tsccm.WaitingThreadAborter",2,0.50,2.00,9,0.07,855.38,4,2,0,3,2,109.79,10,14,1,1,127.66,0.00,0.00,0.75,0,0.00,2,200.69,0,0,1,java.lang.Object,0.00,1,0,4,0,1,2,0,3,54,1
"org.apache.http.conn.util.InetAddressUtils",5,0.17,1.00,13,0.16,3019.18,8,3,1,8,2,137.87,3,25,2,1,137.87,0.00,0.00,0.20,1,14.00,1,481.89,0,0,0,java.lang.Object,0.00,3,0,5,0,3,5,0,1,122,1
"org.apache.http.conn.util.TestInetAddressUtils",7,0.00,1.00,26,0.24,3452.24,7,0,3,16,2,132.00,4,34,1,2,132.00,0.00,0.50,0.00,0,7.00,1,732.47,0,1,1,junit.framework.TestCase,0.00,9,1,7,0,9,6,0,2,193,1
"org.apache.http.conn.BasicEofSensorWatcher",4,0.50,1.75,24,0.18,2892.32,6,2,2,9,2,87.11,27,40,0,1,119.33,0.00,0.00,0.88,0,0.00,2,545.93,0,0,2,java.lang.Object,0.00,5,0,7,0,5,4,1,11,130,1
"org.apache.http.conn.BasicManagedEntity",11,0.10,1.73,52,0.44,8826.46,13,2,5,19,5,125.78,48,95,1,2,125.54,0.00,0.50,0.41,2,5.00,3,1319.80,1,1,4,org.apache.http.entity.HttpEntityWrapper,0.00,8,1,19,0,8,10,2,19,311,1
"org.apache.http.conn.ClientConnectionManager",6,0.00,1.00,7,0.04,120.22,6,0,3,6,26,116.62,66,12,22,1,160.75,0.00,0.00,0.00,0,6.00,1,115.22,0,1,4,,0.00,0,0,6,0,0,5,0,7,43,1
"org.apache.http.conn.ClientConnectionManagerFactory",1,0.00,1.00,2,0.01,39.00,1,0,2,1,4,104.95,7,5,2,1,147.24,0.00,0.00,0.00,0,1.00,1,34.00,0,1,2,,0.00,0,0,1,0,0,0,0,1,13,1
"org.apache.http.conn.ClientConnectionOperator",3,0.00,1.00,4,0.05,198.95,3,0,6,3,16,165.79,51,17,14,1,156.65,0.00,0.00,0.00,0,3.00,1,135.30,0,1,2,,0.00,0,0,3,0,0,2,0,4,39,1
"org.apache.http.conn.ClientConnectionRequest",2,0.00,1.00,3,0.02,80.08,2,0,1,2,19,148.02,30,5,17,1,158.38,0.00,0.00,0.00,0,2.00,1,56.05,0,1,2,,0.00,0,0,2,0,0,1,0,3,20,1
"org.apache.http.conn.ConnectTimeoutException",2,1.00,1.00,6,0.04,457.71,3,1,1,2,8,86.52,16,9,8,2,134.62,1.00,0.33,0.00,0,2.00,1,115.47,0,0,0,java.io.InterruptedIOException,0.00,0,1,2,1,0,2,0,3,34,1
"org.apache.http.conn.ConnectionKeepAliveStrategy",1,0.00,1.00,2,0.01,39.00,1,0,3,1,4,184.28,30,3,4,1,147.24,0.00,0.00,0.00,0,1.00,1,34.00,0,0,0,,0.00,0,0,1,0,0,1,0,2,13,1
"org.apache.http.conn.ConnectionPoolTimeoutException",2,1.00,1.00,6,0.04,423.74,3,1,0,2,16,86.78,16,9,15,3,134.89,0.00,0.67,0.00,0,2.00,1,110.60,0,0,1,org.apache.http.conn.ConnectTimeoutException,0.00,0,2,2,0,0,2,0,3,33,1
"org.apache.http.conn.ConnectionReleaseTrigger",2,0.00,1.00,3,0.01,61.53,2,0,1,2,6,185.56,39,7,6,1,159.28,0.00,0.00,0.00,0,2.00,1,41.02,0,0,0,,0.00,0,0,2,0,0,2,0,3,17,1
"org.apache.http.conn.EofSensorInputStream",12,0.15,2.58,78,0.71,21209.51,15,3,2,20,3,67.71,126,128,1,2,116.18,0.00,0.50,0.47,5,0.00,4,2126.77,0,0,2,java.io.InputStream,0.00,8,1,31,0,8,12,1,25,473,1
"org.apache.http.conn.EofSensorWatcher",3,0.00,1.00,4,0.03,123.00,3,0,2,3,3,184.58,58,10,3,1,158.30,0.00,0.00,0.00,0,3.00,1,82.00,0,0,0,,0.00,0,0,3,0,0,3,0,4,29,1
"org.apache.http.conn.HttpHostConnectException",2,2.00,1.00,9,0.08,1203.12,4,2,2,3,1,166.54,4,12,1,2,126.66,0.00,0.50,0.00,0,2.00,1,239.90,0,1,0,java.net.ConnectException,0.00,1,1,2,0,1,1,0,1,60,1
"org.apache.http.conn.ManagedClientConnection",13,0.00,1.00,14,0.09,378.23,13,0,9,13,29,121.91,157,31,28,4,159.47,0.00,0.75,0.00,0,13.00,1,274.99,0,3,1,,0.00,0,3,13,0,0,10,0,14,95,1
"org.apache.http.conn.MultihomePlainSocketFactory",5,1.00,3.40,43,0.56,35560.87,6,1,12,20,3,62.57,55,68,1,1,106.70,0.00,0.00,0.20,0,8.00,10,1671.49,0,3,2,java.lang.Object,0.00,15,0,17,0,15,2,1,18,308,2
"org.apache.http.conn.OperatedClientConnection",6,0.00,1.00,7,0.06,248.53,6,0,6,6,11,157.79,100,18,11,3,158.26,0.00,0.67,0.00,0,6.00,1,166.20,0,2,0,,0.00,0,2,6,0,0,4,0,9,54,1
"org.apache.http.conn.TestConnectionAutoRelease",8,0.00,1.88,104,1.59,45444.24,8,0,27,35,12,139.62,17,134,1,3,99.74,0.00,0.67,0.00,1,0.00,3,4771.45,1,2,11,org.apache.http.localserver.ServerTestBase,0.00,27,2,15,0,27,6,0,17,829,1
"org.apache.http.conn.TestConnectionAutoRelease$HttpRequestHandler",1,0.00,1.00,5,0.05,728.53,1,0,27,4,0,122.39,0,9,0,1,122.39,0.00,0.00,0.00,0,1.00,1,157.28,0,0,0,java.lang.Object,0.00,3,0,1,0,3,1,0,0,37,0
"org.apache.http.conn.TestConnectionAutoRelease$HttpRequestHandler$BasicHttpEntity",1,0.00,2.00,8,0.10,2613.39,1,0,27,5,0,150.13,2,14,0,1,110.24,0.00,0.00,0.00,0,1.00,2,308.16,0,0,0,java.lang.Object,0.00,4,0,2,0,4,1,0,2,63,0
"org.apache.http.conn.TestConnectionReuse",8,1.00,3.12,200,3.22,144619.64,9,1,36,56,13,135.07,8,220,1,2,85.07,0.00,0.50,0.12,0,14.00,5,9651.07,0,1,12,junit.framework.TestCase,0.00,48,1,25,0,48,7,0,8,1533,1
"org.apache.http.conn.TestConnectionReuse$AlwaysCloseConn",1,0.00,1.00,3,0.04,482.77,1,0,36,2,0,132.07,0,7,0,1,132.07,0.00,0.00,0.00,0,1.00,1,125.85,0,0,0,java.lang.Object,0.00,1,0,1,0,1,1,1,0,32,2
"org.apache.http.conn.TestConnectionReuse$ResponseKeepAlive",1,0.00,3.00,6,0.09,1582.53,1,0,36,5,0,116.53,0,11,0,1,116.53,0.00,0.00,0.00,0,1.00,3,265.00,0,0,0,java.lang.Object,0.00,4,0,3,0,4,1,1,0,57,2
"org.apache.http.conn.TestConnectionReuse$WorkerThread",3,0.17,2.33,31,0.31,8724.31,9,6,36,8,2,106.23,0,45,0,2,106.23,0.00,0.50,0.06,0,4.00,5,933.34,0,1,2,java.lang.Thread,0.00,5,1,7,0,5,2,0,0,194,2
"org.apache.http.conn.TestExceptions",5,0.00,1.00,22,0.23,4289.72,5,0,3,18,3,125.44,4,30,1,2,125.44,0.00,0.50,0.00,0,5.00,1,692.78,0,1,2,junit.framework.TestCase,0.00,13,1,5,0,13,4,0,1,165,1
"org.apache.http.conn.TestScheme",11,0.00,2.45,121,1.64,64100.76,11,0,9,42,5,142.18,27,178,1,2,102.30,0.00,0.50,0.00,0,11.00,7,4920.96,0,1,4,junit.framework.TestCase,0.00,31,1,27,0,31,10,0,22,976,1
"org.apache.http.conn.routing.BasicRouteDirector",4,0.00,5.50,32,0.60,40135.01,4,0,0,13,5,95.05,63,58,3,1,105.41,0.00,0.00,0.00,0,0.00,11,1792.04,0,0,2,java.lang.Object,0.00,9,0,22,0,9,4,1,20,359,1
"org.apache.http.conn.routing.HttpRoute",22,0.10,2.27,117,1.69,89793.85,29,7,2,28,51,84.08,148,185,50,1,116.30,0.00,0.00,0.05,3,114.00,6,5080.87,1,10,1,java.lang.Object,0.00,6,0,50,0,6,12,2,33,1043,2
"org.apache.http.conn.routing.HttpRouteDirector",1,7.00,1.00,9,0.11,1853.20,8,7,0,1,5,141.58,31,10,4,1,109.67,0.00,0.00,0.00,0,1.00,1,334.60,0,0,1,,0.00,0,0,1,0,0,1,0,9,77,1
"org.apache.http.conn.routing.HttpRoutePlanner",1,0.00,1.00,2,0.02,108.21,1,0,4,1,5,177.14,20,7,4,1,143.75,0.00,0.00,0.00,0,1.00,1,56.11,0,1,1,,0.00,0,0,1,0,0,0,0,2,17,1
"org.apache.http.conn.routing.RouteInfo",10,0.00,1.00,13,0.04,154.89,10,0,2,10,4,113.15,107,21,4,1,161.63,0.00,0.00,0.00,0,10.00,1,121.20,0,6,0,,0.00,0,0,10,0,0,4,0,13,54,1
"org.apache.http.conn.routing.RouteInfo$LayerType",0,0.00,0.00,2,0.01,23.26,0,0,2,0,0,171.00,0,1,0,1,171.00,0.00,0.00,0.00,0,0.00,0,15.51,0,0,0,java.lang.Object,0.00,0,0,0,0,0,0,0,0,6,1
"org.apache.http.conn.routing.RouteInfo$TunnelType",0,0.00,0.00,2,0.01,23.26,0,0,2,0,0,171.00,0,1,0,1,171.00,0.00,0.00,0.00,0,0.00,0,15.51,0,0,0,java.lang.Object,0.00,0,0,0,0,0,0,0,0,6,1
"org.apache.http.conn.routing.RouteTracker",23,0.13,2.43,141,1.91,111687.52,30,7,2,33,6,94.87,118,211,4,1,112.74,0.00,0.00,0.02,3,61.00,8,5729.49,1,9,2,java.lang.Object,0.00,10,0,56,0,10,14,2,38,1164,2
"org.apache.http.conn.routing.TestHttpRoute",14,0.26,1.86,305,6.18,419948.05,23,9,10,54,2,106.90,48,441,1,2,86.28,0.00,0.50,0.36,0,0.00,7,18538.37,0,1,1,junit.framework.TestCase,0.00,40,1,26,0,40,13,0,46,3056,1
"org.apache.http.conn.routing.TestRouteDirector",10,0.11,1.10,211,3.45,164697.11,19,9,7,19,4,128.34,20,321,1,2,88.45,0.00,0.50,0.21,0,0.00,2,10349.28,0,1,3,junit.framework.TestCase,0.00,9,1,11,0,9,9,0,18,1908,1
"org.apache.http.conn.routing.TestRouteTracker",14,0.18,3.07,345,5.92,676838.62,23,9,9,59,5,50.15,86,461,1,2,82.37,0.00,0.50,0.28,3,0.00,9,17750.84,0,2,4,junit.framework.TestCase,0.00,45,1,43,0,45,12,0,67,3111,1
"org.apache.http.client.protocol.ClientContext",0,0.00,0.00,11,0.15,2252.12,10,10,0,0,15,171.00,4,12,15,1,171.00,0.00,0.00,0.00,0,0.00,0,456.65,0,0,0,,0.00,0,0,0,0,0,0,0,1,94,1
"org.apache.http.client.protocol.ClientContextConfigurer",6,1.00,1.17,15,0.16,2168.74,7,1,6,8,5,139.59,0,23,0,1,139.59,0.00,0.00,0.00,0,26.00,2,482.24,0,0,5,java.lang.Object,0.00,2,0,7,0,2,6,1,0,124,1
"org.apache.http.client.protocol.RequestAddCookies",2,1.00,11.50,68,1.21,99001.99,3,1,24,36,11,32.21,22,100,1,1,76.34,0.00,0.00,0.00,0,2.00,22,3628.49,0,0,10,java.lang.Object,0.00,34,0,23,0,34,2,1,12,534,1
"org.apache.http.client.protocol.RequestDefaultHeaders",2,0.00,4.00,14,0.18,6538.98,2,0,8,9,2,93.61,10,22,1,1,111.48,0.00,0.00,0.00,0,2.00,7,530.73,0,0,1,java.lang.Object,0.00,7,0,8,0,7,2,1,2,103,1
"org.apache.http.client.protocol.RequestProxyAuthentication",2,1.00,5.50,26,0.36,15963.35,3,1,12,16,7,98.56,8,41,1,1,98.33,0.00,0.00,0.00,0,2.00,10,1072.28,0,0,6,java.lang.Object,0.00,14,0,11,0,14,2,1,2,192,1
"org.apache.http.client.protocol.RequestTargetAuthentication",2,1.00,6.00,29,0.41,17868.09,3,1,12,19,7,96.96,8,45,1,1,96.72,0.00,0.00,0.00,0,2.00,11,1221.94,0,0,6,java.lang.Object,0.00,17,0,12,0,17,2,1,2,213,1
"org.apache.http.client.protocol.ResponseProcessCookies",3,1.00,5.33,41,0.62,27108.78,4,1,16,18,8,80.04,16,70,1,1,97.91,0.00,0.00,0.00,1,3.00,8,1866.88,0,0,7,java.lang.Object,0.00,15,0,16,0,15,3,1,7,339,1
"org.apache.http.client.protocol.TestCookie2Support",7,0.00,2.00,98,1.58,42787.08,7,0,27,35,12,148.27,10,113,1,3,98.27,0.00,0.67,0.00,0,7.00,3,4725.39,1,1,11,org.apache.http.localserver.ServerTestBase,0.00,28,2,14,0,28,6,0,4,807,1
"org.apache.http.client.protocol.TestCookie2Support$CookieVer0Service",1,0.00,1.00,7,0.11,1836.66,1,0,27,8,0,113.77,0,12,0,1,113.77,0.00,0.00,0.00,0,1.00,1,329.99,0,0,0,java.lang.Object,0.00,7,0,1,0,7,1,1,0,68,2
"org.apache.http.client.protocol.TestCookie2Support$CookieVer1Service",1,0.00,1.00,8,0.13,2312.69,1,0,27,8,0,110.82,0,13,0,1,110.82,0.00,0.00,0.00,0,1.00,1,386.72,0,0,0,java.lang.Object,0.00,7,0,1,0,7,1,1,0,78,2
"org.apache.http.client.protocol.TestCookie2Support$CookieVer2Service",1,0.00,1.00,7,0.11,1836.66,1,0,27,8,0,113.77,0,12,0,1,113.77,0.00,0.00,0.00,0,1.00,1,329.99,0,0,0,java.lang.Object,0.00,7,0,1,0,7,1,1,0,68,2
"org.apache.http.client.protocol.TestCookie2Support$SetCookieVersionMixService",1,0.00,1.00,8,0.13,2312.69,1,0,27,8,0,110.82,0,13,0,1,110.82,0.00,0.00,0.00,0,1.00,1,386.72,0,0,0,java.lang.Object,0.00,7,0,1,0,7,1,1,0,78,2
"org.apache.http.client.protocol.TestRedirects",20,0.00,1.85,261,4.46,100830.14,20,0,33,68,13,100.15,13,335,1,3,100.15,0.00,0.67,0.00,0,20.00,2,13377.33,1,1,12,org.apache.http.localserver.ServerTestBase,0.00,48,2,37,0,48,19,0,7,2325,1
"org.apache.http.client.protocol.TestRedirects$BasicRedirectService",3,3.00,2.00,25,0.36,9475.16,6,3,33,12,0,109.60,0,35,0,1,109.60,0.00,0.00,0.00,0,3.00,3,1071.11,0,0,0,java.lang.Object,0.00,9,0,6,0,9,3,1,0,212,1
"org.apache.http.client.protocol.TestRedirects$BogusRedirectService",2,1.00,2.00,17,0.23,5531.91,3,1,33,11,0,110.05,0,24,0,1,110.05,0.00,0.00,0.50,0,2.00,3,683.72,0,0,0,java.lang.Object,0.00,9,0,4,0,9,2,1,0,135,1
"org.apache.http.client.protocol.TestRedirects$CircularRedirectService",2,0.00,2.00,14,0.19,5791.82,2,0,33,9,0,112.06,0,21,0,1,112.06,0.00,0.00,0.00,0,2.00,3,584.64,0,0,0,java.lang.Object,0.00,7,0,4,0,7,2,1,0,118,1
"org.apache.http.client.protocol.TestRedirects$RelativeRedirectService",2,0.00,2.00,15,0.21,5455.07,2,0,33,11,0,112.26,0,22,0,1,112.26,0.00,0.00,0.00,0,2.00,3,625.07,0,0,0,java.lang.Object,0.00,9,0,4,0,9,2,1,0,122,1
"org.apache.http.client.protocol.TestRedirects$RelativeRedirectService2",2,0.00,2.00,15,0.21,5323.73,2,0,33,11,0,112.34,0,22,0,1,112.34,0.00,0.00,0.00,0,2.00,3,628.68,0,0,0,java.lang.Object,0.00,9,0,4,0,9,2,1,0,122,1
"org.apache.http.client.protocol.TestUriEscapes",16,0.00,1.06,52,0.54,12487.92,16,0,15,32,4,130.41,0,70,1,3,130.41,0.00,0.67,0.00,1,16.00,2,1618.71,0,1,3,org.apache.http.localserver.ServerTestBase,0.00,16,2,17,0,16,15,0,0,365,1
"org.apache.http.client.protocol.TestUriEscapes$UriListeningService",2,1.00,1.00,10,0.13,2086.37,3,1,15,8,0,121.16,0,16,0,1,121.16,0.00,0.00,0.50,0,2.00,1,381.66,0,1,0,java.lang.Object,0.00,6,0,2,0,6,1,1,0,83,1
"org.apache.http.auth.AUTH",1,4.00,1.00,6,0.06,774.52,5,4,0,1,11,145.51,19,8,11,1,119.22,0.00,0.00,0.00,0,1.00,1,175.59,0,0,0,java.lang.Object,0.00,0,0,1,0,0,1,0,5,45,2
"org.apache.http.auth.AuthScheme",7,0.00,1.00,8,0.04,190.08,7,0,2,7,19,122.15,86,10,16,1,159.71,0.00,0.00,0.00,0,7.00,1,121.84,0,4,3,,0.00,0,0,7,0,0,3,0,8,47,1
"org.apache.http.auth.AuthSchemeFactory",1,0.00,1.00,2,0.01,30.51,1,0,1,1,2,115.86,6,3,1,1,148.08,0.00,0.00,0.00,0,1.00,1,25.51,0,1,1,,0.00,0,0,1,0,0,0,0,1,11,1
"org.apache.http.auth.AuthSchemeRegistry",6,0.20,2.00,30,0.36,8895.06,7,1,6,18,6,69.80,54,46,4,1,119.80,0.00,0.00,0.83,0,0.00,3,1068.68,0,2,2,java.lang.Object,0.00,12,0,12,0,12,4,0,6,233,2
"org.apache.http.auth.AuthScope",12,0.01,2.67,92,1.16,53890.66,21,9,2,25,13,62.38,105,130,13,1,110.49,0.00,0.00,0.10,0,28.00,9,3493.75,1,4,0,java.lang.Object,0.00,13,0,32,0,13,8,0,22,736,1
"org.apache.http.auth.AuthState",10,3.00,1.20,35,0.27,5643.57,13,3,0,13,11,131.73,48,48,8,1,131.49,0.00,0.00,0.00,1,10.00,2,806.61,0,3,3,java.lang.Object,0.00,3,0,12,0,3,7,0,12,205,1
"org.apache.http.auth.AuthenticationException",3,1.00,1.00,8,0.05,538.90,4,1,1,3,12,99.73,22,12,12,2,142.02,2.00,0.25,0.00,0,3.00,1,153.79,0,0,0,org.apache.http.ProtocolException,0.00,0,1,3,2,0,3,0,4,46,1
"org.apache.http.auth.BasicUserPrincipal",5,1.00,2.00,27,0.25,6440.88,6,1,2,11,3,170.28,7,39,3,1,120.28,0.00,0.00,0.00,0,5.00,5,753.23,0,2,0,java.lang.Object,0.00,6,0,10,0,6,3,1,1,179,2
"org.apache.http.auth.Credentials",2,0.00,1.00,3,0.01,31.00,2,0,1,2,20,161.86,8,4,20,1,161.63,0.00,0.00,0.00,0,2.00,1,26.00,0,2,0,,0.00,0,0,2,0,0,0,0,1,13,1
"org.apache.http.auth.InvalidCredentialsException",3,1.00,1.00,8,0.05,538.90,4,1,0,3,2,99.73,23,12,1,3,142.02,0.00,0.67,0.00,0,3.00,1,153.79,0,0,1,org.apache.http.auth.AuthenticationException,0.00,0,2,3,0,0,3,0,4,46,1
"org.apache.http.auth.MalformedChallengeException",3,1.00,1.00,8,0.05,483.35,4,1,1,3,14,100.10,23,12,14,2,142.39,0.00,0.50,0.00,0,3.00,1,148.39,0,0,0,org.apache.http.ProtocolException,0.00,0,1,3,0,0,3,0,4,45,1
"org.apache.http.auth.NTCredentials",10,3.00,1.90,63,0.70,26284.18,13,3,3,22,5,135.51,36,93,3,1,114.90,0.00,0.00,0.00,1,10.00,5,2087.44,0,6,2,java.lang.Object,0.00,12,0,19,0,12,4,1,8,455,1
"org.apache.http.auth.NTUserPrincipal",7,3.00,2.00,42,0.45,19320.34,10,3,3,15,3,114.72,6,61,3,1,114.72,0.00,0.00,0.00,0,7.00,5,1348.67,0,4,0,java.lang.Object,0.00,8,0,14,0,8,3,1,1,298,1
"org.apache.http.auth.TestCredentials",9,0.00,1.00,102,1.51,66882.02,9,0,3,31,5,101.67,3,157,1,2,101.67,0.00,0.50,0.00,0,9.00,1,4523.77,0,1,4,junit.framework.TestCase,0.00,22,1,9,0,22,8,0,3,940,1
"org.apache.http.auth.UsernamePasswordCredentials",8,0.50,1.88,38,0.37,10251.40,10,2,2,14,12,163.81,23,55,10,1,123.92,0.00,0.00,0.06,2,14.00,5,1107.74,0,4,2,java.lang.Object,0.00,6,0,15,0,6,4,1,3,256,1
"org.apache.http.client.utils.CloneUtils",2,0.00,4.50,21,0.26,16412.86,2,0,2,11,2,123.14,6,32,2,1,102.53,0.00,0.00,0.00,0,2.00,8,775.55,0,1,0,java.lang.Object,0.00,9,0,9,0,9,1,0,2,144,1
"org.apache.http.client.utils.Idn",1,0.00,1.00,2,0.01,33.58,1,0,0,1,3,97.76,9,3,3,1,147.75,0.00,0.00,0.00,0,1.00,1,23.93,0,1,0,,0.00,0,0,1,0,0,0,0,2,11,1
"org.apache.http.client.utils.JdkIdn",2,0.00,3.50,14,0.20,6301.20,3,1,2,10,2,111.87,9,23,1,1,111.64,0.00,0.00,1.00,0,0.00,4,600.56,0,1,1,java.lang.Object,0.00,8,0,7,0,8,1,1,4,129,1
"org.apache.http.client.utils.Punycode",2,0.00,1.50,10,0.07,950.44,3,1,0,5,4,163.64,4,16,1,1,123.75,0.00,0.00,1.00,1,0.00,2,195.20,0,1,3,java.lang.Object,0.00,3,0,3,0,3,1,0,1,55,1
"org.apache.http.client.utils.Rfc3492Idn",4,0.26,4.75,68,1.04,88309.13,13,9,1,18,3,140.54,7,77,2,1,90.54,0.00,0.00,0.31,0,6.00,8,3130.06,0,2,1,java.lang.Object,0.00,14,0,19,0,14,2,1,5,586,1
"org.apache.http.client.utils.TestRfc3492Idn",5,0.00,1.00,19,0.24,4518.06,5,0,4,12,2,179.92,9,38,1,2,129.92,0.00,0.50,0.00,0,5.00,1,714.99,0,1,1,junit.framework.TestCase,0.00,7,1,5,0,7,4,0,7,164,1
"org.apache.http.client.utils.TestURLEncodedUtils",9,0.00,1.00,91,1.39,60788.94,9,0,9,32,2,103.54,0,104,1,2,103.54,0.00,0.50,0.00,1,9.00,1,4184.40,0,2,1,junit.framework.TestCase,0.00,23,1,9,0,23,7,0,0,787,1
"org.apache.http.client.utils.URIUtils",6,0.00,3.50,47,0.68,39331.24,6,0,3,26,3,71.57,74,91,3,1,109.13,0.00,0.00,0.00,1,6.00,8,2045.22,0,5,0,java.lang.Object,0.00,20,0,21,0,20,1,0,7,406,1
"org.apache.http.client.utils.URLEncodedUtils",7,0.11,3.14,52,0.89,38348.67,10,3,15,31,2,67.48,53,80,2,1,109.77,0.00,0.00,0.24,4,18.00,5,2655.24,0,5,0,java.lang.Object,0.00,24,0,22,0,24,2,0,6,521,1
"org.apache.http.auth.params.AuthPNames",0,0.00,0.00,2,0.01,157.40,1,1,0,0,1,171.00,18,3,1,1,171.00,0.00,0.00,0.00,0,0.00,0,44.97,0,0,0,,0.00,0,0,0,0,0,0,0,2,13,1
"org.apache.http.auth.params.AuthParamBean",2,0.00,1.00,5,0.03,355.08,2,0,2,3,1,142.06,0,8,0,2,142.06,0.00,0.50,0.00,0,2.00,1,104.15,0,0,1,org.apache.http.params.HttpAbstractParamBean,0.00,1,1,2,0,1,2,0,0,32,1
"org.apache.http.auth.params.AuthParams",3,0.00,2.00,14,0.14,3504.07,3,0,2,6,4,75.75,31,22,3,1,124.23,0.00,0.00,0.00,0,3.00,3,409.30,0,1,1,java.lang.Object,0.00,3,0,6,0,3,2,0,5,94,2
"org.apache.http.client.entity.UrlEncodedFormEntity",2,0.00,2.00,7,0.11,2253.60,2,0,6,4,2,79.01,19,15,1,2,129.01,0.00,0.50,0.00,0,2.00,2,318.59,0,0,1,org.apache.http.entity.StringEntity,0.00,2,1,4,0,2,2,0,3,73,1
"org.apache.http.client.methods.AbortableHttpRequest",3,0.00,1.00,4,0.02,95.00,3,0,7,3,9,129.80,39,5,3,1,159.18,0.00,0.00,0.00,0,3.00,1,66.00,0,0,6,,0.00,0,0,3,0,0,3,0,4,25,1
"org.apache.http.client.methods.HttpDelete",4,1.00,1.00,12,0.07,763.14,5,1,1,5,1,135.48,16,18,0,3,135.24,0.00,0.67,0.25,0,6.00,1,223.26,1,1,1,org.apache.http.client.methods.HttpRequestBase,0.20,1,2,4,0,1,3,0,2,65,1
"org.apache.http.client.methods.HttpEntityEnclosingRequestBase",5,1.00,1.20,16,0.16,3438.67,6,1,5,9,5,180.82,9,26,3,3,130.82,1.00,0.40,0.00,0,5.00,2,483.64,1,2,2,org.apache.http.client.methods.HttpRequestBase,0.19,4,2,6,2,4,3,1,1,120,2
"org.apache.http.client.methods.HttpGet",4,1.00,1.00,12,0.07,763.14,5,1,1,5,30,117.37,21,18,29,3,135.24,0.50,0.50,0.25,0,6.00,1,223.26,1,1,1,org.apache.http.client.methods.HttpRequestBase,0.20,1,2,4,1,1,3,0,2,65,1
"org.apache.http.client.methods.HttpHead",4,1.00,1.00,12,0.07,763.14,5,1,1,5,1,103.02,24,18,0,3,135.24,0.00,0.67,0.25,0,6.00,1,223.26,1,1,1,org.apache.http.client.methods.HttpRequestBase,0.20,1,2,4,0,1,3,0,2,65,1
"org.apache.http.client.methods.HttpOptions",5,1.00,1.60,24,0.23,7347.16,6,1,7,13,2,123.73,22,33,1,3,123.49,0.00,0.67,0.20,0,8.00,4,697.78,1,2,1,org.apache.http.client.methods.HttpRequestBase,0.19,8,2,8,0,8,3,0,2,153,1
"org.apache.http.client.methods.HttpPost",4,1.00,1.00,12,0.07,763.14,5,1,1,5,8,92.95,28,18,7,4,135.24,0.00,0.75,0.25,0,6.00,1,223.26,1,1,1,org.apache.http.client.methods.HttpEntityEnclosingRequestBase,0.20,1,3,4,0,1,3,0,2,65,1
"org.apache.http.client.methods.HttpPut",4,1.00,1.00,12,0.07,763.14,5,1,1,5,1,117.37,20,18,0,4,135.24,0.00,0.75,0.25,0,6.00,1,223.26,1,1,1,org.apache.http.client.methods.HttpEntityEnclosingRequestBase,0.20,1,3,4,0,1,3,0,2,65,1
"org.apache.http.client.methods.HttpRequestBase",11,0.18,1.73,69,0.66,17344.34,16,5,14,23,12,166.67,14,99,7,2,116.67,9.00,0.09,0.04,3,20.00,5,1976.83,1,5,5,org.apache.http.message.AbstractHttpMessage,0.00,12,1,19,9,12,6,3,6,431,2
"org.apache.http.client.methods.HttpTrace",4,1.00,1.00,12,0.07,763.14,5,1,1,5,1,117.37,23,18,0,3,135.24,0.00,0.67,0.25,0,6.00,1,223.26,1,1,1,org.apache.http.client.methods.HttpRequestBase,0.20,1,2,4,0,1,3,0,2,65,1
"org.apache.http.client.methods.HttpUriRequest",4,0.00,1.00,5,0.02,83.45,4,0,2,4,5,112.50,32,6,5,2,160.61,0.00,0.50,0.00,0,4.00,1,57.60,0,2,0,,0.00,0,1,4,0,0,2,0,5,25,1
"org.apache.http.client.methods.TestHttpOptions",4,0.00,1.00,18,0.22,4531.39,4,0,8,15,2,124.49,3,23,1,2,124.49,0.00,0.50,0.00,0,4.00,1,657.61,0,1,1,junit.framework.TestCase,0.00,11,1,4,0,11,3,0,3,146,1
"org.apache.http.client.methods.TestHttpRequestBase",7,0.00,1.14,63,1.06,42269.40,7,0,11,43,3,105.60,3,74,1,2,105.60,0.00,0.50,0.00,0,7.00,2,3182.23,0,1,2,junit.framework.TestCase,0.00,36,1,8,0,36,6,0,3,589,1
"org.apache.http.cookie.params.CookieSpecPNames",0,0.00,0.00,3,0.03,332.42,2,2,0,0,7,171.00,28,4,7,1,171.00,0.00,0.00,0.00,0,0.00,0,81.41,0,0,0,,0.00,0,0,0,0,0,0,0,3,22,1
"org.apache.http.cookie.params.CookieSpecParamBean",3,0.00,1.00,7,0.07,721.76,3,0,3,5,1,141.02,0,11,0,2,141.02,0.00,0.50,0.00,0,3.00,1,196.85,0,0,1,org.apache.http.params.HttpAbstractParamBean,0.00,2,1,3,0,2,3,0,0,54,1
"org.apache.http.localserver.EchoHandler",1,0.00,5.00,18,0.32,14881.27,1,0,13,15,1,140.94,25,31,1,1,90.95,0.00,0.00,0.00,0,1.00,5,962.23,0,0,0,java.lang.Object,0.00,14,0,5,0,14,1,1,6,165,1
"org.apache.http.localserver.LocalTestServer",16,0.01,1.81,86,1.00,24013.50,25,9,31,57,6,77.49,121,135,4,1,119.78,0.00,0.00,0.10,1,90.00,4,2998.02,0,6,2,java.lang.Object,0.00,41,0,29,0,41,10,0,30,650,1
"org.apache.http.localserver.LocalTestServer$RequestListener",3,0.50,2.67,33,0.42,11476.25,4,1,31,22,1,124.33,11,51,0,1,103.72,0.00,0.00,0.67,2,0.00,4,1266.54,0,0,1,java.lang.Object,0.00,19,0,8,0,19,3,1,9,252,1
"org.apache.http.localserver.LocalTestServer$RequestListener$Worker",2,2.00,3.00,14,0.19,5019.28,4,2,31,6,0,162.45,2,26,0,1,112.45,0.00,0.00,0.00,0,2.00,5,566.78,0,0,0,java.lang.Object,0.00,4,0,6,0,4,2,1,2,121,1
"org.apache.http.localserver.RandomHandler",1,0.00,7.00,28,0.52,30140.70,1,0,13,22,2,88.56,35,43,2,1,81.30,0.00,0.00,0.00,0,1.00,7,1551.68,0,0,0,java.lang.Object,0.00,21,0,7,0,21,1,1,8,253,1
"org.apache.http.localserver.RandomHandler$RandomEntity",6,0.20,1.83,41,0.42,23150.26,8,2,13,13,0,81.37,40,57,0,2,113.59,0.00,0.50,0.33,0,6.00,4,1270.87,0,1,0,org.apache.http.entity.AbstractHttpEntity,0.00,7,1,11,0,7,5,0,12,264,2
"org.apache.http.localserver.ServerTestBase",7,0.08,1.71,46,0.55,12179.78,13,6,18,39,6,72.20,77,70,0,2,116.33,11.00,0.08,0.24,2,12.00,6,1661.73,0,4,6,junit.framework.TestCase,0.00,32,1,12,11,32,3,0,16,336,2
"org.apache.http.conn.scheme.HostNameResolver",1,0.00,1.00,2,0.01,51.00,1,0,2,1,2,146.32,0,3,2,1,146.32,0.00,0.00,0.00,0,1.00,1,34.00,0,1,0,,0.00,0,0,1,0,0,0,0,0,13,1
"org.apache.http.conn.scheme.LayeredSocketFactory",1,0.00,1.00,2,0.03,129.64,1,0,3,1,2,193.13,25,8,2,2,143.13,0.00,0.50,0.00,0,1.00,1,75.21,0,1,0,,0.00,0,1,1,0,0,0,0,2,22,1
"org.apache.http.conn.scheme.PlainSocketFactory",6,0.50,2.50,38,0.44,22531.02,8,2,8,16,22,95.74,34,61,19,1,113.61,0.00,0.00,0.08,0,10.00,8,1328.82,0,3,3,java.lang.Object,0.00,10,0,15,0,10,3,1,12,265,2
"org.apache.http.conn.scheme.Scheme",9,0.02,1.89,48,0.56,19712.42,14,5,2,18,29,68.48,86,73,28,1,118.47,0.00,0.00,0.22,0,34.00,4,1679.36,0,3,1,java.lang.Object,0.00,9,0,17,0,9,6,0,16,371,2
"org.apache.http.conn.scheme.SchemeRegistry",8,0.29,1.75,33,0.36,9202.46,9,1,5,20,33,74.31,78,49,32,1,124.31,0.00,0.00,0.75,2,0.00,2,1086.82,0,1,1,java.lang.Object,0.00,12,0,14,0,12,7,0,14,250,2
"org.apache.http.conn.scheme.SocketFactory",3,0.00,1.00,4,0.04,216.04,3,0,6,3,20,206.37,75,16,19,1,156.37,0.00,0.00,0.00,0,3.00,1,132.91,0,2,1,,0.00,0,0,3,0,0,1,0,4,39,1
"org.apache.http.conn.scheme.TestScheme",4,0.00,1.00,14,0.16,3141.74,4,0,3,11,3,130.40,3,19,1,2,130.40,0.00,0.50,0.00,0,4.00,1,474.27,0,1,2,junit.framework.TestCase,0.00,7,1,4,0,7,3,0,1,116,1
