Name, No. Methods, LCOM, AVCC, NOS, HBUG, HEFF, UWCS, INST, PACK, RFC, CBO, MI, CCML, NLOC, F-IN, DIT, MINC, S-R, R-R, COH, LMC, LCOM2, MAXCC, HVOL, HIER, NQU, FOUT, Superclass, SIX, EXT, NSUP, TCC, NSUB, MPC, NCO, INTR, CCOM, HLTH, MOD
"org.apache.http.entity.mime.content.AbstractContentBody",4,3.00,1.50,22,0.20,7238.97,7,3,0,7,4,169.18,4,29,3,1,119.18,0.00,0.00,0.00,0,4.00,3,599.84,0,3,1,java.lang.Object,0.00,3,0,6,3,3,1,1,1,136,2
"org.apache.http.entity.mime.content.ContentBody",2,0.00,1.00,3,0.02,80.19,2,0,2,2,4,198.26,4,4,4,2,158.38,0.00,0.50,0.00,0,2.00,1,50.09,0,1,0,,0.00,0,1,2,0,0,1,0,1,19,1
"org.apache.http.entity.mime.content.ContentDescriptor",6,0.00,1.00,7,0.02,63.00,6,0,0,6,0,120.67,45,8,0,1,162.96,0.00,0.00,0.00,0,6.00,1,58.00,0,5,0,,0.00,0,0,6,0,0,1,0,7,29,1
"org.apache.http.entity.mime.content.FileBody",12,0.30,1.33,42,0.43,12070.00,15,3,6,19,4,179.49,13,69,2,2,129.49,0.00,0.50,0.06,1,32.00,3,1290.27,0,5,2,org.apache.http.entity.mime.content.AbstractContentBody,0.00,7,1,16,0,7,7,0,4,300,1
"org.apache.http.entity.mime.content.InputStreamBody",9,2.00,1.33,33,0.31,8152.55,11,2,4,13,5,129.85,7,49,3,2,129.85,0.00,0.50,0.00,1,9.00,3,924.34,0,4,2,org.apache.http.entity.mime.content.AbstractContentBody,0.00,4,1,12,0,4,5,0,2,215,1
"org.apache.http.entity.mime.content.StringBody",13,2.00,1.38,44,0.50,12145.27,15,2,9,22,7,179.74,16,74,5,2,129.74,0.00,0.50,0.00,2,13.00,3,1512.19,0,7,2,org.apache.http.entity.mime.content.AbstractContentBody,0.00,9,1,18,0,9,6,0,5,348,1
"org.apache.http.cookie.ClientCookie",2,10.00,1.00,13,0.17,2680.92,12,10,0,2,5,75.06,14,14,5,2,117.35,0.00,0.50,0.00,0,2.00,1,505.04,0,1,0,,0.00,0,1,2,0,0,1,0,3,108,1
"org.apache.http.cookie.Cookie",12,0.00,1.00,13,0.04,141.89,12,0,1,12,20,130.33,78,14,20,1,162.55,0.00,0.00,0.00,0,12.00,1,121.26,0,7,0,,0.00,0,0,12,0,0,5,0,13,57,1
"org.apache.http.cookie.CookieAttributeHandler",3,0.00,1.00,4,0.03,138.66,3,0,0,3,9,113.76,34,7,7,1,157.89,0.00,0.00,0.00,0,3.00,1,100.44,0,0,2,,0.00,0,0,3,0,0,3,0,4,33,1
"org.apache.http.cookie.CookieSpec",6,0.00,1.00,7,0.06,316.39,6,0,2,6,9,108.96,61,8,8,1,157.44,0.00,0.00,0.00,0,6.00,1,169.36,0,3,1,,0.00,0,0,6,0,0,3,0,7,56,1
"org.apache.http.cookie.CookieSpecFactory",1,0.00,1.00,2,0.01,30.51,1,0,1,1,2,110.52,12,3,1,1,148.08,0.00,0.00,0.00,0,1.00,1,25.51,0,1,1,,0.00,0,0,1,0,0,0,0,2,11,1
"org.apache.http.cookie.Immutable",2,1.00,3.50,20,0.20,6335.37,3,1,3,6,1,57.74,16,26,0,1,105.84,0.00,0.00,0.00,1,2.00,4,593.90,0,1,1,java.lang.Object,0.00,4,0,7,0,4,1,2,2,132,1
"org.apache.http.cookie.SM",0,0.00,0.00,5,0.05,743.92,4,4,0,0,3,171.00,6,6,3,1,171.00,0.00,0.00,0.00,0,0.00,0,163.50,0,0,0,,0.00,0,0,0,0,0,0,0,1,40,1
"org.apache.http.cookie.SetCookie",7,0.00,1.00,8,0.04,144.76,7,0,1,7,5,112.54,60,9,5,2,160.64,0.00,0.50,0.00,0,7.00,1,126.66,0,0,0,,0.00,0,1,7,0,0,7,0,7,49,1
"org.apache.http.cookie.SetCookie2",3,0.00,1.00,4,0.02,96.69,3,0,0,3,4,116.83,21,5,4,2,159.12,0.00,0.50,0.00,0,3.00,1,68.77,0,0,0,,0.00,0,1,3,0,0,3,0,4,26,1
"org.apache.http.cookie.TestCookieOrigin",6,0.00,1.00,21,0.30,5587.41,6,0,2,13,0,129.82,3,34,0,1,129.82,0.00,0.00,0.00,0,6.00,1,905.97,0,0,0,java.lang.Object,0.00,7,0,6,0,7,6,0,1,205,1
"org.apache.http.cookie.TestCookiePathComparator",6,0.00,1.00,49,0.73,23358.52,6,0,4,11,1,109.04,3,62,0,1,109.04,0.00,0.00,0.00,0,6.00,1,2175.80,0,0,1,java.lang.Object,0.00,5,0,6,0,5,6,0,1,448,1
"org.apache.http.cookie.TestCookiePolicy",3,0.50,3.00,61,0.85,39206.90,6,3,10,20,0,110.42,9,88,0,1,89.80,0.00,0.00,0.67,0,1.00,5,2537.69,0,0,0,java.lang.Object,0.00,17,0,9,0,17,3,0,7,502,1
"org.apache.http.cookie.ThreadSafe",7,0.33,1.86,32,0.37,8437.69,8,1,7,19,2,76.03,59,48,0,1,124.14,0.00,0.00,0.71,1,0.00,3,1108.58,0,3,2,java.lang.Object,0.00,12,0,13,0,12,4,0,7,247,2
"org.apache.http.impl.cookie.Immutable",4,0.00,1.25,10,0.09,1504.53,4,0,7,5,4,189.44,5,18,0,1,139.44,0.00,0.00,0.00,0,4.00,2,281.81,0,0,4,java.lang.Object,0.00,1,0,5,0,1,4,1,1,75,1
"org.apache.http.impl.cookie.Immutable$DateFormatHolder",1,0.00,3.00,15,0.24,10625.71,1,0,10,12,0,57.61,12,23,0,1,95.17,0.00,0.00,0.00,0,1.00,3,724.08,0,1,0,java.lang.Object,0.00,11,0,3,0,11,0,0,1,149,2
"org.apache.http.impl.cookie.Immutable$DateFormatHolder$ThreadLocal<SoftReference<Map<String,SimpleDateFormat>>>",1,0.00,1.00,3,0.06,1340.27,1,0,10,3,0,128.58,0,6,0,1,128.58,0.00,0.00,0.00,0,1.00,1,182.51,0,1,0,java.lang.Object,0.00,2,0,1,0,2,0,0,0,48,0
"org.apache.http.impl.cookie.NotThreadSafe",13,0.12,3.08,100,1.07,45895.47,19,6,10,31,4,161.28,16,142,0,1,111.28,0.00,0.00,0.05,4,57.00,9,3221.99,0,4,4,java.lang.Object,0.00,18,0,40,0,18,9,1,11,662,1
"org.apache.http.impl.cookie.PublicSuffixFilter",7,0.22,2.14,32,0.44,15258.07,10,3,9,18,5,142.69,26,41,2,1,122.08,0.00,0.00,0.14,1,10.00,8,1311.82,0,0,3,java.lang.Object,0.00,11,0,15,0,11,7,1,6,281,1
"org.apache.http.impl.cookie.TestAbstractCookieSpec",4,0.00,1.00,35,0.50,18055.20,4,0,10,17,3,108.53,0,43,0,1,108.53,0.00,0.00,0.00,0,4.00,1,1486.49,0,0,3,java.lang.Object,0.00,13,0,4,0,13,4,0,0,304,1
"org.apache.http.impl.cookie.TestAbstractCookieSpec$DummyCookieAttribHandler",3,0.00,1.00,5,0.05,308.89,3,0,10,3,3,155.15,0,10,0,1,155.15,0.00,0.00,0.00,0,3.00,1,138.78,0,0,3,java.lang.Object,0.00,0,0,3,0,0,3,1,0,41,2
"org.apache.http.impl.cookie.TestAbstractCookieSpec$DummyCookieSpec",6,0.00,1.00,12,0.09,872.49,6,0,10,6,1,142.74,0,19,0,2,142.74,0.00,0.50,0.00,0,6.00,1,277.42,0,3,1,AbstractCookieSpec,0.00,0,1,6,0,0,3,0,0,79,2
"org.apache.http.impl.cookie.TestBasicClientCookie",3,0.00,1.33,37,0.59,18738.30,3,0,6,23,0,150.79,4,46,0,1,100.79,0.00,0.00,0.00,0,3.00,2,1768.29,0,0,0,java.lang.Object,0.00,20,0,4,0,20,3,0,2,341,1
"org.apache.http.impl.cookie.TestBasicClientCookie2",3,0.00,1.67,52,0.89,38801.60,3,0,6,26,0,142.61,4,59,0,1,92.61,0.00,0.00,0.00,0,3.00,2,2672.54,0,0,0,java.lang.Object,0.00,23,0,5,0,23,3,0,2,482,1
"org.apache.http.impl.cookie.TestBasicCookieAttribHandlers",32,0.00,1.75,259,3.60,98267.38,32,0,20,66,2,109.72,24,372,0,1,109.72,0.00,0.00,0.00,0,32.00,6,10807.95,0,0,2,java.lang.Object,0.00,34,0,56,0,34,32,0,24,2176,1
"org.apache.http.impl.cookie.TestBrowserCompatSpec",55,0.00,1.80,686,12.19,463683.00,55,0,12,91,3,149.69,66,788,0,1,99.69,0.00,0.00,0.00,1,55.00,9,36572.24,0,0,3,java.lang.Object,0.00,36,0,99,0,36,55,0,36,6454,1
"org.apache.http.impl.cookie.TestCookieBestMatchSpec",10,0.00,2.10,149,2.28,80772.28,10,0,12,43,4,137.19,23,176,0,1,97.31,0.00,0.00,0.00,0,10.00,5,6843.44,0,0,4,java.lang.Object,0.00,33,0,21,0,33,10,0,21,1233,1
"org.apache.http.impl.cookie.TestCookieNetscapeDraft",13,0.00,2.00,162,2.76,84944.50,13,0,13,44,3,140.43,29,200,0,1,100.54,0.00,0.00,0.00,0,13.00,5,8291.84,0,0,3,java.lang.Object,0.00,31,0,26,0,31,13,0,15,1477,1
"org.apache.http.impl.cookie.TestCookieRFC2109Spec",19,0.00,2.26,273,4.35,155419.24,19,0,11,47,3,137.13,51,347,0,1,97.25,0.00,0.00,0.00,0,19.00,6,13039.35,0,0,3,java.lang.Object,0.00,28,0,43,0,28,19,0,24,2340,1
"org.apache.http.impl.cookie.TestCookieRFC2965Spec",46,0.00,1.80,644,10.45,408869.20,46,0,12,93,3,117.63,162,739,0,1,97.02,0.00,0.00,0.00,0,46.00,6,31361.15,0,0,3,java.lang.Object,0.00,47,0,83,0,47,46,0,92,5588,1
"org.apache.http.impl.cookie.TestDateUtils",6,0.00,1.67,65,0.96,32628.15,6,0,4,16,0,154.16,7,91,0,1,104.16,0.00,0.00,0.00,0,6.00,5,2868.54,0,0,0,java.lang.Object,0.00,10,0,10,0,10,6,0,5,562,1
"org.apache.http.impl.cookie.TestNetscapeCookieAttribHandlers",7,0.00,2.00,67,0.88,22272.15,7,0,5,16,1,157.66,7,96,0,1,107.66,0.00,0.00,0.00,0,7.00,3,2646.97,0,0,1,java.lang.Object,0.00,9,0,14,0,9,7,0,7,520,1
"org.apache.http.impl.cookie.TestNetscapeDraftHeaderParser",1,0.00,1.00,28,0.51,21677.22,1,0,6,15,0,103.49,3,32,0,1,82.87,0.00,0.00,0.00,0,1.00,1,1529.53,0,0,0,java.lang.Object,0.00,14,0,1,0,14,1,0,1,266,1
"org.apache.http.impl.cookie.TestPublicSuffixListParser",4,0.17,1.00,36,0.62,18984.89,6,2,6,17,1,156.45,4,45,0,1,106.45,0.00,0.00,0.62,0,0.00,1,1847.38,0,0,1,java.lang.Object,0.00,13,0,4,0,13,4,0,4,375,1
"org.apache.http.impl.cookie.TestRFC2109CookieAttribHandlers",14,0.00,2.43,142,1.83,53985.12,14,0,5,29,1,155.25,20,211,0,1,105.25,0.00,0.00,0.00,0,14.00,6,5493.32,0,0,1,java.lang.Object,0.00,15,0,34,0,15,14,0,20,1090,1
"org.apache.http.examples.conn.ManagerConnectDirect",1,0.00,4.00,45,0.79,47376.56,1,0,20,31,4,105.58,20,51,0,1,72.19,0.00,0.00,0.00,0,1.00,4,2376.23,0,0,4,java.lang.Object,0.00,30,0,4,0,30,1,0,8,356,1
"org.apache.http.examples.conn.ManagerConnectProxy",1,0.00,6.00,72,1.37,116857.37,1,0,20,38,3,108.67,23,78,0,1,61.40,0.00,0.00,0.00,0,1.00,6,4107.84,0,0,3,java.lang.Object,0.00,37,0,6,0,37,1,0,11,586,1
"org.apache.http.examples.conn.OperatorConnectDirect",1,0.00,2.00,32,0.52,22575.53,1,0,17,23,2,89.54,17,34,0,1,80.41,0.00,0.00,0.00,0,1.00,2,1559.24,0,0,2,java.lang.Object,0.00,22,0,2,0,22,1,0,9,248,1
"org.apache.http.examples.conn.OperatorConnectProxy",2,0.00,2.00,56,0.97,54474.73,2,0,18,31,2,71.58,31,63,0,1,81.93,0.00,0.00,0.00,1,2.00,2,2922.89,0,0,2,java.lang.Object,0.00,29,0,4,0,29,2,0,23,455,1
"org.apache.http.impl.conn.AbstractClientConnAdapter",33,0.08,1.48,152,1.18,21765.32,38,5,16,59,7,176.25,56,211,4,1,126.25,0.00,0.00,0.12,4,259.00,4,3530.87,0,9,3,java.lang.Object,0.00,26,0,49,4,26,24,2,12,861,2
"org.apache.http.impl.conn.AbstractPoolEntry",8,0.00,3.12,68,0.91,33968.04,13,5,8,27,6,79.10,106,114,4,1,108.48,0.00,0.00,0.20,3,10.00,7,2734.85,0,1,2,java.lang.Object,0.00,19,0,25,2,19,7,0,33,543,2
"org.apache.http.impl.conn.AbstractPooledConnAdapter",14,0.92,1.50,56,0.52,8881.87,15,1,7,25,6,166.27,39,85,2,2,126.38,2.00,0.25,0.14,2,34.00,3,1554.96,3,2,4,org.apache.http.impl.conn.AbstractClientConnAdapter,0.04,11,1,21,2,11,12,0,7,379,2
"org.apache.http.impl.conn.ClientConnAdapterMockup",10,0.00,1.00,19,0.15,1332.56,10,0,6,11,6,154.27,3,30,4,2,154.27,0.00,0.50,0.00,0,10.00,1,454.73,0,2,2,org.apache.http.impl.conn.AbstractClientConnAdapter,0.00,1,1,10,0,1,8,0,1,128,1
"org.apache.http.impl.conn.ExecReqThread",6,0.15,1.67,32,0.41,12919.32,10,4,10,16,3,100.69,32,54,1,3,118.56,0.00,0.67,0.38,2,2.00,4,1226.25,1,1,2,org.apache.http.impl.conn.GetConnThread,0.27,10,2,10,0,10,5,0,8,255,1
"org.apache.http.impl.conn.ExecReqThread$RequestSpec",0,0.00,0.00,5,0.03,237.96,4,4,10,0,0,171.00,0,6,0,1,171.00,0.00,0.00,0.00,0,0.00,0,95.18,0,0,0,java.lang.Object,0.00,0,0,0,0,0,0,0,0,25,2
"org.apache.http.impl.conn.GetConnThread",5,0.20,1.20,20,0.17,2000.65,10,5,5,7,6,128.24,21,32,3,2,128.01,1.00,0.33,0.36,0,5.00,2,503.36,0,2,3,java.lang.Thread,0.00,2,1,6,1,2,3,0,5,125,1
"org.apache.http.impl.conn.Helper",2,0.00,1.00,12,0.19,6135.94,2,0,10,11,2,114.75,8,22,2,1,114.52,0.00,0.00,0.00,0,2.00,1,570.64,0,1,0,java.lang.Object,0.00,9,0,2,0,9,1,0,4,114,2
"org.apache.http.impl.conn.Immutable",9,3.00,1.67,38,0.48,10559.36,12,3,6,15,0,174.25,14,54,0,1,124.25,0.00,0.00,0.00,4,9.00,2,1449.05,0,1,0,java.lang.Object,0.00,6,0,15,0,6,8,1,4,336,1
"org.apache.http.impl.conn.NotThreadSafe",6,0.10,3.00,50,0.61,19633.47,8,2,9,19,0,77.16,36,69,0,1,109.38,0.00,0.00,0.58,0,0.00,6,1827.45,0,0,0,java.lang.Object,0.00,13,0,18,0,13,6,0,8,364,1
"org.apache.http.impl.conn.NotThreadSafe$TimeValues",1,2.00,2.00,9,0.08,1672.07,3,2,9,2,0,91.99,5,12,0,1,109.86,0.00,0.00,0.00,0,1.00,2,248.23,0,0,0,java.lang.Object,0.00,1,0,2,0,1,1,0,1,60,2
"org.apache.http.impl.conn.TestDefaultResponseParser",4,0.00,1.00,33,0.64,14362.66,4,0,15,18,2,109.32,3,76,0,1,109.32,0.00,0.00,0.00,0,4.00,1,1908.64,0,0,2,java.lang.Object,0.00,14,0,4,0,14,4,0,1,349,1
"org.apache.http.impl.conn.TestLocalServer",2,0.00,2.50,44,0.85,37928.39,2,0,14,26,2,126.91,4,71,0,3,87.03,0.00,0.67,0.00,0,0.00,4,2545.83,2,0,2,org.apache.http.localserver.ServerTestBase,0.00,24,2,5,0,24,2,0,1,419,1
"org.apache.http.impl.conn.TestProxySelRoutePlanner",3,0.00,1.00,26,0.54,14524.13,3,0,17,23,2,148.18,8,43,0,1,108.29,0.00,0.00,0.00,1,3.00,1,1626.37,0,1,2,java.lang.Object,0.00,20,0,3,0,20,2,0,2,290,1
"org.apache.http.impl.conn.TestSCMWithServer",5,0.00,1.20,86,1.55,79256.54,5,0,15,28,4,74.11,27,112,0,3,91.99,0.00,0.67,0.00,1,5.00,2,4640.11,1,0,4,org.apache.http.localserver.ServerTestBase,0.00,23,2,6,0,23,5,0,15,784,1
"org.apache.http.impl.conn.TestTSCCMNoServer",17,0.00,2.00,247,3.87,164314.03,17,0,17,55,5,78.83,89,350,0,1,96.70,0.00,0.00,0.00,3,17.00,6,11612.75,0,5,5,java.lang.Object,0.00,38,0,34,0,38,12,0,71,2046,1
"org.apache.http.impl.conn.TestTSCCMWithServer",13,0.00,2.46,317,5.84,311604.29,13,0,37,76,10,52.60,89,402,0,3,84.82,0.00,0.67,0.00,2,0.00,5,17512.33,1,3,10,org.apache.http.localserver.ServerTestBase,0.00,63,2,32,0,63,10,0,68,2777,1
"org.apache.http.impl.conn.TestTSCCMWithServer$LatchSupport",3,0.00,2.00,14,0.15,2494.46,6,3,37,7,0,125.39,0,22,0,1,125.39,0.00,0.00,0.33,0,1.00,3,454.30,0,0,0,java.lang.Object,0.00,4,0,6,0,4,3,0,0,109,2
"org.apache.http.impl.conn.TestTSCCMWithServer$Runnable",1,0.00,2.00,7,0.05,543.52,1,0,37,5,0,117.78,0,10,0,1,117.78,0.00,0.00,0.00,0,1.00,2,148.18,0,0,0,java.lang.Object,0.00,4,0,2,0,4,1,0,0,37,0
"org.apache.http.impl.conn.TestTSCCMWithServer$Runnable_0",1,0.00,2.00,7,0.05,543.52,1,0,37,5,0,117.78,0,10,0,1,117.78,0.00,0.00,0.00,0,1.00,2,148.18,0,0,0,java.lang.Object,0.00,4,0,2,0,4,1,0,0,37,0
"org.apache.http.impl.conn.TestTSCCMWithServer$Runnable_1",1,0.00,2.00,7,0.05,543.52,1,0,37,5,0,117.78,0,10,0,1,117.78,0.00,0.00,0.00,0,1.00,2,148.18,0,0,0,java.lang.Object,0.00,4,0,2,0,4,1,0,0,37,0
"org.apache.http.impl.conn.TestTSCCMWithServer$Runnable_2",1,0.00,2.00,7,0.05,598.45,1,0,37,6,0,117.45,0,10,0,1,117.45,0.00,0.00,0.00,0,1.00,2,163.59,0,0,0,java.lang.Object,0.00,5,0,2,0,5,1,0,0,40,0
"org.apache.http.impl.conn.TestTSCCMWithServer$StallingOperator",4,0.33,1.25,12,0.15,2116.76,5,1,37,8,2,131.70,0,23,0,2,131.70,0.00,0.50,0.75,0,0.00,2,444.68,0,1,2,org.apache.http.impl.conn.LatchSupport,0.00,4,1,5,0,4,3,1,0,108,2
"org.apache.http.impl.conn.TestTSCCMWithServer$StallingSocketFactory",4,0.33,1.75,15,0.20,4224.42,5,1,37,8,1,129.26,0,30,0,2,129.26,0.00,0.50,0.75,0,0.00,3,597.72,0,2,1,org.apache.http.impl.conn.LatchSupport,0.00,4,1,7,0,4,2,1,0,138,2
"org.apache.http.impl.conn.TestTSCCMWithServer$ThreadSafeClientConnManager",1,0.00,1.00,4,0.05,775.60,1,0,37,4,1,125.79,0,7,0,1,125.79,0.00,0.00,0.00,0,1.00,1,156.56,1,1,1,java.lang.Object,0.00,3,0,1,0,3,0,0,0,38,0
"org.apache.http.impl.conn.TestTSCCMWithServer$WaitPolicy",0,0.00,0.00,2,0.01,36.00,0,0,37,0,1,171.00,0,1,0,1,171.00,0.00,0.00,0.00,0,0.00,0,24.00,0,0,1,java.lang.Object,0.00,0,0,0,0,0,0,1,0,8,1
"org.apache.http.impl.conn.ThreadSafe",6,0.40,4.50,77,1.22,67542.36,8,2,21,38,4,48.50,55,120,0,1,98.49,0.00,0.00,0.17,2,10.00,14,3663.91,0,2,4,java.lang.Object,0.00,32,0,27,0,32,4,1,6,625,1
"org.apache.http.impl.conn.ThreadSafe$ClientConnectionRequest",2,0.00,1.00,4,0.03,280.21,2,0,14,3,1,142.87,1,8,0,1,142.87,0.00,0.00,0.00,0,2.00,1,95.61,0,1,1,java.lang.Object,0.00,1,0,2,0,1,1,0,1,28,0
"org.apache.http.impl.conn.ThreadSafe$ConnAdapter",1,0.00,1.00,5,0.04,437.34,1,0,14,1,1,91.91,6,7,0,3,124.13,0.00,0.67,0.00,0,1.00,1,109.28,1,0,1,org.apache.http.impl.conn.AbstractPooledConnAdapter,0.00,0,2,1,0,0,1,0,1,30,1
"org.apache.http.impl.conn.ThreadSafe$PoolEntry",3,0.00,1.67,9,0.07,868.74,3,0,14,6,1,154.31,10,15,0,2,133.70,0.00,0.50,0.00,0,1.00,2,215.90,1,0,1,org.apache.http.impl.conn.AbstractPoolEntry,0.00,3,1,5,0,3,3,0,3,61,1
"org.apache.http.client.params.AllClientPNames",0,0.00,0.00,1,0.02,96.21,0,0,7,0,5,171.00,14,5,0,9,171.00,0.00,0.89,0.00,0,0.00,0,48.11,0,0,5,,0.00,0,8,0,0,0,0,0,2,13,1
"org.apache.http.client.params.ClientPNames",0,0.00,0.00,12,0.18,3079.91,11,11,0,0,6,171.00,75,14,6,1,171.00,0.00,0.00,0.00,0,0.00,0,534.71,0,0,0,,0.00,0,0,0,0,0,0,0,12,106,1
"org.apache.http.client.params.Immutable",7,0.00,2.00,30,0.33,7352.06,7,0,2,12,1,124.59,5,50,0,1,124.59,0.00,0.00,0.00,0,7.00,3,981.06,0,1,1,java.lang.Object,0.00,5,0,14,0,5,6,0,1,221,1
"org.apache.http.client.params.NotThreadSafe",12,0.00,1.00,25,0.27,2800.50,12,0,7,15,2,141.12,7,39,0,2,141.12,0.00,0.50,0.00,0,12.00,1,800.37,0,0,2,org.apache.http.params.HttpAbstractParamBean,0.00,3,1,12,0,3,12,0,1,212,1
"org.apache.http.conn.ssl.CertificatesToPlayWith",0,0.00,0.00,21,2.45,58544.74,20,20,0,1,1,171.00,55,369,1,1,171.00,0.00,0.00,0.00,0,0.00,0,7352.93,0,0,0,java.lang.Object,0.00,1,0,0,0,1,0,0,14,900,1
"org.apache.http.conn.ssl.Immutable",2,0.00,1.00,4,0.04,467.65,2,0,1,2,0,141.35,8,11,0,2,141.12,0.00,0.50,0.00,0,2.00,1,127.32,0,1,0,AbstractVerifier,0.00,0,1,2,0,0,1,0,2,38,1
"org.apache.http.conn.ssl.SuppressWarnings",23,0.05,1.91,128,1.95,76257.50,33,10,27,58,4,84.83,154,253,0,1,117.05,0.00,0.00,0.06,4,116.00,9,5849.94,0,7,4,java.lang.Object,0.00,35,0,44,0,35,16,2,27,1159,1
"org.apache.http.conn.ssl.TestHostnameVerifier",3,0.00,2.00,128,1.75,191887.27,3,0,7,14,2,22.45,29,143,0,1,72.44,0.00,0.00,0.00,1,3.00,3,5248.27,0,0,2,java.lang.Object,0.00,11,0,6,0,11,3,0,21,920,1
"org.apache.http.conn.ssl.TestSSLSocketFactory",7,2.00,1.29,69,1.03,23640.78,9,2,26,44,3,107.56,5,88,0,2,107.56,0.00,0.50,0.00,3,7.00,2,3104.48,0,3,3,org.apache.http.localserver.BasicServerTestBase,0.22,37,1,9,0,37,4,0,3,589,1
"org.apache.http.conn.ssl.TestSSLSocketFactory$TestX509HostnameVerifier",5,1.00,1.00,10,0.09,862.48,6,1,26,5,1,142.16,0,17,0,1,142.16,0.00,0.00,0.00,0,5.00,1,284.16,0,0,1,java.lang.Object,0.00,0,0,5,0,0,5,1,0,78,1
"org.apache.http.conn.ssl.TestSSLSocketFactory$TrustStrategy",1,0.00,1.00,3,0.03,507.59,1,0,26,1,0,131.90,0,5,0,1,131.90,0.00,0.00,0.00,0,1.00,1,97.21,0,0,0,java.lang.Object,0.00,0,0,1,0,0,1,0,0,25,0
"org.apache.http.conn.ssl.TrustManagerDecorator",4,2.00,1.25,14,0.15,2569.67,6,2,3,5,2,131.04,3,22,1,1,131.04,0.00,0.00,0.00,3,4.00,2,443.80,0,1,1,java.lang.Object,0.00,1,0,5,0,1,3,1,1,113,0
"org.apache.http.conn.ssl.TrustSelfSignedStrategy",1,0.00,1.00,3,0.03,526.61,1,0,2,1,1,99.55,6,6,0,1,131.77,0.00,0.00,0.00,0,1.00,1,104.72,0,0,1,java.lang.Object,0.00,0,0,1,0,0,1,1,1,27,1
"org.apache.http.conn.ssl.TrustStrategy",1,0.00,1.00,2,0.02,91.11,1,0,2,1,4,183.64,21,3,4,1,144.34,0.00,0.00,0.00,0,1.00,1,48.05,0,0,0,,0.00,0,0,1,0,0,1,0,2,16,1
"org.apache.http.conn.ssl.X509HostnameVerifier",3,0.00,1.00,4,0.04,260.39,3,0,5,3,3,126.35,39,6,3,2,155.73,0.00,0.50,0.00,0,3.00,1,132.97,0,0,0,,0.00,0,1,3,0,0,3,0,4,41,1
"org.apache.http.examples.client.ClientAbortMethod",1,0.00,2.00,14,0.21,7843.74,1,0,5,12,1,49.31,8,17,0,1,97.42,0.00,0.00,0.00,0,1.00,2,641.29,0,0,1,java.lang.Object,0.00,11,0,2,0,11,1,0,6,120,1
"org.apache.http.examples.client.ClientAuthentication",1,0.00,3.00,15,0.25,7805.10,1,0,6,16,0,53.93,7,21,0,1,96.23,0.00,0.00,0.00,0,1.00,3,747.35,0,0,0,java.lang.Object,0.00,15,0,3,0,15,1,0,4,135,1
"org.apache.http.examples.client.ClientChunkEncodedPost",1,0.00,4.00,23,0.38,14606.73,1,0,8,20,1,42.96,11,30,0,1,87.09,0.00,0.00,0.00,0,1.00,4,1145.25,0,0,1,java.lang.Object,0.00,19,0,4,0,19,1,0,9,195,1
"org.apache.http.examples.client.ClientConnectionRelease",1,0.00,4.00,19,0.30,14212.58,1,0,8,16,1,108.41,18,27,0,1,90.28,0.00,0.00,0.00,0,1.00,4,892.55,0,0,1,java.lang.Object,0.00,15,0,4,0,15,1,0,15,157,1
"org.apache.http.examples.client.ClientCustomContext",1,0.00,4.00,24,0.38,18026.06,1,0,12,17,4,48.12,12,26,0,1,85.68,0.00,0.00,0.00,0,1.00,4,1148.42,0,0,4,java.lang.Object,0.00,16,0,4,0,16,1,0,9,192,1
"org.apache.http.examples.client.ClientCustomSSL",1,0.00,3.00,22,0.38,15374.20,1,0,9,23,0,45.41,7,28,0,1,87.70,0.00,0.00,0.00,0,1.00,3,1128.16,0,0,0,java.lang.Object,0.00,22,0,3,0,22,1,0,4,190,1
"org.apache.http.examples.client.ClientEvictExpiredConnections",1,0.00,4.00,31,0.46,19222.74,1,0,11,22,2,37.19,11,39,0,1,81.32,0.00,0.00,0.00,0,1.00,4,1370.00,0,0,2,java.lang.Object,0.00,21,0,4,0,21,1,0,8,227,1
"org.apache.http.examples.client.ClientEvictExpiredConnections$IdleConnectionEvictor",3,0.25,1.67,17,0.13,1981.82,5,2,11,7,1,172.60,4,27,0,2,122.60,0.00,0.50,0.33,0,5.00,3,378.89,0,0,1,java.lang.Thread,0.00,4,1,5,0,4,3,0,4,92,2
"org.apache.http.examples.client.ClientExecuteDirect",1,0.00,3.00,20,0.30,13170.97,1,0,8,12,1,41.67,8,21,0,1,89.78,0.00,0.00,0.00,0,1.00,3,886.77,0,0,1,java.lang.Object,0.00,11,0,3,0,11,1,0,4,156,1
"org.apache.http.examples.client.ClientExecuteProxy",1,0.00,3.00,22,0.36,15498.00,1,0,9,14,2,39.57,8,23,0,1,87.67,0.00,0.00,0.00,0,1.00,3,1076.00,0,0,2,java.lang.Object,0.00,13,0,3,0,13,1,0,4,182,1
"org.apache.http.examples.client.ClientExecuteSOCKS",1,0.00,3.00,24,0.40,17246.88,1,0,19,18,2,37.79,8,26,0,1,85.90,0.00,0.00,0.00,0,1.00,3,1196.57,0,0,2,java.lang.Object,0.00,17,0,3,0,17,1,0,4,203,1
"org.apache.http.examples.client.ClientExecuteSOCKS$MySchemeSocketFactory",3,0.00,3.00,29,0.40,16929.78,3,0,19,16,1,105.61,0,46,0,1,105.61,0.00,0.00,0.00,0,3.00,6,1186.19,0,2,1,java.lang.Object,0.00,13,0,9,0,13,1,1,0,225,1
"org.apache.http.examples.client.ClientFormLogin",1,0.00,7.00,40,0.66,41292.95,1,0,12,21,1,32.15,7,45,0,1,74.44,0.00,0.00,0.00,0,1.00,7,1987.90,0,0,1,java.lang.Object,0.00,20,0,7,0,20,1,0,4,319,1
"org.apache.http.examples.client.ClientGZipContentCompression",1,0.00,2.00,21,0.33,14999.86,1,0,16,17,0,97.76,17,24,0,1,88.63,0.00,0.00,0.00,0,1.00,2,989.46,0,0,0,java.lang.Object,0.00,16,0,2,0,16,1,0,5,180,1
"org.apache.http.examples.client.ClientGZipContentCompression$GzipDecompressingEntity",3,0.00,1.00,8,0.07,1103.47,3,0,16,5,0,139.57,2,15,0,2,139.57,0.00,0.50,0.00,0,3.00,1,196.14,0,1,0,org.apache.http.entity.HttpEntityWrapper,0.00,2,1,3,0,2,2,0,2,54,1
"org.apache.http.examples.client.ClientGZipContentCompression$HttpRequestInterceptor",1,0.00,2.00,4,0.05,753.20,1,0,16,3,0,125.73,0,8,0,1,125.73,0.00,0.00,0.00,0,1.00,2,139.77,0,0,0,java.lang.Object,0.00,2,0,2,0,2,1,0,0,34,0
"org.apache.http.examples.client.ClientGZipContentCompression$HttpResponseInterceptor",1,0.00,4.00,13,0.16,5529.91,1,0,16,8,0,99.66,0,17,0,1,99.66,0.00,0.00,0.00,0,1.00,4,485.51,0,0,0,java.lang.Object,0.00,7,0,4,0,7,1,0,0,92,0
"org.apache.http.examples.client.ClientInteractiveAuthentication",1,0.00,7.00,40,0.70,38625.78,1,0,14,26,2,30.54,11,48,0,1,74.67,0.00,0.00,0.00,0,1.00,7,2110.02,0,0,2,java.lang.Object,0.00,25,0,7,0,25,1,0,8,327,1
"org.apache.http.examples.client.ClientKerberosAuthentication",1,0.00,3.00,23,0.36,12662.12,1,0,11,19,2,136.24,84,29,0,1,87.65,0.00,0.00,0.00,0,1.00,3,1091.66,0,0,2,java.lang.Object,0.00,18,0,3,0,18,1,0,7,186,1
"org.apache.http.examples.client.ClientKerberosAuthentication$Credentials",2,0.00,1.00,5,0.02,132.00,2,0,11,2,0,145.44,0,7,0,1,145.44,0.00,0.00,0.00,0,2.00,1,56.00,0,2,0,java.lang.Object,0.00,0,0,2,0,0,0,0,0,20,0
"org.apache.http.examples.client.ClientMultiThreadedExecution",1,0.00,4.00,27,0.33,13719.79,1,0,12,14,1,102.84,18,29,0,1,84.71,0.00,0.00,0.00,0,1.00,4,992.29,0,0,1,java.lang.Object,0.00,13,0,4,0,13,1,0,13,178,1
"org.apache.http.examples.client.ClientMultiThreadedExecution$GetThread",2,0.50,2.00,21,0.28,7654.46,6,4,12,9,1,145.21,5,28,0,2,105.32,0.00,0.50,0.50,0,2.00,3,853.93,0,0,1,java.lang.Thread,0.00,7,1,4,0,7,2,0,3,173,1
"org.apache.http.examples.client.ClientPreemptiveBasicAuthentication",1,0.00,3.00,25,0.42,16959.95,1,0,12,24,2,74.94,15,28,0,1,85.30,0.00,0.00,0.00,0,1.00,3,1274.73,0,0,2,java.lang.Object,0.00,23,0,3,0,23,1,0,8,208,1
"org.apache.http.examples.client.ClientPreemptiveDigestAuthentication",1,0.00,3.00,27,0.46,18334.99,1,0,12,25,2,92.91,17,30,0,1,83.78,0.00,0.00,0.00,0,1.00,3,1382.22,0,0,2,java.lang.Object,0.00,24,0,3,0,24,1,0,10,222,1
"org.apache.http.examples.client.ClientProxyAuthentication",1,0.00,3.00,20,0.37,12731.62,1,0,8,19,1,47.60,7,26,0,1,89.89,0.00,0.00,0.00,0,1.00,3,1097.62,0,0,1,java.lang.Object,0.00,18,0,3,0,18,1,0,4,187,1
"org.apache.http.examples.client.ClientWithResponseHandler",1,0.00,1.00,11,0.16,6067.23,1,0,5,9,2,54.26,8,13,0,1,102.36,0.00,0.00,0.00,0,1.00,1,490.81,0,0,2,java.lang.Object,0.00,8,0,1,0,8,1,0,5,96,1
"org.apache.http.entity.mime.FormBodyPart",8,3.00,1.88,47,0.48,12035.65,11,3,1,18,7,119.76,7,63,3,1,119.76,0.00,0.00,0.00,5,8.00,3,1432.55,0,3,4,java.lang.Object,0.00,10,0,15,0,10,5,0,1,323,1
"org.apache.http.entity.mime.Header",9,0.38,2.44,71,0.92,32648.58,11,2,8,29,5,111.24,3,92,4,1,111.24,0.00,0.00,0.17,2,26.00,6,2761.21,0,4,1,java.lang.Object,0.00,20,0,22,0,20,5,1,1,555,1
"org.apache.http.entity.mime.HttpMultipart",16,0.11,1.81,99,1.18,45205.01,24,8,10,40,8,164.66,30,133,2,1,114.66,0.00,0.00,0.02,3,30.00,7,3528.20,0,6,6,java.lang.Object,0.00,24,0,29,0,24,10,0,6,718,1
"org.apache.http.entity.mime.HttpMultipartMode",0,0.00,0.00,2,0.01,23.26,0,0,0,0,4,171.00,4,4,4,1,171.00,0.00,0.00,0.00,0,0.00,0,15.51,0,0,0,java.lang.Object,0.00,0,0,0,0,0,0,0,1,6,1
"org.apache.http.entity.mime.MIME",0,0.00,0.00,7,0.10,1727.95,6,6,1,1,6,171.00,4,8,6,1,171.00,0.00,0.00,0.00,0,0.00,0,292.56,0,0,0,java.lang.Object,0.00,1,0,0,0,1,0,0,1,63,2
"org.apache.http.entity.mime.MinimalField",4,2.00,1.00,17,0.13,2558.81,6,2,0,7,3,176.45,5,23,3,1,126.45,0.00,0.00,0.00,0,4.00,1,388.29,0,3,0,java.lang.Object,0.00,3,0,4,0,3,1,0,1,103,1
"org.apache.http.entity.mime.MultipartEntity",16,0.20,1.50,70,0.68,14726.97,21,5,10,32,7,125.11,10,103,2,1,125.11,0.00,0.00,0.01,3,30.00,3,2025.88,0,5,5,java.lang.Object,0.00,16,0,24,0,16,11,1,4,467,1
"org.apache.http.entity.mime.TestMultipartContentBody",2,0.00,1.00,37,0.68,29577.55,2,0,6,25,3,91.34,0,43,0,1,91.34,0.00,0.00,0.00,0,2.00,1,2040.78,0,0,3,java.lang.Object,0.00,23,0,2,0,23,2,0,0,381,1
"org.apache.http.entity.mime.TestMultipartForm",6,0.20,1.50,120,2.32,83555.80,8,2,14,37,6,89.74,0,244,0,1,89.74,0.00,0.00,0.33,1,10.00,3,6972.06,0,1,6,java.lang.Object,0.00,31,0,9,0,31,5,0,0,1162,1
"org.apache.http.entity.mime.TestMultipartFormHttpEntity",4,0.00,1.00,65,1.01,37335.03,4,0,12,31,5,94.82,0,79,0,1,94.82,0.00,0.00,0.00,0,4.00,1,3037.22,0,0,5,java.lang.Object,0.00,27,0,4,0,27,4,0,0,564,1
"org.apache.http.conn.params.ConnConnectionPNames",0,0.00,0.00,2,0.01,157.40,1,1,0,0,1,171.00,22,3,1,1,171.00,0.00,0.00,0.00,0,0.00,0,44.97,0,0,0,,0.00,0,0,0,0,0,0,0,2,13,1
"org.apache.http.conn.params.ConnManagerPNames",0,0.00,0.00,4,0.05,941.02,3,3,0,0,1,171.00,29,7,1,1,171.00,0.00,0.00,0.00,0,0.00,0,151.24,0,0,0,,0.00,0,0,0,0,0,0,0,4,37,1
"org.apache.http.conn.params.ConnPerRoute",1,0.00,1.00,2,0.01,30.51,1,0,1,1,6,99.98,8,3,6,1,148.08,0.00,0.00,0.00,0,1.00,1,25.51,0,0,0,,0.00,0,0,1,0,0,1,0,1,11,1
"org.apache.http.conn.params.ConnRoutePNames",0,0.00,0.00,4,0.04,529.87,3,3,0,0,3,171.00,38,5,3,1,171.00,0.00,0.00,0.00,0,0.00,0,121.11,0,0,0,,0.00,0,0,0,0,0,0,0,4,31,1
"org.apache.http.conn.params.Immutable",6,1.00,2.17,31,0.36,9497.48,7,1,3,14,2,75.43,67,58,0,1,119.55,0.00,0.00,0.17,0,18.00,3,1091.98,0,1,2,java.lang.Object,0.00,8,0,13,0,8,5,1,9,240,2
"org.apache.http.conn.params.Immutable$ConnPerRoute",1,0.00,1.00,3,0.02,141.06,1,0,3,1,0,136.28,0,4,0,1,136.28,0.00,0.00,0.00,0,1.00,1,51.02,0,0,0,java.lang.Object,0.00,0,0,1,0,0,1,0,0,16,0
"org.apache.http.conn.params.NotThreadSafe",4,0.00,1.00,9,0.09,854.31,4,0,6,5,1,181.31,10,14,0,2,141.43,0.00,0.50,0.00,0,4.00,1,256.04,0,0,1,org.apache.http.params.HttpAbstractParamBean,0.00,1,1,4,0,1,4,0,4,71,1
"org.apache.http.conn.params.TestRouteParams",4,0.00,2.50,62,0.89,31363.69,7,3,9,17,0,116.87,12,107,0,1,96.25,0.00,0.00,0.33,0,4.00,7,2663.58,0,0,0,java.lang.Object,0.00,13,0,10,0,13,4,0,9,552,1
"org.apache.http.conn.params.ThreadSafe",9,0.33,1.67,39,0.38,8216.30,12,3,4,17,1,175.11,13,61,0,1,125.11,0.00,0.00,0.04,2,16.00,3,1152.44,0,1,1,java.lang.Object,0.00,8,0,15,0,8,8,1,4,264,2
"org.apache.http.client.AuthCache",4,0.00,1.00,5,0.02,78.02,4,0,2,4,4,210.84,7,6,3,1,160.84,0.00,0.00,0.00,0,4.00,1,73.02,0,1,1,,0.00,0,0,4,0,0,3,0,1,29,1
"org.apache.http.client.AuthenticationHandler",3,0.00,1.00,4,0.05,332.26,3,0,7,3,1,134.76,44,12,0,1,154.90,0.00,0.00,0.00,0,3.00,1,151.30,0,2,1,,0.00,0,0,3,0,0,1,0,4,43,1
"org.apache.http.client.CookieStore",4,0.00,1.00,5,0.02,93.32,4,0,3,4,5,128.01,27,6,4,1,160.23,0.00,0.00,0.00,0,4.00,1,68.67,0,1,1,,0.00,0,0,4,0,0,3,0,5,28,1
"org.apache.http.client.CredentialsProvider",3,0.00,1.00,4,0.02,62.51,3,0,2,3,6,112.14,31,5,5,1,160.61,0.00,0.00,0.00,0,3.00,1,57.51,0,1,1,,0.00,0,0,3,0,0,2,0,4,23,1
"org.apache.http.client.Deprecated",2,0.00,1.00,3,0.03,135.87,2,0,4,2,0,156.10,33,5,0,1,156.57,0.00,0.00,0.00,0,2.00,1,77.90,0,1,0,,0.00,0,0,2,0,0,1,0,3,26,1
"org.apache.http.client.HttpClient",10,0.00,1.00,11,0.17,1704.85,10,0,8,10,23,179.71,197,33,20,1,153.43,0.00,0.00,0.00,0,10.00,1,522.35,0,6,3,,0.00,0,0,10,0,0,4,0,11,141,1
"org.apache.http.client.HttpRequestRetryHandler",1,0.00,1.00,2,0.01,48.22,1,0,2,1,4,190.46,22,3,4,1,146.52,0.00,0.00,0.00,0,1.00,1,43.22,0,0,0,,0.00,0,0,1,0,0,1,0,2,15,1
"org.apache.http.client.Immutable",3,1.00,1.00,8,0.05,646.35,4,1,1,3,0,99.11,21,12,0,2,141.40,0.00,0.50,0.00,0,3.00,1,163.28,0,0,0,RedirectException,0.00,0,1,3,0,0,3,0,4,48,1
"org.apache.http.client.RedirectStrategy",2,0.00,1.00,3,0.03,144.06,2,0,5,2,1,155.90,33,10,0,1,156.37,0.00,0.00,0.00,0,2.00,1,96.04,0,1,1,,0.00,0,0,2,0,0,1,0,3,29,1
"org.apache.http.client.RequestDirector",1,0.00,1.00,2,0.02,87.16,1,0,6,1,0,181.53,30,4,0,1,144.49,0.00,0.00,0.00,0,1.00,1,58.11,0,1,0,,0.00,0,0,1,0,0,0,0,2,18,1
"org.apache.http.client.ResponseHandler",1,0.00,1.00,2,0.02,98.94,1,0,2,1,6,153.19,17,3,6,1,144.06,0.00,0.00,0.00,0,1.00,1,50.99,0,0,0,,0.00,0,0,1,0,0,1,0,2,17,1
"org.apache.http.client.UserTokenHandler",1,0.00,1.00,2,0.01,30.51,1,0,1,1,1,192.02,22,3,1,1,148.08,0.00,0.00,0.00,0,1.00,1,25.51,0,1,0,,0.00,0,0,1,0,0,0,0,2,11,1
"org.apache.http.examples.entity.mime.ClientMultipartFormPost",1,0.00,4.00,23,0.38,13592.77,1,0,9,18,4,107.95,3,29,0,1,87.34,0.00,0.00,0.00,0,1.00,4,1134.84,0,0,4,java.lang.Object,0.00,17,0,4,0,17,1,0,1,194,1
"org.apache.http.mockup.HttpConnectionMockup",8,1.00,1.00,17,0.10,845.18,9,1,3,8,0,143.83,4,26,0,1,143.83,0.00,0.00,0.00,0,8.00,1,285.78,0,1,0,java.lang.Object,0.00,0,0,8,0,0,7,1,1,87,1
"org.apache.http.mockup.ProxySelectorMockup",3,0.50,1.67,12,0.14,3005.33,4,1,7,7,1,82.50,22,20,1,2,124.79,0.00,0.50,0.67,0,1.00,3,405.84,0,1,0,java.net.ProxySelector,0.00,4,1,5,0,4,2,0,5,95,1
"org.apache.http.mockup.SecureSocketFactoryMockup",3,1.00,1.00,8,0.08,1140.90,4,1,2,5,3,189.45,5,15,1,2,139.45,0.00,0.50,0.00,0,4.00,1,234.27,0,2,2,org.apache.http.mockup.SocketFactoryMockup,0.25,2,1,3,0,2,1,1,3,62,1
"org.apache.http.mockup.SessionInputBufferMockup",11,0.90,1.00,25,0.31,4285.91,12,1,7,15,1,139.37,3,66,1,2,139.37,0.00,0.50,0.18,0,25.00,1,942.55,0,0,0,org.apache.http.impl.io.AbstractSessionInputBuffer,0.00,4,1,11,0,4,11,0,1,241,1
"org.apache.http.mockup.SocketFactoryMockup",5,0.38,1.20,13,0.14,2203.42,7,2,7,10,4,188.91,7,24,3,1,138.91,0.00,0.00,0.20,0,7.00,2,430.52,0,3,1,java.lang.Object,0.00,5,0,6,1,5,2,1,5,109,1
"org.apache.http.contrib.auth.AWSScheme",11,0.40,2.73,74,1.46,81739.84,13,2,19,55,3,111.49,50,117,1,1,111.26,0.00,0.00,0.14,3,34.00,10,4368.14,0,7,2,java.lang.Object,0.00,44,0,30,0,44,4,1,19,795,1
"org.apache.http.contrib.auth.AWSSchemeFactory",1,0.00,1.00,3,0.02,194.14,1,0,3,2,3,135.42,4,5,0,1,135.18,0.00,0.00,0.00,0,1.00,1,62.11,0,1,3,java.lang.Object,0.00,1,0,1,0,1,0,1,1,19,1
"org.apache.http.contrib.auth.BouncySpnegoTokenGenerator",3,0.00,3.00,63,0.89,59475.16,6,3,14,25,1,137.59,3,64,0,1,87.59,0.00,0.00,0.33,1,4.00,4,2666.56,0,0,1,java.lang.Object,0.00,22,0,9,0,22,3,1,1,468,1
"org.apache.http.impl.auth.Immutable",1,0.00,1.00,3,0.02,253.12,1,0,4,2,2,102.06,6,5,0,1,134.28,0.00,0.00,0.00,0,1.00,1,73.60,0,1,2,java.lang.Object,0.00,1,0,1,0,1,0,1,1,22,1
"org.apache.http.impl.auth.NTLMEngine",2,0.00,1.00,3,0.03,212.92,2,0,0,2,0,134.89,28,11,0,1,155.04,0.00,0.00,0.00,0,2.00,1,95.35,0,2,0,,0.00,0,0,2,0,0,0,0,3,31,1
"org.apache.http.impl.auth.NegotiateScheme",12,0.01,2.75,108,1.71,116220.98,21,9,20,46,3,71.56,81,162,1,2,103.78,1.00,0.33,0.10,2,28.00,19,5137.69,0,6,2,AuthSchemeBase,0.00,34,1,33,1,34,6,0,17,855,1
"org.apache.http.impl.auth.NegotiateScheme$State",0,0.00,0.00,2,0.01,19.65,0,0,20,0,0,171.00,0,6,0,1,171.00,0.00,0.00,0.00,0,0.00,0,19.65,0,0,0,java.lang.Object,0.00,0,0,0,0,0,0,0,0,7,0
"org.apache.http.impl.auth.NotThreadSafe",14,0.00,3.21,207,2.97,193779.64,22,8,17,58,1,47.26,120,266,0,2,95.37,0.00,0.50,0.12,6,50.00,11,8916.00,1,9,1,RFC2617Scheme,0.00,44,1,45,0,44,5,0,32,1540,1
"org.apache.http.impl.auth.NotThreadSafe$State",0,0.00,0.00,2,0.01,28.53,0,0,12,0,0,171.00,0,8,0,1,171.00,0.00,0.00,0.00,0,0.00,0,28.53,0,0,0,java.lang.Object,0.00,0,0,0,0,0,0,0,0,9,0
"org.apache.http.impl.auth.SpnegoTokenGenerator",1,0.00,1.00,2,0.01,90.00,1,0,1,1,1,96.28,8,3,1,1,144.38,0.00,0.00,0.00,0,1.00,1,40.00,0,0,0,,0.00,0,0,1,0,0,1,0,1,15,1
"org.apache.http.impl.auth.TestBasicScheme",4,0.00,1.25,43,0.73,17207.16,4,0,12,25,1,105.03,3,54,0,1,105.03,0.00,0.00,0.00,0,4.00,2,2202.27,0,0,1,java.lang.Object,0.00,21,0,5,0,21,4,0,1,397,1
"org.apache.http.impl.auth.TestDigestScheme",12,0.00,1.17,165,3.01,109284.04,12,0,15,34,2,148.23,21,205,0,1,98.23,0.00,0.00,0.00,1,12.00,3,9035.59,0,1,2,java.lang.Object,0.00,22,0,14,0,22,11,0,13,1566,1
"org.apache.http.impl.auth.TestNegotiateScheme",3,0.00,1.67,44,0.81,21883.11,3,0,32,31,5,65.49,19,55,0,2,97.71,0.00,0.50,0.00,0,4.00,2,2432.32,0,0,5,org.apache.http.localserver.BasicServerTestBase,0.00,28,1,5,0,28,3,0,5,415,1
"org.apache.http.impl.auth.TestNegotiateScheme$NegotiateSchemeFactoryWithMockGssManager",2,0.00,1.00,6,0.04,392.33,3,1,32,3,1,135.15,0,11,0,2,135.15,0.00,0.50,1.00,0,0.00,1,123.01,0,1,1,NegotiateSchemeFactory,0.00,1,1,2,0,1,1,0,0,36,2
"org.apache.http.impl.auth.TestNegotiateScheme$NegotiateSchemeWithMockGssManager",2,0.67,1.00,11,0.25,5277.57,5,3,32,11,1,117.98,0,22,0,3,117.98,0.00,0.67,0.67,0,0.00,1,753.55,0,1,1,org.apache.http.impl.auth.NegotiateScheme,0.21,9,2,2,0,9,1,0,0,162,2
"org.apache.http.impl.auth.TestNegotiateScheme$PleaseNegotiateService",1,0.00,1.00,6,0.09,1398.08,1,0,32,6,0,117.20,0,11,0,1,117.20,0.00,0.00,0.00,0,1.00,1,284.62,0,0,0,java.lang.Object,0.00,5,0,1,0,5,1,1,0,61,2
"org.apache.http.impl.auth.TestNegotiateScheme$UseJaasCredentials",2,0.00,1.00,5,0.02,169.13,2,0,32,2,1,144.59,0,8,0,1,144.59,0.00,0.00,0.00,0,2.00,1,67.65,0,2,1,java.lang.Object,0.00,0,0,2,0,0,0,1,0,23,2
"org.apache.http.impl.auth.TestRFC2617Scheme",5,0.00,1.00,32,0.46,9928.89,5,0,11,14,1,116.00,0,44,0,1,116.00,0.00,0.00,0.00,0,5.00,1,1386.93,0,0,1,java.lang.Object,0.00,9,0,5,0,9,5,0,0,288,1
"org.apache.http.impl.auth.TestRFC2617Scheme$TestAuthScheme",4,0.00,1.00,9,0.05,429.81,4,0,11,4,1,143.78,0,17,0,2,143.78,0.00,0.50,0.00,0,4.00,1,150.02,0,2,1,RFC2617Scheme,0.00,0,1,4,0,0,2,0,0,46,1
"org.apache.http.impl.client.Immutable",5,0.38,3.00,39,0.39,17219.95,7,2,12,8,1,69.08,35,60,0,1,111.37,0.00,0.00,0.20,0,11.00,11,1171.33,0,0,1,java.lang.Object,0.00,3,0,15,0,3,5,1,18,232,1
"org.apache.http.impl.client.NotThreadSafe",3,0.25,1.00,11,0.08,971.05,5,2,2,3,0,133.67,14,15,0,1,133.44,0.00,0.00,0.33,0,5.00,1,225.04,0,1,0,java.lang.Object,0.00,0,0,3,0,0,2,0,5,62,1
"org.apache.http.impl.client.TestBasicCookieStore",3,0.00,1.33,47,0.77,31679.27,3,0,10,27,1,145.38,3,52,0,1,95.38,0.00,0.00,0.00,0,3.00,2,2305.78,0,0,1,java.lang.Object,0.00,24,0,4,0,24,3,0,1,418,1
"org.apache.http.impl.client.TestBasicCredentialsProvider",10,0.04,1.00,90,1.58,72996.56,16,6,5,19,1,104.98,3,134,0,1,104.98,0.00,0.00,0.20,0,38.00,1,4746.53,0,0,1,java.lang.Object,0.00,9,0,10,0,9,10,0,1,955,1
"org.apache.http.impl.client.TestClientAuthentication",7,0.00,1.14,112,1.73,41483.07,7,0,33,45,6,96.34,3,133,0,2,96.34,0.00,0.50,0.00,0,0.00,2,5202.56,1,0,6,org.apache.http.localserver.BasicServerTestBase,0.00,38,1,8,0,38,7,0,1,931,1
"org.apache.http.impl.client.TestClientAuthentication$AuthHandler",1,0.00,2.00,9,0.14,4042.44,1,0,33,6,0,106.84,0,15,0,1,106.84,0.00,0.00,0.00,0,1.00,2,422.68,0,0,0,java.lang.Object,0.00,5,0,2,0,5,1,1,0,82,1
"org.apache.http.impl.client.TestClientAuthentication$TestCredentialsProvider",5,2.00,1.00,13,0.08,947.68,7,2,33,5,2,141.83,0,20,0,1,141.83,0.00,0.00,0.00,0,5.00,1,254.77,0,2,2,java.lang.Object,0.00,0,0,5,0,0,3,1,0,74,1
"org.apache.http.impl.client.TestClientAuthentication$TestTargetAuthenticationHandler",3,1.00,1.33,14,0.11,2569.39,4,1,33,3,0,125.38,0,25,0,2,125.38,0.00,0.50,0.00,0,3.00,2,324.99,1,0,0,DefaultTargetAuthenticationHandler,0.00,0,1,4,0,0,3,0,0,80,1
"org.apache.http.impl.client.TestContentCodings",11,0.00,1.36,99,1.49,39861.47,11,0,34,49,4,59.20,88,123,1,3,107.31,0.00,0.67,0.00,1,11.00,5,4457.34,1,2,3,org.apache.http.localserver.ServerTestBase,0.00,38,2,15,0,38,9,0,16,815,1
"org.apache.http.impl.client.TestContentCodings$HttpRequestHandler",1,0.00,1.00,3,0.03,313.93,1,0,34,2,0,154.16,3,7,0,1,133.54,0.00,0.00,0.00,0,1.00,1,101.45,0,0,0,java.lang.Object,0.00,1,0,1,0,1,1,0,1,26,0
"org.apache.http.impl.client.TestContentCodings$HttpRequestHandler_0",1,0.00,1.00,6,0.09,1547.25,1,0,34,5,0,137.47,3,7,0,1,116.86,0.00,0.00,0.00,0,1.00,1,260.22,0,0,0,java.lang.Object,0.00,4,0,1,0,4,1,0,1,54,0
"org.apache.http.impl.client.TestContentCodings$HttpRequestHandler_1",1,0.00,4.00,21,0.32,10058.79,1,0,34,15,0,47.55,7,27,0,1,89.84,0.00,0.00,0.00,0,1.00,4,954.72,0,0,0,java.lang.Object,0.00,14,0,4,0,14,1,0,5,163,0
"org.apache.http.impl.client.TestContentCodings$HttpRequestHandler_2",1,0.00,5.00,22,0.34,12724.62,1,0,34,15,0,44.10,11,30,0,1,88.23,0.00,0.00,0.00,0,1.00,5,1021.04,0,0,0,java.lang.Object,0.00,14,0,5,0,14,1,0,2,171,0
"org.apache.http.impl.client.TestContentCodings$WorkerTask",4,0.17,1.75,26,0.26,3714.77,10,6,34,12,2,76.18,31,37,0,1,118.47,0.00,0.00,0.29,0,4.00,3,765.35,0,1,2,java.lang.Object,0.00,8,0,7,0,8,3,1,9,170,0
"org.apache.http.impl.client.TestCookieIdentityComparator",6,0.00,1.00,77,1.04,35564.93,6,0,4,13,0,101.03,3,90,0,1,101.03,0.00,0.00,0.00,0,6.00,1,3134.16,0,0,0,java.lang.Object,0.00,7,0,6,0,7,6,0,1,634,1
"org.apache.http.impl.client.TestDefaultClientRequestDirector",11,0.00,1.55,173,3.08,97405.97,11,0,51,73,11,135.83,26,206,0,2,95.95,0.00,0.50,0.00,0,20.00,2,9239.63,1,0,11,org.apache.http.localserver.BasicServerTestBase,0.00,62,1,17,0,62,11,0,7,1597,1
"org.apache.http.impl.client.TestDefaultClientRequestDirector$BasicRedirectService",2,2.00,1.00,10,0.15,2687.20,4,2,51,7,0,120.29,0,16,0,1,120.29,0.00,0.00,0.00,0,2.00,1,445.05,0,0,0,java.lang.Object,0.00,5,0,2,0,5,2,1,0,96,2
"org.apache.http.impl.client.TestDefaultClientRequestDirector$BasicService",1,0.00,1.00,4,0.05,705.35,1,0,51,4,0,126.11,0,8,0,1,126.11,0.00,0.00,0.00,0,1.00,1,164.41,0,0,0,java.lang.Object,0.00,3,0,1,0,3,1,1,0,39,2
"org.apache.http.impl.client.TestDefaultClientRequestDirector$ConMan",10,2.00,1.00,27,0.23,2900.56,12,2,51,17,4,140.38,0,41,0,1,140.38,0.00,0.00,0.00,0,10.00,1,689.59,0,5,4,java.lang.Object,0.00,7,0,10,0,7,5,1,0,184,1
"org.apache.http.impl.client.TestDefaultClientRequestDirector$ConMan$ClientConnectionRequest_4",2,0.00,2.00,8,0.10,2148.62,2,0,51,5,2,174.51,2,15,0,1,124.51,0.00,0.00,0.00,0,2.00,3,287.41,0,1,2,java.lang.Object,0.00,3,0,4,0,3,1,0,2,64,0
"org.apache.http.impl.client.TestDefaultClientRequestDirector$ConnMan2",10,2.00,1.00,24,0.19,2104.37,12,2,51,16,4,141.48,0,38,0,1,141.48,0.00,0.00,0.00,0,10.00,1,577.83,0,5,4,java.lang.Object,0.00,6,0,10,0,6,5,1,0,157,1
"org.apache.http.impl.client.TestDefaultClientRequestDirector$ConnMan2$ClientConnectionRequest_3",2,0.00,1.00,6,0.04,401.62,2,0,51,4,2,135.07,0,11,0,1,135.07,0.00,0.00,0.00,0,2.00,1,116.54,0,1,2,java.lang.Object,0.00,2,0,2,0,2,1,0,0,33,0
"org.apache.http.impl.client.TestDefaultClientRequestDirector$ConnMan2$ClientConnectionRequest_3$ClientConnAdapterMockup",1,0.00,1.00,3,0.04,428.57,1,0,51,2,0,132.48,0,6,0,1,132.48,0.00,0.00,0.00,0,1.00,1,108.86,0,0,0,java.lang.Object,0.00,1,0,1,0,1,1,0,0,28,0
"org.apache.http.impl.client.TestDefaultClientRequestDirector$ConnMan3",3,0.25,1.00,11,0.10,1483.55,5,2,51,3,1,131.99,0,17,0,2,131.99,0.00,0.50,0.33,0,5.00,1,295.33,2,1,1,org.apache.http.impl.conn.SingleClientConnManager,0.00,0,1,3,0,0,2,0,0,77,2
"org.apache.http.impl.client.TestDefaultClientRequestDirector$ConnMan4",2,2.00,1.50,13,0.13,2643.56,4,2,51,7,1,167.30,2,19,0,2,117.30,0.00,0.50,0.00,0,2.00,2,385.37,1,1,1,org.apache.http.impl.conn.tsccm.ThreadSafeClientConnManager,0.00,5,1,3,0,5,1,0,2,92,2
"org.apache.http.impl.client.TestDefaultClientRequestDirector$ConnMan4$ClientConnectionRequest",2,0.00,2.00,8,0.10,2148.62,2,0,51,5,2,174.51,2,15,0,1,124.51,0.00,0.00,0.00,0,2.00,3,287.41,0,1,2,java.lang.Object,0.00,3,0,4,0,3,1,0,2,64,0
"org.apache.http.impl.client.TestDefaultClientRequestDirector$CustomGet",2,1.00,2.00,10,0.11,2432.21,3,1,51,4,1,120.47,0,17,0,2,120.47,0.00,0.50,0.50,0,2.00,3,344.76,1,0,1,org.apache.http.client.methods.HttpGet,0.00,2,1,4,0,2,2,0,0,79,2
"org.apache.http.impl.client.TestDefaultClientRequestDirector$FaultyHttpClient",3,1.00,1.00,8,0.05,592.50,4,1,51,4,0,141.69,0,14,0,2,141.69,0.00,0.50,0.33,0,4.00,1,157.48,0,1,0,DefaultHttpClient,0.00,1,1,3,0,1,2,0,0,47,2
"org.apache.http.impl.client.TestDefaultClientRequestDirector$FaultyHttpRequestExecutor",2,0.00,1.50,11,0.14,3697.43,4,2,51,5,0,119.11,0,19,0,2,119.11,0.00,0.50,0.50,0,2.00,2,426.25,1,1,0,org.apache.http.protocol.HttpRequestExecutor,0.00,3,1,3,0,3,1,0,0,93,2
"org.apache.http.impl.client.TestDefaultClientRequestDirector$HttpRequestInterceptor",1,0.00,1.00,3,0.03,346.35,1,0,51,2,0,133.20,0,6,0,1,133.20,0.00,0.00,0.00,0,1.00,1,95.57,0,0,0,java.lang.Object,0.00,1,0,1,0,1,1,0,0,25,0
"org.apache.http.impl.client.TestDefaultClientRequestDirector$HttpRequestRetryHandler",1,0.00,1.00,3,0.02,199.53,1,0,51,1,0,135.09,0,7,0,1,135.09,0.00,0.00,0.00,0,1.00,1,70.51,0,0,0,java.lang.Object,0.00,0,0,1,0,0,1,0,0,20,0
"org.apache.http.impl.client.TestDefaultClientRequestDirector$Runnable",1,0.00,2.00,6,0.05,611.31,1,0,51,4,0,119.87,0,10,0,1,119.87,0.00,0.00,0.00,0,1.00,2,146.30,0,0,0,java.lang.Object,0.00,3,0,2,0,3,1,0,0,36,0
"org.apache.http.impl.client.TestDefaultClientRequestDirector$Runnable_0",1,0.00,2.00,6,0.05,655.31,1,0,51,5,0,119.64,0,10,0,1,119.64,0.00,0.00,0.00,0,1.00,2,157.34,0,0,0,java.lang.Object,0.00,4,0,2,0,4,1,0,0,38,0
"org.apache.http.impl.client.TestDefaultClientRequestDirector$Runnable_1",1,0.00,4.00,9,0.11,2273.34,1,0,51,7,0,108.65,0,16,0,1,108.65,0.00,0.00,0.00,0,1.00,4,341.40,0,0,0,java.lang.Object,0.00,6,0,4,0,6,1,0,0,69,0
"org.apache.http.impl.client.TestDefaultClientRequestDirector$Runnable_2",1,0.00,2.00,7,0.07,1184.17,1,0,51,5,0,115.11,0,11,0,1,115.11,0.00,0.00,0.00,0,1.00,2,205.42,0,0,0,java.lang.Object,0.00,4,0,2,0,4,1,0,0,46,0
"org.apache.http.impl.client.TestDefaultClientRequestDirector$SimpleService",2,0.00,1.00,7,0.07,1104.35,2,0,51,5,0,131.61,0,14,0,1,131.61,0.00,0.00,0.00,0,2.00,1,221.06,0,0,0,java.lang.Object,0.00,3,0,2,0,3,2,1,0,53,2
"org.apache.http.impl.client.TestDefaultClientRequestDirector$ThrowingService",1,0.00,1.00,3,0.04,452.78,1,0,51,2,0,132.29,0,8,0,1,132.29,0.00,0.00,0.00,0,1.00,1,111.39,0,0,0,java.lang.Object,0.00,1,0,1,0,1,1,1,0,29,2
"org.apache.http.impl.client.TestDefaultConnKeepAliveStrategy",5,0.00,1.00,32,0.51,9046.22,5,0,10,12,1,116.32,3,47,0,1,116.32,0.00,0.00,0.00,0,5.00,1,1542.45,0,0,1,java.lang.Object,0.00,7,0,5,0,7,5,0,1,301,1
"org.apache.http.impl.client.TestRedirectLocation",1,0.00,1.00,31,0.50,34417.34,1,0,4,13,0,100.26,3,34,0,1,79.64,0.00,0.00,0.00,0,1.00,1,1503.88,0,0,0,java.lang.Object,0.00,12,0,1,0,12,1,0,1,278,1
"org.apache.http.impl.client.TestRequestRetryHandler",3,0.00,1.33,24,0.33,6744.21,3,0,15,17,2,110.85,0,34,0,1,110.85,0.00,0.00,0.00,1,3.00,2,1004.69,0,0,2,java.lang.Object,0.00,14,0,4,0,14,3,0,0,200,1
"org.apache.http.impl.client.TestRequestRetryHandler$TestHttpRequestRetryHandler",1,0.00,2.00,7,0.05,621.86,2,1,15,1,1,117.32,0,10,0,1,117.32,0.00,0.00,1.00,0,0.00,2,157.34,0,0,1,java.lang.Object,0.00,0,0,2,0,0,1,1,0,39,1
"org.apache.http.impl.client.TestRequestWrapper",3,0.00,1.67,36,0.62,16992.40,3,0,17,21,2,151.07,3,46,0,2,101.07,0.00,0.50,0.00,0,4.00,2,1869.78,1,0,2,org.apache.http.localserver.BasicServerTestBase,0.00,18,1,5,0,18,3,0,1,329,1
"org.apache.http.impl.client.TestRequestWrapper$SimpleService",2,0.00,1.00,7,0.07,1104.35,2,0,17,5,0,131.61,0,14,0,1,131.61,0.00,0.00,0.00,0,2.00,1,221.06,0,0,0,java.lang.Object,0.00,3,0,2,0,3,2,1,0,53,2
"org.apache.http.impl.client.TestStatefulConnManagement",1,0.00,8.00,57,0.73,48938.99,1,0,23,25,4,88.71,3,48,0,3,68.09,0.00,0.67,0.00,0,0.00,8,2201.06,0,0,4,org.apache.http.localserver.ServerTestBase,0.00,24,2,8,0,24,1,0,1,358,1
"org.apache.http.impl.client.TestStatefulConnManagement$HttpWorker",4,6.00,1.75,33,0.37,10789.69,10,6,23,11,2,110.17,0,48,0,2,110.17,0.00,0.50,0.00,0,4.00,4,1107.41,0,1,2,java.lang.Thread,0.00,7,1,7,0,7,3,0,0,225,1
"org.apache.http.impl.client.TestStatefulConnManagement$SimpleService",2,0.00,1.00,7,0.07,1104.35,2,0,23,5,0,131.61,0,14,0,1,131.61,0.00,0.00,0.00,0,2.00,1,221.06,0,0,0,java.lang.Object,0.00,3,0,2,0,3,2,1,0,53,2
"org.apache.http.impl.client.TestStatefulConnManagement$UserTokenHandler",1,0.00,1.00,4,0.03,496.00,1,0,23,2,0,127.32,0,5,0,1,127.32,0.00,0.00,0.00,0,1.00,1,96.00,0,1,0,java.lang.Object,0.00,1,0,1,0,1,0,0,0,26,0
"org.apache.http.impl.client.ThreadSafe",6,0.80,2.00,31,0.32,12872.16,7,1,6,12,2,139.15,19,48,0,1,118.53,0.00,0.00,0.33,2,10.00,5,962.93,0,3,2,java.lang.Object,0.00,6,0,12,0,6,3,1,6,214,1
"org.apache.http.client.cache.HttpCache",4,0.00,1.00,5,0.05,298.24,4,0,0,4,8,156.25,3,7,6,1,156.25,0.00,0.00,0.00,0,4.00,1,151.78,0,0,2,,0.00,0,0,4,0,0,4,0,1,47,1
"org.apache.http.client.cache.HttpCacheEntrySerializer",2,0.00,1.00,3,0.03,182.29,2,0,3,2,1,195.45,5,4,1,1,155.57,0.00,0.00,0.00,0,2.00,1,86.23,0,0,0,,0.00,0,0,2,0,0,2,0,1,27,1
"org.apache.http.client.cache.HttpCacheOperationException",4,1.00,1.00,10,0.06,558.35,5,1,0,4,6,192.88,6,15,6,2,142.88,0.00,0.50,0.00,0,4.00,1,178.39,0,0,0,java.lang.Exception,0.00,0,1,4,0,0,4,0,1,55,1
"org.apache.http.client.cache.HttpCacheUpdateCallback",1,0.00,1.00,2,0.01,98.26,1,0,0,1,4,114.70,13,3,3,1,144.08,0.00,0.00,0.00,0,1.00,1,44.92,0,0,1,,0.00,0,0,1,0,0,1,0,1,16,1
"org.apache.http.impl.conn.tsccm.AwaitThread",4,0.47,1.25,25,0.19,2676.09,9,5,2,7,1,159.56,11,36,1,2,119.67,0.00,0.50,0.55,0,0.00,2,558.28,0,1,0,java.lang.Thread,0.00,3,1,5,0,3,3,0,4,133,1
"org.apache.http.impl.conn.tsccm.BasicPoolEntry",6,0.00,1.33,18,0.14,2113.47,6,0,5,7,10,172.97,14,32,7,2,133.08,0.00,0.50,0.00,0,6.00,2,423.78,1,2,3,org.apache.http.impl.conn.AbstractPoolEntry,0.14,1,1,8,0,1,4,0,3,111,1
"org.apache.http.impl.conn.tsccm.BasicPooledConnAdapter",4,0.00,1.00,10,0.07,876.22,4,0,3,4,5,141.58,16,19,2,3,141.34,0.00,0.67,0.00,0,4.00,1,210.91,4,2,3,org.apache.http.impl.conn.AbstractPooledConnAdapter,0.18,0,2,4,0,0,2,0,5,63,1
"org.apache.http.impl.conn.tsccm.Deprecated",4,0.00,3.00,25,0.26,6545.54,7,3,2,9,0,67.93,40,38,0,1,116.41,0.00,0.00,0.33,0,4.00,5,776.30,0,1,0,java.lang.Object,0.00,5,0,12,0,5,3,1,10,174,1
"org.apache.http.impl.conn.tsccm.Immutable",2,1.00,1.50,9,0.09,1836.98,3,1,4,4,1,76.64,21,15,0,2,125.12,0.00,0.50,0.50,0,2.00,2,270.53,0,1,1,java.lang.ref.WeakReference,0.00,2,1,3,0,2,1,0,5,64,1
"org.apache.http.impl.conn.tsccm.NotThreadSafe",16,0.02,1.75,79,0.88,24794.60,23,7,11,38,3,81.00,116,116,0,1,123.29,0.00,0.00,0.16,1,52.00,6,2644.63,0,1,3,java.lang.Object,0.00,22,0,28,0,22,15,0,24,572,1
"org.apache.http.impl.conn.tsccm.NotThreadSafe$ConnPerRoute",1,0.00,1.00,3,0.02,167.42,1,0,11,1,0,135.69,0,4,0,1,135.69,0.00,0.00,0.00,0,1.00,1,59.81,0,0,0,java.lang.Object,0.00,0,0,1,0,0,1,0,0,18,0
"org.apache.http.impl.conn.tsccm.PoolEntryRequest",2,0.00,1.00,3,0.02,80.08,2,0,2,2,3,120.82,25,6,2,1,158.38,0.00,0.00,0.00,0,2.00,1,56.05,0,1,1,,0.00,0,0,2,0,0,1,0,3,20,1
"org.apache.http.impl.conn.tsccm.TestConnPoolByRoute",2,0.00,1.50,65,1.25,83312.88,2,0,10,20,4,46.16,12,78,0,3,78.38,0.00,0.67,0.00,0,0.00,2,3757.56,1,0,4,org.apache.http.localserver.ServerTestBase,0.00,18,2,3,0,18,2,0,12,618,1
"org.apache.http.impl.conn.tsccm.TestSpuriousWakeup",1,1.00,3.00,34,0.51,21445.81,3,2,15,23,6,129.00,26,43,0,1,79.51,0.00,0.00,0.50,0,0.00,3,1527.78,0,0,6,java.lang.Object,0.00,22,0,3,0,22,1,0,16,257,1
"org.apache.http.impl.conn.tsccm.TestSpuriousWakeup$XConnPoolByRoute",2,1.00,1.00,8,0.08,1349.16,3,1,15,2,2,126.26,1,17,0,2,126.26,0.00,0.50,0.50,0,2.00,1,235.56,1,0,2,ConnPoolByRoute,0.00,0,1,2,0,0,2,0,1,60,2
"org.apache.http.impl.conn.tsccm.TestSpuriousWakeup$XTSCCM",2,1.00,1.00,7,0.05,620.30,3,1,15,3,0,183.58,2,12,0,2,133.58,0.00,0.50,0.50,0,2.00,1,151.51,0,0,0,org.apache.http.impl.conn.ThreadSafeClientConnManager,0.00,1,1,2,0,1,2,0,2,42,2
"org.apache.http.impl.conn.tsccm.TestWaitingThread",4,1.00,1.50,78,1.19,39342.59,5,1,9,30,2,112.38,13,97,0,1,91.76,0.00,0.00,0.25,0,6.00,2,3559.89,0,0,2,java.lang.Object,0.00,26,0,6,0,26,4,0,11,638,1
"org.apache.http.impl.conn.tsccm.ThreadSafe",20,0.00,1.55,95,1.01,31293.72,26,6,16,50,8,105.41,107,146,0,1,123.29,0.00,0.00,0.17,2,102.00,9,3031.71,1,3,8,java.lang.Object,0.00,30,0,31,0,30,17,1,28,659,1
"org.apache.http.impl.conn.tsccm.ThreadSafe$ClientConnectionRequest",2,0.00,2.00,10,0.12,2736.26,2,0,16,6,3,120.07,0,17,0,1,120.07,0.00,0.00,0.00,0,2.00,3,360.99,0,1,3,java.lang.Object,0.00,4,0,4,0,4,1,0,0,76,0
"org.apache.http.impl.conn.tsccm.ThreadSafe$PoolEntryRequest",2,0.00,1.00,8,0.06,684.00,2,0,18,6,1,128.59,0,15,0,1,128.59,0.00,0.00,0.00,0,2.00,1,186.94,0,0,1,java.lang.Object,0.00,4,0,2,0,4,2,0,0,49,0
"org.apache.http.conn.util.Immutable",5,0.17,1.00,13,0.17,3395.79,8,3,2,8,0,187.47,5,25,0,1,137.47,0.00,0.00,0.20,1,14.00,1,501.27,0,0,0,java.lang.Object,0.00,3,0,5,0,3,5,0,1,125,1
"org.apache.http.conn.util.TestInetAddressUtils",4,0.00,1.00,19,0.24,4321.96,4,0,2,10,0,174.65,4,28,0,1,124.65,0.00,0.00,0.00,0,4.00,1,711.97,0,0,0,java.lang.Object,0.00,6,0,4,0,6,4,0,2,176,1
"org.apache.http.conn.ClientConnectionManager",6,0.00,1.00,7,0.04,120.22,6,0,3,6,21,112.27,65,8,19,1,160.75,0.00,0.00,0.00,0,6.00,1,115.22,0,1,2,,0.00,0,0,6,0,0,5,0,7,43,1
"org.apache.http.conn.ClientConnectionManagerFactory",1,0.00,1.00,2,0.01,39.00,1,0,2,1,2,115.02,6,5,1,1,147.24,0.00,0.00,0.00,0,1.00,1,34.00,0,1,1,,0.00,0,0,1,0,0,0,0,1,13,1
"org.apache.http.conn.ClientConnectionOperator",3,0.00,1.00,4,0.05,198.95,3,0,7,3,13,156.18,48,14,11,1,156.65,0.00,0.00,0.00,0,3.00,1,135.30,0,1,2,,0.00,0,0,3,0,0,2,0,4,39,1
"org.apache.http.conn.ClientConnectionRequest",2,0.00,1.00,3,0.02,80.08,2,0,1,2,15,157.91,32,5,14,1,158.38,0.00,0.00,0.00,0,2.00,1,56.05,0,1,1,,0.00,0,0,2,0,0,1,0,3,20,1
"org.apache.http.conn.ConnectionKeepAliveStrategy",1,0.00,1.00,2,0.01,39.00,1,0,3,1,1,188.72,29,3,1,1,147.24,0.00,0.00,0.00,0,1.00,1,34.00,0,0,0,,0.00,0,0,1,0,0,1,0,2,13,1
"org.apache.http.conn.ConnectionReleaseTrigger",2,0.00,1.00,3,0.01,61.53,2,0,1,2,4,148.92,31,6,4,1,159.28,0.00,0.00,0.00,0,2.00,1,41.02,0,0,0,,0.00,0,0,2,0,0,2,0,3,17,1
"org.apache.http.conn.Deprecated",5,1.00,3.40,43,0.57,35992.13,6,1,14,20,1,69.09,60,69,0,1,106.66,0.00,0.00,0.20,0,8.00,10,1701.06,0,2,1,java.lang.Object,0.00,15,0,17,0,15,3,1,18,314,2
"org.apache.http.conn.EofSensorWatcher",3,0.00,1.00,4,0.03,123.00,3,0,2,3,1,167.43,52,8,1,1,158.30,0.00,0.00,0.00,0,3.00,1,82.00,0,0,0,,0.00,0,0,3,0,0,3,0,4,29,1
"org.apache.http.conn.Immutable",2,1.00,1.00,6,0.04,643.49,3,1,2,2,0,91.17,15,9,0,2,133.46,0.00,0.50,0.00,0,2.00,1,130.63,0,0,0,java.io.InterruptedIOException,0.00,0,1,2,0,0,2,0,3,37,1
"org.apache.http.conn.ManagedClientConnection",13,0.00,1.00,14,0.09,378.23,13,0,9,13,22,115.35,151,20,22,4,159.47,0.00,0.75,0.00,0,13.00,1,274.99,0,3,0,,0.00,0,3,13,0,0,10,0,14,95,1
"org.apache.http.conn.NotThreadSafe",12,0.15,2.58,78,0.71,21451.13,15,3,3,20,2,66.15,110,127,0,2,116.14,0.00,0.50,0.47,5,0.00,4,2139.65,0,0,2,java.io.InputStream,0.00,8,1,31,0,8,12,1,20,475,1
"org.apache.http.conn.OperatedClientConnection",6,0.00,1.00,7,0.06,248.53,6,0,6,6,10,157.79,96,12,10,3,158.26,0.00,0.67,0.00,0,6.00,1,166.20,0,2,0,,0.00,0,2,6,0,0,4,0,7,54,1
"org.apache.http.conn.TestConnectionAutoRelease",5,0.00,2.20,92,1.46,48594.95,5,0,24,27,3,113.21,17,113,0,3,92.59,0.00,0.67,0.00,1,11.00,3,4368.32,1,1,3,org.apache.http.localserver.ServerTestBase,0.00,22,2,11,0,22,4,0,17,748,1
"org.apache.http.conn.TestConnectionAutoRelease$HttpRequestHandler",1,0.00,1.00,5,0.05,728.53,1,0,24,4,0,122.39,0,9,0,1,122.39,0.00,0.00,0.00,0,1.00,1,157.28,0,0,0,java.lang.Object,0.00,3,0,1,0,3,1,0,0,37,0
"org.apache.http.conn.TestConnectionAutoRelease$HttpRequestHandler$BasicHttpEntity",1,0.00,2.00,8,0.10,2613.39,1,0,24,5,0,150.13,2,14,0,1,110.24,0.00,0.00,0.00,0,1.00,2,308.16,0,0,0,java.lang.Object,0.00,4,0,2,0,4,1,0,2,63,0
"org.apache.http.conn.TestConnectionReuse",5,1.00,4.40,193,3.15,153864.38,6,1,34,49,4,126.39,8,205,0,1,76.39,0.00,0.00,0.20,0,8.00,5,9461.71,0,0,4,java.lang.Object,0.00,44,0,22,0,44,5,0,8,1478,1
"org.apache.http.conn.TestConnectionReuse$AlwaysCloseConn",1,0.00,1.00,3,0.04,482.77,1,0,34,2,0,132.07,0,8,0,1,132.07,0.00,0.00,0.00,0,1.00,1,125.85,0,0,0,java.lang.Object,0.00,1,0,1,0,1,1,1,0,32,2
"org.apache.http.conn.TestConnectionReuse$ResponseKeepAlive",1,0.00,3.00,6,0.09,1582.53,1,0,34,5,0,116.53,0,11,0,1,116.53,0.00,0.00,0.00,0,1.00,3,265.00,0,0,0,java.lang.Object,0.00,4,0,3,0,4,1,1,0,57,2
"org.apache.http.conn.TestConnectionReuse$WorkerThread",3,0.17,2.33,31,0.31,8724.31,9,6,34,8,1,106.23,0,45,0,2,106.23,0.00,0.50,0.06,0,4.00,5,933.34,0,1,1,java.lang.Thread,0.00,5,1,7,0,5,2,0,0,194,2
"org.apache.http.conn.TestExceptions",2,0.00,1.00,15,0.19,4632.93,2,0,2,12,0,152.86,4,22,0,1,112.98,0.00,0.00,0.00,0,2.00,1,574.55,0,0,0,java.lang.Object,0.00,10,0,2,0,10,2,0,1,126,1
"org.apache.http.conn.TestScheme",8,0.00,3.00,114,1.82,84685.65,8,0,8,36,1,136.19,18,157,0,1,96.30,0.00,0.00,0.00,0,8.00,7,5467.40,0,0,1,java.lang.Object,0.00,28,0,24,0,28,8,0,16,1043,1
"org.apache.http.conn.routing.HttpRouteDirector",1,7.00,1.00,9,0.11,1853.20,8,7,0,1,3,159.67,25,10,2,1,109.67,0.00,0.00,0.00,0,1.00,1,334.60,0,0,1,,0.00,0,0,1,0,0,1,0,9,77,1
"org.apache.http.conn.routing.HttpRoutePlanner",1,0.00,1.00,2,0.02,108.21,1,0,4,1,1,193.24,26,5,1,1,143.75,0.00,0.00,0.00,0,1.00,1,56.11,0,0,0,,0.00,0,0,1,0,0,1,0,2,17,1
"org.apache.http.conn.routing.Immutable",22,0.10,2.27,117,1.70,90193.89,29,7,3,28,1,84.07,134,186,0,1,116.29,0.00,0.00,0.05,3,114.00,6,5101.49,1,10,1,java.lang.Object,0.00,6,0,50,0,6,12,2,25,1046,2
"org.apache.http.conn.routing.NotThreadSafe",23,0.13,2.43,141,1.92,111960.17,30,7,3,33,1,112.97,101,212,0,1,112.73,0.00,0.00,0.02,3,61.00,8,5748.96,1,8,1,java.lang.Object,0.00,10,0,56,0,10,15,2,27,1167,2
"org.apache.http.conn.routing.RouteInfo",10,0.00,1.00,13,0.04,154.89,10,0,2,10,3,113.15,101,12,3,1,161.63,0.00,0.00,0.00,0,10.00,1,121.20,0,6,0,,0.00,0,0,10,0,0,4,0,13,54,1
"org.apache.http.conn.routing.RouteInfo$LayerType",0,0.00,0.00,2,0.01,23.26,0,0,2,0,0,171.00,0,1,0,1,171.00,0.00,0.00,0.00,0,0.00,0,15.51,0,0,0,java.lang.Object,0.00,0,0,0,0,0,0,0,0,6,1
"org.apache.http.conn.routing.RouteInfo$TunnelType",0,0.00,0.00,2,0.01,23.26,0,0,2,0,0,171.00,0,1,0,1,171.00,0.00,0.00,0.00,0,0.00,0,15.51,0,0,0,java.lang.Object,0.00,0,0,0,0,0,0,0,0,6,1
"org.apache.http.conn.routing.TestHttpRoute",11,0.38,2.09,298,6.76,533613.36,20,9,9,48,0,80.77,48,443,0,1,80.54,0.00,0.00,0.45,0,0.00,7,20291.55,0,0,0,java.lang.Object,0.00,37,0,23,0,37,11,0,46,3286,1
"org.apache.http.conn.routing.TestRouteDirector",7,0.22,1.00,202,3.71,209954.31,16,9,6,12,1,121.65,19,315,0,1,81.76,0.00,0.00,0.30,0,0.00,1,11141.85,0,0,1,java.lang.Object,0.00,5,0,7,0,5,7,0,17,2006,1
"org.apache.http.conn.routing.TestRouteTracker",11,0.27,3.64,338,6.47,846818.19,20,9,8,53,1,34.83,86,460,0,1,77.12,0.00,0.00,0.35,3,0.00,9,19403.72,0,1,1,java.lang.Object,0.00,42,0,40,0,42,10,0,67,3342,1
"org.apache.http.client.protocol.ClientContext",0,0.00,0.00,13,0.20,3408.12,12,12,0,0,7,171.00,53,15,7,1,171.00,0.00,0.00,0.00,0,0.00,0,589.87,0,0,0,,0.00,0,0,0,0,0,0,0,13,115,1
"org.apache.http.client.protocol.Immutable",3,1.00,4.00,34,0.55,23192.36,4,1,17,18,5,141.10,7,62,0,1,101.22,0.00,0.00,0.00,1,3.00,8,1642.14,0,0,5,java.lang.Object,0.00,15,0,12,0,15,3,1,1,306,1
"org.apache.http.client.protocol.NotThreadSafe",6,1.00,1.17,15,0.17,2454.14,7,1,7,8,3,189.17,8,24,0,1,139.17,0.00,0.00,0.00,0,26.00,2,512.19,0,0,3,java.lang.Object,0.00,2,0,7,0,2,6,1,2,130,1
"org.apache.http.client.protocol.TestCookie2Support",5,0.00,2.40,95,1.64,50483.94,5,0,29,31,8,91.57,3,109,0,2,91.57,0.00,0.50,0.00,0,8.00,3,4928.82,1,0,8,org.apache.http.localserver.BasicServerTestBase,0.00,26,1,12,0,26,5,0,1,821,1
"org.apache.http.client.protocol.TestCookie2Support$CookieVer0Service",1,0.00,1.00,7,0.11,1836.66,1,0,29,8,0,113.77,0,13,0,1,113.77,0.00,0.00,0.00,0,1.00,1,329.99,0,0,0,java.lang.Object,0.00,7,0,1,0,7,1,1,0,68,2
"org.apache.http.client.protocol.TestCookie2Support$CookieVer1Service",1,0.00,1.00,8,0.13,2312.69,1,0,29,8,0,110.82,0,14,0,1,110.82,0.00,0.00,0.00,0,1.00,1,386.72,0,0,0,java.lang.Object,0.00,7,0,1,0,7,1,1,0,78,2
"org.apache.http.client.protocol.TestCookie2Support$CookieVer2Service",1,0.00,1.00,7,0.11,1836.66,1,0,29,8,0,113.77,0,13,0,1,113.77,0.00,0.00,0.00,0,1.00,1,329.99,0,0,0,java.lang.Object,0.00,7,0,1,0,7,1,1,0,68,2
"org.apache.http.client.protocol.TestCookie2Support$SetCookieVersionMixService",1,0.00,1.00,8,0.13,2312.69,1,0,29,8,0,110.82,0,14,0,1,110.82,0.00,0.00,0.00,0,1.00,1,386.72,0,0,0,java.lang.Object,0.00,7,0,1,0,7,1,1,0,78,2
"org.apache.http.client.protocol.TestRedirects",20,0.00,1.90,304,5.75,152697.97,20,0,36,67,5,96.41,3,401,0,2,96.41,0.00,0.50,0.00,0,38.00,2,17242.80,1,0,5,org.apache.http.localserver.BasicServerTestBase,0.00,47,1,38,0,47,20,0,1,2919,1
"org.apache.http.client.protocol.TestRedirects$BasicRedirectService",3,3.00,2.00,25,0.36,9564.00,6,3,36,12,0,109.56,0,35,0,1,109.56,0.00,0.00,0.00,0,3.00,3,1077.51,0,0,0,java.lang.Object,0.00,9,0,6,0,9,3,1,0,213,2
"org.apache.http.client.protocol.TestRedirects$BogusRedirectService",2,1.00,2.00,17,0.23,5564.32,3,1,36,11,0,110.03,0,25,0,1,110.03,0.00,0.00,0.50,0,2.00,3,688.72,0,0,0,java.lang.Object,0.00,9,0,4,0,9,2,1,0,136,2
"org.apache.http.client.protocol.TestRedirects$CircularRedirectService",2,0.00,2.00,14,0.20,5809.93,2,0,36,9,0,112.05,0,21,0,1,112.05,0.00,0.00,0.00,0,2.00,3,588.78,0,0,0,java.lang.Object,0.00,7,0,4,0,7,2,1,0,119,2
"org.apache.http.client.protocol.TestRedirects$HttpRequestHandler",1,0.00,1.00,3,0.04,419.26,1,0,36,2,0,132.55,0,7,0,1,132.55,0.00,0.00,0.00,0,1.00,1,116.05,0,0,0,java.lang.Object,0.00,1,0,1,0,1,1,0,0,29,0
"org.apache.http.client.protocol.TestRedirects$RelativeRedirectService",2,0.00,2.00,15,0.21,5473.18,2,0,36,11,0,112.25,0,22,0,1,112.25,0.00,0.00,0.00,0,2.00,3,629.21,0,0,0,java.lang.Object,0.00,9,0,4,0,9,2,1,0,123,2
"org.apache.http.client.protocol.TestRedirects$RelativeRedirectService2",2,0.00,2.00,15,0.21,5341.84,2,0,36,11,0,112.33,0,22,0,1,112.33,0.00,0.00,0.00,0,2.00,3,632.82,0,0,0,java.lang.Object,0.00,9,0,4,0,9,2,1,0,123,2
"org.apache.http.client.protocol.TestUriEscapes",14,0.00,1.07,50,0.59,14254.35,14,0,18,30,2,129.50,0,79,0,2,129.50,0.00,0.50,0.00,1,26.00,2,1783.12,0,0,2,org.apache.http.localserver.BasicServerTestBase,0.00,16,1,15,0,16,14,0,0,387,1
"org.apache.http.client.protocol.TestUriEscapes$UriListeningService",2,1.00,1.00,10,0.13,2124.19,3,1,18,8,0,121.10,0,16,0,1,121.10,0.00,0.00,0.50,0,2.00,1,386.77,0,1,0,java.lang.Object,0.00,6,0,2,0,6,1,1,0,84,2
"org.apache.http.auth.AuthScheme",7,0.00,1.00,8,0.05,245.11,7,0,2,7,14,114.71,79,11,13,1,158.84,0.00,0.00,0.00,0,7.00,1,135.23,0,4,1,,0.00,0,0,7,0,0,3,0,8,50,1
"org.apache.http.auth.AuthSchemeFactory",1,0.00,1.00,2,0.01,30.51,1,0,1,1,2,110.52,12,3,1,1,148.08,0.00,0.00,0.00,0,1.00,1,25.51,0,1,1,,0.00,0,0,1,0,0,0,0,2,11,1
"org.apache.http.auth.ContextAwareAuthScheme",1,0.00,1.00,2,0.02,100.72,1,0,3,1,1,183.30,21,6,0,2,144.00,0.00,0.50,0.00,0,1.00,1,61.11,0,1,1,,0.00,0,1,1,0,0,0,0,2,19,1
"org.apache.http.auth.Credentials",2,0.00,1.00,3,0.01,31.00,2,0,1,2,19,182.24,7,4,19,1,161.63,0.00,0.00,0.00,0,2.00,1,26.00,0,2,0,,0.00,0,0,2,0,0,0,0,1,13,1
"org.apache.http.auth.Immutable",1,4.00,1.00,6,0.06,1031.50,5,4,1,1,0,136.38,18,8,0,1,118.24,0.00,0.00,0.00,0,1.00,1,194.91,0,0,0,java.lang.Object,0.00,0,0,1,0,0,1,0,5,48,2
"org.apache.http.auth.NotThreadSafe",10,3.00,1.20,35,0.27,5755.98,13,3,1,13,2,131.66,47,48,0,1,131.43,0.00,0.00,0.00,1,10.00,2,822.26,0,2,2,java.lang.Object,0.00,3,0,12,0,3,8,0,12,208,1
"org.apache.http.auth.TestCredentials",8,0.00,1.00,117,1.99,99883.46,8,0,6,35,0,95.99,0,179,0,1,95.99,0.00,0.00,0.00,0,8.00,1,5981.92,0,0,0,java.lang.Object,0.00,27,0,8,0,27,8,0,0,1188,1
"org.apache.http.auth.ThreadSafe",6,0.20,2.00,30,0.35,8161.39,7,1,7,18,2,71.99,50,46,0,1,120.09,0.00,0.00,0.83,0,0.00,3,1049.38,0,2,2,java.lang.Object,0.00,12,0,12,0,12,4,0,6,231,2
"org.apache.http.client.benchmark.Benchmark",1,0.00,4.00,54,0.92,60750.43,1,0,16,33,7,68.39,0,62,0,1,68.39,0.00,0.00,0.00,0,1.00,4,2762.70,0,0,7,java.lang.Object,0.00,32,0,4,0,32,1,0,0,417,1
"org.apache.http.client.benchmark.Benchmark$RandomDataHandler",4,0.00,2.50,51,0.68,30066.55,4,0,16,24,0,100.01,0,67,0,2,100.01,0.00,0.50,0.00,2,4.00,4,2049.78,0,0,0,org.eclipse.jetty.server.handler.AbstractHandler,0.00,20,1,10,0,20,4,0,0,366,1
"org.apache.http.client.benchmark.Stats",12,0.13,1.00,57,0.67,29524.99,17,5,1,19,8,121.84,0,71,8,1,121.84,0.00,0.00,0.08,0,62.00,1,2013.73,0,1,0,java.lang.Object,0.00,7,0,12,0,7,11,0,0,421,1
"org.apache.http.client.benchmark.TestHttpAgent",4,0.00,1.00,5,0.04,192.31,4,0,1,4,7,157.76,0,6,6,1,157.76,0.00,0.00,0.00,0,4.00,1,114.83,0,1,1,,0.00,0,0,4,0,0,3,0,0,38,1
"org.apache.http.client.benchmark.TestHttpClient3",7,1.00,1.86,60,0.76,35030.16,8,1,11,38,4,108.04,0,76,2,1,108.04,0.00,0.00,0.00,1,7.00,6,2278.10,0,4,2,java.lang.Object,0.00,31,0,13,0,31,3,1,0,433,1
"org.apache.http.client.benchmark.TestHttpClient4",7,1.00,2.14,66,0.88,39989.25,8,1,18,40,6,105.65,0,86,2,1,105.65,0.00,0.00,0.00,1,7.00,7,2632.11,0,4,4,java.lang.Object,0.00,33,0,15,0,33,3,1,0,490,1
"org.apache.http.client.benchmark.TestHttpCore",7,4.00,3.00,101,1.57,88173.25,11,4,33,68,4,95.71,0,131,2,1,95.71,0.00,0.00,0.00,1,7.00,11,4722.49,0,1,2,java.lang.Object,0.00,61,0,21,0,61,6,1,0,814,1
"org.apache.http.client.benchmark.TestHttpJRE",7,0.00,2.14,65,0.83,46483.42,7,0,6,36,4,105.13,0,79,2,1,105.13,0.00,0.00,0.00,1,7.00,8,2480.49,0,1,2,java.lang.Object,0.00,29,0,15,0,29,6,1,0,435,1
"org.apache.http.client.benchmark.TestJettyHttpClient",7,1.00,1.86,58,0.70,30856.79,8,1,7,35,4,108.47,0,70,2,1,108.47,0.00,0.00,0.00,1,7.00,6,2108.03,0,4,2,java.lang.Object,0.00,28,0,13,0,28,3,1,0,406,1
"org.apache.http.client.benchmark.TestJettyHttpClient$SimpleHttpExchange",3,4.00,1.33,15,0.20,3948.87,7,4,7,7,0,120.30,0,23,0,2,120.30,0.00,0.50,0.00,0,3.00,2,590.82,3,0,0,org.eclipse.jetty.client.HttpExchange,0.00,4,1,4,0,4,3,0,0,134,1
"org.apache.http.client.utils.Idn",1,0.00,1.00,2,0.01,33.58,1,0,0,1,1,103.63,11,3,1,1,147.75,0.00,0.00,0.00,0,1.00,1,23.93,0,1,0,,0.00,0,0,1,0,0,0,0,2,11,1
"org.apache.http.client.utils.Immutable",2,0.00,3.50,14,0.21,6458.01,3,1,3,10,1,93.68,11,23,0,1,111.55,0.00,0.00,1.00,0,0.00,4,619.53,0,1,1,java.lang.Object,0.00,8,0,7,0,8,1,1,4,133,1
"org.apache.http.client.utils.TestRfc3492Idn",2,0.00,1.00,12,0.20,5059.55,2,0,3,6,0,115.41,9,30,0,1,115.17,0.00,0.00,0.00,0,2.00,1,607.42,0,0,0,java.lang.Object,0.00,4,0,2,0,4,2,0,7,127,1
"org.apache.http.client.utils.TestURIUtils",51,1.00,1.00,113,1.95,21887.22,52,1,4,57,0,139.04,5,229,0,1,139.04,0.00,0.00,0.00,0,51.00,1,5852.69,0,0,0,java.lang.Object,0.00,6,0,51,0,6,51,0,2,1376,1
"org.apache.http.client.utils.TestURLEncodedUtils",8,0.43,1.25,111,1.93,90593.05,10,2,9,31,0,97.47,0,133,0,1,97.47,0.00,0.00,0.12,2,14.00,3,5782.38,0,2,0,java.lang.Object,0.00,23,0,10,0,23,6,0,0,1054,1
"org.apache.http.auth.params.AuthPNames",0,0.00,0.00,4,0.04,529.87,3,3,1,0,2,171.00,29,5,1,1,171.00,0.00,0.00,0.00,0,0.00,0,121.11,0,0,1,,0.00,0,0,0,0,0,0,0,4,31,1
"org.apache.http.auth.params.AuthParamBean",2,0.00,1.00,5,0.03,355.08,2,0,2,3,0,162.67,7,8,0,2,142.06,0.00,0.50,0.00,0,2.00,1,104.15,0,0,0,org.apache.http.params.HttpAbstractParamBean,0.00,1,1,2,0,1,2,0,1,32,1
"org.apache.http.auth.params.Immutable",3,0.00,2.00,14,0.14,3565.07,3,0,3,6,1,81.88,21,22,0,1,124.17,0.00,0.00,0.00,0,3.00,3,420.15,0,1,1,java.lang.Object,0.00,3,0,6,0,3,2,0,3,97,2
"org.apache.http.client.entity.DecompressingEntity",2,1.00,2.00,12,0.15,4259.31,3,1,5,5,2,67.50,17,18,2,2,115.60,2.00,0.25,0.50,0,2.00,3,436.27,0,0,0,org.apache.http.entity.HttpEntityWrapper,0.00,3,1,4,2,3,2,0,4,92,1
"org.apache.http.client.entity.DeflateDecompressingEntity",4,0.00,2.75,31,0.39,23032.72,4,0,9,14,2,109.16,65,47,1,3,109.63,0.00,0.67,0.00,1,4.00,8,1160.21,0,2,1,org.apache.http.client.entity.DecompressingEntity,0.00,10,2,11,0,10,2,0,14,221,1
"org.apache.http.client.entity.GzipDecompressingEntity",4,0.00,1.00,10,0.08,1240.50,4,0,6,6,1,107.93,24,18,0,3,140.15,0.00,0.67,0.00,0,4.00,1,232.68,0,2,1,org.apache.http.client.entity.DecompressingEntity,0.00,2,2,4,0,2,2,0,8,65,1
"org.apache.http.client.entity.NotThreadSafe",2,0.00,2.50,6,0.12,3011.99,2,0,7,4,0,83.84,22,13,0,2,127.97,0.00,0.50,0.00,0,2.00,3,351.74,0,0,0,org.apache.http.entity.StringEntity,0.00,2,1,5,0,2,2,0,4,78,1
"org.apache.http.impl.client.cache.CombinedInputStream",3,0.25,2.00,14,0.15,4344.31,5,2,2,6,2,123.73,14,23,2,2,123.49,0.00,0.50,0.67,0,1.00,3,463.88,0,0,0,java.io.InputStream,0.00,3,1,6,0,3,3,0,2,114,0
"org.apache.http.impl.client.cache.Counter",2,0.00,1.00,6,0.02,187.50,3,1,0,2,1,137.67,0,9,1,1,137.67,0.00,0.00,1.00,0,0.00,1,75.00,0,0,0,java.lang.Object,0.00,0,0,2,0,0,2,0,0,25,1
"org.apache.http.impl.client.cache.DoNotTestProtocolRequirements",6,0.28,1.83,59,0.94,26884.43,16,10,24,37,2,88.64,32,82,0,1,106.51,0.00,0.00,0.33,2,2.00,6,2805.57,0,2,2,java.lang.Object,0.00,31,0,11,0,31,4,0,13,503,1
"org.apache.http.impl.client.cache.HttpTestUtils",11,3.00,2.55,59,0.97,30309.43,14,3,8,32,2,99.75,58,99,2,1,117.62,0.00,0.00,0.00,3,11.00,5,2897.93,0,1,0,java.lang.Object,0.00,21,0,28,0,21,10,0,14,605,1
"org.apache.http.impl.client.cache.Immutable",6,0.00,2.83,43,0.67,20791.89,6,0,11,32,0,131.98,18,75,0,1,111.36,0.00,0.00,0.00,4,6.00,5,2009.94,0,1,0,java.lang.Object,0.00,26,0,17,0,26,5,0,3,411,1
"org.apache.http.impl.client.cache.NotThreadSafe",0,0.00,0.00,2,0.03,611.70,1,1,3,0,0,171.00,3,3,0,2,171.00,0.00,0.50,0.00,0,0.00,0,89.21,0,0,0,org.apache.http.message.HeaderGroup,0.00,0,1,0,0,0,0,1,2,21,1
"org.apache.http.impl.client.cache.RequestEquivalent",3,0.50,1.33,12,0.10,1702.10,4,1,2,5,3,126.79,0,17,2,1,126.79,0.00,0.00,0.67,0,1.00,2,307.22,0,0,1,java.lang.Object,0.00,2,0,4,0,2,3,1,0,80,1
"org.apache.http.impl.client.cache.RequestProtocolError",0,0.00,0.00,2,0.01,36.00,0,0,0,0,3,171.00,3,6,2,1,171.00,0.00,0.00,0.00,0,0.00,0,24.00,0,0,1,java.lang.Object,0.00,0,0,0,0,0,0,1,1,8,1
"org.apache.http.impl.client.cache.Serializer",2,0.00,1.00,11,0.13,3056.56,2,0,4,9,0,119.85,0,15,0,1,119.85,0.00,0.00,0.00,0,2.00,1,379.32,0,0,0,java.lang.Object,0.00,7,0,2,0,7,2,0,0,87,1
"org.apache.http.impl.client.cache.SizeLimitedResponseReader",9,0.08,1.89,54,0.54,15343.94,17,8,9,24,4,116.38,8,76,3,1,116.38,0.00,0.00,0.19,5,27.00,5,1610.00,0,4,1,java.lang.Object,0.00,15,0,17,0,15,5,0,2,351,1
"org.apache.http.impl.client.cache.TestCacheEntry",38,0.78,1.00,185,3.20,70429.69,39,1,9,70,0,122.81,0,284,0,1,122.81,0.00,0.00,0.24,1,218.00,1,9600.18,0,0,0,java.lang.Object,0.00,32,0,38,0,32,38,0,0,2004,1
"org.apache.http.impl.client.cache.TestCacheEntry$",2,1.00,1.00,6,0.04,398.60,3,1,9,2,0,135.09,0,10,0,1,135.09,0.00,0.00,0.00,0,2.00,1,114.60,0,0,0,java.lang.Object,0.00,0,0,2,0,0,2,0,0,34,0
"org.apache.http.impl.client.cache.TestCacheEntryGenerator",1,0.00,1.00,12,0.23,5619.57,1,0,9,16,0,101.22,0,16,0,1,101.22,0.00,0.00,0.00,0,1.00,1,702.56,0,0,0,java.lang.Object,0.00,15,0,1,0,15,1,0,0,132,1
"org.apache.http.impl.client.cache.TestCacheEntryUpdater",11,0.24,1.45,87,1.55,41382.26,18,7,17,36,0,111.23,1,126,0,1,111.23,0.00,0.00,0.36,4,0.00,4,4663.32,0,0,0,java.lang.Object,0.00,25,0,16,0,25,11,0,1,892,1
"org.apache.http.impl.client.cache.TestCacheInvalidator",20,0.23,1.10,145,1.66,30968.94,32,12,12,48,2,114.33,2,179,0,1,114.33,0.00,0.00,0.30,12,0.00,2,4967.86,0,0,2,java.lang.Object,0.00,28,0,22,0,28,20,0,2,1026,1
"org.apache.http.impl.client.cache.TestCacheableRequestPolicy",5,0.00,1.00,32,0.39,10397.55,6,1,4,11,0,115.85,0,43,0,1,115.85,0.00,0.00,1.00,0,0.00,1,1160.35,0,0,0,java.lang.Object,0.00,6,0,5,0,6,5,0,0,261,1
"org.apache.http.impl.client.cache.TestCachedHttpResponseGenerator",9,0.00,1.00,70,1.32,34267.81,9,0,9,35,0,111.28,0,97,0,1,111.28,0.00,0.00,0.00,2,9.00,1,3945.01,0,0,0,java.lang.Object,0.00,26,0,9,0,26,9,0,0,761,1
"org.apache.http.impl.client.cache.TestCachedHttpResponseGenerator$",1,1.00,1.00,4,0.03,261.57,2,1,9,1,0,129.50,0,6,0,1,129.50,0.00,0.00,0.00,0,1.00,1,78.05,0,0,0,java.lang.Object,0.00,0,0,1,0,0,1,0,0,23,0
"org.apache.http.impl.client.cache.TestCachedResponseSuitabilityChecker",18,0.49,1.00,127,1.38,18074.73,23,5,9,37,0,115.84,2,160,0,1,115.84,0.00,0.00,0.67,5,0.00,1,4139.53,0,0,0,java.lang.Object,0.00,19,0,18,0,19,18,0,2,856,1
"org.apache.http.impl.client.cache.TestCachingHttpClient",74,0.10,1.07,611,7.58,144680.25,116,42,29,166,8,111.38,0,776,0,1,111.38,0.00,0.00,0.12,37,0.00,2,22727.34,0,0,8,java.lang.Object,0.00,92,0,79,0,92,74,0,0,4367,1
"org.apache.http.impl.client.cache.TestCachingHttpClient$CachingHttpClient",1,0.00,1.00,7,0.09,1055.74,1,0,29,4,0,115.67,0,13,0,1,115.67,0.00,0.00,0.00,0,1.00,1,262.06,0,1,0,java.lang.Object,0.00,3,0,1,0,3,0,0,0,59,0
"org.apache.http.impl.client.cache.TestCachingHttpClient$CachingHttpClient_0",1,0.00,3.00,10,0.16,4898.76,1,0,29,6,1,104.39,0,19,0,1,104.39,0.00,0.00,0.00,0,1.00,3,479.28,0,0,1,java.lang.Object,0.00,5,0,3,0,5,1,0,0,94,0
"org.apache.http.impl.client.cache.TestCachingHttpClient$CachingHttpClient_1",1,0.00,1.00,7,0.09,1118.99,1,0,29,3,0,115.47,0,13,0,1,115.47,0.00,0.00,0.00,0,1.00,1,266.64,0,1,0,java.lang.Object,0.00,2,0,1,0,2,0,0,0,60,0
"org.apache.http.impl.client.cache.TestCachingHttpClient$CachingHttpClient_2",1,0.00,1.00,6,0.07,756.49,1,0,29,4,1,119.30,0,12,0,1,119.30,0.00,0.00,0.00,0,1.00,1,214.43,0,1,1,java.lang.Object,0.00,3,0,1,0,3,0,0,0,50,0
"org.apache.http.impl.client.cache.TestCachingHttpClient$CachingHttpClient_3",1,0.00,1.00,9,0.13,1878.39,1,0,29,7,0,109.62,0,15,0,1,109.62,0.00,0.00,0.00,0,1.00,1,393.34,0,1,0,java.lang.Object,0.00,6,0,1,0,6,0,0,0,83,0
"org.apache.http.impl.client.cache.TestCachingHttpClient$CachingHttpClient_4",1,0.00,2.00,6,0.10,2107.88,1,0,29,5,2,115.64,0,13,0,1,115.64,0.00,0.00,0.00,0,1.00,2,309.92,0,0,2,java.lang.Object,0.00,4,0,2,0,4,1,0,0,66,0
"org.apache.http.impl.client.cache.TestCachingHttpClient$CachingHttpClient_5",1,0.00,1.00,6,0.08,972.75,1,0,29,3,1,118.44,0,13,0,1,118.44,0.00,0.00,0.00,0,1.00,1,232.34,0,1,1,java.lang.Object,0.00,2,0,1,0,2,0,0,0,53,0
"org.apache.http.impl.client.cache.TestCombinedInputStream",7,0.50,1.29,42,0.50,10981.50,10,3,6,19,1,116.75,2,59,0,1,116.75,0.00,0.00,0.76,2,0.00,3,1486.17,0,0,1,java.lang.Object,0.00,12,0,9,0,12,7,0,1,326,1
"org.apache.http.impl.client.cache.TestConditionalRequestBuilder",3,0.00,1.00,42,0.96,31341.01,4,1,12,22,0,96.60,0,58,0,1,96.60,0.00,0.00,1.00,0,0.00,1,2875.06,0,0,0,java.lang.Object,0.00,19,0,3,0,19,3,0,0,494,1
"org.apache.http.impl.client.cache.TestDefaultCacheEntrySerializer",3,0.00,4.00,42,0.69,35938.11,3,0,13,26,1,145.81,3,51,0,1,95.81,0.00,0.00,0.00,2,3.00,9,2055.83,0,0,1,java.lang.Object,0.00,23,0,12,0,23,3,0,3,381,1
"org.apache.http.impl.client.cache.TestProtocolDeviations",13,0.31,1.46,126,2.26,67168.37,25,12,23,61,3,73.85,88,186,0,1,106.08,0.00,0.00,0.37,3,0.00,3,6782.55,0,3,3,java.lang.Object,0.00,48,0,19,0,48,10,0,19,1219,1
"org.apache.http.impl.client.cache.TestProtocolRequirements",170,0.17,1.54,1800,31.35,1209418.95,182,12,31,274,4,123.88,545,2394,0,1,103.26,0.00,0.00,0.25,21,0.00,10,94047.26,0,5,4,java.lang.Object,0.00,104,0,261,0,104,165,0,112,16272,1
"org.apache.http.impl.client.cache.TestProtocolRequirements$FakeHeaderGroup",2,0.00,1.00,5,0.04,501.99,2,0,31,3,0,140.87,0,8,0,2,140.87,0.00,0.50,0.00,1,2.00,1,132.33,0,0,0,org.apache.http.message.HeaderGroup,0.00,1,1,2,0,1,2,0,0,39,1
"org.apache.http.impl.client.cache.TestResponseCache",7,0.00,1.14,68,0.90,29071.94,9,2,10,22,2,106.88,5,82,0,1,106.88,0.00,0.00,0.50,0,3.00,2,2695.61,0,0,2,java.lang.Object,0.00,15,0,8,0,15,7,0,5,531,1
"org.apache.http.impl.client.cache.TestResponseCache$HttpCacheUpdateCallback<CacheEntry>",1,0.00,1.00,5,0.08,1673.64,1,0,10,8,0,119.54,0,13,0,1,119.54,0.00,0.00,0.00,0,0.00,1,247.08,0,0,0,java.lang.Object,0.00,7,0,1,0,7,1,0,0,58,0
"org.apache.http.impl.client.cache.TestResponseCachingPolicy",37,0.22,1.00,153,2.02,30644.34,42,5,13,54,0,125.56,1,233,0,1,125.56,0.00,0.00,0.42,1,0.00,1,6060.37,0,0,0,java.lang.Object,0.00,17,0,37,0,17,37,0,1,1356,1
"org.apache.http.impl.client.cache.TestSizeLimitedResponseReader",20,0.17,1.10,124,1.49,29436.22,27,7,11,46,1,117.01,0,152,0,1,117.01,0.00,0.00,0.30,13,0.00,2,4458.52,0,0,1,java.lang.Object,0.00,26,0,22,0,26,20,0,0,931,1
"org.apache.http.impl.client.cache.TestURIExtractor",14,0.40,1.00,103,1.67,41741.67,20,6,9,30,0,112.12,0,149,0,1,112.12,0.00,0.00,0.54,2,0.00,1,5008.27,0,0,0,java.lang.Object,0.00,16,0,14,0,16,14,0,0,986,1
"org.apache.http.impl.client.cache.TestURIExtractor$URIExtractor",1,0.00,1.00,5,0.04,622.82,1,0,9,2,0,122.92,0,7,0,1,122.92,0.00,0.00,0.00,0,0.00,1,131.19,0,1,0,java.lang.Object,0.00,1,0,1,0,1,0,0,0,33,0
"org.apache.http.impl.client.cache.TestURIExtractor$URIExtractor_0",1,0.00,1.00,5,0.04,622.82,1,0,9,2,0,122.92,0,7,0,1,122.92,0.00,0.00,0.00,0,0.00,1,131.19,0,1,0,java.lang.Object,0.00,1,0,1,0,1,0,0,0,33,0
"org.apache.http.impl.client.cache.TestURIExtractor$URIExtractor_1",1,0.00,1.00,5,0.04,622.82,1,0,9,2,0,122.92,0,7,0,1,122.92,0.00,0.00,0.00,0,0.00,1,131.19,0,1,0,java.lang.Object,0.00,1,0,1,0,1,0,0,0,33,0
"org.apache.http.impl.client.cache.TestURIExtractor$URIExtractor_2",1,0.00,1.00,5,0.04,622.82,1,0,9,2,0,122.92,0,7,0,1,122.92,0.00,0.00,0.00,0,0.00,1,131.19,0,1,0,java.lang.Object,0.00,1,0,1,0,1,0,0,0,33,0
"org.apache.http.impl.client.cache.TestURIExtractor$URIExtractor_3",1,0.00,1.00,5,0.04,622.82,1,0,9,2,0,122.92,0,7,0,1,122.92,0.00,0.00,0.00,0,0.00,1,131.19,0,1,0,java.lang.Object,0.00,1,0,1,0,1,0,0,0,33,0
"org.apache.http.impl.client.cache.TestURIExtractor$URIExtractor_4",1,0.00,1.00,5,0.04,622.82,1,0,9,2,0,122.92,0,7,0,1,122.92,0.00,0.00,0.00,0,0.00,1,131.19,0,1,0,java.lang.Object,0.00,1,0,1,0,1,0,0,0,33,0
"org.apache.http.impl.client.cache.ThreadSafe",29,0.03,2.07,232,3.40,108029.65,51,22,29,101,9,129.64,108,334,0,1,109.02,0.00,0.00,0.07,11,360.00,12,10205.46,0,11,9,java.lang.Object,0.00,72,0,60,0,72,18,1,15,1920,1
"org.apache.http.impl.client.cache.ThreadSafe$HttpCacheUpdateCallback<CacheEntry>",1,0.00,1.00,3,0.03,291.85,1,0,29,2,1,133.79,0,4,0,1,133.79,0.00,0.00,0.00,0,1.00,1,84.38,0,0,1,java.lang.Object,0.00,1,0,1,0,1,1,0,0,24,0
"org.apache.http.impl.client.cache.ThreadSafe$LinkedHashMap<String,CacheEntry>",1,1.00,1.00,4,0.06,961.78,2,1,7,2,0,125.05,0,7,0,1,125.05,0.00,0.00,0.00,0,1.00,1,184.21,0,0,0,java.lang.Object,0.00,1,0,1,0,1,1,0,0,43,0
"org.apache.http.client.methods.AbortableHttpRequest",3,0.00,1.00,4,0.02,95.00,3,0,7,3,6,121.62,36,5,1,1,159.18,0.00,0.00,0.00,0,3.00,1,66.00,0,0,5,,0.00,0,0,3,0,0,3,0,4,25,1
"org.apache.http.client.methods.HttpUriRequest",4,0.00,1.00,5,0.02,83.45,4,0,2,4,9,110.61,38,6,9,2,160.61,0.00,0.50,0.00,0,4.00,1,57.60,0,2,0,,0.00,0,1,4,0,0,2,0,5,25,1
"org.apache.http.client.methods.NotThreadSafe",5,1.00,1.20,16,0.17,3580.13,6,1,6,9,0,180.68,7,26,0,2,130.68,0.00,0.50,0.00,0,5.00,2,498.25,1,2,0,HttpRequestBase,0.00,4,1,6,0,4,3,1,2,123,2
"org.apache.http.client.methods.TestHttpOptions",1,0.00,1.00,11,0.16,4170.81,1,0,6,9,0,103.65,0,14,0,1,103.65,0.00,0.00,0.00,0,1.00,1,468.12,0,0,0,java.lang.Object,0.00,8,0,1,0,8,1,0,0,93,1
"org.apache.http.client.methods.TestHttpRequestBase",5,0.00,1.00,56,1.08,43343.01,5,0,9,37,0,101.14,0,68,0,1,101.14,0.00,0.00,0.00,0,5.00,1,3232.95,0,0,0,java.lang.Object,0.00,32,0,5,0,32,5,0,0,595,1
"org.apache.http.cookie.params.CookieSpecPNames",0,0.00,0.00,3,0.03,332.42,2,2,0,0,2,171.00,25,4,2,1,171.00,0.00,0.00,0.00,0,0.00,0,81.41,0,0,0,,0.00,0,0,0,0,0,0,0,3,22,1
"org.apache.http.cookie.params.NotThreadSafe",3,0.00,1.00,7,0.07,780.74,3,0,4,5,1,180.64,7,11,0,2,140.75,0.00,0.50,0.00,0,3.00,1,208.34,0,0,1,org.apache.http.params.HttpAbstractParamBean,0.00,2,1,3,0,2,3,0,1,57,1
"org.apache.http.localserver.BasicServerTestBase",2,0.00,1.50,8,0.08,1169.69,3,1,3,7,2,108.79,10,16,1,1,126.66,0.00,0.00,1.00,0,0.00,2,226.06,0,1,1,java.lang.Object,0.00,5,0,3,16,5,1,0,3,58,2
"org.apache.http.localserver.EchoHandler",1,0.00,5.00,18,0.32,14881.27,1,0,13,15,1,134.89,22,31,1,1,90.95,0.00,0.00,0.00,0,1.00,5,962.23,0,0,0,java.lang.Object,0.00,14,0,5,0,14,1,1,6,165,1
"org.apache.http.localserver.LocalTestServer",16,0.01,1.75,82,0.97,24886.13,24,8,34,56,13,87.44,99,134,11,1,119.66,0.00,0.00,0.12,1,100.00,5,2913.16,0,6,2,java.lang.Object,0.00,40,0,28,0,40,10,0,25,625,1
"org.apache.http.localserver.LocalTestServer$ListenerThread",4,1.00,2.00,24,0.23,5137.81,5,1,34,10,0,117.33,1,38,0,2,117.33,0.00,0.50,0.00,0,4.00,4,677.50,0,1,0,java.lang.Thread,0.00,6,1,8,0,6,3,0,1,143,0
"org.apache.http.localserver.LocalTestServer$Worker",4,2.00,2.00,20,0.20,4686.66,6,2,34,6,0,120.60,0,34,0,2,120.60,0.00,0.50,0.00,1,6.00,4,604.43,0,1,0,java.lang.Thread,0.00,2,1,8,0,2,3,0,0,136,0
"org.apache.http.localserver.RandomHandler",1,0.00,7.00,28,0.52,30140.70,1,0,13,22,2,107.53,32,43,2,1,81.30,0.00,0.00,0.00,0,1.00,7,1551.68,0,0,0,java.lang.Object,0.00,21,0,7,0,21,1,1,8,253,1
"org.apache.http.localserver.RandomHandler$RandomEntity",6,0.20,1.83,41,0.42,23150.26,8,2,13,13,0,81.37,40,57,0,2,113.59,0.00,0.50,0.33,0,6.00,4,1270.87,0,1,0,org.apache.http.entity.AbstractHttpEntity,0.00,7,1,11,0,7,5,0,12,264,2
"org.apache.http.localserver.RequestBasicAuth",1,0.00,7.00,22,0.36,17370.83,1,0,12,15,1,87.09,0,33,1,1,87.09,0.00,0.00,0.00,0,1.00,7,1093.51,0,0,0,java.lang.Object,0.00,14,0,7,0,14,1,1,0,185,1
"org.apache.http.localserver.ResponseBasicUnauthorized",1,0.00,2.00,4,0.06,900.87,1,0,7,4,1,125.12,0,9,1,1,125.12,0.00,0.00,0.00,0,1.00,2,187.33,0,0,0,java.lang.Object,0.00,3,0,2,0,3,1,1,0,43,1
"org.apache.http.localserver.ServerTestBase",3,0.40,2.67,38,0.50,11796.05,8,5,19,30,3,128.49,59,56,0,2,102.21,7.00,0.11,0.47,1,0.00,6,1495.65,0,2,3,org.apache.http.localserver.BasicServerTestBase,0.00,27,1,8,7,27,1,0,12,284,2
"org.apache.http.conn.scheme.Deprecated",1,0.00,1.00,2,0.03,193.45,1,0,3,1,0,191.76,25,8,0,1,141.76,0.00,0.00,0.00,0,1.00,1,87.11,0,1,0,,0.00,0,0,1,0,0,0,0,2,25,1
"org.apache.http.conn.scheme.Immutable",11,0.12,2.27,74,0.88,33880.00,16,5,3,23,2,66.21,97,111,0,1,114.31,0.00,0.00,0.09,1,52.00,5,2633.76,0,3,2,java.lang.Object,0.00,12,0,25,0,12,8,0,16,557,2
"org.apache.http.conn.scheme.LayeredSchemeSocketFactory",1,0.00,1.00,2,0.03,129.64,1,0,3,1,3,190.40,23,8,3,2,143.13,0.00,0.50,0.00,0,1.00,1,75.21,0,1,0,,0.00,0,1,1,0,0,0,0,2,22,1
"org.apache.http.conn.scheme.SchemeSocketFactory",3,0.00,1.00,4,0.04,194.99,3,0,6,3,11,200.67,68,9,11,1,156.72,0.00,0.00,0.00,0,3.00,1,118.92,0,2,0,,0.00,0,0,3,0,0,1,0,4,37,1
"org.apache.http.conn.scheme.SuppressWarnings",8,0.50,2.25,51,0.61,25955.70,10,2,10,23,1,81.92,49,84,0,1,114.14,0.00,0.00,0.06,1,14.00,6,1837.71,0,4,1,java.lang.Object,0.00,15,0,18,0,15,4,2,11,371,2
"org.apache.http.conn.scheme.TestScheme",1,0.00,1.00,7,0.10,3029.06,1,0,2,5,0,132.68,3,10,0,1,112.06,0.00,0.00,0.00,0,1.00,1,314.49,0,0,0,java.lang.Object,0.00,4,0,1,0,4,1,0,1,70,1
"org.apache.http.conn.scheme.ThreadSafe",8,0.29,1.75,33,0.35,8286.19,9,1,6,20,0,74.67,72,49,0,1,124.67,0.00,0.00,0.75,2,0.00,2,1056.26,0,1,0,java.lang.Object,0.00,12,0,14,0,12,7,0,14,246,2
