Name, No. Methods, LCOM, AVCC, NOS, HBUG, HEFF, UWCS, INST, PACK, RFC, CBO, MI, CCML, NLOC, F-IN, DIT, MINC, S-R, R-R, COH, LMC, LCOM2, MAXCC, HVOL, HIER, NQU, FOUT, Superclass, SIX, EXT, NSUP, TCC, NSUB, MPC, NCO, INTR, CCOM, HLTH, MOD
"org.apache.jackrabbit.core.xml.AbstractSAXEventGenerator",11,0.04,2.09,88,1.37,72560.47,24,13,10,35,13,58.59,115,121,2,1,107.07,0.00,0.00,0.11,6,44.00,11,4120.20,0,0,11,java.lang.Object,0.00,24,0,23,2,24,11,0,34,765,1
"org.apache.jackrabbit.core.xml.DocViewImportHandler",5,0.25,3.60,58,0.95,61601.56,9,4,10,32,8,67.42,34,78,1,2,99.65,0.00,0.50,0.45,1,0.00,11,2859.10,0,0,7,org.xml.sax.helpers.DefaultHandler,0.00,27,1,18,0,27,5,0,15,510,0
"org.apache.jackrabbit.core.xml.DocViewSAXEventGenerator",7,0.11,3.86,98,1.64,99005.98,13,6,19,49,15,46.77,71,146,2,2,95.25,0.00,0.50,0.26,0,4.00,15,4933.89,0,0,13,org.apache.jackrabbit.core.xml.AbstractSAXEventGenerator,0.00,42,1,27,0,42,7,0,37,812,1
"org.apache.jackrabbit.core.xml.ImportHandler",11,0.08,1.82,63,0.82,28056.74,19,8,6,34,7,100.09,59,88,1,2,117.96,0.00,0.50,0.19,0,24.00,6,2452.88,0,0,7,org.xml.sax.helpers.DefaultHandler,0.00,23,1,20,0,23,11,0,27,511,1
"org.apache.jackrabbit.core.xml.SysViewImportHandler",5,0.43,12.00,168,3.07,257810.92,12,7,18,56,13,66.32,77,219,1,2,76.68,0.00,0.50,0.49,1,0.00,30,9207.95,0,0,12,org.xml.sax.helpers.DefaultHandler,0.00,51,1,60,0,51,5,0,62,1434,0
"org.apache.jackrabbit.core.xml.SysViewImportHandler$ImportState",0,0.00,0.00,7,0.05,506.67,6,6,18,0,2,171.00,0,8,0,1,171.00,0.00,0.00,0.00,0,0.00,0,160.00,0,0,2,java.lang.Object,0.00,0,0,0,0,0,0,0,0,40,0
"org.apache.jackrabbit.core.xml.SysViewSAXEventGenerator",7,0.23,2.86,87,1.49,93989.36,18,11,14,39,15,49.89,59,123,2,2,98.00,0.00,0.50,0.29,0,3.00,12,4476.68,0,0,13,org.apache.jackrabbit.core.xml.AbstractSAXEventGenerator,0.00,32,1,20,0,32,7,0,28,751,1
"org.apache.jackrabbit.core.xml.SysViewSAXEventGenerator$Writer",3,0.00,1.33,7,0.07,1447.36,3,0,14,6,0,138.57,2,12,0,1,138.57,0.00,0.00,0.00,0,3.00,2,205.45,0,0,0,java.lang.Object,0.00,3,0,4,0,3,3,0,2,52,0
"org.apache.jackrabbit.core.jndi.BindableRepository",10,0.04,1.10,38,0.40,7405.07,16,6,12,25,5,151.20,38,56,3,1,130.58,0.00,0.00,0.20,1,2.00,2,1203.95,0,6,3,java.lang.Object,0.00,15,0,11,0,15,4,3,18,289,0
"org.apache.jackrabbit.core.jndi.BindableRepositoryFactory",2,1.00,2.50,16,0.24,8116.22,3,1,7,12,1,60.58,16,27,1,1,108.69,0.00,0.00,0.50,0,2.00,4,731.93,0,1,1,java.lang.Object,0.00,10,0,5,0,10,1,1,5,144,1
"org.apache.jackrabbit.core.jndi.RegistryHelper",3,0.00,1.33,10,0.11,2229.24,3,0,3,7,3,88.24,22,20,2,1,130.53,0.00,0.00,0.00,0,3.00,2,321.88,0,0,1,java.lang.Object,0.00,4,0,4,0,4,3,0,4,75,1
"org.apache.jackrabbit.test.search.AbstractQueryTest",2,0.00,4.00,41,0.49,19532.30,2,0,3,16,4,46.60,22,43,3,4,90.73,1.00,0.43,0.00,1,0.00,5,1473.89,0,0,1,org.apache.jackrabbit.test.AbstractJCRTest,0.00,14,3,8,3,14,2,0,4,264,1
"org.apache.jackrabbit.test.search.FulltextQueryTest",6,0.00,1.00,69,1.19,28607.16,6,0,3,15,2,103.19,3,76,1,5,103.19,0.00,0.80,0.00,0,0.00,1,3570.84,1,0,1,org.apache.jackrabbit.test.search.AbstractQueryTest,0.00,9,4,6,0,9,6,0,1,657,1
"org.apache.jackrabbit.test.search.SelectClauseTest",3,0.00,1.00,57,0.97,35959.20,3,0,4,10,2,141.18,3,61,1,5,91.18,0.00,0.80,0.00,0,0.00,1,2910.95,1,0,1,org.apache.jackrabbit.test.search.AbstractQueryTest,0.00,7,4,3,0,7,3,0,1,527,1
"org.apache.jackrabbit.test.search.SimpleQueryTest",12,0.00,1.00,219,3.86,151131.04,12,0,4,27,2,91.89,7,232,1,5,91.89,0.00,0.80,0.00,0,0.00,1,11588.89,1,0,1,org.apache.jackrabbit.test.search.AbstractQueryTest,0.00,15,4,12,0,15,12,0,5,2073,1
"org.apache.jackrabbit.test.search.TestAll",1,0.00,1.00,7,0.06,1740.69,1,0,3,3,3,65.48,10,9,0,2,113.96,0.00,0.50,0.00,0,1.00,1,186.48,0,1,3,junit.framework.TestCase,0.00,2,1,1,0,2,0,0,2,47,1
"org.apache.jackrabbit.core.config.AbstractConfig",4,0.13,3.00,61,0.88,37454.98,14,10,14,29,5,47.50,35,74,4,1,95.60,0.00,0.00,0.20,0,4.00,5,2627.32,0,3,1,java.lang.Object,0.00,25,0,12,2,25,1,1,10,486,1
"org.apache.jackrabbit.core.config.PersistenceManagerConfig",3,0.17,1.33,21,0.23,3801.00,6,3,2,10,3,70.85,33,23,2,1,114.98,0.00,0.00,0.44,0,2.00,2,686.21,0,2,1,java.lang.Object,0.00,7,0,4,0,7,1,0,10,144,1
"org.apache.jackrabbit.core.config.RepositoryConfig",12,0.08,2.17,112,1.51,69264.05,26,14,15,51,7,57.13,129,142,4,2,105.61,0.00,0.50,0.14,2,58.00,8,4533.59,0,10,3,org.apache.jackrabbit.core.config.AbstractConfig,0.00,39,1,26,0,39,2,0,39,827,1
"org.apache.jackrabbit.core.config.SearchConfig",3,0.00,1.33,20,0.24,3972.69,5,2,8,12,4,69.22,25,22,2,1,117.32,0.00,0.00,0.50,0,2.00,2,711.56,0,2,2,java.lang.Object,0.00,9,0,4,0,9,1,0,10,145,1
"org.apache.jackrabbit.core.config.WorkspaceConfig",10,0.07,1.40,61,0.70,18355.42,23,13,11,32,14,66.20,99,81,10,2,116.19,0.00,0.50,0.14,1,58.00,3,2106.75,0,6,4,org.apache.jackrabbit.core.config.AbstractConfig,0.00,22,1,14,0,22,4,0,30,431,1
"org.apache.jackrabbit.core.virtual.VirtualItemStateProvider",4,0.00,1.00,5,0.03,136.87,4,0,6,4,10,179.53,15,6,4,2,158.92,0.00,0.50,0.00,0,4.00,1,86.07,0,3,6,,0.00,0,1,4,0,0,1,0,3,32,1
"org.apache.jackrabbit.core.virtual.VirtualNodeState",2,1.00,2.50,27,0.43,23726.91,3,1,7,13,12,97.39,9,33,4,3,97.15,1.50,0.33,0.50,0,2.00,4,1303.40,2,1,8,org.apache.jackrabbit.core.state.NodeState,0.00,11,2,5,3,11,1,0,3,254,1
"org.apache.jackrabbit.core.virtual.VirtualPropertyState",1,0.00,1.00,3,0.02,216.04,1,0,3,1,5,92.53,7,5,2,3,134.82,0.00,0.67,0.00,0,1.00,1,74.72,0,0,3,org.apache.jackrabbit.core.state.PropertyState,0.00,0,2,1,0,0,1,0,2,22,1
"org.apache.jackrabbit.core.search.jcrql.ASTAndExpr",3,0.00,1.00,7,0.05,490.78,3,0,0,4,4,192.34,3,11,3,2,142.34,0.00,0.50,0.00,0,3.00,1,151.60,0,1,3,org.apache.jackrabbit.core.search.jcrql.SimpleNode,0.00,1,1,3,0,1,2,0,1,46,1
"org.apache.jackrabbit.core.search.jcrql.ASTBracketExpr",3,0.00,1.00,7,0.05,490.78,3,0,0,4,4,192.34,3,11,3,2,142.34,0.00,0.50,0.00,0,3.00,1,151.60,0,1,3,org.apache.jackrabbit.core.search.jcrql.SimpleNode,0.00,1,1,3,0,1,2,0,1,46,1
"org.apache.jackrabbit.core.search.jcrql.ASTFromClause",3,0.00,1.00,7,0.05,490.78,3,0,0,4,4,192.34,3,11,3,2,142.34,0.00,0.50,0.00,0,3.00,1,151.60,0,1,3,org.apache.jackrabbit.core.search.jcrql.SimpleNode,0.00,1,1,3,0,1,2,0,1,46,1
"org.apache.jackrabbit.core.search.jcrql.ASTLocationClause",7,0.42,1.00,17,0.11,1129.61,9,2,0,8,4,142.38,3,25,3,2,142.38,0.00,0.50,0.14,0,17.00,1,331.40,0,2,3,org.apache.jackrabbit.core.search.jcrql.SimpleNode,0.00,1,1,7,0,1,5,0,1,98,1
"org.apache.jackrabbit.core.search.jcrql.ASTNodeType",5,1.00,1.00,12,0.08,818.27,6,1,0,6,4,142.34,3,18,3,2,142.34,0.00,0.50,0.20,0,8.00,1,241.61,0,2,3,org.apache.jackrabbit.core.search.jcrql.SimpleNode,0.00,1,1,5,0,1,3,0,1,72,1
"org.apache.jackrabbit.core.search.jcrql.ASTNotExpr",3,0.00,1.00,7,0.05,490.78,3,0,0,4,4,192.34,3,11,3,2,142.34,0.00,0.50,0.00,0,3.00,1,151.60,0,1,3,org.apache.jackrabbit.core.search.jcrql.SimpleNode,0.00,1,1,3,0,1,2,0,1,46,1
"org.apache.jackrabbit.core.search.jcrql.ASTOrExpr",3,0.00,1.00,7,0.05,490.78,3,0,0,4,4,192.34,3,11,3,2,142.34,0.00,0.50,0.00,0,3.00,1,151.60,0,1,3,org.apache.jackrabbit.core.search.jcrql.SimpleNode,0.00,1,1,3,0,1,2,0,1,46,1
"org.apache.jackrabbit.core.search.jcrql.ASTOrderClause",7,0.33,1.00,17,0.14,1765.50,9,2,2,12,4,140.86,3,25,3,2,140.86,0.00,0.50,0.21,0,18.00,1,421.37,0,2,3,org.apache.jackrabbit.core.search.jcrql.SimpleNode,0.00,5,1,7,0,5,5,0,1,118,1
"org.apache.jackrabbit.core.search.jcrql.ASTRelExpr",7,0.42,1.00,17,0.11,1129.61,9,2,0,8,4,142.38,3,25,3,2,142.38,0.00,0.50,0.14,0,17.00,1,331.40,0,2,3,org.apache.jackrabbit.core.search.jcrql.SimpleNode,0.00,1,1,7,0,1,5,0,1,98,1
"org.apache.jackrabbit.core.search.jcrql.ASTSelectClause",5,0.75,1.00,12,0.11,1368.95,6,1,2,10,4,140.58,3,18,3,2,140.58,0.00,0.50,0.40,0,7.00,1,319.59,0,2,3,org.apache.jackrabbit.core.search.jcrql.SimpleNode,0.00,5,1,5,0,5,3,0,1,90,1
"org.apache.jackrabbit.core.search.jcrql.ASTStatement",3,0.00,1.00,7,0.05,490.78,3,0,0,4,4,192.34,3,11,3,2,142.34,0.00,0.50,0.00,0,3.00,1,151.60,0,1,3,org.apache.jackrabbit.core.search.jcrql.SimpleNode,0.00,1,1,3,0,1,2,0,1,46,1
"org.apache.jackrabbit.core.search.jcrql.ASTTextsearchClause",5,1.00,1.00,12,0.08,818.27,6,1,0,6,4,142.34,3,18,3,2,142.34,0.00,0.50,0.20,0,8.00,1,241.61,0,2,3,org.apache.jackrabbit.core.search.jcrql.SimpleNode,0.00,1,1,5,0,1,3,0,1,72,1
"org.apache.jackrabbit.core.search.jcrql.ASTValue",8,0.29,1.00,19,0.13,1418.97,10,2,0,9,4,142.06,3,28,3,2,142.06,0.00,0.50,0.25,0,18.00,1,403.74,1,3,3,org.apache.jackrabbit.core.search.jcrql.SimpleNode,0.09,1,1,8,0,1,5,0,1,117,1
"org.apache.jackrabbit.core.search.jcrql.ASTWhereClause",3,0.00,1.00,7,0.05,490.78,3,0,0,4,4,192.34,3,11,3,2,142.34,0.00,0.50,0.00,0,3.00,1,151.60,0,1,3,org.apache.jackrabbit.core.search.jcrql.SimpleNode,0.00,1,1,3,0,1,2,0,1,46,1
"org.apache.jackrabbit.core.search.jcrql.JCRQLParser",41,0.15,7.05,862,10.32,802468.86,56,15,1,97,25,87.43,29,1378,17,1,87.43,0.00,0.00,0.21,14,0.00,22,30967.01,0,12,22,java.lang.Object,0.00,56,0,289,0,56,29,2,15,5408,1
"org.apache.jackrabbit.core.search.jcrql.JCRQLParserConstants",0,0.00,0.00,57,1.03,12077.10,56,56,0,0,2,171.00,0,126,2,1,171.00,0.00,0.00,0.00,0,0.00,0,3083.52,0,0,0,,0.00,0,0,0,0,0,0,0,0,409,1
"org.apache.jackrabbit.core.search.jcrql.JCRQLParserTokenManager",32,0.05,14.53,1062,17.42,3443767.85,89,57,0,43,5,74.12,0,1757,1,1,74.12,0.00,0.00,0.06,19,288.00,332,52246.95,0,2,4,java.lang.Object,0.00,11,0,465,0,11,30,1,0,7723,1
"org.apache.jackrabbit.core.search.jcrql.JCRQLParserTreeConstants",0,0.00,0.00,17,0.25,2943.54,16,16,0,0,2,171.00,0,34,2,1,171.00,0.00,0.00,0.00,0,0.00,0,763.14,0,0,0,,0.00,0,0,0,0,0,0,0,0,132,1
"org.apache.jackrabbit.core.search.jcrql.JCRQLParserVisitor",15,0.00,1.00,16,0.14,741.00,15,0,0,15,17,157.66,0,17,17,1,157.66,0.00,0.00,0.00,0,15.00,1,413.00,0,15,15,,0.00,0,0,15,0,0,0,0,0,139,1
"org.apache.jackrabbit.core.search.jcrql.JCRQLQueryBuilder",18,0.47,1.44,93,1.11,31272.01,20,2,4,62,31,119.33,15,129,2,1,119.33,0.00,0.00,0.06,0,34.00,6,3328.74,0,17,29,java.lang.Object,0.00,44,0,26,0,44,1,1,13,724,1
"org.apache.jackrabbit.core.search.jcrql.JJTJCRQLParserState",12,0.31,1.42,62,0.54,8821.02,17,5,0,24,2,162.16,24,80,1,1,122.28,0.00,0.00,0.48,3,0.00,3,1617.12,0,3,1,java.lang.Object,0.00,12,0,17,0,12,9,0,11,378,0
"org.apache.jackrabbit.core.search.jcrql.Node",8,0.00,1.00,9,0.05,232.01,8,0,0,8,4,180.10,29,10,3,1,159.48,0.00,0.00,0.00,0,8.00,1,149.27,0,3,1,,0.00,0,0,8,0,0,5,0,8,56,1
"org.apache.jackrabbit.core.search.jcrql.ParseException",5,0.30,3.20,90,1.00,70420.91,10,5,0,13,3,53.68,62,108,2,2,91.24,0.00,0.50,0.44,0,0.00,10,2991.26,1,2,1,java.lang.Exception,0.00,8,1,16,0,8,3,0,10,540,1
"org.apache.jackrabbit.core.search.jcrql.SimpleCharStream",28,0.14,2.07,209,2.39,155713.47,43,15,0,36,2,109.82,15,280,2,1,109.82,0.00,0.00,0.20,6,0.00,10,7172.58,0,1,0,java.lang.Object,0.00,8,0,58,0,8,27,0,4,1471,1
"org.apache.jackrabbit.core.search.jcrql.SimpleNode",14,0.08,1.57,52,0.45,12567.93,18,4,0,19,20,129.84,13,67,17,1,129.84,0.00,0.00,0.18,1,86.00,4,1351.11,0,6,4,java.lang.Object,0.00,5,0,22,14,5,8,1,4,324,1
"org.apache.jackrabbit.core.search.jcrql.Token",2,0.12,1.00,11,0.07,920.78,10,8,0,3,4,173.95,51,16,4,1,123.96,0.00,0.00,0.06,0,2.00,1,221.36,0,2,0,java.lang.Object,0.00,1,0,2,0,1,0,0,8,59,1
"org.apache.jackrabbit.core.search.jcrql.TokenMgrError",6,0.20,1.50,48,0.65,33386.70,11,5,0,14,1,65.43,47,69,1,2,107.73,0.00,0.50,0.03,1,10.00,3,1938.57,1,3,0,java.lang.Error,0.00,8,1,9,0,8,3,0,10,371,1
"org.apache.jackrabbit.core.state.tx.DefaultTransactionalStore",4,0.67,1.00,11,0.09,1118.79,5,1,2,7,7,108.28,26,17,1,1,140.50,0.00,0.00,0.50,0,4.00,1,260.86,0,2,6,java.lang.Object,0.00,3,0,4,0,3,2,1,8,73,1
"org.apache.jackrabbit.core.state.tx.DefaultTransactionalStore$Update",7,0.67,1.71,39,0.47,8635.58,8,1,2,38,7,102.59,37,56,0,1,120.46,0.00,0.00,0.43,2,8.00,3,1417.83,0,2,7,java.lang.Object,0.00,31,0,12,0,31,5,1,9,320,0
"org.apache.jackrabbit.core.state.tx.PlaybackListener",3,0.00,1.00,4,0.03,175.93,3,0,0,3,3,114.78,21,5,2,1,157.08,0.00,0.00,0.00,0,3.00,1,90.34,0,0,1,,0.00,0,0,3,0,0,3,0,4,30,0
"org.apache.jackrabbit.core.state.tx.Transaction",9,2.00,1.00,12,0.09,650.34,11,2,0,9,9,114.07,68,13,8,1,156.36,0.00,0.00,0.00,0,9.00,1,267.15,0,1,2,,0.00,0,0,9,0,0,8,0,12,87,1
"org.apache.jackrabbit.core.state.tx.TransactionException",3,0.00,1.00,7,0.04,296.18,3,0,1,3,9,101.77,21,11,8,3,144.07,0.00,0.67,0.00,0,3.00,1,118.69,0,0,1,org.apache.jackrabbit.core.BaseException,0.00,0,2,3,0,0,3,0,4,39,1
"org.apache.jackrabbit.core.state.tx.TransactionImpl",32,0.01,2.34,262,3.33,102234.91,45,13,8,123,20,91.65,172,341,3,1,109.52,0.00,0.00,0.09,15,492.00,9,9998.25,0,12,19,java.lang.Object,0.00,91,0,75,0,91,20,2,49,1995,0
"org.apache.jackrabbit.core.state.tx.TransactionListener",2,0.00,1.00,3,0.02,70.95,2,0,0,2,4,110.69,16,4,4,1,158.79,0.00,0.00,0.00,0,2.00,1,47.30,0,0,1,,0.00,0,0,2,0,0,2,0,3,18,1
"org.apache.jackrabbit.core.state.tx.TransactionLog",11,0.05,2.55,80,0.79,22951.95,13,2,3,29,3,80.90,71,119,1,1,113.12,0.00,0.00,0.55,2,0.00,8,2378.38,0,1,2,java.lang.Object,0.00,18,0,28,0,18,10,0,14,501,0
"org.apache.jackrabbit.core.state.tx.TransactionManager",8,0.10,1.50,46,0.50,12753.85,11,3,5,23,7,71.14,81,58,2,1,119.61,0.00,0.00,0.25,2,20.00,2,1503.71,0,5,5,java.lang.Object,0.00,15,0,12,0,15,3,1,13,333,1
"org.apache.jackrabbit.core.state.tx.TransactionalItemStateManager",15,0.17,1.33,61,0.61,14148.67,18,3,6,34,17,107.18,87,91,1,2,125.05,0.00,0.50,0.18,1,87.00,3,1818.16,3,8,16,org.apache.jackrabbit.core.state.ItemStateCache,0.00,19,1,20,0,19,7,2,21,419,1
"org.apache.jackrabbit.core.state.tx.TransactionalNodeState",6,0.80,2.50,33,0.32,6062.33,7,1,3,8,7,72.95,51,62,2,4,121.06,0.00,0.75,0.33,0,0.00,4,962.92,3,0,6,org.apache.jackrabbit.core.state.PersistentNodeState,0.09,2,3,15,0,2,6,0,8,218,0
"org.apache.jackrabbit.core.state.tx.TransactionalPropertyState",6,0.80,2.50,33,0.33,6135.46,7,1,4,8,8,78.72,43,63,2,4,121.02,0.00,0.75,0.33,0,0.00,4,978.98,3,0,7,org.apache.jackrabbit.core.state.PersistentPropertyState,0.14,2,3,15,0,2,6,0,8,221,0
"org.apache.jackrabbit.core.state.tx.TransactionalStore",3,0.00,1.00,5,0.03,159.86,3,0,4,3,9,115.11,22,7,5,1,157.40,0.00,0.00,0.00,0,3.00,1,87.75,0,2,4,,0.00,0,0,3,0,0,1,0,5,31,1
"org.apache.jackrabbit.core.state.tx.TransactionalStore$Update",3,0.00,1.00,4,0.03,176.64,3,0,4,3,2,124.84,18,5,0,1,157.06,0.00,0.00,0.00,0,3.00,1,88.32,0,0,2,,0.00,0,0,3,0,0,3,0,3,30,2
"org.apache.jackrabbit.core.state.tx.XASessionImpl",22,0.04,2.32,142,1.58,49645.39,30,8,11,40,15,73.08,157,200,2,2,115.37,0.00,0.50,0.16,4,178.00,9,4737.88,8,7,14,org.apache.jackrabbit.core.SessionImpl,0.12,18,1,51,0,18,15,2,34,981,1
"org.apache.jackrabbit.core.state.tx.XASessionImpl$EventDispatcher",3,1.00,1.00,7,0.05,457.94,4,1,11,4,3,110.35,18,11,0,1,142.57,0.00,0.00,0.33,0,4.00,1,142.54,0,0,3,java.lang.Object,0.00,1,0,3,0,1,3,1,4,43,1
"org.apache.jackrabbit.core.AccessManager",2,2.00,1.00,5,0.06,514.67,4,2,3,2,9,140.32,32,8,8,1,140.79,0.00,0.00,0.00,0,2.00,1,172.53,0,0,1,,0.00,0,0,2,0,0,2,0,5,47,1
"org.apache.jackrabbit.core.AccessManagerImpl",3,2.00,1.00,8,0.09,1273.94,5,2,5,4,12,106.85,19,15,9,1,139.08,0.00,0.00,0.00,0,3.00,1,262.13,0,0,3,java.lang.Object,0.00,1,0,3,1,1,3,1,8,67,1
"org.apache.jackrabbit.core.BLOBFileValue",17,0.06,2.88,129,1.42,49401.80,23,6,9,53,12,79.74,108,195,10,1,111.96,0.00,0.00,0.23,3,41.00,6,4245.12,0,4,2,java.lang.Object,0.00,36,0,49,0,36,13,1,39,880,1
"org.apache.jackrabbit.core.BaseException",10,0.67,1.40,35,0.24,5730.96,11,1,2,12,11,89.11,71,51,11,2,131.40,11.00,0.08,0.40,2,18.00,3,718.23,2,3,0,java.lang.Exception,0.00,2,1,14,11,2,7,0,12,193,2
"org.apache.jackrabbit.core.CachingHierarchyManager",11,0.04,1.45,52,0.57,20605.34,16,5,6,25,7,122.92,51,72,1,1,122.68,0.00,0.00,0.24,2,0.00,4,1701.93,0,8,6,java.lang.Object,0.00,14,0,16,0,14,3,1,17,392,1
"org.apache.jackrabbit.core.HierarchyManager",8,0.00,1.00,9,0.10,712.12,8,0,3,8,17,123.43,52,11,13,1,155.65,0.00,0.00,0.00,0,8.00,1,307.98,0,7,4,,0.00,0,0,8,0,0,1,0,9,91,1
"org.apache.jackrabbit.core.HierarchyManagerImpl",13,0.04,5.38,280,4.55,349150.71,17,4,6,84,18,38.31,106,361,2,1,86.41,0.00,0.00,0.29,5,0.00,13,13652.81,0,10,16,java.lang.Object,0.00,71,0,70,0,71,3,1,57,2298,1
"org.apache.jackrabbit.core.IllegalNameException",4,0.00,1.00,9,0.05,332.37,4,0,0,4,14,112.43,27,14,13,3,144.65,0.00,0.67,0.00,0,4.00,1,136.79,0,0,1,org.apache.jackrabbit.core.BaseException,0.00,0,2,4,0,0,4,0,5,46,1
"org.apache.jackrabbit.core.InternalValue",33,0.09,1.52,166,2.35,88656.60,35,2,9,81,46,118.06,132,261,35,1,117.83,0.00,0.00,0.41,1,86.00,7,7050.42,0,21,11,java.lang.Object,0.00,48,0,50,0,48,12,0,29,1425,1
"org.apache.jackrabbit.core.ItemId",2,0.50,1.00,6,0.04,572.65,4,2,1,2,31,101.63,13,8,31,1,133.86,0.00,0.00,0.25,0,2.00,1,127.08,0,0,0,java.lang.Object,0.00,0,0,2,2,0,2,1,2,35,2
"org.apache.jackrabbit.core.ItemImpl",43,0.04,3.86,599,8.90,710658.24,62,19,17,200,41,47.44,470,794,13,1,95.92,0.00,0.00,0.09,19,726.00,27,26690.08,1,13,35,java.lang.Object,0.00,157,0,166,4,157,30,2,222,4475,2
"org.apache.jackrabbit.core.ItemLifeCycleListener",4,0.00,1.00,5,0.03,156.54,4,0,0,4,8,109.98,41,6,7,1,158.46,0.00,0.00,0.00,0,4.00,1,104.36,0,0,2,,0.00,0,0,4,0,0,4,0,5,36,1
"org.apache.jackrabbit.core.ItemManager",31,0.08,2.94,293,4.13,148580.89,39,8,13,103,34,58.07,255,404,17,1,106.17,0.00,0.00,0.21,11,34.00,8,12378.94,0,16,22,java.lang.Object,0.00,72,0,91,0,72,15,1,92,2312,1
"org.apache.jackrabbit.core.LazyItemIterator",9,0.04,1.67,36,0.33,7534.34,12,3,4,18,3,175.41,16,53,2,1,125.41,0.00,0.00,0.30,1,12.00,5,981.87,0,3,2,java.lang.Object,0.00,9,0,15,0,9,6,2,8,232,1
"org.apache.jackrabbit.core.MalformedPathException",4,0.00,1.00,9,0.05,332.37,4,0,0,4,19,112.43,27,14,18,3,144.65,0.00,0.67,0.00,0,4.00,1,136.79,0,0,1,org.apache.jackrabbit.core.BaseException,0.00,0,2,4,0,0,4,0,5,46,1
"org.apache.jackrabbit.core.NamespaceRegistryImpl",10,0.12,2.60,135,1.89,75752.29,33,23,12,43,23,50.57,81,175,20,1,98.68,0.00,0.00,0.15,2,0.00,8,5668.31,0,5,3,java.lang.Object,0.00,33,0,26,0,33,5,2,47,1061,1
"org.apache.jackrabbit.core.NamespaceResolver",2,0.00,1.00,3,0.02,147.00,2,0,1,2,26,108.20,17,4,26,1,156.30,0.00,0.00,0.00,0,2.00,1,62.00,0,2,0,,0.00,0,0,2,0,0,0,0,3,22,1
"org.apache.jackrabbit.core.NoPrefixDeclaredException",4,0.00,1.00,9,0.05,332.37,4,0,0,4,26,112.43,27,14,25,3,144.65,0.00,0.67,0.00,0,4.00,1,136.79,0,0,1,org.apache.jackrabbit.core.BaseException,0.00,0,2,4,0,0,4,0,5,46,1
"org.apache.jackrabbit.core.NodeId",7,0.25,1.71,28,0.20,4152.27,9,2,0,11,34,166.47,19,41,33,2,126.58,0.00,0.50,0.29,0,3.00,3,609.53,0,3,1,org.apache.jackrabbit.core.ItemId,0.22,4,1,12,0,4,4,0,4,155,1
"org.apache.jackrabbit.core.NodeImpl",108,0.10,3.50,1288,19.15,1025223.38,112,4,17,368,55,52.44,877,1770,16,2,100.54,2.00,0.25,0.15,39,3594.00,24,57460.16,8,24,46,org.apache.jackrabbit.core.ItemImpl,0.09,260,1,378,2,260,84,1,425,10109,1
"org.apache.jackrabbit.core.Path",28,0.02,3.64,312,3.62,219121.22,35,7,7,81,30,57.07,309,375,26,1,101.20,0.00,0.00,0.16,8,78.00,15,10860.30,0,13,4,java.lang.Object,0.00,53,0,102,0,53,15,0,77,2076,2
"org.apache.jackrabbit.core.Path$CurrentElement",3,0.00,1.00,8,0.05,502.44,4,1,7,3,3,142.26,2,12,0,2,142.26,0.00,0.50,1.00,0,0.00,1,159.07,0,2,3,org.apache.jackrabbit.core.PathElement,0.00,0,1,3,0,0,1,0,2,46,2
"org.apache.jackrabbit.core.Path$ParentElement",3,0.00,1.00,8,0.05,502.44,4,1,7,3,3,142.26,2,12,0,2,142.26,0.00,0.50,1.00,0,0.00,1,159.07,0,2,3,org.apache.jackrabbit.core.PathElement,0.00,0,1,3,0,0,1,0,2,46,2
"org.apache.jackrabbit.core.Path$PathBuilder",14,0.08,1.36,50,0.53,15099.45,15,1,7,29,3,129.25,2,64,0,1,129.25,0.00,0.00,0.93,1,0.00,5,1584.29,0,1,3,java.lang.Object,0.00,15,0,19,0,15,13,1,2,371,3
"org.apache.jackrabbit.core.Path$PathElement",12,0.18,2.25,78,0.90,37818.89,14,2,7,31,3,154.12,25,106,0,1,114.24,0.00,0.00,0.33,1,34.00,9,2710.73,0,4,3,java.lang.Object,0.00,19,0,27,0,19,8,0,11,560,2
"org.apache.jackrabbit.core.Path$RootElement",4,1.00,1.00,10,0.06,562.44,5,1,7,4,3,192.86,4,15,0,2,142.86,0.00,0.50,0.25,0,6.00,1,183.07,0,2,3,org.apache.jackrabbit.core.PathElement,0.00,0,1,4,0,0,2,0,4,54,2
"org.apache.jackrabbit.core.PropertyId",8,0.00,1.88,43,0.41,13126.78,11,3,0,18,26,159.35,19,60,24,2,119.46,0.00,0.50,0.33,0,2.00,3,1219.03,0,4,2,org.apache.jackrabbit.core.ItemId,0.20,10,1,15,0,10,4,0,4,280,1
"org.apache.jackrabbit.core.PropertyImpl",35,0.01,4.54,518,7.20,352284.10,37,2,15,107,20,48.27,282,679,5,2,96.38,0.00,0.50,0.49,4,0.00,11,21613.02,3,13,18,org.apache.jackrabbit.core.ItemImpl,0.18,72,1,159,0,72,22,1,186,3856,1
"org.apache.jackrabbit.core.QName",12,0.05,2.50,92,1.04,42798.57,18,6,4,35,82,69.00,91,127,78,1,111.29,0.00,0.00,0.21,1,38.00,5,3115.86,1,7,4,java.lang.Object,0.00,23,0,30,0,23,5,3,28,643,1
"org.apache.jackrabbit.core.RepositoryImpl",24,0.09,3.25,292,4.17,201868.63,53,29,26,115,28,51.46,201,402,10,1,99.57,0.00,0.00,0.12,5,0.00,17,12503.00,0,16,22,java.lang.Object,0.00,91,0,78,0,91,8,3,89,2129,1
"org.apache.jackrabbit.core.RepositoryImpl$Thread",1,0.00,1.00,3,0.01,56.92,1,0,26,2,0,139.38,0,4,0,1,139.38,0.00,0.00,0.00,0,1.00,1,30.46,0,0,0,java.lang.Object,0.00,1,0,1,0,1,1,0,0,12,0
"org.apache.jackrabbit.core.RepositoryImpl$WorkspaceInfo",11,0.11,2.73,90,0.92,30951.52,18,7,26,40,14,61.81,96,128,0,1,109.92,0.00,0.00,0.25,2,0.00,9,2772.75,0,7,14,java.lang.Object,0.00,29,0,30,0,29,4,0,31,562,0
"org.apache.jackrabbit.core.SearchManager",11,0.18,3.45,134,2.05,110942.54,19,8,25,78,31,81.06,55,182,5,1,98.93,0.00,0.00,0.28,2,0.00,16,6163.19,0,0,26,java.lang.Object,0.00,67,0,38,0,67,11,1,31,1076,1
"org.apache.jackrabbit.core.SessionImpl",43,0.03,2.67,371,5.17,389503.34,61,18,23,150,43,63.63,302,507,26,1,105.93,0.00,0.00,0.08,4,1021.00,28,15511.99,0,13,26,java.lang.Object,0.00,107,0,115,2,107,30,1,128,2769,1
"org.apache.jackrabbit.core.SessionImpl$TransientNamespaceMappings",5,0.50,4.20,60,0.78,41729.93,9,4,23,28,2,57.24,36,82,0,1,99.53,0.00,0.00,0.65,0,0.00,9,2332.59,0,3,2,java.lang.Object,0.00,23,0,21,0,23,2,1,32,465,0
"org.apache.jackrabbit.core.SessionListener",1,0.00,1.00,2,0.01,41.48,1,0,0,1,2,109.47,12,3,2,1,147.03,0.00,0.00,0.00,0,1.00,1,27.65,0,0,1,,0.00,0,0,1,0,0,1,0,2,11,1
"org.apache.jackrabbit.core.SystemSession",1,1.00,1.00,7,0.08,1200.50,3,2,5,3,4,66.75,10,10,2,2,115.23,0.00,0.50,0.50,0,0.00,1,236.87,0,0,3,org.apache.jackrabbit.core.SessionImpl,0.00,2,1,1,0,2,1,0,3,56,0
"org.apache.jackrabbit.core.SystemSession$SystemAccessManqager",3,0.00,1.00,6,0.05,362.21,3,0,5,3,3,163.99,9,13,0,2,143.38,0.00,0.50,0.00,0,3.00,1,154.80,0,0,3,org.apache.jackrabbit.core.AccessManagerImpl,0.00,0,1,3,0,0,3,0,5,45,1
"org.apache.jackrabbit.core.Test",3,0.50,6.67,169,3.43,328027.93,5,2,17,74,4,99.06,60,186,0,1,65.67,0.00,0.00,0.17,2,4.00,15,10290.60,0,0,4,java.lang.Object,0.00,71,0,20,0,71,3,0,12,1381,1
"org.apache.jackrabbit.core.Test$TraversingItemVisitor.Default",2,0.00,4.50,31,0.43,22435.80,2,0,17,16,0,94.89,0,37,0,1,94.89,0.00,0.00,0.00,0,2.00,7,1275.86,1,0,0,java.lang.Object,0.00,14,0,9,0,14,2,0,0,231,0
"org.apache.jackrabbit.core.UnknownPrefixException",4,0.00,1.00,9,0.05,332.37,4,0,0,4,13,112.43,27,14,12,3,144.65,0.00,0.67,0.00,0,4.00,1,136.79,0,0,1,org.apache.jackrabbit.core.BaseException,0.00,0,2,4,0,0,4,0,5,46,1
"org.apache.jackrabbit.core.WorkspaceImpl",33,0.08,2.79,358,6.16,315612.65,42,9,26,142,38,53.64,335,559,4,1,102.12,0.00,0.00,0.19,11,165.00,9,18492.73,0,6,36,java.lang.Object,0.00,109,0,92,0,109,27,1,107,3196,1
"org.apache.jackrabbit.test.AbstractJCRTest",3,0.38,5.00,68,0.88,33582.76,16,13,5,23,7,51.11,37,79,4,3,88.67,6.50,0.12,0.33,0,0.00,8,2633.83,0,1,3,org.apache.jackrabbit.test.JUnitTest,0.00,20,2,15,13,20,2,0,17,485,2
"org.apache.jackrabbit.test.JUnitTest",0,0.00,0.00,3,0.05,1456.80,2,2,2,2,2,171.00,9,4,1,2,171.00,14.00,0.06,0.00,0,0.00,0,142.62,0,0,1,junit.framework.TestCase,0.00,2,1,0,14,2,0,0,3,33,2
"org.apache.jackrabbit.test.JackrabbitRepositoryStub",2,0.50,2.00,20,0.26,8300.64,6,4,6,10,3,94.69,30,26,0,2,105.05,0.00,0.50,0.50,0,2.00,3,770.88,0,1,3,org.apache.jackrabbit.test.RepositoryStub,0.22,8,1,4,0,8,1,0,8,153,1
"org.apache.jackrabbit.test.LogPrintWriter",12,0.12,1.25,44,0.36,5154.91,15,3,5,21,1,132.65,52,61,1,2,132.42,0.00,0.50,0.22,1,22.00,3,1069.76,2,0,0,java.io.PrintWriter,0.00,9,1,15,0,9,12,0,15,271,1
"org.apache.jackrabbit.test.LogPrintWriter$NullWriter",3,0.00,1.00,4,0.04,273.44,3,0,5,3,0,205.57,3,8,0,2,155.57,0.00,0.50,0.00,0,3.00,1,110.76,0,0,0,java.io.Writer,0.00,0,1,3,0,0,3,0,3,35,2
"org.apache.jackrabbit.test.RepositoryHelper",5,0.00,2.00,25,0.30,7643.83,5,0,3,13,3,119.69,3,41,1,1,119.69,0.00,0.00,0.00,0,5.00,2,903.41,0,5,2,java.lang.Object,0.00,8,0,10,0,8,0,0,1,201,1
"org.apache.jackrabbit.test.RepositoryStub",7,0.09,3.14,72,1.18,66505.38,27,20,10,25,5,57.98,82,102,4,1,102.11,0.00,0.00,0.13,0,21.00,15,3525.21,0,6,1,java.lang.Object,0.00,18,0,22,1,18,1,0,8,626,2
"org.apache.jackrabbit.test.RepositoryStubException",1,0.00,1.00,3,0.02,106.02,1,0,0,1,3,157.87,3,5,3,2,137.25,0.00,0.50,0.00,0,1.00,1,45.51,0,0,0,java.lang.Exception,0.00,0,1,1,0,0,1,0,1,16,1
"org.apache.jackrabbit.core.state.xml.XMLPersistenceManager",22,0.13,5.00,486,8.27,500068.70,51,29,18,146,22,54.03,134,641,0,1,86.25,0.00,0.00,0.16,6,0.00,15,24801.67,0,5,22,java.lang.Object,0.00,124,0,110,0,124,17,1,88,4000,1
"org.apache.jackrabbit.core.search.lucene.AbstractIndex",12,0.13,2.25,78,0.72,19127.51,21,9,9,26,2,116.57,10,109,2,1,116.57,0.00,0.00,0.23,3,0.00,7,2164.29,0,4,0,java.lang.Object,0.00,14,0,27,2,14,8,0,2,489,1
"org.apache.jackrabbit.core.search.lucene.DateField",5,0.12,1.80,34,0.43,14282.50,9,4,1,15,2,72.33,36,44,2,1,114.62,0.00,0.00,0.15,2,7.00,5,1285.31,0,3,0,java.lang.Object,0.00,10,0,9,0,10,2,0,11,274,0
"org.apache.jackrabbit.core.search.lucene.DoubleField",3,0.25,2.67,30,0.43,23099.17,5,2,0,14,2,103.10,13,39,2,1,102.87,0.00,0.00,0.33,0,4.00,4,1299.83,0,1,0,java.lang.Object,0.00,11,0,8,0,11,2,0,9,256,0
"org.apache.jackrabbit.core.search.lucene.FieldNames",0,0.00,0.00,7,0.08,1210.08,6,6,0,0,5,171.00,4,8,5,1,171.00,0.00,0.00,0.00,0,0.00,0,254.75,0,0,0,java.lang.Object,0.00,0,0,0,0,0,0,0,1,58,1
"org.apache.jackrabbit.core.search.lucene.FileSystemDirectory",13,0.22,2.62,78,0.95,26606.40,16,3,11,33,8,83.46,80,123,3,2,115.68,0.00,0.50,0.54,0,0.00,5,2845.78,0,5,5,org.apache.lucene.store.Directory,0.00,20,1,34,0,20,8,0,19,604,0
"org.apache.jackrabbit.core.search.lucene.FileSystemDirectory$Lock",4,0.00,2.00,22,0.20,3895.34,4,0,11,11,2,171.23,4,35,0,1,121.23,0.00,0.00,0.00,0,4.00,3,599.67,0,1,2,java.lang.Object,0.00,7,0,8,0,7,3,0,4,136,0
"org.apache.jackrabbit.core.search.lucene.FileSystemInputStream",6,0.13,3.00,56,0.59,28600.48,9,3,4,12,4,58.08,49,79,2,2,106.19,0.00,0.50,0.44,1,2.00,5,1756.11,1,1,2,org.apache.lucene.store.InputStream,0.00,6,1,18,0,6,5,0,13,365,0
"org.apache.jackrabbit.core.search.lucene.FileSystemOutputStream",5,0.12,1.40,21,0.20,3524.57,7,2,5,13,4,126.04,4,31,1,2,126.04,0.00,0.50,0.40,0,5.00,2,586.87,2,0,3,org.apache.lucene.store.OutputStream,0.00,8,1,7,0,8,5,0,1,147,0
"org.apache.jackrabbit.core.search.lucene.FilteredPropertyIterator",8,0.00,1.38,29,0.26,5562.87,12,4,6,13,1,130.75,3,43,1,1,130.75,0.00,0.00,0.25,1,12.00,3,765.87,0,2,0,java.lang.Object,0.00,5,0,11,0,5,6,1,2,185,0
"org.apache.jackrabbit.core.search.lucene.FilteredScorer",3,0.00,1.33,18,0.16,2430.96,7,4,7,8,2,81.44,38,23,1,2,119.00,0.00,0.50,0.25,0,1.00,2,476.86,0,1,1,org.apache.lucene.search.Scorer,0.00,5,1,4,0,5,2,0,9,117,0
"org.apache.jackrabbit.core.search.lucene.FilteredScorer$FilteredHitCollector",3,0.25,1.33,10,0.08,815.21,5,2,7,5,0,83.97,29,15,0,2,133.97,0.00,0.50,0.67,0,0.00,2,230.06,0,0,0,org.apache.lucene.search.HitCollector,0.00,2,1,4,0,2,3,0,7,64,1
"org.apache.jackrabbit.core.search.lucene.LocationStepQuery",1,0.00,1.00,3,0.01,116.47,1,0,1,1,0,176.82,2,5,0,2,136.93,0.00,0.50,0.00,0,1.00,1,43.31,0,1,0,org.apache.lucene.search.Query,0.00,0,1,1,0,0,0,0,1,15,0
"org.apache.jackrabbit.core.search.lucene.LongField",3,1.00,2.67,28,0.36,19368.12,4,1,0,12,2,105.41,14,38,2,1,105.18,0.00,0.00,0.33,0,4.00,4,1087.53,0,1,0,java.lang.Object,0.00,9,0,8,0,9,2,0,13,223,0
"org.apache.jackrabbit.core.search.lucene.LuceneQueryBuilder",14,0.05,4.21,206,3.02,143329.12,20,6,23,84,29,96.34,13,270,2,1,96.34,0.00,0.00,0.21,0,38.00,14,9070.36,0,13,27,java.lang.Object,0.00,70,0,59,0,70,1,1,12,1604,1
"org.apache.jackrabbit.core.search.lucene.MatchAllQuery",3,1.00,1.33,10,0.08,1056.56,4,1,3,6,2,90.79,23,15,1,2,133.08,0.00,0.50,0.33,0,4.00,2,230.02,0,2,1,org.apache.lucene.search.Query,0.00,3,1,4,0,3,1,0,4,62,0
"org.apache.jackrabbit.core.search.lucene.MatchAllScorer",4,0.28,2.75,39,0.46,15656.11,10,6,7,24,1,77.50,53,59,1,2,106.88,0.00,0.50,0.38,1,4.00,5,1381.16,0,1,0,org.apache.lucene.search.Scorer,0.00,20,1,11,0,20,3,0,13,286,0
"org.apache.jackrabbit.core.search.lucene.MatchAllWeight",7,0.06,1.00,26,0.24,3665.49,13,6,3,14,2,99.57,45,35,1,1,131.79,0.00,0.00,0.21,0,24.00,1,725.93,0,3,1,java.lang.Object,0.00,7,0,7,0,7,4,1,18,183,0
"org.apache.jackrabbit.core.search.lucene.NodeIndexer",4,0.08,5.75,78,1.48,85318.48,8,4,12,39,18,89.04,19,148,2,1,88.81,0.00,0.00,0.31,1,4.00,12,4442.09,0,2,16,java.lang.Object,0.00,35,0,23,0,35,2,0,17,740,1
"org.apache.jackrabbit.core.search.lucene.NodeIteratorImpl",8,0.00,1.38,29,0.28,6221.69,12,4,7,15,3,130.36,3,44,1,1,130.36,0.00,0.00,0.25,1,12.00,3,838.28,0,2,2,java.lang.Object,0.00,7,0,11,0,7,6,1,2,199,0
"org.apache.jackrabbit.core.search.lucene.PackageFilter",3,0.50,2.33,20,0.21,6589.20,6,3,4,11,4,86.08,39,25,2,2,115.46,0.00,0.50,0.67,0,0.00,5,633.80,0,1,2,org.apache.lucene.search.Filter,0.00,8,1,7,0,8,2,0,10,135,0
"org.apache.jackrabbit.core.search.lucene.PathFilter",2,0.50,3.00,22,0.27,10409.35,4,2,1,6,2,142.52,4,37,1,1,102.64,0.00,0.00,0.75,0,0.00,4,809.61,0,0,1,java.lang.Object,0.00,4,0,6,0,4,2,0,2,169,1
"org.apache.jackrabbit.core.search.lucene.PathFilterQuery",7,0.33,1.00,22,0.17,2581.02,9,2,3,10,3,90.70,54,31,2,2,132.99,0.00,0.50,0.21,1,10.00,1,512.29,1,4,1,org.apache.lucene.search.Query,0.00,3,1,7,0,3,3,0,11,141,0
"org.apache.jackrabbit.core.search.lucene.PathFilterQuery$FilteredWeight",7,0.08,1.43,23,0.20,3994.34,9,2,3,13,2,113.54,38,34,0,1,131.41,0.00,0.00,0.57,0,0.00,2,610.68,0,3,2,java.lang.Object,0.00,6,0,10,0,6,4,1,9,156,1
"org.apache.jackrabbit.core.search.lucene.PathQuery",3,0.12,4.33,48,0.65,30953.24,7,4,7,12,6,127.52,62,64,1,2,94.14,0.00,0.50,0.33,1,5.00,6,1942.57,0,0,5,org.apache.lucene.search.BooleanQuery,0.00,9,1,13,0,9,3,0,13,377,0
"org.apache.jackrabbit.core.search.lucene.PersistentIndex",3,1.00,1.00,9,0.10,1177.14,4,1,5,6,4,182.78,4,18,1,2,132.78,0.00,0.50,0.33,0,4.00,1,302.39,1,1,3,org.apache.jackrabbit.core.search.lucene.AbstractIndex,0.13,3,1,3,0,3,2,0,1,77,1
"org.apache.jackrabbit.core.search.lucene.PropertyIteratorImpl",9,0.02,2.11,49,0.44,12563.13,15,6,6,20,2,119.99,7,71,1,1,119.99,0.00,0.00,0.19,3,24.00,6,1310.72,0,2,1,java.lang.Object,0.00,11,0,19,0,11,7,1,6,295,0
"org.apache.jackrabbit.core.search.lucene.QueryImpl",8,0.19,2.75,76,1.27,48205.02,17,9,11,43,12,145.29,18,118,1,1,105.41,0.00,0.00,0.28,0,0.00,6,3816.58,0,5,11,java.lang.Object,0.00,35,0,22,0,35,3,1,13,706,1
"org.apache.jackrabbit.core.search.lucene.QueryResultImpl",3,0.25,1.00,13,0.14,2767.35,7,4,6,6,4,145.81,9,20,1,1,125.19,0.00,0.00,0.42,0,1.00,1,419.19,0,2,3,java.lang.Object,0.00,3,0,3,0,3,1,1,3,103,1
"org.apache.jackrabbit.core.search.lucene.SearchIndex",10,0.11,1.40,49,0.47,9951.99,14,4,10,30,4,145.47,37,78,1,1,124.86,0.00,0.00,0.35,0,0.00,2,1424.72,0,2,3,java.lang.Object,0.00,20,0,14,0,20,8,0,15,326,1
"org.apache.jackrabbit.core.search.lucene.VolatileIndex",2,0.00,1.50,13,0.11,3058.15,2,0,4,5,1,166.80,2,14,0,2,116.80,0.00,0.50,0.00,0,2.00,2,325.05,1,0,1,org.apache.jackrabbit.core.search.lucene.AbstractIndex,0.00,3,1,3,0,3,2,0,1,76,1
"org.apache.jackrabbit.core.search.lucene.WildcardQuery",2,0.00,1.00,5,0.04,351.31,2,0,5,3,2,192.09,2,8,1,2,142.09,0.00,0.50,0.00,0,2.00,1,106.33,0,1,1,org.apache.lucene.search.MultiTermQuery,0.00,1,1,2,0,1,1,0,1,32,0
"org.apache.jackrabbit.core.search.lucene.WildcardTermEnum",5,0.08,2.80,50,0.54,32337.20,8,3,5,19,1,153.45,7,66,1,2,103.45,0.00,0.50,0.40,0,6.00,9,1615.95,0,1,0,org.apache.lucene.search.FilteredTermEnum,0.00,14,1,14,0,14,4,0,6,323,0
"org.apache.jackrabbit.test.observation.AbstractObservationTest",10,0.39,1.40,44,0.56,13891.82,12,2,7,24,6,73.72,91,68,5,4,123.72,1.67,0.33,0.15,2,30.00,3,1679.04,1,0,1,org.apache.jackrabbit.test.AbstractJCRTest,0.31,14,3,14,5,14,10,0,13,367,2
"org.apache.jackrabbit.test.observation.EventResult",3,0.33,2.33,25,0.26,5516.70,6,3,8,14,5,73.85,36,35,5,1,111.41,0.00,0.00,0.56,0,0.00,3,788.38,0,1,0,java.lang.Object,0.00,11,0,7,0,11,2,1,10,171,1
"org.apache.jackrabbit.test.observation.NodeAddedTest",4,0.00,1.00,37,0.45,9464.35,4,0,3,9,3,90.96,21,42,1,5,108.84,0.00,0.80,0.00,0,0.00,1,1359.22,3,0,2,org.apache.jackrabbit.test.observation.AbstractObservationTest,0.00,5,4,4,0,5,4,0,2,275,1
"org.apache.jackrabbit.test.observation.NodeRemovedTest",3,0.00,1.00,34,0.40,8389.74,3,0,3,8,3,155.01,4,38,1,5,105.01,0.00,0.80,0.00,0,0.00,1,1198.32,3,0,2,org.apache.jackrabbit.test.observation.AbstractObservationTest,0.00,5,4,3,0,5,3,0,1,239,1
"org.apache.jackrabbit.test.observation.PropertyAddedTest",2,0.00,1.00,20,0.29,5952.49,2,0,3,7,3,146.23,4,26,1,5,106.34,0.00,0.80,0.00,0,0.00,1,858.70,3,0,2,org.apache.jackrabbit.test.observation.AbstractObservationTest,0.00,5,4,2,0,5,2,0,1,166,1
"org.apache.jackrabbit.test.observation.PropertyChangedTest",4,0.00,1.00,51,0.77,17999.77,4,0,3,11,3,151.98,6,56,1,5,101.98,0.00,0.80,0.00,0,0.00,1,2308.27,3,0,2,org.apache.jackrabbit.test.observation.AbstractObservationTest,0.00,7,4,4,0,7,4,0,3,440,1
"org.apache.jackrabbit.test.observation.PropertyRemovedTest",2,0.00,1.00,26,0.36,7491.66,2,0,4,9,3,141.19,4,29,1,5,101.31,0.00,0.80,0.00,0,0.00,1,1074.81,3,0,2,org.apache.jackrabbit.test.observation.AbstractObservationTest,0.00,7,4,2,0,7,2,0,1,205,1
"org.apache.jackrabbit.test.observation.TestAll",1,0.00,1.00,9,0.09,2740.87,1,0,3,3,5,59.86,10,11,0,2,108.33,0.00,0.50,0.00,0,1.00,1,261.86,0,1,5,junit.framework.TestCase,0.00,2,1,1,0,2,0,0,2,63,1
"org.apache.jackrabbit.core.nodetype.BooleanConstraint",4,0.67,2.25,28,0.32,8714.71,5,1,11,13,3,113.00,1,41,1,2,113.00,0.00,0.50,0.50,1,0.00,3,950.72,0,0,3,org.apache.jackrabbit.core.nodetype.ValueConstraint,0.00,9,1,9,0,9,4,0,1,203,0
"org.apache.jackrabbit.core.nodetype.ChildItemDef",18,0.01,1.22,49,0.48,14541.82,26,8,3,20,9,136.83,7,76,7,1,136.83,0.00,0.00,0.11,0,126.00,5,1443.60,1,3,2,java.lang.Object,0.00,2,0,22,2,2,15,1,5,351,1
"org.apache.jackrabbit.core.nodetype.ChildNodeDef",9,0.12,1.33,26,0.25,6663.10,12,3,2,11,15,157.72,27,41,13,2,137.11,0.00,0.50,0.22,0,25.00,4,739.42,1,2,3,org.apache.jackrabbit.core.nodetype.ChildItemDef,0.07,2,1,12,0,2,7,0,9,182,1
"org.apache.jackrabbit.core.nodetype.DateConstraint",3,0.62,7.00,70,1.00,74580.83,7,4,11,20,3,135.14,5,97,1,2,85.14,0.00,0.50,0.67,0,0.00,10,2989.35,0,0,3,org.apache.jackrabbit.core.nodetype.ValueConstraint,0.00,17,1,21,0,17,3,0,5,548,0
"org.apache.jackrabbit.core.nodetype.EffectiveNodeType",33,0.04,4.18,447,6.13,497471.03,40,7,9,98,16,63.99,206,542,8,1,96.22,0.00,0.00,0.19,8,224.00,22,18375.68,0,18,9,java.lang.Object,0.00,65,0,138,0,65,15,1,97,3382,1
"org.apache.jackrabbit.core.nodetype.InvalidConstraintException",4,0.00,1.00,9,0.05,332.37,4,0,1,4,10,112.43,27,14,9,3,144.65,0.00,0.67,0.00,0,4.00,1,136.79,0,0,1,org.apache.jackrabbit.core.BaseException,0.00,0,2,4,0,0,4,0,5,46,1
"org.apache.jackrabbit.core.nodetype.InvalidNodeTypeDefException",4,0.00,1.00,9,0.05,332.37,4,0,1,4,3,112.43,27,14,2,3,144.65,0.00,0.67,0.00,0,4.00,1,136.79,0,0,1,org.apache.jackrabbit.core.BaseException,0.00,0,2,4,0,0,4,0,5,46,1
"org.apache.jackrabbit.core.nodetype.ItemDefImpl",9,0.10,1.33,35,0.30,5029.90,14,5,7,22,7,131.74,36,50,2,1,131.50,0.00,0.00,0.29,0,0.00,3,893.83,0,3,5,java.lang.Object,0.00,13,0,12,3,13,6,1,14,222,1
"org.apache.jackrabbit.core.nodetype.NameConstraint",3,0.00,2.67,28,0.35,12225.39,4,1,11,14,8,106.75,2,44,1,2,106.75,0.00,0.50,1.00,0,0.00,3,1051.85,0,1,8,org.apache.jackrabbit.core.nodetype.ValueConstraint,0.00,11,1,8,0,11,2,0,2,213,0
"org.apache.jackrabbit.core.nodetype.NodeDefId",6,0.20,2.00,40,0.40,14658.49,8,2,3,22,20,135.75,19,50,18,1,115.13,0.00,0.00,0.33,0,0.00,4,1209.90,0,2,2,java.lang.Object,0.00,16,0,12,0,16,4,1,5,256,1
"org.apache.jackrabbit.core.nodetype.NodeDefImpl",5,0.12,2.00,34,0.35,14238.47,7,2,6,11,12,114.85,24,44,7,2,114.61,1.00,0.33,0.60,0,0.00,4,1062.39,0,3,6,org.apache.jackrabbit.core.nodetype.ItemDefImpl,0.00,6,1,10,1,6,2,1,10,226,1
"org.apache.jackrabbit.core.nodetype.NodeTypeConflictException",4,0.00,1.00,9,0.05,332.37,4,0,1,4,6,112.43,27,14,5,3,144.65,0.00,0.67,0.00,0,4.00,1,136.79,0,0,1,org.apache.jackrabbit.core.BaseException,0.00,0,2,4,0,0,4,0,5,46,1
"org.apache.jackrabbit.core.nodetype.NodeTypeDef",16,0.06,1.69,85,0.74,40551.60,23,7,5,25,12,100.13,93,98,7,1,118.00,0.00,0.00,0.20,1,96.00,12,2232.85,1,5,5,java.lang.Object,0.00,9,0,27,0,9,11,1,23,484,1
"org.apache.jackrabbit.core.nodetype.NodeTypeDefDiff",5,0.08,1.40,22,0.20,5171.44,11,6,0,9,3,92.50,34,30,2,1,124.72,0.00,0.00,0.10,1,7.00,3,599.03,0,1,1,java.lang.Object,0.00,4,0,7,0,4,4,0,9,148,1
"org.apache.jackrabbit.core.nodetype.NodeTypeDefStore",11,0.18,7.55,356,7.32,1110154.32,38,27,19,130,14,24.99,99,431,1,1,74.98,0.00,0.00,0.20,4,10.00,51,21948.87,0,3,13,java.lang.Object,0.00,119,0,83,0,119,8,0,70,3172,0
"org.apache.jackrabbit.core.nodetype.NodeTypeDefStore$NamespaceResolver",2,0.00,2.00,9,0.10,3415.52,2,0,19,7,0,122.93,0,13,0,1,122.93,0.00,0.00,0.00,0,2.00,2,310.53,0,2,0,java.lang.Object,0.00,5,0,4,0,5,0,0,0,74,0
"org.apache.jackrabbit.core.nodetype.NodeTypeImpl",28,0.24,2.50,221,2.56,91380.91,33,5,9,75,25,79.37,189,270,12,1,111.60,0.00,0.00,0.44,5,0.00,9,7669.34,0,2,14,java.lang.Object,0.00,47,0,70,0,47,26,1,55,1564,1
"org.apache.jackrabbit.core.nodetype.NodeTypeManagerImpl",13,0.07,1.77,79,0.87,23968.58,18,5,13,38,27,116.36,64,95,14,1,116.13,0.00,0.00,0.26,1,5.00,3,2611.07,0,3,16,java.lang.Object,0.00,25,0,23,0,25,10,2,24,560,1
"org.apache.jackrabbit.core.nodetype.NodeTypeManagerImpl$RootNodeDefinition",3,0.00,1.00,7,0.04,283.17,3,0,13,3,4,164.83,11,11,0,3,144.22,0.00,0.67,0.00,0,3.00,1,122.35,0,2,4,org.apache.jackrabbit.core.nodetype.NodeDefImpl,0.35,0,2,3,0,0,1,0,5,39,2
"org.apache.jackrabbit.core.nodetype.NodeTypeRegistry",26,0.05,7.27,761,12.07,1507824.39,55,29,18,176,45,87.61,467,938,27,1,78.48,0.00,0.00,0.09,10,86.00,56,36219.19,0,3,20,java.lang.Object,0.00,150,0,189,0,150,23,0,171,5729,1
"org.apache.jackrabbit.core.nodetype.NodeTypeRegistry$EffectiveNodeTypeCache",10,0.11,1.40,42,0.40,7548.04,12,2,18,25,2,165.69,28,57,0,1,125.80,0.00,0.00,0.60,1,0.00,4,1203.63,0,1,2,java.lang.Object,0.00,15,0,14,0,15,9,0,15,291,1
"org.apache.jackrabbit.core.nodetype.NodeTypeRegistry$WeightedKey",16,0.07,1.44,59,0.52,12031.21,18,2,18,36,1,170.35,38,75,0,1,130.47,0.00,0.00,0.44,2,0.00,3,1574.27,0,6,1,java.lang.Object,0.00,20,0,23,0,20,10,1,11,393,1
"org.apache.jackrabbit.core.nodetype.NodeTypeRegistryListener",2,0.00,1.00,3,0.02,70.95,2,0,1,2,3,110.69,17,4,2,1,158.79,0.00,0.00,0.00,0,2.00,1,47.30,0,0,1,,0.00,0,0,2,0,0,2,0,3,18,1
"org.apache.jackrabbit.core.nodetype.NumericConstraint",5,0.19,5.00,82,1.10,72104.51,9,4,11,24,4,142.96,5,114,1,2,92.96,0.00,0.50,0.40,1,0.00,9,3301.62,0,0,4,org.apache.jackrabbit.core.nodetype.ValueConstraint,0.00,19,1,25,0,19,5,0,5,612,0
"org.apache.jackrabbit.core.nodetype.PathConstraint",3,0.75,4.33,40,0.53,24174.47,5,2,11,19,7,138.23,6,61,1,2,98.35,0.00,0.50,1.00,0,0.00,6,1595.30,0,1,7,org.apache.jackrabbit.core.nodetype.ValueConstraint,0.00,16,1,13,0,16,2,0,6,301,0
"org.apache.jackrabbit.core.nodetype.PropDef",11,0.08,1.18,31,0.28,6172.66,15,4,3,12,15,158.70,33,49,12,2,138.08,0.00,0.50,0.18,0,40.00,3,842.11,1,2,3,org.apache.jackrabbit.core.nodetype.ChildItemDef,0.07,1,1,13,0,1,9,0,11,210,1
"org.apache.jackrabbit.core.nodetype.PropDefId",6,0.20,2.00,35,0.35,11749.12,8,2,1,20,17,139.46,18,47,16,1,118.84,0.00,0.00,0.33,0,0.00,4,1061.91,0,2,1,java.lang.Object,0.00,14,0,12,0,14,4,1,4,235,1
"org.apache.jackrabbit.core.nodetype.PropertyDefImpl",6,0.00,2.00,38,0.41,18042.60,8,2,6,14,10,114.66,24,45,5,2,114.42,0.00,0.50,0.50,0,0.00,5,1219.59,1,2,6,org.apache.jackrabbit.core.nodetype.ItemDefImpl,0.00,8,1,12,0,8,4,1,8,258,1
"org.apache.jackrabbit.core.nodetype.ReferenceConstraint",4,0.33,2.00,27,0.30,9075.43,5,1,11,13,10,155.27,10,42,3,2,115.39,0.00,0.50,0.75,0,0.00,3,890.89,0,2,8,org.apache.jackrabbit.core.nodetype.ValueConstraint,0.00,9,1,8,0,9,2,0,4,189,0
"org.apache.jackrabbit.core.nodetype.StringConstraint",3,0.50,2.33,24,0.30,9118.02,4,1,11,13,3,109.69,1,37,1,2,109.69,0.00,0.50,0.67,0,0.00,3,894.98,0,0,3,org.apache.jackrabbit.core.nodetype.ValueConstraint,0.00,10,1,7,0,10,3,0,1,187,0
"org.apache.jackrabbit.core.nodetype.ValueConstraint",5,0.38,1.20,23,0.33,12266.18,7,2,11,15,17,122.04,21,43,14,1,121.81,0.00,0.00,0.20,0,7.00,2,1000.49,0,3,10,java.lang.Object,0.00,10,0,6,7,10,2,0,3,203,2
"org.apache.jackrabbit.core.state.mem.InMemPersistenceManager",29,0.09,2.48,281,3.60,171634.55,43,14,14,110,19,87.62,153,364,0,1,105.49,0.00,0.00,0.16,3,111.00,6,10800.28,0,5,19,java.lang.Object,0.00,81,0,72,0,81,24,2,90,2036,1
"org.apache.jackrabbit.core.version.GenericVersionSelector",15,0.12,1.53,53,0.52,16963.40,19,4,5,23,2,86.77,108,78,1,1,129.06,0.00,0.00,0.13,0,64.00,5,1573.92,0,7,1,java.lang.Object,0.00,8,0,23,0,8,8,1,20,366,1
"org.apache.jackrabbit.core.version.HistoryRootNodeState",7,0.50,2.29,42,0.52,12461.53,8,1,9,19,7,166.19,9,62,1,4,116.19,0.00,0.75,0.57,1,3.00,3,1555.06,1,3,7,org.apache.jackrabbit.core.virtual.VirtualNodeState,0.05,12,3,16,0,12,4,0,7,326,1
"org.apache.jackrabbit.core.version.InternalFreeze",4,0.67,1.25,9,0.06,997.71,5,1,1,5,7,122.97,22,13,5,1,140.84,0.00,0.00,0.50,0,4.00,2,175.33,0,3,2,java.lang.Object,0.00,1,0,5,3,1,1,0,5,54,2
"org.apache.jackrabbit.core.version.InternalFrozenNode",10,0.07,4.70,142,2.39,228760.54,18,8,12,57,17,43.56,99,174,5,2,93.56,0.00,0.50,0.19,0,54.00,20,7181.77,0,7,13,org.apache.jackrabbit.core.version.InternalFreeze,0.14,47,1,47,0,47,3,0,35,1171,1
"org.apache.jackrabbit.core.version.InternalFrozenVersionHistory",6,0.60,1.00,15,0.14,1661.44,7,1,2,11,8,140.77,29,25,2,2,140.54,0.00,0.50,0.50,1,6.00,1,428.00,1,4,6,org.apache.jackrabbit.core.version.InternalFreeze,0.20,5,1,6,0,5,2,0,6,116,1
"org.apache.jackrabbit.core.version.InternalVersion",20,0.05,1.75,103,1.08,23573.18,28,8,10,55,18,78.32,142,122,12,2,120.61,0.00,0.50,0.17,2,224.00,3,3236.79,0,9,9,org.apache.jackrabbit.core.version.InternalFreeze,0.17,35,1,35,0,35,11,0,38,707,2
"org.apache.jackrabbit.core.version.InternalVersionHistory",19,0.08,1.89,157,2.24,81739.07,27,8,15,66,17,60.45,164,183,9,1,108.55,0.00,0.00,0.20,4,84.00,6,6716.88,0,3,11,java.lang.Object,0.00,47,0,36,0,47,16,0,55,1241,1
"org.apache.jackrabbit.core.version.PersistentNode",28,0.11,2.29,235,3.37,127544.67,32,4,12,111,32,60.21,231,298,6,1,108.31,0.00,0.00,0.36,9,0.00,5,10108.81,0,14,26,java.lang.Object,0.00,83,0,64,0,83,14,0,55,1935,1
"org.apache.jackrabbit.core.version.PersistentProperty",5,0.12,1.00,14,0.09,1109.60,7,2,3,8,6,99.00,35,20,3,1,141.30,0.00,0.00,0.40,0,5.00,1,259.11,0,2,3,java.lang.Object,0.00,3,0,5,0,3,3,0,8,78,1
"org.apache.jackrabbit.core.version.PersistentVersionManager",13,0.03,2.85,143,2.14,106649.41,27,14,18,79,18,56.96,148,171,5,1,101.09,0.00,0.00,0.10,2,10.00,8,6434.85,0,3,17,java.lang.Object,0.00,66,0,37,0,66,10,0,49,1195,1
"org.apache.jackrabbit.core.version.VersionHistoryImpl",10,0.22,1.80,39,0.56,14977.35,11,1,10,25,14,128.30,46,62,2,3,128.06,0.00,0.67,0.80,1,0.00,4,1668.57,0,5,12,org.apache.jackrabbit.core.NodeImpl,0.02,15,2,18,0,15,5,1,13,365,1
"org.apache.jackrabbit.core.version.VersionHistoryNodeState",7,0.17,1.71,34,0.43,9114.90,8,1,7,19,6,173.89,8,48,1,4,123.89,0.00,0.75,0.86,0,0.00,3,1302.83,1,3,6,org.apache.jackrabbit.core.virtual.VirtualNodeState,0.05,12,3,12,0,12,4,0,6,287,1
"org.apache.jackrabbit.core.version.VersionImpl",10,0.11,1.30,40,0.42,11165.59,11,1,8,19,10,106.61,53,51,3,3,124.48,0.00,0.67,0.90,0,0.00,2,1247.51,0,5,8,org.apache.jackrabbit.core.NodeImpl,0.04,9,2,13,0,9,5,1,15,290,1
"org.apache.jackrabbit.core.version.VersionItemStateProvider",14,0.04,2.07,73,0.86,24765.91,18,4,13,44,19,159.07,34,108,4,1,119.18,0.00,0.00,0.21,3,58.00,6,2569.64,0,7,19,java.lang.Object,0.00,30,0,29,0,30,7,1,20,559,1
"org.apache.jackrabbit.core.version.VersionIteratorImpl",9,0.08,1.56,39,0.34,7838.57,12,3,7,22,2,107.42,50,52,1,1,125.29,0.00,0.00,0.26,2,16.00,3,1005.66,0,2,1,java.lang.Object,0.00,13,0,14,0,13,7,1,13,236,1
"org.apache.jackrabbit.core.version.VersionManager",20,0.00,1.35,95,1.59,45867.89,36,16,17,69,29,73.53,207,131,13,1,122.01,0.00,0.00,0.06,1,0.00,4,4775.49,0,13,22,java.lang.Object,0.00,49,0,27,0,49,7,0,46,945,1
"org.apache.jackrabbit.core.version.VersionManager$DefinitionIdMgr",5,0.12,1.00,28,0.52,14088.55,7,2,17,14,7,117.76,0,37,0,1,117.76,0.00,0.00,0.60,1,0.00,1,1561.59,0,2,7,java.lang.Object,0.00,9,0,5,0,9,3,0,0,319,2
"org.apache.jackrabbit.core.version.VersionNodeState",2,1.00,6.00,74,1.26,120392.89,3,1,9,25,10,114.34,5,75,1,4,74.45,0.00,0.75,0.50,0,2.00,10,3791.04,4,1,10,org.apache.jackrabbit.core.virtual.VirtualNodeState,0.00,23,3,12,0,23,1,0,3,652,1
"org.apache.jackrabbit.core.version.VersionSelector",1,0.00,1.00,2,0.01,69.06,1,0,3,1,2,107.72,12,3,2,1,145.29,0.00,0.00,0.00,0,1.00,1,36.53,0,1,0,,0.00,0,0,1,0,0,0,0,2,13,1
"org.apache.jackrabbit.core.observation.DispatchAction",3,0.25,1.00,10,0.05,504.44,5,2,1,3,2,85.68,27,14,1,1,135.68,0.00,0.00,0.33,0,5.00,1,154.86,0,1,1,java.lang.Object,0.00,0,0,3,0,0,2,0,6,48,0
"org.apache.jackrabbit.core.observation.EventConsumer",7,0.17,3.71,72,0.96,33163.64,13,6,8,36,13,75.07,94,100,4,1,104.45,0.00,0.00,0.31,0,0.00,8,2891.18,0,2,9,java.lang.Object,0.00,29,0,26,0,29,5,0,24,548,0
"org.apache.jackrabbit.core.observation.EventFilter",4,0.19,3.50,55,0.63,35027.21,13,9,6,17,10,147.39,97,72,4,1,98.11,0.00,0.00,0.25,0,6.00,11,1879.66,0,2,6,java.lang.Object,0.00,13,0,14,1,13,2,0,24,356,0
"org.apache.jackrabbit.core.observation.EventFilter$BlockAllFilter",2,0.00,1.00,5,0.03,264.06,2,0,6,2,2,143.31,8,8,0,2,143.07,0.00,0.50,0.00,0,2.00,1,97.53,0,0,2,org.apache.jackrabbit.core.observation.EventFilter,0.33,0,1,2,0,0,2,0,2,32,3
"org.apache.jackrabbit.core.observation.EventImpl",9,0.06,1.67,47,0.52,15535.97,13,4,7,28,8,77.03,70,66,3,1,119.32,0.00,0.00,0.31,4,0.00,3,1566.45,0,5,5,java.lang.Object,0.00,19,0,15,0,19,4,1,16,347,2
"org.apache.jackrabbit.core.observation.EventListenerIteratorImpl",9,0.06,1.78,44,0.35,7284.61,13,4,7,19,2,93.29,61,61,1,1,125.51,0.00,0.00,0.19,3,21.00,4,1048.79,0,2,1,java.lang.Object,0.00,10,0,16,0,10,7,1,15,251,0
"org.apache.jackrabbit.core.observation.EventState",18,0.00,1.67,90,1.01,31796.38,27,9,4,28,9,70.76,184,178,7,1,119.24,0.00,0.00,0.11,2,130.00,6,3027.32,0,14,2,java.lang.Object,0.00,10,0,30,0,10,4,0,29,672,0
"org.apache.jackrabbit.core.observation.EventStateCollection",6,0.07,3.17,83,1.49,131680.54,12,6,9,43,19,46.52,64,118,8,1,95.00,0.00,0.00,0.22,1,14.00,13,4458.06,0,1,13,java.lang.Object,0.00,37,0,19,0,37,5,0,23,739,2
"org.apache.jackrabbit.core.observation.FilteredEventIterator",9,0.02,1.67,41,0.37,9757.59,15,6,7,19,5,92.30,62,61,1,1,124.52,0.00,0.00,0.19,2,24.00,5,1118.03,0,2,4,java.lang.Object,0.00,10,0,15,0,10,7,1,17,257,0
"org.apache.jackrabbit.core.observation.ObservationManagerFactory",9,0.07,2.11,72,0.82,18463.45,18,9,16,37,12,61.06,81,94,4,1,111.06,0.00,0.00,0.17,2,31.00,4,2465.67,0,3,9,java.lang.Object,0.00,28,0,19,0,28,6,1,24,504,2
"org.apache.jackrabbit.core.observation.ObservationManagerFactory$SessionLocalObservationManager",4,0.00,2.75,50,0.59,31006.35,6,2,16,13,9,49.88,36,83,0,1,99.88,0.00,0.00,0.50,0,0.00,5,1779.07,0,1,9,java.lang.Object,0.00,9,0,11,0,9,3,1,16,327,0
"org.apache.jackrabbit.core.observation.SynchronousEventListener",0,0.00,0.00,1,0.01,31.02,0,0,1,0,0,171.00,8,2,0,2,171.00,0.00,0.50,0.00,0,0.00,0,15.51,0,0,0,,0.00,0,1,0,0,0,0,0,1,6,1
"org.apache.jackrabbit.core.util.uuid.Bytes",8,0.00,2.38,59,0.79,50837.57,8,0,0,9,1,67.04,61,78,1,1,109.33,0.00,0.00,0.00,1,8.00,9,2379.21,0,0,0,java.lang.Object,0.00,1,0,19,0,1,8,0,9,516,2
"org.apache.jackrabbit.core.util.uuid.Constants",0,0.00,0.00,33,0.42,8853.20,32,32,0,1,2,171.00,114,34,2,1,171.00,0.00,0.00,0.00,0,0.00,0,1267.81,0,0,0,,0.00,1,0,0,0,1,0,0,39,209,1
"org.apache.jackrabbit.core.util.uuid.UUID",21,0.01,2.14,141,1.74,69659.41,29,8,4,54,17,76.51,271,176,15,1,114.07,0.00,0.00,0.14,2,0.00,7,5209.89,0,4,3,java.lang.Object,0.00,33,0,45,0,33,17,3,75,1052,1
"org.apache.jackrabbit.core.util.uuid.VersionFourGenerator",6,0.10,2.17,38,0.38,15041.75,10,4,4,10,3,85.65,80,53,2,1,115.03,0.00,0.00,0.17,1,10.00,7,1127.04,0,4,2,java.lang.Object,0.00,4,0,13,0,4,2,1,23,239,2
"org.apache.jackrabbit.core.fs.local.FileUtil",3,0.00,5.00,45,0.58,43930.82,3,0,4,21,1,61.73,19,55,1,1,93.96,0.00,0.00,0.00,2,3.00,10,1739.07,0,0,0,java.lang.Object,0.00,18,0,15,0,18,3,0,8,316,2
"org.apache.jackrabbit.core.fs.local.LocalFileSystem",25,0.17,2.28,181,2.33,94602.52,28,3,5,56,9,131.73,81,240,4,1,111.11,0.00,0.00,0.49,0,0.00,6,6976.78,0,8,5,java.lang.Object,0.00,31,0,57,0,31,17,1,28,1431,1
"org.apache.jackrabbit.core.fs.local.LocalFileSystem$FileFilter",1,0.00,1.00,3,0.02,173.90,1,0,5,2,0,135.56,0,4,0,1,135.56,0.00,0.00,0.00,0,1.00,1,52.97,0,0,0,java.lang.Object,0.00,1,0,1,0,1,1,0,0,17,0
"org.apache.jackrabbit.core.fs.local.LocalFileSystem$FileFilter_0",1,0.00,1.00,3,0.02,173.90,1,0,5,2,0,135.56,0,4,0,1,135.56,0.00,0.00,0.00,0,1.00,1,52.97,0,0,0,java.lang.Object,0.00,1,0,1,0,1,1,0,0,17,0
"org.apache.jackrabbit.core.fs.local.RAFOutputStream",9,0.12,1.11,39,0.37,7311.79,15,6,3,14,2,93.38,58,50,1,3,125.60,0.00,0.67,0.28,2,17.00,2,1095.68,0,0,1,org.apache.jackrabbit.core.fs.RandomAccessOutputStream,0.30,5,2,10,0,5,9,0,16,260,0
"org.apache.jackrabbit.core.util.Base64",11,0.12,2.27,108,1.78,229742.97,15,4,1,18,4,58.91,84,135,4,1,101.20,0.00,0.00,0.14,2,39.00,8,5351.38,0,0,0,java.lang.Object,0.00,7,0,25,0,7,11,0,23,993,1
"org.apache.jackrabbit.core.util.ChildrenCollector",3,0.17,1.67,15,0.15,2436.59,6,3,5,4,0,79.61,21,23,0,2,121.90,0.00,0.50,0.44,0,1.00,2,463.16,0,0,0,TraversingItemVisitor.Default,0.00,1,1,5,0,1,3,0,4,111,1
"org.apache.jackrabbit.core.util.ChildrenCollectorFilter",5,0.12,4.60,60,0.59,35388.45,11,6,6,12,1,55.95,55,79,1,2,100.08,0.00,0.50,0.27,2,13.00,13,1771.41,0,0,0,TraversingItemVisitor.Default,0.00,7,1,23,0,7,5,0,13,373,1
"org.apache.jackrabbit.core.util.IteratorHelper",12,0.05,1.08,35,0.23,2998.97,16,4,5,17,2,141.11,50,50,2,1,140.87,0.00,0.00,0.21,1,46.00,2,677.55,0,5,0,java.lang.Object,0.00,5,0,13,0,5,7,4,16,191,1
"org.apache.jackrabbit.core.util.Text",4,1.00,1.75,24,0.32,12449.79,5,1,3,12,1,65.86,41,34,1,1,114.34,0.00,0.00,0.25,2,6.00,2,952.16,0,4,0,java.lang.Object,0.00,8,0,7,0,8,0,0,6,201,1
"org.apache.jackrabbit.core.util.ValueHelper",5,0.00,6.80,108,2.04,249971.32,5,0,5,26,6,46.67,63,212,2,1,84.23,0.00,0.00,0.00,1,5.00,17,6131.18,0,4,4,java.lang.Object,0.00,21,0,34,0,21,1,0,36,1016,1
"org.apache.jackrabbit.core.search.AndQueryNode",5,0.00,1.80,27,0.23,5558.59,5,0,1,11,6,88.58,34,34,4,3,120.81,0.00,0.67,0.00,0,5.00,5,691.85,1,3,3,org.apache.jackrabbit.core.search.NAryQueryNode,0.43,6,2,9,0,6,2,0,7,155,1
"org.apache.jackrabbit.core.search.Constants",0,0.00,0.00,12,0.15,1918.59,11,11,0,0,5,171.00,37,13,5,1,171.00,0.00,0.00,0.00,0,0.00,0,451.43,0,0,0,,0.00,0,0,0,0,0,0,0,12,92,1
"org.apache.jackrabbit.core.search.ExactQueryNode",6,0.20,1.33,21,0.17,3329.03,8,2,0,9,4,99.30,41,30,3,2,131.53,1.00,0.33,0.33,0,10.00,2,521.93,0,5,2,org.apache.jackrabbit.core.search.QueryNode,0.36,3,1,8,1,3,1,0,10,133,1
"org.apache.jackrabbit.core.search.NAryQueryNode",4,0.67,1.25,17,0.17,4326.28,5,1,3,11,6,76.49,32,20,4,2,124.60,3.00,0.20,0.50,0,4.00,2,517.18,0,1,2,org.apache.jackrabbit.core.search.QueryNode,0.00,7,1,5,3,7,3,0,6,124,2
"org.apache.jackrabbit.core.search.NamespaceMappings",6,0.28,2.67,64,0.85,34392.53,11,5,17,36,10,66.31,76,89,3,1,103.88,0.00,0.00,0.43,2,0.00,4,2547.84,0,3,7,java.lang.Object,0.00,30,0,16,0,30,3,1,19,493,1
"org.apache.jackrabbit.core.search.NodeTypeQueryNode",2,0.00,1.00,5,0.05,521.66,2,0,1,4,7,98.45,15,8,4,3,140.74,0.00,0.67,0.00,0,2.00,1,150.76,0,1,4,org.apache.jackrabbit.core.search.ExactQueryNode,0.00,2,2,2,0,2,1,0,6,42,1
"org.apache.jackrabbit.core.search.NotQueryNode",5,0.00,1.20,13,0.11,1553.82,5,0,0,9,5,122.23,28,22,3,3,140.10,0.00,0.67,0.00,0,8.00,2,324.67,0,3,3,org.apache.jackrabbit.core.search.NAryQueryNode,0.43,4,2,6,0,4,2,0,7,90,1
"org.apache.jackrabbit.core.search.OrQueryNode",5,0.00,1.80,27,0.24,6397.89,5,0,1,11,5,88.10,34,34,3,3,120.32,0.00,0.67,0.00,0,5.00,5,725.92,1,3,3,org.apache.jackrabbit.core.search.NAryQueryNode,0.43,6,2,9,0,6,2,0,7,160,1
"org.apache.jackrabbit.core.search.OrderQueryNode",6,0.20,1.50,31,0.25,8166.94,8,2,0,11,6,77.86,45,38,5,2,120.15,0.00,0.50,0.33,0,10.00,4,760.40,0,4,2,org.apache.jackrabbit.core.search.QueryNode,0.36,5,1,9,0,5,2,0,10,174,1
"org.apache.jackrabbit.core.search.PathQueryNode",8,0.06,1.75,47,0.47,17336.13,15,7,0,17,7,68.53,73,61,6,2,118.53,0.00,0.50,0.20,0,28.00,5,1406.04,0,5,2,org.apache.jackrabbit.core.search.QueryNode,0.31,9,1,14,0,9,3,0,20,299,1
"org.apache.jackrabbit.core.search.QueryManagerImpl",5,0.20,1.00,18,0.25,4598.73,10,5,11,11,5,87.57,38,32,1,1,129.86,0.00,0.00,0.36,1,5.00,1,763.68,0,4,4,java.lang.Object,0.00,6,0,5,0,6,1,1,11,175,1
"org.apache.jackrabbit.core.search.QueryNode",5,1.00,1.00,9,0.05,561.35,6,1,0,5,14,104.86,45,12,13,1,154.85,0.00,0.00,0.20,0,8.00,1,154.76,0,4,1,java.lang.Object,0.00,0,0,5,12,0,1,0,7,52,2
"org.apache.jackrabbit.core.search.QueryNodeVisitor",11,0.00,1.00,12,0.10,546.60,11,0,0,11,14,157.64,3,13,14,1,157.64,0.00,0.00,0.00,0,11.00,1,305.00,0,11,11,,0.00,0,0,11,0,0,0,0,1,103,1
"org.apache.jackrabbit.core.search.QueryParser",2,0.00,1.50,7,0.06,1446.38,2,0,3,4,3,82.12,21,12,1,1,130.59,0.00,0.00,0.00,0,2.00,2,176.47,0,0,2,java.lang.Object,0.00,2,0,3,0,2,2,0,3,43,1
"org.apache.jackrabbit.core.search.QueryRootNode",13,0.06,1.31,49,0.45,11186.07,19,6,3,27,12,97.81,87,64,6,2,130.03,0.00,0.50,0.12,0,78.00,5,1357.29,0,8,7,org.apache.jackrabbit.core.search.QueryNode,0.22,14,1,17,0,14,5,0,21,314,1
"org.apache.jackrabbit.core.search.RangeQueryNode",12,0.02,1.00,38,0.29,3872.11,17,5,1,13,4,85.34,97,53,2,2,133.45,0.00,0.50,0.22,0,46.00,1,859.93,0,5,3,org.apache.jackrabbit.core.search.QueryNode,0.24,1,1,12,0,1,7,1,18,223,1
"org.apache.jackrabbit.core.search.RelationQueryNode",14,0.00,1.86,85,0.85,26768.17,21,7,4,25,5,67.88,120,103,3,2,115.99,0.00,0.50,0.14,0,114.00,13,2558.26,0,6,3,org.apache.jackrabbit.core.search.QueryNode,0.21,11,1,26,0,11,8,1,23,523,1
"org.apache.jackrabbit.core.search.TextsearchQueryNode",5,0.75,1.00,13,0.09,944.90,6,1,0,6,5,109.62,32,19,4,2,141.84,0.00,0.50,0.40,0,7.00,1,260.54,0,4,2,org.apache.jackrabbit.core.search.QueryNode,0.40,1,1,5,0,1,1,0,8,75,1
"org.apache.jackrabbit.core.state.obj.BLOBStore",3,0.00,1.00,4,0.04,243.32,3,0,3,3,3,107.86,24,5,1,1,155.97,0.00,0.00,0.00,0,3.00,1,123.66,0,2,2,,0.00,0,0,3,0,0,1,0,4,37,1
"org.apache.jackrabbit.core.state.obj.ObjectPersistenceManager",28,0.10,3.36,414,5.62,276966.52,35,7,13,144,24,54.22,201,511,1,1,96.51,0.00,0.00,0.23,7,94.00,9,16853.70,0,7,23,java.lang.Object,0.00,116,0,94,0,116,21,2,105,3060,1
"org.apache.jackrabbit.core.jndi.provider.DummyContext",34,0.42,1.41,121,1.23,26112.70,36,2,4,57,2,151.02,113,169,2,2,130.40,0.00,0.50,0.09,14,198.00,3,3702.92,1,21,0,java.util.Hashtable,0.00,23,1,48,0,23,13,2,39,879,0
"org.apache.jackrabbit.core.jndi.provider.DummyContext$BindingEnum",2,0.00,1.00,6,0.05,692.27,2,0,4,5,0,133.21,0,9,0,2,133.21,0.00,0.50,0.00,0,2.00,1,143.20,0,1,0,org.apache.jackrabbit.core.jndi.provider.NamingEnum,0.00,3,1,2,0,3,1,0,0,41,0
"org.apache.jackrabbit.core.jndi.provider.DummyContext$FlatNameParser",1,0.00,1.00,7,0.06,832.71,2,1,4,3,0,137.09,3,10,0,1,116.48,0.00,0.00,1.00,0,0.00,1,180.99,0,1,0,java.lang.Object,0.00,2,0,1,0,2,0,1,1,49,1
"org.apache.jackrabbit.core.jndi.provider.DummyContext$NamingEnum",6,0.20,1.00,17,0.13,1732.88,8,2,4,13,0,140.39,0,24,0,1,140.39,0.00,0.00,0.33,2,6.00,1,398.94,0,2,0,java.lang.Object,0.00,7,0,6,0,7,4,1,0,110,0
"org.apache.jackrabbit.core.jndi.provider.DummyInitialContextFactory",1,0.00,1.00,3,0.02,257.67,1,0,4,2,1,101.99,6,5,0,1,134.22,0.00,0.00,0.00,0,1.00,1,71.02,0,1,1,java.lang.Object,0.00,1,0,1,0,1,0,1,2,21,1
"org.apache.jackrabbit.core.fs.BasedFileSystem",22,0.02,1.32,61,0.67,13866.82,24,2,2,46,6,158.28,72,92,3,1,137.66,0.00,0.00,0.48,1,0.00,6,2015.61,0,6,3,java.lang.Object,0.00,24,0,29,0,24,16,1,25,502,1
"org.apache.jackrabbit.core.fs.FileSystem",20,2.00,1.00,23,0.22,1581.24,22,2,2,20,20,107.95,177,25,18,1,156.05,0.00,0.00,0.00,0,20.00,1,662.13,0,5,2,,0.00,0,0,20,0,0,15,0,23,205,1
"org.apache.jackrabbit.core.fs.FileSystemException",4,0.00,1.00,9,0.05,332.37,4,0,1,4,18,112.43,27,14,17,3,144.65,0.00,0.67,0.00,0,4.00,1,136.79,0,0,1,org.apache.jackrabbit.core.BaseException,0.00,0,2,4,0,0,4,0,5,46,1
"org.apache.jackrabbit.core.fs.FileSystemPathUtil",7,0.08,2.00,73,0.77,33719.21,11,4,2,23,5,62.25,54,78,4,1,104.54,0.00,0.00,0.18,1,23.00,4,2310.87,0,6,1,java.lang.Object,0.00,16,0,14,0,16,1,0,11,470,2
"org.apache.jackrabbit.core.fs.FileSystemResource",19,0.22,1.58,65,0.66,18145.18,21,2,3,37,19,129.87,90,101,15,1,129.63,0.00,0.00,0.71,3,0.00,5,1978.22,0,7,4,java.lang.Object,0.00,18,0,30,0,18,12,0,21,470,1
"org.apache.jackrabbit.core.fs.RandomAccessOutputStream",1,0.00,1.00,2,0.02,132.18,1,0,2,1,5,105.50,12,3,5,2,143.07,1.00,0.33,0.00,0,1.00,1,52.87,0,0,0,java.io.OutputStream,0.00,0,1,1,1,0,1,0,2,17,2
"org.apache.jackrabbit.test.api.AddNodeTest",8,0.00,1.75,44,0.50,9546.30,8,0,7,19,2,102.70,43,65,1,4,120.57,0.00,0.75,0.00,0,0.00,3,1491.37,0,0,1,org.apache.jackrabbit.test.AbstractJCRTest,0.00,11,3,14,0,11,8,0,14,326,1
"org.apache.jackrabbit.test.api.GetAncestorTest",4,0.00,1.50,17,0.17,2453.04,5,1,2,10,2,84.21,28,28,1,4,126.50,0.00,0.75,1.00,0,0.00,2,508.44,1,0,1,org.apache.jackrabbit.test.AbstractJCRTest,0.57,6,3,6,0,6,4,0,6,121,1
"org.apache.jackrabbit.test.api.RootNodeTest",4,0.00,1.25,13,0.11,1167.16,5,1,4,11,2,133.97,18,20,1,4,133.74,0.00,0.75,1.00,0,0.00,2,336.67,1,0,1,org.apache.jackrabbit.test.AbstractJCRTest,0.57,7,3,5,0,7,4,0,5,88,1
"org.apache.jackrabbit.test.api.TestAll",1,0.00,1.00,7,0.06,1740.69,1,0,3,3,3,69.83,11,9,0,2,113.96,0.00,0.50,0.00,0,1.00,1,186.48,0,1,3,junit.framework.TestCase,0.00,2,1,1,0,2,0,0,2,47,1
"org.apache.jackrabbit.core.state.ItemState",29,0.03,1.62,144,1.52,45294.23,45,16,10,53,28,91.06,183,194,27,1,123.28,0.00,0.00,0.09,3,370.00,4,4555.24,0,4,2,java.lang.Object,0.00,24,0,47,11,24,25,2,55,966,2
"org.apache.jackrabbit.core.state.ItemStateCache",11,0.10,1.09,33,0.30,4435.72,13,2,7,27,6,100.44,76,46,4,1,132.66,0.00,0.00,0.59,0,0.00,2,910.51,0,2,2,java.lang.Object,0.00,16,0,12,4,16,9,0,16,235,2
"org.apache.jackrabbit.core.state.ItemStateException",4,0.00,1.00,9,0.05,332.37,4,0,1,4,37,112.43,27,14,36,3,144.65,0.50,0.50,0.00,0,4.00,1,136.79,0,0,1,org.apache.jackrabbit.core.BaseException,0.00,0,2,4,1,0,4,0,5,46,1
"org.apache.jackrabbit.core.state.ItemStateListener",4,0.00,1.00,5,0.03,129.91,4,0,0,4,4,116.81,31,6,4,1,159.10,0.00,0.00,0.00,0,4.00,1,86.61,0,0,1,,0.00,0,0,4,0,0,4,0,5,32,1
"org.apache.jackrabbit.core.state.ItemStateProvider",4,0.00,1.00,5,0.04,203.83,4,0,1,4,15,139.68,23,8,11,1,157.56,0.00,0.00,0.00,0,4.00,1,113.74,0,0,4,,0.00,0,0,4,0,0,4,0,5,38,1
"org.apache.jackrabbit.core.state.NoSuchItemStateException",4,0.00,1.00,9,0.05,332.37,4,0,0,4,21,112.43,27,14,20,4,144.65,0.00,0.75,0.00,0,4.00,1,136.79,0,0,1,org.apache.jackrabbit.core.state.ItemStateException,0.00,0,3,4,0,0,4,0,5,46,1
"org.apache.jackrabbit.core.state.NodeReferences",8,0.05,1.00,21,0.15,1628.25,11,3,4,15,9,123.72,42,30,7,1,141.59,0.00,0.00,0.29,0,0.00,1,443.76,0,2,2,java.lang.Object,0.00,7,0,8,0,7,6,1,11,124,1
"org.apache.jackrabbit.core.state.NodeState",41,0.00,1.83,215,2.29,54450.95,49,8,8,85,29,87.97,281,291,25,2,120.19,6.00,0.12,0.13,1,749.00,5,6871.06,2,15,4,org.apache.jackrabbit.core.state.ItemState,0.06,44,1,75,6,44,26,0,56,1496,1
"org.apache.jackrabbit.core.state.NodeState$ChildEntry",2,1.00,1.00,6,0.04,425.80,3,1,8,2,1,134.87,0,9,0,1,134.87,0.00,0.00,0.50,0,2.00,1,110.47,0,1,1,java.lang.Object,0.00,0,0,2,0,0,1,1,0,33,3
"org.apache.jackrabbit.core.state.NodeState$ChildNodeEntries",8,0.14,1.88,52,0.56,23638.94,10,2,8,29,1,164.50,9,65,0,1,114.50,0.00,0.00,0.62,2,0.00,6,1694.20,0,2,1,java.lang.Object,0.00,21,0,15,0,21,6,1,9,360,2
"org.apache.jackrabbit.core.state.NodeState$ChildNodeEntry",6,0.20,1.83,34,0.32,9422.18,9,3,8,12,1,119.62,2,47,0,2,119.62,0.00,0.50,0.50,0,0.00,3,952.21,0,2,1,org.apache.jackrabbit.core.state.ChildEntry,0.00,6,1,11,0,6,4,0,2,222,2
"org.apache.jackrabbit.core.state.NodeState$PropertyEntry",4,1.00,1.75,17,0.12,2592.16,5,1,8,7,1,126.27,1,25,0,2,126.27,0.00,0.50,0.25,0,6.00,3,373.83,0,1,1,org.apache.jackrabbit.core.state.ChildEntry,0.00,3,1,7,0,3,3,0,1,97,2
"org.apache.jackrabbit.core.state.PMContext",5,0.06,1.00,18,0.12,1475.38,9,4,3,5,7,83.75,46,27,5,1,133.75,0.00,0.00,0.20,0,17.00,1,349.39,0,4,2,java.lang.Object,0.00,0,0,5,0,0,1,0,10,96,1
"org.apache.jackrabbit.core.state.PersistableItemState",3,0.00,1.00,4,0.02,129.91,3,0,0,3,5,158.35,12,5,4,1,158.11,0.00,0.00,0.00,0,3.00,1,66.95,0,0,1,,0.00,0,0,3,0,0,3,0,4,25,1
"org.apache.jackrabbit.core.state.PersistenceManager",13,0.00,1.00,14,0.13,764.15,13,0,3,13,15,139.19,68,18,8,1,157.07,0.00,0.00,0.00,0,13.00,1,384.07,0,0,9,,0.00,0,0,13,0,0,13,0,14,122,1
"org.apache.jackrabbit.core.state.PersistentItemStateManager",19,0.19,2.00,127,1.48,39994.67,22,3,9,62,19,97.77,103,181,1,2,115.64,0.00,0.50,0.16,7,120.00,10,4428.43,6,0,18,org.apache.jackrabbit.core.state.ItemStateCache,0.00,43,1,38,0,43,19,2,45,903,1
"org.apache.jackrabbit.core.state.PersistentItemStateProvider",2,0.00,1.00,3,0.03,211.99,2,0,1,2,12,117.49,25,8,8,2,155.05,0.00,0.50,0.00,0,2.00,1,100.17,0,2,4,,0.00,0,1,2,0,0,0,0,3,30,1
"org.apache.jackrabbit.core.state.PersistentNodeState",9,0.50,1.11,32,0.26,3753.00,11,2,4,14,20,114.67,47,45,16,3,132.55,0.50,0.50,0.06,1,28.00,2,767.35,3,0,5,org.apache.jackrabbit.core.state.NodeState,0.00,5,2,10,1,5,9,1,17,194,1
"org.apache.jackrabbit.core.state.PersistentPropertyState",8,0.50,1.12,30,0.24,3578.18,10,2,4,13,19,114.43,42,42,15,3,132.30,0.50,0.50,0.06,1,22.00,2,728.33,3,0,5,org.apache.jackrabbit.core.state.PropertyState,0.00,5,2,9,1,5,8,1,16,182,1
"org.apache.jackrabbit.core.state.PropertyState",15,0.07,1.53,94,0.99,38299.81,21,6,9,46,27,97.17,82,115,20,2,115.04,3.00,0.20,0.23,1,44.00,6,2984.35,1,3,7,org.apache.jackrabbit.core.state.ItemState,0.09,31,1,23,3,31,12,0,24,596,1
"org.apache.jackrabbit.core.state.ReferenceManager",4,0.67,2.75,38,0.46,16506.53,7,3,5,20,10,64.41,31,53,5,1,106.70,0.00,0.00,0.83,1,0.00,4,1388.27,0,0,5,java.lang.Object,0.00,16,0,11,0,16,4,0,14,285,1
"org.apache.jackrabbit.core.state.SessionItemStateManager",25,0.11,3.48,246,3.04,170206.04,30,5,6,89,23,56.46,254,308,2,1,104.93,0.00,0.00,0.30,2,0.00,16,9125.43,0,7,21,java.lang.Object,0.00,64,0,87,0,64,18,1,91,1696,1
"org.apache.jackrabbit.core.state.SessionItemStateManager$PathComparator",1,0.00,8.00,26,0.31,19573.92,1,0,6,7,2,41.65,7,32,0,1,83.94,0.00,0.00,0.00,0,0.00,8,920.27,0,0,2,java.lang.Object,0.00,6,0,8,0,6,1,1,3,168,1
"org.apache.jackrabbit.core.state.TransientItemStateManager",21,0.18,1.90,127,1.28,33575.22,23,2,8,50,12,98.72,116,173,1,2,116.60,0.00,0.50,0.33,3,83.00,10,3842.37,7,2,11,org.apache.jackrabbit.core.state.ItemStateCache,0.00,29,1,40,0,29,19,1,46,844,0
"org.apache.jackrabbit.core.state.TransientItemStateManager$Attic",1,0.00,1.00,3,0.02,128.90,1,0,8,1,1,136.58,0,5,0,2,136.58,0.00,0.50,0.00,0,1.00,1,49.93,0,0,1,org.apache.jackrabbit.core.state.ItemStateCache,0.00,0,1,1,0,0,1,0,0,18,0
