Name, No. Methods, LCOM, AVCC, NOS, HBUG, HEFF, UWCS, INST, PACK, RFC, CBO, MI, CCML, NLOC, F-IN, DIT, MINC, S-R, R-R, COH, LMC, LCOM2, MAXCC, HVOL, HIER, NQU, FOUT, Superclass, SIX, EXT, NSUP, TCC, NSUB, MPC, NCO, INTR, CCOM, HLTH, MOD
"org.apache.jackrabbit.webdav.search.QueryGrammerSet",5,0.00,2.20,37,0.42,15726.35,6,1,7,17,6,69.46,36,43,3,2,111.75,0.00,0.50,1.00,0,0.00,3,1246.10,1,3,3,org.apache.jackrabbit.webdav.property.AbstractDavProperty,0.18,12,1,11,0,12,2,1,6,267,1
"org.apache.jackrabbit.webdav.search.SearchConstants",0,0.00,0.00,9,0.15,3100.00,8,8,3,2,5,171.00,48,10,3,1,171.00,0.00,0.00,0.00,0,0.00,0,440.00,0,0,2,,0.00,2,0,0,0,2,0,0,9,88,1
"org.apache.jackrabbit.webdav.search.SearchRequest",5,0.12,1.40,18,0.20,5036.21,7,2,2,16,5,81.00,53,25,4,1,129.48,0.00,0.00,0.40,0,0.00,3,611.23,0,3,1,java.lang.Object,0.00,11,0,7,0,11,2,1,6,142,1
"org.apache.jackrabbit.webdav.search.SearchResource",2,2.00,1.00,5,0.03,256.09,4,2,2,2,5,123.03,29,6,1,1,143.18,0.00,0.00,0.00,0,2.00,1,102.41,0,2,4,,0.00,0,0,2,0,0,0,0,5,32,1
"org.apache.jackrabbit.webdav.spi.AbstractItemResource",21,0.12,2.90,170,2.31,78562.14,24,3,18,85,34,66.64,164,246,3,2,108.93,6.00,0.12,0.22,5,142.00,7,6942.91,6,9,31,org.apache.jackrabbit.webdav.spi.AbstractResource,0.04,64,1,61,6,64,12,4,49,1366,1
"org.apache.jackrabbit.webdav.spi.AbstractResource",36,0.02,1.58,151,1.77,46941.95,47,11,16,87,37,106.03,203,212,3,1,123.90,0.00,0.00,0.07,7,652.00,6,5308.86,0,11,34,java.lang.Object,0.00,51,0,57,8,51,25,3,56,1161,1
"org.apache.jackrabbit.webdav.spi.DavLocatorFactoryImpl",3,0.50,3.33,35,0.44,24739.49,5,2,3,15,4,100.57,49,46,1,1,101.04,0.00,0.00,0.17,0,4.00,8,1332.34,0,2,3,java.lang.Object,0.00,12,0,10,0,12,1,1,15,256,1
"org.apache.jackrabbit.webdav.spi.DavLocatorFactoryImpl$DavResourceLocatorImpl",12,0.07,1.92,54,0.52,16613.76,16,4,3,22,2,81.36,88,75,0,1,123.66,0.00,0.00,0.31,1,18.00,4,1553.05,0,6,2,java.lang.Object,0.00,10,0,23,0,10,6,1,12,371,1
"org.apache.jackrabbit.webdav.spi.DavResourceFactoryImpl",5,0.17,4.00,66,1.04,44467.03,8,3,15,40,23,60.47,61,91,1,1,98.03,0.00,0.00,0.47,0,2.00,8,3127.01,0,3,22,java.lang.Object,0.00,35,0,20,0,35,2,1,14,557,1
"org.apache.jackrabbit.webdav.spi.DefaultItemCollection",24,0.33,4.25,285,4.20,153927.48,26,2,13,125,29,53.36,251,398,3,3,101.84,2.00,0.29,0.19,7,18.00,12,12602.39,20,8,26,org.apache.jackrabbit.webdav.spi.AbstractItemResource,0.22,101,2,102,4,101,16,1,63,2278,1
"org.apache.jackrabbit.webdav.spi.DefaultItemResource",12,0.73,2.50,75,1.01,30288.08,13,1,12,42,18,64.97,110,108,1,3,114.97,0.00,0.67,0.33,1,26.00,6,3034.95,5,3,17,org.apache.jackrabbit.webdav.spi.AbstractItemResource,0.09,30,2,30,0,30,9,0,23,610,1
"org.apache.jackrabbit.webdav.spi.DefaultItemResource$LengthsProperty",2,1.00,1.50,14,0.14,3506.25,3,1,12,5,2,95.97,11,15,0,2,113.84,0.00,0.50,0.50,0,2.00,2,420.72,0,1,2,org.apache.jackrabbit.webdav.property.AbstractDavProperty,0.00,3,1,3,0,3,1,0,2,92,1
"org.apache.jackrabbit.webdav.spi.DefaultItemResource$ValuesProperty",4,0.33,2.50,39,0.52,19530.17,5,1,12,23,4,58.04,33,44,0,2,106.15,0.00,0.50,0.75,1,0.00,5,1549.02,0,2,4,org.apache.jackrabbit.webdav.property.AbstractDavProperty,0.00,19,1,10,0,19,2,0,8,303,1
"org.apache.jackrabbit.webdav.spi.ItemResourceConstants",0,0.00,0.00,36,0.96,33139.32,35,35,7,3,22,171.00,57,37,16,1,171.00,0.00,0.00,0.00,0,0.00,0,2867.11,0,0,6,,0.00,3,0,0,0,3,0,0,17,445,1
"org.apache.jackrabbit.webdav.spi.JcrDavException",20,0.47,1.00,49,0.44,6124.12,22,2,9,27,19,140.19,10,70,16,3,140.19,0.00,0.67,0.05,0,52.00,1,1313.68,1,1,3,org.apache.jackrabbit.webdav.DavException,0.11,7,2,20,0,7,19,0,2,351,1
"org.apache.jackrabbit.webdav.spi.RootCollection",11,1.00,1.27,37,0.41,9648.35,12,1,5,28,11,97.75,72,50,1,2,129.97,0.00,0.50,0.09,0,20.00,4,1244.97,4,4,10,org.apache.jackrabbit.webdav.spi.AbstractResource,0.00,17,1,14,0,17,7,1,13,276,1
"org.apache.jackrabbit.webdav.spi.RootItemCollection",3,1.00,1.33,13,0.15,2782.19,4,1,3,10,7,75.11,28,19,1,5,125.11,0.00,0.80,0.33,0,4.00,2,441.63,1,2,6,org.apache.jackrabbit.webdav.spi.version.VersionControlledItemCollection,0.10,7,4,4,0,7,1,0,6,104,1
"org.apache.jackrabbit.core.search.xpath.QueryFormat",16,0.16,4.06,243,3.40,157052.19,19,3,26,80,22,135.26,39,289,2,1,95.37,0.00,0.00,0.48,1,0.00,14,10201.42,0,14,21,java.lang.Object,0.00,64,0,65,0,64,2,2,10,1854,0
"org.apache.jackrabbit.core.search.xpath.SimpleNode",20,0.06,1.45,68,0.59,14946.68,25,5,0,27,2,130.49,17,90,2,1,130.49,0.00,0.00,0.14,3,204.00,4,1770.85,0,5,0,java.lang.Object,0.00,7,0,29,0,7,15,1,6,428,1
"org.apache.jackrabbit.core.search.xpath.XPathQueryBuilder",13,0.08,8.85,378,7.15,549878.53,41,28,29,103,27,79.05,218,489,3,1,79.52,0.00,0.00,0.11,4,0.00,41,21437.14,0,8,25,java.lang.Object,0.00,90,0,115,0,90,5,2,84,3339,1
"org.apache.jackrabbit.core.fs.vfs.VFSFileSystem",33,0.12,1.91,175,2.99,100577.34,39,6,21,86,5,99.47,175,367,1,1,117.34,0.00,0.00,0.05,6,257.00,5,8980.99,0,12,4,java.lang.Object,0.00,53,0,63,0,53,21,1,43,1830,1
"org.apache.jackrabbit.core.fs.vfs.VFSFileSystemTest",4,0.26,1.00,72,1.02,48429.78,13,9,5,45,3,71.88,58,83,0,3,92.02,0.00,0.67,0.31,1,0.00,1,3062.85,2,1,3,org.apache.jackrabbit.test.JUnitTest,0.00,41,2,4,0,41,3,0,17,564,1
"org.apache.jackrabbit.core.fs.vfs.VFSRAFOutputStream",8,0.12,1.25,41,0.40,8573.83,15,7,5,15,2,121.25,39,66,1,3,121.01,0.00,0.67,0.25,2,18.00,2,1208.95,0,0,1,org.apache.jackrabbit.core.fs.RandomAccessOutputStream,0.33,7,2,10,0,7,8,0,11,275,0
"org.apache.jackrabbit.client.ClientFactoryDelegater",1,0.00,1.00,2,0.02,119.55,1,0,18,1,4,143.41,0,4,2,1,143.41,0.00,0.00,0.00,0,1.00,1,51.02,0,1,2,java.lang.Object,0.00,0,0,1,1,0,0,0,0,16,1
"org.apache.jackrabbit.client.RMIClientFactoryDelegater",1,1.00,1.00,5,0.06,803.46,2,1,18,5,3,172.05,1,8,0,2,122.05,0.00,0.50,0.00,0,1.00,1,181.42,0,1,3,org.apache.jackrabbit.client.ClientFactoryDelegater,0.00,4,1,1,0,4,0,0,1,44,0
"org.apache.jackrabbit.client.RepositoryAccessServlet",10,0.15,2.90,101,1.30,43209.85,19,9,18,45,8,72.60,65,139,5,2,104.82,0.00,0.50,0.24,7,0.00,5,3888.45,0,3,3,javax.servlet.http.HttpServlet,0.00,35,1,29,0,35,7,0,21,752,1
"org.apache.jackrabbit.server.AbstractWebdavServlet",29,0.96,3.03,289,4.17,148675.85,30,1,28,135,39,55.94,287,417,1,2,105.94,2.00,0.25,0.07,3,156.00,12,12500.57,0,0,38,javax.servlet.http.HttpServlet,0.00,106,1,88,2,106,29,1,60,2332,2
"org.apache.jackrabbit.server.JCRWebdavServer",3,0.33,1.33,16,0.16,3315.96,6,3,8,9,6,83.33,36,22,1,1,120.89,0.00,0.00,0.11,0,4.00,2,485.16,0,0,5,java.lang.Object,0.00,6,0,4,0,6,3,0,11,114,1
"org.apache.jackrabbit.server.JCRWebdavServer$DavSessionImpl",7,0.33,1.29,21,0.22,3730.75,8,1,8,17,7,131.91,33,32,0,1,131.67,0.00,0.00,0.71,0,0.00,3,664.37,0,2,7,java.lang.Object,0.00,10,0,9,0,10,5,1,9,159,1
"org.apache.jackrabbit.server.JCRWebdavServer$SessionCache",5,0.25,2.80,52,0.69,29068.86,7,2,8,27,4,55.71,40,66,0,1,103.82,0.00,0.00,0.70,1,0.00,6,2082.61,0,0,4,java.lang.Object,0.00,22,0,14,0,22,5,0,7,403,1
"org.apache.jackrabbit.server.JCRWebdavServer$SessionMap",3,0.00,1.00,7,0.07,955.13,3,0,8,3,1,140.06,0,11,0,2,140.06,0.00,0.50,0.00,0,3.00,1,198.47,3,3,1,java.util.HashMap,0.00,0,1,3,0,0,0,0,0,58,2
"org.apache.jackrabbit.server.JCRWebdavServerServlet",6,0.18,6.33,103,1.40,45731.53,14,8,12,34,20,45.63,62,151,0,3,94.11,0.00,0.67,0.27,3,10.00,27,4213.40,2,1,20,org.apache.jackrabbit.server.AbstractWebdavServlet,0.09,28,2,38,0,28,5,1,20,736,1
"org.apache.jackrabbit.server.RMIRemoteFactoryDelegater",1,1.00,1.00,4,0.05,580.38,2,1,21,4,4,176.78,1,7,0,2,126.78,0.00,0.50,0.00,0,1.00,1,135.05,0,1,4,org.apache.jackrabbit.server.RemoteFactoryDelegater,0.00,3,1,1,0,3,0,0,1,35,0
"org.apache.jackrabbit.server.RemoteFactoryDelegater",1,0.00,1.00,2,0.01,95.05,1,0,21,1,5,144.20,0,4,2,1,144.20,0.00,0.00,0.00,0,1.00,1,41.22,0,1,3,java.lang.Object,0.00,0,0,1,1,0,0,0,0,14,1
"org.apache.jackrabbit.server.RepositoryStartupServlet",8,0.20,4.38,124,1.72,70545.15,18,10,21,47,5,63.50,53,171,1,2,95.72,0.00,0.50,0.28,6,0.00,11,5165.91,2,0,4,javax.servlet.http.HttpServlet,0.00,39,1,35,0,39,8,0,29,933,1
"org.apache.jackrabbit.core.state.orm.hibernate.HibernateNodeState",19,0.15,1.00,47,0.31,4012.74,23,4,6,22,4,141.46,4,67,1,2,141.46,0.00,0.50,0.11,0,139.00,1,938.25,1,8,3,org.apache.jackrabbit.core.state.orm.ORMNodeState,0.19,3,1,19,0,3,11,0,1,273,1
"org.apache.jackrabbit.core.state.orm.hibernate.HibernatePersistenceManager",15,0.36,6.67,331,5.27,267303.79,17,2,32,99,18,107.63,49,570,0,2,87.01,0.00,0.50,0.83,0,0.00,12,15812.27,0,3,18,org.apache.jackrabbit.core.state.AbstractPersistenceManager,0.00,84,1,100,0,84,12,0,19,2606,1
"org.apache.jackrabbit.test.api.query.AbstractQueryLevel2Test",4,0.00,1.75,36,0.53,15212.79,4,0,8,18,4,58.98,34,47,2,5,107.08,0.50,0.57,0.00,0,0.00,3,1582.97,0,0,2,org.apache.jackrabbit.test.api.query.AbstractQueryTest,0.00,14,4,7,2,14,4,0,7,312,2
"org.apache.jackrabbit.test.api.query.AbstractQueryTest",11,0.08,2.36,103,1.29,47683.42,17,6,13,46,14,58.09,119,119,11,4,106.57,4.33,0.18,0.09,3,32.00,7,3874.07,2,4,3,org.apache.jackrabbit.test.AbstractJCRTest,0.24,35,3,26,13,35,7,0,24,756,2
"org.apache.jackrabbit.test.api.query.DerefQueryLevel1Test",7,0.17,2.57,71,0.98,34315.92,8,1,10,31,4,72.20,43,86,1,5,104.42,0.00,0.80,0.86,1,0.00,6,2938.83,3,1,3,org.apache.jackrabbit.test.api.query.AbstractQueryTest,0.42,24,4,18,0,24,6,0,10,563,1
"org.apache.jackrabbit.test.api.query.GetLanguageTest",3,0.00,1.33,15,0.16,2198.85,4,1,3,12,2,90.08,19,20,1,5,122.30,0.00,0.80,1.00,0,0.00,2,473.03,2,0,1,org.apache.jackrabbit.test.api.query.AbstractQueryTest,0.50,9,4,4,0,9,3,0,5,111,1
"org.apache.jackrabbit.test.api.query.GetPersistentQueryPathLevel1Test",3,0.00,1.67,17,0.17,2515.19,4,1,4,12,2,89.57,20,24,1,5,121.79,0.00,0.80,1.00,0,0.00,2,506.53,2,0,1,org.apache.jackrabbit.test.api.query.AbstractQueryTest,0.50,9,4,5,0,9,3,0,6,116,1
"org.apache.jackrabbit.test.api.query.GetPersistentQueryPathTest",1,0.00,1.00,7,0.10,1533.76,1,0,2,7,2,113.92,16,11,1,5,114.39,0.00,0.80,0.00,0,0.00,1,287.56,0,0,1,org.apache.jackrabbit.test.api.query.AbstractQueryTest,0.00,6,4,1,0,6,1,0,2,62,1
"org.apache.jackrabbit.test.api.query.GetStatementTest",3,0.00,1.33,15,0.16,2153.32,4,1,3,12,2,90.15,19,22,1,5,122.37,0.00,0.80,1.00,0,0.00,2,475.46,2,0,1,org.apache.jackrabbit.test.api.query.AbstractQueryTest,0.50,9,4,4,0,9,3,0,5,111,1
"org.apache.jackrabbit.test.api.query.GetSupportedQueryLanguagesTest",3,0.00,1.67,16,0.19,2924.10,4,1,7,15,2,78.98,22,24,1,5,121.27,0.00,0.80,1.00,0,0.00,2,583.35,2,0,1,org.apache.jackrabbit.test.api.query.AbstractQueryTest,0.50,12,4,5,0,12,3,0,7,130,1
"org.apache.jackrabbit.test.api.query.SQLOrderByTest",4,0.00,1.00,20,0.24,4452.21,5,1,1,9,3,70.94,37,25,1,5,120.94,0.00,0.80,1.00,0,0.00,1,732.37,3,0,2,org.apache.jackrabbit.test.api.query.AbstractQueryTest,0.24,5,4,4,0,5,4,0,7,164,1
"org.apache.jackrabbit.test.api.query.SQLQueryLevel2Test",8,0.00,1.75,68,0.76,16556.70,8,0,7,21,4,68.78,56,83,1,6,111.07,0.00,0.83,0.00,3,0.00,4,2294.77,7,0,3,org.apache.jackrabbit.test.api.query.AbstractQueryLevel2Test,0.00,13,5,14,0,13,8,0,19,481,1
"org.apache.jackrabbit.test.api.query.SaveTest",8,0.00,2.50,68,1.08,28861.90,9,1,12,33,3,60.98,66,96,1,4,109.09,0.00,0.75,1.00,0,0.00,5,3250.22,1,0,2,org.apache.jackrabbit.test.AbstractJCRTest,0.29,25,3,20,0,25,8,0,22,612,1
"org.apache.jackrabbit.test.api.query.Statement",3,0.25,1.33,12,0.08,2004.82,5,2,0,4,7,108.36,17,17,7,1,126.23,0.00,0.00,0.33,0,5.00,2,239.93,0,2,0,java.lang.Object,0.00,1,0,4,0,1,1,0,4,65,0
"org.apache.jackrabbit.test.api.query.TestAll",1,0.00,1.00,17,0.20,7463.72,1,0,3,3,13,57.04,12,19,0,2,94.60,0.00,0.50,0.00,0,1.00,1,597.20,0,1,13,junit.framework.TestCase,0.00,2,1,1,0,2,0,0,3,127,1
"org.apache.jackrabbit.test.api.query.XPathDocOrderTest",6,0.00,2.00,57,0.75,17410.29,6,0,6,18,4,65.69,46,60,1,5,107.98,0.00,0.80,0.00,1,0.00,4,2261.18,3,0,3,org.apache.jackrabbit.test.api.query.AbstractQueryTest,0.22,12,4,12,0,12,6,0,8,437,1
"org.apache.jackrabbit.test.api.query.XPathOrderByTest",4,0.00,1.00,21,0.25,4599.49,5,1,1,9,3,72.72,34,26,1,5,120.82,0.00,0.80,1.00,0,0.00,1,741.77,3,0,2,org.apache.jackrabbit.test.api.query.AbstractQueryTest,0.24,5,4,4,0,5,4,0,6,166,1
"org.apache.jackrabbit.test.api.query.XPathPosIndexTest",3,0.00,2.00,23,0.29,7356.34,3,0,6,13,4,64.15,31,29,1,5,112.62,0.00,0.80,0.00,1,2.00,4,859.79,3,0,3,org.apache.jackrabbit.test.api.query.AbstractQueryTest,0.25,10,4,6,0,10,3,0,5,170,1
"org.apache.jackrabbit.test.api.query.XPathQueryLevel2Test",8,0.00,1.75,64,0.80,17029.89,8,0,7,21,4,78.75,55,79,1,6,110.98,0.00,0.83,0.00,3,0.00,4,2394.83,7,0,3,org.apache.jackrabbit.test.api.query.AbstractQueryLevel2Test,0.00,13,5,14,0,13,8,0,19,497,1
"org.apache.jackrabbit.rmi.remote.RemoteItem",10,0.00,1.00,11,0.07,345.17,10,0,3,10,14,108.89,98,14,14,2,158.89,0.00,0.50,0.00,0,10.00,1,224.08,0,3,1,,0.00,0,1,10,0,0,7,0,11,79,1
"org.apache.jackrabbit.rmi.remote.RemoteItemDef",6,0.00,1.00,7,0.04,175.78,6,0,2,6,8,121.89,72,8,7,2,159.45,0.00,0.50,0.00,0,6.00,1,111.15,0,1,1,,0.00,0,1,6,0,0,5,0,7,43,1
"org.apache.jackrabbit.rmi.remote.RemoteLock",5,0.00,1.00,6,0.03,158.73,5,0,3,5,10,110.70,54,7,10,2,159.17,0.00,0.50,0.00,0,5.00,1,99.79,0,2,0,,0.00,0,1,5,0,0,3,0,6,38,1
"org.apache.jackrabbit.rmi.remote.RemoteNamespaceRegistry",6,0.00,1.00,7,0.06,334.83,6,0,3,6,10,119.68,77,10,10,2,157.25,0.00,0.50,0.00,0,6.00,1,185.17,0,4,0,,0.00,0,1,6,0,0,2,0,7,61,1
"org.apache.jackrabbit.rmi.remote.RemoteNode",39,0.00,1.00,40,0.37,1829.70,39,0,3,39,21,109.36,390,60,17,2,157.84,0.00,0.50,0.00,0,39.00,1,1106.46,0,18,5,,0.00,0,1,39,0,0,21,0,40,352,1
"org.apache.jackrabbit.rmi.remote.RemoteNodeDef",3,0.00,1.00,4,0.02,122.02,3,0,1,3,14,147.97,46,5,14,2,158.33,0.00,0.50,0.00,0,3.00,1,68.77,0,0,1,,0.00,0,1,3,0,0,3,0,4,26,1
"org.apache.jackrabbit.rmi.remote.RemoteNodeType",16,0.00,1.00,17,0.12,654.48,16,0,3,16,19,109.83,163,18,18,2,158.31,0.00,0.50,0.00,0,16.00,1,373.02,0,8,2,,0.00,0,1,16,0,0,8,0,17,128,1
"org.apache.jackrabbit.rmi.remote.RemoteNodeTypeManager",4,0.00,1.00,5,0.04,222.98,4,0,3,4,11,146.89,61,10,10,2,157.25,0.00,0.50,0.00,0,4.00,1,118.62,0,0,1,,0.00,0,1,4,0,0,4,0,5,40,1
"org.apache.jackrabbit.rmi.remote.RemoteProperty",8,0.00,1.00,9,0.07,359.33,8,0,3,8,13,120.43,99,11,12,2,157.99,0.00,0.50,0.00,0,8.00,1,206.45,0,2,1,,0.00,0,1,8,0,0,6,0,9,70,1
"org.apache.jackrabbit.rmi.remote.RemotePropertyDef",4,0.00,1.00,5,0.03,161.32,4,0,2,4,13,138.21,58,6,13,2,158.36,0.00,0.50,0.00,0,4.00,1,88.42,0,2,0,,0.00,0,1,4,0,0,2,0,5,33,1
"org.apache.jackrabbit.rmi.remote.RemoteQuery",5,0.00,1.00,6,0.04,184.47,5,0,3,5,11,108.66,46,7,10,2,158.66,0.00,0.50,0.00,0,5.00,1,116.95,0,4,1,,0.00,0,1,5,0,0,1,0,6,42,1
"org.apache.jackrabbit.rmi.remote.RemoteQueryManager",3,0.00,1.00,4,0.03,180.93,3,0,3,3,11,119.42,37,7,10,2,156.98,0.00,0.50,0.00,0,3.00,1,102.82,0,3,1,,0.00,0,1,3,0,0,0,0,4,34,1
"org.apache.jackrabbit.rmi.remote.RemoteQueryResult",3,0.00,1.00,4,0.03,180.19,3,0,3,3,11,112.87,34,5,9,2,156.99,0.00,0.50,0.00,0,3.00,1,90.09,0,1,2,,0.00,0,1,3,0,0,2,0,4,31,1
"org.apache.jackrabbit.rmi.remote.RemoteRepository",6,0.00,1.00,7,0.06,289.75,6,0,4,6,9,120.18,77,11,8,2,157.74,0.00,0.50,0.00,0,6.00,1,174.97,0,2,1,,0.00,0,1,6,0,0,4,0,7,58,1
"org.apache.jackrabbit.rmi.remote.RemoteRow",2,0.00,1.00,3,0.02,126.98,2,0,4,2,10,136.66,28,5,10,2,156.80,0.00,0.50,0.00,0,2.00,1,70.62,0,2,0,,0.00,0,1,2,0,0,0,0,3,24,1
"org.apache.jackrabbit.rmi.remote.RemoteSession",25,0.00,1.00,26,0.24,1268.82,25,0,6,25,14,109.09,270,38,11,2,157.57,0.00,0.50,0.00,0,25.00,1,722.95,0,9,3,,0.00,0,1,25,0,0,16,0,26,230,1
"org.apache.jackrabbit.rmi.remote.RemoteWorkspace",10,0.00,1.00,11,0.12,622.61,10,0,4,10,12,112.74,119,21,9,2,156.87,0.00,0.50,0.00,0,10.00,1,348.72,0,2,3,,0.00,0,1,10,0,0,8,0,11,107,1
"org.apache.jackrabbit.rmi.remote.SerialValue",11,0.10,2.91,85,1.17,55071.36,13,2,20,48,5,61.99,93,127,5,1,110.10,0.00,0.00,0.41,0,0.00,12,3504.93,0,4,0,java.lang.Object,0.00,37,0,32,0,37,7,2,14,652,1
"org.apache.jackrabbit.core.config.AccessManagerConfig",1,0.00,1.00,3,0.01,83.56,1,0,0,1,5,127.71,15,5,4,2,138.07,0.00,0.50,0.00,0,1.00,1,43.36,0,0,1,org.apache.jackrabbit.core.config.BeanConfig,0.00,0,1,1,0,0,1,0,2,16,1
"org.apache.jackrabbit.core.config.BeanConfig",5,0.25,2.00,26,0.33,13094.29,7,2,3,16,7,69.75,41,44,6,1,117.85,0.00,0.00,0.30,1,10.00,6,993.73,0,3,1,java.lang.Object,0.00,11,0,10,4,11,2,0,8,209,1
"org.apache.jackrabbit.core.config.ConfigurationEntityResolver",1,0.00,2.00,10,0.13,2705.68,4,3,5,6,1,138.42,31,18,1,1,106.51,0.00,0.00,1.00,0,0.00,2,376.34,0,1,0,java.lang.Object,0.00,5,0,2,0,5,0,1,5,82,0
"org.apache.jackrabbit.core.config.ConfigurationException",2,0.00,1.00,5,0.03,159.64,2,0,1,2,7,102.50,14,7,7,2,144.79,0.00,0.50,0.00,0,2.00,1,81.40,0,0,0,javax.jcr.RepositoryException,0.00,0,1,2,0,0,2,0,3,28,1
"org.apache.jackrabbit.core.config.ConfigurationParser",12,0.08,2.00,123,1.78,55424.53,32,20,9,46,12,153.96,295,181,3,1,104.68,0.00,0.00,0.12,7,42.00,4,5328.12,0,11,10,java.lang.Object,0.00,34,0,24,0,34,1,0,63,1024,1
"org.apache.jackrabbit.core.config.FileSystemConfig",3,0.00,2.33,19,0.17,4703.49,4,1,2,6,9,66.62,27,33,5,2,116.62,0.00,0.50,1.00,0,0.00,4,499.85,1,1,4,org.apache.jackrabbit.core.config.BeanConfig,0.00,3,1,7,0,3,2,0,5,113,1
"org.apache.jackrabbit.core.config.PersistenceManagerConfig",1,0.00,1.00,3,0.01,83.56,1,0,0,1,7,127.71,15,5,6,2,138.07,0.00,0.50,0.00,0,1.00,1,43.36,0,0,1,org.apache.jackrabbit.core.config.BeanConfig,0.00,0,1,1,0,0,1,0,2,16,1
"org.apache.jackrabbit.core.config.RepositoryConfig",16,0.02,1.81,112,1.27,46460.03,26,10,15,53,15,63.59,171,166,9,1,112.07,0.00,0.00,0.12,4,146.00,7,3814.92,0,12,7,java.lang.Object,0.00,37,0,29,0,37,4,0,34,768,1
"org.apache.jackrabbit.core.config.RepositoryConfigTest",1,0.00,1.00,15,0.25,5043.15,1,0,5,22,4,47.97,9,23,1,2,97.97,0.00,0.50,0.00,0,1.00,1,751.42,0,0,3,junit.framework.TestCase,0.00,21,1,1,0,21,1,0,2,140,1
"org.apache.jackrabbit.core.config.SearchConfig",4,0.67,1.00,11,0.07,776.74,5,1,2,6,8,93.65,35,17,4,2,141.75,0.00,0.50,0.50,0,4.00,1,219.39,1,2,4,org.apache.jackrabbit.core.config.BeanConfig,0.00,2,1,4,0,2,2,0,6,64,1
"org.apache.jackrabbit.core.config.TestAll",1,0.00,1.00,6,0.05,1283.53,1,0,3,3,2,79.93,12,8,0,2,117.50,0.00,0.50,0.00,0,1.00,1,150.40,0,1,2,junit.framework.TestCase,0.00,2,1,1,0,2,0,0,2,39,1
"org.apache.jackrabbit.core.config.VersioningConfig",5,0.08,1.00,16,0.10,1232.23,8,3,2,8,8,84.37,46,23,4,1,134.37,0.00,0.00,0.27,0,13.00,1,314.92,0,2,4,java.lang.Object,0.00,3,0,5,0,3,3,0,9,91,1
"org.apache.jackrabbit.core.config.WorkspaceConfig",7,0.00,1.00,25,0.16,2052.04,12,5,1,10,14,83.78,64,34,9,1,133.77,0.00,0.00,0.20,0,29.00,1,485.68,0,3,5,java.lang.Object,0.00,3,0,7,0,3,4,0,13,134,1
"org.apache.jackrabbit.core.config.WorkspaceConfigTest",2,0.00,1.00,22,0.34,6500.61,3,1,4,24,5,104.73,9,31,1,2,104.50,0.00,0.50,1.00,0,0.00,1,1018.41,0,0,4,junit.framework.TestCase,0.00,22,1,2,0,22,2,0,2,191,1
"org.apache.jackrabbit.core.state.mem.InMemPersistenceManager",30,0.09,2.47,291,3.63,171538.01,44,14,34,115,20,87.74,150,377,0,2,105.61,0.00,0.50,0.15,3,98.00,6,10898.03,1,8,20,org.apache.jackrabbit.core.state.AbstractPersistenceManager,0.00,85,1,74,0,85,22,1,85,2057,1
"org.apache.jackrabbit.test.rmi.RemoteAdapterTest",22,0.36,1.50,198,2.12,47712.25,27,5,44,81,22,66.75,157,222,1,2,109.04,0.00,0.50,0.55,5,0.00,6,6351.33,0,1,21,junit.framework.TestCase,0.00,59,1,33,0,59,21,0,61,1314,1
"org.apache.jackrabbit.test.rmi.TestAll",2,0.00,1.00,6,0.04,857.33,2,0,2,4,1,114.60,11,9,0,1,132.47,0.00,0.00,0.00,0,2.00,1,116.00,0,1,1,java.lang.Object,0.00,2,0,2,0,2,1,0,5,33,1
"org.apache.jackrabbit.webdav.spi.observation.SubscriptionImpl",16,0.01,1.94,90,0.87,21791.55,22,6,11,45,11,77.80,117,116,2,1,120.09,0.00,0.00,0.16,1,128.00,6,2619.63,0,7,9,java.lang.Object,0.00,29,0,31,0,29,9,3,25,583,1
"org.apache.jackrabbit.webdav.spi.observation.SubscriptionImpl$EventBundle",2,1.00,2.00,20,0.34,11839.40,3,1,11,15,1,143.72,4,26,0,1,103.83,0.00,0.00,0.50,0,2.00,3,1029.57,0,1,1,java.lang.Object,0.00,13,0,4,0,13,1,0,4,188,1
"org.apache.jackrabbit.webdav.spi.observation.SubscriptionManagerImpl",7,0.08,1.86,52,0.72,20458.89,9,2,7,41,12,67.91,82,79,1,1,112.04,0.00,0.00,0.43,3,4.00,4,2145.38,0,3,11,java.lang.Object,0.00,34,0,13,0,34,4,1,14,437,1
"org.apache.jackrabbit.webdav.spi.observation.SubscriptionManagerImpl$SubscriptionMap",5,0.38,1.80,32,0.38,11401.89,7,2,7,19,3,115.39,0,42,0,1,115.39,0.00,0.00,0.80,0,0.00,3,1141.30,0,1,3,java.lang.Object,0.00,14,0,9,0,14,4,0,0,250,1
"org.apache.jackrabbit.test.AbstractJCRTest",6,0.19,6.67,193,2.95,193766.09,46,40,12,50,73,128.40,158,227,70,3,78.91,67.50,0.01,0.18,2,10.00,21,8858.16,0,3,3,org.apache.jackrabbit.test.JUnitTest,0.00,44,2,40,135,44,3,0,58,1402,2
"org.apache.jackrabbit.test.JNDIRepositoryStub",2,0.00,3.00,17,0.22,8528.71,4,2,5,8,3,90.60,10,25,1,2,108.48,0.00,0.50,0.50,0,2.00,5,661.04,0,1,2,org.apache.jackrabbit.test.RepositoryStub,0.22,6,1,6,0,6,1,0,3,133,1
"org.apache.jackrabbit.test.JUnitTest",0,0.00,0.00,3,0.05,1456.80,2,2,2,2,3,171.00,9,4,2,2,171.00,137.00,0.01,0.00,0,0.00,0,142.62,0,0,1,junit.framework.TestCase,0.00,2,1,0,137,2,0,0,3,33,2
"org.apache.jackrabbit.test.LogPrintWriter",12,0.12,1.33,46,0.38,6072.91,15,3,5,22,1,132.08,52,64,1,2,131.84,0.00,0.50,0.22,1,22.00,4,1130.33,2,0,0,java.io.PrintWriter,0.00,10,1,16,0,10,12,0,15,282,1
"org.apache.jackrabbit.test.LogPrintWriter$NullWriter",3,0.00,1.00,4,0.04,273.44,3,0,5,3,0,205.57,3,8,0,2,155.57,0.00,0.50,0.00,0,3.00,1,110.76,0,0,0,java.io.Writer,0.00,0,1,3,0,0,3,0,3,35,2
"org.apache.jackrabbit.test.NotExecutableException",2,0.00,1.00,4,0.02,118.02,2,0,0,2,46,95.83,18,7,46,2,145.83,0.00,0.50,0.00,0,2.00,1,53.51,0,0,0,java.lang.Exception,0.00,0,1,2,0,0,2,0,3,20,1
"org.apache.jackrabbit.test.RepositoryHelper",10,0.17,1.20,27,0.25,4141.90,12,2,5,20,4,96.83,75,41,2,1,139.12,0.00,0.00,0.35,4,14.00,3,748.69,0,8,2,java.lang.Object,0.00,10,0,12,0,10,2,0,14,193,1
"org.apache.jackrabbit.test.RepositoryStub",7,0.08,3.00,76,1.31,68104.16,31,24,11,26,6,64.48,85,106,5,1,102.04,0.00,0.00,0.11,0,21.00,14,3921.97,0,6,1,java.lang.Object,0.00,19,0,21,2,19,1,0,9,687,2
"org.apache.jackrabbit.test.RepositoryStubException",1,0.00,1.00,3,0.02,106.02,1,0,0,1,4,157.87,3,5,4,2,137.25,0.00,0.50,0.00,0,1.00,1,45.51,0,0,0,java.lang.Exception,0.00,0,1,1,0,0,1,0,1,16,1
"org.apache.jackrabbit.test.api.AbstractPropertyTest",2,0.25,2.00,19,0.25,6184.60,6,4,6,11,12,65.47,14,25,9,4,107.76,3.00,0.23,0.38,1,2.00,3,735.59,1,0,3,org.apache.jackrabbit.test.AbstractJCRTest,0.50,9,3,4,9,9,2,0,7,145,1
"org.apache.jackrabbit.test.api.AddNodeTest",8,0.00,1.88,47,0.53,10437.36,8,0,7,19,2,102.38,44,70,1,4,120.25,0.00,0.75,0.00,0,0.00,3,1578.20,0,0,1,org.apache.jackrabbit.test.AbstractJCRTest,0.00,11,3,15,0,11,8,0,15,346,1
"org.apache.jackrabbit.test.api.BinaryPropertyTest",12,0.00,2.58,95,1.11,28370.46,12,0,7,43,4,94.82,70,152,1,5,112.69,0.00,0.80,0.00,0,0.00,5,3332.83,0,0,3,org.apache.jackrabbit.test.api.AbstractPropertyTest,0.25,31,4,31,0,31,12,0,22,673,1
"org.apache.jackrabbit.test.api.BooleanPropertyTest",11,0.00,2.82,84,0.99,33245.26,11,0,7,37,3,93.96,62,143,1,5,111.83,0.00,0.80,0.00,0,0.00,6,2983.70,0,0,2,org.apache.jackrabbit.test.api.AbstractPropertyTest,0.26,26,4,31,0,26,11,0,24,591,1
"org.apache.jackrabbit.test.api.DatePropertyTest",11,0.00,2.64,87,1.05,34507.37,11,0,8,39,3,93.85,65,139,1,5,111.72,0.00,0.80,0.00,0,0.00,6,3152.27,0,0,2,org.apache.jackrabbit.test.api.AbstractPropertyTest,0.26,28,4,29,0,28,11,0,27,624,1
"org.apache.jackrabbit.test.api.DoublePropertyTest",11,0.00,2.64,84,1.03,34966.27,11,0,8,40,3,93.80,59,136,1,5,111.67,0.00,0.80,0.00,0,0.00,6,3076.20,0,0,2,org.apache.jackrabbit.test.api.AbstractPropertyTest,0.26,29,4,29,0,29,11,0,22,611,1
"org.apache.jackrabbit.test.api.LongPropertyTest",11,0.00,2.64,84,1.00,32155.95,11,0,8,39,3,94.09,60,136,1,5,111.96,0.00,0.80,0.00,0,0.00,6,2996.98,0,0,2,org.apache.jackrabbit.test.api.AbstractPropertyTest,0.26,28,4,29,0,28,11,0,22,597,1
"org.apache.jackrabbit.test.api.NamePropertyTest",8,0.00,1.88,37,0.38,6498.83,8,0,4,20,3,93.26,50,68,1,5,125.48,0.00,0.80,0.00,0,0.00,4,1129.15,0,0,2,org.apache.jackrabbit.test.api.AbstractPropertyTest,0.31,12,4,15,0,12,8,0,15,255,1
"org.apache.jackrabbit.test.api.NamespaceRegistryReadMethodsTest",5,0.33,2.20,54,0.68,17596.70,8,3,10,19,3,73.37,33,64,1,4,105.59,0.00,0.75,0.60,0,0.00,3,2026.25,1,0,2,org.apache.jackrabbit.test.AbstractJCRTest,0.36,14,3,11,0,14,5,0,10,394,1
"org.apache.jackrabbit.test.api.NamespaceRegistryTest",8,0.24,2.62,67,0.73,16430.59,14,6,7,27,2,68.71,56,96,1,4,111.01,0.00,0.75,0.38,0,0.00,5,2196.49,2,2,1,org.apache.jackrabbit.test.AbstractJCRTest,0.57,19,3,21,0,19,6,0,26,469,1
"org.apache.jackrabbit.test.api.NamespaceRemappingTest",10,0.06,1.70,72,0.81,16130.16,12,2,10,34,2,81.87,62,98,1,4,114.09,0.00,0.75,0.55,2,0.00,3,2431.11,2,2,1,org.apache.jackrabbit.test.AbstractJCRTest,0.50,24,3,17,0,24,8,0,24,514,1
"org.apache.jackrabbit.test.api.NodeDiscoveringNodeTypesTest",6,0.10,2.83,63,0.83,27652.95,8,2,9,29,3,56.50,49,100,1,4,104.61,0.00,0.75,0.42,1,2.00,5,2495.48,2,1,2,org.apache.jackrabbit.test.AbstractJCRTest,0.67,23,3,17,0,23,5,0,14,476,1
"org.apache.jackrabbit.test.api.NodeItemIsModifiedTest",4,0.00,1.00,23,0.29,3640.74,4,0,4,12,2,84.06,49,28,1,4,121.62,0.00,0.75,0.00,0,0.00,1,875.35,0,0,1,org.apache.jackrabbit.test.AbstractJCRTest,0.00,8,3,4,0,8,4,0,11,188,1
"org.apache.jackrabbit.test.api.NodeItemIsNewTest",2,0.00,1.00,10,0.13,1491.05,2,0,4,9,2,92.93,26,13,1,4,122.31,0.00,0.75,0.00,0,0.00,1,380.20,0,0,1,org.apache.jackrabbit.test.AbstractJCRTest,0.00,7,3,2,0,7,2,0,5,85,1
"org.apache.jackrabbit.test.api.NodeIteratorTest",5,0.00,2.80,45,0.45,14239.92,5,0,5,13,3,75.74,30,63,1,4,107.96,0.00,0.75,0.00,0,0.00,5,1336.28,1,0,2,org.apache.jackrabbit.test.AbstractJCRTest,0.36,8,3,14,0,8,5,0,11,280,1
"org.apache.jackrabbit.test.api.NodeOrderableChildNodesTest",10,0.52,1.50,82,1.02,16612.69,13,3,10,27,3,63.38,104,115,1,4,111.86,0.00,0.75,0.80,2,0.00,2,3063.82,1,0,2,org.apache.jackrabbit.test.AbstractJCRTest,0.00,17,3,15,0,17,10,0,41,627,1
"org.apache.jackrabbit.test.api.NodeReadMethodsTest",36,0.37,3.42,412,5.91,384839.33,38,2,16,108,3,67.92,230,626,1,4,100.14,0.00,0.75,0.14,6,0.00,14,17724.78,3,6,2,org.apache.jackrabbit.test.AbstractJCRTest,0.19,72,3,123,0,72,30,0,89,3191,1
"org.apache.jackrabbit.test.api.NodeReadMethodsTest$ItemVisitor",2,0.00,1.00,5,0.03,251.60,2,0,16,5,0,143.24,0,8,0,1,143.24,0.00,0.00,0.00,0,2.00,1,103.75,0,0,0,java.lang.Object,0.00,3,0,2,0,3,2,0,0,31,0
"org.apache.jackrabbit.test.api.NodeTest",35,0.88,1.74,313,4.22,87486.48,36,1,12,77,2,66.30,414,399,1,4,110.43,0.00,0.75,0.14,0,0.00,4,12661.48,4,0,1,org.apache.jackrabbit.test.AbstractJCRTest,0.20,42,3,61,0,42,35,0,225,2526,1
"org.apache.jackrabbit.test.api.NodeUUIDTest",4,0.00,1.75,45,0.64,14215.26,4,0,8,19,3,151.33,92,57,1,4,104.06,0.00,0.75,0.00,1,0.00,2,1916.40,0,0,2,org.apache.jackrabbit.test.AbstractJCRTest,0.00,15,3,7,0,15,4,0,34,365,1
"org.apache.jackrabbit.test.api.PathPropertyTest",8,0.00,1.88,37,0.38,6498.83,8,0,4,20,3,107.61,44,68,1,5,125.48,0.00,0.80,0.00,0,0.00,4,1129.15,0,0,2,org.apache.jackrabbit.test.api.AbstractPropertyTest,0.31,12,4,15,0,12,8,0,15,255,1
"org.apache.jackrabbit.test.api.PropertyItemIsModifiedTest",5,0.00,1.20,30,0.36,4845.13,6,1,5,16,2,68.42,46,38,1,4,118.41,0.00,0.75,1.00,0,0.00,2,1076.51,1,0,1,org.apache.jackrabbit.test.AbstractJCRTest,0.36,11,3,6,0,11,5,0,10,233,1
"org.apache.jackrabbit.test.api.PropertyItemIsNewTest",3,0.00,1.33,17,0.20,2739.90,4,1,5,13,2,73.07,30,23,1,4,121.55,0.00,0.75,1.00,0,0.00,2,596.27,1,0,1,org.apache.jackrabbit.test.AbstractJCRTest,0.44,10,3,4,0,10,3,0,6,132,1
"org.apache.jackrabbit.test.api.PropertyReadMethodsTest",17,0.03,1.59,78,0.86,17371.44,19,2,13,49,4,124.97,84,127,1,4,124.74,0.00,0.75,0.47,0,0.00,4,2576.92,2,0,3,org.apache.jackrabbit.test.AbstractJCRTest,0.35,32,3,27,0,32,17,0,26,569,1
"org.apache.jackrabbit.test.api.PropertyReadMethodsTest$ItemVisitor",2,0.00,1.00,5,0.03,251.60,2,0,13,5,0,143.24,0,8,0,1,143.24,0.00,0.00,0.00,0,2.00,1,103.75,0,0,0,java.lang.Object,0.00,3,0,2,0,3,2,0,0,31,0
"org.apache.jackrabbit.test.api.PropertyTypeTest",3,0.00,2.67,31,0.40,15808.15,3,0,8,20,2,71.94,18,49,1,4,104.16,0.00,0.75,0.00,1,5.00,6,1206.42,1,0,1,org.apache.jackrabbit.test.AbstractJCRTest,0.44,17,3,8,0,17,3,0,3,225,1
"org.apache.jackrabbit.test.api.PropertyUtil",12,0.05,4.08,177,2.39,101753.63,28,16,14,37,13,54.70,92,261,13,1,96.99,0.00,0.00,0.02,1,42.00,8,7178.83,0,4,0,java.lang.Object,0.00,25,0,49,0,25,8,0,20,1296,1
"org.apache.jackrabbit.test.api.ReferencePropertyTest",11,0.70,1.64,50,0.58,10255.38,12,1,7,35,3,107.17,56,83,1,5,125.04,0.00,0.80,0.36,0,0.00,4,1749.05,1,0,2,org.apache.jackrabbit.test.api.AbstractPropertyTest,0.53,24,4,18,0,24,11,0,19,378,1
"org.apache.jackrabbit.test.api.ReferencesTest",3,0.00,6.00,85,1.31,83960.79,3,0,2,27,2,33.48,25,103,1,4,81.59,0.00,0.75,0.00,0,0.00,10,3942.87,0,0,1,org.apache.jackrabbit.test.AbstractJCRTest,0.00,24,3,18,0,24,3,0,12,706,1
"org.apache.jackrabbit.test.api.RepositoryDescriptorTest",4,0.00,1.75,34,0.32,5185.68,6,2,8,15,2,94.80,22,39,1,4,112.67,0.00,0.75,0.50,0,0.00,2,965.97,2,0,1,org.apache.jackrabbit.test.AbstractJCRTest,0.80,11,3,7,0,11,4,0,6,226,1
"org.apache.jackrabbit.test.api.RootNodeTest",6,0.10,1.33,22,0.18,2075.96,8,2,5,15,2,133.38,29,32,1,4,133.14,0.00,0.75,0.58,0,0.00,2,549.08,2,0,1,org.apache.jackrabbit.test.AbstractJCRTest,0.67,9,3,8,0,9,6,0,10,140,1
"org.apache.jackrabbit.test.api.SerializationContext",2,0.96,1.50,57,0.59,9494.27,27,25,2,4,3,127.86,5,61,2,1,87.97,0.00,0.00,0.52,0,0.00,2,1768.00,0,1,1,java.lang.Object,0.00,2,0,3,0,2,1,0,2,325,0
"org.apache.jackrabbit.test.api.SerializationTest",32,0.21,1.66,193,2.27,55602.65,44,12,25,73,4,136.96,112,265,0,4,116.34,0.00,0.75,0.28,5,0.00,7,6816.03,2,1,4,org.apache.jackrabbit.test.AbstractJCRTest,0.21,41,3,53,0,41,31,0,33,1389,1
"org.apache.jackrabbit.test.api.SessionReadMethodsTest",11,0.05,2.09,75,0.81,22525.09,13,2,9,37,3,97.86,60,105,1,4,115.73,0.00,0.75,0.45,2,0.00,4,2424.48,1,2,2,org.apache.jackrabbit.test.AbstractJCRTest,0.24,26,3,23,0,26,9,0,17,517,1
"org.apache.jackrabbit.test.api.SessionTest",15,0.00,1.60,161,2.37,56822.85,15,0,9,34,2,123.54,274,195,1,4,105.41,0.00,0.75,0.00,0,0.00,2,7113.93,0,0,1,org.apache.jackrabbit.test.AbstractJCRTest,0.00,19,3,24,0,19,15,0,146,1395,1
"org.apache.jackrabbit.test.api.SessionUUIDTest",3,0.00,1.67,36,0.54,12673.04,3,0,6,12,2,128.31,96,45,1,4,102.07,0.00,0.75,0.00,0,0.00,2,1616.80,0,0,1,org.apache.jackrabbit.test.AbstractJCRTest,0.00,9,3,5,0,9,3,0,33,310,1
"org.apache.jackrabbit.test.api.SetPropertyBooleanTest",7,0.00,1.00,37,0.38,4866.78,8,1,3,16,2,104.67,35,55,1,4,122.55,0.00,0.75,1.00,0,0.00,1,1135.78,1,0,1,org.apache.jackrabbit.test.AbstractJCRTest,0.31,9,3,7,0,9,7,0,7,268,1
"org.apache.jackrabbit.test.api.SetPropertyCalendarTest",7,0.44,1.00,39,0.43,5784.16,10,3,4,17,2,104.08,35,57,1,4,121.96,0.00,0.75,0.71,0,0.00,1,1296.34,1,0,1,org.apache.jackrabbit.test.AbstractJCRTest,0.31,10,3,7,0,10,7,0,7,298,1
"org.apache.jackrabbit.test.api.SetPropertyDoubleTest",7,0.44,1.00,39,0.44,6348.70,10,3,3,17,2,103.76,35,57,1,4,121.64,0.00,0.75,0.71,0,0.00,1,1326.80,1,0,1,org.apache.jackrabbit.test.AbstractJCRTest,0.31,10,3,7,0,10,7,0,7,306,1
"org.apache.jackrabbit.test.api.SetPropertyInputStreamTest",8,0.31,1.50,60,0.70,19770.36,13,5,4,19,2,94.79,41,81,1,4,112.66,0.00,0.75,0.48,0,0.00,5,2095.11,1,0,1,org.apache.jackrabbit.test.AbstractJCRTest,0.29,11,3,12,0,11,8,0,11,450,1
"org.apache.jackrabbit.test.api.SetPropertyLongTest",7,0.44,1.00,39,0.44,6432.14,10,3,3,17,2,103.72,35,57,1,4,121.59,0.00,0.75,0.71,0,0.00,1,1333.08,1,0,1,org.apache.jackrabbit.test.AbstractJCRTest,0.31,10,3,7,0,10,7,0,7,307,1
"org.apache.jackrabbit.test.api.SetPropertyNodeTest",7,0.56,1.00,41,0.44,5843.76,10,3,2,17,2,104.05,35,59,1,4,121.92,0.00,0.75,0.81,0,0.00,1,1322.29,1,0,1,org.apache.jackrabbit.test.AbstractJCRTest,0.31,10,3,7,0,10,7,0,7,308,1
"org.apache.jackrabbit.test.api.SetPropertyStringTest",23,0.23,1.09,139,1.76,29634.89,31,8,7,36,2,117.70,106,201,1,4,117.46,0.00,0.75,0.35,0,0.00,2,5271.87,1,0,1,org.apache.jackrabbit.test.AbstractJCRTest,0.14,13,3,25,0,13,23,0,23,1157,1
"org.apache.jackrabbit.test.api.SetPropertyValueTest",26,0.17,1.15,147,1.88,30186.59,34,8,9,41,2,120.99,126,218,1,4,120.76,0.00,0.75,0.29,0,0.00,2,5637.12,1,0,1,org.apache.jackrabbit.test.AbstractJCRTest,0.12,15,3,30,0,15,26,0,28,1241,1
"org.apache.jackrabbit.test.api.SetValueBinaryTest",6,0.45,1.67,42,0.46,9165.47,10,4,9,22,2,71.99,47,52,1,4,114.29,0.00,0.75,0.62,1,0.00,3,1380.00,1,0,1,org.apache.jackrabbit.test.AbstractJCRTest,0.33,16,3,10,0,16,6,0,15,297,1
"org.apache.jackrabbit.test.api.SetValueBooleanTest",5,0.58,1.40,30,0.30,3626.47,8,3,7,17,2,71.26,43,40,1,4,119.37,0.00,0.75,0.80,0,0.00,2,902.11,1,0,1,org.apache.jackrabbit.test.AbstractJCRTest,0.36,12,3,7,0,12,5,0,13,206,1
"org.apache.jackrabbit.test.api.SetValueDateTest",5,0.58,1.40,32,0.33,4222.91,8,3,9,19,2,70.74,43,42,1,4,118.85,0.00,0.75,0.80,0,0.00,2,994.20,1,0,1,org.apache.jackrabbit.test.AbstractJCRTest,0.36,14,3,7,0,14,5,0,13,223,1
"org.apache.jackrabbit.test.api.SetValueDoubleTest",5,0.58,1.40,30,0.31,3659.85,8,3,7,17,2,71.23,43,40,1,4,119.34,0.00,0.75,0.80,0,0.00,2,915.99,1,0,1,org.apache.jackrabbit.test.AbstractJCRTest,0.36,12,3,7,0,12,5,0,13,208,1
"org.apache.jackrabbit.test.api.SetValueLongTest",5,0.58,1.40,30,0.30,3626.47,8,3,7,17,2,71.26,43,40,1,4,119.37,0.00,0.75,0.80,0,0.00,2,902.11,1,0,1,org.apache.jackrabbit.test.AbstractJCRTest,0.36,12,3,7,0,12,5,0,13,206,1
"org.apache.jackrabbit.test.api.SetValueReferenceTest",6,0.33,1.67,38,0.37,5709.56,9,3,8,22,3,69.92,62,51,1,4,118.40,0.00,0.75,0.61,1,0.00,3,1100.39,1,0,2,org.apache.jackrabbit.test.AbstractJCRTest,0.33,16,3,10,0,16,6,0,16,249,1
"org.apache.jackrabbit.test.api.SetValueStringTest",22,0.19,1.64,142,1.50,26088.80,31,9,11,38,2,99.78,123,185,1,4,117.65,0.00,0.75,0.29,0,0.00,2,4501.51,1,0,1,org.apache.jackrabbit.test.AbstractJCRTest,0.14,16,3,36,0,16,22,0,45,963,1
"org.apache.jackrabbit.test.api.StringPropertyTest",11,0.00,2.82,90,1.07,30781.18,11,0,7,42,4,61.83,92,146,1,5,109.93,0.00,0.80,0.00,0,0.00,5,3220.00,0,0,3,org.apache.jackrabbit.test.api.AbstractPropertyTest,0.26,31,4,31,0,31,11,0,24,637,1
"org.apache.jackrabbit.test.api.TestAll",1,0.00,1.00,52,0.80,34175.39,1,0,3,3,48,51.15,14,54,0,2,71.29,0.00,0.50,0.00,0,1.00,1,2412.40,0,1,48,junit.framework.TestCase,0.00,2,1,1,0,2,0,0,5,407,1
"org.apache.jackrabbit.test.api.TreeComparator",20,0.04,3.35,250,3.66,150875.54,34,14,19,65,3,57.64,149,337,1,4,99.93,0.00,0.75,0.11,10,96.00,11,10983.76,1,2,2,org.apache.jackrabbit.test.AbstractJCRTest,0.00,45,3,67,0,45,18,0,50,1935,0
"org.apache.jackrabbit.test.api.UndefinedPropertyTest",2,0.00,1.00,10,0.11,1573.10,2,0,6,8,4,79.83,15,15,1,4,122.12,0.00,0.75,0.00,0,2.00,1,315.80,1,0,3,org.apache.jackrabbit.test.AbstractJCRTest,0.50,6,3,2,0,6,2,0,3,72,1
"org.apache.jackrabbit.test.api.WorkspaceReadMethodsTest",5,0.00,1.40,29,0.30,5734.67,5,0,4,18,2,102.88,29,36,1,4,120.76,0.00,0.75,0.00,0,0.00,2,893.57,1,0,1,org.apache.jackrabbit.test.AbstractJCRTest,0.36,13,3,7,0,13,5,0,7,201,1
"org.apache.jackrabbit.core.jndi.BindableRepository",12,0.03,1.08,42,0.44,7953.68,18,6,16,27,5,151.58,44,64,3,1,130.97,0.00,0.00,0.19,1,0.00,2,1323.86,0,8,3,java.lang.Object,0.00,15,0,13,0,15,4,3,20,321,0
"org.apache.jackrabbit.core.jndi.BindableRepositoryFactory",2,1.00,2.50,16,0.24,8116.22,3,1,7,12,1,60.58,16,27,1,1,108.69,0.00,0.00,0.50,0,2.00,4,731.93,0,1,1,java.lang.Object,0.00,10,0,5,0,10,1,1,5,144,1
"org.apache.jackrabbit.core.jndi.RegistryHelper",3,0.00,1.33,10,0.11,2229.24,3,0,3,7,3,88.24,22,20,2,1,130.53,0.00,0.00,0.00,0,3.00,2,321.88,0,0,1,java.lang.Object,0.00,4,0,4,0,4,3,0,4,75,1
"org.apache.jackrabbit.test.api.nodetype.CanAddChildNodeCallWithNodeTypeTest",7,0.25,2.14,58,0.86,23257.63,9,2,7,22,4,77.19,47,95,1,4,109.41,0.00,0.75,0.71,0,0.00,3,2576.09,2,0,3,org.apache.jackrabbit.test.AbstractJCRTest,0.62,15,3,15,0,15,7,0,10,496,1
"org.apache.jackrabbit.test.api.nodetype.CanAddChildNodeCallWithoutNodeTypeTest",7,0.00,1.86,43,0.59,13139.80,8,1,6,17,4,83.83,45,78,1,4,116.05,0.00,0.75,1.00,0,0.00,2,1760.23,2,0,3,org.apache.jackrabbit.test.AbstractJCRTest,0.62,10,3,13,0,10,7,0,9,357,1
"org.apache.jackrabbit.test.api.nodetype.CanRemoveItemTest",8,0.00,1.88,46,0.61,13007.73,9,1,7,20,4,101.62,44,86,1,4,119.50,0.00,0.75,1.00,0,0.00,2,1817.81,2,0,3,org.apache.jackrabbit.test.AbstractJCRTest,0.57,12,3,15,0,12,8,0,10,375,1
"org.apache.jackrabbit.test.api.nodetype.CanSetPropertyBinaryTest",6,0.00,2.17,79,1.52,71321.99,7,1,9,17,4,64.96,40,143,1,4,97.18,0.00,0.75,1.00,0,0.00,3,4554.69,2,0,3,org.apache.jackrabbit.test.AbstractJCRTest,0.67,11,3,13,0,11,6,0,13,798,1
"org.apache.jackrabbit.test.api.nodetype.CanSetPropertyBooleanTest",6,0.00,2.17,80,1.56,72559.20,7,1,9,19,4,64.90,38,145,1,4,97.12,0.00,0.75,1.00,0,0.00,3,4687.59,2,0,3,org.apache.jackrabbit.test.AbstractJCRTest,0.67,13,3,13,0,13,6,0,10,816,1
"org.apache.jackrabbit.test.api.nodetype.CanSetPropertyDateTest",6,0.00,2.17,89,1.91,94417.43,7,1,11,20,4,62.80,39,173,1,4,95.02,0.00,0.75,1.00,0,0.00,3,5728.07,2,0,3,org.apache.jackrabbit.test.AbstractJCRTest,0.67,14,3,13,0,14,6,0,12,961,1
"org.apache.jackrabbit.test.api.nodetype.CanSetPropertyDoubleTest",6,0.00,2.17,89,1.90,95583.44,7,1,11,20,4,62.76,37,173,1,4,94.98,0.00,0.75,1.00,0,0.00,3,5713.95,2,0,3,org.apache.jackrabbit.test.AbstractJCRTest,0.67,14,3,13,0,14,6,0,10,961,1
"org.apache.jackrabbit.test.api.nodetype.CanSetPropertyLongTest",6,0.00,2.17,89,1.90,95583.44,7,1,11,20,4,62.76,37,173,1,4,94.98,0.00,0.75,1.00,0,0.00,3,5713.95,2,0,3,org.apache.jackrabbit.test.AbstractJCRTest,0.67,14,3,13,0,14,6,0,10,961,1
"org.apache.jackrabbit.test.api.nodetype.CanSetPropertyMultipleTest",5,0.00,1.80,32,0.48,12475.37,6,1,8,17,4,82.87,31,56,1,4,115.09,0.00,0.75,1.00,0,0.00,2,1437.31,2,0,3,org.apache.jackrabbit.test.AbstractJCRTest,0.73,12,3,9,0,12,5,0,8,286,1
"org.apache.jackrabbit.test.api.nodetype.CanSetPropertyNameTest",6,0.00,2.17,94,1.96,92650.26,7,1,12,20,4,61.74,37,182,1,4,93.97,0.00,0.75,1.00,0,0.00,3,5871.00,2,0,3,org.apache.jackrabbit.test.AbstractJCRTest,0.67,14,3,13,0,14,6,0,10,973,1
"org.apache.jackrabbit.test.api.nodetype.CanSetPropertyPathTest",6,0.00,2.17,91,1.87,88540.61,7,1,12,20,4,61.90,37,175,1,4,94.12,0.00,0.75,1.00,0,0.00,3,5612.64,2,0,3,org.apache.jackrabbit.test.AbstractJCRTest,0.67,14,3,13,0,14,6,0,10,940,1
"org.apache.jackrabbit.test.api.nodetype.CanSetPropertyStringTest",6,0.00,2.17,79,1.53,71218.26,7,1,9,17,4,64.96,37,145,1,4,97.18,0.00,0.75,1.00,0,0.00,3,4591.36,2,0,3,org.apache.jackrabbit.test.AbstractJCRTest,0.67,11,3,13,0,11,6,0,10,802,1
"org.apache.jackrabbit.test.api.nodetype.CanSetPropertyTest",5,0.00,1.80,30,0.45,10384.99,6,1,8,17,4,83.49,31,54,1,4,115.71,0.00,0.75,1.00,0,0.00,2,1338.80,2,0,3,org.apache.jackrabbit.test.AbstractJCRTest,0.73,12,3,9,0,12,5,0,8,270,1
"org.apache.jackrabbit.test.api.nodetype.NodeDefTest",10,0.03,3.30,118,1.32,43667.31,14,4,11,37,3,60.92,78,147,1,4,103.21,0.00,0.75,0.28,2,22.00,5,3952.33,2,0,2,org.apache.jackrabbit.test.AbstractJCRTest,0.50,27,3,33,0,27,10,0,28,767,1
"org.apache.jackrabbit.test.api.nodetype.NodeTypeManagerTest",6,0.10,1.83,35,0.45,9255.93,8,2,7,27,2,87.46,37,59,1,4,119.68,0.00,0.75,0.58,0,0.00,3,1355.64,3,0,1,org.apache.jackrabbit.test.AbstractJCRTest,0.67,21,3,11,0,21,6,0,12,290,1
"org.apache.jackrabbit.test.api.nodetype.NodeTypeTest",14,0.00,3.50,162,1.91,64077.86,17,3,12,49,3,70.82,87,240,1,4,103.04,0.00,0.75,0.33,2,0.00,6,5731.50,3,2,2,org.apache.jackrabbit.test.AbstractJCRTest,0.40,35,3,49,0,35,12,0,26,1088,1
"org.apache.jackrabbit.test.api.nodetype.NodeTypeUtil",10,0.00,10.00,356,4.65,624381.13,10,0,23,61,13,30.98,112,454,13,1,75.11,0.00,0.00,0.00,3,10.00,45,13943.80,0,10,0,java.lang.Object,0.00,51,0,100,0,51,0,0,46,2255,0
"org.apache.jackrabbit.test.api.nodetype.PredefinedNodeTypeTest",8,0.15,13.75,392,6.84,836336.34,35,27,23,73,2,19.35,82,593,1,4,67.82,0.00,0.75,0.17,3,20.00,41,20523.55,2,0,1,org.apache.jackrabbit.test.AbstractJCRTest,0.57,65,3,110,0,65,8,0,49,3032,1
"org.apache.jackrabbit.test.api.nodetype.PropertyDefTest",10,0.09,4.70,158,2.20,105000.59,19,9,17,45,4,47.00,81,234,1,4,95.11,0.00,0.75,0.19,2,10.00,15,6610.01,2,0,3,org.apache.jackrabbit.test.AbstractJCRTest,0.50,35,3,47,0,35,10,0,32,1176,1
"org.apache.jackrabbit.test.api.nodetype.TestAll",1,0.00,1.00,22,0.28,10800.80,1,0,3,3,18,51.60,12,24,0,2,89.16,0.00,0.50,0.00,0,1.00,1,827.66,0,1,18,junit.framework.TestCase,0.00,2,1,1,0,2,0,0,3,167,1
"org.apache.jackrabbit.init.NodeTestData",2,1.43,2.50,48,0.73,29105.85,9,7,11,24,2,38.05,20,54,1,4,86.52,0.00,0.75,0.86,0,0.00,4,2201.83,1,0,1,org.apache.jackrabbit.test.AbstractJCRTest,0.50,22,3,5,0,22,2,0,13,384,1
"org.apache.jackrabbit.init.PropertyTestData",1,0.00,4.00,23,0.36,12269.66,2,1,7,15,2,39.21,10,28,1,4,87.69,0.00,0.75,1.00,0,0.00,4,1079.00,0,0,1,org.apache.jackrabbit.test.AbstractJCRTest,0.00,14,3,4,0,14,1,0,5,188,1
"org.apache.jackrabbit.init.QueryTestData",1,0.00,4.00,27,0.41,20673.72,2,1,4,13,2,45.74,12,32,1,4,83.31,0.00,0.75,1.00,0,0.00,4,1231.03,0,0,1,org.apache.jackrabbit.test.AbstractJCRTest,0.00,12,3,4,0,12,1,0,5,223,1
"org.apache.jackrabbit.init.TestAll",1,0.00,1.00,7,0.06,1740.69,1,0,3,3,3,76.39,12,9,0,2,113.96,0.00,0.50,0.00,0,1.00,1,186.48,0,1,3,junit.framework.TestCase,0.00,2,1,1,0,2,0,0,2,47,1
"org.apache.jackrabbit.test.api.observation.AbstractObservationTest",11,0.40,1.45,49,0.63,15605.51,13,2,10,30,13,75.53,97,75,12,4,123.64,4.00,0.19,0.14,2,35.00,3,1879.64,1,1,1,org.apache.jackrabbit.test.AbstractJCRTest,0.24,19,3,16,12,19,10,0,14,413,1
"org.apache.jackrabbit.test.api.observation.AddEventListenerTest",7,0.00,1.29,71,1.02,25995.52,7,0,4,19,4,63.24,53,99,1,5,105.53,0.00,0.80,0.00,0,0.00,2,3064.70,2,1,3,org.apache.jackrabbit.test.api.observation.AbstractObservationTest,0.00,12,4,9,0,12,6,0,10,583,1
"org.apache.jackrabbit.test.api.observation.EventIteratorTest",3,0.00,1.67,47,0.59,15877.45,3,0,5,15,4,53.56,33,54,1,5,97.69,0.00,0.80,0.00,0,0.00,2,1770.04,2,0,3,org.apache.jackrabbit.test.api.observation.AbstractObservationTest,0.00,12,4,5,0,12,3,0,8,328,1
"org.apache.jackrabbit.test.api.observation.EventResult",5,0.00,2.00,30,0.28,5242.03,8,3,8,16,12,73.90,56,43,12,1,118.03,0.00,0.00,0.33,2,2.00,3,832.75,0,3,0,java.lang.Object,0.00,11,0,10,0,11,2,1,11,193,0
"org.apache.jackrabbit.test.api.observation.EventTest",3,0.00,1.00,33,0.42,8149.26,3,0,3,13,3,62.82,22,37,1,5,105.11,0.00,0.80,0.00,0,0.00,1,1256.61,2,0,2,org.apache.jackrabbit.test.api.observation.AbstractObservationTest,0.00,10,4,3,0,10,3,0,4,243,1
"org.apache.jackrabbit.test.api.observation.GetRegisteredEventListenersTest",2,0.00,1.00,21,0.24,6030.45,2,0,2,5,3,74.08,12,24,1,5,106.30,0.00,0.80,0.00,0,0.00,1,725.25,3,0,2,org.apache.jackrabbit.test.api.observation.AbstractObservationTest,0.00,3,4,2,0,3,2,0,2,152,1
"org.apache.jackrabbit.test.api.observation.LockingTest",3,0.00,2.67,56,0.76,26224.52,3,0,5,18,3,48.78,33,54,1,5,92.91,0.00,0.80,0.00,1,0.00,3,2285.30,2,1,2,org.apache.jackrabbit.test.api.observation.AbstractObservationTest,0.00,15,4,8,0,15,2,0,6,397,1
"org.apache.jackrabbit.test.api.observation.NodeAddedTest",4,0.00,1.00,37,0.45,9306.06,4,0,3,9,3,66.60,29,42,1,5,108.89,0.00,0.80,0.00,0,0.00,1,1340.86,3,0,2,org.apache.jackrabbit.test.api.observation.AbstractObservationTest,0.00,5,4,4,0,5,4,0,5,272,1
"org.apache.jackrabbit.test.api.observation.NodeMovedTest",1,0.00,1.00,17,0.23,6351.80,1,0,3,7,3,128.54,20,19,1,5,95.15,0.00,0.80,0.00,0,0.00,1,688.37,4,0,2,org.apache.jackrabbit.test.api.observation.AbstractObservationTest,0.00,6,4,1,0,6,1,0,2,130,1
"org.apache.jackrabbit.test.api.observation.NodeRemovedTest",2,0.00,1.00,22,0.26,5683.06,2,0,3,7,3,60.83,22,25,1,5,104.96,0.00,0.80,0.00,0,0.00,1,780.98,3,0,2,org.apache.jackrabbit.test.api.observation.AbstractObservationTest,0.00,5,4,2,0,5,2,0,3,157,1
"org.apache.jackrabbit.test.api.observation.PropertyAddedTest",3,0.00,1.33,37,0.48,12114.70,3,0,5,13,3,52.28,28,40,1,5,102.28,0.00,0.80,0.00,0,0.00,2,1451.08,3,0,2,org.apache.jackrabbit.test.api.observation.AbstractObservationTest,0.00,10,4,4,0,10,3,0,4,274,1
"org.apache.jackrabbit.test.api.observation.PropertyChangedTest",4,0.00,1.75,65,1.04,45926.22,4,0,8,24,4,45.51,43,72,1,5,93.98,0.00,0.80,0.00,0,0.00,4,3125.82,3,0,3,org.apache.jackrabbit.test.api.observation.AbstractObservationTest,0.00,20,4,7,0,20,4,0,7,540,1
"org.apache.jackrabbit.test.api.observation.PropertyRemovedTest",2,0.00,1.00,26,0.35,8251.55,2,0,4,8,3,56.85,23,30,1,5,100.98,0.00,0.80,0.00,0,0.00,1,1046.31,3,0,2,org.apache.jackrabbit.test.api.observation.AbstractObservationTest,0.00,6,4,2,0,6,2,0,3,199,1
"org.apache.jackrabbit.test.api.observation.TestAll",1,0.00,1.00,16,0.18,6826.31,1,0,3,3,12,47.41,10,18,0,2,95.89,0.00,0.50,0.00,0,1.00,1,552.81,0,1,12,junit.framework.TestCase,0.00,2,1,1,0,2,0,0,2,119,1
"org.apache.jackrabbit.test.api.observation.WorkspaceOperationTest",3,0.00,1.00,44,0.66,18361.59,3,0,3,11,3,48.43,28,48,1,5,98.43,0.00,0.80,0.00,0,0.00,1,1975.37,4,0,2,org.apache.jackrabbit.test.api.observation.AbstractObservationTest,0.00,8,4,3,0,8,3,0,4,367,1
"org.apache.jackrabbit.webdav.spi.version.report.ExportViewReport",4,0.17,3.25,43,0.67,25420.49,10,6,17,26,11,65.92,50,58,1,1,103.48,0.00,0.00,0.29,0,8.00,7,2019.36,0,1,10,java.lang.Object,0.00,22,0,13,0,22,3,1,8,373,1
"org.apache.jackrabbit.webdav.spi.version.report.LocateByUuidReport",4,0.00,2.00,32,0.49,12413.69,9,5,10,27,14,59.66,38,42,1,1,109.66,0.00,0.00,0.20,0,10.00,3,1460.10,0,1,13,java.lang.Object,0.00,23,0,8,0,23,3,1,6,286,1
"org.apache.jackrabbit.webdav.spi.version.report.NodeTypesReport",8,0.00,4.25,131,2.11,106390.20,12,4,16,74,12,43.28,78,155,1,1,93.28,0.00,0.00,0.25,2,0.00,10,6330.78,0,5,11,java.lang.Object,0.00,66,0,34,0,66,3,2,18,1110,1
"org.apache.jackrabbit.core.security.AMContext",6,0.04,1.00,22,0.15,1838.37,11,5,4,6,6,83.62,55,33,4,1,133.62,0.00,0.00,0.17,0,26.00,1,445.88,0,5,2,java.lang.Object,0.00,0,0,6,0,0,1,0,12,118,1
"org.apache.jackrabbit.core.security.AccessManager",5,3.00,1.00,9,0.10,884.30,8,3,5,5,10,133.16,72,13,8,1,153.30,0.00,0.00,0.00,0,5.00,1,298.33,0,0,2,,0.00,0,0,5,0,0,5,0,9,83,1
"org.apache.jackrabbit.core.security.AnonymousPrincipal",5,0.75,1.40,15,0.09,1176.27,6,1,2,6,2,174.34,10,23,2,1,134.45,0.00,0.00,0.40,0,7.00,3,268.38,0,2,0,java.lang.Object,0.00,1,0,7,0,1,3,2,4,76,1
"org.apache.jackrabbit.core.security.CredentialsCallback",3,1.00,1.00,7,0.04,385.42,4,1,3,3,2,125.29,16,11,2,1,143.16,0.00,0.00,0.33,0,4.00,1,118.49,0,1,0,java.lang.Object,0.00,0,0,3,0,0,2,2,4,37,1
"org.apache.jackrabbit.core.security.CredentialsCallbackHandler",2,0.50,3.00,23,0.30,17106.54,4,2,9,9,2,58.65,15,28,1,1,100.94,0.00,0.00,0.25,0,2.00,5,889.06,0,0,1,java.lang.Object,0.00,7,0,6,0,7,2,1,7,175,1
"org.apache.jackrabbit.core.security.SimpleAccessManager",6,0.30,2.67,42,0.43,10172.85,12,6,8,13,6,81.60,36,64,0,1,113.82,0.00,0.00,0.42,0,0.00,5,1290.66,0,0,6,java.lang.Object,0.00,7,0,16,0,7,6,1,18,276,1
"org.apache.jackrabbit.core.security.SimpleLoginModule",6,0.03,2.33,54,0.58,22945.41,12,6,13,25,3,74.78,37,73,0,1,107.00,0.00,0.00,0.19,1,0.00,7,1744.37,0,0,3,java.lang.Object,0.00,19,0,14,0,19,6,1,23,346,1
"org.apache.jackrabbit.core.security.SystemPrincipal",5,0.75,1.40,15,0.09,1176.27,6,1,2,6,2,174.34,10,23,2,1,134.45,0.00,0.00,0.40,0,7.00,3,268.38,0,2,0,java.lang.Object,0.00,1,0,7,0,1,3,2,4,76,1
"org.apache.jackrabbit.core.security.UserPrincipal",5,0.25,1.60,19,0.14,2767.72,6,1,2,8,2,171.38,13,28,2,1,131.49,0.00,0.00,0.80,0,0.00,3,417.31,0,2,0,java.lang.Object,0.00,3,0,8,0,3,3,2,4,108,1
"org.apache.jackrabbit.webdav.spi.version.VersionControlledItemCollection",17,0.81,4.29,219,3.29,168751.27,18,1,13,93,23,54.81,187,290,1,4,98.94,0.33,0.60,0.24,4,0.00,12,9865.87,11,2,22,org.apache.jackrabbit.webdav.spi.DefaultItemCollection,0.12,76,3,73,1,76,15,1,60,1758,1
"org.apache.jackrabbit.webdav.spi.version.VersionControlledItemCollection$EListener",2,0.00,2.50,17,0.25,5548.27,5,3,13,9,6,149.87,5,24,0,1,109.99,0.00,0.00,0.33,0,2.00,4,735.26,0,0,6,java.lang.Object,0.00,7,0,5,0,7,2,1,3,152,1
"org.apache.jackrabbit.webdav.spi.version.VersionHistoryItemCollection",5,1.00,2.40,39,0.55,13482.95,6,1,11,29,14,64.15,41,57,1,4,112.26,0.00,0.75,0.20,0,0.00,3,1657.96,6,1,13,org.apache.jackrabbit.webdav.spi.DefaultItemCollection,0.09,24,3,12,0,24,4,1,12,335,1
"org.apache.jackrabbit.webdav.spi.version.VersionItemCollection",7,1.00,3.14,69,1.10,39449.74,8,1,14,48,18,57.50,61,92,1,4,105.60,0.00,0.75,0.14,1,8.00,7,3285.28,6,2,17,org.apache.jackrabbit.webdav.spi.DefaultItemCollection,0.14,41,3,22,0,41,5,1,21,587,1
"org.apache.jackrabbit.webdav.observation.EventDiscovery",2,0.00,1.50,10,0.10,1737.28,4,2,4,7,9,73.21,20,14,8,1,121.69,0.00,0.00,0.50,0,0.00,2,285.39,0,1,1,java.lang.Object,0.00,5,0,3,0,5,1,1,3,71,1
"org.apache.jackrabbit.webdav.observation.ObservationConstants",0,0.00,0.00,21,0.38,7227.19,20,20,2,2,6,171.00,45,22,5,1,171.00,0.00,0.00,0.00,0,0.00,0,1126.63,0,0,1,,0.00,2,0,0,0,2,0,0,11,194,1
"org.apache.jackrabbit.webdav.observation.ObservationDavServletRequest",2,0.00,1.00,3,0.01,65.85,2,0,1,2,2,109.05,18,4,0,2,159.05,0.00,0.50,0.00,0,2.00,1,38.73,0,2,2,,0.00,0,1,2,0,0,0,0,3,16,1
"org.apache.jackrabbit.webdav.observation.ObservationDavServletResponse",2,0.00,1.00,3,0.02,145.14,2,0,2,2,4,108.24,17,4,1,2,156.35,0.00,0.50,0.00,0,2.00,1,72.57,0,0,3,,0.00,0,1,2,0,0,2,0,3,24,1
"org.apache.jackrabbit.webdav.observation.ObservationResource",5,2.00,1.00,8,0.07,490.86,7,2,3,5,11,107.21,41,9,5,2,155.31,0.00,0.50,0.00,0,5.00,1,200.38,0,3,7,,0.00,0,1,5,0,0,2,0,6,61,1
"org.apache.jackrabbit.webdav.observation.Subscription",2,0.00,1.00,3,0.01,46.83,2,0,1,2,9,110.22,18,4,9,1,160.22,0.00,0.00,0.00,0,2.00,1,31.22,0,2,0,,0.00,0,0,2,0,0,0,0,3,14,1
"org.apache.jackrabbit.webdav.observation.SubscriptionDiscovery",4,0.67,1.75,20,0.17,3846.74,5,1,2,7,7,79.02,28,25,4,2,121.31,0.00,0.50,0.50,0,4.00,2,513.92,1,2,3,org.apache.jackrabbit.webdav.property.AbstractDavProperty,0.20,3,1,7,0,3,2,0,5,124,1
"org.apache.jackrabbit.webdav.observation.SubscriptionInfo",8,0.03,1.75,43,0.47,13126.51,13,5,4,22,10,77.19,58,55,8,1,119.48,0.00,0.00,0.22,1,22.00,4,1414.70,0,3,2,java.lang.Object,0.00,14,0,14,0,14,5,1,10,302,1
"org.apache.jackrabbit.webdav.observation.SubscriptionManager",4,0.00,1.00,5,0.05,289.90,4,0,1,4,10,108.25,33,10,5,1,156.35,0.00,0.00,0.00,0,4.00,1,151.86,0,2,6,,0.00,0,0,4,0,0,2,0,5,46,1
"org.apache.jackrabbit.core.version.GenericVersionSelector",15,0.12,1.53,53,0.52,16963.40,19,4,5,23,3,86.77,108,78,2,1,129.06,0.00,0.00,0.13,0,64.00,5,1573.92,0,7,1,java.lang.Object,0.00,8,0,23,0,8,8,1,20,366,1
"org.apache.jackrabbit.core.version.HistoryRootNodeState",7,0.17,2.43,43,0.53,12816.14,9,2,8,17,6,83.85,46,67,1,4,116.08,0.00,0.75,0.36,1,4.00,4,1588.21,1,3,6,org.apache.jackrabbit.core.virtual.VirtualNodeState,0.04,10,3,17,0,10,4,0,16,332,1
"org.apache.jackrabbit.core.version.InternalFreeze",1,0.00,1.00,2,0.01,48.43,1,0,1,1,5,96.50,9,3,4,2,146.50,0.00,0.50,0.00,0,1.00,1,27.12,0,1,1,,0.00,0,1,1,0,0,0,0,2,11,1
"org.apache.jackrabbit.core.version.InternalFrozenNode",6,0.00,1.00,7,0.04,217.36,6,0,3,6,9,126.50,37,8,6,2,158.72,0.00,0.50,0.00,0,6.00,1,113.40,0,4,3,,0.00,0,1,6,0,0,2,0,7,43,1
"org.apache.jackrabbit.core.version.InternalFrozenVersionHistory",4,0.00,1.00,5,0.03,144.45,4,0,1,4,6,116.44,30,7,4,2,158.73,0.00,0.50,0.00,0,4.00,1,78.03,0,3,2,,0.00,0,1,4,0,0,1,0,5,30,1
"org.apache.jackrabbit.core.version.InternalVersion",10,0.00,1.00,11,0.05,270.10,10,0,3,10,22,127.51,61,12,20,2,159.73,0.00,0.50,0.00,0,10.00,1,159.39,0,7,3,,0.00,0,1,10,0,0,3,0,11,63,1
"org.apache.jackrabbit.core.version.InternalVersionHistory",13,0.00,1.00,14,0.10,525.64,13,0,4,13,16,116.06,94,16,15,2,158.35,0.00,0.50,0.00,0,13.00,1,288.26,0,3,2,,0.00,0,1,13,0,0,10,0,14,100,1
"org.apache.jackrabbit.core.version.InternalVersionItem",3,0.00,1.00,4,0.02,76.31,3,0,0,3,13,117.64,21,5,13,1,159.93,0.00,0.00,0.00,0,3.00,1,50.87,0,2,1,,0.00,0,0,3,0,0,1,0,4,21,1
"org.apache.jackrabbit.core.version.InternalVersionItemListener",1,0.00,1.00,2,0.01,41.48,1,0,0,1,3,102.90,11,3,3,1,147.03,0.00,0.00,0.00,0,1.00,1,27.65,0,0,1,,0.00,0,0,1,0,0,1,0,2,11,1
"org.apache.jackrabbit.core.version.PersistentVersionManager",16,0.00,1.00,17,0.13,735.64,16,0,8,16,14,125.69,108,24,8,1,157.91,0.00,0.00,0.00,0,16.00,1,393.42,0,7,6,,0.00,0,0,16,0,0,9,0,17,132,1
"org.apache.jackrabbit.core.version.VersionHistoryImpl",17,0.31,2.29,96,1.34,41238.10,18,1,21,43,17,118.32,76,150,3,3,118.08,0.00,0.67,0.71,2,0.00,4,4008.49,0,9,16,org.apache.jackrabbit.core.NodeImpl,0.03,26,2,39,0,26,8,1,20,831,1
"org.apache.jackrabbit.core.version.VersionHistoryNodeState",7,0.17,2.57,39,0.55,13995.09,8,1,8,17,7,100.84,36,60,1,4,118.72,0.00,0.75,0.86,0,0.00,5,1662.17,5,3,7,org.apache.jackrabbit.core.virtual.VirtualNodeState,0.04,10,3,18,0,10,4,1,13,352,1
"org.apache.jackrabbit.core.version.VersionImpl",10,0.33,1.30,40,0.41,11094.13,11,1,18,17,14,106.63,58,51,5,3,124.50,0.00,0.67,0.70,1,0.00,2,1228.56,1,6,11,org.apache.jackrabbit.core.NodeImpl,0.04,7,2,13,0,7,4,1,15,287,1
"org.apache.jackrabbit.core.version.VersionItemStateProvider",23,0.02,2.52,207,3.18,158091.88,34,11,31,122,37,62.68,170,279,5,1,104.98,0.00,0.00,0.11,10,172.00,9,9533.98,0,12,36,java.lang.Object,0.00,99,0,58,0,99,11,2,70,1755,1
"org.apache.jackrabbit.core.version.VersionIteratorImpl",9,0.08,1.56,39,0.34,7838.57,12,3,7,22,2,107.42,50,52,1,1,125.29,0.00,0.00,0.26,2,16.00,3,1005.66,0,2,1,java.lang.Object,0.00,13,0,14,0,13,7,1,13,236,1
"org.apache.jackrabbit.core.version.VersionLabelsNodeState",8,0.29,2.38,55,0.69,24074.56,10,2,13,26,10,154.27,19,73,1,4,114.38,0.00,0.75,0.25,3,20.00,6,2055.58,5,5,10,org.apache.jackrabbit.core.virtual.VirtualNodeState,0.08,18,3,19,0,18,3,1,5,423,1
"org.apache.jackrabbit.core.version.VersionManager",14,0.00,1.00,15,0.11,570.36,14,0,8,14,11,116.03,104,16,5,1,158.32,0.00,0.00,0.00,0,14.00,1,327.72,0,8,6,,0.00,0,0,14,0,0,6,0,16,112,1
"org.apache.jackrabbit.core.version.VersionManagerImpl",17,0.05,1.53,72,0.78,15118.85,23,6,15,50,16,82.93,126,103,1,1,125.22,0.00,0.00,0.22,1,0.00,3,2342.15,0,7,15,java.lang.Object,0.00,33,0,26,0,33,10,3,27,538,1
"org.apache.jackrabbit.core.version.VersionNodeState",2,1.00,4.50,32,0.46,25153.10,3,1,7,13,8,44.98,21,37,1,4,93.45,0.00,0.75,0.50,0,2.00,7,1386.69,3,1,8,org.apache.jackrabbit.core.virtual.VirtualNodeState,0.00,11,3,9,0,11,1,0,6,261,1
"org.apache.jackrabbit.core.version.VersionSelector",1,0.00,1.00,2,0.01,69.06,1,0,3,1,3,107.72,12,3,3,1,145.29,0.00,0.00,0.00,0,1.00,1,36.53,0,1,0,,0.00,0,0,1,0,0,0,0,2,13,1
"org.apache.jackrabbit.core.state.orm.ojb.OJBNodeState",13,0.17,1.00,35,0.25,3351.74,17,4,7,16,4,140.78,4,49,1,2,140.78,0.00,0.50,0.10,0,64.00,1,756.73,1,5,3,org.apache.jackrabbit.core.state.orm.ORMNodeState,0.22,3,1,13,0,3,8,1,1,212,1
"org.apache.jackrabbit.core.state.orm.ojb.OJBPersistenceManager",15,0.10,2.47,176,2.58,107172.14,18,3,27,89,17,122.21,47,240,0,2,101.60,0.00,0.50,0.42,0,0.00,8,7728.27,1,3,17,org.apache.jackrabbit.core.state.AbstractPersistenceManager,0.00,74,1,37,0,74,12,0,17,1397,1
"org.apache.jackrabbit.core.state.orm.ojb.ValuesToStringFieldConversion",4,1.00,1.75,23,0.26,9108.29,5,1,5,15,2,168.36,4,29,1,1,118.36,0.00,0.00,0.25,0,6.00,3,789.59,0,2,1,java.lang.Object,0.00,11,0,7,0,11,2,1,1,170,1
"org.apache.jackrabbit.webdav.property.AbstractDavProperty",6,0.27,2.17,36,0.38,14835.69,9,3,4,16,12,66.60,60,47,10,1,115.08,0.00,0.00,0.11,1,14.00,5,1147.40,0,2,2,java.lang.Object,0.00,10,0,13,16,10,4,1,7,262,2
"org.apache.jackrabbit.webdav.property.DavProperty",4,0.00,1.00,5,0.02,100.68,4,0,2,4,19,115.84,47,6,17,2,159.97,0.00,0.50,0.00,0,4.00,1,61.95,0,3,2,,0.00,0,1,4,0,0,1,0,5,26,1
"org.apache.jackrabbit.webdav.property.DavPropertyIterator",1,0.00,1.00,2,0.01,70.32,1,0,2,1,5,96.75,10,3,4,2,145.23,0.00,0.50,0.00,0,1.00,1,35.16,0,1,1,,0.00,0,1,1,0,0,0,0,2,13,1
"org.apache.jackrabbit.webdav.property.DavPropertyName",9,0.02,1.56,50,0.68,24295.66,24,15,4,20,33,75.51,71,65,32,1,117.80,0.00,0.00,0.08,1,5.00,4,2031.71,0,6,1,java.lang.Object,0.00,11,0,14,0,11,3,1,19,427,1
"org.apache.jackrabbit.webdav.property.DavPropertyNameSet",5,1.00,1.80,26,0.28,9385.01,6,1,6,14,16,76.72,38,33,14,2,119.01,0.00,0.50,0.00,1,5.00,4,826.71,1,0,2,java.util.HashSet,0.00,9,1,9,0,9,5,0,7,178,1
"org.apache.jackrabbit.webdav.property.DavPropertySet",14,0.54,1.00,32,0.31,4356.47,15,1,3,27,13,97.85,111,47,9,1,140.14,0.00,0.00,0.50,3,14.00,1,925.90,0,0,4,java.lang.Object,0.00,13,0,14,0,13,14,0,18,254,1
"org.apache.jackrabbit.webdav.property.DavPropertySet$PropIter",7,0.06,1.43,28,0.21,3713.41,10,3,3,14,2,147.62,25,39,0,1,127.00,0.00,0.00,0.29,2,11.00,3,618.73,0,1,2,java.lang.Object,0.00,7,0,10,0,7,6,1,10,159,1
"org.apache.jackrabbit.webdav.property.DefaultDavProperty",5,0.50,1.00,15,0.15,1968.56,7,2,2,7,12,82.77,49,21,10,2,132.77,3.00,0.20,0.10,0,8.00,1,444.74,0,1,2,org.apache.jackrabbit.webdav.property.AbstractDavProperty,0.00,2,1,5,3,2,4,0,7,114,1
"org.apache.jackrabbit.webdav.property.HrefProperty",6,0.20,2.17,44,0.55,20085.62,8,2,7,25,12,63.06,61,55,8,2,111.54,0.00,0.50,0.33,1,6.00,5,1636.80,1,3,4,org.apache.jackrabbit.webdav.property.AbstractDavProperty,0.17,19,1,13,0,19,3,0,7,327,1
"org.apache.jackrabbit.webdav.property.ResourceType",5,0.00,1.80,22,0.21,4267.71,8,3,1,9,5,83.03,36,31,3,2,125.32,1.00,0.33,0.33,1,6.00,2,628.13,1,2,2,org.apache.jackrabbit.webdav.property.AbstractDavProperty,0.18,4,1,9,1,4,3,0,8,152,1
"org.apache.jackrabbit.tck.j.RepositoryServlet",7,0.15,2.86,89,1.23,70800.16,18,11,11,32,3,66.74,44,116,1,2,98.96,0.00,0.50,0.22,2,13.00,11,3677.55,2,3,2,javax.servlet.http.HttpServlet,0.00,25,1,20,0,25,4,0,26,645,1
"org.apache.jackrabbit.examples.FirstSteps",3,0.00,3.67,51,0.73,29851.98,3,0,15,33,1,61.10,20,63,0,1,93.32,0.00,0.00,0.00,2,3.00,6,2183.23,0,1,1,java.lang.Object,0.00,30,0,11,0,30,2,0,4,393,1
"org.apache.jackrabbit.core.lock.LockImpl",7,0.08,1.43,24,0.18,2540.83,9,2,6,12,4,133.20,34,36,1,1,132.96,0.00,0.00,0.57,2,0.00,3,536.33,0,3,3,java.lang.Object,0.00,5,0,10,0,5,4,1,11,141,0
"org.apache.jackrabbit.core.lock.LockInfo",10,0.03,1.20,35,0.29,4335.72,18,8,8,15,10,90.10,79,48,5,1,132.39,0.00,0.00,0.10,0,42.00,2,864.08,0,3,6,java.lang.Object,0.00,5,0,12,0,5,7,1,20,217,0
"org.apache.jackrabbit.core.lock.LockManager",9,0.00,1.00,10,0.11,612.18,9,0,7,9,7,108.46,76,14,5,1,156.57,0.00,0.00,0.00,0,9.00,1,316.60,0,2,3,,0.00,0,0,9,0,0,7,0,10,96,1
"org.apache.jackrabbit.core.lock.LockManagerImpl",19,0.08,3.84,214,3.37,112430.90,25,6,15,95,17,84.27,110,324,3,1,102.14,0.00,0.00,0.25,7,0.00,9,10116.36,0,3,15,java.lang.Object,0.00,76,0,73,0,76,16,2,41,1869,1
"org.apache.jackrabbit.core.lock.LockManagerImpl$PathMap.ChildVisitor",1,0.00,2.00,5,0.05,772.48,1,0,15,3,1,122.03,0,7,0,1,122.03,0.00,0.00,0.00,0,1.00,2,151.44,0,0,1,java.lang.Object,0.00,2,0,2,0,2,1,0,0,38,0
"org.apache.jackrabbit.core.lock.LockManagerImpl$PathMap.ChildVisitor_0",1,0.00,1.00,4,0.04,421.02,1,0,15,3,1,127.88,0,5,0,1,127.88,0.00,0.00,0.00,0,1.00,1,115.51,0,0,1,java.lang.Object,0.00,2,0,1,0,2,1,0,0,31,0
"org.apache.jackrabbit.core.lock.LockManagerImpl$PathMap.ChildVisitor_1",1,0.00,1.00,4,0.04,421.02,1,0,15,3,1,127.88,0,5,0,1,127.88,0.00,0.00,0.00,0,1.00,1,115.51,0,0,1,java.lang.Object,0.00,2,0,1,0,2,1,0,0,31,0
"org.apache.jackrabbit.core.lock.LockToken",4,1.00,3.00,45,0.55,42703.36,5,1,7,13,5,67.96,26,53,3,1,100.18,0.00,0.00,0.25,1,6.00,7,1642.32,0,2,2,java.lang.Object,0.00,9,0,12,0,9,2,0,6,321,0
"org.apache.jackrabbit.core.lock.PathMap",4,0.00,2.25,40,0.41,12015.31,5,1,3,9,3,57.65,41,41,1,1,106.13,0.00,0.00,1.00,0,0.00,4,1217.10,0,0,2,java.lang.Object,0.00,5,0,9,0,5,4,0,8,255,1
"org.apache.jackrabbit.core.lock.PathMap$Child",13,0.01,3.00,102,1.20,57461.66,19,6,3,36,2,78.29,81,131,0,1,110.52,0.00,0.00,0.18,4,68.00,7,3596.00,0,4,2,java.lang.Object,0.00,23,0,39,0,23,9,0,19,740,2
"org.apache.jackrabbit.core.lock.PathMap$ChildVisitor",1,0.00,1.00,2,0.01,41.48,1,0,3,1,0,147.27,4,3,0,1,147.03,0.00,0.00,0.00,0,1.00,1,27.65,0,0,0,,0.00,0,0,1,0,0,1,0,1,11,1
"org.apache.jackrabbit.test.orm.BlobTest",2,0.00,3.00,33,0.48,23806.06,4,2,7,18,2,143.74,3,38,1,4,93.74,0.00,0.75,0.50,0,2.00,5,1429.02,0,0,1,org.apache.jackrabbit.test.AbstractJCRTest,0.00,16,3,6,0,16,2,0,1,243,1
"org.apache.jackrabbit.test.orm.TestAll",1,0.00,1.00,6,0.05,1283.53,1,0,3,3,2,73.37,11,8,0,2,117.50,0.00,0.50,0.00,0,1.00,1,150.40,0,1,2,junit.framework.TestCase,0.00,2,1,1,0,2,0,0,2,39,1
"org.apache.jackrabbit.test.orm.XMLImportSpeedTest",4,0.22,3.25,68,0.93,36955.05,10,6,12,31,2,143.60,5,87,1,4,93.60,0.00,0.75,0.33,2,2.00,5,2799.49,0,0,1,org.apache.jackrabbit.test.AbstractJCRTest,0.00,27,3,13,0,27,4,0,3,502,1
"org.apache.jackrabbit.server.simple.WebdavServlet",6,0.10,3.83,73,1.08,46572.10,12,6,13,35,19,55.67,69,107,0,3,99.80,0.00,0.67,0.25,2,10.00,14,3231.32,3,1,19,org.apache.jackrabbit.server.AbstractWebdavServlet,0.17,29,2,23,0,29,5,0,22,570,1
"org.apache.jackrabbit.server.simple.WebdavServlet$DavSessionImpl",7,0.25,1.00,17,0.14,1753.62,9,2,13,13,1,161.50,24,25,0,1,140.88,0.00,0.00,0.29,0,15.00,1,414.38,0,2,1,java.lang.Object,0.00,6,0,7,0,6,5,1,9,116,1
"org.apache.jackrabbit.core.util.Base64",11,0.12,2.27,108,1.78,229742.97,15,4,7,18,7,58.91,84,135,7,1,101.20,0.00,0.00,0.14,2,39.00,8,5351.38,0,0,0,java.lang.Object,0.00,7,0,25,0,7,11,0,23,993,1
"org.apache.jackrabbit.core.util.ChildrenCollector",3,0.17,1.67,15,0.15,2436.59,6,3,5,4,0,79.61,21,23,0,2,121.90,0.00,0.50,0.44,0,1.00,2,463.16,0,0,0,TraversingItemVisitor.Default,0.00,1,1,5,0,1,3,0,4,111,1
"org.apache.jackrabbit.core.util.ChildrenCollectorFilter",5,0.12,4.60,61,0.60,35789.30,11,6,6,13,1,55.91,56,80,1,2,100.04,0.00,0.50,0.27,2,13.00,13,1814.10,0,0,0,TraversingItemVisitor.Default,0.00,8,1,23,0,8,5,0,14,381,1
"org.apache.jackrabbit.core.util.ISO9075",5,0.38,3.40,57,0.78,60189.75,7,2,4,27,6,55.61,55,75,5,1,99.74,0.00,0.00,0.20,2,11.00,9,2329.46,0,4,1,java.lang.Object,0.00,22,0,17,0,22,1,0,18,469,1
"org.apache.jackrabbit.core.util.IteratorHelper",11,0.02,1.09,33,0.21,2861.02,15,4,8,16,3,134.40,47,47,3,1,134.16,0.00,0.00,0.23,1,38.00,2,637.88,0,4,0,java.lang.Object,0.00,5,0,12,0,5,7,3,15,179,1
"org.apache.jackrabbit.core.util.Text",7,1.00,2.71,57,0.83,57133.49,8,1,4,23,4,57.80,71,78,4,1,106.28,0.00,0.00,0.14,3,12.00,6,2493.09,0,7,0,java.lang.Object,0.00,16,0,19,1,16,0,0,12,496,1
"org.apache.jackrabbit.core.util.ValueHelper",5,0.00,6.80,108,2.04,251697.14,5,0,17,26,8,46.65,63,212,4,1,84.21,0.00,0.00,0.00,1,5.00,17,6105.35,0,4,4,java.lang.Object,0.00,21,0,34,0,21,1,0,36,1014,1
"org.apache.jackrabbit.core.fs.local.FileUtil",3,0.00,5.00,45,0.58,43930.82,3,0,4,21,1,61.73,19,55,1,1,93.96,0.00,0.00,0.00,2,3.00,10,1739.07,0,0,0,java.lang.Object,0.00,18,0,15,0,18,3,0,8,316,2
"org.apache.jackrabbit.core.fs.local.LocalFileSystem",26,0.16,2.23,181,2.29,90794.97,28,2,13,56,9,134.50,88,240,4,1,113.89,0.00,0.00,0.65,2,0.00,6,6879.80,0,8,5,java.lang.Object,0.00,30,0,58,0,30,18,1,29,1419,1
"org.apache.jackrabbit.core.fs.local.LocalFileSystem$FileFilter",1,0.00,1.00,3,0.02,173.90,1,0,13,2,0,135.56,0,4,0,1,135.56,0.00,0.00,0.00,0,1.00,1,52.97,0,0,0,java.lang.Object,0.00,1,0,1,0,1,1,0,0,17,0
"org.apache.jackrabbit.core.fs.local.LocalFileSystem$FileFilter_0",1,0.00,1.00,3,0.02,173.90,1,0,13,2,0,135.56,0,4,0,1,135.56,0.00,0.00,0.00,0,1.00,1,52.97,0,0,0,java.lang.Object,0.00,1,0,1,0,1,1,0,0,17,0
"org.apache.jackrabbit.core.fs.local.RAFOutputStream",9,0.12,1.11,39,0.37,7311.79,15,6,3,14,2,93.38,59,50,1,3,125.60,0.00,0.67,0.28,2,17.00,2,1095.68,0,0,1,org.apache.jackrabbit.core.fs.RandomAccessOutputStream,0.30,5,2,10,0,5,9,0,17,260,0
"org.apache.jackrabbit.webdav.DavConstants",0,0.00,0.00,66,1.45,32569.91,65,65,2,2,33,171.00,38,69,33,1,171.00,0.00,0.00,0.00,0,0.00,0,4342.65,0,0,0,,0.00,2,0,0,0,2,0,0,15,604,1
"org.apache.jackrabbit.webdav.DavException",7,0.03,1.14,32,0.34,5865.02,12,5,4,16,54,83.20,51,44,53,2,125.49,1.00,0.33,0.23,1,30.00,2,1022.12,0,3,2,java.lang.Exception,0.00,9,1,8,1,9,4,0,8,242,1
"org.apache.jackrabbit.webdav.DavLocatorFactory",2,0.00,1.00,3,0.02,130.34,2,0,0,2,7,106.72,18,4,7,1,156.71,0.00,0.00,0.00,0,2.00,1,69.87,0,2,1,,0.00,0,0,2,0,0,0,0,3,24,1
"org.apache.jackrabbit.webdav.DavMethods",3,0.00,2.00,103,1.73,63238.57,60,57,2,10,3,61.58,118,109,3,1,79.66,0.00,0.00,0.02,2,2.00,3,5198.32,0,0,0,java.lang.Object,0.00,7,0,6,0,7,3,0,33,825,1
"org.apache.jackrabbit.webdav.DavResource",31,3.00,1.00,35,0.25,1702.24,34,3,3,31,46,115.01,221,37,37,1,157.30,0.00,0.00,0.00,0,31.00,1,763.11,0,12,12,,0.00,0,0,31,0,0,19,0,35,251,1
"org.apache.jackrabbit.webdav.DavResourceFactory",2,0.00,1.00,3,0.03,184.32,2,0,0,2,20,111.40,22,4,15,1,155.53,0.00,0.00,0.00,0,2.00,1,94.16,0,2,6,,0.00,0,0,2,0,0,0,0,3,28,1
"org.apache.jackrabbit.webdav.DavResourceIterator",2,0.00,1.00,3,0.01,65.85,2,0,1,2,11,126.83,13,4,11,2,159.05,0.00,0.50,0.00,0,2.00,1,38.73,0,1,1,,0.00,0,1,2,0,0,1,0,3,16,1
"org.apache.jackrabbit.webdav.DavResourceIteratorImpl",6,0.07,1.00,17,0.12,1684.23,9,3,3,12,6,140.73,26,24,4,1,140.49,0.00,0.00,0.28,1,6.00,1,360.88,0,2,2,java.lang.Object,0.00,6,0,6,0,6,4,1,7,102,1
"org.apache.jackrabbit.webdav.DavResourceLocator",9,0.00,1.00,10,0.05,204.92,9,0,0,9,34,118.02,63,11,34,1,160.31,0.00,0.00,0.00,0,9.00,1,136.61,0,5,1,,0.00,0,0,9,0,0,4,0,10,55,1
"org.apache.jackrabbit.webdav.DavServletRequest",17,0.00,1.00,18,0.09,422.29,17,0,5,17,11,111.91,141,19,5,2,160.01,0.00,0.50,0.00,0,17.00,1,258.70,0,8,6,,0.00,0,1,17,0,0,9,0,18,103,1
"org.apache.jackrabbit.webdav.DavServletResponse",5,6.00,1.00,12,0.12,1085.81,11,6,4,5,34,131.01,77,13,32,2,141.37,0.00,0.50,0.00,0,5.00,1,345.73,0,0,3,,0.00,0,1,5,0,0,5,0,12,91,1
"org.apache.jackrabbit.webdav.DavSession",6,0.00,1.00,7,0.04,178.34,6,0,1,6,30,127.18,40,8,30,1,159.40,0.00,0.00,0.00,0,6.00,1,113.73,0,2,0,,0.00,0,0,6,0,0,4,0,7,43,1
"org.apache.jackrabbit.webdav.IfHeader",9,0.08,5.11,141,1.64,74339.54,12,3,9,38,2,143.74,245,187,1,1,95.91,0.00,0.00,0.41,4,0.00,15,4927.71,0,2,1,java.lang.Object,0.00,29,0,46,0,29,7,0,53,907,1
"org.apache.jackrabbit.webdav.IfHeader$IfHeaderInterface",1,0.00,1.00,2,0.02,92.96,1,0,9,1,0,133.91,15,3,0,1,144.27,0.00,0.00,0.00,0,1.00,1,46.48,0,0,0,,0.00,0,0,1,0,0,1,0,1,16,2
"org.apache.jackrabbit.webdav.IfHeader$IfHeaderList",1,0.00,3.00,12,0.13,3616.66,1,0,9,3,0,102.00,16,13,0,2,102.47,0.00,0.50,0.00,0,0.00,3,381.64,0,0,0,java.util.ArrayList,0.00,2,1,3,0,2,1,1,2,79,2
"org.apache.jackrabbit.webdav.IfHeader$IfHeaderMap",1,0.00,2.00,9,0.12,3416.54,1,0,9,3,0,78.04,13,12,0,2,107.42,0.00,0.50,0.00,0,0.00,2,349.16,0,0,0,java.util.HashMap,0.00,2,1,2,0,2,1,1,1,75,2
"org.apache.jackrabbit.webdav.IfHeader$IfList",5,0.00,1.40,20,0.21,5317.98,5,0,9,9,0,74.63,49,25,0,2,124.63,0.00,0.50,0.00,0,8.00,3,634.37,1,0,0,java.util.ArrayList,0.00,4,1,7,0,4,5,0,6,144,2
"org.apache.jackrabbit.webdav.IfHeader$IfListEntry",6,0.07,1.33,17,0.14,2148.17,9,3,9,7,0,91.12,64,23,0,1,139.59,0.00,0.00,0.28,0,10.00,3,430.78,0,3,0,java.lang.Object,0.00,1,0,8,0,1,3,0,9,115,3
"org.apache.jackrabbit.webdav.IfHeader$IfListEntryEtag",3,0.00,1.00,7,0.05,450.34,3,0,9,3,0,94.53,25,11,0,2,142.63,0.00,0.50,0.00,0,3.00,1,141.86,1,1,0,org.apache.jackrabbit.webdav.IfListEntry,0.00,0,1,3,0,0,2,0,3,44,2
"org.apache.jackrabbit.webdav.IfHeader$IfListEntryToken",3,0.00,1.00,7,0.05,450.34,3,0,9,3,0,94.53,25,11,0,2,142.63,0.00,0.50,0.00,0,3.00,1,141.86,1,1,0,org.apache.jackrabbit.webdav.IfListEntry,0.00,0,1,3,0,0,2,0,3,44,2
"org.apache.jackrabbit.webdav.MultiStatus",5,0.75,2.00,24,0.31,7069.75,6,1,5,17,18,75.47,43,37,13,1,123.57,0.00,0.00,0.40,3,7.00,3,942.46,0,1,5,java.lang.Object,0.00,12,0,10,0,12,4,0,6,209,1
"org.apache.jackrabbit.webdav.MultiStatusResponse",11,0.02,2.18,80,1.05,41001.93,16,5,5,39,14,63.07,97,103,5,1,111.17,0.00,0.00,0.22,1,35.00,7,3152.67,0,1,9,java.lang.Object,0.00,28,0,24,0,28,10,1,26,622,1
"org.apache.jackrabbit.webdav.WebdavRequest",0,0.00,0.00,1,0.01,66.44,0,0,4,0,10,171.00,7,4,6,6,171.00,0.00,0.83,0.00,0,0.00,0,33.22,0,0,4,,0.00,0,5,0,0,0,0,0,1,10,1
"org.apache.jackrabbit.webdav.WebdavRequestImpl",85,0.00,1.78,397,4.27,138012.09,95,10,28,200,30,163.01,236,548,2,1,123.13,0.00,0.00,0.10,10,0.00,9,12803.20,0,55,28,java.lang.Object,0.00,115,0,151,0,115,30,1,58,2727,1
"org.apache.jackrabbit.webdav.WebdavResponse",0,0.00,0.00,1,0.01,39.30,0,0,1,0,7,171.00,7,3,6,3,171.00,0.00,0.67,0.00,0,0.00,0,19.65,0,0,1,,0.00,0,2,0,0,0,0,0,1,7,1
"org.apache.jackrabbit.webdav.WebdavResponseImpl",38,0.08,1.05,103,1.07,18016.66,40,2,14,87,11,188.69,63,144,2,1,138.69,0.00,0.00,0.42,2,0.00,2,3219.07,0,8,9,java.lang.Object,0.00,49,0,40,0,49,30,1,15,793,1
"org.apache.jackrabbit.webdav.lock.AbstractActiveLock",1,0.00,4.00,24,0.32,15826.21,1,0,3,13,5,75.77,15,29,2,1,86.13,0.00,0.00,0.00,0,0.00,4,955.34,0,1,3,java.lang.Object,0.00,12,0,4,3,12,0,2,8,183,2
"org.apache.jackrabbit.webdav.lock.AbstractLockEntry",1,1.00,1.00,11,0.12,3819.90,2,1,3,7,3,55.84,8,13,1,1,103.95,0.00,0.00,0.00,0,0.00,1,370.29,0,1,2,java.lang.Object,0.00,6,0,1,3,6,0,2,2,88,2
"org.apache.jackrabbit.webdav.lock.ActiveLock",12,0.00,1.00,13,0.06,269.22,12,0,1,12,15,142.49,69,14,14,1,160.36,0.00,0.00,0.00,0,12.00,1,179.48,0,4,1,,0.00,0,0,12,0,0,8,0,13,72,1
"org.apache.jackrabbit.webdav.lock.DefaultActiveLock",13,0.08,1.23,36,0.34,6149.55,17,4,2,25,7,138.89,60,53,1,2,138.66,1.00,0.33,0.17,1,77.00,3,1022.08,0,4,6,org.apache.jackrabbit.webdav.lock.AbstractActiveLock,0.00,12,1,16,1,12,9,0,16,251,1
"org.apache.jackrabbit.webdav.lock.LockDiscovery",6,0.60,1.50,26,0.21,3564.32,7,1,6,13,6,94.38,38,33,3,2,126.61,0.00,0.50,0.50,1,6.00,2,637.45,1,2,3,org.apache.jackrabbit.webdav.property.AbstractDavProperty,0.17,7,1,9,0,7,4,0,7,157,1
"org.apache.jackrabbit.webdav.lock.LockEntry",3,0.00,1.00,4,0.01,64.24,3,0,1,3,4,128.30,18,5,2,1,160.52,0.00,0.00,0.00,0,3.00,1,42.83,0,3,2,,0.00,0,0,3,0,0,0,0,4,19,1
"org.apache.jackrabbit.webdav.lock.LockInfo",8,0.05,2.25,53,0.55,20496.72,14,6,4,24,14,66.84,69,67,12,1,114.94,0.00,0.00,0.21,1,34.00,8,1652.41,0,3,2,java.lang.Object,0.00,16,0,18,0,16,5,0,10,326,1
"org.apache.jackrabbit.webdav.lock.LockManager",5,0.00,1.00,6,0.07,360.30,5,0,2,5,9,107.89,51,10,4,1,156.37,0.00,0.00,0.00,0,5.00,1,198.80,0,3,6,,0.00,0,0,5,0,0,2,0,6,59,1
"org.apache.jackrabbit.webdav.lock.Scope",5,0.00,1.80,30,0.35,10189.76,10,5,4,18,22,83.56,34,40,21,1,115.78,0.00,0.00,0.20,1,10.00,3,1059.31,0,3,1,java.lang.Object,0.00,13,0,9,0,13,2,0,6,238,1
"org.apache.jackrabbit.webdav.lock.SupportedLock",7,0.17,1.57,29,0.30,5323.39,8,1,5,19,6,83.46,51,41,2,2,125.75,0.00,0.50,0.86,0,0.00,3,889.15,1,3,4,org.apache.jackrabbit.webdav.property.AbstractDavProperty,0.15,12,1,11,0,12,4,0,10,209,1
"org.apache.jackrabbit.webdav.lock.SupportedLock$WriteLockEntry",3,1.00,1.67,12,0.13,3382.38,4,1,5,7,2,92.17,19,18,0,2,124.39,0.00,0.50,0.33,0,4.00,3,379.23,0,1,2,org.apache.jackrabbit.webdav.lock.AbstractLockEntry,0.00,4,1,5,0,4,2,0,4,92,3
"org.apache.jackrabbit.webdav.lock.Type",5,0.00,1.80,29,0.32,8949.45,9,4,4,18,13,86.95,33,39,12,1,119.18,0.00,0.00,0.25,1,10.00,3,964.92,0,3,1,java.lang.Object,0.00,13,0,9,0,13,2,0,6,219,1
"org.apache.jackrabbit.core.state.xml.XMLPersistenceManager",23,0.13,4.87,488,8.24,482020.91,52,29,43,151,21,55.06,138,647,0,2,87.28,0.00,0.50,0.16,6,0.00,15,24711.98,1,8,21,org.apache.jackrabbit.core.state.AbstractPersistenceManager,0.00,128,1,112,0,128,15,0,90,4003,1
"org.apache.jackrabbit.core.observation.ChangeLogBasedHierarchyMgr",1,0.00,1.00,5,0.06,532.41,1,0,14,3,12,170.73,23,13,1,2,123.46,0.00,0.50,0.00,0,1.00,1,169.19,0,0,11,org.apache.jackrabbit.core.HierarchyManagerImpl,0.00,2,1,1,0,2,1,0,4,45,0
"org.apache.jackrabbit.core.observation.ChangeLogBasedHierarchyMgr$AtticItemStateManager",4,0.33,1.50,19,0.17,3376.85,5,1,14,12,8,83.11,30,24,0,1,125.40,0.00,0.00,0.75,0,0.00,2,522.61,0,2,8,java.lang.Object,0.00,8,0,6,0,8,2,1,5,125,2
"org.apache.jackrabbit.core.observation.ChangeLogBasedHierarchyMgr$ChangeLogItemStateManager",4,0.00,2.00,20,0.19,3995.79,6,2,14,8,8,71.15,39,32,0,1,121.15,0.00,0.00,0.50,0,4.00,3,568.31,0,2,8,java.lang.Object,0.00,4,0,8,0,4,2,1,10,135,2
"org.apache.jackrabbit.core.observation.DispatchAction",3,0.25,1.00,10,0.05,504.44,5,2,1,3,2,85.68,27,14,1,1,135.68,0.00,0.00,0.33,0,5.00,1,154.86,0,1,1,java.lang.Object,0.00,0,0,3,0,0,2,0,6,48,0
"org.apache.jackrabbit.core.observation.EventConsumer",7,0.19,3.86,76,0.99,34522.49,13,6,17,36,13,74.93,92,106,4,1,104.31,0.00,0.00,0.33,0,0.00,9,2973.79,0,2,9,java.lang.Object,0.00,29,0,27,0,29,5,0,24,560,0
"org.apache.jackrabbit.core.observation.EventFilter",4,0.17,4.00,65,0.86,62993.93,14,10,8,23,10,139.98,95,84,4,1,92.71,0.00,0.00,0.22,0,6.00,13,2580.97,0,2,6,java.lang.Object,0.00,19,0,16,1,19,2,0,28,461,0
"org.apache.jackrabbit.core.observation.EventFilter$BlockAllFilter",2,0.00,1.00,5,0.03,264.06,2,0,8,2,2,143.31,8,8,0,2,143.07,0.00,0.50,0.00,0,2.00,1,97.53,0,0,2,org.apache.jackrabbit.core.observation.EventFilter,0.33,0,1,2,0,0,2,0,2,32,3
"org.apache.jackrabbit.core.observation.EventImpl",9,0.06,1.78,51,0.60,22440.16,13,4,7,31,9,75.75,70,71,4,1,118.05,0.00,0.00,0.31,4,0.00,4,1813.96,0,5,5,java.lang.Object,0.00,22,0,16,0,22,4,1,16,390,2
"org.apache.jackrabbit.core.observation.EventListenerIteratorImpl",9,0.06,1.78,44,0.35,7284.61,13,4,7,19,2,93.29,61,61,1,1,125.51,0.00,0.00,0.19,3,21.00,4,1048.79,0,2,1,java.lang.Object,0.00,10,0,16,0,10,7,1,15,251,0
"org.apache.jackrabbit.core.observation.EventState",18,0.00,1.67,90,1.04,32301.70,27,9,4,28,9,70.71,184,178,7,1,119.19,0.00,0.00,0.11,2,130.00,6,3122.80,0,14,2,java.lang.Object,0.00,10,0,30,0,10,4,0,29,688,0
"org.apache.jackrabbit.core.observation.EventStateCollection",5,0.06,8.00,203,3.93,924097.29,9,4,20,51,22,95.57,97,287,9,1,69.29,0.00,0.00,0.30,0,9.00,36,11780.43,0,1,15,java.lang.Object,0.00,46,0,40,0,46,4,0,64,1730,2
"org.apache.jackrabbit.core.observation.FilteredEventIterator",9,0.02,1.67,41,0.37,9757.59,15,6,7,19,5,92.30,62,61,1,1,124.52,0.00,0.00,0.19,2,24.00,5,1118.03,0,2,4,java.lang.Object,0.00,10,0,15,0,10,7,1,17,257,0
"org.apache.jackrabbit.core.observation.ObservationManagerFactory",10,0.17,2.20,87,0.92,20458.39,19,9,10,40,8,61.06,91,111,4,1,111.06,0.00,0.00,0.27,2,34.00,4,2751.56,0,3,6,java.lang.Object,0.00,30,0,22,0,30,7,1,32,570,2
"org.apache.jackrabbit.core.observation.ObservationManagerImpl",6,0.25,2.17,49,0.61,24030.85,10,4,11,24,13,60.66,48,84,3,1,108.77,0.00,0.00,0.46,2,0.00,4,1838.41,0,1,11,java.lang.Object,0.00,18,0,13,0,18,5,1,13,362,1
"org.apache.jackrabbit.core.observation.SynchronousEventListener",0,0.00,0.00,1,0.01,31.02,0,0,1,0,0,171.00,8,2,0,2,171.00,0.00,0.50,0.00,0,0.00,0,15.51,0,0,0,,0.00,0,1,0,0,0,0,0,1,6,1
"org.apache.jackrabbit.rmi.client.ClientAdapterFactory",17,0.00,1.00,35,0.33,3592.68,17,0,34,34,37,123.59,100,56,2,1,141.46,0.00,0.00,0.00,0,17.00,1,988.82,0,17,35,java.lang.Object,0.00,17,0,17,0,17,0,1,18,269,1
"org.apache.jackrabbit.rmi.client.ClientItem",15,0.14,2.00,65,0.60,14960.89,17,2,8,32,8,125.00,65,105,3,1,124.77,0.00,0.00,0.37,2,0.00,6,1805.38,2,5,5,org.apache.jackrabbit.rmi.client.ClientObject,0.00,17,1,30,2,17,10,1,18,425,1
"org.apache.jackrabbit.rmi.client.ClientItemDef",7,0.17,1.86,29,0.24,4404.38,8,1,4,15,7,146.97,27,49,3,1,126.36,0.00,0.00,0.86,0,0.00,2,714.14,1,2,4,org.apache.jackrabbit.rmi.client.ClientObject,0.00,8,1,13,2,8,5,1,9,180,1
"org.apache.jackrabbit.rmi.client.ClientLock",7,0.08,1.71,28,0.21,3843.34,9,2,5,14,4,127.08,28,46,1,1,126.84,0.00,0.00,0.43,0,0.00,2,639.25,0,3,3,java.lang.Object,0.00,7,0,12,0,7,4,1,10,165,1
"org.apache.jackrabbit.rmi.client.ClientNamespaceRegistry",7,0.17,1.86,29,0.28,6048.57,8,1,4,14,5,145.89,24,52,1,1,125.27,0.00,0.00,0.86,0,0.00,2,841.90,0,4,4,org.apache.jackrabbit.rmi.client.ClientObject,0.00,7,1,13,0,7,3,1,9,202,1
"org.apache.jackrabbit.rmi.client.ClientNode",58,0.33,1.71,218,2.42,53947.23,59,1,29,109,8,179.70,95,373,1,2,129.70,0.00,0.50,0.67,1,0.00,2,7256.39,6,32,7,org.apache.jackrabbit.rmi.client.ClientItem,0.02,51,2,99,0,51,26,1,70,1671,1
"org.apache.jackrabbit.rmi.client.ClientNodeDef",4,0.33,1.75,17,0.15,2686.53,5,1,4,9,5,108.28,20,28,1,2,126.15,0.00,0.50,0.75,0,0.00,2,446.43,2,2,4,org.apache.jackrabbit.rmi.client.ClientItemDef,0.00,5,2,7,0,5,2,1,6,112,1
"org.apache.jackrabbit.rmi.client.ClientNodeType",17,0.06,1.94,72,0.68,14483.58,18,1,8,34,7,175.31,33,122,1,1,125.31,0.00,0.00,0.94,0,0.00,2,2038.00,3,8,6,org.apache.jackrabbit.rmi.client.ClientObject,0.00,17,1,33,0,17,9,1,19,486,1
"org.apache.jackrabbit.rmi.client.ClientNodeTypeManager",5,0.25,1.80,21,0.21,4051.67,6,1,6,11,5,125.74,22,37,1,1,125.50,0.00,0.00,0.80,0,0.00,2,619.38,2,4,4,org.apache.jackrabbit.rmi.client.ClientObject,0.00,6,1,9,0,6,1,1,7,149,1
"org.apache.jackrabbit.rmi.client.ClientObject",9,0.25,2.33,70,0.68,29251.43,10,1,19,18,21,63.15,98,78,11,1,111.63,0.00,0.00,0.78,1,0.00,3,2025.33,0,8,10,java.lang.Object,0.00,9,0,21,15,9,1,0,16,438,1
"org.apache.jackrabbit.rmi.client.ClientProperty",25,0.71,1.36,75,0.72,13571.39,26,1,19,51,6,131.83,124,117,1,2,131.60,0.00,0.50,0.32,3,97.00,2,2147.56,2,7,5,org.apache.jackrabbit.rmi.client.ClientItem,0.00,26,2,34,0,26,18,1,27,541,1
"org.apache.jackrabbit.rmi.client.ClientPropertyDef",5,0.25,1.80,21,0.17,3273.31,6,1,4,10,5,126.47,21,36,1,2,126.23,0.00,0.50,0.80,0,0.00,2,513.29,0,2,4,org.apache.jackrabbit.rmi.client.ClientItemDef,0.00,5,2,9,0,5,3,1,7,130,1
"org.apache.jackrabbit.rmi.client.ClientQuery",6,0.00,1.83,27,0.24,4515.03,8,2,6,14,6,125.99,24,45,1,1,125.75,0.00,0.00,0.50,0,0.00,2,730.03,1,4,5,org.apache.jackrabbit.rmi.client.ClientObject,0.00,8,1,11,0,8,2,1,9,178,1
"org.apache.jackrabbit.rmi.client.ClientQueryManager",4,0.17,1.75,21,0.23,4860.42,6,2,8,11,7,102.63,22,35,1,1,120.51,0.00,0.00,0.62,0,0.00,2,678.88,1,3,6,org.apache.jackrabbit.rmi.client.ClientObject,0.00,7,1,7,0,7,1,1,8,155,1
"org.apache.jackrabbit.rmi.client.ClientQueryResult",4,0.00,2.75,39,0.42,18961.97,6,2,13,12,9,88.35,22,50,1,1,106.23,0.00,0.00,0.50,0,0.00,4,1259.16,0,3,8,org.apache.jackrabbit.rmi.client.ClientObject,0.00,8,1,11,0,8,1,1,7,256,1
"org.apache.jackrabbit.rmi.client.ClientRepository",7,0.17,1.86,33,0.36,7866.13,8,1,7,13,7,144.99,23,55,1,1,124.38,0.00,0.00,0.86,0,0.00,2,1078.16,1,6,6,org.apache.jackrabbit.rmi.client.ClientObject,0.00,6,1,13,0,6,1,1,9,243,1
"org.apache.jackrabbit.rmi.client.ClientRepositoryFactory",5,0.17,2.00,28,0.33,7806.11,8,3,15,18,6,82.06,64,44,3,1,119.62,0.00,0.00,0.20,1,11.00,4,989.47,0,3,3,java.lang.Object,0.00,13,0,10,0,13,2,1,9,216,1
"org.apache.jackrabbit.rmi.client.ClientRow",3,0.50,1.67,12,0.11,2092.92,4,1,5,6,3,108.16,17,20,1,1,126.03,0.00,0.00,0.67,0,1.00,2,316.43,0,2,2,java.lang.Object,0.00,3,0,5,0,3,1,1,5,79,1
"org.apache.jackrabbit.rmi.client.ClientSession",30,0.02,2.13,145,1.70,42294.90,32,2,26,72,7,163.45,82,252,1,1,123.57,0.00,0.00,0.48,1,0.00,5,5109.50,1,14,6,org.apache.jackrabbit.rmi.client.ClientObject,0.00,42,1,64,0,42,16,1,33,1106,1
"org.apache.jackrabbit.rmi.client.ClientWorkspace",15,0.11,1.73,65,0.71,17628.97,17,2,19,34,10,164.12,40,109,1,1,124.24,0.00,0.00,0.40,0,0.00,3,2121.13,1,8,9,org.apache.jackrabbit.rmi.client.ClientObject,0.00,19,1,26,0,19,7,1,21,479,1
"org.apache.jackrabbit.rmi.client.LocalAdapterFactory",17,0.00,1.00,18,0.12,355.08,17,0,34,17,36,112.50,146,19,19,1,160.61,0.00,0.00,0.00,0,17.00,1,350.08,0,17,17,,0.00,0,0,17,0,0,0,0,18,125,1
"org.apache.jackrabbit.rmi.client.RemoteRepositoryException",1,0.00,1.00,3,0.02,106.02,1,0,2,1,13,126.90,15,5,13,2,137.25,0.00,0.50,0.00,0,1.00,1,45.51,0,0,0,javax.jcr.RepositoryException,0.00,0,1,1,0,0,1,0,2,16,1
"org.apache.jackrabbit.rmi.client.RemoteRuntimeException",1,0.00,1.00,3,0.02,106.02,1,0,1,1,11,126.90,15,5,11,2,137.25,0.00,0.50,0.00,0,1.00,1,45.51,0,0,0,java.lang.RuntimeException,0.00,0,1,1,0,0,1,0,2,16,1
"org.apache.jackrabbit.rmi.server.RemoteAdapterFactory",17,0.00,1.00,18,0.14,627.00,17,0,35,17,35,110.56,148,26,18,1,158.66,0.00,0.00,0.00,0,17.00,1,418.00,0,17,17,,0.00,0,0,17,0,0,0,0,18,141,1
"org.apache.jackrabbit.rmi.server.ServerAdapterFactory",17,0.00,1.00,35,0.35,4156.40,17,0,35,34,39,141.20,79,67,5,1,140.96,0.00,0.00,0.00,0,17.00,1,1045.70,0,17,35,java.lang.Object,0.00,17,0,17,0,17,0,1,18,277,1
"org.apache.jackrabbit.rmi.server.ServerItem",11,0.10,1.73,41,0.37,7070.37,12,1,5,22,7,170.85,31,72,3,2,130.96,2.00,0.25,0.91,0,0.00,2,1115.93,3,4,4,org.apache.jackrabbit.rmi.server.ServerObject,0.00,11,2,19,2,11,7,1,13,277,1
"org.apache.jackrabbit.rmi.server.ServerItemDef",7,0.17,1.00,17,0.14,1794.91,8,1,4,14,7,141.04,29,26,3,2,140.80,2.00,0.25,0.86,0,0.00,1,416.21,1,2,4,org.apache.jackrabbit.rmi.server.ServerObject,0.00,7,2,7,2,7,5,1,9,116,1
"org.apache.jackrabbit.rmi.server.ServerLock",6,0.20,1.00,14,0.11,1357.97,7,1,5,11,2,161.84,22,21,1,1,141.23,0.00,0.00,0.83,0,0.00,1,321.66,0,2,1,java.rmi.server.UnicastRemoteObject,0.00,5,1,6,0,5,4,1,8,92,1
"org.apache.jackrabbit.rmi.server.ServerNamespaceRegistry",7,0.17,1.86,29,0.28,5980.53,8,1,4,13,4,145.93,26,56,1,2,125.31,0.00,0.50,0.86,0,0.00,2,840.22,1,4,3,org.apache.jackrabbit.rmi.server.ServerObject,0.00,6,2,13,0,6,3,1,9,204,1
"org.apache.jackrabbit.rmi.server.ServerNode",40,0.03,1.98,164,1.75,37690.01,41,1,12,79,9,174.96,57,312,1,3,124.96,0.00,0.67,0.98,0,0.00,2,5256.72,6,20,8,org.apache.jackrabbit.rmi.server.ServerItem,0.00,39,3,79,0,39,20,1,42,1227,1
"org.apache.jackrabbit.rmi.server.ServerNodeDef",4,0.33,1.00,11,0.10,1346.78,5,1,4,8,5,122.00,22,17,1,3,139.87,0.00,0.67,0.75,0,0.00,1,299.44,2,2,4,org.apache.jackrabbit.rmi.server.ServerItemDef,0.00,4,3,4,0,4,2,1,6,81,1
"org.apache.jackrabbit.rmi.server.ServerNodeType",17,0.19,1.00,39,0.38,5660.49,18,1,7,30,6,179.79,35,62,1,2,139.91,0.00,0.50,0.82,2,0.00,1,1136.67,3,8,5,org.apache.jackrabbit.rmi.server.ServerObject,0.00,13,2,17,0,13,9,1,19,303,1
"org.apache.jackrabbit.rmi.server.ServerNodeTypeManager",5,0.25,1.80,21,0.21,4352.24,6,1,5,10,5,125.49,24,42,1,2,125.26,0.00,0.50,0.80,0,0.00,2,643.65,3,4,4,org.apache.jackrabbit.rmi.server.ServerObject,0.00,5,2,9,0,5,1,1,7,154,1
"org.apache.jackrabbit.rmi.server.ServerObject",10,0.22,4.20,117,1.28,66710.78,11,1,36,42,19,57.58,117,133,12,1,101.71,0.00,0.00,0.80,0,0.00,19,3826.59,0,9,7,java.rmi.server.UnicastRemoteObject,0.00,32,1,42,16,32,1,0,18,793,1
"org.apache.jackrabbit.rmi.server.ServerProperty",9,0.12,1.89,37,0.36,7437.35,10,1,7,19,6,146.04,27,67,1,3,125.42,0.00,0.67,0.89,0,0.00,2,1082.59,2,3,5,org.apache.jackrabbit.rmi.server.ServerItem,0.00,10,3,17,0,10,6,1,11,261,1
"org.apache.jackrabbit.rmi.server.ServerPropertyDef",5,0.25,1.00,13,0.11,1489.26,6,1,4,9,4,140.52,24,21,1,3,140.29,0.00,0.67,0.80,0,0.00,1,318.97,0,2,3,org.apache.jackrabbit.rmi.server.ServerItemDef,0.00,4,3,5,0,4,3,1,7,88,1
"org.apache.jackrabbit.rmi.server.ServerQuery",6,0.20,1.00,15,0.13,1711.17,7,1,5,12,6,161.05,23,26,1,2,140.44,0.00,0.50,0.83,0,0.00,1,398.31,0,4,5,org.apache.jackrabbit.rmi.server.ServerObject,0.00,6,2,6,0,6,2,1,8,108,1
"org.apache.jackrabbit.rmi.server.ServerQueryManager",4,0.33,1.50,17,0.18,3679.91,5,1,7,8,4,107.24,23,31,1,2,125.11,0.00,0.50,0.75,0,0.00,2,551.08,2,3,4,org.apache.jackrabbit.rmi.server.ServerObject,0.00,4,2,6,0,4,1,1,7,128,1
"org.apache.jackrabbit.rmi.server.ServerQueryResult",4,0.33,2.00,31,0.32,11336.47,5,1,8,13,7,94.26,23,37,2,2,112.13,0.00,0.50,0.75,0,0.00,3,950.25,0,3,5,org.apache.jackrabbit.rmi.server.ServerObject,0.00,9,2,8,0,9,1,1,8,202,1
"org.apache.jackrabbit.rmi.server.ServerRepository",7,0.17,1.57,29,0.32,6558.95,8,1,7,11,5,145.65,25,50,1,2,125.04,0.00,0.50,0.86,0,0.00,2,947.88,2,6,4,org.apache.jackrabbit.rmi.server.ServerObject,0.00,4,2,11,0,4,1,1,9,219,1
"org.apache.jackrabbit.rmi.server.ServerRow",3,0.50,1.00,9,0.08,1096.85,4,1,5,5,4,100.80,20,15,1,2,133.02,0.00,0.50,0.67,0,1.00,1,244.97,0,2,3,org.apache.jackrabbit.rmi.server.ServerObject,0.00,2,2,3,0,2,1,1,5,65,1
"org.apache.jackrabbit.rmi.server.ServerSession",26,0.04,1.58,90,0.95,20458.40,27,1,12,57,7,180.29,43,165,1,2,130.29,0.00,0.50,0.96,0,0.00,2,2860.39,3,12,6,org.apache.jackrabbit.rmi.server.ServerObject,0.00,31,2,41,0,31,14,1,28,682,1
"org.apache.jackrabbit.rmi.server.ServerWorkspace",11,0.30,1.82,46,0.51,11198.14,12,1,12,23,7,164.60,26,88,1,2,124.72,0.00,0.50,0.73,2,0.00,2,1540.12,2,5,6,org.apache.jackrabbit.rmi.server.ServerObject,0.00,12,2,20,0,12,6,1,13,357,1
"org.apache.jackrabbit.server.simple.dav.lock.SimpleLockManager",6,0.20,4.50,65,1.13,51727.32,7,1,5,31,12,58.23,68,93,1,1,102.36,0.00,0.00,0.83,0,0.00,8,3393.37,0,0,11,java.lang.Object,0.00,25,0,27,0,25,6,1,22,630,1
"org.apache.jackrabbit.core.jndi.provider.DummyContext",34,0.42,1.41,121,1.23,26112.70,36,2,17,57,2,151.02,113,169,2,2,130.40,0.00,0.50,0.09,14,198.00,3,3702.92,1,21,0,java.util.Hashtable,0.00,23,1,48,0,23,13,2,39,879,0
"org.apache.jackrabbit.core.jndi.provider.DummyContext$BindingEnum",2,0.00,1.00,6,0.05,692.27,2,0,17,5,0,133.21,0,9,0,2,133.21,0.00,0.50,0.00,0,2.00,1,143.20,0,1,0,org.apache.jackrabbit.core.jndi.provider.NamingEnum,0.00,3,1,2,0,3,1,0,0,41,0
"org.apache.jackrabbit.core.jndi.provider.DummyContext$FlatNameParser",1,0.00,1.00,7,0.06,832.71,2,1,17,3,0,137.09,3,10,0,1,116.48,0.00,0.00,1.00,0,0.00,1,180.99,0,1,0,java.lang.Object,0.00,2,0,1,0,2,0,1,1,49,1
"org.apache.jackrabbit.core.jndi.provider.DummyContext$NamingEnum",6,0.20,1.00,17,0.13,1732.88,8,2,17,13,0,140.39,0,24,0,1,140.39,0.00,0.00,0.33,2,6.00,1,398.94,0,2,0,java.lang.Object,0.00,7,0,6,0,7,4,1,0,110,0
"org.apache.jackrabbit.core.jndi.provider.DummyInitialContextFactory",1,0.00,3.00,12,0.15,6408.85,2,1,5,7,2,50.52,9,17,1,1,100.51,0.00,0.00,1.00,0,0.00,3,443.66,0,1,1,java.lang.Object,0.00,6,0,3,0,6,0,1,3,94,1
"org.apache.jackrabbit.webdav.spi.transaction.TxLockManagerImpl",15,0.32,2.73,128,1.96,74394.73,17,2,12,63,16,63.85,170,177,3,1,107.98,0.00,0.00,0.20,8,52.00,9,5889.00,0,7,13,java.lang.Object,0.00,48,0,41,0,48,8,1,28,1141,1
"org.apache.jackrabbit.webdav.spi.transaction.TxLockManagerImpl$AbstractTransaction",5,0.12,1.60,21,0.19,3492.44,7,2,12,12,4,165.92,12,30,0,2,126.04,0.00,0.50,0.40,1,9.00,4,562.78,0,2,4,org.apache.jackrabbit.webdav.spi.transaction.TransactionMap,0.00,7,1,8,0,7,3,1,4,136,3
"org.apache.jackrabbit.webdav.spi.transaction.TxLockManagerImpl$GlobalTransaction",8,0.57,1.75,40,0.48,10779.60,9,1,12,25,7,120.15,0,58,0,2,120.15,0.00,0.50,0.50,2,8.00,2,1428.28,1,2,7,org.apache.jackrabbit.webdav.spi.transaction.AbstractTransaction,0.00,17,1,14,0,17,6,0,0,314,2
"org.apache.jackrabbit.webdav.spi.transaction.TxLockManagerImpl$LocalTransaction",6,0.00,1.50,20,0.25,4497.92,6,0,12,16,8,130.47,1,32,0,2,130.47,0.00,0.50,0.00,0,6.00,2,751.64,0,1,8,org.apache.jackrabbit.webdav.spi.transaction.AbstractTransaction,0.00,10,1,9,0,10,5,0,1,173,3
"org.apache.jackrabbit.webdav.spi.transaction.TxLockManagerImpl$Transaction",8,0.00,1.00,9,0.04,170.51,8,0,12,8,4,160.77,35,10,0,1,160.54,0.00,0.00,0.00,0,8.00,1,129.51,0,2,4,,0.00,0,0,8,0,0,6,0,7,51,1
"org.apache.jackrabbit.webdav.spi.transaction.TxLockManagerImpl$TransactionMap",2,0.00,1.50,8,0.07,1458.86,2,0,12,3,1,125.90,1,12,0,2,125.90,0.00,0.50,0.00,0,2.00,2,223.61,2,2,1,java.util.HashMap,0.00,1,1,3,0,1,0,0,1,59,2
"org.apache.jackrabbit.webdav.spi.transaction.TxLockManagerImpl$XidImpl",4,1.00,1.00,10,0.06,728.11,5,1,12,5,0,142.21,18,15,0,1,141.97,0.00,0.00,0.25,0,6.00,1,190.21,0,0,0,java.lang.Object,0.00,1,0,4,0,1,4,1,5,57,2
"org.apache.jackrabbit.test.api.version.AbstractMergeTest",3,0.38,4.33,51,0.62,19619.44,11,8,8,21,7,65.34,40,62,6,4,94.72,2.00,0.30,0.38,1,1.00,7,1849.26,2,0,1,org.apache.jackrabbit.test.AbstractJCRTest,0.89,18,3,13,6,18,3,0,20,344,2
"org.apache.jackrabbit.test.api.version.AbstractOnParentVersionTest",2,0.60,2.50,21,0.28,5937.39,7,5,5,13,6,56.14,19,27,5,5,106.14,1.25,0.40,0.50,0,0.00,3,842.14,1,1,1,org.apache.jackrabbit.test.api.version.AbstractVersionTest,0.42,11,4,5,5,11,1,0,5,171,2
"org.apache.jackrabbit.test.api.version.AbstractVersionTest",4,0.13,3.75,49,0.62,20126.89,9,5,7,18,10,69.07,27,72,9,4,101.29,5.00,0.16,0.30,0,2.00,10,1864.43,4,1,1,org.apache.jackrabbit.test.AbstractJCRTest,0.80,14,3,15,15,14,3,0,8,352,1
"org.apache.jackrabbit.test.api.version.CheckinTest",10,0.00,1.30,44,0.48,7840.86,10,0,7,26,2,93.47,60,61,1,5,125.69,0.00,0.80,0.00,0,0.00,2,1444.15,2,0,1,org.apache.jackrabbit.test.api.version.AbstractVersionTest,0.25,16,4,13,0,16,10,0,13,334,1
"org.apache.jackrabbit.test.api.version.CheckoutTest",7,0.00,3.14,64,0.79,28676.67,7,0,7,32,2,74.47,48,89,1,5,106.69,0.00,0.80,0.00,0,0.00,7,2376.27,1,0,1,org.apache.jackrabbit.test.api.version.AbstractVersionTest,0.29,25,4,22,0,25,7,0,17,459,1
"org.apache.jackrabbit.test.api.version.MergeCancelMergeTest",3,0.50,1.00,33,0.49,11855.24,4,1,5,23,1,59.70,34,37,0,5,103.83,0.00,0.80,0.67,0,0.00,1,1456.07,1,0,1,org.apache.jackrabbit.test.api.version.AbstractMergeTest,0.83,20,4,3,0,20,3,0,18,283,1
"org.apache.jackrabbit.test.api.version.MergeCheckedoutSubNodeTest",4,0.33,1.25,33,0.45,8578.91,5,1,3,23,1,62.55,40,40,0,5,111.03,0.00,0.80,0.75,0,0.00,2,1359.33,1,0,1,org.apache.jackrabbit.test.api.version.AbstractMergeTest,0.77,19,4,5,0,19,4,0,20,277,1
"org.apache.jackrabbit.test.api.version.MergeDoneMergeTest",3,0.50,1.00,33,0.49,11855.24,4,1,5,23,1,59.70,34,37,0,5,103.83,0.00,0.80,0.67,0,0.00,1,1456.07,1,0,1,org.apache.jackrabbit.test.api.version.AbstractMergeTest,0.83,20,4,3,0,20,3,0,18,283,1
"org.apache.jackrabbit.test.api.version.MergeNodeTest",9,0.12,1.89,78,0.94,20010.04,10,1,8,35,1,60.81,83,98,0,5,110.81,0.00,0.80,0.89,0,0.00,4,2809.76,2,0,1,org.apache.jackrabbit.test.api.version.AbstractMergeTest,0.56,26,4,17,0,26,9,0,50,564,1
"org.apache.jackrabbit.test.api.version.MergeNonVersionableSubNodeTest",5,0.00,1.00,47,0.75,15328.37,5,0,2,24,1,57.95,48,53,0,5,107.95,0.00,0.80,0.00,0,0.00,1,2251.81,1,0,1,org.apache.jackrabbit.test.api.version.AbstractMergeTest,0.71,19,4,5,0,19,5,0,27,434,1
"org.apache.jackrabbit.test.api.version.MergeSubNodeTest",7,0.17,1.29,72,1.00,20654.67,8,1,3,32,1,57.84,71,79,0,5,106.32,0.00,0.80,0.86,0,0.00,3,3012.64,1,0,1,org.apache.jackrabbit.test.api.version.AbstractMergeTest,0.62,25,4,9,0,25,7,0,36,597,1
"org.apache.jackrabbit.test.api.version.OnParentVersionAbortTest",3,0.00,1.67,15,0.13,1576.55,3,0,4,9,2,81.09,23,23,0,6,123.39,0.00,0.83,0.00,0,2.00,2,375.63,2,0,2,org.apache.jackrabbit.test.api.version.AbstractOnParentVersionTest,0.40,6,5,5,0,6,3,0,6,91,1
"org.apache.jackrabbit.test.api.version.OnParentVersionComputeTest",2,0.00,1.00,13,0.12,1811.76,2,0,4,10,1,76.40,14,16,0,6,118.69,0.00,0.83,0.00,0,2.00,1,366.07,1,0,1,org.apache.jackrabbit.test.api.version.AbstractOnParentVersionTest,0.43,8,5,2,0,8,2,0,2,84,1
"org.apache.jackrabbit.test.api.version.OnParentVersionCopyTest",3,1.00,1.33,20,0.20,3810.51,4,1,4,15,1,75.17,21,25,0,6,117.46,0.00,0.83,0.33,0,2.00,2,606.93,2,0,1,org.apache.jackrabbit.test.api.version.AbstractOnParentVersionTest,0.40,12,5,4,0,12,3,0,5,132,1
"org.apache.jackrabbit.test.api.version.OnParentVersionIgnoreTest",2,0.00,1.00,13,0.12,1811.76,2,0,4,10,1,76.40,14,16,0,6,118.69,0.00,0.83,0.00,0,2.00,1,366.07,1,0,1,org.apache.jackrabbit.test.api.version.AbstractOnParentVersionTest,0.43,8,5,2,0,8,2,0,2,84,1
"org.apache.jackrabbit.test.api.version.OnParentVersionInitializeTest",2,0.00,1.00,13,0.12,1811.76,2,0,4,10,1,76.40,14,16,0,6,118.69,0.00,0.83,0.00,0,2.00,1,366.07,1,0,1,org.apache.jackrabbit.test.api.version.AbstractOnParentVersionTest,0.43,8,5,2,0,8,2,0,2,84,1
"org.apache.jackrabbit.test.api.version.RemoveVersionTest",5,0.50,3.40,65,0.71,22069.59,9,4,10,23,3,58.17,38,80,1,5,100.46,0.00,0.80,0.65,0,0.00,5,2125.89,2,0,2,org.apache.jackrabbit.test.api.version.AbstractVersionTest,0.67,18,4,17,0,18,5,0,12,410,1
"org.apache.jackrabbit.test.api.version.RestoreTest",15,0.02,1.73,76,0.81,14058.53,18,3,10,36,3,89.18,94,115,1,5,121.40,0.25,0.67,0.36,0,0.00,3,2428.43,3,0,2,org.apache.jackrabbit.test.api.version.AbstractVersionTest,0.40,21,4,26,1,21,15,0,26,529,1
"org.apache.jackrabbit.test.api.version.TestAll",1,0.00,1.00,11,0.11,3828.97,1,0,3,3,7,122.07,18,13,0,2,103.94,0.00,0.50,0.00,0,1.00,1,341.05,0,1,7,junit.framework.TestCase,0.00,2,1,1,0,2,0,0,9,79,1
"org.apache.jackrabbit.test.api.version.VersionGraphTest",4,0.00,1.50,20,0.25,4301.19,4,0,6,15,2,72.86,34,28,1,5,120.96,0.00,0.80,0.00,0,0.00,2,740.42,0,0,1,org.apache.jackrabbit.test.api.version.AbstractVersionTest,0.00,11,4,6,0,11,4,0,6,161,1
"org.apache.jackrabbit.test.api.version.VersionHistoryTest",58,0.06,1.83,289,3.15,81374.04,60,2,21,152,2,123.86,265,429,1,5,123.62,0.00,0.80,0.56,0,0.00,13,9455.73,2,0,1,org.apache.jackrabbit.test.api.version.AbstractVersionTest,0.07,94,4,106,0,94,58,0,66,2022,1
"org.apache.jackrabbit.test.api.version.VersionHistoryTest$ItemVisitorTest",3,0.50,1.00,7,0.06,477.71,4,1,21,5,0,142.43,0,11,0,1,142.43,0.00,0.00,0.67,0,1.00,1,165.42,0,0,0,java.lang.Object,0.00,2,0,3,0,2,3,1,0,48,1
"org.apache.jackrabbit.test.api.version.VersionLabelTest",16,0.52,2.06,121,1.42,34943.79,20,4,8,38,2,70.72,114,153,1,5,113.01,0.00,0.80,0.73,0,0.00,3,4271.48,3,0,1,org.apache.jackrabbit.test.api.version.AbstractVersionTest,0.38,22,4,33,0,22,16,0,23,874,1
"org.apache.jackrabbit.test.api.version.VersionTest",53,0.03,1.81,256,2.82,74794.06,55,2,20,141,2,123.84,242,385,1,5,123.60,0.00,0.80,0.53,0,0.00,13,8462.17,2,0,1,org.apache.jackrabbit.test.api.version.AbstractVersionTest,0.16,88,4,96,0,88,53,0,62,1808,1
"org.apache.jackrabbit.test.api.version.VersionTest$ItemVisitorTest",3,0.50,1.00,7,0.06,477.71,4,1,20,5,0,142.43,0,11,0,1,142.43,0.00,0.00,0.67,0,1.00,1,165.42,0,0,0,java.lang.Object,0.00,2,0,3,0,2,3,1,0,48,1
"org.apache.jackrabbit.test.api.version.WorkspaceRestoreTest",9,0.25,2.67,91,1.21,35543.59,15,6,11,32,2,72.93,61,121,0,6,105.15,0.00,0.83,0.39,0,0.00,7,3624.30,2,0,2,org.apache.jackrabbit.test.api.version.RestoreTest,0.35,23,5,24,0,23,9,0,30,698,1
"org.apache.jackrabbit.core.state.obj.BLOBStore",3,0.00,1.00,4,0.04,243.32,3,0,3,3,3,107.86,24,5,1,1,155.97,0.00,0.00,0.00,0,3.00,1,123.66,0,2,2,,0.00,0,0,3,0,0,1,0,4,37,1
"org.apache.jackrabbit.core.state.obj.ObjectPersistenceManager",29,0.10,3.34,432,5.76,281189.81,37,8,40,150,24,54.28,222,539,1,2,96.58,0.00,0.50,0.22,7,129.00,9,17268.20,1,10,23,org.apache.jackrabbit.core.state.AbstractPersistenceManager,0.00,121,1,97,0,121,19,1,116,3130,1
"org.apache.jackrabbit.webdav.util.Text",42,0.00,5.19,594,8.42,828080.11,66,24,7,107,10,143.32,1028,790,9,2,94.05,0.00,0.50,0.04,9,478.00,43,25267.40,0,37,1,org.apache.jackrabbit.core.util.Text,0.00,65,1,218,0,65,5,0,199,4342,2
"org.apache.jackrabbit.webdav.util.XmlUtil",4,1.00,1.25,15,0.16,3357.23,5,1,3,8,9,82.02,32,20,8,1,130.13,0.00,0.00,0.00,1,0.00,2,481.69,0,4,1,java.lang.Object,0.00,4,0,5,0,4,0,1,6,117,1
"org.apache.jackrabbit.webdav.spi.search.SearchResourceImpl",5,0.08,3.00,59,0.83,29866.42,8,3,9,43,13,52.17,45,77,1,1,102.16,0.00,0.00,0.27,2,6.00,7,2490.21,0,2,12,java.lang.Object,0.00,38,0,15,0,38,3,2,11,463,1
"org.apache.jackrabbit.webdav.spi.search.SearchResultProperty",2,0.33,2.00,18,0.24,5886.24,5,3,7,12,4,87.79,28,24,1,3,107.93,0.00,0.67,0.50,0,2.00,3,728.58,2,1,3,org.apache.jackrabbit.webdav.property.DefaultDavProperty,0.23,10,2,4,0,10,1,0,3,152,1
"org.apache.jackrabbit.core.version.persistence.InternalFreezeImpl",2,1.00,1.00,7,0.05,552.69,3,1,3,2,6,183.98,3,10,2,2,133.98,2.00,0.25,0.50,0,2.00,1,142.41,0,1,4,org.apache.jackrabbit.core.version.persistence.InternalVersionItemImpl,0.22,0,1,2,2,0,1,1,1,40,1
"org.apache.jackrabbit.core.version.persistence.InternalFrozenNodeImpl",11,0.03,3.82,117,1.94,130945.78,17,6,24,58,18,51.30,100,165,2,3,101.29,0.00,0.67,0.20,0,66.00,17,5811.57,1,8,17,org.apache.jackrabbit.core.version.persistence.InternalFreezeImpl,0.30,47,2,42,0,47,3,2,33,976,0
"org.apache.jackrabbit.core.version.persistence.InternalFrozenVHImpl",8,0.21,1.25,25,0.23,3463.77,10,2,9,15,10,153.00,28,40,1,3,132.39,0.00,0.67,0.31,1,14.00,2,678.00,1,7,9,org.apache.jackrabbit.core.version.persistence.InternalFreezeImpl,0.35,7,2,10,0,7,1,1,8,175,0
"org.apache.jackrabbit.core.version.persistence.InternalVersionHistoryImpl",22,0.06,2.27,205,2.91,123618.62,30,8,22,82,18,73.47,153,253,3,2,105.69,0.00,0.50,0.18,3,158.00,8,8719.68,2,14,17,org.apache.jackrabbit.core.version.persistence.InternalVersionItemImpl,0.21,60,1,50,0,60,8,2,59,1555,0
"org.apache.jackrabbit.core.version.persistence.InternalVersionImpl",25,0.03,1.76,133,1.37,31588.94,34,9,15,68,14,88.15,151,157,3,2,120.37,0.00,0.50,0.14,5,354.00,3,4115.74,1,12,13,org.apache.jackrabbit.core.version.persistence.InternalVersionItemImpl,0.19,43,1,44,0,43,13,2,42,888,0
"org.apache.jackrabbit.core.version.persistence.InternalVersionItemImpl",7,0.33,1.14,16,0.13,1465.18,9,2,6,12,6,123.59,40,22,3,1,141.46,0.00,0.00,0.21,0,18.00,2,378.73,0,4,3,java.lang.Object,0.00,5,0,8,5,5,3,1,10,105,1
"org.apache.jackrabbit.core.version.persistence.NativePVM",24,0.01,2.38,199,3.20,167165.14,45,21,30,103,27,58.37,258,258,4,1,106.85,0.00,0.00,0.05,8,222.00,10,9602.48,0,12,26,java.lang.Object,0.00,79,0,57,0,79,12,2,69,1740,1
"org.apache.jackrabbit.core.version.persistence.NativePVM$PersistentId",5,0.22,1.80,36,0.40,8875.73,13,8,30,10,2,153.64,12,43,0,1,113.75,0.00,0.00,0.30,0,0.00,5,1195.41,0,0,2,java.lang.Object,0.00,5,0,9,0,5,5,0,6,261,3
"org.apache.jackrabbit.core.version.persistence.PersistentNode",26,0.07,2.19,186,2.56,93141.96,29,3,17,76,19,69.02,187,241,6,1,111.31,0.00,0.00,0.40,7,0.00,6,7670.32,0,13,13,java.lang.Object,0.00,50,0,57,0,50,13,0,43,1523,1
"org.apache.jackrabbit.rmi.iterator.ArrayIterator",7,0.00,1.00,18,0.11,1249.98,9,2,1,8,4,162.65,22,26,4,1,142.04,0.00,0.00,0.50,0,0.00,1,343.33,0,1,0,java.lang.Object,0.00,1,0,7,4,1,6,1,10,99,1
"org.apache.jackrabbit.rmi.iterator.ArrayNodeIterator",2,0.00,1.00,5,0.03,278.97,2,0,2,2,3,100.59,14,8,2,2,142.88,0.00,0.50,0.00,0,2.00,1,91.87,1,1,1,org.apache.jackrabbit.rmi.iterator.ArrayIterator,0.00,0,1,2,0,0,1,1,3,30,1
"org.apache.jackrabbit.rmi.iterator.ArrayNodeTypeIterator",2,0.00,1.00,5,0.03,278.97,2,0,2,2,2,100.59,14,9,1,2,142.88,0.00,0.50,0.00,0,2.00,1,91.87,1,1,1,org.apache.jackrabbit.rmi.iterator.ArrayIterator,0.00,0,1,2,0,0,1,1,3,30,1
"org.apache.jackrabbit.rmi.iterator.ArrayPropertyIterator",2,0.00,1.00,5,0.03,278.97,2,0,2,2,2,100.59,14,9,1,2,142.88,0.00,0.50,0.00,0,2.00,1,91.87,1,1,1,org.apache.jackrabbit.rmi.iterator.ArrayIterator,0.00,0,1,2,0,0,1,1,3,30,1
"org.apache.jackrabbit.rmi.iterator.ArrayRowIterator",2,0.00,1.00,5,0.03,278.97,2,0,2,2,2,100.59,14,8,1,2,142.88,0.00,0.50,0.00,0,2.00,1,91.87,1,1,1,org.apache.jackrabbit.rmi.iterator.ArrayIterator,0.00,0,1,2,0,0,1,1,3,30,1
"org.apache.jackrabbit.core.nodetype.BooleanConstraint",4,0.67,2.25,28,0.32,8714.71,5,1,19,13,11,113.00,1,41,1,2,113.00,0.00,0.50,0.50,1,0.00,3,950.72,0,0,11,org.apache.jackrabbit.core.nodetype.ValueConstraint,0.00,9,1,9,0,9,4,0,1,203,0
"org.apache.jackrabbit.core.nodetype.ChildItemDef",16,0.02,1.38,48,0.48,14462.50,23,7,4,19,10,129.85,7,74,7,1,129.85,0.00,0.00,0.12,0,96.00,5,1428.82,1,3,3,java.lang.Object,0.00,3,0,22,2,3,13,1,5,342,2
"org.apache.jackrabbit.core.nodetype.ChildNodeDef",9,0.12,1.44,28,0.27,7541.99,12,3,3,12,21,150.71,27,44,18,2,130.10,0.00,0.50,0.22,0,25.00,4,809.29,1,2,3,org.apache.jackrabbit.core.nodetype.ChildItemDef,0.08,3,1,13,0,3,7,0,9,196,1
"org.apache.jackrabbit.core.nodetype.DateConstraint",3,0.62,7.00,70,0.99,73548.63,7,4,19,20,11,135.19,5,97,1,2,85.19,0.00,0.50,0.67,0,0.00,10,2977.54,0,0,11,org.apache.jackrabbit.core.nodetype.ValueConstraint,0.00,17,1,21,0,17,3,0,5,546,0
"org.apache.jackrabbit.core.nodetype.EffectiveNodeType",33,0.04,4.30,463,6.43,574945.62,40,7,13,97,17,62.29,222,587,9,1,94.51,0.00,0.00,0.19,8,224.00,25,19277.63,0,18,9,java.lang.Object,0.00,64,0,142,0,64,15,1,109,3514,1
"org.apache.jackrabbit.core.nodetype.InvalidConstraintException",4,0.00,1.00,9,0.05,332.37,4,0,1,4,10,112.43,27,14,9,3,144.65,0.00,0.67,0.00,0,4.00,1,136.79,0,0,1,org.apache.jackrabbit.core.BaseException,0.00,0,2,4,0,0,4,0,5,46,1
"org.apache.jackrabbit.core.nodetype.InvalidNodeTypeDefException",4,0.00,1.00,9,0.05,332.37,4,0,1,4,8,112.43,27,14,7,3,144.65,0.00,0.67,0.00,0,4.00,1,136.79,0,0,1,org.apache.jackrabbit.core.BaseException,0.00,0,2,4,0,0,4,0,5,46,1
"org.apache.jackrabbit.core.nodetype.ItemDefImpl",8,0.11,1.38,33,0.29,4890.42,13,5,7,20,7,126.76,33,47,2,1,126.53,0.00,0.00,0.30,0,0.00,3,858.96,0,3,5,java.lang.Object,0.00,12,0,11,3,12,5,1,13,211,1
"org.apache.jackrabbit.core.nodetype.NameConstraint",3,0.00,2.67,28,0.35,11878.81,4,1,19,14,11,106.85,2,44,1,2,106.85,0.00,0.50,1.00,0,0.00,3,1042.03,0,1,11,org.apache.jackrabbit.core.nodetype.ValueConstraint,0.00,11,1,8,0,11,2,0,2,211,0
"org.apache.jackrabbit.core.nodetype.NodeDefId",6,0.20,2.00,40,0.40,14658.49,8,2,3,22,18,135.75,19,50,16,1,115.13,0.00,0.00,0.33,0,0.00,4,1209.90,0,2,2,java.lang.Object,0.00,16,0,12,0,16,4,1,5,256,1
"org.apache.jackrabbit.core.nodetype.NodeDefImpl",5,0.12,2.00,33,0.34,14036.53,7,2,7,11,11,114.90,23,43,6,2,114.66,1.00,0.33,0.60,0,0.00,4,1028.53,0,3,6,org.apache.jackrabbit.core.nodetype.ItemDefImpl,0.00,6,1,10,1,6,2,1,9,220,1
"org.apache.jackrabbit.core.nodetype.NodeTypeConflictException",4,0.00,1.00,9,0.05,332.37,4,0,1,4,6,112.43,27,14,5,3,144.65,0.00,0.67,0.00,0,4.00,1,136.79,0,0,1,org.apache.jackrabbit.core.BaseException,0.00,0,2,4,0,0,4,0,5,46,1
"org.apache.jackrabbit.core.nodetype.NodeTypeDef",19,0.08,1.79,97,0.96,51375.15,27,8,6,29,14,99.89,105,121,9,1,117.77,0.00,0.00,0.20,1,121.00,12,2872.03,1,6,5,java.lang.Object,0.00,10,0,34,0,10,13,1,25,620,1
"org.apache.jackrabbit.core.nodetype.NodeTypeDefDiff",13,0.15,2.46,124,1.50,86836.48,22,9,7,38,7,60.95,143,145,2,1,105.08,0.00,0.00,0.25,3,6.00,7,4502.27,0,1,5,java.lang.Object,0.00,25,0,32,0,25,12,0,33,877,1
"org.apache.jackrabbit.core.nodetype.NodeTypeDefDiff$ChildItemDefDiff",6,0.27,2.17,38,0.31,10096.89,9,3,7,11,1,156.28,14,54,0,1,116.39,0.00,0.00,0.56,3,0.00,8,929.80,0,0,1,java.lang.Object,0.00,5,0,13,0,5,6,0,11,221,1
"org.apache.jackrabbit.core.nodetype.NodeTypeDefDiff$ChildNodeDefDiff",4,0.00,2.25,22,0.23,7277.90,4,0,7,10,1,158.95,10,32,0,2,119.07,0.00,0.50,0.00,2,10.00,6,693.70,1,2,1,org.apache.jackrabbit.core.nodetype.ChildItemDefDiff,0.00,6,1,9,0,6,2,0,5,152,1
"org.apache.jackrabbit.core.nodetype.NodeTypeDefDiff$PropDefDiff",4,0.00,3.50,43,0.48,30773.69,4,0,7,13,2,103.04,17,51,0,2,102.81,0.00,0.50,0.00,2,10.00,11,1448.00,1,0,2,org.apache.jackrabbit.core.nodetype.ChildItemDefDiff,0.00,9,1,14,0,9,4,0,9,273,1
"org.apache.jackrabbit.core.nodetype.NodeTypeDefStore",9,0.00,1.67,52,0.65,16723.87,12,3,21,44,8,119.30,43,70,1,1,119.07,0.00,0.00,0.33,2,0.00,4,1960.97,0,2,7,java.lang.Object,0.00,35,0,15,0,35,7,0,14,388,0
"org.apache.jackrabbit.core.nodetype.NodeTypeImpl",29,0.25,2.52,227,2.63,93338.02,34,5,19,78,24,79.42,193,279,11,1,111.64,0.00,0.00,0.44,5,0.00,9,7902.33,0,14,14,java.lang.Object,0.00,49,0,73,0,49,15,1,57,1613,1
"org.apache.jackrabbit.core.nodetype.NodeTypeManagerImpl",14,0.06,1.71,81,0.89,24099.75,19,5,16,39,21,119.56,68,98,8,1,119.32,0.00,0.00,0.26,1,18.00,3,2656.04,0,6,16,java.lang.Object,0.00,25,0,24,0,25,8,2,26,573,1
"org.apache.jackrabbit.core.nodetype.NodeTypeManagerImpl$RootNodeDefinition",3,0.00,1.00,7,0.04,283.17,3,0,16,3,4,164.83,11,11,0,3,144.22,0.00,0.67,0.00,0,3.00,1,122.35,0,2,4,org.apache.jackrabbit.core.nodetype.NodeDefImpl,0.38,0,2,3,0,0,1,0,5,39,2
"org.apache.jackrabbit.core.nodetype.NodeTypeRegistry",29,0.08,6.69,764,11.64,1428414.10,44,15,29,180,36,80.36,490,928,17,1,80.83,0.00,0.00,0.15,12,121.00,53,34923.27,0,3,20,java.lang.Object,0.00,151,0,194,0,151,26,1,165,5631,1
"org.apache.jackrabbit.core.nodetype.NodeTypeRegistry$EffectiveNodeTypeCache",10,0.11,1.40,42,0.40,7548.04,12,2,29,25,2,165.69,28,57,0,1,125.80,0.00,0.00,0.60,1,0.00,4,1203.63,0,1,2,java.lang.Object,0.00,15,0,14,0,15,9,0,15,291,1
"org.apache.jackrabbit.core.nodetype.NodeTypeRegistry$WeightedKey",16,0.07,1.44,59,0.52,12031.21,18,2,29,36,1,170.35,38,75,0,1,130.47,0.00,0.00,0.44,2,0.00,3,1574.27,0,6,1,java.lang.Object,0.00,20,0,23,0,20,10,1,11,393,1
"org.apache.jackrabbit.core.nodetype.NodeTypeRegistryListener",3,0.00,1.00,4,0.02,100.43,3,0,1,3,4,116.70,22,5,3,1,158.99,0.00,0.00,0.00,0,3.00,1,66.95,0,0,1,,0.00,0,0,3,0,0,3,0,4,25,1
"org.apache.jackrabbit.core.nodetype.NumericConstraint",5,0.19,4.80,82,1.10,70859.77,9,4,19,24,11,143.03,5,114,1,2,93.03,0.00,0.50,0.40,1,0.00,9,3291.88,0,0,11,org.apache.jackrabbit.core.nodetype.ValueConstraint,0.00,19,1,24,0,19,5,0,5,611,0
"org.apache.jackrabbit.core.nodetype.PathConstraint",3,0.75,4.67,44,0.58,28162.91,5,2,19,19,11,136.50,6,67,1,2,96.61,0.00,0.50,1.00,0,0.00,7,1730.66,0,1,11,org.apache.jackrabbit.core.nodetype.ValueConstraint,0.00,16,1,14,0,16,2,0,6,323,0
"org.apache.jackrabbit.core.nodetype.PropDef",11,0.08,1.36,31,0.32,7620.11,15,4,3,12,20,157.95,33,51,17,2,137.33,0.00,0.50,0.18,0,40.00,3,953.23,1,2,3,org.apache.jackrabbit.core.nodetype.ChildItemDef,0.07,1,1,15,0,1,9,0,11,233,1
"org.apache.jackrabbit.core.nodetype.PropDefId",6,0.20,2.00,35,0.35,11749.12,8,2,1,20,15,139.46,18,47,14,1,118.84,0.00,0.00,0.33,0,0.00,4,1061.91,0,2,1,java.lang.Object,0.00,14,0,12,0,14,4,1,4,235,1
"org.apache.jackrabbit.core.nodetype.PropertyDefImpl",6,0.00,2.00,38,0.41,18042.60,8,2,6,14,11,114.66,24,45,6,2,114.42,0.00,0.50,0.50,0,0.00,5,1219.59,1,2,6,org.apache.jackrabbit.core.nodetype.ItemDefImpl,0.00,8,1,12,0,8,4,1,8,258,1
"org.apache.jackrabbit.core.nodetype.ReferenceConstraint",4,0.33,2.00,27,0.29,8739.96,5,1,19,13,13,155.40,10,42,3,2,115.52,0.00,0.50,0.75,0,0.00,3,881.18,0,2,11,org.apache.jackrabbit.core.nodetype.ValueConstraint,0.00,9,1,8,0,9,2,0,4,187,0
"org.apache.jackrabbit.core.nodetype.StringConstraint",3,0.50,2.33,24,0.30,8993.93,4,1,19,13,11,109.74,1,37,1,2,109.74,0.00,0.50,0.67,0,0.00,3,890.28,0,0,11,org.apache.jackrabbit.core.nodetype.ValueConstraint,0.00,10,1,7,0,10,3,0,1,186,0
"org.apache.jackrabbit.core.nodetype.ValueConstraint",5,0.38,1.20,23,0.33,12266.18,7,2,19,15,25,122.04,21,43,15,1,121.81,0.00,0.00,0.20,0,7.00,2,1000.49,0,3,17,java.lang.Object,0.00,10,0,6,7,10,2,0,3,203,2
"org.apache.jackrabbit.test.api.lock.LockTest",9,0.00,1.67,122,1.53,31718.99,9,0,5,34,2,63.84,110,147,1,4,101.40,0.00,0.75,0.00,0,0.00,3,4600.79,0,0,1,org.apache.jackrabbit.test.AbstractJCRTest,0.00,25,3,15,0,25,9,0,75,876,1
"org.apache.jackrabbit.test.api.lock.TestAll",1,0.00,1.00,5,0.04,864.35,1,0,3,3,1,77.67,11,7,0,2,121.80,0.00,0.50,0.00,0,1.00,1,115.51,0,1,1,junit.framework.TestCase,0.00,2,1,1,0,2,0,0,2,31,1
"org.apache.jackrabbit.core.BLOBFileValue",17,0.06,2.88,129,1.42,49401.80,23,6,17,53,19,79.74,108,195,17,1,111.96,0.00,0.00,0.23,3,41.00,6,4245.12,0,4,2,java.lang.Object,0.00,36,0,49,0,36,13,1,39,880,1
"org.apache.jackrabbit.core.BaseException",10,0.67,1.40,35,0.24,5730.96,11,1,2,12,12,89.11,71,51,12,2,131.40,11.00,0.08,0.40,2,18.00,3,718.23,2,3,0,java.lang.Exception,0.00,2,1,14,11,2,7,0,12,193,2
"org.apache.jackrabbit.core.CachingHierarchyManager",11,0.04,1.45,52,0.57,20605.34,16,5,6,25,7,122.92,51,72,1,1,122.68,0.00,0.00,0.24,2,0.00,4,1701.93,0,8,6,java.lang.Object,0.00,14,0,16,0,14,3,1,17,392,1
"org.apache.jackrabbit.core.Constants",0,0.00,0.00,58,1.57,48789.17,57,57,0,1,28,171.00,81,59,27,1,171.00,0.00,0.00,0.00,0,0.00,0,4695.37,0,0,1,,0.00,1,0,0,0,1,0,0,52,681,1
"org.apache.jackrabbit.core.HierarchyManager",8,0.00,1.00,9,0.10,712.12,8,0,3,8,14,123.43,52,11,10,1,155.65,0.00,0.00,0.00,0,8.00,1,307.98,0,7,4,,0.00,0,0,8,0,0,1,0,9,91,1
"org.apache.jackrabbit.core.HierarchyManagerImpl",15,0.01,4.93,290,4.55,353139.55,20,5,15,84,18,46.21,113,381,2,1,88.51,0.00,0.00,0.21,5,0.00,14,13646.50,0,11,16,java.lang.Object,0.00,69,0,74,1,69,4,1,59,2325,1
"org.apache.jackrabbit.core.IllegalNameException",4,0.00,1.00,9,0.05,332.37,4,0,0,4,20,112.43,27,14,19,3,144.65,0.00,0.67,0.00,0,4.00,1,136.79,0,0,1,org.apache.jackrabbit.core.BaseException,0.00,0,2,4,0,0,4,0,5,46,1
"org.apache.jackrabbit.core.InternalValue",33,0.09,1.52,166,2.35,88656.60,35,2,21,81,50,118.06,132,261,39,1,117.83,0.00,0.00,0.41,1,86.00,7,7050.42,0,22,11,java.lang.Object,0.00,48,0,50,0,48,11,0,29,1425,1
"org.apache.jackrabbit.core.ItemId",2,0.50,1.00,6,0.04,572.65,4,2,1,2,36,101.63,13,8,36,1,133.86,0.00,0.00,0.25,0,2.00,1,127.08,0,0,0,java.lang.Object,0.00,0,0,2,3,0,2,1,2,35,2
"org.apache.jackrabbit.core.ItemImpl",43,0.06,3.88,608,8.75,767705.21,56,13,44,190,31,50.33,475,799,6,1,94.45,0.00,0.00,0.13,19,701.00,26,26240.42,1,14,30,java.lang.Object,0.00,147,0,167,4,147,29,3,220,4398,2
"org.apache.jackrabbit.core.ItemLifeCycleListener",3,0.00,1.00,4,0.03,127.07,3,0,0,3,7,114.06,35,5,6,1,158.19,0.00,0.00,0.00,0,3.00,1,84.71,0,0,2,,0.00,0,0,3,0,0,3,0,4,29,1
"org.apache.jackrabbit.core.ItemManager",29,0.09,3.03,288,4.11,148092.25,37,8,29,110,40,57.84,239,395,19,1,105.95,0.00,0.00,0.22,11,11.00,8,12333.89,0,16,28,java.lang.Object,0.00,81,0,88,0,81,13,2,85,2285,1
"org.apache.jackrabbit.core.JackrabbitRepositoryStub",2,0.67,2.50,29,0.40,15537.71,8,6,8,13,3,136.70,42,36,0,2,97.40,0.00,0.50,0.50,0,2.00,4,1203.49,0,1,3,org.apache.jackrabbit.test.RepositoryStub,0.22,11,1,5,0,11,1,0,13,231,1
"org.apache.jackrabbit.core.LazyItemIterator",10,0.00,1.70,44,0.43,10345.00,14,4,10,24,3,92.46,61,64,2,1,124.68,0.00,0.00,0.25,1,14.00,4,1303.10,0,3,2,java.lang.Object,0.00,14,0,17,0,14,7,2,19,298,0
"org.apache.jackrabbit.core.LocalNamespaceMappings",5,0.50,5.00,68,0.93,58498.21,9,4,6,31,4,59.48,62,94,1,1,97.04,0.00,0.00,0.65,0,0.00,13,2792.48,0,3,3,java.lang.Object,0.00,26,0,25,0,26,2,1,40,534,0
"org.apache.jackrabbit.core.MalformedPathException",4,0.00,1.00,9,0.05,332.37,4,0,0,4,21,112.43,27,14,20,3,144.65,0.00,0.67,0.00,0,4.00,1,136.79,0,0,1,org.apache.jackrabbit.core.BaseException,0.00,0,2,4,0,0,4,0,5,46,1
"org.apache.jackrabbit.core.NamespaceRegistryImpl",10,0.16,2.80,123,1.70,74996.50,17,7,14,46,11,57.70,78,170,7,1,99.99,0.00,0.00,0.29,2,0.00,10,5093.08,0,5,4,java.lang.Object,0.00,36,0,28,0,36,5,3,37,970,1
"org.apache.jackrabbit.core.NamespaceResolver",2,0.00,1.00,3,0.02,147.00,2,0,1,2,53,108.20,17,4,53,1,156.30,0.00,0.00,0.00,0,2.00,1,62.00,0,2,0,,0.00,0,0,2,0,0,0,0,3,22,1
"org.apache.jackrabbit.core.NoPrefixDeclaredException",4,0.00,1.00,9,0.05,332.37,4,0,0,4,32,112.43,27,14,31,3,144.65,0.00,0.67,0.00,0,4.00,1,136.79,0,0,1,org.apache.jackrabbit.core.BaseException,0.00,0,2,4,0,0,4,0,5,46,1
"org.apache.jackrabbit.core.NodeId",7,0.25,1.71,28,0.20,4170.27,9,2,0,11,41,166.45,19,41,40,2,126.56,1.00,0.33,0.29,0,3.00,3,613.53,0,3,1,org.apache.jackrabbit.core.ItemId,0.22,4,1,12,1,4,4,0,4,156,1
"org.apache.jackrabbit.core.NodeImpl",117,0.07,3.72,1528,22.71,1222339.80,121,4,70,409,67,49.02,1225,2119,28,2,97.50,2.00,0.25,0.18,45,1721.00,25,68137.19,8,58,47,org.apache.jackrabbit.core.ItemImpl,0.08,292,1,435,2,292,59,1,558,11830,1
"org.apache.jackrabbit.core.Path",29,0.01,3.38,303,3.78,278082.06,39,10,9,87,36,81.92,433,375,31,1,102.06,0.00,0.00,0.09,8,272.00,18,11338.79,0,14,5,java.lang.Object,0.00,58,0,98,0,58,15,0,88,2104,2
"org.apache.jackrabbit.core.Path$CurrentElement",7,0.67,1.00,16,0.09,742.44,8,1,9,7,3,143.82,6,24,0,2,143.82,0.00,0.50,0.43,0,10.00,1,255.07,0,2,3,org.apache.jackrabbit.core.PathElement,0.00,0,1,7,0,0,5,0,6,78,2
"org.apache.jackrabbit.core.Path$ParentElement",7,0.67,1.00,16,0.09,742.44,8,1,9,7,3,143.82,6,24,0,2,143.82,0.00,0.50,0.43,0,10.00,1,255.07,0,2,3,org.apache.jackrabbit.core.PathElement,0.00,0,1,7,0,0,5,0,6,78,2
"org.apache.jackrabbit.core.Path$PathBuilder",12,0.06,1.25,46,0.41,10317.08,15,3,9,25,3,112.17,66,58,0,1,130.04,0.00,0.00,0.28,3,32.00,2,1230.96,0,1,3,java.lang.Object,0.00,13,0,15,0,13,11,1,16,309,2
"org.apache.jackrabbit.core.Path$PathElement",15,0.25,2.00,84,0.95,38222.48,17,2,9,34,3,138.56,54,115,0,1,117.94,0.00,0.00,0.27,2,85.00,9,2846.36,0,4,3,java.lang.Object,0.00,19,0,30,0,19,11,0,15,600,2
"org.apache.jackrabbit.core.Path$RootElement",7,1.00,1.00,16,0.09,742.44,8,1,9,7,3,193.82,7,24,0,2,143.82,0.00,0.50,0.14,0,12.00,1,255.07,0,2,3,org.apache.jackrabbit.core.PathElement,0.00,0,1,7,0,0,5,0,7,78,2
"org.apache.jackrabbit.core.PathTest",7,0.17,5.71,189,3.11,197626.80,13,6,3,40,6,122.04,20,206,1,2,82.16,0.00,0.50,0.31,2,0.00,9,9337.75,0,2,5,junit.framework.TestCase,0.00,33,1,40,0,33,5,0,15,1611,1
"org.apache.jackrabbit.core.PathTest$NamespaceResolver",2,0.00,1.00,5,0.02,262.00,2,0,3,2,0,143.10,0,7,0,1,143.10,0.00,0.00,0.00,0,2.00,1,68.00,0,2,0,java.lang.Object,0.00,0,0,2,0,0,0,0,0,24,0
"org.apache.jackrabbit.core.PathTest$Test",7,0.11,1.71,29,0.28,6761.30,10,3,3,12,0,174.91,8,41,0,1,124.91,0.00,0.00,0.24,3,16.00,5,845.46,0,1,0,java.lang.Object,0.00,5,0,12,0,5,6,0,2,203,2
"org.apache.jackrabbit.core.PropertyId",8,0.00,1.88,43,0.41,13169.26,11,3,0,18,31,159.34,19,60,29,2,119.45,0.00,0.50,0.33,0,2.00,3,1227.53,0,4,2,org.apache.jackrabbit.core.ItemId,0.20,10,1,15,0,10,4,0,4,282,1
"org.apache.jackrabbit.core.PropertyImpl",36,0.03,4.50,528,7.38,360189.25,38,2,26,107,25,48.29,295,708,12,2,96.40,0.00,0.50,0.47,4,0.00,10,22127.19,3,13,16,org.apache.jackrabbit.core.ItemImpl,0.15,71,1,162,0,71,23,1,197,3943,1
"org.apache.jackrabbit.core.QName",13,0.01,2.54,99,1.14,50257.78,19,6,5,38,129,61.01,122,138,125,1,111.01,0.00,0.00,0.18,2,41.00,6,3427.49,1,8,4,java.lang.Object,0.00,25,0,33,0,25,5,3,33,704,1
"org.apache.jackrabbit.core.QNameTest",3,0.67,4.33,69,0.96,40998.47,6,3,2,16,4,107.92,11,73,1,2,87.30,0.00,0.50,0.78,0,0.00,7,2887.03,0,0,3,junit.framework.TestCase,0.00,13,1,13,0,13,3,0,6,525,1
"org.apache.jackrabbit.core.QNameTest$NamespaceResolver",2,0.00,1.00,5,0.02,262.00,2,0,2,2,0,143.10,0,7,0,1,143.10,0.00,0.00,0.00,0,2.00,1,68.00,0,2,0,java.lang.Object,0.00,0,0,2,0,0,0,0,0,24,0
"org.apache.jackrabbit.core.QNameTest$Test",4,0.22,1.25,17,0.12,2171.09,7,3,2,7,0,126.96,0,23,0,1,126.96,0.00,0.00,0.17,1,8.00,2,373.83,0,1,0,java.lang.Object,0.00,3,0,5,0,3,3,0,0,103,2
"org.apache.jackrabbit.core.RepositoryImpl",30,0.08,2.80,310,4.27,162687.29,52,22,52,143,40,54.06,274,448,12,1,104.05,0.00,0.00,0.12,8,122.00,11,12810.76,0,21,32,java.lang.Object,0.00,113,0,84,0,113,9,4,91,2306,1
"org.apache.jackrabbit.core.RepositoryImpl$Thread",1,0.00,1.00,3,0.01,56.92,1,0,52,2,0,139.38,0,4,0,1,139.38,0.00,0.00,0.00,0,1.00,1,30.46,0,0,0,java.lang.Object,0.00,1,0,1,0,1,1,0,0,12,0
"org.apache.jackrabbit.core.RepositoryImpl$WorkspaceInfo",11,0.14,2.55,73,0.72,20043.73,18,7,52,33,13,67.98,89,117,0,1,116.08,0.00,0.00,0.27,2,0.00,9,2161.60,0,9,13,java.lang.Object,0.00,22,0,28,0,22,2,0,27,465,0
"org.apache.jackrabbit.core.SearchManager",7,0.18,4.00,99,1.50,69643.34,17,10,28,50,21,58.88,90,138,5,1,96.45,0.00,0.00,0.26,2,0.00,15,4485.43,0,2,16,java.lang.Object,0.00,43,0,28,0,43,5,1,32,780,1
"org.apache.jackrabbit.core.SessionImpl",53,0.02,2.58,455,6.28,402058.36,74,21,61,195,54,64.25,380,653,32,1,106.54,0.00,0.00,0.07,10,1639.00,27,18830.32,0,23,32,java.lang.Object,0.00,142,0,137,2,142,30,2,152,3398,1
"org.apache.jackrabbit.core.SessionListener",2,0.00,1.00,3,0.02,70.95,2,0,0,2,4,108.80,19,4,4,1,158.79,0.00,0.00,0.00,0,2.00,1,47.30,0,0,1,,0.00,0,0,2,0,0,2,0,3,18,1
"org.apache.jackrabbit.core.SystemSession",3,1.00,1.00,12,0.16,2708.51,4,1,13,10,9,81.14,34,23,3,2,125.27,0.00,0.50,0.00,0,3.00,1,469.04,0,2,7,org.apache.jackrabbit.core.SessionImpl,0.00,7,1,3,0,7,1,0,8,109,0
"org.apache.jackrabbit.core.SystemSession$SystemAccessManager",6,0.00,1.00,9,0.08,563.02,6,0,13,6,3,137.60,35,21,0,1,155.47,0.00,0.00,0.00,0,6.00,1,230.54,0,0,3,java.lang.Object,0.00,0,0,6,0,0,6,1,10,68,1
"org.apache.jackrabbit.core.TestAll",1,0.00,1.00,7,0.06,1740.69,1,0,3,3,3,65.48,10,9,0,2,113.96,0.00,0.50,0.00,0,1.00,1,186.48,0,1,3,junit.framework.TestCase,0.00,2,1,1,0,2,0,0,2,47,1
"org.apache.jackrabbit.core.UnknownPrefixException",4,0.00,1.00,9,0.05,332.37,4,0,0,4,18,112.43,27,14,17,3,144.65,0.00,0.67,0.00,0,4.00,1,136.79,0,0,1,org.apache.jackrabbit.core.BaseException,0.00,0,2,4,0,0,4,0,5,46,1
"org.apache.jackrabbit.core.UserTransactionImpl",7,0.25,2.29,50,0.62,20735.10,11,4,11,18,1,79.73,42,77,1,1,111.95,0.00,0.00,0.46,0,0.00,4,1854.07,0,0,0,java.lang.Object,0.00,11,0,16,0,11,7,1,13,370,0
"org.apache.jackrabbit.core.UserTransactionImpl$XidImpl",4,1.00,1.00,10,0.06,808.47,5,1,11,4,0,162.23,15,15,0,1,141.61,0.00,0.00,0.25,0,6.00,1,193.11,0,0,0,java.lang.Object,0.00,0,0,4,0,0,4,1,5,57,0
"org.apache.jackrabbit.core.WorkspaceImpl",34,0.10,3.32,449,6.87,356071.83,43,9,60,180,42,49.04,357,666,7,1,97.51,0.00,0.00,0.21,14,66.00,12,20612.00,0,16,39,java.lang.Object,0.00,146,0,113,0,146,18,2,150,3537,1
"org.apache.jackrabbit.core.WorkspaceImpl$ContentHandler",11,0.00,1.09,27,0.28,4484.05,11,0,60,24,0,139.20,1,41,0,1,139.20,0.00,0.00,0.00,0,11.00,2,845.41,0,0,0,java.lang.Object,0.00,13,0,12,0,13,11,0,1,221,0
"org.apache.jackrabbit.core.WorkspaceImpl$VersionSelector",1,0.00,2.00,6,0.06,1535.64,1,0,60,4,1,156.61,2,8,0,1,116.72,0.00,0.00,0.00,0,1.00,2,190.84,0,1,1,java.lang.Object,0.00,3,0,2,0,3,0,0,2,45,0
"org.apache.jackrabbit.core.XASession",1,0.00,1.00,2,0.01,48.43,1,0,2,1,3,172.78,19,3,3,2,146.50,0.00,0.50,0.00,0,1.00,1,27.12,0,1,0,,0.00,0,1,1,0,0,0,0,2,11,1
"org.apache.jackrabbit.core.XASessionImpl",19,0.07,2.00,98,1.07,30667.71,23,4,15,33,9,87.28,132,138,2,2,119.51,0.00,0.50,0.18,4,144.00,8,3201.23,1,3,8,org.apache.jackrabbit.core.SessionImpl,0.00,14,1,38,0,14,16,2,27,695,1
"org.apache.jackrabbit.core.XASessionImpl$EventDispatcher",3,1.00,1.00,7,0.05,457.94,4,1,15,4,3,110.35,18,11,0,1,142.57,0.00,0.00,0.33,0,4.00,1,142.54,0,0,3,java.lang.Object,0.00,1,0,3,0,1,3,1,4,43,1
"org.apache.jackrabbit.core.XATest",8,0.00,2.62,112,1.31,32244.20,8,0,7,31,3,62.07,101,143,1,4,99.63,0.00,0.75,0.00,0,0.00,5,3926.83,1,0,2,org.apache.jackrabbit.test.AbstractJCRTest,0.00,23,3,21,0,23,8,0,66,758,1
"org.apache.jackrabbit.webdav.spi.lock.JcrActiveLock",13,0.22,1.38,40,0.35,6259.67,16,3,7,25,7,114.13,72,59,1,2,132.00,0.00,0.50,0.13,1,55.00,3,1048.89,0,4,6,org.apache.jackrabbit.webdav.lock.AbstractActiveLock,0.00,12,1,18,0,12,9,2,16,263,1
"org.apache.jackrabbit.webdav.spi.lock.SessionScopedLockEntry",2,1.00,1.00,6,0.05,773.42,3,1,6,3,5,100.61,12,9,0,2,132.83,0.00,0.50,0.00,0,2.00,1,143.06,0,2,5,org.apache.jackrabbit.webdav.lock.AbstractLockEntry,0.00,1,1,2,0,1,0,0,3,40,1
"org.apache.jackrabbit.core.nodetype.xml.AdditionalNamespaceResolver",4,0.00,1.75,24,0.26,6715.10,6,2,7,13,3,98.58,20,34,1,1,116.45,0.00,0.00,0.50,1,2.00,2,791.90,0,2,2,java.lang.Object,0.00,9,0,7,0,9,2,1,7,181,1
"org.apache.jackrabbit.core.nodetype.xml.CommonFormat",12,0.00,1.42,42,0.41,10009.49,16,4,9,26,9,87.83,86,69,2,1,130.12,0.00,0.00,0.25,3,46.00,4,1241.45,0,8,7,java.lang.Object,0.00,14,0,17,4,14,4,0,17,301,0
"org.apache.jackrabbit.core.nodetype.xml.ItemDefFormat",13,0.08,1.00,49,0.44,4812.33,18,5,5,28,6,115.10,76,65,2,2,132.98,2.00,0.25,0.28,10,0.00,1,1325.29,4,0,4,org.apache.jackrabbit.core.nodetype.xml.CommonFormat,0.00,15,1,13,2,15,13,0,19,329,0
"org.apache.jackrabbit.core.nodetype.xml.NodeDefFormat",12,0.08,1.42,63,0.64,11978.63,18,6,7,33,6,89.01,77,83,1,3,121.23,0.00,0.67,0.24,6,0.00,3,1908.96,8,1,5,org.apache.jackrabbit.core.nodetype.xml.ItemDefFormat,0.08,21,2,17,0,21,11,0,20,429,0
"org.apache.jackrabbit.core.nodetype.xml.NodeTypeFormat",20,0.05,1.50,114,1.21,24600.89,27,7,9,58,10,88.28,120,144,1,2,120.50,0.00,0.50,0.19,14,0.00,3,3636.10,10,1,9,org.apache.jackrabbit.core.nodetype.xml.CommonFormat,0.00,38,1,30,0,38,19,0,28,793,1
"org.apache.jackrabbit.core.nodetype.xml.PropDefFormat",14,0.09,1.57,90,1.03,24660.96,22,8,11,43,9,84.09,84,115,1,3,116.31,0.00,0.67,0.21,8,0.00,4,3078.48,6,1,8,org.apache.jackrabbit.core.nodetype.xml.ItemDefFormat,0.08,29,2,22,0,29,13,0,23,643,0
"org.apache.jackrabbit.webdav.transaction.TransactionConstants",0,0.00,0.00,15,0.30,7629.97,14,14,5,4,9,171.00,88,16,5,1,171.00,0.00,0.00,0.00,0,0.00,0,900.76,0,0,4,,0.00,4,0,0,0,4,0,0,15,166,1
"org.apache.jackrabbit.webdav.transaction.TransactionDavServletRequest",2,0.00,1.00,3,0.01,65.85,2,0,1,2,4,114.92,22,4,2,2,159.05,0.00,0.50,0.00,0,2.00,1,38.73,0,2,2,,0.00,0,1,2,0,0,0,0,3,16,1
"org.apache.jackrabbit.webdav.transaction.TransactionInfo",2,0.00,3.00,16,0.20,7084.89,4,2,2,7,8,98.75,31,23,7,1,109.11,0.00,0.00,0.50,0,0.00,5,612.90,0,1,1,java.lang.Object,0.00,5,0,6,0,5,1,1,4,130,1
"org.apache.jackrabbit.webdav.transaction.TransactionResource",4,2.00,1.00,7,0.06,641.07,6,2,3,4,11,105.53,33,8,7,2,153.64,0.00,0.50,0.00,0,4.00,1,181.18,0,2,5,,0.00,0,1,4,0,0,2,0,5,54,1
"org.apache.jackrabbit.webdav.transaction.TxActiveLock",4,0.17,2.00,23,0.23,6822.88,6,2,4,12,10,77.03,30,32,5,3,119.32,0.00,0.67,0.38,0,2.00,5,691.92,2,2,5,org.apache.jackrabbit.webdav.lock.DefaultActiveLock,0.50,8,2,8,0,8,2,1,7,150,1
"org.apache.jackrabbit.webdav.transaction.TxLockEntry",3,0.25,1.33,12,0.08,1405.39,5,2,4,4,5,79.34,26,17,1,2,127.44,0.00,0.50,0.33,0,2.00,2,247.34,0,2,4,org.apache.jackrabbit.webdav.lock.AbstractLockEntry,0.00,1,1,4,0,1,1,1,4,65,2
"org.apache.jackrabbit.webdav.transaction.TxLockManager",2,0.00,1.00,3,0.03,184.31,2,0,2,2,7,145.17,30,5,2,2,155.53,0.00,0.50,0.00,0,2.00,1,101.67,0,1,6,,0.00,0,1,2,0,0,1,0,3,30,1
"org.apache.jackrabbit.core.util.uuid.Bytes",8,0.00,2.38,59,0.79,50837.57,8,0,0,9,1,67.04,61,78,1,1,109.33,0.00,0.00,0.00,1,8.00,9,2379.21,0,0,0,java.lang.Object,0.00,1,0,19,0,1,8,0,9,516,2
"org.apache.jackrabbit.core.util.uuid.Constants",0,0.00,0.00,33,0.42,8853.20,32,32,0,1,4,171.00,114,34,4,1,171.00,0.00,0.00,0.00,0,0.00,0,1267.81,0,0,0,,0.00,1,0,0,0,1,0,0,39,209,1
"org.apache.jackrabbit.core.util.uuid.UUID",21,0.01,2.14,141,1.74,69659.41,29,8,4,54,20,76.51,271,176,18,1,114.07,0.00,0.00,0.14,2,0.00,7,5209.89,0,4,3,java.lang.Object,0.00,33,0,45,0,33,17,3,75,1052,1
"org.apache.jackrabbit.core.util.uuid.VersionFourGenerator",6,0.10,2.17,38,0.38,15041.75,10,4,4,10,3,85.65,80,53,2,1,115.03,0.00,0.00,0.17,1,10.00,7,1127.04,0,4,2,java.lang.Object,0.00,4,0,13,0,4,2,1,23,239,2
"org.apache.jackrabbit.webdav.version.DeltaVConstants",0,0.00,0.00,43,0.91,20399.58,42,42,3,1,22,171.00,218,44,20,1,171.00,0.00,0.00,0.00,0,0.00,0,2732.36,0,0,2,,0.00,1,0,0,0,1,0,0,31,414,1
"org.apache.jackrabbit.webdav.version.DeltaVResource",5,2.00,1.00,8,0.07,497.80,7,2,6,5,16,135.12,73,9,9,2,155.27,0.00,0.50,0.00,0,5.00,1,195.55,0,3,8,,0.00,0,1,5,0,0,2,0,7,60,1
"org.apache.jackrabbit.webdav.version.DeltaVServletRequest",6,0.00,1.00,7,0.03,135.51,6,0,2,6,7,118.05,43,8,1,2,160.34,0.00,0.50,0.00,0,6.00,1,85.17,0,5,6,,0.00,0,1,6,0,0,1,0,7,36,1
"org.apache.jackrabbit.webdav.version.LabelInfo",7,0.04,2.00,43,0.47,15423.56,15,8,3,19,8,65.49,68,56,7,1,115.49,0.00,0.00,0.16,1,25.00,7,1421.21,0,2,1,java.lang.Object,0.00,12,0,14,0,12,5,1,9,289,1
"org.apache.jackrabbit.webdav.version.MergeInfo",6,0.10,1.50,24,0.25,5285.14,8,2,4,14,8,77.15,53,34,5,1,125.26,0.00,0.00,0.42,0,0.00,2,759.43,0,3,3,java.lang.Object,0.00,8,0,9,0,8,3,1,7,180,1
"org.apache.jackrabbit.webdav.version.OptionsInfo",3,0.25,1.33,11,0.13,2672.59,5,2,4,10,6,92.34,37,16,5,1,129.91,0.00,0.00,0.33,0,1.00,2,396.52,0,1,1,java.lang.Object,0.00,7,0,4,0,7,2,0,4,95,1
"org.apache.jackrabbit.webdav.version.OptionsResponse",3,0.00,1.33,15,0.17,3908.53,5,2,5,9,5,71.85,30,17,3,1,120.33,0.00,0.00,0.50,0,0.00,2,497.19,0,1,2,java.lang.Object,0.00,6,0,4,0,6,2,1,4,114,1
"org.apache.jackrabbit.webdav.version.ResourceType",3,0.10,1.67,15,0.22,5671.38,8,5,2,5,3,74.88,33,27,1,3,119.01,0.00,0.67,0.13,0,5.00,2,670.09,0,1,2,org.apache.jackrabbit.webdav.property.ResourceType,0.43,2,2,5,0,2,2,1,8,142,1
"org.apache.jackrabbit.webdav.version.SupportedMethodSetProperty",1,1.00,2.00,12,0.16,4815.58,2,1,3,4,3,51.59,9,12,1,3,101.58,0.00,0.67,0.00,0,1.00,2,467.75,1,0,2,org.apache.jackrabbit.webdav.property.DefaultDavProperty,0.00,3,2,2,0,3,1,1,3,99,1
"org.apache.jackrabbit.webdav.version.UpdateInfo",6,0.08,2.17,45,0.59,29025.61,11,5,6,21,8,60.28,54,57,5,1,110.28,0.00,0.00,0.27,0,14.00,7,1761.09,0,5,3,java.lang.Object,0.00,15,0,13,0,15,1,1,7,336,1
"org.apache.jackrabbit.webdav.version.VersionControlledResource",8,11.00,1.00,20,0.36,11015.40,19,11,5,9,15,182.88,221,21,5,2,135.05,0.00,0.50,0.00,0,8.00,1,1069.05,0,3,10,,0.00,1,1,8,0,1,5,0,20,230,1
"org.apache.jackrabbit.webdav.version.VersionHistoryResource",1,4.00,1.00,6,0.09,2077.38,5,4,2,2,9,82.14,42,7,6,2,115.85,0.00,0.50,0.00,0,1.00,1,280.76,0,1,4,,0.00,1,1,1,0,1,0,0,6,64,1
"org.apache.jackrabbit.webdav.version.VersionResource",2,9.00,1.00,12,0.26,8919.75,11,9,2,3,10,97.67,123,13,6,2,113.24,0.00,0.50,0.00,0,2.00,1,771.41,0,0,5,,0.00,1,1,2,0,1,2,0,12,157,1
"org.apache.jackrabbit.webdav.version.VersionableResource",1,2.00,1.00,4,0.04,432.22,3,2,1,1,3,98.81,41,5,2,2,127.79,0.00,0.50,0.00,0,1.00,1,105.60,0,0,1,,0.00,0,1,1,0,0,1,0,4,29,1
"org.apache.jackrabbit.test.api.xa.TestAll",1,0.00,1.00,4,0.03,457.63,1,0,3,2,0,90.03,12,6,0,2,127.59,0.00,0.50,0.00,0,1.00,1,76.45,0,1,0,junit.framework.TestCase,0.00,1,1,1,0,1,0,0,3,23,1
"org.apache.jackrabbit.webdav.spi.nodetype.NodeTypeConstants",0,0.00,0.00,27,0.48,8346.46,26,26,2,0,3,171.00,6,28,2,1,171.00,0.00,0.00,0.00,0,0.00,0,1434.55,0,0,1,,0.00,0,0,0,0,0,0,0,1,240,1
"org.apache.jackrabbit.webdav.spi.nodetype.NodeTypeElement",5,1.00,1.60,23,0.25,6326.89,6,1,3,15,4,124.00,3,29,3,2,124.00,0.00,0.50,0.00,1,1.00,2,744.79,0,2,1,org.jdom.Element,0.00,10,1,8,0,10,3,1,1,175,1
"org.apache.jackrabbit.webdav.spi.nodetype.NodeTypeProperty",5,0.12,2.20,36,0.42,12791.28,7,2,9,19,5,133.07,17,45,1,2,112.46,0.00,0.50,0.40,1,0.00,4,1266.22,0,2,4,org.apache.jackrabbit.webdav.property.AbstractDavProperty,0.00,14,1,11,0,14,3,0,3,265,1
"org.apache.jackrabbit.core.search.AbstractQueryHandler",6,0.10,1.00,20,0.14,2001.16,10,4,3,6,4,85.23,51,30,0,1,133.33,0.00,0.00,0.17,1,22.00,1,422.12,0,3,4,java.lang.Object,0.00,0,0,6,1,0,3,1,11,110,2
"org.apache.jackrabbit.core.search.AbstractQueryTest",6,0.00,2.83,73,0.91,33369.38,6,0,13,33,8,58.72,47,75,7,4,101.01,2.33,0.27,0.00,1,14.00,5,2719.85,0,1,1,org.apache.jackrabbit.test.AbstractJCRTest,0.00,27,3,17,7,27,5,0,11,519,1
"org.apache.jackrabbit.core.search.AndQueryNode",4,0.00,1.00,9,0.06,661.31,4,0,1,5,9,110.08,27,14,7,3,142.30,0.00,0.67,0.00,0,4.00,1,188.14,0,1,3,org.apache.jackrabbit.core.search.NAryQueryNode,0.20,1,2,4,0,1,3,0,5,57,1
"org.apache.jackrabbit.core.search.DefaultQueryNodeVisitor",12,0.00,1.00,25,0.16,1705.27,12,0,0,12,14,142.82,4,38,1,1,142.82,0.00,0.00,0.00,0,12.00,1,493.87,0,12,13,java.lang.Object,0.00,0,0,12,0,0,0,1,1,150,1
"org.apache.jackrabbit.core.search.DerefQueryNode",5,0.75,1.00,12,0.08,766.59,6,1,1,6,9,110.34,30,18,6,4,142.56,0.00,0.75,0.40,0,10.00,1,241.35,0,2,4,org.apache.jackrabbit.core.search.LocationStepQueryNode,0.15,1,3,5,0,1,3,0,7,71,1
"org.apache.jackrabbit.core.search.ExactQueryNode",5,0.38,1.20,17,0.13,2201.76,7,2,1,7,8,100.12,33,24,6,2,132.34,1.00,0.33,0.20,0,11.00,2,375.56,0,3,3,org.apache.jackrabbit.core.search.QueryNode,0.22,2,1,6,1,2,2,0,8,99,1
"org.apache.jackrabbit.core.search.ExecutableQuery",1,0.00,1.00,2,0.01,51.30,1,0,2,1,3,102.18,11,3,3,1,146.30,0.00,0.00,0.00,0,1.00,1,27.65,0,1,0,,0.00,0,0,1,0,0,0,0,2,11,1
"org.apache.jackrabbit.core.search.FulltextQueryTest",7,0.00,1.00,77,1.36,31058.36,7,0,3,16,2,103.43,3,99,1,5,103.43,0.00,0.80,0.00,0,0.00,1,4070.29,1,0,1,org.apache.jackrabbit.core.search.AbstractQueryTest,0.00,9,4,7,0,9,7,0,1,746,1
"org.apache.jackrabbit.core.search.ISO9075Test",2,0.00,2.50,28,0.41,14780.35,2,0,4,17,3,55.28,14,28,1,2,97.57,0.00,0.50,0.00,0,2.00,4,1221.10,0,0,2,junit.framework.TestCase,0.00,15,1,5,0,15,2,0,3,220,1
"org.apache.jackrabbit.core.search.LocationStepQueryNode",11,0.12,1.09,34,0.29,5436.25,17,6,1,14,16,89.68,81,47,13,3,131.97,0.50,0.50,0.06,0,47.00,2,872.63,1,3,4,org.apache.jackrabbit.core.search.NAryQueryNode,0.14,3,2,12,1,3,8,0,18,220,1
"org.apache.jackrabbit.core.search.NAryQueryNode",7,0.08,2.14,40,0.40,10950.57,9,2,3,16,9,77.31,53,53,7,2,119.60,7.00,0.11,0.43,0,0.00,4,1185.62,0,1,2,org.apache.jackrabbit.core.search.QueryNode,0.00,9,1,15,7,9,6,0,10,266,2
"org.apache.jackrabbit.core.search.NodeTypeQueryNode",3,0.00,1.00,7,0.06,585.30,3,0,2,4,12,109.51,20,11,8,3,141.74,0.00,0.67,0.00,0,3.00,1,170.84,0,1,5,org.apache.jackrabbit.core.search.ExactQueryNode,0.25,1,2,3,0,1,2,0,7,49,1
"org.apache.jackrabbit.core.search.NotQueryNode",4,0.00,1.00,9,0.07,792.86,4,0,0,5,9,123.81,22,16,7,3,141.68,0.00,0.67,0.00,0,4.00,1,200.45,0,1,3,org.apache.jackrabbit.core.search.NAryQueryNode,0.20,1,2,4,0,1,3,0,5,60,1
"org.apache.jackrabbit.core.search.OrQueryNode",4,0.00,1.00,9,0.06,661.31,4,0,0,5,9,110.08,26,14,7,3,142.30,0.00,0.67,0.00,0,4.00,1,188.14,0,1,3,org.apache.jackrabbit.core.search.NAryQueryNode,0.20,1,2,4,0,1,3,0,5,57,1
"org.apache.jackrabbit.core.search.OrderByTest",16,0.00,1.44,182,2.85,110056.11,16,0,11,35,2,101.85,9,192,1,5,101.85,0.00,0.80,0.00,3,46.00,3,8537.11,1,0,1,org.apache.jackrabbit.core.search.AbstractQueryTest,0.00,19,4,23,0,19,16,0,7,1603,1
"org.apache.jackrabbit.core.search.OrderQueryNode",7,0.50,1.00,17,0.16,2084.88,8,1,3,14,11,98.00,53,25,9,2,140.29,0.00,0.50,0.57,0,3.00,1,484.92,0,1,3,org.apache.jackrabbit.core.search.QueryNode,0.18,7,1,7,0,7,6,0,11,131,1
"org.apache.jackrabbit.core.search.OrderQueryNode$OrderSpec",4,0.33,1.00,12,0.07,903.99,6,2,3,4,1,92.37,31,17,0,1,134.66,0.00,0.00,0.25,0,8.00,1,222.03,0,1,1,java.lang.Object,0.00,0,0,4,0,0,3,0,6,65,3
"org.apache.jackrabbit.core.search.PathQueryNode",7,0.42,1.14,20,0.16,2649.54,9,2,0,10,11,107.22,46,29,8,3,139.44,0.50,0.50,0.14,0,17.00,2,478.02,1,1,4,org.apache.jackrabbit.core.search.NAryQueryNode,0.17,3,2,8,1,3,6,0,10,128,1
"org.apache.jackrabbit.core.search.PropertyTypeRegistry",6,0.08,3.00,72,0.94,48213.09,11,5,15,29,11,67.52,36,82,5,1,99.74,0.00,0.00,0.27,3,6.00,7,2819.13,0,0,6,java.lang.Object,0.00,23,0,18,0,23,6,1,15,525,1
"org.apache.jackrabbit.core.search.PropertyTypeRegistry$TypeMapping",1,2.00,1.00,6,0.04,560.40,3,2,15,1,1,160.21,2,8,0,1,120.33,0.00,0.00,0.00,0,1.00,1,127.05,0,0,1,java.lang.Object,0.00,0,0,1,0,0,1,0,2,36,2
"org.apache.jackrabbit.core.search.QueryConstants",0,0.00,0.00,25,0.49,17086.56,24,24,2,1,7,171.00,75,26,5,1,171.00,0.00,0.00,0.00,0,0.00,0,1458.22,0,0,2,,0.00,1,0,0,0,1,0,0,24,250,1
"org.apache.jackrabbit.core.search.QueryHandler",5,0.00,1.00,6,0.07,417.65,5,0,8,5,10,105.87,47,13,3,1,155.87,0.00,0.00,0.00,0,5.00,1,205.11,0,0,7,,0.00,0,0,5,0,0,5,0,6,60,1
"org.apache.jackrabbit.core.search.QueryImpl",7,0.13,2.14,49,0.82,29881.31,12,5,19,35,10,62.61,61,83,1,1,110.71,0.00,0.00,0.31,0,9.00,6,2447.88,0,4,9,java.lang.Object,0.00,28,0,15,0,28,3,1,15,467,1
"org.apache.jackrabbit.core.search.QueryManagerImpl",4,0.27,1.00,16,0.22,4063.58,9,5,11,8,4,76.76,35,28,1,1,124.86,0.00,0.00,0.40,0,6.00,1,654.15,0,3,3,java.lang.Object,0.00,4,0,4,0,4,1,1,10,150,1
"org.apache.jackrabbit.core.search.QueryNode",4,0.08,1.00,20,0.24,4360.66,17,13,0,4,21,76.88,47,23,20,1,121.01,0.00,0.00,0.02,0,6.00,1,719.30,0,2,1,java.lang.Object,0.00,0,0,4,14,0,2,0,18,154,2
"org.apache.jackrabbit.core.search.QueryNodeVisitor",12,0.00,1.00,13,0.11,595.20,12,0,0,12,17,157.65,3,14,17,1,157.65,0.00,0.00,0.00,0,12.00,1,332.00,0,12,12,,0.00,0,0,12,0,0,0,0,1,112,1
"org.apache.jackrabbit.core.search.QueryParser",3,0.00,2.33,16,0.20,6952.92,3,0,5,10,5,88.85,39,28,1,1,118.23,0.00,0.00,0.00,0,3.00,3,605.59,0,1,4,java.lang.Object,0.00,7,0,7,0,7,2,0,4,130,1
"org.apache.jackrabbit.core.search.QueryRootNode",9,0.21,1.00,22,0.16,2033.26,12,3,3,14,12,109.01,56,32,8,2,141.23,0.00,0.50,0.15,0,33.00,1,487.16,0,4,5,org.apache.jackrabbit.core.search.QueryNode,0.15,5,1,9,0,5,5,0,13,137,1
"org.apache.jackrabbit.core.search.RelationQueryNode",21,0.01,1.00,73,0.52,6281.60,29,8,2,22,10,91.41,157,95,7,2,133.71,0.00,0.50,0.11,0,263.00,1,1571.73,0,4,4,org.apache.jackrabbit.core.search.QueryNode,0.08,1,1,21,0,1,17,1,30,403,1
"org.apache.jackrabbit.core.search.SQLPathTest",9,0.17,1.00,44,0.49,8008.50,15,6,2,13,2,175.32,9,54,1,5,125.32,0.00,0.80,0.31,1,0.00,1,1471.41,3,1,1,org.apache.jackrabbit.core.search.AbstractQueryTest,0.24,4,4,9,0,4,8,0,3,331,1
"org.apache.jackrabbit.core.search.SQLTest",3,0.00,1.00,25,0.36,6067.81,3,0,3,10,2,111.28,2,29,1,5,111.28,0.00,0.80,0.00,0,0.00,1,1067.41,1,0,1,org.apache.jackrabbit.core.search.AbstractQueryTest,0.00,7,4,3,0,7,3,0,1,210,1
"org.apache.jackrabbit.core.search.SelectClauseTest",3,0.00,1.00,57,0.98,27451.34,3,0,4,10,2,142.10,3,70,1,5,92.10,0.00,0.80,0.00,0,0.00,1,2925.14,1,0,1,org.apache.jackrabbit.core.search.AbstractQueryTest,0.00,7,4,3,0,7,3,0,1,526,1
"org.apache.jackrabbit.core.search.SimpleQueryTest",15,0.00,1.00,277,4.77,191081.30,15,0,4,29,2,141.85,21,303,1,5,91.85,0.00,0.80,0.00,0,0.00,1,14312.99,1,0,1,org.apache.jackrabbit.core.search.AbstractQueryTest,0.00,14,4,15,0,14,15,0,19,2567,1
"org.apache.jackrabbit.core.search.TestAll",1,0.00,1.00,12,0.13,4399.74,1,0,3,3,8,53.58,10,14,0,2,102.05,0.00,0.50,0.00,0,1.00,1,381.92,0,1,8,junit.framework.TestCase,0.00,2,1,1,0,2,0,0,2,87,1
"org.apache.jackrabbit.core.search.TextsearchQueryNode",4,1.00,1.00,11,0.08,860.02,5,1,0,5,8,109.18,26,16,7,2,141.40,0.00,0.50,0.25,0,6.00,1,228.25,0,2,2,org.apache.jackrabbit.core.search.QueryNode,0.25,1,1,4,0,1,2,0,6,65,1
"org.apache.jackrabbit.core.search.XPathAxisTest",30,0.14,1.00,104,1.21,17838.96,36,6,2,34,2,131.36,3,135,1,5,131.36,0.00,0.80,0.31,0,0.00,1,3620.19,3,0,1,org.apache.jackrabbit.core.search.AbstractQueryTest,0.12,4,4,30,0,4,30,0,1,828,1
"org.apache.jackrabbit.test.api.util.TestAll",1,0.00,1.00,4,0.03,457.63,1,0,3,2,0,90.03,12,6,0,2,127.59,0.00,0.50,0.00,0,1.00,1,76.45,0,1,0,junit.framework.TestCase,0.00,1,1,1,0,1,0,0,3,23,1
"org.apache.jackrabbit.core.xml.AbstractSAXEventGenerator",12,0.05,1.75,71,0.87,32451.80,18,6,11,30,7,67.77,108,96,2,1,117.77,0.00,0.00,0.12,7,46.00,8,2601.86,0,0,5,java.lang.Object,0.00,18,0,21,2,18,12,1,31,530,1
"org.apache.jackrabbit.core.xml.DocViewImportHandler",7,0.23,4.14,95,1.56,115756.92,12,5,17,44,9,45.90,67,136,1,2,95.90,0.00,0.50,0.40,1,0.00,16,4676.53,0,0,8,org.xml.sax.helpers.DefaultHandler,0.00,37,1,29,0,37,7,1,30,796,0
"org.apache.jackrabbit.core.xml.DocViewSAXEventGenerator",7,0.00,3.57,96,1.51,113868.63,10,3,21,48,9,45.99,64,134,1,2,95.99,0.00,0.50,0.33,0,4.00,16,4521.39,0,0,9,org.apache.jackrabbit.core.xml.AbstractSAXEventGenerator,0.00,41,1,25,0,41,7,0,39,729,1
"org.apache.jackrabbit.core.xml.ImportHandler",12,0.14,1.92,88,1.00,31729.52,22,10,15,41,10,70.09,89,123,2,2,112.38,0.00,0.50,0.22,0,12.00,6,3006.00,0,0,8,org.xml.sax.helpers.DefaultHandler,0.00,29,1,23,0,29,12,0,42,611,1
"org.apache.jackrabbit.core.xml.ImportHandler$NamespaceContext",7,0.29,1.86,29,0.29,8455.69,11,4,15,16,2,124.36,28,40,0,1,124.13,0.00,0.00,0.50,0,0.00,4,868.63,0,2,2,java.lang.Object,0.00,9,0,13,0,9,5,1,9,205,0
"org.apache.jackrabbit.core.xml.Importer",4,4.00,1.00,11,0.12,2529.50,8,4,6,4,8,119.84,20,13,6,1,137.71,0.00,0.00,0.00,0,4.00,1,357.79,0,0,2,,0.00,0,0,4,0,0,4,0,6,94,1
"org.apache.jackrabbit.core.xml.Importer$NodeInfo",10,0.17,1.00,27,0.18,2863.73,14,4,6,10,1,140.42,0,39,0,1,140.42,0.00,0.00,0.10,0,42.00,1,537.18,0,4,1,java.lang.Object,0.00,0,0,10,0,0,6,0,0,153,2
"org.apache.jackrabbit.core.xml.Importer$PropInfo",8,0.24,1.00,21,0.14,1914.23,11,3,6,8,1,141.04,0,30,0,1,141.04,0.00,0.00,0.12,0,26.00,1,417.92,0,2,1,java.lang.Object,0.00,0,0,8,0,0,6,0,0,119,2
"org.apache.jackrabbit.core.xml.SessionImporter",7,0.19,4.57,123,1.73,85496.21,14,7,21,52,6,50.28,52,164,1,1,92.57,0.00,0.00,0.31,0,0.00,11,5182.15,0,2,6,java.lang.Object,0.00,45,0,32,0,45,5,1,35,905,1
"org.apache.jackrabbit.core.xml.SysViewImportHandler",7,0.25,7.43,160,2.74,208487.47,15,8,21,58,11,37.13,62,215,1,2,85.23,0.00,0.50,0.34,1,5.00,20,8230.57,0,0,10,org.xml.sax.helpers.DefaultHandler,0.00,51,1,52,0,51,7,1,43,1318,0
"org.apache.jackrabbit.core.xml.SysViewImportHandler$ImportState",0,0.00,0.00,7,0.05,531.67,6,6,21,1,1,171.00,18,8,0,1,171.00,0.00,0.00,0.00,0,0.00,0,141.78,0,0,1,java.lang.Object,0.00,1,0,0,0,1,0,0,6,34,0
"org.apache.jackrabbit.core.xml.SysViewSAXEventGenerator",7,0.12,2.71,80,1.29,71672.06,15,8,16,34,8,52.24,57,112,2,2,100.34,0.00,0.50,0.23,0,3.00,10,3884.04,0,0,7,org.apache.jackrabbit.core.xml.AbstractSAXEventGenerator,0.00,27,1,19,0,27,7,0,30,659,1
"org.apache.jackrabbit.core.xml.SysViewSAXEventGenerator$Writer",3,0.00,1.33,7,0.07,1447.36,3,0,16,6,0,138.57,2,12,0,1,138.57,0.00,0.00,0.00,0,3.00,2,205.45,0,0,0,java.lang.Object,0.00,3,0,4,0,3,3,0,2,52,0
"org.apache.jackrabbit.core.xml.WorkspaceImporter",7,0.28,2.29,84,0.89,21840.12,17,10,17,36,10,140.07,215,122,0,1,103.04,0.00,0.00,0.34,0,0.00,5,2671.95,0,2,10,java.lang.Object,0.00,29,0,16,0,29,5,1,30,528,1
"org.apache.jackrabbit.tck.TckHelper",1,0.00,4.00,10,0.08,2307.49,1,0,0,1,2,127.51,3,16,1,1,106.90,0.00,0.00,0.00,0,1.00,4,244.84,0,1,1,java.lang.Object,0.00,0,0,4,0,0,0,0,1,55,1
"org.apache.jackrabbit.tck.TckTestRunner",12,0.07,1.83,74,0.79,28926.46,23,11,9,31,4,115.44,58,101,1,2,115.20,0.00,0.50,0.15,1,36.00,9,2372.41,0,1,3,junit.runner.BaseTestRunner,0.00,19,1,22,0,19,11,0,20,485,1
"org.apache.jackrabbit.tck.TestResult",9,0.08,1.00,26,0.19,2384.31,17,8,1,9,3,190.69,12,36,3,1,140.69,0.00,0.00,0.06,0,37.00,1,562.52,0,2,0,java.lang.Object,0.00,0,0,9,0,0,7,0,10,148,1
"org.apache.jackrabbit.tck.Tester",5,0.20,2.40,47,0.74,20088.35,10,5,10,37,5,56.82,47,61,0,1,106.82,0.00,0.00,0.36,1,4.00,5,2216.10,0,1,5,java.lang.Object,0.00,32,0,12,0,32,4,0,15,419,1
"org.apache.jackrabbit.tck.WebAppTestConfig",9,1.00,2.56,85,1.41,50797.78,10,1,10,44,5,63.35,69,129,2,1,105.65,0.00,0.00,0.00,5,9.00,4,4226.96,0,5,3,java.lang.Object,0.00,35,0,23,0,35,4,0,21,835,1
"org.apache.jackrabbit.webdav.version.report.ExpandPropertyReport",6,0.10,2.67,51,0.72,27670.87,10,4,13,31,15,88.09,87,68,1,1,108.24,0.00,0.00,0.17,2,14.00,6,2152.55,0,2,15,java.lang.Object,0.00,25,0,16,0,25,4,2,10,413,1
"org.apache.jackrabbit.webdav.version.report.ExpandPropertyReport$ExpandProperty",2,0.00,2.00,15,0.18,4256.37,3,1,13,11,6,95.24,11,18,0,2,113.11,0.00,0.50,1.00,0,0.00,3,531.87,0,1,6,org.apache.jackrabbit.webdav.property.AbstractDavProperty,0.00,9,1,4,0,9,1,0,3,108,1
"org.apache.jackrabbit.webdav.version.report.LocateByHistoryReport",5,0.00,3.60,47,0.70,26546.44,9,4,12,33,14,57.30,53,68,1,1,105.78,0.00,0.00,0.25,1,10.00,7,2088.38,0,2,14,java.lang.Object,0.00,28,0,18,0,28,3,2,8,396,1
"org.apache.jackrabbit.webdav.version.report.Report",4,0.00,1.00,5,0.03,127.67,4,0,3,4,9,111.05,33,6,7,1,159.16,0.00,0.00,0.00,0,4.00,1,78.56,0,2,4,,0.00,0,0,4,0,0,2,0,5,30,1
"org.apache.jackrabbit.webdav.version.report.ReportInfo",4,0.11,1.25,17,0.14,2673.20,7,3,4,7,16,78.14,32,23,14,1,126.24,0.00,0.00,0.25,0,6.00,2,411.71,0,2,2,java.lang.Object,0.00,3,0,5,0,3,2,0,5,104,1
"org.apache.jackrabbit.webdav.version.report.ReportType",7,0.00,2.43,57,0.80,34067.78,15,8,7,27,16,65.78,55,74,12,1,108.07,0.00,0.00,0.12,1,24.00,6,2393.47,0,4,8,java.lang.Object,0.00,20,0,17,0,20,3,1,10,472,1
"org.apache.jackrabbit.webdav.version.report.SupportedReportSetProperty",6,0.20,1.67,31,0.33,7340.05,8,2,6,15,5,78.20,43,39,1,2,120.50,0.00,0.50,0.33,1,0.00,3,989.55,1,2,4,org.apache.jackrabbit.webdav.property.AbstractDavProperty,0.17,9,1,10,0,9,4,0,7,225,1
"org.apache.jackrabbit.webdav.version.report.VersionTreeReport",6,0.27,2.50,42,0.53,20359.21,9,3,5,23,13,63.36,52,55,1,1,111.46,0.00,0.00,0.11,2,14.00,5,1588.63,0,2,13,java.lang.Object,0.00,17,0,15,0,17,4,2,6,331,1
"org.apache.jackrabbit.core.state.AbstractPersistenceManager",9,0.00,1.89,40,0.45,19413.66,9,0,3,21,14,89.92,55,55,5,1,122.14,0.00,0.00,0.00,2,9.00,9,1341.99,0,0,9,java.lang.Object,0.00,12,0,17,5,12,9,1,10,300,2
"org.apache.jackrabbit.core.state.ChangeLog",15,0.14,2.20,96,1.06,28901.83,19,4,4,40,19,83.70,96,133,12,1,115.92,0.00,0.00,0.38,2,15.00,6,3172.63,0,4,7,java.lang.Object,0.00,25,0,33,0,25,11,0,22,727,1
"org.apache.jackrabbit.core.state.ItemState",31,0.05,1.74,161,1.64,47830.86,47,16,10,57,29,87.47,194,220,28,1,119.69,0.00,0.00,0.11,6,440.00,4,4919.22,0,3,2,java.lang.Object,0.00,26,0,54,8,26,28,2,62,1050,2
"org.apache.jackrabbit.core.state.ItemStateCache",13,0.00,1.85,59,0.62,13080.23,15,2,8,34,7,92.53,82,83,5,1,124.76,0.00,0.00,0.50,3,0.00,10,1868.17,0,2,2,java.lang.Object,0.00,21,0,24,5,21,11,0,17,422,2
"org.apache.jackrabbit.core.state.ItemStateException",4,0.00,1.00,9,0.05,332.37,4,0,1,4,42,112.43,27,14,41,3,144.65,0.50,0.50,0.00,0,4.00,1,136.79,0,0,1,org.apache.jackrabbit.core.BaseException,0.00,0,2,4,1,0,4,0,5,46,1
"org.apache.jackrabbit.core.state.ItemStateListener",4,0.00,1.00,5,0.03,129.91,4,0,0,4,3,116.81,31,6,3,1,159.10,0.00,0.00,0.00,0,4.00,1,86.61,0,0,1,,0.00,0,0,4,0,0,4,0,5,32,1
"org.apache.jackrabbit.core.state.ItemStateManager",3,0.00,1.00,4,0.03,174.35,3,0,1,3,25,109.00,24,7,19,1,157.11,0.00,0.00,0.00,0,3.00,1,94.09,0,2,6,,0.00,0,0,3,0,0,1,0,4,31,1
"org.apache.jackrabbit.core.state.LocalItemStateManager",21,0.06,1.86,108,1.06,23619.66,26,5,9,48,20,88.54,131,158,2,2,120.76,1.00,0.33,0.26,3,19.00,4,3182.54,6,3,18,org.apache.jackrabbit.core.state.ItemStateCache,0.00,27,1,39,1,27,18,2,46,715,1
"org.apache.jackrabbit.core.state.NoSuchItemStateException",4,0.00,1.00,9,0.05,332.37,4,0,0,4,28,112.43,27,14,27,4,144.65,0.00,0.75,0.00,0,4.00,1,136.79,0,0,1,org.apache.jackrabbit.core.state.ItemStateException,0.00,0,3,4,0,0,4,0,5,46,1
"org.apache.jackrabbit.core.state.NodeReferences",9,0.06,1.00,23,0.19,2792.47,13,4,6,18,25,107.93,58,33,23,1,140.15,0.00,0.00,0.19,0,14.00,1,555.55,0,3,2,java.lang.Object,0.00,9,0,9,0,9,6,1,14,149,1
"org.apache.jackrabbit.core.state.NodeReferencesId",3,0.00,2.00,14,0.11,2378.42,3,0,1,6,23,83.26,23,21,22,3,125.55,0.00,0.67,0.00,0,4.00,3,331.13,0,1,1,org.apache.jackrabbit.core.NodeId,0.00,3,2,6,0,3,2,0,4,83,1
"org.apache.jackrabbit.core.state.NodeState",42,0.00,1.57,189,1.88,41764.95,50,8,15,83,42,92.61,290,259,38,2,124.83,5.00,0.14,0.12,0,786.00,5,5652.24,3,15,4,org.apache.jackrabbit.core.state.ItemState,0.05,41,1,66,5,41,27,0,56,1277,1
"org.apache.jackrabbit.core.state.NodeState$ChildEntry",2,1.00,1.00,6,0.04,425.80,3,1,15,2,1,134.87,0,9,0,1,134.87,0.00,0.00,0.50,0,2.00,1,110.47,0,1,1,java.lang.Object,0.00,0,0,2,0,0,1,1,0,33,3
"org.apache.jackrabbit.core.state.NodeState$ChildNodeEntries",12,0.09,2.42,90,1.02,34263.15,14,2,15,39,1,162.06,22,117,0,1,112.06,0.00,0.00,0.58,2,0.00,6,3050.92,0,5,1,java.lang.Object,0.00,27,0,29,0,27,7,1,10,640,2
"org.apache.jackrabbit.core.state.NodeState$ChildNodeEntry",6,0.20,1.83,34,0.32,9422.18,9,3,15,12,1,119.62,2,47,0,2,119.62,0.00,0.50,0.50,0,0.00,3,952.21,0,2,1,org.apache.jackrabbit.core.state.ChildEntry,0.00,6,1,11,0,6,4,0,2,222,2
"org.apache.jackrabbit.core.state.NodeState$PropertyEntry",4,1.00,1.75,17,0.12,2592.16,5,1,15,7,1,126.27,1,25,0,2,126.27,0.00,0.50,0.25,0,6.00,3,373.83,0,1,1,org.apache.jackrabbit.core.state.ChildEntry,0.00,3,1,7,0,3,3,0,1,97,2
"org.apache.jackrabbit.core.state.PMContext",6,0.04,1.00,22,0.15,1838.37,11,5,4,6,9,85.52,53,33,7,1,133.62,0.00,0.00,0.17,0,26.00,1,445.88,0,5,2,java.lang.Object,0.00,0,0,6,0,0,1,0,12,118,1
"org.apache.jackrabbit.core.state.PersistenceManager",11,0.00,1.00,12,0.10,594.87,11,0,2,11,16,125.13,71,16,6,1,157.35,0.00,0.00,0.00,0,11.00,1,309.26,0,3,10,,0.00,0,0,11,0,0,8,0,12,100,1
"org.apache.jackrabbit.core.state.PropertyState",15,0.07,1.53,94,1.01,38493.53,21,6,15,46,33,97.15,84,117,26,2,115.03,1.00,0.33,0.23,0,44.00,6,3020.76,2,3,7,org.apache.jackrabbit.core.state.ItemState,0.09,31,1,23,1,31,12,0,24,602,1
"org.apache.jackrabbit.core.state.SessionItemStateManager",27,0.08,2.41,198,2.41,176478.52,32,5,20,87,21,59.23,269,265,1,1,109.23,0.00,0.00,0.27,0,0.00,22,7244.96,0,7,20,java.lang.Object,0.00,60,0,65,0,60,20,1,84,1352,1
"org.apache.jackrabbit.core.state.SessionItemStateManager$PathComparator",1,0.00,8.00,26,0.31,19573.92,1,0,20,7,2,41.65,7,32,0,1,83.94,0.00,0.00,0.00,0,0.00,8,920.27,0,0,2,java.lang.Object,0.00,6,0,8,0,6,1,1,3,168,1
"org.apache.jackrabbit.core.state.SharedItemStateManager",20,0.05,2.90,205,2.47,138585.42,24,4,18,89,30,55.10,161,261,6,2,103.21,0.00,0.50,0.20,6,84.00,16,7406.56,6,1,24,org.apache.jackrabbit.core.state.ItemStateCache,0.00,69,1,58,0,69,19,2,65,1401,1
"org.apache.jackrabbit.core.state.TransactionContext",7,0.00,1.43,39,0.32,6946.59,9,2,4,19,4,78.96,51,48,4,1,121.25,0.00,0.00,0.50,1,6.00,2,948.72,0,1,1,java.lang.Object,0.00,12,0,10,0,12,6,0,10,225,1
"org.apache.jackrabbit.core.state.TransactionException",3,0.00,1.00,7,0.04,296.18,3,0,1,3,3,101.77,21,11,2,3,144.07,0.00,0.67,0.00,0,3.00,1,118.69,0,0,1,org.apache.jackrabbit.core.BaseException,0.00,0,2,3,0,0,3,0,4,39,1
"org.apache.jackrabbit.core.state.TransactionListener",2,0.00,1.00,3,0.02,70.95,2,0,0,2,1,110.69,16,4,1,1,158.79,0.00,0.00,0.00,0,2.00,1,47.30,0,0,1,,0.00,0,0,2,0,0,2,0,3,18,1
"org.apache.jackrabbit.core.state.TransactionalItemStateManager",8,0.05,3.50,75,0.83,26538.83,11,3,3,24,12,58.91,85,107,1,3,107.39,0.00,0.67,0.38,0,0.00,7,2492.08,4,2,12,org.apache.jackrabbit.core.state.LocalItemStateManager,0.00,16,2,28,0,16,6,0,23,525,1
"org.apache.jackrabbit.core.state.TransactionalItemStateManager$CommitLog",2,1.00,1.00,6,0.03,323.88,3,1,3,2,1,87.70,16,9,0,1,135.80,0.00,0.00,0.50,0,2.00,1,98.97,0,1,1,java.lang.Object,0.00,0,0,2,0,0,1,0,3,31,2
"org.apache.jackrabbit.core.state.TransactionalItemStateManager$ThreadLocal",1,0.00,1.00,3,0.01,139.89,1,0,3,2,0,136.30,0,4,0,1,136.30,0.00,0.00,0.00,0,1.00,1,44.54,0,1,0,java.lang.Object,0.00,1,0,1,0,1,0,0,0,15,0
"org.apache.jackrabbit.core.state.TransientItemStateManager",20,0.18,1.35,95,0.88,19868.31,22,2,8,45,14,107.00,119,129,1,2,124.87,0.00,0.50,0.32,2,86.00,3,2627.48,7,2,13,org.apache.jackrabbit.core.state.ItemStateCache,0.00,25,1,27,0,25,18,1,46,613,0
"org.apache.jackrabbit.core.state.TransientItemStateManager$Attic",4,0.00,1.25,13,0.11,2256.84,4,0,8,7,8,171.37,9,21,0,2,131.48,0.00,0.50,0.00,0,4.00,2,326.61,2,0,8,org.apache.jackrabbit.core.state.ItemStateCache,0.00,3,1,5,0,3,4,1,3,85,0
"org.apache.jackrabbit.core.state.UpdatableItemStateManager",8,0.00,1.00,9,0.06,320.91,8,0,1,8,13,126.15,53,11,7,2,158.37,0.00,0.50,0.00,0,8.00,1,190.45,0,2,6,,0.00,0,1,8,0,0,6,0,9,66,1
"org.apache.jackrabbit.core.virtual.VirtualItemStateProvider",9,0.00,1.00,10,0.10,560.39,9,0,10,9,15,114.58,69,18,5,3,156.87,0.00,0.67,0.00,0,9.00,1,290.42,0,3,11,,0.00,0,2,9,0,0,6,0,10,90,1
"org.apache.jackrabbit.core.virtual.VirtualNodeState",14,0.21,1.43,59,0.73,16684.87,17,3,10,30,13,76.13,112,83,6,3,124.24,2.00,0.29,0.14,5,82.00,2,2203.46,3,5,8,org.apache.jackrabbit.core.state.NodeState,0.00,16,2,20,4,16,9,1,21,492,1
"org.apache.jackrabbit.core.virtual.VirtualNodeState$VirtualChildNodeEntry",1,0.00,1.00,3,0.03,217.74,1,0,10,1,1,134.79,0,5,0,2,134.79,0.00,0.50,0.00,0,1.00,1,81.36,0,0,1,NodeState.ChildNodeEntry,0.00,0,1,1,0,0,1,0,0,24,1
"org.apache.jackrabbit.core.virtual.VirtualNodeState$VirtualPropertyEntry",1,0.00,1.00,3,0.02,135.00,1,0,10,1,1,136.43,0,5,0,2,136.43,0.00,0.50,0.00,0,1.00,1,54.00,0,0,1,NodeState.PropertyEntry,0.00,0,1,1,0,0,1,0,0,18,1
"org.apache.jackrabbit.core.virtual.VirtualPropertyState",1,0.00,1.00,3,0.03,228.79,1,0,3,1,8,86.52,8,5,5,3,134.62,0.00,0.67,0.00,0,1.00,1,80.23,0,0,3,org.apache.jackrabbit.core.state.PropertyState,0.00,0,2,1,0,0,1,0,2,23,1
"org.apache.jackrabbit.rmi.xml.ImportContentHandler",13,0.00,1.08,32,0.33,4913.98,15,2,7,29,2,179.34,37,53,2,1,139.46,0.00,0.00,0.50,1,0.00,2,1002.08,0,0,0,java.lang.Object,0.00,16,0,14,2,16,13,1,16,264,2
"org.apache.jackrabbit.rmi.xml.SessionImportContentHandler",2,0.00,1.00,8,0.07,966.42,4,2,2,4,2,98.02,26,11,1,2,127.40,0.00,0.50,0.50,0,2.00,1,209.06,0,0,1,org.apache.jackrabbit.rmi.xml.ImportContentHandler,0.13,2,1,2,0,2,2,0,5,56,1
"org.apache.jackrabbit.rmi.xml.WorkspaceImportContentHandler",2,0.33,1.00,10,0.09,1299.15,5,3,2,4,2,102.64,28,13,1,2,122.78,0.00,0.50,0.50,0,2.00,1,272.40,0,0,1,org.apache.jackrabbit.rmi.xml.ImportContentHandler,0.13,2,1,2,0,2,2,0,6,70,1
"org.apache.jackrabbit.webdav.ordering.OrderPatch",4,0.11,1.75,30,0.45,18497.24,7,3,6,21,8,66.36,44,40,5,1,110.49,0.00,0.00,0.42,0,2.00,4,1357.41,0,2,3,java.lang.Object,0.00,17,0,7,0,17,2,1,9,251,1
"org.apache.jackrabbit.webdav.ordering.OrderPatch$Member",3,0.25,1.00,10,0.06,630.61,5,2,6,3,1,102.69,18,14,0,1,134.91,0.00,0.00,0.33,0,5.00,1,166.21,0,1,1,java.lang.Object,0.00,0,0,3,0,0,2,0,3,50,1
"org.apache.jackrabbit.webdav.ordering.OrderingConstants",0,0.00,0.00,17,0.31,6925.43,16,16,2,1,7,171.00,49,18,5,1,171.00,0.00,0.00,0.00,0,0.00,0,933.48,0,0,2,,0.00,1,0,0,0,1,0,0,9,169,1
"org.apache.jackrabbit.webdav.ordering.OrderingDavServletRequest",3,0.00,1.00,4,0.02,83.26,3,0,1,3,3,111.53,25,5,0,2,159.63,0.00,0.50,0.00,0,3.00,1,50.34,0,2,3,,0.00,0,1,3,0,0,1,0,4,21,1
"org.apache.jackrabbit.webdav.ordering.OrderingResource",2,2.00,1.00,5,0.04,328.22,4,2,2,2,5,94.22,17,6,2,2,142.33,0.00,0.50,0.00,0,2.00,1,114.15,0,0,3,,0.00,0,1,2,0,0,2,0,3,34,1
"org.apache.jackrabbit.webdav.ordering.OrderingType",2,0.00,1.50,8,0.08,1416.52,2,0,3,5,4,88.44,25,11,1,3,126.00,0.00,0.67,0.00,0,2.00,2,242.24,2,1,3,org.apache.jackrabbit.webdav.property.DefaultDavProperty,0.23,3,2,3,0,3,1,1,4,60,1
"org.apache.jackrabbit.webdav.ordering.Position",7,0.06,1.57,40,0.49,11874.37,15,8,3,18,6,69.39,69,53,5,1,119.39,0.00,0.00,0.07,2,33.00,3,1477.93,0,1,1,java.lang.Object,0.00,11,0,11,0,11,6,1,8,329,1
"org.apache.jackrabbit.core.state.orm.ORMBlobValue",15,0.06,1.33,48,0.37,9115.44,21,6,1,22,3,131.22,4,72,3,1,131.22,0.00,0.00,0.11,1,90.00,6,1102.76,0,5,0,java.lang.Object,0.00,7,0,20,0,7,10,1,2,278,1
"org.apache.jackrabbit.core.state.orm.ORMChildNodeEntry",17,0.08,1.18,53,0.46,9498.45,23,6,2,28,2,131.53,3,77,2,1,131.53,0.00,0.00,0.09,3,110.00,3,1384.87,0,5,1,java.lang.Object,0.00,11,0,20,0,11,12,2,1,352,1
"org.apache.jackrabbit.core.state.orm.ORMNodeMixinType",12,0.18,1.17,36,0.24,4056.85,16,4,1,15,2,133.25,3,52,2,1,133.25,0.00,0.00,0.08,1,52.00,3,724.78,0,3,1,java.lang.Object,0.00,3,0,14,0,3,9,1,1,199,1
"org.apache.jackrabbit.core.state.orm.ORMNodeParent",12,0.18,1.17,36,0.24,4229.28,16,4,1,15,2,133.11,3,52,2,1,133.11,0.00,0.00,0.08,1,52.00,3,721.61,0,3,1,java.lang.Object,0.00,3,0,14,0,3,9,1,1,199,1
"org.apache.jackrabbit.core.state.orm.ORMNodeReference",12,0.18,1.17,36,0.28,6193.15,16,4,1,17,3,131.80,4,54,3,1,131.80,0.00,0.00,0.08,1,52.00,3,849.40,0,4,0,java.lang.Object,0.00,5,0,14,0,5,8,1,1,226,1
"org.apache.jackrabbit.core.state.orm.ORMNodeState",23,0.11,1.52,102,1.39,44110.85,28,5,14,69,9,122.59,4,130,5,1,122.59,0.00,0.00,0.10,9,142.00,7,4183.23,0,8,8,java.lang.Object,0.00,46,0,35,2,46,15,1,1,812,2
"org.apache.jackrabbit.core.state.orm.ORMPropertyEntry",12,0.18,1.17,36,0.25,4213.71,16,4,2,17,2,133.12,5,52,2,1,133.12,0.00,0.00,0.08,1,52.00,3,760.14,0,3,1,java.lang.Object,0.00,5,0,14,0,5,9,1,1,206,1
"org.apache.jackrabbit.core.state.orm.ORMPropertyState",21,0.03,1.38,81,0.78,17991.00,28,7,10,49,10,130.03,3,113,3,1,130.03,0.00,0.00,0.12,5,182.00,5,2335.61,0,7,7,java.lang.Object,0.00,28,0,29,0,28,14,1,1,532,1
"org.apache.jackrabbit.core.search.sql.ASTContainsExpression",5,1.00,1.00,12,0.08,818.27,6,1,0,6,3,142.34,3,18,2,2,142.34,0.00,0.50,0.20,0,8.00,1,241.61,0,2,1,SimpleNode,0.00,1,1,5,0,1,3,0,1,72,1
"org.apache.jackrabbit.core.search.sql.ASTIdentifier",6,0.80,1.00,14,0.10,1044.12,7,1,1,7,8,142.13,1,21,6,2,142.13,0.00,0.50,0.33,0,10.00,1,295.38,1,3,2,SimpleNode,0.08,1,1,6,0,1,3,0,1,87,1
"org.apache.jackrabbit.core.search.sql.ASTLiteral",8,0.29,1.00,19,0.13,1418.97,10,2,0,9,3,142.06,3,28,2,2,142.06,0.00,0.50,0.25,0,18.00,1,403.74,1,3,1,SimpleNode,0.14,1,1,8,0,1,5,0,1,117,1
"org.apache.jackrabbit.core.search.sql.ASTPredicate",14,0.12,1.00,34,0.24,2461.65,19,5,1,15,4,142.09,1,49,2,2,142.09,0.00,0.50,0.09,0,70.00,1,709.22,1,5,2,SimpleNode,0.06,1,1,14,0,1,9,0,1,199,1
"org.apache.jackrabbit.core.search.sql.DefaultParserVisitor",17,0.00,1.00,35,0.23,2389.27,17,0,0,17,6,142.86,4,53,1,1,142.86,0.00,0.00,0.00,0,17.00,1,689.28,0,17,5,java.lang.Object,0.00,0,0,17,0,0,0,1,1,209,0
"org.apache.jackrabbit.core.search.sql.JCRSQLQueryBuilder",24,0.09,3.25,288,4.20,323663.43,31,7,29,127,27,80.08,125,363,2,1,97.95,0.00,0.00,0.06,3,122.00,16,12601.37,0,22,25,java.lang.Object,0.00,103,0,78,0,103,2,1,54,2211,1
"org.apache.jackrabbit.core.search.sql.JCRSQLQueryBuilder$DefaultParserVisitor",1,0.00,1.00,4,0.03,341.81,1,0,29,2,1,128.59,0,5,0,1,128.59,0.00,0.00,0.00,0,0.00,1,87.95,0,1,1,java.lang.Object,0.00,1,0,1,0,1,0,0,0,25,0
"org.apache.jackrabbit.core.search.sql.JCRSQLQueryBuilder$DefaultParserVisitor_0",1,0.00,2.00,6,0.07,1619.60,1,0,29,4,3,166.54,1,9,0,1,116.54,0.00,0.00,0.00,0,0.00,2,207.04,0,1,3,java.lang.Object,0.00,3,0,2,0,3,0,0,1,48,0
"org.apache.jackrabbit.core.search.sql.JCRSQLQueryBuilder$DefaultParserVisitor_1",1,0.00,2.00,4,0.05,1364.28,1,0,29,2,1,173.70,1,5,0,1,123.70,0.00,0.00,0.00,0,1.00,2,146.30,0,1,1,java.lang.Object,0.00,1,0,2,0,1,0,0,1,36,0
"org.apache.jackrabbit.core.search.sql.JCRSQLQueryBuilder$DefaultParserVisitor_2",1,0.00,1.00,4,0.03,474.00,1,0,29,2,1,127.47,0,5,0,1,127.47,0.00,0.00,0.00,0,1.00,1,92.00,0,1,1,java.lang.Object,0.00,1,0,1,0,1,0,0,0,25,0
"org.apache.jackrabbit.core.search.sql.JCRSQLQueryBuilder$MergingPathQueryNode",5,0.75,6.00,101,1.44,155355.11,6,1,29,26,3,42.55,56,113,0,4,86.68,0.00,0.75,0.40,2,6.00,13,4330.26,0,3,3,org.apache.jackrabbit.core.search.PathQueryNode,0.00,21,3,30,0,21,2,0,15,758,2
"org.apache.jackrabbit.core.search.sql.QueryFormat",19,0.01,4.58,328,4.54,376644.32,23,4,26,78,21,111.53,61,384,2,1,90.91,0.00,0.00,0.24,4,58.00,14,13611.51,0,14,19,java.lang.Object,0.00,59,0,87,0,59,5,2,24,2426,0
"org.apache.jackrabbit.server.simple.dav.DavResourceImpl",39,0.00,2.51,251,3.22,100407.42,47,8,9,118,24,97.03,223,358,2,1,114.90,0.00,0.00,0.12,13,675.00,8,9665.22,0,6,23,java.lang.Object,0.00,79,0,98,0,79,33,1,64,1930,1
"org.apache.jackrabbit.server.simple.dav.LocatorFactoryImpl",3,1.00,1.67,15,0.17,5454.44,4,1,1,8,3,169.14,3,21,1,1,119.14,0.00,0.00,0.33,0,4.00,3,515.70,0,0,2,java.lang.Object,0.00,5,0,5,0,5,3,1,1,117,1
"org.apache.jackrabbit.server.simple.dav.LocatorFactoryImpl$Locator",12,0.12,1.33,38,0.33,6970.74,15,3,1,19,2,181.37,14,54,0,1,131.37,0.00,0.00,0.22,3,40.00,2,988.11,0,5,2,java.lang.Object,0.00,7,0,16,0,7,7,1,2,252,1
"org.apache.jackrabbit.server.simple.dav.NodeResource",14,0.10,2.00,127,1.72,51764.17,26,12,7,52,2,89.28,72,160,1,1,107.15,0.00,0.00,0.18,3,38.00,6,5146.44,0,6,2,java.lang.Object,0.00,38,0,28,0,38,8,0,15,949,1
"org.apache.jackrabbit.server.simple.dav.ResourceFactoryImpl",3,1.00,1.00,10,0.10,1573.87,4,1,2,6,10,181.78,3,15,1,1,131.78,0.00,0.00,0.33,1,4.00,1,303.07,0,0,9,java.lang.Object,0.00,3,0,3,0,3,3,1,1,76,1
"org.apache.jackrabbit.test.api.access.TestAll",1,0.00,1.00,4,0.03,457.63,1,0,3,2,0,90.03,12,6,0,2,127.59,0.00,0.50,0.00,0,1.00,1,76.45,0,1,0,junit.framework.TestCase,0.00,1,1,1,0,1,0,0,3,23,1
"org.apache.jackrabbit.core.search.lucene.AbstractIndex",13,0.15,2.31,91,0.86,23179.08,23,10,11,28,2,81.46,79,125,2,1,113.68,0.00,0.00,0.24,3,0.00,7,2565.16,0,4,0,java.lang.Object,0.00,15,0,30,2,15,9,0,26,569,1
"org.apache.jackrabbit.core.search.lucene.AbstractIndex$LoggingPrintStream",3,0.50,1.00,10,0.08,928.25,4,1,11,8,0,133.59,2,17,0,2,133.59,0.00,0.50,0.67,0,1.00,1,239.79,0,0,0,java.io.PrintStream,0.00,5,1,3,0,5,3,0,2,65,3
"org.apache.jackrabbit.core.search.lucene.AbstractIndex$LoggingPrintStream$OutputStream",1,0.00,1.00,2,0.01,41.48,1,0,11,1,0,147.03,0,0,0,1,147.03,0.00,0.00,0.00,0,1.00,1,27.65,0,0,0,java.lang.Object,0.00,0,0,1,0,0,1,0,0,11,0
"org.apache.jackrabbit.core.search.lucene.ChildAxisQuery",4,6.00,1.00,20,0.17,2062.54,10,6,23,5,8,123.10,65,24,2,2,123.57,0.00,0.50,0.00,0,4.00,1,512.64,0,2,6,org.apache.lucene.search.Query,0.00,1,1,4,0,1,2,0,15,127,0
"org.apache.jackrabbit.core.search.lucene.ChildAxisQuery$ChildAxisScorer",8,0.04,3.50,93,1.43,147682.73,12,4,23,37,6,55.98,58,115,0,2,98.27,0.00,0.50,0.28,1,6.00,20,4281.50,0,1,6,org.apache.lucene.search.Scorer,0.00,29,1,28,0,29,7,0,30,724,1
"org.apache.jackrabbit.core.search.lucene.ChildAxisQuery$ChildAxisScorer$HitCollector",1,0.00,1.00,3,0.02,168.11,1,0,23,1,0,185.68,1,4,0,1,135.68,0.00,0.00,0.00,0,0.00,1,63.51,0,0,0,java.lang.Object,0.00,0,0,1,0,0,1,0,1,19,0
"org.apache.jackrabbit.core.search.lucene.ChildAxisQuery$ChildAxisScorer$HitCollector_0",1,0.00,1.00,3,0.02,168.11,1,0,23,2,0,135.68,0,4,0,1,135.68,0.00,0.00,0.00,0,1.00,1,63.51,0,0,0,java.lang.Object,0.00,1,0,1,0,1,1,0,0,19,0
"org.apache.jackrabbit.core.search.lucene.ChildAxisQuery$ChildAxisWeight",7,1.00,1.14,18,0.18,3155.98,8,1,23,14,2,120.97,36,27,0,1,138.84,0.00,0.00,0.14,0,12.00,2,532.50,0,3,2,java.lang.Object,0.00,7,0,8,0,7,4,1,11,133,1
"org.apache.jackrabbit.core.search.lucene.DateField",5,0.12,1.80,34,0.43,14282.50,9,4,1,15,2,72.33,36,44,2,1,114.62,0.00,0.00,0.15,2,7.00,5,1285.31,0,3,0,java.lang.Object,0.00,10,0,9,0,10,2,0,11,274,0
"org.apache.jackrabbit.core.search.lucene.DerefQuery",3,6.00,1.00,19,0.18,2961.87,9,6,16,5,3,127.52,52,23,2,2,118.39,0.00,0.50,0.00,0,3.00,1,545.89,0,2,1,org.apache.lucene.search.Query,0.00,2,1,3,0,2,1,0,14,129,0
"org.apache.jackrabbit.core.search.lucene.DerefQuery$DerefScorer",8,0.04,2.25,59,0.67,28454.62,12,4,16,28,0,79.10,48,69,0,2,111.33,0.00,0.50,0.28,1,6.00,10,2022.71,0,1,0,org.apache.lucene.search.Scorer,0.00,20,1,18,0,20,7,0,20,395,1
"org.apache.jackrabbit.core.search.lucene.DerefQuery$DerefScorer$HitCollector",1,0.00,1.00,3,0.02,168.11,1,0,16,1,0,135.68,0,4,0,1,135.68,0.00,0.00,0.00,0,0.00,1,63.51,0,0,0,java.lang.Object,0.00,0,0,1,0,0,1,0,0,19,0
"org.apache.jackrabbit.core.search.lucene.DerefQuery$DerefScorer$HitCollector_0",1,0.00,1.00,3,0.02,168.11,1,0,16,2,0,135.68,0,4,0,1,135.68,0.00,0.00,0.00,0,1.00,1,63.51,0,0,0,java.lang.Object,0.00,1,0,1,0,1,1,0,0,19,0
"org.apache.jackrabbit.core.search.lucene.DerefQuery$DerefWeight",7,1.00,1.14,18,0.18,3155.98,8,1,16,14,2,120.97,36,27,0,1,138.84,0.00,0.00,0.14,0,12.00,2,532.50,0,3,2,java.lang.Object,0.00,7,0,8,0,7,4,1,11,133,1
"org.apache.jackrabbit.core.search.lucene.DescendantSelfAxisQuery",4,5.00,1.00,18,0.14,1875.98,9,5,14,5,2,117.15,60,23,2,2,127.51,0.00,0.50,0.00,0,4.00,1,423.73,0,2,0,org.apache.lucene.search.Query,0.00,1,1,4,0,1,2,0,14,110,0
"org.apache.jackrabbit.core.search.lucene.DescendantSelfAxisQuery$DescendantSelfAxisScorer",8,0.03,2.25,55,0.64,27508.48,13,5,14,26,1,114.17,35,71,0,2,113.94,0.00,0.50,0.22,3,16.00,8,1932.44,0,1,1,org.apache.lucene.search.Scorer,0.00,18,1,18,0,18,7,0,15,395,1
"org.apache.jackrabbit.core.search.lucene.DescendantSelfAxisQuery$DescendantSelfAxisScorer$HitCollector",1,0.00,1.00,3,0.02,168.11,1,0,14,1,0,185.68,1,4,0,1,135.68,0.00,0.00,0.00,0,0.00,1,63.51,0,0,0,java.lang.Object,0.00,0,0,1,0,0,1,0,1,19,0
"org.apache.jackrabbit.core.search.lucene.DescendantSelfAxisQuery$DescendantSelfAxisScorer$HitCollector_0",1,0.00,1.00,3,0.02,168.11,1,0,14,1,0,135.68,0,4,0,1,135.68,0.00,0.00,0.00,0,0.00,1,63.51,0,0,0,java.lang.Object,0.00,0,0,1,0,0,1,0,0,19,0
"org.apache.jackrabbit.core.search.lucene.DescendantSelfAxisQuery$DescendantSelfAxisWeight",7,1.00,1.00,17,0.15,2225.35,8,1,14,11,1,122.19,36,25,0,1,140.07,0.00,0.00,0.14,0,12.00,1,442.49,0,3,1,java.lang.Object,0.00,4,0,7,0,4,4,1,11,118,1
"org.apache.jackrabbit.core.search.lucene.DocOrderNodeIteratorImpl",10,0.00,1.30,41,0.42,15387.79,12,2,10,27,6,123.62,40,49,1,2,123.38,0.00,0.50,0.50,0,0.00,4,1247.41,0,3,5,org.apache.jackrabbit.core.search.lucene.NodeIteratorImpl,0.90,17,1,13,0,17,7,0,14,278,0
"org.apache.jackrabbit.core.search.lucene.DocOrderNodeIteratorImpl$Comparator",1,0.00,9.00,38,0.59,55674.40,1,0,10,11,2,25.72,10,44,0,1,74.19,0.00,0.00,0.00,0,0.00,9,1761.15,0,0,2,java.lang.Object,0.00,10,0,9,0,10,1,0,10,291,0
"org.apache.jackrabbit.core.search.lucene.DocOrderNodeIteratorImpl$ScoreNode",1,2.00,1.00,6,0.04,467.31,3,2,10,1,0,120.95,0,8,0,1,120.95,0.00,0.00,0.00,0,1.00,1,121.08,0,0,0,java.lang.Object,0.00,0,0,1,0,0,1,0,0,35,3
"org.apache.jackrabbit.core.search.lucene.DoubleField",3,0.25,2.67,30,0.43,23099.17,5,2,0,14,2,103.10,13,39,2,1,102.87,0.00,0.00,0.33,0,4.00,4,1299.83,0,1,0,java.lang.Object,0.00,11,0,8,0,11,2,0,9,256,0
"org.apache.jackrabbit.core.search.lucene.FieldNames",0,0.00,0.00,6,0.07,951.54,5,5,0,0,10,171.00,23,7,10,1,171.00,0.00,0.00,0.00,0,0.00,0,203.90,0,0,0,java.lang.Object,0.00,0,0,0,0,0,0,0,6,48,0
"org.apache.jackrabbit.core.search.lucene.FileSystemDirectory",13,0.22,2.62,78,0.95,26606.40,16,3,11,33,8,83.46,80,123,3,2,115.68,0.00,0.50,0.54,0,0.00,5,2845.78,0,5,5,org.apache.lucene.store.Directory,0.00,20,1,34,0,20,8,0,19,604,0
"org.apache.jackrabbit.core.search.lucene.FileSystemDirectory$Lock",4,0.00,2.00,22,0.20,3895.34,4,0,11,11,2,171.23,4,35,0,1,121.23,0.00,0.00,0.00,0,4.00,3,599.67,0,1,2,java.lang.Object,0.00,7,0,8,0,7,3,0,4,136,0
"org.apache.jackrabbit.core.search.lucene.FileSystemInputStream",6,0.13,3.00,56,0.59,28600.48,9,3,4,12,4,58.08,49,79,2,2,106.19,0.00,0.50,0.44,1,2.00,5,1756.11,1,1,2,org.apache.lucene.store.InputStream,0.00,6,1,18,0,6,5,0,13,365,0
"org.apache.jackrabbit.core.search.lucene.FileSystemOutputStream",5,0.12,1.40,21,0.20,3524.57,7,2,5,13,4,126.04,4,31,1,2,126.04,0.00,0.50,0.40,0,5.00,2,586.87,2,0,3,org.apache.lucene.store.OutputStream,0.00,8,1,7,0,8,5,0,1,147,0
"org.apache.jackrabbit.core.search.lucene.LongField",3,1.00,2.67,28,0.36,19368.12,4,1,0,12,2,105.41,14,38,2,1,105.18,0.00,0.00,0.33,0,4.00,4,1087.53,0,1,0,java.lang.Object,0.00,9,0,8,0,9,2,0,13,223,0
"org.apache.jackrabbit.core.search.lucene.LuceneQueryBuilder",16,0.05,7.50,431,7.15,809721.84,25,9,46,118,37,32.61,135,534,2,1,80.71,0.00,0.00,0.16,0,24.00,34,21441.64,0,15,35,java.lang.Object,0.00,102,0,120,0,102,1,1,75,3446,0
"org.apache.jackrabbit.core.search.lucene.MatchAllQuery",3,1.00,1.33,10,0.08,1056.56,4,1,3,6,2,90.79,23,15,1,2,133.08,0.00,0.50,0.33,0,4.00,2,230.02,0,2,1,org.apache.lucene.search.Query,0.00,3,1,4,0,3,1,0,4,62,0
"org.apache.jackrabbit.core.search.lucene.MatchAllScorer",8,0.02,1.62,45,0.48,14993.03,14,6,11,24,1,76.75,60,67,1,2,119.04,0.00,0.50,0.19,3,24.00,5,1427.41,0,1,0,org.apache.lucene.search.Scorer,0.00,16,1,13,0,16,7,0,16,313,0
"org.apache.jackrabbit.core.search.lucene.MatchAllWeight",7,0.06,1.00,26,0.24,3665.49,13,6,8,14,2,99.57,45,35,1,1,131.79,0.00,0.00,0.21,0,24.00,1,725.93,0,3,1,java.lang.Object,0.00,7,0,7,0,7,4,1,18,183,0
"org.apache.jackrabbit.core.search.lucene.NamespaceMappings",6,0.28,2.67,64,0.85,34190.01,11,5,17,36,10,66.33,76,89,3,1,103.90,0.00,0.00,0.43,2,0.00,4,2540.37,0,3,7,java.lang.Object,0.00,30,0,16,0,30,3,1,19,492,0
"org.apache.jackrabbit.core.search.lucene.NodeIndexer",4,0.00,7.25,98,1.86,143641.85,7,3,19,42,18,82.72,65,168,2,1,83.19,0.00,0.00,0.33,1,4.00,14,5581.85,0,2,16,java.lang.Object,0.00,38,0,29,0,38,2,0,25,904,0
"org.apache.jackrabbit.core.search.lucene.NodeIteratorImpl",10,0.00,1.50,39,0.36,7514.65,15,5,8,19,6,98.24,65,59,3,1,130.46,0.00,0.00,0.20,2,18.00,3,1089.21,0,3,3,java.lang.Object,0.00,9,0,15,1,9,7,1,16,258,0
"org.apache.jackrabbit.core.search.lucene.PersistentIndex",3,1.00,1.00,10,0.10,1227.30,4,1,5,7,4,84.53,26,17,1,2,132.63,0.00,0.50,0.33,0,4.00,1,309.68,1,1,3,org.apache.jackrabbit.core.search.lucene.AbstractIndex,0.12,4,1,3,0,4,2,0,7,79,0
"org.apache.jackrabbit.core.search.lucene.QueryImpl",2,0.67,5.50,66,1.21,87027.38,8,6,27,38,20,124.71,47,81,1,1,77.44,0.00,0.00,0.50,0,2.00,10,3644.10,0,1,20,java.lang.Object,0.00,36,0,11,0,36,1,1,17,572,0
"org.apache.jackrabbit.core.search.lucene.QueryImpl$DefaultQueryNodeVisitor",1,0.00,1.00,4,0.03,474.00,1,0,27,2,1,127.47,0,5,0,1,127.47,0.00,0.00,0.00,0,1.00,1,92.00,0,1,1,java.lang.Object,0.00,1,0,1,0,1,0,0,0,25,0
"org.apache.jackrabbit.core.search.lucene.QueryResultImpl",5,0.14,1.60,36,0.37,10476.87,12,7,9,12,8,63.21,48,48,1,1,113.21,0.00,0.00,0.26,1,10.00,3,1106.49,0,4,7,java.lang.Object,0.00,7,0,8,0,7,1,1,13,243,0
"org.apache.jackrabbit.core.search.lucene.RedoLog",10,0.14,2.50,75,0.84,25536.21,14,4,15,38,6,70.14,79,111,2,1,112.43,0.00,0.00,0.38,2,0.00,6,2512.38,0,1,4,java.lang.Object,0.00,28,0,25,0,28,9,0,22,521,0
"org.apache.jackrabbit.core.search.lucene.RedoLog$Entry",4,0.29,2.00,29,0.33,9258.49,11,7,15,9,1,70.53,30,37,0,1,112.82,0.00,0.00,0.36,0,6.00,4,986.10,0,3,1,java.lang.Object,0.00,5,0,8,0,5,1,0,11,212,2
"org.apache.jackrabbit.core.search.lucene.RedoLog$EntryCollector",1,0.00,1.00,2,0.01,41.48,1,0,15,1,0,197.03,1,3,0,1,147.03,0.00,0.00,0.00,0,1.00,1,27.65,0,0,0,java.lang.Object,0.00,0,0,1,0,0,1,0,1,11,0
"org.apache.jackrabbit.core.search.lucene.RedoLog$EntryCollector_0",1,0.00,1.00,3,0.02,143.17,1,0,15,2,0,136.23,0,4,0,1,136.23,0.00,0.00,0.00,0,1.00,1,52.97,0,0,0,java.lang.Object,0.00,1,0,1,0,1,1,0,0,17,0
"org.apache.jackrabbit.core.search.lucene.RedoLog$EntryCollector_1",1,0.00,1.00,2,0.01,21.85,1,0,15,1,0,199.22,1,3,0,1,149.22,0.00,0.00,0.00,0,1.00,1,21.85,0,0,0,,0.00,0,0,1,0,0,1,0,1,10,0
"org.apache.jackrabbit.core.search.lucene.RowIteratorImpl",8,0.14,1.00,23,0.17,2073.20,11,3,17,16,9,92.66,66,32,1,1,140.76,0.00,0.00,0.21,1,0.00,1,503.08,0,2,8,java.lang.Object,0.00,8,0,8,0,8,6,1,14,141,0
"org.apache.jackrabbit.core.search.lucene.RowIteratorImpl$RowImpl",3,0.38,5.33,50,0.66,32051.02,7,4,17,22,5,49.85,34,63,0,1,93.97,0.00,0.00,0.50,0,1.00,8,1994.16,0,2,5,java.lang.Object,0.00,19,0,16,0,19,1,1,11,367,0
"org.apache.jackrabbit.core.search.lucene.SearchIndex",17,0.10,2.41,141,2.00,77633.64,28,11,32,76,21,66.00,123,200,1,2,108.29,0.00,0.50,0.19,3,0.00,11,5985.54,3,4,21,org.apache.jackrabbit.core.search.AbstractQueryHandler,0.09,59,1,41,0,59,13,0,41,1102,1
"org.apache.jackrabbit.core.search.lucene.VolatileIndex",4,0.00,1.50,19,0.18,3280.60,5,1,6,12,5,83.21,30,28,1,2,125.50,0.00,0.50,1.00,0,0.00,2,553.38,2,0,4,org.apache.jackrabbit.core.search.lucene.AbstractIndex,0.00,8,1,6,0,8,4,0,6,130,0
"org.apache.jackrabbit.core.search.lucene.WildcardQuery",2,0.00,1.00,5,0.04,351.31,2,0,5,3,2,192.09,2,8,1,2,142.09,0.00,0.50,0.00,0,2.00,1,106.33,0,1,1,org.apache.lucene.search.MultiTermQuery,0.00,1,1,2,0,1,1,0,1,32,0
"org.apache.jackrabbit.core.search.lucene.WildcardTermEnum",5,0.08,3.20,54,0.61,38395.62,8,3,5,20,1,152.83,8,71,1,2,102.83,0.00,0.50,0.40,0,6.00,9,1831.94,0,1,0,org.apache.lucene.search.FilteredTermEnum,0.00,15,1,16,0,15,4,0,7,362,0
"org.apache.jackrabbit.core.fs.BasedFileSystem",22,0.02,1.32,61,0.67,13866.82,24,2,2,46,6,158.28,72,92,3,1,137.66,0.00,0.00,0.48,1,0.00,6,2015.61,0,6,3,java.lang.Object,0.00,24,0,29,0,24,16,1,25,502,1
"org.apache.jackrabbit.core.fs.FileSystem",20,2.00,1.00,23,0.22,1581.24,22,2,2,20,25,107.95,177,25,23,1,156.05,0.00,0.00,0.00,0,20.00,1,662.13,0,5,2,,0.00,0,0,20,0,0,15,0,23,205,1
"org.apache.jackrabbit.core.fs.FileSystemException",4,0.00,1.00,9,0.05,332.37,4,0,1,4,22,112.43,27,14,21,3,144.65,0.00,0.67,0.00,0,4.00,1,136.79,0,0,1,org.apache.jackrabbit.core.BaseException,0.00,0,2,4,0,0,4,0,5,46,1
"org.apache.jackrabbit.core.fs.FileSystemPathUtil",7,0.08,2.00,73,0.77,33719.21,11,4,2,23,5,62.25,54,78,4,1,104.54,0.00,0.00,0.18,1,23.00,4,2310.87,0,6,1,java.lang.Object,0.00,16,0,14,0,16,1,0,11,470,2
"org.apache.jackrabbit.core.fs.FileSystemResource",19,0.22,1.58,65,0.66,18145.18,21,2,3,37,20,129.87,90,101,16,1,129.63,0.00,0.00,0.71,3,0.00,5,1978.22,0,7,4,java.lang.Object,0.00,18,0,30,0,18,12,0,21,470,1
"org.apache.jackrabbit.core.fs.RandomAccessOutputStream",1,0.00,1.00,2,0.02,132.18,1,0,2,1,9,105.50,12,3,9,2,143.07,2.00,0.25,0.00,0,1.00,1,52.87,0,0,0,java.io.OutputStream,0.00,0,1,1,2,0,1,0,2,17,2
