Name, No. Methods, LCOM, AVCC, NOS, HBUG, HEFF, UWCS, INST, PACK, RFC, CBO, MI, CCML, NLOC, F-IN, DIT, MINC, S-R, R-R, COH, LMC, LCOM2, MAXCC, HVOL, HIER, NQU, FOUT, Superclass, SIX, EXT, NSUP, TCC, NSUB, MPC, NCO, INTR, CCOM, HLTH, MOD
"org.apache.jackrabbit.webdav.search.QueryGrammerSet",6,0.20,2.00,39,0.42,15771.26,7,1,7,18,6,82.66,40,46,3,2,114.88,0.00,0.50,0.83,0,0.00,3,1268.56,1,3,3,org.apache.jackrabbit.webdav.property.AbstractDavProperty,0.17,12,1,12,0,12,3,1,7,275,1
"org.apache.jackrabbit.webdav.search.SearchConstants",0,0.00,0.00,9,0.15,3100.00,8,8,3,2,5,171.00,48,10,3,1,171.00,0.00,0.00,0.00,0,0.00,0,440.00,0,0,2,,0.00,2,0,0,0,2,0,0,9,88,1
"org.apache.jackrabbit.webdav.search.SearchInfo",6,0.00,1.33,23,0.27,6431.99,8,2,2,21,6,79.28,59,31,5,1,129.27,0.00,0.00,0.50,0,0.00,3,810.13,0,4,1,java.lang.Object,0.00,15,0,8,0,15,2,1,7,185,1
"org.apache.jackrabbit.webdav.search.SearchResource",2,2.00,1.00,5,0.03,256.09,4,2,2,2,5,123.03,29,6,1,1,143.18,0.00,0.00,0.00,0,2.00,1,102.41,0,2,4,,0.00,0,0,2,0,0,0,0,5,32,1
"org.apache.jackrabbit.core.fs.vfs.VFSFileSystem",33,0.12,1.91,175,2.99,100577.34,39,6,21,86,5,99.47,175,367,1,1,117.34,0.00,0.00,0.05,6,257.00,5,8980.99,0,12,4,java.lang.Object,0.00,53,0,63,0,53,21,1,43,1830,1
"org.apache.jackrabbit.core.fs.vfs.VFSFileSystemTest",4,0.26,1.00,72,1.02,48429.78,13,9,5,45,3,71.88,58,83,0,3,92.02,0.00,0.67,0.31,1,0.00,1,3062.85,2,1,3,org.apache.jackrabbit.test.JUnitTest,0.00,41,2,4,0,41,3,0,17,564,1
"org.apache.jackrabbit.core.fs.vfs.VFSRAFOutputStream",8,0.12,1.25,41,0.40,8573.83,15,7,5,15,2,121.25,39,66,1,3,121.01,0.00,0.67,0.25,2,18.00,2,1208.95,0,0,1,org.apache.jackrabbit.core.fs.RandomAccessOutputStream,0.33,7,2,10,0,7,8,0,11,275,0
"org.apache.jackrabbit.client.ClientFactoryDelegater",1,0.00,1.00,2,0.02,119.55,1,0,18,1,4,143.41,0,4,2,1,143.41,0.00,0.00,0.00,0,1.00,1,51.02,0,1,2,java.lang.Object,0.00,0,0,1,1,0,0,0,0,16,1
"org.apache.jackrabbit.client.RMIClientFactoryDelegater",1,1.00,1.00,5,0.06,803.46,2,1,18,5,3,172.05,1,8,0,2,122.05,0.00,0.50,0.00,0,1.00,1,181.42,0,1,3,org.apache.jackrabbit.client.ClientFactoryDelegater,0.00,4,1,1,0,4,0,0,1,44,0
"org.apache.jackrabbit.client.RepositoryAccessServlet",10,0.15,3.30,115,1.52,62448.34,21,11,18,48,8,53.89,81,160,5,2,101.99,0.00,0.50,0.23,7,0.00,7,4561.19,0,3,3,javax.servlet.http.HttpServlet,0.00,38,1,33,0,38,7,0,23,865,1
"org.apache.jackrabbit.server.AbstractWebdavServlet",29,0.96,3.03,292,4.24,152464.68,30,1,28,140,38,54.14,288,421,0,2,104.14,2.00,0.25,0.07,3,156.00,12,12720.48,0,0,38,javax.servlet.http.HttpServlet,0.00,111,1,88,2,111,29,1,61,2365,2
"org.apache.jackrabbit.server.RMIRemoteFactoryDelegater",1,1.00,1.00,4,0.05,580.38,2,1,21,4,4,176.78,1,7,0,2,126.78,0.00,0.50,0.00,0,1.00,1,135.05,0,1,4,org.apache.jackrabbit.server.RemoteFactoryDelegater,0.00,3,1,1,0,3,0,0,1,35,0
"org.apache.jackrabbit.server.RemoteFactoryDelegater",1,0.00,1.00,2,0.01,95.05,1,0,21,1,5,144.20,0,4,2,1,144.20,0.00,0.00,0.00,0,1.00,1,41.22,0,1,3,java.lang.Object,0.00,0,0,1,1,0,0,0,0,14,1
"org.apache.jackrabbit.server.RepositoryStartupServlet",8,0.20,4.38,124,1.72,70545.15,18,10,21,47,5,63.50,53,171,1,2,95.72,0.00,0.50,0.28,6,0.00,11,5165.91,2,0,4,javax.servlet.http.HttpServlet,0.00,39,1,35,0,39,8,0,29,933,1
"org.apache.jackrabbit.core.state.orm.hibernate.HibernateNodeState",19,0.15,1.00,47,0.32,3754.82,23,4,9,23,4,141.69,6,67,1,2,141.69,0.00,0.50,0.11,0,139.00,1,947.53,1,8,3,org.apache.jackrabbit.core.state.orm.ORMNodeState,0.19,4,1,19,0,4,11,0,3,273,1
"org.apache.jackrabbit.core.state.orm.hibernate.HibernatePersistenceManager",18,0.06,4.94,298,4.67,235706.41,20,2,37,110,20,113.91,62,518,0,1,93.29,0.00,0.00,0.56,2,0.00,17,14010.86,0,5,20,java.lang.Object,0.00,92,0,89,0,92,13,1,23,2386,1
"org.apache.jackrabbit.xml.DocumentViewExportVisitor",13,0.06,3.15,132,1.85,92960.94,19,6,22,67,2,121.22,246,177,1,1,103.08,0.00,0.00,0.12,9,41.00,7,5554.78,0,6,1,java.lang.Object,0.00,54,0,41,0,54,7,1,30,1063,1
"org.apache.jackrabbit.xml.DocumentViewImportContentHandler",15,0.12,1.80,76,1.03,50532.18,19,4,9,41,0,156.90,34,109,0,1,117.01,0.00,0.00,0.13,2,64.00,6,3076.72,0,2,0,java.lang.Object,0.00,26,0,27,0,26,13,1,14,624,1
"org.apache.jackrabbit.xml.SystemViewExportVisitor",8,0.16,3.25,107,1.53,51791.58,27,19,16,48,1,148.65,213,140,1,1,99.16,0.00,0.00,0.19,5,10.00,9,4584.30,0,1,0,java.lang.Object,0.00,40,0,26,0,40,7,1,36,843,1
"org.apache.jackrabbit.xml.SystemViewImportContentHandler",14,0.04,2.36,82,1.15,55672.48,20,6,12,42,0,156.27,35,123,0,1,116.38,0.00,0.00,0.13,2,54.00,12,3454.60,0,1,0,java.lang.Object,0.00,28,0,33,0,28,13,1,15,675,1
"org.apache.jackrabbit.test.api.query.AbstractOrderByTest",7,0.00,2.29,76,0.97,27902.27,9,2,11,25,6,87.28,41,77,5,5,105.15,1.25,0.40,0.50,1,0.00,3,2896.98,1,0,1,org.apache.jackrabbit.test.api.query.AbstractQueryTest,0.19,18,4,16,5,18,7,0,10,560,0
"org.apache.jackrabbit.test.api.query.AbstractQueryLevel2Test",4,0.00,1.75,36,0.53,15212.79,4,0,8,18,4,58.98,34,47,2,5,107.08,0.50,0.57,0.00,0,0.00,3,1582.97,0,0,2,org.apache.jackrabbit.test.api.query.AbstractQueryTest,0.00,14,4,7,2,14,4,0,7,312,2
"org.apache.jackrabbit.test.api.query.AbstractQueryTest",13,0.13,2.23,110,1.40,49041.03,18,5,15,52,24,58.96,128,130,21,4,108.96,9.33,0.09,0.08,3,44.00,7,4197.68,2,5,3,org.apache.jackrabbit.test.AbstractJCRTest,0.20,39,3,29,28,39,8,0,25,832,2
"org.apache.jackrabbit.test.api.query.DerefQueryLevel1Test",7,0.17,2.57,71,0.98,34315.92,8,1,10,31,4,72.20,43,86,1,5,104.42,0.00,0.80,0.86,1,0.00,6,2938.83,3,1,3,org.apache.jackrabbit.test.api.query.AbstractQueryTest,0.37,24,4,18,0,24,6,0,10,563,1
"org.apache.jackrabbit.test.api.query.ElementTest",8,0.00,1.12,61,0.96,24485.56,8,0,3,13,3,79.78,48,71,1,5,112.00,0.00,0.80,0.00,0,0.00,2,2887.95,1,0,2,org.apache.jackrabbit.test.api.query.AbstractQueryTest,0.00,5,4,9,0,5,8,0,9,568,1
"org.apache.jackrabbit.test.api.query.GetLanguageTest",3,0.00,1.33,15,0.16,2198.85,4,1,3,12,2,90.08,19,20,1,5,122.30,0.00,0.80,1.00,0,0.00,2,473.03,2,0,1,org.apache.jackrabbit.test.api.query.AbstractQueryTest,0.43,9,4,4,0,9,3,0,5,111,1
"org.apache.jackrabbit.test.api.query.GetPersistentQueryPathLevel1Test",3,0.00,1.67,17,0.17,2515.19,4,1,4,12,2,89.57,20,24,1,5,121.79,0.00,0.80,1.00,0,0.00,2,506.53,2,0,1,org.apache.jackrabbit.test.api.query.AbstractQueryTest,0.43,9,4,5,0,9,3,0,6,116,1
"org.apache.jackrabbit.test.api.query.GetPersistentQueryPathTest",1,0.00,1.00,7,0.10,1533.76,1,0,2,7,2,113.92,16,11,1,5,114.39,0.00,0.80,0.00,0,0.00,1,287.56,0,0,1,org.apache.jackrabbit.test.api.query.AbstractQueryTest,0.00,6,4,1,0,6,1,0,2,62,1
"org.apache.jackrabbit.test.api.query.GetPropertyNamesTest",3,0.50,2.00,29,0.38,11474.18,4,1,8,23,2,58.93,25,33,1,5,107.03,0.00,0.80,0.67,0,2.00,3,1149.86,2,0,1,org.apache.jackrabbit.test.api.query.AbstractQueryTest,0.43,20,4,6,0,20,3,0,10,217,1
"org.apache.jackrabbit.test.api.query.GetStatementTest",3,0.00,1.33,15,0.16,2153.32,4,1,3,12,2,90.15,19,22,1,5,122.37,0.00,0.80,1.00,0,0.00,2,475.46,2,0,1,org.apache.jackrabbit.test.api.query.AbstractQueryTest,0.43,9,4,4,0,9,3,0,5,111,1
"org.apache.jackrabbit.test.api.query.GetSupportedQueryLanguagesTest",3,0.00,1.67,16,0.19,2924.10,4,1,7,15,2,78.98,22,24,1,5,121.27,0.00,0.80,1.00,0,0.00,2,583.35,2,0,1,org.apache.jackrabbit.test.api.query.AbstractQueryTest,0.43,12,4,5,0,12,3,0,7,130,1
"org.apache.jackrabbit.test.api.query.OrderByDateTest",4,0.00,1.00,46,0.78,25291.98,4,0,2,7,2,54.12,32,51,1,6,102.22,0.00,0.83,0.00,0,0.00,1,2328.29,2,0,1,org.apache.jackrabbit.test.api.query.AbstractOrderByTest,0.00,3,5,4,0,3,4,0,5,453,1
"org.apache.jackrabbit.test.api.query.OrderByDoubleTest",2,0.00,1.00,7,0.09,1050.04,2,0,0,2,2,87.65,23,10,1,6,131.78,0.00,0.83,0.00,0,0.00,1,270.26,2,0,1,org.apache.jackrabbit.test.api.query.AbstractOrderByTest,0.00,0,5,2,0,0,2,0,3,64,1
"org.apache.jackrabbit.test.api.query.OrderByLongTest",1,0.00,1.00,4,0.05,604.38,1,0,0,1,2,160.02,20,6,1,6,126.64,0.00,0.83,0.00,0,0.00,1,149.29,2,0,1,org.apache.jackrabbit.test.api.query.AbstractOrderByTest,0.00,0,5,1,0,0,1,0,2,36,1
"org.apache.jackrabbit.test.api.query.OrderByMultiTypeTest",1,0.00,2.00,39,0.93,61233.78,1,0,3,8,2,121.06,23,54,1,6,73.79,0.00,0.83,0.00,0,0.00,2,2785.31,1,0,1,org.apache.jackrabbit.test.api.query.AbstractOrderByTest,0.00,7,5,2,0,7,1,0,5,461,1
"org.apache.jackrabbit.test.api.query.OrderByStringTest",1,0.00,1.00,4,0.05,508.68,1,0,0,1,2,160.61,20,6,1,6,127.23,0.00,0.83,0.00,0,0.00,1,142.89,2,0,1,org.apache.jackrabbit.test.api.query.AbstractOrderByTest,0.00,0,5,1,0,0,1,0,2,35,1
"org.apache.jackrabbit.test.api.query.PredicatesTest",7,0.28,1.86,40,0.57,9109.38,10,3,5,17,2,77.97,50,59,1,5,120.26,0.00,0.80,0.57,0,0.00,2,1716.11,2,0,1,org.apache.jackrabbit.test.api.query.AbstractQueryTest,0.37,10,4,13,0,10,7,0,11,357,1
"org.apache.jackrabbit.test.api.query.SQLJcrPathTest",3,0.00,1.67,19,0.24,5168.94,4,1,5,15,3,74.08,22,25,1,5,116.37,0.00,0.80,1.00,0,0.00,2,734.09,2,0,2,org.apache.jackrabbit.test.api.query.AbstractQueryTest,0.43,12,4,5,0,12,3,0,7,154,1
"org.apache.jackrabbit.test.api.query.SQLJoinTest",4,0.00,1.25,62,1.09,39100.67,4,0,3,14,3,47.55,32,68,1,5,95.66,0.00,0.80,0.00,0,0.00,2,3271.91,1,0,2,org.apache.jackrabbit.test.api.query.AbstractQueryTest,0.00,10,4,5,0,10,4,0,5,608,1
"org.apache.jackrabbit.test.api.query.SQLOrderByTest",4,0.00,1.00,20,0.24,4452.21,5,1,1,9,3,70.94,37,25,1,5,120.94,0.00,0.80,1.00,0,0.00,1,732.37,3,0,2,org.apache.jackrabbit.test.api.query.AbstractQueryTest,0.21,5,4,4,0,5,4,0,7,164,1
"org.apache.jackrabbit.test.api.query.SQLPathTest",10,0.22,1.80,66,0.83,20449.61,11,1,7,27,2,97.89,54,79,1,5,115.77,0.00,0.80,0.80,1,0.00,4,2494.15,4,2,1,org.apache.jackrabbit.test.api.query.AbstractQueryTest,0.33,17,4,18,0,17,8,0,17,511,1
"org.apache.jackrabbit.test.api.query.SQLPathTest$TraversingItemVisitor.Default",1,0.00,2.00,4,0.06,896.15,1,0,7,5,0,125.13,0,6,0,1,125.13,0.00,0.00,0.00,0,1.00,2,173.83,0,0,0,java.lang.Object,0.00,4,0,2,0,4,1,0,0,41,0
"org.apache.jackrabbit.test.api.query.SQLPathTest$TraversingItemVisitor.Default_0",1,0.00,2.00,4,0.04,553.13,1,0,7,3,0,126.78,0,7,0,1,126.78,0.00,0.00,0.00,0,1.00,2,125.96,0,0,0,java.lang.Object,0.00,2,0,2,0,2,1,0,0,32,0
"org.apache.jackrabbit.test.api.query.SQLQueryLevel2Test",8,0.00,1.50,67,0.79,16811.58,8,0,5,20,3,68.76,56,80,1,6,111.06,0.00,0.83,0.00,3,0.00,4,2370.07,7,0,2,org.apache.jackrabbit.test.api.query.AbstractQueryLevel2Test,0.00,12,5,12,0,12,8,0,19,497,1
"org.apache.jackrabbit.test.api.query.SaveTest",8,0.00,2.50,69,1.10,28997.51,9,1,12,34,3,60.97,66,97,1,4,109.07,0.00,0.75,1.00,0,0.00,5,3289.96,1,0,2,org.apache.jackrabbit.test.AbstractJCRTest,0.27,26,3,20,0,26,8,0,22,617,1
"org.apache.jackrabbit.test.api.query.SimpleSelectionTest",3,0.00,1.67,20,0.29,5655.13,4,1,6,23,3,67.96,26,28,1,5,116.06,0.00,0.80,1.00,0,0.00,2,868.95,2,0,2,org.apache.jackrabbit.test.api.query.AbstractQueryTest,0.43,20,4,5,0,20,3,0,7,173,1
"org.apache.jackrabbit.test.api.query.Statement",3,0.25,1.33,12,0.08,2004.82,5,2,0,4,7,108.36,17,17,7,1,126.23,0.00,0.00,0.33,0,5.00,2,239.93,0,2,0,java.lang.Object,0.00,1,0,4,0,1,1,0,4,65,0
"org.apache.jackrabbit.test.api.query.TestAll",1,0.00,1.00,31,0.42,17306.66,1,0,3,3,27,44.43,12,33,0,2,81.99,0.00,0.50,0.00,0,1.00,1,1271.92,0,1,27,junit.framework.TestCase,0.00,2,1,1,0,2,0,0,3,239,1
"org.apache.jackrabbit.test.api.query.TextNodeTest",5,0.25,1.40,43,0.65,21572.90,7,2,4,15,3,60.51,40,52,1,5,108.61,0.00,0.80,0.70,0,0.00,3,1963.61,2,0,2,org.apache.jackrabbit.test.api.query.AbstractQueryTest,0.20,10,4,7,0,10,5,0,6,384,1
"org.apache.jackrabbit.test.api.query.XPathDocOrderTest",6,0.00,2.00,57,0.75,17410.29,6,0,6,18,4,65.69,46,60,1,5,107.98,0.00,0.80,0.00,1,0.00,4,2261.18,3,0,3,org.apache.jackrabbit.test.api.query.AbstractQueryTest,0.19,12,4,12,0,12,6,0,8,437,1
"org.apache.jackrabbit.test.api.query.XPathJcrPathTest",3,0.00,1.67,19,0.25,5246.09,4,1,5,15,3,74.03,22,25,1,5,116.32,0.00,0.80,1.00,0,0.00,2,747.87,2,0,2,org.apache.jackrabbit.test.api.query.AbstractQueryTest,0.43,12,4,5,0,12,3,0,7,156,1
"org.apache.jackrabbit.test.api.query.XPathOrderByTest",4,0.00,1.00,21,0.25,4599.49,5,1,1,9,3,72.72,34,26,1,5,120.82,0.00,0.80,1.00,0,0.00,1,741.77,3,0,2,org.apache.jackrabbit.test.api.query.AbstractQueryTest,0.21,5,4,4,0,5,4,0,6,166,1
"org.apache.jackrabbit.test.api.query.XPathPosIndexTest",3,0.00,2.00,23,0.29,7356.34,3,0,6,13,4,64.15,31,29,1,5,112.62,0.00,0.80,0.00,1,2.00,4,859.79,3,0,3,org.apache.jackrabbit.test.api.query.AbstractQueryTest,0.22,10,4,6,0,10,3,0,5,170,1
"org.apache.jackrabbit.test.api.query.XPathQueryLevel2Test",8,0.00,1.50,59,0.70,13852.09,8,0,5,20,3,81.66,55,72,1,6,113.88,0.00,0.83,0.00,3,0.00,4,2086.73,7,0,2,org.apache.jackrabbit.test.api.query.AbstractQueryLevel2Test,0.00,12,5,12,0,12,8,0,19,445,1
"org.apache.jackrabbit.rmi.remote.RemoteItem",10,0.00,1.00,11,0.07,345.17,10,0,3,10,14,108.89,98,14,14,2,158.89,0.00,0.50,0.00,0,10.00,1,224.08,0,3,1,,0.00,0,1,10,0,0,7,0,11,79,1
"org.apache.jackrabbit.rmi.remote.RemoteItemDefinition",6,0.00,1.00,7,0.04,175.78,6,0,2,6,8,121.89,72,8,7,2,159.45,0.00,0.50,0.00,0,6.00,1,111.15,0,2,1,,0.00,0,1,6,0,0,4,0,7,43,1
"org.apache.jackrabbit.rmi.remote.RemoteLock",6,0.00,1.00,7,0.04,188.20,6,0,3,6,10,110.74,63,8,10,2,159.22,0.00,0.50,0.00,0,6.00,1,119.44,0,2,0,,0.00,0,1,6,0,0,4,0,7,45,1
"org.apache.jackrabbit.rmi.remote.RemoteNamespaceRegistry",6,0.00,1.00,7,0.06,334.83,6,0,3,6,10,119.68,77,10,10,2,157.25,0.00,0.50,0.00,0,6.00,1,185.17,0,4,0,,0.00,0,1,6,0,0,2,0,7,61,1
"org.apache.jackrabbit.rmi.remote.RemoteNode",47,0.00,1.00,48,0.45,2239.60,47,0,3,47,25,107.79,469,73,19,2,157.79,0.00,0.50,0.00,0,47.00,1,1360.20,0,23,7,,0.00,0,1,47,0,0,24,0,48,429,1
"org.apache.jackrabbit.rmi.remote.RemoteNodeDefinition",3,0.00,1.00,4,0.02,122.02,3,0,1,3,14,147.97,46,5,14,2,158.33,0.00,0.50,0.00,0,3.00,1,68.77,0,0,1,,0.00,0,1,3,0,0,3,0,4,26,1
"org.apache.jackrabbit.rmi.remote.RemoteNodeType",16,0.00,1.00,17,0.12,654.48,16,0,3,16,19,109.83,163,18,18,2,158.31,0.00,0.50,0.00,0,16.00,1,373.02,0,8,2,,0.00,0,1,16,0,0,8,0,17,128,1
"org.apache.jackrabbit.rmi.remote.RemoteNodeTypeManager",4,0.00,1.00,5,0.04,222.98,4,0,3,4,11,146.89,61,10,10,2,157.25,0.00,0.50,0.00,0,4.00,1,118.62,0,0,1,,0.00,0,1,4,0,0,4,0,5,40,1
"org.apache.jackrabbit.rmi.remote.RemoteProperty",8,0.00,1.00,9,0.07,359.33,8,0,3,8,13,120.43,99,11,12,2,157.99,0.00,0.50,0.00,0,8.00,1,206.45,0,2,1,,0.00,0,1,8,0,0,6,0,9,70,1
"org.apache.jackrabbit.rmi.remote.RemotePropertyDefinition",4,0.00,1.00,5,0.03,161.32,4,0,2,4,13,138.21,58,6,13,2,158.36,0.00,0.50,0.00,0,4.00,1,88.42,0,2,0,,0.00,0,1,4,0,0,2,0,5,33,1
"org.apache.jackrabbit.rmi.remote.RemoteQuery",5,0.00,1.00,6,0.04,184.47,5,0,3,5,12,108.66,47,7,10,2,158.66,0.00,0.50,0.00,0,5.00,1,116.95,0,4,2,,0.00,0,1,5,0,0,1,0,6,42,1
"org.apache.jackrabbit.rmi.remote.RemoteQueryManager",3,0.00,1.00,4,0.03,180.93,3,0,3,3,11,119.42,37,7,10,2,156.98,0.00,0.50,0.00,0,3.00,1,102.82,0,3,1,,0.00,0,1,3,0,0,0,0,4,34,1
"org.apache.jackrabbit.rmi.remote.RemoteQueryResult",3,0.00,1.00,4,0.03,180.19,3,0,3,3,11,112.87,34,5,9,2,156.99,0.00,0.50,0.00,0,3.00,1,90.09,0,1,2,,0.00,0,1,3,0,0,2,0,4,31,1
"org.apache.jackrabbit.rmi.remote.RemoteRepository",6,0.00,1.00,7,0.06,289.75,6,0,4,6,9,120.18,77,11,8,2,157.74,0.00,0.50,0.00,0,6.00,1,174.97,0,2,1,,0.00,0,1,6,0,0,4,0,7,58,1
"org.apache.jackrabbit.rmi.remote.RemoteRow",2,0.00,1.00,3,0.02,126.98,2,0,4,2,10,136.66,28,5,10,2,156.80,0.00,0.50,0.00,0,2.00,1,70.62,0,2,0,,0.00,0,1,2,0,0,0,0,3,24,1
"org.apache.jackrabbit.rmi.remote.RemoteSession",26,0.00,1.00,27,0.25,1327.29,26,0,6,26,14,109.07,282,39,11,2,157.55,0.00,0.50,0.00,0,26.00,1,758.46,0,9,3,,0.00,0,1,26,0,0,17,0,27,240,1
"org.apache.jackrabbit.rmi.remote.RemoteVersion",4,0.00,1.00,5,0.04,191.14,4,0,3,4,14,147.42,62,6,14,2,157.78,0.00,0.50,0.00,0,4.00,1,105.40,0,4,1,,0.00,0,1,4,0,0,0,0,7,37,1
"org.apache.jackrabbit.rmi.remote.RemoteVersionHistory",12,0.00,1.00,13,0.12,621.51,12,0,2,12,12,119.94,153,22,12,2,157.50,0.00,0.50,0.00,0,12.00,1,362.89,0,3,1,,0.00,0,1,12,0,0,9,0,15,116,1
"org.apache.jackrabbit.rmi.remote.RemoteWorkspace",10,0.00,1.00,11,0.12,622.61,10,0,4,10,12,112.74,119,21,9,2,156.87,0.00,0.50,0.00,0,10.00,1,348.72,0,2,3,,0.00,0,1,10,0,0,8,0,11,107,1
"org.apache.jackrabbit.rmi.remote.SerialValue",11,0.10,2.91,85,1.17,55071.36,13,2,20,48,7,61.99,93,127,7,1,110.10,0.00,0.00,0.41,0,0.00,12,3504.93,0,4,0,java.lang.Object,0.00,37,0,32,0,37,7,2,14,652,1
"org.apache.jackrabbit.core.config.AccessManagerConfig",1,0.00,1.00,3,0.01,83.56,1,0,0,1,5,127.71,15,5,4,2,138.07,0.00,0.50,0.00,0,1.00,1,43.36,0,0,1,org.apache.jackrabbit.core.config.BeanConfig,0.00,0,1,1,0,0,1,0,2,16,1
"org.apache.jackrabbit.core.config.BeanConfig",5,0.25,2.00,26,0.33,13094.29,7,2,3,16,8,69.75,41,44,7,1,117.85,0.00,0.00,0.30,1,10.00,6,993.73,0,3,1,java.lang.Object,0.00,11,0,10,5,11,2,0,8,209,1
"org.apache.jackrabbit.core.config.ConfigurationEntityResolver",1,0.00,2.00,10,0.13,2705.68,4,3,5,6,1,138.42,31,18,1,1,106.51,0.00,0.00,1.00,0,0.00,2,376.34,0,1,0,java.lang.Object,0.00,5,0,2,0,5,0,1,5,82,0
"org.apache.jackrabbit.core.config.ConfigurationException",2,0.00,1.00,5,0.03,159.64,2,0,1,2,9,102.50,14,7,9,2,144.79,0.00,0.50,0.00,0,2.00,1,81.40,0,0,0,javax.jcr.RepositoryException,0.00,0,1,2,0,0,2,0,3,28,1
"org.apache.jackrabbit.core.config.ConfigurationParser",13,0.07,2.38,149,2.22,75872.68,34,21,13,52,13,149.57,310,211,3,1,102.30,0.00,0.00,0.11,7,50.00,5,6673.57,0,12,11,java.lang.Object,0.00,39,0,31,0,39,1,0,66,1241,1
"org.apache.jackrabbit.core.config.FileSystemConfig",3,0.00,2.33,19,0.17,4703.49,4,1,2,6,9,66.62,27,33,5,2,116.62,0.00,0.50,1.00,0,0.00,4,499.85,1,1,4,org.apache.jackrabbit.core.config.BeanConfig,0.00,3,1,7,0,3,2,0,5,113,1
"org.apache.jackrabbit.core.config.LoginModuleConfig",2,0.00,1.50,9,0.07,1751.89,2,0,1,3,6,77.17,16,14,4,2,125.28,0.00,0.50,0.00,0,2.00,2,208.36,1,1,2,org.apache.jackrabbit.core.config.BeanConfig,0.00,1,1,3,0,1,1,0,2,53,1
"org.apache.jackrabbit.core.config.PersistenceManagerConfig",1,0.00,1.00,3,0.01,83.56,1,0,0,1,7,127.71,15,5,6,2,138.07,0.00,0.50,0.00,0,1.00,1,43.36,0,0,1,org.apache.jackrabbit.core.config.BeanConfig,0.00,0,1,1,0,0,1,0,2,16,1
"org.apache.jackrabbit.core.config.RepositoryConfig",17,0.02,1.76,114,1.29,44379.79,28,11,17,53,16,66.46,181,168,9,1,114.94,0.00,0.00,0.11,4,175.00,7,3872.36,0,13,8,java.lang.Object,0.00,36,0,30,0,36,4,0,36,781,1
"org.apache.jackrabbit.core.config.RepositoryConfigTest",1,0.00,1.00,15,0.25,5043.15,1,0,5,22,4,47.97,9,23,1,2,97.97,0.00,0.50,0.00,0,1.00,1,751.42,0,0,3,junit.framework.TestCase,0.00,21,1,1,0,21,1,0,2,140,1
"org.apache.jackrabbit.core.config.SearchConfig",4,0.67,1.00,11,0.07,776.74,5,1,2,6,8,93.65,35,17,4,2,141.75,0.00,0.50,0.50,0,4.00,1,219.39,1,2,4,org.apache.jackrabbit.core.config.BeanConfig,0.00,2,1,4,0,2,2,0,6,64,1
"org.apache.jackrabbit.core.config.TestAll",1,0.00,1.00,6,0.05,1283.53,1,0,3,3,2,79.93,12,8,0,2,117.50,0.00,0.50,0.00,0,1.00,1,150.40,0,1,2,junit.framework.TestCase,0.00,2,1,1,0,2,0,0,2,39,1
"org.apache.jackrabbit.core.config.VersioningConfig",5,0.08,1.00,16,0.10,1232.23,8,3,2,8,8,84.37,46,23,4,1,134.37,0.00,0.00,0.27,0,13.00,1,314.92,0,2,4,java.lang.Object,0.00,3,0,5,0,3,3,0,9,91,1
"org.apache.jackrabbit.core.config.WorkspaceConfig",7,0.00,1.14,26,0.17,2330.46,12,5,1,10,14,83.31,64,36,9,1,133.31,0.00,0.00,0.20,0,29.00,2,514.44,0,3,5,java.lang.Object,0.00,3,0,8,0,3,4,0,13,140,1
"org.apache.jackrabbit.core.config.WorkspaceConfigTest",2,0.00,1.00,22,0.34,6500.61,3,1,4,24,5,104.73,9,31,1,2,104.50,0.00,0.50,1.00,0,0.00,1,1018.41,0,0,4,junit.framework.TestCase,0.00,22,1,2,0,22,2,0,2,191,1
"org.apache.jackrabbit.webdav.jcr.version.VersionHistoryItemCollection",5,1.00,2.40,39,0.56,13711.78,6,1,12,29,14,64.09,41,59,1,4,112.20,0.00,0.75,0.20,0,2.00,3,1673.90,6,1,13,org.apache.jackrabbit.webdav.jcr.DefaultItemCollection,0.09,24,3,12,0,24,4,1,12,338,1
"org.apache.jackrabbit.webdav.jcr.version.VersionItemCollection",7,1.00,3.14,68,1.08,38231.84,8,1,15,48,19,57.61,60,91,1,4,105.71,0.00,0.75,0.14,1,15.00,7,3249.54,6,2,18,org.apache.jackrabbit.webdav.jcr.DefaultItemCollection,0.13,41,3,22,0,41,5,1,20,582,1
"org.apache.jackrabbit.core.state.mem.InMemPersistenceManager",30,0.09,2.47,291,3.63,171538.01,44,14,34,115,20,87.74,150,377,0,2,105.61,0.00,0.50,0.15,3,98.00,6,10898.03,1,8,20,org.apache.jackrabbit.core.state.AbstractPersistenceManager,0.00,85,1,74,0,85,22,1,85,2057,1
"org.apache.jackrabbit.test.rmi.RemoteAdapterTest",24,0.37,1.46,212,2.26,50123.96,29,5,48,87,23,68.79,169,239,0,2,111.08,0.00,0.50,0.55,5,0.00,6,6790.98,0,1,23,junit.framework.TestCase,0.00,63,1,35,0,63,23,0,65,1408,1
"org.apache.jackrabbit.webdav.jcr.nodetype.ItemDefinitionImpl",9,0.05,1.11,38,0.35,7105.30,16,7,5,21,3,146.32,32,48,2,1,125.70,0.00,0.00,0.19,5,34.00,2,1046.53,0,4,1,java.lang.Object,0.00,12,0,10,2,12,5,2,10,243,2
"org.apache.jackrabbit.webdav.jcr.nodetype.NodeDefinitionImpl",7,0.04,1.43,38,0.36,10954.50,11,4,4,18,3,140.30,26,46,2,2,119.69,0.00,0.50,0.21,3,15.00,3,1074.27,1,5,1,org.apache.jackrabbit.webdav.jcr.nodetype.ItemDefinitionImpl,0.25,11,1,10,0,11,2,1,10,238,2
"org.apache.jackrabbit.webdav.jcr.nodetype.NodeTypeConstants",0,0.00,0.00,8,0.11,2025.58,7,7,3,0,5,171.00,10,9,3,2,171.00,0.00,0.50,0.00,0,0.00,0,337.60,0,0,2,,0.00,0,1,0,0,0,0,0,4,71,1
"org.apache.jackrabbit.webdav.jcr.nodetype.NodeTypeElement",5,1.00,1.60,23,0.25,6326.89,6,1,3,15,3,124.00,3,29,2,2,124.00,0.00,0.50,0.00,1,1.00,2,744.79,0,2,1,org.jdom.Element,0.00,10,1,8,0,10,3,1,1,175,1
"org.apache.jackrabbit.webdav.jcr.nodetype.NodeTypeProperty",5,0.12,2.40,39,0.48,16307.73,7,2,7,20,5,111.84,22,48,1,2,111.61,0.00,0.50,0.40,1,0.00,5,1431.86,0,2,4,org.apache.jackrabbit.webdav.property.AbstractDavProperty,0.00,15,1,12,0,15,3,0,4,296,1
"org.apache.jackrabbit.webdav.jcr.nodetype.PropertyDefinitionImpl",8,0.03,1.62,52,0.54,20412.95,13,5,6,23,3,135.65,30,61,2,2,115.03,0.00,0.50,0.22,4,28.00,5,1624.59,1,5,1,org.apache.jackrabbit.webdav.jcr.nodetype.ItemDefinitionImpl,0.24,15,1,13,0,15,3,1,12,330,2
"org.apache.jackrabbit.decorator.DecoratorFactory",6,0.00,1.00,7,0.05,291.19,6,0,6,6,9,178.34,18,8,9,1,157.72,0.00,0.00,0.00,0,6.00,1,161.09,0,6,0,,0.00,0,0,6,0,0,0,0,3,56,1
"org.apache.jackrabbit.decorator.ItemDecorator",14,0.08,1.00,34,0.28,3502.06,17,3,12,28,1,190.89,23,56,0,1,140.89,0.00,0.00,0.40,0,0.00,1,844.11,0,5,1,java.lang.Object,0.00,14,0,14,0,14,9,1,16,229,1
"org.apache.jackrabbit.decorator.RepositoryDecorator",7,0.25,1.00,22,0.23,3607.16,9,2,6,11,2,132.08,33,35,1,1,131.85,0.00,0.00,0.71,0,0.00,1,697.94,0,6,1,java.lang.Object,0.00,4,0,7,1,4,1,1,7,174,1
"org.apache.jackrabbit.decorator.SessionDecorator",30,0.06,1.07,75,0.80,12812.36,33,3,25,60,2,159.66,106,134,1,1,139.04,0.00,0.00,0.39,0,0.00,3,2412.26,0,14,1,java.lang.Object,0.00,30,0,32,1,30,16,1,30,613,1
"org.apache.jackrabbit.decorator.SimpleDecoratorFactory",6,0.00,1.00,13,0.08,735.48,6,0,6,6,2,183.21,15,20,1,1,143.33,0.00,0.00,0.00,0,6.00,1,254.77,0,6,1,java.lang.Object,0.00,0,0,6,1,0,0,1,13,76,1
"org.apache.jackrabbit.decorator.WorkspaceDecorator",15,0.02,1.00,36,0.42,5393.71,18,3,21,27,2,179.53,43,77,1,1,139.64,0.00,0.00,0.31,0,0.00,1,1267.43,0,8,1,java.lang.Object,0.00,12,0,15,1,12,7,1,15,316,1
"org.apache.jackrabbit.test.AbstractJCRTest",7,0.15,5.86,199,3.04,198020.13,48,41,13,52,90,129.38,191,234,86,3,81.56,97.00,0.01,0.16,2,15.00,21,9116.45,3,3,4,org.apache.jackrabbit.test.JUnitTest,0.00,45,2,41,194,45,4,0,61,1444,2
"org.apache.jackrabbit.test.JCRTestResult",15,0.00,1.07,37,0.29,4275.81,17,2,5,31,2,190.42,18,54,1,2,140.42,0.00,0.50,0.50,0,0.00,2,868.18,0,2,1,junit.framework.TestResult,0.00,16,1,16,0,16,13,0,6,242,1
"org.apache.jackrabbit.test.JNDIRepositoryStub",2,0.00,3.00,17,0.22,8528.71,4,2,5,8,3,90.60,10,25,1,2,108.48,0.00,0.50,0.50,0,2.00,5,661.04,0,1,2,org.apache.jackrabbit.test.RepositoryStub,0.22,6,1,6,0,6,1,0,3,133,1
"org.apache.jackrabbit.test.JUnitTest",0,0.00,0.00,3,0.05,1456.80,2,2,2,2,3,171.00,9,4,2,2,171.00,196.00,0.01,0.00,0,0.00,0,142.62,0,0,1,junit.framework.TestCase,0.00,2,1,0,196,2,0,0,3,33,2
"org.apache.jackrabbit.test.LogPrintWriter",12,0.12,1.33,46,0.38,6072.91,15,3,5,22,2,132.08,52,64,2,2,131.84,0.00,0.50,0.22,1,22.00,4,1130.33,2,0,0,java.io.PrintWriter,0.00,10,1,16,0,10,12,0,15,282,1
"org.apache.jackrabbit.test.LogPrintWriter$NullWriter",3,0.00,1.00,4,0.04,273.44,3,0,5,3,0,205.57,3,8,0,2,155.57,0.00,0.50,0.00,0,3.00,1,110.76,0,0,0,java.io.Writer,0.00,0,1,3,0,0,3,0,3,35,2
"org.apache.jackrabbit.test.NotExecutableException",2,0.00,1.00,4,0.02,118.02,2,0,0,2,66,95.83,18,7,66,2,145.83,0.00,0.50,0.00,0,2.00,1,53.51,0,0,0,java.lang.Exception,0.00,0,1,2,0,0,2,0,3,20,1
"org.apache.jackrabbit.test.RepositoryHelper",13,0.12,1.15,33,0.28,4560.33,15,2,6,23,4,97.41,99,50,2,1,139.70,0.00,0.00,0.38,4,0.00,3,853.30,0,11,2,java.lang.Object,0.00,10,0,15,0,10,2,0,17,226,1
"org.apache.jackrabbit.test.RepositoryStub",7,0.08,3.00,76,1.31,68104.16,31,24,11,26,6,64.48,85,106,5,1,102.04,0.00,0.00,0.11,0,21.00,14,3921.97,0,6,1,java.lang.Object,0.00,19,0,21,2,19,1,0,9,687,2
"org.apache.jackrabbit.test.RepositoryStubException",1,0.00,1.00,3,0.02,106.02,1,0,0,1,4,157.87,3,5,4,2,137.25,0.00,0.50,0.00,0,1.00,1,45.51,0,0,0,java.lang.Exception,0.00,0,1,1,0,0,1,0,1,16,1
"org.apache.jackrabbit.test.api.AbstractImportXmlTest",13,0.10,1.92,186,2.40,60238.02,50,37,32,68,2,51.12,107,226,1,4,99.23,0.33,0.60,0.12,5,16.00,3,7190.17,2,5,1,org.apache.jackrabbit.test.AbstractJCRTest,0.40,55,3,25,1,55,8,0,32,1304,1
"org.apache.jackrabbit.test.api.AbstractPropertyTest",2,0.25,2.00,19,0.25,6184.60,6,4,6,11,12,65.47,14,25,9,4,107.76,3.00,0.23,0.38,1,2.00,3,735.59,1,0,3,org.apache.jackrabbit.test.AbstractJCRTest,0.44,9,3,4,9,9,2,0,7,145,1
"org.apache.jackrabbit.test.api.AbstractWorkspaceCopyBetweenTest",3,0.50,2.67,41,0.46,12305.85,9,6,5,22,6,50.77,29,49,5,5,100.77,4.25,0.18,0.50,1,0.00,5,1371.30,2,0,1,org.apache.jackrabbit.test.api.AbstractWorkspaceCopyTest,0.77,19,4,8,17,19,3,0,13,283,1
"org.apache.jackrabbit.test.api.AbstractWorkspaceCopyTest",3,0.00,1.67,18,0.16,2779.16,6,3,4,8,4,86.27,18,26,3,4,118.49,6.67,0.12,0.33,1,5.00,3,478.45,2,0,1,org.apache.jackrabbit.test.AbstractJCRTest,0.80,5,3,5,20,5,3,0,7,114,1
"org.apache.jackrabbit.test.api.AbstractWorkspaceReferenceableTest",2,0.00,2.50,14,0.16,4322.66,2,0,6,9,6,80.78,12,21,4,6,113.01,0.80,0.50,0.00,0,0.00,3,474.19,1,1,2,org.apache.jackrabbit.test.api.AbstractWorkspaceCopyBetweenTest,0.40,7,5,5,4,7,1,0,4,103,1
"org.apache.jackrabbit.test.api.AbstractWorkspaceSameNameSibsTest",1,0.00,11.00,42,0.51,37311.04,5,4,5,9,6,117.84,22,50,4,6,73.90,0.80,0.50,1.00,0,0.00,11,1515.86,2,0,2,org.apache.jackrabbit.test.api.AbstractWorkspaceCopyBetweenTest,0.43,8,5,11,4,8,1,0,10,267,1
"org.apache.jackrabbit.test.api.AbstractWorkspaceVersionableTest",2,0.00,2.50,15,0.18,4853.42,2,0,6,10,6,94.74,10,22,4,6,112.61,0.80,0.50,0.00,0,0.00,3,530.69,1,1,2,org.apache.jackrabbit.test.api.AbstractWorkspaceCopyBetweenTest,0.40,8,5,5,4,8,1,0,4,113,1
"org.apache.jackrabbit.test.api.AddNodeTest",11,0.00,1.82,77,0.93,20730.09,11,0,8,26,2,81.33,75,111,1,4,113.55,0.00,0.75,0.00,0,0.00,3,2787.94,0,0,1,org.apache.jackrabbit.test.AbstractJCRTest,0.00,15,3,20,0,15,11,0,32,594,1
"org.apache.jackrabbit.test.api.Base64",11,0.12,2.27,108,1.78,229742.97,15,4,7,18,2,58.91,86,135,2,1,101.20,0.00,0.00,0.14,2,39.00,8,5351.38,0,0,0,java.lang.Object,0.00,7,0,25,0,7,11,0,23,993,1
"org.apache.jackrabbit.test.api.BinaryPropertyTest",12,0.00,2.58,95,1.11,28370.46,12,0,7,43,4,94.82,70,152,1,5,112.69,0.00,0.80,0.00,0,0.00,5,3332.83,0,0,3,org.apache.jackrabbit.test.api.AbstractPropertyTest,0.24,31,4,31,0,31,12,0,22,673,1
"org.apache.jackrabbit.test.api.BooleanPropertyTest",11,0.00,2.82,87,1.00,34090.07,11,0,7,37,3,93.87,63,144,1,5,111.75,0.00,0.80,0.00,0,0.00,6,3013.72,0,0,2,org.apache.jackrabbit.test.api.AbstractPropertyTest,0.25,26,4,31,0,26,11,0,24,596,1
"org.apache.jackrabbit.test.api.CheckPermissionTest",3,0.00,2.67,27,0.33,9596.22,3,0,3,10,2,59.47,26,39,1,4,107.58,0.00,0.75,0.00,2,0.00,5,991.56,0,0,1,org.apache.jackrabbit.test.AbstractJCRTest,0.00,7,3,8,0,7,3,0,7,202,1
"org.apache.jackrabbit.test.api.DatePropertyTest",11,0.00,2.64,88,1.04,34503.01,11,0,8,38,3,91.68,64,140,1,5,109.56,0.00,0.80,0.00,0,0.00,6,3118.62,0,0,2,org.apache.jackrabbit.test.api.AbstractPropertyTest,0.25,27,4,29,0,27,11,0,26,618,1
"org.apache.jackrabbit.test.api.DocumentViewImportTest",16,0.10,2.00,125,1.62,46783.73,20,4,12,39,3,79.80,105,196,1,5,112.02,0.00,0.80,0.34,10,32.00,6,4871.92,6,0,2,org.apache.jackrabbit.test.api.AbstractImportXmlTest,0.28,23,4,32,0,23,16,0,38,934,1
"org.apache.jackrabbit.test.api.DoublePropertyTest",11,0.00,2.64,87,1.03,35376.40,11,0,8,40,3,93.76,61,137,1,5,111.63,0.00,0.80,0.00,0,0.00,6,3094.48,0,0,2,org.apache.jackrabbit.test.api.AbstractPropertyTest,0.25,29,4,29,0,29,11,0,22,614,1
"org.apache.jackrabbit.test.api.EscapeJCRUtil",7,0.22,2.57,73,0.80,43331.10,10,3,1,18,1,124.24,27,89,1,1,103.62,0.00,0.00,0.14,5,17.00,7,2403.89,0,6,0,java.lang.Object,0.00,11,0,18,0,11,1,0,8,491,1
"org.apache.jackrabbit.test.api.ExportDocViewTest",39,0.03,2.97,413,5.58,228604.96,59,20,37,137,4,53.78,358,566,1,4,103.77,0.00,0.75,0.08,22,708.00,10,16725.03,3,11,3,org.apache.jackrabbit.test.AbstractJCRTest,0.17,98,3,116,0,98,28,0,97,3129,1
"org.apache.jackrabbit.test.api.ExportDocViewTest$AttributeSeparator",4,0.33,1.75,30,0.27,5560.35,10,6,37,13,0,114.60,1,35,0,1,114.60,0.00,0.00,0.42,1,0.00,4,797.02,0,2,0,java.lang.Object,0.00,9,0,7,0,9,2,0,1,176,1
"org.apache.jackrabbit.test.api.ExportDocViewTest$StackEntry",0,0.00,0.00,3,0.02,129.73,2,2,37,0,0,171.00,2,4,0,1,171.00,0.00,0.00,0.00,0,0.00,0,51.89,0,0,0,java.lang.Object,0.00,0,0,0,0,0,0,0,2,15,1
"org.apache.jackrabbit.test.api.ExportSysViewTest",12,0.21,1.33,56,0.65,12705.58,23,11,16,27,3,106.78,69,87,1,4,124.66,0.00,0.75,0.28,2,0.00,3,1938.65,2,0,2,org.apache.jackrabbit.test.AbstractJCRTest,0.42,15,3,16,0,15,12,0,7,416,1
"org.apache.jackrabbit.test.api.ExportSysViewTest$SysViewParser",2,0.00,1.50,18,0.19,3615.86,7,5,16,9,1,159.66,3,24,0,1,109.66,0.00,0.00,0.20,0,0.00,2,558.49,0,0,1,java.lang.Object,0.00,7,0,3,0,7,2,0,3,123,1
"org.apache.jackrabbit.test.api.ImpersonateTest",1,0.00,6.00,21,0.32,12907.83,1,0,6,11,2,107.03,18,31,1,4,88.89,0.00,0.75,0.00,0,0.00,6,972.07,0,0,1,org.apache.jackrabbit.test.AbstractJCRTest,0.00,10,3,6,0,10,1,0,8,173,1
"org.apache.jackrabbit.test.api.LongPropertyTest",11,0.00,2.64,85,1.01,32758.26,11,0,8,39,3,94.02,60,137,1,5,111.90,0.00,0.80,0.00,0,0.00,6,3015.21,0,0,2,org.apache.jackrabbit.test.api.AbstractPropertyTest,0.25,28,4,29,0,28,11,0,22,600,1
"org.apache.jackrabbit.test.api.NamePropertyTest",8,0.00,1.88,37,0.38,6498.83,8,0,4,20,3,83.19,58,67,1,5,125.48,0.00,0.80,0.00,0,0.00,4,1129.15,0,0,2,org.apache.jackrabbit.test.api.AbstractPropertyTest,0.29,12,4,15,0,12,8,0,15,255,1
"org.apache.jackrabbit.test.api.NamespaceRegistryReadMethodsTest",5,0.33,2.20,54,0.68,17596.70,8,3,10,19,3,73.37,33,64,1,4,105.59,0.00,0.75,0.60,0,0.00,3,2026.25,1,0,2,org.apache.jackrabbit.test.AbstractJCRTest,0.33,14,3,11,0,14,5,0,10,394,1
"org.apache.jackrabbit.test.api.NamespaceRegistryTest",8,0.24,2.62,67,0.73,16430.59,14,6,7,27,2,68.71,56,96,1,4,111.01,0.00,0.75,0.38,0,0.00,5,2196.49,2,2,1,org.apache.jackrabbit.test.AbstractJCRTest,0.53,19,3,21,0,19,6,0,26,469,1
"org.apache.jackrabbit.test.api.NamespaceRemappingTest",10,0.06,1.70,72,0.81,16130.16,12,2,10,34,2,81.87,62,98,1,4,114.09,0.00,0.75,0.55,2,0.00,3,2431.11,2,2,1,org.apache.jackrabbit.test.AbstractJCRTest,0.47,24,3,17,0,24,8,0,24,514,1
"org.apache.jackrabbit.test.api.NodeAddMixinTest",4,0.00,4.50,64,0.96,32669.72,4,0,11,30,4,57.37,49,99,1,4,94.93,0.00,0.75,0.00,0,0.00,6,2885.76,0,0,3,org.apache.jackrabbit.test.AbstractJCRTest,0.00,26,3,18,0,26,4,0,19,502,1
"org.apache.jackrabbit.test.api.NodeCanAddMixinTest",3,0.00,4.00,45,0.68,20808.17,3,0,8,25,4,46.56,29,68,1,4,96.56,0.00,0.75,0.00,0,0.00,5,2031.20,0,0,3,org.apache.jackrabbit.test.AbstractJCRTest,0.00,22,3,12,0,22,3,0,11,358,1
"org.apache.jackrabbit.test.api.NodeDiscoveringNodeTypesTest",6,0.10,2.83,63,0.83,27652.95,8,2,9,29,3,56.50,49,100,1,4,104.61,0.00,0.75,0.42,1,2.00,5,2495.48,2,1,2,org.apache.jackrabbit.test.AbstractJCRTest,0.62,23,3,17,0,23,5,0,14,476,1
"org.apache.jackrabbit.test.api.NodeItemIsModifiedTest",4,0.00,1.00,23,0.29,3640.74,4,0,4,12,2,84.06,49,28,1,4,121.62,0.00,0.75,0.00,0,0.00,1,875.35,0,0,1,org.apache.jackrabbit.test.AbstractJCRTest,0.00,8,3,4,0,8,4,0,11,188,1
"org.apache.jackrabbit.test.api.NodeItemIsNewTest",2,0.00,1.00,10,0.13,1491.05,2,0,4,9,2,92.93,26,13,1,4,122.31,0.00,0.75,0.00,0,0.00,1,380.20,0,0,1,org.apache.jackrabbit.test.AbstractJCRTest,0.00,7,3,2,0,7,2,0,5,85,1
"org.apache.jackrabbit.test.api.NodeIteratorTest",5,0.00,2.80,45,0.45,14239.92,5,0,5,13,3,75.74,30,63,1,4,107.96,0.00,0.75,0.00,0,0.00,5,1336.28,1,0,2,org.apache.jackrabbit.test.AbstractJCRTest,0.33,8,3,14,0,8,5,0,11,280,1
"org.apache.jackrabbit.test.api.NodeMixinUtil",2,0.00,2.50,16,0.22,4860.58,2,0,5,12,3,92.57,10,24,3,1,110.44,0.00,0.00,0.00,0,2.00,3,660.97,0,2,0,java.lang.Object,0.00,10,0,5,0,10,0,0,3,134,1
"org.apache.jackrabbit.test.api.NodeOrderableChildNodesTest",10,0.52,1.50,82,1.02,16612.69,13,3,10,27,3,63.38,104,115,1,4,111.86,0.00,0.75,0.80,2,0.00,2,3063.82,1,0,2,org.apache.jackrabbit.test.AbstractJCRTest,0.00,17,3,15,0,17,10,0,41,627,1
"org.apache.jackrabbit.test.api.NodeReadMethodsTest",36,0.37,3.42,412,5.91,384839.33,38,2,16,108,3,67.92,230,626,1,4,100.14,0.00,0.75,0.14,6,0.00,14,17724.78,3,6,2,org.apache.jackrabbit.test.AbstractJCRTest,0.19,72,3,123,0,72,30,0,89,3191,1
"org.apache.jackrabbit.test.api.NodeReadMethodsTest$ItemVisitor",2,0.00,1.00,5,0.04,319.50,2,0,16,5,0,142.42,0,8,0,1,142.42,0.00,0.00,0.00,0,2.00,1,114.87,0,0,0,java.lang.Object,0.00,3,0,2,0,3,2,0,0,33,0
"org.apache.jackrabbit.test.api.NodeRemoveMixinTest",4,0.00,5.00,76,1.11,40473.72,4,0,12,29,4,71.25,58,115,1,4,91.39,0.00,0.75,0.00,0,0.00,6,3328.30,0,0,3,org.apache.jackrabbit.test.AbstractJCRTest,0.00,25,3,20,0,25,4,0,24,575,1
"org.apache.jackrabbit.test.api.NodeTest",37,0.89,1.86,347,4.75,104612.56,38,1,15,87,3,63.95,432,450,1,4,108.08,0.00,0.75,0.14,0,0.00,5,14247.21,4,0,2,org.apache.jackrabbit.test.AbstractJCRTest,0.18,50,3,69,0,50,37,0,234,2790,1
"org.apache.jackrabbit.test.api.NodeUUIDTest",3,0.00,1.67,29,0.39,7726.15,3,0,8,18,3,147.73,64,37,1,4,108.43,0.00,0.75,0.00,1,0.00,2,1177.64,0,0,2,org.apache.jackrabbit.test.AbstractJCRTest,0.00,15,3,5,0,15,3,0,22,232,1
"org.apache.jackrabbit.test.api.PathPropertyTest",8,0.00,1.88,37,0.38,6498.83,8,0,4,20,3,107.61,45,67,1,5,125.48,0.00,0.80,0.00,0,0.00,4,1129.15,0,0,2,org.apache.jackrabbit.test.api.AbstractPropertyTest,0.29,12,4,15,0,12,8,0,15,255,1
"org.apache.jackrabbit.test.api.PropertyItemIsModifiedTest",5,0.00,1.20,30,0.36,4845.13,6,1,5,16,2,68.42,46,38,1,4,118.41,0.00,0.75,1.00,0,0.00,2,1076.51,1,0,1,org.apache.jackrabbit.test.AbstractJCRTest,0.33,11,3,6,0,11,5,0,10,233,1
"org.apache.jackrabbit.test.api.PropertyItemIsNewTest",3,0.00,1.33,17,0.20,2739.90,4,1,5,13,2,73.07,30,23,1,4,121.55,0.00,0.75,1.00,0,0.00,2,596.27,1,0,1,org.apache.jackrabbit.test.AbstractJCRTest,0.40,10,3,4,0,10,3,0,6,132,1
"org.apache.jackrabbit.test.api.PropertyReadMethodsTest",17,0.03,1.59,78,0.86,17371.44,19,2,13,49,4,124.97,84,127,1,4,124.74,0.00,0.75,0.47,0,0.00,4,2576.92,2,0,3,org.apache.jackrabbit.test.AbstractJCRTest,0.33,32,3,27,0,32,17,0,26,569,1
"org.apache.jackrabbit.test.api.PropertyReadMethodsTest$ItemVisitor",2,0.00,1.00,5,0.04,319.50,2,0,13,5,0,142.42,0,9,0,1,142.42,0.00,0.00,0.00,0,2.00,1,114.87,0,0,0,java.lang.Object,0.00,3,0,2,0,3,2,0,0,33,0
"org.apache.jackrabbit.test.api.PropertyTest",1,0.00,1.00,11,0.15,2874.20,1,0,5,11,2,154.92,25,17,1,4,104.92,0.00,0.75,0.00,0,0.00,1,438.34,0,0,1,org.apache.jackrabbit.test.AbstractJCRTest,0.00,10,3,1,0,10,1,0,5,86,1
"org.apache.jackrabbit.test.api.PropertyTypeTest",3,0.00,2.67,31,0.40,15808.15,3,0,8,20,2,71.94,18,49,1,4,104.16,0.00,0.75,0.00,1,5.00,6,1206.42,1,0,1,org.apache.jackrabbit.test.AbstractJCRTest,0.40,17,3,8,0,17,3,0,3,225,1
"org.apache.jackrabbit.test.api.PropertyUtil",12,0.05,4.08,177,2.39,101753.63,28,16,14,37,13,54.70,92,261,13,1,96.99,0.00,0.00,0.02,1,42.00,8,7178.83,0,4,0,java.lang.Object,0.00,25,0,49,0,25,8,0,20,1296,1
"org.apache.jackrabbit.test.api.ReferencePropertyTest",11,0.70,1.64,50,0.58,10255.38,12,1,7,35,3,107.17,56,83,1,5,125.04,0.00,0.80,0.36,0,0.00,4,1749.05,1,0,2,org.apache.jackrabbit.test.api.AbstractPropertyTest,0.50,24,4,18,0,24,11,0,19,378,1
"org.apache.jackrabbit.test.api.ReferenceableRootNodesTest",3,0.75,2.33,23,0.21,4635.94,5,2,5,11,3,66.06,26,34,1,4,114.17,0.00,0.75,1.00,0,0.00,3,639.57,2,0,2,org.apache.jackrabbit.test.AbstractJCRTest,0.80,8,3,7,0,8,3,0,8,146,1
"org.apache.jackrabbit.test.api.ReferencesTest",3,0.00,6.00,85,1.31,83960.79,3,0,2,27,2,33.48,25,103,1,4,81.59,0.00,0.75,0.00,0,0.00,10,3942.87,0,0,1,org.apache.jackrabbit.test.AbstractJCRTest,0.00,24,3,18,0,24,3,0,12,706,1
"org.apache.jackrabbit.test.api.RepositoryDescriptorTest",4,0.00,1.75,34,0.32,5185.68,6,2,8,15,2,94.80,22,39,1,4,112.67,0.00,0.75,0.50,0,0.00,2,965.97,2,0,1,org.apache.jackrabbit.test.AbstractJCRTest,0.73,11,3,7,0,11,4,0,6,226,1
"org.apache.jackrabbit.test.api.RepositoryLoginTest",4,0.56,1.25,29,0.28,4550.11,7,3,6,14,2,83.14,25,50,1,4,115.36,0.00,0.75,0.75,0,0.00,2,825.10,1,0,1,org.apache.jackrabbit.test.AbstractJCRTest,0.36,10,3,5,0,10,4,0,6,182,1
"org.apache.jackrabbit.test.api.RootNodeTest",6,0.10,1.33,22,0.18,2075.96,8,2,5,15,2,133.38,29,32,1,4,133.14,0.00,0.75,0.58,0,0.00,2,549.08,2,0,1,org.apache.jackrabbit.test.AbstractJCRTest,0.62,9,3,8,0,9,6,0,10,140,1
"org.apache.jackrabbit.test.api.SerializationContext",2,0.96,1.50,57,0.59,9494.27,27,25,2,4,3,127.86,5,61,2,1,87.97,0.00,0.00,0.52,0,0.00,2,1768.00,0,1,1,java.lang.Object,0.00,2,0,3,0,2,1,0,2,325,0
"org.apache.jackrabbit.test.api.SerializationTest",32,0.21,1.66,194,2.35,57104.76,44,12,26,76,5,136.87,116,273,1,4,116.25,0.00,0.75,0.28,5,0.00,7,7036.32,2,1,4,org.apache.jackrabbit.test.AbstractJCRTest,0.21,44,3,53,0,44,31,0,34,1422,1
"org.apache.jackrabbit.test.api.SessionReadMethodsTest",12,0.05,2.00,79,0.85,23025.48,14,2,9,40,3,98.09,64,115,1,4,115.96,0.00,0.75,0.46,2,0.00,4,2557.92,1,2,2,org.apache.jackrabbit.test.AbstractJCRTest,0.21,28,3,24,0,28,10,0,18,549,1
"org.apache.jackrabbit.test.api.SessionTest",14,0.00,1.57,148,2.17,50998.59,14,0,9,33,2,114.68,251,179,1,4,105.55,0.00,0.75,0.00,0,0.00,2,6520.92,0,0,1,org.apache.jackrabbit.test.AbstractJCRTest,0.00,19,3,22,0,19,14,0,135,1282,1
"org.apache.jackrabbit.test.api.SessionUUIDTest",2,0.00,1.50,22,0.31,6600.23,2,0,6,11,2,136.26,62,27,1,4,104.35,0.00,0.75,0.00,0,0.00,2,939.83,0,0,1,org.apache.jackrabbit.test.AbstractJCRTest,0.00,9,3,3,0,9,2,0,21,186,1
"org.apache.jackrabbit.test.api.SetPropertyBooleanTest",7,0.00,1.00,37,0.38,4866.78,8,1,3,16,2,104.67,35,55,1,4,122.55,0.00,0.75,1.00,0,0.00,1,1135.78,1,0,1,org.apache.jackrabbit.test.AbstractJCRTest,0.29,9,3,7,0,9,7,0,7,268,1
"org.apache.jackrabbit.test.api.SetPropertyCalendarTest",7,0.44,1.00,39,0.43,5784.16,10,3,4,17,2,104.08,35,57,1,4,121.96,0.00,0.75,0.71,0,0.00,1,1296.34,1,0,1,org.apache.jackrabbit.test.AbstractJCRTest,0.29,10,3,7,0,10,7,0,7,298,1
"org.apache.jackrabbit.test.api.SetPropertyConstraintViolationExceptionTest",6,0.00,6.50,151,2.31,109504.37,6,0,14,31,4,74.51,95,255,1,4,84.87,0.00,0.75,0.00,0,0.00,9,6927.86,0,0,3,org.apache.jackrabbit.test.AbstractJCRTest,0.00,25,3,39,0,25,6,0,56,1166,1
"org.apache.jackrabbit.test.api.SetPropertyDoubleTest",7,0.44,1.00,39,0.44,6348.70,10,3,3,17,2,103.76,35,57,1,4,121.64,0.00,0.75,0.71,0,0.00,1,1326.80,1,0,1,org.apache.jackrabbit.test.AbstractJCRTest,0.29,10,3,7,0,10,7,0,7,306,1
"org.apache.jackrabbit.test.api.SetPropertyInputStreamTest",8,0.31,1.50,60,0.70,19770.36,13,5,4,19,2,94.79,41,81,1,4,112.66,0.00,0.75,0.48,0,0.00,5,2095.11,1,0,1,org.apache.jackrabbit.test.AbstractJCRTest,0.27,11,3,12,0,11,8,0,11,450,1
"org.apache.jackrabbit.test.api.SetPropertyLongTest",7,0.44,1.00,39,0.44,6432.14,10,3,3,17,2,103.72,35,57,1,4,121.59,0.00,0.75,0.71,0,0.00,1,1333.08,1,0,1,org.apache.jackrabbit.test.AbstractJCRTest,0.29,10,3,7,0,10,7,0,7,307,1
"org.apache.jackrabbit.test.api.SetPropertyNodeTest",7,0.56,1.00,41,0.44,5843.76,10,3,2,17,2,104.05,35,59,1,4,121.92,0.00,0.75,0.81,0,0.00,1,1322.29,1,0,1,org.apache.jackrabbit.test.AbstractJCRTest,0.29,10,3,7,0,10,7,0,7,308,1
"org.apache.jackrabbit.test.api.SetPropertyStringTest",23,0.24,1.17,145,1.84,31983.61,31,8,7,38,2,117.42,108,209,1,4,117.18,0.00,0.75,0.36,0,0.00,3,5517.49,1,0,1,org.apache.jackrabbit.test.AbstractJCRTest,0.13,15,3,27,0,15,23,0,25,1205,1
"org.apache.jackrabbit.test.api.SetPropertyValueTest",26,0.18,1.23,153,1.96,32535.30,34,8,9,43,2,120.72,128,226,1,4,120.49,0.00,0.75,0.30,0,0.00,3,5882.74,1,0,1,org.apache.jackrabbit.test.AbstractJCRTest,0.12,17,3,32,0,17,26,0,30,1289,1
"org.apache.jackrabbit.test.api.SetValueBinaryTest",6,0.45,1.67,42,0.46,9165.47,10,4,9,22,2,71.99,47,52,1,4,114.29,0.00,0.75,0.62,1,0.00,3,1380.00,1,0,1,org.apache.jackrabbit.test.AbstractJCRTest,0.31,16,3,10,0,16,6,0,15,297,1
"org.apache.jackrabbit.test.api.SetValueBooleanTest",5,0.58,1.40,30,0.30,3626.47,8,3,7,17,2,71.26,43,40,1,4,119.37,0.00,0.75,0.80,0,0.00,2,902.11,1,0,1,org.apache.jackrabbit.test.AbstractJCRTest,0.33,12,3,7,0,12,5,0,13,206,1
"org.apache.jackrabbit.test.api.SetValueConstraintViolationExceptionTest",12,0.00,6.83,340,5.17,251930.14,12,0,15,38,4,62.40,177,533,1,4,82.54,0.00,0.75,0.00,0,0.00,9,15498.91,0,0,3,org.apache.jackrabbit.test.AbstractJCRTest,0.00,26,3,82,0,26,12,0,120,2556,1
"org.apache.jackrabbit.test.api.SetValueDateTest",5,0.58,1.40,32,0.33,4222.91,8,3,9,19,2,70.74,43,42,1,4,118.85,0.00,0.75,0.80,0,0.00,2,994.20,1,0,1,org.apache.jackrabbit.test.AbstractJCRTest,0.33,14,3,7,0,14,5,0,13,223,1
"org.apache.jackrabbit.test.api.SetValueDoubleTest",5,0.58,1.40,30,0.31,3659.85,8,3,7,17,2,71.23,43,40,1,4,119.34,0.00,0.75,0.80,0,0.00,2,915.99,1,0,1,org.apache.jackrabbit.test.AbstractJCRTest,0.33,12,3,7,0,12,5,0,13,208,1
"org.apache.jackrabbit.test.api.SetValueLongTest",5,0.58,1.40,30,0.30,3626.47,8,3,7,17,2,71.26,43,40,1,4,119.37,0.00,0.75,0.80,0,0.00,2,902.11,1,0,1,org.apache.jackrabbit.test.AbstractJCRTest,0.33,12,3,7,0,12,5,0,13,206,1
"org.apache.jackrabbit.test.api.SetValueReferenceTest",6,0.33,1.67,38,0.37,5709.56,9,3,8,22,3,69.92,62,51,1,4,118.40,0.00,0.75,0.61,1,0.00,3,1100.39,1,0,2,org.apache.jackrabbit.test.AbstractJCRTest,0.31,16,3,10,0,16,6,0,16,249,1
"org.apache.jackrabbit.test.api.SetValueStringTest",24,0.18,1.58,152,1.62,28019.98,33,9,11,40,2,99.84,131,197,1,4,117.71,0.00,0.75,0.28,0,0.00,2,4859.14,1,0,1,org.apache.jackrabbit.test.AbstractJCRTest,0.13,16,3,38,0,16,24,0,47,1041,1
"org.apache.jackrabbit.test.api.StringPropertyTest",11,0.00,2.82,91,1.08,31249.41,11,0,7,42,4,61.77,92,147,1,5,109.88,0.00,0.80,0.00,0,0.00,5,3237.50,0,0,3,org.apache.jackrabbit.test.api.AbstractPropertyTest,0.25,31,4,31,0,31,11,0,24,640,1
"org.apache.jackrabbit.test.api.SysViewContentHandler",13,0.12,5.00,287,4.65,297585.91,35,22,26,87,4,42.10,146,409,2,2,86.22,0.00,0.50,0.16,5,57.00,19,13938.17,0,1,2,org.xml.sax.helpers.DefaultHandler,0.00,74,1,65,0,74,12,0,92,2282,0
"org.apache.jackrabbit.test.api.SysViewContentHandler$ChildNodeElem",0,0.00,0.00,3,0.01,82.42,2,2,26,0,0,171.00,0,4,0,1,171.00,0.00,0.00,0.00,0,0.00,0,41.21,0,0,0,java.lang.Object,0.00,0,0,0,0,0,0,0,0,13,1
"org.apache.jackrabbit.test.api.SysViewContentHandler$ConditionException",1,0.00,1.00,3,0.02,106.02,1,0,26,1,0,137.25,0,5,0,2,137.25,0.00,0.50,0.00,0,1.00,1,45.51,0,0,0,org.xml.sax.SAXException,0.00,0,1,1,0,0,1,0,0,16,1
"org.apache.jackrabbit.test.api.SysViewContentHandler$NodeElemData",0,0.00,0.00,8,0.06,805.37,7,7,26,2,0,171.00,10,9,0,1,171.00,0.00,0.00,0.00,0,0.00,0,191.76,0,0,0,java.lang.Object,0.00,2,0,0,0,2,0,0,10,43,1
"org.apache.jackrabbit.test.api.SysViewContentHandler$PropElemData",0,0.00,0.00,5,0.03,169.39,4,4,26,0,0,171.00,0,6,0,1,171.00,0.00,0.00,0.00,0,0.00,0,75.28,0,0,0,java.lang.Object,0.00,0,0,0,0,0,0,0,0,21,1
"org.apache.jackrabbit.test.api.TestAll",1,0.00,1.00,82,1.40,60884.98,1,0,3,3,78,41.79,14,84,0,2,61.93,0.00,0.50,0.00,0,1.00,1,4207.11,0,1,78,junit.framework.TestCase,0.00,2,1,1,0,2,0,0,5,647,1
"org.apache.jackrabbit.test.api.TreeComparator",20,0.04,3.40,252,3.68,153012.36,34,14,19,65,3,57.59,149,340,1,4,99.88,0.00,0.75,0.11,11,96.00,11,11039.90,1,2,2,org.apache.jackrabbit.test.AbstractJCRTest,0.00,45,3,68,0,45,18,0,50,1943,0
"org.apache.jackrabbit.test.api.UndefinedPropertyTest",2,0.00,1.00,10,0.11,1573.10,2,0,6,8,4,79.83,15,15,1,4,122.12,0.00,0.75,0.00,0,2.00,1,315.80,1,0,3,org.apache.jackrabbit.test.AbstractJCRTest,0.44,6,3,2,0,6,2,0,3,72,1
"org.apache.jackrabbit.test.api.WorkspaceCloneReferenceableTest",4,0.00,1.75,35,0.54,12229.46,4,0,3,16,2,65.61,44,44,1,7,109.74,0.00,0.86,0.00,0,0.00,3,1610.98,1,0,1,org.apache.jackrabbit.test.api.AbstractWorkspaceReferenceableTest,0.00,12,6,7,0,12,4,0,20,330,1
"org.apache.jackrabbit.test.api.WorkspaceCloneSameNameSibsTest",2,0.00,2.50,22,0.33,8568.30,2,0,4,15,2,83.20,29,26,1,7,103.34,0.00,0.86,0.00,0,0.00,3,989.13,0,0,1,org.apache.jackrabbit.test.api.AbstractWorkspaceSameNameSibsTest,0.00,13,6,5,0,13,2,0,10,188,1
"org.apache.jackrabbit.test.api.WorkspaceCloneTest",7,0.00,2.14,50,0.80,18373.44,7,0,8,27,2,64.27,59,74,1,6,112.38,0.00,0.83,0.00,0,0.00,3,2389.09,1,0,1,org.apache.jackrabbit.test.api.AbstractWorkspaceCopyBetweenTest,0.00,20,5,15,0,20,7,0,28,475,1
"org.apache.jackrabbit.test.api.WorkspaceCloneVersionableTest",1,0.00,3.00,12,0.20,6491.04,1,0,2,8,2,144.41,22,18,1,7,100.47,0.00,0.86,0.00,0,0.00,3,600.57,1,0,1,org.apache.jackrabbit.test.api.AbstractWorkspaceVersionableTest,0.00,7,6,3,0,7,1,0,10,121,1
"org.apache.jackrabbit.test.api.WorkspaceCopyBetweenWorkspacesReferenceableTest",1,0.00,1.00,9,0.13,2539.78,1,0,2,9,2,108.12,16,11,1,7,108.59,0.00,0.86,0.00,0,0.00,1,388.43,1,0,1,org.apache.jackrabbit.test.api.AbstractWorkspaceReferenceableTest,0.00,8,6,1,0,8,1,0,5,82,1
"org.apache.jackrabbit.test.api.WorkspaceCopyBetweenWorkspacesSameNameSibsTest",2,0.00,2.50,22,0.32,8710.08,2,0,4,14,2,83.14,29,26,1,7,103.29,0.00,0.86,0.00,0,0.00,3,965.47,0,0,1,org.apache.jackrabbit.test.api.AbstractWorkspaceSameNameSibsTest,0.00,12,6,5,0,12,2,0,10,186,1
"org.apache.jackrabbit.test.api.WorkspaceCopyBetweenWorkspacesTest",7,0.00,2.29,52,0.84,20607.63,7,0,10,30,3,63.86,57,77,1,6,111.97,0.00,0.83,0.00,0,0.00,4,2511.32,1,0,2,org.apache.jackrabbit.test.api.AbstractWorkspaceCopyBetweenTest,0.00,23,5,16,0,23,7,0,26,492,1
"org.apache.jackrabbit.test.api.WorkspaceCopyBetweenWorkspacesVersionableTest",1,0.00,3.00,12,0.19,6579.88,1,0,2,7,2,144.37,22,18,1,7,100.42,0.00,0.86,0.00,0,0.00,3,580.51,1,0,1,org.apache.jackrabbit.test.api.AbstractWorkspaceVersionableTest,0.00,6,6,3,0,6,1,0,10,119,1
"org.apache.jackrabbit.test.api.WorkspaceCopyReferenceableTest",1,0.00,1.00,9,0.12,2362.85,1,0,2,8,2,108.37,16,11,1,7,108.84,0.00,0.86,0.00,0,0.00,1,365.28,1,0,1,org.apache.jackrabbit.test.api.AbstractWorkspaceReferenceableTest,0.00,7,6,1,0,7,1,0,5,78,1
"org.apache.jackrabbit.test.api.WorkspaceCopySameNameSibsTest",2,0.00,2.50,22,0.31,8185.25,2,0,4,13,2,83.36,29,26,1,7,103.50,0.00,0.86,0.00,0,0.00,3,916.89,0,0,1,org.apache.jackrabbit.test.api.AbstractWorkspaceSameNameSibsTest,0.00,11,6,5,0,11,2,0,10,178,1
"org.apache.jackrabbit.test.api.WorkspaceCopyTest",6,0.00,2.17,46,0.67,15439.65,6,0,7,26,2,64.34,53,67,1,5,112.44,0.00,0.80,0.00,0,0.00,3,2007.49,0,0,1,org.apache.jackrabbit.test.api.AbstractWorkspaceCopyTest,0.00,20,4,13,0,20,6,0,24,401,1
"org.apache.jackrabbit.test.api.WorkspaceCopyVersionableTest",1,0.00,3.00,12,0.17,5606.47,1,0,2,6,2,144.91,22,18,1,7,100.97,0.00,0.86,0.00,0,0.00,3,511.11,1,0,1,org.apache.jackrabbit.test.api.AbstractWorkspaceVersionableTest,0.00,5,6,3,0,5,1,0,10,107,1
"org.apache.jackrabbit.test.api.WorkspaceMoveReferenceableTest",1,0.00,1.00,9,0.12,2362.85,1,0,2,8,2,117.97,17,11,1,7,108.84,0.00,0.86,0.00,0,0.00,1,365.28,1,0,1,org.apache.jackrabbit.test.api.AbstractWorkspaceReferenceableTest,0.00,7,6,1,0,7,1,0,6,78,1
"org.apache.jackrabbit.test.api.WorkspaceMoveSameNameSibsTest",2,0.00,2.50,24,0.34,9116.70,2,0,4,14,2,91.36,30,28,1,7,101.72,0.00,0.86,0.00,0,0.00,3,1019.18,0,0,1,org.apache.jackrabbit.test.api.AbstractWorkspaceSameNameSibsTest,0.00,12,6,5,0,12,2,0,11,193,1
"org.apache.jackrabbit.test.api.WorkspaceMoveTest",6,0.00,2.17,46,0.67,15439.65,6,0,7,26,2,64.34,52,67,1,5,112.44,0.00,0.80,0.00,0,0.00,3,2007.49,0,0,1,org.apache.jackrabbit.test.api.AbstractWorkspaceCopyTest,0.00,20,4,13,0,20,6,0,23,401,1
"org.apache.jackrabbit.test.api.WorkspaceMoveVersionableTest",1,0.00,3.00,12,0.17,5392.17,1,0,2,7,2,145.05,22,18,1,7,101.10,0.00,0.86,0.00,0,0.00,3,515.88,1,0,1,org.apache.jackrabbit.test.api.AbstractWorkspaceVersionableTest,0.00,6,6,3,0,6,1,0,10,107,1
"org.apache.jackrabbit.test.api.WorkspaceReadMethodsTest",5,0.00,1.40,29,0.30,5734.67,5,0,4,18,2,102.88,29,36,1,4,120.76,0.00,0.75,0.00,0,0.00,2,893.57,1,0,1,org.apache.jackrabbit.test.AbstractJCRTest,0.33,13,3,7,0,13,5,0,7,201,1
"org.apache.jackrabbit.name.IndexedElement",2,0.00,2.00,14,0.17,4516.47,4,2,5,10,3,152.79,4,20,1,1,112.91,0.00,0.00,0.50,0,2.00,3,501.95,0,1,2,java.lang.Object,0.00,8,0,4,0,8,1,1,2,109,0
"org.apache.jackrabbit.name.Name",6,0.00,1.33,27,0.28,9050.81,8,2,3,12,11,123.45,3,38,11,1,123.45,0.00,0.00,0.50,0,2.00,2,832.47,0,4,0,java.lang.Object,0.00,6,0,8,0,6,2,0,1,193,1
"org.apache.jackrabbit.name.NamedElement",2,1.00,2.50,14,0.17,4755.34,3,1,6,12,3,152.56,4,21,1,1,112.68,0.00,0.00,0.50,0,2.00,4,519.01,0,1,2,java.lang.Object,0.00,10,0,5,0,10,1,1,2,110,0
"org.apache.jackrabbit.name.ParentElement",4,0.67,1.00,9,0.07,1016.73,5,1,3,6,2,190.83,5,15,1,1,140.83,0.00,0.00,0.50,0,4.00,1,196.46,0,1,1,java.lang.Object,0.00,2,0,4,0,2,3,1,3,57,0
"org.apache.jackrabbit.name.Path",4,0.33,3.00,39,0.58,26886.70,6,2,10,24,9,125.63,15,61,2,1,105.01,0.00,0.00,0.25,1,8.00,6,1729.01,0,2,7,java.lang.Object,0.00,20,0,12,0,20,2,0,2,338,1
"org.apache.jackrabbit.name.PathElement",1,0.00,1.00,2,0.01,54.94,1,0,3,1,6,166.68,3,3,6,1,146.07,0.00,0.00,0.00,0,1.00,1,33.34,0,1,0,,0.00,0,0,1,0,0,0,0,1,13,0
"org.apache.jackrabbit.name.RootElement",4,0.67,1.00,9,0.07,1031.69,5,1,3,6,2,190.78,5,15,1,1,140.78,0.00,0.00,0.50,0,4.00,1,201.97,0,2,1,java.lang.Object,0.00,2,0,4,0,2,2,1,3,58,0
"org.apache.jackrabbit.name.ThisElement",4,0.67,1.00,9,0.06,865.43,5,1,1,5,2,191.38,5,14,1,1,141.38,0.00,0.00,0.50,0,4.00,1,167.25,0,2,1,java.lang.Object,0.00,1,0,4,0,1,2,1,3,51,0
"org.apache.jackrabbit.core.jndi.BindableRepository",12,0.03,1.08,42,0.44,7953.68,18,6,16,27,5,80.97,110,66,3,1,130.97,0.00,0.00,0.19,1,0.00,2,1323.86,0,8,3,java.lang.Object,0.00,15,0,13,0,15,4,3,27,321,0
"org.apache.jackrabbit.core.jndi.BindableRepositoryFactory",2,1.00,2.50,16,0.24,8116.22,3,1,7,12,1,60.58,16,27,1,1,108.69,0.00,0.00,0.50,0,2.00,4,731.93,0,1,1,java.lang.Object,0.00,10,0,5,0,10,1,1,5,144,1
"org.apache.jackrabbit.core.jndi.RegistryHelper",3,0.00,1.33,10,0.11,2229.24,3,0,3,7,3,82.05,31,20,2,1,130.53,0.00,0.00,0.00,0,3.00,2,321.88,0,0,1,java.lang.Object,0.00,4,0,4,0,4,3,0,4,75,1
"org.apache.jackrabbit.test.api.nodetype.CanAddChildNodeCallWithNodeTypeTest",7,0.25,2.14,58,0.86,23257.63,9,2,7,22,4,77.19,47,95,1,4,109.41,0.00,0.75,0.71,0,0.00,3,2576.09,2,0,3,org.apache.jackrabbit.test.AbstractJCRTest,0.57,15,3,15,0,15,7,0,10,496,1
"org.apache.jackrabbit.test.api.nodetype.CanAddChildNodeCallWithoutNodeTypeTest",7,0.00,1.86,43,0.59,13139.80,8,1,6,17,4,83.83,44,78,1,4,116.05,0.00,0.75,1.00,0,0.00,2,1760.23,2,0,3,org.apache.jackrabbit.test.AbstractJCRTest,0.57,10,3,13,0,10,7,0,9,357,1
"org.apache.jackrabbit.test.api.nodetype.CanRemoveItemTest",8,0.00,1.88,46,0.61,13007.73,9,1,7,20,4,101.62,44,86,1,4,119.50,0.00,0.75,1.00,0,0.00,2,1817.81,2,0,3,org.apache.jackrabbit.test.AbstractJCRTest,0.53,12,3,15,0,12,8,0,10,375,1
"org.apache.jackrabbit.test.api.nodetype.CanSetPropertyBinaryTest",6,0.00,2.17,79,1.58,76540.71,7,1,9,17,4,79.07,35,143,1,4,96.94,0.00,0.75,1.00,0,0.00,3,4728.19,2,0,3,org.apache.jackrabbit.test.AbstractJCRTest,0.62,11,3,13,0,11,6,0,8,827,1
"org.apache.jackrabbit.test.api.nodetype.CanSetPropertyBooleanTest",6,0.00,2.17,79,1.60,77275.44,7,1,9,17,4,64.68,36,144,1,4,96.91,0.00,0.75,1.00,0,0.00,3,4789.84,2,0,3,org.apache.jackrabbit.test.AbstractJCRTest,0.62,11,3,13,0,11,6,0,8,834,1
"org.apache.jackrabbit.test.api.nodetype.CanSetPropertyDateTest",6,0.00,2.17,89,1.98,101246.49,7,1,11,20,4,62.56,37,173,1,4,94.78,0.00,0.75,1.00,0,0.00,3,5946.21,2,0,3,org.apache.jackrabbit.test.AbstractJCRTest,0.62,14,3,13,0,14,6,0,10,996,1
"org.apache.jackrabbit.test.api.nodetype.CanSetPropertyDoubleTest",6,0.00,2.17,89,1.98,102560.28,7,1,11,20,4,76.86,35,173,1,4,94.74,0.00,0.75,1.00,0,0.00,3,5931.04,2,0,3,org.apache.jackrabbit.test.AbstractJCRTest,0.62,14,3,13,0,14,6,0,8,996,1
"org.apache.jackrabbit.test.api.nodetype.CanSetPropertyLongTest",6,0.00,2.17,89,1.98,102560.28,7,1,11,20,4,76.86,35,173,1,4,94.74,0.00,0.75,1.00,0,0.00,3,5931.04,2,0,3,org.apache.jackrabbit.test.AbstractJCRTest,0.62,14,3,13,0,14,6,0,8,996,1
"org.apache.jackrabbit.test.api.nodetype.CanSetPropertyMultipleTest",5,0.00,1.80,32,0.49,12987.85,6,1,8,17,4,82.73,31,56,1,4,114.95,0.00,0.75,1.00,0,0.00,2,1469.34,2,0,3,org.apache.jackrabbit.test.AbstractJCRTest,0.67,12,3,9,0,12,5,0,8,292,1
"org.apache.jackrabbit.test.api.nodetype.CanSetPropertyNameTest",6,0.00,2.17,94,2.04,99920.92,7,1,12,20,4,75.84,35,182,1,4,93.71,0.00,0.75,1.00,0,0.00,3,6111.06,2,0,3,org.apache.jackrabbit.test.AbstractJCRTest,0.62,14,3,13,0,14,6,0,8,1011,1
"org.apache.jackrabbit.test.api.nodetype.CanSetPropertyPathTest",6,0.00,2.17,91,1.93,95677.71,7,1,12,20,4,75.98,35,173,1,4,93.86,0.00,0.75,1.00,0,0.00,3,5785.91,2,0,3,org.apache.jackrabbit.test.AbstractJCRTest,0.62,14,3,13,0,14,6,0,8,971,1
"org.apache.jackrabbit.test.api.nodetype.CanSetPropertyStringTest",6,0.00,2.17,79,1.59,76399.36,7,1,9,17,4,79.07,35,145,1,4,96.94,0.00,0.75,1.00,0,0.00,3,4765.35,2,0,3,org.apache.jackrabbit.test.AbstractJCRTest,0.62,11,3,13,0,11,6,0,8,831,1
"org.apache.jackrabbit.test.api.nodetype.CanSetPropertyTest",5,0.00,1.80,30,0.45,10384.99,6,1,8,17,4,83.49,31,54,1,4,115.71,0.00,0.75,1.00,0,0.00,2,1338.80,2,0,3,org.apache.jackrabbit.test.AbstractJCRTest,0.67,12,3,9,0,12,5,0,8,270,1
"org.apache.jackrabbit.test.api.nodetype.NodeDefTest",10,0.03,3.30,118,1.32,43667.31,14,4,11,37,3,60.92,78,147,1,4,103.21,0.00,0.75,0.28,2,22.00,5,3952.33,2,0,2,org.apache.jackrabbit.test.AbstractJCRTest,0.47,27,3,33,0,27,10,0,28,767,1
"org.apache.jackrabbit.test.api.nodetype.NodeTypeManagerTest",6,0.10,1.83,35,0.45,9255.93,8,2,7,27,2,87.46,37,59,1,4,119.68,0.00,0.75,0.58,0,0.00,3,1355.64,3,0,1,org.apache.jackrabbit.test.AbstractJCRTest,0.62,21,3,11,0,21,6,0,12,290,1
"org.apache.jackrabbit.test.api.nodetype.NodeTypeTest",14,0.00,3.50,162,1.91,64077.86,17,3,12,49,3,70.82,87,240,1,4,103.04,0.00,0.75,0.33,2,0.00,6,5731.50,3,2,2,org.apache.jackrabbit.test.AbstractJCRTest,0.38,35,3,49,0,35,12,0,26,1088,1
"org.apache.jackrabbit.test.api.nodetype.NodeTypeUtil",10,0.00,12.40,435,5.60,1101035.24,10,0,22,62,15,32.22,128,543,15,1,69.79,0.00,0.00,0.00,2,10.00,71,16807.64,0,10,0,java.lang.Object,0.00,52,0,124,0,52,0,0,52,2653,1
"org.apache.jackrabbit.test.api.nodetype.PredefinedNodeTypeTest",26,0.42,1.62,173,2.06,109171.15,28,2,19,84,2,133.95,92,210,1,4,113.33,0.00,0.75,0.10,3,106.00,5,6189.10,2,3,1,org.apache.jackrabbit.test.AbstractJCRTest,0.24,58,3,42,0,58,23,0,31,1162,1
"org.apache.jackrabbit.test.api.nodetype.PredefinedNodeTypeTest$Comparator",1,0.00,3.00,10,0.14,6990.64,1,0,19,4,0,103.17,0,12,0,1,103.17,0.00,0.00,0.00,0,1.00,3,416.66,0,0,0,java.lang.Object,0.00,3,0,3,0,3,1,0,0,92,0
"org.apache.jackrabbit.test.api.nodetype.PredefinedNodeTypeTest$Comparator_0",1,0.00,3.00,10,0.11,4798.70,1,0,19,4,0,104.46,0,12,0,1,104.46,0.00,0.00,0.00,0,1.00,3,338.12,0,0,0,java.lang.Object,0.00,3,0,3,0,3,1,0,0,76,0
"org.apache.jackrabbit.test.api.nodetype.PropertyDefTest",11,0.08,4.36,164,2.27,112953.31,20,9,16,45,4,46.32,106,235,1,4,96.32,0.00,0.75,0.18,3,21.00,16,6804.19,2,0,3,org.apache.jackrabbit.test.AbstractJCRTest,0.44,34,3,48,0,34,11,0,35,1214,1
"org.apache.jackrabbit.test.api.nodetype.TestAll",1,0.00,1.00,22,0.28,10800.80,1,0,3,3,18,51.60,12,24,0,2,89.16,0.00,0.50,0.00,0,1.00,1,827.66,0,1,18,junit.framework.TestCase,0.00,2,1,1,0,2,0,0,3,167,1
"org.apache.jackrabbit.init.ExportDocViewTestData",15,0.15,1.20,123,1.53,33281.84,27,12,10,34,2,111.16,62,143,1,4,110.92,0.00,0.75,0.23,13,52.00,4,4599.47,1,0,1,org.apache.jackrabbit.test.AbstractJCRTest,0.18,19,3,18,0,19,15,0,27,944,1
"org.apache.jackrabbit.init.NodeTestData",2,1.43,2.50,48,0.73,29105.85,9,7,11,24,2,38.05,20,54,1,4,86.52,0.00,0.75,0.86,0,0.00,4,2201.83,1,0,1,org.apache.jackrabbit.test.AbstractJCRTest,0.44,22,3,5,0,22,2,0,13,384,1
"org.apache.jackrabbit.init.PropertyTestData",1,0.00,4.00,23,0.36,12269.66,2,1,7,15,2,39.21,10,28,1,4,87.69,0.00,0.75,1.00,0,0.00,4,1079.00,0,0,1,org.apache.jackrabbit.test.AbstractJCRTest,0.00,14,3,4,0,14,1,0,5,188,1
"org.apache.jackrabbit.init.QueryTestData",1,0.00,4.00,27,0.41,20673.72,2,1,4,13,2,45.74,12,32,1,4,83.31,0.00,0.75,1.00,0,0.00,4,1231.03,0,0,1,org.apache.jackrabbit.test.AbstractJCRTest,0.00,12,3,4,0,12,1,0,5,223,1
"org.apache.jackrabbit.init.TestAll",1,0.00,1.00,8,0.07,2228.14,1,0,3,3,4,73.39,12,10,0,2,110.95,0.00,0.50,0.00,0,1.00,1,223.66,0,1,4,junit.framework.TestCase,0.00,2,1,1,0,2,0,0,2,55,1
"org.apache.jackrabbit.webdav.jcr.lock.JcrActiveLock",13,0.19,1.46,43,0.38,6828.98,16,3,7,27,8,113.82,72,64,2,2,131.69,0.00,0.50,0.15,1,55.00,3,1150.65,0,4,6,org.apache.jackrabbit.webdav.lock.AbstractActiveLock,0.00,14,1,19,0,14,9,2,16,284,1
"org.apache.jackrabbit.webdav.jcr.lock.SessionScopedLockEntry",2,1.00,1.00,6,0.05,773.42,3,1,6,3,5,100.61,12,9,0,2,132.83,0.00,0.50,0.00,0,2.00,1,143.06,0,2,5,org.apache.jackrabbit.webdav.lock.AbstractLockEntry,0.00,1,1,2,0,1,0,0,3,40,1
"org.apache.jackrabbit.test.api.observation.AbstractObservationTest",11,0.40,1.45,49,0.63,15674.70,13,2,10,30,14,75.51,97,75,13,4,123.62,4.67,0.17,0.14,2,35.00,3,1885.48,1,1,1,org.apache.jackrabbit.test.AbstractJCRTest,0.22,19,3,16,14,19,10,0,14,414,2
"org.apache.jackrabbit.test.api.observation.AddEventListenerTest",7,0.00,1.29,81,1.21,34794.01,7,0,5,23,4,60.70,53,111,1,5,102.99,0.00,0.80,0.00,0,0.00,2,3630.81,3,1,3,org.apache.jackrabbit.test.api.observation.AbstractObservationTest,0.00,16,4,9,0,16,6,0,10,673,1
"org.apache.jackrabbit.test.api.observation.EventIteratorTest",3,0.00,1.67,47,0.59,15877.45,3,0,5,15,4,53.56,33,54,1,5,97.69,0.00,0.80,0.00,0,0.00,2,1770.04,2,0,3,org.apache.jackrabbit.test.api.observation.AbstractObservationTest,0.00,12,4,5,0,12,3,0,8,328,1
"org.apache.jackrabbit.test.api.observation.EventResult",5,0.00,2.00,30,0.28,5463.78,8,3,8,16,14,73.76,56,43,14,1,117.89,0.00,0.00,0.33,2,2.00,3,845.75,0,3,0,java.lang.Object,0.00,11,0,10,0,11,2,1,11,195,1
"org.apache.jackrabbit.test.api.observation.EventTest",3,0.00,1.00,33,0.42,8149.26,3,0,3,13,3,62.82,22,37,1,5,105.11,0.00,0.80,0.00,0,0.00,1,1256.61,2,0,2,org.apache.jackrabbit.test.api.observation.AbstractObservationTest,0.00,10,4,3,0,10,3,0,4,243,1
"org.apache.jackrabbit.test.api.observation.GetRegisteredEventListenersTest",2,0.00,1.00,21,0.24,6030.45,2,0,2,5,3,74.08,12,24,1,5,106.30,0.00,0.80,0.00,0,0.00,1,725.25,3,0,2,org.apache.jackrabbit.test.api.observation.AbstractObservationTest,0.00,3,4,2,0,3,2,0,2,152,1
"org.apache.jackrabbit.test.api.observation.LockingTest",3,0.00,2.67,56,0.76,26224.52,3,0,5,18,3,48.78,33,54,1,5,92.91,0.00,0.80,0.00,1,0.00,3,2285.30,2,1,2,org.apache.jackrabbit.test.api.observation.AbstractObservationTest,0.00,15,4,8,0,15,2,0,6,397,1
"org.apache.jackrabbit.test.api.observation.NodeAddedTest",4,0.00,1.00,37,0.45,9306.06,4,0,3,9,3,66.60,29,42,1,5,108.89,0.00,0.80,0.00,0,0.00,1,1340.86,3,0,2,org.apache.jackrabbit.test.api.observation.AbstractObservationTest,0.00,5,4,4,0,5,4,0,5,272,1
"org.apache.jackrabbit.test.api.observation.NodeMovedTest",3,0.00,1.00,51,0.75,22884.22,3,0,3,10,3,133.83,64,55,1,5,94.53,0.00,0.80,0.00,0,0.00,1,2244.95,4,0,2,org.apache.jackrabbit.test.api.observation.AbstractObservationTest,0.00,7,4,3,0,7,3,0,9,415,1
"org.apache.jackrabbit.test.api.observation.NodeRemovedTest",2,0.00,1.00,22,0.26,5683.06,2,0,3,7,3,60.83,22,25,1,5,104.96,0.00,0.80,0.00,0,0.00,1,780.98,3,0,2,org.apache.jackrabbit.test.api.observation.AbstractObservationTest,0.00,5,4,2,0,5,2,0,3,157,1
"org.apache.jackrabbit.test.api.observation.NodeReorderTest",3,0.00,5.67,101,1.49,91431.72,3,0,4,17,4,92.43,102,113,1,5,78.65,0.00,0.80,0.00,0,0.00,6,4466.80,4,0,3,org.apache.jackrabbit.test.api.observation.AbstractObservationTest,0.00,14,4,17,0,14,3,0,36,739,1
"org.apache.jackrabbit.test.api.observation.PropertyAddedTest",3,0.00,1.33,37,0.48,12114.70,3,0,5,13,3,52.28,28,40,1,5,102.28,0.00,0.80,0.00,0,0.00,2,1451.08,3,0,2,org.apache.jackrabbit.test.api.observation.AbstractObservationTest,0.00,10,4,4,0,10,3,0,4,274,1
"org.apache.jackrabbit.test.api.observation.PropertyChangedTest",4,0.00,1.75,65,1.04,45926.22,4,0,8,24,4,45.51,43,72,1,5,93.98,0.00,0.80,0.00,0,0.00,4,3125.82,3,0,3,org.apache.jackrabbit.test.api.observation.AbstractObservationTest,0.00,20,4,7,0,20,4,0,7,540,1
"org.apache.jackrabbit.test.api.observation.PropertyRemovedTest",2,0.00,1.00,26,0.35,8251.55,2,0,4,8,3,56.85,23,30,1,5,100.98,0.00,0.80,0.00,0,0.00,1,1046.31,3,0,2,org.apache.jackrabbit.test.api.observation.AbstractObservationTest,0.00,6,4,2,0,6,2,0,3,199,1
"org.apache.jackrabbit.test.api.observation.TestAll",1,0.00,1.00,17,0.20,7463.72,1,0,3,3,13,46.13,10,19,0,2,94.60,0.00,0.50,0.00,0,1.00,1,597.20,0,1,13,junit.framework.TestCase,0.00,2,1,1,0,2,0,0,2,127,1
"org.apache.jackrabbit.test.api.observation.WorkspaceOperationTest",3,0.00,1.00,44,0.66,18361.59,3,0,3,11,3,48.43,28,48,1,5,98.43,0.00,0.80,0.00,0,0.00,1,1975.37,4,0,2,org.apache.jackrabbit.test.api.observation.AbstractObservationTest,0.00,8,4,3,0,8,3,0,4,367,1
"org.apache.jackrabbit.webdav.simple.DavResourceImpl",37,0.02,2.86,263,3.54,123411.86,46,9,15,119,28,111.73,173,381,2,1,111.49,0.00,0.00,0.13,12,546.00,7,10626.28,0,9,27,java.lang.Object,0.00,82,0,106,0,82,28,2,66,2075,1
"org.apache.jackrabbit.webdav.simple.DavSessionImpl",7,0.25,1.00,17,0.14,1815.71,9,2,3,13,2,141.00,28,25,1,1,140.76,0.00,0.00,0.29,0,15.00,1,416.43,0,2,1,java.lang.Object,0.00,6,0,7,0,6,5,1,10,116,1
"org.apache.jackrabbit.webdav.simple.DavSessionProviderImpl",2,0.00,2.50,12,0.18,4035.73,2,0,5,11,10,95.59,28,20,1,1,115.74,0.00,0.00,0.00,0,2.00,4,541.45,0,0,9,java.lang.Object,0.00,9,0,5,0,9,2,1,7,110,1
"org.apache.jackrabbit.webdav.simple.LocatorFactoryImpl",3,0.50,1.67,16,0.20,6180.06,5,2,2,9,3,158.60,7,22,1,1,118.71,0.00,0.00,0.17,0,4.00,3,591.71,0,0,2,java.lang.Object,0.00,6,0,5,0,6,3,1,5,132,1
"org.apache.jackrabbit.webdav.simple.LocatorFactoryImpl$Locator",12,0.12,1.33,39,0.35,7508.08,15,3,2,19,2,181.12,16,55,0,1,131.12,0.00,0.00,0.22,3,40.00,2,1035.10,0,5,2,java.lang.Object,0.00,7,0,16,0,7,7,1,4,261,1
"org.apache.jackrabbit.webdav.simple.NodeResource",10,0.00,1.40,45,0.50,11887.65,18,8,10,28,4,81.96,74,64,1,1,124.25,0.00,0.00,0.12,0,66.00,3,1488.43,0,6,4,java.lang.Object,0.00,18,0,14,0,18,4,0,14,316,1
"org.apache.jackrabbit.webdav.simple.ResourceFactoryImpl",3,1.00,1.33,12,0.13,2451.30,4,1,4,7,11,175.54,3,19,1,1,125.54,0.00,0.00,0.33,1,4.00,2,375.76,0,0,10,java.lang.Object,0.00,4,0,4,0,4,3,1,1,89,1
"org.apache.jackrabbit.webdav.jcr.property.LengthsProperty",2,1.00,1.50,14,0.14,3605.84,3,1,3,5,3,65.64,16,15,1,2,113.74,0.00,0.50,0.50,0,2.00,2,432.86,0,1,2,org.apache.jackrabbit.webdav.property.AbstractDavProperty,0.00,3,1,3,0,3,1,1,3,94,1
"org.apache.jackrabbit.webdav.jcr.property.ValuesProperty",4,0.33,2.50,39,0.52,19941.29,5,1,11,22,5,56.08,38,44,1,2,106.08,0.00,0.50,0.75,1,0.00,5,1556.32,0,2,4,org.apache.jackrabbit.webdav.property.AbstractDavProperty,0.00,18,1,10,0,18,2,1,9,304,1
"org.apache.jackrabbit.core.security.AMContext",6,0.04,1.00,22,0.15,1838.37,11,5,4,6,6,83.62,55,33,4,1,133.62,0.00,0.00,0.17,0,26.00,1,445.88,0,5,2,java.lang.Object,0.00,0,0,6,0,0,1,0,12,118,1
"org.apache.jackrabbit.core.security.AccessManager",5,3.00,1.00,9,0.08,496.43,8,3,5,5,10,135.13,72,13,8,1,155.27,0.00,0.00,0.00,0,5.00,1,238.75,0,0,2,,0.00,0,0,5,0,0,5,0,9,70,1
"org.apache.jackrabbit.core.security.AnonymousPrincipal",5,0.75,1.40,15,0.09,1176.27,6,1,2,6,2,174.34,10,23,2,1,134.45,0.00,0.00,0.40,0,7.00,3,268.38,0,2,0,java.lang.Object,0.00,1,0,7,0,1,3,2,4,76,1
"org.apache.jackrabbit.core.security.AuthContext",3,0.00,1.00,6,0.04,452.16,3,0,9,3,7,105.06,38,7,5,1,142.62,0.00,0.00,0.00,0,3.00,1,123.74,0,1,2,java.lang.Object,0.00,0,0,3,2,0,2,0,6,41,2
"org.apache.jackrabbit.core.security.AuthContext$JAAS",4,0.33,1.00,10,0.09,1085.23,5,1,9,9,2,140.84,16,15,0,2,140.61,0.00,0.50,0.75,0,0.00,1,257.11,0,1,2,org.apache.jackrabbit.core.security.AuthContext,0.86,5,1,4,0,5,3,0,4,71,2
"org.apache.jackrabbit.core.security.AuthContext$Local",4,4.00,2.00,24,0.26,6183.16,8,4,9,12,4,116.94,17,40,0,2,116.70,0.00,0.50,0.00,2,4.00,4,790.51,0,1,4,org.apache.jackrabbit.core.security.AuthContext,0.86,8,1,8,0,8,3,0,5,178,2
"org.apache.jackrabbit.core.security.CredentialsCallback",3,1.00,1.00,7,0.04,385.42,4,1,3,3,2,125.29,16,11,2,1,143.16,0.00,0.00,0.33,0,4.00,1,118.49,0,1,0,java.lang.Object,0.00,0,0,3,0,0,2,2,4,37,1
"org.apache.jackrabbit.core.security.CredentialsCallbackHandler",2,1.00,3.00,22,0.27,16399.83,3,1,8,8,3,58.79,15,27,2,1,101.08,0.00,0.00,0.50,0,2.00,5,820.12,0,0,1,java.lang.Object,0.00,6,0,6,0,6,2,1,7,161,1
"org.apache.jackrabbit.core.security.SimpleAccessManager",6,0.30,2.67,42,0.43,10172.85,12,6,8,13,6,81.60,36,64,0,1,113.82,0.00,0.00,0.42,0,0.00,5,1290.66,0,0,6,java.lang.Object,0.00,7,0,16,0,7,6,1,18,276,1
"org.apache.jackrabbit.core.security.SimpleLoginModule",6,0.09,2.83,64,0.76,31200.84,15,9,14,28,4,61.90,46,86,0,1,104.20,0.00,0.00,0.19,1,0.00,9,2268.14,0,0,4,java.lang.Object,0.00,22,0,17,0,22,6,1,26,429,1
"org.apache.jackrabbit.core.security.SystemPrincipal",5,0.75,1.40,15,0.09,1176.27,6,1,2,6,2,174.34,10,23,2,1,134.45,0.00,0.00,0.40,0,7.00,3,268.38,0,2,0,java.lang.Object,0.00,1,0,7,0,1,3,2,4,76,1
"org.apache.jackrabbit.core.security.UserPrincipal",5,0.25,1.60,19,0.14,2767.72,6,1,2,8,2,171.38,13,28,2,1,131.49,0.00,0.00,0.80,0,0.00,3,417.31,0,2,0,java.lang.Object,0.00,3,0,8,0,3,3,2,4,108,1
"org.apache.jackrabbit.core.nodetype.virtual.VirtualNodeTypeStateManager",8,0.12,1.75,57,0.86,19137.33,15,7,17,35,13,62.74,72,96,1,1,112.74,0.00,0.00,0.25,4,14.00,3,2567.02,0,1,12,java.lang.Object,0.00,27,0,14,0,27,7,1,18,524,1
"org.apache.jackrabbit.core.nodetype.virtual.VirtualNodeTypeStateProvider",11,1.00,2.18,106,1.86,78546.82,12,1,20,59,15,72.66,75,129,1,2,104.88,0.00,0.50,0.09,4,40.00,4,5594.04,2,6,14,org.apache.jackrabbit.core.virtual.AbstractVISProvider,0.05,48,1,24,0,48,5,0,24,1004,1
"org.apache.jackrabbit.JcrConstants",0,0.00,0.00,77,1.68,26250.01,76,76,0,0,4,171.00,231,78,4,1,171.00,0.00,0.00,0.00,0,0.00,0,5043.67,0,0,0,,0.00,0,0,0,0,0,0,0,77,688,1
"org.apache.jackrabbit.webdav.observation.EventDiscovery",2,0.00,1.50,10,0.10,1737.28,4,2,4,7,9,73.21,20,14,8,1,121.69,0.00,0.00,0.50,0,0.00,2,285.39,0,1,1,java.lang.Object,0.00,5,0,3,0,5,1,1,3,71,1
"org.apache.jackrabbit.webdav.observation.ObservationConstants",0,0.00,0.00,21,0.38,7227.19,20,20,2,2,6,171.00,45,22,5,1,171.00,0.00,0.00,0.00,0,0.00,0,1126.63,0,0,1,,0.00,2,0,0,0,2,0,0,11,194,1
"org.apache.jackrabbit.webdav.observation.ObservationDavServletRequest",2,0.00,1.00,3,0.01,65.85,2,0,1,2,2,109.05,18,4,0,2,159.05,0.00,0.50,0.00,0,2.00,1,38.73,0,2,2,,0.00,0,1,2,0,0,0,0,3,16,1
"org.apache.jackrabbit.webdav.observation.ObservationDavServletResponse",2,0.00,1.00,3,0.02,145.14,2,0,2,2,4,108.24,17,4,1,2,156.35,0.00,0.50,0.00,0,2.00,1,72.57,0,0,3,,0.00,0,1,2,0,0,2,0,3,24,1
"org.apache.jackrabbit.webdav.observation.ObservationResource",5,2.00,1.00,8,0.07,490.86,7,2,3,5,11,107.21,41,9,5,2,155.31,0.00,0.50,0.00,0,5.00,1,200.38,0,3,7,,0.00,0,1,5,0,0,2,0,6,61,1
"org.apache.jackrabbit.webdav.observation.Subscription",2,0.00,1.00,3,0.01,46.83,2,0,1,2,9,110.22,18,4,9,1,160.22,0.00,0.00,0.00,0,2.00,1,31.22,0,2,0,,0.00,0,0,2,0,0,0,0,3,14,1
"org.apache.jackrabbit.webdav.observation.SubscriptionDiscovery",4,0.67,1.75,20,0.17,3846.74,5,1,2,7,7,79.02,28,25,4,2,121.31,0.00,0.50,0.50,0,4.00,2,513.92,1,2,3,org.apache.jackrabbit.webdav.property.AbstractDavProperty,0.20,3,1,7,0,3,2,0,5,124,1
"org.apache.jackrabbit.webdav.observation.SubscriptionInfo",8,0.03,1.75,43,0.47,13126.51,13,5,4,22,10,77.19,58,55,8,1,119.48,0.00,0.00,0.22,1,22.00,4,1414.70,0,3,2,java.lang.Object,0.00,14,0,14,0,14,5,1,10,302,1
"org.apache.jackrabbit.webdav.observation.SubscriptionManager",4,0.00,1.00,5,0.05,289.90,4,0,1,4,10,108.25,33,10,5,1,156.35,0.00,0.00,0.00,0,4.00,1,151.86,0,2,6,,0.00,0,0,4,0,0,2,0,5,46,1
"org.apache.jackrabbit.base.nodetype.BaseItemDef",6,0.00,1.00,13,0.06,430.68,6,0,3,6,2,195.16,9,20,2,1,145.16,0.00,0.00,0.00,0,6.00,1,168.73,0,2,0,java.lang.Object,0.00,0,0,6,2,0,4,1,7,56,1
"org.apache.jackrabbit.base.nodetype.BaseNodeDef",3,0.00,1.00,7,0.04,366.03,3,0,2,3,1,183.23,6,11,0,2,143.34,0.00,0.50,0.00,0,3.00,1,111.86,0,2,1,org.apache.jackrabbit.base.nodetype.BaseItemDef,0.00,0,1,3,0,0,1,1,4,36,1
"org.apache.jackrabbit.base.nodetype.BaseNodeType",18,0.00,2.17,118,1.09,33214.68,18,0,8,33,0,166.08,21,137,0,1,116.08,0.00,0.00,0.00,9,18.00,5,3271.22,0,10,0,java.lang.Object,0.00,15,0,39,2,15,8,1,19,715,1
"org.apache.jackrabbit.base.nodetype.BaseNodeTypeManager",4,0.33,2.50,27,0.33,9387.83,5,1,7,13,1,71.09,44,42,0,1,115.22,0.00,0.00,0.75,1,0.00,3,992.18,0,4,1,java.lang.Object,0.00,9,0,10,1,9,0,1,6,211,1
"org.apache.jackrabbit.base.nodetype.BasePropertyDef",4,0.00,1.00,9,0.05,390.83,4,0,3,4,1,194.10,7,14,0,2,144.10,0.00,0.50,0.00,0,4.00,1,138.28,0,2,1,org.apache.jackrabbit.base.nodetype.BaseItemDef,0.00,0,1,4,0,0,2,1,5,44,1
"org.apache.jackrabbit.core.version.GenericVersionSelector",15,0.12,1.53,58,0.54,16508.04,19,4,5,23,3,86.86,108,85,2,1,129.15,0.00,0.00,0.13,0,64.00,5,1609.82,0,7,1,java.lang.Object,0.00,8,0,23,0,8,8,1,20,375,1
"org.apache.jackrabbit.core.version.HistoryRootNodeState",7,0.17,2.43,46,0.54,12945.91,9,2,8,17,6,83.82,46,71,1,4,116.04,0.00,0.75,0.36,1,4.00,4,1610.18,1,3,6,org.apache.jackrabbit.core.virtual.VirtualNodeState,0.04,10,3,17,0,10,4,0,16,337,1
"org.apache.jackrabbit.core.version.InternalFreeze",1,0.00,1.00,2,0.01,44.19,1,0,1,1,5,96.82,9,3,4,2,146.81,0.00,0.50,0.00,0,1.00,1,26.09,0,1,1,,0.00,0,1,1,0,0,0,0,2,11,1
"org.apache.jackrabbit.core.version.InternalFrozenNode",6,0.00,1.00,7,0.03,141.83,6,0,3,6,9,127.96,37,8,6,2,160.18,0.00,0.50,0.00,0,6.00,1,92.48,0,4,3,,0.00,0,1,6,0,0,2,0,7,38,1
"org.apache.jackrabbit.core.version.InternalFrozenVersionHistory",4,0.00,1.00,5,0.02,98.72,4,0,1,4,6,117.74,30,7,4,2,160.04,0.00,0.50,0.00,0,4.00,1,65.11,0,3,2,,0.00,0,1,4,0,0,1,0,5,27,1
"org.apache.jackrabbit.core.version.InternalVersion",10,0.00,1.00,11,0.04,159.45,10,0,2,10,22,129.31,61,12,20,2,161.53,0.00,0.50,0.00,0,10.00,1,123.94,0,7,3,,0.00,0,1,10,0,0,3,0,11,54,1
"org.apache.jackrabbit.core.version.InternalVersionHistory",13,0.00,1.00,14,0.07,297.70,13,0,4,13,16,118.00,93,16,15,2,160.29,0.00,0.50,0.00,0,13.00,1,221.26,0,4,2,,0.00,0,1,13,0,0,9,0,14,84,1
"org.apache.jackrabbit.core.version.InternalVersionItem",2,0.00,1.00,3,0.01,31.00,2,0,0,2,13,113.52,16,4,13,1,161.63,0.00,0.00,0.00,0,2.00,1,26.00,0,2,0,,0.00,0,0,2,0,0,0,0,3,13,1
"org.apache.jackrabbit.core.version.InternalVersionLabels",0,0.00,0.00,1,0.01,31.02,0,0,0,0,1,171.00,6,2,1,2,171.00,0.00,0.50,0.00,0,0.00,0,15.51,0,0,0,,0.00,0,1,0,0,0,0,0,1,6,1
"org.apache.jackrabbit.core.version.PersistentVersionManager",15,0.00,1.00,16,0.10,414.31,15,0,5,15,14,127.43,101,22,9,1,159.65,0.00,0.00,0.00,0,15.00,1,302.27,0,6,5,,0.00,0,0,15,0,0,9,0,16,109,1
"org.apache.jackrabbit.core.version.VersionHistoryImpl",18,0.47,2.28,96,1.37,41568.44,19,1,19,44,16,118.49,81,159,4,3,118.25,0.00,0.67,0.56,2,0.00,4,4122.94,0,10,14,org.apache.jackrabbit.core.NodeImpl,0.03,26,2,41,0,26,8,1,21,852,1
"org.apache.jackrabbit.core.version.VersionHistoryNodeState",7,0.17,2.57,48,0.59,14964.18,8,1,8,18,7,97.66,36,71,1,4,115.53,0.00,0.75,0.86,0,0.00,5,1781.12,5,3,7,org.apache.jackrabbit.core.virtual.VirtualNodeState,0.04,11,3,18,0,11,4,1,13,377,1
"org.apache.jackrabbit.core.version.VersionImpl",10,0.33,1.30,40,0.41,11094.13,11,1,14,17,12,106.63,56,51,6,3,124.50,0.00,0.67,0.70,1,0.00,2,1228.56,1,6,8,org.apache.jackrabbit.core.NodeImpl,0.03,7,2,13,0,7,4,1,15,287,1
"org.apache.jackrabbit.core.version.VersionItemStateProvider",8,0.16,3.50,122,2.01,118333.21,15,7,16,65,25,44.00,73,151,5,2,94.00,0.00,0.50,0.29,1,0.00,8,6039.46,2,4,24,org.apache.jackrabbit.core.virtual.AbstractVISProvider,0.06,57,1,28,0,57,4,0,30,1051,1
"org.apache.jackrabbit.core.version.VersionIteratorImpl",9,0.08,1.56,39,0.34,7838.57,12,3,7,22,2,107.42,50,52,1,1,125.29,0.00,0.00,0.26,2,16.00,3,1005.66,0,2,1,java.lang.Object,0.00,13,0,14,0,13,7,1,13,236,1
"org.apache.jackrabbit.core.version.VersionLabelsNodeState",8,0.29,2.38,55,0.69,24074.56,10,2,13,26,10,154.27,19,73,1,4,114.38,0.00,0.75,0.25,3,20.00,6,2055.58,5,5,10,org.apache.jackrabbit.core.virtual.VirtualNodeState,0.08,18,3,19,0,18,3,1,5,423,1
"org.apache.jackrabbit.core.version.VersionManager",16,0.00,1.00,17,0.12,501.65,16,0,9,16,12,116.93,125,20,5,1,159.22,0.00,0.00,0.00,0,16.00,1,363.10,0,9,7,,0.00,0,0,16,0,0,7,0,18,125,1
"org.apache.jackrabbit.core.version.VersionManagerImpl",19,0.06,1.58,110,1.83,54688.38,26,7,24,77,23,69.48,158,188,1,1,117.58,0.00,0.00,0.20,2,0.00,4,5498.70,0,8,22,java.lang.Object,0.00,58,0,30,0,58,11,2,37,1085,1
"org.apache.jackrabbit.core.version.VersionNodeState",2,1.00,4.50,32,0.46,25153.10,3,1,7,13,8,44.98,21,37,1,4,93.45,0.00,0.75,0.50,0,2.00,7,1386.69,3,1,8,org.apache.jackrabbit.core.virtual.VirtualNodeState,0.00,11,3,9,0,11,1,0,6,261,1
"org.apache.jackrabbit.core.version.VersionSelector",1,0.00,1.00,2,0.01,51.00,1,0,3,1,3,108.76,12,3,3,1,146.32,0.00,0.00,0.00,0,1.00,1,34.00,0,1,0,,0.00,0,0,1,0,0,0,0,2,13,1
"org.apache.jackrabbit.core.state.orm.ojb.OJBNodeState",13,0.17,1.00,35,0.25,3351.74,17,4,7,16,4,140.78,4,49,1,2,140.78,0.00,0.50,0.10,0,64.00,1,756.73,1,5,3,org.apache.jackrabbit.core.state.orm.ORMNodeState,0.22,3,1,13,0,3,8,1,1,212,1
"org.apache.jackrabbit.core.state.orm.ojb.OJBPersistenceManager",18,0.35,3.61,227,3.44,172342.64,20,2,30,101,19,119.71,66,427,0,1,99.10,0.00,0.00,0.17,3,74.00,14,10309.24,0,5,19,java.lang.Object,0.00,83,0,65,0,83,13,1,27,1841,1
"org.apache.jackrabbit.core.state.orm.ojb.ValuesToStringFieldConversion",4,0.17,1.75,24,0.28,9358.67,6,2,5,15,2,165.31,4,30,1,1,115.31,0.00,0.00,0.38,0,4.00,3,833.05,0,2,1,java.lang.Object,0.00,11,0,7,0,11,2,1,1,179,1
"org.apache.jackrabbit.webdav.property.AbstractDavProperty",6,0.27,2.17,36,0.38,14835.69,9,3,4,16,16,66.60,60,47,14,1,115.08,0.00,0.00,0.11,1,14.00,5,1147.40,0,2,2,java.lang.Object,0.00,10,0,13,16,10,4,1,7,262,2
"org.apache.jackrabbit.webdav.property.DavProperty",4,0.00,1.00,5,0.02,100.68,4,0,2,4,20,115.84,47,6,18,2,159.97,0.00,0.50,0.00,0,4.00,1,61.95,0,3,2,,0.00,0,1,4,0,0,1,0,5,26,1
"org.apache.jackrabbit.webdav.property.DavPropertyIterator",1,0.00,1.00,2,0.01,70.32,1,0,2,1,5,96.75,10,3,4,2,145.23,0.00,0.50,0.00,0,1.00,1,35.16,0,1,1,,0.00,0,1,1,0,0,0,0,2,13,1
"org.apache.jackrabbit.webdav.property.DavPropertyName",10,0.01,1.70,58,0.77,27480.97,25,15,4,24,35,75.43,79,76,34,1,117.72,0.00,0.00,0.07,1,14.00,4,2300.07,0,7,1,java.lang.Object,0.00,14,0,17,0,14,3,1,20,484,1
"org.apache.jackrabbit.webdav.property.DavPropertyNameSet",5,1.00,1.80,26,0.28,9385.01,6,1,6,14,17,76.72,38,33,15,2,119.01,0.00,0.50,0.00,1,5.00,4,826.71,1,0,2,java.util.HashSet,0.00,9,1,9,0,9,5,0,7,178,1
"org.apache.jackrabbit.webdav.property.DavPropertySet",14,0.54,1.00,32,0.31,4356.47,15,1,3,27,14,97.85,111,47,10,1,140.14,0.00,0.00,0.50,3,14.00,1,925.90,0,0,4,java.lang.Object,0.00,13,0,14,0,13,14,0,18,254,1
"org.apache.jackrabbit.webdav.property.DavPropertySet$PropIter",7,0.06,1.43,28,0.21,3713.41,10,3,3,14,2,147.62,25,39,0,1,127.00,0.00,0.00,0.29,2,11.00,3,618.73,0,1,2,java.lang.Object,0.00,7,0,10,0,7,6,1,10,159,1
"org.apache.jackrabbit.webdav.property.DefaultDavProperty",6,0.50,1.67,32,0.33,12027.00,8,2,5,14,15,70.33,64,45,13,2,118.81,2.00,0.25,0.08,0,10.00,5,1003.55,0,2,2,org.apache.jackrabbit.webdav.property.AbstractDavProperty,0.00,8,1,10,2,8,4,0,8,219,1
"org.apache.jackrabbit.webdav.property.HrefProperty",6,0.20,2.67,50,0.63,25862.13,8,2,7,24,11,59.99,61,62,7,2,108.47,0.00,0.50,0.33,1,6.00,7,1886.26,1,3,4,org.apache.jackrabbit.webdav.property.AbstractDavProperty,0.17,18,1,16,0,18,3,0,7,375,1
"org.apache.jackrabbit.webdav.property.ResourceType",5,0.00,1.80,22,0.21,4267.71,8,3,1,9,5,83.03,36,31,3,2,125.32,1.00,0.33,0.33,1,6.00,2,628.13,1,2,2,org.apache.jackrabbit.webdav.property.AbstractDavProperty,0.18,4,1,9,1,4,3,0,8,152,1
"org.apache.jackrabbit.tck.j.RepositoryServlet",7,0.15,2.86,89,1.23,70800.16,18,11,11,32,3,66.74,44,116,1,2,98.96,0.00,0.50,0.22,2,13.00,11,3677.55,2,3,2,javax.servlet.http.HttpServlet,0.00,25,1,20,0,25,4,0,26,645,1
"org.apache.jackrabbit.core.query.lucene.AbstractIndex",13,0.11,2.54,95,0.89,25710.68,23,10,10,30,3,81.08,79,132,2,1,113.31,0.00,0.00,0.20,4,0.00,7,2659.57,0,3,1,java.lang.Object,0.00,17,0,33,2,17,10,0,29,583,1
"org.apache.jackrabbit.core.query.lucene.AbstractIndex$LoggingPrintStream",3,0.50,1.00,10,0.08,928.25,4,1,10,8,0,133.59,2,17,0,2,133.59,0.00,0.50,0.67,0,1.00,1,239.79,0,0,0,java.io.PrintStream,0.00,5,1,3,0,5,3,0,2,65,3
"org.apache.jackrabbit.core.query.lucene.AbstractIndex$LoggingPrintStream$OutputStream",1,0.00,1.00,2,0.01,41.48,1,0,10,1,0,147.03,0,0,0,1,147.03,0.00,0.00,0.00,0,1.00,1,27.65,0,0,0,java.lang.Object,0.00,0,0,1,0,0,1,0,0,11,0
"org.apache.jackrabbit.core.query.lucene.CachingIndexReader",6,0.20,3.00,77,0.96,39094.11,10,4,14,29,3,71.08,78,95,2,2,100.46,0.00,0.50,0.42,1,2.00,5,2882.87,2,2,1,org.apache.lucene.index.FilterIndexReader,0.00,23,1,18,0,23,4,0,15,545,0
"org.apache.jackrabbit.core.query.lucene.CachingIndexReader$CachingTermDocs",10,0.39,1.10,26,0.19,2562.06,12,2,14,16,0,141.02,40,36,0,1,140.78,0.00,0.00,0.15,0,22.00,2,567.31,0,0,0,java.lang.Object,0.00,6,0,11,0,6,10,1,12,159,3
"org.apache.jackrabbit.core.query.lucene.CachingIndexReader$TermDocs",8,0.00,1.00,14,0.07,606.01,8,0,14,8,0,156.20,0,22,0,1,156.20,0.00,0.00,0.00,0,8.00,1,221.62,0,0,0,java.lang.Object,0.00,0,0,8,0,0,8,0,0,73,0
"org.apache.jackrabbit.core.query.lucene.CachingMultiReader",2,0.50,5.00,41,0.46,32485.82,4,2,6,8,3,115.22,38,39,1,2,88.94,0.00,0.50,0.75,0,0.00,6,1393.62,1,1,2,org.apache.lucene.index.MultiReader,0.00,6,1,10,0,6,1,0,9,274,0
"org.apache.jackrabbit.core.query.lucene.CachingMultiReader$MultiTermDocs",9,0.03,1.44,41,0.35,10755.13,13,4,6,13,0,106.35,45,49,0,1,124.22,0.00,0.00,0.28,0,16.00,3,1053.15,0,0,0,java.lang.Object,0.00,4,0,13,0,4,9,1,15,254,3
"org.apache.jackrabbit.core.query.lucene.CachingMultiReader$OffsetTermDocs",9,0.25,1.00,22,0.16,1939.55,11,2,6,14,0,162.01,35,32,0,1,141.40,0.00,0.00,0.28,0,13.00,1,484.00,0,0,0,java.lang.Object,0.00,5,0,9,0,5,9,1,11,140,3
"org.apache.jackrabbit.core.query.lucene.ChildAxisQuery",4,6.00,1.00,20,0.17,2062.54,10,6,23,5,8,123.10,65,24,2,2,123.57,0.00,0.50,0.00,0,4.00,1,512.64,0,2,6,org.apache.lucene.search.Query,0.00,1,1,4,0,1,2,0,15,127,0
"org.apache.jackrabbit.core.query.lucene.ChildAxisQuery$ChildAxisScorer",7,0.04,3.71,87,1.36,145876.60,11,4,23,35,6,54.14,53,107,0,2,96.43,0.00,0.50,0.29,1,7.00,20,4072.53,0,1,6,org.apache.lucene.search.Scorer,0.00,28,1,26,0,28,6,0,27,679,1
"org.apache.jackrabbit.core.query.lucene.ChildAxisQuery$ChildAxisScorer$HitCollector",1,0.00,1.00,3,0.02,168.11,1,0,23,1,0,185.68,1,4,0,1,135.68,0.00,0.00,0.00,0,0.00,1,63.51,0,0,0,java.lang.Object,0.00,0,0,1,0,0,1,0,1,19,0
"org.apache.jackrabbit.core.query.lucene.ChildAxisQuery$ChildAxisScorer$HitCollector_0",1,0.00,1.00,3,0.02,168.11,1,0,23,2,0,135.68,0,4,0,1,135.68,0.00,0.00,0.00,0,1.00,1,63.51,0,0,0,java.lang.Object,0.00,1,0,1,0,1,1,0,0,19,0
"org.apache.jackrabbit.core.query.lucene.ChildAxisQuery$ChildAxisWeight",7,1.00,1.14,18,0.18,3155.98,8,1,23,14,2,120.97,36,27,0,1,138.84,0.00,0.00,0.14,0,12.00,2,532.50,0,3,2,java.lang.Object,0.00,7,0,8,0,7,4,1,11,133,1
"org.apache.jackrabbit.core.query.lucene.DateField",5,0.12,1.80,34,0.43,14282.50,9,4,1,15,2,72.33,36,44,2,1,114.62,0.00,0.00,0.15,2,7.00,5,1285.31,0,3,0,java.lang.Object,0.00,10,0,9,0,10,2,0,11,274,0
"org.apache.jackrabbit.core.query.lucene.DerefQuery",3,5.00,1.00,16,0.12,1652.59,8,5,16,4,2,122.87,49,20,2,2,123.34,0.00,0.50,0.00,0,3.00,1,367.74,0,2,0,org.apache.lucene.search.Query,0.00,1,1,3,0,1,1,0,13,95,0
"org.apache.jackrabbit.core.query.lucene.DerefQuery$DerefScorer",7,0.04,2.14,51,0.61,25169.47,11,4,16,29,1,79.08,42,58,0,2,111.30,0.00,0.50,0.29,1,7.00,9,1815.48,0,1,1,org.apache.lucene.search.Scorer,0.00,22,1,15,0,22,6,0,16,348,1
"org.apache.jackrabbit.core.query.lucene.DerefQuery$DerefScorer$HitCollector",1,0.00,1.00,3,0.02,168.11,1,0,16,1,0,135.68,0,4,0,1,135.68,0.00,0.00,0.00,0,0.00,1,63.51,0,0,0,java.lang.Object,0.00,0,0,1,0,0,1,0,0,19,0
"org.apache.jackrabbit.core.query.lucene.DerefQuery$DerefScorer$HitCollector_0",1,0.00,1.00,3,0.02,168.11,1,0,16,2,0,135.68,0,4,0,1,135.68,0.00,0.00,0.00,0,1.00,1,63.51,0,0,0,java.lang.Object,0.00,1,0,1,0,1,1,0,0,19,0
"org.apache.jackrabbit.core.query.lucene.DerefQuery$DerefWeight",7,1.00,1.14,18,0.18,3155.98,8,1,16,14,2,139.08,33,27,0,1,138.84,0.00,0.00,0.14,0,12.00,2,532.50,0,3,2,java.lang.Object,0.00,7,0,8,0,7,4,1,8,133,1
"org.apache.jackrabbit.core.query.lucene.DescendantSelfAxisQuery",4,5.00,1.00,18,0.14,1875.98,9,5,14,5,2,117.15,60,23,2,2,127.51,0.00,0.50,0.00,0,4.00,1,423.73,0,2,0,org.apache.lucene.search.Query,0.00,1,1,4,0,1,2,0,14,110,0
"org.apache.jackrabbit.core.query.lucene.DescendantSelfAxisQuery$DescendantSelfAxisScorer",7,0.07,2.29,52,0.61,27115.35,12,5,14,24,1,78.81,44,66,0,2,111.03,0.00,0.50,0.26,2,11.00,8,1842.59,0,1,1,org.apache.lucene.search.Scorer,0.00,17,1,16,0,17,6,0,18,372,1
"org.apache.jackrabbit.core.query.lucene.DescendantSelfAxisQuery$DescendantSelfAxisScorer$HitCollector",1,0.00,1.00,3,0.02,168.11,1,0,14,1,0,185.68,1,4,0,1,135.68,0.00,0.00,0.00,0,0.00,1,63.51,0,0,0,java.lang.Object,0.00,0,0,1,0,0,1,0,1,19,0
"org.apache.jackrabbit.core.query.lucene.DescendantSelfAxisQuery$DescendantSelfAxisScorer$HitCollector_0",1,0.00,1.00,3,0.02,168.11,1,0,14,1,0,135.68,0,4,0,1,135.68,0.00,0.00,0.00,0,0.00,1,63.51,0,0,0,java.lang.Object,0.00,0,0,1,0,0,1,0,0,19,0
"org.apache.jackrabbit.core.query.lucene.DescendantSelfAxisQuery$DescendantSelfAxisWeight",7,1.00,1.00,17,0.15,2225.35,8,1,14,11,1,140.30,33,25,0,1,140.07,0.00,0.00,0.14,0,12.00,1,442.49,0,3,1,java.lang.Object,0.00,4,0,7,0,4,4,1,8,118,1
"org.apache.jackrabbit.core.query.lucene.DocOrderNodeIteratorImpl",11,0.10,1.36,50,0.45,15506.03,13,2,10,27,6,144.29,43,60,1,2,123.67,0.00,0.50,0.41,1,0.00,5,1346.55,0,3,5,org.apache.jackrabbit.core.query.lucene.NodeIteratorImpl,0.86,16,1,15,0,16,8,0,15,308,0
"org.apache.jackrabbit.core.query.lucene.DocOrderNodeIteratorImpl$Comparator",1,0.00,9.00,38,0.59,55674.40,1,0,10,11,2,25.72,10,44,0,1,74.19,0.00,0.00,0.00,0,0.00,9,1761.15,0,0,2,java.lang.Object,0.00,10,0,9,0,10,1,0,10,291,0
"org.apache.jackrabbit.core.query.lucene.DocOrderNodeIteratorImpl$ScoreNode",1,2.00,1.00,6,0.04,467.31,3,2,10,1,0,120.95,0,8,0,1,120.95,0.00,0.00,0.00,0,1.00,1,121.08,0,0,0,java.lang.Object,0.00,0,0,1,0,0,1,0,0,35,3
"org.apache.jackrabbit.core.query.lucene.DoubleField",3,0.25,2.67,30,0.44,23224.30,5,2,0,14,2,103.08,13,39,2,1,102.85,0.00,0.00,0.33,0,4.00,4,1306.56,0,1,0,java.lang.Object,0.00,11,0,8,0,11,2,0,9,257,1
"org.apache.jackrabbit.core.query.lucene.FieldNames",2,7.00,1.00,11,0.16,3357.23,9,7,0,3,16,158.83,43,14,16,1,119.53,0.00,0.00,0.00,0,2.00,1,468.48,0,1,0,java.lang.Object,0.00,1,0,2,0,1,1,0,10,106,1
"org.apache.jackrabbit.core.query.lucene.FileSystemDirectory",13,0.22,2.62,78,0.95,26606.40,16,3,11,33,8,83.46,80,123,3,2,115.68,0.00,0.50,0.54,0,0.00,5,2845.78,0,5,5,org.apache.lucene.store.Directory,0.00,20,1,34,0,20,8,0,19,604,0
"org.apache.jackrabbit.core.query.lucene.FileSystemDirectory$Lock",4,0.00,2.00,22,0.20,3895.34,4,0,11,11,2,171.23,4,35,0,1,121.23,0.00,0.00,0.00,0,4.00,3,599.67,0,1,2,java.lang.Object,0.00,7,0,8,0,7,3,0,4,136,0
"org.apache.jackrabbit.core.query.lucene.FileSystemInputStream",6,0.13,3.00,56,0.59,28600.48,9,3,4,12,4,58.08,49,79,2,2,106.19,0.00,0.50,0.44,1,2.00,5,1756.11,1,1,2,org.apache.lucene.store.InputStream,0.00,6,1,18,0,6,5,0,13,365,0
"org.apache.jackrabbit.core.query.lucene.FileSystemOutputStream",5,0.12,1.40,21,0.20,3524.57,7,2,5,13,4,126.04,4,31,1,2,126.04,0.00,0.50,0.40,0,5.00,2,586.87,2,0,3,org.apache.lucene.store.OutputStream,0.00,8,1,7,0,8,5,0,1,147,0
"org.apache.jackrabbit.core.query.lucene.IndexInfos",8,0.33,1.38,45,0.41,9923.11,11,3,7,25,3,88.27,49,55,1,1,120.49,0.00,0.00,0.62,1,0.00,3,1230.58,0,2,2,java.lang.Object,0.00,17,0,11,0,17,6,0,13,271,0
"org.apache.jackrabbit.core.query.lucene.LongField",3,1.00,2.67,28,0.37,21108.14,4,1,0,12,2,105.12,14,38,2,1,104.88,0.00,0.00,0.33,0,4.00,4,1112.35,0,1,0,java.lang.Object,0.00,9,0,8,0,9,2,0,13,226,1
"org.apache.jackrabbit.core.query.lucene.LuceneQueryBuilder",17,0.04,7.18,445,7.62,848793.53,27,10,45,123,38,30.77,164,560,2,1,80.77,0.00,0.00,0.14,0,40.00,31,22854.67,0,16,36,java.lang.Object,0.00,106,0,122,0,106,1,1,95,3671,0
"org.apache.jackrabbit.core.query.lucene.MatchAllQuery",3,1.00,1.33,10,0.08,1056.56,4,1,3,6,2,90.79,23,15,1,2,133.08,0.00,0.50,0.33,0,4.00,2,230.02,0,2,1,org.apache.lucene.search.Query,0.00,3,1,4,0,3,1,0,4,62,0
"org.apache.jackrabbit.core.query.lucene.MatchAllScorer",8,0.02,1.62,45,0.51,16712.24,14,6,11,24,2,76.38,60,69,1,2,118.67,0.00,0.50,0.19,3,24.00,5,1525.62,0,1,1,org.apache.lucene.search.Scorer,0.00,16,1,13,0,16,7,0,16,329,0
"org.apache.jackrabbit.core.query.lucene.MatchAllWeight",7,0.06,1.00,26,0.24,3665.49,13,6,8,14,2,99.57,45,35,1,1,131.79,0.00,0.00,0.21,0,24.00,1,725.93,0,3,1,java.lang.Object,0.00,7,0,7,0,7,4,1,18,183,0
"org.apache.jackrabbit.core.query.lucene.MultiIndex",18,0.20,3.72,293,3.93,192817.99,34,16,21,99,17,56.48,220,332,1,1,94.05,0.00,0.00,0.25,8,0.00,11,11780.25,0,2,17,java.lang.Object,0.00,81,0,67,0,81,16,0,70,2057,0
"org.apache.jackrabbit.core.query.lucene.NamespaceMappings",6,0.28,2.67,64,0.85,34392.53,11,5,17,36,11,66.31,76,89,4,1,103.88,0.00,0.00,0.43,2,0.00,4,2547.84,0,3,7,java.lang.Object,0.00,30,0,16,0,30,3,1,19,493,1
"org.apache.jackrabbit.core.query.lucene.NodeIndexer",14,0.00,3.00,138,2.61,129711.78,21,7,24,65,20,59.79,162,229,2,1,103.91,0.00,0.00,0.14,2,26.00,11,7817.12,0,2,18,java.lang.Object,0.00,51,0,42,0,51,12,0,39,1404,1
"org.apache.jackrabbit.core.query.lucene.NodeIteratorImpl",10,0.00,1.50,39,0.36,7657.61,15,5,8,19,6,98.18,65,59,3,1,130.40,0.00,0.00,0.20,2,18.00,3,1091.86,0,3,3,java.lang.Object,0.00,9,0,15,1,9,7,1,16,258,0
"org.apache.jackrabbit.core.query.lucene.NotQuery",3,2.00,1.00,11,0.07,870.32,5,2,8,4,2,83.81,29,15,2,2,133.81,0.00,0.50,0.00,0,3.00,1,220.93,0,2,0,org.apache.lucene.search.Query,0.00,1,1,3,0,1,1,0,8,62,0
"org.apache.jackrabbit.core.query.lucene.NotQuery$NotQueryScorer",6,0.00,2.00,35,0.32,15909.81,9,3,8,10,0,99.94,31,48,0,2,117.81,0.00,0.50,0.33,1,6.00,5,969.11,0,1,0,org.apache.lucene.search.Scorer,0.00,4,1,12,0,4,5,0,12,221,1
"org.apache.jackrabbit.core.query.lucene.NotQuery$NotQueryWeight",7,1.00,1.00,16,0.12,1428.89,8,1,8,10,1,162.20,25,24,0,1,141.58,0.00,0.00,0.14,0,12.00,1,362.03,0,3,1,java.lang.Object,0.00,3,0,7,0,3,4,1,8,101,1
"org.apache.jackrabbit.core.query.lucene.PersistentIndex",6,0.10,1.83,34,0.33,7067.53,10,4,7,17,5,72.50,52,47,1,2,120.60,0.00,0.50,0.17,0,18.00,4,1003.38,2,2,4,org.apache.jackrabbit.core.query.lucene.AbstractIndex,0.21,11,1,11,0,11,4,0,15,223,0
"org.apache.jackrabbit.core.query.lucene.QueryImpl",3,0.25,4.67,75,1.38,97914.69,9,6,34,47,26,109.24,58,92,1,1,82.96,0.00,0.00,0.33,1,4.00,12,4130.09,0,1,26,java.lang.Object,0.00,44,0,14,0,44,2,1,21,643,0
"org.apache.jackrabbit.core.query.lucene.QueryImpl$DefaultQueryNodeVisitor",1,0.00,1.00,4,0.03,474.00,1,0,34,2,1,127.47,0,5,0,1,127.47,0.00,0.00,0.00,0,1.00,1,92.00,0,1,1,java.lang.Object,0.00,1,0,1,0,1,0,0,0,25,0
"org.apache.jackrabbit.core.query.lucene.QueryImpl$DefaultQueryNodeVisitor_0",5,0.00,1.00,12,0.11,1398.08,5,0,34,9,5,140.50,0,17,0,1,140.50,0.00,0.00,0.00,0,5.00,1,329.95,0,5,5,java.lang.Object,0.00,4,0,5,0,4,0,0,0,90,0
"org.apache.jackrabbit.core.query.lucene.QueryResultImpl",5,0.14,1.60,36,0.37,10476.87,12,7,9,12,8,63.21,48,48,1,1,113.21,0.00,0.00,0.26,1,10.00,3,1106.49,0,4,7,java.lang.Object,0.00,7,0,8,0,7,1,1,13,243,0
"org.apache.jackrabbit.core.query.lucene.RedoLog",10,0.14,2.50,75,0.84,25536.21,14,4,15,38,6,70.14,79,111,2,1,112.43,0.00,0.00,0.38,2,0.00,6,2512.38,0,1,4,java.lang.Object,0.00,28,0,25,0,28,9,0,22,521,0
"org.apache.jackrabbit.core.query.lucene.RedoLog$Entry",4,0.29,2.00,29,0.33,9258.49,11,7,15,9,1,70.53,30,37,0,1,112.82,0.00,0.00,0.36,0,6.00,4,986.10,0,3,1,java.lang.Object,0.00,5,0,8,0,5,1,0,11,212,2
"org.apache.jackrabbit.core.query.lucene.RedoLog$EntryCollector",1,0.00,1.00,2,0.01,41.48,1,0,15,1,0,197.03,1,3,0,1,147.03,0.00,0.00,0.00,0,1.00,1,27.65,0,0,0,java.lang.Object,0.00,0,0,1,0,0,1,0,1,11,0
"org.apache.jackrabbit.core.query.lucene.RedoLog$EntryCollector_0",1,0.00,1.00,3,0.02,143.17,1,0,15,2,0,136.23,0,4,0,1,136.23,0.00,0.00,0.00,0,1.00,1,52.97,0,0,0,java.lang.Object,0.00,1,0,1,0,1,1,0,0,17,0
"org.apache.jackrabbit.core.query.lucene.RedoLog$EntryCollector_1",1,0.00,1.00,2,0.01,21.85,1,0,15,1,0,199.22,1,3,0,1,149.22,0.00,0.00,0.00,0,1.00,1,21.85,0,0,0,,0.00,0,0,1,0,0,1,0,1,10,0
"org.apache.jackrabbit.core.query.lucene.RowIteratorImpl",8,0.14,1.00,23,0.17,2073.20,11,3,20,16,9,92.66,66,32,1,1,140.76,0.00,0.00,0.21,1,0.00,1,503.08,0,2,8,java.lang.Object,0.00,8,0,8,0,8,6,1,14,141,0
"org.apache.jackrabbit.core.query.lucene.RowIteratorImpl$RowImpl",3,0.38,6.00,59,0.85,42722.71,7,4,20,28,5,46.05,35,74,0,1,90.18,0.00,0.00,0.50,0,1.00,9,2535.92,0,2,5,java.lang.Object,0.00,25,0,18,0,25,1,1,12,448,0
"org.apache.jackrabbit.core.query.lucene.SearchIndex",16,0.00,1.50,75,0.92,33603.63,20,4,24,53,16,104.41,90,118,2,2,122.29,0.00,0.50,0.25,2,0.00,6,2766.62,1,5,16,org.apache.jackrabbit.core.query.AbstractQueryHandler,0.11,37,1,24,0,37,11,0,22,576,1
"org.apache.jackrabbit.core.query.lucene.SharedFieldCache",4,0.33,3.50,58,0.87,87225.68,6,2,10,29,0,56.23,51,82,0,1,93.79,0.00,0.00,0.25,2,4.00,9,2610.01,0,3,0,java.lang.Object,0.00,25,0,14,0,25,1,0,19,462,0
"org.apache.jackrabbit.core.query.lucene.SharedFieldCache$Key",3,0.50,1.33,15,0.16,3616.70,6,3,10,7,0,141.21,10,22,0,1,120.60,0.00,0.00,0.67,0,1.00,2,469.53,0,0,0,java.lang.Object,0.00,4,0,4,0,4,3,0,3,120,1
"org.apache.jackrabbit.core.query.lucene.SharedFieldSortComparator",3,0.50,1.00,10,0.11,1835.61,5,2,7,7,3,81.26,28,17,2,2,131.26,0.00,0.50,0.17,0,4.00,1,329.73,0,2,1,org.apache.lucene.search.SortComparator,0.00,4,1,3,0,4,1,0,7,80,0
"org.apache.jackrabbit.core.query.lucene.SharedFieldSortComparator$ScoreDocComparator",3,0.00,1.67,14,0.14,4713.09,3,0,7,3,0,123.26,0,18,0,1,123.26,0.00,0.00,0.00,0,3.00,3,411.95,0,1,0,java.lang.Object,0.00,0,0,5,0,0,2,0,0,96,0
"org.apache.jackrabbit.core.query.lucene.VolatileIndex",8,0.00,1.62,43,0.42,8560.05,12,4,10,23,5,78.67,61,56,1,2,120.96,0.00,0.50,0.25,1,10.00,3,1271.81,3,1,4,org.apache.jackrabbit.core.query.lucene.AbstractIndex,0.19,15,1,13,0,15,7,0,15,285,0
"org.apache.jackrabbit.core.query.lucene.WildcardQuery",2,0.00,1.00,5,0.04,351.31,2,0,5,3,2,192.09,2,8,1,2,142.09,0.00,0.50,0.00,0,2.00,1,106.33,0,1,1,org.apache.lucene.search.MultiTermQuery,0.00,1,1,2,0,1,1,0,1,32,0
"org.apache.jackrabbit.core.query.lucene.WildcardTermEnum",5,0.08,3.20,54,0.61,38395.62,8,3,5,20,1,152.83,8,71,1,2,102.83,0.00,0.50,0.40,0,6.00,9,1831.94,0,1,0,org.apache.lucene.search.FilteredTermEnum,0.00,15,1,16,0,15,4,0,7,362,0
"org.apache.jackrabbit.examples.FirstSteps",3,0.00,3.67,52,0.76,30702.34,3,0,16,35,1,61.00,20,63,0,1,93.22,0.00,0.00,0.00,2,3.00,6,2279.25,0,1,1,java.lang.Object,0.00,32,0,11,0,32,2,0,4,406,1
"org.apache.jackrabbit.core.lock.LockImpl",8,0.07,1.38,26,0.19,2737.58,10,2,5,14,3,133.41,38,39,1,1,133.17,0.00,0.00,0.56,2,0.00,3,581.30,0,3,2,java.lang.Object,0.00,6,0,11,0,6,5,1,12,154,0
"org.apache.jackrabbit.core.lock.LockInfo",11,0.02,1.18,37,0.30,4395.72,19,8,7,16,9,84.57,92,52,5,1,132.68,0.00,0.00,0.10,0,58.00,2,888.08,0,3,5,java.lang.Object,0.00,5,0,13,0,5,8,1,21,225,0
"org.apache.jackrabbit.core.lock.LockManager",9,0.00,1.00,10,0.09,398.14,9,0,7,9,7,109.93,76,14,5,1,158.04,0.00,0.00,0.00,0,9.00,1,276.25,0,2,3,,0.00,0,0,9,0,0,7,0,10,88,1
"org.apache.jackrabbit.core.lock.LockManagerImpl",19,0.08,3.84,216,3.44,114864.79,25,6,29,95,18,84.19,110,327,3,1,102.07,0.00,0.00,0.25,7,0.00,9,10311.16,0,3,16,java.lang.Object,0.00,76,0,73,0,76,16,2,41,1899,1
"org.apache.jackrabbit.core.lock.LockManagerImpl$PathMap.ChildVisitor",1,0.00,2.00,5,0.05,772.48,1,0,29,3,1,122.03,0,7,0,1,122.03,0.00,0.00,0.00,0,1.00,2,151.44,0,0,1,java.lang.Object,0.00,2,0,2,0,2,1,0,0,38,0
"org.apache.jackrabbit.core.lock.LockManagerImpl$PathMap.ChildVisitor_0",1,0.00,1.00,4,0.04,421.02,1,0,29,3,1,127.88,0,5,0,1,127.88,0.00,0.00,0.00,0,1.00,1,115.51,0,0,1,java.lang.Object,0.00,2,0,1,0,2,1,0,0,31,0
"org.apache.jackrabbit.core.lock.LockManagerImpl$PathMap.ChildVisitor_1",1,0.00,1.00,4,0.04,421.02,1,0,29,3,1,127.88,0,5,0,1,127.88,0.00,0.00,0.00,0,1.00,1,115.51,0,0,1,java.lang.Object,0.00,2,0,1,0,2,1,0,0,31,0
"org.apache.jackrabbit.core.lock.LockToken",4,1.00,3.00,45,0.55,42703.36,5,1,0,13,3,67.96,26,53,3,1,100.18,0.00,0.00,0.25,1,6.00,7,1642.32,0,2,0,java.lang.Object,0.00,9,0,12,0,9,2,0,6,321,0
"org.apache.jackrabbit.core.lock.PathMap",4,0.00,2.25,40,0.41,12015.31,5,1,6,9,3,57.65,41,41,1,1,106.13,0.00,0.00,1.00,0,0.00,4,1217.10,0,0,2,java.lang.Object,0.00,5,0,9,0,5,4,0,8,255,1
"org.apache.jackrabbit.core.lock.PathMap$Child",13,0.01,3.00,105,1.21,57633.33,19,6,6,36,2,76.12,81,135,0,1,108.34,0.00,0.00,0.18,4,68.00,7,3617.61,0,4,2,java.lang.Object,0.00,23,0,39,0,23,9,0,19,745,2
"org.apache.jackrabbit.core.lock.PathMap$ChildVisitor",1,0.00,1.00,2,0.01,30.51,1,0,6,1,0,148.32,4,3,0,1,148.08,0.00,0.00,0.00,0,1.00,1,25.51,0,0,0,,0.00,0,0,1,0,0,1,0,1,11,1
"org.apache.jackrabbit.core.query.AbstractQueryHandler",3,1.00,1.00,8,0.05,647.06,4,1,1,3,2,99.10,22,11,0,1,141.39,0.00,0.00,0.33,1,4.00,1,163.74,0,0,2,java.lang.Object,0.00,0,0,3,1,0,3,1,5,47,2
"org.apache.jackrabbit.core.query.AbstractQueryTest",6,0.00,2.83,73,0.91,33369.38,6,0,13,33,7,58.72,47,75,6,4,101.01,2.00,0.30,0.00,1,14.00,5,2719.85,0,1,1,org.apache.jackrabbit.test.AbstractJCRTest,0.00,27,3,17,6,27,5,0,11,519,1
"org.apache.jackrabbit.core.query.AndQueryNode",4,0.00,1.00,9,0.06,661.31,4,0,0,5,11,110.08,27,14,9,3,142.30,0.00,0.67,0.00,0,4.00,1,188.14,0,1,3,org.apache.jackrabbit.core.query.NAryQueryNode,0.19,1,2,4,0,1,3,0,5,57,1
"org.apache.jackrabbit.core.query.DefaultQueryNodeVisitor",12,0.00,1.00,25,0.16,1705.27,12,0,0,12,14,142.82,4,38,1,1,142.82,0.00,0.00,0.00,0,12.00,1,493.87,0,12,13,java.lang.Object,0.00,0,0,12,0,0,0,1,1,150,1
"org.apache.jackrabbit.core.query.DerefQueryNode",5,0.75,1.00,12,0.08,766.59,6,1,1,6,10,110.34,30,18,7,4,142.56,0.00,0.75,0.40,0,10.00,1,241.35,0,2,4,org.apache.jackrabbit.core.query.LocationStepQueryNode,0.14,1,3,5,0,1,3,0,7,71,1
"org.apache.jackrabbit.core.query.ExactQueryNode",5,0.38,1.20,17,0.13,2201.76,7,2,1,7,9,100.12,33,24,7,2,132.34,1.00,0.33,0.20,0,11.00,2,375.56,0,3,3,org.apache.jackrabbit.core.query.QueryNode,0.20,2,1,6,1,2,2,0,8,99,1
"org.apache.jackrabbit.core.query.ExecutableQuery",1,0.00,1.00,2,0.01,38.26,1,0,2,1,3,103.18,11,3,3,1,147.31,0.00,0.00,0.00,0,1.00,1,25.51,0,1,0,,0.00,0,0,1,0,0,0,0,2,11,1
"org.apache.jackrabbit.core.query.FulltextQueryTest",11,0.00,1.00,121,2.16,50827.35,11,0,4,20,2,103.30,3,153,1,5,103.30,0.00,0.80,0.00,0,0.00,1,6472.09,1,0,1,org.apache.jackrabbit.core.query.AbstractQueryTest,0.00,9,4,11,0,9,11,0,1,1190,1
"org.apache.jackrabbit.core.query.ISO9075Test",2,0.00,2.50,34,0.50,16776.55,2,0,4,17,3,51.70,14,34,1,2,93.99,0.00,0.50,0.00,0,2.00,4,1500.05,0,0,2,junit.framework.TestCase,0.00,15,1,5,0,15,2,0,3,274,1
"org.apache.jackrabbit.core.query.LocationStepQueryNode",11,0.12,1.09,34,0.29,5436.25,17,6,1,14,18,89.68,81,47,15,3,131.97,0.50,0.50,0.06,0,47.00,2,872.63,1,3,4,org.apache.jackrabbit.core.query.NAryQueryNode,0.13,3,2,12,1,3,8,0,18,220,1
"org.apache.jackrabbit.core.query.NAryQueryNode",7,0.08,2.14,40,0.40,10950.57,9,2,3,16,9,77.31,53,53,7,2,119.60,7.00,0.11,0.43,0,0.00,4,1185.62,0,1,2,org.apache.jackrabbit.core.query.QueryNode,0.00,9,1,15,7,9,6,0,10,266,2
"org.apache.jackrabbit.core.query.NodeTypeQueryNode",3,0.00,1.00,7,0.06,585.30,3,0,2,4,13,109.51,20,11,9,3,141.74,0.00,0.67,0.00,0,3.00,1,170.84,0,1,5,org.apache.jackrabbit.core.query.ExactQueryNode,0.23,1,2,3,0,1,2,0,7,49,1
"org.apache.jackrabbit.core.query.NotQueryNode",4,0.00,1.00,9,0.07,792.86,4,0,0,5,12,123.81,22,16,10,3,141.68,0.00,0.67,0.00,0,4.00,1,200.45,0,1,3,org.apache.jackrabbit.core.query.NAryQueryNode,0.19,1,2,4,0,1,3,0,5,60,1
"org.apache.jackrabbit.core.query.OrQueryNode",4,0.00,1.00,9,0.06,661.31,4,0,0,5,12,110.08,26,14,10,3,142.30,0.00,0.67,0.00,0,4.00,1,188.14,0,1,3,org.apache.jackrabbit.core.query.NAryQueryNode,0.19,1,2,4,0,1,3,0,5,57,1
"org.apache.jackrabbit.core.query.OrderByTest",1,0.00,1.00,20,0.31,7386.85,1,0,4,8,2,112.62,3,23,1,5,92.01,0.00,0.80,0.00,0,0.00,1,924.17,1,0,1,org.apache.jackrabbit.core.query.AbstractQueryTest,0.00,7,4,1,0,7,1,0,1,167,1
"org.apache.jackrabbit.core.query.OrderQueryNode",7,0.50,1.00,17,0.16,2084.88,8,1,3,14,12,98.00,53,25,10,2,140.29,0.00,0.50,0.57,0,3.00,1,484.92,0,1,3,org.apache.jackrabbit.core.query.QueryNode,0.17,7,1,7,0,7,6,0,11,131,1
"org.apache.jackrabbit.core.query.OrderQueryNode$OrderSpec",4,0.33,1.00,12,0.07,903.99,6,2,3,4,1,92.37,31,17,0,1,134.66,0.00,0.00,0.25,0,8.00,1,222.03,0,1,1,java.lang.Object,0.00,0,0,4,0,0,3,0,6,65,3
"org.apache.jackrabbit.core.query.PathQueryNode",7,0.42,1.14,20,0.16,2649.54,9,2,0,10,13,107.22,46,29,10,3,139.44,0.50,0.50,0.14,0,17.00,2,478.02,1,1,4,org.apache.jackrabbit.core.query.NAryQueryNode,0.16,3,2,8,1,3,6,0,10,128,1
"org.apache.jackrabbit.core.query.PropertyTypeRegistry",6,0.08,3.00,75,0.95,48388.78,11,5,15,29,9,67.51,36,86,3,1,99.73,0.00,0.00,0.27,3,6.00,7,2836.70,0,0,6,java.lang.Object,0.00,23,0,18,0,23,6,1,15,529,1
"org.apache.jackrabbit.core.query.PropertyTypeRegistry$TypeMapping",1,2.00,1.00,6,0.04,560.40,3,2,15,1,1,160.21,2,8,0,1,120.33,0.00,0.00,0.00,0,1.00,1,127.05,0,0,1,java.lang.Object,0.00,0,0,1,0,0,1,0,2,36,2
"org.apache.jackrabbit.core.query.QueryConstants",0,0.00,0.00,29,0.44,15426.72,28,28,2,1,9,171.00,91,30,7,1,171.00,0.00,0.00,0.00,0,0.00,0,1323.15,0,0,2,,0.00,1,0,0,0,1,0,0,28,231,1
"org.apache.jackrabbit.core.query.QueryHandler",5,0.00,1.00,6,0.05,238.54,5,0,6,5,8,109.68,43,10,3,1,157.78,0.00,0.00,0.00,0,5.00,1,153.85,0,0,5,,0.00,0,0,5,0,0,5,0,6,50,1
"org.apache.jackrabbit.core.query.QueryHandlerContext",7,0.03,1.00,25,0.17,2335.45,12,5,3,10,8,85.23,58,36,4,1,133.33,0.00,0.00,0.23,0,26.00,1,503.20,0,4,4,java.lang.Object,0.00,3,0,7,0,3,3,0,13,133,1
"org.apache.jackrabbit.core.query.QueryImpl",7,0.13,2.14,49,0.78,28624.30,12,5,19,33,10,62.75,60,84,1,1,110.86,0.00,0.00,0.31,0,9.00,6,2331.00,0,5,9,java.lang.Object,0.00,26,0,15,0,26,2,1,14,448,1
"org.apache.jackrabbit.core.query.QueryManagerImpl",4,0.27,1.00,16,0.22,4063.58,9,5,11,8,4,76.76,35,28,1,1,124.86,0.00,0.00,0.40,0,6.00,1,654.15,0,3,3,java.lang.Object,0.00,4,0,4,0,4,1,1,10,150,1
"org.apache.jackrabbit.core.query.QueryNode",5,0.08,1.00,24,0.27,4974.60,18,13,0,8,22,76.46,51,28,21,1,124.93,0.00,0.00,0.02,0,8.00,1,816.97,0,3,2,java.lang.Object,0.00,3,0,5,14,3,2,0,19,179,2
"org.apache.jackrabbit.core.query.QueryNodeVisitor",12,0.00,1.00,13,0.09,338.41,12,0,0,12,18,159.58,3,14,18,1,159.58,0.00,0.00,0.00,0,12.00,1,279.51,0,12,12,,0.00,0,0,12,0,0,0,0,1,101,1
"org.apache.jackrabbit.core.query.QueryParser",3,0.00,2.33,16,0.20,6952.92,3,0,5,10,5,88.85,39,28,1,1,118.23,0.00,0.00,0.00,0,3.00,3,605.59,0,1,4,java.lang.Object,0.00,7,0,7,0,7,2,0,4,130,1
"org.apache.jackrabbit.core.query.QueryRootNode",9,0.21,1.00,22,0.16,2033.26,12,3,3,14,13,109.01,56,32,9,2,141.23,0.00,0.50,0.15,0,33.00,1,487.16,0,4,5,org.apache.jackrabbit.core.query.QueryNode,0.14,5,1,9,0,5,5,0,13,137,1
"org.apache.jackrabbit.core.query.QueryTreeDump",15,0.29,3.00,193,2.55,96261.28,17,2,2,52,17,150.51,18,210,2,1,100.51,0.00,0.00,0.77,1,0.00,20,7646.32,0,12,16,java.lang.Object,0.00,37,0,45,0,37,3,1,8,1452,1
"org.apache.jackrabbit.core.query.RelationQueryNode",21,0.01,1.00,73,0.52,6281.60,29,8,2,22,11,91.41,157,95,8,2,133.71,0.00,0.50,0.11,0,263.00,1,1571.73,0,4,4,org.apache.jackrabbit.core.query.QueryNode,0.08,1,1,21,0,1,17,1,30,403,1
"org.apache.jackrabbit.core.query.SQLTest",3,0.00,1.00,25,0.40,7450.25,3,0,3,10,2,110.58,2,33,1,5,110.58,0.00,0.80,0.00,0,0.00,1,1207.63,1,0,1,org.apache.jackrabbit.core.query.AbstractQueryTest,0.00,7,4,3,0,7,3,0,1,230,1
"org.apache.jackrabbit.core.query.SelectClauseTest",3,0.00,1.00,57,0.98,27451.34,3,0,4,10,2,142.10,3,70,1,5,92.10,0.00,0.80,0.00,0,0.00,1,2925.14,1,0,1,org.apache.jackrabbit.core.query.AbstractQueryTest,0.00,7,4,3,0,7,3,0,1,526,1
"org.apache.jackrabbit.core.query.SimpleQueryTest",15,0.00,1.00,289,5.12,249298.31,15,0,4,29,2,140.06,16,316,1,5,90.06,0.00,0.80,0.00,0,0.00,1,15353.63,1,0,1,org.apache.jackrabbit.core.query.AbstractQueryTest,0.00,14,4,15,0,14,15,0,14,2747,1
"org.apache.jackrabbit.core.query.TestAll",1,0.00,1.00,11,0.11,3828.97,1,0,3,3,7,55.46,10,13,0,2,103.94,0.00,0.50,0.00,0,1.00,1,341.05,0,1,7,junit.framework.TestCase,0.00,2,1,1,0,2,0,0,2,79,1
"org.apache.jackrabbit.core.query.TextFilter",2,0.00,1.00,3,0.02,80.34,2,0,3,2,3,138.23,29,5,2,1,158.37,0.00,0.00,0.00,0,2.00,1,58.73,0,1,1,,0.00,0,0,2,0,0,1,0,3,21,1
"org.apache.jackrabbit.core.query.TextFilterService",2,0.50,2.50,25,0.27,6558.56,4,2,9,10,3,152.84,51,32,1,1,102.85,0.00,0.00,0.25,1,2.00,3,819.86,0,1,2,java.lang.Object,0.00,8,0,5,0,8,1,0,6,177,1
"org.apache.jackrabbit.core.query.TextPlainTextFilter",2,0.00,2.50,19,0.23,9169.39,2,0,10,10,5,62.23,22,26,0,1,106.36,0.00,0.00,0.00,0,2.00,4,680.79,0,1,5,java.lang.Object,0.00,8,0,5,0,8,1,1,5,132,1
"org.apache.jackrabbit.core.query.TextsearchQueryNode",7,0.42,1.00,19,0.13,1504.99,9,2,1,8,11,99.11,53,27,9,2,141.40,0.00,0.50,0.14,0,17.00,1,403.65,0,3,3,org.apache.jackrabbit.core.query.QueryNode,0.17,1,1,7,0,1,4,0,10,113,1
"org.apache.jackrabbit.core.query.XPathAxisTest",30,0.14,1.00,104,1.21,17838.96,36,6,2,34,2,131.36,3,135,1,5,131.36,0.00,0.80,0.31,0,0.00,1,3620.19,3,0,1,org.apache.jackrabbit.core.query.AbstractQueryTest,0.12,4,4,30,0,4,30,0,1,828,1
"org.apache.jackrabbit.webdav.jcr.version.report.ExportViewReport",4,0.17,3.25,43,0.67,25420.49,10,6,17,26,11,65.92,50,58,1,1,103.48,0.00,0.00,0.29,0,8.00,7,2019.36,0,2,10,java.lang.Object,0.00,22,0,13,0,22,2,1,8,373,1
"org.apache.jackrabbit.webdav.jcr.version.report.LocateByUuidReport",4,0.00,2.00,32,0.49,12413.69,9,5,10,27,14,59.66,38,42,1,1,109.66,0.00,0.00,0.20,0,10.00,3,1460.10,0,2,13,java.lang.Object,0.00,23,0,8,0,23,2,1,6,286,1
"org.apache.jackrabbit.webdav.jcr.version.report.NodeTypesReport",5,0.00,5.40,91,1.49,90018.94,9,4,17,58,14,60.90,65,106,2,1,90.28,0.00,0.00,0.25,1,10.00,11,4458.82,0,3,12,java.lang.Object,0.00,53,0,27,0,53,2,2,17,750,1
"org.apache.jackrabbit.webdav.jcr.version.report.RegisteredNamespacesReport",4,0.08,2.75,38,0.55,22145.92,8,4,13,27,11,57.22,43,49,2,1,105.69,0.00,0.00,0.31,0,6.00,4,1651.79,0,2,9,java.lang.Object,0.00,23,0,11,0,23,2,2,6,317,1
"org.apache.jackrabbit.webdav.header.CodedUrlHeader",6,0.20,2.00,36,0.41,19552.87,9,3,2,15,2,96.28,35,45,2,1,114.15,0.00,0.00,0.17,1,14.00,5,1240.12,0,5,0,java.lang.Object,0.00,9,0,12,0,9,1,0,6,270,1
"org.apache.jackrabbit.webdav.header.DepthHeader",6,0.40,2.00,34,0.36,11808.32,8,2,3,13,5,86.61,39,45,4,1,118.83,0.00,0.00,0.17,1,14.00,4,1091.69,0,3,1,java.lang.Object,0.00,7,0,12,0,7,3,1,7,244,1
"org.apache.jackrabbit.webdav.header.IfHeader",10,0.04,4.70,143,1.65,74439.20,13,3,10,39,2,147.40,251,190,1,1,97.40,0.00,0.00,0.37,4,0.00,15,4960.93,0,3,1,java.lang.Object,0.00,29,0,47,0,29,7,0,54,917,1
"org.apache.jackrabbit.webdav.header.IfHeader$IfHeaderInterface",1,0.00,1.00,2,0.02,92.96,1,0,10,1,0,133.91,15,3,0,1,144.27,0.00,0.00,0.00,0,1.00,1,46.48,0,0,0,,0.00,0,0,1,0,0,1,0,1,16,2
"org.apache.jackrabbit.webdav.header.IfHeader$IfHeaderList",1,0.00,3.00,12,0.13,3616.66,1,0,10,3,0,102.00,16,13,0,2,102.47,0.00,0.50,0.00,0,0.00,3,381.64,0,0,0,java.util.ArrayList,0.00,2,1,3,0,2,1,1,2,79,2
"org.apache.jackrabbit.webdav.header.IfHeader$IfHeaderMap",1,0.00,2.00,9,0.12,3416.54,1,0,10,3,0,78.04,13,12,0,2,107.42,0.00,0.50,0.00,0,0.00,2,349.16,0,0,0,java.util.HashMap,0.00,2,1,2,0,2,1,1,1,75,2
"org.apache.jackrabbit.webdav.header.IfHeader$IfList",5,0.00,1.40,20,0.21,5317.98,5,0,10,9,0,74.63,49,25,0,2,124.63,0.00,0.50,0.00,0,8.00,3,634.37,1,0,0,java.util.ArrayList,0.00,4,1,7,0,4,5,0,6,144,2
"org.apache.jackrabbit.webdav.header.IfHeader$IfListEntry",6,0.07,1.33,17,0.14,2148.17,9,3,10,7,0,91.12,64,23,0,1,139.59,0.00,0.00,0.28,0,10.00,3,430.78,0,3,0,java.lang.Object,0.00,1,0,8,0,1,3,0,9,115,3
"org.apache.jackrabbit.webdav.header.IfHeader$IfListEntryEtag",3,0.00,1.00,7,0.05,450.34,3,0,10,3,0,94.53,25,11,0,2,142.63,0.00,0.50,0.00,0,3.00,1,141.86,1,1,0,org.apache.jackrabbit.webdav.header.IfListEntry,0.00,0,1,3,0,0,2,0,3,44,2
"org.apache.jackrabbit.webdav.header.IfHeader$IfListEntryToken",3,0.00,1.00,7,0.05,450.34,3,0,10,3,0,94.53,25,11,0,2,142.63,0.00,0.50,0.00,0,3.00,1,141.86,1,1,0,org.apache.jackrabbit.webdav.header.IfListEntry,0.00,0,1,3,0,0,2,0,3,44,2
"org.apache.jackrabbit.test.orm.BlobTest",2,0.00,3.00,33,0.48,23806.06,4,2,7,18,2,143.74,3,38,1,4,93.74,0.00,0.75,0.50,0,2.00,5,1429.02,0,0,1,org.apache.jackrabbit.test.AbstractJCRTest,0.00,16,3,6,0,16,2,0,1,243,1
"org.apache.jackrabbit.test.orm.TestAll",1,0.00,1.00,6,0.05,1283.53,1,0,3,3,2,73.37,11,8,0,2,117.50,0.00,0.50,0.00,0,1.00,1,150.40,0,1,2,junit.framework.TestCase,0.00,2,1,1,0,2,0,0,2,39,1
"org.apache.jackrabbit.test.orm.XMLImportSpeedTest",4,0.22,3.25,68,0.94,37032.37,10,6,13,31,2,143.59,5,87,1,4,93.60,0.00,0.75,0.33,2,2.00,5,2826.80,0,0,1,org.apache.jackrabbit.test.AbstractJCRTest,0.00,27,3,13,0,27,4,0,3,505,1
"org.apache.jackrabbit.webdav.jcr.AbstractItemResource",14,0.15,3.07,110,1.44,45152.24,16,2,12,56,21,69.30,109,168,3,2,111.59,6.00,0.12,0.36,2,50.00,7,4331.89,5,6,18,org.apache.jackrabbit.webdav.jcr.AbstractResource,0.13,42,1,43,6,42,8,1,29,869,1
"org.apache.jackrabbit.webdav.jcr.AbstractResource",46,0.03,1.67,211,2.66,81029.49,58,12,25,119,51,90.64,276,290,3,1,122.86,0.00,0.00,0.05,13,894.00,6,7967.87,0,24,48,java.lang.Object,0.00,73,0,77,8,73,22,5,78,1667,1
"org.apache.jackrabbit.webdav.jcr.DavLocatorFactoryImpl",3,0.50,3.33,35,0.44,24739.49,5,2,3,15,4,100.57,49,46,1,1,101.04,0.00,0.00,0.17,0,4.00,8,1332.34,0,2,3,java.lang.Object,0.00,12,0,10,0,12,1,1,15,256,1
"org.apache.jackrabbit.webdav.jcr.DavLocatorFactoryImpl$DavResourceLocatorImpl",12,0.07,1.92,54,0.52,16613.76,16,4,3,22,2,81.36,88,75,0,1,123.66,0.00,0.00,0.31,1,18.00,4,1553.05,0,6,2,java.lang.Object,0.00,10,0,23,0,10,6,1,12,371,1
"org.apache.jackrabbit.webdav.jcr.DavResourceFactoryImpl",5,0.17,3.80,65,1.02,43854.92,8,3,14,38,23,60.53,63,88,1,1,98.09,0.00,0.00,0.47,0,2.00,7,3056.29,0,3,22,java.lang.Object,0.00,33,0,19,0,33,2,1,11,549,1
"org.apache.jackrabbit.webdav.jcr.DefaultItemCollection",24,0.30,4.29,288,4.30,157475.98,26,2,14,127,31,51.87,250,403,3,3,100.35,2.00,0.29,0.21,7,42.00,12,12903.37,20,8,28,org.apache.jackrabbit.webdav.jcr.AbstractItemResource,0.18,103,2,103,4,103,16,1,62,2326,1
"org.apache.jackrabbit.webdav.jcr.DefaultItemResource",12,0.73,2.58,74,1.06,34650.47,13,1,10,43,20,66.40,100,108,1,3,114.50,0.00,0.67,0.33,1,26.00,7,3178.89,5,2,19,org.apache.jackrabbit.webdav.jcr.AbstractItemResource,0.08,31,2,31,0,31,10,0,20,626,1
"org.apache.jackrabbit.webdav.jcr.ItemResourceConstants",0,0.00,0.00,32,0.86,30676.12,31,31,7,3,23,171.00,50,33,17,1,171.00,0.00,0.00,0.00,0,0.00,0,2565.64,0,0,6,,0.00,3,0,0,0,3,0,0,16,407,1
"org.apache.jackrabbit.webdav.jcr.JcrDavException",21,0.48,1.00,51,0.45,6255.29,23,2,9,28,22,140.29,10,73,19,3,140.29,0.00,0.67,0.05,0,55.00,1,1358.65,1,1,3,org.apache.jackrabbit.webdav.DavException,0.11,7,2,21,0,7,20,0,2,364,1
"org.apache.jackrabbit.webdav.jcr.RootCollection",14,1.00,1.36,48,0.56,12361.82,15,1,10,35,15,97.71,88,70,1,2,129.93,0.00,0.50,0.07,1,38.00,4,1694.03,5,5,14,org.apache.jackrabbit.webdav.jcr.AbstractResource,0.10,21,1,19,0,21,9,1,18,373,1
"org.apache.jackrabbit.webdav.jcr.RootItemCollection",5,0.75,1.80,33,0.45,12807.58,6,1,8,23,10,82.78,31,43,1,5,115.00,0.00,0.80,0.40,0,7.00,3,1364.51,4,2,9,org.apache.jackrabbit.webdav.jcr.VersionControlledItemCollection,0.14,18,4,9,0,18,3,0,9,275,1
"org.apache.jackrabbit.webdav.jcr.VersionControlledItemCollection",17,0.81,4.29,219,3.34,171809.38,18,1,11,93,25,54.75,187,292,2,4,98.87,0.33,0.60,0.24,4,0.00,12,10013.98,11,4,23,org.apache.jackrabbit.webdav.jcr.DefaultItemCollection,0.12,76,3,73,1,76,13,1,61,1781,1
"org.apache.jackrabbit.webdav.jcr.VersionControlledItemCollection$EListener",2,0.00,2.50,17,0.25,5548.27,5,3,11,9,6,149.87,5,24,0,1,109.99,0.00,0.00,0.33,0,2.00,4,735.26,0,0,6,java.lang.Object,0.00,7,0,5,0,7,2,1,3,152,1
"org.apache.jackrabbit.server.simple.WebdavServlet",13,0.02,2.69,102,1.35,57637.79,22,9,15,49,18,62.43,106,147,0,3,110.53,0.00,0.67,0.09,4,67.00,15,4062.29,3,2,18,org.apache.jackrabbit.server.AbstractWebdavServlet,0.14,36,2,35,0,36,11,0,30,741,1
"org.apache.jackrabbit.iterator.ArrayIterator",7,0.00,1.00,18,0.11,1249.98,9,2,1,8,3,162.65,22,26,3,1,142.04,0.00,0.00,0.50,0,0.00,1,343.33,0,1,0,java.lang.Object,0.00,1,0,7,3,1,6,1,10,99,1
"org.apache.jackrabbit.iterator.ArrayNodeIterator",2,0.00,1.00,5,0.03,278.97,2,0,2,2,2,100.59,14,8,1,2,142.88,0.00,0.50,0.00,0,2.00,1,91.87,1,1,1,org.apache.jackrabbit.iterator.ArrayIterator,0.00,0,1,2,0,0,1,1,3,30,1
"org.apache.jackrabbit.iterator.ArrayNodeTypeIterator",2,0.00,1.00,5,0.03,278.97,2,0,2,2,3,100.59,14,9,2,2,142.88,0.00,0.50,0.00,0,2.00,1,91.87,1,1,1,org.apache.jackrabbit.iterator.ArrayIterator,0.00,0,1,2,0,0,1,1,3,30,1
"org.apache.jackrabbit.iterator.ArrayPropertyIterator",2,0.00,1.00,5,0.03,278.97,2,0,2,2,2,100.59,14,9,1,2,142.88,0.00,0.50,0.00,0,2.00,1,91.87,1,1,1,org.apache.jackrabbit.iterator.ArrayIterator,0.00,0,1,2,0,0,1,1,3,30,1
"org.apache.jackrabbit.core.util.Base64",11,0.12,2.27,108,1.78,229531.04,15,4,7,18,6,53.10,97,140,6,1,101.20,0.00,0.00,0.14,2,39.00,8,5341.87,0,0,0,java.lang.Object,0.00,7,0,25,0,7,11,0,24,991,1
"org.apache.jackrabbit.core.util.ChildrenCollector",3,0.17,1.67,15,0.15,2436.59,6,3,5,4,0,79.61,21,23,0,2,121.90,0.00,0.50,0.44,0,1.00,2,463.16,0,0,0,TraversingItemVisitor.Default,0.00,1,1,5,0,1,3,0,4,111,1
"org.apache.jackrabbit.core.util.ChildrenCollectorFilter",5,0.12,4.60,61,0.60,35789.30,11,6,6,13,1,55.91,57,82,1,2,100.04,0.00,0.50,0.27,2,13.00,13,1814.10,0,0,0,TraversingItemVisitor.Default,0.00,8,1,23,0,8,5,0,15,381,1
"org.apache.jackrabbit.core.util.DOMBuilder",8,0.11,1.25,32,0.34,5701.03,12,4,13,25,1,83.73,62,47,1,1,126.02,0.00,0.00,0.34,4,0.00,3,1028.15,0,0,0,java.lang.Object,0.00,17,0,10,0,17,8,0,13,248,2
"org.apache.jackrabbit.core.util.DOMWalker",8,0.10,2.50,70,0.78,23740.13,11,3,15,40,2,61.28,80,87,2,1,109.76,0.00,0.00,0.42,0,0.00,5,2333.68,0,4,0,java.lang.Object,0.00,32,0,20,0,32,4,0,12,482,2
"org.apache.jackrabbit.core.util.ISO9075",6,0.20,3.17,63,0.89,49849.89,9,3,4,28,6,54.09,63,83,5,1,102.57,0.00,0.00,0.17,3,18.00,9,2657.68,0,4,1,java.lang.Object,0.00,22,0,19,0,22,2,0,20,539,1
"org.apache.jackrabbit.core.util.IteratorHelper",11,0.02,1.09,33,0.21,2861.02,15,4,8,16,3,134.40,47,47,3,1,134.16,0.00,0.00,0.23,1,38.00,2,637.88,0,4,0,java.lang.Object,0.00,5,0,12,0,5,7,3,15,179,1
"org.apache.jackrabbit.core.util.ReferenceChangeTracker",6,0.00,1.00,15,0.11,1477.31,8,2,3,14,3,98.65,45,22,3,1,140.94,0.00,0.00,0.50,0,2.00,1,341.15,0,2,0,java.lang.Object,0.00,8,0,6,0,8,4,0,9,99,1
"org.apache.jackrabbit.core.util.Text",7,1.00,2.71,57,0.83,57133.49,8,1,4,23,3,57.80,71,78,3,1,106.28,0.00,0.00,0.14,3,12.00,6,2493.09,0,7,0,java.lang.Object,0.00,16,0,19,0,16,0,0,12,496,1
"org.apache.jackrabbit.core.util.ValueHelper",11,0.00,5.45,188,3.03,305449.15,11,0,23,46,14,79.36,166,334,8,1,89.72,0.00,0.00,0.00,2,11.00,18,9084.97,0,9,6,java.lang.Object,0.00,35,0,60,0,35,2,0,64,1568,1
"org.apache.jackrabbit.core.fs.local.FileUtil",3,0.00,5.00,45,0.58,43930.82,3,0,4,21,1,45.85,25,55,1,1,93.96,0.00,0.00,0.00,2,3.00,10,1739.07,0,0,0,java.lang.Object,0.00,18,0,15,0,18,3,0,8,316,2
"org.apache.jackrabbit.core.fs.local.LocalFileSystem",26,0.16,2.23,187,2.30,90861.55,28,2,13,56,9,132.00,88,248,4,1,111.39,0.00,0.00,0.65,2,0.00,6,6912.81,0,8,5,java.lang.Object,0.00,30,0,58,0,30,18,1,29,1428,1
"org.apache.jackrabbit.core.fs.local.LocalFileSystem$FileFilter",1,0.00,1.00,3,0.02,173.90,1,0,13,2,0,135.56,0,4,0,1,135.56,0.00,0.00,0.00,0,1.00,1,52.97,0,0,0,java.lang.Object,0.00,1,0,1,0,1,1,0,0,17,0
"org.apache.jackrabbit.core.fs.local.LocalFileSystem$FileFilter_0",1,0.00,1.00,3,0.02,173.90,1,0,13,2,0,135.56,0,4,0,1,135.56,0.00,0.00,0.00,0,1.00,1,52.97,0,0,0,java.lang.Object,0.00,1,0,1,0,1,1,0,0,17,0
"org.apache.jackrabbit.core.fs.local.RAFOutputStream",9,0.12,1.11,39,0.37,7311.79,15,6,3,14,2,93.38,59,50,1,3,125.60,0.00,0.67,0.28,2,17.00,2,1095.68,0,0,1,org.apache.jackrabbit.core.fs.RandomAccessOutputStream,0.30,5,2,10,0,5,9,0,17,260,0
"org.apache.jackrabbit.webdav.DavConstants",0,0.00,0.00,67,1.47,33145.46,66,66,2,2,34,171.00,38,70,34,1,171.00,0.00,0.00,0.00,0,0.00,0,4419.39,0,0,0,,0.00,2,0,0,0,2,0,0,15,613,1
"org.apache.jackrabbit.webdav.DavException",7,0.03,1.14,31,0.33,5676.52,12,5,4,15,60,83.31,52,43,59,2,125.60,1.00,0.33,0.23,1,30.00,2,996.19,0,3,2,java.lang.Exception,0.00,8,1,8,1,8,4,0,8,236,1
"org.apache.jackrabbit.webdav.DavLocatorFactory",2,0.00,1.00,3,0.02,130.34,2,0,0,2,7,106.72,18,4,7,1,156.71,0.00,0.00,0.00,0,2.00,1,69.87,0,2,1,,0.00,0,0,2,0,0,0,0,3,24,1
"org.apache.jackrabbit.webdav.DavMethods",3,0.00,2.00,103,1.73,63238.57,60,57,2,10,7,61.58,118,109,7,1,79.66,0.00,0.00,0.02,2,2.00,3,5198.32,0,0,0,java.lang.Object,0.00,7,0,6,0,7,3,0,33,825,1
"org.apache.jackrabbit.webdav.DavResource",31,3.00,1.00,35,0.25,1702.24,34,3,3,31,47,115.01,221,37,39,1,157.30,0.00,0.00,0.00,0,31.00,1,763.11,0,11,11,,0.00,0,0,31,0,0,20,0,35,251,1
"org.apache.jackrabbit.webdav.DavResourceFactory",2,0.00,1.00,3,0.03,184.32,2,0,0,2,20,111.40,22,4,15,1,155.53,0.00,0.00,0.00,0,2.00,1,94.16,0,2,6,,0.00,0,0,2,0,0,0,0,3,28,1
"org.apache.jackrabbit.webdav.DavResourceIterator",2,0.00,1.00,3,0.01,65.85,2,0,1,2,12,126.83,13,4,12,2,159.05,0.00,0.50,0.00,0,2.00,1,38.73,0,1,1,,0.00,0,1,2,0,0,1,0,3,16,1
"org.apache.jackrabbit.webdav.DavResourceIteratorImpl",6,0.07,1.00,17,0.12,1684.23,9,3,3,12,6,140.73,26,24,4,1,140.49,0.00,0.00,0.28,1,6.00,1,360.88,0,2,2,java.lang.Object,0.00,6,0,6,0,6,4,1,7,102,1
"org.apache.jackrabbit.webdav.DavResourceLocator",9,0.00,1.00,10,0.05,204.92,9,0,0,9,34,118.02,63,11,34,1,160.31,0.00,0.00,0.00,0,9.00,1,136.61,0,5,1,,0.00,0,0,9,0,0,4,0,10,55,1
"org.apache.jackrabbit.webdav.DavServletRequest",17,0.00,1.00,18,0.09,422.29,17,0,5,17,11,111.91,141,19,5,2,160.01,0.00,0.50,0.00,0,17.00,1,258.70,0,8,6,,0.00,0,1,17,0,0,9,0,18,103,1
"org.apache.jackrabbit.webdav.DavServletResponse",5,6.00,1.00,12,0.12,1085.81,11,6,4,5,38,131.01,77,13,36,2,141.37,0.00,0.50,0.00,0,5.00,1,345.73,0,0,3,,0.00,0,1,5,0,0,5,0,12,91,1
"org.apache.jackrabbit.webdav.DavSession",6,0.00,1.00,7,0.04,178.34,6,0,1,6,30,127.18,40,8,30,1,159.40,0.00,0.00,0.00,0,6.00,1,113.73,0,2,0,,0.00,0,0,6,0,0,4,0,7,43,1
"org.apache.jackrabbit.webdav.DavSessionProvider",2,0.00,1.00,3,0.02,98.54,2,0,0,2,5,113.54,22,4,3,1,157.67,0.00,0.00,0.00,0,2.00,1,56.18,0,0,2,,0.00,0,0,2,0,0,2,0,3,20,1
"org.apache.jackrabbit.webdav.MultiStatus",9,0.25,2.00,47,0.63,17914.45,11,2,6,37,20,76.50,68,68,15,1,118.79,0.00,0.00,0.28,3,31.00,4,1884.61,0,3,5,java.lang.Object,0.00,28,0,18,0,28,6,1,11,395,1
"org.apache.jackrabbit.webdav.MultiStatusResponse",16,0.00,2.50,129,1.77,75367.39,22,6,6,64,16,60.07,129,164,6,1,108.18,0.00,0.00,0.17,1,94.00,7,5295.76,0,6,10,java.lang.Object,0.00,48,0,40,0,48,10,1,35,1022,1
"org.apache.jackrabbit.webdav.MultiStatusResponse$Status",5,0.00,2.80,50,0.65,44624.97,8,3,6,17,1,152.35,5,67,0,1,102.35,0.00,0.00,0.33,0,9.00,10,1954.04,0,2,1,java.lang.Object,0.00,12,0,14,0,12,3,0,5,364,2
"org.apache.jackrabbit.webdav.WebdavRequest",0,0.00,0.00,1,0.01,66.44,0,0,4,0,12,171.00,7,4,8,6,171.00,0.00,0.83,0.00,0,0.00,0,33.22,0,0,4,,0.00,0,5,0,0,0,0,0,1,10,1
"org.apache.jackrabbit.webdav.WebdavRequestImpl",83,0.01,1.71,370,3.82,112907.09,93,10,31,196,32,163.63,206,517,2,1,123.74,0.00,0.00,0.11,8,0.00,9,11467.02,0,53,30,java.lang.Object,0.00,113,0,142,0,113,30,2,56,2489,1
"org.apache.jackrabbit.webdav.WebdavResponse",0,0.00,0.00,1,0.01,39.30,0,0,1,0,7,171.00,7,3,6,3,171.00,0.00,0.67,0.00,0,0.00,0,19.65,0,0,1,,0.00,0,2,0,0,0,0,0,1,7,1
"org.apache.jackrabbit.webdav.WebdavResponseImpl",38,0.08,1.08,107,1.13,20490.41,40,2,14,87,11,188.24,64,149,2,1,138.24,0.00,0.00,0.42,2,0.00,3,3402.12,0,8,9,java.lang.Object,0.00,49,0,41,0,49,30,1,16,826,1
"org.apache.jackrabbit.webdav.lock.AbstractActiveLock",1,0.00,4.00,24,0.32,15826.21,1,0,3,13,5,75.77,15,29,2,1,86.13,0.00,0.00,0.00,0,0.00,4,955.34,0,1,3,java.lang.Object,0.00,12,0,4,3,12,0,2,8,183,2
"org.apache.jackrabbit.webdav.lock.AbstractLockEntry",1,1.00,1.00,11,0.12,3819.90,2,1,3,7,3,55.84,8,13,1,1,103.95,0.00,0.00,0.00,0,0.00,1,370.29,0,1,2,java.lang.Object,0.00,6,0,1,3,6,0,2,2,88,2
"org.apache.jackrabbit.webdav.lock.ActiveLock",12,0.00,1.00,13,0.06,269.22,12,0,1,12,16,142.49,69,14,15,1,160.36,0.00,0.00,0.00,0,12.00,1,179.48,0,4,1,,0.00,0,0,12,0,0,8,0,13,72,1
"org.apache.jackrabbit.webdav.lock.DefaultActiveLock",13,0.08,1.23,36,0.34,6149.55,17,4,2,25,8,138.89,60,53,2,2,138.66,1.00,0.33,0.17,1,77.00,3,1022.08,0,4,6,org.apache.jackrabbit.webdav.lock.AbstractActiveLock,0.00,12,1,16,1,12,9,0,16,251,1
"org.apache.jackrabbit.webdav.lock.LockDiscovery",6,0.60,1.50,26,0.21,3564.32,7,1,6,13,6,94.38,38,33,3,2,126.61,0.00,0.50,0.50,1,6.00,2,637.45,1,2,3,org.apache.jackrabbit.webdav.property.AbstractDavProperty,0.17,7,1,9,0,7,4,0,7,157,1
"org.apache.jackrabbit.webdav.lock.LockEntry",3,0.00,1.00,4,0.01,64.24,3,0,1,3,4,128.30,18,5,2,1,160.52,0.00,0.00,0.00,0,3.00,1,42.83,0,3,2,,0.00,0,0,3,0,0,0,0,4,19,1
"org.apache.jackrabbit.webdav.lock.LockInfo",10,0.00,2.00,57,0.58,20874.49,16,6,4,26,15,70.52,81,73,13,1,118.63,0.00,0.00,0.17,1,50.00,8,1742.35,0,3,2,java.lang.Object,0.00,16,0,20,0,16,7,0,12,352,1
"org.apache.jackrabbit.webdav.lock.LockManager",5,0.00,1.00,6,0.07,360.30,5,0,2,5,11,107.89,51,10,6,1,156.37,0.00,0.00,0.00,0,5.00,1,198.80,0,3,6,,0.00,0,0,5,0,0,2,0,6,59,1
"org.apache.jackrabbit.webdav.lock.Scope",5,0.00,1.80,30,0.35,10189.76,10,5,4,18,23,83.56,34,40,22,1,115.78,0.00,0.00,0.20,1,10.00,3,1059.31,0,3,1,java.lang.Object,0.00,13,0,9,0,13,2,0,6,238,1
"org.apache.jackrabbit.webdav.lock.SimpleLockManager",6,0.40,4.50,65,1.13,51409.79,7,1,4,33,13,58.25,68,93,1,1,102.38,0.00,0.00,0.67,1,0.00,8,3403.34,0,3,12,java.lang.Object,0.00,27,0,27,0,27,3,1,22,631,1
"org.apache.jackrabbit.webdav.lock.SupportedLock",7,0.17,1.57,29,0.30,5323.39,8,1,5,19,6,83.46,51,41,2,2,125.75,0.00,0.50,0.86,0,0.00,3,889.15,1,3,4,org.apache.jackrabbit.webdav.property.AbstractDavProperty,0.15,12,1,11,0,12,4,0,10,209,1
"org.apache.jackrabbit.webdav.lock.SupportedLock$WriteLockEntry",3,1.00,1.67,12,0.13,3382.38,4,1,5,7,2,92.17,19,18,0,2,124.39,0.00,0.50,0.33,0,4.00,3,379.23,0,1,2,org.apache.jackrabbit.webdav.lock.AbstractLockEntry,0.00,4,1,5,0,4,2,0,4,92,3
"org.apache.jackrabbit.webdav.lock.Type",5,0.00,1.80,29,0.32,8949.45,9,4,4,18,16,86.95,33,39,15,1,119.18,0.00,0.00,0.25,1,10.00,3,964.92,0,3,1,java.lang.Object,0.00,13,0,9,0,13,2,0,6,219,1
"org.apache.jackrabbit.core.state.xml.XMLPersistenceManager",23,0.12,4.91,472,7.78,454163.01,52,29,38,145,22,70.40,135,633,0,2,88.28,0.00,0.50,0.15,6,0.00,15,23349.12,1,8,22,org.apache.jackrabbit.core.state.AbstractPersistenceManager,0.00,122,1,113,0,122,15,0,87,3819,1
"org.apache.jackrabbit.core.observation.ChangeLogBasedHierarchyMgr",1,0.00,1.00,5,0.06,532.41,1,0,14,3,12,170.73,23,13,1,2,123.46,0.00,0.50,0.00,0,1.00,1,169.19,0,0,11,org.apache.jackrabbit.core.HierarchyManagerImpl,0.00,2,1,1,0,2,1,0,4,45,0
"org.apache.jackrabbit.core.observation.ChangeLogBasedHierarchyMgr$AtticItemStateManager",5,0.50,1.40,21,0.19,3459.90,6,1,14,13,8,93.88,33,27,0,1,126.10,0.00,0.00,0.60,0,2.00,2,555.83,0,2,8,java.lang.Object,0.00,8,0,7,0,8,3,1,6,135,2
"org.apache.jackrabbit.core.observation.ChangeLogBasedHierarchyMgr$ChangeLogItemStateManager",5,0.12,1.80,22,0.20,4078.84,7,2,14,9,8,77.37,42,35,0,1,125.48,0.00,0.00,0.40,0,7.00,3,601.53,0,2,8,java.lang.Object,0.00,4,0,9,0,4,3,1,11,145,2
"org.apache.jackrabbit.core.observation.DelegatingObservationDispatcher",3,0.00,1.33,14,0.14,2647.09,4,1,5,12,6,77.17,26,19,3,1,125.28,0.00,0.00,1.00,0,0.00,2,433.38,0,0,3,java.lang.Object,0.00,9,0,4,0,9,3,0,5,101,1
"org.apache.jackrabbit.core.observation.DispatchAction",3,0.25,1.00,10,0.05,504.44,5,2,1,3,2,85.68,27,14,1,1,135.68,0.00,0.00,0.33,0,5.00,1,154.86,0,1,1,java.lang.Object,0.00,0,0,3,0,0,2,0,6,48,0
"org.apache.jackrabbit.core.observation.EventConsumer",7,0.19,3.86,76,0.99,34522.49,13,6,17,36,13,74.93,92,106,4,1,104.31,0.00,0.00,0.33,0,0.00,9,2973.79,0,2,9,java.lang.Object,0.00,29,0,27,0,29,5,0,24,560,0
"org.apache.jackrabbit.core.observation.EventFilter",4,0.17,4.00,65,0.87,65107.35,14,10,8,24,10,139.87,95,84,4,1,92.60,0.00,0.00,0.22,0,6.00,13,2617.87,0,2,6,java.lang.Object,0.00,20,0,16,1,20,2,0,28,467,0
"org.apache.jackrabbit.core.observation.EventFilter$BlockAllFilter",2,0.00,1.00,5,0.03,264.06,2,0,8,2,2,143.31,8,8,0,2,143.07,0.00,0.50,0.00,0,2.00,1,97.53,0,0,2,org.apache.jackrabbit.core.observation.EventFilter,0.33,0,1,2,0,0,2,0,2,32,3
"org.apache.jackrabbit.core.observation.EventImpl",9,0.06,1.78,51,0.61,22410.31,13,4,7,31,9,75.76,70,71,4,1,118.05,0.00,0.00,0.31,4,0.00,4,1815.64,0,5,5,java.lang.Object,0.00,22,0,16,0,22,4,1,16,390,2
"org.apache.jackrabbit.core.observation.EventListenerIteratorImpl",9,0.06,1.78,44,0.35,7284.61,13,4,7,19,2,93.29,61,61,1,1,125.51,0.00,0.00,0.19,3,21.00,4,1048.79,0,2,1,java.lang.Object,0.00,10,0,16,0,10,7,1,15,251,0
"org.apache.jackrabbit.core.observation.EventState",18,0.00,1.67,90,1.04,32466.50,27,9,4,28,11,70.69,184,178,9,1,119.17,0.00,0.00,0.11,2,130.00,6,3132.65,0,14,2,java.lang.Object,0.00,10,0,30,0,10,4,0,29,689,1
"org.apache.jackrabbit.core.observation.EventStateCollection",10,0.03,4.00,173,3.48,601648.76,14,4,25,63,25,49.58,124,255,10,1,87.15,0.00,0.00,0.28,4,26.00,27,10446.58,0,5,17,java.lang.Object,0.00,53,0,40,0,53,5,0,64,1580,2
"org.apache.jackrabbit.core.observation.FilteredEventIterator",9,0.02,1.67,41,0.37,9757.59,15,6,7,19,5,92.30,62,61,1,1,124.52,0.00,0.00,0.19,2,24.00,5,1118.03,0,2,4,java.lang.Object,0.00,10,0,15,0,10,7,1,17,257,0
"org.apache.jackrabbit.core.observation.ObservationManagerFactory",10,0.17,2.20,87,0.92,20458.39,19,9,10,40,9,61.06,91,111,5,1,111.06,0.00,0.00,0.27,2,34.00,4,2751.56,0,3,6,java.lang.Object,0.00,30,0,22,0,30,7,1,32,570,2
"org.apache.jackrabbit.core.observation.ObservationManagerImpl",6,0.25,2.17,49,0.61,24030.85,10,4,11,24,13,60.66,48,84,3,1,108.77,0.00,0.00,0.46,2,0.00,4,1838.41,0,1,11,java.lang.Object,0.00,18,0,13,0,18,5,1,13,362,1
"org.apache.jackrabbit.core.observation.ReorderTest",1,0.00,3.00,26,0.41,18040.07,1,0,6,13,4,98.23,34,31,1,5,84.45,0.00,0.80,0.00,0,0.00,3,1234.58,4,0,3,org.apache.jackrabbit.test.api.observation.AbstractObservationTest,0.00,12,4,3,0,12,1,0,6,215,1
"org.apache.jackrabbit.core.observation.SynchronousEventListener",0,0.00,0.00,1,0.01,31.02,0,0,1,0,0,171.00,8,2,0,2,171.00,0.00,0.50,0.00,0,0.00,0,15.51,0,0,0,,0.00,0,1,0,0,0,0,0,1,6,1
"org.apache.jackrabbit.core.observation.TestAll",1,0.00,1.00,5,0.04,864.35,1,0,3,3,1,77.67,11,7,0,2,121.80,0.00,0.50,0.00,0,1.00,1,115.51,0,1,1,junit.framework.TestCase,0.00,2,1,1,0,2,0,0,2,31,1
"org.apache.jackrabbit.webdav.client.methods.DavMethodBase",7,0.83,1.86,38,0.46,11662.63,8,1,14,22,8,169.41,11,54,4,2,119.41,4.00,0.17,0.29,2,13.00,4,1371.12,0,3,4,org.apache.commons.httpclient.methods.EntityEnclosingMethod,0.00,15,1,13,4,15,4,1,5,290,2
"org.apache.jackrabbit.webdav.client.methods.OptionsMethod",2,1.00,1.00,6,0.05,721.62,3,1,2,3,2,183.06,3,9,0,3,133.06,0.00,0.67,0.00,0,2.00,1,141.36,0,1,2,org.apache.jackrabbit.webdav.client.methods.DavMethodBase,0.00,1,2,2,0,1,1,0,1,40,1
"org.apache.jackrabbit.webdav.client.methods.PropFindMethod",5,1.00,1.80,29,0.37,9955.11,6,1,14,17,8,118.81,4,40,0,3,118.81,0.00,0.67,0.00,0,10.00,5,1101.25,1,1,8,org.apache.jackrabbit.webdav.client.methods.DavMethodBase,0.00,12,2,9,0,12,4,0,2,224,1
"org.apache.jackrabbit.webdav.client.methods.ReportMethod",2,1.00,1.00,11,0.12,1963.16,3,1,5,10,4,171.37,3,14,0,3,121.37,0.00,0.67,0.00,0,2.00,1,362.13,1,1,4,org.apache.jackrabbit.webdav.client.methods.DavMethodBase,0.00,8,2,2,0,8,1,0,1,84,1
"org.apache.jackrabbit.webdav.client.methods.SearchMethod",3,1.00,1.33,11,0.13,2727.76,4,1,4,6,3,179.84,4,16,0,3,129.84,0.00,0.67,0.00,0,3.00,2,376.18,1,1,3,org.apache.jackrabbit.webdav.client.methods.DavMethodBase,0.00,3,2,4,0,3,2,0,2,92,1
"org.apache.jackrabbit.core.query.xpath.QueryFormat",16,0.16,4.12,248,3.48,161092.63,19,3,26,81,22,135.17,39,295,2,1,95.28,0.00,0.00,0.48,1,0.00,14,10440.04,0,14,21,java.lang.Object,0.00,65,0,66,0,65,2,2,10,1894,0
"org.apache.jackrabbit.core.query.xpath.SimpleNode",20,0.06,1.45,68,0.59,14946.68,25,5,0,27,2,130.49,17,90,2,1,130.49,0.00,0.00,0.14,3,204.00,4,1770.85,0,5,0,java.lang.Object,0.00,7,0,29,0,7,15,1,6,428,1
"org.apache.jackrabbit.core.query.xpath.XPathQueryBuilder",13,0.08,10.00,411,7.94,661928.11,43,30,28,107,26,86.91,225,534,3,1,77.77,0.00,0.00,0.11,4,0.00,41,23805.07,0,8,24,java.lang.Object,0.00,94,0,130,0,94,5,2,87,3650,1
"org.apache.jackrabbit.rmi.client.ClientAdapterFactory",19,0.00,1.00,39,0.37,4078.12,19,0,38,38,41,123.54,111,62,2,1,141.41,0.00,0.00,0.00,0,19.00,1,1118.27,0,19,39,java.lang.Object,0.00,19,0,19,0,19,0,1,20,303,1
"org.apache.jackrabbit.rmi.client.ClientItem",15,0.14,2.00,65,0.60,14875.83,17,2,8,31,8,125.02,65,105,3,1,124.79,0.00,0.00,0.37,2,0.00,6,1790.09,2,5,5,org.apache.jackrabbit.rmi.client.ClientObject,0.00,16,1,30,4,16,10,1,18,422,1
"org.apache.jackrabbit.rmi.client.ClientItemDefinition",7,0.17,1.86,29,0.24,4404.38,8,1,4,15,7,146.97,27,49,3,1,126.36,0.00,0.00,0.86,0,0.00,2,714.14,1,2,4,org.apache.jackrabbit.rmi.client.ClientObject,0.00,8,1,13,2,8,5,1,9,180,1
"org.apache.jackrabbit.rmi.client.ClientLock",8,0.07,1.75,32,0.25,4610.01,10,2,5,16,4,147.29,29,53,1,1,126.67,0.00,0.00,0.44,0,0.00,2,747.66,0,3,3,java.lang.Object,0.00,8,0,14,0,8,5,1,11,191,1
"org.apache.jackrabbit.rmi.client.ClientNamespaceRegistry",7,0.17,1.86,29,0.28,6048.57,8,1,4,14,5,145.89,24,52,1,1,125.27,0.00,0.00,0.86,0,0.00,2,841.90,0,4,4,org.apache.jackrabbit.rmi.client.ClientObject,0.00,7,1,13,0,7,3,1,9,202,1
"org.apache.jackrabbit.rmi.client.ClientNode",60,0.22,1.82,239,2.75,61903.28,61,1,28,118,10,179.33,87,415,3,2,129.33,2.00,0.25,0.78,2,0.00,2,8236.90,6,35,7,org.apache.jackrabbit.rmi.client.ClientItem,0.02,58,2,109,2,58,25,1,62,1874,1
"org.apache.jackrabbit.rmi.client.ClientNodeDefinition",4,0.33,1.75,17,0.15,2686.53,5,1,4,9,5,108.28,20,28,1,2,126.15,0.00,0.50,0.75,0,0.00,2,446.43,2,2,4,org.apache.jackrabbit.rmi.client.ClientItemDefinition,0.00,5,2,7,0,5,2,1,6,112,1
"org.apache.jackrabbit.rmi.client.ClientNodeType",17,0.06,1.94,72,0.68,14110.58,18,1,8,34,7,175.40,33,122,1,1,125.40,0.00,0.00,0.94,0,0.00,2,2046.65,3,8,6,org.apache.jackrabbit.rmi.client.ClientObject,0.00,17,1,33,0,17,9,1,19,486,1
"org.apache.jackrabbit.rmi.client.ClientNodeTypeManager",5,0.25,1.80,21,0.21,4051.67,6,1,6,11,5,125.74,22,37,1,1,125.50,0.00,0.00,0.80,0,0.00,2,619.38,2,4,4,org.apache.jackrabbit.rmi.client.ClientObject,0.00,6,1,9,0,6,1,1,7,149,1
"org.apache.jackrabbit.rmi.client.ClientObject",12,0.36,2.33,90,0.88,36893.73,13,1,24,24,24,67.69,136,103,11,1,111.82,0.00,0.00,0.67,3,0.00,3,2632.73,0,11,13,java.lang.Object,0.00,12,0,28,17,12,1,0,20,573,1
"org.apache.jackrabbit.rmi.client.ClientProperty",25,0.71,1.36,75,0.72,13571.39,26,1,19,51,6,131.83,124,117,1,2,131.60,0.00,0.50,0.32,3,97.00,2,2147.56,2,7,5,org.apache.jackrabbit.rmi.client.ClientItem,0.00,26,2,34,0,26,18,1,27,541,1
"org.apache.jackrabbit.rmi.client.ClientPropertyDefinition",5,0.25,1.80,21,0.17,3273.31,6,1,4,10,5,126.47,21,36,1,2,126.23,0.00,0.50,0.80,0,0.00,2,513.29,0,2,4,org.apache.jackrabbit.rmi.client.ClientItemDefinition,0.00,5,2,9,0,5,3,1,7,130,1
"org.apache.jackrabbit.rmi.client.ClientQuery",6,0.10,1.83,27,0.25,4721.00,8,2,7,14,6,125.83,24,45,1,1,125.60,0.00,0.00,0.58,0,0.00,2,753.79,2,5,5,org.apache.jackrabbit.rmi.client.ClientObject,0.00,8,1,11,0,8,1,1,9,182,1
"org.apache.jackrabbit.rmi.client.ClientQueryManager",4,0.17,1.75,21,0.23,4860.42,6,2,8,11,7,102.63,22,35,1,1,120.51,0.00,0.00,0.62,0,0.00,2,678.88,1,3,6,org.apache.jackrabbit.rmi.client.ClientObject,0.00,7,1,7,0,7,1,1,8,155,1
"org.apache.jackrabbit.rmi.client.ClientQueryResult",4,0.00,2.75,39,0.41,18824.75,6,2,13,11,9,88.38,22,50,1,1,106.25,0.00,0.00,0.50,0,0.00,4,1239.93,0,3,8,org.apache.jackrabbit.rmi.client.ClientObject,0.00,7,1,11,0,7,1,1,7,253,1
"org.apache.jackrabbit.rmi.client.ClientRepository",7,0.17,1.86,33,0.36,7866.13,8,1,7,13,7,144.99,23,55,1,1,124.38,0.00,0.00,0.86,0,0.00,2,1078.16,1,6,6,org.apache.jackrabbit.rmi.client.ClientObject,0.00,6,1,13,0,6,1,1,9,243,1
"org.apache.jackrabbit.rmi.client.ClientRepositoryFactory",5,0.17,2.00,28,0.33,7806.11,8,3,15,18,6,82.06,64,44,3,1,119.62,0.00,0.00,0.20,1,11.00,4,989.47,0,3,3,java.lang.Object,0.00,13,0,10,0,13,2,1,9,216,1
"org.apache.jackrabbit.rmi.client.ClientRow",3,0.50,1.67,12,0.11,2092.92,4,1,5,6,3,108.16,17,20,1,1,126.03,0.00,0.00,0.67,0,1.00,2,316.43,0,2,2,java.lang.Object,0.00,3,0,5,0,3,1,1,5,79,1
"org.apache.jackrabbit.rmi.client.ClientSession",31,0.02,2.13,149,1.74,43424.64,33,2,26,73,7,163.48,85,259,1,1,123.59,0.00,0.00,0.48,1,0.00,5,5228.06,2,14,6,org.apache.jackrabbit.rmi.client.ClientObject,0.00,42,1,66,0,42,17,1,34,1133,1
"org.apache.jackrabbit.rmi.client.ClientVersion",5,0.25,1.80,21,0.22,4284.58,6,1,7,11,5,125.55,22,36,1,3,125.31,0.00,0.67,0.80,0,0.00,2,658.24,3,4,4,org.apache.jackrabbit.rmi.client.ClientNode,0.00,6,3,9,0,6,1,1,7,156,1
"org.apache.jackrabbit.rmi.client.ClientVersionHistory",13,0.08,1.92,55,0.62,13028.36,14,1,9,26,5,164.65,32,101,1,3,124.76,0.00,0.67,0.92,0,0.00,2,1856.06,3,7,4,org.apache.jackrabbit.rmi.client.ClientNode,0.00,13,3,25,0,13,6,1,17,424,1
"org.apache.jackrabbit.rmi.client.ClientWorkspace",15,0.11,1.73,65,0.71,17628.97,17,2,19,34,10,164.12,40,109,1,1,124.24,0.00,0.00,0.40,0,0.00,3,2121.13,1,8,9,org.apache.jackrabbit.rmi.client.ClientObject,0.00,19,1,26,0,19,7,1,21,479,1
"org.apache.jackrabbit.rmi.client.LocalAdapterFactory",19,0.00,1.00,20,0.13,403.08,19,0,38,19,40,112.45,160,21,21,1,160.55,0.00,0.00,0.00,0,19.00,1,398.08,0,19,19,,0.00,0,0,19,0,0,0,0,20,141,1
"org.apache.jackrabbit.rmi.client.RemoteRepositoryException",1,0.00,1.00,3,0.02,106.02,1,0,2,1,15,126.90,15,5,15,2,137.25,0.00,0.50,0.00,0,1.00,1,45.51,0,0,0,javax.jcr.RepositoryException,0.00,0,1,1,0,0,1,0,2,16,1
"org.apache.jackrabbit.rmi.client.RemoteRuntimeException",1,0.00,1.00,3,0.02,106.02,1,0,1,1,11,126.90,15,5,11,2,137.25,0.00,0.50,0.00,0,1.00,1,45.51,0,0,0,java.lang.RuntimeException,0.00,0,1,1,0,0,1,0,2,16,1
"org.apache.jackrabbit.rmi.server.RemoteAdapterFactory",19,0.00,1.00,20,0.16,699.00,19,0,39,19,39,110.56,162,29,20,1,158.67,0.00,0.00,0.00,0,19.00,1,466.00,0,19,19,,0.00,0,0,19,0,0,0,0,20,157,1
"org.apache.jackrabbit.rmi.server.ServerAdapterFactory",19,0.00,1.00,39,0.39,4643.74,19,0,39,38,43,141.20,87,74,5,1,140.96,0.00,0.00,0.00,0,19.00,1,1167.53,0,19,39,java.lang.Object,0.00,19,0,19,0,19,0,1,20,309,1
"org.apache.jackrabbit.rmi.server.ServerItem",11,0.10,1.73,41,0.37,6995.17,12,1,5,21,7,170.89,31,72,3,2,131.00,4.00,0.17,0.91,0,0.00,2,1101.01,3,4,4,org.apache.jackrabbit.rmi.server.ServerObject,0.00,10,2,19,4,10,7,1,13,274,1
"org.apache.jackrabbit.rmi.server.ServerItemDefinition",7,0.17,1.00,17,0.14,1794.91,8,1,4,14,7,141.04,29,26,3,2,140.80,2.00,0.25,0.86,0,0.00,1,416.21,1,2,4,org.apache.jackrabbit.rmi.server.ServerObject,0.00,7,2,7,2,7,5,1,9,116,1
"org.apache.jackrabbit.rmi.server.ServerLock",7,0.17,1.00,16,0.12,1568.76,8,1,5,13,2,161.88,23,24,1,1,141.26,0.00,0.00,0.86,0,0.00,1,371.85,0,2,1,java.rmi.server.UnicastRemoteObject,0.00,6,1,7,0,6,5,1,9,106,1
"org.apache.jackrabbit.rmi.server.ServerNamespaceRegistry",7,0.17,1.86,29,0.28,5980.53,8,1,4,13,4,145.93,26,56,1,2,125.31,0.00,0.50,0.86,0,0.00,2,840.22,1,4,3,org.apache.jackrabbit.rmi.server.ServerObject,0.00,6,2,13,0,6,3,1,9,204,1
"org.apache.jackrabbit.rmi.server.ServerNode",49,0.02,1.98,202,2.20,47540.51,50,1,16,97,13,174.86,81,384,3,3,124.86,1.00,0.40,0.98,1,0.00,2,6589.59,7,26,10,org.apache.jackrabbit.rmi.server.ServerItem,0.00,48,3,97,2,48,23,1,57,1529,1
"org.apache.jackrabbit.rmi.server.ServerNodeDefinition",4,0.33,1.00,11,0.10,1346.78,5,1,4,8,5,122.00,22,17,1,3,139.87,0.00,0.67,0.75,0,0.00,1,299.44,2,2,4,org.apache.jackrabbit.rmi.server.ServerItemDefinition,0.00,4,3,4,0,4,2,1,6,81,1
"org.apache.jackrabbit.rmi.server.ServerNodeType",17,0.19,1.00,39,0.38,5471.64,18,1,7,30,6,179.91,35,62,1,2,140.02,0.00,0.50,0.82,2,0.00,1,1143.94,3,8,5,org.apache.jackrabbit.rmi.server.ServerObject,0.00,13,2,17,0,13,9,1,19,303,1
"org.apache.jackrabbit.rmi.server.ServerNodeTypeManager",5,0.25,1.80,21,0.21,4352.24,6,1,5,10,5,125.49,24,42,1,2,125.26,0.00,0.50,0.80,0,0.00,2,643.65,3,4,4,org.apache.jackrabbit.rmi.server.ServerObject,0.00,5,2,9,0,5,1,1,7,154,1
"org.apache.jackrabbit.rmi.server.ServerObject",13,0.25,3.92,146,1.56,78956.78,14,1,40,49,20,57.92,155,166,12,1,102.05,0.00,0.00,0.77,1,0.00,19,4680.70,0,12,8,java.rmi.server.UnicastRemoteObject,0.00,36,1,51,18,36,1,0,23,974,1
"org.apache.jackrabbit.rmi.server.ServerProperty",9,0.12,1.89,37,0.36,7437.35,10,1,7,19,6,146.04,27,67,1,3,125.42,0.00,0.67,0.89,0,0.00,2,1082.59,2,3,5,org.apache.jackrabbit.rmi.server.ServerItem,0.00,10,3,17,0,10,6,1,11,261,1
"org.apache.jackrabbit.rmi.server.ServerPropertyDefinition",5,0.25,1.00,13,0.11,1558.13,6,1,5,10,5,140.37,24,21,1,3,140.13,0.00,0.67,0.80,0,0.00,1,337.32,0,2,4,org.apache.jackrabbit.rmi.server.ServerItemDefinition,0.00,5,3,5,0,5,3,1,7,92,1
"org.apache.jackrabbit.rmi.server.ServerQuery",6,0.20,1.00,15,0.14,1807.56,7,1,6,12,7,160.86,23,26,1,2,140.25,0.00,0.50,0.83,0,0.00,1,413.34,1,5,6,org.apache.jackrabbit.rmi.server.ServerObject,0.00,6,2,6,0,6,1,1,8,111,1
"org.apache.jackrabbit.rmi.server.ServerQueryManager",4,0.33,1.50,17,0.18,3679.91,5,1,7,8,4,107.24,23,31,1,2,125.11,0.00,0.50,0.75,0,0.00,2,551.08,2,3,4,org.apache.jackrabbit.rmi.server.ServerObject,0.00,4,2,6,0,4,1,1,7,128,1
"org.apache.jackrabbit.rmi.server.ServerQueryResult",4,0.33,2.00,31,0.31,11226.49,5,1,8,12,7,94.29,23,37,2,2,112.16,0.00,0.50,0.75,0,0.00,3,931.86,0,3,5,org.apache.jackrabbit.rmi.server.ServerObject,0.00,8,2,8,0,8,1,1,8,199,1
"org.apache.jackrabbit.rmi.server.ServerRepository",7,0.17,1.57,29,0.32,6558.95,8,1,7,11,5,145.65,25,50,1,2,125.04,0.00,0.50,0.86,0,0.00,2,947.88,2,6,4,org.apache.jackrabbit.rmi.server.ServerObject,0.00,4,2,11,0,4,1,1,9,219,1
"org.apache.jackrabbit.rmi.server.ServerRow",3,0.50,1.00,9,0.09,1205.59,4,1,6,6,5,100.47,20,15,1,2,132.70,0.00,0.50,0.67,0,1.00,1,260.25,0,2,4,org.apache.jackrabbit.rmi.server.ServerObject,0.00,3,2,3,0,3,1,1,5,68,1
"org.apache.jackrabbit.rmi.server.ServerSession",27,0.04,1.56,92,0.97,20682.18,28,1,12,58,7,180.39,44,168,1,2,130.39,0.00,0.50,0.96,0,0.00,2,2904.65,4,12,6,org.apache.jackrabbit.rmi.server.ServerObject,0.00,31,2,42,0,31,15,1,29,694,1
"org.apache.jackrabbit.rmi.server.ServerVersion",5,0.25,1.80,21,0.20,4085.00,6,1,6,10,5,93.25,31,36,1,4,125.47,0.00,0.75,0.80,0,0.00,2,606.71,3,4,4,org.apache.jackrabbit.rmi.server.ServerNode,0.00,5,4,9,0,5,1,1,16,148,1
"org.apache.jackrabbit.rmi.server.ServerVersionHistory",13,0.08,1.77,52,0.57,12575.51,14,1,6,25,5,145.51,41,96,1,4,124.90,0.00,0.75,0.92,0,0.00,3,1708.26,4,7,4,org.apache.jackrabbit.rmi.server.ServerNode,0.00,12,4,23,0,12,6,1,25,397,1
"org.apache.jackrabbit.rmi.server.ServerWorkspace",11,0.30,1.82,46,0.51,11198.14,12,1,12,23,7,164.60,26,88,1,2,124.72,0.00,0.50,0.73,2,0.00,2,1540.12,2,5,6,org.apache.jackrabbit.rmi.server.ServerObject,0.00,12,2,20,0,12,6,1,13,357,1
"org.apache.jackrabbit.server.simple.dav.lock.SimpleLockManager",6,0.40,4.50,65,1.13,51409.79,7,1,5,33,11,58.25,68,93,0,1,102.38,0.00,0.00,0.67,1,0.00,8,3403.34,0,0,11,java.lang.Object,0.00,27,0,27,0,27,6,1,22,631,1
"org.apache.jackrabbit.webdav.jcr.observation.SubscriptionImpl",16,0.01,1.94,90,0.87,21791.55,22,6,11,45,11,77.80,117,116,2,1,120.09,0.00,0.00,0.16,1,128.00,6,2619.63,0,7,9,java.lang.Object,0.00,29,0,31,0,29,9,3,25,583,1
"org.apache.jackrabbit.webdav.jcr.observation.SubscriptionImpl$EventBundle",2,1.00,2.00,20,0.34,11839.40,3,1,11,15,1,143.72,4,26,0,1,103.83,0.00,0.00,0.50,0,2.00,3,1029.57,0,1,1,java.lang.Object,0.00,13,0,4,0,13,1,0,4,188,1
"org.apache.jackrabbit.webdav.jcr.observation.SubscriptionManagerImpl",7,0.08,1.86,52,0.72,20458.89,9,2,7,41,12,67.91,82,79,1,1,112.04,0.00,0.00,0.43,3,4.00,4,2145.38,0,3,11,java.lang.Object,0.00,34,0,13,0,34,4,1,14,437,1
"org.apache.jackrabbit.webdav.jcr.observation.SubscriptionManagerImpl$SubscriptionMap",5,0.38,1.80,32,0.38,11401.89,7,2,7,19,3,115.39,0,42,0,1,115.39,0.00,0.00,0.80,0,0.00,3,1141.30,0,1,3,java.lang.Object,0.00,14,0,9,0,14,4,0,0,250,1
"org.apache.jackrabbit.core.jndi.provider.DummyContext",34,0.42,1.41,121,1.23,26112.70,36,2,17,57,2,151.02,113,169,2,2,130.40,0.00,0.50,0.09,14,198.00,3,3702.92,1,21,0,java.util.Hashtable,0.00,23,1,48,0,23,13,2,39,879,0
"org.apache.jackrabbit.core.jndi.provider.DummyContext$BindingEnum",2,0.00,1.00,6,0.05,692.27,2,0,17,5,0,133.21,0,9,0,2,133.21,0.00,0.50,0.00,0,2.00,1,143.20,0,1,0,org.apache.jackrabbit.core.jndi.provider.NamingEnum,0.00,3,1,2,0,3,1,0,0,41,0
"org.apache.jackrabbit.core.jndi.provider.DummyContext$FlatNameParser",1,0.00,1.00,7,0.06,832.71,2,1,17,3,0,137.09,3,10,0,1,116.48,0.00,0.00,1.00,0,0.00,1,180.99,0,1,0,java.lang.Object,0.00,2,0,1,0,2,0,1,1,49,1
"org.apache.jackrabbit.core.jndi.provider.DummyContext$NamingEnum",6,0.20,1.00,17,0.13,1732.88,8,2,17,13,0,140.39,0,24,0,1,140.39,0.00,0.00,0.33,2,6.00,1,398.94,0,2,0,java.lang.Object,0.00,7,0,6,0,7,4,1,0,110,0
"org.apache.jackrabbit.core.jndi.provider.DummyInitialContextFactory",1,0.00,3.00,12,0.15,6408.85,2,1,5,7,2,50.52,9,17,1,1,100.51,0.00,0.00,1.00,0,0.00,3,443.66,0,1,1,java.lang.Object,0.00,6,0,3,0,6,0,1,3,94,1
"org.apache.jackrabbit.test.api.version.AbstractMergeTest",3,0.38,4.33,51,0.62,19619.44,11,8,8,21,7,65.34,40,62,6,4,94.72,2.00,0.30,0.38,1,1.00,7,1849.26,2,0,1,org.apache.jackrabbit.test.AbstractJCRTest,0.80,18,3,13,6,18,3,0,20,344,2
"org.apache.jackrabbit.test.api.version.AbstractOnParentVersionTest",2,0.60,2.50,21,0.28,5937.39,7,5,5,13,6,56.14,19,27,5,5,106.14,1.25,0.40,0.50,0,0.00,3,842.14,1,1,1,org.apache.jackrabbit.test.api.version.AbstractVersionTest,0.38,11,4,5,5,11,1,0,5,171,2
"org.apache.jackrabbit.test.api.version.AbstractVersionTest",4,0.13,3.75,49,0.62,20126.89,9,5,7,18,15,69.07,27,72,14,4,101.29,6.67,0.12,0.30,0,2.00,10,1864.43,4,1,1,org.apache.jackrabbit.test.AbstractJCRTest,0.73,14,3,15,20,14,3,0,8,352,1
"org.apache.jackrabbit.test.api.version.CheckinTest",10,0.00,1.30,44,0.48,7840.86,10,0,7,26,2,93.47,60,61,1,5,125.69,0.00,0.80,0.00,0,0.00,2,1444.15,2,0,1,org.apache.jackrabbit.test.api.version.AbstractVersionTest,0.24,16,4,13,0,16,10,0,13,334,1
"org.apache.jackrabbit.test.api.version.CheckoutTest",7,0.00,3.14,64,0.79,28676.67,7,0,7,32,2,74.47,48,89,1,5,106.69,0.00,0.80,0.00,0,0.00,7,2376.27,1,0,1,org.apache.jackrabbit.test.api.version.AbstractVersionTest,0.28,25,4,22,0,25,7,0,17,459,1
"org.apache.jackrabbit.test.api.version.GetContainingHistoryTest",1,0.00,1.00,5,0.06,832.44,1,0,2,7,2,101.79,14,9,1,5,121.93,0.00,0.80,0.00,0,0.00,1,180.51,0,0,1,org.apache.jackrabbit.test.api.version.AbstractVersionTest,0.00,6,4,1,0,6,1,0,3,43,1
"org.apache.jackrabbit.test.api.version.GetCreatedTest",2,0.00,1.00,13,0.16,2111.18,2,0,4,13,2,68.17,19,16,1,5,118.16,0.00,0.80,0.00,0,0.00,1,473.38,0,0,1,org.apache.jackrabbit.test.api.version.AbstractVersionTest,0.00,11,4,2,0,11,2,0,5,104,1
"org.apache.jackrabbit.test.api.version.GetPredecessorsTest",1,0.00,1.00,5,0.05,679.73,1,0,2,5,2,122.15,16,7,1,5,122.62,0.00,0.80,0.00,0,0.00,1,156.06,0,0,1,org.apache.jackrabbit.test.api.version.AbstractVersionTest,0.00,4,4,1,0,4,1,0,3,38,1
"org.apache.jackrabbit.test.api.version.GetReferencesNodeTest",3,0.50,2.00,34,0.35,6752.56,7,4,6,17,2,57.12,31,41,1,4,105.60,0.00,0.75,0.58,1,0.00,3,1042.17,1,0,1,org.apache.jackrabbit.test.AbstractJCRTest,0.40,14,3,6,0,14,3,0,11,217,1
"org.apache.jackrabbit.test.api.version.GetVersionableUUIDTest",1,0.00,1.00,5,0.06,682.63,1,0,2,7,2,102.47,14,9,1,5,122.61,0.00,0.80,0.00,0,0.00,1,166.78,0,0,1,org.apache.jackrabbit.test.api.version.AbstractVersionTest,0.00,6,4,1,0,6,1,0,3,41,1
"org.apache.jackrabbit.test.api.version.MergeCancelMergeTest",3,0.50,1.00,33,0.49,11855.24,4,1,5,23,1,59.70,34,37,0,5,103.83,0.00,0.80,0.67,0,0.00,1,1456.07,1,0,1,org.apache.jackrabbit.test.api.version.AbstractMergeTest,0.77,20,4,3,0,20,3,0,18,283,1
"org.apache.jackrabbit.test.api.version.MergeCheckedoutSubNodeTest",4,0.33,1.25,33,0.45,8578.91,5,1,3,23,1,62.55,40,40,0,5,111.03,0.00,0.80,0.75,0,0.00,2,1359.33,1,0,1,org.apache.jackrabbit.test.api.version.AbstractMergeTest,0.71,19,4,5,0,19,4,0,20,277,1
"org.apache.jackrabbit.test.api.version.MergeDoneMergeTest",3,0.50,1.00,33,0.49,11855.24,4,1,5,23,1,59.70,34,37,0,5,103.83,0.00,0.80,0.67,0,0.00,1,1456.07,1,0,1,org.apache.jackrabbit.test.api.version.AbstractMergeTest,0.77,20,4,3,0,20,3,0,18,283,1
"org.apache.jackrabbit.test.api.version.MergeNodeTest",11,0.10,2.18,106,1.34,32009.30,12,1,12,53,2,57.95,105,138,0,5,107.95,0.00,0.80,0.91,0,0.00,5,4028.57,2,0,2,org.apache.jackrabbit.test.api.version.AbstractMergeTest,0.48,42,4,24,0,42,11,0,64,776,1
"org.apache.jackrabbit.test.api.version.MergeNonVersionableSubNodeTest",5,0.00,1.00,47,0.75,15328.37,5,0,2,24,1,57.95,48,53,0,5,107.95,0.00,0.80,0.00,0,0.00,1,2251.81,1,0,1,org.apache.jackrabbit.test.api.version.AbstractMergeTest,0.67,19,4,5,0,19,5,0,27,434,1
"org.apache.jackrabbit.test.api.version.MergeSubNodeTest",7,0.17,1.29,72,1.00,20654.67,8,1,3,32,1,57.84,71,79,0,5,106.32,0.00,0.80,0.86,0,0.00,3,3012.64,1,0,1,org.apache.jackrabbit.test.api.version.AbstractMergeTest,0.59,25,4,9,0,25,7,0,36,597,1
"org.apache.jackrabbit.test.api.version.OnParentVersionAbortTest",3,0.00,1.67,15,0.13,1576.55,3,0,4,9,3,81.09,23,23,1,6,123.39,0.00,0.83,0.00,0,2.00,2,375.63,2,0,2,org.apache.jackrabbit.test.api.version.AbstractOnParentVersionTest,0.38,6,5,5,0,6,3,0,6,91,1
"org.apache.jackrabbit.test.api.version.OnParentVersionComputeTest",2,0.00,1.00,13,0.12,1811.76,2,0,4,10,2,76.40,14,16,1,6,118.69,0.00,0.83,0.00,0,2.00,1,366.07,1,0,1,org.apache.jackrabbit.test.api.version.AbstractOnParentVersionTest,0.40,8,5,2,0,8,2,0,2,84,1
"org.apache.jackrabbit.test.api.version.OnParentVersionCopyTest",3,1.00,1.33,20,0.19,3512.10,4,1,4,14,2,75.45,23,25,1,6,117.74,0.00,0.83,0.33,0,2.00,2,574.32,2,0,1,org.apache.jackrabbit.test.api.version.AbstractOnParentVersionTest,0.38,11,5,4,0,11,3,0,7,127,1
"org.apache.jackrabbit.test.api.version.OnParentVersionIgnoreTest",2,0.00,1.00,13,0.12,1811.76,2,0,4,10,2,76.40,14,16,1,6,118.69,0.00,0.83,0.00,0,2.00,1,366.07,1,0,1,org.apache.jackrabbit.test.api.version.AbstractOnParentVersionTest,0.40,8,5,2,0,8,2,0,2,84,1
"org.apache.jackrabbit.test.api.version.OnParentVersionInitializeTest",2,0.00,1.00,13,0.12,1811.76,2,0,4,10,2,76.40,14,16,1,6,118.69,0.00,0.83,0.00,0,2.00,1,366.07,1,0,1,org.apache.jackrabbit.test.api.version.AbstractOnParentVersionTest,0.40,8,5,2,0,8,2,0,2,84,1
"org.apache.jackrabbit.test.api.version.RemoveVersionTest",6,0.45,3.00,73,0.81,24453.08,10,4,12,28,3,53.96,53,92,1,5,102.06,0.00,0.80,0.62,0,0.00,5,2440.53,2,0,2,org.apache.jackrabbit.test.api.version.AbstractVersionTest,0.59,22,4,18,0,22,6,0,18,474,1
"org.apache.jackrabbit.test.api.version.RestoreTest",15,0.02,1.87,91,0.95,19464.90,19,4,11,42,4,85.09,95,129,2,5,117.31,0.25,0.67,0.27,0,0.00,4,2847.22,3,0,2,org.apache.jackrabbit.test.api.version.AbstractVersionTest,0.38,27,4,28,1,27,15,0,27,603,1
"org.apache.jackrabbit.test.api.version.TestAll",1,0.00,1.00,24,0.31,12196.65,1,0,3,3,20,43.21,11,26,0,2,87.34,0.00,0.50,0.00,0,1.00,1,923.39,0,1,20,junit.framework.TestCase,0.00,2,1,1,0,2,0,0,2,183,1
"org.apache.jackrabbit.test.api.version.VersionGraphTest",4,0.00,1.50,20,0.25,4301.19,4,0,6,15,2,72.86,34,28,1,5,120.96,0.00,0.80,0.00,0,0.00,2,740.42,0,0,1,org.apache.jackrabbit.test.api.version.AbstractVersionTest,0.00,11,4,6,0,11,4,0,6,161,1
"org.apache.jackrabbit.test.api.version.VersionHistoryTest",59,0.06,1.85,294,3.21,82202.84,61,2,22,154,2,123.88,270,439,1,5,123.64,0.00,0.80,0.56,0,0.00,13,9621.54,2,0,1,org.apache.jackrabbit.test.api.version.AbstractVersionTest,0.07,95,4,109,0,95,59,0,68,2059,1
"org.apache.jackrabbit.test.api.version.VersionHistoryTest$ItemVisitorTest",3,0.50,1.00,7,0.06,477.71,4,1,22,5,0,142.43,0,11,0,1,142.43,0.00,0.00,0.67,0,1.00,1,165.42,0,0,0,java.lang.Object,0.00,2,0,3,0,2,3,1,0,48,1
"org.apache.jackrabbit.test.api.version.VersionLabelTest",17,0.44,2.00,128,1.55,36732.49,22,5,8,45,2,70.77,126,161,1,5,113.06,0.00,0.80,0.61,0,0.00,3,4639.17,3,0,1,org.apache.jackrabbit.test.api.version.AbstractVersionTest,0.36,28,4,34,0,28,17,0,26,946,1
"org.apache.jackrabbit.test.api.version.VersionStorageTest",3,0.50,1.67,16,0.20,3326.21,4,1,5,14,2,72.73,26,24,1,5,120.83,0.00,0.80,0.67,0,2.00,2,613.22,1,0,1,org.apache.jackrabbit.test.api.version.AbstractVersionTest,0.36,11,4,5,0,11,3,0,11,134,1
"org.apache.jackrabbit.test.api.version.VersionTest",53,0.03,1.81,256,2.82,74794.06,55,2,20,141,2,123.84,242,385,1,5,123.60,0.00,0.80,0.53,0,0.00,13,8462.17,2,0,1,org.apache.jackrabbit.test.api.version.AbstractVersionTest,0.16,88,4,96,0,88,53,0,62,1808,1
"org.apache.jackrabbit.test.api.version.VersionTest$ItemVisitorTest",3,0.50,1.00,7,0.06,477.71,4,1,20,5,0,142.43,0,11,0,1,142.43,0.00,0.00,0.67,0,1.00,1,165.42,0,0,0,java.lang.Object,0.00,2,0,3,0,2,3,1,0,48,1
"org.apache.jackrabbit.test.api.version.WorkspaceRestoreTest",9,0.23,2.56,91,1.21,34291.41,15,6,11,35,3,73.06,60,120,1,6,105.28,0.00,0.83,0.37,0,0.00,7,3619.27,2,0,2,org.apache.jackrabbit.test.api.version.RestoreTest,0.34,26,5,23,0,26,9,0,29,696,1
"org.apache.jackrabbit.core.state.obj.BLOBStore",3,0.00,1.00,4,0.04,166.95,3,0,3,3,3,109.15,24,5,1,1,157.25,0.00,0.00,0.00,0,3.00,1,111.30,0,2,2,,0.00,0,0,3,0,0,1,0,4,35,1
"org.apache.jackrabbit.core.state.obj.ObjectPersistenceManager",29,0.10,3.34,432,5.76,281189.81,37,8,40,150,24,54.28,222,539,1,2,96.58,0.00,0.50,0.22,7,129.00,9,17268.20,1,10,23,org.apache.jackrabbit.core.state.AbstractPersistenceManager,0.00,121,1,97,0,121,19,1,116,3130,1
"org.apache.jackrabbit.webdav.util.Text",45,0.00,5.02,624,8.79,844601.58,70,25,8,113,11,142.69,1062,831,11,1,95.42,0.00,0.00,0.04,9,556.00,43,26384.02,0,40,0,java.lang.Object,0.00,68,0,226,0,68,5,0,203,4562,2
"org.apache.jackrabbit.webdav.util.XmlUtil",4,1.00,1.25,15,0.16,3357.23,5,1,3,8,9,82.02,32,20,8,1,130.13,0.00,0.00,0.00,1,0.00,2,481.69,0,4,1,java.lang.Object,0.00,4,0,5,0,4,0,1,6,117,1
"org.apache.jackrabbit.core.version.persistence.InternalFreezeImpl",2,1.00,1.00,7,0.05,552.69,3,1,3,2,6,183.98,3,10,2,2,133.98,2.00,0.25,0.50,0,2.00,1,142.41,0,1,4,org.apache.jackrabbit.core.version.persistence.InternalVersionItemImpl,0.33,0,1,2,2,0,1,1,1,40,1
"org.apache.jackrabbit.core.version.persistence.InternalFrozenNodeImpl",10,0.04,4.10,121,1.90,133421.53,15,5,24,57,18,47.94,97,169,2,3,97.93,0.00,0.67,0.24,0,46.00,17,5698.14,1,7,17,org.apache.jackrabbit.core.version.persistence.InternalFreezeImpl,0.19,47,2,41,0,47,3,2,32,957,0
"org.apache.jackrabbit.core.version.persistence.InternalFrozenVHImpl",7,0.50,1.29,21,0.20,3062.07,8,1,9,14,10,132.58,28,36,1,3,132.35,0.00,0.67,0.57,1,3.00,2,590.49,1,6,9,org.apache.jackrabbit.core.version.persistence.InternalFreezeImpl,0.23,7,2,9,0,7,1,1,8,153,0
"org.apache.jackrabbit.core.version.persistence.InternalVersionHistoryImpl",20,0.06,2.45,184,2.57,112708.20,28,8,21,79,17,63.37,155,231,3,2,105.66,0.00,0.50,0.18,2,128.00,13,7707.17,1,12,16,org.apache.jackrabbit.core.version.persistence.InternalVersionItemImpl,0.17,59,1,49,0,59,8,2,58,1380,0
"org.apache.jackrabbit.core.version.persistence.InternalVersionImpl",24,0.03,1.75,131,1.29,29395.17,32,8,15,65,14,88.26,146,155,3,2,120.48,0.00,0.50,0.15,5,316.00,3,3869.17,1,11,12,org.apache.jackrabbit.core.version.persistence.InternalVersionItemImpl,0.14,41,1,42,0,41,13,2,39,845,0
"org.apache.jackrabbit.core.version.persistence.InternalVersionItemImpl",4,1.00,1.00,8,0.05,446.72,5,1,2,4,6,111.42,26,11,4,1,143.64,0.00,0.00,0.25,0,6.00,1,136.40,0,3,2,java.lang.Object,0.00,0,0,4,6,0,1,1,6,44,1
"org.apache.jackrabbit.core.version.persistence.InternalVersionLabelsImpl",3,0.25,1.00,11,0.08,990.07,5,2,3,4,6,183.37,3,17,1,2,133.37,0.00,0.50,0.33,0,5.00,1,240.26,0,2,5,org.apache.jackrabbit.core.version.persistence.InternalVersionItemImpl,0.57,1,1,3,0,1,1,1,1,65,1
"org.apache.jackrabbit.core.version.persistence.NativePVM",18,0.03,2.67,179,2.70,153101.20,35,17,30,94,28,55.76,195,231,3,1,104.23,0.00,0.00,0.09,6,86.00,10,8086.79,0,10,27,java.lang.Object,0.00,76,0,48,0,76,8,2,55,1448,1
"org.apache.jackrabbit.core.version.persistence.PersistentNode",26,0.07,2.19,190,2.57,93104.44,29,3,17,76,20,69.02,187,246,7,1,111.31,0.00,0.00,0.40,7,0.00,6,7713.21,0,13,13,java.lang.Object,0.00,50,0,57,0,50,13,0,43,1533,1
"org.apache.jackrabbit.rmi.iterator.ArrayIterator",7,0.00,1.00,18,0.11,1249.98,9,2,1,8,5,162.65,22,26,5,1,142.04,0.00,0.00,0.50,0,0.00,1,343.33,0,1,0,java.lang.Object,0.00,1,0,7,5,1,6,1,10,99,1
"org.apache.jackrabbit.rmi.iterator.ArrayNodeIterator",2,0.00,1.00,5,0.03,278.97,2,0,2,2,3,100.59,14,8,2,2,142.88,0.00,0.50,0.00,0,2.00,1,91.87,1,1,1,org.apache.jackrabbit.rmi.iterator.ArrayIterator,0.00,0,1,2,0,0,1,1,3,30,1
"org.apache.jackrabbit.rmi.iterator.ArrayNodeTypeIterator",2,0.00,1.00,5,0.03,278.97,2,0,2,2,2,100.59,14,9,1,2,142.88,0.00,0.50,0.00,0,2.00,1,91.87,1,1,1,org.apache.jackrabbit.rmi.iterator.ArrayIterator,0.00,0,1,2,0,0,1,1,3,30,1
"org.apache.jackrabbit.rmi.iterator.ArrayPropertyIterator",2,0.00,1.00,5,0.03,278.97,2,0,2,2,2,100.59,14,9,1,2,142.88,0.00,0.50,0.00,0,2.00,1,91.87,1,1,1,org.apache.jackrabbit.rmi.iterator.ArrayIterator,0.00,0,1,2,0,0,1,1,3,30,1
"org.apache.jackrabbit.rmi.iterator.ArrayRowIterator",2,0.00,1.00,5,0.03,278.97,2,0,2,2,2,100.59,14,8,1,2,142.88,0.00,0.50,0.00,0,2.00,1,91.87,1,1,1,org.apache.jackrabbit.rmi.iterator.ArrayIterator,0.00,0,1,2,0,0,1,1,3,30,1
"org.apache.jackrabbit.rmi.iterator.ArrayVersionIterator",2,0.00,1.00,5,0.03,278.97,2,0,2,2,2,100.59,14,8,1,2,142.88,0.00,0.50,0.00,0,2.00,1,91.87,1,1,1,org.apache.jackrabbit.rmi.iterator.ArrayIterator,0.00,0,1,2,0,0,1,1,3,30,1
"org.apache.jackrabbit.core.query.sql.ASTContainsExpression",7,0.42,1.00,17,0.11,1129.61,9,2,1,8,4,142.38,3,25,2,2,142.38,0.00,0.50,0.14,0,17.00,1,331.40,0,3,2,SimpleNode,0.00,1,1,7,0,1,4,0,1,98,1
"org.apache.jackrabbit.core.query.sql.ASTIdentifier",6,0.80,1.00,14,0.10,1044.12,7,1,1,7,8,142.13,1,21,6,2,142.13,0.00,0.50,0.33,0,10.00,1,295.38,1,3,2,SimpleNode,0.08,1,1,6,0,1,3,0,1,87,1
"org.apache.jackrabbit.core.query.sql.ASTLiteral",8,0.29,1.00,19,0.13,1418.97,10,2,0,9,4,142.06,3,28,3,2,142.06,0.00,0.50,0.25,0,18.00,1,403.74,1,3,1,SimpleNode,0.14,1,1,8,0,1,5,0,1,117,1
"org.apache.jackrabbit.core.query.sql.ASTPredicate",14,0.12,1.00,34,0.24,2461.65,19,5,1,15,4,142.09,1,49,2,2,142.09,0.00,0.50,0.09,0,70.00,1,709.22,1,5,2,SimpleNode,0.06,1,1,14,0,1,9,0,1,199,1
"org.apache.jackrabbit.core.query.sql.DefaultParserVisitor",17,0.00,1.00,35,0.23,2389.27,17,0,0,17,6,142.86,4,53,1,1,142.86,0.00,0.00,0.00,0,17.00,1,689.28,0,17,5,java.lang.Object,0.00,0,0,17,0,0,0,1,1,209,0
"org.apache.jackrabbit.core.query.sql.JCRSQLQueryBuilder",24,0.09,3.12,283,4.05,287400.50,31,7,29,127,27,81.90,124,355,2,1,99.78,0.00,0.00,0.06,3,122.00,13,12152.37,0,22,25,java.lang.Object,0.00,103,0,75,0,103,2,1,53,2146,1
"org.apache.jackrabbit.core.query.sql.JCRSQLQueryBuilder$DefaultParserVisitor",1,0.00,1.00,4,0.03,341.81,1,0,29,2,1,128.59,0,5,0,1,128.59,0.00,0.00,0.00,0,0.00,1,87.95,0,1,1,java.lang.Object,0.00,1,0,1,0,1,0,0,0,25,0
"org.apache.jackrabbit.core.query.sql.JCRSQLQueryBuilder$DefaultParserVisitor_0",1,0.00,2.00,6,0.07,1619.60,1,0,29,4,3,166.54,1,9,0,1,116.54,0.00,0.00,0.00,0,0.00,2,207.04,0,1,3,java.lang.Object,0.00,3,0,2,0,3,0,0,1,48,0
"org.apache.jackrabbit.core.query.sql.JCRSQLQueryBuilder$DefaultParserVisitor_1",2,0.00,2.00,10,0.09,2739.03,2,0,29,3,2,120.07,0,13,0,1,120.07,0.00,0.00,0.00,0,2.00,3,282.97,0,2,2,java.lang.Object,0.00,1,0,4,0,1,0,0,0,69,0
"org.apache.jackrabbit.core.query.sql.JCRSQLQueryBuilder$DefaultParserVisitor_2",1,0.00,1.00,4,0.03,474.00,1,0,29,2,1,127.47,0,5,0,1,127.47,0.00,0.00,0.00,0,1.00,1,92.00,0,1,1,java.lang.Object,0.00,1,0,1,0,1,0,0,0,25,0
"org.apache.jackrabbit.core.query.sql.JCRSQLQueryBuilder$MergingPathQueryNode",5,0.75,6.00,101,1.44,155355.11,6,1,29,26,3,42.55,56,113,0,4,86.68,0.00,0.75,0.40,2,6.00,13,4330.26,0,3,3,org.apache.jackrabbit.core.query.PathQueryNode,0.00,21,3,30,0,21,2,0,15,758,2
"org.apache.jackrabbit.core.query.sql.QueryFormat",19,0.01,4.58,328,4.60,374676.72,23,4,26,79,21,111.55,61,387,2,1,90.93,0.00,0.00,0.26,4,39.00,14,13809.13,0,14,19,java.lang.Object,0.00,60,0,87,0,60,5,2,24,2455,0
"org.apache.jackrabbit.core.nodetype.BooleanConstraint",4,0.67,2.25,28,0.32,8714.71,5,1,19,13,11,113.00,1,45,1,2,113.00,0.00,0.50,0.50,1,0.00,3,950.72,0,0,11,org.apache.jackrabbit.core.nodetype.ValueConstraint,0.00,9,1,9,0,9,4,0,1,203,0
"org.apache.jackrabbit.core.nodetype.DateConstraint",3,0.62,7.00,70,0.99,73548.63,7,4,19,20,11,135.19,5,112,1,2,85.19,0.00,0.50,0.67,0,0.00,10,2977.54,0,0,11,org.apache.jackrabbit.core.nodetype.ValueConstraint,0.00,17,1,21,0,17,3,0,5,546,0
"org.apache.jackrabbit.core.nodetype.EffectiveNodeType",33,0.04,4.30,463,6.42,578300.07,40,7,12,96,20,62.27,223,589,12,1,94.49,0.00,0.00,0.19,8,224.00,25,19257.20,0,18,9,java.lang.Object,0.00,63,0,142,0,63,15,1,109,3513,1
"org.apache.jackrabbit.core.nodetype.InvalidConstraintException",4,0.00,1.00,9,0.05,332.37,4,0,1,4,10,112.43,27,14,9,3,144.65,0.00,0.67,0.00,0,4.00,1,136.79,0,0,1,org.apache.jackrabbit.core.BaseException,0.00,0,2,4,0,0,4,0,5,46,1
"org.apache.jackrabbit.core.nodetype.InvalidNodeTypeDefException",4,0.00,1.00,9,0.05,332.37,4,0,1,4,5,112.43,27,14,4,3,144.65,0.00,0.67,0.00,0,4.00,1,136.79,0,0,1,org.apache.jackrabbit.core.BaseException,0.00,0,2,4,0,0,4,0,5,46,1
"org.apache.jackrabbit.core.nodetype.ItemDef",8,1.00,1.00,10,0.04,366.05,9,1,2,9,7,125.70,54,11,5,1,157.92,0.00,0.00,0.00,0,8.00,1,128.73,0,2,2,,0.00,1,0,8,0,1,6,0,10,49,1
"org.apache.jackrabbit.core.nodetype.ItemDefImpl",15,0.02,1.40,45,0.43,12508.13,21,6,2,17,5,97.90,98,72,3,1,130.12,0.00,0.00,0.14,0,87.00,5,1283.13,0,2,2,java.lang.Object,0.00,2,0,21,2,2,13,1,24,312,2
"org.apache.jackrabbit.core.nodetype.ItemDefinitionImpl",8,0.11,1.38,33,0.29,4890.42,13,5,7,20,7,84.24,56,49,2,1,126.53,0.00,0.00,0.30,0,0.00,3,858.96,0,3,5,java.lang.Object,0.00,12,0,11,3,12,5,1,18,211,1
"org.apache.jackrabbit.core.nodetype.NameConstraint",3,0.00,2.67,28,0.35,11878.81,4,1,19,14,11,106.85,2,49,1,2,106.85,0.00,0.50,1.00,0,0.00,3,1042.03,0,1,11,org.apache.jackrabbit.core.nodetype.ValueConstraint,0.00,11,1,8,0,11,2,0,2,211,0
"org.apache.jackrabbit.core.nodetype.NodeDef",4,0.00,1.00,5,0.02,77.60,4,0,1,4,21,128.64,27,6,20,2,160.86,0.00,0.50,0.00,0,4.00,1,53.70,0,2,2,,0.00,0,1,4,0,0,2,0,5,24,1
"org.apache.jackrabbit.core.nodetype.NodeDefId",6,0.20,2.00,40,0.40,13741.56,8,2,3,22,18,67.25,49,50,17,1,115.36,0.00,0.00,0.33,0,0.00,4,1199.85,0,2,2,java.lang.Object,0.00,16,0,12,0,16,4,1,13,255,1
"org.apache.jackrabbit.core.nodetype.NodeDefImpl",16,0.00,1.31,54,0.46,10328.58,20,4,3,20,9,98.79,98,80,4,2,131.01,0.00,0.50,0.25,0,20.00,4,1372.30,7,2,5,org.apache.jackrabbit.core.nodetype.ItemDefImpl,0.26,4,1,21,0,4,14,1,34,340,1
"org.apache.jackrabbit.core.nodetype.NodeDefinitionImpl",5,0.75,2.00,31,0.34,13862.80,6,1,7,11,11,82.48,34,42,6,2,114.70,1.00,0.33,0.40,0,0.00,4,1023.58,0,2,6,org.apache.jackrabbit.core.nodetype.ItemDefinitionImpl,0.00,6,1,10,1,6,3,1,11,219,1
"org.apache.jackrabbit.core.nodetype.NodeTypeConflictException",4,0.00,1.00,9,0.05,332.37,4,0,1,4,6,112.43,27,14,5,3,144.65,0.00,0.67,0.00,0,4.00,1,136.79,0,0,1,org.apache.jackrabbit.core.BaseException,0.00,0,2,4,0,0,4,0,5,46,1
"org.apache.jackrabbit.core.nodetype.NodeTypeDef",19,0.08,1.79,97,0.96,51375.15,27,8,6,29,17,99.89,105,121,12,1,117.77,0.00,0.00,0.20,1,121.00,12,2872.03,1,5,5,java.lang.Object,0.00,10,0,34,0,10,14,1,25,620,1
"org.apache.jackrabbit.core.nodetype.NodeTypeDefDiff",13,0.15,2.46,124,1.51,85191.50,22,9,7,38,7,61.02,143,145,2,1,105.14,0.00,0.00,0.25,3,6.00,7,4516.89,0,1,5,java.lang.Object,0.00,25,0,32,0,25,12,0,33,877,1
"org.apache.jackrabbit.core.nodetype.NodeTypeDefDiff$ChildItemDefDiff",6,0.27,2.17,38,0.31,10096.89,9,3,7,11,1,156.28,14,54,0,1,116.39,0.00,0.00,0.56,3,0.00,8,929.80,0,0,1,java.lang.Object,0.00,5,0,13,0,5,6,0,11,221,1
"org.apache.jackrabbit.core.nodetype.NodeTypeDefDiff$ChildNodeDefDiff",4,0.00,2.25,22,0.23,7277.90,4,0,7,10,1,158.95,10,32,0,2,119.07,0.00,0.50,0.00,2,10.00,6,693.70,1,0,1,org.apache.jackrabbit.core.nodetype.ChildItemDefDiff,0.00,6,1,9,0,6,4,0,5,152,1
"org.apache.jackrabbit.core.nodetype.NodeTypeDefDiff$PropDefDiff",4,0.00,3.50,43,0.48,30773.69,4,0,7,13,2,103.04,17,51,0,2,102.81,0.00,0.50,0.00,2,10.00,11,1448.00,1,0,2,org.apache.jackrabbit.core.nodetype.ChildItemDefDiff,0.00,9,1,14,0,9,4,0,9,273,1
"org.apache.jackrabbit.core.nodetype.NodeTypeDefStore",9,0.12,1.11,26,0.26,4164.83,10,1,11,22,6,138.99,39,38,1,1,138.76,0.00,0.00,0.89,1,0.00,2,787.58,0,2,5,java.lang.Object,0.00,13,0,10,0,13,7,0,11,196,1
"org.apache.jackrabbit.core.nodetype.NodeTypeImpl",29,0.18,2.69,252,2.94,123069.71,34,5,18,82,26,66.23,210,320,13,1,108.52,0.00,0.00,0.37,4,0.00,14,8831.44,0,16,14,java.lang.Object,0.00,53,0,78,0,53,13,1,73,1769,1
"org.apache.jackrabbit.core.nodetype.NodeTypeManagerImpl",14,0.13,2.43,118,1.39,41913.50,21,7,17,48,23,77.51,93,156,8,1,109.73,0.00,0.00,0.27,1,0.00,5,4183.09,0,8,18,java.lang.Object,0.00,34,0,34,0,34,6,2,32,872,1
"org.apache.jackrabbit.core.nodetype.NodeTypeManagerImpl$RootNodeDefinition",3,0.00,1.00,7,0.04,283.17,3,0,17,3,4,164.83,11,12,0,3,144.22,0.00,0.67,0.00,0,3.00,1,122.35,0,2,4,org.apache.jackrabbit.core.nodetype.NodeDefinitionImpl,0.38,0,2,3,0,0,1,0,5,39,2
"org.apache.jackrabbit.core.nodetype.NodeTypeRegistry",34,0.07,5.74,758,11.50,1399872.30,49,15,28,183,37,83.71,551,964,18,1,84.18,0.00,0.00,0.13,16,330.00,53,34487.37,0,3,20,java.lang.Object,0.00,149,0,195,0,149,31,1,174,5622,1
"org.apache.jackrabbit.core.nodetype.NodeTypeRegistry$EffectiveNodeTypeCache",10,0.11,1.40,42,0.40,7548.04,12,2,28,25,2,165.69,28,57,0,1,125.80,0.00,0.00,0.60,1,0.00,4,1203.63,0,1,2,java.lang.Object,0.00,15,0,14,0,15,9,0,15,291,1
"org.apache.jackrabbit.core.nodetype.NodeTypeRegistry$WeightedKey",16,0.07,1.44,59,0.52,12031.21,18,2,28,36,1,170.35,38,75,0,1,130.47,0.00,0.00,0.44,2,0.00,3,1574.27,0,6,1,java.lang.Object,0.00,20,0,23,0,20,10,1,11,393,1
"org.apache.jackrabbit.core.nodetype.NodeTypeRegistryListener",3,0.00,1.00,4,0.02,61.53,3,0,1,3,3,118.38,22,5,2,1,160.67,0.00,0.00,0.00,0,3.00,1,56.53,0,0,1,,0.00,0,0,3,0,0,3,0,4,23,1
"org.apache.jackrabbit.core.nodetype.NumericConstraint",5,0.19,4.80,82,1.10,70859.77,9,4,19,24,11,143.03,5,129,1,2,93.03,0.00,0.50,0.40,1,0.00,9,3291.88,0,0,11,org.apache.jackrabbit.core.nodetype.ValueConstraint,0.00,19,1,24,0,19,5,0,5,611,0
"org.apache.jackrabbit.core.nodetype.PathConstraint",3,0.75,4.67,45,0.57,26587.83,5,2,19,19,11,135.57,6,76,1,2,95.69,0.00,0.50,1.00,0,0.00,7,1712.69,0,1,11,org.apache.jackrabbit.core.nodetype.ValueConstraint,0.00,16,1,14,0,16,2,0,6,321,0
"org.apache.jackrabbit.core.nodetype.PropDef",5,0.00,1.00,6,0.02,95.02,5,0,1,5,24,128.71,32,7,22,2,160.93,0.00,0.50,0.00,0,5.00,1,65.31,0,3,3,,0.00,0,1,5,0,0,2,0,6,29,1
"org.apache.jackrabbit.core.nodetype.PropDefId",6,0.20,2.00,35,0.35,10949.78,8,2,1,20,13,70.98,51,47,13,1,119.09,0.00,0.00,0.33,0,0.00,4,1051.96,0,2,1,java.lang.Object,0.00,14,0,12,0,14,4,1,12,234,1
"org.apache.jackrabbit.core.nodetype.PropDefImpl",18,0.01,1.28,64,0.52,10892.91,23,5,4,20,9,99.02,110,92,3,2,131.24,0.00,0.50,0.21,0,38.00,3,1573.33,7,1,6,org.apache.jackrabbit.core.nodetype.ItemDefImpl,0.24,2,1,23,0,2,17,1,38,391,1
"org.apache.jackrabbit.core.nodetype.PropertyDefinitionImpl",6,1.00,2.00,36,0.41,17903.20,7,1,6,14,11,96.58,35,47,6,2,114.45,0.00,0.50,0.17,0,0.00,5,1227.91,1,2,6,org.apache.jackrabbit.core.nodetype.ItemDefinitionImpl,0.00,8,1,12,0,8,4,1,10,260,1
"org.apache.jackrabbit.core.nodetype.ReferenceConstraint",4,0.33,2.00,27,0.29,8739.96,5,1,19,13,13,155.40,11,45,3,2,115.52,0.00,0.50,0.75,0,0.00,3,881.18,0,2,11,org.apache.jackrabbit.core.nodetype.ValueConstraint,0.00,9,1,8,0,9,2,0,4,187,0
"org.apache.jackrabbit.core.nodetype.StringConstraint",3,0.50,2.33,24,0.30,8993.93,4,1,19,13,11,109.74,1,40,1,2,109.74,0.00,0.50,0.67,0,0.00,3,890.28,0,0,11,org.apache.jackrabbit.core.nodetype.ValueConstraint,0.00,10,1,7,0,10,3,0,1,186,0
"org.apache.jackrabbit.core.nodetype.ValueConstraint",6,0.20,1.50,31,0.41,14547.29,9,3,19,17,28,138.80,21,53,18,1,118.18,0.00,0.00,0.17,0,6.00,3,1234.82,0,3,17,java.lang.Object,0.00,11,0,9,7,11,3,0,3,256,2
"org.apache.jackrabbit.server.io.AbstractExportCommand",5,0.00,2.20,25,0.33,10925.84,5,0,4,19,4,69.97,52,35,2,1,118.45,0.00,0.00,0.00,3,8.00,6,989.77,0,1,2,java.lang.Object,0.00,14,0,11,2,14,4,2,6,203,2
"org.apache.jackrabbit.server.io.AbstractImportCommand",4,0.00,2.00,18,0.17,3792.11,4,0,5,8,4,74.94,38,26,2,1,124.94,0.00,0.00,0.00,2,4.00,4,516.97,0,0,2,java.lang.Object,0.00,4,0,8,2,4,4,2,7,121,2
"org.apache.jackrabbit.server.io.AddMixinCommand",6,0.80,1.33,20,0.15,2686.66,7,1,4,9,3,100.04,40,29,1,1,132.26,0.00,0.00,0.33,1,10.00,2,455.26,0,1,2,java.lang.Object,0.00,3,0,8,0,3,5,2,8,116,1
"org.apache.jackrabbit.server.io.AddNodeCommand",6,0.80,1.33,21,0.18,4038.03,7,1,4,12,4,88.57,45,30,2,1,130.87,0.00,0.00,0.33,1,10.00,2,551.74,0,1,2,java.lang.Object,0.00,6,0,8,0,6,5,2,8,138,1
"org.apache.jackrabbit.server.io.BoundedInputStream",14,0.14,1.50,54,0.52,15774.65,19,5,2,23,1,129.31,59,74,1,2,129.08,0.00,0.50,0.33,1,0.00,4,1553.34,0,1,0,java.io.InputStream,0.00,9,1,21,0,9,13,0,19,368,1
"org.apache.jackrabbit.server.io.DirListingExportCommand",6,0.80,1.50,59,0.82,30839.16,7,1,11,32,4,63.80,44,69,1,1,106.09,0.00,0.00,0.33,1,10.00,3,2470.36,0,1,3,java.lang.Object,0.00,26,0,9,0,26,5,2,9,426,1
"org.apache.jackrabbit.server.io.ExportCollectionChain",2,1.00,1.50,11,0.10,1860.23,3,1,5,8,4,72.98,21,15,2,2,121.46,0.00,0.50,0.50,0,2.00,2,298.39,0,1,2,org.apache.commons.chain.impl.ChainBase,0.00,6,1,3,0,6,1,1,5,72,1
"org.apache.jackrabbit.server.io.ExportContext",12,0.09,1.00,31,0.19,2009.22,18,6,3,12,5,99.97,92,44,5,2,142.26,0.00,0.50,0.08,0,72.00,1,558.84,0,3,0,org.apache.commons.chain.impl.ContextBase,0.00,0,1,12,0,0,9,0,19,161,1
"org.apache.jackrabbit.server.io.ExportResourceChain",2,1.00,1.50,12,0.11,1982.59,3,1,4,9,4,74.16,22,16,2,2,118.29,0.00,0.50,0.50,0,2.00,2,319.84,0,1,2,org.apache.commons.chain.impl.ChainBase,0.00,7,1,3,0,7,1,0,5,78,1
"org.apache.jackrabbit.server.io.FileExportCommand",3,0.00,2.33,20,0.25,6742.70,3,0,3,16,3,65.39,28,29,1,2,115.38,0.00,0.50,0.00,0,5.00,4,762.11,0,1,2,org.apache.jackrabbit.server.io.AbstractExportCommand,0.25,13,1,7,0,13,2,0,5,155,1
"org.apache.jackrabbit.server.io.FileImportCommand",2,0.00,2.00,12,0.17,4868.58,2,0,3,10,3,77.58,25,20,1,2,115.15,0.00,0.50,0.00,0,2.00,3,513.84,0,0,2,org.apache.jackrabbit.server.io.AbstractImportCommand,0.00,8,1,4,0,8,2,0,3,104,1
"org.apache.jackrabbit.server.io.ImportCollectionChain",2,1.00,1.50,11,0.10,1860.23,3,1,5,8,5,72.98,21,15,3,2,121.46,0.00,0.50,0.50,0,2.00,2,298.39,0,1,2,org.apache.commons.chain.impl.ChainBase,0.00,6,1,3,0,6,1,1,5,72,1
"org.apache.jackrabbit.server.io.ImportContext",12,0.08,1.17,33,0.22,2984.42,18,6,3,13,8,98.58,85,47,8,2,140.87,0.00,0.50,0.10,0,68.00,2,666.07,0,5,0,org.apache.commons.chain.impl.ContextBase,0.00,1,1,14,0,1,7,0,19,182,1
"org.apache.jackrabbit.server.io.ImportResourceChain",2,1.00,1.50,14,0.13,2162.78,3,1,5,11,8,77.93,24,18,3,2,115.49,0.00,0.50,0.50,0,2.00,2,377.53,0,1,5,org.apache.commons.chain.impl.ChainBase,0.00,9,1,3,0,9,1,1,5,91,1
"org.apache.jackrabbit.server.io.SetContentTypeCommand",2,0.00,3.00,16,0.15,3537.87,2,0,2,6,2,67.36,23,22,1,1,111.49,0.00,0.00,0.00,1,2.00,4,444.14,0,0,1,java.lang.Object,0.00,4,0,6,0,4,2,1,4,99,1
"org.apache.jackrabbit.server.io.XMLExportCommand",7,0.04,1.29,31,0.34,8127.19,11,4,4,21,3,82.06,49,41,1,2,124.35,0.00,0.50,0.21,1,19.00,2,1006.80,0,2,2,org.apache.jackrabbit.server.io.AbstractExportCommand,0.17,14,1,9,0,14,5,0,12,221,1
"org.apache.jackrabbit.server.io.XMLImportCommand",2,1.00,2.00,13,0.21,5491.38,3,1,4,14,2,85.35,26,21,0,2,114.74,0.00,0.50,0.50,0,2.00,3,632.04,0,0,2,org.apache.jackrabbit.server.io.AbstractImportCommand,0.00,12,1,4,0,12,2,0,4,126,1
"org.apache.jackrabbit.server.io.ZIPImportCommand",5,0.38,2.80,56,0.74,26512.77,7,2,10,35,6,54.11,51,70,0,1,102.59,0.00,0.00,0.20,3,11.00,4,2224.92,0,1,6,java.lang.Object,0.00,30,0,14,0,30,4,2,12,418,1
"org.apache.jackrabbit.test.api.lock.LockTest",19,0.00,1.58,218,2.91,62720.44,19,0,8,66,3,56.23,168,286,1,4,104.34,0.00,0.75,0.00,0,0.00,4,8724.53,0,0,2,org.apache.jackrabbit.test.AbstractJCRTest,0.00,47,3,30,0,47,19,0,113,1683,1
"org.apache.jackrabbit.test.api.lock.TestAll",1,0.00,1.00,5,0.04,864.35,1,0,3,3,1,77.67,11,7,0,2,121.80,0.00,0.50,0.00,0,1.00,1,115.51,0,1,1,junit.framework.TestCase,0.00,2,1,1,0,2,0,0,2,31,1
"org.apache.jackrabbit.core.BLOBFileValue",17,0.10,3.35,160,1.81,81809.18,26,9,19,56,20,58.02,145,248,18,1,106.13,0.00,0.00,0.20,3,41.00,7,5415.83,0,4,2,java.lang.Object,0.00,39,0,57,0,39,13,1,55,1086,1
"org.apache.jackrabbit.core.BaseException",10,0.44,1.40,38,0.25,5455.86,11,1,2,12,10,89.28,71,54,10,2,131.57,11.00,0.08,0.60,2,0.00,3,756.86,2,3,0,java.lang.Exception,0.00,2,1,14,11,2,7,0,12,204,2
"org.apache.jackrabbit.core.CachingHierarchyManager",13,0.08,1.62,64,0.71,25701.21,17,4,5,32,8,122.71,59,98,1,1,122.48,0.00,0.00,0.33,2,0.00,4,2143.32,0,8,7,java.lang.Object,0.00,19,0,21,0,19,5,1,21,485,1
"org.apache.jackrabbit.core.Constants",0,0.00,0.00,84,1.89,47565.71,83,83,0,1,27,171.00,224,86,26,1,171.00,0.00,0.00,0.00,0,0.00,0,5656.66,0,0,1,,0.00,1,0,0,0,1,0,0,83,767,1
"org.apache.jackrabbit.core.HierarchyManager",10,0.00,1.00,11,0.11,595.05,10,0,3,10,14,114.73,78,14,10,1,157.03,0.00,0.00,0.00,0,10.00,1,338.07,0,7,4,,0.00,0,0,10,0,0,3,0,11,104,1
"org.apache.jackrabbit.core.HierarchyManagerImpl",17,0.01,4.82,324,4.97,368387.32,22,5,15,87,18,46.50,119,448,2,1,88.79,0.00,0.00,0.21,5,0.00,14,14920.72,0,11,16,java.lang.Object,0.00,70,0,82,1,70,6,1,61,2563,1
"org.apache.jackrabbit.core.IllegalNameException",4,0.00,1.00,9,0.05,332.37,4,0,0,4,18,112.43,27,14,17,3,144.65,0.00,0.67,0.00,0,4.00,1,136.79,0,0,1,org.apache.jackrabbit.core.BaseException,0.00,0,2,4,0,0,4,0,5,46,1
"org.apache.jackrabbit.core.InternalValue",33,0.06,1.52,167,2.37,89252.57,36,3,21,81,57,118.04,132,266,46,1,117.80,0.00,0.00,0.27,1,86.00,7,7113.60,0,22,11,java.lang.Object,0.00,48,0,50,0,48,11,0,29,1438,1
"org.apache.jackrabbit.core.ItemId",2,0.50,1.00,6,0.04,572.65,4,2,1,2,38,83.86,18,8,38,1,133.86,0.00,0.00,0.25,0,2.00,1,127.08,0,0,0,java.lang.Object,0.00,0,0,2,3,0,2,1,5,35,2
"org.apache.jackrabbit.core.ItemImpl",44,0.06,3.89,619,8.86,768624.32,57,13,46,193,31,50.40,485,819,6,1,94.53,0.00,0.00,0.14,20,700.00,27,26583.74,1,15,30,java.lang.Object,0.00,149,0,171,4,149,29,3,225,4464,2
"org.apache.jackrabbit.core.ItemLifeCycleListener",3,0.00,1.00,4,0.02,78.51,3,0,0,3,7,115.71,35,5,6,1,159.84,0.00,0.00,0.00,0,3.00,1,73.51,0,0,2,,0.00,0,0,3,0,0,3,0,4,27,1
"org.apache.jackrabbit.core.ItemManager",30,0.08,2.57,256,3.52,99871.71,38,8,29,110,40,67.07,222,358,19,1,109.36,0.00,0.00,0.20,12,0.00,7,10546.81,0,17,28,java.lang.Object,0.00,80,0,77,0,80,13,2,80,2036,1
"org.apache.jackrabbit.core.JackrabbitRepositoryStub",2,0.67,2.50,29,0.40,15537.71,8,6,8,13,3,136.70,42,36,0,2,97.40,0.00,0.50,0.50,0,2.00,4,1203.49,0,1,3,org.apache.jackrabbit.test.RepositoryStub,0.22,11,1,5,0,11,1,0,13,231,1
"org.apache.jackrabbit.core.LazyItemIterator",10,0.00,1.70,44,0.43,10345.00,14,4,10,24,3,92.46,61,64,2,1,124.68,0.00,0.00,0.25,1,14.00,4,1303.10,0,3,2,java.lang.Object,0.00,14,0,17,0,14,7,2,19,298,0
"org.apache.jackrabbit.core.LocalNamespaceMappings",5,0.50,5.00,68,0.93,58498.21,9,4,6,31,4,86.68,75,94,1,1,97.04,0.00,0.00,0.65,0,0.00,13,2792.48,0,3,3,java.lang.Object,0.00,26,0,25,0,26,2,1,41,534,0
"org.apache.jackrabbit.core.MalformedPathException",4,0.00,1.00,9,0.05,332.37,4,0,0,4,23,112.43,27,14,22,3,144.65,0.00,0.67,0.00,0,4.00,1,136.79,0,0,1,org.apache.jackrabbit.core.BaseException,0.00,0,2,4,0,0,4,0,5,46,1
"org.apache.jackrabbit.core.NamespaceRegistryImpl",10,0.16,2.80,125,1.73,77630.57,17,7,14,46,7,57.58,79,172,3,1,99.87,0.00,0.00,0.29,2,0.00,10,5188.17,0,5,4,java.lang.Object,0.00,36,0,28,0,36,5,3,38,984,1
"org.apache.jackrabbit.core.NamespaceResolver",2,0.00,1.00,3,0.02,99.22,2,0,1,2,51,109.54,17,4,51,1,157.65,0.00,0.00,0.00,0,2.00,1,54.92,0,2,0,,0.00,0,0,2,0,0,0,0,3,21,1
"org.apache.jackrabbit.core.NoPrefixDeclaredException",4,0.00,1.00,9,0.05,332.37,4,0,0,4,33,112.43,27,14,32,3,144.65,0.00,0.67,0.00,0,4.00,1,136.79,0,0,1,org.apache.jackrabbit.core.BaseException,0.00,0,2,4,0,0,4,0,5,46,1
"org.apache.jackrabbit.core.NodeId",7,0.25,1.71,28,0.21,4420.29,9,2,0,11,45,78.26,58,41,44,2,126.37,1.00,0.33,0.29,0,3.00,3,624.01,0,3,1,org.apache.jackrabbit.core.ItemId,0.22,4,1,12,1,4,4,0,12,158,1
"org.apache.jackrabbit.core.NodeImpl",124,0.09,3.54,1563,22.64,1172255.97,128,4,69,405,67,49.15,1167,2186,28,2,99.15,2.00,0.25,0.16,46,3578.00,25,67909.68,9,62,47,org.apache.jackrabbit.core.ItemImpl,0.07,281,1,439,2,281,62,1,542,11899,1
"org.apache.jackrabbit.core.Path",29,0.01,3.38,330,3.85,271153.18,39,10,9,85,37,90.25,440,399,32,1,100.60,0.00,0.00,0.09,8,272.00,18,11563.55,0,14,5,java.lang.Object,0.00,56,0,98,0,56,15,0,89,2150,2
"org.apache.jackrabbit.core.Path$CurrentElement",7,0.67,1.00,16,0.09,742.44,8,1,9,7,3,143.82,6,24,0,2,143.82,0.00,0.50,0.43,0,10.00,1,255.07,0,2,3,org.apache.jackrabbit.core.PathElement,0.00,0,1,7,0,0,5,0,6,78,2
"org.apache.jackrabbit.core.Path$ParentElement",7,0.67,1.00,16,0.09,742.44,8,1,9,7,3,143.82,6,24,0,2,143.82,0.00,0.50,0.43,0,10.00,1,255.07,0,2,3,org.apache.jackrabbit.core.PathElement,0.00,0,1,7,0,0,5,0,6,78,2
"org.apache.jackrabbit.core.Path$PathBuilder",12,0.06,1.25,46,0.41,10317.08,15,3,9,25,3,112.17,66,58,0,1,130.04,0.00,0.00,0.28,3,32.00,2,1230.96,0,1,3,java.lang.Object,0.00,13,0,15,0,13,11,1,16,309,2
"org.apache.jackrabbit.core.Path$PathElement",15,0.25,2.00,84,0.95,38222.48,17,2,9,34,3,69.84,124,115,0,1,117.94,0.00,0.00,0.27,2,85.00,9,2846.36,0,4,3,java.lang.Object,0.00,19,0,30,0,19,11,0,25,600,2
"org.apache.jackrabbit.core.Path$RootElement",7,1.00,1.00,16,0.09,742.44,8,1,9,7,3,193.82,7,24,0,2,143.82,0.00,0.50,0.14,0,12.00,1,255.07,0,2,3,org.apache.jackrabbit.core.PathElement,0.00,0,1,7,0,0,5,0,7,78,2
"org.apache.jackrabbit.core.PathTest",7,0.17,5.71,189,3.11,197626.80,13,6,3,40,6,122.04,20,206,1,2,82.16,0.00,0.50,0.31,2,0.00,9,9337.75,0,2,5,junit.framework.TestCase,0.00,33,1,40,0,33,5,0,15,1611,1
"org.apache.jackrabbit.core.PathTest$NamespaceResolver",2,0.00,1.00,5,0.02,262.00,2,0,3,2,0,143.10,0,7,0,1,143.10,0.00,0.00,0.00,0,2.00,1,68.00,0,2,0,java.lang.Object,0.00,0,0,2,0,0,0,0,0,24,0
"org.apache.jackrabbit.core.PathTest$Test",7,0.11,1.71,29,0.28,6761.30,10,3,3,12,0,174.91,8,41,0,1,124.91,0.00,0.00,0.24,3,16.00,5,845.46,0,1,0,java.lang.Object,0.00,5,0,12,0,5,6,0,2,203,2
"org.apache.jackrabbit.core.PropertyId",8,0.00,1.88,43,0.41,13904.36,11,3,0,18,32,71.16,68,60,30,2,119.27,0.00,0.50,0.33,0,2.00,3,1240.92,0,4,2,org.apache.jackrabbit.core.ItemId,0.20,10,1,15,0,10,4,0,14,284,1
"org.apache.jackrabbit.core.PropertyImpl",37,0.03,4.35,527,7.19,341697.71,39,2,26,110,24,48.58,308,710,11,2,96.68,0.00,0.50,0.47,5,0.00,14,21559.76,3,13,16,org.apache.jackrabbit.core.ItemImpl,0.15,73,1,161,0,73,24,1,202,3885,1
"org.apache.jackrabbit.core.QName",13,0.01,2.54,99,1.16,51603.13,19,6,5,39,136,90.78,183,139,132,1,110.92,0.00,0.00,0.18,2,41.00,6,3481.40,1,8,4,java.lang.Object,0.00,26,0,33,0,26,5,3,45,712,1
"org.apache.jackrabbit.core.QNameTest",3,0.67,4.33,69,0.96,40998.47,6,3,2,16,4,107.92,11,73,1,2,87.30,0.00,0.50,0.78,0,0.00,7,2887.03,0,0,3,junit.framework.TestCase,0.00,13,1,13,0,13,3,0,6,525,1
"org.apache.jackrabbit.core.QNameTest$NamespaceResolver",2,0.00,1.00,5,0.02,262.00,2,0,2,2,0,143.10,0,7,0,1,143.10,0.00,0.00,0.00,0,2.00,1,68.00,0,2,0,java.lang.Object,0.00,0,0,2,0,0,0,0,0,24,0
"org.apache.jackrabbit.core.QNameTest$Test",4,0.22,1.25,17,0.12,2171.09,7,3,2,7,0,126.96,0,23,0,1,126.96,0.00,0.00,0.17,1,8.00,2,373.83,0,1,0,java.lang.Object,0.00,3,0,5,0,3,3,0,0,103,2
"org.apache.jackrabbit.core.RepositoryImpl",37,0.03,2.14,312,4.28,165002.92,62,25,52,152,43,58.40,336,456,12,1,108.40,0.00,0.00,0.07,14,611.00,11,12834.61,0,26,35,java.lang.Object,0.00,115,0,79,0,115,11,4,111,2317,1
"org.apache.jackrabbit.core.RepositoryImpl$Thread",1,0.00,1.00,3,0.01,56.92,1,0,52,2,0,139.38,0,4,0,1,139.38,0.00,0.00,0.00,0,1.00,1,30.46,0,0,0,java.lang.Object,0.00,1,0,1,0,1,1,0,0,12,0
"org.apache.jackrabbit.core.RepositoryImpl$WorkspaceInfo",11,0.14,2.55,74,0.74,20974.35,18,7,52,33,13,67.82,90,118,0,1,115.93,0.00,0.00,0.27,2,0.00,9,2212.81,0,9,13,java.lang.Object,0.00,22,0,28,0,22,2,0,27,474,0
"org.apache.jackrabbit.core.SearchManager",7,0.19,3.86,92,1.37,65141.82,15,8,28,46,20,60.32,87,130,4,1,97.88,0.00,0.00,0.29,2,0.00,15,4098.43,0,2,16,java.lang.Object,0.00,39,0,27,0,39,5,1,29,721,1
"org.apache.jackrabbit.core.SessionImpl",54,0.02,2.56,462,6.24,353693.32,75,21,62,199,57,64.75,383,667,35,1,107.05,0.00,0.00,0.07,11,1726.00,25,18722.98,0,23,32,java.lang.Object,0.00,145,0,138,2,145,31,2,155,3410,1
"org.apache.jackrabbit.core.SessionListener",2,0.00,1.00,3,0.01,46.02,2,0,0,2,3,110.28,19,4,3,1,160.28,0.00,0.00,0.00,0,2.00,1,41.02,0,0,1,,0.00,0,0,2,0,0,2,0,3,17,1
"org.apache.jackrabbit.core.SystemSession",3,1.00,1.00,12,0.16,2708.51,4,1,13,10,9,81.14,34,23,3,2,125.27,0.00,0.50,0.00,0,3.00,1,469.04,0,2,7,org.apache.jackrabbit.core.SessionImpl,0.00,7,1,3,0,7,1,0,8,109,0
"org.apache.jackrabbit.core.SystemSession$SystemAccessManager",6,0.00,1.00,9,0.08,563.02,6,0,13,6,3,137.60,35,21,0,1,155.47,0.00,0.00,0.00,0,6.00,1,230.54,0,0,3,java.lang.Object,0.00,0,0,6,0,0,6,1,10,68,1
"org.apache.jackrabbit.core.TestAll",1,0.00,1.00,7,0.06,1740.69,1,0,3,3,3,65.48,10,9,0,2,113.96,0.00,0.50,0.00,0,1.00,1,186.48,0,1,3,junit.framework.TestCase,0.00,2,1,1,0,2,0,0,2,47,1
"org.apache.jackrabbit.core.UnknownPrefixException",4,0.00,1.00,9,0.05,332.37,4,0,0,4,16,112.43,27,14,15,3,144.65,0.00,0.67,0.00,0,4.00,1,136.79,0,0,1,org.apache.jackrabbit.core.BaseException,0.00,0,2,4,0,0,4,0,5,46,1
"org.apache.jackrabbit.core.UserTransactionImpl",7,0.25,2.29,50,0.62,20735.10,11,4,11,18,1,79.73,42,77,1,1,111.95,0.00,0.00,0.46,0,0.00,4,1854.07,0,0,0,java.lang.Object,0.00,11,0,16,0,11,7,1,13,370,0
"org.apache.jackrabbit.core.UserTransactionImpl$XidImpl",4,1.00,1.00,10,0.06,808.47,5,1,11,4,0,162.23,15,15,0,1,141.61,0.00,0.00,0.25,0,6.00,1,193.11,0,0,0,java.lang.Object,0.00,0,0,4,0,0,4,1,5,57,0
"org.apache.jackrabbit.core.WorkspaceImpl",38,0.11,4.42,664,10.72,665877.16,55,17,65,223,46,80.99,577,964,8,1,91.34,0.00,0.00,0.17,16,14.00,19,32171.92,0,17,43,java.lang.Object,0.00,185,0,168,0,185,21,2,216,5242,1
"org.apache.jackrabbit.core.WorkspaceImpl$VersionSelector",1,0.00,2.00,6,0.06,1535.64,1,0,65,4,1,156.61,2,8,0,1,116.72,0.00,0.00,0.00,0,1.00,2,190.84,0,1,1,java.lang.Object,0.00,3,0,2,0,3,0,0,2,45,0
"org.apache.jackrabbit.core.XASession",1,0.00,1.00,2,0.01,44.19,1,0,2,1,3,173.10,19,3,3,2,146.81,0.00,0.50,0.00,0,1.00,1,26.09,0,1,0,,0.00,0,1,1,0,0,0,0,2,11,1
"org.apache.jackrabbit.core.XASessionImpl",19,0.08,2.00,101,1.07,30736.18,23,4,15,34,10,77.21,136,142,2,2,119.50,0.00,0.50,0.17,4,144.00,8,3220.44,1,3,9,org.apache.jackrabbit.core.SessionImpl,0.00,15,1,38,0,15,16,2,28,700,1
"org.apache.jackrabbit.core.XASessionImpl$EventDispatcher",3,1.00,1.00,7,0.05,457.94,4,1,15,4,3,110.35,18,11,0,1,142.57,0.00,0.00,0.33,0,4.00,1,142.54,0,0,3,java.lang.Object,0.00,1,0,3,0,1,3,1,4,43,1
"org.apache.jackrabbit.core.XASessionImpl$ExtendedXAException",1,0.00,2.00,5,0.03,376.54,1,0,15,2,0,76.38,8,8,0,2,124.48,0.00,0.50,0.00,0,1.00,2,99.27,0,0,0,javax.transaction.xa.XAException,0.00,1,1,2,0,1,1,0,1,28,1
"org.apache.jackrabbit.core.XATest",8,0.00,2.62,112,1.31,32244.20,8,0,7,31,3,62.07,101,143,1,4,99.63,0.00,0.75,0.00,0,0.00,5,3926.83,1,0,2,org.apache.jackrabbit.test.AbstractJCRTest,0.00,23,3,21,0,23,8,0,66,758,1
"org.apache.jackrabbit.webdav.transaction.TransactionConstants",0,0.00,0.00,15,0.30,7629.97,14,14,5,4,9,171.00,88,16,5,1,171.00,0.00,0.00,0.00,0,0.00,0,900.76,0,0,4,,0.00,4,0,0,0,4,0,0,15,166,1
"org.apache.jackrabbit.webdav.transaction.TransactionDavServletRequest",2,0.00,1.00,3,0.01,65.85,2,0,1,2,4,114.92,22,4,2,2,159.05,0.00,0.50,0.00,0,2.00,1,38.73,0,2,2,,0.00,0,1,2,0,0,0,0,3,16,1
"org.apache.jackrabbit.webdav.transaction.TransactionInfo",2,0.00,3.00,16,0.20,7084.89,4,2,2,7,8,98.75,31,23,7,1,109.11,0.00,0.00,0.50,0,0.00,5,612.90,0,1,1,java.lang.Object,0.00,5,0,6,0,5,1,1,4,130,1
"org.apache.jackrabbit.webdav.transaction.TransactionResource",4,2.00,1.00,7,0.06,641.07,6,2,3,4,11,105.53,33,8,7,2,153.64,0.00,0.50,0.00,0,4.00,1,181.18,0,2,5,,0.00,0,1,4,0,0,2,0,5,54,1
"org.apache.jackrabbit.webdav.transaction.TxActiveLock",4,0.17,2.00,23,0.23,6822.88,6,2,4,12,10,77.03,30,32,5,3,119.32,0.00,0.67,0.38,0,2.00,5,691.92,2,2,5,org.apache.jackrabbit.webdav.lock.DefaultActiveLock,0.50,8,2,8,0,8,2,1,7,150,1
"org.apache.jackrabbit.webdav.transaction.TxLockEntry",3,0.25,1.33,12,0.08,1405.39,5,2,4,4,5,79.34,26,17,1,2,127.44,0.00,0.50,0.33,0,2.00,2,247.34,0,2,4,org.apache.jackrabbit.webdav.lock.AbstractLockEntry,0.00,1,1,4,0,1,1,1,4,65,2
"org.apache.jackrabbit.webdav.transaction.TxLockManager",2,0.00,1.00,3,0.03,184.31,2,0,2,2,7,145.17,30,5,2,2,155.53,0.00,0.50,0.00,0,2.00,1,101.67,0,1,6,,0.00,0,1,2,0,0,1,0,3,30,1
"org.apache.jackrabbit.core.nodetype.xml.AdditionalNamespaceResolver",5,0.12,1.80,31,0.32,8555.78,7,2,6,13,4,98.50,27,41,3,1,116.38,0.00,0.00,0.40,1,6.00,2,949.71,0,2,1,java.lang.Object,0.00,8,0,9,0,8,3,1,8,218,1
"org.apache.jackrabbit.core.nodetype.xml.Constants",0,0.00,0.00,25,0.29,3144.19,24,24,0,0,5,171.00,27,26,5,1,171.00,0.00,0.00,0.00,0,0.00,0,861.42,0,0,0,,0.00,0,0,0,0,0,0,0,25,149,1
"org.apache.jackrabbit.core.nodetype.xml.NodeTypeReader",6,0.20,4.33,103,2.12,119158.57,8,2,20,62,19,61.54,79,179,3,1,90.92,0.00,0.00,0.67,3,0.00,9,6346.29,0,5,16,java.lang.Object,0.00,56,0,26,0,56,1,0,19,1059,2
"org.apache.jackrabbit.core.nodetype.xml.NodeTypeWriter",6,0.30,3.67,109,1.65,83738.65,8,2,16,53,14,47.11,71,148,3,1,91.24,0.00,0.00,0.75,2,0.00,6,4961.30,0,0,11,java.lang.Object,0.00,47,0,22,0,47,6,0,20,870,2
"org.apache.jackrabbit.core.nodetype.xml.SimpleNamespaceRegistry",7,0.08,1.14,24,0.26,4048.42,9,2,3,15,3,171.31,15,33,1,1,131.42,0.00,0.00,0.57,1,0.00,2,766.08,0,4,2,java.lang.Object,0.00,8,0,8,0,8,3,1,10,200,0
"org.apache.jackrabbit.core.nodetype.xml.TestAll",37,0.15,1.22,203,2.85,51401.88,41,4,19,79,13,160.02,88,341,0,2,120.13,0.00,0.50,0.10,3,275.00,3,8544.39,0,4,13,junit.framework.TestCase,0.00,42,1,45,0,42,33,0,42,1778,1
"org.apache.jackrabbit.webdav.version.DeltaVConstants",0,0.00,0.00,43,0.91,20399.58,42,42,3,1,21,171.00,218,44,19,1,171.00,0.00,0.00,0.00,0,0.00,0,2732.36,0,0,2,,0.00,1,0,0,0,1,0,0,31,414,1
"org.apache.jackrabbit.webdav.version.DeltaVResource",5,2.00,1.00,8,0.07,497.80,7,2,6,5,18,135.12,73,9,11,2,155.27,0.00,0.50,0.00,0,5.00,1,195.55,0,3,8,,0.00,0,1,5,0,0,2,0,7,60,1
"org.apache.jackrabbit.webdav.version.DeltaVServletRequest",6,0.00,1.00,7,0.03,135.51,6,0,2,6,7,118.05,43,8,1,2,160.34,0.00,0.50,0.00,0,6.00,1,85.17,0,5,6,,0.00,0,1,6,0,0,1,0,7,36,1
"org.apache.jackrabbit.webdav.version.LabelInfo",7,0.04,2.00,43,0.47,15423.56,15,8,3,19,8,65.49,68,56,7,1,115.49,0.00,0.00,0.16,1,25.00,7,1421.21,0,2,1,java.lang.Object,0.00,12,0,14,0,12,5,1,9,289,1
"org.apache.jackrabbit.webdav.version.MergeInfo",6,0.10,1.50,24,0.25,5285.14,8,2,4,14,8,77.15,53,34,5,1,125.26,0.00,0.00,0.42,0,0.00,2,759.43,0,3,3,java.lang.Object,0.00,8,0,9,0,8,3,1,7,180,1
"org.apache.jackrabbit.webdav.version.OptionsInfo",3,0.25,1.33,11,0.13,2672.59,5,2,4,10,6,92.34,37,16,5,1,129.91,0.00,0.00,0.33,0,1.00,2,396.52,0,1,1,java.lang.Object,0.00,7,0,4,0,7,2,0,4,95,1
"org.apache.jackrabbit.webdav.version.OptionsResponse",3,0.00,1.33,15,0.17,3908.53,5,2,5,9,5,71.85,30,17,3,1,120.33,0.00,0.00,0.50,0,0.00,2,497.19,0,1,2,java.lang.Object,0.00,6,0,4,0,6,2,1,4,114,1
"org.apache.jackrabbit.webdav.version.ResourceType",3,0.10,1.67,15,0.22,5671.38,8,5,2,5,3,74.88,33,27,1,3,119.01,0.00,0.67,0.13,0,5.00,2,670.09,0,1,2,org.apache.jackrabbit.webdav.property.ResourceType,0.43,2,2,5,0,2,2,1,8,142,1
"org.apache.jackrabbit.webdav.version.SupportedMethodSetProperty",1,1.00,2.00,12,0.16,4815.58,2,1,3,4,3,51.59,9,12,1,3,101.58,0.00,0.67,0.00,0,1.00,2,467.75,1,0,2,org.apache.jackrabbit.webdav.property.DefaultDavProperty,0.00,3,2,2,0,3,1,1,3,99,1
"org.apache.jackrabbit.webdav.version.UpdateInfo",6,0.08,2.17,45,0.59,29025.61,11,5,6,21,8,60.28,54,57,5,1,110.28,0.00,0.00,0.27,0,14.00,7,1761.09,0,5,3,java.lang.Object,0.00,15,0,13,0,15,1,1,7,336,1
"org.apache.jackrabbit.webdav.version.VersionControlledResource",8,11.00,1.00,20,0.36,11015.40,19,11,5,9,15,182.88,221,21,5,2,135.05,0.00,0.50,0.00,0,8.00,1,1069.05,0,3,10,,0.00,1,1,8,0,1,5,0,20,230,1
"org.apache.jackrabbit.webdav.version.VersionHistoryResource",1,4.00,1.00,6,0.09,2077.38,5,4,2,2,9,82.14,42,7,6,2,115.85,0.00,0.50,0.00,0,1.00,1,280.76,0,1,4,,0.00,1,1,1,0,1,0,0,6,64,1
"org.apache.jackrabbit.webdav.version.VersionResource",2,9.00,1.00,12,0.26,8919.75,11,9,2,3,10,97.67,123,13,6,2,113.24,0.00,0.50,0.00,0,2.00,1,771.41,0,0,5,,0.00,1,1,2,0,1,2,0,12,157,1
"org.apache.jackrabbit.webdav.version.VersionableResource",1,2.00,1.00,4,0.04,432.22,3,2,1,1,3,98.81,41,5,2,2,127.79,0.00,0.50,0.00,0,1.00,1,105.60,0,0,1,,0.00,0,1,1,0,0,1,0,4,29,1
"org.apache.jackrabbit.core.util.uuid.Bytes",8,0.00,2.38,59,0.79,50837.57,8,0,0,9,1,67.04,61,78,1,1,109.33,0.00,0.00,0.00,1,8.00,9,2379.21,0,0,0,java.lang.Object,0.00,1,0,19,0,1,8,0,9,516,2
"org.apache.jackrabbit.core.util.uuid.Constants",0,0.00,0.00,33,0.42,8853.20,32,32,0,1,3,171.00,114,34,3,1,171.00,0.00,0.00,0.00,0,0.00,0,1267.81,0,0,0,,0.00,1,0,0,0,1,0,0,39,209,1
"org.apache.jackrabbit.core.util.uuid.UUID",21,0.01,2.14,141,1.74,69659.41,29,8,4,54,22,76.51,271,176,20,1,114.07,0.00,0.00,0.14,2,0.00,7,5209.89,0,4,3,java.lang.Object,0.00,33,0,45,0,33,17,3,75,1052,1
"org.apache.jackrabbit.core.util.uuid.VersionFourGenerator",6,0.10,2.17,38,0.38,15041.75,10,4,4,10,3,85.65,80,53,2,1,115.03,0.00,0.00,0.17,1,10.00,7,1127.04,0,4,2,java.lang.Object,0.00,4,0,13,0,4,2,1,23,239,2
"org.apache.jackrabbit.lite.LiteItem",10,0.26,1.10,25,0.21,2608.42,13,3,13,14,2,140.72,6,44,0,2,140.72,0.00,0.50,0.10,1,34.00,2,621.66,1,3,2,org.apache.jackrabbit.base.BaseItem,0.59,4,1,11,0,4,7,0,4,168,1
"org.apache.jackrabbit.lite.LiteNamedNode",3,0.25,1.00,11,0.09,1146.16,5,2,7,4,2,182.87,3,17,0,4,132.87,0.00,0.75,0.33,0,5.00,1,282.05,1,2,2,org.apache.jackrabbit.lite.LiteNode,0.09,1,3,3,0,1,1,0,1,73,1
"org.apache.jackrabbit.lite.LiteNamespaceRegistry",6,0.00,1.33,30,0.30,7039.83,8,2,4,12,1,102.82,33,43,0,2,120.69,0.00,0.50,0.50,1,2.00,2,913.82,0,4,1,org.apache.jackrabbit.base.BaseNamespaceRegistry,0.31,6,1,8,0,6,2,0,7,214,1
"org.apache.jackrabbit.lite.LiteNode",7,0.22,1.00,20,0.15,1814.13,10,3,11,9,5,140.76,3,28,2,3,140.76,1.00,0.40,0.14,0,22.00,1,445.86,0,5,3,org.apache.jackrabbit.base.BaseNode,0.21,2,2,7,2,2,2,0,1,122,1
"org.apache.jackrabbit.lite.LiteProperty",6,0.27,1.67,34,0.29,5955.65,9,3,8,7,1,121.21,3,47,0,3,121.21,0.00,0.67,0.11,0,14.00,2,869.02,0,2,1,org.apache.jackrabbit.base.BaseProperty,0.12,1,2,10,0,1,4,0,1,204,1
"org.apache.jackrabbit.lite.LiteRepository",4,0.00,1.00,13,0.12,1580.92,5,1,4,10,1,88.63,45,19,0,2,132.75,0.00,0.50,1.00,1,0.00,1,355.14,0,2,1,org.apache.jackrabbit.base.BaseRepository,0.18,6,1,4,0,6,2,0,18,93,1
"org.apache.jackrabbit.lite.LiteRootNode",13,0.00,1.08,30,0.30,3909.71,13,0,14,17,2,140.24,3,60,0,4,140.24,0.00,0.75,0.00,0,13.00,2,887.36,0,7,2,org.apache.jackrabbit.lite.LiteNode,0.25,4,3,14,0,4,6,0,1,226,1
"org.apache.jackrabbit.lite.LiteRootNodeType",0,0.00,0.00,1,0.01,31.02,0,0,1,0,1,171.00,3,2,0,2,171.00,0.00,0.50,0.00,0,0.00,0,15.51,0,0,1,org.apache.jackrabbit.base.nodetype.BaseNodeType,0.00,0,1,0,0,0,0,0,1,6,1
"org.apache.jackrabbit.lite.LiteSession",14,0.06,1.50,69,0.84,22400.78,19,5,22,45,4,80.93,111,109,0,2,123.22,0.00,0.50,0.14,1,94.00,4,2521.43,3,9,4,org.apache.jackrabbit.base.BaseSession,0.18,31,1,21,0,31,5,0,20,545,1
"org.apache.jackrabbit.lite.LiteWorkspace",4,0.00,3.00,41,0.56,19355.14,4,0,18,23,1,54.43,36,61,0,2,104.43,0.00,0.50,0.00,1,4.00,5,1684.24,1,2,1,org.apache.jackrabbit.base.BaseWorkspace,0.00,19,1,12,0,19,2,0,5,324,1
"org.apache.jackrabbit.test.api.util.TestAll",1,0.00,1.00,4,0.03,457.63,1,0,3,2,0,90.03,12,6,0,2,127.59,0.00,0.50,0.00,0,1.00,1,76.45,0,1,0,junit.framework.TestCase,0.00,1,1,1,0,1,0,0,3,23,1
"org.apache.jackrabbit.lite.nodetype.LiteItemDef",7,0.00,1.14,30,0.23,3894.91,14,7,5,10,3,126.89,3,44,2,1,126.89,0.00,0.00,0.14,0,37.00,2,702.81,0,2,1,java.lang.Object,0.00,3,0,8,2,3,5,1,1,174,1
"org.apache.jackrabbit.lite.nodetype.LiteNodeDef",4,0.00,1.00,9,0.07,649.22,4,0,4,4,3,182.25,9,18,1,2,142.36,0.00,0.50,0.00,0,4.00,1,217.29,0,2,2,org.apache.jackrabbit.lite.nodetype.LiteItemDef,0.00,0,1,4,0,0,2,1,7,61,1
"org.apache.jackrabbit.lite.nodetype.LiteNodeType",8,0.02,1.62,54,0.48,13627.69,16,8,7,11,2,116.42,3,64,0,2,116.42,0.00,0.50,0.14,0,46.00,2,1438.89,0,5,2,org.apache.jackrabbit.base.nodetype.BaseNodeType,0.54,3,1,13,0,3,3,0,1,332,1
"org.apache.jackrabbit.lite.nodetype.LiteNodeTypeManager",3,0.50,1.00,8,0.08,933.72,4,1,8,7,2,190.14,4,13,0,2,140.14,0.00,0.50,0.67,0,1.00,1,232.30,0,1,2,org.apache.jackrabbit.base.nodetype.BaseNodeTypeManager,0.29,4,1,3,0,4,2,0,2,62,1
"org.apache.jackrabbit.lite.nodetype.LitePropertyDef",7,0.04,1.00,23,0.23,3704.05,11,4,7,10,2,181.75,7,36,0,2,131.75,0.00,0.50,0.21,0,29.00,1,697.29,0,2,2,org.apache.jackrabbit.lite.nodetype.LiteItemDef,0.00,3,1,7,0,3,5,1,5,172,1
"org.apache.jackrabbit.lite.nodetype.PropertyDefBuilder",0,0.00,0.00,1,0.00,12.00,0,0,0,0,0,171.00,3,2,0,1,171.00,0.00,0.00,0.00,0,0.00,0,8.00,0,0,0,java.lang.Object,0.00,0,0,0,0,0,0,0,1,4,1
"org.apache.jackrabbit.core.xml.AbstractSAXEventGenerator",12,0.05,1.92,76,0.92,34718.24,18,6,11,31,7,64.57,110,103,2,1,114.57,0.00,0.00,0.12,7,46.00,8,2747.03,0,0,5,java.lang.Object,0.00,19,0,23,2,19,12,1,33,555,1
"org.apache.jackrabbit.core.xml.DocViewImportHandler",9,0.12,3.11,91,1.35,74067.49,12,3,12,42,7,54.13,92,139,1,3,102.60,0.00,0.67,0.22,2,7.00,11,4059.31,0,0,6,org.apache.jackrabbit.core.xml.TargetImportHandler,0.00,33,2,28,0,33,9,0,34,733,0
"org.apache.jackrabbit.core.xml.DocViewSAXEventGenerator",7,0.00,3.00,78,1.21,74611.33,10,3,17,40,8,52.08,60,114,1,2,100.18,0.00,0.50,0.33,0,4.00,12,3639.45,0,0,8,org.apache.jackrabbit.core.xml.AbstractSAXEventGenerator,0.00,33,1,21,0,33,7,0,33,615,1
"org.apache.jackrabbit.core.xml.ImportHandler",12,0.12,1.75,79,0.88,22825.16,22,10,13,38,8,67.92,98,111,2,2,116.02,0.00,0.50,0.21,0,24.00,5,2640.37,0,0,6,org.xml.sax.helpers.DefaultHandler,0.00,26,1,21,0,26,12,0,42,558,1
"org.apache.jackrabbit.core.xml.ImportHandler$NamespaceContext",7,0.29,1.86,34,0.29,7608.33,11,4,13,16,2,124.73,28,47,0,1,124.49,0.00,0.00,0.50,0,0.00,4,884.62,0,2,2,java.lang.Object,0.00,9,0,13,0,9,5,1,9,211,0
"org.apache.jackrabbit.core.xml.Importer",4,4.00,1.00,12,0.10,1748.31,8,4,7,4,9,100.19,24,18,7,1,132.41,0.00,0.00,0.00,0,4.00,1,298.20,0,0,2,,0.00,0,0,4,0,0,4,0,7,80,1
"org.apache.jackrabbit.core.xml.Importer$NodeInfo",10,0.17,1.00,27,0.18,2775.10,14,4,7,10,1,140.53,0,39,0,1,140.53,0.00,0.00,0.10,0,42.00,1,530.70,0,4,1,java.lang.Object,0.00,0,0,10,0,0,6,0,0,152,1
"org.apache.jackrabbit.core.xml.Importer$PropInfo",8,0.24,1.00,21,0.14,1856.41,11,3,7,8,1,141.14,0,30,0,1,141.14,0.00,0.00,0.12,0,26.00,1,411.97,0,1,1,java.lang.Object,0.00,0,0,8,0,0,7,0,0,118,1
"org.apache.jackrabbit.core.xml.Importer$TextValue",3,0.00,1.00,4,0.02,76.13,3,0,7,3,0,127.72,18,5,0,1,159.94,0.00,0.00,0.00,0,3.00,1,52.87,0,2,0,,0.00,0,0,3,0,0,1,0,3,22,0
"org.apache.jackrabbit.core.xml.SessionImporter",7,0.17,6.71,183,2.82,250995.70,13,6,27,67,11,44.35,86,243,1,1,81.91,0.00,0.00,0.31,0,0.00,26,8454.18,0,2,11,java.lang.Object,0.00,60,0,47,0,60,5,1,63,1340,1
"org.apache.jackrabbit.core.xml.SysViewImportHandler",8,0.11,6.12,136,2.21,142594.92,13,5,13,51,8,43.10,69,199,1,3,91.21,0.00,0.67,0.30,1,6.00,17,6639.26,1,0,7,org.apache.jackrabbit.core.xml.TargetImportHandler,0.00,43,2,49,0,43,8,0,43,1118,0
"org.apache.jackrabbit.core.xml.SysViewImportHandler$ImportState",0,0.00,0.00,7,0.05,531.67,6,6,13,1,1,171.00,18,8,0,1,171.00,0.00,0.00,0.00,0,0.00,0,141.78,0,0,1,java.lang.Object,0.00,1,0,0,0,1,0,0,6,34,0
"org.apache.jackrabbit.core.xml.SysViewSAXEventGenerator",7,0.18,2.43,78,1.21,55482.08,20,13,15,29,8,53.14,56,119,2,2,101.25,0.00,0.50,0.23,0,3.00,8,3633.35,0,0,7,org.apache.jackrabbit.core.xml.AbstractSAXEventGenerator,0.00,22,1,17,0,22,7,0,29,634,1
"org.apache.jackrabbit.core.xml.SysViewSAXEventGenerator$Writer",3,0.00,1.33,7,0.07,1447.36,3,0,15,6,0,138.57,2,12,0,1,138.57,0.00,0.00,0.00,0,3.00,2,205.45,0,0,0,java.lang.Object,0.00,3,0,4,0,3,3,0,2,52,0
"org.apache.jackrabbit.core.xml.TargetImportHandler",2,0.33,2.50,20,0.23,7100.39,5,3,11,6,5,105.06,32,25,2,2,105.53,2.00,0.25,0.17,0,2.00,4,686.76,0,0,3,org.xml.sax.helpers.DefaultHandler,0.00,4,1,5,2,4,2,1,7,144,1
"org.apache.jackrabbit.core.xml.TargetImportHandler$AppendableValue",3,0.00,1.00,4,0.03,218.89,3,0,11,3,0,124.11,20,6,0,2,156.33,0.00,0.50,0.00,0,3.00,1,104.62,0,0,0,,0.00,0,1,3,0,0,3,0,3,34,1
"org.apache.jackrabbit.core.xml.TargetImportHandler$BufferedStringValue",7,0.58,3.29,82,0.85,37892.53,13,6,11,23,0,70.26,48,103,0,1,102.48,0.00,0.00,0.67,1,0.00,5,2548.25,0,2,0,java.lang.Object,0.00,16,0,23,0,16,5,1,20,512,1
"org.apache.jackrabbit.core.xml.TargetImportHandler$StringValue",4,0.33,1.00,10,0.06,695.71,5,1,11,6,0,142.36,16,15,0,1,142.13,0.00,0.00,0.75,0,0.00,1,187.08,0,2,0,java.lang.Object,0.00,2,0,4,0,2,2,1,5,56,1
"org.apache.jackrabbit.core.xml.WorkspaceImporter",14,0.25,7.50,438,7.31,676449.09,24,10,42,146,26,111.40,281,624,1,1,78.02,0.00,0.00,0.34,6,0.00,31,21931.57,0,7,26,java.lang.Object,0.00,132,0,105,0,132,7,2,174,3441,1
"org.apache.jackrabbit.tck.TckHelper",1,0.00,4.00,10,0.08,2307.49,1,0,0,1,2,127.51,3,16,1,1,106.90,0.00,0.00,0.00,0,1.00,4,244.84,0,1,1,java.lang.Object,0.00,0,0,4,0,0,0,0,1,55,1
"org.apache.jackrabbit.tck.TckTestRunner",12,0.07,1.83,74,0.79,28926.46,23,11,9,31,4,115.44,58,101,1,2,115.20,0.00,0.50,0.15,1,36.00,9,2372.41,0,1,3,junit.runner.BaseTestRunner,0.00,19,1,22,0,19,11,0,20,485,1
"org.apache.jackrabbit.tck.TestResult",9,0.08,1.00,26,0.19,2384.31,17,8,1,9,3,190.69,12,36,3,1,140.69,0.00,0.00,0.06,0,37.00,1,562.52,0,2,0,java.lang.Object,0.00,0,0,9,0,0,7,0,10,148,1
"org.apache.jackrabbit.tck.Tester",5,0.20,2.40,47,0.74,20088.35,10,5,10,37,5,56.82,47,61,0,1,106.82,0.00,0.00,0.36,1,4.00,5,2216.10,0,1,5,java.lang.Object,0.00,32,0,12,0,32,4,0,15,419,1
"org.apache.jackrabbit.tck.WebAppTestConfig",9,1.00,2.56,85,1.41,50797.78,10,1,10,44,5,63.35,69,129,2,1,105.65,0.00,0.00,0.00,5,9.00,4,4226.96,0,5,3,java.lang.Object,0.00,35,0,23,0,35,4,0,21,835,1
"org.apache.jackrabbit.webdav.version.report.ExpandPropertyReport",6,0.10,2.67,51,0.72,27670.87,10,4,13,31,15,88.09,87,68,1,1,108.24,0.00,0.00,0.17,2,14.00,6,2152.55,0,2,15,java.lang.Object,0.00,25,0,16,0,25,4,2,10,413,1
"org.apache.jackrabbit.webdav.version.report.ExpandPropertyReport$ExpandProperty",2,0.00,2.00,15,0.18,4256.37,3,1,13,11,6,95.24,11,18,0,2,113.11,0.00,0.50,1.00,0,0.00,3,531.87,0,1,6,org.apache.jackrabbit.webdav.property.AbstractDavProperty,0.00,9,1,4,0,9,1,0,3,108,1
"org.apache.jackrabbit.webdav.version.report.LocateByHistoryReport",5,0.00,3.60,47,0.70,26546.44,9,4,12,33,14,57.30,53,68,1,1,105.78,0.00,0.00,0.25,1,10.00,7,2088.38,0,2,14,java.lang.Object,0.00,28,0,18,0,28,3,2,8,396,1
"org.apache.jackrabbit.webdav.version.report.Report",4,0.00,1.00,5,0.03,127.67,4,0,3,4,9,111.05,33,6,7,1,159.16,0.00,0.00,0.00,0,4.00,1,78.56,0,2,4,,0.00,0,0,4,0,0,2,0,5,30,1
"org.apache.jackrabbit.webdav.version.report.ReportInfo",4,0.11,1.25,17,0.14,2673.20,7,3,4,7,18,78.14,32,23,16,1,126.24,0.00,0.00,0.25,0,6.00,2,411.71,0,2,2,java.lang.Object,0.00,3,0,5,0,3,2,0,5,104,1
"org.apache.jackrabbit.webdav.version.report.ReportType",7,0.00,2.43,57,0.80,34067.78,15,8,7,27,19,65.78,55,74,15,1,108.07,0.00,0.00,0.12,1,24.00,6,2393.47,0,4,8,java.lang.Object,0.00,20,0,17,0,20,3,1,10,472,1
"org.apache.jackrabbit.webdav.version.report.SupportedReportSetProperty",6,0.20,1.67,31,0.33,7340.05,8,2,6,15,7,78.20,43,39,3,2,120.50,0.00,0.50,0.33,1,0.00,3,989.55,1,2,4,org.apache.jackrabbit.webdav.property.AbstractDavProperty,0.17,9,1,10,0,9,4,0,7,225,1
"org.apache.jackrabbit.webdav.version.report.VersionTreeReport",6,0.27,2.50,42,0.53,20359.21,9,3,5,23,13,63.36,52,55,1,1,111.46,0.00,0.00,0.11,2,14.00,5,1588.63,0,2,13,java.lang.Object,0.00,17,0,15,0,17,4,2,6,331,1
"org.apache.jackrabbit.core.state.AbstractPersistenceManager",9,0.00,1.89,40,0.45,19413.66,9,0,3,21,13,89.92,55,55,4,1,122.14,0.00,0.00,0.00,2,9.00,9,1341.99,0,0,9,java.lang.Object,0.00,12,0,17,3,12,9,1,10,300,2
"org.apache.jackrabbit.core.state.ChangeLog",17,0.12,2.29,110,1.20,32387.41,21,4,4,43,22,83.73,105,153,15,1,115.95,0.00,0.00,0.37,2,24.00,6,3589.55,0,4,7,java.lang.Object,0.00,26,0,39,0,26,13,0,24,829,1
"org.apache.jackrabbit.core.state.ChangeLogTest",3,0.00,2.00,37,0.48,14613.83,3,0,3,17,6,83.67,16,42,1,4,101.55,0.00,0.75,0.00,0,3.00,4,1426.16,0,0,5,org.apache.jackrabbit.test.AbstractJCRTest,0.00,14,3,6,0,14,3,0,4,279,1
"org.apache.jackrabbit.core.state.ItemState",31,0.05,1.74,161,1.64,47830.86,47,16,10,57,31,87.47,194,220,30,1,119.69,0.00,0.00,0.11,6,440.00,4,4919.22,0,3,2,java.lang.Object,0.00,26,0,54,8,26,28,2,62,1050,2
"org.apache.jackrabbit.core.state.ItemStateCache",13,0.00,1.85,60,0.64,13704.83,16,3,8,35,7,92.37,87,84,5,1,124.60,0.00,0.00,0.33,3,0.00,10,1919.72,0,2,2,java.lang.Object,0.00,22,0,24,5,22,11,0,18,432,2
"org.apache.jackrabbit.core.state.ItemStateException",4,0.00,1.00,9,0.05,332.37,4,0,1,4,41,112.43,27,14,40,3,144.65,0.50,0.50,0.00,0,4.00,1,136.79,0,0,1,org.apache.jackrabbit.core.BaseException,0.00,0,2,4,1,0,4,0,5,46,1
"org.apache.jackrabbit.core.state.ItemStateListener",4,0.00,1.00,5,0.02,77.04,4,0,0,4,3,118.59,31,6,3,1,160.88,0.00,0.00,0.00,0,4.00,1,72.04,0,0,1,,0.00,0,0,4,0,0,4,0,5,29,1
"org.apache.jackrabbit.core.state.ItemStateManager",4,0.00,1.00,5,0.03,131.61,4,0,1,4,24,116.76,31,8,18,1,159.05,0.00,0.00,0.00,0,4.00,1,98.08,0,2,6,,0.00,0,0,4,0,0,2,0,5,35,1
"org.apache.jackrabbit.core.state.LocalItemStateManager",22,0.07,1.82,114,1.09,23673.67,27,5,9,50,20,88.69,134,166,2,2,120.91,1.00,0.33,0.26,3,0.00,4,3275.01,6,3,18,org.apache.jackrabbit.core.state.ItemStateCache,0.00,28,1,40,1,28,19,2,47,739,1
"org.apache.jackrabbit.core.state.NoSuchItemStateException",4,0.00,1.00,9,0.05,332.37,4,0,0,4,30,112.43,27,14,29,4,144.65,0.00,0.75,0.00,0,4.00,1,136.79,0,0,1,org.apache.jackrabbit.core.state.ItemStateException,0.00,0,3,4,0,0,4,0,5,46,1
"org.apache.jackrabbit.core.state.NodeReferences",9,0.06,1.00,23,0.19,2792.47,13,4,6,18,27,107.93,58,33,25,1,140.15,0.00,0.00,0.19,0,14.00,1,555.55,0,3,2,java.lang.Object,0.00,9,0,9,0,9,6,1,14,149,1
"org.apache.jackrabbit.core.state.NodeReferencesId",3,0.00,2.00,13,0.10,1650.98,3,0,1,5,25,78.70,24,20,24,3,126.80,0.00,0.67,0.00,0,3.00,3,287.37,1,1,1,org.apache.jackrabbit.core.NodeId,0.00,2,2,6,0,2,2,0,5,74,1
"org.apache.jackrabbit.core.state.NodeState",43,0.00,1.86,236,2.52,111520.32,51,8,15,90,41,75.61,337,308,37,2,117.90,5.00,0.14,0.12,2,812.00,14,7546.83,3,16,4,org.apache.jackrabbit.core.state.ItemState,0.05,47,1,80,5,47,27,0,76,1611,1
"org.apache.jackrabbit.core.state.NodeState$ChildEntry",2,1.00,1.00,6,0.04,425.80,3,1,15,2,1,134.87,0,9,0,1,134.87,0.00,0.00,0.50,0,2.00,1,110.47,0,1,1,java.lang.Object,0.00,0,0,2,0,0,1,1,0,33,3
"org.apache.jackrabbit.core.state.NodeState$ChildNodeEntries",12,0.09,2.58,93,1.09,37913.62,14,2,15,36,1,161.70,22,123,0,1,111.70,0.00,0.00,0.58,2,0.00,6,3255.77,0,5,1,java.lang.Object,0.00,24,0,31,0,24,7,1,10,677,2
"org.apache.jackrabbit.core.state.NodeState$ChildNodeEntry",6,0.20,1.83,34,0.32,9422.18,9,3,15,12,1,119.62,2,47,0,2,119.62,0.00,0.50,0.50,0,0.00,3,952.21,0,2,1,org.apache.jackrabbit.core.state.ChildEntry,0.00,6,1,11,0,6,4,0,2,222,2
"org.apache.jackrabbit.core.state.NodeState$PropertyEntry",4,1.00,1.75,17,0.12,2592.16,5,1,15,7,1,126.27,1,25,0,2,126.27,0.00,0.50,0.25,0,6.00,3,373.83,0,1,1,org.apache.jackrabbit.core.state.ChildEntry,0.00,3,1,7,0,3,3,0,1,97,2
"org.apache.jackrabbit.core.state.PMContext",6,0.04,1.00,22,0.15,1838.37,11,5,4,6,9,85.52,53,33,7,1,133.62,0.00,0.00,0.17,0,26.00,1,445.88,0,5,2,java.lang.Object,0.00,0,0,6,0,0,1,0,12,118,1
"org.apache.jackrabbit.core.state.PersistenceManager",11,0.00,1.00,12,0.09,377.67,11,0,2,11,18,114.78,126,16,8,1,158.91,0.00,0.00,0.00,0,11.00,1,262.12,0,3,10,,0.00,0,0,11,0,0,8,0,12,90,1
"org.apache.jackrabbit.core.state.PropertyState",15,0.07,1.53,94,1.00,38310.40,21,6,15,46,38,97.17,84,117,31,2,115.04,1.00,0.33,0.23,0,44.00,6,3013.60,2,3,7,org.apache.jackrabbit.core.state.ItemState,0.09,31,1,23,1,31,12,0,24,601,1
"org.apache.jackrabbit.core.state.SessionItemStateManager",28,0.07,2.39,204,2.51,190605.83,33,5,20,89,21,59.09,276,275,1,1,109.09,0.00,0.00,0.27,0,0.00,23,7522.21,0,7,20,java.lang.Object,0.00,61,0,67,0,61,21,1,89,1398,1
"org.apache.jackrabbit.core.state.SessionItemStateManager$PathComparator",1,0.00,8.00,26,0.31,19573.92,1,0,20,7,2,41.65,7,32,0,1,83.94,0.00,0.00,0.00,0,0.00,8,920.27,0,0,2,java.lang.Object,0.00,6,0,8,0,6,1,1,3,168,1
"org.apache.jackrabbit.core.state.SharedItemStateManager",23,0.03,3.30,259,3.20,201885.12,27,4,20,99,31,52.72,196,337,6,2,100.83,0.00,0.50,0.22,7,103.00,21,9608.50,6,1,25,org.apache.jackrabbit.core.state.ItemStateCache,0.00,76,1,76,0,76,22,2,73,1775,1
"org.apache.jackrabbit.core.state.TestAll",1,0.00,1.00,5,0.04,864.35,1,0,3,3,1,73.32,10,7,0,2,121.80,0.00,0.50,0.00,0,1.00,1,115.51,0,1,1,junit.framework.TestCase,0.00,2,1,1,0,2,0,0,2,31,1
"org.apache.jackrabbit.core.state.TransactionContext",7,0.00,1.43,39,0.32,6946.59,9,2,4,19,4,78.96,51,48,4,1,121.25,0.00,0.00,0.50,1,6.00,2,948.72,0,1,1,java.lang.Object,0.00,12,0,10,0,12,6,0,10,225,1
"org.apache.jackrabbit.core.state.TransactionException",3,0.00,1.00,7,0.04,296.18,3,0,1,3,3,101.77,21,11,2,3,144.07,0.00,0.67,0.00,0,3.00,1,118.69,0,0,1,org.apache.jackrabbit.core.BaseException,0.00,0,2,3,0,0,3,0,4,39,1
"org.apache.jackrabbit.core.state.TransactionListener",2,0.00,1.00,3,0.01,46.02,2,0,0,2,1,112.17,16,4,1,1,160.28,0.00,0.00,0.00,0,2.00,1,41.02,0,0,1,,0.00,0,0,2,0,0,2,0,3,17,1
"org.apache.jackrabbit.core.state.TransactionalItemStateManager",10,0.07,3.60,92,1.03,32302.64,13,3,3,27,12,59.00,101,132,1,3,107.48,0.00,0.67,0.40,0,0.00,7,3086.61,5,2,12,org.apache.jackrabbit.core.state.LocalItemStateManager,0.00,17,2,36,0,17,8,0,27,650,1
"org.apache.jackrabbit.core.state.TransactionalItemStateManager$CommitLog",2,1.00,1.00,6,0.03,323.88,3,1,3,2,1,87.70,16,9,0,1,135.80,0.00,0.00,0.50,0,2.00,1,98.97,0,1,1,java.lang.Object,0.00,0,0,2,0,0,1,0,3,31,2
"org.apache.jackrabbit.core.state.TransactionalItemStateManager$ThreadLocal",1,0.00,1.00,3,0.01,139.89,1,0,3,2,0,136.30,0,4,0,1,136.30,0.00,0.00,0.00,0,1.00,1,44.54,0,1,0,java.lang.Object,0.00,1,0,1,0,1,0,0,0,15,0
"org.apache.jackrabbit.core.state.TransientItemStateManager",21,0.20,1.33,101,0.92,21883.27,23,2,8,46,14,106.84,122,143,1,2,124.71,0.00,0.50,0.31,2,100.00,3,2764.62,7,2,13,org.apache.jackrabbit.core.state.ItemStateCache,0.00,25,1,28,0,25,19,1,47,639,0
"org.apache.jackrabbit.core.state.TransientItemStateManager$Attic",5,0.00,1.20,15,0.12,2339.89,5,0,8,8,8,172.02,12,24,0,2,132.13,0.00,0.50,0.00,0,5.00,2,359.83,2,0,8,org.apache.jackrabbit.core.state.ItemStateCache,0.00,3,1,6,0,3,5,1,4,95,0
"org.apache.jackrabbit.core.state.UpdatableItemStateManager",8,0.00,1.00,9,0.05,197.48,8,0,1,8,13,127.81,53,11,7,2,160.03,0.00,0.50,0.00,0,8.00,1,159.34,0,2,6,,0.00,0,1,8,0,0,6,0,9,59,1
"org.apache.jackrabbit.core.virtual.AbstractVISProvider",27,0.07,1.93,135,1.61,42187.68,32,5,24,80,22,87.40,164,202,1,1,119.63,0.00,0.00,0.13,11,203.00,7,4833.25,0,12,21,java.lang.Object,0.00,53,0,52,2,53,15,2,49,1029,2
"org.apache.jackrabbit.core.virtual.VirtualItemStateProvider",5,0.00,1.00,6,0.05,255.91,5,0,7,5,13,109.44,41,12,6,3,157.54,0.00,0.67,0.00,0,5.00,1,164.97,0,2,8,,0.00,0,2,5,0,0,3,0,6,52,1
"org.apache.jackrabbit.core.virtual.VirtualNodeState",15,0.19,1.47,70,0.78,18643.24,18,3,10,31,15,81.79,115,98,8,3,124.09,2.00,0.29,0.16,5,95.00,3,2348.39,3,6,8,org.apache.jackrabbit.core.state.NodeState,0.00,16,2,22,4,16,9,1,22,525,1
"org.apache.jackrabbit.core.virtual.VirtualNodeState$VirtualChildNodeEntry",1,0.00,1.00,3,0.03,217.74,1,0,10,1,1,134.79,0,5,0,2,134.79,0.00,0.50,0.00,0,1.00,1,81.36,0,0,1,NodeState.ChildNodeEntry,0.00,0,1,1,0,0,1,0,0,24,1
"org.apache.jackrabbit.core.virtual.VirtualNodeState$VirtualPropertyEntry",1,0.00,1.00,3,0.02,135.00,1,0,10,1,1,136.43,0,5,0,2,136.43,0.00,0.50,0.00,0,1.00,1,54.00,0,0,1,NodeState.PropertyEntry,0.00,0,1,1,0,0,1,0,0,18,1
"org.apache.jackrabbit.core.virtual.VirtualPropertyState",1,0.00,1.00,3,0.03,228.79,1,0,3,1,8,86.52,8,5,5,3,134.62,0.00,0.67,0.00,0,1.00,1,80.23,0,0,3,org.apache.jackrabbit.core.state.PropertyState,0.00,0,2,1,0,0,1,0,2,23,1
"org.apache.jackrabbit.server.jcr.JCRWebdavServer",3,0.33,1.33,17,0.17,3623.97,6,3,8,9,7,91.21,40,23,1,1,120.59,0.00,0.00,0.11,0,4.00,2,524.69,0,0,6,java.lang.Object,0.00,6,0,4,0,6,3,1,13,122,1
"org.apache.jackrabbit.server.jcr.JCRWebdavServer$DavSessionImpl",7,0.33,1.43,22,0.24,4415.81,8,1,8,17,7,131.31,34,34,0,1,131.07,0.00,0.00,0.71,0,0.00,4,724.55,0,2,7,java.lang.Object,0.00,10,0,10,0,10,5,1,10,170,1
"org.apache.jackrabbit.server.jcr.JCRWebdavServer$SessionCache",5,0.25,2.80,52,0.69,29068.86,7,2,8,27,4,55.71,40,66,0,1,103.82,0.00,0.00,0.70,1,0.00,6,2082.61,0,0,4,java.lang.Object,0.00,22,0,14,0,22,5,0,7,403,1
"org.apache.jackrabbit.server.jcr.JCRWebdavServer$SessionMap",3,0.00,1.00,7,0.07,955.13,3,0,8,3,1,140.06,0,11,0,2,140.06,0.00,0.50,0.00,0,3.00,1,198.47,3,3,1,java.util.HashMap,0.00,0,1,3,0,0,0,0,0,58,2
"org.apache.jackrabbit.server.jcr.JCRWebdavServerServlet",6,0.18,6.33,103,1.40,45731.53,14,8,12,34,20,45.63,62,151,0,3,94.11,0.00,0.67,0.27,3,10.00,27,4213.40,2,1,20,org.apache.jackrabbit.server.AbstractWebdavServlet,0.09,28,2,38,0,28,5,1,20,736,1
"org.apache.jackrabbit.base.BaseItem",17,0.19,2.24,97,0.80,23350.14,18,1,13,40,2,170.03,17,145,2,1,120.03,0.00,0.00,0.82,3,0.00,4,2410.01,0,5,0,java.lang.Object,0.00,23,0,38,7,23,12,1,15,548,1
"org.apache.jackrabbit.base.BaseNamespaceRegistry",7,0.00,1.43,28,0.27,8864.12,7,0,4,10,0,144.64,23,39,0,1,124.03,0.00,0.00,0.00,2,7.00,3,806.29,0,4,0,java.lang.Object,0.00,3,0,10,1,3,3,1,8,187,1
"org.apache.jackrabbit.base.BaseNode",60,0.00,1.10,139,1.46,19967.00,60,0,34,73,1,139.89,58,281,0,2,139.89,3.00,0.20,0.00,8,60.00,4,4375.56,1,33,1,org.apache.jackrabbit.base.BaseItem,0.05,13,1,66,3,13,27,1,56,1093,1
"org.apache.jackrabbit.base.BaseProperty",26,0.00,1.08,61,0.60,8924.29,26,0,20,44,1,189.79,26,100,0,2,139.79,1.00,0.33,0.00,3,26.00,2,1801.07,1,7,1,org.apache.jackrabbit.base.BaseItem,0.05,18,1,28,1,18,19,1,24,465,1
"org.apache.jackrabbit.base.BaseRepository",7,0.00,1.00,14,0.12,1278.45,7,0,7,9,0,191.96,13,27,0,1,141.96,0.00,0.00,0.00,1,7.00,1,356.71,0,6,0,java.lang.Object,0.00,2,0,7,1,2,1,1,8,100,1
"org.apache.jackrabbit.base.BaseSession",30,0.00,1.27,82,0.94,18877.96,30,0,33,47,0,177.56,80,158,0,1,137.68,0.00,0.00,0.00,6,30.00,3,2821.75,0,14,0,java.lang.Object,0.00,17,0,38,1,17,16,1,31,651,1
"org.apache.jackrabbit.base.BaseWorkspace",15,0.00,1.13,36,0.47,7611.59,15,0,27,24,0,178.32,31,81,0,1,138.44,0.00,0.00,0.00,3,15.00,3,1404.86,0,8,0,java.lang.Object,0.00,9,0,17,1,9,7,1,16,322,1
"org.apache.jackrabbit.rmi.xml.ImportContentHandler",13,0.00,1.08,32,0.33,4913.98,15,2,7,29,2,179.34,37,53,2,1,139.46,0.00,0.00,0.50,1,0.00,2,1002.08,0,0,0,java.lang.Object,0.00,16,0,14,2,16,13,1,16,264,2
"org.apache.jackrabbit.rmi.xml.SessionImportContentHandler",2,0.33,1.00,10,0.09,1242.94,5,3,2,4,2,102.79,28,14,1,2,122.93,0.00,0.50,0.50,0,2.00,1,275.18,0,0,1,org.apache.jackrabbit.rmi.xml.ImportContentHandler,0.13,2,1,2,0,2,2,0,6,70,1
"org.apache.jackrabbit.rmi.xml.WorkspaceImportContentHandler",2,0.33,1.00,10,0.09,1299.15,5,3,2,4,2,102.64,28,13,1,2,122.78,0.00,0.50,0.50,0,2.00,1,272.40,0,0,1,org.apache.jackrabbit.rmi.xml.ImportContentHandler,0.13,2,1,2,0,2,2,0,6,70,1
"org.apache.jackrabbit.webdav.jcr.transaction.TxLockManagerImpl",15,0.32,2.73,128,1.96,74394.73,17,2,12,63,18,63.85,170,177,3,1,107.98,0.00,0.00,0.20,8,52.00,9,5889.00,0,7,15,java.lang.Object,0.00,48,0,41,0,48,8,1,28,1141,1
"org.apache.jackrabbit.webdav.jcr.transaction.TxLockManagerImpl$AbstractTransaction",5,0.12,1.60,21,0.19,3492.44,7,2,12,12,4,165.92,12,30,0,2,126.04,0.00,0.50,0.40,1,9.00,4,562.78,0,2,4,org.apache.jackrabbit.webdav.jcr.transaction.TransactionMap,0.00,7,1,8,0,7,3,1,4,136,3
"org.apache.jackrabbit.webdav.jcr.transaction.TxLockManagerImpl$GlobalTransaction",8,0.57,1.75,40,0.48,10779.60,9,1,12,25,7,120.15,0,58,0,2,120.15,0.00,0.50,0.50,2,8.00,2,1428.28,1,2,7,org.apache.jackrabbit.webdav.jcr.transaction.AbstractTransaction,0.00,17,1,14,0,17,6,0,0,314,2
"org.apache.jackrabbit.webdav.jcr.transaction.TxLockManagerImpl$LocalTransaction",6,0.00,1.67,23,0.30,5851.45,6,0,12,17,8,129.55,1,37,0,2,129.55,0.00,0.50,0.00,0,10.00,3,889.27,0,1,8,org.apache.jackrabbit.webdav.jcr.transaction.AbstractTransaction,0.00,11,1,10,0,11,5,0,1,197,3
"org.apache.jackrabbit.webdav.jcr.transaction.TxLockManagerImpl$Transaction",8,0.00,1.00,9,0.04,170.51,8,0,12,8,4,160.77,35,10,0,1,160.54,0.00,0.00,0.00,0,8.00,1,129.51,0,2,4,,0.00,0,0,8,0,0,6,0,7,51,1
"org.apache.jackrabbit.webdav.jcr.transaction.TxLockManagerImpl$TransactionMap",2,0.00,1.50,8,0.07,1458.86,2,0,12,3,1,125.90,1,12,0,2,125.90,0.00,0.50,0.00,0,2.00,2,223.61,2,2,1,java.util.HashMap,0.00,1,1,3,0,1,0,0,1,59,2
"org.apache.jackrabbit.webdav.jcr.transaction.TxLockManagerImpl$XidImpl",4,1.00,1.00,10,0.06,728.11,5,1,12,5,0,142.21,18,15,0,1,141.97,0.00,0.00,0.25,0,6.00,1,190.21,0,0,0,java.lang.Object,0.00,1,0,4,0,1,4,1,5,57,2
"org.apache.jackrabbit.trace.TraceDecoratorFactory",8,0.24,1.12,29,0.31,6253.99,11,3,12,17,6,130.39,7,41,0,2,130.39,0.00,0.50,0.12,1,14.00,2,921.19,4,7,6,org.apache.jackrabbit.decorator.SimpleDecoratorFactory,0.00,9,1,9,0,9,1,1,5,226,1
"org.apache.jackrabbit.trace.TraceFingerprint",2,0.00,1.00,6,0.03,258.67,3,1,1,3,2,186.57,3,9,2,1,136.57,0.00,0.00,1.00,0,0.00,1,95.97,0,1,0,java.lang.Object,0.00,1,0,2,0,1,1,0,1,30,1
"org.apache.jackrabbit.trace.TraceLogger",16,0.00,1.00,52,0.75,10132.18,19,3,6,18,5,131.14,3,79,4,1,131.14,0.00,0.00,0.33,1,0.00,1,2235.92,0,0,1,java.lang.Object,0.00,2,0,16,0,2,16,0,1,531,1
"org.apache.jackrabbit.trace.TraceRepositoryDecorator",7,0.17,1.00,23,0.23,2991.86,8,1,8,8,4,153.10,27,38,1,2,132.49,0.00,0.50,0.86,0,0.00,1,692.75,3,6,3,org.apache.jackrabbit.decorator.RepositoryDecorator,0.29,1,1,7,0,1,1,1,7,173,1
"org.apache.jackrabbit.trace.TraceSessionDecorator",30,0.03,1.00,92,0.99,12799.99,31,1,26,31,3,153.11,119,150,0,2,132.49,0.00,0.50,0.97,0,0.00,1,2976.37,27,14,3,org.apache.jackrabbit.decorator.SessionDecorator,0.37,1,1,30,0,1,16,1,30,733,1
"org.apache.jackrabbit.trace.TraceWorkspaceDecorator",15,0.07,1.00,47,0.58,7383.97,16,1,23,16,4,152.62,55,89,1,2,132.00,0.00,0.50,0.93,0,0.00,1,1737.83,13,8,3,org.apache.jackrabbit.decorator.WorkspaceDecorator,0.47,1,1,15,0,1,7,1,14,409,1
"org.apache.jackrabbit.webdav.ordering.OrderPatch",4,0.11,1.75,30,0.45,18497.24,7,3,6,21,8,66.36,44,40,5,1,110.49,0.00,0.00,0.42,0,2.00,4,1357.41,0,2,3,java.lang.Object,0.00,17,0,7,0,17,2,1,9,251,1
"org.apache.jackrabbit.webdav.ordering.OrderPatch$Member",3,0.25,1.00,10,0.06,630.61,5,2,6,3,1,102.69,18,14,0,1,134.91,0.00,0.00,0.33,0,5.00,1,166.21,0,1,1,java.lang.Object,0.00,0,0,3,0,0,2,0,3,50,1
"org.apache.jackrabbit.webdav.ordering.OrderingConstants",0,0.00,0.00,17,0.31,6925.43,16,16,2,1,7,171.00,49,18,5,1,171.00,0.00,0.00,0.00,0,0.00,0,933.48,0,0,2,,0.00,1,0,0,0,1,0,0,9,169,1
"org.apache.jackrabbit.webdav.ordering.OrderingDavServletRequest",3,0.00,1.00,4,0.02,83.26,3,0,1,3,3,111.53,25,5,0,2,159.63,0.00,0.50,0.00,0,3.00,1,50.34,0,2,3,,0.00,0,1,3,0,0,1,0,4,21,1
"org.apache.jackrabbit.webdav.ordering.OrderingResource",2,2.00,1.00,5,0.04,328.22,4,2,2,2,5,94.22,17,6,2,2,142.33,0.00,0.50,0.00,0,2.00,1,114.15,0,0,3,,0.00,0,1,2,0,0,2,0,3,34,1
"org.apache.jackrabbit.webdav.ordering.OrderingType",2,0.00,1.50,8,0.08,1416.52,2,0,3,5,4,88.44,25,11,1,3,126.00,0.00,0.67,0.00,0,2.00,2,242.24,2,1,3,org.apache.jackrabbit.webdav.property.DefaultDavProperty,0.21,3,2,3,0,3,1,1,4,60,1
"org.apache.jackrabbit.webdav.ordering.Position",7,0.06,1.57,40,0.49,11874.37,15,8,3,18,6,69.39,69,53,5,1,119.39,0.00,0.00,0.07,2,33.00,3,1477.93,0,1,1,java.lang.Object,0.00,11,0,11,0,11,6,1,8,329,1
"org.apache.jackrabbit.webdav.jcr.search.SearchResourceImpl",5,0.08,3.00,61,0.86,29490.04,8,3,10,45,13,50.80,47,79,1,1,100.80,0.00,0.00,0.27,2,6.00,7,2583.49,0,4,12,java.lang.Object,0.00,40,0,15,0,40,1,1,13,479,1
"org.apache.jackrabbit.webdav.jcr.search.SearchResultProperty",5,0.25,3.60,64,0.98,58462.58,9,4,11,30,6,60.85,64,77,1,2,98.42,0.00,0.50,0.45,0,0.00,10,2945.81,0,3,5,org.apache.jackrabbit.webdav.property.AbstractDavProperty,0.00,25,1,18,0,25,2,1,7,519,1
"org.apache.jackrabbit.core.state.orm.ORMBlobValue",15,0.06,1.33,48,0.37,9115.44,21,6,1,22,3,131.22,4,72,3,1,131.22,0.00,0.00,0.11,1,90.00,6,1102.76,0,5,0,java.lang.Object,0.00,7,0,20,0,7,10,1,2,278,1
"org.apache.jackrabbit.core.state.orm.ORMChildNodeEntry",19,0.07,1.16,59,0.55,11863.33,26,7,2,31,2,131.16,5,86,2,1,131.16,0.00,0.00,0.08,4,143.00,3,1641.45,0,6,1,java.lang.Object,0.00,12,0,22,0,12,13,2,3,411,1
"org.apache.jackrabbit.core.state.orm.ORMNodeMixinType",12,0.18,1.17,36,0.24,4056.85,16,4,1,15,2,133.25,3,52,2,1,133.25,0.00,0.00,0.08,1,52.00,3,724.78,0,3,1,java.lang.Object,0.00,3,0,14,0,3,9,1,1,199,1
"org.apache.jackrabbit.core.state.orm.ORMNodeParent",12,0.18,1.17,36,0.24,4229.28,16,4,1,15,2,133.11,3,52,2,1,133.11,0.00,0.00,0.08,1,52.00,3,721.61,0,3,1,java.lang.Object,0.00,3,0,14,0,3,9,1,1,199,1
"org.apache.jackrabbit.core.state.orm.ORMNodeReference",12,0.18,1.17,36,0.28,6193.15,16,4,1,17,3,131.80,4,54,3,1,131.80,0.00,0.00,0.08,1,52.00,3,849.40,0,4,0,java.lang.Object,0.00,5,0,14,0,5,8,1,1,226,1
"org.apache.jackrabbit.core.state.orm.ORMNodeState",23,0.11,1.52,104,1.42,46982.49,28,5,14,69,9,122.38,4,132,5,1,122.38,0.00,0.00,0.10,9,142.00,7,4263.97,0,8,8,java.lang.Object,0.00,46,0,35,2,46,15,1,1,821,2
"org.apache.jackrabbit.core.state.orm.ORMPropertyEntry",12,0.18,1.17,36,0.25,4213.71,16,4,2,17,2,133.12,5,52,2,1,133.12,0.00,0.00,0.08,1,52.00,3,760.14,0,3,1,java.lang.Object,0.00,5,0,14,0,5,9,1,1,206,1
"org.apache.jackrabbit.core.state.orm.ORMPropertyState",21,0.03,1.38,81,0.78,17991.00,28,7,10,49,10,130.03,3,113,3,1,130.03,0.00,0.00,0.12,5,182.00,5,2335.61,0,7,7,java.lang.Object,0.00,28,0,29,0,28,14,1,1,532,1
"org.apache.jackrabbit.core.fs.BasedFileSystem",22,0.02,1.32,61,0.67,13866.82,24,2,2,46,7,158.28,72,92,4,1,137.66,0.00,0.00,0.48,1,0.00,6,2015.61,0,6,3,java.lang.Object,0.00,24,0,29,0,24,16,1,25,502,1
"org.apache.jackrabbit.core.fs.FileSystem",20,2.00,1.00,23,0.18,987.13,22,2,2,20,26,109.56,178,25,24,1,157.67,0.00,0.00,0.00,0,20.00,1,552.89,0,5,2,,0.00,0,0,20,0,0,15,0,23,181,1
"org.apache.jackrabbit.core.fs.FileSystemException",4,0.00,1.00,9,0.05,332.37,4,0,1,4,25,112.43,27,14,24,3,144.65,0.00,0.67,0.00,0,4.00,1,136.79,0,0,1,org.apache.jackrabbit.core.BaseException,0.00,0,2,4,0,0,4,0,5,46,1
"org.apache.jackrabbit.core.fs.FileSystemPathUtil",7,0.08,2.00,73,0.77,33719.21,11,4,2,23,5,62.25,54,78,4,1,104.54,0.00,0.00,0.18,1,23.00,4,2310.87,0,6,1,java.lang.Object,0.00,16,0,14,0,16,1,0,11,470,2
"org.apache.jackrabbit.core.fs.FileSystemResource",19,0.22,1.58,65,0.66,17910.14,21,2,3,37,20,129.91,90,101,16,1,129.67,0.00,0.00,0.71,3,0.00,5,1968.04,0,7,4,java.lang.Object,0.00,18,0,30,0,18,12,0,21,468,1
"org.apache.jackrabbit.core.fs.RandomAccessOutputStream",1,0.00,1.00,2,0.02,132.18,1,0,2,1,9,105.50,12,3,9,2,143.07,2.00,0.25,0.00,0,1.00,1,52.87,0,0,0,java.io.OutputStream,0.00,0,1,1,2,0,1,0,2,17,2
