Name, No. Methods, LCOM, AVCC, NOS, HBUG, HEFF, UWCS, INST, PACK, RFC, CBO, MI, CCML, NLOC, F-IN, DIT, MINC, S-R, R-R, COH, LMC, LCOM2, MAXCC, HVOL, HIER, NQU, FOUT, Superclass, SIX, EXT, NSUP, TCC, NSUB, MPC, NCO, INTR, CCOM, HLTH, MOD
"org.apache.jackrabbit.core.fs.BasedFileSystem",22,0.02,1.32,61,0.67,13866.82,24,2,2,46,6,158.28,72,92,3,1,137.66,0.00,0.00,0.48,1,0.00,6,2015.61,0,6,3,java.lang.Object,0.00,24,0,29,0,24,16,1,25,502,1
"org.apache.jackrabbit.core.fs.FileSystem",20,2.00,1.00,23,0.22,1581.24,22,2,2,20,23,107.95,177,25,21,1,156.05,0.00,0.00,0.00,0,20.00,1,662.13,0,5,2,,0.00,0,0,20,0,0,15,0,23,205,1
"org.apache.jackrabbit.core.fs.FileSystemException",4,0.00,1.00,9,0.05,332.37,4,0,1,4,18,112.43,27,14,17,3,144.65,0.00,0.67,0.00,0,4.00,1,136.79,0,0,1,org.apache.jackrabbit.core.BaseException,0.00,0,2,4,0,0,4,0,5,46,1
"org.apache.jackrabbit.core.fs.FileSystemPathUtil",7,0.08,2.00,73,0.77,33719.21,11,4,2,23,5,62.25,54,78,4,1,104.54,0.00,0.00,0.18,1,23.00,4,2310.87,0,6,1,java.lang.Object,0.00,16,0,14,0,16,1,0,11,470,2
"org.apache.jackrabbit.core.fs.FileSystemResource",19,0.22,1.58,65,0.66,18145.18,21,2,3,37,19,129.87,90,101,15,1,129.63,0.00,0.00,0.71,3,0.00,5,1978.22,0,7,4,java.lang.Object,0.00,18,0,30,0,18,12,0,21,470,1
"org.apache.jackrabbit.core.fs.RandomAccessOutputStream",1,0.00,1.00,2,0.02,132.18,1,0,2,1,5,105.50,12,3,5,2,143.07,1.00,0.33,0.00,0,1.00,1,52.87,0,0,0,java.io.OutputStream,0.00,0,1,1,1,0,1,0,2,17,2
"org.apache.jackrabbit.test.observation.AbstractObservationTest",10,0.39,1.40,44,0.56,13891.82,12,2,7,24,6,73.72,91,68,5,4,123.72,1.67,0.33,0.15,2,30.00,3,1679.04,1,0,1,org.apache.jackrabbit.test.AbstractJCRTest,0.31,14,3,14,5,14,10,0,13,367,2
"org.apache.jackrabbit.test.observation.EventResult",3,0.33,2.33,25,0.26,5516.70,6,3,8,14,5,73.85,36,35,5,1,111.41,0.00,0.00,0.56,0,0.00,3,788.38,0,1,0,java.lang.Object,0.00,11,0,7,0,11,2,1,10,171,1
"org.apache.jackrabbit.test.observation.NodeAddedTest",4,0.00,1.00,37,0.45,9464.35,4,0,3,9,3,90.96,21,42,1,5,108.84,0.00,0.80,0.00,0,0.00,1,1359.22,3,0,2,org.apache.jackrabbit.test.observation.AbstractObservationTest,0.00,5,4,4,0,5,4,0,2,275,1
"org.apache.jackrabbit.test.observation.NodeRemovedTest",3,0.00,1.00,34,0.39,8001.73,3,0,3,8,3,155.17,4,38,1,5,105.17,0.00,0.80,0.00,0,0.00,1,1157.90,3,0,2,org.apache.jackrabbit.test.observation.AbstractObservationTest,0.00,5,4,3,0,5,3,0,1,233,1
"org.apache.jackrabbit.test.observation.PropertyAddedTest",2,0.00,1.00,20,0.28,5897.08,2,0,3,7,3,146.26,4,26,1,5,106.38,0.00,0.80,0.00,0,0.00,1,842.17,3,0,2,org.apache.jackrabbit.test.observation.AbstractObservationTest,0.00,5,4,2,0,5,2,0,1,164,1
"org.apache.jackrabbit.test.observation.PropertyChangedTest",4,0.00,1.00,51,0.76,17968.06,4,0,3,11,3,151.98,6,56,1,5,101.98,0.00,0.80,0.00,0,0.00,1,2271.01,3,0,2,org.apache.jackrabbit.test.observation.AbstractObservationTest,0.00,7,4,4,0,7,4,0,3,436,1
"org.apache.jackrabbit.test.observation.PropertyRemovedTest",2,0.00,1.00,26,0.35,7454.22,2,0,4,9,3,141.21,4,29,1,5,101.32,0.00,0.80,0.00,0,0.00,1,1056.97,3,0,2,org.apache.jackrabbit.test.observation.AbstractObservationTest,0.00,7,4,2,0,7,2,0,1,203,1
"org.apache.jackrabbit.test.observation.TestAll",1,0.00,1.00,9,0.09,2740.87,1,0,3,3,5,59.86,10,11,0,2,108.33,0.00,0.50,0.00,0,1.00,1,261.86,0,1,5,junit.framework.TestCase,0.00,2,1,1,0,2,0,0,2,63,1
"org.apache.jackrabbit.core.state.AbstractPersistenceManager",9,0.00,1.89,40,0.45,19413.66,9,0,3,21,14,89.92,55,55,5,1,122.14,0.00,0.00,0.00,2,9.00,9,1341.99,0,0,9,java.lang.Object,0.00,12,0,17,5,12,9,1,10,300,2
"org.apache.jackrabbit.core.state.ChangeLog",16,0.12,2.31,107,1.17,31799.55,20,4,4,41,13,97.93,91,148,6,1,115.81,0.00,0.00,0.36,2,28.00,6,3497.88,0,4,7,java.lang.Object,0.00,25,0,37,0,25,12,0,23,805,1
"org.apache.jackrabbit.core.state.ItemState",31,0.05,1.74,161,1.64,47830.86,47,16,10,57,27,87.47,194,220,26,1,119.69,0.00,0.00,0.11,6,440.00,4,4919.22,0,3,2,java.lang.Object,0.00,26,0,54,8,26,28,2,62,1050,2
"org.apache.jackrabbit.core.state.ItemStateCache",13,0.00,1.85,59,0.62,13080.23,15,2,8,34,7,92.53,82,83,5,1,124.76,0.00,0.00,0.50,3,0.00,10,1868.17,0,2,2,java.lang.Object,0.00,21,0,24,5,21,11,0,17,422,2
"org.apache.jackrabbit.core.state.ItemStateException",4,0.00,1.00,9,0.05,332.37,4,0,1,4,36,112.43,27,14,35,3,144.65,0.50,0.50,0.00,0,4.00,1,136.79,0,0,1,org.apache.jackrabbit.core.BaseException,0.00,0,2,4,1,0,4,0,5,46,1
"org.apache.jackrabbit.core.state.ItemStateListener",4,0.00,1.00,5,0.03,129.91,4,0,0,4,4,116.81,31,6,4,1,159.10,0.00,0.00,0.00,0,4.00,1,86.61,0,0,1,,0.00,0,0,4,0,0,4,0,5,32,1
"org.apache.jackrabbit.core.state.ItemStateManager",3,0.00,1.00,4,0.03,174.35,3,0,1,3,20,109.00,24,7,14,1,157.11,0.00,0.00,0.00,0,3.00,1,94.09,0,2,6,,0.00,0,0,3,0,0,1,0,4,31,1
"org.apache.jackrabbit.core.state.LocalItemStateManager",21,0.05,1.76,102,0.97,20542.02,25,4,6,46,18,106.99,117,149,2,2,124.86,1.00,0.33,0.30,3,19.00,4,2900.59,6,3,16,org.apache.jackrabbit.core.state.ItemStateCache,0.00,25,1,37,1,25,18,2,43,663,1
"org.apache.jackrabbit.core.state.NoSuchItemStateException",4,0.00,1.00,9,0.05,332.37,4,0,0,4,24,112.43,27,14,23,4,144.65,0.00,0.75,0.00,0,4.00,1,136.79,0,0,1,org.apache.jackrabbit.core.state.ItemStateException,0.00,0,3,4,0,0,4,0,5,46,1
"org.apache.jackrabbit.core.state.NodeReferences",9,0.06,1.00,23,0.18,2770.64,13,4,4,18,21,107.95,55,33,19,1,140.18,0.00,0.00,0.19,0,14.00,1,546.85,0,3,2,java.lang.Object,0.00,9,0,9,0,9,6,1,14,147,1
"org.apache.jackrabbit.core.state.NodeReferencesId",3,0.00,2.00,14,0.11,2378.42,3,0,1,6,20,83.26,22,21,19,3,125.55,0.00,0.67,0.00,0,4.00,3,331.13,0,1,1,org.apache.jackrabbit.core.NodeId,0.00,3,2,6,0,3,2,0,4,83,1
"org.apache.jackrabbit.core.state.NodeState",42,0.00,1.81,217,2.32,54832.61,50,8,8,86,39,88.03,289,296,35,2,120.25,5.00,0.14,0.12,0,786.00,5,6952.24,3,15,4,org.apache.jackrabbit.core.state.ItemState,0.05,44,1,76,5,44,27,0,57,1515,1
"org.apache.jackrabbit.core.state.NodeState$ChildEntry",2,1.00,1.00,6,0.04,425.80,3,1,8,2,1,134.87,0,9,0,1,134.87,0.00,0.00,0.50,0,2.00,1,110.47,0,1,1,java.lang.Object,0.00,0,0,2,0,0,1,1,0,33,3
"org.apache.jackrabbit.core.state.NodeState$ChildNodeEntries",8,0.14,1.88,52,0.56,23638.94,10,2,8,29,1,164.50,9,65,0,1,114.50,0.00,0.00,0.62,2,0.00,6,1694.20,0,2,1,java.lang.Object,0.00,21,0,15,0,21,6,1,9,360,2
"org.apache.jackrabbit.core.state.NodeState$ChildNodeEntry",6,0.20,1.83,34,0.32,9422.18,9,3,8,12,1,119.62,2,47,0,2,119.62,0.00,0.50,0.50,0,0.00,3,952.21,0,2,1,org.apache.jackrabbit.core.state.ChildEntry,0.00,6,1,11,0,6,4,0,2,222,2
"org.apache.jackrabbit.core.state.NodeState$PropertyEntry",4,1.00,1.75,17,0.12,2592.16,5,1,8,7,1,126.27,1,25,0,2,126.27,0.00,0.50,0.25,0,6.00,3,373.83,0,1,1,org.apache.jackrabbit.core.state.ChildEntry,0.00,3,1,7,0,3,3,0,1,97,2
"org.apache.jackrabbit.core.state.PMContext",6,0.04,1.00,22,0.15,1838.37,11,5,4,6,9,85.52,53,33,7,1,133.62,0.00,0.00,0.17,0,26.00,1,445.88,0,5,2,java.lang.Object,0.00,0,0,6,0,0,1,0,12,118,1
"org.apache.jackrabbit.core.state.PersistenceManager",11,0.00,1.00,12,0.10,594.87,11,0,2,11,15,125.13,71,16,5,1,157.35,0.00,0.00,0.00,0,11.00,1,309.26,0,3,10,,0.00,0,0,11,0,0,8,0,12,100,1
"org.apache.jackrabbit.core.state.PropertyState",15,0.07,1.53,94,1.01,38493.53,21,6,9,46,34,97.15,84,117,27,2,115.03,1.00,0.33,0.23,0,44.00,6,3020.76,2,3,7,org.apache.jackrabbit.core.state.ItemState,0.09,31,1,23,1,31,12,0,24,602,1
"org.apache.jackrabbit.core.state.SessionItemStateManager",28,0.07,2.68,230,2.75,200976.62,34,6,8,92,22,56.72,265,295,1,1,106.72,0.00,0.00,0.24,0,0.00,22,8245.73,0,7,21,java.lang.Object,0.00,64,0,75,0,64,21,1,84,1543,1
"org.apache.jackrabbit.core.state.SessionItemStateManager$PathComparator",1,0.00,8.00,26,0.31,19573.92,1,0,8,7,2,41.65,7,32,0,1,83.94,0.00,0.00,0.00,0,0.00,8,920.27,0,0,2,java.lang.Object,0.00,6,0,8,0,6,1,1,3,168,1
"org.apache.jackrabbit.core.state.SharedItemStateManager",17,0.15,1.82,126,1.49,44254.20,20,3,9,68,27,80.22,116,174,6,2,112.44,0.00,0.50,0.20,4,40.00,5,4481.66,6,1,21,org.apache.jackrabbit.core.state.ItemStateCache,0.00,51,1,31,0,51,16,2,41,919,1
"org.apache.jackrabbit.core.state.TransactionContext",10,0.04,1.40,48,0.39,8864.77,13,3,4,23,5,82.96,71,61,4,1,125.25,0.00,0.00,0.30,3,42.00,2,1157.51,0,1,2,java.lang.Object,0.00,13,0,14,0,13,9,0,14,275,1
"org.apache.jackrabbit.core.state.TransactionException",3,0.00,1.00,7,0.04,296.18,3,0,1,3,5,101.77,21,11,4,3,144.07,0.00,0.67,0.00,0,3.00,1,118.69,0,0,1,org.apache.jackrabbit.core.BaseException,0.00,0,2,3,0,0,3,0,4,39,1
"org.apache.jackrabbit.core.state.TransactionListener",2,0.00,1.00,3,0.02,126.12,2,0,0,2,3,108.72,16,6,2,1,156.83,0.00,0.00,0.00,0,2.00,1,65.06,0,0,2,,0.00,0,0,2,0,0,2,0,3,22,1
"org.apache.jackrabbit.core.state.TransactionalItemStateManager",8,0.11,2.62,51,0.52,12488.51,12,4,2,18,13,74.31,62,79,1,3,116.60,0.00,0.67,0.34,0,2.00,4,1571.10,4,2,12,org.apache.jackrabbit.core.state.LocalItemStateManager,0.00,10,2,21,0,10,6,1,18,349,1
"org.apache.jackrabbit.core.state.TransientItemStateManager",20,0.18,1.35,95,0.88,19868.31,22,2,8,45,14,107.00,118,129,1,2,124.87,0.00,0.50,0.32,2,86.00,3,2627.48,7,2,13,org.apache.jackrabbit.core.state.ItemStateCache,0.00,25,1,27,0,25,18,1,46,613,0
"org.apache.jackrabbit.core.state.TransientItemStateManager$Attic",4,0.00,1.25,13,0.11,2256.84,4,0,8,7,8,171.37,9,21,0,2,131.48,0.00,0.50,0.00,0,4.00,2,326.61,2,0,8,org.apache.jackrabbit.core.state.ItemStateCache,0.00,3,1,5,0,3,4,1,3,85,0
"org.apache.jackrabbit.core.state.UpdatableItemStateManager",8,0.00,1.00,9,0.06,320.91,8,0,1,8,14,126.15,53,11,8,2,158.37,0.00,0.50,0.00,0,8.00,1,190.45,0,2,6,,0.00,0,1,8,0,0,6,0,9,66,1
"org.apache.jackrabbit.core.search.xpath.QueryFormat",16,0.11,3.75,222,3.07,135988.05,19,3,12,75,22,138.09,38,263,2,1,98.20,0.00,0.00,0.44,1,0.00,13,9198.51,0,14,20,java.lang.Object,0.00,59,0,60,0,59,2,2,9,1685,0
"org.apache.jackrabbit.core.search.xpath.SimpleNode",20,0.06,1.45,68,0.59,14946.68,25,5,0,27,2,130.49,17,90,2,1,130.49,0.00,0.00,0.14,3,204.00,4,1770.85,0,5,0,java.lang.Object,0.00,7,0,29,0,7,15,1,6,428,1
"org.apache.jackrabbit.core.search.xpath.XPathQueryBuilder",13,0.08,7.08,304,5.21,345612.21,34,21,9,94,24,64.77,189,398,2,1,84.91,0.00,0.00,0.12,3,0.00,22,15633.88,0,8,22,java.lang.Object,0.00,81,0,92,0,81,5,2,69,2572,1
"org.apache.jackrabbit.core.config.AbstractConfig",4,0.13,2.50,52,0.72,24235.21,14,10,15,25,7,51.35,35,63,5,1,99.45,0.00,0.00,0.20,0,4.00,3,2161.89,0,3,2,java.lang.Object,0.00,21,0,10,2,21,1,1,10,408,1
"org.apache.jackrabbit.core.config.PersistenceManagerConfig",3,0.17,1.33,21,0.23,3801.00,6,3,2,10,5,70.85,33,23,4,1,114.98,0.00,0.00,0.44,0,2.00,2,686.21,0,2,1,java.lang.Object,0.00,7,0,4,0,7,1,0,10,144,1
"org.apache.jackrabbit.core.config.RepositoryConfig",13,0.07,2.08,118,1.59,72539.95,29,16,15,53,8,57.26,137,149,4,2,105.73,0.00,0.50,0.13,2,77.00,8,4783.11,0,10,4,org.apache.jackrabbit.core.config.AbstractConfig,0.00,40,1,27,0,40,3,0,42,867,1
"org.apache.jackrabbit.core.config.SearchConfig",4,0.17,1.25,25,0.29,4987.46,8,4,8,13,4,67.54,37,30,2,1,117.54,0.00,0.00,0.38,0,4.00,2,879.54,0,3,2,java.lang.Object,0.00,9,0,5,0,9,1,0,14,179,1
"org.apache.jackrabbit.core.config.VersioningConfig",4,0.20,1.25,28,0.36,7008.07,9,5,5,15,6,71.59,31,31,2,1,113.88,0.00,0.00,0.35,0,4.00,2,1071.30,0,2,4,java.lang.Object,0.00,11,0,5,0,11,2,0,15,209,1
"org.apache.jackrabbit.core.config.WorkspaceConfig",10,0.07,1.40,61,0.70,18114.02,23,13,11,32,13,66.24,99,81,9,2,116.24,0.00,0.50,0.14,1,58.00,3,2096.38,0,6,4,org.apache.jackrabbit.core.config.AbstractConfig,0.00,22,1,14,0,22,4,0,30,429,1
"org.apache.jackrabbit.rmi.xml.ImportContentHandler",13,0.00,1.08,32,0.33,4913.98,15,2,7,29,2,179.34,37,53,2,1,139.46,0.00,0.00,0.50,1,0.00,2,1002.08,0,0,0,java.lang.Object,0.00,16,0,14,2,16,13,1,16,264,2
"org.apache.jackrabbit.rmi.xml.SessionImportContentHandler",2,0.00,1.00,8,0.07,966.42,4,2,2,4,2,98.02,26,11,1,2,127.40,0.00,0.50,0.50,0,2.00,1,209.06,0,0,1,org.apache.jackrabbit.rmi.xml.ImportContentHandler,0.13,2,1,2,0,2,2,0,5,56,1
"org.apache.jackrabbit.rmi.xml.WorkspaceImportContentHandler",2,0.33,1.00,10,0.09,1299.15,5,3,2,4,2,102.64,28,13,1,2,122.78,0.00,0.50,0.50,0,2.00,1,272.40,0,0,1,org.apache.jackrabbit.rmi.xml.ImportContentHandler,0.13,2,1,2,0,2,2,0,6,70,1
"org.apache.jackrabbit.core.fs.local.FileUtil",3,0.00,5.00,45,0.58,43930.82,3,0,4,21,1,61.73,19,55,1,1,93.96,0.00,0.00,0.00,2,3.00,10,1739.07,0,0,0,java.lang.Object,0.00,18,0,15,0,18,3,0,8,316,2
"org.apache.jackrabbit.core.fs.local.LocalFileSystem",26,0.16,2.23,181,2.29,90794.97,28,2,5,56,9,134.50,88,240,4,1,113.89,0.00,0.00,0.65,2,0.00,6,6879.80,0,8,5,java.lang.Object,0.00,30,0,58,0,30,18,1,29,1419,1
"org.apache.jackrabbit.core.fs.local.LocalFileSystem$FileFilter",1,0.00,1.00,3,0.02,173.90,1,0,5,2,0,135.56,0,4,0,1,135.56,0.00,0.00,0.00,0,1.00,1,52.97,0,0,0,java.lang.Object,0.00,1,0,1,0,1,1,0,0,17,0
"org.apache.jackrabbit.core.fs.local.LocalFileSystem$FileFilter_0",1,0.00,1.00,3,0.02,173.90,1,0,5,2,0,135.56,0,4,0,1,135.56,0.00,0.00,0.00,0,1.00,1,52.97,0,0,0,java.lang.Object,0.00,1,0,1,0,1,1,0,0,17,0
"org.apache.jackrabbit.core.fs.local.RAFOutputStream",9,0.12,1.11,39,0.37,7311.79,15,6,3,14,2,93.38,58,50,1,3,125.60,0.00,0.67,0.28,2,17.00,2,1095.68,0,0,1,org.apache.jackrabbit.core.fs.RandomAccessOutputStream,0.30,5,2,10,0,5,9,0,16,260,0
"org.apache.jackrabbit.test.api.util.TestAll",1,0.00,1.00,4,0.03,457.63,1,0,3,2,0,90.03,12,6,0,2,127.59,0.00,0.50,0.00,0,1.00,1,76.45,0,1,0,junit.framework.TestCase,0.00,1,1,1,0,1,0,0,3,23,1
"org.apache.jackrabbit.tck.TckHelper",1,0.00,4.00,10,0.08,2307.49,1,0,0,1,2,127.51,3,16,1,1,106.90,0.00,0.00,0.00,0,1.00,4,244.84,0,1,1,java.lang.Object,0.00,0,0,4,0,0,0,0,1,55,1
"org.apache.jackrabbit.tck.TckTestRunner",11,0.07,1.73,63,0.66,23444.08,20,9,9,28,4,100.72,56,87,1,2,118.59,0.00,0.50,0.17,1,29.00,8,1968.30,0,1,3,junit.runner.BaseTestRunner,0.00,17,1,19,0,17,10,0,18,411,1
"org.apache.jackrabbit.tck.TestResult",9,0.08,1.00,26,0.19,2384.31,17,8,1,9,3,190.69,12,36,3,1,140.69,0.00,0.00,0.06,0,37.00,1,562.52,0,2,0,java.lang.Object,0.00,0,0,9,0,0,7,0,10,148,1
"org.apache.jackrabbit.tck.Tester",3,0.50,3.00,38,0.63,18070.79,6,3,7,30,5,80.58,42,49,0,1,100.73,0.00,0.00,0.67,0,0.00,5,1887.97,0,1,5,java.lang.Object,0.00,27,0,9,0,27,2,0,12,347,1
"org.apache.jackrabbit.tck.WebAppTestConfig",4,0.67,2.75,39,0.66,24983.03,5,1,11,21,4,57.18,32,59,2,1,105.28,0.00,0.00,0.50,1,4.00,3,1975.90,0,2,2,java.lang.Object,0.00,17,0,11,0,17,2,0,9,392,1
"org.apache.jackrabbit.core.state.mem.InMemPersistenceManager",30,0.09,2.47,291,3.63,171538.01,44,14,14,115,20,87.74,150,377,0,2,105.61,0.00,0.50,0.15,3,98.00,6,10898.03,1,8,20,org.apache.jackrabbit.core.state.AbstractPersistenceManager,0.00,85,1,74,0,85,22,1,85,2057,1
"org.apache.jackrabbit.test.AbstractJCRTest",3,0.52,10.00,133,2.03,136799.21,29,26,8,34,21,98.71,96,160,18,3,72.48,30.50,0.03,0.38,1,0.00,20,6089.04,0,1,3,org.apache.jackrabbit.test.JUnitTest,0.00,31,2,30,61,31,2,0,41,977,2
"org.apache.jackrabbit.test.JNDIRepositoryStub",2,0.00,3.00,17,0.22,8528.71,4,2,5,8,3,90.60,10,25,1,2,108.48,0.00,0.50,0.50,0,2.00,5,661.04,0,1,2,org.apache.jackrabbit.test.RepositoryStub,0.22,6,1,6,0,6,1,0,3,133,1
"org.apache.jackrabbit.test.JUnitTest",0,0.00,0.00,3,0.05,1456.80,2,2,2,2,2,171.00,9,4,1,2,171.00,62.00,0.02,0.00,0,0.00,0,142.62,0,0,1,junit.framework.TestCase,0.00,2,1,0,62,2,0,0,3,33,2
"org.apache.jackrabbit.test.JackrabbitRepositoryStub",2,0.50,2.00,21,0.28,9259.48,6,4,6,10,3,94.32,30,27,0,2,104.67,0.00,0.50,0.50,0,2.00,3,827.46,0,1,3,org.apache.jackrabbit.test.RepositoryStub,0.22,8,1,4,0,8,1,0,8,162,1
"org.apache.jackrabbit.test.LogPrintWriter",12,0.12,1.33,46,0.38,6072.91,15,3,5,22,1,132.08,52,64,1,2,131.84,0.00,0.50,0.22,1,22.00,4,1130.33,2,0,0,java.io.PrintWriter,0.00,10,1,16,0,10,12,0,15,282,1
"org.apache.jackrabbit.test.LogPrintWriter$NullWriter",3,0.00,1.00,4,0.04,273.44,3,0,5,3,0,205.57,3,8,0,2,155.57,0.00,0.50,0.00,0,3.00,1,110.76,0,0,0,java.io.Writer,0.00,0,1,3,0,0,3,0,3,35,2
"org.apache.jackrabbit.test.NotExecutableException",2,0.00,1.00,4,0.02,118.02,2,0,0,2,19,95.83,18,7,19,2,145.83,0.00,0.50,0.00,0,2.00,1,53.51,0,0,0,java.lang.Exception,0.00,0,1,2,0,0,2,0,3,20,1
"org.apache.jackrabbit.test.RepositoryHelper",10,0.17,1.20,27,0.25,4141.90,12,2,5,20,4,96.83,75,41,2,1,139.12,0.00,0.00,0.35,4,14.00,3,748.69,0,8,2,java.lang.Object,0.00,10,0,12,0,10,2,0,14,193,1
"org.apache.jackrabbit.test.RepositoryStub",7,0.08,3.00,76,1.31,68104.16,31,24,11,26,6,64.48,85,106,5,1,102.04,0.00,0.00,0.11,0,21.00,14,3921.97,0,6,1,java.lang.Object,0.00,19,0,21,2,19,1,0,9,687,2
"org.apache.jackrabbit.test.RepositoryStubException",1,0.00,1.00,3,0.02,106.02,1,0,0,1,4,157.87,3,5,4,2,137.25,0.00,0.50,0.00,0,1.00,1,45.51,0,0,0,java.lang.Exception,0.00,0,1,1,0,0,1,0,1,16,1
"org.apache.jackrabbit.test.api.observation.TestAll",1,0.00,1.00,4,0.03,457.63,1,0,3,2,0,90.03,12,6,0,2,127.59,0.00,0.50,0.00,0,1.00,1,76.45,0,1,0,junit.framework.TestCase,0.00,1,1,1,0,1,0,0,3,23,1
"org.apache.jackrabbit.core.search.sql.ASTContainsExpression",5,1.00,1.00,12,0.08,818.27,6,1,0,6,3,142.34,3,18,2,2,142.34,0.00,0.50,0.20,0,8.00,1,241.61,0,2,1,SimpleNode,0.00,1,1,5,0,1,3,0,1,72,1
"org.apache.jackrabbit.core.search.sql.ASTIdentifier",6,0.80,1.00,14,0.10,1044.12,7,1,1,7,8,142.13,1,21,6,2,142.13,0.00,0.50,0.33,0,10.00,1,295.38,1,3,2,SimpleNode,0.08,1,1,6,0,1,3,0,1,87,1
"org.apache.jackrabbit.core.search.sql.ASTLiteral",8,0.29,1.00,19,0.13,1418.97,10,2,0,9,3,142.06,3,28,2,2,142.06,0.00,0.50,0.25,0,18.00,1,403.74,1,3,1,SimpleNode,0.14,1,1,8,0,1,5,0,1,117,1
"org.apache.jackrabbit.core.search.sql.ASTPredicate",14,0.12,1.00,34,0.24,2461.65,19,5,1,15,4,142.09,1,49,2,2,142.09,0.00,0.50,0.09,0,70.00,1,709.22,1,5,2,SimpleNode,0.06,1,1,14,0,1,9,0,1,199,1
"org.apache.jackrabbit.core.search.sql.DefaultParserVisitor",17,0.00,1.00,35,0.23,2389.27,17,0,0,17,6,142.86,4,53,1,1,142.86,0.00,0.00,0.00,0,17.00,1,689.28,0,17,5,java.lang.Object,0.00,0,0,17,0,0,0,1,1,209,0
"org.apache.jackrabbit.core.search.sql.JCRSQLQueryBuilder",24,0.11,2.88,247,3.55,261516.28,30,6,24,105,27,122.28,93,318,2,1,101.66,0.00,0.00,0.06,3,118.00,16,10644.83,0,22,25,java.lang.Object,0.00,81,0,69,0,81,2,1,48,1922,1
"org.apache.jackrabbit.core.search.sql.JCRSQLQueryBuilder$DefaultParserVisitor",1,0.00,1.00,4,0.03,341.81,1,0,24,2,1,128.59,0,5,0,1,128.59,0.00,0.00,0.00,0,0.00,1,87.95,0,1,1,java.lang.Object,0.00,1,0,1,0,1,0,0,0,25,0
"org.apache.jackrabbit.core.search.sql.JCRSQLQueryBuilder$DefaultParserVisitor_0",1,0.00,2.00,6,0.07,1619.60,1,0,24,4,3,166.54,1,9,0,1,116.54,0.00,0.00,0.00,0,0.00,2,207.04,0,1,3,java.lang.Object,0.00,3,0,2,0,3,0,0,1,48,0
"org.apache.jackrabbit.core.search.sql.JCRSQLQueryBuilder$DefaultParserVisitor_1",1,0.00,2.00,4,0.05,1364.28,1,0,24,2,1,173.70,1,5,0,1,123.70,0.00,0.00,0.00,0,1.00,2,146.30,0,1,1,java.lang.Object,0.00,1,0,2,0,1,0,0,1,36,0
"org.apache.jackrabbit.core.search.sql.JCRSQLQueryBuilder$DefaultParserVisitor_2",1,0.00,1.00,4,0.03,474.00,1,0,24,2,1,127.47,0,5,0,1,127.47,0.00,0.00,0.00,0,1.00,1,92.00,0,1,1,java.lang.Object,0.00,1,0,1,0,1,0,0,0,25,0
"org.apache.jackrabbit.core.search.sql.QueryFormat",17,0.00,4.12,259,3.54,220288.39,21,4,26,76,21,134.30,44,311,2,1,94.42,0.00,0.00,0.25,2,51.00,14,10614.95,0,14,19,java.lang.Object,0.00,59,0,70,0,59,3,2,21,1906,0
"org.apache.jackrabbit.core.virtual.VirtualItemStateProvider",8,0.00,1.00,9,0.09,522.63,8,0,8,8,13,114.42,62,17,5,2,156.71,0.00,0.50,0.00,0,8.00,1,266.62,0,3,9,,0.00,0,1,8,0,0,5,0,9,82,1
"org.apache.jackrabbit.core.virtual.VirtualNodeState",12,0.36,1.33,50,0.66,15328.72,14,2,10,27,13,75.91,103,70,6,3,124.01,2.00,0.29,0.17,5,50.00,2,1967.09,2,5,8,org.apache.jackrabbit.core.state.NodeState,0.00,15,2,16,4,15,7,1,18,437,1
"org.apache.jackrabbit.core.virtual.VirtualNodeState$VirtualChildNodeEntry",1,0.00,1.00,3,0.03,217.74,1,0,10,1,1,134.79,0,5,0,2,134.79,0.00,0.50,0.00,0,1.00,1,81.36,0,0,1,NodeState.ChildNodeEntry,0.00,0,1,1,0,0,1,0,0,24,1
"org.apache.jackrabbit.core.virtual.VirtualNodeState$VirtualPropertyEntry",1,0.00,1.00,3,0.02,135.00,1,0,10,1,1,136.43,0,5,0,2,136.43,0.00,0.50,0.00,0,1.00,1,54.00,0,0,1,NodeState.PropertyEntry,0.00,0,1,1,0,0,1,0,0,18,1
"org.apache.jackrabbit.core.virtual.VirtualPropertyState",1,0.00,1.00,3,0.03,228.79,1,0,3,1,8,86.52,8,5,5,3,134.62,0.00,0.67,0.00,0,1.00,1,80.23,0,0,3,org.apache.jackrabbit.core.state.PropertyState,0.00,0,2,1,0,0,1,0,2,23,1
"org.apache.jackrabbit.test.api.AbstractPropertyTest",2,0.25,2.00,19,0.24,6046.12,6,4,6,10,12,65.55,14,25,9,4,107.84,3.00,0.23,0.38,1,2.00,3,706.60,1,0,3,org.apache.jackrabbit.test.AbstractJCRTest,0.80,8,3,4,9,8,2,0,7,141,1
"org.apache.jackrabbit.test.api.AddNodeTest",8,0.00,1.75,44,0.50,9546.30,8,0,7,19,2,102.70,43,65,1,4,120.57,0.00,0.75,0.00,0,0.00,3,1491.37,0,0,1,org.apache.jackrabbit.test.AbstractJCRTest,0.00,11,3,14,0,11,8,0,14,326,1
"org.apache.jackrabbit.test.api.BinaryPropertyTest",13,0.00,2.85,117,1.41,41592.70,13,0,8,50,4,75.34,79,185,1,5,107.56,0.00,0.80,0.00,0,0.00,5,4240.94,0,0,3,org.apache.jackrabbit.test.api.AbstractPropertyTest,0.28,37,4,37,0,37,13,0,28,835,1
"org.apache.jackrabbit.test.api.BooleanPropertyTest",11,0.00,2.82,84,0.99,33245.26,11,0,7,37,3,93.96,62,143,1,5,111.83,0.00,0.80,0.00,0,0.00,6,2983.70,0,0,2,org.apache.jackrabbit.test.api.AbstractPropertyTest,0.31,26,4,31,0,26,11,0,24,591,1
"org.apache.jackrabbit.test.api.DatePropertyTest",11,0.00,2.64,87,1.05,34507.37,11,0,8,39,3,93.85,65,139,1,5,111.72,0.00,0.80,0.00,0,0.00,6,3152.27,0,0,2,org.apache.jackrabbit.test.api.AbstractPropertyTest,0.31,28,4,29,0,28,11,0,27,624,1
"org.apache.jackrabbit.test.api.DoublePropertyTest",11,0.00,2.64,84,1.03,34966.27,11,0,8,40,3,93.80,59,136,1,5,111.67,0.00,0.80,0.00,0,0.00,6,3076.20,0,0,2,org.apache.jackrabbit.test.api.AbstractPropertyTest,0.31,29,4,29,0,29,11,0,22,611,1
"org.apache.jackrabbit.test.api.GetAncestorTest",4,0.00,1.50,18,0.18,2523.76,5,1,2,10,2,84.11,28,29,1,4,126.40,0.00,0.75,1.00,0,0.00,2,528.77,1,0,1,org.apache.jackrabbit.test.AbstractJCRTest,0.57,6,3,6,0,6,4,0,6,125,1
"org.apache.jackrabbit.test.api.ItemDefTest",4,0.00,3.75,55,0.65,25416.26,6,2,11,26,3,49.20,38,69,1,4,99.20,0.00,0.75,0.50,2,6.00,8,1939.15,1,0,2,org.apache.jackrabbit.test.AbstractJCRTest,0.57,22,3,15,0,22,4,0,12,361,1
"org.apache.jackrabbit.test.api.ItemReadMethodsTest",9,0.31,1.67,52,0.65,13916.45,13,4,12,34,3,101.82,50,88,1,4,119.69,0.00,0.75,0.53,0,0.00,3,1958.16,1,0,2,org.apache.jackrabbit.test.AbstractJCRTest,0.33,25,3,15,0,25,9,0,18,413,1
"org.apache.jackrabbit.test.api.LongPropertyTest",11,0.00,2.64,84,1.00,32155.95,11,0,8,39,3,94.09,60,136,1,5,111.96,0.00,0.80,0.00,0,0.00,6,2996.98,0,0,2,org.apache.jackrabbit.test.api.AbstractPropertyTest,0.31,28,4,29,0,28,11,0,22,597,1
"org.apache.jackrabbit.test.api.NamePropertyTest",8,0.00,1.88,37,0.38,6498.83,8,0,4,20,3,93.26,50,68,1,5,125.48,0.00,0.80,0.00,0,0.00,4,1129.15,0,0,2,org.apache.jackrabbit.test.api.AbstractPropertyTest,0.38,12,4,15,0,12,8,0,15,255,1
"org.apache.jackrabbit.test.api.NamespaceRegistryTest",8,0.24,2.62,67,0.73,16430.59,14,6,7,27,2,68.71,56,96,1,4,111.01,0.00,0.75,0.38,0,0.00,5,2196.49,2,2,1,org.apache.jackrabbit.test.AbstractJCRTest,0.73,19,3,21,0,19,6,0,26,469,1
"org.apache.jackrabbit.test.api.NodeReadMethodsTest",23,0.27,4.43,374,5.18,371977.71,24,1,15,75,3,50.31,175,539,1,4,92.60,0.00,0.75,0.74,6,0.00,15,15533.42,1,6,2,org.apache.jackrabbit.test.AbstractJCRTest,0.15,52,3,102,0,52,17,0,73,2719,1
"org.apache.jackrabbit.test.api.PathPropertyTest",8,0.00,1.88,37,0.38,6498.83,8,0,4,20,3,107.61,44,68,1,5,125.48,0.00,0.80,0.00,0,0.00,4,1129.15,0,0,2,org.apache.jackrabbit.test.api.AbstractPropertyTest,0.38,12,4,15,0,12,8,0,15,255,1
"org.apache.jackrabbit.test.api.PropertyTypeTest",3,0.00,2.67,29,0.38,15285.13,3,0,8,18,2,73.76,18,45,1,4,105.99,0.00,0.75,0.00,1,5.00,6,1138.07,1,0,1,org.apache.jackrabbit.test.AbstractJCRTest,0.67,15,3,8,0,15,3,0,3,212,1
"org.apache.jackrabbit.test.api.PropertyUtil",12,0.15,3.58,146,1.65,79255.55,17,5,14,37,11,68.15,83,173,11,1,100.37,0.00,0.00,0.07,1,52.00,8,4956.23,0,3,0,java.lang.Object,0.00,25,0,43,0,25,9,0,18,960,0
"org.apache.jackrabbit.test.api.ReferencePropertyTest",11,0.70,1.64,51,0.60,10544.74,12,1,7,36,3,125.18,54,84,1,5,124.95,0.00,0.80,0.36,0,0.00,4,1810.00,1,0,2,org.apache.jackrabbit.test.api.AbstractPropertyTest,0.62,25,4,18,0,25,11,0,17,390,1
"org.apache.jackrabbit.test.api.ReferencesTest",3,0.00,6.00,85,1.31,83960.79,3,0,2,27,2,33.48,25,103,1,4,81.59,0.00,0.75,0.00,0,0.00,10,3942.87,0,0,1,org.apache.jackrabbit.test.AbstractJCRTest,0.00,24,3,18,0,24,3,0,12,706,1
"org.apache.jackrabbit.test.api.RootNodeTest",5,0.00,1.20,16,0.14,1420.63,6,1,4,13,2,134.08,21,24,1,4,133.84,0.00,0.75,1.00,0,0.00,2,417.91,1,0,1,org.apache.jackrabbit.test.AbstractJCRTest,0.50,8,3,6,0,8,5,0,6,108,1
"org.apache.jackrabbit.test.api.StringPropertyTest",11,0.00,3.00,96,1.14,33028.19,11,0,7,43,4,61.57,92,156,1,5,109.68,0.00,0.80,0.00,0,0.00,5,3405.21,0,0,3,org.apache.jackrabbit.test.api.AbstractPropertyTest,0.31,32,4,33,0,32,11,0,24,674,1
"org.apache.jackrabbit.test.api.TestAll",1,0.00,1.00,23,0.29,11494.77,1,0,3,3,19,50.67,12,25,0,2,88.23,0.00,0.50,0.00,0,1.00,1,875.29,0,1,19,junit.framework.TestCase,0.00,2,1,1,0,2,0,0,3,175,1
"org.apache.jackrabbit.test.api.UndefinedPropertyTest",2,0.00,1.00,8,0.08,966.76,2,0,6,6,4,85.11,15,11,1,4,127.40,0.00,0.75,0.00,0,2.00,1,243.08,1,0,3,org.apache.jackrabbit.test.AbstractJCRTest,0.80,4,3,2,0,4,2,0,3,59,1
"org.apache.jackrabbit.core.nodetype.BooleanConstraint",4,0.67,2.25,28,0.32,8714.71,5,1,11,13,3,113.00,1,41,1,2,113.00,0.00,0.50,0.50,1,0.00,3,950.72,0,0,3,org.apache.jackrabbit.core.nodetype.ValueConstraint,0.00,9,1,9,0,9,4,0,1,203,0
"org.apache.jackrabbit.core.nodetype.ChildItemDef",16,0.02,1.38,48,0.47,14152.70,23,7,4,19,10,129.92,7,74,7,1,129.92,0.00,0.00,0.12,0,96.00,5,1420.89,1,3,3,java.lang.Object,0.00,3,0,22,2,3,13,1,5,341,1
"org.apache.jackrabbit.core.nodetype.ChildNodeDef",9,0.12,1.44,28,0.27,7541.99,12,3,3,12,18,150.71,27,44,15,2,130.10,0.00,0.50,0.22,0,25.00,4,809.29,1,2,3,org.apache.jackrabbit.core.nodetype.ChildItemDef,0.08,3,1,13,0,3,7,0,9,196,1
"org.apache.jackrabbit.core.nodetype.DateConstraint",3,0.62,7.00,70,0.99,73548.63,7,4,11,20,3,135.19,5,97,1,2,85.19,0.00,0.50,0.67,0,0.00,10,2977.54,0,0,3,org.apache.jackrabbit.core.nodetype.ValueConstraint,0.00,17,1,21,0,17,3,0,5,546,0
"org.apache.jackrabbit.core.nodetype.EffectiveNodeType",33,0.04,4.18,447,6.12,497062.44,40,7,9,97,16,64.00,206,542,8,1,96.22,0.00,0.00,0.19,8,224.00,22,18365.55,0,18,9,java.lang.Object,0.00,64,0,138,0,64,15,1,97,3380,1
"org.apache.jackrabbit.core.nodetype.InvalidConstraintException",4,0.00,1.00,9,0.05,332.37,4,0,1,4,10,112.43,27,14,9,3,144.65,0.00,0.67,0.00,0,4.00,1,136.79,0,0,1,org.apache.jackrabbit.core.BaseException,0.00,0,2,4,0,0,4,0,5,46,1
"org.apache.jackrabbit.core.nodetype.InvalidNodeTypeDefException",4,0.00,1.00,9,0.05,332.37,4,0,1,4,3,112.43,27,14,2,3,144.65,0.00,0.67,0.00,0,4.00,1,136.79,0,0,1,org.apache.jackrabbit.core.BaseException,0.00,0,2,4,0,0,4,0,5,46,1
"org.apache.jackrabbit.core.nodetype.ItemDefImpl",8,0.11,1.38,33,0.29,4890.42,13,5,7,20,7,126.76,33,47,2,1,126.53,0.00,0.00,0.30,0,0.00,3,858.96,0,3,5,java.lang.Object,0.00,12,0,11,3,12,5,1,13,211,1
"org.apache.jackrabbit.core.nodetype.NameConstraint",3,0.00,2.67,28,0.35,11878.81,4,1,11,14,8,106.85,2,44,1,2,106.85,0.00,0.50,1.00,0,0.00,3,1042.03,0,1,8,org.apache.jackrabbit.core.nodetype.ValueConstraint,0.00,11,1,8,0,11,2,0,2,211,0
"org.apache.jackrabbit.core.nodetype.NodeDefId",6,0.20,2.00,40,0.40,14658.49,8,2,3,22,17,135.75,19,50,15,1,115.13,0.00,0.00,0.33,0,0.00,4,1209.90,0,2,2,java.lang.Object,0.00,16,0,12,0,16,4,1,5,256,1
"org.apache.jackrabbit.core.nodetype.NodeDefImpl",5,0.12,2.00,34,0.35,14238.47,7,2,7,11,13,114.85,24,44,8,2,114.61,1.00,0.33,0.60,0,0.00,4,1062.39,0,3,6,org.apache.jackrabbit.core.nodetype.ItemDefImpl,0.00,6,1,10,1,6,2,1,10,226,1
"org.apache.jackrabbit.core.nodetype.NodeTypeConflictException",4,0.00,1.00,9,0.05,332.37,4,0,1,4,6,112.43,27,14,5,3,144.65,0.00,0.67,0.00,0,4.00,1,136.79,0,0,1,org.apache.jackrabbit.core.BaseException,0.00,0,2,4,0,0,4,0,5,46,1
"org.apache.jackrabbit.core.nodetype.NodeTypeDef",19,0.08,1.79,97,0.96,51375.15,27,8,6,29,12,99.89,105,121,7,1,117.77,0.00,0.00,0.20,1,121.00,12,2872.03,1,6,5,java.lang.Object,0.00,10,0,34,0,10,13,1,25,620,1
"org.apache.jackrabbit.core.nodetype.NodeTypeDefDiff",13,0.15,2.46,124,1.50,86836.48,22,9,2,38,7,60.95,145,145,2,1,105.08,0.00,0.00,0.25,3,6.00,7,4502.27,0,1,5,java.lang.Object,0.00,25,0,32,0,25,12,0,33,877,1
"org.apache.jackrabbit.core.nodetype.NodeTypeDefDiff$ChildItemDefDiff",6,0.27,2.17,38,0.31,10096.89,9,3,2,11,1,156.28,14,54,0,1,116.39,0.00,0.00,0.56,3,0.00,8,929.80,0,0,1,java.lang.Object,0.00,5,0,13,0,5,6,0,11,221,1
"org.apache.jackrabbit.core.nodetype.NodeTypeDefDiff$ChildNodeDefDiff",4,0.00,2.25,22,0.23,7277.90,4,0,2,10,1,158.95,10,32,0,2,119.07,0.00,0.50,0.00,2,10.00,6,693.70,1,2,1,org.apache.jackrabbit.core.nodetype.ChildItemDefDiff,0.00,6,1,9,0,6,2,0,5,152,1
"org.apache.jackrabbit.core.nodetype.NodeTypeDefDiff$PropDefDiff",4,0.00,3.50,43,0.48,30773.69,4,0,2,13,2,103.04,17,51,0,2,102.81,0.00,0.50,0.00,2,10.00,11,1448.00,1,0,2,org.apache.jackrabbit.core.nodetype.ChildItemDefDiff,0.00,9,1,14,0,9,4,0,9,273,1
"org.apache.jackrabbit.core.nodetype.NodeTypeDefStore",11,0.18,7.55,355,7.21,1068076.31,38,27,19,129,15,27.01,97,430,1,1,75.12,0.00,0.00,0.20,4,10.00,51,21618.15,0,3,14,java.lang.Object,0.00,118,0,83,0,118,8,0,68,3130,0
"org.apache.jackrabbit.core.nodetype.NodeTypeDefStore$NamespaceResolver",2,0.00,2.00,9,0.10,3415.52,2,0,19,7,0,122.93,0,13,0,1,122.93,0.00,0.00,0.00,0,2.00,2,310.53,0,2,0,java.lang.Object,0.00,5,0,4,0,5,0,0,0,74,0
"org.apache.jackrabbit.core.nodetype.NodeTypeImpl",29,0.25,2.52,227,2.63,93338.02,34,5,9,78,27,79.42,193,279,14,1,111.64,0.00,0.00,0.44,5,0.00,9,7902.33,0,3,14,java.lang.Object,0.00,49,0,73,0,49,26,1,57,1613,1
"org.apache.jackrabbit.core.nodetype.NodeTypeManagerImpl",14,0.06,1.71,81,0.89,24099.75,19,5,13,39,24,119.56,68,98,11,1,119.32,0.00,0.00,0.26,1,18.00,3,2656.04,0,3,16,java.lang.Object,0.00,25,0,24,0,25,11,2,26,573,1
"org.apache.jackrabbit.core.nodetype.NodeTypeManagerImpl$RootNodeDefinition",3,0.00,1.00,7,0.04,283.17,3,0,13,3,4,164.83,11,11,0,3,144.22,0.00,0.67,0.00,0,3.00,1,122.35,0,2,4,org.apache.jackrabbit.core.nodetype.NodeDefImpl,0.38,0,2,3,0,0,1,0,5,39,2
"org.apache.jackrabbit.core.nodetype.NodeTypeRegistry",29,0.08,6.62,756,11.42,1346578.32,44,15,19,180,34,80.56,485,914,15,1,81.03,0.00,0.00,0.15,12,121.00,51,34264.24,0,3,20,java.lang.Object,0.00,151,0,192,0,151,26,1,163,5542,1
"org.apache.jackrabbit.core.nodetype.NodeTypeRegistry$EffectiveNodeTypeCache",10,0.11,1.40,42,0.40,7548.04,12,2,19,25,2,165.69,28,57,0,1,125.80,0.00,0.00,0.60,1,0.00,4,1203.63,0,1,2,java.lang.Object,0.00,15,0,14,0,15,9,0,15,291,1
"org.apache.jackrabbit.core.nodetype.NodeTypeRegistry$WeightedKey",16,0.07,1.44,59,0.52,12031.21,18,2,19,36,1,170.35,38,75,0,1,130.47,0.00,0.00,0.44,2,0.00,3,1574.27,0,6,1,java.lang.Object,0.00,20,0,23,0,20,10,1,11,393,1
"org.apache.jackrabbit.core.nodetype.NodeTypeRegistryListener",3,0.00,1.00,4,0.02,100.43,3,0,1,3,3,116.70,22,5,2,1,158.99,0.00,0.00,0.00,0,3.00,1,66.95,0,0,1,,0.00,0,0,3,0,0,3,0,4,25,1
"org.apache.jackrabbit.core.nodetype.NumericConstraint",5,0.19,5.00,82,1.10,71590.57,9,4,11,24,4,142.99,5,114,1,2,92.99,0.00,0.50,0.40,1,0.00,9,3295.74,0,0,4,org.apache.jackrabbit.core.nodetype.ValueConstraint,0.00,19,1,25,0,19,5,0,5,611,0
"org.apache.jackrabbit.core.nodetype.PathConstraint",3,0.75,4.67,44,0.58,28162.91,5,2,11,19,7,136.50,6,67,1,2,96.61,0.00,0.50,1.00,0,0.00,7,1730.66,0,1,7,org.apache.jackrabbit.core.nodetype.ValueConstraint,0.00,16,1,14,0,16,2,0,6,323,0
"org.apache.jackrabbit.core.nodetype.PropDef",11,0.08,1.36,31,0.32,7620.11,15,4,3,12,17,157.95,33,51,14,2,137.33,0.00,0.50,0.18,0,40.00,3,953.23,1,2,3,org.apache.jackrabbit.core.nodetype.ChildItemDef,0.07,1,1,15,0,1,9,0,11,233,1
"org.apache.jackrabbit.core.nodetype.PropDefId",6,0.20,2.00,35,0.35,11749.12,8,2,1,20,15,139.46,18,47,14,1,118.84,0.00,0.00,0.33,0,0.00,4,1061.91,0,2,1,java.lang.Object,0.00,14,0,12,0,14,4,1,4,235,1
"org.apache.jackrabbit.core.nodetype.PropertyDefImpl",6,0.00,2.00,38,0.41,18042.60,8,2,6,14,12,114.66,24,45,7,2,114.42,0.00,0.50,0.50,0,0.00,5,1219.59,1,2,6,org.apache.jackrabbit.core.nodetype.ItemDefImpl,0.00,8,1,12,0,8,4,1,8,258,1
"org.apache.jackrabbit.core.nodetype.ReferenceConstraint",4,0.33,2.00,27,0.29,8739.96,5,1,11,13,10,155.40,10,42,3,2,115.52,0.00,0.50,0.75,0,0.00,3,881.18,0,2,8,org.apache.jackrabbit.core.nodetype.ValueConstraint,0.00,9,1,8,0,9,2,0,4,187,0
"org.apache.jackrabbit.core.nodetype.StringConstraint",3,0.50,2.33,24,0.30,8993.93,4,1,11,13,3,109.74,1,37,1,2,109.74,0.00,0.50,0.67,0,0.00,3,890.28,0,0,3,org.apache.jackrabbit.core.nodetype.ValueConstraint,0.00,10,1,7,0,10,3,0,1,186,0
"org.apache.jackrabbit.core.nodetype.ValueConstraint",5,0.38,1.20,23,0.33,12266.18,7,2,11,15,18,122.04,21,43,15,1,121.81,0.00,0.00,0.20,0,7.00,2,1000.49,0,3,10,java.lang.Object,0.00,10,0,6,7,10,2,0,3,203,2
"org.apache.jackrabbit.test.rmi.RemoteItemDefTest",2,1.33,1.00,12,0.13,2119.64,5,3,8,10,7,118.15,0,16,1,2,118.15,0.00,0.50,1.00,0,0.00,1,400.22,0,0,6,junit.framework.TestCase,0.00,8,1,2,0,8,2,0,0,93,1
"org.apache.jackrabbit.test.rmi.RemoteItemTest",2,1.33,1.00,16,0.17,3230.53,5,3,8,11,7,151.93,4,19,1,2,112.05,0.00,0.50,1.00,0,0.00,1,524.98,0,0,6,junit.framework.TestCase,0.00,9,1,2,0,9,2,0,4,118,1
"org.apache.jackrabbit.test.rmi.RemoteLockTest",2,1.33,1.00,13,0.13,2186.22,5,3,6,9,5,118.04,1,16,1,2,118.04,0.00,0.50,1.00,0,0.00,1,404.26,0,0,4,junit.framework.TestCase,0.00,7,1,2,0,7,2,0,1,94,1
"org.apache.jackrabbit.test.rmi.RemoteNamespaceRegistryTest",2,1.33,1.00,12,0.13,2119.64,5,3,8,10,7,118.15,0,17,1,2,118.15,0.00,0.50,1.00,0,0.00,1,400.22,0,0,6,junit.framework.TestCase,0.00,8,1,2,0,8,2,0,0,93,1
"org.apache.jackrabbit.test.rmi.RemoteNodeDefTest",2,1.33,1.00,12,0.13,2119.64,5,3,8,10,7,118.15,0,16,1,2,118.15,0.00,0.50,1.00,0,0.00,1,400.22,0,0,6,junit.framework.TestCase,0.00,8,1,2,0,8,2,0,0,93,1
"org.apache.jackrabbit.test.rmi.RemoteNodeTest",2,1.33,1.00,19,0.21,4271.62,5,3,8,11,7,129.80,7,22,1,2,109.19,0.00,0.50,1.00,0,0.00,1,618.26,0,0,6,junit.framework.TestCase,0.00,9,1,2,0,9,2,0,7,136,1
"org.apache.jackrabbit.test.rmi.RemoteNodeTypeManagerTest",2,1.33,1.00,12,0.13,2119.64,5,3,8,10,7,118.15,0,16,1,2,118.15,0.00,0.50,1.00,0,0.00,1,400.22,0,0,6,junit.framework.TestCase,0.00,8,1,2,0,8,2,0,0,93,1
"org.apache.jackrabbit.test.rmi.RemoteNodeTypeTest",2,1.33,1.00,13,0.14,2316.30,5,3,8,11,7,117.85,1,17,1,2,117.85,0.00,0.50,1.00,0,0.00,1,429.95,0,0,6,junit.framework.TestCase,0.00,9,1,2,0,9,2,0,1,99,1
"org.apache.jackrabbit.test.rmi.RemotePropertyDefTest",2,1.33,1.00,12,0.13,2119.64,5,3,8,10,7,118.15,0,16,1,2,118.15,0.00,0.50,1.00,0,0.00,1,400.22,0,0,6,junit.framework.TestCase,0.00,8,1,2,0,8,2,0,0,93,1
"org.apache.jackrabbit.test.rmi.RemotePropertyTest",2,1.33,1.00,20,0.22,4644.58,5,3,8,11,7,107.43,8,24,1,2,107.19,0.00,0.50,1.00,0,0.00,1,650.44,0,0,6,junit.framework.TestCase,0.00,9,1,2,0,9,2,0,8,142,1
"org.apache.jackrabbit.test.rmi.RemoteRepositoryTest",2,1.33,1.00,12,0.13,2119.64,5,3,8,10,7,118.15,0,16,1,2,118.15,0.00,0.50,1.00,0,0.00,1,400.22,0,0,6,junit.framework.TestCase,0.00,8,1,2,0,8,2,0,0,93,1
"org.apache.jackrabbit.test.rmi.RemoteSessionTest",2,1.33,1.00,17,0.19,3563.22,5,3,8,11,7,151.60,5,21,1,2,111.71,0.00,0.50,1.00,0,0.00,1,555.50,0,0,6,junit.framework.TestCase,0.00,9,1,2,0,9,2,0,5,124,1
"org.apache.jackrabbit.test.rmi.RemoteTestHelper",5,0.50,3.20,55,0.68,23296.06,6,1,5,26,13,103.00,3,61,13,1,103.00,0.00,0.00,0.60,2,2.00,6,2046.84,0,1,0,java.lang.Object,0.00,21,0,16,0,21,4,0,1,411,1
"org.apache.jackrabbit.test.rmi.RemoteWorkspaceTest",2,1.33,1.00,19,0.21,4271.62,5,3,8,11,7,129.80,7,23,1,2,109.19,0.00,0.50,1.00,0,0.00,1,618.26,0,0,6,junit.framework.TestCase,0.00,9,1,2,0,9,2,0,7,136,1
"org.apache.jackrabbit.test.rmi.TestAll",1,0.00,1.00,17,0.20,7444.70,1,0,2,3,13,52.32,7,19,0,1,94.61,0.00,0.00,0.00,0,1.00,1,589.69,0,1,13,java.lang.Object,0.00,2,0,1,0,2,0,0,5,125,1
"org.apache.jackrabbit.test.search.AbstractQueryTest",2,0.00,4.00,37,0.44,17505.43,2,0,5,13,6,48.69,22,39,5,4,92.81,1.67,0.33,0.00,1,0.00,5,1314.26,0,0,1,org.apache.jackrabbit.test.AbstractJCRTest,0.00,11,3,8,5,11,2,0,4,241,1
"org.apache.jackrabbit.test.search.FulltextQueryTest",7,0.00,1.00,77,1.36,31058.36,7,0,3,16,2,103.43,3,99,1,5,103.43,0.00,0.80,0.00,0,0.00,1,4070.29,1,0,1,org.apache.jackrabbit.test.search.AbstractQueryTest,0.00,9,4,7,0,9,7,0,1,746,1
"org.apache.jackrabbit.test.search.ISO9075Test",2,0.00,2.50,28,0.41,14780.35,2,0,4,17,3,55.28,14,28,1,2,97.57,0.00,0.50,0.00,0,2.00,4,1221.10,0,0,2,junit.framework.TestCase,0.00,15,1,5,0,15,2,0,3,220,1
"org.apache.jackrabbit.test.search.OrderByTest",16,0.00,1.44,182,2.85,110056.11,16,0,11,35,2,101.85,9,192,1,5,101.85,0.00,0.80,0.00,3,46.00,3,8537.11,1,0,1,org.apache.jackrabbit.test.search.AbstractQueryTest,0.00,19,4,23,0,19,16,0,7,1603,1
"org.apache.jackrabbit.test.search.SQLTest",3,0.00,1.00,25,0.36,6067.81,3,0,3,10,2,111.28,2,29,1,5,111.28,0.00,0.80,0.00,0,0.00,1,1067.41,1,0,1,org.apache.jackrabbit.test.search.AbstractQueryTest,0.00,7,4,3,0,7,3,0,1,210,1
"org.apache.jackrabbit.test.search.SelectClauseTest",3,0.00,1.00,57,0.98,27451.34,3,0,4,10,2,142.10,3,70,1,5,92.10,0.00,0.80,0.00,0,0.00,1,2925.14,1,0,1,org.apache.jackrabbit.test.search.AbstractQueryTest,0.00,7,4,3,0,7,3,0,1,526,1
"org.apache.jackrabbit.test.search.SimpleQueryTest",15,0.00,1.00,277,4.77,191081.30,15,0,4,29,2,141.85,21,303,1,5,91.85,0.00,0.80,0.00,0,0.00,1,14312.99,1,0,1,org.apache.jackrabbit.test.search.AbstractQueryTest,0.00,14,4,15,0,14,15,0,19,2567,1
"org.apache.jackrabbit.test.search.TestAll",1,0.00,1.00,10,0.10,3275.34,1,0,3,3,6,57.54,10,12,0,2,106.02,0.00,0.50,0.00,0,1.00,1,301.01,0,1,6,junit.framework.TestCase,0.00,2,1,1,0,2,0,0,2,71,1
"org.apache.jackrabbit.core.jndi.BindableRepository",12,0.03,1.08,42,0.44,7953.68,18,6,8,27,5,151.58,44,63,3,1,130.97,0.00,0.00,0.19,1,0.00,2,1323.86,0,8,3,java.lang.Object,0.00,15,0,13,0,15,4,3,20,321,0
"org.apache.jackrabbit.core.jndi.BindableRepositoryFactory",2,1.00,2.50,16,0.24,8116.22,3,1,7,12,1,60.58,16,27,1,1,108.69,0.00,0.00,0.50,0,2.00,4,731.93,0,1,1,java.lang.Object,0.00,10,0,5,0,10,1,1,5,144,1
"org.apache.jackrabbit.core.jndi.RegistryHelper",3,0.00,1.33,10,0.11,2229.24,3,0,3,7,2,88.24,22,20,1,1,130.53,0.00,0.00,0.00,0,3.00,2,321.88,0,0,1,java.lang.Object,0.00,4,0,4,0,4,3,0,4,75,1
"org.apache.jackrabbit.core.state.xml.XMLPersistenceManager",23,0.13,4.87,488,8.24,482020.91,52,29,18,151,21,69.41,137,647,0,2,87.28,0.00,0.50,0.16,6,0.00,15,24711.98,1,8,21,org.apache.jackrabbit.core.state.AbstractPersistenceManager,0.00,128,1,112,0,128,15,0,89,4003,1
"org.apache.jackrabbit.core.search.AbstractQueryHandler",5,0.17,1.00,16,0.11,1568.06,8,3,3,5,3,85.44,43,22,0,1,133.54,0.00,0.00,0.20,1,14.00,1,330.63,0,3,3,java.lang.Object,0.00,0,0,5,1,0,2,1,9,89,2
"org.apache.jackrabbit.core.search.AndQueryNode",3,0.00,1.00,7,0.05,561.65,3,0,1,4,9,99.59,23,11,7,3,141.88,0.00,0.67,0.00,0,3.00,1,154.92,0,1,3,org.apache.jackrabbit.core.search.NAryQueryNode,0.00,1,2,3,0,1,2,0,4,47,1
"org.apache.jackrabbit.core.search.DefaultQueryNodeVisitor",12,0.00,1.00,25,0.16,1705.27,12,0,0,12,13,142.82,4,38,0,1,142.82,0.00,0.00,0.00,0,12.00,1,493.87,0,12,13,java.lang.Object,0.00,0,0,12,0,0,0,1,1,150,1
"org.apache.jackrabbit.core.search.ExactQueryNode",4,0.33,1.25,15,0.11,2102.11,6,2,1,6,8,89.44,30,21,6,2,131.73,1.00,0.33,0.25,0,8.00,2,342.34,0,3,3,org.apache.jackrabbit.core.search.QueryNode,0.00,2,1,5,1,2,1,0,7,89,1
"org.apache.jackrabbit.core.search.ExecutableQuery",1,0.00,1.00,2,0.01,51.30,1,0,2,1,4,102.18,11,3,4,1,146.30,0.00,0.00,0.00,0,1.00,1,27.65,0,1,0,,0.00,0,0,1,0,0,0,0,2,11,1
"org.apache.jackrabbit.core.search.LocationStepQueryNode",10,0.17,1.20,32,0.26,4302.83,14,4,1,14,12,90.13,79,45,9,3,132.42,0.00,0.67,0.10,0,42.00,2,767.75,1,3,4,org.apache.jackrabbit.core.search.NAryQueryNode,0.00,4,2,12,0,4,7,0,15,198,1
"org.apache.jackrabbit.core.search.NAryQueryNode",6,0.10,2.17,35,0.37,10499.32,8,2,3,15,9,71.11,49,46,7,2,119.21,5.00,0.14,0.42,0,0.00,4,1099.67,0,1,2,org.apache.jackrabbit.core.search.QueryNode,0.00,9,1,13,5,9,5,0,9,244,2
"org.apache.jackrabbit.core.search.NodeTypeQueryNode",2,0.00,1.00,5,0.05,485.65,2,0,2,3,12,98.70,15,8,8,3,140.99,0.00,0.67,0.00,0,2.00,1,137.62,0,1,5,org.apache.jackrabbit.core.search.ExactQueryNode,0.00,1,2,2,0,1,1,0,6,39,1
"org.apache.jackrabbit.core.search.NotQueryNode",3,0.00,1.00,7,0.06,693.20,3,0,0,4,9,123.28,17,13,7,3,141.16,0.00,0.67,0.00,0,3.00,1,167.23,0,1,3,org.apache.jackrabbit.core.search.NAryQueryNode,0.00,1,2,3,0,1,2,0,4,50,1
"org.apache.jackrabbit.core.search.OrQueryNode",3,0.00,1.00,7,0.05,561.65,3,0,0,4,9,99.59,21,11,7,3,141.88,0.00,0.67,0.00,0,3.00,1,154.92,0,1,3,org.apache.jackrabbit.core.search.NAryQueryNode,0.00,1,2,3,0,1,2,0,4,47,1
"org.apache.jackrabbit.core.search.OrderQueryNode",6,0.40,1.00,15,0.15,1985.22,7,1,3,13,11,97.64,47,22,9,2,139.93,0.00,0.50,0.67,0,0.00,1,451.70,0,1,3,org.apache.jackrabbit.core.search.QueryNode,0.00,7,1,6,0,7,5,0,10,121,1
"org.apache.jackrabbit.core.search.OrderQueryNode$OrderSpec",4,0.33,1.00,12,0.07,903.99,6,2,3,4,1,116.79,23,17,0,1,134.66,0.00,0.00,0.25,0,8.00,1,222.03,0,1,1,java.lang.Object,0.00,0,0,4,0,0,3,0,6,65,3
"org.apache.jackrabbit.core.search.PathQueryNode",6,0.40,1.17,18,0.15,2549.88,8,2,0,9,11,114.60,34,26,8,3,132.47,0.00,0.67,0.17,0,14.00,2,444.80,1,1,4,org.apache.jackrabbit.core.search.NAryQueryNode,0.00,3,2,7,0,3,5,0,9,118,1
"org.apache.jackrabbit.core.search.QueryConstants",0,0.00,0.00,24,0.47,16318.02,23,23,2,1,7,171.00,72,25,5,1,171.00,0.00,0.00,0.00,0,0.00,0,1405.38,0,0,2,,0.00,1,0,0,0,1,0,0,23,242,1
"org.apache.jackrabbit.core.search.QueryHandler",5,0.00,1.00,6,0.06,396.65,5,0,10,5,9,106.04,46,12,3,1,156.04,0.00,0.00,0.00,0,5.00,1,194.62,0,0,6,,0.00,0,0,5,0,0,5,0,6,58,1
"org.apache.jackrabbit.core.search.QueryImpl",7,0.10,2.14,48,0.81,29478.57,12,5,20,35,10,70.97,51,82,1,1,113.26,0.00,0.00,0.29,0,13.00,6,2419.24,0,4,9,java.lang.Object,0.00,28,0,15,0,28,3,1,15,463,1
"org.apache.jackrabbit.core.search.QueryManagerImpl",4,0.27,1.00,16,0.22,4063.58,9,5,11,8,4,76.76,35,28,1,1,124.86,0.00,0.00,0.40,0,6.00,1,654.15,0,3,3,java.lang.Object,0.00,4,0,4,0,4,1,1,10,150,1
"org.apache.jackrabbit.core.search.QueryNode",3,1.00,1.00,7,0.04,499.31,4,1,0,3,19,93.80,31,10,18,1,142.28,0.00,0.00,0.33,0,4.00,1,123.74,0,2,1,java.lang.Object,0.00,0,0,3,13,0,1,0,5,40,2
"org.apache.jackrabbit.core.search.QueryNodeVisitor",12,0.00,1.00,13,0.11,595.20,12,0,0,12,18,157.65,3,14,18,1,157.65,0.00,0.00,0.00,0,12.00,1,332.00,0,12,12,,0.00,0,0,12,0,0,0,0,1,112,1
"org.apache.jackrabbit.core.search.QueryParser",3,0.00,2.33,16,0.20,6952.92,3,0,5,10,5,88.85,39,28,1,1,118.23,0.00,0.00,0.00,0,3.00,3,605.59,0,1,4,java.lang.Object,0.00,7,0,7,0,7,2,0,4,130,1
"org.apache.jackrabbit.core.search.QueryRootNode",8,0.19,1.00,20,0.15,1933.60,11,3,3,13,13,108.78,51,29,9,2,141.00,0.00,0.50,0.17,0,28.00,1,453.94,0,4,5,org.apache.jackrabbit.core.search.QueryNode,0.00,5,1,8,0,5,4,0,12,127,1
"org.apache.jackrabbit.core.search.RangeQueryNode",10,0.07,1.00,34,0.27,3752.11,15,5,1,11,7,84.83,88,47,5,2,132.93,0.00,0.50,0.26,0,26.00,1,811.93,0,3,3,org.apache.jackrabbit.core.search.QueryNode,0.00,1,1,10,0,1,7,1,16,207,1
"org.apache.jackrabbit.core.search.RelationQueryNode",18,0.02,1.00,65,0.48,5830.75,25,7,2,19,10,91.14,133,84,7,2,133.43,0.00,0.50,0.13,0,198.00,1,1435.18,0,4,4,org.apache.jackrabbit.core.search.QueryNode,0.00,1,1,18,0,1,14,1,26,365,1
"org.apache.jackrabbit.core.search.TextsearchQueryNode",3,1.00,1.00,9,0.07,760.36,4,1,0,4,8,91.98,21,13,7,2,134.27,0.00,0.50,0.33,0,4.00,1,195.03,0,2,2,org.apache.jackrabbit.core.search.QueryNode,0.00,1,1,3,0,1,1,0,5,55,1
"org.apache.jackrabbit.test.api.xa.TestAll",1,0.00,1.00,4,0.03,457.63,1,0,3,2,0,90.03,12,6,0,2,127.59,0.00,0.50,0.00,0,1.00,1,76.45,0,1,0,junit.framework.TestCase,0.00,1,1,1,0,1,0,0,3,23,1
"org.apache.jackrabbit.rmi.iterator.ArrayIterator",7,0.00,1.00,18,0.11,1249.98,9,2,1,8,3,162.65,22,26,3,1,142.04,0.00,0.00,0.50,0,0.00,1,343.33,0,1,0,java.lang.Object,0.00,1,0,7,3,1,6,1,10,99,1
"org.apache.jackrabbit.rmi.iterator.ArrayNodeIterator",2,0.00,1.00,5,0.03,278.97,2,0,2,2,2,100.59,14,8,1,2,142.88,0.00,0.50,0.00,0,2.00,1,91.87,1,1,1,org.apache.jackrabbit.rmi.iterator.ArrayIterator,0.00,0,1,2,0,0,1,1,3,30,1
"org.apache.jackrabbit.rmi.iterator.ArrayNodeTypeIterator",2,0.00,1.00,5,0.03,278.97,2,0,2,2,2,100.59,14,9,1,2,142.88,0.00,0.50,0.00,0,2.00,1,91.87,1,1,1,org.apache.jackrabbit.rmi.iterator.ArrayIterator,0.00,0,1,2,0,0,1,1,3,30,1
"org.apache.jackrabbit.rmi.iterator.ArrayPropertyIterator",2,0.00,1.00,5,0.03,278.97,2,0,2,2,2,100.59,14,9,1,2,142.88,0.00,0.50,0.00,0,2.00,1,91.87,1,1,1,org.apache.jackrabbit.rmi.iterator.ArrayIterator,0.00,0,1,2,0,0,1,1,3,30,1
"org.apache.jackrabbit.test.api.nodetype.TestAll",1,0.00,1.00,4,0.03,457.63,1,0,3,2,0,90.03,12,6,0,2,127.59,0.00,0.50,0.00,0,1.00,1,76.45,0,1,0,junit.framework.TestCase,0.00,1,1,1,0,1,0,0,3,23,1
"org.apache.jackrabbit.core.util.Base64",11,0.12,2.27,108,1.78,229742.97,15,4,1,18,4,58.91,84,135,4,1,101.20,0.00,0.00,0.14,2,39.00,8,5351.38,0,0,0,java.lang.Object,0.00,7,0,25,0,7,11,0,23,993,1
"org.apache.jackrabbit.core.util.ChildrenCollector",3,0.17,1.67,15,0.15,2436.59,6,3,5,4,0,79.61,21,23,0,2,121.90,0.00,0.50,0.44,0,1.00,2,463.16,0,0,0,TraversingItemVisitor.Default,0.00,1,1,5,0,1,3,0,4,111,1
"org.apache.jackrabbit.core.util.ChildrenCollectorFilter",5,0.12,4.60,60,0.59,35388.45,11,6,6,12,1,55.95,55,79,1,2,100.08,0.00,0.50,0.27,2,13.00,13,1771.41,0,0,0,TraversingItemVisitor.Default,0.00,7,1,23,0,7,5,0,13,373,1
"org.apache.jackrabbit.core.util.ISO9075",5,0.38,3.40,57,0.78,60189.75,7,2,4,27,5,55.61,55,75,4,1,99.74,0.00,0.00,0.20,2,11.00,9,2329.46,0,4,1,java.lang.Object,0.00,22,0,17,0,22,1,0,18,469,1
"org.apache.jackrabbit.core.util.IteratorHelper",11,0.02,1.09,33,0.21,2861.02,15,4,5,16,2,134.40,47,47,2,1,134.16,0.00,0.00,0.23,1,38.00,2,637.88,0,4,0,java.lang.Object,0.00,5,0,12,0,5,7,3,15,179,1
"org.apache.jackrabbit.core.util.Text",7,1.00,2.71,57,0.83,57133.49,8,1,4,23,4,57.80,71,78,4,1,106.28,0.00,0.00,0.14,3,12.00,6,2493.09,0,7,0,java.lang.Object,0.00,16,0,19,0,16,0,0,12,496,1
"org.apache.jackrabbit.core.util.ValueHelper",5,0.00,6.80,108,2.04,249971.32,5,0,5,26,6,46.67,63,212,2,1,84.23,0.00,0.00,0.00,1,5.00,17,6131.18,0,4,4,java.lang.Object,0.00,21,0,34,0,21,1,0,36,1016,1
"org.apache.jackrabbit.rmi.server.RemoteAdapterFactory",12,0.00,1.00,13,0.12,696.70,12,0,25,12,26,107.11,112,23,14,1,157.11,0.00,0.00,0.00,0,12.00,1,350.35,0,12,12,,0.00,0,0,12,0,0,0,0,13,112,1
"org.apache.jackrabbit.rmi.server.ServerAdapterFactory",12,0.00,1.00,25,0.25,2938.05,12,0,25,24,37,108.74,73,47,12,1,140.96,0.00,0.00,0.00,0,12.00,1,741.11,0,12,25,java.lang.Object,0.00,12,0,12,0,12,0,1,13,197,1
"org.apache.jackrabbit.rmi.server.ServerItem",11,0.10,1.73,41,0.39,7245.63,12,1,11,22,8,170.77,31,75,4,2,130.88,2.00,0.25,0.91,0,0.00,2,1176.18,2,4,4,org.apache.jackrabbit.rmi.server.ServerObject,0.00,11,2,19,2,11,7,1,13,286,1
"org.apache.jackrabbit.rmi.server.ServerItemDef",7,0.17,1.00,17,0.14,1779.80,8,1,4,14,7,141.07,29,26,3,2,140.83,2.00,0.25,0.86,0,0.00,1,412.51,0,2,4,org.apache.jackrabbit.rmi.server.ServerObject,0.00,7,2,7,2,7,5,1,9,115,1
"org.apache.jackrabbit.rmi.server.ServerLock",6,0.20,1.00,14,0.11,1371.73,7,1,6,11,3,161.81,22,22,2,1,141.19,0.00,0.00,0.83,0,0.00,1,326.87,0,2,1,java.rmi.server.UnicastRemoteObject,0.00,5,1,6,0,5,4,1,8,93,1
"org.apache.jackrabbit.rmi.server.ServerNamespaceRegistry",7,0.17,1.86,29,0.29,6028.68,8,1,5,13,5,145.90,26,55,2,2,125.29,0.00,0.50,0.86,0,0.00,2,866.29,1,4,3,org.apache.jackrabbit.rmi.server.ServerObject,0.00,6,2,13,0,6,3,1,9,208,1
"org.apache.jackrabbit.rmi.server.ServerNode",40,0.03,1.98,161,1.82,37168.12,41,1,23,79,10,175.01,57,331,2,3,125.01,0.00,0.67,0.98,0,0.00,2,5470.68,5,20,8,org.apache.jackrabbit.rmi.server.ServerItem,0.00,39,3,79,0,39,20,1,42,1254,1
"org.apache.jackrabbit.rmi.server.ServerNodeDef",4,0.33,1.00,11,0.10,1331.67,5,1,4,8,6,122.04,22,17,2,3,139.91,0.00,0.67,0.75,0,0.00,1,295.74,1,2,4,org.apache.jackrabbit.rmi.server.ServerItemDef,0.00,4,3,4,0,4,2,1,6,80,1
"org.apache.jackrabbit.rmi.server.ServerNodeType",17,0.19,1.00,39,0.38,5660.49,18,1,7,30,7,179.79,35,61,2,2,139.91,0.00,0.50,0.82,2,0.00,1,1136.67,3,8,5,org.apache.jackrabbit.rmi.server.ServerObject,0.00,13,2,17,0,13,9,1,19,303,1
"org.apache.jackrabbit.rmi.server.ServerNodeTypeManager",5,0.25,1.80,21,0.22,4344.83,6,1,6,10,6,125.50,24,42,2,2,125.26,0.00,0.50,0.80,0,0.00,2,645.93,2,4,4,org.apache.jackrabbit.rmi.server.ServerObject,0.00,5,2,9,0,5,1,1,7,154,1
"org.apache.jackrabbit.rmi.server.ServerObject",9,0.25,4.56,110,1.25,65369.75,10,1,36,41,15,62.43,111,124,8,1,99.99,0.00,0.00,0.78,0,0.00,19,3763.66,0,8,7,java.rmi.server.UnicastRemoteObject,0.00,32,1,41,12,32,1,0,17,779,1
"org.apache.jackrabbit.rmi.server.ServerProperty",9,0.12,1.89,37,0.37,7515.56,10,1,8,19,7,146.00,27,71,2,3,125.39,0.00,0.67,0.89,0,0.00,2,1116.95,1,3,5,org.apache.jackrabbit.rmi.server.ServerItem,0.00,10,3,17,0,10,6,1,11,266,1
"org.apache.jackrabbit.rmi.server.ServerPropertyDef",5,0.25,1.00,13,0.11,1489.26,6,1,4,9,5,140.52,24,21,2,3,140.29,0.00,0.67,0.80,0,0.00,1,318.97,0,2,3,org.apache.jackrabbit.rmi.server.ServerItemDef,0.00,4,3,5,0,4,3,1,7,88,1
"org.apache.jackrabbit.rmi.server.ServerRepository",7,0.17,1.57,29,0.33,6627.25,8,1,9,11,6,145.62,25,51,2,2,125.00,0.00,0.50,0.86,0,0.00,2,984.69,1,6,4,org.apache.jackrabbit.rmi.server.ServerObject,0.00,4,2,11,0,4,1,1,9,223,1
"org.apache.jackrabbit.rmi.server.ServerSession",26,0.04,1.58,89,0.98,20400.84,27,1,22,57,8,180.30,43,170,2,2,130.30,0.00,0.50,0.96,0,0.00,2,2948.32,2,12,6,org.apache.jackrabbit.rmi.server.ServerObject,0.00,31,2,41,0,31,14,1,28,693,1
"org.apache.jackrabbit.rmi.server.ServerWorkspace",10,0.33,1.80,41,0.51,10359.17,11,1,17,20,7,164.55,27,88,2,2,124.66,0.00,0.50,0.70,2,0.00,2,1528.71,1,4,5,org.apache.jackrabbit.rmi.server.ServerObject,0.00,10,2,18,0,10,6,1,12,342,1
"org.apache.jackrabbit.test.api.version.AbstractOnParentVersionTest",2,0.60,2.50,21,0.28,5937.39,7,5,5,13,6,56.14,19,27,5,5,106.14,1.25,0.40,0.50,0,0.00,3,842.14,1,1,1,org.apache.jackrabbit.test.api.version.AbstractVersionTest,0.56,11,4,5,5,11,1,0,5,171,2
"org.apache.jackrabbit.test.api.version.AbstractVersionTest",4,0.13,4.00,55,0.66,21908.69,9,5,8,18,9,67.47,27,79,8,4,99.69,4.67,0.17,0.30,0,2.00,10,1970.48,3,1,1,org.apache.jackrabbit.test.AbstractJCRTest,1.14,14,3,16,14,14,3,0,8,373,1
"org.apache.jackrabbit.test.api.version.CheckinTest",10,0.00,1.30,44,0.48,7840.86,10,0,7,26,2,93.47,60,61,1,5,125.69,0.00,0.80,0.00,0,0.00,2,1444.15,2,0,1,org.apache.jackrabbit.test.api.version.AbstractVersionTest,0.29,16,4,13,0,16,10,0,13,334,1
"org.apache.jackrabbit.test.api.version.CheckoutTest",7,0.00,3.14,64,0.79,28676.67,7,0,7,32,2,74.47,48,89,1,5,106.69,0.00,0.80,0.00,0,0.00,7,2376.27,1,0,1,org.apache.jackrabbit.test.api.version.AbstractVersionTest,0.36,25,4,22,0,25,7,0,17,459,1
"org.apache.jackrabbit.test.api.version.OnParentVersionAbortTest",3,0.00,1.67,15,0.13,1576.55,3,0,4,9,2,81.09,23,23,0,6,123.39,0.00,0.83,0.00,0,2.00,2,375.63,2,0,2,org.apache.jackrabbit.test.api.version.AbstractOnParentVersionTest,0.50,6,5,5,0,6,3,0,6,91,1
"org.apache.jackrabbit.test.api.version.OnParentVersionComputeTest",2,0.00,1.00,13,0.12,1811.76,2,0,4,10,1,76.40,14,16,0,6,118.69,0.00,0.83,0.00,0,2.00,1,366.07,1,0,1,org.apache.jackrabbit.test.api.version.AbstractOnParentVersionTest,0.55,8,5,2,0,8,2,0,2,84,1
"org.apache.jackrabbit.test.api.version.OnParentVersionCopyTest",3,1.00,1.33,20,0.20,3810.51,4,1,4,15,1,75.17,21,25,0,6,117.46,0.00,0.83,0.33,0,2.00,2,606.93,2,0,1,org.apache.jackrabbit.test.api.version.AbstractOnParentVersionTest,0.50,12,5,4,0,12,3,0,5,132,1
"org.apache.jackrabbit.test.api.version.OnParentVersionIgnoreTest",2,0.00,1.00,13,0.12,1811.76,2,0,4,10,1,76.40,14,16,0,6,118.69,0.00,0.83,0.00,0,2.00,1,366.07,1,0,1,org.apache.jackrabbit.test.api.version.AbstractOnParentVersionTest,0.55,8,5,2,0,8,2,0,2,84,1
"org.apache.jackrabbit.test.api.version.OnParentVersionInitializeTest",2,0.00,1.00,13,0.12,1811.76,2,0,4,10,1,76.40,14,16,0,6,118.69,0.00,0.83,0.00,0,2.00,1,366.07,1,0,1,org.apache.jackrabbit.test.api.version.AbstractOnParentVersionTest,0.55,8,5,2,0,8,2,0,2,84,1
"org.apache.jackrabbit.test.api.version.RemoveVersionTest",5,0.50,3.40,65,0.71,22069.59,9,4,10,23,3,58.17,38,80,1,5,100.46,0.00,0.80,0.65,0,0.00,5,2125.89,2,0,2,org.apache.jackrabbit.test.api.version.AbstractVersionTest,0.83,18,4,17,0,18,5,0,12,410,1
"org.apache.jackrabbit.test.api.version.RestoreTest",15,0.02,1.73,76,0.81,14058.53,18,3,10,36,3,89.18,94,115,1,5,121.40,0.25,0.67,0.36,0,0.00,3,2428.43,3,0,2,org.apache.jackrabbit.test.api.version.AbstractVersionTest,0.45,21,4,26,1,21,15,0,26,529,1
"org.apache.jackrabbit.test.api.version.TestAll",1,0.00,1.00,10,0.10,3275.34,1,0,3,3,6,124.15,18,12,0,2,106.02,0.00,0.50,0.00,0,1.00,1,301.01,0,1,6,junit.framework.TestCase,0.00,2,1,1,0,2,0,0,9,71,1
"org.apache.jackrabbit.test.api.version.VersionGraphTest",4,0.00,1.50,20,0.25,4301.19,4,0,6,15,2,72.86,34,28,1,5,120.96,0.00,0.80,0.00,0,0.00,2,740.42,0,0,1,org.apache.jackrabbit.test.api.version.AbstractVersionTest,0.00,11,4,6,0,11,4,0,6,161,1
"org.apache.jackrabbit.test.api.version.VersionHistoryTest",7,0.17,2.00,47,0.47,10508.23,8,1,6,23,2,84.58,48,60,1,5,116.80,0.00,0.80,0.86,0,0.00,4,1399.29,2,0,1,org.apache.jackrabbit.test.api.version.AbstractVersionTest,0.36,16,4,14,0,16,7,0,9,298,1
"org.apache.jackrabbit.test.api.version.VersionLabelTest",16,0.52,2.06,121,1.42,34943.79,20,4,8,38,2,70.72,114,153,1,5,113.01,0.00,0.80,0.73,0,0.00,3,4271.48,3,0,1,org.apache.jackrabbit.test.api.version.AbstractVersionTest,0.43,22,4,33,0,22,16,0,23,874,1
"org.apache.jackrabbit.test.api.version.WorkspaceRestoreTest",9,0.25,2.67,91,1.21,35543.59,15,6,11,32,2,72.93,61,121,0,6,105.15,0.00,0.83,0.39,0,0.00,7,3624.30,2,0,2,org.apache.jackrabbit.test.api.version.RestoreTest,0.39,23,5,24,0,23,9,0,30,698,1
"org.apache.jackrabbit.test.api.access.TestAll",1,0.00,1.00,4,0.03,457.63,1,0,3,2,0,90.03,12,6,0,2,127.59,0.00,0.50,0.00,0,1.00,1,76.45,0,1,0,junit.framework.TestCase,0.00,1,1,1,0,1,0,0,3,23,1
"org.apache.jackrabbit.core.AccessManager",2,2.00,1.00,5,0.06,514.67,4,2,3,2,8,140.32,32,8,7,1,140.79,0.00,0.00,0.00,0,2.00,1,172.53,0,0,1,,0.00,0,0,2,0,0,2,0,5,47,1
"org.apache.jackrabbit.core.AccessManagerImpl",3,2.00,1.00,8,0.09,1273.94,5,2,5,4,8,106.85,19,15,5,1,139.08,0.00,0.00,0.00,0,3.00,1,262.13,0,0,3,java.lang.Object,0.00,1,0,3,1,1,3,1,8,67,1
"org.apache.jackrabbit.core.BLOBFileValue",17,0.06,2.88,129,1.42,49401.80,23,6,9,53,12,79.74,108,195,10,1,111.96,0.00,0.00,0.23,3,41.00,6,4245.12,0,4,2,java.lang.Object,0.00,36,0,49,0,36,13,1,39,880,1
"org.apache.jackrabbit.core.BaseException",10,0.67,1.40,35,0.24,5730.96,11,1,2,12,11,89.11,71,51,11,2,131.40,11.00,0.08,0.40,2,18.00,3,718.23,2,3,0,java.lang.Exception,0.00,2,1,14,11,2,7,0,12,193,2
"org.apache.jackrabbit.core.CachingHierarchyManager",11,0.04,1.45,52,0.57,20605.34,16,5,6,25,7,122.92,51,72,1,1,122.68,0.00,0.00,0.24,2,0.00,4,1701.93,0,8,6,java.lang.Object,0.00,14,0,16,0,14,3,1,17,392,1
"org.apache.jackrabbit.core.Constants",0,0.00,0.00,56,1.49,46445.36,55,55,0,1,23,171.00,79,57,22,1,171.00,0.00,0.00,0.00,0,0.00,0,4483.80,0,0,1,,0.00,1,0,0,0,1,0,0,50,655,1
"org.apache.jackrabbit.core.HierarchyManager",8,0.00,1.00,9,0.10,712.12,8,0,3,8,14,123.43,52,11,10,1,155.65,0.00,0.00,0.00,0,8.00,1,307.98,0,7,4,,0.00,0,0,8,0,0,1,0,9,91,1
"org.apache.jackrabbit.core.HierarchyManagerImpl",15,0.01,4.80,284,4.47,335302.40,20,5,6,84,18,47.27,112,373,2,1,89.56,0.00,0.00,0.21,5,0.00,13,13397.05,0,11,16,java.lang.Object,0.00,69,0,72,0,69,4,1,58,2287,1
"org.apache.jackrabbit.core.IllegalNameException",4,0.00,1.00,9,0.05,332.37,4,0,0,4,19,112.43,27,14,18,3,144.65,0.00,0.67,0.00,0,4.00,1,136.79,0,0,1,org.apache.jackrabbit.core.BaseException,0.00,0,2,4,0,0,4,0,5,46,1
"org.apache.jackrabbit.core.InternalValue",33,0.09,1.52,166,2.35,88656.60,35,2,9,81,49,118.06,132,261,38,1,117.83,0.00,0.00,0.41,1,86.00,7,7050.42,0,21,11,java.lang.Object,0.00,48,0,50,0,48,12,0,29,1425,1
"org.apache.jackrabbit.core.ItemId",2,0.50,1.00,6,0.04,572.65,4,2,1,2,34,101.63,13,8,34,1,133.86,0.00,0.00,0.25,0,2.00,1,127.08,0,0,0,java.lang.Object,0.00,0,0,2,3,0,2,1,2,35,2
"org.apache.jackrabbit.core.ItemImpl",43,0.06,3.98,615,9.04,786263.80,56,13,18,203,33,45.89,472,814,6,1,94.37,0.00,0.00,0.14,19,722.00,27,27130.23,1,14,32,java.lang.Object,0.00,160,0,171,4,160,29,3,211,4515,2
"org.apache.jackrabbit.core.ItemLifeCycleListener",4,0.00,1.00,5,0.03,156.54,4,0,0,4,7,109.98,41,6,6,1,158.46,0.00,0.00,0.00,0,4.00,1,104.36,0,0,2,,0.00,0,0,4,0,0,4,0,5,36,1
"org.apache.jackrabbit.core.ItemManager",31,0.08,2.94,296,4.19,149215.61,39,8,15,113,39,58.05,255,407,18,1,106.16,0.00,0.00,0.21,11,34.00,8,12562.47,0,16,28,java.lang.Object,0.00,82,0,91,0,82,15,2,92,2340,1
"org.apache.jackrabbit.core.LazyItemIterator",9,0.04,1.67,36,0.33,7534.34,12,3,4,18,3,175.41,16,53,2,1,125.41,0.00,0.00,0.30,1,12.00,5,981.87,0,3,2,java.lang.Object,0.00,9,0,15,0,9,6,2,8,232,1
"org.apache.jackrabbit.core.MalformedPathException",4,0.00,1.00,9,0.05,332.37,4,0,0,4,19,112.43,27,14,18,3,144.65,0.00,0.67,0.00,0,4.00,1,136.79,0,0,1,org.apache.jackrabbit.core.BaseException,0.00,0,2,4,0,0,4,0,5,46,1
"org.apache.jackrabbit.core.NamespaceRegistryImpl",10,0.16,2.80,123,1.70,74996.50,17,7,14,46,12,51.89,80,170,8,1,99.99,0.00,0.00,0.29,2,0.00,10,5093.08,0,5,4,java.lang.Object,0.00,36,0,28,0,36,5,3,37,970,1
"org.apache.jackrabbit.core.NamespaceResolver",2,0.00,1.00,3,0.02,147.00,2,0,1,2,35,108.20,17,4,35,1,156.30,0.00,0.00,0.00,0,2.00,1,62.00,0,2,0,,0.00,0,0,2,0,0,0,0,3,22,1
"org.apache.jackrabbit.core.NoPrefixDeclaredException",4,0.00,1.00,9,0.05,332.37,4,0,0,4,32,112.43,27,14,31,3,144.65,0.00,0.67,0.00,0,4.00,1,136.79,0,0,1,org.apache.jackrabbit.core.BaseException,0.00,0,2,4,0,0,4,0,5,46,1
"org.apache.jackrabbit.core.NodeId",7,0.25,1.71,28,0.20,4170.27,9,2,0,11,38,166.45,19,41,37,2,126.56,1.00,0.33,0.29,0,3.00,3,613.53,0,3,1,org.apache.jackrabbit.core.ItemId,0.22,4,1,12,1,4,4,0,4,156,1
"org.apache.jackrabbit.core.NodeImpl",113,0.07,3.60,1396,20.69,1104668.87,117,4,17,379,62,49.03,1119,1938,24,2,99.03,2.00,0.25,0.18,42,2027.00,28,62075.59,7,28,44,org.apache.jackrabbit.core.ItemImpl,0.09,266,1,407,2,266,85,1,516,10846,1
"org.apache.jackrabbit.core.Path",28,0.01,3.14,271,3.33,224806.06,38,10,8,84,29,84.25,410,339,24,1,104.39,0.00,0.00,0.09,7,236.00,17,9987.05,0,13,5,java.lang.Object,0.00,56,0,88,0,56,15,0,78,1873,2
"org.apache.jackrabbit.core.Path$CurrentElement",7,0.67,1.00,16,0.09,742.44,8,1,8,7,3,143.82,6,24,0,2,143.82,0.00,0.50,0.43,0,10.00,1,255.07,0,2,3,org.apache.jackrabbit.core.PathElement,0.00,0,1,7,0,0,5,0,6,78,2
"org.apache.jackrabbit.core.Path$ParentElement",7,0.67,1.00,16,0.09,742.44,8,1,8,7,3,143.82,6,24,0,2,143.82,0.00,0.50,0.43,0,10.00,1,255.07,0,2,3,org.apache.jackrabbit.core.PathElement,0.00,0,1,7,0,0,5,0,6,78,2
"org.apache.jackrabbit.core.Path$PathBuilder",12,0.06,1.25,46,0.41,10317.08,15,3,8,25,3,112.17,66,58,0,1,130.04,0.00,0.00,0.28,3,32.00,2,1230.96,0,1,3,java.lang.Object,0.00,13,0,15,0,13,11,1,16,309,2
"org.apache.jackrabbit.core.Path$PathElement",15,0.25,2.00,84,0.95,38222.48,17,2,8,34,3,138.56,54,115,0,1,117.94,0.00,0.00,0.27,2,85.00,9,2846.36,0,4,3,java.lang.Object,0.00,19,0,30,0,19,11,0,15,600,2
"org.apache.jackrabbit.core.Path$RootElement",7,1.00,1.00,16,0.09,742.44,8,1,8,7,3,193.82,7,24,0,2,143.82,0.00,0.50,0.14,0,12.00,1,255.07,0,2,3,org.apache.jackrabbit.core.PathElement,0.00,0,1,7,0,0,5,0,7,78,2
"org.apache.jackrabbit.core.PathTest",7,0.17,4.86,161,2.84,171641.70,13,6,3,38,6,125.16,20,174,1,2,85.27,0.00,0.50,0.31,2,0.00,9,8518.43,0,2,5,junit.framework.TestCase,0.00,31,1,34,0,31,5,0,15,1481,1
"org.apache.jackrabbit.core.PathTest$NamespaceResolver",2,0.00,1.00,5,0.02,262.00,2,0,3,2,0,143.10,0,7,0,1,143.10,0.00,0.00,0.00,0,2.00,1,68.00,0,2,0,java.lang.Object,0.00,0,0,2,0,0,0,0,0,24,0
"org.apache.jackrabbit.core.PathTest$Test",7,0.11,1.71,29,0.28,6761.30,10,3,3,12,0,174.91,8,41,0,1,124.91,0.00,0.00,0.24,3,16.00,5,845.46,0,1,0,java.lang.Object,0.00,5,0,12,0,5,6,0,2,203,2
"org.apache.jackrabbit.core.PropertyId",8,0.00,1.88,43,0.41,13169.26,11,3,0,18,30,159.34,19,60,28,2,119.45,0.00,0.50,0.33,0,2.00,3,1227.53,0,4,2,org.apache.jackrabbit.core.ItemId,0.20,10,1,15,0,10,4,0,4,282,1
"org.apache.jackrabbit.core.PropertyImpl",36,0.03,4.53,519,7.20,349608.15,38,2,13,106,25,54.21,285,701,11,2,96.50,0.00,0.50,0.47,4,0.00,11,21599.60,3,13,17,org.apache.jackrabbit.core.ItemImpl,0.18,70,1,163,0,70,23,1,187,3859,1
"org.apache.jackrabbit.core.QName",13,0.01,2.46,96,1.04,42980.03,19,6,4,37,108,61.56,119,135,104,1,111.55,0.00,0.00,0.18,2,41.00,6,3132.66,1,8,4,java.lang.Object,0.00,24,0,32,0,24,5,3,29,651,1
"org.apache.jackrabbit.core.QNameTest",3,0.67,4.33,65,0.89,37512.21,6,3,2,16,4,109.69,11,69,1,2,89.08,0.00,0.50,0.78,0,0.00,7,2677.69,0,0,3,junit.framework.TestCase,0.00,13,1,13,0,13,3,0,6,489,1
"org.apache.jackrabbit.core.QNameTest$NamespaceResolver",2,0.00,1.00,5,0.02,262.00,2,0,2,2,0,143.10,0,7,0,1,143.10,0.00,0.00,0.00,0,2.00,1,68.00,0,2,0,java.lang.Object,0.00,0,0,2,0,0,0,0,0,24,0
"org.apache.jackrabbit.core.QNameTest$Test",4,0.22,1.25,17,0.12,2171.09,7,3,2,7,0,126.96,0,23,0,1,126.96,0.00,0.00,0.17,1,8.00,2,373.83,0,1,0,java.lang.Object,0.00,3,0,5,0,3,3,0,0,103,2
"org.apache.jackrabbit.core.RepositoryImpl",27,0.08,2.85,293,4.04,157285.86,50,23,29,132,34,61.51,214,415,9,1,103.81,0.00,0.00,0.12,7,82.00,11,12125.21,0,19,29,java.lang.Object,0.00,105,0,77,0,105,8,4,85,2166,1
"org.apache.jackrabbit.core.RepositoryImpl$Thread",1,0.00,1.00,3,0.01,56.92,1,0,29,2,0,139.38,0,4,0,1,139.38,0.00,0.00,0.00,0,1.00,1,30.46,0,0,0,java.lang.Object,0.00,1,0,1,0,1,1,0,0,12,0
"org.apache.jackrabbit.core.RepositoryImpl$WorkspaceInfo",10,0.15,2.40,63,0.58,15916.87,16,6,29,29,11,68.45,80,98,0,1,116.56,0.00,0.00,0.30,2,0.00,8,1744.25,0,8,11,java.lang.Object,0.00,19,0,24,0,19,2,0,25,386,0
"org.apache.jackrabbit.core.SearchManager",7,0.21,4.43,100,1.69,90343.57,18,11,23,51,21,57.97,90,154,5,1,95.53,0.00,0.00,0.27,2,0.00,16,5084.77,0,2,16,java.lang.Object,0.00,44,0,31,0,44,5,1,28,880,1
"org.apache.jackrabbit.core.SessionImpl",49,0.02,2.61,419,5.80,413906.53,67,18,33,166,49,73.95,337,593,32,1,106.17,0.00,0.00,0.08,7,1316.00,28,17389.08,0,16,28,java.lang.Object,0.00,117,0,128,2,117,33,2,143,3118,1
"org.apache.jackrabbit.core.SessionImpl$TransientNamespaceMappings",5,0.50,5.00,68,0.91,57174.69,9,4,33,31,2,49.01,40,94,0,1,97.12,0.00,0.00,0.65,0,0.00,13,2734.96,0,3,2,java.lang.Object,0.00,26,0,25,0,26,2,1,36,525,0
"org.apache.jackrabbit.core.SessionListener",1,0.00,1.00,2,0.01,41.48,1,0,0,1,2,109.47,12,3,2,1,147.03,0.00,0.00,0.00,0,1.00,1,27.65,0,0,1,,0.00,0,0,1,0,0,1,0,2,11,1
"org.apache.jackrabbit.core.SystemSession",1,1.00,1.00,7,0.08,1200.50,3,2,5,3,4,66.75,10,10,2,2,115.23,0.00,0.50,0.50,0,0.00,1,236.87,0,0,3,org.apache.jackrabbit.core.SessionImpl,0.00,2,1,1,0,2,1,0,3,56,0
"org.apache.jackrabbit.core.SystemSession$SystemAccessManqager",3,0.00,1.00,6,0.05,362.21,3,0,5,3,3,163.99,9,13,0,2,143.38,0.00,0.50,0.00,0,3.00,1,154.80,0,0,3,org.apache.jackrabbit.core.AccessManagerImpl,0.00,0,1,3,0,0,3,0,5,45,1
"org.apache.jackrabbit.core.TestAll",1,0.00,1.00,6,0.05,1283.53,1,0,3,3,2,69.02,10,8,0,2,117.50,0.00,0.50,0.00,0,1.00,1,150.40,0,1,2,junit.framework.TestCase,0.00,2,1,1,0,2,0,0,2,39,1
"org.apache.jackrabbit.core.UnknownPrefixException",4,0.00,1.00,9,0.05,332.37,4,0,0,4,17,112.43,27,14,16,3,144.65,0.00,0.67,0.00,0,4.00,1,136.79,0,0,1,org.apache.jackrabbit.core.BaseException,0.00,0,2,4,0,0,4,0,5,46,1
"org.apache.jackrabbit.core.WorkspaceImpl",33,0.06,2.76,369,6.13,318020.74,41,8,27,147,35,52.44,289,584,3,1,100.55,0.00,0.00,0.18,12,241.00,10,18379.61,0,14,34,java.lang.Object,0.00,114,0,91,0,114,19,2,122,3167,1
"org.apache.jackrabbit.core.XASession",1,0.00,1.00,2,0.01,48.43,1,0,2,1,1,172.78,19,3,1,2,146.50,0.00,0.50,0.00,0,1.00,1,27.12,0,1,0,,0.00,0,1,1,0,0,0,0,2,11,1
"org.apache.jackrabbit.core.XASessionImpl",18,0.04,2.11,100,1.08,32421.12,22,4,14,33,10,86.90,119,139,2,2,119.12,0.00,0.50,0.21,4,146.00,8,3237.91,1,3,9,org.apache.jackrabbit.core.SessionImpl,0.00,15,1,38,0,15,15,2,26,696,1
"org.apache.jackrabbit.core.XASessionImpl$EventDispatcher",3,1.00,1.00,7,0.05,457.94,4,1,14,4,3,110.35,18,11,0,1,142.57,0.00,0.00,0.33,0,4.00,1,142.54,0,0,3,java.lang.Object,0.00,1,0,3,0,1,3,1,4,43,1
"org.apache.jackrabbit.core.version.GenericVersionSelector",15,0.12,1.53,53,0.52,16963.40,19,4,5,23,2,86.77,108,78,1,1,129.06,0.00,0.00,0.13,0,64.00,5,1573.92,0,7,1,java.lang.Object,0.00,8,0,23,0,8,8,1,20,366,1
"org.apache.jackrabbit.core.version.HistoryRootNodeState",7,0.17,2.43,43,0.53,12816.14,9,2,10,17,8,83.85,46,67,1,4,116.08,0.00,0.75,0.36,1,4.00,4,1588.21,1,3,8,org.apache.jackrabbit.core.virtual.VirtualNodeState,0.04,10,3,17,0,10,4,0,16,332,1
"org.apache.jackrabbit.core.version.InternalFreeze",1,0.00,1.00,2,0.01,48.43,1,0,1,1,5,96.50,9,3,4,2,146.50,0.00,0.50,0.00,0,1.00,1,27.12,0,1,1,,0.00,0,1,1,0,0,0,0,2,11,1
"org.apache.jackrabbit.core.version.InternalFrozenNode",5,0.00,1.00,6,0.03,187.89,5,0,3,5,9,126.38,32,7,6,2,158.60,0.00,0.50,0.00,0,5.00,1,93.75,0,4,3,,0.00,0,1,5,0,0,1,0,6,36,1
"org.apache.jackrabbit.core.version.InternalFrozenVersionHistory",4,0.00,1.00,5,0.03,144.45,4,0,1,4,5,116.44,30,7,3,2,158.73,0.00,0.50,0.00,0,4.00,1,78.03,0,3,2,,0.00,0,1,4,0,0,1,0,5,30,1
"org.apache.jackrabbit.core.version.InternalVersion",10,0.00,1.00,11,0.05,270.10,10,0,3,10,21,127.51,61,12,19,2,159.73,0.00,0.50,0.00,0,10.00,1,159.39,0,7,3,,0.00,0,1,10,0,0,3,0,11,63,1
"org.apache.jackrabbit.core.version.InternalVersionHistory",13,0.00,1.00,14,0.10,525.64,13,0,4,13,16,116.06,93,16,15,2,158.35,0.00,0.50,0.00,0,13.00,1,288.26,0,3,2,,0.00,0,1,13,0,0,10,0,14,100,1
"org.apache.jackrabbit.core.version.InternalVersionItem",2,0.00,1.00,3,0.01,46.83,2,0,0,2,12,112.11,16,4,12,1,160.22,0.00,0.00,0.00,0,2.00,1,31.22,0,2,0,,0.00,0,0,2,0,0,0,0,3,14,1
"org.apache.jackrabbit.core.version.PersistentVersionManager",14,0.00,1.00,15,0.12,663.37,14,0,7,14,14,125.58,95,22,8,1,157.80,0.00,0.00,0.00,0,14.00,1,345.24,0,6,6,,0.00,0,0,14,0,0,8,0,15,116,1
"org.apache.jackrabbit.core.version.VersionHistoryImpl",16,0.27,2.31,94,1.34,41209.04,17,1,11,47,16,118.11,69,145,3,3,117.87,0.00,0.67,0.75,2,0.00,4,4014.07,0,8,15,org.apache.jackrabbit.core.NodeImpl,0.02,31,2,37,0,31,8,1,20,826,1
"org.apache.jackrabbit.core.version.VersionHistoryNodeState",7,0.17,2.57,39,0.55,13995.09,8,1,8,17,7,100.84,36,60,1,4,118.72,0.00,0.75,0.86,0,0.00,5,1662.17,5,3,7,org.apache.jackrabbit.core.virtual.VirtualNodeState,0.04,10,3,18,0,10,4,1,13,352,1
"org.apache.jackrabbit.core.version.VersionImpl",8,0.14,1.38,36,0.38,10782.70,9,1,8,15,10,105.95,47,45,4,3,123.82,0.00,0.67,0.88,0,0.00,2,1145.52,0,4,8,org.apache.jackrabbit.core.NodeImpl,0.02,7,2,11,0,7,4,1,13,262,1
"org.apache.jackrabbit.core.version.VersionItemStateProvider",17,0.01,2.53,161,2.75,138803.88,26,9,13,103,40,56.28,139,219,5,1,104.39,0.00,0.00,0.12,8,97.00,9,8240.52,0,11,39,java.lang.Object,0.00,86,0,43,0,86,6,2,57,1491,1
"org.apache.jackrabbit.core.version.VersionIteratorImpl",9,0.08,1.56,39,0.34,7838.57,12,3,7,22,2,107.42,50,52,1,1,125.29,0.00,0.00,0.26,2,16.00,3,1005.66,0,2,1,java.lang.Object,0.00,13,0,14,0,13,7,1,13,236,1
"org.apache.jackrabbit.core.version.VersionLabelsNodeState",8,0.29,2.38,55,0.69,24074.56,10,2,13,26,10,154.27,19,73,1,4,114.38,0.00,0.75,0.25,3,20.00,6,2055.58,5,5,10,org.apache.jackrabbit.core.virtual.VirtualNodeState,0.09,18,3,19,0,18,3,1,5,423,1
"org.apache.jackrabbit.core.version.VersionManager",12,0.00,1.00,13,0.10,511.40,12,0,8,12,11,115.88,87,15,5,1,158.17,0.00,0.00,0.00,0,12.00,1,288.41,0,7,7,,0.00,0,0,12,0,0,5,0,14,98,1
"org.apache.jackrabbit.core.version.VersionManagerImpl",14,0.02,1.14,43,0.47,9017.37,19,5,10,37,14,82.95,114,61,1,1,131.05,0.00,0.00,0.21,0,0.00,3,1402.51,0,7,13,java.lang.Object,0.00,23,0,16,0,23,7,1,22,334,1
"org.apache.jackrabbit.core.version.VersionNodeState",2,1.00,4.50,32,0.46,25153.10,3,1,7,13,8,44.98,21,37,1,4,93.45,0.00,0.75,0.50,0,2.00,7,1386.69,3,1,8,org.apache.jackrabbit.core.virtual.VirtualNodeState,0.00,11,3,9,0,11,1,0,6,261,1
"org.apache.jackrabbit.core.version.VersionSelector",1,0.00,1.00,2,0.01,69.06,1,0,3,1,2,107.72,12,3,2,1,145.29,0.00,0.00,0.00,0,1.00,1,36.53,0,1,0,,0.00,0,0,1,0,0,0,0,2,13,1
"org.apache.jackrabbit.rmi.client.ClientAdapterFactory",12,0.00,1.00,25,0.23,2526.96,12,0,24,24,38,109.25,74,39,13,1,141.47,0.00,0.00,0.00,0,12.00,1,699.48,0,12,25,java.lang.Object,0.00,12,0,12,0,12,0,1,13,191,1
"org.apache.jackrabbit.rmi.client.ClientItem",15,0.07,2.00,65,0.62,15235.15,17,2,14,33,9,124.94,63,110,4,1,124.70,0.00,0.00,0.43,1,0.00,6,1869.51,0,5,5,org.apache.jackrabbit.rmi.client.ClientObject,0.00,18,1,30,2,18,10,1,18,434,1
"org.apache.jackrabbit.rmi.client.ClientItemDef",7,0.17,1.86,29,0.24,4378.32,8,1,4,15,7,146.99,27,49,3,1,126.38,0.00,0.00,0.86,0,0.00,2,709.97,0,2,4,org.apache.jackrabbit.rmi.client.ClientObject,0.00,8,1,13,2,8,5,1,9,179,1
"org.apache.jackrabbit.rmi.client.ClientLock",7,0.08,1.71,28,0.22,3864.04,9,2,6,14,5,127.06,28,46,2,1,126.83,0.00,0.00,0.43,0,0.00,2,645.48,0,3,3,java.lang.Object,0.00,7,0,12,0,7,4,1,10,166,1
"org.apache.jackrabbit.rmi.client.ClientNamespaceRegistry",7,0.17,1.86,29,0.29,6115.16,8,1,5,14,6,145.85,24,55,2,1,125.24,0.00,0.00,0.86,0,0.00,2,867.81,0,4,4,org.apache.jackrabbit.rmi.client.ClientObject,0.00,7,1,13,0,7,3,1,9,206,1
"org.apache.jackrabbit.rmi.client.ClientNode",58,0.33,1.71,213,2.51,52760.93,59,1,40,110,8,179.78,95,407,2,2,129.78,0.00,0.50,0.67,1,0.00,2,7544.13,3,32,6,org.apache.jackrabbit.rmi.client.ClientItem,0.02,52,2,99,0,52,26,1,70,1708,1
"org.apache.jackrabbit.rmi.client.ClientNodeDef",4,0.33,1.75,17,0.15,2660.46,5,1,4,9,6,108.31,20,28,2,2,126.18,0.00,0.50,0.75,0,0.00,2,442.26,1,2,4,org.apache.jackrabbit.rmi.client.ClientItemDef,0.00,5,2,7,0,5,2,1,6,111,1
"org.apache.jackrabbit.rmi.client.ClientNodeType",17,0.06,1.94,72,0.68,14483.58,18,1,8,34,8,175.31,33,122,2,1,125.31,0.00,0.00,0.94,0,0.00,2,2038.00,3,8,6,org.apache.jackrabbit.rmi.client.ClientObject,0.00,17,1,33,0,17,9,1,19,486,1
"org.apache.jackrabbit.rmi.client.ClientNodeTypeManager",5,0.25,1.80,21,0.21,4038.91,6,1,7,11,6,125.75,22,38,2,1,125.51,0.00,0.00,0.80,0,0.00,2,621.66,1,4,4,org.apache.jackrabbit.rmi.client.ClientObject,0.00,6,1,9,0,6,1,1,7,149,1
"org.apache.jackrabbit.rmi.client.ClientObject",8,0.29,2.50,63,0.65,26442.12,9,1,19,17,18,67.42,93,70,8,1,111.55,0.00,0.00,0.75,1,0.00,3,1935.97,0,7,10,java.lang.Object,0.00,9,0,20,12,9,1,0,15,420,1
"org.apache.jackrabbit.rmi.client.ClientProperty",25,0.71,1.36,75,0.76,13856.91,26,1,20,51,7,131.76,124,128,2,2,131.53,0.00,0.50,0.32,3,97.00,2,2265.76,1,7,5,org.apache.jackrabbit.rmi.client.ClientItem,0.00,26,2,34,0,26,18,1,27,561,1
"org.apache.jackrabbit.rmi.client.ClientPropertyDef",5,0.25,1.80,21,0.17,3273.31,6,1,4,10,6,126.47,21,36,2,2,126.23,0.00,0.50,0.80,0,0.00,2,513.29,0,2,4,org.apache.jackrabbit.rmi.client.ClientItemDef,0.00,5,2,9,0,5,3,1,7,130,1
"org.apache.jackrabbit.rmi.client.ClientRepository",7,0.17,1.86,33,0.37,7978.20,8,1,9,13,8,144.94,23,58,2,1,124.33,0.00,0.00,0.86,0,0.00,2,1114.48,0,6,6,org.apache.jackrabbit.rmi.client.ClientObject,0.00,6,1,13,0,6,1,1,9,247,1
"org.apache.jackrabbit.rmi.client.ClientRepositoryFactory",5,0.17,2.00,28,0.33,7806.11,8,3,15,18,3,82.06,64,44,0,1,119.62,0.00,0.00,0.20,1,11.00,4,989.47,0,3,3,java.lang.Object,0.00,13,0,10,0,13,2,1,9,216,1
"org.apache.jackrabbit.rmi.client.ClientSession",30,0.02,2.13,145,1.76,42752.63,32,2,36,73,8,163.42,82,260,2,1,123.53,0.00,0.00,0.48,0,0.00,5,5275.45,0,14,6,org.apache.jackrabbit.rmi.client.ClientObject,0.00,43,1,64,0,43,16,1,33,1128,1
"org.apache.jackrabbit.rmi.client.ClientWorkspace",15,0.18,1.67,59,0.71,16147.48,17,2,25,32,8,169.09,42,113,2,1,129.21,0.00,0.00,0.33,0,1.00,3,2136.62,0,8,6,org.apache.jackrabbit.rmi.client.ClientObject,0.00,17,1,25,0,17,7,1,23,472,1
"org.apache.jackrabbit.rmi.client.LocalAdapterFactory",12,0.00,1.00,13,0.10,445.63,12,0,24,12,27,110.53,106,15,15,1,158.64,0.00,0.00,0.00,0,12.00,1,297.08,0,12,12,,0.00,0,0,12,0,0,0,0,13,100,1
"org.apache.jackrabbit.rmi.client.RemoteRepositoryException",1,0.00,1.00,3,0.02,106.02,1,0,2,1,9,126.90,15,5,9,2,137.25,0.00,0.50,0.00,0,1.00,1,45.51,0,0,0,javax.jcr.RepositoryException,0.00,0,1,1,0,0,1,0,2,16,1
"org.apache.jackrabbit.rmi.client.RemoteRuntimeException",1,0.00,1.00,3,0.02,106.02,1,0,1,1,9,126.90,15,5,9,2,137.25,0.00,0.50,0.00,0,1.00,1,45.51,0,0,0,java.lang.RuntimeException,0.00,0,1,1,0,0,1,0,2,16,1
"org.apache.jackrabbit.core.observation.DispatchAction",3,0.25,1.00,10,0.05,504.44,5,2,1,3,2,85.68,27,14,1,1,135.68,0.00,0.00,0.33,0,5.00,1,154.86,0,1,1,java.lang.Object,0.00,0,0,3,0,0,2,0,6,48,0
"org.apache.jackrabbit.core.observation.EventConsumer",7,0.17,3.71,72,0.96,33163.64,13,6,8,36,13,75.07,94,100,4,1,104.45,0.00,0.00,0.31,0,0.00,8,2891.18,0,2,9,java.lang.Object,0.00,29,0,26,0,29,5,0,24,548,0
"org.apache.jackrabbit.core.observation.EventFilter",4,0.19,3.50,55,0.63,35027.21,13,9,6,17,10,147.39,97,72,4,1,98.11,0.00,0.00,0.25,0,6.00,11,1879.66,0,2,6,java.lang.Object,0.00,13,0,14,1,13,2,0,24,356,0
"org.apache.jackrabbit.core.observation.EventFilter$BlockAllFilter",2,0.00,1.00,5,0.03,264.06,2,0,6,2,2,143.31,8,8,0,2,143.07,0.00,0.50,0.00,0,2.00,1,97.53,0,0,2,org.apache.jackrabbit.core.observation.EventFilter,0.33,0,1,2,0,0,2,0,2,32,3
"org.apache.jackrabbit.core.observation.EventImpl",9,0.06,1.67,47,0.52,15184.30,13,4,7,29,8,77.11,70,66,3,1,119.40,0.00,0.00,0.31,4,0.00,3,1556.36,0,5,5,java.lang.Object,0.00,20,0,15,0,20,4,1,16,345,2
"org.apache.jackrabbit.core.observation.EventListenerIteratorImpl",9,0.06,1.78,44,0.35,7284.61,13,4,7,19,2,93.29,61,61,1,1,125.51,0.00,0.00,0.19,3,21.00,4,1048.79,0,2,1,java.lang.Object,0.00,10,0,16,0,10,7,1,15,251,0
"org.apache.jackrabbit.core.observation.EventState",18,0.00,1.67,90,1.01,31796.38,27,9,4,28,9,70.76,184,178,7,1,119.24,0.00,0.00,0.11,2,130.00,6,3027.32,0,14,2,java.lang.Object,0.00,10,0,30,0,10,4,0,29,672,0
"org.apache.jackrabbit.core.observation.EventStateCollection",6,0.07,3.17,83,1.49,131680.54,12,6,9,43,19,46.52,64,118,8,1,95.00,0.00,0.00,0.22,1,14.00,13,4458.06,0,1,13,java.lang.Object,0.00,37,0,19,0,37,5,0,23,739,2
"org.apache.jackrabbit.core.observation.FilteredEventIterator",9,0.02,1.67,41,0.37,9757.59,15,6,7,19,5,92.30,62,61,1,1,124.52,0.00,0.00,0.19,2,24.00,5,1118.03,0,2,4,java.lang.Object,0.00,10,0,15,0,10,7,1,17,257,0
"org.apache.jackrabbit.core.observation.ObservationManagerFactory",9,0.07,2.11,72,0.82,18463.45,18,9,16,37,12,61.06,81,94,4,1,111.06,0.00,0.00,0.17,2,31.00,4,2465.67,0,3,9,java.lang.Object,0.00,28,0,19,0,28,6,1,24,504,2
"org.apache.jackrabbit.core.observation.ObservationManagerFactory$SessionLocalObservationManager",4,0.00,2.75,50,0.59,30611.01,6,2,16,13,9,49.93,36,83,0,1,99.93,0.00,0.00,0.50,0,0.00,5,1772.94,0,1,9,java.lang.Object,0.00,9,0,11,0,9,3,1,16,326,0
"org.apache.jackrabbit.core.observation.SynchronousEventListener",0,0.00,0.00,1,0.01,31.02,0,0,1,0,0,171.00,8,2,0,2,171.00,0.00,0.50,0.00,0,0.00,0,15.51,0,0,0,,0.00,0,1,0,0,0,0,0,1,6,1
"org.apache.jackrabbit.core.state.orm.ojb.OJBNodeState",13,0.17,1.00,35,0.25,3351.74,17,4,7,16,4,140.78,4,49,1,2,140.78,0.00,0.50,0.10,0,64.00,1,756.73,1,5,3,org.apache.jackrabbit.core.state.orm.ORMNodeState,0.22,3,1,13,0,3,8,1,1,212,1
"org.apache.jackrabbit.core.state.orm.ojb.OJBPersistenceManager",15,0.10,2.47,176,2.58,107172.14,18,3,27,89,17,122.21,47,240,0,2,101.60,0.00,0.50,0.42,0,0.00,8,7728.27,1,3,17,org.apache.jackrabbit.core.state.AbstractPersistenceManager,0.00,74,1,37,0,74,12,0,17,1397,1
"org.apache.jackrabbit.core.state.orm.ojb.ValuesToStringFieldConversion",4,1.00,1.75,23,0.26,9108.29,5,1,5,15,2,168.36,4,29,1,1,118.36,0.00,0.00,0.25,0,6.00,3,789.59,0,2,1,java.lang.Object,0.00,11,0,7,0,11,2,1,1,170,1
"org.apache.jackrabbit.core.state.orm.ORMBlobValue",15,0.06,1.33,48,0.37,9115.44,21,6,1,22,3,131.22,4,72,3,1,131.22,0.00,0.00,0.11,1,90.00,6,1102.76,0,5,0,java.lang.Object,0.00,7,0,20,0,7,10,1,2,278,1
"org.apache.jackrabbit.core.state.orm.ORMChildNodeEntry",17,0.08,1.18,53,0.46,9498.45,23,6,2,28,2,131.53,3,77,2,1,131.53,0.00,0.00,0.09,3,110.00,3,1384.87,0,5,1,java.lang.Object,0.00,11,0,20,0,11,12,2,1,352,1
"org.apache.jackrabbit.core.state.orm.ORMNodeMixinType",12,0.18,1.17,36,0.24,4056.85,16,4,1,15,2,133.25,3,52,2,1,133.25,0.00,0.00,0.08,1,52.00,3,724.78,0,3,1,java.lang.Object,0.00,3,0,14,0,3,9,1,1,199,1
"org.apache.jackrabbit.core.state.orm.ORMNodeParent",12,0.18,1.17,36,0.24,4229.28,16,4,1,15,2,133.11,3,52,2,1,133.11,0.00,0.00,0.08,1,52.00,3,721.61,0,3,1,java.lang.Object,0.00,3,0,14,0,3,9,1,1,199,1
"org.apache.jackrabbit.core.state.orm.ORMNodeReference",12,0.18,1.17,36,0.28,6193.15,16,4,1,17,3,131.80,4,54,3,1,131.80,0.00,0.00,0.08,1,52.00,3,849.40,0,4,0,java.lang.Object,0.00,5,0,14,0,5,8,1,1,226,1
"org.apache.jackrabbit.core.state.orm.ORMNodeState",23,0.11,1.52,102,1.39,44110.85,28,5,14,69,9,122.59,4,130,5,1,122.59,0.00,0.00,0.10,9,142.00,7,4183.23,0,8,8,java.lang.Object,0.00,46,0,35,2,46,15,1,1,812,2
"org.apache.jackrabbit.core.state.orm.ORMPropertyEntry",12,0.18,1.17,36,0.25,4213.71,16,4,2,17,2,133.12,5,52,2,1,133.12,0.00,0.00,0.08,1,52.00,3,760.14,0,3,1,java.lang.Object,0.00,5,0,14,0,5,9,1,1,206,1
"org.apache.jackrabbit.core.state.orm.ORMPropertyState",21,0.03,1.38,81,0.78,17991.00,28,7,10,49,10,130.03,3,113,3,1,130.03,0.00,0.00,0.12,5,182.00,5,2335.61,0,7,7,java.lang.Object,0.00,28,0,29,0,28,14,1,1,532,1
"org.apache.jackrabbit.core.version.persistence.InternalFreezeImpl",2,1.00,1.00,7,0.05,552.69,3,1,3,2,6,183.98,3,10,2,2,133.98,2.00,0.25,0.50,0,2.00,1,142.41,0,1,4,org.apache.jackrabbit.core.version.persistence.InternalVersionItemImpl,0.29,0,1,2,2,0,1,1,1,40,1
"org.apache.jackrabbit.core.version.persistence.InternalFrozenNodeImpl",10,0.04,3.90,111,1.86,129299.78,16,6,19,57,17,49.46,96,155,2,3,99.46,0.00,0.67,0.20,0,58.00,17,5578.39,1,8,16,org.apache.jackrabbit.core.version.persistence.InternalFreezeImpl,0.35,47,2,39,0,47,2,2,31,928,0
"org.apache.jackrabbit.core.version.persistence.InternalFrozenVHImpl",8,0.21,1.25,25,0.23,3463.77,10,2,5,15,10,153.00,28,40,1,3,132.39,0.00,0.67,0.31,1,14.00,2,678.00,1,7,9,org.apache.jackrabbit.core.version.persistence.InternalFreezeImpl,0.40,7,2,10,0,7,1,1,8,175,0
"org.apache.jackrabbit.core.version.persistence.InternalVersionHistoryImpl",22,0.06,2.09,186,2.68,109056.98,30,8,16,79,17,75.82,150,226,3,2,108.04,0.00,0.50,0.18,3,158.00,7,8029.34,1,14,16,org.apache.jackrabbit.core.version.persistence.InternalVersionItemImpl,0.22,57,1,46,0,57,8,2,55,1457,0
"org.apache.jackrabbit.core.version.persistence.InternalVersionImpl",25,0.03,1.76,133,1.37,31588.94,34,9,15,68,14,88.15,151,157,3,2,120.37,0.00,0.50,0.14,5,354.00,3,4115.74,1,12,13,org.apache.jackrabbit.core.version.persistence.InternalVersionItemImpl,0.20,43,1,44,0,43,13,2,42,888,0
"org.apache.jackrabbit.core.version.persistence.InternalVersionItemImpl",5,1.00,1.00,9,0.05,427.54,6,1,2,5,5,123.56,31,12,3,1,155.79,0.00,0.00,0.20,0,8.00,1,142.09,0,4,2,java.lang.Object,0.00,0,0,5,5,0,1,0,7,48,1
"org.apache.jackrabbit.core.version.persistence.NativePVM",22,0.01,2.32,175,2.88,149507.12,43,21,15,89,24,64.98,247,224,4,1,109.10,0.00,0.00,0.05,8,154.00,9,8631.88,0,11,23,java.lang.Object,0.00,67,0,51,0,67,11,2,62,1572,1
"org.apache.jackrabbit.core.version.persistence.NativePVM$PersistentId",5,0.22,1.80,36,0.40,8875.73,13,8,15,10,2,153.64,12,43,0,1,113.75,0.00,0.00,0.30,0,0.00,5,1195.41,0,0,2,java.lang.Object,0.00,5,0,9,0,5,5,0,6,261,3
"org.apache.jackrabbit.core.version.persistence.PersistentNode",26,0.07,2.19,186,2.56,93141.96,29,3,8,76,19,69.02,187,241,6,1,111.31,0.00,0.00,0.40,7,0.00,6,7670.32,0,13,13,java.lang.Object,0.00,50,0,57,0,50,13,0,43,1523,1
"org.apache.jackrabbit.core.state.orm.hibernate.HibernateNodeState",19,0.15,1.00,47,0.31,4012.74,23,4,6,22,4,141.46,4,67,1,2,141.46,0.00,0.50,0.11,0,139.00,1,938.25,1,8,3,org.apache.jackrabbit.core.state.orm.ORMNodeState,0.19,3,1,19,0,3,11,0,1,273,1
"org.apache.jackrabbit.core.state.orm.hibernate.HibernatePersistenceManager",15,0.36,6.67,331,5.27,267303.79,17,2,32,99,18,107.63,49,570,0,2,87.01,0.00,0.50,0.83,0,0.00,12,15812.27,0,3,18,org.apache.jackrabbit.core.state.AbstractPersistenceManager,0.00,84,1,100,0,84,12,0,19,2606,1
"org.apache.jackrabbit.core.jndi.provider.DummyContext",34,0.42,1.41,121,1.23,26112.70,36,2,4,57,2,151.02,113,169,2,2,130.40,0.00,0.50,0.09,14,198.00,3,3702.92,1,21,0,java.util.Hashtable,0.00,23,1,48,0,23,13,2,39,879,0
"org.apache.jackrabbit.core.jndi.provider.DummyContext$BindingEnum",2,0.00,1.00,6,0.05,692.27,2,0,4,5,0,133.21,0,9,0,2,133.21,0.00,0.50,0.00,0,2.00,1,143.20,0,1,0,org.apache.jackrabbit.core.jndi.provider.NamingEnum,0.00,3,1,2,0,3,1,0,0,41,0
"org.apache.jackrabbit.core.jndi.provider.DummyContext$FlatNameParser",1,0.00,1.00,7,0.06,832.71,2,1,4,3,0,137.09,3,10,0,1,116.48,0.00,0.00,1.00,0,0.00,1,180.99,0,1,0,java.lang.Object,0.00,2,0,1,0,2,0,1,1,49,1
"org.apache.jackrabbit.core.jndi.provider.DummyContext$NamingEnum",6,0.20,1.00,17,0.13,1732.88,8,2,4,13,0,140.39,0,24,0,1,140.39,0.00,0.00,0.33,2,6.00,1,398.94,0,2,0,java.lang.Object,0.00,7,0,6,0,7,4,1,0,110,0
"org.apache.jackrabbit.core.jndi.provider.DummyInitialContextFactory",1,0.00,3.00,12,0.15,6408.85,2,1,5,7,2,68.29,6,17,1,1,100.51,0.00,0.00,1.00,0,0.00,3,443.66,0,1,1,java.lang.Object,0.00,6,0,3,0,6,0,1,2,94,1
"org.apache.jackrabbit.core.xml.AbstractSAXEventGenerator",11,0.07,1.73,63,0.80,30985.40,17,6,7,28,7,67.64,102,87,2,1,117.64,0.00,0.00,0.11,6,39.00,8,2396.80,0,0,5,java.lang.Object,0.00,17,0,19,2,17,11,1,28,486,1
"org.apache.jackrabbit.core.xml.DocViewImportHandler",5,0.25,3.60,58,0.95,61601.56,9,4,9,32,7,67.42,34,78,1,2,99.65,0.00,0.50,0.45,1,0.00,11,2859.10,0,0,6,org.xml.sax.helpers.DefaultHandler,0.00,27,1,18,0,27,5,0,15,510,0
"org.apache.jackrabbit.core.xml.DocViewSAXEventGenerator",7,0.00,3.57,96,1.50,112410.96,10,3,17,48,9,46.04,64,134,1,2,96.04,0.00,0.50,0.33,0,4.00,16,4490.02,0,0,9,org.apache.jackrabbit.core.xml.AbstractSAXEventGenerator,0.22,41,1,25,0,41,7,0,39,725,1
"org.apache.jackrabbit.core.xml.ImportHandler",11,0.08,1.91,64,0.84,29869.00,19,8,6,35,8,99.86,59,102,2,2,117.74,0.00,0.50,0.19,0,24.00,7,2525.44,0,0,7,org.xml.sax.helpers.DefaultHandler,0.00,24,1,21,0,24,11,0,27,524,1
"org.apache.jackrabbit.core.xml.SysViewImportHandler",6,0.40,12.17,211,3.86,321553.12,15,9,16,80,12,55.45,89,275,1,2,75.59,0.00,0.50,0.44,1,0.00,32,11574.70,0,0,11,org.xml.sax.helpers.DefaultHandler,0.00,74,1,73,0,74,6,1,68,1814,0
"org.apache.jackrabbit.core.xml.SysViewImportHandler$ImportState",0,0.00,0.00,7,0.05,506.67,6,6,16,0,2,171.00,0,8,0,1,171.00,0.00,0.00,0.00,0,0.00,0,160.00,0,0,2,java.lang.Object,0.00,0,0,0,0,0,0,0,0,40,0
"org.apache.jackrabbit.core.xml.SysViewSAXEventGenerator",7,0.12,2.71,80,1.29,71022.62,15,8,12,34,8,52.27,57,112,2,2,100.38,0.00,0.50,0.23,0,3.00,10,3866.18,0,0,7,org.apache.jackrabbit.core.xml.AbstractSAXEventGenerator,0.22,27,1,19,0,27,7,0,30,657,1
"org.apache.jackrabbit.core.xml.SysViewSAXEventGenerator$Writer",3,0.00,1.33,7,0.07,1447.36,3,0,12,6,0,138.57,2,12,0,1,138.57,0.00,0.00,0.00,0,3.00,2,205.45,0,0,0,java.lang.Object,0.00,3,0,4,0,3,3,0,2,52,0
"org.apache.jackrabbit.init.NodeTestData",2,1.43,2.50,41,0.59,20112.21,9,7,9,22,2,40.74,19,47,1,4,90.74,0.00,0.75,0.86,0,0.00,4,1779.81,1,0,1,org.apache.jackrabbit.test.AbstractJCRTest,0.80,20,3,5,0,20,2,0,12,324,1
"org.apache.jackrabbit.init.PropertyTestData",1,0.00,4.00,22,0.33,10324.63,2,1,7,15,2,40.52,10,27,1,4,89.00,0.00,0.75,1.00,0,0.00,4,982.13,0,0,1,org.apache.jackrabbit.test.AbstractJCRTest,0.00,14,3,4,0,14,1,0,5,175,1
"org.apache.jackrabbit.init.QueryTestData",1,0.00,4.00,27,0.41,20673.72,2,1,4,13,2,45.74,12,32,1,4,83.31,0.00,0.75,1.00,0,0.00,4,1231.03,0,0,1,org.apache.jackrabbit.test.AbstractJCRTest,0.00,12,3,4,0,12,1,0,5,223,1
"org.apache.jackrabbit.init.TestAll",1,0.00,1.00,7,0.06,1740.69,1,0,3,3,3,76.39,12,9,0,2,113.96,0.00,0.50,0.00,0,1.00,1,186.48,0,1,3,junit.framework.TestCase,0.00,2,1,1,0,2,0,0,2,47,1
"org.apache.jackrabbit.rmi.remote.RemoteItem",10,0.00,1.00,11,0.10,626.42,10,0,9,10,14,138.98,59,18,14,2,156.85,0.00,0.50,0.00,0,10.00,1,313.21,0,3,1,,0.00,0,1,10,0,0,7,0,11,98,1
"org.apache.jackrabbit.rmi.remote.RemoteItemDef",6,0.00,1.00,7,0.04,266.84,6,0,2,6,4,115.73,46,8,3,2,158.02,0.00,0.50,0.00,0,6.00,1,133.42,0,1,1,,0.00,0,1,6,0,0,5,0,7,48,1
"org.apache.jackrabbit.rmi.remote.RemoteLock",5,0.00,1.00,6,0.04,245.29,5,0,4,5,9,115.39,37,8,9,2,157.69,0.00,0.50,0.00,0,5.00,1,122.65,0,2,0,,0.00,0,1,5,0,0,3,0,6,43,1
"org.apache.jackrabbit.rmi.remote.RemoteNamespaceRegistry",6,0.00,1.00,7,0.08,525.16,6,0,4,6,9,113.41,44,12,9,2,155.71,0.00,0.50,0.00,0,6.00,1,230.31,0,4,0,,0.00,0,1,6,0,0,2,0,7,70,1
"org.apache.jackrabbit.rmi.remote.RemoteNode",39,0.00,1.00,40,0.52,3310.92,39,0,16,39,18,156.05,186,90,14,2,155.81,0.00,0.50,0.00,0,39.00,1,1552.88,0,18,5,,0.00,0,1,39,0,0,21,0,40,443,1
"org.apache.jackrabbit.rmi.remote.RemoteNodeDef",3,0.00,1.00,4,0.03,169.63,3,0,1,3,14,113.07,33,5,14,2,157.20,0.00,0.50,0.00,0,3.00,1,78.81,0,0,1,,0.00,0,1,3,0,0,3,0,4,28,1
"org.apache.jackrabbit.rmi.remote.RemoteNodeType",16,0.00,1.00,17,0.15,988.33,16,0,3,16,19,139.03,84,18,18,2,156.90,0.00,0.50,0.00,0,16.00,1,441.32,0,8,2,,0.00,0,1,16,0,0,8,0,17,143,1
"org.apache.jackrabbit.rmi.remote.RemoteNodeTypeManager",4,0.00,1.00,5,0.05,321.10,4,0,4,4,10,107.52,40,10,9,2,156.00,0.00,0.50,0.00,0,4.00,1,139.15,0,0,1,,0.00,0,1,4,0,0,4,0,5,44,1
"org.apache.jackrabbit.rmi.remote.RemoteProperty",8,0.00,1.00,9,0.09,590.89,8,0,4,8,13,114.00,62,17,12,2,156.29,0.00,0.50,0.00,0,8.00,1,268.08,0,2,1,,0.00,0,1,8,0,0,6,0,9,83,1
"org.apache.jackrabbit.rmi.remote.RemotePropertyDef",4,0.00,1.00,5,0.03,229.63,4,0,2,4,13,108.67,41,6,13,2,157.15,0.00,0.50,0.00,0,4.00,1,102.81,0,2,0,,0.00,0,1,4,0,0,2,0,5,36,1
"org.apache.jackrabbit.rmi.remote.RemoteRepository",6,0.00,1.00,7,0.08,503.64,6,0,6,6,9,113.56,46,13,8,2,155.85,0.00,0.50,0.00,0,6.00,1,239.07,0,2,1,,0.00,0,1,6,0,0,4,0,7,71,1
"org.apache.jackrabbit.rmi.remote.RemoteSession",25,0.00,1.00,26,0.31,2113.57,25,0,16,25,14,137.95,148,50,11,2,155.82,0.00,0.50,0.00,0,25.00,1,938.45,0,9,3,,0.00,0,1,25,0,0,16,0,26,274,1
"org.apache.jackrabbit.rmi.remote.RemoteWorkspace",9,0.00,1.00,10,0.17,1122.44,9,0,11,9,11,122.27,57,30,9,2,154.49,0.00,0.50,0.00,0,9.00,1,495.82,0,2,2,,0.00,0,1,9,0,0,7,0,10,131,1
"org.apache.jackrabbit.rmi.remote.SerialValue",11,0.10,2.91,84,1.16,54421.35,13,2,20,48,5,77.92,72,126,5,1,110.14,0.00,0.00,0.41,0,0.00,12,3491.96,0,4,0,java.lang.Object,0.00,37,0,32,0,37,7,2,15,650,1
"org.apache.jackrabbit.test.orm.BlobTest",2,0.00,3.00,33,0.48,23806.06,4,2,7,18,2,143.74,3,38,1,4,93.74,0.00,0.75,0.50,0,2.00,5,1429.02,0,0,1,org.apache.jackrabbit.test.AbstractJCRTest,0.00,16,3,6,0,16,2,0,1,243,1
"org.apache.jackrabbit.test.orm.TestAll",1,0.00,1.00,6,0.05,1283.53,1,0,3,3,2,73.37,11,8,0,2,117.50,0.00,0.50,0.00,0,1.00,1,150.40,0,1,2,junit.framework.TestCase,0.00,2,1,1,0,2,0,0,2,39,1
"org.apache.jackrabbit.test.orm.XMLImportSpeedTest",4,0.22,3.25,68,0.93,36955.05,10,6,12,31,2,143.60,5,87,1,4,93.60,0.00,0.75,0.33,2,2.00,5,2799.49,0,0,1,org.apache.jackrabbit.test.AbstractJCRTest,0.00,27,3,13,0,27,4,0,3,502,1
"org.apache.jackrabbit.core.state.obj.BLOBStore",3,0.00,1.00,4,0.04,243.32,3,0,3,3,3,107.86,24,5,1,1,155.97,0.00,0.00,0.00,0,3.00,1,123.66,0,2,2,,0.00,0,0,3,0,0,1,0,4,37,1
"org.apache.jackrabbit.core.state.obj.ObjectPersistenceManager",29,0.10,3.34,432,5.76,281189.81,37,8,13,150,23,54.28,220,540,1,2,96.58,0.00,0.50,0.22,7,129.00,9,17268.20,1,10,22,org.apache.jackrabbit.core.state.AbstractPersistenceManager,0.00,121,1,97,0,121,19,1,116,3130,1
"org.apache.jackrabbit.tck.j.RepositoryServlet",7,0.08,2.71,76,0.98,50891.75,13,6,11,28,3,123.67,27,102,1,2,103.06,0.00,0.50,0.24,2,13.00,10,2942.67,2,3,2,javax.servlet.http.HttpServlet,0.00,21,1,19,0,21,4,0,13,541,1
"org.apache.jackrabbit.core.search.lucene.AbstractIndex",12,0.13,2.25,78,0.72,19127.51,21,9,9,26,2,116.57,10,109,2,1,116.57,0.00,0.00,0.23,3,0.00,7,2164.29,0,4,0,java.lang.Object,0.00,14,0,27,2,14,8,0,2,489,1
"org.apache.jackrabbit.core.search.lucene.ChildAxisQuery",3,2.00,1.00,11,0.07,849.18,5,2,15,4,2,83.90,29,15,2,2,133.89,0.00,0.50,0.00,0,3.00,1,222.61,0,2,0,org.apache.lucene.search.Query,0.00,1,1,3,0,1,1,0,10,62,0
"org.apache.jackrabbit.core.search.lucene.ChildAxisQuery$ChildAxisScorer",8,0.04,1.62,46,0.50,12780.06,12,4,15,25,1,159.47,19,54,0,2,119.59,0.00,0.50,0.28,1,6.00,5,1504.46,0,1,1,org.apache.lucene.search.Scorer,0.00,17,1,13,0,17,7,0,10,316,1
"org.apache.jackrabbit.core.search.lucene.ChildAxisQuery$ChildAxisScorer$HitCollector",1,0.00,1.00,3,0.02,168.11,1,0,15,1,0,185.68,1,4,0,1,135.68,0.00,0.00,0.00,0,0.00,1,63.51,0,0,0,java.lang.Object,0.00,0,0,1,0,0,1,0,1,19,0
"org.apache.jackrabbit.core.search.lucene.ChildAxisQuery$ChildAxisWeight",7,1.00,1.00,16,0.13,1653.59,8,1,15,11,1,141.32,31,24,0,1,141.08,0.00,0.00,0.14,0,12.00,1,384.71,0,3,1,java.lang.Object,0.00,4,0,7,0,4,4,1,11,106,1
"org.apache.jackrabbit.core.search.lucene.DateField",5,0.12,1.80,34,0.43,14282.50,9,4,1,15,2,72.33,36,44,2,1,114.62,0.00,0.00,0.15,2,7.00,5,1285.31,0,3,0,java.lang.Object,0.00,10,0,9,0,10,2,0,11,274,0
"org.apache.jackrabbit.core.search.lucene.DescendantSelfAxisQuery",3,4.00,1.00,14,0.10,1390.97,7,4,14,4,2,83.42,35,18,2,2,127.55,0.00,0.50,0.00,0,3.00,1,310.09,0,2,0,org.apache.lucene.search.Query,0.00,1,1,3,0,1,1,0,12,82,0
"org.apache.jackrabbit.core.search.lucene.DescendantSelfAxisQuery$DescendantSelfAxisScorer",8,0.03,2.12,54,0.64,27298.42,13,5,14,26,1,153.86,23,69,0,2,113.98,0.00,0.50,0.22,3,16.00,7,1905.20,0,1,1,org.apache.lucene.search.Scorer,0.00,18,1,17,0,18,7,0,14,391,1
"org.apache.jackrabbit.core.search.lucene.DescendantSelfAxisQuery$DescendantSelfAxisScorer$HitCollector",1,0.00,1.00,3,0.02,168.11,1,0,14,1,0,185.68,1,4,0,1,135.68,0.00,0.00,0.00,0,0.00,1,63.51,0,0,0,java.lang.Object,0.00,0,0,1,0,0,1,0,1,19,0
"org.apache.jackrabbit.core.search.lucene.DescendantSelfAxisQuery$DescendantSelfAxisScorer$HitCollector_0",1,0.00,1.00,3,0.02,168.11,1,0,14,1,0,135.68,0,4,0,1,135.68,0.00,0.00,0.00,0,0.00,1,63.51,0,0,0,java.lang.Object,0.00,0,0,1,0,0,1,0,0,19,0
"org.apache.jackrabbit.core.search.lucene.DescendantSelfAxisQuery$DescendantSelfAxisWeight",7,1.00,1.00,17,0.15,2225.35,8,1,14,11,1,140.30,31,25,0,1,140.07,0.00,0.00,0.14,0,12.00,1,442.49,0,3,1,java.lang.Object,0.00,4,0,7,0,4,4,1,11,118,1
"org.apache.jackrabbit.core.search.lucene.DoubleField",3,0.25,2.67,30,0.43,23099.17,5,2,0,14,2,103.10,13,39,2,1,102.87,0.00,0.00,0.33,0,4.00,4,1299.83,0,1,0,java.lang.Object,0.00,11,0,8,0,11,2,0,9,256,0
"org.apache.jackrabbit.core.search.lucene.FieldNames",0,0.00,0.00,6,0.07,951.54,5,5,0,0,6,171.00,23,7,6,1,171.00,0.00,0.00,0.00,0,0.00,0,203.90,0,0,0,java.lang.Object,0.00,0,0,0,0,0,0,0,6,48,0
"org.apache.jackrabbit.core.search.lucene.FileSystemDirectory",13,0.22,2.62,78,0.95,26606.40,16,3,11,33,8,83.46,80,123,3,2,115.68,0.00,0.50,0.54,0,0.00,5,2845.78,0,5,5,org.apache.lucene.store.Directory,0.00,20,1,34,0,20,8,0,19,604,0
"org.apache.jackrabbit.core.search.lucene.FileSystemDirectory$Lock",4,0.00,2.00,22,0.20,3895.34,4,0,11,11,2,171.23,4,35,0,1,121.23,0.00,0.00,0.00,0,4.00,3,599.67,0,1,2,java.lang.Object,0.00,7,0,8,0,7,3,0,4,136,0
"org.apache.jackrabbit.core.search.lucene.FileSystemInputStream",6,0.13,3.00,56,0.59,28600.48,9,3,4,12,4,58.08,49,79,2,2,106.19,0.00,0.50,0.44,1,2.00,5,1756.11,1,1,2,org.apache.lucene.store.InputStream,0.00,6,1,18,0,6,5,0,13,365,0
"org.apache.jackrabbit.core.search.lucene.FileSystemOutputStream",5,0.12,1.40,21,0.20,3524.57,7,2,5,13,4,126.04,4,31,1,2,126.04,0.00,0.50,0.40,0,5.00,2,586.87,2,0,3,org.apache.lucene.store.OutputStream,0.00,8,1,7,0,8,5,0,1,147,0
"org.apache.jackrabbit.core.search.lucene.LongField",3,1.00,2.67,28,0.36,19368.12,4,1,0,12,2,105.41,14,38,2,1,105.18,0.00,0.00,0.33,0,4.00,4,1087.53,0,1,0,java.lang.Object,0.00,9,0,8,0,9,2,0,13,223,0
"org.apache.jackrabbit.core.search.lucene.LuceneQueryBuilder",15,0.01,5.00,278,4.27,288029.50,22,7,20,92,31,57.85,90,351,2,1,90.08,0.00,0.00,0.15,0,43.00,20,12807.48,0,14,29,java.lang.Object,0.00,77,0,75,0,77,1,1,49,2173,0
"org.apache.jackrabbit.core.search.lucene.MatchAllQuery",3,1.00,1.33,10,0.08,1056.56,4,1,3,6,2,90.79,23,15,1,2,133.08,0.00,0.50,0.33,0,4.00,2,230.02,0,2,1,org.apache.lucene.search.Query,0.00,3,1,4,0,3,1,0,4,62,0
"org.apache.jackrabbit.core.search.lucene.MatchAllScorer",8,0.02,1.62,45,0.48,14993.03,14,6,7,24,1,76.75,60,67,1,2,119.04,0.00,0.50,0.19,3,24.00,5,1427.41,0,1,0,org.apache.lucene.search.Scorer,0.00,16,1,13,0,16,7,0,16,313,0
"org.apache.jackrabbit.core.search.lucene.MatchAllWeight",7,0.06,1.00,26,0.24,3665.49,13,6,3,14,2,99.57,45,35,1,1,131.79,0.00,0.00,0.21,0,24.00,1,725.93,0,3,1,java.lang.Object,0.00,7,0,7,0,7,4,1,18,183,0
"org.apache.jackrabbit.core.search.lucene.NamespaceMappings",6,0.28,2.67,64,0.85,34190.01,11,5,17,36,10,66.33,76,89,3,1,103.90,0.00,0.00,0.43,2,0.00,4,2540.37,0,3,7,java.lang.Object,0.00,30,0,16,0,30,3,1,19,492,0
"org.apache.jackrabbit.core.search.lucene.NodeIndexer",4,0.00,7.00,95,1.80,140225.75,7,3,18,40,17,73.61,63,163,2,1,83.97,0.00,0.00,0.33,1,4.00,13,5413.21,0,2,15,java.lang.Object,0.00,36,0,28,0,36,2,0,23,882,0
"org.apache.jackrabbit.core.search.lucene.NodeIteratorImpl",10,0.00,1.50,39,0.36,7514.65,15,5,8,19,5,98.24,65,59,2,1,130.46,0.00,0.00,0.20,2,18.00,3,1089.21,0,3,3,java.lang.Object,0.00,9,0,15,0,9,7,1,16,258,0
"org.apache.jackrabbit.core.search.lucene.PersistentIndex",3,1.00,1.00,9,0.10,1141.47,4,1,5,6,4,182.88,4,18,1,2,132.88,0.00,0.50,0.33,0,4.00,1,297.42,1,1,3,org.apache.jackrabbit.core.search.lucene.AbstractIndex,0.13,3,1,3,0,3,2,0,1,76,0
"org.apache.jackrabbit.core.search.lucene.QueryImpl",2,0.60,5.50,64,1.17,83892.84,7,5,16,37,18,117.36,43,76,1,1,78.06,0.00,0.00,0.50,0,2.00,10,3507.67,0,1,18,java.lang.Object,0.00,35,0,11,0,35,1,1,16,550,0
"org.apache.jackrabbit.core.search.lucene.QueryImpl$DefaultQueryNodeVisitor",1,0.00,1.00,4,0.03,474.00,1,0,16,2,1,127.47,0,5,0,1,127.47,0.00,0.00,0.00,0,1.00,1,92.00,0,1,1,java.lang.Object,0.00,1,0,1,0,1,0,0,0,25,0
"org.apache.jackrabbit.core.search.lucene.QueryResultImpl",4,0.39,1.50,29,0.32,9428.14,10,6,9,10,7,80.60,26,38,1,1,112.83,0.00,0.00,0.46,0,2.00,3,965.97,0,3,6,java.lang.Object,0.00,6,0,6,0,6,1,1,11,210,0
"org.apache.jackrabbit.core.search.lucene.RowIteratorImpl",8,0.14,1.00,23,0.17,2073.20,11,3,17,16,9,92.66,66,32,1,1,140.76,0.00,0.00,0.21,1,0.00,1,503.08,0,2,8,java.lang.Object,0.00,8,0,8,0,8,6,1,14,141,0
"org.apache.jackrabbit.core.search.lucene.RowIteratorImpl$RowImpl",3,0.38,5.33,50,0.66,32051.02,7,4,17,22,5,49.85,34,63,0,1,93.97,0.00,0.00,0.50,0,1.00,8,1994.16,0,2,5,java.lang.Object,0.00,19,0,16,0,19,1,1,11,367,0
"org.apache.jackrabbit.core.search.lucene.SearchIndex",13,0.11,2.00,85,1.09,41678.68,20,7,25,48,17,81.98,79,128,1,2,114.21,0.00,0.50,0.24,1,0.00,7,3268.03,3,4,17,org.apache.jackrabbit.core.search.AbstractQueryHandler,0.11,35,1,26,0,35,9,0,28,639,1
"org.apache.jackrabbit.core.search.lucene.VolatileIndex",2,0.00,1.50,13,0.11,3042.86,2,0,4,5,1,166.82,2,14,0,2,116.82,0.00,0.50,0.00,0,2.00,2,320.89,1,0,1,org.apache.jackrabbit.core.search.lucene.AbstractIndex,0.00,3,1,3,0,3,2,0,1,75,0
"org.apache.jackrabbit.core.search.lucene.WildcardQuery",2,0.00,1.00,5,0.04,351.31,2,0,5,3,2,192.09,2,8,1,2,142.09,0.00,0.50,0.00,0,2.00,1,106.33,0,1,1,org.apache.lucene.search.MultiTermQuery,0.00,1,1,2,0,1,1,0,1,32,0
"org.apache.jackrabbit.core.search.lucene.WildcardTermEnum",5,0.08,3.20,54,0.61,38395.62,8,3,5,20,1,152.83,8,71,1,2,102.83,0.00,0.50,0.40,0,6.00,9,1831.94,0,1,0,org.apache.lucene.search.FilteredTermEnum,0.00,15,1,16,0,15,4,0,7,362,0
"org.apache.jackrabbit.core.util.uuid.Bytes",8,0.00,2.38,59,0.79,50837.57,8,0,0,9,1,67.04,61,78,1,1,109.33,0.00,0.00,0.00,1,8.00,9,2379.21,0,0,0,java.lang.Object,0.00,1,0,19,0,1,8,0,9,516,2
"org.apache.jackrabbit.core.util.uuid.Constants",0,0.00,0.00,33,0.42,8853.20,32,32,0,1,2,171.00,114,34,2,1,171.00,0.00,0.00,0.00,0,0.00,0,1267.81,0,0,0,,0.00,1,0,0,0,1,0,0,39,209,1
"org.apache.jackrabbit.core.util.uuid.UUID",21,0.01,2.14,141,1.74,69659.41,29,8,4,54,18,76.51,271,176,16,1,114.07,0.00,0.00,0.14,2,0.00,7,5209.89,0,4,3,java.lang.Object,0.00,33,0,45,0,33,17,3,75,1052,1
"org.apache.jackrabbit.core.util.uuid.VersionFourGenerator",6,0.10,2.17,38,0.38,15041.75,10,4,4,10,3,85.65,80,53,2,1,115.03,0.00,0.00,0.17,1,10.00,7,1127.04,0,4,2,java.lang.Object,0.00,4,0,13,0,4,2,1,23,239,2
"org.apache.jackrabbit.test.api.query.AbstractQueryLevel2Test",4,0.00,1.75,36,0.53,15212.79,4,0,8,18,4,58.98,34,47,2,5,107.08,0.50,0.57,0.00,0,0.00,3,1582.97,0,0,2,org.apache.jackrabbit.test.api.query.AbstractQueryTest,0.00,14,4,7,2,14,4,0,7,312,2
"org.apache.jackrabbit.test.api.query.AbstractQueryTest",9,0.10,2.22,72,0.91,32426.12,14,5,7,35,8,64.99,100,92,5,4,109.12,2.33,0.27,0.11,3,20.00,7,2728.35,1,4,3,org.apache.jackrabbit.test.AbstractJCRTest,0.33,26,3,20,7,26,5,0,17,540,2
"org.apache.jackrabbit.test.api.query.SQLOrderByTest",4,0.00,1.00,20,0.24,4452.21,5,1,1,9,3,70.94,37,25,1,5,120.94,0.00,0.80,1.00,0,0.00,1,732.37,3,0,2,org.apache.jackrabbit.test.api.query.AbstractQueryTest,0.31,5,4,4,0,5,4,0,7,164,1
"org.apache.jackrabbit.test.api.query.SQLQueryLevel2Test",8,0.00,1.75,67,0.75,16070.97,8,0,7,22,4,78.95,55,82,1,6,111.17,0.00,0.83,0.00,3,0.00,4,2263.99,6,0,3,org.apache.jackrabbit.test.api.query.AbstractQueryLevel2Test,0.00,14,5,14,0,14,8,0,18,475,1
"org.apache.jackrabbit.test.api.query.SaveTest",8,0.00,2.50,66,1.03,27605.70,9,1,12,31,3,61.14,66,94,1,4,109.24,0.00,0.75,1.00,0,0.00,5,3097.37,1,0,2,org.apache.jackrabbit.test.AbstractJCRTest,0.36,23,3,20,0,23,8,0,22,585,1
"org.apache.jackrabbit.test.api.query.Statement",3,0.25,1.33,12,0.08,2004.82,5,2,0,4,7,108.36,17,17,7,1,126.23,0.00,0.00,0.33,0,5.00,2,239.93,0,2,0,java.lang.Object,0.00,1,0,4,0,1,1,0,4,65,0
"org.apache.jackrabbit.test.api.query.TestAll",1,0.00,1.00,11,0.11,3828.97,1,0,3,3,7,66.38,12,13,0,2,103.94,0.00,0.50,0.00,0,1.00,1,341.05,0,1,7,junit.framework.TestCase,0.00,2,1,1,0,2,0,0,3,79,1
"org.apache.jackrabbit.test.api.query.XPathDocOrderTest",5,0.00,2.00,46,0.60,13797.34,5,0,6,17,4,60.04,40,50,1,5,108.15,0.00,0.80,0.00,1,0.00,4,1801.35,3,0,3,org.apache.jackrabbit.test.api.query.AbstractQueryTest,0.29,12,4,10,0,12,5,0,7,350,1
"org.apache.jackrabbit.test.api.query.XPathOrderByTest",4,0.00,1.00,21,0.25,4599.49,5,1,1,9,3,72.72,34,26,1,5,120.82,0.00,0.80,1.00,0,0.00,1,741.77,3,0,2,org.apache.jackrabbit.test.api.query.AbstractQueryTest,0.31,5,4,4,0,5,4,0,6,166,1
"org.apache.jackrabbit.test.api.query.XPathPosIndexTest",3,0.00,2.00,23,0.29,7356.34,3,0,6,13,4,64.15,31,29,1,5,112.62,0.00,0.80,0.00,1,2.00,4,859.79,3,0,3,org.apache.jackrabbit.test.api.query.AbstractQueryTest,0.33,10,4,6,0,10,3,0,5,170,1
"org.apache.jackrabbit.test.api.query.XPathQueryLevel2Test",8,0.00,1.75,63,0.79,16544.17,8,0,7,22,4,81.02,54,78,1,6,113.24,0.00,0.83,0.00,3,0.00,4,2364.05,6,0,3,org.apache.jackrabbit.test.api.query.AbstractQueryLevel2Test,0.00,14,5,14,0,14,8,0,18,491,1
"org.apache.jackrabbit.test.api.lock.TestAll",1,0.00,1.00,4,0.03,457.63,1,0,3,2,0,90.03,12,6,0,2,127.59,0.00,0.50,0.00,0,1.00,1,76.45,0,1,0,junit.framework.TestCase,0.00,1,1,1,0,1,0,0,3,23,1
