Name, No. Methods, LCOM, AVCC, NOS, HBUG, HEFF, UWCS, INST, PACK, RFC, CBO, MI, CCML, NLOC, F-IN, DIT, MINC, S-R, R-R, COH, LMC, LCOM2, MAXCC, HVOL, HIER, NQU, FOUT, Superclass, SIX, EXT, NSUP, TCC, NSUB, MPC, NCO, INTR, CCOM, HLTH, MOD
"org.apache.jackrabbit.webdav.version.ActivityResource",0,0.00,0.00,5,0.11,3438.72,4,4,1,1,4,171.00,66,6,2,2,171.00,0.00,0.50,0.00,0,0.00,0,320.95,0,0,2,,0.00,1,1,0,0,1,0,0,5,70,1
"org.apache.jackrabbit.webdav.version.BaselineResource",1,2.00,1.00,4,0.06,1353.17,3,2,3,2,5,74.93,51,5,1,2,123.88,0.00,0.50,0.00,0,1.00,1,183.88,0,1,4,,0.00,1,1,1,0,1,0,0,4,45,1
"org.apache.jackrabbit.webdav.version.DeltaVConstants",0,0.00,0.00,44,0.95,21563.97,43,43,3,1,32,171.00,275,45,29,1,171.00,0.00,0.00,0.00,0,0.00,0,2837.36,0,0,3,,0.00,1,0,0,0,1,0,0,38,428,1
"org.apache.jackrabbit.webdav.version.DeltaVResource",4,2.00,1.00,7,0.06,480.39,6,2,5,4,17,172.76,73,8,11,2,154.62,0.00,0.50,0.00,0,4.00,1,183.94,0,2,7,,0.00,0,1,4,0,0,2,0,8,55,1
"org.apache.jackrabbit.webdav.version.DeltaVServletRequest",6,0.00,1.00,7,0.04,244.95,6,0,3,6,8,110.21,48,8,1,2,158.31,0.00,0.50,0.00,0,6.00,1,125.38,0,5,7,,0.00,0,1,6,0,0,1,0,7,46,1
"org.apache.jackrabbit.webdav.version.LabelInfo",9,0.03,2.11,67,0.79,33295.91,17,8,9,20,17,78.98,61,84,11,1,111.21,0.00,0.00,0.15,0,38.00,5,2377.15,0,2,6,java.lang.Object,0.00,11,0,19,0,11,7,2,7,473,1
"org.apache.jackrabbit.webdav.version.LabelSetProperty",3,0.25,1.33,16,0.15,3326.12,5,2,6,6,6,121.12,12,18,2,2,120.88,0.00,0.50,0.33,0,1.00,2,463.19,1,2,4,org.apache.jackrabbit.webdav.property.AbstractDavProperty,0.00,3,1,4,0,3,1,0,3,106,1
"org.apache.jackrabbit.webdav.version.MergeInfo",8,0.05,2.12,51,0.63,19273.59,11,3,13,30,16,67.06,71,66,8,1,115.17,0.00,0.00,0.38,0,0.00,4,1899.91,0,5,8,java.lang.Object,0.00,22,0,17,0,22,3,2,10,391,1
"org.apache.jackrabbit.webdav.version.OptionsInfo",5,0.25,2.20,31,0.38,9261.60,7,2,13,21,15,67.58,51,39,8,1,116.06,0.00,0.00,0.30,0,10.00,3,1136.76,0,2,7,java.lang.Object,0.00,16,0,11,0,16,3,1,7,241,1
"org.apache.jackrabbit.webdav.version.OptionsResponse",4,0.17,2.50,38,0.59,18664.29,6,2,14,31,12,68.74,49,46,6,1,106.30,0.00,0.00,0.38,0,0.00,4,1763.22,0,3,6,java.lang.Object,0.00,27,0,10,0,27,1,2,5,344,1
"org.apache.jackrabbit.webdav.version.OptionsResponse$Entry",1,3.00,1.00,8,0.07,1245.95,4,3,14,1,1,112.94,0,10,0,1,112.94,0.00,0.00,0.00,0,1.00,1,199.22,0,0,1,java.lang.Object,0.00,0,0,1,0,0,1,0,0,53,2
"org.apache.jackrabbit.webdav.version.SupportedMethodSetProperty",3,0.25,1.33,17,0.18,4242.03,5,2,6,7,4,120.29,12,19,1,2,120.05,0.00,0.50,0.33,0,1.00,2,535.69,1,2,3,org.apache.jackrabbit.webdav.property.AbstractDavProperty,0.00,4,1,4,0,4,1,1,3,119,1
"org.apache.jackrabbit.webdav.version.UpdateInfo",9,0.25,3.33,89,1.29,69739.23,17,8,13,34,16,56.40,77,115,8,1,104.50,0.00,0.00,0.35,0,0.00,8,3868.36,0,7,8,java.lang.Object,0.00,25,0,30,0,25,2,2,13,706,1
"org.apache.jackrabbit.webdav.version.VersionControlledResource",7,16.00,1.00,24,0.51,19334.90,23,16,3,8,16,92.39,294,25,8,2,126.10,0.00,0.50,0.00,0,7.00,1,1526.92,0,3,8,,0.00,1,1,7,0,1,4,0,24,299,1
"org.apache.jackrabbit.webdav.version.VersionHistoryResource",1,3.00,1.00,5,0.08,1613.67,4,3,3,2,15,90.69,41,6,11,2,119.67,0.00,0.50,0.00,0,1.00,1,236.61,0,1,5,,0.00,1,1,1,0,1,0,0,5,55,1
"org.apache.jackrabbit.webdav.version.VersionResource",2,11.00,1.00,14,0.32,11920.17,13,11,2,3,16,159.64,164,15,12,2,109.75,0.00,0.50,0.00,0,2.00,1,962.56,0,0,5,,0.00,1,1,2,0,1,2,0,14,189,1
"org.apache.jackrabbit.webdav.version.VersionableResource",1,1.00,1.00,3,0.02,174.22,2,1,1,1,4,123.49,38,4,3,2,135.55,0.00,0.50,0.00,0,1.00,1,64.62,0,0,1,,0.00,0,1,1,0,0,1,0,3,20,1
"org.apache.jackrabbit.webdav.version.WorkspaceResource",0,0.00,0.00,4,0.08,2307.76,3,3,1,1,3,171.00,61,5,1,2,171.00,0.00,0.50,0.00,0,0.00,0,240.81,0,0,2,,0.00,1,1,0,0,1,0,0,4,54,1
"org.apache.jackrabbit.spi.commons.conversion.CachingNameResolver",4,0.00,1.50,20,0.19,4650.67,6,2,2,9,5,72.22,43,28,1,1,120.69,0.00,0.00,0.50,0,4.00,2,573.35,0,2,4,java.lang.Object,0.00,5,0,6,0,5,2,1,8,140,1
"org.apache.jackrabbit.spi.commons.conversion.CachingPathResolver",4,0.00,1.50,20,0.19,4648.32,6,2,2,9,6,76.57,44,27,1,1,120.70,0.00,0.00,0.50,0,4.00,2,580.76,0,2,5,java.lang.Object,0.00,5,0,6,0,5,2,1,8,141,1
"org.apache.jackrabbit.spi.commons.conversion.DefaultNamePathResolver",9,0.31,1.11,29,0.28,4599.36,11,2,10,21,38,131.85,3,40,22,1,131.85,0.00,0.00,0.22,0,29.00,2,839.91,0,4,16,java.lang.Object,0.00,12,0,10,1,12,5,1,1,210,1
"org.apache.jackrabbit.spi.commons.conversion.DummyNamespaceResolver",2,0.00,1.00,5,0.03,335.40,2,0,2,2,5,94.15,17,8,4,1,142.25,0.00,0.00,0.00,0,2.00,1,85.37,0,2,1,java.lang.Object,0.00,0,0,2,0,0,0,1,3,28,1
"org.apache.jackrabbit.spi.commons.conversion.GenerationalCache",5,0.16,2.40,39,0.45,16199.18,13,8,3,16,2,91.49,71,52,2,1,111.63,0.00,0.00,0.25,1,13.00,6,1347.19,0,1,0,java.lang.Object,0.00,11,0,12,0,11,4,0,14,285,0
"org.apache.jackrabbit.spi.commons.conversion.IllegalNameException",2,0.00,1.00,5,0.03,221.18,2,0,0,2,32,99.55,22,8,31,3,143.68,0.00,0.67,0.00,0,2.00,1,88.69,0,0,1,org.apache.jackrabbit.spi.commons.conversion.NameException,0.00,0,2,2,0,0,2,0,3,29,1
"org.apache.jackrabbit.spi.commons.conversion.MalformedPathException",2,0.00,1.00,5,0.03,221.18,2,0,0,2,48,95.20,21,8,47,3,143.68,0.00,0.67,0.00,0,2.00,1,88.69,0,0,1,org.apache.jackrabbit.spi.commons.conversion.NameException,0.00,0,2,2,0,0,2,0,3,29,1
"org.apache.jackrabbit.spi.commons.conversion.NameException",2,0.00,1.00,5,0.03,221.18,2,0,1,2,64,95.57,16,8,64,2,143.68,2.00,0.25,0.00,0,2.00,1,88.69,0,0,0,javax.jcr.RepositoryException,0.00,0,1,2,2,0,2,0,3,29,1
"org.apache.jackrabbit.spi.commons.conversion.NameParser",3,0.25,13.67,111,1.62,222785.01,9,6,5,15,14,91.68,56,135,8,1,73.55,0.00,0.00,0.33,1,4.00,37,4864.77,0,2,6,java.lang.Object,0.00,12,0,41,0,12,1,0,23,776,1
"org.apache.jackrabbit.spi.commons.conversion.NameParserTest",4,0.25,6.00,163,2.89,161391.57,8,4,10,21,8,24.56,37,170,0,2,74.56,0.00,0.50,0.44,0,2.00,9,8680.65,0,0,8,junit.framework.TestCase,0.00,17,1,24,0,17,4,0,30,1369,1
"org.apache.jackrabbit.spi.commons.conversion.NameParserTest$TestNamespaceResolver",2,0.00,2.00,11,0.16,6808.90,2,0,10,5,0,116.95,0,20,0,1,116.95,0.00,0.00,0.00,0,2.00,2,481.49,0,2,0,java.lang.Object,0.00,3,0,4,0,3,0,1,0,104,1
"org.apache.jackrabbit.spi.commons.conversion.NamePathResolver",0,0.00,0.00,1,0.01,39.30,0,0,0,0,132,171.00,5,2,132,3,171.00,0.00,0.67,0.00,0,0.00,0,19.65,0,0,0,,0.00,0,2,0,0,0,0,0,1,7,1
"org.apache.jackrabbit.spi.commons.conversion.NameResolver",2,0.00,1.00,3,0.02,93.79,2,0,2,2,47,107.84,19,4,45,1,157.84,0.00,0.00,0.00,0,2.00,1,62.53,0,2,2,,0.00,0,0,2,0,0,0,0,3,22,1
"org.apache.jackrabbit.spi.commons.conversion.ParsingNameResolver",3,0.00,1.33,14,0.15,2984.06,5,2,4,8,16,80.74,35,19,10,1,124.87,0.00,0.00,0.50,0,1.00,2,438.87,0,2,6,java.lang.Object,0.00,5,0,4,0,5,1,1,7,105,1
"org.apache.jackrabbit.spi.commons.conversion.ParsingNameResolverTest",4,0.67,2.00,40,0.35,5630.86,5,1,4,13,6,76.52,25,52,0,2,108.74,0.00,0.50,0.50,2,4.00,3,1051.48,0,0,6,junit.framework.TestCase,0.00,9,1,8,0,9,4,0,6,237,1
"org.apache.jackrabbit.spi.commons.conversion.ParsingPathResolver",3,0.00,3.00,30,0.39,21861.03,5,2,3,14,15,58.90,35,35,8,1,103.03,0.00,0.00,0.50,0,1.00,7,1176.73,0,2,7,java.lang.Object,0.00,11,0,9,0,11,1,1,7,229,1
"org.apache.jackrabbit.spi.commons.conversion.ParsingPathResolverTest",4,0.67,2.00,60,0.47,6091.55,5,1,5,13,8,69.69,25,72,0,2,101.91,0.00,0.50,0.50,2,4.00,3,1400.94,0,0,8,junit.framework.TestCase,0.00,9,1,8,0,9,4,0,9,298,1
"org.apache.jackrabbit.spi.commons.conversion.PathParser",3,0.31,16.00,126,2.17,394788.95,11,8,6,20,10,87.63,56,175,2,1,69.50,0.00,0.00,0.33,1,4.00,44,6523.54,0,2,8,java.lang.Object,0.00,17,0,48,0,17,1,0,20,997,1
"org.apache.jackrabbit.spi.commons.conversion.PathParserTest",6,0.40,4.17,148,2.37,139243.81,11,5,9,32,12,134.81,11,146,0,2,84.81,0.00,0.50,0.53,0,0.00,9,7104.61,0,0,12,junit.framework.TestCase,0.00,26,1,25,0,26,6,0,9,1258,1
"org.apache.jackrabbit.spi.commons.conversion.PathResolver",2,0.00,1.00,3,0.02,100.83,2,0,2,2,22,107.59,19,4,19,1,157.59,0.00,0.00,0.00,0,2.00,1,67.22,0,2,3,,0.00,0,0,2,0,0,0,0,3,23,1
"org.apache.jackrabbit.spi.commons.query.xpath.QueryBuilder",4,0.00,1.00,9,0.10,1268.78,4,0,6,7,5,140.31,16,18,0,1,140.07,0.00,0.00,0.00,0,4.00,1,294.46,0,3,5,java.lang.Object,0.00,3,0,4,0,3,1,1,5,78,1
"org.apache.jackrabbit.spi.commons.query.xpath.QueryFormat",18,0.10,5.17,348,5.22,373032.50,21,3,30,90,26,128.82,43,407,3,1,88.93,0.00,0.00,0.43,2,0.00,25,15658.84,0,16,24,java.lang.Object,0.00,72,0,93,0,72,2,2,14,2652,0
"org.apache.jackrabbit.spi.commons.query.xpath.QueryFormat$DefaultQueryNodeVisitor",1,0.00,1.00,4,0.03,474.00,1,0,30,2,1,127.47,0,5,0,1,127.47,0.00,0.00,0.00,0,1.00,1,92.00,0,1,1,java.lang.Object,0.00,1,0,1,0,1,0,0,0,25,0
"org.apache.jackrabbit.spi.commons.query.xpath.SimpleNode",20,0.06,1.45,68,0.59,15165.52,25,5,0,27,3,130.44,17,90,2,1,130.44,0.00,0.00,0.14,3,204.00,4,1780.14,0,5,1,java.lang.Object,0.00,7,0,29,0,7,15,1,6,430,1
"org.apache.jackrabbit.spi.commons.query.xpath.XPathOrderByTest",6,0.40,1.00,45,0.77,13289.30,8,2,13,26,11,113.13,4,53,0,2,113.13,0.00,0.50,0.83,1,0.00,1,2296.14,0,0,11,junit.framework.TestCase,0.00,20,1,6,0,20,6,0,1,446,1
"org.apache.jackrabbit.spi.commons.query.xpath.XPathQueryBuilder",18,0.06,9.78,568,10.84,1149994.87,59,41,38,136,36,86.13,313,750,4,1,77.00,0.00,0.00,0.08,10,66.00,64,32532.51,0,11,33,java.lang.Object,0.00,118,0,176,0,118,7,2,116,4805,1
"org.apache.jackrabbit.spi.commons.query.xpath.XPathQueryBuilder$DefaultQueryNodeVisitor",1,0.00,2.00,7,0.11,2802.00,1,0,38,5,2,112.17,0,11,0,1,112.17,0.00,0.00,0.00,0,0.00,2,318.00,0,1,2,java.lang.Object,0.00,4,0,2,0,4,0,0,0,66,0
"org.apache.jackrabbit.commons.iterator.EventIteratorAdapter",4,1.00,1.00,10,0.08,1359.33,5,1,6,6,2,97.55,29,17,0,2,139.84,0.00,0.50,0.00,0,4.00,1,249.48,1,1,2,org.apache.jackrabbit.commons.iterator.RangeIteratorDecorator,0.00,2,1,4,0,2,3,1,7,71,1
"org.apache.jackrabbit.commons.iterator.EventListenerIteratorAdapter",4,1.00,1.00,10,0.08,1307.38,5,1,6,6,3,97.68,29,17,1,2,139.97,0.00,0.50,0.00,0,4.00,1,239.29,1,1,2,org.apache.jackrabbit.commons.iterator.RangeIteratorDecorator,0.00,2,1,4,0,2,3,1,7,69,1
"org.apache.jackrabbit.commons.iterator.NodeIteratorAdapter",4,1.00,1.00,10,0.08,1359.33,5,1,6,6,10,97.55,29,17,8,2,139.84,0.00,0.50,0.00,0,4.00,1,249.48,1,1,2,org.apache.jackrabbit.commons.iterator.RangeIteratorDecorator,0.00,2,1,4,0,2,3,1,7,71,1
"org.apache.jackrabbit.commons.iterator.NodeTypeIteratorAdapter",4,1.00,1.00,10,0.08,1359.33,5,1,6,6,5,97.55,29,17,3,2,139.84,0.00,0.50,0.00,0,4.00,1,249.48,1,1,2,org.apache.jackrabbit.commons.iterator.RangeIteratorDecorator,0.00,2,1,4,0,2,3,1,7,71,1
"org.apache.jackrabbit.commons.iterator.PropertyIteratorAdapter",4,1.00,1.00,10,0.08,1307.38,5,1,6,6,4,97.68,29,17,2,2,139.97,0.00,0.50,0.00,0,4.00,1,239.29,1,1,2,org.apache.jackrabbit.commons.iterator.RangeIteratorDecorator,0.00,2,1,4,0,2,3,1,7,69,1
"org.apache.jackrabbit.commons.iterator.RangeIteratorAdapter",9,0.06,1.78,45,0.34,8853.83,13,4,5,16,12,73.12,75,63,12,1,121.23,0.00,0.00,0.31,1,8.00,3,1033.45,0,1,0,java.lang.Object,0.00,7,0,16,0,7,8,1,16,249,1
"org.apache.jackrabbit.commons.iterator.RangeIteratorDecorator",7,0.17,1.00,16,0.11,1357.60,8,1,2,13,10,109.53,48,25,10,1,141.76,0.00,0.00,0.86,0,0.00,1,328.05,0,1,0,java.lang.Object,0.00,6,0,7,10,6,6,1,11,98,1
"org.apache.jackrabbit.commons.iterator.RowIteratorAdapter",4,1.00,1.00,10,0.08,1307.38,5,1,6,6,3,97.68,29,17,1,2,139.97,1.00,0.33,0.00,0,4.00,1,239.29,1,1,2,org.apache.jackrabbit.commons.iterator.RangeIteratorDecorator,0.00,2,1,4,1,2,3,1,7,69,1
"org.apache.jackrabbit.commons.iterator.VersionIteratorAdapter",4,1.00,1.00,10,0.08,1307.38,5,1,6,6,2,97.68,29,17,0,2,139.97,0.00,0.50,0.00,0,4.00,1,239.29,1,1,2,org.apache.jackrabbit.commons.iterator.RangeIteratorDecorator,0.00,2,1,4,0,2,3,1,7,69,1
"org.apache.jackrabbit.ocm.manager.objectconverter.impl.AbstractLazyLoader",4,0.00,3.50,33,0.41,18117.18,7,3,6,20,2,58.24,37,45,2,1,108.23,0.00,0.00,0.33,2,4.00,9,1236.85,0,3,0,java.lang.Object,0.00,16,0,14,2,16,1,2,9,243,2
"org.apache.jackrabbit.ocm.manager.objectconverter.impl.BeanLazyLoader",3,0.71,2.00,31,0.30,6508.79,10,7,5,5,5,107.27,0,39,1,2,107.27,0.00,0.50,0.62,1,1.00,3,892.95,1,1,4,org.apache.jackrabbit.ocm.manager.objectconverter.impl.AbstractLazyLoader,0.29,2,1,6,0,2,2,0,0,194,1
"org.apache.jackrabbit.ocm.manager.objectconverter.impl.CollectionLazyLoader",3,0.60,2.00,26,0.25,5231.89,8,5,5,6,5,111.63,0,35,1,2,111.63,0.00,0.50,0.60,1,1.00,3,736.73,1,1,4,org.apache.jackrabbit.ocm.manager.objectconverter.impl.AbstractLazyLoader,0.29,3,1,6,0,3,2,0,0,163,1
"org.apache.jackrabbit.ocm.manager.objectconverter.impl.ObjectConverterImpl",32,0.03,3.94,403,7.18,326645.70,39,7,41,150,28,80.99,168,603,1,1,98.86,0.00,0.00,0.12,18,224.00,15,21526.39,0,7,27,java.lang.Object,0.00,118,0,126,0,118,25,1,48,3774,1
"org.apache.jackrabbit.ocm.manager.objectconverter.impl.OcmProxy",2,0.00,1.00,3,0.01,52.19,2,0,1,2,2,127.62,13,4,2,2,159.84,0.00,0.50,0.00,0,2.00,1,34.09,0,0,0,,0.00,0,1,2,0,0,2,0,3,15,1
"org.apache.jackrabbit.ocm.manager.objectconverter.impl.OcmProxyUtils",3,0.00,1.67,12,0.10,2268.97,3,0,0,5,1,75.76,28,18,0,1,125.76,0.00,0.00,0.00,1,3.00,2,286.14,0,0,1,java.lang.Object,0.00,2,0,5,0,2,3,0,4,75,2
"org.apache.jackrabbit.ocm.manager.objectconverter.impl.ProxyManagerImpl",3,0.00,3.67,20,0.35,13058.95,3,0,12,12,12,113.26,14,31,2,1,113.02,0.00,0.00,0.00,0,3.00,6,1064.83,0,3,10,java.lang.Object,0.00,9,0,11,0,9,0,1,4,212,1
"org.apache.jackrabbit.ocm.manager.objectconverter.impl.SimpleFieldsHelper",11,0.30,5.18,153,2.53,114085.72,14,3,23,61,11,55.15,84,253,2,1,97.45,0.00,0.00,0.06,5,29.00,10,7581.96,0,6,9,java.lang.Object,0.00,50,0,57,0,50,5,0,31,1354,1
"org.apache.jackrabbit.webdav.jcr.lock.JcrActiveLock",12,0.23,1.50,39,0.45,10925.74,14,2,10,27,10,97.58,75,61,2,2,129.81,0.00,0.50,0.29,1,32.00,3,1358.35,0,4,8,org.apache.jackrabbit.webdav.lock.AbstractActiveLock,0.00,15,1,18,0,15,8,2,17,314,1
"org.apache.jackrabbit.webdav.jcr.lock.SessionScopedLockEntry",2,1.00,1.00,6,0.05,693.12,3,1,7,3,6,100.98,12,9,1,2,133.20,0.00,0.50,0.00,0,2.00,1,144.92,0,2,5,org.apache.jackrabbit.webdav.lock.AbstractLockEntry,0.00,1,1,2,0,1,0,0,3,40,1
"org.apache.jackrabbit.rmi.repository.AbstractRemoteRepositoryFactory",3,1.00,1.00,7,0.05,651.65,4,1,5,4,6,91.37,29,12,3,1,141.37,0.00,0.00,0.33,1,4.00,1,164.24,0,2,3,java.lang.Object,0.00,1,0,3,3,1,1,1,5,48,2
"org.apache.jackrabbit.rmi.repository.JNDIRemoteRepository",3,0.00,1.00,7,0.07,644.73,3,0,6,6,4,92.93,32,12,0,3,141.40,0.00,0.67,0.00,0,3.00,1,198.98,0,0,4,org.apache.jackrabbit.commons.repository.ProxyRepository,0.00,3,2,3,0,3,3,0,4,56,1
"org.apache.jackrabbit.rmi.repository.JNDIRemoteRepositoryFactory",2,0.00,2.50,17,0.20,7096.78,4,2,5,6,5,71.58,24,33,2,2,109.15,0.00,0.50,0.50,0,2.00,4,588.79,0,1,3,org.apache.jackrabbit.rmi.repository.AbstractRemoteRepositoryFactory,0.40,4,1,5,0,4,1,0,5,126,1
"org.apache.jackrabbit.rmi.repository.RMIRemoteRepository",2,0.00,1.00,5,0.04,344.94,2,0,3,4,5,98.03,22,8,1,3,142.16,0.00,0.67,0.00,0,2.00,1,116.05,0,0,4,org.apache.jackrabbit.commons.repository.ProxyRepository,0.00,2,2,2,0,2,2,0,3,35,1
"org.apache.jackrabbit.rmi.repository.RMIRemoteRepositoryFactory",2,1.00,3.00,12,0.15,4793.84,3,1,7,4,5,66.63,21,22,2,2,115.11,0.00,0.50,0.50,0,2.00,5,459.98,0,1,3,org.apache.jackrabbit.rmi.repository.AbstractRemoteRepositoryFactory,0.40,2,1,6,0,2,1,0,4,104,1
"org.apache.jackrabbit.rmi.repository.RepositoryFactoryImpl",2,0.00,3.50,20,0.21,5829.81,4,2,5,6,4,63.84,15,31,1,1,106.13,0.00,0.00,0.50,1,2.00,4,617.61,0,2,3,java.lang.Object,0.00,4,0,7,0,4,0,1,6,136,1
"org.apache.jackrabbit.rmi.repository.URLRemoteRepository",3,0.00,1.00,7,0.06,533.15,3,0,5,6,4,93.58,30,11,0,3,142.05,0.00,0.67,0.00,0,3.00,1,169.83,0,0,4,org.apache.jackrabbit.commons.repository.ProxyRepository,0.00,3,2,3,0,3,3,0,4,50,1
"org.apache.jackrabbit.rmi.repository.URLRemoteRepositoryFactory",2,1.00,3.00,19,0.24,11468.48,3,1,6,9,5,57.08,20,39,2,2,105.55,0.00,0.50,0.50,0,2.00,5,734.95,0,1,3,org.apache.jackrabbit.rmi.repository.AbstractRemoteRepositoryFactory,0.40,7,1,6,0,7,1,0,4,147,1
"org.apache.jackrabbit.ocm.testmodel.auto.impl.Node",0,0.00,0.00,1,0.04,622.91,0,0,2,0,0,171.00,6,4,0,2,171.00,0.00,0.50,0.00,0,0.00,0,114.20,0,0,0,CmsObjectImpl,0.00,0,1,0,0,0,0,1,1,26,2
"org.apache.jackrabbit.core.data.db.DatabaseHelper",3,0.00,3.00,17,0.17,3137.23,4,1,6,8,2,121.13,12,30,2,1,120.90,0.00,0.00,1.00,0,0.00,3,503.37,0,0,0,java.lang.Object,0.00,5,0,9,0,5,3,0,4,117,1
"org.apache.jackrabbit.core.data.db.DbDataRecord",4,0.22,1.00,17,0.14,2218.56,7,3,4,6,5,127.17,19,22,1,2,126.93,0.00,0.50,0.50,0,0.00,1,429.76,1,1,5,org.apache.jackrabbit.core.data.AbstractDataRecord,0.00,2,1,4,0,2,3,0,5,110,1
"org.apache.jackrabbit.core.data.db.DbDataStore",41,0.03,2.15,361,4.89,261986.00,75,34,31,118,16,59.06,357,482,6,1,107.17,0.00,0.00,0.05,10,949.00,15,14658.83,0,18,13,java.lang.Object,0.00,77,0,88,0,77,23,1,88,2544,1
"org.apache.jackrabbit.core.data.db.DbInputStream",13,0.04,2.38,85,0.70,15751.08,19,6,9,29,6,117.73,62,121,2,2,117.49,0.00,0.50,0.21,3,0.00,5,2099.01,0,0,5,org.apache.commons.io.input.AutoCloseInputStream,0.00,16,1,31,0,16,13,0,16,478,1
"org.apache.jackrabbit.core.data.db.Pool",4,0.17,1.75,22,0.21,4695.60,8,4,3,13,1,78.33,28,31,1,1,120.63,0.00,0.00,0.38,0,2.00,4,639.77,0,2,1,java.lang.Object,0.00,9,0,7,0,9,2,0,5,149,1
"org.apache.jackrabbit.core.data.db.TempFileInputStream",12,0.32,1.42,43,0.37,6556.52,14,2,10,27,2,181.56,18,61,2,2,131.57,0.00,0.50,0.21,2,28.00,2,1114.18,0,0,0,org.apache.commons.io.input.AutoCloseInputStream,0.00,15,1,17,0,15,12,0,3,279,1
"org.apache.jackrabbit.test.api.util.TestAll",1,0.00,1.00,4,0.03,457.63,1,0,3,2,2,90.03,12,6,2,2,127.59,0.00,0.50,0.00,0,1.00,1,76.45,0,1,0,junit.framework.TestCase,0.00,1,1,1,0,1,0,0,3,23,1
"org.apache.jackrabbit.ocm.testmodel.interfaces.Node",0,0.00,0.00,1,0.01,99.66,0,0,1,0,0,171.00,0,4,0,1,171.00,0.00,0.00,0.00,0,0.00,0,33.22,0,0,0,,0.00,0,0,0,0,0,0,0,0,10,1
"org.apache.jackrabbit.core.persistence.obj.ObjectPersistenceManager",19,0.21,3.37,247,3.21,134535.87,27,8,29,76,20,99.09,78,340,0,2,98.85,1.00,0.33,0.32,4,0.00,8,9644.42,1,7,20,org.apache.jackrabbit.core.persistence.AbstractPersistenceManager,0.00,57,1,64,1,57,12,0,34,1781,1
"org.apache.jackrabbit.ocm.query.impl.FilterImpl",29,0.07,1.38,133,1.51,37840.04,37,8,9,44,7,163.82,66,200,2,1,123.93,0.00,0.00,0.06,5,198.00,3,4530.75,0,24,5,java.lang.Object,0.00,15,0,40,0,15,5,1,22,1018,1
"org.apache.jackrabbit.ocm.query.impl.QueryImpl",9,0.16,1.33,27,0.28,4669.10,13,4,6,14,6,152.37,28,54,2,1,131.76,0.00,0.00,0.11,2,26.00,3,839.99,0,3,4,java.lang.Object,0.00,5,0,12,0,5,6,1,11,215,1
"org.apache.jackrabbit.ocm.query.impl.QueryManagerImpl",6,0.05,2.17,48,0.73,23094.07,10,4,12,32,9,158.90,7,69,1,1,108.90,0.00,0.00,0.29,3,0.00,4,2193.59,0,5,9,java.lang.Object,0.00,26,0,13,0,26,1,1,7,427,1
"org.apache.jackrabbit.core.query.lucene.AbstractExcerpt",7,0.04,3.43,102,1.43,85557.95,11,4,23,57,10,45.78,66,138,4,1,95.78,0.00,0.00,0.29,3,7.00,9,4286.16,0,5,6,java.lang.Object,0.00,50,0,24,4,50,2,1,26,751,2
"org.apache.jackrabbit.core.query.lucene.AbstractExcerpt$TermPositionVector",8,0.43,1.50,34,0.34,10255.97,9,1,23,13,0,123.97,0,40,0,1,123.97,0.00,0.00,0.62,0,0.00,2,1005.34,0,3,0,java.lang.Object,0.00,5,0,12,0,5,5,0,0,240,0
"org.apache.jackrabbit.core.query.lucene.AbstractIndex",23,0.05,3.17,232,2.59,105708.15,39,16,17,91,12,54.59,208,307,2,1,104.59,0.00,0.00,0.11,11,199.00,9,7767.57,0,6,10,java.lang.Object,0.00,68,0,73,2,68,17,0,67,1527,1
"org.apache.jackrabbit.core.query.lucene.AbstractIndex$DynamicPooledExecutor.Command",1,0.00,1.00,5,0.05,925.46,1,0,17,4,0,121.57,0,6,0,1,121.57,0.00,0.00,0.00,0,1.00,1,156.06,0,1,0,java.lang.Object,0.00,3,0,1,0,3,0,0,0,38,0
"org.apache.jackrabbit.core.query.lucene.AbstractIndex$LoggingPrintStream",3,0.50,1.00,10,0.08,928.25,4,1,17,8,0,133.59,2,17,0,2,133.59,0.00,0.50,0.67,0,1.00,1,239.79,0,0,0,java.io.PrintStream,0.00,5,1,3,0,5,3,0,2,65,3
"org.apache.jackrabbit.core.query.lucene.AbstractIndex$LoggingPrintStream$OutputStream",1,0.00,1.00,2,0.01,41.48,1,0,17,1,0,147.03,0,0,0,1,147.03,0.00,0.00,0.00,0,1.00,1,27.65,0,0,0,java.lang.Object,0.00,0,0,1,0,0,1,0,0,11,0
"org.apache.jackrabbit.core.query.lucene.AbstractNamespaceMappings",3,0.50,1.67,12,0.12,2265.88,4,1,6,7,9,93.54,18,22,2,1,125.76,0.00,0.00,0.67,0,1.00,2,363.78,0,2,7,java.lang.Object,0.00,4,0,5,2,4,1,2,9,88,2
"org.apache.jackrabbit.core.query.lucene.AbstractQueryHits",3,0.00,1.67,8,0.06,831.12,3,0,1,4,6,90.42,27,14,5,1,140.42,0.00,0.00,0.00,0,3.00,3,174.03,0,0,1,java.lang.Object,0.00,1,0,5,4,1,3,1,4,48,2
"org.apache.jackrabbit.core.query.lucene.AbstractQueryImpl",8,0.06,1.12,28,0.26,4403.16,15,7,12,15,9,83.12,82,40,4,1,131.59,0.00,0.00,0.09,0,24.00,2,787.02,0,2,6,java.lang.Object,0.00,7,0,9,2,7,6,1,16,189,2
"org.apache.jackrabbit.core.query.lucene.AbstractWeight",3,1.00,2.00,27,0.29,21786.43,4,1,5,7,5,54.84,27,28,3,1,104.84,0.00,0.00,0.33,1,4.00,4,870.41,0,2,2,java.lang.Object,0.00,4,0,6,3,4,1,1,5,177,1
"org.apache.jackrabbit.core.query.lucene.AggregateRule",3,0.00,1.00,4,0.03,214.15,3,0,4,3,7,118.84,37,8,4,1,156.40,0.00,0.00,0.00,0,3.00,1,97.22,0,3,3,,0.00,0,0,3,0,0,0,0,4,33,1
"org.apache.jackrabbit.core.query.lucene.AggregateRuleImpl",8,0.05,3.62,114,1.54,58625.10,14,6,26,41,18,59.95,103,132,1,1,97.51,0.00,0.00,0.21,1,20.00,6,4629.35,0,5,17,java.lang.Object,0.00,33,0,29,0,33,3,1,18,861,0
"org.apache.jackrabbit.core.query.lucene.AggregateRuleImpl$AbstractInclude",3,0.25,4.33,47,0.64,28868.35,5,2,26,18,6,85.07,47,61,0,1,95.42,0.00,0.00,0.67,1,1.00,6,1922.90,0,1,6,java.lang.Object,0.00,15,0,13,0,15,2,0,16,354,2
"org.apache.jackrabbit.core.query.lucene.AggregateRuleImpl$NodeInclude",2,0.00,1.00,7,0.07,1439.74,2,0,26,5,4,82.60,16,10,0,2,130.70,0.00,0.50,0.00,1,2.00,1,221.92,0,1,4,org.apache.jackrabbit.core.query.lucene.AbstractInclude,0.00,3,1,2,0,3,1,0,2,58,2
"org.apache.jackrabbit.core.query.lucene.AggregateRuleImpl$PropertyInclude",2,1.00,2.00,18,0.23,5504.89,3,1,26,14,6,108.39,8,23,0,2,108.16,0.00,0.50,0.50,0,2.00,3,689.98,0,1,6,org.apache.jackrabbit.core.query.lucene.AbstractInclude,0.00,12,1,4,0,12,1,0,1,142,2
"org.apache.jackrabbit.core.query.lucene.CachingIndexReader",7,0.06,3.57,90,1.20,51928.73,15,8,20,42,11,99.50,115,128,4,2,99.97,0.00,0.50,0.18,2,34.00,10,3593.54,2,2,8,org.apache.lucene.index.FilterIndexReader,0.00,35,1,25,0,35,5,0,39,666,0
"org.apache.jackrabbit.core.query.lucene.CachingIndexReader$CacheInitializer",5,0.08,3.60,68,0.85,40000.00,8,3,20,30,2,50.31,44,103,0,1,98.42,0.00,0.00,0.40,2,0.00,7,2546.45,0,0,2,java.lang.Object,0.00,25,0,18,0,25,5,1,14,460,1
"org.apache.jackrabbit.core.query.lucene.CachingIndexReader$CacheInitializer$TermDocsCollector",1,0.00,2.00,6,0.09,1672.06,1,0,20,8,1,116.43,0,8,0,1,116.43,0.00,0.00,0.00,0,1.00,2,267.60,0,0,1,java.lang.Object,0.00,7,0,2,0,7,1,0,0,58,0
"org.apache.jackrabbit.core.query.lucene.CachingIndexReader$CacheInitializer$TermDocsCollector_0",1,0.00,2.00,9,0.12,2749.08,1,0,20,8,1,108.16,0,11,0,1,108.16,0.00,0.00,0.00,0,1.00,2,369.66,0,0,1,java.lang.Object,0.00,7,0,2,0,7,1,0,0,77,0
"org.apache.jackrabbit.core.query.lucene.CachingIndexReader$NodeInfo",1,3.00,1.00,7,0.05,632.75,4,3,20,1,1,117.42,0,9,0,1,117.42,0.00,0.00,0.00,0,1.00,1,139.81,0,0,1,java.lang.Object,0.00,0,0,1,0,0,1,0,0,39,2
"org.apache.jackrabbit.core.query.lucene.CachingIndexReader$TermDocsCollector_1",1,0.00,1.00,2,0.01,64.83,1,0,20,1,0,103.21,7,3,0,1,145.50,0.00,0.00,0.00,0,1.00,1,43.22,0,0,0,,0.00,0,0,1,0,0,1,0,1,15,1
"org.apache.jackrabbit.core.query.lucene.CachingMultiIndexReader",11,0.10,2.36,97,1.19,59818.13,16,5,8,39,14,59.59,88,120,5,2,107.70,0.00,0.50,0.29,2,17.00,6,3578.19,1,2,9,org.apache.lucene.index.MultiReader,0.00,28,1,26,0,28,9,2,30,713,2
"org.apache.jackrabbit.core.query.lucene.CachingMultiIndexReader$OffsetReader",1,2.00,1.00,6,0.04,488.07,3,2,8,1,1,83.24,12,8,0,1,120.80,0.00,0.00,0.00,0,1.00,1,128.00,0,0,1,java.lang.Object,0.00,0,0,1,0,0,1,0,3,37,3
"org.apache.jackrabbit.core.query.lucene.CaseTermQuery",2,1.00,1.00,10,0.09,1352.89,3,1,11,3,4,104.77,11,13,3,2,122.64,2.00,0.25,0.00,0,2.00,1,265.13,0,1,1,org.apache.lucene.search.MultiTermQuery,0.00,1,1,2,2,1,1,1,3,67,1
"org.apache.jackrabbit.core.query.lucene.CaseTermQuery$CaseTermEnum",4,0.11,2.75,59,0.97,81932.38,7,3,11,40,3,114.68,15,77,0,2,94.06,0.00,0.50,0.25,0,6.00,8,2916.03,0,0,3,org.apache.lucene.search.FilteredTermEnum,0.00,36,1,11,0,36,4,0,15,480,2
"org.apache.jackrabbit.core.query.lucene.CaseTermQuery$CaseTermEnum$TermEnum",5,0.25,1.40,14,0.11,1552.38,6,1,11,9,0,140.07,1,21,0,1,140.07,0.00,0.00,0.80,1,0.00,2,324.73,0,1,0,java.lang.Object,0.00,4,0,7,0,4,4,0,1,88,0
"org.apache.jackrabbit.core.query.lucene.CaseTermQuery$Lower",1,0.00,1.00,3,0.02,110.15,1,0,11,1,1,137.12,0,5,0,3,137.12,0.00,0.67,0.00,0,0.00,1,52.46,0,0,1,org.apache.jackrabbit.core.query.lucene.CaseTermQuery,0.00,0,2,1,0,0,1,0,0,18,2
"org.apache.jackrabbit.core.query.lucene.CaseTermQuery$Upper",1,0.00,1.00,3,0.02,110.15,1,0,11,1,1,137.12,0,5,0,3,137.12,0.00,0.67,0.00,0,0.00,1,52.46,0,0,1,org.apache.jackrabbit.core.query.lucene.CaseTermQuery,0.00,0,2,1,0,0,1,0,0,18,2
"org.apache.jackrabbit.core.query.lucene.ChildAxisQuery",11,0.04,1.64,70,0.76,20383.08,21,10,34,29,24,67.65,116,103,3,2,116.13,0.00,0.50,0.14,1,18.00,6,2273.86,0,6,21,org.apache.lucene.search.Query,0.00,18,1,18,0,18,5,1,32,477,0
"org.apache.jackrabbit.core.query.lucene.ChildAxisQuery$ChildAxisScorer",8,0.04,2.75,72,0.95,51844.02,12,4,34,26,10,72.93,49,106,0,2,105.16,0.00,0.50,0.28,2,14.00,12,2842.61,0,1,10,org.apache.lucene.search.Scorer,0.00,18,1,22,0,18,7,0,22,536,1
"org.apache.jackrabbit.core.query.lucene.ChildAxisQuery$ChildAxisScorer$HitCollector",1,0.00,1.00,3,0.02,233.39,1,0,34,2,0,134.55,0,4,0,1,134.55,0.00,0.00,0.00,0,1.00,1,74.42,0,0,0,java.lang.Object,0.00,1,0,1,0,1,1,0,0,21,0
"org.apache.jackrabbit.core.query.lucene.ChildAxisQuery$ChildAxisScorer$HitCollector_0",1,0.00,4.00,14,0.17,4565.35,2,1,34,9,0,139.00,2,16,0,1,99.11,0.00,0.00,1.00,0,0.00,4,498.14,0,0,0,java.lang.Object,0.00,8,0,4,0,8,1,0,2,101,0
"org.apache.jackrabbit.core.query.lucene.ChildAxisQuery$ChildAxisWeight",7,1.00,1.14,18,0.18,3200.51,8,1,34,13,3,139.03,33,28,0,1,138.79,0.00,0.00,0.14,0,12.00,2,527.64,0,3,3,java.lang.Object,0.00,6,0,8,0,6,4,1,8,132,1
"org.apache.jackrabbit.core.query.lucene.ChildAxisQuery$ChildrenCalculator",3,2.00,1.00,8,0.06,715.65,5,2,34,3,2,98.76,22,11,0,1,141.05,0.00,0.00,0.00,0,3.00,1,180.64,0,1,2,java.lang.Object,0.00,0,0,3,0,0,2,0,5,53,2
"org.apache.jackrabbit.core.query.lucene.ChildAxisQuery$HierarchyResolvingChildrenCalculator",3,0.50,1.67,19,0.22,5881.61,4,1,34,13,4,98.06,15,24,0,2,115.93,0.00,0.50,0.67,0,1.00,3,669.23,0,1,4,org.apache.jackrabbit.core.query.lucene.ChildrenCalculator,0.00,10,1,5,0,10,2,0,4,141,2
"org.apache.jackrabbit.core.query.lucene.ChildAxisQuery$SimpleChildrenCalculator",3,1.00,3.00,40,0.61,30399.31,4,1,34,26,10,65.43,19,48,0,2,97.65,0.00,0.50,0.33,0,5.00,7,1832.94,0,1,10,org.apache.jackrabbit.core.query.lucene.ChildrenCalculator,0.00,23,1,9,0,23,2,0,8,308,2
"org.apache.jackrabbit.core.query.lucene.ChildNodesQueryHits",4,0.22,2.50,31,0.27,7090.84,7,3,4,10,8,65.58,33,44,2,2,113.68,0.00,0.50,0.50,1,0.00,4,811.64,0,1,6,org.apache.jackrabbit.core.query.lucene.AbstractQueryHits,0.29,6,1,10,0,6,3,0,9,182,1
"org.apache.jackrabbit.core.query.lucene.CloseableHits",3,0.00,1.00,4,0.02,82.26,3,0,1,3,0,127.45,19,5,0,1,159.68,0.00,0.00,0.00,0,3.00,1,57.51,0,0,0,,0.00,0,0,3,0,0,3,0,4,23,1
"org.apache.jackrabbit.core.query.lucene.CommittableIndexReader",3,0.00,1.00,10,0.06,658.19,4,1,4,4,3,86.66,24,14,3,2,134.77,0.00,0.50,1.00,0,0.00,1,185.77,1,0,0,org.apache.lucene.index.FilterIndexReader,0.00,1,1,3,0,1,3,0,7,53,0
"org.apache.jackrabbit.core.query.lucene.ComparableBoolean",3,0.00,2.00,11,0.13,3010.34,6,3,0,4,3,179.41,4,15,3,1,129.41,0.00,0.00,0.33,0,5.00,3,392.45,0,1,0,java.lang.Object,0.00,1,0,6,0,1,2,1,1,96,2
"org.apache.jackrabbit.core.query.lucene.ConsistencyCheck",6,0.12,5.00,119,1.75,140166.95,11,5,16,51,13,59.15,80,141,2,1,88.53,0.00,0.00,0.30,0,6.00,13,5251.58,0,3,11,java.lang.Object,0.00,45,0,30,0,45,3,0,23,890,0
"org.apache.jackrabbit.core.query.lucene.ConsistencyCheck$MissingAncestor",3,1.00,2.00,19,0.27,9320.94,4,1,16,9,5,154.20,8,27,0,2,114.31,0.00,0.50,0.33,0,4.00,4,802.27,0,0,5,org.apache.jackrabbit.core.query.lucene.ConsistencyCheckError,0.57,6,1,6,0,6,3,0,2,161,1
"org.apache.jackrabbit.core.query.lucene.ConsistencyCheck$MultipleEntries",3,0.00,1.67,15,0.19,4729.35,3,0,16,8,5,140.24,11,22,0,2,119.63,0.00,0.50,0.00,0,4.00,3,576.96,0,0,5,org.apache.jackrabbit.core.query.lucene.ConsistencyCheckError,0.57,5,1,5,0,5,3,0,4,121,1
"org.apache.jackrabbit.core.query.lucene.ConsistencyCheck$NodeDeleted",3,0.00,1.00,8,0.06,546.87,3,0,16,3,2,181.85,8,12,0,2,141.97,0.00,0.50,0.00,0,4.00,1,172.60,0,0,2,org.apache.jackrabbit.core.query.lucene.ConsistencyCheckError,0.57,0,1,3,0,0,3,0,2,50,1
"org.apache.jackrabbit.core.query.lucene.ConsistencyCheck$UnknownParent",3,0.00,1.00,7,0.06,591.07,3,0,16,3,2,181.59,7,11,0,2,141.70,0.00,0.50,0.00,0,4.00,1,174.04,0,0,2,org.apache.jackrabbit.core.query.lucene.ConsistencyCheckError,0.57,0,1,3,0,0,3,0,2,50,1
"org.apache.jackrabbit.core.query.lucene.ConsistencyCheckError",4,0.50,1.00,10,0.06,584.03,6,2,2,4,7,124.85,21,13,6,1,142.73,0.00,0.00,0.12,0,6.00,1,176.34,0,1,1,java.lang.Object,0.00,0,0,4,4,0,3,0,6,55,1
"org.apache.jackrabbit.core.query.lucene.DateField",5,0.12,1.80,34,0.43,14324.50,9,4,1,15,4,72.32,36,44,4,1,114.61,0.00,0.00,0.15,2,7.00,5,1290.31,0,3,0,java.lang.Object,0.00,10,0,9,0,10,2,0,11,275,1
"org.apache.jackrabbit.core.query.lucene.DefaultHTMLExcerpt",1,0.00,1.00,3,0.06,906.92,1,0,2,2,3,100.53,13,10,1,2,129.91,0.00,0.50,0.00,0,1.00,1,181.93,0,1,2,org.apache.jackrabbit.core.query.lucene.AbstractExcerpt,0.00,1,1,1,0,1,0,0,2,41,1
"org.apache.jackrabbit.core.query.lucene.DefaultHighlighter",6,0.00,7.67,194,3.10,617075.01,14,8,12,52,5,45.54,82,265,4,1,74.92,0.00,0.00,0.12,3,10.00,35,9302.76,0,5,1,java.lang.Object,0.00,46,0,46,1,46,1,0,24,1473,1
"org.apache.jackrabbit.core.query.lucene.DefaultHighlighter$FragmentInfo",7,0.27,1.43,35,0.28,5012.68,12,5,12,14,0,122.36,0,46,0,1,122.36,0.00,0.00,0.43,0,0.00,3,842.82,0,1,0,java.lang.Object,0.00,7,0,10,0,7,6,0,0,200,2
"org.apache.jackrabbit.core.query.lucene.DefaultHighlighter$FragmentInfoPositionSorter",2,0.00,2.00,9,0.10,3308.36,2,0,12,3,0,123.04,0,14,0,1,123.04,0.00,0.00,0.00,0,2.00,3,299.01,0,0,0,java.lang.Object,0.00,1,0,4,0,1,2,1,0,71,2
"org.apache.jackrabbit.core.query.lucene.DefaultHighlighter$FragmentInfoScoreSorter",2,0.00,2.50,9,0.13,6309.90,2,0,12,4,0,120.78,0,14,0,1,120.78,0.00,0.00,0.00,0,2.00,4,390.19,0,0,0,java.lang.Object,0.00,2,0,5,0,2,2,1,0,90,2
"org.apache.jackrabbit.core.query.lucene.DefaultHighlighter$TermVectorOffsetInfoSorter",2,0.00,2.00,9,0.10,3308.36,2,0,12,3,0,123.04,0,14,0,1,123.04,0.00,0.00,0.00,0,2.00,3,299.01,0,0,0,java.lang.Object,0.00,1,0,4,0,1,2,1,0,71,2
"org.apache.jackrabbit.core.query.lucene.DefaultQueryHits",3,0.25,1.33,13,0.09,1391.20,5,2,3,7,3,85.19,22,18,1,2,127.48,0.00,0.50,0.33,0,5.00,2,284.65,0,0,2,org.apache.jackrabbit.core.query.lucene.AbstractQueryHits,0.33,4,1,4,0,4,3,0,6,77,1
"org.apache.jackrabbit.core.query.lucene.DefaultXMLExcerpt",1,0.00,1.00,3,0.05,775.69,1,0,2,2,2,120.09,15,10,0,2,130.45,0.00,0.50,0.00,0,1.00,1,142.89,0,1,2,org.apache.jackrabbit.core.query.lucene.AbstractExcerpt,0.00,1,1,1,0,1,0,0,2,35,1
"org.apache.jackrabbit.core.query.lucene.DerefQuery",5,0.00,1.20,27,0.24,3851.29,12,7,17,8,6,84.59,64,35,3,2,122.15,0.00,0.50,0.14,0,8.00,2,718.08,0,3,3,org.apache.lucene.search.Query,0.00,3,1,6,0,3,2,0,18,169,0
"org.apache.jackrabbit.core.query.lucene.DerefQuery$DerefScorer",7,0.04,2.29,56,0.65,31934.02,11,4,17,30,1,76.09,43,66,0,2,108.31,0.00,0.50,0.29,1,7.00,10,1951.66,0,1,1,org.apache.lucene.search.Scorer,0.00,23,1,16,0,23,6,0,17,368,1
"org.apache.jackrabbit.core.query.lucene.DerefQuery$DerefScorer$HitCollector",1,0.00,1.00,3,0.02,168.11,1,0,17,1,0,135.68,0,4,0,1,135.68,0.00,0.00,0.00,0,0.00,1,63.51,0,0,0,java.lang.Object,0.00,0,0,1,0,0,1,0,0,19,0
"org.apache.jackrabbit.core.query.lucene.DerefQuery$DerefScorer$HitCollector_0",1,0.00,1.00,3,0.02,168.11,1,0,17,2,0,135.68,0,4,0,1,135.68,0.00,0.00,0.00,0,1.00,1,63.51,0,0,0,java.lang.Object,0.00,1,0,1,0,1,1,0,0,19,0
"org.apache.jackrabbit.core.query.lucene.DerefQuery$DerefWeight",7,1.00,1.14,18,0.17,3015.11,8,1,17,13,2,139.23,33,27,0,1,139.00,0.00,0.00,0.14,0,12.00,2,510.33,0,3,2,java.lang.Object,0.00,6,0,8,0,6,4,1,8,129,1
"org.apache.jackrabbit.core.query.lucene.DescendantSelfAxisQuery",12,0.02,1.83,82,0.93,40104.98,18,6,20,41,15,64.08,119,104,6,2,114.08,0.00,0.50,0.15,1,28.00,7,2776.14,0,4,9,org.apache.lucene.search.Query,0.00,29,1,22,0,29,8,1,31,555,0
"org.apache.jackrabbit.core.query.lucene.DescendantSelfAxisQuery$AbstractQueryHits",3,0.00,3.00,25,0.23,6684.44,4,1,20,11,3,110.70,1,38,0,1,110.70,0.00,0.00,1.00,1,0.00,4,678.58,0,1,3,java.lang.Object,0.00,8,0,9,0,8,2,0,1,147,0
"org.apache.jackrabbit.core.query.lucene.DescendantSelfAxisQuery$DescendantSelfAxisScorer",8,0.07,2.62,64,0.72,37385.76,12,4,20,21,2,75.97,55,89,0,2,108.19,0.00,0.50,0.19,3,8.00,6,2161.60,0,1,2,org.apache.lucene.search.Scorer,0.00,13,1,21,0,13,7,0,22,442,1
"org.apache.jackrabbit.core.query.lucene.DescendantSelfAxisQuery$DescendantSelfAxisScorer$HitCollector",1,0.00,1.00,3,0.02,168.11,1,0,20,1,0,135.68,0,4,0,1,135.68,0.00,0.00,0.00,0,0.00,1,63.51,0,0,0,java.lang.Object,0.00,0,0,1,0,0,1,0,0,19,0
"org.apache.jackrabbit.core.query.lucene.DescendantSelfAxisQuery$DescendantSelfAxisWeight",7,1.00,1.00,18,0.16,2655.34,8,1,20,11,2,139.70,34,26,0,1,139.46,0.00,0.00,0.14,0,12.00,1,484.57,0,3,2,java.lang.Object,0.00,4,0,7,0,4,4,1,9,126,1
"org.apache.jackrabbit.core.query.lucene.DocId",6,0.00,1.00,14,0.11,2001.50,6,0,3,10,13,89.90,59,18,11,1,139.90,0.00,0.00,0.00,1,6.00,1,336.25,0,4,2,java.lang.Object,0.00,4,0,6,3,4,2,0,11,96,1
"org.apache.jackrabbit.core.query.lucene.DocId$DocId",3,0.00,1.00,7,0.04,292.26,3,0,3,3,2,126.24,15,10,0,1,144.11,0.00,0.00,0.00,0,3.00,1,112.49,0,1,2,java.lang.Object,0.00,0,0,3,0,0,2,0,3,35,0
"org.apache.jackrabbit.core.query.lucene.DocId$PlainDocId",5,0.25,1.00,12,0.08,833.20,6,1,3,7,2,142.51,22,18,0,2,142.27,0.00,0.50,0.80,0,0.00,1,253.72,0,2,2,org.apache.jackrabbit.core.query.lucene.DocId,0.36,2,1,5,0,2,3,0,6,74,3
"org.apache.jackrabbit.core.query.lucene.DocId$UUIDDocId",5,0.00,1.60,24,0.22,5721.28,8,3,3,10,4,82.06,35,33,0,2,124.35,0.00,0.50,0.33,0,7.00,4,645.38,0,2,4,org.apache.jackrabbit.core.query.lucene.DocId,0.36,5,1,8,0,5,3,0,9,155,3
"org.apache.jackrabbit.core.query.lucene.DocNumberCache",4,0.33,4.25,71,0.97,56044.36,12,8,4,24,6,71.97,58,87,5,1,92.12,0.00,0.00,0.38,0,0.00,7,2900.80,0,0,2,java.lang.Object,0.00,20,0,17,0,20,4,0,19,522,1
"org.apache.jackrabbit.core.query.lucene.DocNumberCache$Entry",1,2.00,1.00,6,0.04,467.31,3,2,4,1,0,88.73,6,8,0,1,120.95,0.00,0.00,0.00,0,1.00,1,121.08,0,0,0,java.lang.Object,0.00,0,0,1,0,0,1,0,2,35,3
"org.apache.jackrabbit.core.query.lucene.DocOrderNodeIteratorImpl",12,0.02,1.58,63,0.66,30229.35,17,5,12,34,7,100.16,70,83,1,1,118.04,0.00,0.00,0.22,2,0.00,7,1981.68,0,3,6,java.lang.Object,0.00,22,0,19,0,22,9,1,23,413,0
"org.apache.jackrabbit.core.query.lucene.DocOrderNodeIteratorImpl$Comparator",1,0.00,14.00,59,0.92,110949.37,1,0,12,13,2,64.14,16,70,0,1,64.61,0.00,0.00,0.00,0,0.00,14,2756.45,0,0,2,java.lang.Object,0.00,12,0,14,0,12,1,0,16,440,0
"org.apache.jackrabbit.core.query.lucene.DocOrderNodeIteratorImpl$SortFailedException",0,0.00,0.00,1,0.01,72.00,0,0,12,0,0,171.00,0,2,0,2,171.00,0.00,0.50,0.00,0,0.00,0,24.00,0,0,0,java.lang.RuntimeException,0.00,0,1,0,0,0,0,0,0,8,3
"org.apache.jackrabbit.core.query.lucene.DoubleField",3,0.25,2.67,30,0.44,23224.30,5,2,0,14,4,103.08,13,39,4,1,102.85,0.00,0.00,0.33,0,4.00,4,1306.56,0,1,0,java.lang.Object,0.00,11,0,8,0,11,2,0,9,257,1
"org.apache.jackrabbit.core.query.lucene.DynamicPooledExecutor",4,0.44,4.50,72,0.70,48059.15,7,3,4,23,1,47.58,44,83,1,1,91.70,0.00,0.00,0.67,1,0.00,11,2107.96,0,0,0,java.lang.Object,0.00,19,0,18,0,19,4,0,15,398,1
"org.apache.jackrabbit.core.query.lucene.DynamicPooledExecutor$Callable",1,0.00,1.00,3,0.02,208.76,1,0,4,2,0,134.94,0,4,0,1,134.94,0.00,0.00,0.00,0,1.00,1,52.97,0,1,0,java.lang.Object,0.00,1,0,1,0,1,0,0,0,17,0
"org.apache.jackrabbit.core.query.lucene.DynamicPooledExecutor$Command",1,0.00,1.00,2,0.01,38.26,1,0,4,1,0,167.92,3,3,0,1,147.31,0.00,0.00,0.00,0,1.00,1,25.51,0,1,0,,0.00,0,0,1,0,0,0,0,1,11,1
"org.apache.jackrabbit.core.query.lucene.DynamicPooledExecutor$Result",3,0.25,1.00,10,0.06,727.65,5,2,4,3,0,134.66,14,14,0,1,134.42,0.00,0.00,0.33,0,5.00,1,180.64,0,2,0,java.lang.Object,0.00,0,0,3,0,0,1,0,4,53,2
"org.apache.jackrabbit.core.query.lucene.EmptyTermDocs",9,1.00,1.00,16,0.09,1099.40,10,1,3,10,3,154.57,6,26,3,1,154.57,0.00,0.00,0.00,0,9.00,1,280.83,0,0,0,java.lang.Object,0.00,1,0,9,0,1,9,1,2,89,0
"org.apache.jackrabbit.core.query.lucene.ExcerptProvider",2,1.00,1.00,4,0.05,442.93,3,1,5,4,7,103.74,25,7,4,1,141.30,0.00,0.00,0.00,0,2.00,1,156.78,0,1,4,,0.00,2,0,2,0,2,1,0,4,43,1
"org.apache.jackrabbit.core.query.lucene.FieldNames",4,13.00,1.00,21,0.35,7809.79,17,13,0,7,45,158.31,84,26,44,1,119.01,0.00,0.00,0.00,0,4.00,1,1043.29,0,2,1,java.lang.Object,0.00,3,0,4,0,3,2,0,18,216,1
"org.apache.jackrabbit.core.query.lucene.FieldSelectors",1,0.00,1.00,6,0.04,827.95,1,0,2,3,7,86.77,6,8,7,1,118.99,0.00,0.00,0.00,0,1.00,1,111.61,0,0,0,java.lang.Object,0.00,2,0,1,0,2,1,0,2,32,1
"org.apache.jackrabbit.core.query.lucene.FieldSelectors$FieldSelector",1,0.00,2.00,6,0.04,694.86,1,0,2,1,1,87.21,6,8,0,1,119.43,0.00,0.00,0.00,0,1.00,2,118.36,0,1,1,java.lang.Object,0.00,0,0,2,0,0,0,0,1,31,0
"org.apache.jackrabbit.core.query.lucene.FieldSelectors$FieldSelector_0",1,0.00,3.00,8,0.06,1379.74,1,0,2,1,1,80.11,6,10,0,1,112.33,0.00,0.00,0.00,0,1.00,3,178.97,0,1,1,java.lang.Object,0.00,0,0,3,0,0,0,0,1,45,0
"org.apache.jackrabbit.core.query.lucene.FileBasedNamespaceMappings",5,0.40,2.40,55,0.71,27582.85,10,5,15,29,4,73.11,66,73,1,2,102.49,0.00,0.50,0.52,2,0.00,4,2117.16,0,2,3,org.apache.jackrabbit.core.query.lucene.AbstractNamespaceMappings,0.00,24,1,12,0,24,3,0,16,415,1
"org.apache.jackrabbit.core.query.lucene.FilterMultiColumnQueryHits",6,0.20,1.00,14,0.10,1306.45,7,1,2,11,4,141.60,29,21,1,1,141.36,0.00,0.00,0.83,0,0.00,1,298.29,0,2,3,java.lang.Object,0.00,5,0,6,0,5,4,1,8,88,1
"org.apache.jackrabbit.core.query.lucene.FilterQueryHits",5,0.25,1.00,12,0.08,1066.23,6,1,1,9,2,123.56,25,18,0,1,141.43,0.00,0.00,0.80,0,0.00,1,253.21,0,1,2,java.lang.Object,0.00,4,0,5,0,4,4,1,7,75,1
"org.apache.jackrabbit.core.query.lucene.ForeignSegmentDocId",6,0.40,1.00,16,0.09,902.67,8,2,2,7,6,100.33,42,23,5,2,142.62,0.00,0.50,0.17,0,14.00,1,280.39,0,1,2,org.apache.jackrabbit.core.query.lucene.DocId,0.33,1,1,6,0,1,5,0,9,84,1
"org.apache.jackrabbit.core.query.lucene.HierarchyResolver",1,0.00,1.00,2,0.01,57.11,1,0,1,1,12,116.56,13,3,12,1,145.94,0.00,0.00,0.00,0,1.00,1,32.46,0,0,0,,0.00,0,0,1,0,0,1,0,2,13,1
"org.apache.jackrabbit.core.query.lucene.HighlightingExcerptProvider",1,0.00,1.00,2,0.01,78.30,1,0,1,1,2,107.30,12,3,2,2,144.86,0.00,0.50,0.00,0,1.00,1,40.55,0,1,0,,0.00,0,1,1,0,0,0,0,2,15,1
"org.apache.jackrabbit.core.query.lucene.IndexFormatVersion",5,0.25,1.40,21,0.23,5345.91,9,4,2,11,17,80.48,55,29,16,1,124.61,0.00,0.00,0.05,1,8.00,3,689.22,0,2,1,java.lang.Object,0.00,6,0,7,0,6,3,0,10,162,1
"org.apache.jackrabbit.core.query.lucene.IndexInfos",12,0.22,1.42,66,0.63,16266.16,17,5,12,38,3,87.96,82,82,1,1,120.18,0.00,0.00,0.40,1,0.00,4,1896.16,0,3,2,java.lang.Object,0.00,26,0,17,0,26,9,0,20,412,0
"org.apache.jackrabbit.core.query.lucene.IndexListener",1,0.00,1.00,2,0.01,30.51,1,0,1,1,3,99.60,10,3,3,1,148.08,0.00,0.00,0.00,0,1.00,1,25.51,0,0,0,,0.00,0,0,1,0,0,1,0,2,11,1
"org.apache.jackrabbit.core.query.lucene.IndexMerger",9,0.14,4.00,158,2.15,141286.52,21,12,14,60,5,62.36,122,190,1,2,91.74,0.00,0.50,0.20,0,15.00,13,6456.84,0,0,5,java.lang.Thread,0.00,51,1,36,0,51,9,1,59,1081,0
"org.apache.jackrabbit.core.query.lucene.IndexMerger$Index",3,0.25,2.00,15,0.15,5434.41,5,2,14,4,0,71.01,24,20,0,1,119.11,0.00,0.00,0.67,0,1.00,4,449.18,0,1,0,java.lang.Object,0.00,1,0,6,0,1,2,1,5,108,3
"org.apache.jackrabbit.core.query.lucene.IndexMerger$IndexBucket",3,0.00,1.00,12,0.09,1247.41,6,3,14,3,0,77.92,28,16,0,2,127.92,0.00,0.50,0.33,0,5.00,1,270.94,0,0,0,java.util.ArrayList,0.00,0,1,3,0,0,3,0,6,75,3
"org.apache.jackrabbit.core.query.lucene.IndexMerger$Merge",1,1.00,1.00,5,0.05,1051.93,2,1,14,2,0,88.91,6,7,0,1,121.13,0.00,0.00,0.00,0,1.00,1,164.30,0,0,0,java.lang.Object,0.00,1,0,1,0,1,1,0,1,44,3
"org.apache.jackrabbit.core.query.lucene.IndexMigration",1,0.00,5.00,39,0.63,37176.91,2,1,16,31,6,107.20,31,60,1,1,75.29,0.00,0.00,1.00,0,0.00,5,1887.19,0,0,6,java.lang.Object,0.00,30,0,5,0,30,1,0,12,309,1
"org.apache.jackrabbit.core.query.lucene.IndexMigration$MigrationIndexReader",4,0.00,1.50,22,0.27,8698.64,4,0,16,14,1,118.55,0,29,0,2,118.55,0.00,0.50,0.00,0,4.00,3,820.96,1,3,1,org.apache.lucene.index.FilterIndexReader,0.00,10,1,6,0,10,1,0,0,171,2
"org.apache.jackrabbit.core.query.lucene.IndexMigration$MigrationIndexReader$MigrationTermEnum",3,0.00,1.67,14,0.12,2485.36,3,0,16,8,1,125.44,0,20,0,2,125.44,0.00,0.50,0.00,0,3.00,3,347.93,1,2,1,FilterTermEnum,0.00,5,1,5,0,5,1,0,0,84,2
"org.apache.jackrabbit.core.query.lucene.IndexMigration$MigrationIndexReader$MigrationTermPositions",3,0.00,1.67,15,0.17,4359.35,3,0,16,11,1,119.91,0,21,0,2,119.91,0.00,0.50,0.00,0,3.00,2,523.06,1,0,1,FilterTermPositions,0.00,8,1,5,0,8,3,0,0,120,2
"org.apache.jackrabbit.core.query.lucene.IndexingConfiguration",8,1.00,1.00,10,0.07,296.14,9,1,5,8,9,108.65,79,11,4,1,158.65,0.00,0.00,0.00,0,8.00,1,216.52,0,2,5,,0.00,0,0,8,0,0,6,0,10,72,1
"org.apache.jackrabbit.core.query.lucene.IndexingConfigurationEntityResolver",1,0.00,3.00,15,0.15,3446.32,2,1,8,5,1,50.54,10,27,1,1,99.02,0.00,0.00,1.00,0,0.00,3,464.66,0,1,0,java.lang.Object,0.00,4,0,3,0,4,0,1,3,105,1
"org.apache.jackrabbit.core.query.lucene.IndexingConfigurationImpl",13,0.01,4.77,227,3.61,219641.07,21,8,44,94,31,47.32,155,293,1,1,91.45,0.00,0.00,0.12,3,73.00,16,10838.68,0,4,30,java.lang.Object,0.00,81,0,62,0,81,9,1,41,1790,1
"org.apache.jackrabbit.core.query.lucene.IndexingConfigurationImpl$IndexingRule",12,0.07,1.92,73,0.68,13540.55,17,5,44,28,5,69.68,105,95,0,1,117.79,0.00,0.00,0.13,1,64.00,5,2036.79,0,2,5,java.lang.Object,0.00,16,0,23,0,16,10,0,20,460,1
"org.apache.jackrabbit.core.query.lucene.IndexingConfigurationImpl$NamePattern",3,0.25,1.33,16,0.20,4749.51,5,2,44,10,5,69.67,27,24,0,1,119.67,0.00,0.00,0.33,0,5.00,2,587.29,0,0,5,java.lang.Object,0.00,7,0,4,0,7,3,0,6,127,3
"org.apache.jackrabbit.core.query.lucene.IndexingConfigurationImpl$PathExpression",2,0.78,8.50,55,0.75,47245.27,11,9,44,16,6,40.38,14,75,0,1,82.68,0.00,0.00,0.50,0,2.00,16,2253.71,0,0,6,java.lang.Object,0.00,14,0,17,0,14,2,0,6,398,1
"org.apache.jackrabbit.core.query.lucene.IndexingConfigurationImpl$PathExpression$AbstractIteratorDecorator",1,0.00,2.00,8,0.10,2622.23,1,0,44,4,2,110.23,0,13,0,1,110.23,0.00,0.00,0.00,0,0.00,2,299.27,1,1,2,java.lang.Object,0.00,3,0,2,0,3,0,0,0,67,0
"org.apache.jackrabbit.core.query.lucene.IndexingConfigurationImpl$PathExpression$Iterator",3,0.50,1.67,15,0.12,3421.16,4,1,44,6,2,120.74,0,22,0,1,120.74,0.00,0.00,0.67,0,1.00,3,372.96,0,1,2,java.lang.Object,0.00,3,0,5,0,3,2,0,0,92,0
"org.apache.jackrabbit.core.query.lucene.IndexingConfigurationImpl$PropertyConfig",1,3.00,1.00,8,0.05,744.82,4,3,44,1,0,70.57,11,12,0,1,114.70,0.00,0.00,0.00,0,1.00,1,162.52,0,0,0,java.lang.Object,0.00,0,0,1,0,0,1,0,3,46,1
"org.apache.jackrabbit.core.query.lucene.IndexingQueue",8,0.25,2.38,71,0.93,30804.13,12,4,14,44,12,60.77,68,99,5,1,108.88,0.00,0.00,0.47,1,0.00,6,2798.49,0,3,8,java.lang.Object,0.00,36,0,19,0,36,5,0,19,533,0
"org.apache.jackrabbit.core.query.lucene.IndexingQueueStore",6,0.23,2.33,43,0.55,17709.54,13,7,10,25,3,61.96,59,61,2,1,111.96,0.00,0.00,0.33,1,0.00,6,1638.01,0,1,1,java.lang.Object,0.00,19,0,14,0,19,5,0,17,328,0
"org.apache.jackrabbit.core.query.lucene.IndexingQueueTest",1,0.00,2.00,26,0.43,12747.27,3,2,11,18,5,85.97,4,30,1,6,85.73,0.00,0.83,1.00,0,0.00,2,1296.46,1,0,4,org.apache.jackrabbit.core.query.AbstractIndexingTest,0.00,17,5,2,0,17,1,0,1,224,1
"org.apache.jackrabbit.core.query.lucene.IndexingQueueTest$Extractor",2,0.00,1.50,8,0.08,1521.40,2,0,11,5,1,125.76,0,14,0,1,125.76,0.00,0.00,0.00,0,2.00,2,243.65,0,2,1,java.lang.Object,0.00,3,0,3,0,3,0,1,0,59,3
"org.apache.jackrabbit.core.query.lucene.JQOM2LuceneQueryBuilder",33,0.01,2.39,362,6.55,322099.31,46,13,69,157,69,122.70,124,553,2,1,102.08,0.00,0.00,0.07,3,300.00,12,19653.20,0,32,67,java.lang.Object,0.00,124,0,79,0,124,1,2,54,3414,1
"org.apache.jackrabbit.core.query.lucene.JackrabbitAnalyzer",3,0.00,1.67,13,0.13,2601.73,5,2,4,6,4,75.29,27,19,3,2,125.29,0.00,0.50,0.50,0,1.00,3,381.66,0,1,1,org.apache.lucene.analysis.Analyzer,0.00,3,1,5,0,3,2,0,6,94,1
"org.apache.jackrabbit.core.query.lucene.JackrabbitIndexReader",7,0.08,1.29,23,0.21,4131.72,9,2,4,13,5,99.10,47,35,1,2,131.32,0.00,0.50,0.43,0,0.00,3,625.05,0,2,4,org.apache.lucene.index.FilterIndexReader,0.00,6,1,9,0,6,5,2,13,160,2
"org.apache.jackrabbit.core.query.lucene.JackrabbitIndexSearcher",3,0.25,2.00,20,0.22,6881.77,5,2,6,8,13,66.87,32,28,7,2,115.35,0.00,0.50,0.33,1,4.00,4,645.72,0,0,8,org.apache.lucene.search.IndexSearcher,0.00,5,1,6,0,5,3,0,6,144,1
"org.apache.jackrabbit.core.query.lucene.JackrabbitQuery",1,0.00,1.00,2,0.02,108.21,1,0,3,1,7,191.02,23,6,5,1,143.75,0.00,0.00,0.00,0,1.00,1,56.11,0,0,3,,0.00,0,0,1,0,0,1,0,2,17,1
"org.apache.jackrabbit.core.query.lucene.JackrabbitQueryParser",7,1.00,4.14,95,1.11,69783.36,8,1,7,30,4,55.34,50,119,2,2,97.63,0.00,0.50,0.14,3,12.00,10,3339.77,2,6,2,org.apache.lucene.queryParser.QueryParser,0.00,23,1,29,0,23,1,0,15,646,1
"org.apache.jackrabbit.core.query.lucene.JackrabbitTextExtractor",3,0.75,5.00,42,0.64,23896.59,7,4,17,27,7,138.64,87,63,1,1,97.16,0.00,0.00,0.75,0,0.00,9,1916.60,0,2,6,java.lang.Object,0.00,24,0,15,0,24,1,1,10,355,1
"org.apache.jackrabbit.core.query.lucene.LazyTextExtractorField",7,0.08,1.86,33,0.39,10981.54,11,4,8,17,3,80.94,52,54,2,2,123.24,0.00,0.50,0.18,0,10.00,4,1169.04,0,3,1,org.apache.lucene.document.AbstractField,0.00,10,1,13,0,10,4,0,12,250,1
"org.apache.jackrabbit.core.query.lucene.LocalNameQuery",4,0.17,1.25,14,0.13,2196.73,6,2,5,9,2,99.35,25,20,0,2,131.58,0.00,0.50,0.38,0,4.00,2,403.93,0,2,2,org.apache.lucene.search.Query,0.00,5,1,5,0,5,2,0,7,100,1
"org.apache.jackrabbit.core.query.lucene.LocalNameRangeQuery",3,0.00,1.67,17,0.14,3618.12,3,0,1,4,3,72.44,24,25,1,3,120.54,0.00,0.67,0.00,1,3.00,2,405.77,0,2,2,org.apache.jackrabbit.core.query.lucene.RangeQuery,0.00,1,2,5,0,1,1,0,4,98,1
"org.apache.jackrabbit.core.query.lucene.LongField",3,1.00,2.67,28,0.37,21108.14,4,1,0,12,5,105.12,14,38,5,1,104.88,0.00,0.00,0.33,0,4.00,4,1112.35,0,1,0,java.lang.Object,0.00,9,0,8,0,9,2,0,13,226,1
"org.apache.jackrabbit.core.query.lucene.LuceneQueryBuilder",18,0.08,8.28,555,10.33,1536945.39,30,12,56,144,58,32.45,210,720,2,1,76.58,0.00,0.00,0.16,0,62.00,56,30998.20,0,17,56,java.lang.Object,0.00,126,0,149,0,126,1,1,124,4676,1
"org.apache.jackrabbit.core.query.lucene.LuceneQueryBuilder$DefaultQueryNodeVisitor",1,0.00,3.00,7,0.09,2263.54,1,0,56,3,2,112.81,0,9,0,1,112.81,0.00,0.00,0.00,0,1.00,3,260.17,0,1,2,java.lang.Object,0.00,2,0,3,0,2,0,0,0,59,0
"org.apache.jackrabbit.core.query.lucene.LuceneQueryHits",5,0.25,1.60,20,0.22,4058.93,7,2,7,16,6,125.76,24,32,1,1,125.52,0.00,0.00,0.30,1,7.00,3,672.04,0,0,5,java.lang.Object,0.00,11,0,8,0,11,5,1,8,157,1
"org.apache.jackrabbit.core.query.lucene.MatchAllDocsQuery",1,0.00,3.00,8,0.11,2371.32,1,0,4,5,10,68.19,7,18,4,2,110.48,0.00,0.50,0.00,0,1.00,3,326.99,0,1,6,org.apache.lucene.search.MatchAllDocsQuery,0.00,4,1,3,0,4,0,1,2,69,1
"org.apache.jackrabbit.core.query.lucene.MatchAllQuery",4,1.00,1.25,11,0.09,1304.15,5,1,4,7,2,107.71,26,17,1,2,139.93,0.00,0.50,0.25,0,6.00,2,260.16,0,2,1,org.apache.lucene.search.Query,0.00,3,1,5,0,3,2,0,5,71,0
"org.apache.jackrabbit.core.query.lucene.MatchAllScorer",8,0.03,1.62,50,0.63,25092.18,13,5,12,31,4,72.04,58,74,2,2,114.33,0.00,0.50,0.22,3,24.00,5,1880.22,0,1,2,org.apache.lucene.search.Scorer,0.00,23,1,13,0,23,7,0,19,377,0
"org.apache.jackrabbit.core.query.lucene.MatchAllWeight",7,0.03,1.00,25,0.23,3450.88,12,5,7,14,3,89.71,49,34,1,2,132.00,0.00,0.50,0.23,0,24.00,1,685.25,0,3,2,org.apache.jackrabbit.core.query.lucene.AbstractWeight,0.00,7,1,7,0,7,4,0,18,174,0
"org.apache.jackrabbit.core.query.lucene.MoreLikeThis",39,0.00,1.82,249,3.02,133599.69,61,22,28,88,1,69.87,429,309,1,1,114.00,0.00,0.00,0.05,6,698.00,8,9069.54,0,16,0,java.lang.Object,0.00,49,0,71,0,49,23,0,88,1772,2
"org.apache.jackrabbit.core.query.lucene.MoreLikeThis$FreqQ",2,0.00,1.00,9,0.10,2686.20,2,0,28,4,0,123.91,0,12,0,2,123.91,0.00,0.50,0.00,0,2.00,1,293.69,0,0,0,org.apache.lucene.util.PriorityQueue,0.00,2,1,2,0,2,2,0,0,73,2
"org.apache.jackrabbit.core.query.lucene.MoreLikeThis$Int",1,0.00,1.00,4,0.02,114.30,2,1,28,1,0,132.34,0,6,0,1,132.34,0.00,0.00,1.00,0,0.00,1,49.65,0,0,0,java.lang.Object,0.00,0,0,1,0,0,1,0,0,17,2
"org.apache.jackrabbit.core.query.lucene.MultiColumnQueryHits",2,0.00,1.00,3,0.02,92.91,2,0,2,2,7,109.77,16,4,5,2,157.87,0.00,0.50,0.00,0,2.00,1,49.36,0,2,2,,0.00,0,1,2,0,0,0,0,3,19,1
"org.apache.jackrabbit.core.query.lucene.MultiIndex",36,0.07,2.97,456,5.81,211315.70,62,26,31,190,39,71.44,468,574,14,1,100.82,0.00,0.00,0.11,15,438.00,8,17421.63,0,10,29,java.lang.Object,0.00,154,0,107,0,154,26,0,146,3106,1
"org.apache.jackrabbit.core.query.lucene.MultiIndex$Action",7,0.04,2.71,66,0.97,59485.37,27,20,31,21,1,93.88,107,78,0,1,104.23,0.00,0.00,0.01,0,17.00,13,2900.18,0,2,1,java.lang.Object,0.00,14,0,19,0,14,5,0,28,527,3
"org.apache.jackrabbit.core.query.lucene.MultiIndex$AddIndex",4,0.67,1.25,20,0.21,4373.07,5,1,31,15,2,78.66,29,26,0,2,120.95,0.00,0.50,0.50,0,4.00,2,631.67,0,2,2,org.apache.jackrabbit.core.query.lucene.Action,0.00,11,1,5,0,11,2,0,6,152,2
"org.apache.jackrabbit.core.query.lucene.MultiIndex$AddNode",5,0.08,1.80,29,0.38,8682.81,8,3,31,21,5,71.17,42,43,0,2,119.28,0.00,0.50,0.27,0,7.00,4,1136.98,0,2,5,org.apache.jackrabbit.core.query.lucene.Action,0.00,16,1,9,0,16,3,0,10,252,2
"org.apache.jackrabbit.core.query.lucene.MultiIndex$Commit",4,0.00,1.00,9,0.09,930.52,4,0,31,8,1,123.26,21,14,0,2,141.13,0.00,0.50,0.00,0,4.00,1,258.76,0,2,1,org.apache.jackrabbit.core.query.lucene.Action,0.00,4,1,4,0,4,2,0,4,72,2
"org.apache.jackrabbit.core.query.lucene.MultiIndex$CreateIndex",6,0.40,1.17,25,0.23,4219.21,7,1,31,17,2,93.86,38,33,0,2,126.09,0.00,0.50,0.67,0,0.00,2,688.76,0,3,2,org.apache.jackrabbit.core.query.lucene.Action,0.00,11,1,7,0,11,3,0,8,172,2
"org.apache.jackrabbit.core.query.lucene.MultiIndex$DeleteIndex",4,0.67,1.50,25,0.23,4873.40,5,1,31,15,2,75.29,28,29,0,2,117.58,0.00,0.50,0.50,0,4.00,3,700.25,0,2,2,org.apache.jackrabbit.core.query.lucene.Action,0.00,11,1,6,0,11,2,0,6,164,2
"org.apache.jackrabbit.core.query.lucene.MultiIndex$DeleteNode",4,0.17,2.50,35,0.48,16216.86,6,2,31,24,6,58.69,36,46,0,2,108.69,0.00,0.50,0.38,0,4.00,6,1430.59,0,2,6,org.apache.jackrabbit.core.query.lucene.Action,0.00,20,1,10,0,20,2,0,12,288,2
"org.apache.jackrabbit.core.query.lucene.MultiIndex$Start",4,0.00,1.00,9,0.08,897.29,4,0,31,7,1,123.39,21,14,0,2,141.26,0.00,0.50,0.00,0,4.00,1,249.35,0,2,1,org.apache.jackrabbit.core.query.lucene.Action,0.00,3,1,4,0,3,2,0,4,70,2
"org.apache.jackrabbit.core.query.lucene.MultiIndex$Timer.Task",1,0.00,1.00,4,0.02,97.02,1,0,31,3,0,172.78,2,5,0,1,132.90,0.00,0.00,0.00,0,1.00,1,48.51,0,0,0,java.lang.Object,0.00,2,0,1,0,2,1,0,2,17,0
"org.apache.jackrabbit.core.query.lucene.MultiIndex$VolatileCommit",4,0.67,1.00,20,0.19,3565.26,5,1,31,14,3,89.47,24,25,0,2,121.70,0.00,0.50,0.50,0,4.00,1,574.63,0,2,3,org.apache.jackrabbit.core.query.lucene.Action,0.00,10,1,4,0,10,2,0,5,141,2
"org.apache.jackrabbit.core.query.lucene.MultiIndexReader",3,0.00,1.00,4,0.03,125.60,3,0,3,3,11,110.12,25,5,10,2,158.23,0.00,0.50,0.00,0,3.00,1,77.70,0,2,2,,0.00,0,1,3,0,0,1,0,4,28,1
"org.apache.jackrabbit.core.query.lucene.MultiScorer",7,0.38,2.29,49,0.48,25055.01,11,4,4,12,1,63.20,56,64,1,2,111.30,0.00,0.50,0.57,1,0.00,5,1432.10,0,1,0,org.apache.lucene.search.Scorer,0.00,5,1,16,0,5,6,0,21,318,0
"org.apache.jackrabbit.core.query.lucene.NSRegistryBasedNamespaceMappings",3,0.50,1.67,13,0.14,3648.06,4,1,2,8,3,91.91,19,23,1,2,124.13,0.00,0.50,0.67,0,1.00,2,429.64,0,2,2,org.apache.jackrabbit.core.query.lucene.AbstractNamespaceMappings,0.00,5,1,5,0,5,1,0,6,100,1
"org.apache.jackrabbit.core.query.lucene.NamePathResolverImpl",2,0.33,1.00,11,0.14,2501.76,5,3,16,8,19,120.77,9,14,5,2,120.54,0.00,0.50,0.17,0,2.00,1,423.99,0,1,14,org.apache.jackrabbit.spi.commons.conversion.DefaultNamePathResolver,0.00,6,1,2,0,6,1,0,3,96,1
"org.apache.jackrabbit.core.query.lucene.NamePathResolverImpl$NameResolverImpl",3,0.50,1.33,12,0.13,3087.74,4,1,16,8,4,74.75,28,17,0,1,124.75,0.00,0.00,0.67,0,1.00,2,403.98,0,2,4,java.lang.Object,0.00,5,0,4,0,5,1,1,5,96,2
"org.apache.jackrabbit.core.query.lucene.NameQuery",5,0.00,1.40,23,0.30,8635.93,8,3,9,16,12,90.75,33,38,6,2,122.97,0.00,0.50,0.33,0,2.00,3,907.39,0,3,6,org.apache.lucene.search.Query,0.00,11,1,7,0,11,2,0,11,193,1
"org.apache.jackrabbit.core.query.lucene.NameRangeQuery",8,0.20,2.75,65,0.83,27487.23,13,5,9,30,7,66.94,56,92,1,2,109.23,0.00,0.50,0.38,2,0.00,5,2501.33,0,7,6,org.apache.lucene.search.Query,0.00,22,1,22,0,22,1,0,15,515,1
"org.apache.jackrabbit.core.query.lucene.NamespaceMappings",2,0.00,1.00,3,0.02,108.19,2,0,4,2,20,108.87,20,4,16,2,157.35,0.00,0.50,0.00,0,2.00,1,66.09,0,2,4,,0.00,0,1,2,0,0,0,0,3,23,1
"org.apache.jackrabbit.core.query.lucene.NodeIndexer",34,0.02,2.76,269,4.29,184774.17,45,11,31,110,27,61.35,351,428,1,1,109.83,0.00,0.00,0.11,20,502.00,22,12870.49,0,7,26,java.lang.Object,0.00,76,0,94,0,76,27,0,77,2381,1
"org.apache.jackrabbit.core.query.lucene.NodeIteratorImpl",12,0.10,1.58,55,0.54,14306.19,19,7,7,21,5,81.92,87,79,1,1,124.21,0.00,0.00,0.24,3,20.00,4,1609.20,0,3,4,java.lang.Object,0.00,9,0,19,0,9,9,1,23,362,0
"org.apache.jackrabbit.core.query.lucene.NodeTraversingQueryHits",3,0.50,1.67,15,0.14,2604.75,4,1,10,8,6,71.67,29,23,3,2,121.67,0.00,0.50,0.67,0,1.00,2,429.39,0,1,3,org.apache.jackrabbit.core.query.lucene.AbstractQueryHits,0.00,5,1,5,0,5,2,0,6,103,1
"org.apache.jackrabbit.core.query.lucene.NodeTraversingQueryHits$TraversingNodeIterator",5,0.08,2.40,33,0.32,8757.83,8,3,10,17,1,84.01,33,47,0,1,116.23,0.00,0.00,0.40,1,1.00,7,959.79,0,1,1,java.lang.Object,0.00,12,0,12,0,12,4,1,12,209,1
"org.apache.jackrabbit.core.query.lucene.NotQuery",5,0.38,1.20,19,0.14,2558.77,7,2,9,9,4,89.54,35,26,4,2,131.83,0.00,0.50,0.20,0,7.00,2,417.85,0,3,0,org.apache.lucene.search.Query,0.00,4,1,6,0,4,2,0,10,110,0
"org.apache.jackrabbit.core.query.lucene.NotQuery$NotQueryScorer",6,0.00,2.00,35,0.32,15909.81,9,3,9,10,0,99.94,31,48,0,2,117.81,0.00,0.50,0.33,1,6.00,5,969.11,0,1,0,org.apache.lucene.search.Scorer,0.00,4,1,12,0,4,5,0,12,221,1
"org.apache.jackrabbit.core.query.lucene.NotQuery$NotQueryWeight",7,1.00,1.00,16,0.12,1428.89,8,1,9,10,1,162.20,25,24,0,1,141.58,0.00,0.00,0.14,0,12.00,1,362.03,0,3,1,java.lang.Object,0.00,3,0,7,0,3,4,1,8,101,1
"org.apache.jackrabbit.core.query.lucene.OffsetCharSequence",8,0.14,2.00,53,0.53,17562.25,11,3,0,21,5,83.28,53,61,4,1,115.50,0.00,0.00,0.46,2,2.00,4,1586.48,0,2,1,java.lang.Object,0.00,13,0,16,0,13,6,3,14,356,1
"org.apache.jackrabbit.core.query.lucene.ParentAxisQuery",5,0.00,1.20,26,0.24,4452.52,11,6,16,10,8,77.53,58,34,3,2,121.66,0.00,0.50,0.17,0,7.00,2,712.91,0,3,5,org.apache.lucene.search.Query,0.00,5,1,6,0,5,2,0,16,167,0
"org.apache.jackrabbit.core.query.lucene.ParentAxisQuery$ParentAxisScorer",7,0.08,2.00,50,0.57,23417.83,13,6,16,23,4,69.27,53,65,0,2,111.56,0.00,0.50,0.24,1,0.00,7,1698.49,0,1,4,org.apache.lucene.search.Scorer,0.00,16,1,14,0,16,6,0,16,345,1
"org.apache.jackrabbit.core.query.lucene.ParentAxisQuery$ParentAxisScorer$HitCollector",1,0.00,4.00,9,0.11,2980.29,1,0,16,3,0,107.73,0,14,0,1,107.73,0.00,0.00,0.00,0,0.00,4,338.69,0,0,0,java.lang.Object,0.00,2,0,4,0,2,1,0,0,69,0
"org.apache.jackrabbit.core.query.lucene.ParentAxisQuery$ParentAxisWeight",7,1.00,1.00,17,0.14,2128.10,8,1,16,11,2,140.45,33,26,0,1,140.22,0.00,0.00,0.14,0,12.00,1,429.11,0,3,2,java.lang.Object,0.00,4,0,7,0,4,4,1,8,115,1
"org.apache.jackrabbit.core.query.lucene.PerQueryCache",5,0.12,1.20,17,0.15,3040.34,7,2,2,13,5,83.13,43,24,5,1,131.24,0.00,0.00,0.40,0,9.00,2,460.92,0,3,0,java.lang.Object,0.00,8,0,6,0,8,2,0,9,121,0
"org.apache.jackrabbit.core.query.lucene.PerQueryCache$Key",3,0.25,1.33,13,0.12,2678.31,5,2,2,6,0,93.02,18,18,0,1,125.24,0.00,0.00,0.67,0,1.00,2,353.55,0,0,0,java.lang.Object,0.00,3,0,4,0,3,3,0,5,92,3
"org.apache.jackrabbit.core.query.lucene.PersistentIndex",8,0.43,1.50,48,0.52,17786.69,10,2,9,25,14,67.42,65,68,8,2,115.52,0.00,0.50,0.12,1,20.00,3,1564.42,5,1,7,org.apache.jackrabbit.core.query.lucene.AbstractIndex,0.00,17,1,12,0,17,7,0,13,325,0
"org.apache.jackrabbit.core.query.lucene.PooledTextExtractor",4,0.08,1.50,31,0.30,6881.47,8,4,10,17,4,63.90,39,45,1,1,113.90,0.00,0.00,0.31,0,2.00,2,907.33,0,2,3,java.lang.Object,0.00,13,0,6,0,13,2,1,9,200,1
"org.apache.jackrabbit.core.query.lucene.PooledTextExtractor$PooledExecutor.BlockedExecutionHandler",1,0.00,1.00,5,0.04,496.72,1,0,10,3,0,173.70,1,7,0,1,123.70,0.00,0.00,0.00,0,0.00,1,128.10,0,0,0,java.lang.Object,0.00,2,0,1,0,2,1,0,1,33,0
"org.apache.jackrabbit.core.query.lucene.PropertiesSynonymProvider",5,0.25,2.80,61,0.77,27674.26,12,7,9,26,4,63.47,63,81,0,1,101.03,0.00,0.00,0.34,2,2.00,4,2310.38,0,2,4,java.lang.Object,0.00,21,0,14,0,21,3,1,16,457,1
"org.apache.jackrabbit.core.query.lucene.PropertyMetaData",4,0.67,1.00,10,0.07,986.94,5,1,0,5,3,108.71,26,15,3,1,140.93,0.00,0.00,0.50,0,4.00,1,211.47,0,1,0,java.lang.Object,0.00,1,0,4,0,1,3,0,6,63,2
"org.apache.jackrabbit.core.query.lucene.QueryHits",1,0.00,1.00,2,0.01,59.45,1,0,1,1,12,97.32,10,3,11,2,145.80,0.00,0.50,0.00,0,1.00,1,33.60,0,1,1,,0.00,0,1,1,0,0,0,0,2,13,1
"org.apache.jackrabbit.core.query.lucene.QueryHitsAdapter",6,0.10,1.17,20,0.15,2970.46,8,2,2,10,5,114.07,31,28,1,1,131.95,0.00,0.00,0.42,0,2.00,2,456.94,0,2,4,java.lang.Object,0.00,4,0,7,0,4,4,1,9,123,1
"org.apache.jackrabbit.core.query.lucene.QueryHitsQuery",5,1.00,1.20,16,0.14,1840.49,6,1,17,8,6,100.73,34,25,2,2,132.95,0.00,0.50,0.20,0,8.00,2,414.53,0,2,4,org.apache.lucene.search.Query,0.00,3,1,6,0,3,3,1,13,105,1
"org.apache.jackrabbit.core.query.lucene.QueryHitsQuery$QueryHitsQueryScorer",6,0.07,1.67,38,0.43,9978.45,9,3,17,28,2,98.62,33,55,0,2,116.49,0.00,0.50,0.39,0,2.00,3,1289.55,0,1,2,org.apache.lucene.search.Scorer,0.00,22,1,10,0,22,5,0,9,265,1
"org.apache.jackrabbit.core.query.lucene.QueryHitsQuery$QueryHitsQueryWeight",7,1.00,1.00,15,0.10,1100.81,8,1,17,9,1,163.09,26,23,0,1,142.47,0.00,0.00,0.14,0,12.00,1,313.30,0,3,1,java.lang.Object,0.00,2,0,7,0,2,4,1,8,91,1
"org.apache.jackrabbit.core.query.lucene.QueryImpl",5,0.08,2.80,54,0.97,46084.54,8,3,27,45,23,58.11,56,76,2,2,102.24,0.00,0.50,0.27,1,10.00,7,2906.69,0,3,22,org.apache.jackrabbit.core.query.lucene.AbstractQueryImpl,0.31,40,1,14,0,40,2,0,15,513,1
"org.apache.jackrabbit.core.query.lucene.QueryImpl$DefaultQueryNodeVisitor",2,0.00,1.00,6,0.06,831.24,2,0,27,4,2,132.58,0,8,0,1,132.58,0.00,0.00,0.00,0,2.00,1,166.23,0,2,2,java.lang.Object,0.00,2,0,2,0,2,0,0,0,44,0
"org.apache.jackrabbit.core.query.lucene.QueryObjectModelImpl",5,0.50,2.00,44,0.67,31696.85,6,1,18,28,18,59.11,43,59,1,2,107.21,0.00,0.50,0.60,1,2.00,4,1999.71,0,2,18,org.apache.jackrabbit.core.query.lucene.AbstractQueryImpl,0.31,23,1,10,0,23,3,0,13,361,1
"org.apache.jackrabbit.core.query.lucene.QueryObjectModelImpl$DefaultTraversingQOMTreeVisitor",1,0.00,1.00,4,0.03,313.32,1,0,18,3,1,128.89,0,5,0,1,128.89,0.00,0.00,0.00,0,1.00,1,78.31,0,1,1,java.lang.Object,0.00,2,0,1,0,2,0,0,0,23,0
"org.apache.jackrabbit.core.query.lucene.QueryResultImpl",10,0.13,3.00,112,1.43,60633.96,28,18,20,36,18,91.76,156,163,3,1,102.11,0.00,0.00,0.17,4,42.00,8,4297.56,0,4,15,java.lang.Object,0.00,26,0,30,0,26,6,1,41,799,1
"org.apache.jackrabbit.core.query.lucene.QueryResultImpl$LazyScoreNodeIterator",13,0.04,2.31,87,0.82,33088.99,17,4,20,22,3,135.58,51,122,0,1,114.96,0.00,0.00,0.21,3,60.00,8,2470.10,0,4,3,java.lang.Object,0.00,9,0,30,0,9,9,1,22,514,2
"org.apache.jackrabbit.core.query.lucene.RangeQuery",8,0.04,2.38,47,0.59,22291.74,12,4,19,21,6,67.60,75,64,5,2,117.60,1.00,0.33,0.28,1,14.00,7,1767.75,0,4,1,org.apache.lucene.search.Query,0.00,13,1,19,1,13,4,1,21,379,1
"org.apache.jackrabbit.core.query.lucene.RangeQuery$RangeQueryScorer",8,0.14,3.38,109,1.58,129645.89,14,6,19,50,3,46.02,74,139,0,2,96.02,0.00,0.50,0.29,2,4.00,15,4743.11,0,1,3,org.apache.lucene.search.Scorer,0.00,42,1,27,0,42,7,0,32,807,2
"org.apache.jackrabbit.core.query.lucene.RangeQuery$RangeQueryWeight",7,0.00,1.00,14,0.09,890.16,7,0,19,10,2,143.44,29,22,0,2,143.20,0.00,0.50,0.00,0,12.00,1,282.90,0,3,2,org.apache.jackrabbit.core.query.lucene.AbstractWeight,0.00,3,1,7,0,3,4,0,7,85,1
"org.apache.jackrabbit.core.query.lucene.RangeScan",4,0.17,1.25,15,0.12,1762.46,6,2,4,7,2,172.22,9,21,2,2,132.33,0.00,0.50,0.38,0,4.00,2,351.15,0,0,0,org.apache.lucene.search.FilteredTermEnum,0.00,3,1,5,0,3,4,0,2,90,0
"org.apache.jackrabbit.core.query.lucene.ReadOnlyIndexReader",15,0.14,1.20,50,0.41,6786.72,18,3,5,29,12,84.14,121,69,7,3,132.25,0.00,0.67,0.20,1,71.00,3,1225.13,2,3,5,org.apache.jackrabbit.core.query.lucene.RefCountingIndexReader,0.00,14,2,18,0,14,12,0,26,314,0
"org.apache.jackrabbit.core.query.lucene.ReadOnlyIndexReader$FilteredTermDocs",4,0.00,1.75,22,0.20,6124.40,4,0,5,4,0,140.33,14,27,0,2,119.72,0.00,0.50,0.00,0,4.00,2,600.32,2,0,0,FilterTermDocs,0.00,0,1,7,0,0,4,0,4,142,1
"org.apache.jackrabbit.core.query.lucene.ReadOnlyIndexReader$FilteredTermPositions",5,0.00,1.00,11,0.10,1357.37,5,0,5,9,0,161.22,17,18,0,2,140.61,0.00,0.50,0.00,0,5.00,1,314.15,0,0,0,org.apache.jackrabbit.core.query.lucene.FilteredTermDocs,0.00,4,1,5,0,4,5,1,5,89,2
"org.apache.jackrabbit.core.query.lucene.Recovery",3,0.12,6.33,73,1.07,128692.19,7,4,7,26,3,100.75,55,80,2,1,82.61,0.00,0.00,0.33,0,5.00,16,3195.67,0,0,2,java.lang.Object,0.00,23,0,19,0,23,3,0,23,551,0
"org.apache.jackrabbit.core.query.lucene.RedoLog",9,0.15,1.89,52,0.54,13754.54,14,5,15,32,4,69.71,84,74,2,1,119.71,0.00,0.00,0.33,2,6.00,6,1615.90,0,1,2,java.lang.Object,0.00,23,0,17,0,23,8,0,18,343,0
"org.apache.jackrabbit.core.query.lucene.RedoLog$ActionCollector",1,0.00,1.00,3,0.02,141.06,1,0,15,1,0,136.28,0,4,0,1,136.28,0.00,0.00,0.00,0,0.00,1,51.02,0,0,0,java.lang.Object,0.00,0,0,1,0,0,1,0,0,16,0
"org.apache.jackrabbit.core.query.lucene.RedoLog$ActionCollector_0",1,0.00,1.00,3,0.02,165.64,1,0,15,2,0,135.73,0,4,0,1,135.73,0.00,0.00,0.00,0,1.00,1,61.77,0,0,0,java.lang.Object,0.00,1,0,1,0,1,1,0,0,19,0
"org.apache.jackrabbit.core.query.lucene.RedoLog$ActionCollector_1",1,0.00,1.00,2,0.01,42.34,1,0,15,1,0,196.96,1,3,0,1,146.96,0.00,0.00,0.00,0,1.00,1,30.34,0,0,0,,0.00,0,0,1,0,0,1,0,1,12,0
"org.apache.jackrabbit.core.query.lucene.RefCountingIndexReader",5,0.50,1.20,13,0.09,968.84,6,1,3,7,4,162.33,18,22,2,2,141.72,2.00,0.25,0.60,0,2.00,2,262.24,0,0,2,org.apache.lucene.index.FilterIndexReader,0.00,2,1,6,2,2,5,1,7,74,1
"org.apache.jackrabbit.core.query.lucene.ReleaseableIndexReader",1,0.00,1.00,2,0.01,51.30,1,0,1,1,2,102.18,11,3,2,1,146.30,0.00,0.00,0.00,0,1.00,1,27.65,0,0,0,,0.00,0,0,1,0,0,1,0,2,11,1
"org.apache.jackrabbit.core.query.lucene.RowIteratorImpl",8,0.04,1.00,36,0.44,7979.20,20,12,31,24,15,95.55,108,53,1,1,124.93,0.00,0.00,0.05,1,0.00,1,1314.38,0,2,14,java.lang.Object,0.00,16,0,8,0,16,6,1,23,282,0
"org.apache.jackrabbit.core.query.lucene.RowIteratorImpl$RowImpl",19,0.06,2.95,166,2.08,85155.03,24,5,31,60,8,64.18,210,227,0,1,108.31,0.00,0.00,0.15,8,176.00,12,6244.70,0,11,8,java.lang.Object,0.00,41,0,56,0,41,8,1,39,1196,0
"org.apache.jackrabbit.core.query.lucene.ScoreNode",3,0.25,1.00,10,0.06,554.14,5,2,1,3,22,93.06,22,14,21,1,135.35,0.00,0.00,0.33,0,5.00,1,166.88,0,1,1,java.lang.Object,0.00,0,0,3,0,0,2,0,6,51,1
"org.apache.jackrabbit.core.query.lucene.ScoreNodeIterator",3,0.00,1.00,4,0.02,69.60,3,0,2,3,7,110.25,29,5,5,2,160.25,0.00,0.50,0.00,0,3.00,1,45.70,0,1,2,,0.00,0,1,3,0,0,2,0,4,20,1
"org.apache.jackrabbit.core.query.lucene.SearchIndex",99,0.01,1.89,615,7.78,323828.17,157,58,69,281,72,71.86,765,894,17,2,114.15,0.00,0.50,0.02,12,7314.00,14,23348.71,1,35,62,org.apache.jackrabbit.core.query.AbstractQueryHandler,0.02,182,1,187,0,182,64,0,182,4295,1
"org.apache.jackrabbit.core.query.lucene.SearchIndex$CombinedIndexReader",9,0.25,2.33,78,0.75,39124.93,11,2,69,19,6,129.08,34,86,0,2,108.47,0.00,0.50,0.72,1,0.00,5,2262.78,0,2,6,org.apache.lucene.index.MultiReader,0.00,10,1,21,0,10,7,2,14,491,3
"org.apache.jackrabbit.core.query.lucene.SearchIndex$FilterMultiColumnQueryHits",1,0.00,1.00,6,0.05,613.83,1,0,69,4,2,120.02,0,9,0,1,120.02,0.00,0.00,0.00,0,1.00,1,156.80,1,0,2,java.lang.Object,0.00,3,0,1,0,3,1,0,0,40,0
"org.apache.jackrabbit.core.query.lucene.SearchIndex$Transformer",1,0.00,1.00,5,0.04,558.00,1,0,69,3,2,123.30,0,6,0,1,123.30,0.00,0.00,0.00,0,1.00,1,116.00,0,1,2,java.lang.Object,0.00,2,0,1,0,2,0,0,0,31,0
"org.apache.jackrabbit.core.query.lucene.SearchIndex$Transformer_0",1,0.00,3.00,14,0.17,4800.54,1,0,69,7,2,99.01,0,20,0,1,99.01,0.00,0.00,0.00,0,0.00,3,522.32,0,1,2,java.lang.Object,0.00,6,0,3,0,6,0,0,0,100,0
"org.apache.jackrabbit.core.query.lucene.SearchIndex$Transformer_1",1,0.00,2.00,7,0.09,1710.60,1,0,69,4,1,113.86,0,13,0,1,113.86,0.00,0.00,0.00,0,0.00,2,262.79,0,1,1,java.lang.Object,0.00,3,0,2,0,3,0,0,0,57,0
"org.apache.jackrabbit.core.query.lucene.SharedFieldCache",5,0.38,3.40,80,1.23,103845.70,7,2,11,49,8,43.33,53,114,1,1,91.80,0.00,0.00,0.20,2,7.00,11,3704.99,0,4,7,java.lang.Object,0.00,44,0,17,0,44,1,0,12,629,0
"org.apache.jackrabbit.core.query.lucene.SharedFieldCache$Key",3,0.50,1.33,15,0.16,3616.70,6,3,11,7,0,141.21,10,22,0,1,120.60,0.00,0.00,0.67,0,1.00,2,469.53,0,0,0,java.lang.Object,0.00,4,0,4,0,4,3,0,3,120,1
"org.apache.jackrabbit.core.query.lucene.SharedFieldCache$ValueIndex",4,0.00,2.75,36,0.35,12504.62,8,4,11,8,0,107.89,19,44,0,1,107.65,0.00,0.00,0.25,1,8.00,3,1058.00,0,2,0,java.lang.Object,0.00,4,0,11,0,4,2,0,7,230,2
"org.apache.jackrabbit.core.query.lucene.SharedFieldSortComparator",4,0.25,2.00,36,0.40,11957.31,8,4,22,15,17,97.52,63,54,2,2,107.88,0.00,0.50,0.06,1,6.00,3,1188.89,0,2,15,org.apache.lucene.search.SortComparator,0.00,11,1,8,0,11,2,0,13,249,1
"org.apache.jackrabbit.core.query.lucene.SharedFieldSortComparator$AbstractScoreDocComparator",4,0.00,3.25,47,0.51,31560.36,6,2,22,14,0,68.97,26,55,0,1,101.19,0.00,0.00,0.50,0,4.00,5,1537.10,0,0,0,java.lang.Object,0.00,10,0,13,0,10,4,1,5,320,1
"org.apache.jackrabbit.core.query.lucene.SharedFieldSortComparator$CompoundScoreDocComparator",2,1.00,2.00,14,0.11,3248.69,3,1,22,3,0,164.03,3,19,0,2,114.03,0.00,0.50,0.50,0,2.00,3,343.34,0,1,0,org.apache.jackrabbit.core.query.lucene.AbstractScoreDocComparator,0.00,1,1,4,0,1,1,0,1,81,2
"org.apache.jackrabbit.core.query.lucene.SharedFieldSortComparator$RelPathScoreDocComparator",3,1.00,2.33,36,0.60,18727.12,4,1,22,27,10,100.90,13,58,0,2,100.66,0.00,0.50,0.33,1,4.00,5,1802.78,0,2,10,org.apache.jackrabbit.core.query.lucene.AbstractScoreDocComparator,0.00,24,1,7,0,24,1,0,2,330,2
"org.apache.jackrabbit.core.query.lucene.SharedFieldSortComparator$SimpleScoreDocComparator",2,0.00,1.50,14,0.20,5051.93,3,1,22,8,3,112.83,9,19,0,2,112.59,0.00,0.50,1.00,0,0.00,2,601.23,0,1,3,org.apache.jackrabbit.core.query.lucene.AbstractScoreDocComparator,0.00,6,1,3,0,6,1,0,2,125,2
"org.apache.jackrabbit.core.query.lucene.SharedIndexReader",5,0.00,1.00,11,0.08,954.75,5,0,4,8,5,93.70,41,17,2,3,141.81,0.00,0.67,0.00,1,5.00,1,241.95,0,3,3,org.apache.jackrabbit.core.query.lucene.RefCountingIndexReader,0.00,3,2,5,0,3,2,0,6,72,0
"org.apache.jackrabbit.core.query.lucene.SimilarityQuery",3,0.00,1.67,23,0.26,8023.94,5,2,7,15,3,94.50,17,31,1,2,112.37,0.00,0.50,0.50,0,1.00,3,774.53,0,2,2,org.apache.lucene.search.Query,0.00,12,1,5,0,12,1,0,6,160,1
"org.apache.jackrabbit.core.query.lucene.SimpleExcerptProvider",2,0.00,4.00,30,0.47,30105.78,3,1,12,18,11,45.81,17,38,1,1,93.91,0.00,0.00,1.00,0,0.00,7,1397.48,0,1,10,java.lang.Object,0.00,16,0,8,0,16,1,1,5,238,1
"org.apache.jackrabbit.core.query.lucene.SingleTermDocs",9,0.31,1.11,27,0.19,3693.09,11,2,4,10,2,132.84,39,38,2,1,132.60,0.00,0.00,0.22,0,22.00,2,567.23,0,0,0,java.lang.Object,0.00,1,0,10,0,1,9,1,12,152,0
"org.apache.jackrabbit.core.query.lucene.SingletonTokenStream",3,0.25,1.33,19,0.18,3617.64,5,2,4,14,3,69.54,26,24,2,2,117.64,0.00,0.50,0.33,0,4.00,2,537.86,0,1,1,org.apache.lucene.analysis.TokenStream,0.00,11,1,4,0,11,2,0,6,128,2
"org.apache.jackrabbit.core.query.lucene.SortedLuceneQueryHits",5,0.19,1.60,41,0.47,12573.04,13,8,10,18,6,61.95,54,49,1,2,110.43,0.00,0.50,0.28,1,5.00,3,1410.35,0,0,6,org.apache.jackrabbit.core.query.lucene.AbstractQueryHits,0.50,13,1,8,0,13,5,0,17,285,2
"org.apache.jackrabbit.core.query.lucene.SpellChecker",3,0.00,1.00,4,0.02,95.00,3,0,3,3,4,109.18,27,5,2,1,159.18,0.00,0.00,0.00,0,3.00,1,66.00,0,1,2,,0.00,0,0,3,0,0,2,0,4,25,1
"org.apache.jackrabbit.core.query.lucene.SpellSuggestion",2,0.00,1.50,11,0.07,1082.74,4,2,2,3,5,85.75,24,15,3,1,123.31,0.00,0.00,0.50,0,2.00,2,217.74,0,1,2,java.lang.Object,0.00,1,0,3,0,1,1,0,5,59,0
"org.apache.jackrabbit.core.query.lucene.SynonymProvider",2,0.00,1.00,3,0.02,87.19,2,0,2,2,6,113.96,23,4,5,1,158.09,0.00,0.00,0.00,0,2.00,1,52.09,0,1,1,,0.00,0,0,2,0,0,1,0,3,20,1
"org.apache.jackrabbit.core.query.lucene.TermDocsCache",2,0.67,8.00,63,1.03,95075.11,8,6,14,32,2,127.34,49,85,1,1,78.06,0.00,0.00,0.50,0,2.00,15,3099.53,0,1,1,java.lang.Object,0.00,30,0,16,0,30,1,0,19,507,1
"org.apache.jackrabbit.core.query.lucene.TermDocsCache$CacheEntry",1,1.00,3.00,6,0.08,2188.07,3,2,14,1,0,115.42,0,8,0,1,115.42,0.00,0.00,0.50,0,0.00,3,246.12,0,0,0,java.lang.Object,0.00,0,0,3,0,0,1,1,0,58,3
"org.apache.jackrabbit.core.query.lucene.TermDocsCache$CachedTermDocs",9,0.08,1.33,34,0.28,6726.12,12,3,14,11,0,151.12,33,44,0,1,130.51,0.00,0.00,0.26,0,18.00,2,833.71,0,0,0,java.lang.Object,0.00,2,0,12,0,2,9,1,11,204,3
"org.apache.jackrabbit.core.query.lucene.TestAll",1,0.00,1.00,5,0.04,864.35,1,0,3,3,1,73.32,10,7,0,2,121.80,0.00,0.50,0.00,0,1.00,1,115.51,0,1,1,junit.framework.TestCase,0.00,2,1,1,0,2,0,0,2,31,1
"org.apache.jackrabbit.core.query.lucene.TextExtractorFilter",3,0.50,2.67,30,0.34,12444.35,4,1,10,13,7,84.84,42,40,1,1,104.98,0.00,0.00,0.67,0,1.00,4,1029.26,0,1,6,java.lang.Object,0.00,10,0,8,1,10,2,1,6,200,1
"org.apache.jackrabbit.core.query.lucene.TextExtractorJob",6,0.07,2.67,55,0.61,20024.01,12,6,18,28,4,69.87,74,84,2,2,107.43,0.00,0.50,0.22,0,18.00,6,1829.28,0,3,2,EDU.oswego.cs.dl.util.concurrent.FutureResult,0.00,22,1,16,0,22,3,1,25,371,1
"org.apache.jackrabbit.core.query.lucene.TextExtractorJob$Callable",1,0.00,4.00,10,0.08,1945.76,1,0,18,3,0,157.48,1,13,0,1,107.48,0.00,0.00,0.00,0,0.00,4,247.72,0,1,0,java.lang.Object,0.00,2,0,4,0,2,0,0,1,55,0
"org.apache.jackrabbit.core.query.lucene.TextExtractorJob$InputStreamReader",1,0.00,2.00,5,0.04,525.58,1,0,18,3,0,173.34,1,7,0,1,123.34,0.00,0.00,0.00,0,1.00,2,113.18,1,0,0,java.lang.Object,0.00,2,0,2,0,2,1,0,1,31,0
"org.apache.jackrabbit.core.query.lucene.TextExtractorReader",4,0.44,3.25,39,0.40,12256.45,10,6,5,12,3,87.54,56,55,2,2,107.68,0.00,0.50,0.50,0,0.00,5,1194.04,0,0,1,java.io.Reader,0.00,8,1,13,0,8,4,0,21,251,0
"org.apache.jackrabbit.core.query.lucene.TextFilterExtractor",4,0.33,1.75,28,0.32,11602.76,6,2,13,13,8,63.60,43,38,1,1,112.08,0.00,0.00,0.25,0,8.00,4,969.18,0,2,7,java.lang.Object,0.00,9,0,7,0,9,2,1,7,194,1
"org.apache.jackrabbit.core.query.lucene.TextFilterExtractor$FilterReader",1,0.00,1.00,4,0.03,280.89,1,0,13,3,0,129.26,0,5,0,1,129.26,0.00,0.00,0.00,0,1.00,1,92.10,1,0,0,java.lang.Object,0.00,2,0,1,0,2,1,0,0,27,0
"org.apache.jackrabbit.core.query.lucene.TextPlainTextFilter",1,0.00,1.00,3,0.02,106.02,1,0,1,2,2,87.25,9,5,0,2,137.25,0.00,0.50,0.00,0,1.00,1,45.51,0,0,2,org.apache.jackrabbit.core.query.lucene.TextExtractorFilter,0.00,1,1,1,0,1,1,0,2,16,1
"org.apache.jackrabbit.core.query.lucene.TransformConstants",0,0.00,0.00,4,0.03,265.97,3,3,0,0,6,171.00,12,5,6,1,171.00,0.00,0.00,0.00,0,0.00,0,85.11,0,0,0,,0.00,0,0,0,0,0,0,0,4,23,1
"org.apache.jackrabbit.core.query.lucene.Transformable",1,0.00,1.00,2,0.01,51.70,1,0,0,1,3,116.90,13,3,3,2,146.28,0.00,0.50,0.00,0,1.00,1,33.60,0,0,0,,0.00,0,1,1,0,0,1,0,2,13,1
"org.apache.jackrabbit.core.query.lucene.Util",5,1.00,2.80,40,0.43,12161.61,6,1,9,22,24,62.31,44,49,19,1,110.41,0.00,0.00,0.20,0,8.00,5,1289.97,0,2,5,java.lang.Object,0.00,17,0,14,0,17,3,0,8,274,1
"org.apache.jackrabbit.core.query.lucene.VolatileIndex",9,0.03,1.56,46,0.46,10039.34,13,4,8,23,7,72.72,73,61,2,2,120.83,0.00,0.50,0.22,1,20.00,4,1394.78,6,0,5,org.apache.jackrabbit.core.query.lucene.AbstractIndex,0.19,14,1,14,0,14,9,0,16,312,0
"org.apache.jackrabbit.core.query.lucene.WeightedHTMLExcerpt",1,0.00,1.00,3,0.06,906.92,1,0,2,2,2,156.19,19,10,0,2,129.91,0.00,0.50,0.00,0,1.00,1,181.93,0,1,2,org.apache.jackrabbit.core.query.lucene.AbstractExcerpt,0.00,1,1,1,0,1,0,0,2,41,1
"org.apache.jackrabbit.core.query.lucene.WeightedHighlighter",6,1.00,4.83,107,1.75,208807.09,7,1,12,40,4,51.41,76,155,3,2,88.98,0.00,0.50,0.17,3,14.00,17,5237.96,1,3,1,org.apache.jackrabbit.core.query.lucene.DefaultHighlighter,0.00,34,1,29,0,34,3,0,20,891,1
"org.apache.jackrabbit.core.query.lucene.WeightedHighlighter$FragmentInfo",6,0.28,1.83,42,0.33,12391.60,11,5,12,13,0,113.23,2,51,0,1,113.23,0.00,0.00,0.43,0,0.00,6,992.45,0,1,0,java.lang.Object,0.00,7,0,11,0,7,5,0,2,215,2
"org.apache.jackrabbit.core.query.lucene.WeightedHighlighter$FragmentInfoPriorityQueue",2,0.00,1.50,9,0.10,3704.31,2,0,12,5,0,143.33,7,13,0,2,122.72,0.00,0.50,0.00,0,2.00,2,300.01,0,0,0,org.apache.lucene.util.PriorityQueue,0.00,3,1,3,0,3,2,0,1,74,2
"org.apache.jackrabbit.core.query.lucene.WeightedXMLExcerpt",1,0.00,1.00,3,0.05,775.69,1,0,2,2,2,169.75,21,10,0,2,130.45,0.00,0.50,0.00,0,1.00,1,142.89,0,1,2,org.apache.jackrabbit.core.query.lucene.AbstractExcerpt,0.00,1,1,1,0,1,0,0,2,35,1
"org.apache.jackrabbit.core.query.lucene.WildcardQuery",7,0.06,1.29,32,0.32,6114.84,13,6,20,15,5,81.19,80,43,4,2,125.32,0.00,0.50,0.12,0,18.00,2,961.75,0,3,1,org.apache.lucene.search.Query,0.00,8,1,9,0,8,4,1,17,226,1
"org.apache.jackrabbit.core.query.lucene.WildcardQuery$Term",1,0.00,1.00,3,0.03,322.26,1,0,20,2,1,133.45,0,4,0,1,133.45,0.00,0.00,0.00,0,0.00,1,93.17,0,1,1,java.lang.Object,0.00,1,0,1,0,1,0,0,0,25,0
"org.apache.jackrabbit.core.query.lucene.WildcardQuery$WildcardQueryScorer",7,0.19,1.86,54,0.57,16150.48,13,6,20,25,2,80.63,47,72,0,2,112.85,0.00,0.50,0.33,1,0.00,5,1719.12,0,1,2,org.apache.lucene.search.Scorer,0.00,18,1,13,0,18,6,0,16,349,2
"org.apache.jackrabbit.core.query.lucene.WildcardQuery$WildcardQueryWeight",7,0.00,1.00,14,0.09,897.38,7,0,20,10,2,143.41,29,22,0,2,143.17,0.00,0.50,0.00,0,12.00,1,281.24,0,3,2,org.apache.jackrabbit.core.query.lucene.AbstractWeight,0.00,3,1,7,0,3,4,0,7,84,1
"org.apache.jackrabbit.core.query.lucene.WildcardTermEnum",5,0.17,4.00,74,0.89,56194.37,11,6,12,28,6,58.47,64,99,3,2,96.03,0.00,0.50,0.30,0,6.00,9,2681.95,0,1,3,org.apache.lucene.search.FilteredTermEnum,0.00,23,1,20,0,23,4,1,21,503,0
"org.apache.jackrabbit.core.query.lucene.WildcardTermEnum$LowerUpperCaseTermEnum",6,0.07,3.33,71,1.22,118219.93,9,3,12,43,3,80.19,34,94,0,2,98.06,0.00,0.50,0.39,1,0.00,13,3663.07,0,1,3,org.apache.lucene.index.TermEnum,0.00,37,1,20,0,37,5,0,17,597,1
"org.apache.jackrabbit.webdav.transaction.TransactionConstants",0,0.00,0.00,13,0.24,5843.66,12,12,4,3,10,171.00,76,14,6,1,171.00,0.00,0.00,0.00,0,0.00,0,724.21,0,0,4,,0.00,3,0,0,0,3,0,0,16,138,1
"org.apache.jackrabbit.webdav.transaction.TransactionDavServletRequest",2,0.00,1.00,3,0.02,87.74,2,0,2,2,5,113.94,23,4,2,2,158.07,0.00,0.50,0.00,0,2.00,1,46.77,0,2,3,,0.00,0,1,2,0,0,0,0,3,18,1
"org.apache.jackrabbit.webdav.transaction.TransactionInfo",4,0.00,1.75,23,0.28,8103.38,6,2,8,13,12,70.28,41,30,7,1,118.76,0.00,0.00,0.50,0,0.00,3,836.00,0,1,5,java.lang.Object,0.00,9,0,7,0,9,3,2,7,178,1
"org.apache.jackrabbit.webdav.transaction.TransactionResource",3,1.00,1.00,5,0.04,358.34,4,1,2,3,16,104.64,28,6,13,2,154.64,0.00,0.50,0.00,0,3.00,1,133.70,0,1,4,,0.00,0,1,3,0,0,2,0,4,40,1
"org.apache.jackrabbit.webdav.transaction.TxActiveLock",4,0.17,2.00,23,0.23,6822.88,6,2,4,12,10,77.03,30,32,5,3,119.32,0.00,0.67,0.38,0,2.00,5,691.92,2,2,5,org.apache.jackrabbit.webdav.lock.DefaultActiveLock,0.45,8,2,8,0,8,2,1,7,150,1
"org.apache.jackrabbit.webdav.transaction.TxLockEntry",3,0.25,1.33,12,0.08,1314.56,5,2,5,4,5,79.57,26,17,1,2,127.67,0.00,0.50,0.33,0,2.00,2,249.39,0,2,4,org.apache.jackrabbit.webdav.lock.AbstractLockEntry,0.00,1,1,4,0,1,1,1,4,65,2
"org.apache.jackrabbit.webdav.transaction.TxLockManager",2,0.00,1.00,3,0.03,184.31,2,0,5,2,9,145.17,30,5,3,2,155.53,0.00,0.50,0.00,0,2.00,1,101.67,0,1,7,,0.00,0,1,2,0,0,1,0,3,30,1
"org.apache.jackrabbit.standalone.Main",10,0.09,2.10,110,1.63,51611.21,16,6,24,75,2,102.75,6,145,1,1,102.75,0.00,0.00,0.25,7,2.00,8,4889.92,0,0,1,java.lang.Object,0.00,65,0,21,0,65,10,0,2,878,1
"org.apache.jackrabbit.standalone.Main$Thread",1,0.00,2.00,9,0.06,785.12,1,0,24,3,0,112.45,0,12,0,1,112.45,0.00,0.00,0.00,0,0.00,2,173.67,0,0,0,java.lang.Object,0.00,2,0,2,0,2,1,0,0,43,0
"org.apache.jackrabbit.value.BaseValue",11,0.03,1.64,52,0.49,10232.76,18,7,8,21,10,92.83,72,86,9,1,125.05,0.00,0.00,0.12,3,43.00,3,1471.16,0,4,1,java.lang.Object,0.00,10,0,18,10,10,7,1,14,334,2
"org.apache.jackrabbit.value.BinaryValue",7,0.17,3.43,65,0.71,41463.54,10,3,8,19,6,57.31,56,98,5,2,105.41,1.00,0.33,0.48,0,1.00,10,2123.19,2,2,1,org.apache.jackrabbit.value.BaseValue,0.22,12,1,24,1,12,5,0,16,431,1
"org.apache.jackrabbit.value.BinaryValueTest",1,0.00,1.00,5,0.07,1102.26,2,1,1,6,1,91.59,13,7,0,2,120.97,0.00,0.50,1.00,0,0.00,1,203.23,0,0,1,junit.framework.TestCase,0.00,5,1,1,0,5,1,0,11,50,1
"org.apache.jackrabbit.value.BooleanValue",10,0.28,1.60,43,0.36,8970.26,12,2,4,16,5,107.31,57,67,4,2,125.18,0.00,0.50,0.25,0,34.00,5,1081.04,1,3,1,org.apache.jackrabbit.value.BaseValue,0.48,6,1,16,0,6,7,0,13,263,1
"org.apache.jackrabbit.value.DateValue",9,0.12,2.22,56,0.50,14581.21,11,2,5,16,15,74.22,67,84,13,2,116.52,0.00,0.50,0.39,0,0.00,5,1514.51,1,3,2,org.apache.jackrabbit.value.BaseValue,0.50,7,1,20,0,7,6,0,12,338,1
"org.apache.jackrabbit.value.DoubleValue",10,0.17,1.90,53,0.47,12781.14,12,2,5,21,4,88.09,60,81,3,2,120.32,0.00,0.50,0.35,0,22.00,5,1413.99,1,3,1,org.apache.jackrabbit.value.BaseValue,0.48,11,1,19,0,11,7,0,14,325,1
"org.apache.jackrabbit.value.LongValue",10,0.17,1.90,53,0.47,12781.14,12,2,5,21,4,88.09,60,81,3,2,120.32,0.00,0.50,0.35,0,22.00,5,1413.99,1,3,1,org.apache.jackrabbit.value.BaseValue,0.48,11,1,19,0,11,7,0,14,325,1
"org.apache.jackrabbit.value.NameValue",11,0.40,1.82,50,0.46,13261.47,13,2,9,18,9,76.04,88,81,3,2,124.14,0.00,0.50,0.14,1,34.00,5,1377.02,1,5,6,org.apache.jackrabbit.value.BaseValue,0.45,7,1,20,0,7,6,0,14,323,1
"org.apache.jackrabbit.value.PathValue",9,0.38,1.78,43,0.37,10801.00,11,2,6,14,6,91.94,60,68,3,2,124.16,0.00,0.50,0.17,0,26.00,5,1107.12,1,3,3,org.apache.jackrabbit.value.BaseValue,0.50,5,1,16,0,5,6,0,12,262,1
"org.apache.jackrabbit.value.ReferenceValue",10,0.33,1.80,48,0.42,11928.63,12,2,7,16,6,91.96,68,76,4,2,124.18,0.00,0.50,0.20,0,34.00,5,1255.42,1,3,2,org.apache.jackrabbit.value.BaseValue,0.48,6,1,18,0,6,7,0,13,295,1
"org.apache.jackrabbit.value.StringValue",4,0.17,2.25,23,0.19,6243.19,6,2,2,6,9,77.30,31,32,8,2,119.59,0.00,0.50,0.38,0,6.00,5,573.39,0,1,1,org.apache.jackrabbit.value.BaseValue,0.13,2,1,9,0,2,3,0,6,136,1
"org.apache.jackrabbit.value.ValueFactoryImpl",10,1.00,1.90,42,0.44,16659.30,11,1,8,26,21,143.64,37,65,12,1,123.02,0.00,0.00,0.10,0,18.00,10,1321.77,0,9,9,java.lang.Object,0.00,16,0,19,0,16,1,1,13,286,1
"org.apache.jackrabbit.value.ValueHelper",23,0.00,3.13,221,3.51,375982.16,23,0,20,58,21,72.58,305,393,16,1,101.96,0.00,0.00,0.00,4,23.00,16,10539.44,0,20,5,java.lang.Object,0.00,35,0,72,0,35,3,0,80,1938,1
"org.apache.jackrabbit.value.ValueHelper$FileInputStream",1,0.00,1.00,4,0.02,230.72,1,0,20,3,0,179.93,1,5,0,1,129.93,0.00,0.00,0.00,0,1.00,1,72.55,0,0,0,java.lang.Object,0.00,2,0,1,0,2,1,0,1,22,0
"org.apache.jackrabbit.core.config.AccessManagerConfig",1,0.00,1.00,3,0.02,106.02,1,0,0,1,8,126.90,15,5,7,2,137.25,0.00,0.50,0.00,0,1.00,1,45.51,0,0,1,org.apache.jackrabbit.core.config.BeanConfig,0.00,0,1,1,0,0,1,0,2,16,1
"org.apache.jackrabbit.core.config.BeanConfig",10,0.04,1.80,49,0.66,29281.87,16,6,5,29,21,76.98,111,80,20,1,121.11,0.00,0.00,0.13,1,50.00,9,1989.69,0,5,1,java.lang.Object,0.00,19,0,18,6,19,5,0,20,394,1
"org.apache.jackrabbit.core.config.ClusterConfig",4,0.11,1.00,14,0.09,1063.86,7,3,0,4,11,86.00,35,19,10,1,134.11,0.00,0.00,0.25,0,10.00,1,260.02,0,2,1,java.lang.Object,0.00,0,0,4,0,0,2,0,8,74,1
"org.apache.jackrabbit.core.config.ConfigurationEntityResolver",2,0.67,3.00,28,0.31,9734.43,5,3,7,9,2,148.95,50,57,2,1,98.96,0.00,0.00,0.67,0,0.00,5,936.36,0,1,0,java.lang.Object,0.00,7,0,6,0,7,1,1,11,204,0
"org.apache.jackrabbit.core.config.ConfigurationErrorHandler",4,1.00,1.00,11,0.13,1631.34,5,1,5,9,2,139.45,17,16,2,1,139.21,0.00,0.00,0.25,1,6.00,1,396.21,0,0,0,java.lang.Object,0.00,5,0,4,0,5,4,1,4,101,1
"org.apache.jackrabbit.core.config.ConfigurationException",2,0.00,1.00,5,0.03,221.18,2,0,1,2,11,101.39,14,8,11,2,143.68,0.00,0.50,0.00,0,2.00,1,88.69,0,0,0,javax.jcr.RepositoryException,0.00,0,1,2,0,0,2,0,3,29,1
"org.apache.jackrabbit.core.config.ConfigurationParser",12,0.09,2.33,86,1.17,42152.92,17,5,14,37,7,81.98,159,133,2,1,111.36,0.00,0.00,0.12,4,54.00,6,3522.17,0,11,5,java.lang.Object,0.00,25,0,28,1,25,1,0,23,695,1
"org.apache.jackrabbit.core.config.JournalConfig",1,0.00,1.00,3,0.02,106.02,1,0,0,1,7,99.69,12,5,6,2,137.25,0.00,0.50,0.00,0,1.00,1,45.51,0,0,1,org.apache.jackrabbit.core.config.BeanConfig,0.00,0,1,1,0,0,1,0,2,16,1
"org.apache.jackrabbit.core.config.LoginModuleConfig",2,3.00,1.50,13,0.12,2436.28,5,3,1,3,12,97.44,29,18,10,2,117.58,0.00,0.50,0.00,0,2.00,2,346.39,2,1,2,org.apache.jackrabbit.core.config.BeanConfig,0.00,1,1,3,0,1,1,0,6,84,1
"org.apache.jackrabbit.core.config.PersistenceManagerConfig",1,0.00,1.00,3,0.02,106.02,1,0,0,1,6,126.90,15,5,5,2,137.25,0.00,0.50,0.00,0,1.00,1,45.51,0,0,1,org.apache.jackrabbit.core.config.BeanConfig,0.00,0,1,1,0,0,1,0,2,16,1
"org.apache.jackrabbit.core.config.RepositoryConfig",28,0.01,2.14,218,2.82,137080.40,45,17,37,91,30,72.68,351,339,13,1,110.24,0.00,0.00,0.07,5,518.00,16,8459.06,0,21,18,java.lang.Object,0.00,63,0,60,0,63,7,2,72,1543,1
"org.apache.jackrabbit.core.config.RepositoryConfigTest",12,0.41,2.17,121,1.54,39356.84,14,2,11,67,9,145.72,27,173,1,2,105.83,0.00,0.50,0.88,1,0.00,4,4628.90,0,0,8,junit.framework.TestCase,0.00,55,1,26,0,55,12,0,12,910,1
"org.apache.jackrabbit.core.config.RepositoryConfigTest$InputStream",1,0.00,1.00,3,0.02,208.76,1,0,11,2,0,134.94,0,4,0,1,134.94,0.00,0.00,0.00,0,1.00,1,52.97,0,0,0,java.lang.Object,0.00,1,0,1,0,1,1,0,0,17,0
"org.apache.jackrabbit.core.config.RepositoryConfigurationParser",18,0.03,1.67,164,2.38,62188.52,50,32,18,57,29,151.37,405,228,4,2,107.42,0.00,0.50,0.06,14,186.00,4,7125.65,7,12,26,org.apache.jackrabbit.core.config.ConfigurationParser,0.00,39,1,30,0,39,6,0,81,1304,1
"org.apache.jackrabbit.core.config.RepositoryConfigurationParser$DataStoreFactory",1,0.00,3.00,14,0.17,5320.74,1,0,18,8,2,98.65,0,16,0,1,98.65,0.00,0.00,0.00,0,0.00,3,495.54,0,1,2,java.lang.Object,0.00,7,0,3,0,7,0,0,0,95,0
"org.apache.jackrabbit.core.config.RepositoryConfigurationParser$FileSystemFactory",1,0.00,3.00,8,0.09,3039.08,1,0,18,5,2,109.63,0,15,0,1,109.63,0.00,0.00,0.00,0,1.00,3,271.22,0,1,2,java.lang.Object,0.00,4,0,3,0,4,0,0,0,60,0
"org.apache.jackrabbit.core.config.RepositoryConfigurationParser$ISMLockingFactory",1,0.00,3.00,10,0.11,3549.59,1,0,18,7,3,105.49,0,16,0,1,105.49,0.00,0.00,0.00,0,0.00,3,331.14,0,1,3,java.lang.Object,0.00,6,0,3,0,6,0,0,0,67,0
"org.apache.jackrabbit.core.config.RepositoryConfigurationParser$RepositoryLockMechanismFactory",1,0.00,4.00,16,0.18,7312.37,1,0,18,8,3,95.34,0,19,0,1,95.34,0.00,0.00,0.00,0,0.00,4,547.23,0,1,3,java.lang.Object,0.00,7,0,4,0,7,0,0,0,104,0
"org.apache.jackrabbit.core.config.SearchConfig",2,1.00,1.50,10,0.08,1356.60,3,1,4,3,8,93.16,27,15,5,2,122.54,0.00,0.50,0.50,0,2.00,2,226.00,0,1,3,org.apache.jackrabbit.core.config.BeanConfig,0.00,1,1,3,0,1,1,1,4,59,1
"org.apache.jackrabbit.core.config.SecurityConfig",5,0.06,1.00,18,0.12,1475.38,9,4,0,5,7,83.75,46,27,4,1,133.75,0.00,0.00,0.20,0,17.00,1,349.39,0,4,3,java.lang.Object,0.00,0,0,5,0,0,1,0,10,96,1
"org.apache.jackrabbit.core.config.SecurityConfigTest",6,0.09,2.17,74,1.15,30379.55,13,7,22,43,14,101.39,2,112,0,4,101.39,0.00,0.75,0.21,1,0.00,6,3448.77,2,1,14,org.apache.jackrabbit.test.AbstractJCRTest,0.31,37,3,13,0,37,5,0,2,638,1
"org.apache.jackrabbit.core.config.SecurityManagerConfig",3,0.25,1.00,11,0.07,947.85,5,2,0,3,7,85.41,26,16,6,2,133.52,0.00,0.50,0.33,0,5.00,1,211.52,0,1,1,org.apache.jackrabbit.core.config.BeanConfig,0.00,0,1,3,0,0,2,0,4,60,1
"org.apache.jackrabbit.core.config.TestAll",1,0.00,1.00,6,0.05,1283.53,1,0,3,3,2,79.93,12,8,0,2,117.50,0.00,0.50,0.00,0,1.00,1,150.40,0,1,2,junit.framework.TestCase,0.00,2,1,1,0,2,0,0,2,39,1
"org.apache.jackrabbit.core.config.VersioningConfig",5,0.06,1.00,18,0.14,2030.63,9,4,6,8,9,84.18,52,27,4,1,132.66,0.00,0.00,0.20,0,17.00,1,416.81,0,3,5,java.lang.Object,0.00,3,0,5,0,3,2,2,10,112,1
"org.apache.jackrabbit.core.config.WorkspaceConfig",9,0.02,1.00,34,0.26,3937.96,17,8,5,11,19,82.41,88,47,12,1,132.40,0.00,0.00,0.11,0,65.00,1,772.25,0,5,7,java.lang.Object,0.00,2,0,9,0,2,4,2,18,193,1
"org.apache.jackrabbit.core.config.WorkspaceConfigTest",2,0.00,2.00,26,0.42,10123.39,3,1,5,26,8,100.35,9,37,1,2,100.12,0.00,0.50,1.00,0,0.00,3,1253.98,0,0,7,junit.framework.TestCase,0.00,24,1,4,0,24,2,0,2,224,1
"org.apache.jackrabbit.core.config.WorkspaceSecurityConfig",2,1.00,1.00,6,0.03,334.48,3,1,0,2,7,117.82,11,9,6,1,135.69,0.00,0.00,0.50,0,2.00,1,95.56,0,0,1,java.lang.Object,0.00,0,0,2,0,0,2,0,4,30,1
"org.apache.jackrabbit.webdav.client.TestAll",1,0.00,1.00,6,0.05,1283.53,1,0,4,3,2,117.50,0,8,0,2,117.50,0.00,0.50,0.00,0,1.00,1,150.40,0,1,2,junit.framework.TestCase,0.00,2,1,1,0,2,0,0,0,39,1
"org.apache.jackrabbit.webdav.client.XmlRequestEntityTest",1,0.00,1.00,13,0.19,3331.12,1,0,11,16,2,101.71,0,15,1,2,101.71,0.00,0.50,0.00,0,1.00,1,565.53,0,0,1,junit.framework.TestCase,0.00,15,1,1,0,15,1,0,0,108,1
"org.apache.jackrabbit.ocm.testmodel.auto.Node",0,0.00,0.00,1,0.03,413.86,0,0,1,0,0,171.00,0,3,0,1,171.00,0.00,0.00,0.00,0,0.00,0,81.75,0,0,0,,0.00,0,0,0,0,0,0,0,0,20,1
"org.apache.jackrabbit.core.persistence.AbstractPersistenceManager",10,0.00,1.90,42,0.47,19571.27,10,0,9,21,12,90.25,60,57,3,1,122.47,0.00,0.00,0.00,2,10.00,10,1401.07,0,2,9,java.lang.Object,0.00,11,0,19,17,11,8,1,11,311,2
"org.apache.jackrabbit.core.persistence.IterablePersistenceManager",1,0.00,1.00,2,0.02,93.27,1,0,4,1,6,162.39,18,4,3,2,144.26,0.00,0.50,0.00,0,1.00,1,56.15,0,1,3,,0.00,0,1,1,0,0,0,0,2,18,1
"org.apache.jackrabbit.core.persistence.PMContext",7,0.03,1.00,26,0.18,2285.83,13,6,6,7,20,85.30,60,39,16,1,133.41,0.00,0.00,0.14,0,37.00,1,542.32,0,6,4,java.lang.Object,0.00,0,0,7,1,0,1,0,14,140,1
"org.apache.jackrabbit.core.persistence.PersistenceManager",12,0.00,1.00,13,0.10,440.31,12,0,9,12,23,114.55,143,17,13,1,158.68,0.00,0.00,0.00,0,12.00,1,298.66,0,5,10,,0.00,0,0,12,0,0,7,0,13,101,1
"org.apache.jackrabbit.ocm.manager.collectionconverter.impl.AbstractCollectionConverterImpl",10,3.00,2.30,41,1.03,28879.45,13,3,16,17,17,160.98,26,88,9,1,121.10,0.00,0.00,0.00,4,10.00,7,3102.54,0,3,8,java.lang.Object,0.00,7,0,23,9,7,7,1,6,613,2
"org.apache.jackrabbit.ocm.manager.collectionconverter.impl.BeanReferenceCollectionConverterImpl",6,0.00,2.83,57,0.97,40891.61,6,0,24,32,12,87.10,30,101,0,2,104.98,0.00,0.50,0.00,1,14.00,6,2909.91,1,1,12,org.apache.jackrabbit.ocm.manager.collectionconverter.impl.AbstractCollectionConverterImpl,0.00,26,1,17,0,26,5,0,8,504,1
"org.apache.jackrabbit.ocm.manager.collectionconverter.impl.BeanReferenceMapConverterImpl",6,0.00,3.17,65,1.22,53233.15,6,0,17,38,13,102.58,26,112,0,2,102.34,0.00,0.50,0.00,1,14.00,6,3653.06,1,1,13,org.apache.jackrabbit.ocm.manager.collectionconverter.impl.AbstractCollectionConverterImpl,0.00,32,1,19,0,32,5,0,8,618,1
"org.apache.jackrabbit.ocm.manager.collectionconverter.impl.DefaultCollectionConverterImpl",9,0.88,5.11,146,2.51,147897.41,10,1,24,58,12,50.22,67,228,1,2,92.51,0.00,0.50,0.22,3,3.00,18,7544.77,1,1,11,org.apache.jackrabbit.ocm.manager.collectionconverter.impl.AbstractCollectionConverterImpl,0.00,49,1,46,0,49,8,0,23,1254,1
"org.apache.jackrabbit.ocm.manager.collectionconverter.impl.EnumCollectionConverterImpl",5,0.50,3.20,58,0.85,34645.69,6,1,21,23,14,69.42,32,90,1,2,101.64,0.00,0.50,0.60,0,2.00,5,2544.46,1,1,13,org.apache.jackrabbit.ocm.manager.collectionconverter.impl.AbstractCollectionConverterImpl,0.00,18,1,16,0,18,4,0,8,454,1
"org.apache.jackrabbit.ocm.manager.collectionconverter.impl.ManageableCollectionImpl",5,0.25,1.00,12,0.07,699.43,6,1,3,8,3,163.49,19,22,2,1,142.87,0.00,0.00,0.80,0,0.00,1,218.46,0,2,1,java.lang.Object,0.00,3,0,5,0,3,3,1,4,66,1
"org.apache.jackrabbit.ocm.manager.collectionconverter.impl.ManageableMapImpl",5,0.25,1.00,13,0.08,847.34,6,1,5,9,4,162.83,19,23,2,1,142.22,0.00,0.00,0.80,0,0.00,1,254.77,0,2,2,java.lang.Object,0.00,4,0,5,0,4,3,1,4,75,1
"org.apache.jackrabbit.ocm.manager.collectionconverter.impl.MapReferenceValueEncoder",3,0.67,1.00,12,0.15,2604.08,6,3,0,5,2,125.40,0,19,2,1,125.40,0.00,0.00,0.78,0,0.00,1,441.45,0,3,0,java.lang.Object,0.00,2,0,3,0,2,0,0,0,108,1
"org.apache.jackrabbit.ocm.manager.collectionconverter.impl.MultiValueCollectionConverterImpl",5,0.00,3.80,68,1.08,46344.24,5,0,20,28,12,49.80,42,110,0,2,97.90,0.00,0.50,0.00,0,2.00,6,3225.86,1,1,12,org.apache.jackrabbit.ocm.manager.collectionconverter.impl.AbstractCollectionConverterImpl,0.00,23,1,19,0,23,4,0,18,553,1
"org.apache.jackrabbit.ocm.manager.collectionconverter.impl.NTCollectionConverterImpl",8,0.36,3.50,92,1.69,65053.44,10,2,28,47,12,52.97,66,163,1,2,101.07,0.00,0.50,0.19,3,8.00,10,5061.76,0,3,11,org.apache.jackrabbit.ocm.manager.collectionconverter.impl.AbstractCollectionConverterImpl,0.00,39,1,28,0,39,5,0,12,888,1
"org.apache.jackrabbit.ocm.manager.collectionconverter.impl.ReferenceCollectionConverterImpl",6,0.00,2.67,48,0.76,29371.73,6,0,21,24,9,108.27,28,88,1,2,108.03,0.00,0.50,0.00,1,6.00,5,2294.60,1,1,8,org.apache.jackrabbit.ocm.manager.collectionconverter.impl.AbstractCollectionConverterImpl,0.00,18,1,16,0,18,5,0,7,417,1
"org.apache.jackrabbit.ocm.manager.collectionconverter.impl.ResidualNodesCollectionConverterImpl",5,0.00,4.00,72,1.11,48434.35,5,0,19,37,10,64.32,32,99,1,2,96.54,0.00,0.50,0.00,0,2.00,8,3320.67,1,1,9,org.apache.jackrabbit.ocm.manager.collectionconverter.impl.AbstractCollectionConverterImpl,0.00,32,1,20,0,32,4,0,10,572,1
"org.apache.jackrabbit.ocm.manager.collectionconverter.impl.ResidualPropertiesCollectionConverterImpl",7,0.00,3.57,90,1.44,79708.96,7,0,22,45,12,66.29,47,134,1,2,98.51,0.00,0.50,0.00,2,12.00,10,4312.38,1,2,11,org.apache.jackrabbit.ocm.manager.collectionconverter.impl.AbstractCollectionConverterImpl,0.00,38,1,25,0,38,5,0,14,718,1
"org.apache.jackrabbit.spi.commons.ChildInfoImpl",4,0.11,1.00,14,0.09,1169.64,7,3,3,4,4,91.49,29,19,2,1,133.78,0.00,0.00,0.25,0,10.00,1,278.61,0,2,2,java.lang.Object,0.00,0,0,4,1,0,2,2,8,77,1
"org.apache.jackrabbit.spi.commons.EventBundleImpl",3,0.25,1.00,10,0.07,841.38,5,2,4,4,2,91.63,21,14,1,1,133.93,0.00,0.00,0.33,0,5.00,1,203.04,0,1,1,java.lang.Object,0.00,1,0,3,0,1,2,2,6,58,1
"org.apache.jackrabbit.spi.commons.EventFilterImpl",9,0.17,2.44,61,0.79,26956.50,15,6,10,34,6,96.52,50,97,2,1,114.39,0.00,0.00,0.31,0,17.00,10,2382.25,0,4,4,java.lang.Object,0.00,25,0,22,0,25,5,2,18,481,1
"org.apache.jackrabbit.spi.commons.EventImpl",8,0.02,1.00,32,0.26,4796.51,15,7,6,9,6,94.45,50,43,1,1,126.67,0.00,0.00,0.12,0,50.00,1,776.07,0,6,5,java.lang.Object,0.00,1,0,8,0,1,2,2,16,191,1
"org.apache.jackrabbit.spi.commons.ItemInfoImpl",4,0.33,1.00,12,0.09,982.24,6,2,5,4,6,86.28,33,17,2,1,134.38,0.00,0.00,0.25,0,8.00,1,262.56,0,1,4,java.lang.Object,0.00,0,0,4,4,0,3,2,7,73,2
"org.apache.jackrabbit.spi.commons.LockInfoImpl",9,0.04,1.00,32,0.25,4101.20,16,7,3,9,3,89.97,68,45,1,1,132.27,0.00,0.00,0.11,0,58.00,1,752.42,0,3,2,java.lang.Object,0.00,0,0,9,1,0,6,2,17,193,1
"org.apache.jackrabbit.spi.commons.NodeInfoImpl",10,0.05,1.70,63,0.83,37768.25,17,7,11,34,10,65.58,80,89,2,2,113.68,1.00,0.33,0.10,0,66.00,5,2498.80,0,7,8,org.apache.jackrabbit.spi.commons.ItemInfoImpl,0.00,24,1,17,1,24,3,1,19,506,1
"org.apache.jackrabbit.spi.commons.NodeInfoImpl$Iterator",3,0.00,1.00,10,0.09,1381.99,3,0,11,12,2,132.23,0,15,0,1,132.23,0.00,0.00,0.00,0,3.00,1,281.01,0,1,2,java.lang.Object,0.00,9,0,3,0,9,2,0,0,72,0
"org.apache.jackrabbit.spi.commons.NodeInfoImpl$Iterator_0",3,0.00,1.33,11,0.09,2012.51,3,0,11,8,2,130.88,0,15,0,1,130.88,0.00,0.00,0.00,0,1.00,2,263.44,0,1,2,java.lang.Object,0.00,5,0,4,0,5,2,0,0,68,0
"org.apache.jackrabbit.spi.commons.PropertyInfoImpl",7,0.12,1.14,31,0.36,8380.48,11,4,8,20,10,76.17,56,48,2,2,124.27,1.00,0.33,0.14,0,27.00,2,1087.46,0,3,8,org.apache.jackrabbit.spi.commons.ItemInfoImpl,0.00,13,1,8,1,13,4,1,12,245,1
"org.apache.jackrabbit.spi.commons.QItemDefinitionImpl",10,0.04,1.40,38,0.45,11974.86,18,8,6,23,7,86.59,78,59,2,1,128.88,0.00,0.00,0.16,0,42.00,5,1359.51,0,2,5,java.lang.Object,0.00,13,0,14,4,13,8,2,21,303,2
"org.apache.jackrabbit.spi.commons.QNodeDefinitionImpl",8,0.10,1.88,47,0.56,22048.71,11,3,4,27,6,75.40,60,74,3,2,117.69,1.00,0.33,0.25,1,26.00,5,1675.03,4,2,3,org.apache.jackrabbit.spi.commons.QItemDefinitionImpl,0.11,19,1,15,1,19,6,1,16,362,1
"org.apache.jackrabbit.spi.commons.QNodeTypeDefinitionImpl",14,0.01,2.14,118,1.29,65888.12,23,9,11,34,10,65.92,110,146,2,1,108.22,0.00,0.00,0.10,0,106.00,12,3874.75,0,9,8,java.lang.Object,0.00,20,0,30,1,20,5,2,30,806,1
"org.apache.jackrabbit.spi.commons.QPropertyDefinitionImpl",9,0.03,1.67,47,0.56,17807.02,13,4,4,26,7,70.75,74,77,3,2,118.85,1.00,0.33,0.22,2,35.00,4,1681.24,4,2,4,org.apache.jackrabbit.spi.commons.QItemDefinitionImpl,0.11,17,1,15,1,17,7,1,17,369,1
"org.apache.jackrabbit.spi.commons.SerializableBatch",12,0.09,1.08,41,0.49,8497.76,14,2,20,23,6,170.63,24,60,0,1,130.74,0.00,0.00,0.42,0,0.00,2,1479.38,0,1,6,java.lang.Object,0.00,11,0,13,0,11,11,2,6,344,1
"org.apache.jackrabbit.spi.commons.SerializableBatch$AddNode",2,0.50,1.00,12,0.11,1497.16,6,4,20,3,3,169.34,3,15,0,1,119.34,0.00,0.00,0.50,0,2.00,1,329.26,0,0,3,java.lang.Object,0.00,1,0,2,0,1,2,1,1,84,2
"org.apache.jackrabbit.spi.commons.SerializableBatch$AddProperty",2,0.50,1.50,15,0.14,2432.83,6,4,20,3,4,165.09,3,20,0,1,115.09,0.00,0.00,0.50,0,2.00,2,420.06,0,0,4,java.lang.Object,0.00,1,0,3,0,1,2,1,1,101,2
"org.apache.jackrabbit.spi.commons.SerializableBatch$Move",2,0.33,1.00,10,0.09,1155.23,5,3,20,3,3,173.18,3,13,0,1,123.18,0.00,0.00,0.50,0,2.00,1,258.40,0,0,3,java.lang.Object,0.00,1,0,2,0,1,2,1,1,69,2
"org.apache.jackrabbit.spi.commons.SerializableBatch$Operation",1,0.00,1.00,2,0.01,88.08,1,0,20,1,1,102.16,7,3,0,2,144.46,0.00,0.50,0.00,0,1.00,1,44.04,0,0,1,,0.00,0,1,1,0,0,1,0,1,15,1
"org.apache.jackrabbit.spi.commons.SerializableBatch$Remove",2,1.00,1.00,6,0.05,478.47,3,1,20,3,2,184.47,3,9,0,1,134.47,0.00,0.00,0.50,0,2.00,1,135.35,0,0,2,java.lang.Object,0.00,1,0,2,0,1,2,1,1,39,2
"org.apache.jackrabbit.spi.commons.SerializableBatch$ReorderNodes",2,0.33,1.00,10,0.08,1275.81,5,3,20,3,2,172.84,3,13,0,1,122.84,0.00,0.00,0.50,0,2.00,1,252.33,0,0,2,java.lang.Object,0.00,1,0,2,0,1,2,1,1,69,2
"org.apache.jackrabbit.spi.commons.SerializableBatch$SetMixins",2,0.00,1.00,8,0.07,904.53,4,2,20,3,3,177.63,3,11,0,1,127.63,0.00,0.00,0.50,0,2.00,1,208.76,0,0,3,java.lang.Object,0.00,1,0,2,0,1,2,1,1,56,2
"org.apache.jackrabbit.spi.commons.SerializableBatch$SetValue",2,0.33,1.50,13,0.11,1944.51,5,3,20,3,3,168.35,3,17,0,1,118.35,0.00,0.00,0.50,0,2.00,2,342.29,0,0,3,java.lang.Object,0.00,1,0,3,0,1,2,1,1,85,2
"org.apache.jackrabbit.spi.commons.SessionInfoImpl",8,0.14,1.00,19,0.14,1835.22,11,3,4,13,1,123.31,44,28,0,1,141.18,0.00,0.00,0.21,0,26.00,1,425.72,0,3,1,java.lang.Object,0.00,5,0,8,0,5,5,2,13,120,1
"org.apache.jackrabbit.core.integration.random.task.ContentOperationsTask",2,0.00,1.00,5,0.06,815.97,2,0,3,3,4,189.21,3,11,1,2,139.21,0.00,0.50,0.00,0,2.00,1,189.26,0,1,3,org.apache.jackrabbit.core.integration.random.task.RandomOperationsTask,0.00,1,1,2,0,1,1,0,1,49,1
"org.apache.jackrabbit.core.integration.random.task.RandomOperationsTask",5,0.00,1.60,32,0.42,13947.60,11,6,7,18,5,164.73,5,48,2,1,114.73,0.00,0.00,0.17,1,11.00,4,1262.57,0,1,3,java.lang.Object,0.00,13,0,8,2,13,4,1,3,259,2
"org.apache.jackrabbit.core.integration.random.task.VersionOperationsTask",2,0.00,1.00,6,0.06,835.17,2,0,3,3,4,182.56,3,12,1,2,132.56,0.00,0.50,0.00,0,2.00,1,193.26,0,1,3,org.apache.jackrabbit.core.integration.random.task.RandomOperationsTask,0.00,1,1,2,0,1,1,0,1,50,1
"org.apache.jackrabbit.core.fs.AbstractFileSystemTest",8,0.07,1.25,189,2.73,386836.31,10,2,5,36,4,103.88,25,203,2,2,83.26,3.00,0.20,0.56,2,0.00,3,8178.19,0,1,2,junit.framework.TestCase,0.00,28,1,10,3,28,7,0,25,1455,2
"org.apache.jackrabbit.core.fs.BasedFileSystem",22,0.02,1.36,64,0.69,14640.18,24,2,2,46,7,158.08,72,96,4,1,137.47,0.00,0.00,0.48,1,0.00,6,2081.62,0,6,3,java.lang.Object,0.00,24,0,30,0,24,16,1,25,516,1
"org.apache.jackrabbit.core.fs.FileSystem",20,2.00,1.00,23,0.18,987.13,22,2,2,20,43,107.67,180,25,41,1,157.67,0.00,0.00,0.00,0,20.00,1,552.89,0,5,2,,0.00,0,0,20,0,0,15,0,23,181,1
"org.apache.jackrabbit.core.fs.FileSystemException",2,0.00,1.00,5,0.03,221.18,2,0,0,2,27,95.20,20,8,27,2,143.68,0.00,0.50,0.00,0,2.00,1,88.69,0,0,0,java.lang.Exception,0.00,0,1,2,0,0,2,0,3,29,1
"org.apache.jackrabbit.core.fs.FileSystemFactory",1,0.00,1.00,2,0.01,38.26,1,0,1,1,6,127.16,14,3,5,1,147.31,0.00,0.00,0.00,0,1.00,1,25.51,0,1,1,,0.00,0,0,1,0,0,0,0,2,11,1
"org.apache.jackrabbit.core.fs.FileSystemPathUtil",9,0.12,2.44,94,1.08,53821.33,13,4,2,32,8,53.75,84,104,6,1,103.75,0.00,0.00,0.14,1,33.00,7,3232.14,0,6,2,java.lang.Object,0.00,23,0,22,0,23,3,0,20,641,2
"org.apache.jackrabbit.core.fs.FileSystemResource",20,0.18,1.45,65,0.61,15239.81,22,2,4,38,26,130.66,98,100,22,1,130.42,0.00,0.00,0.68,3,0.00,5,1835.94,0,7,4,java.lang.Object,0.00,18,0,29,0,18,13,0,23,453,1
"org.apache.jackrabbit.core.fs.RandomAccessOutputStream",1,0.00,1.00,2,0.02,132.18,1,0,2,1,7,105.50,12,3,7,2,143.07,1.00,0.33,0.00,0,1.00,1,52.87,0,0,0,java.io.OutputStream,0.00,0,1,1,1,0,1,0,2,17,2
"org.apache.jackrabbit.core.fs.local.FileUtil",3,0.00,4.67,38,0.46,29992.15,3,0,3,17,1,50.79,25,47,1,1,98.89,0.00,0.00,0.00,2,3.00,9,1373.03,0,0,0,java.lang.Object,0.00,14,0,14,0,14,3,0,8,262,2
"org.apache.jackrabbit.core.fs.local.HandleMonitor",6,0.00,1.50,29,0.31,6179.36,8,2,10,20,3,82.43,43,38,2,1,124.72,0.00,0.00,0.50,1,0.00,2,916.08,0,1,1,java.lang.Object,0.00,14,0,9,0,14,5,0,10,216,1
"org.apache.jackrabbit.core.fs.local.HandleMonitor$Handle",5,0.12,1.60,25,0.26,5536.58,7,2,10,16,1,102.97,29,35,0,1,120.85,0.00,0.00,0.60,1,2.00,3,794.92,0,1,1,java.lang.Object,0.00,11,0,8,0,11,4,0,8,184,1
"org.apache.jackrabbit.core.fs.local.HandleMonitor$Handle$MonitoredInputStream",3,1.00,1.00,9,0.07,820.15,4,1,10,5,1,134.25,13,13,0,3,134.01,0.00,0.67,0.33,0,4.00,1,213.99,1,0,1,org.apache.jackrabbit.util.LazyFileInputStream,0.19,2,2,3,0,2,3,0,5,60,1
"org.apache.jackrabbit.core.fs.local.LocalFileSystem",30,0.11,2.27,208,2.54,100680.83,33,3,14,68,16,134.63,101,286,9,1,114.02,0.00,0.00,0.44,3,0.00,6,7628.73,0,9,7,java.lang.Object,0.00,38,0,68,0,38,21,1,32,1571,1
"org.apache.jackrabbit.core.fs.local.LocalFileSystem$FileFilter",1,0.00,1.00,3,0.02,173.90,1,0,14,2,0,135.56,0,4,0,1,135.56,0.00,0.00,0.00,0,1.00,1,52.97,0,0,0,java.lang.Object,0.00,1,0,1,0,1,1,0,0,17,0
"org.apache.jackrabbit.core.fs.local.LocalFileSystem$FileFilter_0",1,0.00,1.00,3,0.02,173.90,1,0,14,2,0,135.56,0,4,0,1,135.56,0.00,0.00,0.00,0,1.00,1,52.97,0,0,0,java.lang.Object,0.00,1,0,1,0,1,1,0,0,17,0
"org.apache.jackrabbit.core.fs.local.LocalFileSystemTest",4,0.33,1.25,21,0.17,4127.42,5,1,4,10,3,121.14,0,24,0,3,121.14,0.00,0.67,0.75,1,0.00,2,521.49,2,1,3,org.apache.jackrabbit.core.fs.AbstractFileSystemTest,0.75,6,2,5,0,6,3,0,0,126,1
"org.apache.jackrabbit.core.fs.local.RAFOutputStream",9,0.12,1.11,39,0.37,7311.79,15,6,3,14,2,93.38,59,50,1,3,125.60,0.00,0.67,0.28,2,17.00,2,1095.68,0,0,1,org.apache.jackrabbit.core.fs.RandomAccessOutputStream,0.30,5,2,10,0,5,9,0,17,260,0
"org.apache.jackrabbit.api.security.user.AbstractUserTest",11,1.00,1.91,55,0.68,21393.12,12,1,20,36,20,118.88,6,76,8,4,118.88,5.67,0.14,0.09,4,20.00,4,2043.09,1,10,12,org.apache.jackrabbit.test.AbstractJCRTest,0.13,25,3,21,17,25,1,0,4,444,2
"org.apache.jackrabbit.api.security.user.Authorizable",15,0.00,1.00,16,0.11,519.64,15,0,5,15,32,108.88,139,17,30,1,158.88,0.00,0.00,0.00,0,15.00,1,326.90,0,7,2,,0.00,0,0,15,0,0,8,0,16,114,1
"org.apache.jackrabbit.api.security.user.AuthorizableExistsException",1,0.00,1.00,3,0.02,106.02,1,0,1,1,8,157.87,3,5,8,2,137.25,0.00,0.50,0.00,0,1.00,1,45.51,0,0,0,javax.jcr.RepositoryException,0.00,0,1,1,0,0,1,0,1,16,1
"org.apache.jackrabbit.api.security.user.AuthorizableTest",23,1.00,1.96,200,2.33,66472.14,24,1,9,63,8,149.79,52,258,1,5,109.90,0.00,0.80,0.00,0,0.00,4,6991.11,3,0,7,org.apache.jackrabbit.api.security.user.AbstractUserTest,0.00,40,4,45,0,40,23,0,18,1392,1
"org.apache.jackrabbit.api.security.user.Group",5,0.00,1.00,6,0.04,190.72,5,0,2,5,20,116.26,36,7,19,2,158.55,0.00,0.50,0.00,0,5.00,1,121.11,0,2,1,,0.00,0,1,5,0,0,3,0,6,43,1
"org.apache.jackrabbit.api.security.user.GroupTest",18,1.00,2.06,164,2.02,56968.08,19,1,7,45,6,157.67,35,211,1,5,107.67,0.00,0.80,0.00,4,0.00,3,6054.73,3,0,5,org.apache.jackrabbit.api.security.user.AbstractUserTest,0.00,27,4,37,0,27,18,0,6,1232,1
"org.apache.jackrabbit.api.security.user.Impersonation",4,0.00,1.00,5,0.03,146.26,4,0,4,4,10,108.69,37,6,9,1,158.69,0.00,0.00,0.00,0,4.00,1,97.51,0,1,1,,0.00,0,0,4,0,0,3,0,5,35,1
"org.apache.jackrabbit.api.security.user.ImpersonationTest",18,0.04,1.22,100,1.12,21577.26,21,3,9,33,5,120.64,5,139,1,5,120.64,0.00,0.80,0.37,1,0.00,2,3363.44,7,2,4,org.apache.jackrabbit.api.security.user.AbstractUserTest,0.20,15,4,22,0,15,16,0,3,738,1
"org.apache.jackrabbit.api.security.user.NestedGroupTest",6,1.00,3.83,81,0.98,57135.80,7,1,7,19,7,97.81,5,105,1,5,97.81,0.00,0.80,0.00,0,0.00,8,2929.00,3,0,6,org.apache.jackrabbit.api.security.user.AbstractUserTest,0.27,13,4,23,0,13,6,0,3,587,1
"org.apache.jackrabbit.api.security.user.TestAll",1,0.00,1.00,12,0.13,4399.74,1,0,3,3,8,59.76,7,14,0,2,102.05,0.00,0.50,0.00,0,1.00,1,381.92,0,1,8,junit.framework.TestCase,0.00,2,1,1,0,2,0,0,1,87,1
"org.apache.jackrabbit.api.security.user.User",4,0.00,1.00,5,0.03,126.72,4,0,2,4,26,126.96,24,6,25,2,159.18,0.00,0.50,0.00,0,4.00,1,81.11,0,2,1,,0.00,0,1,4,0,0,2,0,5,31,1
"org.apache.jackrabbit.api.security.user.UserManager",8,3.00,1.00,12,0.12,725.92,11,3,3,8,23,135.44,118,14,19,1,155.58,0.00,0.00,0.00,0,8.00,1,364.95,0,6,4,,0.00,0,0,8,0,0,2,0,12,107,1
"org.apache.jackrabbit.api.security.user.UserManagerCreateGroupTest",5,0.00,2.00,44,0.52,9768.53,7,2,7,23,5,161.24,7,56,1,5,111.24,0.00,0.80,0.50,0,0.00,3,1551.15,2,0,4,org.apache.jackrabbit.api.security.user.AbstractUserTest,0.14,18,4,10,0,18,5,0,5,327,1
"org.apache.jackrabbit.api.security.user.UserManagerCreateUserTest",15,0.00,1.87,120,1.52,30297.25,17,2,7,31,5,161.14,15,158,1,5,111.14,0.00,0.80,0.50,0,0.00,3,4568.95,2,0,4,org.apache.jackrabbit.api.security.user.AbstractUserTest,0.11,16,4,28,0,16,15,0,13,945,1
"org.apache.jackrabbit.api.security.user.UserManagerTest",2,0.00,2.50,23,0.25,5811.56,2,0,5,7,4,144.56,5,23,1,5,104.67,0.00,0.80,0.00,0,0.00,3,757.86,1,0,3,org.apache.jackrabbit.api.security.user.AbstractUserTest,0.00,5,4,5,0,5,2,0,3,153,1
"org.apache.jackrabbit.api.security.user.UserTest",6,1.00,1.50,36,0.46,10343.46,7,1,8,24,4,166.39,7,50,1,5,116.39,0.00,0.80,0.00,0,0.00,3,1366.94,1,0,3,org.apache.jackrabbit.api.security.user.AbstractUserTest,0.00,18,4,9,0,18,6,0,5,283,1
"org.apache.jackrabbit.core.nodetype.AbstractItemDefinitionTemplate",13,0.05,1.00,35,0.22,2332.95,18,5,2,18,2,142.26,58,48,2,1,142.02,0.00,0.00,0.15,0,59.00,1,664.41,0,2,0,java.lang.Object,0.00,5,0,13,2,5,11,1,16,187,1
"org.apache.jackrabbit.core.nodetype.BitsetENTCacheImpl",13,0.08,1.77,86,0.90,26587.80,19,6,7,42,5,83.55,90,107,2,1,115.77,0.00,0.00,0.24,5,5.00,4,2708.43,0,4,3,java.lang.Object,0.00,29,0,23,0,29,9,1,27,603,1
"org.apache.jackrabbit.core.nodetype.BitsetENTCacheImpl$BitsetKey",12,0.09,3.42,124,1.60,103573.30,15,3,7,20,2,70.20,79,149,0,1,102.42,0.00,0.00,0.42,1,0.00,8,4804.37,0,3,2,java.lang.Object,0.00,8,0,41,0,8,9,1,18,958,1
"org.apache.jackrabbit.core.nodetype.BooleanConstraint",3,0.50,2.33,24,0.27,7698.32,4,1,19,11,10,110.27,1,38,1,2,110.27,0.00,0.50,0.67,0,0.00,3,803.43,0,0,10,org.apache.jackrabbit.core.nodetype.ValueConstraint,0.00,8,1,7,0,8,3,0,1,170,0
"org.apache.jackrabbit.core.nodetype.CyclicNodeTypeRegistrationTest",5,0.60,2.40,107,1.69,81577.73,10,5,11,34,12,58.92,69,123,0,4,88.30,0.00,0.75,0.68,0,0.00,3,5084.33,2,0,12,org.apache.jackrabbit.test.AbstractJCRTest,0.32,29,3,12,0,29,5,0,19,905,1
"org.apache.jackrabbit.core.nodetype.DateConstraint",3,0.62,7.00,70,0.99,73470.11,7,4,19,20,10,135.19,5,112,1,2,85.19,0.00,0.50,0.67,0,0.00,10,2964.23,0,0,10,org.apache.jackrabbit.core.nodetype.ValueConstraint,0.00,17,1,21,0,17,3,0,5,544,0
"org.apache.jackrabbit.core.nodetype.EffectiveNodeType",39,0.02,5.15,598,8.44,751889.39,45,6,15,107,25,50.72,279,789,17,1,93.01,0.00,0.00,0.18,9,326.00,27,25324.63,0,18,10,java.lang.Object,0.00,68,0,201,0,68,21,1,123,4598,1
"org.apache.jackrabbit.core.nodetype.EffectiveNodeTypeCache",8,0.00,1.00,10,0.06,224.51,8,0,2,8,6,127.37,53,11,4,3,159.60,0.00,0.67,0.00,0,8.00,1,168.83,0,1,3,,0.00,0,2,8,0,0,7,0,10,62,1
"org.apache.jackrabbit.core.nodetype.EffectiveNodeTypeCache$Key",3,0.00,1.00,4,0.02,72.40,3,0,2,3,1,117.82,22,5,0,2,160.11,0.00,0.50,0.00,0,3.00,1,54.98,0,2,1,,0.00,0,1,3,0,0,1,0,3,23,0
"org.apache.jackrabbit.core.nodetype.EffectiveNodeTypeCacheImpl",11,0.10,1.82,63,0.60,12933.92,13,2,10,32,4,72.51,91,81,1,1,120.61,0.00,0.00,0.59,4,0.00,4,1796.26,0,1,3,java.lang.Object,0.00,21,0,20,0,21,10,1,33,418,1
"org.apache.jackrabbit.core.nodetype.EffectiveNodeTypeCacheImpl$WeightedKey",11,0.05,1.82,68,0.68,24613.45,13,2,10,25,1,115.69,51,76,0,1,115.46,0.00,0.00,0.45,0,0.00,5,2032.43,0,2,1,java.lang.Object,0.00,14,0,20,0,14,9,1,19,450,2
"org.apache.jackrabbit.core.nodetype.InvalidConstraintException",2,0.00,1.00,5,0.03,221.18,2,0,0,2,11,93.68,18,8,11,2,143.68,0.00,0.50,0.00,0,2.00,1,88.69,0,0,0,java.lang.Exception,0.00,0,1,2,0,0,2,0,3,29,1
"org.apache.jackrabbit.core.nodetype.InvalidNodeTypeDefException",2,0.00,1.00,5,0.03,221.18,2,0,0,2,13,93.68,18,8,13,2,143.68,0.00,0.50,0.00,0,2.00,1,88.69,0,0,0,java.lang.Exception,0.00,0,1,2,0,0,2,0,3,29,1
"org.apache.jackrabbit.core.nodetype.ItemDef",8,2.00,1.00,11,0.05,589.41,10,2,2,8,12,124.07,54,12,10,1,156.30,0.00,0.00,0.00,0,8.00,1,151.57,0,2,2,,0.00,0,0,8,0,0,6,0,10,55,1
"org.apache.jackrabbit.core.nodetype.ItemDefImpl",16,0.03,1.38,47,0.44,12733.70,22,6,2,18,5,104.63,105,75,3,1,136.85,0.00,0.00,0.14,0,96.00,5,1325.21,0,2,2,java.lang.Object,0.00,2,0,22,2,2,14,1,25,324,2
"org.apache.jackrabbit.core.nodetype.ItemDefinitionImpl",11,0.08,1.55,45,0.38,7132.45,16,5,8,25,7,94.08,68,67,3,1,126.30,0.00,0.00,0.27,0,0.00,3,1141.08,0,3,4,java.lang.Object,0.00,14,0,17,2,14,8,1,21,281,1
"org.apache.jackrabbit.core.nodetype.NameConstraint",3,0.00,2.67,27,0.33,11325.47,4,1,19,13,10,107.01,2,48,1,2,107.01,0.00,0.50,1.00,0,0.00,3,985.87,0,1,10,org.apache.jackrabbit.core.nodetype.ValueConstraint,0.00,10,1,8,0,10,2,0,2,202,0
"org.apache.jackrabbit.core.nodetype.NodeDef",4,1.00,1.00,6,0.03,407.08,5,1,1,4,31,122.97,27,7,30,2,155.19,0.00,0.50,0.00,0,4.00,1,96.55,0,2,2,,0.00,0,1,4,0,0,2,0,5,34,1
"org.apache.jackrabbit.core.nodetype.NodeDefId",6,0.20,2.17,43,0.43,16773.45,8,2,3,20,18,64.05,50,54,17,1,112.16,0.00,0.00,0.33,0,0.00,5,1300.83,0,2,2,java.lang.Object,0.00,14,0,13,0,14,4,1,14,271,1
"org.apache.jackrabbit.core.nodetype.NodeDefImpl",17,0.05,1.35,64,0.53,11562.22,21,4,4,29,13,98.61,105,93,8,2,130.83,0.00,0.50,0.29,0,0.00,4,1596.85,7,2,5,org.apache.jackrabbit.core.nodetype.ItemDefImpl,0.30,12,1,23,0,12,15,1,35,396,1
"org.apache.jackrabbit.core.nodetype.NodeDefinitionImpl",7,0.50,2.71,58,0.64,28243.53,8,1,9,15,11,60.21,72,77,6,2,108.69,0.00,0.50,0.57,0,0.00,5,1931.97,0,4,6,org.apache.jackrabbit.core.nodetype.ItemDefinitionImpl,0.00,8,1,19,0,8,3,1,18,396,1
"org.apache.jackrabbit.core.nodetype.NodeDefinitionTemplateImpl",10,0.00,1.20,35,0.31,6978.74,14,4,5,16,5,131.00,41,46,2,2,130.77,0.00,0.50,0.25,0,30.00,3,925.13,0,4,4,org.apache.jackrabbit.core.nodetype.AbstractItemDefinitionTemplate,0.00,6,1,12,0,6,6,1,14,223,0
"org.apache.jackrabbit.core.nodetype.NodeTypeConflictException",2,0.00,1.00,5,0.03,221.18,2,0,0,2,10,93.68,18,8,10,2,143.68,0.00,0.50,0.00,0,2.00,1,88.69,0,0,0,java.lang.Exception,0.00,0,1,2,0,0,2,0,3,29,1
"org.apache.jackrabbit.core.nodetype.NodeTypeDef",22,0.09,1.86,128,1.38,53462.77,31,9,10,48,36,85.90,132,163,30,1,118.12,0.00,0.00,0.20,3,162.00,11,4130.13,0,5,6,java.lang.Object,0.00,26,0,41,0,26,17,1,32,880,1
"org.apache.jackrabbit.core.nodetype.NodeTypeDefDiff",15,0.17,2.53,159,1.89,98530.14,24,9,8,46,8,53.42,140,188,3,1,103.42,0.00,0.00,0.27,3,0.00,7,5675.94,0,4,5,java.lang.Object,0.00,31,0,38,0,31,11,0,32,1093,1
"org.apache.jackrabbit.core.nodetype.NodeTypeDefDiff$ChildItemDefDiff",7,0.28,2.57,51,0.46,14393.06,10,3,8,15,1,153.05,14,71,0,1,113.17,0.00,0.00,0.57,5,0.00,8,1383.02,0,1,1,java.lang.Object,0.00,8,0,18,0,8,6,0,11,308,1
"org.apache.jackrabbit.core.nodetype.NodeTypeDefDiff$ChildNodeDefDiff",4,0.00,2.25,22,0.23,7277.90,4,0,8,10,1,158.95,10,32,0,2,119.07,0.00,0.50,0.00,2,10.00,6,693.70,1,0,1,org.apache.jackrabbit.core.nodetype.ChildItemDefDiff,0.00,6,1,9,0,6,4,0,5,152,1
"org.apache.jackrabbit.core.nodetype.NodeTypeDefDiff$PropDefDiff",4,0.00,3.50,43,0.48,30773.69,4,0,8,13,2,103.04,17,51,0,2,102.81,0.00,0.50,0.00,2,10.00,11,1448.00,1,0,2,org.apache.jackrabbit.core.nodetype.ChildItemDefDiff,0.00,9,1,14,0,9,4,0,9,273,1
"org.apache.jackrabbit.core.nodetype.NodeTypeDefStore",9,0.12,1.11,26,0.26,4164.83,10,1,11,22,6,138.99,39,38,1,1,138.76,0.00,0.00,0.89,1,0.00,2,787.58,0,2,5,java.lang.Object,0.00,13,0,10,0,13,7,0,11,196,1
"org.apache.jackrabbit.core.nodetype.NodeTypeDefinitionImpl",9,0.29,1.78,57,0.57,16160.65,12,3,8,23,9,83.99,57,68,1,1,116.21,0.00,0.00,0.59,0,0.00,3,1707.64,0,5,8,java.lang.Object,0.00,14,0,16,0,14,4,1,14,377,1
"org.apache.jackrabbit.core.nodetype.NodeTypeImpl",30,0.18,2.83,276,3.20,138864.69,36,6,21,81,24,64.01,227,344,12,1,106.30,0.00,0.00,0.34,2,0.00,15,9589.53,0,15,13,java.lang.Object,0.00,51,0,85,0,51,15,2,82,1892,1
"org.apache.jackrabbit.core.nodetype.NodeTypeManagerImpl",28,0.03,3.75,369,5.47,431504.56,36,8,47,165,49,52.04,332,485,15,1,96.17,0.00,0.00,0.16,5,184.00,34,16407.27,0,18,39,java.lang.Object,0.00,137,0,105,0,137,10,3,77,2810,1
"org.apache.jackrabbit.core.nodetype.NodeTypeRegistry",47,0.03,4.19,787,11.82,1435994.53,62,15,32,196,54,61.05,639,1000,30,1,90.44,0.00,0.00,0.10,18,842.00,52,35473.69,0,3,25,java.lang.Object,0.00,149,0,197,0,149,44,2,196,5839,1
"org.apache.jackrabbit.core.nodetype.NodeTypeRegistryListener",3,0.00,1.00,4,0.02,61.53,3,0,1,3,3,118.38,22,5,2,1,160.67,0.00,0.00,0.00,0,3.00,1,56.53,0,0,1,,0.00,0,0,3,0,0,3,0,4,23,1
"org.apache.jackrabbit.core.nodetype.NodeTypeTemplateImpl",18,0.01,1.44,75,0.63,15603.00,26,8,9,33,7,145.94,61,99,1,1,125.32,0.00,0.00,0.13,2,186.00,5,1890.42,0,7,6,java.lang.Object,0.00,15,0,26,0,15,11,1,21,435,1
"org.apache.jackrabbit.core.nodetype.NodeTypesInContentTest",2,1.00,1.50,13,0.18,3099.59,3,1,12,15,7,98.88,11,17,1,4,116.76,0.00,0.75,0.50,0,0.00,2,551.27,1,0,6,org.apache.jackrabbit.test.AbstractJCRTest,0.18,13,3,3,0,13,2,0,3,116,1
"org.apache.jackrabbit.core.nodetype.NodeTypesInContentTest$TraversingItemVisitor.Default",1,0.00,3.00,10,0.12,3100.02,1,0,12,7,0,105.95,0,10,0,1,105.95,0.00,0.00,0.00,0,1.00,3,345.51,0,0,0,java.lang.Object,0.00,6,0,3,0,6,1,0,0,72,0
"org.apache.jackrabbit.core.nodetype.NumericConstraint",3,0.62,6.67,74,1.00,67633.50,7,4,19,23,10,134.80,5,115,1,2,84.80,0.00,0.50,0.67,1,0.00,9,3008.49,0,0,10,org.apache.jackrabbit.core.nodetype.ValueConstraint,0.00,20,1,20,0,20,3,0,5,545,0
"org.apache.jackrabbit.core.nodetype.PathConstraint",3,0.75,5.00,48,0.61,28950.41,5,2,19,19,10,134.22,6,81,1,2,94.34,0.00,0.50,1.00,0,0.00,7,1817.14,0,1,10,org.apache.jackrabbit.core.nodetype.ValueConstraint,0.00,16,1,15,0,16,2,0,6,342,0
"org.apache.jackrabbit.core.nodetype.PropDef",5,1.00,1.00,7,0.04,424.50,6,1,1,5,33,123.59,32,8,31,2,155.81,0.00,0.50,0.00,0,5.00,1,108.16,0,3,3,,0.00,0,1,5,0,0,2,0,6,39,1
"org.apache.jackrabbit.core.nodetype.PropDefId",6,0.20,2.00,35,0.35,11217.10,8,2,1,20,16,70.90,51,47,16,1,119.00,0.00,0.00,0.33,0,0.00,4,1062.85,0,2,1,java.lang.Object,0.00,14,0,12,0,14,4,1,12,236,1
"org.apache.jackrabbit.core.nodetype.PropDefImpl",19,0.00,1.26,66,0.53,10952.91,24,5,4,21,13,99.19,117,95,7,2,131.41,0.00,0.50,0.20,0,55.00,3,1597.33,7,1,6,org.apache.jackrabbit.core.nodetype.ItemDefImpl,0.29,2,1,24,0,2,18,1,39,399,1
"org.apache.jackrabbit.core.nodetype.PropertyDefinitionImpl",6,1.00,2.00,36,0.41,17820.40,7,1,7,14,12,96.59,35,47,7,2,114.47,0.00,0.50,0.17,0,0.00,5,1229.73,1,2,6,org.apache.jackrabbit.core.nodetype.ItemDefinitionImpl,0.00,8,1,12,0,8,4,1,10,260,1
"org.apache.jackrabbit.core.nodetype.PropertyDefinitionTemplateImpl",10,0.03,1.00,29,0.20,2191.00,14,4,4,14,4,161.95,37,41,2,2,141.34,0.00,0.50,0.22,0,34.00,1,596.08,0,2,2,org.apache.jackrabbit.core.nodetype.AbstractItemDefinitionTemplate,0.00,4,1,10,0,4,8,1,13,163,0
"org.apache.jackrabbit.core.nodetype.ReferenceConstraint",4,0.33,2.00,27,0.29,8971.16,5,1,19,13,12,155.31,11,45,3,2,115.43,0.00,0.50,0.75,0,0.00,3,868.79,0,2,10,org.apache.jackrabbit.core.nodetype.ValueConstraint,0.00,9,1,8,0,9,2,0,4,186,0
"org.apache.jackrabbit.core.nodetype.StringConstraint",3,0.50,2.33,24,0.30,8993.93,4,1,19,13,10,109.74,1,40,1,2,109.74,0.00,0.50,0.67,0,0.00,3,890.28,0,0,10,org.apache.jackrabbit.core.nodetype.ValueConstraint,0.00,10,1,7,0,10,3,0,1,186,0
"org.apache.jackrabbit.core.nodetype.TestAll",1,0.00,1.00,5,0.04,864.35,1,0,3,3,1,73.32,10,7,0,2,121.80,0.00,0.50,0.00,0,1.00,1,115.51,0,1,1,junit.framework.TestCase,0.00,2,1,1,0,2,0,0,2,31,1
"org.apache.jackrabbit.core.nodetype.ValueConstraint",7,0.17,1.43,33,0.42,14532.23,10,3,19,19,30,142.95,23,56,21,1,122.34,0.00,0.00,0.19,0,3.00,3,1272.17,0,3,16,java.lang.Object,0.00,12,0,10,7,12,4,0,4,267,2
"org.apache.jackrabbit.spi.commons.query.jsr.And",2,0.00,1.00,3,0.01,52.19,2,0,0,2,5,109.85,18,4,4,2,159.84,0.00,0.50,0.00,0,2.00,1,34.09,0,2,1,,0.00,0,1,2,0,0,0,0,3,15,1
"org.apache.jackrabbit.spi.commons.query.jsr.BindVariableValue",1,0.00,1.00,2,0.01,44.19,1,0,0,1,5,146.34,16,4,5,2,146.81,0.00,0.50,0.00,0,1.00,1,26.09,0,1,0,,0.00,0,1,1,0,0,0,0,2,11,1
"org.apache.jackrabbit.spi.commons.query.jsr.ChildNode",2,0.00,1.00,3,0.01,52.19,2,0,0,2,4,159.37,32,4,4,2,159.84,0.00,0.50,0.00,0,2.00,1,34.09,0,2,0,,0.00,0,1,2,0,0,0,0,3,15,1
"org.apache.jackrabbit.spi.commons.query.jsr.ChildNodeJoinCondition",2,0.00,1.00,3,0.01,52.19,2,0,0,2,4,149.49,31,4,4,2,159.84,0.00,0.50,0.00,0,2.00,1,34.09,0,2,0,,0.00,0,1,2,0,0,0,0,3,15,1
"org.apache.jackrabbit.spi.commons.query.jsr.Column",3,0.00,1.00,4,0.01,39.00,3,0,0,3,7,188.51,57,5,7,1,162.23,0.00,0.00,0.00,0,3.00,1,34.00,0,3,0,,0.00,0,0,3,0,0,0,0,4,17,1
"org.apache.jackrabbit.spi.commons.query.jsr.Comparison",3,0.00,1.00,4,0.01,60.19,3,0,0,3,6,174.53,104,5,4,2,160.74,0.00,0.50,0.00,0,3.00,1,42.09,0,0,2,,0.00,0,1,3,0,0,3,0,4,19,1
"org.apache.jackrabbit.spi.commons.query.jsr.Constraint",0,0.00,0.00,1,0.00,12.00,0,0,0,0,13,171.00,9,2,13,1,171.00,0.00,0.00,0.00,0,0.00,0,8.00,0,0,0,,0.00,0,0,0,0,0,0,0,1,4,1
"org.apache.jackrabbit.spi.commons.query.jsr.DescendantNode",2,0.00,1.00,3,0.01,52.19,2,0,0,2,4,168.98,34,4,4,2,159.84,0.00,0.50,0.00,0,2.00,1,34.09,0,2,0,,0.00,0,1,2,0,0,0,0,3,15,1
"org.apache.jackrabbit.spi.commons.query.jsr.DescendantNodeJoinCondition",2,0.00,1.00,3,0.01,52.19,2,0,0,2,4,168.98,34,4,4,2,159.84,0.00,0.50,0.00,0,2.00,1,34.09,0,2,0,,0.00,0,1,2,0,0,0,0,3,15,1
"org.apache.jackrabbit.spi.commons.query.jsr.DynamicOperand",0,0.00,0.00,1,0.01,31.02,0,0,0,0,14,171.00,5,3,14,2,171.00,0.00,0.50,0.00,0,0.00,0,15.51,0,0,0,,0.00,0,1,0,0,0,0,0,1,6,1
"org.apache.jackrabbit.spi.commons.query.jsr.EquiJoinCondition",4,0.00,1.00,5,0.02,68.19,4,0,0,4,4,141.16,56,6,4,2,161.30,0.00,0.50,0.00,0,4.00,1,50.09,0,4,0,,0.00,0,1,4,0,0,0,0,5,23,1
"org.apache.jackrabbit.spi.commons.query.jsr.FullTextSearch",3,0.00,1.00,4,0.01,60.19,3,0,0,3,4,202.23,89,5,4,2,160.74,0.00,0.50,0.00,0,3.00,1,42.09,0,3,0,,0.00,0,1,3,0,0,0,0,4,19,1
"org.apache.jackrabbit.spi.commons.query.jsr.FullTextSearchScore",1,0.00,1.00,2,0.01,44.19,1,0,0,1,4,190.76,22,3,4,2,146.81,0.00,0.50,0.00,0,1.00,1,26.09,0,1,0,,0.00,0,1,1,0,0,0,0,2,11,1
"org.apache.jackrabbit.spi.commons.query.jsr.Join",4,0.00,1.00,5,0.02,68.19,4,0,0,4,6,113.20,33,6,4,2,161.30,0.00,0.50,0.00,0,4.00,1,50.09,0,3,2,,0.00,0,1,4,0,0,1,0,5,23,1
"org.apache.jackrabbit.spi.commons.query.jsr.JoinCondition",0,0.00,0.00,1,0.00,12.00,0,0,0,0,7,171.00,5,2,7,1,171.00,0.00,0.00,0.00,0,0.00,0,8.00,0,0,0,,0.00,0,0,0,0,0,0,0,1,4,1
"org.apache.jackrabbit.spi.commons.query.jsr.Length",1,0.00,1.00,2,0.01,44.19,1,0,0,1,5,155.95,17,3,4,2,146.81,0.00,0.50,0.00,0,1.00,1,26.09,0,0,1,,0.00,0,1,1,0,0,1,0,2,11,1
"org.apache.jackrabbit.spi.commons.query.jsr.Literal",0,0.00,0.00,1,0.01,31.02,0,0,0,0,4,171.00,3,2,4,2,171.00,0.00,0.50,0.00,0,0.00,0,15.51,0,0,0,,0.00,0,1,0,0,0,0,0,1,6,1
"org.apache.jackrabbit.spi.commons.query.jsr.LowerCase",1,0.00,1.00,2,0.01,44.19,1,0,0,1,5,173.10,19,3,4,2,146.81,0.00,0.50,0.00,0,1.00,1,26.09,0,0,1,,0.00,0,1,1,0,0,1,0,2,11,1
"org.apache.jackrabbit.spi.commons.query.jsr.NodeLocalName",1,0.00,1.00,2,0.01,44.19,1,0,0,1,4,126.67,14,3,4,2,146.81,0.00,0.50,0.00,0,1.00,1,26.09,0,1,0,,0.00,0,1,1,0,0,0,0,2,11,1
"org.apache.jackrabbit.spi.commons.query.jsr.NodeName",1,0.00,1.00,2,0.01,44.19,1,0,0,1,4,126.67,14,3,4,2,146.81,0.00,0.50,0.00,0,1.00,1,26.09,0,1,0,,0.00,0,1,1,0,0,0,0,2,11,1
"org.apache.jackrabbit.spi.commons.query.jsr.Not",1,0.00,1.00,2,0.01,44.19,1,0,0,1,5,117.43,13,3,4,2,146.81,0.00,0.50,0.00,0,1.00,1,26.09,0,0,1,,0.00,0,1,1,0,0,1,0,2,11,1
"org.apache.jackrabbit.spi.commons.query.jsr.Operand",0,0.00,0.00,1,0.00,12.00,0,0,0,0,0,171.00,5,2,0,1,171.00,0.00,0.00,0.00,0,0.00,0,8.00,0,0,0,,0.00,0,0,0,0,0,0,0,1,4,1
"org.apache.jackrabbit.spi.commons.query.jsr.Or",2,0.00,1.00,3,0.01,52.19,2,0,0,2,5,122.28,25,4,4,2,159.84,0.00,0.50,0.00,0,2.00,1,34.09,0,0,1,,0.00,0,1,2,0,0,2,0,3,15,1
"org.apache.jackrabbit.spi.commons.query.jsr.Ordering",2,0.00,1.00,3,0.01,31.00,2,0,0,2,8,206.75,56,4,7,1,161.63,0.00,0.00,0.00,0,2.00,1,26.00,0,1,1,,0.00,0,0,2,0,0,1,0,3,13,1
"org.apache.jackrabbit.spi.commons.query.jsr.PropertyExistence",2,0.00,1.00,3,0.01,52.19,2,0,0,2,5,130.46,26,4,5,2,159.84,0.00,0.50,0.00,0,2.00,1,34.09,0,2,0,,0.00,0,1,2,0,0,0,0,3,15,1
"org.apache.jackrabbit.spi.commons.query.jsr.PropertyValue",2,0.00,1.00,3,0.01,52.19,2,0,0,2,8,130.46,27,4,8,2,159.84,0.00,0.50,0.00,0,2.00,1,34.09,0,2,0,,0.00,0,1,2,0,0,0,0,3,15,1
"org.apache.jackrabbit.spi.commons.query.jsr.QueryObjectModel",4,0.00,1.00,5,0.02,87.02,4,0,1,4,12,140.32,57,6,8,2,160.47,0.00,0.50,0.00,0,4.00,1,57.31,0,2,4,,0.00,0,1,4,0,0,2,0,5,25,1
"org.apache.jackrabbit.spi.commons.query.jsr.QueryObjectModelConstants",0,0.00,0.00,13,0.13,1357.16,12,12,0,0,7,171.00,41,14,7,1,171.00,0.00,0.00,0.00,0,0.00,0,381.47,0,0,0,,0.00,0,0,0,0,0,0,0,13,77,1
"org.apache.jackrabbit.spi.commons.query.jsr.QueryObjectModelFactory",42,0.00,1.00,43,0.50,2507.39,42,0,3,42,38,112.89,477,102,6,2,157.01,0.00,0.50,0.00,0,42.00,1,1495.52,0,19,32,,0.00,0,1,42,0,0,23,0,67,449,1
"org.apache.jackrabbit.spi.commons.query.jsr.SameNode",2,0.00,1.00,3,0.01,52.19,2,0,0,2,4,159.37,32,4,4,2,159.84,0.00,0.50,0.00,0,2.00,1,34.09,0,2,0,,0.00,0,1,2,0,0,0,0,3,15,1
"org.apache.jackrabbit.spi.commons.query.jsr.SameNodeJoinCondition",3,0.00,1.00,4,0.01,60.19,3,0,0,3,4,178.88,54,5,4,2,160.74,0.00,0.50,0.00,0,3.00,1,42.09,0,3,0,,0.00,0,1,3,0,0,0,0,4,19,1
"org.apache.jackrabbit.spi.commons.query.jsr.Selector",2,0.00,1.00,3,0.01,52.19,2,0,0,2,5,199.14,42,4,5,2,159.84,0.00,0.50,0.00,0,2.00,1,34.09,0,2,0,,0.00,0,1,2,0,0,0,0,3,15,1
"org.apache.jackrabbit.spi.commons.query.jsr.Source",0,0.00,0.00,1,0.00,12.00,0,0,0,0,9,171.00,5,2,9,1,171.00,0.00,0.00,0.00,0,0.00,0,8.00,0,0,0,,0.00,0,0,0,0,0,0,0,1,4,1
"org.apache.jackrabbit.spi.commons.query.jsr.StaticOperand",0,0.00,0.00,1,0.01,31.02,0,0,0,0,7,171.00,6,3,7,2,171.00,0.00,0.50,0.00,0,0.00,0,15.51,0,0,0,,0.00,0,1,0,0,0,0,0,1,6,1
"org.apache.jackrabbit.spi.commons.query.jsr.UpperCase",1,0.00,1.00,2,0.01,44.19,1,0,0,1,5,173.10,19,3,4,2,146.81,0.00,0.50,0.00,0,1.00,1,26.09,0,0,1,,0.00,0,1,1,0,0,1,0,2,11,1
"org.apache.jackrabbit.test.api.lock.LockTest",24,0.00,2.83,311,4.06,111579.90,24,0,9,75,3,53.52,211,434,1,4,101.62,0.00,0.75,0.00,1,0.00,6,12189.38,1,1,2,org.apache.jackrabbit.test.AbstractJCRTest,0.00,51,3,68,0,51,23,0,143,2327,1
"org.apache.jackrabbit.test.api.lock.SetValueLockExceptionTest",5,0.40,5.20,124,1.86,89682.28,26,21,13,29,3,37.53,41,161,1,4,85.64,0.00,0.75,0.37,1,0.00,15,5588.34,4,1,2,org.apache.jackrabbit.test.AbstractJCRTest,0.32,24,3,26,0,24,4,0,15,928,1
"org.apache.jackrabbit.test.api.lock.TestAll",1,0.00,1.00,6,0.05,1283.53,1,0,3,3,4,73.37,11,8,2,2,117.50,0.00,0.50,0.00,0,1.00,1,150.40,0,1,2,junit.framework.TestCase,0.00,2,1,1,0,2,0,0,2,39,1
"org.apache.jackrabbit.rmi.value.BaseNonStreamValue",7,0.00,1.00,14,0.13,1516.96,7,0,4,11,9,91.38,66,23,8,1,141.38,0.00,0.00,0.00,1,7.00,1,383.16,0,3,1,java.lang.Object,0.00,4,0,7,8,4,4,1,8,105,2
"org.apache.jackrabbit.rmi.value.BinaryValue",12,0.41,1.42,48,0.48,14075.47,14,2,14,25,2,74.29,118,65,1,1,124.29,0.00,0.00,0.12,1,30.00,3,1454.09,0,4,1,java.lang.Object,0.00,13,0,17,0,13,8,2,19,329,1
"org.apache.jackrabbit.rmi.value.BinaryValue$FileInputStream",2,0.00,1.50,11,0.08,1054.87,3,1,14,3,0,123.40,0,16,0,1,123.40,0.00,0.00,1.00,0,0.00,2,229.83,2,0,0,java.lang.Object,0.00,1,0,3,0,1,2,0,0,59,0
"org.apache.jackrabbit.rmi.value.BooleanValue",6,0.40,1.00,15,0.12,1338.76,8,2,2,9,4,123.40,34,23,2,2,141.28,0.00,0.50,0.17,1,10.00,1,347.12,0,1,2,org.apache.jackrabbit.rmi.value.BaseNonStreamValue,0.15,3,1,6,0,3,5,2,9,96,1
"org.apache.jackrabbit.rmi.value.DateValue",7,0.25,1.00,17,0.13,1497.52,9,2,7,11,4,109.20,47,26,1,2,141.42,0.00,0.50,0.29,0,3.00,1,392.02,0,2,3,org.apache.jackrabbit.rmi.value.BaseNonStreamValue,0.43,4,1,7,0,4,5,2,10,109,1
"org.apache.jackrabbit.rmi.value.DoubleValue",8,0.29,1.12,23,0.19,2986.45,10,2,4,14,4,121.62,45,35,2,2,139.49,0.00,0.50,0.25,1,8.00,2,570.14,0,2,2,org.apache.jackrabbit.rmi.value.BaseNonStreamValue,0.40,6,1,9,0,6,6,2,11,149,1
"org.apache.jackrabbit.rmi.value.ISO8601",2,0.33,11.00,114,1.88,230715.49,5,3,7,25,2,41.34,80,137,2,1,65.09,0.00,0.00,0.50,0,2.00,17,5649.13,0,2,0,java.lang.Object,0.00,23,0,22,0,23,0,0,46,909,1
"org.apache.jackrabbit.rmi.value.InitialValue",9,0.17,1.89,68,0.73,19079.86,12,3,8,29,4,75.57,116,85,1,1,113.14,0.00,0.00,0.48,2,0.00,3,2183.60,0,4,4,java.lang.Object,0.00,20,0,17,0,20,5,2,18,460,1
"org.apache.jackrabbit.rmi.value.LongValue",8,0.29,1.12,23,0.19,2999.64,10,2,4,14,4,121.60,45,35,2,2,139.47,0.00,0.50,0.25,1,8.00,2,562.27,0,2,2,org.apache.jackrabbit.rmi.value.BaseNonStreamValue,0.40,6,1,9,0,6,6,2,11,147,1
"org.apache.jackrabbit.rmi.value.NameValue",4,0.50,1.00,11,0.09,1320.49,6,2,4,4,3,97.65,29,17,1,2,139.94,0.00,0.50,0.12,0,6.00,1,283.50,0,2,2,org.apache.jackrabbit.rmi.value.BaseNonStreamValue,0.00,0,1,4,0,0,2,2,8,75,1
"org.apache.jackrabbit.rmi.value.PathValue",4,0.50,1.00,11,0.09,1235.98,6,2,4,4,3,97.87,29,17,1,2,140.16,0.00,0.50,0.12,0,6.00,1,277.40,0,2,2,org.apache.jackrabbit.rmi.value.BaseNonStreamValue,0.00,0,1,4,0,0,2,2,8,74,1
"org.apache.jackrabbit.rmi.value.ReferenceValue",4,0.50,1.00,11,0.09,1320.49,6,2,4,4,3,97.65,30,17,1,2,139.94,0.00,0.50,0.12,0,6.00,1,283.50,0,2,2,org.apache.jackrabbit.rmi.value.BaseNonStreamValue,0.00,0,1,4,0,0,2,2,8,75,1
"org.apache.jackrabbit.rmi.value.SerialValue",9,0.08,1.00,23,0.19,2417.31,12,3,6,17,3,103.08,109,39,2,1,140.64,0.00,0.00,0.26,0,0.00,1,584.64,0,3,2,java.lang.Object,0.00,8,0,9,0,8,6,2,13,158,1
"org.apache.jackrabbit.rmi.value.SerialValueFactory",26,1.00,1.46,85,0.83,26747.96,27,1,8,40,22,81.29,213,126,11,1,129.39,0.00,0.00,0.04,7,50.00,10,2481.41,0,22,12,java.lang.Object,0.00,14,0,38,0,14,4,1,31,589,1
"org.apache.jackrabbit.rmi.value.StatefulValue",0,0.00,0.00,1,0.01,39.30,0,0,2,0,14,171.00,16,2,14,3,171.00,0.00,0.67,0.00,0,0.00,0,19.65,0,0,0,,0.00,0,2,0,0,0,0,0,1,7,1
"org.apache.jackrabbit.rmi.value.StatefulValueAdapter",10,0.06,2.20,53,0.64,27871.20,12,2,10,32,2,85.39,62,82,1,1,117.62,0.00,0.00,0.45,7,0.00,12,1933.57,0,3,2,java.lang.Object,0.00,22,0,22,0,22,7,2,17,384,1
"org.apache.jackrabbit.rmi.value.StringValue",7,0.17,1.00,17,0.13,1601.81,9,2,4,11,8,108.97,43,26,2,2,141.19,0.00,0.50,0.36,0,0.00,1,402.06,0,2,6,org.apache.jackrabbit.rmi.value.BaseNonStreamValue,0.57,4,1,7,0,4,5,2,10,109,1
"org.apache.jackrabbit.jcr.DocViewImportHandler",8,0.04,3.62,103,1.55,87251.45,12,4,17,40,9,61.09,97,145,1,3,98.65,0.00,0.67,0.22,2,14.00,10,4644.86,0,1,8,org.apache.jackrabbit.jcr2spi.xml.TargetImportHandler,0.00,32,2,29,0,32,7,0,39,818,0
"org.apache.jackrabbit.jcr.ImportHandler",12,0.14,1.75,83,0.97,23881.16,23,11,20,41,13,67.76,102,116,1,2,115.87,0.00,0.50,0.22,0,26.00,5,2902.68,0,1,12,org.xml.sax.helpers.DefaultHandler,0.00,29,1,21,0,29,11,0,43,604,1
"org.apache.jackrabbit.jcr.ImportHandler$NamespaceContext",7,0.25,1.86,32,0.28,7589.69,9,2,20,17,2,164.38,16,45,0,1,124.50,0.00,0.00,0.71,0,0.00,4,841.34,0,2,2,java.lang.Object,0.00,10,0,13,0,10,5,1,5,201,0
"org.apache.jackrabbit.jcr.Importer",4,0.00,1.00,8,0.05,273.86,4,0,6,4,8,113.10,25,10,6,1,145.32,0.00,0.00,0.00,0,4.00,1,148.76,0,0,2,,0.00,0,0,4,0,0,4,0,7,48,1
"org.apache.jackrabbit.jcr.Importer$NodeInfo",6,0.10,1.00,20,0.13,2262.30,10,4,6,6,1,132.91,0,27,0,1,132.91,0.00,0.00,0.17,0,22.00,1,396.66,0,4,1,java.lang.Object,0.00,0,0,6,0,0,2,0,0,111,1
"org.apache.jackrabbit.jcr.Importer$PropInfo",4,0.11,1.00,14,0.09,1305.18,7,3,6,4,1,133.41,0,19,0,1,133.41,0.00,0.00,0.25,0,10.00,1,277.40,0,1,1,java.lang.Object,0.00,0,0,4,0,0,3,0,0,77,1
"org.apache.jackrabbit.jcr.Importer$TextValue",3,0.00,1.00,4,0.02,76.13,3,0,6,3,0,127.72,18,5,0,1,159.94,0.00,0.00,0.00,0,3.00,1,52.87,0,2,0,,0.00,0,0,3,0,0,1,0,3,22,0
"org.apache.jackrabbit.jcr.SessionImportTest",7,0.00,1.43,74,1.42,67184.46,7,0,19,41,5,102.49,33,113,1,4,102.26,0.00,0.75,0.00,2,10.00,2,4264.62,2,2,4,org.apache.jackrabbit.test.AbstractJCRTest,0.30,34,3,10,0,34,5,0,11,720,1
"org.apache.jackrabbit.jcr.SessionImporter",16,0.10,4.25,259,4.26,252721.32,25,9,55,129,33,48.56,180,349,1,1,92.69,0.00,0.00,0.20,6,78.00,13,12780.49,0,4,33,java.lang.Object,0.00,113,0,68,0,113,12,2,95,2103,1
"org.apache.jackrabbit.jcr.SysViewImportHandler",6,0.28,7.67,130,2.19,144847.14,16,10,14,39,7,42.57,68,187,1,3,86.70,0.00,0.67,0.33,1,0.00,17,6571.22,1,0,6,org.apache.jackrabbit.jcr2spi.xml.TargetImportHandler,0.00,33,2,46,0,33,6,0,46,1101,0
"org.apache.jackrabbit.jcr.SysViewImportHandler$ImportState",0,0.00,0.00,7,0.05,531.67,6,6,14,1,1,171.00,18,8,0,1,171.00,0.00,0.00,0.00,0,0.00,0,141.78,0,0,1,java.lang.Object,0.00,1,0,0,0,1,0,0,6,34,0
"org.apache.jackrabbit.jcr.TargetImportHandler",4,0.11,2.25,28,0.29,8169.59,7,3,15,11,5,75.66,48,38,2,2,113.22,2.00,0.25,0.25,0,6.00,4,881.42,0,0,3,org.xml.sax.helpers.DefaultHandler,0.00,7,1,9,2,7,4,0,10,192,1
"org.apache.jackrabbit.jcr.TargetImportHandler$AppendableValue",3,0.00,1.00,4,0.03,218.89,3,0,15,3,0,114.04,21,6,0,2,156.33,0.00,0.50,0.00,0,3.00,1,104.62,0,0,0,,0.00,0,1,3,0,0,3,0,3,34,1
"org.apache.jackrabbit.jcr.TargetImportHandler$BufferedStringValue",7,0.61,3.29,85,0.90,41599.25,13,6,15,25,1,58.46,51,106,0,1,100.75,0.00,0.00,0.69,0,0.00,5,2691.00,0,2,1,java.lang.Object,0.00,18,0,23,0,18,5,1,23,533,1
"org.apache.jackrabbit.jcr.TargetImportHandler$BufferedStringValue$OutputStreamWriter",1,0.00,1.00,4,0.03,271.16,1,0,15,3,0,169.27,2,5,0,1,129.38,0.00,0.00,0.00,0,1.00,1,85.62,1,0,0,java.lang.Object,0.00,2,0,1,0,2,1,0,2,25,0
"org.apache.jackrabbit.jcr.TargetImportHandler$StringValue",4,0.33,1.00,10,0.06,695.71,5,1,15,6,0,142.36,16,15,0,1,142.13,0.00,0.00,0.75,0,0.00,1,187.08,0,2,0,java.lang.Object,0.00,2,0,4,0,2,2,1,5,56,1
"org.apache.jackrabbit.jcr.TestAll",1,0.00,1.00,5,0.04,864.35,1,0,3,3,2,142.42,3,7,1,2,121.80,0.00,0.50,0.00,0,1.00,1,115.51,0,1,1,junit.framework.TestCase,0.00,2,1,1,0,2,0,0,1,31,1
"org.apache.jackrabbit.jcr.WorkspaceContentHandler",12,0.06,1.42,45,0.56,12560.85,18,6,16,33,3,129.34,3,67,1,2,129.34,0.00,0.50,0.22,0,0.00,4,1685.23,0,0,2,org.xml.sax.helpers.DefaultHandler,0.00,21,1,17,0,21,12,0,1,384,1
"org.apache.jackrabbit.webdav.security.report.AbstractSecurityReport",3,1.00,2.67,20,0.26,9087.70,4,1,10,11,11,72.04,22,26,3,1,114.33,0.00,0.00,0.33,0,4.00,4,783.57,0,1,8,java.lang.Object,0.00,8,0,8,3,8,2,1,4,163,2
"org.apache.jackrabbit.webdav.security.report.AclPrincipalReport",2,0.50,2.50,22,0.45,17623.88,4,2,15,25,12,80.73,29,28,0,2,100.88,0.00,0.50,0.25,0,2.00,4,1347.77,1,1,12,org.apache.jackrabbit.webdav.security.report.AbstractSecurityReport,0.00,23,1,5,0,23,1,0,7,234,1
"org.apache.jackrabbit.webdav.security.report.PrincipalMatchReport",4,0.07,1.50,21,0.26,6077.65,9,5,11,10,11,82.22,49,27,0,2,119.78,0.00,0.50,0.25,0,6.00,3,783.64,1,2,11,org.apache.jackrabbit.webdav.security.report.AbstractSecurityReport,0.00,6,1,6,0,6,2,0,8,167,1
"org.apache.jackrabbit.webdav.security.report.PrincipalSearchReport",5,0.06,1.60,33,0.49,16025.98,13,8,17,19,13,84.88,69,42,0,2,114.26,0.00,0.50,0.18,0,9.00,4,1474.70,1,2,13,org.apache.jackrabbit.webdav.security.report.AbstractSecurityReport,0.00,14,1,8,0,14,3,0,12,282,1
"org.apache.jackrabbit.webdav.security.report.PrincipalSearchReport$SearchArgument",3,0.25,1.00,10,0.09,1016.28,5,2,17,6,4,173.17,7,14,0,1,133.28,0.00,0.00,0.67,0,0.00,1,257.08,0,2,4,java.lang.Object,0.00,3,0,3,0,3,1,0,2,67,1
"org.apache.jackrabbit.webdav.security.report.SearchablePropertyReport",5,0.06,1.80,26,0.39,10244.97,9,4,18,19,13,81.15,61,37,0,1,118.71,0.00,0.00,0.20,0,10.00,4,1165.88,0,2,13,java.lang.Object,0.00,14,0,9,0,14,3,1,13,246,1
"org.apache.jackrabbit.webdav.security.report.SearchablePropertyReport$PrincipalSearchProperty",4,0.24,2.25,34,0.36,8728.00,11,7,18,13,6,160.83,6,46,0,1,110.83,0.00,0.00,0.32,0,0.00,3,1081.03,0,1,6,java.lang.Object,0.00,9,0,9,0,9,3,1,4,234,1
"org.apache.jackrabbit.extractor.AbstractTextExtractor",2,1.00,1.00,7,0.07,1406.72,3,1,0,3,12,98.56,12,10,11,1,130.78,0.00,0.00,0.50,0,2.00,1,208.34,0,1,1,java.lang.Object,0.00,1,0,2,11,1,1,1,4,55,2
"org.apache.jackrabbit.extractor.CompositeTextExtractor",3,0.25,2.00,24,0.29,7921.75,5,2,9,16,4,66.08,35,31,3,1,110.21,0.00,0.00,0.67,0,0.00,3,855.80,0,2,1,java.lang.Object,0.00,13,0,6,1,13,1,1,7,181,1
"org.apache.jackrabbit.extractor.CompositeTextExtractorTest",5,0.00,1.00,25,0.32,4843.09,6,1,7,21,4,103.54,28,43,0,2,121.41,0.00,0.50,1.00,0,0.00,1,973.89,1,0,4,junit.framework.TestCase,0.00,16,1,5,0,16,5,0,7,215,1
"org.apache.jackrabbit.extractor.DefaultTextExtractor",1,0.00,1.00,4,0.02,189.52,1,0,0,3,4,82.50,8,6,1,2,130.61,0.00,0.50,0.00,0,1.00,1,66.23,1,0,3,org.apache.jackrabbit.extractor.CompositeTextExtractor,0.00,2,1,1,0,2,1,0,2,22,1
"org.apache.jackrabbit.extractor.DelegatingTextExtractor",1,0.00,1.00,2,0.01,51.70,1,0,0,1,2,172.56,19,3,1,2,146.28,0.00,0.50,0.00,0,1.00,1,33.60,0,0,1,,0.00,0,1,1,0,0,1,0,2,13,1
"org.apache.jackrabbit.extractor.EmptyTextExtractor",4,1.00,1.00,11,0.09,1199.34,5,1,4,6,3,92.16,34,17,2,1,140.27,0.00,0.00,0.25,0,6.00,1,268.56,0,2,1,java.lang.Object,0.00,2,0,4,0,2,2,1,7,73,1
"org.apache.jackrabbit.extractor.EmptyTextExtractorTest",3,0.00,1.00,14,0.16,2058.20,4,1,7,16,3,108.33,17,23,0,2,126.21,0.00,0.50,1.00,0,0.00,1,489.07,1,0,3,junit.framework.TestCase,0.00,13,1,3,0,13,3,0,5,111,1
"org.apache.jackrabbit.extractor.ExtractorHandler",6,0.20,1.83,32,0.32,11102.03,9,3,7,13,1,74.93,67,42,1,2,119.06,0.00,0.50,0.17,1,10.00,5,968.65,0,0,0,org.xml.sax.helpers.DefaultHandler,0.00,7,1,11,0,7,6,1,12,209,0
"org.apache.jackrabbit.extractor.ExtractorHelper",2,0.00,1.50,14,0.14,6855.48,2,0,3,9,5,79.32,13,22,5,1,111.55,0.00,0.00,0.00,0,2.00,2,432.52,0,1,0,java.lang.Object,0.00,7,0,3,0,7,1,0,3,92,0
"org.apache.jackrabbit.extractor.HTMLParser",5,0.50,2.00,38,0.35,14612.76,6,1,7,13,1,162.02,8,50,1,2,112.02,0.00,0.50,0.60,1,2.00,6,1063.82,2,2,0,org.apache.xerces.parsers.AbstractSAXParser,0.00,8,1,10,0,8,3,0,2,225,1
"org.apache.jackrabbit.extractor.HTMLTextExtractor",2,1.00,2.50,23,0.32,11979.77,3,1,15,16,2,69.98,13,34,0,2,102.20,0.00,0.50,0.50,0,2.00,4,948.20,0,1,2,org.apache.jackrabbit.extractor.AbstractTextExtractor,0.00,14,1,5,0,14,1,0,5,178,1
"org.apache.jackrabbit.extractor.MsExcelTextExtractor",2,1.00,1.50,13,0.15,3212.35,3,1,8,9,1,68.53,16,27,0,2,116.64,0.00,0.50,0.50,0,2.00,2,463.03,0,1,1,org.apache.jackrabbit.extractor.AbstractTextExtractor,0.00,7,1,3,0,7,1,0,6,104,1
"org.apache.jackrabbit.extractor.MsOutlookTextExtractor",2,1.00,1.50,18,0.25,7460.31,3,1,7,15,1,57.19,18,28,0,2,107.18,0.00,0.50,0.50,0,2.00,2,744.66,0,1,1,org.apache.jackrabbit.extractor.AbstractTextExtractor,0.00,13,1,3,0,13,1,0,6,154,1
"org.apache.jackrabbit.extractor.MsPowerPointTextExtractor",2,1.00,2.00,14,0.17,3636.04,3,1,8,8,1,65.54,16,30,0,2,113.65,0.00,0.50,0.50,0,2.00,3,495.96,0,1,1,org.apache.jackrabbit.extractor.AbstractTextExtractor,0.00,6,1,4,0,6,1,0,6,110,1
"org.apache.jackrabbit.extractor.MsWordTextExtractor",2,1.00,1.50,12,0.14,2542.03,3,1,7,8,1,67.44,18,22,0,2,117.44,0.00,0.50,0.50,0,2.00,2,410.42,0,1,1,org.apache.jackrabbit.extractor.AbstractTextExtractor,0.00,6,1,3,0,6,1,0,6,95,1
"org.apache.jackrabbit.extractor.OpenOfficeTextExtractor",2,1.00,2.50,28,0.43,16346.36,3,1,16,19,1,54.94,14,51,0,2,97.23,0.00,0.50,0.50,0,2.00,4,1281.61,0,1,1,org.apache.jackrabbit.extractor.AbstractTextExtractor,0.00,17,1,5,0,17,1,0,6,229,1
"org.apache.jackrabbit.extractor.OpenOfficeTextExtractor$OpenOfficeContentHandler",5,0.25,1.40,16,0.17,2365.97,7,2,16,10,0,132.06,3,30,0,2,132.06,0.00,0.50,0.70,0,0.00,2,509.50,0,1,0,org.xml.sax.helpers.DefaultHandler,0.00,5,1,7,0,5,4,0,1,127,1
"org.apache.jackrabbit.extractor.PdfTextExtractor",2,1.00,2.50,24,0.29,9122.25,3,1,12,17,1,51.72,19,39,0,2,101.72,0.00,0.50,0.50,0,2.00,4,878.74,0,1,1,org.apache.jackrabbit.extractor.AbstractTextExtractor,0.00,15,1,5,0,15,1,0,9,172,1
"org.apache.jackrabbit.extractor.PlainTextExtractor",2,1.00,2.00,10,0.13,3116.43,3,1,8,6,5,75.50,23,19,4,2,119.63,0.00,0.50,0.50,0,2.00,3,400.70,0,1,1,org.apache.jackrabbit.extractor.AbstractTextExtractor,0.00,4,1,4,0,4,1,0,5,88,1
"org.apache.jackrabbit.extractor.PlainTextExtractorTest",5,0.00,1.20,23,0.29,4195.14,6,1,8,19,3,107.60,27,39,0,2,125.48,0.00,0.50,1.00,0,0.00,2,877.23,1,0,3,junit.framework.TestCase,0.00,14,1,6,0,14,5,0,7,192,1
"org.apache.jackrabbit.extractor.PngTextExtractor",4,0.06,2.50,59,0.86,53584.46,10,6,9,17,2,77.66,23,73,1,2,95.54,0.00,0.50,0.21,2,6.00,5,2588.25,0,1,1,org.apache.jackrabbit.extractor.AbstractTextExtractor,0.00,13,1,10,0,13,3,0,4,469,1
"org.apache.jackrabbit.extractor.PngTextExtractorTest",4,0.00,1.25,21,0.77,22125.20,5,1,7,17,3,115.64,18,43,0,2,115.40,0.00,0.50,1.00,0,0.00,2,2320.76,1,0,3,junit.framework.TestCase,0.00,13,1,5,0,13,4,0,5,388,1
"org.apache.jackrabbit.extractor.RTFTextExtractor",2,1.00,1.50,14,0.18,4635.30,3,1,9,11,2,80.66,13,23,1,2,112.88,0.00,0.50,0.50,0,2.00,2,552.78,0,1,1,org.apache.jackrabbit.extractor.AbstractTextExtractor,0.00,9,1,3,0,9,1,0,5,115,1
"org.apache.jackrabbit.extractor.RTFTextExtractorTest",1,0.00,3.00,15,0.19,5510.04,1,0,6,12,2,79.54,5,22,0,2,97.42,0.00,0.50,0.00,0,1.00,3,567.87,0,0,2,junit.framework.TestCase,0.00,11,1,3,0,11,1,0,2,106,1
"org.apache.jackrabbit.extractor.TextExtractor",2,0.00,1.00,3,0.02,102.47,2,0,3,2,18,190.92,41,5,18,1,157.54,0.00,0.00,0.00,0,2.00,1,63.12,0,2,0,,0.00,0,0,2,0,0,0,0,3,22,1
"org.apache.jackrabbit.extractor.XMLTextExtractor",2,1.00,3.00,26,0.38,13596.17,3,1,16,21,5,108.15,34,39,3,2,99.02,0.00,0.50,0.50,0,2.00,5,1154.93,0,1,2,org.apache.jackrabbit.extractor.AbstractTextExtractor,0.00,19,1,6,0,19,1,0,10,206,1
"org.apache.jackrabbit.extractor.XMLTextExtractor$FilterInputStream",1,0.00,1.00,2,0.01,34.83,1,0,16,1,0,147.63,0,3,0,1,147.63,0.00,0.00,0.00,0,1.00,1,23.22,0,0,0,java.lang.Object,0.00,0,0,1,0,0,1,0,0,10,0
"org.apache.jackrabbit.extractor.XMLTextExtractorTest",6,0.00,1.67,33,0.41,6091.01,7,1,8,20,3,121.37,27,58,0,2,121.13,0.00,0.50,1.00,0,0.00,3,1243.04,1,0,3,junit.framework.TestCase,0.00,14,1,10,0,14,6,0,8,264,1
"org.apache.jackrabbit.spi.AbstractSPITest",3,0.50,2.67,28,0.38,22817.36,5,2,2,13,6,56.14,32,40,3,2,104.62,3.00,0.20,0.83,0,0.00,5,1154.07,2,1,3,junit.framework.TestCase,0.00,10,1,8,3,10,2,0,8,240,1
"org.apache.jackrabbit.spi.Batch",9,0.00,1.00,10,0.17,1136.16,9,0,9,9,27,204.45,226,11,22,1,154.45,0.00,0.00,0.00,0,9.00,1,499.66,0,0,5,,0.00,0,0,9,0,0,9,0,10,132,1
"org.apache.jackrabbit.spi.ChildInfo",3,0.00,1.00,4,0.01,64.24,3,0,0,3,4,112.42,24,5,3,1,160.52,0.00,0.00,0.00,0,3.00,1,42.83,0,2,1,,0.00,0,0,3,0,0,1,0,4,19,1
"org.apache.jackrabbit.spi.Event",7,6.00,1.00,14,0.20,9980.07,13,6,0,7,13,86.83,61,16,9,1,134.93,0.00,0.00,0.00,0,7.00,1,586.51,0,3,4,,0.00,0,0,7,0,0,4,0,14,152,1
"org.apache.jackrabbit.spi.EventBundle",2,0.00,1.00,3,0.01,46.83,2,0,1,2,9,111.74,20,4,9,1,160.22,0.00,0.00,0.00,0,2.00,1,31.22,0,1,0,,0.00,0,0,2,0,0,1,0,3,14,1
"org.apache.jackrabbit.spi.EventFilter",1,0.00,1.00,2,0.01,79.62,1,0,1,1,9,178.18,20,3,8,2,144.80,0.00,0.50,0.00,0,1.00,1,42.51,0,0,1,,0.00,0,1,1,0,0,1,0,2,15,1
"org.apache.jackrabbit.spi.Helper",8,0.00,1.12,30,0.29,4828.05,11,3,6,17,4,131.51,39,40,1,1,131.28,0.00,0.00,0.33,3,0.00,2,868.92,0,6,3,java.lang.Object,0.00,9,0,9,0,9,2,0,12,210,1
"org.apache.jackrabbit.spi.IdFactory",4,0.00,1.00,5,0.04,175.67,4,0,0,4,20,113.94,44,6,16,1,158.06,0.00,0.00,0.00,0,4.00,1,111.71,0,1,4,,0.00,0,0,4,0,0,3,0,5,38,1
"org.apache.jackrabbit.spi.ItemId",3,0.00,1.00,4,0.01,64.24,3,0,0,3,29,150.16,45,5,28,1,160.52,0.00,0.00,0.00,0,3.00,1,42.83,0,1,1,,0.00,0,0,3,0,0,2,0,4,19,1
"org.apache.jackrabbit.spi.ItemInfo",2,0.00,1.00,3,0.01,46.83,2,0,0,2,3,112.11,16,4,2,1,160.22,0.00,0.00,0.00,0,2.00,1,31.22,0,1,1,,0.00,0,0,2,0,0,1,0,3,14,1
"org.apache.jackrabbit.spi.LockInfo",7,0.00,1.00,8,0.03,133.90,7,0,0,7,13,112.80,56,9,12,1,160.91,0.00,0.00,0.00,0,7.00,1,89.27,0,2,1,,0.00,0,0,7,0,0,5,0,8,39,1
"org.apache.jackrabbit.spi.Name",2,17.00,1.00,20,0.31,6824.97,19,17,1,2,373,115.01,34,21,373,4,105.88,0.00,0.75,0.00,0,2.00,1,944.74,0,2,0,,0.00,0,3,2,0,0,0,0,11,175,1
"org.apache.jackrabbit.spi.NameFactory",2,0.00,1.00,3,0.02,154.32,2,0,0,2,13,118.57,25,4,12,1,156.14,0.00,0.00,0.00,0,2.00,1,73.07,0,0,1,,0.00,0,0,2,0,0,2,0,3,24,1
"org.apache.jackrabbit.spi.NodeId",0,0.00,0.00,1,0.01,31.02,0,0,0,0,89,171.00,4,2,89,2,171.00,0.00,0.50,0.00,0,0.00,0,15.51,0,0,0,,0.00,0,1,0,0,0,0,0,1,6,1
"org.apache.jackrabbit.spi.NodeInfo",7,0.00,1.00,8,0.03,180.13,7,0,1,7,9,111.79,58,9,6,2,159.89,0.00,0.50,0.00,0,7.00,1,104.58,0,3,3,,0.00,0,1,7,0,0,4,0,8,43,1
"org.apache.jackrabbit.spi.Path",18,4.00,1.00,24,0.19,1800.91,22,4,3,18,198,164.38,319,25,198,2,155.25,0.00,0.50,0.00,0,18.00,1,568.14,0,6,0,,0.00,0,1,18,0,0,12,0,25,174,1
"org.apache.jackrabbit.spi.Path$Element",8,0.00,1.00,9,0.04,170.34,8,0,3,8,1,128.32,52,10,0,2,160.54,0.00,0.50,0.00,0,8.00,1,108.39,0,1,1,,0.00,0,1,8,0,0,7,0,8,46,1
"org.apache.jackrabbit.spi.PathFactory",13,0.00,1.00,14,0.15,1069.11,13,0,1,13,26,107.44,133,15,24,1,155.92,0.00,0.00,0.00,0,13.00,1,460.65,0,13,2,,0.00,0,0,13,0,0,0,0,14,138,1
"org.apache.jackrabbit.spi.PropertyId",2,0.00,1.00,3,0.01,65.85,2,0,0,2,39,126.83,13,4,37,2,159.05,0.00,0.50,0.00,0,2.00,1,38.73,0,0,2,,0.00,0,1,2,0,0,2,0,3,16,1
"org.apache.jackrabbit.spi.PropertyInfo",4,0.00,1.00,5,0.02,114.28,4,0,0,4,8,127.31,25,6,6,2,159.53,0.00,0.50,0.00,0,4.00,1,65.85,0,0,2,,0.00,0,1,4,0,0,4,0,5,27,1
"org.apache.jackrabbit.spi.QItemDefinition",8,1.00,1.00,10,0.05,596.40,9,1,1,8,8,124.03,53,11,7,1,156.25,0.00,0.00,0.00,0,8.00,1,153.82,0,0,1,,0.00,0,0,8,0,0,8,0,10,57,1
"org.apache.jackrabbit.spi.QNodeDefinition",3,1.00,1.00,5,0.04,608.40,4,1,1,3,34,104.73,25,6,33,2,152.83,0.00,0.50,0.00,0,3.00,1,111.07,0,0,1,,0.00,0,1,3,0,0,3,0,5,35,1
"org.apache.jackrabbit.spi.QNodeTypeDefinition",9,0.00,1.00,10,0.04,223.15,9,0,1,9,20,117.73,70,11,17,1,160.02,0.00,0.00,0.00,0,9.00,1,128.09,0,1,3,,0.00,0,0,9,0,0,8,0,10,53,1
"org.apache.jackrabbit.spi.QPropertyDefinition",4,1.00,1.00,6,0.04,639.42,5,1,1,4,39,105.54,32,7,38,2,153.65,0.00,0.50,0.00,0,4.00,1,126.58,0,1,1,,0.00,0,1,4,0,0,3,0,6,41,1
"org.apache.jackrabbit.spi.QValue",11,1.00,1.00,13,0.09,845.64,12,1,5,11,74,108.04,88,14,72,1,156.15,0.00,0.00,0.00,0,11.00,1,261.03,0,3,2,,0.00,0,0,11,0,0,8,0,12,90,1
"org.apache.jackrabbit.spi.QValueFactory",11,0.00,1.00,12,0.12,739.36,11,0,6,11,21,108.50,89,13,17,1,156.61,0.00,0.00,0.00,0,11.00,1,355.07,0,11,4,,0.00,0,0,11,0,0,0,0,12,110,1
"org.apache.jackrabbit.spi.QValueFactoryTest",45,0.07,1.71,244,3.18,58081.52,51,6,13,91,7,170.31,55,346,1,3,120.31,0.00,0.67,0.23,2,0.00,7,9552.77,1,0,6,org.apache.jackrabbit.spi.AbstractSPITest,0.06,46,2,77,0,46,45,0,38,2051,1
"org.apache.jackrabbit.spi.QueryInfo",2,0.00,1.00,3,0.01,60.43,2,0,2,2,8,110.87,20,4,7,1,159.34,0.00,0.00,0.00,0,2.00,1,35.12,0,1,1,,0.00,0,0,2,0,0,1,0,3,15,1
"org.apache.jackrabbit.spi.QueryResultRow",3,0.00,1.00,4,0.02,77.85,3,0,0,3,5,117.57,23,5,3,1,159.86,0.00,0.00,0.00,0,3.00,1,46.73,0,1,2,,0.00,0,0,3,0,0,2,0,4,20,1
"org.apache.jackrabbit.spi.RepositoryService",53,0.00,1.00,54,0.97,6366.62,53,0,24,53,33,154.15,856,69,13,1,154.62,0.00,0.00,0.00,0,53.00,1,2919.93,0,11,20,,0.00,0,0,53,0,0,42,0,69,757,1
"org.apache.jackrabbit.spi.RepositoryServiceStub",6,0.08,3.33,55,0.92,59152.23,16,10,10,23,6,103.91,24,78,5,1,103.68,0.00,0.00,0.03,0,10.00,14,2748.05,0,5,1,java.lang.Object,0.00,17,0,20,1,17,1,0,5,488,2
"org.apache.jackrabbit.spi.RepositoryServiceTest",8,0.00,1.12,29,0.30,4608.84,9,1,3,24,5,131.44,2,41,1,3,131.44,0.00,0.67,1.00,0,0.00,2,887.39,2,0,4,org.apache.jackrabbit.spi.AbstractSPITest,0.27,16,2,9,0,16,8,0,2,209,1
"org.apache.jackrabbit.spi.SessionInfo",5,0.00,1.00,6,0.03,136.80,5,0,0,5,13,109.68,47,7,13,1,159.68,0.00,0.00,0.00,0,5.00,1,86.03,0,3,0,,0.00,0,0,5,0,0,2,0,6,34,1
"org.apache.jackrabbit.spi.SessionInfoTest",3,0.33,1.67,17,0.17,2520.28,6,3,2,11,4,121.78,2,23,1,3,121.78,0.00,0.67,0.56,0,0.00,2,503.29,2,0,3,org.apache.jackrabbit.spi.AbstractSPITest,1.00,8,2,5,0,8,3,0,2,120,1
"org.apache.jackrabbit.spi.Subscription",0,0.00,0.00,1,0.00,12.00,0,0,0,0,4,171.00,9,2,4,1,171.00,0.00,0.00,0.00,0,0.00,0,8.00,0,0,0,,0.00,0,0,0,0,0,0,0,1,4,1
"org.apache.jackrabbit.spi.TestAll",1,0.00,1.00,7,0.06,1740.69,1,0,3,3,4,163.96,1,9,1,2,113.96,0.00,0.50,0.00,0,1.00,1,186.48,0,1,3,junit.framework.TestCase,0.00,2,1,1,0,2,0,0,1,47,1
"org.apache.jackrabbit.spi.XASessionInfo",1,0.00,1.00,2,0.01,48.43,1,0,1,1,3,102.37,11,3,3,2,146.50,0.00,0.50,0.00,0,1.00,1,27.12,0,1,0,,0.00,0,1,1,0,0,0,0,2,11,1
"org.apache.jackrabbit.ocm.manager.query.AllTests",2,0.00,1.00,16,0.17,5441.24,2,0,3,5,12,130.88,7,19,1,1,110.27,0.00,0.00,0.00,1,2.00,1,508.92,0,2,11,java.lang.Object,0.00,3,0,2,0,3,0,0,3,114,1
"org.apache.jackrabbit.ocm.manager.query.AnnotationAtomicQueryTest",6,0.20,1.67,129,2.22,143646.82,8,2,16,51,8,126.96,15,156,2,4,87.08,0.00,0.75,0.33,1,10.00,4,6662.71,3,1,6,org.apache.jackrabbit.ocm.AnnotationTestBase,0.20,45,3,10,0,45,5,0,8,1075,1
"org.apache.jackrabbit.ocm.manager.query.AnnotationIteratorQueryTest",5,1.00,1.60,90,1.33,57421.83,6,1,21,40,11,112.71,19,115,2,4,92.10,0.00,0.75,0.20,1,8.00,3,3979.09,3,1,9,org.apache.jackrabbit.ocm.AnnotationTestBase,0.21,35,3,8,0,35,4,0,7,684,1
"org.apache.jackrabbit.ocm.manager.query.AnnotationMultiValueQueryTest",5,1.00,1.40,69,0.87,27333.43,6,1,16,31,9,139.82,13,92,2,4,99.94,0.00,0.75,0.00,1,5.00,2,2601.78,3,1,7,org.apache.jackrabbit.ocm.AnnotationTestBase,0.21,26,3,7,0,26,4,0,4,477,1
"org.apache.jackrabbit.ocm.manager.query.AnnotationScopeQueryTest",5,1.00,1.40,111,1.62,85834.46,6,1,20,30,11,87.74,21,134,2,4,87.50,0.00,0.75,0.00,1,5.00,2,4849.76,4,1,9,org.apache.jackrabbit.ocm.AnnotationTestBase,0.21,25,3,7,0,25,4,0,9,839,1
"org.apache.jackrabbit.ocm.manager.query.AnnotationSimpleQueryTest",10,1.00,1.70,107,1.52,41082.36,11,1,16,43,10,125.73,33,156,2,4,105.12,0.00,0.75,0.00,2,10.00,3,4572.55,3,1,8,org.apache.jackrabbit.ocm.AnnotationTestBase,0.17,33,3,17,0,33,9,0,13,848,1
"org.apache.jackrabbit.ocm.manager.query.DigesterAtomicQueryTest",6,0.20,1.67,129,2.22,143646.82,8,2,16,51,8,126.96,15,156,2,4,87.08,0.00,0.75,0.33,1,10.00,4,6662.71,3,1,6,org.apache.jackrabbit.ocm.DigesterTestBase,0.20,45,3,10,0,45,5,0,8,1075,1
"org.apache.jackrabbit.ocm.manager.query.DigesterIteratorQueryTest",5,1.00,1.60,80,1.12,50767.71,6,1,20,31,10,115.04,18,105,2,4,94.42,0.00,0.75,0.20,1,8.00,3,3349.66,3,1,8,org.apache.jackrabbit.ocm.DigesterTestBase,0.21,26,3,8,0,26,4,0,6,596,1
"org.apache.jackrabbit.ocm.manager.query.DigesterMultiValueQueryTest",5,1.00,1.40,69,0.87,27333.43,6,1,16,31,9,139.82,13,92,2,4,99.94,0.00,0.75,0.00,1,5.00,2,2601.78,3,1,7,org.apache.jackrabbit.ocm.DigesterTestBase,0.21,26,3,7,0,26,4,0,4,477,1
"org.apache.jackrabbit.ocm.manager.query.DigesterScopeQueryTest",5,1.00,1.40,111,1.62,85834.46,6,1,19,30,10,87.74,21,134,2,4,87.50,0.00,0.75,0.00,1,5.00,2,4849.76,4,1,8,org.apache.jackrabbit.ocm.DigesterTestBase,0.21,25,3,7,0,25,4,0,9,839,1
"org.apache.jackrabbit.ocm.manager.query.DigesterSimpleQueryTest",14,1.00,1.86,240,3.67,158235.58,15,1,19,56,10,113.66,54,279,2,4,93.04,0.00,0.75,0.00,2,14.00,3,11001.44,3,1,8,org.apache.jackrabbit.ocm.DigesterTestBase,0.14,42,3,26,0,42,13,0,23,1935,1
"org.apache.jackrabbit.webdav.jcr.observation.SubscriptionImpl",20,0.04,2.30,139,1.62,50103.36,33,13,31,71,21,65.02,188,185,3,1,115.02,0.00,0.00,0.12,3,256.00,7,4849.59,0,9,18,java.lang.Object,0.00,51,0,46,0,51,11,3,41,981,1
"org.apache.jackrabbit.webdav.jcr.observation.SubscriptionImpl$EventBundleImpl",3,0.25,2.00,25,0.42,14890.71,5,2,31,17,2,158.05,4,33,0,1,108.05,0.00,0.00,0.33,0,4.00,4,1252.99,0,1,2,java.lang.Object,0.00,14,0,6,0,14,2,1,4,230,1
"org.apache.jackrabbit.webdav.jcr.observation.SubscriptionImpl$TransactionEvent",3,0.00,1.00,4,0.03,141.35,3,0,31,3,1,207.82,3,9,0,1,157.82,0.00,0.00,0.00,0,3.00,1,94.23,0,0,1,java.lang.Object,0.00,0,0,3,0,0,3,0,3,31,0
"org.apache.jackrabbit.webdav.jcr.observation.SubscriptionImpl$TransactionEvent_0",3,0.50,2.67,22,0.28,4799.11,4,1,31,10,5,114.26,13,38,0,1,114.02,0.00,0.00,0.67,0,0.00,3,838.48,0,0,5,java.lang.Object,0.00,7,0,8,0,7,3,2,7,176,1
"org.apache.jackrabbit.webdav.jcr.observation.SubscriptionManagerImpl",10,0.07,1.90,80,1.04,27402.26,13,3,27,54,15,61.62,103,108,1,1,110.09,0.00,0.00,0.27,4,34.00,4,3106.35,0,5,14,java.lang.Object,0.00,44,0,19,0,44,5,2,22,628,1
"org.apache.jackrabbit.webdav.jcr.observation.SubscriptionManagerImpl$SubscriptionMap",6,0.30,1.67,35,0.41,12060.73,8,2,27,23,3,118.80,0,46,0,1,118.80,0.00,0.00,0.75,0,0.00,3,1240.36,0,3,3,java.lang.Object,0.00,17,0,10,0,17,3,0,0,272,1
"org.apache.jackrabbit.webdav.jcr.observation.SubscriptionManagerImpl$WrappedSubscription",3,1.00,1.00,8,0.05,565.02,4,1,27,4,1,141.86,2,12,0,1,141.86,0.00,0.00,0.33,0,4.00,1,151.98,0,2,1,java.lang.Object,0.00,1,0,3,0,1,1,1,2,46,1
"org.apache.jackrabbit.spi.BatchReadConfig",2,0.67,2.00,13,0.15,2823.87,5,3,3,9,4,72.88,23,18,3,1,117.01,0.00,0.00,0.67,0,0.00,2,438.20,0,0,1,java.lang.Object,0.00,7,0,4,0,7,2,0,3,101,1
"org.apache.jackrabbit.spi.ChildInfoImpl",2,0.00,1.50,8,0.11,1698.48,2,0,6,6,5,87.82,24,15,2,2,125.38,0.00,0.50,0.00,0,2.00,2,317.82,0,1,3,org.apache.jackrabbit.spi.commons.ChildInfoImpl,0.00,4,1,3,0,4,1,0,4,77,0
"org.apache.jackrabbit.spi.DefaultRepositoryStub",2,0.67,2.50,33,0.46,18692.76,8,6,9,16,6,138.55,44,42,2,2,94.61,2.00,0.25,0.50,0,2.00,4,1381.05,1,1,4,org.apache.jackrabbit.test.RepositoryStub,0.22,14,1,5,2,14,1,0,14,256,1
"org.apache.jackrabbit.spi.EventSubscription",9,0.05,3.00,111,1.72,86303.24,17,8,30,53,18,51.03,74,145,3,1,99.14,0.00,0.00,0.17,2,17.00,9,5148.40,0,3,16,java.lang.Object,0.00,44,0,27,0,44,6,2,22,906,0
"org.apache.jackrabbit.spi.EventSubscription$EventListener",1,0.00,1.00,3,0.03,202.37,1,0,30,2,0,135.04,0,4,0,1,135.04,0.00,0.00,0.00,0,1.00,1,76.53,0,0,0,java.lang.Object,0.00,1,0,1,0,1,1,0,0,22,0
"org.apache.jackrabbit.spi.IdFactoryImpl",5,1.00,2.40,42,0.47,21678.10,6,1,14,22,16,108.71,23,60,6,2,108.47,0.00,0.50,0.20,2,8.00,7,1418.67,0,4,10,org.apache.jackrabbit.spi.commons.identifier.AbstractIdFactory,0.20,17,1,12,0,17,1,0,5,272,0
"org.apache.jackrabbit.spi.LockInfoImpl",3,0.00,1.33,10,0.27,6043.17,3,0,4,17,9,78.64,31,19,4,2,127.12,0.00,0.50,0.00,0,3.00,2,818.28,0,1,5,org.apache.jackrabbit.spi.commons.LockInfoImpl,0.00,14,1,4,0,14,2,0,4,179,0
"org.apache.jackrabbit.spi.NodeInfoImpl",4,0.00,1.75,22,0.39,9688.31,4,0,12,23,8,70.04,34,42,2,3,118.15,0.00,0.67,0.00,0,4.00,2,1179.07,0,3,6,org.apache.jackrabbit.spi.commons.NodeInfoImpl,0.00,19,2,7,0,19,1,0,4,248,0
"org.apache.jackrabbit.spi.PropertyInfoImpl",2,0.00,2.00,17,0.27,10505.43,2,0,8,11,9,63.73,23,31,2,3,107.86,0.00,0.67,0.00,0,2.00,3,822.42,0,1,7,org.apache.jackrabbit.spi.commons.PropertyInfoImpl,0.00,9,2,4,0,9,1,0,3,167,0
"org.apache.jackrabbit.spi.QNodeDefinitionImpl",2,0.00,3.00,12,0.29,8843.91,2,0,6,16,6,75.45,25,24,2,3,113.01,0.00,0.67,0.00,0,2.00,4,877.43,0,1,4,org.apache.jackrabbit.spi.commons.QNodeDefinitionImpl,0.00,14,2,6,0,14,1,0,3,183,0
"org.apache.jackrabbit.spi.QNodeTypeDefinitionImpl",4,0.00,2.00,28,0.43,14822.83,4,0,12,15,11,81.83,53,43,1,2,111.21,0.00,0.50,0.00,0,4.00,2,1297.21,0,3,10,org.apache.jackrabbit.spi.commons.QNodeTypeDefinitionImpl,0.00,11,1,8,0,11,1,0,5,269,0
"org.apache.jackrabbit.spi.QPropertyDefinitionImpl",3,0.00,3.00,22,0.45,18212.72,3,0,9,19,8,71.87,37,44,2,3,109.43,0.00,0.67,0.00,0,4.00,4,1346.03,0,2,6,org.apache.jackrabbit.spi.commons.QPropertyDefinitionImpl,0.00,16,2,9,0,16,1,0,4,268,0
"org.apache.jackrabbit.spi.QueryInfoImpl",3,0.00,2.00,34,0.42,14567.69,11,8,15,11,10,82.82,44,44,1,1,102.97,0.00,0.00,0.12,0,2.00,3,1264.78,0,2,9,java.lang.Object,0.00,8,0,6,0,8,1,1,12,251,0
"org.apache.jackrabbit.spi.QueryInfoImpl$RangeIteratorDecorator",1,0.00,2.00,6,0.08,1478.83,1,0,15,4,1,116.85,0,12,0,1,116.85,0.00,0.00,0.00,0,0.00,2,245.93,1,1,1,java.lang.Object,0.00,3,0,2,0,3,0,0,0,54,0
"org.apache.jackrabbit.spi.QueryResultRowImpl",4,0.00,1.75,30,0.38,17275.91,7,3,11,13,10,62.61,35,42,1,1,110.72,0.00,0.00,0.33,0,8.00,4,1153.33,0,2,9,java.lang.Object,0.00,9,0,7,0,9,2,1,8,223,0
"org.apache.jackrabbit.spi.RMIRepositoryStub",4,0.33,1.50,23,0.23,4651.04,6,2,8,12,3,72.59,35,32,0,3,120.69,0.00,0.67,0.25,1,8.00,2,698.73,0,3,3,org.apache.jackrabbit.spi2jcr.DefaultRepositoryStub,0.23,8,2,6,0,8,1,0,10,161,1
"org.apache.jackrabbit.spi.RMIRepositoryStub$ClientFactoryDelegater",1,0.00,1.00,2,0.02,146.32,1,0,8,1,0,142.72,0,4,0,1,142.72,0.00,0.00,0.00,0,1.00,1,58.53,0,1,0,java.lang.Object,0.00,0,0,1,0,0,0,0,0,18,3
"org.apache.jackrabbit.spi.RMIRepositoryStub$RMIClientFactoryDelegater",1,1.00,1.00,5,0.06,878.60,2,1,8,5,1,171.75,1,7,0,2,121.75,0.00,0.50,0.00,0,1.00,1,190.92,0,1,1,org.apache.jackrabbit.spi2jcr.ClientFactoryDelegater,0.00,4,1,1,0,4,0,0,1,46,2
"org.apache.jackrabbit.spi.RepositoryServiceImpl",66,0.20,1.77,413,5.74,162772.06,70,4,87,184,47,135.75,225,623,2,1,115.13,0.00,0.00,0.05,9,710.00,6,17217.14,0,41,45,java.lang.Object,0.00,118,0,117,0,118,25,1,83,3440,1
"org.apache.jackrabbit.spi.RepositoryServiceImpl$BatchImpl",15,0.26,1.53,73,0.91,27024.58,18,3,87,37,10,122.81,6,115,0,1,122.81,0.00,0.00,0.09,1,50.00,5,2729.24,0,3,10,java.lang.Object,0.00,22,0,23,0,22,12,1,3,583,2
"org.apache.jackrabbit.spi.RepositoryServiceImpl$BatchImpl$Callable_16",1,0.00,4.00,18,0.22,8470.68,1,0,87,11,0,92.93,0,23,0,1,92.93,0.00,0.00,0.00,0,0.00,4,672.61,0,1,0,java.lang.Object,0.00,10,0,4,0,10,0,0,0,123,0
"org.apache.jackrabbit.spi.RepositoryServiceImpl$BatchImpl$Callable_17",1,0.00,1.00,7,0.09,1264.60,1,0,87,6,1,115.05,0,9,0,1,115.05,0.00,0.00,0.00,0,0.00,1,263.16,0,1,1,java.lang.Object,0.00,5,0,1,0,5,0,0,0,56,0
"org.apache.jackrabbit.spi.RepositoryServiceImpl$BatchImpl$Callable_18",1,0.00,2.00,12,0.15,4346.03,1,0,87,6,1,101.94,0,12,0,1,101.94,0.00,0.00,0.00,0,0.00,2,441.40,0,1,1,java.lang.Object,0.00,5,0,2,0,5,0,0,0,86,0
"org.apache.jackrabbit.spi.RepositoryServiceImpl$BatchImpl$Callable_19",1,0.00,1.00,6,0.07,1023.12,1,0,87,5,1,118.27,0,8,0,1,118.27,0.00,0.00,0.00,0,0.00,1,214.82,0,1,1,java.lang.Object,0.00,4,0,1,0,4,0,0,0,48,0
"org.apache.jackrabbit.spi.RepositoryServiceImpl$BatchImpl$Callable_20",1,0.00,2.00,11,0.13,3937.07,1,0,87,5,1,103.68,0,11,0,1,103.68,0.00,0.00,0.00,0,0.00,2,387.57,0,1,1,java.lang.Object,0.00,4,0,2,0,4,0,0,0,78,0
"org.apache.jackrabbit.spi.RepositoryServiceImpl$BatchImpl$Callable_21",1,0.00,4.00,11,0.12,3582.00,1,0,87,7,2,104.08,4,16,0,1,103.85,0.00,0.00,0.00,0,0.00,4,348.00,0,1,2,java.lang.Object,0.00,6,0,4,0,6,0,0,4,72,0
"org.apache.jackrabbit.spi.RepositoryServiceImpl$BatchImpl$Callable_22",1,0.00,5.00,17,0.20,9413.96,1,0,87,6,0,93.44,0,22,0,1,93.44,0.00,0.00,0.00,0,0.00,5,612.88,0,1,0,java.lang.Object,0.00,5,0,5,0,5,0,0,0,121,0
"org.apache.jackrabbit.spi.RepositoryServiceImpl$BatchImpl$Callable_23",1,0.00,5.00,30,0.31,13392.02,1,0,87,11,0,83.03,0,23,0,1,83.03,0.00,0.00,0.00,0,0.00,5,941.17,0,1,0,java.lang.Object,0.00,10,0,5,0,10,0,0,0,172,0
"org.apache.jackrabbit.spi.RepositoryServiceImpl$BatchImpl$Callable_24",1,0.00,2.00,9,0.09,2216.31,1,0,87,4,0,108.90,0,11,0,1,108.90,0.00,0.00,0.00,0,0.00,2,275.19,0,1,0,java.lang.Object,0.00,3,0,2,0,3,0,0,0,59,0
"org.apache.jackrabbit.spi.RepositoryServiceImpl$BatchImpl$Callable_25",1,0.00,1.00,5,0.02,162.57,1,0,87,3,0,127.52,0,5,0,1,127.52,0.00,0.00,0.00,0,0.00,1,58.19,0,1,0,java.lang.Object,0.00,2,0,1,0,2,0,0,0,18,0
"org.apache.jackrabbit.spi.RepositoryServiceImpl$BatchImpl$Callable_25$Callable_26",1,0.00,1.00,4,0.03,251.86,1,0,87,2,0,129.63,0,5,0,1,129.63,0.00,0.00,0.00,0,0.00,1,76.53,0,1,0,java.lang.Object,0.00,1,0,1,0,1,0,0,0,22,0
"org.apache.jackrabbit.spi.RepositoryServiceImpl$Callable",1,0.00,2.00,7,0.08,1860.32,1,0,87,7,0,113.57,0,10,0,1,113.57,0.00,0.00,0.00,0,1.00,2,246.04,0,1,0,java.lang.Object,0.00,6,0,2,0,6,0,0,0,53,0
"org.apache.jackrabbit.spi.RepositoryServiceImpl$Callable_0",1,0.00,2.00,9,0.13,3031.52,1,0,87,11,0,107.83,0,11,0,1,107.83,0.00,0.00,0.00,0,1.00,2,379.38,0,1,0,java.lang.Object,0.00,10,0,2,0,10,0,0,0,77,0
"org.apache.jackrabbit.spi.RepositoryServiceImpl$Callable_1",1,0.00,2.00,14,0.16,5137.21,1,0,87,11,1,148.87,1,18,0,1,98.87,0.00,0.00,0.00,0,1.00,2,490.81,0,1,1,java.lang.Object,0.00,10,0,2,0,10,0,0,1,96,0
"org.apache.jackrabbit.spi.RepositoryServiceImpl$Callable_10",1,0.00,7.00,27,0.40,28652.93,1,0,87,14,2,132.06,1,33,0,1,82.06,0.00,0.00,0.00,0,0.00,7,1196.29,0,1,2,java.lang.Object,0.00,13,0,7,0,13,0,0,1,206,0
"org.apache.jackrabbit.spi.RepositoryServiceImpl$Callable_11",1,0.00,3.00,14,0.16,7500.66,1,0,87,7,0,97.48,0,15,0,1,97.48,0.00,0.00,0.00,0,1.00,3,467.83,0,1,0,java.lang.Object,0.00,6,0,3,0,6,0,0,0,91,0
"org.apache.jackrabbit.spi.RepositoryServiceImpl$Callable_12",1,0.00,2.00,8,0.11,1983.70,1,0,87,8,0,111.19,0,11,0,1,111.19,0.00,0.00,0.00,0,0.00,2,320.75,0,1,0,java.lang.Object,0.00,7,0,2,0,7,0,0,0,66,0
"org.apache.jackrabbit.spi.RepositoryServiceImpl$Callable_13",1,0.00,5.00,33,0.46,23028.90,1,0,87,17,3,79.63,0,32,0,1,79.63,0.00,0.00,0.00,0,0.00,5,1374.83,0,1,3,java.lang.Object,0.00,16,0,5,0,16,0,0,0,227,0
"org.apache.jackrabbit.spi.RepositoryServiceImpl$Callable_14",1,0.00,2.00,11,0.12,3438.53,1,0,87,7,0,104.15,0,14,0,1,104.15,0.00,0.00,0.00,0,1.00,2,353.95,0,1,0,java.lang.Object,0.00,6,0,2,0,6,0,0,0,72,0
"org.apache.jackrabbit.spi.RepositoryServiceImpl$Callable_15",1,0.00,2.00,10,0.09,2533.56,1,0,87,6,0,106.73,0,12,0,1,106.73,0.00,0.00,0.00,0,1.00,2,282.79,0,1,0,java.lang.Object,0.00,5,0,2,0,5,0,0,0,60,0
"org.apache.jackrabbit.spi.RepositoryServiceImpl$Callable_2",1,0.00,1.00,4,0.03,278.00,1,0,87,3,0,129.30,0,5,0,1,129.30,0.00,0.00,0.00,0,1.00,1,84.00,0,1,0,java.lang.Object,0.00,2,0,1,0,2,0,0,0,23,0
"org.apache.jackrabbit.spi.RepositoryServiceImpl$Callable_27",1,0.00,1.00,2,0.01,51.30,1,0,87,1,0,146.30,0,3,0,1,146.30,0.00,0.00,0.00,0,1.00,1,27.65,0,1,0,,0.00,0,0,1,0,0,0,0,0,11,1
"org.apache.jackrabbit.spi.RepositoryServiceImpl$Callable_3",1,0.00,1.00,10,0.11,2209.22,1,0,87,9,1,107.36,0,13,0,1,107.36,0.00,0.00,0.00,0,1.00,1,344.05,0,1,1,java.lang.Object,0.00,8,0,1,0,8,0,0,0,69,0
"org.apache.jackrabbit.spi.RepositoryServiceImpl$Callable_4",1,0.00,1.00,5,0.06,860.22,1,0,87,5,1,121.82,0,6,0,1,121.82,0.00,0.00,0.00,0,0.00,1,177.64,0,1,1,java.lang.Object,0.00,4,0,1,0,4,0,0,0,41,0
"org.apache.jackrabbit.spi.RepositoryServiceImpl$Callable_5",1,0.00,2.00,10,0.21,6173.16,1,0,87,10,3,153.69,1,12,0,1,103.69,0.00,0.00,0.00,0,0.00,2,628.12,0,1,3,java.lang.Object,0.00,9,0,2,0,9,0,0,1,119,0
"org.apache.jackrabbit.spi.RepositoryServiceImpl$Callable_6",1,0.00,1.00,4,0.03,258.13,1,0,87,3,0,129.55,0,5,0,1,129.55,0.00,0.00,0.00,0,1.00,1,78.32,0,1,0,java.lang.Object,0.00,2,0,1,0,2,0,0,0,22,0
"org.apache.jackrabbit.spi.RepositoryServiceImpl$Callable_7",1,0.00,1.00,3,0.03,258.13,1,0,87,3,0,134.21,0,4,0,1,134.21,0.00,0.00,0.00,0,1.00,1,78.32,0,1,0,java.lang.Object,0.00,2,0,1,0,2,0,0,0,22,0
"org.apache.jackrabbit.spi.RepositoryServiceImpl$Callable_8",1,0.00,1.00,4,0.03,292.00,1,0,87,3,0,129.13,0,5,0,1,129.13,0.00,0.00,0.00,0,1.00,1,88.00,0,1,0,java.lang.Object,0.00,2,0,1,0,2,0,0,0,24,0
"org.apache.jackrabbit.spi.RepositoryServiceImpl$Callable_9",1,0.00,2.00,9,0.09,2503.49,1,0,87,5,0,108.48,0,11,0,1,108.48,0.00,0.00,0.00,0,1.00,2,257.98,0,1,0,java.lang.Object,0.00,4,0,2,0,4,0,0,0,56,0
"org.apache.jackrabbit.spi.RepositoryServiceImpl$TraversingItemVisitor",4,0.00,1.50,11,0.15,2284.01,4,0,87,9,3,137.97,2,19,0,1,137.97,0.00,0.00,0.00,0,4.00,2,437.05,0,0,3,java.lang.Object,0.00,5,0,6,0,5,4,0,2,102,0
"org.apache.jackrabbit.spi.RepositorySetup",5,0.17,1.80,37,0.42,11365.07,11,6,19,20,8,64.43,53,49,2,1,112.91,0.00,0.00,0.03,0,8.00,3,1269.08,0,1,6,java.lang.Object,0.00,15,0,9,0,15,4,0,13,270,1
"org.apache.jackrabbit.spi.RepositorySetup$CreateTestWorkspace",1,0.00,2.00,5,0.07,1174.53,1,0,19,5,1,141.21,3,8,0,1,120.59,0.00,0.00,0.00,0,0.00,2,214.16,0,0,1,java.lang.Object,0.00,4,0,2,0,4,1,1,1,50,2
"org.apache.jackrabbit.spi.RepositorySetup$ImportTestContent",1,0.00,6.00,14,0.19,6040.59,1,0,19,8,0,98.30,4,25,0,1,98.06,0.00,0.00,0.00,0,0.00,6,558.88,0,0,0,java.lang.Object,0.00,7,0,6,0,7,1,1,2,107,2
"org.apache.jackrabbit.spi.RepositorySetup$RegisterNamespaces",1,0.00,4.00,11,0.12,3619.13,1,0,19,8,0,104.05,4,19,0,1,103.81,0.00,0.00,0.00,0,0.00,4,359.65,0,0,0,java.lang.Object,0.00,7,0,4,0,7,1,1,2,75,2
"org.apache.jackrabbit.spi.RepositorySetup$RegisterNodeTypes",1,0.00,7.00,22,0.31,13693.36,1,0,19,15,4,70.03,5,31,0,1,87.90,0.00,0.00,0.00,0,0.00,7,919.79,0,0,4,java.lang.Object,0.00,14,0,7,0,14,1,1,3,162,2
"org.apache.jackrabbit.spi.RepositorySetup$Task",1,0.00,1.00,2,0.01,51.30,1,0,19,1,0,114.08,6,3,0,1,146.30,0.00,0.00,0.00,0,1.00,1,27.65,0,0,0,,0.00,0,0,1,0,0,1,0,1,11,1
"org.apache.jackrabbit.spi.RepositoryStubImpl",3,1.00,1.67,18,0.18,4506.13,4,1,8,11,8,68.73,24,25,0,3,116.84,0.00,0.67,0.33,1,4.00,3,527.18,1,2,8,org.apache.jackrabbit.spi2jcr.DefaultRepositoryStub,0.25,8,2,5,0,8,1,0,6,118,1
"org.apache.jackrabbit.spi.RepositoryStubImpl$AbstractRepositoryConfig",1,0.00,1.00,3,0.01,72.00,1,0,8,1,1,138.58,0,4,0,1,138.58,0.00,0.00,0.00,0,1.00,1,32.00,0,1,1,java.lang.Object,0.00,0,0,1,0,0,0,0,0,12,0
"org.apache.jackrabbit.spi.ServiceStubImpl",4,0.15,2.25,39,0.55,19221.97,13,9,13,19,5,74.00,27,52,0,2,106.23,0.00,0.50,0.22,0,6.00,4,1663.69,1,3,5,org.apache.jackrabbit.spi.RepositoryServiceStub,0.60,15,1,9,0,15,1,0,10,319,1
"org.apache.jackrabbit.spi.SessionInfoImpl",13,0.02,1.15,57,0.56,12736.42,18,5,26,39,18,107.08,76,80,5,1,124.95,0.00,0.00,0.22,1,62.00,3,1675.58,0,9,14,java.lang.Object,0.00,26,0,15,0,26,4,1,20,378,0
"org.apache.jackrabbit.spi.SessionInfoImpl$NamespaceResolver",2,0.00,2.00,9,0.09,2289.95,2,0,26,5,0,174.29,2,17,0,1,124.30,0.00,0.00,0.00,0,2.00,2,262.88,0,2,0,java.lang.Object,0.00,3,0,4,0,3,0,0,2,64,0
"org.apache.jackrabbit.ocm.manager.enumconverter.EnumTypeConverter",3,0.00,3.00,31,0.43,16407.44,3,0,5,16,4,143.90,8,43,3,1,104.01,0.00,0.00,0.00,1,3.00,4,1293.83,0,3,1,java.lang.Object,0.00,13,0,9,0,13,0,1,1,247,1
"org.apache.jackrabbit.ocm.manager.collectionconverter.AllTests",2,0.00,1.00,22,0.26,9231.90,2,0,3,5,18,123.91,7,25,1,1,103.30,0.00,0.00,0.00,1,2.00,1,777.97,0,2,17,java.lang.Object,0.00,3,0,2,0,3,0,0,3,162,1
"org.apache.jackrabbit.ocm.manager.collectionconverter.AnnotationArrayListTest",3,1.00,1.33,90,1.39,106583.37,4,1,14,41,7,30.00,27,103,2,4,80.00,0.00,0.75,0.00,0,3.00,2,4183.48,1,1,5,org.apache.jackrabbit.ocm.AnnotationTestBase,0.00,38,3,4,0,38,2,0,22,673,1
"org.apache.jackrabbit.ocm.manager.collectionconverter.AnnotationDefaultCollectionConverterImplTest",5,1.00,1.60,132,1.92,78881.48,6,1,12,32,6,40.92,58,159,2,4,85.05,0.00,0.75,0.00,0,5.00,2,5768.51,2,1,4,org.apache.jackrabbit.ocm.AnnotationTestBase,0.00,27,3,8,0,27,4,0,51,973,1
"org.apache.jackrabbit.ocm.manager.collectionconverter.AnnotationHashMapTest",3,1.00,1.33,78,1.27,98020.20,4,1,12,34,6,32.61,28,91,2,4,82.60,0.00,0.75,0.00,0,3.00,2,3798.12,1,1,4,org.apache.jackrabbit.ocm.AnnotationTestBase,0.00,31,3,4,0,31,2,0,21,631,1
"org.apache.jackrabbit.ocm.manager.collectionconverter.AnnotationMultiValueCollectionConverterImplTest",3,1.00,1.33,40,0.56,23662.66,4,1,9,26,5,56.40,22,53,2,4,98.69,0.00,0.75,0.00,0,3.00,2,1669.43,1,1,3,org.apache.jackrabbit.ocm.AnnotationTestBase,0.00,23,3,4,0,23,2,0,15,307,1
"org.apache.jackrabbit.ocm.manager.collectionconverter.AnnotationMultiValueWithObjectCollectionConverterImplTest",4,1.00,1.25,43,0.65,27494.72,5,1,10,29,4,85.56,22,62,1,4,103.43,0.00,0.75,0.00,1,4.00,2,1945.29,1,1,3,org.apache.jackrabbit.ocm.AnnotationTestBase,0.00,25,3,5,0,25,3,0,15,355,1
"org.apache.jackrabbit.ocm.manager.collectionconverter.AnnotationNTCollectionConverterImplTest",4,1.00,1.75,52,0.78,34225.49,5,1,12,30,5,56.06,31,71,2,4,98.35,0.00,0.75,0.00,1,4.00,3,2325.10,2,1,3,org.apache.jackrabbit.ocm.AnnotationTestBase,0.00,26,3,7,0,26,3,0,24,421,1
"org.apache.jackrabbit.ocm.manager.collectionconverter.AnnotationPersonListTest",4,1.00,3.00,67,1.00,81008.16,5,1,10,38,5,112.53,13,85,2,4,91.92,0.00,0.75,0.00,1,4.00,9,3001.40,1,2,3,org.apache.jackrabbit.ocm.AnnotationTestBase,0.00,34,3,12,0,34,2,0,8,526,1
"org.apache.jackrabbit.ocm.manager.collectionconverter.AnnotationResidualNodesCollectionConverterImplTest",3,1.00,1.33,48,0.84,50797.07,4,1,10,26,5,42.72,29,61,2,4,92.72,0.00,0.75,0.00,0,3.00,2,2523.99,1,1,3,org.apache.jackrabbit.ocm.AnnotationTestBase,0.00,23,3,4,0,23,2,0,21,427,1
"org.apache.jackrabbit.ocm.manager.collectionconverter.AnnotationResidualPropertiesCollectionConverterImplTest",3,1.00,1.33,57,1.12,79330.91,4,1,11,26,5,38.41,29,70,2,4,88.41,0.00,0.75,0.00,0,3.00,2,3355.55,1,1,3,org.apache.jackrabbit.ocm.AnnotationTestBase,0.00,23,3,4,0,23,2,0,21,540,1
"org.apache.jackrabbit.ocm.manager.collectionconverter.BeanReferenceMapConverterImplTest",8,1.00,1.00,269,4.69,229626.11,9,1,10,34,4,119.14,22,279,1,4,79.25,0.00,0.75,0.00,0,8.00,1,14081.09,2,1,3,org.apache.jackrabbit.ocm.AnnotationTestBase,0.00,26,3,8,0,26,7,0,4,2449,1
"org.apache.jackrabbit.ocm.manager.collectionconverter.CollectionConverter",4,0.00,1.00,5,0.08,480.83,4,0,4,4,8,117.06,48,11,5,1,154.62,0.00,0.00,0.00,0,4.00,1,242.41,0,1,3,,0.00,0,0,4,0,0,3,0,5,64,1
"org.apache.jackrabbit.ocm.manager.collectionconverter.DigesterArrayListTest",3,1.00,1.33,76,1.16,78460.93,4,1,13,36,6,34.00,27,89,2,4,84.00,0.00,0.75,0.00,0,3.00,2,3477.83,1,1,4,org.apache.jackrabbit.ocm.DigesterTestBase,0.00,33,3,4,0,33,2,0,22,570,1
"org.apache.jackrabbit.ocm.manager.collectionconverter.DigesterDefaultCollectionConverterImplTest",5,1.00,1.60,132,1.92,78881.48,6,1,11,32,5,40.92,58,159,2,4,85.05,0.00,0.75,0.00,0,5.00,2,5768.51,2,1,3,org.apache.jackrabbit.ocm.DigesterTestBase,0.00,27,3,8,0,27,4,0,51,973,1
"org.apache.jackrabbit.ocm.manager.collectionconverter.DigesterHashMapTest",3,1.00,1.33,59,0.84,41599.03,4,1,11,30,6,40.62,28,72,2,4,90.62,0.00,0.75,0.00,0,3.00,2,2512.56,1,1,4,org.apache.jackrabbit.ocm.DigesterTestBase,0.00,27,3,4,0,27,2,0,21,440,1
"org.apache.jackrabbit.ocm.manager.collectionconverter.DigesterMultiValueCollectionConverterImplTest",3,1.00,1.33,40,0.56,23662.66,4,1,14,26,5,56.40,22,53,2,4,98.69,0.00,0.75,0.00,0,3.00,2,1669.43,1,1,3,org.apache.jackrabbit.ocm.DigesterTestBase,0.00,23,3,4,0,23,2,0,15,307,1
"org.apache.jackrabbit.ocm.manager.collectionconverter.DigesterMultiValueWithObjectCollectionConverterImplTest",4,1.00,1.25,43,0.65,27494.72,5,1,12,29,4,85.56,22,55,1,4,103.43,0.00,0.75,0.00,1,4.00,2,1945.29,1,1,3,org.apache.jackrabbit.ocm.DigesterTestBase,0.00,25,3,5,0,25,3,0,15,355,1
"org.apache.jackrabbit.ocm.manager.collectionconverter.DigesterNTCollectionConverterImplTest",4,1.00,1.75,52,0.78,34225.49,5,1,14,30,5,56.06,31,71,2,4,98.35,0.00,0.75,0.00,1,4.00,3,2325.10,2,1,3,org.apache.jackrabbit.ocm.DigesterTestBase,0.00,26,3,7,0,26,3,0,24,421,1
"org.apache.jackrabbit.ocm.manager.collectionconverter.DigesterPersonListTest",4,1.00,3.00,67,1.00,81008.16,5,1,14,38,6,112.53,13,85,2,4,91.92,0.00,0.75,0.00,1,4.00,9,3001.40,1,2,4,org.apache.jackrabbit.ocm.DigesterTestBase,0.00,34,3,12,0,34,2,0,8,526,1
"org.apache.jackrabbit.ocm.manager.collectionconverter.DigesterResidualNodesCollectionConverterImplTest",3,1.00,1.33,48,0.84,50797.07,4,1,10,26,5,42.72,29,61,2,4,92.72,0.00,0.75,0.00,0,3.00,2,2523.99,1,1,3,org.apache.jackrabbit.ocm.DigesterTestBase,0.00,23,3,4,0,23,2,0,21,427,1
"org.apache.jackrabbit.ocm.manager.collectionconverter.DigesterResidualPropertiesCollectionConverterImplTest",3,1.00,1.33,57,1.12,79330.91,4,1,11,26,5,38.41,29,70,2,4,88.41,0.00,0.75,0.00,0,3.00,2,3355.55,1,1,3,org.apache.jackrabbit.ocm.DigesterTestBase,0.00,23,3,4,0,23,2,0,21,540,1
"org.apache.jackrabbit.ocm.manager.collectionconverter.ManageableCollection",1,0.00,1.00,2,0.01,60.50,1,0,0,1,11,101.61,11,4,11,2,145.74,0.00,0.50,0.00,0,1.00,1,35.16,0,0,0,,0.00,0,1,1,0,0,1,0,2,13,1
"org.apache.jackrabbit.ocm.manager.collectionconverter.ManageableMap",1,0.00,1.00,2,0.01,79.62,1,0,0,1,7,107.24,12,4,7,2,144.80,0.00,0.50,0.00,0,1.00,1,42.51,0,0,0,,0.00,0,1,1,0,0,1,0,2,15,1
"org.apache.jackrabbit.ocm.manager.collectionconverter.ManageableObjects",3,0.00,1.00,4,0.01,64.24,3,0,1,3,14,142.65,16,6,14,1,160.52,0.00,0.00,0.00,0,3.00,1,42.83,0,2,0,,0.00,0,0,3,0,0,1,0,4,19,1
"org.apache.jackrabbit.ocm.manager.collectionconverter.ManageableObjectsUtil",3,0.00,5.00,35,0.47,25323.92,3,0,6,14,15,52.39,30,69,10,1,100.86,0.00,0.00,0.00,0,3.00,7,1412.73,0,3,5,java.lang.Object,0.00,11,0,15,0,11,0,0,9,275,1
"org.apache.jackrabbit.ocm.manager.collectionconverter.MapReferenceValueEncoderTest",3,0.00,1.00,14,0.14,2071.04,3,0,4,9,1,166.07,7,21,0,2,126.18,0.00,0.50,0.00,0,3.00,1,420.17,0,0,1,junit.framework.TestCase,0.00,6,1,3,0,6,3,0,1,105,1
"org.apache.jackrabbit.api.jsr.GuestCredentials",1,0.00,1.00,2,0.01,61.13,1,0,1,1,2,101.58,11,4,2,1,145.70,0.00,0.00,0.00,0,1.00,1,27.65,0,0,0,java.lang.Object,0.00,0,0,1,0,0,1,1,2,11,2
"org.apache.jackrabbit.api.jsr.Node",6,0.00,1.00,7,0.07,464.75,6,0,7,6,4,205.61,159,8,4,2,156.12,0.00,0.50,0.00,0,6.00,1,212.38,0,3,0,,0.00,0,1,6,0,0,3,0,7,66,1
"org.apache.jackrabbit.api.jsr.RepositoryFactory",1,0.00,1.00,2,0.01,69.06,1,0,3,1,7,194.99,80,3,7,1,145.29,0.00,0.00,0.00,0,1.00,1,36.53,0,1,0,,0.00,0,0,1,0,0,0,0,2,13,1
"org.apache.jackrabbit.api.jsr.Session",10,4.00,1.00,15,0.19,1994.32,14,4,12,10,8,194.37,295,18,6,2,152.89,0.00,0.50,0.00,0,10.00,1,567.07,0,5,2,,0.00,0,1,10,0,0,5,0,15,153,1
"org.apache.jackrabbit.api.jsr.SessionRemoveItemTest",9,0.28,2.89,101,1.15,37585.05,14,5,12,32,5,153.40,15,138,1,4,103.40,0.00,0.75,0.44,0,0.00,6,3460.45,3,0,4,org.apache.jackrabbit.test.AbstractJCRTest,0.28,23,3,26,0,23,9,0,15,661,1
"org.apache.jackrabbit.api.jsr.TestAll",1,1.00,1.00,7,0.07,1719.18,2,1,5,4,2,164.00,1,9,0,2,114.00,0.00,0.50,0.00,0,1.00,1,214.89,0,1,2,junit.framework.TestCase,0.00,3,1,1,0,3,0,0,1,53,1
"org.apache.jackrabbit.api.jsr.Workspace",5,17.00,1.00,23,0.40,11478.96,22,17,6,5,6,110.01,194,25,4,2,122.08,0.00,0.50,0.00,0,5.00,1,1193.46,0,2,2,,0.00,0,1,5,0,0,3,0,23,242,1
"org.apache.jackrabbit.api.jsr.WorkspaceTest",2,0.00,2.50,16,0.14,2851.03,3,1,5,7,4,112.50,9,23,1,4,112.27,0.00,0.75,1.00,0,0.00,3,421.81,2,0,3,org.apache.jackrabbit.test.AbstractJCRTest,0.18,5,3,5,0,5,2,0,3,95,1
"org.apache.jackrabbit.server.remoting.davex.BatchReadConfig",8,0.02,2.12,51,0.57,13834.82,14,6,10,26,2,74.01,62,67,2,1,116.30,0.00,0.00,0.19,3,12.00,5,1697.41,0,0,0,java.lang.Object,0.00,18,0,17,0,18,8,0,11,356,0
"org.apache.jackrabbit.server.remoting.davex.BatchReadConfigTest",3,0.00,1.67,38,0.49,18449.25,3,0,2,13,2,150.79,5,46,1,2,100.79,0.00,0.50,0.00,0,3.00,2,1480.02,0,0,1,junit.framework.TestCase,0.00,10,1,5,0,10,3,0,3,314,1
"org.apache.jackrabbit.server.remoting.davex.DiffException",2,0.00,1.00,5,0.03,207.57,2,0,0,2,14,193.89,3,8,14,2,143.89,0.00,0.50,0.00,0,2.00,1,84.79,0,0,0,java.lang.Exception,0.00,0,1,2,0,0,2,0,1,28,0
"org.apache.jackrabbit.server.remoting.davex.DiffHandler",4,0.00,1.00,5,0.04,228.23,4,0,0,4,5,157.17,3,6,4,1,157.17,0.00,0.00,0.00,0,4.00,1,133.14,0,0,1,,0.00,0,0,4,0,0,4,0,1,44,0
"org.apache.jackrabbit.server.remoting.davex.DiffParser",8,0.08,4.38,109,1.42,142835.44,19,11,6,26,4,77.75,45,144,2,1,95.63,0.00,0.00,0.16,4,22.00,21,4263.29,0,0,2,java.lang.Object,0.00,18,0,35,0,18,8,0,26,780,0
"org.apache.jackrabbit.server.remoting.davex.DiffParserTest",11,0.00,1.64,172,2.51,100114.44,11,0,5,26,3,135.72,27,180,1,2,95.84,0.00,0.50,0.00,0,11.00,3,7534.78,0,0,2,junit.framework.TestCase,0.00,15,1,18,0,15,11,0,27,1284,1
"org.apache.jackrabbit.server.remoting.davex.DiffParserTest$DummyDiffHandler",1,0.00,1.00,4,0.03,216.34,1,0,5,2,0,130.15,0,5,0,1,130.15,0.00,0.00,0.00,0,1.00,1,76.11,0,0,0,java.lang.Object,0.00,1,0,1,0,1,1,0,0,23,0
"org.apache.jackrabbit.server.remoting.davex.DiffParserTest$DummyDiffHandler_0",1,0.00,1.00,4,0.04,529.45,1,0,5,4,0,127.09,0,5,0,1,127.09,0.00,0.00,0.00,0,1.00,1,116.42,0,0,0,java.lang.Object,0.00,3,0,1,0,3,1,0,0,30,0
"org.apache.jackrabbit.server.remoting.davex.DiffParserTest$DummyDiffHandler_1",1,0.00,1.00,4,0.03,216.34,1,0,5,2,0,130.15,0,5,0,1,130.15,0.00,0.00,0.00,0,1.00,1,76.11,0,0,0,java.lang.Object,0.00,1,0,1,0,1,1,0,0,23,0
"org.apache.jackrabbit.server.remoting.davex.DiffParserTest$DummyDiffHandler_10",1,0.00,2.00,6,0.05,778.17,1,0,5,3,1,119.05,0,8,0,1,119.05,0.00,0.00,0.00,0,1.00,2,139.69,0,0,1,java.lang.Object,0.00,2,0,2,0,2,1,0,0,35,0
"org.apache.jackrabbit.server.remoting.davex.DiffParserTest$DummyDiffHandler_11",1,0.00,2.00,6,0.05,778.17,1,0,5,3,1,119.05,0,8,0,1,119.05,0.00,0.00,0.00,0,1.00,2,139.69,0,0,1,java.lang.Object,0.00,2,0,2,0,2,1,0,0,35,0
"org.apache.jackrabbit.server.remoting.davex.DiffParserTest$DummyDiffHandler_12",1,0.00,1.00,4,0.03,300.72,1,0,5,2,1,129.03,0,5,0,1,129.03,0.00,0.00,0.00,0,1.00,1,87.95,0,0,1,java.lang.Object,0.00,1,0,1,0,1,1,0,0,25,0
"org.apache.jackrabbit.server.remoting.davex.DiffParserTest$DummyDiffHandler_13",4,0.00,1.00,5,0.05,372.07,4,0,5,4,2,205.50,4,13,0,1,155.50,0.00,0.00,0.00,0,4.00,1,161.67,0,0,2,java.lang.Object,0.00,0,0,4,0,0,4,1,4,50,1
"org.apache.jackrabbit.server.remoting.davex.DiffParserTest$DummyDiffHandler_2",1,0.00,1.00,4,0.03,216.34,1,0,5,2,0,130.15,0,5,0,1,130.15,0.00,0.00,0.00,0,1.00,1,76.11,0,0,0,java.lang.Object,0.00,1,0,1,0,1,1,0,0,23,0
"org.apache.jackrabbit.server.remoting.davex.DiffParserTest$DummyDiffHandler_3",1,0.00,1.00,4,0.03,216.34,1,0,5,2,0,130.15,0,5,0,1,130.15,0.00,0.00,0.00,0,1.00,1,76.11,0,0,0,java.lang.Object,0.00,1,0,1,0,1,1,0,0,23,0
"org.apache.jackrabbit.server.remoting.davex.DiffParserTest$DummyDiffHandler_4",1,0.00,1.00,4,0.03,216.34,1,0,5,2,0,130.15,0,5,0,1,130.15,0.00,0.00,0.00,0,1.00,1,76.11,0,0,0,java.lang.Object,0.00,1,0,1,0,1,1,0,0,23,0
"org.apache.jackrabbit.server.remoting.davex.DiffParserTest$DummyDiffHandler_5",4,0.00,1.00,13,0.12,1377.59,4,0,5,8,1,133.22,0,19,0,1,133.22,0.00,0.00,0.00,0,4.00,1,362.31,0,0,1,java.lang.Object,0.00,4,0,4,0,4,4,0,0,95,0
"org.apache.jackrabbit.server.remoting.davex.DiffParserTest$DummyDiffHandler_6",1,0.00,1.00,4,0.04,462.00,1,0,5,2,1,127.56,0,6,0,1,127.56,0.00,0.00,0.00,0,1.00,1,108.00,0,0,1,java.lang.Object,0.00,1,0,1,0,1,1,0,0,29,0
"org.apache.jackrabbit.server.remoting.davex.DiffParserTest$DummyDiffHandler_7",1,0.00,1.00,3,0.02,254.72,1,0,5,2,1,134.26,0,4,0,1,134.26,0.00,0.00,0.00,0,1.00,1,72.73,0,0,1,java.lang.Object,0.00,1,0,1,0,1,1,0,0,21,0
"org.apache.jackrabbit.server.remoting.davex.DiffParserTest$DummyDiffHandler_8",1,0.00,2.00,6,0.05,778.17,1,0,5,3,1,119.05,0,8,0,1,119.05,0.00,0.00,0.00,0,1.00,2,139.69,0,0,1,java.lang.Object,0.00,2,0,2,0,2,1,0,0,35,0
"org.apache.jackrabbit.server.remoting.davex.DiffParserTest$DummyDiffHandler_9",1,0.00,1.00,3,0.02,197.02,1,0,5,2,1,135.13,0,4,0,1,135.13,0.00,0.00,0.00,0,1.00,1,67.21,0,0,1,java.lang.Object,0.00,1,0,1,0,1,1,0,0,20,0
"org.apache.jackrabbit.server.remoting.davex.JcrRemotingServlet",14,0.00,3.50,207,3.16,142022.16,23,9,36,102,26,76.27,206,262,1,4,96.41,0.33,0.60,0.11,5,74.00,9,9485.76,4,7,25,org.apache.jackrabbit.webdav.jcr.JCRWebdavServerServlet,0.11,88,3,49,1,88,7,0,30,1664,2
"org.apache.jackrabbit.server.remoting.davex.JcrRemotingServlet$DavLocatorFactoryImpl",4,0.00,1.50,15,0.17,4263.78,4,0,36,6,2,129.27,0,22,0,3,129.27,0.00,0.67,0.00,1,4.00,2,505.00,1,2,2,org.apache.jackrabbit.webdav.jcr.DavLocatorFactoryImpl,0.00,2,2,6,0,2,2,0,0,125,2
"org.apache.jackrabbit.server.remoting.davex.JcrRemotingServlet$ResourceFactoryImpl",2,0.00,2.50,10,0.16,4424.54,2,0,36,5,5,76.09,14,17,0,2,118.38,0.00,0.50,0.00,0,2.00,4,471.09,1,1,5,org.apache.jackrabbit.webdav.jcr.DavResourceFactoryImpl,0.00,3,1,5,0,3,1,0,9,103,2
"org.apache.jackrabbit.server.remoting.davex.JcrRemotingServlet$WrappingLocator",13,0.10,1.46,49,0.40,8103.99,17,4,36,25,2,131.11,1,70,0,1,131.11,0.00,0.00,0.35,1,0.00,3,1185.07,0,7,2,java.lang.Object,0.00,12,0,19,0,12,6,1,1,292,2
"org.apache.jackrabbit.server.remoting.davex.JsonDiffHandler",14,0.01,4.93,268,4.08,289030.07,23,9,29,97,10,109.57,52,318,2,1,88.95,0.00,0.00,0.12,8,66.00,15,12252.01,0,7,8,java.lang.Object,0.00,83,0,69,0,83,7,1,32,2140,0
"org.apache.jackrabbit.server.remoting.davex.JsonDiffHandler$ImportItem",2,1.00,1.50,7,0.06,1089.20,3,1,29,3,0,131.56,0,10,0,1,131.56,0.00,0.00,0.00,0,2.00,2,168.65,0,0,0,java.lang.Object,0.00,1,0,3,0,1,2,0,0,45,2
"org.apache.jackrabbit.server.remoting.davex.JsonDiffHandler$ImportMvProp",2,1.00,1.50,10,0.11,2139.53,3,1,29,8,0,120.98,0,14,0,2,120.98,0.00,0.50,0.50,0,2.00,2,335.09,0,0,0,org.apache.jackrabbit.server.remoting.davex.ImportItem,0.00,6,1,3,0,6,2,0,0,78,1
"org.apache.jackrabbit.server.remoting.davex.JsonDiffHandler$ImportNode",5,0.12,3.00,40,0.45,16541.75,9,4,29,13,1,159.34,5,48,0,2,109.34,0.00,0.50,0.35,0,9.00,7,1363.29,0,0,1,org.apache.jackrabbit.server.remoting.davex.ImportItem,0.00,8,1,15,0,8,5,0,5,289,1
"org.apache.jackrabbit.server.remoting.davex.JsonDiffHandler$ImportProp",2,1.00,1.00,7,0.06,617.92,3,1,29,3,0,133.59,0,10,0,2,133.59,0.00,0.50,0.50,0,2.00,1,175.37,0,0,0,org.apache.jackrabbit.server.remoting.davex.ImportItem,0.00,1,1,2,0,1,2,0,0,47,1
"org.apache.jackrabbit.server.remoting.davex.JsonDiffHandler$NodeHandler",11,0.03,1.82,55,0.60,14670.89,14,3,29,25,1,120.18,5,76,0,1,120.18,0.00,0.00,0.30,1,25.00,4,1797.42,0,0,1,java.lang.Object,0.00,14,0,20,0,14,11,1,5,404,1
"org.apache.jackrabbit.server.remoting.davex.JsonDiffHandler$ValueHandler",10,0.56,1.10,17,0.15,1996.26,11,1,29,10,1,152.86,5,28,0,1,152.86,0.00,0.00,0.50,0,10.00,2,458.73,0,1,1,java.lang.Object,0.00,0,0,11,0,0,9,1,5,131,1
"org.apache.jackrabbit.server.remoting.davex.JsonDiffHandler$ValuesHandler",10,0.56,1.10,20,0.20,2596.91,11,1,29,14,1,140.74,5,32,0,1,140.74,0.00,0.00,0.50,0,10.00,2,604.49,0,1,1,java.lang.Object,0.00,4,0,11,0,4,9,1,5,164,1
"org.apache.jackrabbit.server.remoting.davex.JsonDiffHandlerTest",1,0.00,2.00,32,0.44,14032.97,1,0,31,10,2,102.65,3,32,1,2,82.04,0.00,0.50,0.00,0,1.00,2,1305.17,0,0,1,junit.framework.TestCase,0.00,9,1,2,0,9,1,0,1,230,1
"org.apache.jackrabbit.server.remoting.davex.JsonDiffHandlerTest$DummySession",31,0.00,1.00,50,0.46,3750.48,31,0,31,31,0,154.60,0,82,0,1,154.60,0.00,0.00,0.00,0,31.00,1,1375.60,0,15,0,java.lang.Object,0.00,0,0,31,0,0,16,1,0,383,2
"org.apache.jackrabbit.server.remoting.davex.JsonWriter",12,1.00,2.33,94,1.32,51196.80,13,1,11,36,3,68.40,89,126,1,1,110.70,0.00,0.00,0.08,7,22.00,7,3969.61,0,1,2,java.lang.Object,0.00,24,0,28,0,24,11,0,27,769,0
"org.apache.jackrabbit.server.remoting.davex.TestAll",1,0.00,1.00,7,0.06,1740.69,1,0,3,3,3,71.66,7,9,0,2,113.96,0.00,0.50,0.00,0,1.00,1,186.48,0,1,3,junit.framework.TestCase,0.00,2,1,1,0,2,0,0,2,47,1
"org.apache.jackrabbit.ocm.manager.objectconverter.ObjectConverter",12,0.00,1.00,13,0.17,943.02,12,0,5,12,21,107.97,97,15,18,1,156.07,0.00,0.00,0.00,0,12.00,1,506.80,0,4,3,,0.00,0,0,12,0,0,8,0,12,144,1
"org.apache.jackrabbit.ocm.manager.objectconverter.ProxyManager",2,0.00,1.00,3,0.05,158.26,2,0,7,2,6,156.05,0,6,1,1,156.05,0.00,0.00,0.00,0,2.00,1,148.26,0,2,5,,0.00,0,0,2,0,0,0,0,0,39,1
"org.apache.jackrabbit.spi.commons.namespace.AbstractNamespaceResolver",7,0.17,2.71,70,0.64,24542.45,8,1,3,16,2,57.08,70,79,0,1,105.55,0.00,0.00,0.86,0,0.00,4,1915.29,0,0,2,java.lang.Object,0.00,9,0,19,0,9,7,1,15,392,2
"org.apache.jackrabbit.spi.commons.namespace.NamespaceAdder",3,0.00,1.33,16,0.18,2992.84,4,1,6,8,1,121.24,0,20,0,1,121.24,0.00,0.00,1.00,0,0.00,2,541.91,0,0,1,java.lang.Object,0.00,5,0,4,0,5,3,0,0,119,1
"org.apache.jackrabbit.spi.commons.namespace.NamespaceExtractor",2,0.00,1.50,16,0.18,3978.77,6,4,12,12,1,73.68,24,21,0,1,111.24,0.00,0.00,0.25,0,2.00,2,553.64,0,1,1,java.lang.Object,0.00,10,0,3,0,10,1,0,4,118,1
"org.apache.jackrabbit.spi.commons.namespace.NamespaceExtractor$NamespaceHandler",1,0.00,6.00,19,0.25,12230.03,1,0,12,5,0,130.59,2,26,0,2,90.70,0.00,0.50,0.00,0,0.00,6,752.53,0,0,0,org.xml.sax.helpers.DefaultHandler,0.00,4,1,6,0,4,1,0,2,141,1
"org.apache.jackrabbit.spi.commons.namespace.NamespaceListener",3,0.00,1.00,4,0.03,159.82,3,0,0,3,1,109.30,26,5,1,1,157.40,0.00,0.00,0.00,0,3.00,1,89.52,0,0,0,,0.00,0,0,3,0,0,3,0,4,31,1
"org.apache.jackrabbit.spi.commons.namespace.NamespaceMapping",10,0.00,2.10,58,0.62,19187.45,13,3,6,26,10,101.03,50,76,9,1,118.90,0.00,0.00,0.33,2,10.00,5,1845.44,0,5,1,java.lang.Object,0.00,16,0,21,0,16,5,1,15,415,1
"org.apache.jackrabbit.spi.commons.namespace.NamespaceResolver",2,0.00,1.00,3,0.02,99.22,2,0,1,2,49,113.52,22,4,49,1,157.65,0.00,0.00,0.00,0,2.00,1,54.92,0,2,0,,0.00,0,0,2,0,0,0,0,3,21,1
"org.apache.jackrabbit.spi.commons.namespace.RegistryNamespaceResolver",3,0.50,2.33,16,0.17,8339.19,4,1,3,6,5,117.85,12,28,4,1,117.61,0.00,0.00,0.67,0,1.00,3,503.19,0,2,1,java.lang.Object,0.00,3,0,7,0,3,1,1,3,116,1
"org.apache.jackrabbit.spi.commons.namespace.SessionNamespaceResolver",3,0.50,1.67,12,0.11,2384.80,4,1,3,6,2,93.36,19,20,1,1,125.58,0.00,0.00,0.67,0,1.00,2,340.69,0,2,1,java.lang.Object,0.00,3,0,5,0,3,1,1,7,84,1
"org.apache.jackrabbit.api.jsr.InvalidNodeTypeDefinitionException",4,0.00,1.00,9,0.05,332.37,4,0,1,4,1,102.36,30,14,1,2,144.65,0.00,0.50,0.00,0,4.00,1,136.79,0,0,0,javax.jcr.RepositoryException,0.00,0,1,4,0,0,4,0,5,46,1
"org.apache.jackrabbit.api.jsr.NodeDefinitionTemplate",8,0.00,1.00,9,0.05,174.24,8,0,1,8,3,128.24,53,10,3,2,160.46,0.00,0.50,0.00,0,8.00,1,146.31,0,0,0,,0.00,0,1,8,0,0,8,0,9,56,1
"org.apache.jackrabbit.api.jsr.NodeTypeDefinition",8,0.00,1.00,9,0.03,107.24,8,0,2,8,4,141.98,114,10,4,1,162.12,0.00,0.00,0.00,0,8.00,1,84.83,0,5,0,,0.00,0,0,8,0,0,3,0,9,40,1
"org.apache.jackrabbit.api.jsr.NodeTypeExistsException",4,0.00,1.00,9,0.05,332.37,4,0,1,4,1,102.36,30,14,1,2,144.65,0.00,0.50,0.00,0,4.00,1,136.79,0,0,0,javax.jcr.RepositoryException,0.00,0,1,4,0,0,4,0,5,46,1
"org.apache.jackrabbit.api.jsr.NodeTypeTemplate",8,0.00,1.00,9,0.04,159.22,8,0,1,8,2,112.67,65,10,2,2,160.77,0.00,0.50,0.00,0,8.00,1,131.30,0,2,0,,0.00,0,1,8,0,0,6,0,9,52,1
"org.apache.jackrabbit.api.jsr.PropertyDefinitionTemplate",9,0.00,1.00,10,0.06,203.71,9,0,2,9,3,128.11,58,11,3,2,160.33,0.00,0.50,0.00,0,9.00,1,165.97,0,0,0,,0.00,0,1,9,0,0,9,0,10,63,1
"org.apache.jackrabbit.jca.test.AbstractTestCase",1,4.00,4.00,27,0.39,15983.02,7,6,9,14,3,134.18,25,41,1,2,84.19,1.00,0.33,0.33,0,0.00,4,1179.00,0,0,2,junit.framework.TestCase,0.00,13,1,4,1,13,1,0,9,217,2
"org.apache.jackrabbit.jca.test.ConnectionFactoryTest",4,0.00,1.00,39,0.48,17286.74,4,0,10,15,5,64.48,29,45,0,3,106.77,0.00,0.67,0.00,0,0.00,1,1428.57,0,0,5,org.apache.jackrabbit.jca.test.AbstractTestCase,0.00,11,2,4,0,11,4,0,19,293,2
"org.apache.jackrabbit.ocm.manager.beanconverter.AllTests",2,0.00,1.00,8,0.06,1287.47,2,0,3,5,4,147.04,7,11,1,1,126.42,0.00,0.00,0.00,1,2.00,1,190.58,0,2,3,java.lang.Object,0.00,3,0,2,0,3,0,0,3,50,1
"org.apache.jackrabbit.ocm.manager.beanconverter.AnnotationBeanDescriptorTest",8,0.00,1.38,130,1.81,85105.29,8,0,16,65,6,94.54,34,153,2,4,94.30,0.00,0.75,0.00,0,20.00,3,5418.46,5,1,4,org.apache.jackrabbit.ocm.AnnotationTestBase,0.36,57,3,11,0,57,7,0,25,997,1
"org.apache.jackrabbit.ocm.manager.beanconverter.BeanConverter",5,0.00,1.00,6,0.14,693.14,5,0,8,5,15,172.27,93,12,11,1,154.13,0.00,0.00,0.00,0,5.00,1,423.23,0,2,6,,0.00,0,0,5,0,0,3,0,6,103,1
"org.apache.jackrabbit.ocm.manager.beanconverter.DigesterBeanDescriptorTest",8,0.00,1.38,130,1.81,85105.29,8,0,16,65,6,94.54,34,153,2,4,94.30,0.00,0.75,0.00,0,20.00,3,5418.46,5,1,4,org.apache.jackrabbit.ocm.DigesterTestBase,0.36,57,3,11,0,57,7,0,25,997,1
"org.apache.jackrabbit.ocm.manager.beanconverter.FakeBeanConverter",7,0.17,1.57,25,0.42,8177.00,8,1,15,13,12,168.83,14,50,2,2,128.94,0.00,0.50,0.86,0,0.00,2,1259.96,0,2,10,org.apache.jackrabbit.ocm.manager.beanconverter.impl.AbstractBeanConverterImpl,0.00,6,1,11,0,6,5,1,6,261,1
"org.apache.jackrabbit.test.api.observation.AbstractObservationTest",12,0.36,1.75,67,0.85,29066.69,14,2,13,34,19,70.04,104,95,17,4,118.15,6.33,0.13,0.17,2,38.00,6,2563.63,2,1,2,org.apache.jackrabbit.test.AbstractJCRTest,0.25,22,3,21,19,22,11,0,16,533,2
"org.apache.jackrabbit.test.api.observation.AddEventListenerTest",7,0.00,1.29,85,1.23,35651.45,7,0,5,22,4,59.20,54,112,1,5,101.49,0.00,0.80,0.00,0,0.00,2,3686.72,4,1,3,org.apache.jackrabbit.test.api.observation.AbstractObservationTest,0.00,15,4,9,0,15,6,0,11,684,1
"org.apache.jackrabbit.test.api.observation.EventIteratorTest",3,0.00,1.67,47,0.59,15877.45,3,0,5,15,4,53.56,33,54,1,5,97.69,0.00,0.80,0.00,0,0.00,2,1770.04,2,0,3,org.apache.jackrabbit.test.api.observation.AbstractObservationTest,0.00,12,4,5,0,12,3,0,8,328,1
"org.apache.jackrabbit.test.api.observation.EventResult",5,0.00,2.00,30,0.28,5463.78,8,3,8,16,19,73.76,56,43,19,1,117.89,0.00,0.00,0.33,2,2.00,3,845.75,0,3,0,java.lang.Object,0.00,11,0,10,0,11,2,1,11,195,1
"org.apache.jackrabbit.test.api.observation.EventTest",3,0.00,1.00,33,0.42,8149.26,3,0,3,13,3,62.82,22,37,1,5,105.11,0.00,0.80,0.00,0,0.00,1,1256.61,2,0,2,org.apache.jackrabbit.test.api.observation.AbstractObservationTest,0.00,10,4,3,0,10,3,0,4,243,1
"org.apache.jackrabbit.test.api.observation.GetRegisteredEventListenersTest",2,0.00,1.00,21,0.24,6030.45,2,0,2,5,3,74.08,12,24,1,5,106.30,0.00,0.80,0.00,0,0.00,1,725.25,3,0,2,org.apache.jackrabbit.test.api.observation.AbstractObservationTest,0.00,3,4,2,0,3,2,0,2,152,1
"org.apache.jackrabbit.test.api.observation.LockingTest",3,0.00,2.67,56,0.76,25994.07,3,0,5,17,3,48.81,33,54,1,5,92.94,0.00,0.80,0.00,1,0.00,3,2273.90,3,1,2,org.apache.jackrabbit.test.api.observation.AbstractObservationTest,0.00,14,4,8,0,14,2,0,6,395,1
"org.apache.jackrabbit.test.api.observation.NodeAddedTest",4,0.00,1.00,41,0.46,9392.73,4,0,3,9,3,64.86,29,42,1,5,107.15,0.00,0.80,0.00,0,0.00,1,1372.91,3,0,2,org.apache.jackrabbit.test.api.observation.AbstractObservationTest,0.00,5,4,4,0,5,4,0,5,276,1
"org.apache.jackrabbit.test.api.observation.NodeMovedTest",3,0.00,1.00,57,0.79,25038.52,3,0,3,10,3,131.72,64,55,1,5,92.42,0.00,0.80,0.00,0,0.00,1,2373.82,4,0,2,org.apache.jackrabbit.test.api.observation.AbstractObservationTest,0.00,7,4,3,0,7,3,0,9,437,1
"org.apache.jackrabbit.test.api.observation.NodeRemovedTest",2,0.00,1.00,24,0.27,5847.23,2,0,3,7,3,59.32,22,25,1,5,103.45,0.00,0.80,0.00,0,0.00,1,802.77,3,0,2,org.apache.jackrabbit.test.api.observation.AbstractObservationTest,0.00,5,4,2,0,5,2,0,3,160,1
"org.apache.jackrabbit.test.api.observation.NodeReorderTest",3,0.00,5.67,113,1.52,95206.91,3,0,4,17,4,90.44,102,113,1,5,76.66,0.00,0.80,0.00,0,0.00,6,4549.93,4,0,3,org.apache.jackrabbit.test.api.observation.AbstractObservationTest,0.00,14,4,17,0,14,3,0,36,751,1
"org.apache.jackrabbit.test.api.observation.PropertyAddedTest",3,0.00,1.33,37,0.48,12114.70,3,0,5,13,3,52.28,28,40,1,5,102.28,0.00,0.80,0.00,0,0.00,2,1451.08,3,0,2,org.apache.jackrabbit.test.api.observation.AbstractObservationTest,0.00,10,4,4,0,10,3,0,4,274,1
"org.apache.jackrabbit.test.api.observation.PropertyChangedTest",4,0.00,1.75,65,1.06,47696.82,4,0,7,24,4,45.38,43,72,1,5,93.85,0.00,0.80,0.00,0,0.00,4,3181.32,3,0,3,org.apache.jackrabbit.test.api.observation.AbstractObservationTest,0.00,20,4,7,0,20,4,0,7,548,1
"org.apache.jackrabbit.test.api.observation.PropertyRemovedTest",2,0.00,1.00,26,0.35,8292.36,2,0,4,8,3,56.83,23,30,1,5,100.96,0.00,0.80,0.00,0,0.00,1,1063.85,3,0,2,org.apache.jackrabbit.test.api.observation.AbstractObservationTest,0.00,6,4,2,0,6,2,0,3,201,1
"org.apache.jackrabbit.test.api.observation.TestAll",1,0.00,1.00,17,0.20,7463.72,1,0,3,3,15,46.13,10,19,2,2,94.60,0.00,0.50,0.00,0,1.00,1,597.20,0,1,13,junit.framework.TestCase,0.00,2,1,1,0,2,0,0,2,127,1
"org.apache.jackrabbit.test.api.observation.WorkspaceOperationTest",3,0.00,1.00,49,0.73,22769.39,3,0,3,11,3,45.53,28,48,1,5,95.53,0.00,0.80,0.00,0,0.00,1,2203.07,4,0,2,org.apache.jackrabbit.test.api.observation.AbstractObservationTest,0.00,8,4,3,0,8,3,0,4,408,1
"org.apache.jackrabbit.webdav.jcr.property.LengthsProperty",3,0.50,1.33,16,0.15,3065.42,4,1,5,6,4,88.94,19,18,1,2,121.16,0.00,0.50,0.67,0,2.00,2,436.03,1,2,3,org.apache.jackrabbit.webdav.property.AbstractDavProperty,0.00,3,1,4,0,3,1,1,4,99,1
"org.apache.jackrabbit.webdav.jcr.property.NamespacesProperty",6,0.10,2.17,46,0.66,18241.82,8,2,18,28,8,161.87,8,57,1,2,111.87,0.00,0.50,0.58,0,0.00,5,1971.00,1,3,7,org.apache.jackrabbit.webdav.property.AbstractDavProperty,0.00,22,1,13,0,22,3,1,4,382,1
"org.apache.jackrabbit.webdav.jcr.property.ValuesProperty",13,0.08,2.38,82,1.19,47415.44,15,2,20,42,10,81.50,89,105,2,2,113.72,0.00,0.50,0.42,2,0.00,8,3579.59,1,7,8,org.apache.jackrabbit.webdav.property.AbstractDavProperty,0.00,29,1,31,0,29,6,1,21,694,1
"org.apache.jackrabbit.server.AbstractWebdavServlet",0,0.00,0.00,1,0.02,213.31,0,0,0,0,1,171.00,6,2,0,3,171.00,0.00,0.67,0.00,0,0.00,0,60.94,0,0,1,org.apache.jackrabbit.webdav.server.AbstractWebdavServlet,0.00,0,2,0,0,0,0,0,1,17,2
"org.apache.jackrabbit.server.BasicCredentialsProvider",2,1.00,4.00,30,0.47,31008.44,3,1,9,17,6,120.09,38,43,3,1,93.81,0.00,0.00,0.50,0,2.00,7,1423.23,0,1,3,java.lang.Object,0.00,15,0,8,0,15,1,1,4,246,1
"org.apache.jackrabbit.server.BasicCredentialsProviderTest",2,0.00,2.50,27,0.40,13797.38,2,0,19,18,3,138.89,4,31,1,2,99.01,0.00,0.50,0.00,0,2.00,3,1193.38,0,0,2,junit.framework.TestCase,0.00,16,1,5,0,16,2,0,2,219,1
"org.apache.jackrabbit.server.BasicCredentialsProviderTest$RequestImpl",51,1.00,1.00,101,0.48,3926.43,52,1,19,51,0,156.14,0,153,0,1,156.14,0.00,0.00,0.02,0,100.00,1,1430.80,0,37,0,java.lang.Object,0.00,0,0,51,0,0,14,1,0,459,1
"org.apache.jackrabbit.server.CredentialsProvider",1,0.00,1.00,2,0.01,78.44,1,0,4,1,5,100.72,11,4,5,1,144.85,0.00,0.00,0.00,0,1.00,1,41.22,0,1,0,,0.00,0,0,1,0,0,0,0,2,14,1
"org.apache.jackrabbit.server.SessionProvider",2,0.00,1.00,3,0.03,158.68,2,0,6,2,4,106.04,19,5,4,1,156.04,0.00,0.00,0.00,0,2.00,1,86.25,0,1,0,,0.00,0,0,2,0,0,1,0,3,26,1
"org.apache.jackrabbit.server.SessionProviderImpl",3,1.00,1.33,12,0.11,2236.10,4,1,7,6,4,107.98,16,19,2,1,125.86,0.00,0.00,0.33,0,4.00,2,342.21,0,1,2,java.lang.Object,0.00,3,0,4,0,3,2,1,5,82,1
"org.apache.jackrabbit.server.TestAll",1,0.00,1.00,5,0.04,864.35,1,0,3,3,1,79.51,7,7,0,2,121.80,0.00,0.50,0.00,0,1.00,1,115.51,0,1,1,junit.framework.TestCase,0.00,2,1,1,0,2,0,0,2,31,1
"org.apache.jackrabbit.test.api.AbstractImportXmlTest",13,0.10,2.46,218,2.84,81565.50,52,39,39,78,3,47.87,112,271,1,4,95.97,0.33,0.60,0.12,4,0.00,4,8524.22,2,5,2,org.apache.jackrabbit.test.AbstractJCRTest,0.24,65,3,32,1,65,8,0,34,1522,1
"org.apache.jackrabbit.test.api.AbstractPropertyTest",5,0.06,1.60,31,0.33,7536.97,9,4,6,15,12,117.07,21,40,9,4,116.84,3.00,0.23,0.30,2,2.00,3,981.97,3,1,3,org.apache.jackrabbit.test.AbstractJCRTest,0.48,10,3,8,9,10,4,0,9,205,1
"org.apache.jackrabbit.test.api.AbstractWorkspaceCopyBetweenTest",4,0.50,2.50,49,0.50,14066.36,10,6,6,23,7,60.32,29,59,5,5,102.61,4.25,0.18,0.54,2,0.00,4,1505.62,3,1,2,org.apache.jackrabbit.test.api.AbstractWorkspaceCopyTest,0.37,19,4,10,17,19,3,0,13,315,1
"org.apache.jackrabbit.test.api.AbstractWorkspaceCopyTest",3,0.50,1.67,21,0.18,3080.92,6,3,4,8,4,83.42,18,29,3,4,115.64,6.67,0.12,0.67,1,0.00,3,532.36,2,0,1,org.apache.jackrabbit.test.AbstractJCRTest,0.35,5,3,5,20,5,3,0,7,126,1
"org.apache.jackrabbit.test.api.AbstractWorkspaceReferenceableTest",2,0.00,2.50,14,0.16,4322.66,2,0,6,9,6,80.78,12,21,4,6,113.01,0.80,0.50,0.00,0,0.00,3,474.19,1,1,2,org.apache.jackrabbit.test.api.AbstractWorkspaceCopyBetweenTest,0.21,7,5,5,4,7,1,0,4,103,1
"org.apache.jackrabbit.test.api.AbstractWorkspaceSameNameSibsTest",2,1.00,5.00,40,0.45,25070.03,6,4,5,10,6,45.70,22,47,4,6,89.83,0.80,0.50,0.75,0,0.00,9,1353.63,3,0,2,org.apache.jackrabbit.test.api.AbstractWorkspaceCopyBetweenTest,0.41,8,5,10,4,8,2,0,10,249,1
"org.apache.jackrabbit.test.api.AbstractWorkspaceVersionableTest",2,0.00,2.50,15,0.18,4853.42,2,0,6,10,6,94.74,10,22,4,6,112.61,0.80,0.50,0.00,0,0.00,3,530.69,1,1,2,org.apache.jackrabbit.test.api.AbstractWorkspaceCopyBetweenTest,0.21,8,5,5,4,8,1,0,4,113,1
"org.apache.jackrabbit.test.api.AddNodeTest",11,0.00,1.73,69,0.80,15677.06,11,0,8,26,2,84.79,72,101,1,4,117.01,0.00,0.75,0.00,0,0.00,3,2395.23,0,0,1,org.apache.jackrabbit.test.AbstractJCRTest,0.00,15,3,19,0,15,11,0,30,517,1
"org.apache.jackrabbit.test.api.Base64",11,0.12,2.27,108,1.78,229742.97,15,4,7,18,2,58.91,86,135,2,1,101.20,0.00,0.00,0.14,2,39.00,8,5351.38,0,0,0,java.lang.Object,0.00,7,0,25,0,7,11,0,23,993,1
"org.apache.jackrabbit.test.api.BinaryPropertyTest",13,0.00,3.08,115,1.33,44397.54,13,0,7,47,4,91.36,76,185,1,5,109.23,0.00,0.80,0.00,0,0.00,6,3979.19,0,1,3,org.apache.jackrabbit.test.api.AbstractPropertyTest,0.26,34,4,40,0,34,12,0,25,787,1
"org.apache.jackrabbit.test.api.BooleanPropertyTest",12,0.00,2.67,89,1.01,34150.07,12,0,7,38,3,94.18,67,147,1,5,112.05,0.00,0.80,0.00,0,0.00,6,3037.72,0,1,2,org.apache.jackrabbit.test.api.AbstractPropertyTest,0.27,26,4,32,0,26,11,0,25,604,1
"org.apache.jackrabbit.test.api.CheckPermissionTest",3,0.00,2.67,27,0.33,9623.48,3,0,3,10,2,59.46,26,39,1,4,107.57,0.00,0.75,0.00,2,0.00,5,998.73,0,0,1,org.apache.jackrabbit.test.AbstractJCRTest,0.00,7,3,8,0,7,3,0,7,203,1
"org.apache.jackrabbit.test.api.DatePropertyTest",12,0.00,2.50,90,1.05,34563.01,12,0,8,39,3,94.15,68,143,1,5,112.02,0.00,0.80,0.00,0,0.00,6,3142.62,0,1,2,org.apache.jackrabbit.test.api.AbstractPropertyTest,0.27,27,4,30,0,27,11,0,27,626,1
"org.apache.jackrabbit.test.api.DocumentViewImportTest",21,0.01,2.05,149,1.83,51028.62,25,4,13,47,3,94.78,120,229,1,5,112.65,0.00,0.80,0.26,11,136.00,6,5480.17,6,0,2,org.apache.jackrabbit.test.api.AbstractImportXmlTest,0.19,26,4,43,0,26,21,0,47,1066,1
"org.apache.jackrabbit.test.api.DoublePropertyTest",12,0.00,2.50,89,1.04,35436.40,12,0,8,41,3,94.06,65,140,1,5,111.94,0.00,0.80,0.00,0,0.00,6,3118.48,0,1,2,org.apache.jackrabbit.test.api.AbstractPropertyTest,0.27,29,4,30,0,29,11,0,23,622,1
"org.apache.jackrabbit.test.api.EscapeJCRUtil",7,0.22,2.57,73,0.80,43331.10,10,3,1,18,2,124.24,27,89,1,1,103.62,0.00,0.00,0.14,5,17.00,7,2403.89,0,6,1,java.lang.Object,0.00,11,0,18,0,11,1,0,8,491,1
"org.apache.jackrabbit.test.api.ExportDocViewTest",39,0.04,3.05,437,5.96,255290.46,59,20,40,145,5,51.85,361,599,1,4,101.85,0.00,0.75,0.09,23,696.00,10,17876.80,3,11,4,org.apache.jackrabbit.test.AbstractJCRTest,0.14,106,3,119,0,106,28,0,100,3315,1
"org.apache.jackrabbit.test.api.ExportDocViewTest$AttributeSeparator",4,0.33,1.75,30,0.26,5803.98,10,6,40,13,0,114.45,1,35,0,1,114.45,0.00,0.00,0.42,1,0.00,4,786.84,0,2,0,java.lang.Object,0.00,9,0,7,0,9,2,0,1,174,1
"org.apache.jackrabbit.test.api.ExportDocViewTest$StackEntry",0,0.00,0.00,3,0.02,129.73,2,2,40,0,0,171.00,2,4,0,1,171.00,0.00,0.00,0.00,0,0.00,0,51.89,0,0,0,java.lang.Object,0.00,0,0,0,0,0,0,0,2,15,1
"org.apache.jackrabbit.test.api.ExportSysViewTest",12,0.19,1.17,46,0.50,8106.35,19,7,16,25,3,170.77,24,73,1,4,130.88,0.00,0.75,0.32,2,4.00,2,1485.44,2,0,2,org.apache.jackrabbit.test.AbstractJCRTest,0.25,13,3,14,0,13,12,0,4,339,1
"org.apache.jackrabbit.test.api.ExportSysViewTest$SysViewParser",2,0.20,2.00,19,0.20,4460.31,7,5,16,10,1,158.88,3,27,0,1,108.88,0.00,0.00,0.30,0,0.00,2,610.34,0,0,1,java.lang.Object,0.00,8,0,4,0,8,2,0,3,131,1
"org.apache.jackrabbit.test.api.ImpersonateTest",1,0.00,7.00,25,0.37,17717.28,1,0,9,12,3,103.08,18,39,1,4,84.95,0.00,0.75,0.00,0,0.00,7,1120.10,0,0,2,org.apache.jackrabbit.test.AbstractJCRTest,0.00,11,3,7,0,11,1,0,8,193,1
"org.apache.jackrabbit.test.api.LongPropertyTest",12,0.00,2.50,87,1.01,32818.26,12,0,8,40,3,94.33,64,140,1,5,112.20,0.00,0.80,0.00,0,0.00,6,3039.21,0,1,2,org.apache.jackrabbit.test.api.AbstractPropertyTest,0.27,28,4,30,0,28,11,0,23,608,1
"org.apache.jackrabbit.test.api.NamePropertyTest",9,0.00,1.78,39,0.38,6558.83,9,0,4,21,3,93.65,62,70,1,5,125.87,0.00,0.80,0.00,0,0.00,4,1153.15,0,1,2,org.apache.jackrabbit.test.api.AbstractPropertyTest,0.29,12,4,16,0,12,8,0,16,263,1
"org.apache.jackrabbit.test.api.NamespaceRegistryReadMethodsTest",6,0.30,2.17,61,0.72,18646.69,10,4,10,21,3,73.80,37,73,1,4,106.02,0.00,0.75,0.50,0,0.00,3,2174.37,2,0,2,org.apache.jackrabbit.test.AbstractJCRTest,0.31,15,3,13,0,15,6,0,12,429,1
"org.apache.jackrabbit.test.api.NamespaceRegistryTest",8,0.24,2.75,77,0.88,21919.86,14,6,8,33,2,65.81,58,109,1,4,108.10,0.00,0.75,0.38,0,0.00,5,2633.26,2,2,1,org.apache.jackrabbit.test.AbstractJCRTest,0.29,25,3,22,0,25,6,0,28,544,1
"org.apache.jackrabbit.test.api.NamespaceRemappingTest",11,0.15,1.82,86,0.98,21633.21,13,2,10,38,2,81.18,73,116,1,4,113.40,0.00,0.75,0.64,2,0.00,3,2934.55,2,2,1,org.apache.jackrabbit.test.AbstractJCRTest,0.26,27,3,20,0,27,9,0,29,610,1
"org.apache.jackrabbit.test.api.NodeAddMixinTest",6,0.00,4.17,93,1.26,46408.35,6,0,12,39,4,52.05,71,129,1,4,96.18,0.00,0.75,0.00,1,0.00,6,3784.14,1,0,3,org.apache.jackrabbit.test.AbstractJCRTest,0.00,33,3,25,0,33,6,0,32,665,1
"org.apache.jackrabbit.test.api.NodeCanAddMixinTest",3,0.00,4.00,47,0.68,22056.97,3,0,8,24,4,46.36,29,72,1,4,96.36,0.00,0.75,0.00,0,0.00,5,2036.69,0,0,3,org.apache.jackrabbit.test.AbstractJCRTest,0.00,21,3,12,0,21,3,0,11,357,1
"org.apache.jackrabbit.test.api.NodeDiscoveringNodeTypesTest",6,0.00,2.83,65,0.84,28117.40,8,2,9,29,3,56.45,49,102,1,4,104.55,0.00,0.75,0.50,1,0.00,5,2532.33,2,1,2,org.apache.jackrabbit.test.AbstractJCRTest,0.31,23,3,17,0,23,5,0,14,484,1
"org.apache.jackrabbit.test.api.NodeItemIsModifiedTest",4,0.00,1.00,23,0.29,3640.74,4,0,4,12,2,84.06,49,28,1,4,121.62,0.00,0.75,0.00,0,0.00,1,875.35,0,0,1,org.apache.jackrabbit.test.AbstractJCRTest,0.00,8,3,4,0,8,4,0,11,188,1
"org.apache.jackrabbit.test.api.NodeItemIsNewTest",2,0.00,1.00,10,0.13,1491.05,2,0,4,9,2,92.93,26,13,1,4,122.31,0.00,0.75,0.00,0,0.00,1,380.20,0,0,1,org.apache.jackrabbit.test.AbstractJCRTest,0.00,7,3,2,0,7,2,0,5,85,1
"org.apache.jackrabbit.test.api.NodeIteratorTest",5,0.00,2.80,45,0.45,14239.92,5,0,5,13,3,75.74,30,63,1,4,107.96,0.00,0.75,0.00,0,0.00,5,1336.28,1,0,2,org.apache.jackrabbit.test.AbstractJCRTest,0.16,8,3,14,0,8,5,0,11,280,1
"org.apache.jackrabbit.test.api.NodeMixinUtil",2,0.00,2.50,16,0.22,4860.58,2,0,5,12,3,92.57,10,24,3,1,110.44,0.00,0.00,0.00,0,2.00,3,660.97,0,2,0,java.lang.Object,0.00,10,0,5,0,10,0,0,3,134,1
"org.apache.jackrabbit.test.api.NodeOrderableChildNodesTest",10,0.48,1.40,84,1.06,18041.90,13,3,9,27,3,63.12,101,113,1,4,111.59,0.00,0.75,0.77,2,0.00,2,3165.39,2,0,2,org.apache.jackrabbit.test.AbstractJCRTest,0.13,17,3,14,0,17,10,0,42,645,1
"org.apache.jackrabbit.test.api.NodeReadMethodsTest",36,0.37,3.44,418,6.00,386621.36,38,2,16,106,3,67.90,230,633,1,4,100.13,0.00,0.75,0.14,6,0.00,14,18005.70,3,6,2,org.apache.jackrabbit.test.AbstractJCRTest,0.14,70,3,124,0,70,30,0,89,3235,1
"org.apache.jackrabbit.test.api.NodeReadMethodsTest$ItemVisitor",2,0.00,1.00,5,0.04,319.50,2,0,16,5,0,142.42,0,8,0,1,142.42,0.00,0.00,0.00,0,2.00,1,114.87,0,0,0,java.lang.Object,0.00,3,0,2,0,3,2,0,0,33,0
"org.apache.jackrabbit.test.api.NodeRemoveMixinTest",4,0.00,5.00,78,1.10,41066.65,4,0,12,27,4,80.98,60,119,1,4,91.34,0.00,0.75,0.00,0,0.00,6,3308.12,0,0,3,org.apache.jackrabbit.test.AbstractJCRTest,0.00,23,3,20,0,23,4,0,26,572,1
"org.apache.jackrabbit.test.api.NodeTest",37,0.89,1.78,346,4.73,108166.48,38,1,15,85,3,63.85,432,466,1,4,107.98,0.00,0.75,0.14,0,0.00,5,14191.35,6,0,2,org.apache.jackrabbit.test.AbstractJCRTest,0.14,48,3,66,0,48,37,0,234,2771,1
"org.apache.jackrabbit.test.api.NodeUUIDTest",3,0.00,2.00,33,0.46,11040.72,3,0,8,21,3,151.18,70,45,1,4,103.91,0.00,0.75,0.00,1,0.00,2,1381.18,1,0,2,org.apache.jackrabbit.test.AbstractJCRTest,0.00,18,3,6,0,18,3,0,26,264,1
"org.apache.jackrabbit.test.api.PathPropertyTest",9,0.00,1.78,39,0.38,6558.83,9,0,4,21,3,107.99,49,70,1,5,125.87,0.00,0.80,0.00,0,0.00,4,1153.15,0,1,2,org.apache.jackrabbit.test.api.AbstractPropertyTest,0.29,12,4,16,0,12,8,0,16,263,1
"org.apache.jackrabbit.test.api.PropertyItemIsModifiedTest",6,0.00,1.17,33,0.38,5086.89,7,1,5,17,2,79.54,46,42,1,4,121.83,0.00,0.75,1.00,0,0.00,2,1135.72,2,0,1,org.apache.jackrabbit.test.AbstractJCRTest,0.31,11,3,7,0,11,6,0,10,249,1
"org.apache.jackrabbit.test.api.PropertyItemIsNewTest",4,0.00,1.25,20,0.22,2981.66,5,1,5,14,2,79.96,30,27,1,4,122.26,0.00,0.75,1.00,0,0.00,2,655.48,2,0,1,org.apache.jackrabbit.test.AbstractJCRTest,0.33,10,3,5,0,10,4,0,6,148,1
"org.apache.jackrabbit.test.api.PropertyReadMethodsTest",19,0.08,1.79,102,1.14,26009.55,21,2,12,54,4,102.22,98,168,1,4,120.09,0.00,0.75,0.42,0,0.00,4,3421.02,2,0,3,org.apache.jackrabbit.test.AbstractJCRTest,0.21,35,3,34,0,35,19,0,31,733,1
"org.apache.jackrabbit.test.api.PropertyReadMethodsTest$ItemVisitor",2,0.00,1.00,5,0.04,319.50,2,0,12,5,0,142.42,0,9,0,1,142.42,0.00,0.00,0.00,0,2.00,1,114.87,0,0,0,java.lang.Object,0.00,3,0,2,0,3,2,0,0,33,0
"org.apache.jackrabbit.test.api.PropertyTest",1,0.00,1.00,11,0.15,2874.20,1,0,5,11,2,154.92,25,17,1,4,104.92,0.00,0.75,0.00,0,0.00,1,438.34,0,0,1,org.apache.jackrabbit.test.AbstractJCRTest,0.00,10,3,1,0,10,1,0,5,86,1
"org.apache.jackrabbit.test.api.PropertyTypeTest",3,0.00,2.67,31,0.40,15808.15,3,0,8,20,2,71.94,18,49,1,4,104.16,0.00,0.75,0.00,1,5.00,6,1206.42,1,0,1,org.apache.jackrabbit.test.AbstractJCRTest,0.17,17,3,8,0,17,3,0,3,225,1
"org.apache.jackrabbit.test.api.PropertyUtil",13,0.05,4.15,189,2.58,110779.16,29,16,16,42,16,54.68,101,280,16,1,96.97,0.00,0.00,0.01,1,46.00,8,7735.36,0,5,0,java.lang.Object,0.00,29,0,54,0,29,8,0,23,1397,1
"org.apache.jackrabbit.test.api.ReferencePropertyTest",13,0.67,1.54,55,0.61,10623.94,14,1,7,37,3,125.74,60,90,1,5,125.51,0.00,0.80,0.38,0,0.00,4,1839.96,2,1,2,org.apache.jackrabbit.test.api.AbstractPropertyTest,0.53,24,4,20,0,24,12,0,20,404,1
"org.apache.jackrabbit.test.api.ReferenceableRootNodesTest",3,0.75,3.00,29,0.30,8234.82,5,2,5,14,3,59.97,26,41,1,4,108.07,0.00,0.75,1.00,0,0.00,3,902.09,2,0,2,org.apache.jackrabbit.test.AbstractJCRTest,0.35,11,3,9,0,11,3,0,8,193,1
"org.apache.jackrabbit.test.api.ReferencesTest",3,0.00,7.33,100,1.66,97550.17,3,0,7,33,3,40.80,37,122,1,4,78.37,0.00,0.75,0.00,0,0.00,11,4974.17,2,0,2,org.apache.jackrabbit.test.AbstractJCRTest,0.00,30,3,22,0,30,3,0,24,854,1
"org.apache.jackrabbit.test.api.RepositoryDescriptorTest",4,0.00,1.75,43,0.44,8500.02,6,2,8,15,2,89.49,22,48,1,4,107.37,0.00,0.75,0.50,0,0.00,2,1309.39,2,0,1,org.apache.jackrabbit.test.AbstractJCRTest,0.33,11,3,7,0,11,4,0,6,294,1
"org.apache.jackrabbit.test.api.RepositoryLoginTest",4,0.56,1.50,32,0.31,6452.74,7,3,6,14,2,79.74,25,55,1,4,111.96,0.00,0.75,0.75,0,0.00,3,928.64,1,0,1,org.apache.jackrabbit.test.AbstractJCRTest,0.17,10,3,6,0,10,4,0,6,201,1
"org.apache.jackrabbit.test.api.RootNodeTest",6,0.20,1.33,24,0.20,2540.41,8,2,5,15,2,128.03,29,34,1,4,127.79,0.00,0.75,0.67,0,0.00,2,585.93,2,0,1,org.apache.jackrabbit.test.AbstractJCRTest,0.31,9,3,8,0,9,6,0,10,148,1
"org.apache.jackrabbit.test.api.SerializationContext",2,0.96,1.50,61,0.65,10501.89,29,27,2,4,3,126.40,5,65,2,1,86.51,0.00,0.00,0.52,0,0.00,2,1941.30,0,1,1,java.lang.Object,0.00,2,0,3,0,2,1,0,2,351,0
"org.apache.jackrabbit.test.api.SerializationTest",59,0.16,1.61,312,3.48,86381.77,71,12,29,108,5,159.77,163,467,1,4,119.89,0.00,0.75,0.24,12,260.00,5,10443.71,3,2,4,org.apache.jackrabbit.test.AbstractJCRTest,0.10,49,3,95,0,49,57,0,56,2177,1
"org.apache.jackrabbit.test.api.SessionReadMethodsTest",13,0.04,2.00,84,0.90,24109.66,15,2,9,41,3,98.20,67,122,1,4,116.08,0.00,0.75,0.46,2,0.00,4,2691.36,2,2,2,org.apache.jackrabbit.test.AbstractJCRTest,0.24,28,3,26,0,28,11,0,19,581,1
"org.apache.jackrabbit.test.api.SessionTest",15,0.00,1.80,184,2.65,72399.86,15,0,12,42,3,110.73,262,237,1,4,101.60,0.00,0.75,0.00,0,0.00,5,7947.70,0,0,2,org.apache.jackrabbit.test.AbstractJCRTest,0.00,27,3,27,0,27,15,0,142,1516,1
"org.apache.jackrabbit.test.api.SessionUUIDTest",2,0.00,3.00,31,0.47,16744.54,2,0,7,18,3,109.77,68,42,1,4,95.99,0.00,0.75,0.00,0,0.00,3,1407.24,1,0,2,org.apache.jackrabbit.test.AbstractJCRTest,0.00,16,3,6,0,16,2,0,25,255,1
"org.apache.jackrabbit.test.api.SetPropertyAssumeTypeTest",12,0.37,1.50,193,3.19,117354.89,30,18,14,32,5,62.35,76,357,1,4,94.57,0.00,0.75,0.40,1,0.00,3,9562.10,2,0,4,org.apache.jackrabbit.test.AbstractJCRTest,0.25,20,3,18,0,20,12,0,22,1789,1
"org.apache.jackrabbit.test.api.SetPropertyBooleanTest",8,0.00,1.00,40,0.40,5108.54,9,1,3,17,2,123.07,35,59,1,4,122.84,0.00,0.75,1.00,0,0.00,1,1194.99,2,0,1,org.apache.jackrabbit.test.AbstractJCRTest,0.29,9,3,8,0,9,8,0,7,284,1
"org.apache.jackrabbit.test.api.SetPropertyCalendarTest",8,0.50,1.00,45,0.51,6653.13,12,4,5,20,2,122.17,35,64,1,4,121.93,0.00,0.75,0.69,0,0.00,1,1528.20,2,0,1,org.apache.jackrabbit.test.AbstractJCRTest,0.29,12,3,8,0,12,8,0,7,346,1
"org.apache.jackrabbit.test.api.SetPropertyConstraintViolationExceptionTest",6,0.00,6.67,148,2.26,111155.23,6,0,14,32,4,75.11,95,254,1,4,85.47,0.00,0.75,0.00,0,0.00,9,6767.96,0,0,3,org.apache.jackrabbit.test.AbstractJCRTest,0.00,26,3,40,0,26,6,0,56,1147,1
"org.apache.jackrabbit.test.api.SetPropertyDoubleTest",8,0.38,1.00,43,0.49,6956.79,11,3,3,21,2,122.02,37,62,1,4,121.78,0.00,0.75,0.67,0,0.00,1,1467.01,3,0,1,org.apache.jackrabbit.test.AbstractJCRTest,0.29,13,3,8,0,13,8,0,9,338,1
"org.apache.jackrabbit.test.api.SetPropertyInputStreamTest",9,0.28,1.78,84,1.06,32107.67,14,5,6,30,3,107.53,43,118,1,4,107.30,0.00,0.75,0.44,0,0.00,5,3194.60,2,0,2,org.apache.jackrabbit.test.AbstractJCRTest,0.28,21,3,16,0,21,9,0,13,646,1
"org.apache.jackrabbit.test.api.SetPropertyLongTest",8,0.38,1.00,42,0.46,6673.90,11,3,3,18,2,122.16,35,61,1,4,121.92,0.00,0.75,0.67,0,0.00,1,1392.28,2,0,1,org.apache.jackrabbit.test.AbstractJCRTest,0.29,10,3,8,0,10,8,0,7,323,1
"org.apache.jackrabbit.test.api.SetPropertyNodeTest",8,0.57,1.25,52,0.60,11748.77,11,3,3,23,3,99.11,44,73,1,4,116.98,0.00,0.75,0.83,0,0.00,3,1799.71,3,0,2,org.apache.jackrabbit.test.AbstractJCRTest,0.29,15,3,10,0,15,8,0,10,399,1
"org.apache.jackrabbit.test.api.SetPropertyStringTest",30,0.23,1.20,190,2.37,41911.20,38,8,6,46,2,117.40,138,267,1,4,117.16,0.00,0.75,0.35,0,0.00,3,7098.91,2,0,1,org.apache.jackrabbit.test.AbstractJCRTest,0.16,16,3,36,0,16,30,0,35,1555,1
"org.apache.jackrabbit.test.api.SetPropertyValueTest",33,0.21,1.33,217,2.67,55145.84,41,8,6,49,2,116.76,160,297,1,4,116.53,0.00,0.75,0.33,0,0.00,6,8003.44,2,0,1,org.apache.jackrabbit.test.AbstractJCRTest,0.15,16,3,44,0,16,33,0,38,1745,1
"org.apache.jackrabbit.test.api.SetValueBinaryTest",7,0.46,2.00,63,0.79,20446.10,11,4,9,35,3,65.66,52,84,1,4,107.96,0.00,0.75,0.64,1,0.00,3,2375.57,2,0,2,org.apache.jackrabbit.test.AbstractJCRTest,0.30,28,3,14,0,28,7,0,17,478,1
"org.apache.jackrabbit.test.api.SetValueBooleanTest",6,0.60,1.33,35,0.34,4076.56,9,3,6,19,2,80.27,43,46,1,4,122.56,0.00,0.75,0.83,0,0.00,2,1014.68,2,0,1,org.apache.jackrabbit.test.AbstractJCRTest,0.31,13,3,8,0,13,6,0,13,234,1
"org.apache.jackrabbit.test.api.SetValueConstraintViolationExceptionTest",12,0.00,6.92,333,5.06,259076.23,12,0,15,39,4,62.89,179,528,1,4,83.03,0.00,0.75,0.00,0,0.00,9,15176.04,0,0,3,org.apache.jackrabbit.test.AbstractJCRTest,0.00,27,3,83,0,27,12,0,122,2522,1
"org.apache.jackrabbit.test.api.SetValueDateTest",6,0.60,1.33,38,0.38,4778.39,9,3,8,20,2,76.77,43,49,1,4,119.06,0.00,0.75,0.83,0,0.00,2,1136.55,2,0,1,org.apache.jackrabbit.test.AbstractJCRTest,0.31,14,3,8,0,14,6,0,13,254,1
"org.apache.jackrabbit.test.api.SetValueDoubleTest",6,0.60,1.33,36,0.37,4723.96,9,3,6,21,2,76.81,45,47,1,4,119.10,0.00,0.75,0.83,0,0.00,2,1110.39,3,0,1,org.apache.jackrabbit.test.AbstractJCRTest,0.31,15,3,8,0,15,6,0,15,252,1
"org.apache.jackrabbit.test.api.SetValueLongTest",6,0.60,1.33,35,0.34,4076.56,9,3,6,19,2,80.27,43,46,1,4,122.56,0.00,0.75,0.83,0,0.00,2,1014.68,2,0,1,org.apache.jackrabbit.test.AbstractJCRTest,0.31,13,3,8,0,13,6,0,13,234,1
"org.apache.jackrabbit.test.api.SetValueReferenceTest",7,0.39,1.57,44,0.42,6528.92,10,3,7,26,3,68.48,63,58,1,4,118.48,0.00,0.75,0.67,1,0.00,3,1255.76,2,0,2,org.apache.jackrabbit.test.AbstractJCRTest,0.30,19,3,11,0,19,7,0,17,285,1
"org.apache.jackrabbit.test.api.SetValueStringTest",25,0.20,1.56,161,1.69,29488.26,34,9,10,42,2,99.81,131,207,1,4,117.68,0.00,0.75,0.30,0,0.00,2,5073.42,2,0,1,org.apache.jackrabbit.test.AbstractJCRTest,0.18,17,3,39,0,17,25,0,47,1089,1
"org.apache.jackrabbit.test.api.SetValueValueFormatExceptionTest",12,0.00,2.58,90,1.25,38503.13,12,0,12,30,4,79.42,79,163,1,4,111.65,0.00,0.75,0.00,1,38.00,7,3757.98,1,1,3,org.apache.jackrabbit.test.AbstractJCRTest,0.00,18,3,31,0,18,11,0,27,723,1
"org.apache.jackrabbit.test.api.SetValueVersionExceptionTest",12,0.30,2.58,110,1.25,38478.21,18,6,12,31,3,75.36,77,186,1,4,107.58,0.00,0.75,0.44,0,0.00,7,3745.52,4,0,2,org.apache.jackrabbit.test.AbstractJCRTest,0.25,19,3,31,0,19,12,0,31,733,1
"org.apache.jackrabbit.test.api.StringPropertyTest",12,0.00,2.67,93,1.09,31309.41,12,0,7,43,4,64.24,96,150,1,5,112.35,0.00,0.80,0.00,0,0.00,5,3261.50,0,1,3,org.apache.jackrabbit.test.api.AbstractPropertyTest,0.27,31,4,32,0,31,11,0,25,648,1
"org.apache.jackrabbit.test.api.SysViewContentHandler",13,0.12,4.92,290,4.68,289257.61,35,22,27,90,4,37.85,138,411,2,2,86.32,0.00,0.50,0.16,5,57.00,16,14052.08,0,1,2,org.xml.sax.helpers.DefaultHandler,0.00,77,1,64,0,77,12,0,90,2303,0
"org.apache.jackrabbit.test.api.SysViewContentHandler$ChildNodeElem",0,0.00,0.00,3,0.01,82.42,2,2,27,0,0,171.00,0,4,0,1,171.00,0.00,0.00,0.00,0,0.00,0,41.21,0,0,0,java.lang.Object,0.00,0,0,0,0,0,0,0,0,13,1
"org.apache.jackrabbit.test.api.SysViewContentHandler$ConditionException",1,0.00,1.00,3,0.02,106.02,1,0,27,1,0,137.25,0,5,0,2,137.25,0.00,0.50,0.00,0,1.00,1,45.51,0,0,0,org.xml.sax.SAXException,0.00,0,1,1,0,0,1,0,0,16,1
"org.apache.jackrabbit.test.api.SysViewContentHandler$NodeElemData",0,0.00,0.00,8,0.06,805.37,7,7,27,2,0,171.00,10,9,0,1,171.00,0.00,0.00,0.00,0,0.00,0,191.76,0,0,0,java.lang.Object,0.00,2,0,0,0,2,0,0,10,43,1
"org.apache.jackrabbit.test.api.SysViewContentHandler$PropElemData",0,0.00,0.00,5,0.03,169.39,4,4,27,0,0,171.00,0,6,0,1,171.00,0.00,0.00,0.00,0,0.00,0,75.28,0,0,0,java.lang.Object,0.00,0,0,0,0,0,0,0,0,21,1
"org.apache.jackrabbit.test.api.TestAll",1,0.00,1.00,86,1.49,64614.96,1,0,3,3,84,40.82,14,88,2,2,60.96,0.00,0.50,0.00,0,1.00,1,4457.25,0,1,82,junit.framework.TestCase,0.00,2,1,1,0,2,0,0,5,679,1
"org.apache.jackrabbit.test.api.TreeComparator",23,0.04,3.17,266,3.82,161430.87,37,14,17,70,3,69.38,158,360,1,4,101.60,0.00,0.75,0.11,11,131.00,12,11467.36,2,2,2,org.apache.jackrabbit.test.AbstractJCRTest,0.09,47,3,73,0,47,21,0,54,2026,0
"org.apache.jackrabbit.test.api.UndefinedPropertyTest",3,0.00,1.00,12,0.12,1661.57,3,0,6,9,4,94.72,19,18,1,4,126.94,0.00,0.75,0.00,0,5.00,1,347.13,1,1,3,org.apache.jackrabbit.test.AbstractJCRTest,0.17,6,3,3,0,6,2,0,4,81,1
"org.apache.jackrabbit.test.api.ValueFactoryTest",5,0.33,6.80,137,2.31,261362.52,24,19,15,32,3,37.72,37,216,1,4,80.01,0.00,0.75,0.32,0,0.00,14,6932.12,2,1,2,org.apache.jackrabbit.test.AbstractJCRTest,0.32,27,3,34,0,27,4,0,15,1183,1
"org.apache.jackrabbit.test.api.WorkspaceCloneReferenceableTest",4,0.00,1.75,35,0.54,12098.51,4,0,3,16,2,65.65,44,44,1,7,109.77,0.00,0.86,0.00,0,0.00,3,1615.15,1,0,1,org.apache.jackrabbit.test.api.AbstractWorkspaceReferenceableTest,0.00,12,6,7,0,12,4,0,20,330,1
"org.apache.jackrabbit.test.api.WorkspaceCloneSameNameSibsTest",2,0.00,2.50,22,0.33,8568.30,2,0,4,15,2,83.20,29,26,1,7,103.34,0.00,0.86,0.00,0,0.00,3,989.13,0,0,1,org.apache.jackrabbit.test.api.AbstractWorkspaceSameNameSibsTest,0.00,13,6,5,0,13,2,0,10,188,1
"org.apache.jackrabbit.test.api.WorkspaceCloneTest",8,0.00,2.00,60,0.95,21529.78,8,0,8,29,2,64.20,64,87,1,6,112.31,0.00,0.83,0.00,0,0.00,3,2835.04,1,0,1,org.apache.jackrabbit.test.api.AbstractWorkspaceCopyBetweenTest,0.00,21,5,16,0,21,8,0,30,563,1
"org.apache.jackrabbit.test.api.WorkspaceCloneVersionableTest",1,0.00,3.00,12,0.20,6491.04,1,0,2,8,2,144.41,22,18,1,7,100.47,0.00,0.86,0.00,0,0.00,3,600.57,1,0,1,org.apache.jackrabbit.test.api.AbstractWorkspaceVersionableTest,0.00,7,6,3,0,7,1,0,10,121,1
"org.apache.jackrabbit.test.api.WorkspaceCopyBetweenWorkspacesReferenceableTest",1,0.00,1.00,9,0.13,2539.78,1,0,2,9,2,108.12,16,11,1,7,108.59,0.00,0.86,0.00,0,0.00,1,388.43,1,0,1,org.apache.jackrabbit.test.api.AbstractWorkspaceReferenceableTest,0.00,8,6,1,0,8,1,0,5,82,1
"org.apache.jackrabbit.test.api.WorkspaceCopyBetweenWorkspacesSameNameSibsTest",2,0.00,2.50,22,0.32,8710.08,2,0,4,14,2,83.14,29,26,1,7,103.29,0.00,0.86,0.00,0,0.00,3,965.47,0,0,1,org.apache.jackrabbit.test.api.AbstractWorkspaceSameNameSibsTest,0.00,12,6,5,0,12,2,0,10,186,1
"org.apache.jackrabbit.test.api.WorkspaceCopyBetweenWorkspacesTest",7,0.00,2.29,54,0.84,20353.12,7,0,10,29,3,63.91,57,81,1,6,112.01,0.00,0.83,0.00,0,0.00,4,2514.66,1,0,2,org.apache.jackrabbit.test.api.AbstractWorkspaceCopyBetweenTest,0.00,22,5,16,0,22,7,0,26,495,1
"org.apache.jackrabbit.test.api.WorkspaceCopyBetweenWorkspacesVersionableTest",1,0.00,3.00,12,0.19,6579.88,1,0,2,7,2,144.37,22,18,1,7,100.42,0.00,0.86,0.00,0,0.00,3,580.51,1,0,1,org.apache.jackrabbit.test.api.AbstractWorkspaceVersionableTest,0.00,6,6,3,0,6,1,0,10,119,1
"org.apache.jackrabbit.test.api.WorkspaceCopyReferenceableTest",3,0.00,1.00,12,0.14,2565.27,3,0,3,11,3,107.58,17,16,1,7,125.45,0.00,0.86,0.00,0,1.00,1,431.54,1,1,2,org.apache.jackrabbit.test.api.AbstractWorkspaceReferenceableTest,0.44,8,6,3,0,8,2,0,6,98,1
"org.apache.jackrabbit.test.api.WorkspaceCopySameNameSibsTest",4,0.00,1.75,25,0.33,8387.67,4,0,5,16,3,73.40,30,31,1,7,115.69,0.00,0.86,0.00,0,0.00,3,983.15,0,1,2,org.apache.jackrabbit.test.api.AbstractWorkspaceSameNameSibsTest,0.42,12,6,7,0,12,3,0,11,198,1
"org.apache.jackrabbit.test.api.WorkspaceCopyTest",6,0.00,2.33,51,0.73,17887.52,6,0,7,27,2,61.65,53,76,1,5,109.76,0.00,0.80,0.00,0,0.00,3,2182.67,0,0,1,org.apache.jackrabbit.test.api.AbstractWorkspaceCopyTest,0.00,21,4,14,0,21,6,0,24,430,1
"org.apache.jackrabbit.test.api.WorkspaceCopyVersionableTest",3,0.00,2.00,17,0.24,8035.12,3,0,4,11,3,75.48,23,28,1,7,117.77,0.00,0.86,0.00,0,1.00,4,706.90,1,1,2,org.apache.jackrabbit.test.api.AbstractWorkspaceVersionableTest,0.44,8,6,6,0,8,2,0,11,146,1
"org.apache.jackrabbit.test.api.WorkspaceMoveReferenceableTest",3,0.00,1.00,12,0.14,2565.27,3,0,3,11,3,93.23,18,16,1,7,125.45,0.00,0.86,0.00,0,1.00,1,431.54,1,1,2,org.apache.jackrabbit.test.api.AbstractWorkspaceReferenceableTest,0.44,8,6,3,0,8,2,0,7,98,1
"org.apache.jackrabbit.test.api.WorkspaceMoveSameNameSibsTest",4,0.00,1.75,27,0.36,9319.12,4,0,5,17,3,73.04,31,33,1,7,115.33,0.00,0.86,0.00,0,0.00,3,1085.44,0,1,2,org.apache.jackrabbit.test.api.AbstractWorkspaceSameNameSibsTest,0.42,13,6,7,0,13,3,0,12,213,1
"org.apache.jackrabbit.test.api.WorkspaceMoveTest",6,0.00,2.33,51,0.73,17887.52,6,0,7,27,2,61.65,52,76,1,5,109.76,0.00,0.80,0.00,0,0.00,3,2182.67,0,0,1,org.apache.jackrabbit.test.api.AbstractWorkspaceCopyTest,0.00,21,4,14,0,21,6,0,23,430,1
"org.apache.jackrabbit.test.api.WorkspaceMoveVersionableTest",3,0.00,2.00,17,0.24,7790.45,3,0,4,12,3,75.59,23,28,1,7,117.88,0.00,0.86,0.00,0,1.00,4,711.52,1,1,2,org.apache.jackrabbit.test.api.AbstractWorkspaceVersionableTest,0.44,9,6,6,0,9,2,0,11,146,1
"org.apache.jackrabbit.test.api.WorkspaceReadMethodsTest",5,0.00,1.40,33,0.33,7639.24,5,0,4,18,2,98.95,29,48,1,4,116.82,0.00,0.75,0.00,0,0.00,2,988.92,1,0,1,org.apache.jackrabbit.test.AbstractJCRTest,0.16,13,3,7,0,13,5,0,7,217,1
"org.apache.jackrabbit.spi.commons.lock.Locked",6,1.00,3.17,57,0.74,41867.30,7,1,15,28,5,144.17,130,83,1,1,104.87,0.00,0.00,0.17,4,10.00,13,2234.21,0,5,4,java.lang.Object,0.00,22,0,19,0,22,1,0,22,399,2
"org.apache.jackrabbit.spi.commons.lock.Locked$EventListener",1,0.00,1.00,4,0.02,212.76,1,0,15,2,0,130.21,0,6,0,1,130.21,0.00,0.00,0.00,0,1.00,1,65.36,0,0,0,java.lang.Object,0.00,1,0,1,0,1,1,0,0,20,0
"org.apache.jackrabbit.core.query.qom.AbstractQOMTest",2,1.00,1.00,8,0.09,1116.47,3,1,8,6,16,84.62,15,14,11,5,126.91,2.75,0.25,0.50,0,2.00,1,274.05,1,0,5,org.apache.jackrabbit.test.api.query.AbstractQueryTest,0.14,4,4,2,11,4,2,1,3,68,1
"org.apache.jackrabbit.core.query.qom.BindVariableValueTest",14,0.16,1.14,77,1.02,18413.23,21,7,6,32,2,120.33,7,104,1,6,120.33,0.00,0.83,0.30,0,0.00,2,3072.41,4,0,1,org.apache.jackrabbit.core.query.qom.AbstractQOMTest,0.24,18,5,16,0,18,14,0,5,640,1
"org.apache.jackrabbit.core.query.qom.ChildNodeTest",8,0.00,2.00,69,1.27,42083.77,8,0,8,23,3,147.74,17,113,1,6,107.85,0.00,0.83,0.00,0,0.00,3,3805.51,1,0,2,org.apache.jackrabbit.core.query.qom.AbstractQOMTest,0.00,15,5,16,0,15,8,0,15,751,1
"org.apache.jackrabbit.core.query.qom.DescendantNodeTest",8,0.00,2.00,69,1.27,42290.79,8,0,8,23,3,147.72,17,113,1,6,107.83,0.00,0.83,0.00,0,0.00,3,3800.73,1,0,2,org.apache.jackrabbit.core.query.qom.AbstractQOMTest,0.00,15,5,16,0,15,8,0,15,751,1
"org.apache.jackrabbit.core.query.qom.LengthTest",30,0.05,1.33,126,1.49,29060.35,32,2,11,57,3,124.96,19,194,1,6,124.96,0.00,0.83,0.45,3,0.00,4,4465.31,3,2,2,org.apache.jackrabbit.core.query.qom.AbstractQOMTest,0.18,27,5,40,0,27,28,0,16,1009,1
"org.apache.jackrabbit.core.query.qom.NodeLocalNameTest",27,0.23,1.11,100,1.41,28691.05,29,2,6,50,2,129.35,9,150,1,6,129.35,0.00,0.83,0.28,5,233.00,2,4227.37,3,3,1,org.apache.jackrabbit.core.query.qom.AbstractQOMTest,0.19,23,5,30,0,23,24,0,5,933,1
"org.apache.jackrabbit.core.query.qom.NodeNameTest",22,0.67,1.45,92,1.27,26023.96,23,1,7,45,2,174.26,25,152,1,6,124.26,0.00,0.83,0.36,5,18.00,3,3818.62,3,3,1,org.apache.jackrabbit.core.query.qom.AbstractQOMTest,0.21,23,5,32,0,23,19,0,14,828,1
"org.apache.jackrabbit.core.query.qom.PropertyExistenceTest",1,0.00,1.00,11,0.24,8045.69,1,0,3,10,2,101.63,4,23,1,6,101.40,0.00,0.83,0.00,0,0.00,1,713.48,1,0,1,org.apache.jackrabbit.core.query.qom.AbstractQOMTest,0.00,9,5,1,0,9,1,0,1,139,1
"org.apache.jackrabbit.core.query.qom.QueryObjectModelFactoryTest",49,0.07,1.04,287,4.12,77804.98,56,7,37,142,35,140.33,148,342,1,6,119.71,0.00,0.83,0.08,0,0.00,2,12361.81,0,0,34,org.apache.jackrabbit.core.query.qom.AbstractQOMTest,0.00,93,5,51,0,93,49,0,49,2589,1
"org.apache.jackrabbit.core.query.qom.SameNodeTest",7,0.00,2.14,60,1.12,38453.39,7,0,8,22,3,147.57,16,101,1,6,107.69,0.00,0.83,0.00,0,0.00,3,3364.59,1,0,2,org.apache.jackrabbit.core.query.qom.AbstractQOMTest,0.00,15,5,15,0,15,7,0,14,660,1
"org.apache.jackrabbit.core.query.qom.SelectorTest",4,0.00,2.50,35,0.48,13012.62,4,0,6,21,2,149.33,8,64,1,6,109.44,0.00,0.83,0.00,0,0.00,3,1439.11,0,0,1,org.apache.jackrabbit.core.query.qom.AbstractQOMTest,0.00,17,5,10,0,17,4,0,6,294,1
"org.apache.jackrabbit.core.query.qom.TestAll",1,0.00,1.00,15,0.17,6200.35,1,0,3,3,11,97.50,4,17,0,2,97.26,0.00,0.50,0.00,0,1.00,1,509.06,0,1,11,junit.framework.TestCase,0.00,2,1,1,0,2,0,0,1,111,1
"org.apache.jackrabbit.core.query.qom.UpperLowerCaseTest",13,0.25,1.23,64,1.15,38097.77,15,2,7,28,3,171.19,16,129,1,6,121.19,0.00,0.83,0.27,2,0.00,3,3458.53,3,1,2,org.apache.jackrabbit.core.query.qom.AbstractQOMTest,0.25,15,5,16,0,15,12,0,13,718,1
"org.apache.jackrabbit.test.api.query.AbstractOrderByTest",7,0.00,2.14,73,0.95,27562.27,9,2,11,23,6,87.34,41,73,5,5,105.21,1.25,0.40,0.50,1,0.00,3,2838.93,1,0,1,org.apache.jackrabbit.test.api.query.AbstractQueryTest,0.12,16,4,15,5,16,7,0,10,549,0
"org.apache.jackrabbit.test.api.query.AbstractQueryLevel2Test",5,0.00,1.80,41,0.63,18024.37,5,0,8,23,4,61.06,44,57,2,5,109.17,0.50,0.57,0.00,0,2.00,3,1887.82,0,0,2,org.apache.jackrabbit.test.api.query.AbstractQueryTest,0.00,18,4,9,2,18,5,0,9,373,2
"org.apache.jackrabbit.test.api.query.AbstractQueryTest",13,0.13,2.54,119,1.48,53837.19,18,5,15,52,28,56.71,127,142,25,4,106.71,14.33,0.06,0.08,3,41.00,8,4454.78,2,6,3,org.apache.jackrabbit.test.AbstractJCRTest,0.12,39,3,33,43,39,7,0,26,878,2
"org.apache.jackrabbit.test.api.query.DerefQueryLevel1Test",8,0.29,2.50,76,1.05,36088.53,9,1,10,33,4,74.20,54,96,1,5,106.42,0.00,0.80,0.75,2,0.00,6,3163.03,3,1,3,org.apache.jackrabbit.test.api.query.AbstractQueryTest,0.24,25,4,20,0,25,7,0,12,609,1
"org.apache.jackrabbit.test.api.query.ElementTest",8,0.00,1.12,61,0.96,24485.56,8,0,3,13,3,79.78,48,71,1,5,112.00,0.00,0.80,0.00,0,0.00,2,2887.95,1,0,2,org.apache.jackrabbit.test.api.query.AbstractQueryTest,0.00,5,4,9,0,5,8,0,9,568,1
"org.apache.jackrabbit.test.api.query.GetLanguageTest",3,0.00,1.33,16,0.16,2500.44,4,1,3,12,2,89.64,19,21,1,5,121.86,0.00,0.80,1.00,0,0.00,2,491.17,2,0,1,org.apache.jackrabbit.test.api.query.AbstractQueryTest,0.28,9,4,4,0,9,3,0,5,115,1
"org.apache.jackrabbit.test.api.query.GetPersistentQueryPathLevel1Test",3,0.00,1.67,18,0.17,2816.78,4,1,4,12,2,86.23,20,25,1,5,118.45,0.00,0.80,1.00,0,0.00,2,524.67,2,0,1,org.apache.jackrabbit.test.api.query.AbstractQueryTest,0.28,9,4,5,0,9,3,0,6,120,1
"org.apache.jackrabbit.test.api.query.GetPersistentQueryPathTest",1,0.00,2.00,10,0.15,3678.06,1,0,4,10,3,138.84,20,16,1,5,105.46,0.00,0.80,0.00,0,0.00,2,451.91,0,0,2,org.apache.jackrabbit.test.api.query.AbstractQueryTest,0.00,9,4,2,0,9,1,0,3,88,1
"org.apache.jackrabbit.test.api.query.GetPropertyNamesTest",3,0.50,2.00,31,0.40,12453.59,4,1,8,23,2,56.94,25,35,1,5,105.05,0.00,0.80,0.67,0,2.00,3,1207.05,2,0,1,org.apache.jackrabbit.test.api.query.AbstractQueryTest,0.28,20,4,6,0,20,3,0,10,227,1
"org.apache.jackrabbit.test.api.query.GetStatementTest",3,0.00,1.33,16,0.16,2454.91,4,1,3,12,2,89.70,19,23,1,5,121.92,0.00,0.80,1.00,0,0.00,2,493.61,2,0,1,org.apache.jackrabbit.test.api.query.AbstractQueryTest,0.28,9,4,4,0,9,3,0,5,115,1
"org.apache.jackrabbit.test.api.query.GetSupportedQueryLanguagesTest",3,0.00,1.67,17,0.19,2789.99,4,1,7,13,2,79.14,22,25,1,5,121.43,0.00,0.80,1.00,0,0.00,2,558.68,3,0,1,org.apache.jackrabbit.test.api.query.AbstractQueryTest,0.28,10,4,5,0,10,3,0,7,127,1
"org.apache.jackrabbit.test.api.query.OrderByDateTest",4,0.00,1.00,46,0.78,25291.98,4,0,2,7,2,54.12,32,51,1,6,102.22,0.00,0.83,0.00,0,0.00,1,2328.29,2,0,1,org.apache.jackrabbit.test.api.query.AbstractOrderByTest,0.00,3,5,4,0,3,4,0,5,453,1
"org.apache.jackrabbit.test.api.query.OrderByDoubleTest",2,0.00,1.00,7,0.09,1050.04,2,0,0,2,2,87.65,23,10,1,6,131.78,0.00,0.83,0.00,0,0.00,1,270.26,2,0,1,org.apache.jackrabbit.test.api.query.AbstractOrderByTest,0.00,0,5,2,0,0,2,0,3,64,1
"org.apache.jackrabbit.test.api.query.OrderByLongTest",1,0.00,1.00,4,0.05,604.38,1,0,0,1,2,160.02,20,6,1,6,126.64,0.00,0.83,0.00,0,0.00,1,149.29,2,0,1,org.apache.jackrabbit.test.api.query.AbstractOrderByTest,0.00,0,5,1,0,0,1,0,2,36,1
"org.apache.jackrabbit.test.api.query.OrderByMultiTypeTest",1,0.00,4.00,41,0.95,64082.02,1,0,3,8,2,119.94,23,58,1,6,72.67,0.00,0.83,0.00,0,0.00,4,2852.27,1,0,1,org.apache.jackrabbit.test.api.query.AbstractOrderByTest,0.00,7,5,4,0,7,1,0,5,472,1
"org.apache.jackrabbit.test.api.query.OrderByStringTest",1,0.00,1.00,4,0.05,508.68,1,0,0,1,2,160.61,20,6,1,6,127.23,0.00,0.83,0.00,0,0.00,1,142.89,2,0,1,org.apache.jackrabbit.test.api.query.AbstractOrderByTest,0.00,0,5,1,0,0,1,0,2,35,1
"org.apache.jackrabbit.test.api.query.PredicatesTest",7,0.33,1.86,42,0.62,10471.18,10,3,5,17,2,74.54,50,61,1,5,116.83,0.00,0.80,0.62,0,0.00,2,1865.09,2,0,1,org.apache.jackrabbit.test.api.query.AbstractQueryTest,0.25,10,4,13,0,10,7,0,11,385,1
"org.apache.jackrabbit.test.api.query.QueryResultNodeIteratorTest",6,0.00,2.50,59,0.70,23122.88,6,0,6,20,3,64.66,44,78,1,5,106.96,0.00,0.80,0.00,0,0.00,5,2092.95,2,0,2,org.apache.jackrabbit.test.api.query.AbstractQueryTest,0.13,14,4,15,0,14,6,0,17,416,1
"org.apache.jackrabbit.test.api.query.SQLJcrPathTest",3,0.00,1.33,18,0.22,3302.10,4,1,6,17,3,85.73,19,24,1,5,117.95,0.00,0.80,1.00,0,0.00,2,658.55,2,0,2,org.apache.jackrabbit.test.api.query.AbstractQueryTest,0.28,14,4,4,0,14,3,0,6,143,1
"org.apache.jackrabbit.test.api.query.SQLJoinTest",4,0.00,3.00,79,1.37,57644.69,4,0,3,17,3,42.19,32,94,1,5,90.30,0.00,0.80,0.00,0,0.00,3,4110.28,2,0,2,org.apache.jackrabbit.test.api.query.AbstractQueryTest,0.00,13,4,12,0,13,4,0,5,733,1
"org.apache.jackrabbit.test.api.query.SQLOrderByTest",4,0.00,1.00,20,0.26,4935.77,5,1,1,9,3,70.58,37,25,1,5,120.58,0.00,0.80,1.00,0,0.00,1,774.28,4,0,2,org.apache.jackrabbit.test.api.query.AbstractQueryTest,0.14,5,4,4,0,5,4,0,7,172,1
"org.apache.jackrabbit.test.api.query.SQLPathTest",10,0.22,1.80,67,0.84,20751.19,11,1,7,27,2,97.84,54,80,1,5,115.72,0.00,0.80,0.80,1,0.00,4,2512.29,4,2,1,org.apache.jackrabbit.test.api.query.AbstractQueryTest,0.23,17,4,18,0,17,8,0,17,515,1
"org.apache.jackrabbit.test.api.query.SQLPathTest$TraversingItemVisitor.Default",1,0.00,2.00,4,0.06,896.15,1,0,7,5,0,125.13,0,6,0,1,125.13,0.00,0.00,0.00,0,1.00,2,173.83,0,0,0,java.lang.Object,0.00,4,0,2,0,4,1,0,0,41,0
"org.apache.jackrabbit.test.api.query.SQLPathTest$TraversingItemVisitor.Default_0",1,0.00,2.00,4,0.04,553.13,1,0,7,3,0,126.78,0,7,0,1,126.78,0.00,0.00,0.00,0,1.00,2,125.96,0,0,0,java.lang.Object,0.00,2,0,2,0,2,1,0,0,32,0
"org.apache.jackrabbit.test.api.query.SQLQueryLevel2Test",8,0.00,1.50,67,0.83,18095.68,8,0,5,20,3,68.51,56,80,1,6,110.80,0.00,0.83,0.00,3,0.00,4,2480.00,8,0,2,org.apache.jackrabbit.test.api.query.AbstractQueryLevel2Test,0.00,12,5,12,0,12,8,0,19,517,1
"org.apache.jackrabbit.test.api.query.SaveTest",9,0.12,2.67,84,1.23,31956.37,10,1,13,35,3,57.22,81,118,1,4,107.22,0.00,0.75,0.89,1,0.00,5,3693.50,1,0,2,org.apache.jackrabbit.test.AbstractJCRTest,0.14,26,3,24,0,26,9,0,26,693,1
"org.apache.jackrabbit.test.api.query.SimpleSelectionTest",3,0.00,1.67,21,0.29,5913.95,4,1,6,22,3,65.31,26,29,1,5,113.41,0.00,0.80,1.00,0,0.00,2,881.42,2,0,2,org.apache.jackrabbit.test.api.query.AbstractQueryTest,0.28,19,4,5,0,19,3,0,7,176,1
"org.apache.jackrabbit.test.api.query.Statement",3,0.25,1.33,12,0.08,2004.82,5,2,0,4,7,108.36,17,17,7,1,126.23,0.00,0.00,0.33,0,5.00,2,239.93,0,2,0,java.lang.Object,0.00,1,0,4,0,1,1,0,4,65,0
"org.apache.jackrabbit.test.api.query.TestAll",1,0.00,1.00,32,0.44,18061.84,1,0,3,3,30,43.77,12,34,2,2,81.33,0.00,0.50,0.00,0,1.00,1,1323.24,0,1,28,junit.framework.TestCase,0.00,2,1,1,0,2,0,0,3,247,1
"org.apache.jackrabbit.test.api.query.TextNodeTest",5,0.62,1.40,48,0.71,22815.13,7,2,4,13,3,58.41,40,57,1,5,106.51,0.00,0.80,1.00,0,0.00,3,2127.48,2,0,2,org.apache.jackrabbit.test.api.query.AbstractQueryTest,0.13,8,4,7,0,8,5,0,6,413,1
"org.apache.jackrabbit.test.api.query.XPathDocOrderTest",6,0.00,2.00,57,0.75,17410.29,6,0,6,18,4,65.69,46,60,1,5,107.98,0.00,0.80,0.00,1,0.00,4,2261.18,3,0,3,org.apache.jackrabbit.test.api.query.AbstractQueryTest,0.13,12,4,12,0,12,6,0,8,437,1
"org.apache.jackrabbit.test.api.query.XPathJcrPathTest",3,0.00,1.33,18,0.22,3355.11,4,1,6,17,3,85.68,19,24,1,5,117.90,0.00,0.80,1.00,0,0.00,2,671.78,2,0,2,org.apache.jackrabbit.test.api.query.AbstractQueryTest,0.28,14,4,4,0,14,3,0,6,145,1
"org.apache.jackrabbit.test.api.query.XPathOrderByTest",4,0.00,1.00,21,0.23,4132.42,5,1,1,9,3,73.09,34,26,1,5,121.19,0.00,0.80,1.00,0,0.00,1,700.49,3,0,2,org.apache.jackrabbit.test.api.query.AbstractQueryTest,0.14,5,4,4,0,5,4,0,6,158,1
"org.apache.jackrabbit.test.api.query.XPathPosIndexTest",3,0.00,2.00,23,0.29,7356.34,3,0,6,13,4,64.15,31,29,1,5,112.62,0.00,0.80,0.00,1,2.00,4,859.79,3,0,3,org.apache.jackrabbit.test.api.query.AbstractQueryTest,0.14,10,4,6,0,10,3,0,5,170,1
"org.apache.jackrabbit.test.api.query.XPathQueryLevel2Test",8,0.00,1.50,56,0.65,12309.51,8,0,5,22,3,82.06,55,69,1,6,114.28,0.00,0.83,0.00,3,8.00,4,1952.21,7,0,2,org.apache.jackrabbit.test.api.query.AbstractQueryLevel2Test,0.00,14,5,12,0,14,8,0,19,419,1
"org.apache.jackrabbit.core.version.AbstractVersionManager",22,0.11,2.23,154,2.06,77699.20,27,5,18,78,24,62.88,235,227,7,1,111.35,0.00,0.00,0.09,7,170.00,7,6184.63,0,6,20,java.lang.Object,0.00,56,0,49,2,56,16,1,41,1189,1
"org.apache.jackrabbit.core.version.AbstractVersionManager$WriteOperation",3,0.00,1.33,13,0.09,1026.68,5,2,18,4,1,110.65,15,20,0,1,128.52,0.00,0.00,0.50,0,1.00,2,263.22,0,0,1,java.lang.Object,0.00,1,0,4,0,1,3,0,4,70,1
"org.apache.jackrabbit.core.version.CheckinRemoveVersionTest",1,0.00,2.00,14,0.17,3937.93,1,0,5,15,3,100.01,4,21,1,4,99.78,0.00,0.75,0.00,0,0.00,2,520.15,0,0,2,org.apache.jackrabbit.test.AbstractJCRTest,0.00,14,3,2,0,14,1,0,2,99,1
"org.apache.jackrabbit.core.version.DateVersionSelector",9,0.19,1.67,46,0.46,16923.93,11,2,5,19,4,69.03,82,62,3,1,119.03,0.00,0.00,0.33,0,17.00,5,1380.76,0,4,1,java.lang.Object,0.00,10,0,15,0,10,5,1,13,306,1
"org.apache.jackrabbit.core.version.InternalFreeze",1,0.00,1.00,2,0.01,44.19,1,0,1,1,5,96.82,9,3,4,2,146.81,0.00,0.50,0.00,0,1.00,1,26.09,0,1,1,,0.00,0,1,1,0,0,0,0,2,11,1
"org.apache.jackrabbit.core.version.InternalFreezeImpl",2,1.00,1.00,7,0.05,622.75,3,1,0,2,7,91.28,15,11,2,2,133.57,2.00,0.25,0.50,0,2.00,1,157.85,0,1,5,org.apache.jackrabbit.core.version.InternalVersionItemImpl,0.33,0,1,2,2,0,1,1,4,43,1
"org.apache.jackrabbit.core.version.InternalFrozenNode",6,0.00,1.00,7,0.03,141.83,6,0,4,6,10,127.96,38,8,6,2,160.18,0.00,0.50,0.00,0,6.00,1,92.48,0,4,4,,0.00,0,1,6,0,0,2,0,7,38,1
"org.apache.jackrabbit.core.version.InternalFrozenNodeImpl",11,0.01,3.82,132,2.13,154951.74,19,8,21,59,19,47.77,108,177,2,3,97.77,0.00,0.67,0.14,2,73.00,14,6401.35,0,6,18,org.apache.jackrabbit.core.version.InternalFreezeImpl,0.18,48,2,42,0,48,5,1,41,1074,0
"org.apache.jackrabbit.core.version.InternalFrozenVHImpl",7,0.00,1.29,20,0.20,3279.42,7,0,5,15,10,159.30,26,36,1,3,138.68,0.00,0.67,0.00,2,9.00,2,591.70,0,6,10,org.apache.jackrabbit.core.version.InternalFreezeImpl,0.23,8,2,9,0,8,1,1,8,151,0
"org.apache.jackrabbit.core.version.InternalFrozenVersionHistory",4,0.00,1.00,5,0.02,98.72,4,0,2,4,6,117.74,30,7,3,2,160.04,0.00,0.50,0.00,0,4.00,1,65.11,0,3,3,,0.00,0,1,4,0,0,1,0,5,27,1
"org.apache.jackrabbit.core.version.InternalVersion",11,0.00,1.00,12,0.04,167.45,11,0,3,11,17,129.47,66,13,14,2,161.69,0.00,0.50,0.00,0,11.00,1,131.94,0,8,4,,0.00,0,1,11,0,0,3,0,12,58,1
"org.apache.jackrabbit.core.version.InternalVersionHistory",9,0.00,1.00,10,0.04,168.13,9,0,4,9,13,128.77,54,11,10,2,160.99,0.00,0.50,0.00,0,9.00,1,132.23,0,3,4,,0.00,0,1,9,0,0,6,0,10,54,1
"org.apache.jackrabbit.core.version.InternalVersionHistoryImpl",21,0.08,2.86,238,3.49,163288.04,31,10,21,107,24,53.17,175,292,8,2,101.27,0.00,0.50,0.18,4,131.00,11,10472.23,0,6,18,org.apache.jackrabbit.core.version.InternalVersionItemImpl,0.16,86,1,60,0,86,15,1,65,1862,0
"org.apache.jackrabbit.core.version.InternalVersionHistoryImplTest",1,0.00,2.00,10,0.08,1845.61,1,0,2,4,2,59.71,8,11,1,2,107.82,0.00,0.50,0.00,0,1.00,2,250.73,0,0,1,junit.framework.TestCase,0.00,3,1,2,0,3,1,0,2,58,1
"org.apache.jackrabbit.core.version.InternalVersionImpl",29,0.10,1.79,166,1.70,45493.66,34,5,13,76,14,101.76,152,204,3,2,119.63,0.00,0.50,0.10,8,378.00,3,5102.18,0,11,12,org.apache.jackrabbit.core.version.InternalVersionItemImpl,0.12,47,1,52,0,47,18,1,44,1098,0
"org.apache.jackrabbit.core.version.InternalVersionItem",2,0.00,1.00,3,0.01,31.00,2,0,1,2,12,113.52,16,4,11,1,161.63,0.00,0.00,0.00,0,2.00,1,26.00,0,2,1,,0.00,0,0,2,0,0,0,0,3,13,1
"org.apache.jackrabbit.core.version.InternalVersionItemImpl",4,0.50,1.00,10,0.06,749.51,6,2,1,4,8,99.58,29,13,4,1,141.87,0.00,0.00,0.12,0,6.00,1,193.33,0,2,4,java.lang.Object,0.00,0,0,4,5,0,2,1,7,58,1
"org.apache.jackrabbit.core.version.LabelVersionSelector",6,0.60,1.17,21,0.17,2984.06,7,1,4,10,2,83.83,51,32,1,1,131.93,0.00,0.00,0.50,1,6.00,2,510.00,0,4,1,java.lang.Object,0.00,4,0,7,0,4,2,1,8,132,1
"org.apache.jackrabbit.core.version.NodeStateEx",28,0.08,2.29,227,3.01,100031.73,32,4,24,95,28,66.85,213,295,10,1,109.14,0.00,0.00,0.33,8,0.00,6,9018.73,0,13,18,java.lang.Object,0.00,67,0,64,0,67,15,0,50,1767,1
"org.apache.jackrabbit.core.version.RemoveAndAddVersionLabelXATest",1,0.00,1.00,20,0.25,6765.23,1,0,4,14,2,92.54,4,22,0,4,92.31,0.00,0.75,0.00,0,0.00,1,755.25,0,0,2,org.apache.jackrabbit.test.AbstractJCRTest,0.00,13,3,1,0,13,1,0,1,148,1
"org.apache.jackrabbit.core.version.RemoveVersionLabelTest",1,0.00,1.00,13,0.16,2801.93,1,0,5,12,2,84.43,5,15,1,4,102.30,0.00,0.75,0.00,0,0.00,1,487.82,0,0,1,org.apache.jackrabbit.test.AbstractJCRTest,0.00,11,3,1,0,11,1,0,3,96,1
"org.apache.jackrabbit.core.version.RestoreTest",1,0.00,1.00,12,0.14,2401.89,1,0,4,13,3,124.74,3,14,1,4,104.12,0.00,0.75,0.00,0,0.00,1,425.85,0,0,2,org.apache.jackrabbit.test.AbstractJCRTest,0.00,12,3,1,0,12,1,0,1,86,1
"org.apache.jackrabbit.core.version.TestAll",1,0.00,1.00,9,0.09,2740.87,1,0,3,3,5,60.23,8,11,0,2,108.33,0.00,0.50,0.00,0,1.00,1,261.86,0,1,5,junit.framework.TestCase,0.00,2,1,1,0,2,0,0,2,63,1
"org.apache.jackrabbit.core.version.VersionHistoryImpl",20,0.89,1.85,102,1.32,34827.11,21,1,21,55,16,119.50,94,158,5,3,119.26,0.00,0.67,0.15,3,0.00,3,3954.08,2,10,12,org.apache.jackrabbit.core.NodeImpl,0.02,35,2,37,0,35,10,1,29,842,1
"org.apache.jackrabbit.core.version.VersionHistoryInfo",3,0.25,1.00,10,0.06,775.96,5,2,1,3,8,86.10,25,14,7,1,134.20,0.00,0.00,0.33,0,5.00,1,170.34,0,2,1,java.lang.Object,0.00,0,0,3,0,0,1,0,6,52,1
"org.apache.jackrabbit.core.version.VersionImpl",13,0.83,1.38,55,0.61,16312.58,14,1,15,33,11,106.19,75,71,6,3,124.07,0.00,0.67,0.23,1,55.00,3,1832.94,2,6,7,org.apache.jackrabbit.core.NodeImpl,0.02,20,2,18,0,20,7,1,20,418,1
"org.apache.jackrabbit.core.version.VersionItemStateManager",5,0.25,3.20,43,0.54,15551.41,7,2,16,29,14,91.67,25,67,2,2,109.54,0.00,0.50,0.30,0,2.00,6,1622.33,0,1,12,org.apache.jackrabbit.core.state.SharedItemStateManager,0.00,24,1,16,0,24,4,0,14,326,1
"org.apache.jackrabbit.core.version.VersionItemStateProvider",16,0.07,1.06,40,0.40,6479.86,19,3,15,30,15,139.46,65,66,1,1,139.22,0.00,0.00,0.27,0,62.00,2,1191.74,0,5,14,java.lang.Object,0.00,14,0,17,0,14,11,2,24,308,0
"org.apache.jackrabbit.core.version.VersionIteratorImpl",9,0.00,1.67,45,0.42,11937.50,13,4,9,22,5,88.00,54,59,2,1,120.22,0.00,0.00,0.25,2,19.00,4,1248.14,0,2,3,java.lang.Object,0.00,13,0,15,0,13,7,1,15,280,0
"org.apache.jackrabbit.core.version.VersionIteratorImplTest",1,0.00,3.00,16,0.19,6237.17,2,1,5,8,6,95.95,0,16,1,2,95.95,0.00,0.50,1.00,0,0.00,3,556.99,0,0,5,junit.framework.TestCase,0.00,7,1,3,0,7,1,0,0,111,1
"org.apache.jackrabbit.core.version.VersionIteratorImplTest$DummyInternalVersion",14,0.46,1.00,32,0.16,1687.57,16,2,5,14,6,143.38,0,25,0,1,143.38,0.00,0.00,0.07,0,38.00,1,489.85,0,10,6,java.lang.Object,0.00,0,0,14,0,0,4,1,0,151,2
"org.apache.jackrabbit.core.version.VersionManager",8,0.00,1.00,9,0.07,339.40,8,0,9,8,15,108.18,72,15,7,1,158.18,0.00,0.00,0.00,0,8.00,1,223.75,0,6,8,,0.00,0,0,8,0,0,2,0,9,73,1
"org.apache.jackrabbit.core.version.VersionManagerImpl",23,0.02,1.61,146,2.00,63058.51,31,8,45,98,45,82.57,143,233,4,2,114.79,0.00,0.50,0.11,2,290.00,5,6007.74,1,8,42,org.apache.jackrabbit.core.version.AbstractVersionManager,0.00,75,1,37,0,75,15,2,39,1173,1
"org.apache.jackrabbit.core.version.VersionManagerImpl$DynamicESCFactory",4,0.33,1.25,16,0.14,2648.81,6,2,45,7,4,78.17,33,26,0,1,126.28,0.00,0.00,0.25,1,8.00,2,415.98,0,3,4,java.lang.Object,0.00,3,0,5,0,3,1,1,6,104,3
"org.apache.jackrabbit.core.version.VersionManagerImpl$SourcedTarget",1,0.00,1.00,3,0.02,136.54,1,0,45,2,0,136.39,0,4,0,1,136.39,0.00,0.00,0.00,0,1.00,1,49.51,0,1,0,java.lang.Object,0.00,1,0,1,0,1,0,0,0,16,0
"org.apache.jackrabbit.core.version.VersionManagerImpl$SourcedTarget_0",1,0.00,1.00,4,0.06,729.74,1,0,45,6,3,126.00,0,6,0,1,126.00,0.00,0.00,0.00,0,1.00,1,166.32,0,1,3,java.lang.Object,0.00,5,0,1,0,5,0,0,0,39,0
"org.apache.jackrabbit.core.version.VersionManagerImpl$SourcedTarget_1",1,0.00,1.00,5,0.04,512.39,1,0,45,3,1,123.59,0,7,0,1,123.59,0.00,0.00,0.00,0,1.00,1,112.25,0,1,1,java.lang.Object,0.00,2,0,1,0,2,0,0,0,29,0
"org.apache.jackrabbit.core.version.VersionManagerImpl$SourcedTarget_2",1,0.00,1.00,4,0.04,576.73,1,0,45,3,2,126.80,0,6,0,1,126.80,0.00,0.00,0.00,0,1.00,1,129.01,0,1,2,java.lang.Object,0.00,2,0,1,0,2,0,0,0,32,0
"org.apache.jackrabbit.core.version.VersionManagerImpl$SourcedTarget_3",1,0.00,1.00,2,0.01,83.22,1,0,45,1,0,144.65,0,3,0,1,144.65,0.00,0.00,0.00,0,1.00,1,35.61,0,1,0,java.lang.Object,0.00,0,0,1,0,0,0,0,0,13,2
"org.apache.jackrabbit.core.version.VersionSelector",1,0.00,1.00,2,0.01,51.00,1,0,3,1,4,140.55,37,3,4,1,146.32,0.00,0.00,0.00,0,1.00,1,34.00,0,1,0,,0.00,0,0,1,0,0,0,0,2,13,1
"org.apache.jackrabbit.core.version.XAVersionManager",38,0.05,1.76,185,2.21,54747.07,45,7,35,105,36,123.77,186,280,1,2,123.54,0.00,0.50,0.10,5,434.00,4,6631.58,6,14,35,org.apache.jackrabbit.core.version.AbstractVersionManager,0.07,67,1,67,0,67,24,3,53,1432,1
"org.apache.jackrabbit.core.version.XAVersionManager$InternalXAResource",6,0.00,1.00,9,0.06,370.36,6,0,35,6,1,156.90,0,15,0,1,156.90,0.00,0.00,0.00,0,10.00,1,176.58,0,0,1,java.lang.Object,0.00,0,0,6,0,0,6,0,0,57,0
"org.apache.jackrabbit.core.version.XAVersionManager$InternalXAResource_0",7,0.00,1.14,13,0.07,528.69,7,0,35,7,1,156.18,0,21,0,1,156.18,0.00,0.00,0.00,1,12.00,2,216.61,0,0,1,java.lang.Object,0.00,0,0,8,0,0,7,0,0,70,0
"org.apache.jackrabbit.ocm.manager.proxy.AllTests",2,0.00,1.00,8,0.06,1287.47,2,0,3,5,4,147.04,7,11,1,1,126.42,0.00,0.00,0.00,1,2.00,1,190.58,0,2,3,java.lang.Object,0.00,3,0,2,0,3,0,0,3,50,1
"org.apache.jackrabbit.ocm.manager.proxy.AnnotationProxyTest",5,1.00,2.00,122,1.56,72707.27,6,1,13,45,5,38.10,52,133,2,4,86.58,0.00,0.75,0.00,0,5.00,3,4679.56,1,1,3,org.apache.jackrabbit.ocm.AnnotationTestBase,0.00,40,3,10,0,40,4,0,45,820,1
"org.apache.jackrabbit.ocm.manager.proxy.DigesterProxyTest",5,1.00,2.00,122,1.56,72707.27,6,1,13,45,5,38.10,52,133,2,4,86.58,0.00,0.75,0.00,0,5.00,3,4679.56,1,1,3,org.apache.jackrabbit.ocm.DigesterTestBase,0.00,40,3,10,0,40,4,0,45,820,1
"org.apache.jackrabbit.webdav.server.AbstractWebdavServlet",47,2.00,3.23,446,6.53,228019.66,49,2,67,175,59,56.11,441,640,4,2,106.11,7.00,0.11,0.00,6,223.00,34,19576.01,1,6,55,javax.servlet.http.HttpServlet,0.00,128,1,152,7,128,41,1,86,3593,2
"org.apache.jackrabbit.webdav.server.BindTest",14,5.00,1.29,429,6.92,462426.46,19,5,39,76,21,80.49,59,460,1,2,80.26,0.00,0.50,0.00,3,14.00,3,20745.58,2,3,20,junit.framework.TestCase,0.00,62,1,18,0,62,11,0,50,3473,1
"org.apache.jackrabbit.webdav.server.RFC4918DestinationHeaderTest",3,5.00,1.33,48,0.85,53553.61,8,5,13,23,4,92.77,14,57,1,2,92.54,0.00,0.50,0.00,0,3.00,2,2547.55,2,0,3,junit.framework.TestCase,0.00,20,1,4,0,20,3,0,4,463,1
"org.apache.jackrabbit.webdav.server.RFC4918IfHeaderTest",4,5.00,1.50,78,1.46,102432.51,9,5,16,30,7,70.62,20,93,1,2,88.49,0.00,0.50,0.00,0,4.00,2,4379.65,2,0,6,junit.framework.TestCase,0.00,26,1,6,0,26,4,0,10,748,1
"org.apache.jackrabbit.webdav.server.RFC4918PropfindTest",4,0.20,1.25,44,0.73,25246.97,9,5,20,31,11,142.06,11,55,1,2,102.18,0.00,0.50,0.05,0,6.00,2,2186.80,2,0,10,junit.framework.TestCase,0.00,27,1,5,0,27,4,0,1,399,1
"org.apache.jackrabbit.webdav.server.WebdavServerTests",1,0.00,1.00,8,0.07,2228.14,1,0,3,3,4,110.95,0,10,0,2,110.95,0.00,0.50,0.00,0,1.00,1,223.66,0,1,4,junit.framework.TestCase,0.00,2,1,1,0,2,0,0,0,55,1
"org.apache.jackrabbit.ocm.AbstractTestBase",12,0.04,2.17,85,0.99,22643.30,17,5,32,48,13,153.39,31,150,2,2,113.50,77.00,0.01,0.17,4,28.00,4,2964.76,2,3,11,junit.framework.TestCase,0.00,36,1,26,77,36,9,0,7,599,2
"org.apache.jackrabbit.ocm.AllTests",2,0.00,1.00,22,0.64,52709.87,2,0,2,21,17,137.23,5,25,0,1,97.34,0.00,0.00,0.00,1,2.00,1,1908.11,0,2,17,java.lang.Object,0.00,19,0,2,0,19,0,0,1,368,1
"org.apache.jackrabbit.ocm.AnnotationTestBase",2,0.00,1.00,70,1.53,82836.39,2,0,57,8,6,28.94,17,76,1,3,77.04,19.50,0.05,0.00,0,2.00,1,4603.59,0,0,5,org.apache.jackrabbit.ocm.AbstractTestBase,0.21,6,2,2,39,6,2,0,3,707,2
"org.apache.jackrabbit.ocm.DigesterTestBase",2,0.00,1.00,8,0.11,1643.71,2,0,4,5,4,77.48,16,24,1,3,125.59,18.00,0.05,0.00,0,2.00,1,336.17,0,0,3,org.apache.jackrabbit.ocm.AbstractTestBase,0.21,3,2,2,36,3,2,0,2,72,2
"org.apache.jackrabbit.ocm.RepositoryLifecycleTestSetup",3,0.00,1.00,7,0.04,404.99,3,0,2,3,92,125.12,16,11,92,2,143.00,0.00,0.50,0.00,0,3.00,1,125.24,2,0,0,junit.extensions.TestSetup,0.00,0,1,3,0,0,3,0,8,40,1
"org.apache.jackrabbit.rmi.server.jmx.JCRServer",12,0.03,1.42,59,0.57,15335.32,18,6,13,31,5,163.88,33,85,0,1,124.00,0.00,0.00,0.14,1,66.00,4,1713.83,0,5,5,java.lang.Object,0.00,19,0,17,0,19,7,1,12,379,1
"org.apache.jackrabbit.rmi.server.jmx.JCRServerMBean",11,0.00,1.00,12,0.06,232.45,11,0,1,11,1,160.57,8,14,1,1,160.57,0.00,0.00,0.00,0,11.00,1,174.92,0,4,0,,0.00,0,0,11,0,0,7,0,1,69,1
"org.apache.jackrabbit.webdav.AbstractLocatorFactory",6,0.50,2.67,41,0.57,34923.76,8,2,3,20,6,130.23,110,55,3,1,112.10,0.00,0.00,0.08,1,10.00,10,1698.49,0,5,3,java.lang.Object,0.00,14,0,16,3,14,1,1,18,338,2
"org.apache.jackrabbit.webdav.AbstractLocatorFactory$DavResourceLocatorImpl",13,0.07,1.69,52,0.55,17056.71,18,5,3,28,4,81.58,100,72,0,1,123.87,0.00,0.00,0.14,4,92.00,4,1656.22,0,6,4,java.lang.Object,0.00,15,0,22,0,15,7,1,16,377,1
"org.apache.jackrabbit.webdav.DavCompliance",1,19.00,3.00,30,0.44,11678.97,20,19,2,5,6,39.49,11,31,6,1,83.62,0.00,0.00,0.00,0,1.00,3,1307.56,0,1,0,java.lang.Object,0.00,4,0,3,0,4,0,0,8,239,2
"org.apache.jackrabbit.webdav.DavConstants",0,0.00,0.00,75,1.68,41851.13,74,74,3,2,67,171.00,41,76,65,1,171.00,0.00,0.00,0.00,0,0.00,0,5039.92,0,0,2,,0.00,2,0,0,0,2,0,0,19,685,1
"org.apache.jackrabbit.webdav.DavException",9,0.02,1.22,40,0.42,7800.64,14,5,8,18,120,83.07,71,55,117,2,125.36,1.00,0.33,0.18,2,46.00,3,1264.72,0,3,4,java.lang.Exception,0.00,9,1,11,1,9,6,1,10,295,1
"org.apache.jackrabbit.webdav.DavLocatorFactory",3,0.00,1.00,4,0.04,214.66,3,0,0,3,15,146.04,46,5,15,1,156.40,0.00,0.00,0.00,0,3.00,1,114.84,0,3,1,,0.00,0,0,3,0,0,0,0,4,37,1
"org.apache.jackrabbit.webdav.DavMethods",6,0.01,1.83,138,2.37,84926.15,76,70,3,14,35,132.50,170,152,34,1,87.38,0.00,0.00,0.02,2,22.00,3,7096.82,0,0,1,java.lang.Object,0.00,8,0,11,0,8,6,0,44,1115,1
"org.apache.jackrabbit.webdav.DavResource",33,1.00,1.00,35,0.25,1411.48,34,1,13,33,82,115.86,242,36,69,1,158.15,0.00,0.00,0.00,0,33.00,1,743.87,0,14,17,,0.00,0,0,33,0,0,19,0,35,252,1
"org.apache.jackrabbit.webdav.DavResourceFactory",2,0.00,1.00,3,0.03,184.32,2,0,0,2,26,111.40,22,4,21,1,155.53,0.00,0.00,0.00,0,2.00,1,94.16,0,2,6,,0.00,0,0,2,0,0,0,0,3,28,1
"org.apache.jackrabbit.webdav.DavResourceIterator",2,0.00,1.00,3,0.01,65.85,2,0,1,2,16,126.83,13,4,16,2,159.05,0.00,0.50,0.00,0,2.00,1,38.73,0,1,1,,0.00,0,1,2,0,0,1,0,3,16,1
"org.apache.jackrabbit.webdav.DavResourceIteratorImpl",6,0.07,1.00,17,0.12,1618.56,9,3,4,12,9,140.86,26,24,7,1,140.63,0.00,0.00,0.28,1,6.00,1,363.10,0,2,2,java.lang.Object,0.00,6,0,6,0,6,4,1,7,102,1
"org.apache.jackrabbit.webdav.DavResourceLocator",10,0.00,1.00,11,0.05,222.33,10,0,0,10,47,118.10,75,12,47,1,160.39,0.00,0.00,0.00,0,10.00,1,148.22,0,6,1,,0.00,0,0,10,0,0,4,0,11,60,1
"org.apache.jackrabbit.webdav.DavServletRequest",18,0.00,1.00,19,0.11,614.81,18,0,8,18,15,110.82,161,20,6,2,158.92,0.00,0.50,0.00,0,18.00,1,334.65,0,9,9,,0.00,0,1,18,0,0,9,0,19,124,1
"org.apache.jackrabbit.webdav.DavServletResponse",5,6.00,1.00,12,0.12,1085.81,11,6,4,5,103,140.90,83,13,100,2,141.37,0.00,0.50,0.00,0,5.00,1,345.73,0,0,4,,0.00,0,1,5,0,0,5,0,12,91,1
"org.apache.jackrabbit.webdav.DavSession",5,0.00,1.00,6,0.03,160.93,5,0,0,5,20,126.91,31,7,20,1,159.13,0.00,0.00,0.00,0,5.00,1,102.12,0,1,0,,0.00,0,0,5,0,0,4,0,6,38,1
"org.apache.jackrabbit.webdav.DavSessionProvider",2,0.00,1.00,3,0.02,98.54,2,0,0,2,7,120.11,24,4,5,1,157.67,0.00,0.00,0.00,0,2.00,1,56.18,0,0,2,,0.00,0,0,2,0,0,2,0,3,20,1
"org.apache.jackrabbit.webdav.MultiStatus",9,0.25,1.89,45,0.61,16236.90,11,2,9,34,31,69.14,81,65,23,1,119.14,0.00,0.00,0.28,3,31.00,3,1817.74,0,3,8,java.lang.Object,0.00,25,0,17,0,25,6,2,13,388,1
"org.apache.jackrabbit.webdav.MultiStatusResponse",21,0.00,2.38,178,2.23,96963.88,28,7,15,68,38,60.15,176,222,24,1,108.26,0.00,0.00,0.14,4,145.00,7,6679.31,0,8,15,java.lang.Object,0.00,47,0,50,0,47,13,2,39,1283,1
"org.apache.jackrabbit.webdav.Status",5,0.12,2.80,53,0.69,43470.93,9,4,6,19,7,123.06,18,70,3,1,102.44,0.00,0.00,0.35,0,9.00,10,2073.30,0,2,4,java.lang.Object,0.00,14,0,14,0,14,3,2,8,387,1
"org.apache.jackrabbit.webdav.WebdavRequest",0,0.00,0.00,1,0.01,76.11,0,0,5,0,15,171.00,7,5,10,7,171.00,0.00,0.86,0.00,0,0.00,0,38.05,0,0,5,,0.00,0,6,0,0,0,0,0,1,11,1
"org.apache.jackrabbit.webdav.WebdavRequestImpl",92,0.00,1.74,417,4.48,159821.70,103,11,58,223,41,162.79,266,579,1,1,122.90,0.00,0.00,0.09,12,138.00,13,13437.60,0,65,40,java.lang.Object,0.00,131,0,160,0,131,27,2,72,2863,1
"org.apache.jackrabbit.webdav.WebdavResponse",0,0.00,0.00,1,0.01,39.30,0,0,1,0,7,171.00,7,3,6,3,171.00,0.00,0.67,0.00,0,0.00,0,19.65,0,0,1,,0.00,0,2,0,0,0,0,0,1,7,1
"org.apache.jackrabbit.webdav.WebdavResponseImpl",39,0.05,1.18,117,1.27,27319.14,41,2,30,96,17,180.76,73,168,1,1,130.76,0.00,0.00,0.45,2,0.00,5,3807.24,0,8,16,java.lang.Object,0.00,57,0,46,0,57,31,1,16,888,1
"org.apache.jackrabbit.core.security.authorization.acl.ACLEditor",15,0.06,2.33,117,1.50,50046.41,20,5,30,46,20,69.24,115,144,2,2,111.54,0.00,0.50,0.15,6,89.00,5,4502.11,3,10,20,org.apache.jackrabbit.core.ProtectedItemModifier,0.00,31,1,35,0,31,5,2,29,885,1
"org.apache.jackrabbit.core.security.authorization.acl.ACLProvider",11,0.10,2.27,102,1.35,40845.07,15,4,48,60,30,58.63,116,124,3,2,107.10,0.00,0.50,0.16,5,55.00,3,4037.56,6,4,28,org.apache.jackrabbit.core.security.authorization.AbstractAccessControlProvider,0.00,49,1,25,0,49,7,1,32,781,1
"org.apache.jackrabbit.core.security.authorization.acl.ACLProvider$AclPermissions",7,0.11,5.43,139,2.28,138652.06,10,3,48,66,11,44.95,82,182,0,2,89.07,0.00,0.50,0.43,0,1.00,15,6836.42,3,0,11,org.apache.jackrabbit.core.security.authorization.AbstractCompiledPermissions,0.13,59,1,38,0,59,7,1,42,1126,1
"org.apache.jackrabbit.core.security.authorization.acl.ACLProvider$Entries",3,0.00,2.33,26,0.26,5283.27,4,1,48,15,3,161.56,4,29,0,1,111.56,0.00,0.00,1.00,1,0.00,3,778.95,0,1,3,java.lang.Object,0.00,12,0,7,0,12,2,0,4,172,1
"org.apache.jackrabbit.core.security.authorization.acl.ACLTemplate",19,0.08,2.63,163,2.41,129072.63,24,5,28,70,20,64.62,133,217,6,1,106.91,0.00,0.00,0.13,4,128.00,9,7233.76,0,5,14,java.lang.Object,0.00,51,0,50,0,51,14,1,50,1316,0
"org.apache.jackrabbit.core.security.authorization.acl.ACLTemplate$Entry",1,0.00,1.00,3,0.03,363.93,1,0,28,1,3,133.03,0,5,0,2,133.03,0.00,0.50,0.00,0,1.00,1,103.93,0,0,3,org.apache.jackrabbit.core.security.authorization.AccessControlEntryImpl,0.00,0,1,1,0,0,1,0,0,28,1
"org.apache.jackrabbit.core.security.authorization.acl.ACLTemplateTest",7,0.00,1.86,81,1.32,54762.35,7,0,15,30,13,141.24,20,100,1,6,101.35,0.00,0.83,0.00,2,9.00,4,3962.57,2,2,12,org.apache.jackrabbit.core.security.authorization.AbstractACLTemplateTest,0.12,23,5,13,0,23,5,0,18,734,1
"org.apache.jackrabbit.core.security.authorization.acl.EntryTest",1,0.00,1.00,3,0.04,625.09,1,0,5,2,5,151.80,3,6,1,6,131.18,0.00,0.83,0.00,0,1.00,1,119.24,0,1,4,org.apache.jackrabbit.core.security.authorization.AbstractEntryTest,0.00,1,5,1,0,1,0,0,1,30,1
"org.apache.jackrabbit.core.security.authorization.acl.EvaluationUtil",2,0.00,2.00,10,0.12,2795.34,2,0,11,5,9,170.00,3,16,3,1,120.00,0.00,0.00,0.00,0,2.00,3,352.49,0,2,6,java.lang.Object,0.00,3,0,4,0,3,0,0,1,76,1
"org.apache.jackrabbit.core.security.authorization.acl.LockTest",2,0.00,1.00,5,0.06,862.10,2,0,8,4,6,189.02,3,9,1,7,139.02,0.00,0.86,0.00,0,2.00,1,191.42,0,2,5,org.apache.jackrabbit.core.security.authorization.AbstractLockManagementTest,0.00,2,6,2,0,2,0,0,1,49,1
"org.apache.jackrabbit.core.security.authorization.acl.NodeTypeTest",2,0.00,1.00,5,0.06,862.10,2,0,8,4,6,189.02,3,9,1,7,139.02,0.00,0.86,0.00,0,2.00,1,191.42,0,2,5,org.apache.jackrabbit.core.security.authorization.AbstractNodeTypeManagementTest,0.00,2,6,2,0,2,0,0,1,49,1
"org.apache.jackrabbit.core.security.authorization.acl.TestAll",1,0.00,1.00,10,0.10,3275.34,1,0,3,3,6,57.54,10,12,0,2,106.02,0.00,0.50,0.00,0,1.00,1,301.01,0,1,6,junit.framework.TestCase,0.00,2,1,1,0,2,0,0,2,71,1
"org.apache.jackrabbit.core.security.authorization.acl.VersionTest",2,0.00,1.00,5,0.06,862.10,2,0,8,4,6,189.02,3,9,1,7,139.02,0.00,0.86,0.00,0,2.00,1,191.42,0,2,5,org.apache.jackrabbit.core.security.authorization.AbstractVersionManagementTest,0.00,2,6,2,0,2,0,0,1,49,1
"org.apache.jackrabbit.core.security.authorization.acl.WriteTest",6,0.00,2.17,63,0.95,28878.73,6,0,17,27,14,62.23,46,85,2,7,104.52,0.17,0.75,0.00,0,6.00,4,2851.72,7,2,12,org.apache.jackrabbit.core.security.authorization.AbstractWriteTest,0.09,21,6,13,1,21,4,0,26,524,1
"org.apache.jackrabbit.webdav.observation.DefaultEventType",6,0.07,1.67,32,0.40,11744.41,9,3,10,24,9,70.78,50,43,3,1,118.89,0.00,0.00,0.28,1,14.00,3,1187.54,0,5,6,java.lang.Object,0.00,18,0,10,0,18,1,1,9,250,1
"org.apache.jackrabbit.webdav.observation.EventBundle",0,0.00,0.00,1,0.01,31.02,0,0,1,0,5,171.00,6,2,4,2,171.00,0.00,0.50,0.00,0,0.00,0,15.51,0,0,1,,0.00,0,1,0,0,0,0,0,1,6,1
"org.apache.jackrabbit.webdav.observation.EventDiscovery",4,0.17,1.50,17,0.18,3080.14,6,2,9,13,13,77.61,35,24,9,1,125.72,0.00,0.00,0.38,1,0.00,2,532.76,0,2,4,java.lang.Object,0.00,9,0,6,0,9,2,2,5,126,1
"org.apache.jackrabbit.webdav.observation.EventType",2,0.00,1.00,3,0.01,65.85,2,0,2,2,5,209.05,3,4,3,2,159.05,0.00,0.50,0.00,0,2.00,1,38.73,0,2,2,,0.00,0,1,2,0,0,0,0,1,16,1
"org.apache.jackrabbit.webdav.observation.Filter",7,0.17,1.29,26,0.25,5243.97,11,4,7,15,5,130.51,3,35,2,1,130.51,0.00,0.00,0.39,0,0.00,2,757.29,0,4,3,java.lang.Object,0.00,8,0,9,0,8,3,1,1,184,1
"org.apache.jackrabbit.webdav.observation.ObservationConstants",0,0.00,0.00,18,0.31,5999.97,17,17,2,2,13,171.00,31,19,11,1,171.00,0.00,0.00,0.00,0,0.00,0,942.52,0,0,2,,0.00,2,0,0,0,2,0,0,10,167,1
"org.apache.jackrabbit.webdav.observation.ObservationDavServletRequest",3,0.00,1.00,4,0.02,105.15,3,0,2,3,3,110.73,25,5,0,2,158.84,0.00,0.50,0.00,0,3.00,1,58.38,0,2,3,,0.00,0,1,3,0,0,1,0,4,23,1
"org.apache.jackrabbit.webdav.observation.ObservationDavServletResponse",2,0.00,1.00,3,0.02,145.14,2,0,2,2,4,108.24,17,4,1,2,156.35,0.00,0.50,0.00,0,2.00,1,72.57,0,0,3,,0.00,0,1,2,0,0,2,0,3,24,1
"org.apache.jackrabbit.webdav.observation.ObservationResource",4,1.00,1.00,6,0.06,373.67,5,1,2,4,12,105.48,39,7,7,2,155.48,0.00,0.50,0.00,0,4.00,1,169.26,0,2,6,,0.00,0,1,4,0,0,2,0,5,51,1
"org.apache.jackrabbit.webdav.observation.Subscription",1,0.00,1.00,2,0.01,48.43,1,0,1,1,13,136.14,15,3,12,2,146.50,0.00,0.50,0.00,0,1.00,1,27.12,0,1,1,,0.00,0,1,1,0,0,0,0,2,11,1
"org.apache.jackrabbit.webdav.observation.SubscriptionDiscovery",5,0.75,2.00,34,0.39,12153.08,6,1,9,20,13,82.93,31,42,6,2,115.15,0.00,0.50,0.40,0,7.00,3,1182.11,1,3,7,org.apache.jackrabbit.webdav.property.AbstractDavProperty,0.00,15,1,10,0,15,2,0,7,248,1
"org.apache.jackrabbit.webdav.observation.SubscriptionDiscovery$Subscription",2,0.00,1.50,8,0.09,1537.07,2,0,9,5,3,146.34,6,11,0,1,125.72,0.00,0.00,0.00,0,2.00,2,260.90,0,2,3,java.lang.Object,0.00,3,0,3,0,3,0,0,2,63,0
"org.apache.jackrabbit.webdav.observation.SubscriptionInfo",10,0.02,2.30,81,1.00,42865.52,16,6,14,31,21,58.52,93,96,9,1,108.52,0.00,0.00,0.18,0,46.00,6,2990.99,0,1,12,java.lang.Object,0.00,21,0,23,0,21,9,2,11,581,1
"org.apache.jackrabbit.webdav.observation.SubscriptionManager",4,0.00,1.00,5,0.05,310.01,4,0,1,4,12,108.02,35,10,7,1,156.12,0.00,0.00,0.00,0,4.00,1,161.92,0,2,6,,0.00,0,0,4,0,0,2,0,5,48,1
"org.apache.jackrabbit.api.observation.JackrabbitEvent",1,0.00,1.00,2,0.01,44.19,1,0,1,1,1,102.69,11,3,1,2,146.81,0.00,0.50,0.00,0,1.00,1,26.09,0,0,0,,0.00,0,1,1,0,0,1,0,2,11,1
"org.apache.jackrabbit.core.persistence.db.DatabasePersistenceManager",37,0.08,3.35,487,6.21,281505.57,70,33,41,137,23,56.31,283,690,3,2,98.61,9.00,0.09,0.10,14,13.00,11,18638.69,2,8,20,org.apache.jackrabbit.core.persistence.AbstractPersistenceManager,0.00,100,1,124,9,100,29,0,132,3359,2
"org.apache.jackrabbit.core.persistence.db.DatabasePersistenceManager$DbBLOBStore",4,0.00,1.75,30,0.39,11695.04,4,0,41,18,2,94.18,20,39,0,1,112.05,0.00,0.00,0.00,0,10.00,3,1172.64,0,2,2,java.lang.Object,0.00,14,0,7,0,14,2,1,9,238,0
"org.apache.jackrabbit.core.persistence.db.DatabasePersistenceManager$DbBLOBStore$FilterInputStream",1,0.00,1.00,4,0.02,218.17,1,0,41,3,0,180.12,1,5,0,1,130.12,0.00,0.00,0.00,0,1.00,1,68.97,0,0,0,java.lang.Object,0.00,2,0,1,0,2,1,0,1,21,0
"org.apache.jackrabbit.core.persistence.db.DatabasePersistenceManager$SizedInputStream",7,0.08,1.00,22,0.17,2593.31,9,2,41,7,0,132.97,0,30,0,2,132.97,0.00,0.50,0.43,0,0.00,1,512.17,2,0,0,java.io.FilterInputStream,0.00,0,1,7,0,0,7,0,0,134,0
"org.apache.jackrabbit.core.persistence.db.DerbyPersistenceManager",4,0.00,2.00,28,0.27,7362.38,6,2,5,15,1,122.74,69,39,0,4,113.61,0.33,0.60,0.50,0,0.00,5,815.65,0,0,1,org.apache.jackrabbit.core.persistence.db.SimpleDbPersistenceManager,0.00,11,3,8,1,11,4,0,19,170,1
"org.apache.jackrabbit.core.persistence.db.JNDIDatabasePersistenceManager",3,0.50,1.00,10,0.08,1276.06,4,1,5,6,1,88.37,35,14,0,3,132.50,0.50,0.50,0.67,0,1.00,1,241.45,0,2,1,org.apache.jackrabbit.core.persistence.db.DatabasePersistenceManager,0.06,3,2,3,1,3,1,0,7,64,1
"org.apache.jackrabbit.core.persistence.db.OraclePersistenceManager",10,0.07,3.50,135,2.01,89416.21,16,6,25,64,9,68.66,134,192,0,4,98.04,0.33,0.60,0.23,1,14.00,8,6023.30,5,2,9,org.apache.jackrabbit.core.persistence.db.SimpleDbPersistenceManager,0.06,54,3,35,1,54,8,0,50,1054,1
"org.apache.jackrabbit.core.persistence.db.OraclePersistenceManager$OracleBLOBStore",1,0.00,4.00,14,0.19,7266.34,1,0,25,6,0,97.76,4,22,0,2,97.52,0.00,0.50,0.00,0,1.00,4,555.96,0,0,0,org.apache.jackrabbit.core.persistence.db.DbBLOBStore,0.00,5,1,4,0,5,1,0,2,103,0
"org.apache.jackrabbit.core.persistence.db.SimpleDbPersistenceManager",9,0.03,1.00,23,0.15,1687.87,13,4,4,10,4,97.74,104,33,2,3,141.87,2.50,0.25,0.22,0,28.00,1,444.10,0,5,2,org.apache.jackrabbit.core.persistence.db.DatabasePersistenceManager,0.05,1,2,9,5,1,4,0,4,128,1
"org.apache.jackrabbit.rmi.server.iterator.ServerIterator",5,0.00,2.00,28,0.30,8495.21,8,3,7,15,8,81.77,61,44,5,2,119.33,5.00,0.14,0.33,1,2.00,4,892.03,0,2,3,org.apache.jackrabbit.rmi.server.ServerObject,0.00,10,2,10,5,10,3,1,9,201,2
"org.apache.jackrabbit.rmi.server.iterator.ServerNodeIterator",2,0.00,1.00,5,0.05,488.90,2,0,4,2,3,90.97,19,10,1,3,140.96,0.00,0.67,0.00,0,2.00,1,141.40,1,1,2,org.apache.jackrabbit.rmi.server.iterator.ServerIterator,0.00,0,3,2,0,0,1,0,3,40,1
"org.apache.jackrabbit.rmi.server.iterator.ServerNodeTypeIterator",2,0.00,1.00,5,0.05,584.99,2,0,4,3,3,90.35,19,10,1,3,140.35,0.00,0.67,0.00,0,2.00,1,156.38,1,1,2,org.apache.jackrabbit.rmi.server.iterator.ServerIterator,0.00,1,3,2,0,1,1,0,3,43,1
"org.apache.jackrabbit.rmi.server.iterator.ServerPropertyIterator",2,0.00,1.00,5,0.05,584.99,2,0,4,3,3,90.35,19,10,1,3,140.35,0.00,0.67,0.00,0,2.00,1,156.38,1,1,2,org.apache.jackrabbit.rmi.server.iterator.ServerIterator,0.00,1,3,2,0,1,1,0,3,43,1
"org.apache.jackrabbit.rmi.server.iterator.ServerRowIterator",2,0.00,1.00,5,0.05,584.99,2,0,4,3,3,90.35,19,10,1,3,140.35,0.00,0.67,0.00,0,2.00,1,156.38,1,1,2,org.apache.jackrabbit.rmi.server.iterator.ServerIterator,0.00,1,3,2,0,1,1,0,3,43,1
"org.apache.jackrabbit.rmi.server.iterator.ServerVersionIterator",2,0.00,1.00,5,0.05,584.99,2,0,4,3,3,90.35,19,10,1,3,140.35,0.00,0.67,0.00,0,2.00,1,156.38,1,1,2,org.apache.jackrabbit.rmi.server.iterator.ServerIterator,0.00,1,3,2,0,1,1,0,3,43,1
"org.apache.jackrabbit.api.security.principal.NoSuchPrincipalException",1,0.00,1.00,3,0.02,106.02,1,0,1,1,6,137.49,4,5,6,2,137.25,0.00,0.50,0.00,0,1.00,1,45.51,0,0,0,javax.jcr.RepositoryException,0.00,0,1,1,0,0,1,0,1,16,1
"org.apache.jackrabbit.api.security.principal.PrincipalIterator",1,0.00,1.00,2,0.01,44.19,1,0,2,1,19,98.71,8,3,19,2,146.81,0.00,0.50,0.00,0,1.00,1,26.09,0,1,0,,0.00,0,1,1,0,0,0,0,2,11,1
"org.apache.jackrabbit.api.security.principal.PrincipalManager",7,3.00,1.00,11,0.07,396.01,10,3,2,7,23,156.73,112,12,21,1,157.20,0.00,0.00,0.00,0,7.00,1,203.15,0,2,2,,0.00,0,0,7,0,0,5,0,11,67,1
"org.apache.jackrabbit.api.security.principal.PrincipalManagerTest",20,0.11,2.95,196,2.46,80339.07,22,2,12,52,8,106.78,13,228,1,4,106.78,0.00,0.75,0.60,3,0.00,7,7387.00,1,1,7,org.apache.jackrabbit.test.AbstractJCRTest,0.10,32,3,59,0,32,19,0,11,1482,1
"org.apache.jackrabbit.api.security.principal.TestAll",1,0.00,1.00,5,0.04,864.35,1,0,3,3,1,79.51,7,7,0,2,121.80,0.00,0.50,0.00,0,1.00,1,115.51,0,1,1,junit.framework.TestCase,0.00,2,1,1,0,2,0,0,1,31,1
"org.apache.jackrabbit.ocm.nodemanagement.impl.BaseNamespaceHelper",1,1.00,1.00,3,0.02,212.76,2,1,0,1,0,86.39,10,5,0,1,134.87,0.00,0.00,0.00,0,1.00,1,58.19,0,0,0,java.lang.Object,0.00,0,0,1,1,0,1,0,5,18,2
"org.apache.jackrabbit.ocm.nodemanagement.impl.JackrabbitRepositorySession",2,0.00,1.00,8,0.10,1830.90,2,0,3,9,4,125.46,8,18,1,1,125.22,0.00,0.00,0.00,0,2.00,1,302.14,0,1,3,java.lang.Object,0.00,7,0,2,0,7,1,1,3,70,1
"org.apache.jackrabbit.ocm.nodemanagement.impl.RepositoryConfiguration",13,0.10,1.00,32,0.18,1972.77,19,6,0,13,4,192.59,17,60,4,1,142.59,0.00,0.00,0.08,0,79.00,1,551.29,0,5,0,java.lang.Object,0.00,0,0,13,0,0,8,0,8,164,1
"org.apache.jackrabbit.ocm.nodemanagement.impl.RepositorySessionFactory",2,0.00,2.50,10,0.10,2821.90,4,2,1,5,3,77.62,15,23,1,1,119.91,0.00,0.00,0.50,0,2.00,4,307.89,0,1,2,java.lang.Object,0.00,3,0,5,0,3,1,0,3,72,1
"org.apache.jackrabbit.ocm.nodemanagement.impl.RepositoryUtil",6,0.15,2.67,62,0.85,30131.14,10,4,12,30,5,54.33,58,107,1,1,104.33,0.00,0.00,0.12,0,10.00,6,2564.32,0,3,4,java.lang.Object,0.00,24,0,16,0,24,3,0,10,498,1
"org.apache.jackrabbit.ocm.lock.Lock",8,0.14,1.25,22,0.17,2769.65,9,1,2,16,5,139.72,6,43,4,1,139.72,0.00,0.00,0.88,0,0.00,2,508.89,0,3,1,java.lang.Object,0.00,8,0,10,0,8,5,0,1,143,1
"org.apache.jackrabbit.core.fs.db.DB2FileSystem",2,0.00,1.00,12,0.12,1751.23,2,0,0,2,1,145.09,39,29,0,3,118.80,0.00,0.67,0.00,0,0.00,1,371.78,1,0,1,org.apache.jackrabbit.core.fs.db.DbFileSystem,0.05,0,2,2,0,0,2,0,5,88,1
"org.apache.jackrabbit.core.fs.db.DatabaseFileSystem",44,0.07,3.50,606,7.98,358570.45,71,27,30,127,9,80.49,263,918,3,1,98.36,0.00,0.00,0.10,23,0.00,10,23945.80,0,10,6,java.lang.Object,0.00,83,0,154,5,83,34,1,97,4334,1
"org.apache.jackrabbit.core.fs.db.DatabaseFileSystem$FileOutputStream",2,0.00,2.50,25,0.36,19685.64,2,0,30,19,0,99.09,1,48,0,1,99.09,0.00,0.00,0.00,0,2.00,4,1092.93,0,0,0,java.lang.Object,0.00,17,0,5,0,17,2,0,1,203,0
"org.apache.jackrabbit.core.fs.db.DatabaseFileSystem$FilterInputStream",1,0.00,1.00,4,0.02,218.17,1,0,30,2,0,180.12,1,5,0,1,130.12,0.00,0.00,0.00,0,1.00,1,68.97,1,0,0,java.lang.Object,0.00,1,0,1,0,1,1,0,1,21,0
"org.apache.jackrabbit.core.fs.db.DatabaseFileSystem$RandomAccessOutputStream",6,0.20,1.50,31,0.40,19317.41,7,1,30,22,0,117.21,3,59,0,1,117.21,0.00,0.00,0.83,0,0.00,4,1207.49,0,0,0,java.lang.Object,0.00,16,0,9,0,16,6,0,3,249,0
"org.apache.jackrabbit.core.fs.db.DatabaseFileSystem$SizedInputStream",7,0.08,1.00,22,0.17,2593.31,9,2,30,7,0,132.97,0,30,0,2,132.97,0.00,0.50,0.43,0,0.00,1,512.17,2,0,0,org.apache.jackrabbit.core.fs.db.FilterInputStream,0.00,0,1,7,0,0,7,0,0,134,0
"org.apache.jackrabbit.core.fs.db.DbFileSystem",11,0.02,1.64,33,0.36,16805.67,15,4,4,13,6,78.02,104,52,4,2,128.02,3.00,0.20,0.27,0,29.00,8,1065.63,1,5,2,org.apache.jackrabbit.core.fs.db.DatabaseFileSystem,0.07,2,1,18,3,2,6,0,11,259,1
"org.apache.jackrabbit.core.fs.db.DerbyFileSystem",4,0.00,2.00,28,0.27,7362.38,6,2,5,15,2,103.25,61,39,1,3,113.61,0.00,0.67,0.50,0,0.00,5,815.65,0,0,1,org.apache.jackrabbit.core.fs.db.DbFileSystem,0.00,11,2,8,0,11,4,0,19,170,1
"org.apache.jackrabbit.core.fs.db.DerbyFileSystemTest",4,0.33,1.25,21,0.18,4292.16,5,1,4,10,3,121.01,0,24,0,3,121.01,0.00,0.67,0.75,1,0.00,2,544.48,2,1,3,org.apache.jackrabbit.core.fs.AbstractFileSystemTest,0.75,6,2,5,0,6,3,0,0,130,1
"org.apache.jackrabbit.core.fs.db.JNDIDatabaseFileSystem",3,0.50,1.00,10,0.08,1276.06,4,1,5,6,1,103.12,39,14,0,2,132.50,0.00,0.50,0.67,0,1.00,1,241.45,0,2,1,org.apache.jackrabbit.core.fs.db.DatabaseFileSystem,0.04,3,1,3,0,3,1,0,7,64,1
"org.apache.jackrabbit.core.fs.db.OracleFileSystem",10,0.07,2.90,142,2.21,86771.62,16,6,25,61,7,59.43,123,246,1,3,96.99,0.00,0.67,0.23,0,18.00,8,6615.56,5,4,6,org.apache.jackrabbit.core.fs.db.DbFileSystem,0.14,51,2,29,0,51,6,0,30,1158,1
"org.apache.jackrabbit.core.fs.db.OracleFileSystem$FileOutputStream",2,0.00,3.00,30,0.41,21690.77,2,0,25,19,0,95.10,1,55,0,1,95.10,0.00,0.00,0.00,0,2.00,5,1243.66,0,0,0,java.lang.Object,0.00,17,0,6,0,17,2,0,1,224,0
"org.apache.jackrabbit.core.fs.db.OracleFileSystem$RandomAccessOutputStream",6,0.20,1.67,36,0.45,21239.36,7,1,25,22,0,113.91,3,66,0,1,113.91,0.00,0.00,0.83,0,0.00,5,1355.50,0,0,0,java.lang.Object,0.00,16,0,10,0,16,6,0,3,270,0
"org.apache.jackrabbit.core.xml.BufferedStringValue",12,0.19,2.92,131,1.56,63357.03,20,8,26,49,9,56.03,102,178,2,1,104.14,0.00,0.00,0.30,5,18.00,5,4687.25,0,6,7,java.lang.Object,0.00,37,0,35,0,37,6,1,42,893,0
"org.apache.jackrabbit.core.xml.BufferedStringValue$Base64ReaderInputStream",3,0.71,2.00,29,0.27,5837.17,10,7,26,8,1,109.34,0,36,0,2,109.34,0.00,0.50,0.62,1,0.00,3,816.91,0,0,1,java.io.InputStream,0.00,5,1,6,0,5,3,0,0,176,2
"org.apache.jackrabbit.core.xml.ClonedInputSource",7,0.08,3.43,69,0.75,36907.08,9,2,9,34,6,145.70,17,101,6,2,105.81,0.00,0.50,0.43,0,7.00,7,2261.97,0,1,0,org.xml.sax.InputSource,0.00,27,1,24,0,27,6,0,3,450,1
"org.apache.jackrabbit.core.xml.DocViewImportHandler",9,0.08,3.56,111,1.62,86527.66,12,3,19,48,16,61.53,110,160,1,3,99.09,0.00,0.67,0.26,2,15.00,10,4865.48,0,2,15,org.apache.jackrabbit.core.xml.TargetImportHandler,0.00,39,2,32,0,39,7,0,47,864,0
"org.apache.jackrabbit.core.xml.DocumentViewTest",5,0.00,1.60,38,0.59,13107.29,7,2,18,34,5,64.34,41,61,1,2,112.45,0.00,0.50,0.50,0,0.00,2,1763.55,3,0,4,junit.framework.TestCase,0.00,29,1,8,0,29,5,0,11,335,1
"org.apache.jackrabbit.core.xml.ImportHandler",10,0.04,1.40,43,0.55,10805.31,16,6,12,32,8,82.28,71,69,2,2,124.58,0.00,0.50,0.20,0,38.00,3,1647.47,0,0,6,org.xml.sax.helpers.DefaultHandler,0.00,22,1,14,0,22,10,0,22,373,1
"org.apache.jackrabbit.core.xml.Importer",4,0.00,1.00,5,0.03,147.36,4,0,2,4,8,110.19,40,7,7,1,158.67,0.00,0.00,0.00,0,4.00,1,98.24,0,0,1,,0.00,0,0,4,0,0,4,0,5,35,1
"org.apache.jackrabbit.core.xml.NamespaceContext",4,0.11,2.25,31,0.35,11522.27,7,3,5,12,3,67.92,47,41,2,1,112.05,0.00,0.00,0.25,0,8.00,3,1052.64,0,3,1,java.lang.Object,0.00,8,0,9,0,8,1,1,9,231,0
"org.apache.jackrabbit.core.xml.NodeInfo",5,0.06,1.00,18,0.12,2090.55,9,4,2,5,7,82.56,49,25,5,1,132.56,0.00,0.00,0.20,0,17.00,1,355.50,0,4,2,java.lang.Object,0.00,0,0,5,0,0,1,0,10,99,1
"org.apache.jackrabbit.core.xml.PropInfo",6,0.35,4.00,84,1.20,71307.74,10,4,20,37,17,45.84,56,110,4,1,95.84,0.00,0.00,0.54,2,0.00,8,3599.15,0,1,13,java.lang.Object,0.00,31,0,24,0,31,5,0,31,634,1
"org.apache.jackrabbit.core.xml.SessionImporter",7,0.19,5.29,135,2.05,125317.63,13,6,24,64,12,39.43,67,182,1,1,89.43,0.00,0.00,0.33,0,0.00,14,6155.15,0,2,12,java.lang.Object,0.00,57,0,37,0,57,5,1,44,1046,1
"org.apache.jackrabbit.core.xml.StringValue",4,0.00,1.75,22,0.29,8096.14,6,2,11,13,7,100.89,23,36,1,1,118.76,0.00,0.00,0.50,0,4.00,3,881.51,0,2,6,java.lang.Object,0.00,9,0,7,0,9,2,1,16,184,0
"org.apache.jackrabbit.core.xml.SysViewImportHandler",7,0.17,6.71,131,2.22,145090.87,12,5,15,45,12,41.27,72,195,1,3,89.75,0.00,0.67,0.34,2,8.00,17,6656.58,0,1,11,org.apache.jackrabbit.core.xml.TargetImportHandler,0.00,38,2,47,0,38,6,0,42,1107,0
"org.apache.jackrabbit.core.xml.SysViewImportHandler$ImportState",0,0.00,0.00,7,0.04,499.41,6,6,15,1,1,171.00,18,8,0,1,171.00,0.00,0.00,0.00,0,0.00,0,130.80,0,0,1,java.lang.Object,0.00,1,0,0,0,1,0,0,6,32,0
"org.apache.jackrabbit.core.xml.TargetImportHandler",5,0.08,1.40,20,0.16,2608.86,8,3,6,11,7,84.77,39,30,3,2,127.06,2.00,0.25,0.40,0,1.00,2,488.17,0,0,4,org.xml.sax.helpers.DefaultHandler,0.00,6,1,7,2,6,5,0,6,124,1
"org.apache.jackrabbit.core.xml.TestAll",1,0.00,1.00,5,0.04,864.35,1,0,3,3,1,71.80,9,7,0,2,121.80,0.00,0.50,0.00,0,1.00,1,115.51,0,1,1,junit.framework.TestCase,0.00,2,1,1,0,2,0,0,2,31,1
"org.apache.jackrabbit.core.xml.TextValue",3,0.00,1.00,4,0.03,122.87,3,0,5,3,7,178.92,9,7,5,1,158.30,0.00,0.00,0.00,0,3.00,1,84.58,0,2,2,,0.00,0,0,3,0,0,1,0,2,29,1
"org.apache.jackrabbit.core.xml.WorkspaceImporter",8,0.35,6.25,241,3.97,306553.49,20,12,36,89,24,123.33,183,362,1,1,79.39,0.00,0.00,0.39,2,0.00,16,11922.11,0,1,24,java.lang.Object,0.00,81,0,50,0,81,7,1,113,1898,1
"org.apache.jackrabbit.core.xml.WorkspaceImporterTest",3,0.75,1.67,21,0.38,7743.45,5,2,9,22,2,133.11,9,54,0,2,112.49,0.00,0.50,1.00,0,0.00,3,1141.26,0,0,2,junit.framework.TestCase,0.00,19,1,5,0,19,3,0,2,216,1
"org.apache.jackrabbit.spi.commons.nodetype.BooleanConstraint",2,0.00,3.00,23,0.29,9707.43,3,1,23,12,15,142.76,4,34,2,2,102.87,0.00,0.50,1.00,0,0.00,3,871.14,0,0,14,org.apache.jackrabbit.spi.commons.nodetype.ValueConstraint,0.00,10,1,6,0,10,2,0,2,172,0
"org.apache.jackrabbit.spi.commons.nodetype.BooleanConstraintTest",9,1.00,1.11,24,0.27,4410.96,10,1,6,17,4,138.56,4,39,0,3,138.56,0.00,0.67,0.00,1,18.00,2,803.49,0,7,4,org.apache.jackrabbit.spi.commons.nodetype.ValueConstraintTest,0.64,8,2,10,0,8,2,0,2,200,1
"org.apache.jackrabbit.spi.commons.nodetype.DateConstraint",3,0.62,7.00,70,1.00,75889.18,7,4,23,20,14,124.97,8,110,1,2,85.08,0.00,0.50,0.67,0,0.00,10,3005.96,0,0,14,org.apache.jackrabbit.spi.commons.nodetype.ValueConstraint,0.00,17,1,21,0,17,3,0,6,551,0
"org.apache.jackrabbit.spi.commons.nodetype.DateConstraintTest",6,1.00,1.00,25,0.29,6696.31,7,1,8,18,3,124.54,4,32,0,3,124.54,0.00,0.67,0.00,1,10.00,1,872.89,0,5,3,org.apache.jackrabbit.spi.commons.nodetype.ValueConstraintTest,0.72,12,2,6,0,12,1,0,2,200,1
"org.apache.jackrabbit.spi.commons.nodetype.InvalidConstraintException",2,0.00,1.00,5,0.03,221.18,2,0,1,2,15,93.68,18,8,15,2,143.68,0.00,0.50,0.00,0,2.00,1,88.69,0,0,0,javax.jcr.RepositoryException,0.00,0,1,2,0,0,2,0,3,29,1
"org.apache.jackrabbit.spi.commons.nodetype.InvalidNodeTypeDefException",2,0.00,1.00,5,0.03,221.18,2,0,1,2,3,93.68,18,8,3,2,143.68,0.00,0.50,0.00,0,2.00,1,88.69,0,0,0,javax.jcr.RepositoryException,0.00,0,1,2,0,0,2,0,3,29,1
"org.apache.jackrabbit.spi.commons.nodetype.NameConstraint",5,0.75,2.00,32,0.40,13775.69,6,1,23,18,15,154.61,13,52,2,2,114.72,0.00,0.50,0.40,0,9.00,3,1195.79,1,3,14,org.apache.jackrabbit.spi.commons.nodetype.ValueConstraint,0.00,13,1,10,0,13,2,0,5,251,0
"org.apache.jackrabbit.spi.commons.nodetype.NameConstraintTest",6,1.00,1.00,15,0.20,3599.20,7,1,5,11,2,137.89,4,26,0,3,137.89,0.00,0.67,0.00,0,6.00,1,587.94,0,5,2,org.apache.jackrabbit.spi.commons.nodetype.ValueConstraintTest,0.72,5,2,6,0,5,1,0,2,148,1
"org.apache.jackrabbit.spi.commons.nodetype.NodeTypeConflictException",2,0.00,1.00,5,0.03,221.18,2,0,1,2,0,93.68,18,8,0,2,143.68,0.00,0.50,0.00,0,2.00,1,88.69,0,0,0,javax.jcr.RepositoryException,0.00,0,1,2,0,0,2,0,3,29,1
"org.apache.jackrabbit.spi.commons.nodetype.NodeTypeDefDiff",15,0.17,2.87,160,1.80,93231.18,24,9,12,44,7,53.58,140,188,2,1,103.58,0.00,0.00,0.27,3,0.00,7,5394.46,0,4,5,java.lang.Object,0.00,29,0,43,0,29,11,0,32,1059,1
"org.apache.jackrabbit.spi.commons.nodetype.NodeTypeDefDiff$ChildItemDefDiff",7,0.28,2.57,51,0.46,14393.06,10,3,12,15,1,153.05,14,71,0,1,113.17,0.00,0.00,0.57,5,0.00,8,1383.02,0,1,1,java.lang.Object,0.00,8,0,18,0,8,6,0,11,308,1
"org.apache.jackrabbit.spi.commons.nodetype.NodeTypeDefDiff$ChildNodeDefDiff",4,0.00,2.25,22,0.23,7277.90,4,0,12,10,1,158.95,10,32,0,2,119.07,0.00,0.50,0.00,2,10.00,6,693.70,1,2,1,org.apache.jackrabbit.spi.commons.nodetype.ChildItemDefDiff,0.00,6,1,9,0,6,2,0,5,152,1
"org.apache.jackrabbit.spi.commons.nodetype.NodeTypeDefDiff$PropDefDiff",4,0.00,3.50,43,0.47,30068.79,4,0,12,12,1,103.12,17,51,0,2,102.89,0.00,0.50,0.00,2,10.00,11,1407.41,1,2,1,org.apache.jackrabbit.spi.commons.nodetype.ChildItemDefDiff,0.00,8,1,14,0,8,2,0,9,267,1
"org.apache.jackrabbit.spi.commons.nodetype.NumericConstraint",3,0.62,6.67,73,1.00,68693.66,7,4,23,22,15,124.63,8,114,2,2,84.75,0.00,0.50,0.67,1,0.00,9,2988.30,0,0,14,org.apache.jackrabbit.spi.commons.nodetype.ValueConstraint,0.00,19,1,20,0,19,3,0,6,543,0
"org.apache.jackrabbit.spi.commons.nodetype.NumericConstraintTest",9,1.00,1.00,21,0.22,3394.87,10,1,8,14,6,139.48,4,31,0,3,139.48,0.00,0.67,0.00,1,26.00,1,662.92,0,8,6,org.apache.jackrabbit.spi.commons.nodetype.ValueConstraintTest,0.64,5,2,9,0,5,1,0,2,171,1
"org.apache.jackrabbit.spi.commons.nodetype.PathConstraint",5,0.12,3.80,67,0.88,42689.80,7,2,23,30,15,118.80,19,101,2,2,98.18,0.00,0.50,0.40,0,6.00,7,2626.55,1,3,14,org.apache.jackrabbit.spi.commons.nodetype.ValueConstraint,0.00,25,1,19,0,25,2,0,11,496,0
"org.apache.jackrabbit.spi.commons.nodetype.PathConstraintTest",6,1.00,1.00,17,0.28,7448.55,7,1,8,10,4,135.41,4,29,0,3,135.41,0.00,0.67,0.00,0,10.00,1,841.28,0,5,4,org.apache.jackrabbit.spi.commons.nodetype.ValueConstraintTest,0.72,4,2,6,0,4,1,0,2,199,1
"org.apache.jackrabbit.spi.commons.nodetype.ReferenceConstraint",5,1.00,1.80,30,0.35,11302.16,6,1,23,17,15,155.31,14,47,2,2,115.42,0.00,0.50,0.20,0,13.00,3,1053.51,1,3,14,org.apache.jackrabbit.spi.commons.nodetype.ValueConstraint,0.00,12,1,9,0,12,2,0,6,227,0
"org.apache.jackrabbit.spi.commons.nodetype.ReferenceConstraintTest",7,1.00,1.00,15,0.18,2885.07,8,1,9,12,4,139.18,6,27,0,3,139.18,0.00,0.67,0.00,0,17.00,1,530.46,0,5,4,org.apache.jackrabbit.spi.commons.nodetype.ValueConstraintTest,0.81,5,2,7,0,5,2,0,4,138,1
"org.apache.jackrabbit.spi.commons.nodetype.StringConstraint",2,0.00,2.50,21,0.28,9970.91,3,1,23,12,15,144.25,4,31,2,2,104.37,0.00,0.50,1.00,0,0.00,3,834.30,0,0,14,org.apache.jackrabbit.spi.commons.nodetype.ValueConstraint,0.00,10,1,5,0,10,2,0,2,165,0
"org.apache.jackrabbit.spi.commons.nodetype.StringConstraintTest",9,1.00,1.00,21,0.20,2891.09,10,1,8,12,6,140.03,4,31,0,3,140.03,0.00,0.67,0.00,1,19.00,1,598.13,0,8,6,org.apache.jackrabbit.spi.commons.nodetype.ValueConstraintTest,0.64,3,2,9,0,3,1,0,2,158,1
"org.apache.jackrabbit.spi.commons.nodetype.ValueConstraint",9,0.16,2.33,72,1.05,57330.27,13,4,23,29,31,57.16,81,114,18,1,107.16,0.00,0.00,0.11,0,13.00,9,3159.13,0,4,20,java.lang.Object,0.00,20,0,21,7,20,5,0,18,599,2
"org.apache.jackrabbit.spi.commons.nodetype.ValueConstraintTest",19,0.28,1.84,108,1.03,26013.98,22,3,14,30,17,120.09,9,117,7,2,120.09,7.00,0.11,0.07,7,58.00,4,3099.43,1,7,10,junit.framework.TestCase,0.00,11,1,35,7,11,12,0,7,672,2
"org.apache.jackrabbit.spi.commons.nodetype.ValueConstraintTest$NamespaceResolver",2,0.00,1.00,5,0.03,370.77,2,0,14,2,0,141.91,0,7,0,1,141.91,0.00,0.00,0.00,0,2.00,1,87.73,0,2,0,java.lang.Object,0.00,0,0,2,0,0,0,0,0,28,0
"org.apache.jackrabbit.core.util.CooperativeFileLock",14,0.10,2.93,132,1.41,43612.06,26,12,11,46,2,107.88,58,176,0,1,107.65,0.00,0.00,0.18,10,10.00,5,4221.49,0,3,2,java.lang.Object,0.00,32,0,41,0,32,11,1,15,832,1
"org.apache.jackrabbit.core.util.CooperativeFileLock$Runnable",1,0.00,5.00,12,0.13,4390.53,1,0,11,6,0,151.69,1,19,0,1,101.69,0.00,0.00,0.00,0,0.00,5,391.37,0,0,0,java.lang.Object,0.00,5,0,5,0,5,1,0,1,80,0
"org.apache.jackrabbit.core.util.DOMBuilder",8,0.11,1.25,36,0.38,7677.59,12,4,13,26,1,82.72,62,51,1,1,125.01,0.00,0.00,0.34,4,0.00,3,1142.07,0,0,0,java.lang.Object,0.00,18,0,10,0,18,8,0,13,270,2
"org.apache.jackrabbit.core.util.DOMWalker",8,0.10,2.75,71,0.79,26083.43,11,3,12,38,3,60.94,85,90,3,1,109.41,0.00,0.00,0.42,0,0.00,6,2366.57,0,4,0,java.lang.Object,0.00,30,0,22,0,30,4,0,12,489,2
"org.apache.jackrabbit.core.util.DOMWalkerTest",1,0.00,3.00,6,0.07,1426.35,1,0,2,5,1,68.78,8,13,0,2,116.88,0.00,0.50,0.00,0,1.00,3,222.23,0,0,1,junit.framework.TestCase,0.00,4,1,3,0,4,1,0,3,49,1
"org.apache.jackrabbit.core.util.Dumpable",1,0.00,1.00,2,0.01,30.51,1,0,1,1,6,110.52,12,3,6,1,148.08,0.00,0.00,0.00,0,1.00,1,25.51,0,0,0,,0.00,0,0,1,0,0,1,0,2,11,1
"org.apache.jackrabbit.core.util.EmptyLinkedMap",11,0.45,1.00,25,0.16,2052.94,13,2,5,13,1,142.12,48,37,1,2,141.89,0.00,0.50,0.09,0,25.00,1,481.36,0,8,0,org.apache.commons.collections.map.LinkedMap,0.00,2,1,11,0,2,3,0,14,140,1
"org.apache.jackrabbit.core.util.ReferenceChangeTracker",6,0.00,1.00,15,0.11,1477.31,8,2,4,14,5,98.65,45,22,4,1,140.94,0.00,0.00,0.50,0,2.00,1,341.15,0,2,1,java.lang.Object,0.00,8,0,6,0,8,4,0,9,99,1
"org.apache.jackrabbit.core.util.RepositoryLock",7,0.31,3.00,60,0.74,24258.85,14,7,9,30,5,71.62,86,105,4,1,109.19,0.00,0.00,0.41,3,0.00,6,2234.83,0,0,1,java.lang.Object,0.00,23,0,21,0,23,7,1,27,443,1
"org.apache.jackrabbit.core.util.RepositoryLockMechanism",3,0.00,1.00,4,0.02,97.53,3,0,1,3,7,110.99,24,5,7,1,159.09,0.00,0.00,0.00,0,3.00,1,65.02,0,0,0,,0.00,0,0,3,0,0,3,0,4,25,1
"org.apache.jackrabbit.core.util.RepositoryLockMechanismFactory",1,0.00,1.00,2,0.01,38.26,1,0,1,1,3,156.44,17,3,2,1,147.31,0.00,0.00,0.00,0,1.00,1,25.51,0,0,1,,0.00,0,0,1,0,0,1,0,2,11,1
"org.apache.jackrabbit.core.util.RepositoryLockTest",6,0.20,1.67,42,0.41,10991.71,7,1,4,19,2,95.79,34,56,1,2,113.66,0.00,0.50,0.83,1,0.00,3,1242.39,0,0,1,junit.framework.TestCase,0.00,13,1,10,0,13,6,0,8,279,1
"org.apache.jackrabbit.core.util.StringIndex",2,0.00,1.00,3,0.02,87.00,2,0,0,2,7,109.62,21,4,7,1,158.10,0.00,0.00,0.00,0,2.00,1,58.00,0,1,0,,0.00,0,0,2,0,0,1,0,3,21,1
"org.apache.jackrabbit.core.util.TestAll",1,0.00,1.00,5,0.04,864.35,1,0,3,3,1,73.70,8,7,0,2,121.80,0.00,0.50,0.00,0,1.00,1,115.51,0,1,1,junit.framework.TestCase,0.00,2,1,1,0,2,0,0,2,31,1
"org.apache.jackrabbit.api.jsr.EventJournal",1,0.00,1.00,2,0.01,60.50,1,0,1,1,3,135.38,15,3,3,2,145.74,0.00,0.50,0.00,0,1.00,1,35.16,0,0,0,,0.00,0,1,1,0,0,1,0,2,13,1
"org.apache.jackrabbit.core.nodetype.xml.AdditionalNamespaceResolver",5,0.12,1.80,31,0.32,8555.78,7,2,6,13,5,98.50,27,41,4,1,116.38,0.00,0.00,0.40,1,6.00,2,949.71,0,2,1,java.lang.Object,0.00,8,0,9,0,8,3,1,8,218,1
"org.apache.jackrabbit.core.nodetype.xml.Constants",0,0.00,0.00,25,0.29,3144.19,24,24,0,0,2,171.00,27,26,2,1,171.00,0.00,0.00,0.00,0,0.00,0,861.42,0,0,0,,0.00,0,0,0,0,0,0,0,25,149,1
"org.apache.jackrabbit.core.nodetype.xml.NodeTypeReader",7,0.17,3.86,108,2.17,114387.00,10,3,27,65,29,45.16,75,183,9,1,93.64,0.00,0.00,0.48,3,4.00,9,6512.10,0,6,20,java.lang.Object,0.00,58,0,27,0,58,1,0,21,1084,1
"org.apache.jackrabbit.core.nodetype.xml.NodeTypeWriter",6,0.30,3.67,112,1.68,82876.61,8,2,18,54,15,47.15,71,151,3,1,91.27,0.00,0.00,0.75,2,0.00,6,5048.87,0,0,12,java.lang.Object,0.00,48,0,22,0,48,6,0,20,885,2
"org.apache.jackrabbit.core.nodetype.xml.SimpleNamespaceRegistry",7,0.08,1.14,24,0.26,4175.73,9,2,3,15,3,171.20,15,33,2,1,131.31,0.00,0.00,0.57,1,0.00,2,772.48,0,4,1,java.lang.Object,0.00,8,0,8,0,8,3,1,10,201,1
"org.apache.jackrabbit.core.nodetype.xml.TestAll",39,0.07,1.33,233,3.27,61372.35,46,7,26,92,18,159.57,98,388,1,2,119.69,0.00,0.50,0.08,3,379.00,4,9799.96,0,4,17,junit.framework.TestCase,0.00,53,1,52,0,53,35,0,49,2010,1
"org.apache.jackrabbit.ocm.repository.AllTests",2,0.00,1.00,8,0.06,1287.47,2,0,3,5,4,147.04,7,11,1,1,126.42,0.00,0.00,0.00,1,2.00,1,190.58,0,2,3,java.lang.Object,0.00,3,0,2,0,3,0,0,3,50,1
"org.apache.jackrabbit.ocm.repository.NodeUtil",3,0.00,3.00,26,0.35,15847.20,5,2,4,9,5,59.27,31,47,3,1,107.74,0.00,0.00,0.50,0,0.00,5,1038.76,0,2,2,java.lang.Object,0.00,6,0,9,0,6,1,0,8,213,1
"org.apache.jackrabbit.ocm.repository.NodeUtilTest",5,0.00,1.40,27,0.27,5178.89,5,0,4,12,2,141.72,19,49,1,2,121.10,0.00,0.50,0.00,0,5.00,2,795.79,2,0,1,junit.framework.TestCase,0.00,7,1,7,0,7,5,0,5,176,1
"org.apache.jackrabbit.ocm.repository.RelfectionUtilTest",4,1.00,1.00,16,0.22,6120.36,5,1,12,10,2,123.70,19,26,0,2,123.46,0.00,0.50,0.00,0,4.00,1,669.24,2,0,2,junit.framework.TestCase,0.00,6,1,4,0,6,4,0,5,157,1
"org.apache.jackrabbit.ocm.repository.RepositoryUtil",6,0.08,2.83,67,0.91,33269.35,11,5,14,30,16,52.43,58,117,10,1,102.43,0.00,0.00,0.13,1,14.00,6,2716.43,0,3,6,java.lang.Object,0.00,24,0,17,0,24,3,0,10,522,1
"org.apache.jackrabbit.ocm.repository.RepositoryUtilTest",7,2.00,1.43,64,0.75,20165.74,9,2,12,31,3,108.32,28,96,1,2,108.08,0.00,0.50,0.00,0,7.00,2,2240.99,2,0,2,junit.framework.TestCase,0.00,24,1,10,0,24,7,0,11,446,1
"org.apache.jackrabbit.webdav.jcr.version.report.AbstractJcrReport",3,0.25,2.67,21,0.32,12839.56,5,2,9,10,15,78.43,19,30,7,1,110.65,0.00,0.00,0.67,0,0.00,6,951.12,0,2,8,java.lang.Object,0.00,7,0,8,7,7,1,1,5,183,2
"org.apache.jackrabbit.webdav.jcr.version.report.ExportViewReport",4,0.00,3.00,39,0.67,24041.24,8,4,24,28,11,67.83,49,54,1,2,105.39,0.00,0.50,0.25,0,6.00,7,2008.53,3,2,10,org.apache.jackrabbit.webdav.jcr.version.report.AbstractJcrReport,0.00,24,1,12,0,24,2,0,13,364,1
"org.apache.jackrabbit.webdav.jcr.version.report.JcrPrivilegeReport",5,0.00,1.80,36,0.58,16461.57,10,5,22,31,16,79.42,34,48,1,2,111.64,0.00,0.50,0.20,1,10.00,4,1744.97,2,2,15,org.apache.jackrabbit.webdav.jcr.version.report.AbstractJcrReport,0.00,26,1,9,0,26,3,0,12,335,1
"org.apache.jackrabbit.webdav.jcr.version.report.LocateByUuidReport",4,0.08,1.50,25,0.42,11679.18,8,4,18,26,15,64.59,38,33,2,2,114.59,0.00,0.50,0.19,0,6.00,3,1264.01,2,2,13,org.apache.jackrabbit.webdav.jcr.version.report.AbstractJcrReport,0.00,22,1,6,0,22,2,0,9,238,1
"org.apache.jackrabbit.webdav.jcr.version.report.LocateCorrespondingNodeReport",5,0.19,1.80,34,0.56,16256.85,9,4,21,28,15,70.05,56,45,1,2,114.18,0.00,0.50,0.10,0,11.00,3,1675.53,1,3,14,org.apache.jackrabbit.webdav.jcr.version.report.AbstractJcrReport,0.00,23,1,9,0,23,2,0,10,323,1
"org.apache.jackrabbit.webdav.jcr.version.report.NodeTypesReport",5,0.17,4.00,69,1.06,45924.70,8,3,26,44,14,60.36,63,80,1,2,97.92,0.00,0.50,0.20,0,13.00,8,3177.08,2,3,13,org.apache.jackrabbit.webdav.jcr.version.report.AbstractJcrReport,0.00,39,1,20,0,39,2,1,21,558,1
"org.apache.jackrabbit.webdav.jcr.version.report.RegisteredNamespacesReport",4,0.00,1.75,26,0.33,9629.00,7,3,14,15,10,71.09,46,33,1,2,115.22,0.00,0.50,0.33,0,6.00,3,1003.83,1,2,9,org.apache.jackrabbit.webdav.jcr.version.report.AbstractJcrReport,0.00,11,1,7,0,11,2,1,8,205,1
"org.apache.jackrabbit.webdav.jcr.version.report.RepositoryDescriptorsReport",4,0.50,1.25,21,0.26,6975.76,6,2,12,11,9,75.22,45,24,1,2,119.35,0.00,0.50,0.12,0,8.00,2,783.79,2,2,8,org.apache.jackrabbit.webdav.jcr.version.report.AbstractJcrReport,0.00,7,1,5,0,7,2,1,7,167,1
"org.apache.jackrabbit.api.JackrabbitNodeTypeManager",3,2.00,1.00,6,0.06,429.53,5,2,7,3,12,122.65,42,9,12,2,142.79,0.00,0.50,0.00,0,3.00,1,170.55,0,2,0,,0.00,0,1,3,0,0,1,0,6,49,1
"org.apache.jackrabbit.api.JackrabbitRepository",1,0.00,1.00,2,0.01,44.19,1,0,1,1,9,126.67,14,3,9,2,146.81,0.00,0.50,0.00,0,1.00,1,26.09,0,0,0,,0.00,0,1,1,0,0,1,0,2,11,1
"org.apache.jackrabbit.api.JackrabbitSession",2,0.00,1.00,3,0.02,108.19,2,0,6,2,12,119.79,24,4,10,2,157.35,0.00,0.50,0.00,0,2.00,1,66.09,0,2,2,,0.00,0,1,2,0,0,0,0,3,23,1
"org.apache.jackrabbit.api.JackrabbitValue",1,0.00,1.00,2,0.01,48.43,1,0,1,1,2,178.41,31,3,2,2,146.50,0.00,0.50,0.00,0,1.00,1,27.12,0,1,0,,0.00,0,1,1,0,0,0,0,2,11,1
"org.apache.jackrabbit.api.JackrabbitWorkspace",2,0.00,1.00,3,0.03,136.06,2,0,4,2,7,127.19,26,6,7,2,156.57,0.00,0.50,0.00,0,2.00,1,84.68,0,0,0,,0.00,0,1,2,0,0,2,0,3,27,1
"org.apache.jackrabbit.api.XASession",1,0.00,1.00,2,0.01,44.19,1,0,2,1,8,180.20,20,3,8,2,146.81,0.00,0.50,0.00,0,1.00,1,26.09,0,1,0,,0.00,0,1,1,0,0,0,0,2,11,1
"org.apache.jackrabbit.server.io.AbstractExportContext",9,0.02,1.33,29,0.26,5015.01,15,6,3,12,9,131.51,4,42,4,1,131.51,0.00,0.00,0.15,0,53.00,3,768.97,0,2,5,java.lang.Object,0.00,3,0,12,3,3,7,1,1,188,2
"org.apache.jackrabbit.server.io.BoundedInputStream",14,0.14,1.50,54,0.52,15774.65,19,5,2,23,2,129.31,57,74,2,2,129.08,0.00,0.50,0.33,1,0.00,4,1553.34,0,1,0,java.io.InputStream,0.00,9,1,21,0,9,13,0,19,368,1
"org.apache.jackrabbit.server.io.DefaultHandler",34,0.16,2.88,271,3.91,160064.61,39,5,26,134,21,68.02,265,391,5,1,110.31,0.00,0.00,0.05,14,266.00,9,11731.46,0,10,16,java.lang.Object,0.00,100,0,98,3,100,24,2,77,2243,1
"org.apache.jackrabbit.server.io.DefaultIOListener",4,0.00,1.50,11,0.17,2386.13,6,2,2,8,8,138.06,16,16,5,1,137.82,0.00,0.00,0.50,0,0.00,2,498.31,0,0,3,java.lang.Object,0.00,4,0,6,0,4,4,1,5,119,1
"org.apache.jackrabbit.server.io.DefaultIOManager",3,1.00,1.33,14,0.11,1549.75,4,1,2,10,8,79.01,26,19,1,2,127.11,0.00,0.50,0.00,1,3.00,2,322.93,1,0,7,org.apache.jackrabbit.server.io.IOManagerImpl,0.00,7,1,4,0,7,3,0,4,87,1
"org.apache.jackrabbit.server.io.DirListingExportHandler",17,0.44,1.71,127,1.81,88561.37,19,2,15,51,11,110.32,82,159,1,1,110.08,0.00,0.00,0.09,2,58.00,7,5432.55,0,3,10,java.lang.Object,0.00,34,0,29,0,34,14,2,27,947,1
"org.apache.jackrabbit.server.io.ExportContext",10,0.00,1.00,11,0.07,327.85,10,0,2,10,13,141.19,57,12,12,2,159.06,0.00,0.50,0.00,0,10.00,1,202.60,0,2,1,,0.00,0,1,10,0,0,8,0,11,74,1
"org.apache.jackrabbit.server.io.ExportContextImpl",11,0.06,2.45,64,0.80,21836.39,16,5,15,37,7,100.88,61,95,1,2,118.75,0.00,0.50,0.25,0,0.00,11,2400.68,2,1,6,org.apache.jackrabbit.server.io.AbstractExportContext,0.10,26,1,27,0,26,10,0,22,486,1
"org.apache.jackrabbit.server.io.IOContext",4,0.00,1.00,5,0.02,93.72,4,0,0,4,2,142.34,23,6,2,1,160.21,0.00,0.00,0.00,0,4.00,1,62.48,0,1,1,,0.00,0,0,4,0,0,3,0,5,26,1
"org.apache.jackrabbit.server.io.IOHandler",11,0.00,1.00,12,0.10,581.83,11,0,2,11,12,119.87,136,13,9,1,157.43,0.00,0.00,0.00,0,11.00,1,311.12,0,2,4,,0.00,0,0,11,0,0,9,0,12,101,1
"org.apache.jackrabbit.server.io.IOListener",3,0.00,1.00,4,0.04,168.96,3,0,0,3,8,109.11,25,5,7,1,157.21,0.00,0.00,0.00,0,3.00,1,112.64,0,0,2,,0.00,0,0,3,0,0,3,0,4,35,1
"org.apache.jackrabbit.server.io.IOManager",6,0.00,1.00,7,0.06,395.24,6,0,2,6,13,112.55,67,8,10,1,156.68,0.00,0.00,0.00,0,6.00,1,192.35,0,0,4,,0.00,0,0,6,0,0,6,0,7,61,1
"org.apache.jackrabbit.server.io.IOManagerImpl",7,0.08,3.43,83,0.99,54846.69,9,2,6,25,8,101.44,30,96,1,1,101.21,0.00,0.00,0.43,1,9.00,5,2983.60,0,1,7,java.lang.Object,0.00,18,0,24,1,18,6,1,8,567,1
"org.apache.jackrabbit.server.io.IOUtil",8,4.00,2.50,62,0.77,29270.11,12,4,12,26,16,62.73,83,81,13,1,111.20,0.00,0.00,0.00,0,8.00,3,2298.55,0,7,3,java.lang.Object,0.00,18,0,20,0,18,1,0,20,481,1
"org.apache.jackrabbit.server.io.ImportContext",10,0.00,1.00,11,0.05,223.94,10,0,2,10,13,128.15,63,12,12,2,160.37,0.00,0.50,0.00,0,10.00,1,138.09,0,7,1,,0.00,0,1,10,0,0,3,0,11,58,1
"org.apache.jackrabbit.server.io.ImportContextImpl",20,0.01,1.85,77,0.79,19451.93,28,8,9,40,8,111.66,115,111,2,1,129.53,0.00,0.00,0.12,3,224.00,4,2356.19,0,8,6,java.lang.Object,0.00,20,0,37,1,20,12,1,22,553,1
"org.apache.jackrabbit.server.io.MimeResolver",5,0.00,1.80,22,0.23,4565.93,7,2,3,18,8,76.99,40,33,7,1,125.09,0.00,0.00,0.50,0,1.00,3,682.89,0,2,1,java.lang.Object,0.00,13,0,9,0,13,3,0,12,162,1
"org.apache.jackrabbit.server.io.PropertyExportContext",0,0.00,0.00,1,0.01,31.02,0,0,0,0,9,171.00,5,2,9,2,171.00,0.00,0.50,0.00,0,0.00,0,15.51,0,0,0,,0.00,0,1,0,0,0,0,0,1,6,1
"org.apache.jackrabbit.server.io.PropertyHandler",4,0.00,1.00,5,0.05,270.57,4,0,2,4,8,127.21,52,6,6,1,156.59,0.00,0.00,0.00,0,4.00,1,136.59,0,1,2,,0.00,0,0,4,0,0,3,0,5,44,1
"org.apache.jackrabbit.server.io.PropertyImportContext",2,0.00,1.00,3,0.01,65.85,2,0,2,2,9,110.94,17,4,9,2,159.05,0.00,0.50,0.00,0,2.00,1,38.73,0,2,0,,0.00,0,1,2,0,0,0,0,3,16,1
"org.apache.jackrabbit.server.io.PropertyManager",4,0.00,1.00,5,0.04,233.87,4,0,2,4,5,124.86,25,6,2,1,157.09,0.00,0.00,0.00,0,4.00,1,117.76,0,2,3,,0.00,0,0,4,0,0,2,0,5,39,1
"org.apache.jackrabbit.server.io.PropertyManagerImpl",6,0.20,2.17,45,0.49,19241.28,9,3,7,26,9,111.92,26,53,2,1,111.69,0.00,0.00,0.17,1,14.00,4,1473.17,0,2,7,java.lang.Object,0.00,20,0,13,0,20,4,1,7,309,1
"org.apache.jackrabbit.server.io.VersionHandler",12,1.00,1.42,40,0.40,8339.32,13,1,9,17,10,170.63,31,59,1,2,130.74,0.00,0.50,0.00,2,12.00,3,1188.62,0,2,9,org.apache.jackrabbit.server.io.DefaultHandler,0.22,5,1,17,0,5,10,1,15,282,1
"org.apache.jackrabbit.server.io.VersionHistoryHandler",18,0.50,1.28,54,0.48,7570.50,20,2,8,26,10,132.48,9,78,1,1,132.48,0.00,0.00,0.03,2,34.00,2,1425.86,0,3,9,java.lang.Object,0.00,8,0,23,0,8,15,2,7,357,1
"org.apache.jackrabbit.server.io.XmlHandler",10,0.44,2.00,50,0.70,16376.13,12,2,10,37,7,87.23,68,80,2,2,119.46,0.00,0.50,0.10,0,22.00,4,2110.22,5,0,5,org.apache.jackrabbit.server.io.DefaultHandler,0.05,27,1,20,0,27,10,0,20,445,1
"org.apache.jackrabbit.server.io.ZipHandler",11,0.20,2.64,95,1.32,47134.01,14,3,15,60,10,60.01,110,124,2,2,108.49,0.00,0.50,0.15,1,39.00,6,3955.44,5,1,8,org.apache.jackrabbit.server.io.DefaultHandler,0.04,49,1,29,0,49,10,0,27,761,1
"org.apache.jackrabbit.server.io.ZipHandler$ZipEntryExportContext",9,0.25,1.56,24,0.26,5038.34,11,2,15,18,2,188.03,11,39,0,2,138.03,0.00,0.50,0.28,0,20.00,3,767.11,0,1,2,org.apache.jackrabbit.server.io.AbstractExportContext,0.00,9,1,14,0,9,8,0,6,185,1
"org.apache.jackrabbit.server.io.ZipHandler$ZipEntryImportContext",4,0.00,1.00,14,0.18,2467.12,6,2,15,13,5,131.23,0,19,0,2,131.23,0.00,0.50,0.50,0,4.00,1,527.91,0,1,5,org.apache.jackrabbit.server.io.ImportContextImpl,0.25,9,1,4,0,9,3,0,0,120,1
"org.apache.jackrabbit.servlet.AbstractRepositoryServlet",6,0.00,1.67,35,0.44,17079.01,6,0,9,25,6,126.74,106,50,3,2,117.61,8.00,0.10,0.00,3,6.00,4,1308.01,0,3,3,javax.servlet.http.HttpServlet,0.00,19,1,10,8,19,3,0,10,258,2
"org.apache.jackrabbit.servlet.ContextRepositoryFactory",2,0.00,2.00,14,0.17,5656.89,4,2,4,7,3,82.76,26,25,2,1,112.14,0.00,0.00,0.50,0,2.00,3,518.31,0,1,1,java.lang.Object,0.00,5,0,4,0,5,1,1,5,114,1
"org.apache.jackrabbit.servlet.ContextRepositoryServlet",1,1.00,4.00,14,0.20,9083.99,2,1,4,9,4,73.01,40,22,0,3,96.76,0.00,0.67,0.00,0,1.00,4,599.95,2,1,4,org.apache.jackrabbit.servlet.AbstractRepositoryServlet,0.43,8,2,4,0,8,0,0,3,117,1
"org.apache.jackrabbit.servlet.CrossContextRepositoryFactory",2,0.00,1.50,13,0.15,3552.95,5,3,4,7,3,125.42,35,21,1,1,116.29,0.00,0.00,0.33,0,2.00,2,437.49,0,1,2,java.lang.Object,0.00,5,0,3,0,5,1,1,6,103,1
"org.apache.jackrabbit.servlet.JNDIBindingServlet",2,0.67,3.50,21,0.29,9924.21,5,3,8,15,1,143.61,42,31,0,2,104.31,0.00,0.50,0.67,0,0.00,5,870.42,0,0,1,javax.servlet.http.HttpServlet,0.00,13,1,7,0,13,2,0,6,171,1
"org.apache.jackrabbit.servlet.JNDIRepositoryServlet",1,1.00,5.00,15,0.23,9465.84,2,1,8,11,3,89.68,37,23,0,3,95.45,0.00,0.67,0.00,0,1.00,5,679.49,0,1,3,org.apache.jackrabbit.servlet.AbstractRepositoryServlet,0.43,10,2,5,0,10,0,0,3,129,1
"org.apache.jackrabbit.servlet.ServletRepository",1,0.00,1.00,3,0.02,160.57,1,0,2,2,5,112.09,40,5,3,3,135.83,0.00,0.67,0.00,0,1.00,1,58.69,0,0,2,org.apache.jackrabbit.commons.repository.ProxyRepository,0.00,1,2,1,0,1,1,0,2,19,1
"org.apache.jackrabbit.servlet.ServletRepositoryFactory",2,1.00,2.50,16,0.23,10708.69,3,1,5,10,2,134.02,38,27,1,1,107.74,0.00,0.00,0.50,0,2.00,4,678.63,0,1,1,java.lang.Object,0.00,8,0,5,0,8,1,1,4,137,1
"org.apache.jackrabbit.core.query.lucene.directory.DirectoryManager",7,0.00,1.00,8,0.05,212.76,7,0,3,7,12,111.22,57,9,12,1,159.32,0.00,0.00,0.00,0,7.00,1,147.62,0,2,1,,0.00,0,0,7,0,0,5,0,8,54,1
"org.apache.jackrabbit.core.query.lucene.directory.DirectoryManagerTest",6,0.10,1.17,30,0.31,5882.00,10,4,7,18,5,121.34,4,39,1,2,121.34,0.00,0.50,0.17,1,10.00,2,941.39,0,0,4,junit.framework.TestCase,0.00,12,1,7,0,12,6,0,1,216,1
"org.apache.jackrabbit.core.query.lucene.directory.DirectoryManagerTest$Callable",1,0.00,1.00,5,0.05,626.53,1,0,7,5,1,122.90,0,6,0,1,122.90,0.00,0.00,0.00,0,0.00,1,139.69,0,0,1,java.lang.Object,0.00,4,0,1,0,4,1,0,0,35,0
"org.apache.jackrabbit.core.query.lucene.directory.DirectoryManagerTest$Callable_0",1,0.00,1.00,5,0.05,582.76,1,0,7,6,1,123.15,0,6,0,1,123.15,0.00,0.00,0.00,0,0.00,1,138.80,0,0,1,java.lang.Object,0.00,5,0,1,0,5,1,0,0,36,0
"org.apache.jackrabbit.core.query.lucene.directory.DirectoryManagerTest$Callable_1",1,0.00,1.00,4,0.05,529.59,1,0,7,7,1,127.09,0,5,0,1,127.09,0.00,0.00,0.00,0,0.00,1,148.18,0,0,1,java.lang.Object,0.00,6,0,1,0,6,1,0,0,37,0
"org.apache.jackrabbit.core.query.lucene.directory.DirectoryManagerTest$Callable_2",1,0.00,1.00,6,0.06,856.03,1,0,7,7,1,118.88,0,7,0,1,118.88,0.00,0.00,0.00,0,0.00,1,182.17,0,0,1,java.lang.Object,0.00,6,0,1,0,6,1,0,0,45,0
"org.apache.jackrabbit.core.query.lucene.directory.DirectoryManagerTest$Callable_3",1,0.00,1.00,2,0.01,69.06,1,0,7,1,1,145.29,0,3,0,1,145.29,0.00,0.00,0.00,0,1.00,1,36.53,0,0,1,,0.00,0,0,1,0,0,1,0,0,13,1
"org.apache.jackrabbit.core.query.lucene.directory.FSDirectoryManager",7,0.17,1.71,39,0.39,11675.82,8,1,7,19,3,119.66,31,47,2,1,119.43,0.00,0.00,0.86,0,0.00,4,1166.50,0,2,2,java.lang.Object,0.00,12,0,12,0,12,5,1,12,262,1
"org.apache.jackrabbit.core.query.lucene.directory.FSDirectoryManager$FileFilter",1,0.00,1.00,3,0.02,173.90,1,0,7,2,0,135.56,0,4,0,1,135.56,0.00,0.00,0.00,0,1.00,1,52.97,0,0,0,java.lang.Object,0.00,1,0,1,0,1,1,0,0,17,0
"org.apache.jackrabbit.core.query.lucene.directory.IndexInputStream",4,0.11,1.50,22,0.22,7140.23,7,3,3,8,4,76.94,31,29,4,2,119.23,0.00,0.50,0.25,1,4.00,2,667.15,0,0,0,java.io.InputStream,0.00,4,1,6,0,4,4,0,9,155,1
"org.apache.jackrabbit.core.query.lucene.directory.IndexInputStreamTest",2,0.00,2.50,31,0.36,17615.65,2,0,8,13,2,135.74,4,34,1,2,95.85,0.00,0.50,0.00,1,2.00,4,1070.39,0,0,1,junit.framework.TestCase,0.00,11,1,5,0,11,2,0,2,205,1
"org.apache.jackrabbit.core.query.lucene.directory.IndexOutputStream",5,0.50,1.00,14,0.15,2257.88,6,1,3,10,3,106.64,32,21,3,2,138.87,0.00,0.50,0.60,1,2.00,1,436.27,0,0,0,java.io.OutputStream,0.00,5,1,5,0,5,5,0,7,113,1
"org.apache.jackrabbit.core.query.lucene.directory.IndexOutputStreamTest",2,0.00,3.00,37,0.40,21204.94,2,0,8,16,2,132.11,5,38,1,2,92.22,0.00,0.50,0.00,1,2.00,5,1189.26,0,0,1,junit.framework.TestCase,0.00,14,1,6,0,14,2,0,3,225,1
"org.apache.jackrabbit.core.query.lucene.directory.RAMDirectoryManager",7,0.33,1.43,30,0.27,6463.62,8,1,6,16,3,125.34,28,47,1,1,125.11,0.00,0.00,0.71,0,0.00,3,824.50,0,2,2,java.lang.Object,0.00,9,0,10,0,9,5,1,9,199,1
"org.apache.jackrabbit.core.query.lucene.directory.TestAll",1,0.00,1.00,7,0.06,1740.69,1,0,3,3,3,65.48,10,9,0,2,113.96,0.00,0.50,0.00,0,1.00,1,186.48,0,1,3,junit.framework.TestCase,0.00,2,1,1,0,2,0,0,2,47,1
"org.apache.jackrabbit.webdav.io.InputContext",7,0.00,1.00,8,0.03,152.68,7,0,1,7,11,128.24,42,9,11,1,160.46,0.00,0.00,0.00,0,7.00,1,95.75,0,4,0,,0.00,0,0,7,0,0,3,0,8,41,1
"org.apache.jackrabbit.webdav.io.InputContextImpl",8,0.10,1.12,24,0.21,3268.16,11,3,6,15,3,182.61,14,34,1,1,132.61,0.00,0.00,0.25,0,16.00,2,633.69,0,4,2,java.lang.Object,0.00,7,0,9,0,7,4,1,3,162,1
"org.apache.jackrabbit.webdav.io.OutputContext",8,0.00,1.00,9,0.05,242.82,8,0,1,8,11,141.46,44,10,11,1,159.33,0.00,0.00,0.00,0,8.00,1,156.48,0,1,0,,0.00,0,0,8,0,0,7,0,9,58,1
"org.apache.jackrabbit.webdav.io.OutputContextImpl",9,0.04,1.89,34,0.32,5648.77,12,3,5,17,4,131.02,4,52,2,1,131.02,0.00,0.00,0.30,0,1.00,3,971.05,0,1,2,java.lang.Object,0.00,8,0,17,0,8,8,1,2,237,1
"org.apache.jackrabbit.webdav.io.OutputContextImplTest",1,0.00,1.00,12,0.13,3427.25,1,0,7,4,3,123.52,3,14,1,2,102.91,0.00,0.50,0.00,0,1.00,1,388.10,0,0,2,junit.framework.TestCase,0.00,3,1,1,0,3,1,0,1,86,1
"org.apache.jackrabbit.webdav.io.OutputContextImplTest$DummyResponse",2,0.00,1.00,5,0.05,445.57,2,0,7,4,0,141.28,0,7,0,1,141.28,0.00,0.00,0.00,0,2.00,1,136.97,0,0,0,java.lang.Object,0.00,2,0,2,0,2,2,0,0,38,0
"org.apache.jackrabbit.webdav.io.OutputContextImplTest$DummyResponse_0",30,0.00,1.00,42,0.26,1720.12,30,0,7,30,0,157.15,0,73,0,1,157.15,0.00,0.00,0.00,0,30.00,1,794.65,0,8,0,java.lang.Object,0.00,0,0,30,0,0,22,1,0,260,2
"org.apache.jackrabbit.webdav.io.TestAll",1,0.00,1.00,5,0.04,864.35,1,0,3,3,1,121.80,0,7,0,2,121.80,0.00,0.50,0.00,0,1.00,1,115.51,0,1,1,junit.framework.TestCase,0.00,2,1,1,0,2,0,0,0,31,1
"org.apache.jackrabbit.ocm.testmodel.uuid.Node",6,0.20,1.00,16,0.15,2185.42,9,3,5,6,2,189.60,7,28,0,1,139.60,0.00,0.00,0.17,0,18.00,1,462.44,0,3,2,java.lang.Object,0.00,0,0,6,0,0,3,0,3,119,1
"org.apache.jackrabbit.core.query.lucene.hits.AdaptingHits",6,0.17,2.00,38,0.38,17865.63,12,6,3,15,6,96.59,34,53,3,1,114.46,0.00,0.00,0.31,0,0.00,7,1153.97,0,1,3,java.lang.Object,0.00,9,0,12,0,9,5,1,11,241,1
"org.apache.jackrabbit.core.query.lucene.hits.ArrayHits",6,0.40,2.00,41,0.33,9827.58,10,4,1,9,3,156.39,17,52,2,1,116.50,0.00,0.00,0.58,2,0.00,3,1001.97,0,0,1,java.lang.Object,0.00,3,0,12,0,3,6,1,4,228,1
"org.apache.jackrabbit.core.query.lucene.hits.ArrayHitsTest",1,0.00,1.00,6,0.06,1011.06,1,0,1,5,2,118.31,0,8,1,2,118.31,0.00,0.50,0.00,0,1.00,1,169.24,0,0,1,junit.framework.TestCase,0.00,4,1,1,0,4,1,0,0,41,1
"org.apache.jackrabbit.core.query.lucene.hits.BitSetHits",4,0.33,1.00,15,0.10,1251.29,6,2,1,7,2,154.17,14,20,1,1,133.55,0.00,0.00,0.75,1,0.00,1,290.73,0,0,1,java.lang.Object,0.00,3,0,4,0,3,4,1,4,81,1
"org.apache.jackrabbit.core.query.lucene.hits.Hits",3,0.00,1.00,4,0.02,95.88,3,0,1,3,12,141.28,17,5,12,1,159.15,0.00,0.00,0.00,0,3.00,1,63.48,0,0,0,,0.00,0,0,3,0,0,3,0,4,25,1
"org.apache.jackrabbit.core.query.lucene.hits.HitsIntersection",4,0.33,2.00,31,0.28,16792.68,8,4,1,7,1,131.40,12,40,0,1,110.79,0.00,0.00,0.50,1,4.00,4,850.41,0,0,1,java.lang.Object,0.00,3,0,8,0,3,4,1,4,195,1
"org.apache.jackrabbit.core.query.lucene.hits.ScorerHits",4,0.67,1.50,16,0.12,2073.91,5,1,2,8,5,147.69,12,23,4,1,127.07,0.00,0.00,0.50,0,4.00,2,345.43,0,0,1,java.lang.Object,0.00,4,0,6,0,4,4,1,4,91,1
"org.apache.jackrabbit.spi.commons.query.sql.ASTContainsExpression",7,0.42,1.00,17,0.11,1129.61,9,2,1,8,4,142.38,3,25,2,2,142.38,0.00,0.50,0.14,0,17.00,1,331.40,0,3,2,SimpleNode,0.00,1,1,7,0,1,4,0,1,98,1
"org.apache.jackrabbit.spi.commons.query.sql.ASTIdentifier",6,0.80,1.00,14,0.10,1044.12,7,1,1,7,8,142.13,1,21,6,2,142.13,0.00,0.50,0.33,0,10.00,1,295.38,1,3,2,SimpleNode,0.08,1,1,6,0,1,3,0,1,87,1
"org.apache.jackrabbit.spi.commons.query.sql.ASTLiteral",8,0.29,1.00,19,0.13,1418.97,10,2,0,9,4,142.06,3,28,3,2,142.06,0.00,0.50,0.25,0,18.00,1,403.74,1,3,1,SimpleNode,0.14,1,1,8,0,1,5,0,1,117,1
"org.apache.jackrabbit.spi.commons.query.sql.ASTPredicate",14,0.12,1.00,34,0.24,2461.65,19,5,1,15,4,142.09,1,49,2,2,142.09,0.00,0.50,0.09,0,70.00,1,709.22,1,5,2,SimpleNode,0.06,1,1,14,0,1,9,0,1,199,1
"org.apache.jackrabbit.spi.commons.query.sql.DefaultParserVisitor",20,0.00,1.00,41,0.27,2807.83,20,0,0,20,6,142.86,4,62,1,1,142.86,0.00,0.00,0.00,0,20.00,1,808.87,0,20,5,java.lang.Object,0.00,0,0,20,0,0,0,1,1,245,0
"org.apache.jackrabbit.spi.commons.query.sql.JCRSQLQueryBuilder",27,0.02,3.52,372,5.43,429324.69,37,10,39,154,34,63.85,163,471,2,1,96.07,0.00,0.00,0.09,3,149.00,16,16294.49,0,25,32,java.lang.Object,0.00,127,0,95,0,127,2,1,63,2814,1
"org.apache.jackrabbit.spi.commons.query.sql.JCRSQLQueryBuilder$DefaultParserVisitor",2,0.00,1.00,7,0.07,753.53,2,0,39,5,3,132.92,0,9,0,1,132.92,0.00,0.00,0.00,0,0.00,1,206.90,0,2,3,java.lang.Object,0.00,3,0,2,0,3,0,0,0,53,0
"org.apache.jackrabbit.spi.commons.query.sql.JCRSQLQueryBuilder$DefaultParserVisitor_0",1,0.00,2.00,5,0.05,958.23,1,0,39,3,2,171.29,1,7,0,1,121.29,0.00,0.00,0.00,0,0.00,2,148.18,0,1,2,java.lang.Object,0.00,2,0,2,0,2,0,0,1,37,0
"org.apache.jackrabbit.spi.commons.query.sql.JCRSQLQueryBuilder$DefaultParserVisitor_1",5,0.00,2.20,25,0.25,7597.13,5,0,39,8,4,119.69,0,34,0,1,119.69,0.00,0.00,0.00,1,5.00,5,740.78,0,4,4,java.lang.Object,0.00,3,0,11,0,3,1,0,0,174,0
"org.apache.jackrabbit.spi.commons.query.sql.JCRSQLQueryBuilder$DefaultParserVisitor_2",1,0.00,1.00,4,0.03,474.00,1,0,39,2,1,127.47,0,5,0,1,127.47,0.00,0.00,0.00,0,1.00,1,92.00,0,1,1,java.lang.Object,0.00,1,0,1,0,1,0,0,0,25,0
"org.apache.jackrabbit.spi.commons.query.sql.JCRSQLQueryBuilder$MergingPathQueryNode",5,0.75,6.00,101,1.46,155232.17,6,1,39,26,3,49.12,63,114,0,4,86.68,0.00,0.75,0.40,2,6.00,13,4367.68,0,3,3,org.apache.jackrabbit.spi.commons.query.PathQueryNode,0.00,21,3,30,0,21,2,0,15,763,2
"org.apache.jackrabbit.spi.commons.query.sql.QueryBuilder",4,0.00,1.00,9,0.10,1268.78,4,0,6,7,5,140.31,16,18,0,1,140.07,0.00,0.00,0.00,0,4.00,1,294.46,0,3,5,java.lang.Object,0.00,3,0,4,0,3,1,1,5,78,1
"org.apache.jackrabbit.spi.commons.query.sql.QueryFormat",20,0.01,5.00,373,5.38,445070.25,24,4,29,88,23,110.19,77,442,2,1,89.57,0.00,0.00,0.26,4,30.00,16,16127.67,0,15,21,java.lang.Object,0.00,68,0,100,0,68,5,2,27,2803,0
"org.apache.jackrabbit.commons.repository.EmptyRepository",3,0.00,1.00,7,0.05,577.63,3,0,4,4,1,99.49,23,12,0,2,141.78,0.00,0.50,0.00,0,3.00,1,153.49,0,3,1,org.apache.jackrabbit.commons.AbstractRepository,0.00,1,1,3,0,1,0,0,4,45,1
"org.apache.jackrabbit.commons.repository.JNDIRepository",1,0.00,1.00,3,0.02,215.39,1,0,1,2,2,124.47,15,5,0,3,134.83,0.00,0.67,0.00,0,1.00,1,72.87,0,0,2,org.apache.jackrabbit.commons.repository.ProxyRepository,0.00,1,2,1,0,1,1,0,2,22,1
"org.apache.jackrabbit.commons.repository.JNDIRepositoryFactory",2,0.00,2.50,16,0.19,6983.23,4,2,4,6,3,65.07,23,29,2,1,109.20,0.00,0.00,0.50,0,2.00,4,558.91,0,1,1,java.lang.Object,0.00,4,0,5,0,4,1,1,5,120,1
"org.apache.jackrabbit.commons.repository.ProxyRepository",4,0.33,1.50,14,0.13,2065.09,5,1,4,8,8,81.75,39,24,6,2,131.75,5.00,0.14,0.75,0,0.00,2,391.83,0,3,2,org.apache.jackrabbit.commons.AbstractRepository,0.00,4,1,6,5,4,1,0,6,101,1
"org.apache.jackrabbit.commons.repository.RepositoryFactory",1,0.00,1.00,2,0.01,38.26,1,0,2,1,15,103.18,11,3,15,1,147.31,0.00,0.00,0.00,0,1.00,1,25.51,0,1,0,,0.00,0,0,1,0,0,0,0,2,11,1
"org.apache.jackrabbit.commons.repository.SingletonRepositoryFactory",2,1.00,1.00,6,0.04,384.68,3,1,1,2,2,87.11,16,9,1,1,135.22,0.00,0.00,0.50,0,2.00,1,105.38,0,1,1,java.lang.Object,0.00,0,0,2,0,0,1,1,4,32,1
"org.apache.jackrabbit.rmi.client.iterator.ClientIterator",9,0.18,2.33,60,0.58,23827.83,14,5,7,16,9,66.35,97,85,5,1,114.82,0.00,0.00,0.36,2,7.00,6,1735.08,0,2,4,org.apache.jackrabbit.rmi.client.ClientObject,0.00,7,1,21,5,7,7,1,16,374,2
"org.apache.jackrabbit.rmi.client.iterator.ClientNodeIterator",3,1.00,1.00,9,0.07,845.72,4,1,6,3,5,85.80,24,15,1,2,133.91,0.00,0.50,0.33,0,4.00,1,218.74,2,2,4,org.apache.jackrabbit.rmi.client.iterator.ClientIterator,0.00,0,2,3,0,0,1,1,5,61,1
"org.apache.jackrabbit.rmi.client.iterator.ClientNodeTypeIterator",3,0.00,1.00,7,0.05,528.94,3,0,5,4,5,99.79,22,13,1,2,142.08,0.00,0.50,0.00,0,3.00,1,161.13,2,2,4,org.apache.jackrabbit.rmi.client.iterator.ClientIterator,0.00,1,2,3,0,1,1,1,4,49,1
"org.apache.jackrabbit.rmi.client.iterator.ClientPropertyIterator",3,1.00,1.00,9,0.08,929.67,4,1,6,4,5,85.48,24,16,1,2,133.58,0.00,0.50,0.33,0,4.00,1,233.46,2,2,4,org.apache.jackrabbit.rmi.client.iterator.ClientIterator,0.00,1,2,3,0,1,1,1,5,64,1
"org.apache.jackrabbit.rmi.client.iterator.ClientRowIterator",3,0.00,1.00,7,0.05,528.94,3,0,5,4,5,99.79,22,12,1,2,142.08,0.00,0.50,0.00,0,3.00,1,161.13,2,2,4,org.apache.jackrabbit.rmi.client.iterator.ClientIterator,0.00,1,2,3,0,1,1,1,4,49,1
"org.apache.jackrabbit.rmi.client.iterator.ClientVersionIterator",3,1.00,1.00,9,0.08,929.67,4,1,6,4,5,85.48,24,16,1,2,133.58,0.00,0.50,0.33,0,4.00,1,233.46,2,2,4,org.apache.jackrabbit.rmi.client.iterator.ClientIterator,0.00,1,2,3,0,1,1,1,5,64,1
"org.apache.jackrabbit.uuid.Constants",0,0.00,0.00,33,0.42,8853.20,32,32,0,1,7,171.00,114,34,7,1,171.00,0.00,0.00,0.00,0,0.00,0,1267.81,0,0,0,,0.00,1,0,0,0,1,0,0,39,209,1
"org.apache.jackrabbit.uuid.UUID",13,0.17,2.38,117,1.70,104450.25,17,4,3,22,85,62.16,100,153,84,1,104.45,0.00,0.00,0.40,0,0.00,9,5114.45,0,3,2,java.lang.Object,0.00,9,0,31,0,9,10,3,20,998,1
"org.apache.jackrabbit.uuid.VersionFourGenerator",6,0.03,2.50,56,0.55,23765.71,12,6,2,17,4,96.51,92,71,3,1,106.86,0.00,0.00,0.19,2,10.00,8,1637.08,0,3,2,java.lang.Object,0.00,11,0,15,0,11,3,1,28,331,2
"org.apache.jackrabbit.uuid.VersionFourGenerator$Thread",1,0.00,1.00,5,0.04,441.18,1,0,2,1,0,163.99,2,6,0,1,124.10,0.00,0.00,0.00,0,0.00,1,110.19,0,0,0,java.lang.Object,0.00,0,0,1,0,0,1,0,2,29,0
"org.apache.jackrabbit.test.rmi.value.SerialValueFactoryTest",2,0.00,1.00,22,0.31,5662.05,3,1,8,15,1,154.97,3,28,0,2,104.97,0.00,0.50,1.00,0,0.00,1,918.45,0,0,1,junit.framework.TestCase,0.00,13,1,2,0,13,2,0,1,185,1
"org.apache.jackrabbit.webdav.jcr.AbstractItemResource",18,0.10,3.00,150,2.28,84323.30,21,3,36,87,30,65.86,141,219,2,2,108.15,5.00,0.14,0.24,3,102.00,10,6833.37,9,8,28,org.apache.jackrabbit.webdav.jcr.AbstractResource,0.13,69,1,54,5,69,10,2,42,1265,1
"org.apache.jackrabbit.webdav.jcr.AbstractResource",44,0.03,1.68,202,2.66,76391.95,55,11,62,117,57,90.69,291,303,4,1,122.91,0.00,0.00,0.06,11,878.00,5,7973.93,0,27,53,java.lang.Object,0.00,73,0,74,8,73,17,4,75,1660,1
"org.apache.jackrabbit.webdav.jcr.AbstractResource$EListener",2,0.00,2.50,16,0.23,5155.98,5,3,62,9,6,150.12,5,23,0,1,110.24,0.00,0.00,0.33,0,2.00,4,691.99,0,0,6,java.lang.Object,0.00,7,0,5,0,7,2,1,3,145,0
"org.apache.jackrabbit.webdav.jcr.DavLocatorFactoryImpl",3,0.50,3.33,29,0.31,11701.27,4,1,3,15,3,58.74,26,39,1,2,106.85,1.00,0.33,0.67,0,1.00,5,942.47,0,2,2,org.apache.jackrabbit.webdav.AbstractLocatorFactory,0.00,12,1,10,1,12,1,0,7,196,1
"org.apache.jackrabbit.webdav.jcr.DavResourceFactoryImpl",6,0.07,4.00,75,1.19,55416.15,9,3,25,40,24,55.07,66,103,1,1,99.20,0.00,0.00,0.39,1,6.00,10,3565.99,0,4,23,java.lang.Object,0.00,34,0,24,1,34,2,1,14,634,1
"org.apache.jackrabbit.webdav.jcr.DefaultItemCollection",29,0.30,4.52,371,5.54,245590.84,31,2,71,168,44,55.34,320,519,3,3,99.47,1.50,0.33,0.21,8,65.00,20,16622.85,22,10,41,org.apache.jackrabbit.webdav.jcr.AbstractItemResource,0.16,139,2,131,3,139,19,1,88,2949,1
"org.apache.jackrabbit.webdav.jcr.DefaultItemResource",14,0.77,2.57,104,1.45,45020.33,15,1,42,67,27,63.53,121,145,1,3,111.64,0.00,0.67,0.29,2,38.00,8,4339.33,9,3,26,org.apache.jackrabbit.webdav.jcr.AbstractItemResource,0.04,53,2,36,0,53,11,0,24,828,1
"org.apache.jackrabbit.webdav.jcr.ItemResourceConstants",0,0.00,0.00,46,1.27,43763.49,45,45,9,4,28,171.00,70,47,20,1,171.00,0.00,0.00,0.00,0,0.00,0,3817.26,0,0,8,,0.00,4,0,0,0,4,0,0,25,564,1
"org.apache.jackrabbit.webdav.jcr.JCRWebdavServerServlet",11,0.08,1.64,64,0.73,19205.05,23,12,19,38,17,69.28,101,86,1,3,119.28,1.50,0.33,0.16,1,50.00,4,2187.59,1,6,16,org.apache.jackrabbit.webdav.server.AbstractWebdavServlet,0.21,27,2,18,3,27,5,0,24,450,2
"org.apache.jackrabbit.webdav.jcr.JcrDavException",5,0.08,2.00,54,0.87,29811.52,8,3,30,21,30,61.52,38,63,25,3,103.81,0.00,0.67,0.27,0,10.00,5,2613.13,0,1,5,org.apache.jackrabbit.webdav.DavException,0.21,16,2,10,0,16,4,0,7,532,1
"org.apache.jackrabbit.webdav.jcr.JcrDavExceptionTest",2,0.00,1.50,10,0.09,1229.20,2,0,3,9,1,123.11,9,16,0,2,122.87,0.00,0.50,0.00,0,2.00,2,277.63,0,0,1,junit.framework.TestCase,0.00,7,1,3,0,7,2,0,6,71,1
"org.apache.jackrabbit.webdav.jcr.JcrDavExceptionTest$DerievedRepositoryException",0,0.00,0.00,1,0.01,72.00,0,0,3,0,0,171.00,0,2,0,2,171.00,0.00,0.50,0.00,0,0.00,0,24.00,0,0,0,javax.jcr.lock.LockException,0.00,0,1,0,0,0,0,0,0,8,3
"org.apache.jackrabbit.webdav.jcr.JcrDavSession",8,0.10,1.25,27,0.28,5361.04,11,3,8,21,25,98.67,54,38,21,1,130.90,0.00,0.00,0.25,2,12.00,2,830.31,0,4,4,java.lang.Object,0.00,13,0,10,2,13,4,1,12,208,2
"org.apache.jackrabbit.webdav.jcr.JcrValueType",2,0.00,2.00,12,0.22,8268.32,4,2,3,11,3,69.21,23,16,3,1,113.34,0.00,0.00,0.50,0,0.00,3,649.98,0,1,0,java.lang.Object,0.00,9,0,4,0,9,1,0,4,135,2
"org.apache.jackrabbit.webdav.jcr.RootCollection",13,1.00,1.38,78,0.99,32915.44,14,1,22,45,14,82.88,85,96,1,2,115.10,0.00,0.50,0.08,3,24.00,4,2975.27,4,5,13,org.apache.jackrabbit.webdav.jcr.AbstractResource,0.07,32,1,18,0,32,8,0,18,568,1
"org.apache.jackrabbit.webdav.jcr.VersionControlledItemCollection",17,0.88,4.53,222,3.33,175212.82,18,1,38,86,27,59.94,205,300,1,4,97.50,0.00,0.75,0.18,4,0.00,17,9987.39,13,7,26,org.apache.jackrabbit.webdav.jcr.DefaultItemCollection,0.11,69,3,77,0,69,10,1,74,1766,1
"org.apache.jackrabbit.webdav.jcr.WorkspaceResourceImpl",25,0.83,1.80,171,2.34,93910.03,26,1,44,94,29,95.81,138,217,1,2,113.69,0.00,0.50,0.20,5,123.00,7,7019.65,9,10,28,org.apache.jackrabbit.webdav.jcr.AbstractResource,0.12,69,1,45,0,69,15,2,43,1311,1
"org.apache.jackrabbit.spi.commons.query.AndQueryNode",4,0.00,1.25,11,0.08,1076.39,4,0,1,5,14,122.71,23,17,12,3,140.58,0.00,0.67,0.00,0,4.00,2,242.82,1,1,3,org.apache.jackrabbit.spi.commons.query.NAryQueryNode,0.15,1,2,5,0,1,3,0,5,68,1
"org.apache.jackrabbit.spi.commons.query.ConstantNameProvider",1,0.00,1.00,2,0.01,41.48,1,0,0,1,1,98.93,8,3,1,1,147.03,0.00,0.00,0.00,0,1.00,1,27.65,0,1,0,,0.00,0,0,1,0,0,0,0,2,11,1
"org.apache.jackrabbit.spi.commons.query.DefaultQueryNodeFactory",13,1.00,1.00,29,0.23,3031.32,14,1,2,25,18,161.74,46,49,3,1,141.13,0.00,0.00,0.08,0,24.00,1,689.54,0,4,15,java.lang.Object,0.00,12,0,13,0,12,9,1,15,199,1
"org.apache.jackrabbit.spi.commons.query.DefaultQueryNodeVisitor",13,0.00,1.00,27,0.22,2640.87,13,0,1,13,19,141.60,4,41,5,1,141.60,0.00,0.00,0.00,0,13.00,1,667.97,0,13,14,java.lang.Object,0.00,0,0,13,1,0,0,1,1,188,1
"org.apache.jackrabbit.spi.commons.query.DerefQueryNode",7,0.67,1.29,21,0.17,4220.37,8,1,2,9,14,113.38,39,31,11,4,131.25,0.00,0.75,0.43,0,15.00,3,520.21,3,2,4,org.apache.jackrabbit.spi.commons.query.LocationStepQueryNode,0.23,2,3,9,0,2,5,0,11,135,1
"org.apache.jackrabbit.spi.commons.query.ExactQueryNode",7,0.25,1.57,24,0.23,7636.08,9,2,2,10,10,111.30,40,35,8,2,129.18,1.00,0.33,0.29,0,14.00,4,691.35,0,3,3,org.apache.jackrabbit.spi.commons.query.QueryNode,0.29,3,1,11,1,3,4,0,10,171,1
"org.apache.jackrabbit.spi.commons.query.LocationStepQueryNode",12,0.05,1.25,40,0.42,11033.62,19,7,3,18,22,87.52,87,58,18,3,129.81,0.50,0.50,0.10,0,60.00,3,1252.66,2,3,5,org.apache.jackrabbit.spi.commons.query.NAryQueryNode,0.11,6,2,15,1,6,9,0,20,296,1
"org.apache.jackrabbit.spi.commons.query.NAryQueryNode",9,0.06,2.67,61,0.59,16954.15,11,2,5,23,11,83.74,61,79,9,2,115.96,8.00,0.10,0.44,0,0.00,4,1768.57,0,1,2,org.apache.jackrabbit.spi.commons.query.QueryNode,0.12,14,1,24,8,14,8,0,13,391,2
"org.apache.jackrabbit.spi.commons.query.NodeTypeQueryNode",4,0.00,1.25,11,0.09,1186.41,4,0,3,5,18,108.03,24,17,14,3,140.25,0.00,0.67,0.00,0,4.00,2,272.03,1,1,5,org.apache.jackrabbit.spi.commons.query.ExactQueryNode,0.17,1,2,5,0,1,3,0,8,74,1
"org.apache.jackrabbit.spi.commons.query.NotQueryNode",4,0.00,1.25,11,0.08,1076.39,4,0,1,5,13,122.71,20,17,11,3,140.58,0.00,0.67,0.00,0,4.00,2,242.82,1,1,3,org.apache.jackrabbit.spi.commons.query.NAryQueryNode,0.15,1,2,5,0,1,3,0,5,68,1
"org.apache.jackrabbit.spi.commons.query.OrQueryNode",4,0.00,1.25,11,0.08,1076.39,4,0,1,5,12,122.71,22,17,10,3,140.58,0.00,0.67,0.00,0,4.00,2,242.82,1,1,3,org.apache.jackrabbit.spi.commons.query.NAryQueryNode,0.15,1,2,5,0,1,3,0,5,68,1
"org.apache.jackrabbit.spi.commons.query.OrderQueryNode",11,0.60,1.18,32,0.30,5042.70,12,1,7,23,20,106.55,76,47,15,2,138.78,0.00,0.50,0.45,2,16.00,2,898.56,0,2,6,org.apache.jackrabbit.spi.commons.query.QueryNode,0.22,12,1,13,0,12,9,0,17,231,1
"org.apache.jackrabbit.spi.commons.query.OrderQueryNode$OrderSpec",7,0.17,1.29,21,0.18,4509.00,9,2,7,11,2,88.73,52,31,0,1,131.02,0.00,0.00,0.36,0,11.00,3,547.59,0,2,2,java.lang.Object,0.00,4,0,9,0,4,5,0,9,144,3
"org.apache.jackrabbit.spi.commons.query.PathQueryNode",10,0.19,2.10,52,0.55,19860.85,13,3,4,19,19,76.49,72,75,13,3,118.79,0.50,0.50,0.17,1,42.00,10,1658.29,3,2,7,org.apache.jackrabbit.spi.commons.query.NAryQueryNode,0.23,9,2,21,1,9,8,0,24,357,1
"org.apache.jackrabbit.spi.commons.query.PropertyFunctionQueryNode",6,0.15,1.33,28,0.24,4364.33,10,4,4,10,14,77.83,51,39,13,2,125.94,0.00,0.50,0.12,0,14.00,2,715.50,0,2,2,org.apache.jackrabbit.spi.commons.query.QueryNode,0.31,4,1,8,0,4,4,0,11,178,1
"org.apache.jackrabbit.spi.commons.query.QueryConstants",0,0.00,0.00,58,0.91,24369.42,53,53,3,1,8,171.00,176,59,7,1,171.00,0.00,0.00,0.00,0,0.00,0,2722.35,0,0,1,,0.00,1,0,0,0,1,0,0,55,408,1
"org.apache.jackrabbit.spi.commons.query.QueryConstants$ConstantNameProvider",1,0.00,2.00,26,0.46,12246.35,2,1,3,6,0,85.87,0,29,0,1,85.87,0.00,0.00,1.00,0,0.00,2,1380.54,0,1,0,java.lang.Object,0.00,5,0,2,0,5,0,0,0,246,0
"org.apache.jackrabbit.spi.commons.query.QueryConstants$ConstantNameProvider_0",1,0.00,2.00,13,0.18,4270.23,2,1,3,6,0,100.70,0,16,0,1,100.70,0.00,0.00,1.00,0,0.00,2,549.56,0,1,0,java.lang.Object,0.00,5,0,2,0,5,0,0,0,116,0
"org.apache.jackrabbit.spi.commons.query.QueryNode",7,0.07,1.00,27,0.31,5642.15,21,14,1,10,25,80.32,69,31,24,1,130.32,0.00,0.00,0.01,0,12.00,1,940.67,0,3,2,java.lang.Object,0.00,3,0,7,15,3,4,0,22,207,2
"org.apache.jackrabbit.spi.commons.query.QueryNodeFactory",12,0.00,1.00,13,0.08,245.28,12,0,1,12,23,128.46,80,17,9,1,160.68,0.00,0.00,0.00,0,12.00,1,240.28,0,9,14,,0.00,0,0,12,0,0,3,0,13,87,1
"org.apache.jackrabbit.spi.commons.query.QueryNodeVisitor",13,0.00,1.00,14,0.14,736.16,13,0,1,13,20,157.20,3,15,20,1,157.20,0.00,0.00,0.00,0,13.00,1,422.09,0,13,13,,0.00,0,0,13,0,0,0,0,1,135,1
"org.apache.jackrabbit.spi.commons.query.QueryParser",3,0.00,1.00,8,0.10,1925.19,3,0,2,6,7,108.28,40,19,2,1,137.66,0.00,0.00,0.00,0,3.00,1,308.05,0,1,5,java.lang.Object,0.00,3,0,3,0,3,2,0,4,73,1
"org.apache.jackrabbit.spi.commons.query.QueryRootNode",11,0.07,1.27,29,0.31,9353.40,14,3,4,21,25,118.77,63,44,21,2,136.65,0.00,0.50,0.27,0,33.00,4,924.62,0,4,5,org.apache.jackrabbit.spi.commons.query.QueryNode,0.22,10,1,14,0,10,7,0,15,236,1
"org.apache.jackrabbit.spi.commons.query.QueryTreeBuilder",4,0.00,1.00,5,0.04,162.28,4,0,2,4,6,108.34,38,10,3,1,158.34,0.00,0.00,0.00,0,4.00,1,113.36,0,2,3,,0.00,0,0,4,0,0,2,0,5,38,1
"org.apache.jackrabbit.spi.commons.query.QueryTreeBuilderRegistry",2,0.00,2.00,25,0.33,9203.40,5,3,11,9,3,72.36,26,33,2,1,101.74,0.00,0.00,0.33,0,2.00,3,979.04,0,1,1,java.lang.Object,0.00,7,0,4,0,7,1,0,6,202,1
"org.apache.jackrabbit.spi.commons.query.QueryTreeDump",17,0.21,2.35,214,2.67,102870.06,20,3,4,62,19,140.65,34,232,2,1,100.77,0.00,0.00,0.53,2,0.00,8,7998.70,0,13,18,java.lang.Object,0.00,45,0,40,0,45,4,1,10,1551,1
"org.apache.jackrabbit.spi.commons.query.RelationQueryNode",22,0.04,1.55,76,0.76,21270.67,32,10,7,38,19,87.30,164,115,11,3,129.59,0.00,0.67,0.14,0,206.00,5,2290.19,0,5,9,org.apache.jackrabbit.spi.commons.query.NAryQueryNode,0.08,16,2,34,0,16,17,1,37,536,1
"org.apache.jackrabbit.spi.commons.query.TextsearchQueryNode",13,0.08,1.69,49,0.48,12778.57,16,3,5,25,16,87.22,93,73,11,2,129.52,0.00,0.50,0.26,0,49.00,4,1449.14,0,4,6,org.apache.jackrabbit.spi.commons.query.QueryNode,0.20,12,1,22,0,12,9,0,20,345,1
"org.apache.jackrabbit.spi.commons.query.TraversingQueryNodeVisitor",7,0.00,1.29,21,0.24,4601.63,7,0,1,17,9,130.95,4,31,0,2,130.95,0.00,0.50,0.00,0,7.00,3,720.95,0,7,9,org.apache.jackrabbit.spi.commons.query.DefaultQueryNodeVisitor,0.00,10,1,9,0,10,0,0,1,176,1
"org.apache.jackrabbit.ocm.nodemanagement.NodeTypeManager",13,0.00,1.00,14,0.16,753.77,13,0,9,13,6,109.01,114,30,0,1,157.11,0.00,0.00,0.00,0,13.00,1,472.44,0,2,6,,0.00,0,0,13,0,0,11,0,14,141,1
"org.apache.jackrabbit.ocm.nodemanagement.RepositorySession",1,0.00,1.00,2,0.01,51.23,1,0,2,1,2,102.18,11,5,1,1,146.31,0.00,0.00,0.00,0,1.00,1,41.70,0,1,1,,0.00,0,0,1,0,0,0,0,2,15,1
"org.apache.jackrabbit.ocm.nodemanagement.TestBase",3,1.00,2.33,20,0.21,6210.49,4,1,5,10,3,73.37,22,34,1,2,115.67,1.00,0.33,0.33,0,4.00,4,615.78,0,0,2,junit.framework.TestCase,0.00,7,1,7,1,7,3,0,5,133,1
"org.apache.jackrabbit.core.jndi.BindableRepository",10,0.04,1.20,38,0.38,6580.03,16,6,14,27,6,86.84,115,59,2,2,130.97,0.00,0.50,0.20,1,10.00,2,1149.89,0,6,4,org.apache.jackrabbit.commons.AbstractRepository,0.00,17,1,12,0,17,4,3,24,274,1
"org.apache.jackrabbit.core.jndi.BindableRepository$Thread",1,0.00,1.00,3,0.01,56.92,1,0,14,2,0,139.38,0,4,0,1,139.38,0.00,0.00,0.00,0,1.00,1,30.46,0,0,0,java.lang.Object,0.00,1,0,1,0,1,1,0,0,12,0
"org.apache.jackrabbit.core.jndi.BindableRepositoryFactory",1,0.00,2.00,9,0.12,3923.54,2,1,8,5,2,69.38,12,15,1,1,106.95,0.00,0.00,1.00,0,0.00,2,355.34,0,1,1,java.lang.Object,0.00,4,0,2,0,4,0,1,3,75,1
"org.apache.jackrabbit.core.jndi.RegistryHelper",3,0.00,1.33,14,0.22,6262.68,3,0,7,14,9,84.77,37,30,6,1,122.33,0.00,0.00,0.00,0,3.00,2,657.32,0,0,3,java.lang.Object,0.00,11,0,4,0,11,3,0,8,135,1
"org.apache.jackrabbit.core.jndi.RepositoryFactoryImpl",1,0.00,4.00,13,0.14,5338.25,2,1,6,6,2,55.65,11,20,1,1,99.78,0.00,0.00,1.00,0,0.00,4,432.03,0,1,1,java.lang.Object,0.00,5,0,4,0,5,0,1,4,91,1
"org.apache.jackrabbit.core.lock.AbstractLockInfo",12,0.02,1.42,51,0.44,9320.80,20,8,3,20,10,77.60,97,70,7,1,125.70,0.00,0.00,0.15,1,74.00,4,1306.08,0,4,3,java.lang.Object,0.00,8,0,17,2,8,8,0,24,311,2
"org.apache.jackrabbit.core.lock.ConcurrentLockingTest",3,0.00,1.00,12,0.07,767.77,5,2,5,5,2,150.19,11,13,1,5,129.58,0.00,0.80,0.50,0,0.00,1,205.62,1,0,1,org.apache.jackrabbit.core.AbstractConcurrencyTest,0.00,2,4,3,0,2,3,0,3,57,1
"org.apache.jackrabbit.core.lock.ConcurrentLockingTest$Task",1,0.00,2.00,11,0.10,2244.14,1,0,5,6,0,105.61,0,10,0,1,105.61,0.00,0.00,0.00,0,1.00,2,305.62,0,0,0,java.lang.Object,0.00,5,0,2,0,5,1,0,0,63,0
"org.apache.jackrabbit.core.lock.ConcurrentLockingTest$Task_0",1,0.00,2.00,12,0.12,3031.40,1,0,5,7,0,153.17,1,11,0,1,103.17,0.00,0.00,0.00,0,1.00,2,367.45,0,0,0,java.lang.Object,0.00,6,0,2,0,6,1,0,1,73,0
"org.apache.jackrabbit.core.lock.ConcurrentLockingTest$Task_1",1,0.00,3.00,12,0.12,2838.01,1,0,5,7,0,103.30,0,12,0,1,103.30,0.00,0.00,0.00,0,1.00,3,346.53,0,0,0,java.lang.Object,0.00,6,0,3,0,6,1,0,0,70,0
"org.apache.jackrabbit.core.lock.ConcurrentLockingWithTransactionsTest",3,0.17,1.33,15,0.13,2580.16,6,3,10,8,4,142.37,9,21,1,5,121.75,0.00,0.80,0.22,0,1.00,2,377.60,1,1,3,org.apache.jackrabbit.core.AbstractConcurrencyTest,0.00,5,4,4,0,5,2,0,4,93,1
"org.apache.jackrabbit.core.lock.ConcurrentLockingWithTransactionsTest$Task",1,0.00,4.00,22,0.31,15666.15,1,0,10,16,1,137.57,1,25,0,1,87.57,0.00,0.00,0.00,0,1.00,4,936.11,0,0,1,java.lang.Object,0.00,15,0,4,0,15,1,0,1,157,0
"org.apache.jackrabbit.core.lock.ConcurrentLockingWithTransactionsTest$Task_0",1,0.00,4.00,20,0.30,14300.47,1,0,10,15,1,129.31,2,23,0,1,89.43,0.00,0.00,0.00,0,1.00,4,893.65,0,0,1,java.lang.Object,0.00,14,0,4,0,14,1,0,2,150,0
"org.apache.jackrabbit.core.lock.ExtendedLockingTest",1,0.00,3.00,12,0.13,2976.95,1,0,5,9,2,103.37,4,18,1,4,103.14,0.00,0.75,0.00,0,0.00,3,383.75,0,0,1,org.apache.jackrabbit.test.AbstractJCRTest,0.00,8,3,3,0,8,1,0,2,79,1
"org.apache.jackrabbit.core.lock.LockImpl",10,0.06,1.50,35,0.32,4951.70,12,2,6,21,7,114.02,52,53,2,1,131.89,0.00,0.00,0.55,0,0.00,3,954.22,0,3,5,java.lang.Object,0.00,11,0,15,1,11,7,1,20,235,0
"org.apache.jackrabbit.core.lock.LockManager",12,0.00,1.00,13,0.14,681.03,12,0,7,12,12,107.19,118,18,10,1,157.19,0.00,0.00,0.00,0,12.00,1,434.10,0,4,3,,0.00,0,0,12,0,0,8,0,13,130,1
"org.apache.jackrabbit.core.lock.LockManagerImpl",40,0.01,3.08,454,6.35,266434.85,47,7,53,162,39,83.91,224,634,5,1,101.79,0.00,0.00,0.15,20,232.00,10,19064.19,0,6,34,java.lang.Object,0.00,122,0,123,0,122,34,4,69,3451,1
"org.apache.jackrabbit.core.lock.LockManagerImpl$HierarchyEvent",5,0.10,1.20,24,0.16,3222.39,10,5,53,5,2,76.38,45,31,0,1,126.38,0.00,0.00,0.28,0,5.00,2,491.12,0,2,2,java.lang.Object,0.00,0,0,6,0,0,3,0,10,128,1
"org.apache.jackrabbit.core.lock.LockManagerImpl$LockInfo",4,0.00,2.50,26,0.32,9367.25,4,0,53,10,6,67.12,34,41,0,2,115.23,0.00,0.50,0.00,0,8.00,7,971.18,3,0,6,org.apache.jackrabbit.core.lock.AbstractLockInfo,0.00,6,1,10,0,6,4,1,9,197,0
"org.apache.jackrabbit.core.lock.LockManagerImpl$PathMap.ElementVisitor",1,0.00,2.00,5,0.05,772.48,1,0,53,3,1,122.03,0,7,0,1,122.03,0.00,0.00,0.00,0,1.00,2,151.44,0,0,1,java.lang.Object,0.00,2,0,2,0,2,1,0,0,38,0
"org.apache.jackrabbit.core.lock.LockManagerImpl$PathMap.ElementVisitor_0",1,0.00,2.00,5,0.07,1023.56,1,0,53,6,1,121.06,0,7,0,1,121.06,0.00,0.00,0.00,0,0.00,2,198.35,0,0,1,java.lang.Object,0.00,5,0,2,0,5,1,0,0,47,0
"org.apache.jackrabbit.core.lock.LockManagerImpl$PathMap.ElementVisitor_1",1,0.00,1.00,4,0.04,421.02,1,0,53,3,1,127.88,0,5,0,1,127.88,0.00,0.00,0.00,0,1.00,1,115.51,0,0,1,java.lang.Object,0.00,2,0,1,0,2,1,0,0,31,0
"org.apache.jackrabbit.core.lock.LockManagerImpl$PathMap.ElementVisitor_2",1,0.00,3.00,17,0.19,7649.85,1,0,53,8,0,94.27,0,17,0,1,94.27,0.00,0.00,0.00,0,1.00,3,578.13,0,0,0,java.lang.Object,0.00,7,0,3,0,7,1,0,0,114,0
"org.apache.jackrabbit.core.lock.LockManagerImpl$ReentrantLock",2,0.00,4.00,24,0.25,8783.41,3,1,53,9,1,101.74,0,33,0,1,101.74,0.00,0.00,1.00,0,0.00,5,738.69,0,0,1,java.lang.Object,0.00,7,0,8,0,7,2,0,0,147,0
"org.apache.jackrabbit.core.lock.LockToken",5,0.75,2.80,49,0.59,48724.61,6,1,1,16,7,85.88,26,59,6,1,103.76,0.00,0.00,0.40,1,7.00,8,1773.55,0,3,1,java.lang.Object,0.00,11,0,14,0,11,2,0,6,348,0
"org.apache.jackrabbit.core.lock.SessionLockManager",12,0.20,1.92,78,1.01,29665.15,16,4,15,38,10,97.23,60,113,2,1,115.10,0.00,0.00,0.44,1,0.00,4,3031.52,0,3,8,java.lang.Object,0.00,26,0,23,0,26,9,1,16,632,1
"org.apache.jackrabbit.core.lock.TestAll",1,0.00,1.00,5,0.04,864.35,1,0,3,3,1,73.32,10,7,0,2,121.80,0.00,0.50,0.00,0,1.00,1,115.51,0,1,1,junit.framework.TestCase,0.00,2,1,1,0,2,0,0,2,31,1
"org.apache.jackrabbit.core.lock.XAEnvironment",14,0.14,3.00,142,1.75,66649.51,27,13,12,63,9,56.38,118,185,2,1,104.48,0.00,0.00,0.21,4,0.00,7,5264.45,0,4,7,java.lang.Object,0.00,49,0,42,0,49,10,0,34,1002,0
"org.apache.jackrabbit.core.lock.XAEnvironment$LockInfo",8,0.21,1.38,30,0.29,3877.26,10,2,12,9,4,114.11,44,46,0,2,131.98,0.00,0.50,0.31,0,26.00,2,870.05,1,0,4,org.apache.jackrabbit.core.lock.AbstractLockInfo,0.10,1,1,11,0,1,8,0,10,212,0
"org.apache.jackrabbit.core.lock.XALock",2,1.00,2.00,10,0.09,1265.31,3,1,3,5,4,74.60,16,15,1,2,122.71,0.00,0.50,0.50,0,2.00,3,275.76,1,0,4,org.apache.jackrabbit.core.lock.LockImpl,0.17,3,1,4,0,3,2,0,4,69,0
"org.apache.jackrabbit.core.lock.XALockManager",21,0.10,1.90,119,1.35,37416.41,24,3,10,53,12,119.41,86,162,2,1,119.18,0.00,0.00,0.43,3,0.00,3,4042.08,0,4,11,java.lang.Object,0.00,32,0,40,0,32,17,2,27,871,1
"org.apache.jackrabbit.core.retention.HoldImpl",9,0.12,1.56,52,0.61,15602.90,17,8,11,26,12,169.32,17,63,4,1,119.32,0.00,0.00,0.24,0,10.00,3,1823.38,0,5,8,java.lang.Object,0.00,17,0,14,0,17,4,1,7,398,0
"org.apache.jackrabbit.core.retention.HoldTest",5,1.00,2.40,41,0.46,10645.57,6,1,6,16,4,160.90,8,57,1,5,110.90,0.00,0.80,0.20,0,0.00,3,1370.78,1,0,3,org.apache.jackrabbit.api.jsr283.retention.AbstractRetentionTest,0.16,11,4,12,0,11,5,0,6,288,1
"org.apache.jackrabbit.core.retention.HoldTest$Hold",2,0.00,1.00,5,0.03,405.51,2,0,6,4,0,141.60,0,7,0,1,141.60,0.00,0.00,0.00,0,2.00,1,97.95,0,1,0,java.lang.Object,0.00,2,0,2,0,2,1,0,0,30,0
"org.apache.jackrabbit.core.retention.HoldTest$Hold_0",2,0.00,1.00,5,0.03,308.41,2,0,6,3,0,142.54,0,7,0,1,142.54,0.00,0.00,0.00,0,2.00,1,86.19,0,1,0,java.lang.Object,0.00,1,0,2,0,1,1,0,0,27,0
"org.apache.jackrabbit.core.retention.HoldTest$Hold_1",2,0.00,1.00,5,0.03,459.70,2,0,6,4,0,141.17,0,7,0,1,141.17,0.00,0.00,0.00,0,2.00,1,103.16,0,1,0,java.lang.Object,0.00,2,0,2,0,2,1,0,0,31,0
"org.apache.jackrabbit.core.retention.RetentionManagerImpl",7,0.31,3.00,83,1.50,70483.46,13,6,22,42,14,100.61,30,112,3,2,100.38,0.00,0.50,0.43,0,0.00,6,4494.18,2,3,13,org.apache.jackrabbit.core.ProtectedItemModifier,0.00,35,1,21,0,35,4,1,13,806,1
"org.apache.jackrabbit.core.retention.RetentionPolicyImpl",7,0.04,1.71,36,0.36,10576.56,11,4,9,15,11,140.38,25,47,5,1,119.77,0.00,0.00,0.29,0,7.00,4,1073.92,0,3,6,java.lang.Object,0.00,8,0,12,0,8,4,1,7,252,1
"org.apache.jackrabbit.core.retention.RetentionPolicyTest",1,0.00,2.00,6,0.04,531.50,1,0,3,4,3,120.59,4,10,1,5,120.35,0.00,0.80,0.00,0,0.00,2,130.20,0,0,2,org.apache.jackrabbit.api.jsr283.retention.AbstractRetentionTest,0.00,3,4,2,0,3,1,0,2,33,1
"org.apache.jackrabbit.core.retention.RetentionPolicyTest$RetentionPolicy",1,0.00,1.00,3,0.01,111.66,1,0,3,1,0,137.08,0,4,0,1,137.08,0.00,0.00,0.00,0,1.00,1,41.22,0,1,0,java.lang.Object,0.00,0,0,1,0,0,0,0,0,14,0
"org.apache.jackrabbit.core.retention.RetentionRegistry",2,0.00,1.00,3,0.03,182.53,2,0,2,2,8,205.56,3,4,7,1,155.56,0.00,0.00,0.00,0,2.00,1,81.08,0,0,1,,0.00,0,0,2,0,0,2,0,1,26,1
"org.apache.jackrabbit.core.retention.RetentionRegistryImpl",11,0.19,4.27,143,2.08,75235.23,20,9,31,72,21,66.69,69,195,3,1,98.91,0.00,0.00,0.28,4,10.00,11,6234.58,0,0,18,java.lang.Object,0.00,61,0,47,0,61,11,2,40,1136,1
"org.apache.jackrabbit.core.retention.RetentionRegistryImpl$PathMap.ElementVisitor",1,0.00,2.00,5,0.07,1071.98,1,0,31,6,1,120.91,0,7,0,1,120.91,0.00,0.00,0.00,0,1.00,2,207.27,0,0,1,java.lang.Object,0.00,5,0,2,0,5,1,0,0,49,0
"org.apache.jackrabbit.core.retention.RetentionRegistryImpl$PathMap.ElementVisitor_0",1,0.00,1.00,4,0.04,468.01,1,0,31,4,1,127.51,0,5,0,1,127.51,0.00,0.00,0.00,0,1.00,1,129.96,0,0,1,java.lang.Object,0.00,3,0,1,0,3,1,0,0,34,0
"org.apache.jackrabbit.core.retention.TestAll",1,0.00,1.00,6,0.05,1283.53,1,0,3,3,2,75.20,7,8,0,2,117.50,0.00,0.50,0.00,0,1.00,1,150.40,0,1,2,junit.framework.TestCase,0.00,2,1,1,0,2,0,0,2,39,1
"org.apache.jackrabbit.spi.commons.query.sql.Parser",33,0.07,5.55,641,7.43,519405.07,65,32,23,99,16,139.86,46,827,1,1,89.86,0.00,0.00,0.10,22,300.00,33,22279.48,0,23,15,java.lang.Object,0.00,66,0,183,0,66,10,0,30,3954,1
"org.apache.jackrabbit.spi.commons.query.sql.Parser$ColumnOrWildcard",0,0.00,0.00,4,0.02,232.53,3,3,23,0,0,171.00,0,5,0,1,171.00,0.00,0.00,0.00,0,0.00,0,66.44,0,0,0,java.lang.Object,0.00,0,0,0,0,0,0,0,0,20,2
"org.apache.jackrabbit.j.AbstractConfig",6,0.00,2.33,45,0.61,17963.86,9,3,9,30,5,161.91,10,61,3,1,111.91,0.00,0.00,0.33,1,10.00,4,1817.27,0,1,2,java.lang.Object,0.00,24,0,14,3,24,5,0,3,369,2
"org.apache.jackrabbit.j.BootstrapConfig",12,0.04,1.17,40,0.28,4197.02,17,5,3,22,5,183.14,15,55,4,2,133.14,0.00,0.50,0.23,0,42.00,3,839.56,2,4,3,org.apache.jackrabbit.j2ee.AbstractConfig,0.22,10,1,14,0,10,8,0,1,229,1
"org.apache.jackrabbit.j.Installer",4,0.31,4.00,77,1.06,40225.14,17,13,11,28,1,109.60,72,99,1,1,91.46,0.00,0.00,0.31,2,0.00,10,3185.35,0,0,0,java.lang.Object,0.00,24,0,16,0,24,4,0,20,571,1
"org.apache.jackrabbit.j.JCRWebdavServerServlet",1,0.00,1.00,3,0.03,323.38,1,0,1,3,2,85.33,8,6,0,4,133.44,0.00,0.75,0.00,0,1.00,1,98.54,0,1,2,org.apache.jackrabbit.webdav.jcr.JCRWebdavServerServlet,0.07,2,3,1,0,2,0,0,2,29,1
"org.apache.jackrabbit.j.JNDIConfig",10,0.03,1.50,38,0.37,6417.74,14,4,5,25,3,181.00,16,54,2,2,131.00,0.00,0.50,0.22,0,38.00,3,1121.64,1,3,2,org.apache.jackrabbit.j2ee.AbstractConfig,0.12,15,1,15,0,15,7,0,4,263,1
"org.apache.jackrabbit.j.JcrApiNotFoundException",1,1.00,1.00,4,0.03,396.24,2,1,0,1,1,83.96,11,6,0,3,128.08,0.00,0.67,0.00,0,1.00,1,97.38,0,0,1,org.apache.jackrabbit.j2ee.ServletExceptionWithCause,0.00,0,2,1,0,0,1,0,3,27,1
"org.apache.jackrabbit.j.JcrRemotingServlet",1,0.00,1.00,3,0.04,346.31,1,0,1,3,2,90.91,7,5,0,5,133.20,0.00,0.80,0.00,0,1.00,1,107.71,0,1,2,org.apache.jackrabbit.server.remoting.davex.JcrRemotingServlet,0.07,2,4,1,0,2,0,0,2,31,1
"org.apache.jackrabbit.j.LoggingServlet",4,1.00,3.00,40,0.50,16153.22,5,1,20,28,1,114.18,68,64,0,2,105.05,0.00,0.50,0.25,3,6.00,6,1513.82,0,0,1,javax.servlet.http.HttpServlet,0.00,24,1,12,0,24,4,0,12,294,1
"org.apache.jackrabbit.j.LoggingServlet$ContextResolver",1,0.00,4.00,13,0.17,5567.46,1,0,20,11,0,99.63,0,20,0,1,99.63,0.00,0.00,0.00,0,1.00,4,505.13,0,1,0,java.lang.Object,0.00,10,0,4,0,10,0,1,0,98,1
"org.apache.jackrabbit.j.RMIConfig",15,0.02,1.53,62,0.68,30784.38,22,7,7,30,3,162.25,32,86,2,2,122.36,0.00,0.50,0.16,0,72.00,9,2032.85,1,5,2,org.apache.jackrabbit.j2ee.AbstractConfig,0.10,15,1,23,0,15,10,0,15,428,1
"org.apache.jackrabbit.j.RepositoryAccessServlet",10,0.08,3.80,115,1.35,51864.08,17,7,18,52,7,52.59,99,170,4,2,102.59,0.00,0.50,0.21,4,6.00,10,4059.04,0,8,3,javax.servlet.http.HttpServlet,0.00,42,1,38,0,42,2,0,32,789,1
"org.apache.jackrabbit.j.RepositoryAccessServlet$ClientFactoryDelegater",1,0.00,1.00,2,0.02,146.32,1,0,18,1,0,142.72,0,4,0,1,142.72,0.00,0.00,0.00,0,1.00,1,58.53,0,1,0,java.lang.Object,0.00,0,0,1,0,0,0,0,0,18,3
"org.apache.jackrabbit.j.RepositoryAccessServlet$RMIClientFactoryDelegater",1,1.00,1.00,5,0.06,878.60,2,1,18,5,1,171.75,1,8,0,2,121.75,0.00,0.50,0.00,0,1.00,1,190.92,0,1,1,org.apache.jackrabbit.j2ee.ClientFactoryDelegater,0.00,4,1,1,0,4,0,0,1,46,2
"org.apache.jackrabbit.j.RepositoryStartupServlet",21,0.05,3.24,201,2.64,121943.68,29,8,34,91,13,85.35,295,309,1,3,105.49,0.00,0.67,0.17,11,62.00,12,7931.47,2,6,12,org.apache.jackrabbit.servlet.AbstractRepositoryServlet,0.33,70,2,68,0,70,15,0,67,1460,1
"org.apache.jackrabbit.j.RepositoryStartupServlet$RMIRemoteFactoryDelegater",1,0.00,1.00,4,0.04,639.67,2,1,34,3,2,126.45,0,8,0,2,126.45,0.00,0.50,1.00,0,0.00,1,132.92,0,1,2,org.apache.jackrabbit.j2ee.RemoteFactoryDelegater,0.00,2,1,1,0,2,0,0,0,34,2
"org.apache.jackrabbit.j.RepositoryStartupServlet$RMIServerSocketFactory",1,0.00,1.00,3,0.03,373.67,1,0,34,2,0,132.94,0,4,0,1,132.94,0.00,0.00,0.00,0,1.00,1,78.32,0,1,0,java.lang.Object,0.00,1,0,1,0,1,0,0,0,22,0
"org.apache.jackrabbit.j.RepositoryStartupServlet$RemoteFactoryDelegater",1,0.00,1.00,2,0.02,121.82,1,0,34,1,0,143.35,0,4,0,1,143.35,0.00,0.00,0.00,0,1.00,1,48.73,0,1,0,java.lang.Object,0.00,0,0,1,0,0,0,0,0,16,3
"org.apache.jackrabbit.j.RepositoryStartupServlet$RepositoryFactory",1,0.00,2.00,7,0.04,1173.50,1,0,34,2,0,115.15,0,9,0,1,115.15,0.00,0.00,0.00,0,0.00,2,131.19,0,1,0,java.lang.Object,0.00,1,0,2,0,1,0,0,0,33,0
"org.apache.jackrabbit.j.ServletExceptionWithCause",1,1.00,2.00,6,0.05,687.61,2,1,1,3,5,109.11,15,9,5,2,119.47,1.00,0.33,0.00,0,1.00,2,156.28,0,0,0,javax.servlet.ServletException,0.00,2,1,2,1,2,1,0,3,40,1
"org.apache.jackrabbit.j.SimpleWebdavServlet",2,1.00,1.50,8,0.07,1118.48,3,1,1,4,2,78.33,20,12,0,4,126.81,0.00,0.75,0.50,0,2.00,2,216.88,0,1,2,org.apache.jackrabbit.webdav.simple.SimpleWebdavServlet,0.06,2,3,3,0,2,1,0,4,57,1
"org.apache.jackrabbit.benchmark.AbstractBenchmarkTest",4,0.11,2.00,37,0.47,11102.36,10,6,9,15,3,158.13,7,49,2,4,108.13,0.67,0.50,0.08,2,6.00,3,1405.61,2,1,1,org.apache.jackrabbit.test.AbstractJCRTest,0.33,11,3,8,2,11,3,0,5,281,1
"org.apache.jackrabbit.benchmark.AbstractBenchmarkTest$ContentGenerator",2,2.00,1.50,11,0.08,1201.62,4,2,9,2,0,122.95,0,16,0,2,122.95,0.00,0.50,0.00,0,2.00,2,229.72,0,0,0,java.io.InputStream,0.00,0,1,3,0,0,2,0,0,60,2
"org.apache.jackrabbit.benchmark.BenchmarkSuite",1,0.00,1.00,6,0.04,402.12,1,0,1,2,5,121.46,0,8,2,2,121.46,0.00,0.50,0.00,0,1.00,1,111.72,0,0,3,junit.framework.TestSuite,0.00,1,1,1,0,1,1,0,0,32,1
"org.apache.jackrabbit.benchmark.BigCollectionTest",14,0.38,2.07,81,1.12,48430.35,16,2,6,31,2,156.78,40,102,1,5,116.89,0.00,0.80,0.14,3,38.00,9,3350.74,1,1,1,org.apache.jackrabbit.benchmark.AbstractBenchmarkTest,0.26,17,4,29,0,17,13,0,10,619,1
"org.apache.jackrabbit.benchmark.LoginTest",5,0.33,1.40,24,0.33,9469.19,8,3,6,15,2,122.66,1,34,1,4,122.66,0.00,0.75,0.07,1,0.00,3,982.63,0,0,1,org.apache.jackrabbit.test.AbstractJCRTest,0.00,10,3,7,0,10,5,0,1,204,1
"org.apache.jackrabbit.benchmark.RefreshTest",4,1.00,1.25,19,0.27,7397.36,5,1,6,11,2,143.38,13,25,1,5,122.76,0.00,0.80,0.25,2,6.00,2,808.04,0,1,1,org.apache.jackrabbit.benchmark.AbstractBenchmarkTest,0.18,7,4,5,0,7,3,0,3,162,1
"org.apache.jackrabbit.core.persistence.bundle.util.BundleBinding",8,0.19,11.38,389,6.46,645868.03,11,3,26,108,20,68.61,130,521,4,2,69.09,0.00,0.50,0.50,3,0.00,27,19386.78,9,1,17,org.apache.jackrabbit.core.persistence.bundle.util.ItemStateBinding,0.00,100,1,91,0,100,7,0,70,2958,1
"org.apache.jackrabbit.core.persistence.bundle.util.BundleCache",8,0.19,1.88,54,0.64,28496.93,14,6,4,20,3,63.86,72,69,1,1,113.86,0.00,0.00,0.33,0,0.00,5,1911.16,0,0,2,java.lang.Object,0.00,12,0,15,0,12,8,0,18,397,1
"org.apache.jackrabbit.core.persistence.bundle.util.BundleCache$Entry",1,2.00,1.00,6,0.04,560.40,3,2,4,1,1,82.77,12,8,0,1,120.33,0.00,0.00,0.00,0,1.00,1,127.05,0,0,1,java.lang.Object,0.00,0,0,1,0,0,1,0,3,36,3
"org.apache.jackrabbit.core.persistence.bundle.util.ConnectionFactory",2,0.00,5.00,21,0.36,26775.58,2,0,7,10,4,80.69,29,36,4,1,100.83,0.00,0.00,0.00,0,2.00,9,1090.36,0,1,0,java.lang.Object,0.00,8,0,10,0,8,1,0,9,193,1
"org.apache.jackrabbit.core.persistence.bundle.util.ConnectionRecoveryManager",14,0.07,3.07,154,1.75,66532.23,26,12,11,48,7,73.56,186,211,6,1,102.94,0.00,0.00,0.15,8,58.00,7,5246.88,0,7,1,java.lang.Object,0.00,34,0,43,0,34,7,0,37,1025,1
"org.apache.jackrabbit.core.persistence.bundle.util.ConnectionRecoveryManager$StreamWrapper",1,2.00,1.00,6,0.04,562.20,3,2,11,1,0,72.21,8,8,0,1,120.32,0.00,0.00,0.00,0,1.00,1,134.95,0,0,0,java.lang.Object,0.00,0,0,1,0,0,1,0,1,37,2
"org.apache.jackrabbit.core.persistence.bundle.util.DbNameIndex",8,0.14,2.62,83,0.94,35364.58,14,6,5,25,7,62.48,61,121,5,1,104.77,0.00,0.00,0.29,2,10.00,4,2822.16,0,2,2,java.lang.Object,0.00,17,0,21,2,17,6,1,18,556,1
"org.apache.jackrabbit.core.persistence.bundle.util.ErrorHandling",4,0.11,1.75,21,0.20,4947.14,7,3,2,13,4,88.23,27,28,4,1,120.45,0.00,0.00,0.42,0,0.00,3,600.67,0,1,0,java.lang.Object,0.00,9,0,7,0,9,3,0,8,142,2
"org.apache.jackrabbit.core.persistence.bundle.util.HashMapIndex",5,0.35,2.80,63,0.73,28108.64,10,5,9,31,4,56.85,56,82,1,1,100.98,0.00,0.00,0.48,2,0.00,5,2203.58,0,1,3,java.lang.Object,0.00,26,0,14,0,26,4,1,11,444,1
"org.apache.jackrabbit.core.persistence.bundle.util.ItemStateBinding",21,0.04,2.00,186,2.22,78540.30,30,9,21,78,16,59.02,198,207,1,1,109.02,0.00,0.00,0.07,11,128.00,8,6667.26,0,8,15,java.lang.Object,0.00,57,0,42,1,57,13,0,63,1304,1
"org.apache.jackrabbit.core.persistence.bundle.util.LRUNodeIdCache",4,0.33,2.00,25,0.30,8154.80,9,5,4,13,2,65.75,38,34,1,1,115.75,0.00,0.00,0.45,0,0.00,3,897.41,0,0,1,java.lang.Object,0.00,9,0,8,0,9,4,0,10,194,1
"org.apache.jackrabbit.core.persistence.bundle.util.NGKDbNameIndex",3,0.00,1.33,14,0.15,3065.56,3,0,1,6,3,76.67,24,23,1,2,124.78,0.00,0.50,0.00,0,1.00,2,449.79,1,0,2,org.apache.jackrabbit.core.persistence.bundle.util.DbNameIndex,0.00,3,1,4,0,3,3,0,5,103,1
"org.apache.jackrabbit.core.persistence.bundle.util.NodePropBundle",34,0.03,1.29,137,1.56,31245.85,48,14,20,97,20,92.93,219,185,8,1,125.15,0.00,0.00,0.10,4,510.00,5,4671.46,0,11,13,java.lang.Object,0.00,63,0,44,0,63,23,0,72,1002,1
"org.apache.jackrabbit.core.persistence.bundle.util.NodePropBundle$ChildNodeEntry",3,0.25,1.00,10,0.06,727.65,5,2,20,3,2,102.20,19,14,0,1,134.42,0.00,0.00,0.33,0,5.00,1,180.64,0,2,2,java.lang.Object,0.00,0,0,3,0,0,1,0,5,53,2
"org.apache.jackrabbit.core.persistence.bundle.util.NodePropBundle$PropertyEntry",18,0.02,1.28,60,0.50,10157.27,25,7,20,26,6,113.61,97,82,0,1,131.48,0.00,0.00,0.13,0,146.00,5,1508.40,0,5,6,java.lang.Object,0.00,8,0,23,0,8,13,0,26,364,2
"org.apache.jackrabbit.core.persistence.bundle.util.PostgreSQLNameIndex",4,0.67,1.75,28,0.28,7230.59,5,1,2,11,3,81.48,26,42,1,2,113.70,0.00,0.50,0.50,1,0.00,3,852.07,0,0,2,org.apache.jackrabbit.core.persistence.bundle.util.DbNameIndex,0.00,7,1,7,0,7,4,0,5,183,1
"org.apache.jackrabbit.core.persistence.bundle.util.TrackingInputStream",11,0.23,1.36,40,0.32,7877.35,14,3,2,18,3,130.88,47,56,3,2,130.65,0.00,0.50,0.55,0,0.00,2,948.04,0,0,0,java.io.InputStream,0.00,7,1,15,0,7,11,0,15,241,1
"org.apache.jackrabbit.core.security.AMContext",8,0.02,1.00,30,0.21,2832.21,15,7,8,8,14,85.02,71,45,9,1,133.13,0.00,0.00,0.12,0,50.00,1,637.61,0,7,5,java.lang.Object,0.00,0,0,8,0,0,1,0,15,162,1
"org.apache.jackrabbit.core.security.AbstractAccessControlManager",11,0.80,1.00,35,0.38,5081.92,12,1,15,16,11,100.00,73,44,1,1,132.22,0.00,0.00,0.27,4,26.00,1,1132.55,0,6,10,java.lang.Object,0.00,5,0,11,4,5,5,1,15,266,2
"org.apache.jackrabbit.core.security.AccessControlPolicyIteratorAdapter",4,1.00,1.00,10,0.08,1359.33,5,1,8,6,6,97.55,31,17,2,2,139.84,0.00,0.50,0.00,0,4.00,1,249.48,1,1,4,org.apache.jackrabbit.commons.iterator.RangeIteratorDecorator,0.00,2,1,4,0,2,3,1,7,71,1
"org.apache.jackrabbit.core.security.AccessManager",10,3.00,1.00,14,0.14,769.24,13,3,8,10,20,126.77,136,18,14,1,156.15,0.00,0.00,0.00,0,10.00,1,420.62,0,0,6,,0.00,0,0,10,0,0,10,0,14,123,1
"org.apache.jackrabbit.core.security.AccessManagerTest",14,1.00,1.57,95,1.47,32522.20,15,1,21,43,13,135.98,49,119,1,4,115.36,0.00,0.75,0.00,2,0.00,3,4418.50,0,2,12,org.apache.jackrabbit.test.AbstractJCRTest,0.00,29,3,22,0,29,12,0,19,905,1
"org.apache.jackrabbit.core.security.AnonymousPrincipal",5,0.75,1.40,15,0.09,1193.85,6,1,2,6,3,174.28,10,23,3,1,134.40,0.00,0.00,0.40,0,7.00,3,272.29,0,2,0,java.lang.Object,0.00,1,0,7,0,1,3,2,4,77,2
"org.apache.jackrabbit.core.security.AuthContext",0,0.00,0.00,3,0.06,1351.06,0,0,8,0,3,171.00,23,4,0,1,171.00,0.00,0.00,0.00,0,0.00,0,187.65,0,0,3,java.lang.Object,0.00,0,0,0,0,0,0,1,3,45,2
"org.apache.jackrabbit.core.security.AuthContext$JAAS",1,0.00,1.00,3,0.05,489.20,1,0,8,2,2,89.73,7,5,0,2,132.02,0.00,0.50,0.00,0,1.00,1,146.57,0,0,2,org.apache.jackrabbit.core.security.authentication.JAASAuthContext,0.00,1,1,1,0,1,1,0,1,38,2
"org.apache.jackrabbit.core.security.AuthContext$Local",4,0.25,2.00,28,0.28,8638.75,8,4,8,11,2,113.29,16,42,0,2,113.06,0.00,0.50,0.06,1,6.00,4,830.30,0,1,2,org.apache.jackrabbit.core.security.authentication.AuthContext,0.86,7,1,8,0,7,3,0,4,184,2
"org.apache.jackrabbit.core.security.CredentialsCallback",0,0.00,0.00,1,0.02,184.37,0,0,0,0,1,171.00,5,2,0,2,171.00,0.00,0.50,0.00,0,0.00,0,64.53,0,0,1,org.apache.jackrabbit.core.security.authentication.CredentialsCallback,0.00,0,1,0,0,0,0,0,1,18,1
"org.apache.jackrabbit.core.security.CredentialsCallbackHandler",1,0.00,1.00,3,0.04,326.28,1,0,1,1,3,115.54,5,5,2,2,133.41,0.00,0.50,0.00,0,1.00,1,110.99,0,0,1,org.apache.jackrabbit.core.security.authentication.CallbackHandlerImpl,0.00,0,1,1,0,0,1,0,1,32,1
"org.apache.jackrabbit.core.security.DefaultAccessManager",24,0.07,2.17,163,1.94,55570.58,34,10,33,65,26,97.43,120,219,2,2,115.30,0.00,0.50,0.17,6,174.00,7,5810.08,0,7,24,org.apache.jackrabbit.core.security.AbstractAccessControlManager,0.11,41,1,52,0,41,17,1,38,1170,1
"org.apache.jackrabbit.core.security.DefaultAccessManager$CompiledPermissions",4,0.00,1.00,8,0.04,326.02,4,0,33,4,2,144.72,2,12,0,1,144.72,0.00,0.00,0.00,0,4.00,1,129.65,0,0,2,java.lang.Object,0.00,0,0,4,0,0,4,0,2,41,0
"org.apache.jackrabbit.core.security.DefaultAccessManager$WorkspaceAccess",2,1.00,3.00,24,0.21,5993.67,6,4,33,6,1,153.11,2,31,0,1,103.11,0.00,0.00,0.75,0,0.00,4,641.76,0,0,1,java.lang.Object,0.00,4,0,6,0,4,2,0,2,144,1
"org.apache.jackrabbit.core.security.JackrabbitAccessControlManager",1,0.00,1.00,2,0.02,122.23,1,0,7,1,7,169.62,19,3,4,2,143.33,0.00,0.50,0.00,0,1.00,1,61.11,0,1,3,,0.00,0,1,1,0,0,0,0,2,19,1
"org.apache.jackrabbit.core.security.JackrabbitSecurityManager",8,0.00,1.00,9,0.08,458.39,8,0,9,8,6,114.86,56,10,1,1,157.15,0.00,0.00,0.00,0,8.00,1,239.01,0,5,5,,0.00,0,0,8,0,0,3,0,8,76,1
"org.apache.jackrabbit.core.security.SecurityConstants",0,0.00,0.00,6,0.05,476.87,5,5,0,0,10,171.00,23,7,10,1,171.00,0.00,0.00,0.00,0,0.00,0,143.06,0,0,0,,0.00,0,0,0,0,0,0,0,6,35,1
"org.apache.jackrabbit.core.security.SimpleAccessManager",0,0.00,0.00,1,0.02,184.37,0,0,0,0,1,171.00,5,2,0,3,171.00,0.00,0.67,0.00,0,0.00,0,64.53,0,0,1,org.apache.jackrabbit.core.security.simple.SimpleAccessManager,0.00,0,2,0,0,0,0,0,1,18,1
"org.apache.jackrabbit.core.security.SimpleJBossAccessManager",11,0.07,1.45,44,0.64,17918.04,14,3,17,30,8,173.16,19,67,0,1,123.16,0.00,0.00,0.27,2,23.00,4,1932.66,0,0,8,java.lang.Object,0.00,19,0,16,0,19,11,1,7,391,1
"org.apache.jackrabbit.core.security.SimpleLoginModule",0,0.00,0.00,1,0.02,184.37,0,0,0,0,1,171.00,5,2,0,3,171.00,0.00,0.67,0.00,0,0.00,0,64.53,0,0,1,org.apache.jackrabbit.core.security.simple.SimpleLoginModule,0.00,0,2,0,0,0,0,0,1,18,1
"org.apache.jackrabbit.core.security.SystemPrincipal",5,0.75,1.40,15,0.09,1193.85,6,1,2,6,5,174.28,10,23,5,1,134.40,0.00,0.00,0.40,0,7.00,3,272.29,0,2,0,java.lang.Object,0.00,1,0,7,0,1,3,2,4,77,2
"org.apache.jackrabbit.core.security.TestAll",1,0.00,1.00,5,0.04,864.35,1,0,3,3,1,103.93,5,7,0,2,121.80,0.00,0.50,0.00,0,1.00,1,115.51,0,1,1,junit.framework.TestCase,0.00,2,1,1,0,2,0,0,1,31,1
"org.apache.jackrabbit.core.security.TestPrincipal",4,0.17,2.00,16,0.16,3782.49,6,2,3,8,5,174.95,5,23,5,1,124.95,0.00,0.00,0.38,0,0.00,4,480.51,0,1,0,java.lang.Object,0.00,4,0,8,0,4,3,1,1,115,1
"org.apache.jackrabbit.core.security.UserPrincipal",5,0.25,1.60,19,0.14,3004.05,6,1,2,8,2,171.10,13,28,2,1,131.21,0.00,0.00,0.80,0,0.00,3,427.63,0,2,0,java.lang.Object,0.00,3,0,8,0,3,3,2,4,110,1
"org.apache.jackrabbit.jcr.DefaultVersionManager",13,1.00,1.00,28,0.31,3541.55,14,1,10,17,5,140.59,4,42,0,1,140.59,0.00,0.00,0.08,0,24.00,1,935.42,0,4,5,java.lang.Object,0.00,4,0,13,0,4,9,1,2,236,1
"org.apache.jackrabbit.jcr.LabelTest",5,0.00,1.00,32,0.44,6611.24,5,0,5,17,2,117.39,0,38,1,6,117.39,0.00,0.83,0.00,0,0.00,1,1327.53,0,0,1,org.apache.jackrabbit.test.api.version.VersionLabelTest,0.00,12,5,5,0,12,5,0,0,282,1
"org.apache.jackrabbit.jcr.TestAll",1,0.00,1.00,5,0.04,864.35,1,0,3,3,2,142.42,3,7,1,2,121.80,0.00,0.50,0.00,0,1.00,1,115.51,0,1,1,junit.framework.TestCase,0.00,2,1,1,0,2,0,0,1,31,1
"org.apache.jackrabbit.jcr.VersionHistoryImpl",22,0.17,1.86,153,1.93,51170.87,25,3,29,65,14,73.03,161,186,2,3,115.32,0.00,0.67,0.17,6,138.00,3,5789.86,6,11,12,org.apache.jackrabbit.jcr2spi.NodeImpl,0.04,43,2,41,0,43,11,1,36,1176,1
"org.apache.jackrabbit.jcr.VersionImpl",9,1.00,1.56,43,0.44,14993.61,10,1,17,19,8,90.85,59,57,2,3,123.07,0.00,0.67,0.11,1,23.00,4,1315.13,6,5,6,org.apache.jackrabbit.jcr2spi.NodeImpl,0.05,10,2,14,0,10,4,1,16,292,1
"org.apache.jackrabbit.jcr.VersionManager",13,0.00,1.00,14,0.23,1440.55,13,0,16,13,13,104.90,123,15,9,1,154.90,0.00,0.00,0.00,0,13.00,1,676.41,0,4,4,,0.00,0,0,13,0,0,9,0,14,181,1
"org.apache.jackrabbit.jcr.VersionManagerImpl",14,0.12,1.71,84,1.27,46793.52,16,2,25,46,21,164.10,22,107,1,1,114.10,0.00,0.00,0.39,0,0.00,6,3820.30,0,4,20,java.lang.Object,0.00,32,0,24,0,32,10,1,13,756,1
"org.apache.jackrabbit.ocm.manager.version.AllTests",2,0.00,1.00,8,0.06,1287.47,2,0,3,5,4,147.04,7,11,1,1,126.42,0.00,0.00,0.00,1,2.00,1,190.58,0,2,3,java.lang.Object,0.00,3,0,2,0,3,0,0,3,50,1
"org.apache.jackrabbit.ocm.manager.version.AnnotationBasicVersionningTest",6,0.60,3.67,163,2.76,134005.45,7,1,16,60,7,122.95,14,224,2,4,83.06,0.00,0.75,0.50,0,6.00,6,8270.99,1,1,5,org.apache.jackrabbit.ocm.AnnotationTestBase,0.00,54,3,22,0,54,5,0,7,1340,1
"org.apache.jackrabbit.ocm.manager.version.DigesterBasicVersionningTest",4,1.00,2.50,79,1.31,62248.28,5,1,12,41,7,129.96,11,108,2,4,90.08,0.00,0.75,0.25,0,6.00,6,3930.79,1,1,5,org.apache.jackrabbit.ocm.DigesterTestBase,0.00,37,3,10,0,37,3,0,4,655,1
"org.apache.jackrabbit.core.query.AbstractIndexingTest",3,0.25,1.00,15,0.12,1467.96,5,2,2,7,5,163.63,8,19,2,5,123.75,0.75,0.50,0.67,0,0.00,1,353.22,3,1,3,org.apache.jackrabbit.core.query.AbstractQueryTest,0.29,4,4,3,3,4,2,0,3,90,1
"org.apache.jackrabbit.core.query.AbstractQueryHandler",11,0.08,1.18,32,0.28,4342.68,16,5,6,20,6,97.00,83,47,0,1,139.29,0.00,0.00,0.13,1,62.00,3,850.13,0,4,6,java.lang.Object,0.00,9,0,13,1,9,7,1,18,213,2
"org.apache.jackrabbit.core.query.AbstractQueryImpl",3,0.00,1.00,4,0.08,609.76,3,0,7,3,6,115.26,36,17,2,1,152.82,0.00,0.00,0.00,0,3.00,1,237.77,0,0,4,java.lang.Object,0.00,0,0,3,2,0,3,1,4,60,2
"org.apache.jackrabbit.core.query.AbstractQueryTest",12,0.23,2.08,99,1.21,40140.73,14,2,18,50,28,77.17,80,112,24,4,109.39,9.00,0.10,0.29,1,38.00,5,3626.19,2,2,4,org.apache.jackrabbit.test.AbstractJCRTest,0.25,38,3,25,27,38,10,0,15,724,1
"org.apache.jackrabbit.core.query.AbstractQueryTest$NodeIteratorAdapter",1,0.00,2.00,6,0.07,1693.22,1,0,18,5,0,116.39,0,9,0,1,116.39,0.00,0.00,0.00,0,1.00,2,208.76,1,1,0,java.lang.Object,0.00,4,0,2,0,4,0,0,0,48,0
"org.apache.jackrabbit.core.query.ChildAxisQueryTest",8,0.00,1.00,154,3.05,136602.06,8,0,7,19,2,89.97,7,187,1,5,89.97,0.00,0.80,0.00,0,0.00,1,9147.26,2,0,1,org.apache.jackrabbit.core.query.AbstractQueryTest,0.00,11,4,8,0,11,8,0,2,1629,1
"org.apache.jackrabbit.core.query.DerefTest",5,0.53,1.20,82,1.16,32127.72,14,9,7,24,2,53.76,35,106,1,5,96.06,0.00,0.80,0.53,0,0.00,2,3487.69,3,0,1,org.apache.jackrabbit.core.query.AbstractQueryTest,0.27,19,4,6,0,19,5,0,8,664,1
"org.apache.jackrabbit.core.query.ExcerptTest",15,0.46,1.07,45,0.42,5541.20,17,2,6,24,2,182.97,15,83,1,5,132.97,0.00,0.80,0.07,4,54.00,2,1267.62,1,3,1,org.apache.jackrabbit.core.query.AbstractQueryTest,0.00,9,4,16,0,9,12,0,1,313,1
"org.apache.jackrabbit.core.query.ExecutableQuery",2,0.00,1.00,3,0.03,127.55,2,0,4,2,4,112.66,23,5,3,1,156.79,0.00,0.00,0.00,0,2.00,1,79.75,0,1,1,,0.00,0,0,2,0,0,1,0,3,26,1
"org.apache.jackrabbit.core.query.FnNameQueryTest",2,0.00,1.00,22,0.36,12019.26,2,0,2,5,2,152.40,3,32,1,5,102.40,0.00,0.80,0.00,0,0.00,1,1090.24,1,0,1,org.apache.jackrabbit.core.query.AbstractQueryTest,0.00,3,4,2,0,3,2,0,1,213,1
"org.apache.jackrabbit.core.query.FulltextQueryTest",14,0.00,1.21,162,2.76,69425.00,14,0,4,30,2,153.01,16,200,1,5,103.01,0.00,0.80,0.00,1,0.00,4,8265.35,1,0,1,org.apache.jackrabbit.core.query.AbstractQueryTest,0.00,16,4,17,0,16,14,0,7,1522,1
"org.apache.jackrabbit.core.query.IndexFormatVersionTest",4,0.00,1.00,15,0.18,2765.50,4,0,6,13,6,180.84,4,25,1,4,130.84,0.00,0.75,0.00,1,6.00,1,545.37,0,0,5,org.apache.jackrabbit.test.AbstractJCRTest,0.00,9,3,4,0,9,4,0,1,121,1
"org.apache.jackrabbit.core.query.IndexingAggregateTest",5,0.00,2.00,107,1.58,66624.35,5,0,13,38,3,128.92,10,111,1,6,89.04,0.00,0.83,0.00,2,2.00,3,4734.79,2,1,2,org.apache.jackrabbit.core.query.AbstractIndexingTest,0.00,33,5,10,0,33,4,0,7,823,1
"org.apache.jackrabbit.core.query.IndexingAggregateTest$NodeCreationCallback",1,0.00,2.00,6,0.08,1456.97,1,0,13,5,0,166.90,1,9,0,1,116.90,0.00,0.00,0.00,0,1.00,2,250.76,0,0,0,java.lang.Object,0.00,4,0,2,0,4,1,0,1,53,0
"org.apache.jackrabbit.core.query.IndexingAggregateTest$NodeCreationCallback_0",1,0.00,1.00,2,0.02,99.33,1,0,13,1,0,144.04,0,3,0,1,144.04,0.00,0.00,0.00,0,1.00,1,49.66,0,0,0,,0.00,0,0,1,0,0,1,0,0,16,2
"org.apache.jackrabbit.core.query.IndexingRuleTest",5,0.12,1.20,70,1.09,32374.99,7,2,8,25,2,148.19,5,85,1,6,98.19,0.00,0.83,0.60,0,0.00,2,3267.74,2,0,1,org.apache.jackrabbit.core.query.AbstractIndexingTest,0.00,20,5,6,0,20,5,0,3,602,1
"org.apache.jackrabbit.core.query.LimitAndOffsetTest",9,0.44,1.00,85,0.96,29716.28,13,4,8,26,3,107.70,1,96,0,5,107.70,0.00,0.80,0.64,1,0.00,1,2888.95,2,1,3,org.apache.jackrabbit.core.query.AbstractQueryTest,0.24,17,4,9,0,17,8,0,1,627,1
"org.apache.jackrabbit.core.query.MixinTest",2,0.00,1.50,19,0.28,6400.86,2,0,5,14,3,128.32,6,28,1,5,107.71,0.00,0.80,0.00,0,2.00,2,829.53,2,0,2,org.apache.jackrabbit.core.query.AbstractQueryTest,0.15,12,4,3,0,12,2,0,4,162,1
"org.apache.jackrabbit.core.query.OnWorkspaceInconsistency",4,0.22,1.25,19,0.20,4917.24,7,3,12,10,10,80.03,46,31,2,1,124.16,0.00,0.00,0.17,0,8.00,2,613.75,0,2,8,java.lang.Object,0.00,6,0,5,0,6,2,0,8,143,2
"org.apache.jackrabbit.core.query.OnWorkspaceInconsistency$OnWorkspaceInconsistency",1,0.00,1.00,5,0.14,2784.82,1,0,12,11,8,117.80,0,18,0,1,117.80,0.00,0.00,0.00,0,0.00,1,426.72,0,0,8,java.lang.Object,0.00,10,0,1,0,10,1,0,0,83,0
"org.apache.jackrabbit.core.query.OrderByTest",21,0.00,1.19,128,1.89,65376.43,21,0,12,48,2,164.42,34,148,1,5,114.42,0.00,0.80,0.00,1,81.00,4,5667.14,3,8,1,org.apache.jackrabbit.core.query.AbstractQueryTest,0.00,27,4,25,0,27,13,0,18,1126,1
"org.apache.jackrabbit.core.query.PathQueryNodeTest",2,0.00,1.00,24,0.33,9078.93,3,1,10,10,9,101.95,0,28,1,2,101.95,0.00,0.50,1.00,0,0.00,1,976.05,0,0,8,junit.framework.TestCase,0.00,8,1,2,0,8,2,0,0,212,1
"org.apache.jackrabbit.core.query.PathQueryNodeTest$NamespaceResolver",2,0.00,2.00,7,0.07,1085.66,2,0,10,5,1,131.51,0,11,0,1,131.51,0.00,0.00,0.00,0,2.00,3,203.19,0,2,1,java.lang.Object,0.00,3,0,4,0,3,0,0,0,54,0
"org.apache.jackrabbit.core.query.PropertyTypeRegistry",6,0.05,3.00,74,0.93,49215.20,10,4,15,30,11,81.80,35,85,6,1,99.67,0.00,0.00,0.29,3,6.00,7,2789.57,0,0,5,java.lang.Object,0.00,24,0,18,0,24,6,1,14,521,1
"org.apache.jackrabbit.core.query.PropertyTypeRegistry$TypeMapping",1,3.00,1.00,8,0.06,883.86,4,3,15,1,1,134.73,3,10,0,1,114.11,0.00,0.00,0.00,0,1.00,1,188.02,0,0,1,java.lang.Object,0.00,0,0,1,0,0,1,0,3,50,2
"org.apache.jackrabbit.core.query.QueryHandler",9,0.00,1.00,10,0.08,376.15,9,0,10,9,21,110.13,75,19,13,1,158.23,0.00,0.00,0.00,0,9.00,1,250.92,0,2,9,,0.00,0,0,9,0,0,7,0,10,81,1
"org.apache.jackrabbit.core.query.QueryHandlerContext",12,0.01,1.00,45,0.34,5281.33,22,10,8,16,15,84.28,106,65,6,1,132.38,0.00,0.00,0.11,0,116.00,1,1014.75,0,8,10,java.lang.Object,0.00,4,0,12,0,4,4,0,23,245,1
"org.apache.jackrabbit.core.query.QueryImpl",14,0.04,1.57,87,1.09,28533.81,26,12,21,45,16,73.52,108,135,7,2,115.81,1.00,0.33,0.12,3,74.00,3,3256.82,0,5,9,org.apache.jackrabbit.core.query.AbstractQueryImpl,0.00,31,1,22,1,31,9,0,29,657,1
"org.apache.jackrabbit.core.query.QueryManagerImpl",7,0.11,1.14,27,0.29,4928.11,13,6,16,16,15,82.64,58,41,6,1,130.75,0.00,0.00,0.26,1,17.00,2,869.99,0,5,9,java.lang.Object,0.00,9,0,8,0,9,2,1,17,205,1
"org.apache.jackrabbit.core.query.QueryManagerImpl$QueryObjectModelFactoryImpl",1,0.00,1.00,3,0.03,351.77,1,0,16,1,3,133.15,0,6,0,1,133.15,0.00,0.00,0.00,0,0.00,1,99.18,0,1,3,java.lang.Object,0.00,0,0,1,0,0,0,0,0,26,0
"org.apache.jackrabbit.core.query.QueryObjectModelImpl",8,0.57,1.12,40,0.49,11690.35,9,1,12,18,12,87.76,48,66,1,3,119.98,0.00,0.67,0.50,0,14.00,2,1459.78,2,5,11,org.apache.jackrabbit.core.query.QueryImpl,0.00,10,2,9,0,10,3,1,14,315,1
"org.apache.jackrabbit.core.query.QueryResultTest",10,0.67,2.90,164,2.19,61233.07,11,1,6,31,2,135.90,20,164,1,5,96.02,0.00,0.80,0.40,0,0.00,4,6560.08,1,0,1,org.apache.jackrabbit.core.query.AbstractQueryTest,0.12,21,4,29,0,21,10,0,17,1155,1
"org.apache.jackrabbit.core.query.SQLTest",3,0.00,1.00,25,0.40,7450.25,3,0,3,10,2,110.58,2,33,1,5,110.58,0.00,0.80,0.00,0,0.00,1,1207.63,1,0,1,org.apache.jackrabbit.core.query.AbstractQueryTest,0.00,7,4,3,0,7,3,0,1,230,1
"org.apache.jackrabbit.core.query.SelectClauseTest",3,0.00,1.00,57,0.98,27451.34,3,0,4,10,2,142.10,3,70,1,5,92.10,0.00,0.80,0.00,0,0.00,1,2925.14,1,0,1,org.apache.jackrabbit.core.query.AbstractQueryTest,0.00,7,4,3,0,7,3,0,1,526,1
"org.apache.jackrabbit.core.query.SimpleQueryTest",19,0.00,1.00,366,6.35,288282.02,19,0,5,32,2,90.37,17,397,1,5,90.37,0.00,0.80,0.00,0,0.00,1,19038.39,1,0,1,org.apache.jackrabbit.core.query.AbstractQueryTest,0.00,13,4,19,0,13,19,0,15,3423,1
"org.apache.jackrabbit.core.query.SkipDeletedNodesTest",7,0.17,2.57,107,1.34,34237.99,9,2,8,25,2,55.57,50,124,1,5,97.86,0.00,0.80,0.64,0,0.00,3,4007.63,2,0,1,org.apache.jackrabbit.core.query.AbstractQueryTest,0.26,18,4,18,0,18,7,0,26,723,1
"org.apache.jackrabbit.core.query.SkipDeniedNodesTest",5,0.20,2.20,62,0.91,27565.06,10,5,17,36,11,101.10,4,74,1,5,101.10,0.00,0.80,0.36,3,6.00,4,2743.66,1,2,10,org.apache.jackrabbit.api.jsr283.security.AbstractAccessControlTest,0.15,31,4,11,0,31,3,0,1,524,1
"org.apache.jackrabbit.core.query.SynonymProviderTest",3,0.00,1.33,26,0.34,9995.05,3,0,2,7,2,130.12,11,28,1,5,109.51,0.00,0.80,0.00,0,0.00,2,1017.27,1,0,1,org.apache.jackrabbit.core.query.AbstractQueryTest,0.00,4,4,4,0,4,3,0,2,211,1
"org.apache.jackrabbit.core.query.TestAll",1,0.00,1.00,26,0.34,13622.87,1,0,4,3,22,37.19,10,28,0,2,85.66,0.00,0.50,0.00,0,1.00,1,1020.93,0,1,22,junit.framework.TestCase,0.00,2,1,1,0,2,0,0,2,199,1
"org.apache.jackrabbit.core.query.TextExtractorTest",4,0.17,3.00,60,0.79,29463.18,6,2,7,26,1,117.04,14,72,0,5,96.42,0.00,0.80,0.38,2,0.00,5,2359.76,1,1,1,org.apache.jackrabbit.core.query.AbstractQueryTest,0.00,22,4,12,0,22,3,0,6,436,1
"org.apache.jackrabbit.core.query.TextFilter",2,0.00,1.00,3,0.02,80.34,2,0,3,2,3,167.50,35,5,2,1,158.37,0.00,0.00,0.00,0,2.00,1,58.73,0,1,1,,0.00,0,0,2,0,0,1,0,3,21,1
"org.apache.jackrabbit.core.query.UpperLowerCaseQueryTest",14,1.00,2.14,176,3.12,145349.80,15,1,11,56,3,148.94,26,271,1,5,98.94,0.00,0.80,0.07,2,46.00,10,9355.77,3,0,2,org.apache.jackrabbit.core.query.AbstractQueryTest,0.00,42,4,30,0,42,14,1,20,1677,1
"org.apache.jackrabbit.core.query.VersionStoreQueryTest",1,0.00,1.00,16,0.26,8681.74,1,0,3,11,2,46.96,8,19,1,5,95.07,0.00,0.80,0.00,0,0.00,1,770.92,1,0,1,org.apache.jackrabbit.core.query.AbstractQueryTest,0.00,10,4,1,0,10,1,0,3,147,1
"org.apache.jackrabbit.core.query.XPathAxisTest",31,0.17,1.00,112,1.26,18650.96,37,6,2,35,2,131.32,3,144,1,5,131.32,0.00,0.80,0.33,0,0.00,1,3770.30,4,0,1,org.apache.jackrabbit.core.query.AbstractQueryTest,0.16,4,4,31,0,4,31,0,1,864,1
"org.apache.jackrabbit.core.data.AbstractDataRecord",5,0.25,1.00,12,0.09,1318.70,6,1,0,9,3,98.41,37,19,1,1,140.70,0.00,0.00,0.80,0,0.00,1,277.88,0,1,2,java.lang.Object,0.00,4,0,5,2,4,4,1,7,80,2
"org.apache.jackrabbit.core.data.CopyValueTest",4,0.00,4.75,100,1.40,106058.84,4,0,6,28,2,83.90,18,117,1,4,83.66,0.00,0.75,0.00,2,4.00,15,4188.65,0,0,1,org.apache.jackrabbit.test.AbstractJCRTest,0.00,24,3,19,0,24,4,0,8,686,1
"org.apache.jackrabbit.core.data.DBDataStoreTest",4,0.67,2.75,56,0.59,23878.92,7,3,9,26,3,138.16,8,55,0,2,98.28,0.00,0.50,0.83,0,0.00,5,1762.54,0,0,3,junit.framework.TestCase,0.00,22,1,11,0,22,4,0,8,352,1
"org.apache.jackrabbit.core.data.DataIdentifier",5,0.08,1.20,21,0.25,8547.46,8,3,1,10,15,74.94,44,26,15,1,123.04,0.00,0.00,0.27,0,5.00,2,741.12,0,1,0,java.lang.Object,0.00,5,0,6,0,5,4,1,10,168,2
"org.apache.jackrabbit.core.data.DataRecord",4,0.00,1.00,5,0.02,77.53,4,0,1,4,9,128.64,25,6,7,1,160.86,0.00,0.00,0.00,0,4.00,1,57.02,0,2,2,,0.00,0,0,4,0,0,2,0,5,25,1
"org.apache.jackrabbit.core.data.DataStore",10,0.00,1.00,11,0.06,273.04,10,0,3,10,20,109.69,94,12,17,1,159.69,0.00,0.00,0.00,0,10.00,1,192.53,0,1,3,,0.00,0,0,10,0,0,9,0,11,71,1
"org.apache.jackrabbit.core.data.DataStoreException",3,0.00,1.00,7,0.04,296.18,3,0,1,3,10,101.77,21,11,10,2,144.07,0.00,0.50,0.00,0,3.00,1,118.69,0,0,0,javax.jcr.RepositoryException,0.00,0,1,3,0,0,3,0,4,39,1
"org.apache.jackrabbit.core.data.DataStoreFactory",1,0.00,1.00,2,0.01,38.26,1,0,1,1,3,156.44,17,3,2,1,147.31,0.00,0.00,0.00,0,1.00,1,25.51,0,0,1,,0.00,0,0,1,0,0,1,0,2,11,1
"org.apache.jackrabbit.core.data.DataStoreTest",8,0.29,3.25,120,1.44,70402.27,10,2,13,55,7,145.80,14,137,1,3,95.80,0.00,0.67,0.25,4,14.00,7,4325.15,0,1,6,org.apache.jackrabbit.test.JUnitTest,0.00,47,2,26,0,47,7,0,10,806,1
"org.apache.jackrabbit.core.data.DataStoreTest$Thread",1,0.00,2.00,5,0.03,429.83,1,0,13,2,0,124.03,0,8,0,1,124.03,0.00,0.00,0.00,0,1.00,2,102.01,0,0,0,java.lang.Object,0.00,1,0,2,0,1,1,0,0,27,0
"org.apache.jackrabbit.core.data.ExportImportTest",7,0.00,2.71,116,1.59,67021.27,7,0,10,39,2,134.39,14,132,1,4,94.50,0.00,0.75,0.00,5,13.00,7,4779.81,0,0,1,org.apache.jackrabbit.test.AbstractJCRTest,0.00,32,3,19,0,32,7,0,7,862,1
"org.apache.jackrabbit.core.data.FileDataRecord",4,0.33,1.25,14,0.12,1981.24,5,1,4,10,4,114.06,21,21,1,2,131.93,0.00,0.50,0.75,0,0.00,2,348.92,0,1,3,org.apache.jackrabbit.core.data.AbstractDataRecord,0.00,6,1,5,0,6,3,0,6,90,1
"org.apache.jackrabbit.core.data.FileDataStore",19,0.01,2.32,143,1.70,77299.88,27,8,16,62,6,68.57,143,190,1,1,110.86,0.00,0.00,0.12,5,148.00,10,5114.63,0,4,5,java.lang.Object,0.00,43,0,44,0,43,15,1,35,985,1
"org.apache.jackrabbit.core.data.GCConcurrentTest",5,1.00,2.60,61,0.78,40652.25,6,1,12,34,4,99.73,4,68,1,4,99.73,0.00,0.75,0.20,3,8.00,5,2353.55,0,2,3,org.apache.jackrabbit.test.AbstractJCRTest,0.00,29,3,13,0,29,3,0,2,425,1
"org.apache.jackrabbit.core.data.GCEventListenerTest",6,0.08,2.17,63,0.76,35572.21,11,5,9,32,5,153.81,7,74,1,4,103.81,0.00,0.75,0.27,2,10.00,6,2283.72,0,1,4,org.apache.jackrabbit.test.AbstractJCRTest,0.00,26,3,13,0,26,5,1,2,404,1
"org.apache.jackrabbit.core.data.GCThread",9,0.09,1.56,42,0.44,10459.58,13,4,7,21,6,124.30,4,58,1,1,124.30,0.00,0.00,0.17,1,21.00,4,1308.09,0,1,5,java.lang.Object,0.00,12,0,14,0,12,8,2,2,279,1
"org.apache.jackrabbit.core.data.GarbageCollector",16,0.02,2.56,126,1.34,48092.89,25,9,30,54,17,79.65,109,154,4,1,111.87,0.00,0.00,0.13,6,120.00,10,4031.68,0,0,14,java.lang.Object,0.00,38,0,41,0,38,16,0,20,780,1
"org.apache.jackrabbit.core.data.GarbageCollector$Listener",3,0.33,3.33,27,0.29,5494.56,6,3,30,13,1,109.43,2,44,0,1,109.43,0.00,0.00,0.56,0,0.00,7,867.03,0,0,1,java.lang.Object,0.00,10,0,10,0,10,3,1,2,181,0
"org.apache.jackrabbit.core.data.GarbageCollectorTest",10,0.44,2.40,132,1.74,57599.30,11,1,15,56,10,99.63,4,150,1,4,99.63,0.00,0.75,0.60,4,0.00,4,5224.41,0,0,9,org.apache.jackrabbit.test.AbstractJCRTest,0.00,46,3,24,0,46,10,1,2,928,1
"org.apache.jackrabbit.core.data.GarbageCollectorTest$Thread",1,0.00,2.00,7,0.06,657.80,1,0,15,7,0,117.12,0,10,0,1,117.12,0.00,0.00,0.00,0,1.00,2,167.91,0,0,0,java.lang.Object,0.00,6,0,2,0,6,1,0,0,41,0
"org.apache.jackrabbit.core.data.GarbageCollectorTest$Thread$InputStream",1,0.00,5.00,13,0.12,4057.68,2,1,15,4,0,150.66,1,17,0,1,100.66,0.00,0.00,1.00,0,0.00,5,365.74,0,0,0,java.lang.Object,0.00,3,0,5,0,3,1,0,1,75,0
"org.apache.jackrabbit.core.data.NodeTypeTest",2,0.00,2.00,23,0.35,11993.64,2,0,8,16,3,142.13,4,32,1,4,102.24,0.00,0.75,0.00,1,2.00,3,1039.91,0,0,2,org.apache.jackrabbit.test.AbstractJCRTest,0.00,14,3,4,0,14,2,0,1,185,1
"org.apache.jackrabbit.core.data.PersistenceManagerIteratorTest",2,1.00,7.00,74,1.19,113599.02,3,1,17,29,10,114.50,4,81,1,4,74.62,0.00,0.75,0.50,1,2.00,13,3560.98,0,0,9,org.apache.jackrabbit.test.AbstractJCRTest,0.00,27,3,14,0,27,2,0,4,547,1
"org.apache.jackrabbit.core.data.RandomInputStream",15,0.08,1.80,83,0.79,28331.41,26,11,3,18,3,118.99,0,107,3,2,118.99,0.00,0.50,0.16,4,42.00,5,2357.82,0,1,0,java.io.InputStream,0.00,3,1,27,0,3,14,0,0,527,1
"org.apache.jackrabbit.core.data.ScanEventListener",3,0.00,1.00,4,0.02,116.19,3,0,3,3,4,158.73,12,5,4,2,158.49,0.00,0.50,0.00,0,3.00,1,74.09,0,0,0,,0.00,0,1,3,0,0,3,0,4,27,1
"org.apache.jackrabbit.core.data.TempFileInputStreamTest",1,0.00,1.00,10,0.13,3884.92,1,0,5,8,3,126.05,3,12,1,3,105.43,0.00,0.67,0.00,0,1.00,1,390.48,0,0,2,org.apache.jackrabbit.test.JUnitTest,0.00,7,2,1,0,7,1,0,1,84,1
"org.apache.jackrabbit.core.data.TestAll",1,0.00,1.00,14,0.16,5586.62,1,0,3,3,10,50.63,8,16,0,2,98.74,0.00,0.50,0.00,0,1.00,1,465.96,0,1,10,junit.framework.TestCase,0.00,2,1,1,0,2,0,0,2,103,1
"org.apache.jackrabbit.core.data.TestTwoGetStreams",6,0.20,3.33,99,1.36,54846.85,8,2,11,25,5,115.23,22,124,1,4,94.61,0.00,0.75,0.67,1,0.00,4,4076.99,0,0,4,org.apache.jackrabbit.test.AbstractJCRTest,0.00,19,3,20,0,19,6,0,9,741,1
"org.apache.jackrabbit.test.AbstractJCRTest",20,0.04,3.30,268,4.03,220030.85,63,43,20,87,180,67.97,278,328,175,3,97.35,207.50,0.00,0.06,7,112.00,18,12081.88,3,6,5,org.apache.jackrabbit.test.JUnitTest,0.00,67,2,66,415,67,14,0,74,2069,2
"org.apache.jackrabbit.test.ISO8601",2,0.33,11.00,114,1.89,230909.02,5,3,4,25,2,17.54,105,137,2,1,65.09,0.00,0.00,0.50,0,2.00,17,5656.60,0,2,0,java.lang.Object,0.00,23,0,22,0,23,0,0,47,910,2
"org.apache.jackrabbit.test.JCRBenchmark",1,0.00,1.00,3,0.02,158.91,1,0,3,2,1,156.48,3,5,0,2,135.87,0.00,0.50,0.00,0,1.00,1,52.05,0,1,1,junit.framework.TestCase,0.00,1,1,1,0,1,0,0,1,17,1
"org.apache.jackrabbit.test.JCRTestResult",18,0.00,1.33,67,0.77,24472.17,22,4,9,48,4,149.08,64,101,3,2,128.46,0.00,0.50,0.25,2,0.00,3,2312.03,0,3,1,junit.framework.TestResult,0.00,30,1,24,0,30,15,0,13,540,1
"org.apache.jackrabbit.test.JCRTestSuite",1,0.00,1.00,10,0.21,5956.16,1,0,1,9,9,124.59,3,12,2,2,103.97,0.00,0.50,0.00,0,1.00,1,635.37,0,0,7,junit.framework.TestSuite,0.00,8,1,1,0,8,1,0,1,145,1
"org.apache.jackrabbit.test.JNDIRepositoryStub",2,0.00,3.00,17,0.22,8528.71,4,2,5,8,2,90.60,10,25,0,2,108.48,0.00,0.50,0.50,0,2.00,5,661.04,0,1,2,org.apache.jackrabbit.test.RepositoryStub,0.22,6,1,6,0,6,1,0,3,133,1
"org.apache.jackrabbit.test.JUnitTest",0,0.00,0.00,3,0.05,1295.46,2,2,3,2,10,171.00,9,4,9,2,171.00,422.00,0.00,0.00,0,0.00,0,144.95,0,0,1,junit.framework.TestCase,0.00,2,1,0,422,2,0,0,3,33,2
"org.apache.jackrabbit.test.LogPrintWriter",11,0.20,1.36,43,0.35,5553.15,13,2,4,21,3,152.46,43,60,3,2,131.84,0.00,0.50,0.32,1,16.00,4,1047.02,2,0,0,java.io.PrintWriter,0.00,10,1,15,0,10,11,0,13,262,1
"org.apache.jackrabbit.test.LogPrintWriter$NullWriter",3,0.00,1.00,4,0.04,273.44,3,0,4,3,0,205.57,3,8,0,2,155.57,0.00,0.50,0.00,0,3.00,1,110.76,0,0,0,java.io.Writer,0.00,0,1,3,0,0,3,0,3,35,2
"org.apache.jackrabbit.test.NotExecutableException",2,0.00,1.00,4,0.02,118.02,2,0,0,2,195,95.83,18,7,195,2,145.83,0.00,0.50,0.00,0,2.00,1,53.51,0,0,0,java.lang.Exception,0.00,0,1,2,0,0,2,0,3,20,1
"org.apache.jackrabbit.test.RepositoryHelper",13,0.12,1.15,33,0.28,4560.33,15,2,6,23,3,97.41,99,50,1,1,139.70,0.00,0.00,0.38,4,0.00,3,853.30,0,11,2,java.lang.Object,0.00,10,0,15,0,10,2,0,17,226,1
"org.apache.jackrabbit.test.RepositoryStub",7,0.06,3.00,84,1.48,72002.18,39,32,11,26,14,88.54,106,114,13,1,98.90,0.00,0.00,0.08,0,21.00,14,4442.86,0,6,1,java.lang.Object,0.00,19,0,21,5,19,1,0,16,759,2
"org.apache.jackrabbit.test.RepositoryStubException",1,0.00,1.00,3,0.02,106.02,1,0,0,1,7,157.87,3,5,7,2,137.25,0.00,0.50,0.00,0,1.00,1,45.51,0,0,0,java.lang.Exception,0.00,0,1,1,0,0,1,0,1,16,1
"org.apache.jackrabbit.test.TestAll",1,0.00,1.00,4,0.03,257.45,1,0,3,2,1,129.56,0,6,0,2,129.56,0.00,0.50,0.00,0,1.00,1,79.73,0,1,1,junit.framework.TestCase,0.00,1,1,1,0,1,0,0,0,24,1
"org.apache.jackrabbit.test.TestAll$JCRTestSuite",1,0.00,1.00,10,0.21,5974.27,1,0,3,9,7,103.96,0,12,0,2,103.96,0.00,0.50,0.00,0,1.00,1,639.51,0,0,7,junit.framework.TestSuite,0.00,8,1,1,0,8,1,0,0,146,2
"org.apache.jackrabbit.test.XMLChar",21,0.03,1.95,724,20.15,1282085.56,30,9,1,23,2,117.51,615,757,2,1,76.03,0.00,0.00,0.08,4,61.00,6,60456.28,0,0,0,java.lang.Object,0.00,2,0,41,0,2,21,0,463,6924,1
"org.apache.jackrabbit.core.query.sql.ParserTest",4,0.00,4.25,58,0.75,31535.13,6,2,11,34,5,137.11,9,76,0,5,97.23,0.00,0.80,0.50,2,0.00,9,2252.36,1,1,5,org.apache.jackrabbit.test.api.query.AbstractQueryTest,0.14,30,4,17,0,30,3,0,7,412,1
"org.apache.jackrabbit.ocm.manager.inheritance.AllTests",2,0.00,1.00,10,0.09,2181.26,2,0,3,5,6,141.62,7,13,1,1,121.01,0.00,0.00,0.00,1,2.00,1,264.75,0,2,5,java.lang.Object,0.00,3,0,2,0,3,0,0,3,66,1
"org.apache.jackrabbit.ocm.manager.inheritance.AnnotationInheritanceConcreteClassTest",7,1.00,1.86,236,3.86,210183.07,8,1,21,65,9,28.96,65,251,2,4,78.95,0.00,0.75,0.14,0,12.00,3,11572.14,2,1,7,org.apache.jackrabbit.ocm.AnnotationTestBase,0.00,58,3,13,0,58,6,0,58,1862,1
"org.apache.jackrabbit.ocm.manager.inheritance.AnnotationInheritanceHierarchyTest",4,1.00,1.25,119,1.86,94512.56,5,1,16,44,8,31.96,37,127,2,4,81.96,0.00,0.75,0.00,0,4.00,2,5575.05,2,1,6,org.apache.jackrabbit.ocm.AnnotationTestBase,0.00,40,3,5,0,40,3,0,30,928,1
"org.apache.jackrabbit.ocm.manager.inheritance.DigesterInheritanceConcreteClassTest",7,1.00,1.86,236,3.86,210183.07,8,1,21,65,9,28.96,65,251,2,4,78.95,0.00,0.75,0.14,0,12.00,3,11572.14,2,1,7,org.apache.jackrabbit.ocm.DigesterTestBase,0.00,58,3,13,0,58,6,0,58,1862,1
"org.apache.jackrabbit.ocm.manager.inheritance.DigesterInheritanceHierarchyTest",4,1.00,1.25,119,1.86,94512.56,5,1,16,44,8,31.96,37,127,2,4,81.96,0.00,0.75,0.00,0,4.00,2,5575.05,2,1,6,org.apache.jackrabbit.ocm.DigesterTestBase,0.00,40,3,5,0,40,3,0,30,928,1
"org.apache.jackrabbit.core.state.db.DatabasePersistenceManager",0,0.00,0.00,1,0.03,323.05,0,0,1,0,2,171.00,5,4,0,3,171.00,0.00,0.67,0.00,0,0.00,0,82.04,0,0,2,org.apache.jackrabbit.core.persistence.db.DatabasePersistenceManager,0.00,0,2,0,0,0,0,1,1,21,2
"org.apache.jackrabbit.core.state.db.DerbyPersistenceManager",0,0.00,0.00,1,0.03,257.00,0,0,1,0,2,171.00,5,4,0,5,171.00,0.00,0.80,0.00,0,0.00,0,76.15,0,0,2,org.apache.jackrabbit.core.persistence.db.DerbyPersistenceManager,0.00,0,4,0,0,0,0,1,1,20,1
"org.apache.jackrabbit.core.state.db.JNDIDatabasePersistenceManager",0,0.00,0.00,1,0.03,257.00,0,0,1,0,2,171.00,5,4,0,4,171.00,0.00,0.75,0.00,0,0.00,0,76.15,0,0,2,org.apache.jackrabbit.core.persistence.db.JNDIDatabasePersistenceManager,0.00,0,3,0,0,0,0,1,1,20,1
"org.apache.jackrabbit.core.state.db.OraclePersistenceManager",0,0.00,0.00,1,0.03,257.00,0,0,1,0,2,171.00,5,4,0,5,171.00,0.00,0.80,0.00,0,0.00,0,76.15,0,0,2,org.apache.jackrabbit.core.persistence.db.OraclePersistenceManager,0.00,0,4,0,0,0,0,1,1,20,1
"org.apache.jackrabbit.core.state.db.SimpleDbPersistenceManager",0,0.00,0.00,1,0.03,257.00,0,0,1,0,2,171.00,5,4,0,4,171.00,0.00,0.75,0.00,0,0.00,0,76.15,0,0,2,org.apache.jackrabbit.core.persistence.db.SimpleDbPersistenceManager,0.00,0,3,0,0,0,0,1,1,20,1
"org.apache.jackrabbit.api.jsr.AbstractRetentionTest",6,0.40,1.50,25,0.27,7994.88,8,2,7,10,11,173.84,7,36,4,4,123.84,2.33,0.27,0.17,2,10.00,2,813.04,2,5,7,org.apache.jackrabbit.test.AbstractJCRTest,0.15,4,3,9,7,4,1,0,5,193,2
"org.apache.jackrabbit.api.jsr.Hold",2,0.00,1.00,3,0.02,90.61,2,0,1,2,8,128.58,26,4,8,1,157.96,0.00,0.00,0.00,0,2.00,1,47.30,0,1,0,,0.00,0,0,2,0,0,1,0,3,18,1
"org.apache.jackrabbit.api.jsr.HoldEffectTest",13,0.31,1.77,122,1.68,44164.74,16,3,8,38,5,157.47,16,152,1,5,107.47,0.00,0.80,0.62,2,0.00,9,5029.65,3,0,4,org.apache.jackrabbit.api.jsr283.retention.AbstractRetentionTest,0.26,25,4,23,0,25,13,0,14,973,1
"org.apache.jackrabbit.api.jsr.HoldTest",22,0.00,2.59,232,3.03,88388.36,22,0,13,56,5,155.10,37,312,1,5,105.10,0.00,0.80,0.00,3,0.00,7,9087.18,3,2,4,org.apache.jackrabbit.api.jsr283.retention.AbstractRetentionTest,0.00,34,4,57,0,34,20,0,35,1737,1
"org.apache.jackrabbit.api.jsr.RetentionManager",6,0.00,1.00,7,0.11,673.61,6,0,5,6,8,142.79,228,18,6,1,154.85,0.00,0.00,0.00,0,6.00,1,322.39,0,1,2,,0.00,0,0,6,0,0,5,0,7,87,1
"org.apache.jackrabbit.api.jsr.RetentionPolicy",1,0.00,1.00,2,0.01,51.30,1,0,1,1,8,135.95,15,3,8,1,146.30,0.00,0.00,0.00,0,1.00,1,27.65,0,1,0,,0.00,0,0,1,0,0,0,0,2,11,1
"org.apache.jackrabbit.api.jsr.RetentionPolicyEffectTest",9,0.21,1.89,85,1.03,24123.82,12,3,7,31,5,158.26,13,111,1,5,108.26,0.00,0.80,0.52,2,0.00,7,3095.34,3,0,4,org.apache.jackrabbit.api.jsr283.retention.AbstractRetentionTest,0.29,22,4,17,0,22,9,0,11,619,1
"org.apache.jackrabbit.api.jsr.RetentionPolicyTest",22,0.00,2.64,227,2.58,65498.23,22,0,10,50,5,156.12,37,320,1,5,106.12,0.00,0.80,0.00,2,0.00,7,7732.43,4,2,4,org.apache.jackrabbit.api.jsr283.retention.AbstractRetentionTest,0.10,28,4,58,0,28,20,0,35,1544,1
"org.apache.jackrabbit.api.jsr.RetentionPolicyTest$RetentionPolicy",1,0.00,1.00,3,0.01,111.66,1,0,10,1,0,137.08,0,4,0,1,137.08,0.00,0.00,0.00,0,1.00,1,41.22,0,1,0,java.lang.Object,0.00,0,0,1,0,0,0,0,0,14,0
"org.apache.jackrabbit.api.jsr.TestAll",1,0.00,1.00,8,0.07,2228.14,1,0,3,3,4,68.66,7,10,0,2,110.95,0.00,0.50,0.00,0,1.00,1,223.66,0,1,4,junit.framework.TestCase,0.00,2,1,1,0,2,0,0,2,55,1
"org.apache.jackrabbit.ocm.testmodel.inheritance.impl.Node",0,0.00,0.00,1,0.05,887.31,0,0,3,0,0,171.00,6,5,0,2,171.00,0.00,0.50,0.00,0,0.00,0,153.80,0,0,0,CmsObjectImpl,0.00,0,1,0,0,0,0,1,1,34,2
"org.apache.jackrabbit.webdav.xml.DomUtil",35,0.50,2.06,204,2.37,68680.09,37,2,14,86,94,70.73,312,256,92,1,118.83,0.00,0.00,0.01,9,68.00,5,7099.77,0,24,3,java.lang.Object,0.00,51,0,72,0,51,11,0,41,1543,1
"org.apache.jackrabbit.webdav.xml.ElementIterator",8,0.00,1.62,42,0.37,8579.86,12,4,7,17,29,103.08,46,53,28,1,120.95,0.00,0.00,0.25,2,8.00,3,1099.17,0,2,2,java.lang.Object,0.00,9,0,13,0,9,6,1,10,253,1
"org.apache.jackrabbit.webdav.xml.Namespace",8,0.05,1.50,32,0.31,7229.56,14,6,2,15,37,125.17,3,45,37,1,125.17,0.00,0.00,0.12,1,20.00,3,933.16,0,4,0,java.lang.Object,0.00,7,0,12,0,7,4,0,1,227,1
"org.apache.jackrabbit.webdav.xml.XmlSerializable",1,0.00,1.00,2,0.01,41.48,1,0,2,1,24,109.47,12,3,24,1,147.03,0.00,0.00,0.00,0,1.00,1,27.65,0,1,0,,0.00,0,0,1,0,0,0,0,2,11,1
"org.apache.jackrabbit.ocm.manager.lock.AllTests",2,0.00,1.00,8,0.06,1287.47,2,0,3,5,4,147.04,7,11,1,1,126.42,0.00,0.00,0.00,1,2.00,1,190.58,0,2,3,java.lang.Object,0.00,3,0,2,0,3,0,0,3,50,1
"org.apache.jackrabbit.ocm.manager.lock.AnnotationLockTest",4,1.00,1.50,80,1.11,39232.44,5,1,14,43,6,100.07,68,101,2,4,90.94,0.00,0.75,0.00,0,4.00,2,3324.47,1,1,4,org.apache.jackrabbit.ocm.AnnotationTestBase,0.00,39,3,6,0,39,3,0,58,572,1
"org.apache.jackrabbit.ocm.manager.lock.DigesterLockTest",4,1.00,1.50,80,1.11,39232.44,5,1,14,43,6,100.07,68,101,2,4,90.94,0.00,0.75,0.00,0,4.00,2,3324.47,1,1,4,org.apache.jackrabbit.ocm.DigesterTestBase,0.00,39,3,6,0,39,3,0,58,572,1
"org.apache.jackrabbit.rmi.iterator.ArrayEventIterator",2,0.00,1.00,5,0.03,278.97,2,0,2,2,2,110.66,12,8,1,2,142.88,0.00,0.50,0.00,0,2.00,1,91.87,1,1,1,org.apache.jackrabbit.rmi.iterator.ArrayIterator,0.00,0,1,2,0,0,1,1,3,30,1
"org.apache.jackrabbit.rmi.iterator.ArrayEventListenerIterator",2,0.00,1.00,5,0.03,278.97,2,0,2,2,2,110.66,12,9,1,2,142.88,0.00,0.50,0.00,0,2.00,1,91.87,1,1,1,org.apache.jackrabbit.rmi.iterator.ArrayIterator,0.00,0,1,2,0,0,1,1,3,30,1
"org.apache.jackrabbit.rmi.iterator.ArrayIterator",7,0.00,1.00,18,0.11,1249.98,9,2,1,8,2,181.92,20,26,2,1,142.04,0.00,0.00,0.50,0,0.00,1,343.33,0,1,0,java.lang.Object,0.00,1,0,7,2,1,6,1,10,99,1
"org.apache.jackrabbit.ocm.manager.enumeration.AnnotationSimpleEnumerationTest",3,1.00,1.33,11,0.10,1561.13,4,1,17,10,7,152.36,10,22,1,4,131.75,0.00,0.75,0.00,0,3.00,2,313.05,1,1,6,org.apache.jackrabbit.ocm.AnnotationTestBase,0.00,7,3,4,0,7,2,0,3,80,1
"org.apache.jackrabbit.ocm.manager.enumeration.DigesterSimpleEnumerationTest",3,1.00,1.33,11,0.10,1561.13,4,1,8,10,4,152.36,10,22,1,4,131.75,0.00,0.75,0.00,0,3.00,2,313.05,1,1,3,org.apache.jackrabbit.ocm.DigesterTestBase,0.00,7,3,4,0,7,2,0,3,80,1
"org.apache.jackrabbit.ocm.manager.enumeration.SimpleEnumerationTestBase",4,0.33,2.50,39,0.52,20717.88,6,2,8,24,4,145.83,8,52,2,2,105.94,0.00,0.50,0.25,2,6.00,5,1550.00,0,1,2,junit.framework.TestCase,0.00,20,1,10,0,20,3,0,4,303,1
"org.apache.jackrabbit.ocm.mapper.model.BeanDescriptor",33,0.03,1.00,84,0.55,6684.46,50,17,1,33,21,162.22,101,118,19,1,141.61,0.00,0.00,0.03,0,498.00,1,1660.49,0,8,4,java.lang.Object,0.00,0,0,33,0,0,25,2,25,448,1
"org.apache.jackrabbit.ocm.mapper.model.ChildNodeDefDescriptor",8,0.00,1.00,9,0.02,79.00,8,0,0,8,3,183.78,30,10,3,1,163.17,0.00,0.00,0.00,0,8.00,1,74.00,0,4,0,,0.00,0,0,8,0,0,4,0,9,37,1
"org.apache.jackrabbit.ocm.mapper.model.ClassDescriptor",56,0.02,1.64,233,2.39,57653.14,80,24,12,97,37,164.59,138,334,34,1,124.70,0.00,0.00,0.02,15,984.00,5,7170.20,0,20,7,java.lang.Object,0.00,41,0,92,0,41,36,0,40,1643,1
"org.apache.jackrabbit.ocm.mapper.model.CollectionDescriptor",39,0.03,1.00,98,0.64,7938.41,58,19,0,39,25,162.21,124,165,23,1,141.59,0.00,0.00,0.03,1,742.00,1,1913.30,0,11,3,java.lang.Object,0.00,0,0,39,0,0,28,2,31,520,1
"org.apache.jackrabbit.ocm.mapper.model.FieldDescriptor",32,0.04,1.06,82,0.58,8640.85,47,15,0,35,14,161.23,103,118,13,1,140.61,0.00,0.00,0.03,1,482.00,2,1751.43,0,9,2,java.lang.Object,0.00,3,0,34,0,3,23,1,27,465,1
"org.apache.jackrabbit.ocm.mapper.model.ImplementDescriptor",3,1.00,1.00,8,0.05,466.95,4,1,0,3,3,182.39,8,12,3,1,142.51,0.00,0.00,0.33,0,4.00,1,138.99,0,2,0,java.lang.Object,0.00,0,0,3,0,0,1,0,1,42,1
"org.apache.jackrabbit.ocm.mapper.model.MappingDescriptor",9,0.02,1.56,36,0.53,17526.12,14,5,7,25,9,162.42,24,58,7,1,122.54,0.00,0.00,0.18,0,15.00,6,1586.72,0,4,3,java.lang.Object,0.00,16,0,14,0,16,5,0,5,339,1
"org.apache.jackrabbit.ocm.mapper.model.PropertyDefDescriptor",7,0.00,1.00,8,0.02,71.00,7,0,0,7,4,183.69,27,9,4,1,163.08,0.00,0.00,0.00,0,7.00,1,66.00,0,3,0,,0.00,0,0,7,0,0,4,0,8,33,1
"org.apache.jackrabbit.core.nodetype.virtual.VirtualNodeTypeStateManager",8,0.14,2.25,70,1.05,25165.87,16,8,22,37,17,59.58,79,123,1,1,109.58,0.00,0.00,0.25,4,14.00,4,3135.18,0,1,16,java.lang.Object,0.00,29,0,18,0,29,7,1,23,629,1
"org.apache.jackrabbit.core.nodetype.virtual.VirtualNodeTypeStateProvider",12,1.00,2.25,116,2.15,109457.47,13,1,22,67,17,71.81,83,157,1,2,104.03,0.00,0.50,0.08,4,28.00,4,6454.70,2,6,16,org.apache.jackrabbit.core.virtual.AbstractVISProvider,0.05,55,1,27,0,55,6,0,30,1141,1
"org.apache.jackrabbit.core.state.xml.XMLPersistenceManager",0,0.00,0.00,1,0.03,257.00,0,0,1,0,2,171.00,5,4,0,3,171.00,0.00,0.67,0.00,0,0.00,0,76.15,0,0,2,org.apache.jackrabbit.core.persistence.xml.XMLPersistenceManager,0.00,0,2,0,0,0,0,1,1,20,1
"org.apache.jackrabbit.webdav.client.methods.AclMethod",3,1.00,1.00,9,0.08,986.02,4,1,6,4,4,133.62,13,13,0,3,133.38,0.00,0.67,0.00,0,3.00,1,231.63,1,1,4,org.apache.jackrabbit.webdav.client.methods.DavMethodBase,0.29,1,2,3,0,1,2,0,5,62,1
"org.apache.jackrabbit.webdav.client.methods.BaselineControlMethod",4,1.00,1.50,17,0.20,4536.91,5,1,10,12,5,145.01,15,25,0,3,124.39,0.00,0.67,0.00,0,6.00,3,588.62,1,1,5,org.apache.jackrabbit.webdav.client.methods.DavMethodBase,0.27,8,2,6,0,8,3,0,8,129,1
"org.apache.jackrabbit.webdav.client.methods.BindMethod",3,0.00,1.00,8,0.06,745.67,3,0,3,3,4,141.14,13,12,1,3,140.91,0.00,0.67,0.00,0,3.00,1,184.26,1,1,3,org.apache.jackrabbit.webdav.client.methods.DavMethodBase,0.29,0,2,3,0,0,2,0,5,52,1
"org.apache.jackrabbit.webdav.client.methods.CheckinMethod",4,1.00,1.00,11,0.09,1052.69,5,1,5,8,4,161.33,13,16,0,3,140.71,0.00,0.67,0.00,0,4.00,1,261.63,0,2,4,org.apache.jackrabbit.webdav.client.methods.DavMethodBase,0.27,4,2,4,0,4,2,0,5,72,1
"org.apache.jackrabbit.webdav.client.methods.CheckoutMethod",3,1.00,1.00,8,0.07,852.87,4,1,4,4,3,140.68,13,12,0,3,140.45,0.00,0.67,0.00,0,3.00,1,195.03,0,1,3,org.apache.jackrabbit.webdav.client.methods.DavMethodBase,0.29,1,2,3,0,1,2,0,5,54,1
"org.apache.jackrabbit.webdav.client.methods.CopyMethod",4,1.00,1.25,14,0.14,2186.13,5,1,7,7,6,99.37,27,20,0,3,131.59,0.00,0.67,0.00,0,4.00,2,432.39,1,1,6,org.apache.jackrabbit.webdav.client.methods.DavMethodBase,0.27,3,2,5,0,3,3,0,7,108,1
"org.apache.jackrabbit.webdav.client.methods.DavMethod",7,0.00,1.00,8,0.05,281.99,7,0,6,7,5,116.07,55,9,2,2,158.36,0.00,0.50,0.00,0,7.00,1,153.73,0,3,3,,0.00,0,1,7,0,0,4,0,8,55,1
"org.apache.jackrabbit.webdav.client.methods.DavMethodBase",18,0.07,1.78,86,0.85,21723.28,23,5,24,42,41,106.27,99,122,32,2,124.14,31.00,0.03,0.13,7,98.00,5,2546.04,1,5,9,org.apache.commons.httpclient.methods.EntityEnclosingMethod,0.00,24,1,32,31,24,13,2,31,567,2
"org.apache.jackrabbit.webdav.client.methods.DavMethodTest",3,1.00,1.00,11,0.10,1491.18,4,1,6,8,3,131.97,1,15,1,2,131.97,0.00,0.50,0.00,0,3.00,1,311.33,2,0,2,junit.framework.TestCase,0.00,5,1,3,0,5,3,0,1,79,1
"org.apache.jackrabbit.webdav.client.methods.DavMethodTest$TestDavMethod",10,0.00,1.00,20,0.10,873.22,10,0,6,12,2,144.48,0,30,0,3,144.48,0.00,0.67,0.00,0,10.00,1,292.85,0,3,2,org.apache.jackrabbit.webdav.client.methods.DavMethodBase,0.64,2,2,10,0,2,7,0,0,95,1
"org.apache.jackrabbit.webdav.client.methods.DeleteMethod",3,1.00,1.00,8,0.07,852.87,4,1,4,4,7,190.45,3,12,4,3,140.45,0.00,0.67,0.00,0,3.00,1,195.03,0,1,3,org.apache.jackrabbit.webdav.client.methods.DavMethodBase,0.29,1,2,3,0,1,2,0,1,54,1
"org.apache.jackrabbit.webdav.client.methods.LabelMethod",5,1.00,1.00,14,0.15,2114.30,6,1,7,9,5,106.87,34,21,0,3,139.09,0.00,0.67,0.00,0,5.00,1,459.83,2,1,5,org.apache.jackrabbit.webdav.client.methods.DavMethodBase,0.26,4,2,5,0,4,4,0,8,117,1
"org.apache.jackrabbit.webdav.client.methods.LockMethod",10,0.11,1.90,68,0.70,16423.17,13,3,21,32,15,68.40,82,89,1,3,116.50,0.00,0.67,0.23,2,38.00,3,2095.43,6,3,14,org.apache.jackrabbit.webdav.client.methods.DavMethodBase,0.32,22,2,19,0,22,7,0,23,451,1
"org.apache.jackrabbit.webdav.client.methods.MergeMethod",3,1.00,1.00,9,0.08,986.02,4,1,6,4,4,133.62,14,13,0,3,133.38,0.00,0.67,0.00,0,3.00,1,231.63,1,1,4,org.apache.jackrabbit.webdav.client.methods.DavMethodBase,0.29,1,2,3,0,1,2,0,6,62,1
"org.apache.jackrabbit.webdav.client.methods.MkActivityMethod",3,1.00,1.00,8,0.07,852.87,4,1,4,4,3,140.68,12,12,0,3,140.45,0.00,0.67,0.00,0,3.00,1,195.03,0,1,3,org.apache.jackrabbit.webdav.client.methods.DavMethodBase,0.29,1,2,3,0,1,2,0,5,54,1
"org.apache.jackrabbit.webdav.client.methods.MkColMethod",3,1.00,1.00,8,0.07,852.87,4,1,4,4,4,140.68,13,12,1,3,140.45,0.00,0.67,0.00,0,3.00,1,195.03,0,1,3,org.apache.jackrabbit.webdav.client.methods.DavMethodBase,0.29,1,2,3,0,1,2,0,5,54,1
"org.apache.jackrabbit.webdav.client.methods.MkWorkspaceMethod",3,1.00,1.00,8,0.07,852.87,4,1,4,4,3,140.68,13,12,0,3,140.45,0.00,0.67,0.00,0,3.00,1,195.03,0,1,3,org.apache.jackrabbit.webdav.client.methods.DavMethodBase,0.29,1,2,3,0,1,2,0,5,54,1
"org.apache.jackrabbit.webdav.client.methods.MoveMethod",3,1.00,1.00,10,0.10,1512.24,4,1,6,5,7,132.16,14,14,2,3,131.92,0.00,0.67,0.00,0,3.00,1,305.81,1,1,5,org.apache.jackrabbit.webdav.client.methods.DavMethodBase,0.29,2,2,3,0,2,2,0,5,78,1
"org.apache.jackrabbit.webdav.client.methods.OptionsMethod",11,0.17,1.55,52,0.53,12999.39,14,3,14,26,7,124.48,53,64,2,3,124.25,0.00,0.67,0.18,0,32.00,5,1583.39,2,4,5,org.apache.jackrabbit.webdav.client.methods.DavMethodBase,0.21,15,2,17,0,15,7,0,12,360,1
"org.apache.jackrabbit.webdav.client.methods.OrderPatchMethod",5,1.00,1.40,21,0.27,6213.14,6,1,8,9,6,74.10,45,27,0,3,124.10,0.00,0.67,0.00,0,5.00,2,822.48,1,1,6,org.apache.jackrabbit.webdav.client.methods.DavMethodBase,0.26,4,2,7,0,4,4,0,8,183,1
"org.apache.jackrabbit.webdav.client.methods.PollMethod",7,0.25,2.00,42,0.41,8753.22,9,2,17,20,10,138.04,25,58,0,3,117.43,0.00,0.67,0.29,1,14.00,3,1239.39,5,2,10,org.apache.jackrabbit.webdav.client.methods.DavMethodBase,0.24,13,2,14,0,13,5,1,8,270,1
"org.apache.jackrabbit.webdav.client.methods.PollMethod$EventBundle",1,0.00,1.00,3,0.02,254.64,1,0,17,2,0,134.26,0,4,0,1,134.26,0.00,0.00,0.00,0,1.00,1,70.91,0,1,0,java.lang.Object,0.00,1,0,1,0,1,0,0,0,21,0
"org.apache.jackrabbit.webdav.client.methods.PropFindMethod",6,1.00,2.33,47,0.70,47109.59,7,1,13,22,9,76.39,36,65,2,3,108.61,0.00,0.67,0.00,0,10.00,9,2091.71,2,1,7,org.apache.jackrabbit.webdav.client.methods.DavMethodBase,0.25,16,2,14,0,16,5,0,11,374,1
"org.apache.jackrabbit.webdav.client.methods.PropPatchMethod",7,0.00,4.57,108,1.55,84388.99,10,3,23,47,14,62.42,43,135,0,3,94.64,0.00,0.67,0.33,0,8.00,10,4639.40,3,3,14,org.apache.jackrabbit.webdav.client.methods.DavMethodBase,0.36,40,2,32,0,40,4,1,17,798,1
"org.apache.jackrabbit.webdav.client.methods.PutMethod",3,1.00,1.00,8,0.07,1087.83,4,1,4,4,3,139.85,14,12,0,3,139.62,0.00,0.67,0.00,0,3.00,1,221.36,0,1,3,org.apache.jackrabbit.webdav.client.methods.DavMethodBase,0.29,1,2,3,0,1,2,0,5,60,1
"org.apache.jackrabbit.webdav.client.methods.RebindMethod",3,0.00,1.00,8,0.06,745.67,3,0,3,3,4,141.14,13,12,1,3,140.91,0.00,0.67,0.00,0,3.00,1,184.26,1,1,3,org.apache.jackrabbit.webdav.client.methods.DavMethodBase,0.29,0,2,3,0,0,2,0,5,52,1
"org.apache.jackrabbit.webdav.client.methods.ReportMethod",3,0.25,1.33,16,0.16,3318.58,5,2,8,6,6,103.02,16,21,0,3,120.89,0.00,0.67,0.33,0,1.00,2,483.01,2,1,6,org.apache.jackrabbit.webdav.client.methods.DavMethodBase,0.29,3,2,4,0,3,2,0,5,113,1
"org.apache.jackrabbit.webdav.client.methods.SearchMethod",5,1.00,1.20,16,0.17,3122.64,6,1,7,7,5,171.03,14,23,0,3,131.15,0.00,0.67,0.00,0,5.00,2,503.67,1,1,5,org.apache.jackrabbit.webdav.client.methods.DavMethodBase,0.26,2,2,6,0,2,4,0,6,125,1
"org.apache.jackrabbit.webdav.client.methods.SubscribeMethod",8,0.29,2.25,55,0.61,15079.74,10,2,20,30,13,83.77,52,76,0,3,115.99,0.00,0.67,0.25,1,26.00,4,1839.45,6,3,13,org.apache.jackrabbit.webdav.client.methods.DavMethodBase,0.23,22,2,18,0,22,5,1,13,384,1
"org.apache.jackrabbit.webdav.client.methods.UnLockMethod",3,1.00,1.00,10,0.09,1315.22,4,1,8,5,6,132.63,14,14,0,3,132.40,0.00,0.67,0.00,0,3.00,1,277.61,1,1,6,org.apache.jackrabbit.webdav.client.methods.DavMethodBase,0.29,2,2,3,0,2,2,0,5,71,1
"org.apache.jackrabbit.webdav.client.methods.UnSubscribeMethod",3,1.00,1.00,9,0.08,1019.55,4,1,5,4,4,183.27,5,13,0,3,133.27,0.00,0.67,0.00,0,3.00,1,235.33,1,1,4,org.apache.jackrabbit.webdav.client.methods.DavMethodBase,0.29,1,2,3,0,1,2,0,3,63,1
"org.apache.jackrabbit.webdav.client.methods.UnbindMethod",3,0.00,1.00,8,0.05,510.71,3,0,3,3,4,142.44,13,12,1,3,142.20,0.00,0.67,0.00,0,3.00,1,157.92,1,1,3,org.apache.jackrabbit.webdav.client.methods.DavMethodBase,0.29,0,2,3,0,0,2,0,5,46,1
"org.apache.jackrabbit.webdav.client.methods.UncheckoutMethod",3,1.00,1.00,8,0.07,852.87,4,1,4,4,3,140.68,13,12,0,3,140.45,0.00,0.67,0.00,0,3.00,1,195.03,0,1,3,org.apache.jackrabbit.webdav.client.methods.DavMethodBase,0.29,1,2,3,0,1,2,0,5,54,1
"org.apache.jackrabbit.webdav.client.methods.UpdateMethod",3,1.00,1.00,9,0.08,986.02,4,1,6,4,4,133.62,13,13,0,3,133.38,0.00,0.67,0.00,0,3.00,1,231.63,1,1,4,org.apache.jackrabbit.webdav.client.methods.DavMethodBase,0.29,1,2,3,0,1,2,0,5,62,1
"org.apache.jackrabbit.webdav.client.methods.VersionControlMethod",3,1.00,1.00,8,0.07,852.87,4,1,4,4,4,140.68,13,12,1,3,140.45,0.00,0.67,0.00,0,3.00,1,195.03,0,1,3,org.apache.jackrabbit.webdav.client.methods.DavMethodBase,0.29,1,2,3,0,1,2,0,5,54,1
"org.apache.jackrabbit.webdav.client.methods.XmlRequestEntity",5,0.12,1.40,21,0.26,6013.16,7,2,15,18,3,124.21,4,32,2,1,124.21,0.00,0.00,0.40,0,2.00,3,770.88,0,1,1,java.lang.Object,0.00,13,0,7,0,13,4,1,2,170,1
"org.apache.jackrabbit.ocm.nodemanagement.exception.BaseNodeManagementException",7,1.00,1.29,23,0.17,3360.14,8,1,2,10,4,152.65,21,47,4,2,132.03,4.00,0.17,0.14,2,12.00,2,507.07,1,1,0,java.lang.Exception,0.00,3,1,9,4,3,6,0,7,136,1
"org.apache.jackrabbit.ocm.nodemanagement.exception.NamespaceCreationException",2,0.00,1.00,4,0.02,118.02,2,0,0,2,5,146.06,8,10,4,3,145.83,0.00,0.67,0.00,0,2.00,1,53.51,1,0,1,org.apache.jackrabbit.ocm.nodemanagement.exception.BaseNodeManagementException,0.00,0,2,2,0,0,2,0,3,20,1
"org.apache.jackrabbit.ocm.nodemanagement.exception.NodeTypeCreationException",3,0.00,1.00,6,0.03,193.02,3,0,0,3,5,166.14,9,14,4,3,145.53,0.00,0.67,0.00,0,3.00,1,83.51,1,0,1,org.apache.jackrabbit.ocm.nodemanagement.exception.BaseNodeManagementException,0.00,0,2,3,0,0,3,0,4,30,1
"org.apache.jackrabbit.ocm.nodemanagement.exception.NodeTypeRemovalException",2,0.00,1.00,4,0.02,118.02,2,0,0,2,4,146.06,8,10,3,3,145.83,0.00,0.67,0.00,0,2.00,1,53.51,1,0,1,org.apache.jackrabbit.ocm.nodemanagement.exception.BaseNodeManagementException,0.00,0,2,2,0,0,2,0,3,20,1
"org.apache.jackrabbit.ocm.nodemanagement.exception.OperationNotSupportedException",2,0.00,1.00,4,0.02,118.02,2,0,0,2,4,146.06,9,10,3,3,145.83,0.00,0.67,0.00,0,2.00,1,53.51,1,0,1,org.apache.jackrabbit.ocm.nodemanagement.exception.BaseNodeManagementException,0.00,0,2,2,0,0,2,0,3,20,1
"org.apache.jackrabbit.core.virtual.AbstractVISProvider",28,0.02,2.14,173,2.03,64732.11,34,6,27,87,25,83.09,170,239,1,1,115.31,0.00,0.00,0.14,11,238.00,6,6077.90,0,11,25,java.lang.Object,0.00,59,0,60,1,59,17,2,46,1258,2
"org.apache.jackrabbit.core.virtual.VirtualItemStateProvider",7,0.00,1.00,8,0.06,278.20,7,0,8,7,18,116.11,50,14,10,2,158.41,0.00,0.50,0.00,0,7.00,1,191.63,0,2,9,,0.00,0,1,7,0,0,5,0,8,63,1
"org.apache.jackrabbit.core.virtual.VirtualNodeState",11,0.20,1.55,57,0.68,16627.21,14,3,11,24,13,71.68,88,80,5,3,119.79,0.00,0.67,0.15,5,35.00,3,2029.50,3,5,10,org.apache.jackrabbit.core.state.NodeState,0.00,13,2,17,0,13,6,0,16,443,1
"org.apache.jackrabbit.core.virtual.VirtualPropertyState",4,0.67,1.50,13,0.11,2728.81,5,1,4,5,10,112.92,23,19,5,3,130.79,0.00,0.67,0.50,0,4.00,3,327.00,2,2,5,org.apache.jackrabbit.core.state.PropertyState,0.06,1,2,6,0,1,2,0,6,85,1
"org.apache.jackrabbit.core.virtual.VirtualValueProvider",1,0.00,1.00,2,0.01,44.48,1,0,2,1,3,96.79,9,3,1,1,146.79,0.00,0.00,0.00,0,1.00,1,29.65,0,1,2,,0.00,0,0,1,0,0,0,0,2,12,1
"org.apache.jackrabbit.ocm.manager.atomic.AllTests",2,0.00,1.00,12,0.11,3188.81,2,0,3,5,8,137.37,7,15,1,1,116.75,0.00,0.00,0.00,1,2.00,1,342.84,0,2,7,java.lang.Object,0.00,3,0,2,0,3,0,0,3,82,1
"org.apache.jackrabbit.ocm.manager.atomic.AnnotationAtomicTest",3,1.00,2.00,83,1.58,67140.31,4,1,12,65,5,34.72,30,106,2,4,83.19,0.00,0.75,0.33,0,4.00,4,4746.99,1,1,3,org.apache.jackrabbit.ocm.AnnotationTestBase,0.00,62,3,6,0,62,2,0,23,691,1
"org.apache.jackrabbit.ocm.manager.atomic.AnnotationDefaultValueTest",4,0.67,1.50,39,0.50,10705.05,5,1,10,28,6,76.10,25,59,2,4,108.32,0.00,0.75,0.50,0,4.00,2,1493.54,1,1,4,org.apache.jackrabbit.ocm.AnnotationTestBase,0.00,24,3,6,0,24,3,0,20,286,1
"org.apache.jackrabbit.ocm.manager.atomic.AnnotationNullAtomicTest",3,1.00,1.33,41,0.66,19708.45,4,1,12,45,6,81.45,16,54,2,4,99.32,0.00,0.75,0.33,0,4.00,2,1993.77,1,1,4,org.apache.jackrabbit.ocm.AnnotationTestBase,0.00,42,3,4,0,42,2,0,9,328,1
"org.apache.jackrabbit.ocm.manager.atomic.DigesterAtomicTest",3,1.00,2.00,83,1.58,66928.02,4,1,12,65,5,34.73,30,106,2,4,83.20,0.00,0.75,0.33,0,4.00,4,4726.07,1,1,3,org.apache.jackrabbit.ocm.DigesterTestBase,0.00,62,3,6,0,62,2,0,23,689,1
"org.apache.jackrabbit.ocm.manager.atomic.DigesterDefaultValueTest",4,1.00,1.50,39,0.49,10632.48,5,1,9,28,5,76.12,25,59,2,4,108.34,0.00,0.75,0.00,0,4.00,2,1456.54,1,1,3,org.apache.jackrabbit.ocm.DigesterTestBase,0.00,24,3,6,0,24,3,0,20,282,1
"org.apache.jackrabbit.ocm.manager.atomic.DigesterNullAtomicTest",3,1.00,1.33,41,0.66,19688.18,4,1,11,45,5,81.45,16,54,2,4,99.32,0.00,0.75,0.00,0,3.00,2,1971.70,1,1,3,org.apache.jackrabbit.ocm.DigesterTestBase,0.00,42,3,4,0,42,2,0,9,326,1
"org.apache.jackrabbit.ocm.manager.atomic.Int2BooleanTypeConverterImpl",3,0.00,2.67,19,0.20,4540.09,3,0,4,9,2,84.48,18,40,0,1,116.71,0.00,0.00,0.00,0,3.00,3,602.32,0,3,2,java.lang.Object,0.00,6,0,8,0,6,0,1,4,131,1
"org.apache.jackrabbit.test.api.version.AbstractMergeTest",3,0.50,3.00,41,0.44,12289.38,11,8,7,10,8,63.19,37,52,7,4,100.75,2.33,0.27,0.46,1,1.00,5,1309.46,3,0,1,org.apache.jackrabbit.test.AbstractJCRTest,0.35,7,3,9,7,7,3,0,17,257,2
"org.apache.jackrabbit.test.api.version.AbstractOnParentVersionTest",3,0.30,2.00,24,0.30,6179.15,8,5,5,14,6,78.84,19,31,5,5,111.06,1.25,0.40,0.40,0,0.00,3,901.35,2,1,1,org.apache.jackrabbit.test.api.version.AbstractVersionTest,0.37,11,4,6,5,11,2,0,5,187,2
"org.apache.jackrabbit.test.api.version.AbstractVersionTest",4,0.33,3.75,53,0.65,21122.73,9,5,7,18,19,67.61,27,76,18,4,99.83,8.00,0.11,0.45,0,2.00,10,1953.27,4,1,1,org.apache.jackrabbit.test.AbstractJCRTest,0.33,14,3,15,24,14,3,0,8,368,1
"org.apache.jackrabbit.test.api.version.CheckinTest",10,0.00,1.30,44,0.49,7676.11,10,0,6,27,2,93.54,60,61,1,5,125.76,0.00,0.80,0.00,0,0.00,2,1458.09,2,0,1,org.apache.jackrabbit.test.api.version.AbstractVersionTest,0.15,17,4,13,0,17,10,0,13,336,1
"org.apache.jackrabbit.test.api.version.CheckoutTest",6,0.00,2.50,42,0.42,12786.55,6,0,5,18,2,95.18,31,60,1,5,113.05,0.00,0.80,0.00,0,2.00,5,1251.54,1,0,1,org.apache.jackrabbit.test.api.version.AbstractVersionTest,0.17,12,4,15,0,12,6,0,10,267,1
"org.apache.jackrabbit.test.api.version.FrozenNodeTest",9,0.00,1.00,60,0.85,12019.46,9,0,3,22,1,137.97,32,70,0,5,117.36,0.00,0.80,0.00,0,0.00,1,2550.30,1,0,1,org.apache.jackrabbit.test.api.version.AbstractVersionTest,0.15,13,4,9,0,13,9,0,9,525,1
"org.apache.jackrabbit.test.api.version.GetContainingHistoryTest",1,0.00,1.00,5,0.06,832.44,1,0,2,7,2,101.79,14,9,1,5,121.93,0.00,0.80,0.00,0,0.00,1,180.51,0,0,1,org.apache.jackrabbit.test.api.version.AbstractVersionTest,0.00,6,4,1,0,6,1,0,3,43,1
"org.apache.jackrabbit.test.api.version.GetCreatedTest",2,0.00,1.00,13,0.16,2111.18,2,0,4,13,2,68.17,19,16,1,5,118.16,0.00,0.80,0.00,0,0.00,1,473.38,0,0,1,org.apache.jackrabbit.test.api.version.AbstractVersionTest,0.00,11,4,2,0,11,2,0,5,104,1
"org.apache.jackrabbit.test.api.version.GetPredecessorsTest",1,0.00,1.00,5,0.05,679.73,1,0,2,5,2,122.15,16,7,1,5,122.62,0.00,0.80,0.00,0,0.00,1,156.06,0,0,1,org.apache.jackrabbit.test.api.version.AbstractVersionTest,0.00,4,4,1,0,4,1,0,3,38,1
"org.apache.jackrabbit.test.api.version.GetReferencesNodeTest",4,0.33,1.75,37,0.35,6314.87,8,4,6,15,3,67.80,30,45,1,4,110.09,0.00,0.75,0.50,1,0.00,2,1044.08,4,0,2,org.apache.jackrabbit.test.AbstractJCRTest,0.33,11,3,7,0,11,4,0,10,223,1
"org.apache.jackrabbit.test.api.version.GetVersionableUUIDTest",1,0.00,1.00,5,0.06,682.63,1,0,2,7,2,102.47,14,9,1,5,122.61,0.00,0.80,0.00,0,0.00,1,166.78,0,0,1,org.apache.jackrabbit.test.api.version.AbstractVersionTest,0.00,6,4,1,0,6,1,0,3,41,1
"org.apache.jackrabbit.test.api.version.MergeCancelMergeTest",4,0.33,1.50,41,0.58,18082.20,5,1,5,27,2,56.72,34,45,1,5,104.82,0.00,0.80,0.75,0,0.00,3,1750.00,2,0,1,org.apache.jackrabbit.test.api.version.AbstractMergeTest,0.56,23,4,6,0,23,4,0,18,331,1
"org.apache.jackrabbit.test.api.version.MergeCheckedoutSubNodeTest",5,0.25,1.20,36,0.48,9050.36,6,1,3,24,2,65.68,40,44,1,5,113.78,0.00,0.80,0.80,0,0.00,2,1448.72,2,0,1,org.apache.jackrabbit.test.api.version.AbstractMergeTest,0.54,19,4,6,0,19,5,0,20,297,1
"org.apache.jackrabbit.test.api.version.MergeDoneMergeTest",4,0.33,1.50,39,0.54,14273.50,5,1,5,27,2,59.23,33,43,1,5,107.34,0.00,0.80,0.75,0,0.00,3,1614.79,2,0,1,org.apache.jackrabbit.test.api.version.AbstractMergeTest,0.56,23,4,6,0,23,4,0,17,309,1
"org.apache.jackrabbit.test.api.version.MergeNodeIteratorTest",3,0.00,3.00,60,0.78,31499.22,4,1,5,22,2,46.42,35,69,1,5,90.55,0.00,0.80,1.00,0,0.00,6,2342.89,1,0,1,org.apache.jackrabbit.test.api.version.AbstractMergeTest,0.38,19,4,9,0,19,3,0,21,433,1
"org.apache.jackrabbit.test.api.version.MergeNodeTest",12,0.09,2.08,110,1.36,32007.85,13,1,12,52,3,60.15,105,145,1,5,108.26,0.00,0.80,0.92,0,0.00,5,4068.68,3,0,2,org.apache.jackrabbit.test.api.version.AbstractMergeTest,0.43,40,4,25,0,40,12,0,64,790,1
"org.apache.jackrabbit.test.api.version.MergeNonVersionableSubNodeTest",5,0.00,1.00,49,0.79,16328.22,5,0,2,24,2,59.26,53,55,1,5,107.73,0.00,0.80,0.00,0,0.00,1,2357.39,1,0,1,org.apache.jackrabbit.test.api.version.AbstractMergeTest,0.36,19,4,5,0,19,5,0,32,451,1
"org.apache.jackrabbit.test.api.version.MergeSubNodeTest",8,0.14,1.25,75,1.02,20896.44,9,1,3,33,2,60.34,71,83,1,5,108.45,0.00,0.80,0.88,0,0.00,3,3071.84,2,0,1,org.apache.jackrabbit.test.api.version.AbstractMergeTest,0.48,25,4,10,0,25,8,0,36,613,1
"org.apache.jackrabbit.test.api.version.OnParentVersionAbortTest",3,0.00,1.67,15,0.13,1576.55,3,0,4,9,3,81.09,23,23,1,6,123.39,0.00,0.83,0.00,0,2.00,2,375.63,2,0,2,org.apache.jackrabbit.test.api.version.AbstractOnParentVersionTest,0.20,6,5,5,0,6,3,0,6,91,1
"org.apache.jackrabbit.test.api.version.OnParentVersionComputeTest",2,0.00,1.00,13,0.12,1811.76,2,0,4,10,2,76.40,14,16,1,6,118.69,0.00,0.83,0.00,0,2.00,1,366.07,1,0,1,org.apache.jackrabbit.test.api.version.AbstractOnParentVersionTest,0.21,8,5,2,0,8,2,0,2,84,1
"org.apache.jackrabbit.test.api.version.OnParentVersionCopyTest",3,1.00,1.33,20,0.19,3512.10,4,1,4,14,2,75.45,23,25,1,6,117.74,0.00,0.83,0.33,0,2.00,2,574.32,2,0,1,org.apache.jackrabbit.test.api.version.AbstractOnParentVersionTest,0.20,11,5,4,0,11,3,0,7,127,1
"org.apache.jackrabbit.test.api.version.OnParentVersionIgnoreTest",3,0.00,1.33,22,0.22,3656.27,3,0,4,15,2,82.89,20,27,1,6,115.11,0.00,0.83,0.00,0,2.00,2,654.51,2,0,1,org.apache.jackrabbit.test.api.version.AbstractOnParentVersionTest,0.20,12,5,4,0,12,3,0,4,144,1
"org.apache.jackrabbit.test.api.version.OnParentVersionInitializeTest",2,0.00,1.00,13,0.12,1811.76,2,0,4,10,2,76.40,14,16,1,6,118.69,0.00,0.83,0.00,0,2.00,1,366.07,1,0,1,org.apache.jackrabbit.test.api.version.AbstractOnParentVersionTest,0.21,8,5,2,0,8,2,0,2,84,1
"org.apache.jackrabbit.test.api.version.RemoveVersionTest",10,0.25,2.90,113,1.23,37329.74,14,4,12,41,3,71.56,69,141,1,5,103.78,0.00,0.80,0.48,0,0.00,5,3691.05,3,0,2,org.apache.jackrabbit.test.api.version.AbstractVersionTest,0.29,31,4,29,0,31,10,0,26,730,1
"org.apache.jackrabbit.test.api.version.RestoreTest",20,0.01,1.95,190,2.31,64685.00,24,4,12,60,3,75.39,133,241,1,5,107.61,0.00,0.80,0.26,0,0.00,4,6940.11,3,0,2,org.apache.jackrabbit.test.api.version.AbstractVersionTest,0.23,40,4,39,0,40,20,0,53,1357,1
"org.apache.jackrabbit.test.api.version.SessionMoveVersionExceptionTest",2,0.00,2.00,15,0.18,3143.35,2,0,3,10,2,84.77,27,24,1,5,114.15,0.00,0.80,0.00,0,0.00,2,538.64,0,0,1,org.apache.jackrabbit.test.api.version.AbstractVersionTest,0.00,8,4,4,0,8,2,0,11,114,1
"org.apache.jackrabbit.test.api.version.TestAll",1,0.00,1.00,33,0.46,18822.70,1,0,3,3,31,36.57,11,35,2,2,80.69,0.00,0.50,0.00,0,1.00,1,1374.91,0,1,29,junit.framework.TestCase,0.00,2,1,1,0,2,0,0,2,255,1
"org.apache.jackrabbit.test.api.version.VersionGraphTest",4,0.00,1.50,20,0.26,4098.17,4,0,5,16,2,73.02,34,28,1,5,121.13,0.00,0.80,0.00,0,0.00,2,768.90,0,0,1,org.apache.jackrabbit.test.api.version.AbstractVersionTest,0.00,12,4,6,0,12,4,0,6,166,1
"org.apache.jackrabbit.test.api.version.VersionHistoryTest",59,0.06,1.90,302,3.33,88221.81,61,2,21,157,2,120.01,262,448,1,5,119.78,0.00,0.80,0.56,0,0.00,13,9995.21,3,0,1,org.apache.jackrabbit.test.api.version.AbstractVersionTest,0.12,98,4,112,0,98,59,0,63,2125,1
"org.apache.jackrabbit.test.api.version.VersionHistoryTest$ItemVisitorTest",3,0.50,1.00,7,0.06,477.71,4,1,21,5,0,142.43,0,11,0,1,142.43,0.00,0.00,0.67,0,1.00,1,165.42,0,0,0,java.lang.Object,0.00,2,0,3,0,2,3,1,0,48,1
"org.apache.jackrabbit.test.api.version.VersionLabelTest",17,0.45,2.00,130,1.57,37211.80,22,5,8,46,3,70.72,126,163,2,5,113.01,0.25,0.67,0.62,0,0.00,3,4696.80,3,0,1,org.apache.jackrabbit.test.api.version.AbstractVersionTest,0.24,29,4,34,1,29,17,0,26,957,1
"org.apache.jackrabbit.test.api.version.VersionStorageTest",3,0.50,1.67,18,0.22,3938.95,4,1,5,15,2,69.19,26,28,1,5,117.30,0.00,0.80,0.67,0,2.00,2,664.87,1,0,1,org.apache.jackrabbit.test.api.version.AbstractVersionTest,0.19,12,4,5,0,12,3,0,11,143,1
"org.apache.jackrabbit.test.api.version.VersionTest",53,0.05,1.81,251,2.78,72652.90,55,2,19,136,2,123.94,222,386,1,5,123.70,0.00,0.80,0.55,0,0.00,13,8348.91,2,0,1,org.apache.jackrabbit.test.api.version.AbstractVersionTest,0.13,83,4,96,0,83,53,0,58,1797,1
"org.apache.jackrabbit.test.api.version.VersionTest$ItemVisitorTest",3,0.50,1.00,7,0.06,477.71,4,1,19,5,0,142.43,0,11,0,1,142.43,0.00,0.00,0.67,0,1.00,1,165.42,0,0,0,java.lang.Object,0.00,2,0,3,0,2,3,1,0,48,1
"org.apache.jackrabbit.test.api.version.WorkspaceMoveVersionExceptionTest",2,0.00,2.00,13,0.17,2838.02,2,0,3,10,2,87.61,26,22,1,5,116.99,0.00,0.80,0.00,0,0.00,2,522.03,0,0,1,org.apache.jackrabbit.test.api.version.AbstractVersionTest,0.00,8,4,4,0,8,2,0,10,110,1
"org.apache.jackrabbit.test.api.version.WorkspaceRestoreTest",9,0.30,2.78,116,1.46,44978.87,19,10,11,38,3,69.16,61,148,1,5,101.38,0.00,0.80,0.37,0,0.00,8,4381.14,2,0,2,org.apache.jackrabbit.test.api.version.AbstractVersionTest,0.30,29,4,25,0,29,9,0,30,826,1
"org.apache.jackrabbit.servlet.remote.JNDIRemoteBindingServlet",2,0.67,3.50,21,0.31,11939.90,5,3,10,14,4,153.67,50,33,0,3,103.67,0.00,0.67,0.67,0,0.00,5,928.84,0,0,4,org.apache.jackrabbit.servlet.remote.RemoteBindingServlet,0.00,12,2,7,0,12,2,0,6,181,1
"org.apache.jackrabbit.servlet.remote.JNDIRemoteRepositoryServlet",1,1.00,5.00,15,0.26,12173.73,2,1,12,11,7,47.76,46,26,0,4,94.59,0.00,0.75,0.00,0,1.00,5,790.81,1,1,7,org.apache.jackrabbit.servlet.remote.RemoteRepositoryServlet,0.50,10,3,5,0,10,0,0,3,145,1
"org.apache.jackrabbit.servlet.remote.RMIRemoteBindingServlet",2,0.00,4.00,15,0.17,3711.98,4,2,7,5,2,152.72,42,26,0,3,113.42,0.00,0.67,0.50,0,0.00,4,505.58,0,0,2,org.apache.jackrabbit.servlet.remote.RemoteBindingServlet,0.00,3,2,8,0,3,2,0,7,112,1
"org.apache.jackrabbit.servlet.remote.RMIRemoteRepositoryServlet",1,1.00,1.00,4,0.04,503.13,2,1,5,2,5,109.18,39,8,0,4,127.27,0.00,0.75,0.00,0,1.00,1,127.43,1,1,5,org.apache.jackrabbit.servlet.remote.RemoteRepositoryServlet,0.50,1,3,1,0,1,0,0,3,33,1
"org.apache.jackrabbit.servlet.remote.RemoteBindingServlet",3,0.50,3.33,26,0.36,13157.05,5,2,12,17,7,117.49,53,48,3,2,108.36,3.00,0.20,0.17,2,4.00,6,1092.86,0,2,4,javax.servlet.http.HttpServlet,0.00,14,1,10,3,14,1,0,6,222,1
"org.apache.jackrabbit.servlet.remote.RemoteRepositoryServlet",1,0.00,5.00,10,0.18,7230.12,1,0,4,5,6,134.84,31,25,3,3,102.94,1.50,0.33,0.00,0,1.00,5,532.58,1,1,3,org.apache.jackrabbit.servlet.AbstractRepositoryServlet,0.00,4,2,5,3,4,0,0,2,107,2
"org.apache.jackrabbit.servlet.remote.URLRemoteBindingServlet",1,1.00,4.00,13,0.17,5789.08,2,1,6,9,2,106.76,35,22,0,3,99.50,0.00,0.67,0.00,0,1.00,4,520.75,1,0,2,org.apache.jackrabbit.servlet.remote.RemoteBindingServlet,0.00,8,2,4,0,8,1,0,3,104,1
"org.apache.jackrabbit.servlet.remote.URLRemoteRepositoryServlet",1,1.00,3.00,9,0.10,2780.23,2,1,7,4,5,89.94,39,15,0,4,108.03,0.00,0.75,0.00,0,1.00,3,314.58,2,1,5,org.apache.jackrabbit.servlet.remote.RemoteRepositoryServlet,0.50,3,3,3,0,3,0,0,3,68,1
"org.apache.jackrabbit.core.security.authorization.principalbased.ACLEditor",17,0.05,3.00,175,2.43,99832.88,21,4,29,66,22,85.89,98,215,2,2,103.77,0.00,0.50,0.21,10,80.00,7,7295.48,3,11,21,org.apache.jackrabbit.core.ProtectedItemModifier,0.00,49,1,51,0,49,6,2,34,1362,1
"org.apache.jackrabbit.core.security.authorization.principalbased.ACLProvider",7,0.06,3.29,99,1.51,60564.84,10,3,44,59,28,64.75,46,121,1,2,96.97,0.00,0.50,0.29,0,20.00,8,4525.94,6,3,27,org.apache.jackrabbit.core.security.authorization.AbstractAccessControlProvider,0.00,52,1,23,0,52,4,1,17,775,1
"org.apache.jackrabbit.core.security.authorization.principalbased.ACLProvider$CompiledPermissionImpl",6,0.00,3.00,63,0.87,28703.17,9,3,44,34,6,72.25,40,89,0,2,104.47,0.00,0.50,0.33,0,2.00,7,2615.76,2,1,6,org.apache.jackrabbit.core.security.authorization.AbstractCompiledPermissions,0.14,28,1,18,0,28,5,1,24,496,1
"org.apache.jackrabbit.core.security.authorization.principalbased.ACLProvider$Entries",2,1.00,4.00,34,0.54,39672.58,3,1,44,11,4,42.84,16,41,0,1,90.94,0.00,0.00,0.00,0,2.00,7,1617.61,0,1,4,java.lang.Object,0.00,9,0,8,0,9,1,0,2,279,1
"org.apache.jackrabbit.core.security.authorization.principalbased.ACLTemplate",16,0.07,2.12,110,1.68,61608.44,25,9,30,59,24,95.69,84,147,11,1,113.56,0.00,0.00,0.18,3,42.00,6,5029.26,0,4,13,java.lang.Object,0.00,43,0,34,0,43,12,2,31,942,0
"org.apache.jackrabbit.core.security.authorization.principalbased.ACLTemplate$Entry",4,0.17,1.25,20,0.23,5568.15,6,2,30,12,4,170.12,7,27,0,2,120.12,0.00,0.50,0.62,0,0.00,2,692.44,1,0,4,org.apache.jackrabbit.core.security.authorization.AccessControlEntryImpl,0.00,8,1,5,0,8,4,0,3,150,0
"org.apache.jackrabbit.core.security.authorization.principalbased.ACLTemplateTest",4,1.00,1.00,17,0.24,3532.40,5,1,8,13,6,125.34,3,23,1,6,125.34,0.00,0.83,0.25,2,0.00,1,725.60,0,2,5,org.apache.jackrabbit.core.security.authorization.AbstractACLTemplateTest,0.12,9,5,4,0,9,2,0,1,161,1
"org.apache.jackrabbit.core.security.authorization.principalbased.EntryTest",8,0.32,1.62,89,1.40,47558.58,12,4,19,35,11,102.32,6,99,1,6,102.32,0.00,0.83,0.53,1,0.00,4,4212.95,2,2,10,org.apache.jackrabbit.core.security.authorization.AbstractEntryTest,0.13,27,5,13,0,27,6,0,4,793,1
"org.apache.jackrabbit.core.security.authorization.principalbased.EvaluationUtil",2,0.00,3.00,19,0.23,8284.63,2,0,13,9,11,156.67,3,24,4,1,106.67,0.00,0.00,0.00,0,2.00,4,700.46,0,2,7,java.lang.Object,0.00,7,0,6,0,7,0,0,1,139,0
"org.apache.jackrabbit.core.security.authorization.principalbased.GlobPattern",9,0.00,2.11,49,0.45,12911.50,13,4,5,20,4,159.78,18,67,3,1,119.90,0.00,0.00,0.25,2,14.00,4,1355.93,0,2,1,java.lang.Object,0.00,11,0,19,0,11,7,0,10,312,0
"org.apache.jackrabbit.core.security.authorization.principalbased.GlobPatternTest",2,1.00,1.00,4,0.03,501.50,3,1,3,3,2,180.76,5,7,1,3,140.88,0.00,0.67,0.00,0,2.00,1,103.22,0,0,1,org.apache.jackrabbit.test.JUnitTest,0.00,1,2,2,0,1,2,0,3,30,1
"org.apache.jackrabbit.core.security.authorization.principalbased.LockTest",2,0.00,1.00,5,0.06,862.10,2,0,8,4,6,189.02,3,9,1,7,139.02,0.00,0.86,0.00,0,2.00,1,191.42,0,2,5,org.apache.jackrabbit.core.security.authorization.AbstractLockManagementTest,0.00,2,6,2,0,2,0,0,1,49,1
"org.apache.jackrabbit.core.security.authorization.principalbased.NodeTypeTest",2,0.00,1.00,5,0.06,862.10,2,0,8,4,6,189.02,3,9,1,7,139.02,0.00,0.86,0.00,0,2.00,1,191.42,0,2,5,org.apache.jackrabbit.core.security.authorization.AbstractNodeTypeManagementTest,0.00,2,6,2,0,2,0,0,1,49,1
"org.apache.jackrabbit.core.security.authorization.principalbased.TestAll",1,0.00,1.00,11,0.11,3828.97,1,0,3,3,7,55.46,10,13,0,2,103.94,0.00,0.50,0.00,0,1.00,1,341.05,0,1,7,junit.framework.TestCase,0.00,2,1,1,0,2,0,0,2,79,1
"org.apache.jackrabbit.core.security.authorization.principalbased.VersionTest",5,0.12,2.20,38,0.52,10094.75,7,2,15,19,8,163.27,9,54,1,7,113.27,0.00,0.86,0.40,0,2.00,5,1571.06,4,2,7,org.apache.jackrabbit.core.security.authorization.AbstractVersionManagementTest,0.00,14,6,11,0,14,3,0,7,318,1
"org.apache.jackrabbit.core.security.authorization.principalbased.WriteTest",4,1.00,1.75,26,0.39,9167.15,5,1,17,18,12,165.38,7,31,1,7,115.38,0.00,0.86,0.00,2,4.00,4,1171.68,4,2,11,org.apache.jackrabbit.core.security.authorization.AbstractWriteTest,0.09,14,6,7,0,14,2,0,5,235,1
"org.apache.jackrabbit.jcr.AddMixinTest",7,0.25,2.29,69,0.86,27052.75,9,2,10,27,3,89.09,38,85,1,4,106.97,0.00,0.75,0.29,0,0.00,4,2594.57,2,0,2,org.apache.jackrabbit.test.AbstractJCRTest,0.30,20,3,16,0,20,7,0,6,507,1
"org.apache.jackrabbit.jcr.BitsetENTCacheImpl",14,0.10,1.71,90,0.92,26597.96,20,6,7,46,7,73.74,98,112,4,1,116.03,0.00,0.00,0.26,5,0.00,4,2766.73,0,4,3,java.lang.Object,0.00,32,0,24,0,32,10,1,33,622,0
"org.apache.jackrabbit.jcr.BitsetENTCacheImpl$BitsetKey",12,0.09,3.42,124,1.60,103573.30,15,3,7,20,2,60.13,84,149,0,1,102.42,0.00,0.00,0.42,1,0.00,8,4804.37,0,3,2,java.lang.Object,0.00,8,0,41,0,8,9,1,21,958,1
"org.apache.jackrabbit.jcr.DefinitionValidator",6,0.00,11.33,280,4.70,772295.73,9,3,22,63,12,117.67,161,342,1,1,68.18,0.00,0.00,0.33,4,10.00,42,14085.66,0,1,11,java.lang.Object,0.00,57,0,68,0,57,5,0,55,2150,0
"org.apache.jackrabbit.jcr.EffectiveNodeType",19,0.00,1.00,20,0.14,804.46,19,0,5,19,18,198.08,42,23,15,1,158.19,0.00,0.00,0.00,0,19.00,1,408.30,0,13,4,,0.00,0,0,19,0,0,6,0,7,142,1
"org.apache.jackrabbit.jcr.EffectiveNodeTypeCache",8,0.00,1.00,10,0.06,224.51,8,0,2,8,5,127.37,53,11,2,3,159.60,0.00,0.67,0.00,0,8.00,1,168.83,0,0,3,,0.00,0,2,8,0,0,8,0,10,62,1
"org.apache.jackrabbit.jcr.EffectiveNodeTypeCache$Key",3,0.00,1.00,4,0.02,72.40,3,0,2,3,1,117.82,22,5,0,2,160.11,0.00,0.50,0.00,0,3.00,1,54.98,0,2,1,,0.00,0,1,3,0,0,1,0,3,23,0
"org.apache.jackrabbit.jcr.EffectiveNodeTypeImpl",26,0.05,4.50,342,5.15,443741.03,33,7,17,79,8,77.90,147,470,2,1,95.77,0.00,0.00,0.19,3,170.00,27,15462.53,0,18,6,java.lang.Object,0.00,53,0,117,0,53,8,2,75,2819,1
"org.apache.jackrabbit.jcr.EffectiveNodeTypeProvider",4,0.00,1.00,5,0.06,370.50,4,0,5,4,12,105.51,39,11,9,1,155.51,0.00,0.00,0.00,0,4.00,1,165.71,0,0,3,,0.00,0,0,4,0,0,4,0,5,49,1
"org.apache.jackrabbit.jcr.ItemDefinitionImpl",9,0.10,1.56,39,0.34,6216.23,14,5,8,23,6,93.86,56,57,3,1,126.08,0.00,0.00,0.29,0,0.00,3,1025.52,0,2,3,java.lang.Object,0.00,14,0,14,2,14,7,1,19,250,1
"org.apache.jackrabbit.jcr.ItemDefinitionProvider",8,0.00,1.00,9,0.15,1205.77,8,0,8,8,19,133.70,117,28,14,1,153.85,0.00,0.00,0.00,0,8.00,1,457.08,0,8,6,,0.00,0,0,8,0,0,0,0,10,122,1
"org.apache.jackrabbit.jcr.ItemDefinitionProviderImpl",15,0.01,3.27,146,1.84,114775.54,20,5,16,34,14,86.68,88,219,1,1,104.55,0.00,0.00,0.19,5,27.00,10,5516.36,0,13,13,java.lang.Object,0.00,19,0,49,0,19,2,1,48,1095,1
"org.apache.jackrabbit.jcr.MandatoryItemTest",3,0.50,6.67,62,0.80,40639.96,6,3,11,26,3,110.11,11,81,1,4,89.50,0.00,0.75,0.67,0,0.00,9,2388.81,1,0,2,org.apache.jackrabbit.test.AbstractJCRTest,0.17,23,3,20,0,23,3,0,11,453,1
"org.apache.jackrabbit.jcr.NodeDefinitionImpl",4,0.67,2.25,29,0.33,13680.00,5,1,9,10,6,69.17,29,39,1,2,111.46,0.00,0.50,0.50,0,0.00,4,995.40,0,2,6,org.apache.jackrabbit.jcr2spi.nodetype.ItemDefinitionImpl,0.00,6,1,9,0,6,2,1,10,209,1
"org.apache.jackrabbit.jcr.NodeTypeCache",8,0.36,2.12,63,0.73,35124.48,10,2,12,29,7,92.75,44,88,3,1,110.62,0.00,0.00,0.19,0,22.00,6,2188.45,0,3,4,java.lang.Object,0.00,21,0,17,0,21,5,0,10,441,1
"org.apache.jackrabbit.jcr.NodeTypeCache$NodeTypeStorage",5,0.00,1.00,11,0.13,1700.07,5,0,12,10,3,139.84,0,20,0,1,139.84,0.00,0.00,0.00,0,5.00,1,393.04,0,2,3,java.lang.Object,0.00,5,0,5,0,5,3,0,0,101,0
"org.apache.jackrabbit.jcr.NodeTypeImpl",26,0.04,2.50,195,2.23,93530.58,31,5,26,66,18,93.39,153,255,3,1,111.26,0.00,0.00,0.24,6,234.00,14,6684.45,0,14,16,java.lang.Object,0.00,40,0,65,0,40,12,1,57,1337,1
"org.apache.jackrabbit.jcr.NodeTypeImplTest",2,1.00,3.00,28,0.28,7939.41,5,3,6,13,5,139.54,5,32,1,4,99.65,0.00,0.75,0.83,0,0.00,3,852.54,1,0,4,org.apache.jackrabbit.test.AbstractJCRTest,0.18,11,3,6,0,11,2,0,3,174,1
"org.apache.jackrabbit.jcr.NodeTypeManagerImpl",17,0.08,3.18,218,3.17,243797.96,24,7,29,86,20,79.87,94,262,6,1,97.75,0.00,0.00,0.22,4,83.00,17,9497.15,0,10,17,java.lang.Object,0.00,69,0,54,0,69,7,3,30,1655,1
"org.apache.jackrabbit.jcr.NodeTypeRegistry",10,0.00,1.00,11,0.09,499.39,10,0,6,10,10,113.50,110,19,5,1,157.63,0.00,0.00,0.00,0,10.00,1,275.46,0,2,5,,0.00,0,0,10,0,0,8,0,11,90,1
"org.apache.jackrabbit.jcr.NodeTypeRegistryImpl",27,0.09,3.07,350,4.38,337263.91,35,8,29,120,19,66.00,187,404,2,1,98.23,0.00,0.00,0.21,7,113.00,20,13142.37,0,3,17,java.lang.Object,0.00,93,0,83,0,93,24,3,104,2417,1
"org.apache.jackrabbit.jcr.NodeTypeRegistryImpl$NodeTypeDefinitionMap",15,0.29,2.87,139,2.20,206593.79,16,1,29,78,6,152.57,26,164,0,1,102.57,0.00,0.00,0.73,3,0.00,19,6602.13,0,7,6,java.lang.Object,0.00,63,0,43,0,63,8,2,16,1116,1
"org.apache.jackrabbit.jcr.NodeTypeRegistryListener",3,0.00,1.00,4,0.02,61.53,3,0,1,3,4,118.38,22,5,3,1,160.67,0.00,0.00,0.00,0,3.00,1,56.53,0,0,1,,0.00,0,0,3,0,0,3,0,4,23,1
"org.apache.jackrabbit.jcr.NodeTypeStorage",5,0.00,1.00,6,0.06,431.84,5,0,5,5,5,176.37,19,7,3,1,155.75,0.00,0.00,0.00,0,5.00,1,179.87,0,2,2,,0.00,0,0,5,0,0,3,0,3,55,1
"org.apache.jackrabbit.jcr.PropertyDefinitionImpl",5,0.25,2.40,42,0.52,24208.28,7,2,12,16,8,75.87,30,51,1,2,108.09,0.00,0.50,0.30,0,0.00,5,1566.73,1,2,8,org.apache.jackrabbit.jcr2spi.nodetype.ItemDefinitionImpl,0.00,11,1,12,0,11,3,1,9,309,1
"org.apache.jackrabbit.jcr.RemoveMixinTest",5,0.00,1.60,43,0.53,12607.32,7,2,9,21,3,110.65,22,55,1,4,110.42,0.00,0.75,0.50,0,0.00,2,1586.66,2,0,2,org.apache.jackrabbit.test.AbstractJCRTest,0.32,16,3,8,0,16,5,0,4,320,1
"org.apache.jackrabbit.jcr.TestAll",1,0.00,1.00,8,0.07,2228.14,1,0,3,3,5,131.56,3,10,1,2,110.95,0.00,0.50,0.00,0,1.00,1,223.66,0,1,4,junit.framework.TestCase,0.00,2,1,1,0,2,0,0,1,55,1
"org.apache.jackrabbit.commons.AbstractItem",3,0.00,4.00,36,0.42,28344.66,3,0,4,12,2,117.25,54,52,2,1,99.12,0.00,0.00,0.00,0,3.00,7,1264.29,1,2,0,java.lang.Object,0.00,9,0,12,2,9,1,1,5,248,2
"org.apache.jackrabbit.commons.AbstractNode",32,0.00,1.91,182,2.16,72905.60,32,0,19,79,2,88.96,435,250,0,2,118.34,0.00,0.50,0.00,8,32.00,8,6493.79,0,19,2,org.apache.jackrabbit.commons.AbstractItem,0.00,47,1,61,0,47,13,1,44,1373,2
"org.apache.jackrabbit.commons.AbstractProperty",25,0.00,1.24,80,0.86,22242.92,25,0,11,54,1,81.45,269,115,0,2,129.93,0.00,0.50,0.00,1,25.00,4,2583.76,0,5,1,org.apache.jackrabbit.commons.AbstractItem,0.00,29,1,31,0,29,20,2,29,610,2
"org.apache.jackrabbit.commons.AbstractRepository",3,0.00,1.00,7,0.06,673.66,3,0,4,3,6,92.78,30,11,6,1,141.25,0.00,0.00,0.00,1,3.00,1,170.39,0,3,0,java.lang.Object,0.00,0,0,3,10,0,0,1,4,50,2
"org.apache.jackrabbit.commons.AbstractRepositoryTest",5,0.00,1.00,32,0.30,5321.55,5,0,4,8,2,85.91,30,38,0,3,118.14,0.00,0.67,0.00,0,5.00,1,893.01,3,0,2,org.apache.jackrabbit.commons.MockCase,0.00,3,2,5,0,3,5,0,6,206,1
"org.apache.jackrabbit.commons.AbstractSession",14,0.69,3.07,119,1.60,62734.58,15,1,26,61,9,88.16,197,187,2,1,108.30,0.00,0.00,0.36,5,34.00,10,4795.81,0,5,7,java.lang.Object,0.00,47,0,43,5,47,9,1,32,937,2
"org.apache.jackrabbit.commons.AbstractWorkspace",1,0.00,4.00,12,0.14,4857.39,1,0,8,6,2,91.04,15,21,1,1,101.40,0.00,0.00,0.00,0,1.00,4,428.08,0,0,1,java.lang.Object,0.00,5,0,4,2,5,1,1,2,86,2
"org.apache.jackrabbit.commons.MockCase",4,0.11,1.50,25,0.27,6941.08,7,3,7,18,1,72.24,47,35,1,2,116.37,1.00,0.33,0.42,0,2.00,3,816.71,0,2,0,junit.framework.TestCase,0.00,14,1,6,1,14,2,1,11,175,1
"org.apache.jackrabbit.commons.MockCase$MethodCall",2,2.00,1.00,9,0.09,1223.90,4,2,7,5,0,76.60,18,12,0,1,126.60,0.00,0.00,0.00,0,2.00,1,256.69,0,0,0,java.lang.Object,0.00,3,0,2,0,3,2,0,4,67,2
"org.apache.jackrabbit.commons.NamespaceHelper",8,0.04,2.62,68,0.79,26946.46,12,4,8,30,6,79.93,104,93,5,1,109.31,0.00,0.00,0.28,1,0.00,5,2371.80,0,6,1,java.lang.Object,0.00,22,0,21,0,22,2,0,19,486,1
"org.apache.jackrabbit.ocm.transaction.jackrabbit.UserTransactionImpl",7,0.25,2.29,50,0.62,20864.25,11,4,12,18,2,79.70,42,77,1,1,111.93,0.00,0.00,0.46,0,0.00,4,1860.98,0,0,1,java.lang.Object,0.00,11,0,16,0,11,7,1,13,371,1
"org.apache.jackrabbit.ocm.transaction.jackrabbit.UserTransactionImpl$XidImpl",4,1.00,1.00,10,0.06,808.47,5,1,12,4,0,162.23,15,15,0,1,141.61,0.00,0.00,0.25,0,6.00,1,193.11,0,0,0,java.lang.Object,0.00,0,0,4,0,0,4,1,5,57,0
"org.apache.jackrabbit.server.jcr.JCRWebdavServer",3,0.25,1.33,20,0.20,4071.29,7,4,19,9,9,87.86,41,26,1,1,117.24,0.00,0.00,0.08,0,4.00,2,610.62,0,0,8,java.lang.Object,0.00,6,0,4,0,6,3,1,14,139,1
"org.apache.jackrabbit.server.jcr.JCRWebdavServer$DavSessionImpl",3,0.00,1.00,7,0.05,428.90,3,0,19,3,1,110.58,18,11,0,2,142.80,0.00,0.50,0.00,0,1.00,1,142.37,0,0,1,org.apache.jackrabbit.webdav.jcr.JcrDavSession,0.00,0,1,3,0,0,3,0,3,44,1
"org.apache.jackrabbit.server.jcr.JCRWebdavServer$SessionCache",7,0.00,3.43,79,1.03,40415.60,9,2,19,38,5,59.96,54,103,0,1,102.25,0.00,0.00,0.50,4,0.00,8,3080.98,0,4,5,java.lang.Object,0.00,31,0,24,0,31,3,0,14,580,1
"org.apache.jackrabbit.server.jcr.JCRWebdavServer$SessionMap",3,0.00,1.00,7,0.07,955.13,3,0,19,3,1,140.06,0,11,0,2,140.06,0.00,0.50,0.00,0,3.00,1,198.47,3,3,1,java.util.HashMap,0.00,0,1,3,0,0,0,0,0,58,2
"org.apache.jackrabbit.spi.commons.query.qom.AbstractQOMNode",4,0.67,2.00,17,0.14,2807.20,5,1,4,8,12,93.75,27,27,8,1,125.97,0.00,0.00,0.50,0,4.00,3,423.77,0,3,4,java.lang.Object,0.00,4,0,8,32,4,1,0,5,107,2
"org.apache.jackrabbit.spi.commons.query.qom.AndImpl",4,0.33,1.00,13,0.10,1257.96,6,2,3,5,9,101.31,26,18,5,3,133.53,0.00,0.67,0.25,0,8.00,1,293.91,0,3,5,org.apache.jackrabbit.spi.commons.query.qom.ConstraintImpl,0.00,1,2,4,0,1,1,1,7,80,1
"org.apache.jackrabbit.spi.commons.query.qom.BindVariableValueImpl",4,0.67,1.00,11,0.08,921.37,5,1,3,5,10,108.95,24,18,6,3,141.17,0.00,0.67,0.50,0,4.00,1,242.68,1,3,5,org.apache.jackrabbit.spi.commons.query.qom.StaticOperandImpl,0.00,1,2,4,0,1,1,1,7,68,1
"org.apache.jackrabbit.spi.commons.query.qom.ChildNodeImpl",6,0.20,1.17,19,0.16,3049.96,8,2,6,10,10,99.63,36,29,5,3,131.86,0.00,0.67,0.33,0,14.00,2,486.67,2,5,6,org.apache.jackrabbit.spi.commons.query.qom.ConstraintImpl,0.00,4,2,7,0,4,1,1,9,123,1
"org.apache.jackrabbit.spi.commons.query.qom.ChildNodeJoinConditionImpl",4,0.33,1.00,13,0.10,1304.73,6,2,3,5,8,101.19,26,22,4,3,133.41,0.00,0.67,0.25,0,8.00,1,306.29,1,3,5,org.apache.jackrabbit.spi.commons.query.qom.JoinConditionImpl,0.00,1,2,4,0,1,1,1,7,84,1
"org.apache.jackrabbit.spi.commons.query.qom.ColumnImpl",8,0.07,1.00,24,0.18,2957.60,12,4,3,9,12,90.69,59,36,8,2,132.98,0.00,0.50,0.19,0,32.00,1,538.27,1,7,5,org.apache.jackrabbit.spi.commons.query.qom.AbstractQOMNode,0.00,1,1,8,0,1,1,1,14,145,1
"org.apache.jackrabbit.spi.commons.query.qom.ComparisonImpl",5,0.17,1.00,17,0.13,1562.33,8,3,4,6,12,85.45,41,26,5,3,133.56,0.00,0.67,0.20,0,14.00,1,384.50,0,3,8,org.apache.jackrabbit.spi.commons.query.qom.ConstraintImpl,0.00,1,2,5,0,1,2,1,9,102,1
"org.apache.jackrabbit.spi.commons.query.qom.ConstraintImpl",1,0.00,1.00,3,0.02,160.59,1,0,2,1,16,136.07,4,7,13,2,135.83,9.00,0.09,0.00,0,1.00,1,58.53,0,0,3,org.apache.jackrabbit.spi.commons.query.qom.AbstractQOMNode,0.00,0,1,1,9,0,1,1,1,19,2
"org.apache.jackrabbit.spi.commons.query.qom.DefaultQOMTreeVisitor",27,0.00,1.00,55,0.46,5451.48,27,0,0,27,29,162.23,85,83,1,1,141.62,0.00,0.00,0.00,0,27.00,1,1370.63,0,27,28,java.lang.Object,0.00,0,0,27,1,0,0,1,28,384,1
"org.apache.jackrabbit.spi.commons.query.qom.DefaultTraversingQOMTreeVisitor",10,0.00,1.30,51,0.63,17511.38,10,0,0,32,19,119.56,40,59,2,2,119.33,0.00,0.50,0.00,0,10.00,4,1895.93,0,10,18,org.apache.jackrabbit.spi.commons.query.qom.DefaultQOMTreeVisitor,0.00,22,1,13,0,22,0,0,11,428,1
"org.apache.jackrabbit.spi.commons.query.qom.DescendantNodeImpl",6,0.20,1.17,19,0.16,3049.96,8,2,6,10,10,99.63,36,33,5,3,131.86,0.00,0.67,0.33,0,14.00,2,486.67,2,5,6,org.apache.jackrabbit.spi.commons.query.qom.ConstraintImpl,0.00,4,2,7,0,4,1,1,9,123,1
"org.apache.jackrabbit.spi.commons.query.qom.DescendantNodeJoinConditionImpl",4,0.33,1.00,13,0.10,1304.73,6,2,3,5,8,101.19,26,22,4,3,133.41,0.00,0.67,0.25,0,8.00,1,306.29,1,3,5,org.apache.jackrabbit.spi.commons.query.qom.JoinConditionImpl,0.00,1,2,4,0,1,1,1,7,84,1
"org.apache.jackrabbit.spi.commons.query.qom.DynamicOperandImpl",3,0.50,1.00,9,0.06,681.71,4,1,3,3,16,116.77,16,15,12,2,134.65,7.00,0.11,0.67,0,1.00,1,179.42,1,2,4,org.apache.jackrabbit.spi.commons.query.qom.AbstractQOMNode,0.00,0,1,3,7,0,1,1,4,51,2
"org.apache.jackrabbit.spi.commons.query.qom.EquiJoinConditionImpl",8,0.07,1.00,25,0.18,2499.37,12,4,3,9,9,101.34,52,40,5,3,133.56,0.00,0.67,0.19,0,36.00,1,537.21,1,7,5,org.apache.jackrabbit.spi.commons.query.qom.JoinConditionImpl,0.00,1,2,8,0,1,1,1,13,148,1
"org.apache.jackrabbit.spi.commons.query.qom.FullTextSearchImpl",7,0.11,1.00,21,0.15,1808.37,10,3,3,8,9,91.92,49,34,5,3,134.21,0.00,0.67,0.24,0,24.00,1,442.56,1,6,5,org.apache.jackrabbit.spi.commons.query.qom.ConstraintImpl,0.00,1,2,7,0,1,1,1,12,122,1
"org.apache.jackrabbit.spi.commons.query.qom.FullTextSearchScoreImpl",2,0.00,1.00,5,0.05,500.81,2,0,3,3,9,123.01,10,10,5,3,140.88,0.00,0.67,0.00,0,2.00,1,139.27,0,1,5,org.apache.jackrabbit.spi.commons.query.qom.DynamicOperandImpl,0.00,1,2,2,0,1,1,1,3,40,1
"org.apache.jackrabbit.spi.commons.query.qom.JoinConditionImpl",1,0.00,1.00,3,0.02,160.59,1,0,2,1,10,156.45,3,7,7,2,135.83,4.00,0.17,0.00,0,1.00,1,58.53,0,0,3,org.apache.jackrabbit.spi.commons.query.qom.AbstractQOMNode,0.00,0,1,1,4,0,1,1,1,19,2
"org.apache.jackrabbit.spi.commons.query.qom.JoinImpl",7,0.04,1.00,28,0.26,6861.23,11,4,4,10,12,82.69,49,41,5,3,124.99,0.00,0.67,0.21,0,24.00,1,767.29,0,4,8,org.apache.jackrabbit.spi.commons.query.qom.SourceImpl,0.23,3,2,7,0,3,3,1,13,192,1
"org.apache.jackrabbit.spi.commons.query.qom.LengthImpl",3,1.00,1.00,9,0.08,915.87,4,1,3,5,10,101.41,18,13,5,3,133.64,0.00,0.67,0.33,0,4.00,1,227.75,0,2,6,org.apache.jackrabbit.spi.commons.query.qom.DynamicOperandImpl,0.00,2,2,3,0,2,1,1,5,62,1
"org.apache.jackrabbit.spi.commons.query.qom.LiteralImpl",3,1.00,1.00,9,0.07,909.92,4,1,3,4,7,133.89,13,13,4,3,133.66,0.00,0.67,0.33,0,4.00,1,216.64,0,2,4,org.apache.jackrabbit.spi.commons.query.qom.StaticOperandImpl,0.00,1,2,3,0,1,1,1,4,59,1
"org.apache.jackrabbit.spi.commons.query.qom.LowerCaseImpl",3,1.00,1.00,9,0.08,959.59,4,1,3,5,9,101.25,18,13,5,3,133.48,0.00,0.67,0.33,0,4.00,1,226.13,0,2,5,org.apache.jackrabbit.spi.commons.query.qom.DynamicOperandImpl,0.00,2,2,3,0,2,1,1,5,62,1
"org.apache.jackrabbit.spi.commons.query.qom.NodeLocalNameImpl",2,0.00,1.00,5,0.05,500.81,2,0,3,3,9,123.01,10,10,5,3,140.88,0.00,0.67,0.00,0,2.00,1,139.27,0,1,5,org.apache.jackrabbit.spi.commons.query.qom.DynamicOperandImpl,0.00,1,2,2,0,1,1,1,3,40,1
"org.apache.jackrabbit.spi.commons.query.qom.NodeNameImpl",2,0.00,1.00,5,0.05,500.81,2,0,3,3,9,123.01,10,8,5,3,140.88,0.00,0.67,0.00,0,2.00,1,139.27,0,1,5,org.apache.jackrabbit.spi.commons.query.qom.DynamicOperandImpl,0.00,1,2,2,0,1,1,1,3,40,1
"org.apache.jackrabbit.spi.commons.query.qom.NotImpl",3,1.00,1.00,9,0.07,885.84,4,1,3,4,9,101.53,18,13,5,3,133.75,0.00,0.67,0.33,0,4.00,1,209.36,0,2,5,org.apache.jackrabbit.spi.commons.query.qom.ConstraintImpl,0.00,1,2,3,0,1,1,1,5,58,1
"org.apache.jackrabbit.spi.commons.query.qom.OrImpl",4,0.33,1.00,13,0.10,1257.96,6,2,3,5,9,101.31,26,18,5,3,133.53,0.00,0.67,0.25,0,8.00,1,293.91,0,3,5,org.apache.jackrabbit.spi.commons.query.qom.ConstraintImpl,0.00,1,2,4,0,1,1,1,7,80,1
"org.apache.jackrabbit.spi.commons.query.qom.OrderingImpl",4,0.22,1.00,14,0.12,1936.78,7,3,3,5,12,89.77,31,21,7,2,132.06,0.00,0.50,0.17,0,8.00,1,362.36,0,2,6,org.apache.jackrabbit.spi.commons.query.qom.AbstractQOMNode,0.00,1,1,4,0,1,2,1,8,93,1
"org.apache.jackrabbit.spi.commons.query.qom.PropertyExistenceImpl",6,0.20,1.00,17,0.12,1424.73,8,2,3,7,9,108.84,37,28,5,3,141.06,0.00,0.67,0.33,0,14.00,1,354.29,1,5,5,org.apache.jackrabbit.spi.commons.query.qom.ConstraintImpl,0.00,1,2,6,0,1,1,1,10,100,1
"org.apache.jackrabbit.spi.commons.query.qom.PropertyValueImpl",4,0.67,1.00,11,0.09,1004.37,5,1,3,5,11,108.65,24,20,7,3,140.87,0.00,0.67,0.50,0,4.00,1,255.75,1,3,5,org.apache.jackrabbit.spi.commons.query.qom.DynamicOperandImpl,0.00,1,2,4,0,1,1,1,7,71,1
"org.apache.jackrabbit.spi.commons.query.qom.QOMTreeVisitor",27,0.00,1.00,28,0.29,1512.79,27,0,0,27,30,157.23,3,29,30,1,157.23,0.00,0.00,0.00,0,27.00,1,865.88,0,27,27,,0.00,0,0,27,0,0,0,0,1,275,1
"org.apache.jackrabbit.spi.commons.query.qom.QueryObjectModelFactoryImpl",49,0.01,2.04,241,3.17,118906.94,53,4,42,83,72,73.24,526,465,2,1,121.72,0.00,0.00,0.24,2,0.00,10,9501.31,0,48,70,java.lang.Object,0.00,34,0,100,0,34,1,1,73,2034,2
"org.apache.jackrabbit.spi.commons.query.qom.QueryObjectModelTree",8,0.06,1.50,43,0.50,14796.57,13,5,7,23,23,76.82,62,59,15,2,119.11,0.00,0.50,0.15,2,40.00,4,1487.49,0,5,10,org.apache.jackrabbit.spi.commons.query.qom.AbstractQOMNode,0.00,15,1,12,0,15,3,0,18,316,1
"org.apache.jackrabbit.spi.commons.query.qom.QueryObjectModelTree$DefaultTraversingQOMTreeVisitor",13,0.00,1.15,36,0.41,7358.34,13,0,7,29,14,138.06,0,56,0,1,138.06,0.00,0.00,0.00,1,24.00,3,1223.28,0,13,14,java.lang.Object,0.00,16,0,15,0,16,0,0,0,300,0
"org.apache.jackrabbit.spi.commons.query.qom.SameNodeImpl",5,0.25,1.20,17,0.15,2989.96,7,2,6,9,10,99.07,31,27,5,3,131.29,0.00,0.67,0.30,0,10.00,2,462.67,2,4,6,org.apache.jackrabbit.spi.commons.query.qom.ConstraintImpl,0.00,4,2,6,0,4,1,1,8,115,1
"org.apache.jackrabbit.spi.commons.query.qom.SameNodeJoinConditionImpl",7,0.11,1.00,21,0.15,1827.62,10,3,4,8,10,101.95,44,34,5,3,134.17,0.00,0.67,0.24,0,24.00,1,450.26,2,6,6,org.apache.jackrabbit.spi.commons.query.qom.JoinConditionImpl,0.00,1,2,7,0,1,1,1,11,124,1
"org.apache.jackrabbit.spi.commons.query.qom.SelectorImpl",7,0.25,1.00,19,0.13,1626.26,9,2,3,8,12,108.92,47,29,9,3,141.14,0.00,0.67,0.29,0,19.00,1,397.47,1,6,5,org.apache.jackrabbit.spi.commons.query.qom.SourceImpl,0.23,1,2,7,0,1,1,1,12,113,1
"org.apache.jackrabbit.spi.commons.query.qom.SourceImpl",2,0.00,1.00,4,0.03,209.72,2,0,2,2,8,164.47,6,6,5,2,143.86,2.00,0.25,0.00,0,2.00,1,78.18,0,0,4,org.apache.jackrabbit.spi.commons.query.qom.AbstractQOMNode,0.00,0,1,2,2,0,2,1,2,26,2
"org.apache.jackrabbit.spi.commons.query.qom.StaticOperandImpl",1,0.00,1.00,3,0.02,160.59,1,0,2,1,9,156.45,3,7,6,2,135.83,2.00,0.25,0.00,0,1.00,1,58.53,0,0,3,org.apache.jackrabbit.spi.commons.query.qom.AbstractQOMNode,0.00,0,1,1,2,0,1,1,1,19,2
"org.apache.jackrabbit.spi.commons.query.qom.UpperCaseImpl",3,1.00,1.00,9,0.08,959.59,4,1,3,5,9,101.25,18,13,5,3,133.48,0.00,0.67,0.33,0,4.00,1,226.13,0,2,5,org.apache.jackrabbit.spi.commons.query.qom.DynamicOperandImpl,0.00,2,2,3,0,2,1,1,5,62,1
"org.apache.jackrabbit.webdav.simple.DavResourceImpl",54,0.02,3.07,430,6.09,219320.26,68,14,69,178,54,92.93,291,628,2,1,110.80,0.00,0.00,0.09,22,1154.00,11,18282.93,0,26,52,java.lang.Object,0.00,124,0,166,4,124,28,3,107,3429,1
"org.apache.jackrabbit.webdav.simple.DavResourceImpl$PropertyExportCtx",9,0.00,1.89,43,0.47,10467.33,9,0,69,18,6,124.25,2,61,0,2,124.25,0.00,0.50,0.00,2,0.00,4,1399.81,0,1,6,org.apache.jackrabbit.server.io.AbstractExportContext,0.00,9,1,17,0,9,8,1,2,314,1
"org.apache.jackrabbit.webdav.simple.DavResourceImpl$ProperyImportCtx",8,0.14,1.12,22,0.13,1392.85,11,3,69,11,3,181.98,17,32,0,1,142.10,0.00,0.00,0.21,1,32.00,2,400.28,0,3,3,java.lang.Object,0.00,3,0,9,0,3,5,1,5,113,1
"org.apache.jackrabbit.webdav.simple.DavSessionImpl",6,0.60,1.00,16,0.13,1742.92,7,1,4,12,3,140.61,24,23,1,2,140.37,0.00,0.50,0.50,0,6.00,1,401.76,2,1,2,org.apache.jackrabbit.webdav.jcr.JcrDavSession,0.14,6,1,6,0,6,5,0,8,112,1
"org.apache.jackrabbit.webdav.simple.DavSessionProviderImpl",3,0.33,3.33,37,0.51,19201.65,6,3,15,19,10,80.35,43,46,1,1,100.49,0.00,0.00,0.56,0,1.00,6,1532.96,0,0,9,java.lang.Object,0.00,16,0,10,0,16,3,1,12,286,1
"org.apache.jackrabbit.webdav.simple.DefaultItemFilter",9,0.00,2.44,60,0.64,16964.88,13,4,9,25,2,116.21,41,77,1,1,115.98,0.00,0.00,0.25,1,27.00,4,1931.70,0,0,1,java.lang.Object,0.00,16,0,22,0,16,9,1,13,414,1
"org.apache.jackrabbit.webdav.simple.DeltaVResourceImpl",13,0.22,2.15,81,1.05,31329.61,16,3,28,41,25,97.29,75,114,3,2,115.16,3.00,0.20,0.13,3,56.00,4,3150.43,6,8,22,org.apache.jackrabbit.webdav.simple.DavResourceImpl,0.06,28,1,28,3,28,5,1,17,651,1
"org.apache.jackrabbit.webdav.simple.ItemFilter",5,0.00,1.00,6,0.04,228.27,5,0,2,5,3,115.64,35,7,3,1,157.93,0.00,0.00,0.00,0,5.00,1,128.18,0,0,0,,0.00,0,0,5,0,0,5,0,6,44,1
"org.apache.jackrabbit.webdav.simple.LocatorFactoryImpl",4,0.50,2.25,23,0.34,14951.84,6,2,5,15,3,156.49,8,33,0,1,116.61,0.00,0.00,0.12,1,6.00,6,1024.40,0,3,3,java.lang.Object,0.00,11,0,9,0,11,1,1,6,216,1
"org.apache.jackrabbit.webdav.simple.LocatorFactoryImpl$Locator",13,0.12,1.23,40,0.34,7000.65,17,4,5,21,3,181.65,21,56,0,1,131.65,0.00,0.00,0.13,4,74.00,2,1011.17,0,7,3,java.lang.Object,0.00,8,0,16,0,8,6,1,5,257,1
"org.apache.jackrabbit.webdav.simple.LocatorFactoryImplEx",4,1.00,2.25,21,0.22,7005.95,5,1,3,10,3,119.44,17,30,2,2,119.20,0.00,0.50,0.00,0,4.00,4,650.37,0,2,1,org.apache.jackrabbit.webdav.AbstractLocatorFactory,0.00,6,1,9,0,6,2,0,4,149,1
"org.apache.jackrabbit.webdav.simple.LocatorFactoryImplExTest",2,0.00,1.00,14,0.17,2755.71,3,1,3,12,3,114.99,8,17,0,2,114.76,0.00,0.50,1.00,0,0.00,1,509.28,1,0,3,junit.framework.TestCase,0.00,10,1,2,0,10,2,0,3,109,1
"org.apache.jackrabbit.webdav.simple.ResourceConfig",9,0.18,4.78,157,2.22,133730.84,16,7,25,44,18,43.78,79,199,7,1,91.89,0.00,0.00,0.30,3,0.00,20,6673.78,0,6,11,java.lang.Object,0.00,35,0,43,0,35,3,0,20,1132,1
"org.apache.jackrabbit.webdav.simple.ResourceFactoryImpl",8,0.14,2.38,66,0.82,27074.45,11,3,20,28,16,59.32,76,92,1,1,109.32,0.00,0.00,0.21,3,24.00,4,2465.91,0,5,15,java.lang.Object,0.00,20,0,19,0,20,3,1,12,502,1
"org.apache.jackrabbit.webdav.simple.SimpleWebdavServlet",19,0.00,1.58,83,0.84,22184.97,33,14,18,40,17,74.28,183,115,1,3,124.28,0.50,0.50,0.07,3,182.00,6,2523.04,1,11,16,org.apache.jackrabbit.webdav.server.AbstractWebdavServlet,0.18,21,2,30,1,21,8,0,35,546,2
"org.apache.jackrabbit.webdav.simple.VersionControlledResourceImpl",14,0.85,3.29,121,1.61,55074.24,15,1,29,46,24,58.73,134,174,1,3,108.73,0.00,0.67,0.21,2,58.00,7,4823.75,10,5,23,org.apache.jackrabbit.webdav.simple.DeltaVResourceImpl,0.11,32,2,46,0,32,9,1,37,935,1
"org.apache.jackrabbit.webdav.simple.VersionHistoryResourceImpl",10,1.00,2.60,70,1.11,32664.46,11,1,29,42,23,69.29,71,102,1,3,111.58,0.00,0.67,0.10,0,18.00,5,3315.45,8,4,22,org.apache.jackrabbit.webdav.simple.DeltaVResourceImpl,0.08,32,2,26,0,32,6,1,25,632,1
"org.apache.jackrabbit.webdav.simple.VersionResourceImpl",14,1.00,2.07,78,1.17,36442.23,15,1,36,50,27,75.57,101,110,1,3,117.86,0.00,0.67,0.07,1,38.00,6,3523.59,7,5,26,org.apache.jackrabbit.webdav.simple.DeltaVResourceImpl,0.15,36,2,29,0,36,9,1,27,675,1
"org.apache.jackrabbit.ocm.testmodel.inheritance.withmixin.Node",6,0.20,1.00,16,0.12,1718.27,9,3,2,6,0,140.42,0,25,0,1,140.42,0.00,0.00,0.17,0,18.00,1,364.09,0,3,0,java.lang.Object,0.00,0,0,6,0,0,3,0,0,100,1
"org.apache.jackrabbit.ocm.testmodel.unstructured.Node",7,0.17,1.14,20,0.18,2534.64,10,3,5,9,1,179.48,17,40,0,1,139.59,0.00,0.00,0.19,0,23.00,2,539.07,0,3,1,java.lang.Object,0.00,2,0,8,0,2,4,0,5,139,1
"org.apache.jackrabbit.core.observation.AbstractObservationTest",2,1.00,1.00,6,0.10,1949.77,3,1,1,3,5,87.37,15,9,2,5,129.66,0.50,0.57,0.00,0,2.00,1,302.46,0,2,3,org.apache.jackrabbit.test.api.observation.AbstractObservationTest,0.00,1,4,2,2,1,0,0,5,72,1
"org.apache.jackrabbit.core.observation.ChangeLogBasedHierarchyMgr",2,0.00,1.00,9,0.10,1036.65,3,1,18,6,14,116.81,31,16,1,3,127.16,0.00,0.67,1.00,0,0.00,1,285.23,0,1,13,org.apache.jackrabbit.core.CachingHierarchyManager,0.00,4,2,2,0,4,1,0,5,71,0
"org.apache.jackrabbit.core.observation.ChangeLogBasedHierarchyMgr$AtticItemStateManager",5,0.50,1.40,21,0.19,3846.96,6,1,18,13,8,93.52,33,27,0,1,125.74,0.00,0.00,0.60,0,2.00,2,574.21,0,2,8,java.lang.Object,0.00,8,0,7,0,8,3,1,6,138,2
"org.apache.jackrabbit.core.observation.ChangeLogBasedHierarchyMgr$ChangeLogItemStateManager",5,0.12,1.80,22,0.20,4078.84,7,2,18,9,8,77.37,42,35,0,1,125.48,0.00,0.00,0.40,0,7.00,3,601.53,0,2,8,java.lang.Object,0.00,4,0,9,0,4,3,1,11,145,2
"org.apache.jackrabbit.core.observation.DelegatingObservationDispatcher",7,0.25,1.29,30,0.33,8716.27,9,2,7,23,10,81.82,50,46,4,2,124.11,0.00,0.50,0.29,1,10.00,3,999.95,0,0,6,org.apache.jackrabbit.core.observation.EventDispatcher,0.40,16,1,9,0,16,7,0,13,222,1
"org.apache.jackrabbit.core.observation.DispatchAction",3,0.25,1.00,10,0.05,504.44,5,2,1,3,2,85.68,27,14,1,1,135.68,0.00,0.00,0.33,0,5.00,1,154.86,0,1,1,java.lang.Object,0.00,0,0,3,0,0,2,0,6,48,0
"org.apache.jackrabbit.core.observation.EventConsumer",9,0.16,3.89,96,1.24,43524.12,16,7,19,45,14,60.24,106,134,4,1,104.37,0.00,0.00,0.29,0,0.00,8,3715.19,0,2,10,java.lang.Object,0.00,36,0,35,0,36,7,0,25,709,0
"org.apache.jackrabbit.core.observation.EventDispatcher",3,0.00,1.00,4,0.03,113.75,3,0,1,3,4,116.28,22,5,3,1,158.57,0.00,0.00,0.00,0,3.00,1,75.83,0,0,2,java.lang.Object,0.00,0,0,3,2,0,3,0,4,27,1
"org.apache.jackrabbit.core.observation.EventFilter",4,0.15,3.75,62,0.75,45906.07,13,9,9,20,14,138.80,88,78,7,1,94.86,0.00,0.00,0.22,0,6.00,12,2255.43,0,2,7,java.lang.Object,0.00,16,0,15,1,16,2,0,22,408,1
"org.apache.jackrabbit.core.observation.EventFilter$BlockAllFilter",2,0.00,1.00,5,0.03,264.06,2,0,9,2,2,143.31,8,8,0,2,143.07,0.00,0.50,0.00,0,2.00,1,97.53,0,0,2,org.apache.jackrabbit.core.observation.EventFilter,0.33,0,1,2,0,0,2,0,2,32,3
"org.apache.jackrabbit.core.observation.EventImpl",14,0.05,1.57,71,0.80,25280.46,20,6,9,41,13,76.89,104,100,6,1,119.18,0.00,0.00,0.21,5,34.00,3,2395.29,0,7,7,java.lang.Object,0.00,27,0,22,0,27,7,1,23,525,2
"org.apache.jackrabbit.core.observation.EventJournalImpl",12,0.05,2.42,107,1.26,49903.09,22,10,27,57,15,60.51,97,150,1,1,108.61,0.00,0.00,0.14,4,34.00,8,3773.87,0,3,14,java.lang.Object,0.00,45,0,29,0,45,9,1,39,723,1
"org.apache.jackrabbit.core.observation.EventJournalImpl$EventBundle",1,2.00,1.00,6,0.07,990.16,3,2,27,3,2,98.24,14,12,0,1,118.38,0.00,0.00,0.00,0,1.00,1,215.89,0,0,2,java.lang.Object,0.00,2,0,1,0,2,1,0,3,52,3
"org.apache.jackrabbit.core.observation.EventJournalImpl$RecordProcessor",7,0.25,1.29,19,0.17,3110.82,9,2,27,14,6,178.75,20,30,0,1,138.86,0.00,0.00,0.29,0,14.00,3,517.16,0,0,6,java.lang.Object,0.00,7,0,9,0,7,7,1,10,129,1
"org.apache.jackrabbit.core.observation.EventJournalTest",14,0.08,1.36,108,1.48,30168.71,15,1,9,44,4,163.16,19,130,1,6,113.16,0.00,0.83,0.93,1,0.00,3,4443.56,3,1,3,org.apache.jackrabbit.core.observation.AbstractObservationTest,0.12,30,5,19,0,30,13,0,10,889,1
"org.apache.jackrabbit.core.observation.EventListenerIteratorImpl",9,0.06,1.78,44,0.35,7894.05,13,4,7,19,2,93.01,61,62,1,1,125.23,0.00,0.00,0.19,3,21.00,4,1062.49,0,2,1,java.lang.Object,0.00,10,0,16,0,10,7,1,15,253,0
"org.apache.jackrabbit.core.observation.EventState",27,0.00,1.63,129,1.68,48465.28,40,13,15,47,16,78.68,310,246,10,1,122.80,0.00,0.00,0.08,7,301.00,6,5042.86,0,22,6,java.lang.Object,0.00,20,0,44,0,20,5,0,44,1072,1
"org.apache.jackrabbit.core.observation.EventStateCollection",19,0.01,2.68,204,3.68,549229.51,26,7,27,79,33,54.21,216,317,15,1,98.34,0.00,0.00,0.14,5,207.00,24,11053.53,0,10,20,java.lang.Object,0.00,60,0,51,0,60,9,0,83,1769,2
"org.apache.jackrabbit.core.observation.EventStateCollectionFactory",1,0.00,1.00,2,0.01,38.26,1,0,1,1,9,97.31,9,3,8,1,147.31,0.00,0.00,0.00,0,1.00,1,25.51,0,0,1,,0.00,0,0,1,0,0,1,0,2,11,1
"org.apache.jackrabbit.core.observation.FilteredEventIterator",9,0.03,1.67,45,0.43,10788.22,17,8,8,19,5,72.46,72,67,2,1,120.57,0.00,0.00,0.15,2,21.00,5,1290.10,0,2,3,java.lang.Object,0.00,10,0,15,0,10,7,1,19,288,0
"org.apache.jackrabbit.core.observation.MixinTest",5,0.00,1.20,67,0.98,31253.22,5,0,6,18,3,81.64,27,81,1,5,99.51,0.00,0.80,0.00,1,0.00,2,2925.22,2,0,2,org.apache.jackrabbit.test.api.observation.AbstractObservationTest,0.00,13,4,6,0,13,5,0,7,555,1
"org.apache.jackrabbit.core.observation.MoveInPlaceTest",1,0.00,1.00,15,0.24,5008.72,1,0,4,14,2,118.61,3,17,1,5,97.99,0.00,0.80,0.00,0,0.00,1,734.94,1,0,1,org.apache.jackrabbit.core.query.AbstractQueryTest,0.00,13,4,1,0,13,1,0,1,137,1
"org.apache.jackrabbit.core.observation.ObservationDispatcher",10,0.17,2.30,95,1.01,22154.34,19,9,10,41,9,60.76,83,117,4,2,108.87,0.00,0.50,0.27,2,34.00,4,3018.89,0,2,5,org.apache.jackrabbit.core.observation.EventDispatcher,0.31,31,1,23,0,31,8,1,32,620,2
"org.apache.jackrabbit.core.observation.ObservationManagerImpl",9,0.12,2.11,68,0.83,41557.89,14,5,13,30,15,62.34,73,108,3,1,110.45,0.00,0.00,0.31,3,10.00,7,2494.74,0,2,13,java.lang.Object,0.00,21,0,19,0,21,7,2,20,496,1
"org.apache.jackrabbit.core.observation.ReorderTest",1,0.00,3.00,28,0.42,18576.03,1,0,6,13,4,96.93,34,31,1,5,83.15,0.00,0.80,0.00,0,0.00,3,1246.25,4,0,3,org.apache.jackrabbit.test.api.observation.AbstractObservationTest,0.00,12,4,3,0,12,1,0,6,217,1
"org.apache.jackrabbit.core.observation.SynchronousEventListener",0,0.00,0.00,1,0.01,31.02,0,0,1,0,8,171.00,8,2,8,2,171.00,0.00,0.50,0.00,0,0.00,0,15.51,0,0,0,,0.00,0,1,0,0,0,0,0,1,6,1
"org.apache.jackrabbit.core.observation.TestAll",1,0.00,1.00,10,0.10,3275.34,1,0,3,3,6,61.89,11,12,0,2,106.02,0.00,0.50,0.00,0,1.00,1,301.01,0,1,6,junit.framework.TestCase,0.00,2,1,1,0,2,0,0,2,71,1
"org.apache.jackrabbit.core.observation.UserDataTest",4,0.00,1.25,30,0.27,6201.06,4,0,4,14,3,164.30,4,31,1,6,114.30,0.00,0.83,0.00,1,4.00,2,806.38,4,0,2,org.apache.jackrabbit.core.observation.AbstractObservationTest,0.00,10,5,5,0,10,4,0,2,169,1
"org.apache.jackrabbit.core.observation.UserDataTest$Callable",1,0.00,1.00,4,0.03,256.15,1,0,4,3,0,129.58,0,5,0,1,129.58,0.00,0.00,0.00,0,1.00,1,80.34,0,0,0,java.lang.Object,0.00,2,0,1,0,2,1,0,0,23,0
"org.apache.jackrabbit.core.observation.UserDataTest$Callable_0",1,0.00,1.00,5,0.05,863.43,1,0,4,3,0,121.80,0,6,0,1,121.80,0.00,0.00,0.00,0,1.00,1,161.73,0,0,0,java.lang.Object,0.00,2,0,1,0,2,1,0,0,39,0
"org.apache.jackrabbit.core.observation.UserDataTest$Callable_1",1,0.00,1.00,3,0.02,136.54,1,0,4,2,0,136.39,0,4,0,1,136.39,0.00,0.00,0.00,0,1.00,1,49.51,0,0,0,java.lang.Object,0.00,1,0,1,0,1,1,0,0,16,0
"org.apache.jackrabbit.core.observation.UserDataTest$Callable_2",1,0.00,1.00,2,0.01,51.30,1,0,4,1,0,146.30,0,3,0,1,146.30,0.00,0.00,0.00,0,1.00,1,27.65,0,0,0,,0.00,0,0,1,0,0,1,0,0,11,1
"org.apache.jackrabbit.core.observation.VersionEventsTest",5,0.00,2.00,109,1.60,53265.73,5,0,12,30,4,47.51,35,108,1,5,89.80,0.00,0.80,0.00,0,0.00,2,4788.47,2,0,3,org.apache.jackrabbit.test.api.observation.AbstractObservationTest,0.00,25,4,10,0,25,5,0,17,812,1
"org.apache.jackrabbit.api.jsr.AbstractLockTest",24,0.17,1.83,174,2.40,82031.57,29,5,16,83,11,151.39,64,237,3,4,111.51,1.00,0.43,0.37,2,0.00,5,7213.63,3,2,8,org.apache.jackrabbit.test.AbstractJCRTest,0.18,59,3,44,3,59,22,0,32,1440,2
"org.apache.jackrabbit.api.jsr.DeepLockTest",8,1.00,2.12,56,0.65,16286.43,9,1,7,29,3,163.25,9,86,1,5,113.25,0.00,0.80,0.00,0,0.00,5,1964.24,0,0,2,org.apache.jackrabbit.api.jsr283.lock.AbstractLockTest,0.19,21,4,17,0,21,8,0,9,411,1
"org.apache.jackrabbit.api.jsr.Lock",2,0.00,1.00,3,0.02,175.59,2,0,1,2,9,111.57,22,4,9,2,155.70,0.00,0.50,0.00,0,2.00,1,69.30,0,0,0,,0.00,0,1,2,0,0,2,0,3,24,1
"org.apache.jackrabbit.api.jsr.LockManager",8,0.00,1.00,9,0.10,658.23,8,0,5,8,9,205.40,214,11,8,1,155.92,0.00,0.00,0.00,0,8.00,1,313.04,0,3,1,,0.00,0,0,8,0,0,5,0,9,92,1
"org.apache.jackrabbit.api.jsr.LockManagerTest",23,0.35,1.61,195,2.42,46022.55,27,4,13,59,6,161.21,26,259,1,4,111.21,0.00,0.75,0.59,3,0.00,3,7247.28,2,1,5,org.apache.jackrabbit.test.AbstractJCRTest,0.19,36,3,37,0,36,22,0,26,1427,1
"org.apache.jackrabbit.api.jsr.OpenScopedLockTest",3,1.00,1.00,8,0.06,699.10,4,1,2,6,2,191.13,4,12,1,5,141.13,0.00,0.80,0.00,0,4.00,1,172.97,0,0,1,org.apache.jackrabbit.api.jsr283.lock.AbstractLockTest,0.21,3,4,3,0,3,3,0,2,49,1
"org.apache.jackrabbit.api.jsr.SessionScopedLockTest",3,1.00,1.00,8,0.06,699.10,4,1,2,6,2,191.13,5,12,1,5,141.13,0.00,0.80,0.00,0,4.00,1,172.97,0,0,1,org.apache.jackrabbit.api.jsr283.lock.AbstractLockTest,0.21,3,4,3,0,3,3,0,2,49,1
"org.apache.jackrabbit.api.jsr.TestAll",1,1.00,1.00,9,0.10,2663.79,2,1,5,4,4,158.43,1,11,0,2,108.43,0.00,0.50,0.00,0,1.00,1,288.15,0,1,4,junit.framework.TestCase,0.00,3,1,1,0,3,0,0,1,69,1
"org.apache.jackrabbit.core.security.authentication.AbstractLoginModule",23,0.05,3.04,198,2.44,106988.99,36,13,28,71,13,88.03,339,270,1,1,108.18,0.00,0.00,0.12,11,193.00,12,7328.19,0,9,12,java.lang.Object,0.00,48,0,70,3,48,14,1,46,1376,2
"org.apache.jackrabbit.core.security.authentication.AuthContext",3,0.00,1.00,4,0.03,174.24,3,0,3,3,11,108.63,30,5,11,1,157.11,0.00,0.00,0.00,0,3.00,1,75.12,0,1,0,,0.00,0,0,3,1,0,2,0,4,27,2
"org.apache.jackrabbit.core.security.authentication.AuthContextProvider",6,0.05,2.67,51,0.54,18109.13,10,4,13,20,8,59.69,54,72,2,1,109.69,0.00,0.00,0.29,3,10.00,5,1617.52,0,2,6,java.lang.Object,0.00,14,0,16,0,14,4,0,13,338,1
"org.apache.jackrabbit.core.security.authentication.Authentication",2,0.00,1.00,3,0.02,66.51,2,0,2,2,4,148.66,31,4,4,1,159.02,0.00,0.00,0.00,0,2.00,1,49.51,0,0,0,,0.00,0,0,2,0,0,2,0,3,19,1
"org.apache.jackrabbit.core.security.authentication.CallbackHandlerImpl",2,0.67,6.00,48,0.61,30607.54,8,6,13,16,7,56.77,27,56,2,1,86.15,0.00,0.00,0.50,0,2.00,9,1823.50,0,0,5,java.lang.Object,0.00,14,0,12,1,14,2,1,4,331,1
"org.apache.jackrabbit.core.security.authentication.CredentialsCallback",2,1.00,1.00,6,0.04,373.42,3,1,3,2,3,103.10,13,9,3,1,135.32,0.00,0.00,0.50,0,2.00,1,110.49,0,1,0,java.lang.Object,0.00,0,0,2,1,0,1,2,3,33,1
"org.apache.jackrabbit.core.security.authentication.CryptedSimpleCredentials",10,0.11,2.00,70,0.83,32145.35,14,4,9,35,5,132.31,30,90,3,1,111.70,0.00,0.00,0.35,3,14.00,5,2484.74,0,7,2,java.lang.Object,0.00,25,0,20,0,25,3,1,11,510,1
"org.apache.jackrabbit.core.security.authentication.DefaultLoginModule",4,0.33,3.00,37,0.49,13932.56,7,3,16,21,9,63.13,46,53,1,2,107.26,0.00,0.50,0.58,0,0.00,3,1464.09,2,2,8,org.apache.jackrabbit.core.security.authentication.AbstractLoginModule,0.00,17,1,12,0,17,2,0,7,290,1
"org.apache.jackrabbit.core.security.authentication.GuestLoginTest",3,0.00,1.33,11,0.09,1176.48,4,1,4,9,3,172.60,6,16,1,4,132.71,0.00,0.75,1.00,0,0.00,2,278.78,2,0,2,org.apache.jackrabbit.test.AbstractJCRTest,0.35,6,3,4,0,6,3,0,2,73,1
"org.apache.jackrabbit.core.security.authentication.ImpersonationCallback",2,1.00,1.50,7,0.05,702.65,3,1,2,2,2,88.93,23,11,2,1,133.06,0.00,0.00,0.50,0,2.00,2,140.50,0,1,0,java.lang.Object,0.00,0,0,3,0,0,1,1,4,40,1
"org.apache.jackrabbit.core.security.authentication.JAASAuthContext",4,0.00,1.50,18,0.18,5346.82,5,1,4,12,5,144.45,13,28,4,1,123.83,0.00,0.00,1.00,0,0.00,3,542.87,0,1,1,java.lang.Object,0.00,8,0,6,1,8,3,1,5,123,1
"org.apache.jackrabbit.core.security.authentication.LocalAuthContext",4,0.27,2.50,30,0.36,12042.85,9,5,10,19,5,132.49,13,45,2,1,111.87,0.00,0.00,0.40,0,0.00,5,1072.74,0,1,3,java.lang.Object,0.00,15,0,10,0,15,3,1,2,223,1
"org.apache.jackrabbit.core.security.authentication.NullLoginTest",3,0.00,1.00,11,0.13,2390.25,3,0,3,10,2,130.36,1,15,1,4,130.36,0.00,0.75,0.00,0,4.00,1,389.56,2,0,1,org.apache.jackrabbit.test.AbstractJCRTest,0.35,7,3,3,0,7,3,0,1,96,1
"org.apache.jackrabbit.core.security.authentication.RepositoryCallback",8,0.14,1.00,21,0.13,1334.14,12,4,3,8,3,142.27,4,30,2,1,142.27,0.00,0.00,0.12,0,32.00,1,377.47,0,4,1,java.lang.Object,0.00,0,0,8,0,0,4,1,1,110,1
"org.apache.jackrabbit.core.security.authentication.SimpleCredentialsAuthentication",3,0.25,3.67,26,0.36,13870.55,5,2,8,14,4,78.77,41,39,1,1,108.15,0.00,0.00,0.67,0,0.00,5,1067.00,0,0,3,java.lang.Object,0.00,11,0,11,0,11,3,1,5,217,0
"org.apache.jackrabbit.core.security.authentication.TestAll",1,1.00,1.00,7,0.07,1719.18,2,1,5,4,2,164.00,1,9,0,2,114.00,0.00,0.50,0.00,0,1.00,1,214.89,0,1,2,junit.framework.TestCase,0.00,3,1,1,0,3,0,0,1,53,1
"org.apache.jackrabbit.util.name.NamespaceAdder",3,0.00,1.33,16,0.18,2992.84,4,1,6,8,1,171.24,5,20,0,1,121.24,0.00,0.00,1.00,0,0.00,2,541.91,0,0,1,java.lang.Object,0.00,5,0,4,0,5,3,0,1,119,1
"org.apache.jackrabbit.util.name.NamespaceExtractor",2,0.00,1.50,15,0.15,3070.89,5,3,10,11,1,94.15,28,20,0,1,114.29,0.00,0.00,0.33,0,2.00,2,464.77,0,1,1,java.lang.Object,0.00,9,0,3,0,9,1,0,4,102,1
"org.apache.jackrabbit.util.name.NamespaceExtractor$NamespaceHandler",1,0.00,6.00,18,0.23,12877.14,1,0,10,5,0,131.29,2,25,0,2,91.40,0.00,0.50,0.00,0,0.00,6,695.92,0,0,0,org.xml.sax.helpers.DefaultHandler,0.00,4,1,6,0,4,1,0,2,133,1
"org.apache.jackrabbit.util.name.NamespaceMapping",10,0.00,2.10,58,0.62,19055.06,13,3,8,26,5,101.05,54,76,3,2,118.93,0.00,0.50,0.33,2,10.00,5,1848.24,0,5,2,org.apache.jackrabbit.name.AbstractNamespaceResolver,0.00,16,1,21,0,16,5,0,15,415,1
"org.apache.jackrabbit.api.jsr.AbstractAccessControlTest",8,0.71,1.88,43,0.48,13034.79,9,1,6,15,11,119.49,7,57,6,4,119.49,9.33,0.09,0.38,1,10.00,3,1437.53,1,5,5,org.apache.jackrabbit.test.AbstractJCRTest,0.14,7,3,15,28,7,3,0,5,319,2
"org.apache.jackrabbit.api.jsr.AccessControlDiscoveryTest",18,0.00,1.89,154,2.30,87110.67,18,0,12,51,6,108.39,77,176,1,5,108.15,0.00,0.80,0.00,1,0.00,4,6910.11,2,1,5,org.apache.jackrabbit.api.jsr283.security.AbstractAccessControlTest,0.00,33,4,34,0,33,17,0,28,1335,1
"org.apache.jackrabbit.api.jsr.AccessControlEntry",2,0.00,1.00,3,0.01,60.43,2,0,1,2,16,117.05,14,4,15,1,159.34,0.00,0.00,0.00,0,2.00,1,35.12,0,1,1,,0.00,0,0,2,0,0,1,0,3,15,1
"org.apache.jackrabbit.api.jsr.AccessControlException",4,0.00,1.00,9,0.05,332.37,4,0,1,4,29,102.36,30,14,29,2,144.65,0.00,0.50,0.00,0,4.00,1,136.79,0,0,0,javax.jcr.RepositoryException,0.00,0,1,4,0,0,4,0,5,46,1
"org.apache.jackrabbit.api.jsr.AccessControlList",3,0.00,1.00,4,0.04,277.72,3,0,2,3,11,204.79,73,7,8,2,155.51,0.00,0.50,0.00,0,3.00,1,120.83,0,1,3,,0.00,0,1,3,0,0,2,0,4,37,1
"org.apache.jackrabbit.api.jsr.AccessControlListTest",23,0.25,3.26,313,4.10,164346.81,28,5,17,72,11,148.83,36,358,1,5,98.83,0.00,0.80,0.44,2,0.00,7,12305.50,4,2,10,org.apache.jackrabbit.api.jsr283.security.AbstractAccessControlTest,0.20,49,4,75,0,49,21,0,34,2280,1
"org.apache.jackrabbit.api.jsr.AccessControlListTest$AccessControlEntry",2,0.00,1.00,5,0.02,157.59,2,0,17,2,1,144.84,0,7,0,1,144.84,0.00,0.00,0.00,0,2.00,1,60.53,0,2,1,java.lang.Object,0.00,0,0,2,0,0,0,0,0,21,0
"org.apache.jackrabbit.api.jsr.AccessControlListTest$Privilege",5,0.00,1.00,11,0.05,564.06,5,0,17,5,1,143.61,0,16,0,1,143.61,0.00,0.00,0.00,0,5.00,1,159.73,0,3,1,java.lang.Object,0.00,0,0,5,0,0,2,0,0,52,0
"org.apache.jackrabbit.api.jsr.AccessControlManager",9,0.00,1.00,10,0.14,936.18,9,0,5,9,32,187.02,284,22,28,1,155.12,0.00,0.00,0.00,0,9.00,1,417.53,0,1,4,,0.00,0,0,9,0,0,8,0,10,116,1
"org.apache.jackrabbit.api.jsr.AccessControlPolicy",0,0.00,0.00,1,0.00,12.00,0,0,0,0,32,171.00,10,2,32,1,171.00,0.00,0.00,0.00,0,0.00,0,8.00,0,0,0,,0.00,0,0,0,0,0,0,0,1,4,1
"org.apache.jackrabbit.api.jsr.AccessControlPolicyIterator",1,0.00,1.00,2,0.01,48.43,1,0,1,1,13,126.36,14,3,12,2,146.50,0.00,0.50,0.00,0,1.00,1,27.12,0,0,1,,0.00,0,1,1,0,0,1,0,2,11,1
"org.apache.jackrabbit.api.jsr.AccessControlPolicyIteratorTest",5,0.00,1.60,37,0.42,8901.35,7,2,7,20,4,163.77,7,47,1,5,113.77,0.00,0.80,0.50,0,0.00,3,1259.49,2,0,3,org.apache.jackrabbit.api.jsr283.security.AbstractAccessControlTest,0.15,15,4,8,0,15,5,0,5,263,1
"org.apache.jackrabbit.api.jsr.AccessControlPolicyTest",21,0.05,2.62,241,2.93,93487.83,24,3,16,61,8,153.20,25,298,1,5,103.20,0.00,0.80,0.38,0,0.00,4,8785.99,7,0,7,org.apache.jackrabbit.api.jsr283.security.AbstractAccessControlTest,0.20,40,4,55,0,40,21,0,23,1672,1
"org.apache.jackrabbit.api.jsr.AccessControlPolicyTest$AccessControlPolicy",0,0.00,0.00,1,0.00,12.00,0,0,16,0,0,171.00,0,0,0,1,171.00,0.00,0.00,0.00,0,0.00,0,8.00,0,0,0,java.lang.Object,0.00,0,0,0,0,0,0,0,0,4,0
"org.apache.jackrabbit.api.jsr.NamedAccessControlPolicy",1,0.00,1.00,2,0.01,70.32,1,0,1,1,2,134.87,15,3,2,2,145.23,0.00,0.50,0.00,0,1.00,1,35.16,0,1,0,,0.00,0,1,1,0,0,0,0,2,13,1
"org.apache.jackrabbit.api.jsr.Privilege",5,14.00,1.00,20,0.25,3511.71,19,14,0,5,54,176.12,127,21,54,1,126.13,0.00,0.00,0.00,0,5.00,1,743.08,0,3,0,,0.00,0,0,5,0,0,2,0,20,157,1
"org.apache.jackrabbit.api.jsr.RSessionAccessControlDiscoveryTest",6,0.40,1.17,27,0.31,4503.14,9,3,5,18,5,125.86,5,38,1,5,125.86,0.00,0.80,0.67,0,0.00,2,923.70,2,0,4,org.apache.jackrabbit.api.jsr283.security.AbstractAccessControlTest,0.29,12,4,7,0,12,6,0,1,213,1
"org.apache.jackrabbit.api.jsr.RSessionAccessControlPolicyTest",7,0.29,2.29,39,0.40,6721.33,11,4,7,22,7,171.25,12,61,1,5,121.25,0.00,0.80,0.50,0,0.00,4,1214.57,2,0,6,org.apache.jackrabbit.api.jsr283.security.AbstractAccessControlTest,0.29,15,4,16,0,15,7,0,10,271,1
"org.apache.jackrabbit.api.jsr.RSessionAccessControlPolicyTest$AccessControlPolicy",2,0.00,1.00,5,0.03,323.55,2,0,7,4,0,142.38,0,7,0,1,142.38,0.00,0.00,0.00,0,2.00,1,89.65,0,2,0,java.lang.Object,0.00,2,0,2,0,2,0,0,0,28,0
"org.apache.jackrabbit.api.jsr.RSessionAccessControlTest",9,0.38,1.89,64,0.77,13113.95,13,4,10,30,3,114.42,8,89,1,4,114.42,0.00,0.75,0.58,0,0.00,2,2305.94,3,0,2,org.apache.jackrabbit.test.AbstractJCRTest,0.28,21,3,17,0,21,9,0,8,480,1
"org.apache.jackrabbit.api.jsr.TestAll",1,0.00,1.00,11,0.11,3828.97,1,0,3,3,7,83.80,14,13,0,2,103.94,0.00,0.50,0.00,0,1.00,1,341.05,0,1,7,junit.framework.TestCase,0.00,2,1,1,0,2,0,0,4,79,1
"org.apache.jackrabbit.net.FileParts",13,0.19,2.15,79,0.99,43003.05,17,4,4,35,5,69.95,144,113,4,1,114.08,0.00,0.00,0.08,6,57.00,6,2984.19,0,9,2,java.lang.Object,0.00,22,0,28,0,22,4,0,31,634,0
"org.apache.jackrabbit.net.JCRJarURLConnection",5,0.38,3.00,58,0.68,29057.02,7,2,9,19,2,150.09,135,83,1,3,102.26,0.00,0.67,0.20,2,8.00,8,2035.88,13,3,2,org.apache.jackrabbit.net.JCRURLConnection,0.21,14,2,15,0,14,2,0,26,374,1
"org.apache.jackrabbit.net.JCRJarURLHandler",7,0.00,3.71,69,1.13,64556.98,7,0,5,22,4,130.16,135,99,3,3,103.88,0.00,0.67,0.00,1,7.00,7,3393.62,1,4,2,org.apache.jackrabbit.net.JCRURLHandler,0.00,15,2,26,0,15,3,0,25,657,0
"org.apache.jackrabbit.net.JCRURLConnection",24,0.06,2.42,178,1.96,59426.43,39,15,18,57,5,121.68,428,248,3,2,112.55,1.00,0.33,0.12,11,170.00,9,5873.22,0,14,3,java.net.URLConnection,0.00,33,1,58,1,33,10,0,52,1173,1
"org.apache.jackrabbit.net.JCRURLHandler",4,0.67,2.75,23,0.35,16011.35,5,1,4,14,4,134.46,73,40,3,2,116.33,1.00,0.33,0.50,0,4.00,7,1060.97,1,2,2,java.net.URLStreamHandler,0.00,10,1,11,1,10,2,0,10,213,0
"org.apache.jackrabbit.net.URLFactory",3,0.25,1.33,12,0.18,4892.75,5,2,3,9,7,112.82,46,21,5,1,123.18,0.00,0.00,0.33,1,5.00,2,531.48,0,2,3,java.lang.Object,0.00,6,0,4,0,6,1,0,7,117,2
"org.apache.jackrabbit.rmi.jackrabbit.ClientJackrabbitNodeTypeManager",4,0.67,2.25,32,0.39,17356.89,5,1,13,14,7,108.48,0,46,1,2,108.48,0.00,0.50,0.50,1,6.00,4,1184.05,0,2,6,org.apache.jackrabbit.rmi.client.ClientNodeTypeManager,0.00,10,2,9,0,10,2,1,0,234,1
"org.apache.jackrabbit.rmi.jackrabbit.ClientJackrabbitWorkspace",3,0.50,2.33,23,0.29,9831.23,4,1,11,12,6,111.60,0,39,1,2,111.60,0.00,0.50,0.67,0,1.00,4,872.69,0,0,5,org.apache.jackrabbit.rmi.client.ClientWorkspace,0.00,9,2,7,0,9,3,1,0,176,1
"org.apache.jackrabbit.rmi.jackrabbit.JackrabbitClientAdapterFactory",2,0.00,2.00,11,0.10,2367.09,2,0,9,4,14,76.44,22,18,4,2,120.57,0.00,0.50,0.00,0,2.00,2,296.04,2,2,10,org.apache.jackrabbit.rmi.client.ClientAdapterFactory,0.00,2,1,4,0,2,0,0,3,72,1
"org.apache.jackrabbit.rmi.jackrabbit.JackrabbitServerAdapterFactory",2,0.00,2.00,11,0.10,2471.47,2,0,9,4,10,82.86,25,20,2,2,120.42,0.00,0.50,0.00,0,2.00,2,300.76,2,2,8,org.apache.jackrabbit.rmi.server.ServerAdapterFactory,0.00,2,1,4,0,2,0,0,3,72,1
"org.apache.jackrabbit.rmi.jackrabbit.RemoteJackrabbitNodeTypeManager",2,0.00,1.00,3,0.03,172.19,2,0,5,2,6,107.29,21,6,3,2,155.76,0.00,0.50,0.00,0,2.00,1,93.23,0,1,3,,0.00,0,1,2,0,0,1,0,3,29,1
"org.apache.jackrabbit.rmi.jackrabbit.RemoteJackrabbitWorkspace",1,0.00,1.00,2,0.02,122.23,1,0,4,1,5,99.21,11,4,3,2,143.33,0.00,0.50,0.00,0,1.00,1,61.11,0,0,2,,0.00,0,1,1,0,0,1,0,2,19,1
"org.apache.jackrabbit.rmi.jackrabbit.ServerJackrabbitNodeTypeManager",3,0.50,1.67,19,0.22,7631.61,4,1,10,8,6,115.04,0,27,1,3,115.04,0.00,0.67,0.67,0,1.00,3,654.88,0,1,5,org.apache.jackrabbit.rmi.server.ServerNodeTypeManager,0.00,5,3,5,0,5,2,1,0,139,1
"org.apache.jackrabbit.rmi.jackrabbit.ServerJackrabbitWorkspace",2,1.00,2.00,13,0.14,4072.78,3,1,8,5,5,115.76,0,23,1,3,115.76,0.00,0.67,0.50,0,2.00,3,408.64,1,0,4,org.apache.jackrabbit.rmi.server.ServerWorkspace,0.00,3,3,4,0,3,2,1,0,91,1
"org.apache.jackrabbit.webdav.ordering.OrderPatch",6,0.07,2.00,50,0.70,33985.01,9,3,12,28,15,59.12,61,61,7,1,107.60,0.00,0.00,0.28,0,10.00,5,2090.55,0,4,8,java.lang.Object,0.00,22,0,12,0,22,2,2,17,392,1
"org.apache.jackrabbit.webdav.ordering.OrderPatch$Member",4,0.00,1.00,15,0.12,1744.76,6,2,12,8,3,114.54,22,20,0,1,132.42,0.00,0.00,0.50,0,2.00,1,358.30,0,2,3,java.lang.Object,0.00,4,0,4,0,4,2,1,5,93,2
"org.apache.jackrabbit.webdav.ordering.OrderingConstants",0,0.00,0.00,18,0.33,7696.03,17,17,3,1,9,171.00,55,19,6,1,171.00,0.00,0.00,0.00,0,0.00,0,999.83,0,0,3,,0.00,1,0,0,0,1,0,0,13,180,1
"org.apache.jackrabbit.webdav.ordering.OrderingDavServletRequest",3,0.00,1.00,4,0.02,105.15,3,0,2,3,4,110.73,25,5,0,2,158.84,0.00,0.50,0.00,0,3.00,1,58.38,0,2,4,,0.00,0,1,3,0,0,1,0,4,23,1
"org.apache.jackrabbit.webdav.ordering.OrderingResource",2,1.00,1.00,4,0.03,209.39,3,1,2,2,5,95.76,17,5,2,2,143.86,0.00,0.50,0.00,0,2.00,1,85.11,0,0,3,,0.00,0,1,2,0,0,2,0,3,27,1
"org.apache.jackrabbit.webdav.ordering.OrderingType",2,0.00,1.50,5,0.04,429.68,2,0,1,2,3,97.19,22,8,1,3,141.31,0.00,0.67,0.00,0,2.00,2,120.69,0,0,2,org.apache.jackrabbit.webdav.property.HrefProperty,0.00,0,2,3,0,0,2,1,4,35,1
"org.apache.jackrabbit.webdav.ordering.Position",6,0.00,2.17,45,0.53,15671.80,10,4,9,20,11,68.26,66,60,7,1,112.39,0.00,0.00,0.25,0,14.00,3,1590.00,0,4,4,java.lang.Object,0.00,14,0,13,0,14,2,2,11,342,1
"org.apache.jackrabbit.ocm.mapper.AllTests",2,0.00,1.00,8,0.06,1225.16,2,0,2,4,3,147.21,7,11,1,1,126.59,0.00,0.00,0.00,1,2.00,1,177.31,0,2,2,java.lang.Object,0.00,2,0,2,0,2,0,0,3,47,1
"org.apache.jackrabbit.ocm.mapper.AnnotationMapperImplTest",14,0.00,1.79,307,5.47,261489.55,14,0,29,81,9,108.52,46,416,2,2,87.91,0.00,0.50,0.00,1,14.00,2,16407.26,0,2,7,junit.framework.TestCase,0.00,67,1,25,0,67,12,0,14,2786,1
"org.apache.jackrabbit.ocm.mapper.DescriptorReader",1,0.00,1.00,2,0.01,43.02,1,0,2,1,4,98.43,10,3,3,1,146.91,0.00,0.00,0.00,0,1.00,1,23.51,0,1,2,,0.00,0,0,1,0,0,0,0,1,10,1
"org.apache.jackrabbit.ocm.mapper.DigesterMapperImplTest",11,0.00,1.82,248,4.08,166553.92,11,0,24,77,9,88.11,46,352,2,2,87.87,0.00,0.50,0.00,0,11.00,2,12235.47,0,1,7,junit.framework.TestCase,0.00,66,1,20,0,66,10,0,14,2011,1
"org.apache.jackrabbit.ocm.mapper.Mapper",2,0.00,1.00,3,0.02,108.00,2,0,1,2,28,109.25,16,5,27,1,157.36,0.00,0.00,0.00,0,2.00,1,56.00,0,2,1,,0.00,0,0,2,0,0,0,0,3,20,1
"org.apache.jackrabbit.test.api.nodetype.CanAddChildNodeCallWithNodeTypeTest",7,0.33,2.14,60,0.87,23722.08,9,2,7,22,4,77.12,47,97,1,4,109.34,0.00,0.75,0.79,0,0.00,3,2612.94,2,0,3,org.apache.jackrabbit.test.AbstractJCRTest,0.30,15,3,15,0,15,7,0,10,504,1
"org.apache.jackrabbit.test.api.nodetype.CanAddChildNodeCallWithoutNodeTypeTest",7,0.00,1.86,44,0.59,13441.39,8,1,6,17,4,83.75,44,79,1,4,115.98,0.00,0.75,1.00,0,0.00,2,1778.37,2,0,3,org.apache.jackrabbit.test.AbstractJCRTest,0.30,10,3,13,0,10,7,0,9,361,1
"org.apache.jackrabbit.test.api.nodetype.CanRemoveItemTest",8,0.00,1.88,47,0.61,13309.32,9,1,7,20,4,101.54,44,87,1,4,119.42,0.00,0.75,1.00,0,0.00,2,1835.95,2,0,3,org.apache.jackrabbit.test.AbstractJCRTest,0.29,12,3,15,0,12,8,0,10,379,1
"org.apache.jackrabbit.test.api.nodetype.CanSetPropertyBinaryTest",6,0.00,2.17,80,1.62,82450.87,7,1,9,17,4,78.81,35,144,1,4,96.68,0.00,0.75,1.00,0,0.00,3,4852.97,2,0,3,org.apache.jackrabbit.test.AbstractJCRTest,0.31,11,3,13,0,11,6,0,8,849,1
"org.apache.jackrabbit.test.api.nodetype.CanSetPropertyBooleanTest",6,0.00,2.17,80,1.64,83139.00,7,1,9,17,4,64.43,36,145,1,4,96.66,0.00,0.75,1.00,0,0.00,3,4915.18,2,0,3,org.apache.jackrabbit.test.AbstractJCRTest,0.31,11,3,13,0,11,6,0,8,856,1
"org.apache.jackrabbit.test.api.nodetype.CanSetPropertyDateTest",6,0.00,2.17,90,2.08,113322.74,7,1,9,20,4,61.06,37,174,1,4,93.28,0.00,0.75,1.00,0,0.00,3,6252.90,2,0,3,org.apache.jackrabbit.test.AbstractJCRTest,0.31,14,3,13,0,14,6,0,10,1044,1
"org.apache.jackrabbit.test.api.nodetype.CanSetPropertyDoubleTest",6,0.00,2.17,90,2.08,114764.27,7,1,9,20,4,75.36,35,174,1,4,93.23,0.00,0.75,1.00,0,0.00,3,6237.18,2,0,3,org.apache.jackrabbit.test.AbstractJCRTest,0.31,14,3,13,0,14,6,0,8,1044,1
"org.apache.jackrabbit.test.api.nodetype.CanSetPropertyLongTest",6,0.00,2.17,90,2.08,114482.65,7,1,9,20,4,75.37,35,174,1,4,93.24,0.00,0.75,1.00,0,0.00,3,6243.57,2,0,3,org.apache.jackrabbit.test.AbstractJCRTest,0.31,14,3,13,0,14,6,0,8,1044,1
"org.apache.jackrabbit.test.api.nodetype.CanSetPropertyMultipleTest",5,0.00,1.80,33,0.50,13717.34,6,1,7,17,4,82.54,31,57,1,4,114.76,0.00,0.75,1.00,0,0.00,2,1495.47,2,0,3,org.apache.jackrabbit.test.AbstractJCRTest,0.32,12,3,9,0,12,5,0,8,298,1
"org.apache.jackrabbit.test.api.nodetype.CanSetPropertyNameTest",6,0.00,2.17,95,2.22,119056.12,7,1,9,19,4,75.24,35,183,1,4,93.11,0.00,0.75,1.00,0,0.00,3,6656.69,2,0,3,org.apache.jackrabbit.test.AbstractJCRTest,0.31,13,3,13,0,13,6,0,8,1095,1
"org.apache.jackrabbit.test.api.nodetype.CanSetPropertyPathTest",6,0.00,2.17,92,2.09,112069.15,7,1,9,19,4,75.44,35,174,1,4,93.32,0.00,0.75,1.00,0,0.00,3,6255.42,2,0,3,org.apache.jackrabbit.test.AbstractJCRTest,0.31,13,3,13,0,13,6,0,8,1044,1
"org.apache.jackrabbit.test.api.nodetype.CanSetPropertyStringTest",6,0.00,2.17,80,1.64,80921.97,7,1,9,17,4,78.87,35,146,1,4,96.75,0.00,0.75,1.00,0,0.00,3,4910.22,2,0,3,org.apache.jackrabbit.test.AbstractJCRTest,0.31,11,3,13,0,11,6,0,8,853,1
"org.apache.jackrabbit.test.api.nodetype.CanSetPropertyTest",5,0.00,1.80,31,0.45,11053.51,6,1,7,17,4,83.28,31,55,1,4,115.50,0.00,0.75,1.00,0,0.00,2,1364.70,2,0,3,org.apache.jackrabbit.test.AbstractJCRTest,0.32,12,3,9,0,12,5,0,8,276,1
"org.apache.jackrabbit.test.api.nodetype.NodeDefTest",10,0.00,3.30,118,1.32,43721.79,13,3,11,37,3,60.92,76,147,1,4,103.21,0.00,0.75,0.33,3,6.00,5,3956.97,2,0,2,org.apache.jackrabbit.test.AbstractJCRTest,0.27,27,3,33,0,27,10,0,28,769,1
"org.apache.jackrabbit.test.api.nodetype.NodeTypeManagerTest",6,0.20,1.83,37,0.46,9720.37,8,2,7,27,2,84.34,37,61,1,4,116.56,0.00,0.75,0.67,0,0.00,3,1392.50,3,0,1,org.apache.jackrabbit.test.AbstractJCRTest,0.31,21,3,11,0,21,6,0,12,298,1
"org.apache.jackrabbit.test.api.nodetype.NodeTypeTest",14,0.05,3.50,165,1.93,64710.34,17,3,12,49,3,70.78,87,243,1,4,103.01,0.00,0.75,0.38,2,0.00,6,5787.59,3,2,2,org.apache.jackrabbit.test.AbstractJCRTest,0.24,35,3,49,0,35,12,0,26,1100,1
"org.apache.jackrabbit.test.api.nodetype.NodeTypeUtil",11,1.00,12.45,468,6.25,1339370.13,12,1,14,58,18,40.44,144,586,17,1,69.82,0.00,0.00,0.09,3,20.00,71,18759.95,0,10,1,java.lang.Object,0.00,47,0,137,0,47,1,0,63,2990,1
"org.apache.jackrabbit.test.api.nodetype.PredefinedNodeTypeTest",27,0.40,1.78,189,2.46,129253.25,29,2,20,89,3,110.60,108,240,1,4,110.36,0.00,0.75,0.11,5,103.00,7,7380.25,2,4,2,org.apache.jackrabbit.test.AbstractJCRTest,0.17,62,3,48,0,62,23,0,36,1357,1
"org.apache.jackrabbit.test.api.nodetype.PredefinedNodeTypeTest$Comparator",1,0.00,3.00,10,0.14,6990.64,1,0,20,4,0,103.17,0,12,0,1,103.17,0.00,0.00,0.00,0,1.00,3,416.66,0,0,0,java.lang.Object,0.00,3,0,3,0,3,1,0,0,92,0
"org.apache.jackrabbit.test.api.nodetype.PredefinedNodeTypeTest$Comparator_0",1,0.00,6.00,17,0.22,14237.38,1,0,20,5,0,91.98,0,21,0,1,91.98,0.00,0.00,0.00,0,1.00,6,668.69,0,0,0,java.lang.Object,0.00,4,0,6,0,4,1,0,0,140,0
"org.apache.jackrabbit.test.api.nodetype.PredefinedNodeTypeTest$Comparator_1",1,0.00,3.00,10,0.11,4798.70,1,0,20,4,0,104.46,0,12,0,1,104.46,0.00,0.00,0.00,0,1.00,3,338.12,0,0,0,java.lang.Object,0.00,3,0,3,0,3,1,0,0,76,0
"org.apache.jackrabbit.test.api.nodetype.PropertyDefTest",11,0.08,4.36,165,2.30,114286.81,19,8,16,46,4,45.16,104,237,1,4,95.16,0.00,0.75,0.19,3,1.00,16,6894.76,2,0,3,org.apache.jackrabbit.test.AbstractJCRTest,0.26,35,3,48,0,35,11,0,35,1231,1
"org.apache.jackrabbit.test.api.nodetype.TestAll",1,0.00,1.00,22,0.28,10800.80,1,0,3,3,20,51.60,12,24,2,2,89.16,0.00,0.50,0.00,0,1.00,1,827.66,0,1,18,junit.framework.TestCase,0.00,2,1,1,0,2,0,0,3,167,1
"org.apache.jackrabbit.ocm.testmodel.Node",6,0.20,1.00,16,0.14,1967.41,9,3,2,6,0,179.85,17,29,0,1,139.96,0.00,0.00,0.17,0,18.00,1,415.00,0,2,0,java.lang.Object,0.00,0,0,6,0,0,4,0,5,109,1
"org.apache.jackrabbit.ocm.testmodel.Node$Node",0,0.00,0.00,2,0.05,1232.56,1,1,6,0,1,171.00,0,6,0,2,171.00,0.00,0.50,0.00,0,0.00,0,162.53,0,0,1,Residual,0.00,0,1,0,0,0,0,0,0,35,2
"org.apache.jackrabbit.ocm.testmodel.Node$Node_0",0,0.00,0.00,2,0.05,1151.61,1,1,6,0,1,171.00,0,5,0,2,171.00,0.00,0.50,0.00,0,0.00,0,164.52,0,0,1,Residual,0.00,0,1,0,0,0,0,0,0,35,2
"org.apache.jackrabbit.ocm.testmodel.UnmappedInterface",0,0.00,0.00,1,0.00,12.00,0,0,1,0,0,171.00,0,2,0,1,171.00,0.00,0.00,0.00,0,0.00,0,8.00,0,0,0,,0.00,0,0,0,0,0,0,0,0,4,1
"org.apache.jackrabbit.ocm.manager.interfaces.AllTests",2,0.00,1.00,10,0.09,2181.26,2,0,3,5,6,141.62,7,13,1,1,121.01,0.00,0.00,0.00,1,2.00,1,264.75,0,2,5,java.lang.Object,0.00,3,0,2,0,3,0,0,3,66,1
"org.apache.jackrabbit.ocm.manager.interfaces.AnnotationConcreteClassTest",5,1.00,1.60,194,3.32,203300.52,6,1,19,58,8,25.67,49,202,2,4,75.67,0.00,0.75,0.20,0,8.00,3,9963.69,2,1,6,org.apache.jackrabbit.ocm.AnnotationTestBase,0.00,53,3,8,0,53,4,0,42,1564,1
"org.apache.jackrabbit.ocm.manager.interfaces.AnnotationInterfaceHierarchyTest",4,1.00,1.25,84,1.19,43102.97,5,1,17,39,8,57.65,25,92,2,4,89.87,0.00,0.75,0.00,0,4.00,2,3562.68,2,1,6,org.apache.jackrabbit.ocm.AnnotationTestBase,0.00,35,3,5,0,35,3,0,18,610,1
"org.apache.jackrabbit.ocm.manager.interfaces.DigesterConcreteClassTest",5,1.00,1.60,194,3.32,203300.52,6,1,19,58,8,25.67,49,201,2,4,75.67,0.00,0.75,0.20,0,8.00,3,9963.69,2,1,6,org.apache.jackrabbit.ocm.DigesterTestBase,0.00,53,3,8,0,53,4,0,42,1564,1
"org.apache.jackrabbit.ocm.manager.interfaces.DigesterInterfaceHierarchyTest",4,1.00,1.25,84,1.19,43102.97,5,1,17,39,8,57.65,25,92,2,4,89.87,0.00,0.75,0.00,0,4.00,2,3562.68,2,1,6,org.apache.jackrabbit.ocm.DigesterTestBase,0.00,35,3,5,0,35,3,0,18,610,1
"org.apache.jackrabbit.ocm.manager.interfaces.ListOfInterfaceTest",3,1.00,1.33,27,0.31,8162.47,4,1,12,24,4,158.29,5,35,1,4,108.29,0.00,0.75,0.00,0,3.00,2,941.63,1,1,3,org.apache.jackrabbit.ocm.AnnotationTestBase,0.00,21,3,4,0,21,2,0,2,186,1
"org.apache.jackrabbit.webdav.util.HttpDateFormat",1,0.00,1.00,5,0.05,718.04,2,1,3,2,0,143.05,3,7,0,2,122.44,0.00,0.50,1.00,0,0.00,1,147.97,1,0,0,java.text.SimpleDateFormat,0.00,1,1,1,0,1,1,0,1,38,1
"org.apache.jackrabbit.core.state.AbstractISMLockingTest",11,0.02,1.45,92,0.95,18125.55,15,4,10,41,12,69.60,82,93,2,2,111.89,2.00,0.25,0.27,4,16.00,2,2844.18,1,3,10,junit.framework.TestCase,0.00,30,1,16,2,30,8,0,15,601,2
"org.apache.jackrabbit.core.state.AbstractISMLockingTest$Runnable",1,0.00,2.00,6,0.06,833.70,1,0,10,3,0,118.81,0,9,0,1,118.81,0.00,0.00,0.00,0,0.00,2,174.91,0,0,0,java.lang.Object,0.00,2,0,2,0,2,1,0,0,42,0
"org.apache.jackrabbit.core.state.AbstractISMLockingTest$Runnable_0",1,0.00,2.00,5,0.04,435.25,1,0,10,5,0,123.99,0,8,0,1,123.99,0.00,0.00,0.00,0,1.00,2,128.93,0,0,0,java.lang.Object,0.00,4,0,2,0,4,1,0,0,33,0
"org.apache.jackrabbit.core.state.AbstractISMLockingTest$Runnable_1",1,0.00,2.00,5,0.04,435.25,1,0,10,5,0,123.99,0,8,0,1,123.99,0.00,0.00,0.00,0,1.00,2,128.93,0,0,0,java.lang.Object,0.00,4,0,2,0,4,1,0,0,33,0
"org.apache.jackrabbit.core.state.AbstractPersistenceManager",0,0.00,0.00,1,0.02,289.36,0,0,0,0,2,171.00,5,4,0,2,171.00,0.00,0.50,0.00,0,0.00,0,72.34,0,0,2,org.apache.jackrabbit.core.persistence.AbstractPersistenceManager,0.00,0,1,0,0,0,0,1,1,19,2
"org.apache.jackrabbit.core.state.Cache",6,0.00,1.00,7,0.02,78.02,6,0,0,6,4,162.46,27,8,4,1,162.23,0.00,0.00,0.00,0,6.00,1,73.02,0,0,1,,0.00,0,0,6,0,0,6,0,7,33,1
"org.apache.jackrabbit.core.state.CacheAccessListener",2,1.00,1.00,4,0.02,110.68,3,1,0,2,3,113.82,13,5,3,1,146.04,0.00,0.00,0.00,0,2.00,1,58.38,0,0,1,,0.00,0,0,2,0,0,2,0,4,21,1
"org.apache.jackrabbit.core.state.CacheManager",13,0.00,2.15,115,1.45,142792.50,25,12,5,37,4,87.44,65,129,2,1,105.32,0.00,0.00,0.08,2,73.00,14,4361.18,0,0,2,java.lang.Object,0.00,24,0,28,0,24,13,1,34,787,1
"org.apache.jackrabbit.core.state.CacheManager$CacheInfo",7,0.03,1.00,25,0.16,2214.50,12,5,5,11,1,183.51,7,33,0,1,133.51,0.00,0.00,0.23,0,25.00,1,480.16,0,1,1,java.lang.Object,0.00,4,0,7,0,4,6,0,7,129,2
"org.apache.jackrabbit.core.state.ChangeLog",20,0.18,2.25,138,1.61,59272.88,24,4,4,57,46,72.16,144,187,39,1,114.45,0.00,0.00,0.42,2,0.00,7,4843.74,0,5,7,java.lang.Object,0.00,37,0,45,0,37,15,0,34,1084,1
"org.apache.jackrabbit.core.state.ChangeLogTest",4,0.00,1.75,44,0.61,16577.49,5,1,7,22,10,103.77,16,50,1,4,103.54,0.00,0.75,1.00,0,0.00,4,1821.48,1,0,9,org.apache.jackrabbit.test.AbstractJCRTest,0.17,18,3,7,0,18,4,0,4,348,1
"org.apache.jackrabbit.core.state.ChildNodeEntries",38,0.12,2.21,230,2.43,108610.17,41,3,14,92,6,154.46,104,310,2,1,114.57,0.00,0.00,0.22,7,206.00,9,7297.21,1,19,4,java.lang.Object,0.00,54,0,84,0,54,19,2,42,1544,0
"org.apache.jackrabbit.core.state.ChildNodeEntries$EntriesIterator",10,0.33,1.00,24,0.16,1743.43,11,1,14,17,0,142.12,0,35,0,1,142.12,0.00,0.00,0.70,0,0.00,1,488.46,0,2,0,java.lang.Object,0.00,7,0,10,0,7,8,1,0,143,0
"org.apache.jackrabbit.core.state.ChildNodeEntry",7,0.25,1.86,39,0.35,10307.35,11,4,2,13,36,169.84,9,54,34,1,119.84,0.00,0.00,0.46,0,0.00,4,1056.87,0,3,2,java.lang.Object,0.00,6,0,13,0,6,4,0,4,249,2
"org.apache.jackrabbit.core.state.DefaultISMLocking",2,1.00,1.00,8,0.08,1450.79,3,1,5,6,6,83.72,14,13,2,1,126.02,0.00,0.00,0.50,0,2.00,1,245.99,0,0,4,java.lang.Object,0.00,4,0,2,0,4,2,1,4,61,1
"org.apache.jackrabbit.core.state.DefaultISMLocking$RWLock",2,0.00,1.00,6,0.06,684.86,3,1,5,4,1,133.48,8,9,0,2,133.24,0.00,0.50,1.00,0,0.00,1,175.53,0,0,1,EDU.oswego.cs.dl.util.concurrent.ReentrantWriterPreferenceReadWriteLock,0.00,2,1,2,0,2,2,0,2,47,3
"org.apache.jackrabbit.core.state.DefaultISMLocking$ReadLockImpl",2,1.00,1.00,7,0.05,722.82,3,1,5,4,0,183.06,3,10,0,1,133.06,0.00,0.00,0.50,0,2.00,1,156.14,0,0,0,java.lang.Object,0.00,2,0,2,0,2,2,1,1,45,3
"org.apache.jackrabbit.core.state.DefaultISMLocking$WriteLock",2,0.00,1.00,10,0.08,996.25,2,0,5,6,1,144.30,6,14,0,1,123.69,0.00,0.00,0.00,1,0.00,1,242.70,0,0,1,java.lang.Object,0.00,4,0,2,0,4,2,0,2,65,0
"org.apache.jackrabbit.core.state.DefaultISMLockingTest",1,0.00,1.00,3,0.02,126.12,1,0,0,2,4,136.89,4,5,1,3,136.66,0.00,0.67,0.00,0,1.00,1,47.21,0,1,3,org.apache.jackrabbit.core.state.AbstractISMLockingTest,0.25,1,2,1,0,1,0,0,1,16,1
"org.apache.jackrabbit.core.state.FineGrainedISMLocking",5,0.22,3.20,69,0.73,23202.02,13,8,14,29,10,51.83,50,90,2,1,100.31,0.00,0.00,0.30,0,5.00,4,2186.43,0,1,8,java.lang.Object,0.00,24,0,16,0,24,4,1,24,432,1
"org.apache.jackrabbit.core.state.FineGrainedISMLocking$LockMap",5,0.25,3.80,61,0.63,24089.47,7,2,14,21,6,83.56,28,80,0,1,101.44,0.00,0.00,0.70,0,0.00,6,1902.41,0,0,6,java.lang.Object,0.00,16,0,19,0,16,5,0,6,382,3
"org.apache.jackrabbit.core.state.FineGrainedISMLocking$ReadLockImpl",3,1.00,2.00,21,0.14,2826.80,4,1,14,8,1,165.90,3,27,0,1,115.90,0.00,0.00,0.33,0,4.00,4,414.55,0,0,1,java.lang.Object,0.00,5,0,6,0,5,3,1,3,96,2
"org.apache.jackrabbit.core.state.FineGrainedISMLocking$WriteLockImpl",3,1.00,2.33,37,0.23,4596.59,4,1,14,8,1,155.47,5,45,0,1,105.47,0.00,0.00,0.00,0,1.00,3,690.32,0,0,1,java.lang.Object,0.00,5,0,7,0,5,3,1,5,150,2
"org.apache.jackrabbit.core.state.FineGrainedISMLockingTest",1,0.00,1.00,3,0.02,126.12,1,0,0,2,4,136.89,4,5,1,3,136.66,0.00,0.67,0.00,0,1.00,1,47.21,0,1,3,org.apache.jackrabbit.core.state.AbstractISMLockingTest,0.25,1,2,1,0,1,0,0,1,16,1
"org.apache.jackrabbit.core.state.ISMLocking",2,0.00,1.00,5,0.03,122.41,2,0,1,2,16,154.83,35,6,14,1,145.70,0.00,0.00,0.00,0,2.00,1,81.60,0,1,2,,0.00,0,0,2,0,0,1,0,3,29,1
"org.apache.jackrabbit.core.state.ISMLocking$ReadLock",1,0.00,1.00,2,0.01,23.00,1,0,1,1,0,169.66,3,3,0,1,149.05,0.00,0.00,0.00,0,1.00,1,18.00,0,0,0,,0.00,0,0,1,0,0,1,0,1,9,1
"org.apache.jackrabbit.core.state.ISMLocking$WriteLock",2,0.00,1.00,3,0.01,46.26,2,0,1,2,0,128.04,12,4,0,1,160.26,0.00,0.00,0.00,0,2.00,1,33.51,0,1,0,,0.00,0,0,2,0,0,1,0,2,15,1
"org.apache.jackrabbit.core.state.ISMLockingFactory",1,0.00,1.00,2,0.01,38.26,1,0,1,1,4,127.16,14,3,3,1,147.31,0.00,0.00,0.00,0,1.00,1,25.51,0,0,1,,0.00,0,0,1,0,0,1,0,2,11,1
"org.apache.jackrabbit.core.state.ItemState",30,0.05,1.53,114,1.02,22368.50,43,13,4,41,55,98.26,186,176,53,1,130.48,0.00,0.00,0.12,4,338.00,3,3055.07,0,4,3,java.lang.Object,0.00,11,0,46,4,11,26,0,50,706,2
"org.apache.jackrabbit.core.state.ItemStateCache",9,0.00,1.00,10,0.04,133.96,9,0,1,9,8,129.54,58,11,6,1,161.76,0.00,0.00,0.00,0,9.00,1,123.16,0,0,2,,0.00,0,0,9,0,0,9,0,10,52,1
"org.apache.jackrabbit.core.state.ItemStateCacheFactory",1,0.00,1.00,2,0.01,23.00,1,0,0,1,10,100.94,8,3,9,1,149.05,0.00,0.00,0.00,0,1.00,1,18.00,0,0,1,,0.00,0,0,1,0,0,1,0,2,9,1
"org.apache.jackrabbit.core.state.ItemStateException",2,0.00,1.00,5,0.03,221.18,2,0,0,2,75,93.68,18,8,75,2,143.68,2.00,0.25,0.00,0,2.00,1,88.69,0,0,0,java.lang.Exception,0.00,0,1,2,2,0,2,0,3,29,1
"org.apache.jackrabbit.core.state.ItemStateListener",4,0.00,1.00,5,0.02,77.04,4,0,0,4,10,118.59,29,6,10,1,160.88,0.00,0.00,0.00,0,4.00,1,72.04,0,0,1,,0.00,0,0,4,0,0,4,0,5,29,1
"org.apache.jackrabbit.core.state.ItemStateManager",4,0.00,1.00,5,0.03,131.61,4,0,1,4,30,110.95,32,8,24,1,159.05,0.00,0.00,0.00,0,4.00,1,98.08,0,2,6,,0.00,0,0,4,0,0,2,0,5,35,1
"org.apache.jackrabbit.core.state.ItemStateMap",13,0.12,1.85,54,0.56,12373.54,15,2,11,34,6,145.56,47,78,2,1,124.95,0.00,0.00,0.38,3,0.00,10,1687.55,0,3,4,java.lang.Object,0.00,21,0,24,1,21,10,2,17,383,1
"org.apache.jackrabbit.core.state.ItemStateReferenceCache",12,0.12,1.08,39,0.36,5970.26,15,3,5,35,8,89.66,85,53,2,1,131.95,0.00,0.00,0.44,0,0.00,2,1086.47,0,0,6,java.lang.Object,0.00,23,0,13,0,23,12,2,30,278,1
"org.apache.jackrabbit.core.state.ItemStateReferenceMap",1,0.00,1.00,3,0.02,263.49,1,0,1,2,2,90.01,11,5,1,2,134.14,0.00,0.50,0.00,0,1.00,1,70.86,0,0,1,org.apache.jackrabbit.core.state.ItemStateMap,0.00,1,1,1,0,1,1,0,2,22,1
"org.apache.jackrabbit.core.state.ItemStateStore",9,0.00,1.00,10,0.04,117.04,9,0,3,9,4,119.94,63,11,2,1,162.23,0.00,0.00,0.00,0,9.00,1,112.04,0,2,2,,0.00,0,0,9,0,0,7,0,10,49,1
"org.apache.jackrabbit.core.state.LocalItemStateManager",28,0.14,2.18,174,1.78,45298.68,34,6,6,79,28,74.23,208,249,6,1,116.52,0.00,0.00,0.30,1,4.00,6,5336.93,0,4,22,java.lang.Object,0.00,51,0,61,1,51,24,2,75,1166,1
"org.apache.jackrabbit.core.state.MLRUItemStateCache",19,0.07,1.53,100,0.93,22562.84,27,8,5,41,6,120.85,83,143,1,1,120.62,0.00,0.00,0.19,3,0.00,3,2782.27,0,2,5,java.lang.Object,0.00,22,0,29,0,22,17,2,30,622,1
"org.apache.jackrabbit.core.state.MLRUItemStateCache$Entry",2,0.00,1.00,8,0.06,829.00,4,2,5,3,1,127.93,0,11,0,1,127.93,0.00,0.00,0.50,0,2.00,1,194.73,0,0,1,java.lang.Object,0.00,1,0,2,0,1,2,0,0,53,2
"org.apache.jackrabbit.core.state.ManagedMLRUItemStateCacheFactory",2,1.00,1.00,9,0.06,1012.34,3,1,0,5,4,84.95,14,12,0,1,127.25,0.00,0.00,0.50,0,2.00,1,181.89,0,1,4,java.lang.Object,0.00,3,0,2,0,3,1,1,4,50,1
"org.apache.jackrabbit.core.state.NameSet",19,0.01,1.26,71,0.57,11503.42,23,4,5,35,3,113.37,107,96,2,1,131.24,0.00,0.00,0.24,1,0.00,3,1697.39,1,4,1,java.lang.Object,0.00,16,0,24,0,16,15,2,31,425,1
"org.apache.jackrabbit.core.state.NameSet$Iterator",3,0.50,1.00,8,0.05,548.45,4,1,5,6,0,141.96,0,11,0,1,141.96,0.00,0.00,0.67,0,1.00,1,147.94,0,1,0,java.lang.Object,0.00,3,0,3,0,3,2,0,0,46,0
"org.apache.jackrabbit.core.state.NameSet$NameSetCache",3,0.50,2.67,32,0.37,18839.71,5,2,5,13,0,59.44,35,44,0,1,103.56,0.00,0.00,0.83,0,0.00,4,1110.92,0,3,0,java.lang.Object,0.00,10,0,8,0,10,0,0,5,234,3
"org.apache.jackrabbit.core.state.NoSuchItemStateException",2,0.00,1.00,5,0.03,221.18,2,0,0,2,40,93.68,18,8,39,3,143.68,0.00,0.67,0.00,0,2.00,1,88.69,0,0,1,org.apache.jackrabbit.core.state.ItemStateException,0.00,0,2,2,0,0,2,0,3,29,1
"org.apache.jackrabbit.core.state.NodeReferences",9,0.08,1.00,22,0.16,1947.28,12,3,6,17,37,109.16,56,32,34,1,141.38,0.00,0.00,0.26,0,14.00,1,481.53,0,3,3,java.lang.Object,0.00,8,0,9,0,8,6,1,13,135,1
"org.apache.jackrabbit.core.state.NodeReferencesId",7,0.17,1.57,25,0.21,4376.54,9,2,3,15,34,88.79,51,37,32,1,131.08,0.00,0.00,0.36,0,0.00,3,643.61,0,3,2,java.lang.Object,0.00,8,0,11,0,8,4,1,10,163,1
"org.apache.jackrabbit.core.state.NodeState",51,0.01,1.80,256,2.65,125854.80,61,10,11,98,88,69.97,421,344,79,2,118.08,1.00,0.33,0.11,3,1131.00,15,7938.66,4,19,10,org.apache.jackrabbit.core.state.ItemState,0.12,47,1,92,1,47,32,0,93,1731,1
"org.apache.jackrabbit.core.state.NodeStateIterator",1,0.00,1.00,2,0.01,59.45,1,0,2,1,5,95.80,9,3,4,2,145.80,0.00,0.50,0.00,0,1.00,1,33.60,0,0,1,,0.00,0,1,1,0,0,1,0,2,13,1
"org.apache.jackrabbit.core.state.NodeStateListener",4,0.00,1.00,5,0.05,153.25,4,0,2,4,8,110.43,35,7,6,2,158.53,0.00,0.50,0.00,0,4.00,1,135.15,0,0,3,,0.00,0,1,4,0,0,4,0,5,43,1
"org.apache.jackrabbit.core.state.NodeStateMerger",1,0.00,23.00,84,1.21,130947.05,1,0,7,32,8,42.64,61,101,2,1,58.20,0.00,0.00,0.00,0,1.00,23,3626.76,0,0,6,java.lang.Object,0.00,31,0,23,0,31,1,0,32,590,0
"org.apache.jackrabbit.core.state.NodeStateMerger$MergeContext",3,0.00,1.00,4,0.02,61.53,3,0,7,3,2,160.67,0,5,0,1,160.67,0.00,0.00,0.00,0,3.00,1,56.53,0,0,2,,0.00,0,0,3,0,0,3,0,0,23,1
"org.apache.jackrabbit.core.state.PMContext",1,0.00,1.00,3,0.05,459.29,1,0,6,1,5,114.37,5,6,0,2,132.24,0.00,0.50,0.00,0,1.00,1,159.60,0,0,5,org.apache.jackrabbit.core.persistence.PMContext,0.00,0,1,1,0,0,1,0,1,41,1
"org.apache.jackrabbit.core.state.PersistenceManager",0,0.00,0.00,1,0.02,161.44,0,0,0,0,2,171.00,5,3,2,2,171.00,0.00,0.50,0.00,0,0.00,0,55.35,0,0,0,,0.00,0,1,0,0,0,0,0,1,16,1
"org.apache.jackrabbit.core.state.PropertyState",17,0.00,1.06,53,0.38,5294.39,22,5,7,20,60,101.33,117,74,53,2,133.55,1.00,0.33,0.20,0,98.00,2,1132.56,2,6,7,org.apache.jackrabbit.core.state.ItemState,0.21,3,1,18,1,3,11,0,25,296,1
"org.apache.jackrabbit.core.state.SessionItemStateManager",46,0.06,2.07,294,3.47,148020.99,54,8,23,131,30,66.08,378,416,3,1,114.19,0.00,0.00,0.19,6,366.00,11,10414.56,0,9,27,java.lang.Object,0.00,85,0,95,0,85,37,3,126,2133,1
"org.apache.jackrabbit.core.state.SessionItemStateManager$AtticItemStateManager",4,0.00,1.25,13,0.11,2329.66,4,0,23,7,7,151.99,14,21,0,1,131.38,0.00,0.00,0.00,0,4.00,2,338.65,0,2,7,java.lang.Object,0.00,3,0,5,0,3,2,1,6,85,1
"org.apache.jackrabbit.core.state.SessionItemStateManager$NodeStateMerger.MergeContext",3,0.00,1.67,13,0.15,3354.95,3,0,23,7,6,124.42,0,19,0,1,124.42,0.00,0.00,0.00,0,6.00,3,447.45,0,0,6,java.lang.Object,0.00,4,0,5,0,4,3,0,0,102,0
"org.apache.jackrabbit.core.state.SharedItemStateManager",30,0.01,2.63,284,3.42,132299.47,41,11,33,122,46,58.01,324,390,10,1,106.48,0.00,0.00,0.10,8,318.00,8,10260.72,0,4,37,java.lang.Object,0.00,92,0,79,1,92,26,3,87,1986,1
"org.apache.jackrabbit.core.state.SharedItemStateManager$Update",17,0.04,4.76,278,3.44,201160.95,26,9,33,75,23,43.65,154,342,0,1,93.65,0.00,0.00,0.15,8,104.00,20,10324.31,0,4,23,java.lang.Object,0.00,58,0,81,0,58,13,1,69,1815,0
"org.apache.jackrabbit.core.state.SharedItemStateManager$Update$NodeStateMerger.MergeContext",3,0.00,2.33,18,0.21,5939.00,3,0,33,7,7,115.82,0,27,0,1,115.82,0.00,0.00,0.00,0,0.00,4,616.91,0,0,7,java.lang.Object,0.00,4,0,7,0,4,3,0,0,132,0
"org.apache.jackrabbit.core.state.StaleItemStateException",2,0.00,1.00,5,0.03,221.18,2,0,0,2,11,93.68,19,8,10,3,143.68,0.00,0.67,0.00,0,2.00,1,88.69,0,0,1,org.apache.jackrabbit.core.state.ItemStateException,0.00,0,2,2,0,0,2,0,3,29,1
"org.apache.jackrabbit.core.state.StateChangeDispatcher",11,0.05,2.91,79,0.97,20915.01,13,2,7,26,9,95.54,59,111,3,1,113.41,0.00,0.00,0.55,1,0.00,4,2903.15,0,1,6,java.lang.Object,0.00,15,0,32,0,15,10,0,14,620,1
"org.apache.jackrabbit.core.state.TestAll",1,0.00,1.00,7,0.06,1740.69,1,0,3,3,3,65.48,10,9,0,2,113.96,0.00,0.50,0.00,0,1.00,1,186.48,0,1,3,junit.framework.TestCase,0.00,2,1,1,0,2,0,0,2,47,1
"org.apache.jackrabbit.core.state.TimeBomb",4,0.00,1.75,23,0.17,4315.75,7,3,0,10,1,120.91,0,33,1,1,120.91,0.00,0.00,0.33,0,4.00,3,509.16,0,0,0,java.lang.Object,0.00,6,0,7,0,6,4,0,0,122,2
"org.apache.jackrabbit.core.state.TimeBomb$Runnable",1,0.00,2.00,8,0.06,948.48,1,0,0,3,0,163.71,1,12,0,1,113.71,0.00,0.00,0.00,0,0.00,2,168.54,0,0,0,java.lang.Object,0.00,2,0,2,0,2,1,0,1,40,0
"org.apache.jackrabbit.core.state.UpdatableItemStateManager",9,0.00,1.00,10,0.07,333.40,9,0,3,9,12,110.54,76,15,5,2,158.65,0.00,0.50,0.00,0,9.00,1,216.38,0,2,7,,0.00,0,1,9,0,0,7,0,10,74,1
"org.apache.jackrabbit.core.state.XAItemStateManager",22,0.01,4.05,261,3.26,225243.09,29,7,19,72,23,57.96,171,337,3,2,100.25,0.00,0.50,0.16,6,178.00,18,9776.77,5,3,20,org.apache.jackrabbit.core.state.LocalItemStateManager,0.08,50,1,89,0,50,19,1,50,1844,1
"org.apache.jackrabbit.core.state.XAItemStateManager$Predicate",1,0.00,2.00,7,0.07,1400.39,1,0,19,3,2,114.54,0,9,0,1,114.54,0.00,0.00,0.00,0,1.00,2,197.99,0,0,2,java.lang.Object,0.00,2,0,2,0,2,1,0,0,46,0
"org.apache.jackrabbit.ocm.query.Filter",21,0.00,1.00,22,0.13,441.48,21,0,0,21,32,210.58,37,24,32,1,160.58,0.00,0.00,0.00,0,21.00,1,396.57,0,19,0,,0.00,0,0,21,0,0,2,0,6,146,1
"org.apache.jackrabbit.ocm.query.Query",4,0.00,1.00,5,0.03,117.85,4,0,0,4,30,141.56,22,7,29,1,159.43,0.00,0.00,0.00,0,4.00,1,78.56,0,0,1,,0.00,0,0,4,0,0,4,0,5,30,1
"org.apache.jackrabbit.ocm.query.QueryManager",3,0.00,1.00,4,0.02,100.43,3,0,0,3,30,116.70,22,6,28,1,158.99,0.00,0.00,0.00,0,3.00,1,66.95,0,2,2,,0.00,0,0,3,0,0,1,0,4,25,1
"org.apache.jackrabbit.rmi.client.BrokenRemoteRepository",9,0.38,1.00,20,0.14,1329.56,10,1,4,10,3,100.40,65,31,1,1,142.69,0.00,0.00,0.67,0,0.00,1,406.69,0,6,2,java.lang.Object,0.00,1,0,9,0,1,3,1,12,118,1
"org.apache.jackrabbit.rmi.client.ClientAdapterFactory",26,0.00,1.04,56,0.53,6442.54,26,0,54,53,53,123.04,139,92,2,1,140.91,0.00,0.00,0.00,0,26.00,2,1600.95,0,26,51,java.lang.Object,0.00,27,0,27,1,27,0,1,27,429,1
"org.apache.jackrabbit.rmi.client.ClientItem",15,0.14,1.87,61,0.54,10599.67,17,2,7,31,8,126.20,64,99,3,1,125.96,0.00,0.00,0.37,3,0.00,4,1605.61,2,5,5,org.apache.jackrabbit.rmi.client.ClientObject,0.00,16,1,28,4,16,10,1,18,391,1
"org.apache.jackrabbit.rmi.client.ClientItemDefinition",7,0.17,2.00,33,0.27,5776.31,8,1,5,15,8,146.03,26,54,3,1,125.42,0.00,0.00,0.86,0,0.00,3,802.19,1,2,5,org.apache.jackrabbit.rmi.client.ClientObject,0.00,8,1,14,2,8,5,1,9,196,1
"org.apache.jackrabbit.rmi.client.ClientLock",8,0.07,1.75,32,0.25,4610.01,10,2,5,16,4,147.29,28,53,1,1,126.67,0.00,0.00,0.44,0,0.00,2,747.66,0,3,3,java.lang.Object,0.00,8,0,14,0,8,5,1,11,191,1
"org.apache.jackrabbit.rmi.client.ClientNamespaceRegistry",7,0.17,1.86,29,0.28,6048.57,8,1,4,14,5,145.89,23,52,1,1,125.27,0.00,0.00,0.86,0,0.00,2,841.90,0,4,4,org.apache.jackrabbit.rmi.client.ClientObject,0.00,7,1,13,0,7,3,1,9,202,1
"org.apache.jackrabbit.rmi.client.ClientNode",60,0.22,1.93,261,3.07,75411.04,61,1,21,115,10,173.98,86,444,3,2,123.98,2.00,0.25,0.78,2,0.00,3,9208.95,4,35,7,org.apache.jackrabbit.rmi.client.ClientItem,0.02,55,2,116,2,55,25,1,62,2060,1
"org.apache.jackrabbit.rmi.client.ClientNodeDefinition",4,0.33,2.00,21,0.18,4058.46,5,1,5,9,6,121.33,19,33,1,2,121.09,0.00,0.50,0.75,0,0.00,3,534.47,2,2,5,org.apache.jackrabbit.rmi.client.ClientItemDefinition,0.00,5,2,8,0,5,2,1,6,128,1
"org.apache.jackrabbit.rmi.client.ClientNodeType",19,0.17,2.05,92,0.87,24024.84,20,1,9,38,8,163.84,54,143,1,1,123.95,0.00,0.00,0.84,2,0.00,3,2616.03,1,10,7,org.apache.jackrabbit.rmi.client.ClientObject,0.00,19,1,39,0,19,9,1,23,607,1
"org.apache.jackrabbit.rmi.client.ClientNodeTypeManager",5,0.25,1.80,21,0.22,4300.41,6,1,6,12,5,125.53,21,37,1,1,125.30,0.00,0.00,0.80,0,0.00,2,664.49,1,4,4,org.apache.jackrabbit.rmi.client.ClientObject,0.00,7,1,9,1,7,1,1,7,158,1
"org.apache.jackrabbit.rmi.client.ClientObject",5,0.25,2.20,31,0.28,9762.21,6,1,10,11,20,71.75,55,38,13,1,115.88,0.00,0.00,0.80,1,0.00,3,840.77,0,4,7,java.lang.Object,0.00,6,0,11,28,6,1,0,8,196,1
"org.apache.jackrabbit.rmi.client.ClientObservationManager",5,0.08,1.80,26,0.31,7064.48,8,3,9,15,6,71.88,40,46,1,1,119.99,0.00,0.00,0.40,1,1.00,2,926.32,0,2,5,org.apache.jackrabbit.rmi.client.ClientObject,0.00,10,1,9,0,10,3,1,10,206,1
"org.apache.jackrabbit.rmi.client.ClientProperty",25,0.71,1.64,96,0.96,22749.91,26,1,12,46,6,130.02,123,145,1,2,129.79,0.00,0.50,0.32,3,97.00,3,2872.28,2,7,5,org.apache.jackrabbit.rmi.client.ClientItem,0.00,21,2,41,0,21,18,1,27,686,1
"org.apache.jackrabbit.rmi.client.ClientPropertyDefinition",5,0.25,1.80,21,0.17,3273.31,6,1,4,10,5,126.47,20,36,1,2,126.23,0.00,0.50,0.80,0,0.00,2,513.29,0,2,4,org.apache.jackrabbit.rmi.client.ClientItemDefinition,0.00,5,2,9,0,5,3,1,7,130,1
"org.apache.jackrabbit.rmi.client.ClientQuery",6,0.10,1.83,27,0.25,4721.00,8,2,7,14,6,146.21,23,45,1,1,125.60,0.00,0.00,0.58,0,0.00,2,753.79,2,5,5,org.apache.jackrabbit.rmi.client.ClientObject,0.00,8,1,11,0,8,1,1,9,182,1
"org.apache.jackrabbit.rmi.client.ClientQueryManager",4,0.17,1.75,21,0.23,4995.83,6,2,8,11,7,102.54,21,35,1,1,120.41,0.00,0.00,0.62,0,0.00,2,691.38,1,3,6,org.apache.jackrabbit.rmi.client.ClientObject,0.00,7,1,7,0,7,1,1,8,157,1
"org.apache.jackrabbit.rmi.client.ClientQueryResult",4,0.00,1.75,19,0.19,3460.84,6,2,7,10,5,107.41,21,32,1,1,125.28,0.00,0.00,0.50,0,0.00,2,559.34,1,3,4,org.apache.jackrabbit.rmi.client.ClientObject,0.00,6,1,7,0,6,1,1,7,134,1
"org.apache.jackrabbit.rmi.client.ClientRepository",7,0.17,1.86,33,0.36,7866.13,8,1,7,13,7,144.99,22,55,1,1,124.38,0.00,0.00,0.86,0,0.00,2,1078.16,1,6,6,org.apache.jackrabbit.rmi.client.ClientObject,0.00,6,1,13,0,6,1,1,9,243,1
"org.apache.jackrabbit.rmi.client.ClientRepositoryFactory",4,0.50,1.75,18,0.19,4674.34,6,2,12,9,6,86.69,50,30,2,1,124.26,0.00,0.00,0.12,1,6.00,4,574.76,0,2,4,java.lang.Object,0.00,5,0,7,0,5,2,1,7,129,1
"org.apache.jackrabbit.rmi.client.ClientRepositoryFactory$SafeClientRepository",1,0.00,4.00,7,0.10,3232.39,1,0,12,3,1,111.52,0,13,0,1,111.52,0.00,0.00,0.00,0,1.00,4,290.24,0,1,1,java.lang.Object,0.00,2,0,4,0,2,0,0,0,65,0
"org.apache.jackrabbit.rmi.client.ClientRow",3,0.50,1.67,12,0.11,2092.92,4,1,5,6,3,108.16,16,20,1,1,126.03,0.00,0.00,0.67,0,1.00,2,316.43,0,2,2,java.lang.Object,0.00,3,0,5,0,3,1,1,5,79,1
"org.apache.jackrabbit.rmi.client.ClientSession",32,0.01,2.19,162,1.87,47328.07,36,4,29,77,10,140.40,104,280,2,1,119.78,0.00,0.00,0.26,1,0.00,5,5616.64,2,15,8,org.apache.jackrabbit.rmi.client.ClientObject,0.00,45,1,70,1,45,17,1,39,1209,1
"org.apache.jackrabbit.rmi.client.ClientSession$DefaultContentHandler",1,0.00,2.00,6,0.06,1047.39,1,0,29,3,0,118.03,0,9,0,1,118.03,0.00,0.00,0.00,0,0.00,2,178.98,1,0,0,java.lang.Object,0.00,2,0,2,0,2,1,0,0,42,0
"org.apache.jackrabbit.rmi.client.ClientVersion",6,0.40,2.00,32,0.32,9448.27,7,1,7,13,5,101.72,32,47,1,3,119.59,0.00,0.67,0.67,1,0.00,3,963.49,2,5,4,org.apache.jackrabbit.rmi.client.ClientNode,0.00,7,3,12,0,7,1,1,9,220,1
"org.apache.jackrabbit.rmi.client.ClientVersionHistory",13,0.08,1.92,55,0.62,13113.42,14,1,9,27,5,164.62,31,102,1,3,124.74,0.00,0.67,0.92,0,0.00,2,1871.35,2,7,4,org.apache.jackrabbit.rmi.client.ClientNode,0.00,14,3,25,0,14,6,1,17,427,1
"org.apache.jackrabbit.rmi.client.ClientWorkspace",15,0.02,1.93,73,0.80,20498.91,18,3,21,37,11,163.58,44,123,1,1,123.70,0.00,0.00,0.31,0,0.00,3,2391.77,1,8,10,org.apache.jackrabbit.rmi.client.ClientObject,0.00,22,1,29,1,22,7,1,20,532,1
"org.apache.jackrabbit.rmi.client.ClientWorkspace$DefaultContentHandler",1,0.00,2.00,6,0.06,1083.98,1,0,21,3,0,117.91,0,10,0,1,117.91,0.00,0.00,0.00,0,0.00,2,194.37,1,0,0,java.lang.Object,0.00,2,0,2,0,2,1,0,0,46,0
"org.apache.jackrabbit.rmi.client.ClientXAResource",12,0.18,1.75,46,0.48,9641.96,13,1,6,24,4,180.20,17,78,2,1,130.20,0.00,0.00,0.83,1,0.00,2,1447.61,0,2,2,java.lang.Object,0.00,12,0,21,0,12,10,1,4,342,1
"org.apache.jackrabbit.rmi.client.ClientXASession",2,1.00,1.50,9,0.08,1410.91,3,1,5,5,6,83.73,14,16,1,2,126.02,0.00,0.50,0.50,0,2.00,2,251.09,1,1,5,org.apache.jackrabbit.rmi.client.ClientSession,0.00,3,2,3,0,3,1,1,3,64,1
"org.apache.jackrabbit.rmi.client.LocalAdapterFactory",26,0.00,1.00,27,0.18,545.61,26,0,48,26,63,118.30,206,29,41,1,160.59,0.00,0.00,0.00,0,26.00,1,540.61,0,26,22,,0.00,0,0,26,0,0,0,0,27,191,1
"org.apache.jackrabbit.rmi.client.RemoteRepositoryException",1,0.00,1.00,3,0.02,106.02,1,0,2,1,19,107.87,13,5,19,2,137.25,0.00,0.50,0.00,0,1.00,1,45.51,0,0,0,javax.jcr.RepositoryException,0.00,0,1,1,0,0,1,0,2,16,1
"org.apache.jackrabbit.rmi.client.RemoteRuntimeException",1,0.00,1.00,3,0.02,106.02,1,0,1,1,14,107.87,13,5,14,2,137.25,0.00,0.50,0.00,0,1.00,1,45.51,0,0,0,java.lang.RuntimeException,0.00,0,1,1,0,0,1,0,2,16,1
"org.apache.jackrabbit.rmi.client.SafeClientRepository",9,0.62,1.78,41,0.41,11205.73,10,1,7,16,8,144.65,31,69,1,1,124.04,0.00,0.00,0.44,2,13.00,3,1224.74,1,8,7,org.apache.jackrabbit.rmi.client.ClientObject,0.00,7,1,16,0,7,1,1,10,287,2
"org.apache.jackrabbit.core.persistence.xml.XMLPersistenceManager",24,0.12,4.50,469,7.88,430732.12,55,31,46,158,28,57.23,165,634,0,2,89.45,1.00,0.33,0.15,5,0.00,12,23640.05,1,8,28,org.apache.jackrabbit.core.persistence.AbstractPersistenceManager,0.00,134,1,108,1,134,16,0,99,3837,1
"org.apache.jackrabbit.webdav.jcr.version.VersionHistoryItemCollection",5,1.00,2.60,42,0.62,15800.22,6,1,21,31,15,61.43,42,65,1,4,109.53,0.00,0.75,0.20,0,2.00,4,1847.72,6,2,14,org.apache.jackrabbit.webdav.jcr.DefaultItemCollection,0.08,26,3,13,0,26,3,1,13,369,1
"org.apache.jackrabbit.webdav.jcr.version.VersionItemCollection",7,1.00,3.00,62,0.96,28694.33,8,1,29,46,19,60.51,61,89,1,4,108.61,0.00,0.75,0.14,1,15.00,6,2876.57,6,3,18,org.apache.jackrabbit.webdav.jcr.DefaultItemCollection,0.12,39,3,21,0,39,4,1,20,533,1
"org.apache.jackrabbit.jcr.NodeIteratorImpl",10,0.10,1.80,65,0.60,15875.40,19,9,12,25,7,66.63,96,86,1,1,116.63,0.00,0.00,0.20,2,26.00,4,1790.98,0,2,6,java.lang.Object,0.00,15,0,18,0,15,8,1,28,384,1
"org.apache.jackrabbit.jcr.QueryImpl",8,0.16,1.88,67,0.93,29942.73,15,7,23,37,10,59.03,72,92,1,1,109.03,0.00,0.00,0.29,0,6.00,4,2783.02,0,6,9,java.lang.Object,0.00,29,0,15,0,29,2,1,17,538,1
"org.apache.jackrabbit.jcr.QueryManagerImpl",5,0.31,1.20,21,0.20,2931.84,9,4,9,9,5,78.60,41,33,1,1,126.70,0.00,0.00,0.50,1,0.00,2,610.89,0,3,4,java.lang.Object,0.00,4,0,6,0,4,2,1,11,150,1
"org.apache.jackrabbit.jcr.QueryResultImpl",5,0.17,1.20,24,0.23,5429.95,8,3,9,12,9,92.37,32,32,1,1,124.59,0.00,0.00,0.47,1,2.00,2,694.42,0,4,8,java.lang.Object,0.00,7,0,6,0,7,1,1,9,165,0
"org.apache.jackrabbit.jcr.QueryTest",2,0.00,2.50,26,0.31,9590.38,2,0,7,14,2,120.87,6,27,1,5,100.25,0.00,0.80,0.00,0,0.00,3,933.06,1,0,1,org.apache.jackrabbit.test.api.query.AbstractQueryTest,0.00,12,4,5,0,12,2,0,2,179,1
"org.apache.jackrabbit.jcr.RowIteratorImpl",8,0.11,1.00,25,0.20,2351.87,12,4,18,17,8,85.29,83,34,1,1,133.76,0.00,0.00,0.16,1,0.00,1,609.88,0,2,7,java.lang.Object,0.00,9,0,8,0,9,6,1,17,162,0
"org.apache.jackrabbit.jcr.RowIteratorImpl$RowImpl",3,0.17,3.67,40,0.46,22826.44,6,3,18,14,5,78.44,43,48,0,1,98.58,0.00,0.00,0.44,1,1.00,6,1370.29,0,2,5,java.lang.Object,0.00,11,0,11,0,11,1,1,10,265,0
"org.apache.jackrabbit.jcr.ScoreNodeIterator",1,0.00,1.00,2,0.01,48.43,1,0,1,1,2,117.12,13,3,2,2,146.50,0.00,0.50,0.00,0,1.00,1,27.12,0,0,0,,0.00,0,1,1,0,0,1,0,2,11,1
"org.apache.jackrabbit.jcr.TestAll",1,0.00,1.00,5,0.04,864.35,1,0,3,3,2,142.42,3,7,1,2,121.80,0.00,0.50,0.00,0,1.00,1,115.51,0,1,1,junit.framework.TestCase,0.00,2,1,1,0,2,0,0,1,31,1
"org.apache.jackrabbit.commons.query.GQL",15,0.03,5.27,292,4.01,233980.35,40,25,26,78,5,129.20,326,382,2,1,89.90,0.00,0.00,0.07,8,80.00,17,12032.59,0,9,3,java.lang.Object,0.00,63,0,79,0,63,6,0,72,2069,2
"org.apache.jackrabbit.commons.query.GQL$ContainsExpression",2,1.00,5.00,41,0.50,27767.79,3,1,26,11,2,129.36,4,50,0,2,89.48,0.00,0.50,0.50,0,2.00,9,1499.75,0,0,2,org.apache.jackrabbit.commons.query.PropertyExpression,0.00,9,1,10,0,9,2,0,4,271,2
"org.apache.jackrabbit.commons.query.GQL$Expression",1,0.00,1.00,2,0.01,51.00,1,0,26,1,0,146.32,0,3,0,1,146.32,0.00,0.00,0.00,0,1.00,1,34.00,0,0,0,,0.00,0,0,1,0,0,1,0,0,13,1
"org.apache.jackrabbit.commons.query.GQL$Filter",1,0.00,1.00,2,0.01,69.06,1,0,26,1,0,96.81,10,3,0,1,145.29,0.00,0.00,0.00,0,1.00,1,36.53,0,0,0,,0.00,0,0,1,0,0,1,0,1,13,1
"org.apache.jackrabbit.commons.query.GQL$FilteredRowIterator",9,0.12,1.56,36,0.25,4550.91,12,3,26,12,0,127.38,39,54,0,1,127.15,0.00,0.00,0.22,2,21.00,4,736.45,0,2,0,java.lang.Object,0.00,3,0,14,0,3,7,1,13,186,2
"org.apache.jackrabbit.commons.query.GQL$MixinComparision",1,0.00,1.00,3,0.02,90.19,1,0,26,1,0,137.81,0,5,0,2,137.81,0.00,0.50,0.00,0,0.00,1,48.09,0,0,0,org.apache.jackrabbit.commons.query.ValueComparison,0.00,0,1,1,0,0,1,0,0,17,1
"org.apache.jackrabbit.commons.query.GQL$NAryExpression",4,0.33,1.75,21,0.20,4391.05,5,1,26,10,0,120.85,0,26,0,1,120.85,0.00,0.00,0.75,0,0.00,4,588.49,0,1,0,java.lang.Object,0.00,6,0,7,0,6,3,1,0,132,2
"org.apache.jackrabbit.commons.query.GQL$OptionalExpression",1,0.00,1.00,3,0.01,91.02,1,0,26,1,0,137.77,0,5,0,2,137.77,0.00,0.50,0.00,0,1.00,1,39.51,0,1,0,org.apache.jackrabbit.commons.query.NAryExpression,0.00,0,1,1,0,0,0,0,0,14,1
"org.apache.jackrabbit.commons.query.GQL$OrderByExpression",4,1.00,2.50,36,0.43,15460.37,5,1,26,15,2,106.95,2,43,0,1,106.95,0.00,0.00,0.25,1,4.00,7,1304.38,0,0,2,java.lang.Object,0.00,11,0,10,0,11,4,1,2,245,1
"org.apache.jackrabbit.commons.query.GQL$PrimaryTypeComparision",1,0.00,1.00,3,0.02,90.19,1,0,26,1,0,137.81,0,5,0,2,137.81,0.00,0.50,0.00,0,0.00,1,48.09,0,0,0,org.apache.jackrabbit.commons.query.ValueComparison,0.00,0,1,1,0,0,1,0,0,17,1
"org.apache.jackrabbit.commons.query.GQL$PropertyExpression",1,2.00,1.00,6,0.04,684.62,3,2,26,1,0,119.64,0,8,0,1,119.64,0.00,0.00,0.00,0,1.00,1,133.42,0,0,0,java.lang.Object,0.00,0,0,1,0,0,1,1,0,38,2
"org.apache.jackrabbit.commons.query.GQL$RequiredExpression",1,0.00,1.00,3,0.01,91.02,1,0,26,1,0,137.77,0,5,0,2,137.77,0.00,0.50,0.00,0,1.00,1,39.51,0,1,0,org.apache.jackrabbit.commons.query.NAryExpression,0.00,0,1,1,0,0,0,0,0,14,1
"org.apache.jackrabbit.commons.query.GQL$RowAdapter",3,0.00,1.33,12,0.12,2052.00,5,2,26,6,0,126.15,0,17,0,1,126.15,0.00,0.00,0.50,0,1.00,2,349.67,0,2,0,java.lang.Object,0.00,3,0,4,0,3,1,1,0,89,3
"org.apache.jackrabbit.commons.query.GQL$RowIterAdapter",4,1.00,1.25,17,0.12,2746.39,5,1,26,5,1,126.15,0,23,0,3,126.15,0.00,0.67,0.25,0,8.00,2,370.32,1,1,1,org.apache.jackrabbit.commons.iterator.RowIteratorAdapter,0.40,1,2,5,0,1,3,0,0,97,2
"org.apache.jackrabbit.commons.query.GQL$ValueComparison",2,0.00,1.00,7,0.08,939.94,2,0,26,6,1,132.16,0,11,0,2,132.16,0.00,0.50,0.00,0,2.00,1,235.66,0,0,1,org.apache.jackrabbit.commons.query.PropertyExpression,0.00,4,1,2,0,4,2,0,0,61,2
"org.apache.jackrabbit.core.jndi.provider.DummyContext",34,0.42,1.41,121,1.23,26112.70,36,2,17,57,2,151.02,113,169,2,2,130.40,0.00,0.50,0.09,14,198.00,3,3702.92,1,21,0,java.util.Hashtable,0.00,23,1,48,0,23,13,2,39,879,0
"org.apache.jackrabbit.core.jndi.provider.DummyContext$BindingEnum",2,0.00,1.00,6,0.05,692.27,2,0,17,5,0,133.21,0,9,0,2,133.21,0.00,0.50,0.00,0,2.00,1,143.20,0,1,0,org.apache.jackrabbit.core.jndi.provider.NamingEnum,0.00,3,1,2,0,3,1,0,0,41,0
"org.apache.jackrabbit.core.jndi.provider.DummyContext$FlatNameParser",1,0.00,1.00,7,0.06,832.71,2,1,17,3,0,137.09,3,10,0,1,116.48,0.00,0.00,1.00,0,0.00,1,180.99,0,1,0,java.lang.Object,0.00,2,0,1,0,2,0,1,1,49,1
"org.apache.jackrabbit.core.jndi.provider.DummyContext$NamingEnum",6,0.20,1.00,17,0.13,1732.88,8,2,17,13,0,140.39,0,24,0,1,140.39,0.00,0.00,0.33,2,6.00,1,398.94,0,2,0,java.lang.Object,0.00,7,0,6,0,7,4,1,0,110,0
"org.apache.jackrabbit.core.jndi.provider.DummyInitialContextFactory",1,0.00,3.00,12,0.15,6408.85,2,1,5,7,4,50.52,9,17,3,1,100.51,0.00,0.00,1.00,0,0.00,3,443.66,0,1,1,java.lang.Object,0.00,6,0,3,0,6,0,1,3,94,1
"org.apache.jackrabbit.core.fs.mem.MemoryFile",3,1.00,1.00,8,0.06,741.03,4,1,0,3,2,140.93,0,12,1,2,140.93,0.00,0.50,0.33,0,4.00,1,167.44,0,0,1,org.apache.jackrabbit.core.fs.mem.MemoryFileSystemEntry,0.29,0,1,3,0,0,3,0,0,48,1
"org.apache.jackrabbit.core.fs.mem.MemoryFileSystem",27,0.73,1.96,162,1.92,72394.19,28,1,15,64,8,114.82,1,210,2,1,114.82,0.00,0.00,0.30,12,115.00,8,5746.27,0,9,6,java.lang.Object,0.00,37,0,53,0,37,18,1,1,1183,1
"org.apache.jackrabbit.core.fs.mem.MemoryFileSystem$ByteArrayOutputStream",2,0.00,1.00,6,0.06,833.77,2,0,15,6,0,132.57,0,8,0,1,132.57,0.00,0.00,0.00,0,2.00,1,187.38,0,0,0,java.lang.Object,0.00,4,0,2,0,4,2,0,0,50,0
"org.apache.jackrabbit.core.fs.mem.MemoryFileSystemEntry",4,0.67,1.00,9,0.05,446.31,5,1,0,5,3,143.65,0,13,3,1,143.65,0.00,0.00,0.50,0,4.00,1,157.94,0,0,0,java.lang.Object,0.00,1,0,4,2,1,4,0,0,49,2
"org.apache.jackrabbit.core.fs.mem.MemoryFileSystemTest",1,0.00,1.00,3,0.02,126.12,1,0,2,2,3,136.66,0,5,0,3,136.66,0.00,0.67,0.00,0,1.00,1,47.21,0,1,3,org.apache.jackrabbit.core.fs.AbstractFileSystemTest,0.33,1,2,1,0,1,0,0,0,16,1
"org.apache.jackrabbit.core.fs.mem.MemoryFolder",1,0.00,1.00,3,0.01,91.02,1,0,0,1,2,137.77,0,5,1,2,137.77,0.00,0.50,0.00,0,1.00,1,39.51,0,0,1,org.apache.jackrabbit.core.fs.mem.MemoryFileSystemEntry,0.40,0,1,1,0,0,1,0,0,14,1
"org.apache.jackrabbit.core.journal.AbstractJournal",22,0.03,1.59,110,1.14,30761.08,31,9,12,51,15,87.83,151,161,6,1,120.05,0.00,0.00,0.08,5,246.00,6,3411.37,0,5,11,java.lang.Object,0.00,29,0,35,6,29,17,1,36,733,2
"org.apache.jackrabbit.core.journal.AbstractRecord",14,0.00,2.36,110,1.27,39357.36,19,5,23,55,20,112.36,63,151,2,1,112.12,0.00,0.00,0.20,4,62.00,4,3818.33,0,6,18,java.lang.Object,0.00,41,0,33,2,41,8,1,20,787,2
"org.apache.jackrabbit.core.journal.AppendRecord",26,0.03,1.88,156,1.52,37940.28,39,13,12,59,7,117.15,108,226,5,2,116.91,0.00,0.50,0.10,5,134.00,6,4552.89,0,4,3,org.apache.jackrabbit.core.journal.AbstractRecord,0.00,33,1,49,0,33,22,0,33,963,1
"org.apache.jackrabbit.core.journal.DatabaseJournal",50,0.03,2.10,384,4.37,149938.86,89,39,18,115,15,69.63,375,543,6,2,111.93,3.00,0.20,0.05,12,1322.00,6,13105.00,2,13,10,org.apache.jackrabbit.core.journal.AbstractJournal,0.06,65,1,105,3,65,37,0,95,2536,1
"org.apache.jackrabbit.core.journal.DatabaseJournal$DatabaseRevision",4,0.17,2.50,45,0.47,16185.57,6,2,18,11,3,61.25,30,58,0,1,103.54,0.00,0.00,0.62,0,0.00,4,1411.88,0,0,3,java.lang.Object,0.00,7,0,10,0,7,4,1,13,270,1
"org.apache.jackrabbit.core.journal.DatabaseJournal$RevisionTableJanitor",2,0.00,4.00,32,0.36,9495.86,2,0,18,10,0,97.05,9,43,0,1,96.81,0.00,0.00,0.00,1,0.00,4,1079.90,0,0,0,java.lang.Object,0.00,8,0,8,0,8,2,1,5,206,1
"org.apache.jackrabbit.core.journal.DatabaseRecordIterator",6,0.23,2.33,51,0.50,10793.95,13,7,9,19,7,63.38,50,69,1,1,111.49,0.00,0.00,0.33,2,0.00,3,1501.61,0,0,7,java.lang.Object,0.00,13,0,14,0,13,6,1,14,320,0
"org.apache.jackrabbit.core.journal.DefaultRecordProducer",3,0.00,1.33,17,0.13,2872.50,5,2,0,7,5,79.09,23,24,1,1,121.38,0.00,0.00,0.50,0,1.00,2,400.29,0,1,5,java.lang.Object,0.00,4,0,4,0,4,2,1,6,98,1
"org.apache.jackrabbit.core.journal.FileJournal",16,0.06,1.94,108,1.29,44349.86,28,12,6,42,12,96.84,91,140,1,2,114.71,0.00,0.50,0.14,2,78.00,7,3857.01,5,3,11,org.apache.jackrabbit.core.journal.AbstractJournal,0.11,26,1,31,0,26,13,0,26,753,1
"org.apache.jackrabbit.core.journal.FileJournalTest",5,0.35,1.60,51,0.62,14743.34,10,5,9,23,8,56.27,45,64,1,3,106.27,0.00,0.67,0.48,0,0.00,2,1869.64,2,0,7,org.apache.jackrabbit.test.JUnitTest,0.00,18,2,8,0,18,5,0,11,376,1
"org.apache.jackrabbit.core.journal.FileRecordIterator",5,0.14,3.20,56,0.55,27326.11,12,7,5,15,8,52.45,48,74,1,1,102.45,0.00,0.00,0.26,1,9.00,9,1643.87,0,1,7,java.lang.Object,0.00,10,0,16,0,10,4,1,13,337,1
"org.apache.jackrabbit.core.journal.FileRecordLog",18,0.08,2.00,144,1.62,55587.45,31,13,16,58,5,59.67,171,189,2,1,109.67,0.00,0.00,0.15,4,114.00,4,4868.29,0,1,3,java.lang.Object,0.00,40,0,36,0,40,17,0,33,981,1
"org.apache.jackrabbit.core.journal.FileRecordLog$DataBuffer",2,0.00,1.00,6,0.06,774.15,2,0,16,5,0,133.06,8,9,0,2,132.82,0.00,0.50,0.00,0,2.00,1,177.19,0,0,0,java.io.DataOutputStream,0.00,3,1,2,0,3,2,0,1,47,3
"org.apache.jackrabbit.core.journal.FileRevision",4,0.42,3.00,36,0.38,10377.56,8,4,5,17,4,58.27,36,53,2,1,108.27,0.00,0.00,0.56,1,0.00,4,1141.10,0,0,2,java.lang.Object,0.00,13,0,12,0,13,4,1,9,239,1
"org.apache.jackrabbit.core.journal.InstanceRevision",3,0.00,1.00,4,0.02,125.78,3,0,0,3,9,126.00,18,5,8,1,158.22,0.00,0.00,0.00,0,3.00,1,67.79,0,0,1,,0.00,0,0,3,0,0,3,0,4,25,1
"org.apache.jackrabbit.core.journal.JNDIDatabaseJournal",4,0.67,1.25,15,0.13,3543.68,5,1,5,9,2,81.46,41,23,0,3,129.94,0.00,0.67,0.50,0,4.00,2,396.19,0,2,2,org.apache.jackrabbit.core.journal.DatabaseJournal,0.08,5,2,5,0,5,2,0,8,96,1
"org.apache.jackrabbit.core.journal.Journal",9,0.00,1.00,10,0.07,319.27,9,0,1,9,9,126.57,60,12,3,1,158.79,0.00,0.00,0.00,0,9.00,1,198.07,0,3,6,,0.00,0,0,9,0,0,6,0,10,70,1
"org.apache.jackrabbit.core.journal.JournalException",2,0.00,1.00,5,0.03,221.18,2,0,0,2,34,93.68,18,8,34,2,143.68,0.00,0.50,0.00,0,2.00,1,88.69,0,0,0,java.lang.Exception,0.00,0,1,2,0,0,2,0,3,29,1
"org.apache.jackrabbit.core.journal.LockableFileRevision",5,0.35,3.80,57,0.66,25317.94,10,5,6,21,2,54.57,43,86,1,1,102.68,0.00,0.00,0.48,2,0.00,6,1994.68,0,0,1,java.lang.Object,0.00,16,0,19,0,16,5,0,11,396,0
"org.apache.jackrabbit.core.journal.MSSqlDatabaseJournal",4,0.67,1.25,14,0.12,2249.19,5,1,1,7,2,113.62,22,21,0,3,131.50,0.00,0.67,0.50,0,4.00,2,361.21,3,2,2,org.apache.jackrabbit.core.journal.DatabaseJournal,0.00,3,2,5,0,3,2,0,6,92,1
"org.apache.jackrabbit.core.journal.MemoryJournal",14,0.04,1.43,61,0.66,21403.56,22,8,9,28,9,91.16,87,88,2,2,123.38,0.00,0.50,0.09,1,102.00,5,1989.58,2,3,7,org.apache.jackrabbit.core.journal.AbstractJournal,0.11,14,1,20,0,14,11,0,25,424,1
"org.apache.jackrabbit.core.journal.MemoryJournal$MemoryRecord",4,0.11,1.00,14,0.09,1339.84,7,3,9,4,0,91.03,31,19,0,1,133.32,0.00,0.00,0.25,0,10.00,1,258.64,0,2,0,java.lang.Object,0.00,0,0,4,0,0,2,0,7,74,1
"org.apache.jackrabbit.core.journal.MemoryJournal$MemoryRecordIterator",4,0.17,1.25,19,0.22,5636.11,6,2,9,13,4,105.82,22,30,0,1,123.69,0.00,0.00,0.38,0,4.00,2,674.28,0,1,4,java.lang.Object,0.00,9,0,5,0,9,3,1,7,143,1
"org.apache.jackrabbit.core.journal.MemoryRevision",3,1.00,1.00,7,0.05,455.14,4,1,0,3,3,124.72,16,11,1,1,142.60,0.00,0.00,0.33,0,4.00,1,138.48,0,0,2,java.lang.Object,0.00,0,0,3,0,0,3,1,6,41,1
"org.apache.jackrabbit.core.journal.OracleDatabaseJournal",4,0.17,2.00,28,0.28,8173.50,6,2,4,16,2,81.03,24,39,0,3,113.25,0.00,0.67,0.38,0,4.00,3,847.53,1,2,2,org.apache.jackrabbit.core.journal.DatabaseJournal,0.00,12,2,8,0,12,2,0,9,187,1
"org.apache.jackrabbit.core.journal.ReadRecord",24,0.02,1.54,104,0.90,22199.41,30,6,5,35,9,164.97,69,152,4,2,125.08,0.00,0.50,0.15,2,144.00,4,2687.85,0,3,5,org.apache.jackrabbit.core.journal.AbstractRecord,0.00,11,1,37,0,11,21,0,21,625,1
"org.apache.jackrabbit.core.journal.Record",31,0.00,1.00,32,0.20,950.73,31,0,5,31,27,141.42,184,33,21,1,159.29,0.00,0.00,0.00,0,31.00,1,606.40,0,9,6,,0.00,0,0,31,0,0,22,0,32,217,1
"org.apache.jackrabbit.core.journal.RecordConsumer",4,0.00,1.00,5,0.02,62.02,4,0,0,4,4,129.40,24,6,3,1,161.63,0.00,0.00,0.00,0,4.00,1,57.02,0,1,1,,0.00,0,0,4,0,0,3,0,5,25,1
"org.apache.jackrabbit.core.journal.RecordIterator",3,0.00,1.00,4,0.02,60.48,3,0,1,3,11,118.44,21,5,9,1,160.73,0.00,0.00,0.00,0,3.00,1,45.65,0,0,2,,0.00,0,0,3,0,0,3,0,4,20,1
"org.apache.jackrabbit.core.journal.RecordProducer",1,0.00,1.00,2,0.01,38.26,1,0,0,1,6,103.18,11,3,4,1,147.31,0.00,0.00,0.00,0,1.00,1,25.51,0,0,2,,0.00,0,0,1,0,0,1,0,2,11,1
"org.apache.jackrabbit.core.journal.RotatingLogFile",7,0.14,2.14,53,0.71,30290.84,13,6,7,29,3,62.56,57,75,3,1,110.67,0.00,0.00,0.29,2,12.00,7,2132.17,0,2,0,java.lang.Object,0.00,22,0,15,0,22,5,1,14,424,1
"org.apache.jackrabbit.core.journal.RotatingLogFile$Comparator",1,0.00,1.00,5,0.04,805.33,1,0,7,2,1,122.04,0,6,0,1,122.04,0.00,0.00,0.00,0,1.00,1,128.00,0,0,1,java.lang.Object,0.00,1,0,1,0,1,1,0,0,34,0
"org.apache.jackrabbit.core.journal.RotatingLogFile$FilenameFilter",1,0.00,1.00,3,0.03,292.00,1,0,7,2,0,133.79,0,4,0,1,133.79,0.00,0.00,0.00,0,0.00,1,80.00,0,0,0,java.lang.Object,0.00,1,0,1,0,1,1,0,0,22,0
"org.apache.jackrabbit.core.journal.TestAll",1,0.00,1.00,5,0.04,874.91,1,0,3,3,1,84.20,12,7,0,2,121.76,0.00,0.50,0.00,0,1.00,1,109.28,0,1,1,junit.framework.TestCase,0.00,2,1,1,0,2,0,0,2,30,1
"org.apache.jackrabbit.servlet.jackrabbit.JackrabbitRepositoryServlet",4,0.17,2.25,35,0.44,16584.26,6,2,13,22,7,98.28,61,58,1,3,108.64,0.00,0.67,0.38,1,0.00,4,1323.38,3,1,6,org.apache.jackrabbit.servlet.AbstractRepositoryServlet,0.90,18,2,9,0,18,3,0,7,260,1
"org.apache.jackrabbit.jcr.ChildNodeAttic",11,0.30,2.27,67,0.57,11022.49,13,2,8,26,3,168.15,17,77,1,1,118.15,0.00,0.00,0.23,0,16.00,4,1698.38,0,4,3,java.lang.Object,0.00,15,0,25,0,15,7,0,6,384,0
"org.apache.jackrabbit.jcr.ChildNodeEntries",13,0.00,1.00,14,0.08,284.27,13,0,7,13,5,112.34,110,15,2,1,160.45,0.00,0.00,0.00,0,13.00,1,245.44,0,2,3,,0.00,0,0,13,0,0,11,0,14,92,1
"org.apache.jackrabbit.jcr.ChildNodeEntriesImpl",21,0.08,3.19,192,2.40,94316.31,30,9,20,65,10,58.27,183,243,2,1,106.38,0.00,0.00,0.19,7,43.00,10,7186.68,0,10,8,java.lang.Object,0.00,44,0,67,0,44,11,1,68,1438,1
"org.apache.jackrabbit.jcr.ChildNodeEntriesImpl$LinkedEntries",10,0.00,1.60,50,0.43,10661.96,10,0,20,20,3,88.75,67,64,0,2,120.98,0.00,0.50,0.00,1,10.00,3,1302.13,0,6,3,org.apache.commons.collections.list.AbstractLinkedList,0.00,10,1,16,0,10,4,0,15,316,2
"org.apache.jackrabbit.jcr.ChildNodeEntriesImpl$LinkedEntries$LinkNode",8,0.71,1.50,31,0.29,8411.31,9,1,20,13,4,169.20,16,42,0,3,129.31,0.00,0.67,0.38,1,14.00,4,870.55,4,4,4,Node,0.00,5,2,12,0,5,4,0,8,209,2
"org.apache.jackrabbit.jcr.ChildNodeEntriesImpl$LinkedEntries$LinkNodeIterator",4,0.17,1.50,18,0.14,2317.91,6,2,20,9,0,126.69,0,25,0,1,126.69,0.00,0.00,0.38,1,6.00,2,421.41,0,1,0,java.lang.Object,0.00,5,0,6,0,5,3,1,0,106,1
"org.apache.jackrabbit.jcr.ChildNodeEntriesImpl$LinkedEntries$NameMap",10,0.11,3.60,105,1.28,53834.78,12,2,20,29,3,104.26,49,133,0,1,104.02,0.00,0.00,0.60,3,0.00,7,3844.84,0,7,3,java.lang.Object,0.00,19,0,36,0,19,3,0,25,776,2
"org.apache.jackrabbit.jcr.ChildPropertyEntries",7,0.00,1.00,8,0.04,194.22,7,0,2,7,4,127.41,45,9,2,1,159.64,0.00,0.00,0.00,0,7.00,1,129.48,0,2,2,,0.00,0,0,7,0,0,5,0,8,49,1
"org.apache.jackrabbit.jcr.ChildPropertyEntriesImpl",8,0.04,1.75,53,0.49,10322.84,12,4,12,24,6,137.96,26,65,1,1,117.35,0.00,0.00,0.28,2,0.00,3,1474.13,0,2,5,java.lang.Object,0.00,16,0,14,0,16,6,1,10,334,1
"org.apache.jackrabbit.jcr.EntryFactory",11,0.06,1.27,42,0.38,6832.08,18,7,9,20,15,151.77,35,58,6,1,131.15,0.00,0.00,0.09,0,70.00,2,1129.20,0,5,11,java.lang.Object,0.00,9,0,14,0,9,6,0,11,273,1
"org.apache.jackrabbit.jcr.EntryFactory$NodeEntryListener",2,0.00,1.00,3,0.02,84.27,2,0,9,2,1,158.21,0,4,0,1,158.21,0.00,0.00,0.00,0,2.00,1,56.18,0,0,1,,0.00,0,0,2,0,0,2,0,0,20,1
"org.apache.jackrabbit.jcr.EntryValidation",4,1.00,3.50,33,0.32,9046.43,5,1,6,12,4,73.05,48,50,1,1,110.61,0.00,0.00,0.00,0,4.00,5,963.96,0,0,3,java.lang.Object,0.00,8,0,14,0,8,4,0,16,214,1
"org.apache.jackrabbit.jcr.HierarchyEntry",15,0.00,1.00,16,0.09,475.89,15,0,8,15,20,116.89,110,17,16,1,159.18,0.00,0.00,0.00,0,15.00,1,272.10,0,4,6,,0.00,0,0,15,0,0,11,0,16,101,1
"org.apache.jackrabbit.jcr.HierarchyEntryImpl",19,0.08,2.58,135,1.54,50949.69,24,5,13,45,12,64.16,154,190,3,1,112.26,0.00,0.00,0.13,8,128.00,6,4614.94,0,8,10,java.lang.Object,0.00,26,0,49,2,26,11,1,63,930,1
"org.apache.jackrabbit.jcr.HierarchyEventListener",5,0.08,5.40,85,1.18,94370.76,8,3,19,33,11,46.91,55,102,1,1,91.04,0.00,0.00,0.27,2,10.00,17,3543.92,0,2,11,java.lang.Object,0.00,28,0,27,0,28,3,1,25,612,1
"org.apache.jackrabbit.jcr.HierarchyManager",12,0.00,1.00,13,0.12,656.89,12,0,9,12,20,109.21,107,14,11,1,157.31,0.00,0.00,0.00,0,12.00,1,346.08,0,6,9,,0.00,0,0,12,0,0,6,0,13,110,1
"org.apache.jackrabbit.jcr.HierarchyManagerImpl",14,0.08,2.36,107,1.14,33890.81,19,5,16,47,20,133.25,45,148,2,1,112.63,0.00,0.00,0.27,3,42.00,4,3432.70,0,6,18,java.lang.Object,0.00,33,0,33,0,33,8,1,18,728,1
"org.apache.jackrabbit.jcr.NodeEntry",29,0.00,1.00,30,0.30,1747.59,29,0,16,29,58,108.88,253,31,50,2,156.98,0.00,0.50,0.00,0,29.00,1,885.29,0,19,10,,0.00,0,1,29,0,0,10,0,30,273,1
"org.apache.jackrabbit.jcr.NodeEntryImpl",69,0.02,3.59,735,9.62,424505.89,76,7,44,258,41,61.27,495,929,6,2,103.57,0.00,0.50,0.12,22,1982.00,15,28873.69,9,22,39,org.apache.jackrabbit.jcr2spi.hierarchy.HierarchyEntryImpl,0.18,189,1,248,0,189,47,1,231,5398,1
"org.apache.jackrabbit.jcr.NodeEntryImpl$RevertInfo",3,0.00,2.00,24,0.29,5467.44,8,5,44,9,3,111.48,1,32,0,1,111.48,0.00,0.00,0.20,0,5.00,4,873.33,0,0,3,java.lang.Object,0.00,6,0,6,0,6,3,0,1,190,1
"org.apache.jackrabbit.jcr.PropertyEntry",3,0.00,1.00,4,0.03,175.02,3,0,5,3,29,114.80,22,5,28,2,157.09,0.00,0.50,0.00,0,3.00,1,87.51,0,3,2,,0.00,0,1,3,0,0,0,0,4,30,1
"org.apache.jackrabbit.jcr.PropertyEntryImpl",9,0.00,1.44,30,0.34,8041.88,9,0,11,18,13,97.66,54,45,3,2,129.88,0.00,0.50,0.00,1,13.00,5,1034.29,1,5,12,org.apache.jackrabbit.jcr2spi.hierarchy.HierarchyEntryImpl,0.14,9,1,13,0,9,4,1,15,242,1
"org.apache.jackrabbit.jcr.UniqueIdResolver",10,0.04,3.00,73,0.86,23283.13,13,3,13,37,9,94.84,52,108,1,1,112.71,0.00,0.00,0.37,2,0.00,6,2573.81,0,2,8,java.lang.Object,0.00,27,0,30,0,27,8,2,26,548,1
"org.apache.jackrabbit.ocm.querymanager.AllTests",2,0.00,1.00,8,0.06,1287.47,2,0,3,5,4,147.04,7,11,1,1,126.42,0.00,0.00,0.00,1,2.00,1,190.58,0,2,3,java.lang.Object,0.00,3,0,2,0,3,0,0,3,50,1
"org.apache.jackrabbit.ocm.querymanager.AnnotationQueryManagerTest",4,1.00,1.50,29,0.40,8400.39,5,1,10,19,7,153.11,10,52,2,4,113.22,0.00,0.75,0.00,0,4.00,2,1201.05,1,1,5,org.apache.jackrabbit.ocm.AnnotationTestBase,0.00,15,3,6,0,15,3,0,3,234,1
"org.apache.jackrabbit.ocm.querymanager.DigesterQueryManagerTest",4,1.00,1.50,29,0.40,8400.39,5,1,10,19,7,153.11,10,52,2,4,113.22,0.00,0.75,0.00,0,4.00,2,1201.05,1,1,5,org.apache.jackrabbit.ocm.DigesterTestBase,0.00,15,3,6,0,15,3,0,3,234,1
"org.apache.jackrabbit.ocm.testmodel.proxy.Node",4,0.33,1.00,11,0.08,1194.31,6,2,2,4,0,140.28,0,17,0,1,140.28,0.00,0.00,0.25,0,8.00,1,239.52,0,2,0,java.lang.Object,0.00,0,0,4,0,0,2,0,0,68,1
"org.apache.jackrabbit.ocm.testmodel.version.Node",10,0.11,1.00,26,0.19,2493.07,15,5,8,10,0,140.90,0,38,0,1,140.90,0.00,0.00,0.10,0,50.00,1,558.92,0,4,0,java.lang.Object,0.00,0,0,10,0,0,6,0,0,153,1
"org.apache.jackrabbit.ocm.manager.auto.AllTests",2,0.00,1.00,8,0.06,1287.47,2,0,3,5,4,147.04,7,11,1,1,126.42,0.00,0.00,0.00,1,2.00,1,190.58,0,2,3,java.lang.Object,0.00,3,0,2,0,3,0,0,3,50,1
"org.apache.jackrabbit.ocm.manager.auto.AnnotationAutoTest",4,1.00,1.00,62,0.93,31499.36,5,1,25,37,10,48.34,34,69,2,4,96.45,0.00,0.75,0.00,0,6.00,1,2800.74,2,1,8,org.apache.jackrabbit.ocm.AnnotationTestBase,0.22,33,3,4,0,33,3,0,27,502,1
"org.apache.jackrabbit.ocm.manager.auto.DigesterAutoTest",4,1.00,1.00,53,0.78,26511.40,5,1,16,34,7,51.25,34,60,2,4,99.36,0.00,0.75,0.00,0,6.00,1,2349.02,2,1,5,org.apache.jackrabbit.ocm.DigesterTestBase,0.22,30,3,4,0,30,3,0,27,424,1
"org.apache.jackrabbit.jcr.EventImpl",6,0.00,2.17,39,0.42,10313.06,10,4,5,16,3,74.03,44,50,1,1,116.32,0.00,0.00,0.25,4,10.00,6,1248.05,0,4,2,java.lang.Object,0.00,10,0,13,0,10,2,1,12,274,1
"org.apache.jackrabbit.jcr.FilteredEventIterator",9,0.00,1.44,40,0.37,7568.35,16,7,9,17,6,83.13,66,55,1,1,125.43,0.00,0.00,0.14,2,21.00,3,1116.08,0,2,5,java.lang.Object,0.00,8,0,13,0,8,7,1,17,261,0
"org.apache.jackrabbit.jcr.InternalEventListener",2,0.00,1.00,3,0.01,58.89,2,0,3,2,5,109.43,19,4,3,1,159.43,0.00,0.00,0.00,0,2.00,1,39.26,0,1,2,,0.00,0,0,2,0,0,1,0,3,16,1
"org.apache.jackrabbit.jcr.ObservationManagerImpl",7,0.31,2.71,80,0.93,38900.96,13,6,21,36,12,70.21,46,109,1,1,102.43,0.00,0.00,0.43,1,0.00,7,2796.35,0,2,11,java.lang.Object,0.00,29,0,19,0,29,5,2,17,529,1
"org.apache.jackrabbit.rmi.observation.ClientEventPoll",7,0.07,2.29,58,0.70,20498.11,16,9,12,25,4,118.95,123,78,1,2,109.82,0.00,0.50,0.17,1,8.00,6,2113.96,0,2,3,java.lang.Thread,0.00,18,1,16,0,18,5,0,29,428,1
"org.apache.jackrabbit.rmi.observation.ClientEventPoll$JCREvent",4,0.22,1.00,14,0.10,1136.56,7,3,12,7,0,154.50,15,19,0,1,133.88,0.00,0.00,0.50,0,0.00,1,296.45,0,2,0,java.lang.Object,0.00,3,0,4,0,3,2,1,7,80,2
"org.apache.jackrabbit.rmi.observation.Queue",3,0.00,1.67,15,0.11,1823.67,4,1,1,9,2,78.76,34,23,2,1,122.89,0.00,0.00,1.00,0,0.00,3,323.22,0,1,0,java.lang.Object,0.00,6,0,5,0,6,2,0,8,84,1
"org.apache.jackrabbit.rmi.observation.ServerEventListenerProxy",5,0.12,1.80,26,0.26,5539.95,9,4,7,10,5,91.44,69,37,2,1,120.82,0.00,0.00,0.35,0,0.00,3,792.67,0,1,3,java.lang.Object,0.00,5,0,9,0,5,4,1,11,182,1
"org.apache.jackrabbit.ocm.manager.cache.ObjectCache",4,0.00,1.00,5,0.02,78.02,4,0,0,4,3,200.73,8,7,3,1,160.84,0.00,0.00,0.00,0,4.00,1,73.02,0,1,0,,0.00,0,0,4,0,0,3,0,1,29,1
"org.apache.jackrabbit.webdav.lock.AbstractActiveLock",3,1.00,2.33,23,0.32,12277.01,4,1,4,16,5,68.55,23,31,2,1,110.84,0.00,0.00,0.33,1,5.00,5,972.96,0,2,3,java.lang.Object,0.00,13,0,7,3,13,1,2,11,193,2
"org.apache.jackrabbit.webdav.lock.AbstractLockEntry",1,1.00,1.00,7,0.09,1748.72,2,1,6,7,5,65.46,10,9,2,1,113.94,0.00,0.00,0.00,0,0.00,1,274.40,0,1,3,java.lang.Object,0.00,6,0,1,3,6,0,2,2,65,2
"org.apache.jackrabbit.webdav.lock.ActiveLock",13,0.00,1.00,14,0.07,317.72,13,0,1,13,19,142.20,76,15,17,2,160.07,0.00,0.50,0.00,0,13.00,1,206.64,0,4,2,,0.00,0,1,13,0,0,9,0,14,81,1
"org.apache.jackrabbit.webdav.lock.ActiveLockTest",2,1.00,1.00,20,0.28,5168.37,3,1,7,22,5,127.44,6,23,1,2,106.83,0.00,0.50,0.00,0,2.00,1,848.86,0,0,4,junit.framework.TestCase,0.00,20,1,2,0,20,2,0,2,167,1
"org.apache.jackrabbit.webdav.lock.DefaultActiveLock",13,0.08,1.23,36,0.34,6149.55,17,4,2,25,8,138.89,60,53,2,2,138.66,1.00,0.33,0.17,1,77.00,3,1022.08,0,4,6,org.apache.jackrabbit.webdav.lock.AbstractActiveLock,0.00,12,1,16,1,12,9,0,16,251,1
"org.apache.jackrabbit.webdav.lock.LockDiscovery",7,0.67,1.71,36,0.38,8856.86,8,1,10,22,12,78.08,55,46,6,2,120.37,0.00,0.50,0.43,1,10.00,3,1151.41,1,3,6,org.apache.jackrabbit.webdav.property.AbstractDavProperty,0.00,15,1,12,0,15,4,0,11,254,1
"org.apache.jackrabbit.webdav.lock.LockDiscovery$ALockImpl",15,0.50,1.40,53,0.50,8740.41,16,1,10,29,5,131.35,3,75,0,1,131.35,0.00,0.00,0.53,1,7.00,3,1500.09,0,6,5,java.lang.Object,0.00,14,0,21,0,14,9,1,3,364,2
"org.apache.jackrabbit.webdav.lock.LockEntry",2,0.00,1.00,3,0.01,65.85,2,0,1,2,6,126.83,13,4,3,2,159.05,0.00,0.50,0.00,0,2.00,1,38.73,0,2,3,,0.00,0,1,2,0,0,0,0,3,16,1
"org.apache.jackrabbit.webdav.lock.LockInfo",12,0.04,2.08,68,0.75,25973.41,19,7,10,29,21,70.39,100,89,14,1,118.49,0.00,0.00,0.18,0,64.00,9,2245.87,0,3,7,java.lang.Object,0.00,17,0,25,0,17,9,2,15,454,1
"org.apache.jackrabbit.webdav.lock.LockManager",5,0.00,1.00,6,0.07,360.30,5,0,2,5,12,107.89,51,10,7,1,156.37,0.00,0.00,0.00,0,5.00,1,198.80,0,3,6,,0.00,0,0,5,0,0,2,0,6,59,1
"org.apache.jackrabbit.webdav.lock.Scope",5,0.00,2.00,35,0.46,13558.49,10,5,8,23,29,69.99,36,46,25,1,112.28,0.00,0.00,0.20,1,10.00,3,1367.76,0,3,4,java.lang.Object,0.00,18,0,10,0,18,2,1,7,295,1
"org.apache.jackrabbit.webdav.lock.SimpleLockManager",7,0.50,4.14,69,1.13,54880.31,8,1,7,36,12,54.41,64,101,1,1,104.41,0.00,0.00,0.57,1,3.00,9,3395.61,0,4,11,java.lang.Object,0.00,29,0,29,0,29,3,1,17,644,1
"org.apache.jackrabbit.webdav.lock.SupportedLock",7,0.17,1.57,29,0.30,5532.01,8,1,6,19,6,83.33,52,41,2,2,125.62,0.00,0.50,0.86,0,0.00,3,913.94,1,3,4,org.apache.jackrabbit.webdav.property.AbstractDavProperty,0.00,12,1,11,0,12,4,0,10,213,1
"org.apache.jackrabbit.webdav.lock.SupportedLock$WriteLockEntry",3,1.00,1.67,12,0.13,3382.38,4,1,6,7,2,92.17,19,18,0,2,124.39,0.00,0.50,0.33,0,4.00,3,379.23,0,1,2,org.apache.jackrabbit.webdav.lock.AbstractLockEntry,0.00,4,1,5,0,4,2,0,4,92,3
"org.apache.jackrabbit.webdav.lock.TestAll",1,0.00,1.00,5,0.04,864.35,1,0,3,3,1,121.80,0,7,0,2,121.80,0.00,0.50,0.00,0,1.00,1,115.51,0,1,1,junit.framework.TestCase,0.00,2,1,1,0,2,0,0,0,31,1
"org.apache.jackrabbit.webdav.lock.Type",5,0.00,2.00,34,0.42,12158.88,9,4,8,23,24,72.86,35,45,20,1,115.15,0.00,0.00,0.25,1,10.00,3,1273.82,0,3,4,java.lang.Object,0.00,18,0,10,0,18,2,1,7,276,1
"org.apache.jackrabbit.webdav.property.AbstractDavProperty",6,0.27,3.00,53,0.66,41318.72,9,3,10,18,27,58.36,61,64,22,1,106.84,0.00,0.00,0.11,1,14.00,10,1980.42,0,2,5,java.lang.Object,0.00,12,0,18,22,12,4,1,8,399,2
"org.apache.jackrabbit.webdav.property.DavProperty",3,0.00,1.00,4,0.02,91.55,3,0,2,3,37,139.17,42,5,34,3,159.31,0.00,0.67,0.00,0,3.00,1,54.48,0,2,3,,0.00,0,2,3,0,0,1,0,4,22,1
"org.apache.jackrabbit.webdav.property.DavPropertyIterator",1,0.00,1.00,2,0.01,70.32,1,0,2,1,6,96.75,10,3,5,2,145.23,0.00,0.50,0.00,0,1.00,1,35.16,0,1,1,,0.00,0,1,1,0,0,0,0,2,13,1
"org.apache.jackrabbit.webdav.property.DavPropertyName",10,0.01,1.70,58,0.79,28053.69,25,15,7,26,57,69.55,81,76,53,1,117.65,0.00,0.00,0.07,1,14.00,4,2379.52,0,7,4,java.lang.Object,0.00,16,0,17,0,16,3,2,20,496,1
"org.apache.jackrabbit.webdav.property.DavPropertyNameIterator",1,0.00,1.00,2,0.01,48.43,1,0,1,1,7,167.12,3,3,6,2,146.50,0.00,0.50,0.00,0,1.00,1,27.12,0,1,1,,0.00,0,1,1,0,0,0,0,1,11,1
"org.apache.jackrabbit.webdav.property.DavPropertyNameSet",12,0.18,1.25,34,0.31,5319.96,14,2,8,30,32,121.00,67,50,27,2,138.88,0.00,0.50,0.33,2,18.00,3,935.16,0,1,5,org.apache.jackrabbit.webdav.property.PropContainer,0.33,18,1,15,0,18,11,0,16,236,1
"org.apache.jackrabbit.webdav.property.DavPropertyNameSet$PropertyNameIterator",5,0.25,1.00,12,0.07,762.99,6,1,8,8,2,142.58,0,18,0,1,142.58,0.00,0.00,0.80,0,0.00,1,222.77,0,2,2,java.lang.Object,0.00,3,0,5,0,3,3,1,0,69,1
"org.apache.jackrabbit.webdav.property.DavPropertySet",16,0.20,1.06,41,0.40,6029.47,18,2,9,35,19,97.18,114,59,14,2,139.47,0.00,0.50,0.31,3,12.00,2,1187.48,0,1,5,org.apache.jackrabbit.webdav.property.PropContainer,0.36,19,1,17,0,19,15,0,21,312,1
"org.apache.jackrabbit.webdav.property.DavPropertySet$PropIter",7,0.06,1.43,28,0.21,3713.41,10,3,9,14,3,147.62,25,39,0,1,127.00,0.00,0.00,0.29,2,11.00,3,618.73,0,1,3,java.lang.Object,0.00,7,0,10,0,7,6,1,10,159,1
"org.apache.jackrabbit.webdav.property.DefaultDavProperty",6,0.50,1.67,33,0.34,10346.87,8,2,7,16,18,70.84,65,44,14,2,119.32,0.00,0.50,0.08,0,10.00,5,1022.88,0,2,4,org.apache.jackrabbit.webdav.property.AbstractDavProperty,0.00,10,1,10,0,10,4,0,9,223,1
"org.apache.jackrabbit.webdav.property.HrefProperty",6,0.20,2.83,53,0.72,33377.66,8,2,9,27,22,59.10,63,66,18,2,107.58,1.00,0.33,0.33,1,6.00,8,2171.06,1,3,4,org.apache.jackrabbit.webdav.property.AbstractDavProperty,0.00,21,1,17,1,21,3,0,9,419,1
"org.apache.jackrabbit.webdav.property.PropContainer",6,1.00,1.33,17,0.18,3762.07,7,1,9,13,7,95.39,47,21,3,1,137.68,0.00,0.00,0.17,1,10.00,3,549.46,0,2,4,java.lang.Object,0.00,7,0,8,2,7,4,2,7,128,2
"org.apache.jackrabbit.webdav.property.ResourceType",6,0.00,2.33,52,0.61,20780.06,13,7,10,17,12,65.12,71,62,6,2,109.25,0.00,0.50,0.14,0,6.00,4,1818.03,0,1,6,org.apache.jackrabbit.webdav.property.AbstractDavProperty,0.00,11,1,14,0,11,5,0,17,389,1
"org.apache.jackrabbit.webdav.property.ResourceType$TypeName",4,0.11,1.25,16,0.14,2075.55,7,3,10,7,3,127.11,0,22,0,1,127.11,0.00,0.00,0.42,0,0.00,2,410.07,0,1,3,java.lang.Object,0.00,3,0,5,0,3,3,1,0,107,2
"org.apache.jackrabbit.commons.predicate.DeclaringTypePredicate",3,0.25,1.33,13,0.17,3110.71,5,2,4,8,1,74.73,28,19,0,2,124.73,0.00,0.50,0.33,0,4.00,2,508.68,0,0,1,org.apache.jackrabbit.commons.predicate.DepthPredicate,0.00,5,1,4,0,5,3,0,6,121,1
"org.apache.jackrabbit.commons.predicate.DepthPredicate",3,0.25,1.67,15,0.14,3891.23,5,2,2,4,6,70.30,29,22,5,1,120.30,0.00,0.00,0.33,0,4.00,3,434.21,0,0,1,java.lang.Object,0.00,1,0,5,5,1,3,1,6,103,1
"org.apache.jackrabbit.commons.predicate.IsMandatoryPredicate",4,1.00,1.25,13,0.13,2153.24,5,1,4,7,1,181.64,7,19,0,2,131.64,0.00,0.50,0.25,0,6.00,2,381.02,0,0,1,org.apache.jackrabbit.commons.predicate.DepthPredicate,0.00,3,1,5,0,3,4,0,2,99,1
"org.apache.jackrabbit.commons.predicate.IsNodePredicate",4,0.67,1.00,11,0.08,942.47,5,1,2,5,2,98.80,30,16,1,2,141.09,0.00,0.50,0.50,0,4.00,1,249.19,0,0,1,org.apache.jackrabbit.commons.predicate.DepthPredicate,0.00,1,1,4,0,1,4,0,6,70,1
"org.apache.jackrabbit.commons.predicate.NamePredicate",3,1.00,1.00,9,0.08,970.76,4,1,2,5,1,91.15,22,13,0,2,133.44,0.00,0.50,0.33,0,4.00,1,245.89,0,0,1,org.apache.jackrabbit.commons.predicate.DepthPredicate,0.00,2,1,3,0,2,3,0,5,66,1
"org.apache.jackrabbit.commons.predicate.NodeTypePredicate",3,0.25,2.00,17,0.17,3066.54,5,2,3,8,1,72.59,30,26,0,2,121.07,0.00,0.50,0.33,0,4.00,4,521.32,0,0,1,org.apache.jackrabbit.commons.predicate.DepthPredicate,0.00,5,1,6,0,5,3,0,7,123,1
"org.apache.jackrabbit.commons.predicate.NtFilePredicate",5,0.14,2.60,36,0.41,12385.23,14,9,3,13,1,70.24,35,51,0,1,112.53,0.00,0.00,0.22,0,6.00,9,1243.15,0,0,1,java.lang.Object,0.00,8,0,13,0,8,5,1,10,258,1
"org.apache.jackrabbit.commons.predicate.PathPredicate",2,0.00,3.50,21,0.26,7308.33,3,1,3,11,1,61.23,22,29,0,1,105.35,0.00,0.00,1.00,0,0.00,4,766.48,0,0,1,java.lang.Object,0.00,9,0,7,0,9,2,1,4,158,1
"org.apache.jackrabbit.commons.predicate.Predicate",1,0.00,1.00,4,0.02,513.67,1,0,0,2,7,97.82,13,5,7,1,127.20,0.00,0.00,0.00,0,1.00,1,70.86,0,0,0,,0.00,1,0,1,0,1,1,0,3,22,1
"org.apache.jackrabbit.commons.predicate.Predicate$Predicate",1,0.00,1.00,3,0.01,95.05,1,0,0,1,0,137.63,0,4,0,1,137.63,0.00,0.00,0.00,0,1.00,1,41.22,0,0,0,java.lang.Object,0.00,0,0,1,0,0,1,0,0,14,0
"org.apache.jackrabbit.classloader.ArchiveClassPathEntry",11,0.02,2.82,99,1.13,59208.90,16,5,14,32,6,114.92,194,147,4,2,105.79,1.00,0.33,0.22,1,6.00,7,3381.66,0,8,3,org.apache.jackrabbit.classloader.ClassPathEntry,0.21,21,1,31,1,21,3,0,42,658,0
"org.apache.jackrabbit.classloader.ArchiveClassPathEntry$ArchiveClassPathResource",9,0.88,1.56,37,0.36,10642.44,10,1,14,21,2,76.14,73,59,0,2,124.24,0.00,0.50,0.22,1,29.00,5,1079.02,3,5,2,org.apache.jackrabbit.classloader.ClassLoaderResource,0.48,12,1,14,0,12,4,0,17,251,2
"org.apache.jackrabbit.classloader.ClassLoaderResource",20,0.07,1.95,113,1.18,81233.07,27,7,11,43,9,66.36,183,161,7,1,116.36,0.00,0.00,0.08,7,160.00,9,3546.15,0,12,3,java.lang.Object,0.00,23,0,39,1,23,8,0,39,741,0
"org.apache.jackrabbit.classloader.ClassLoaderTestBase",16,0.01,4.88,246,3.40,196127.86,24,8,33,95,7,144.57,21,339,4,2,94.57,3.00,0.20,0.12,9,100.00,25,10195.45,2,4,3,junit.framework.TestCase,0.00,79,1,78,3,79,12,0,16,1763,1
"org.apache.jackrabbit.classloader.ClassPathEntry",8,0.00,3.12,61,0.76,31864.40,12,4,15,30,9,81.48,108,102,7,1,110.86,0.00,0.00,0.25,0,16.00,16,2274.00,1,6,6,java.lang.Object,0.00,22,0,25,3,22,2,0,33,439,1
"org.apache.jackrabbit.classloader.DirectoryClassPathEntry",3,1.00,2.00,16,0.19,5999.59,4,1,6,9,3,98.63,44,27,1,2,118.77,0.00,0.50,0.33,0,4.00,4,571.09,0,0,3,org.apache.jackrabbit.classloader.ClassPathEntry,0.18,6,1,6,0,6,3,0,6,121,0
"org.apache.jackrabbit.classloader.DynamicPatternPath",7,0.28,3.29,68,0.69,15864.67,10,3,9,26,3,108.24,117,97,2,2,108.71,0.00,0.50,0.57,3,0.00,5,2066.60,2,0,1,org.apache.jackrabbit.classloader.PatternPath,0.00,19,1,23,0,19,7,1,32,426,0
"org.apache.jackrabbit.classloader.DynamicPatternPath$Listener",1,0.00,1.00,2,0.01,22.17,1,0,9,1,0,131.30,5,3,0,1,149.17,0.00,0.00,0.00,0,1.00,1,16.36,0,0,0,,0.00,0,0,1,0,0,1,0,1,8,0
"org.apache.jackrabbit.classloader.DynamicRepositoryClassLoader",21,0.08,2.14,162,1.73,47090.93,25,4,14,58,6,102.56,319,224,2,3,112.91,0.00,0.67,0.32,10,0.00,5,5187.62,13,3,4,org.apache.jackrabbit.classloader.RepositoryClassLoader,0.24,37,2,45,0,37,18,2,63,1081,1
"org.apache.jackrabbit.classloader.DynamicRepositoryClassLoaderTest",6,0.23,1.17,37,0.44,8263.30,13,7,3,19,3,167.22,10,45,1,3,117.22,0.00,0.67,0.33,0,0.00,2,1332.61,3,0,2,org.apache.jackrabbit.classloader.ClassLoaderTestBase,0.27,13,2,7,0,13,6,0,2,295,1
"org.apache.jackrabbit.classloader.ExpandingArchiveClassPathEntry",9,0.02,4.11,114,1.59,74740.95,14,5,18,58,8,138.86,193,169,4,3,99.56,0.00,0.67,0.18,4,18.00,9,4777.10,2,3,5,org.apache.jackrabbit.classloader.ArchiveClassPathEntry,0.11,49,2,37,0,49,6,0,48,872,0
"org.apache.jackrabbit.classloader.ExpandingArchiveClassPathEntry$ClassLoaderResource",4,0.00,1.00,9,0.07,675.09,4,0,18,9,1,142.23,0,13,0,1,142.23,0.00,0.00,0.00,0,4.00,1,202.89,0,4,1,java.lang.Object,0.00,5,0,4,0,5,0,0,0,61,0
"org.apache.jackrabbit.classloader.ExpandingArchiveClassPathEntryTest",4,0.00,1.75,43,0.65,13880.68,7,3,8,33,6,105.69,3,54,1,3,105.69,0.00,0.67,0.33,0,0.00,2,1958.03,4,0,5,org.apache.jackrabbit.classloader.ClassLoaderTestBase,0.30,29,2,7,0,29,4,0,3,375,1
"org.apache.jackrabbit.classloader.NodeTypeSupport",1,0.00,5.00,19,0.25,8333.98,3,2,8,8,3,73.97,39,30,2,1,92.05,0.00,0.00,1.00,0,0.00,5,756.62,0,0,1,java.lang.Object,0.00,7,0,5,0,7,1,0,8,144,0
"org.apache.jackrabbit.classloader.PatternPath",10,0.07,2.80,99,1.10,44233.84,13,3,13,36,4,105.99,160,111,3,1,106.46,0.00,0.00,0.27,2,22.00,7,3294.04,1,4,1,java.lang.Object,0.00,26,0,28,1,26,6,0,38,647,0
"org.apache.jackrabbit.classloader.PatternPathTest",5,0.00,2.80,82,0.90,24628.40,9,4,14,27,3,117.38,19,88,1,3,96.77,0.00,0.67,0.25,0,0.00,3,2686.60,4,0,2,org.apache.jackrabbit.classloader.ClassLoaderTestBase,0.29,22,2,14,0,22,5,0,15,539,1
"org.apache.jackrabbit.classloader.RepositoryClassLoader",28,0.03,2.82,274,3.10,122156.26,35,7,24,95,7,77.12,366,348,1,2,106.50,1.00,0.33,0.17,10,134.00,8,9292.64,0,11,6,java.net.URLClassLoader,0.00,67,1,79,1,67,17,0,79,1810,1
"org.apache.jackrabbit.classloader.RepositoryClassLoader$ClassLoaderResource",1,0.00,1.00,3,0.01,96.19,1,0,24,1,0,137.59,0,4,0,1,137.59,0.00,0.00,0.00,0,1.00,1,42.09,0,0,0,java.lang.Object,0.00,0,0,1,0,0,1,0,0,15,0
"org.apache.jackrabbit.classloader.RepositoryClassLoader$Enumeration",2,0.00,1.00,5,0.02,181.62,2,0,24,3,0,144.35,0,7,0,1,144.35,0.00,0.00,0.00,0,2.00,1,68.54,0,1,0,java.lang.Object,0.00,1,0,2,0,1,1,0,0,23,0
"org.apache.jackrabbit.classloader.RepositoryClassLoader$PrivilegedExceptionAction",1,0.00,1.00,3,0.02,136.54,1,0,24,2,0,136.39,0,4,0,1,136.39,0.00,0.00,0.00,0,1.00,1,49.51,0,1,0,java.lang.Object,0.00,1,0,1,0,1,0,0,0,16,0
"org.apache.jackrabbit.classloader.TestAll",1,0.00,1.00,9,0.09,2643.06,1,0,2,5,4,148.34,2,11,0,1,108.46,0.00,0.00,0.00,0,1.00,1,271.11,0,1,4,java.lang.Object,0.00,4,0,1,0,4,0,0,2,63,1
"org.apache.jackrabbit.classloader.Util",3,1.00,3.67,34,0.45,22405.63,4,1,11,23,6,145.30,67,51,6,1,101.35,0.00,0.00,0.33,1,4.00,8,1340.59,0,1,0,java.lang.Object,0.00,20,0,11,0,20,2,0,11,255,1
"org.apache.jackrabbit.webdav.bind.BindConstants",0,0.00,0.00,11,0.18,3428.54,10,10,3,1,10,171.00,14,12,7,1,171.00,0.00,0.00,0.00,0,0.00,0,529.10,0,0,3,,0.00,1,0,0,0,1,0,0,4,104,1
"org.apache.jackrabbit.webdav.bind.BindInfo",5,0.33,2.60,49,0.64,36819.71,8,3,9,16,12,144.62,11,62,6,1,104.73,0.00,0.00,0.07,0,8.00,9,1906.72,0,4,6,java.lang.Object,0.00,11,0,13,0,11,1,1,2,373,1
"org.apache.jackrabbit.webdav.bind.BindServletRequest",5,0.00,1.00,6,0.04,216.44,5,0,2,5,6,125.89,32,7,1,1,158.11,0.00,0.00,0.00,0,5.00,1,115.14,0,3,5,,0.00,0,0,5,0,0,2,0,6,41,1
"org.apache.jackrabbit.webdav.bind.BindableResource",3,0.00,1.00,4,0.03,199.94,3,0,3,3,4,138.77,17,5,2,1,156.64,0.00,0.00,0.00,0,3.00,1,92.69,0,1,2,,0.00,0,0,3,0,0,2,0,3,31,1
"org.apache.jackrabbit.webdav.bind.ParentElement",5,0.33,2.60,49,0.64,36970.61,8,3,9,16,9,144.60,14,62,3,1,104.72,0.00,0.00,0.07,0,8.00,9,1917.59,0,4,6,java.lang.Object,0.00,11,0,13,0,11,1,1,3,375,1
"org.apache.jackrabbit.webdav.bind.ParentSet",2,1.00,1.00,7,0.05,516.23,3,1,2,2,3,116.34,10,10,1,2,134.21,0.00,0.50,0.00,0,2.00,1,147.07,0,1,2,org.apache.jackrabbit.webdav.property.AbstractDavProperty,0.00,0,1,2,0,0,1,0,3,41,1
"org.apache.jackrabbit.webdav.bind.RebindInfo",5,0.33,2.60,49,0.64,36819.71,8,3,9,16,12,144.62,11,62,6,1,104.73,0.00,0.00,0.07,0,8.00,9,1906.72,0,4,6,java.lang.Object,0.00,11,0,13,0,11,1,1,2,373,1
"org.apache.jackrabbit.webdav.bind.UnbindInfo",5,0.50,2.00,34,0.43,19571.21,7,2,9,16,12,153.41,11,44,6,1,113.52,0.00,0.00,0.10,0,8.00,6,1287.02,0,3,6,java.lang.Object,0.00,11,0,10,0,11,2,1,2,259,1
"org.apache.jackrabbit.core.security.authorization.combined.CombinedEditor",6,0.30,2.67,57,0.77,30047.03,8,2,12,19,5,106.28,29,64,1,1,106.05,0.00,0.00,0.75,0,0.00,3,2304.92,0,3,4,java.lang.Object,0.00,13,0,16,0,13,3,1,17,449,0
"org.apache.jackrabbit.core.security.authorization.combined.CombinedProvider",8,0.07,2.38,75,0.84,25558.53,10,2,24,33,14,89.74,42,84,0,2,107.61,0.00,0.50,0.44,0,0.00,4,2520.84,5,3,14,org.apache.jackrabbit.core.security.authorization.AbstractAccessControlProvider,0.12,25,1,19,0,25,5,0,22,511,1
"org.apache.jackrabbit.core.security.authorization.combined.CombinedProvider$CompiledPermissionImpl",4,1.00,2.25,34,0.34,9383.04,5,1,24,13,3,110.82,17,35,0,2,110.59,0.00,0.50,0.25,1,6.00,3,1007.78,1,0,3,org.apache.jackrabbit.core.security.authorization.AbstractCompiledPermissions,0.17,9,1,9,0,9,4,0,9,213,1
"org.apache.jackrabbit.core.security.authorization.combined.TestAll",1,0.00,1.00,5,0.04,864.35,1,0,3,3,1,73.32,10,7,0,2,121.80,0.00,0.50,0.00,0,1.00,1,115.51,0,1,1,junit.framework.TestCase,0.00,2,1,1,0,2,0,0,2,31,1
"org.apache.jackrabbit.core.security.authorization.combined.WriteTest",6,1.00,2.00,69,1.17,43205.79,7,1,17,25,12,83.75,32,87,1,8,101.62,0.00,0.88,0.00,3,0.00,4,3513.58,7,4,11,org.apache.jackrabbit.core.security.authorization.acl.WriteTest,0.10,19,7,12,0,19,2,0,14,644,1
"org.apache.jackrabbit.ocm.version.Version",5,0.25,1.80,20,0.17,3117.62,6,1,3,10,6,176.40,6,52,5,1,126.40,0.00,0.00,0.80,0,0.00,2,522.91,0,4,1,java.lang.Object,0.00,5,0,9,0,5,1,0,1,133,1
"org.apache.jackrabbit.ocm.version.VersionIterator",5,0.25,1.20,15,0.13,2011.86,6,1,2,10,5,132.89,22,32,4,1,132.65,0.00,0.00,0.80,0,0.00,2,403.59,0,1,1,java.lang.Object,0.00,5,0,6,0,5,4,1,5,106,1
"org.apache.jackrabbit.commons.xml.DefaultContentHandler",12,0.09,1.00,26,0.27,3700.60,13,1,5,23,4,97.88,90,47,4,2,140.17,2.00,0.25,0.92,0,0.00,1,797.01,0,0,0,org.xml.sax.helpers.DefaultHandler,0.00,11,1,12,2,11,12,0,15,216,1
"org.apache.jackrabbit.commons.xml.DocumentViewExporter",4,0.00,1.50,19,0.28,6322.83,4,0,11,12,5,73.26,36,33,1,2,123.26,0.00,0.50,0.00,0,6.00,3,837.70,6,0,4,org.apache.jackrabbit.commons.xml.Exporter,0.00,8,1,6,0,8,4,0,11,171,1
"org.apache.jackrabbit.commons.xml.Exporter",20,0.04,2.20,156,2.14,63669.50,29,9,21,77,4,82.33,260,218,3,1,111.71,0.00,0.00,0.14,6,116.00,5,6428.29,0,5,1,java.lang.Object,0.00,57,0,44,2,57,15,0,41,1282,2
"org.apache.jackrabbit.commons.xml.ParsingContentHandler",3,0.00,1.33,11,0.13,2469.34,3,0,9,10,4,82.07,25,18,3,3,130.18,0.00,0.67,0.00,0,3.00,2,384.70,0,1,1,org.apache.jackrabbit.commons.xml.DefaultContentHandler,0.00,7,2,4,0,7,2,0,4,90,1
"org.apache.jackrabbit.commons.xml.ParsingContentHandlerTest",3,0.00,1.67,28,0.32,6730.76,3,0,5,13,2,158.90,5,40,0,2,108.90,0.00,0.50,0.00,1,3.00,2,957.09,0,0,2,junit.framework.TestCase,0.00,10,1,5,0,10,3,0,1,194,1
"org.apache.jackrabbit.commons.xml.ProxyContentHandler",13,0.08,1.00,28,0.28,3804.40,14,1,5,25,1,98.06,96,50,1,2,140.35,1.00,0.33,0.92,0,0.00,1,826.90,0,1,0,org.xml.sax.helpers.DefaultHandler,0.00,12,1,13,1,12,12,0,16,226,1
"org.apache.jackrabbit.commons.xml.SerializingContentHandler",13,0.01,3.23,153,2.12,118108.95,23,10,21,56,9,63.15,162,193,8,3,100.71,0.00,0.67,0.09,5,63.00,14,6365.41,6,3,1,org.apache.jackrabbit.commons.xml.DefaultContentHandler,0.24,43,2,42,0,43,10,0,65,1176,1
"org.apache.jackrabbit.commons.xml.SerializingContentHandlerTest",3,0.00,1.33,64,0.84,25297.86,3,0,4,18,1,140.70,5,71,0,2,90.70,0.00,0.50,0.00,1,3.00,2,2522.96,0,0,1,junit.framework.TestCase,0.00,15,1,4,0,15,3,0,1,451,1
"org.apache.jackrabbit.commons.xml.SystemViewExporter",6,0.00,2.17,50,0.59,15596.41,9,3,10,14,4,62.14,49,67,2,2,110.24,0.00,0.50,0.33,3,0.00,4,1782.03,6,0,2,org.apache.jackrabbit.commons.xml.Exporter,0.00,8,1,13,0,8,6,0,14,362,1
"org.apache.jackrabbit.commons.xml.SystemViewExporter$Writer",3,0.00,1.33,9,0.08,2192.23,3,0,10,6,1,130.58,0,15,0,1,130.58,0.00,0.00,0.00,0,3.00,2,254.70,0,0,1,java.lang.Object,0.00,3,0,4,0,3,3,0,0,61,0
"org.apache.jackrabbit.commons.xml.ToXmlContentHandler",14,0.08,2.21,92,1.02,41628.61,17,3,10,24,3,82.22,96,135,3,2,114.44,0.00,0.50,0.26,4,26.00,8,3046.68,0,1,0,org.xml.sax.helpers.DefaultHandler,0.00,10,1,31,0,10,13,0,21,630,1
"org.apache.jackrabbit.commons.xml.ToXmlContentHandlerTest",8,0.00,1.00,103,1.45,45411.68,8,0,4,21,1,101.18,0,141,0,2,101.18,0.00,0.50,0.00,0,8.00,1,4341.69,0,0,1,junit.framework.TestCase,0.00,13,1,8,0,13,8,0,0,832,1
"org.apache.jackrabbit.commons.xml.XmlnsContentHandler",3,0.00,2.00,23,0.33,11850.10,5,2,7,14,2,78.77,20,38,1,3,110.99,0.00,0.67,0.50,0,1.00,4,980.31,2,0,1,org.apache.jackrabbit.commons.xml.ProxyContentHandler,0.00,11,2,6,0,11,3,0,6,194,1
"org.apache.jackrabbit.commons.xml.XmlnsContentHandlerTest",1,0.00,1.00,18,0.24,8530.38,1,0,4,12,2,93.22,0,26,0,2,93.22,0.00,0.50,0.00,0,1.00,1,723.79,0,0,2,junit.framework.TestCase,0.00,11,1,1,0,11,1,0,0,143,1
"org.apache.jackrabbit.name.AbstractNamespaceResolver",9,0.38,2.33,74,0.68,25083.96,10,1,3,20,10,59.99,82,86,3,1,109.99,0.00,0.00,0.67,0,0.00,4,2053.70,0,2,7,java.lang.Object,0.00,11,0,21,2,11,7,1,17,427,2
"org.apache.jackrabbit.name.CachingNameResolver",4,0.00,1.50,20,0.19,4650.67,6,2,1,9,4,76.57,47,28,0,1,120.69,0.00,0.00,0.50,0,4.00,2,573.35,0,2,4,java.lang.Object,0.00,5,0,6,0,5,2,1,8,140,1
"org.apache.jackrabbit.name.CachingPathResolver",4,0.00,1.50,20,0.19,4650.67,6,2,1,9,4,76.57,47,27,0,1,120.69,0.00,0.00,0.50,0,4.00,2,573.35,0,1,4,java.lang.Object,0.00,5,0,6,0,5,3,1,8,140,1
"org.apache.jackrabbit.name.DummyNamespaceResolver",4,0.00,1.25,12,0.09,1874.80,4,0,2,7,5,84.01,33,18,2,1,132.12,0.00,0.00,0.00,0,4.00,2,269.43,0,4,3,java.lang.Object,0.00,3,0,5,0,3,0,1,5,73,0
"org.apache.jackrabbit.name.GenerationalCache",5,0.16,2.40,39,0.45,16199.18,13,8,3,16,2,101.27,75,52,2,1,111.63,0.00,0.00,0.25,1,13.00,6,1347.19,0,1,0,java.lang.Object,0.00,11,0,12,0,11,4,0,14,285,0
"org.apache.jackrabbit.name.IllegalNameException",2,0.00,1.00,5,0.03,221.18,2,0,0,2,9,114.30,26,8,8,4,143.68,0.00,0.75,0.00,0,2.00,1,88.69,0,0,1,org.apache.jackrabbit.name.NameException,0.00,0,3,2,0,0,2,0,3,29,1
"org.apache.jackrabbit.name.MalformedPathException",2,0.00,1.00,5,0.03,221.18,2,0,0,2,8,106.11,25,8,7,4,143.68,0.00,0.75,0.00,0,2.00,1,88.69,0,0,1,org.apache.jackrabbit.name.NameException,0.00,0,3,2,0,0,2,0,3,29,1
"org.apache.jackrabbit.name.NameCache",4,0.00,1.00,5,0.03,131.16,4,0,0,4,2,110.96,32,6,1,1,159.06,0.00,0.00,0.00,0,4.00,1,87.44,0,2,1,,0.00,0,0,4,0,0,2,0,5,32,1
"org.apache.jackrabbit.name.NameException",2,0.00,1.00,5,0.03,221.18,2,0,1,2,13,95.20,20,8,12,3,143.68,2.00,0.29,0.00,0,2.00,1,88.69,0,0,1,org.apache.jackrabbit.BaseException,0.00,0,2,2,4,0,2,0,3,29,1
"org.apache.jackrabbit.name.NameFormat",9,1.00,3.44,118,1.45,88116.87,10,1,4,34,14,106.87,153,155,8,1,97.74,0.00,0.00,0.00,3,9.00,6,4364.50,0,6,7,java.lang.Object,0.00,25,0,31,0,25,3,0,25,851,1
"org.apache.jackrabbit.name.NameFormat$ThreadLocal",1,0.00,1.00,3,0.02,136.54,1,0,4,1,0,136.39,0,4,0,1,136.39,0.00,0.00,0.00,0,0.00,1,49.51,0,1,0,java.lang.Object,0.00,0,0,1,0,0,0,0,0,16,0
"org.apache.jackrabbit.name.NamePathResolver",0,0.00,0.00,1,0.01,39.30,0,0,0,0,0,171.00,9,2,0,3,171.00,0.00,0.67,0.00,0,0.00,0,19.65,0,0,0,,0.00,0,2,0,0,0,0,0,1,7,1
"org.apache.jackrabbit.name.NameResolver",2,0.00,1.00,3,0.02,93.79,2,0,1,2,6,113.71,23,4,4,1,157.84,0.00,0.00,0.00,0,2.00,1,62.53,0,1,2,,0.00,0,0,2,0,0,1,0,3,22,1
"org.apache.jackrabbit.name.NamespaceListener",3,0.00,1.00,4,0.03,159.82,3,0,0,3,1,107.41,28,5,1,1,157.40,0.00,0.00,0.00,0,3.00,1,89.52,0,0,0,,0.00,0,0,3,0,0,3,0,4,31,1
"org.apache.jackrabbit.name.NamespaceResolver",4,0.00,1.00,5,0.04,222.72,4,0,1,4,18,113.13,45,7,15,1,157.25,0.00,0.00,0.00,0,4.00,1,116.67,0,4,4,,0.00,0,0,4,0,0,0,0,5,40,1
"org.apache.jackrabbit.name.NoPrefixDeclaredException",2,0.00,1.00,5,0.03,221.18,2,0,0,2,9,95.20,20,8,8,4,143.68,0.00,0.75,0.00,0,2.00,1,88.69,0,0,1,org.apache.jackrabbit.name.NameException,0.00,0,3,2,0,0,2,0,3,29,1
"org.apache.jackrabbit.name.ParsingNameResolver",5,0.25,2.80,55,0.67,44677.52,7,2,2,16,8,63.24,60,66,2,1,100.80,0.00,0.00,0.30,1,10.00,8,2022.45,0,2,6,java.lang.Object,0.00,11,0,14,0,11,3,1,14,404,1
"org.apache.jackrabbit.name.ParsingNameResolverTest",4,0.67,2.00,40,0.34,5488.62,5,1,2,12,5,76.61,25,52,0,2,108.83,0.00,0.50,0.50,2,4.00,3,1030.07,0,0,5,junit.framework.TestCase,0.00,8,1,8,0,8,4,0,6,233,1
"org.apache.jackrabbit.name.ParsingPathResolver",4,0.67,4.75,66,1.02,89562.22,5,1,1,25,7,47.34,45,80,1,1,91.47,0.00,0.00,0.50,1,4.00,7,3051.33,0,3,6,java.lang.Object,0.00,21,0,19,0,21,1,1,7,551,1
"org.apache.jackrabbit.name.ParsingPathResolverTest",4,0.67,2.00,65,0.49,6263.04,5,1,2,11,6,82.89,23,77,0,2,100.77,0.00,0.50,0.50,2,4.00,3,1482.51,0,0,6,junit.framework.TestCase,0.00,7,1,8,0,7,4,0,7,310,1
"org.apache.jackrabbit.name.Path",29,0.02,2.69,254,2.90,163976.34,42,13,5,79,18,87.39,430,317,14,1,107.54,0.00,0.00,0.06,6,226.00,9,8691.29,0,13,5,java.lang.Object,0.00,50,0,78,0,50,16,1,67,1715,2
"org.apache.jackrabbit.name.Path$CurrentElement",8,0.57,1.00,18,0.11,991.67,9,1,5,10,3,143.52,37,27,0,2,143.29,0.00,0.50,0.50,0,8.00,1,330.84,0,2,3,org.apache.jackrabbit.name.PathElement,0.00,2,1,8,0,2,6,0,7,98,3
"org.apache.jackrabbit.name.Path$NameElement",5,0.00,1.00,11,0.05,427.16,5,0,5,5,1,144.80,24,17,0,2,144.56,0.00,0.50,0.00,0,5.00,1,163.19,0,0,1,org.apache.jackrabbit.name.PathElement,0.00,0,1,5,0,0,5,0,4,53,3
"org.apache.jackrabbit.name.Path$ParentElement",8,0.57,1.00,18,0.11,991.67,9,1,5,10,3,143.52,37,27,0,2,143.29,0.00,0.50,0.50,0,8.00,1,330.84,0,2,3,org.apache.jackrabbit.name.PathElement,0.00,2,1,8,0,2,6,0,7,98,3
"org.apache.jackrabbit.name.Path$PathBuilder",12,0.09,1.25,45,0.43,10628.10,15,3,5,24,3,97.72,72,58,0,1,129.94,0.00,0.00,0.25,3,38.00,2,1279.75,0,0,3,java.lang.Object,0.00,12,0,15,0,12,12,1,17,316,3
"org.apache.jackrabbit.name.Path$PathElement",17,0.25,2.24,96,1.10,43485.08,19,2,5,33,5,67.91,159,130,0,1,117.91,0.00,0.00,0.26,2,71.00,9,3303.11,0,6,5,java.lang.Object,0.00,16,0,38,0,16,11,1,25,692,3
"org.apache.jackrabbit.name.Path$RootElement",8,1.00,1.00,17,0.10,775.10,9,1,5,8,3,144.37,39,26,0,2,144.13,0.00,0.50,0.12,0,14.00,1,285.93,0,2,3,org.apache.jackrabbit.name.PathElement,0.00,0,1,8,0,0,6,0,9,88,3
"org.apache.jackrabbit.name.PathFormat",5,1.00,5.20,88,1.31,117292.93,6,1,5,30,10,129.61,107,122,3,1,90.31,0.00,0.00,0.00,2,5.00,18,3916.08,0,1,8,java.lang.Object,0.00,25,0,26,0,25,4,0,39,655,1
"org.apache.jackrabbit.name.PathFormat$ThreadLocal",1,0.00,1.00,3,0.02,136.54,1,0,5,1,0,136.39,0,4,0,1,136.39,0.00,0.00,0.00,0,0.00,1,49.51,0,1,0,java.lang.Object,0.00,0,0,1,0,0,0,0,0,16,0
"org.apache.jackrabbit.name.PathResolver",2,0.00,1.00,3,0.02,93.79,2,0,1,2,5,113.71,22,4,3,1,157.84,0.00,0.00,0.00,0,2.00,1,62.53,0,2,2,,0.00,0,0,2,0,0,0,0,3,22,1
"org.apache.jackrabbit.name.PathTest",10,0.11,4.90,279,4.64,279029.93,16,6,5,49,8,122.12,26,287,0,2,82.23,0.00,0.50,0.27,2,0.00,9,13918.98,0,2,8,junit.framework.TestCase,0.00,39,1,49,0,39,8,0,21,2424,1
"org.apache.jackrabbit.name.PathTest$AbstractNamespaceResolver",2,0.00,1.00,5,0.02,262.00,2,0,5,2,0,143.10,0,7,0,1,143.10,0.00,0.00,0.00,0,2.00,1,68.00,0,2,0,java.lang.Object,0.00,0,0,2,0,0,0,0,0,24,0
"org.apache.jackrabbit.name.PathTest$Test",7,0.11,1.71,29,0.28,6645.82,10,3,5,13,0,174.97,8,41,0,1,124.97,0.00,0.00,0.24,3,16.00,5,851.01,0,1,0,java.lang.Object,0.00,6,0,12,0,6,6,0,2,205,2
"org.apache.jackrabbit.name.QName",14,0.00,1.86,169,3.91,186153.41,118,104,1,28,28,118.28,464,200,25,1,98.13,0.00,0.00,0.01,0,26.00,5,11718.24,1,8,5,java.lang.Object,0.00,14,0,26,0,14,6,3,134,1706,2
"org.apache.jackrabbit.name.QNameTest",3,0.67,4.33,69,0.97,40869.29,6,3,2,18,5,107.93,11,73,0,2,87.31,0.00,0.50,0.78,0,0.00,7,2902.75,0,0,5,junit.framework.TestCase,0.00,15,1,13,0,15,3,0,6,527,1
"org.apache.jackrabbit.name.QNameTest$AbstractNamespaceResolver",2,0.00,1.00,5,0.02,262.00,2,0,2,2,0,143.10,0,7,0,1,143.10,0.00,0.00,0.00,0,2.00,1,68.00,0,2,0,java.lang.Object,0.00,0,0,2,0,0,0,0,0,24,0
"org.apache.jackrabbit.name.QNameTest$Test",4,0.22,1.25,17,0.12,2171.09,7,3,2,7,0,126.96,0,23,0,1,126.96,0.00,0.00,0.17,1,8.00,2,373.83,0,1,0,java.lang.Object,0.00,3,0,5,0,3,3,0,0,103,2
"org.apache.jackrabbit.name.SessionNamespaceResolver",3,0.50,1.67,12,0.11,2384.80,4,1,3,6,2,83.29,23,20,1,2,125.58,0.00,0.50,0.67,0,1.00,2,340.69,0,2,1,org.apache.jackrabbit.name.AbstractNamespaceResolver,0.00,3,1,5,0,3,1,0,7,84,1
"org.apache.jackrabbit.name.UnknownPrefixException",2,0.00,1.00,5,0.03,221.18,2,0,0,2,5,93.68,19,8,4,4,143.68,0.00,0.75,0.00,0,2.00,1,88.69,0,0,1,org.apache.jackrabbit.name.NameException,0.00,0,3,2,0,0,2,0,3,29,1
"org.apache.jackrabbit.ocm.manager.basic.AllTests",2,0.00,1.00,16,0.17,5441.24,2,0,3,5,12,130.88,7,19,1,1,110.27,0.00,0.00,0.00,1,2.00,1,508.92,0,2,11,java.lang.Object,0.00,3,0,2,0,3,0,0,3,114,1
"org.apache.jackrabbit.ocm.manager.basic.AnnotationAvoidRecursiveLoopTest",4,1.00,1.25,52,0.74,27723.02,5,1,27,37,10,81.28,22,68,2,4,99.15,0.00,0.75,0.00,0,6.00,2,2212.38,1,1,8,org.apache.jackrabbit.ocm.AnnotationTestBase,0.22,33,3,5,0,33,3,0,13,396,1
"org.apache.jackrabbit.ocm.manager.basic.AnnotationCopyMoveTest",6,1.00,2.00,107,1.40,39911.36,7,1,15,45,6,44.84,59,146,2,4,94.84,0.00,0.75,0.00,0,6.00,4,4192.48,1,1,4,org.apache.jackrabbit.ocm.AnnotationTestBase,0.20,39,3,12,0,39,5,0,50,722,1
"org.apache.jackrabbit.ocm.manager.basic.AnnotationRemoveTest",5,0.50,1.80,61,0.86,30921.94,7,2,17,46,9,140.64,13,87,2,4,100.75,0.00,0.75,0.10,1,8.00,4,2585.81,3,1,7,org.apache.jackrabbit.ocm.AnnotationTestBase,0.21,41,3,9,0,41,4,0,4,452,1
"org.apache.jackrabbit.ocm.manager.basic.AnnotationSameNameSiblingTest",6,0.50,2.00,101,1.45,55887.97,8,2,23,60,11,134.55,15,138,2,4,94.67,0.00,0.75,0.08,1,14.00,5,4335.70,2,1,9,org.apache.jackrabbit.ocm.AnnotationTestBase,0.20,54,3,12,0,54,5,0,8,750,1
"org.apache.jackrabbit.ocm.manager.basic.AnnotationSimpleTest",5,1.00,1.40,77,1.07,37174.63,6,1,14,44,7,54.28,38,100,2,4,96.57,0.00,0.75,0.00,0,5.00,2,3207.11,1,1,5,org.apache.jackrabbit.ocm.AnnotationTestBase,0.00,39,3,7,0,39,4,0,28,565,1
"org.apache.jackrabbit.ocm.manager.basic.DigesterAvoidRecursiveLoopTest",4,1.00,1.25,49,0.68,25964.94,5,1,14,34,7,82.80,22,65,2,4,100.67,0.00,0.75,0.00,0,6.00,2,2037.60,1,1,5,org.apache.jackrabbit.ocm.DigesterTestBase,0.22,30,3,5,0,30,3,0,13,366,1
"org.apache.jackrabbit.ocm.manager.basic.DigesterCopyMoveTest",6,1.00,2.00,107,1.40,39911.36,7,1,14,45,5,44.84,59,146,2,4,94.84,0.00,0.75,0.00,0,6.00,4,4192.48,1,1,3,org.apache.jackrabbit.ocm.DigesterTestBase,0.20,39,3,12,0,39,5,0,50,722,1
"org.apache.jackrabbit.ocm.manager.basic.DigesterRemoveTest",5,0.50,1.80,61,0.86,30921.94,7,2,16,46,8,140.64,13,87,2,4,100.75,0.00,0.75,0.10,1,8.00,4,2585.81,3,1,6,org.apache.jackrabbit.ocm.DigesterTestBase,0.21,41,3,9,0,41,4,0,4,452,1
"org.apache.jackrabbit.ocm.manager.basic.DigesterSameNameSiblingTest",6,0.50,2.00,101,1.45,55887.97,8,2,22,60,10,134.55,15,138,2,4,94.67,0.00,0.75,0.08,1,14.00,5,4335.70,2,1,8,org.apache.jackrabbit.ocm.DigesterTestBase,0.20,54,3,12,0,54,5,0,8,750,1
"org.apache.jackrabbit.ocm.manager.basic.DigesterSimpleTest",5,1.00,1.40,77,1.07,37174.63,6,1,13,44,6,54.28,38,100,2,4,96.57,0.00,0.75,0.00,0,5.00,2,3207.11,1,1,4,org.apache.jackrabbit.ocm.DigesterTestBase,0.00,39,3,7,0,39,4,0,28,565,1
"org.apache.jackrabbit.ocm.manager.basic.SomeRandomUnMappedDigesterType",0,0.00,0.00,1,0.00,4.75,0,0,13,0,4,171.00,0,2,1,1,171.00,0.00,0.00,0.00,0,0.00,0,4.75,0,0,3,java.lang.Object,0.00,0,0,0,0,0,0,0,0,3,0
"org.apache.jackrabbit.ocm.manager.basic.SomeRandomUnMappedType",0,0.00,0.00,1,0.00,4.75,0,0,14,0,5,171.00,0,2,1,1,171.00,0.00,0.00,0.00,0,0.00,0,4.75,0,0,4,java.lang.Object,0.00,0,0,0,0,0,0,0,0,3,0
"org.apache.jackrabbit.jcr.NamespaceRegistryTest",9,0.25,1.67,88,1.12,29254.28,15,6,12,31,3,89.76,47,115,1,4,107.63,0.00,0.75,0.39,2,0.00,2,3367.45,2,2,2,org.apache.jackrabbit.test.AbstractJCRTest,0.28,22,3,15,0,22,7,0,12,664,1
"org.apache.jackrabbit.jcr.TestAll",1,0.00,1.00,5,0.04,864.35,1,0,3,3,2,142.42,3,7,1,2,121.80,0.00,0.50,0.00,0,1.00,1,115.51,0,1,1,junit.framework.TestCase,0.00,2,1,1,0,2,0,0,1,31,1
"org.apache.jackrabbit.core.security.user.AdministratorTest",2,0.00,2.00,13,0.14,2738.12,2,0,5,12,5,157.00,4,19,1,5,117.12,0.00,0.80,0.00,0,0.00,3,417.87,0,0,4,org.apache.jackrabbit.api.security.user.AbstractUserTest,0.00,10,4,4,0,10,2,0,2,92,1
"org.apache.jackrabbit.core.security.user.AuthorizableImpl",23,0.02,2.48,197,2.58,82775.06,26,3,30,87,21,91.23,126,253,4,1,109.10,0.00,0.00,0.35,8,17.00,5,7729.44,0,9,18,java.lang.Object,0.00,64,0,57,2,64,14,2,35,1497,1
"org.apache.jackrabbit.core.security.user.AuthorizableImpl$NodeBasedPrincipal",2,0.00,1.00,5,0.03,289.05,2,0,30,2,2,124.89,11,8,0,2,142.76,0.00,0.50,0.00,0,2.00,1,92.70,0,1,2,org.apache.jackrabbit.core.security.principal.PrincipalImpl,0.00,0,1,2,0,0,1,1,3,30,0
"org.apache.jackrabbit.core.security.user.AuthorizableImplTest",11,0.23,3.09,137,1.88,60732.33,14,3,21,49,15,151.02,15,165,1,5,101.02,0.00,0.80,0.12,1,0.00,5,5635.93,3,0,14,org.apache.jackrabbit.api.security.user.AbstractUserTest,0.12,38,4,34,0,38,11,0,13,1097,1
"org.apache.jackrabbit.core.security.user.GroupAdministratorTest",19,0.21,2.68,226,3.19,115864.03,26,7,14,57,12,142.00,46,293,1,5,102.12,0.00,0.80,0.34,1,0.00,6,9561.07,7,1,11,org.apache.jackrabbit.api.security.user.AbstractUserTest,0.20,38,4,51,0,38,18,0,44,1796,1
"org.apache.jackrabbit.core.security.user.GroupImpl",12,0.45,2.25,74,0.90,25015.97,14,2,20,41,11,115.89,59,99,6,2,115.65,0.00,0.50,0.08,3,48.00,5,2710.77,2,6,7,org.apache.jackrabbit.core.security.user.AuthorizableImpl,0.00,29,1,27,0,29,6,1,20,559,0
"org.apache.jackrabbit.core.security.user.GroupImpl$MemberIterator",5,0.12,1.80,28,0.26,6894.48,7,2,20,14,2,120.07,1,39,0,1,120.07,0.00,0.00,0.40,0,5.00,4,770.28,0,2,2,java.lang.Object,0.00,9,0,9,0,9,3,1,1,172,1
"org.apache.jackrabbit.core.security.user.GroupImpl$NodeBasedGroup",7,1.00,1.86,37,0.35,8135.65,8,1,20,15,1,102.77,38,47,0,2,120.65,0.00,0.50,0.14,1,12.00,4,1042.86,0,2,1,org.apache.jackrabbit.core.security.user.NodeBasedPrincipal,0.00,8,1,13,0,8,5,1,13,232,1
"org.apache.jackrabbit.core.security.user.ImpersonationImpl",7,0.11,4.00,106,1.31,50387.23,10,3,21,43,15,117.05,23,125,1,1,96.44,0.00,0.00,0.43,2,0.00,6,3918.68,0,2,15,java.lang.Object,0.00,36,0,28,0,36,5,2,13,722,0
"org.apache.jackrabbit.core.security.user.ImpersonationImplTest",4,0.52,1.75,44,0.62,13079.63,11,7,12,23,7,154.35,7,53,1,5,104.35,0.00,0.80,0.54,0,0.00,3,1862.38,5,0,6,org.apache.jackrabbit.api.security.user.AbstractUserTest,0.29,19,4,7,0,19,4,0,5,378,1
"org.apache.jackrabbit.core.security.user.IndexNodeResolver",6,0.60,2.33,51,0.78,26266.83,7,1,12,22,6,76.22,41,67,2,2,108.44,0.00,0.50,0.50,1,6.00,7,2346.94,2,5,4,org.apache.jackrabbit.core.security.user.NodeResolver,0.00,16,1,14,0,16,1,0,9,446,0
"org.apache.jackrabbit.core.security.user.IndexNodeResolverTest",1,1.00,2.00,6,0.07,1623.65,2,1,6,4,6,166.53,1,9,1,5,116.53,0.00,0.80,0.00,0,1.00,2,217.68,0,1,5,org.apache.jackrabbit.core.security.user.NodeResolverTest,0.00,3,4,2,0,3,0,0,1,52,1
"org.apache.jackrabbit.core.security.user.NodeResolver",8,0.29,1.25,25,0.26,4057.23,11,3,10,12,9,81.85,72,35,6,1,131.85,0.00,0.00,0.08,1,20.00,3,765.93,0,7,3,java.lang.Object,0.00,4,0,10,2,4,1,0,9,191,1
"org.apache.jackrabbit.core.security.user.NodeResolverTest",15,0.25,1.67,128,2.01,63207.44,17,2,17,55,15,108.65,3,164,2,4,108.65,0.67,0.50,0.27,2,0.00,5,6031.66,1,2,13,org.apache.jackrabbit.test.AbstractJCRTest,0.11,40,3,25,2,40,13,0,3,1174,2
"org.apache.jackrabbit.core.security.user.NotUserAdministratorTest",10,0.31,2.50,97,1.30,29201.93,14,4,14,39,11,147.79,26,134,1,5,107.90,0.00,0.80,0.52,0,0.00,3,3890.52,5,0,10,org.apache.jackrabbit.api.security.user.AbstractUserTest,0.24,29,4,25,0,29,10,0,24,765,1
"org.apache.jackrabbit.core.security.user.TestAll",1,0.00,1.00,14,0.16,5586.62,1,0,3,3,10,80.87,5,16,0,2,98.74,0.00,0.50,0.00,0,1.00,1,465.96,0,1,10,junit.framework.TestCase,0.00,2,1,1,0,2,0,0,1,103,1
"org.apache.jackrabbit.core.security.user.TraversingNodeResolver",9,0.38,3.78,86,1.35,58147.14,10,1,20,42,8,56.99,72,133,2,2,105.09,0.00,0.50,0.67,3,0.00,10,4036.67,2,5,6,org.apache.jackrabbit.core.security.user.NodeResolver,0.00,33,1,34,0,33,4,0,20,748,0
"org.apache.jackrabbit.core.security.user.TraversingNodeResolverTest",1,1.00,2.00,6,0.07,1681.57,2,1,6,4,6,166.41,1,9,1,5,116.41,0.00,0.80,0.00,0,1.00,2,215.93,0,1,5,org.apache.jackrabbit.core.security.user.NodeResolverTest,0.00,3,4,2,0,3,0,0,1,52,1
"org.apache.jackrabbit.core.security.user.UserAccessControlProvider",14,0.05,2.43,109,1.26,40520.70,20,6,34,47,22,94.14,80,141,1,2,112.01,0.00,0.50,0.12,2,62.00,6,3786.35,5,6,21,org.apache.jackrabbit.core.security.authorization.AbstractAccessControlProvider,0.00,33,1,34,0,33,8,1,22,758,1
"org.apache.jackrabbit.core.security.user.UserAccessControlProvider$CompiledPermissionsImpl",6,0.13,7.33,112,1.77,164101.59,9,3,34,43,9,68.64,84,156,0,2,88.78,0.00,0.50,0.44,0,2.00,27,5323.24,3,1,9,org.apache.jackrabbit.core.security.authorization.AbstractCompiledPermissions,0.29,37,1,44,0,37,5,1,48,863,1
"org.apache.jackrabbit.core.security.user.UserAdministratorTest",16,0.23,2.56,162,2.10,57873.55,21,5,16,52,12,155.46,29,220,1,5,105.46,0.00,0.80,0.41,1,0.00,6,6290.88,8,1,11,org.apache.jackrabbit.api.security.user.AbstractUserTest,0.21,36,4,41,0,36,15,0,27,1225,1
"org.apache.jackrabbit.core.security.user.UserConstants",0,0.00,0.00,18,0.34,8467.35,17,17,3,2,14,171.00,18,19,11,1,171.00,0.00,0.00,0.00,0,0.00,0,1033.22,0,0,3,,0.00,2,0,0,0,2,0,0,5,185,0
"org.apache.jackrabbit.core.security.user.UserImpl",10,0.19,2.00,49,0.54,12032.20,13,3,14,26,19,124.36,43,72,10,2,124.13,0.00,0.50,0.17,3,46.00,3,1606.16,3,6,11,org.apache.jackrabbit.core.security.user.AuthorizableImpl,0.00,16,1,20,0,16,4,1,15,359,0
"org.apache.jackrabbit.core.security.user.UserImpl$NodeBasedAdminPrincipal",2,0.00,1.00,5,0.03,346.89,2,0,14,4,2,142.14,0,8,0,2,142.14,0.00,0.50,0.00,0,2.00,1,102.43,0,1,2,org.apache.jackrabbit.core.security.principal.AdminPrincipal,0.00,2,1,2,0,2,1,1,0,32,1
"org.apache.jackrabbit.core.security.user.UserImplTest",6,0.16,1.33,47,0.60,12528.68,11,5,16,36,8,113.27,4,60,1,5,113.27,0.00,0.80,0.33,0,0.00,2,1796.94,5,0,7,org.apache.jackrabbit.api.security.user.AbstractUserTest,0.27,30,4,8,0,30,6,0,2,368,1
"org.apache.jackrabbit.core.security.user.UserManagerImpl",24,0.02,2.96,223,2.98,109516.82,29,5,33,84,25,88.47,129,298,8,2,106.34,0.00,0.50,0.22,8,124.00,8,8948.91,3,17,20,org.apache.jackrabbit.core.ProtectedItemModifier,0.00,60,1,71,0,60,7,2,37,1709,1
"org.apache.jackrabbit.core.security.user.UserManagerImpl$AuthorizableIterator",5,0.00,2.20,34,0.33,9627.99,8,3,33,16,2,155.81,13,46,0,1,115.93,0.00,0.00,0.33,0,5.00,6,977.10,0,2,2,java.lang.Object,0.00,11,0,11,0,11,3,1,7,208,2
"org.apache.jackrabbit.core.security.user.UserManagerImplTest",16,0.30,3.12,218,3.18,134203.34,18,2,19,62,13,148.29,18,289,1,5,98.29,0.00,0.80,0.22,1,0.00,7,9529.85,5,1,12,org.apache.jackrabbit.api.security.user.AbstractUserTest,0.11,46,4,50,0,46,15,0,16,1774,1
"org.apache.jackrabbit.core.state.mem.InMemPersistenceManager",0,0.00,0.00,1,0.03,257.00,0,0,1,0,2,171.00,5,4,0,3,171.00,0.00,0.67,0.00,0,0.00,0,76.15,0,0,2,org.apache.jackrabbit.core.persistence.mem.InMemPersistenceManager,0.00,0,2,0,0,0,0,1,1,20,1
"org.apache.jackrabbit.rmi.server.RemoteAdapterFactory",27,0.00,1.00,28,0.22,1000.83,27,0,51,27,58,110.54,218,46,35,1,158.64,0.00,0.00,0.00,0,27.00,1,667.22,0,27,23,,0.00,0,0,27,0,0,0,0,28,223,1
"org.apache.jackrabbit.rmi.server.ServerAdapterFactory",30,0.41,1.17,82,0.95,23447.70,32,2,63,73,57,119.08,151,150,3,1,136.95,0.00,0.00,0.10,1,138.00,4,2864.70,0,28,55,java.lang.Object,0.00,43,0,35,1,43,2,1,34,672,1
"org.apache.jackrabbit.rmi.server.ServerEventCollection",3,0.25,1.00,12,0.09,1493.67,5,2,2,3,3,89.74,36,18,1,2,127.30,0.00,0.50,0.33,0,5.00,1,281.63,0,1,2,org.apache.jackrabbit.rmi.server.ServerObject,0.00,0,2,3,0,0,2,1,7,73,1
"org.apache.jackrabbit.rmi.server.ServerEventCollection$ServerEvent",4,0.11,1.00,15,0.11,1437.66,7,3,2,4,1,133.31,16,20,0,2,133.08,0.00,0.50,0.25,0,10.00,1,317.25,0,2,1,org.apache.jackrabbit.rmi.server.ServerObject,0.00,0,2,4,0,0,2,1,7,84,2
"org.apache.jackrabbit.rmi.server.ServerItem",11,0.10,1.73,41,0.37,6995.17,12,1,5,21,7,170.89,30,72,3,2,131.00,4.00,0.17,0.91,0,0.00,2,1101.01,3,4,4,org.apache.jackrabbit.rmi.server.ServerObject,0.00,10,2,19,4,10,7,1,13,274,1
"org.apache.jackrabbit.rmi.server.ServerItemDefinition",7,0.17,1.14,21,0.17,2690.33,8,1,5,14,7,133.05,28,31,3,2,132.82,2.00,0.25,0.86,0,0.00,2,496.55,1,2,4,org.apache.jackrabbit.rmi.server.ServerObject,0.00,7,2,8,2,7,5,1,9,132,1
"org.apache.jackrabbit.rmi.server.ServerLock",7,0.17,1.00,16,0.12,1568.76,8,1,5,13,2,161.88,22,24,1,1,141.26,0.00,0.00,0.86,0,0.00,1,371.85,0,2,1,java.rmi.server.UnicastRemoteObject,0.00,6,1,7,0,6,5,1,9,106,1
"org.apache.jackrabbit.rmi.server.ServerNamespaceRegistry",7,0.17,1.86,29,0.28,5980.53,8,1,4,13,4,145.93,25,56,1,2,125.31,0.00,0.50,0.86,0,0.00,2,840.22,1,4,3,org.apache.jackrabbit.rmi.server.ServerObject,0.00,6,2,13,0,6,3,1,9,204,1
"org.apache.jackrabbit.rmi.server.ServerNode",49,0.02,2.02,209,2.27,50108.31,50,1,17,99,14,174.68,80,393,3,3,124.68,1.00,0.40,0.98,1,0.00,3,6799.01,5,26,11,org.apache.jackrabbit.rmi.server.ServerItem,0.00,50,3,99,2,50,23,1,57,1568,1
"org.apache.jackrabbit.rmi.server.ServerNodeDefinition",4,0.33,1.25,15,0.13,2442.93,5,1,5,8,5,113.34,21,22,1,3,131.21,0.00,0.67,0.75,0,0.00,2,392.74,2,2,4,org.apache.jackrabbit.rmi.server.ServerItemDefinition,0.00,4,3,5,0,4,2,1,6,100,1
"org.apache.jackrabbit.rmi.server.ServerNodeType",19,0.28,1.21,61,0.60,16855.76,20,1,8,34,6,150.56,58,88,1,2,129.94,0.00,0.50,0.74,4,0.00,3,1804.62,1,10,5,org.apache.jackrabbit.rmi.server.ServerObject,0.00,15,2,23,0,15,9,1,23,439,1
"org.apache.jackrabbit.rmi.server.ServerNodeTypeManager",5,0.25,1.80,21,0.22,4191.09,6,1,6,11,6,125.62,23,45,1,2,125.39,1.00,0.33,0.80,0,0.00,2,669.14,2,4,5,org.apache.jackrabbit.rmi.server.ServerObject,0.00,6,2,9,1,6,1,1,7,160,1
"org.apache.jackrabbit.rmi.server.ServerObject",6,0.40,5.00,70,0.79,43690.71,7,1,30,32,19,57.24,69,82,15,1,101.37,0.00,0.00,0.67,1,0.00,19,2376.12,0,5,4,java.rmi.server.UnicastRemoteObject,0.00,26,1,30,30,26,1,0,9,501,1
"org.apache.jackrabbit.rmi.server.ServerObservationManager",6,0.07,2.17,41,0.42,11436.92,9,3,9,16,7,67.86,50,66,1,2,115.96,0.00,0.50,0.39,1,10.00,3,1248.78,1,2,6,org.apache.jackrabbit.rmi.server.ServerObject,0.00,10,2,13,0,10,4,1,18,267,1
"org.apache.jackrabbit.rmi.server.ServerProperty",9,0.12,1.89,37,0.36,7355.31,10,1,7,19,6,165.35,26,67,1,3,125.46,0.00,0.67,0.89,0,0.00,2,1086.84,2,3,5,org.apache.jackrabbit.rmi.server.ServerItem,0.00,10,3,17,0,10,6,1,11,262,1
"org.apache.jackrabbit.rmi.server.ServerPropertyDefinition",5,0.25,1.00,13,0.11,1558.13,6,1,5,10,5,140.37,23,21,1,3,140.13,0.00,0.67,0.80,0,0.00,1,337.32,0,2,4,org.apache.jackrabbit.rmi.server.ServerItemDefinition,0.00,5,3,5,0,5,3,1,7,92,1
"org.apache.jackrabbit.rmi.server.ServerQuery",6,0.20,1.00,15,0.14,1757.58,7,1,6,12,6,160.96,22,26,1,2,140.35,0.00,0.50,0.83,0,0.00,1,411.45,2,5,5,org.apache.jackrabbit.rmi.server.ServerObject,0.00,6,2,6,0,6,1,1,8,111,1
"org.apache.jackrabbit.rmi.server.ServerQueryManager",4,0.33,1.75,19,0.20,4313.58,5,1,7,8,4,106.66,22,36,1,2,124.53,0.00,0.50,0.75,0,0.00,2,613.48,2,3,4,org.apache.jackrabbit.rmi.server.ServerObject,0.00,4,2,7,0,4,1,1,7,141,1
"org.apache.jackrabbit.rmi.server.ServerQueryResult",4,0.33,1.00,11,0.11,1384.30,5,1,5,9,5,121.90,20,19,1,2,139.78,0.00,0.50,0.75,0,0.00,1,324.93,1,3,4,org.apache.jackrabbit.rmi.server.ServerObject,0.00,5,2,4,0,5,1,1,6,86,1
"org.apache.jackrabbit.rmi.server.ServerRepository",7,0.17,1.57,29,0.32,6558.95,8,1,7,11,5,145.65,24,50,1,2,125.04,0.00,0.50,0.86,0,0.00,2,947.88,2,6,4,org.apache.jackrabbit.rmi.server.ServerObject,0.00,4,2,11,0,4,1,1,9,219,1
"org.apache.jackrabbit.rmi.server.ServerRow",3,0.50,1.00,9,0.09,1237.83,4,1,6,7,5,100.38,19,15,1,2,132.61,0.00,0.50,0.67,0,1.00,1,282.97,0,2,4,org.apache.jackrabbit.rmi.server.ServerObject,0.00,4,2,3,0,4,1,1,5,73,1
"org.apache.jackrabbit.rmi.server.ServerSession",27,0.00,1.59,95,0.99,21289.66,29,2,12,58,8,180.28,50,173,2,2,130.28,1.00,0.33,0.50,0,0.00,2,2976.73,4,12,6,org.apache.jackrabbit.rmi.server.ServerObject,0.00,31,2,43,1,31,15,1,30,709,1
"org.apache.jackrabbit.rmi.server.ServerVersion",6,0.40,2.00,32,0.31,9777.06,7,1,6,12,5,77.18,42,48,1,4,119.47,0.00,0.75,0.67,1,0.00,3,937.06,2,5,4,org.apache.jackrabbit.rmi.server.ServerNode,0.00,6,4,12,0,6,1,1,18,216,1
"org.apache.jackrabbit.rmi.server.ServerVersionHistory",13,0.08,1.77,52,0.57,12521.79,14,1,7,26,6,164.80,31,97,1,4,124.91,0.00,0.75,0.92,0,0.00,3,1716.76,3,7,5,org.apache.jackrabbit.rmi.server.ServerNode,0.00,13,4,23,0,13,6,1,16,399,1
"org.apache.jackrabbit.rmi.server.ServerWorkspace",12,0.09,1.92,54,0.59,13328.98,14,2,14,26,8,164.29,35,103,1,2,124.41,1.00,0.33,0.42,2,0.00,3,1778.27,2,6,7,org.apache.jackrabbit.rmi.server.ServerObject,0.00,14,2,23,1,14,6,1,15,408,1
"org.apache.jackrabbit.rmi.server.ServerXAResource",11,0.20,1.91,48,0.47,12411.99,12,1,7,23,3,174.36,11,77,1,1,124.36,0.00,0.00,0.82,1,0.00,3,1395.49,0,2,2,java.rmi.server.UnicastRemoteObject,0.00,12,1,21,0,12,9,1,3,331,1
"org.apache.jackrabbit.rmi.server.ServerXASession",2,1.00,1.00,7,0.07,865.83,3,1,4,4,6,100.22,12,11,1,3,132.44,0.00,0.67,0.50,0,2.00,1,195.26,1,1,5,org.apache.jackrabbit.rmi.server.ServerSession,0.00,2,3,2,0,2,1,1,3,52,1
"org.apache.jackrabbit.spi.TestAll",1,0.00,1.00,4,0.03,257.45,1,0,3,2,0,179.56,1,6,0,2,129.56,0.00,0.50,0.00,0,1.00,1,79.73,0,1,0,junit.framework.TestCase,0.00,1,1,1,0,1,0,0,1,24,1
"org.apache.jackrabbit.spi.TestAll$Jcr2SpiTestSuite",1,0.00,1.00,10,0.19,5024.80,1,0,3,9,7,154.55,1,12,0,2,104.55,0.00,0.50,0.00,0,1.00,1,568.69,0,0,7,junit.framework.TestSuite,0.00,8,1,1,0,8,1,0,1,132,2
"org.apache.jackrabbit.ocm.nodemanagement.impl.jeceira.NodeTypeManagerImpl",15,1.00,1.00,19,0.23,1808.21,16,1,12,16,7,154.61,14,62,0,1,154.61,0.00,0.00,0.00,0,15.00,1,684.87,0,2,7,java.lang.Object,0.00,1,0,15,0,1,13,1,5,191,1
"org.apache.jackrabbit.jcr.AbstractItemStateFactory",5,0.25,1.40,27,0.25,5112.68,7,2,4,14,5,103.28,28,32,2,1,121.15,0.00,0.00,0.30,1,2.00,2,738.17,0,0,3,java.lang.Object,0.00,9,0,7,2,9,5,1,11,176,2
"org.apache.jackrabbit.jcr.ChangeLog",8,0.07,3.38,73,1.08,56223.99,12,4,12,30,10,56.73,67,100,5,1,104.83,0.00,0.00,0.31,0,6.00,13,3241.77,0,2,5,java.lang.Object,0.00,22,0,27,0,22,6,0,30,580,1
"org.apache.jackrabbit.jcr.ItemState",19,0.08,1.68,86,0.97,36290.06,25,6,15,44,40,74.48,160,126,32,1,122.58,0.00,0.00,0.09,3,107.00,7,2895.35,0,7,11,java.lang.Object,0.00,25,0,32,2,25,12,0,38,619,2
"org.apache.jackrabbit.jcr.ItemState$MergeResult",2,0.00,1.00,3,0.01,46.83,2,0,15,2,0,160.45,8,4,0,1,160.22,0.00,0.00,0.00,0,2.00,1,31.22,0,0,0,,0.00,0,0,2,0,0,2,0,2,14,1
"org.apache.jackrabbit.jcr.ItemState$SimpleMergeResult",3,1.00,1.00,7,0.04,426.32,4,1,15,3,0,192.82,4,11,0,1,142.82,0.00,0.00,0.33,0,4.00,1,115.44,0,0,0,java.lang.Object,0.00,0,0,3,0,0,3,1,2,37,1
"org.apache.jackrabbit.jcr.ItemStateCreationListener",1,0.00,1.00,2,0.01,60.50,1,0,0,1,5,103.45,7,3,4,2,145.74,0.00,0.50,0.00,0,1.00,1,35.16,0,0,1,,0.00,0,1,1,0,0,1,0,2,13,1
"org.apache.jackrabbit.jcr.ItemStateFactory",9,0.00,1.00,10,0.10,595.99,9,0,7,9,17,108.55,80,14,12,1,156.66,0.00,0.00,0.00,0,9.00,1,309.82,0,2,7,,0.00,0,0,9,0,0,7,0,10,94,1
"org.apache.jackrabbit.jcr.ItemStateLifeCycleListener",1,0.00,1.00,2,0.01,54.79,1,0,0,1,1,101.95,11,3,1,1,146.08,0.00,0.00,0.00,0,1.00,1,36.53,0,0,1,,0.00,0,0,1,0,0,1,0,2,13,1
"org.apache.jackrabbit.jcr.ItemStateValidator",16,0.07,3.25,145,2.37,89279.02,26,10,24,68,20,123.76,303,221,5,1,105.63,0.00,0.00,0.16,8,4.00,7,7095.05,0,1,15,java.lang.Object,0.00,52,0,52,0,52,15,0,62,1327,1
"org.apache.jackrabbit.jcr.NodeState",26,0.18,1.65,128,1.43,44290.28,30,4,18,60,66,80.69,207,177,54,2,122.98,0.00,0.50,0.08,8,190.00,5,4295.72,4,13,16,org.apache.jackrabbit.jcr2spi.state.ItemState,0.22,34,1,43,0,34,13,0,46,922,1
"org.apache.jackrabbit.jcr.PropertyState",15,0.04,2.47,106,1.22,48637.70,20,5,13,39,31,63.14,150,142,23,2,111.62,0.00,0.50,0.16,3,62.00,6,3666.11,4,5,10,org.apache.jackrabbit.jcr2spi.state.ItemState,0.29,24,1,37,0,24,10,0,34,758,1
"org.apache.jackrabbit.jcr.PropertyState$PropertyData",4,0.22,2.00,23,0.22,5541.24,7,3,13,8,2,170.03,5,28,0,1,120.03,0.00,0.00,0.17,2,6.00,4,659.68,0,0,2,java.lang.Object,0.00,4,0,8,0,4,4,0,5,154,1
"org.apache.jackrabbit.jcr.PropertyState$PropertyDiffer",3,0.00,1.67,15,0.13,2561.19,5,2,13,5,0,121.73,1,20,0,1,121.73,0.00,0.00,0.50,0,1.00,3,393.56,0,0,0,java.lang.Object,0.00,2,0,5,0,2,3,1,1,97,1
"org.apache.jackrabbit.jcr.SessionItemStateManager",37,0.03,1.70,237,3.75,129457.99,43,6,58,125,47,81.72,245,322,2,1,113.94,0.00,0.00,0.14,6,255.00,8,11249.77,0,4,45,java.lang.Object,0.00,88,0,63,0,88,33,2,89,2104,1
"org.apache.jackrabbit.jcr.Status",7,0.21,3.00,67,0.80,41355.43,18,11,0,8,27,114.58,122,111,27,1,105.45,0.00,0.00,0.27,0,13.00,7,2413.21,0,1,0,java.lang.Object,0.00,1,0,21,0,1,6,0,33,495,2
"org.apache.jackrabbit.jcr.TransientISFactory",12,0.06,1.08,41,0.46,8248.31,15,3,14,25,18,131.08,53,60,1,2,130.84,0.00,0.50,0.28,0,24.00,2,1368.36,1,2,17,org.apache.jackrabbit.jcr2spi.state.AbstractItemStateFactory,0.00,13,1,13,0,13,10,2,21,328,2
"org.apache.jackrabbit.jcr.TransientItemStateFactory",2,0.00,1.00,3,0.04,248.10,2,0,7,2,12,110.39,22,9,4,2,154.51,0.00,0.50,0.00,0,2.00,1,117.56,0,0,8,,0.00,0,1,2,0,0,2,0,3,33,1
"org.apache.jackrabbit.jcr.TransientItemStateManager",13,0.21,3.54,151,1.95,107935.06,19,6,19,54,15,71.62,172,207,1,1,101.00,0.00,0.00,0.36,1,4.00,15,5850.45,0,2,14,java.lang.Object,0.00,41,0,46,0,41,11,1,60,1088,1
"org.apache.jackrabbit.jcr.UpdatableItemStateManager",3,0.00,1.00,4,0.02,134.12,3,0,2,3,5,125.78,19,5,3,1,158.00,0.00,0.00,0.00,0,3.00,1,73.06,0,0,2,,0.00,0,0,3,0,0,3,0,4,26,1
"org.apache.jackrabbit.jcr.WorkspaceItemStateFactory",18,0.03,2.94,190,2.64,103350.88,22,4,28,84,23,53.85,170,258,1,2,103.85,0.00,0.50,0.28,9,70.00,8,7922.88,2,4,22,org.apache.jackrabbit.jcr2spi.state.AbstractItemStateFactory,0.00,66,1,53,0,66,14,1,65,1460,1
"org.apache.jackrabbit.jcr.WorkspaceItemStateFactory$ItemInfos",6,0.07,2.17,37,0.34,8608.76,9,3,28,22,3,137.55,21,50,0,1,116.94,0.00,0.00,0.39,1,2.00,3,1022.03,0,2,3,java.lang.Object,0.00,16,0,13,0,16,4,1,7,237,1
"org.apache.jackrabbit.core.persistence.util.BLOBStore",4,0.00,1.00,5,0.04,175.53,4,0,2,4,9,109.59,41,6,8,1,158.07,0.00,0.00,0.00,0,4.00,1,125.02,0,2,1,,0.00,0,0,4,0,0,2,0,5,41,1
"org.apache.jackrabbit.core.persistence.util.FileSystemBLOBStore",6,0.60,1.67,42,0.48,19347.35,7,1,7,23,13,93.86,35,53,8,1,111.73,0.00,0.00,0.50,1,6.00,4,1448.74,0,3,5,java.lang.Object,0.00,17,0,10,3,17,3,1,16,296,1
"org.apache.jackrabbit.core.persistence.util.ResourceBasedBLOBStore",1,0.00,1.00,2,0.01,72.19,1,0,1,1,5,107.57,12,3,4,2,145.14,0.00,0.50,0.00,0,1.00,1,42.09,0,1,1,,0.00,0,1,1,0,0,0,0,2,15,1
"org.apache.jackrabbit.core.persistence.util.Serializer",6,0.20,4.00,160,2.33,131947.85,8,2,26,81,24,132.98,147,176,8,1,83.71,0.00,0.00,0.33,0,14.00,6,6987.51,0,0,16,java.lang.Object,0.00,75,0,24,0,75,6,0,79,1195,2
"org.apache.jackrabbit.webdav.security.AclProperty",6,1.00,1.50,25,0.36,9112.73,7,1,13,18,16,81.10,43,34,5,2,123.39,0.00,0.50,0.17,0,10.00,3,1068.99,0,2,12,org.apache.jackrabbit.webdav.property.AbstractDavProperty,0.00,12,1,9,0,12,4,0,6,230,1
"org.apache.jackrabbit.webdav.security.AclProperty$Ace",11,0.11,2.09,87,1.20,56651.20,23,12,13,31,9,149.96,23,109,0,1,110.08,0.00,0.00,0.18,0,56.00,6,3612.76,0,3,9,java.lang.Object,0.00,20,0,23,0,20,8,2,3,681,2
"org.apache.jackrabbit.webdav.security.AclResource",2,1.00,1.00,4,0.03,249.04,3,1,6,2,9,161.41,37,5,3,2,143.27,0.00,0.50,0.00,0,2.00,1,102.03,0,1,7,,0.00,0,1,2,0,0,1,0,4,31,1
"org.apache.jackrabbit.webdav.security.AclRestrictionsProperty",7,0.10,1.57,35,0.32,6334.71,14,7,5,12,5,142.16,25,47,0,2,121.54,0.00,0.50,0.22,0,16.00,5,948.16,1,2,5,org.apache.jackrabbit.webdav.property.AbstractDavProperty,0.00,5,1,11,0,5,5,0,6,221,1
"org.apache.jackrabbit.webdav.security.CurrentUserPrivilegeSetProperty",3,0.50,3.67,28,0.34,12290.41,4,1,10,12,8,64.37,21,36,2,2,106.66,0.00,0.50,0.67,0,1.00,7,1026.70,1,1,6,org.apache.jackrabbit.webdav.property.AbstractDavProperty,0.00,9,1,11,0,9,2,0,5,202,1
"org.apache.jackrabbit.webdav.security.Principal",13,0.08,2.31,92,1.13,38185.10,33,20,10,31,11,161.97,22,118,4,1,111.97,0.00,0.00,0.12,2,106.00,8,3395.28,0,10,7,java.lang.Object,0.00,18,0,30,0,18,3,2,7,668,1
"org.apache.jackrabbit.webdav.security.Privilege",6,0.01,1.67,44,0.67,23971.11,21,15,9,20,14,129.13,110,55,8,1,111.00,0.00,0.00,0.08,1,14.00,4,2024.78,0,5,6,java.lang.Object,0.00,14,0,10,0,14,1,1,20,399,1
"org.apache.jackrabbit.webdav.security.SecurityConstants",0,0.00,0.00,15,0.36,11418.95,14,14,6,2,20,171.00,65,16,14,1,171.00,0.00,0.00,0.00,0,0.00,0,1070.05,0,0,6,,0.00,2,0,0,0,2,0,0,17,196,1
"org.apache.jackrabbit.webdav.security.SupportedPrivilege",2,0.75,4.00,33,0.40,13848.28,10,8,5,9,7,53.23,14,41,2,1,95.52,0.00,0.00,0.50,0,2.00,6,1198.46,0,1,5,java.lang.Object,0.00,7,0,8,0,7,1,1,3,239,1
"org.apache.jackrabbit.webdav.security.SupportedPrivilegeSetProperty",2,1.00,1.50,7,0.07,1018.77,3,1,3,4,3,94.23,24,10,0,2,131.79,0.00,0.50,0.50,0,2.00,2,210.58,0,1,3,org.apache.jackrabbit.webdav.property.AbstractDavProperty,0.00,2,1,3,0,2,1,0,3,54,1
"org.apache.jackrabbit.jcr.CacheBehaviour",1,2.00,1.00,4,0.03,1028.34,3,2,0,2,10,158.21,20,6,10,1,124.82,0.00,0.00,0.00,0,1.00,1,104.79,0,0,0,java.lang.Object,0.00,1,0,1,0,1,1,0,3,31,2
"org.apache.jackrabbit.jcr.RepositoryConfig",4,0.00,1.00,5,0.02,103.55,4,0,2,4,8,180.49,12,6,6,1,159.87,0.00,0.00,0.00,0,4.00,1,62.48,0,2,2,,0.00,0,0,4,0,0,2,0,2,26,1
"org.apache.jackrabbit.ocm.manager.cache.impl.RequestObjectCacheImpl",4,0.00,1.00,10,0.08,893.34,5,1,3,9,3,181.16,8,20,2,1,141.27,0.00,0.00,1.00,0,0.00,1,246.70,0,1,1,java.lang.Object,0.00,5,0,4,0,5,3,1,1,69,1
"org.apache.jackrabbit.api.jsr.VersionManager",21,0.00,1.00,22,0.36,2263.11,21,0,15,21,2,110.51,955,24,2,1,154.99,0.00,0.00,0.00,0,21.00,1,1080.95,0,12,0,,0.00,0,0,21,0,0,9,0,22,288,1
"org.apache.jackrabbit.webdav.search.QueryGrammerSet",5,0.25,1.60,31,0.36,13070.93,6,1,9,15,8,72.66,36,37,3,2,114.95,0.00,0.50,0.80,0,0.00,3,1082.80,1,3,5,org.apache.jackrabbit.webdav.property.AbstractDavProperty,0.00,10,1,8,0,10,2,1,6,232,1
"org.apache.jackrabbit.webdav.search.QueryGrammerSet$Grammer",3,0.17,1.67,16,0.12,1760.30,6,3,9,6,2,123.01,0,22,0,1,123.01,0.00,0.00,0.22,0,1.00,3,361.13,0,0,2,java.lang.Object,0.00,3,0,5,0,3,3,0,0,95,1
"org.apache.jackrabbit.webdav.search.SearchConstants",0,0.00,0.00,9,0.15,3100.00,8,8,3,2,6,171.00,51,10,3,1,171.00,0.00,0.00,0.00,0,0.00,0,440.00,0,0,3,,0.00,2,0,0,0,2,0,0,12,88,1
"org.apache.jackrabbit.webdav.search.SearchInfo",8,0.05,1.62,57,0.70,25989.14,14,6,17,29,13,61.71,77,66,6,1,111.71,0.00,0.00,0.21,0,24.00,5,2103.92,0,6,7,java.lang.Object,0.00,21,0,13,0,21,2,2,11,429,1
"org.apache.jackrabbit.webdav.search.SearchResource",2,1.00,1.00,4,0.03,161.65,3,1,2,2,10,107.19,25,5,6,1,144.75,0.00,0.00,0.00,0,2.00,1,75.01,0,2,4,,0.00,0,0,2,0,0,0,0,4,25,1
"org.apache.jackrabbit.rmi.remote.ArrayIterator",4,0.33,2.00,29,0.27,10725.40,6,2,2,7,2,64.21,33,38,1,1,112.32,0.00,0.00,0.75,0,0.00,3,801.39,0,1,1,java.lang.Object,0.00,3,0,8,0,3,3,2,7,176,1
"org.apache.jackrabbit.rmi.remote.BufferIterator",4,0.11,2.00,29,0.30,13246.12,7,3,3,9,2,61.60,39,38,1,1,111.60,0.00,0.00,0.42,0,6.00,4,912.13,0,1,1,java.lang.Object,0.00,5,0,8,0,5,3,2,8,198,1
"org.apache.jackrabbit.rmi.remote.RemoteEventCollection",2,0.00,1.00,4,0.03,202.57,2,0,2,2,7,106.42,25,5,7,2,143.98,0.00,0.50,0.00,0,2.00,1,77.16,0,0,0,,0.00,0,1,2,0,0,2,0,4,27,1
"org.apache.jackrabbit.rmi.remote.RemoteEventCollection$RemoteEvent",3,0.00,1.00,4,0.02,125.94,3,0,2,3,0,126.00,18,5,0,2,158.22,0.00,0.50,0.00,0,3.00,1,68.99,0,2,0,,0.00,0,1,3,0,0,1,0,3,26,2
"org.apache.jackrabbit.rmi.remote.RemoteItem",10,0.00,1.00,11,0.07,345.17,10,0,3,10,14,108.89,97,14,14,2,158.89,0.00,0.50,0.00,0,10.00,1,224.08,0,3,1,,0.00,0,1,10,0,0,7,0,11,79,1
"org.apache.jackrabbit.rmi.remote.RemoteItemDefinition",6,0.00,1.00,7,0.04,175.78,6,0,2,6,8,115.32,71,8,7,2,159.45,0.00,0.50,0.00,0,6.00,1,111.15,0,2,1,,0.00,0,1,6,0,0,4,0,7,43,1
"org.apache.jackrabbit.rmi.remote.RemoteIterator",3,0.00,1.00,4,0.03,150.25,3,0,3,3,21,120.05,38,5,21,2,157.62,0.00,0.50,0.00,0,3.00,1,86.13,0,1,0,,0.00,0,1,3,0,0,2,0,4,30,1
"org.apache.jackrabbit.rmi.remote.RemoteLock",6,0.00,1.00,7,0.04,188.20,6,0,3,6,10,110.74,62,8,10,2,159.22,0.00,0.50,0.00,0,6.00,1,119.44,0,2,0,,0.00,0,1,6,0,0,4,0,7,45,1
"org.apache.jackrabbit.rmi.remote.RemoteNamespaceRegistry",6,0.00,1.00,7,0.06,334.83,6,0,3,6,10,119.68,76,10,10,2,157.25,0.00,0.50,0.00,0,6.00,1,185.17,0,4,0,,0.00,0,1,6,0,0,2,0,7,61,1
"org.apache.jackrabbit.rmi.remote.RemoteNode",47,0.00,1.00,48,0.44,2107.78,47,0,3,47,24,107.99,467,71,17,2,157.99,0.00,0.50,0.00,0,47.00,1,1332.81,0,17,8,,0.00,0,1,47,0,0,30,0,48,423,1
"org.apache.jackrabbit.rmi.remote.RemoteNodeDefinition",3,0.00,1.00,4,0.02,122.02,3,0,1,3,12,147.97,45,5,12,2,158.33,0.00,0.50,0.00,0,3.00,1,68.77,0,0,1,,0.00,0,1,3,0,0,3,0,4,26,1
"org.apache.jackrabbit.rmi.remote.RemoteNodeType",16,0.00,1.00,17,0.12,654.48,16,0,3,16,25,109.83,162,18,24,2,158.31,0.00,0.50,0.00,0,16.00,1,373.02,0,8,2,,0.00,0,1,16,0,0,8,0,17,128,1
"org.apache.jackrabbit.rmi.remote.RemoteNodeTypeManager",4,0.00,1.00,5,0.04,167.42,4,0,3,4,14,147.87,60,10,12,2,158.23,0.00,0.50,0.00,0,4.00,1,105.58,0,0,2,,0.00,0,1,4,0,0,4,0,5,37,1
"org.apache.jackrabbit.rmi.remote.RemoteObservationManager",3,0.00,1.00,4,0.06,349.47,3,0,3,3,10,198.67,68,10,9,2,154.73,0.00,0.50,0.00,0,3.00,1,168.33,0,0,1,,0.00,0,1,3,0,0,3,0,4,47,1
"org.apache.jackrabbit.rmi.remote.RemoteProperty",8,0.00,1.00,9,0.07,359.33,8,0,3,8,13,120.43,97,11,12,2,157.99,0.00,0.50,0.00,0,8.00,1,206.45,0,2,1,,0.00,0,1,8,0,0,6,0,9,70,1
"org.apache.jackrabbit.rmi.remote.RemotePropertyDefinition",4,0.00,1.00,5,0.03,161.32,4,0,2,4,12,138.21,56,6,12,2,158.36,0.00,0.50,0.00,0,4.00,1,88.42,0,2,0,,0.00,0,1,4,0,0,2,0,5,33,1
"org.apache.jackrabbit.rmi.remote.RemoteQuery",5,0.00,1.00,6,0.04,184.47,5,0,3,5,12,108.66,46,7,10,2,158.66,0.00,0.50,0.00,0,5.00,1,116.95,0,4,2,,0.00,0,1,5,0,0,1,0,6,42,1
"org.apache.jackrabbit.rmi.remote.RemoteQueryManager",3,0.00,1.00,4,0.04,189.63,3,0,3,3,11,119.26,37,8,10,2,156.82,0.00,0.50,0.00,0,3.00,1,107.17,0,3,1,,0.00,0,1,3,0,0,0,0,4,35,1
"org.apache.jackrabbit.rmi.remote.RemoteQueryResult",3,0.00,1.00,4,0.03,143.14,3,0,3,3,10,113.65,33,5,9,2,157.78,0.00,0.50,0.00,0,3.00,1,81.40,0,1,1,,0.00,0,1,3,0,0,2,0,4,29,1
"org.apache.jackrabbit.rmi.remote.RemoteRepository",6,0.00,1.00,7,0.06,289.75,6,0,4,6,17,120.18,76,11,16,2,157.74,0.00,0.50,0.00,0,6.00,1,174.97,0,2,1,,0.00,0,1,6,0,0,4,0,7,58,1
"org.apache.jackrabbit.rmi.remote.RemoteRow",2,0.00,1.00,3,0.02,126.98,2,0,4,2,8,127.42,27,5,8,2,156.80,0.00,0.50,0.00,0,2.00,1,70.62,0,2,0,,0.00,0,1,2,0,0,0,0,3,24,1
"org.apache.jackrabbit.rmi.remote.RemoteSession",26,0.00,1.00,27,0.25,1327.29,26,0,6,26,16,109.07,281,39,13,2,157.55,0.00,0.50,0.00,0,26.00,1,758.46,0,9,3,,0.00,0,1,26,0,0,17,0,27,240,1
"org.apache.jackrabbit.rmi.remote.RemoteVersion",4,0.00,1.00,5,0.04,191.14,4,0,3,4,14,147.42,61,6,14,2,157.78,0.00,0.50,0.00,0,4.00,1,105.40,0,4,1,,0.00,0,1,4,0,0,0,0,7,37,1
"org.apache.jackrabbit.rmi.remote.RemoteVersionHistory",12,0.00,1.00,13,0.12,602.99,12,0,2,12,13,120.04,152,21,12,2,157.60,0.00,0.50,0.00,0,12.00,1,358.54,0,3,2,,0.00,0,1,12,0,0,9,0,15,115,1
"org.apache.jackrabbit.rmi.remote.RemoteWorkspace",11,0.00,1.00,12,0.12,652.09,11,0,4,11,15,112.91,127,23,11,2,157.04,0.00,0.50,0.00,0,11.00,1,368.38,0,3,4,,0.00,0,1,11,0,0,8,0,12,114,1
"org.apache.jackrabbit.rmi.remote.RemoteXAResource",9,0.00,1.00,10,0.10,474.52,9,0,4,9,8,157.68,41,12,8,2,157.44,0.00,0.50,0.00,0,9.00,1,299.24,0,1,0,,0.00,0,1,9,0,0,8,0,10,93,1
"org.apache.jackrabbit.rmi.remote.RemoteXASession",1,0.00,1.00,2,0.01,68.18,1,0,2,1,4,96.85,10,3,3,3,145.33,0.00,0.67,0.00,0,1.00,1,37.97,0,1,1,,0.00,0,2,1,0,0,0,0,2,14,1
"org.apache.jackrabbit.rmi.remote.SerializableXid",6,0.25,1.00,20,0.20,3362.43,10,4,3,14,2,131.56,5,32,2,1,131.56,0.00,0.00,0.46,0,0.00,1,589.63,0,0,0,java.lang.Object,0.00,8,0,6,0,8,6,2,1,150,1
"org.apache.jackrabbit.ocm.manager.impl.CustomNodeTypeCreatorImpl",6,0.50,1.00,14,0.10,1322.97,8,2,5,7,4,123.44,34,27,0,1,141.32,0.00,0.00,0.08,0,10.00,1,293.72,0,1,4,java.lang.Object,0.00,1,0,6,0,1,5,1,11,83,1
"org.apache.jackrabbit.ocm.manager.impl.ObjectContentManagerImpl",52,0.03,3.52,437,7.81,258859.53,58,6,46,144,44,90.04,302,650,17,1,107.91,0.00,0.00,0.19,11,114.00,11,23419.88,0,22,27,java.lang.Object,0.00,92,0,183,0,92,30,1,77,4346,1
"org.apache.jackrabbit.ocm.manager.impl.ObjectContentManagerUtil",1,0.00,3.00,8,0.10,3870.50,1,0,5,4,5,90.93,5,19,2,1,108.81,0.00,0.00,0.00,0,1.00,3,310.63,0,1,3,java.lang.Object,0.00,3,0,3,0,3,0,0,1,63,1
"org.apache.jackrabbit.ocm.manager.impl.ObjectIterator",7,0.11,1.14,23,0.20,2804.00,10,3,10,16,5,114.80,38,35,2,1,132.68,0.00,0.00,0.43,0,0.00,2,588.63,0,1,3,java.lang.Object,0.00,9,0,8,0,9,6,1,8,149,1
"org.apache.jackrabbit.core.security.simple.SimpleAccessManager",19,0.07,2.11,108,1.15,27131.67,28,9,21,37,20,140.53,73,149,3,2,119.91,1.00,0.33,0.18,5,96.00,5,3444.09,0,3,17,org.apache.jackrabbit.core.security.AbstractAccessControlManager,0.13,18,1,40,1,18,16,1,35,736,1
"org.apache.jackrabbit.core.security.simple.SimpleLoginModule",4,1.00,1.75,20,0.20,3944.75,5,1,14,8,4,89.00,26,28,1,2,121.22,1.00,0.33,0.25,0,8.00,2,585.92,2,2,3,org.apache.jackrabbit.core.security.authentication.AbstractLoginModule,0.00,4,1,7,1,4,2,0,7,135,1
"org.apache.jackrabbit.core.security.simple.SimpleLoginModule$Authentication",2,0.00,1.00,5,0.03,224.11,2,0,14,2,0,143.63,0,7,0,1,143.63,0.00,0.00,0.00,0,2.00,1,84.24,0,0,0,java.lang.Object,0.00,0,0,2,0,0,2,0,0,26,0
"org.apache.jackrabbit.core.security.simple.SimpleSecurityManager",9,0.12,3.11,103,1.27,59625.54,17,8,42,46,25,59.51,64,124,2,1,101.80,0.00,0.00,0.24,1,23.00,11,3811.20,0,5,24,java.lang.Object,0.00,37,0,28,0,37,4,1,29,693,1
"org.apache.jackrabbit.core.security.simple.SimpleSecurityManager$SimplePrincipalProvider",9,0.75,2.00,46,0.52,15172.91,10,1,42,24,8,119.36,3,67,0,1,119.36,0.00,0.00,0.33,2,18.00,4,1549.90,0,5,8,java.lang.Object,0.00,15,0,18,0,15,4,1,3,340,1
"org.apache.jackrabbit.server.util.HttpMultipartPost",12,0.07,2.58,116,1.25,41056.99,16,4,18,46,1,57.36,108,132,1,1,107.36,0.00,0.00,0.31,4,14.00,5,3744.65,0,7,0,java.lang.Object,0.00,34,0,31,0,34,5,0,15,757,0
"org.apache.jackrabbit.server.util.RequestData",7,0.11,1.43,24,0.28,6742.90,10,3,8,22,3,87.33,55,32,2,1,129.62,0.00,0.00,0.43,0,0.00,2,838.41,0,5,1,java.lang.Object,0.00,15,0,10,0,15,2,0,8,206,1
"org.apache.jackrabbit.core.AbstractConcurrencyTest",6,1.00,3.83,87,1.10,59789.42,7,1,8,30,10,46.45,57,89,9,4,96.45,2.67,0.25,0.17,3,14.00,10,3308.93,0,0,1,org.apache.jackrabbit.test.AbstractJCRTest,0.00,24,3,23,8,24,6,0,14,615,2
"org.apache.jackrabbit.core.AbstractConcurrencyTest$Executor",3,0.25,1.33,16,0.13,1816.98,7,4,8,5,0,122.95,0,23,0,1,122.95,0.00,0.00,0.42,0,1.00,2,380.67,0,1,0,java.lang.Object,0.00,2,0,4,0,2,2,1,0,96,2
"org.apache.jackrabbit.core.AbstractConcurrencyTest$Task",1,0.00,1.00,2,0.02,119.55,1,0,8,1,0,143.41,0,4,0,1,143.41,0.00,0.00,0.00,0,1.00,1,51.02,0,0,0,,0.00,0,0,1,0,0,1,0,0,16,1
"org.apache.jackrabbit.core.AbstractNodeData",9,0.88,1.22,24,0.15,1848.87,10,1,2,12,11,123.64,51,36,7,2,141.51,2.00,0.25,0.22,0,19.00,2,461.60,3,2,4,org.apache.jackrabbit.core.ItemData,0.19,3,1,11,2,3,7,0,11,134,2
"org.apache.jackrabbit.core.BatchedItemOperations",37,0.04,4.81,594,10.76,701183.69,43,6,48,187,39,131.34,783,962,3,2,92.04,0.00,0.50,0.21,17,0.00,29,32281.85,3,13,36,org.apache.jackrabbit.core.ItemValidator,0.00,150,1,178,0,150,24,0,216,5178,1
"org.apache.jackrabbit.core.CachingHierarchyManager",28,0.05,3.86,315,4.28,180514.97,37,9,22,101,19,53.74,231,435,3,2,101.85,1.00,0.33,0.16,12,102.00,9,12836.04,8,5,16,org.apache.jackrabbit.core.HierarchyManagerImpl,0.00,73,1,108,1,73,23,2,74,2379,1
"org.apache.jackrabbit.core.CachingHierarchyManager$LRUEntry",11,0.02,1.82,61,0.50,19463.44,15,4,22,13,2,101.34,61,78,0,1,119.21,0.00,0.00,0.23,2,60.00,5,1509.08,0,4,2,java.lang.Object,0.00,2,0,20,0,2,7,0,15,357,1
"org.apache.jackrabbit.core.CachingHierarchyManager$PathMap.ElementVisitor",1,0.00,2.00,6,0.07,1193.29,1,0,22,5,0,117.59,0,8,0,1,117.59,0.00,0.00,0.00,0,0.00,2,204.38,0,0,0,java.lang.Object,0.00,4,0,2,0,4,1,0,0,49,0
"org.apache.jackrabbit.core.CachingHierarchyManager$PathMap.ElementVisitor_0",1,0.00,3.00,17,0.19,7649.85,1,0,22,8,0,94.27,0,17,0,1,94.27,0.00,0.00,0.00,0,1.00,3,578.13,0,0,0,java.lang.Object,0.00,7,0,3,0,7,1,0,0,114,0
"org.apache.jackrabbit.core.CachingHierarchyManager$PathMapElementCounter",1,0.00,5.00,21,0.29,16021.79,2,1,22,5,0,88.20,0,30,0,1,88.20,0.00,0.00,1.00,0,0.00,5,878.61,0,0,0,java.lang.Object,0.00,4,0,5,0,4,1,1,0,163,0
"org.apache.jackrabbit.core.CachingHierarchyManagerTest",15,0.05,1.33,186,2.74,79157.38,18,3,19,54,20,101.60,69,203,1,2,101.37,0.00,0.50,0.29,3,0.00,4,8210.06,0,2,19,junit.framework.TestCase,0.00,39,1,20,0,39,13,0,21,1579,1
"org.apache.jackrabbit.core.CachingHierarchyManagerTest$Runnable",1,0.00,3.00,7,0.05,939.05,1,0,19,1,0,115.81,0,11,0,1,115.81,0.00,0.00,0.00,0,0.00,3,150.62,0,0,0,java.lang.Object,0.00,0,0,3,0,0,1,0,0,37,0
"org.apache.jackrabbit.core.CachingHierarchyManagerTest$StaticItemStateManager",16,0.03,2.00,96,1.25,45407.88,21,5,19,55,15,96.75,91,132,0,1,114.62,0.00,0.00,0.18,2,76.00,6,3749.02,0,7,15,java.lang.Object,0.00,39,0,32,0,39,9,1,22,784,1
"org.apache.jackrabbit.core.ConcurrencyTest",3,0.00,2.67,40,0.44,22647.86,7,4,7,14,2,138.57,8,42,1,4,98.68,0.00,0.75,0.25,0,4.00,6,1310.14,2,0,1,org.apache.jackrabbit.test.AbstractJCRTest,0.35,11,3,8,0,11,3,0,6,246,1
"org.apache.jackrabbit.core.ConcurrencyTest$TestSession",3,0.33,3.00,51,0.57,25876.47,6,3,7,17,0,143.86,3,62,0,1,93.86,0.00,0.00,0.56,1,0.00,6,1711.16,0,0,0,java.lang.Object,0.00,14,0,9,0,14,3,1,3,304,0
"org.apache.jackrabbit.core.ConcurrentCheckinMixedTransactionTest",1,0.00,1.00,8,0.09,1521.10,3,2,10,3,4,94.38,5,10,2,5,112.25,0.00,0.80,1.00,0,0.00,1,255.81,1,0,2,org.apache.jackrabbit.core.AbstractConcurrencyTest,0.00,2,4,1,0,2,1,0,2,58,1
"org.apache.jackrabbit.core.ConcurrentCheckinMixedTransactionTest$Task",1,0.00,12.00,31,0.42,29895.48,1,0,10,11,2,129.55,1,46,0,1,79.55,0.00,0.00,0.00,0,1.00,12,1253.15,0,0,2,java.lang.Object,0.00,10,0,12,0,10,1,0,1,210,0
"org.apache.jackrabbit.core.ConcurrentLoginTest",1,2.00,6.00,25,0.27,11976.42,3,2,7,11,2,75.97,15,24,1,4,86.33,0.00,0.75,0.00,0,1.00,6,811.19,0,0,1,org.apache.jackrabbit.test.AbstractJCRTest,0.00,10,3,6,0,10,1,0,6,155,1
"org.apache.jackrabbit.core.ConcurrentLoginTest$Runnable",1,0.00,3.00,12,0.10,2650.80,1,0,7,5,0,153.53,1,13,0,1,103.53,0.00,0.00,0.00,0,1.00,3,300.30,0,0,0,java.lang.Object,0.00,4,0,3,0,4,1,0,1,63,0
"org.apache.jackrabbit.core.ConcurrentNodeModificationTest",1,1.00,6.00,36,0.43,23262.01,5,4,7,13,2,40.59,12,34,1,4,78.15,0.00,0.75,0.75,0,0.00,6,1287.41,0,0,1,org.apache.jackrabbit.test.AbstractJCRTest,0.00,12,3,6,0,12,1,0,5,228,1
"org.apache.jackrabbit.core.ConcurrentNodeModificationTest$TestSession",3,0.33,2.33,43,0.49,18557.12,6,3,7,15,0,98.20,2,51,0,1,98.20,0.00,0.00,0.56,1,0.00,4,1456.13,0,0,0,java.lang.Object,0.00,12,0,7,0,12,3,1,2,265,0
"org.apache.jackrabbit.core.ConcurrentReadWriteTest",1,3.00,5.00,33,0.48,22274.13,4,3,10,24,2,79.98,4,36,1,5,79.75,0.00,0.80,0.00,0,0.00,5,1452.68,0,0,1,org.apache.jackrabbit.core.AbstractConcurrencyTest,0.00,23,4,5,0,23,1,0,1,248,1
"org.apache.jackrabbit.core.ConcurrentReadWriteTest$Runnable",1,0.00,2.00,6,0.03,369.78,1,0,10,4,0,121.59,0,8,0,1,121.59,0.00,0.00,0.00,0,0.00,2,100.00,0,0,0,java.lang.Object,0.00,3,0,2,0,3,1,0,0,27,0
"org.apache.jackrabbit.core.ConcurrentReadWriteTest$Runnable$Task",1,0.00,5.00,21,0.27,13084.40,1,0,10,12,0,138.89,1,26,0,1,88.89,0.00,0.00,0.00,0,1.00,5,817.24,0,0,0,java.lang.Object,0.00,11,0,5,0,11,1,0,1,141,0
"org.apache.jackrabbit.core.ConcurrentSaveTest",3,0.12,2.00,29,0.27,7121.22,7,4,8,14,2,129.28,9,38,1,4,108.66,0.00,0.75,0.33,0,2.00,3,798.89,2,0,1,org.apache.jackrabbit.test.AbstractJCRTest,0.35,11,3,6,0,11,3,0,3,178,1
"org.apache.jackrabbit.core.ConcurrentSaveTest$Thread",1,0.00,3.00,15,0.16,3935.02,1,0,8,7,0,148.57,1,16,0,1,98.57,0.00,0.00,0.00,0,0.00,3,465.69,0,0,0,java.lang.Object,0.00,6,0,3,0,6,1,0,1,90,0
"org.apache.jackrabbit.core.ConcurrentSaveTest$Thread_0",1,0.00,4.00,16,0.19,6143.03,1,0,8,7,0,135.82,2,18,0,1,95.93,0.00,0.00,0.00,0,0.00,4,573.66,0,0,0,java.lang.Object,0.00,6,0,4,0,6,1,0,2,107,0
"org.apache.jackrabbit.core.ConcurrentVersioningTest",4,0.00,1.00,15,0.08,859.13,6,2,7,5,2,174.72,11,16,1,5,134.84,0.00,0.80,0.50,0,0.00,1,242.16,1,0,1,org.apache.jackrabbit.core.AbstractConcurrencyTest,0.00,1,4,4,0,1,4,0,3,68,1
"org.apache.jackrabbit.core.ConcurrentVersioningTest$Task",1,0.00,2.00,9,0.08,2015.65,1,0,7,4,0,159.22,1,8,0,1,109.22,0.00,0.00,0.00,0,1.00,2,248.44,0,0,0,java.lang.Object,0.00,3,0,2,0,3,1,0,1,53,0
"org.apache.jackrabbit.core.ConcurrentVersioningTest$Task_0",1,0.00,2.00,12,0.11,2546.07,1,0,7,6,0,103.76,0,11,0,1,103.76,0.00,0.00,0.00,0,1.00,2,315.16,0,0,0,java.lang.Object,0.00,5,0,2,0,5,1,0,0,66,0
"org.apache.jackrabbit.core.ConcurrentVersioningTest$Task_1",1,0.00,2.00,12,0.11,2988.00,1,0,7,6,0,153.22,1,11,0,1,103.22,0.00,0.00,0.00,0,1.00,2,328.00,0,0,0,java.lang.Object,0.00,5,0,2,0,5,1,0,1,68,0
"org.apache.jackrabbit.core.ConcurrentVersioningTest$Task_2",1,0.00,3.00,20,0.22,6623.70,1,0,7,13,0,132.01,2,17,0,1,92.13,0.00,0.00,0.00,0,1.00,3,665.30,0,0,0,java.lang.Object,0.00,12,0,3,0,12,1,0,2,123,0
"org.apache.jackrabbit.core.ConcurrentVersioningWithTransactionsTest",6,0.20,1.50,30,0.25,7334.10,8,2,10,16,4,160.41,17,43,1,5,120.52,0.00,0.80,0.33,0,0.00,3,755.87,1,2,3,org.apache.jackrabbit.core.AbstractConcurrencyTest,0.00,10,4,9,0,10,4,0,5,176,1
"org.apache.jackrabbit.core.ConcurrentVersioningWithTransactionsTest$Task",1,0.00,5.00,20,0.30,15726.18,1,0,10,14,1,109.67,3,24,0,1,89.05,0.00,0.00,0.00,0,1.00,5,911.36,0,0,1,java.lang.Object,0.00,13,0,5,0,13,1,0,3,154,0
"org.apache.jackrabbit.core.ConcurrentVersioningWithTransactionsTest$Task_0",1,0.00,4.00,22,0.30,15439.21,1,0,10,15,1,137.62,1,25,0,1,87.62,0.00,0.00,0.00,0,1.00,4,892.64,0,0,1,java.lang.Object,0.00,14,0,4,0,14,1,0,1,152,0
"org.apache.jackrabbit.core.ConcurrentVersioningWithTransactionsTest$Task_1",1,0.00,4.00,21,0.29,14996.60,1,0,10,15,1,128.36,2,24,0,1,88.47,0.00,0.00,0.00,0,1.00,4,880.68,0,0,1,java.lang.Object,0.00,14,0,4,0,14,1,0,2,150,0
"org.apache.jackrabbit.core.ConcurrentVersioningWithTransactionsTest$Task_2",1,0.00,5.00,27,0.38,20615.41,1,0,10,18,0,103.88,3,28,0,1,83.26,0.00,0.00,0.00,0,1.00,5,1127.25,0,0,0,java.lang.Object,0.00,17,0,5,0,17,1,0,3,186,0
"org.apache.jackrabbit.core.DefaultSecurityManager",11,0.18,4.18,180,2.47,123800.23,24,13,46,81,34,56.29,140,225,1,1,93.85,0.00,0.00,0.24,3,38.00,13,7423.06,0,6,33,java.lang.Object,0.00,70,0,46,0,70,5,1,49,1295,1
"org.apache.jackrabbit.core.DefaultSecurityManager$WorkspaceAccessManagerImpl",3,0.00,1.33,8,0.08,1109.97,3,0,46,5,3,139.72,14,14,0,1,139.48,0.00,0.00,0.00,0,3.00,2,228.31,0,0,3,java.lang.Object,0.00,2,0,4,0,2,3,2,7,58,1
"org.apache.jackrabbit.core.HierarchyManager",11,0.00,1.00,12,0.12,547.91,11,0,4,11,24,128.25,151,18,19,1,157.63,0.00,0.00,0.00,0,11.00,1,354.83,0,5,5,,0.00,0,0,11,0,0,6,0,13,111,1
"org.apache.jackrabbit.core.HierarchyManagerImpl",23,0.01,3.52,271,3.54,180952.65,30,7,21,70,25,58.89,176,387,8,1,101.19,0.00,0.00,0.16,8,128.00,10,10611.61,0,11,17,java.lang.Object,0.00,47,0,81,3,47,12,1,47,1967,1
"org.apache.jackrabbit.core.InternalXAResource",6,0.00,1.00,7,0.04,169.53,6,0,0,6,5,127.35,37,8,4,1,159.57,0.00,0.00,0.00,0,6.00,1,128.53,0,0,2,,0.00,0,0,6,0,0,6,0,7,47,1
"org.apache.jackrabbit.core.ItemData",12,0.18,1.00,33,0.22,2635.83,16,4,2,15,7,123.46,68,46,4,1,141.33,0.00,0.00,0.08,2,52.00,1,660.24,0,3,4,java.lang.Object,0.00,3,0,12,4,3,9,0,17,186,2
"org.apache.jackrabbit.core.ItemId",1,1.00,1.00,3,0.03,343.57,2,1,1,1,61,113.09,14,4,61,1,133.23,0.00,0.00,0.00,0,1.00,1,78.02,0,0,0,java.lang.Object,0.00,0,0,1,2,0,1,1,3,22,2
"org.apache.jackrabbit.core.ItemImpl",37,0.04,4.05,496,7.82,655676.98,48,11,53,180,44,51.54,430,719,15,1,95.67,0.00,0.00,0.13,19,277.00,32,23455.00,0,15,34,java.lang.Object,0.00,143,0,150,4,143,22,1,188,3814,2
"org.apache.jackrabbit.core.ItemLifeCycleListener",3,0.00,1.00,4,0.02,78.51,3,0,0,3,2,115.71,33,5,0,1,159.84,0.00,0.00,0.00,0,3.00,1,73.51,0,0,2,,0.00,0,0,3,0,0,3,0,4,27,1
"org.apache.jackrabbit.core.ItemManager",43,0.05,2.49,341,4.50,135609.12,51,8,37,144,50,61.72,412,494,23,1,111.71,0.00,0.00,0.17,15,413.00,5,13509.31,0,22,34,java.lang.Object,0.00,101,0,107,0,101,21,2,106,2675,1
"org.apache.jackrabbit.core.ItemManager$ShareableNodesCache",7,0.00,2.00,37,0.41,11080.83,8,1,37,19,2,101.70,40,54,0,1,119.57,0.00,0.00,1.00,0,0.00,4,1230.68,0,2,2,java.lang.Object,0.00,12,0,14,0,12,5,0,8,276,0
"org.apache.jackrabbit.core.ItemValidator",19,0.04,3.79,196,2.82,125503.84,35,16,28,71,24,53.31,185,289,7,1,103.31,0.00,0.00,0.10,8,138.00,18,8457.25,0,6,20,java.lang.Object,0.00,52,0,72,1,52,13,0,35,1588,1
"org.apache.jackrabbit.core.JackrabbitRepositoryStub",2,0.67,2.50,30,0.41,16087.00,8,6,8,14,3,135.46,42,37,0,2,96.16,0.00,0.50,0.50,0,2.00,4,1236.21,0,1,3,org.apache.jackrabbit.test.RepositoryStub,0.22,12,1,5,0,12,1,0,13,236,1
"org.apache.jackrabbit.core.LazyItemIterator",11,0.08,2.18,71,0.71,30432.20,17,6,13,23,4,66.58,94,97,2,1,114.69,0.00,0.00,0.24,2,14.00,8,2135.96,0,3,3,java.lang.Object,0.00,12,0,24,0,12,8,2,38,446,0
"org.apache.jackrabbit.core.LockTest",3,3.00,5.00,72,0.74,24317.84,6,3,10,15,3,56.14,19,64,1,4,88.36,0.00,0.75,0.00,0,0.00,5,2209.51,0,0,2,org.apache.jackrabbit.test.AbstractJCRTest,0.00,12,3,15,0,12,3,0,4,410,1
"org.apache.jackrabbit.core.LockTest$Thread",1,1.00,5.00,18,0.22,6869.31,2,1,10,14,1,143.59,1,23,0,1,93.59,0.00,0.00,0.00,0,1.00,5,672.07,0,0,1,java.lang.Object,0.00,13,0,5,0,13,1,0,1,126,0
"org.apache.jackrabbit.core.LockTest$Thread$Locked",1,0.00,2.00,10,0.10,2274.72,1,0,10,7,0,107.10,0,12,0,1,107.10,0.00,0.00,0.00,0,0.00,2,297.51,0,1,0,java.lang.Object,0.00,6,0,2,0,6,0,0,0,63,0
"org.apache.jackrabbit.core.LockTest$Thread_0",1,0.00,5.00,20,0.27,8402.82,2,1,10,13,1,141.19,1,24,0,1,91.19,0.00,0.00,1.00,0,0.00,5,815.15,0,0,1,java.lang.Object,0.00,12,0,5,0,12,1,0,1,147,0
"org.apache.jackrabbit.core.LockTest$Thread_0$Locked_1",1,0.00,1.00,7,0.07,1442.31,1,0,10,6,0,114.60,0,8,0,1,114.60,0.00,0.00,0.00,0,1.00,1,212.33,0,1,0,java.lang.Object,0.00,5,0,1,0,5,0,0,0,48,0
"org.apache.jackrabbit.core.LockTest$Thread_2",1,0.00,6.00,24,0.34,13953.02,2,1,10,14,1,126.35,2,29,0,1,86.46,0.00,0.00,1.00,0,0.00,6,1019.09,0,0,1,java.lang.Object,0.00,13,0,6,0,13,1,0,2,175,0
"org.apache.jackrabbit.core.LockTest$Thread_2$Locked_3",1,0.00,1.00,7,0.07,1442.31,1,0,10,6,0,114.60,0,8,0,1,114.60,0.00,0.00,0.00,0,1.00,1,212.33,0,1,0,java.lang.Object,0.00,5,0,1,0,5,0,0,0,48,0
"org.apache.jackrabbit.core.MoveTest",2,0.00,2.50,32,0.38,16468.56,2,0,5,19,1,77.17,10,36,0,4,95.04,0.00,0.75,0.00,1,2.00,4,1145.38,0,0,1,org.apache.jackrabbit.test.AbstractJCRTest,0.00,17,3,5,0,17,2,0,6,212,1
"org.apache.jackrabbit.core.NamespaceRegistryImpl",16,0.10,2.94,189,2.57,119009.67,28,12,20,59,12,59.13,118,269,5,1,101.42,0.00,0.00,0.18,4,26.00,11,7708.99,0,5,7,java.lang.Object,0.00,43,0,47,0,43,11,3,53,1461,1
"org.apache.jackrabbit.core.NodeData",1,0.00,1.00,3,0.02,96.98,1,0,2,1,3,93.43,11,5,1,3,137.56,0.00,0.67,0.00,0,1.00,1,51.97,0,0,2,org.apache.jackrabbit.core.AbstractNodeData,0.00,0,2,1,0,0,1,0,2,18,0
"org.apache.jackrabbit.core.NodeDataRef",5,0.25,1.00,14,0.10,1143.97,6,1,2,10,4,108.97,31,20,1,3,141.19,0.00,0.67,0.80,0,0.00,1,288.65,1,2,3,org.apache.jackrabbit.core.AbstractNodeData,0.23,5,2,5,0,5,3,0,7,84,0
"org.apache.jackrabbit.core.NodeId",7,0.17,1.57,27,0.21,4279.21,10,3,1,13,156,88.87,50,39,154,2,131.16,0.00,0.50,0.19,0,15.00,3,637.33,0,3,2,org.apache.jackrabbit.core.ItemId,0.25,6,1,11,0,6,4,0,12,162,1
"org.apache.jackrabbit.core.NodeIdIterator",1,0.00,1.00,2,0.01,59.45,1,0,2,1,9,97.32,10,3,8,2,145.80,0.00,0.50,0.00,0,1.00,1,33.60,0,0,1,,0.00,0,1,1,0,0,1,0,2,13,1
"org.apache.jackrabbit.core.NodeImpl",139,0.13,3.77,1898,29.94,1757162.31,142,3,82,501,108,48.36,1489,2726,62,2,96.84,2.00,0.25,0.21,52,3415.00,40,89822.05,11,69,53,org.apache.jackrabbit.core.ItemImpl,0.09,362,1,524,2,362,70,1,661,15047,1
"org.apache.jackrabbit.core.NodeImplTest",4,1.00,2.25,49,0.63,19043.22,5,1,15,29,10,141.48,10,57,1,4,101.60,0.00,0.75,0.00,2,2.00,3,1887.63,1,1,9,org.apache.jackrabbit.test.AbstractJCRTest,0.17,25,3,9,0,25,3,0,4,362,1
"org.apache.jackrabbit.core.PropertyData",3,0.00,1.00,7,0.04,332.27,3,0,2,3,4,111.45,19,11,2,2,143.67,0.00,0.50,0.00,0,3.00,1,122.13,2,2,2,org.apache.jackrabbit.core.ItemData,0.00,0,1,3,0,0,1,0,4,41,1
"org.apache.jackrabbit.core.PropertyId",8,0.04,1.75,42,0.43,14364.07,12,4,2,19,63,76.88,59,58,59,2,119.17,0.00,0.50,0.22,0,18.00,3,1288.02,0,3,4,org.apache.jackrabbit.core.ItemId,0.22,11,1,14,0,11,5,0,14,285,1
"org.apache.jackrabbit.core.PropertyImpl",43,0.35,2.23,321,4.03,158766.28,45,2,31,116,32,111.44,186,450,15,2,111.20,0.00,0.50,0.16,10,307.00,12,12076.74,4,15,20,org.apache.jackrabbit.core.ItemImpl,0.18,73,1,96,0,73,28,1,80,2359,1
"org.apache.jackrabbit.core.ProtectedItemModifier",10,0.44,2.40,73,1.03,29408.64,12,2,17,40,17,161.96,17,96,3,1,111.96,0.00,0.00,0.10,2,26.00,5,3088.14,0,4,17,java.lang.Object,0.00,30,0,24,4,30,6,0,10,622,2
"org.apache.jackrabbit.core.ReadVersionsWhileModified",1,1.00,3.00,14,0.18,4453.72,2,1,5,11,2,51.16,8,18,1,5,99.26,0.00,0.80,0.00,0,0.00,3,546.73,0,0,1,org.apache.jackrabbit.core.AbstractConcurrencyTest,0.00,10,4,3,0,10,1,0,2,107,1
"org.apache.jackrabbit.core.ReadVersionsWhileModified$Runnable",1,0.00,3.00,10,0.12,3179.38,1,0,5,8,0,105.87,0,15,0,1,105.87,0.00,0.00,0.00,0,0.00,3,356.06,0,0,0,java.lang.Object,0.00,7,0,3,0,7,1,0,0,73,0
"org.apache.jackrabbit.core.ReadWhileSaveTest",2,0.00,3.00,34,0.40,11902.45,2,0,14,20,1,115.74,6,38,0,4,95.12,0.00,0.75,0.00,1,0.00,4,1196.65,0,1,1,org.apache.jackrabbit.test.AbstractJCRTest,0.00,18,3,6,0,18,1,0,3,217,1
"org.apache.jackrabbit.core.ReadWhileSaveTest$Runnable",1,0.00,4.00,15,0.15,4391.71,1,0,14,10,0,98.13,0,18,0,1,98.13,0.00,0.00,0.00,0,1.00,4,443.99,0,0,0,java.lang.Object,0.00,9,0,4,0,9,1,0,0,89,0
"org.apache.jackrabbit.core.RepositoryFactoryImpl",2,0.67,3.50,27,0.30,13009.46,5,3,7,8,5,61.57,25,41,2,1,99.13,0.00,0.00,0.67,0,0.00,4,910.73,0,2,3,java.lang.Object,0.00,6,0,7,0,6,0,1,6,190,1
"org.apache.jackrabbit.core.RepositoryImpl",55,0.03,2.40,488,6.57,267514.33,87,32,88,223,86,59.60,583,728,34,2,108.08,0.00,0.50,0.06,22,1357.00,16,19710.15,0,34,58,org.apache.jackrabbit.commons.AbstractRepository,0.00,168,1,132,0,168,21,4,164,3566,1
"org.apache.jackrabbit.core.RepositoryImpl$ExternalEventListener",6,0.00,1.00,13,0.10,1012.30,6,0,88,15,5,162.85,20,20,0,1,142.23,0.00,0.00,0.00,0,6.00,1,288.77,0,4,5,java.lang.Object,0.00,9,0,6,0,9,2,1,8,86,0
"org.apache.jackrabbit.core.RepositoryImpl$WorkspaceInfo",22,0.09,2.82,200,2.20,67289.27,37,15,88,69,21,57.72,214,320,0,1,107.72,0.00,0.00,0.15,7,202.00,10,6593.07,0,10,21,java.lang.Object,0.00,47,0,62,0,47,12,1,67,1287,1
"org.apache.jackrabbit.core.RepositoryImpl$WorkspaceJanitor",2,0.50,3.50,32,0.32,10626.24,4,2,88,9,2,95.99,33,39,0,1,96.46,0.00,0.00,0.75,0,0.00,6,957.01,0,0,2,java.lang.Object,0.00,7,0,7,0,7,2,1,11,185,1
"org.apache.jackrabbit.core.RestoreAndCheckoutTest",1,1.00,3.00,33,0.35,15405.41,2,1,4,11,2,33.02,8,31,1,4,81.13,0.00,0.75,0.00,0,0.00,3,1038.51,0,0,1,org.apache.jackrabbit.test.AbstractJCRTest,0.00,10,3,3,0,10,1,0,4,197,1
"org.apache.jackrabbit.core.RetentionRegistryImplTest",13,0.15,1.85,194,3.02,130588.83,19,6,21,52,14,146.59,18,234,1,5,96.59,0.00,0.80,0.31,1,0.00,5,9049.33,3,1,13,org.apache.jackrabbit.api.jsr283.retention.AbstractRetentionTest,0.26,39,4,24,0,39,12,0,16,1699,1
"org.apache.jackrabbit.core.SearchManager",12,0.09,3.58,150,2.03,98533.35,31,19,37,61,31,89.27,182,216,6,1,99.63,0.00,0.00,0.13,4,0.00,14,6076.71,0,5,25,java.lang.Object,0.00,49,0,43,0,49,7,1,55,1093,1
"org.apache.jackrabbit.core.SearchManager$NodeIdIterator",4,0.67,1.00,10,0.07,749.95,5,1,37,8,1,141.87,0,14,0,1,141.87,0.00,0.00,0.50,1,4.00,1,202.85,0,1,1,java.lang.Object,0.00,4,0,4,0,4,3,0,0,60,0
"org.apache.jackrabbit.core.SearchManager$NodeStateIterator",4,0.67,1.50,19,0.20,5911.16,5,1,37,11,4,123.49,2,26,0,1,123.49,0.00,0.00,0.50,1,4.00,3,611.36,0,2,4,java.lang.Object,0.00,7,0,6,0,7,2,0,2,133,0
"org.apache.jackrabbit.core.SessionImpl",76,0.01,2.26,544,7.23,328419.46,102,26,85,237,143,78.44,520,787,106,2,110.66,2.00,0.25,0.05,17,3470.00,19,21692.60,3,43,50,org.apache.jackrabbit.commons.AbstractSession,0.02,161,1,172,2,161,33,5,188,4060,1
"org.apache.jackrabbit.core.SessionListener",2,0.00,1.00,3,0.01,46.02,2,0,0,2,5,110.28,19,4,5,1,160.28,0.00,0.00,0.00,0,2.00,1,41.02,0,0,1,,0.00,0,0,2,0,0,2,0,3,17,1
"org.apache.jackrabbit.core.ShareableNodeTest",41,0.00,1.34,682,10.35,307221.51,41,0,23,114,4,47.03,415,809,1,4,95.50,0.00,0.75,0.00,2,0.00,4,31044.24,0,2,3,org.apache.jackrabbit.test.AbstractJCRTest,0.00,73,3,55,0,73,39,0,273,5580,1
"org.apache.jackrabbit.core.ShareableNodeTest$EventCounter",3,0.00,1.33,10,0.06,587.50,4,1,23,4,1,135.09,0,15,0,1,135.09,0.00,0.00,1.00,0,0.00,2,167.99,0,0,1,java.lang.Object,0.00,1,0,4,0,1,3,1,0,49,0
"org.apache.jackrabbit.core.SystemSession",4,0.00,1.00,13,0.16,2425.23,4,0,22,11,20,81.29,38,25,6,3,131.29,0.00,0.67,0.00,0,4.00,1,476.46,0,3,16,org.apache.jackrabbit.core.SessionImpl,0.00,7,2,4,0,7,1,0,8,114,0
"org.apache.jackrabbit.core.SystemSession$SystemAccessManager",18,0.94,1.11,37,0.38,5140.73,19,1,22,26,12,140.64,85,66,0,2,140.41,0.00,0.50,0.11,1,46.00,3,1150.04,0,3,12,org.apache.jackrabbit.core.security.AbstractAccessControlManager,0.14,8,1,20,0,8,15,1,31,294,1
"org.apache.jackrabbit.core.TestAll",1,0.00,1.00,11,0.11,3828.97,1,0,3,3,7,61.65,7,13,0,2,103.94,0.00,0.50,0.00,0,1.00,1,341.05,0,1,7,junit.framework.TestCase,0.00,2,1,1,0,2,0,0,2,79,1
"org.apache.jackrabbit.core.TestRepository",4,0.08,2.25,27,0.36,10875.69,8,4,10,15,7,104.38,61,46,4,1,114.74,0.00,0.00,0.31,0,4.00,6,1066.64,0,2,3,java.lang.Object,0.00,11,0,9,0,11,2,0,11,217,1
"org.apache.jackrabbit.core.TestRepository$Repository",6,0.00,1.00,13,0.11,1577.78,6,0,10,9,0,140.71,0,21,0,1,140.71,0.00,0.00,0.00,0,6.00,1,342.72,0,6,0,java.lang.Object,0.00,3,0,6,0,3,0,0,0,96,0
"org.apache.jackrabbit.core.TransactionContext",16,0.07,2.31,132,1.33,53141.34,31,15,8,37,11,61.29,130,160,9,2,109.39,0.00,0.50,0.13,6,124.00,7,3982.34,0,2,3,Timer.Task,0.00,21,1,37,0,21,14,0,33,789,1
"org.apache.jackrabbit.core.TransactionException",2,0.00,1.00,5,0.03,221.18,2,0,0,2,7,95.57,16,8,7,2,143.68,0.00,0.50,0.00,0,2.00,1,88.69,0,0,0,java.lang.Exception,0.00,0,1,2,0,0,2,0,3,29,1
"org.apache.jackrabbit.core.TransientRepository",15,0.06,1.40,80,0.88,20038.77,25,10,21,46,10,82.67,185,155,4,1,120.23,0.00,0.00,0.15,3,48.00,3,2635.93,0,6,6,java.lang.Object,0.00,31,0,21,0,31,9,2,43,576,1
"org.apache.jackrabbit.core.TransientRepository$RepositoryFactory",1,0.00,1.00,2,0.01,38.26,1,0,21,1,1,105.02,7,3,0,1,147.31,0.00,0.00,0.00,0,1.00,1,25.51,0,0,1,,0.00,0,0,1,0,0,1,0,1,11,1
"org.apache.jackrabbit.core.TransientRepository$RepositoryFactory_0",1,0.00,1.00,3,0.02,222.80,1,0,21,2,1,134.71,0,0,0,1,134.71,0.00,0.00,0.00,0,1.00,1,58.19,0,0,1,java.lang.Object,0.00,1,0,1,0,1,1,0,0,18,0
"org.apache.jackrabbit.core.TransientRepository$RepositoryFactory_1",1,0.00,5.00,21,0.28,13441.47,1,0,21,12,4,88.80,0,0,0,1,88.80,0.00,0.00,0.00,0,0.00,5,848.93,0,0,4,java.lang.Object,0.00,11,0,5,0,11,1,0,0,153,0
"org.apache.jackrabbit.core.TransientRepositoryTest",3,0.00,1.00,12,0.10,1198.92,4,1,5,10,2,95.83,19,17,1,2,128.05,0.00,0.50,1.00,0,0.00,1,297.84,0,0,1,junit.framework.TestCase,0.00,7,1,3,0,7,3,0,5,76,1
"org.apache.jackrabbit.core.TransientRepositoryTest$TransientRepository.RepositoryFactory",1,0.00,1.00,3,0.02,176.32,1,0,5,2,1,135.51,0,4,0,1,135.51,0.00,0.00,0.00,0,1.00,1,57.02,0,1,1,java.lang.Object,0.00,1,0,1,0,1,0,0,0,18,0
"org.apache.jackrabbit.core.UserTransactionImpl",8,0.20,2.50,75,0.93,36218.52,13,5,13,29,16,74.18,48,111,14,1,106.41,0.00,0.00,0.38,0,0.00,6,2793.02,0,0,2,java.lang.Object,0.00,21,0,20,0,21,8,1,14,530,1
"org.apache.jackrabbit.core.UserTransactionImpl$Thread",1,0.00,2.00,6,0.05,718.61,1,0,13,4,0,119.32,0,9,0,1,119.32,0.00,0.00,0.00,0,0.00,2,152.95,0,0,0,java.lang.Object,0.00,3,0,2,0,3,1,0,0,37,0
"org.apache.jackrabbit.core.UserTransactionImpl$TimeBomb",1,0.00,1.00,3,0.01,96.66,1,0,13,2,0,137.57,0,4,0,1,137.57,0.00,0.00,0.00,0,1.00,1,43.31,0,0,0,java.lang.Object,0.00,1,0,1,0,1,1,0,0,15,0
"org.apache.jackrabbit.core.UserTransactionImpl$XidImpl",4,1.00,1.00,10,0.06,808.47,5,1,13,4,0,162.23,15,15,0,1,141.61,0.00,0.00,0.25,0,6.00,1,193.11,0,0,0,java.lang.Object,0.00,0,0,4,0,0,4,1,5,57,0
"org.apache.jackrabbit.core.WorkspaceImpl",32,0.09,2.59,308,4.15,186965.85,43,11,51,119,47,57.05,350,478,14,2,105.52,1.00,0.33,0.18,7,0.00,12,12460.83,0,19,37,org.apache.jackrabbit.commons.AbstractWorkspace,0.00,87,1,83,1,87,13,3,106,2254,1
"org.apache.jackrabbit.core.WorkspaceImpl$VersionSelector",1,0.00,2.00,6,0.06,1535.64,1,0,51,4,1,156.61,2,8,0,1,116.72,0.00,0.00,0.00,0,1.00,2,190.84,0,1,1,java.lang.Object,0.00,3,0,2,0,3,0,0,2,45,0
"org.apache.jackrabbit.core.XASession",0,0.00,0.00,1,0.02,139.52,0,0,0,0,1,171.00,3,2,1,2,171.00,0.00,0.50,0.00,0,0.00,0,46.51,0,0,0,,0.00,0,1,0,0,0,0,0,1,14,1
"org.apache.jackrabbit.core.XASessionImpl",22,0.04,2.09,132,1.49,43161.27,30,8,21,53,18,73.58,164,186,2,3,115.87,0.00,0.67,0.09,5,214.00,9,4469.32,2,5,17,org.apache.jackrabbit.core.SessionImpl,0.08,31,2,46,0,31,17,2,35,944,1
"org.apache.jackrabbit.core.XATest",42,0.85,1.83,677,8.40,319313.44,43,1,15,110,3,46.91,458,785,1,4,95.38,0.00,0.75,0.17,2,0.00,5,25210.27,4,0,2,org.apache.jackrabbit.test.AbstractJCRTest,0.13,68,3,77,0,68,42,0,297,4650,1
"org.apache.jackrabbit.core.XATest$Operation",1,0.00,1.00,4,0.03,341.48,1,0,15,4,0,128.59,0,5,0,1,128.59,0.00,0.00,0.00,0,1.00,1,97.86,0,0,0,java.lang.Object,0.00,3,0,1,0,3,1,0,0,27,0
"org.apache.jackrabbit.core.XATest$Operation_0",1,0.00,1.00,5,0.05,791.76,1,0,15,4,0,122.10,0,6,0,1,122.10,0.00,0.00,0.00,0,1.00,1,159.62,0,0,0,java.lang.Object,0.00,3,0,1,0,3,1,0,0,38,0
"org.apache.jackrabbit.core.XATest$Operation_1",1,0.00,1.00,4,0.03,341.48,1,0,15,4,0,128.59,0,5,0,1,128.59,0.00,0.00,0.00,0,1.00,1,97.86,0,0,0,java.lang.Object,0.00,3,0,1,0,3,1,0,0,27,0
"org.apache.jackrabbit.core.XATest$Operation_2",1,0.00,1.00,4,0.04,441.18,1,0,15,4,0,127.72,0,5,0,1,127.72,0.00,0.00,0.00,0,1.00,1,110.19,0,0,0,java.lang.Object,0.00,3,0,1,0,3,1,0,0,29,0
"org.apache.jackrabbit.core.XATest$Operation_3",1,0.00,1.00,4,0.04,386.40,1,0,15,5,0,128.17,0,5,0,1,128.17,0.00,0.00,0.00,0,1.00,1,112.00,0,0,0,java.lang.Object,0.00,4,0,1,0,4,1,0,0,30,0
"org.apache.jackrabbit.core.XATest$Operation_4",1,0.00,1.00,2,0.01,42.34,1,0,15,1,0,129.09,5,3,0,1,146.96,0.00,0.00,0.00,0,1.00,1,30.34,0,0,0,,0.00,0,0,1,0,0,1,0,1,12,0
"org.apache.jackrabbit.core.XAWorkspace",2,0.00,1.00,5,0.05,510.47,2,0,4,4,8,98.53,14,10,1,3,140.82,0.00,0.67,0.00,0,2.00,1,158.17,0,1,7,org.apache.jackrabbit.core.WorkspaceImpl,0.00,2,2,2,0,2,1,0,3,43,1
"org.apache.jackrabbit.core.ZombieHierarchyManager",6,0.80,2.17,31,0.36,7942.90,7,1,8,19,12,72.06,48,54,2,2,120.17,0.00,0.50,0.33,0,10.00,3,1083.07,4,3,10,org.apache.jackrabbit.core.HierarchyManagerImpl,0.00,13,1,13,0,13,3,0,19,250,1
"org.apache.jackrabbit.test.rmi.RemoteAdapterTest",24,0.37,1.46,227,2.38,52379.85,29,5,48,87,23,66.73,184,254,0,2,109.02,0.00,0.50,0.55,5,0.00,6,7136.20,0,1,23,junit.framework.TestCase,0.00,63,1,35,0,63,23,0,80,1468,1
"org.apache.jackrabbit.ocm.nodemanagement.impl.jackrabbit.NamespaceHelper",5,1.00,2.00,25,0.27,9239.70,6,1,5,12,5,101.17,26,52,1,2,119.04,0.00,0.50,0.20,1,11.00,5,800.57,0,3,4,org.apache.jackrabbit.ocm.nodemanagement.impl.BaseNamespaceHelper,0.00,7,1,10,0,7,2,0,8,175,1
"org.apache.jackrabbit.ocm.nodemanagement.impl.jackrabbit.NodeTypeManagerImpl",27,0.35,2.33,210,3.36,164072.58,29,2,33,127,24,130.10,106,385,1,1,109.49,0.00,0.00,0.17,12,140.00,13,10091.53,0,8,23,java.lang.Object,0.00,100,0,63,0,100,19,1,27,1878,1
"org.apache.jackrabbit.ocm.nodemanagement.impl.jackrabbit.NodeTypeManagerImplTest",23,0.48,1.52,331,4.20,109105.91,25,2,16,79,9,119.82,72,401,1,3,99.20,0.00,0.67,0.04,5,0.00,3,12594.09,1,4,8,org.apache.jackrabbit.ocm.nodemanagement.TestBase,0.00,56,2,35,0,56,19,0,31,2337,1
"org.apache.jackrabbit.ocm.exception.CustomNodeTypeCreationException",3,1.00,1.00,8,0.05,522.16,4,1,0,3,3,99.83,23,12,2,4,142.13,0.00,0.75,0.00,0,3.00,1,160.30,0,0,1,org.apache.jackrabbit.ocm.exception.JcrMappingException,0.00,0,3,3,0,0,3,0,5,48,1
"org.apache.jackrabbit.ocm.exception.IllegalUnlockException",3,0.17,1.00,12,0.08,1173.43,6,3,0,3,3,110.25,15,16,2,5,128.13,0.00,0.80,0.22,0,5.00,1,240.82,0,2,1,org.apache.jackrabbit.ocm.exception.LockingException,0.00,0,4,3,0,0,1,0,4,66,1
"org.apache.jackrabbit.ocm.exception.IncorrectAtomicTypeException",3,1.00,1.00,8,0.05,522.16,4,1,0,3,18,182.01,7,12,17,4,142.13,0.00,0.75,0.00,0,3.00,1,160.30,0,0,1,org.apache.jackrabbit.ocm.exception.JcrMappingException,0.00,0,3,3,0,0,3,0,2,48,1
"org.apache.jackrabbit.ocm.exception.IncorrectPersistentClassException",3,0.00,1.00,7,0.04,296.18,3,0,0,3,4,194.07,5,11,3,4,144.07,0.00,0.75,0.00,0,3.00,1,118.69,0,0,1,org.apache.jackrabbit.ocm.exception.JcrMappingException,0.00,0,3,3,0,0,3,0,1,39,1
"org.apache.jackrabbit.ocm.exception.InitMapperException",3,1.00,1.00,8,0.05,522.16,4,1,0,3,4,99.83,23,12,3,4,142.13,0.00,0.75,0.00,0,3.00,1,160.30,0,0,1,org.apache.jackrabbit.ocm.exception.JcrMappingException,0.00,0,3,3,0,0,3,0,5,48,1
"org.apache.jackrabbit.ocm.exception.InvalidQueryException",1,0.00,1.00,3,0.03,287.09,1,0,0,2,2,123.49,15,5,1,4,133.85,0.00,0.75,0.00,0,1.00,1,87.21,0,0,1,org.apache.jackrabbit.ocm.exception.ObjectContentManagerException,0.00,1,3,1,0,1,1,0,2,26,1
"org.apache.jackrabbit.ocm.exception.JcrMappingException",3,1.00,1.00,8,0.06,577.71,4,1,0,3,36,93.67,24,12,35,3,141.78,2.00,0.29,0.00,0,3.00,1,165.70,0,0,1,org.apache.jackrabbit.ocm.exception.NestableRuntimeException,0.00,0,2,3,4,0,3,0,5,49,1
"org.apache.jackrabbit.ocm.exception.LockedException",3,0.25,1.00,11,0.06,885.75,5,2,0,3,3,133.99,13,15,2,5,133.75,0.00,0.80,0.33,0,5.00,1,194.98,0,2,1,org.apache.jackrabbit.ocm.exception.LockingException,0.00,0,4,3,0,0,1,0,3,57,1
"org.apache.jackrabbit.ocm.exception.LockingException",0,0.00,0.00,1,0.01,49.13,0,0,0,0,3,171.00,5,2,2,4,171.00,0.67,0.50,0.00,0,0.00,0,19.65,0,0,1,org.apache.jackrabbit.ocm.exception.ObjectContentManagerException,0.00,0,3,0,2,0,0,0,1,7,2
"org.apache.jackrabbit.ocm.exception.NestableRuntimeException",8,2.00,1.50,30,0.26,4971.34,10,2,2,14,3,113.24,45,45,3,2,131.11,12.00,0.07,0.00,1,8.00,2,787.31,2,2,0,java.lang.RuntimeException,0.00,6,1,12,12,6,6,0,15,200,1
"org.apache.jackrabbit.ocm.exception.ObjectContentManagerException",4,1.00,1.00,9,0.06,589.71,5,1,0,4,29,110.47,26,14,28,3,142.69,2.00,0.29,0.00,0,4.00,1,173.70,0,0,1,org.apache.jackrabbit.ocm.exception.NestableRuntimeException,0.00,0,2,4,4,0,4,0,6,53,1
"org.apache.jackrabbit.ocm.exception.RepositoryException",4,1.00,1.00,9,0.06,534.16,5,1,0,4,19,110.81,26,14,18,3,143.03,0.50,0.50,0.00,0,4.00,1,168.30,0,0,1,org.apache.jackrabbit.ocm.exception.NestableRuntimeException,0.00,0,2,4,1,0,4,0,6,52,1
"org.apache.jackrabbit.ocm.exception.VersionException",3,1.00,1.00,8,0.06,577.71,4,1,0,3,3,99.49,23,12,2,4,141.78,0.00,0.75,0.00,0,3.00,1,165.70,0,0,1,org.apache.jackrabbit.ocm.exception.RepositoryException,0.00,0,3,3,0,0,3,0,5,49,1
"org.apache.jackrabbit.jcr.AccessManager",5,6.00,1.00,12,0.14,1778.07,11,6,6,5,8,95.55,55,13,5,1,139.68,0.00,0.00,0.00,0,5.00,1,419.79,0,0,3,,0.00,0,0,5,0,0,5,0,7,109,1
"org.apache.jackrabbit.jcr.SecurityConstants",0,0.00,0.00,2,0.01,87.17,1,1,0,0,0,171.00,10,4,0,1,171.00,0.00,0.00,0.00,0,0.00,0,34.87,0,0,0,,0.00,0,0,0,0,0,0,0,2,11,1
"org.apache.jackrabbit.core.persistence.bundle.AbstractBundlePersistenceManager",33,0.00,2.73,292,4.14,295660.92,47,14,33,115,30,63.67,259,397,3,1,105.96,0.00,0.00,0.07,13,370.00,27,12408.31,0,16,27,java.lang.Object,0.00,82,0,90,9,82,17,3,72,2314,2
"org.apache.jackrabbit.core.persistence.bundle.BundleDbPersistenceManager",65,0.02,2.49,594,8.14,477577.69,98,33,49,209,31,62.46,470,812,7,2,104.75,7.00,0.11,0.05,17,1957.00,22,24428.82,5,23,24,org.apache.jackrabbit.core.persistence.bundle.AbstractBundlePersistenceManager,0.06,144,1,162,7,144,42,0,152,4317,1
"org.apache.jackrabbit.core.persistence.bundle.BundleDbPersistenceManager$CloseableBLOBStore",1,0.00,1.00,2,0.01,64.15,1,0,49,1,0,145.54,0,3,0,2,145.54,0.00,0.50,0.00,0,1.00,1,30.46,0,0,0,,0.00,0,1,1,0,0,1,0,0,12,2
"org.apache.jackrabbit.core.persistence.bundle.BundleDbPersistenceManager$DbBlobStore",6,0.16,1.50,45,0.60,15626.31,11,5,49,26,1,133.10,21,55,0,1,112.48,0.00,0.00,0.33,0,0.00,3,1788.25,0,2,1,java.lang.Object,0.00,20,0,9,0,20,4,1,10,370,1
"org.apache.jackrabbit.core.persistence.bundle.BundleDbPersistenceManager$DbBlobStore$FilterInputStream",1,0.00,1.00,4,0.02,218.17,1,0,49,3,0,180.12,1,5,0,1,130.12,0.00,0.00,0.00,0,1.00,1,68.97,0,0,0,java.lang.Object,0.00,2,0,1,0,2,1,0,1,21,0
"org.apache.jackrabbit.core.persistence.bundle.BundleDbPersistenceManager$FSBlobStore",3,1.00,1.33,11,0.09,1127.40,4,1,49,6,3,132.86,1,17,0,2,132.86,0.00,0.50,0.33,0,4.00,2,256.14,0,1,3,org.apache.jackrabbit.core.persistence.util.FileSystemBLOBStore,0.00,3,1,4,0,3,2,1,1,69,1
"org.apache.jackrabbit.core.persistence.bundle.BundleDbPersistenceManager$ListNodeIdIterator",5,0.38,1.20,15,0.11,1644.15,7,2,49,10,3,133.34,0,22,0,1,133.34,0.00,0.00,0.20,1,8.00,2,335.10,0,2,3,java.lang.Object,0.00,5,0,6,0,5,3,1,0,91,1
"org.apache.jackrabbit.core.persistence.bundle.BundleFsPersistenceManager",25,0.03,2.52,231,3.06,123812.70,34,9,32,97,22,73.87,151,306,1,2,106.10,0.00,0.50,0.14,5,244.00,7,9165.79,3,11,21,org.apache.jackrabbit.core.persistence.bundle.AbstractBundlePersistenceManager,0.07,72,1,63,0,72,14,0,41,1730,1
"org.apache.jackrabbit.core.persistence.bundle.BundleFsPersistenceManager$CloseableBLOBStore",1,0.00,1.00,2,0.01,64.15,1,0,32,1,0,145.54,0,3,0,2,145.54,0.00,0.50,0.00,0,1.00,1,30.46,0,0,0,,0.00,0,1,1,0,0,1,0,0,12,2
"org.apache.jackrabbit.core.persistence.bundle.BundleFsPersistenceManager$FSBlobStore",3,1.00,1.33,11,0.09,1158.56,4,1,32,6,3,132.77,1,17,0,2,132.77,0.00,0.50,0.33,0,4.00,2,265.04,0,1,3,org.apache.jackrabbit.core.persistence.util.FileSystemBLOBStore,0.00,3,1,4,0,3,2,1,1,71,1
"org.apache.jackrabbit.core.persistence.bundle.BundleFsPersistenceManager$FileNodeIdIterator",5,0.38,1.20,15,0.11,1931.21,7,2,32,9,2,132.79,0,22,0,1,132.79,0.00,0.00,0.20,1,8.00,2,338.47,0,2,2,java.lang.Object,0.00,4,0,6,0,4,3,1,0,92,2
"org.apache.jackrabbit.core.persistence.bundle.CachingPersistenceManager",1,0.00,1.00,2,0.01,30.51,1,0,1,1,3,99.60,10,3,2,1,148.08,0.00,0.00,0.00,0,1.00,1,25.51,0,0,1,,0.00,0,0,1,0,0,1,0,2,11,1
"org.apache.jackrabbit.core.persistence.bundle.DerbyPersistenceManager",14,0.00,1.57,64,0.78,17101.46,21,7,7,33,2,86.57,178,99,0,3,124.13,0.00,0.67,0.14,0,78.00,5,2342.49,11,5,2,org.apache.jackrabbit.core.persistence.bundle.BundleDbPersistenceManager,0.08,19,2,22,0,19,9,0,33,503,1
"org.apache.jackrabbit.core.persistence.bundle.H2PersistenceManager",5,0.75,1.80,23,0.23,3666.38,6,1,4,13,2,83.55,39,35,0,3,125.84,0.00,0.67,0.40,0,7.00,5,687.20,10,1,2,org.apache.jackrabbit.core.persistence.bundle.BundleDbPersistenceManager,0.03,8,2,9,0,8,4,0,8,156,1
"org.apache.jackrabbit.core.persistence.bundle.MSSqlPersistenceManager",4,0.67,1.25,14,0.12,2249.19,5,1,1,7,2,89.20,29,21,0,3,131.50,0.00,0.67,0.50,0,4.00,2,361.21,3,2,2,org.apache.jackrabbit.core.persistence.bundle.BundleDbPersistenceManager,0.00,3,2,5,0,3,2,0,4,92,1
"org.apache.jackrabbit.core.persistence.bundle.MySqlPersistenceManager",1,0.00,3.00,7,0.06,831.10,1,0,1,1,2,155.53,21,11,0,3,116.23,0.00,0.67,0.00,0,1.00,3,178.03,5,0,2,org.apache.jackrabbit.core.persistence.bundle.BundleDbPersistenceManager,0.00,0,2,3,0,0,1,0,3,43,1
"org.apache.jackrabbit.core.persistence.bundle.Oracle9PersistenceManager",7,0.08,2.43,67,1.09,42447.30,11,4,20,39,6,56.94,70,98,0,4,105.41,0.00,0.75,0.32,1,0.00,6,3275.05,3,2,6,org.apache.jackrabbit.core.persistence.bundle.OraclePersistenceManager,0.00,32,3,17,0,32,5,0,22,594,1
"org.apache.jackrabbit.core.persistence.bundle.Oracle9PersistenceManager$OracleBLOBStore",2,0.00,2.50,15,0.20,7702.17,2,0,20,7,0,150.92,4,24,0,2,111.03,0.00,0.50,0.00,0,2.00,4,596.79,0,0,0,org.apache.jackrabbit.core.persistence.bundle.DbBlobStore,0.00,5,1,5,0,5,2,0,2,113,0
"org.apache.jackrabbit.core.persistence.bundle.OraclePersistenceManager",8,0.19,2.25,56,0.64,18654.42,11,3,8,29,6,70.48,61,76,1,3,112.77,0.50,0.50,0.17,0,14.00,7,1911.70,10,3,5,org.apache.jackrabbit.core.persistence.bundle.BundleDbPersistenceManager,0.08,21,2,18,1,21,5,0,17,383,1
"org.apache.jackrabbit.core.persistence.bundle.PostgreSQLPersistenceManager",4,1.00,2.00,32,0.38,12572.86,5,1,14,20,8,61.51,33,48,0,3,109.61,0.00,0.67,0.25,0,6.00,3,1137.16,5,2,8,org.apache.jackrabbit.core.persistence.bundle.BundleDbPersistenceManager,0.06,16,2,8,0,16,2,0,6,220,1
"org.apache.jackrabbit.ocm.testmodel.crossreference.Node",6,0.20,1.00,16,0.12,1765.06,9,3,4,6,1,180.22,17,28,0,1,140.33,0.00,0.00,0.17,0,18.00,1,362.51,0,2,1,java.lang.Object,0.00,0,0,6,0,0,4,0,5,99,1
"org.apache.jackrabbit.jca.AnonymousConnection",21,0.30,1.05,47,0.43,5913.36,24,3,11,23,1,180.36,54,70,1,1,140.47,0.00,0.00,0.05,0,59.00,2,1292.55,0,6,0,java.lang.Object,0.00,2,0,22,0,2,15,2,21,339,1
"org.apache.jackrabbit.jca.JCAConnectionManager",1,0.00,1.00,4,0.05,759.37,1,0,5,3,1,83.57,7,7,1,1,125.86,0.00,0.00,0.00,0,1.00,1,144.99,0,1,0,java.lang.Object,0.00,2,0,1,0,2,0,1,2,36,2
"org.apache.jackrabbit.jca.JCAConnectionRequestInfo",12,0.27,2.17,66,0.62,20575.09,14,2,5,24,5,139.90,46,85,5,1,119.28,0.00,0.00,0.25,2,32.00,4,1874.43,0,3,0,java.lang.Object,0.00,12,0,26,0,12,9,1,15,446,2
"org.apache.jackrabbit.jca.JCAManagedConnection",33,0.08,1.48,136,1.23,25713.03,40,7,16,70,6,146.29,129,205,3,1,125.68,0.00,0.00,0.07,8,426.00,7,3684.20,0,12,6,java.lang.Object,0.00,37,0,49,0,37,21,2,42,870,2
"org.apache.jackrabbit.jca.JCAManagedConnectionFactory",23,0.07,1.78,106,1.04,28168.59,28,5,13,44,10,124.33,93,155,4,1,124.09,0.00,0.00,0.13,6,169.00,5,3131.73,0,11,8,java.lang.Object,0.00,21,0,41,0,21,12,1,29,707,2
"org.apache.jackrabbit.jca.JCARepositoryHandle",10,0.19,1.50,37,0.36,10914.20,13,3,11,17,3,129.42,42,57,2,1,129.19,0.00,0.00,0.17,1,30.00,6,1090.80,0,8,2,java.lang.Object,0.00,7,0,15,0,7,2,3,14,262,2
"org.apache.jackrabbit.jca.JCARepositoryManager",8,0.18,1.38,36,0.34,7216.00,12,4,9,20,5,92.98,49,50,3,1,125.20,0.00,0.00,0.09,2,26.00,2,1012.16,0,3,2,java.lang.Object,0.00,12,0,11,0,12,5,0,12,242,2
"org.apache.jackrabbit.jca.JCARepositoryManager$Reference",7,0.06,2.71,48,0.49,16254.45,10,3,9,20,2,115.47,34,70,0,1,115.24,0.00,0.00,0.38,1,11.00,6,1458.73,0,1,2,java.lang.Object,0.00,13,0,19,0,13,6,0,11,325,2
"org.apache.jackrabbit.jca.JCAResourceAdapter",5,1.00,1.00,10,0.10,1041.10,6,1,7,8,1,181.40,10,16,0,1,141.51,0.00,0.00,0.20,0,8.00,1,302.22,0,1,1,java.lang.Object,0.00,3,0,5,0,3,4,1,3,83,1
"org.apache.jackrabbit.jca.JCASessionHandle",36,0.94,1.00,74,0.78,9820.02,37,1,29,67,3,161.20,117,138,2,1,140.59,0.00,0.00,0.08,1,126.00,1,2330.13,0,17,2,java.lang.Object,0.00,31,0,36,0,31,19,1,39,621,2
"org.apache.jackrabbit.jca.TransactionBoundXAResource",11,0.00,1.09,33,0.30,4832.93,14,3,3,22,1,132.37,1,49,1,1,132.37,0.00,0.00,0.33,0,0.00,2,908.37,0,1,1,java.lang.Object,0.00,11,0,12,0,11,10,1,1,234,1
"org.apache.jackrabbit.core.cluster.ChangeLogRecord",23,0.02,1.87,165,2.02,60455.05,37,14,18,85,18,70.11,178,230,6,2,112.40,0.00,0.50,0.09,7,141.00,8,6073.13,0,5,13,org.apache.jackrabbit.core.cluster.ClusterRecord,0.23,62,1,43,0,62,18,0,41,1225,1
"org.apache.jackrabbit.core.cluster.ClusterContext",5,0.00,1.00,6,0.03,111.00,5,0,4,5,6,128.18,32,7,4,1,160.40,0.00,0.00,0.00,0,5.00,1,82.00,0,3,2,,0.00,0,0,5,0,0,2,0,6,33,1
"org.apache.jackrabbit.core.cluster.ClusterException",2,0.00,1.00,5,0.03,221.18,2,0,0,2,3,93.68,18,8,3,2,143.68,0.00,0.50,0.00,0,2.00,1,88.69,0,0,0,java.lang.Exception,0.00,0,1,2,0,0,2,0,3,29,1
"org.apache.jackrabbit.core.cluster.ClusterNode",32,0.05,3.22,337,4.09,141719.14,57,25,29,122,43,72.49,212,477,7,1,104.72,0.00,0.00,0.09,4,238.00,8,12267.46,0,6,37,java.lang.Object,0.00,90,0,103,0,90,26,6,63,2325,1
"org.apache.jackrabbit.core.cluster.ClusterNode$WorkspaceLockChannel",4,0.33,2.75,34,0.40,10790.91,5,1,29,7,9,110.30,17,50,0,1,110.06,0.00,0.00,0.75,0,0.00,4,1186.69,0,2,9,java.lang.Object,0.00,3,0,11,0,3,2,1,5,235,0
"org.apache.jackrabbit.core.cluster.ClusterNode$WorkspaceUpdateChannel",6,0.00,3.67,72,0.83,29785.26,8,2,29,20,7,101.58,26,102,0,1,101.34,0.00,0.00,0.50,0,0.00,6,2502.15,0,0,7,java.lang.Object,0.00,14,0,22,0,14,6,1,8,476,0
"org.apache.jackrabbit.core.cluster.ClusterOperation",1,0.00,1.00,2,0.01,30.51,1,0,0,1,4,103.95,11,3,4,1,148.08,0.00,0.00,0.00,0,1.00,1,25.51,0,0,0,,0.00,0,0,1,0,0,1,0,2,11,1
"org.apache.jackrabbit.core.cluster.ClusterRecord",12,0.09,1.08,32,0.23,3316.28,15,3,2,19,13,108.30,78,43,10,1,140.53,0.00,0.00,0.25,3,28.00,2,703.72,0,1,3,java.lang.Object,0.00,7,0,13,5,7,11,0,16,192,2
"org.apache.jackrabbit.core.cluster.ClusterRecordDeserializer",1,0.00,7.00,25,0.30,17876.12,1,0,2,11,10,36.44,10,38,2,1,84.92,0.00,0.00,0.00,0,1.00,7,896.76,0,1,8,java.lang.Object,0.00,10,0,7,0,10,0,0,2,171,1
"org.apache.jackrabbit.core.cluster.ClusterRecordDeserializer$ClusterRecord",3,0.00,1.00,4,0.02,81.72,3,0,2,3,1,209.70,3,7,0,1,159.70,0.00,0.00,0.00,0,3.00,1,54.48,0,0,1,java.lang.Object,0.00,0,0,3,0,0,3,0,3,22,0
"org.apache.jackrabbit.core.cluster.ClusterRecordProcessor",5,0.00,1.00,6,0.04,159.39,5,0,0,5,10,126.94,31,7,10,1,159.16,0.00,0.00,0.00,0,5.00,1,106.26,0,0,5,,0.00,0,0,5,0,0,5,0,6,39,1
"org.apache.jackrabbit.core.cluster.ClusterRecordTest",11,0.25,1.27,108,1.61,32335.60,17,6,18,64,20,75.82,66,125,1,3,108.04,0.00,0.67,0.39,0,0.00,3,4839.44,2,1,19,org.apache.jackrabbit.test.JUnitTest,0.00,53,2,14,0,53,10,0,18,945,1
"org.apache.jackrabbit.core.cluster.ClusterSession",34,0.94,1.03,70,0.56,7576.01,35,1,11,37,3,161.89,111,110,3,1,141.27,0.00,0.00,0.09,0,118.00,2,1691.70,0,15,0,java.lang.Object,0.00,3,0,35,0,3,19,1,36,472,0
"org.apache.jackrabbit.core.cluster.ClusterTest",3,0.25,1.33,23,0.28,5923.62,5,2,8,18,8,71.17,21,28,1,3,113.46,0.00,0.67,0.67,0,0.00,2,825.11,2,0,7,org.apache.jackrabbit.test.JUnitTest,0.00,15,2,4,0,15,3,0,6,177,1
"org.apache.jackrabbit.core.cluster.DefaultClusterOperation",3,0.25,1.00,10,0.07,848.91,5,2,0,4,4,91.60,23,15,2,1,133.90,0.00,0.00,0.33,0,5.00,1,210.74,0,1,3,java.lang.Object,0.00,1,0,3,0,1,2,1,6,60,1
"org.apache.jackrabbit.core.cluster.LockEventChannel",3,0.00,1.00,4,0.02,79.24,3,0,1,3,8,109.80,27,5,5,1,159.80,0.00,0.00,0.00,0,3.00,1,74.24,0,2,3,,0.00,0,0,3,0,0,1,0,4,27,1
"org.apache.jackrabbit.core.cluster.LockEventListener",2,0.00,1.00,3,0.03,115.53,2,0,2,2,6,107.13,18,4,5,1,157.13,0.00,0.00,0.00,0,2.00,1,77.02,0,0,1,,0.00,0,0,2,0,0,2,0,3,25,1
"org.apache.jackrabbit.core.cluster.LockRecord",11,0.06,1.18,43,0.33,4691.02,16,5,3,19,10,90.16,80,57,6,2,132.45,0.00,0.50,0.25,0,26.00,2,986.55,0,3,5,org.apache.jackrabbit.core.cluster.ClusterRecord,0.26,8,1,13,0,8,8,0,17,249,1
"org.apache.jackrabbit.core.cluster.NamespaceEventChannel",2,0.00,1.00,3,0.02,70.51,2,0,0,2,3,116.52,15,4,2,1,158.82,0.00,0.00,0.00,0,2.00,1,55.51,0,0,1,,0.00,0,0,2,0,0,2,0,3,21,1
"org.apache.jackrabbit.core.cluster.NamespaceEventListener",1,0.00,1.00,2,0.02,91.88,1,0,1,1,5,100.18,11,4,5,1,144.31,0.00,0.00,0.00,0,1.00,1,49.86,0,0,0,,0.00,0,0,1,0,0,1,0,2,17,1
"org.apache.jackrabbit.core.cluster.NamespaceRecord",8,0.07,1.00,29,0.21,3061.50,12,4,2,12,8,100.64,53,38,5,2,132.86,0.00,0.50,0.31,0,10.00,1,627.61,0,3,4,org.apache.jackrabbit.core.cluster.ClusterRecord,0.30,4,1,8,0,4,5,0,13,168,1
"org.apache.jackrabbit.core.cluster.NodeTypeEventChannel",4,0.00,1.00,5,0.02,77.04,4,0,2,4,4,143.01,23,6,2,1,160.88,0.00,0.00,0.00,0,4.00,1,72.04,0,0,2,,0.00,0,0,4,0,0,4,0,5,29,1
"org.apache.jackrabbit.core.cluster.NodeTypeEventListener",3,0.00,1.00,4,0.03,150.42,3,0,5,3,7,109.51,25,8,5,1,157.61,0.00,0.00,0.00,0,3.00,1,100.28,0,0,2,,0.00,0,0,3,0,0,3,0,4,33,1
"org.apache.jackrabbit.core.cluster.NodeTypeRecord",9,0.20,2.00,72,0.74,28430.13,19,10,9,25,11,61.49,80,88,6,2,109.60,0.00,0.50,0.28,0,6.00,6,2214.20,0,1,6,org.apache.jackrabbit.core.cluster.ClusterRecord,0.19,16,1,18,0,16,8,0,20,454,1
"org.apache.jackrabbit.core.cluster.SimpleClusterContext",7,0.17,1.00,18,0.12,1337.54,10,3,6,9,8,109.59,42,26,3,1,141.81,0.00,0.00,0.19,0,23.00,1,373.69,0,3,5,java.lang.Object,0.00,2,0,7,0,2,4,1,14,106,1
"org.apache.jackrabbit.core.cluster.SimpleEventListener",12,0.36,1.67,57,0.70,19729.79,13,1,14,31,13,80.81,86,86,4,1,123.10,0.00,0.00,0.67,1,0.00,5,2102.25,0,1,9,java.lang.Object,0.00,19,0,20,0,19,11,4,23,480,1
"org.apache.jackrabbit.core.cluster.SimpleEventListener$LockEvent",6,0.13,1.17,21,0.17,3885.70,9,3,14,10,1,98.81,38,31,0,1,131.03,0.00,0.00,0.44,0,2.00,2,522.03,0,2,1,java.lang.Object,0.00,4,0,7,0,4,4,0,9,137,2
"org.apache.jackrabbit.core.cluster.SimpleEventListener$NamespaceEvent",6,0.20,1.67,28,0.23,7222.65,9,3,14,8,1,91.94,37,41,0,1,124.17,0.00,0.00,0.50,0,0.00,4,691.39,0,3,1,java.lang.Object,0.00,2,0,10,0,2,3,0,9,178,2
"org.apache.jackrabbit.core.cluster.SimpleEventListener$NodeTypeEvent",5,0.05,1.20,20,0.18,4202.52,10,5,14,7,2,83.18,38,28,0,1,125.47,0.00,0.00,0.24,0,0.00,2,536.13,0,1,2,java.lang.Object,0.00,2,0,6,0,2,4,0,10,136,2
"org.apache.jackrabbit.core.cluster.SimpleEventListener$UnlockEvent",4,0.33,1.25,13,0.09,1610.37,5,1,14,6,1,132.87,19,19,0,1,132.64,0.00,0.00,0.75,0,0.00,2,266.07,0,1,1,java.lang.Object,0.00,2,0,5,0,2,3,0,5,74,2
"org.apache.jackrabbit.core.cluster.SimpleEventListener$UpdateEvent",9,0.12,1.22,33,0.34,8514.06,14,5,14,16,3,111.85,48,49,0,1,129.72,0.00,0.00,0.31,0,25.00,2,1009.73,0,4,3,java.lang.Object,0.00,7,0,11,0,7,5,1,13,245,2
"org.apache.jackrabbit.core.cluster.TestAll",1,0.00,1.00,6,0.05,1311.02,1,0,3,3,2,79.86,12,8,0,2,117.42,0.00,0.50,0.00,0,1.00,1,143.51,0,1,2,junit.framework.TestCase,0.00,2,1,1,0,2,0,0,2,38,1
"org.apache.jackrabbit.core.cluster.Update",6,0.00,1.00,7,0.03,86.51,6,0,2,6,5,129.65,37,8,4,1,161.87,0.00,0.00,0.00,0,6.00,1,81.51,0,4,1,,0.00,0,0,6,0,0,2,0,7,35,1
"org.apache.jackrabbit.core.cluster.UpdateEventChannel",5,0.00,1.00,6,0.03,92.55,5,0,0,5,9,143.15,28,7,7,1,161.02,0.00,0.00,0.00,0,5.00,1,87.55,0,0,2,,0.00,0,0,5,0,0,5,0,6,35,1
"org.apache.jackrabbit.core.cluster.UpdateEventFactory",7,0.06,1.29,49,0.88,23137.16,13,6,20,39,17,61.71,64,83,2,1,111.71,0.00,0.00,0.21,3,16.00,2,2647.95,0,6,15,java.lang.Object,0.00,32,0,9,0,32,1,0,14,523,1
"org.apache.jackrabbit.core.cluster.UpdateEventListener",1,0.00,1.00,2,0.02,94.95,1,0,3,1,8,106.64,12,4,7,1,144.20,0.00,0.00,0.00,0,1.00,1,63.30,0,0,1,,0.00,0,0,1,0,0,1,0,2,19,1
"org.apache.jackrabbit.core.cluster.WorkspaceEventChannel",2,0.00,1.00,3,0.02,54.51,2,0,1,2,4,209.70,3,4,2,1,159.70,0.00,0.00,0.00,0,2.00,1,49.51,0,0,2,,0.00,0,0,2,0,0,2,0,1,19,1
"org.apache.jackrabbit.core.cluster.WorkspaceListener",1,0.00,1.00,2,0.02,88.11,1,0,2,1,3,95.98,10,4,3,1,144.45,0.00,0.00,0.00,0,1.00,1,46.05,0,0,0,,0.00,0,0,1,0,0,1,0,2,15,1
"org.apache.jackrabbit.core.cluster.WorkspaceRecord",7,0.06,1.57,34,0.32,6747.78,10,3,6,17,9,107.07,35,46,5,2,124.94,0.00,0.50,0.29,1,4.00,3,945.33,1,1,5,org.apache.jackrabbit.core.cluster.ClusterRecord,0.32,10,1,11,0,10,6,0,10,220,1
"org.apache.jackrabbit.core.cluster.WorkspaceRecord$Action",3,0.00,1.00,4,0.03,170.31,3,0,6,3,2,157.19,0,5,0,1,157.19,0.00,0.00,0.00,0,3.00,1,84.18,0,0,2,java.lang.Object,0.00,0,0,3,0,0,3,0,0,29,3
"org.apache.jackrabbit.core.cluster.WorkspaceRecord$CreateWorkspaceAction",6,0.07,1.67,41,0.42,10875.10,9,3,6,29,3,116.20,4,50,0,2,116.20,0.00,0.50,0.39,0,10.00,3,1257.02,0,1,3,org.apache.jackrabbit.core.cluster.Action,0.00,23,1,10,0,23,5,0,4,274,2
"org.apache.jackrabbit.ocm.mapper.impl.AbstractMapperImpl",6,0.10,3.33,82,1.10,48288.07,10,4,18,43,9,66.19,39,116,0,1,98.41,0.00,0.00,0.33,0,6.00,7,3292.59,0,5,9,java.lang.Object,0.00,37,0,20,2,37,1,1,11,610,2
"org.apache.jackrabbit.commons.json.JsonHandler",9,0.00,1.00,10,0.06,318.61,9,0,1,9,3,126.58,54,11,3,1,158.80,0.00,0.00,0.00,0,9.00,1,184.33,0,0,0,,0.00,0,0,9,0,0,9,0,10,69,1
"org.apache.jackrabbit.commons.json.JsonParser",8,0.05,6.75,149,1.91,153078.49,16,8,8,35,3,57.80,54,192,2,1,90.02,0.00,0.00,0.17,3,16.00,24,5743.78,0,3,1,java.lang.Object,0.00,27,0,54,0,27,5,0,15,1020,1
"org.apache.jackrabbit.commons.json.JsonParserTest",24,0.17,1.12,168,2.05,46661.58,25,1,8,41,3,113.55,11,187,1,2,113.55,0.00,0.50,0.83,2,0.00,2,6144.26,1,3,2,junit.framework.TestCase,0.00,17,1,27,0,17,21,0,7,1297,1
"org.apache.jackrabbit.commons.json.JsonParserTest$DummyJsonHandler",5,0.00,1.00,11,0.06,450.02,5,0,8,7,0,144.38,0,16,0,1,144.38,0.00,0.00,0.00,0,5.00,1,174.08,0,0,0,java.lang.Object,0.00,2,0,5,0,2,5,0,0,58,0
"org.apache.jackrabbit.commons.json.JsonParserTest$DummyJsonHandler_0",5,0.00,1.00,11,0.06,450.02,5,0,8,7,0,144.38,0,16,0,1,144.38,0.00,0.00,0.00,0,5.00,1,174.08,0,0,0,java.lang.Object,0.00,2,0,5,0,2,5,0,0,58,0
"org.apache.jackrabbit.commons.json.JsonParserTest$DummyJsonHandler_1",5,0.00,1.00,11,0.07,577.02,5,0,8,8,0,143.53,0,16,0,1,143.53,0.00,0.00,0.00,0,5.00,1,198.31,0,0,0,java.lang.Object,0.00,3,0,5,0,3,5,0,0,64,0
"org.apache.jackrabbit.commons.json.JsonParserTest$DummyJsonHandler_10",7,0.25,1.43,27,0.16,2255.20,9,2,8,11,0,133.37,0,32,0,1,133.37,0.00,0.00,0.29,0,10.00,4,494.39,0,0,0,java.lang.Object,0.00,4,0,10,0,4,7,0,0,133,0
"org.apache.jackrabbit.commons.json.JsonParserTest$DummyJsonHandler_11",7,0.25,1.43,27,0.16,2255.20,9,2,8,11,0,133.37,0,32,0,1,133.37,0.00,0.00,0.29,0,10.00,4,494.39,0,0,0,java.lang.Object,0.00,4,0,10,0,4,7,0,0,133,0
"org.apache.jackrabbit.commons.json.JsonParserTest$DummyJsonHandler_12",2,0.00,1.00,5,0.03,225.02,2,0,8,3,0,143.62,0,7,0,1,143.62,0.00,0.00,0.00,0,2.00,1,84.08,0,0,0,java.lang.Object,0.00,1,0,2,0,1,2,0,0,28,0
"org.apache.jackrabbit.commons.json.JsonParserTest$DummyJsonHandler_13",9,0.88,1.00,20,0.10,697.86,10,1,8,11,0,144.89,0,29,0,1,144.89,0.00,0.00,0.22,0,19.00,1,287.16,0,0,0,java.lang.Object,0.00,2,0,9,0,2,9,0,0,95,0
"org.apache.jackrabbit.commons.json.JsonParserTest$DummyJsonHandler_14",8,0.86,1.00,18,0.09,650.81,9,1,8,10,0,144.73,0,26,0,1,144.73,0.00,0.00,0.25,0,16.00,1,262.00,0,0,0,java.lang.Object,0.00,2,0,8,0,2,8,0,0,86,0
"org.apache.jackrabbit.commons.json.JsonParserTest$DummyJsonHandler_15",9,0.00,1.00,10,0.05,281.62,9,0,8,9,1,159.22,0,20,0,1,159.22,0.00,0.00,0.00,0,9.00,1,152.42,0,0,1,java.lang.Object,0.00,0,0,9,0,0,9,1,0,61,1
"org.apache.jackrabbit.commons.json.JsonParserTest$DummyJsonHandler_2",5,0.00,1.00,11,0.06,450.02,5,0,8,7,0,144.38,0,16,0,1,144.38,0.00,0.00,0.00,0,5.00,1,174.08,0,0,0,java.lang.Object,0.00,2,0,5,0,2,5,0,0,58,0
"org.apache.jackrabbit.commons.json.JsonParserTest$DummyJsonHandler_3",5,0.00,1.00,11,0.06,450.02,5,0,8,7,0,144.38,0,16,0,1,144.38,0.00,0.00,0.00,0,5.00,1,174.08,0,0,0,java.lang.Object,0.00,2,0,5,0,2,5,0,0,58,0
"org.apache.jackrabbit.commons.json.JsonParserTest$DummyJsonHandler_4",5,0.00,1.00,11,0.06,450.02,5,0,8,7,0,144.38,0,16,0,1,144.38,0.00,0.00,0.00,0,5.00,1,174.08,0,0,0,java.lang.Object,0.00,2,0,5,0,2,5,0,0,58,0
"org.apache.jackrabbit.commons.json.JsonParserTest$DummyJsonHandler_5",5,0.00,1.00,11,0.06,450.02,5,0,8,7,0,144.38,0,16,0,1,144.38,0.00,0.00,0.00,0,5.00,1,174.08,0,0,0,java.lang.Object,0.00,2,0,5,0,2,5,0,0,58,0
"org.apache.jackrabbit.commons.json.JsonParserTest$DummyJsonHandler_6",5,0.00,1.00,11,0.06,450.02,5,0,8,7,0,144.38,0,16,0,1,144.38,0.00,0.00,0.00,0,5.00,1,174.08,0,0,0,java.lang.Object,0.00,2,0,5,0,2,5,0,0,58,0
"org.apache.jackrabbit.commons.json.JsonParserTest$DummyJsonHandler_7",5,0.00,1.00,11,0.06,450.02,5,0,8,7,0,144.38,0,16,0,1,144.38,0.00,0.00,0.00,0,5.00,1,174.08,0,0,0,java.lang.Object,0.00,2,0,5,0,2,5,0,0,58,0
"org.apache.jackrabbit.commons.json.JsonParserTest$DummyJsonHandler_8",2,0.00,1.00,5,0.03,225.02,2,0,8,3,0,143.62,0,7,0,1,143.62,0.00,0.00,0.00,0,2.00,1,84.08,0,0,0,java.lang.Object,0.00,1,0,2,0,1,2,0,0,28,0
"org.apache.jackrabbit.commons.json.JsonParserTest$DummyJsonHandler_9",2,0.00,1.00,5,0.03,217.51,2,0,8,4,0,143.73,0,7,0,1,143.73,0.00,0.00,0.00,0,2.00,1,79.04,0,0,0,java.lang.Object,0.00,2,0,2,0,2,2,0,0,27,0
"org.apache.jackrabbit.commons.json.JsonUtil",1,0.00,11.00,36,0.43,33777.19,1,0,0,8,2,94.87,18,48,2,1,76.73,0.00,0.00,0.00,0,1.00,11,1289.80,0,1,0,java.lang.Object,0.00,7,0,11,0,7,0,0,10,221,1
"org.apache.jackrabbit.commons.json.JsonUtilTest",1,0.00,2.00,19,0.26,5693.85,1,0,4,9,2,43.57,9,19,1,2,93.57,0.00,0.50,0.00,0,1.00,2,793.15,0,0,1,junit.framework.TestCase,0.00,8,1,2,0,8,1,0,7,146,1
"org.apache.jackrabbit.commons.json.TestAll",1,0.00,1.00,6,0.05,1283.53,1,0,3,3,2,75.20,7,8,0,2,117.50,0.00,0.50,0.00,0,1.00,1,150.40,0,1,2,junit.framework.TestCase,0.00,2,1,1,0,2,0,0,2,39,1
"org.apache.jackrabbit.commons.visitor.FilteringItemVisitor",11,0.05,2.55,72,0.88,57516.88,19,8,9,22,1,70.19,84,103,0,1,112.48,0.00,0.00,0.08,2,30.00,15,2625.91,0,0,1,java.lang.Object,0.00,11,0,28,0,11,11,1,15,523,2
"org.apache.jackrabbit.jcr.AbstractCopy",6,0.00,1.17,30,0.34,7499.03,11,5,8,17,8,141.12,19,40,2,2,120.50,2.00,0.25,0.20,0,26.00,2,1020.29,1,4,6,org.apache.jackrabbit.jcr2spi.operation.AbstractOperation,0.00,11,1,7,2,11,2,0,8,217,2
"org.apache.jackrabbit.jcr.AbstractOperation",7,0.25,1.14,19,0.18,2673.96,9,2,9,17,25,121.53,38,27,20,1,139.41,0.00,0.00,0.29,0,19.00,2,531.20,0,3,5,java.lang.Object,0.00,10,0,8,23,10,4,1,8,138,2
"org.apache.jackrabbit.jcr.AddLabel",8,0.03,1.25,33,0.35,6468.23,13,5,15,18,14,125.83,33,45,6,2,125.59,0.00,0.50,0.18,0,32.00,3,1057.42,0,4,9,org.apache.jackrabbit.jcr2spi.operation.AbstractOperation,0.00,10,1,10,0,10,4,0,8,243,1
"org.apache.jackrabbit.jcr.AddNode",12,0.04,1.00,44,0.40,6762.48,19,7,15,20,13,171.42,28,59,8,2,131.54,0.00,0.50,0.11,0,88.00,1,1186.71,2,6,6,org.apache.jackrabbit.jcr2spi.operation.AbstractOperation,0.11,8,1,12,0,8,6,0,10,282,1
"org.apache.jackrabbit.jcr.AddProperty",12,0.05,1.00,42,0.37,5915.40,18,6,13,18,15,171.88,25,58,8,2,132.00,0.00,0.50,0.12,0,88.00,1,1123.34,1,5,8,org.apache.jackrabbit.jcr2spi.operation.AbstractOperation,0.11,6,1,12,0,6,7,0,8,269,1
"org.apache.jackrabbit.jcr.Checkin",7,0.12,1.43,32,0.35,7831.46,11,4,15,20,12,145.07,25,44,6,2,124.45,0.00,0.50,0.14,0,14.00,4,1062.57,0,3,7,org.apache.jackrabbit.jcr2spi.operation.AbstractOperation,0.00,13,1,10,0,13,4,0,9,234,1
"org.apache.jackrabbit.jcr.Checkout",5,0.08,1.60,28,0.32,7498.46,8,3,15,17,13,140.42,17,38,6,2,119.81,0.00,0.50,0.27,0,6.00,4,968.12,0,2,8,org.apache.jackrabbit.jcr2spi.operation.AbstractOperation,0.00,12,1,8,0,12,3,0,8,207,1
"org.apache.jackrabbit.jcr.Clone",5,0.38,1.40,24,0.28,5699.82,7,2,13,11,11,164.28,14,40,6,3,124.39,0.00,0.67,0.20,0,6.00,3,852.61,1,1,6,org.apache.jackrabbit.jcr2spi.operation.AbstractCopy,0.17,6,2,7,0,6,4,0,7,188,1
"org.apache.jackrabbit.jcr.Copy",3,0.00,1.00,9,0.14,2146.82,3,0,10,5,10,151.34,9,19,6,3,130.72,0.00,0.67,0.00,0,4.00,1,409.22,0,1,5,org.apache.jackrabbit.jcr2spi.operation.AbstractCopy,0.00,2,2,3,0,2,2,0,4,94,1
"org.apache.jackrabbit.jcr.LockOperation",12,0.08,1.25,45,0.40,6851.02,18,6,10,19,10,181.44,22,62,6,2,131.44,0.00,0.50,0.10,1,84.00,3,1198.55,0,5,5,org.apache.jackrabbit.jcr2spi.operation.AbstractOperation,0.00,7,1,15,0,7,7,0,9,294,1
"org.apache.jackrabbit.jcr.LockRefresh",5,1.00,1.00,15,0.12,1743.76,6,1,9,8,10,153.80,19,21,6,2,133.18,0.00,0.50,0.20,0,10.00,1,373.41,0,1,5,org.apache.jackrabbit.jcr2spi.operation.AbstractOperation,0.00,3,1,5,0,3,4,0,9,98,1
"org.apache.jackrabbit.jcr.LockRelease",5,0.75,1.20,21,0.20,3350.92,6,1,12,13,12,126.48,22,28,6,2,126.24,0.00,0.50,0.40,0,6.00,2,596.84,0,1,7,org.apache.jackrabbit.jcr2spi.operation.AbstractOperation,0.00,8,1,6,0,8,4,0,9,141,1
"org.apache.jackrabbit.jcr.Merge",9,0.04,1.56,42,0.42,8069.97,15,6,14,22,11,165.07,21,58,6,2,125.19,0.00,0.50,0.13,0,43.00,3,1260.90,0,4,6,org.apache.jackrabbit.jcr2spi.operation.AbstractOperation,0.00,13,1,14,0,13,5,0,8,288,1
"org.apache.jackrabbit.jcr.Move",11,0.05,2.09,87,1.12,53641.23,19,8,19,38,18,150.15,31,118,8,2,110.26,0.00,0.50,0.17,0,65.00,10,3369.55,4,6,11,org.apache.jackrabbit.jcr2spi.operation.AbstractOperation,0.11,27,1,23,0,27,5,0,18,626,1
"org.apache.jackrabbit.jcr.Operation",6,3.00,1.00,10,0.07,514.03,9,3,9,6,40,137.91,34,11,38,1,155.78,0.00,0.00,0.00,0,6.00,1,217.85,0,2,2,,0.00,0,0,6,0,0,4,0,7,67,1
"org.apache.jackrabbit.jcr.OperationVisitor",22,0.00,1.00,23,0.31,1850.71,22,0,12,22,26,155.84,3,24,26,1,155.84,0.00,0.00,0.00,0,22.00,1,927.35,0,0,22,,0.00,0,0,22,0,0,22,0,1,261,1
"org.apache.jackrabbit.jcr.Remove",8,0.11,1.12,32,0.30,5440.37,12,4,9,18,14,166.09,17,42,9,2,126.21,1.00,0.33,0.16,0,24.00,2,914.32,2,4,6,org.apache.jackrabbit.jcr2spi.operation.AbstractOperation,0.13,10,1,9,1,10,4,0,9,218,1
"org.apache.jackrabbit.jcr.RemoveLabel",7,0.08,1.29,28,0.30,5363.99,11,4,15,17,14,126.01,31,39,6,2,125.77,0.00,0.50,0.18,0,24.00,3,893.17,0,4,9,org.apache.jackrabbit.jcr2spi.operation.AbstractOperation,0.00,10,1,9,0,10,3,0,8,209,1
"org.apache.jackrabbit.jcr.RemoveVersion",5,0.25,1.60,26,0.30,6117.72,7,2,13,18,14,141.12,18,38,6,3,120.50,0.00,0.67,0.30,0,5.00,3,905.22,0,1,9,org.apache.jackrabbit.jcr2spi.operation.Remove,0.45,13,2,8,0,13,4,0,9,200,1
"org.apache.jackrabbit.jcr.ReorderNodes",11,0.05,1.18,43,0.43,11362.70,17,6,9,19,12,179.43,19,57,7,2,129.43,0.00,0.50,0.12,0,72.00,2,1287.88,2,7,6,org.apache.jackrabbit.jcr2spi.operation.AbstractOperation,0.11,8,1,13,0,8,4,0,8,302,1
"org.apache.jackrabbit.jcr.ResolveMergeConflict",8,0.11,1.12,32,0.32,5682.85,12,4,12,17,12,146.68,24,42,6,2,126.06,0.00,0.50,0.16,0,36.00,2,950.82,0,3,7,org.apache.jackrabbit.jcr2spi.operation.AbstractOperation,0.00,9,1,9,0,9,5,0,9,228,1
"org.apache.jackrabbit.jcr.Restore",9,0.06,1.78,49,0.53,16919.59,13,4,13,16,12,119.25,44,60,6,2,119.01,0.00,0.50,0.19,0,35.00,4,1585.09,0,3,7,org.apache.jackrabbit.jcr2spi.operation.AbstractOperation,0.00,7,1,16,0,7,6,0,14,352,1
"org.apache.jackrabbit.jcr.SetMixin",8,0.14,1.38,34,0.33,7387.60,11,3,9,16,15,165.00,21,48,9,2,125.12,0.00,0.50,0.21,0,24.00,3,976.22,1,3,7,org.apache.jackrabbit.jcr2spi.operation.AbstractOperation,0.13,8,1,11,0,8,5,0,11,227,1
"org.apache.jackrabbit.jcr.SetPropertyValue",10,0.06,1.20,43,0.42,10596.12,14,4,13,20,13,174.68,18,55,8,2,124.68,0.00,0.50,0.20,0,46.00,3,1245.44,1,4,6,org.apache.jackrabbit.jcr2spi.operation.AbstractOperation,0.12,10,1,12,0,10,6,0,8,282,1
"org.apache.jackrabbit.jcr.Update",6,0.30,1.00,20,0.17,2342.34,8,2,9,12,10,153.41,22,27,6,2,132.79,0.00,0.50,0.25,0,14.00,1,521.14,0,3,5,org.apache.jackrabbit.jcr2spi.operation.AbstractOperation,0.00,6,1,6,0,6,3,0,8,133,1
"org.apache.jackrabbit.jcr.WorkspaceImport",7,0.11,1.43,32,0.31,7512.13,10,3,12,15,11,145.21,25,44,6,2,124.59,0.00,0.50,0.24,0,20.00,3,924.97,0,2,6,org.apache.jackrabbit.jcr2spi.operation.AbstractOperation,0.00,8,1,10,0,8,5,0,11,213,1
"org.apache.jackrabbit.spi.commons.identifier.AbstractIdFactory",5,0.00,1.40,17,0.19,3150.13,5,0,9,9,9,113.21,25,26,2,1,131.08,0.00,0.00,0.00,0,5.00,2,563.71,0,5,7,java.lang.Object,0.00,4,0,7,2,4,0,1,7,138,2
"org.apache.jackrabbit.spi.commons.identifier.AbstractIdFactory$ItemIdImpl",9,0.00,2.33,46,0.51,18191.78,12,3,9,23,5,158.59,19,65,0,1,118.70,0.00,0.00,0.33,1,8.00,4,1539.15,0,3,5,java.lang.Object,0.00,14,0,21,0,14,6,2,4,352,3
"org.apache.jackrabbit.spi.commons.identifier.AbstractIdFactory$NodeIdImpl",5,1.00,1.60,16,0.17,2822.12,6,1,9,8,3,131.43,0,25,0,2,131.43,0.00,0.50,0.00,0,5.00,3,496.25,1,0,3,org.apache.jackrabbit.spi.commons.identifier.ItemIdImpl,0.00,3,1,8,0,3,5,1,0,124,2
"org.apache.jackrabbit.spi.commons.identifier.AbstractIdFactory$PropertyIdImpl",5,0.50,1.40,18,0.15,2366.55,7,2,9,8,4,132.06,0,27,0,2,132.06,0.00,0.50,0.10,0,8.00,3,448.15,1,2,4,org.apache.jackrabbit.spi.commons.identifier.ItemIdImpl,0.00,3,1,7,0,3,3,2,0,115,2
"org.apache.jackrabbit.spi.commons.identifier.IdFactoryImpl",3,1.00,1.33,9,0.06,1117.64,4,1,3,5,7,182.89,3,14,3,2,132.89,0.00,0.50,0.33,0,4.00,2,183.15,0,2,4,org.apache.jackrabbit.spi.commons.identifier.AbstractIdFactory,0.25,2,1,4,0,2,1,0,1,51,2
"org.apache.jackrabbit.spi.commons.identifier.SerializationTest",3,0.25,1.00,20,0.28,5458.31,7,4,12,18,8,166.30,4,25,0,2,116.30,0.00,0.50,0.42,1,1.00,1,845.83,0,0,8,junit.framework.TestCase,0.00,15,1,3,0,15,3,0,1,186,1
"org.apache.jackrabbit.core.persistence.mem.InMemPersistenceManager",27,0.10,2.56,273,3.38,161621.96,42,15,34,106,21,85.87,140,354,0,2,103.74,1.00,0.33,0.16,2,0.00,6,10127.02,1,6,21,org.apache.jackrabbit.core.persistence.AbstractPersistenceManager,0.00,79,1,69,1,79,21,0,81,1900,1
"org.apache.jackrabbit.ocm.reflection.ReflectionUtils",16,0.43,2.12,75,0.92,29204.02,18,2,15,34,16,143.30,59,147,15,1,122.69,0.00,0.00,0.09,3,54.00,5,2747.05,0,11,1,java.lang.Object,0.00,18,0,34,0,18,5,0,15,621,2
"org.apache.jackrabbit.spi.TestAll",1,0.00,1.00,4,0.03,257.45,1,0,3,2,0,179.56,1,6,0,2,129.56,0.00,0.50,0.00,0,1.00,1,79.73,0,1,0,junit.framework.TestCase,0.00,1,1,1,0,1,0,0,1,24,1
"org.apache.jackrabbit.spi.TestAll$SpiTestSuite",1,0.00,1.00,4,0.04,273.77,1,0,3,3,1,179.35,1,6,0,2,129.35,0.00,0.50,0.00,0,1.00,1,109.51,0,0,1,junit.framework.TestSuite,0.00,2,1,1,0,2,1,0,1,30,2
"org.apache.jackrabbit.ocm.testmodel.enumeration.Node",34,0.02,1.15,75,0.74,12120.38,38,4,9,55,3,139.64,0,114,0,1,139.64,0.00,0.00,0.24,0,0.00,2,2218.67,0,12,3,java.lang.Object,0.00,21,0,39,0,21,22,0,0,579,1
"org.apache.jackrabbit.ocm.testmodel.enumeration.Planet",5,0.00,1.00,16,0.18,2531.40,8,3,0,5,3,131.91,3,26,3,1,131.91,0.00,0.00,0.33,0,6.00,1,539.32,0,0,0,java.lang.Object,0.00,0,0,5,0,0,5,0,3,125,1
"org.apache.jackrabbit.util.Base64",11,0.12,2.27,108,1.78,229531.04,15,4,7,18,6,53.10,97,140,6,1,101.20,0.00,0.00,0.14,2,39.00,8,5341.87,0,0,0,java.lang.Object,0.00,7,0,25,0,7,11,0,24,991,1
"org.apache.jackrabbit.util.ChildrenCollector",3,0.17,1.67,15,0.15,2436.59,6,3,5,4,0,79.61,21,23,0,2,121.90,0.00,0.50,0.44,0,1.00,2,463.16,0,0,0,TraversingItemVisitor.Default,0.00,1,1,5,0,1,3,0,4,111,1
"org.apache.jackrabbit.util.ChildrenCollectorFilter",5,0.12,4.60,55,0.60,36591.66,11,6,6,13,3,81.23,73,83,3,2,101.37,0.00,0.50,0.27,2,13.00,13,1811.59,0,0,0,TraversingItemVisitor.Default,0.00,8,1,23,0,8,5,0,14,380,1
"org.apache.jackrabbit.util.ISO8601",2,0.33,11.00,114,1.89,230909.02,5,3,4,25,13,17.54,105,137,13,1,65.09,0.00,0.00,0.50,0,2.00,17,5656.60,0,2,0,java.lang.Object,0.00,23,0,22,0,23,0,0,47,910,2
"org.apache.jackrabbit.util.ISO9075",8,0.24,3.25,86,1.19,70639.43,11,3,3,31,26,52.35,73,110,23,1,102.35,0.00,0.00,0.12,3,26.00,9,3563.65,0,5,3,java.lang.Object,0.00,23,0,26,0,23,3,0,23,705,1
"org.apache.jackrabbit.util.ISO9075Test",4,0.00,1.75,49,0.67,20432.93,4,0,2,20,3,122.03,14,57,0,2,101.41,0.00,0.50,0.00,0,4.00,4,2024.45,0,0,3,junit.framework.TestCase,0.00,16,1,7,0,16,4,0,3,401,1
"org.apache.jackrabbit.util.IteratorHelper",11,0.02,1.09,34,0.24,3872.17,16,5,9,17,0,133.36,51,49,0,1,133.13,0.00,0.00,0.18,1,38.00,2,716.41,0,4,0,java.lang.Object,0.00,6,0,12,0,6,7,3,15,193,1
"org.apache.jackrabbit.util.LazyFileInputStream",13,0.03,1.54,54,0.44,9099.72,16,3,6,28,4,108.17,65,77,4,2,126.04,1.00,0.33,0.36,1,0.00,4,1329.86,0,0,0,java.io.InputStream,0.00,15,1,20,1,15,13,0,18,333,1
"org.apache.jackrabbit.util.Locked",6,0.40,3.00,56,0.72,37792.51,8,2,11,26,4,144.53,131,81,4,1,105.23,0.00,0.00,0.17,5,10.00,12,2157.34,0,5,0,java.lang.Object,0.00,20,0,18,0,20,1,0,23,392,2
"org.apache.jackrabbit.util.Locked$EventListener",1,0.00,1.00,4,0.03,297.46,1,0,11,2,1,129.06,0,6,0,1,129.06,0.00,0.00,0.00,0,1.00,1,82.01,0,0,1,java.lang.Object,0.00,1,0,1,0,1,1,0,0,24,0
"org.apache.jackrabbit.util.PathMap",5,0.25,2.40,48,0.48,17291.19,6,1,7,13,3,58.86,50,52,0,1,107.34,0.00,0.00,0.80,1,0.00,4,1427.67,0,0,3,java.lang.Object,0.00,8,0,12,0,8,5,0,9,301,1
"org.apache.jackrabbit.util.PathMap$Element",29,0.05,2.48,202,2.18,80984.48,35,6,7,66,3,82.41,196,261,0,1,114.63,0.00,0.00,0.22,6,228.00,8,6545.75,0,11,3,java.lang.Object,0.00,37,0,72,0,37,18,0,45,1368,2
"org.apache.jackrabbit.util.PathMap$ElementVisitor",1,0.00,1.00,2,0.01,30.51,1,0,7,1,0,148.32,4,3,0,1,148.08,0.00,0.00,0.00,0,1.00,1,25.51,0,0,0,,0.00,0,0,1,0,0,1,0,1,11,1
"org.apache.jackrabbit.util.Text",32,0.30,2.88,292,4.20,276756.27,35,3,7,65,71,55.68,336,378,71,1,104.16,0.00,0.00,0.04,8,88.00,13,12598.02,0,27,0,java.lang.Object,0.00,33,0,92,0,33,5,0,49,2436,1
"org.apache.jackrabbit.util.TextTest",7,0.00,2.43,136,1.54,66279.42,7,0,6,25,3,112.40,25,137,0,2,91.78,0.00,0.50,0.00,2,7.00,5,4612.63,0,0,3,junit.framework.TestCase,0.00,18,1,17,0,18,7,0,21,907,1
"org.apache.jackrabbit.util.Timer",5,0.25,1.80,36,0.36,9978.59,11,6,1,12,5,103.00,77,50,5,1,113.35,0.00,0.00,0.37,0,0.00,4,1068.07,0,0,0,java.lang.Object,0.00,7,0,9,0,7,5,0,15,225,1
"org.apache.jackrabbit.util.Timer$IdleCheckerTask",1,0.00,3.00,7,0.07,1572.76,1,0,1,2,1,114.05,0,13,0,2,114.05,0.00,0.50,0.00,0,0.00,3,208.23,0,0,1,org.apache.jackrabbit.util.Task,0.00,1,1,3,0,1,1,0,0,47,1
"org.apache.jackrabbit.util.Timer$Task",2,1.00,1.50,9,0.07,1275.30,3,1,1,3,1,108.49,11,13,0,2,126.36,0.00,0.50,0.50,0,2.00,2,199.58,1,0,1,java.util.TimerTask,0.00,1,1,3,0,1,2,0,3,53,3
"org.apache.jackrabbit.util.TimerTest",6,0.40,1.00,28,0.29,4156.27,8,2,1,15,1,126.17,4,35,0,2,126.17,0.00,0.50,0.83,0,0.00,1,875.61,2,0,1,junit.framework.TestCase,0.00,9,1,6,0,9,6,0,1,202,1
"org.apache.jackrabbit.util.TimerTest$DummyTask",2,1.00,1.50,10,0.06,732.29,3,1,1,4,0,124.65,0,16,0,2,124.65,0.00,0.50,0.50,0,2.00,2,188.61,0,0,0,Timer.Task,0.00,2,1,3,0,2,2,0,0,51,2
"org.apache.jackrabbit.util.TransientFileFactory",5,0.10,2.00,38,0.38,8655.05,10,5,8,23,11,113.34,84,51,11,1,113.82,0.00,0.00,0.28,1,9.00,4,1130.73,0,2,0,java.lang.Object,0.00,18,0,10,0,18,3,0,26,246,1
"org.apache.jackrabbit.util.TransientFileFactory$MoribundFileReference",2,1.00,1.00,7,0.05,515.63,3,1,8,5,0,91.92,15,10,0,2,134.21,0.00,0.50,0.50,0,2.00,1,158.01,0,0,0,java.lang.ref.PhantomReference,0.00,3,1,2,0,3,2,0,3,45,1
"org.apache.jackrabbit.util.TransientFileFactory$ReaperThread",2,0.00,2.00,12,0.09,1670.29,2,0,8,4,0,139.42,7,18,0,2,118.81,0.00,0.50,0.00,0,2.00,3,260.49,0,0,0,org.apache.jackrabbit.util.Thread,0.00,2,1,4,0,2,2,0,4,64,1
"org.apache.jackrabbit.util.TransientFileFactory$Thread",1,0.00,1.00,3,0.01,56.92,1,0,8,2,0,139.38,0,4,0,1,139.38,0.00,0.00,0.00,0,1.00,1,30.46,0,0,0,java.lang.Object,0.00,1,0,1,0,1,1,0,0,12,0
"org.apache.jackrabbit.util.UUIDTest",2,0.00,1.50,28,0.33,13055.36,2,0,3,9,2,98.35,9,29,0,2,98.11,0.00,0.50,0.00,1,2.00,2,1004.28,0,0,2,junit.framework.TestCase,0.00,7,1,3,0,7,2,0,5,197,1
"org.apache.jackrabbit.util.WeakIdentityCollection",16,0.05,2.00,97,0.96,32032.48,20,4,7,33,3,83.59,111,115,3,1,115.82,0.00,0.00,0.30,2,16.00,4,2885.32,0,3,0,java.lang.Object,0.00,17,0,32,0,17,13,1,25,619,1
"org.apache.jackrabbit.util.WeakIdentityCollection$Iter",3,0.33,1.33,12,0.10,1648.60,6,3,7,6,1,94.68,18,17,0,1,126.90,0.00,0.00,0.56,0,1.00,2,307.64,0,1,1,java.lang.Object,0.00,3,0,4,0,3,2,1,6,77,2
"org.apache.jackrabbit.util.WeakIdentityCollection$WeakRef",1,1.00,1.00,5,0.04,427.96,2,1,7,1,0,74.21,9,7,0,2,124.21,0.00,0.50,0.00,0,0.00,1,115.52,0,0,0,java.lang.ref.WeakReference,0.00,0,1,1,0,0,1,0,2,32,2
"org.apache.jackrabbit.util.XMLChar",21,0.03,1.95,724,20.15,1282085.56,30,9,1,23,10,117.51,615,757,10,1,76.03,0.00,0.00,0.08,4,61.00,6,60456.28,0,0,0,java.lang.Object,0.00,2,0,41,0,2,21,0,463,6924,1
"org.apache.jackrabbit.core.integration.AxisQueryTest",6,0.20,3.67,90,1.20,50631.55,13,7,8,41,1,63.69,40,111,0,5,95.91,0.00,0.80,0.31,4,0.00,7,3597.25,2,2,1,org.apache.jackrabbit.core.query.AbstractQueryTest,0.13,35,4,22,0,35,4,0,18,648,1
"org.apache.jackrabbit.core.integration.ConcurrentQueryTest",4,0.33,4.25,89,0.99,39340.70,6,2,12,27,1,39.15,39,74,0,4,89.15,0.00,0.75,0.25,0,4.00,8,2972.35,2,0,1,org.apache.jackrabbit.test.AbstractJCRTest,0.33,23,3,17,0,23,4,0,17,532,1
"org.apache.jackrabbit.core.integration.ConcurrentQueryTest$QueryWorker",3,0.33,3.00,40,0.46,17149.25,9,6,12,16,0,99.61,2,50,0,2,99.61,0.00,0.50,0.39,0,1.00,7,1379.93,0,0,0,org.apache.jackrabbit.core.integration.Thread,0.00,13,1,9,0,13,3,0,2,256,3
"org.apache.jackrabbit.core.integration.ConcurrentQueryTest$Thread",1,0.00,5.00,20,0.17,5957.41,1,0,12,6,0,92.37,0,17,0,1,92.37,0.00,0.00,0.00,0,1.00,5,524.99,0,0,0,java.lang.Object,0.00,5,0,5,0,5,1,0,0,104,0
"org.apache.jackrabbit.core.integration.ConcurrentQueryTest$Thread_0",1,0.00,5.00,20,0.17,5994.86,1,0,12,6,0,92.35,0,17,0,1,92.35,0.00,0.00,0.00,0,1.00,5,506.57,0,0,0,java.lang.Object,0.00,5,0,5,0,5,1,0,0,102,0
"org.apache.jackrabbit.core.integration.GQLTest",20,0.58,1.15,211,2.90,79944.73,21,1,9,38,2,155.30,20,234,0,5,105.30,0.00,0.80,0.45,2,0.00,3,8689.81,2,2,2,org.apache.jackrabbit.core.query.AbstractQueryTest,0.00,18,4,23,0,18,18,0,18,1683,1
"org.apache.jackrabbit.core.integration.GQLTest$GQL.Filter",1,0.00,1.00,3,0.04,531.50,1,0,9,5,0,131.74,0,4,0,1,131.74,0.00,0.00,0.00,0,1.00,1,130.20,0,0,0,java.lang.Object,0.00,4,0,1,0,4,1,0,0,33,0
"org.apache.jackrabbit.core.integration.GQLTest$GQL.Filter_0",1,0.00,1.00,3,0.04,531.50,1,0,9,5,0,131.74,0,4,0,1,131.74,0.00,0.00,0.00,0,1.00,1,130.20,0,0,0,java.lang.Object,0.00,4,0,1,0,4,1,0,0,33,0
"org.apache.jackrabbit.core.integration.JCRAPITest",1,0.00,1.00,3,0.02,158.91,1,0,3,2,1,156.48,3,5,0,2,135.87,0.00,0.50,0.00,0,1.00,1,52.05,0,1,1,junit.framework.TestCase,0.00,1,1,1,0,1,0,0,1,17,1
"org.apache.jackrabbit.core.integration.JCRBenchmark",1,0.00,1.00,3,0.02,158.91,1,0,3,2,1,156.48,3,5,0,2,135.87,0.00,0.50,0.00,0,1.00,1,52.05,0,1,1,junit.framework.TestCase,0.00,1,1,1,0,1,0,0,1,17,1
"org.apache.jackrabbit.core.integration.MassiveRangeTest",1,0.00,3.00,19,0.21,5401.07,1,0,6,8,1,51.36,7,17,0,5,93.65,0.00,0.80,0.00,0,0.00,3,643.18,1,0,1,org.apache.jackrabbit.core.query.AbstractQueryTest,0.00,7,4,3,0,7,1,0,3,119,1
"org.apache.jackrabbit.core.integration.MassiveWildcardTest",1,0.00,3.00,23,0.29,9165.09,1,0,6,8,1,46.46,7,21,0,5,88.75,0.00,0.80,0.00,0,0.00,3,867.73,1,0,1,org.apache.jackrabbit.core.query.AbstractQueryTest,0.00,7,4,3,0,7,1,0,3,157,1
"org.apache.jackrabbit.core.integration.NodeImplTest",4,0.00,1.00,27,0.38,13756.04,5,1,7,16,1,134.74,13,42,0,4,114.12,0.00,0.75,1.00,0,0.00,1,1154.59,1,0,1,org.apache.jackrabbit.test.AbstractJCRTest,0.33,12,3,4,0,12,4,0,3,242,1
"org.apache.jackrabbit.core.integration.PrepareTestRepository",7,0.83,2.00,88,1.41,42987.34,8,1,12,32,2,121.37,27,128,0,4,100.75,0.00,0.75,0.29,6,18.00,4,4232.76,0,1,2,org.apache.jackrabbit.test.AbstractJCRTest,0.00,25,3,14,0,25,6,0,9,782,1
"org.apache.jackrabbit.core.integration.RepositoryFactoryImplTest",11,0.05,1.18,62,0.70,13857.95,15,4,16,27,7,141.09,43,76,0,4,120.47,0.00,0.75,0.30,4,5.00,2,2110.20,1,1,7,org.apache.jackrabbit.test.AbstractJCRTest,0.13,16,3,13,0,16,10,0,9,465,1
"org.apache.jackrabbit.core.integration.RepositoryFactoryImplTest$RepositoryManager",1,0.00,3.00,10,0.11,3833.83,1,0,16,4,1,105.22,0,15,0,1,105.22,0.00,0.00,0.00,0,1.00,3,316.70,0,1,1,java.lang.Object,0.00,3,0,3,0,3,0,0,0,68,3
"org.apache.jackrabbit.core.integration.RestoreSameNameSiblingTest",1,0.00,1.00,16,0.19,4420.64,1,0,5,15,1,53.25,11,20,0,4,97.38,0.00,0.75,0.00,0,0.00,1,572.92,0,0,1,org.apache.jackrabbit.test.AbstractJCRTest,0.00,14,3,1,0,14,1,0,7,113,1
"org.apache.jackrabbit.core.integration.SessionImplTest",2,0.00,2.00,17,0.22,5087.18,2,0,6,14,1,68.05,14,29,0,4,110.34,0.00,0.75,0.00,0,0.00,3,658.76,0,0,1,org.apache.jackrabbit.test.AbstractJCRTest,0.00,12,3,4,0,12,2,0,4,134,1
"org.apache.jackrabbit.core.integration.VersioningTest",5,0.12,2.60,133,1.76,80456.63,7,2,7,38,1,124.76,14,151,0,4,84.87,0.00,0.75,0.60,2,2.00,5,5274.97,2,0,1,org.apache.jackrabbit.test.AbstractJCRTest,0.32,33,3,13,0,33,5,0,5,939,1
"org.apache.jackrabbit.webdav.header.CodedUrlHeader",6,0.20,2.00,36,0.42,19606.68,9,3,3,15,7,81.92,37,45,6,1,114.14,0.00,0.00,0.17,1,14.00,5,1255.80,0,5,1,java.lang.Object,0.00,9,0,12,0,9,1,1,6,272,1
"org.apache.jackrabbit.webdav.header.DepthHeader",7,0.42,2.00,36,0.38,11574.69,9,2,4,14,10,87.20,47,48,8,1,119.42,0.00,0.00,0.14,1,24.00,4,1136.93,0,3,2,java.lang.Object,0.00,7,0,14,0,7,4,2,8,256,1
"org.apache.jackrabbit.webdav.header.Header",2,0.00,1.00,3,0.01,46.83,2,0,0,2,10,210.22,3,4,10,1,160.22,0.00,0.00,0.00,0,2.00,1,31.22,0,2,0,,0.00,0,0,2,0,0,0,0,1,14,1
"org.apache.jackrabbit.webdav.header.IfHeader",15,0.07,3.60,170,1.89,82672.59,20,5,12,47,6,120.53,281,221,4,1,102.40,0.00,0.00,0.27,4,40.00,16,5673.60,0,5,2,java.lang.Object,0.00,32,0,54,0,32,10,1,61,1070,1
"org.apache.jackrabbit.webdav.header.IfHeader$IfHeaderInterface",1,0.00,1.00,2,0.02,92.96,1,0,12,1,0,133.91,15,3,0,1,144.27,0.00,0.00,0.00,0,1.00,1,46.48,0,0,0,,0.00,0,0,1,0,0,1,0,1,16,2
"org.apache.jackrabbit.webdav.header.IfHeader$IfHeaderList",1,0.00,3.00,12,0.13,3616.66,1,0,12,3,0,102.00,16,13,0,2,102.47,0.00,0.50,0.00,0,0.00,3,381.64,0,0,0,java.util.ArrayList,0.00,2,1,3,0,2,1,1,2,79,2
"org.apache.jackrabbit.webdav.header.IfHeader$IfHeaderMap",1,0.00,2.00,9,0.12,3416.54,1,0,12,3,0,78.04,13,12,0,2,107.42,0.00,0.50,0.00,0,0.00,2,349.16,0,0,0,java.util.HashMap,0.00,2,1,2,0,2,1,1,1,75,2
"org.apache.jackrabbit.webdav.header.IfHeader$IfList",5,0.00,1.40,20,0.21,5317.98,5,0,12,9,0,74.63,49,25,0,2,124.63,0.00,0.50,0.00,0,8.00,3,634.37,1,0,0,java.util.ArrayList,0.00,4,1,7,0,4,5,0,6,144,2
"org.apache.jackrabbit.webdav.header.IfHeader$IfListEntry",6,0.07,1.33,17,0.14,2148.17,9,3,12,7,0,91.12,64,23,0,1,139.59,0.00,0.00,0.28,0,10.00,3,430.78,0,3,0,java.lang.Object,0.00,1,0,8,0,1,3,0,9,115,3
"org.apache.jackrabbit.webdav.header.IfHeader$IfListEntryEtag",3,0.00,1.00,7,0.05,450.34,3,0,12,3,0,94.53,25,11,0,2,142.63,0.00,0.50,0.00,0,3.00,1,141.86,1,1,0,org.apache.jackrabbit.webdav.header.IfListEntry,0.00,0,1,3,0,0,2,0,3,44,2
"org.apache.jackrabbit.webdav.header.IfHeader$IfListEntryToken",3,0.00,1.00,7,0.05,450.34,3,0,12,3,0,94.53,25,11,0,2,142.63,0.00,0.50,0.00,0,3.00,1,141.86,1,1,0,org.apache.jackrabbit.webdav.header.IfListEntry,0.00,0,1,3,0,0,2,0,3,44,2
"org.apache.jackrabbit.webdav.header.LabelHeader",5,0.38,1.40,19,0.16,3227.18,7,2,5,11,6,131.00,3,27,2,1,131.00,0.00,0.00,0.20,0,7.00,2,490.68,0,4,4,java.lang.Object,0.00,6,0,7,0,6,1,1,1,120,1
"org.apache.jackrabbit.webdav.header.OverwriteHeader",5,0.06,1.40,19,0.17,2753.38,9,4,4,8,5,152.16,17,26,3,1,131.54,0.00,0.00,0.30,0,2.00,2,510.42,0,2,2,java.lang.Object,0.00,3,0,7,0,3,3,1,4,124,1
"org.apache.jackrabbit.webdav.header.PollTimeoutHeader",3,0.00,1.00,9,0.08,1232.20,3,0,2,5,5,132.86,13,13,3,2,132.62,0.00,0.50,0.00,0,3.00,1,234.81,1,2,2,org.apache.jackrabbit.webdav.header.TimeoutHeader,0.22,2,1,3,0,2,1,0,2,61,1
"org.apache.jackrabbit.webdav.header.TimeoutHeader",6,0.30,2.00,33,0.38,16458.02,8,2,4,15,8,117.93,27,46,6,1,117.69,0.00,0.00,0.25,1,14.00,6,1138.55,0,3,2,java.lang.Object,0.00,9,0,12,1,9,3,2,5,234,1
"org.apache.jackrabbit.jcr.Dumpable",1,0.00,1.00,2,0.01,30.51,1,0,1,1,1,110.52,12,3,1,1,148.08,0.00,0.00,0.00,0,1.00,1,25.51,0,0,0,,0.00,0,0,1,0,0,1,0,2,11,1
"org.apache.jackrabbit.jcr.LogUtil",4,0.33,2.50,32,0.40,13782.50,5,1,10,20,15,59.25,37,47,9,1,109.25,0.00,0.00,0.75,1,0.00,4,1200.02,0,4,6,java.lang.Object,0.00,16,0,10,0,16,0,0,6,250,1
"org.apache.jackrabbit.jcr.ReferenceChangeTracker",6,0.07,1.83,27,0.31,6851.63,9,3,10,23,5,92.10,41,40,2,1,124.32,0.00,0.00,0.39,0,2.00,4,915.83,0,2,3,java.lang.Object,0.00,17,0,11,0,17,4,0,10,207,1
"org.apache.jackrabbit.jcr.StateUtility",3,0.00,2.67,24,0.27,11287.24,3,0,8,13,9,109.17,12,31,3,1,108.93,0.00,0.00,0.00,0,3.00,5,813.85,0,1,7,java.lang.Object,0.00,10,0,8,0,10,2,0,4,166,1
"org.apache.jackrabbit.jcr.AbstractMoveTest",4,0.20,1.25,24,0.24,4392.37,9,5,9,11,9,167.98,7,30,8,4,117.98,3.00,0.23,0.35,1,6.00,2,719.55,2,0,1,org.apache.jackrabbit.test.AbstractJCRTest,0.33,7,3,5,9,7,4,0,5,164,1
"org.apache.jackrabbit.jcr.AbstractMoveTreeTest",5,0.22,1.40,39,0.43,9027.65,14,9,12,15,3,113.75,3,45,2,4,113.75,0.67,0.50,0.29,3,6.00,3,1280.30,2,0,1,org.apache.jackrabbit.test.AbstractJCRTest,0.32,10,3,7,2,10,5,0,1,268,1
"org.apache.jackrabbit.jcr.AbstractRepositoryConfig",3,0.17,1.00,10,0.09,1497.77,6,3,4,4,3,181.95,4,14,1,1,131.95,0.00,0.00,0.22,0,5.00,1,256.12,0,1,2,java.lang.Object,0.00,1,0,3,0,1,2,1,2,65,2
"org.apache.jackrabbit.jcr.AccessByRelativePathTest",14,0.00,1.64,67,0.80,18270.12,16,2,7,31,3,91.67,97,97,1,4,123.89,0.00,0.75,0.50,0,0.00,4,2385.13,0,0,2,org.apache.jackrabbit.test.AbstractJCRTest,0.00,17,3,23,0,17,14,0,18,517,1
"org.apache.jackrabbit.jcr.AddNewPropertyTest",5,0.25,1.80,26,0.29,5233.46,7,2,11,14,3,103.14,26,39,1,4,121.01,0.00,0.75,0.30,0,0.00,2,872.73,2,0,2,org.apache.jackrabbit.test.AbstractJCRTest,0.32,9,3,9,0,9,5,0,6,194,1
"org.apache.jackrabbit.jcr.AddPropertyTest",8,0.07,1.12,84,1.06,23618.54,10,2,9,25,5,106.34,1,100,1,4,106.34,0.00,0.75,0.44,1,0.00,2,3173.80,1,0,4,org.apache.jackrabbit.test.AbstractJCRTest,0.14,17,3,9,0,17,8,0,1,653,1
"org.apache.jackrabbit.jcr.ExternalModificationTest",16,0.45,1.81,228,3.54,100934.92,20,4,11,52,5,138.07,34,264,1,4,98.19,0.00,0.75,0.67,1,0.00,4,10611.16,2,0,4,org.apache.jackrabbit.test.AbstractJCRTest,0.22,36,3,29,0,36,16,0,34,1942,1
"org.apache.jackrabbit.jcr.GetPropertyTest",11,0.28,1.45,102,1.50,36339.52,16,5,12,52,4,157.61,19,126,1,4,107.61,0.00,0.75,0.45,0,0.00,4,4500.88,2,0,3,org.apache.jackrabbit.test.AbstractJCRTest,0.26,41,3,16,0,41,11,0,19,881,1
"org.apache.jackrabbit.jcr.HierarchyNodeTest",4,0.43,2.50,55,0.85,30321.09,11,7,13,29,3,148.69,6,67,1,4,98.69,0.00,0.75,0.46,1,0.00,6,2540.76,2,0,2,org.apache.jackrabbit.test.AbstractJCRTest,0.33,25,3,10,0,25,4,0,4,470,1
"org.apache.jackrabbit.jcr.IsSameTest",19,1.00,1.26,199,2.85,65485.99,20,1,10,45,2,145.67,44,251,1,4,105.79,0.00,0.75,0.00,0,0.00,3,8535.71,0,0,1,org.apache.jackrabbit.test.AbstractJCRTest,0.00,26,3,24,0,26,19,0,23,1655,1
"org.apache.jackrabbit.jcr.ItemCache",2,0.00,1.00,3,0.01,59.70,2,0,2,2,4,117.09,15,4,3,2,159.39,0.00,0.50,0.00,0,2.00,1,41.60,0,1,1,,0.00,0,1,2,0,0,1,0,3,17,1
"org.apache.jackrabbit.jcr.ItemCacheImpl",9,0.12,2.67,64,0.81,21735.01,11,2,10,32,5,112.85,38,89,1,1,112.61,0.00,0.00,0.61,3,0.00,6,2434.22,0,1,4,java.lang.Object,0.00,23,0,24,0,23,8,2,17,494,1
"org.apache.jackrabbit.jcr.ItemImpl",32,0.01,2.12,173,2.09,64953.73,36,4,33,92,23,76.42,246,233,7,1,118.71,0.00,0.00,0.24,11,250.00,8,6257.98,0,9,16,java.lang.Object,0.00,60,0,68,4,60,23,2,78,1306,2
"org.apache.jackrabbit.jcr.ItemLifeCycleListener",3,0.00,1.00,4,0.02,80.99,3,0,1,3,6,109.73,29,5,6,1,159.73,0.00,0.00,0.00,0,3.00,1,67.16,0,0,0,,0.00,0,0,3,0,0,3,0,4,25,1
"org.apache.jackrabbit.jcr.ItemManager",11,0.00,1.00,12,0.10,582.92,11,0,11,11,14,109.32,92,13,11,1,157.42,0.00,0.00,0.00,0,11.00,1,311.10,0,5,3,,0.00,0,0,11,0,0,6,0,12,100,1
"org.apache.jackrabbit.jcr.ItemManagerImpl",18,0.09,2.50,125,1.43,33141.47,22,4,29,59,24,83.83,109,183,1,1,116.05,0.00,0.00,0.33,4,0.00,4,4292.49,0,6,24,java.lang.Object,0.00,41,0,45,0,41,12,3,57,912,1
"org.apache.jackrabbit.jcr.LazyItemIterator",12,0.12,1.92,77,0.75,21377.87,19,7,21,29,9,68.12,99,104,3,1,116.22,0.00,0.00,0.25,1,12.00,6,2258.07,0,5,6,java.lang.Object,0.00,17,0,23,0,17,7,3,30,474,1
"org.apache.jackrabbit.jcr.LazyItemIteratorTest",4,0.00,2.25,41,0.44,15964.44,4,0,5,14,3,105.39,16,52,1,4,105.15,0.00,0.75,0.00,0,0.00,3,1315.73,1,0,2,org.apache.jackrabbit.test.AbstractJCRTest,0.17,10,3,9,0,10,4,0,11,269,1
"org.apache.jackrabbit.jcr.LoginTest",3,1.00,1.00,17,0.20,3213.67,4,1,5,10,2,121.07,1,27,1,4,121.07,0.00,0.75,0.00,0,0.00,1,597.38,0,0,1,org.apache.jackrabbit.test.AbstractJCRTest,0.00,7,3,3,0,7,3,0,1,136,1
"org.apache.jackrabbit.jcr.ManagerProvider",12,0.00,1.00,13,0.09,473.70,12,0,12,12,23,198.31,26,14,12,1,158.43,0.00,0.00,0.00,0,12.00,1,262.07,0,12,11,,0.00,0,0,12,0,0,0,0,4,92,1
"org.apache.jackrabbit.jcr.MixinModificationTest",4,1.00,3.00,55,0.70,24275.03,5,1,11,27,5,139.29,11,77,1,4,99.40,0.00,0.75,0.00,1,0.00,5,2100.19,0,0,4,org.apache.jackrabbit.test.AbstractJCRTest,0.00,23,3,12,0,23,4,0,11,397,1
"org.apache.jackrabbit.jcr.MoveCombinedTest",8,0.07,1.12,44,0.48,7260.81,10,2,6,24,2,121.61,1,54,1,5,121.61,0.00,0.80,0.44,0,0.00,2,1443.20,3,0,1,org.apache.jackrabbit.jcr2spi.AbstractMoveTest,0.47,16,4,9,0,16,8,0,1,323,1
"org.apache.jackrabbit.jcr.MoveMultipleTest",11,0.25,1.09,126,1.98,55317.97,13,2,8,40,3,103.22,47,142,1,5,102.99,0.00,0.80,0.27,0,0.00,2,5944.53,2,0,2,org.apache.jackrabbit.jcr2spi.AbstractMoveTest,0.29,29,4,12,0,29,11,0,21,1155,1
"org.apache.jackrabbit.jcr.MoveNewTreeTest",9,1.00,1.56,58,0.68,14168.96,10,1,8,28,2,156.58,18,74,1,5,116.70,0.00,0.80,0.00,0,0.00,4,2029.99,0,0,1,org.apache.jackrabbit.jcr2spi.AbstractMoveTreeTest,0.29,19,4,14,0,19,9,0,7,433,1
"org.apache.jackrabbit.jcr.MoveReferenceableTest",6,1.00,1.17,32,0.36,5797.77,7,1,5,18,3,121.62,25,40,1,5,121.38,0.00,0.80,0.00,0,0.00,2,1075.58,2,0,2,org.apache.jackrabbit.jcr2spi.AbstractMoveTest,0.33,12,4,7,0,12,6,0,12,240,1
"org.apache.jackrabbit.jcr.MoveSNSTest",9,0.04,2.00,72,0.80,16223.46,12,3,8,25,3,111.75,44,87,1,5,111.51,0.00,0.80,0.37,0,0.00,4,2394.83,3,0,2,org.apache.jackrabbit.jcr2spi.AbstractMoveTest,0.45,16,4,18,0,16,9,0,15,491,1
"org.apache.jackrabbit.jcr.MoveTest",13,1.00,2.15,92,1.13,27971.30,14,1,10,31,4,95.18,71,128,2,5,113.05,0.25,0.67,0.00,0,0.00,4,3397.27,1,0,2,org.apache.jackrabbit.jcr2spi.AbstractMoveTest,0.14,18,4,28,1,18,13,0,31,689,1
"org.apache.jackrabbit.jcr.MoveToNewTest",9,0.75,1.44,109,1.40,35622.12,13,4,7,40,3,152.33,14,128,1,4,102.33,0.00,0.75,0.92,0,0.00,2,4190.08,2,0,2,org.apache.jackrabbit.test.AbstractJCRTest,0.28,31,3,13,0,31,9,0,14,812,1
"org.apache.jackrabbit.jcr.MoveTreeTest",10,1.00,1.70,58,0.66,13739.39,11,1,5,25,2,120.09,8,75,1,5,120.09,0.00,0.80,0.00,0,0.00,3,1973.41,0,0,1,org.apache.jackrabbit.jcr2spi.AbstractMoveTreeTest,0.29,15,4,17,0,15,10,0,6,428,1
"org.apache.jackrabbit.jcr.MultiValuedPropertyTest",7,1.00,3.00,57,0.56,13656.42,8,1,8,18,4,68.86,51,92,1,4,111.15,0.00,0.75,0.00,0,0.00,3,1682.35,0,0,3,org.apache.jackrabbit.test.AbstractJCRTest,0.00,11,3,21,0,11,7,0,15,347,1
"org.apache.jackrabbit.jcr.NamespaceRegistryImpl",7,0.08,1.29,25,0.31,6483.23,9,2,7,19,2,130.02,32,37,1,1,129.78,0.00,0.00,0.57,0,0.00,2,930.45,0,4,1,java.lang.Object,0.00,12,0,9,0,12,3,1,11,219,1
"org.apache.jackrabbit.jcr.NamespaceStorage",5,0.00,1.00,6,0.06,404.62,5,0,5,5,2,155.97,3,7,2,1,155.97,0.00,0.00,0.00,0,5.00,1,185.88,0,3,0,,0.00,0,0,5,0,0,2,0,1,57,1
"org.apache.jackrabbit.jcr.NodeImpl",90,0.38,2.31,663,9.43,312906.77,92,2,64,274,42,93.52,538,884,6,2,111.40,2.00,0.25,0.12,35,0.00,7,28297.84,6,54,37,org.apache.jackrabbit.jcr2spi.ItemImpl,0.05,184,1,208,2,184,36,1,220,5459,1
"org.apache.jackrabbit.jcr.NodeOrderTest",7,0.08,1.57,53,0.70,18208.26,9,2,8,23,3,152.36,19,71,1,4,112.48,0.00,0.75,0.43,1,0.00,4,2098.54,2,0,2,org.apache.jackrabbit.test.AbstractJCRTest,0.30,16,3,11,0,16,7,0,5,435,1
"org.apache.jackrabbit.jcr.PropertyImpl",38,0.50,1.87,218,2.64,84902.85,40,2,26,84,15,118.65,174,275,2,2,118.41,0.00,0.50,0.01,13,106.00,9,7934.74,5,12,13,org.apache.jackrabbit.jcr2spi.ItemImpl,0.09,46,1,71,0,46,26,1,61,1631,1
"org.apache.jackrabbit.jcr.PropertyLengthTest",12,1.00,2.25,81,1.08,46479.55,13,1,12,42,3,113.53,3,109,0,4,113.53,0.00,0.75,0.08,2,22.00,13,3252.46,0,1,3,org.apache.jackrabbit.test.AbstractJCRTest,0.00,30,3,27,0,30,11,0,1,620,1
"org.apache.jackrabbit.jcr.RefreshFalseTest",6,0.00,1.83,48,0.56,10408.99,8,2,11,25,3,161.66,10,63,1,4,111.66,0.00,0.75,0.50,0,0.00,3,1683.38,2,0,2,org.apache.jackrabbit.test.AbstractJCRTest,0.31,19,3,11,0,19,6,0,8,347,1
"org.apache.jackrabbit.jcr.RefreshMovedTest",4,0.42,1.25,32,0.40,7361.40,8,4,7,20,2,93.68,23,41,1,4,111.55,0.00,0.75,0.56,0,0.00,2,1210.20,2,0,1,org.apache.jackrabbit.test.AbstractJCRTest,0.33,16,3,5,0,16,4,0,11,255,1
"org.apache.jackrabbit.jcr.RefreshTrueTest",6,0.00,1.67,52,0.63,13174.62,8,2,9,31,3,160.88,11,66,1,4,110.88,0.00,0.75,0.50,0,0.00,3,1894.42,2,0,2,org.apache.jackrabbit.test.AbstractJCRTest,0.31,25,3,10,0,25,6,0,9,390,1
"org.apache.jackrabbit.jcr.RemoveItemTest",11,0.07,1.73,60,0.51,7724.78,14,3,13,22,4,143.00,42,87,2,4,122.39,1.33,0.38,0.39,0,0.00,4,1542.07,2,1,2,org.apache.jackrabbit.test.AbstractJCRTest,0.26,11,3,19,4,11,10,0,18,364,2
"org.apache.jackrabbit.jcr.RemoveMovedNodeTest",7,1.00,1.00,54,0.60,11857.87,8,1,3,19,2,164.05,9,62,1,5,114.05,0.00,0.80,0.00,0,3.00,1,1806.34,3,0,1,org.apache.jackrabbit.jcr2spi.AbstractMoveTest,0.48,12,4,7,0,12,7,0,9,390,1
"org.apache.jackrabbit.jcr.RemoveNewNodeTest",6,0.00,2.17,39,0.35,6551.73,8,2,8,21,2,138.49,23,59,0,4,117.87,0.00,0.75,0.50,0,0.00,6,1064.05,2,0,2,org.apache.jackrabbit.test.AbstractJCRTest,0.31,15,3,13,0,15,6,0,12,242,1
"org.apache.jackrabbit.jcr.RemoveNodeTest",6,1.00,2.33,52,0.56,11026.74,7,1,9,25,5,93.54,30,76,3,5,111.41,0.50,0.57,0.00,0,0.00,3,1693.17,0,1,2,org.apache.jackrabbit.jcr2spi.RemoveItemTest,0.14,19,4,14,2,19,5,0,16,355,1
"org.apache.jackrabbit.jcr.RemovePropertyTest",5,1.00,2.60,40,0.41,8823.21,6,1,13,18,3,93.65,27,60,1,5,111.53,0.00,0.80,0.00,0,0.00,3,1241.37,0,1,2,org.apache.jackrabbit.jcr2spi.RemoveItemTest,0.14,13,4,13,0,13,4,0,13,268,1
"org.apache.jackrabbit.jcr.RemoveReferenceableNodeTest",3,0.00,2.33,23,0.24,5077.23,5,2,7,13,3,95.98,16,33,1,6,113.86,0.00,0.83,0.50,0,0.00,3,719.84,1,1,2,org.apache.jackrabbit.jcr2spi.RemoveNodeTest,0.15,10,5,7,0,10,2,0,8,156,1
"org.apache.jackrabbit.jcr.RemoveSNSTest",6,0.20,2.00,43,0.47,8147.64,9,3,7,19,3,96.77,32,60,1,6,114.65,0.00,0.83,0.50,0,0.00,3,1395.56,1,1,2,org.apache.jackrabbit.jcr2spi.RemoveNodeTest,0.28,13,5,12,0,13,5,0,14,294,1
"org.apache.jackrabbit.jcr.RenameTest",4,0.22,1.00,20,0.19,2634.01,7,3,3,10,2,122.73,3,25,1,5,122.73,0.00,0.80,0.50,0,0.00,1,574.05,2,0,1,org.apache.jackrabbit.jcr2spi.AbstractMoveTest,0.36,6,4,4,0,6,4,0,1,138,1
"org.apache.jackrabbit.jcr.ReorderMixedTest",1,1.00,1.00,8,0.11,1902.39,2,1,8,4,2,132.10,3,10,1,5,111.49,0.00,0.80,0.00,0,0.00,1,326.12,0,0,1,org.apache.jackrabbit.jcr2spi.ReorderTest,0.15,3,4,1,0,3,1,0,1,73,1
"org.apache.jackrabbit.jcr.ReorderMoveTest",13,0.25,1.38,120,2.02,64748.33,17,4,10,37,5,106.45,53,140,1,4,106.21,0.00,0.75,0.48,3,0.00,2,6046.91,2,2,4,org.apache.jackrabbit.test.AbstractJCRTest,0.24,24,3,18,0,24,11,0,25,1181,1
"org.apache.jackrabbit.jcr.ReorderNewAndSavedTest",3,1.00,1.00,18,0.25,4417.10,4,1,9,8,2,167.03,3,22,1,5,117.03,0.00,0.80,0.00,0,0.00,1,736.18,2,0,1,org.apache.jackrabbit.jcr2spi.ReorderTest,0.43,5,4,3,0,5,3,0,1,163,1
"org.apache.jackrabbit.jcr.ReorderNewSNSTest",3,1.00,1.67,21,0.28,5302.98,4,1,10,10,2,163.79,5,27,1,5,113.79,0.00,0.80,0.00,0,0.00,2,844.57,2,0,1,org.apache.jackrabbit.jcr2spi.ReorderTest,0.43,7,4,5,0,7,3,0,3,178,1
"org.apache.jackrabbit.jcr.ReorderNewTest",3,1.00,1.67,21,0.28,5077.53,4,1,10,10,2,163.93,5,27,1,5,113.93,0.00,0.80,0.00,0,0.00,2,838.07,2,0,1,org.apache.jackrabbit.jcr2spi.ReorderTest,0.43,7,4,5,0,7,3,0,3,176,1
"org.apache.jackrabbit.jcr.ReorderReferenceableSNSTest",1,1.00,3.00,17,0.21,9429.89,2,1,5,7,3,114.17,3,18,1,5,93.55,0.00,0.80,0.00,0,0.00,3,616.57,0,0,2,org.apache.jackrabbit.jcr2spi.ReorderTest,0.15,6,4,3,0,6,1,0,1,123,1
"org.apache.jackrabbit.jcr.ReorderSNSTest",3,1.00,1.00,27,0.37,8040.38,4,1,9,13,2,158.41,3,31,1,5,108.41,0.00,0.80,0.00,0,0.00,1,1110.44,1,0,1,org.apache.jackrabbit.jcr2spi.ReorderTest,0.14,10,4,3,0,10,3,0,1,242,1
"org.apache.jackrabbit.jcr.ReorderTest",12,0.44,1.50,83,1.07,28360.61,17,5,14,32,9,115.31,3,104,7,4,115.31,2.00,0.30,0.60,3,0.00,4,3210.95,2,1,2,org.apache.jackrabbit.test.AbstractJCRTest,0.25,20,3,18,6,20,11,0,1,690,1
"org.apache.jackrabbit.jcr.ReplaceNodeTest",4,0.33,2.25,33,0.41,9101.66,7,3,7,18,3,110.93,17,45,1,4,110.69,0.00,0.75,0.58,0,0.00,4,1219.56,2,0,2,org.apache.jackrabbit.test.AbstractJCRTest,0.33,14,3,9,0,14,4,0,15,252,1
"org.apache.jackrabbit.jcr.RepositoryImpl",6,0.00,1.83,39,0.52,18324.17,9,3,21,27,12,66.29,50,50,6,2,114.39,0.00,0.50,0.33,0,10.00,4,1561.82,0,5,6,org.apache.jackrabbit.commons.AbstractRepository,0.00,21,1,11,0,21,1,1,11,324,1
"org.apache.jackrabbit.jcr.RepositoryImpl$Factory",1,0.00,9.00,37,0.67,46999.74,3,2,21,16,2,125.21,1,46,0,1,75.21,0.00,0.00,1.00,0,0.00,9,2012.76,0,1,2,java.lang.Object,0.00,15,0,9,0,15,0,1,1,336,2
"org.apache.jackrabbit.jcr.RevertMoveTest",3,1.00,1.33,21,0.26,4661.49,4,1,4,15,2,96.41,17,27,1,5,114.28,0.00,0.80,0.00,0,1.00,2,794.18,1,0,1,org.apache.jackrabbit.jcr2spi.AbstractMoveTest,0.19,12,4,4,0,12,3,0,4,168,1
"org.apache.jackrabbit.jcr.SNSIndexTest",11,0.15,1.64,93,1.07,32000.58,19,8,9,26,3,149.81,31,116,1,4,109.92,0.00,0.75,0.26,2,37.00,3,3197.12,2,1,2,org.apache.jackrabbit.test.AbstractJCRTest,0.26,15,3,18,0,15,10,0,12,667,1
"org.apache.jackrabbit.jcr.SessionImpl",64,0.00,1.62,307,3.43,95821.25,77,13,76,174,56,123.66,259,415,11,2,123.43,1.00,0.33,0.08,17,2348.00,6,10299.13,3,39,50,org.apache.jackrabbit.commons.AbstractSession,0.03,110,1,104,1,110,25,2,93,2178,1
"org.apache.jackrabbit.jcr.SessionListener",2,0.00,1.00,3,0.01,46.02,2,0,1,2,3,110.28,19,4,3,1,160.28,0.00,0.00,0.00,0,2.00,1,41.02,0,0,0,,0.00,0,0,2,0,0,2,0,3,17,1
"org.apache.jackrabbit.jcr.SingleValuedPropertyTest",1,1.00,3.00,9,0.10,2154.06,2,1,8,6,4,66.61,7,14,1,4,108.90,0.00,0.75,0.00,0,0.00,3,298.61,0,0,3,org.apache.jackrabbit.test.AbstractJCRTest,0.00,5,3,3,0,5,1,0,3,65,1
"org.apache.jackrabbit.jcr.TestAll",1,1.00,1.00,47,0.71,29599.47,2,1,5,4,43,63.06,15,49,1,2,73.42,0.00,0.50,0.00,0,1.00,1,2139.01,0,1,42,junit.framework.TestCase,0.00,3,1,1,0,3,0,0,13,373,1
"org.apache.jackrabbit.jcr.TestConnect",1,0.00,2.00,8,0.09,1553.91,1,0,3,5,1,132.64,3,8,0,4,112.02,0.00,0.75,0.00,0,0.00,2,261.63,0,0,1,org.apache.jackrabbit.test.AbstractJCRTest,0.00,4,3,2,0,4,1,0,1,59,1
"org.apache.jackrabbit.jcr.UpdateTest",10,0.33,3.20,101,1.30,41045.87,12,2,14,36,3,154.98,19,146,1,4,104.98,0.00,0.75,0.20,1,0.00,6,3907.22,1,1,2,org.apache.jackrabbit.test.AbstractJCRTest,0.13,26,3,32,0,26,9,0,17,753,1
"org.apache.jackrabbit.jcr.WorkspaceImpl",39,0.03,1.23,164,1.98,42285.52,47,8,59,92,41,145.21,145,228,4,1,124.59,0.00,0.00,0.15,7,0.00,3,5929.94,0,30,38,java.lang.Object,0.00,53,0,48,0,53,9,2,61,1243,1
"org.apache.jackrabbit.jcr.WorkspaceManager",43,0.06,1.63,234,2.59,70619.42,59,16,94,119,73,101.62,220,315,7,1,119.49,0.00,0.00,0.12,5,214.00,11,7779.07,0,25,67,java.lang.Object,0.00,76,0,70,0,76,18,3,59,1615,1
"org.apache.jackrabbit.jcr.WorkspaceManager$ChangePolling",2,1.00,5.00,29,0.39,17962.32,3,1,94,4,3,64.52,12,45,0,1,96.75,0.00,0.00,0.50,0,2.00,9,1160.92,0,0,3,java.lang.Object,0.00,2,0,10,0,2,2,1,6,209,2
"org.apache.jackrabbit.jcr.WorkspaceManager$NodeTypeStorage",5,0.00,1.00,11,0.11,1354.49,5,0,94,6,2,140.61,0,16,0,1,140.61,0.00,0.00,0.00,0,7.00,1,341.47,0,2,2,java.lang.Object,0.00,1,0,5,0,1,3,0,0,88,0
"org.apache.jackrabbit.jcr.WorkspaceManager$OperationVisitorImpl",25,0.00,1.44,121,1.78,39503.09,27,2,94,105,35,123.50,102,161,0,1,123.27,0.00,0.00,0.50,0,0.00,7,5351.48,0,0,35,java.lang.Object,0.00,80,0,36,0,80,25,1,30,1120,2
"org.apache.jackrabbit.jcr.WorkspaceMoveTest",4,0.00,2.00,23,0.24,5732.06,4,0,4,10,2,120.15,18,36,0,6,119.91,0.00,0.83,0.00,0,4.00,3,716.44,2,0,2,org.apache.jackrabbit.jcr2spi.MoveTest,0.44,6,5,8,0,6,4,0,11,154,1
"org.apache.jackrabbit.jcr.XASession",1,0.00,1.00,2,0.01,44.19,1,0,2,1,1,173.10,19,3,1,2,146.81,0.00,0.50,0.00,0,1.00,1,26.09,0,1,0,,0.00,0,1,1,0,0,0,0,2,11,1
"org.apache.jackrabbit.jcr.XASessionImpl",2,1.00,1.00,7,0.06,760.70,3,1,5,3,5,84.41,20,11,2,3,132.88,0.00,0.67,0.50,0,2.00,1,178.68,0,1,4,org.apache.jackrabbit.jcr2spi.SessionImpl,0.00,1,2,2,0,1,1,1,5,48,1
"org.apache.jackrabbit.ocm.manager.uuid.AllTests",2,0.00,1.00,8,0.06,1287.47,2,0,3,5,4,147.04,7,11,1,1,126.42,0.00,0.00,0.00,1,2.00,1,190.58,0,2,3,java.lang.Object,0.00,3,0,2,0,3,0,0,3,50,1
"org.apache.jackrabbit.ocm.manager.uuid.AnnotationUuidTest",9,0.50,2.11,220,2.81,108920.05,10,1,13,52,5,105.33,162,291,2,4,87.19,0.00,0.75,0.56,0,4.00,3,8438.93,2,1,3,org.apache.jackrabbit.ocm.AnnotationTestBase,0.00,43,3,19,0,43,8,0,129,1494,1
"org.apache.jackrabbit.ocm.manager.uuid.DigesterUuidTest",8,0.43,2.12,197,2.53,98041.88,9,1,13,50,5,105.28,150,261,2,4,87.15,0.00,0.75,0.62,0,0.00,3,7582.77,2,1,3,org.apache.jackrabbit.ocm.DigesterTestBase,0.00,42,3,17,0,42,7,0,117,1339,1
"org.apache.jackrabbit.spi.commons.value.QValueFactoryImpl",13,0.19,2.23,75,1.08,42461.16,17,4,32,44,21,117.31,61,114,8,1,117.07,0.00,0.00,0.08,0,35.00,7,3250.29,0,12,13,java.lang.Object,0.00,31,0,29,0,31,1,1,24,646,2
"org.apache.jackrabbit.spi.commons.value.QValueFactoryImpl$BinaryQValue",21,0.02,2.62,166,1.80,77297.10,27,6,32,61,6,68.88,166,234,0,1,111.17,0.00,0.00,0.18,2,57.00,5,5399.30,0,6,6,java.lang.Object,0.00,40,0,55,0,40,15,2,59,1095,2
"org.apache.jackrabbit.spi.commons.value.QValueFactoryImpl$DateQValue",4,0.00,1.50,16,0.12,2292.16,5,1,32,7,1,126.96,16,23,0,2,126.73,0.00,0.50,1.00,0,0.00,3,372.30,0,1,1,org.apache.jackrabbit.spi.commons.value.QValueImpl,0.00,3,1,6,0,3,3,0,3,96,2
"org.apache.jackrabbit.spi.commons.value.QValueFactoryImpl$QValueImpl",21,0.11,1.95,106,1.15,33183.38,25,4,32,43,5,159.47,52,149,0,1,119.58,0.00,0.00,0.36,1,0.00,5,3444.67,0,6,5,java.lang.Object,0.00,22,0,41,0,22,15,2,18,751,2
"org.apache.jackrabbit.spi.commons.value.QValueTest",46,0.05,1.48,264,3.51,78914.79,50,4,26,104,9,169.37,57,356,0,2,119.37,0.00,0.50,0.30,2,0.00,4,10544.21,0,0,9,junit.framework.TestCase,0.00,58,1,68,0,58,46,0,35,2210,1
"org.apache.jackrabbit.spi.commons.value.QValueValue",13,0.07,1.77,64,0.68,17725.35,20,7,10,33,5,105.85,73,90,3,1,123.73,0.00,0.00,0.21,3,0.00,5,2025.93,0,4,2,java.lang.Object,0.00,20,0,23,0,20,9,1,24,451,2
"org.apache.jackrabbit.spi.commons.value.ValueFactoryQImpl",10,0.39,2.40,59,0.71,21230.86,12,2,17,17,10,118.76,46,90,2,1,118.53,0.00,0.00,0.85,0,0.00,8,2129.29,0,9,8,java.lang.Object,0.00,7,0,24,0,7,1,1,12,450,1
"org.apache.jackrabbit.spi.commons.value.ValueFormat",4,0.00,7.25,75,1.21,68287.22,4,0,13,35,25,42.29,34,117,17,1,90.39,0.00,0.00,0.00,1,4.00,10,3630.02,0,4,8,java.lang.Object,0.00,31,0,29,0,31,0,0,5,646,1
"org.apache.jackrabbit.webdav.jcr.search.SearchResourceImpl",6,0.07,3.33,91,1.33,61228.38,9,3,28,62,15,47.18,53,108,1,1,95.28,0.00,0.00,0.28,3,14.00,10,3989.78,0,5,14,java.lang.Object,0.00,56,0,20,0,56,1,1,17,681,1
"org.apache.jackrabbit.webdav.jcr.search.SearchResultProperty",7,0.20,2.43,66,1.01,37799.01,12,5,18,38,7,57.33,75,84,1,2,105.81,0.00,0.50,0.37,1,2.00,6,3024.63,1,4,6,org.apache.jackrabbit.webdav.property.AbstractDavProperty,0.00,31,1,17,0,31,3,1,8,555,1
"org.apache.jackrabbit.spi.commons.batch.ChangeLog",1,0.00,1.00,2,0.01,98.52,1,0,2,1,4,114.69,13,3,3,2,144.07,0.00,0.50,0.00,0,1.00,1,42.51,0,1,1,,0.00,0,1,1,0,0,0,0,2,15,1
"org.apache.jackrabbit.spi.commons.batch.ChangeLogImpl",15,0.93,1.47,54,0.56,10711.48,16,1,10,32,12,180.64,16,74,3,1,130.64,0.00,0.00,0.13,2,37.00,4,1689.85,0,2,9,java.lang.Object,0.00,17,0,22,2,17,13,1,4,409,1
"org.apache.jackrabbit.spi.commons.batch.ConsolidatedBatchTest",9,0.02,1.67,44,2.37,417154.37,14,5,18,38,15,132.30,32,342,0,2,111.68,0.00,0.50,0.18,3,46.00,4,7107.91,0,7,15,junit.framework.TestCase,0.00,29,1,15,0,29,2,0,32,1379,1
"org.apache.jackrabbit.spi.commons.batch.ConsolidatedBatchTest$TestChangeLog",8,0.00,1.00,30,0.37,5564.16,8,0,18,15,5,130.82,0,40,0,2,130.82,0.00,0.50,0.00,1,8.00,1,1121.16,6,8,5,org.apache.jackrabbit.spi.commons.batch.ChangeLogImpl,0.00,7,1,8,0,7,0,0,0,257,1
"org.apache.jackrabbit.spi.commons.batch.ConsolidatingChangeLog",13,1.00,1.31,53,0.67,21306.65,14,1,12,30,17,143.78,50,76,6,2,123.17,0.00,0.50,0.08,1,24.00,3,2011.57,1,2,11,org.apache.jackrabbit.spi.commons.batch.ChangeLogImpl,0.00,17,1,17,0,17,11,0,10,441,1
"org.apache.jackrabbit.spi.commons.batch.ConsolidatingChangeLog$CancelableOperation",1,4.00,1.00,6,0.07,1096.68,5,4,12,1,0,151.42,20,7,0,2,118.03,0.00,0.50,0.00,0,1.00,1,210.05,0,0,0,,0.00,0,1,1,0,0,1,0,5,51,1
"org.apache.jackrabbit.spi.commons.batch.ConsolidatingChangeLog$CancelableOperations",11,0.00,1.00,31,0.38,9065.80,11,0,12,19,5,92.68,127,44,0,1,136.81,0.00,0.00,0.00,0,11.00,1,1130.59,0,10,5,java.lang.Object,0.00,8,0,11,0,8,1,0,26,283,3
"org.apache.jackrabbit.spi.commons.batch.ConsolidatingChangeLog$CancelableOperations$AddNode",2,0.00,2.50,11,0.14,3440.00,2,0,12,5,4,76.95,14,18,0,2,119.24,0.00,0.50,0.00,0,2.00,4,428.87,0,0,4,Operations.AddNode,0.00,3,1,5,0,3,2,1,1,95,2
"org.apache.jackrabbit.spi.commons.batch.ConsolidatingChangeLog$CancelableOperations$AddProperty",3,0.00,4.00,28,0.38,26335.39,3,0,12,7,5,71.81,20,39,0,2,104.03,0.00,0.50,0.00,0,3.00,10,1128.15,0,0,5,Operations.AddProperty,0.00,4,1,12,0,4,3,1,1,217,2
"org.apache.jackrabbit.spi.commons.batch.ConsolidatingChangeLog$CancelableOperations$Empty",1,0.00,1.00,3,0.03,299.58,1,0,12,1,0,154.32,3,5,0,2,133.70,0.00,0.50,0.00,0,1.00,1,79.56,0,0,0,Operations.Empty,0.00,0,1,1,0,0,1,1,1,23,2
"org.apache.jackrabbit.spi.commons.batch.ConsolidatingChangeLog$CancelableOperations$Move",2,0.00,1.00,5,0.04,427.53,2,0,12,2,2,191.42,3,8,0,2,141.42,0.00,0.50,0.00,0,2.00,1,125.11,0,0,2,Operations.Move,0.00,0,1,2,0,0,2,1,1,37,2
"org.apache.jackrabbit.spi.commons.batch.ConsolidatingChangeLog$CancelableOperations$Remove",2,0.00,1.00,5,0.03,328.57,2,0,12,2,1,192.32,3,8,0,2,142.32,0.00,0.50,0.00,0,2.00,1,99.76,0,0,1,Operations.Remove,0.00,0,1,2,0,0,2,1,1,31,2
"org.apache.jackrabbit.spi.commons.batch.ConsolidatingChangeLog$CancelableOperations$ReorderNodes",3,0.00,2.33,16,0.25,11077.58,3,0,12,8,3,116.88,13,26,0,2,116.64,0.00,0.50,0.00,0,3.00,5,762.74,0,0,3,Operations.ReorderNodes,0.00,5,1,7,0,5,3,1,1,162,2
"org.apache.jackrabbit.spi.commons.batch.ConsolidatingChangeLog$CancelableOperations$SetMixins",2,0.00,4.50,22,0.29,22747.13,2,0,12,6,4,67.65,12,30,0,2,99.87,0.00,0.50,0.00,0,2.00,8,883.04,0,0,4,Operations.SetMixins,0.00,4,1,9,0,4,2,1,1,173,2
"org.apache.jackrabbit.spi.commons.batch.ConsolidatingChangeLog$CancelableOperations$SetValue",3,0.00,2.33,16,0.20,8512.01,3,0,12,6,4,117.78,12,25,0,2,117.54,0.00,0.50,0.00,0,3.00,5,613.67,0,0,4,Operations.SetValue,0.00,3,1,7,0,3,3,1,1,136,2
"org.apache.jackrabbit.spi.commons.batch.ConsolidatingChangeLog$OperationsBackwardWithSentinel",3,0.67,1.67,19,0.16,2846.46,6,3,12,10,0,118.41,0,27,0,1,118.41,0.00,0.00,0.78,0,0.00,2,470.76,0,1,0,java.lang.Object,0.00,7,0,5,0,7,2,1,0,112,1
"org.apache.jackrabbit.spi.commons.batch.Operation",1,0.00,1.00,2,0.01,69.06,1,0,2,1,12,97.18,8,3,11,1,145.29,0.00,0.00,0.00,0,1.00,1,36.53,0,0,1,,0.00,0,0,1,0,0,1,0,2,13,1
"org.apache.jackrabbit.spi.commons.batch.Operations",13,0.00,1.15,35,0.39,6615.49,13,0,8,22,15,89.95,130,53,8,1,138.42,0.00,0.00,0.00,0,13.00,2,1159.52,0,10,7,java.lang.Object,0.00,9,0,15,0,9,3,0,28,297,2
"org.apache.jackrabbit.spi.commons.batch.Operations$AddNode",6,0.50,1.50,27,0.32,6484.56,10,4,8,9,5,164.44,12,46,0,1,124.56,0.00,0.00,0.67,1,0.00,4,956.06,0,1,5,java.lang.Object,0.00,3,0,9,0,3,5,1,2,238,2
"org.apache.jackrabbit.spi.commons.batch.Operations$AddProperty",8,0.21,1.50,35,0.38,7308.52,12,4,8,12,6,165.02,19,55,0,1,125.13,0.00,0.00,0.44,1,8.00,4,1135.65,0,1,6,java.lang.Object,0.00,4,0,12,0,4,7,1,3,278,2
"org.apache.jackrabbit.spi.commons.batch.Operations$Empty",5,1.00,1.20,13,0.09,1404.94,6,1,8,7,2,190.45,5,19,0,1,140.45,0.00,0.00,0.00,0,5.00,2,264.39,0,1,2,java.lang.Object,0.00,2,0,6,0,2,4,1,2,76,2
"org.apache.jackrabbit.spi.commons.batch.Operations$Move",6,0.40,1.50,25,0.26,5005.86,9,3,8,9,5,175.44,11,41,0,1,125.44,0.00,0.00,0.67,1,0.00,4,787.61,0,1,5,java.lang.Object,0.00,3,0,9,0,3,5,1,2,201,2
"org.apache.jackrabbit.spi.commons.batch.Operations$Remove",6,0.40,1.50,21,0.16,2395.98,7,1,8,9,4,182.62,9,31,0,1,132.62,0.00,0.00,0.67,1,0.00,4,474.24,0,1,4,java.lang.Object,0.00,3,0,9,0,3,5,1,2,127,2
"org.apache.jackrabbit.spi.commons.batch.Operations$ReorderNodes",6,0.40,1.50,25,0.26,5150.35,9,3,8,9,4,175.35,11,41,0,1,125.35,0.00,0.00,0.67,1,0.00,4,781.81,0,1,4,java.lang.Object,0.00,3,0,9,0,3,5,1,2,201,2
"org.apache.jackrabbit.spi.commons.batch.Operations$SetMixins",6,0.20,1.50,23,0.22,3680.79,8,2,8,10,5,181.16,10,36,0,1,131.16,0.00,0.00,0.67,1,0.00,4,646.37,0,1,5,java.lang.Object,0.00,4,0,9,0,4,5,1,2,166,2
"org.apache.jackrabbit.spi.commons.batch.Operations$SetValue",8,0.10,1.50,33,0.31,5613.04,11,3,8,12,5,165.92,17,50,0,1,126.04,0.00,0.00,0.42,1,8.00,4,931.50,0,1,5,java.lang.Object,0.00,4,0,12,0,4,7,1,3,234,2
"org.apache.jackrabbit.ocm.testmodel.inheritance.Node",6,0.20,1.00,16,0.12,1673.15,9,3,2,6,0,140.51,0,25,0,1,140.51,0.00,0.00,0.17,0,18.00,1,345.89,0,3,0,java.lang.Object,0.00,0,0,6,0,0,3,0,0,97,1
"org.apache.jackrabbit.webdav.version.report.CompareBaselineReport",6,0.09,3.33,82,1.31,61861.25,15,9,19,42,15,65.35,38,98,0,1,97.57,0.00,0.00,0.19,2,14.00,6,3925.24,0,3,15,java.lang.Object,0.00,36,0,20,0,36,3,1,19,697,1
"org.apache.jackrabbit.webdav.version.report.ExpandPropertyReport",9,0.16,2.11,57,0.74,27496.84,13,4,22,32,18,70.23,103,76,1,1,114.36,0.00,0.00,0.11,5,29.00,6,2214.50,0,4,18,java.lang.Object,0.00,23,0,19,0,23,5,2,16,440,1
"org.apache.jackrabbit.webdav.version.report.ExpandPropertyReport$ExpandProperty",2,0.00,2.00,15,0.17,4134.50,3,1,22,10,7,80.99,12,18,0,2,113.21,0.00,0.50,1.00,0,0.00,3,512.91,0,1,7,org.apache.jackrabbit.webdav.property.AbstractDavProperty,0.00,8,1,4,0,8,1,0,3,105,1
"org.apache.jackrabbit.webdav.version.report.LatestActivityVersionReport",5,0.08,2.60,49,0.69,23986.75,11,6,16,30,14,58.09,43,61,0,1,106.20,0.00,0.00,0.23,1,13.00,6,2061.04,0,3,14,java.lang.Object,0.00,25,0,13,0,25,2,1,15,390,1
"org.apache.jackrabbit.webdav.version.report.LocateByHistoryReport",7,0.08,2.57,47,0.65,22105.22,11,4,17,30,15,66.09,60,68,1,1,114.20,0.00,0.00,0.18,3,18.00,7,1950.05,0,3,15,java.lang.Object,0.00,23,0,18,0,23,4,2,10,383,1
"org.apache.jackrabbit.webdav.version.report.Report",3,0.00,1.00,4,0.03,141.96,3,0,4,3,28,109.33,31,5,24,2,157.81,0.00,0.50,0.00,0,3.00,1,76.78,0,1,6,,0.00,0,1,3,0,0,2,0,4,27,1
"org.apache.jackrabbit.webdav.version.report.ReportInfo",12,0.03,2.33,81,0.99,28872.45,18,6,16,41,37,72.86,88,109,29,1,115.15,0.00,0.00,0.19,1,40.00,5,2956.08,0,5,9,java.lang.Object,0.00,29,0,28,0,29,7,1,14,603,1
"org.apache.jackrabbit.webdav.version.report.ReportType",9,0.01,2.11,58,0.81,30232.91,18,9,12,25,33,71.74,64,80,26,1,114.03,0.00,0.00,0.10,1,46.00,6,2422.50,0,6,12,java.lang.Object,0.00,16,0,19,0,16,3,2,12,488,1
"org.apache.jackrabbit.webdav.version.report.SupportedReportSetProperty",6,0.20,1.67,31,0.33,6620.43,8,2,9,15,9,78.56,44,39,4,2,120.85,0.00,0.50,0.33,1,0.00,3,1004.08,1,2,5,org.apache.jackrabbit.webdav.property.AbstractDavProperty,0.00,9,1,10,0,9,4,0,7,225,1
"org.apache.jackrabbit.webdav.version.report.VersionTreeReport",9,0.25,2.11,51,0.61,23132.33,12,3,13,27,12,69.80,75,69,1,1,117.90,0.00,0.00,0.11,5,23.00,6,1834.20,0,4,12,java.lang.Object,0.00,18,0,19,0,18,5,2,10,386,1
"org.apache.jackrabbit.core.state.util.BLOBStore",0,0.00,0.00,1,0.02,184.37,0,0,0,0,1,171.00,5,3,1,2,171.00,0.00,0.50,0.00,0,0.00,0,64.53,0,0,0,,0.00,0,1,0,0,0,0,0,1,18,1
"org.apache.jackrabbit.core.state.util.FileSystemBLOBStore",1,0.00,1.00,3,0.03,259.37,1,0,1,1,2,116.32,5,5,0,2,134.19,0.00,0.50,0.00,0,1.00,1,94.53,0,0,2,org.apache.jackrabbit.core.persistence.util.FileSystemBLOBStore,0.00,0,1,1,0,0,1,0,1,28,1
"org.apache.jackrabbit.core.state.util.ResourceBasedBLOBStore",0,0.00,0.00,1,0.02,184.37,0,0,0,0,0,171.00,5,3,0,2,171.00,0.00,0.50,0.00,0,0.00,0,64.53,0,0,0,,0.00,0,1,0,0,0,0,0,1,18,1
"org.apache.jackrabbit.core.state.util.Serializer",6,0.00,1.00,13,0.29,3683.73,6,0,5,8,5,138.05,29,30,0,1,137.81,0.00,0.00,0.00,0,6.00,1,863.86,0,0,5,java.lang.Object,0.00,2,0,6,0,2,6,0,13,197,2
"org.apache.jackrabbit.ocm.manager.CustomNodeTypeCreator",3,0.00,1.00,4,0.02,77.04,3,0,2,3,3,127.68,19,5,1,1,159.90,0.00,0.00,0.00,0,3.00,1,56.53,0,0,2,,0.00,0,0,3,0,0,3,0,4,23,1
"org.apache.jackrabbit.ocm.manager.ManagerConstant",0,0.00,0.00,6,0.07,971.36,5,5,0,0,4,171.00,7,8,4,1,171.00,0.00,0.00,0.00,0,0.00,0,208.15,0,0,0,,0.00,0,0,0,0,0,0,0,1,49,1
"org.apache.jackrabbit.ocm.manager.ObjectContentManager",40,0.00,1.00,41,0.40,2545.86,40,0,12,40,84,106.80,399,58,76,1,156.80,0.00,0.00,0.00,0,40.00,1,1194.06,0,20,8,,0.00,0,0,40,0,0,20,0,41,376,1
"org.apache.jackrabbit.core.integration.daily.DailyIntegrationTest",1,0.00,1.00,17,0.20,7463.72,1,0,15,3,13,76.73,5,19,0,2,94.60,0.00,0.50,0.00,0,1.00,1,597.20,0,1,13,junit.framework.TestCase,0.00,2,1,1,0,2,0,0,3,127,1
"org.apache.jackrabbit.core.integration.daily.RandomOperationTest",9,0.64,1.00,51,0.67,17794.87,16,7,4,14,4,119.21,39,62,1,5,118.97,0.00,0.80,0.71,0,0.00,1,2015.03,3,0,3,org.apache.jackrabbit.core.AbstractConcurrencyTest,0.14,5,4,9,0,5,9,0,9,432,1
"org.apache.jackrabbit.core.value.BLOBFileValue",11,0.00,1.00,17,0.12,1295.02,11,0,6,13,18,122.47,70,22,17,1,154.69,0.00,0.00,0.00,1,11.00,1,345.61,0,3,1,java.lang.Object,0.00,2,0,11,5,2,8,0,12,106,2
"org.apache.jackrabbit.core.value.BLOBInDataStore",16,0.08,1.12,51,0.48,9733.81,20,4,8,33,7,181.25,30,71,2,2,131.25,0.00,0.50,0.17,1,62.00,2,1436.28,0,7,5,org.apache.jackrabbit.core.value.BLOBFileValue,0.67,17,1,18,0,17,9,0,10,356,1
"org.apache.jackrabbit.core.value.BLOBInMemory",13,0.07,1.54,66,0.76,45524.62,18,5,6,28,4,99.04,74,82,2,2,116.92,0.00,0.50,0.14,0,54.00,4,2272.32,0,4,2,org.apache.jackrabbit.core.value.BLOBFileValue,0.67,15,1,20,0,15,9,0,24,469,1
"org.apache.jackrabbit.core.value.BLOBInResource",11,0.05,1.55,42,0.41,10886.69,15,4,7,26,5,111.64,60,66,2,2,129.51,0.00,0.50,0.20,0,29.00,3,1240.25,0,3,3,org.apache.jackrabbit.core.value.BLOBFileValue,0.73,15,1,17,0,15,8,0,19,291,1
"org.apache.jackrabbit.core.value.BLOBInTempFile",13,0.04,1.54,55,0.53,14561.99,17,4,10,26,4,124.67,62,80,2,2,124.43,0.00,0.50,0.21,1,38.00,4,1576.60,0,4,2,org.apache.jackrabbit.core.value.BLOBFileValue,0.67,13,1,20,0,13,9,0,16,364,1
"org.apache.jackrabbit.core.value.BLOBValue",13,0.24,3.31,125,1.34,58501.58,20,7,15,46,6,62.23,146,172,2,2,106.36,0.00,0.50,0.36,0,0.00,6,4010.80,0,2,4,org.apache.jackrabbit.core.value.BLOBFileValue,0.67,33,1,43,0,33,11,0,52,817,1
"org.apache.jackrabbit.core.value.BinaryValueImpl",4,0.33,1.25,12,0.09,1380.41,5,1,4,7,5,115.29,21,17,1,3,133.17,0.00,0.67,0.75,0,0.00,2,279.71,0,2,4,org.apache.jackrabbit.value.BinaryValue,0.00,3,2,5,0,3,2,1,5,76,1
"org.apache.jackrabbit.core.value.InternalValue",48,0.04,1.79,264,3.35,139438.78,55,7,31,112,91,117.76,202,390,64,1,117.52,0.00,0.00,0.18,3,240.00,10,10036.56,0,29,27,java.lang.Object,0.00,64,0,86,0,64,19,0,49,2025,1
"org.apache.jackrabbit.ocm.manager.jcrnodetype.AllTests",2,0.00,1.00,10,0.09,2181.26,2,0,3,5,6,141.62,7,13,1,1,121.01,0.00,0.00,0.00,1,2.00,1,264.75,0,2,5,java.lang.Object,0.00,3,0,2,0,3,0,0,3,66,1
"org.apache.jackrabbit.ocm.manager.jcrnodetype.AnnotationJcrNodeTypeTest",3,1.00,1.33,29,0.43,10870.65,4,1,12,33,5,89.44,17,40,2,4,107.31,0.00,0.75,0.33,0,4.00,2,1275.75,1,1,3,org.apache.jackrabbit.ocm.AnnotationTestBase,0.00,30,3,4,0,30,2,0,10,233,1
"org.apache.jackrabbit.ocm.manager.jcrnodetype.AnnotationJcrPropertyTest",3,1.00,2.67,47,0.62,20569.04,4,1,8,27,5,48.22,32,78,2,4,96.70,0.00,0.75,0.33,0,4.00,6,1873.89,1,1,3,org.apache.jackrabbit.ocm.AnnotationTestBase,0.00,24,3,8,0,24,2,0,25,335,1
"org.apache.jackrabbit.ocm.manager.jcrnodetype.DigesterJcrNodeTypeTest",3,1.00,1.33,29,0.43,10870.65,4,1,12,33,5,89.44,17,40,2,4,107.31,0.00,0.75,0.33,0,4.00,2,1275.75,1,1,3,org.apache.jackrabbit.ocm.DigesterTestBase,0.00,30,3,4,0,30,2,0,10,233,1
"org.apache.jackrabbit.ocm.manager.jcrnodetype.DigesterJcrPropertyTest",3,1.00,2.67,47,0.62,20569.04,4,1,8,27,5,48.22,32,77,2,4,96.70,0.00,0.75,0.33,0,4.00,6,1873.89,1,1,3,org.apache.jackrabbit.ocm.DigesterTestBase,0.00,24,3,8,0,24,2,0,25,335,1
"org.apache.jackrabbit.jcr.AbstractLockTest",21,0.12,1.52,157,1.78,47220.96,26,5,13,63,4,133.60,73,203,2,4,112.98,0.67,0.50,0.31,1,0.00,5,5350.05,2,0,2,org.apache.jackrabbit.test.AbstractJCRTest,0.20,42,3,32,2,42,21,0,48,1118,2
"org.apache.jackrabbit.jcr.DeepLockTest",15,0.13,1.40,72,0.76,12369.92,21,6,9,41,3,125.50,9,100,1,4,125.50,0.00,0.75,0.29,0,0.00,4,2280.90,2,0,2,org.apache.jackrabbit.test.AbstractJCRTest,0.23,26,3,21,0,26,15,0,7,513,1
"org.apache.jackrabbit.jcr.DefaultLockManager",9,1.00,1.00,17,0.18,2062.71,10,1,7,11,2,152.41,7,27,0,1,152.41,0.00,0.00,0.00,0,9.00,1,550.85,0,4,2,java.lang.Object,0.00,2,0,9,0,2,5,1,5,144,1
"org.apache.jackrabbit.jcr.LockManager",9,0.00,1.00,10,0.10,483.51,9,0,4,9,7,107.38,85,13,6,1,157.38,0.00,0.00,0.00,0,9.00,1,306.76,0,4,1,,0.00,0,0,9,0,0,5,0,10,94,1
"org.apache.jackrabbit.jcr.LockManagerImpl",23,0.03,2.35,184,2.41,75345.33,31,8,32,79,24,61.33,203,232,2,1,109.43,0.00,0.00,0.16,7,158.00,9,7224.88,0,7,22,java.lang.Object,0.00,56,0,54,0,56,16,3,87,1441,1
"org.apache.jackrabbit.jcr.LockManagerImpl$LockImpl",14,0.08,1.71,58,0.49,8637.46,17,3,32,27,3,108.57,78,83,0,1,126.45,0.00,0.00,0.26,4,18.00,4,1482.86,0,4,3,java.lang.Object,0.00,13,0,24,0,13,10,2,36,359,1
"org.apache.jackrabbit.jcr.LockManagerImpl$LockState",12,0.05,2.67,83,0.77,17207.43,16,4,32,28,11,117.13,52,117,0,1,116.89,0.00,0.00,0.29,5,28.00,5,2315.12,0,0,11,java.lang.Object,0.00,16,0,32,0,16,12,1,23,509,1
"org.apache.jackrabbit.jcr.LockManagerImpl$LockTokenListener",2,0.00,1.00,3,0.02,87.00,2,0,32,2,0,125.88,12,4,0,1,158.10,0.00,0.00,0.00,0,2.00,1,58.00,0,0,0,,0.00,0,0,2,0,0,2,0,2,21,1
"org.apache.jackrabbit.jcr.OpenScopedLockTest",10,1.00,1.70,95,1.10,25813.85,11,1,6,40,2,129.03,39,125,1,5,108.42,0.00,0.80,0.00,0,0.00,3,3302.18,0,0,1,org.apache.jackrabbit.jcr2spi.lock.AbstractLockTest,0.10,30,4,17,0,30,10,0,28,667,1
"org.apache.jackrabbit.jcr.SessionScopedLockTest",3,1.00,1.33,25,0.31,5563.31,4,1,6,18,2,111.75,13,31,1,5,111.51,0.00,0.80,0.00,0,1.00,2,930.72,0,0,1,org.apache.jackrabbit.jcr2spi.lock.AbstractLockTest,0.11,15,4,4,0,15,3,0,7,189,1
"org.apache.jackrabbit.jcr.TestAll",1,0.00,1.00,7,0.06,1740.69,1,0,3,3,4,134.57,3,9,1,2,113.96,0.00,0.50,0.00,0,1.00,1,186.48,0,1,3,junit.framework.TestCase,0.00,2,1,1,0,2,0,0,1,47,1
"org.apache.jackrabbit.ocm.manager.atomictypeconverter.AtomicTypeConverter",3,0.00,1.00,4,0.03,127.07,3,0,2,3,9,109.71,32,6,9,1,158.19,0.00,0.00,0.00,0,3.00,1,84.71,0,3,0,,0.00,0,0,3,0,0,0,0,4,29,1
"org.apache.jackrabbit.ocm.manager.atomictypeconverter.AtomicTypeConverterProvider",2,0.00,1.00,3,0.01,38.51,2,0,1,2,10,110.89,18,4,9,1,160.88,0.00,0.00,0.00,0,2.00,1,33.51,0,1,1,,0.00,0,0,2,0,0,1,0,3,15,1
"org.apache.jackrabbit.ocm.mapper.impl.digester.DigesterDescriptorReader",7,0.17,2.00,63,0.77,32392.78,10,3,16,28,9,106.62,31,92,1,1,106.38,0.00,0.00,0.19,0,3.00,4,2323.40,0,1,8,java.lang.Object,0.00,21,0,14,0,21,6,1,18,436,1
"org.apache.jackrabbit.ocm.mapper.impl.digester.DigesterMapperImpl",6,0.00,1.00,18,0.15,2174.13,6,0,3,9,5,115.18,33,25,2,2,133.05,0.00,0.50,0.00,0,0.00,1,460.15,1,0,3,org.apache.jackrabbit.ocm.mapper.impl.AbstractMapperImpl,0.00,3,1,6,0,3,6,1,6,119,1
"org.apache.jackrabbit.core.integration.random.operation.AddNode",2,0.00,1.00,10,0.12,1988.59,4,2,5,6,2,141.94,6,13,1,2,121.32,0.00,0.50,0.50,0,2.00,1,355.19,2,1,1,org.apache.jackrabbit.core.integration.random.operation.Operation,0.12,4,1,2,0,4,1,0,2,84,1
"org.apache.jackrabbit.core.integration.random.operation.AddVersionLabel",2,1.00,1.00,11,0.15,2676.45,3,1,5,9,2,140.92,7,14,1,3,120.31,0.00,0.67,0.50,0,2.00,1,446.09,3,1,1,org.apache.jackrabbit.core.integration.random.operation.VersionOperation,0.17,7,2,2,0,7,1,0,2,98,1
"org.apache.jackrabbit.core.integration.random.operation.Checkin",2,1.00,1.50,10,0.12,2177.43,3,1,6,8,2,141.53,7,14,1,3,120.92,0.00,0.67,0.50,0,2.00,2,359.34,2,1,1,org.apache.jackrabbit.core.integration.random.operation.VersionOperation,0.17,6,2,3,0,6,1,0,2,83,1
"org.apache.jackrabbit.core.integration.random.operation.Checkout",2,1.00,1.50,10,0.12,2389.44,3,1,5,9,2,141.22,7,14,1,3,120.60,0.00,0.67,0.50,0,2.00,2,364.04,2,1,1,org.apache.jackrabbit.core.integration.random.operation.VersionOperation,0.17,7,2,3,0,7,1,0,2,84,1
"org.apache.jackrabbit.core.integration.random.operation.CreateNodes",4,0.07,2.50,42,0.46,18729.18,9,5,6,12,2,144.47,8,53,1,2,104.58,0.00,0.50,0.25,2,10.00,5,1368.71,3,1,1,org.apache.jackrabbit.core.integration.random.operation.Operation,0.11,8,1,10,0,8,3,0,3,282,1
"org.apache.jackrabbit.core.integration.random.operation.GetNode",2,0.00,1.00,6,0.04,420.31,2,0,3,2,2,155.53,6,9,1,2,134.91,0.00,0.50,0.00,0,2.00,1,127.23,2,1,1,org.apache.jackrabbit.core.integration.random.operation.Operation,0.12,0,1,2,0,0,1,0,2,37,1
"org.apache.jackrabbit.core.integration.random.operation.GetRandomNodes",2,1.00,1.50,13,0.11,2160.41,3,1,8,8,3,118.23,9,14,1,2,117.99,0.00,0.50,0.00,0,2.00,2,332.28,0,1,2,org.apache.jackrabbit.core.integration.random.operation.Operation,0.12,6,1,3,0,6,1,0,2,79,1
"org.apache.jackrabbit.core.integration.random.operation.GetRandomNodes$Iterator",3,0.00,1.33,10,0.09,1531.73,3,0,8,11,0,131.81,1,15,0,1,131.81,0.00,0.00,0.00,0,3.00,2,268.03,0,1,0,java.lang.Object,0.00,8,0,4,0,8,2,0,1,66,0
"org.apache.jackrabbit.core.integration.random.operation.Operation",14,0.06,1.14,42,0.35,6349.34,19,5,8,23,19,182.25,20,55,18,1,132.25,0.00,0.00,0.14,1,86.00,2,1045.54,0,8,1,java.lang.Object,0.00,9,0,16,20,9,6,0,5,263,2
"org.apache.jackrabbit.core.integration.random.operation.OperationFactory",12,0.12,2.25,65,0.89,33796.75,15,3,7,40,22,138.19,47,106,6,1,117.57,0.00,0.00,0.44,0,0.00,10,2678.69,0,11,18,java.lang.Object,0.00,28,0,27,0,28,1,0,16,531,1
"org.apache.jackrabbit.core.integration.random.operation.OperationSequence",2,1.00,1.50,13,0.13,3341.96,3,1,5,8,4,156.39,4,14,2,2,116.50,0.00,0.50,0.50,0,2.00,2,401.54,0,1,2,org.apache.jackrabbit.core.integration.random.operation.Operation,0.12,6,1,3,0,6,1,0,1,92,1
"org.apache.jackrabbit.core.integration.random.operation.RandomContentOperations",3,0.00,1.00,8,0.08,994.10,3,0,2,5,3,189.92,3,15,1,3,139.92,0.00,0.67,0.00,0,3.00,1,241.24,2,2,3,org.apache.jackrabbit.core.integration.random.operation.RandomOperations,0.14,2,2,3,0,2,1,0,1,64,1
"org.apache.jackrabbit.core.integration.random.operation.RandomOperations",5,0.17,1.20,23,0.21,4157.94,8,3,5,11,5,125.51,4,29,2,2,125.51,2.00,0.25,0.20,1,14.00,2,644.96,1,2,3,org.apache.jackrabbit.core.integration.random.operation.Operation,0.11,6,1,6,2,6,3,0,1,149,2
"org.apache.jackrabbit.core.integration.random.operation.RandomVersionOperations",3,0.00,1.00,8,0.08,994.10,3,0,2,5,3,189.92,3,15,1,3,139.92,0.00,0.67,0.00,0,3.00,1,241.24,2,2,3,org.apache.jackrabbit.core.integration.random.operation.RandomOperations,0.14,2,2,3,0,2,1,0,1,64,1
"org.apache.jackrabbit.core.integration.random.operation.Remove",2,0.00,2.00,18,0.18,3843.69,4,2,5,9,2,149.27,4,20,1,2,109.39,0.00,0.50,0.50,0,2.00,3,533.22,2,1,1,org.apache.jackrabbit.core.integration.random.operation.Operation,0.12,7,1,4,0,7,1,0,1,117,1
"org.apache.jackrabbit.core.integration.random.operation.RemoveVersion",2,1.00,1.50,11,0.14,2844.86,3,1,6,8,2,170.00,3,15,1,3,120.00,0.00,0.67,0.50,0,2.00,2,418.53,3,1,1,org.apache.jackrabbit.core.integration.random.operation.VersionOperation,0.17,6,2,3,0,6,1,0,1,93,1
"org.apache.jackrabbit.core.integration.random.operation.RemoveVersionLabel",2,1.00,1.50,13,0.17,4225.22,3,1,6,9,2,155.58,4,17,1,3,115.70,0.00,0.67,0.50,0,2.00,2,518.85,2,1,1,org.apache.jackrabbit.core.integration.random.operation.VersionOperation,0.17,7,2,3,0,7,1,0,1,110,1
"org.apache.jackrabbit.core.integration.random.operation.Restore",2,1.00,1.50,11,0.13,2583.51,3,1,6,7,1,170.33,3,15,0,3,120.33,0.00,0.67,0.50,0,2.00,2,393.99,3,1,1,org.apache.jackrabbit.core.integration.random.operation.VersionOperation,0.17,5,2,3,0,5,1,0,1,88,1
"org.apache.jackrabbit.core.integration.random.operation.Save",2,1.00,1.00,9,0.09,1357.97,3,1,5,6,2,176.24,3,12,1,2,126.24,0.00,0.50,0.50,0,2.00,1,264.96,2,1,1,org.apache.jackrabbit.core.integration.random.operation.Operation,0.12,4,1,2,0,4,1,0,1,66,1
"org.apache.jackrabbit.core.integration.random.operation.SetProperty",2,0.00,1.00,12,0.14,2497.38,4,2,5,6,2,157.47,4,15,1,2,117.59,0.00,0.50,0.50,0,2.00,1,427.64,3,1,1,org.apache.jackrabbit.core.integration.random.operation.Operation,0.12,4,1,2,0,4,1,0,1,97,1
"org.apache.jackrabbit.core.integration.random.operation.TraverseNodes",2,0.00,1.00,7,0.07,1012.53,2,0,5,7,5,181.91,3,10,1,2,131.91,0.00,0.50,0.00,0,2.00,1,209.96,2,1,4,org.apache.jackrabbit.core.integration.random.operation.Operation,0.12,5,1,2,0,5,1,0,1,54,1
"org.apache.jackrabbit.core.integration.random.operation.VersionOperation",2,0.00,3.00,17,0.21,6880.80,2,0,6,11,7,76.99,12,21,6,2,109.21,6.00,0.12,0.00,0,2.00,5,630.74,1,1,1,org.apache.jackrabbit.core.integration.random.operation.Operation,0.00,9,1,6,6,9,1,0,2,126,2
"org.apache.jackrabbit.core.integration.random.operation.XATransaction",2,0.00,1.00,14,0.14,2661.97,4,2,5,8,3,164.87,3,17,1,2,114.87,0.00,0.50,0.50,0,2.00,1,406.58,1,1,2,org.apache.jackrabbit.core.integration.random.operation.Operation,0.12,6,1,2,0,6,1,0,1,95,1
"org.apache.jackrabbit.core.state.obj.ObjectPersistenceManager",0,0.00,0.00,1,0.03,257.00,0,0,1,0,2,171.00,5,4,0,3,171.00,0.00,0.67,0.00,0,0.00,0,76.15,0,0,2,org.apache.jackrabbit.core.persistence.obj.ObjectPersistenceManager,0.00,0,2,0,0,0,0,1,1,20,1
"org.apache.jackrabbit.ocm.mapper.impl.annotation.AnnotationDescriptorReader",12,2.00,3.58,176,2.95,132627.02,14,2,19,148,11,116.73,36,259,1,1,96.11,0.00,0.00,0.00,9,12.00,7,8851.87,0,3,10,java.lang.Object,0.00,136,0,43,0,136,9,1,23,1592,1
"org.apache.jackrabbit.ocm.mapper.impl.annotation.AnnotationMapperImpl",1,0.00,1.00,4,0.04,494.55,1,0,3,2,7,85.03,7,7,4,2,127.33,0.00,0.50,0.00,0,0.00,1,109.84,1,0,3,org.apache.jackrabbit.ocm.mapper.impl.AbstractMapperImpl,0.00,1,1,1,0,1,1,1,1,29,1
"org.apache.jackrabbit.commons.packaging.ContentPackage",1,0.00,1.00,2,0.01,51.00,1,0,3,1,2,146.32,0,3,2,1,146.32,0.00,0.00,0.00,0,1.00,1,34.00,0,1,0,,0.00,0,0,1,0,0,0,0,0,13,1
"org.apache.jackrabbit.commons.packaging.ContentPackageExporter",1,0.00,1.00,2,0.01,64.83,1,0,2,1,1,145.50,0,4,0,1,145.50,0.00,0.00,0.00,0,1.00,1,43.22,0,0,1,,0.00,0,0,1,0,0,1,0,0,15,1
"org.apache.jackrabbit.commons.packaging.FilterContentPackage",5,0.50,1.00,16,0.17,2430.33,7,2,11,9,3,132.05,3,22,1,1,132.05,0.00,0.00,0.10,0,8.00,1,517.24,0,1,2,java.lang.Object,0.00,4,0,5,0,4,4,1,1,127,1
"org.apache.jackrabbit.commons.packaging.FilterContentPackage$Content",1,2.00,1.00,6,0.05,724.49,3,2,11,1,1,119.45,0,8,0,1,119.45,0.00,0.00,0.00,0,1.00,1,142.24,0,0,1,java.lang.Object,0.00,0,0,1,0,0,1,0,0,39,2
"org.apache.jackrabbit.commons.packaging.FilterContentPackage$FilteringIterator",5,0.10,4.00,71,0.95,80215.49,15,10,11,20,1,95.05,22,94,0,1,94.81,0.00,0.00,0.02,3,8.00,13,2856.57,0,1,1,java.lang.Object,0.00,15,0,20,0,15,4,1,7,522,2
"org.apache.jackrabbit.test.rmi.repository.RepositoryFactoryImplTest",3,0.43,2.00,40,0.61,15430.37,10,7,25,29,7,100.30,13,54,0,2,100.06,0.00,0.50,0.43,0,0.00,3,1828.56,2,0,7,junit.framework.TestCase,0.00,26,1,6,0,26,3,0,7,337,1
"org.apache.jackrabbit.test.rmi.repository.RepositoryFactoryImplTest$RepositoryManager",1,0.00,3.00,10,0.11,3833.83,1,0,25,4,1,105.22,0,15,0,1,105.22,0.00,0.00,0.00,0,1.00,3,316.70,0,1,1,java.lang.Object,0.00,3,0,3,0,3,0,0,0,68,3
"org.apache.jackrabbit.spi.commons.name.HashCache",1,0.00,2.00,11,0.11,3326.52,3,2,0,3,2,153.75,26,14,2,1,104.26,0.00,0.00,1.00,0,0.00,2,321.65,0,1,0,java.lang.Object,0.00,2,0,2,0,2,0,0,4,74,1
"org.apache.jackrabbit.spi.commons.name.JcrName",5,0.10,1.20,52,0.72,25451.52,10,5,1,11,3,154.47,7,60,3,1,104.47,0.00,0.00,0.12,1,14.00,2,2169.33,0,2,0,java.lang.Object,0.00,6,0,6,0,6,3,0,5,445,2
"org.apache.jackrabbit.spi.commons.name.JcrPath",8,0.04,1.62,90,1.62,66848.29,15,7,1,17,5,141.04,18,104,5,1,101.16,0.00,0.00,0.18,3,28.00,5,4849.83,0,2,0,java.lang.Object,0.00,9,0,13,0,9,6,0,10,862,2
"org.apache.jackrabbit.spi.commons.name.MatchResult",9,0.09,1.56,40,0.33,6984.26,13,4,2,15,7,146.30,32,62,6,1,125.68,0.00,0.00,0.33,0,3.00,3,989.88,0,3,1,java.lang.Object,0.00,6,0,14,0,6,6,0,7,236,1
"org.apache.jackrabbit.spi.commons.name.Matcher",5,0.00,1.80,23,0.28,11724.73,5,0,2,15,5,79.58,36,33,2,1,121.87,0.00,0.00,0.00,1,5.00,5,826.13,0,3,3,java.lang.Object,0.00,10,0,9,0,10,2,0,6,175,2
"org.apache.jackrabbit.spi.commons.name.MatcherTest",3,0.00,2.00,34,0.63,24122.04,6,3,4,22,6,101.24,0,41,0,2,101.24,0.00,0.50,0.33,0,2.00,3,1901.36,0,0,6,junit.framework.TestCase,0.00,19,1,6,0,19,3,0,0,368,1
"org.apache.jackrabbit.spi.commons.name.NameConstants",0,0.00,0.00,87,3.44,178775.04,86,86,2,2,98,171.00,266,88,95,1,171.00,0.00,0.00,0.00,0,0.00,0,10326.57,0,0,3,java.lang.Object,0.00,2,0,0,0,2,0,0,94,1374,1
"org.apache.jackrabbit.spi.commons.name.NameFactoryImpl",4,0.17,2.50,24,0.32,12081.83,6,2,2,14,52,96.48,20,35,49,1,114.36,0.00,0.00,0.38,0,6.00,5,959.30,0,3,3,java.lang.Object,0.00,10,0,10,0,10,1,1,8,202,1
"org.apache.jackrabbit.spi.commons.name.NameFactoryImpl$NameImpl",9,0.19,1.78,47,0.43,12285.28,13,4,2,16,1,72.00,72,64,0,1,120.11,0.00,0.00,0.42,0,0.00,4,1291.34,1,5,1,java.lang.Object,0.00,7,0,16,0,7,4,1,25,307,2
"org.apache.jackrabbit.spi.commons.name.NameFactoryTest",4,0.67,2.50,40,0.49,16340.17,6,2,3,19,4,105.05,3,42,0,2,105.05,0.00,0.50,1.00,0,0.00,3,1460.22,0,0,4,junit.framework.TestCase,0.00,15,1,10,0,15,4,0,1,295,1
"org.apache.jackrabbit.spi.commons.name.NameFactoryTest$Name",3,0.00,1.00,7,0.04,335.86,3,0,3,4,0,143.64,0,10,0,1,143.64,0.00,0.00,0.00,0,3.00,1,115.95,0,2,0,java.lang.Object,0.00,1,0,3,0,1,1,0,0,36,0
"org.apache.jackrabbit.spi.commons.name.NameFactoryTest$Name_0",5,0.00,1.20,14,0.13,2404.91,5,0,3,9,0,138.61,0,20,0,1,138.61,0.00,0.00,0.00,0,5.00,2,389.62,0,3,0,java.lang.Object,0.00,4,0,6,0,4,2,0,0,100,0
"org.apache.jackrabbit.spi.commons.name.PathBuilder",13,0.02,1.31,49,0.50,12202.16,17,4,5,27,27,87.44,91,63,22,1,129.73,0.00,0.00,0.27,3,28.00,2,1502.98,0,1,5,java.lang.Object,0.00,14,0,17,0,14,12,0,18,366,2
"org.apache.jackrabbit.spi.commons.name.PathBuilderTest",6,0.13,5.17,115,1.80,117633.74,9,3,11,38,13,109.74,18,132,0,2,89.12,0.00,0.50,0.44,3,2.00,8,5406.26,0,3,13,junit.framework.TestCase,0.00,32,1,31,0,32,3,0,9,960,1
"org.apache.jackrabbit.spi.commons.name.PathBuilderTest$NamespaceResolver",2,0.00,1.00,5,0.02,262.00,2,0,11,2,0,143.10,0,7,0,1,143.10,0.00,0.00,0.00,0,2.00,1,68.00,0,2,0,java.lang.Object,0.00,0,0,2,0,0,0,0,0,24,0
"org.apache.jackrabbit.spi.commons.name.PathFactoryImpl",17,0.02,2.35,137,1.95,83028.97,31,14,10,46,48,108.30,72,172,42,1,108.07,0.00,0.00,0.09,2,116.00,9,5862.35,0,16,6,java.lang.Object,0.00,29,0,40,0,29,1,1,24,1132,1
"org.apache.jackrabbit.spi.commons.name.PathFactoryImpl$Builder",3,0.00,5.33,43,0.46,24783.39,5,2,10,12,2,48.54,31,55,0,1,97.02,0.00,0.00,0.50,0,1.00,10,1392.20,0,1,2,java.lang.Object,0.00,9,0,16,0,9,2,0,9,278,3
"org.apache.jackrabbit.spi.commons.name.PathFactoryImpl$Element",12,0.23,1.33,45,0.34,8047.80,14,2,10,20,2,113.01,69,63,0,1,130.88,0.00,0.00,0.29,1,36.00,3,1034.06,0,3,2,java.lang.Object,0.00,8,0,16,0,8,9,1,16,263,2
"org.apache.jackrabbit.spi.commons.name.PathFactoryImpl$PathImpl",22,0.04,3.05,191,2.15,124573.97,27,5,10,61,1,107.74,105,231,0,1,107.50,0.00,0.00,0.16,8,78.00,9,6440.72,0,9,1,java.lang.Object,0.00,39,0,67,0,39,13,1,37,1275,3
"org.apache.jackrabbit.spi.commons.name.PathFactoryImpl$SpecialElement",5,0.31,1.60,23,0.19,3312.97,9,4,10,6,2,146.83,16,30,0,2,126.22,0.00,0.50,0.50,0,0.00,4,563.97,0,0,2,org.apache.jackrabbit.spi.commons.name.Element,0.00,1,1,8,0,1,5,0,4,137,3
"org.apache.jackrabbit.spi.commons.name.PathFactoryTest",16,0.03,2.25,133,1.77,68916.07,18,2,11,46,9,158.51,19,176,0,2,108.51,0.00,0.50,0.53,0,0.00,4,5319.15,2,1,9,junit.framework.TestCase,0.00,30,1,36,0,30,15,0,17,1054,1
"org.apache.jackrabbit.spi.commons.name.PathFactoryTest$NamespaceResolver",2,0.00,1.50,8,0.06,1022.92,2,0,11,4,1,127.12,0,11,0,1,127.12,0.00,0.00,0.00,0,2.00,2,176.73,0,2,1,java.lang.Object,0.00,2,0,3,0,2,0,0,0,47,0
"org.apache.jackrabbit.spi.commons.name.PathFactoryTest$ParentPathNameIndexDoNormalize",1,4.00,1.00,10,0.09,1247.10,5,4,11,1,2,109.32,0,13,0,1,109.32,0.00,0.00,0.00,0,1.00,1,257.30,0,0,2,java.lang.Object,0.00,0,0,1,0,0,1,0,0,65,2
"org.apache.jackrabbit.spi.commons.name.PathMap",5,0.12,2.40,49,0.50,18576.55,7,2,8,15,9,57.09,46,53,4,1,107.09,0.00,0.00,0.40,1,0.00,4,1485.54,0,0,5,java.lang.Object,0.00,10,0,12,0,10,5,0,9,315,1
"org.apache.jackrabbit.spi.commons.name.PathMap$Element",30,0.05,2.47,209,2.28,88963.27,36,6,8,69,4,82.20,205,270,0,1,114.42,0.00,0.00,0.21,8,290.00,8,6827.49,0,11,4,java.lang.Object,0.00,39,0,74,0,39,19,0,47,1433,3
"org.apache.jackrabbit.spi.commons.name.PathMap$ElementVisitor",1,0.00,1.00,2,0.01,30.51,1,0,8,1,0,148.32,4,3,0,1,148.08,0.00,0.00,0.00,0,1.00,1,25.51,0,0,0,,0.00,0,0,1,0,0,1,0,1,11,1
"org.apache.jackrabbit.spi.commons.name.PathTest",39,0.19,3.10,408,5.88,220002.73,42,3,14,90,12,103.90,30,462,0,2,103.90,0.00,0.50,0.52,0,0.00,6,17641.40,0,0,12,junit.framework.TestCase,0.00,51,1,121,0,51,39,0,20,3363,1
"org.apache.jackrabbit.spi.commons.name.PathTest$Equivalent",1,4.00,1.00,17,0.19,4857.47,5,4,14,2,0,96.07,0,20,0,1,96.07,0.00,0.00,0.00,0,1.00,1,570.64,0,0,0,java.lang.Object,0.00,1,0,1,0,1,1,0,0,140,2
"org.apache.jackrabbit.spi.commons.name.PathTest$JcrPathAndAncestor",1,4.00,1.00,44,0.75,37417.33,5,4,14,2,0,113.57,2,47,0,1,73.68,0.00,0.00,0.00,0,1.00,1,2242.26,0,0,0,java.lang.Object,0.00,1,0,1,0,1,1,0,2,437,2
"org.apache.jackrabbit.spi.commons.name.PathTest$NamespaceResolver",2,0.00,1.00,5,0.03,370.77,2,0,14,2,0,141.91,0,7,0,1,141.91,0.00,0.00,0.00,0,2.00,1,87.73,0,2,0,java.lang.Object,0.00,0,0,2,0,0,0,0,0,28,0
"org.apache.jackrabbit.spi.commons.name.PathTest$NotAncestor",1,3.00,1.00,54,0.83,62315.92,4,3,14,2,0,50.75,5,57,0,1,68.62,0.00,0.00,0.00,0,1.00,1,2487.19,0,0,0,java.lang.Object,0.00,1,0,1,0,1,1,0,5,509,2
"org.apache.jackrabbit.spi.commons.name.Pattern",11,0.00,1.73,50,0.50,13520.39,11,0,4,22,12,81.80,84,72,9,1,124.09,0.00,0.00,0.00,1,11.00,2,1511.36,0,9,3,java.lang.Object,0.00,11,0,19,5,11,2,0,19,358,2
"org.apache.jackrabbit.spi.commons.name.Pattern$AbstractNamePattern",2,0.00,2.50,12,0.15,5325.28,2,0,4,9,2,114.79,0,17,0,2,114.79,0.00,0.50,0.00,0,2.00,4,460.08,0,1,2,org.apache.jackrabbit.spi.commons.name.Pattern,0.00,7,1,5,0,7,1,0,0,97,3
"org.apache.jackrabbit.spi.commons.name.Pattern$Context",10,0.22,1.30,37,0.29,4793.68,14,4,4,15,2,132.03,0,51,0,1,132.03,0.00,0.00,0.45,0,0.00,2,868.17,0,5,2,java.lang.Object,0.00,5,0,13,0,5,5,0,0,222,2
"org.apache.jackrabbit.spi.commons.name.Pattern$NamePattern",3,0.50,1.00,9,0.08,1130.68,4,1,4,8,1,132.92,0,17,0,2,132.92,0.00,0.50,0.67,0,1.00,1,252.28,0,1,1,org.apache.jackrabbit.spi.commons.name.AbstractNamePattern,0.00,5,1,3,0,5,2,0,0,70,2
"org.apache.jackrabbit.spi.commons.name.Pattern$PathPattern",3,0.00,2.67,27,0.29,12144.27,5,2,4,14,2,106.77,0,37,0,2,106.77,0.00,0.50,0.50,0,2.00,6,867.41,0,2,2,org.apache.jackrabbit.spi.commons.name.Pattern,0.00,11,1,8,0,11,1,0,0,183,2
"org.apache.jackrabbit.spi.commons.name.Pattern$Pattern",2,0.00,1.00,5,0.03,266.33,2,0,4,3,0,143.04,0,7,0,1,143.04,0.00,0.00,0.00,0,2.00,1,75.19,0,1,0,java.lang.Object,0.00,1,0,2,0,1,1,0,0,25,0
"org.apache.jackrabbit.spi.commons.name.Pattern$Pattern_0",2,0.00,1.00,5,0.03,316.16,2,0,4,3,0,142.46,0,7,0,1,142.46,0.00,0.00,0.00,0,2.00,1,78.51,0,1,0,java.lang.Object,0.00,1,0,2,0,1,1,0,0,26,0
"org.apache.jackrabbit.spi.commons.name.Pattern$RegexPattern",3,0.12,1.00,18,0.26,4820.02,7,4,4,12,1,116.73,0,28,0,2,116.73,0.00,0.50,0.33,0,5.00,1,771.27,0,1,1,org.apache.jackrabbit.spi.commons.name.AbstractNamePattern,0.00,9,1,3,0,9,2,0,0,181,2
"org.apache.jackrabbit.spi.commons.name.Pattern$RepeatPattern",5,0.00,1.20,31,0.30,11190.96,9,4,4,12,1,115.55,0,43,0,2,115.55,0.00,0.50,0.25,0,10.00,2,894.07,0,2,1,org.apache.jackrabbit.spi.commons.name.Pattern,0.00,7,1,6,0,7,3,0,0,204,2
"org.apache.jackrabbit.spi.commons.name.Pattern$SelectPattern",3,0.25,1.33,13,0.15,3777.06,5,2,4,7,1,124.06,0,24,0,2,124.06,0.00,0.50,0.67,0,1.00,2,453.06,0,2,1,org.apache.jackrabbit.spi.commons.name.Pattern,0.00,4,1,4,0,4,1,0,0,115,2
"org.apache.jackrabbit.spi.commons.name.Pattern$SequencePattern",3,0.25,1.33,15,0.15,3163.24,5,2,4,9,1,121.06,0,27,0,2,121.06,0.00,0.50,0.67,0,1.00,2,450.10,0,2,1,org.apache.jackrabbit.spi.commons.name.Pattern,0.00,6,1,4,0,6,1,0,0,115,2
"org.apache.jackrabbit.spi.commons.name.PatternTest",14,0.05,1.50,181,3.36,139309.15,19,5,6,40,8,99.17,1,210,0,2,99.17,0.00,0.50,0.24,1,34.00,4,10091.86,0,1,8,junit.framework.TestCase,0.00,26,1,21,0,26,13,0,1,1983,1
"org.apache.jackrabbit.webdav.jcr.transaction.TransactionListener",2,0.00,1.00,3,0.02,111.87,2,0,1,2,5,109.13,17,4,4,1,157.24,0.00,0.00,0.00,0,2.00,1,74.58,0,0,1,,0.00,0,0,2,0,0,2,0,3,24,1
"org.apache.jackrabbit.webdav.jcr.transaction.TxLockManagerImpl",18,0.18,2.67,155,2.25,99563.72,21,3,32,73,24,59.14,183,209,4,1,107.61,0.00,0.00,0.17,8,106.00,9,6740.89,0,8,20,java.lang.Object,0.00,55,0,48,0,55,10,1,36,1293,1
"org.apache.jackrabbit.webdav.jcr.transaction.TxLockManagerImpl$AbstractTransaction",5,0.12,1.60,21,0.19,3492.44,7,2,32,12,4,165.92,12,30,0,2,126.04,0.00,0.50,0.40,1,9.00,4,562.78,0,3,4,org.apache.jackrabbit.webdav.jcr.transaction.TransactionMap,0.00,7,1,8,0,7,2,1,4,136,3
"org.apache.jackrabbit.webdav.jcr.transaction.TxLockManagerImpl$GlobalTransaction",8,0.57,1.62,36,0.43,9045.73,9,1,32,22,6,174.39,9,53,0,2,124.39,0.00,0.50,0.50,2,8.00,2,1285.72,1,2,6,org.apache.jackrabbit.webdav.jcr.transaction.AbstractTransaction,0.00,14,1,13,0,14,6,0,1,286,2
"org.apache.jackrabbit.webdav.jcr.transaction.TxLockManagerImpl$LocalTransaction",7,0.00,1.57,24,0.29,5433.15,7,0,32,17,7,130.34,1,39,0,2,130.34,0.00,0.50,0.00,1,12.00,3,876.77,0,2,7,org.apache.jackrabbit.webdav.jcr.transaction.AbstractTransaction,0.00,10,1,11,0,10,5,0,1,201,3
"org.apache.jackrabbit.webdav.jcr.transaction.TxLockManagerImpl$Transaction",8,0.00,1.00,9,0.04,170.51,8,0,32,8,4,160.77,35,10,0,1,160.54,0.00,0.00,0.00,0,8.00,1,129.51,0,3,4,,0.00,0,0,8,0,0,5,0,7,51,1
"org.apache.jackrabbit.webdav.jcr.transaction.TxLockManagerImpl$TransactionMap",2,0.00,1.50,8,0.07,1458.86,2,0,32,3,1,125.90,1,12,0,2,125.90,0.00,0.50,0.00,0,2.00,2,223.61,2,2,1,java.util.HashMap,0.00,1,1,3,0,1,0,0,1,59,2
"org.apache.jackrabbit.webdav.jcr.transaction.TxLockManagerImpl$XidImpl",4,1.00,1.00,10,0.06,728.11,5,1,32,5,0,142.21,18,15,0,1,141.97,0.00,0.00,0.25,0,6.00,1,190.21,0,0,0,java.lang.Object,0.00,1,0,4,0,1,4,1,5,57,2
"org.apache.jackrabbit.spi.commons.nodetype.compact.CompactNodeTypeDefReader",24,0.08,3.92,293,3.70,140442.30,31,7,23,84,15,52.29,256,364,1,1,100.76,0.00,0.00,0.22,17,8.00,15,11107.47,0,3,14,java.lang.Object,0.00,60,0,94,0,60,21,0,38,2096,1
"org.apache.jackrabbit.spi.commons.nodetype.compact.CompactNodeTypeDefTest",1,0.00,4.00,24,0.43,22428.65,2,1,12,22,9,105.55,3,29,0,2,84.93,0.00,0.50,1.00,0,0.00,4,1286.78,0,0,9,junit.framework.TestCase,0.00,21,1,4,0,21,1,0,3,217,1
"org.apache.jackrabbit.spi.commons.nodetype.compact.CompactNodeTypeDefWriter",20,0.02,3.15,214,2.72,104500.21,27,7,23,80,13,71.93,131,261,2,1,104.15,0.00,0.00,0.16,15,0.00,8,8149.62,0,3,11,java.lang.Object,0.00,60,0,63,0,60,17,0,30,1577,1
"org.apache.jackrabbit.spi.commons.nodetype.compact.Lexer",5,0.12,1.80,82,1.75,45127.49,44,39,3,18,2,134.69,13,103,1,1,94.80,0.00,0.00,0.12,1,0.00,5,5256.96,0,1,1,java.lang.Object,0.00,13,0,9,0,13,4,0,3,830,1
"org.apache.jackrabbit.spi.commons.nodetype.compact.ParseException",6,0.20,1.67,46,0.43,15682.01,9,3,0,10,2,70.16,43,57,2,2,112.45,0.00,0.50,0.17,0,10.00,5,1299.94,2,2,0,java.lang.Exception,0.00,4,1,10,0,4,4,0,11,297,1
"org.apache.jackrabbit.spi.commons.nodetype.compact.QNodeTypeDefinitionsBuilder",2,0.00,1.00,7,0.05,477.65,2,0,10,2,10,105.10,27,8,2,1,134.48,0.00,0.00,0.00,0,2.00,1,150.04,0,1,8,java.lang.Object,0.00,0,0,2,1,0,1,0,7,46,2
"org.apache.jackrabbit.spi.commons.nodetype.compact.QNodeTypeDefinitionsBuilder$QItemDefinitionBuilder",12,0.05,1.00,31,0.17,1687.24,18,6,10,12,1,163.47,36,44,0,1,142.86,0.00,0.00,0.12,0,90.00,1,521.38,0,2,1,java.lang.Object,0.00,0,0,12,0,0,10,0,12,154,1
"org.apache.jackrabbit.spi.commons.nodetype.compact.QNodeTypeDefinitionsBuilder$QNodeDefinitionBuilder",7,0.06,1.00,17,0.10,1045.06,10,3,10,7,2,163.27,27,24,0,2,142.65,0.00,0.50,0.29,0,25.00,1,304.98,0,3,2,org.apache.jackrabbit.spi.commons.nodetype.compact.QItemDefinitionBuilder,0.00,0,1,7,0,0,4,0,7,90,2
"org.apache.jackrabbit.spi.commons.nodetype.compact.QNodeTypeDefinitionsBuilder$QNodeTypeDefinitionBuilder",17,0.07,1.00,39,0.24,2718.31,24,7,10,17,4,163.03,65,54,0,1,142.42,0.00,0.00,0.08,0,144.00,1,732.37,0,6,4,java.lang.Object,0.00,0,0,17,0,0,11,0,17,212,2
"org.apache.jackrabbit.spi.commons.nodetype.compact.QNodeTypeDefinitionsBuilder$QPropertyDefinitionBuilder",11,0.10,1.00,24,0.17,1673.64,15,4,10,11,4,142.82,53,35,0,2,142.59,0.00,0.50,0.16,0,62.00,1,504.15,0,5,4,org.apache.jackrabbit.spi.commons.nodetype.compact.QItemDefinitionBuilder,0.00,0,1,11,0,0,6,0,11,144,2
"org.apache.jackrabbit.spi.commons.nodetype.compact.QNodeTypeDefinitionsBuilderImpl",2,1.00,1.00,9,0.09,1260.37,3,1,17,5,17,78.39,17,12,1,2,126.50,0.00,0.50,0.50,0,2.00,1,257.45,0,1,16,org.apache.jackrabbit.spi.commons.nodetype.compact.QNodeTypeDefinitionsBuilder,0.50,3,1,2,0,3,1,0,4,63,1
"org.apache.jackrabbit.spi.commons.nodetype.compact.QNodeTypeDefinitionsBuilderImpl$QNodeDefinitionBuilderImpl",1,0.00,1.00,3,0.07,1155.05,1,0,17,11,2,129.08,0,14,0,2,129.08,0.00,0.50,0.00,0,1.00,1,214.32,0,1,2,org.apache.jackrabbit.spi.commons.nodetype.compact.QNodeDefinitionBuilder,0.00,10,1,1,0,10,0,0,0,52,1
"org.apache.jackrabbit.spi.commons.nodetype.compact.QNodeTypeDefinitionsBuilderImpl$QNodeTypeDefinitionBuilderImpl",3,0.00,1.00,7,0.08,1078.32,3,0,17,13,2,139.65,0,18,0,2,139.65,0.00,0.50,0.00,0,3.00,1,237.37,0,1,2,org.apache.jackrabbit.spi.commons.nodetype.compact.QNodeTypeDefinitionBuilder,0.00,10,1,3,0,10,2,0,0,64,1
"org.apache.jackrabbit.spi.commons.nodetype.compact.QNodeTypeDefinitionsBuilderImpl$QPropertyDefinitionBuilderImpl",3,0.00,1.00,7,0.15,2193.96,3,0,17,18,8,137.22,0,24,0,2,137.22,0.00,0.50,0.00,0,3.00,1,445.59,0,3,8,org.apache.jackrabbit.spi.commons.nodetype.compact.QPropertyDefinitionBuilder,0.00,15,1,3,0,15,0,0,0,106,1
"org.apache.jackrabbit.ocm.testmodel.collection.ArrayListElement",4,0.00,1.25,10,0.09,1404.38,5,1,3,8,4,160.29,13,20,3,1,139.67,0.00,0.00,1.00,0,0.00,2,272.49,0,2,1,java.lang.Object,0.00,4,0,5,0,4,2,1,3,74,1
"org.apache.jackrabbit.ocm.testmodel.collection.CustomList",1,0.00,2.00,7,0.07,1299.46,1,0,1,6,2,115.03,4,11,2,2,114.80,0.00,0.50,0.00,0,1.00,2,195.44,0,1,0,java.util.ArrayList,0.00,5,1,2,0,5,0,0,1,47,1
"org.apache.jackrabbit.ocm.testmodel.collection.HashMapElement",5,0.00,1.40,14,0.14,2278.91,6,1,3,11,3,178.64,13,30,2,1,138.76,0.00,0.00,1.00,0,0.00,2,416.38,0,2,1,java.lang.Object,0.00,6,0,7,0,6,3,1,3,110,1
"org.apache.jackrabbit.ocm.testmodel.collection.Node",4,0.33,1.00,11,0.10,1369.27,6,2,2,4,0,140.05,18,22,0,1,139.81,0.00,0.00,0.25,0,8.00,1,307.40,0,2,0,java.lang.Object,0.00,0,0,4,0,0,2,0,6,80,1
"org.apache.jackrabbit.webdav.jcr.nodetype.ItemDefinitionImpl",9,0.05,1.22,41,0.40,8524.34,16,7,8,22,5,145.67,34,52,3,1,125.06,0.00,0.00,0.19,6,41.00,2,1212.75,0,4,2,java.lang.Object,0.00,13,0,11,2,13,5,3,11,268,2
"org.apache.jackrabbit.webdav.jcr.nodetype.NodeDefinitionImpl",7,0.04,1.43,40,0.39,11432.82,11,4,7,18,5,140.16,27,48,3,2,119.54,0.00,0.50,0.21,3,25.00,3,1157.81,1,5,2,org.apache.jackrabbit.webdav.jcr.nodetype.ItemDefinitionImpl,0.12,11,1,10,0,11,2,1,10,250,2
"org.apache.jackrabbit.webdav.jcr.nodetype.NodeTypeConstants",0,0.00,0.00,33,0.45,7981.07,32,32,2,0,5,171.00,39,34,3,1,171.00,0.00,0.00,0.00,0,0.00,0,1364.11,0,0,2,,0.00,0,0,0,0,0,0,0,29,219,1
"org.apache.jackrabbit.webdav.jcr.nodetype.NodeTypeProperty",8,0.00,2.50,62,0.76,21350.19,10,2,14,31,7,152.17,23,75,2,2,112.28,0.00,0.50,0.50,2,0.00,5,2265.72,1,3,5,org.apache.jackrabbit.webdav.property.AbstractDavProperty,0.00,23,1,20,0,23,5,1,6,458,1
"org.apache.jackrabbit.webdav.jcr.nodetype.PropertyDefinitionImpl",8,0.03,1.62,55,0.58,21897.66,13,5,9,23,5,135.41,31,64,3,2,114.79,0.00,0.50,0.22,4,34.00,5,1746.32,1,5,2,org.apache.jackrabbit.webdav.jcr.nodetype.ItemDefinitionImpl,0.12,15,1,13,0,15,3,1,12,347,2
"org.apache.jackrabbit.core.security.authorization.AbstractACLTemplateTest",16,0.23,1.88,111,1.47,49140.52,18,2,13,43,13,114.37,12,140,0,5,114.37,0.50,0.57,0.28,2,40.00,4,4406.92,2,2,13,org.apache.jackrabbit.api.jsr283.security.AbstractAccessControlTest,0.11,27,4,30,2,27,14,0,10,871,2
"org.apache.jackrabbit.core.security.authorization.AbstractACLTemplateTest$AccessControlEntry",2,0.00,1.00,5,0.02,258.03,2,0,13,2,1,143.15,0,7,0,1,143.15,0.00,0.00,0.00,0,2.00,1,71.86,0,2,1,java.lang.Object,0.00,0,0,2,0,0,0,0,0,24,0
"org.apache.jackrabbit.core.security.authorization.AbstractACLTemplateTest$JackrabbitAccessControlEntry",6,0.00,1.17,15,0.10,1350.27,6,0,13,8,3,141.21,0,23,0,1,141.21,0.00,0.00,0.00,0,10.00,2,311.36,0,4,3,java.lang.Object,0.00,2,0,7,0,2,2,0,0,87,0
"org.apache.jackrabbit.core.security.authorization.AbstractACLTemplateTest$JackrabbitAccessControlEntry_0",6,0.00,1.00,13,0.06,647.10,6,0,13,6,1,143.76,0,19,0,1,143.76,0.00,0.00,0.00,0,10.00,1,192.95,0,4,1,java.lang.Object,0.00,0,0,6,0,0,2,0,0,62,0
"org.apache.jackrabbit.core.security.authorization.AbstractAccessControlProvider",8,0.00,1.62,42,0.42,10318.98,16,8,15,18,14,88.10,48,53,4,1,120.32,0.00,0.00,0.12,1,14.00,3,1268.41,0,1,10,java.lang.Object,0.00,10,0,13,4,10,7,2,12,269,2
"org.apache.jackrabbit.core.security.authorization.AbstractAccessControlProvider$CompiledPermissions",4,0.00,1.00,8,0.04,280.01,4,0,15,4,1,145.24,1,12,0,1,145.24,0.00,0.00,0.00,0,6.00,1,119.85,0,0,1,java.lang.Object,0.00,0,0,4,0,0,4,0,1,39,0
"org.apache.jackrabbit.core.security.authorization.AbstractAccessControlProvider$CompiledPermissions_0",4,0.00,1.50,14,0.09,1363.34,4,0,15,5,3,133.17,2,20,0,1,133.17,0.00,0.00,0.00,0,6.00,2,275.23,0,0,3,java.lang.Object,0.00,1,0,6,0,1,4,0,2,71,0
"org.apache.jackrabbit.core.security.authorization.AbstractCompiledPermissions",8,0.71,1.12,25,0.20,3951.26,9,1,3,14,5,132.20,36,36,3,1,131.96,0.00,0.00,0.38,2,14.00,2,595.58,0,0,2,java.lang.Object,0.00,6,0,9,4,6,8,1,12,156,2
"org.apache.jackrabbit.core.security.authorization.AbstractCompiledPermissions$Result",6,0.17,1.33,37,0.43,15396.08,12,6,3,8,2,165.06,6,49,0,1,115.06,0.00,0.00,0.31,0,10.00,3,1300.62,0,1,2,java.lang.Object,0.00,2,0,8,0,2,5,0,2,299,2
"org.apache.jackrabbit.core.security.authorization.AbstractEntryTest",11,0.60,1.73,105,1.46,53294.95,12,1,11,37,6,106.26,10,125,0,5,106.26,0.50,0.57,0.45,1,28.00,6,4390.41,3,2,6,org.apache.jackrabbit.api.jsr283.security.AbstractAccessControlTest,0.13,26,4,19,2,26,9,0,8,864,2
"org.apache.jackrabbit.core.security.authorization.AbstractEntryTest$JackrabbitAccessControlEntry",6,0.00,1.00,13,0.07,667.99,6,0,11,7,3,143.65,0,19,0,1,143.65,0.00,0.00,0.00,0,10.00,1,209.42,0,4,3,java.lang.Object,0.00,1,0,6,0,1,2,0,0,65,0
"org.apache.jackrabbit.core.security.authorization.AbstractEntryTest$Principal",1,0.00,1.00,3,0.01,72.00,1,0,11,1,0,138.58,0,4,0,1,138.58,0.00,0.00,0.00,0,1.00,1,32.00,0,1,0,java.lang.Object,0.00,0,0,1,0,0,0,0,0,12,0
"org.apache.jackrabbit.core.security.authorization.AbstractEntryTest$Principal_0",1,0.00,1.00,3,0.01,72.00,1,0,11,1,0,138.58,0,4,0,1,138.58,0.00,0.00,0.00,0,1.00,1,32.00,0,1,0,java.lang.Object,0.00,0,0,1,0,0,0,0,0,12,0
"org.apache.jackrabbit.core.security.authorization.AbstractEntryTest$Privilege",5,0.00,1.00,11,0.05,564.06,5,0,11,5,0,143.61,0,16,0,1,143.61,0.00,0.00,0.00,0,5.00,1,159.73,0,3,0,java.lang.Object,0.00,0,0,5,0,0,2,0,0,52,0
"org.apache.jackrabbit.core.security.authorization.AbstractEvaluationTest",15,0.02,1.67,75,0.99,22776.64,22,7,22,45,15,119.76,5,98,4,5,119.76,3.25,0.22,0.12,5,72.00,6,2980.13,3,12,11,org.apache.jackrabbit.api.jsr283.security.AbstractAccessControlTest,0.23,30,4,25,13,30,3,0,5,624,2
"org.apache.jackrabbit.core.security.authorization.AbstractLockManagementTest",6,0.00,1.83,62,0.83,18941.66,6,0,6,26,4,156.00,10,77,0,6,106.00,0.40,0.62,0.00,2,0.00,3,2484.83,3,2,4,org.apache.jackrabbit.core.security.authorization.AbstractEvaluationTest,0.00,20,5,11,2,20,4,0,10,488,2
"org.apache.jackrabbit.core.security.authorization.AbstractNodeTypeManagementTest",13,0.12,2.46,162,2.16,66178.41,15,2,11,46,6,121.96,51,223,1,6,101.35,0.40,0.62,0.62,1,0.00,4,6484.43,4,1,5,org.apache.jackrabbit.core.security.authorization.AbstractEvaluationTest,0.11,33,5,32,2,33,12,0,37,1253,2
"org.apache.jackrabbit.core.security.authorization.AbstractVersionManagementTest",7,0.50,2.14,96,1.34,35625.52,8,1,10,42,6,139.97,17,115,0,6,100.08,0.40,0.62,0.57,1,0.00,3,4032.68,4,1,6,org.apache.jackrabbit.core.security.authorization.AbstractEvaluationTest,0.00,35,5,15,2,35,6,0,17,740,2
"org.apache.jackrabbit.core.security.authorization.AbstractWriteTest",29,0.09,2.07,387,6.08,187836.01,37,8,23,98,17,50.79,303,481,1,6,99.27,0.60,0.56,0.21,2,0.00,8,18249.75,9,3,16,org.apache.jackrabbit.core.security.authorization.AbstractEvaluationTest,0.17,69,5,60,3,69,26,0,141,3335,2
"org.apache.jackrabbit.core.security.authorization.AbstractWriteTest$AccessControlPolicy",0,0.00,0.00,1,0.00,12.00,0,0,23,0,0,171.00,0,0,0,1,171.00,0.00,0.00,0.00,0,0.00,0,8.00,0,0,0,java.lang.Object,0.00,0,0,0,0,0,0,0,0,4,0
"org.apache.jackrabbit.core.security.authorization.AbstractWriteTest$AccessControlPolicy_0",0,0.00,0.00,1,0.00,12.00,0,0,23,0,0,171.00,0,0,0,1,171.00,0.00,0.00,0.00,0,0.00,0,8.00,0,0,0,java.lang.Object,0.00,0,0,0,0,0,0,0,0,4,0
"org.apache.jackrabbit.core.security.authorization.AccessControlConstants",0,0.00,0.00,13,0.27,7824.43,12,12,3,2,5,171.00,43,14,2,1,171.00,0.00,0.00,0.00,0,0.00,0,817.88,0,0,3,,0.00,2,0,0,0,2,0,0,16,157,1
"org.apache.jackrabbit.core.security.authorization.AccessControlEditor",5,0.00,1.00,6,0.07,372.38,5,0,6,5,11,165.39,85,7,8,1,156.26,0.00,0.00,0.00,0,5.00,1,210.20,0,3,3,,0.00,0,0,5,0,0,2,0,6,62,1
"org.apache.jackrabbit.core.security.authorization.AccessControlEntryImpl",11,0.09,1.91,72,0.85,31702.66,18,7,12,33,10,72.29,80,93,3,1,114.58,0.00,0.00,0.22,0,49.00,7,2551.64,0,4,7,java.lang.Object,0.00,22,0,21,2,22,7,1,25,515,2
"org.apache.jackrabbit.core.security.authorization.AccessControlEntryIterator",6,0.00,2.00,36,0.38,13083.83,10,4,10,20,5,115.52,4,46,2,1,115.52,0.00,0.00,0.25,0,10.00,5,1135.86,0,2,3,java.lang.Object,0.00,14,0,12,0,14,4,1,2,243,1
"org.apache.jackrabbit.core.security.authorization.AccessControlProvider",6,0.00,1.00,7,0.05,247.27,6,0,7,6,17,138.14,84,8,13,1,158.28,0.00,0.00,0.00,0,6.00,1,156.44,0,3,4,,0.00,0,0,6,0,0,3,0,7,53,1
"org.apache.jackrabbit.core.security.authorization.AccessControlProviderFactory",3,0.00,1.00,4,0.03,124.09,3,0,3,3,3,138.13,44,5,1,1,158.27,0.00,0.00,0.00,0,3.00,1,82.73,0,0,2,,0.00,0,0,3,0,0,3,0,4,29,1
"org.apache.jackrabbit.core.security.authorization.AccessControlProviderFactoryImpl",3,0.33,2.00,27,0.38,12818.81,6,3,12,18,9,58.55,24,35,1,1,106.65,0.00,0.00,0.56,0,1.00,3,1148.99,0,0,8,java.lang.Object,0.00,15,0,6,0,15,3,1,12,223,1
"org.apache.jackrabbit.core.security.authorization.AccessControlUtils",4,0.00,1.00,5,0.03,118.02,4,0,4,4,5,109.43,39,6,3,1,159.42,0.00,0.00,0.00,0,4.00,1,89.02,0,0,2,,0.00,0,0,4,0,0,4,0,5,33,1
"org.apache.jackrabbit.core.security.authorization.CompiledPermissions",4,0.00,1.00,5,0.03,132.09,4,0,2,4,10,110.56,43,6,9,1,159.04,0.00,0.00,0.00,0,4.00,1,90.73,0,0,1,,0.00,0,0,4,0,0,4,0,5,33,1
"org.apache.jackrabbit.core.security.authorization.JackrabbitAccessControlEntry",3,0.00,1.00,4,0.02,77.11,3,0,2,3,9,117.61,23,5,8,2,159.90,0.00,0.50,0.00,0,3.00,1,53.21,0,2,1,,0.00,0,1,3,0,0,1,0,4,22,1
"org.apache.jackrabbit.core.security.authorization.JackrabbitAccessControlList",6,0.00,1.00,7,0.06,345.35,6,0,7,6,25,113.01,71,9,21,3,157.14,0.00,0.67,0.00,0,6.00,1,179.89,0,1,4,,0.00,0,2,6,0,0,5,0,7,57,1
"org.apache.jackrabbit.core.security.authorization.JackrabbitAccessControlListTest",11,0.20,2.55,127,1.63,69401.25,12,1,16,43,14,102.02,4,141,1,5,102.02,0.00,0.80,0.82,1,0.00,5,4880.87,3,1,13,org.apache.jackrabbit.api.jsr283.security.AbstractAccessControlTest,0.26,32,4,28,0,32,10,0,2,911,1
"org.apache.jackrabbit.core.security.authorization.JackrabbitAccessControlPolicy",1,0.00,1.00,2,0.01,44.19,1,0,1,1,8,98.34,10,3,7,2,146.81,0.00,0.50,0.00,0,1.00,1,26.09,0,1,1,,0.00,0,1,1,0,0,0,0,2,11,1
"org.apache.jackrabbit.core.security.authorization.NamedAccessControlPolicyImpl",2,1.00,1.50,8,0.06,957.77,3,1,2,3,2,167.23,5,12,1,1,127.34,0.00,0.00,0.50,0,2.00,2,176.29,0,1,1,java.lang.Object,0.00,1,0,3,0,1,1,1,3,47,2
"org.apache.jackrabbit.core.security.authorization.Permission",1,14.00,1.00,17,0.29,7230.87,15,14,0,1,32,94.24,16,19,32,1,94.71,0.00,0.00,0.00,0,1.00,1,865.54,0,0,0,java.lang.Object,0.00,0,0,1,0,0,1,0,2,170,2
"org.apache.jackrabbit.core.security.authorization.PrivilegeRegistry",8,0.16,5.88,172,2.81,168531.31,46,38,16,33,39,43.10,93,230,32,1,87.22,0.00,0.00,0.17,1,16.00,17,8438.27,0,3,7,java.lang.Object,0.00,25,0,47,0,25,5,0,17,1450,2
"org.apache.jackrabbit.core.security.authorization.PrivilegeRegistry$InternalPrivilege",5,0.21,2.20,47,0.43,14081.77,11,6,16,11,1,147.94,11,56,0,1,108.06,0.00,0.00,0.33,0,0.00,4,1288.56,0,0,1,java.lang.Object,0.00,6,0,11,0,6,5,0,3,267,2
"org.apache.jackrabbit.core.security.authorization.PrivilegeRegistry$PrivilegeImpl",8,0.00,1.88,49,0.44,12594.45,10,2,16,14,2,116.65,1,61,0,1,116.65,0.00,0.00,0.50,0,0.00,3,1318.97,0,3,2,java.lang.Object,0.00,6,0,15,0,6,5,1,1,296,1
"org.apache.jackrabbit.core.security.authorization.PrivilegeRegistryTest",20,0.11,1.50,157,2.56,104776.43,22,2,13,44,9,110.09,12,207,1,2,110.09,0.00,0.50,0.40,3,0.00,3,7676.82,1,2,8,junit.framework.TestCase,0.00,24,1,30,0,24,18,0,10,1528,1
"org.apache.jackrabbit.core.security.authorization.PrivilegeRegistryTest$NamespaceResolver",2,0.00,4.00,19,0.19,6281.66,2,0,13,9,1,107.55,0,23,0,1,107.55,0.00,0.00,0.00,0,2.00,4,577.97,0,2,1,java.lang.Object,0.00,7,0,8,0,7,0,0,0,130,0
"org.apache.jackrabbit.core.security.authorization.PrivilegeRegistryTest$Privilege",5,0.00,1.40,11,0.09,1724.93,5,0,13,6,0,139.71,0,16,0,1,139.71,0.00,0.00,0.00,0,5.00,2,267.08,0,3,0,java.lang.Object,0.00,1,0,7,0,1,2,0,0,75,0
"org.apache.jackrabbit.core.security.authorization.TestAll",1,0.00,1.00,6,0.05,1283.53,1,0,3,3,2,69.02,10,8,0,2,117.50,0.00,0.50,0.00,0,1.00,1,150.40,0,1,2,junit.framework.TestCase,0.00,2,1,1,0,2,0,0,2,39,1
"org.apache.jackrabbit.core.security.authorization.UnmodifiableAccessControlList",5,0.75,1.00,12,0.13,1749.03,6,1,7,9,7,107.52,30,22,3,1,139.74,0.00,0.00,0.40,0,7.00,1,376.42,0,1,4,java.lang.Object,0.00,4,0,5,0,4,4,1,7,99,1
"org.apache.jackrabbit.core.security.authorization.WorkspaceAccessManager",3,0.00,1.00,4,0.03,124.09,3,0,3,3,8,108.27,27,5,8,1,158.27,0.00,0.00,0.00,0,3.00,1,82.73,0,0,0,,0.00,0,0,3,0,0,3,0,4,29,1
"org.apache.jackrabbit.core.security.principal.AbstractPrincipalIterator",9,0.06,1.22,29,0.18,2708.20,13,4,5,12,3,183.64,17,40,2,1,133.64,0.00,0.00,0.19,2,24.00,2,530.79,0,3,1,java.lang.Object,0.00,3,0,11,2,3,6,1,5,143,1
"org.apache.jackrabbit.core.security.principal.AbstractPrincipalProvider",8,0.05,1.50,31,0.26,4858.90,11,3,3,16,2,98.97,52,43,1,1,131.19,0.00,0.00,0.38,2,0.00,3,787.39,0,2,1,java.lang.Object,0.00,8,0,12,1,8,6,1,13,191,2
"org.apache.jackrabbit.core.security.principal.AdminPrincipal",4,0.67,1.25,12,0.09,1370.38,5,1,0,6,10,183.19,5,18,9,1,133.19,0.00,0.00,0.50,0,4.00,2,259.40,0,1,1,java.lang.Object,0.00,2,0,5,1,2,3,1,1,71,1
"org.apache.jackrabbit.core.security.principal.DefaultPrincipalProvider",12,0.15,2.25,105,1.36,40432.62,18,6,22,50,15,60.87,120,158,2,2,109.35,0.00,0.50,0.31,1,8.00,5,4090.14,4,8,13,org.apache.jackrabbit.core.security.principal.AbstractPrincipalProvider,0.10,38,1,27,0,38,4,1,33,796,1
"org.apache.jackrabbit.core.security.principal.DefaultPrincipalProvider$PrincipalIteratorImpl",2,0.00,2.50,19,0.15,2979.26,4,2,22,6,2,130.82,6,26,0,2,110.21,0.00,0.50,0.50,0,2.00,4,460.36,0,1,2,org.apache.jackrabbit.core.security.principal.AbstractPrincipalIterator,0.18,4,1,5,0,4,1,0,4,104,1
"org.apache.jackrabbit.core.security.principal.DefaultPrincipalProviderTest",4,0.00,3.00,39,0.53,24708.35,5,1,9,28,10,155.30,6,49,1,5,105.30,0.00,0.80,1.00,0,0.00,8,1593.28,3,0,9,org.apache.jackrabbit.api.security.user.AbstractUserTest,0.29,24,4,12,0,24,4,0,4,313,1
"org.apache.jackrabbit.core.security.principal.EveryonePrincipal",9,0.38,1.00,20,0.16,2244.04,11,2,2,13,6,140.90,6,29,6,1,140.90,0.00,0.00,0.17,0,26.00,1,473.13,0,3,0,java.lang.Object,0.00,4,0,9,0,4,6,1,4,130,2
"org.apache.jackrabbit.core.security.principal.ItemBasedPrincipal",1,0.00,1.00,2,0.01,59.45,1,0,2,1,8,108.24,12,3,8,2,145.80,0.00,0.50,0.00,0,1.00,1,33.60,0,1,0,,0.00,0,1,1,0,0,0,0,2,13,1
"org.apache.jackrabbit.core.security.principal.JackrabbitPrincipal",0,0.00,0.00,1,0.01,31.02,0,0,1,0,2,171.00,4,2,2,2,171.00,0.00,0.50,0.00,0,0.00,0,15.51,0,0,0,,0.00,0,1,0,0,0,0,0,1,6,1
"org.apache.jackrabbit.core.security.principal.PrincipalImpl",5,0.12,1.60,19,0.17,2883.55,7,2,2,11,12,113.48,29,28,11,1,131.35,0.00,0.00,0.40,0,0.00,3,506.21,0,2,1,java.lang.Object,0.00,6,0,8,1,6,3,2,11,126,1
"org.apache.jackrabbit.core.security.principal.PrincipalIteratorAdapter",3,1.00,1.00,8,0.07,1284.33,4,1,7,5,7,96.76,23,13,4,2,139.05,0.00,0.50,0.00,0,3.00,1,219.48,1,1,3,org.apache.jackrabbit.commons.iterator.RangeIteratorDecorator,0.00,2,1,3,0,2,2,1,6,61,1
"org.apache.jackrabbit.core.security.principal.PrincipalManagerImpl",11,0.10,2.36,95,0.98,32512.65,14,3,12,28,7,67.49,82,107,2,1,109.78,0.00,0.00,0.24,4,30.00,4,2925.85,0,8,5,java.lang.Object,0.00,17,0,26,0,17,3,1,28,604,1
"org.apache.jackrabbit.core.security.principal.PrincipalManagerImpl$CheckedGroup",8,0.14,1.00,22,0.18,2427.85,10,2,12,18,1,140.22,1,31,0,1,140.22,0.00,0.00,0.38,0,0.00,1,526.25,0,2,1,java.lang.Object,0.00,10,0,8,0,10,6,1,1,145,1
"org.apache.jackrabbit.core.security.principal.PrincipalManagerImpl$CheckedGroup$Enumeration",2,0.00,1.00,5,0.03,231.25,2,0,12,4,0,143.52,0,7,0,1,143.52,0.00,0.00,0.00,0,2.00,1,81.08,0,1,0,java.lang.Object,0.00,2,0,2,0,2,1,0,0,26,0
"org.apache.jackrabbit.core.security.principal.PrincipalManagerImpl$CheckedIteratorEntry",1,2.00,1.00,6,0.04,570.78,3,2,12,1,1,120.27,0,8,0,1,120.27,0.00,0.00,0.00,0,1.00,1,130.51,0,0,1,java.lang.Object,0.00,0,0,1,0,0,1,0,0,37,2
"org.apache.jackrabbit.core.security.principal.PrincipalManagerImpl$CheckedPrincipalIterator",3,0.50,2.00,19,0.22,6272.82,4,1,12,11,2,165.67,5,27,0,2,115.67,0.00,0.50,0.67,0,0.00,4,658.45,0,1,2,org.apache.jackrabbit.core.security.principal.AbstractPrincipalIterator,0.17,8,1,6,0,8,2,0,3,145,1
"org.apache.jackrabbit.core.security.principal.PrincipalManagerImpl$ItemBasedCheckedGroup",2,0.00,1.50,7,0.06,958.48,2,0,12,4,2,132.00,0,11,0,2,132.00,0.00,0.50,0.00,0,2.00,2,187.63,0,1,2,org.apache.jackrabbit.core.security.principal.CheckedGroup,0.00,2,1,3,0,2,1,1,0,50,1
"org.apache.jackrabbit.core.security.principal.PrincipalProvider",8,0.00,1.00,9,0.05,148.55,8,0,6,8,14,112.53,83,10,12,1,161.01,0.00,0.00,0.00,0,8.00,1,143.55,0,5,2,,0.00,0,0,8,0,0,3,0,9,55,1
"org.apache.jackrabbit.core.security.principal.PrincipalProviderRegistry",4,0.00,1.00,5,0.02,91.92,4,0,2,4,6,112.17,33,6,5,1,160.28,0.00,0.00,0.00,0,4.00,1,69.12,0,4,1,,0.00,0,0,4,0,0,0,0,5,28,1
"org.apache.jackrabbit.core.security.principal.ProviderRegistryImpl",6,0.00,2.00,37,0.46,13813.27,9,3,9,22,6,83.12,37,57,2,1,115.34,0.00,0.00,0.33,1,2.00,6,1375.83,0,0,4,java.lang.Object,0.00,16,0,12,0,16,6,1,10,292,1
"org.apache.jackrabbit.core.security.principal.TestAll",1,0.00,1.00,5,0.04,864.35,1,0,3,3,1,73.32,10,7,0,2,121.80,0.00,0.50,0.00,0,1.00,1,115.51,0,1,1,junit.framework.TestCase,0.00,2,1,1,0,2,0,0,2,31,1
"org.apache.jackrabbit.ocm.manager.atomictypeconverter.impl.AtomicTypeConverterProviderImpl",5,0.12,1.80,29,0.29,10149.56,7,2,6,11,5,100.87,26,39,2,1,118.75,0.00,0.00,0.40,0,2.00,4,856.42,0,2,3,java.lang.Object,0.00,6,0,9,1,6,3,1,6,189,1
"org.apache.jackrabbit.ocm.manager.atomictypeconverter.impl.BinaryTypeConverterImpl",3,0.00,1.67,11,0.11,1844.96,3,0,6,7,3,98.90,19,26,1,1,131.12,0.00,0.00,0.00,0,3.00,2,323.54,0,3,2,java.lang.Object,0.00,4,0,5,0,4,0,1,4,80,1
"org.apache.jackrabbit.ocm.manager.atomictypeconverter.impl.BooleanTypeConverterImpl",3,0.00,2.00,12,0.14,2535.27,3,0,4,9,3,93.11,18,27,1,1,125.33,0.00,0.00,0.00,0,3.00,2,421.45,0,3,2,java.lang.Object,0.00,6,0,6,0,6,0,1,4,99,1
"org.apache.jackrabbit.ocm.manager.atomictypeconverter.impl.ByteArrayTypeConverterImpl",4,0.00,1.75,20,0.23,5911.67,4,0,9,12,3,120.07,19,37,1,1,119.84,0.00,0.00,0.00,1,4.00,2,678.09,0,3,2,java.lang.Object,0.00,8,0,7,0,8,1,1,4,152,1
"org.apache.jackrabbit.ocm.manager.atomictypeconverter.impl.CalendarTypeConverterImpl",3,0.00,1.67,14,0.16,3213.76,3,0,6,13,3,92.34,18,29,1,1,124.56,0.00,0.00,0.00,0,3.00,2,479.94,0,3,2,java.lang.Object,0.00,10,0,5,0,10,0,1,4,111,1
"org.apache.jackrabbit.ocm.manager.atomictypeconverter.impl.Date2LongTypeConverterImpl",3,0.00,1.67,12,0.16,2746.22,3,0,6,11,2,92.88,18,27,0,1,125.10,0.00,0.00,0.00,0,3.00,2,471.47,0,3,2,java.lang.Object,0.00,8,0,5,0,8,0,1,4,109,1
"org.apache.jackrabbit.ocm.manager.atomictypeconverter.impl.DefaultAtomicTypeConverterProvider",4,0.00,1.00,26,0.37,10977.00,4,0,7,7,12,115.13,18,31,1,2,114.90,0.00,0.50,0.00,0,0.00,1,1102.64,0,1,11,org.apache.jackrabbit.ocm.manager.atomictypeconverter.impl.AtomicTypeConverterProviderImpl,0.00,3,1,4,0,3,3,0,4,224,1
"org.apache.jackrabbit.ocm.manager.atomictypeconverter.impl.DoubleTypeConverterImpl",3,0.00,1.67,13,0.14,2686.82,3,0,5,10,3,92.96,18,28,1,1,125.18,0.00,0.00,0.00,0,3.00,2,414.89,0,3,2,java.lang.Object,0.00,7,0,5,0,7,0,1,4,97,1
"org.apache.jackrabbit.ocm.manager.atomictypeconverter.impl.IntTypeConverterImpl",3,0.00,1.67,13,0.14,2849.71,3,0,5,10,3,92.75,18,28,1,1,124.98,0.00,0.00,0.00,0,3.00,2,424.18,0,3,2,java.lang.Object,0.00,7,0,5,0,7,0,1,4,99,1
"org.apache.jackrabbit.ocm.manager.atomictypeconverter.impl.LongTypeConverterImpl",3,0.00,1.67,13,0.14,2686.82,3,0,5,10,3,92.96,19,28,1,1,125.18,0.00,0.00,0.00,0,3.00,2,414.89,0,3,2,java.lang.Object,0.00,7,0,5,0,7,0,1,4,97,1
"org.apache.jackrabbit.ocm.manager.atomictypeconverter.impl.NameTypeConverterImpl",3,0.00,2.00,13,0.16,3488.23,3,0,6,8,2,92.02,19,33,0,1,124.24,0.00,0.00,0.00,0,3.00,3,468.34,0,3,2,java.lang.Object,0.00,5,0,6,0,5,0,1,4,106,1
"org.apache.jackrabbit.ocm.manager.atomictypeconverter.impl.NullTypeConverterImpl",3,0.00,1.00,7,0.04,329.17,3,0,3,3,2,125.83,17,11,1,1,143.70,0.00,0.00,0.00,0,3.00,1,134.77,0,3,1,java.lang.Object,0.00,0,0,3,0,0,0,1,4,40,1
"org.apache.jackrabbit.ocm.manager.atomictypeconverter.impl.PathTypeConverterImpl",3,0.00,2.00,13,0.15,3257.43,3,0,6,7,2,92.25,19,33,0,1,124.48,0.00,0.00,0.00,0,3.00,3,454.69,0,3,2,java.lang.Object,0.00,4,0,6,0,4,0,1,4,103,1
"org.apache.jackrabbit.ocm.manager.atomictypeconverter.impl.ReferenceTypeConverterImpl",3,0.00,2.00,13,0.15,3257.43,3,0,6,7,3,92.25,20,33,1,1,124.48,0.00,0.00,0.00,0,3.00,3,454.69,0,3,2,java.lang.Object,0.00,4,0,6,0,4,0,1,4,103,1
"org.apache.jackrabbit.ocm.manager.atomictypeconverter.impl.StringTypeConverterImpl",3,0.00,1.67,11,0.11,1998.39,3,0,5,8,3,98.63,19,26,1,1,130.85,0.00,0.00,0.00,0,3.00,2,340.66,0,3,2,java.lang.Object,0.00,5,0,5,0,5,0,1,4,84,1
"org.apache.jackrabbit.ocm.manager.atomictypeconverter.impl.TimestampTypeConverterImpl",3,0.00,1.67,12,0.15,2846.19,3,0,6,11,3,92.76,19,26,1,1,124.98,0.00,0.00,0.00,0,3.00,2,453.09,0,3,2,java.lang.Object,0.00,8,0,5,0,8,0,1,4,105,1
"org.apache.jackrabbit.ocm.manager.atomictypeconverter.impl.UndefinedTypeConverterImpl",3,0.00,7.33,47,0.69,32739.44,3,0,10,22,4,62.65,20,96,2,1,94.87,0.00,0.00,0.00,0,3.00,11,2067.38,0,3,2,java.lang.Object,0.00,19,0,22,0,19,0,1,4,394,1
"org.apache.jackrabbit.ocm.manager.atomictypeconverter.impl.UtilDateTypeConverterImpl",3,0.00,2.00,18,0.22,4827.21,3,0,7,11,3,84.34,18,38,1,1,116.56,0.00,0.00,0.00,0,3.00,2,646.67,0,3,2,java.lang.Object,0.00,8,0,6,0,8,0,1,4,140,1
"org.apache.jackrabbit.BaseException",2,0.00,1.00,5,0.03,239.29,2,0,0,2,1,99.28,22,8,1,2,143.41,5.00,0.14,0.00,0,2.00,1,92.84,0,0,0,java.lang.Exception,0.00,0,1,2,5,0,2,0,3,30,2
"org.apache.jackrabbit.JcrConstants",0,0.00,0.00,71,1.53,23803.38,70,70,1,0,16,171.00,217,72,16,1,171.00,0.00,0.00,0.00,0,0.00,0,4576.95,0,0,0,,0.00,0,0,0,0,0,0,0,71,634,1
"org.apache.jackrabbit.ocm.manager.beanconverter.impl.AbstractBeanConverterImpl",6,3.00,1.00,14,0.23,2534.90,9,3,12,7,15,178.98,12,24,5,1,139.09,0.00,0.00,0.00,0,6.00,1,700.19,0,2,10,java.lang.Object,0.00,1,0,6,5,1,4,1,2,166,2
"org.apache.jackrabbit.ocm.manager.beanconverter.impl.DefaultBeanConverterImpl",5,1.00,1.80,21,0.41,9895.42,6,1,13,14,10,172.45,8,49,0,2,122.45,0.00,0.50,0.00,0,2.00,3,1240.73,1,1,10,org.apache.jackrabbit.ocm.manager.beanconverter.impl.AbstractBeanConverterImpl,0.00,9,1,9,0,9,4,1,1,255,1
"org.apache.jackrabbit.ocm.manager.beanconverter.impl.InlineBeanConverterImpl",5,0.25,1.00,13,0.25,3036.06,6,1,12,8,11,187.85,8,24,0,2,137.85,0.00,0.50,0.80,0,0.00,1,738.99,0,1,11,org.apache.jackrabbit.ocm.manager.beanconverter.impl.AbstractBeanConverterImpl,0.00,3,1,5,0,3,4,1,1,165,1
"org.apache.jackrabbit.ocm.manager.beanconverter.impl.ParentBeanConverterImpl",6,1.00,1.67,21,0.36,7356.75,7,1,13,13,10,168.65,14,51,0,2,128.76,0.00,0.50,0.00,0,10.00,3,1076.29,0,2,10,org.apache.jackrabbit.ocm.manager.beanconverter.impl.AbstractBeanConverterImpl,0.00,7,1,10,0,7,4,1,2,229,1
"org.apache.jackrabbit.ocm.manager.beanconverter.impl.ReferenceBeanConverterImpl",6,1.00,1.67,26,0.48,9840.01,7,1,17,20,13,173.11,9,50,1,2,123.11,0.00,0.50,0.00,1,10.00,4,1445.41,0,1,12,org.apache.jackrabbit.ocm.manager.beanconverter.impl.AbstractBeanConverterImpl,0.00,14,1,10,0,14,5,1,1,293,1
"org.apache.jackrabbit.core.nodetype.compact.CompactNodeTypeDefReader",25,0.08,3.92,303,3.83,150870.47,30,5,31,89,25,52.18,255,378,3,1,100.66,0.00,0.00,0.28,17,27.00,15,11503.26,0,4,22,java.lang.Object,0.00,64,0,98,0,64,21,0,37,2170,1
"org.apache.jackrabbit.core.nodetype.compact.CompactNodeTypeDefTest",3,0.35,2.33,85,1.45,51195.15,20,17,22,56,17,133.50,5,96,1,2,83.50,0.00,0.50,0.29,0,0.00,4,4343.31,0,0,16,junit.framework.TestCase,0.00,53,1,7,0,53,3,0,5,739,1
"org.apache.jackrabbit.core.nodetype.compact.CompactNodeTypeDefWriter",19,0.02,3.11,204,2.50,93472.15,25,6,20,77,13,72.14,123,242,3,1,104.36,0.00,0.00,0.18,14,0.00,8,7505.07,0,2,10,java.lang.Object,0.00,58,0,59,0,58,17,0,28,1463,1
"org.apache.jackrabbit.core.nodetype.compact.Lexer",5,0.12,1.80,82,1.75,45127.49,44,39,3,18,2,134.69,13,103,1,1,94.80,0.00,0.00,0.12,1,0.00,5,5256.96,0,1,1,java.lang.Object,0.00,13,0,9,0,13,4,0,3,830,1
"org.apache.jackrabbit.core.nodetype.compact.ParseException",6,0.20,1.67,46,0.43,15682.01,9,3,0,10,4,70.16,43,57,4,2,112.45,0.00,0.50,0.17,0,10.00,5,1299.94,2,2,0,java.lang.Exception,0.00,4,1,10,0,4,4,0,11,297,1
"org.apache.jackrabbit.core.nodetype.compact.TestAll",1,0.00,1.00,5,0.06,1131.01,1,0,3,3,1,72.40,10,7,0,2,120.88,0.00,0.50,0.00,0,1.00,1,180.51,0,1,1,junit.framework.TestCase,0.00,2,1,1,0,2,0,0,2,43,1
"org.apache.jackrabbit.ocm.manager.simplemapping.AllTests",2,0.00,1.00,7,0.05,899.31,2,0,3,5,2,152.93,7,10,0,1,132.31,0.00,0.00,0.00,1,2.00,1,155.16,0,2,2,java.lang.Object,0.00,3,0,2,0,3,0,0,3,42,1
"org.apache.jackrabbit.ocm.manager.simplemapping.AnnotationSimpleTest",3,1.00,1.33,34,0.43,13800.59,4,1,13,24,8,60.95,22,47,2,4,103.24,0.00,0.75,0.00,0,3.00,2,1283.10,1,1,6,org.apache.jackrabbit.ocm.AnnotationTestBase,0.00,21,3,4,0,21,2,0,15,239,1
