Name, No. Methods, LCOM, AVCC, NOS, HBUG, HEFF, UWCS, INST, PACK, RFC, CBO, MI, CCML, NLOC, F-IN, DIT, MINC, S-R, R-R, COH, LMC, LCOM2, MAXCC, HVOL, HIER, NQU, FOUT, Superclass, SIX, EXT, NSUP, TCC, NSUB, MPC, NCO, INTR, CCOM, HLTH, MOD
"org.apache.jackrabbit.webdav.version.ActivityResource",0,0.00,0.00,5,0.11,3438.72,4,4,1,1,4,171.00,66,6,2,2,171.00,0.00,0.50,0.00,0,0.00,0,320.95,0,0,2,,0.00,1,1,0,0,1,0,0,5,70,1
"org.apache.jackrabbit.webdav.version.BaselineResource",1,2.00,1.00,4,0.06,1353.17,3,2,3,2,5,74.93,51,5,1,2,123.88,0.00,0.50,0.00,0,1.00,1,183.88,0,1,4,,0.00,1,1,1,0,1,0,0,4,45,1
"org.apache.jackrabbit.webdav.version.DeltaVConstants",0,0.00,0.00,44,0.95,21563.97,43,43,3,1,30,171.00,248,45,27,1,171.00,0.00,0.00,0.00,0,0.00,0,2837.36,0,0,3,,0.00,1,0,0,0,1,0,0,34,428,1
"org.apache.jackrabbit.webdav.version.DeltaVResource",4,3.00,1.00,8,0.07,613.42,7,3,5,4,17,160.69,73,9,11,2,142.56,0.00,0.50,0.00,0,4.00,1,215.42,0,2,7,,0.00,0,1,4,0,0,2,0,8,62,1
"org.apache.jackrabbit.webdav.version.DeltaVServletRequest",6,0.00,1.00,7,0.04,244.95,6,0,3,6,8,110.21,48,8,1,2,158.31,0.00,0.50,0.00,0,6.00,1,125.38,0,5,7,,0.00,0,1,6,0,0,1,0,7,46,1
"org.apache.jackrabbit.webdav.version.LabelInfo",9,0.03,2.11,67,0.79,33295.91,17,8,9,20,17,78.98,61,84,11,1,111.21,0.00,0.00,0.15,0,38.00,5,2377.15,0,2,6,java.lang.Object,0.00,11,0,19,0,11,7,2,7,473,1
"org.apache.jackrabbit.webdav.version.LabelSetProperty",3,0.25,1.33,16,0.15,3326.12,5,2,6,6,6,121.12,12,18,2,2,120.88,0.00,0.50,0.33,0,1.00,2,463.19,1,2,4,org.apache.jackrabbit.webdav.property.AbstractDavProperty,0.00,3,1,4,0,3,1,0,3,106,1
"org.apache.jackrabbit.webdav.version.MergeInfo",8,0.05,2.12,51,0.63,19273.59,11,3,13,30,16,67.06,71,66,8,1,115.17,0.00,0.00,0.38,0,0.00,4,1899.91,0,5,8,java.lang.Object,0.00,22,0,17,0,22,3,2,10,391,1
"org.apache.jackrabbit.webdav.version.OptionsInfo",5,0.25,2.20,31,0.38,9261.60,7,2,13,21,15,67.58,51,39,8,1,116.06,0.00,0.00,0.30,0,10.00,3,1136.76,0,2,7,java.lang.Object,0.00,16,0,11,0,16,3,1,7,241,1
"org.apache.jackrabbit.webdav.version.OptionsResponse",4,0.17,2.50,38,0.59,18664.29,6,2,14,31,12,68.74,49,46,6,1,106.30,0.00,0.00,0.38,0,0.00,4,1763.22,0,3,6,java.lang.Object,0.00,27,0,10,0,27,1,2,5,344,1
"org.apache.jackrabbit.webdav.version.OptionsResponse$Entry",1,3.00,1.00,8,0.07,1245.95,4,3,14,1,1,112.94,0,10,0,1,112.94,0.00,0.00,0.00,0,1.00,1,199.22,0,0,1,java.lang.Object,0.00,0,0,1,0,0,1,0,0,53,2
"org.apache.jackrabbit.webdav.version.SupportedMethodSetProperty",3,0.25,1.33,17,0.18,4242.03,5,2,6,7,4,120.29,12,19,1,2,120.05,0.00,0.50,0.33,0,1.00,2,535.69,1,2,3,org.apache.jackrabbit.webdav.property.AbstractDavProperty,0.00,4,1,4,0,4,1,1,3,119,1
"org.apache.jackrabbit.webdav.version.UpdateInfo",9,0.25,3.33,89,1.29,69739.23,17,8,13,34,16,56.40,77,115,8,1,104.50,0.00,0.00,0.35,0,0.00,8,3868.36,0,7,8,java.lang.Object,0.00,25,0,30,0,25,2,2,13,706,1
"org.apache.jackrabbit.webdav.version.VersionControlledResource",7,16.00,1.00,24,0.51,19334.90,23,16,3,8,16,92.39,294,25,8,2,126.10,0.00,0.50,0.00,0,7.00,1,1526.92,0,3,8,,0.00,1,1,7,0,1,4,0,24,299,1
"org.apache.jackrabbit.webdav.version.VersionHistoryResource",1,4.00,1.00,6,0.09,2077.38,5,4,3,2,15,82.14,42,7,11,2,115.85,0.00,0.50,0.00,0,1.00,1,280.76,0,1,5,,0.00,1,1,1,0,1,0,0,6,64,1
"org.apache.jackrabbit.webdav.version.VersionResource",2,11.00,1.00,14,0.32,11920.17,13,11,2,3,16,159.64,164,15,12,2,109.75,0.00,0.50,0.00,0,2.00,1,962.56,0,0,5,,0.00,1,1,2,0,1,2,0,14,189,1
"org.apache.jackrabbit.webdav.version.VersionableResource",1,2.00,1.00,4,0.04,432.22,3,2,1,1,4,98.81,41,5,3,2,127.79,0.00,0.50,0.00,0,1.00,1,105.60,0,0,1,,0.00,0,1,1,0,0,1,0,4,29,1
"org.apache.jackrabbit.webdav.version.WorkspaceResource",0,0.00,0.00,4,0.08,2307.76,3,3,1,1,3,171.00,61,5,1,2,171.00,0.00,0.50,0.00,0,0.00,0,240.81,0,0,2,,0.00,1,1,0,0,1,0,0,4,54,1
"org.apache.jackrabbit.core.query.sql.ASTContainsExpression",7,0.42,1.00,17,0.11,1129.61,9,2,1,8,4,142.38,3,25,2,2,142.38,0.00,0.50,0.14,0,17.00,1,331.40,0,3,2,SimpleNode,0.00,1,1,7,0,1,4,0,1,98,1
"org.apache.jackrabbit.core.query.sql.ASTIdentifier",6,0.80,1.00,14,0.10,1044.12,7,1,1,7,8,142.13,1,21,6,2,142.13,0.00,0.50,0.33,0,10.00,1,295.38,1,3,2,SimpleNode,0.08,1,1,6,0,1,3,0,1,87,1
"org.apache.jackrabbit.core.query.sql.ASTLiteral",8,0.29,1.00,19,0.13,1418.97,10,2,0,9,4,142.06,3,28,3,2,142.06,0.00,0.50,0.25,0,18.00,1,403.74,1,3,1,SimpleNode,0.14,1,1,8,0,1,5,0,1,117,1
"org.apache.jackrabbit.core.query.sql.ASTPredicate",14,0.12,1.00,34,0.24,2461.65,19,5,1,15,4,142.09,1,49,2,2,142.09,0.00,0.50,0.09,0,70.00,1,709.22,1,5,2,SimpleNode,0.06,1,1,14,0,1,9,0,1,199,1
"org.apache.jackrabbit.core.query.sql.DefaultParserVisitor",20,0.00,1.00,41,0.27,2807.83,20,0,0,20,6,142.86,4,62,1,1,142.86,0.00,0.00,0.00,0,20.00,1,808.87,0,20,5,java.lang.Object,0.00,0,0,20,0,0,0,1,1,245,0
"org.apache.jackrabbit.core.query.sql.JCRSQLQueryBuilder",27,0.02,3.41,371,5.41,422632.24,37,10,39,155,34,63.91,162,468,2,1,96.13,0.00,0.00,0.09,3,149.00,16,16229.29,0,25,32,java.lang.Object,0.00,128,0,92,0,128,2,1,64,2791,1
"org.apache.jackrabbit.core.query.sql.JCRSQLQueryBuilder$DefaultParserVisitor",2,0.00,1.00,7,0.07,753.53,2,0,39,5,2,132.92,0,9,0,1,132.92,0.00,0.00,0.00,0,0.00,1,206.90,0,2,2,java.lang.Object,0.00,3,0,2,0,3,0,0,0,53,0
"org.apache.jackrabbit.core.query.sql.JCRSQLQueryBuilder$DefaultParserVisitor_0",1,0.00,2.00,5,0.05,958.23,1,0,39,3,2,171.29,1,7,0,1,121.29,0.00,0.00,0.00,0,0.00,2,148.18,0,1,2,java.lang.Object,0.00,2,0,2,0,2,0,0,1,37,0
"org.apache.jackrabbit.core.query.sql.JCRSQLQueryBuilder$DefaultParserVisitor_1",5,0.00,2.20,25,0.25,7597.13,5,0,39,8,3,119.69,0,34,0,1,119.69,0.00,0.00,0.00,1,5.00,5,740.78,0,4,3,java.lang.Object,0.00,3,0,11,0,3,1,0,0,174,0
"org.apache.jackrabbit.core.query.sql.JCRSQLQueryBuilder$DefaultParserVisitor_2",1,0.00,1.00,4,0.03,474.00,1,0,39,2,1,127.47,0,5,0,1,127.47,0.00,0.00,0.00,0,1.00,1,92.00,0,1,1,java.lang.Object,0.00,1,0,1,0,1,0,0,0,25,0
"org.apache.jackrabbit.core.query.sql.JCRSQLQueryBuilder$MergingPathQueryNode",5,0.75,6.00,101,1.46,155232.17,6,1,39,26,3,49.12,63,114,0,4,86.68,0.00,0.75,0.40,2,6.00,13,4367.68,0,3,3,org.apache.jackrabbit.core.query.PathQueryNode,0.00,21,3,30,0,21,2,0,15,763,2
"org.apache.jackrabbit.core.query.sql.QueryBuilder",4,0.00,1.00,9,0.10,1268.78,4,0,6,7,5,140.31,16,18,0,1,140.07,0.00,0.00,0.00,0,4.00,1,294.46,0,3,5,java.lang.Object,0.00,3,0,4,0,3,1,1,5,78,1
"org.apache.jackrabbit.core.query.sql.QueryFormat",20,0.01,4.90,367,5.23,422762.30,24,4,28,88,23,110.37,77,432,2,1,89.75,0.00,0.00,0.26,4,30.00,16,15682.97,0,15,21,java.lang.Object,0.00,68,0,98,0,68,5,2,27,2743,0
"org.apache.jackrabbit.commons.iterator.EventIteratorAdapter",4,1.00,1.00,10,0.08,1359.33,5,1,6,6,2,97.55,29,17,0,2,139.84,0.00,0.50,0.00,0,4.00,1,249.48,1,1,2,org.apache.jackrabbit.commons.iterator.RangeIteratorDecorator,0.00,2,1,4,0,2,3,1,7,71,1
"org.apache.jackrabbit.commons.iterator.EventListenerIteratorAdapter",4,1.00,1.00,10,0.08,1307.38,5,1,6,6,3,97.68,29,17,1,2,139.97,0.00,0.50,0.00,0,4.00,1,239.29,1,1,2,org.apache.jackrabbit.commons.iterator.RangeIteratorDecorator,0.00,2,1,4,0,2,3,1,7,69,1
"org.apache.jackrabbit.commons.iterator.NodeIteratorAdapter",4,1.00,1.00,10,0.08,1359.33,5,1,6,6,4,97.55,29,17,2,2,139.84,0.00,0.50,0.00,0,4.00,1,249.48,1,1,2,org.apache.jackrabbit.commons.iterator.RangeIteratorDecorator,0.00,2,1,4,0,2,3,1,7,71,1
"org.apache.jackrabbit.commons.iterator.NodeTypeIteratorAdapter",4,1.00,1.00,10,0.08,1359.33,5,1,6,6,4,97.55,29,17,2,2,139.84,0.00,0.50,0.00,0,4.00,1,249.48,1,1,2,org.apache.jackrabbit.commons.iterator.RangeIteratorDecorator,0.00,2,1,4,0,2,3,1,7,71,1
"org.apache.jackrabbit.commons.iterator.PropertyIteratorAdapter",4,1.00,1.00,10,0.08,1307.38,5,1,6,6,4,97.68,29,17,2,2,139.97,0.00,0.50,0.00,0,4.00,1,239.29,1,1,2,org.apache.jackrabbit.commons.iterator.RangeIteratorDecorator,0.00,2,1,4,0,2,3,1,7,69,1
"org.apache.jackrabbit.commons.iterator.RangeIteratorAdapter",9,0.06,1.78,45,0.34,8853.83,13,4,5,16,9,73.12,75,63,9,1,121.23,0.00,0.00,0.31,1,8.00,3,1033.45,0,1,0,java.lang.Object,0.00,7,0,16,0,7,8,1,16,249,1
"org.apache.jackrabbit.commons.iterator.RangeIteratorDecorator",7,0.17,1.00,16,0.11,1357.60,8,1,2,13,7,109.53,48,25,7,1,141.76,0.00,0.00,0.86,0,0.00,1,328.05,0,1,0,java.lang.Object,0.00,6,0,7,7,6,6,1,11,98,1
"org.apache.jackrabbit.commons.iterator.RowIteratorAdapter",4,1.00,1.00,10,0.08,1307.38,5,1,6,6,2,97.68,29,17,0,2,139.97,0.00,0.50,0.00,0,4.00,1,239.29,1,1,2,org.apache.jackrabbit.commons.iterator.RangeIteratorDecorator,0.00,2,1,4,0,2,3,1,7,69,1
"org.apache.jackrabbit.commons.iterator.VersionIteratorAdapter",4,1.00,1.00,10,0.08,1307.38,5,1,6,6,2,97.68,29,17,0,2,139.97,0.00,0.50,0.00,0,4.00,1,239.29,1,1,2,org.apache.jackrabbit.commons.iterator.RangeIteratorDecorator,0.00,2,1,4,0,2,3,1,7,69,1
"org.apache.jackrabbit.webdav.jcr.lock.JcrActiveLock",13,0.19,1.46,43,0.40,7169.46,16,3,12,28,9,113.65,74,64,2,2,131.53,0.00,0.50,0.15,1,55.00,3,1192.82,0,4,7,org.apache.jackrabbit.webdav.lock.AbstractActiveLock,0.00,15,1,19,0,15,9,2,16,292,1
"org.apache.jackrabbit.webdav.jcr.lock.SessionScopedLockEntry",2,1.00,1.00,6,0.05,693.12,3,1,7,3,6,100.98,12,9,1,2,133.20,0.00,0.50,0.00,0,2.00,1,144.92,0,2,5,org.apache.jackrabbit.webdav.lock.AbstractLockEntry,0.00,1,1,2,0,1,0,0,3,40,1
"org.apache.jackrabbit.rmi.repository.AbstractRemoteRepositoryFactory",3,1.00,1.00,7,0.05,651.65,4,1,5,4,6,91.37,29,12,3,1,141.37,0.00,0.00,0.33,1,4.00,1,164.24,0,2,3,java.lang.Object,0.00,1,0,3,3,1,1,1,5,48,2
"org.apache.jackrabbit.rmi.repository.JNDIRemoteRepository",3,0.00,1.00,7,0.07,644.73,3,0,6,6,5,92.93,32,12,1,3,141.40,0.00,0.67,0.00,0,3.00,1,198.98,0,0,4,org.apache.jackrabbit.commons.repository.ProxyRepository,0.00,3,2,3,0,3,3,0,4,56,1
"org.apache.jackrabbit.rmi.repository.JNDIRemoteRepositoryFactory",2,0.00,2.50,17,0.20,7096.78,4,2,5,6,4,71.58,24,33,1,2,109.15,0.00,0.50,0.50,0,2.00,4,588.79,0,1,3,org.apache.jackrabbit.rmi.repository.AbstractRemoteRepositoryFactory,0.40,4,1,5,0,4,1,0,5,126,1
"org.apache.jackrabbit.rmi.repository.RMIRemoteRepository",2,0.00,1.00,5,0.04,344.94,2,0,3,4,5,98.03,22,8,1,3,142.16,0.00,0.67,0.00,0,2.00,1,116.05,0,0,4,org.apache.jackrabbit.commons.repository.ProxyRepository,0.00,2,2,2,0,2,2,0,3,35,1
"org.apache.jackrabbit.rmi.repository.RMIRemoteRepositoryFactory",2,1.00,3.00,12,0.15,4793.84,3,1,7,4,4,66.63,21,22,1,2,115.11,0.00,0.50,0.50,0,2.00,5,459.98,0,1,3,org.apache.jackrabbit.rmi.repository.AbstractRemoteRepositoryFactory,0.40,2,1,6,0,2,1,0,4,104,1
"org.apache.jackrabbit.rmi.repository.URLRemoteRepository",3,0.00,1.00,7,0.06,533.15,3,0,5,6,5,93.58,30,11,1,3,142.05,0.00,0.67,0.00,0,3.00,1,169.83,0,0,4,org.apache.jackrabbit.commons.repository.ProxyRepository,0.00,3,2,3,0,3,3,0,4,50,1
"org.apache.jackrabbit.rmi.repository.URLRemoteRepositoryFactory",2,1.00,3.00,19,0.24,11468.48,3,1,6,9,4,57.08,20,39,1,2,105.55,0.00,0.50,0.50,0,2.00,5,734.95,0,1,3,org.apache.jackrabbit.rmi.repository.AbstractRemoteRepositoryFactory,0.40,7,1,6,0,7,1,0,4,147,1
"org.apache.jackrabbit.core.data.db.DbDataRecord",3,0.33,1.00,15,0.13,2076.28,6,3,4,5,4,104.69,16,19,1,2,122.56,0.00,0.50,0.56,0,1.00,1,403.57,1,1,4,org.apache.jackrabbit.core.data.AbstractDataRecord,0.00,2,1,3,0,2,2,0,4,102,1
"org.apache.jackrabbit.core.data.db.DbDataStore",26,0.06,2.46,264,3.82,239791.43,54,28,28,88,9,70.05,161,351,2,1,102.27,0.00,0.00,0.09,5,298.00,15,11465.76,0,11,8,java.lang.Object,0.00,62,0,64,0,62,15,1,49,1918,1
"org.apache.jackrabbit.test.api.util.TestAll",1,0.00,1.00,4,0.03,457.63,1,0,3,2,2,90.03,12,6,2,2,127.59,0.00,0.50,0.00,0,1.00,1,76.45,0,1,0,junit.framework.TestCase,0.00,1,1,1,0,1,0,0,3,23,1
"org.apache.jackrabbit.core.persistence.obj.ObjectPersistenceManager",19,0.21,3.37,247,3.21,134535.87,27,8,29,76,20,99.09,78,340,0,2,98.85,1.00,0.33,0.32,4,0.00,8,9644.42,1,7,20,org.apache.jackrabbit.core.persistence.AbstractPersistenceManager,0.00,57,1,64,1,57,12,0,34,1781,1
"org.apache.jackrabbit.webdav.transaction.TransactionConstants",0,0.00,0.00,13,0.24,5843.66,12,12,4,3,10,171.00,76,14,6,1,171.00,0.00,0.00,0.00,0,0.00,0,724.21,0,0,4,,0.00,3,0,0,0,3,0,0,16,138,1
"org.apache.jackrabbit.webdav.transaction.TransactionDavServletRequest",2,0.00,1.00,3,0.02,87.74,2,0,2,2,5,113.94,23,4,2,2,158.07,0.00,0.50,0.00,0,2.00,1,46.77,0,2,3,,0.00,0,1,2,0,0,0,0,3,18,1
"org.apache.jackrabbit.webdav.transaction.TransactionInfo",4,0.00,1.75,23,0.28,8103.38,6,2,8,13,12,70.28,41,30,7,1,118.76,0.00,0.00,0.50,0,0.00,3,836.00,0,1,5,java.lang.Object,0.00,9,0,7,0,9,3,2,7,178,1
"org.apache.jackrabbit.webdav.transaction.TransactionResource",3,2.00,1.00,6,0.06,623.66,5,2,2,3,16,91.52,28,7,13,2,141.52,0.00,0.50,0.00,0,3.00,1,169.57,0,1,4,,0.00,0,1,3,0,0,2,0,4,49,1
"org.apache.jackrabbit.webdav.transaction.TxActiveLock",4,0.17,2.00,23,0.23,6822.88,6,2,4,12,10,77.03,30,32,5,3,119.32,0.00,0.67,0.38,0,2.00,5,691.92,2,2,5,org.apache.jackrabbit.webdav.lock.DefaultActiveLock,0.50,8,2,8,0,8,2,1,7,150,1
"org.apache.jackrabbit.webdav.transaction.TxLockEntry",3,0.25,1.33,12,0.08,1314.56,5,2,5,4,5,79.57,26,17,1,2,127.67,0.00,0.50,0.33,0,2.00,2,249.39,0,2,4,org.apache.jackrabbit.webdav.lock.AbstractLockEntry,0.00,1,1,4,0,1,1,1,4,65,2
"org.apache.jackrabbit.webdav.transaction.TxLockManager",2,0.00,1.00,3,0.03,184.31,2,0,5,2,9,145.17,30,5,3,2,155.53,0.00,0.50,0.00,0,2.00,1,101.67,0,1,7,,0.00,0,1,2,0,0,1,0,3,30,1
"org.apache.jackrabbit.core.query.lucene.AbstractExcerpt",7,0.04,3.43,105,1.46,95395.10,11,4,23,55,7,44.29,66,139,2,1,94.29,0.00,0.00,0.29,3,7.00,9,4392.47,0,5,6,java.lang.Object,0.00,48,0,24,2,48,2,1,26,769,2
"org.apache.jackrabbit.core.query.lucene.AbstractExcerpt$TermPositionVector",8,0.43,1.50,34,0.34,10255.97,9,1,23,13,0,123.97,0,40,0,1,123.97,0.00,0.00,0.62,0,0.00,2,1005.34,0,3,0,java.lang.Object,0.00,5,0,12,0,5,5,0,0,240,0
"org.apache.jackrabbit.core.query.lucene.AbstractIndex",20,0.06,3.60,227,2.48,103217.58,36,16,15,85,11,52.62,183,292,2,1,102.62,0.00,0.00,0.12,9,78.00,11,7448.31,0,6,9,java.lang.Object,0.00,65,0,72,2,65,14,0,65,1480,1
"org.apache.jackrabbit.core.query.lucene.AbstractIndex$DynamicPooledExecutor.Command",1,0.00,1.00,5,0.05,925.46,1,0,15,4,0,121.57,0,6,0,1,121.57,0.00,0.00,0.00,0,1.00,1,156.06,0,1,0,java.lang.Object,0.00,3,0,1,0,3,0,0,0,38,0
"org.apache.jackrabbit.core.query.lucene.AbstractIndex$LoggingPrintStream",3,0.50,1.00,10,0.08,928.25,4,1,15,8,0,133.59,2,17,0,2,133.59,0.00,0.50,0.67,0,1.00,1,239.79,0,0,0,java.io.PrintStream,0.00,5,1,3,0,5,3,0,2,65,3
"org.apache.jackrabbit.core.query.lucene.AbstractIndex$LoggingPrintStream$OutputStream",1,0.00,1.00,2,0.01,41.48,1,0,15,1,0,147.03,0,0,0,1,147.03,0.00,0.00,0.00,0,1.00,1,27.65,0,0,0,java.lang.Object,0.00,0,0,1,0,0,1,0,0,11,0
"org.apache.jackrabbit.core.query.lucene.AbstractQueryImpl",4,0.20,1.00,16,0.13,2046.58,9,5,4,4,8,97.83,54,23,4,1,127.21,0.00,0.00,0.05,0,6.00,1,400.38,0,0,5,java.lang.Object,0.00,0,0,4,2,0,4,1,10,101,2
"org.apache.jackrabbit.core.query.lucene.AbstractWeight",3,1.00,2.00,27,0.29,21636.92,4,1,5,7,5,54.87,27,27,3,1,104.86,0.00,0.00,0.33,1,4.00,4,865.12,0,2,2,java.lang.Object,0.00,4,0,6,3,4,1,1,5,176,1
"org.apache.jackrabbit.core.query.lucene.AggregateRule",2,0.00,1.00,3,0.02,131.10,2,0,3,2,6,127.31,27,6,4,1,156.69,0.00,0.00,0.00,0,2.00,1,64.00,0,2,2,,0.00,0,0,2,0,0,0,0,3,23,1
"org.apache.jackrabbit.core.query.lucene.AggregateRuleImpl",6,0.00,3.00,72,0.95,33184.62,11,5,22,35,15,80.88,84,85,1,1,101.02,0.00,0.00,0.20,1,14.00,6,2863.04,0,4,14,java.lang.Object,0.00,29,0,18,0,29,2,1,14,541,0
"org.apache.jackrabbit.core.query.lucene.AggregateRuleImpl$Rule",4,0.00,3.50,55,0.71,32379.31,6,2,22,21,4,69.00,52,64,0,1,98.38,0.00,0.00,0.50,1,4.00,6,2125.00,0,2,4,java.lang.Object,0.00,17,0,14,0,17,2,0,17,399,2
"org.apache.jackrabbit.core.query.lucene.CachingIndexReader",5,0.10,3.80,62,0.77,39035.76,10,5,10,26,8,108.92,85,87,5,2,99.78,0.00,0.50,0.28,1,12.00,10,2324.41,1,1,4,org.apache.lucene.index.FilterIndexReader,0.00,21,1,19,0,21,4,0,31,433,0
"org.apache.jackrabbit.core.query.lucene.CachingIndexReader$TermDocs",8,0.00,1.00,14,0.07,606.01,8,0,10,8,0,156.20,0,22,0,1,156.20,0.00,0.00,0.00,0,8.00,1,221.62,0,0,0,java.lang.Object,0.00,0,0,8,0,0,8,0,0,73,0
"org.apache.jackrabbit.core.query.lucene.CachingMultiIndexReader",10,0.11,2.40,91,1.16,59496.62,15,5,8,37,12,57.37,88,116,3,2,105.48,0.00,0.50,0.30,2,18.00,6,3465.45,2,2,9,org.apache.lucene.index.MultiReader,0.00,27,1,24,0,27,8,2,29,685,2
"org.apache.jackrabbit.core.query.lucene.CachingMultiIndexReader$OffsetReader",1,2.00,1.00,6,0.04,488.07,3,2,8,1,1,83.24,12,8,0,1,120.80,0.00,0.00,0.00,0,1.00,1,128.00,0,0,1,java.lang.Object,0.00,0,0,1,0,0,1,0,3,37,3
"org.apache.jackrabbit.core.query.lucene.CaseTermQuery",2,1.00,1.00,10,0.09,1352.89,3,1,11,3,3,104.77,11,13,2,2,122.64,2.00,0.25,0.00,0,2.00,1,265.13,0,1,1,org.apache.lucene.search.MultiTermQuery,0.00,1,1,2,2,1,1,1,3,67,1
"org.apache.jackrabbit.core.query.lucene.CaseTermQuery$CaseTermEnum",4,0.11,2.75,60,0.97,88248.51,7,3,11,39,3,113.31,15,72,0,2,92.69,0.00,0.50,0.25,0,6.00,8,2913.84,0,0,3,org.apache.lucene.search.FilteredTermEnum,0.00,35,1,11,0,35,4,0,15,482,2
"org.apache.jackrabbit.core.query.lucene.CaseTermQuery$CaseTermEnum$TermEnum",5,0.25,1.40,14,0.11,1552.38,6,1,11,9,0,140.07,1,21,0,1,140.07,0.00,0.00,0.80,1,0.00,2,324.73,0,1,0,java.lang.Object,0.00,4,0,7,0,4,4,0,1,88,0
"org.apache.jackrabbit.core.query.lucene.CaseTermQuery$Lower",1,0.00,1.00,3,0.02,110.15,1,0,11,1,1,137.12,0,5,0,3,137.12,0.00,0.67,0.00,0,0.00,1,52.46,0,0,1,org.apache.jackrabbit.core.query.lucene.CaseTermQuery,0.00,0,2,1,0,0,1,0,0,18,2
"org.apache.jackrabbit.core.query.lucene.CaseTermQuery$Upper",1,0.00,1.00,3,0.02,110.15,1,0,11,1,1,137.12,0,5,0,3,137.12,0.00,0.67,0.00,0,0.00,1,52.46,0,0,1,org.apache.jackrabbit.core.query.lucene.CaseTermQuery,0.00,0,2,1,0,0,1,0,0,18,2
"org.apache.jackrabbit.core.query.lucene.ChildAxisQuery",6,0.03,1.17,28,0.24,3763.01,12,6,27,10,13,82.35,71,35,3,2,126.48,0.00,0.50,0.14,0,10.00,2,725.59,0,3,10,org.apache.lucene.search.Query,0.00,4,1,7,0,4,3,0,17,177,0
"org.apache.jackrabbit.core.query.lucene.ChildAxisQuery$ChildAxisScorer",8,0.00,3.12,84,1.16,67475.52,11,3,27,37,10,84.65,46,118,0,2,102.52,0.00,0.50,0.33,1,14.00,12,3482.30,0,1,10,org.apache.lucene.search.Scorer,0.00,29,1,25,0,29,7,0,22,630,1
"org.apache.jackrabbit.core.query.lucene.ChildAxisQuery$ChildAxisScorer$HitCollector",1,0.00,1.00,3,0.02,168.11,1,0,27,2,0,135.68,0,4,0,1,135.68,0.00,0.00,0.00,0,1.00,1,63.51,0,0,0,java.lang.Object,0.00,1,0,1,0,1,1,0,0,19,0
"org.apache.jackrabbit.core.query.lucene.ChildAxisQuery$ChildAxisWeight",7,1.00,1.14,18,0.18,3155.98,8,1,27,14,2,139.08,33,27,0,1,138.84,0.00,0.00,0.14,0,12.00,2,532.50,0,3,2,java.lang.Object,0.00,7,0,8,0,7,4,1,8,133,1
"org.apache.jackrabbit.core.query.lucene.CommittableIndexReader",4,0.33,1.00,12,0.07,712.19,5,1,4,6,3,93.19,29,17,3,2,135.48,0.00,0.50,0.75,0,0.00,1,212.77,1,0,0,org.apache.lucene.index.FilterIndexReader,0.00,2,1,4,0,2,4,0,8,62,0
"org.apache.jackrabbit.core.query.lucene.ConsistencyCheck",6,0.12,5.00,119,1.74,140664.56,11,5,16,51,10,59.14,80,141,2,1,88.52,0.00,0.00,0.30,0,6.00,13,5234.09,0,3,8,java.lang.Object,0.00,45,0,30,0,45,3,0,23,890,0
"org.apache.jackrabbit.core.query.lucene.ConsistencyCheck$MissingAncestor",3,1.00,2.00,19,0.27,9320.94,4,1,16,9,5,154.20,8,27,0,2,114.31,0.00,0.50,0.33,0,4.00,4,802.27,0,0,5,org.apache.jackrabbit.core.query.lucene.ConsistencyCheckError,0.57,6,1,6,0,6,3,0,2,161,1
"org.apache.jackrabbit.core.query.lucene.ConsistencyCheck$MultipleEntries",3,0.00,1.67,15,0.19,4729.35,3,0,16,8,5,140.24,11,22,0,2,119.63,0.00,0.50,0.00,0,4.00,3,576.96,0,0,5,org.apache.jackrabbit.core.query.lucene.ConsistencyCheckError,0.57,5,1,5,0,5,3,0,4,121,1
"org.apache.jackrabbit.core.query.lucene.ConsistencyCheck$NodeDeleted",3,0.00,1.00,8,0.06,546.87,3,0,16,3,2,181.85,8,12,0,2,141.97,0.00,0.50,0.00,0,4.00,1,172.60,0,0,2,org.apache.jackrabbit.core.query.lucene.ConsistencyCheckError,0.57,0,1,3,0,0,3,0,2,50,1
"org.apache.jackrabbit.core.query.lucene.ConsistencyCheck$UnknownParent",3,0.00,1.00,7,0.06,591.07,3,0,16,3,2,181.59,7,11,0,2,141.70,0.00,0.50,0.00,0,4.00,1,174.04,0,0,2,org.apache.jackrabbit.core.query.lucene.ConsistencyCheckError,0.57,0,1,3,0,0,3,0,2,50,1
"org.apache.jackrabbit.core.query.lucene.ConsistencyCheckError",4,0.50,1.00,10,0.06,584.03,6,2,2,4,7,124.85,21,13,6,1,142.73,0.00,0.00,0.12,0,6.00,1,176.34,0,1,1,java.lang.Object,0.00,0,0,4,4,0,3,0,6,55,1
"org.apache.jackrabbit.core.query.lucene.DateField",5,0.12,1.80,34,0.43,14324.50,9,4,1,15,3,72.32,36,44,3,1,114.61,0.00,0.00,0.15,2,7.00,5,1290.31,0,3,0,java.lang.Object,0.00,10,0,9,0,10,2,0,11,275,1
"org.apache.jackrabbit.core.query.lucene.DefaultHTMLExcerpt",1,0.00,1.00,3,0.06,906.92,1,0,2,2,3,100.53,13,10,1,2,129.91,0.00,0.50,0.00,0,1.00,1,181.93,0,1,2,org.apache.jackrabbit.core.query.lucene.AbstractExcerpt,0.00,1,1,1,0,1,0,0,2,41,1
"org.apache.jackrabbit.core.query.lucene.DefaultHighlighter",5,0.04,8.60,187,2.95,658781.98,11,6,10,43,3,71.22,81,242,2,1,71.69,0.00,0.00,0.20,2,11.00,35,8864.25,0,4,1,java.lang.Object,0.00,38,0,43,0,38,1,0,22,1371,0
"org.apache.jackrabbit.core.query.lucene.DefaultHighlighter$FragmentInfo",7,0.23,1.43,37,0.28,5048.45,12,5,10,14,0,122.34,0,45,0,1,122.34,0.00,0.00,0.40,0,0.00,3,847.62,0,1,0,java.lang.Object,0.00,7,0,10,0,7,6,0,0,201,2
"org.apache.jackrabbit.core.query.lucene.DefaultHighlighter$FragmentInfoPositionSorter",2,0.00,2.00,9,0.10,3308.36,2,0,10,3,0,123.04,0,14,0,1,123.04,0.00,0.00,0.00,0,2.00,3,299.01,0,0,0,java.lang.Object,0.00,1,0,4,0,1,2,1,0,71,2
"org.apache.jackrabbit.core.query.lucene.DefaultHighlighter$FragmentInfoScoreSorter",2,0.00,2.50,9,0.13,6309.90,2,0,10,4,0,120.78,0,14,0,1,120.78,0.00,0.00,0.00,0,2.00,4,390.19,0,0,0,java.lang.Object,0.00,2,0,5,0,2,2,1,0,90,2
"org.apache.jackrabbit.core.query.lucene.DefaultHighlighter$TermVectorOffsetInfoSorter",2,0.00,2.00,9,0.10,3308.36,2,0,10,3,0,123.04,0,14,0,1,123.04,0.00,0.00,0.00,0,2.00,3,299.01,0,0,0,java.lang.Object,0.00,1,0,4,0,1,2,1,0,71,2
"org.apache.jackrabbit.core.query.lucene.DefaultXMLExcerpt",1,0.00,1.00,3,0.05,816.31,1,0,2,2,2,119.92,15,10,1,2,130.27,0.00,0.50,0.00,0,1.00,1,155.74,0,1,2,org.apache.jackrabbit.core.query.lucene.AbstractExcerpt,0.00,1,1,1,0,1,0,0,2,37,1
"org.apache.jackrabbit.core.query.lucene.DerefQuery",5,0.10,1.20,23,0.18,3234.06,10,5,17,8,3,82.24,56,30,3,2,126.37,0.00,0.50,0.12,0,8.00,2,554.76,0,3,0,org.apache.lucene.search.Query,0.00,3,1,6,0,3,2,0,16,139,0
"org.apache.jackrabbit.core.query.lucene.DerefQuery$DerefScorer",7,0.04,2.29,56,0.65,31934.02,11,4,17,30,1,76.09,43,66,0,2,108.31,0.00,0.50,0.29,1,7.00,10,1951.66,0,1,1,org.apache.lucene.search.Scorer,0.00,23,1,16,0,23,6,0,17,368,1
"org.apache.jackrabbit.core.query.lucene.DerefQuery$DerefScorer$HitCollector",1,0.00,1.00,3,0.02,168.11,1,0,17,1,0,135.68,0,4,0,1,135.68,0.00,0.00,0.00,0,0.00,1,63.51,0,0,0,java.lang.Object,0.00,0,0,1,0,0,1,0,0,19,0
"org.apache.jackrabbit.core.query.lucene.DerefQuery$DerefScorer$HitCollector_0",1,0.00,1.00,3,0.02,168.11,1,0,17,2,0,135.68,0,4,0,1,135.68,0.00,0.00,0.00,0,1.00,1,63.51,0,0,0,java.lang.Object,0.00,1,0,1,0,1,1,0,0,19,0
"org.apache.jackrabbit.core.query.lucene.DerefQuery$DerefWeight",7,1.00,1.14,18,0.18,3155.98,8,1,17,14,2,139.08,33,27,0,1,138.84,0.00,0.00,0.14,0,12.00,2,532.50,0,3,2,java.lang.Object,0.00,7,0,8,0,7,4,1,8,133,1
"org.apache.jackrabbit.core.query.lucene.DescendantSelfAxisQuery",6,0.04,1.17,28,0.24,5168.35,11,5,11,10,3,81.26,66,36,3,2,125.39,0.00,0.50,0.17,0,10.00,2,721.65,0,3,0,org.apache.lucene.search.Query,0.00,4,1,7,0,4,3,0,16,179,0
"org.apache.jackrabbit.core.query.lucene.DescendantSelfAxisQuery$DescendantSelfAxisScorer",8,0.11,2.62,61,0.62,31918.78,12,4,11,17,1,78.68,55,81,0,2,110.90,0.00,0.50,0.16,3,16.00,7,1859.24,0,1,1,org.apache.lucene.search.Scorer,0.00,9,1,21,0,9,7,0,22,389,1
"org.apache.jackrabbit.core.query.lucene.DescendantSelfAxisQuery$DescendantSelfAxisScorer$HitCollector",1,0.00,1.00,3,0.02,168.11,1,0,11,1,0,135.68,0,4,0,1,135.68,0.00,0.00,0.00,0,0.00,1,63.51,0,0,0,java.lang.Object,0.00,0,0,1,0,0,1,0,0,19,0
"org.apache.jackrabbit.core.query.lucene.DescendantSelfAxisQuery$DescendantSelfAxisWeight",7,1.00,1.00,18,0.16,2655.34,8,1,11,11,2,139.70,33,26,0,1,139.46,0.00,0.00,0.14,0,12.00,1,484.57,0,3,2,java.lang.Object,0.00,4,0,7,0,4,4,1,8,126,1
"org.apache.jackrabbit.core.query.lucene.DocId",5,0.00,1.00,12,0.09,1772.07,5,0,3,8,12,91.22,52,15,10,1,139.69,0.00,0.00,0.00,0,5.00,1,278.89,0,3,2,java.lang.Object,0.00,3,0,5,3,3,2,0,10,80,1
"org.apache.jackrabbit.core.query.lucene.DocId$DocId",3,0.00,1.00,7,0.04,292.26,3,0,3,3,2,126.24,15,10,0,1,144.11,0.00,0.00,0.00,0,3.00,1,112.49,0,1,2,java.lang.Object,0.00,0,0,3,0,0,2,0,3,35,0
"org.apache.jackrabbit.core.query.lucene.DocId$PlainDocId",5,0.25,1.00,12,0.08,833.20,6,1,3,7,2,142.51,22,18,0,2,142.27,0.00,0.50,0.80,0,0.00,1,253.72,0,2,2,org.apache.jackrabbit.core.query.lucene.DocId,0.40,2,1,5,0,2,3,0,6,74,3
"org.apache.jackrabbit.core.query.lucene.DocId$UUIDDocId",5,0.00,1.60,25,0.23,5894.17,8,3,3,11,4,78.34,37,34,0,2,120.63,0.00,0.50,0.33,0,7.00,4,688.27,0,2,4,org.apache.jackrabbit.core.query.lucene.DocId,0.40,6,1,8,0,6,3,0,9,164,3
"org.apache.jackrabbit.core.query.lucene.DocNumberCache",4,0.33,4.00,67,0.89,51038.21,12,8,3,22,5,73.29,57,82,5,1,93.43,0.00,0.00,0.38,0,0.00,6,2680.16,0,0,1,java.lang.Object,0.00,18,0,16,0,18,4,0,18,490,1
"org.apache.jackrabbit.core.query.lucene.DocNumberCache$Entry",1,2.00,1.00,6,0.04,467.31,3,2,3,1,0,88.73,6,8,0,1,120.95,0.00,0.00,0.00,0,1.00,1,121.08,0,0,0,java.lang.Object,0.00,0,0,1,0,0,1,0,2,35,3
"org.apache.jackrabbit.core.query.lucene.DocOrderNodeIteratorImpl",11,0.00,1.64,58,0.61,28504.74,15,4,12,32,7,100.06,60,75,1,1,117.93,0.00,0.00,0.25,2,0.00,7,1815.93,0,3,6,java.lang.Object,0.00,21,0,18,0,21,8,1,21,377,0
"org.apache.jackrabbit.core.query.lucene.DocOrderNodeIteratorImpl$Comparator",1,0.00,11.00,49,0.78,89284.90,1,0,12,12,2,48.27,14,59,0,1,68.41,0.00,0.00,0.00,0,0.00,11,2350.04,0,0,2,java.lang.Object,0.00,11,0,11,0,11,1,0,14,380,0
"org.apache.jackrabbit.core.query.lucene.DocOrderNodeIteratorImpl$SortFailedException",0,0.00,0.00,1,0.01,72.00,0,0,12,0,0,171.00,0,2,0,2,171.00,0.00,0.50,0.00,0,0.00,0,24.00,0,0,0,java.lang.RuntimeException,0.00,0,1,0,0,0,0,0,0,8,3
"org.apache.jackrabbit.core.query.lucene.DoubleField",3,0.25,2.67,30,0.44,23224.30,5,2,0,14,3,103.08,13,39,3,1,102.85,0.00,0.00,0.33,0,4.00,4,1306.56,0,1,0,java.lang.Object,0.00,11,0,8,0,11,2,0,9,257,1
"org.apache.jackrabbit.core.query.lucene.DynamicPooledExecutor",4,0.44,4.50,72,0.70,48043.08,7,3,4,23,1,47.58,44,83,1,1,91.70,0.00,0.00,0.67,1,0.00,11,2102.18,0,0,0,java.lang.Object,0.00,19,0,18,0,19,4,0,15,397,1
"org.apache.jackrabbit.core.query.lucene.DynamicPooledExecutor$Callable",1,0.00,1.00,3,0.02,208.76,1,0,4,2,0,134.94,0,4,0,1,134.94,0.00,0.00,0.00,0,1.00,1,52.97,0,1,0,java.lang.Object,0.00,1,0,1,0,1,0,0,0,17,0
"org.apache.jackrabbit.core.query.lucene.DynamicPooledExecutor$Command",1,0.00,1.00,2,0.01,38.26,1,0,4,1,0,167.92,3,3,0,1,147.31,0.00,0.00,0.00,0,1.00,1,25.51,0,1,0,,0.00,0,0,1,0,0,0,0,1,11,1
"org.apache.jackrabbit.core.query.lucene.DynamicPooledExecutor$Result",3,0.25,1.00,10,0.06,727.65,5,2,4,3,0,134.66,14,14,0,1,134.42,0.00,0.00,0.33,0,5.00,1,180.64,0,2,0,java.lang.Object,0.00,0,0,3,0,0,1,0,4,53,2
"org.apache.jackrabbit.core.query.lucene.ExcerptProvider",2,1.00,1.00,4,0.06,576.97,3,1,5,4,7,102.84,25,6,4,1,140.40,0.00,0.00,0.00,0,2.00,1,172.66,0,1,4,,0.00,2,0,2,0,2,1,0,4,46,1
"org.apache.jackrabbit.core.query.lucene.FieldNames",3,9.00,1.00,15,0.22,4825.56,12,9,0,5,31,153.06,60,19,31,1,119.68,0.00,0.00,0.00,0,3.00,1,670.21,0,1,0,java.lang.Object,0.00,2,0,3,0,2,2,0,13,147,1
"org.apache.jackrabbit.core.query.lucene.FileBasedNamespaceMappings",6,0.30,2.33,61,0.78,29253.23,12,6,18,33,7,75.08,79,85,1,2,104.46,0.00,0.50,0.42,2,0.00,4,2335.87,0,3,6,org.apache.jackrabbit.namespace.AbstractNamespaceResolver,0.00,27,1,14,0,27,3,1,21,461,1
"org.apache.jackrabbit.core.query.lucene.ForeignSegmentDocId",6,0.40,1.00,16,0.09,902.67,8,2,2,7,5,100.33,42,23,4,2,142.62,0.00,0.50,0.17,0,14.00,1,280.39,0,1,2,org.apache.jackrabbit.core.query.lucene.DocId,0.36,1,1,6,0,1,5,0,9,84,1
"org.apache.jackrabbit.core.query.lucene.HierarchyResolver",1,0.00,1.00,2,0.01,57.11,1,0,1,1,6,116.56,13,3,6,1,145.94,0.00,0.00,0.00,0,1.00,1,32.46,0,0,0,,0.00,0,0,1,0,0,1,0,2,13,1
"org.apache.jackrabbit.core.query.lucene.HighlightingExcerptProvider",1,0.00,1.00,2,0.01,98.52,1,0,1,1,2,106.51,12,4,2,2,144.07,0.00,0.50,0.00,0,1.00,1,42.51,0,1,0,,0.00,0,1,1,0,0,0,0,2,15,1
"org.apache.jackrabbit.core.query.lucene.IndexFormatVersion",4,0.33,1.25,16,0.16,3476.30,7,3,2,9,6,77.24,35,23,5,1,125.35,0.00,0.00,0.08,1,6.00,2,486.39,0,2,1,java.lang.Object,0.00,5,0,5,0,5,2,0,8,117,1
"org.apache.jackrabbit.core.query.lucene.IndexInfos",12,0.22,1.50,69,0.70,22230.47,17,5,12,40,1,86.88,81,86,1,1,119.10,0.00,0.00,0.40,1,0.00,5,2111.09,0,3,0,java.lang.Object,0.00,28,0,18,0,28,9,0,20,448,0
"org.apache.jackrabbit.core.query.lucene.IndexListener",1,0.00,1.00,2,0.01,30.51,1,0,1,1,3,99.60,10,3,3,1,148.08,0.00,0.00,0.00,0,1.00,1,25.51,0,0,0,,0.00,0,0,1,0,0,1,0,2,11,1
"org.apache.jackrabbit.core.query.lucene.IndexMerger",9,0.14,4.00,158,2.15,141435.15,21,12,14,60,4,62.36,122,190,1,2,91.74,0.00,0.50,0.20,0,15.00,13,6444.46,0,0,4,java.lang.Thread,0.00,51,1,36,0,51,9,1,59,1080,0
"org.apache.jackrabbit.core.query.lucene.IndexMerger$Index",3,0.25,2.00,15,0.15,5434.41,5,2,14,4,0,71.01,24,20,0,1,119.11,0.00,0.00,0.67,0,1.00,4,449.18,0,1,0,java.lang.Object,0.00,1,0,6,0,1,2,1,5,108,3
"org.apache.jackrabbit.core.query.lucene.IndexMerger$IndexBucket",3,0.00,1.00,12,0.09,1247.41,6,3,14,3,0,77.92,28,16,0,2,127.92,0.00,0.50,0.33,0,5.00,1,270.94,0,0,0,java.util.ArrayList,0.00,0,1,3,0,0,3,0,6,75,3
"org.apache.jackrabbit.core.query.lucene.IndexMerger$Merge",1,1.00,1.00,5,0.05,1051.93,2,1,14,2,0,88.91,6,7,0,1,121.13,0.00,0.00,0.00,0,1.00,1,164.30,0,0,0,java.lang.Object,0.00,1,0,1,0,1,1,0,1,44,3
"org.apache.jackrabbit.core.query.lucene.IndexingConfiguration",7,1.00,1.00,9,0.07,387.65,8,1,5,7,9,107.27,69,10,4,1,157.27,0.00,0.00,0.00,0,7.00,1,211.61,0,2,5,,0.00,0,0,7,0,0,5,0,9,68,1
"org.apache.jackrabbit.core.query.lucene.IndexingConfigurationEntityResolver",1,0.00,3.00,9,0.10,2122.42,3,2,5,5,1,79.57,13,15,1,1,108.95,0.00,0.00,1.00,0,0.00,3,307.52,0,1,0,java.lang.Object,0.00,4,0,3,0,4,0,1,4,69,1
"org.apache.jackrabbit.core.query.lucene.IndexingConfigurationImpl",12,0.00,4.75,214,3.35,204074.40,19,7,42,89,30,47.30,135,265,1,1,91.43,0.00,0.00,0.14,3,64.00,16,10063.11,0,5,29,java.lang.Object,0.00,77,0,57,0,77,7,1,36,1659,1
"org.apache.jackrabbit.core.query.lucene.IndexingConfigurationImpl$IndexingRule",9,0.06,1.67,44,0.41,6631.79,13,4,42,19,3,77.74,79,63,0,1,125.84,0.00,0.00,0.19,0,42.00,3,1216.16,0,2,3,java.lang.Object,0.00,10,0,15,0,10,7,0,15,284,1
"org.apache.jackrabbit.core.query.lucene.IndexingConfigurationImpl$PathExpression",2,0.78,8.50,55,0.75,47245.27,11,9,42,16,5,40.38,14,75,0,1,82.68,0.00,0.00,0.50,0,2.00,16,2253.71,0,0,5,java.lang.Object,0.00,14,0,17,0,14,2,0,6,398,1
"org.apache.jackrabbit.core.query.lucene.IndexingConfigurationImpl$PathExpression$AbstractIteratorDecorator",1,0.00,2.00,6,0.08,1581.58,1,0,42,3,2,116.62,0,11,0,1,116.62,0.00,0.00,0.00,0,0.00,2,227.51,1,1,2,java.lang.Object,0.00,2,0,2,0,2,0,0,0,54,0
"org.apache.jackrabbit.core.query.lucene.IndexingConfigurationImpl$PathExpression$Iterator",3,0.50,1.67,15,0.12,3421.16,4,1,42,6,2,120.74,0,22,0,1,120.74,0.00,0.00,0.67,0,1.00,3,372.96,0,1,2,java.lang.Object,0.00,3,0,5,0,3,2,0,0,92,0
"org.apache.jackrabbit.core.query.lucene.IndexingConfigurationImpl$PropertyConfig",1,2.00,1.00,6,0.04,417.53,3,2,42,1,0,79.04,7,8,0,1,121.34,0.00,0.00,0.00,0,1.00,1,112.24,0,0,0,java.lang.Object,0.00,0,0,1,0,0,1,0,2,33,1
"org.apache.jackrabbit.core.query.lucene.IndexingQueue",6,0.33,2.50,56,0.70,20171.63,9,3,12,32,9,57.42,59,69,4,1,107.42,0.00,0.00,0.61,0,0.00,5,2101.93,0,3,6,java.lang.Object,0.00,26,0,15,0,26,3,0,14,420,0
"org.apache.jackrabbit.core.query.lucene.IndexingQueueStore",9,0.19,2.56,75,0.93,32574.97,17,8,14,43,5,60.60,90,107,2,1,109.07,0.00,0.00,0.29,3,2.00,7,2785.92,0,2,3,java.lang.Object,0.00,34,0,23,0,34,7,0,25,553,0
"org.apache.jackrabbit.core.query.lucene.JQOM2LuceneQueryBuilder",30,0.05,1.90,208,3.13,126202.99,42,12,66,116,55,133.90,114,298,2,1,113.29,0.00,0.00,0.04,0,178.00,9,9394.72,0,29,53,java.lang.Object,0.00,86,0,57,0,86,1,1,47,1743,1
"org.apache.jackrabbit.core.query.lucene.JQOM2LuceneQueryBuilder$DefaultTraversingQOMTreeVisitor",8,0.00,1.88,62,1.08,58022.03,8,0,66,29,14,108.93,4,96,0,1,108.93,0.00,0.00,0.00,1,14.00,3,3226.42,1,8,14,java.lang.Object,0.00,21,0,15,0,21,0,0,4,601,0
"org.apache.jackrabbit.core.query.lucene.JackrabbitAnalyzer",3,0.00,1.67,13,0.13,2601.73,5,2,4,6,3,75.29,27,19,2,2,125.29,0.00,0.50,0.50,0,1.00,3,381.66,0,1,1,org.apache.lucene.analysis.Analyzer,0.00,3,1,5,0,3,2,0,6,94,1
"org.apache.jackrabbit.core.query.lucene.JackrabbitTextExtractor",3,0.75,5.00,42,0.64,23896.59,7,4,17,27,7,138.64,87,63,1,1,97.16,0.00,0.00,0.75,0,0.00,9,1916.60,0,2,6,java.lang.Object,0.00,24,0,15,0,24,1,1,10,355,1
"org.apache.jackrabbit.core.query.lucene.LongField",3,1.00,2.67,28,0.37,21108.14,4,1,0,12,3,105.12,14,38,3,1,104.88,0.00,0.00,0.33,0,4.00,4,1112.35,0,1,0,java.lang.Object,0.00,9,0,8,0,9,2,0,13,226,1
"org.apache.jackrabbit.core.query.lucene.LuceneQueryBuilder",19,0.05,8.47,598,10.97,1567598.51,31,12,58,153,56,32.03,223,763,2,1,76.16,0.00,0.00,0.13,1,77.00,57,32918.75,0,18,54,java.lang.Object,0.00,134,0,161,0,134,1,1,132,4942,1
"org.apache.jackrabbit.core.query.lucene.LuceneQueryBuilder$DefaultQueryNodeVisitor",1,0.00,3.00,7,0.09,2263.54,1,0,58,3,2,112.81,0,9,0,1,112.81,0.00,0.00,0.00,0,1.00,3,260.17,0,1,2,java.lang.Object,0.00,2,0,3,0,2,0,0,0,59,0
"org.apache.jackrabbit.core.query.lucene.MatchAllQuery",4,1.00,1.25,11,0.09,1304.15,5,1,4,7,4,107.71,26,17,3,2,139.93,0.00,0.50,0.25,0,6.00,2,260.16,0,2,1,org.apache.lucene.search.Query,0.00,3,1,5,0,3,2,0,5,71,0
"org.apache.jackrabbit.core.query.lucene.MatchAllScorer",8,0.03,1.62,50,0.63,25092.18,13,5,12,31,4,72.04,58,74,2,2,114.33,0.00,0.50,0.22,3,24.00,5,1880.22,0,1,2,org.apache.lucene.search.Scorer,0.00,23,1,13,0,23,7,0,19,377,0
"org.apache.jackrabbit.core.query.lucene.MatchAllWeight",7,0.03,1.00,25,0.23,3450.88,12,5,7,14,3,89.71,49,34,1,2,132.00,0.00,0.50,0.23,0,24.00,1,685.25,0,3,2,org.apache.jackrabbit.core.query.lucene.AbstractWeight,0.00,7,1,7,0,7,4,0,18,174,0
"org.apache.jackrabbit.core.query.lucene.MoreLikeThis",36,0.00,2.08,275,3.58,174001.91,58,22,30,98,2,72.73,432,344,2,1,110.29,0.00,0.00,0.05,6,578.00,9,10741.84,0,14,0,java.lang.Object,0.00,62,0,75,0,62,22,0,84,1996,2
"org.apache.jackrabbit.core.query.lucene.MoreLikeThis$FreqQ",2,0.00,1.00,9,0.10,2686.20,2,0,30,4,0,123.91,0,12,0,2,123.91,0.00,0.50,0.00,0,2.00,1,293.69,0,0,0,org.apache.lucene.util.PriorityQueue,0.00,2,1,2,0,2,2,0,0,73,2
"org.apache.jackrabbit.core.query.lucene.MoreLikeThis$Int",1,0.00,1.00,4,0.02,114.30,2,1,30,1,0,132.34,0,6,0,1,132.34,0.00,0.00,1.00,0,0.00,1,49.65,0,0,0,java.lang.Object,0.00,0,0,1,0,0,1,0,0,17,2
"org.apache.jackrabbit.core.query.lucene.MultiIndex",34,0.07,3.24,466,5.88,234242.09,60,26,28,179,36,69.57,450,590,14,1,98.95,0.00,0.00,0.11,13,434.00,9,17628.89,0,10,26,java.lang.Object,0.00,145,0,110,0,145,24,0,145,3147,1
"org.apache.jackrabbit.core.query.lucene.MultiIndex$Action",7,0.04,2.71,66,0.97,59485.37,27,20,28,21,1,93.88,107,78,0,1,104.23,0.00,0.00,0.01,0,17.00,13,2900.18,0,2,1,java.lang.Object,0.00,14,0,19,0,14,5,0,28,527,3
"org.apache.jackrabbit.core.query.lucene.MultiIndex$AddIndex",4,0.67,1.25,20,0.21,4373.07,5,1,28,15,2,78.66,29,26,0,2,120.95,0.00,0.50,0.50,0,4.00,2,631.67,0,2,2,org.apache.jackrabbit.core.query.lucene.Action,0.00,11,1,5,0,11,2,0,6,152,2
"org.apache.jackrabbit.core.query.lucene.MultiIndex$AddNode",5,0.08,1.80,29,0.38,8682.81,8,3,28,21,5,71.17,42,43,0,2,119.28,0.00,0.50,0.27,0,7.00,4,1136.98,0,2,5,org.apache.jackrabbit.core.query.lucene.Action,0.00,16,1,9,0,16,3,0,10,252,2
"org.apache.jackrabbit.core.query.lucene.MultiIndex$Commit",4,0.00,1.00,9,0.09,930.52,4,0,28,8,1,123.26,21,14,0,2,141.13,0.00,0.50,0.00,0,4.00,1,258.76,0,2,1,org.apache.jackrabbit.core.query.lucene.Action,0.00,4,1,4,0,4,2,0,4,72,2
"org.apache.jackrabbit.core.query.lucene.MultiIndex$CreateIndex",6,0.40,1.17,25,0.23,4219.21,7,1,28,17,2,93.86,38,33,0,2,126.09,0.00,0.50,0.67,0,0.00,2,688.76,0,3,2,org.apache.jackrabbit.core.query.lucene.Action,0.00,11,1,7,0,11,3,0,8,172,2
"org.apache.jackrabbit.core.query.lucene.MultiIndex$DeleteIndex",4,0.67,1.50,25,0.23,4873.40,5,1,28,15,2,75.29,28,29,0,2,117.58,0.00,0.50,0.50,0,4.00,3,700.25,0,2,2,org.apache.jackrabbit.core.query.lucene.Action,0.00,11,1,6,0,11,2,0,6,164,2
"org.apache.jackrabbit.core.query.lucene.MultiIndex$DeleteNode",4,0.17,2.50,35,0.48,16216.86,6,2,28,24,6,58.69,36,46,0,2,108.69,0.00,0.50,0.38,0,4.00,6,1430.59,0,2,6,org.apache.jackrabbit.core.query.lucene.Action,0.00,20,1,10,0,20,2,0,12,288,2
"org.apache.jackrabbit.core.query.lucene.MultiIndex$Start",4,0.00,1.00,9,0.08,897.29,4,0,28,7,1,123.39,21,14,0,2,141.26,0.00,0.50,0.00,0,4.00,1,249.35,0,2,1,org.apache.jackrabbit.core.query.lucene.Action,0.00,3,1,4,0,3,2,0,4,70,2
"org.apache.jackrabbit.core.query.lucene.MultiIndex$Timer.Task",1,0.00,1.00,4,0.02,97.02,1,0,28,3,0,172.78,2,5,0,1,132.90,0.00,0.00,0.00,0,1.00,1,48.51,0,0,0,java.lang.Object,0.00,2,0,1,0,2,1,0,2,17,0
"org.apache.jackrabbit.core.query.lucene.MultiIndex$VolatileCommit",4,0.67,1.00,20,0.19,3565.26,5,1,28,14,3,89.47,24,25,0,2,121.70,0.00,0.50,0.50,0,4.00,1,574.63,0,2,3,org.apache.jackrabbit.core.query.lucene.Action,0.00,10,1,4,0,10,2,0,5,141,2
"org.apache.jackrabbit.core.query.lucene.MultiIndexReader",3,0.00,1.00,4,0.03,157.14,3,0,3,3,10,109.36,25,5,9,1,157.46,0.00,0.00,0.00,0,3.00,1,80.57,0,2,2,,0.00,0,0,3,0,0,1,0,4,28,1
"org.apache.jackrabbit.core.query.lucene.MultiScorer",7,0.38,2.29,48,0.47,24819.45,11,4,4,12,1,65.72,56,63,1,2,113.83,0.00,0.50,0.57,1,0.00,5,1422.49,0,1,0,org.apache.lucene.search.Scorer,0.00,5,1,16,0,5,6,0,21,316,0
"org.apache.jackrabbit.core.query.lucene.NSRegistryBasedNamespaceMappings",4,0.17,1.50,17,0.18,3742.30,6,2,6,12,8,82.76,28,29,1,2,125.05,0.00,0.50,0.38,0,6.00,2,547.09,0,3,7,org.apache.jackrabbit.namespace.AbstractNamespaceResolver,0.00,8,1,6,0,8,1,1,11,131,1
"org.apache.jackrabbit.core.query.lucene.NamePathResolverImpl",2,0.33,1.00,11,0.14,2501.76,5,3,16,8,21,120.77,9,14,7,2,120.54,0.00,0.50,0.17,0,2.00,1,423.99,0,1,14,org.apache.jackrabbit.conversion.DefaultNamePathResolver,0.00,6,1,2,0,6,1,0,3,96,1
"org.apache.jackrabbit.core.query.lucene.NamePathResolverImpl$NameResolverImpl",3,0.50,1.33,12,0.13,3087.74,4,1,16,8,4,74.75,28,17,0,1,124.75,0.00,0.00,0.67,0,1.00,2,403.98,0,2,4,java.lang.Object,0.00,5,0,4,0,5,1,1,5,96,2
"org.apache.jackrabbit.core.query.lucene.NamespaceMappings",1,0.00,1.00,2,0.01,88.08,1,0,3,1,13,106.89,12,3,10,2,144.46,0.00,0.50,0.00,0,1.00,1,44.04,0,1,3,,0.00,0,1,1,0,0,0,0,2,15,1
"org.apache.jackrabbit.core.query.lucene.NodeIndexer",29,0.01,2.90,232,3.70,170908.31,39,10,28,100,24,58.90,294,355,1,1,107.38,0.00,0.00,0.11,18,334.00,21,11114.71,0,6,23,java.lang.Object,0.00,71,0,84,0,71,23,0,69,2042,1
"org.apache.jackrabbit.core.query.lucene.NodeIteratorImpl",11,0.08,1.64,51,0.49,13161.47,17,6,7,20,5,81.90,80,73,1,1,124.19,0.00,0.00,0.24,3,22.00,4,1461.15,0,3,4,java.lang.Object,0.00,9,0,18,0,9,8,1,21,329,0
"org.apache.jackrabbit.core.query.lucene.NotQuery",5,0.38,1.20,19,0.14,2558.77,7,2,9,9,4,89.54,35,26,4,2,131.83,0.00,0.50,0.20,0,7.00,2,417.85,0,3,0,org.apache.lucene.search.Query,0.00,4,1,6,0,4,2,0,10,110,0
"org.apache.jackrabbit.core.query.lucene.NotQuery$NotQueryScorer",6,0.00,2.00,35,0.32,15909.81,9,3,9,10,0,99.94,31,48,0,2,117.81,0.00,0.50,0.33,1,6.00,5,969.11,0,1,0,org.apache.lucene.search.Scorer,0.00,4,1,12,0,4,5,0,12,221,1
"org.apache.jackrabbit.core.query.lucene.NotQuery$NotQueryWeight",7,1.00,1.00,16,0.12,1428.89,8,1,9,10,1,162.20,25,24,0,1,141.58,0.00,0.00,0.14,0,12.00,1,362.03,0,3,1,java.lang.Object,0.00,3,0,7,0,3,4,1,8,101,1
"org.apache.jackrabbit.core.query.lucene.OffsetCharSequence",8,0.14,2.00,53,0.53,17562.25,11,3,0,21,6,83.28,53,61,5,1,115.50,0.00,0.00,0.46,2,2.00,4,1586.48,0,2,1,java.lang.Object,0.00,13,0,16,0,13,6,3,14,356,1
"org.apache.jackrabbit.core.query.lucene.ParentAxisQuery",5,0.12,1.20,22,0.19,3648.57,9,4,15,10,3,77.48,50,29,3,2,125.95,0.00,0.50,0.15,0,7.00,2,559.42,0,3,0,org.apache.lucene.search.Query,0.00,5,1,6,0,5,2,0,14,137,0
"org.apache.jackrabbit.core.query.lucene.ParentAxisQuery$ParentAxisScorer",7,0.07,1.86,44,0.47,17331.60,12,5,15,21,2,82.88,45,57,0,2,115.11,0.00,0.50,0.26,1,0.00,6,1423.96,0,1,2,org.apache.lucene.search.Scorer,0.00,14,1,13,0,14,6,0,12,299,1
"org.apache.jackrabbit.core.query.lucene.ParentAxisQuery$ParentAxisScorer$HitCollector",1,0.00,4.00,9,0.11,2980.29,1,0,15,3,0,107.73,0,14,0,1,107.73,0.00,0.00,0.00,0,0.00,4,338.69,0,0,0,java.lang.Object,0.00,2,0,4,0,2,1,0,0,69,0
"org.apache.jackrabbit.core.query.lucene.ParentAxisQuery$ParentAxisWeight",7,1.00,1.00,17,0.14,2035.48,8,1,15,11,2,140.61,33,25,0,1,140.37,0.00,0.00,0.14,0,12.00,1,424.65,0,3,2,java.lang.Object,0.00,4,0,7,0,4,4,1,8,114,1
"org.apache.jackrabbit.core.query.lucene.PerQueryCache",5,0.12,1.20,17,0.15,3040.34,7,2,2,13,5,83.13,43,24,5,1,131.24,0.00,0.00,0.40,0,9.00,2,460.92,0,3,0,java.lang.Object,0.00,8,0,6,0,8,2,0,9,121,0
"org.apache.jackrabbit.core.query.lucene.PerQueryCache$Key",3,0.25,1.33,13,0.12,2678.31,5,2,2,6,0,93.02,18,18,0,1,125.24,0.00,0.00,0.67,0,1.00,2,353.55,0,0,0,java.lang.Object,0.00,3,0,4,0,3,3,0,5,92,3
"org.apache.jackrabbit.core.query.lucene.PersistentIndex",9,0.44,1.33,50,0.54,17946.46,11,2,10,26,12,70.77,76,71,7,2,118.88,0.00,0.50,0.11,1,23.00,3,1631.10,5,1,5,org.apache.jackrabbit.core.query.lucene.AbstractIndex,0.00,17,1,12,0,17,8,0,16,344,0
"org.apache.jackrabbit.core.query.lucene.PooledTextExtractor",4,0.08,1.50,31,0.30,6881.47,8,4,10,17,4,63.90,39,45,1,1,113.90,0.00,0.00,0.31,0,2.00,2,907.33,0,2,3,java.lang.Object,0.00,13,0,6,0,13,2,1,9,200,1
"org.apache.jackrabbit.core.query.lucene.PooledTextExtractor$PooledExecutor.BlockedExecutionHandler",1,0.00,1.00,5,0.04,496.72,1,0,10,3,0,173.70,1,7,0,1,123.70,0.00,0.00,0.00,0,0.00,1,128.10,0,0,0,java.lang.Object,0.00,2,0,1,0,2,1,0,1,33,0
"org.apache.jackrabbit.core.query.lucene.PreparedQueryImpl",5,0.00,1.80,37,0.54,17201.47,8,3,19,25,15,73.93,60,56,1,2,111.49,0.00,0.50,0.33,1,6.00,3,1616.75,0,1,15,org.apache.jackrabbit.core.query.lucene.AbstractQueryImpl,0.22,20,1,9,0,20,4,1,16,309,1
"org.apache.jackrabbit.core.query.lucene.PreparedQueryImpl$DefaultTraversingQOMTreeVisitor",1,0.00,1.00,4,0.03,341.81,1,0,19,3,1,128.59,0,5,0,1,128.59,0.00,0.00,0.00,0,1.00,1,87.95,0,1,1,java.lang.Object,0.00,2,0,1,0,2,0,0,0,25,0
"org.apache.jackrabbit.core.query.lucene.QueryHits",6,0.07,1.00,19,0.16,2468.42,9,3,4,13,3,84.51,50,26,2,1,132.62,0.00,0.00,0.28,0,14.00,1,488.03,0,1,1,java.lang.Object,0.00,7,0,6,0,7,5,0,10,132,1
"org.apache.jackrabbit.core.query.lucene.QueryImpl",5,0.00,3.00,66,1.14,51993.77,8,3,27,54,23,60.00,61,92,1,2,97.56,0.00,0.50,0.33,1,6.00,7,3410.92,0,3,23,org.apache.jackrabbit.core.query.lucene.AbstractQueryImpl,0.22,49,1,15,0,49,2,0,17,599,1
"org.apache.jackrabbit.core.query.lucene.QueryImpl$DefaultQueryNodeVisitor",2,0.00,1.00,6,0.05,743.60,2,0,27,4,2,132.96,0,8,0,1,132.96,0.00,0.00,0.00,0,2.00,1,154.91,0,2,2,java.lang.Object,0.00,2,0,2,0,2,0,0,0,42,0
"org.apache.jackrabbit.core.query.lucene.QueryResultImpl",8,0.15,3.00,95,1.25,57440.24,26,18,20,33,19,101.06,132,132,3,1,101.54,0.00,0.00,0.19,2,26.00,11,3756.61,0,5,16,java.lang.Object,0.00,25,0,24,0,25,3,1,36,677,1
"org.apache.jackrabbit.core.query.lucene.QueryResultImpl$LazyScoreNodeIterator",11,0.10,2.36,76,0.72,28518.60,14,3,20,20,3,115.13,46,107,0,1,114.89,0.00,0.00,0.24,3,47.00,7,2170.63,0,3,3,java.lang.Object,0.00,9,0,26,0,9,8,1,19,448,2
"org.apache.jackrabbit.core.query.lucene.RangeQuery",8,0.10,2.62,56,0.70,25444.63,14,6,21,24,4,63.20,86,75,3,2,111.67,0.00,0.50,0.25,1,16.00,7,2088.18,0,4,1,org.apache.lucene.search.Query,0.00,16,1,21,0,16,4,1,23,435,1
"org.apache.jackrabbit.core.query.lucene.RangeQuery$RangeQueryScorer",8,0.14,3.38,111,1.59,133933.22,14,6,21,49,3,45.91,74,138,0,2,95.91,0.00,0.50,0.29,2,4.00,15,4756.16,0,1,3,org.apache.lucene.search.Scorer,0.00,41,1,27,0,41,7,0,32,808,2
"org.apache.jackrabbit.core.query.lucene.RangeQuery$RangeQueryWeight",7,0.00,1.00,14,0.09,890.16,7,0,21,10,2,143.44,29,22,0,2,143.20,0.00,0.50,0.00,0,12.00,1,282.90,0,3,2,org.apache.jackrabbit.core.query.lucene.AbstractWeight,0.00,3,1,7,0,3,4,0,7,85,1
"org.apache.jackrabbit.core.query.lucene.RangeScan",4,0.17,1.25,15,0.12,1762.46,6,2,4,7,2,172.22,9,21,2,2,132.33,0.00,0.50,0.38,0,4.00,2,351.15,0,0,0,org.apache.lucene.search.FilteredTermEnum,0.00,3,1,5,0,3,4,0,2,90,0
"org.apache.jackrabbit.core.query.lucene.ReadOnlyIndexReader",18,0.07,1.22,59,0.47,7792.53,22,4,6,33,10,90.10,139,83,6,2,132.40,0.00,0.50,0.18,1,126.00,3,1419.07,2,3,4,org.apache.lucene.index.FilterIndexReader,0.00,15,1,22,0,15,15,0,30,362,0
"org.apache.jackrabbit.core.query.lucene.ReadOnlyIndexReader$FilteredTermDocs",4,0.00,1.75,22,0.20,6124.40,4,0,6,4,0,140.33,14,27,0,2,119.72,0.00,0.50,0.00,0,4.00,2,600.32,2,0,0,FilterTermDocs,0.00,0,1,7,0,0,4,0,4,142,1
"org.apache.jackrabbit.core.query.lucene.ReadOnlyIndexReader$FilteredTermPositions",5,0.00,1.00,11,0.10,1357.37,5,0,6,9,0,161.22,17,18,0,2,140.61,0.00,0.50,0.00,0,5.00,1,314.15,0,0,0,org.apache.jackrabbit.core.query.lucene.FilteredTermDocs,0.00,4,1,5,0,4,5,1,5,89,2
"org.apache.jackrabbit.core.query.lucene.Recovery",3,0.12,6.33,72,1.05,128147.91,7,4,7,25,3,100.76,55,79,2,1,82.63,0.00,0.00,0.33,0,5.00,16,3156.07,0,0,2,java.lang.Object,0.00,22,0,19,0,22,3,0,23,546,0
"org.apache.jackrabbit.core.query.lucene.RedoLog",9,0.09,1.89,52,0.52,11883.14,13,4,15,33,2,70.21,81,74,2,1,120.21,0.00,0.00,0.33,2,6.00,5,1555.83,0,1,0,java.lang.Object,0.00,24,0,17,0,24,8,0,19,339,0
"org.apache.jackrabbit.core.query.lucene.RedoLog$ActionCollector",1,0.00,1.00,3,0.02,141.06,1,0,15,1,0,136.28,0,4,0,1,136.28,0.00,0.00,0.00,0,0.00,1,51.02,0,0,0,java.lang.Object,0.00,0,0,1,0,0,1,0,0,16,0
"org.apache.jackrabbit.core.query.lucene.RedoLog$ActionCollector_0",1,0.00,1.00,3,0.02,165.64,1,0,15,2,0,135.73,0,4,0,1,135.73,0.00,0.00,0.00,0,1.00,1,61.77,0,0,0,java.lang.Object,0.00,1,0,1,0,1,1,0,0,19,0
"org.apache.jackrabbit.core.query.lucene.RedoLog$ActionCollector_1",1,0.00,1.00,2,0.01,42.34,1,0,15,1,0,196.96,1,3,0,1,146.96,0.00,0.00,0.00,0,1.00,1,30.34,0,0,0,,0.00,0,0,1,0,0,1,0,1,12,0
"org.apache.jackrabbit.core.query.lucene.RowIteratorImpl",9,0.05,1.00,34,0.38,6240.64,19,10,27,21,15,93.27,108,48,2,1,130.83,0.00,0.00,0.06,1,4.00,1,1129.31,0,2,13,java.lang.Object,0.00,12,0,9,0,12,7,1,22,257,0
"org.apache.jackrabbit.core.query.lucene.RowIteratorImpl$RowImpl",11,0.08,3.91,130,1.74,77168.86,15,4,27,49,6,51.55,102,177,0,1,101.55,0.00,0.00,0.18,6,33.00,12,5207.19,0,7,6,java.lang.Object,0.00,38,0,43,0,38,4,1,27,958,0
"org.apache.jackrabbit.core.query.lucene.ScoreNode",3,0.25,1.00,10,0.06,554.14,5,2,1,3,6,93.06,22,14,5,1,135.35,0.00,0.00,0.33,0,5.00,1,166.88,0,1,1,java.lang.Object,0.00,0,0,3,0,0,2,0,6,51,1
"org.apache.jackrabbit.core.query.lucene.ScoreNodeIterator",2,0.00,1.00,3,0.01,52.19,2,0,2,2,8,111.37,21,4,7,2,159.84,0.00,0.50,0.00,0,2.00,1,34.09,0,1,1,,0.00,0,1,2,0,0,1,0,3,15,1
"org.apache.jackrabbit.core.query.lucene.SearchIndex",82,0.01,1.85,475,5.61,207709.59,128,46,54,202,53,75.69,626,695,11,2,117.98,0.00,0.50,0.03,7,4946.00,11,16844.73,1,28,47,org.apache.jackrabbit.core.query.AbstractQueryHandler,0.02,120,1,152,0,120,54,0,143,3207,1
"org.apache.jackrabbit.core.query.lucene.SearchIndex$AbstractIteratorDecorator",1,0.00,1.00,5,0.04,571.22,1,0,54,3,1,123.22,0,6,0,1,123.22,0.00,0.00,0.00,0,1.00,1,117.10,1,1,1,java.lang.Object,0.00,2,0,1,0,2,0,0,0,32,0
"org.apache.jackrabbit.core.query.lucene.SearchIndex$AbstractIteratorDecorator_0",1,0.00,3.00,13,0.16,4585.53,1,0,54,6,1,100.36,0,19,0,1,100.36,0.00,0.00,0.00,0,0.00,3,494.42,1,1,1,java.lang.Object,0.00,5,0,3,0,5,0,0,0,97,0
"org.apache.jackrabbit.core.query.lucene.SearchIndex$AbstractIteratorDecorator_1",1,0.00,1.00,3,0.03,277.72,1,0,54,2,1,133.96,0,5,0,1,133.96,0.00,0.00,0.00,0,1.00,1,91.81,1,1,1,java.lang.Object,0.00,1,0,1,0,1,0,0,0,28,0
"org.apache.jackrabbit.core.query.lucene.SearchIndex$AbstractIteratorDecorator_2",1,0.00,2.00,7,0.10,1724.54,1,0,54,4,1,113.83,0,12,0,1,113.83,0.00,0.00,0.00,0,0.00,2,292.60,1,1,1,java.lang.Object,0.00,3,0,2,0,3,0,0,0,65,0
"org.apache.jackrabbit.core.query.lucene.SearchIndex$CombinedIndexReader",8,0.21,2.38,72,0.71,37859.09,10,2,54,17,6,126.88,31,81,0,2,106.27,0.00,0.50,0.69,1,0.00,5,2128.08,0,2,6,org.apache.lucene.index.MultiReader,0.00,9,1,19,0,9,6,2,13,459,3
"org.apache.jackrabbit.core.query.lucene.SharedFieldCache",4,0.33,4.00,58,0.88,71862.66,6,2,11,35,3,56.86,51,86,2,1,94.43,0.00,0.00,0.25,2,4.00,11,2626.72,0,3,1,java.lang.Object,0.00,31,0,16,0,31,1,0,14,466,0
"org.apache.jackrabbit.core.query.lucene.SharedFieldCache$Key",3,0.50,1.33,15,0.16,3616.70,6,3,11,7,0,141.21,10,22,0,1,120.60,0.00,0.00,0.67,0,1.00,2,469.53,0,0,0,java.lang.Object,0.00,4,0,4,0,4,3,0,3,120,1
"org.apache.jackrabbit.core.query.lucene.SharedFieldCache$StringIndex",1,2.00,1.00,6,0.05,894.86,3,2,11,1,0,68.73,9,8,0,1,118.73,0.00,0.00,0.00,0,1.00,1,144.60,0,0,0,java.lang.Object,0.00,0,0,1,0,0,1,0,3,41,2
"org.apache.jackrabbit.core.query.lucene.SharedFieldSortComparator",5,0.25,1.60,37,0.44,18059.86,8,3,9,16,5,67.22,58,42,2,2,111.35,0.00,0.50,0.13,1,8.00,3,1327.72,0,2,3,org.apache.lucene.search.SortComparator,0.00,11,1,8,0,11,3,0,9,270,1
"org.apache.jackrabbit.core.query.lucene.SharedFieldSortComparator$ScoreDocComparator",4,0.00,3.00,33,0.39,25677.50,4,0,9,6,0,127.69,15,41,0,1,107.08,0.00,0.00,0.00,1,6.00,5,1184.57,0,1,0,java.lang.Object,0.00,2,0,12,0,2,3,0,3,248,0
"org.apache.jackrabbit.core.query.lucene.SharedIndexReader",8,0.21,1.25,24,0.20,2856.49,10,2,7,15,4,84.94,71,35,2,2,133.05,0.00,0.50,0.31,1,14.00,2,612.12,1,3,2,org.apache.lucene.index.FilterIndexReader,0.00,7,1,10,0,7,5,0,11,160,0
"org.apache.jackrabbit.core.query.lucene.SimilarityQuery",3,0.00,1.67,23,0.27,8921.69,5,2,7,15,3,94.13,17,31,1,2,112.01,0.00,0.50,0.50,0,1.00,3,816.33,0,2,2,org.apache.lucene.search.Query,0.00,12,1,5,0,12,1,0,6,167,1
"org.apache.jackrabbit.core.query.lucene.SimpleExcerptProvider",2,0.00,4.00,32,0.47,28915.87,3,1,12,16,11,44.90,17,38,1,1,93.01,0.00,0.00,1.00,0,0.00,7,1399.55,0,1,10,java.lang.Object,0.00,14,0,8,0,14,1,1,5,239,1
"org.apache.jackrabbit.core.query.lucene.SingleTermDocs",9,0.31,1.11,27,0.19,3693.09,11,2,4,10,2,132.84,39,38,2,1,132.60,0.00,0.00,0.22,0,22.00,2,567.23,0,0,0,java.lang.Object,0.00,1,0,10,0,1,9,1,12,152,0
"org.apache.jackrabbit.core.query.lucene.SpellChecker",3,0.00,1.00,4,0.03,143.53,3,0,3,3,4,107.77,27,5,2,1,157.77,0.00,0.00,0.00,0,3.00,1,76.67,0,1,2,,0.00,0,0,3,0,0,2,0,4,27,1
"org.apache.jackrabbit.core.query.lucene.SpellSuggestion",2,0.00,1.50,11,0.07,1082.74,4,2,2,3,5,85.75,24,15,3,1,123.31,0.00,0.00,0.50,0,2.00,2,217.74,0,1,2,java.lang.Object,0.00,1,0,3,0,1,1,0,5,59,0
"org.apache.jackrabbit.core.query.lucene.SynonymProvider",1,0.00,1.00,2,0.01,71.89,1,0,0,1,3,107.59,12,3,3,1,145.15,0.00,0.00,0.00,0,1.00,1,30.46,0,1,0,,0.00,0,0,1,0,0,0,0,2,12,1
"org.apache.jackrabbit.core.query.lucene.TextExtractorFilter",3,0.50,2.67,30,0.34,12444.35,4,1,10,13,7,84.84,42,40,1,1,104.98,0.00,0.00,0.67,0,1.00,4,1029.26,0,1,6,java.lang.Object,0.00,10,0,8,1,10,2,1,6,200,1
"org.apache.jackrabbit.core.query.lucene.TextExtractorJob",6,0.07,3.33,61,0.71,29669.95,12,6,17,29,4,66.77,76,96,2,2,104.33,0.00,0.50,0.22,0,18.00,10,2127.02,0,3,2,EDU.oswego.cs.dl.util.concurrent.FutureResult,0.00,23,1,20,0,23,3,1,27,415,1
"org.apache.jackrabbit.core.query.lucene.TextExtractorJob$Callable",1,0.00,4.00,10,0.08,1945.76,1,0,17,3,0,157.48,1,13,0,1,107.48,0.00,0.00,0.00,0,0.00,4,247.72,0,1,0,java.lang.Object,0.00,2,0,4,0,2,0,0,1,55,0
"org.apache.jackrabbit.core.query.lucene.TextExtractorJob$InputStreamReader",1,0.00,2.00,5,0.04,525.58,1,0,17,3,0,173.34,1,7,0,1,123.34,0.00,0.00,0.00,0,1.00,2,113.18,1,0,0,java.lang.Object,0.00,2,0,2,0,2,1,0,1,31,0
"org.apache.jackrabbit.core.query.lucene.TextExtractorReader",4,0.44,3.25,39,0.40,12256.45,10,6,5,12,3,87.54,56,55,2,2,107.68,0.00,0.50,0.50,0,0.00,5,1194.04,0,0,1,java.io.Reader,0.00,8,1,13,0,8,4,0,21,251,0
"org.apache.jackrabbit.core.query.lucene.TextFilterExtractor",4,0.33,1.75,28,0.32,11602.76,6,2,13,13,8,63.60,43,38,1,1,112.08,0.00,0.00,0.25,0,8.00,4,969.18,0,2,7,java.lang.Object,0.00,9,0,7,0,9,2,1,7,194,1
"org.apache.jackrabbit.core.query.lucene.TextFilterExtractor$FilterReader",1,0.00,1.00,4,0.03,280.89,1,0,13,3,0,129.26,0,5,0,1,129.26,0.00,0.00,0.00,0,1.00,1,92.10,1,0,0,java.lang.Object,0.00,2,0,1,0,2,1,0,0,27,0
"org.apache.jackrabbit.core.query.lucene.TextPlainTextFilter",1,0.00,1.00,3,0.02,106.02,1,0,1,2,2,87.25,9,5,0,2,137.25,0.00,0.50,0.00,0,1.00,1,45.51,0,0,2,org.apache.jackrabbit.core.query.lucene.TextExtractorFilter,0.00,1,1,1,0,1,1,0,2,16,1
"org.apache.jackrabbit.core.query.lucene.TransformConstants",0,0.00,0.00,4,0.04,478.59,3,3,0,0,6,171.00,12,5,6,1,171.00,0.00,0.00,0.00,0,0.00,0,109.39,0,0,0,,0.00,0,0,0,0,0,0,0,4,28,1
"org.apache.jackrabbit.core.query.lucene.Transformable",1,0.00,1.00,2,0.01,60.50,1,0,0,1,3,116.36,13,3,3,2,145.74,0.00,0.50,0.00,0,1.00,1,35.16,0,0,0,,0.00,0,1,1,0,0,1,0,2,13,1
"org.apache.jackrabbit.core.query.lucene.Util",2,1.00,4.00,23,0.24,6754.73,3,1,6,9,5,55.57,20,27,4,1,104.05,0.00,0.00,0.50,0,2.00,4,726.32,0,0,1,java.lang.Object,0.00,7,0,8,0,7,2,0,4,152,1
"org.apache.jackrabbit.core.query.lucene.VolatileIndex",8,0.00,1.50,42,0.42,9232.00,12,4,9,20,7,72.61,67,53,2,2,120.72,0.00,0.50,0.25,1,14.00,4,1272.75,4,0,5,org.apache.jackrabbit.core.query.lucene.AbstractIndex,0.14,12,1,12,0,12,8,0,15,283,0
"org.apache.jackrabbit.core.query.lucene.WildcardQuery",7,0.06,1.29,32,0.32,6114.84,13,6,20,15,4,81.19,80,43,3,2,125.32,0.00,0.50,0.12,0,18.00,2,961.75,0,3,1,org.apache.lucene.search.Query,0.00,8,1,9,0,8,4,1,17,226,1
"org.apache.jackrabbit.core.query.lucene.WildcardQuery$Term",1,0.00,1.00,3,0.03,347.00,1,0,20,2,1,133.20,0,4,0,1,133.20,0.00,0.00,0.00,0,0.00,1,101.66,0,1,1,java.lang.Object,0.00,1,0,1,0,1,0,0,0,27,0
"org.apache.jackrabbit.core.query.lucene.WildcardQuery$WildcardQueryScorer",7,0.19,1.86,54,0.57,16150.48,13,6,20,25,2,80.63,47,72,0,2,112.85,0.00,0.50,0.33,1,0.00,5,1719.12,0,1,2,org.apache.lucene.search.Scorer,0.00,18,1,13,0,18,6,0,16,349,2
"org.apache.jackrabbit.core.query.lucene.WildcardQuery$WildcardQueryWeight",7,0.00,1.00,14,0.09,897.38,7,0,20,10,2,143.41,29,22,0,2,143.17,0.00,0.50,0.00,0,12.00,1,281.24,0,3,2,org.apache.jackrabbit.core.query.lucene.AbstractWeight,0.00,3,1,7,0,3,4,0,7,84,1
"org.apache.jackrabbit.core.query.lucene.WildcardTermEnum",5,0.17,3.80,71,0.86,52820.28,11,6,12,28,5,58.69,62,95,2,2,96.25,0.00,0.50,0.30,0,6.00,9,2580.15,0,1,3,org.apache.lucene.search.FilteredTermEnum,0.00,23,1,19,0,23,4,1,19,486,0
"org.apache.jackrabbit.core.query.lucene.WildcardTermEnum$LowerUpperCaseTermEnum",6,0.13,3.33,76,1.30,133806.93,9,3,12,45,3,78.35,35,96,0,2,96.23,0.00,0.50,0.44,1,0.00,13,3909.67,0,1,3,org.apache.lucene.index.TermEnum,0.00,39,1,20,0,39,5,0,18,632,1
"org.apache.jackrabbit.core.query.lucene.WorkspaceTraversalResult",5,0.00,1.40,27,0.26,7631.95,8,3,16,10,6,71.67,44,34,1,1,119.78,0.00,0.00,0.33,1,10.00,3,779.87,0,4,5,java.lang.Object,0.00,5,0,7,0,5,1,1,11,179,1
"org.apache.jackrabbit.core.query.lucene.WorkspaceTraversalResult$Offset_0",1,0.00,1.00,4,0.02,242.00,1,0,16,2,0,87.48,7,6,0,1,129.77,0.00,0.00,0.00,0,1.00,1,47.00,0,0,0,,0.00,1,0,1,0,1,1,0,2,17,0
"org.apache.jackrabbit.core.query.lucene.WorkspaceTraversalResult$Offset_0$Offset_1",1,0.00,1.00,3,0.01,72.00,1,0,16,1,0,138.58,0,4,0,1,138.58,0.00,0.00,0.00,0,1.00,1,32.00,0,0,0,java.lang.Object,0.00,0,0,1,0,0,1,0,0,12,0
"org.apache.jackrabbit.core.query.lucene.WorkspaceTraversalResult$TraversingNodeIterator",12,0.07,1.42,50,0.38,7397.97,16,4,16,25,2,126.73,59,68,0,1,126.49,0.00,0.00,0.19,6,38.00,4,1150.80,0,3,2,java.lang.Object,0.00,13,0,17,0,13,9,2,18,275,1
"org.apache.jackrabbit.core.query.lucene.WorkspaceTraversalResult$TraversingNodeIterator$Offset",1,0.00,1.00,3,0.02,268.87,1,0,16,2,0,134.07,0,4,0,1,134.07,0.00,0.00,0.00,0,1.00,1,70.91,0,0,0,java.lang.Object,0.00,1,0,1,0,1,1,0,0,21,0
"org.apache.jackrabbit.value.BaseValue",11,0.03,1.64,52,0.49,10232.76,18,7,8,21,10,92.83,72,86,9,1,125.05,0.00,0.00,0.12,3,43.00,3,1471.16,0,4,1,java.lang.Object,0.00,10,0,18,9,10,7,1,14,334,2
"org.apache.jackrabbit.value.BinaryValue",7,0.17,3.43,65,0.71,41463.54,10,3,8,19,6,57.31,56,98,5,2,105.41,0.00,0.50,0.48,0,1.00,10,2123.19,2,2,1,org.apache.jackrabbit.value.BaseValue,0.22,12,1,24,0,12,5,0,16,431,1
"org.apache.jackrabbit.value.BinaryValueTest",1,0.00,1.00,5,0.07,1102.26,2,1,2,6,2,91.59,13,7,1,2,120.97,0.00,0.50,1.00,0,0.00,1,203.23,0,0,1,junit.framework.TestCase,0.00,5,1,1,0,5,1,0,11,50,1
"org.apache.jackrabbit.value.BooleanValue",10,0.28,1.60,43,0.36,8970.26,12,2,4,16,5,107.31,57,67,4,2,125.18,0.00,0.50,0.25,0,34.00,5,1081.04,1,3,1,org.apache.jackrabbit.value.BaseValue,0.48,6,1,16,0,6,7,0,13,263,1
"org.apache.jackrabbit.value.DateValue",9,0.12,2.22,56,0.50,14241.11,11,2,5,15,22,74.30,67,84,20,2,116.60,0.00,0.50,0.39,0,0.00,5,1488.23,1,3,2,org.apache.jackrabbit.value.BaseValue,0.50,6,1,20,0,6,6,0,12,333,1
"org.apache.jackrabbit.value.DoubleValue",10,0.17,1.90,53,0.47,12466.98,12,2,5,21,5,88.18,60,81,4,2,120.40,0.00,0.50,0.35,0,22.00,5,1402.76,1,3,1,org.apache.jackrabbit.value.BaseValue,0.48,11,1,19,0,11,7,0,14,323,1
"org.apache.jackrabbit.value.LongValue",10,0.17,1.90,53,0.47,12466.98,12,2,5,21,5,88.18,60,81,4,2,120.40,0.00,0.50,0.35,0,22.00,5,1402.76,1,3,1,org.apache.jackrabbit.value.BaseValue,0.48,11,1,19,0,11,7,0,14,323,1
"org.apache.jackrabbit.value.NameValue",10,0.39,1.80,47,0.42,11795.76,12,2,9,17,9,81.93,72,76,3,2,124.22,0.00,0.50,0.15,0,30.00,5,1273.59,1,4,6,org.apache.jackrabbit.value.BaseValue,0.48,7,1,18,0,7,6,0,13,299,1
"org.apache.jackrabbit.value.PathValue",9,0.38,1.78,43,0.36,10275.85,11,2,6,14,6,92.11,60,68,3,2,124.33,0.00,0.50,0.17,0,26.00,5,1094.77,1,3,3,org.apache.jackrabbit.value.BaseValue,0.50,5,1,16,0,5,6,0,12,260,1
"org.apache.jackrabbit.value.QValueFactoryImpl",12,0.18,2.17,70,1.03,39988.46,16,4,32,42,17,117.24,58,105,4,1,117.01,0.00,0.00,0.08,0,32.00,6,3087.50,0,11,13,java.lang.Object,0.00,30,0,26,0,30,1,1,23,614,2
"org.apache.jackrabbit.value.QValueFactoryImpl$BinaryQValue",20,0.03,2.70,163,1.77,75683.48,26,6,32,58,6,60.80,163,230,0,1,108.91,0.00,0.00,0.19,2,44.00,5,5302.40,0,6,6,java.lang.Object,0.00,38,0,54,0,38,14,2,58,1072,2
"org.apache.jackrabbit.value.QValueFactoryImpl$DateQValue",4,0.00,1.50,16,0.12,2292.16,5,1,32,7,1,126.96,16,23,0,2,126.73,0.00,0.50,1.00,0,0.00,3,372.30,0,1,1,org.apache.jackrabbit.value.QValueImpl,0.00,3,1,6,0,3,3,0,3,96,2
"org.apache.jackrabbit.value.QValueFactoryImpl$QValueImpl",20,0.21,1.95,99,1.05,30518.30,22,2,32,39,5,163.20,48,140,0,1,123.32,0.00,0.00,0.70,1,0.00,5,3147.47,0,6,5,java.lang.Object,0.00,19,0,39,0,19,14,2,17,686,2
"org.apache.jackrabbit.value.QValueTest",32,0.08,1.59,169,2.12,50859.31,36,4,25,78,9,169.61,35,237,0,2,119.61,0.00,0.50,0.33,1,0.00,4,6359.02,0,0,9,junit.framework.TestCase,0.00,46,1,51,0,46,32,0,30,1356,1
"org.apache.jackrabbit.value.QValueValue",13,0.07,1.77,64,0.68,17725.35,20,7,10,33,5,123.96,64,90,3,1,123.73,0.00,0.00,0.21,3,0.00,5,2025.93,0,4,2,java.lang.Object,0.00,20,0,23,0,20,9,1,19,451,2
"org.apache.jackrabbit.value.ReferenceValue",10,0.33,1.80,48,0.41,11089.72,12,2,7,16,6,92.21,68,76,4,2,124.43,0.00,0.50,0.20,0,34.00,5,1233.73,1,3,2,org.apache.jackrabbit.value.BaseValue,0.48,6,1,18,0,6,7,0,13,291,1
"org.apache.jackrabbit.value.StringValue",4,0.17,2.25,23,0.19,6243.19,6,2,2,6,4,77.30,31,32,3,2,119.59,0.00,0.50,0.38,0,6.00,5,573.39,0,1,1,org.apache.jackrabbit.value.BaseValue,0.13,2,1,9,0,2,3,0,6,136,1
"org.apache.jackrabbit.value.TestAll",1,0.00,1.00,5,0.04,864.35,1,0,3,3,1,73.32,10,7,0,2,121.80,0.00,0.50,0.00,0,1.00,1,115.51,0,1,1,junit.framework.TestCase,0.00,2,1,1,0,2,0,0,2,31,1
"org.apache.jackrabbit.value.ValueFactoryImpl",10,1.00,1.90,42,0.44,16659.30,11,1,8,26,18,143.64,37,65,9,1,123.02,0.00,0.00,0.10,0,18.00,10,1321.77,0,9,9,java.lang.Object,0.00,16,0,19,0,16,1,1,13,286,1
"org.apache.jackrabbit.value.ValueFactoryQImpl",10,0.39,2.40,59,0.72,21451.12,12,2,17,18,10,118.73,46,90,2,1,118.49,0.00,0.00,0.85,0,0.00,8,2170.95,0,9,8,java.lang.Object,0.00,8,0,24,0,8,1,1,12,457,1
"org.apache.jackrabbit.value.ValueFormat",4,0.00,7.00,73,1.18,65777.37,4,0,13,34,23,42.42,34,116,15,1,90.53,0.00,0.00,0.00,1,4.00,9,3548.50,0,4,8,java.lang.Object,0.00,30,0,28,0,30,0,0,5,633,1
"org.apache.jackrabbit.value.ValueHelper",23,0.00,3.13,221,3.50,376005.30,23,0,18,57,22,72.58,305,393,17,1,101.96,0.00,0.00,0.00,4,23.00,16,10514.71,0,20,5,java.lang.Object,0.00,34,0,72,0,34,3,0,80,1935,1
"org.apache.jackrabbit.value.ValueHelper$FileInputStream",1,0.00,1.00,4,0.02,230.72,1,0,18,3,0,179.93,1,5,0,1,129.93,0.00,0.00,0.00,0,1.00,1,72.55,0,0,0,java.lang.Object,0.00,2,0,1,0,2,1,0,1,22,0
"org.apache.jackrabbit.core.config.AccessManagerConfig",1,0.00,1.00,3,0.02,106.02,1,0,0,1,6,126.90,15,5,5,2,137.25,0.00,0.50,0.00,0,1.00,1,45.51,0,0,1,org.apache.jackrabbit.core.config.BeanConfig,0.00,0,1,1,0,0,1,0,2,16,1
"org.apache.jackrabbit.core.config.BeanConfig",9,0.09,1.56,37,0.43,15083.09,13,4,3,21,10,74.57,92,61,9,1,123.05,0.00,0.00,0.17,1,43.00,6,1294.56,0,5,1,java.lang.Object,0.00,12,0,14,7,12,4,0,15,280,1
"org.apache.jackrabbit.core.config.ClusterConfig",4,0.11,1.00,14,0.09,1063.86,7,3,0,4,6,86.00,35,19,5,1,134.11,0.00,0.00,0.25,0,10.00,1,260.02,0,2,1,java.lang.Object,0.00,0,0,4,0,0,2,0,8,74,1
"org.apache.jackrabbit.core.config.ConfigurationEntityResolver",2,0.67,3.00,22,0.24,8435.40,5,3,7,9,1,136.74,41,39,1,1,103.35,0.00,0.00,0.67,0,0.00,5,722.10,0,1,0,java.lang.Object,0.00,7,0,6,0,7,1,1,8,162,0
"org.apache.jackrabbit.core.config.ConfigurationException",2,0.00,1.00,5,0.03,159.64,2,0,1,2,11,102.50,14,7,11,2,144.79,0.00,0.50,0.00,0,2.00,1,81.40,0,0,0,javax.jcr.RepositoryException,0.00,0,1,2,0,0,2,0,3,28,1
"org.apache.jackrabbit.core.config.ConfigurationParser",10,0.09,2.30,74,0.94,31577.37,15,5,13,29,6,74.17,124,111,2,1,111.73,0.00,0.00,0.12,3,38.00,5,2830.60,0,9,4,java.lang.Object,0.00,19,0,23,1,19,1,0,19,568,1
"org.apache.jackrabbit.core.config.DataStoreConfig",1,0.00,1.00,3,0.02,106.02,1,0,0,1,4,89.15,8,5,3,2,137.25,0.00,0.50,0.00,0,1.00,1,45.51,0,0,1,org.apache.jackrabbit.core.config.BeanConfig,0.00,0,1,1,0,0,1,0,2,16,1
"org.apache.jackrabbit.core.config.FileSystemConfig",2,0.00,2.00,10,0.10,2898.08,2,0,2,4,10,71.77,16,19,6,2,119.87,0.00,0.50,0.00,0,2.00,3,299.33,1,1,4,org.apache.jackrabbit.core.config.BeanConfig,0.00,2,1,4,0,2,1,0,3,70,1
"org.apache.jackrabbit.core.config.JournalConfig",1,0.00,1.00,3,0.02,106.02,1,0,0,1,4,99.69,12,5,3,2,137.25,0.00,0.50,0.00,0,1.00,1,45.51,0,0,1,org.apache.jackrabbit.core.config.BeanConfig,0.00,0,1,1,0,0,1,0,2,16,1
"org.apache.jackrabbit.core.config.LoginModuleConfig",2,0.00,1.50,9,0.07,1774.34,2,0,1,3,6,82.94,15,14,4,2,125.23,0.00,0.50,0.00,0,2.00,2,210.51,1,1,2,org.apache.jackrabbit.core.config.BeanConfig,0.00,1,1,3,0,1,1,0,2,53,1
"org.apache.jackrabbit.core.config.PersistenceManagerConfig",1,0.00,1.00,3,0.02,106.02,1,0,0,1,6,126.90,15,5,5,2,137.25,0.00,0.50,0.00,0,1.00,1,45.51,0,0,1,org.apache.jackrabbit.core.config.BeanConfig,0.00,0,1,1,0,0,1,0,2,16,1
"org.apache.jackrabbit.core.config.RepositoryConfig",27,0.01,2.22,207,2.57,120472.85,43,16,29,83,26,72.99,328,323,12,1,110.55,0.00,0.00,0.08,5,469.00,14,7718.64,0,19,15,java.lang.Object,0.00,56,0,60,0,56,8,0,70,1432,1
"org.apache.jackrabbit.core.config.RepositoryConfigTest",11,0.45,2.18,102,1.20,29564.66,13,2,10,50,5,148.11,25,150,1,2,108.22,0.00,0.50,0.91,1,0.00,4,3608.88,0,0,4,junit.framework.TestCase,0.00,39,1,24,0,39,11,0,10,741,1
"org.apache.jackrabbit.core.config.RepositoryConfigTest$InputStream",1,0.00,1.00,3,0.02,208.76,1,0,10,2,0,134.94,0,4,0,1,134.94,0.00,0.00,0.00,0,1.00,1,52.97,0,0,0,java.lang.Object,0.00,1,0,1,0,1,1,0,0,17,0
"org.apache.jackrabbit.core.config.RepositoryConfigurationParser",13,0.05,1.62,125,1.90,48111.18,38,25,6,45,16,154.46,308,174,3,2,107.19,0.00,0.50,0.09,10,110.00,4,5694.62,7,8,14,org.apache.jackrabbit.core.config.ConfigurationParser,0.00,32,1,21,0,32,5,0,63,1045,1
"org.apache.jackrabbit.core.config.SearchConfig",3,1.00,1.00,9,0.06,628.32,4,1,1,3,7,90.80,33,14,5,2,134.92,0.00,0.50,0.33,0,4.00,1,174.56,1,2,2,org.apache.jackrabbit.core.config.BeanConfig,0.00,0,1,3,0,0,1,0,5,50,1
"org.apache.jackrabbit.core.config.SecurityConfig",4,0.11,1.00,14,0.09,1063.86,7,3,0,4,4,84.11,37,20,2,1,134.11,0.00,0.00,0.25,0,10.00,1,260.02,0,3,2,java.lang.Object,0.00,0,0,4,0,0,1,0,8,74,1
"org.apache.jackrabbit.core.config.TestAll",1,0.00,1.00,6,0.05,1283.53,1,0,3,3,2,79.93,12,8,0,2,117.50,0.00,0.50,0.00,0,1.00,1,150.40,0,1,2,junit.framework.TestCase,0.00,2,1,1,0,2,0,0,2,39,1
"org.apache.jackrabbit.core.config.VersioningConfig",4,0.11,1.00,14,0.09,1143.34,7,3,1,5,6,85.38,41,20,4,1,133.86,0.00,0.00,0.25,0,10.00,1,270.88,0,2,2,java.lang.Object,0.00,1,0,4,0,1,2,0,8,77,1
"org.apache.jackrabbit.core.config.WorkspaceConfig",7,0.03,1.00,26,0.17,2441.66,13,6,0,7,13,83.18,68,36,10,1,133.18,0.00,0.00,0.14,0,37.00,1,519.18,0,2,3,java.lang.Object,0.00,0,0,7,0,0,5,0,14,137,1
"org.apache.jackrabbit.core.config.WorkspaceConfigTest",2,0.00,1.00,21,0.33,6255.77,3,1,4,23,5,106.41,9,30,1,2,106.17,0.00,0.50,1.00,0,0.00,1,985.73,0,0,4,junit.framework.TestCase,0.00,21,1,2,0,21,2,0,2,186,1
"org.apache.jackrabbit.core.persistence.AbstractPersistenceManager",9,0.00,2.00,41,0.45,19476.38,9,0,9,20,12,89.90,55,55,3,1,122.12,0.00,0.00,0.00,2,9.00,10,1359.55,0,2,9,java.lang.Object,0.00,11,0,18,17,11,7,1,10,299,2
"org.apache.jackrabbit.core.persistence.PMContext",7,0.03,1.00,26,0.18,2285.83,13,6,7,7,21,85.30,60,39,17,1,133.41,0.00,0.00,0.14,0,37.00,1,542.32,0,6,5,java.lang.Object,0.00,0,0,7,1,0,1,0,14,140,1
"org.apache.jackrabbit.core.persistence.PersistenceManager",11,0.00,1.00,12,0.09,377.67,11,0,10,11,20,114.78,126,16,10,1,158.91,0.00,0.00,0.00,0,11.00,1,262.12,0,5,10,,0.00,0,0,11,0,0,6,0,12,90,1
"org.apache.jackrabbit.spi.commons.ChildInfoImpl",4,0.11,1.00,14,0.09,1169.64,7,3,3,4,3,91.49,29,19,1,1,133.78,0.00,0.00,0.25,0,10.00,1,278.61,0,2,2,java.lang.Object,0.00,0,0,4,1,0,2,2,8,77,1
"org.apache.jackrabbit.spi.commons.EventBundleImpl",3,0.25,1.00,10,0.07,841.38,5,2,4,4,2,91.63,21,14,1,1,133.93,0.00,0.00,0.33,0,5.00,1,203.04,0,1,1,java.lang.Object,0.00,1,0,3,0,1,2,2,6,58,1
"org.apache.jackrabbit.spi.commons.EventFilterImpl",8,0.07,2.62,59,0.64,23642.63,14,6,10,28,6,94.05,46,85,2,1,111.92,0.00,0.00,0.23,0,30.00,10,1930.36,0,3,4,java.lang.Object,0.00,20,0,21,0,20,5,2,17,387,1
"org.apache.jackrabbit.spi.commons.EventImpl",8,0.02,1.00,32,0.26,4796.51,15,7,6,9,6,94.45,50,43,1,1,126.67,0.00,0.00,0.12,0,50.00,1,776.07,0,6,5,java.lang.Object,0.00,1,0,8,0,1,2,2,16,191,1
"org.apache.jackrabbit.spi.commons.ItemInfoImpl",5,0.06,1.00,18,0.13,1690.93,9,4,5,5,6,90.99,38,24,2,1,133.29,0.00,0.00,0.20,0,17.00,1,375.93,0,3,4,java.lang.Object,0.00,0,0,5,4,0,2,2,10,100,2
"org.apache.jackrabbit.spi.commons.LockInfoImpl",6,0.04,1.00,22,0.15,2359.43,11,5,3,6,3,90.48,43,30,1,1,132.77,0.00,0.00,0.17,0,26.00,1,447.20,0,3,2,java.lang.Object,0.00,0,0,6,1,0,3,2,12,121,1
"org.apache.jackrabbit.spi.commons.NodeInfoImpl",8,0.05,1.62,54,0.72,33886.07,14,6,10,32,9,71.01,61,74,2,2,113.30,1.00,0.33,0.12,0,44.00,4,2163.02,0,6,7,org.apache.jackrabbit.spi.commons.ItemInfoImpl,0.00,24,1,13,1,24,2,1,16,434,1
"org.apache.jackrabbit.spi.commons.NodeInfoImpl$Iterator",3,0.00,1.00,10,0.09,1381.99,3,0,10,12,2,132.23,0,15,0,1,132.23,0.00,0.00,0.00,0,3.00,1,281.01,0,1,2,java.lang.Object,0.00,9,0,3,0,9,2,0,0,72,0
"org.apache.jackrabbit.spi.commons.PropertyInfoImpl",6,0.10,1.17,29,0.34,8549.57,10,4,8,20,10,81.38,45,44,2,2,123.67,1.00,0.33,0.17,0,22.00,2,1017.77,0,3,8,org.apache.jackrabbit.spi.commons.ItemInfoImpl,0.00,14,1,7,1,14,3,1,11,226,1
"org.apache.jackrabbit.spi.commons.QItemDefinitionImpl",10,0.04,1.40,38,0.45,11974.86,18,8,6,23,7,86.59,78,59,2,1,128.88,0.00,0.00,0.16,0,42.00,5,1359.51,0,2,5,java.lang.Object,0.00,13,0,14,4,13,8,2,21,303,2
"org.apache.jackrabbit.spi.commons.QNodeDefinitionImpl",8,0.10,1.88,47,0.56,22048.71,11,3,4,27,5,75.40,60,74,2,2,117.69,1.00,0.33,0.25,1,26.00,5,1675.03,4,2,3,org.apache.jackrabbit.spi.commons.QItemDefinitionImpl,0.11,19,1,15,1,19,6,1,16,362,1
"org.apache.jackrabbit.spi.commons.QNodeTypeDefinitionImpl",12,0.00,2.25,100,1.09,60097.57,20,8,11,32,9,65.70,92,117,1,1,107.99,0.00,0.00,0.12,0,76.00,12,3260.82,0,8,8,java.lang.Object,0.00,20,0,27,1,20,4,2,28,674,1
"org.apache.jackrabbit.spi.commons.QPropertyDefinitionImpl",9,0.03,1.67,47,0.56,17807.02,13,4,4,26,6,70.75,74,77,2,2,118.85,1.00,0.33,0.22,2,35.00,4,1681.24,4,2,4,org.apache.jackrabbit.spi.commons.QItemDefinitionImpl,0.11,17,1,15,1,17,7,1,17,369,1
"org.apache.jackrabbit.spi.commons.SerializableBatch",12,0.09,1.08,41,0.49,8497.76,14,2,20,23,6,170.63,24,60,0,1,130.74,0.00,0.00,0.42,0,0.00,2,1479.38,0,1,6,java.lang.Object,0.00,11,0,13,0,11,11,2,6,344,1
"org.apache.jackrabbit.spi.commons.SerializableBatch$AddNode",2,0.50,1.00,12,0.11,1497.16,6,4,20,3,3,169.34,3,15,0,1,119.34,0.00,0.00,0.50,0,2.00,1,329.26,0,0,3,java.lang.Object,0.00,1,0,2,0,1,2,1,1,84,2
"org.apache.jackrabbit.spi.commons.SerializableBatch$AddProperty",2,0.50,1.50,15,0.14,2432.83,6,4,20,3,4,165.09,3,20,0,1,115.09,0.00,0.00,0.50,0,2.00,2,420.06,0,0,4,java.lang.Object,0.00,1,0,3,0,1,2,1,1,101,2
"org.apache.jackrabbit.spi.commons.SerializableBatch$Move",2,0.33,1.00,10,0.09,1155.23,5,3,20,3,3,173.18,3,13,0,1,123.18,0.00,0.00,0.50,0,2.00,1,258.40,0,0,3,java.lang.Object,0.00,1,0,2,0,1,2,1,1,69,2
"org.apache.jackrabbit.spi.commons.SerializableBatch$Operation",1,0.00,1.00,2,0.01,88.08,1,0,20,1,1,102.16,7,3,0,2,144.46,0.00,0.50,0.00,0,1.00,1,44.04,0,0,1,,0.00,0,1,1,0,0,1,0,1,15,1
"org.apache.jackrabbit.spi.commons.SerializableBatch$Remove",2,1.00,1.00,6,0.05,478.47,3,1,20,3,2,184.47,3,9,0,1,134.47,0.00,0.00,0.50,0,2.00,1,135.35,0,0,2,java.lang.Object,0.00,1,0,2,0,1,2,1,1,39,2
"org.apache.jackrabbit.spi.commons.SerializableBatch$ReorderNodes",2,0.33,1.00,10,0.08,1275.81,5,3,20,3,2,172.84,3,13,0,1,122.84,0.00,0.00,0.50,0,2.00,1,252.33,0,0,2,java.lang.Object,0.00,1,0,2,0,1,2,1,1,69,2
"org.apache.jackrabbit.spi.commons.SerializableBatch$SetMixins",2,0.00,1.00,8,0.07,904.53,4,2,20,3,3,177.63,3,11,0,1,127.63,0.00,0.00,0.50,0,2.00,1,208.76,0,0,3,java.lang.Object,0.00,1,0,2,0,1,2,1,1,56,2
"org.apache.jackrabbit.spi.commons.SerializableBatch$SetValue",2,0.33,1.50,13,0.11,1944.51,5,3,20,3,3,168.35,3,17,0,1,118.35,0.00,0.00,0.50,0,2.00,2,342.29,0,0,3,java.lang.Object,0.00,1,0,3,0,1,2,1,1,85,2
"org.apache.jackrabbit.spi.commons.SessionInfoImpl",8,0.14,1.00,19,0.14,1835.22,11,3,4,13,1,123.31,44,28,0,1,141.18,0.00,0.00,0.21,0,26.00,1,425.72,0,3,1,java.lang.Object,0.00,5,0,8,0,5,5,2,13,120,1
"org.apache.jackrabbit.core.fs.AbstractFileSystemTest",6,0.10,1.17,153,2.31,364115.58,8,2,7,34,4,121.04,14,163,2,2,81.15,3.00,0.20,0.42,2,0.00,2,6941.49,0,1,2,junit.framework.TestCase,0.00,28,1,7,3,28,5,0,14,1189,2
"org.apache.jackrabbit.core.fs.BasedFileSystem",22,0.02,1.36,64,0.69,14640.18,24,2,2,46,7,158.08,72,96,4,1,137.47,0.00,0.00,0.48,1,0.00,6,2081.62,0,6,3,java.lang.Object,0.00,24,0,30,0,24,16,1,25,516,1
"org.apache.jackrabbit.core.fs.FileSystem",20,2.00,1.00,23,0.18,987.13,22,2,2,20,36,107.67,180,25,34,1,157.67,0.00,0.00,0.00,0,20.00,1,552.89,0,5,2,,0.00,0,0,20,0,0,15,0,23,181,1
"org.apache.jackrabbit.core.fs.FileSystemException",2,0.00,1.00,5,0.03,221.18,2,0,1,2,25,95.20,20,8,24,3,143.68,0.00,0.67,0.00,0,2.00,1,88.69,0,0,1,org.apache.jackrabbit.BaseException,0.00,0,2,2,0,0,2,0,3,29,1
"org.apache.jackrabbit.core.fs.FileSystemPathUtil",9,0.12,2.44,92,1.05,52070.47,13,4,2,31,8,53.87,84,102,6,1,103.86,0.00,0.00,0.14,1,33.00,7,3155.43,0,6,2,java.lang.Object,0.00,22,0,22,0,22,3,0,20,629,2
"org.apache.jackrabbit.core.fs.FileSystemResource",20,0.18,1.55,69,0.67,18051.14,22,2,3,38,21,130.06,98,107,17,1,129.83,0.00,0.00,0.68,3,0.00,5,2019.04,0,7,4,java.lang.Object,0.00,18,0,31,0,18,13,0,23,485,1
"org.apache.jackrabbit.core.fs.RandomAccessOutputStream",1,0.00,1.00,2,0.02,132.18,1,0,2,1,8,105.50,12,3,8,2,143.07,1.00,0.33,0.00,0,1.00,1,52.87,0,0,0,java.io.OutputStream,0.00,0,1,1,1,0,1,0,2,17,2
"org.apache.jackrabbit.core.fs.local.FileUtil",3,0.00,5.00,45,0.58,43930.82,3,0,4,21,1,45.85,25,55,1,1,93.96,0.00,0.00,0.00,2,3.00,10,1739.07,0,0,0,java.lang.Object,0.00,18,0,15,0,18,3,0,8,316,2
"org.apache.jackrabbit.core.fs.local.HandleMonitor",6,0.00,1.50,29,0.31,6179.36,8,2,10,20,3,82.43,43,38,2,1,124.72,0.00,0.00,0.50,1,0.00,2,916.08,0,1,1,java.lang.Object,0.00,14,0,9,0,14,5,0,10,216,1
"org.apache.jackrabbit.core.fs.local.HandleMonitor$Handle",5,0.12,1.60,25,0.26,5536.58,7,2,10,16,1,102.97,29,35,0,1,120.85,0.00,0.00,0.60,1,2.00,3,794.92,0,1,1,java.lang.Object,0.00,11,0,8,0,11,4,0,8,184,1
"org.apache.jackrabbit.core.fs.local.HandleMonitor$Handle$MonitoredInputStream",3,1.00,1.00,9,0.07,820.15,4,1,10,5,1,134.25,13,13,0,3,134.01,0.00,0.67,0.33,0,4.00,1,213.99,1,0,1,org.apache.jackrabbit.util.LazyFileInputStream,0.19,2,2,3,0,2,3,0,5,60,1
"org.apache.jackrabbit.core.fs.local.LocalFileSystem",30,0.11,2.27,208,2.54,100680.83,33,3,14,68,16,134.63,101,286,9,1,114.02,0.00,0.00,0.44,3,0.00,6,7628.73,0,9,7,java.lang.Object,0.00,38,0,68,0,38,21,1,32,1571,1
"org.apache.jackrabbit.core.fs.local.LocalFileSystem$FileFilter",1,0.00,1.00,3,0.02,173.90,1,0,14,2,0,135.56,0,4,0,1,135.56,0.00,0.00,0.00,0,1.00,1,52.97,0,0,0,java.lang.Object,0.00,1,0,1,0,1,1,0,0,17,0
"org.apache.jackrabbit.core.fs.local.LocalFileSystem$FileFilter_0",1,0.00,1.00,3,0.02,173.90,1,0,14,2,0,135.56,0,4,0,1,135.56,0.00,0.00,0.00,0,1.00,1,52.97,0,0,0,java.lang.Object,0.00,1,0,1,0,1,1,0,0,17,0
"org.apache.jackrabbit.core.fs.local.LocalFileSystemTest",4,0.33,1.25,21,0.17,4127.42,5,1,4,10,3,121.14,0,24,0,3,121.14,0.00,0.67,0.75,1,0.00,2,521.49,2,1,3,org.apache.jackrabbit.core.fs.AbstractFileSystemTest,0.90,6,2,5,0,6,3,0,0,126,1
"org.apache.jackrabbit.core.fs.local.RAFOutputStream",9,0.12,1.11,39,0.37,7311.79,15,6,3,14,2,93.38,59,50,1,3,125.60,0.00,0.67,0.28,2,17.00,2,1095.68,0,0,1,org.apache.jackrabbit.core.fs.RandomAccessOutputStream,0.30,5,2,10,0,5,9,0,17,260,0
"org.apache.jackrabbit.core.nodetype.AbstractItemDefinitionTemplate",13,0.05,1.00,35,0.22,2332.95,18,5,3,18,2,142.26,58,48,2,1,142.02,0.00,0.00,0.15,0,59.00,1,664.41,0,2,0,java.lang.Object,0.00,5,0,13,2,5,11,1,16,187,1
"org.apache.jackrabbit.core.nodetype.BitsetENTCacheImpl",13,0.08,1.77,86,0.90,26587.80,19,6,7,42,5,83.55,90,107,2,1,115.77,0.00,0.00,0.24,5,5.00,4,2708.43,0,4,3,java.lang.Object,0.00,29,0,23,0,29,9,1,27,603,1
"org.apache.jackrabbit.core.nodetype.BitsetENTCacheImpl$BitsetKey",12,0.09,3.42,124,1.60,103573.30,15,3,7,20,2,70.20,79,149,0,1,102.42,0.00,0.00,0.42,1,0.00,8,4804.37,0,3,2,java.lang.Object,0.00,8,0,41,0,8,9,1,18,958,1
"org.apache.jackrabbit.core.nodetype.BooleanConstraint",3,0.50,2.33,24,0.27,7698.32,4,1,19,11,10,110.27,1,38,1,2,110.27,0.00,0.50,0.67,0,0.00,3,803.43,0,0,10,org.apache.jackrabbit.core.nodetype.ValueConstraint,0.00,8,1,7,0,8,3,0,1,170,0
"org.apache.jackrabbit.core.nodetype.CyclicNodeTypeRegistrationTest",5,0.60,2.40,107,1.69,81577.73,10,5,11,34,12,58.92,69,123,0,4,88.30,0.00,0.75,0.68,0,0.00,3,5084.33,2,0,12,org.apache.jackrabbit.test.AbstractJCRTest,0.36,29,3,12,0,29,5,0,19,905,1
"org.apache.jackrabbit.core.nodetype.DateConstraint",3,0.62,7.00,70,0.99,73470.11,7,4,19,20,10,135.19,5,112,1,2,85.19,0.00,0.50,0.67,0,0.00,10,2964.23,0,0,10,org.apache.jackrabbit.core.nodetype.ValueConstraint,0.00,17,1,21,0,17,3,0,5,544,0
"org.apache.jackrabbit.core.nodetype.EffectiveNodeType",39,0.02,5.18,601,8.46,754521.38,45,6,15,107,24,50.70,279,794,16,1,92.99,0.00,0.00,0.18,9,326.00,27,25381.07,0,18,10,java.lang.Object,0.00,68,0,202,0,68,21,1,123,4608,1
"org.apache.jackrabbit.core.nodetype.EffectiveNodeTypeCache",8,0.00,1.00,10,0.06,224.51,8,0,2,8,6,127.37,53,11,4,3,159.60,0.00,0.67,0.00,0,8.00,1,168.83,0,1,3,,0.00,0,2,8,0,0,7,0,10,62,1
"org.apache.jackrabbit.core.nodetype.EffectiveNodeTypeCache$Key",3,0.00,1.00,4,0.02,72.40,3,0,2,3,1,117.82,22,5,0,2,160.11,0.00,0.50,0.00,0,3.00,1,54.98,0,2,1,,0.00,0,1,3,0,0,1,0,3,23,0
"org.apache.jackrabbit.core.nodetype.EffectiveNodeTypeCacheImpl",11,0.10,1.82,63,0.60,12933.92,13,2,10,32,4,72.51,91,81,1,1,120.61,0.00,0.00,0.59,4,0.00,4,1796.26,0,1,3,java.lang.Object,0.00,21,0,20,0,21,10,1,33,418,1
"org.apache.jackrabbit.core.nodetype.EffectiveNodeTypeCacheImpl$WeightedKey",11,0.05,1.82,68,0.68,24613.45,13,2,10,25,1,115.69,51,76,0,1,115.46,0.00,0.00,0.45,0,0.00,5,2032.43,0,2,1,java.lang.Object,0.00,14,0,20,0,14,9,1,19,450,2
"org.apache.jackrabbit.core.nodetype.InvalidConstraintException",2,0.00,1.00,5,0.03,221.18,2,0,1,2,12,93.68,18,8,11,3,143.68,0.00,0.67,0.00,0,2.00,1,88.69,0,0,1,org.apache.jackrabbit.BaseException,0.00,0,2,2,0,0,2,0,3,29,1
"org.apache.jackrabbit.core.nodetype.InvalidNodeTypeDefException",2,0.00,1.00,5,0.03,221.18,2,0,1,2,10,93.68,18,8,9,3,143.68,0.00,0.67,0.00,0,2.00,1,88.69,0,0,1,org.apache.jackrabbit.BaseException,0.00,0,2,2,0,0,2,0,3,29,1
"org.apache.jackrabbit.core.nodetype.ItemDef",8,2.00,1.00,11,0.05,589.41,10,2,2,8,11,124.07,54,12,9,1,156.30,0.00,0.00,0.00,0,8.00,1,151.57,0,2,2,,0.00,0,0,8,0,0,6,0,10,55,1
"org.apache.jackrabbit.core.nodetype.ItemDefImpl",16,0.03,1.38,47,0.44,12733.70,22,6,2,18,5,104.63,105,75,3,1,136.85,0.00,0.00,0.14,0,96.00,5,1325.21,0,2,2,java.lang.Object,0.00,2,0,22,2,2,14,1,25,324,2
"org.apache.jackrabbit.core.nodetype.ItemDefinitionImpl",11,0.08,1.55,45,0.38,7132.45,16,5,8,25,7,94.08,68,67,3,1,126.30,0.00,0.00,0.27,0,0.00,3,1141.08,0,3,4,java.lang.Object,0.00,14,0,17,2,14,8,1,21,281,1
"org.apache.jackrabbit.core.nodetype.NameConstraint",3,0.00,2.67,27,0.33,11325.47,4,1,19,13,10,107.01,2,48,1,2,107.01,0.00,0.50,1.00,0,0.00,3,985.87,0,1,10,org.apache.jackrabbit.core.nodetype.ValueConstraint,0.00,10,1,8,0,10,2,0,2,202,0
"org.apache.jackrabbit.core.nodetype.NodeDef",4,1.00,1.00,6,0.03,407.08,5,1,1,4,25,122.97,27,7,24,2,155.19,0.00,0.50,0.00,0,4.00,1,96.55,0,2,2,,0.00,0,1,4,0,0,2,0,5,34,1
"org.apache.jackrabbit.core.nodetype.NodeDefId",6,0.20,2.17,43,0.43,16773.45,8,2,3,20,19,64.05,50,54,18,1,112.16,0.00,0.00,0.33,0,0.00,5,1300.83,0,2,2,java.lang.Object,0.00,14,0,13,0,14,4,1,14,271,1
"org.apache.jackrabbit.core.nodetype.NodeDefImpl",17,0.05,1.35,64,0.53,11562.22,21,4,4,29,12,98.61,105,93,7,2,130.83,0.00,0.50,0.29,0,0.00,4,1596.85,7,2,5,org.apache.jackrabbit.core.nodetype.ItemDefImpl,0.30,12,1,23,0,12,15,1,35,396,1
"org.apache.jackrabbit.core.nodetype.NodeDefinitionImpl",7,0.50,2.43,54,0.61,25814.90,8,1,9,15,9,62.71,72,71,4,2,111.18,0.00,0.50,0.57,0,0.00,4,1842.10,0,4,6,org.apache.jackrabbit.core.nodetype.ItemDefinitionImpl,0.00,8,1,17,0,8,3,1,18,378,1
"org.apache.jackrabbit.core.nodetype.NodeDefinitionTemplateImpl",10,0.00,1.20,35,0.31,6978.74,14,4,5,16,5,131.00,41,46,2,2,130.77,0.00,0.50,0.25,0,30.00,3,925.13,0,4,4,org.apache.jackrabbit.core.nodetype.AbstractItemDefinitionTemplate,0.00,6,1,12,0,6,6,1,14,223,0
"org.apache.jackrabbit.core.nodetype.NodeTypeConflictException",2,0.00,1.00,5,0.03,221.18,2,0,1,2,8,93.68,18,8,7,3,143.68,0.00,0.67,0.00,0,2.00,1,88.69,0,0,1,org.apache.jackrabbit.BaseException,0.00,0,2,2,0,0,2,0,3,29,1
"org.apache.jackrabbit.core.nodetype.NodeTypeDef",22,0.08,1.86,127,1.35,52417.07,31,9,10,48,28,85.97,132,161,22,1,118.19,0.00,0.00,0.19,3,170.00,11,4064.20,0,5,6,java.lang.Object,0.00,26,0,41,0,26,17,1,32,868,1
"org.apache.jackrabbit.core.nodetype.NodeTypeDefDiff",15,0.17,2.87,160,1.79,93144.71,24,9,7,44,8,53.59,140,188,3,1,103.59,0.00,0.00,0.27,3,0.00,7,5384.37,0,4,5,java.lang.Object,0.00,29,0,43,0,29,11,0,32,1057,1
"org.apache.jackrabbit.core.nodetype.NodeTypeDefDiff$ChildItemDefDiff",7,0.28,2.57,51,0.46,14393.06,10,3,7,15,1,153.05,14,71,0,1,113.17,0.00,0.00,0.57,5,0.00,8,1383.02,0,1,1,java.lang.Object,0.00,8,0,18,0,8,6,0,11,308,1
"org.apache.jackrabbit.core.nodetype.NodeTypeDefDiff$ChildNodeDefDiff",4,0.00,2.25,22,0.23,7277.90,4,0,7,10,1,158.95,10,32,0,2,119.07,0.00,0.50,0.00,2,10.00,6,693.70,1,0,1,org.apache.jackrabbit.core.nodetype.ChildItemDefDiff,0.00,6,1,9,0,6,4,0,5,152,1
"org.apache.jackrabbit.core.nodetype.NodeTypeDefDiff$PropDefDiff",4,0.00,3.50,43,0.48,30773.69,4,0,7,13,2,103.04,17,51,0,2,102.81,0.00,0.50,0.00,2,10.00,11,1448.00,1,0,2,org.apache.jackrabbit.core.nodetype.ChildItemDefDiff,0.00,9,1,14,0,9,4,0,9,273,1
"org.apache.jackrabbit.core.nodetype.NodeTypeDefStore",9,0.12,1.11,26,0.26,4164.83,10,1,11,22,6,138.99,39,38,1,1,138.76,0.00,0.00,0.89,1,0.00,2,787.58,0,2,5,java.lang.Object,0.00,13,0,10,0,13,7,0,11,196,1
"org.apache.jackrabbit.core.nodetype.NodeTypeImpl",29,0.19,2.90,274,3.20,139362.22,35,6,21,81,22,63.88,221,341,10,1,106.17,0.00,0.00,0.35,2,0.00,15,9587.45,0,15,13,java.lang.Object,0.00,52,0,84,0,52,14,2,81,1886,1
"org.apache.jackrabbit.core.nodetype.NodeTypeManagerImpl",28,0.03,3.82,378,5.62,437567.30,38,10,48,164,48,58.55,338,495,12,1,96.11,0.00,0.00,0.13,5,200.00,34,16853.02,0,18,40,java.lang.Object,0.00,136,0,107,0,136,10,3,77,2884,1
"org.apache.jackrabbit.core.nodetype.NodeTypeRegistry",47,0.03,4.21,783,11.77,1434748.69,62,15,31,193,48,61.06,636,997,24,1,90.44,0.00,0.00,0.10,18,842.00,52,35301.75,0,3,25,java.lang.Object,0.00,146,0,198,0,146,44,2,197,5806,1
"org.apache.jackrabbit.core.nodetype.NodeTypeRegistryListener",3,0.00,1.00,4,0.02,61.53,3,0,1,3,3,118.38,22,5,2,1,160.67,0.00,0.00,0.00,0,3.00,1,56.53,0,0,1,,0.00,0,0,3,0,0,3,0,4,23,1
"org.apache.jackrabbit.core.nodetype.NodeTypeTemplateImpl",18,0.04,1.11,63,0.52,9606.87,26,8,10,33,7,152.32,61,81,1,1,131.70,0.00,0.00,0.16,0,166.00,3,1558.60,0,7,6,java.lang.Object,0.00,15,0,20,0,15,11,1,21,377,1
"org.apache.jackrabbit.core.nodetype.NumericConstraint",3,0.62,6.67,74,1.00,67633.50,7,4,19,23,10,134.80,5,115,1,2,84.80,0.00,0.50,0.67,1,0.00,9,3008.49,0,0,10,org.apache.jackrabbit.core.nodetype.ValueConstraint,0.00,20,1,20,0,20,3,0,5,545,0
"org.apache.jackrabbit.core.nodetype.PathConstraint",3,0.75,5.00,48,0.61,28950.41,5,2,19,19,10,134.22,6,81,1,2,94.34,0.00,0.50,1.00,0,0.00,7,1817.14,0,1,10,org.apache.jackrabbit.core.nodetype.ValueConstraint,0.00,16,1,15,0,16,2,0,6,342,0
"org.apache.jackrabbit.core.nodetype.PropDef",5,1.00,1.00,7,0.04,424.50,6,1,1,5,30,123.59,32,8,28,2,155.81,0.00,0.50,0.00,0,5.00,1,108.16,0,3,3,,0.00,0,1,5,0,0,2,0,6,39,1
"org.apache.jackrabbit.core.nodetype.PropDefId",6,0.20,2.00,35,0.35,11217.10,8,2,1,20,16,70.90,51,47,16,1,119.00,0.00,0.00,0.33,0,0.00,4,1062.85,0,2,1,java.lang.Object,0.00,14,0,12,0,14,4,1,12,236,1
"org.apache.jackrabbit.core.nodetype.PropDefImpl",19,0.00,1.26,66,0.53,10952.91,24,5,4,21,12,99.19,117,95,6,2,131.41,0.00,0.50,0.20,0,55.00,3,1597.33,7,1,6,org.apache.jackrabbit.core.nodetype.ItemDefImpl,0.29,2,1,24,0,2,18,1,39,399,1
"org.apache.jackrabbit.core.nodetype.PropertyDefinitionImpl",6,1.00,2.00,36,0.41,17820.40,7,1,7,14,10,96.59,35,47,5,2,114.47,0.00,0.50,0.17,0,0.00,5,1229.73,1,2,6,org.apache.jackrabbit.core.nodetype.ItemDefinitionImpl,0.00,8,1,12,0,8,4,1,10,260,1
"org.apache.jackrabbit.core.nodetype.PropertyDefinitionTemplateImpl",10,0.03,1.00,29,0.20,2191.00,14,4,4,14,4,161.95,37,41,2,2,141.34,0.00,0.50,0.22,0,34.00,1,596.08,0,2,2,org.apache.jackrabbit.core.nodetype.AbstractItemDefinitionTemplate,0.00,4,1,10,0,4,8,1,13,163,0
"org.apache.jackrabbit.core.nodetype.ReferenceConstraint",4,0.33,2.00,27,0.29,8971.16,5,1,19,13,12,155.31,11,45,3,2,115.43,0.00,0.50,0.75,0,0.00,3,868.79,0,2,10,org.apache.jackrabbit.core.nodetype.ValueConstraint,0.00,9,1,8,0,9,2,0,4,186,0
"org.apache.jackrabbit.core.nodetype.StringConstraint",3,0.50,2.33,24,0.30,8993.93,4,1,19,13,10,109.74,1,40,1,2,109.74,0.00,0.50,0.67,0,0.00,3,890.28,0,0,10,org.apache.jackrabbit.core.nodetype.ValueConstraint,0.00,10,1,7,0,10,3,0,1,186,0
"org.apache.jackrabbit.core.nodetype.ValueConstraint",7,0.17,1.43,33,0.42,14532.23,10,3,19,19,31,142.95,23,56,22,1,122.34,0.00,0.00,0.19,0,3.00,3,1272.17,0,3,16,java.lang.Object,0.00,12,0,10,7,12,4,0,4,267,2
"org.apache.jackrabbit.test.api.lock.LockTest",24,0.00,2.83,309,4.03,110488.97,24,0,9,73,3,53.55,211,432,1,4,101.66,0.00,0.75,0.00,1,0.00,6,12099.78,1,1,2,org.apache.jackrabbit.test.AbstractJCRTest,0.00,49,3,68,0,49,23,0,143,2312,1
"org.apache.jackrabbit.test.api.lock.SetValueLockExceptionTest",5,0.40,5.20,124,1.86,89682.28,26,21,13,29,3,37.53,41,161,1,4,85.64,0.00,0.75,0.37,1,0.00,15,5588.34,4,1,2,org.apache.jackrabbit.test.AbstractJCRTest,0.36,24,3,26,0,24,4,0,15,928,1
"org.apache.jackrabbit.test.api.lock.TestAll",1,0.00,1.00,6,0.05,1283.53,1,0,3,3,4,73.37,11,8,2,2,117.50,0.00,0.50,0.00,0,1.00,1,150.40,0,1,2,junit.framework.TestCase,0.00,2,1,1,0,2,0,0,2,39,1
"org.apache.jackrabbit.rmi.value.BaseNonStreamValue",7,0.00,1.00,14,0.13,1516.96,7,0,4,11,9,91.38,66,23,8,1,141.38,0.00,0.00,0.00,1,7.00,1,383.16,0,3,1,java.lang.Object,0.00,4,0,7,8,4,4,1,8,105,2
"org.apache.jackrabbit.rmi.value.BinaryValue",12,0.41,1.42,48,0.48,14075.47,14,2,14,25,2,74.29,118,65,1,1,124.29,0.00,0.00,0.12,1,30.00,3,1454.09,0,4,1,java.lang.Object,0.00,13,0,17,0,13,8,2,19,329,1
"org.apache.jackrabbit.rmi.value.BinaryValue$FileInputStream",2,0.00,1.50,11,0.08,1054.87,3,1,14,3,0,123.40,0,16,0,1,123.40,0.00,0.00,1.00,0,0.00,2,229.83,2,0,0,java.lang.Object,0.00,1,0,3,0,1,2,0,0,59,0
"org.apache.jackrabbit.rmi.value.BooleanValue",6,0.40,1.00,15,0.12,1338.76,8,2,2,9,4,123.40,34,23,2,2,141.28,0.00,0.50,0.17,1,10.00,1,347.12,0,1,2,org.apache.jackrabbit.rmi.value.BaseNonStreamValue,0.15,3,1,6,0,3,5,2,9,96,1
"org.apache.jackrabbit.rmi.value.DateValue",7,0.25,1.00,17,0.13,1497.52,9,2,7,11,4,109.20,47,26,1,2,141.42,0.00,0.50,0.29,0,3.00,1,392.02,0,2,3,org.apache.jackrabbit.rmi.value.BaseNonStreamValue,0.43,4,1,7,0,4,5,2,10,109,1
"org.apache.jackrabbit.rmi.value.DoubleValue",8,0.29,1.12,23,0.19,2986.45,10,2,4,14,4,121.62,45,35,2,2,139.49,0.00,0.50,0.25,1,8.00,2,570.14,0,2,2,org.apache.jackrabbit.rmi.value.BaseNonStreamValue,0.40,6,1,9,0,6,6,2,11,149,1
"org.apache.jackrabbit.rmi.value.ISO8601",2,0.33,11.00,114,1.88,230715.49,5,3,7,25,2,41.34,80,137,2,1,65.09,0.00,0.00,0.50,0,2.00,17,5649.13,0,2,0,java.lang.Object,0.00,23,0,22,0,23,0,0,46,909,1
"org.apache.jackrabbit.rmi.value.InitialValue",9,0.17,1.89,68,0.73,19079.86,12,3,8,29,4,75.57,116,85,1,1,113.14,0.00,0.00,0.48,2,0.00,3,2183.60,0,4,4,java.lang.Object,0.00,20,0,17,0,20,5,2,18,460,1
"org.apache.jackrabbit.rmi.value.LongValue",8,0.29,1.12,23,0.19,2999.64,10,2,4,14,4,121.60,45,35,2,2,139.47,0.00,0.50,0.25,1,8.00,2,562.27,0,2,2,org.apache.jackrabbit.rmi.value.BaseNonStreamValue,0.40,6,1,9,0,6,6,2,11,147,1
"org.apache.jackrabbit.rmi.value.NameValue",4,0.50,1.00,11,0.09,1320.49,6,2,4,4,3,97.65,29,17,1,2,139.94,0.00,0.50,0.12,0,6.00,1,283.50,0,2,2,org.apache.jackrabbit.rmi.value.BaseNonStreamValue,0.00,0,1,4,0,0,2,2,8,75,1
"org.apache.jackrabbit.rmi.value.PathValue",4,0.50,1.00,11,0.09,1235.98,6,2,4,4,3,97.87,29,17,1,2,140.16,0.00,0.50,0.12,0,6.00,1,277.40,0,2,2,org.apache.jackrabbit.rmi.value.BaseNonStreamValue,0.00,0,1,4,0,0,2,2,8,74,1
"org.apache.jackrabbit.rmi.value.ReferenceValue",4,0.50,1.00,11,0.09,1320.49,6,2,4,4,3,97.65,30,17,1,2,139.94,0.00,0.50,0.12,0,6.00,1,283.50,0,2,2,org.apache.jackrabbit.rmi.value.BaseNonStreamValue,0.00,0,1,4,0,0,2,2,8,75,1
"org.apache.jackrabbit.rmi.value.SerialValue",9,0.08,1.00,23,0.19,2417.31,12,3,6,17,3,103.08,109,39,2,1,140.64,0.00,0.00,0.26,0,0.00,1,584.64,0,3,2,java.lang.Object,0.00,8,0,9,0,8,6,2,13,158,1
"org.apache.jackrabbit.rmi.value.SerialValueFactory",26,1.00,1.46,85,0.83,26747.96,27,1,8,40,22,81.29,213,126,11,1,129.39,0.00,0.00,0.04,7,50.00,10,2481.41,0,22,12,java.lang.Object,0.00,14,0,38,0,14,4,1,31,589,1
"org.apache.jackrabbit.rmi.value.StatefulValue",0,0.00,0.00,1,0.01,39.30,0,0,2,0,14,171.00,16,2,14,3,171.00,0.00,0.67,0.00,0,0.00,0,19.65,0,0,0,,0.00,0,2,0,0,0,0,0,1,7,1
"org.apache.jackrabbit.rmi.value.StatefulValueAdapter",10,0.06,2.20,53,0.64,27871.20,12,2,10,32,2,85.39,62,82,1,1,117.62,0.00,0.00,0.45,7,0.00,12,1933.57,0,3,2,java.lang.Object,0.00,22,0,22,0,22,7,2,17,384,1
"org.apache.jackrabbit.rmi.value.StringValue",7,0.17,1.00,17,0.13,1601.81,9,2,4,11,8,108.97,43,26,2,2,141.19,0.00,0.50,0.36,0,0.00,1,402.06,0,2,6,org.apache.jackrabbit.rmi.value.BaseNonStreamValue,0.57,4,1,7,0,4,5,2,10,109,1
"org.apache.jackrabbit.jcr.AbstractSAXEventGenerator",13,0.05,2.15,113,1.49,57471.10,27,14,20,41,10,70.87,164,150,2,1,108.43,0.00,0.00,0.12,7,39.00,8,4463.51,0,0,8,java.lang.Object,0.00,28,0,28,2,28,13,0,55,848,1
"org.apache.jackrabbit.jcr.AbstractSAXEventGenerator$NamespaceStack",3,0.00,1.67,16,0.13,3146.15,5,2,20,7,0,72.92,25,21,0,1,121.02,0.00,0.00,0.50,0,1.00,3,377.35,0,1,0,java.lang.Object,0.00,4,0,5,0,4,2,0,7,99,2
"org.apache.jackrabbit.jcr.DocViewImportHandler",8,0.04,3.62,103,1.55,87251.45,12,4,17,40,9,61.09,96,145,1,3,98.65,0.00,0.67,0.22,2,14.00,10,4644.86,0,1,8,org.apache.jackrabbit.jcr2spi.xml.TargetImportHandler,0.00,32,2,29,0,32,7,0,39,818,0
"org.apache.jackrabbit.jcr.DocViewSAXEventGenerator",8,0.10,2.25,64,0.96,36633.76,11,3,16,39,6,60.19,68,98,1,2,108.30,0.00,0.50,0.25,1,16.00,8,2894.77,1,1,5,org.apache.jackrabbit.jcr2spi.xml.AbstractSAXEventGenerator,0.00,31,1,18,0,31,7,0,39,528,1
"org.apache.jackrabbit.jcr.ImportHandler",12,0.14,1.75,83,0.97,23503.86,23,11,21,41,14,67.82,102,116,1,2,115.92,0.00,0.50,0.22,0,26.00,5,2902.68,0,1,13,org.xml.sax.helpers.DefaultHandler,0.00,29,1,21,0,29,11,0,43,604,1
"org.apache.jackrabbit.jcr.ImportHandler$NamespaceContext",7,0.25,1.86,32,0.28,7589.69,9,2,21,17,2,164.38,16,45,0,2,124.50,0.00,0.50,0.71,0,0.00,4,841.34,0,2,2,org.apache.jackrabbit.namespace.AbstractNamespaceResolver,0.00,10,1,13,0,10,5,0,5,201,0
"org.apache.jackrabbit.jcr.Importer",4,0.00,1.00,8,0.05,273.86,4,0,6,4,8,113.10,25,10,6,1,145.32,0.00,0.00,0.00,0,4.00,1,148.76,0,0,2,,0.00,0,0,4,0,0,4,0,7,48,1
"org.apache.jackrabbit.jcr.Importer$NodeInfo",6,0.10,1.00,20,0.13,2262.30,10,4,6,6,1,132.91,0,27,0,1,132.91,0.00,0.00,0.17,0,22.00,1,396.66,0,4,1,java.lang.Object,0.00,0,0,6,0,0,2,0,0,111,1
"org.apache.jackrabbit.jcr.Importer$PropInfo",4,0.11,1.00,14,0.09,1305.18,7,3,6,4,1,133.41,0,19,0,1,133.41,0.00,0.00,0.25,0,10.00,1,277.40,0,1,1,java.lang.Object,0.00,0,0,4,0,0,3,0,0,77,1
"org.apache.jackrabbit.jcr.Importer$TextValue",3,0.00,1.00,4,0.02,76.13,3,0,6,3,0,127.72,18,5,0,1,159.94,0.00,0.00,0.00,0,3.00,1,52.87,0,2,0,,0.00,0,0,3,0,0,1,0,3,22,0
"org.apache.jackrabbit.jcr.SessionImportTest",5,0.00,1.40,62,1.13,61926.32,5,0,14,34,4,138.32,13,70,1,4,98.44,0.00,0.75,0.00,2,8.00,2,3375.02,2,2,3,org.apache.jackrabbit.test.AbstractJCRTest,0.36,29,3,7,0,29,3,0,6,557,1
"org.apache.jackrabbit.jcr.SessionImporter",16,0.10,4.31,262,4.29,240209.91,25,9,58,131,36,48.73,182,352,1,1,92.86,0.00,0.00,0.20,6,78.00,13,12864.61,0,4,36,java.lang.Object,0.00,115,0,69,0,115,12,2,97,2120,1
"org.apache.jackrabbit.jcr.SysViewImportHandler",6,0.24,7.67,125,2.13,144005.37,11,5,14,41,8,39.03,63,182,1,3,87.51,0.00,0.67,0.40,1,0.00,17,6381.51,1,0,7,org.apache.jackrabbit.jcr2spi.xml.TargetImportHandler,0.00,35,2,46,0,35,6,0,41,1065,0
"org.apache.jackrabbit.jcr.SysViewImportHandler$ImportState",0,0.00,0.00,7,0.05,531.67,6,6,14,1,0,171.00,18,8,0,1,171.00,0.00,0.00,0.00,0,0.00,0,141.78,0,0,0,java.lang.Object,0.00,1,0,0,0,1,0,0,6,34,0
"org.apache.jackrabbit.jcr.SysViewSAXEventGenerator",7,0.17,2.71,97,1.58,88913.75,25,18,13,30,5,48.80,56,139,2,2,96.90,0.00,0.50,0.20,0,3.00,12,4748.41,1,0,3,org.apache.jackrabbit.jcr2spi.xml.AbstractSAXEventGenerator,0.00,23,1,19,0,23,7,0,29,806,1
"org.apache.jackrabbit.jcr.SysViewSAXEventGenerator$Writer",3,0.00,1.33,7,0.07,1447.36,3,0,13,6,0,138.57,2,12,0,1,138.57,0.00,0.00,0.00,0,3.00,2,205.45,0,0,0,java.lang.Object,0.00,3,0,4,0,3,3,0,2,52,0
"org.apache.jackrabbit.jcr.TargetImportHandler",4,0.11,2.25,28,0.29,8169.59,7,3,15,11,5,75.66,48,38,2,2,113.22,2.00,0.25,0.25,0,6.00,4,881.42,0,0,3,org.xml.sax.helpers.DefaultHandler,0.00,7,1,9,2,7,4,0,10,192,1
"org.apache.jackrabbit.jcr.TargetImportHandler$AppendableValue",3,0.00,1.00,4,0.03,218.89,3,0,15,3,0,114.04,21,6,0,2,156.33,0.00,0.50,0.00,0,3.00,1,104.62,0,0,0,,0.00,0,1,3,0,0,3,0,3,34,1
"org.apache.jackrabbit.jcr.TargetImportHandler$BufferedStringValue",7,0.61,3.29,85,0.90,41599.25,13,6,15,25,1,58.46,51,106,0,1,100.75,0.00,0.00,0.69,0,0.00,5,2691.00,0,2,1,java.lang.Object,0.00,18,0,23,0,18,5,1,23,533,1
"org.apache.jackrabbit.jcr.TargetImportHandler$BufferedStringValue$OutputStreamWriter",1,0.00,1.00,4,0.03,271.16,1,0,15,3,0,169.27,2,5,0,1,129.38,0.00,0.00,0.00,0,1.00,1,85.62,1,0,0,java.lang.Object,0.00,2,0,1,0,2,1,0,2,25,0
"org.apache.jackrabbit.jcr.TargetImportHandler$StringValue",4,0.33,1.00,10,0.06,695.71,5,1,15,6,0,142.36,16,15,0,1,142.13,0.00,0.00,0.75,0,0.00,1,187.08,0,2,0,java.lang.Object,0.00,2,0,4,0,2,2,1,5,56,1
"org.apache.jackrabbit.jcr.TestAll",1,0.00,1.00,5,0.04,864.35,1,0,3,3,1,142.42,3,7,0,2,121.80,0.00,0.50,0.00,0,1.00,1,115.51,0,1,1,junit.framework.TestCase,0.00,2,1,1,0,2,0,0,1,31,1
"org.apache.jackrabbit.jcr.WorkspaceContentHandler",12,0.06,1.67,54,0.71,20596.02,18,6,27,38,3,172.95,12,78,1,2,122.95,0.00,0.50,0.22,0,0.00,7,2124.25,0,0,2,org.xml.sax.helpers.DefaultHandler,0.00,26,1,20,0,26,12,0,3,455,1
"org.apache.jackrabbit.jcr.WorkspaceContentHandler$NamespaceFixingContentHandler",14,0.24,2.29,110,1.41,74332.38,20,6,27,59,1,67.66,107,137,0,1,109.95,0.00,0.00,0.39,1,0.00,13,4243.52,0,0,1,java.lang.Object,0.00,45,0,32,0,45,14,1,52,827,2
"org.apache.jackrabbit.webdav.security.report.AbstractSecurityReport",3,1.00,2.67,20,0.26,9087.70,4,1,10,11,11,72.04,22,26,3,1,114.33,0.00,0.00,0.33,0,4.00,4,783.57,0,1,8,java.lang.Object,0.00,8,0,8,3,8,2,1,4,163,2
"org.apache.jackrabbit.webdav.security.report.AclPrincipalReport",2,0.50,2.50,22,0.45,17623.88,4,2,15,25,12,80.73,29,28,0,2,100.88,0.00,0.50,0.25,0,2.00,4,1347.77,1,1,12,org.apache.jackrabbit.webdav.security.report.AbstractSecurityReport,0.00,23,1,5,0,23,1,0,7,234,1
"org.apache.jackrabbit.webdav.security.report.PrincipalMatchReport",4,0.07,1.50,21,0.26,6077.65,9,5,11,10,11,82.22,49,27,0,2,119.78,0.00,0.50,0.25,0,6.00,3,783.64,1,2,11,org.apache.jackrabbit.webdav.security.report.AbstractSecurityReport,0.00,6,1,6,0,6,2,0,8,167,1
"org.apache.jackrabbit.webdav.security.report.PrincipalSearchReport",5,0.06,1.60,33,0.49,16025.98,13,8,17,19,13,84.88,69,42,0,2,114.26,0.00,0.50,0.18,0,9.00,4,1474.70,1,2,13,org.apache.jackrabbit.webdav.security.report.AbstractSecurityReport,0.00,14,1,8,0,14,3,0,12,282,1
"org.apache.jackrabbit.webdav.security.report.PrincipalSearchReport$SearchArgument",3,0.25,1.00,10,0.09,1016.28,5,2,17,6,4,173.17,7,14,0,1,133.28,0.00,0.00,0.67,0,0.00,1,257.08,0,2,4,java.lang.Object,0.00,3,0,3,0,3,1,0,2,67,1
"org.apache.jackrabbit.webdav.security.report.SearchablePropertyReport",5,0.06,1.80,26,0.39,10244.97,9,4,18,19,13,81.15,61,37,0,1,118.71,0.00,0.00,0.20,0,10.00,4,1165.88,0,2,13,java.lang.Object,0.00,14,0,9,0,14,3,1,13,246,1
"org.apache.jackrabbit.webdav.security.report.SearchablePropertyReport$PrincipalSearchProperty",4,0.24,2.25,34,0.36,8728.00,11,7,18,13,6,160.83,6,46,0,1,110.83,0.00,0.00,0.32,0,0.00,3,1081.03,0,1,6,java.lang.Object,0.00,9,0,9,0,9,3,1,4,234,1
"org.apache.jackrabbit.extractor.AbstractTextExtractor",2,1.00,1.00,7,0.07,1406.72,3,1,0,3,10,98.56,12,10,9,1,130.78,0.00,0.00,0.50,0,2.00,1,208.34,0,1,1,java.lang.Object,0.00,1,0,2,9,1,1,1,4,55,2
"org.apache.jackrabbit.extractor.CompositeTextExtractor",3,0.00,1.67,19,0.21,5004.25,4,1,7,13,4,68.00,32,23,3,1,116.48,0.00,0.00,1.00,0,0.00,2,620.58,0,2,1,java.lang.Object,0.00,10,0,5,1,10,1,1,6,139,1
"org.apache.jackrabbit.extractor.CompositeTextExtractorTest",5,0.00,1.00,25,0.32,4843.09,6,1,7,21,4,103.54,28,43,0,2,121.41,0.00,0.50,1.00,0,0.00,1,973.89,1,0,4,junit.framework.TestCase,0.00,16,1,5,0,16,5,0,7,215,1
"org.apache.jackrabbit.extractor.DefaultTextExtractor",1,0.00,1.00,4,0.02,189.52,1,0,0,3,4,82.50,8,6,1,2,130.61,0.00,0.50,0.00,0,1.00,1,66.23,1,0,3,org.apache.jackrabbit.extractor.CompositeTextExtractor,0.00,2,1,1,0,2,1,0,2,22,1
"org.apache.jackrabbit.extractor.DelegatingTextExtractor",1,0.00,1.00,2,0.01,51.70,1,0,0,1,2,172.56,19,3,1,2,146.28,0.00,0.50,0.00,0,1.00,1,33.60,0,0,1,,0.00,0,1,1,0,0,1,0,2,13,1
"org.apache.jackrabbit.extractor.EmptyTextExtractor",4,1.00,1.00,11,0.09,1199.34,5,1,4,6,3,92.16,34,17,2,1,140.27,0.00,0.00,0.25,0,6.00,1,268.56,0,2,1,java.lang.Object,0.00,2,0,4,0,2,2,1,7,73,1
"org.apache.jackrabbit.extractor.EmptyTextExtractorTest",3,0.00,1.00,14,0.16,2058.20,4,1,7,16,3,108.33,17,23,0,2,126.21,0.00,0.50,1.00,0,0.00,1,489.07,1,0,3,junit.framework.TestCase,0.00,13,1,3,0,13,3,0,5,111,1
"org.apache.jackrabbit.extractor.ExtractorHandler",6,0.20,1.83,32,0.32,11102.03,9,3,7,13,1,74.93,67,42,1,2,119.06,0.00,0.50,0.17,1,10.00,5,968.65,0,0,0,org.xml.sax.helpers.DefaultHandler,0.00,7,1,11,0,7,6,1,12,209,0
"org.apache.jackrabbit.extractor.ExtractorHelper",2,0.00,1.50,14,0.14,6855.48,2,0,3,9,4,79.32,13,22,4,1,111.55,0.00,0.00,0.00,0,2.00,2,432.52,0,1,0,java.lang.Object,0.00,7,0,3,0,7,1,0,3,92,0
"org.apache.jackrabbit.extractor.HTMLParser",5,0.50,2.00,38,0.35,14612.76,6,1,7,13,1,162.02,8,50,1,2,112.02,0.00,0.50,0.60,1,2.00,6,1063.82,2,2,0,org.apache.xerces.parsers.AbstractSAXParser,0.00,8,1,10,0,8,3,0,2,225,1
"org.apache.jackrabbit.extractor.HTMLTextExtractor",2,0.00,2.00,15,0.21,5472.83,2,0,12,13,2,94.38,10,24,0,2,112.25,0.00,0.50,0.00,0,2.00,3,621.57,0,1,2,org.apache.jackrabbit.extractor.AbstractTextExtractor,0.00,11,1,4,0,11,1,0,4,123,1
"org.apache.jackrabbit.extractor.MsExcelTextExtractor",2,0.00,5.00,32,0.46,27201.86,2,0,11,19,1,60.94,13,45,0,2,93.16,0.00,0.50,0.00,0,2.00,9,1375.65,0,1,1,org.apache.jackrabbit.extractor.AbstractTextExtractor,0.00,17,1,10,0,17,1,0,5,238,1
"org.apache.jackrabbit.extractor.MsPowerPointTextExtractor",2,0.00,1.00,15,0.15,3207.45,2,0,12,11,1,66.13,17,25,0,2,114.24,0.00,0.50,0.00,0,2.00,1,448.72,0,1,1,org.apache.jackrabbit.extractor.AbstractTextExtractor,0.00,9,1,2,0,9,1,0,7,102,1
"org.apache.jackrabbit.extractor.MsPowerPointTextExtractor$MsPowerPointListener",2,1.00,3.00,20,0.28,14469.93,3,1,12,10,0,103.05,0,25,0,1,103.05,0.00,0.00,0.50,0,2.00,5,854.46,0,0,0,java.lang.Object,0.00,8,0,6,0,8,2,1,0,159,1
"org.apache.jackrabbit.extractor.MsWordTextExtractor",2,0.00,1.50,12,0.12,2725.73,2,0,5,6,1,69.09,16,21,0,2,117.20,0.00,0.50,0.00,0,2.00,2,351.89,0,1,1,org.apache.jackrabbit.extractor.AbstractTextExtractor,0.00,4,1,3,0,4,1,0,6,83,1
"org.apache.jackrabbit.extractor.OpenOfficeTextExtractor",2,0.00,2.50,25,0.35,11653.54,2,0,14,17,1,83.01,11,43,0,2,100.88,0.00,0.50,0.00,0,2.00,4,1051.06,0,1,1,org.apache.jackrabbit.extractor.AbstractTextExtractor,0.00,15,1,5,0,15,1,0,5,192,1
"org.apache.jackrabbit.extractor.OpenOfficeTextExtractor$OpenOfficeContentHandler",5,0.25,1.40,16,0.17,2365.97,7,2,14,10,0,132.06,3,30,0,2,132.06,0.00,0.50,0.70,0,0.00,2,509.50,0,1,0,org.xml.sax.helpers.DefaultHandler,0.00,5,1,7,0,5,4,0,1,127,1
"org.apache.jackrabbit.extractor.PdfTextExtractor",2,0.00,2.50,22,0.25,8163.26,2,0,10,15,1,55.40,16,36,0,2,103.51,0.00,0.50,0.00,0,2.00,4,757.87,0,1,1,org.apache.jackrabbit.extractor.AbstractTextExtractor,0.00,13,1,5,0,13,1,0,8,150,1
"org.apache.jackrabbit.extractor.PlainTextExtractor",2,0.00,2.00,11,0.10,2533.78,2,0,6,5,5,71.86,20,18,4,2,120.33,0.00,0.50,0.00,0,2.00,3,305.36,0,1,1,org.apache.jackrabbit.extractor.AbstractTextExtractor,0.00,3,1,4,0,3,1,0,4,70,1
"org.apache.jackrabbit.extractor.PlainTextExtractorTest",5,0.00,1.20,23,0.29,4144.33,6,1,8,19,3,107.64,27,39,0,2,125.52,0.00,0.50,1.00,0,0.00,2,879.47,1,0,3,junit.framework.TestCase,0.00,14,1,6,0,14,5,0,7,192,1
"org.apache.jackrabbit.extractor.RTFTextExtractor",2,0.00,1.50,12,0.15,4366.82,2,0,7,11,1,97.71,10,20,0,2,115.59,0.00,0.50,0.00,0,2.00,2,455.44,0,1,1,org.apache.jackrabbit.extractor.AbstractTextExtractor,0.00,9,1,3,0,9,1,0,4,96,1
"org.apache.jackrabbit.extractor.TextExtractor",2,0.00,1.00,3,0.02,102.47,2,0,3,2,14,190.92,41,5,14,1,157.54,0.00,0.00,0.00,0,2.00,1,63.12,0,2,0,,0.00,0,0,2,0,0,0,0,3,22,1
"org.apache.jackrabbit.extractor.XMLTextExtractor",2,0.00,2.50,20,0.26,8376.81,2,0,13,17,5,94.61,31,29,3,2,104.96,0.00,0.50,0.00,0,2.00,4,788.54,0,1,2,org.apache.jackrabbit.extractor.AbstractTextExtractor,0.00,15,1,5,0,15,1,0,9,148,1
"org.apache.jackrabbit.extractor.XMLTextExtractor$FilterInputStream",1,0.00,1.00,2,0.01,34.83,1,0,13,1,0,147.63,0,3,0,1,147.63,0.00,0.00,0.00,0,1.00,1,23.22,0,0,0,java.lang.Object,0.00,0,0,1,0,0,1,0,0,10,0
"org.apache.jackrabbit.extractor.XMLTextExtractorTest",6,0.00,1.67,33,0.41,6091.01,7,1,8,20,3,121.37,27,58,0,2,121.13,0.00,0.50,1.00,0,0.00,3,1243.04,1,0,3,junit.framework.TestCase,0.00,14,1,10,0,14,6,0,8,264,1
"org.apache.jackrabbit.spi.Batch",9,0.00,1.00,10,0.17,1136.16,9,0,9,9,16,203.73,218,11,11,1,154.45,0.00,0.00,0.00,0,9.00,1,499.66,0,0,5,,0.00,0,0,9,0,0,9,0,10,132,1
"org.apache.jackrabbit.spi.ChildInfo",3,0.00,1.00,4,0.01,64.24,3,0,0,3,3,112.42,24,5,2,1,160.52,0.00,0.00,0.00,0,3.00,1,42.83,0,2,1,,0.00,0,0,3,0,0,1,0,4,19,1
"org.apache.jackrabbit.spi.Event",7,6.00,1.00,14,0.20,9980.07,13,6,0,7,13,86.83,61,16,9,1,134.93,0.00,0.00,0.00,0,7.00,1,586.51,0,3,4,,0.00,0,0,7,0,0,4,0,14,152,1
"org.apache.jackrabbit.spi.EventBundle",2,0.00,1.00,3,0.01,46.83,2,0,1,2,9,111.74,20,4,9,1,160.22,0.00,0.00,0.00,0,2.00,1,31.22,0,1,0,,0.00,0,0,2,0,0,1,0,3,14,1
"org.apache.jackrabbit.spi.EventFilter",1,0.00,1.00,2,0.01,79.62,1,0,1,1,9,178.18,20,3,8,2,144.80,0.00,0.50,0.00,0,1.00,1,42.51,0,0,1,,0.00,0,1,1,0,0,1,0,2,15,1
"org.apache.jackrabbit.spi.IdFactory",4,0.00,1.00,5,0.04,175.67,4,0,0,4,18,113.94,44,6,14,1,158.06,0.00,0.00,0.00,0,4.00,1,111.71,0,1,4,,0.00,0,0,4,0,0,3,0,5,38,1
"org.apache.jackrabbit.spi.ItemId",3,0.00,1.00,4,0.01,64.24,3,0,0,3,22,131.14,41,5,21,1,160.52,0.00,0.00,0.00,0,3.00,1,42.83,0,1,1,,0.00,0,0,3,0,0,2,0,4,19,1
"org.apache.jackrabbit.spi.ItemInfo",4,0.00,1.00,5,0.02,81.66,4,0,0,4,4,128.46,27,6,1,1,160.68,0.00,0.00,0.00,0,4.00,1,54.44,0,1,3,,0.00,0,0,4,0,0,3,0,5,24,1
"org.apache.jackrabbit.spi.LockInfo",5,0.00,1.00,6,0.02,99.07,5,0,0,5,12,118.50,37,7,11,1,160.79,0.00,0.00,0.00,0,5.00,1,66.05,0,2,1,,0.00,0,0,5,0,0,3,0,6,29,1
"org.apache.jackrabbit.spi.Name",2,17.00,1.00,20,0.31,6824.97,19,17,1,2,209,115.01,34,21,209,4,105.88,0.00,0.75,0.00,0,2.00,1,944.74,0,2,0,,0.00,0,3,2,0,0,0,0,11,175,1
"org.apache.jackrabbit.spi.NameFactory",2,0.00,1.00,3,0.02,154.32,2,0,0,2,13,118.57,25,4,12,1,156.14,0.00,0.00,0.00,0,2.00,1,73.07,0,0,1,,0.00,0,0,2,0,0,2,0,3,24,1
"org.apache.jackrabbit.spi.NodeId",0,0.00,0.00,1,0.01,31.02,0,0,0,0,70,171.00,4,2,70,2,171.00,0.00,0.50,0.00,0,0.00,0,15.51,0,0,0,,0.00,0,1,0,0,0,0,0,1,6,1
"org.apache.jackrabbit.spi.NodeInfo",6,0.00,1.00,7,0.03,162.72,6,0,1,6,8,127.49,41,8,5,2,159.71,0.00,0.50,0.00,0,6.00,1,92.97,0,2,3,,0.00,0,1,6,0,0,4,0,7,38,1
"org.apache.jackrabbit.spi.Path",17,4.00,1.00,23,0.18,1734.47,21,4,3,17,129,125.80,234,24,129,2,155.18,0.00,0.50,0.00,0,17.00,1,534.92,0,6,0,,0.00,0,1,17,0,0,11,0,24,164,1
"org.apache.jackrabbit.spi.Path$Element",8,0.00,1.00,9,0.04,170.34,8,0,3,8,0,128.32,52,10,0,2,160.54,0.00,0.50,0.00,0,8.00,1,108.39,0,2,0,,0.00,0,1,8,0,0,6,0,8,46,1
"org.apache.jackrabbit.spi.PathFactory",13,0.00,1.00,14,0.15,1069.11,13,0,1,13,20,107.44,133,15,18,1,155.92,0.00,0.00,0.00,0,13.00,1,460.65,0,13,2,,0.00,0,0,13,0,0,0,0,14,138,1
"org.apache.jackrabbit.spi.PropertyId",2,0.00,1.00,3,0.01,65.85,2,0,0,2,28,126.83,13,4,26,2,159.05,0.00,0.50,0.00,0,2.00,1,38.73,0,0,2,,0.00,0,1,2,0,0,2,0,3,16,1
"org.apache.jackrabbit.spi.PropertyInfo",4,0.00,1.00,5,0.02,114.28,4,0,0,4,7,127.31,25,6,5,2,159.53,0.00,0.50,0.00,0,4.00,1,65.85,0,0,2,,0.00,0,1,4,0,0,4,0,5,27,1
"org.apache.jackrabbit.spi.QItemDefinition",8,1.00,1.00,10,0.05,596.40,9,1,1,8,6,124.03,53,11,5,1,156.25,0.00,0.00,0.00,0,8.00,1,153.82,0,0,1,,0.00,0,0,8,0,0,8,0,10,57,1
"org.apache.jackrabbit.spi.QNodeDefinition",3,1.00,1.00,5,0.04,608.40,4,1,1,3,27,104.73,25,6,26,2,152.83,0.00,0.50,0.00,0,3.00,1,111.07,0,0,1,,0.00,0,1,3,0,0,3,0,5,35,1
"org.apache.jackrabbit.spi.QNodeTypeDefinition",8,0.00,1.00,9,0.04,192.13,8,0,2,8,15,112.02,65,10,12,1,160.13,0.00,0.00,0.00,0,8.00,1,112.58,0,1,3,,0.00,0,0,8,0,0,7,0,9,47,1
"org.apache.jackrabbit.spi.QPropertyDefinition",4,1.00,1.00,6,0.04,639.42,5,1,1,4,32,105.54,32,7,31,2,153.65,0.00,0.50,0.00,0,4.00,1,126.58,0,1,1,,0.00,0,1,4,0,0,3,0,6,41,1
"org.apache.jackrabbit.spi.QValue",10,1.00,1.00,12,0.08,806.34,11,1,5,10,48,107.88,81,13,46,1,155.99,0.00,0.00,0.00,0,10.00,1,241.38,0,3,2,,0.00,0,0,10,0,0,7,0,11,83,1
"org.apache.jackrabbit.spi.QValueFactory",10,0.00,1.00,11,0.11,682.31,10,0,6,10,20,108.45,82,12,16,1,156.56,0.00,0.00,0.00,0,10.00,1,326.54,0,10,4,,0.00,0,0,10,0,0,0,0,11,101,1
"org.apache.jackrabbit.spi.QueryInfo",2,0.00,1.00,3,0.01,60.43,2,0,2,2,8,110.87,20,4,7,1,159.34,0.00,0.00,0.00,0,2.00,1,35.12,0,1,1,,0.00,0,0,2,0,0,1,0,3,15,1
"org.apache.jackrabbit.spi.QueryResultRow",3,0.00,1.00,4,0.02,77.85,3,0,0,3,5,117.57,23,5,3,1,159.86,0.00,0.00,0.00,0,3.00,1,46.73,0,1,2,,0.00,0,0,3,0,0,2,0,4,20,1
"org.apache.jackrabbit.spi.RepositoryService",54,0.00,1.00,55,0.96,6286.72,54,0,24,54,29,144.37,855,70,9,1,154.73,0.00,0.00,0.00,0,54.00,1,2891.37,0,11,20,,0.00,0,0,54,0,0,43,0,70,755,1
"org.apache.jackrabbit.spi.SessionInfo",5,0.00,1.00,6,0.03,136.80,5,0,0,5,9,109.68,47,7,9,1,159.68,0.00,0.00,0.00,0,5.00,1,86.03,0,3,0,,0.00,0,0,5,0,0,2,0,6,34,1
"org.apache.jackrabbit.spi.Subscription",0,0.00,0.00,1,0.00,12.00,0,0,0,0,4,171.00,9,2,4,1,171.00,0.00,0.00,0.00,0,0.00,0,8.00,0,0,0,,0.00,0,0,0,0,0,0,0,1,4,1
"org.apache.jackrabbit.spi.XASessionInfo",1,0.00,1.00,2,0.01,48.43,1,0,1,1,3,102.37,11,3,3,2,146.50,0.00,0.50,0.00,0,1.00,1,27.12,0,1,0,,0.00,0,1,1,0,0,0,0,2,11,1
"org.apache.jackrabbit.webdav.jcr.observation.SubscriptionImpl",20,0.04,2.30,139,1.62,50103.36,33,13,31,71,21,65.02,188,185,3,1,115.02,0.00,0.00,0.12,3,256.00,7,4849.59,0,9,18,java.lang.Object,0.00,51,0,46,0,51,11,3,41,981,1
"org.apache.jackrabbit.webdav.jcr.observation.SubscriptionImpl$EventBundleImpl",3,0.25,2.00,25,0.42,14890.71,5,2,31,17,2,158.05,4,33,0,1,108.05,0.00,0.00,0.33,0,4.00,4,1252.99,0,1,2,java.lang.Object,0.00,14,0,6,0,14,2,1,4,230,1
"org.apache.jackrabbit.webdav.jcr.observation.SubscriptionImpl$TransactionEvent",3,0.00,1.00,4,0.03,141.35,3,0,31,3,1,207.82,3,9,0,1,157.82,0.00,0.00,0.00,0,3.00,1,94.23,0,0,1,java.lang.Object,0.00,0,0,3,0,0,3,0,3,31,0
"org.apache.jackrabbit.webdav.jcr.observation.SubscriptionImpl$TransactionEvent_0",3,0.50,2.67,22,0.28,4799.11,4,1,31,10,5,114.26,13,38,0,1,114.02,0.00,0.00,0.67,0,0.00,3,838.48,0,0,5,java.lang.Object,0.00,7,0,8,0,7,3,2,7,176,1
"org.apache.jackrabbit.webdav.jcr.observation.SubscriptionManagerImpl",10,0.07,1.90,80,1.04,27402.26,13,3,27,54,15,61.62,103,108,1,1,110.09,0.00,0.00,0.27,4,34.00,4,3106.35,0,5,14,java.lang.Object,0.00,44,0,19,0,44,5,2,22,628,1
"org.apache.jackrabbit.webdav.jcr.observation.SubscriptionManagerImpl$SubscriptionMap",6,0.30,1.67,35,0.41,12060.73,8,2,27,23,3,118.80,0,46,0,1,118.80,0.00,0.00,0.75,0,0.00,3,1240.36,0,3,3,java.lang.Object,0.00,17,0,10,0,17,3,0,0,272,1
"org.apache.jackrabbit.webdav.jcr.observation.SubscriptionManagerImpl$WrappedSubscription",3,1.00,1.00,8,0.05,565.02,4,1,27,4,1,141.86,2,12,0,1,141.86,0.00,0.00,0.33,0,4.00,1,151.98,0,2,1,java.lang.Object,0.00,1,0,3,0,1,1,1,2,46,1
"org.apache.jackrabbit.spi.BatchReadConfig",2,0.67,2.00,13,0.15,2823.87,5,3,3,9,3,72.88,23,18,2,1,117.01,0.00,0.00,0.67,0,0.00,2,438.20,0,0,1,java.lang.Object,0.00,7,0,4,0,7,2,0,3,101,1
"org.apache.jackrabbit.spi.ChildInfoImpl",2,0.00,1.50,8,0.11,1698.48,2,0,6,6,4,87.82,24,15,1,2,125.38,0.00,0.50,0.00,0,2.00,2,317.82,0,1,3,org.apache.jackrabbit.spi.commons.ChildInfoImpl,0.00,4,1,3,0,4,1,0,4,77,0
"org.apache.jackrabbit.spi.EventSubscription",9,0.05,3.00,111,1.72,86303.24,17,8,30,53,18,51.03,74,145,3,1,99.14,0.00,0.00,0.17,2,17.00,9,5148.40,0,3,16,java.lang.Object,0.00,44,0,27,0,44,6,2,22,906,0
"org.apache.jackrabbit.spi.EventSubscription$EventListener",1,0.00,1.00,3,0.03,202.37,1,0,30,2,0,135.04,0,4,0,1,135.04,0.00,0.00,0.00,0,1.00,1,76.53,0,0,0,java.lang.Object,0.00,1,0,1,0,1,1,0,0,22,0
"org.apache.jackrabbit.spi.IdFactoryImpl",5,1.00,2.40,42,0.47,21678.10,6,1,14,22,16,108.71,23,60,6,2,108.47,0.00,0.50,0.20,2,8.00,7,1418.67,0,4,10,org.apache.jackrabbit.identifier.AbstractIdFactory,0.20,17,1,12,0,17,1,0,5,272,0
"org.apache.jackrabbit.spi.LockInfoImpl",1,0.00,1.00,3,0.08,889.32,1,0,3,7,5,109.84,14,10,2,2,129.98,0.00,0.50,0.00,0,1.00,1,225.52,0,0,3,org.apache.jackrabbit.spi.commons.LockInfoImpl,0.00,6,1,1,0,6,1,0,2,55,0
"org.apache.jackrabbit.spi.NodeInfoImpl",3,0.00,2.33,17,0.39,11642.11,3,0,12,22,8,72.34,34,35,2,3,116.47,0.00,0.67,0.00,0,3.00,3,1177.78,0,2,6,org.apache.jackrabbit.spi.commons.NodeInfoImpl,0.00,19,2,7,0,19,1,0,4,239,0
"org.apache.jackrabbit.spi.PropertyInfoImpl",2,0.00,2.00,17,0.31,11049.87,2,0,8,15,9,70.12,24,33,2,3,107.68,0.00,0.67,0.00,0,2.00,3,915.28,0,1,7,org.apache.jackrabbit.spi.commons.PropertyInfoImpl,0.00,13,2,4,0,13,1,0,4,184,0
"org.apache.jackrabbit.spi.QNodeDefinitionImpl",2,0.00,3.00,12,0.29,8843.91,2,0,6,16,6,75.45,25,24,2,3,113.01,0.00,0.67,0.00,0,2.00,4,877.43,0,1,4,org.apache.jackrabbit.spi.commons.QNodeDefinitionImpl,0.00,14,2,6,0,14,1,0,3,183,0
"org.apache.jackrabbit.spi.QNodeTypeDefinitionImpl",4,0.00,2.00,28,0.43,14822.83,4,0,12,15,11,81.83,53,43,1,2,111.21,0.00,0.50,0.00,0,4.00,2,1297.21,0,3,10,org.apache.jackrabbit.spi.commons.QNodeTypeDefinitionImpl,0.00,11,1,8,0,11,1,0,5,269,0
"org.apache.jackrabbit.spi.QPropertyDefinitionImpl",3,0.00,3.00,22,0.45,18212.72,3,0,9,19,8,71.87,37,44,2,3,109.43,0.00,0.67,0.00,0,4.00,4,1346.03,0,2,6,org.apache.jackrabbit.spi.commons.QPropertyDefinitionImpl,0.00,16,2,9,0,16,1,0,4,268,0
"org.apache.jackrabbit.spi.QueryInfoImpl",3,0.00,2.00,37,0.45,15620.86,11,8,16,13,9,81.18,44,47,1,1,101.32,0.00,0.00,0.12,0,2.00,3,1343.72,0,2,8,java.lang.Object,0.00,10,0,6,0,10,1,1,12,267,0
"org.apache.jackrabbit.spi.QueryInfoImpl$Iterator",3,0.00,1.33,11,0.11,1941.98,3,0,16,9,1,131.00,0,18,0,1,131.00,0.00,0.00,0.00,0,4.00,2,317.87,0,1,1,java.lang.Object,0.00,6,0,4,0,6,2,0,0,74,0
"org.apache.jackrabbit.spi.QueryResultRowImpl",4,0.00,1.75,30,0.38,17275.91,7,3,11,13,10,62.61,35,42,1,1,110.72,0.00,0.00,0.33,0,8.00,4,1153.33,0,2,9,java.lang.Object,0.00,9,0,7,0,9,2,1,8,223,0
"org.apache.jackrabbit.spi.RepositoryServiceImpl",64,0.20,1.77,402,5.64,152359.16,68,4,87,179,46,135.87,202,602,1,1,115.25,0.00,0.00,0.05,7,684.00,6,16916.95,0,38,45,java.lang.Object,0.00,115,0,113,0,115,26,1,74,3369,1
"org.apache.jackrabbit.spi.RepositoryServiceImpl$BatchImpl",15,0.26,1.53,73,0.93,29522.58,18,3,87,38,9,122.50,6,115,0,1,122.50,0.00,0.00,0.09,1,50.00,5,2775.73,0,3,9,java.lang.Object,0.00,23,0,23,0,23,12,1,3,589,2
"org.apache.jackrabbit.spi.RepositoryServiceImpl$BatchImpl$Callable_15",1,0.00,4.00,18,0.22,8470.68,1,0,87,11,0,92.93,0,23,0,1,92.93,0.00,0.00,0.00,0,0.00,4,672.61,0,1,0,java.lang.Object,0.00,10,0,4,0,10,0,0,0,123,0
"org.apache.jackrabbit.spi.RepositoryServiceImpl$BatchImpl$Callable_16",1,0.00,1.00,7,0.09,1264.60,1,0,87,6,1,115.05,0,9,0,1,115.05,0.00,0.00,0.00,0,0.00,1,263.16,0,1,1,java.lang.Object,0.00,5,0,1,0,5,0,0,0,56,0
"org.apache.jackrabbit.spi.RepositoryServiceImpl$BatchImpl$Callable_17",1,0.00,2.00,12,0.15,4346.03,1,0,87,6,1,101.94,0,12,0,1,101.94,0.00,0.00,0.00,0,0.00,2,441.40,0,1,1,java.lang.Object,0.00,5,0,2,0,5,0,0,0,86,0
"org.apache.jackrabbit.spi.RepositoryServiceImpl$BatchImpl$Callable_18",1,0.00,1.00,6,0.07,1023.12,1,0,87,5,1,118.27,0,8,0,1,118.27,0.00,0.00,0.00,0,0.00,1,214.82,0,1,1,java.lang.Object,0.00,4,0,1,0,4,0,0,0,48,0
"org.apache.jackrabbit.spi.RepositoryServiceImpl$BatchImpl$Callable_19",1,0.00,2.00,11,0.13,3937.07,1,0,87,5,1,103.68,0,11,0,1,103.68,0.00,0.00,0.00,0,0.00,2,387.57,0,1,1,java.lang.Object,0.00,4,0,2,0,4,0,0,0,78,0
"org.apache.jackrabbit.spi.RepositoryServiceImpl$BatchImpl$Callable_20",1,0.00,4.00,11,0.12,3582.00,1,0,87,7,2,104.08,4,16,0,1,103.85,0.00,0.00,0.00,0,0.00,4,348.00,0,1,2,java.lang.Object,0.00,6,0,4,0,6,0,0,4,72,0
"org.apache.jackrabbit.spi.RepositoryServiceImpl$BatchImpl$Callable_21",1,0.00,5.00,17,0.20,9413.96,1,0,87,6,0,93.44,0,22,0,1,93.44,0.00,0.00,0.00,0,0.00,5,612.88,0,1,0,java.lang.Object,0.00,5,0,5,0,5,0,0,0,121,0
"org.apache.jackrabbit.spi.RepositoryServiceImpl$BatchImpl$Callable_22",1,0.00,5.00,30,0.31,13392.02,1,0,87,11,0,83.03,0,23,0,1,83.03,0.00,0.00,0.00,0,0.00,5,941.17,0,1,0,java.lang.Object,0.00,10,0,5,0,10,0,0,0,172,0
"org.apache.jackrabbit.spi.RepositoryServiceImpl$BatchImpl$Callable_23",1,0.00,2.00,9,0.09,2216.31,1,0,87,4,0,108.90,0,11,0,1,108.90,0.00,0.00,0.00,0,0.00,2,275.19,0,1,0,java.lang.Object,0.00,3,0,2,0,3,0,0,0,59,0
"org.apache.jackrabbit.spi.RepositoryServiceImpl$BatchImpl$Callable_24",1,0.00,1.00,5,0.02,162.57,1,0,87,3,0,127.52,0,5,0,1,127.52,0.00,0.00,0.00,0,0.00,1,58.19,0,1,0,java.lang.Object,0.00,2,0,1,0,2,0,0,0,18,0
"org.apache.jackrabbit.spi.RepositoryServiceImpl$BatchImpl$Callable_24$Callable_25",1,0.00,1.00,4,0.03,251.86,1,0,87,2,0,129.63,0,5,0,1,129.63,0.00,0.00,0.00,0,0.00,1,76.53,0,1,0,java.lang.Object,0.00,1,0,1,0,1,0,0,0,22,0
"org.apache.jackrabbit.spi.RepositoryServiceImpl$Callable",1,0.00,2.00,7,0.08,1860.32,1,0,87,7,0,113.57,0,10,0,1,113.57,0.00,0.00,0.00,0,1.00,2,246.04,0,1,0,java.lang.Object,0.00,6,0,2,0,6,0,0,0,53,0
"org.apache.jackrabbit.spi.RepositoryServiceImpl$Callable_0",1,0.00,2.00,9,0.13,3031.52,1,0,87,11,0,107.83,0,11,0,1,107.83,0.00,0.00,0.00,0,1.00,2,379.38,0,1,0,java.lang.Object,0.00,10,0,2,0,10,0,0,0,77,0
"org.apache.jackrabbit.spi.RepositoryServiceImpl$Callable_1",1,0.00,2.00,14,0.16,5137.21,1,0,87,11,1,148.87,1,18,0,1,98.87,0.00,0.00,0.00,0,1.00,2,490.81,0,1,1,java.lang.Object,0.00,10,0,2,0,10,0,0,1,96,0
"org.apache.jackrabbit.spi.RepositoryServiceImpl$Callable_10",1,0.00,3.00,14,0.16,7500.66,1,0,87,7,0,97.48,0,15,0,1,97.48,0.00,0.00,0.00,0,1.00,3,467.83,0,1,0,java.lang.Object,0.00,6,0,3,0,6,0,0,0,91,0
"org.apache.jackrabbit.spi.RepositoryServiceImpl$Callable_11",1,0.00,2.00,8,0.11,1983.70,1,0,87,8,0,111.19,0,11,0,1,111.19,0.00,0.00,0.00,0,0.00,2,320.75,0,1,0,java.lang.Object,0.00,7,0,2,0,7,0,0,0,66,0
"org.apache.jackrabbit.spi.RepositoryServiceImpl$Callable_12",1,0.00,5.00,33,0.46,23028.90,1,0,87,17,3,79.63,0,32,0,1,79.63,0.00,0.00,0.00,0,0.00,5,1374.83,0,1,3,java.lang.Object,0.00,16,0,5,0,16,0,0,0,227,0
"org.apache.jackrabbit.spi.RepositoryServiceImpl$Callable_13",1,0.00,2.00,11,0.12,3438.53,1,0,87,7,0,104.15,0,14,0,1,104.15,0.00,0.00,0.00,0,1.00,2,353.95,0,1,0,java.lang.Object,0.00,6,0,2,0,6,0,0,0,72,0
"org.apache.jackrabbit.spi.RepositoryServiceImpl$Callable_14",1,0.00,2.00,10,0.09,2533.56,1,0,87,6,0,106.73,0,12,0,1,106.73,0.00,0.00,0.00,0,1.00,2,282.79,0,1,0,java.lang.Object,0.00,5,0,2,0,5,0,0,0,60,0
"org.apache.jackrabbit.spi.RepositoryServiceImpl$Callable_2",1,0.00,1.00,4,0.03,278.00,1,0,87,3,0,129.30,0,5,0,1,129.30,0.00,0.00,0.00,0,1.00,1,84.00,0,1,0,java.lang.Object,0.00,2,0,1,0,2,0,0,0,23,0
"org.apache.jackrabbit.spi.RepositoryServiceImpl$Callable_26",1,0.00,1.00,2,0.01,51.30,1,0,87,1,0,146.30,0,3,0,1,146.30,0.00,0.00,0.00,0,1.00,1,27.65,0,1,0,,0.00,0,0,1,0,0,0,0,0,11,1
"org.apache.jackrabbit.spi.RepositoryServiceImpl$Callable_3",1,0.00,1.00,10,0.11,2209.22,1,0,87,9,1,107.36,0,13,0,1,107.36,0.00,0.00,0.00,0,1.00,1,344.05,0,1,1,java.lang.Object,0.00,8,0,1,0,8,0,0,0,69,0
"org.apache.jackrabbit.spi.RepositoryServiceImpl$Callable_4",1,0.00,1.00,5,0.06,952.83,1,0,87,5,1,121.47,0,6,0,1,121.47,0.00,0.00,0.00,0,0.00,1,173.06,0,1,1,java.lang.Object,0.00,4,0,1,0,4,0,0,0,40,0
"org.apache.jackrabbit.spi.RepositoryServiceImpl$Callable_5",1,0.00,1.00,4,0.03,258.13,1,0,87,3,0,129.55,0,5,0,1,129.55,0.00,0.00,0.00,0,1.00,1,78.32,0,1,0,java.lang.Object,0.00,2,0,1,0,2,0,0,0,22,0
"org.apache.jackrabbit.spi.RepositoryServiceImpl$Callable_6",1,0.00,1.00,4,0.03,292.00,1,0,87,3,0,129.13,0,5,0,1,129.13,0.00,0.00,0.00,0,1.00,1,88.00,0,1,0,java.lang.Object,0.00,2,0,1,0,2,0,0,0,24,0
"org.apache.jackrabbit.spi.RepositoryServiceImpl$Callable_7",1,0.00,1.00,4,0.03,292.00,1,0,87,3,0,129.13,0,5,0,1,129.13,0.00,0.00,0.00,0,1.00,1,88.00,0,1,0,java.lang.Object,0.00,2,0,1,0,2,0,0,0,24,0
"org.apache.jackrabbit.spi.RepositoryServiceImpl$Callable_8",1,0.00,2.00,9,0.09,2503.49,1,0,87,5,0,108.48,0,11,0,1,108.48,0.00,0.00,0.00,0,1.00,2,257.98,0,1,0,java.lang.Object,0.00,4,0,2,0,4,0,0,0,56,0
"org.apache.jackrabbit.spi.RepositoryServiceImpl$Callable_9",1,0.00,7.00,27,0.40,28652.93,1,0,87,14,2,132.06,1,33,0,1,82.06,0.00,0.00,0.00,0,0.00,7,1196.29,0,1,2,java.lang.Object,0.00,13,0,7,0,13,0,0,1,206,0
"org.apache.jackrabbit.spi.RepositoryServiceImpl$TraversingItemVisitor",4,0.00,1.50,11,0.18,2756.91,4,0,87,9,3,137.33,2,19,0,1,137.33,0.00,0.00,0.00,0,4.00,2,531.57,0,0,3,java.lang.Object,0.00,5,0,6,0,5,4,0,2,118,0
"org.apache.jackrabbit.spi.SessionInfoImpl",13,0.02,1.15,57,0.56,12736.42,18,5,27,39,19,107.08,76,80,5,1,124.95,0.00,0.00,0.22,1,62.00,3,1675.58,0,9,15,java.lang.Object,0.00,26,0,15,0,26,4,1,20,378,0
"org.apache.jackrabbit.spi.SessionInfoImpl$AbstractNamespaceResolver",2,0.00,2.00,9,0.09,2289.95,2,0,27,5,0,174.29,2,17,0,1,124.30,0.00,0.00,0.00,0,2.00,2,262.88,0,2,0,java.lang.Object,0.00,3,0,4,0,3,0,0,2,64,0
"org.apache.jackrabbit.jca.test.AbstractTestCase",1,4.00,1.00,11,0.16,3622.63,7,6,4,5,2,154.12,25,17,1,2,104.13,1.00,0.33,0.33,0,0.00,1,471.00,0,0,1,junit.framework.TestCase,0.00,4,1,1,1,4,1,0,9,100,2
"org.apache.jackrabbit.jca.test.ConnectionFactoryTest",3,0.00,1.00,32,0.40,16027.98,3,0,9,14,4,56.24,24,37,0,3,104.34,0.00,0.67,0.00,0,0.00,1,1205.67,0,0,4,org.apache.jackrabbit.jca.test.AbstractTestCase,0.00,11,2,3,0,11,3,0,16,245,2
"org.apache.jackrabbit.test.api.observation.AbstractObservationTest",12,0.36,1.75,67,0.85,29066.69,14,2,13,34,18,70.04,104,95,16,4,118.15,5.33,0.15,0.17,2,38.00,6,2563.63,2,1,2,org.apache.jackrabbit.test.AbstractJCRTest,0.28,22,3,21,16,22,11,0,16,533,2
"org.apache.jackrabbit.test.api.observation.AddEventListenerTest",7,0.00,1.29,85,1.23,35651.45,7,0,5,22,4,59.20,54,112,1,5,101.49,0.00,0.80,0.00,0,0.00,2,3686.72,4,1,3,org.apache.jackrabbit.test.api.observation.AbstractObservationTest,0.00,15,4,9,0,15,6,0,11,684,1
"org.apache.jackrabbit.test.api.observation.EventIteratorTest",3,0.00,1.67,47,0.59,15877.45,3,0,5,15,4,53.56,33,54,1,5,97.69,0.00,0.80,0.00,0,0.00,2,1770.04,2,0,3,org.apache.jackrabbit.test.api.observation.AbstractObservationTest,0.00,12,4,5,0,12,3,0,8,328,1
"org.apache.jackrabbit.test.api.observation.EventResult",5,0.00,2.00,30,0.28,5463.78,8,3,8,16,16,73.76,56,43,16,1,117.89,0.00,0.00,0.33,2,2.00,3,845.75,0,3,0,java.lang.Object,0.00,11,0,10,0,11,2,1,11,195,1
"org.apache.jackrabbit.test.api.observation.EventTest",3,0.00,1.00,33,0.42,8149.26,3,0,3,13,3,62.82,22,37,1,5,105.11,0.00,0.80,0.00,0,0.00,1,1256.61,2,0,2,org.apache.jackrabbit.test.api.observation.AbstractObservationTest,0.00,10,4,3,0,10,3,0,4,243,1
"org.apache.jackrabbit.test.api.observation.GetRegisteredEventListenersTest",2,0.00,1.00,21,0.24,6030.45,2,0,2,5,3,74.08,12,24,1,5,106.30,0.00,0.80,0.00,0,0.00,1,725.25,3,0,2,org.apache.jackrabbit.test.api.observation.AbstractObservationTest,0.00,3,4,2,0,3,2,0,2,152,1
"org.apache.jackrabbit.test.api.observation.LockingTest",3,0.00,2.67,56,0.76,25994.07,3,0,5,17,3,48.81,33,54,1,5,92.94,0.00,0.80,0.00,1,0.00,3,2273.90,3,1,2,org.apache.jackrabbit.test.api.observation.AbstractObservationTest,0.00,14,4,8,0,14,2,0,6,395,1
"org.apache.jackrabbit.test.api.observation.NodeAddedTest",4,0.00,1.00,41,0.46,9392.73,4,0,3,9,3,64.86,29,42,1,5,107.15,0.00,0.80,0.00,0,0.00,1,1372.91,3,0,2,org.apache.jackrabbit.test.api.observation.AbstractObservationTest,0.00,5,4,4,0,5,4,0,5,276,1
"org.apache.jackrabbit.test.api.observation.NodeMovedTest",3,0.00,1.00,57,0.79,25038.52,3,0,3,10,3,131.72,64,55,1,5,92.42,0.00,0.80,0.00,0,0.00,1,2373.82,4,0,2,org.apache.jackrabbit.test.api.observation.AbstractObservationTest,0.00,7,4,3,0,7,3,0,9,437,1
"org.apache.jackrabbit.test.api.observation.NodeRemovedTest",2,0.00,1.00,24,0.27,5847.23,2,0,3,7,3,59.32,22,25,1,5,103.45,0.00,0.80,0.00,0,0.00,1,802.77,3,0,2,org.apache.jackrabbit.test.api.observation.AbstractObservationTest,0.00,5,4,2,0,5,2,0,3,160,1
"org.apache.jackrabbit.test.api.observation.NodeReorderTest",3,0.00,5.67,113,1.52,95206.91,3,0,4,17,4,90.44,102,113,1,5,76.66,0.00,0.80,0.00,0,0.00,6,4549.93,4,0,3,org.apache.jackrabbit.test.api.observation.AbstractObservationTest,0.00,14,4,17,0,14,3,0,36,751,1
"org.apache.jackrabbit.test.api.observation.PropertyAddedTest",3,0.00,1.33,37,0.48,12114.70,3,0,5,13,3,52.28,28,40,1,5,102.28,0.00,0.80,0.00,0,0.00,2,1451.08,3,0,2,org.apache.jackrabbit.test.api.observation.AbstractObservationTest,0.00,10,4,4,0,10,3,0,4,274,1
"org.apache.jackrabbit.test.api.observation.PropertyChangedTest",4,0.00,1.75,65,1.06,47696.82,4,0,7,24,4,45.38,43,72,1,5,93.85,0.00,0.80,0.00,0,0.00,4,3181.32,3,0,3,org.apache.jackrabbit.test.api.observation.AbstractObservationTest,0.00,20,4,7,0,20,4,0,7,548,1
"org.apache.jackrabbit.test.api.observation.PropertyRemovedTest",2,0.00,1.00,26,0.35,8292.36,2,0,4,8,3,56.83,23,30,1,5,100.96,0.00,0.80,0.00,0,0.00,1,1063.85,3,0,2,org.apache.jackrabbit.test.api.observation.AbstractObservationTest,0.00,6,4,2,0,6,2,0,3,201,1
"org.apache.jackrabbit.test.api.observation.TestAll",1,0.00,1.00,17,0.20,7463.72,1,0,3,3,15,46.13,10,19,2,2,94.60,0.00,0.50,0.00,0,1.00,1,597.20,0,1,13,junit.framework.TestCase,0.00,2,1,1,0,2,0,0,2,127,1
"org.apache.jackrabbit.test.api.observation.WorkspaceOperationTest",3,0.00,1.00,49,0.73,22769.39,3,0,3,11,3,45.53,28,48,1,5,95.53,0.00,0.80,0.00,0,0.00,1,2203.07,4,0,2,org.apache.jackrabbit.test.api.observation.AbstractObservationTest,0.00,8,4,3,0,8,3,0,4,408,1
"org.apache.jackrabbit.webdav.jcr.property.LengthsProperty",3,0.50,1.33,16,0.15,3065.42,4,1,5,6,4,88.94,19,18,1,2,121.16,0.00,0.50,0.67,0,2.00,2,436.03,1,2,3,org.apache.jackrabbit.webdav.property.AbstractDavProperty,0.00,3,1,4,0,3,1,1,4,99,1
"org.apache.jackrabbit.webdav.jcr.property.NamespacesProperty",6,0.10,2.17,46,0.66,18241.82,8,2,18,28,8,161.87,8,57,1,2,111.87,0.00,0.50,0.58,0,0.00,5,1971.00,1,3,7,org.apache.jackrabbit.webdav.property.AbstractDavProperty,0.00,22,1,13,0,22,3,1,4,382,1
"org.apache.jackrabbit.webdav.jcr.property.ValuesProperty",13,0.08,2.38,82,1.19,47415.44,15,2,20,42,10,81.50,88,105,2,2,113.72,0.00,0.50,0.42,2,0.00,8,3579.59,1,7,8,org.apache.jackrabbit.webdav.property.AbstractDavProperty,0.00,29,1,31,0,29,6,1,21,694,1
"org.apache.jackrabbit.server.AbstractWebdavServlet",0,0.00,0.00,1,0.02,213.31,0,0,0,0,1,171.00,6,2,0,3,171.00,0.00,0.67,0.00,0,0.00,0,60.94,0,0,1,org.apache.jackrabbit.webdav.server.AbstractWebdavServlet,0.00,0,2,0,0,0,0,0,1,17,2
"org.apache.jackrabbit.server.BasicCredentialsProvider",2,1.00,4.00,30,0.47,30854.18,3,1,9,17,5,111.96,36,43,2,1,93.83,0.00,0.00,0.50,0,2.00,7,1400.27,0,1,3,java.lang.Object,0.00,15,0,8,0,15,1,1,4,243,1
"org.apache.jackrabbit.server.CredentialsProvider",1,0.00,1.00,2,0.01,78.44,1,0,4,1,4,100.72,11,4,4,1,144.85,0.00,0.00,0.00,0,1.00,1,41.22,0,1,0,,0.00,0,0,1,0,0,0,0,2,14,1
"org.apache.jackrabbit.server.SessionProvider",2,0.00,1.00,3,0.03,158.68,2,0,6,2,4,106.04,19,5,4,1,156.04,0.00,0.00,0.00,0,2.00,1,86.25,0,1,0,,0.00,0,0,2,0,0,1,0,3,26,1
"org.apache.jackrabbit.server.SessionProviderImpl",3,1.00,1.33,12,0.11,2236.10,4,1,7,6,4,107.98,16,19,2,1,125.86,0.00,0.00,0.33,0,4.00,2,342.21,0,1,2,java.lang.Object,0.00,3,0,4,0,3,2,1,5,82,1
"org.apache.jackrabbit.test.api.AbstractImportXmlTest",13,0.10,2.46,218,2.84,81565.50,52,39,39,78,3,47.87,112,271,1,4,95.97,0.33,0.60,0.12,4,0.00,4,8524.22,2,5,2,org.apache.jackrabbit.test.AbstractJCRTest,0.27,65,3,32,1,65,8,0,34,1522,1
"org.apache.jackrabbit.test.api.AbstractPropertyTest",5,0.06,1.60,31,0.33,7536.97,9,4,6,15,12,117.07,21,40,9,4,116.84,3.00,0.23,0.30,2,2.00,3,981.97,3,1,3,org.apache.jackrabbit.test.AbstractJCRTest,0.55,10,3,8,9,10,4,0,9,205,1
"org.apache.jackrabbit.test.api.AbstractWorkspaceCopyBetweenTest",4,0.50,2.50,49,0.50,14066.36,10,6,6,23,7,60.32,29,59,5,5,102.61,4.25,0.18,0.54,2,0.00,4,1505.62,3,1,2,org.apache.jackrabbit.test.api.AbstractWorkspaceCopyTest,0.42,19,4,10,17,19,3,0,13,315,1
"org.apache.jackrabbit.test.api.AbstractWorkspaceCopyTest",3,0.50,1.67,21,0.18,3080.92,6,3,4,8,4,83.42,18,29,3,4,115.64,6.67,0.12,0.67,1,0.00,3,532.36,2,0,1,org.apache.jackrabbit.test.AbstractJCRTest,0.40,5,3,5,20,5,3,0,7,126,1
"org.apache.jackrabbit.test.api.AbstractWorkspaceReferenceableTest",2,0.00,2.50,14,0.16,4322.66,2,0,6,9,6,80.78,12,21,4,6,113.01,0.80,0.50,0.00,0,0.00,3,474.19,1,1,2,org.apache.jackrabbit.test.api.AbstractWorkspaceCopyBetweenTest,0.23,7,5,5,4,7,1,0,4,103,1
"org.apache.jackrabbit.test.api.AbstractWorkspaceSameNameSibsTest",2,1.00,5.00,40,0.45,25070.03,6,4,5,10,6,45.70,22,47,4,6,89.83,0.80,0.50,0.75,0,0.00,9,1353.63,3,0,2,org.apache.jackrabbit.test.api.AbstractWorkspaceCopyBetweenTest,0.46,8,5,10,4,8,2,0,10,249,1
"org.apache.jackrabbit.test.api.AbstractWorkspaceVersionableTest",2,0.00,2.50,15,0.18,4853.42,2,0,6,10,6,94.74,10,22,4,6,112.61,0.80,0.50,0.00,0,0.00,3,530.69,1,1,2,org.apache.jackrabbit.test.api.AbstractWorkspaceCopyBetweenTest,0.23,8,5,5,4,8,1,0,4,113,1
"org.apache.jackrabbit.test.api.AddNodeTest",11,0.00,1.73,69,0.80,15677.06,11,0,8,26,2,84.79,72,101,1,4,117.01,0.00,0.75,0.00,0,0.00,3,2395.23,0,0,1,org.apache.jackrabbit.test.AbstractJCRTest,0.00,15,3,19,0,15,11,0,30,517,1
"org.apache.jackrabbit.test.api.Base64",11,0.12,2.27,108,1.78,229742.97,15,4,7,18,2,58.91,86,135,2,1,101.20,0.00,0.00,0.14,2,39.00,8,5351.38,0,0,0,java.lang.Object,0.00,7,0,25,0,7,11,0,23,993,1
"org.apache.jackrabbit.test.api.BinaryPropertyTest",13,0.00,3.08,115,1.33,44397.54,13,0,7,47,4,91.36,76,185,1,5,109.23,0.00,0.80,0.00,0,0.00,6,3979.19,0,1,3,org.apache.jackrabbit.test.api.AbstractPropertyTest,0.29,34,4,40,0,34,12,0,25,787,1
"org.apache.jackrabbit.test.api.BooleanPropertyTest",12,0.00,2.67,89,1.01,34150.07,12,0,7,38,3,94.18,67,147,1,5,112.05,0.00,0.80,0.00,0,0.00,6,3037.72,0,1,2,org.apache.jackrabbit.test.api.AbstractPropertyTest,0.29,26,4,32,0,26,11,0,25,604,1
"org.apache.jackrabbit.test.api.CheckPermissionTest",3,0.00,2.67,27,0.33,9623.48,3,0,3,10,2,59.46,26,39,1,4,107.57,0.00,0.75,0.00,2,0.00,5,998.73,0,0,1,org.apache.jackrabbit.test.AbstractJCRTest,0.00,7,3,8,0,7,3,0,7,203,1
"org.apache.jackrabbit.test.api.DatePropertyTest",12,0.00,2.50,90,1.05,34563.01,12,0,8,39,3,94.15,68,143,1,5,112.02,0.00,0.80,0.00,0,0.00,6,3142.62,0,1,2,org.apache.jackrabbit.test.api.AbstractPropertyTest,0.29,27,4,30,0,27,11,0,27,626,1
"org.apache.jackrabbit.test.api.DocumentViewImportTest",21,0.01,2.05,149,1.82,51415.21,25,4,13,47,3,94.75,120,229,1,5,112.62,0.00,0.80,0.26,11,136.00,6,5474.38,6,0,2,org.apache.jackrabbit.test.api.AbstractImportXmlTest,0.20,26,4,43,0,26,21,0,47,1066,1
"org.apache.jackrabbit.test.api.DoublePropertyTest",12,0.00,2.50,89,1.04,35436.40,12,0,8,41,3,94.06,65,140,1,5,111.94,0.00,0.80,0.00,0,0.00,6,3118.48,0,1,2,org.apache.jackrabbit.test.api.AbstractPropertyTest,0.29,29,4,30,0,29,11,0,23,622,1
"org.apache.jackrabbit.test.api.EscapeJCRUtil",7,0.22,2.57,73,0.80,43331.10,10,3,1,18,2,124.24,27,89,1,1,103.62,0.00,0.00,0.14,5,17.00,7,2403.89,0,6,1,java.lang.Object,0.00,11,0,18,0,11,1,0,8,491,1
"org.apache.jackrabbit.test.api.ExportDocViewTest",39,0.04,3.05,437,5.96,255290.46,59,20,40,145,5,51.85,361,599,1,4,101.85,0.00,0.75,0.09,23,696.00,10,17876.80,3,11,4,org.apache.jackrabbit.test.AbstractJCRTest,0.14,106,3,119,0,106,28,0,100,3315,1
"org.apache.jackrabbit.test.api.ExportDocViewTest$AttributeSeparator",4,0.33,1.75,30,0.26,5803.98,10,6,40,13,0,114.45,1,35,0,1,114.45,0.00,0.00,0.42,1,0.00,4,786.84,0,2,0,java.lang.Object,0.00,9,0,7,0,9,2,0,1,174,1
"org.apache.jackrabbit.test.api.ExportDocViewTest$StackEntry",0,0.00,0.00,3,0.02,129.73,2,2,40,0,0,171.00,2,4,0,1,171.00,0.00,0.00,0.00,0,0.00,0,51.89,0,0,0,java.lang.Object,0.00,0,0,0,0,0,0,0,2,15,1
"org.apache.jackrabbit.test.api.ExportSysViewTest",12,0.19,1.17,46,0.50,8106.35,19,7,15,25,3,170.77,24,73,1,4,130.88,0.00,0.75,0.32,2,4.00,2,1485.44,2,0,2,org.apache.jackrabbit.test.AbstractJCRTest,0.28,13,3,14,0,13,12,0,4,339,1
"org.apache.jackrabbit.test.api.ExportSysViewTest$SysViewParser",2,0.00,1.50,18,0.18,3600.12,7,5,15,9,1,159.68,3,24,0,1,109.68,0.00,0.00,0.20,0,0.00,2,551.08,0,0,1,java.lang.Object,0.00,7,0,3,0,7,2,0,3,122,1
"org.apache.jackrabbit.test.api.ImpersonateTest",1,0.00,7.00,25,0.37,17717.28,1,0,9,12,3,103.08,18,39,1,4,84.95,0.00,0.75,0.00,0,0.00,7,1120.10,0,0,2,org.apache.jackrabbit.test.AbstractJCRTest,0.00,11,3,7,0,11,1,0,8,193,1
"org.apache.jackrabbit.test.api.LongPropertyTest",12,0.00,2.50,87,1.01,32818.26,12,0,8,40,3,94.33,64,140,1,5,112.20,0.00,0.80,0.00,0,0.00,6,3039.21,0,1,2,org.apache.jackrabbit.test.api.AbstractPropertyTest,0.29,28,4,30,0,28,11,0,23,608,1
"org.apache.jackrabbit.test.api.NamePropertyTest",9,0.00,1.78,39,0.38,6558.83,9,0,4,21,3,93.65,62,70,1,5,125.87,0.00,0.80,0.00,0,0.00,4,1153.15,0,1,2,org.apache.jackrabbit.test.api.AbstractPropertyTest,0.32,12,4,16,0,12,8,0,16,263,1
"org.apache.jackrabbit.test.api.NamespaceRegistryReadMethodsTest",6,0.30,2.17,61,0.72,18646.69,10,4,10,21,3,73.80,37,73,1,4,106.02,0.00,0.75,0.50,0,0.00,3,2174.37,2,0,2,org.apache.jackrabbit.test.AbstractJCRTest,0.35,15,3,13,0,15,6,0,12,429,1
"org.apache.jackrabbit.test.api.NamespaceRegistryTest",8,0.24,2.75,77,0.88,21919.86,14,6,8,33,2,65.81,58,109,1,4,108.10,0.00,0.75,0.38,0,0.00,5,2633.26,2,2,1,org.apache.jackrabbit.test.AbstractJCRTest,0.32,25,3,22,0,25,6,0,28,544,1
"org.apache.jackrabbit.test.api.NamespaceRemappingTest",11,0.15,1.82,86,0.98,21633.21,13,2,10,38,2,81.18,73,116,1,4,113.40,0.00,0.75,0.64,2,0.00,3,2934.55,2,2,1,org.apache.jackrabbit.test.AbstractJCRTest,0.29,27,3,20,0,27,9,0,29,610,1
"org.apache.jackrabbit.test.api.NodeAddMixinTest",6,0.00,4.17,93,1.26,46408.35,6,0,12,39,4,52.05,71,129,1,4,96.18,0.00,0.75,0.00,1,0.00,6,3784.14,1,0,3,org.apache.jackrabbit.test.AbstractJCRTest,0.00,33,3,25,0,33,6,0,32,665,1
"org.apache.jackrabbit.test.api.NodeCanAddMixinTest",3,0.00,4.00,47,0.68,22056.97,3,0,8,24,4,46.36,29,72,1,4,96.36,0.00,0.75,0.00,0,0.00,5,2036.69,0,0,3,org.apache.jackrabbit.test.AbstractJCRTest,0.00,21,3,12,0,21,3,0,11,357,1
"org.apache.jackrabbit.test.api.NodeDiscoveringNodeTypesTest",6,0.00,2.83,65,0.84,28117.40,8,2,9,29,3,56.45,49,102,1,4,104.55,0.00,0.75,0.50,1,0.00,5,2532.33,2,1,2,org.apache.jackrabbit.test.AbstractJCRTest,0.35,23,3,17,0,23,5,0,14,484,1
"org.apache.jackrabbit.test.api.NodeItemIsModifiedTest",4,0.00,1.00,23,0.29,3640.74,4,0,4,12,2,84.06,49,28,1,4,121.62,0.00,0.75,0.00,0,0.00,1,875.35,0,0,1,org.apache.jackrabbit.test.AbstractJCRTest,0.00,8,3,4,0,8,4,0,11,188,1
"org.apache.jackrabbit.test.api.NodeItemIsNewTest",2,0.00,1.00,10,0.13,1491.05,2,0,4,9,2,92.93,26,13,1,4,122.31,0.00,0.75,0.00,0,0.00,1,380.20,0,0,1,org.apache.jackrabbit.test.AbstractJCRTest,0.00,7,3,2,0,7,2,0,5,85,1
"org.apache.jackrabbit.test.api.NodeIteratorTest",5,0.00,2.80,45,0.45,14239.92,5,0,5,13,3,75.74,30,63,1,4,107.96,0.00,0.75,0.00,0,0.00,5,1336.28,1,0,2,org.apache.jackrabbit.test.AbstractJCRTest,0.18,8,3,14,0,8,5,0,11,280,1
"org.apache.jackrabbit.test.api.NodeMixinUtil",2,0.00,2.50,16,0.22,4860.58,2,0,5,12,3,92.57,10,24,3,1,110.44,0.00,0.00,0.00,0,2.00,3,660.97,0,2,0,java.lang.Object,0.00,10,0,5,0,10,0,0,3,134,1
"org.apache.jackrabbit.test.api.NodeOrderableChildNodesTest",10,0.48,1.40,84,1.06,18041.90,13,3,9,27,3,63.12,101,113,1,4,111.59,0.00,0.75,0.77,2,0.00,2,3165.39,2,0,2,org.apache.jackrabbit.test.AbstractJCRTest,0.15,17,3,14,0,17,10,0,42,645,1
"org.apache.jackrabbit.test.api.NodeReadMethodsTest",36,0.37,3.44,418,6.00,386621.36,38,2,16,106,3,67.90,230,633,1,4,100.13,0.00,0.75,0.14,6,0.00,14,18005.70,3,6,2,org.apache.jackrabbit.test.AbstractJCRTest,0.15,70,3,124,0,70,30,0,89,3235,1
"org.apache.jackrabbit.test.api.NodeReadMethodsTest$ItemVisitor",2,0.00,1.00,5,0.04,319.50,2,0,16,5,0,142.42,0,8,0,1,142.42,0.00,0.00,0.00,0,2.00,1,114.87,0,0,0,java.lang.Object,0.00,3,0,2,0,3,2,0,0,33,0
"org.apache.jackrabbit.test.api.NodeRemoveMixinTest",4,0.00,5.00,78,1.10,41066.65,4,0,12,27,4,80.98,60,119,1,4,91.34,0.00,0.75,0.00,0,0.00,6,3308.12,0,0,3,org.apache.jackrabbit.test.AbstractJCRTest,0.00,23,3,20,0,23,4,0,26,572,1
"org.apache.jackrabbit.test.api.NodeTest",37,0.89,1.78,346,4.73,108166.48,38,1,15,85,3,63.85,432,466,1,4,107.98,0.00,0.75,0.14,0,0.00,5,14191.35,6,0,2,org.apache.jackrabbit.test.AbstractJCRTest,0.15,48,3,66,0,48,37,0,234,2771,1
"org.apache.jackrabbit.test.api.NodeUUIDTest",3,0.00,2.00,33,0.46,11040.72,3,0,8,21,3,151.18,70,45,1,4,103.91,0.00,0.75,0.00,1,0.00,2,1381.18,1,0,2,org.apache.jackrabbit.test.AbstractJCRTest,0.00,18,3,6,0,18,3,0,26,264,1
"org.apache.jackrabbit.test.api.PathPropertyTest",9,0.00,1.78,39,0.38,6558.83,9,0,4,21,3,107.99,49,70,1,5,125.87,0.00,0.80,0.00,0,0.00,4,1153.15,0,1,2,org.apache.jackrabbit.test.api.AbstractPropertyTest,0.32,12,4,16,0,12,8,0,16,263,1
"org.apache.jackrabbit.test.api.PropertyItemIsModifiedTest",6,0.00,1.17,33,0.38,5086.89,7,1,5,17,2,79.54,46,42,1,4,121.83,0.00,0.75,1.00,0,0.00,2,1135.72,2,0,1,org.apache.jackrabbit.test.AbstractJCRTest,0.35,11,3,7,0,11,6,0,10,249,1
"org.apache.jackrabbit.test.api.PropertyItemIsNewTest",4,0.00,1.25,20,0.22,2981.66,5,1,5,14,2,79.96,30,27,1,4,122.26,0.00,0.75,1.00,0,0.00,2,655.48,2,0,1,org.apache.jackrabbit.test.AbstractJCRTest,0.38,10,3,5,0,10,4,0,6,148,1
"org.apache.jackrabbit.test.api.PropertyReadMethodsTest",19,0.08,1.79,102,1.14,26009.55,21,2,12,54,4,102.22,98,168,1,4,120.09,0.00,0.75,0.42,0,0.00,4,3421.02,2,0,3,org.apache.jackrabbit.test.AbstractJCRTest,0.22,35,3,34,0,35,19,0,31,733,1
"org.apache.jackrabbit.test.api.PropertyReadMethodsTest$ItemVisitor",2,0.00,1.00,5,0.04,319.50,2,0,12,5,0,142.42,0,9,0,1,142.42,0.00,0.00,0.00,0,2.00,1,114.87,0,0,0,java.lang.Object,0.00,3,0,2,0,3,2,0,0,33,0
"org.apache.jackrabbit.test.api.PropertyTest",1,0.00,1.00,11,0.15,2874.20,1,0,5,11,2,154.92,25,17,1,4,104.92,0.00,0.75,0.00,0,0.00,1,438.34,0,0,1,org.apache.jackrabbit.test.AbstractJCRTest,0.00,10,3,1,0,10,1,0,5,86,1
"org.apache.jackrabbit.test.api.PropertyTypeTest",3,0.00,2.67,31,0.40,15808.15,3,0,8,20,2,71.94,18,49,1,4,104.16,0.00,0.75,0.00,1,5.00,6,1206.42,1,0,1,org.apache.jackrabbit.test.AbstractJCRTest,0.20,17,3,8,0,17,3,0,3,225,1
"org.apache.jackrabbit.test.api.PropertyUtil",13,0.05,4.15,189,2.58,110779.16,29,16,16,42,16,54.68,101,280,16,1,96.97,0.00,0.00,0.01,1,46.00,8,7735.36,0,5,0,java.lang.Object,0.00,29,0,54,0,29,8,0,23,1397,1
"org.apache.jackrabbit.test.api.ReferencePropertyTest",13,0.67,1.54,55,0.61,10623.94,14,1,7,37,3,125.74,60,90,1,5,125.51,0.00,0.80,0.38,0,0.00,4,1839.96,2,1,2,org.apache.jackrabbit.test.api.AbstractPropertyTest,0.57,24,4,20,0,24,12,0,20,404,1
"org.apache.jackrabbit.test.api.ReferenceableRootNodesTest",3,0.75,3.00,29,0.30,8234.82,5,2,5,14,3,59.97,26,41,1,4,108.07,0.00,0.75,1.00,0,0.00,3,902.09,2,0,2,org.apache.jackrabbit.test.AbstractJCRTest,0.40,11,3,9,0,11,3,0,8,193,1
"org.apache.jackrabbit.test.api.ReferencesTest",3,0.00,7.33,100,1.62,95811.17,3,0,3,31,3,40.87,37,122,1,4,78.43,0.00,0.75,0.00,0,0.00,11,4860.32,2,0,2,org.apache.jackrabbit.test.AbstractJCRTest,0.00,28,3,22,0,28,3,0,24,836,1
"org.apache.jackrabbit.test.api.RepositoryDescriptorTest",4,0.00,1.75,43,0.44,8500.02,6,2,8,15,2,89.49,22,48,1,4,107.37,0.00,0.75,0.50,0,0.00,2,1309.39,2,0,1,org.apache.jackrabbit.test.AbstractJCRTest,0.38,11,3,7,0,11,4,0,6,294,1
"org.apache.jackrabbit.test.api.RepositoryLoginTest",4,0.56,1.50,32,0.31,6452.74,7,3,6,14,2,79.74,25,55,1,4,111.96,0.00,0.75,0.75,0,0.00,3,928.64,1,0,1,org.apache.jackrabbit.test.AbstractJCRTest,0.19,10,3,6,0,10,4,0,6,201,1
"org.apache.jackrabbit.test.api.RootNodeTest",6,0.20,1.33,24,0.20,2540.41,8,2,5,15,2,128.03,29,34,1,4,127.79,0.00,0.75,0.67,0,0.00,2,585.93,2,0,1,org.apache.jackrabbit.test.AbstractJCRTest,0.35,9,3,8,0,9,6,0,10,148,1
"org.apache.jackrabbit.test.api.SerializationContext",2,0.96,1.50,61,0.65,10501.89,29,27,2,4,3,126.40,5,65,2,1,86.51,0.00,0.00,0.52,0,0.00,2,1941.30,0,1,1,java.lang.Object,0.00,2,0,3,0,2,1,0,2,351,0
"org.apache.jackrabbit.test.api.SerializationTest",59,0.16,1.61,312,3.48,86381.77,71,12,29,108,5,159.77,163,467,1,4,119.89,0.00,0.75,0.24,12,260.00,5,10443.71,3,2,4,org.apache.jackrabbit.test.AbstractJCRTest,0.11,49,3,95,0,49,57,0,56,2177,1
"org.apache.jackrabbit.test.api.SessionReadMethodsTest",13,0.04,2.00,84,0.90,24109.66,15,2,9,41,3,98.20,67,122,1,4,116.08,0.00,0.75,0.46,2,0.00,4,2691.36,2,2,2,org.apache.jackrabbit.test.AbstractJCRTest,0.27,28,3,26,0,28,11,0,19,581,1
"org.apache.jackrabbit.test.api.SessionTest",15,0.00,1.80,184,2.65,72399.86,15,0,12,42,3,110.73,262,237,1,4,101.60,0.00,0.75,0.00,0,0.00,5,7947.70,0,0,2,org.apache.jackrabbit.test.AbstractJCRTest,0.00,27,3,27,0,27,15,0,142,1516,1
"org.apache.jackrabbit.test.api.SessionUUIDTest",2,0.00,3.00,31,0.47,16744.54,2,0,7,18,3,109.77,68,42,1,4,95.99,0.00,0.75,0.00,0,0.00,3,1407.24,1,0,2,org.apache.jackrabbit.test.AbstractJCRTest,0.00,16,3,6,0,16,2,0,25,255,1
"org.apache.jackrabbit.test.api.SetPropertyAssumeTypeTest",12,0.37,1.50,193,3.19,117354.89,30,18,14,32,5,62.35,76,357,1,4,94.57,0.00,0.75,0.40,1,0.00,3,9562.10,2,0,4,org.apache.jackrabbit.test.AbstractJCRTest,0.28,20,3,18,0,20,12,0,22,1789,1
"org.apache.jackrabbit.test.api.SetPropertyBooleanTest",8,0.00,1.00,40,0.40,5108.54,9,1,3,17,2,123.07,35,59,1,4,122.84,0.00,0.75,1.00,0,0.00,1,1194.99,2,0,1,org.apache.jackrabbit.test.AbstractJCRTest,0.32,9,3,8,0,9,8,0,7,284,1
"org.apache.jackrabbit.test.api.SetPropertyCalendarTest",8,0.50,1.00,45,0.51,6653.13,12,4,5,20,2,122.17,35,64,1,4,121.93,0.00,0.75,0.69,0,0.00,1,1528.20,2,0,1,org.apache.jackrabbit.test.AbstractJCRTest,0.32,12,3,8,0,12,8,0,7,346,1
"org.apache.jackrabbit.test.api.SetPropertyConstraintViolationExceptionTest",6,0.00,6.67,148,2.26,111155.23,6,0,14,32,4,75.11,95,254,1,4,85.47,0.00,0.75,0.00,0,0.00,9,6767.96,0,0,3,org.apache.jackrabbit.test.AbstractJCRTest,0.00,26,3,40,0,26,6,0,56,1147,1
"org.apache.jackrabbit.test.api.SetPropertyDoubleTest",8,0.38,1.00,43,0.49,6956.79,11,3,3,21,2,122.02,37,62,1,4,121.78,0.00,0.75,0.67,0,0.00,1,1467.01,3,0,1,org.apache.jackrabbit.test.AbstractJCRTest,0.32,13,3,8,0,13,8,0,9,338,1
"org.apache.jackrabbit.test.api.SetPropertyInputStreamTest",9,0.28,1.78,84,1.06,32107.67,14,5,6,30,3,107.53,43,118,1,4,107.30,0.00,0.75,0.44,0,0.00,5,3194.60,2,0,2,org.apache.jackrabbit.test.AbstractJCRTest,0.31,21,3,16,0,21,9,0,13,646,1
"org.apache.jackrabbit.test.api.SetPropertyLongTest",8,0.38,1.00,42,0.46,6673.90,11,3,3,18,2,122.16,35,61,1,4,121.92,0.00,0.75,0.67,0,0.00,1,1392.28,2,0,1,org.apache.jackrabbit.test.AbstractJCRTest,0.32,10,3,8,0,10,8,0,7,323,1
"org.apache.jackrabbit.test.api.SetPropertyNodeTest",8,0.57,1.25,52,0.60,11748.77,11,3,3,23,3,99.11,44,73,1,4,116.98,0.00,0.75,0.83,0,0.00,3,1799.71,3,0,2,org.apache.jackrabbit.test.AbstractJCRTest,0.32,15,3,10,0,15,8,0,10,399,1
"org.apache.jackrabbit.test.api.SetPropertyStringTest",30,0.23,1.20,190,2.37,41911.20,38,8,6,46,2,117.40,138,267,1,4,117.16,0.00,0.75,0.35,0,0.00,3,7098.91,2,0,1,org.apache.jackrabbit.test.AbstractJCRTest,0.17,16,3,36,0,16,30,0,35,1555,1
"org.apache.jackrabbit.test.api.SetPropertyValueTest",33,0.21,1.33,217,2.67,55145.84,41,8,6,49,2,116.76,160,297,1,4,116.53,0.00,0.75,0.33,0,0.00,6,8003.44,2,0,1,org.apache.jackrabbit.test.AbstractJCRTest,0.16,16,3,44,0,16,33,0,38,1745,1
"org.apache.jackrabbit.test.api.SetValueBinaryTest",7,0.46,2.00,63,0.79,20446.10,11,4,9,35,3,65.66,52,84,1,4,107.96,0.00,0.75,0.64,1,0.00,3,2375.57,2,0,2,org.apache.jackrabbit.test.AbstractJCRTest,0.33,28,3,14,0,28,7,0,17,478,1
"org.apache.jackrabbit.test.api.SetValueBooleanTest",6,0.60,1.33,35,0.34,4076.56,9,3,6,19,2,80.27,43,46,1,4,122.56,0.00,0.75,0.83,0,0.00,2,1014.68,2,0,1,org.apache.jackrabbit.test.AbstractJCRTest,0.35,13,3,8,0,13,6,0,13,234,1
"org.apache.jackrabbit.test.api.SetValueConstraintViolationExceptionTest",12,0.00,6.92,333,5.06,259076.23,12,0,15,39,4,62.89,179,528,1,4,83.03,0.00,0.75,0.00,0,0.00,9,15176.04,0,0,3,org.apache.jackrabbit.test.AbstractJCRTest,0.00,27,3,83,0,27,12,0,122,2522,1
"org.apache.jackrabbit.test.api.SetValueDateTest",6,0.60,1.33,38,0.38,4778.39,9,3,8,20,2,76.77,43,49,1,4,119.06,0.00,0.75,0.83,0,0.00,2,1136.55,2,0,1,org.apache.jackrabbit.test.AbstractJCRTest,0.35,14,3,8,0,14,6,0,13,254,1
"org.apache.jackrabbit.test.api.SetValueDoubleTest",6,0.60,1.33,36,0.37,4723.96,9,3,6,21,2,76.81,45,47,1,4,119.10,0.00,0.75,0.83,0,0.00,2,1110.39,3,0,1,org.apache.jackrabbit.test.AbstractJCRTest,0.35,15,3,8,0,15,6,0,15,252,1
"org.apache.jackrabbit.test.api.SetValueLongTest",6,0.60,1.33,35,0.34,4076.56,9,3,6,19,2,80.27,43,46,1,4,122.56,0.00,0.75,0.83,0,0.00,2,1014.68,2,0,1,org.apache.jackrabbit.test.AbstractJCRTest,0.35,13,3,8,0,13,6,0,13,234,1
"org.apache.jackrabbit.test.api.SetValueReferenceTest",7,0.39,1.57,44,0.42,6528.92,10,3,7,26,3,68.48,63,58,1,4,118.48,0.00,0.75,0.67,1,0.00,3,1255.76,2,0,2,org.apache.jackrabbit.test.AbstractJCRTest,0.33,19,3,11,0,19,7,0,17,285,1
"org.apache.jackrabbit.test.api.SetValueStringTest",25,0.20,1.56,161,1.69,29488.26,34,9,10,42,2,99.81,131,207,1,4,117.68,0.00,0.75,0.30,0,0.00,2,5073.42,2,0,1,org.apache.jackrabbit.test.AbstractJCRTest,0.19,17,3,39,0,17,25,0,47,1089,1
"org.apache.jackrabbit.test.api.SetValueValueFormatExceptionTest",12,0.00,2.58,90,1.25,38503.13,12,0,12,30,4,79.42,79,163,1,4,111.65,0.00,0.75,0.00,1,38.00,7,3757.98,1,1,3,org.apache.jackrabbit.test.AbstractJCRTest,0.00,18,3,31,0,18,11,0,27,723,1
"org.apache.jackrabbit.test.api.SetValueVersionExceptionTest",12,0.30,2.58,110,1.25,38478.21,18,6,12,31,3,75.36,77,186,1,4,107.58,0.00,0.75,0.44,0,0.00,7,3745.52,4,0,2,org.apache.jackrabbit.test.AbstractJCRTest,0.28,19,3,31,0,19,12,0,31,733,1
"org.apache.jackrabbit.test.api.StringPropertyTest",12,0.00,2.67,93,1.09,31309.41,12,0,7,43,4,64.24,96,150,1,5,112.35,0.00,0.80,0.00,0,0.00,5,3261.50,0,1,3,org.apache.jackrabbit.test.api.AbstractPropertyTest,0.29,31,4,32,0,31,11,0,25,648,1
"org.apache.jackrabbit.test.api.SysViewContentHandler",13,0.12,4.92,290,4.68,289257.61,35,22,27,90,4,37.85,138,411,2,2,86.32,0.00,0.50,0.16,5,57.00,16,14052.08,0,1,2,org.xml.sax.helpers.DefaultHandler,0.00,77,1,64,0,77,12,0,90,2303,0
"org.apache.jackrabbit.test.api.SysViewContentHandler$ChildNodeElem",0,0.00,0.00,3,0.01,82.42,2,2,27,0,0,171.00,0,4,0,1,171.00,0.00,0.00,0.00,0,0.00,0,41.21,0,0,0,java.lang.Object,0.00,0,0,0,0,0,0,0,0,13,1
"org.apache.jackrabbit.test.api.SysViewContentHandler$ConditionException",1,0.00,1.00,3,0.02,106.02,1,0,27,1,0,137.25,0,5,0,2,137.25,0.00,0.50,0.00,0,1.00,1,45.51,0,0,0,org.xml.sax.SAXException,0.00,0,1,1,0,0,1,0,0,16,1
"org.apache.jackrabbit.test.api.SysViewContentHandler$NodeElemData",0,0.00,0.00,8,0.06,805.37,7,7,27,2,0,171.00,10,9,0,1,171.00,0.00,0.00,0.00,0,0.00,0,191.76,0,0,0,java.lang.Object,0.00,2,0,0,0,2,0,0,10,43,1
"org.apache.jackrabbit.test.api.SysViewContentHandler$PropElemData",0,0.00,0.00,5,0.03,169.39,4,4,27,0,0,171.00,0,6,0,1,171.00,0.00,0.00,0.00,0,0.00,0,75.28,0,0,0,java.lang.Object,0.00,0,0,0,0,0,0,0,0,21,1
"org.apache.jackrabbit.test.api.TestAll",1,0.00,1.00,86,1.49,64614.96,1,0,3,3,84,40.82,14,88,2,2,60.96,0.00,0.50,0.00,0,1.00,1,4457.25,0,1,82,junit.framework.TestCase,0.00,2,1,1,0,2,0,0,5,679,1
"org.apache.jackrabbit.test.api.TreeComparator",23,0.04,3.17,266,3.82,161430.87,37,14,17,70,3,69.38,158,360,1,4,101.60,0.00,0.75,0.11,11,131.00,12,11467.36,2,2,2,org.apache.jackrabbit.test.AbstractJCRTest,0.10,47,3,73,0,47,21,0,54,2026,0
"org.apache.jackrabbit.test.api.UndefinedPropertyTest",3,0.00,1.00,12,0.12,1661.57,3,0,6,9,4,94.72,19,18,1,4,126.94,0.00,0.75,0.00,0,5.00,1,347.13,1,1,3,org.apache.jackrabbit.test.AbstractJCRTest,0.20,6,3,3,0,6,2,0,4,81,1
"org.apache.jackrabbit.test.api.ValueFactoryTest",5,0.33,6.80,137,2.31,261362.52,24,19,15,32,3,37.72,37,216,1,4,80.01,0.00,0.75,0.32,0,0.00,14,6932.12,2,1,2,org.apache.jackrabbit.test.AbstractJCRTest,0.36,27,3,34,0,27,4,0,15,1183,1
"org.apache.jackrabbit.test.api.WorkspaceCloneReferenceableTest",4,0.00,1.75,35,0.54,12098.51,4,0,4,16,3,65.65,44,44,1,7,109.77,0.00,0.86,0.00,0,0.00,3,1615.15,1,0,2,org.apache.jackrabbit.test.api.AbstractWorkspaceReferenceableTest,0.00,12,6,7,0,12,4,0,20,330,1
"org.apache.jackrabbit.test.api.WorkspaceCloneSameNameSibsTest",2,0.00,2.50,22,0.33,8568.30,2,0,4,15,2,83.20,29,26,1,7,103.34,0.00,0.86,0.00,0,0.00,3,989.13,0,0,1,org.apache.jackrabbit.test.api.AbstractWorkspaceSameNameSibsTest,0.00,13,6,5,0,13,2,0,10,188,1
"org.apache.jackrabbit.test.api.WorkspaceCloneTest",8,0.00,2.00,60,0.95,21529.78,8,0,8,29,2,64.20,64,87,1,6,112.31,0.00,0.83,0.00,0,0.00,3,2835.04,1,0,1,org.apache.jackrabbit.test.api.AbstractWorkspaceCopyBetweenTest,0.00,21,5,16,0,21,8,0,30,563,1
"org.apache.jackrabbit.test.api.WorkspaceCloneVersionableTest",1,0.00,3.00,12,0.20,6491.04,1,0,2,8,2,144.41,22,18,1,7,100.47,0.00,0.86,0.00,0,0.00,3,600.57,1,0,1,org.apache.jackrabbit.test.api.AbstractWorkspaceVersionableTest,0.00,7,6,3,0,7,1,0,10,121,1
"org.apache.jackrabbit.test.api.WorkspaceCopyBetweenWorkspacesReferenceableTest",1,0.00,1.00,9,0.13,2539.78,1,0,2,9,2,108.12,16,11,1,7,108.59,0.00,0.86,0.00,0,0.00,1,388.43,1,0,1,org.apache.jackrabbit.test.api.AbstractWorkspaceReferenceableTest,0.00,8,6,1,0,8,1,0,5,82,1
"org.apache.jackrabbit.test.api.WorkspaceCopyBetweenWorkspacesSameNameSibsTest",2,0.00,2.50,22,0.32,8710.08,2,0,4,14,2,83.14,29,26,1,7,103.29,0.00,0.86,0.00,0,0.00,3,965.47,0,0,1,org.apache.jackrabbit.test.api.AbstractWorkspaceSameNameSibsTest,0.00,12,6,5,0,12,2,0,10,186,1
"org.apache.jackrabbit.test.api.WorkspaceCopyBetweenWorkspacesTest",7,0.00,2.29,54,0.84,20353.12,7,0,10,29,3,63.91,57,81,1,6,112.01,0.00,0.83,0.00,0,0.00,4,2514.66,1,0,2,org.apache.jackrabbit.test.api.AbstractWorkspaceCopyBetweenTest,0.00,22,5,16,0,22,7,0,26,495,1
"org.apache.jackrabbit.test.api.WorkspaceCopyBetweenWorkspacesVersionableTest",1,0.00,3.00,12,0.19,6579.88,1,0,2,7,2,144.37,22,18,1,7,100.42,0.00,0.86,0.00,0,0.00,3,580.51,1,0,1,org.apache.jackrabbit.test.api.AbstractWorkspaceVersionableTest,0.00,6,6,3,0,6,1,0,10,119,1
"org.apache.jackrabbit.test.api.WorkspaceCopyReferenceableTest",3,0.00,1.00,12,0.14,2565.27,3,0,3,11,3,107.58,17,16,1,7,125.45,0.00,0.86,0.00,0,1.00,1,431.54,1,1,2,org.apache.jackrabbit.test.api.AbstractWorkspaceReferenceableTest,0.48,8,6,3,0,8,2,0,6,98,1
"org.apache.jackrabbit.test.api.WorkspaceCopySameNameSibsTest",4,0.00,1.75,25,0.33,8387.67,4,0,5,16,3,73.40,30,31,1,7,115.69,0.00,0.86,0.00,0,0.00,3,983.15,0,1,2,org.apache.jackrabbit.test.api.AbstractWorkspaceSameNameSibsTest,0.47,12,6,7,0,12,3,0,11,198,1
"org.apache.jackrabbit.test.api.WorkspaceCopyTest",6,0.00,2.33,51,0.73,17887.52,6,0,7,27,2,61.65,53,76,1,5,109.76,0.00,0.80,0.00,0,0.00,3,2182.67,0,0,1,org.apache.jackrabbit.test.api.AbstractWorkspaceCopyTest,0.00,21,4,14,0,21,6,0,24,430,1
"org.apache.jackrabbit.test.api.WorkspaceCopyVersionableTest",3,0.00,2.00,17,0.24,8035.12,3,0,4,11,3,75.48,23,28,1,7,117.77,0.00,0.86,0.00,0,1.00,4,706.90,1,1,2,org.apache.jackrabbit.test.api.AbstractWorkspaceVersionableTest,0.48,8,6,6,0,8,2,0,11,146,1
"org.apache.jackrabbit.test.api.WorkspaceMoveReferenceableTest",3,0.00,1.00,12,0.14,2565.27,3,0,3,11,3,93.23,18,16,1,7,125.45,0.00,0.86,0.00,0,1.00,1,431.54,1,1,2,org.apache.jackrabbit.test.api.AbstractWorkspaceReferenceableTest,0.48,8,6,3,0,8,2,0,7,98,1
"org.apache.jackrabbit.test.api.WorkspaceMoveSameNameSibsTest",4,0.00,1.75,27,0.36,9319.12,4,0,5,17,3,73.04,31,33,1,7,115.33,0.00,0.86,0.00,0,0.00,3,1085.44,0,1,2,org.apache.jackrabbit.test.api.AbstractWorkspaceSameNameSibsTest,0.47,13,6,7,0,13,3,0,12,213,1
"org.apache.jackrabbit.test.api.WorkspaceMoveTest",6,0.00,2.33,51,0.73,17887.52,6,0,7,27,2,61.65,52,76,1,5,109.76,0.00,0.80,0.00,0,0.00,3,2182.67,0,0,1,org.apache.jackrabbit.test.api.AbstractWorkspaceCopyTest,0.00,21,4,14,0,21,6,0,23,430,1
"org.apache.jackrabbit.test.api.WorkspaceMoveVersionableTest",3,0.00,2.00,17,0.24,7790.45,3,0,4,12,3,75.59,23,28,1,7,117.88,0.00,0.86,0.00,0,1.00,4,711.52,1,1,2,org.apache.jackrabbit.test.api.AbstractWorkspaceVersionableTest,0.48,9,6,6,0,9,2,0,11,146,1
"org.apache.jackrabbit.test.api.WorkspaceReadMethodsTest",5,0.00,1.40,33,0.33,7639.24,5,0,4,18,2,98.95,29,48,1,4,116.82,0.00,0.75,0.00,0,0.00,2,988.92,1,0,1,org.apache.jackrabbit.test.AbstractJCRTest,0.18,13,3,7,0,13,5,0,7,217,1
"org.apache.jackrabbit.core.query.qom.AbstractQOMNode",4,0.67,2.00,17,0.14,2807.20,5,1,4,8,12,93.75,27,27,8,1,125.97,0.00,0.00,0.50,0,4.00,3,423.77,0,3,4,java.lang.Object,0.00,4,0,8,32,4,1,0,5,107,2
"org.apache.jackrabbit.core.query.qom.AbstractQOMTest",1,0.00,1.00,6,0.06,704.03,2,1,3,4,5,140.16,3,8,2,5,119.55,0.50,0.57,1.00,0,0.00,1,169.98,1,0,3,org.apache.jackrabbit.test.api.query.AbstractQueryTest,0.16,3,4,1,2,3,1,0,1,43,1
"org.apache.jackrabbit.core.query.qom.AndImpl",4,0.33,1.00,13,0.10,1257.96,6,2,3,5,9,101.31,26,18,5,3,133.53,0.00,0.67,0.25,0,8.00,1,293.91,0,3,5,org.apache.jackrabbit.core.query.qom.ConstraintImpl,0.00,1,2,4,0,1,1,1,7,80,1
"org.apache.jackrabbit.core.query.qom.BindVariableValueImpl",4,0.67,1.00,11,0.08,921.37,5,1,3,5,9,108.95,24,18,5,3,141.17,0.00,0.67,0.50,0,4.00,1,242.68,1,3,5,org.apache.jackrabbit.core.query.qom.StaticOperandImpl,0.00,1,2,4,0,1,1,1,7,68,1
"org.apache.jackrabbit.core.query.qom.ChildNodeImpl",4,0.33,1.00,13,0.10,1224.88,6,2,4,5,9,101.40,26,18,4,3,133.63,0.00,0.67,0.25,0,8.00,1,310.95,2,3,6,org.apache.jackrabbit.core.query.qom.ConstraintImpl,0.00,1,2,4,0,1,1,1,7,84,1
"org.apache.jackrabbit.core.query.qom.ChildNodeJoinConditionImpl",4,0.33,1.00,13,0.10,1304.73,6,2,3,5,8,101.19,26,22,4,3,133.41,0.00,0.67,0.25,0,8.00,1,306.29,1,3,5,org.apache.jackrabbit.core.query.qom.JoinConditionImpl,0.00,1,2,4,0,1,1,1,7,84,1
"org.apache.jackrabbit.core.query.qom.ColumnImpl",8,0.07,1.00,24,0.18,2957.60,12,4,3,9,11,90.69,59,36,7,2,132.98,0.00,0.50,0.19,0,32.00,1,538.27,1,7,5,org.apache.jackrabbit.core.query.qom.AbstractQOMNode,0.00,1,1,8,0,1,1,1,14,145,1
"org.apache.jackrabbit.core.query.qom.ComparisonImpl",5,0.17,1.00,17,0.13,1562.33,8,3,4,6,12,85.45,41,26,5,3,133.56,0.00,0.67,0.20,0,14.00,1,384.50,0,3,8,org.apache.jackrabbit.core.query.qom.ConstraintImpl,0.00,1,2,5,0,1,2,1,9,102,1
"org.apache.jackrabbit.core.query.qom.ConstraintImpl",1,0.00,1.00,3,0.02,160.59,1,0,2,1,16,136.07,4,7,13,2,135.83,9.00,0.09,0.00,0,1.00,1,58.53,0,0,3,org.apache.jackrabbit.core.query.qom.AbstractQOMNode,0.00,0,1,1,9,0,1,1,1,19,2
"org.apache.jackrabbit.core.query.qom.DefaultQOMTreeVisitor",27,0.00,1.00,55,0.46,5451.48,27,0,0,27,29,162.23,85,83,1,1,141.62,0.00,0.00,0.00,0,27.00,1,1370.63,0,27,28,java.lang.Object,0.00,0,0,27,1,0,0,1,28,384,1
"org.apache.jackrabbit.core.query.qom.DefaultTraversingQOMTreeVisitor",10,0.00,1.30,51,0.63,17511.38,10,0,0,32,20,119.56,40,59,2,2,119.33,0.00,0.50,0.00,0,10.00,4,1895.93,0,10,18,org.apache.jackrabbit.core.query.qom.DefaultQOMTreeVisitor,0.00,22,1,13,0,22,0,0,11,428,1
"org.apache.jackrabbit.core.query.qom.DescendantNodeImpl",4,0.33,1.00,13,0.10,1224.88,6,2,4,5,9,101.40,26,22,4,3,133.63,0.00,0.67,0.25,0,8.00,1,310.95,2,3,6,org.apache.jackrabbit.core.query.qom.ConstraintImpl,0.00,1,2,4,0,1,1,1,7,84,1
"org.apache.jackrabbit.core.query.qom.DescendantNodeJoinConditionImpl",4,0.33,1.00,13,0.10,1304.73,6,2,3,5,8,101.19,26,22,4,3,133.41,0.00,0.67,0.25,0,8.00,1,306.29,1,3,5,org.apache.jackrabbit.core.query.qom.JoinConditionImpl,0.00,1,2,4,0,1,1,1,7,84,1
"org.apache.jackrabbit.core.query.qom.DynamicOperandImpl",1,0.00,1.00,3,0.02,160.59,1,0,2,1,14,156.45,3,7,11,2,135.83,7.00,0.11,0.00,0,1.00,1,58.53,0,0,3,org.apache.jackrabbit.core.query.qom.AbstractQOMNode,0.00,0,1,1,7,0,1,1,1,19,2
"org.apache.jackrabbit.core.query.qom.EquiJoinConditionImpl",6,0.10,1.00,21,0.16,2379.37,10,4,3,7,8,90.45,42,34,4,3,132.74,0.00,0.67,0.17,0,22.00,1,489.21,1,5,5,org.apache.jackrabbit.core.query.qom.JoinConditionImpl,0.00,1,2,6,0,1,1,1,11,132,1
"org.apache.jackrabbit.core.query.qom.FullTextSearchImpl",7,0.11,1.00,21,0.15,1808.37,10,3,3,8,8,91.92,49,34,4,3,134.21,0.00,0.67,0.24,0,24.00,1,442.56,1,6,5,org.apache.jackrabbit.core.query.qom.ConstraintImpl,0.00,1,2,7,0,1,1,1,12,122,1
"org.apache.jackrabbit.core.query.qom.FullTextSearchScoreImpl",3,1.00,1.00,9,0.07,861.37,4,1,3,4,9,101.62,18,15,5,3,133.85,0.00,0.67,0.33,0,4.00,1,218.68,1,2,5,org.apache.jackrabbit.core.query.qom.DynamicOperandImpl,0.00,1,2,3,0,1,1,1,5,60,1
"org.apache.jackrabbit.core.query.qom.JoinConditionImpl",1,0.00,1.00,3,0.02,160.59,1,0,2,1,10,156.45,3,7,7,2,135.83,4.00,0.17,0.00,0,1.00,1,58.53,0,0,3,org.apache.jackrabbit.core.query.qom.AbstractQOMNode,0.00,0,1,1,4,0,1,1,1,19,2
"org.apache.jackrabbit.core.query.qom.JoinImpl",6,0.10,1.00,21,0.16,2109.54,10,4,4,7,11,90.86,45,32,5,3,133.15,0.00,0.67,0.17,0,22.00,1,468.62,0,4,7,org.apache.jackrabbit.core.query.qom.SourceImpl,0.00,1,2,6,0,1,2,1,11,124,1
"org.apache.jackrabbit.core.query.qom.LengthImpl",3,1.00,1.00,9,0.07,842.12,4,1,3,4,11,101.70,18,13,6,3,133.92,0.00,0.67,0.33,0,4.00,1,210.98,0,2,6,org.apache.jackrabbit.core.query.qom.DynamicOperandImpl,0.00,1,2,3,0,1,1,1,5,58,1
"org.apache.jackrabbit.core.query.qom.LiteralImpl",3,1.00,1.00,9,0.07,909.92,4,1,3,4,7,133.89,13,13,4,3,133.66,0.00,0.67,0.33,0,4.00,1,216.64,0,2,4,org.apache.jackrabbit.core.query.qom.StaticOperandImpl,0.00,1,2,3,0,1,1,1,4,59,1
"org.apache.jackrabbit.core.query.qom.LowerCaseImpl",3,1.00,1.00,9,0.07,885.84,4,1,3,4,10,101.53,18,13,6,3,133.75,0.00,0.67,0.33,0,4.00,1,209.36,0,2,5,org.apache.jackrabbit.core.query.qom.DynamicOperandImpl,0.00,1,2,3,0,1,1,1,5,58,1
"org.apache.jackrabbit.core.query.qom.NodeLocalNameImpl",3,1.00,1.00,9,0.07,861.37,4,1,3,4,9,101.62,18,15,5,3,133.85,0.00,0.67,0.33,0,4.00,1,218.68,1,2,5,org.apache.jackrabbit.core.query.qom.DynamicOperandImpl,0.00,1,2,3,0,1,1,1,5,60,1
"org.apache.jackrabbit.core.query.qom.NodeNameImpl",3,1.00,1.00,9,0.07,861.37,4,1,3,4,9,101.62,18,13,5,3,133.85,0.00,0.67,0.33,0,4.00,1,218.68,1,2,5,org.apache.jackrabbit.core.query.qom.DynamicOperandImpl,0.00,1,2,3,0,1,1,1,5,60,1
"org.apache.jackrabbit.core.query.qom.NotImpl",3,1.00,1.00,9,0.07,885.84,4,1,3,4,9,101.53,18,13,5,3,133.75,0.00,0.67,0.33,0,4.00,1,209.36,0,2,5,org.apache.jackrabbit.core.query.qom.ConstraintImpl,0.00,1,2,3,0,1,1,1,5,58,1
"org.apache.jackrabbit.core.query.qom.OrImpl",4,0.33,1.00,13,0.10,1257.96,6,2,3,5,9,101.31,26,18,5,3,133.53,0.00,0.67,0.25,0,8.00,1,293.91,0,3,5,org.apache.jackrabbit.core.query.qom.ConstraintImpl,0.00,1,2,4,0,1,1,1,7,80,1
"org.apache.jackrabbit.core.query.qom.OrderingImpl",4,0.22,1.00,14,0.12,1936.78,7,3,3,5,12,89.77,31,21,7,2,132.06,0.00,0.50,0.17,0,8.00,1,362.36,0,2,6,org.apache.jackrabbit.core.query.qom.AbstractQOMNode,0.00,1,1,4,0,1,2,1,8,93,1
"org.apache.jackrabbit.core.query.qom.PropertyExistenceImpl",6,0.20,1.00,17,0.12,1424.73,8,2,3,7,8,108.84,37,28,4,3,141.06,0.00,0.67,0.33,0,14.00,1,354.29,1,5,5,org.apache.jackrabbit.core.query.qom.ConstraintImpl,0.00,1,2,6,0,1,1,1,10,100,1
"org.apache.jackrabbit.core.query.qom.PropertyValueImpl",6,0.20,1.00,17,0.12,1424.73,8,2,3,7,11,108.84,37,28,7,3,141.06,0.00,0.67,0.33,0,14.00,1,354.29,1,5,5,org.apache.jackrabbit.core.query.qom.DynamicOperandImpl,0.00,1,2,6,0,1,1,1,10,100,1
"org.apache.jackrabbit.core.query.qom.QOMTreeVisitor",27,0.00,1.00,28,0.33,2314.10,27,0,0,27,29,155.78,3,29,29,1,155.78,0.00,0.00,0.00,0,27.00,1,994.61,0,27,27,,0.00,0,0,27,0,0,0,0,1,301,1
"org.apache.jackrabbit.core.query.qom.QueryObjectModelFactoryImpl",48,0.00,2.06,244,3.21,117217.89,54,6,45,83,75,69.61,522,468,2,1,118.08,0.00,0.00,0.17,2,0.00,10,9642.53,0,47,73,java.lang.Object,0.00,35,0,99,0,35,1,1,74,2054,1
"org.apache.jackrabbit.core.query.qom.QueryObjectModelFactoryTest",49,0.07,1.04,287,4.12,77804.98,56,7,37,142,34,140.33,148,342,0,6,119.71,0.00,0.83,0.08,0,0.00,2,12361.81,0,0,34,org.apache.jackrabbit.core.query.qom.AbstractQOMTest,0.00,93,5,51,0,93,49,0,49,2589,1
"org.apache.jackrabbit.core.query.qom.QueryObjectModelImpl",4,0.00,1.00,9,0.06,711.01,4,0,6,8,7,109.83,24,16,1,4,142.05,0.00,0.75,0.00,0,0.00,1,173.46,0,4,6,org.apache.jackrabbit.core.query.PreparedQueryImpl,0.00,4,3,4,0,4,0,1,6,54,1
"org.apache.jackrabbit.core.query.qom.QueryObjectModelTree",7,0.12,1.00,27,0.25,5000.58,11,4,2,9,19,88.44,49,40,13,2,130.73,0.00,0.50,0.14,1,27.00,1,758.57,0,5,7,org.apache.jackrabbit.core.query.qom.AbstractQOMNode,0.00,2,1,7,0,2,2,0,13,187,1
"org.apache.jackrabbit.core.query.qom.SameNodeImpl",4,0.33,1.00,13,0.10,1224.88,6,2,4,5,9,101.40,26,20,4,3,133.63,0.00,0.67,0.25,0,8.00,1,310.95,2,3,6,org.apache.jackrabbit.core.query.qom.ConstraintImpl,0.00,1,2,4,0,1,1,1,7,84,1
"org.apache.jackrabbit.core.query.qom.SameNodeJoinConditionImpl",5,0.17,1.00,17,0.13,1707.62,8,3,4,6,9,101.03,34,28,4,3,133.25,0.00,0.67,0.20,0,14.00,1,402.26,2,4,6,org.apache.jackrabbit.core.query.qom.JoinConditionImpl,0.00,1,2,5,0,1,1,1,9,108,1
"org.apache.jackrabbit.core.query.qom.SelectorImpl",6,0.20,1.00,17,0.12,1424.73,8,2,3,7,8,98.77,43,26,4,3,141.06,0.00,0.67,0.33,0,14.00,1,354.29,1,5,5,org.apache.jackrabbit.core.query.qom.SourceImpl,0.00,1,2,6,0,1,1,1,10,100,1
"org.apache.jackrabbit.core.query.qom.SelectorQueryTest",1,0.00,2.00,8,0.11,1823.15,1,0,3,10,1,111.71,4,12,0,6,111.48,0.00,0.83,0.00,0,0.00,2,337.53,0,0,1,org.apache.jackrabbit.core.query.qom.AbstractQOMTest,0.00,9,5,2,0,9,1,0,2,71,1
"org.apache.jackrabbit.core.query.qom.SourceImpl",1,0.00,1.00,3,0.02,160.59,1,0,2,1,8,156.45,3,5,5,2,135.83,2.00,0.25,0.00,0,1.00,1,58.53,0,0,3,org.apache.jackrabbit.core.query.qom.AbstractQOMNode,0.00,0,1,1,2,0,1,1,1,19,2
"org.apache.jackrabbit.core.query.qom.StaticOperandImpl",1,0.00,1.00,3,0.02,160.59,1,0,2,1,9,156.45,3,7,6,2,135.83,2.00,0.25,0.00,0,1.00,1,58.53,0,0,3,org.apache.jackrabbit.core.query.qom.AbstractQOMNode,0.00,0,1,1,2,0,1,1,1,19,2
"org.apache.jackrabbit.core.query.qom.UpperCaseImpl",3,1.00,1.00,9,0.07,885.84,4,1,3,4,10,101.53,18,13,6,3,133.75,0.00,0.67,0.33,0,4.00,1,209.36,0,2,5,org.apache.jackrabbit.core.query.qom.DynamicOperandImpl,0.00,1,2,3,0,1,1,1,5,58,1
"org.apache.jackrabbit.test.api.query.AbstractOrderByTest",7,0.00,2.14,73,0.95,27562.27,9,2,11,23,6,87.34,41,73,5,5,105.21,1.25,0.40,0.50,1,0.00,3,2838.93,1,0,1,org.apache.jackrabbit.test.api.query.AbstractQueryTest,0.14,16,4,15,5,16,7,0,10,549,0
"org.apache.jackrabbit.test.api.query.AbstractQueryLevel2Test",5,0.00,1.80,41,0.63,18024.37,5,0,8,23,4,61.06,44,57,2,5,109.17,0.50,0.57,0.00,0,2.00,3,1887.82,0,0,2,org.apache.jackrabbit.test.api.query.AbstractQueryTest,0.00,18,4,9,2,18,5,0,9,373,2
"org.apache.jackrabbit.test.api.query.AbstractQueryTest",13,0.13,2.54,119,1.48,53837.19,18,5,15,52,28,56.71,127,142,25,4,106.71,11.33,0.08,0.08,3,41.00,8,4454.78,2,6,3,org.apache.jackrabbit.test.AbstractJCRTest,0.13,39,3,33,34,39,7,0,26,878,2
"org.apache.jackrabbit.test.api.query.DerefQueryLevel1Test",8,0.29,2.50,76,1.05,36088.53,9,1,10,33,4,74.20,54,96,1,5,106.42,0.00,0.80,0.75,2,0.00,6,3163.03,3,1,3,org.apache.jackrabbit.test.api.query.AbstractQueryTest,0.26,25,4,20,0,25,7,0,12,609,1
"org.apache.jackrabbit.test.api.query.ElementTest",8,0.00,1.12,61,0.96,24485.56,8,0,3,13,3,79.78,48,71,1,5,112.00,0.00,0.80,0.00,0,0.00,2,2887.95,1,0,2,org.apache.jackrabbit.test.api.query.AbstractQueryTest,0.00,5,4,9,0,5,8,0,9,568,1
"org.apache.jackrabbit.test.api.query.GetLanguageTest",3,0.00,1.33,16,0.16,2500.44,4,1,3,12,2,89.64,19,21,1,5,121.86,0.00,0.80,1.00,0,0.00,2,491.17,2,0,1,org.apache.jackrabbit.test.api.query.AbstractQueryTest,0.30,9,4,4,0,9,3,0,5,115,1
"org.apache.jackrabbit.test.api.query.GetPersistentQueryPathLevel1Test",3,0.00,1.67,18,0.17,2816.78,4,1,4,12,2,86.23,20,25,1,5,118.45,0.00,0.80,1.00,0,0.00,2,524.67,2,0,1,org.apache.jackrabbit.test.api.query.AbstractQueryTest,0.30,9,4,5,0,9,3,0,6,120,1
"org.apache.jackrabbit.test.api.query.GetPersistentQueryPathTest",1,0.00,2.00,10,0.15,3678.06,1,0,4,10,3,138.84,20,16,1,5,105.46,0.00,0.80,0.00,0,0.00,2,451.91,0,0,2,org.apache.jackrabbit.test.api.query.AbstractQueryTest,0.00,9,4,2,0,9,1,0,3,88,1
"org.apache.jackrabbit.test.api.query.GetPropertyNamesTest",3,0.50,2.00,31,0.40,12453.59,4,1,8,23,2,56.94,25,35,1,5,105.05,0.00,0.80,0.67,0,2.00,3,1207.05,2,0,1,org.apache.jackrabbit.test.api.query.AbstractQueryTest,0.30,20,4,6,0,20,3,0,10,227,1
"org.apache.jackrabbit.test.api.query.GetStatementTest",3,0.00,1.33,16,0.16,2454.91,4,1,3,12,2,89.70,19,23,1,5,121.92,0.00,0.80,1.00,0,0.00,2,493.61,2,0,1,org.apache.jackrabbit.test.api.query.AbstractQueryTest,0.30,9,4,4,0,9,3,0,5,115,1
"org.apache.jackrabbit.test.api.query.GetSupportedQueryLanguagesTest",3,0.00,1.67,17,0.19,2789.99,4,1,7,13,2,79.14,22,25,1,5,121.43,0.00,0.80,1.00,0,0.00,2,558.68,3,0,1,org.apache.jackrabbit.test.api.query.AbstractQueryTest,0.30,10,4,5,0,10,3,0,7,127,1
"org.apache.jackrabbit.test.api.query.OrderByDateTest",4,0.00,1.00,46,0.78,25291.98,4,0,2,7,2,54.12,32,51,1,6,102.22,0.00,0.83,0.00,0,0.00,1,2328.29,2,0,1,org.apache.jackrabbit.test.api.query.AbstractOrderByTest,0.00,3,5,4,0,3,4,0,5,453,1
"org.apache.jackrabbit.test.api.query.OrderByDoubleTest",2,0.00,1.00,7,0.09,1050.04,2,0,0,2,2,87.65,23,10,1,6,131.78,0.00,0.83,0.00,0,0.00,1,270.26,2,0,1,org.apache.jackrabbit.test.api.query.AbstractOrderByTest,0.00,0,5,2,0,0,2,0,3,64,1
"org.apache.jackrabbit.test.api.query.OrderByLongTest",1,0.00,1.00,4,0.05,604.38,1,0,0,1,2,160.02,20,6,1,6,126.64,0.00,0.83,0.00,0,0.00,1,149.29,2,0,1,org.apache.jackrabbit.test.api.query.AbstractOrderByTest,0.00,0,5,1,0,0,1,0,2,36,1
"org.apache.jackrabbit.test.api.query.OrderByMultiTypeTest",1,0.00,4.00,41,0.95,64082.02,1,0,3,8,2,119.94,23,58,1,6,72.67,0.00,0.83,0.00,0,0.00,4,2852.27,1,0,1,org.apache.jackrabbit.test.api.query.AbstractOrderByTest,0.00,7,5,4,0,7,1,0,5,472,1
"org.apache.jackrabbit.test.api.query.OrderByStringTest",1,0.00,1.00,4,0.05,508.68,1,0,0,1,2,160.61,20,6,1,6,127.23,0.00,0.83,0.00,0,0.00,1,142.89,2,0,1,org.apache.jackrabbit.test.api.query.AbstractOrderByTest,0.00,0,5,1,0,0,1,0,2,35,1
"org.apache.jackrabbit.test.api.query.PredicatesTest",7,0.33,1.86,42,0.62,10471.18,10,3,5,17,2,74.54,50,61,1,5,116.83,0.00,0.80,0.62,0,0.00,2,1865.09,2,0,1,org.apache.jackrabbit.test.api.query.AbstractQueryTest,0.27,10,4,13,0,10,7,0,11,385,1
"org.apache.jackrabbit.test.api.query.QueryResultNodeIteratorTest",6,0.00,2.50,56,0.65,19280.76,6,0,6,20,3,65.29,44,75,1,5,107.58,0.00,0.80,0.00,0,0.00,5,1960.83,2,0,2,org.apache.jackrabbit.test.api.query.AbstractQueryTest,0.14,14,4,15,0,14,6,0,17,393,1
"org.apache.jackrabbit.test.api.query.SQLJcrPathTest",3,0.00,1.33,18,0.22,3302.10,4,1,6,17,3,85.73,19,24,1,5,117.95,0.00,0.80,1.00,0,0.00,2,658.55,2,0,2,org.apache.jackrabbit.test.api.query.AbstractQueryTest,0.30,14,4,4,0,14,3,0,6,143,1
"org.apache.jackrabbit.test.api.query.SQLJoinTest",4,0.00,3.00,79,1.37,57644.69,4,0,3,17,3,42.19,32,94,1,5,90.30,0.00,0.80,0.00,0,0.00,3,4110.28,2,0,2,org.apache.jackrabbit.test.api.query.AbstractQueryTest,0.00,13,4,12,0,13,4,0,5,733,1
"org.apache.jackrabbit.test.api.query.SQLOrderByTest",4,0.00,1.00,20,0.26,4935.77,5,1,1,9,3,70.58,37,25,1,5,120.58,0.00,0.80,1.00,0,0.00,1,774.28,4,0,2,org.apache.jackrabbit.test.api.query.AbstractQueryTest,0.15,5,4,4,0,5,4,0,7,172,1
"org.apache.jackrabbit.test.api.query.SQLPathTest",10,0.22,1.80,67,0.84,20751.19,11,1,7,27,2,97.84,54,80,1,5,115.72,0.00,0.80,0.80,1,0.00,4,2512.29,4,2,1,org.apache.jackrabbit.test.api.query.AbstractQueryTest,0.25,17,4,18,0,17,8,0,17,515,1
"org.apache.jackrabbit.test.api.query.SQLPathTest$TraversingItemVisitor.Default",1,0.00,2.00,4,0.06,896.15,1,0,7,5,0,125.13,0,6,0,1,125.13,0.00,0.00,0.00,0,1.00,2,173.83,0,0,0,java.lang.Object,0.00,4,0,2,0,4,1,0,0,41,0
"org.apache.jackrabbit.test.api.query.SQLPathTest$TraversingItemVisitor.Default_0",1,0.00,2.00,4,0.04,553.13,1,0,7,3,0,126.78,0,7,0,1,126.78,0.00,0.00,0.00,0,1.00,2,125.96,0,0,0,java.lang.Object,0.00,2,0,2,0,2,1,0,0,32,0
"org.apache.jackrabbit.test.api.query.SQLQueryLevel2Test",8,0.00,1.50,67,0.83,18095.68,8,0,5,20,3,68.51,56,80,1,6,110.80,0.00,0.83,0.00,3,0.00,4,2480.00,8,0,2,org.apache.jackrabbit.test.api.query.AbstractQueryLevel2Test,0.00,12,5,12,0,12,8,0,19,517,1
"org.apache.jackrabbit.test.api.query.SaveTest",9,0.12,2.67,84,1.23,31956.37,10,1,13,35,3,57.22,81,118,1,4,107.22,0.00,0.75,0.89,1,0.00,5,3693.50,1,0,2,org.apache.jackrabbit.test.AbstractJCRTest,0.15,26,3,24,0,26,9,0,26,693,1
"org.apache.jackrabbit.test.api.query.SimpleSelectionTest",3,0.00,1.67,21,0.29,5913.95,4,1,6,22,3,65.31,26,29,1,5,113.41,0.00,0.80,1.00,0,0.00,2,881.42,2,0,2,org.apache.jackrabbit.test.api.query.AbstractQueryTest,0.30,19,4,5,0,19,3,0,7,176,1
"org.apache.jackrabbit.test.api.query.Statement",3,0.25,1.33,12,0.08,2004.82,5,2,0,4,7,108.36,17,17,7,1,126.23,0.00,0.00,0.33,0,5.00,2,239.93,0,2,0,java.lang.Object,0.00,1,0,4,0,1,1,0,4,65,0
"org.apache.jackrabbit.test.api.query.TestAll",1,0.00,1.00,32,0.44,18061.84,1,0,3,3,30,43.77,12,34,2,2,81.33,0.00,0.50,0.00,0,1.00,1,1323.24,0,1,28,junit.framework.TestCase,0.00,2,1,1,0,2,0,0,3,247,1
"org.apache.jackrabbit.test.api.query.TextNodeTest",5,0.62,1.40,48,0.71,22815.13,7,2,4,13,3,58.41,40,57,1,5,106.51,0.00,0.80,1.00,0,0.00,3,2127.48,2,0,2,org.apache.jackrabbit.test.api.query.AbstractQueryTest,0.14,8,4,7,0,8,5,0,6,413,1
"org.apache.jackrabbit.test.api.query.XPathDocOrderTest",6,0.00,2.00,57,0.75,17410.29,6,0,6,18,4,65.69,46,60,1,5,107.98,0.00,0.80,0.00,1,0.00,4,2261.18,3,0,3,org.apache.jackrabbit.test.api.query.AbstractQueryTest,0.14,12,4,12,0,12,6,0,8,437,1
"org.apache.jackrabbit.test.api.query.XPathJcrPathTest",3,0.00,1.33,18,0.22,3355.11,4,1,6,17,3,85.68,19,24,1,5,117.90,0.00,0.80,1.00,0,0.00,2,671.78,2,0,2,org.apache.jackrabbit.test.api.query.AbstractQueryTest,0.30,14,4,4,0,14,3,0,6,145,1
"org.apache.jackrabbit.test.api.query.XPathOrderByTest",4,0.00,1.00,21,0.23,4132.42,5,1,1,9,3,73.09,34,26,1,5,121.19,0.00,0.80,1.00,0,0.00,1,700.49,3,0,2,org.apache.jackrabbit.test.api.query.AbstractQueryTest,0.15,5,4,4,0,5,4,0,6,158,1
"org.apache.jackrabbit.test.api.query.XPathPosIndexTest",3,0.00,2.00,23,0.29,7356.34,3,0,6,13,4,64.15,31,29,1,5,112.62,0.00,0.80,0.00,1,2.00,4,859.79,3,0,3,org.apache.jackrabbit.test.api.query.AbstractQueryTest,0.15,10,4,6,0,10,3,0,5,170,1
"org.apache.jackrabbit.test.api.query.XPathQueryLevel2Test",8,0.00,1.50,56,0.65,12309.51,8,0,6,22,3,82.06,55,69,1,6,114.28,0.00,0.83,0.00,3,8.00,4,1952.21,7,0,2,org.apache.jackrabbit.test.api.query.AbstractQueryLevel2Test,0.00,14,5,12,0,14,8,0,19,419,1
"org.apache.jackrabbit.core.version.AbstractVersionManager",22,0.24,2.00,139,1.83,72864.15,25,3,20,68,23,64.10,211,202,7,1,114.09,0.00,0.00,0.11,9,114.00,5,5499.95,0,7,17,java.lang.Object,0.00,46,0,44,2,46,15,1,44,1059,1
"org.apache.jackrabbit.core.version.AbstractVersionManager$ReentrantWriterPreferenceReadWriteLock",1,0.00,1.00,3,0.02,314.05,1,0,20,2,0,133.77,4,5,0,1,133.54,0.00,0.00,0.00,0,1.00,1,72.73,0,0,0,java.lang.Object,0.00,1,0,1,0,1,1,0,1,21,0
"org.apache.jackrabbit.core.version.AbstractVersionManager$WriteOperation",2,0.00,1.50,10,0.06,706.42,3,1,20,3,1,82.48,15,16,0,1,124.77,0.00,0.00,1.00,0,0.00,2,187.24,0,0,1,java.lang.Object,0.00,1,0,3,0,1,2,0,4,50,1
"org.apache.jackrabbit.core.version.DateVersionSelector",9,0.19,1.67,46,0.46,16923.93,11,2,5,19,4,69.03,82,62,3,1,119.03,0.00,0.00,0.33,0,17.00,5,1380.76,0,4,1,java.lang.Object,0.00,10,0,15,0,10,5,1,13,306,1
"org.apache.jackrabbit.core.version.InternalFreeze",1,0.00,1.00,2,0.01,44.19,1,0,1,1,5,96.82,9,3,4,2,146.81,0.00,0.50,0.00,0,1.00,1,26.09,0,1,1,,0.00,0,1,1,0,0,0,0,2,11,1
"org.apache.jackrabbit.core.version.InternalFreezeImpl",2,1.00,1.00,7,0.05,622.75,3,1,0,2,7,91.28,15,11,2,2,133.57,2.00,0.25,0.50,0,2.00,1,157.85,0,1,5,org.apache.jackrabbit.core.version.InternalVersionItemImpl,0.33,0,1,2,2,0,1,1,4,43,1
"org.apache.jackrabbit.core.version.InternalFrozenNode",6,0.00,1.00,7,0.03,141.83,6,0,4,6,10,127.96,38,8,6,2,160.18,0.00,0.50,0.00,0,6.00,1,92.48,0,4,4,,0.00,0,1,6,0,0,2,0,7,38,1
"org.apache.jackrabbit.core.version.InternalFrozenNodeImpl",11,0.01,4.00,130,2.17,169315.38,19,8,21,59,20,48.86,104,184,2,3,98.86,0.00,0.67,0.14,2,73.00,17,6515.84,0,6,18,org.apache.jackrabbit.core.version.InternalFreezeImpl,0.18,48,2,44,0,48,5,1,37,1088,0
"org.apache.jackrabbit.core.version.InternalFrozenVHImpl",7,0.00,1.29,20,0.20,3279.42,7,0,5,15,11,159.30,26,36,1,3,138.68,0.00,0.67,0.00,2,9.00,2,591.70,0,6,10,org.apache.jackrabbit.core.version.InternalFreezeImpl,0.23,8,2,9,0,8,1,1,8,151,0
"org.apache.jackrabbit.core.version.InternalFrozenVersionHistory",4,0.00,1.00,5,0.02,98.72,4,0,2,4,6,117.74,30,7,3,2,160.04,0.00,0.50,0.00,0,4.00,1,65.11,0,3,3,,0.00,0,1,4,0,0,1,0,5,27,1
"org.apache.jackrabbit.core.version.InternalVersion",10,0.00,1.00,11,0.04,159.45,10,0,3,10,16,129.31,61,12,14,2,161.53,0.00,0.50,0.00,0,10.00,1,123.94,0,7,3,,0.00,0,1,10,0,0,3,0,11,54,1
"org.apache.jackrabbit.core.version.InternalVersionHistory",10,0.00,1.00,11,0.05,183.64,10,0,5,10,14,128.82,61,12,11,2,161.05,0.00,0.50,0.00,0,10.00,1,147.74,0,3,4,,0.00,0,1,10,0,0,7,0,11,60,1
"org.apache.jackrabbit.core.version.InternalVersionHistoryImpl",21,0.09,2.76,226,3.39,158237.32,30,9,22,104,23,60.64,166,281,8,2,102.93,0.00,0.50,0.20,3,103.00,11,10159.41,0,6,17,org.apache.jackrabbit.core.version.InternalVersionItemImpl,0.16,83,1,58,0,83,15,1,63,1799,0
"org.apache.jackrabbit.core.version.InternalVersionImpl",28,0.10,1.82,164,1.69,46020.95,33,5,12,75,14,101.59,149,201,3,2,119.47,0.00,0.50,0.11,7,336.00,3,5084.87,0,10,12,org.apache.jackrabbit.core.version.InternalVersionItemImpl,0.12,47,1,51,0,47,18,1,43,1088,0
"org.apache.jackrabbit.core.version.InternalVersionItem",2,0.00,1.00,3,0.01,31.00,2,0,1,2,12,113.52,16,4,11,1,161.63,0.00,0.00,0.00,0,2.00,1,26.00,0,2,1,,0.00,0,0,2,0,0,0,0,3,13,1
"org.apache.jackrabbit.core.version.InternalVersionItemImpl",4,0.50,1.00,10,0.06,749.51,6,2,1,4,8,99.58,29,13,4,1,141.87,0.00,0.00,0.12,0,6.00,1,193.33,0,2,4,java.lang.Object,0.00,0,0,4,5,0,2,1,7,58,1
"org.apache.jackrabbit.core.version.LabelVersionSelector",6,0.60,1.17,21,0.17,2984.06,7,1,4,10,2,83.83,51,32,1,1,131.93,0.00,0.00,0.50,1,6.00,2,510.00,0,4,1,java.lang.Object,0.00,4,0,7,0,4,2,1,8,132,1
"org.apache.jackrabbit.core.version.NodeStateEx",28,0.08,2.32,234,3.15,109192.69,32,4,24,99,27,66.55,216,302,10,1,108.84,0.00,0.00,0.33,8,0.00,6,9444.52,0,13,17,java.lang.Object,0.00,71,0,65,0,71,15,0,53,1843,1
"org.apache.jackrabbit.core.version.VersionHistoryImpl",18,0.88,1.89,94,1.27,34160.27,19,1,21,51,16,119.20,81,150,5,3,118.97,0.00,0.67,0.17,2,0.00,3,3805.65,0,9,12,org.apache.jackrabbit.core.NodeImpl,0.00,33,2,34,0,33,9,1,22,805,1
"org.apache.jackrabbit.core.version.VersionImpl",12,0.82,1.42,53,0.62,16412.52,13,1,17,32,12,105.89,71,70,6,3,123.77,0.00,0.67,0.25,1,48.00,3,1849.83,1,5,8,org.apache.jackrabbit.core.NodeImpl,0.00,20,2,17,0,20,7,1,18,417,1
"org.apache.jackrabbit.core.version.VersionItemStateManager",3,0.50,3.00,30,0.38,10343.64,5,2,13,21,11,73.37,20,43,2,2,105.59,0.00,0.50,0.17,0,4.00,4,1154.23,0,0,9,org.apache.jackrabbit.core.state.SharedItemStateManager,0.00,18,1,9,0,18,3,0,9,230,1
"org.apache.jackrabbit.core.version.VersionItemStateProvider",16,0.07,1.06,40,0.40,6479.86,19,3,14,30,14,139.46,65,66,1,1,139.22,0.00,0.00,0.27,0,62.00,2,1191.74,0,5,13,java.lang.Object,0.00,14,0,17,0,14,11,2,24,308,0
"org.apache.jackrabbit.core.version.VersionIteratorImpl",9,0.00,1.67,45,0.42,11937.50,13,4,9,22,5,88.00,54,59,2,1,120.22,0.00,0.00,0.25,2,19.00,4,1248.14,0,2,3,java.lang.Object,0.00,13,0,15,0,13,7,1,15,280,0
"org.apache.jackrabbit.core.version.VersionIteratorImplTest",1,0.00,3.00,16,0.19,6237.17,2,1,5,8,5,95.95,0,16,0,2,95.95,0.00,0.50,1.00,0,0.00,3,556.99,0,0,5,junit.framework.TestCase,0.00,7,1,3,0,7,1,0,0,111,1
"org.apache.jackrabbit.core.version.VersionIteratorImplTest$DummyInternalVersion",13,0.46,1.00,30,0.16,1627.57,15,2,5,13,6,143.25,0,24,0,1,143.25,0.00,0.00,0.08,0,35.00,1,465.85,0,9,6,java.lang.Object,0.00,0,0,13,0,0,4,1,0,143,2
"org.apache.jackrabbit.core.version.VersionManager",11,0.00,1.00,12,0.10,420.25,11,0,9,11,14,110.44,95,19,7,1,158.54,0.00,0.00,0.00,0,11.00,1,287.99,0,7,7,,0.00,0,0,11,0,0,4,0,12,95,1
"org.apache.jackrabbit.core.version.VersionManagerImpl",22,0.01,1.82,156,2.16,78930.02,31,9,43,98,45,79.12,140,233,3,2,111.35,0.00,0.50,0.10,3,242.00,9,6476.83,2,9,42,org.apache.jackrabbit.core.version.AbstractVersionManager,0.00,76,1,40,0,76,13,2,39,1238,1
"org.apache.jackrabbit.core.version.VersionManagerImpl$DynamicESCFactory",4,0.33,1.25,16,0.14,2648.81,6,2,43,7,4,78.17,33,26,0,1,126.28,0.00,0.00,0.25,1,8.00,2,415.98,0,3,4,java.lang.Object,0.00,3,0,5,0,3,1,1,6,104,3
"org.apache.jackrabbit.core.version.VersionManagerImpl$SourcedTarget",1,0.00,1.00,3,0.02,136.54,1,0,43,2,0,136.39,0,4,0,1,136.39,0.00,0.00,0.00,0,1.00,1,49.51,0,1,0,java.lang.Object,0.00,1,0,1,0,1,0,0,0,16,0
"org.apache.jackrabbit.core.version.VersionManagerImpl$SourcedTarget_0",1,0.00,1.00,4,0.06,729.74,1,0,43,6,3,126.00,0,6,0,1,126.00,0.00,0.00,0.00,0,1.00,1,166.32,0,1,3,java.lang.Object,0.00,5,0,1,0,5,0,0,0,39,0
"org.apache.jackrabbit.core.version.VersionManagerImpl$SourcedTarget_1",1,0.00,1.00,5,0.04,512.39,1,0,43,3,1,123.59,0,7,0,1,123.59,0.00,0.00,0.00,0,1.00,1,112.25,0,1,1,java.lang.Object,0.00,2,0,1,0,2,0,0,0,29,0
"org.apache.jackrabbit.core.version.VersionManagerImpl$SourcedTarget_2",1,0.00,1.00,4,0.04,576.73,1,0,43,3,2,126.80,0,6,0,1,126.80,0.00,0.00,0.00,0,1.00,1,129.01,0,1,2,java.lang.Object,0.00,2,0,1,0,2,0,0,0,32,0
"org.apache.jackrabbit.core.version.VersionManagerImpl$SourcedTarget_3",1,0.00,1.00,2,0.01,83.22,1,0,43,1,0,144.65,0,3,0,1,144.65,0.00,0.00,0.00,0,1.00,1,35.61,0,1,0,java.lang.Object,0.00,0,0,1,0,0,0,0,0,13,2
"org.apache.jackrabbit.core.version.VersionSelector",1,0.00,1.00,2,0.01,51.00,1,0,4,1,4,140.55,37,3,4,1,146.32,0.00,0.00,0.00,0,1.00,1,34.00,0,1,1,,0.00,0,0,1,0,0,0,0,2,13,1
"org.apache.jackrabbit.core.version.XAVersionManager",38,0.05,1.63,172,2.02,50006.55,45,7,33,94,36,124.10,187,258,2,2,123.87,0.00,0.50,0.09,5,406.00,4,6048.27,6,15,34,org.apache.jackrabbit.core.version.AbstractVersionManager,0.07,56,1,62,0,56,23,3,53,1329,1
"org.apache.jackrabbit.core.version.XAVersionManager$InternalXAResource",6,0.00,1.17,12,0.10,1220.92,6,0,33,9,1,141.56,0,19,0,1,141.56,0.00,0.00,0.00,0,10.00,2,305.29,0,0,1,java.lang.Object,0.00,3,0,7,0,3,6,0,0,83,0
"org.apache.jackrabbit.core.version.XAVersionManager$InternalXAResource_0",7,0.00,1.14,14,0.09,764.36,7,0,33,8,1,143.69,0,22,0,1,143.69,0.00,0.00,0.00,1,12.00,2,255.49,0,0,1,java.lang.Object,0.00,1,0,8,0,1,7,0,0,79,0
"org.apache.jackrabbit.webdav.server.AbstractWebdavServlet",44,2.00,3.16,405,5.83,204432.49,46,2,63,160,55,56.26,414,583,4,2,106.26,3.00,0.20,0.00,6,208.00,31,17504.89,1,6,51,javax.servlet.http.HttpServlet,0.00,116,1,139,3,116,38,1,83,3228,2
"org.apache.jackrabbit.rmi.server.jmx.JCRServer",11,0.06,1.36,49,0.44,10867.92,16,5,8,23,4,164.77,30,68,0,1,124.89,0.00,0.00,0.15,1,53.00,4,1332.05,0,5,4,java.lang.Object,0.00,12,0,15,0,12,6,1,11,304,1
"org.apache.jackrabbit.rmi.server.jmx.JCRServerMBean",10,0.00,1.00,11,0.06,278.17,10,0,0,10,1,159.63,0,12,1,1,159.63,0.00,0.00,0.00,0,10.00,1,172.35,0,4,0,,0.00,0,0,10,0,0,6,0,0,66,1
"org.apache.jackrabbit.webdav.AbstractLocatorFactory",6,0.50,2.67,41,0.57,34923.76,8,2,3,20,6,130.23,110,55,3,1,112.10,0.00,0.00,0.08,1,10.00,10,1698.49,0,5,3,java.lang.Object,0.00,14,0,16,2,14,1,1,18,338,2
"org.apache.jackrabbit.webdav.AbstractLocatorFactory$DavResourceLocatorImpl",13,0.07,1.69,52,0.55,17056.71,18,5,3,28,4,81.58,100,72,0,1,123.87,0.00,0.00,0.14,4,92.00,4,1656.22,0,6,4,java.lang.Object,0.00,15,0,22,0,15,7,1,16,377,1
"org.apache.jackrabbit.webdav.DavCompliance",1,17.00,3.00,28,0.40,10777.39,18,17,2,5,4,35.01,9,29,4,1,85.01,0.00,0.00,0.00,0,1.00,3,1186.13,0,1,0,java.lang.Object,0.00,4,0,3,0,4,0,0,6,221,2
"org.apache.jackrabbit.webdav.DavConstants",0,0.00,0.00,72,1.60,39918.29,71,71,3,2,66,171.00,36,73,64,1,171.00,0.00,0.00,0.00,0,0.00,0,4805.89,0,0,2,,0.00,2,0,0,0,2,0,0,17,658,1
"org.apache.jackrabbit.webdav.DavException",9,0.02,1.22,40,0.42,7800.64,14,5,8,18,107,83.07,71,55,104,2,125.36,1.00,0.33,0.18,2,46.00,3,1264.72,0,3,4,java.lang.Exception,0.00,9,1,11,1,9,6,1,10,295,1
"org.apache.jackrabbit.webdav.DavLocatorFactory",3,0.00,1.00,4,0.04,214.66,3,0,0,3,12,136.25,43,5,12,1,156.40,0.00,0.00,0.00,0,3.00,1,114.84,0,3,1,,0.00,0,0,3,0,0,0,0,4,37,1
"org.apache.jackrabbit.webdav.DavMethods",6,0.01,1.83,129,2.16,77023.20,70,64,3,14,34,138.67,158,143,33,1,89.19,0.00,0.00,0.03,2,22.00,3,6494.58,0,0,1,java.lang.Object,0.00,8,0,11,0,8,6,0,41,1040,1
"org.apache.jackrabbit.webdav.DavResource",33,2.00,1.00,36,0.26,1586.50,35,2,13,33,80,115.46,246,37,67,1,157.76,0.00,0.00,0.00,0,33.00,1,780.30,0,14,17,,0.00,0,0,33,0,0,19,0,36,261,1
"org.apache.jackrabbit.webdav.DavResourceFactory",2,0.00,1.00,3,0.03,184.32,2,0,0,2,25,111.40,22,4,20,1,155.53,0.00,0.00,0.00,0,2.00,1,94.16,0,2,6,,0.00,0,0,2,0,0,0,0,3,28,1
"org.apache.jackrabbit.webdav.DavResourceIterator",2,0.00,1.00,3,0.01,65.85,2,0,1,2,16,126.83,13,4,16,2,159.05,0.00,0.50,0.00,0,2.00,1,38.73,0,1,1,,0.00,0,1,2,0,0,1,0,3,16,1
"org.apache.jackrabbit.webdav.DavResourceIteratorImpl",6,0.07,1.00,17,0.12,1618.56,9,3,4,12,9,140.86,26,24,7,1,140.63,0.00,0.00,0.28,1,6.00,1,363.10,0,2,2,java.lang.Object,0.00,6,0,6,0,6,4,1,7,102,1
"org.apache.jackrabbit.webdav.DavResourceLocator",10,0.00,1.00,11,0.05,222.33,10,0,0,10,41,118.10,75,12,41,1,160.39,0.00,0.00,0.00,0,10.00,1,148.22,0,6,1,,0.00,0,0,10,0,0,4,0,11,60,1
"org.apache.jackrabbit.webdav.DavServletRequest",18,0.00,1.00,19,0.11,592.92,18,0,8,18,15,110.94,160,20,6,2,159.05,0.00,0.50,0.00,0,18.00,1,326.60,0,9,9,,0.00,0,1,18,0,0,9,0,19,122,1
"org.apache.jackrabbit.webdav.DavServletResponse",5,6.00,1.00,12,0.12,1085.81,11,6,4,5,95,140.90,83,13,92,2,141.37,0.00,0.50,0.00,0,5.00,1,345.73,0,0,4,,0.00,0,1,5,0,0,5,0,12,91,1
"org.apache.jackrabbit.webdav.DavSession",5,0.00,1.00,6,0.03,160.93,5,0,0,5,19,126.91,31,7,19,1,159.13,0.00,0.00,0.00,0,5.00,1,102.12,0,1,0,,0.00,0,0,5,0,0,4,0,6,38,1
"org.apache.jackrabbit.webdav.DavSessionProvider",2,0.00,1.00,3,0.02,98.54,2,0,0,2,7,120.11,24,4,5,1,157.67,0.00,0.00,0.00,0,2.00,1,56.18,0,0,2,,0.00,0,0,2,0,0,2,0,3,20,1
"org.apache.jackrabbit.webdav.MultiStatus",9,0.25,1.89,45,0.61,16236.90,11,2,9,34,29,69.14,81,65,21,1,119.14,0.00,0.00,0.28,3,31.00,3,1817.74,0,3,8,java.lang.Object,0.00,25,0,17,0,25,6,2,13,388,1
"org.apache.jackrabbit.webdav.MultiStatusResponse",21,0.00,2.33,175,2.17,93094.60,28,7,15,67,36,60.30,175,217,22,1,108.40,0.00,0.00,0.14,4,145.00,7,6521.78,0,8,15,java.lang.Object,0.00,46,0,49,0,46,13,2,38,1261,1
"org.apache.jackrabbit.webdav.Status",5,0.12,2.80,53,0.69,43470.93,9,4,6,19,7,123.06,18,70,3,1,102.44,0.00,0.00,0.35,0,9.00,10,2073.30,0,2,4,java.lang.Object,0.00,14,0,14,0,14,3,2,8,387,1
"org.apache.jackrabbit.webdav.WebdavRequest",0,0.00,0.00,1,0.01,66.44,0,0,4,0,13,171.00,7,4,9,6,171.00,0.00,0.83,0.00,0,0.00,0,33.22,0,0,4,,0.00,0,5,0,0,0,0,0,1,10,1
"org.apache.jackrabbit.webdav.WebdavRequestImpl",87,0.00,1.67,372,3.90,122637.20,98,11,55,211,38,163.51,237,517,1,1,123.63,0.00,0.00,0.09,10,0.00,10,11700.24,0,60,37,java.lang.Object,0.00,124,0,145,0,124,27,2,59,2540,1
"org.apache.jackrabbit.webdav.WebdavResponse",0,0.00,0.00,1,0.01,39.30,0,0,1,0,6,171.00,7,3,5,3,171.00,0.00,0.67,0.00,0,0.00,0,19.65,0,0,1,,0.00,0,2,0,0,0,0,0,1,7,1
"org.apache.jackrabbit.webdav.WebdavResponseImpl",39,0.05,1.13,114,1.18,22014.27,41,2,24,95,16,188.07,72,160,1,1,138.07,0.00,0.00,0.45,2,0.00,3,3527.50,0,8,15,java.lang.Object,0.00,56,0,44,0,56,31,1,15,842,1
"org.apache.jackrabbit.webdav.observation.DefaultEventType",6,0.07,1.67,32,0.40,11744.41,9,3,10,24,9,70.78,50,43,3,1,118.89,0.00,0.00,0.28,1,14.00,3,1187.54,0,5,6,java.lang.Object,0.00,18,0,10,0,18,1,1,9,250,1
"org.apache.jackrabbit.webdav.observation.EventBundle",0,0.00,0.00,1,0.01,31.02,0,0,1,0,5,171.00,6,2,4,2,171.00,0.00,0.50,0.00,0,0.00,0,15.51,0,0,1,,0.00,0,1,0,0,0,0,0,1,6,1
"org.apache.jackrabbit.webdav.observation.EventDiscovery",4,0.17,1.50,17,0.18,3080.14,6,2,9,13,13,77.61,35,24,9,1,125.72,0.00,0.00,0.38,1,0.00,2,532.76,0,2,4,java.lang.Object,0.00,9,0,6,0,9,2,2,5,126,1
"org.apache.jackrabbit.webdav.observation.EventType",2,0.00,1.00,3,0.01,65.85,2,0,2,2,5,209.05,3,4,3,2,159.05,0.00,0.50,0.00,0,2.00,1,38.73,0,2,2,,0.00,0,1,2,0,0,0,0,1,16,1
"org.apache.jackrabbit.webdav.observation.Filter",7,0.17,1.29,26,0.25,5243.97,11,4,7,15,5,130.51,3,35,2,1,130.51,0.00,0.00,0.39,0,0.00,2,757.29,0,4,3,java.lang.Object,0.00,8,0,9,0,8,3,1,1,184,1
"org.apache.jackrabbit.webdav.observation.ObservationConstants",0,0.00,0.00,18,0.31,5999.97,17,17,2,2,13,171.00,31,19,11,1,171.00,0.00,0.00,0.00,0,0.00,0,942.52,0,0,2,,0.00,2,0,0,0,2,0,0,10,167,1
"org.apache.jackrabbit.webdav.observation.ObservationDavServletRequest",3,0.00,1.00,4,0.02,105.15,3,0,2,3,3,110.73,25,5,0,2,158.84,0.00,0.50,0.00,0,3.00,1,58.38,0,2,3,,0.00,0,1,3,0,0,1,0,4,23,1
"org.apache.jackrabbit.webdav.observation.ObservationDavServletResponse",2,0.00,1.00,3,0.02,145.14,2,0,2,2,4,108.24,17,4,1,2,156.35,0.00,0.50,0.00,0,2.00,1,72.57,0,0,3,,0.00,0,1,2,0,0,2,0,3,24,1
"org.apache.jackrabbit.webdav.observation.ObservationResource",4,2.00,1.00,7,0.07,492.50,6,2,2,4,12,104.54,39,8,7,2,154.54,0.00,0.50,0.00,0,4.00,1,198.30,0,2,6,,0.00,0,1,4,0,0,2,0,5,58,1
"org.apache.jackrabbit.webdav.observation.Subscription",1,0.00,1.00,2,0.01,48.43,1,0,1,1,13,136.14,15,3,12,2,146.50,0.00,0.50,0.00,0,1.00,1,27.12,0,1,1,,0.00,0,1,1,0,0,0,0,2,11,1
"org.apache.jackrabbit.webdav.observation.SubscriptionDiscovery",5,0.75,2.00,34,0.39,12153.08,6,1,9,20,13,82.93,31,42,6,2,115.15,0.00,0.50,0.40,0,7.00,3,1182.11,1,3,7,org.apache.jackrabbit.webdav.property.AbstractDavProperty,0.00,15,1,10,0,15,2,0,7,248,1
"org.apache.jackrabbit.webdav.observation.SubscriptionDiscovery$Subscription",2,0.00,1.50,8,0.09,1537.07,2,0,9,5,3,146.34,6,11,0,1,125.72,0.00,0.00,0.00,0,2.00,2,260.90,0,2,3,java.lang.Object,0.00,3,0,3,0,3,0,0,2,63,0
"org.apache.jackrabbit.webdav.observation.SubscriptionInfo",10,0.02,2.30,81,1.00,42865.52,16,6,14,31,21,58.52,93,96,9,1,108.52,0.00,0.00,0.18,0,46.00,6,2990.99,0,1,12,java.lang.Object,0.00,21,0,23,0,21,9,2,11,581,1
"org.apache.jackrabbit.webdav.observation.SubscriptionManager",4,0.00,1.00,5,0.05,310.01,4,0,1,4,10,108.02,35,10,5,1,156.12,0.00,0.00,0.00,0,4.00,1,161.92,0,2,6,,0.00,0,0,4,0,0,2,0,5,48,1
"org.apache.jackrabbit.core.query.jsr.And",2,0.00,1.00,3,0.01,65.85,2,0,0,2,5,109.05,18,5,4,2,159.05,0.00,0.50,0.00,0,2.00,1,38.73,0,2,1,,0.00,0,1,2,0,0,0,0,3,16,1
"org.apache.jackrabbit.core.query.jsr.BindVariableValue",1,0.00,1.00,2,0.01,48.43,1,0,0,1,5,146.03,16,4,5,2,146.50,0.00,0.50,0.00,0,1.00,1,27.12,0,1,0,,0.00,0,1,1,0,0,0,0,2,11,1
"org.apache.jackrabbit.core.query.jsr.ChildNode",2,0.00,1.00,3,0.01,65.85,2,0,0,2,4,158.58,32,5,4,2,159.05,0.00,0.50,0.00,0,2.00,1,38.73,0,2,0,,0.00,0,1,2,0,0,0,0,3,16,1
"org.apache.jackrabbit.core.query.jsr.ChildNodeJoinCondition",2,0.00,1.00,3,0.01,65.85,2,0,0,2,4,148.69,31,5,4,2,159.05,0.00,0.50,0.00,0,2.00,1,38.73,0,2,0,,0.00,0,1,2,0,0,0,0,3,16,1
"org.apache.jackrabbit.core.query.jsr.Column",3,0.00,1.00,4,0.01,64.24,3,0,0,3,7,186.80,57,5,7,1,160.52,0.00,0.00,0.00,0,3.00,1,42.83,0,3,0,,0.00,0,0,3,0,0,0,0,4,19,1
"org.apache.jackrabbit.core.query.jsr.Comparison",3,0.00,1.00,4,0.02,83.26,3,0,0,3,6,173.42,104,6,4,2,159.63,0.00,0.50,0.00,0,3.00,1,50.34,0,0,2,,0.00,0,1,3,0,0,3,0,4,21,1
"org.apache.jackrabbit.core.query.jsr.Constraint",0,0.00,0.00,1,0.00,12.00,0,0,0,0,13,171.00,9,2,13,1,171.00,0.00,0.00,0.00,0,0.00,0,8.00,0,0,0,,0.00,0,0,0,0,0,0,0,1,4,1
"org.apache.jackrabbit.core.query.jsr.DescendantNode",2,0.00,1.00,3,0.01,65.85,2,0,0,2,4,168.18,34,5,4,2,159.05,0.00,0.50,0.00,0,2.00,1,38.73,0,2,0,,0.00,0,1,2,0,0,0,0,3,16,1
"org.apache.jackrabbit.core.query.jsr.DescendantNodeJoinCondition",2,0.00,1.00,3,0.01,65.85,2,0,0,2,4,168.18,34,5,4,2,159.05,0.00,0.50,0.00,0,2.00,1,38.73,0,2,0,,0.00,0,1,2,0,0,0,0,3,16,1
"org.apache.jackrabbit.core.query.jsr.DynamicOperand",0,0.00,0.00,1,0.01,31.02,0,0,0,0,13,171.00,5,3,13,2,171.00,0.00,0.50,0.00,0,0.00,0,15.51,0,0,0,,0.00,0,1,0,0,0,0,0,1,6,1
"org.apache.jackrabbit.core.query.jsr.EquiJoinCondition",4,0.00,1.00,5,0.02,100.68,4,0,0,4,4,139.83,56,7,4,2,159.97,0.00,0.50,0.00,0,4.00,1,61.95,0,4,0,,0.00,0,1,4,0,0,0,0,5,26,1
"org.apache.jackrabbit.core.query.jsr.FullTextSearch",3,0.00,1.00,4,0.02,83.26,3,0,0,3,4,201.12,89,6,4,2,159.63,0.00,0.50,0.00,0,3.00,1,50.34,0,3,0,,0.00,0,1,3,0,0,0,0,4,21,1
"org.apache.jackrabbit.core.query.jsr.FullTextSearchScore",1,0.00,1.00,2,0.01,48.43,1,0,0,1,4,190.44,22,4,4,2,146.50,0.00,0.50,0.00,0,1.00,1,27.12,0,1,0,,0.00,0,1,1,0,0,0,0,2,11,1
"org.apache.jackrabbit.core.query.jsr.Join",4,0.00,1.00,5,0.02,100.68,4,0,0,4,6,111.86,33,7,4,2,159.97,0.00,0.50,0.00,0,4.00,1,61.95,0,3,2,,0.00,0,1,4,0,0,1,0,5,26,1
"org.apache.jackrabbit.core.query.jsr.JoinCondition",0,0.00,0.00,1,0.00,12.00,0,0,0,0,7,171.00,5,2,7,1,171.00,0.00,0.00,0.00,0,0.00,0,8.00,0,0,0,,0.00,0,0,0,0,0,0,0,1,4,1
"org.apache.jackrabbit.core.query.jsr.Length",1,0.00,1.00,2,0.01,48.43,1,0,0,1,5,155.63,17,4,4,2,146.50,0.00,0.50,0.00,0,1.00,1,27.12,0,0,1,,0.00,0,1,1,0,0,1,0,2,11,1
"org.apache.jackrabbit.core.query.jsr.Literal",0,0.00,0.00,1,0.01,31.02,0,0,0,0,4,171.00,3,2,4,2,171.00,0.00,0.50,0.00,0,0.00,0,15.51,0,0,0,,0.00,0,1,0,0,0,0,0,1,6,1
"org.apache.jackrabbit.core.query.jsr.LowerCase",1,0.00,1.00,2,0.01,48.43,1,0,0,1,5,172.78,19,4,4,2,146.50,0.00,0.50,0.00,0,1.00,1,27.12,0,0,1,,0.00,0,1,1,0,0,1,0,2,11,1
"org.apache.jackrabbit.core.query.jsr.NodeLocalName",1,0.00,1.00,2,0.01,48.43,1,0,0,1,4,126.36,14,4,4,2,146.50,0.00,0.50,0.00,0,1.00,1,27.12,0,1,0,,0.00,0,1,1,0,0,0,0,2,11,1
"org.apache.jackrabbit.core.query.jsr.NodeName",1,0.00,1.00,2,0.01,48.43,1,0,0,1,4,126.36,14,4,4,2,146.50,0.00,0.50,0.00,0,1.00,1,27.12,0,1,0,,0.00,0,1,1,0,0,0,0,2,11,1
"org.apache.jackrabbit.core.query.jsr.Not",1,0.00,1.00,2,0.01,48.43,1,0,0,1,5,117.12,13,4,4,2,146.50,0.00,0.50,0.00,0,1.00,1,27.12,0,0,1,,0.00,0,1,1,0,0,1,0,2,11,1
"org.apache.jackrabbit.core.query.jsr.Operand",0,0.00,0.00,1,0.00,12.00,0,0,0,0,0,171.00,5,2,0,1,171.00,0.00,0.00,0.00,0,0.00,0,8.00,0,0,0,,0.00,0,0,0,0,0,0,0,1,4,1
"org.apache.jackrabbit.core.query.jsr.Or",2,0.00,1.00,3,0.01,65.85,2,0,0,2,5,121.49,25,5,4,2,159.05,0.00,0.50,0.00,0,2.00,1,38.73,0,0,1,,0.00,0,1,2,0,0,2,0,3,16,1
"org.apache.jackrabbit.core.query.jsr.Ordering",2,0.00,1.00,3,0.01,46.83,2,0,0,2,8,205.34,56,4,7,1,160.22,0.00,0.00,0.00,0,2.00,1,31.22,0,1,1,,0.00,0,0,2,0,0,1,0,3,14,1
"org.apache.jackrabbit.core.query.jsr.PropertyExistence",2,0.00,1.00,3,0.01,65.85,2,0,0,2,5,129.67,26,5,5,2,159.05,0.00,0.50,0.00,0,2.00,1,38.73,0,2,0,,0.00,0,1,2,0,0,0,0,3,16,1
"org.apache.jackrabbit.core.query.jsr.PropertyValue",2,0.00,1.00,3,0.01,65.85,2,0,0,2,7,129.67,27,5,7,2,159.05,0.00,0.50,0.00,0,2.00,1,38.73,0,2,0,,0.00,0,1,2,0,0,0,0,3,16,1
"org.apache.jackrabbit.core.query.jsr.QueryObjectModel",4,0.00,1.00,5,0.02,127.89,4,0,1,4,10,139.01,57,7,5,2,159.15,0.00,0.50,0.00,0,4.00,1,69.75,0,2,5,,0.00,0,1,4,0,0,2,0,5,28,1
"org.apache.jackrabbit.core.query.jsr.QueryObjectModelConstants",0,0.00,0.00,13,0.19,2814.00,12,12,0,0,5,171.00,41,14,5,1,171.00,0.00,0.00,0.00,0,0.00,0,564.97,0,0,0,,0.00,0,0,0,0,0,0,0,13,112,1
"org.apache.jackrabbit.core.query.jsr.QueryObjectModelFactory",42,0.00,1.00,43,0.57,3749.62,42,0,3,42,37,111.51,477,112,5,2,155.64,0.00,0.50,0.00,0,42.00,1,1697.87,0,19,32,,0.00,0,1,42,0,0,23,0,67,490,1
"org.apache.jackrabbit.core.query.jsr.SameNode",2,0.00,1.00,3,0.01,65.85,2,0,0,2,4,158.58,32,5,4,2,159.05,0.00,0.50,0.00,0,2.00,1,38.73,0,2,0,,0.00,0,1,2,0,0,0,0,3,16,1
"org.apache.jackrabbit.core.query.jsr.SameNodeJoinCondition",3,0.00,1.00,4,0.02,83.26,3,0,0,3,4,177.77,54,6,4,2,159.63,0.00,0.50,0.00,0,3.00,1,50.34,0,3,0,,0.00,0,1,3,0,0,0,0,4,21,1
"org.apache.jackrabbit.core.query.jsr.Selector",2,0.00,1.00,3,0.01,65.85,2,0,0,2,5,198.35,42,5,5,2,159.05,0.00,0.50,0.00,0,2.00,1,38.73,0,2,0,,0.00,0,1,2,0,0,0,0,3,16,1
"org.apache.jackrabbit.core.query.jsr.Source",0,0.00,0.00,1,0.00,12.00,0,0,0,0,9,171.00,5,2,9,1,171.00,0.00,0.00,0.00,0,0.00,0,8.00,0,0,0,,0.00,0,0,0,0,0,0,0,1,4,1
"org.apache.jackrabbit.core.query.jsr.StaticOperand",0,0.00,0.00,1,0.01,31.02,0,0,0,0,7,171.00,6,3,7,2,171.00,0.00,0.50,0.00,0,0.00,0,15.51,0,0,0,,0.00,0,1,0,0,0,0,0,1,6,1
"org.apache.jackrabbit.core.query.jsr.UpperCase",1,0.00,1.00,2,0.01,48.43,1,0,0,1,5,172.78,19,4,4,2,146.50,0.00,0.50,0.00,0,1.00,1,27.12,0,0,1,,0.00,0,1,1,0,0,1,0,2,11,1
"org.apache.jackrabbit.core.persistence.db.DatabasePersistenceManager",38,0.07,3.29,486,6.16,277415.50,71,33,40,135,23,57.76,281,690,3,2,100.05,9.00,0.09,0.10,15,46.00,11,18471.19,2,8,20,org.apache.jackrabbit.core.persistence.AbstractPersistenceManager,0.00,97,1,125,9,97,30,0,130,3342,2
"org.apache.jackrabbit.core.persistence.db.DatabasePersistenceManager$DbBLOBStore",4,0.00,1.75,30,0.39,11695.04,4,0,40,18,2,94.18,20,39,0,1,112.05,0.00,0.00,0.00,0,10.00,3,1172.64,0,2,2,java.lang.Object,0.00,14,0,7,0,14,2,1,9,238,0
"org.apache.jackrabbit.core.persistence.db.DatabasePersistenceManager$DbBLOBStore$FilterInputStream",1,0.00,1.00,4,0.02,218.17,1,0,40,3,0,180.12,1,5,0,1,130.12,0.00,0.00,0.00,0,1.00,1,68.97,0,0,0,java.lang.Object,0.00,2,0,1,0,2,1,0,1,21,0
"org.apache.jackrabbit.core.persistence.db.DatabasePersistenceManager$SizedInputStream",7,0.08,1.00,22,0.17,2593.31,9,2,40,7,0,132.97,0,30,0,2,132.97,0.00,0.50,0.43,0,0.00,1,512.17,2,0,0,java.io.FilterInputStream,0.00,0,1,7,0,0,7,0,0,134,0
"org.apache.jackrabbit.core.persistence.db.DerbyPersistenceManager",4,0.00,1.75,24,0.24,5393.52,6,2,5,14,1,116.73,66,33,0,4,117.20,0.33,0.60,0.50,0,0.00,4,709.00,0,0,1,org.apache.jackrabbit.core.persistence.db.SimpleDbPersistenceManager,0.00,10,3,7,1,10,4,0,16,152,1
"org.apache.jackrabbit.core.persistence.db.JNDIDatabasePersistenceManager",3,0.50,1.00,10,0.08,1276.06,4,1,5,6,1,88.37,35,14,0,3,132.50,0.50,0.50,0.67,0,1.00,1,241.45,0,2,1,org.apache.jackrabbit.core.persistence.db.DatabasePersistenceManager,0.06,3,2,3,1,3,1,0,7,64,1
"org.apache.jackrabbit.core.persistence.db.OraclePersistenceManager",10,0.07,3.60,138,2.08,96417.74,16,6,24,63,9,68.40,134,196,0,4,97.78,0.33,0.60,0.23,1,14.00,8,6225.28,6,2,9,org.apache.jackrabbit.core.persistence.db.SimpleDbPersistenceManager,0.06,53,3,36,1,53,8,0,50,1083,1
"org.apache.jackrabbit.core.persistence.db.OraclePersistenceManager$OracleBLOBStore",1,0.00,4.00,14,0.19,7266.34,1,0,24,6,0,97.76,4,22,0,2,97.52,0.00,0.50,0.00,0,1.00,4,555.96,0,0,0,org.apache.jackrabbit.core.persistence.db.DbBLOBStore,0.00,5,1,4,0,5,1,0,2,103,0
"org.apache.jackrabbit.core.persistence.db.SimpleDbPersistenceManager",9,0.03,1.00,25,0.16,2012.94,13,4,4,11,4,92.79,96,35,2,3,141.27,2.50,0.25,0.22,0,28.00,1,493.12,0,5,2,org.apache.jackrabbit.core.persistence.db.DatabasePersistenceManager,0.05,2,2,9,5,2,4,0,4,138,1
"org.apache.jackrabbit.rmi.server.iterator.ServerIterator",5,0.00,2.00,28,0.30,8495.21,8,3,7,15,8,81.77,61,44,5,2,119.33,5.00,0.14,0.33,1,2.00,4,892.03,0,2,3,org.apache.jackrabbit.rmi.server.ServerObject,0.00,10,2,10,5,10,3,1,9,201,2
"org.apache.jackrabbit.rmi.server.iterator.ServerNodeIterator",2,0.00,1.00,5,0.05,488.90,2,0,4,2,3,90.97,19,10,1,3,140.96,0.00,0.67,0.00,0,2.00,1,141.40,1,1,2,org.apache.jackrabbit.rmi.server.iterator.ServerIterator,0.00,0,3,2,0,0,1,0,3,40,1
"org.apache.jackrabbit.rmi.server.iterator.ServerNodeTypeIterator",2,0.00,1.00,5,0.05,584.99,2,0,4,3,3,90.35,19,10,1,3,140.35,0.00,0.67,0.00,0,2.00,1,156.38,1,1,2,org.apache.jackrabbit.rmi.server.iterator.ServerIterator,0.00,1,3,2,0,1,1,0,3,43,1
"org.apache.jackrabbit.rmi.server.iterator.ServerPropertyIterator",2,0.00,1.00,5,0.05,584.99,2,0,4,3,3,90.35,19,10,1,3,140.35,0.00,0.67,0.00,0,2.00,1,156.38,1,1,2,org.apache.jackrabbit.rmi.server.iterator.ServerIterator,0.00,1,3,2,0,1,1,0,3,43,1
"org.apache.jackrabbit.rmi.server.iterator.ServerRowIterator",2,0.00,1.00,5,0.05,584.99,2,0,4,3,3,90.35,19,10,1,3,140.35,0.00,0.67,0.00,0,2.00,1,156.38,1,1,2,org.apache.jackrabbit.rmi.server.iterator.ServerIterator,0.00,1,3,2,0,1,1,0,3,43,1
"org.apache.jackrabbit.rmi.server.iterator.ServerVersionIterator",2,0.00,1.00,5,0.05,584.99,2,0,4,3,3,90.35,19,10,1,3,140.35,0.00,0.67,0.00,0,2.00,1,156.38,1,1,2,org.apache.jackrabbit.rmi.server.iterator.ServerIterator,0.00,1,3,2,0,1,1,0,3,43,1
"org.apache.jackrabbit.core.fs.db.DB2FileSystem",2,0.00,1.00,12,0.12,1751.23,2,0,0,2,1,145.09,39,29,0,3,118.80,0.00,0.67,0.00,0,0.00,1,371.78,1,0,1,org.apache.jackrabbit.core.fs.db.DbFileSystem,0.05,0,2,2,0,0,2,0,5,88,1
"org.apache.jackrabbit.core.fs.db.DatabaseFileSystem",44,0.07,3.57,609,8.06,368504.28,71,27,29,122,9,80.39,263,919,3,1,98.26,0.00,0.00,0.10,23,0.00,10,24177.31,0,10,7,java.lang.Object,0.00,78,0,157,5,78,34,1,97,4363,1
"org.apache.jackrabbit.core.fs.db.DatabaseFileSystem$FileOutputStream",1,0.00,4.00,19,0.28,16150.94,1,0,29,12,0,139.84,1,41,0,1,89.84,0.00,0.00,0.00,0,0.00,4,825.06,1,0,0,java.lang.Object,0.00,11,0,4,0,11,1,0,1,154,0
"org.apache.jackrabbit.core.fs.db.DatabaseFileSystem$FilterInputStream",1,0.00,1.00,4,0.02,218.17,1,0,29,2,0,180.12,1,5,0,1,130.12,0.00,0.00,0.00,0,1.00,1,68.97,1,0,0,java.lang.Object,0.00,1,0,1,0,1,1,0,1,21,0
"org.apache.jackrabbit.core.fs.db.DatabaseFileSystem$RandomAccessOutputStream",6,0.20,1.50,29,0.38,17577.46,7,1,29,21,0,121.15,3,57,0,1,121.15,0.00,0.00,0.83,0,0.00,4,1137.18,0,0,0,java.lang.Object,0.00,15,0,9,0,15,6,0,3,238,0
"org.apache.jackrabbit.core.fs.db.DatabaseFileSystem$SizedInputStream",7,0.08,1.00,22,0.17,2593.31,9,2,29,7,0,132.97,0,30,0,2,132.97,0.00,0.50,0.43,0,0.00,1,512.17,2,0,0,org.apache.jackrabbit.core.fs.db.FilterInputStream,0.00,0,1,7,0,0,7,0,0,134,0
"org.apache.jackrabbit.core.fs.db.DbFileSystem",11,0.02,1.64,34,0.36,16891.87,15,4,3,14,5,79.89,97,53,5,2,128.00,3.00,0.20,0.27,0,29.00,8,1089.54,1,5,1,org.apache.jackrabbit.core.fs.db.DatabaseFileSystem,0.07,3,1,18,3,3,6,0,11,264,1
"org.apache.jackrabbit.core.fs.db.DerbyFileSystem",4,0.00,1.75,24,0.24,5393.52,6,2,5,14,2,97.06,58,33,1,3,117.20,0.00,0.67,0.50,0,0.00,4,709.00,0,0,1,org.apache.jackrabbit.core.fs.db.DbFileSystem,0.00,10,2,7,0,10,4,0,16,152,1
"org.apache.jackrabbit.core.fs.db.DerbyFileSystemTest",4,0.33,1.25,21,0.18,4292.16,5,1,4,10,3,121.01,0,24,0,3,121.01,0.00,0.67,0.75,1,0.00,2,544.48,2,1,3,org.apache.jackrabbit.core.fs.AbstractFileSystemTest,0.90,6,2,5,0,6,3,0,0,130,1
"org.apache.jackrabbit.core.fs.db.JNDIDatabaseFileSystem",3,0.50,1.00,10,0.08,1276.06,4,1,5,6,1,88.37,33,14,0,2,132.50,0.00,0.50,0.67,0,1.00,1,241.45,0,2,1,org.apache.jackrabbit.core.fs.db.DatabaseFileSystem,0.04,3,1,3,0,3,1,0,7,64,1
"org.apache.jackrabbit.core.fs.db.OracleFileSystem",10,0.07,3.10,150,2.36,102397.04,16,6,24,60,7,57.73,123,254,1,3,95.29,0.00,0.67,0.23,0,18.00,8,7085.09,6,4,6,org.apache.jackrabbit.core.fs.db.DbFileSystem,0.14,50,2,31,0,50,6,0,30,1226,1
"org.apache.jackrabbit.core.fs.db.OracleFileSystem$FileOutputStream",1,0.00,7.00,26,0.34,21199.20,1,0,24,12,0,133.70,1,53,0,1,83.70,0.00,0.00,0.00,0,1.00,7,1028.07,1,0,0,java.lang.Object,0.00,11,0,7,0,11,1,0,1,187,0
"org.apache.jackrabbit.core.fs.db.OracleFileSystem$RandomAccessOutputStream",6,0.20,2.00,36,0.45,22625.71,7,1,24,21,0,113.65,3,69,0,1,113.65,0.00,0.00,0.83,0,0.00,7,1340.19,0,0,0,java.lang.Object,0.00,15,0,12,0,15,6,0,3,271,0
"org.apache.jackrabbit.core.xml.AbstractSAXEventGenerator",13,0.05,2.23,117,1.56,57884.05,28,15,23,44,9,68.93,162,154,2,1,106.49,0.00,0.00,0.11,7,39.00,8,4679.36,0,0,7,java.lang.Object,0.00,31,0,29,2,31,13,0,53,880,1
"org.apache.jackrabbit.core.xml.AbstractSAXEventGenerator$NamespaceStack",3,0.00,1.67,16,0.13,3146.15,5,2,23,7,0,72.92,25,21,0,1,121.02,0.00,0.00,0.50,0,1.00,3,377.35,0,1,0,java.lang.Object,0.00,4,0,5,0,4,2,0,7,99,2
"org.apache.jackrabbit.core.xml.BufferedStringValue",9,0.38,3.78,133,1.64,78791.22,17,8,22,42,9,48.42,96,178,2,1,96.90,0.00,0.00,0.46,3,0.00,5,4927.00,0,4,7,java.lang.Object,0.00,33,0,34,0,33,5,1,42,915,0
"org.apache.jackrabbit.core.xml.BufferedStringValue$Base64ReaderInputStream",3,0.71,2.00,29,0.27,5837.17,10,7,22,8,1,109.34,0,36,0,2,109.34,0.00,0.50,0.62,1,0.00,3,816.91,0,0,1,java.io.InputStream,0.00,5,1,6,0,5,3,0,0,176,2
"org.apache.jackrabbit.core.xml.BufferedStringValue$OutputStreamWriter",1,0.00,1.00,4,0.03,271.16,1,0,22,3,0,169.27,2,5,0,1,129.38,0.00,0.00,0.00,0,1.00,1,85.62,1,0,0,java.lang.Object,0.00,2,0,1,0,2,1,0,2,25,0
"org.apache.jackrabbit.core.xml.DocViewImportHandler",9,0.08,3.56,111,1.62,86527.66,12,3,19,48,16,61.53,110,160,1,3,99.09,0.00,0.67,0.26,2,15.00,10,4865.48,0,2,15,org.apache.jackrabbit.core.xml.TargetImportHandler,0.00,39,2,32,0,39,7,0,47,864,0
"org.apache.jackrabbit.core.xml.DocViewSAXEventGenerator",8,0.10,2.25,64,0.97,36276.56,11,3,16,39,6,60.23,68,98,1,2,108.33,0.00,0.50,0.25,1,16.00,8,2900.71,1,1,5,org.apache.jackrabbit.core.xml.AbstractSAXEventGenerator,0.00,31,1,18,0,31,7,0,39,528,1
"org.apache.jackrabbit.core.xml.DocumentViewTest",5,0.00,1.60,38,0.59,13107.29,7,2,18,34,5,64.34,41,61,1,2,112.45,0.00,0.50,0.50,0,0.00,2,1763.55,3,0,4,junit.framework.TestCase,0.00,29,1,8,0,29,5,0,11,335,1
"org.apache.jackrabbit.core.xml.ImportHandler",12,0.04,1.42,55,0.66,14559.78,19,7,13,35,9,91.95,82,83,2,2,124.18,0.00,0.50,0.18,0,42.00,3,1992.51,0,0,7,org.xml.sax.helpers.DefaultHandler,0.00,23,1,17,0,23,12,0,26,444,1
"org.apache.jackrabbit.core.xml.Importer",4,0.00,1.00,5,0.03,147.36,4,0,2,4,8,110.19,40,7,7,1,158.67,0.00,0.00,0.00,0,4.00,1,98.24,0,0,1,,0.00,0,0,4,0,0,4,0,5,35,1
"org.apache.jackrabbit.core.xml.NamespaceContext",4,0.33,2.25,31,0.34,11551.10,7,3,5,14,3,67.91,47,39,2,1,112.04,0.00,0.00,0.58,0,0.00,3,1006.10,0,3,1,java.lang.Object,0.00,10,0,9,0,10,1,1,9,225,0
"org.apache.jackrabbit.core.xml.NodeInfo",5,0.06,1.00,18,0.12,2090.55,9,4,2,5,7,82.56,49,25,5,1,132.56,0.00,0.00,0.20,0,17.00,1,355.50,0,4,2,java.lang.Object,0.00,0,0,5,0,0,1,0,10,99,1
"org.apache.jackrabbit.core.xml.PropInfo",6,0.35,4.00,84,1.20,71307.74,10,4,20,37,17,45.84,56,110,4,1,95.84,0.00,0.00,0.54,2,0.00,8,3599.15,0,1,13,java.lang.Object,0.00,31,0,24,0,31,5,0,31,634,1
"org.apache.jackrabbit.core.xml.SessionImporter",7,0.19,5.43,137,2.12,129687.02,13,6,23,70,12,40.83,73,184,1,1,89.30,0.00,0.00,0.33,0,0.00,12,6345.09,0,2,12,java.lang.Object,0.00,63,0,38,0,63,5,1,43,1086,1
"org.apache.jackrabbit.core.xml.StringValue",4,0.00,2.00,24,0.33,9965.69,6,2,11,13,7,97.19,23,38,1,1,115.07,0.00,0.00,0.50,0,4.00,3,1001.49,0,2,6,java.lang.Object,0.00,9,0,8,0,9,2,1,16,206,0
"org.apache.jackrabbit.core.xml.SysViewImportHandler",7,0.17,6.71,129,2.17,142748.00,12,5,15,43,12,41.32,70,193,1,3,89.80,0.00,0.67,0.34,2,8.00,17,6506.02,0,1,11,org.apache.jackrabbit.core.xml.TargetImportHandler,0.00,36,2,47,0,36,6,0,42,1088,0
"org.apache.jackrabbit.core.xml.SysViewImportHandler$ImportState",0,0.00,0.00,7,0.05,531.67,6,6,15,1,0,171.00,18,8,0,1,171.00,0.00,0.00,0.00,0,0.00,0,141.78,0,0,0,java.lang.Object,0.00,1,0,0,0,1,0,0,6,34,0
"org.apache.jackrabbit.core.xml.SysViewSAXEventGenerator",10,0.04,2.20,92,1.38,69593.43,19,9,18,38,8,56.86,83,132,1,2,104.96,0.00,0.50,0.14,3,22.00,12,4150.06,1,0,7,org.apache.jackrabbit.core.xml.AbstractSAXEventGenerator,0.00,28,1,22,0,28,10,0,33,747,1
"org.apache.jackrabbit.core.xml.SysViewSAXEventGenerator$Writer",3,0.00,1.33,7,0.07,1447.36,3,0,18,6,0,138.57,2,12,0,1,138.57,0.00,0.00,0.00,0,3.00,2,205.45,0,0,0,java.lang.Object,0.00,3,0,4,0,3,3,0,2,52,0
"org.apache.jackrabbit.core.xml.TargetImportHandler",5,0.08,1.40,20,0.16,2608.86,8,3,6,11,7,84.77,39,30,3,2,127.06,2.00,0.25,0.40,0,1.00,2,488.17,0,0,4,org.xml.sax.helpers.DefaultHandler,0.00,6,1,7,2,6,5,0,6,124,1
"org.apache.jackrabbit.core.xml.TestAll",1,0.00,1.00,5,0.04,864.35,1,0,3,3,1,71.80,9,7,0,2,121.80,0.00,0.50,0.00,0,1.00,1,115.51,0,1,1,junit.framework.TestCase,0.00,2,1,1,0,2,0,0,2,31,1
"org.apache.jackrabbit.core.xml.TextValue",3,0.00,1.00,4,0.03,122.87,3,0,5,3,7,178.92,9,7,5,1,158.30,0.00,0.00,0.00,0,3.00,1,84.58,0,2,2,,0.00,0,0,3,0,0,1,0,2,29,1
"org.apache.jackrabbit.core.xml.WorkspaceImporter",9,0.30,5.89,249,4.16,304045.34,21,12,39,100,25,120.84,193,366,1,1,81.54,0.00,0.00,0.35,3,0.00,16,12491.43,0,1,25,java.lang.Object,0.00,91,0,53,0,91,8,1,112,2013,1
"org.apache.jackrabbit.core.xml.WorkspaceImporterTest",3,0.75,1.67,21,0.38,7743.45,5,2,9,22,2,133.11,9,54,0,2,112.49,0.00,0.50,1.00,0,0.00,3,1141.26,0,0,2,junit.framework.TestCase,0.00,19,1,5,0,19,3,0,2,216,1
"org.apache.jackrabbit.core.util.DOMBuilder",8,0.11,1.25,32,0.34,5701.03,12,4,13,25,1,83.73,62,47,1,1,126.02,0.00,0.00,0.34,4,0.00,3,1028.15,0,0,0,java.lang.Object,0.00,17,0,10,0,17,8,0,13,248,2
"org.apache.jackrabbit.core.util.DOMWalker",8,0.10,2.62,69,0.77,23852.86,11,3,12,38,2,61.25,85,87,2,1,109.73,0.00,0.00,0.42,0,0.00,5,2301.70,0,4,0,java.lang.Object,0.00,30,0,21,0,30,4,0,12,478,2
"org.apache.jackrabbit.core.util.Dumpable",1,0.00,1.00,2,0.01,30.51,1,0,1,1,6,110.52,12,3,6,1,148.08,0.00,0.00,0.00,0,1.00,1,25.51,0,0,0,,0.00,0,0,1,0,0,1,0,2,11,1
"org.apache.jackrabbit.core.util.ReferenceChangeTracker",6,0.00,1.00,15,0.11,1477.31,8,2,4,14,5,98.65,45,22,4,1,140.94,0.00,0.00,0.50,0,2.00,1,341.15,0,2,1,java.lang.Object,0.00,8,0,6,0,8,4,0,9,99,1
"org.apache.jackrabbit.core.util.RepositoryLock",5,0.54,3.80,57,0.72,24027.16,12,7,9,28,3,92.50,76,99,3,1,102.85,0.00,0.00,0.57,2,0.00,6,2169.93,0,0,0,java.lang.Object,0.00,23,0,19,0,23,5,0,25,426,1
"org.apache.jackrabbit.core.util.RepositoryLockTest",6,0.20,1.67,42,0.41,10991.71,7,1,4,19,2,95.79,34,56,1,2,113.66,0.00,0.50,0.83,1,0.00,3,1242.39,0,0,1,junit.framework.TestCase,0.00,13,1,10,0,13,6,0,8,279,1
"org.apache.jackrabbit.core.util.TestAll",1,0.00,1.00,5,0.04,864.35,1,0,3,3,1,73.70,8,7,0,2,121.80,0.00,0.50,0.00,0,1.00,1,115.51,0,1,1,junit.framework.TestCase,0.00,2,1,1,0,2,0,0,2,31,1
"org.apache.jackrabbit.core.nodetype.xml.AdditionalNamespaceResolver",5,0.12,1.80,31,0.32,8555.78,7,2,6,13,5,98.50,27,41,4,2,116.38,0.00,0.50,0.40,1,6.00,2,949.71,0,2,1,org.apache.jackrabbit.namespace.AbstractNamespaceResolver,0.00,8,1,9,0,8,3,0,8,218,1
"org.apache.jackrabbit.core.nodetype.xml.Constants",0,0.00,0.00,25,0.29,3144.19,24,24,0,0,2,171.00,27,26,2,1,171.00,0.00,0.00,0.00,0,0.00,0,861.42,0,0,0,,0.00,0,0,0,0,0,0,0,25,149,1
"org.apache.jackrabbit.core.nodetype.xml.NodeTypeReader",7,0.17,3.86,108,2.16,115924.33,10,3,26,65,25,45.12,75,183,5,1,93.59,0.00,0.00,0.48,3,4.00,9,6492.30,0,6,20,java.lang.Object,0.00,58,0,27,0,58,1,0,21,1084,1
"org.apache.jackrabbit.core.nodetype.xml.NodeTypeWriter",6,0.30,3.67,110,1.66,81563.88,8,2,18,53,15,47.20,71,149,3,1,91.33,0.00,0.00,0.75,2,0.00,6,4984.26,0,0,12,java.lang.Object,0.00,47,0,22,0,47,6,0,20,874,2
"org.apache.jackrabbit.core.nodetype.xml.SimpleNamespaceRegistry",7,0.08,1.14,24,0.26,4048.42,9,2,3,15,2,171.31,15,33,1,1,131.42,0.00,0.00,0.57,1,0.00,2,766.08,0,4,1,java.lang.Object,0.00,8,0,8,0,8,3,1,10,200,0
"org.apache.jackrabbit.core.nodetype.xml.TestAll",39,0.06,1.33,233,3.26,61142.42,46,7,26,92,19,159.58,98,388,1,2,119.70,0.00,0.50,0.08,3,371.00,4,9769.28,0,4,18,junit.framework.TestCase,0.00,53,1,52,0,53,35,0,49,2004,1
"org.apache.jackrabbit.webdav.jcr.version.report.AbstractJcrReport",3,0.25,2.67,21,0.32,12839.56,5,2,9,10,15,78.43,19,30,7,1,110.65,0.00,0.00,0.67,0,0.00,6,951.12,0,2,8,java.lang.Object,0.00,7,0,8,7,7,1,1,5,183,2
"org.apache.jackrabbit.webdav.jcr.version.report.ExportViewReport",4,0.00,3.00,39,0.67,24041.24,8,4,24,28,11,67.83,49,54,1,2,105.39,0.00,0.50,0.25,0,6.00,7,2008.53,3,2,10,org.apache.jackrabbit.webdav.jcr.version.report.AbstractJcrReport,0.00,24,1,12,0,24,2,0,13,364,1
"org.apache.jackrabbit.webdav.jcr.version.report.JcrPrivilegeReport",5,0.00,1.80,36,0.58,16461.57,10,5,22,31,16,79.42,34,48,1,2,111.64,0.00,0.50,0.20,1,10.00,4,1744.97,2,2,15,org.apache.jackrabbit.webdav.jcr.version.report.AbstractJcrReport,0.00,26,1,9,0,26,3,0,12,335,1
"org.apache.jackrabbit.webdav.jcr.version.report.LocateByUuidReport",4,0.08,1.50,25,0.42,11679.18,8,4,18,26,15,64.59,38,33,2,2,114.59,0.00,0.50,0.19,0,6.00,3,1264.01,2,2,13,org.apache.jackrabbit.webdav.jcr.version.report.AbstractJcrReport,0.00,22,1,6,0,22,2,0,9,238,1
"org.apache.jackrabbit.webdav.jcr.version.report.LocateCorrespondingNodeReport",5,0.19,1.80,34,0.56,16256.85,9,4,21,28,15,70.05,56,45,1,2,114.18,0.00,0.50,0.10,0,11.00,3,1675.53,1,3,14,org.apache.jackrabbit.webdav.jcr.version.report.AbstractJcrReport,0.00,23,1,9,0,23,2,0,10,323,1
"org.apache.jackrabbit.webdav.jcr.version.report.NodeTypesReport",5,0.17,4.20,71,1.10,49739.07,8,3,27,45,14,58.87,63,83,1,2,96.44,0.00,0.50,0.20,0,13.00,8,3312.64,2,3,13,org.apache.jackrabbit.webdav.jcr.version.report.AbstractJcrReport,0.00,40,1,21,0,40,2,1,21,578,1
"org.apache.jackrabbit.webdav.jcr.version.report.RegisteredNamespacesReport",4,0.00,1.75,26,0.33,9629.00,7,3,14,15,10,71.09,46,33,1,2,115.22,0.00,0.50,0.33,0,6.00,3,1003.83,1,2,9,org.apache.jackrabbit.webdav.jcr.version.report.AbstractJcrReport,0.00,11,1,7,0,11,2,1,8,205,1
"org.apache.jackrabbit.webdav.jcr.version.report.RepositoryDescriptorsReport",4,0.50,1.25,21,0.26,6975.76,6,2,12,11,9,75.22,45,24,1,2,119.35,0.00,0.50,0.12,0,8.00,2,783.79,2,2,8,org.apache.jackrabbit.webdav.jcr.version.report.AbstractJcrReport,0.00,7,1,5,0,7,2,1,7,167,1
"org.apache.jackrabbit.api.JackrabbitNodeTypeManager",3,2.00,1.00,6,0.06,429.53,5,2,7,3,12,122.65,42,9,12,2,142.79,0.00,0.50,0.00,0,3.00,1,170.55,0,2,0,,0.00,0,1,3,0,0,1,0,6,49,1
"org.apache.jackrabbit.api.JackrabbitRepository",1,0.00,1.00,2,0.01,44.19,1,0,1,1,4,126.67,14,3,4,2,146.81,0.00,0.50,0.00,0,1.00,1,26.09,0,0,0,,0.00,0,1,1,0,0,1,0,2,11,1
"org.apache.jackrabbit.api.JackrabbitWorkspace",2,0.00,1.00,3,0.03,136.06,2,0,4,2,6,127.19,26,6,6,2,156.57,0.00,0.50,0.00,0,2.00,1,84.68,0,0,0,,0.00,0,1,2,0,0,2,0,3,27,1
"org.apache.jackrabbit.api.XASession",1,0.00,1.00,2,0.01,44.19,1,0,2,1,4,180.20,20,3,4,2,146.81,0.00,0.50,0.00,0,1.00,1,26.09,0,1,0,,0.00,0,1,1,0,0,0,0,2,11,1
"org.apache.jackrabbit.server.io.AbstractExportContext",9,0.02,1.33,29,0.26,5015.01,15,6,3,12,9,131.51,4,42,4,1,131.51,0.00,0.00,0.15,0,53.00,3,768.97,0,2,5,java.lang.Object,0.00,3,0,12,3,3,7,1,1,188,2
"org.apache.jackrabbit.server.io.BoundedInputStream",14,0.14,1.50,54,0.52,15774.65,19,5,2,23,2,129.31,57,74,2,2,129.08,0.00,0.50,0.33,1,0.00,4,1553.34,0,1,0,java.io.InputStream,0.00,9,1,21,0,9,13,0,19,368,1
"org.apache.jackrabbit.server.io.DefaultHandler",33,0.16,3.03,277,4.03,165499.70,38,5,27,137,20,65.63,260,397,5,1,107.92,0.00,0.00,0.05,14,257.00,9,12093.72,0,10,15,java.lang.Object,0.00,104,0,100,3,104,23,2,80,2300,1
"org.apache.jackrabbit.server.io.DefaultIOListener",4,0.00,1.50,11,0.17,2386.13,6,2,2,8,8,138.06,16,16,5,1,137.82,0.00,0.00,0.50,0,0.00,2,498.31,0,0,3,java.lang.Object,0.00,4,0,6,0,4,4,1,5,119,1
"org.apache.jackrabbit.server.io.DefaultIOManager",3,1.00,1.33,14,0.11,1549.75,4,1,2,10,8,79.01,26,19,1,2,127.11,0.00,0.50,0.00,1,3.00,2,322.93,1,0,7,org.apache.jackrabbit.server.io.IOManagerImpl,0.00,7,1,4,0,7,3,0,4,87,1
"org.apache.jackrabbit.server.io.DirListingExportHandler",17,0.44,1.76,132,1.88,90625.34,19,2,15,54,12,110.23,75,165,2,1,110.00,0.00,0.00,0.09,2,58.00,7,5641.54,0,3,10,java.lang.Object,0.00,37,0,30,0,37,14,2,25,987,1
"org.apache.jackrabbit.server.io.ExportContext",10,0.00,1.00,11,0.07,327.85,10,0,2,10,13,141.19,57,12,12,2,159.06,0.00,0.50,0.00,0,10.00,1,202.60,0,2,1,,0.00,0,1,10,0,0,8,0,11,74,1
"org.apache.jackrabbit.server.io.ExportContextImpl",11,0.06,2.45,64,0.80,21836.39,16,5,15,37,7,100.88,61,95,1,2,118.75,0.00,0.50,0.25,0,0.00,11,2400.68,2,1,6,org.apache.jackrabbit.server.io.AbstractExportContext,0.10,26,1,27,0,26,10,0,22,486,1
"org.apache.jackrabbit.server.io.IOContext",4,0.00,1.00,5,0.02,93.72,4,0,0,4,2,142.34,23,6,2,1,160.21,0.00,0.00,0.00,0,4.00,1,62.48,0,1,1,,0.00,0,0,4,0,0,3,0,5,26,1
"org.apache.jackrabbit.server.io.IOHandler",11,0.00,1.00,12,0.10,581.83,11,0,2,11,12,119.87,136,13,9,1,157.43,0.00,0.00,0.00,0,11.00,1,311.12,0,2,4,,0.00,0,0,11,0,0,9,0,12,101,1
"org.apache.jackrabbit.server.io.IOListener",3,0.00,1.00,4,0.04,168.96,3,0,0,3,8,109.11,25,5,7,1,157.21,0.00,0.00,0.00,0,3.00,1,112.64,0,0,2,,0.00,0,0,3,0,0,3,0,4,35,1
"org.apache.jackrabbit.server.io.IOManager",6,0.00,1.00,7,0.06,395.24,6,0,2,6,13,112.55,67,8,10,1,156.68,0.00,0.00,0.00,0,6.00,1,192.35,0,0,4,,0.00,0,0,6,0,0,6,0,7,61,1
"org.apache.jackrabbit.server.io.IOManagerImpl",7,0.08,3.43,83,0.99,54846.69,9,2,6,25,8,101.44,30,96,1,1,101.21,0.00,0.00,0.43,1,9.00,5,2983.60,0,1,7,java.lang.Object,0.00,18,0,24,1,18,6,1,8,567,1
"org.apache.jackrabbit.server.io.IOUtil",8,4.00,2.50,62,0.77,29270.11,12,4,12,26,16,62.73,83,81,13,1,111.20,0.00,0.00,0.00,0,8.00,3,2298.55,0,7,3,java.lang.Object,0.00,18,0,20,0,18,1,0,20,481,1
"org.apache.jackrabbit.server.io.ImportContext",10,0.00,1.00,11,0.05,223.94,10,0,2,10,13,128.15,63,12,12,2,160.37,0.00,0.50,0.00,0,10.00,1,138.09,0,7,1,,0.00,0,1,10,0,0,3,0,11,58,1
"org.apache.jackrabbit.server.io.ImportContextImpl",20,0.01,1.80,76,0.76,17411.26,28,8,9,40,8,112.04,115,108,2,1,129.92,0.00,0.00,0.12,3,224.00,3,2282.95,0,8,6,java.lang.Object,0.00,20,0,36,1,20,12,1,22,539,1
"org.apache.jackrabbit.server.io.MimeResolver",5,0.00,1.80,22,0.23,4565.93,7,2,3,18,8,76.99,40,33,7,1,125.09,0.00,0.00,0.50,0,1.00,3,682.89,0,2,1,java.lang.Object,0.00,13,0,9,0,13,3,0,12,162,1
"org.apache.jackrabbit.server.io.PropertyExportContext",0,0.00,0.00,1,0.01,31.02,0,0,0,0,9,171.00,5,2,9,2,171.00,0.00,0.50,0.00,0,0.00,0,15.51,0,0,0,,0.00,0,1,0,0,0,0,0,1,6,1
"org.apache.jackrabbit.server.io.PropertyHandler",4,0.00,1.00,5,0.05,270.57,4,0,2,4,8,127.21,52,6,6,1,156.59,0.00,0.00,0.00,0,4.00,1,136.59,0,1,2,,0.00,0,0,4,0,0,3,0,5,44,1
"org.apache.jackrabbit.server.io.PropertyImportContext",2,0.00,1.00,3,0.01,65.85,2,0,2,2,9,110.94,17,4,9,2,159.05,0.00,0.50,0.00,0,2.00,1,38.73,0,2,0,,0.00,0,1,2,0,0,0,0,3,16,1
"org.apache.jackrabbit.server.io.PropertyManager",4,0.00,1.00,5,0.04,233.87,4,0,2,4,5,124.86,25,6,2,1,157.09,0.00,0.00,0.00,0,4.00,1,117.76,0,2,3,,0.00,0,0,4,0,0,2,0,5,39,1
"org.apache.jackrabbit.server.io.PropertyManagerImpl",6,0.20,2.17,46,0.50,19772.32,9,3,7,27,10,111.83,26,54,2,1,111.60,0.00,0.00,0.17,1,14.00,4,1511.48,0,2,8,java.lang.Object,0.00,21,0,13,0,21,4,1,7,317,1
"org.apache.jackrabbit.server.io.VersionHandler",12,1.00,1.42,40,0.40,8339.32,13,1,9,17,10,170.63,31,59,1,2,130.74,0.00,0.50,0.00,2,12.00,3,1188.62,0,2,9,org.apache.jackrabbit.server.io.DefaultHandler,0.22,5,1,17,0,5,10,1,15,282,1
"org.apache.jackrabbit.server.io.VersionHistoryHandler",18,0.50,1.28,54,0.48,7570.50,20,2,8,26,10,132.48,9,78,1,1,132.48,0.00,0.00,0.03,2,34.00,2,1425.86,0,3,9,java.lang.Object,0.00,8,0,23,0,8,15,2,7,357,1
"org.apache.jackrabbit.server.io.XmlHandler",9,0.44,2.11,48,0.70,16316.13,11,2,10,36,7,76.80,63,77,2,2,119.10,0.00,0.50,0.11,0,19.00,4,2086.22,5,0,5,org.apache.jackrabbit.server.io.DefaultHandler,0.00,27,1,19,0,27,9,0,19,437,1
"org.apache.jackrabbit.server.io.ZipHandler",11,0.20,2.64,95,1.32,47134.01,14,3,15,60,10,60.01,110,124,2,2,108.49,0.00,0.50,0.15,1,39.00,6,3955.44,5,1,8,org.apache.jackrabbit.server.io.DefaultHandler,0.05,49,1,29,0,49,10,0,27,761,1
"org.apache.jackrabbit.server.io.ZipHandler$ZipEntryExportContext",9,0.25,1.56,24,0.26,5038.34,11,2,15,18,2,188.03,11,39,0,2,138.03,0.00,0.50,0.28,0,20.00,3,767.11,0,1,2,org.apache.jackrabbit.server.io.AbstractExportContext,0.00,9,1,14,0,9,8,0,6,185,1
"org.apache.jackrabbit.server.io.ZipHandler$ZipEntryImportContext",4,0.00,1.00,14,0.18,2467.12,6,2,15,13,5,131.23,0,19,0,2,131.23,0.00,0.50,0.50,0,4.00,1,527.91,0,1,5,org.apache.jackrabbit.server.io.ImportContextImpl,0.25,9,1,4,0,9,3,0,0,120,1
"org.apache.jackrabbit.servlet.AbstractRepositoryServlet",6,0.00,1.67,36,0.45,18562.91,6,0,7,24,2,123.50,102,49,2,2,114.37,7.00,0.11,0.00,2,6.00,4,1340.42,0,3,0,javax.servlet.http.HttpServlet,0.00,18,1,10,7,18,3,0,8,263,2
"org.apache.jackrabbit.servlet.ContextRepositoryFactory",2,0.00,2.00,14,0.17,5656.89,4,2,4,7,3,82.76,26,25,2,1,112.14,0.00,0.00,0.50,0,2.00,3,518.31,0,1,1,java.lang.Object,0.00,5,0,4,0,5,1,1,5,114,1
"org.apache.jackrabbit.servlet.ContextRepositoryServlet",1,1.00,4.00,16,0.22,10615.64,2,1,5,10,5,70.31,40,23,0,3,94.06,0.00,0.67,0.00,0,1.00,4,666.44,2,1,5,org.apache.jackrabbit.servlet.AbstractRepositoryServlet,0.43,9,2,4,0,9,0,0,3,128,1
"org.apache.jackrabbit.servlet.CrossContextRepositoryFactory",2,0.00,1.50,13,0.15,3552.95,5,3,4,7,3,125.42,35,21,1,1,116.29,0.00,0.00,0.33,0,2.00,2,437.49,0,1,2,java.lang.Object,0.00,5,0,3,0,5,1,1,6,103,1
"org.apache.jackrabbit.servlet.JNDIBindingServlet",2,0.67,3.50,21,0.29,9924.21,5,3,8,15,1,143.61,42,31,0,2,104.31,0.00,0.50,0.67,0,0.00,5,870.42,0,0,1,javax.servlet.http.HttpServlet,0.00,13,1,7,0,13,2,0,6,171,1
"org.apache.jackrabbit.servlet.JNDIRepositoryServlet",1,1.00,5.00,15,0.23,9761.93,2,1,7,11,2,89.57,37,23,0,3,95.34,0.00,0.67,0.00,0,1.00,5,675.70,0,1,2,org.apache.jackrabbit.servlet.AbstractRepositoryServlet,0.43,10,2,5,0,10,0,0,3,129,1
"org.apache.jackrabbit.servlet.ServletRepository",1,0.00,1.00,3,0.02,160.57,1,0,2,2,4,112.09,40,5,2,3,135.83,0.00,0.67,0.00,0,1.00,1,58.69,0,0,2,org.apache.jackrabbit.commons.repository.ProxyRepository,0.00,1,2,1,0,1,1,0,2,19,1
"org.apache.jackrabbit.servlet.ServletRepositoryFactory",2,1.00,2.50,16,0.23,10708.69,3,1,5,10,2,134.02,38,27,1,1,107.74,0.00,0.00,0.50,0,2.00,4,678.63,0,1,1,java.lang.Object,0.00,8,0,5,0,8,1,1,4,137,1
"org.apache.jackrabbit.webdav.io.InputContext",7,0.00,1.00,8,0.03,152.68,7,0,1,7,11,128.24,42,9,11,1,160.46,0.00,0.00,0.00,0,7.00,1,95.75,0,4,0,,0.00,0,0,7,0,0,3,0,8,41,1
"org.apache.jackrabbit.webdav.io.InputContextImpl",8,0.10,1.12,24,0.21,3268.16,11,3,6,15,3,182.61,14,34,1,1,132.61,0.00,0.00,0.25,0,16.00,2,633.69,0,4,2,java.lang.Object,0.00,7,0,9,0,7,4,1,3,162,1
"org.apache.jackrabbit.webdav.io.OutputContext",8,0.00,1.00,9,0.05,242.82,8,0,1,8,10,141.46,44,10,10,1,159.33,0.00,0.00,0.00,0,8.00,1,156.48,0,1,0,,0.00,0,0,8,0,0,7,0,9,58,1
"org.apache.jackrabbit.webdav.io.OutputContextImpl",9,0.04,1.78,32,0.30,5164.87,12,3,5,16,3,131.34,3,49,1,1,131.34,0.00,0.00,0.30,0,1.00,2,901.67,0,1,2,java.lang.Object,0.00,7,0,16,0,7,8,1,1,223,1
"org.apache.jackrabbit.core.query.lucene.hits.AdaptingHits",6,0.17,2.00,37,0.38,17744.50,12,6,3,15,5,96.61,34,52,2,1,114.48,0.00,0.00,0.31,0,0.00,7,1148.41,0,1,3,java.lang.Object,0.00,9,0,12,0,9,5,1,11,240,1
"org.apache.jackrabbit.core.query.lucene.hits.ArrayHits",6,0.40,2.00,39,0.33,9634.05,10,4,1,9,2,156.46,17,50,1,1,116.57,0.00,0.00,0.58,2,0.00,3,975.11,0,0,1,java.lang.Object,0.00,3,0,12,0,3,6,1,4,223,1
"org.apache.jackrabbit.core.query.lucene.hits.BitSetHits",4,0.33,1.00,15,0.10,1251.29,6,2,1,7,2,154.17,14,20,1,1,133.55,0.00,0.00,0.75,1,0.00,1,290.73,0,0,1,java.lang.Object,0.00,3,0,4,0,3,4,1,4,81,1
"org.apache.jackrabbit.core.query.lucene.hits.Hits",3,0.00,1.00,4,0.02,95.88,3,0,1,3,7,141.28,16,5,7,1,159.15,0.00,0.00,0.00,0,3.00,1,63.48,0,0,0,,0.00,0,0,3,0,0,3,0,4,25,1
"org.apache.jackrabbit.core.query.lucene.hits.HitsIntersection",4,0.33,2.00,31,0.28,16792.68,8,4,1,7,3,131.40,12,40,2,1,110.79,0.00,0.00,0.50,1,4.00,4,850.41,0,0,1,java.lang.Object,0.00,3,0,8,0,3,4,1,4,195,1
"org.apache.jackrabbit.core.query.lucene.hits.ScorerHits",4,0.67,1.50,16,0.12,2073.91,5,1,2,8,3,147.69,12,23,2,1,127.07,0.00,0.00,0.50,0,4.00,2,345.43,0,0,1,java.lang.Object,0.00,4,0,6,0,4,4,1,4,91,1
"org.apache.jackrabbit.commons.repository.EmptyRepository",3,0.00,1.00,7,0.05,577.63,3,0,4,4,1,99.49,23,12,0,2,141.78,0.00,0.50,0.00,0,3.00,1,153.49,0,3,1,org.apache.jackrabbit.commons.AbstractRepository,0.00,1,1,3,0,1,0,0,4,45,1
"org.apache.jackrabbit.commons.repository.JNDIRepository",1,0.00,1.00,3,0.02,215.39,1,0,1,2,3,124.47,15,5,1,3,134.83,0.00,0.67,0.00,0,1.00,1,72.87,0,0,2,org.apache.jackrabbit.commons.repository.ProxyRepository,0.00,1,2,1,0,1,1,0,2,22,1
"org.apache.jackrabbit.commons.repository.JNDIRepositoryFactory",2,0.00,2.50,16,0.19,6983.23,4,2,4,6,2,65.07,23,29,1,1,109.20,0.00,0.00,0.50,0,2.00,4,558.91,0,1,1,java.lang.Object,0.00,4,0,5,0,4,1,1,5,120,1
"org.apache.jackrabbit.commons.repository.ProxyRepository",4,0.17,1.50,17,0.18,3070.76,6,2,6,10,8,77.25,42,28,6,2,125.73,5.00,0.14,0.62,0,0.00,2,538.25,0,3,2,org.apache.jackrabbit.commons.AbstractRepository,0.00,6,1,6,5,6,1,0,7,130,1
"org.apache.jackrabbit.commons.repository.RepositoryFactory",1,0.00,1.00,2,0.01,38.26,1,0,2,1,7,103.18,11,3,7,1,147.31,0.00,0.00,0.00,0,1.00,1,25.51,0,1,0,,0.00,0,0,1,0,0,0,0,2,11,1
"org.apache.jackrabbit.uuid.Constants",0,0.00,0.00,33,0.42,8853.20,32,32,0,1,7,171.00,114,34,7,1,171.00,0.00,0.00,0.00,0,0.00,0,1267.81,0,0,0,,0.00,1,0,0,0,1,0,0,39,209,1
"org.apache.jackrabbit.uuid.UUID",13,0.17,2.38,117,1.70,104450.25,17,4,3,22,59,62.16,102,153,58,1,104.45,0.00,0.00,0.40,0,0.00,9,5114.45,0,3,2,java.lang.Object,0.00,9,0,31,0,9,10,3,20,998,1
"org.apache.jackrabbit.uuid.VersionFourGenerator",6,0.03,2.50,56,0.55,23765.71,12,6,2,17,4,96.51,92,71,3,1,106.86,0.00,0.00,0.19,2,10.00,8,1637.08,0,3,2,java.lang.Object,0.00,11,0,15,0,11,3,1,28,331,2
"org.apache.jackrabbit.uuid.VersionFourGenerator$Thread",1,0.00,1.00,5,0.04,441.18,1,0,2,1,0,163.99,2,6,0,1,124.10,0.00,0.00,0.00,0,0.00,1,110.19,0,0,0,java.lang.Object,0.00,0,0,1,0,0,1,0,2,29,0
"org.apache.jackrabbit.rmi.client.iterator.ClientIterator",9,0.18,2.33,60,0.58,23827.83,14,5,7,16,9,66.35,97,85,5,1,114.82,0.00,0.00,0.36,2,7.00,6,1735.08,0,2,4,org.apache.jackrabbit.rmi.client.ClientObject,0.00,7,1,21,5,7,7,1,16,374,2
"org.apache.jackrabbit.rmi.client.iterator.ClientNodeIterator",3,1.00,1.00,9,0.07,845.72,4,1,6,3,5,85.80,24,15,1,2,133.91,0.00,0.50,0.33,0,4.00,1,218.74,2,2,4,org.apache.jackrabbit.rmi.client.iterator.ClientIterator,0.00,0,2,3,0,0,1,1,5,61,1
"org.apache.jackrabbit.rmi.client.iterator.ClientNodeTypeIterator",3,0.00,1.00,7,0.05,528.94,3,0,5,4,5,99.79,22,13,1,2,142.08,0.00,0.50,0.00,0,3.00,1,161.13,2,2,4,org.apache.jackrabbit.rmi.client.iterator.ClientIterator,0.00,1,2,3,0,1,1,1,4,49,1
"org.apache.jackrabbit.rmi.client.iterator.ClientPropertyIterator",3,1.00,1.00,9,0.08,929.67,4,1,6,4,5,85.48,24,16,1,2,133.58,0.00,0.50,0.33,0,4.00,1,233.46,2,2,4,org.apache.jackrabbit.rmi.client.iterator.ClientIterator,0.00,1,2,3,0,1,1,1,5,64,1
"org.apache.jackrabbit.rmi.client.iterator.ClientRowIterator",3,0.00,1.00,7,0.05,528.94,3,0,5,4,5,99.79,22,12,1,2,142.08,0.00,0.50,0.00,0,3.00,1,161.13,2,2,4,org.apache.jackrabbit.rmi.client.iterator.ClientIterator,0.00,1,2,3,0,1,1,1,4,49,1
"org.apache.jackrabbit.rmi.client.iterator.ClientVersionIterator",3,1.00,1.00,9,0.08,929.67,4,1,6,4,5,85.48,24,16,1,2,133.58,0.00,0.50,0.33,0,4.00,1,233.46,2,2,4,org.apache.jackrabbit.rmi.client.iterator.ClientIterator,0.00,1,2,3,0,1,1,1,5,64,1
"org.apache.jackrabbit.identifier.AbstractIdFactory",5,0.00,1.40,17,0.17,2814.28,5,0,9,9,9,113.59,25,26,2,1,131.47,0.00,0.00,0.00,0,5.00,2,522.55,0,5,7,java.lang.Object,0.00,4,0,7,2,4,0,1,7,130,2
"org.apache.jackrabbit.identifier.AbstractIdFactory$ItemIdImpl",9,0.08,2.11,43,0.45,13367.33,12,3,9,22,4,163.28,19,61,0,1,123.39,0.00,0.00,0.26,1,24.00,3,1344.04,0,3,4,java.lang.Object,0.00,13,0,19,0,13,6,2,4,314,2
"org.apache.jackrabbit.identifier.AbstractIdFactory$NodeIdImpl",5,0.00,1.60,15,0.15,2425.80,5,0,9,8,2,131.94,0,23,0,2,131.94,0.00,0.50,0.00,0,5.00,3,437.29,1,0,2,org.apache.jackrabbit.identifier.ItemIdImpl,0.00,3,1,8,0,3,5,1,0,112,1
"org.apache.jackrabbit.identifier.AbstractIdFactory$PropertyIdImpl",5,1.00,1.40,17,0.12,1905.70,6,1,9,8,3,132.80,0,25,0,2,132.80,0.00,0.50,0.20,0,8.00,3,371.84,1,2,3,org.apache.jackrabbit.identifier.ItemIdImpl,0.00,3,1,7,0,3,3,1,0,100,1
"org.apache.jackrabbit.identifier.IdFactoryImpl",3,1.00,1.33,9,0.06,1117.64,4,1,3,5,5,182.89,3,14,1,2,132.89,0.00,0.50,0.33,0,4.00,2,183.15,0,2,4,org.apache.jackrabbit.identifier.AbstractIdFactory,0.25,2,1,4,0,2,1,0,1,51,2
"org.apache.jackrabbit.test.rmi.value.SerialValueFactoryTest",2,0.00,1.00,22,0.31,5662.05,3,1,8,15,1,154.97,3,28,0,2,104.97,0.00,0.50,1.00,0,0.00,1,918.45,0,0,1,junit.framework.TestCase,0.00,13,1,2,0,13,2,0,1,185,1
"org.apache.jackrabbit.webdav.jcr.AbstractItemResource",18,0.10,3.00,151,2.28,84311.88,21,3,36,86,30,65.86,141,215,2,2,108.15,5.00,0.14,0.24,3,102.00,10,6835.56,9,8,28,org.apache.jackrabbit.webdav.jcr.AbstractResource,0.13,68,1,54,5,68,10,2,42,1265,1
"org.apache.jackrabbit.webdav.jcr.AbstractResource",44,0.03,1.68,201,2.60,74997.77,55,11,62,116,57,90.75,290,300,4,1,122.97,0.00,0.00,0.06,11,878.00,5,7814.76,0,27,53,java.lang.Object,0.00,72,0,74,8,72,17,4,74,1638,1
"org.apache.jackrabbit.webdav.jcr.AbstractResource$EListener",2,0.00,2.50,16,0.23,5155.98,5,3,62,9,6,150.12,5,23,0,1,110.24,0.00,0.00,0.33,0,2.00,4,691.99,0,0,6,java.lang.Object,0.00,7,0,5,0,7,2,1,3,145,0
"org.apache.jackrabbit.webdav.jcr.DavLocatorFactoryImpl",3,0.50,3.33,29,0.31,11701.27,4,1,3,15,3,58.74,26,39,1,2,106.85,0.00,0.50,0.67,0,1.00,5,942.47,0,2,2,org.apache.jackrabbit.webdav.AbstractLocatorFactory,0.00,12,1,10,0,12,1,0,7,196,1
"org.apache.jackrabbit.webdav.jcr.DavResourceFactoryImpl",6,0.07,4.00,75,1.19,55416.15,9,3,25,40,24,55.07,66,103,1,1,99.20,0.00,0.00,0.39,1,6.00,10,3565.99,0,4,23,java.lang.Object,0.00,34,0,24,0,34,2,1,14,634,1
"org.apache.jackrabbit.webdav.jcr.DefaultItemCollection",29,0.30,4.41,359,5.24,209259.48,31,2,68,163,42,51.54,318,500,3,3,100.02,1.50,0.33,0.21,8,61.00,16,15732.29,22,10,39,org.apache.jackrabbit.webdav.jcr.AbstractItemResource,0.16,134,2,128,3,134,19,1,86,2845,1
"org.apache.jackrabbit.webdav.jcr.DefaultItemResource",14,0.77,2.71,106,1.50,53090.74,15,1,42,65,26,62.96,121,148,1,3,111.06,0.00,0.67,0.29,2,38.00,8,4501.53,9,3,25,org.apache.jackrabbit.webdav.jcr.AbstractItemResource,0.04,51,2,38,0,51,11,0,24,851,1
"org.apache.jackrabbit.webdav.jcr.ItemResourceConstants",0,0.00,0.00,45,1.24,42238.42,44,44,9,4,28,171.00,69,46,20,1,171.00,0.00,0.00,0.00,0,0.00,0,3707.81,0,0,8,,0.00,4,0,0,0,4,0,0,24,550,1
"org.apache.jackrabbit.webdav.jcr.JcrDavException",4,0.00,1.25,40,0.72,23720.71,7,3,28,17,28,53.94,37,47,23,3,103.93,0.00,0.67,0.33,0,6.00,2,2160.82,0,1,5,org.apache.jackrabbit.webdav.DavException,0.23,13,2,5,0,13,3,0,6,444,1
"org.apache.jackrabbit.webdav.jcr.JcrDavSession",8,0.10,1.25,27,0.28,5361.04,11,3,8,21,23,98.67,54,38,19,1,130.90,0.00,0.00,0.25,2,12.00,2,830.31,0,4,4,java.lang.Object,0.00,13,0,10,2,13,4,1,12,208,2
"org.apache.jackrabbit.webdav.jcr.RootCollection",13,1.00,1.38,78,0.99,32915.44,14,1,22,45,14,82.88,85,96,1,2,115.10,0.00,0.50,0.08,3,24.00,4,2975.27,4,5,13,org.apache.jackrabbit.webdav.jcr.AbstractResource,0.07,32,1,18,0,32,8,0,18,568,1
"org.apache.jackrabbit.webdav.jcr.VersionControlledItemCollection",17,0.88,4.53,222,3.33,175212.82,18,1,38,86,27,59.94,205,300,1,4,97.50,0.00,0.75,0.18,4,0.00,17,9987.39,13,7,26,org.apache.jackrabbit.webdav.jcr.DefaultItemCollection,0.11,69,3,77,0,69,10,1,74,1766,1
"org.apache.jackrabbit.webdav.jcr.WorkspaceResourceImpl",25,0.83,1.80,171,2.34,93910.03,26,1,44,94,29,95.81,138,217,1,2,113.69,0.00,0.50,0.20,5,123.00,7,7019.65,9,10,28,org.apache.jackrabbit.webdav.jcr.AbstractResource,0.12,69,1,45,0,69,15,2,43,1311,1
"org.apache.jackrabbit.core.lock.AbstractLockInfo",10,0.00,1.40,44,0.33,7009.10,16,6,3,16,10,93.83,69,60,7,1,126.06,0.00,0.00,0.17,0,42.00,4,994.08,0,4,3,java.lang.Object,0.00,6,0,14,2,6,6,0,17,246,2
"org.apache.jackrabbit.core.lock.LockImpl",9,0.00,1.44,29,0.22,2946.42,11,2,4,16,3,115.44,51,45,2,1,133.31,0.00,0.00,0.50,1,0.00,3,659.86,0,3,1,java.lang.Object,0.00,7,0,13,1,7,6,1,15,175,0
"org.apache.jackrabbit.core.lock.LockManager",11,0.00,1.00,12,0.11,505.02,11,0,7,11,10,109.81,94,16,9,1,157.91,0.00,0.00,0.00,0,11.00,1,337.99,0,3,3,,0.00,0,0,11,0,0,8,0,12,107,1
"org.apache.jackrabbit.core.lock.LockManagerImpl",36,0.03,3.17,373,5.04,179382.30,45,9,40,133,28,86.44,210,540,5,1,104.32,0.00,0.00,0.14,12,186.00,8,15111.23,0,5,23,java.lang.Object,0.00,97,0,114,0,97,31,4,64,2800,1
"org.apache.jackrabbit.core.lock.LockManagerImpl$HierarchyEvent",5,0.10,1.20,24,0.16,3222.39,10,5,40,5,2,76.38,45,31,0,1,126.38,0.00,0.00,0.28,0,5.00,2,491.12,0,2,2,java.lang.Object,0.00,0,0,6,0,0,3,0,10,128,1
"org.apache.jackrabbit.core.lock.LockManagerImpl$LockInfo",3,0.00,2.67,19,0.22,5240.33,3,0,40,9,5,73.92,21,31,0,2,116.22,0.00,0.50,0.00,0,4.00,6,647.13,3,0,5,org.apache.jackrabbit.core.lock.AbstractLockInfo,0.00,6,1,8,0,6,3,1,4,134,0
"org.apache.jackrabbit.core.lock.LockManagerImpl$PathMap.ElementVisitor",1,0.00,2.00,5,0.05,772.48,1,0,40,3,1,122.03,0,7,0,1,122.03,0.00,0.00,0.00,0,1.00,2,151.44,0,0,1,java.lang.Object,0.00,2,0,2,0,2,1,0,0,38,0
"org.apache.jackrabbit.core.lock.LockManagerImpl$PathMap.ElementVisitor_0",1,0.00,2.00,5,0.07,1023.56,1,0,40,6,1,121.06,0,7,0,1,121.06,0.00,0.00,0.00,0,0.00,2,198.35,0,0,1,java.lang.Object,0.00,5,0,2,0,5,1,0,0,47,0
"org.apache.jackrabbit.core.lock.LockManagerImpl$PathMap.ElementVisitor_1",1,0.00,1.00,4,0.04,421.02,1,0,40,3,1,127.88,0,5,0,1,127.88,0.00,0.00,0.00,0,1.00,1,115.51,0,0,1,java.lang.Object,0.00,2,0,1,0,2,1,0,0,31,0
"org.apache.jackrabbit.core.lock.LockManagerImpl$PathMap.ElementVisitor_2",1,0.00,3.00,17,0.19,7649.85,1,0,40,8,0,94.27,0,17,0,1,94.27,0.00,0.00,0.00,0,1.00,3,578.13,0,0,0,java.lang.Object,0.00,7,0,3,0,7,1,0,0,114,0
"org.apache.jackrabbit.core.lock.LockToken",4,1.00,3.25,47,0.58,48664.61,5,1,1,15,7,67.49,26,56,6,1,99.71,0.00,0.00,0.25,1,6.00,8,1749.55,0,2,1,java.lang.Object,0.00,11,0,13,0,11,2,0,6,340,0
"org.apache.jackrabbit.core.lock.XAEnvironment",13,0.16,3.08,139,1.67,62287.28,26,13,12,61,9,56.35,106,181,2,1,104.46,0.00,0.00,0.22,3,0.00,7,5016.38,0,3,7,java.lang.Object,0.00,48,0,40,0,48,10,0,33,958,0
"org.apache.jackrabbit.core.lock.XAEnvironment$LockInfo",7,0.17,1.43,28,0.24,3284.06,9,2,12,7,4,109.55,37,41,0,2,127.42,0.00,0.50,0.36,0,15.00,2,706.67,1,0,4,org.apache.jackrabbit.core.lock.AbstractLockInfo,0.12,0,1,10,0,0,7,0,9,176,0
"org.apache.jackrabbit.core.lock.XALock",2,1.00,2.00,10,0.09,1265.31,3,1,3,5,4,74.60,16,15,1,2,122.71,0.00,0.50,0.50,0,2.00,3,275.76,1,0,4,org.apache.jackrabbit.core.lock.LockImpl,0.18,3,1,4,0,3,2,0,4,69,0
"org.apache.jackrabbit.core.lock.XALockManager",20,0.12,1.95,115,1.26,35228.37,23,3,10,50,12,119.45,83,156,2,1,119.21,0.00,0.00,0.45,2,0.00,3,3790.13,0,3,11,java.lang.Object,0.00,30,0,39,0,30,17,2,26,821,1
"org.apache.jackrabbit.core.jndi.BindableRepository",15,0.02,1.13,53,0.55,9488.23,22,7,16,35,6,82.64,151,83,3,1,131.12,0.00,0.00,0.16,2,0.00,2,1651.11,0,10,4,java.lang.Object,0.00,20,0,17,0,20,5,3,32,399,1
"org.apache.jackrabbit.core.jndi.BindableRepository$Thread",1,0.00,1.00,3,0.01,56.92,1,0,16,2,0,139.38,0,4,0,1,139.38,0.00,0.00,0.00,0,1.00,1,30.46,0,0,0,java.lang.Object,0.00,1,0,1,0,1,1,0,0,12,0
"org.apache.jackrabbit.core.jndi.BindableRepositoryFactory",3,0.50,1.67,18,0.24,6776.82,4,1,8,11,2,67.34,25,30,2,1,115.44,0.00,0.00,0.67,1,1.00,3,709.46,0,2,1,java.lang.Object,0.00,8,0,5,0,8,1,1,6,150,1
"org.apache.jackrabbit.core.jndi.RegistryHelper",3,0.00,1.33,11,0.13,2518.63,3,0,3,9,4,92.55,36,21,2,1,130.11,0.00,0.00,0.00,0,3.00,2,376.66,0,0,2,java.lang.Object,0.00,6,0,4,0,6,3,0,7,87,1
"org.apache.jackrabbit.j.AbstractConfig",6,0.13,2.33,47,0.65,19633.65,9,3,9,32,4,161.60,10,61,3,1,111.60,0.00,0.00,0.44,1,10.00,4,1962.86,0,1,1,java.lang.Object,0.00,26,0,14,3,26,5,0,3,393,2
"org.apache.jackrabbit.j.BootstrapConfig",12,0.04,1.17,40,0.28,4197.02,17,5,3,22,5,183.14,15,55,4,2,133.14,0.00,0.50,0.23,0,42.00,3,839.56,2,4,3,org.apache.jackrabbit.j2ee.AbstractConfig,0.22,10,1,14,0,10,8,0,1,229,1
"org.apache.jackrabbit.j.Installer",4,0.31,3.75,75,1.03,38309.92,17,13,11,27,1,110.65,72,95,1,1,92.52,0.00,0.00,0.31,2,0.00,10,3093.51,0,0,0,java.lang.Object,0.00,23,0,15,0,23,4,0,20,556,1
"org.apache.jackrabbit.j.JCRWebdavServerServlet",10,0.10,1.70,63,0.73,18718.61,22,12,22,38,17,66.08,94,85,0,3,116.08,0.00,0.67,0.18,0,42.00,4,2185.29,1,5,17,org.apache.jackrabbit.webdav.server.AbstractWebdavServlet,0.22,28,2,17,0,28,5,0,23,447,1
"org.apache.jackrabbit.j.JNDIConfig",10,0.03,1.50,38,0.37,6417.74,14,4,5,25,3,181.00,16,54,2,2,131.00,0.00,0.50,0.22,0,38.00,3,1121.64,1,3,2,org.apache.jackrabbit.j2ee.AbstractConfig,0.12,15,1,15,0,15,7,0,4,263,1
"org.apache.jackrabbit.j.LoggingServlet",4,1.00,3.00,40,0.50,16019.02,5,1,20,29,0,114.21,68,62,0,2,105.08,0.00,0.50,0.25,3,6.00,6,1497.97,0,0,0,javax.servlet.http.HttpServlet,0.00,25,1,12,0,25,4,0,12,293,1
"org.apache.jackrabbit.j.LoggingServlet$ContextResolver",1,0.00,4.00,13,0.17,5567.46,1,0,20,11,0,99.63,0,20,0,1,99.63,0.00,0.00,0.00,0,1.00,4,505.13,0,1,0,java.lang.Object,0.00,10,0,4,0,10,0,1,0,98,1
"org.apache.jackrabbit.j.RMIConfig",15,0.02,1.53,62,0.68,30784.38,22,7,7,30,3,162.25,32,86,2,2,122.36,0.00,0.50,0.16,0,72.00,9,2032.85,1,5,2,org.apache.jackrabbit.j2ee.AbstractConfig,0.10,15,1,23,0,15,10,0,15,428,1
"org.apache.jackrabbit.j.RepositoryAccessServlet",10,0.10,3.90,120,1.48,60514.52,17,7,18,51,5,50.65,99,171,3,2,100.65,0.00,0.50,0.23,4,0.00,10,4450.89,0,8,2,javax.servlet.http.HttpServlet,0.00,41,1,39,0,41,2,0,32,850,1
"org.apache.jackrabbit.j.RepositoryAccessServlet$ClientFactoryDelegater",1,0.00,1.00,2,0.02,146.32,1,0,18,1,0,142.72,0,4,0,1,142.72,0.00,0.00,0.00,0,1.00,1,58.53,0,1,0,java.lang.Object,0.00,0,0,1,0,0,0,0,0,18,3
"org.apache.jackrabbit.j.RepositoryAccessServlet$RMIClientFactoryDelegater",1,1.00,1.00,5,0.06,878.60,2,1,18,5,1,171.75,1,8,0,2,121.75,0.00,0.50,0.00,0,1.00,1,190.92,0,1,1,org.apache.jackrabbit.j2ee.ClientFactoryDelegater,0.00,4,1,1,0,4,0,0,1,46,2
"org.apache.jackrabbit.j.RepositoryStartupServlet",20,0.07,3.40,204,2.72,130408.12,28,8,33,90,10,83.24,289,304,1,2,103.38,0.00,0.50,0.19,11,46.00,13,8167.23,2,5,9,javax.servlet.http.HttpServlet,0.00,70,1,68,0,70,15,0,66,1496,1
"org.apache.jackrabbit.j.RepositoryStartupServlet$RMIRemoteFactoryDelegater",1,0.00,1.00,4,0.04,639.67,2,1,33,3,2,126.45,0,8,0,2,126.45,0.00,0.50,1.00,0,0.00,1,132.92,0,1,2,org.apache.jackrabbit.j2ee.RemoteFactoryDelegater,0.00,2,1,1,0,2,0,0,0,34,2
"org.apache.jackrabbit.j.RepositoryStartupServlet$RMIServerSocketFactory",1,0.00,1.00,3,0.03,373.67,1,0,33,2,0,132.94,0,4,0,1,132.94,0.00,0.00,0.00,0,1.00,1,78.32,0,1,0,java.lang.Object,0.00,1,0,1,0,1,0,0,0,22,0
"org.apache.jackrabbit.j.RepositoryStartupServlet$RemoteFactoryDelegater",1,0.00,1.00,2,0.02,121.82,1,0,33,1,0,143.35,0,4,0,1,143.35,0.00,0.00,0.00,0,1.00,1,48.73,0,1,0,java.lang.Object,0.00,0,0,1,0,0,0,0,0,16,3
"org.apache.jackrabbit.j.SimpleWebdavServlet",20,0.00,1.60,89,0.89,22719.06,35,15,22,42,17,74.37,189,124,0,3,124.37,0.00,0.67,0.07,3,212.00,6,2667.75,1,11,17,org.apache.jackrabbit.webdav.server.AbstractWebdavServlet,0.19,22,2,32,0,22,9,0,37,580,1
"org.apache.jackrabbit.core.persistence.bundle.util.BundleBinding",7,0.17,12.57,370,6.18,740898.63,9,2,24,103,18,66.37,114,496,2,2,66.84,0.00,0.50,0.36,2,0.00,26,18552.42,9,1,16,org.apache.jackrabbit.core.persistence.bundle.util.ItemStateBinding,0.00,96,1,88,0,96,6,0,65,2797,1
"org.apache.jackrabbit.core.persistence.bundle.util.BundleCache",8,0.16,1.88,55,0.65,28737.49,15,7,4,20,3,63.83,73,70,1,1,113.83,0.00,0.00,0.29,0,0.00,5,1959.26,0,0,2,java.lang.Object,0.00,12,0,15,0,12,8,0,19,405,1
"org.apache.jackrabbit.core.persistence.bundle.util.BundleCache$Entry",1,2.00,1.00,6,0.04,560.40,3,2,4,1,1,82.77,12,8,0,1,120.33,0.00,0.00,0.00,0,1.00,1,127.05,0,0,1,java.lang.Object,0.00,0,0,1,0,0,1,0,3,36,3
"org.apache.jackrabbit.core.persistence.bundle.util.ConnectionFactory",1,0.00,8.00,17,0.32,21252.72,1,0,7,9,1,140.03,26,30,1,1,90.55,0.00,0.00,0.00,0,1.00,8,973.49,0,1,0,java.lang.Object,0.00,8,0,8,0,8,0,0,8,171,1
"org.apache.jackrabbit.core.persistence.bundle.util.ConnectionRecoveryManager",15,0.06,3.00,157,1.76,65396.18,27,12,11,50,6,67.22,186,211,5,1,104.79,0.00,0.00,0.14,8,69.00,7,5293.50,0,7,1,java.lang.Object,0.00,35,0,45,0,35,8,0,37,1042,1
"org.apache.jackrabbit.core.persistence.bundle.util.ConnectionRecoveryManager$StreamWrapper",1,2.00,1.00,6,0.04,562.20,3,2,11,1,0,72.21,8,8,0,1,120.32,0.00,0.00,0.00,0,1.00,1,134.95,0,0,0,java.lang.Object,0.00,0,0,1,0,0,1,0,1,37,2
"org.apache.jackrabbit.core.persistence.bundle.util.DbNameIndex",9,0.09,2.56,79,0.88,29489.40,16,7,4,24,7,67.12,67,110,5,1,109.41,0.00,0.00,0.22,3,18.00,4,2641.02,0,2,2,java.lang.Object,0.00,15,0,23,2,15,7,1,20,533,1
"org.apache.jackrabbit.core.persistence.bundle.util.ErrorHandling",4,0.11,1.75,21,0.20,4947.14,7,3,2,13,4,88.23,27,28,4,1,120.45,0.00,0.00,0.42,0,0.00,3,600.67,0,1,0,java.lang.Object,0.00,9,0,7,0,9,3,0,8,142,2
"org.apache.jackrabbit.core.persistence.bundle.util.HashMapIndex",5,0.29,2.80,58,0.69,23733.02,11,6,8,30,4,58.84,57,77,1,1,102.97,0.00,0.00,0.40,2,0.00,5,2068.80,0,1,3,java.lang.Object,0.00,25,0,14,0,25,4,1,12,419,1
"org.apache.jackrabbit.core.persistence.bundle.util.ItemStateBinding",20,0.05,1.95,172,2.10,69577.12,29,9,19,74,15,59.27,187,196,1,1,109.27,0.00,0.00,0.07,11,100.00,6,6287.05,0,7,14,java.lang.Object,0.00,54,0,39,1,54,13,0,58,1239,1
"org.apache.jackrabbit.core.persistence.bundle.util.LRUNodeIdCache",4,0.28,2.00,26,0.31,8400.39,10,6,4,13,2,67.17,41,35,1,1,115.65,0.00,0.00,0.38,0,0.00,3,943.77,0,0,1,java.lang.Object,0.00,9,0,8,0,9,4,0,11,202,1
"org.apache.jackrabbit.core.persistence.bundle.util.NGKDbNameIndex",3,1.00,1.33,15,0.16,3095.22,4,1,2,5,3,71.13,27,24,1,2,121.13,0.00,0.50,0.00,0,1.00,2,493.28,2,0,2,org.apache.jackrabbit.core.persistence.bundle.util.DbNameIndex,0.00,2,1,4,0,2,3,0,6,111,1
"org.apache.jackrabbit.core.persistence.bundle.util.NamespaceIndex",3,0.25,1.67,13,0.14,2394.51,5,2,2,7,3,83.28,21,21,1,1,125.57,0.00,0.00,0.33,0,1.00,2,405.27,0,1,2,java.lang.Object,0.00,4,0,5,0,4,2,1,6,96,1
"org.apache.jackrabbit.core.persistence.bundle.util.NodePropBundle",32,0.03,1.28,126,1.36,26174.86,44,12,17,90,18,97.99,200,171,8,1,130.21,0.00,0.00,0.11,4,436.00,4,4093.97,0,10,10,java.lang.Object,0.00,58,0,41,0,58,22,0,68,897,1
"org.apache.jackrabbit.core.persistence.bundle.util.NodePropBundle$ChildNodeEntry",3,0.25,1.00,10,0.06,727.65,5,2,17,3,1,102.20,19,14,0,1,134.42,0.00,0.00,0.33,0,5.00,1,180.64,0,2,1,java.lang.Object,0.00,0,0,3,0,0,1,0,5,53,2
"org.apache.jackrabbit.core.persistence.bundle.util.NodePropBundle$PropertyEntry",18,0.01,1.17,56,0.45,7058.89,25,7,17,27,4,114.87,96,75,0,1,132.74,0.00,0.00,0.13,0,146.00,3,1339.16,0,5,4,java.lang.Object,0.00,9,0,21,0,9,13,0,26,333,2
"org.apache.jackrabbit.core.persistence.bundle.util.PostgreSQLNameIndex",4,0.67,1.75,24,0.25,5628.10,5,1,2,10,3,84.83,26,38,1,2,117.05,0.00,0.50,0.50,1,0.00,3,745.12,0,0,2,org.apache.jackrabbit.core.persistence.bundle.util.DbNameIndex,0.00,6,1,7,0,6,4,0,5,163,1
"org.apache.jackrabbit.core.persistence.bundle.util.StringIndex",2,1.00,1.00,4,0.03,204.25,3,1,0,2,7,95.47,20,5,7,1,143.95,0.00,0.00,0.00,0,2.00,1,80.82,0,1,0,,0.00,0,0,2,0,0,1,0,4,26,1
"org.apache.jackrabbit.core.persistence.bundle.util.TrackingInputStream",11,0.18,1.36,41,0.33,8185.48,15,4,2,18,3,130.75,50,57,3,2,130.52,0.00,0.50,0.41,0,0.00,2,991.73,0,0,0,java.io.InputStream,0.00,7,1,15,0,7,11,0,16,249,1
"org.apache.jackrabbit.jcr.DefaultVersionManager",13,1.00,1.00,28,0.31,3541.55,14,1,10,17,5,140.59,4,42,0,1,140.59,0.00,0.00,0.08,0,24.00,1,935.42,0,3,5,java.lang.Object,0.00,4,0,13,0,4,10,1,2,236,1
"org.apache.jackrabbit.jcr.LabelTest",5,0.00,1.00,32,0.44,6611.24,5,0,5,17,2,117.39,0,38,1,6,117.39,0.00,0.83,0.00,0,0.00,1,1327.53,0,0,1,org.apache.jackrabbit.test.api.version.VersionLabelTest,0.00,12,5,5,0,12,5,0,0,282,1
"org.apache.jackrabbit.jcr.TestAll",1,0.00,1.00,5,0.04,864.35,1,0,3,3,1,142.42,3,7,0,2,121.80,0.00,0.50,0.00,0,1.00,1,115.51,0,1,1,junit.framework.TestCase,0.00,2,1,1,0,2,0,0,1,31,1
"org.apache.jackrabbit.jcr.VersionHistoryImpl",22,0.17,1.86,153,1.92,51007.52,25,3,30,64,15,73.04,161,187,2,3,115.33,0.00,0.67,0.17,6,138.00,3,5763.66,5,11,13,org.apache.jackrabbit.jcr2spi.NodeImpl,0.04,42,2,41,0,42,11,1,36,1171,1
"org.apache.jackrabbit.jcr.VersionImpl",9,1.00,1.56,43,0.44,15050.85,10,1,18,19,9,90.84,59,57,2,3,123.06,0.00,0.67,0.11,1,23.00,4,1330.36,6,5,7,org.apache.jackrabbit.jcr2spi.NodeImpl,0.05,10,2,14,0,10,4,1,16,295,1
"org.apache.jackrabbit.jcr.VersionManager",13,0.00,1.00,14,0.23,1440.55,13,0,16,13,13,104.90,122,15,9,1,154.90,0.00,0.00,0.00,0,13.00,1,676.41,0,3,4,,0.00,0,0,13,0,0,10,0,14,181,1
"org.apache.jackrabbit.jcr.VersionManagerImpl",14,0.12,1.71,83,1.26,46513.49,16,2,25,45,21,167.07,22,106,1,1,117.07,0.00,0.00,0.39,0,0.00,6,3776.93,0,3,20,java.lang.Object,0.00,31,0,24,0,31,11,1,13,747,1
"org.apache.jackrabbit.core.security.AMContext",7,0.03,1.00,26,0.18,2362.67,13,6,5,7,8,83.29,64,39,5,1,133.29,0.00,0.00,0.14,0,37.00,1,538.66,0,6,3,java.lang.Object,0.00,0,0,7,0,0,1,0,14,140,1
"org.apache.jackrabbit.core.security.AccessManager",5,3.00,1.00,9,0.08,496.43,8,3,5,5,11,135.13,72,13,9,1,155.27,0.00,0.00,0.00,0,5.00,1,238.75,0,0,2,,0.00,0,0,5,0,0,5,0,9,70,1
"org.apache.jackrabbit.core.security.AnonymousPrincipal",5,0.75,1.40,15,0.09,1176.27,6,1,2,6,2,174.34,10,23,2,1,134.45,0.00,0.00,0.40,0,7.00,3,268.38,0,2,0,java.lang.Object,0.00,1,0,7,0,1,3,2,4,76,1
"org.apache.jackrabbit.core.security.AuthContext",3,0.00,1.00,6,0.04,452.16,3,0,7,3,5,105.06,37,7,5,1,142.62,0.00,0.00,0.00,0,3.00,1,123.74,0,1,0,java.lang.Object,0.00,0,0,3,2,0,2,0,6,41,2
"org.apache.jackrabbit.core.security.AuthContext$JAAS",4,0.33,1.00,10,0.09,1085.23,5,1,7,9,2,140.84,16,15,0,2,140.61,0.00,0.50,0.75,0,0.00,1,257.11,0,1,2,org.apache.jackrabbit.core.security.AuthContext,0.86,5,1,4,0,5,3,0,4,71,2
"org.apache.jackrabbit.core.security.AuthContext$Local",4,0.25,2.00,28,0.28,8638.75,8,4,7,11,2,113.29,17,42,0,2,113.06,0.00,0.50,0.06,1,6.00,4,830.30,0,1,2,org.apache.jackrabbit.core.security.AuthContext,0.86,7,1,8,0,7,3,0,4,184,2
"org.apache.jackrabbit.core.security.CredentialsCallback",3,1.00,1.00,7,0.04,385.42,4,1,3,3,2,125.29,16,11,2,1,143.16,0.00,0.00,0.33,0,4.00,1,118.49,0,1,0,java.lang.Object,0.00,0,0,3,0,0,2,2,4,37,1
"org.apache.jackrabbit.core.security.CredentialsCallbackHandler",2,1.00,3.00,22,0.27,16399.83,3,1,8,8,3,58.79,15,27,2,1,101.08,0.00,0.00,0.50,0,2.00,5,820.12,0,0,1,java.lang.Object,0.00,6,0,6,0,6,2,1,7,161,1
"org.apache.jackrabbit.core.security.SecurityConstants",0,0.00,0.00,2,0.01,87.17,1,1,0,0,2,171.00,10,4,2,1,171.00,0.00,0.00,0.00,0,0.00,0,34.87,0,0,0,,0.00,0,0,0,0,0,0,0,2,11,1
"org.apache.jackrabbit.core.security.SimpleAccessManager",6,0.36,2.67,41,0.40,9221.09,11,5,7,12,6,84.43,36,63,0,1,116.65,0.00,0.00,0.50,0,0.00,5,1211.05,0,0,6,java.lang.Object,0.00,6,0,16,0,6,6,1,18,262,1
"org.apache.jackrabbit.core.security.SimpleJBossAccessManager",5,0.17,1.80,31,0.48,15853.39,8,3,11,24,3,134.88,17,47,0,1,114.27,0.00,0.00,0.47,0,2.00,4,1442.30,0,0,3,java.lang.Object,0.00,19,0,9,0,19,5,1,6,275,1
"org.apache.jackrabbit.core.security.SimpleLoginModule",10,0.08,2.30,75,0.83,35339.36,18,8,12,32,4,69.05,75,100,0,1,111.34,0.00,0.00,0.20,1,18.00,10,2479.58,0,2,4,java.lang.Object,0.00,22,0,23,0,22,8,1,34,484,1
"org.apache.jackrabbit.core.security.SystemPrincipal",5,0.75,1.40,15,0.09,1176.27,6,1,2,6,2,174.34,10,23,2,1,134.45,0.00,0.00,0.40,0,7.00,3,268.38,0,2,0,java.lang.Object,0.00,1,0,7,0,1,3,2,4,76,1
"org.apache.jackrabbit.core.security.UserPrincipal",5,0.25,1.60,19,0.14,3004.05,6,1,2,8,2,171.10,13,28,2,1,131.21,0.00,0.00,0.80,0,0.00,3,427.63,0,2,0,java.lang.Object,0.00,3,0,8,0,3,3,2,4,110,1
"org.apache.jackrabbit.core.query.AbstractQueryHandler",5,1.00,1.40,15,0.14,1921.75,6,1,9,10,9,90.48,38,27,0,1,132.77,0.00,0.00,0.20,1,8.00,3,423.06,0,1,9,java.lang.Object,0.00,5,0,7,1,5,4,1,7,107,2
"org.apache.jackrabbit.core.query.AbstractQueryImpl",3,0.00,1.00,4,0.08,609.76,3,0,7,3,6,115.26,36,17,2,1,152.82,0.00,0.00,0.00,0,3.00,1,237.77,0,0,4,java.lang.Object,0.00,0,0,3,3,0,3,1,4,60,2
"org.apache.jackrabbit.core.query.AbstractQueryTest",6,0.00,2.83,73,0.91,33369.38,6,0,13,34,19,58.72,47,75,18,4,101.01,6.00,0.14,0.00,1,14.00,5,2719.85,0,1,1,org.apache.jackrabbit.test.AbstractJCRTest,0.00,28,3,17,18,28,5,0,11,519,1
"org.apache.jackrabbit.core.query.AndQueryNode",4,0.00,1.25,11,0.08,988.76,4,0,0,5,13,123.00,22,17,11,3,140.87,0.00,0.67,0.00,0,4.00,2,231.50,1,1,3,org.apache.jackrabbit.core.query.NAryQueryNode,0.15,1,2,5,0,1,3,0,5,66,1
"org.apache.jackrabbit.core.query.ChildAxisQueryTest",8,0.00,1.00,154,3.05,136602.06,8,0,7,19,2,89.97,7,187,1,5,89.97,0.00,0.80,0.00,0,0.00,1,9147.26,2,0,1,org.apache.jackrabbit.core.query.AbstractQueryTest,0.00,11,4,8,0,11,8,0,2,1629,1
"org.apache.jackrabbit.core.query.ConcurrentQueryTest",4,0.33,4.25,89,0.99,39653.40,6,2,12,26,1,39.12,39,74,0,4,89.12,0.00,0.75,0.25,0,4.00,8,2978.44,2,0,1,org.apache.jackrabbit.test.AbstractJCRTest,0.38,22,3,17,0,22,4,0,17,533,1
"org.apache.jackrabbit.core.query.ConcurrentQueryTest$QueryWorker",3,0.33,3.00,40,0.46,17149.25,9,6,12,16,0,99.61,2,50,0,2,99.61,0.00,0.50,0.39,0,1.00,7,1379.93,0,0,0,org.apache.jackrabbit.core.query.Thread,0.00,13,1,9,0,13,3,0,2,256,3
"org.apache.jackrabbit.core.query.ConcurrentQueryTest$Thread",1,0.00,5.00,20,0.17,5957.41,1,0,12,6,0,92.37,0,17,0,1,92.37,0.00,0.00,0.00,0,1.00,5,524.99,0,0,0,java.lang.Object,0.00,5,0,5,0,5,1,0,0,104,0
"org.apache.jackrabbit.core.query.ConcurrentQueryTest$Thread_0",1,0.00,5.00,20,0.17,5994.86,1,0,12,6,0,92.35,0,17,0,1,92.35,0.00,0.00,0.00,0,1.00,5,506.57,0,0,0,java.lang.Object,0.00,5,0,5,0,5,1,0,0,102,0
"org.apache.jackrabbit.core.query.DefaultQueryNodeFactory",13,1.00,1.00,29,0.23,3031.32,14,1,2,25,17,161.74,46,49,2,1,141.13,0.00,0.00,0.08,0,24.00,1,689.54,0,4,15,java.lang.Object,0.00,12,0,13,0,12,9,1,15,199,1
"org.apache.jackrabbit.core.query.DefaultQueryNodeVisitor",13,0.00,1.00,27,0.18,1844.79,13,0,0,13,19,142.82,4,41,5,1,142.82,0.00,0.00,0.00,0,13.00,1,533.73,0,13,14,java.lang.Object,0.00,0,0,13,1,0,0,1,1,162,1
"org.apache.jackrabbit.core.query.DerefQueryNode",7,0.67,1.29,21,0.17,4132.74,8,1,1,9,14,113.45,38,31,11,4,131.32,0.00,0.75,0.43,0,15.00,3,508.88,3,2,4,org.apache.jackrabbit.core.query.LocationStepQueryNode,0.23,2,3,9,0,2,5,0,11,133,1
"org.apache.jackrabbit.core.query.DerefTest",4,0.63,1.25,67,0.93,22316.84,13,9,7,23,2,54.24,31,82,1,5,96.53,0.00,0.80,0.58,0,0.00,2,2788.00,3,0,1,org.apache.jackrabbit.core.query.AbstractQueryTest,0.37,19,4,5,0,19,4,0,6,522,1
"org.apache.jackrabbit.core.query.ExactQueryNode",7,0.25,1.57,24,0.23,7548.45,9,2,1,10,10,111.34,39,35,8,2,129.22,1.00,0.33,0.29,0,14.00,4,680.02,0,3,3,org.apache.jackrabbit.core.query.QueryNode,0.29,3,1,11,1,3,4,0,10,169,1
"org.apache.jackrabbit.core.query.ExecutablePreparedQuery",1,0.00,1.00,2,0.02,117.06,1,0,3,1,5,123.34,14,4,4,2,143.48,0.00,0.50,0.00,0,1.00,1,58.53,0,0,1,,0.00,0,1,1,0,0,1,0,2,18,1
"org.apache.jackrabbit.core.query.ExecutableQuery",1,0.00,1.00,2,0.01,70.47,1,0,2,1,3,115.84,13,3,3,1,145.22,0.00,0.00,0.00,0,1.00,1,41.70,0,1,0,,0.00,0,0,1,0,0,0,0,2,15,1
"org.apache.jackrabbit.core.query.FnNameQueryTest",2,0.00,1.00,22,0.36,12019.26,2,0,2,5,2,152.40,3,32,1,5,102.40,0.00,0.80,0.00,0,0.00,1,1090.24,1,0,1,org.apache.jackrabbit.core.query.AbstractQueryTest,0.00,3,4,2,0,3,2,0,1,213,1
"org.apache.jackrabbit.core.query.FulltextQueryTest",14,0.00,1.21,162,2.76,69425.00,14,0,5,30,3,153.01,16,200,1,5,103.01,0.00,0.80,0.00,1,0.00,4,8265.35,1,0,2,org.apache.jackrabbit.core.query.AbstractQueryTest,0.00,16,4,17,0,16,14,0,7,1522,1
"org.apache.jackrabbit.core.query.LimitAndOffsetTest",8,0.54,1.00,79,0.88,24899.22,12,4,8,24,3,107.90,0,89,0,5,107.90,0.00,0.80,0.72,0,0.00,1,2635.41,3,1,3,org.apache.jackrabbit.core.query.AbstractQueryTest,0.32,16,4,8,0,16,7,0,0,572,1
"org.apache.jackrabbit.core.query.LocationStepQueryNode",12,0.05,1.25,40,0.41,10945.99,19,7,2,18,22,87.55,86,58,18,3,129.84,0.50,0.50,0.10,0,60.00,3,1241.33,2,3,5,org.apache.jackrabbit.core.query.NAryQueryNode,0.11,6,2,15,1,6,9,0,20,294,1
"org.apache.jackrabbit.core.query.MassiveRangeTest",1,0.00,3.00,19,0.21,5401.07,1,0,5,8,1,51.36,7,17,0,5,93.65,0.00,0.80,0.00,0,0.00,3,643.18,1,0,1,org.apache.jackrabbit.core.query.AbstractQueryTest,0.00,7,4,3,0,7,1,0,3,119,1
"org.apache.jackrabbit.core.query.MassiveWildcardTest",1,0.00,3.00,23,0.29,9165.09,1,0,5,8,1,46.46,7,21,0,5,88.75,0.00,0.80,0.00,0,0.00,3,867.73,1,0,1,org.apache.jackrabbit.core.query.AbstractQueryTest,0.00,7,4,3,0,7,1,0,3,157,1
"org.apache.jackrabbit.core.query.MixinTest",2,0.00,1.50,19,0.28,6400.86,2,0,5,14,3,128.32,6,28,1,5,107.71,0.00,0.80,0.00,0,2.00,2,829.53,2,0,2,org.apache.jackrabbit.core.query.AbstractQueryTest,0.20,12,4,3,0,12,2,0,4,162,1
"org.apache.jackrabbit.core.query.NAryQueryNode",9,0.06,2.44,55,0.54,15219.69,11,2,4,21,11,84.12,59,71,9,2,116.35,8.00,0.10,0.44,0,0.00,4,1605.32,0,1,2,org.apache.jackrabbit.core.query.QueryNode,0.12,12,1,22,8,12,8,0,12,360,2
"org.apache.jackrabbit.core.query.NodeTypeQueryNode",4,0.00,1.25,11,0.09,1098.78,4,0,2,5,17,122.64,23,17,13,3,140.51,0.00,0.67,0.00,0,4.00,2,260.70,1,1,5,org.apache.jackrabbit.core.query.ExactQueryNode,0.17,1,2,5,0,1,3,0,8,72,1
"org.apache.jackrabbit.core.query.NotQueryNode",4,0.00,1.25,11,0.08,988.76,4,0,0,5,13,141.11,19,17,11,3,140.87,0.00,0.67,0.00,0,4.00,2,231.50,1,1,3,org.apache.jackrabbit.core.query.NAryQueryNode,0.15,1,2,5,0,1,3,0,5,66,1
"org.apache.jackrabbit.core.query.OrQueryNode",4,0.00,1.25,11,0.08,988.76,4,0,0,5,12,123.00,21,17,10,3,140.87,0.00,0.67,0.00,0,4.00,2,231.50,1,1,3,org.apache.jackrabbit.core.query.NAryQueryNode,0.15,1,2,5,0,1,3,0,5,66,1
"org.apache.jackrabbit.core.query.OrderByTest",1,0.00,1.00,20,0.31,7386.85,1,0,4,8,2,112.62,3,23,1,5,92.01,0.00,0.80,0.00,0,0.00,1,924.17,1,0,1,org.apache.jackrabbit.core.query.AbstractQueryTest,0.00,7,4,1,0,7,1,0,1,167,1
"org.apache.jackrabbit.core.query.OrderQueryNode",9,0.50,1.11,24,0.22,3353.50,10,1,3,17,16,107.28,59,35,14,2,139.50,0.00,0.50,0.56,0,4.00,2,655.46,0,1,3,org.apache.jackrabbit.core.query.QueryNode,0.25,8,1,10,0,8,8,0,13,174,1
"org.apache.jackrabbit.core.query.OrderQueryNode$OrderSpec",5,0.12,1.40,17,0.15,4217.72,7,2,3,6,1,87.79,38,25,0,1,130.08,0.00,0.00,0.40,0,6.00,3,443.69,0,1,1,java.lang.Object,0.00,1,0,7,0,1,4,0,7,114,3
"org.apache.jackrabbit.core.query.PathQueryNode",10,0.19,2.10,51,0.55,19684.05,13,3,3,19,20,76.52,71,74,14,3,118.82,0.50,0.50,0.17,1,42.00,10,1641.51,3,2,7,org.apache.jackrabbit.core.query.NAryQueryNode,0.23,9,2,21,1,9,8,0,24,354,1
"org.apache.jackrabbit.core.query.PathQueryNodeTest",2,0.00,1.00,24,0.33,9078.93,3,1,8,10,10,101.95,0,28,1,2,101.95,0.00,0.50,1.00,0,0.00,1,976.05,0,0,9,junit.framework.TestCase,0.00,8,1,2,0,8,2,0,0,212,1
"org.apache.jackrabbit.core.query.PathQueryNodeTest$NamespaceResolver",2,0.00,2.00,7,0.07,1085.66,2,0,8,5,0,131.51,0,11,0,1,131.51,0.00,0.00,0.00,0,2.00,3,203.19,0,2,0,java.lang.Object,0.00,3,0,4,0,3,0,0,0,54,0
"org.apache.jackrabbit.core.query.PreparedQueryImpl",6,0.50,1.33,40,0.52,12169.30,8,2,10,16,10,73.57,45,68,1,3,115.86,0.50,0.50,0.08,1,14.00,2,1551.82,2,1,9,org.apache.jackrabbit.core.query.QueryImpl,0.00,10,2,8,1,10,5,1,12,326,1
"org.apache.jackrabbit.core.query.PropertyFunctionQueryNode",6,0.15,1.33,28,0.23,4276.70,10,4,3,10,14,77.90,50,39,13,2,126.01,0.00,0.50,0.12,0,14.00,2,704.18,0,2,2,org.apache.jackrabbit.core.query.QueryNode,0.31,4,1,8,0,4,4,0,11,176,1
"org.apache.jackrabbit.core.query.PropertyTypeRegistry",6,0.05,3.00,74,0.93,49215.20,10,4,15,30,11,81.80,35,85,6,1,99.67,0.00,0.00,0.29,3,6.00,7,2789.57,0,0,5,java.lang.Object,0.00,24,0,18,0,24,6,1,14,521,1
"org.apache.jackrabbit.core.query.PropertyTypeRegistry$TypeMapping",1,3.00,1.00,8,0.06,883.86,4,3,15,1,1,134.73,3,10,0,1,114.11,0.00,0.00,0.00,0,1.00,1,188.02,0,0,1,java.lang.Object,0.00,0,0,1,0,0,1,0,3,50,2
"org.apache.jackrabbit.core.query.QueryConstants",0,0.00,0.00,27,0.36,8955.68,26,26,0,0,7,171.00,89,28,7,1,171.00,0.00,0.00,0.00,0,0.00,0,1066.15,0,0,0,,0.00,0,0,0,0,0,0,0,26,199,1
"org.apache.jackrabbit.core.query.QueryHandler",8,0.00,1.00,9,0.08,368.15,8,0,10,8,17,107.91,72,17,8,1,157.90,0.00,0.00,0.00,0,8.00,1,242.92,0,2,10,,0.00,0,0,8,0,0,6,0,9,77,1
"org.apache.jackrabbit.core.query.QueryHandlerContext",10,0.01,1.00,37,0.26,4064.80,18,8,5,13,12,82.66,90,54,6,1,132.66,0.00,0.00,0.14,0,74.00,1,794.97,0,6,7,java.lang.Object,0.00,3,0,10,0,3,4,0,19,199,1
"org.apache.jackrabbit.core.query.QueryImpl",13,0.03,1.54,82,1.02,27233.53,25,12,20,42,13,73.43,98,126,4,2,115.72,2.00,0.25,0.12,3,64.00,3,3061.77,0,5,9,org.apache.jackrabbit.core.query.AbstractQueryImpl,0.00,29,1,20,2,29,8,0,28,615,1
"org.apache.jackrabbit.core.query.QueryManagerImpl",7,0.17,1.14,28,0.32,5459.28,13,6,14,16,10,77.26,72,43,3,1,125.74,0.00,0.00,0.31,1,13.00,2,955.56,0,5,7,java.lang.Object,0.00,9,0,8,0,9,2,1,16,222,1
"org.apache.jackrabbit.core.query.QueryNode",7,0.07,1.00,27,0.30,5431.95,21,14,0,10,25,80.45,67,31,24,1,130.45,0.00,0.00,0.01,0,12.00,1,912.92,0,3,2,java.lang.Object,0.00,3,0,7,15,3,4,0,22,202,2
"org.apache.jackrabbit.core.query.QueryNodeFactory",12,0.00,1.00,13,0.10,434.53,12,0,1,12,22,126.50,80,25,8,1,158.72,0.00,0.00,0.00,0,12.00,1,289.69,0,9,14,,0.00,0,0,12,0,0,3,0,13,98,1
"org.apache.jackrabbit.core.query.QueryNodeVisitor",13,0.00,1.00,14,0.10,365.36,13,0,0,13,19,159.59,3,15,19,1,159.59,0.00,0.00,0.00,0,13.00,1,301.96,0,13,13,,0.00,0,0,13,0,0,0,0,1,109,1
"org.apache.jackrabbit.core.query.QueryParser",3,0.00,1.00,8,0.10,1925.19,3,0,2,6,6,108.28,40,19,1,1,137.66,0.00,0.00,0.00,0,3.00,1,308.05,0,1,5,java.lang.Object,0.00,3,0,3,0,3,2,0,4,73,1
"org.apache.jackrabbit.core.query.QueryResultTest",10,0.67,2.90,164,2.19,61233.07,11,1,6,31,2,135.90,20,164,1,5,96.02,0.00,0.80,0.40,0,0.00,4,6560.08,1,0,1,org.apache.jackrabbit.core.query.AbstractQueryTest,0.15,21,4,29,0,21,10,0,17,1155,1
"org.apache.jackrabbit.core.query.QueryRootNode",11,0.07,1.27,29,0.30,9182.65,14,3,3,21,24,118.84,62,44,20,2,136.71,0.00,0.50,0.27,0,33.00,4,907.10,0,4,5,org.apache.jackrabbit.core.query.QueryNode,0.22,10,1,14,0,10,7,0,15,233,1
"org.apache.jackrabbit.core.query.QueryTreeBuilder",4,0.00,1.00,5,0.04,162.28,4,0,2,4,6,108.34,38,10,3,1,158.34,0.00,0.00,0.00,0,4.00,1,113.36,0,2,3,,0.00,0,0,4,0,0,2,0,5,38,1
"org.apache.jackrabbit.core.query.QueryTreeBuilderRegistry",2,0.00,2.00,25,0.33,9203.40,5,3,11,9,3,72.36,26,33,2,1,101.74,0.00,0.00,0.33,0,2.00,3,979.04,0,1,1,java.lang.Object,0.00,7,0,4,0,7,1,0,6,202,1
"org.apache.jackrabbit.core.query.QueryTreeDump",16,0.24,3.69,251,3.44,165702.87,19,3,3,59,19,145.21,25,270,2,1,95.21,0.00,0.00,0.56,1,0.00,29,10324.73,0,13,18,java.lang.Object,0.00,43,0,59,0,43,3,1,9,1844,1
"org.apache.jackrabbit.core.query.RelationQueryNode",22,0.04,1.55,76,0.76,21147.91,32,10,7,38,19,87.32,163,115,11,3,129.61,0.00,0.67,0.14,0,206.00,5,2273.62,0,5,9,org.apache.jackrabbit.core.query.NAryQueryNode,0.08,16,2,34,0,16,17,1,37,533,1
"org.apache.jackrabbit.core.query.SQLTest",3,0.00,1.00,25,0.40,7450.25,3,0,3,10,2,110.58,2,33,1,5,110.58,0.00,0.80,0.00,0,0.00,1,1207.63,1,0,1,org.apache.jackrabbit.core.query.AbstractQueryTest,0.00,7,4,3,0,7,3,0,1,230,1
"org.apache.jackrabbit.core.query.SelectClauseTest",3,0.00,1.00,57,0.98,27451.34,3,0,4,10,2,142.10,3,70,1,5,92.10,0.00,0.80,0.00,0,0.00,1,2925.14,1,0,1,org.apache.jackrabbit.core.query.AbstractQueryTest,0.00,7,4,3,0,7,3,0,1,526,1
"org.apache.jackrabbit.core.query.SimpleQueryTest",19,0.00,1.00,366,6.35,288282.02,19,0,4,32,2,90.37,17,397,1,5,90.37,0.00,0.80,0.00,0,0.00,1,19038.39,1,0,1,org.apache.jackrabbit.core.query.AbstractQueryTest,0.00,13,4,19,0,13,19,0,15,3423,1
"org.apache.jackrabbit.core.query.SkipDeletedNodesTest",7,0.17,2.57,107,1.34,34237.99,9,2,8,25,2,55.57,50,124,1,5,97.86,0.00,0.80,0.64,0,0.00,3,4007.63,2,0,1,org.apache.jackrabbit.core.query.AbstractQueryTest,0.33,18,4,18,0,18,7,0,26,723,1
"org.apache.jackrabbit.core.query.TestAll",1,0.00,1.00,19,0.23,8770.19,1,0,3,3,15,72.11,14,21,0,2,92.25,0.00,0.50,0.00,0,1.00,1,687.75,0,1,15,junit.framework.TestCase,0.00,2,1,1,0,2,0,0,6,143,1
"org.apache.jackrabbit.core.query.TextExtractorTest",4,0.17,3.00,60,0.80,30207.11,6,2,7,26,1,116.95,14,72,0,5,96.34,0.00,0.80,0.38,2,2.00,5,2410.38,1,1,1,org.apache.jackrabbit.core.query.AbstractQueryTest,0.00,22,4,12,0,22,3,0,6,444,1
"org.apache.jackrabbit.core.query.TextFilter",2,0.00,1.00,3,0.02,80.34,2,0,3,2,3,167.50,35,5,2,1,158.37,0.00,0.00,0.00,0,2.00,1,58.73,0,1,1,,0.00,0,0,2,0,0,1,0,3,21,1
"org.apache.jackrabbit.core.query.TextsearchQueryNode",13,0.08,1.69,49,0.48,12690.94,16,3,4,25,16,87.25,92,73,11,2,129.54,0.00,0.50,0.26,0,49.00,4,1437.81,0,4,6,org.apache.jackrabbit.core.query.QueryNode,0.20,12,1,22,0,12,9,0,20,343,1
"org.apache.jackrabbit.core.query.TraversingQueryNodeVisitor",7,0.00,1.29,21,0.21,3768.58,7,0,0,17,9,131.64,4,31,0,2,131.64,0.00,0.50,0.00,0,7.00,3,637.23,0,7,9,org.apache.jackrabbit.core.query.DefaultQueryNodeVisitor,0.00,10,1,9,0,10,0,0,1,162,1
"org.apache.jackrabbit.core.query.UpperLowerCaseQueryTest",11,0.00,1.82,111,2.00,77785.53,11,0,6,25,2,153.25,19,183,1,5,103.25,0.00,0.80,0.00,1,25.00,8,6005.94,2,0,1,org.apache.jackrabbit.core.query.AbstractQueryTest,0.00,14,4,20,0,14,11,0,16,1132,1
"org.apache.jackrabbit.core.query.VersionStoreQueryTest",1,0.00,1.00,16,0.26,8681.74,1,0,3,11,2,46.96,8,19,1,5,95.07,0.00,0.80,0.00,0,0.00,1,770.92,1,0,1,org.apache.jackrabbit.core.query.AbstractQueryTest,0.00,10,4,1,0,10,1,0,3,147,1
"org.apache.jackrabbit.core.query.XPathAxisTest",31,0.17,1.00,112,1.26,18650.96,37,6,2,35,2,131.32,3,144,1,5,131.32,0.00,0.80,0.33,0,0.00,1,3770.30,4,0,1,org.apache.jackrabbit.core.query.AbstractQueryTest,0.19,4,4,31,0,4,31,0,1,864,1
"org.apache.jackrabbit.core.data.AbstractDataRecord",5,0.25,1.00,12,0.09,1318.70,6,1,0,9,3,98.41,37,19,1,1,140.70,0.00,0.00,0.80,0,0.00,1,277.88,0,1,2,java.lang.Object,0.00,4,0,5,2,4,4,1,7,80,2
"org.apache.jackrabbit.core.data.DataIdentifier",5,0.08,1.20,21,0.25,8547.46,8,3,1,10,9,74.94,44,26,9,1,123.04,0.00,0.00,0.27,0,5.00,2,741.12,0,1,0,java.lang.Object,0.00,5,0,6,0,5,4,1,10,168,2
"org.apache.jackrabbit.core.data.DataRecord",3,0.00,1.00,4,0.02,69.53,3,0,1,3,7,128.03,20,5,5,1,160.25,0.00,0.00,0.00,0,3.00,1,49.02,0,2,2,,0.00,0,0,3,0,0,1,0,4,21,1
"org.apache.jackrabbit.core.data.DataStore",9,0.00,1.00,10,0.06,237.04,9,0,3,9,15,109.81,87,11,12,1,159.81,0.00,0.00,0.00,0,9.00,1,168.53,0,1,3,,0.00,0,0,9,0,0,8,0,10,63,1
"org.apache.jackrabbit.core.data.DataStoreException",2,0.00,1.00,5,0.03,221.18,2,0,1,2,8,95.57,16,8,8,2,143.68,0.00,0.50,0.00,0,2.00,1,88.69,0,0,0,javax.jcr.RepositoryException,0.00,0,1,2,0,0,2,0,3,29,1
"org.apache.jackrabbit.core.data.ExportImportTest",4,0.00,2.75,61,0.84,38461.80,4,0,10,31,2,145.53,4,71,1,4,95.53,0.00,0.75,0.00,3,6.00,4,2511.78,0,0,1,org.apache.jackrabbit.test.AbstractJCRTest,0.00,27,3,11,0,27,4,0,1,450,1
"org.apache.jackrabbit.core.data.FileDataRecord",3,0.50,1.33,12,0.10,1835.95,4,1,4,8,4,94.31,18,18,1,2,126.53,0.00,0.50,0.67,0,1.00,2,307.40,0,1,3,org.apache.jackrabbit.core.data.AbstractDataRecord,0.00,5,1,4,0,5,2,0,5,78,0
"org.apache.jackrabbit.core.data.FileDataStore",18,0.01,2.28,132,1.59,76711.83,26,8,12,58,5,68.41,136,165,0,1,110.70,0.00,0.00,0.11,4,166.00,11,4766.68,0,4,5,java.lang.Object,0.00,40,0,41,0,40,14,1,30,918,1
"org.apache.jackrabbit.core.data.GarbageCollector",10,0.02,2.40,73,0.74,21819.91,16,6,18,38,5,80.76,62,93,1,1,112.98,0.00,0.00,0.18,4,34.00,10,2226.20,0,0,4,java.lang.Object,0.00,28,0,24,0,28,10,0,13,450,1
"org.apache.jackrabbit.core.data.GarbageCollector$Listener",3,0.33,3.33,27,0.29,5494.56,6,3,18,13,1,109.43,2,44,0,1,109.43,0.00,0.00,0.56,0,0.00,7,867.03,0,0,1,java.lang.Object,0.00,10,0,10,0,10,3,1,2,181,0
"org.apache.jackrabbit.core.data.GarbageCollectorTest",9,0.50,2.22,104,1.33,41256.34,10,1,12,48,8,103.14,4,122,1,4,103.14,0.00,0.75,0.56,4,3.00,4,3985.23,0,0,7,org.apache.jackrabbit.test.AbstractJCRTest,0.00,39,3,20,0,39,9,1,2,728,1
"org.apache.jackrabbit.core.data.NodeTypeTest",2,0.00,2.00,23,0.35,11993.64,2,0,8,16,3,142.13,4,32,1,4,102.24,0.00,0.75,0.00,1,2.00,3,1039.91,0,0,2,org.apache.jackrabbit.test.AbstractJCRTest,0.00,14,3,4,0,14,2,0,1,185,1
"org.apache.jackrabbit.core.data.PersistenceManagerIteratorTest",2,1.00,6.00,63,1.04,106729.57,3,1,13,23,8,127.73,2,72,1,4,77.73,0.00,0.75,0.50,1,2.00,11,3130.05,0,0,7,org.apache.jackrabbit.test.AbstractJCRTest,0.00,21,3,12,0,21,2,0,2,496,1
"org.apache.jackrabbit.core.data.RandomInputStream",13,0.11,1.62,67,0.59,18440.01,23,10,1,13,1,120.00,0,85,1,2,120.00,0.00,0.50,0.20,4,7.00,4,1760.90,0,1,0,java.io.InputStream,0.00,0,1,21,0,0,12,0,0,407,1
"org.apache.jackrabbit.core.data.ScanEventListener",3,0.00,1.00,4,0.02,116.19,3,0,3,3,2,158.73,12,5,2,2,158.49,0.00,0.50,0.00,0,3.00,1,74.09,0,0,0,,0.00,0,1,3,0,0,3,0,4,27,1
"org.apache.jackrabbit.core.data.TestAll",1,0.00,1.00,8,0.07,2228.14,1,0,3,3,4,62.84,8,10,0,2,110.95,0.00,0.50,0.00,0,1.00,1,223.66,0,1,4,junit.framework.TestCase,0.00,2,1,1,0,2,0,0,2,55,1
"org.apache.jackrabbit.test.AbstractJCRTest",17,0.05,3.59,255,3.85,216314.35,60,43,19,80,137,74.37,244,310,132,3,94.51,142.50,0.01,0.07,7,82.00,18,11547.01,3,4,5,org.apache.jackrabbit.test.JUnitTest,0.00,63,2,61,285,63,13,0,71,1950,2
"org.apache.jackrabbit.test.ISO8601",2,0.33,11.00,114,1.89,230909.02,5,3,4,25,2,17.54,105,137,2,1,65.09,0.00,0.00,0.50,0,2.00,17,5656.60,0,2,0,java.lang.Object,0.00,23,0,22,0,23,0,0,47,910,2
"org.apache.jackrabbit.test.JCRTestResult",18,0.00,1.33,67,0.77,24472.17,22,4,9,48,4,149.08,64,101,3,2,128.46,0.00,0.50,0.25,2,0.00,3,2312.03,0,3,1,junit.framework.TestResult,0.00,30,1,24,0,30,15,0,13,540,1
"org.apache.jackrabbit.test.JCRTestSuite",1,0.00,1.00,10,0.21,5956.16,1,0,1,9,9,124.59,3,12,2,2,103.97,0.00,0.50,0.00,0,1.00,1,635.37,0,0,7,junit.framework.TestSuite,0.00,8,1,1,0,8,1,0,1,145,1
"org.apache.jackrabbit.test.JNDIRepositoryStub",2,0.00,3.00,17,0.22,8528.71,4,2,5,8,2,90.60,10,25,0,2,108.48,0.00,0.50,0.50,0,2.00,5,661.04,0,1,2,org.apache.jackrabbit.test.RepositoryStub,0.22,6,1,6,0,6,1,0,3,133,1
"org.apache.jackrabbit.test.JUnitTest",0,0.00,0.00,3,0.05,1295.46,2,2,3,2,2,171.00,9,4,1,2,171.00,286.00,0.00,0.00,0,0.00,0,144.95,0,0,1,junit.framework.TestCase,0.00,2,1,0,286,2,0,0,3,33,2
"org.apache.jackrabbit.test.LogPrintWriter",11,0.20,1.36,43,0.35,5553.15,13,2,4,21,3,152.46,43,60,3,2,131.84,0.00,0.50,0.32,1,16.00,4,1047.02,2,0,0,java.io.PrintWriter,0.00,10,1,15,0,10,11,0,13,262,1
"org.apache.jackrabbit.test.LogPrintWriter$NullWriter",3,0.00,1.00,4,0.04,273.44,3,0,4,3,0,205.57,3,8,0,2,155.57,0.00,0.50,0.00,0,3.00,1,110.76,0,0,0,java.io.Writer,0.00,0,1,3,0,0,3,0,3,35,2
"org.apache.jackrabbit.test.NotExecutableException",2,0.00,1.00,4,0.02,118.02,2,0,0,2,122,95.83,18,7,122,2,145.83,0.00,0.50,0.00,0,2.00,1,53.51,0,0,0,java.lang.Exception,0.00,0,1,2,0,0,2,0,3,20,1
"org.apache.jackrabbit.test.RepositoryHelper",13,0.12,1.15,33,0.28,4560.33,15,2,6,23,3,97.41,99,50,1,1,139.70,0.00,0.00,0.38,4,0.00,3,853.30,0,11,2,java.lang.Object,0.00,10,0,15,0,10,2,0,17,226,1
"org.apache.jackrabbit.test.RepositoryStub",7,0.07,3.00,77,1.33,68578.69,32,25,11,26,7,62.91,85,107,6,1,100.47,0.00,0.00,0.10,0,21.00,14,3985.40,0,6,1,java.lang.Object,0.00,19,0,21,5,19,1,0,9,696,2
"org.apache.jackrabbit.test.RepositoryStubException",1,0.00,1.00,3,0.02,106.02,1,0,0,1,7,157.87,3,5,7,2,137.25,0.00,0.50,0.00,0,1.00,1,45.51,0,0,0,java.lang.Exception,0.00,0,1,1,0,0,1,0,1,16,1
"org.apache.jackrabbit.test.TestAll",1,0.00,1.00,4,0.03,257.45,1,0,3,2,1,150.17,3,6,0,2,129.56,0.00,0.50,0.00,0,1.00,1,79.73,0,1,1,junit.framework.TestCase,0.00,1,1,1,0,1,0,0,1,24,1
"org.apache.jackrabbit.test.TestAll$JCRTestSuite",1,0.00,1.00,10,0.21,5974.27,1,0,3,9,7,103.96,0,12,0,2,103.96,0.00,0.50,0.00,0,1.00,1,639.51,0,0,7,junit.framework.TestSuite,0.00,8,1,1,0,8,1,0,0,146,2
"org.apache.jackrabbit.test.XMLChar",21,0.03,1.95,724,20.15,1282085.56,30,9,1,23,2,117.51,615,757,2,1,76.03,0.00,0.00,0.08,4,61.00,6,60456.28,0,0,0,java.lang.Object,0.00,2,0,41,0,2,21,0,463,6924,1
"org.apache.jackrabbit.core.query.sql.Parser",33,0.07,5.55,640,7.42,517891.65,65,32,23,99,16,139.87,42,824,1,1,89.87,0.00,0.00,0.10,22,300.00,33,22259.52,0,23,15,java.lang.Object,0.00,66,0,183,0,66,10,0,29,3951,1
"org.apache.jackrabbit.core.query.sql.Parser$ColumnOrWildcard",0,0.00,0.00,4,0.02,209.28,3,3,23,0,0,171.00,0,5,0,1,171.00,0.00,0.00,0.00,0,0.00,0,59.79,0,0,0,java.lang.Object,0.00,0,0,0,0,0,0,0,0,18,2
"org.apache.jackrabbit.core.query.sql.ParserTest",4,0.00,4.25,58,0.75,31535.13,6,2,10,34,5,137.11,9,76,0,5,97.23,0.00,0.80,0.50,2,0.00,9,2252.36,1,1,5,org.apache.jackrabbit.test.api.query.AbstractQueryTest,0.15,30,4,17,0,30,3,0,7,412,1
"org.apache.jackrabbit.core.state.db.DatabasePersistenceManager",0,0.00,0.00,1,0.03,323.05,0,0,1,0,2,171.00,5,4,0,3,171.00,0.00,0.67,0.00,0,0.00,0,82.04,0,0,2,org.apache.jackrabbit.core.persistence.db.DatabasePersistenceManager,0.00,0,2,0,0,0,0,1,1,21,2
"org.apache.jackrabbit.core.state.db.DerbyPersistenceManager",0,0.00,0.00,1,0.03,257.00,0,0,1,0,2,171.00,5,4,0,5,171.00,0.00,0.80,0.00,0,0.00,0,76.15,0,0,2,org.apache.jackrabbit.core.persistence.db.DerbyPersistenceManager,0.00,0,4,0,0,0,0,1,1,20,1
"org.apache.jackrabbit.core.state.db.JNDIDatabasePersistenceManager",0,0.00,0.00,1,0.03,257.00,0,0,1,0,2,171.00,5,4,0,4,171.00,0.00,0.75,0.00,0,0.00,0,76.15,0,0,2,org.apache.jackrabbit.core.persistence.db.JNDIDatabasePersistenceManager,0.00,0,3,0,0,0,0,1,1,20,1
"org.apache.jackrabbit.core.state.db.OraclePersistenceManager",0,0.00,0.00,1,0.03,257.00,0,0,1,0,2,171.00,5,4,0,5,171.00,0.00,0.80,0.00,0,0.00,0,76.15,0,0,2,org.apache.jackrabbit.core.persistence.db.OraclePersistenceManager,0.00,0,4,0,0,0,0,1,1,20,1
"org.apache.jackrabbit.core.state.db.SimpleDbPersistenceManager",0,0.00,0.00,1,0.03,257.00,0,0,1,0,2,171.00,5,4,0,4,171.00,0.00,0.75,0.00,0,0.00,0,76.15,0,0,2,org.apache.jackrabbit.core.persistence.db.SimpleDbPersistenceManager,0.00,0,3,0,0,0,0,1,1,20,1
"org.apache.jackrabbit.webdav.xml.DomUtil",35,2.00,2.03,201,2.33,67822.46,37,2,14,85,89,70.77,303,252,87,1,118.88,0.00,0.00,0.00,9,35.00,5,6982.03,0,24,3,java.lang.Object,0.00,50,0,71,0,50,11,0,40,1520,1
"org.apache.jackrabbit.webdav.xml.ElementIterator",8,0.00,1.62,42,0.37,8579.86,12,4,7,17,25,103.08,46,53,24,1,120.95,0.00,0.00,0.25,2,8.00,3,1099.17,0,2,2,java.lang.Object,0.00,9,0,13,0,9,6,1,10,253,1
"org.apache.jackrabbit.webdav.xml.Namespace",8,0.05,1.50,32,0.31,7229.56,14,6,2,15,37,125.17,3,45,37,1,125.17,0.00,0.00,0.12,1,20.00,3,933.16,0,4,0,java.lang.Object,0.00,7,0,12,0,7,4,0,1,227,1
"org.apache.jackrabbit.webdav.xml.XmlSerializable",1,0.00,1.00,2,0.01,41.48,1,0,2,1,24,109.47,12,3,24,1,147.03,0.00,0.00,0.00,0,1.00,1,27.65,0,1,0,,0.00,0,0,1,0,0,0,0,2,11,1
"org.apache.jackrabbit.rmi.iterator.ArrayEventIterator",2,0.00,1.00,5,0.03,278.97,2,0,2,2,2,110.66,12,8,1,2,142.88,0.00,0.50,0.00,0,2.00,1,91.87,1,1,1,org.apache.jackrabbit.rmi.iterator.ArrayIterator,0.00,0,1,2,0,0,1,1,3,30,1
"org.apache.jackrabbit.rmi.iterator.ArrayEventListenerIterator",2,0.00,1.00,5,0.03,278.97,2,0,2,2,2,110.66,12,9,1,2,142.88,0.00,0.50,0.00,0,2.00,1,91.87,1,1,1,org.apache.jackrabbit.rmi.iterator.ArrayIterator,0.00,0,1,2,0,0,1,1,3,30,1
"org.apache.jackrabbit.rmi.iterator.ArrayIterator",7,0.00,1.00,18,0.11,1249.98,9,2,1,8,2,181.92,20,26,2,1,142.04,0.00,0.00,0.50,0,0.00,1,343.33,0,1,0,java.lang.Object,0.00,1,0,7,2,1,6,1,10,99,1
"org.apache.jackrabbit.namespace.AbstractNamespaceResolver",7,0.17,2.71,70,0.64,24542.45,8,1,3,16,14,55.55,68,79,12,1,105.55,0.00,0.00,0.86,0,0.00,4,1915.29,0,0,2,java.lang.Object,0.00,9,0,19,10,9,7,1,15,392,2
"org.apache.jackrabbit.namespace.NamespaceAdder",3,0.00,1.33,16,0.18,3073.66,4,1,6,7,1,121.15,0,20,0,1,121.15,0.00,0.00,1.00,0,0.00,2,538.40,0,0,1,java.lang.Object,0.00,4,0,4,0,4,3,0,0,119,1
"org.apache.jackrabbit.namespace.NamespaceExtractor",2,0.00,1.50,16,0.18,3978.77,6,4,12,12,1,73.68,24,21,0,1,111.24,0.00,0.00,0.25,0,2.00,2,553.64,0,1,1,java.lang.Object,0.00,10,0,3,0,10,1,0,4,118,1
"org.apache.jackrabbit.namespace.NamespaceExtractor$NamespaceHandler",1,0.00,6.00,19,0.25,12230.03,1,0,12,5,0,130.59,2,26,0,2,90.70,0.00,0.50,0.00,0,0.00,6,752.53,0,0,0,org.xml.sax.helpers.DefaultHandler,0.00,4,1,6,0,4,1,0,2,141,1
"org.apache.jackrabbit.namespace.NamespaceListener",3,0.00,1.00,4,0.03,159.82,3,0,0,3,5,109.30,24,5,5,1,157.40,0.00,0.00,0.00,0,3.00,1,89.52,0,0,0,,0.00,0,0,3,0,0,3,0,4,31,1
"org.apache.jackrabbit.namespace.NamespaceMapping",10,0.00,2.10,58,0.62,19055.06,13,3,6,26,8,101.05,50,76,6,2,118.93,0.00,0.50,0.33,2,10.00,5,1848.24,0,5,2,org.apache.jackrabbit.namespace.AbstractNamespaceResolver,0.00,16,1,21,0,16,5,0,15,415,1
"org.apache.jackrabbit.namespace.NamespaceResolver",2,0.00,1.00,3,0.02,99.22,2,0,1,2,42,113.52,22,4,42,1,157.65,0.00,0.00,0.00,0,2.00,1,54.92,0,2,0,,0.00,0,0,2,0,0,0,0,3,21,1
"org.apache.jackrabbit.namespace.SessionNamespaceResolver",3,0.50,1.67,12,0.11,2384.80,4,1,3,6,4,93.36,19,20,3,2,125.58,0.00,0.50,0.67,0,1.00,2,340.69,0,2,1,org.apache.jackrabbit.namespace.AbstractNamespaceResolver,0.00,3,1,5,0,3,1,0,7,84,1
"org.apache.jackrabbit.core.nodetype.virtual.VirtualNodeTypeStateManager",8,0.14,2.25,70,1.04,24869.37,16,8,22,37,17,59.62,79,121,1,1,109.62,0.00,0.00,0.25,4,14.00,4,3124.53,0,1,16,java.lang.Object,0.00,29,0,18,0,29,7,1,23,627,1
"org.apache.jackrabbit.core.nodetype.virtual.VirtualNodeTypeStateProvider",12,1.00,2.17,112,2.07,96216.16,13,1,22,66,17,72.26,79,146,1,2,104.48,0.00,0.50,0.08,4,28.00,4,6216.94,2,6,16,org.apache.jackrabbit.core.virtual.AbstractVISProvider,0.05,54,1,26,0,54,6,0,26,1109,1
"org.apache.jackrabbit.core.state.xml.XMLPersistenceManager",0,0.00,0.00,1,0.03,257.00,0,0,1,0,2,171.00,5,4,0,3,171.00,0.00,0.67,0.00,0,0.00,0,76.15,0,0,2,org.apache.jackrabbit.core.persistence.xml.XMLPersistenceManager,0.00,0,2,0,0,0,0,1,1,20,1
"org.apache.jackrabbit.webdav.client.methods.AclMethod",3,1.00,1.00,9,0.08,986.02,4,1,6,4,4,133.62,13,13,0,3,133.38,0.00,0.67,0.00,0,3.00,1,231.63,1,1,4,org.apache.jackrabbit.webdav.client.methods.DavMethodBase,0.29,1,2,3,0,1,2,0,5,62,1
"org.apache.jackrabbit.webdav.client.methods.BaselineControlMethod",4,1.00,1.50,17,0.20,4536.91,5,1,10,12,5,145.01,15,25,0,3,124.39,0.00,0.67,0.00,0,6.00,3,588.62,1,1,5,org.apache.jackrabbit.webdav.client.methods.DavMethodBase,0.27,8,2,6,0,8,3,0,8,129,1
"org.apache.jackrabbit.webdav.client.methods.CheckinMethod",4,1.00,1.00,11,0.09,1052.69,5,1,5,8,4,161.33,13,16,0,3,140.71,0.00,0.67,0.00,0,4.00,1,261.63,0,2,4,org.apache.jackrabbit.webdav.client.methods.DavMethodBase,0.27,4,2,4,0,4,2,0,5,72,1
"org.apache.jackrabbit.webdav.client.methods.CheckoutMethod",3,1.00,1.00,8,0.07,852.87,4,1,4,4,3,140.68,13,12,0,3,140.45,0.00,0.67,0.00,0,3.00,1,195.03,0,1,3,org.apache.jackrabbit.webdav.client.methods.DavMethodBase,0.29,1,2,3,0,1,2,0,5,54,1
"org.apache.jackrabbit.webdav.client.methods.CopyMethod",4,1.00,1.25,14,0.14,2186.13,5,1,7,7,6,99.37,27,20,0,3,131.59,0.00,0.67,0.00,0,4.00,2,432.39,1,1,6,org.apache.jackrabbit.webdav.client.methods.DavMethodBase,0.27,3,2,5,0,3,3,0,7,108,1
"org.apache.jackrabbit.webdav.client.methods.DavMethod",7,0.00,1.00,8,0.05,281.99,7,0,6,7,4,116.07,55,9,1,2,158.36,0.00,0.50,0.00,0,7.00,1,153.73,0,3,3,,0.00,0,1,7,0,0,4,0,8,55,1
"org.apache.jackrabbit.webdav.client.methods.DavMethodBase",18,0.07,1.72,84,0.82,20637.41,23,5,23,40,36,106.45,97,118,27,2,124.32,27.00,0.03,0.13,7,98.00,5,2450.84,1,5,9,org.apache.commons.httpclient.methods.EntityEnclosingMethod,0.00,22,1,31,27,22,13,2,29,550,2
"org.apache.jackrabbit.webdav.client.methods.DeleteMethod",3,1.00,1.00,8,0.07,852.87,4,1,4,4,3,190.45,3,12,0,3,140.45,0.00,0.67,0.00,0,3.00,1,195.03,0,1,3,org.apache.jackrabbit.webdav.client.methods.DavMethodBase,0.29,1,2,3,0,1,2,0,1,54,1
"org.apache.jackrabbit.webdav.client.methods.LabelMethod",5,1.00,1.00,14,0.15,2114.30,6,1,7,9,5,106.87,34,21,0,3,139.09,0.00,0.67,0.00,0,5.00,1,459.83,2,1,5,org.apache.jackrabbit.webdav.client.methods.DavMethodBase,0.26,4,2,5,0,4,4,0,8,117,1
"org.apache.jackrabbit.webdav.client.methods.LockMethod",10,0.11,1.90,68,0.70,16423.17,13,3,21,32,14,68.40,82,89,0,3,116.50,0.00,0.67,0.23,2,38.00,3,2095.43,6,3,14,org.apache.jackrabbit.webdav.client.methods.DavMethodBase,0.32,22,2,19,0,22,7,0,23,451,1
"org.apache.jackrabbit.webdav.client.methods.MergeMethod",3,1.00,1.00,9,0.08,986.02,4,1,6,4,4,133.62,14,13,0,3,133.38,0.00,0.67,0.00,0,3.00,1,231.63,1,1,4,org.apache.jackrabbit.webdav.client.methods.DavMethodBase,0.29,1,2,3,0,1,2,0,6,62,1
"org.apache.jackrabbit.webdav.client.methods.MkActivityMethod",3,1.00,1.00,8,0.07,852.87,4,1,4,4,3,140.68,12,12,0,3,140.45,0.00,0.67,0.00,0,3.00,1,195.03,0,1,3,org.apache.jackrabbit.webdav.client.methods.DavMethodBase,0.29,1,2,3,0,1,2,0,5,54,1
"org.apache.jackrabbit.webdav.client.methods.MkColMethod",3,1.00,1.00,8,0.07,852.87,4,1,4,4,3,140.68,13,12,0,3,140.45,0.00,0.67,0.00,0,3.00,1,195.03,0,1,3,org.apache.jackrabbit.webdav.client.methods.DavMethodBase,0.29,1,2,3,0,1,2,0,5,54,1
"org.apache.jackrabbit.webdav.client.methods.MkWorkspaceMethod",3,1.00,1.00,8,0.07,852.87,4,1,4,4,3,140.68,13,12,0,3,140.45,0.00,0.67,0.00,0,3.00,1,195.03,0,1,3,org.apache.jackrabbit.webdav.client.methods.DavMethodBase,0.29,1,2,3,0,1,2,0,5,54,1
"org.apache.jackrabbit.webdav.client.methods.MoveMethod",3,1.00,1.00,10,0.10,1512.24,4,1,6,5,5,132.16,14,14,0,3,131.92,0.00,0.67,0.00,0,3.00,1,305.81,1,1,5,org.apache.jackrabbit.webdav.client.methods.DavMethodBase,0.29,2,2,3,0,2,2,0,5,78,1
"org.apache.jackrabbit.webdav.client.methods.OptionsMethod",9,0.38,1.44,37,0.36,6996.76,11,2,13,24,5,125.93,42,48,0,3,125.69,0.00,0.67,0.17,0,18.00,3,1084.63,2,3,5,org.apache.jackrabbit.webdav.client.methods.DavMethodBase,0.22,15,2,13,0,15,6,0,10,255,1
"org.apache.jackrabbit.webdav.client.methods.OrderPatchMethod",5,1.00,1.40,21,0.27,6213.14,6,1,8,9,6,74.10,45,27,0,3,124.10,0.00,0.67,0.00,0,5.00,2,822.48,1,1,6,org.apache.jackrabbit.webdav.client.methods.DavMethodBase,0.26,4,2,7,0,4,4,0,8,183,1
"org.apache.jackrabbit.webdav.client.methods.PollMethod",7,0.25,2.00,42,0.41,8753.22,9,2,17,20,10,138.04,25,58,0,3,117.43,0.00,0.67,0.29,1,14.00,3,1239.39,5,2,10,org.apache.jackrabbit.webdav.client.methods.DavMethodBase,0.24,13,2,14,0,13,5,1,8,270,1
"org.apache.jackrabbit.webdav.client.methods.PollMethod$EventBundle",1,0.00,1.00,3,0.02,254.64,1,0,17,2,0,134.26,0,4,0,1,134.26,0.00,0.00,0.00,0,1.00,1,70.91,0,1,0,java.lang.Object,0.00,1,0,1,0,1,0,0,0,21,0
"org.apache.jackrabbit.webdav.client.methods.PropFindMethod",6,1.00,1.83,32,0.43,17471.01,7,1,11,19,6,157.39,17,49,0,3,117.51,0.00,0.67,0.00,0,14.00,6,1291.97,2,1,6,org.apache.jackrabbit.webdav.client.methods.DavMethodBase,0.25,13,2,11,0,13,5,0,9,257,1
"org.apache.jackrabbit.webdav.client.methods.PropPatchMethod",7,0.00,4.57,108,1.55,84388.99,10,3,23,47,14,62.42,43,135,0,3,94.64,0.00,0.67,0.33,0,8.00,10,4639.40,3,3,14,org.apache.jackrabbit.webdav.client.methods.DavMethodBase,0.36,40,2,32,0,40,4,1,17,798,1
"org.apache.jackrabbit.webdav.client.methods.PutMethod",3,1.00,1.00,8,0.07,1087.83,4,1,4,4,3,139.85,14,12,0,3,139.62,0.00,0.67,0.00,0,3.00,1,221.36,0,1,3,org.apache.jackrabbit.webdav.client.methods.DavMethodBase,0.29,1,2,3,0,1,2,0,5,60,1
"org.apache.jackrabbit.webdav.client.methods.ReportMethod",3,0.25,1.33,16,0.16,3318.58,5,2,8,6,6,103.02,16,21,0,3,120.89,0.00,0.67,0.33,0,1.00,2,483.01,2,1,6,org.apache.jackrabbit.webdav.client.methods.DavMethodBase,0.29,3,2,4,0,3,2,0,5,113,1
"org.apache.jackrabbit.webdav.client.methods.SearchMethod",5,1.00,1.20,16,0.17,3122.64,6,1,7,7,5,171.03,14,23,0,3,131.15,0.00,0.67,0.00,0,5.00,2,503.67,1,1,5,org.apache.jackrabbit.webdav.client.methods.DavMethodBase,0.26,2,2,6,0,2,4,0,6,125,1
"org.apache.jackrabbit.webdav.client.methods.SubscribeMethod",8,0.29,2.25,55,0.61,15079.74,10,2,20,30,13,83.77,52,76,0,3,115.99,0.00,0.67,0.25,1,26.00,4,1839.45,6,3,13,org.apache.jackrabbit.webdav.client.methods.DavMethodBase,0.23,22,2,18,0,22,5,1,13,384,1
"org.apache.jackrabbit.webdav.client.methods.UnLockMethod",3,1.00,1.00,10,0.09,1315.22,4,1,8,5,6,132.63,14,14,0,3,132.40,0.00,0.67,0.00,0,3.00,1,277.61,1,1,6,org.apache.jackrabbit.webdav.client.methods.DavMethodBase,0.29,2,2,3,0,2,2,0,5,71,1
"org.apache.jackrabbit.webdav.client.methods.UnSubscribeMethod",3,1.00,1.00,9,0.08,1019.55,4,1,5,4,4,183.27,5,13,0,3,133.27,0.00,0.67,0.00,0,3.00,1,235.33,1,1,4,org.apache.jackrabbit.webdav.client.methods.DavMethodBase,0.29,1,2,3,0,1,2,0,3,63,1
"org.apache.jackrabbit.webdav.client.methods.UncheckoutMethod",3,1.00,1.00,8,0.07,852.87,4,1,4,4,3,140.68,13,12,0,3,140.45,0.00,0.67,0.00,0,3.00,1,195.03,0,1,3,org.apache.jackrabbit.webdav.client.methods.DavMethodBase,0.29,1,2,3,0,1,2,0,5,54,1
"org.apache.jackrabbit.webdav.client.methods.UpdateMethod",3,1.00,1.00,9,0.08,986.02,4,1,6,4,4,133.62,13,13,0,3,133.38,0.00,0.67,0.00,0,3.00,1,231.63,1,1,4,org.apache.jackrabbit.webdav.client.methods.DavMethodBase,0.29,1,2,3,0,1,2,0,5,62,1
"org.apache.jackrabbit.webdav.client.methods.VersionControlMethod",3,1.00,1.00,8,0.07,852.87,4,1,4,4,3,140.68,13,12,0,3,140.45,0.00,0.67,0.00,0,3.00,1,195.03,0,1,3,org.apache.jackrabbit.webdav.client.methods.DavMethodBase,0.29,1,2,3,0,1,2,0,5,54,1
"org.apache.jackrabbit.webdav.client.methods.XmlRequestEntity",5,0.00,1.00,19,0.19,3227.35,7,2,10,18,1,131.08,3,25,1,1,131.08,0.00,0.00,0.50,0,0.00,1,580.84,0,1,0,java.lang.Object,0.00,13,0,5,0,13,4,1,1,138,1
"org.apache.jackrabbit.core.virtual.AbstractVISProvider",28,0.02,2.14,175,2.08,67136.74,34,6,27,91,24,97.31,167,240,1,1,115.18,0.00,0.00,0.14,11,238.00,6,6254.57,0,11,24,java.lang.Object,0.00,63,0,60,1,63,17,2,49,1288,2
"org.apache.jackrabbit.core.virtual.VirtualItemStateProvider",7,0.00,1.00,8,0.07,306.13,7,0,7,7,17,115.79,50,14,10,2,158.08,0.00,0.50,0.00,0,7.00,1,199.91,0,2,8,,0.00,0,1,7,0,0,5,0,8,65,1
"org.apache.jackrabbit.core.virtual.VirtualNodeState",11,0.20,1.55,57,0.68,16627.21,14,3,11,24,13,71.68,88,80,5,3,119.79,0.00,0.67,0.15,5,35.00,3,2029.50,3,5,10,org.apache.jackrabbit.core.state.NodeState,0.00,13,2,17,0,13,6,0,16,443,1
"org.apache.jackrabbit.core.virtual.VirtualPropertyState",4,0.67,1.50,13,0.11,2728.81,5,1,4,5,10,112.92,23,19,5,3,130.79,0.00,0.67,0.50,0,4.00,3,327.00,2,2,5,org.apache.jackrabbit.core.state.PropertyState,0.05,1,2,6,0,1,2,0,6,85,1
"org.apache.jackrabbit.core.virtual.VirtualValueProvider",1,0.00,1.00,2,0.01,44.48,1,0,2,1,3,96.79,9,3,1,1,146.79,0.00,0.00,0.00,0,1.00,1,29.65,0,1,2,,0.00,0,0,1,0,0,0,0,2,12,1
"org.apache.jackrabbit.test.api.version.AbstractMergeTest",3,0.50,3.00,41,0.44,12289.38,11,8,8,10,8,63.19,37,52,7,4,100.75,2.33,0.27,0.46,1,1.00,5,1309.46,3,0,1,org.apache.jackrabbit.test.AbstractJCRTest,0.40,7,3,9,7,7,3,0,17,257,2
"org.apache.jackrabbit.test.api.version.AbstractOnParentVersionTest",3,0.30,2.00,24,0.30,6179.15,8,5,5,14,6,78.84,19,31,5,5,111.06,1.25,0.40,0.40,0,0.00,3,901.35,2,1,1,org.apache.jackrabbit.test.api.version.AbstractVersionTest,0.42,11,4,6,5,11,2,0,5,187,2
"org.apache.jackrabbit.test.api.version.AbstractVersionTest",4,0.33,3.75,53,0.65,21122.73,9,5,7,18,19,67.61,27,76,18,4,99.83,8.00,0.11,0.45,0,2.00,10,1953.27,4,1,1,org.apache.jackrabbit.test.AbstractJCRTest,0.38,14,3,15,24,14,3,0,8,368,1
"org.apache.jackrabbit.test.api.version.CheckinTest",10,0.00,1.30,44,0.49,7676.11,10,0,6,27,2,93.54,60,61,1,5,125.76,0.00,0.80,0.00,0,0.00,2,1458.09,2,0,1,org.apache.jackrabbit.test.api.version.AbstractVersionTest,0.16,17,4,13,0,17,10,0,13,336,1
"org.apache.jackrabbit.test.api.version.CheckoutTest",6,0.00,2.50,42,0.42,12786.55,6,0,7,18,2,95.18,31,60,1,5,113.05,0.00,0.80,0.00,0,2.00,5,1251.54,1,0,1,org.apache.jackrabbit.test.api.version.AbstractVersionTest,0.19,12,4,15,0,12,6,0,10,267,1
"org.apache.jackrabbit.test.api.version.FrozenNodeTest",9,0.00,1.00,60,0.85,12019.46,9,0,3,22,1,137.97,32,70,0,5,117.36,0.00,0.80,0.00,0,0.00,1,2550.30,1,0,1,org.apache.jackrabbit.test.api.version.AbstractVersionTest,0.17,13,4,9,0,13,9,0,9,525,1
"org.apache.jackrabbit.test.api.version.GetContainingHistoryTest",1,0.00,1.00,5,0.06,832.44,1,0,2,7,2,101.79,14,9,1,5,121.93,0.00,0.80,0.00,0,0.00,1,180.51,0,0,1,org.apache.jackrabbit.test.api.version.AbstractVersionTest,0.00,6,4,1,0,6,1,0,3,43,1
"org.apache.jackrabbit.test.api.version.GetCreatedTest",2,0.00,1.00,13,0.16,2111.18,2,0,4,13,2,68.17,19,16,1,5,118.16,0.00,0.80,0.00,0,0.00,1,473.38,0,0,1,org.apache.jackrabbit.test.api.version.AbstractVersionTest,0.00,11,4,2,0,11,2,0,5,104,1
"org.apache.jackrabbit.test.api.version.GetPredecessorsTest",1,0.00,1.00,5,0.05,679.73,1,0,2,5,2,122.15,16,7,1,5,122.62,0.00,0.80,0.00,0,0.00,1,156.06,0,0,1,org.apache.jackrabbit.test.api.version.AbstractVersionTest,0.00,4,4,1,0,4,1,0,3,38,1
"org.apache.jackrabbit.test.api.version.GetReferencesNodeTest",4,0.33,1.75,37,0.35,6314.87,8,4,6,15,3,67.80,30,45,1,4,110.09,0.00,0.75,0.50,1,0.00,2,1044.08,4,0,2,org.apache.jackrabbit.test.AbstractJCRTest,0.38,11,3,7,0,11,4,0,10,223,1
"org.apache.jackrabbit.test.api.version.GetVersionableUUIDTest",1,0.00,1.00,5,0.06,682.63,1,0,2,7,2,102.47,14,9,1,5,122.61,0.00,0.80,0.00,0,0.00,1,166.78,0,0,1,org.apache.jackrabbit.test.api.version.AbstractVersionTest,0.00,6,4,1,0,6,1,0,3,41,1
"org.apache.jackrabbit.test.api.version.MergeCancelMergeTest",4,0.33,1.50,41,0.58,18082.20,5,1,5,27,2,56.72,34,45,1,5,104.82,0.00,0.80,0.75,0,0.00,3,1750.00,2,0,1,org.apache.jackrabbit.test.api.version.AbstractMergeTest,0.62,23,4,6,0,23,4,0,18,331,1
"org.apache.jackrabbit.test.api.version.MergeCheckedoutSubNodeTest",5,0.25,1.20,36,0.48,9050.36,6,1,3,24,2,65.68,40,44,1,5,113.78,0.00,0.80,0.80,0,0.00,2,1448.72,2,0,1,org.apache.jackrabbit.test.api.version.AbstractMergeTest,0.60,19,4,6,0,19,5,0,20,297,1
"org.apache.jackrabbit.test.api.version.MergeDoneMergeTest",4,0.33,1.50,39,0.54,14273.50,5,1,5,27,2,59.23,33,43,1,5,107.34,0.00,0.80,0.75,0,0.00,3,1614.79,2,0,1,org.apache.jackrabbit.test.api.version.AbstractMergeTest,0.62,23,4,6,0,23,4,0,17,309,1
"org.apache.jackrabbit.test.api.version.MergeNodeIteratorTest",3,0.00,3.00,60,0.78,31499.22,4,1,5,22,2,46.42,35,69,1,5,90.55,0.00,0.80,1.00,0,0.00,6,2342.89,1,0,1,org.apache.jackrabbit.test.api.version.AbstractMergeTest,0.43,19,4,9,0,19,3,0,21,433,1
"org.apache.jackrabbit.test.api.version.MergeNodeTest",12,0.09,2.08,110,1.36,32007.85,13,1,12,52,3,60.15,105,145,1,5,108.26,0.00,0.80,0.92,0,0.00,5,4068.68,3,0,2,org.apache.jackrabbit.test.api.version.AbstractMergeTest,0.47,40,4,25,0,40,12,0,64,790,1
"org.apache.jackrabbit.test.api.version.MergeNonVersionableSubNodeTest",5,0.00,1.00,47,0.75,15328.37,5,0,2,24,2,57.95,48,53,1,5,107.95,0.00,0.80,0.00,0,0.00,1,2251.81,1,0,1,org.apache.jackrabbit.test.api.version.AbstractMergeTest,0.40,19,4,5,0,19,5,0,27,434,1
"org.apache.jackrabbit.test.api.version.MergeSubNodeTest",8,0.14,1.25,75,1.02,20896.44,9,1,3,33,2,60.34,71,83,1,5,108.45,0.00,0.80,0.88,0,0.00,3,3071.84,2,0,1,org.apache.jackrabbit.test.api.version.AbstractMergeTest,0.54,25,4,10,0,25,8,0,36,613,1
"org.apache.jackrabbit.test.api.version.OnParentVersionAbortTest",3,0.00,1.67,15,0.13,1576.55,3,0,4,9,3,81.09,23,23,1,6,123.39,0.00,0.83,0.00,0,2.00,2,375.63,2,0,2,org.apache.jackrabbit.test.api.version.AbstractOnParentVersionTest,0.22,6,5,5,0,6,3,0,6,91,1
"org.apache.jackrabbit.test.api.version.OnParentVersionComputeTest",2,0.00,1.00,13,0.12,1811.76,2,0,4,10,2,76.40,14,16,1,6,118.69,0.00,0.83,0.00,0,2.00,1,366.07,1,0,1,org.apache.jackrabbit.test.api.version.AbstractOnParentVersionTest,0.23,8,5,2,0,8,2,0,2,84,1
"org.apache.jackrabbit.test.api.version.OnParentVersionCopyTest",3,1.00,1.33,20,0.19,3512.10,4,1,4,14,2,75.45,23,25,1,6,117.74,0.00,0.83,0.33,0,2.00,2,574.32,2,0,1,org.apache.jackrabbit.test.api.version.AbstractOnParentVersionTest,0.22,11,5,4,0,11,3,0,7,127,1
"org.apache.jackrabbit.test.api.version.OnParentVersionIgnoreTest",3,0.00,1.33,22,0.22,3656.27,3,0,4,15,2,82.89,20,27,1,6,115.11,0.00,0.83,0.00,0,2.00,2,654.51,2,0,1,org.apache.jackrabbit.test.api.version.AbstractOnParentVersionTest,0.22,12,5,4,0,12,3,0,4,144,1
"org.apache.jackrabbit.test.api.version.OnParentVersionInitializeTest",2,0.00,1.00,13,0.12,1811.76,2,0,4,10,2,76.40,14,16,1,6,118.69,0.00,0.83,0.00,0,2.00,1,366.07,1,0,1,org.apache.jackrabbit.test.api.version.AbstractOnParentVersionTest,0.23,8,5,2,0,8,2,0,2,84,1
"org.apache.jackrabbit.test.api.version.RemoveVersionTest",10,0.25,2.90,113,1.23,37329.74,14,4,12,41,3,71.56,69,141,1,5,103.78,0.00,0.80,0.48,0,0.00,5,3691.05,3,0,2,org.apache.jackrabbit.test.api.version.AbstractVersionTest,0.32,31,4,29,0,31,10,0,26,730,1
"org.apache.jackrabbit.test.api.version.RestoreTest",20,0.01,1.95,190,2.31,64685.00,24,4,12,60,3,75.39,133,241,1,5,107.61,0.00,0.80,0.26,0,0.00,4,6940.11,3,0,2,org.apache.jackrabbit.test.api.version.AbstractVersionTest,0.24,40,4,39,0,40,20,0,53,1357,1
"org.apache.jackrabbit.test.api.version.SessionMoveVersionExceptionTest",2,0.00,2.00,15,0.18,3143.35,2,0,3,10,2,84.77,27,24,1,5,114.15,0.00,0.80,0.00,0,0.00,2,538.64,0,0,1,org.apache.jackrabbit.test.api.version.AbstractVersionTest,0.00,8,4,4,0,8,2,0,11,114,1
"org.apache.jackrabbit.test.api.version.TestAll",1,0.00,1.00,33,0.46,18822.70,1,0,3,3,31,36.57,11,35,2,2,80.69,0.00,0.50,0.00,0,1.00,1,1374.91,0,1,29,junit.framework.TestCase,0.00,2,1,1,0,2,0,0,2,255,1
"org.apache.jackrabbit.test.api.version.VersionGraphTest",4,0.00,1.50,20,0.26,4098.17,4,0,5,16,2,73.02,34,28,1,5,121.13,0.00,0.80,0.00,0,0.00,2,768.90,0,0,1,org.apache.jackrabbit.test.api.version.AbstractVersionTest,0.00,12,4,6,0,12,4,0,6,166,1
"org.apache.jackrabbit.test.api.version.VersionHistoryTest",59,0.06,1.90,300,3.29,85520.48,61,2,21,156,2,120.12,262,446,1,5,119.89,0.00,0.80,0.56,0,0.00,13,9870.95,3,0,1,org.apache.jackrabbit.test.api.version.AbstractVersionTest,0.12,97,4,112,0,97,59,0,63,2103,1
"org.apache.jackrabbit.test.api.version.VersionHistoryTest$ItemVisitorTest",3,0.50,1.00,7,0.06,477.71,4,1,21,5,0,142.43,0,11,0,1,142.43,0.00,0.00,0.67,0,1.00,1,165.42,0,0,0,java.lang.Object,0.00,2,0,3,0,2,3,1,0,48,1
"org.apache.jackrabbit.test.api.version.VersionLabelTest",17,0.45,2.00,130,1.57,37211.80,22,5,8,46,3,70.72,126,163,2,5,113.01,0.25,0.67,0.62,0,0.00,3,4696.80,3,0,1,org.apache.jackrabbit.test.api.version.AbstractVersionTest,0.26,29,4,34,1,29,17,0,26,957,1
"org.apache.jackrabbit.test.api.version.VersionStorageTest",3,0.50,1.67,18,0.22,3938.95,4,1,5,15,2,69.19,26,28,1,5,117.30,0.00,0.80,0.67,0,2.00,2,664.87,1,0,1,org.apache.jackrabbit.test.api.version.AbstractVersionTest,0.21,12,4,5,0,12,3,0,11,143,1
"org.apache.jackrabbit.test.api.version.VersionTest",53,0.05,1.81,251,2.78,72652.90,55,2,19,136,2,123.94,222,386,1,5,123.70,0.00,0.80,0.55,0,0.00,13,8348.91,2,0,1,org.apache.jackrabbit.test.api.version.AbstractVersionTest,0.14,83,4,96,0,83,53,0,58,1797,1
"org.apache.jackrabbit.test.api.version.VersionTest$ItemVisitorTest",3,0.50,1.00,7,0.06,477.71,4,1,19,5,0,142.43,0,11,0,1,142.43,0.00,0.00,0.67,0,1.00,1,165.42,0,0,0,java.lang.Object,0.00,2,0,3,0,2,3,1,0,48,1
"org.apache.jackrabbit.test.api.version.WorkspaceMoveVersionExceptionTest",2,0.00,2.00,13,0.17,2838.02,2,0,3,10,2,87.61,26,22,1,5,116.99,0.00,0.80,0.00,0,0.00,2,522.03,0,0,1,org.apache.jackrabbit.test.api.version.AbstractVersionTest,0.00,8,4,4,0,8,2,0,10,110,1
"org.apache.jackrabbit.test.api.version.WorkspaceRestoreTest",9,0.30,2.78,116,1.46,44978.87,19,10,11,38,3,69.16,61,148,1,5,101.38,0.00,0.80,0.37,0,0.00,8,4381.14,2,0,2,org.apache.jackrabbit.test.api.version.AbstractVersionTest,0.33,29,4,25,0,29,9,0,30,826,1
"org.apache.jackrabbit.servlet.remote.JNDIRemoteBindingServlet",2,0.67,3.50,21,0.31,11939.90,5,3,10,14,4,153.67,50,33,0,3,103.67,0.00,0.67,0.67,0,0.00,5,928.84,0,0,4,org.apache.jackrabbit.servlet.remote.RemoteBindingServlet,0.00,12,2,7,0,12,2,0,6,181,1
"org.apache.jackrabbit.servlet.remote.JNDIRemoteRepositoryServlet",1,1.00,5.00,15,0.26,12507.36,2,1,11,11,6,50.01,45,26,0,4,94.49,0.00,0.75,0.00,0,1.00,5,787.02,1,1,6,org.apache.jackrabbit.servlet.remote.RemoteRepositoryServlet,0.50,10,3,5,0,10,0,0,3,145,1
"org.apache.jackrabbit.servlet.remote.RMIRemoteBindingServlet",2,0.00,4.50,18,0.22,6549.79,4,2,7,6,2,140.76,40,32,0,3,107.38,0.00,0.67,0.50,0,0.00,5,670.22,0,0,2,org.apache.jackrabbit.servlet.remote.RemoteBindingServlet,0.00,4,2,9,0,4,2,0,5,144,1
"org.apache.jackrabbit.servlet.remote.RMIRemoteRepositoryServlet",1,1.00,1.00,4,0.04,503.13,2,1,5,2,4,115.20,38,8,0,4,127.27,0.00,0.75,0.00,0,1.00,1,127.43,1,1,4,org.apache.jackrabbit.servlet.remote.RemoteRepositoryServlet,0.50,1,3,1,0,1,0,0,3,33,1
"org.apache.jackrabbit.servlet.remote.RemoteBindingServlet",3,0.50,3.33,26,0.36,13157.05,5,2,12,17,7,117.49,53,48,3,2,108.36,3.00,0.20,0.17,2,4.00,6,1092.86,0,2,4,javax.servlet.http.HttpServlet,0.00,14,1,10,3,14,1,0,6,222,1
"org.apache.jackrabbit.servlet.remote.RemoteRepositoryServlet",1,0.00,5.00,10,0.18,7230.12,1,0,4,5,6,134.84,31,25,3,3,102.94,1.50,0.33,0.00,0,1.00,5,532.58,1,1,3,org.apache.jackrabbit.servlet.AbstractRepositoryServlet,0.00,4,2,5,3,4,0,0,2,107,2
"org.apache.jackrabbit.servlet.remote.URLRemoteBindingServlet",1,1.00,4.00,13,0.17,5789.08,2,1,6,9,2,106.76,35,22,0,3,99.50,0.00,0.67,0.00,0,1.00,4,520.75,1,0,2,org.apache.jackrabbit.servlet.remote.RemoteBindingServlet,0.00,8,2,4,0,8,1,0,3,104,1
"org.apache.jackrabbit.servlet.remote.URLRemoteRepositoryServlet",1,1.00,3.00,9,0.10,2780.23,2,1,7,4,4,102.26,37,15,0,4,108.03,0.00,0.75,0.00,0,1.00,3,314.58,2,1,4,org.apache.jackrabbit.servlet.remote.RemoteRepositoryServlet,0.50,3,3,3,0,3,0,0,3,68,1
"org.apache.jackrabbit.nodetype.InvalidConstraintException",2,0.00,1.00,5,0.03,221.18,2,0,1,2,9,93.68,18,8,9,2,143.68,0.00,0.50,0.00,0,2.00,1,88.69,0,0,0,javax.jcr.RepositoryException,0.00,0,1,2,0,0,2,0,3,29,1
"org.apache.jackrabbit.nodetype.InvalidNodeTypeDefException",2,0.00,1.00,5,0.03,221.18,2,0,1,2,3,93.68,18,8,3,2,143.68,0.00,0.50,0.00,0,2.00,1,88.69,0,0,0,javax.jcr.RepositoryException,0.00,0,1,2,0,0,2,0,3,29,1
"org.apache.jackrabbit.nodetype.NodeTypeConflictException",2,0.00,1.00,5,0.03,221.18,2,0,1,2,6,93.68,18,8,6,2,143.68,0.00,0.50,0.00,0,2.00,1,88.69,0,0,0,javax.jcr.RepositoryException,0.00,0,1,2,0,0,2,0,3,29,1
"org.apache.jackrabbit.jcr.AddMixinTest",6,0.20,2.33,61,0.79,25466.40,8,2,10,26,3,87.06,31,74,1,4,104.93,0.00,0.75,0.33,0,0.00,4,2362.48,2,0,2,org.apache.jackrabbit.test.AbstractJCRTest,0.35,20,3,14,0,20,6,0,5,458,1
"org.apache.jackrabbit.jcr.BitsetENTCacheImpl",14,0.10,1.71,90,0.92,26597.96,20,6,7,46,7,83.81,93,112,4,1,116.03,0.00,0.00,0.26,5,0.00,4,2766.73,0,4,3,java.lang.Object,0.00,32,0,24,0,32,10,1,28,622,0
"org.apache.jackrabbit.jcr.BitsetENTCacheImpl$BitsetKey",12,0.09,3.42,124,1.60,103573.30,15,3,7,20,2,70.20,79,149,0,1,102.42,0.00,0.00,0.42,1,0.00,8,4804.37,0,3,2,java.lang.Object,0.00,8,0,41,0,8,9,1,18,958,1
"org.apache.jackrabbit.jcr.BooleanConstraint",2,0.00,3.00,23,0.29,9707.43,3,1,23,12,14,142.76,4,34,1,2,102.87,0.00,0.50,1.00,0,0.00,3,871.14,0,0,14,org.apache.jackrabbit.jcr2spi.nodetype.ValueConstraint,0.00,10,1,6,0,10,2,0,2,172,0
"org.apache.jackrabbit.jcr.DateConstraint",3,0.62,7.00,70,1.00,75889.18,7,4,23,20,14,124.97,8,110,1,2,85.08,0.00,0.50,0.67,0,0.00,10,3005.96,0,0,14,org.apache.jackrabbit.jcr2spi.nodetype.ValueConstraint,0.00,17,1,21,0,17,3,0,6,551,0
"org.apache.jackrabbit.jcr.DefinitionValidator",6,0.00,11.33,280,4.71,766540.14,9,3,21,64,14,117.69,161,342,1,1,68.21,0.00,0.00,0.33,4,10.00,42,14137.06,0,1,13,java.lang.Object,0.00,58,0,68,0,58,5,0,55,2153,0
"org.apache.jackrabbit.jcr.EffectiveNodeType",18,0.00,1.00,19,0.13,774.98,18,0,5,18,18,208.13,35,22,15,1,158.13,0.00,0.00,0.00,0,18.00,1,388.65,0,13,4,,0.00,0,0,18,0,0,5,0,6,135,1
"org.apache.jackrabbit.jcr.EffectiveNodeTypeCache",9,0.00,1.00,11,0.06,232.51,9,0,2,9,5,127.66,56,12,2,3,159.88,0.00,0.67,0.00,0,9.00,1,176.83,0,1,3,,0.00,0,2,9,0,0,8,0,11,66,1
"org.apache.jackrabbit.jcr.EffectiveNodeTypeCache$Key",3,0.00,1.00,4,0.02,72.40,3,0,2,3,1,117.82,22,5,0,2,160.11,0.00,0.50,0.00,0,3.00,1,54.98,0,2,1,,0.00,0,1,3,0,0,1,0,3,23,0
"org.apache.jackrabbit.jcr.EffectiveNodeTypeImpl",27,0.07,4.93,419,6.25,605514.48,33,6,19,94,12,60.28,187,549,3,1,92.50,0.00,0.00,0.23,3,134.00,27,18751.29,0,19,9,java.lang.Object,0.00,67,0,133,0,67,8,2,96,3336,1
"org.apache.jackrabbit.jcr.EffectiveNodeTypeProvider",4,0.00,1.00,5,0.05,350.90,4,0,6,4,14,107.59,35,10,10,1,155.70,0.00,0.00,0.00,0,4.00,1,155.91,0,0,4,,0.00,0,0,4,0,0,4,0,5,47,1
"org.apache.jackrabbit.jcr.InvalidConstraintException",2,0.00,1.00,5,0.03,221.18,2,0,1,2,9,93.68,18,8,8,3,143.68,0.00,0.67,0.00,0,2.00,1,88.69,0,0,1,org.apache.jackrabbit.BaseException,0.00,0,2,2,0,0,2,0,3,29,1
"org.apache.jackrabbit.jcr.InvalidNodeTypeDefException",2,0.00,1.00,5,0.03,221.18,2,0,1,2,1,93.68,18,8,0,3,143.68,0.00,0.67,0.00,0,2.00,1,88.69,0,0,1,org.apache.jackrabbit.BaseException,0.00,0,2,2,0,0,2,0,3,29,1
"org.apache.jackrabbit.jcr.ItemDefinitionImpl",9,0.10,1.56,39,0.34,6216.23,14,5,8,23,6,93.86,56,57,3,1,126.08,0.00,0.00,0.29,0,0.00,3,1025.52,0,2,3,java.lang.Object,0.00,14,0,14,2,14,7,1,19,250,1
"org.apache.jackrabbit.jcr.ItemDefinitionProvider",8,0.00,1.00,9,0.12,766.66,8,0,8,8,17,106.92,83,19,14,1,155.40,0.00,0.00,0.00,0,8.00,1,368.14,0,8,6,,0.00,0,0,8,0,0,0,0,6,103,1
"org.apache.jackrabbit.jcr.ItemDefinitionProviderImpl",15,0.01,3.27,144,1.85,113837.65,20,5,15,44,13,62.29,108,211,1,1,104.58,0.00,0.00,0.19,5,27.00,10,5552.98,0,13,12,java.lang.Object,0.00,29,0,49,0,29,2,1,50,1102,1
"org.apache.jackrabbit.jcr.NameConstraint",5,0.00,2.00,32,0.37,11852.07,6,1,23,18,14,115.47,20,53,1,2,115.24,0.00,0.50,1.00,1,0.00,3,1116.07,0,2,14,org.apache.jackrabbit.jcr2spi.nodetype.ValueConstraint,0.14,13,1,10,0,13,3,0,7,237,0
"org.apache.jackrabbit.jcr.NodeDefinitionImpl",4,0.67,2.25,29,0.33,13680.00,5,1,9,10,6,69.17,29,39,1,2,111.46,0.00,0.50,0.50,0,0.00,4,995.40,0,2,6,org.apache.jackrabbit.jcr2spi.nodetype.ItemDefinitionImpl,0.00,6,1,9,0,6,2,1,10,209,1
"org.apache.jackrabbit.jcr.NodeTypeCache",8,0.36,2.12,63,0.73,35124.48,10,2,12,29,7,92.75,44,88,3,1,110.62,0.00,0.00,0.19,0,22.00,6,2188.45,0,3,4,java.lang.Object,0.00,21,0,17,0,21,5,0,10,441,1
"org.apache.jackrabbit.jcr.NodeTypeCache$NodeTypeStorage",5,0.00,1.00,11,0.13,1700.07,5,0,12,10,3,139.84,0,20,0,1,139.84,0.00,0.00,0.00,0,5.00,1,393.04,0,2,3,java.lang.Object,0.00,5,0,5,0,5,3,0,0,101,0
"org.apache.jackrabbit.jcr.NodeTypeConflictException",2,0.00,1.00,5,0.03,221.18,2,0,1,2,1,93.68,18,8,0,3,143.68,0.00,0.67,0.00,0,2.00,1,88.69,0,0,1,org.apache.jackrabbit.BaseException,0.00,0,2,2,0,0,2,0,3,29,1
"org.apache.jackrabbit.jcr.NodeTypeImpl",26,0.04,2.50,195,2.24,93713.86,31,5,25,67,17,93.38,144,255,2,1,111.26,0.00,0.00,0.24,7,234.00,14,6716.31,0,14,16,java.lang.Object,0.00,41,0,65,0,41,12,1,57,1344,1
"org.apache.jackrabbit.jcr.NodeTypeManagerImpl",17,0.08,3.18,218,3.17,243797.96,24,7,29,86,20,79.87,94,262,6,1,97.75,0.00,0.00,0.22,4,83.00,17,9497.15,0,10,17,java.lang.Object,0.00,69,0,54,0,69,7,3,30,1655,1
"org.apache.jackrabbit.jcr.NodeTypeRegistry",10,0.00,1.00,11,0.09,499.39,10,0,6,10,10,113.50,110,19,5,1,157.63,0.00,0.00,0.00,0,10.00,1,275.46,0,2,5,,0.00,0,0,10,0,0,8,0,11,90,1
"org.apache.jackrabbit.jcr.NodeTypeRegistryImpl",27,0.09,2.56,281,3.36,167311.80,35,8,30,110,24,71.40,168,328,2,1,103.62,0.00,0.00,0.21,7,113.00,10,10083.35,0,3,22,java.lang.Object,0.00,83,0,69,0,83,24,3,88,1952,1
"org.apache.jackrabbit.jcr.NodeTypeRegistryImpl$NodeTypeDefinitionMap",15,0.29,2.87,139,2.20,206593.79,16,1,30,78,5,152.57,26,164,0,1,102.57,0.00,0.00,0.73,3,0.00,19,6602.13,0,7,5,java.lang.Object,0.00,63,0,43,0,63,8,2,16,1116,1
"org.apache.jackrabbit.jcr.NodeTypeRegistryListener",3,0.00,1.00,4,0.02,61.53,3,0,1,3,4,118.38,22,5,3,1,160.67,0.00,0.00,0.00,0,3.00,1,56.53,0,0,1,,0.00,0,0,3,0,0,3,0,4,23,1
"org.apache.jackrabbit.jcr.NodeTypeStorage",5,0.00,1.00,6,0.06,431.84,5,0,5,5,5,176.37,19,7,3,1,155.75,0.00,0.00,0.00,0,5.00,1,179.87,0,2,2,,0.00,0,0,5,0,0,3,0,3,55,1
"org.apache.jackrabbit.jcr.NumericConstraint",3,0.62,6.67,73,1.00,68693.66,7,4,23,22,14,124.63,8,114,1,2,84.75,0.00,0.50,0.67,1,0.00,9,2988.30,0,0,14,org.apache.jackrabbit.jcr2spi.nodetype.ValueConstraint,0.00,19,1,20,0,19,3,0,6,543,0
"org.apache.jackrabbit.jcr.PathConstraint",5,0.50,3.40,54,0.66,30949.75,7,2,23,24,14,103.79,24,85,1,2,103.56,0.00,0.50,0.90,1,0.00,7,1983.47,0,2,14,org.apache.jackrabbit.jcr2spi.nodetype.ValueConstraint,0.14,19,1,17,0,19,3,0,11,386,0
"org.apache.jackrabbit.jcr.PropertyDefinitionImpl",5,0.25,2.40,42,0.52,24208.28,7,2,11,16,8,75.87,30,51,1,2,108.09,0.00,0.50,0.30,0,0.00,5,1566.73,1,2,8,org.apache.jackrabbit.jcr2spi.nodetype.ItemDefinitionImpl,0.00,11,1,12,0,11,3,1,9,309,1
"org.apache.jackrabbit.jcr.ReferenceConstraint",5,0.25,2.00,33,0.39,12034.27,6,1,23,17,15,115.42,20,52,1,2,115.19,0.00,0.50,0.80,1,0.00,4,1161.39,0,2,15,org.apache.jackrabbit.jcr2spi.nodetype.ValueConstraint,0.14,12,1,10,0,12,3,0,8,246,0
"org.apache.jackrabbit.jcr.RemoveMixinTest",5,0.00,1.60,43,0.53,12607.32,7,2,9,21,3,110.65,22,55,1,4,110.42,0.00,0.75,0.50,0,0.00,2,1586.66,2,0,2,org.apache.jackrabbit.test.AbstractJCRTest,0.36,16,3,8,0,16,5,0,4,320,1
"org.apache.jackrabbit.jcr.StringConstraint",2,0.00,2.50,21,0.28,9970.91,3,1,23,12,14,144.25,4,31,1,2,104.37,0.00,0.50,1.00,0,0.00,3,834.30,0,0,14,org.apache.jackrabbit.jcr2spi.nodetype.ValueConstraint,0.00,10,1,5,0,10,2,0,2,165,0
"org.apache.jackrabbit.jcr.TestAll",1,0.00,1.00,6,0.05,1283.53,1,0,3,3,2,138.11,3,8,0,2,117.50,0.00,0.50,0.00,0,1.00,1,150.40,0,1,2,junit.framework.TestCase,0.00,2,1,1,0,2,0,0,1,39,1
"org.apache.jackrabbit.jcr.ValueConstraint",9,0.21,2.33,71,1.02,55221.41,12,3,23,28,25,61.35,78,113,12,1,109.45,0.00,0.00,0.15,0,13.00,9,3064.90,0,4,20,java.lang.Object,0.00,19,0,21,7,19,5,0,17,582,2
"org.apache.jackrabbit.commons.AbstractItem",3,0.00,4.00,36,0.42,28344.66,3,0,4,12,2,117.25,54,52,2,1,99.12,0.00,0.00,0.00,0,3.00,7,1264.29,1,2,0,java.lang.Object,0.00,9,0,12,2,9,1,1,5,248,2
"org.apache.jackrabbit.commons.AbstractNode",32,0.42,1.94,188,2.25,75271.28,34,2,19,78,1,88.84,441,257,0,2,118.23,0.00,0.50,0.09,8,128.00,8,6735.66,0,19,1,org.apache.jackrabbit.commons.AbstractItem,0.00,46,1,62,0,46,13,1,46,1419,2
"org.apache.jackrabbit.commons.AbstractProperty",25,0.00,1.24,80,0.86,22242.92,25,0,11,54,1,81.45,269,115,0,2,129.93,0.00,0.50,0.00,1,25.00,4,2583.76,0,5,1,org.apache.jackrabbit.commons.AbstractItem,0.00,29,1,31,0,29,20,2,29,610,2
"org.apache.jackrabbit.commons.AbstractRepository",3,0.00,1.00,7,0.06,673.66,3,0,4,3,5,92.78,30,11,5,1,141.25,0.00,0.00,0.00,1,3.00,1,170.39,0,3,0,java.lang.Object,0.00,0,0,3,9,0,0,1,4,50,2
"org.apache.jackrabbit.commons.AbstractRepositoryTest",5,0.00,1.00,32,0.30,5321.55,5,0,4,8,2,85.91,30,38,0,3,118.14,0.00,0.67,0.00,0,5.00,1,893.01,3,0,2,org.apache.jackrabbit.commons.MockCase,0.00,3,2,5,0,3,5,0,6,206,1
"org.apache.jackrabbit.commons.AbstractSession",7,0.00,2.71,55,0.69,22282.76,7,0,18,28,2,82.28,96,95,1,1,111.66,0.00,0.00,0.00,4,7.00,4,2063.27,0,3,1,java.lang.Object,0.00,21,0,19,3,21,4,1,9,415,2
"org.apache.jackrabbit.commons.AbstractWorkspace",1,0.00,1.00,4,0.05,759.63,1,0,5,4,2,105.72,14,9,1,1,125.86,0.00,0.00,0.00,0,1.00,1,159.88,0,0,1,java.lang.Object,0.00,3,0,1,2,3,1,1,2,38,2
"org.apache.jackrabbit.commons.DefaultContentHandler",13,0.04,1.38,44,0.54,13726.65,15,2,16,37,2,87.03,99,75,2,2,129.32,0.00,0.50,0.46,0,0.00,6,1620.19,0,0,0,org.xml.sax.helpers.DefaultHandler,0.00,24,1,18,0,24,13,0,18,364,0
"org.apache.jackrabbit.commons.MockCase",4,0.11,1.50,25,0.27,6941.08,7,3,7,18,1,72.24,47,35,1,2,116.37,1.00,0.33,0.42,0,2.00,3,816.71,0,2,0,junit.framework.TestCase,0.00,14,1,6,1,14,2,1,11,175,1
"org.apache.jackrabbit.commons.MockCase$MethodCall",2,2.00,1.00,9,0.09,1223.90,4,2,7,5,0,76.60,18,12,0,1,126.60,0.00,0.00,0.00,0,2.00,1,256.69,0,0,0,java.lang.Object,0.00,3,0,2,0,3,2,0,4,67,2
"org.apache.jackrabbit.server.jcr.JCRWebdavServer",3,0.25,1.33,20,0.20,4071.29,7,4,19,9,9,87.86,41,26,1,1,117.24,0.00,0.00,0.08,0,4.00,2,610.62,0,0,8,java.lang.Object,0.00,6,0,4,0,6,3,1,14,139,1
"org.apache.jackrabbit.server.jcr.JCRWebdavServer$DavSessionImpl",3,0.00,1.00,7,0.05,428.90,3,0,19,3,1,110.58,18,11,0,2,142.80,0.00,0.50,0.00,0,1.00,1,142.37,0,0,1,org.apache.jackrabbit.webdav.jcr.JcrDavSession,0.00,0,1,3,0,0,3,0,3,44,1
"org.apache.jackrabbit.server.jcr.JCRWebdavServer$SessionCache",7,0.00,3.43,79,1.03,40224.91,9,2,19,38,5,59.97,54,103,0,1,102.27,0.00,0.00,0.50,4,0.00,8,3085.30,0,4,5,java.lang.Object,0.00,31,0,24,0,31,3,0,14,580,1
"org.apache.jackrabbit.server.jcr.JCRWebdavServer$SessionMap",3,0.00,1.00,7,0.07,955.13,3,0,19,3,1,140.06,0,11,0,2,140.06,0.00,0.50,0.00,0,3.00,1,198.47,3,3,1,java.util.HashMap,0.00,0,1,3,0,0,0,0,0,58,2
"org.apache.jackrabbit.webdav.simple.DavResourceImpl",50,0.01,2.78,361,4.81,166531.05,61,11,59,157,46,93.63,269,518,2,1,111.50,0.00,0.00,0.10,20,1030.00,11,14426.32,0,25,44,java.lang.Object,0.00,107,0,139,4,107,25,2,94,2768,1
"org.apache.jackrabbit.webdav.simple.DavResourceImpl$PropertyExportCtx",9,0.00,1.89,43,0.47,10467.33,9,0,59,18,6,124.25,2,61,0,2,124.25,0.00,0.50,0.00,2,0.00,4,1399.81,0,1,6,org.apache.jackrabbit.server.io.AbstractExportContext,0.00,9,1,17,0,9,8,1,2,314,1
"org.apache.jackrabbit.webdav.simple.DavResourceImpl$ProperyImportCtx",8,0.14,1.12,22,0.13,1392.85,11,3,59,11,3,181.98,17,32,0,1,142.10,0.00,0.00,0.21,1,32.00,2,400.28,0,3,3,java.lang.Object,0.00,3,0,9,0,3,5,1,5,113,1
"org.apache.jackrabbit.webdav.simple.DavSessionImpl",6,0.60,1.00,16,0.13,1742.92,7,1,4,12,3,140.61,24,23,1,2,140.37,0.00,0.50,0.50,0,6.00,1,401.76,2,1,2,org.apache.jackrabbit.webdav.jcr.JcrDavSession,0.14,6,1,6,0,6,5,0,8,112,1
"org.apache.jackrabbit.webdav.simple.DavSessionProviderImpl",3,0.33,3.33,37,0.51,19201.65,6,3,15,19,10,80.35,43,46,1,1,100.49,0.00,0.00,0.56,0,1.00,6,1532.96,0,0,9,java.lang.Object,0.00,16,0,10,0,16,3,1,12,286,1
"org.apache.jackrabbit.webdav.simple.DefaultItemFilter",9,0.00,2.44,60,0.64,16964.88,13,4,9,25,2,116.21,41,77,1,1,115.98,0.00,0.00,0.25,1,27.00,4,1931.70,0,0,1,java.lang.Object,0.00,16,0,22,0,16,9,1,13,414,1
"org.apache.jackrabbit.webdav.simple.DeltaVResourceImpl",13,0.38,2.15,80,1.04,30675.83,15,2,28,41,25,97.36,76,114,3,2,115.24,3.00,0.20,0.15,3,45.00,4,3128.83,6,8,22,org.apache.jackrabbit.webdav.simple.DavResourceImpl,0.06,28,1,28,3,28,5,1,17,651,1
"org.apache.jackrabbit.webdav.simple.ItemFilter",5,0.00,1.00,6,0.04,228.27,5,0,2,5,3,115.64,35,7,3,1,157.93,0.00,0.00,0.00,0,5.00,1,128.18,0,0,0,,0.00,0,0,5,0,0,5,0,6,44,1
"org.apache.jackrabbit.webdav.simple.LocatorFactoryImpl",4,0.50,2.25,23,0.34,14951.84,6,2,5,15,3,156.49,8,33,0,1,116.61,0.00,0.00,0.12,1,6.00,6,1024.40,0,3,3,java.lang.Object,0.00,11,0,9,0,11,1,1,6,216,1
"org.apache.jackrabbit.webdav.simple.LocatorFactoryImpl$Locator",13,0.12,1.23,40,0.34,7000.65,17,4,5,21,3,181.65,21,56,0,1,131.65,0.00,0.00,0.13,4,74.00,2,1011.17,0,7,3,java.lang.Object,0.00,8,0,16,0,8,6,1,5,257,1
"org.apache.jackrabbit.webdav.simple.LocatorFactoryImplEx",4,1.00,2.50,21,0.23,7858.38,5,1,3,10,2,119.02,17,30,1,2,118.78,0.00,0.50,0.00,1,4.00,4,691.05,0,2,1,org.apache.jackrabbit.webdav.AbstractLocatorFactory,0.00,6,1,10,0,6,2,0,4,157,1
"org.apache.jackrabbit.webdav.simple.ResourceConfig",9,0.18,4.78,157,2.22,133730.84,16,7,25,44,18,43.78,79,199,7,1,91.89,0.00,0.00,0.30,3,0.00,20,6673.78,0,6,11,java.lang.Object,0.00,35,0,43,0,35,3,0,20,1132,1
"org.apache.jackrabbit.webdav.simple.ResourceFactoryImpl",8,0.14,2.25,64,0.80,26100.11,11,3,20,28,16,59.46,75,89,1,1,109.46,0.00,0.00,0.21,3,24.00,4,2391.09,0,5,15,java.lang.Object,0.00,20,0,18,0,20,3,1,12,490,1
"org.apache.jackrabbit.webdav.simple.VersionControlledResourceImpl",14,0.85,3.29,121,1.61,55074.24,15,1,29,46,24,58.73,134,174,1,3,108.73,0.00,0.67,0.21,2,58.00,7,4823.75,10,5,23,org.apache.jackrabbit.webdav.simple.DeltaVResourceImpl,0.12,32,2,46,0,32,9,1,37,935,1
"org.apache.jackrabbit.webdav.simple.VersionHistoryResourceImpl",10,1.00,2.60,70,1.11,32664.46,11,1,29,42,23,69.29,71,102,1,3,111.58,0.00,0.67,0.10,0,18.00,5,3315.45,8,4,22,org.apache.jackrabbit.webdav.simple.DeltaVResourceImpl,0.08,32,2,26,0,32,6,1,25,632,1
"org.apache.jackrabbit.webdav.simple.VersionResourceImpl",14,1.00,2.07,78,1.17,36442.23,15,1,36,50,27,75.57,101,110,1,3,117.86,0.00,0.67,0.07,1,38.00,6,3523.59,7,5,26,org.apache.jackrabbit.webdav.simple.DeltaVResourceImpl,0.16,36,2,29,0,36,9,1,27,675,1
"org.apache.jackrabbit.core.observation.ChangeLogBasedHierarchyMgr",2,0.00,1.00,9,0.10,1102.63,3,1,19,6,15,126.48,32,19,1,2,126.95,0.00,0.50,1.00,0,0.00,1,302.74,0,1,14,org.apache.jackrabbit.core.HierarchyManagerImpl,0.00,4,1,2,0,4,1,0,5,74,0
"org.apache.jackrabbit.core.observation.ChangeLogBasedHierarchyMgr$AtticItemStateManager",5,0.50,1.40,21,0.19,3846.96,6,1,19,13,8,93.52,33,27,0,1,125.74,0.00,0.00,0.60,0,2.00,2,574.21,0,2,8,java.lang.Object,0.00,8,0,7,0,8,3,1,6,138,2
"org.apache.jackrabbit.core.observation.ChangeLogBasedHierarchyMgr$ChangeLogItemStateManager",5,0.12,1.80,22,0.20,4078.84,7,2,19,9,8,77.37,42,35,0,1,125.48,0.00,0.00,0.40,0,7.00,3,601.53,0,2,8,java.lang.Object,0.00,4,0,9,0,4,3,1,11,145,2
"org.apache.jackrabbit.core.observation.DelegatingObservationDispatcher",7,0.25,1.29,29,0.31,8036.99,9,2,7,21,10,82.10,49,43,4,2,124.39,0.00,0.50,0.29,1,10.00,3,929.51,0,0,6,org.apache.jackrabbit.core.observation.EventDispatcher,0.40,14,1,9,0,14,7,0,13,210,1
"org.apache.jackrabbit.core.observation.DispatchAction",3,0.25,1.00,10,0.05,504.44,5,2,1,3,2,85.68,27,14,1,1,135.68,0.00,0.00,0.33,0,5.00,1,154.86,0,1,1,java.lang.Object,0.00,0,0,3,0,0,2,0,6,48,0
"org.apache.jackrabbit.core.observation.EventConsumer",8,0.21,4.00,84,1.09,37288.68,14,6,17,34,12,66.93,98,121,4,1,104.49,0.00,0.00,0.35,0,0.00,8,3257.95,0,2,8,java.lang.Object,0.00,26,0,32,0,26,6,0,24,620,0
"org.apache.jackrabbit.core.observation.EventDispatcher",3,0.00,1.00,4,0.03,113.75,3,0,1,3,4,116.28,22,5,3,1,158.57,0.00,0.00,0.00,0,3.00,1,75.83,0,0,2,java.lang.Object,0.00,0,0,3,2,0,3,0,4,27,1
"org.apache.jackrabbit.core.observation.EventFilter",4,0.15,3.75,62,0.75,45633.83,13,9,9,20,11,134.18,87,78,4,1,94.88,0.00,0.00,0.22,0,6.00,12,2247.05,0,2,7,java.lang.Object,0.00,16,0,15,1,16,2,0,22,407,0
"org.apache.jackrabbit.core.observation.EventFilter$BlockAllFilter",2,0.00,1.00,5,0.03,264.06,2,0,9,2,2,143.31,8,8,0,2,143.07,0.00,0.50,0.00,0,2.00,1,97.53,0,0,2,org.apache.jackrabbit.core.observation.EventFilter,0.33,0,1,2,0,0,2,0,2,32,3
"org.apache.jackrabbit.core.observation.EventImpl",11,0.02,1.55,53,0.58,17732.14,15,4,9,34,11,80.89,84,74,5,1,123.18,0.00,0.00,0.27,5,0.00,3,1753.49,0,6,6,java.lang.Object,0.00,23,0,17,0,23,5,1,20,386,2
"org.apache.jackrabbit.core.observation.EventListenerIteratorImpl",9,0.06,1.78,44,0.35,7894.05,13,4,7,19,2,93.01,61,62,1,1,125.23,0.00,0.00,0.19,3,21.00,4,1062.49,0,2,1,java.lang.Object,0.00,10,0,16,0,10,7,1,15,253,0
"org.apache.jackrabbit.core.observation.EventState",27,0.00,1.63,131,1.68,48532.62,40,13,15,46,15,78.67,310,245,9,1,122.80,0.00,0.00,0.07,7,305.00,6,5048.18,0,22,6,java.lang.Object,0.00,19,0,44,0,19,5,0,44,1073,1
"org.apache.jackrabbit.core.observation.EventStateCollection",15,0.01,3.07,190,3.58,573539.16,20,5,27,71,36,56.84,192,294,19,1,94.40,0.00,0.00,0.21,5,113.00,25,10751.09,0,9,18,java.lang.Object,0.00,56,0,46,0,56,6,0,75,1692,2
"org.apache.jackrabbit.core.observation.EventStateCollectionFactory",1,0.00,1.00,2,0.01,38.26,1,0,1,1,9,97.31,9,3,8,1,147.31,0.00,0.00,0.00,0,1.00,1,25.51,0,0,1,,0.00,0,0,1,0,0,1,0,2,11,1
"org.apache.jackrabbit.core.observation.FilteredEventIterator",9,0.02,1.67,41,0.38,9837.27,15,6,8,20,5,82.20,64,60,1,1,124.50,0.00,0.00,0.19,2,24.00,5,1139.47,0,2,4,java.lang.Object,0.00,11,0,15,0,11,7,1,17,260,0
"org.apache.jackrabbit.core.observation.MixinTest",5,0.00,1.20,67,0.98,31253.22,5,0,6,18,3,81.64,27,81,1,5,99.51,0.00,0.80,0.00,1,0.00,2,2925.22,2,0,2,org.apache.jackrabbit.test.api.observation.AbstractObservationTest,0.00,13,4,6,0,13,5,0,7,555,1
"org.apache.jackrabbit.core.observation.ObservationDispatcher",10,0.17,2.30,95,1.01,22154.34,19,9,10,41,9,60.76,83,117,4,2,108.87,0.00,0.50,0.27,2,34.00,4,3018.89,0,2,5,org.apache.jackrabbit.core.observation.EventDispatcher,0.31,31,1,23,0,31,8,1,32,620,2
"org.apache.jackrabbit.core.observation.ObservationManagerImpl",6,0.25,2.50,57,0.71,34900.83,10,4,13,25,14,57.44,51,92,1,1,105.55,0.00,0.00,0.46,2,0.00,6,2134.64,0,1,13,java.lang.Object,0.00,19,0,15,0,19,5,2,15,413,1
"org.apache.jackrabbit.core.observation.ReorderTest",1,0.00,3.00,28,0.42,18576.03,1,0,6,13,4,96.93,34,31,1,5,83.15,0.00,0.80,0.00,0,0.00,3,1246.25,4,0,3,org.apache.jackrabbit.test.api.observation.AbstractObservationTest,0.00,12,4,3,0,12,1,0,6,217,1
"org.apache.jackrabbit.core.observation.SynchronousEventListener",0,0.00,0.00,1,0.01,31.02,0,0,1,0,0,171.00,8,2,0,2,171.00,0.00,0.50,0.00,0,0.00,0,15.51,0,0,0,,0.00,0,1,0,0,0,0,0,1,6,1
"org.apache.jackrabbit.core.observation.TestAll",1,0.00,1.00,7,0.06,1740.69,1,0,3,3,3,69.83,11,9,0,2,113.96,0.00,0.50,0.00,0,1.00,1,186.48,0,1,3,junit.framework.TestCase,0.00,2,1,1,0,2,0,0,2,47,1
"org.apache.jackrabbit.core.observation.VersionEventsTest",5,0.00,2.00,109,1.60,53265.73,5,0,12,30,4,47.51,35,108,1,5,89.80,0.00,0.80,0.00,0,0.00,2,4788.47,2,0,3,org.apache.jackrabbit.test.api.observation.AbstractObservationTest,0.00,25,4,10,0,25,5,0,17,812,1
"org.apache.jackrabbit.util.name.NamespaceAdder",3,0.00,1.33,16,0.18,3073.66,4,1,6,7,1,171.15,3,20,0,1,121.15,0.00,0.00,1.00,0,0.00,2,538.40,0,0,1,java.lang.Object,0.00,4,0,4,0,4,3,0,1,119,1
"org.apache.jackrabbit.util.name.NamespaceExtractor",2,0.00,1.50,16,0.18,3818.27,6,4,12,12,1,82.00,26,21,0,1,111.38,0.00,0.00,0.25,0,2.00,2,543.83,0,1,1,java.lang.Object,0.00,10,0,3,0,10,1,0,4,116,1
"org.apache.jackrabbit.util.name.NamespaceExtractor$NamespaceHandler",1,0.00,6.00,19,0.25,12230.03,1,0,12,5,0,130.59,2,26,0,2,90.70,0.00,0.50,0.00,0,0.00,6,752.53,0,0,0,org.xml.sax.helpers.DefaultHandler,0.00,4,1,6,0,4,1,0,2,141,1
"org.apache.jackrabbit.util.name.NamespaceMapping",10,0.00,2.10,58,0.62,19055.06,13,3,8,26,5,101.05,52,76,3,2,118.93,0.00,0.50,0.33,2,10.00,5,1848.24,0,5,2,org.apache.jackrabbit.name.AbstractNamespaceResolver,0.00,16,1,21,0,16,5,0,15,415,1
"org.apache.jackrabbit.net.FileParts",13,0.19,2.15,79,0.99,43003.05,17,4,4,35,5,69.95,144,113,4,1,114.08,0.00,0.00,0.08,6,57.00,6,2984.19,0,9,2,java.lang.Object,0.00,22,0,28,0,22,4,0,31,634,0
"org.apache.jackrabbit.net.JCRJarURLConnection",5,0.38,3.00,58,0.68,29057.02,7,2,9,19,2,150.09,135,83,1,3,102.26,0.00,0.67,0.20,2,8.00,8,2035.88,13,3,2,org.apache.jackrabbit.net.JCRURLConnection,0.21,14,2,15,0,14,2,0,26,374,1
"org.apache.jackrabbit.net.JCRJarURLHandler",7,0.00,3.71,69,1.13,64556.98,7,0,5,22,4,130.16,135,99,3,3,103.88,0.00,0.67,0.00,1,7.00,7,3393.62,1,4,2,org.apache.jackrabbit.net.JCRURLHandler,0.00,15,2,26,0,15,3,0,25,657,0
"org.apache.jackrabbit.net.JCRURLConnection",24,0.06,2.38,174,1.94,55222.68,39,15,18,57,5,130.94,432,243,3,2,112.80,1.00,0.33,0.12,11,170.00,8,5824.36,0,14,3,java.net.URLConnection,0.00,33,1,57,1,33,10,0,52,1163,1
"org.apache.jackrabbit.net.JCRURLHandler",4,0.67,2.75,23,0.35,16011.35,5,1,4,14,4,134.46,73,40,3,2,116.33,1.00,0.33,0.50,0,4.00,7,1060.97,1,2,2,java.net.URLStreamHandler,0.00,10,1,11,1,10,2,0,10,213,0
"org.apache.jackrabbit.net.URLFactory",3,0.25,1.33,12,0.18,4892.75,5,2,3,9,7,112.82,46,21,5,1,123.18,0.00,0.00,0.33,1,5.00,2,531.48,0,2,3,java.lang.Object,0.00,6,0,4,0,6,1,0,7,117,2
"org.apache.jackrabbit.conversion.CachingNameResolver",4,0.00,1.50,20,0.19,4650.67,6,2,2,9,5,72.22,43,28,1,1,120.69,0.00,0.00,0.50,0,4.00,2,573.35,0,2,4,java.lang.Object,0.00,5,0,6,0,5,2,1,8,140,1
"org.apache.jackrabbit.conversion.CachingPathResolver",4,0.00,1.50,20,0.19,4648.32,6,2,2,9,6,76.57,44,27,1,1,120.70,0.00,0.00,0.50,0,4.00,2,580.76,0,2,5,java.lang.Object,0.00,5,0,6,0,5,2,1,8,141,1
"org.apache.jackrabbit.conversion.DefaultNamePathResolver",7,0.17,1.14,26,0.28,4957.47,10,3,8,18,29,130.73,3,35,15,1,130.73,0.00,0.00,0.19,0,19.00,2,827.49,0,4,14,java.lang.Object,0.00,11,0,8,1,11,3,1,1,198,1
"org.apache.jackrabbit.conversion.DummyNamespaceResolver",2,0.00,1.00,5,0.03,321.80,2,0,2,2,5,94.29,17,8,4,1,142.39,0.00,0.00,0.00,0,2.00,1,81.47,0,2,1,java.lang.Object,0.00,0,0,2,0,0,0,1,3,27,0
"org.apache.jackrabbit.conversion.GenerationalCache",5,0.16,2.40,39,0.45,16199.18,13,8,3,16,2,91.49,71,52,2,1,111.63,0.00,0.00,0.25,1,13.00,6,1347.19,0,1,0,java.lang.Object,0.00,11,0,12,0,11,4,0,14,285,0
"org.apache.jackrabbit.conversion.IllegalNameException",2,0.00,1.00,5,0.03,221.18,2,0,0,2,25,99.55,22,8,24,3,143.68,0.00,0.67,0.00,0,2.00,1,88.69,0,0,1,org.apache.jackrabbit.conversion.NameException,0.00,0,2,2,0,0,2,0,3,29,1
"org.apache.jackrabbit.conversion.MalformedPathException",2,0.00,1.00,5,0.03,221.18,2,0,0,2,42,95.20,21,8,41,3,143.68,0.00,0.67,0.00,0,2.00,1,88.69,0,0,1,org.apache.jackrabbit.conversion.NameException,0.00,0,2,2,0,0,2,0,3,29,1
"org.apache.jackrabbit.conversion.NameException",2,0.00,1.00,5,0.03,221.18,2,0,1,2,68,95.57,16,8,68,2,143.68,2.00,0.25,0.00,0,2.00,1,88.69,0,0,0,javax.jcr.RepositoryException,0.00,0,1,2,2,0,2,0,3,29,1
"org.apache.jackrabbit.conversion.NameParser",3,0.12,7.67,65,0.93,69672.46,7,4,5,13,12,66.69,43,80,6,1,86.83,0.00,0.00,0.33,1,4.00,19,2779.07,0,2,6,java.lang.Object,0.00,10,0,23,0,10,1,0,12,475,1
"org.apache.jackrabbit.conversion.NameParserTest",2,1.00,7.00,48,0.67,30305.98,6,4,7,14,10,126.03,4,53,1,2,86.15,0.00,0.50,0.75,0,0.00,9,2003.90,0,0,9,junit.framework.TestCase,0.00,12,1,14,0,12,2,0,2,350,1
"org.apache.jackrabbit.conversion.NamePathResolver",0,0.00,0.00,1,0.01,39.30,0,0,0,0,124,171.00,5,2,124,3,171.00,0.00,0.67,0.00,0,0.00,0,19.65,0,0,0,,0.00,0,2,0,0,0,0,0,1,7,1
"org.apache.jackrabbit.conversion.NameResolver",2,0.00,1.00,3,0.02,93.79,2,0,2,2,44,107.84,19,4,42,1,157.84,0.00,0.00,0.00,0,2.00,1,62.53,0,2,2,,0.00,0,0,2,0,0,0,0,3,22,1
"org.apache.jackrabbit.conversion.ParsingNameResolver",3,0.00,1.33,14,0.15,2984.06,5,2,4,8,16,80.74,34,19,10,1,124.87,0.00,0.00,0.50,0,1.00,2,438.87,0,2,6,java.lang.Object,0.00,5,0,4,0,5,1,1,7,105,1
"org.apache.jackrabbit.conversion.ParsingNameResolverTest",4,0.67,2.00,40,0.35,5630.86,5,1,4,13,7,76.52,25,52,1,2,108.74,0.00,0.50,0.50,2,4.00,3,1051.48,0,0,6,junit.framework.TestCase,0.00,9,1,8,0,9,4,0,6,237,1
"org.apache.jackrabbit.conversion.ParsingPathResolver",3,0.00,3.00,30,0.39,21861.03,5,2,3,14,15,58.90,35,35,8,1,103.03,0.00,0.00,0.50,0,1.00,7,1176.73,0,2,7,java.lang.Object,0.00,11,0,9,0,11,1,1,7,229,1
"org.apache.jackrabbit.conversion.ParsingPathResolverTest",4,0.67,2.00,62,0.48,6284.13,5,1,5,13,9,69.58,26,74,1,2,101.80,0.00,0.50,0.50,2,4.00,3,1449.97,0,0,8,junit.framework.TestCase,0.00,9,1,8,0,9,4,0,10,306,1
"org.apache.jackrabbit.conversion.PathParser",3,0.31,16.00,126,2.17,394788.95,11,8,6,20,10,87.63,56,175,2,1,69.50,0.00,0.00,0.33,1,4.00,44,6523.54,0,2,8,java.lang.Object,0.00,17,0,48,0,17,1,0,20,997,1
"org.apache.jackrabbit.conversion.PathParserTest",6,0.40,4.17,149,2.39,140394.11,11,5,10,32,13,134.78,11,147,1,2,84.78,0.00,0.50,0.53,0,0.00,9,7183.30,0,0,12,junit.framework.TestCase,0.00,26,1,25,0,26,6,0,9,1270,1
"org.apache.jackrabbit.conversion.PathResolver",2,0.00,1.00,3,0.02,100.83,2,0,2,2,32,107.59,19,4,29,1,157.59,0.00,0.00,0.00,0,2.00,1,67.22,0,2,3,,0.00,0,0,2,0,0,0,0,3,23,1
"org.apache.jackrabbit.conversion.TestAll",1,0.00,1.00,8,0.07,2228.14,1,0,4,3,5,62.47,10,10,0,2,110.95,0.00,0.50,0.00,0,1.00,1,223.66,0,1,5,junit.framework.TestCase,0.00,2,1,1,0,2,0,0,2,55,1
"org.apache.jackrabbit.webdav.ordering.OrderPatch",6,0.07,2.00,50,0.70,33985.01,9,3,12,28,15,59.12,61,61,7,1,107.60,0.00,0.00,0.28,0,10.00,5,2090.55,0,4,8,java.lang.Object,0.00,22,0,12,0,22,2,2,17,392,1
"org.apache.jackrabbit.webdav.ordering.OrderPatch$Member",4,0.00,1.00,15,0.12,1744.76,6,2,12,8,3,114.54,22,20,0,1,132.42,0.00,0.00,0.50,0,2.00,1,358.30,0,2,3,java.lang.Object,0.00,4,0,4,0,4,2,1,5,93,2
"org.apache.jackrabbit.webdav.ordering.OrderingConstants",0,0.00,0.00,18,0.33,7696.03,17,17,3,1,9,171.00,55,19,6,1,171.00,0.00,0.00,0.00,0,0.00,0,999.83,0,0,3,,0.00,1,0,0,0,1,0,0,13,180,1
"org.apache.jackrabbit.webdav.ordering.OrderingDavServletRequest",3,0.00,1.00,4,0.02,105.15,3,0,2,3,4,110.73,25,5,0,2,158.84,0.00,0.50,0.00,0,3.00,1,58.38,0,2,4,,0.00,0,1,3,0,0,1,0,4,23,1
"org.apache.jackrabbit.webdav.ordering.OrderingResource",2,2.00,1.00,5,0.04,328.22,4,2,2,2,5,94.22,17,6,2,2,142.33,0.00,0.50,0.00,0,2.00,1,114.15,0,0,3,,0.00,0,1,2,0,0,2,0,3,34,1
"org.apache.jackrabbit.webdav.ordering.OrderingType",2,0.00,1.50,5,0.04,429.68,2,0,1,2,3,97.19,22,8,1,3,141.31,0.00,0.67,0.00,0,2.00,2,120.69,0,0,2,org.apache.jackrabbit.webdav.property.HrefProperty,0.00,0,2,3,0,0,2,1,4,35,1
"org.apache.jackrabbit.webdav.ordering.Position",6,0.00,2.17,45,0.53,15671.80,10,4,9,20,11,68.26,66,60,7,1,112.39,0.00,0.00,0.25,0,14.00,3,1590.00,0,4,4,java.lang.Object,0.00,14,0,13,0,14,2,2,11,342,1
"org.apache.jackrabbit.rmi.jackrabbit.ClientJackrabbitNodeTypeManager",4,0.67,2.25,32,0.39,17356.89,5,1,13,14,7,108.48,0,46,1,2,108.48,0.00,0.50,0.50,1,6.00,4,1184.05,0,2,6,org.apache.jackrabbit.rmi.client.ClientNodeTypeManager,0.00,10,2,9,0,10,2,1,0,234,1
"org.apache.jackrabbit.rmi.jackrabbit.ClientJackrabbitWorkspace",3,0.50,2.33,23,0.29,9831.23,4,1,11,12,6,111.60,0,39,1,2,111.60,0.00,0.50,0.67,0,1.00,4,872.69,0,0,5,org.apache.jackrabbit.rmi.client.ClientWorkspace,0.00,9,2,7,0,9,3,1,0,176,1
"org.apache.jackrabbit.rmi.jackrabbit.JackrabbitClientAdapterFactory",2,0.00,2.00,11,0.10,2367.09,2,0,9,4,14,76.44,22,18,4,2,120.57,0.00,0.50,0.00,0,2.00,2,296.04,2,2,10,org.apache.jackrabbit.rmi.client.ClientAdapterFactory,0.00,2,1,4,0,2,0,0,3,72,1
"org.apache.jackrabbit.rmi.jackrabbit.JackrabbitServerAdapterFactory",2,0.00,2.00,11,0.10,2471.47,2,0,9,4,9,82.86,25,20,1,2,120.42,0.00,0.50,0.00,0,2.00,2,300.76,2,2,8,org.apache.jackrabbit.rmi.server.ServerAdapterFactory,0.00,2,1,4,0,2,0,0,3,72,1
"org.apache.jackrabbit.rmi.jackrabbit.RemoteJackrabbitNodeTypeManager",2,0.00,1.00,3,0.03,172.19,2,0,5,2,6,107.29,21,6,3,2,155.76,0.00,0.50,0.00,0,2.00,1,93.23,0,1,3,,0.00,0,1,2,0,0,1,0,3,29,1
"org.apache.jackrabbit.rmi.jackrabbit.RemoteJackrabbitWorkspace",1,0.00,1.00,2,0.02,122.23,1,0,4,1,5,99.21,11,4,3,2,143.33,0.00,0.50,0.00,0,1.00,1,61.11,0,0,2,,0.00,0,1,1,0,0,1,0,2,19,1
"org.apache.jackrabbit.rmi.jackrabbit.ServerJackrabbitNodeTypeManager",3,0.50,1.67,19,0.22,7631.61,4,1,10,8,6,115.04,0,27,1,3,115.04,0.00,0.67,0.67,0,1.00,3,654.88,0,1,5,org.apache.jackrabbit.rmi.server.ServerNodeTypeManager,0.00,5,3,5,0,5,2,1,0,139,1
"org.apache.jackrabbit.rmi.jackrabbit.ServerJackrabbitWorkspace",2,1.00,2.00,13,0.14,4072.78,3,1,8,5,5,115.76,0,23,1,3,115.76,0.00,0.67,0.50,0,2.00,3,408.64,1,0,4,org.apache.jackrabbit.rmi.server.ServerWorkspace,0.00,3,3,4,0,3,2,1,0,91,1
"org.apache.jackrabbit.test.api.nodetype.CanAddChildNodeCallWithNodeTypeTest",7,0.33,2.14,60,0.87,23722.08,9,2,7,22,4,77.12,47,97,1,4,109.34,0.00,0.75,0.79,0,0.00,3,2612.94,2,0,3,org.apache.jackrabbit.test.AbstractJCRTest,0.33,15,3,15,0,15,7,0,10,504,1
"org.apache.jackrabbit.test.api.nodetype.CanAddChildNodeCallWithoutNodeTypeTest",7,0.00,1.86,44,0.59,13441.39,8,1,6,17,4,83.75,44,79,1,4,115.98,0.00,0.75,1.00,0,0.00,2,1778.37,2,0,3,org.apache.jackrabbit.test.AbstractJCRTest,0.33,10,3,13,0,10,7,0,9,361,1
"org.apache.jackrabbit.test.api.nodetype.CanRemoveItemTest",8,0.00,1.88,47,0.61,13309.32,9,1,7,20,4,101.54,44,87,1,4,119.42,0.00,0.75,1.00,0,0.00,2,1835.95,2,0,3,org.apache.jackrabbit.test.AbstractJCRTest,0.32,12,3,15,0,12,8,0,10,379,1
"org.apache.jackrabbit.test.api.nodetype.CanSetPropertyBinaryTest",6,0.00,2.17,80,1.62,82450.87,7,1,9,17,4,78.81,35,144,1,4,96.68,0.00,0.75,1.00,0,0.00,3,4852.97,2,0,3,org.apache.jackrabbit.test.AbstractJCRTest,0.35,11,3,13,0,11,6,0,8,849,1
"org.apache.jackrabbit.test.api.nodetype.CanSetPropertyBooleanTest",6,0.00,2.17,80,1.64,83139.00,7,1,9,17,4,64.43,36,145,1,4,96.66,0.00,0.75,1.00,0,0.00,3,4915.18,2,0,3,org.apache.jackrabbit.test.AbstractJCRTest,0.35,11,3,13,0,11,6,0,8,856,1
"org.apache.jackrabbit.test.api.nodetype.CanSetPropertyDateTest",6,0.00,2.17,90,2.08,113322.74,7,1,9,20,4,61.06,37,174,1,4,93.28,0.00,0.75,1.00,0,0.00,3,6252.90,2,0,3,org.apache.jackrabbit.test.AbstractJCRTest,0.35,14,3,13,0,14,6,0,10,1044,1
"org.apache.jackrabbit.test.api.nodetype.CanSetPropertyDoubleTest",6,0.00,2.17,90,2.08,114764.27,7,1,9,20,4,75.36,35,174,1,4,93.23,0.00,0.75,1.00,0,0.00,3,6237.18,2,0,3,org.apache.jackrabbit.test.AbstractJCRTest,0.35,14,3,13,0,14,6,0,8,1044,1
"org.apache.jackrabbit.test.api.nodetype.CanSetPropertyLongTest",6,0.00,2.17,90,2.08,114482.65,7,1,9,20,4,75.37,35,174,1,4,93.24,0.00,0.75,1.00,0,0.00,3,6243.57,2,0,3,org.apache.jackrabbit.test.AbstractJCRTest,0.35,14,3,13,0,14,6,0,8,1044,1
"org.apache.jackrabbit.test.api.nodetype.CanSetPropertyMultipleTest",5,0.00,1.80,33,0.50,13717.34,6,1,7,17,4,82.54,31,57,1,4,114.76,0.00,0.75,1.00,0,0.00,2,1495.47,2,0,3,org.apache.jackrabbit.test.AbstractJCRTest,0.36,12,3,9,0,12,5,0,8,298,1
"org.apache.jackrabbit.test.api.nodetype.CanSetPropertyNameTest",6,0.00,2.17,95,2.22,119056.12,7,1,9,19,4,75.24,35,183,1,4,93.11,0.00,0.75,1.00,0,0.00,3,6656.69,2,0,3,org.apache.jackrabbit.test.AbstractJCRTest,0.35,13,3,13,0,13,6,0,8,1095,1
"org.apache.jackrabbit.test.api.nodetype.CanSetPropertyPathTest",6,0.00,2.17,92,2.09,112069.15,7,1,9,19,4,75.44,35,174,1,4,93.32,0.00,0.75,1.00,0,0.00,3,6255.42,2,0,3,org.apache.jackrabbit.test.AbstractJCRTest,0.35,13,3,13,0,13,6,0,8,1044,1
"org.apache.jackrabbit.test.api.nodetype.CanSetPropertyStringTest",6,0.00,2.17,80,1.64,80921.97,7,1,9,17,4,78.87,35,146,1,4,96.75,0.00,0.75,1.00,0,0.00,3,4910.22,2,0,3,org.apache.jackrabbit.test.AbstractJCRTest,0.35,11,3,13,0,11,6,0,8,853,1
"org.apache.jackrabbit.test.api.nodetype.CanSetPropertyTest",5,0.00,1.80,31,0.45,11053.51,6,1,7,17,4,83.28,31,55,1,4,115.50,0.00,0.75,1.00,0,0.00,2,1364.70,2,0,3,org.apache.jackrabbit.test.AbstractJCRTest,0.36,12,3,9,0,12,5,0,8,276,1
"org.apache.jackrabbit.test.api.nodetype.NodeDefTest",10,0.00,3.30,118,1.32,43721.79,13,3,11,37,3,60.92,76,147,1,4,103.21,0.00,0.75,0.33,3,6.00,5,3956.97,2,0,2,org.apache.jackrabbit.test.AbstractJCRTest,0.30,27,3,33,0,27,10,0,28,769,1
"org.apache.jackrabbit.test.api.nodetype.NodeTypeManagerTest",6,0.20,1.83,37,0.46,9720.37,8,2,7,27,2,84.34,37,61,1,4,116.56,0.00,0.75,0.67,0,0.00,3,1392.50,3,0,1,org.apache.jackrabbit.test.AbstractJCRTest,0.35,21,3,11,0,21,6,0,12,298,1
"org.apache.jackrabbit.test.api.nodetype.NodeTypeTest",14,0.05,3.50,165,1.93,64710.34,17,3,12,49,3,70.78,87,243,1,4,103.01,0.00,0.75,0.38,2,0.00,6,5787.59,3,2,2,org.apache.jackrabbit.test.AbstractJCRTest,0.26,35,3,49,0,35,12,0,26,1100,1
"org.apache.jackrabbit.test.api.nodetype.NodeTypeUtil",11,1.00,12.45,468,6.25,1339370.13,12,1,14,58,18,40.44,144,586,17,1,69.82,0.00,0.00,0.09,3,20.00,71,18759.95,0,10,1,java.lang.Object,0.00,47,0,137,0,47,1,0,63,2990,1
"org.apache.jackrabbit.test.api.nodetype.PredefinedNodeTypeTest",27,0.40,1.78,189,2.46,129253.25,29,2,20,89,3,110.60,108,240,1,4,110.36,0.00,0.75,0.11,5,103.00,7,7380.25,2,4,2,org.apache.jackrabbit.test.AbstractJCRTest,0.18,62,3,48,0,62,23,0,36,1357,1
"org.apache.jackrabbit.test.api.nodetype.PredefinedNodeTypeTest$Comparator",1,0.00,3.00,10,0.14,6990.64,1,0,20,4,0,103.17,0,12,0,1,103.17,0.00,0.00,0.00,0,1.00,3,416.66,0,0,0,java.lang.Object,0.00,3,0,3,0,3,1,0,0,92,0
"org.apache.jackrabbit.test.api.nodetype.PredefinedNodeTypeTest$Comparator_0",1,0.00,6.00,17,0.22,14237.38,1,0,20,5,0,91.98,0,21,0,1,91.98,0.00,0.00,0.00,0,1.00,6,668.69,0,0,0,java.lang.Object,0.00,4,0,6,0,4,1,0,0,140,0
"org.apache.jackrabbit.test.api.nodetype.PredefinedNodeTypeTest$Comparator_1",1,0.00,3.00,10,0.11,4798.70,1,0,20,4,0,104.46,0,12,0,1,104.46,0.00,0.00,0.00,0,1.00,3,338.12,0,0,0,java.lang.Object,0.00,3,0,3,0,3,1,0,0,76,0
"org.apache.jackrabbit.test.api.nodetype.PropertyDefTest",11,0.08,4.36,165,2.30,114286.81,19,8,16,46,4,45.16,104,237,1,4,95.16,0.00,0.75,0.19,3,1.00,16,6894.76,2,0,3,org.apache.jackrabbit.test.AbstractJCRTest,0.29,35,3,48,0,35,11,0,35,1231,1
"org.apache.jackrabbit.test.api.nodetype.TestAll",1,0.00,1.00,22,0.28,10800.80,1,0,3,3,20,51.60,12,24,2,2,89.16,0.00,0.50,0.00,0,1.00,1,827.66,0,1,18,junit.framework.TestCase,0.00,2,1,1,0,2,0,0,3,167,1
"org.apache.jackrabbit.webdav.util.HttpDateFormat",1,0.00,1.00,5,0.05,718.04,2,1,3,2,0,143.05,3,7,0,2,122.44,0.00,0.50,1.00,0,0.00,1,147.97,1,0,0,java.text.SimpleDateFormat,0.00,1,1,1,0,1,1,0,1,38,1
"org.apache.jackrabbit.core.state.AbstractPersistenceManager",0,0.00,0.00,1,0.02,289.36,0,0,0,0,2,171.00,5,4,0,2,171.00,0.00,0.50,0.00,0,0.00,0,72.34,0,0,2,org.apache.jackrabbit.core.persistence.AbstractPersistenceManager,0.00,0,1,0,0,0,0,1,1,19,2
"org.apache.jackrabbit.core.state.Cache",6,0.00,1.00,7,0.02,78.02,6,0,0,6,4,162.46,27,8,4,1,162.23,0.00,0.00,0.00,0,6.00,1,73.02,0,0,1,,0.00,0,0,6,0,0,6,0,7,33,1
"org.apache.jackrabbit.core.state.CacheAccessListener",2,1.00,1.00,4,0.02,168.81,3,1,0,2,3,112.38,13,5,3,1,144.60,0.00,0.00,0.00,0,2.00,1,65.02,0,0,1,,0.00,0,0,2,0,0,2,0,4,22,1
"org.apache.jackrabbit.core.state.CacheManager",13,0.00,2.00,113,1.42,138455.99,25,12,5,36,4,87.57,65,125,2,1,105.44,0.00,0.00,0.08,2,73.00,12,4264.53,0,0,2,java.lang.Object,0.00,23,0,26,0,23,13,1,34,773,1
"org.apache.jackrabbit.core.state.CacheManager$CacheInfo",7,0.03,1.00,25,0.16,2214.50,12,5,5,11,1,183.51,7,33,0,1,133.51,0.00,0.00,0.23,0,25.00,1,480.16,0,1,1,java.lang.Object,0.00,4,0,7,0,4,6,0,7,129,2
"org.apache.jackrabbit.core.state.ChangeLog",19,0.15,2.32,136,1.58,58647.78,23,4,4,55,46,69.51,135,183,39,1,111.80,0.00,0.00,0.39,2,10.00,7,4734.35,0,5,7,java.lang.Object,0.00,36,0,44,0,36,14,0,33,1056,1
"org.apache.jackrabbit.core.state.ChangeLogTest",4,0.00,1.75,44,0.61,16577.49,5,1,7,22,10,103.77,16,50,1,4,103.54,0.00,0.75,1.00,0,0.00,4,1821.48,1,0,9,org.apache.jackrabbit.test.AbstractJCRTest,0.19,18,3,7,0,18,4,0,4,348,1
"org.apache.jackrabbit.core.state.DefaultISMLocking",3,1.00,1.00,11,0.10,1364.09,4,1,4,7,4,89.98,22,17,1,1,132.27,0.00,0.00,0.00,0,3.00,1,295.58,0,0,3,java.lang.Object,0.00,4,0,3,0,4,3,1,6,74,1
"org.apache.jackrabbit.core.state.DefaultISMLocking$ReadLockImpl",2,1.00,1.00,7,0.05,722.82,3,1,4,4,0,183.06,3,10,0,1,133.06,0.00,0.00,0.50,0,2.00,1,156.14,0,0,0,java.lang.Object,0.00,2,0,2,0,2,2,1,1,45,3
"org.apache.jackrabbit.core.state.DefaultISMLocking$ReentrantWriterPreferenceReadWriteLock",1,0.00,1.00,3,0.03,351.34,1,0,4,2,0,133.39,4,6,0,1,133.16,0.00,0.00,0.00,0,0.00,1,82.23,0,0,0,java.lang.Object,0.00,1,0,1,0,1,1,0,1,23,0
"org.apache.jackrabbit.core.state.DefaultISMLocking$WriteLock",2,0.00,1.00,8,0.06,783.61,2,0,4,7,0,148.74,6,12,0,1,128.12,0.00,0.00,0.00,1,2.00,1,180.52,0,0,0,java.lang.Object,0.00,5,0,2,0,5,2,0,2,50,0
"org.apache.jackrabbit.core.state.FineGrainedISMLocking",5,0.19,3.20,73,0.73,23252.18,13,8,14,28,9,50.62,50,88,1,1,99.10,0.00,0.00,0.28,0,6.00,4,2195.06,0,1,8,java.lang.Object,0.00,23,0,16,0,23,4,1,24,434,1
"org.apache.jackrabbit.core.state.FineGrainedISMLocking$LockMap",5,0.25,3.80,63,0.63,23751.76,7,2,14,19,6,83.61,28,79,0,1,101.48,0.00,0.00,0.70,0,0.00,6,1904.23,0,0,6,java.lang.Object,0.00,14,0,19,0,14,5,0,6,383,3
"org.apache.jackrabbit.core.state.FineGrainedISMLocking$ReadLockImpl",3,1.00,2.00,21,0.14,2826.80,4,1,14,8,1,165.90,3,27,0,1,115.90,0.00,0.00,0.33,0,4.00,4,414.55,0,0,1,java.lang.Object,0.00,5,0,6,0,5,3,1,3,96,2
"org.apache.jackrabbit.core.state.FineGrainedISMLocking$WriteLockImpl",3,1.00,2.33,37,0.23,4596.59,4,1,14,8,1,155.47,5,45,0,1,105.47,0.00,0.00,0.00,0,1.00,3,690.32,0,0,1,java.lang.Object,0.00,5,0,7,0,5,3,1,5,150,2
"org.apache.jackrabbit.core.state.ISMLocking",2,0.00,1.00,5,0.03,160.65,2,0,1,2,5,153.90,35,7,3,1,144.77,0.00,0.00,0.00,0,2.00,1,88.08,0,1,2,,0.00,0,0,2,0,0,1,0,3,30,1
"org.apache.jackrabbit.core.state.ISMLocking$ReadLock",1,0.00,1.00,2,0.01,29.41,1,0,1,1,0,168.82,3,3,0,1,148.21,0.00,0.00,0.00,0,1.00,1,19.61,0,0,0,,0.00,0,0,1,0,0,1,0,1,9,1
"org.apache.jackrabbit.core.state.ISMLocking$WriteLock",2,0.00,1.00,3,0.01,68.72,2,0,1,2,0,126.68,12,4,0,1,158.90,0.00,0.00,0.00,0,2.00,1,39.26,0,1,0,,0.00,0,0,2,0,0,1,0,2,16,1
"org.apache.jackrabbit.core.state.ItemState",32,0.04,1.50,118,1.07,24450.67,46,14,8,45,49,112.53,189,180,47,1,130.40,0.00,0.00,0.11,4,374.00,3,3206.55,0,4,3,java.lang.Object,0.00,13,0,48,4,13,28,1,54,738,2
"org.apache.jackrabbit.core.state.ItemStateCache",11,0.00,1.00,12,0.05,140.55,11,0,3,11,7,130.07,70,13,5,1,162.29,0.00,0.00,0.00,0,11.00,1,135.55,0,2,2,,0.00,0,0,11,0,0,9,0,12,59,1
"org.apache.jackrabbit.core.state.ItemStateCacheFactory",1,0.00,1.00,2,0.01,23.00,1,0,0,1,10,100.94,8,3,9,1,149.05,0.00,0.00,0.00,0,1.00,1,18.00,0,0,1,,0.00,0,0,1,0,0,1,0,2,9,1
"org.apache.jackrabbit.core.state.ItemStateException",2,0.00,1.00,5,0.03,221.18,2,0,1,2,62,93.68,18,8,61,3,143.68,1.00,0.40,0.00,0,2.00,1,88.69,0,0,1,org.apache.jackrabbit.BaseException,0.00,0,2,2,2,0,2,0,3,29,1
"org.apache.jackrabbit.core.state.ItemStateListener",4,0.00,1.00,5,0.02,77.04,4,0,0,4,10,118.59,29,6,10,1,160.88,0.00,0.00,0.00,0,4.00,1,72.04,0,0,1,,0.00,0,0,4,0,0,4,0,5,29,1
"org.apache.jackrabbit.core.state.ItemStateManager",4,0.00,1.00,5,0.03,131.61,4,0,1,4,27,110.95,32,8,21,1,159.05,0.00,0.00,0.00,0,4.00,1,98.08,0,2,6,,0.00,0,0,4,0,0,2,0,5,35,1
"org.apache.jackrabbit.core.state.ItemStateMap",13,0.12,1.85,54,0.56,12373.54,15,2,11,34,6,145.56,47,78,2,1,124.95,0.00,0.00,0.38,3,0.00,10,1687.55,0,3,4,java.lang.Object,0.00,21,0,24,1,21,10,2,17,383,1
"org.apache.jackrabbit.core.state.ItemStateReferenceCache",14,0.10,1.07,43,0.36,5051.08,17,3,8,39,8,100.83,92,59,2,1,133.05,0.00,0.00,0.43,0,0.00,2,1071.43,0,2,6,java.lang.Object,0.00,25,0,15,0,25,12,2,34,284,1
"org.apache.jackrabbit.core.state.ItemStateReferenceMap",1,0.00,1.00,3,0.02,263.49,1,0,1,2,2,90.01,11,5,1,2,134.14,0.00,0.50,0.00,0,1.00,1,70.86,0,0,1,org.apache.jackrabbit.core.state.ItemStateMap,0.00,1,1,1,0,1,1,0,2,22,1
"org.apache.jackrabbit.core.state.ItemStateStore",9,0.00,1.00,10,0.04,117.04,9,0,3,9,4,119.94,63,11,2,1,162.23,0.00,0.00,0.00,0,9.00,1,112.04,0,2,2,,0.00,0,0,9,0,0,7,0,10,49,1
"org.apache.jackrabbit.core.state.LocalItemStateManager",27,0.15,2.15,169,1.75,44223.96,33,6,6,79,27,74.19,200,242,6,1,116.49,0.00,0.00,0.31,1,0.00,5,5253.41,0,3,21,java.lang.Object,0.00,52,0,58,1,52,24,2,72,1146,1
"org.apache.jackrabbit.core.state.MLRUItemStateCache",21,0.06,1.52,111,1.02,24620.75,29,8,9,46,6,120.90,89,159,1,1,120.66,0.00,0.00,0.18,3,0.00,3,3060.90,0,3,5,java.lang.Object,0.00,25,0,32,0,25,18,2,32,686,1
"org.apache.jackrabbit.core.state.MLRUItemStateCache$Entry",2,0.00,1.00,8,0.06,829.00,4,2,9,3,1,127.93,0,11,0,1,127.93,0.00,0.00,0.50,0,2.00,1,194.73,0,0,1,java.lang.Object,0.00,1,0,2,0,1,2,0,0,53,2
"org.apache.jackrabbit.core.state.ManagedMLRUItemStateCacheFactory",2,1.00,1.00,9,0.06,1012.34,3,1,0,5,4,84.95,14,12,0,1,127.25,0.00,0.00,0.50,0,2.00,1,181.89,0,1,4,java.lang.Object,0.00,3,0,2,0,3,1,1,4,50,1
"org.apache.jackrabbit.core.state.NoSuchItemStateException",2,0.00,1.00,5,0.03,221.18,2,0,0,2,32,93.68,18,8,31,4,143.68,0.00,0.75,0.00,0,2.00,1,88.69,0,0,1,org.apache.jackrabbit.core.state.ItemStateException,0.00,0,3,2,0,0,2,0,3,29,1
"org.apache.jackrabbit.core.state.NodeReferences",9,0.08,1.00,22,0.16,1947.28,12,3,6,17,36,109.16,56,32,33,1,141.38,0.00,0.00,0.26,0,14.00,1,481.53,0,3,3,java.lang.Object,0.00,8,0,9,0,8,6,1,13,135,1
"org.apache.jackrabbit.core.state.NodeReferencesId",7,0.17,1.57,25,0.21,4376.54,9,2,3,15,29,88.79,51,37,27,1,131.08,0.00,0.00,0.36,0,0.00,3,643.61,0,3,2,java.lang.Object,0.00,8,0,11,0,8,4,1,10,163,1
"org.apache.jackrabbit.core.state.NodeState",47,0.02,1.94,270,2.74,130047.34,58,11,21,87,77,69.56,391,357,70,2,117.67,1.00,0.33,0.11,3,765.00,15,8214.07,3,15,8,org.apache.jackrabbit.core.state.ItemState,0.13,40,1,91,1,40,32,0,91,1775,1
"org.apache.jackrabbit.core.state.NodeState$ChildNodeEntries",38,0.18,2.13,234,2.50,106842.82,40,2,21,103,3,154.52,94,307,0,1,114.64,0.00,0.00,0.33,6,126.00,9,7510.29,0,13,3,java.lang.Object,0.00,65,0,81,0,65,25,3,48,1594,2
"org.apache.jackrabbit.core.state.NodeState$ChildNodeEntries$ChildNodeEntry",7,0.25,1.86,39,0.36,10784.59,11,4,21,13,1,119.68,3,54,0,1,119.68,0.00,0.00,0.46,0,0.00,4,1071.94,0,3,1,java.lang.Object,0.00,6,0,13,0,6,4,0,3,251,3
"org.apache.jackrabbit.core.state.NodeState$ChildNodeEntries$EntriesIterator",10,0.33,1.00,24,0.16,1743.43,11,1,21,17,0,142.12,0,35,0,1,142.12,0.00,0.00,0.70,0,0.00,1,488.46,0,2,0,java.lang.Object,0.00,7,0,10,0,7,8,1,0,143,0
"org.apache.jackrabbit.core.state.NodeStateIterator",1,0.00,1.00,2,0.01,59.45,1,0,2,1,5,95.80,9,3,4,2,145.80,0.00,0.50,0.00,0,1.00,1,33.60,0,0,1,,0.00,0,1,1,0,0,1,0,2,13,1
"org.apache.jackrabbit.core.state.NodeStateListener",4,0.00,1.00,5,0.05,153.25,4,0,2,4,6,110.43,35,7,4,2,158.53,0.00,0.50,0.00,0,4.00,1,135.15,0,0,3,,0.00,0,1,4,0,0,4,0,5,43,1
"org.apache.jackrabbit.core.state.NodeStateMerger",1,0.00,23.00,83,1.26,138085.71,1,0,6,31,6,47.48,62,99,2,1,58.22,0.00,0.00,0.00,0,1.00,23,3769.44,0,0,4,java.lang.Object,0.00,30,0,23,0,30,1,0,33,617,0
"org.apache.jackrabbit.core.state.NodeStateMerger$MergeContext",2,0.00,1.00,3,0.01,46.02,2,0,6,2,1,160.28,0,4,0,1,160.28,0.00,0.00,0.00,0,2.00,1,41.02,0,0,1,,0.00,0,0,2,0,0,2,0,0,17,1
"org.apache.jackrabbit.core.state.PMContext",1,0.00,1.00,3,0.05,459.29,1,0,6,1,5,114.37,5,6,0,2,132.24,0.00,0.50,0.00,0,1.00,1,159.60,0,0,5,org.apache.jackrabbit.core.persistence.PMContext,0.00,0,1,1,0,0,1,0,1,41,1
"org.apache.jackrabbit.core.state.PersistenceManager",0,0.00,0.00,1,0.02,161.44,0,0,0,0,2,171.00,5,3,2,2,171.00,0.00,0.50,0.00,0,0.00,0,55.35,0,0,0,,0.00,0,1,0,0,0,0,0,1,16,1
"org.apache.jackrabbit.core.state.PropertyState",20,0.06,1.50,108,1.15,50427.80,27,7,15,51,51,85.82,130,139,43,2,118.05,1.00,0.33,0.20,0,78.00,7,3459.48,1,7,8,org.apache.jackrabbit.core.state.ItemState,0.19,31,1,30,1,31,13,0,36,691,1
"org.apache.jackrabbit.core.state.PropertyState$InputStream",4,0.33,2.25,25,0.24,11423.11,5,1,15,6,0,164.57,4,34,0,1,114.57,0.00,0.00,0.75,0,0.00,3,714.93,0,0,0,java.lang.Object,0.00,2,0,9,0,2,4,0,4,161,0
"org.apache.jackrabbit.core.state.SessionItemStateManager",46,0.07,2.04,288,3.40,144546.86,53,7,22,131,28,66.16,373,409,2,1,114.27,0.00,0.00,0.21,6,382.00,11,10203.74,0,9,26,java.lang.Object,0.00,85,0,94,0,85,37,3,123,2093,1
"org.apache.jackrabbit.core.state.SessionItemStateManager$AtticItemStateManager",4,0.00,1.25,13,0.11,2329.66,4,0,22,7,7,151.99,14,21,0,1,131.38,0.00,0.00,0.00,0,4.00,2,338.65,0,2,7,java.lang.Object,0.00,3,0,5,0,3,2,1,6,85,1
"org.apache.jackrabbit.core.state.SessionItemStateManager$NodeStateMerger.MergeContext",2,0.00,1.00,6,0.07,1105.11,2,0,22,3,2,131.61,0,9,0,1,131.61,0.00,0.00,0.00,0,2.00,1,197.47,0,0,2,java.lang.Object,0.00,1,0,2,0,1,2,0,0,50,0
"org.apache.jackrabbit.core.state.SharedItemStateManager",34,0.01,3.47,414,5.28,316552.02,44,10,33,151,46,55.08,407,554,10,1,99.20,0.00,0.00,0.11,12,478.00,21,15852.05,0,5,37,java.lang.Object,0.00,117,0,118,1,117,29,3,131,2945,1
"org.apache.jackrabbit.core.state.SharedItemStateManager$Update",8,0.16,5.50,174,2.11,142380.42,16,8,33,47,13,43.69,94,203,0,1,87.82,0.00,0.00,0.27,1,18.00,19,6334.39,0,3,13,java.lang.Object,0.00,39,0,44,0,39,5,1,38,1050,0
"org.apache.jackrabbit.core.state.SharedItemStateManager$Update$NodeStateMerger.MergeContext",2,0.00,1.50,8,0.08,1657.10,2,0,33,3,3,125.47,0,13,0,1,125.47,0.00,0.00,0.00,0,0.00,2,253.72,0,0,3,java.lang.Object,0.00,1,0,3,0,1,2,0,0,60,0
"org.apache.jackrabbit.core.state.StaleItemStateException",2,0.00,1.00,5,0.03,221.18,2,0,0,2,9,93.68,19,8,8,4,143.68,0.00,0.75,0.00,0,2.00,1,88.69,0,0,1,org.apache.jackrabbit.core.state.ItemStateException,0.00,0,3,2,0,0,2,0,3,29,1
"org.apache.jackrabbit.core.state.StateChangeDispatcher",10,0.11,2.00,45,0.55,8465.26,12,2,5,24,9,107.46,56,66,3,1,125.33,0.00,0.00,0.60,0,0.00,2,1640.60,0,0,6,java.lang.Object,0.00,14,0,20,0,14,10,0,13,383,1
"org.apache.jackrabbit.core.state.TestAll",1,0.00,1.00,5,0.04,864.35,1,0,3,3,1,73.32,10,7,0,2,121.80,0.00,0.50,0.00,0,1.00,1,115.51,0,1,1,junit.framework.TestCase,0.00,2,1,1,0,2,0,0,2,31,1
"org.apache.jackrabbit.core.state.UpdatableItemStateManager",9,0.00,1.00,10,0.07,333.40,9,0,3,9,11,110.54,76,15,4,2,158.65,0.00,0.50,0.00,0,9.00,1,216.38,0,2,7,,0.00,0,1,9,0,0,7,0,10,74,1
"org.apache.jackrabbit.core.state.XAItemStateManager",18,0.03,3.44,173,2.08,127597.59,24,6,15,52,23,72.58,125,231,3,2,104.80,0.00,0.50,0.19,5,118.00,15,6254.56,5,1,20,org.apache.jackrabbit.core.state.LocalItemStateManager,0.00,34,1,62,0,34,17,1,27,1242,1
"org.apache.jackrabbit.core.persistence.xml.XMLPersistenceManager",24,0.12,4.58,469,7.89,434126.26,55,31,44,157,27,57.20,167,638,0,2,89.42,1.00,0.33,0.15,5,0.00,13,23656.57,1,8,27,org.apache.jackrabbit.core.persistence.AbstractPersistenceManager,0.00,133,1,110,1,133,16,0,101,3843,1
"org.apache.jackrabbit.rmi.client.BrokenRemoteRepository",9,0.38,1.00,20,0.14,1329.56,10,1,4,10,3,100.40,65,31,1,1,142.69,0.00,0.00,0.67,0,0.00,1,406.69,0,6,2,java.lang.Object,0.00,1,0,9,0,1,3,1,12,118,1
"org.apache.jackrabbit.rmi.client.ClientAdapterFactory",26,0.00,1.04,56,0.53,6442.54,26,0,54,53,53,123.04,139,92,2,1,140.91,0.00,0.00,0.00,0,26.00,2,1600.95,0,26,51,java.lang.Object,0.00,27,0,27,1,27,0,1,27,429,1
"org.apache.jackrabbit.rmi.client.ClientItem",15,0.14,1.87,61,0.54,10599.67,17,2,7,31,8,126.20,64,99,3,1,125.96,0.00,0.00,0.37,3,0.00,4,1605.61,2,5,5,org.apache.jackrabbit.rmi.client.ClientObject,0.00,16,1,28,4,16,10,1,18,391,1
"org.apache.jackrabbit.rmi.client.ClientItemDefinition",7,0.17,2.00,33,0.27,5776.31,8,1,5,15,8,146.03,26,54,3,1,125.42,0.00,0.00,0.86,0,0.00,3,802.19,1,2,5,org.apache.jackrabbit.rmi.client.ClientObject,0.00,8,1,14,2,8,5,1,9,196,1
"org.apache.jackrabbit.rmi.client.ClientLock",8,0.07,1.75,32,0.25,4610.01,10,2,5,16,4,147.29,28,53,1,1,126.67,0.00,0.00,0.44,0,0.00,2,747.66,0,3,3,java.lang.Object,0.00,8,0,14,0,8,5,1,11,191,1
"org.apache.jackrabbit.rmi.client.ClientNamespaceRegistry",7,0.17,1.86,29,0.28,6048.57,8,1,4,14,5,145.89,23,52,1,1,125.27,0.00,0.00,0.86,0,0.00,2,841.90,0,4,4,org.apache.jackrabbit.rmi.client.ClientObject,0.00,7,1,13,0,7,3,1,9,202,1
"org.apache.jackrabbit.rmi.client.ClientNode",60,0.22,1.93,261,3.07,75411.04,61,1,21,115,10,173.98,86,444,3,2,123.98,2.00,0.25,0.78,2,0.00,3,9208.95,4,35,7,org.apache.jackrabbit.rmi.client.ClientItem,0.02,55,2,116,2,55,25,1,62,2060,1
"org.apache.jackrabbit.rmi.client.ClientNodeDefinition",4,0.33,2.00,21,0.18,4058.46,5,1,5,9,6,121.33,19,33,1,2,121.09,0.00,0.50,0.75,0,0.00,3,534.47,2,2,5,org.apache.jackrabbit.rmi.client.ClientItemDefinition,0.00,5,2,8,0,5,2,1,6,128,1
"org.apache.jackrabbit.rmi.client.ClientNodeType",19,0.17,2.05,92,0.87,24024.84,20,1,9,38,8,163.84,54,143,1,1,123.95,0.00,0.00,0.84,2,0.00,3,2616.03,1,10,7,org.apache.jackrabbit.rmi.client.ClientObject,0.00,19,1,39,0,19,9,1,23,607,1
"org.apache.jackrabbit.rmi.client.ClientNodeTypeManager",5,0.25,1.80,21,0.22,4300.41,6,1,6,12,5,125.53,21,37,1,1,125.30,0.00,0.00,0.80,0,0.00,2,664.49,1,4,4,org.apache.jackrabbit.rmi.client.ClientObject,0.00,7,1,9,1,7,1,1,7,158,1
"org.apache.jackrabbit.rmi.client.ClientObject",5,0.25,2.20,31,0.28,9762.21,6,1,10,11,20,71.75,55,38,13,1,115.88,0.00,0.00,0.80,1,0.00,3,840.77,0,4,7,java.lang.Object,0.00,6,0,11,28,6,1,0,8,196,1
"org.apache.jackrabbit.rmi.client.ClientObservationManager",5,0.08,1.60,25,0.28,6185.99,8,3,9,15,6,72.36,40,43,1,1,120.47,0.00,0.00,0.40,1,1.00,2,844.74,0,2,5,org.apache.jackrabbit.rmi.client.ClientObject,0.00,10,1,8,0,10,3,1,10,190,1
"org.apache.jackrabbit.rmi.client.ClientProperty",25,0.71,1.64,96,0.96,22749.91,26,1,12,46,6,130.02,123,145,1,2,129.79,0.00,0.50,0.32,3,97.00,3,2872.28,2,7,5,org.apache.jackrabbit.rmi.client.ClientItem,0.00,21,2,41,0,21,18,1,27,686,1
"org.apache.jackrabbit.rmi.client.ClientPropertyDefinition",5,0.25,1.80,21,0.17,3273.31,6,1,4,10,5,126.47,20,36,1,2,126.23,0.00,0.50,0.80,0,0.00,2,513.29,0,2,4,org.apache.jackrabbit.rmi.client.ClientItemDefinition,0.00,5,2,9,0,5,3,1,7,130,1
"org.apache.jackrabbit.rmi.client.ClientQuery",6,0.10,1.83,27,0.25,4721.00,8,2,7,14,6,146.21,23,45,1,1,125.60,0.00,0.00,0.58,0,0.00,2,753.79,2,5,5,org.apache.jackrabbit.rmi.client.ClientObject,0.00,8,1,11,0,8,1,1,9,182,1
"org.apache.jackrabbit.rmi.client.ClientQueryManager",4,0.17,1.75,21,0.23,4995.83,6,2,8,11,7,102.54,21,35,1,1,120.41,0.00,0.00,0.62,0,0.00,2,691.38,1,3,6,org.apache.jackrabbit.rmi.client.ClientObject,0.00,7,1,7,0,7,1,1,8,157,1
"org.apache.jackrabbit.rmi.client.ClientQueryResult",4,0.00,1.75,19,0.19,3460.84,6,2,7,10,5,107.41,21,32,1,1,125.28,0.00,0.00,0.50,0,0.00,2,559.34,1,3,4,org.apache.jackrabbit.rmi.client.ClientObject,0.00,6,1,7,0,6,1,1,7,134,1
"org.apache.jackrabbit.rmi.client.ClientRepository",7,0.17,1.86,33,0.36,7866.13,8,1,7,13,7,144.99,22,55,1,1,124.38,0.00,0.00,0.86,0,0.00,2,1078.16,1,6,6,org.apache.jackrabbit.rmi.client.ClientObject,0.00,6,1,13,0,6,1,1,9,243,1
"org.apache.jackrabbit.rmi.client.ClientRepositoryFactory",4,0.50,1.75,18,0.19,4674.34,6,2,12,9,6,86.69,50,30,2,1,124.26,0.00,0.00,0.12,1,6.00,4,574.76,0,2,4,java.lang.Object,0.00,5,0,7,0,5,2,1,7,129,1
"org.apache.jackrabbit.rmi.client.ClientRepositoryFactory$SafeClientRepository",1,0.00,4.00,7,0.10,3232.39,1,0,12,3,1,111.52,0,13,0,1,111.52,0.00,0.00,0.00,0,1.00,4,290.24,0,1,1,java.lang.Object,0.00,2,0,4,0,2,0,0,0,65,0
"org.apache.jackrabbit.rmi.client.ClientRow",3,0.50,1.67,12,0.11,2092.92,4,1,5,6,3,108.16,16,20,1,1,126.03,0.00,0.00,0.67,0,1.00,2,316.43,0,2,2,java.lang.Object,0.00,3,0,5,0,3,1,1,5,79,1
"org.apache.jackrabbit.rmi.client.ClientSession",32,0.01,2.16,158,1.82,45736.65,36,4,28,75,9,144.13,104,273,2,1,123.52,0.00,0.00,0.26,1,0.00,5,5471.50,2,15,7,org.apache.jackrabbit.rmi.client.ClientObject,0.00,43,1,69,1,43,17,1,39,1182,1
"org.apache.jackrabbit.rmi.client.ClientVersion",6,0.40,2.00,32,0.32,9448.27,7,1,7,13,5,101.72,32,47,1,3,119.59,0.00,0.67,0.67,1,0.00,3,963.49,2,5,4,org.apache.jackrabbit.rmi.client.ClientNode,0.00,7,3,12,0,7,1,1,9,220,1
"org.apache.jackrabbit.rmi.client.ClientVersionHistory",13,0.08,1.92,55,0.62,13113.42,14,1,9,27,5,164.62,31,102,1,3,124.74,0.00,0.67,0.92,0,0.00,2,1871.35,2,7,4,org.apache.jackrabbit.rmi.client.ClientNode,0.00,14,3,25,0,14,6,1,17,427,1
"org.apache.jackrabbit.rmi.client.ClientWorkspace",15,0.02,1.87,70,0.77,19551.70,18,3,19,36,10,163.75,44,119,1,1,123.87,0.00,0.00,0.31,0,0.00,3,2298.12,1,8,9,org.apache.jackrabbit.rmi.client.ClientObject,0.00,21,1,28,1,21,7,1,20,514,1
"org.apache.jackrabbit.rmi.client.ClientXAResource",12,0.18,1.75,46,0.45,8570.51,13,1,5,23,3,180.60,17,78,2,1,130.60,0.00,0.00,0.83,1,0.00,2,1343.74,0,2,1,java.lang.Object,0.00,11,0,21,0,11,10,1,4,324,1
"org.apache.jackrabbit.rmi.client.ClientXASession",2,1.00,1.50,9,0.08,1410.91,3,1,5,5,6,83.73,14,16,1,2,126.02,0.00,0.50,0.50,0,2.00,2,251.09,1,1,5,org.apache.jackrabbit.rmi.client.ClientSession,0.00,3,2,3,0,3,1,1,3,64,1
"org.apache.jackrabbit.rmi.client.LocalAdapterFactory",26,0.00,1.00,27,0.18,545.61,26,0,48,26,62,118.30,206,29,40,1,160.59,0.00,0.00,0.00,0,26.00,1,540.61,0,26,22,,0.00,0,0,26,0,0,0,0,27,191,1
"org.apache.jackrabbit.rmi.client.RemoteRepositoryException",1,0.00,1.00,3,0.02,106.02,1,0,2,1,19,107.87,13,5,19,2,137.25,0.00,0.50,0.00,0,1.00,1,45.51,0,0,0,javax.jcr.RepositoryException,0.00,0,1,1,0,0,1,0,2,16,1
"org.apache.jackrabbit.rmi.client.RemoteRuntimeException",1,0.00,1.00,3,0.02,106.02,1,0,1,1,14,107.87,13,5,14,2,137.25,0.00,0.50,0.00,0,1.00,1,45.51,0,0,0,java.lang.RuntimeException,0.00,0,1,1,0,0,1,0,2,16,1
"org.apache.jackrabbit.rmi.client.SafeClientRepository",9,0.62,1.78,41,0.41,11205.73,10,1,7,16,8,144.65,31,69,1,1,124.04,0.00,0.00,0.44,2,13.00,3,1224.74,1,8,7,org.apache.jackrabbit.rmi.client.ClientObject,0.00,7,1,16,0,7,1,1,10,287,2
"org.apache.jackrabbit.webdav.jcr.version.VersionHistoryItemCollection",5,1.00,2.60,42,0.62,15800.22,6,1,21,31,15,61.43,42,65,1,4,109.53,0.00,0.75,0.20,0,2.00,4,1847.72,6,2,14,org.apache.jackrabbit.webdav.jcr.DefaultItemCollection,0.08,26,3,13,0,26,3,1,13,369,1
"org.apache.jackrabbit.webdav.jcr.version.VersionItemCollection",7,1.00,3.00,62,0.96,28694.33,8,1,29,46,19,60.51,61,89,1,4,108.61,0.00,0.75,0.14,1,15.00,6,2876.57,6,3,18,org.apache.jackrabbit.webdav.jcr.DefaultItemCollection,0.12,39,3,21,0,39,4,1,20,533,1
"org.apache.jackrabbit.jcr.NodeIteratorImpl",10,0.10,1.80,65,0.60,15875.40,19,9,12,25,7,66.63,96,86,1,1,116.63,0.00,0.00,0.20,2,26.00,4,1790.98,0,2,6,java.lang.Object,0.00,15,0,18,0,15,8,1,28,384,1
"org.apache.jackrabbit.jcr.QueryImpl",7,0.20,1.86,62,0.93,29389.59,16,9,21,33,11,60.16,75,89,1,1,108.64,0.00,0.00,0.29,0,0.00,4,2780.50,0,5,10,java.lang.Object,0.00,26,0,13,0,26,2,1,18,528,1
"org.apache.jackrabbit.jcr.QueryManagerImpl",5,0.38,1.20,27,0.28,4325.27,11,6,11,9,7,71.76,48,41,1,1,121.76,0.00,0.00,0.47,1,0.00,2,830.42,0,3,6,java.lang.Object,0.00,4,0,6,0,4,2,1,13,192,1
"org.apache.jackrabbit.jcr.QueryResultImpl",5,0.12,1.20,28,0.28,6255.15,11,6,12,10,9,72.39,44,34,1,1,120.49,0.00,0.00,0.27,1,2.00,2,828.36,0,4,8,java.lang.Object,0.00,5,0,6,0,5,1,1,12,191,0
"org.apache.jackrabbit.jcr.QueryTest",2,0.00,2.50,30,0.41,15712.87,2,0,7,16,2,116.86,6,31,1,5,96.24,0.00,0.80,0.00,0,0.00,3,1222.97,1,0,1,org.apache.jackrabbit.test.api.query.AbstractQueryTest,0.00,14,4,5,0,14,2,0,2,223,1
"org.apache.jackrabbit.jcr.RowIteratorImpl",8,0.11,1.00,25,0.22,2620.11,12,4,17,17,7,84.92,83,34,1,1,133.40,0.00,0.00,0.16,1,0.00,1,658.35,0,2,6,java.lang.Object,0.00,9,0,8,0,9,6,1,17,170,0
"org.apache.jackrabbit.jcr.RowIteratorImpl$RowImpl",3,0.17,3.67,40,0.48,23176.76,6,3,17,14,5,78.39,43,48,0,1,98.53,0.00,0.00,0.44,1,1.00,6,1429.86,0,2,5,java.lang.Object,0.00,11,0,11,0,11,1,1,10,273,0
"org.apache.jackrabbit.jcr.ScoreNodeIterator",1,0.00,1.00,2,0.01,48.43,1,0,1,1,2,117.12,13,3,2,2,146.50,0.00,0.50,0.00,0,1.00,1,27.12,0,0,0,,0.00,0,1,1,0,0,1,0,2,11,1
"org.apache.jackrabbit.jcr.TestAll",1,0.00,1.00,5,0.04,864.35,1,0,3,3,1,142.42,3,7,0,2,121.80,0.00,0.50,0.00,0,1.00,1,115.51,0,1,1,junit.framework.TestCase,0.00,2,1,1,0,2,0,0,1,31,1
"org.apache.jackrabbit.core.fs.mem.MemoryFile",3,1.00,1.00,8,0.06,741.03,4,1,0,3,2,140.93,0,12,1,2,140.93,0.00,0.50,0.33,0,4.00,1,167.44,0,0,1,org.apache.jackrabbit.core.fs.mem.MemoryFileSystemEntry,0.29,0,1,3,0,0,3,0,0,48,1
"org.apache.jackrabbit.core.fs.mem.MemoryFileSystem",27,0.73,1.89,151,1.76,56326.63,28,1,14,63,7,118.64,1,201,1,1,118.64,0.00,0.00,0.30,10,115.00,6,5287.69,0,9,6,java.lang.Object,0.00,36,0,51,0,36,18,1,1,1118,1
"org.apache.jackrabbit.core.fs.mem.MemoryFileSystem$ByteArrayOutputStream",1,0.00,1.00,4,0.03,354.66,1,0,14,4,0,128.46,0,5,0,1,128.46,0.00,0.00,0.00,0,1.00,1,99.38,0,0,0,java.lang.Object,0.00,3,0,1,0,3,1,0,0,28,0
"org.apache.jackrabbit.core.fs.mem.MemoryFileSystemEntry",4,0.67,1.00,9,0.05,446.31,5,1,0,5,3,143.65,0,13,3,1,143.65,0.00,0.00,0.50,0,4.00,1,157.94,0,0,0,java.lang.Object,0.00,1,0,4,2,1,4,0,0,49,2
"org.apache.jackrabbit.core.fs.mem.MemoryFileSystemTest",1,0.00,1.00,3,0.02,126.12,1,0,2,2,3,136.66,0,5,0,3,136.66,0.00,0.67,0.00,0,1.00,1,47.21,0,1,3,org.apache.jackrabbit.core.fs.AbstractFileSystemTest,0.43,1,2,1,0,1,0,0,0,16,1
"org.apache.jackrabbit.core.fs.mem.MemoryFolder",1,0.00,1.00,3,0.01,91.02,1,0,0,1,2,137.77,0,5,1,2,137.77,0.00,0.50,0.00,0,1.00,1,39.51,0,0,1,org.apache.jackrabbit.core.fs.mem.MemoryFileSystemEntry,0.40,0,1,1,0,0,1,0,0,14,1
"org.apache.jackrabbit.core.jndi.provider.DummyContext",34,0.42,1.41,121,1.23,26112.70,36,2,17,57,2,151.02,113,169,2,2,130.40,0.00,0.50,0.09,14,198.00,3,3702.92,1,21,0,java.util.Hashtable,0.00,23,1,48,0,23,13,2,39,879,0
"org.apache.jackrabbit.core.jndi.provider.DummyContext$BindingEnum",2,0.00,1.00,6,0.05,692.27,2,0,17,5,0,133.21,0,9,0,2,133.21,0.00,0.50,0.00,0,2.00,1,143.20,0,1,0,org.apache.jackrabbit.core.jndi.provider.NamingEnum,0.00,3,1,2,0,3,1,0,0,41,0
"org.apache.jackrabbit.core.jndi.provider.DummyContext$FlatNameParser",1,0.00,1.00,7,0.06,832.71,2,1,17,3,0,137.09,3,10,0,1,116.48,0.00,0.00,1.00,0,0.00,1,180.99,0,1,0,java.lang.Object,0.00,2,0,1,0,2,0,1,1,49,1
"org.apache.jackrabbit.core.jndi.provider.DummyContext$NamingEnum",6,0.20,1.00,17,0.13,1732.88,8,2,17,13,0,140.39,0,24,0,1,140.39,0.00,0.00,0.33,2,6.00,1,398.94,0,2,0,java.lang.Object,0.00,7,0,6,0,7,4,1,0,110,0
"org.apache.jackrabbit.core.jndi.provider.DummyInitialContextFactory",1,0.00,3.00,12,0.15,6408.85,2,1,5,7,3,50.52,9,17,2,1,100.51,0.00,0.00,1.00,0,0.00,3,443.66,0,1,1,java.lang.Object,0.00,6,0,3,0,6,0,1,3,94,1
"org.apache.jackrabbit.core.journal.AbstractJournal",19,0.04,1.68,101,1.08,29835.47,26,7,11,47,13,87.42,127,149,4,1,119.64,0.00,0.00,0.11,6,167.00,6,3246.81,0,3,11,java.lang.Object,0.00,28,0,32,3,28,16,1,30,691,2
"org.apache.jackrabbit.core.journal.AbstractRecord",14,0.02,2.36,108,1.21,37284.77,19,5,21,51,20,112.54,63,148,2,1,112.30,0.00,0.00,0.19,4,54.00,4,3635.53,0,6,18,java.lang.Object,0.00,37,0,33,2,37,8,1,20,756,2
"org.apache.jackrabbit.core.journal.AppendRecord",24,0.03,1.92,148,1.44,36375.63,37,13,11,55,6,117.01,105,214,4,2,116.78,0.00,0.50,0.11,5,120.00,6,4328.47,0,4,3,org.apache.jackrabbit.core.journal.AbstractRecord,0.00,31,1,46,0,31,20,0,32,912,1
"org.apache.jackrabbit.core.journal.DatabaseJournal",38,0.03,2.16,263,2.77,88238.32,62,24,15,87,9,83.07,252,382,3,2,115.29,1.00,0.33,0.07,10,742.00,6,8317.44,1,10,7,org.apache.jackrabbit.core.journal.AbstractJournal,0.11,49,1,82,1,49,28,0,58,1688,1
"org.apache.jackrabbit.core.journal.DatabaseRecordIterator",6,0.23,2.33,51,0.50,10793.95,13,7,9,19,7,63.38,50,69,1,1,111.49,0.00,0.00,0.33,2,0.00,3,1501.61,0,0,7,java.lang.Object,0.00,13,0,14,0,13,6,1,14,320,0
"org.apache.jackrabbit.core.journal.DefaultRecordProducer",3,0.00,1.33,17,0.13,2872.50,5,2,0,7,5,79.09,23,24,1,1,121.38,0.00,0.00,0.50,0,1.00,2,400.29,0,1,5,java.lang.Object,0.00,4,0,4,0,4,2,1,6,98,1
"org.apache.jackrabbit.core.journal.FileJournal",14,0.07,1.86,88,1.07,37450.07,25,11,9,47,8,96.97,79,118,0,2,114.84,0.00,0.50,0.16,2,66.00,5,3222.93,2,2,8,org.apache.jackrabbit.core.journal.AbstractJournal,0.18,33,1,26,0,33,12,0,22,631,1
"org.apache.jackrabbit.core.journal.FileJournal$Comparator",1,0.00,1.00,5,0.04,805.33,1,0,9,2,0,122.04,0,6,0,1,122.04,0.00,0.00,0.00,0,1.00,1,128.00,0,0,0,java.lang.Object,0.00,1,0,1,0,1,1,0,0,34,0
"org.apache.jackrabbit.core.journal.FileJournal$Comparator_1",1,0.00,1.00,5,0.04,805.33,1,0,9,2,0,122.04,0,6,0,1,122.04,0.00,0.00,0.00,0,1.00,1,128.00,0,0,0,java.lang.Object,0.00,1,0,1,0,1,1,0,0,34,0
"org.apache.jackrabbit.core.journal.FileJournal$FilenameFilter",1,0.00,1.00,3,0.03,292.00,1,0,9,2,0,133.79,0,4,0,1,133.79,0.00,0.00,0.00,0,0.00,1,80.00,0,0,0,java.lang.Object,0.00,1,0,1,0,1,1,0,0,22,0
"org.apache.jackrabbit.core.journal.FileJournal$FilenameFilter_0",1,0.00,1.00,3,0.03,292.00,1,0,9,2,0,133.79,0,4,0,1,133.79,0.00,0.00,0.00,0,0.00,1,80.00,0,0,0,java.lang.Object,0.00,1,0,1,0,1,1,0,0,22,0
"org.apache.jackrabbit.core.journal.FileRecordIterator",5,0.14,3.20,56,0.55,27203.14,12,7,5,15,8,52.47,48,74,1,1,102.47,0.00,0.00,0.26,1,9.00,9,1636.66,0,1,7,java.lang.Object,0.00,10,0,16,0,10,4,1,13,336,0
"org.apache.jackrabbit.core.journal.FileRecordLog",16,0.10,2.19,139,1.60,56916.49,29,13,13,52,5,61.06,132,182,2,1,109.17,0.00,0.00,0.17,4,80.00,4,4793.96,0,1,3,java.lang.Object,0.00,36,0,35,0,36,15,0,30,960,0
"org.apache.jackrabbit.core.journal.FileRevision",3,0.17,2.67,26,0.29,8033.15,6,3,5,14,2,61.62,30,38,1,1,110.09,0.00,0.00,0.44,1,0.00,4,867.30,0,0,1,java.lang.Object,0.00,11,0,8,0,11,3,0,7,183,1
"org.apache.jackrabbit.core.journal.Journal",6,0.00,1.00,7,0.05,288.42,6,0,1,6,6,125.53,40,8,2,1,157.76,0.00,0.00,0.00,0,6.00,1,154.03,0,0,4,,0.00,0,0,6,0,0,6,0,7,52,1
"org.apache.jackrabbit.core.journal.JournalException",2,0.00,1.00,5,0.03,221.18,2,0,1,2,21,93.68,18,8,20,3,143.68,0.00,0.67,0.00,0,2.00,1,88.69,0,0,1,org.apache.jackrabbit.BaseException,0.00,0,2,2,0,0,2,0,3,29,1
"org.apache.jackrabbit.core.journal.LockableFileRevision",5,0.35,3.80,57,0.66,25317.94,10,5,6,21,2,54.57,43,86,1,1,102.68,0.00,0.00,0.48,2,0.00,6,1994.68,0,0,1,java.lang.Object,0.00,16,0,19,0,16,5,0,11,396,0
"org.apache.jackrabbit.core.journal.OracleDatabaseJournal",3,0.00,1.67,18,0.16,4301.40,5,2,1,7,2,74.71,21,25,0,3,117.00,0.00,0.67,0.50,0,1.00,2,475.96,1,2,2,org.apache.jackrabbit.core.journal.DatabaseJournal,0.00,4,2,5,0,4,1,0,8,112,1
"org.apache.jackrabbit.core.journal.ReadRecord",22,0.02,1.55,96,0.82,20608.26,28,6,5,32,8,145.66,66,140,3,2,125.04,0.00,0.50,0.14,2,130.00,4,2471.11,0,3,5,org.apache.jackrabbit.core.journal.AbstractRecord,0.00,10,1,34,0,10,19,0,20,575,0
"org.apache.jackrabbit.core.journal.Record",29,0.00,1.00,30,0.23,1417.13,29,0,5,29,19,139.83,172,31,13,1,157.70,0.00,0.00,0.00,0,29.00,1,688.92,0,9,6,,0.00,0,0,29,0,0,20,0,30,231,1
"org.apache.jackrabbit.core.journal.RecordConsumer",4,0.00,1.00,5,0.02,105.78,4,0,0,4,4,127.58,24,6,3,1,159.80,0.00,0.00,0.00,0,4.00,1,70.52,0,1,1,,0.00,0,0,4,0,0,3,0,5,28,1
"org.apache.jackrabbit.core.journal.RecordIterator",3,0.00,1.00,4,0.02,94.83,3,0,1,3,7,116.90,21,5,5,1,159.19,0.00,0.00,0.00,0,3.00,1,55.22,0,0,2,,0.00,0,0,3,0,0,3,0,4,22,1
"org.apache.jackrabbit.core.journal.RecordProducer",1,0.00,1.00,2,0.01,51.30,1,0,0,1,5,102.18,11,3,3,1,146.30,0.00,0.00,0.00,0,1.00,1,27.65,0,0,2,,0.00,0,0,1,0,0,1,0,2,11,1
"org.apache.jackrabbit.servlet.jackrabbit.JackrabbitRepositoryServlet",4,0.17,2.25,35,0.44,16534.64,6,2,12,21,4,98.29,60,58,0,3,108.65,0.00,0.67,0.38,1,0.00,4,1310.84,3,1,4,org.apache.jackrabbit.servlet.AbstractRepositoryServlet,0.90,17,2,9,0,17,3,0,7,257,1
"org.apache.jackrabbit.jcr.ChildNodeAttic",8,0.36,2.38,51,0.42,7867.24,10,2,8,21,3,158.09,16,59,1,1,118.21,0.00,0.00,0.19,0,14.00,4,1265.65,0,3,3,java.lang.Object,0.00,13,0,19,0,13,5,0,5,290,0
"org.apache.jackrabbit.jcr.ChildNodeEntries",13,2.00,1.00,16,0.10,558.26,15,2,8,13,6,110.04,106,17,2,1,158.14,0.00,0.00,0.00,0,13.00,1,300.77,0,2,4,,0.00,0,0,13,0,0,11,0,14,105,1
"org.apache.jackrabbit.jcr.ChildNodeEntriesImpl",16,0.04,3.25,171,2.09,95514.78,22,6,20,58,9,61.40,124,201,1,1,103.69,0.00,0.00,0.21,5,42.00,10,6281.22,0,8,8,java.lang.Object,0.00,42,0,52,0,42,8,1,53,1211,1
"org.apache.jackrabbit.jcr.ChildNodeEntriesImpl$LinkedEntries",8,0.00,1.50,37,0.29,5276.95,8,0,20,16,1,94.03,55,48,0,2,126.25,0.00,0.50,0.00,1,8.00,3,861.28,0,4,1,org.apache.commons.collections.list.AbstractLinkedList,0.00,8,1,12,0,8,4,0,13,217,2
"org.apache.jackrabbit.jcr.ChildNodeEntriesImpl$LinkedEntries$LinkNode",7,0.67,1.29,23,0.22,5077.41,8,1,20,12,2,180.62,11,32,0,2,130.62,0.00,0.50,0.43,1,10.00,3,650.40,3,3,2,Node,0.00,5,1,9,0,5,4,0,5,161,2
"org.apache.jackrabbit.jcr.ChildNodeEntriesImpl$LinkedEntries$LinkNodeIterator",4,0.17,1.50,18,0.14,2317.91,6,2,20,9,0,126.69,0,25,0,1,126.69,0.00,0.00,0.38,1,6.00,2,421.41,0,1,0,java.lang.Object,0.00,5,0,6,0,5,3,1,0,106,1
"org.apache.jackrabbit.jcr.ChildNodeEntriesImpl$LinkedEntries$NameMap",9,0.06,3.11,85,0.99,39101.34,11,2,20,26,3,106.73,40,108,0,1,106.50,0.00,0.00,0.56,2,0.00,5,2962.40,0,6,3,java.lang.Object,0.00,17,0,28,0,17,3,0,15,615,2
"org.apache.jackrabbit.jcr.ChildPropertyEntries",7,0.00,1.00,8,0.04,194.22,7,0,2,7,4,127.41,45,9,2,1,159.64,0.00,0.00,0.00,0,7.00,1,129.48,0,2,2,,0.00,0,0,7,0,0,5,0,8,49,1
"org.apache.jackrabbit.jcr.ChildPropertyEntriesImpl",8,0.04,1.62,45,0.43,8279.46,12,4,12,24,6,141.69,26,54,1,1,121.07,0.00,0.00,0.28,2,0.00,3,1279.57,0,2,5,java.lang.Object,0.00,16,0,13,0,16,6,1,10,294,1
"org.apache.jackrabbit.jcr.EntryFactory",9,0.06,1.22,34,0.32,5921.32,15,6,6,16,12,180.96,17,46,6,1,130.96,0.00,0.00,0.11,0,47.00,2,945.29,0,4,8,java.lang.Object,0.00,7,0,11,0,7,5,0,6,228,1
"org.apache.jackrabbit.jcr.EntryFactory$NodeEntryListener",2,0.00,1.00,3,0.02,84.27,2,0,6,2,1,158.21,0,4,0,1,158.21,0.00,0.00,0.00,0,2.00,1,56.18,0,0,1,,0.00,0,0,2,0,0,2,0,0,20,1
"org.apache.jackrabbit.jcr.EntryValidation",3,1.00,4.00,28,0.27,7742.32,4,1,5,10,3,78.84,39,43,1,1,108.22,0.00,0.00,0.00,0,3.00,5,796.59,0,0,2,java.lang.Object,0.00,7,0,12,0,7,3,0,14,177,1
"org.apache.jackrabbit.jcr.HierarchyEntry",15,0.00,1.00,16,0.10,541.64,15,0,8,15,19,110.63,122,17,15,1,158.73,0.00,0.00,0.00,0,15.00,1,297.85,0,4,6,,0.00,0,0,15,0,0,11,0,16,107,1
"org.apache.jackrabbit.jcr.HierarchyEntryImpl",19,0.13,2.53,119,1.35,47247.17,24,5,11,42,12,72.73,145,179,3,1,115.02,0.00,0.00,0.07,6,109.00,7,4036.31,0,8,10,java.lang.Object,0.00,23,0,48,2,23,11,1,50,836,1
"org.apache.jackrabbit.jcr.HierarchyEventListener",5,0.08,5.00,77,1.01,72812.35,8,3,18,27,10,45.50,52,90,1,1,93.97,0.00,0.00,0.27,2,10.00,15,3035.86,0,2,10,java.lang.Object,0.00,22,0,25,0,22,3,1,22,545,1
"org.apache.jackrabbit.jcr.HierarchyManager",8,0.00,1.00,9,0.08,428.10,8,0,6,8,19,109.28,70,10,14,1,157.39,0.00,0.00,0.00,0,8.00,1,226.77,0,4,5,,0.00,0,0,8,0,0,4,0,9,73,1
"org.apache.jackrabbit.jcr.HierarchyManagerImpl",9,0.06,2.33,73,0.77,22129.61,13,4,12,30,13,131.03,31,98,1,1,110.42,0.00,0.00,0.31,2,15.00,4,2307.31,0,4,12,java.lang.Object,0.00,21,0,21,0,21,5,1,12,490,1
"org.apache.jackrabbit.jcr.NodeEntry",27,0.00,1.00,28,0.25,1444.66,27,0,15,27,59,109.28,227,29,51,2,157.39,0.00,0.50,0.00,0,27.00,1,759.90,0,18,10,,0.00,0,1,27,0,0,9,0,28,240,1
"org.apache.jackrabbit.jcr.NodeEntryImpl",63,0.03,3.21,584,7.49,318712.95,70,7,38,229,34,63.68,473,735,6,2,105.97,0.00,0.50,0.11,18,1701.00,15,22462.54,11,23,31,org.apache.jackrabbit.jcr2spi.hierarchy.HierarchyEntryImpl,0.15,166,1,202,0,166,40,1,194,4308,1
"org.apache.jackrabbit.jcr.NodeEntryImpl$RevertInfo",7,0.08,3.71,72,0.79,23569.64,11,4,38,31,5,145.51,14,93,0,1,105.62,0.00,0.00,0.18,1,21.00,7,2359.15,0,0,5,java.lang.Object,0.00,24,0,26,0,24,7,1,12,479,1
"org.apache.jackrabbit.jcr.PropertyEntry",3,0.00,1.00,4,0.02,113.85,3,0,4,3,29,116.27,22,5,28,2,158.56,0.00,0.50,0.00,0,3.00,1,62.73,0,3,2,,0.00,0,1,3,0,0,0,0,4,24,1
"org.apache.jackrabbit.jcr.PropertyEntryImpl",9,0.00,1.11,22,0.23,2431.56,9,0,8,13,11,122.73,50,33,2,2,140.60,0.00,0.50,0.00,1,8.00,2,679.90,4,5,10,org.apache.jackrabbit.jcr2spi.hierarchy.HierarchyEntryImpl,0.14,4,1,10,0,4,4,1,13,179,1
"org.apache.jackrabbit.jcr.UniqueIdResolver",9,0.04,3.00,69,0.80,24113.98,12,3,14,34,9,94.36,45,95,1,1,112.23,0.00,0.00,0.30,2,0.00,8,2411.30,0,2,8,java.lang.Object,0.00,25,0,27,0,25,7,2,15,504,1
"org.apache.jackrabbit.core.nodetype.jsr.InvalidNodeTypeDefinitionException",4,0.00,1.00,9,0.05,332.37,4,0,1,4,1,102.36,30,14,1,2,144.65,0.00,0.50,0.00,0,4.00,1,136.79,0,0,0,javax.jcr.RepositoryException,0.00,0,1,4,0,0,4,0,5,46,1
"org.apache.jackrabbit.core.nodetype.jsr.NodeDefinitionTemplate",8,0.00,1.00,9,0.06,285.36,8,0,1,8,2,126.55,53,10,2,2,158.78,0.00,0.50,0.00,0,8.00,1,177.07,0,0,0,,0.00,0,1,8,0,0,8,0,9,63,1
"org.apache.jackrabbit.core.nodetype.jsr.NodeTypeDefinition",8,0.00,1.00,9,0.04,192.13,8,0,2,8,2,139.99,114,10,2,1,160.13,0.00,0.00,0.00,0,8.00,1,112.58,0,5,0,,0.00,0,0,8,0,0,3,0,9,47,1
"org.apache.jackrabbit.core.nodetype.jsr.NodeTypeExistsException",4,0.00,1.00,9,0.05,332.37,4,0,1,4,1,102.36,30,14,1,2,144.65,0.00,0.50,0.00,0,4.00,1,136.79,0,0,0,javax.jcr.RepositoryException,0.00,0,1,4,0,0,4,0,5,46,1
"org.apache.jackrabbit.core.nodetype.jsr.NodeTypeTemplate",8,0.00,1.00,9,0.05,261.23,8,0,1,8,2,110.97,65,10,2,2,159.08,0.00,0.50,0.00,0,8.00,1,160.99,0,2,0,,0.00,0,1,8,0,0,6,0,9,59,1
"org.apache.jackrabbit.core.nodetype.jsr.PropertyDefinitionTemplate",9,0.00,1.00,10,0.07,333.36,9,0,2,9,3,126.43,58,11,3,2,158.65,0.00,0.50,0.00,0,9.00,1,201.07,0,0,0,,0.00,0,1,9,0,0,9,0,10,71,1
"org.apache.jackrabbit.jcr.EventImpl",6,0.00,2.17,39,0.42,10313.06,10,4,5,16,3,74.03,44,50,1,1,116.32,0.00,0.00,0.25,4,10.00,6,1248.05,0,4,2,java.lang.Object,0.00,10,0,13,0,10,2,1,12,274,1
"org.apache.jackrabbit.jcr.FilteredEventIterator",9,0.00,1.44,40,0.37,7568.35,16,7,9,17,6,83.13,66,55,1,1,125.43,0.00,0.00,0.14,2,21.00,3,1116.08,0,2,5,java.lang.Object,0.00,8,0,13,0,8,7,1,17,261,0
"org.apache.jackrabbit.jcr.InternalEventListener",2,0.00,1.00,3,0.01,58.89,2,0,3,2,5,109.43,19,4,3,1,159.43,0.00,0.00,0.00,0,2.00,1,39.26,0,1,2,,0.00,0,0,2,0,0,1,0,3,16,1
"org.apache.jackrabbit.jcr.ObservationManagerImpl",7,0.31,2.71,80,0.93,38900.96,13,6,21,36,12,70.21,46,109,1,1,102.43,0.00,0.00,0.43,1,0.00,7,2796.35,0,2,11,java.lang.Object,0.00,29,0,19,0,29,5,2,17,529,1
"org.apache.jackrabbit.rmi.observation.ClientEventPoll",7,0.07,2.29,58,0.70,20498.11,16,9,12,25,4,118.95,123,78,1,2,109.82,0.00,0.50,0.17,1,8.00,6,2113.96,0,2,3,java.lang.Thread,0.00,18,1,16,0,18,5,0,29,428,1
"org.apache.jackrabbit.rmi.observation.ClientEventPoll$JCREvent",4,0.22,1.00,14,0.10,1136.56,7,3,12,7,0,154.50,15,19,0,1,133.88,0.00,0.00,0.50,0,0.00,1,296.45,0,2,0,java.lang.Object,0.00,3,0,4,0,3,2,1,7,80,2
"org.apache.jackrabbit.rmi.observation.Queue",3,0.00,1.67,15,0.11,1823.67,4,1,1,9,2,78.76,34,23,2,1,122.89,0.00,0.00,1.00,0,0.00,3,323.22,0,1,0,java.lang.Object,0.00,6,0,5,0,6,2,0,8,84,1
"org.apache.jackrabbit.rmi.observation.ServerEventListenerProxy",5,0.12,1.80,26,0.26,5539.95,9,4,7,10,5,91.44,69,37,2,1,120.82,0.00,0.00,0.35,0,0.00,3,792.67,0,1,3,java.lang.Object,0.00,5,0,9,0,5,4,1,11,182,1
"org.apache.jackrabbit.core.query.xpath.QueryBuilder",4,0.00,1.00,9,0.10,1268.78,4,0,6,7,5,140.31,16,18,0,1,140.07,0.00,0.00,0.00,0,4.00,1,294.46,0,3,5,java.lang.Object,0.00,3,0,4,0,3,1,1,5,78,1
"org.apache.jackrabbit.core.query.xpath.QueryFormat",18,0.10,5.00,334,4.98,346233.79,21,3,29,90,25,129.95,42,391,2,1,90.07,0.00,0.00,0.43,2,0.00,25,14943.76,0,16,24,java.lang.Object,0.00,72,0,90,0,72,2,2,13,2548,0
"org.apache.jackrabbit.core.query.xpath.QueryFormat$DefaultQueryNodeVisitor",1,0.00,1.00,4,0.03,474.00,1,0,29,2,1,127.47,0,5,0,1,127.47,0.00,0.00,0.00,0,1.00,1,92.00,0,1,1,java.lang.Object,0.00,1,0,1,0,1,0,0,0,25,0
"org.apache.jackrabbit.core.query.xpath.SimpleNode",20,0.06,1.45,68,0.59,15165.52,25,5,0,27,2,130.44,17,90,2,1,130.44,0.00,0.00,0.14,3,204.00,4,1780.14,0,5,0,java.lang.Object,0.00,7,0,29,0,7,15,1,6,430,1
"org.apache.jackrabbit.core.query.xpath.XPathQueryBuilder",17,0.06,10.12,557,10.69,1139157.81,58,41,38,134,35,94.45,306,732,4,1,76.32,0.00,0.00,0.08,9,53.00,64,32063.86,0,10,32,java.lang.Object,0.00,117,0,172,0,117,7,2,115,4727,1
"org.apache.jackrabbit.core.query.xpath.XPathQueryBuilder$DefaultQueryNodeVisitor",1,0.00,2.00,7,0.11,2802.00,1,0,38,5,2,112.17,0,11,0,1,112.17,0.00,0.00,0.00,0,0.00,2,318.00,0,1,2,java.lang.Object,0.00,4,0,2,0,4,0,0,0,66,0
"org.apache.jackrabbit.webdav.lock.AbstractActiveLock",1,0.00,4.00,15,0.24,8497.48,1,0,4,14,5,95.40,16,20,2,1,95.87,0.00,0.00,0.00,0,0.00,4,705.82,0,1,3,java.lang.Object,0.00,13,0,4,3,13,0,2,8,137,2
"org.apache.jackrabbit.webdav.lock.AbstractLockEntry",1,1.00,1.00,7,0.09,1748.72,2,1,6,7,5,65.46,10,9,2,1,113.94,0.00,0.00,0.00,0,0.00,1,274.40,0,1,3,java.lang.Object,0.00,6,0,1,3,6,0,2,2,65,2
"org.apache.jackrabbit.webdav.lock.ActiveLock",11,0.00,1.00,12,0.06,270.83,11,0,1,11,18,142.17,64,13,16,2,160.04,0.00,0.50,0.00,0,11.00,1,175.38,0,3,2,,0.00,0,1,11,0,0,8,0,12,69,1
"org.apache.jackrabbit.webdav.lock.DefaultActiveLock",13,0.08,1.23,36,0.34,6149.55,17,4,2,25,7,138.89,60,53,1,2,138.66,1.00,0.33,0.17,1,77.00,3,1022.08,0,4,6,org.apache.jackrabbit.webdav.lock.AbstractActiveLock,0.00,12,1,16,1,12,9,0,16,251,1
"org.apache.jackrabbit.webdav.lock.LockDiscovery",7,0.67,1.71,36,0.38,8856.86,8,1,10,22,11,78.08,55,46,5,2,120.37,0.00,0.50,0.43,1,10.00,3,1151.41,1,3,6,org.apache.jackrabbit.webdav.property.AbstractDavProperty,0.00,15,1,12,0,15,4,0,11,254,1
"org.apache.jackrabbit.webdav.lock.LockDiscovery$ALockImpl",13,0.50,1.38,46,0.43,7648.56,14,1,10,27,5,131.32,2,65,0,1,131.32,0.00,0.00,0.54,1,6.00,3,1304.15,0,5,5,java.lang.Object,0.00,14,0,18,0,14,8,1,2,317,2
"org.apache.jackrabbit.webdav.lock.LockEntry",2,0.00,1.00,3,0.01,65.85,2,0,1,2,6,126.83,13,4,3,2,159.05,0.00,0.50,0.00,0,2.00,1,38.73,0,2,3,,0.00,0,1,2,0,0,0,0,3,16,1
"org.apache.jackrabbit.webdav.lock.LockInfo",12,0.04,2.08,68,0.75,25973.41,19,7,10,29,20,70.39,100,89,13,1,118.49,0.00,0.00,0.18,0,64.00,9,2245.87,0,3,7,java.lang.Object,0.00,17,0,25,0,17,9,2,15,454,1
"org.apache.jackrabbit.webdav.lock.LockManager",5,0.00,1.00,6,0.07,360.30,5,0,2,5,12,107.89,51,10,7,1,156.37,0.00,0.00,0.00,0,5.00,1,198.80,0,3,6,,0.00,0,0,5,0,0,2,0,6,59,1
"org.apache.jackrabbit.webdav.lock.Scope",5,0.00,2.00,35,0.46,13558.49,10,5,8,23,28,69.99,36,46,24,1,112.28,0.00,0.00,0.20,1,10.00,3,1367.76,0,3,4,java.lang.Object,0.00,18,0,10,0,18,2,1,7,295,1
"org.apache.jackrabbit.webdav.lock.SimpleLockManager",7,0.50,4.14,69,1.13,54880.31,8,1,7,36,12,54.41,64,101,1,1,104.41,0.00,0.00,0.57,1,3.00,9,3395.61,0,4,11,java.lang.Object,0.00,29,0,29,0,29,3,1,17,644,1
"org.apache.jackrabbit.webdav.lock.SupportedLock",7,0.17,1.57,29,0.30,5532.01,8,1,6,19,6,83.33,52,41,2,2,125.62,0.00,0.50,0.86,0,0.00,3,913.94,1,3,4,org.apache.jackrabbit.webdav.property.AbstractDavProperty,0.00,12,1,11,0,12,4,0,10,213,1
"org.apache.jackrabbit.webdav.lock.SupportedLock$WriteLockEntry",3,1.00,1.67,12,0.13,3382.38,4,1,6,7,2,92.17,19,18,0,2,124.39,0.00,0.50,0.33,0,4.00,3,379.23,0,1,2,org.apache.jackrabbit.webdav.lock.AbstractLockEntry,0.00,4,1,5,0,4,2,0,4,92,3
"org.apache.jackrabbit.webdav.lock.Type",5,0.00,2.00,34,0.42,12158.88,9,4,8,23,23,72.86,35,45,19,1,115.15,0.00,0.00,0.25,1,10.00,3,1273.82,0,3,4,java.lang.Object,0.00,18,0,10,0,18,2,1,7,276,1
"org.apache.jackrabbit.webdav.property.AbstractDavProperty",6,0.27,3.00,53,0.66,41318.72,9,3,9,18,25,58.36,62,64,21,1,106.84,0.00,0.00,0.11,1,14.00,10,1980.42,0,2,4,java.lang.Object,0.00,12,0,18,21,12,4,1,8,399,2
"org.apache.jackrabbit.webdav.property.DavProperty",3,0.00,1.00,4,0.02,91.55,3,0,2,3,36,139.17,42,5,33,3,159.31,0.00,0.67,0.00,0,3.00,1,54.48,0,2,3,,0.00,0,2,3,0,0,1,0,4,22,1
"org.apache.jackrabbit.webdav.property.DavPropertyIterator",1,0.00,1.00,2,0.01,70.32,1,0,2,1,6,96.75,10,3,5,2,145.23,0.00,0.50,0.00,0,1.00,1,35.16,0,1,1,,0.00,0,1,1,0,0,0,0,2,13,1
"org.apache.jackrabbit.webdav.property.DavPropertyName",10,0.01,1.70,58,0.79,28053.69,25,15,7,26,56,69.55,80,76,52,1,117.65,0.00,0.00,0.07,1,14.00,4,2379.52,0,7,4,java.lang.Object,0.00,16,0,17,0,16,3,2,20,496,1
"org.apache.jackrabbit.webdav.property.DavPropertyNameIterator",1,0.00,1.00,2,0.01,48.43,1,0,1,1,7,167.12,3,3,6,2,146.50,0.00,0.50,0.00,0,1.00,1,27.12,0,1,1,,0.00,0,1,1,0,0,0,0,1,11,1
"org.apache.jackrabbit.webdav.property.DavPropertyNameSet",12,0.18,1.25,34,0.31,5319.96,14,2,8,30,30,121.00,67,50,25,2,138.88,0.00,0.50,0.33,2,18.00,3,935.16,0,1,5,org.apache.jackrabbit.webdav.property.PropContainer,0.33,18,1,15,0,18,11,0,16,236,1
"org.apache.jackrabbit.webdav.property.DavPropertyNameSet$PropertyNameIterator",5,0.25,1.00,12,0.07,762.99,6,1,8,8,2,142.58,0,18,0,1,142.58,0.00,0.00,0.80,0,0.00,1,222.77,0,2,2,java.lang.Object,0.00,3,0,5,0,3,3,1,0,69,1
"org.apache.jackrabbit.webdav.property.DavPropertySet",16,0.20,1.06,41,0.40,6029.47,18,2,9,35,18,97.18,114,59,13,2,139.47,0.00,0.50,0.31,3,12.00,2,1187.48,0,1,5,org.apache.jackrabbit.webdav.property.PropContainer,0.36,19,1,17,0,19,15,0,21,312,1
"org.apache.jackrabbit.webdav.property.DavPropertySet$PropIter",7,0.06,1.43,28,0.21,3713.41,10,3,9,14,3,147.62,25,39,0,1,127.00,0.00,0.00,0.29,2,11.00,3,618.73,0,1,3,java.lang.Object,0.00,7,0,10,0,7,6,1,10,159,1
"org.apache.jackrabbit.webdav.property.DefaultDavProperty",6,0.50,1.67,33,0.34,10346.87,8,2,7,16,18,70.84,65,44,14,2,119.32,0.00,0.50,0.08,0,10.00,5,1022.88,0,2,4,org.apache.jackrabbit.webdav.property.AbstractDavProperty,0.00,10,1,10,0,10,4,0,9,223,1
"org.apache.jackrabbit.webdav.property.HrefProperty",6,0.20,2.83,53,0.72,33377.66,8,2,9,27,21,59.10,63,66,17,2,107.58,1.00,0.33,0.33,1,6.00,8,2171.06,1,3,4,org.apache.jackrabbit.webdav.property.AbstractDavProperty,0.00,21,1,17,1,21,3,0,9,419,1
"org.apache.jackrabbit.webdav.property.PropContainer",6,1.00,1.33,17,0.18,3762.07,7,1,9,13,7,95.39,47,21,3,1,137.68,0.00,0.00,0.17,1,10.00,3,549.46,0,2,4,java.lang.Object,0.00,7,0,8,2,7,4,2,7,128,2
"org.apache.jackrabbit.webdav.property.ResourceType",6,0.00,2.33,52,0.61,20780.06,13,7,10,17,12,65.12,71,62,6,2,109.25,0.00,0.50,0.14,0,6.00,4,1818.03,0,1,6,org.apache.jackrabbit.webdav.property.AbstractDavProperty,0.00,11,1,14,0,11,5,0,17,389,1
"org.apache.jackrabbit.webdav.property.ResourceType$TypeName",4,0.11,1.25,16,0.14,2075.55,7,3,10,7,3,127.11,0,22,0,1,127.11,0.00,0.00,0.42,0,0.00,2,410.07,0,1,3,java.lang.Object,0.00,3,0,5,0,3,3,1,0,107,2
"org.apache.jackrabbit.core.query.lucene.fulltext.FastCharStream",13,0.00,1.15,38,0.26,5794.44,16,3,1,17,0,139.11,57,51,0,1,138.88,0.00,0.00,0.33,1,9.00,2,767.62,0,1,0,java.lang.Object,0.00,4,0,15,0,4,12,1,17,204,2
"org.apache.jackrabbit.classloader.ArchiveClassPathEntry",11,0.02,2.82,99,1.13,59208.90,16,5,14,32,6,114.92,194,147,4,2,105.79,1.00,0.33,0.22,1,6.00,7,3381.66,0,8,3,org.apache.jackrabbit.classloader.ClassPathEntry,0.21,21,1,31,1,21,3,0,42,658,0
"org.apache.jackrabbit.classloader.ArchiveClassPathEntry$ArchiveClassPathResource",9,0.88,1.56,37,0.36,10642.44,10,1,14,21,2,76.14,73,59,0,2,124.24,0.00,0.50,0.22,1,29.00,5,1079.02,3,5,2,org.apache.jackrabbit.classloader.ClassLoaderResource,0.48,12,1,14,0,12,4,0,17,251,2
"org.apache.jackrabbit.classloader.ClassLoaderResource",20,0.07,1.95,113,1.18,81233.07,27,7,11,43,9,66.36,183,161,7,1,116.36,0.00,0.00,0.08,7,160.00,9,3546.15,0,12,3,java.lang.Object,0.00,23,0,39,1,23,8,0,39,741,0
"org.apache.jackrabbit.classloader.ClassLoaderTestBase",16,0.01,4.88,246,3.40,195682.53,24,8,33,96,7,144.58,21,338,4,2,94.58,3.00,0.20,0.12,9,100.00,25,10190.24,2,4,3,junit.framework.TestCase,0.00,80,1,78,3,80,12,0,16,1762,1
"org.apache.jackrabbit.classloader.ClassPathEntry",8,0.00,3.12,61,0.76,31864.40,12,4,15,30,9,81.48,108,102,7,1,110.86,0.00,0.00,0.25,0,16.00,16,2274.00,1,6,6,java.lang.Object,0.00,22,0,25,3,22,2,0,33,439,1
"org.apache.jackrabbit.classloader.DirectoryClassPathEntry",3,1.00,2.00,16,0.19,5999.59,4,1,6,9,3,98.63,44,27,1,2,118.77,0.00,0.50,0.33,0,4.00,4,571.09,0,0,3,org.apache.jackrabbit.classloader.ClassPathEntry,0.18,6,1,6,0,6,3,0,6,121,0
"org.apache.jackrabbit.classloader.DynamicPatternPath",7,0.28,3.29,68,0.69,15864.67,10,3,9,26,3,108.24,117,97,2,2,108.71,0.00,0.50,0.57,3,0.00,5,2066.60,2,0,1,org.apache.jackrabbit.classloader.PatternPath,0.00,19,1,23,0,19,7,1,32,426,0
"org.apache.jackrabbit.classloader.DynamicPatternPath$Listener",1,0.00,1.00,2,0.01,22.17,1,0,9,1,0,131.30,5,3,0,1,149.17,0.00,0.00,0.00,0,1.00,1,16.36,0,0,0,,0.00,0,0,1,0,0,1,0,1,8,0
"org.apache.jackrabbit.classloader.DynamicRepositoryClassLoader",21,0.08,2.14,162,1.73,47090.93,25,4,14,58,6,102.56,319,224,2,3,112.91,0.00,0.67,0.32,10,0.00,5,5187.62,13,3,4,org.apache.jackrabbit.classloader.RepositoryClassLoader,0.24,37,2,45,0,37,18,2,63,1081,1
"org.apache.jackrabbit.classloader.DynamicRepositoryClassLoaderTest",6,0.23,1.17,37,0.44,8263.30,13,7,3,19,3,167.22,10,45,1,3,117.22,0.00,0.67,0.33,0,0.00,2,1332.61,3,0,2,org.apache.jackrabbit.classloader.ClassLoaderTestBase,0.27,13,2,7,0,13,6,0,2,295,1
"org.apache.jackrabbit.classloader.ExpandingArchiveClassPathEntry",9,0.02,4.11,114,1.59,74740.95,14,5,18,58,8,138.86,193,169,4,3,99.56,0.00,0.67,0.18,4,18.00,9,4777.10,2,3,5,org.apache.jackrabbit.classloader.ArchiveClassPathEntry,0.11,49,2,37,0,49,6,0,48,872,0
"org.apache.jackrabbit.classloader.ExpandingArchiveClassPathEntry$ClassLoaderResource",4,0.00,1.00,9,0.07,675.09,4,0,18,9,1,142.23,0,13,0,1,142.23,0.00,0.00,0.00,0,4.00,1,202.89,0,4,1,java.lang.Object,0.00,5,0,4,0,5,0,0,0,61,0
"org.apache.jackrabbit.classloader.ExpandingArchiveClassPathEntryTest",4,0.00,1.75,43,0.65,13880.68,7,3,8,33,6,105.69,3,54,1,3,105.69,0.00,0.67,0.33,0,0.00,2,1958.03,4,0,5,org.apache.jackrabbit.classloader.ClassLoaderTestBase,0.30,29,2,7,0,29,4,0,3,375,1
"org.apache.jackrabbit.classloader.NodeTypeSupport",1,0.00,5.00,19,0.25,8333.98,3,2,8,8,3,73.97,39,30,2,1,92.05,0.00,0.00,1.00,0,0.00,5,756.62,0,0,1,java.lang.Object,0.00,7,0,5,0,7,1,0,8,144,0
"org.apache.jackrabbit.classloader.PatternPath",10,0.07,2.80,99,1.10,44233.84,13,3,13,36,4,105.99,160,111,3,1,106.46,0.00,0.00,0.27,2,22.00,7,3294.04,1,4,1,java.lang.Object,0.00,26,0,28,1,26,6,0,38,647,0
"org.apache.jackrabbit.classloader.PatternPathTest",5,0.00,2.80,82,0.90,24628.40,9,4,14,27,3,117.38,19,88,1,3,96.77,0.00,0.67,0.25,0,0.00,3,2686.60,4,0,2,org.apache.jackrabbit.classloader.ClassLoaderTestBase,0.29,22,2,14,0,22,5,0,15,539,1
"org.apache.jackrabbit.classloader.RepositoryClassLoader",28,0.03,2.82,274,3.10,122156.26,35,7,24,95,7,77.12,366,348,1,2,106.50,1.00,0.33,0.17,10,134.00,8,9292.64,0,11,6,java.net.URLClassLoader,0.00,67,1,79,1,67,17,0,79,1810,1
"org.apache.jackrabbit.classloader.RepositoryClassLoader$ClassLoaderResource",1,0.00,1.00,3,0.01,96.19,1,0,24,1,0,137.59,0,4,0,1,137.59,0.00,0.00,0.00,0,1.00,1,42.09,0,0,0,java.lang.Object,0.00,0,0,1,0,0,1,0,0,15,0
"org.apache.jackrabbit.classloader.RepositoryClassLoader$Enumeration",2,0.00,1.00,5,0.02,181.62,2,0,24,3,0,144.35,0,7,0,1,144.35,0.00,0.00,0.00,0,2.00,1,68.54,0,1,0,java.lang.Object,0.00,1,0,2,0,1,1,0,0,23,0
"org.apache.jackrabbit.classloader.RepositoryClassLoader$PrivilegedExceptionAction",1,0.00,1.00,3,0.02,136.54,1,0,24,2,0,136.39,0,4,0,1,136.39,0.00,0.00,0.00,0,1.00,1,49.51,0,1,0,java.lang.Object,0.00,1,0,1,0,1,0,0,0,16,0
"org.apache.jackrabbit.classloader.TestAll",1,0.00,1.00,9,0.09,2643.06,1,0,2,5,4,148.34,2,11,0,1,108.46,0.00,0.00,0.00,0,1.00,1,271.11,0,1,4,java.lang.Object,0.00,4,0,1,0,4,0,0,2,63,1
"org.apache.jackrabbit.classloader.Util",3,1.00,2.33,20,0.28,7782.98,4,1,11,18,6,148.28,62,31,6,1,114.89,0.00,0.00,0.33,1,4.00,4,828.60,0,1,0,java.lang.Object,0.00,15,0,7,0,15,2,0,9,169,1
"org.apache.jackrabbit.rmi.xml.ImportContentHandler",13,0.00,1.08,32,0.33,4913.98,15,2,7,29,2,179.34,35,53,2,1,139.46,0.00,0.00,0.50,1,0.00,2,1002.08,0,0,0,java.lang.Object,0.00,16,0,14,2,16,13,1,16,264,2
"org.apache.jackrabbit.rmi.xml.SessionImportContentHandler",2,0.33,1.00,10,0.09,1242.94,5,3,2,4,2,93.55,26,14,1,2,122.93,0.00,0.50,0.50,0,2.00,1,275.18,0,0,1,org.apache.jackrabbit.rmi.xml.ImportContentHandler,0.13,2,1,2,0,2,2,0,6,70,1
"org.apache.jackrabbit.rmi.xml.WorkspaceImportContentHandler",2,0.33,1.00,10,0.09,1299.15,5,3,2,4,2,93.40,26,13,1,2,122.78,0.00,0.50,0.50,0,2.00,1,272.40,0,0,1,org.apache.jackrabbit.rmi.xml.ImportContentHandler,0.13,2,1,2,0,2,2,0,6,70,1
"org.apache.jackrabbit.name.AbstractNamespaceResolver",9,0.38,2.33,74,0.68,25083.96,10,1,3,20,10,61.88,80,86,3,1,109.99,0.00,0.00,0.67,0,0.00,4,2053.70,0,2,7,java.lang.Object,0.00,11,0,21,2,11,7,1,17,427,2
"org.apache.jackrabbit.name.CachingNameResolver",4,0.00,1.50,20,0.19,4650.67,6,2,1,9,4,76.57,45,28,0,1,120.69,0.00,0.00,0.50,0,4.00,2,573.35,0,2,4,java.lang.Object,0.00,5,0,6,0,5,2,1,8,140,1
"org.apache.jackrabbit.name.CachingPathResolver",4,0.00,1.50,20,0.19,4650.67,6,2,1,9,4,76.57,45,27,0,1,120.69,0.00,0.00,0.50,0,4.00,2,573.35,0,1,4,java.lang.Object,0.00,5,0,6,0,5,3,1,8,140,1
"org.apache.jackrabbit.name.DummyNamespaceResolver",4,0.00,1.25,12,0.09,1874.80,4,0,2,7,5,84.01,33,18,2,1,132.12,0.00,0.00,0.00,0,4.00,2,269.43,0,4,3,java.lang.Object,0.00,3,0,5,0,3,0,1,5,73,0
"org.apache.jackrabbit.name.GenerationalCache",5,0.16,2.40,39,0.45,16199.18,13,8,3,16,2,91.49,73,52,2,1,111.63,0.00,0.00,0.25,1,13.00,6,1347.19,0,1,0,java.lang.Object,0.00,11,0,12,0,11,4,0,14,285,0
"org.apache.jackrabbit.name.IllegalNameException",2,0.00,1.00,5,0.03,221.18,2,0,0,2,9,106.11,24,8,8,4,143.68,0.00,0.75,0.00,0,2.00,1,88.69,0,0,1,org.apache.jackrabbit.name.NameException,0.00,0,3,2,0,0,2,0,3,29,1
"org.apache.jackrabbit.name.JcrName",5,0.10,1.20,45,0.57,17850.90,10,5,1,11,3,157.39,6,53,3,1,107.39,0.00,0.00,0.12,1,14.00,2,1697.65,0,2,0,java.lang.Object,0.00,6,0,6,0,6,3,0,4,368,2
"org.apache.jackrabbit.name.JcrPath",8,0.04,1.62,76,1.23,46574.76,15,7,1,17,3,145.53,17,90,3,1,105.64,0.00,0.00,0.18,3,28.00,5,3701.94,0,2,0,java.lang.Object,0.00,9,0,13,0,9,6,0,9,702,2
"org.apache.jackrabbit.name.MalformedPathException",2,0.00,1.00,5,0.03,221.18,2,0,0,2,8,99.55,23,8,7,4,143.68,0.00,0.75,0.00,0,2.00,1,88.69,0,0,1,org.apache.jackrabbit.name.NameException,0.00,0,3,2,0,0,2,0,3,29,1
"org.apache.jackrabbit.name.NameCache",4,0.00,1.00,5,0.03,131.16,4,0,0,4,2,110.96,32,6,1,1,159.06,0.00,0.00,0.00,0,4.00,1,87.44,0,2,1,,0.00,0,0,4,0,0,2,0,5,32,1
"org.apache.jackrabbit.name.NameConstants",0,0.00,0.00,85,3.35,173826.01,84,84,2,2,89,171.00,260,86,86,1,171.00,0.00,0.00,0.00,0,0.00,0,10043.28,0,0,3,java.lang.Object,0.00,2,0,0,0,2,0,0,92,1342,1
"org.apache.jackrabbit.name.NameException",2,0.00,1.00,5,0.03,221.18,2,0,1,2,13,93.68,18,8,12,3,143.68,2.00,0.29,0.00,0,2.00,1,88.69,0,0,1,org.apache.jackrabbit.BaseException,0.00,0,2,2,4,0,2,0,3,29,1
"org.apache.jackrabbit.name.NameFactoryImpl",4,1.00,2.75,26,0.29,11617.21,5,1,2,12,55,135.08,15,37,53,1,114.47,0.00,0.00,0.25,0,6.00,5,878.58,0,3,2,java.lang.Object,0.00,8,0,11,0,8,1,1,7,189,1
"org.apache.jackrabbit.name.NameFactoryImpl$NameImpl",9,0.19,1.78,47,0.43,12285.28,13,4,2,16,1,72.00,72,64,0,1,120.11,0.00,0.00,0.42,0,0.00,4,1291.34,1,5,1,java.lang.Object,0.00,7,0,16,0,7,4,1,25,307,2
"org.apache.jackrabbit.name.NameFactoryTest",4,0.67,2.50,40,0.49,16340.17,6,2,3,19,4,105.05,3,42,0,2,105.05,0.00,0.50,1.00,0,0.00,3,1460.22,0,0,4,junit.framework.TestCase,0.00,15,1,10,0,15,4,0,1,295,1
"org.apache.jackrabbit.name.NameFactoryTest$Name",3,0.00,1.00,7,0.04,335.86,3,0,3,4,0,143.64,0,10,0,1,143.64,0.00,0.00,0.00,0,3.00,1,115.95,0,2,0,java.lang.Object,0.00,1,0,3,0,1,1,0,0,36,0
"org.apache.jackrabbit.name.NameFactoryTest$Name_0",5,0.00,1.20,14,0.13,2404.91,5,0,3,9,0,138.61,0,20,0,1,138.61,0.00,0.00,0.00,0,5.00,2,389.62,0,3,0,java.lang.Object,0.00,4,0,6,0,4,2,0,0,100,0
"org.apache.jackrabbit.name.NameFormat",9,1.00,3.44,118,1.45,88116.87,10,1,4,34,15,97.26,151,155,9,1,97.74,0.00,0.00,0.00,3,9.00,6,4364.50,0,6,7,java.lang.Object,0.00,25,0,31,0,25,3,0,25,851,1
"org.apache.jackrabbit.name.NameFormat$ThreadLocal",1,0.00,1.00,3,0.02,136.54,1,0,4,1,0,136.39,0,4,0,1,136.39,0.00,0.00,0.00,0,0.00,1,49.51,0,1,0,java.lang.Object,0.00,0,0,1,0,0,0,0,0,16,0
"org.apache.jackrabbit.name.NamePathResolver",0,0.00,0.00,1,0.01,39.30,0,0,0,0,0,171.00,7,2,0,3,171.00,0.00,0.67,0.00,0,0.00,0,19.65,0,0,0,,0.00,0,2,0,0,0,0,0,1,7,1
"org.apache.jackrabbit.name.NameResolver",2,0.00,1.00,3,0.02,93.79,2,0,1,2,6,109.36,21,4,4,1,157.84,0.00,0.00,0.00,0,2.00,1,62.53,0,1,2,,0.00,0,0,2,0,0,1,0,3,22,1
"org.apache.jackrabbit.name.NamespaceListener",3,0.00,1.00,4,0.03,159.82,3,0,0,3,1,109.30,26,5,1,1,157.40,0.00,0.00,0.00,0,3.00,1,89.52,0,0,0,,0.00,0,0,3,0,0,3,0,4,31,1
"org.apache.jackrabbit.name.NamespaceResolver",4,0.00,1.00,5,0.04,222.72,4,0,1,4,26,108.78,43,7,23,1,157.25,0.00,0.00,0.00,0,4.00,1,116.67,0,4,4,,0.00,0,0,4,0,0,0,0,5,40,1
"org.apache.jackrabbit.name.NoPrefixDeclaredException",2,0.00,1.00,5,0.03,221.18,2,0,0,2,10,95.20,20,8,9,4,143.68,0.00,0.75,0.00,0,2.00,1,88.69,0,0,1,org.apache.jackrabbit.name.NameException,0.00,0,3,2,0,0,2,0,3,29,1
"org.apache.jackrabbit.name.ParsingNameResolver",5,0.25,2.80,55,0.67,44677.52,7,2,2,16,8,56.68,58,66,2,1,100.80,0.00,0.00,0.30,1,10.00,8,2022.45,0,2,6,java.lang.Object,0.00,11,0,14,0,11,3,1,14,404,1
"org.apache.jackrabbit.name.ParsingNameResolverTest",4,0.67,2.00,40,0.34,5488.62,5,1,2,12,5,76.61,25,52,0,2,108.83,0.00,0.50,0.50,2,4.00,3,1030.07,0,0,5,junit.framework.TestCase,0.00,8,1,8,0,8,4,0,6,233,1
"org.apache.jackrabbit.name.ParsingPathResolver",4,0.67,4.75,66,1.02,89562.22,5,1,1,25,7,42.99,43,80,1,1,91.47,0.00,0.00,0.50,1,4.00,7,3051.33,0,3,6,java.lang.Object,0.00,21,0,19,0,21,1,1,7,551,1
"org.apache.jackrabbit.name.ParsingPathResolverTest",4,0.67,2.00,65,0.49,6263.04,5,1,2,11,6,82.89,23,77,0,2,100.77,0.00,0.50,0.50,2,4.00,3,1482.51,0,0,6,junit.framework.TestCase,0.00,7,1,8,0,7,4,0,7,310,1
"org.apache.jackrabbit.name.Path",29,0.02,2.69,254,2.90,163976.34,42,13,5,79,22,87.39,427,317,17,1,107.54,0.00,0.00,0.06,6,226.00,9,8691.29,0,13,6,java.lang.Object,0.00,50,0,78,0,50,16,1,67,1715,2
"org.apache.jackrabbit.name.Path$CurrentElement",8,0.57,1.00,18,0.11,991.67,9,1,5,10,3,143.52,37,27,0,2,143.29,0.00,0.50,0.50,0,8.00,1,330.84,0,2,3,org.apache.jackrabbit.name.PathElement,0.00,2,1,8,0,2,6,0,7,98,3
"org.apache.jackrabbit.name.Path$NameElement",5,0.00,1.00,11,0.05,427.16,5,0,5,5,1,144.80,24,17,0,2,144.56,0.00,0.50,0.00,0,5.00,1,163.19,0,0,1,org.apache.jackrabbit.name.PathElement,0.00,0,1,5,0,0,5,0,4,53,3
"org.apache.jackrabbit.name.Path$ParentElement",8,0.57,1.00,18,0.11,991.67,9,1,5,10,3,143.52,37,27,0,2,143.29,0.00,0.50,0.50,0,8.00,1,330.84,0,2,3,org.apache.jackrabbit.name.PathElement,0.00,2,1,8,0,2,6,0,7,98,3
"org.apache.jackrabbit.name.Path$PathBuilder",12,0.09,1.25,45,0.43,10628.10,15,3,5,24,3,97.72,72,58,0,1,129.94,0.00,0.00,0.25,3,38.00,2,1279.75,0,0,3,java.lang.Object,0.00,12,0,15,0,12,12,1,17,316,3
"org.apache.jackrabbit.name.Path$PathElement",17,0.25,2.24,96,1.10,43485.08,19,2,5,33,5,67.91,159,130,0,1,117.91,0.00,0.00,0.26,2,71.00,9,3303.11,0,6,5,java.lang.Object,0.00,16,0,38,0,16,11,1,25,692,3
"org.apache.jackrabbit.name.Path$RootElement",8,1.00,1.00,17,0.10,775.10,9,1,5,8,3,144.37,39,26,0,2,144.13,0.00,0.50,0.12,0,14.00,1,285.93,0,2,3,org.apache.jackrabbit.name.PathElement,0.00,0,1,8,0,0,6,0,9,88,3
"org.apache.jackrabbit.name.PathBuilder",13,0.02,1.31,49,0.50,12202.16,17,4,5,27,25,87.44,91,63,20,1,129.73,0.00,0.00,0.27,3,28.00,2,1502.98,0,1,5,java.lang.Object,0.00,14,0,17,0,14,12,0,18,366,2
"org.apache.jackrabbit.name.PathBuilderTest",6,0.13,5.17,115,1.80,117633.74,9,3,11,38,14,109.74,18,132,1,2,89.12,0.00,0.50,0.44,3,2.00,8,5406.26,0,3,13,junit.framework.TestCase,0.00,32,1,31,0,32,3,0,9,960,1
"org.apache.jackrabbit.name.PathBuilderTest$NamespaceResolver",2,0.00,1.00,5,0.02,262.00,2,0,11,2,0,143.10,0,7,0,1,143.10,0.00,0.00,0.00,0,2.00,1,68.00,0,2,0,java.lang.Object,0.00,0,0,2,0,0,0,0,0,24,0
"org.apache.jackrabbit.name.PathFactoryImpl",16,0.03,2.44,131,1.81,75501.96,27,11,10,42,34,108.41,64,165,29,1,108.18,0.00,0.00,0.12,1,92.00,9,5437.96,0,15,5,java.lang.Object,0.00,26,0,39,0,26,1,1,23,1054,1
"org.apache.jackrabbit.name.PathFactoryImpl$Builder",3,0.17,1.67,19,0.23,9138.60,6,3,10,9,1,65.94,31,22,0,1,114.42,0.00,0.00,0.44,0,1.00,3,686.14,0,1,1,java.lang.Object,0.00,6,0,5,0,6,2,0,7,150,3
"org.apache.jackrabbit.name.PathFactoryImpl$Element",12,0.23,1.33,45,0.34,8047.80,14,2,10,20,2,113.01,69,63,0,1,130.88,0.00,0.00,0.29,1,36.00,3,1034.06,0,3,2,java.lang.Object,0.00,8,0,16,0,8,9,1,16,263,2
"org.apache.jackrabbit.name.PathFactoryImpl$PathImpl",21,0.03,2.90,179,1.98,116900.92,26,5,10,57,1,89.70,105,217,0,1,107.57,0.00,0.00,0.17,7,98.00,9,5952.72,0,9,1,java.lang.Object,0.00,36,0,61,0,36,12,1,39,1176,3
"org.apache.jackrabbit.name.PathFactoryImpl$SpecialElement",5,0.31,1.60,23,0.19,3312.97,9,4,10,6,2,146.83,16,30,0,2,126.22,0.00,0.50,0.50,0,0.00,4,563.97,0,0,2,org.apache.jackrabbit.name.Element,0.00,1,1,8,0,1,5,0,4,137,3
"org.apache.jackrabbit.name.PathFormat",5,1.00,5.20,88,1.31,117292.93,6,1,5,30,10,129.61,105,122,3,1,90.31,0.00,0.00,0.00,2,5.00,18,3916.08,0,1,8,java.lang.Object,0.00,25,0,26,0,25,4,0,39,655,1
"org.apache.jackrabbit.name.PathFormat$ThreadLocal",1,0.00,1.00,3,0.02,136.54,1,0,5,1,0,136.39,0,4,0,1,136.39,0.00,0.00,0.00,0,0.00,1,49.51,0,1,0,java.lang.Object,0.00,0,0,1,0,0,0,0,0,16,0
"org.apache.jackrabbit.name.PathMap",5,0.12,2.40,49,0.49,18541.77,7,2,8,15,7,57.10,46,53,2,1,107.10,0.00,0.00,0.40,1,0.00,4,1481.08,0,0,5,java.lang.Object,0.00,10,0,12,0,10,5,0,9,314,1
"org.apache.jackrabbit.name.PathMap$Element",29,0.05,2.52,205,2.20,83368.69,35,6,8,65,4,79.81,196,265,0,1,112.03,0.00,0.00,0.22,6,224.00,8,6586.33,0,11,4,java.lang.Object,0.00,36,0,73,0,36,18,0,45,1383,2
"org.apache.jackrabbit.name.PathMap$ElementVisitor",1,0.00,1.00,2,0.01,30.51,1,0,8,1,0,148.32,4,3,0,1,148.08,0.00,0.00,0.00,0,1.00,1,25.51,0,0,0,,0.00,0,0,1,0,0,1,0,1,11,1
"org.apache.jackrabbit.name.PathResolver",2,0.00,1.00,3,0.02,93.79,2,0,1,2,5,109.36,20,4,3,1,157.84,0.00,0.00,0.00,0,2.00,1,62.53,0,2,2,,0.00,0,0,2,0,0,0,0,3,22,1
"org.apache.jackrabbit.name.PathTest",10,0.11,4.90,279,4.64,279029.93,16,6,5,49,9,122.12,26,287,1,2,82.23,0.00,0.50,0.27,2,0.00,9,13918.98,0,2,8,junit.framework.TestCase,0.00,39,1,49,0,39,8,0,21,2424,1
"org.apache.jackrabbit.name.PathTest$AbstractNamespaceResolver",2,0.00,1.00,5,0.02,262.00,2,0,5,2,0,143.10,0,7,0,1,143.10,0.00,0.00,0.00,0,2.00,1,68.00,0,2,0,java.lang.Object,0.00,0,0,2,0,0,0,0,0,24,0
"org.apache.jackrabbit.name.PathTest$Test",7,0.11,1.71,29,0.28,6645.82,10,3,5,13,0,174.97,8,41,0,1,124.97,0.00,0.00,0.24,3,16.00,5,851.01,0,1,0,java.lang.Object,0.00,6,0,12,0,6,6,0,2,205,2
"org.apache.jackrabbit.name.QName",14,0.00,1.86,169,3.91,186153.41,118,104,1,28,29,124.36,461,200,26,1,98.13,0.00,0.00,0.01,0,26.00,5,11718.24,1,8,5,java.lang.Object,0.00,14,0,26,0,14,6,3,134,1706,2
"org.apache.jackrabbit.name.QNameTest",3,0.67,4.33,69,0.97,40869.29,6,3,2,18,6,107.93,11,73,1,2,87.31,0.00,0.50,0.78,0,0.00,7,2902.75,0,0,5,junit.framework.TestCase,0.00,15,1,13,0,15,3,0,6,527,1
"org.apache.jackrabbit.name.QNameTest$AbstractNamespaceResolver",2,0.00,1.00,5,0.02,262.00,2,0,2,2,0,143.10,0,7,0,1,143.10,0.00,0.00,0.00,0,2.00,1,68.00,0,2,0,java.lang.Object,0.00,0,0,2,0,0,0,0,0,24,0
"org.apache.jackrabbit.name.QNameTest$Test",4,0.22,1.25,17,0.12,2171.09,7,3,2,7,0,126.96,0,23,0,1,126.96,0.00,0.00,0.17,1,8.00,2,373.83,0,1,0,java.lang.Object,0.00,3,0,5,0,3,3,0,0,103,2
"org.apache.jackrabbit.name.SessionNamespaceResolver",3,0.50,1.67,12,0.11,2384.80,4,1,3,6,3,83.29,21,20,2,2,125.58,0.00,0.50,0.67,0,1.00,2,340.69,0,2,1,org.apache.jackrabbit.name.AbstractNamespaceResolver,0.00,3,1,5,0,3,1,0,7,84,1
"org.apache.jackrabbit.name.TestAll",1,0.00,1.00,6,0.05,1283.53,1,0,3,3,2,69.02,10,8,0,2,117.50,0.00,0.50,0.00,0,1.00,1,150.40,0,1,2,junit.framework.TestCase,0.00,2,1,1,0,2,0,0,2,39,1
"org.apache.jackrabbit.name.UnknownPrefixException",2,0.00,1.00,5,0.03,221.18,2,0,0,2,5,93.68,19,8,4,4,143.68,0.00,0.75,0.00,0,2.00,1,88.69,0,0,1,org.apache.jackrabbit.name.NameException,0.00,0,3,2,0,0,2,0,3,29,1
"org.apache.jackrabbit.jcr.LocalNamespaceMappings",10,0.37,3.30,85,1.04,44166.25,13,3,11,36,8,59.86,104,119,3,2,108.33,0.00,0.50,0.67,2,0.00,9,3124.22,1,4,6,org.apache.jackrabbit.namespace.AbstractNamespaceResolver,0.00,26,1,33,0,26,6,1,51,639,1
"org.apache.jackrabbit.jcr.NamespaceCache",17,0.05,2.82,200,2.49,100234.31,26,9,18,63,8,53.75,181,250,3,1,102.22,0.00,0.00,0.16,8,118.00,12,7466.13,0,5,5,java.lang.Object,0.00,46,0,48,0,46,12,0,46,1498,1
"org.apache.jackrabbit.jcr.NamespaceRegistryImpl",9,0.29,1.22,30,0.32,5859.86,12,3,8,20,7,131.24,44,46,3,2,131.00,0.00,0.50,0.59,0,0.00,2,945.34,0,4,4,org.apache.jackrabbit.namespace.AbstractNamespaceResolver,0.00,11,1,11,0,11,5,1,16,229,1
"org.apache.jackrabbit.jcr.NamespaceRegistryTest",9,0.25,1.67,88,1.12,29254.28,15,6,12,31,3,89.76,47,115,1,4,107.63,0.00,0.75,0.39,2,0.00,2,3367.45,2,2,2,org.apache.jackrabbit.test.AbstractJCRTest,0.31,22,3,15,0,22,7,0,12,664,1
"org.apache.jackrabbit.jcr.NamespaceStorage",5,0.00,1.00,6,0.06,404.62,5,0,5,5,3,155.97,3,7,3,1,155.97,0.00,0.00,0.00,0,5.00,1,185.88,0,3,0,,0.00,0,0,5,0,0,2,0,1,57,1
"org.apache.jackrabbit.jcr.TestAll",1,0.00,1.00,5,0.04,864.35,1,0,3,3,1,142.42,3,7,0,2,121.80,0.00,0.50,0.00,0,1.00,1,115.51,0,1,1,junit.framework.TestCase,0.00,2,1,1,0,2,0,0,1,31,1
"org.apache.jackrabbit.core.state.mem.InMemPersistenceManager",0,0.00,0.00,1,0.03,257.00,0,0,1,0,2,171.00,5,4,0,3,171.00,0.00,0.67,0.00,0,0.00,0,76.15,0,0,2,org.apache.jackrabbit.core.persistence.mem.InMemPersistenceManager,0.00,0,2,0,0,0,0,1,1,20,1
"org.apache.jackrabbit.rmi.server.RemoteAdapterFactory",27,0.00,1.00,28,0.22,1000.83,27,0,51,27,57,110.54,218,46,34,1,158.64,0.00,0.00,0.00,0,27.00,1,667.22,0,27,23,,0.00,0,0,27,0,0,0,0,28,223,1
"org.apache.jackrabbit.rmi.server.ServerAdapterFactory",30,0.41,1.17,82,0.95,23447.70,32,2,63,73,57,119.08,151,150,3,1,136.95,0.00,0.00,0.10,1,138.00,4,2864.70,0,28,55,java.lang.Object,0.00,43,0,35,1,43,2,1,34,672,1
"org.apache.jackrabbit.rmi.server.ServerEventCollection",3,0.25,1.00,12,0.09,1493.67,5,2,2,3,3,89.74,36,18,1,2,127.30,0.00,0.50,0.33,0,5.00,1,281.63,0,1,2,org.apache.jackrabbit.rmi.server.ServerObject,0.00,0,2,3,0,0,2,1,7,73,1
"org.apache.jackrabbit.rmi.server.ServerEventCollection$ServerEvent",4,0.11,1.00,15,0.11,1437.66,7,3,2,4,1,133.31,16,20,0,2,133.08,0.00,0.50,0.25,0,10.00,1,317.25,0,2,1,org.apache.jackrabbit.rmi.server.ServerObject,0.00,0,2,4,0,0,2,1,7,84,2
"org.apache.jackrabbit.rmi.server.ServerItem",11,0.10,1.73,41,0.37,6995.17,12,1,5,21,7,170.89,30,72,3,2,131.00,4.00,0.17,0.91,0,0.00,2,1101.01,3,4,4,org.apache.jackrabbit.rmi.server.ServerObject,0.00,10,2,19,4,10,7,1,13,274,1
"org.apache.jackrabbit.rmi.server.ServerItemDefinition",7,0.17,1.14,21,0.17,2690.33,8,1,5,14,7,133.05,28,31,3,2,132.82,2.00,0.25,0.86,0,0.00,2,496.55,1,2,4,org.apache.jackrabbit.rmi.server.ServerObject,0.00,7,2,8,2,7,5,1,9,132,1
"org.apache.jackrabbit.rmi.server.ServerLock",7,0.17,1.00,16,0.12,1568.76,8,1,5,13,2,161.88,22,24,1,1,141.26,0.00,0.00,0.86,0,0.00,1,371.85,0,2,1,java.rmi.server.UnicastRemoteObject,0.00,6,1,7,0,6,5,1,9,106,1
"org.apache.jackrabbit.rmi.server.ServerNamespaceRegistry",7,0.17,1.86,29,0.28,5980.53,8,1,4,13,4,145.93,25,56,1,2,125.31,0.00,0.50,0.86,0,0.00,2,840.22,1,4,3,org.apache.jackrabbit.rmi.server.ServerObject,0.00,6,2,13,0,6,3,1,9,204,1
"org.apache.jackrabbit.rmi.server.ServerNode",49,0.02,2.02,209,2.27,50108.31,50,1,17,99,14,174.68,80,393,3,3,124.68,1.00,0.40,0.98,1,0.00,3,6799.01,5,26,11,org.apache.jackrabbit.rmi.server.ServerItem,0.00,50,3,99,2,50,23,1,57,1568,1
"org.apache.jackrabbit.rmi.server.ServerNodeDefinition",4,0.33,1.25,15,0.13,2442.93,5,1,5,8,5,113.34,21,22,1,3,131.21,0.00,0.67,0.75,0,0.00,2,392.74,2,2,4,org.apache.jackrabbit.rmi.server.ServerItemDefinition,0.00,4,3,5,0,4,2,1,6,100,1
"org.apache.jackrabbit.rmi.server.ServerNodeType",19,0.28,1.21,61,0.60,16855.76,20,1,8,34,6,150.56,58,88,1,2,129.94,0.00,0.50,0.74,4,0.00,3,1804.62,1,10,5,org.apache.jackrabbit.rmi.server.ServerObject,0.00,15,2,23,0,15,9,1,23,439,1
"org.apache.jackrabbit.rmi.server.ServerNodeTypeManager",5,0.25,1.80,21,0.22,4191.09,6,1,6,11,6,125.62,23,45,1,2,125.39,1.00,0.33,0.80,0,0.00,2,669.14,2,4,5,org.apache.jackrabbit.rmi.server.ServerObject,0.00,6,2,9,1,6,1,1,7,160,1
"org.apache.jackrabbit.rmi.server.ServerObject",6,0.40,5.00,70,0.79,43690.71,7,1,30,32,19,57.24,69,82,15,1,101.37,0.00,0.00,0.67,1,0.00,19,2376.12,0,5,4,java.rmi.server.UnicastRemoteObject,0.00,26,1,30,30,26,1,0,9,501,1
"org.apache.jackrabbit.rmi.server.ServerObservationManager",6,0.07,2.17,41,0.42,11436.92,9,3,9,16,7,67.86,50,66,1,2,115.96,0.00,0.50,0.39,1,10.00,3,1248.78,1,2,6,org.apache.jackrabbit.rmi.server.ServerObject,0.00,10,2,13,0,10,4,1,18,267,1
"org.apache.jackrabbit.rmi.server.ServerProperty",9,0.12,1.89,37,0.36,7355.31,10,1,7,19,6,165.35,26,67,1,3,125.46,0.00,0.67,0.89,0,0.00,2,1086.84,2,3,5,org.apache.jackrabbit.rmi.server.ServerItem,0.00,10,3,17,0,10,6,1,11,262,1
"org.apache.jackrabbit.rmi.server.ServerPropertyDefinition",5,0.25,1.00,13,0.11,1558.13,6,1,5,10,5,140.37,23,21,1,3,140.13,0.00,0.67,0.80,0,0.00,1,337.32,0,2,4,org.apache.jackrabbit.rmi.server.ServerItemDefinition,0.00,5,3,5,0,5,3,1,7,92,1
"org.apache.jackrabbit.rmi.server.ServerQuery",6,0.20,1.00,15,0.14,1807.56,7,1,6,12,7,160.86,22,26,1,2,140.25,0.00,0.50,0.83,0,0.00,1,413.34,1,5,6,org.apache.jackrabbit.rmi.server.ServerObject,0.00,6,2,6,0,6,1,1,8,111,1
"org.apache.jackrabbit.rmi.server.ServerQueryManager",4,0.33,1.75,19,0.20,4313.58,5,1,7,8,4,106.66,22,36,1,2,124.53,0.00,0.50,0.75,0,0.00,2,613.48,2,3,4,org.apache.jackrabbit.rmi.server.ServerObject,0.00,4,2,7,0,4,1,1,7,141,1
"org.apache.jackrabbit.rmi.server.ServerQueryResult",4,0.33,1.00,11,0.11,1384.30,5,1,5,9,6,121.90,20,19,2,2,139.78,0.00,0.50,0.75,0,0.00,1,324.93,1,3,4,org.apache.jackrabbit.rmi.server.ServerObject,0.00,5,2,4,0,5,1,1,6,86,1
"org.apache.jackrabbit.rmi.server.ServerRepository",7,0.17,1.57,29,0.32,6558.95,8,1,7,11,5,145.65,24,50,1,2,125.04,0.00,0.50,0.86,0,0.00,2,947.88,2,6,4,org.apache.jackrabbit.rmi.server.ServerObject,0.00,4,2,11,0,4,1,1,9,219,1
"org.apache.jackrabbit.rmi.server.ServerRow",3,0.50,1.00,9,0.09,1237.83,4,1,6,7,5,100.38,19,15,1,2,132.61,0.00,0.50,0.67,0,1.00,1,282.97,0,2,4,org.apache.jackrabbit.rmi.server.ServerObject,0.00,4,2,3,0,4,1,1,5,73,1
"org.apache.jackrabbit.rmi.server.ServerSession",27,0.00,1.59,95,0.99,21289.66,29,2,12,58,8,180.28,50,173,2,2,130.28,1.00,0.33,0.50,0,0.00,2,2976.73,4,12,6,org.apache.jackrabbit.rmi.server.ServerObject,0.00,31,2,43,1,31,15,1,30,709,1
"org.apache.jackrabbit.rmi.server.ServerVersion",6,0.40,2.00,32,0.31,9777.06,7,1,6,12,5,77.18,42,48,1,4,119.47,0.00,0.75,0.67,1,0.00,3,937.06,2,5,4,org.apache.jackrabbit.rmi.server.ServerNode,0.00,6,4,12,0,6,1,1,18,216,1
"org.apache.jackrabbit.rmi.server.ServerVersionHistory",13,0.08,1.77,52,0.57,12521.79,14,1,7,26,6,164.80,31,97,1,4,124.91,0.00,0.75,0.92,0,0.00,3,1716.76,3,7,5,org.apache.jackrabbit.rmi.server.ServerNode,0.00,13,4,23,0,13,6,1,16,399,1
"org.apache.jackrabbit.rmi.server.ServerWorkspace",12,0.09,1.92,54,0.59,13328.98,14,2,14,26,8,164.29,35,103,1,2,124.41,1.00,0.33,0.42,2,0.00,3,1778.27,2,6,7,org.apache.jackrabbit.rmi.server.ServerObject,0.00,14,2,23,1,14,6,1,15,408,1
"org.apache.jackrabbit.rmi.server.ServerXAResource",11,0.20,1.82,42,0.41,8423.84,12,1,6,22,2,180.35,11,73,1,1,130.35,0.00,0.00,0.82,1,0.00,2,1217.48,0,2,1,java.rmi.server.UnicastRemoteObject,0.00,11,1,20,0,11,9,1,3,298,1
"org.apache.jackrabbit.rmi.server.ServerXASession",2,1.00,1.00,7,0.07,865.83,3,1,4,4,6,100.22,12,11,1,3,132.44,0.00,0.67,0.50,0,2.00,1,195.26,1,1,5,org.apache.jackrabbit.rmi.server.ServerSession,0.00,2,3,2,0,2,1,1,3,52,1
"org.apache.jackrabbit.jcr.AbstractItemStateFactory",4,0.17,1.25,20,0.19,3816.01,6,2,4,12,5,103.54,23,26,2,1,121.41,0.00,0.00,0.38,1,0.00,2,559.80,0,0,3,java.lang.Object,0.00,8,0,5,2,8,4,1,9,136,2
"org.apache.jackrabbit.jcr.ChangeLog",22,0.12,2.32,145,1.60,51559.42,28,6,16,66,19,72.95,161,196,12,1,115.24,0.00,0.00,0.28,3,50.00,12,4797.45,0,5,9,java.lang.Object,0.00,44,0,51,0,44,17,0,49,1010,1
"org.apache.jackrabbit.jcr.EmptyNodeReferences",4,1.00,1.25,11,0.06,853.15,5,1,2,6,4,141.38,3,17,3,1,141.38,0.00,0.00,0.25,0,6.00,2,186.20,0,1,1,java.lang.Object,0.00,2,0,5,0,2,3,1,1,56,0
"org.apache.jackrabbit.jcr.ItemState",21,0.07,1.90,106,1.21,44685.07,27,6,17,51,46,70.47,174,153,35,1,118.57,0.00,0.00,0.10,7,128.00,7,3638.21,0,7,15,java.lang.Object,0.00,30,0,40,2,30,14,0,42,751,2
"org.apache.jackrabbit.jcr.ItemStateCreationListener",1,0.00,1.00,2,0.01,60.50,1,0,0,1,5,103.45,7,3,4,2,145.74,0.00,0.50,0.00,0,1.00,1,35.16,0,0,1,,0.00,0,1,1,0,0,1,0,2,13,1
"org.apache.jackrabbit.jcr.ItemStateFactory",9,0.00,1.00,10,0.10,577.47,9,0,7,9,17,108.66,79,14,11,1,156.77,0.00,0.00,0.00,0,9.00,1,305.47,0,2,8,,0.00,0,0,9,0,0,7,0,10,93,1
"org.apache.jackrabbit.jcr.ItemStateLifeCycleListener",1,0.00,1.00,2,0.01,54.79,1,0,0,1,1,101.95,11,3,1,1,146.08,0.00,0.00,0.00,0,1.00,1,36.53,0,0,1,,0.00,0,0,1,0,0,1,0,2,13,1
"org.apache.jackrabbit.jcr.ItemStateValidator",16,0.07,3.31,145,2.34,88280.68,26,10,24,68,20,131.95,304,222,5,1,105.66,0.00,0.00,0.16,8,4.00,7,7022.07,0,1,15,java.lang.Object,0.00,52,0,53,0,52,15,0,63,1319,1
"org.apache.jackrabbit.jcr.NodeReferences",2,0.00,1.00,3,0.01,46.83,2,0,1,2,7,117.92,14,4,7,1,160.22,0.00,0.00,0.00,0,2.00,1,31.22,0,1,0,,0.00,0,0,2,0,0,1,0,3,14,1
"org.apache.jackrabbit.jcr.NodeState",27,0.17,2.37,192,2.61,137174.82,31,4,21,98,68,61.99,231,253,58,2,110.09,0.00,0.50,0.08,6,195.00,20,7839.51,2,11,16,org.apache.jackrabbit.jcr2spi.state.ItemState,0.21,71,1,64,0,71,16,0,69,1459,1
"org.apache.jackrabbit.jcr.PropertyState",16,0.08,2.38,105,1.15,45187.30,21,5,14,41,32,66.49,142,138,24,2,114.60,0.00,0.50,0.12,3,74.00,6,3445.05,4,5,11,org.apache.jackrabbit.jcr2spi.state.ItemState,0.27,25,1,38,0,25,11,0,31,727,1
"org.apache.jackrabbit.jcr.PropertyState$TransientData",3,0.50,2.33,18,0.16,4278.73,5,2,14,5,1,166.94,5,22,0,1,116.94,0.00,0.00,0.17,2,4.00,4,490.67,0,0,1,java.lang.Object,0.00,2,0,7,0,2,3,0,5,116,1
"org.apache.jackrabbit.jcr.SessionItemStateManager",38,0.02,1.79,252,3.92,135733.19,44,6,56,130,47,81.64,259,344,2,1,113.86,0.00,0.00,0.14,7,254.00,8,11747.71,0,4,45,java.lang.Object,0.00,92,0,68,0,92,34,2,95,2203,1
"org.apache.jackrabbit.jcr.Status",7,0.21,3.00,67,0.78,37419.05,18,11,0,8,24,114.93,123,111,24,1,105.79,0.00,0.00,0.27,0,13.00,7,2344.06,0,1,0,java.lang.Object,0.00,1,0,21,0,1,6,0,34,481,2
"org.apache.jackrabbit.jcr.TransientISFactory",12,0.06,1.08,41,0.44,7417.88,15,3,13,26,19,131.44,53,60,1,2,131.20,0.00,0.50,0.28,0,24.00,2,1307.00,1,1,18,org.apache.jackrabbit.jcr2spi.state.AbstractItemStateFactory,0.00,14,1,13,0,14,11,2,21,318,2
"org.apache.jackrabbit.jcr.TransientItemStateFactory",2,0.00,1.00,3,0.03,130.89,2,0,5,2,11,108.22,20,7,4,2,156.70,0.00,0.50,0.00,0,2.00,1,82.09,0,0,7,,0.00,0,1,2,0,0,2,0,3,26,1
"org.apache.jackrabbit.jcr.TransientItemStateManager",10,0.11,1.40,35,0.43,8615.65,12,2,12,26,13,81.90,87,63,1,1,130.01,0.00,0.00,0.40,0,0.00,4,1300.45,0,1,12,java.lang.Object,0.00,16,0,14,0,16,9,1,22,297,1
"org.apache.jackrabbit.jcr.UpdatableItemStateManager",3,0.00,1.00,4,0.02,134.12,3,0,2,3,5,125.78,19,5,3,1,158.00,0.00,0.00,0.00,0,3.00,1,73.06,0,0,2,,0.00,0,0,3,0,0,3,0,4,26,1
"org.apache.jackrabbit.jcr.WorkspaceItemStateFactory",16,0.03,2.75,159,2.18,85547.47,20,4,27,74,22,55.82,145,215,1,2,105.81,0.00,0.50,0.28,7,50.00,6,6539.21,1,3,21,org.apache.jackrabbit.jcr2spi.state.AbstractItemStateFactory,0.00,58,1,44,0,58,13,1,55,1232,1
"org.apache.jackrabbit.jcr.WorkspaceItemStateFactory$NodeReferencesImpl",3,0.50,1.33,13,0.12,2330.64,4,1,27,9,2,125.95,12,18,0,1,125.71,0.00,0.00,0.67,0,1.00,2,360.05,0,1,2,java.lang.Object,0.00,6,0,4,0,6,2,1,4,87,1
"org.apache.jackrabbit.webdav.security.AclProperty",6,1.00,1.50,25,0.36,9112.73,7,1,13,18,16,81.10,43,34,5,2,123.39,0.00,0.50,0.17,0,10.00,3,1068.99,0,2,12,org.apache.jackrabbit.webdav.property.AbstractDavProperty,0.00,12,1,9,0,12,4,0,6,230,1
"org.apache.jackrabbit.webdav.security.AclProperty$Ace",11,0.11,2.09,87,1.20,56651.20,23,12,13,31,9,149.96,23,109,0,1,110.08,0.00,0.00,0.18,0,56.00,6,3612.76,0,3,9,java.lang.Object,0.00,20,0,23,0,20,8,2,3,681,2
"org.apache.jackrabbit.webdav.security.AclResource",2,2.00,1.00,5,0.04,367.86,4,2,6,2,9,168.22,38,6,3,2,141.94,0.00,0.50,0.00,0,2.00,1,131.07,0,1,7,,0.00,0,1,2,0,0,1,0,5,38,1
"org.apache.jackrabbit.webdav.security.AclRestrictionsProperty",7,0.10,1.57,35,0.32,6334.71,14,7,5,12,5,142.16,25,47,0,2,121.54,0.00,0.50,0.22,0,16.00,5,948.16,1,2,5,org.apache.jackrabbit.webdav.property.AbstractDavProperty,0.00,5,1,11,0,5,5,0,6,221,1
"org.apache.jackrabbit.webdav.security.CurrentUserPrivilegeSetProperty",3,0.50,3.67,28,0.34,12290.41,4,1,10,12,8,64.37,21,36,2,2,106.66,0.00,0.50,0.67,0,1.00,7,1026.70,1,1,6,org.apache.jackrabbit.webdav.property.AbstractDavProperty,0.00,9,1,11,0,9,2,0,5,202,1
"org.apache.jackrabbit.webdav.security.Principal",13,0.08,2.31,92,1.13,38185.10,33,20,10,31,11,161.97,22,118,4,1,111.97,0.00,0.00,0.12,2,106.00,8,3395.28,0,10,7,java.lang.Object,0.00,18,0,30,0,18,3,2,7,668,1
"org.apache.jackrabbit.webdav.security.Privilege",6,0.01,1.67,44,0.67,23971.11,21,15,9,20,14,129.13,110,55,8,1,111.00,0.00,0.00,0.08,1,14.00,4,2024.78,0,5,6,java.lang.Object,0.00,14,0,10,0,14,1,1,20,399,1
"org.apache.jackrabbit.webdav.security.SecurityConstants",0,0.00,0.00,15,0.36,11418.95,14,14,6,2,20,171.00,65,16,14,1,171.00,0.00,0.00,0.00,0,0.00,0,1070.05,0,0,6,,0.00,2,0,0,0,2,0,0,17,196,1
"org.apache.jackrabbit.webdav.security.SupportedPrivilege",2,0.75,4.00,33,0.40,13848.28,10,8,5,9,7,53.23,14,41,2,1,95.52,0.00,0.00,0.50,0,2.00,6,1198.46,0,1,5,java.lang.Object,0.00,7,0,8,0,7,1,1,3,239,1
"org.apache.jackrabbit.webdav.security.SupportedPrivilegeSetProperty",2,1.00,1.50,7,0.07,1018.77,3,1,3,4,3,94.23,24,10,0,2,131.79,0.00,0.50,0.50,0,2.00,2,210.58,0,1,3,org.apache.jackrabbit.webdav.property.AbstractDavProperty,0.00,2,1,3,0,2,1,0,3,54,1
"org.apache.jackrabbit.core.persistence.util.BLOBStore",4,0.00,1.00,5,0.04,175.53,4,0,2,4,7,109.59,41,6,6,1,158.07,0.00,0.00,0.00,0,4.00,1,125.02,0,2,1,,0.00,0,0,4,0,0,2,0,5,41,1
"org.apache.jackrabbit.core.persistence.util.FileSystemBLOBStore",6,0.60,2.00,47,0.56,23633.05,7,1,7,24,13,93.13,35,60,8,1,111.00,0.00,0.00,0.50,1,6.00,4,1683.16,0,3,5,java.lang.Object,0.00,18,0,12,3,18,3,1,16,335,1
"org.apache.jackrabbit.core.persistence.util.ResourceBasedBLOBStore",1,0.00,1.00,2,0.01,72.19,1,0,2,1,6,107.57,12,3,4,2,145.14,0.00,0.50,0.00,0,1.00,1,42.09,0,1,2,,0.00,0,1,1,0,0,0,0,2,15,1
"org.apache.jackrabbit.core.persistence.util.Serializer",6,0.20,4.33,162,2.37,136352.57,8,2,24,80,23,132.24,149,182,8,1,82.96,0.00,0.00,0.33,0,14.00,6,7095.38,0,0,15,java.lang.Object,0.00,74,0,26,0,74,6,0,81,1211,2
"org.apache.jackrabbit.jcr.CacheBehaviour",1,2.00,1.00,4,0.03,1028.34,3,2,0,2,10,158.21,20,6,10,1,124.82,0.00,0.00,0.00,0,1.00,1,104.79,0,0,0,java.lang.Object,0.00,1,0,1,0,1,1,0,3,31,2
"org.apache.jackrabbit.jcr.RepositoryConfig",3,0.00,1.00,4,0.02,86.13,3,0,2,3,8,199.40,8,5,6,1,159.52,0.00,0.00,0.00,0,3.00,1,50.87,0,3,2,,0.00,0,0,3,0,0,0,0,1,21,1
"org.apache.jackrabbit.webdav.search.QueryGrammerSet",5,0.25,1.60,31,0.36,13070.93,6,1,9,15,8,72.66,36,37,3,2,114.95,0.00,0.50,0.80,0,0.00,3,1082.80,1,3,5,org.apache.jackrabbit.webdav.property.AbstractDavProperty,0.00,10,1,8,0,10,2,1,6,232,1
"org.apache.jackrabbit.webdav.search.QueryGrammerSet$Grammer",3,0.17,1.67,16,0.12,1760.30,6,3,9,6,2,123.01,0,22,0,1,123.01,0.00,0.00,0.22,0,1.00,3,361.13,0,0,2,java.lang.Object,0.00,3,0,5,0,3,3,0,0,95,1
"org.apache.jackrabbit.webdav.search.SearchConstants",0,0.00,0.00,9,0.15,3100.00,8,8,3,2,6,171.00,51,10,3,1,171.00,0.00,0.00,0.00,0,0.00,0,440.00,0,0,3,,0.00,2,0,0,0,2,0,0,12,88,1
"org.apache.jackrabbit.webdav.search.SearchInfo",8,0.05,1.62,57,0.70,25989.14,14,6,17,29,13,61.71,77,66,6,1,111.71,0.00,0.00,0.21,0,24.00,5,2103.92,0,6,7,java.lang.Object,0.00,21,0,13,0,21,2,2,11,429,1
"org.apache.jackrabbit.webdav.search.SearchResource",2,2.00,1.00,5,0.03,256.09,4,2,2,2,10,123.03,29,6,6,1,143.18,0.00,0.00,0.00,0,2.00,1,102.41,0,2,4,,0.00,0,0,2,0,0,0,0,5,32,1
"org.apache.jackrabbit.rmi.remote.ArrayIterator",4,0.33,2.00,29,0.27,10725.40,6,2,2,7,2,64.21,33,38,1,1,112.32,0.00,0.00,0.75,0,0.00,3,801.39,0,1,1,java.lang.Object,0.00,3,0,8,0,3,3,2,7,176,1
"org.apache.jackrabbit.rmi.remote.BufferIterator",4,0.11,2.00,29,0.30,13246.12,7,3,3,9,2,61.60,39,38,1,1,111.60,0.00,0.00,0.42,0,6.00,4,912.13,0,1,1,java.lang.Object,0.00,5,0,8,0,5,3,2,8,198,1
"org.apache.jackrabbit.rmi.remote.RemoteEventCollection",2,0.00,1.00,4,0.03,202.57,2,0,2,2,7,106.42,25,5,7,2,143.98,0.00,0.50,0.00,0,2.00,1,77.16,0,0,0,,0.00,0,1,2,0,0,2,0,4,27,1
"org.apache.jackrabbit.rmi.remote.RemoteEventCollection$RemoteEvent",3,0.00,1.00,4,0.02,125.94,3,0,2,3,0,126.00,18,5,0,2,158.22,0.00,0.50,0.00,0,3.00,1,68.99,0,2,0,,0.00,0,1,3,0,0,1,0,3,26,2
"org.apache.jackrabbit.rmi.remote.RemoteItem",10,0.00,1.00,11,0.07,345.17,10,0,3,10,14,108.89,97,14,14,2,158.89,0.00,0.50,0.00,0,10.00,1,224.08,0,3,1,,0.00,0,1,10,0,0,7,0,11,79,1
"org.apache.jackrabbit.rmi.remote.RemoteItemDefinition",6,0.00,1.00,7,0.04,175.78,6,0,2,6,8,115.32,71,8,7,2,159.45,0.00,0.50,0.00,0,6.00,1,111.15,0,2,1,,0.00,0,1,6,0,0,4,0,7,43,1
"org.apache.jackrabbit.rmi.remote.RemoteIterator",3,0.00,1.00,4,0.03,150.25,3,0,3,3,21,120.05,38,5,21,2,157.62,0.00,0.50,0.00,0,3.00,1,86.13,0,1,0,,0.00,0,1,3,0,0,2,0,4,30,1
"org.apache.jackrabbit.rmi.remote.RemoteLock",6,0.00,1.00,7,0.04,188.20,6,0,3,6,10,110.74,62,8,10,2,159.22,0.00,0.50,0.00,0,6.00,1,119.44,0,2,0,,0.00,0,1,6,0,0,4,0,7,45,1
"org.apache.jackrabbit.rmi.remote.RemoteNamespaceRegistry",6,0.00,1.00,7,0.06,334.83,6,0,3,6,10,119.68,76,10,10,2,157.25,0.00,0.50,0.00,0,6.00,1,185.17,0,4,0,,0.00,0,1,6,0,0,2,0,7,61,1
"org.apache.jackrabbit.rmi.remote.RemoteNode",47,0.00,1.00,48,0.44,2107.78,47,0,3,47,24,107.99,467,71,17,2,157.99,0.00,0.50,0.00,0,47.00,1,1332.81,0,17,8,,0.00,0,1,47,0,0,30,0,48,423,1
"org.apache.jackrabbit.rmi.remote.RemoteNodeDefinition",3,0.00,1.00,4,0.02,122.02,3,0,1,3,12,147.97,45,5,12,2,158.33,0.00,0.50,0.00,0,3.00,1,68.77,0,0,1,,0.00,0,1,3,0,0,3,0,4,26,1
"org.apache.jackrabbit.rmi.remote.RemoteNodeType",16,0.00,1.00,17,0.12,654.48,16,0,3,16,25,109.83,162,18,24,2,158.31,0.00,0.50,0.00,0,16.00,1,373.02,0,8,2,,0.00,0,1,16,0,0,8,0,17,128,1
"org.apache.jackrabbit.rmi.remote.RemoteNodeTypeManager",4,0.00,1.00,5,0.04,167.42,4,0,3,4,14,147.87,60,10,12,2,158.23,0.00,0.50,0.00,0,4.00,1,105.58,0,0,2,,0.00,0,1,4,0,0,4,0,5,37,1
"org.apache.jackrabbit.rmi.remote.RemoteObservationManager",3,0.00,1.00,4,0.06,349.47,3,0,3,3,10,198.67,68,10,9,2,154.73,0.00,0.50,0.00,0,3.00,1,168.33,0,0,1,,0.00,0,1,3,0,0,3,0,4,47,1
"org.apache.jackrabbit.rmi.remote.RemoteProperty",8,0.00,1.00,9,0.07,359.33,8,0,3,8,13,120.43,97,11,12,2,157.99,0.00,0.50,0.00,0,8.00,1,206.45,0,2,1,,0.00,0,1,8,0,0,6,0,9,70,1
"org.apache.jackrabbit.rmi.remote.RemotePropertyDefinition",4,0.00,1.00,5,0.03,161.32,4,0,2,4,12,138.21,56,6,12,2,158.36,0.00,0.50,0.00,0,4.00,1,88.42,0,2,0,,0.00,0,1,4,0,0,2,0,5,33,1
"org.apache.jackrabbit.rmi.remote.RemoteQuery",5,0.00,1.00,6,0.04,184.47,5,0,3,5,12,108.66,46,7,10,2,158.66,0.00,0.50,0.00,0,5.00,1,116.95,0,4,2,,0.00,0,1,5,0,0,1,0,6,42,1
"org.apache.jackrabbit.rmi.remote.RemoteQueryManager",3,0.00,1.00,4,0.04,189.63,3,0,3,3,11,119.26,37,8,10,2,156.82,0.00,0.50,0.00,0,3.00,1,107.17,0,3,1,,0.00,0,1,3,0,0,0,0,4,35,1
"org.apache.jackrabbit.rmi.remote.RemoteQueryResult",3,0.00,1.00,4,0.03,143.14,3,0,3,3,10,113.65,33,5,9,2,157.78,0.00,0.50,0.00,0,3.00,1,81.40,0,1,1,,0.00,0,1,3,0,0,2,0,4,29,1
"org.apache.jackrabbit.rmi.remote.RemoteRepository",6,0.00,1.00,7,0.06,289.75,6,0,4,6,17,120.18,76,11,16,2,157.74,0.00,0.50,0.00,0,6.00,1,174.97,0,2,1,,0.00,0,1,6,0,0,4,0,7,58,1
"org.apache.jackrabbit.rmi.remote.RemoteRow",2,0.00,1.00,3,0.02,126.98,2,0,4,2,8,127.42,27,5,8,2,156.80,0.00,0.50,0.00,0,2.00,1,70.62,0,2,0,,0.00,0,1,2,0,0,0,0,3,24,1
"org.apache.jackrabbit.rmi.remote.RemoteSession",26,0.00,1.00,27,0.25,1327.29,26,0,6,26,16,109.07,281,39,13,2,157.55,0.00,0.50,0.00,0,26.00,1,758.46,0,9,3,,0.00,0,1,26,0,0,17,0,27,240,1
"org.apache.jackrabbit.rmi.remote.RemoteVersion",4,0.00,1.00,5,0.04,191.14,4,0,3,4,14,147.42,61,6,14,2,157.78,0.00,0.50,0.00,0,4.00,1,105.40,0,4,1,,0.00,0,1,4,0,0,0,0,7,37,1
"org.apache.jackrabbit.rmi.remote.RemoteVersionHistory",12,0.00,1.00,13,0.12,602.99,12,0,2,12,13,120.04,152,21,12,2,157.60,0.00,0.50,0.00,0,12.00,1,358.54,0,3,2,,0.00,0,1,12,0,0,9,0,15,115,1
"org.apache.jackrabbit.rmi.remote.RemoteWorkspace",11,0.00,1.00,12,0.12,652.09,11,0,4,11,15,112.91,127,23,11,2,157.04,0.00,0.50,0.00,0,11.00,1,368.38,0,3,4,,0.00,0,1,11,0,0,8,0,12,114,1
"org.apache.jackrabbit.rmi.remote.RemoteXAResource",9,0.00,1.00,10,0.10,474.52,9,0,4,9,8,157.68,41,12,8,2,157.44,0.00,0.50,0.00,0,9.00,1,299.24,0,1,0,,0.00,0,1,9,0,0,8,0,10,93,1
"org.apache.jackrabbit.rmi.remote.RemoteXASession",1,0.00,1.00,2,0.01,68.18,1,0,2,1,4,96.85,10,3,3,3,145.33,0.00,0.67,0.00,0,1.00,1,37.97,0,1,1,,0.00,0,2,1,0,0,0,0,2,14,1
"org.apache.jackrabbit.core.AbstractConcurrencyTest",2,0.00,5.00,47,0.51,23158.86,2,0,4,12,6,39.36,20,43,5,4,87.83,1.67,0.33,0.00,0,0.00,5,1517.34,0,0,1,org.apache.jackrabbit.test.AbstractJCRTest,0.00,10,3,10,5,10,2,0,3,285,2
"org.apache.jackrabbit.core.AbstractConcurrencyTest$Executor",2,0.33,1.50,13,0.11,1601.97,5,3,4,5,0,119.01,0,19,0,1,119.01,0.00,0.00,0.50,0,2.00,2,333.55,0,0,0,java.lang.Object,0.00,3,0,3,0,3,2,1,0,84,2
"org.apache.jackrabbit.core.AbstractConcurrencyTest$Task",1,0.00,1.00,2,0.02,119.55,1,0,4,1,0,143.41,0,4,0,1,143.41,0.00,0.00,0.00,0,1.00,1,51.02,0,0,0,,0.00,0,0,1,0,0,1,0,0,16,1
"org.apache.jackrabbit.core.BatchedItemOperations",37,0.09,4.27,539,9.49,594288.50,49,12,43,178,33,128.18,772,842,3,2,94.79,0.00,0.50,0.17,17,0.00,24,28455.37,2,17,30,org.apache.jackrabbit.core.ItemValidator,0.00,141,1,158,0,141,20,0,207,4669,1
"org.apache.jackrabbit.core.CachingHierarchyManager",28,0.06,3.32,266,3.56,125032.90,37,9,24,101,18,64.10,221,381,2,2,106.39,0.00,0.50,0.17,8,134.00,7,10668.64,6,6,16,org.apache.jackrabbit.core.HierarchyManagerImpl,0.00,73,1,93,0,73,22,2,60,2059,1
"org.apache.jackrabbit.core.CachingHierarchyManager$LRUEntry",9,0.03,1.56,41,0.25,5701.31,13,4,24,10,1,108.50,51,56,0,1,126.38,0.00,0.00,0.22,2,38.00,5,750.92,0,4,1,java.lang.Object,0.00,1,0,14,0,1,5,0,13,201,1
"org.apache.jackrabbit.core.CachingHierarchyManager$PathMap.ElementVisitor",1,0.00,1.00,3,0.03,231.96,1,0,24,3,0,134.58,0,4,0,1,134.58,0.00,0.00,0.00,0,1.00,1,87.85,0,0,0,java.lang.Object,0.00,2,0,1,0,2,1,0,0,25,0
"org.apache.jackrabbit.core.CachingHierarchyManager$PathMap.ElementVisitor_0",1,0.00,1.00,3,0.03,231.96,1,0,24,3,0,134.58,0,4,0,1,134.58,0.00,0.00,0.00,0,1.00,1,87.85,0,0,0,java.lang.Object,0.00,2,0,1,0,2,1,0,0,25,0
"org.apache.jackrabbit.core.CachingHierarchyManager$PathMap.ElementVisitor_1",1,0.00,3.00,17,0.19,7649.85,1,0,24,8,0,94.27,0,17,0,1,94.27,0.00,0.00,0.00,0,1.00,3,578.13,0,0,0,java.lang.Object,0.00,7,0,3,0,7,1,0,0,114,0
"org.apache.jackrabbit.core.ConcurrencyTest",3,0.00,2.67,40,0.44,22647.86,7,4,7,14,2,138.57,8,42,1,4,98.68,0.00,0.75,0.25,0,4.00,6,1310.14,2,0,1,org.apache.jackrabbit.test.AbstractJCRTest,0.40,11,3,8,0,11,3,0,6,246,1
"org.apache.jackrabbit.core.ConcurrencyTest$TestSession",3,0.33,3.00,51,0.57,25876.47,6,3,7,17,0,143.86,3,62,0,1,93.86,0.00,0.00,0.56,1,0.00,6,1711.16,0,0,0,java.lang.Object,0.00,14,0,9,0,14,3,1,3,304,0
"org.apache.jackrabbit.core.ConcurrentCheckinMixedTransactionTest",1,1.00,2.00,10,0.12,2803.71,3,2,8,6,3,74.17,6,15,2,5,106.39,0.00,0.80,0.50,0,0.00,2,366.00,0,0,1,org.apache.jackrabbit.core.AbstractConcurrencyTest,0.00,5,4,2,0,5,1,0,3,78,1
"org.apache.jackrabbit.core.ConcurrentCheckinMixedTransactionTest$Runnable",1,0.00,2.00,6,0.03,331.82,1,0,8,4,0,121.96,0,8,0,1,121.96,0.00,0.00,0.00,0,0.00,2,87.95,0,0,0,java.lang.Object,0.00,3,0,2,0,3,1,0,0,25,0
"org.apache.jackrabbit.core.ConcurrentCheckinMixedTransactionTest$Runnable$Task",1,0.00,9.00,24,0.33,19445.46,1,0,8,10,2,85.24,0,36,0,1,85.24,0.00,0.00,0.00,0,1.00,9,986.28,0,0,2,java.lang.Object,0.00,9,0,9,0,9,1,0,0,171,0
"org.apache.jackrabbit.core.ConcurrentLoginTest",1,2.00,6.00,25,0.27,11976.42,3,2,7,11,2,75.97,15,24,1,4,86.33,0.00,0.75,0.00,0,1.00,6,811.19,0,0,1,org.apache.jackrabbit.test.AbstractJCRTest,0.00,10,3,6,0,10,1,0,6,155,1
"org.apache.jackrabbit.core.ConcurrentLoginTest$Runnable",1,0.00,3.00,12,0.10,2650.80,1,0,7,5,0,153.53,1,13,0,1,103.53,0.00,0.00,0.00,0,1.00,3,300.30,0,0,0,java.lang.Object,0.00,4,0,3,0,4,1,0,1,63,0
"org.apache.jackrabbit.core.ConcurrentNodeModificationTest",1,1.00,6.00,36,0.43,23262.01,5,4,7,13,2,40.59,12,34,1,4,78.15,0.00,0.75,0.75,0,0.00,6,1287.41,0,0,1,org.apache.jackrabbit.test.AbstractJCRTest,0.00,12,3,6,0,12,1,0,5,228,1
"org.apache.jackrabbit.core.ConcurrentNodeModificationTest$TestSession",3,0.33,2.33,43,0.49,18557.12,6,3,7,15,0,98.20,2,51,0,1,98.20,0.00,0.00,0.56,1,0.00,4,1456.13,0,0,0,java.lang.Object,0.00,12,0,7,0,12,3,1,2,265,0
"org.apache.jackrabbit.core.ConcurrentReadWriteTest",1,3.00,4.00,30,0.41,17496.42,4,3,9,20,2,82.40,4,32,1,5,82.17,0.00,0.80,0.00,0,0.00,4,1244.89,0,0,1,org.apache.jackrabbit.core.AbstractConcurrencyTest,0.00,19,4,4,0,19,1,0,1,218,1
"org.apache.jackrabbit.core.ConcurrentReadWriteTest$Runnable",1,0.00,2.00,6,0.03,350.43,1,0,9,4,0,121.78,0,8,0,1,121.78,0.00,0.00,0.00,0,0.00,2,93.95,0,0,0,java.lang.Object,0.00,3,0,2,0,3,1,0,0,26,0
"org.apache.jackrabbit.core.ConcurrentReadWriteTest$Runnable$Task",1,0.00,6.00,22,0.30,15108.07,1,0,9,13,0,137.60,1,28,0,1,87.60,0.00,0.00,0.00,0,1.00,6,901.13,0,0,0,java.lang.Object,0.00,12,0,6,0,12,1,0,1,154,0
"org.apache.jackrabbit.core.ConcurrentSaveTest",3,0.12,2.00,29,0.27,7121.22,7,4,8,15,2,129.28,9,38,1,4,108.66,0.00,0.75,0.33,0,2.00,3,798.89,2,0,1,org.apache.jackrabbit.test.AbstractJCRTest,0.40,12,3,6,0,12,3,0,3,178,1
"org.apache.jackrabbit.core.ConcurrentSaveTest$Thread",1,0.00,3.00,15,0.16,3935.02,1,0,8,7,0,148.57,1,16,0,1,98.57,0.00,0.00,0.00,0,0.00,3,465.69,0,0,0,java.lang.Object,0.00,6,0,3,0,6,1,0,1,90,0
"org.apache.jackrabbit.core.ConcurrentSaveTest$Thread_0",1,0.00,4.00,16,0.19,6143.03,1,0,8,7,0,135.82,2,18,0,1,95.93,0.00,0.00,0.00,0,0.00,4,573.66,0,0,0,java.lang.Object,0.00,6,0,4,0,6,1,0,2,107,0
"org.apache.jackrabbit.core.ConcurrentVersioningTest",4,0.00,1.00,15,0.08,859.13,6,2,7,5,2,174.72,11,16,1,5,134.84,0.00,0.80,0.50,0,0.00,1,242.16,1,0,1,org.apache.jackrabbit.core.AbstractConcurrencyTest,0.00,1,4,4,0,1,4,0,3,68,1
"org.apache.jackrabbit.core.ConcurrentVersioningTest$Task",1,0.00,2.00,9,0.08,2015.65,1,0,7,4,0,159.22,1,8,0,1,109.22,0.00,0.00,0.00,0,1.00,2,248.44,0,0,0,java.lang.Object,0.00,3,0,2,0,3,1,0,1,53,0
"org.apache.jackrabbit.core.ConcurrentVersioningTest$Task_0",1,0.00,2.00,12,0.11,2546.07,1,0,7,6,0,103.76,0,11,0,1,103.76,0.00,0.00,0.00,0,1.00,2,315.16,0,0,0,java.lang.Object,0.00,5,0,2,0,5,1,0,0,66,0
"org.apache.jackrabbit.core.ConcurrentVersioningTest$Task_1",1,0.00,2.00,12,0.11,2988.00,1,0,7,6,0,153.22,1,11,0,1,103.22,0.00,0.00,0.00,0,1.00,2,328.00,0,0,0,java.lang.Object,0.00,5,0,2,0,5,1,0,1,68,0
"org.apache.jackrabbit.core.ConcurrentVersioningTest$Task_2",1,0.00,3.00,20,0.22,6623.70,1,0,7,13,0,132.01,2,17,0,1,92.13,0.00,0.00,0.00,0,1.00,3,665.30,0,0,0,java.lang.Object,0.00,12,0,3,0,12,1,0,2,123,0
"org.apache.jackrabbit.core.ConcurrentVersioningWithTransactionsTest",5,0.12,1.20,20,0.13,2132.07,7,2,9,8,4,167.68,12,28,2,5,127.79,0.00,0.80,0.40,0,0.00,2,377.54,1,1,2,org.apache.jackrabbit.core.AbstractConcurrencyTest,0.00,3,4,6,0,3,4,0,4,101,1
"org.apache.jackrabbit.core.ConcurrentVersioningWithTransactionsTest$Task",1,0.00,4.00,23,0.32,19233.17,1,0,9,14,2,126.04,2,27,0,1,86.15,0.00,0.00,0.00,0,1.00,4,969.06,0,0,2,java.lang.Object,0.00,13,0,4,0,13,1,0,2,163,0
"org.apache.jackrabbit.core.ConcurrentVersioningWithTransactionsTest$Task_0",1,0.00,4.00,22,0.30,15439.21,1,0,9,15,1,137.62,1,25,0,1,87.62,0.00,0.00,0.00,0,1.00,4,892.64,0,0,1,java.lang.Object,0.00,14,0,4,0,14,1,0,1,152,0
"org.apache.jackrabbit.core.ConcurrentVersioningWithTransactionsTest$Task_1",1,0.00,4.00,21,0.29,14996.60,1,0,9,15,1,128.36,2,24,0,1,88.47,0.00,0.00,0.00,0,1.00,4,880.68,0,0,1,java.lang.Object,0.00,14,0,4,0,14,1,0,2,150,0
"org.apache.jackrabbit.core.ConcurrentVersioningWithTransactionsTest$Task_2",1,0.00,5.00,27,0.38,20615.41,1,0,9,18,0,103.88,3,28,0,1,83.26,0.00,0.00,0.00,0,1.00,5,1127.25,0,0,0,java.lang.Object,0.00,17,0,5,0,17,1,0,3,186,0
"org.apache.jackrabbit.core.HierarchyManager",6,0.00,1.00,7,0.07,293.54,6,0,4,6,18,113.57,70,10,14,1,157.70,0.00,0.00,0.00,0,6.00,1,195.70,0,3,4,,0.00,0,0,6,0,0,3,0,7,62,1
"org.apache.jackrabbit.core.HierarchyManagerImpl",18,0.01,3.22,195,2.47,118144.48,23,5,18,59,23,55.26,152,283,6,1,103.37,0.00,0.00,0.21,7,26.00,7,7424.85,0,10,17,java.lang.Object,0.00,41,0,58,3,41,8,1,41,1414,1
"org.apache.jackrabbit.core.InternalXAResource",6,0.00,1.00,7,0.04,169.53,6,0,0,6,5,127.35,37,8,4,1,159.57,0.00,0.00,0.00,0,6.00,1,128.53,0,0,2,,0.00,0,0,6,0,0,6,0,7,47,1
"org.apache.jackrabbit.core.ItemId",1,1.00,1.00,3,0.03,343.57,2,1,1,1,55,113.09,14,4,55,1,133.23,0.00,0.00,0.00,0,1.00,1,78.02,0,0,0,java.lang.Object,0.00,0,0,1,2,0,1,1,3,22,2
"org.apache.jackrabbit.core.ItemImpl",43,0.06,3.77,559,8.17,631743.84,56,13,52,193,31,52.20,480,781,6,1,96.33,0.00,0.00,0.14,20,606.00,26,24522.11,0,13,30,java.lang.Object,0.00,150,0,162,4,150,30,2,210,4107,2
"org.apache.jackrabbit.core.ItemLifeCycleListener",3,0.00,1.00,4,0.02,78.51,3,0,0,3,7,115.71,35,5,6,1,159.84,0.00,0.00,0.00,0,3.00,1,73.51,0,0,2,,0.00,0,0,3,0,0,3,0,4,27,1
"org.apache.jackrabbit.core.ItemManager",35,0.05,2.54,275,3.64,101991.38,42,7,35,114,45,69.69,255,401,23,1,111.98,0.00,0.00,0.19,11,124.00,6,10923.55,0,19,29,java.lang.Object,0.00,79,0,89,0,79,16,3,91,2156,1
"org.apache.jackrabbit.core.ItemValidator",6,0.15,3.33,78,1.12,55878.23,10,4,19,38,15,87.56,91,105,2,1,97.91,0.00,0.00,0.38,2,0.00,7,3356.44,0,3,13,java.lang.Object,0.00,32,0,20,1,32,3,0,22,624,1
"org.apache.jackrabbit.core.JackrabbitRepositoryStub",2,0.67,2.50,30,0.41,16087.00,8,6,8,14,3,135.46,42,37,0,2,96.16,0.00,0.50,0.50,0,2.00,4,1236.21,0,1,3,org.apache.jackrabbit.test.RepositoryStub,0.22,12,1,5,0,12,1,0,13,236,1
"org.apache.jackrabbit.core.LazyItemIterator",10,0.11,2.10,62,0.60,23470.93,15,5,12,21,3,67.16,82,85,2,1,115.26,0.00,0.00,0.30,2,6.00,8,1788.53,0,3,2,java.lang.Object,0.00,11,0,21,0,11,7,2,34,380,0
"org.apache.jackrabbit.core.LocalNamespaceMappings",9,0.42,3.56,83,1.02,41785.49,12,3,10,35,7,62.11,99,116,1,2,106.24,0.00,0.50,0.70,2,0.00,9,3049.87,1,3,6,org.apache.jackrabbit.namespace.AbstractNamespaceResolver,0.00,26,1,32,0,26,6,1,48,623,0
"org.apache.jackrabbit.core.LockTest",3,3.00,5.00,72,0.74,24317.84,6,3,10,15,3,56.14,19,64,1,4,88.36,0.00,0.75,0.00,0,0.00,5,2209.51,0,0,2,org.apache.jackrabbit.test.AbstractJCRTest,0.00,12,3,15,0,12,3,0,4,410,1
"org.apache.jackrabbit.core.LockTest$Thread",1,1.00,5.00,18,0.23,7228.62,2,1,10,14,1,143.42,1,23,0,1,93.42,0.00,0.00,0.00,0,1.00,5,697.78,0,0,1,java.lang.Object,0.00,13,0,5,0,13,1,0,1,130,0
"org.apache.jackrabbit.core.LockTest$Thread$Locked",1,0.00,2.00,10,0.10,2338.99,1,0,10,7,0,107.01,0,12,0,1,107.01,0.00,0.00,0.00,0,0.00,2,310.21,0,1,0,java.lang.Object,0.00,6,0,2,0,6,0,0,0,65,0
"org.apache.jackrabbit.core.LockTest$Thread_0",1,0.00,5.00,20,0.28,9047.99,2,1,10,13,1,140.94,1,24,0,1,90.94,0.00,0.00,1.00,0,0.00,5,853.33,0,0,1,java.lang.Object,0.00,12,0,5,0,12,1,0,1,153,0
"org.apache.jackrabbit.core.LockTest$Thread_0$Locked_1",1,0.00,1.00,7,0.07,1442.31,1,0,10,6,0,114.60,0,8,0,1,114.60,0.00,0.00,0.00,0,1.00,1,212.33,0,1,0,java.lang.Object,0.00,5,0,1,0,5,0,0,0,48,0
"org.apache.jackrabbit.core.LockTest$Thread_2",1,0.00,6.00,24,0.36,15205.44,2,1,10,14,1,126.06,2,29,0,1,86.17,0.00,0.00,1.00,0,0.00,6,1070.96,0,0,1,java.lang.Object,0.00,13,0,6,0,13,1,0,2,183,0
"org.apache.jackrabbit.core.LockTest$Thread_2$Locked_3",1,0.00,1.00,7,0.07,1442.31,1,0,10,6,0,114.60,0,8,0,1,114.60,0.00,0.00,0.00,0,1.00,1,212.33,0,1,0,java.lang.Object,0.00,5,0,1,0,5,0,0,0,48,0
"org.apache.jackrabbit.core.MultiThreadingTests",1,0.00,1.00,14,0.16,5586.62,1,0,3,3,10,98.97,4,16,0,2,98.74,0.00,0.50,0.00,0,1.00,1,465.96,0,1,10,junit.framework.TestCase,0.00,2,1,1,0,2,0,0,1,103,1
"org.apache.jackrabbit.core.NamespaceRegistryImpl",20,0.06,2.85,220,2.89,135097.72,34,14,22,64,19,53.65,162,311,10,2,101.76,0.00,0.50,0.13,7,104.00,12,8664.89,2,8,9,org.apache.jackrabbit.namespace.AbstractNamespaceResolver,0.00,44,1,57,0,44,12,2,71,1643,1
"org.apache.jackrabbit.core.NamespaceRegistryImplTest",4,0.44,2.75,34,0.35,7160.30,10,6,5,13,4,132.08,14,54,1,2,111.46,0.00,0.50,0.50,1,0.00,5,1055.24,0,0,3,junit.framework.TestCase,0.00,9,1,11,0,9,4,0,5,238,1
"org.apache.jackrabbit.core.NodeId",7,0.17,1.57,27,0.21,4279.21,10,3,1,13,132,88.87,50,39,130,2,131.16,0.00,0.50,0.19,0,15.00,3,637.33,0,3,2,org.apache.jackrabbit.core.ItemId,0.25,6,1,11,0,6,4,0,12,162,1
"org.apache.jackrabbit.core.NodeIdIterator",1,0.00,1.00,2,0.01,59.45,1,0,2,1,9,97.32,10,3,8,2,145.80,0.00,0.50,0.00,0,1.00,1,33.60,0,0,1,,0.00,0,1,1,0,0,1,0,2,13,1
"org.apache.jackrabbit.core.NodeImpl",132,0.11,3.84,1809,27.35,1581462.47,136,4,80,476,74,48.54,1436,2595,34,2,97.02,2.00,0.25,0.14,51,3910.00,38,82040.45,9,66,47,org.apache.jackrabbit.core.ItemImpl,0.07,344,1,507,2,344,66,1,622,13937,1
"org.apache.jackrabbit.core.PropertyId",8,0.04,1.75,42,0.43,14364.07,12,4,2,19,56,76.88,59,58,52,2,119.17,0.00,0.50,0.22,0,18.00,3,1288.02,0,3,4,org.apache.jackrabbit.core.ItemId,0.22,11,1,14,0,11,5,0,14,285,1
"org.apache.jackrabbit.core.PropertyImpl",39,0.08,3.26,468,6.16,237529.52,41,2,34,118,26,58.38,301,658,7,2,100.67,0.00,0.50,0.42,6,0.00,11,18475.08,3,13,22,org.apache.jackrabbit.core.ItemImpl,0.15,79,1,127,0,79,26,1,169,3416,1
"org.apache.jackrabbit.core.ReadVersionsWhileModified",1,1.00,3.00,14,0.18,4453.72,2,1,5,11,2,51.16,8,18,1,5,99.26,0.00,0.80,0.00,0,0.00,3,546.73,0,0,1,org.apache.jackrabbit.core.AbstractConcurrencyTest,0.00,10,4,3,0,10,1,0,2,107,1
"org.apache.jackrabbit.core.ReadVersionsWhileModified$Runnable",1,0.00,3.00,10,0.12,3179.38,1,0,5,8,0,105.87,0,15,0,1,105.87,0.00,0.00,0.00,0,0.00,3,356.06,0,0,0,java.lang.Object,0.00,7,0,3,0,7,1,0,0,73,0
"org.apache.jackrabbit.core.ReadWhileSaveTest",2,0.00,3.00,34,0.40,11994.24,2,0,14,20,1,115.71,6,38,0,4,95.10,0.00,0.75,0.00,1,0.00,4,1210.59,0,1,1,org.apache.jackrabbit.test.AbstractJCRTest,0.00,18,3,6,0,18,1,0,3,219,1
"org.apache.jackrabbit.core.ReadWhileSaveTest$Runnable",1,0.00,4.00,15,0.15,4391.71,1,0,14,10,0,98.13,0,18,0,1,98.13,0.00,0.00,0.00,0,1.00,4,443.99,0,0,0,java.lang.Object,0.00,9,0,4,0,9,1,0,0,89,0
"org.apache.jackrabbit.core.RepositoryImpl",49,0.03,2.20,412,5.53,212954.14,79,30,78,199,70,60.00,516,622,24,2,108.48,0.00,0.50,0.06,16,1110.00,11,16590.01,0,31,51,org.apache.jackrabbit.commons.AbstractRepository,0.00,150,1,108,0,150,18,3,154,3030,1
"org.apache.jackrabbit.core.RepositoryImpl$ExternalEventListener",5,0.00,1.00,11,0.07,733.18,5,0,78,11,5,163.33,17,17,0,1,142.71,0.00,0.00,0.00,0,5.00,1,224.01,0,3,5,java.lang.Object,0.00,6,0,5,0,6,2,1,7,68,0
"org.apache.jackrabbit.core.RepositoryImpl$WorkspaceInfo",21,0.09,2.71,185,2.02,60875.95,35,14,78,64,19,59.82,202,295,0,1,109.82,0.00,0.00,0.16,7,181.00,8,6065.62,0,9,19,java.lang.Object,0.00,43,0,57,0,43,12,1,63,1190,1
"org.apache.jackrabbit.core.RepositoryImpl$WorkspaceJanitor",2,0.50,3.50,32,0.32,10626.24,4,2,78,9,2,95.99,33,39,0,1,96.46,0.00,0.00,0.75,0,0.00,6,957.01,0,0,2,java.lang.Object,0.00,7,0,7,0,7,2,1,11,185,1
"org.apache.jackrabbit.core.SearchManager",12,0.10,3.75,163,2.38,117198.98,36,24,40,68,34,97.25,196,239,7,1,97.73,0.00,0.00,0.13,4,8.00,14,7129.20,0,6,27,java.lang.Object,0.00,56,0,45,0,56,6,1,52,1254,1
"org.apache.jackrabbit.core.SearchManager$NodeIdIterator",4,0.67,1.00,10,0.07,749.95,5,1,40,8,1,141.87,0,14,0,1,141.87,0.00,0.00,0.50,1,4.00,1,202.85,0,1,1,java.lang.Object,0.00,4,0,4,0,4,3,0,0,60,0
"org.apache.jackrabbit.core.SearchManager$NodeStateIterator",4,0.67,1.50,19,0.20,5911.16,5,1,40,11,4,123.49,2,26,0,1,123.49,0.00,0.00,0.50,1,4.00,3,611.36,0,2,4,java.lang.Object,0.00,7,0,6,0,7,2,0,2,133,0
"org.apache.jackrabbit.core.SessionImpl",69,0.01,2.32,510,6.58,350327.83,92,23,76,223,83,67.81,534,746,50,2,110.10,2.00,0.25,0.05,16,2761.00,22,19732.23,0,38,41,org.apache.jackrabbit.commons.AbstractSession,0.00,154,1,160,2,154,31,2,194,3670,1
"org.apache.jackrabbit.core.SessionListener",2,0.00,1.00,3,0.01,46.02,2,0,0,2,5,110.28,19,4,5,1,160.28,0.00,0.00,0.00,0,2.00,1,41.02,0,0,1,,0.00,0,0,2,0,0,2,0,3,17,1
"org.apache.jackrabbit.core.SystemSession",3,0.00,1.00,11,0.13,2138.77,3,0,12,9,9,86.61,34,22,3,3,130.74,0.00,0.67,0.00,0,3.00,1,401.72,0,2,7,org.apache.jackrabbit.core.SessionImpl,0.00,6,2,3,0,6,1,0,8,95,0
"org.apache.jackrabbit.core.SystemSession$SystemAccessManager",6,0.00,1.00,9,0.08,563.02,6,0,12,6,3,137.60,35,21,0,1,155.47,0.00,0.00,0.00,0,6.00,1,230.54,0,0,3,java.lang.Object,0.00,0,0,6,0,0,6,1,10,68,1
"org.apache.jackrabbit.core.TestAll",1,0.00,1.00,7,0.06,1740.69,1,0,3,3,3,71.66,7,9,0,2,113.96,0.00,0.50,0.00,0,1.00,1,186.48,0,1,3,junit.framework.TestCase,0.00,2,1,1,0,2,0,0,2,47,1
"org.apache.jackrabbit.core.TestRepository",4,0.08,2.25,27,0.36,10875.69,8,4,10,15,8,104.38,61,46,5,1,114.74,0.00,0.00,0.31,0,4.00,6,1066.64,0,2,3,java.lang.Object,0.00,11,0,9,0,11,2,0,11,217,1
"org.apache.jackrabbit.core.TestRepository$Repository",6,0.00,1.00,13,0.11,1577.78,6,0,10,9,0,140.71,0,21,0,1,140.71,0.00,0.00,0.00,0,6.00,1,342.72,0,6,0,java.lang.Object,0.00,3,0,6,0,3,0,0,0,96,0
"org.apache.jackrabbit.core.TransactionContext",12,0.10,2.58,115,1.13,48222.13,25,13,6,28,9,58.70,103,139,7,2,106.81,0.00,0.50,0.17,4,48.00,7,3390.84,0,1,3,Timer.Task,0.00,16,1,31,0,16,11,0,27,665,1
"org.apache.jackrabbit.core.TransactionException",2,0.00,1.00,5,0.03,221.18,2,0,1,2,8,95.57,16,8,7,3,143.68,0.00,0.67,0.00,0,2.00,1,88.69,0,0,1,org.apache.jackrabbit.BaseException,0.00,0,2,2,0,0,2,0,3,29,1
"org.apache.jackrabbit.core.TransientRepository",15,0.05,1.40,82,0.89,19404.44,26,11,20,44,11,82.78,188,162,5,1,120.34,0.00,0.00,0.14,3,48.00,3,2659.11,0,6,6,java.lang.Object,0.00,29,0,21,0,29,9,2,44,580,1
"org.apache.jackrabbit.core.TransientRepository$RepositoryFactory",1,0.00,1.00,2,0.01,38.26,1,0,20,1,1,105.02,7,3,0,1,147.31,0.00,0.00,0.00,0,1.00,1,25.51,0,0,1,,0.00,0,0,1,0,0,1,0,1,11,1
"org.apache.jackrabbit.core.TransientRepository$RepositoryFactory_0",1,0.00,1.00,3,0.02,222.80,1,0,20,2,1,134.71,0,0,0,1,134.71,0.00,0.00,0.00,0,1.00,1,58.19,0,0,1,java.lang.Object,0.00,1,0,1,0,1,1,0,0,18,0
"org.apache.jackrabbit.core.TransientRepository$RepositoryFactory_1",1,0.00,6.00,25,0.36,22234.03,1,0,20,13,4,84.21,0,0,0,1,84.21,0.00,0.00,0.00,0,0.00,6,1093.32,0,0,4,java.lang.Object,0.00,12,0,6,0,12,1,0,0,187,0
"org.apache.jackrabbit.core.TransientRepositoryTest",3,0.00,1.00,12,0.10,1198.92,4,1,5,10,2,95.83,19,17,1,2,128.05,0.00,0.50,1.00,0,0.00,1,297.84,0,0,1,junit.framework.TestCase,0.00,7,1,3,0,7,3,0,5,76,1
"org.apache.jackrabbit.core.TransientRepositoryTest$TransientRepository.RepositoryFactory",1,0.00,1.00,3,0.02,176.32,1,0,5,2,1,135.51,0,4,0,1,135.51,0.00,0.00,0.00,0,1.00,1,57.02,0,1,1,java.lang.Object,0.00,1,0,1,0,1,0,0,0,18,0
"org.apache.jackrabbit.core.UserTransactionImpl",7,0.25,2.29,56,0.71,27087.72,11,4,12,21,7,76.65,42,84,6,1,108.87,0.00,0.00,0.46,0,0.00,4,2120.21,0,0,1,java.lang.Object,0.00,14,0,16,0,14,7,1,13,414,1
"org.apache.jackrabbit.core.UserTransactionImpl$XidImpl",4,1.00,1.00,10,0.06,808.47,5,1,12,4,0,162.23,15,15,0,1,141.61,0.00,0.00,0.25,0,6.00,1,193.11,0,0,0,java.lang.Object,0.00,0,0,4,0,0,4,1,5,57,0
"org.apache.jackrabbit.core.WorkspaceImpl",31,0.07,2.29,256,3.41,147016.58,40,9,42,107,30,141.56,631,408,7,2,108.17,1.00,0.33,0.18,7,112.00,12,10226.47,0,18,26,org.apache.jackrabbit.commons.AbstractWorkspace,0.00,76,1,71,1,76,13,2,100,1883,1
"org.apache.jackrabbit.core.WorkspaceImpl$VersionSelector",1,0.00,2.00,6,0.06,1535.64,1,0,42,4,1,156.61,2,8,0,1,116.72,0.00,0.00,0.00,0,1.00,2,190.84,0,1,1,java.lang.Object,0.00,3,0,2,0,3,0,0,2,45,0
"org.apache.jackrabbit.core.XASession",0,0.00,0.00,1,0.02,139.52,0,0,0,0,3,171.00,3,2,3,2,171.00,0.00,0.50,0.00,0,0.00,0,46.51,0,0,0,,0.00,0,1,0,0,0,0,0,1,14,1
"org.apache.jackrabbit.core.XASessionImpl",22,0.04,2.09,131,1.45,42281.00,29,7,21,51,18,76.61,159,185,2,3,118.90,0.00,0.67,0.10,5,214.00,9,4347.25,2,5,17,org.apache.jackrabbit.core.SessionImpl,0.09,29,2,46,0,29,17,2,34,925,1
"org.apache.jackrabbit.core.XATest",30,0.83,1.97,497,6.29,255785.76,31,1,13,86,3,50.85,335,570,1,4,94.97,0.00,0.75,0.20,1,0.00,5,18861.64,4,0,2,org.apache.jackrabbit.test.AbstractJCRTest,0.17,56,3,59,0,56,30,0,237,3456,1
"org.apache.jackrabbit.core.XAWorkspace",2,0.00,1.00,5,0.05,510.47,2,0,4,4,8,98.53,14,10,1,3,140.82,0.00,0.67,0.00,0,2.00,1,158.17,0,1,7,org.apache.jackrabbit.core.WorkspaceImpl,0.00,2,2,2,0,2,1,0,3,43,1
"org.apache.jackrabbit.core.ZombieHierarchyManager",6,0.80,2.17,31,0.38,9090.84,7,1,7,19,11,71.60,48,54,2,2,119.70,0.00,0.50,0.33,0,10.00,3,1154.61,4,3,9,org.apache.jackrabbit.core.HierarchyManagerImpl,0.00,13,1,13,0,13,3,0,19,265,1
"org.apache.jackrabbit.test.rmi.RemoteAdapterTest",24,0.37,1.46,227,2.38,52379.85,29,5,48,87,23,66.73,184,254,0,2,109.02,0.00,0.50,0.55,5,0.00,6,7136.20,0,1,23,junit.framework.TestCase,0.00,63,1,35,0,63,23,0,80,1468,1
"org.apache.jackrabbit.jcr.AccessManager",5,6.00,1.00,12,0.14,1778.07,11,6,6,5,8,95.55,55,13,5,1,139.68,0.00,0.00,0.00,0,5.00,1,419.79,0,0,3,,0.00,0,0,5,0,0,5,0,7,109,1
"org.apache.jackrabbit.jcr.SecurityConstants",0,0.00,0.00,2,0.01,87.17,1,1,0,0,0,171.00,10,4,0,1,171.00,0.00,0.00,0.00,0,0.00,0,34.87,0,0,0,,0.00,0,0,0,0,0,0,0,2,11,1
"org.apache.jackrabbit.core.persistence.bundle.AbstractBundlePersistenceManager",29,0.00,2.93,274,4.01,309667.47,44,15,34,108,30,55.33,247,370,3,1,103.43,0.00,0.00,0.06,11,297.00,27,12022.65,0,16,27,java.lang.Object,0.00,79,0,85,9,79,13,2,68,2223,2
"org.apache.jackrabbit.core.persistence.bundle.BundleDbPersistenceManager",60,0.02,2.40,528,7.07,359801.48,94,34,48,198,31,75.14,398,715,7,2,107.36,7.00,0.11,0.05,16,1630.00,21,21209.01,3,20,24,org.apache.jackrabbit.core.persistence.bundle.AbstractBundlePersistenceManager,0.02,138,1,144,7,138,40,0,122,3796,1
"org.apache.jackrabbit.core.persistence.bundle.BundleDbPersistenceManager$CloseableBLOBStore",1,0.00,1.00,2,0.01,64.15,1,0,48,1,0,145.54,0,3,0,2,145.54,0.00,0.50,0.00,0,1.00,1,30.46,0,0,0,,0.00,0,1,1,0,0,1,0,0,12,2
"org.apache.jackrabbit.core.persistence.bundle.BundleDbPersistenceManager$DbBlobStore",6,0.16,1.50,45,0.60,15626.31,11,5,48,26,1,133.10,21,55,0,1,112.48,0.00,0.00,0.33,0,0.00,3,1788.25,0,2,1,java.lang.Object,0.00,20,0,9,0,20,4,1,10,370,1
"org.apache.jackrabbit.core.persistence.bundle.BundleDbPersistenceManager$DbBlobStore$FilterInputStream",1,0.00,1.00,4,0.02,218.17,1,0,48,3,0,180.12,1,5,0,1,130.12,0.00,0.00,0.00,0,1.00,1,68.97,0,0,0,java.lang.Object,0.00,2,0,1,0,2,1,0,1,21,0
"org.apache.jackrabbit.core.persistence.bundle.BundleDbPersistenceManager$FSBlobStore",3,1.00,1.33,11,0.09,1127.40,4,1,48,6,3,132.86,1,17,0,2,132.86,0.00,0.50,0.33,0,4.00,2,256.14,0,1,3,org.apache.jackrabbit.core.persistence.util.FileSystemBLOBStore,0.00,3,1,4,0,3,2,1,1,69,1
"org.apache.jackrabbit.core.persistence.bundle.BundleDbPersistenceManager$ListNodeIdIterator",5,0.38,1.20,15,0.11,1644.15,7,2,48,10,3,133.34,0,22,0,1,133.34,0.00,0.00,0.20,1,8.00,2,335.10,0,2,3,java.lang.Object,0.00,5,0,6,0,5,3,1,0,91,1
"org.apache.jackrabbit.core.persistence.bundle.BundleFsPersistenceManager",25,0.03,2.60,233,3.08,124649.54,35,10,32,97,22,73.84,154,311,1,2,106.07,0.00,0.50,0.12,6,233.00,7,9226.52,2,9,21,org.apache.jackrabbit.core.persistence.bundle.AbstractBundlePersistenceManager,0.00,72,1,65,0,72,16,0,43,1742,1
"org.apache.jackrabbit.core.persistence.bundle.BundleFsPersistenceManager$CloseableBLOBStore",1,0.00,1.00,2,0.01,64.15,1,0,32,1,0,145.54,0,3,0,2,145.54,0.00,0.50,0.00,0,1.00,1,30.46,0,0,0,,0.00,0,1,1,0,0,1,0,0,12,2
"org.apache.jackrabbit.core.persistence.bundle.BundleFsPersistenceManager$FSBlobStore",3,1.00,1.33,11,0.09,1158.56,4,1,32,6,3,132.77,1,17,0,2,132.77,0.00,0.50,0.33,0,4.00,2,265.04,0,1,3,org.apache.jackrabbit.core.persistence.util.FileSystemBLOBStore,0.00,3,1,4,0,3,2,1,1,71,1
"org.apache.jackrabbit.core.persistence.bundle.BundleFsPersistenceManager$FileNodeIdIterator",5,0.38,1.20,15,0.11,1931.21,7,2,32,9,2,132.79,0,22,0,1,132.79,0.00,0.00,0.20,1,8.00,2,338.47,0,2,2,java.lang.Object,0.00,4,0,6,0,4,3,1,0,92,2
"org.apache.jackrabbit.core.persistence.bundle.CachingPersistenceManager",1,0.00,1.00,2,0.01,41.48,1,0,1,1,3,98.55,10,3,2,1,147.03,0.00,0.00,0.00,0,1.00,1,27.65,0,0,1,,0.00,0,0,1,0,0,1,0,2,11,1
"org.apache.jackrabbit.core.persistence.bundle.DerbyPersistenceManager",14,0.00,1.71,69,0.84,18414.48,22,8,7,33,2,86.29,179,106,0,3,123.86,0.00,0.67,0.12,0,78.00,7,2513.54,15,5,2,org.apache.jackrabbit.core.persistence.bundle.BundleDbPersistenceManager,0.09,19,2,24,0,19,9,0,34,533,1
"org.apache.jackrabbit.core.persistence.bundle.H2PersistenceManager",6,0.40,2.33,36,0.37,6734.84,8,2,4,16,2,75.47,43,53,0,3,117.76,0.00,0.67,0.17,0,10.00,7,1122.24,15,1,2,org.apache.jackrabbit.core.persistence.bundle.BundleDbPersistenceManager,0.06,10,2,14,0,10,5,0,12,241,1
"org.apache.jackrabbit.core.persistence.bundle.MSSqlPersistenceManager",1,1.00,3.00,8,0.07,1007.30,2,1,1,1,2,157.35,22,12,0,3,113.41,0.00,0.67,0.00,0,1.00,3,214.32,5,0,2,org.apache.jackrabbit.core.persistence.bundle.BundleDbPersistenceManager,0.00,0,2,3,0,0,1,0,4,51,1
"org.apache.jackrabbit.core.persistence.bundle.MySqlPersistenceManager",1,1.00,3.00,8,0.07,1007.30,2,1,1,1,2,157.35,22,12,0,3,113.41,0.00,0.67,0.00,0,1.00,3,214.32,5,0,2,org.apache.jackrabbit.core.persistence.bundle.BundleDbPersistenceManager,0.00,0,2,3,0,0,1,0,4,51,1
"org.apache.jackrabbit.core.persistence.bundle.Oracle9PersistenceManager",7,0.07,2.57,71,1.18,49937.38,12,5,19,39,6,54.66,73,103,0,4,103.14,0.00,0.75,0.26,1,0.00,6,3542.35,3,2,6,org.apache.jackrabbit.core.persistence.bundle.OraclePersistenceManager,0.00,32,3,18,0,32,5,0,23,633,1
"org.apache.jackrabbit.core.persistence.bundle.Oracle9PersistenceManager$OracleBLOBStore",2,0.00,2.50,15,0.20,7702.17,2,0,19,7,0,150.92,4,24,0,2,111.03,0.00,0.50,0.00,0,2.00,4,596.79,0,0,0,org.apache.jackrabbit.core.persistence.bundle.DbBlobStore,0.00,5,1,5,0,5,2,0,2,113,0
"org.apache.jackrabbit.core.persistence.bundle.OraclePersistenceManager",8,0.14,2.50,61,0.70,20416.63,12,4,8,29,6,70.15,62,83,1,3,112.44,0.50,0.50,0.12,0,14.00,9,2096.20,14,3,5,org.apache.jackrabbit.core.persistence.bundle.BundleDbPersistenceManager,0.09,21,2,20,1,21,5,0,18,413,1
"org.apache.jackrabbit.core.persistence.bundle.PostgreSQLPersistenceManager",4,1.00,2.00,32,0.38,12572.86,5,1,14,20,8,61.51,33,48,0,3,109.61,0.00,0.67,0.25,0,6.00,3,1137.16,5,2,8,org.apache.jackrabbit.core.persistence.bundle.BundleDbPersistenceManager,0.06,16,2,8,0,16,2,0,6,220,1
"org.apache.jackrabbit.jca.AnonymousConnection",21,0.30,1.05,47,0.43,5913.36,24,3,11,23,1,180.36,54,70,1,1,140.47,0.00,0.00,0.05,0,59.00,2,1292.55,0,6,0,java.lang.Object,0.00,2,0,22,0,2,15,2,21,339,1
"org.apache.jackrabbit.jca.JCAConnectionManager",1,0.00,1.00,4,0.05,759.37,1,0,5,3,1,83.57,7,7,1,1,125.86,0.00,0.00,0.00,0,1.00,1,144.99,0,1,0,java.lang.Object,0.00,2,0,1,0,2,0,1,2,36,2
"org.apache.jackrabbit.jca.JCAConnectionRequestInfo",12,0.27,2.17,66,0.62,20575.09,14,2,5,24,5,139.90,46,85,5,1,119.28,0.00,0.00,0.25,2,32.00,4,1874.43,0,3,0,java.lang.Object,0.00,12,0,26,0,12,9,1,15,446,2
"org.apache.jackrabbit.jca.JCAManagedConnection",33,0.08,1.48,136,1.23,25713.03,40,7,16,70,6,146.29,129,205,3,1,125.68,0.00,0.00,0.07,8,426.00,7,3684.20,0,12,6,java.lang.Object,0.00,37,0,49,0,37,21,2,42,870,2
"org.apache.jackrabbit.jca.JCAManagedConnectionFactory",23,0.07,1.78,106,1.04,28168.59,28,5,13,44,10,124.33,93,155,4,1,124.09,0.00,0.00,0.13,6,169.00,5,3131.73,0,11,8,java.lang.Object,0.00,21,0,41,0,21,12,1,29,707,2
"org.apache.jackrabbit.jca.JCARepositoryHandle",10,0.19,1.50,37,0.36,10914.20,13,3,11,17,3,129.42,42,57,2,1,129.19,0.00,0.00,0.17,1,30.00,6,1090.80,0,8,2,java.lang.Object,0.00,7,0,15,0,7,2,3,14,262,2
"org.apache.jackrabbit.jca.JCARepositoryManager",8,0.18,1.38,36,0.34,7216.00,12,4,8,20,5,92.98,49,50,3,1,125.20,0.00,0.00,0.09,2,26.00,2,1012.16,0,3,2,java.lang.Object,0.00,12,0,11,0,12,5,0,12,242,2
"org.apache.jackrabbit.jca.JCARepositoryManager$Reference",7,0.06,2.43,44,0.44,12224.30,10,3,8,19,2,116.47,33,61,0,1,116.24,0.00,0.00,0.38,1,11.00,4,1313.79,0,1,2,java.lang.Object,0.00,12,0,17,0,12,6,0,10,303,2
"org.apache.jackrabbit.jca.JCAResourceAdapter",5,1.00,1.00,10,0.10,1041.10,6,1,7,8,1,181.40,10,16,0,1,141.51,0.00,0.00,0.20,0,8.00,1,302.22,0,1,1,java.lang.Object,0.00,3,0,5,0,3,4,1,3,83,1
"org.apache.jackrabbit.jca.JCASessionHandle",35,0.94,1.00,72,0.76,9667.86,36,1,27,65,2,161.16,111,136,2,1,140.55,0.00,0.00,0.09,1,122.00,1,2292.09,0,16,1,java.lang.Object,0.00,30,0,35,0,30,19,1,37,609,2
"org.apache.jackrabbit.jca.TransactionBoundXAResource",11,0.00,1.09,33,0.30,4832.93,14,3,3,22,1,132.37,1,49,1,1,132.37,0.00,0.00,0.33,0,0.00,2,908.37,0,1,1,java.lang.Object,0.00,11,0,12,0,11,10,1,1,234,1
"org.apache.jackrabbit.core.cluster.AbstractClusterOperation",5,0.17,1.00,15,0.10,1268.23,8,3,2,6,5,91.98,38,21,2,1,134.27,0.00,0.00,0.20,0,14.00,1,309.08,0,2,4,java.lang.Object,0.00,1,0,5,1,1,3,1,9,87,1
"org.apache.jackrabbit.core.cluster.ClusterContext",4,0.00,1.00,5,0.03,160.95,4,0,3,4,5,126.14,27,6,3,1,158.36,0.00,0.00,0.00,0,4.00,1,88.28,0,2,2,,0.00,0,0,4,0,0,2,0,5,32,1
"org.apache.jackrabbit.core.cluster.ClusterException",2,0.00,1.00,5,0.03,221.18,2,0,1,2,3,93.68,18,8,2,3,143.68,0.00,0.67,0.00,0,2.00,1,88.69,0,0,1,org.apache.jackrabbit.BaseException,0.00,0,2,2,0,0,2,0,3,29,1
"org.apache.jackrabbit.core.cluster.ClusterNode",39,0.04,3.33,486,6.34,297644.75,67,28,34,166,43,67.67,256,653,4,1,99.89,0.00,0.00,0.07,8,561.00,18,19024.88,0,7,40,java.lang.Object,0.00,127,0,130,0,127,32,4,67,3465,1
"org.apache.jackrabbit.core.cluster.ClusterNode$WorkspaceLockChannel",4,0.33,2.75,34,0.40,10846.25,5,1,34,7,8,110.28,17,50,0,1,110.04,0.00,0.00,0.75,0,0.00,4,1203.81,0,2,8,java.lang.Object,0.00,3,0,11,0,3,2,1,5,237,0
"org.apache.jackrabbit.core.cluster.ClusterNode$WorkspaceUpdateChannel",6,0.00,3.67,73,0.82,28417.65,8,2,34,19,7,101.74,26,101,0,1,101.50,0.00,0.00,0.50,0,0.00,6,2466.74,0,0,7,java.lang.Object,0.00,13,0,22,0,13,6,1,8,472,0
"org.apache.jackrabbit.core.cluster.ClusterOperation",1,0.00,1.00,2,0.01,41.48,1,0,0,1,4,102.90,11,3,4,1,147.03,0.00,0.00,0.00,0,1.00,1,27.65,0,0,0,,0.00,0,0,1,0,0,1,0,2,11,1
"org.apache.jackrabbit.core.cluster.ClusterSession",32,1.00,1.00,63,0.51,6332.92,33,1,11,33,1,173.53,105,100,1,1,152.92,0.00,0.00,0.03,0,62.00,1,1526.03,0,15,0,java.lang.Object,0.00,1,0,32,0,1,17,1,34,429,0
"org.apache.jackrabbit.core.cluster.ItemOperation",3,0.25,1.00,10,0.08,1238.13,7,4,1,3,10,82.61,28,13,9,1,132.60,0.00,0.00,0.08,0,4.00,1,246.32,0,0,1,java.lang.Object,0.00,0,0,3,8,0,3,0,8,66,2
"org.apache.jackrabbit.core.cluster.LockEventChannel",3,0.00,1.00,4,0.03,128.04,3,0,1,3,8,108.16,27,5,5,1,158.16,0.00,0.00,0.00,0,3.00,1,85.36,0,2,3,,0.00,0,0,3,0,0,1,0,4,29,1
"org.apache.jackrabbit.core.cluster.LockEventListener",2,0.00,1.00,3,0.03,165.27,2,0,2,2,5,105.90,18,4,4,1,155.90,0.00,0.00,0.00,0,2.00,1,84.64,0,0,1,,0.00,0,0,2,0,0,2,0,3,26,1
"org.apache.jackrabbit.core.cluster.LockOperation",7,0.12,1.14,30,0.23,2959.26,11,4,3,11,6,85.54,52,42,1,2,127.83,0.00,0.50,0.36,0,6.00,2,682.00,0,2,5,org.apache.jackrabbit.core.cluster.AbstractClusterOperation,0.17,4,1,8,0,4,5,0,12,170,0
"org.apache.jackrabbit.core.cluster.NamespaceEventChannel",2,0.00,1.00,3,0.02,111.22,2,0,0,2,3,114.97,15,4,2,1,157.26,0.00,0.00,0.00,0,2.00,1,62.52,0,0,1,,0.00,0,0,2,0,0,2,0,3,22,1
"org.apache.jackrabbit.core.cluster.NamespaceEventListener",1,0.00,1.00,2,0.02,127.64,1,0,1,1,3,99.06,11,4,3,1,143.19,0.00,0.00,0.00,0,1.00,1,52.97,0,0,0,,0.00,0,0,1,0,0,1,0,2,17,1
"org.apache.jackrabbit.core.cluster.NodeAddedOperation",3,0.00,1.00,11,0.10,1672.92,3,0,2,9,6,113.70,16,15,3,3,131.58,0.00,0.67,0.00,0,3.00,1,311.05,1,1,4,org.apache.jackrabbit.core.cluster.NodeOperation,0.00,6,2,3,0,6,2,0,5,79,1
"org.apache.jackrabbit.core.cluster.NodeDeletedOperation",3,0.00,1.00,11,0.10,1672.92,3,0,2,9,6,113.70,15,15,3,3,131.58,0.00,0.67,0.00,0,3.00,1,311.05,1,1,4,org.apache.jackrabbit.core.cluster.NodeOperation,0.00,6,2,3,0,6,2,0,4,79,1
"org.apache.jackrabbit.core.cluster.NodeModifiedOperation",3,0.00,1.00,11,0.10,1672.92,3,0,2,9,6,113.70,16,15,3,3,131.58,0.00,0.67,0.00,0,3.00,1,311.05,1,1,4,org.apache.jackrabbit.core.cluster.NodeOperation,0.00,6,2,3,0,6,2,0,5,79,1
"org.apache.jackrabbit.core.cluster.NodeOperation",8,0.29,1.00,23,0.17,2362.66,10,2,2,12,8,108.10,52,37,5,2,140.32,3.00,0.20,0.25,0,30.00,1,499.70,0,3,6,org.apache.jackrabbit.core.cluster.ItemOperation,0.00,4,1,8,3,4,5,0,11,133,1
"org.apache.jackrabbit.core.cluster.NodeTypeEventChannel",4,0.00,1.00,5,0.03,129.91,4,0,2,4,4,141.22,23,6,2,1,159.10,0.00,0.00,0.00,0,4.00,1,86.61,0,0,2,,0.00,0,0,4,0,0,4,0,5,32,1
"org.apache.jackrabbit.core.cluster.NodeTypeEventListener",3,0.00,1.00,4,0.04,220.98,3,0,5,3,5,108.19,25,8,3,1,156.30,0.00,0.00,0.00,0,3.00,1,112.49,0,0,2,,0.00,0,0,3,0,0,3,0,4,35,1
"org.apache.jackrabbit.core.cluster.PropertyAddedOperation",3,0.00,1.00,11,0.10,1593.38,3,0,2,9,6,113.87,16,15,3,3,131.74,0.00,0.67,0.00,0,3.00,1,299.89,1,1,4,org.apache.jackrabbit.core.cluster.PropertyOperation,0.00,6,2,3,0,6,2,0,5,77,1
"org.apache.jackrabbit.core.cluster.PropertyDeletedOperation",3,0.00,1.00,11,0.10,1593.38,3,0,2,9,6,113.87,15,15,3,3,131.74,0.00,0.67,0.00,0,3.00,1,299.89,1,0,4,org.apache.jackrabbit.core.cluster.PropertyOperation,0.00,6,2,3,0,6,3,0,4,77,1
"org.apache.jackrabbit.core.cluster.PropertyModifiedOperation",3,0.00,1.00,11,0.10,1593.38,3,0,2,9,6,113.87,16,15,3,3,131.74,0.00,0.67,0.00,0,3.00,1,299.89,1,1,4,org.apache.jackrabbit.core.cluster.PropertyOperation,0.00,6,2,3,0,6,2,0,5,77,1
"org.apache.jackrabbit.core.cluster.PropertyOperation",17,0.09,1.00,44,0.32,4094.45,22,5,3,25,9,123.14,93,67,5,2,141.02,3.00,0.20,0.12,0,162.00,1,946.51,0,4,7,org.apache.jackrabbit.core.cluster.ItemOperation,0.00,8,1,17,3,8,13,0,23,256,1
"org.apache.jackrabbit.core.cluster.Update",4,0.00,1.00,5,0.03,119.10,4,0,2,4,5,127.17,25,6,3,1,159.39,0.00,0.00,0.00,0,4.00,1,79.40,0,3,2,,0.00,0,0,4,0,0,1,0,5,30,1
"org.apache.jackrabbit.core.cluster.UpdateEventChannel",5,0.00,1.00,6,0.04,159.39,5,0,0,5,8,141.29,28,7,6,1,159.16,0.00,0.00,0.00,0,5.00,1,106.26,0,0,2,,0.00,0,0,5,0,0,5,0,6,39,1
"org.apache.jackrabbit.core.cluster.UpdateEventListener",1,0.00,1.00,2,0.02,88.11,1,0,3,1,7,95.98,10,3,6,1,144.45,0.00,0.00,0.00,0,1.00,1,46.05,0,0,1,,0.00,0,0,1,0,0,1,0,2,15,1
"org.apache.jackrabbit.jcr.AbstractCopy",6,0.00,1.33,30,0.39,9789.79,11,5,11,23,10,140.18,19,41,2,2,119.56,2.00,0.25,0.20,0,26.00,3,1172.10,0,4,8,org.apache.jackrabbit.jcr2spi.operation.AbstractOperation,0.00,17,1,8,2,17,2,0,8,235,2
"org.apache.jackrabbit.jcr.AbstractOperation",4,0.67,1.50,13,0.16,3372.90,5,1,11,14,27,87.78,29,19,20,1,130.07,0.00,0.00,0.50,0,4.00,2,470.15,0,3,7,java.lang.Object,0.00,10,0,6,23,10,1,1,6,112,2
"org.apache.jackrabbit.jcr.AddLabel",8,0.03,1.25,30,0.32,5299.38,13,5,15,18,14,131.17,33,42,6,2,130.94,0.00,0.50,0.18,0,30.00,3,948.62,0,4,9,org.apache.jackrabbit.jcr2spi.operation.AbstractOperation,0.00,10,1,10,0,10,4,0,8,225,1
"org.apache.jackrabbit.jcr.AddNode",9,0.08,1.00,31,0.27,4337.95,15,6,13,14,13,182.07,15,42,8,2,132.07,0.00,0.50,0.09,0,44.00,1,809.91,1,5,6,org.apache.jackrabbit.jcr2spi.operation.AbstractOperation,0.00,5,1,9,0,5,4,0,6,200,1
"org.apache.jackrabbit.jcr.AddProperty",11,0.07,1.00,36,0.31,4491.14,17,6,13,16,15,172.53,24,49,8,2,132.64,0.00,0.50,0.11,0,70.00,1,915.57,1,5,8,org.apache.jackrabbit.jcr2spi.operation.AbstractOperation,0.00,5,1,11,0,5,6,0,7,226,1
"org.apache.jackrabbit.jcr.Checkin",5,0.08,1.40,22,0.26,4477.52,8,3,15,17,13,107.34,25,31,6,2,125.22,0.00,0.50,0.27,0,7.00,3,786.18,0,1,8,org.apache.jackrabbit.jcr2spi.operation.AbstractOperation,0.00,12,1,7,0,12,4,0,9,179,1
"org.apache.jackrabbit.jcr.Checkout",5,0.08,1.40,23,0.26,4571.64,8,3,15,18,13,145.76,17,32,6,2,125.15,0.00,0.50,0.27,0,7.00,3,794.62,0,2,8,org.apache.jackrabbit.jcr2spi.operation.AbstractOperation,0.00,13,1,7,0,13,3,0,8,180,1
"org.apache.jackrabbit.jcr.Clone",5,0.38,1.40,21,0.26,4716.46,7,2,13,11,11,164.93,14,37,6,3,125.04,0.00,0.67,0.20,0,7.00,3,767.51,1,1,6,org.apache.jackrabbit.jcr2spi.operation.AbstractCopy,0.20,6,2,7,0,6,4,0,7,174,1
"org.apache.jackrabbit.jcr.Copy",3,0.00,1.00,8,0.13,1926.32,3,0,10,5,10,158.28,9,18,6,3,137.66,0.00,0.67,0.00,0,3.00,1,380.51,0,1,5,org.apache.jackrabbit.jcr2spi.operation.AbstractCopy,0.00,2,2,3,0,2,2,0,4,89,1
"org.apache.jackrabbit.jcr.LockOperation",9,0.12,1.33,32,0.27,4664.13,13,4,10,16,10,171.65,22,45,6,2,131.76,0.00,0.50,0.14,0,40.00,3,799.74,0,3,5,org.apache.jackrabbit.jcr2spi.operation.AbstractOperation,0.00,7,1,12,0,7,6,0,9,205,1
"org.apache.jackrabbit.jcr.LockRefresh",5,1.00,1.00,12,0.10,1203.82,6,1,9,8,10,161.63,19,18,6,2,141.02,0.00,0.50,0.20,0,8.00,1,289.40,0,1,5,org.apache.jackrabbit.jcr2spi.operation.AbstractOperation,0.00,3,1,5,0,3,4,0,9,80,1
"org.apache.jackrabbit.jcr.LockRelease",5,0.75,1.20,18,0.17,2383.02,6,1,12,13,12,132.31,22,25,6,2,132.07,0.00,0.50,0.40,0,7.00,2,500.76,0,1,7,org.apache.jackrabbit.jcr2spi.operation.AbstractOperation,0.00,8,1,6,0,8,4,0,9,125,1
"org.apache.jackrabbit.jcr.Merge",9,0.04,1.44,37,0.37,6134.32,15,6,13,21,10,166.03,21,52,6,2,126.14,0.00,0.50,0.13,0,40.00,3,1096.81,0,4,5,org.apache.jackrabbit.jcr2spi.operation.AbstractOperation,0.00,12,1,13,0,12,5,0,8,261,1
"org.apache.jackrabbit.jcr.Move",10,0.04,2.00,73,1.00,49023.18,18,8,19,37,17,130.87,30,100,7,2,110.26,0.00,0.50,0.16,0,54.00,9,3009.29,2,6,11,org.apache.jackrabbit.jcr2spi.operation.AbstractOperation,0.00,27,1,20,0,27,4,0,19,560,1
"org.apache.jackrabbit.jcr.Operation",4,0.00,1.00,5,0.03,181.45,4,0,9,4,38,140.08,22,6,36,1,157.95,0.00,0.00,0.00,0,4.00,1,101.43,0,2,2,,0.00,0,0,4,0,0,2,0,5,34,1
"org.apache.jackrabbit.jcr.OperationVisitor",22,0.00,1.00,23,0.31,1850.71,22,0,12,22,26,155.84,3,24,26,1,155.84,0.00,0.00,0.00,0,22.00,1,927.35,0,0,22,,0.00,0,0,22,0,0,22,0,1,261,1
"org.apache.jackrabbit.jcr.Remove",7,0.22,1.00,22,0.16,2192.75,10,3,7,12,13,173.43,14,30,8,2,133.55,1.00,0.33,0.14,0,22.00,1,487.14,1,4,6,org.apache.jackrabbit.jcr2spi.operation.AbstractOperation,0.00,5,1,7,1,5,3,0,6,131,1
"org.apache.jackrabbit.jcr.RemoveLabel",7,0.08,1.29,26,0.28,4678.99,11,4,15,17,14,131.13,31,37,6,2,130.90,0.00,0.50,0.18,0,23.00,3,840.97,0,4,9,org.apache.jackrabbit.jcr2spi.operation.AbstractOperation,0.00,10,1,9,0,10,3,0,8,200,1
"org.apache.jackrabbit.jcr.RemoveVersion",5,0.25,1.60,23,0.26,4594.61,7,2,13,18,14,145.71,18,33,6,3,125.10,0.00,0.67,0.30,0,6.00,3,783.87,0,1,9,org.apache.jackrabbit.jcr2spi.operation.Remove,0.56,13,2,8,0,13,4,0,9,180,1
"org.apache.jackrabbit.jcr.ReorderNodes",10,0.07,1.20,35,0.35,9486.35,16,6,9,17,11,179.72,15,47,6,2,129.72,0.00,0.50,0.10,0,58.00,2,1043.62,1,7,6,org.apache.jackrabbit.jcr2spi.operation.AbstractOperation,0.00,7,1,12,0,7,3,0,6,252,1
"org.apache.jackrabbit.jcr.ResolveMergeConflict",8,0.11,1.12,29,0.28,4698.36,12,4,12,17,12,171.26,23,39,6,2,131.37,0.00,0.50,0.16,0,34.00,2,853.62,0,3,7,org.apache.jackrabbit.jcr2spi.operation.AbstractOperation,0.00,9,1,9,0,9,5,0,9,212,1
"org.apache.jackrabbit.jcr.Restore",9,0.06,1.78,46,0.49,15426.84,13,4,13,16,12,119.56,44,57,6,2,119.33,0.00,0.50,0.19,0,32.00,4,1471.25,0,3,7,org.apache.jackrabbit.jcr2spi.operation.AbstractOperation,0.00,7,1,16,0,7,6,0,14,334,1
"org.apache.jackrabbit.jcr.SetMixin",7,0.22,1.14,24,0.21,3383.65,10,3,9,12,14,171.92,20,34,8,2,132.03,0.00,0.50,0.14,0,22.00,2,615.45,1,3,7,org.apache.jackrabbit.jcr2spi.operation.AbstractOperation,0.00,5,1,8,0,5,4,0,10,154,1
"org.apache.jackrabbit.jcr.SetPropertyValue",9,0.09,1.22,36,0.34,8686.11,13,4,13,18,12,174.99,17,46,7,2,124.99,0.00,0.50,0.17,0,43.00,3,1008.98,1,4,6,org.apache.jackrabbit.jcr2spi.operation.AbstractOperation,0.00,9,1,11,0,9,5,0,7,234,1
"org.apache.jackrabbit.jcr.Update",6,0.30,1.00,17,0.15,1770.06,8,2,9,12,10,160.94,22,24,6,2,140.32,0.00,0.50,0.25,0,14.00,1,436.38,0,3,5,org.apache.jackrabbit.jcr2spi.operation.AbstractOperation,0.00,6,1,6,0,6,3,0,8,117,1
"org.apache.jackrabbit.jcr.WorkspaceImport",7,0.11,1.43,29,0.28,6496.59,10,3,12,15,11,145.71,25,41,6,2,125.09,0.00,0.50,0.24,0,19.00,3,829.51,0,2,6,org.apache.jackrabbit.jcr2spi.operation.AbstractOperation,0.00,8,1,10,0,8,5,0,11,197,1
"org.apache.jackrabbit.core.persistence.mem.InMemPersistenceManager",27,0.10,2.56,273,3.38,161707.78,42,15,34,108,21,85.86,140,354,0,2,103.74,1.00,0.33,0.16,2,0.00,6,10153.50,1,6,21,org.apache.jackrabbit.core.persistence.AbstractPersistenceManager,0.00,81,1,69,1,81,21,0,81,1906,1
"org.apache.jackrabbit.core.query.jsr.PreparedQuery",1,0.00,1.00,2,0.02,117.06,1,0,3,1,4,123.34,14,4,4,2,143.48,0.00,0.50,0.00,0,1.00,1,58.53,0,0,0,,0.00,0,1,1,0,0,1,0,2,18,1
"org.apache.jackrabbit.util.Base64",11,0.12,2.27,108,1.78,229531.04,15,4,7,18,6,53.10,97,140,6,1,101.20,0.00,0.00,0.14,2,39.00,8,5341.87,0,0,0,java.lang.Object,0.00,7,0,25,0,7,11,0,24,991,1
"org.apache.jackrabbit.util.ChildrenCollector",3,0.17,1.67,15,0.15,2436.59,6,3,5,4,0,79.61,21,23,0,2,121.90,0.00,0.50,0.44,0,1.00,2,463.16,0,0,0,TraversingItemVisitor.Default,0.00,1,1,5,0,1,3,0,4,111,1
"org.apache.jackrabbit.util.ChildrenCollectorFilter",5,0.12,4.60,55,0.60,36591.66,11,6,6,13,3,81.23,73,83,3,2,101.37,0.00,0.50,0.27,2,13.00,13,1811.59,0,0,0,TraversingItemVisitor.Default,0.00,8,1,23,0,8,5,0,14,380,1
"org.apache.jackrabbit.util.ISO8601",2,0.33,11.00,114,1.89,230909.02,5,3,4,25,13,17.54,105,137,13,1,65.09,0.00,0.00,0.50,0,2.00,17,5656.60,0,2,0,java.lang.Object,0.00,23,0,22,0,23,0,0,47,910,2
"org.apache.jackrabbit.util.ISO9075",7,0.22,3.00,68,0.95,54868.01,10,3,3,29,17,54.49,64,90,15,1,104.49,0.00,0.00,0.14,3,22.00,9,2850.62,0,4,2,java.lang.Object,0.00,22,0,21,0,22,3,0,21,571,1
"org.apache.jackrabbit.util.ISO9075Test",3,0.00,2.00,41,0.58,18620.60,3,0,2,18,4,99.66,14,48,1,2,99.42,0.00,0.50,0.00,0,3.00,4,1730.56,0,0,3,junit.framework.TestCase,0.00,15,1,6,0,15,3,0,3,333,1
"org.apache.jackrabbit.util.IteratorHelper",11,0.02,1.09,34,0.24,3872.17,16,5,9,17,2,133.36,51,49,2,1,133.13,0.00,0.00,0.18,1,38.00,2,716.41,0,4,0,java.lang.Object,0.00,6,0,12,0,6,7,3,15,193,1
"org.apache.jackrabbit.util.LazyFileInputStream",13,0.03,1.54,54,0.44,9099.72,16,3,6,28,4,108.17,65,77,4,2,126.04,1.00,0.33,0.36,1,0.00,4,1329.86,0,0,0,java.io.InputStream,0.00,15,1,20,1,15,13,0,18,333,1
"org.apache.jackrabbit.util.Locked",6,1.00,3.17,57,0.75,42351.26,7,1,15,28,8,148.77,132,83,4,1,104.83,0.00,0.00,0.17,4,10.00,13,2240.55,0,5,4,java.lang.Object,0.00,22,0,19,0,22,1,0,22,400,2
"org.apache.jackrabbit.util.Locked$EventListener",1,0.00,1.00,4,0.03,297.46,1,0,15,2,1,129.06,0,6,0,1,129.06,0.00,0.00,0.00,0,1.00,1,82.01,0,0,1,java.lang.Object,0.00,1,0,1,0,1,1,0,0,24,0
"org.apache.jackrabbit.util.PathMap",5,0.25,2.40,48,0.48,17291.19,6,1,7,13,3,57.34,48,52,0,1,107.34,0.00,0.00,0.80,1,0.00,4,1427.67,0,3,3,java.lang.Object,0.00,8,0,12,0,8,2,0,9,301,1
"org.apache.jackrabbit.util.PathMap$Element",29,0.05,2.48,202,2.18,80984.48,35,6,7,66,3,82.41,196,261,0,1,114.63,0.00,0.00,0.22,6,228.00,8,6545.75,0,11,3,java.lang.Object,0.00,37,0,72,0,37,18,0,45,1368,2
"org.apache.jackrabbit.util.PathMap$ElementVisitor",1,0.00,1.00,2,0.01,30.51,1,0,7,1,0,148.32,4,3,0,1,148.08,0.00,0.00,0.00,0,1.00,1,25.51,0,0,0,,0.00,0,0,1,0,0,1,0,1,11,1
"org.apache.jackrabbit.util.TestAll",1,0.00,1.00,7,0.06,1740.69,1,0,3,3,3,65.48,10,9,0,2,113.96,0.00,0.50,0.00,0,1.00,1,186.48,0,1,3,junit.framework.TestCase,0.00,2,1,1,0,2,0,0,2,47,1
"org.apache.jackrabbit.util.Text",30,0.30,2.87,276,3.85,249028.48,33,3,7,64,40,55.82,323,350,40,1,104.30,0.00,0.00,0.04,7,82.00,13,11549.12,0,26,0,java.lang.Object,0.00,34,0,86,0,34,4,0,46,2236,1
"org.apache.jackrabbit.util.TextTest",2,0.00,1.50,27,0.20,2746.99,2,0,3,7,4,104.88,8,32,1,2,104.64,0.00,0.50,0.00,1,2.00,2,597.98,0,0,3,junit.framework.TestCase,0.00,5,1,3,0,5,2,0,6,131,1
"org.apache.jackrabbit.util.Timer",4,0.44,2.25,27,0.25,6559.15,7,3,1,9,3,96.33,58,40,3,1,116.47,0.00,0.00,0.67,0,0.00,4,760.78,0,0,0,java.lang.Object,0.00,5,0,9,0,5,4,0,9,168,1
"org.apache.jackrabbit.util.Timer$Task",2,1.00,1.50,9,0.07,1275.30,3,1,1,3,1,108.49,11,13,0,2,126.36,0.00,0.50,0.50,0,2.00,2,199.58,1,0,1,java.util.TimerTask,0.00,1,1,3,0,1,2,0,3,53,3
"org.apache.jackrabbit.util.TransientFileFactory",3,0.12,1.67,23,0.24,5517.68,7,4,8,17,11,139.93,58,32,11,1,113.65,0.00,0.00,0.33,0,6.00,2,716.71,0,2,0,java.lang.Object,0.00,14,0,5,0,14,1,0,17,159,1
"org.apache.jackrabbit.util.TransientFileFactory$MoribundFileReference",2,1.00,1.00,7,0.05,515.63,3,1,8,5,0,91.92,15,10,0,2,134.21,0.00,0.50,0.50,0,2.00,1,158.01,0,0,0,java.lang.ref.PhantomReference,0.00,3,1,2,0,3,2,0,3,45,1
"org.apache.jackrabbit.util.TransientFileFactory$ReaperThread",2,0.00,2.00,12,0.09,1670.29,2,0,8,4,0,139.42,7,18,0,2,118.81,0.00,0.50,0.00,0,2.00,3,260.49,0,0,0,org.apache.jackrabbit.util.Thread,0.00,2,1,4,0,2,2,0,4,64,1
"org.apache.jackrabbit.util.TransientFileFactory$Thread",1,0.00,2.00,9,0.06,1000.61,1,0,8,3,0,132.23,3,9,0,1,111.62,0.00,0.00,0.00,0,0.00,2,177.92,0,0,0,java.lang.Object,0.00,2,0,2,0,2,1,0,3,44,0
"org.apache.jackrabbit.util.UUIDTest",2,0.00,1.50,28,0.33,13055.36,2,0,3,9,3,98.35,9,29,1,2,98.11,0.00,0.50,0.00,1,2.00,2,1004.28,0,0,2,junit.framework.TestCase,0.00,7,1,3,0,7,2,0,5,197,1
"org.apache.jackrabbit.util.WeakIdentityCollection",16,0.05,2.00,97,0.96,32032.48,20,4,7,33,3,83.59,111,115,3,1,115.82,0.00,0.00,0.30,2,16.00,4,2885.32,0,3,0,java.lang.Object,0.00,17,0,32,0,17,13,1,25,619,1
"org.apache.jackrabbit.util.WeakIdentityCollection$Iter",3,0.33,1.33,12,0.10,1648.60,6,3,7,6,1,94.68,18,17,0,1,126.90,0.00,0.00,0.56,0,1.00,2,307.64,0,1,1,java.lang.Object,0.00,3,0,4,0,3,2,1,6,77,2
"org.apache.jackrabbit.util.WeakIdentityCollection$WeakRef",1,1.00,1.00,5,0.04,427.96,2,1,7,1,0,74.21,9,7,0,2,124.21,0.00,0.50,0.00,0,0.00,1,115.52,0,0,0,java.lang.ref.WeakReference,0.00,0,1,1,0,0,1,0,2,32,2
"org.apache.jackrabbit.util.XMLChar",21,0.03,1.95,724,20.15,1282085.56,30,9,1,23,11,117.51,615,757,11,1,76.03,0.00,0.00,0.08,4,61.00,6,60456.28,0,0,0,java.lang.Object,0.00,2,0,41,0,2,21,0,463,6924,1
"org.apache.jackrabbit.core.integration.JCRAPITest",1,0.00,1.00,3,0.02,158.91,1,0,3,2,1,156.48,3,5,0,2,135.87,0.00,0.50,0.00,0,1.00,1,52.05,0,1,1,junit.framework.TestCase,0.00,1,1,1,0,1,0,0,1,17,1
"org.apache.jackrabbit.core.integration.PrepareTestRepository",7,0.83,2.00,88,1.41,42987.34,8,1,12,32,2,121.37,27,128,0,4,100.75,0.00,0.75,0.29,6,18.00,4,4232.76,0,1,2,org.apache.jackrabbit.test.AbstractJCRTest,0.00,25,3,14,0,25,6,0,9,782,1
"org.apache.jackrabbit.webdav.header.CodedUrlHeader",6,0.20,2.00,36,0.42,19606.68,9,3,3,15,7,81.92,37,45,6,1,114.14,0.00,0.00,0.17,1,14.00,5,1255.80,0,5,1,java.lang.Object,0.00,9,0,12,0,9,1,1,6,272,1
"org.apache.jackrabbit.webdav.header.DepthHeader",7,0.42,2.00,36,0.38,11574.69,9,2,4,14,10,87.20,47,48,8,1,119.42,0.00,0.00,0.14,1,24.00,4,1136.93,0,3,2,java.lang.Object,0.00,7,0,14,0,7,4,2,8,256,1
"org.apache.jackrabbit.webdav.header.Header",2,0.00,1.00,3,0.01,46.83,2,0,0,2,10,210.22,3,4,10,1,160.22,0.00,0.00,0.00,0,2.00,1,31.22,0,2,0,,0.00,0,0,2,0,0,0,0,1,14,1
"org.apache.jackrabbit.webdav.header.IfHeader",15,0.07,3.60,170,1.89,82672.59,20,5,12,47,6,120.53,281,221,4,1,102.40,0.00,0.00,0.27,4,40.00,16,5673.60,0,5,2,java.lang.Object,0.00,32,0,54,0,32,10,1,61,1070,1
"org.apache.jackrabbit.webdav.header.IfHeader$IfHeaderInterface",1,0.00,1.00,2,0.02,92.96,1,0,12,1,0,133.91,15,3,0,1,144.27,0.00,0.00,0.00,0,1.00,1,46.48,0,0,0,,0.00,0,0,1,0,0,1,0,1,16,2
"org.apache.jackrabbit.webdav.header.IfHeader$IfHeaderList",1,0.00,3.00,12,0.13,3616.66,1,0,12,3,0,102.00,16,13,0,2,102.47,0.00,0.50,0.00,0,0.00,3,381.64,0,0,0,java.util.ArrayList,0.00,2,1,3,0,2,1,1,2,79,2
"org.apache.jackrabbit.webdav.header.IfHeader$IfHeaderMap",1,0.00,2.00,9,0.12,3416.54,1,0,12,3,0,78.04,13,12,0,2,107.42,0.00,0.50,0.00,0,0.00,2,349.16,0,0,0,java.util.HashMap,0.00,2,1,2,0,2,1,1,1,75,2
"org.apache.jackrabbit.webdav.header.IfHeader$IfList",5,0.00,1.40,20,0.21,5317.98,5,0,12,9,0,74.63,49,25,0,2,124.63,0.00,0.50,0.00,0,8.00,3,634.37,1,0,0,java.util.ArrayList,0.00,4,1,7,0,4,5,0,6,144,2
"org.apache.jackrabbit.webdav.header.IfHeader$IfListEntry",6,0.07,1.33,17,0.14,2148.17,9,3,12,7,0,91.12,64,23,0,1,139.59,0.00,0.00,0.28,0,10.00,3,430.78,0,3,0,java.lang.Object,0.00,1,0,8,0,1,3,0,9,115,3
"org.apache.jackrabbit.webdav.header.IfHeader$IfListEntryEtag",3,0.00,1.00,7,0.05,450.34,3,0,12,3,0,94.53,25,11,0,2,142.63,0.00,0.50,0.00,0,3.00,1,141.86,1,1,0,org.apache.jackrabbit.webdav.header.IfListEntry,0.00,0,1,3,0,0,2,0,3,44,2
"org.apache.jackrabbit.webdav.header.IfHeader$IfListEntryToken",3,0.00,1.00,7,0.05,450.34,3,0,12,3,0,94.53,25,11,0,2,142.63,0.00,0.50,0.00,0,3.00,1,141.86,1,1,0,org.apache.jackrabbit.webdav.header.IfListEntry,0.00,0,1,3,0,0,2,0,3,44,2
"org.apache.jackrabbit.webdav.header.LabelHeader",5,0.38,1.40,19,0.16,3227.18,7,2,5,11,6,131.00,3,27,2,1,131.00,0.00,0.00,0.20,0,7.00,2,490.68,0,4,4,java.lang.Object,0.00,6,0,7,0,6,1,1,1,120,1
"org.apache.jackrabbit.webdav.header.OverwriteHeader",5,0.06,1.40,17,0.16,2423.22,9,4,4,8,5,131.98,3,24,3,1,131.98,0.00,0.00,0.30,0,2.00,2,474.82,0,2,2,java.lang.Object,0.00,3,0,7,0,3,3,1,1,117,1
"org.apache.jackrabbit.webdav.header.PollTimeoutHeader",3,0.00,1.00,9,0.08,1232.20,3,0,2,5,5,132.86,13,13,3,2,132.62,0.00,0.50,0.00,0,3.00,1,234.81,1,2,2,org.apache.jackrabbit.webdav.header.TimeoutHeader,0.22,2,1,3,0,2,1,0,2,61,1
"org.apache.jackrabbit.webdav.header.TimeoutHeader",6,0.30,2.00,33,0.38,16458.02,8,2,4,15,8,117.93,27,46,6,1,117.69,0.00,0.00,0.25,1,14.00,6,1138.55,0,3,2,java.lang.Object,0.00,9,0,12,1,9,3,2,5,234,1
"org.apache.jackrabbit.jcr.Dumpable",1,0.00,1.00,2,0.01,30.51,1,0,1,1,0,110.52,12,3,0,1,148.08,0.00,0.00,0.00,0,1.00,1,25.51,0,0,0,,0.00,0,0,1,0,0,1,0,2,11,1
"org.apache.jackrabbit.jcr.LogUtil",3,0.00,2.00,18,0.23,4616.19,4,1,10,13,14,66.72,29,28,8,1,116.72,0.00,0.00,1.00,1,0.00,2,692.80,0,3,6,java.lang.Object,0.00,10,0,6,0,10,0,0,5,151,1
"org.apache.jackrabbit.jcr.ReferenceChangeTracker",6,0.07,1.83,27,0.31,6851.63,9,3,10,23,5,92.10,41,40,2,1,124.32,0.00,0.00,0.39,0,2.00,4,915.83,0,2,3,java.lang.Object,0.00,17,0,11,0,17,4,0,10,207,1
"org.apache.jackrabbit.jcr.StateUtility",3,1.00,2.67,25,0.29,11645.31,4,1,10,14,9,109.06,12,32,3,1,108.82,0.00,0.00,0.00,0,3.00,5,874.38,0,1,7,java.lang.Object,0.00,11,0,8,0,11,2,0,4,180,1
"org.apache.jackrabbit.jcr.AbstractMoveTest",4,0.20,1.25,24,0.24,4392.37,9,5,9,11,7,167.98,7,30,6,4,117.98,2.33,0.27,0.35,1,6.00,2,719.55,2,0,1,org.apache.jackrabbit.test.AbstractJCRTest,0.38,7,3,5,7,7,4,0,5,164,1
"org.apache.jackrabbit.jcr.AbstractMoveTreeTest",5,0.22,1.40,36,0.37,7415.47,13,8,10,13,3,114.43,3,42,2,4,114.43,0.67,0.50,0.30,3,6.00,3,1124.02,2,0,1,org.apache.jackrabbit.test.AbstractJCRTest,0.36,8,3,7,2,8,5,0,1,241,1
"org.apache.jackrabbit.jcr.AbstractRepositoryConfig",2,1.00,1.00,6,0.05,737.58,3,1,4,3,3,182.99,3,9,1,1,132.99,0.00,0.00,0.00,0,2.00,1,141.54,0,2,2,java.lang.Object,0.00,1,0,2,0,1,0,1,1,39,2
"org.apache.jackrabbit.jcr.AccessByRelativePathTest",14,0.00,1.57,66,0.81,18299.02,17,3,10,34,4,81.61,98,95,1,4,123.90,0.00,0.75,0.33,0,0.00,4,2421.39,0,0,3,org.apache.jackrabbit.test.AbstractJCRTest,0.00,20,3,22,0,20,14,0,19,525,1
"org.apache.jackrabbit.jcr.AddNewPropertyTest",5,0.25,1.80,26,0.29,5233.46,7,2,11,14,3,103.14,26,39,1,4,121.01,0.00,0.75,0.30,0,0.00,2,872.73,2,0,2,org.apache.jackrabbit.test.AbstractJCRTest,0.36,9,3,9,0,9,5,0,6,194,1
"org.apache.jackrabbit.jcr.DefaultRepositoryStub",2,0.17,2.50,33,0.49,20845.72,8,6,9,16,7,138.17,44,42,3,2,94.23,2.00,0.25,0.08,0,2.00,4,1456.67,1,1,4,org.apache.jackrabbit.test.RepositoryStub,0.22,14,1,5,2,14,1,0,14,268,1
"org.apache.jackrabbit.jcr.HierarchyNodeTest",4,0.43,2.50,54,0.85,30069.96,11,7,13,29,3,148.71,6,64,1,4,98.71,0.00,0.75,0.46,1,0.00,6,2538.61,2,0,2,org.apache.jackrabbit.test.AbstractJCRTest,0.38,25,3,10,0,25,4,0,4,469,1
"org.apache.jackrabbit.jcr.ItemImpl",30,0.01,2.03,155,1.87,53630.57,35,5,32,83,19,76.86,227,208,4,1,119.15,0.00,0.00,0.21,7,218.00,7,5604.96,0,9,15,java.lang.Object,0.00,53,0,61,4,53,21,2,70,1181,2
"org.apache.jackrabbit.jcr.ItemLifeCycleListener",3,0.00,1.00,4,0.02,72.50,3,0,1,3,6,115.98,33,5,6,1,160.11,0.00,0.00,0.00,0,3.00,1,58.67,0,0,0,,0.00,0,0,3,0,0,3,0,4,23,1
"org.apache.jackrabbit.jcr.ItemManager",9,0.00,1.00,10,0.10,564.03,9,0,10,9,16,106.85,85,17,13,2,156.85,0.00,0.50,0.00,0,9.00,1,294.74,0,4,3,,0.00,0,1,9,0,0,5,0,10,91,1
"org.apache.jackrabbit.jcr.ItemManagerImpl",21,0.05,2.43,144,1.73,42481.17,25,4,27,65,21,83.51,130,205,2,1,115.74,0.00,0.00,0.30,5,62.00,5,5195.93,0,7,21,java.lang.Object,0.00,44,0,51,0,44,14,2,58,1082,1
"org.apache.jackrabbit.jcr.JCR2SPI2JCRRepositoryStub",3,1.00,1.67,19,0.19,5154.84,4,1,8,11,8,68.27,24,26,0,3,116.38,0.00,0.67,0.33,1,4.00,3,580.07,1,2,8,org.apache.jackrabbit.jcr2spi.DefaultRepositoryStub,0.25,8,2,5,0,8,1,0,6,129,1
"org.apache.jackrabbit.jcr.JCR2SPI2JCRRepositoryStub$AbstractRepositoryConfig",1,0.00,1.00,3,0.01,72.00,1,0,8,1,1,138.58,0,4,0,1,138.58,0.00,0.00,0.00,0,1.00,1,32.00,0,1,1,java.lang.Object,0.00,0,0,1,0,0,0,0,0,12,0
"org.apache.jackrabbit.jcr.LazyItemIterator",12,0.12,1.92,74,0.72,20247.99,19,7,19,26,7,68.30,100,101,3,1,116.41,0.00,0.00,0.25,1,12.00,6,2156.20,0,5,4,java.lang.Object,0.00,14,0,23,0,14,7,3,31,459,1
"org.apache.jackrabbit.jcr.LazyItemIteratorTest",4,0.00,2.25,41,0.44,15964.44,4,0,5,14,3,105.39,16,52,1,4,105.15,0.00,0.75,0.00,0,0.00,3,1315.73,1,0,2,org.apache.jackrabbit.test.AbstractJCRTest,0.19,10,3,9,0,10,4,0,11,269,1
"org.apache.jackrabbit.jcr.ManagerProvider",12,0.00,1.00,13,0.08,402.66,12,0,11,12,20,198.87,26,14,9,1,158.98,0.00,0.00,0.00,0,12.00,1,226.55,0,12,11,,0.00,0,0,12,0,0,0,0,4,84,1
"org.apache.jackrabbit.jcr.MoveMultipleTest",11,0.25,1.09,126,2.07,54791.96,13,2,14,40,3,103.25,47,142,1,5,103.02,0.00,0.80,0.27,0,0.00,2,6222.52,2,0,2,org.apache.jackrabbit.jcr2spi.AbstractMoveTest,0.31,29,4,12,0,29,11,0,21,1183,1
"org.apache.jackrabbit.jcr.MoveNewTreeTest",8,1.00,1.50,42,0.46,9436.44,9,1,5,21,2,160.53,18,59,1,5,120.64,0.00,0.80,0.00,0,0.00,4,1387.72,0,0,1,org.apache.jackrabbit.jcr2spi.AbstractMoveTreeTest,0.33,13,4,12,0,13,8,0,7,318,1
"org.apache.jackrabbit.jcr.MoveReferenceableTest",6,1.00,1.17,32,0.36,5797.77,7,1,5,18,3,121.62,25,40,1,5,121.38,0.00,0.80,0.00,0,0.00,2,1075.58,2,0,2,org.apache.jackrabbit.jcr2spi.AbstractMoveTest,0.37,12,4,7,0,12,6,0,12,240,1
"org.apache.jackrabbit.jcr.MoveSNSTest",9,0.04,2.00,72,0.80,16223.46,12,3,8,25,3,111.75,44,87,1,5,111.51,0.00,0.80,0.37,0,0.00,4,2394.83,3,0,2,org.apache.jackrabbit.jcr2spi.AbstractMoveTest,0.50,16,4,18,0,16,9,0,15,491,1
"org.apache.jackrabbit.jcr.MoveTest",13,1.00,2.15,92,1.13,27971.30,14,1,10,31,4,95.18,71,128,2,5,113.05,0.25,0.67,0.00,0,0.00,4,3397.27,1,0,2,org.apache.jackrabbit.jcr2spi.AbstractMoveTest,0.15,18,4,28,1,18,13,0,31,689,1
"org.apache.jackrabbit.jcr.MoveTreeTest",7,1.00,1.57,40,0.47,10748.45,8,1,5,18,2,169.73,7,56,1,5,119.73,0.00,0.80,0.00,0,0.00,4,1423.78,0,0,1,org.apache.jackrabbit.jcr2spi.AbstractMoveTreeTest,0.34,11,4,11,0,11,7,0,5,320,1
"org.apache.jackrabbit.jcr.MultiValuedPropertyTest",7,1.00,3.00,57,0.56,13656.42,8,1,8,18,4,68.86,51,92,1,4,111.15,0.00,0.75,0.00,0,0.00,3,1682.35,0,0,3,org.apache.jackrabbit.test.AbstractJCRTest,0.00,11,3,21,0,11,7,0,15,347,1
"org.apache.jackrabbit.jcr.NodeImpl",88,0.37,2.40,675,9.53,328998.16,90,2,66,264,43,78.92,531,904,5,2,111.14,2.00,0.25,0.13,33,106.00,7,28598.79,5,52,39,org.apache.jackrabbit.jcr2spi.ItemImpl,0.05,176,1,211,2,176,36,1,224,5471,1
"org.apache.jackrabbit.jcr.NodeOrderTest",6,0.10,1.67,45,0.57,14853.56,8,2,8,22,3,152.52,15,60,1,4,112.63,0.00,0.75,0.42,1,0.00,4,1707.15,2,0,2,org.apache.jackrabbit.test.AbstractJCRTest,0.35,16,3,10,0,16,6,0,4,356,1
"org.apache.jackrabbit.jcr.PropertyImpl",38,0.50,1.87,218,2.65,84960.09,40,2,26,84,15,118.64,174,276,2,2,118.41,0.00,0.50,0.01,13,106.00,9,7949.97,5,12,14,org.apache.jackrabbit.jcr2spi.ItemImpl,0.09,46,1,71,0,46,26,1,61,1634,1
"org.apache.jackrabbit.jcr.PropertyLengthTest",12,1.00,2.25,81,1.08,46479.55,13,1,12,42,3,113.53,3,109,0,4,113.53,0.00,0.75,0.08,2,22.00,13,3252.46,0,1,3,org.apache.jackrabbit.test.AbstractJCRTest,0.00,30,3,27,0,30,11,0,1,620,1
"org.apache.jackrabbit.jcr.RMIRepositoryStub",4,0.33,1.50,23,0.23,4581.35,6,2,8,12,3,72.64,35,32,0,3,120.75,0.00,0.67,0.25,1,8.00,2,685.80,0,3,3,org.apache.jackrabbit.jcr2spi.DefaultRepositoryStub,0.23,8,2,6,0,8,1,0,10,159,1
"org.apache.jackrabbit.jcr.RMIRepositoryStub$ClientFactoryDelegater",1,0.00,1.00,2,0.02,146.32,1,0,8,1,0,142.72,0,4,0,1,142.72,0.00,0.00,0.00,0,1.00,1,58.53,0,1,0,java.lang.Object,0.00,0,0,1,0,0,0,0,0,18,3
"org.apache.jackrabbit.jcr.RMIRepositoryStub$RMIClientFactoryDelegater",1,1.00,1.00,5,0.06,878.60,2,1,8,5,1,171.75,1,7,0,2,121.75,0.00,0.50,0.00,0,1.00,1,190.92,0,1,1,org.apache.jackrabbit.jcr2spi.ClientFactoryDelegater,0.00,4,1,1,0,4,0,0,1,46,2
"org.apache.jackrabbit.jcr.RefreshFalseTest",6,0.00,1.83,48,0.56,10408.99,8,2,11,25,3,161.66,10,63,1,4,111.66,0.00,0.75,0.50,0,0.00,3,1683.38,2,0,2,org.apache.jackrabbit.test.AbstractJCRTest,0.35,19,3,11,0,19,6,0,8,347,1
"org.apache.jackrabbit.jcr.RefreshMovedTest",4,0.42,1.25,30,0.39,6749.16,8,4,7,19,2,96.14,23,37,1,4,114.01,0.00,0.75,0.56,0,0.00,2,1157.79,2,0,1,org.apache.jackrabbit.test.AbstractJCRTest,0.38,15,3,5,0,15,4,0,11,246,1
"org.apache.jackrabbit.jcr.RefreshTrueTest",4,0.00,1.50,27,0.31,5454.65,6,2,11,22,3,167.19,6,35,1,4,117.19,0.00,0.75,0.50,0,0.00,2,935.39,2,0,2,org.apache.jackrabbit.test.AbstractJCRTest,0.38,18,3,6,0,18,4,0,4,202,1
"org.apache.jackrabbit.jcr.RemoveItemTest",11,0.07,1.73,60,0.51,7724.78,14,3,13,22,4,143.00,42,87,2,4,122.39,1.33,0.38,0.39,0,0.00,4,1542.07,2,1,2,org.apache.jackrabbit.test.AbstractJCRTest,0.29,11,3,19,4,11,10,0,18,364,2
"org.apache.jackrabbit.jcr.RemoveNewNodeTest",6,0.00,2.17,39,0.35,6551.73,8,2,8,21,2,138.49,23,59,0,4,117.87,0.00,0.75,0.50,0,0.00,6,1064.05,2,0,2,org.apache.jackrabbit.test.AbstractJCRTest,0.35,15,3,13,0,15,6,0,12,242,1
"org.apache.jackrabbit.jcr.RemoveNodeTest",6,1.00,2.33,52,0.56,11026.74,7,1,9,25,5,93.54,30,76,3,5,111.41,0.50,0.57,0.00,0,0.00,3,1693.17,0,1,2,org.apache.jackrabbit.jcr2spi.RemoveItemTest,0.15,19,4,14,2,19,5,0,16,355,1
"org.apache.jackrabbit.jcr.RemovePropertyTest",5,1.00,2.60,40,0.41,8823.21,6,1,13,18,3,93.65,27,60,1,5,111.53,0.00,0.80,0.00,0,0.00,3,1241.37,0,1,2,org.apache.jackrabbit.jcr2spi.RemoveItemTest,0.15,13,4,13,0,13,4,0,13,268,1
"org.apache.jackrabbit.jcr.RemoveReferenceableNodeTest",3,0.00,2.33,23,0.24,5077.23,5,2,7,13,3,95.98,16,33,1,6,113.86,0.00,0.83,0.50,0,0.00,3,719.84,1,1,2,org.apache.jackrabbit.jcr2spi.RemoveNodeTest,0.16,10,5,7,0,10,2,0,8,156,1
"org.apache.jackrabbit.jcr.RemoveSNSTest",6,0.20,2.00,43,0.47,8147.64,9,3,7,19,3,96.77,32,60,1,6,114.65,0.00,0.83,0.50,0,0.00,3,1395.56,1,1,2,org.apache.jackrabbit.jcr2spi.RemoveNodeTest,0.30,13,5,12,0,13,5,0,14,294,1
"org.apache.jackrabbit.jcr.RenameTest",4,0.22,1.00,20,0.19,2634.01,7,3,3,10,2,122.73,3,25,1,5,122.73,0.00,0.80,0.50,0,0.00,1,574.05,2,0,1,org.apache.jackrabbit.jcr2spi.AbstractMoveTest,0.40,6,4,4,0,6,4,0,1,138,1
"org.apache.jackrabbit.jcr.ReorderMixedTest",1,1.00,1.00,8,0.11,1902.39,2,1,8,4,2,132.10,3,10,1,5,111.49,0.00,0.80,0.00,0,0.00,1,326.12,0,0,1,org.apache.jackrabbit.jcr2spi.ReorderTest,0.17,3,4,1,0,3,1,0,1,73,1
"org.apache.jackrabbit.jcr.ReorderMoveTest",13,0.25,1.38,112,1.86,52668.61,17,4,10,37,5,109.06,53,132,1,4,108.83,0.00,0.75,0.48,3,0.00,2,5585.78,2,2,4,org.apache.jackrabbit.test.AbstractJCRTest,0.27,24,3,18,0,24,11,0,25,1101,1
"org.apache.jackrabbit.jcr.ReorderNewAndSavedTest",3,1.00,1.00,18,0.25,4417.10,4,1,9,8,2,167.03,3,22,1,5,117.03,0.00,0.80,0.00,0,0.00,1,736.18,2,0,1,org.apache.jackrabbit.jcr2spi.ReorderTest,0.47,5,4,3,0,5,3,0,1,163,1
"org.apache.jackrabbit.jcr.ReorderNewSNSTest",3,1.00,1.67,21,0.28,5302.98,4,1,10,10,2,163.79,5,27,1,5,113.79,0.00,0.80,0.00,0,0.00,2,844.57,2,0,1,org.apache.jackrabbit.jcr2spi.ReorderTest,0.47,7,4,5,0,7,3,0,3,178,1
"org.apache.jackrabbit.jcr.ReorderNewTest",3,1.00,1.67,21,0.28,5077.53,4,1,10,10,2,163.93,5,27,1,5,113.93,0.00,0.80,0.00,0,0.00,2,838.07,2,0,1,org.apache.jackrabbit.jcr2spi.ReorderTest,0.47,7,4,5,0,7,3,0,3,176,1
"org.apache.jackrabbit.jcr.ReorderReferenceableSNSTest",1,1.00,3.00,17,0.21,9429.89,2,1,5,7,3,114.17,3,18,1,5,93.55,0.00,0.80,0.00,0,0.00,3,616.57,0,0,2,org.apache.jackrabbit.jcr2spi.ReorderTest,0.17,6,4,3,0,6,1,0,1,123,1
"org.apache.jackrabbit.jcr.ReorderSNSTest",3,1.00,1.00,27,0.37,8040.38,4,1,9,13,2,158.41,3,31,1,5,108.41,0.00,0.80,0.00,0,0.00,1,1110.44,1,0,1,org.apache.jackrabbit.jcr2spi.ReorderTest,0.16,10,4,3,0,10,3,0,1,242,1
"org.apache.jackrabbit.jcr.ReorderTest",12,0.44,1.50,83,1.07,28360.61,17,5,14,32,9,115.31,3,104,7,4,115.31,2.00,0.30,0.60,3,0.00,4,3210.95,2,1,2,org.apache.jackrabbit.test.AbstractJCRTest,0.28,20,3,18,6,20,11,0,1,690,1
"org.apache.jackrabbit.jcr.ReplaceNode",4,0.33,2.25,33,0.41,9101.66,7,3,7,18,3,110.93,17,45,1,4,110.69,0.00,0.75,0.58,0,0.00,4,1219.56,2,0,2,org.apache.jackrabbit.test.AbstractJCRTest,0.38,14,3,9,0,14,4,0,15,252,1
"org.apache.jackrabbit.jcr.RepositoryImpl",6,0.00,2.00,40,0.55,21072.91,9,3,21,28,12,65.79,50,51,6,2,113.89,0.00,0.50,0.33,0,10.00,4,1658.39,0,5,6,org.apache.jackrabbit.commons.AbstractRepository,0.00,22,1,12,0,22,1,1,11,339,1
"org.apache.jackrabbit.jcr.RepositoryImpl$Factory",1,0.00,9.00,37,0.67,46999.74,3,2,21,16,2,125.21,1,46,0,1,75.21,0.00,0.00,1.00,0,0.00,9,2012.76,0,1,2,java.lang.Object,0.00,15,0,9,0,15,0,1,1,336,2
"org.apache.jackrabbit.jcr.RepositorySetup",5,0.17,1.80,37,0.42,11365.07,11,6,19,20,9,64.43,53,49,2,1,112.91,0.00,0.00,0.03,0,8.00,3,1269.08,0,1,7,java.lang.Object,0.00,15,0,9,0,15,4,0,13,270,1
"org.apache.jackrabbit.jcr.RepositorySetup$CreateTestWorkspace",1,0.00,2.00,5,0.07,1174.53,1,0,19,5,1,141.21,3,8,0,1,120.59,0.00,0.00,0.00,0,0.00,2,214.16,0,0,1,java.lang.Object,0.00,4,0,2,0,4,1,1,1,50,2
"org.apache.jackrabbit.jcr.RepositorySetup$ImportTestContent",1,0.00,6.00,14,0.19,6040.59,1,0,19,8,0,98.30,4,25,0,1,98.06,0.00,0.00,0.00,0,0.00,6,558.88,0,0,0,java.lang.Object,0.00,7,0,6,0,7,1,1,2,107,2
"org.apache.jackrabbit.jcr.RepositorySetup$RegisterNamespaces",1,0.00,4.00,11,0.12,3619.13,1,0,19,8,0,104.05,4,19,0,1,103.81,0.00,0.00,0.00,0,0.00,4,359.65,0,0,0,java.lang.Object,0.00,7,0,4,0,7,1,1,2,75,2
"org.apache.jackrabbit.jcr.RepositorySetup$RegisterNodeTypes",1,0.00,7.00,22,0.31,13693.36,1,0,19,15,4,70.03,5,31,0,1,87.90,0.00,0.00,0.00,0,0.00,7,919.79,0,0,4,java.lang.Object,0.00,14,0,7,0,14,1,1,3,162,2
"org.apache.jackrabbit.jcr.RepositorySetup$Task",1,0.00,1.00,2,0.01,51.30,1,0,19,1,0,114.08,6,3,0,1,146.30,0.00,0.00,0.00,0,1.00,1,27.65,0,0,0,,0.00,0,0,1,0,0,1,0,1,11,1
"org.apache.jackrabbit.jcr.RevertMoveTest",3,1.00,1.33,18,0.22,3721.30,4,1,4,14,2,99.67,17,24,1,5,117.55,0.00,0.80,0.00,0,1.00,2,654.70,1,0,1,org.apache.jackrabbit.jcr2spi.AbstractMoveTest,0.21,11,4,4,0,11,3,0,4,144,1
"org.apache.jackrabbit.jcr.SNSIndexTest",11,0.15,1.64,93,1.07,32000.58,19,8,9,26,3,149.81,31,116,1,4,109.92,0.00,0.75,0.26,2,37.00,3,3197.12,2,1,2,org.apache.jackrabbit.test.AbstractJCRTest,0.29,15,3,18,0,15,10,0,12,667,1
"org.apache.jackrabbit.jcr.SessionImpl",69,0.00,1.55,324,3.75,98777.74,83,14,82,185,56,123.83,284,435,13,1,123.59,0.00,0.00,0.07,21,2738.00,6,11238.97,0,41,49,java.lang.Object,0.00,116,0,107,1,116,28,2,100,2365,1
"org.apache.jackrabbit.jcr.SessionListener",2,0.00,1.00,3,0.01,46.02,2,0,1,2,3,110.28,19,4,3,1,160.28,0.00,0.00,0.00,0,2.00,1,41.02,0,0,0,,0.00,0,0,2,0,0,2,0,3,17,1
"org.apache.jackrabbit.jcr.SingleValuedPropertyTest",1,1.00,3.00,9,0.10,2154.06,2,1,8,6,4,66.61,7,14,1,4,108.90,0.00,0.75,0.00,0,0.00,3,298.61,0,0,3,org.apache.jackrabbit.test.AbstractJCRTest,0.00,5,3,3,0,5,1,0,3,65,1
"org.apache.jackrabbit.jcr.TestAll",1,1.00,1.00,39,0.57,23142.18,2,1,5,4,34,33.15,11,41,0,2,77.28,0.00,0.50,0.00,0,1.00,1,1702.65,0,1,34,junit.framework.TestCase,0.00,3,1,1,0,3,0,0,9,309,1
"org.apache.jackrabbit.jcr.TestConnect",1,0.00,2.00,8,0.09,1553.91,1,0,3,5,1,132.64,3,8,0,4,112.02,0.00,0.75,0.00,0,0.00,2,261.63,0,0,1,org.apache.jackrabbit.test.AbstractJCRTest,0.00,4,3,2,0,4,1,0,1,59,1
"org.apache.jackrabbit.jcr.UpdateTest",10,0.04,2.80,98,1.20,34849.15,13,3,19,35,3,157.27,19,136,1,4,107.27,0.00,0.75,0.30,1,0.00,6,3593.00,1,1,2,org.apache.jackrabbit.test.AbstractJCRTest,0.15,25,3,28,0,25,9,0,17,700,1
"org.apache.jackrabbit.jcr.WorkspaceImpl",40,0.03,1.28,173,2.09,48704.60,48,8,61,96,43,144.80,146,241,4,1,124.19,0.00,0.00,0.15,7,0.00,3,6271.89,0,31,40,java.lang.Object,0.00,56,0,51,0,56,9,2,62,1300,1
"org.apache.jackrabbit.jcr.WorkspaceManager",44,0.05,1.61,236,2.62,70435.63,60,16,97,121,74,101.71,230,317,7,1,119.58,0.00,0.00,0.11,5,254.00,11,7858.34,0,26,68,java.lang.Object,0.00,77,0,71,0,77,18,3,60,1634,1
"org.apache.jackrabbit.jcr.WorkspaceManager$ChangePolling",2,1.00,5.00,29,0.39,17962.32,3,1,97,4,3,64.52,12,45,0,1,96.75,0.00,0.00,0.50,0,2.00,9,1160.92,0,0,3,java.lang.Object,0.00,2,0,10,0,2,2,1,6,209,2
"org.apache.jackrabbit.jcr.WorkspaceManager$NodeTypeStorage",5,0.00,1.00,11,0.11,1354.49,5,0,97,6,2,140.61,0,16,0,1,140.61,0.00,0.00,0.00,0,7.00,1,341.47,0,2,2,java.lang.Object,0.00,1,0,5,0,1,3,0,0,88,0
"org.apache.jackrabbit.jcr.WorkspaceManager$OperationVisitorImpl",25,0.00,1.28,111,1.65,30990.05,27,2,97,101,35,144.74,99,146,0,1,124.13,0.00,0.00,0.50,0,0.00,3,4935.99,0,0,35,java.lang.Object,0.00,76,0,32,0,76,25,1,27,1051,2
"org.apache.jackrabbit.jcr.WorkspaceMoveTest",4,1.00,2.00,24,0.26,6167.71,5,1,6,11,3,116.94,18,37,1,6,116.71,0.00,0.83,0.00,0,4.00,3,780.93,2,0,2,org.apache.jackrabbit.jcr2spi.MoveTest,0.47,7,5,8,0,7,4,0,11,168,1
"org.apache.jackrabbit.jcr.XASession",1,0.00,1.00,2,0.01,44.19,1,0,2,1,1,173.10,19,3,1,2,146.81,0.00,0.50,0.00,0,1.00,1,26.09,0,1,0,,0.00,0,1,1,0,0,0,0,2,11,1
"org.apache.jackrabbit.jcr.XASessionImpl",2,1.00,1.00,7,0.06,760.70,3,1,5,3,5,84.41,20,11,2,2,132.88,0.00,0.50,0.50,0,2.00,1,178.68,0,1,4,org.apache.jackrabbit.jcr2spi.SessionImpl,0.00,1,1,2,0,1,1,1,5,48,1
"org.apache.jackrabbit.webdav.jcr.search.SearchResourceImpl",6,0.07,3.33,91,1.33,61228.38,9,3,28,62,15,47.18,53,108,1,1,95.28,0.00,0.00,0.28,3,14.00,10,3989.78,0,5,14,java.lang.Object,0.00,56,0,20,0,56,1,1,17,681,1
"org.apache.jackrabbit.webdav.jcr.search.SearchResultProperty",7,0.20,2.43,66,1.01,37706.54,12,5,18,38,7,57.34,75,84,1,2,105.82,0.00,0.50,0.37,1,2.00,6,3018.93,1,4,6,org.apache.jackrabbit.webdav.property.AbstractDavProperty,0.00,31,1,17,0,31,3,1,8,554,1
"org.apache.jackrabbit.webdav.version.report.CompareBaselineReport",6,0.09,3.33,82,1.31,61861.25,15,9,19,42,15,65.35,38,98,0,1,97.57,0.00,0.00,0.19,2,14.00,6,3925.24,0,3,15,java.lang.Object,0.00,36,0,20,0,36,3,1,19,697,1
"org.apache.jackrabbit.webdav.version.report.ExpandPropertyReport",9,0.16,2.11,57,0.74,27496.84,13,4,22,32,18,70.23,103,76,1,1,114.36,0.00,0.00,0.11,5,29.00,6,2214.50,0,4,18,java.lang.Object,0.00,23,0,19,0,23,5,2,16,440,1
"org.apache.jackrabbit.webdav.version.report.ExpandPropertyReport$ExpandProperty",2,0.00,2.00,15,0.17,4134.50,3,1,22,10,7,80.99,12,18,0,2,113.21,0.00,0.50,1.00,0,0.00,3,512.91,0,1,7,org.apache.jackrabbit.webdav.property.AbstractDavProperty,0.00,8,1,4,0,8,1,0,3,105,1
"org.apache.jackrabbit.webdav.version.report.LatestActivityVersionReport",5,0.08,2.60,49,0.69,23986.75,11,6,16,30,14,58.09,43,61,0,1,106.20,0.00,0.00,0.23,1,13.00,6,2061.04,0,3,14,java.lang.Object,0.00,25,0,13,0,25,2,1,15,390,1
"org.apache.jackrabbit.webdav.version.report.LocateByHistoryReport",7,0.08,2.57,47,0.65,22105.22,11,4,17,30,15,66.09,60,68,1,1,114.20,0.00,0.00,0.18,3,18.00,7,1950.05,0,3,15,java.lang.Object,0.00,23,0,18,0,23,4,2,10,383,1
"org.apache.jackrabbit.webdav.version.report.Report",3,0.00,1.00,4,0.03,141.96,3,0,4,3,28,109.33,31,5,24,2,157.81,0.00,0.50,0.00,0,3.00,1,76.78,0,1,6,,0.00,0,1,3,0,0,2,0,4,27,1
"org.apache.jackrabbit.webdav.version.report.ReportInfo",12,0.03,2.33,81,0.99,28872.45,18,6,16,41,37,72.86,88,109,29,1,115.15,0.00,0.00,0.19,1,40.00,5,2956.08,0,5,9,java.lang.Object,0.00,29,0,28,0,29,7,1,14,603,1
"org.apache.jackrabbit.webdav.version.report.ReportType",9,0.01,2.11,58,0.81,30232.91,18,9,12,25,33,71.74,64,80,26,1,114.03,0.00,0.00,0.10,1,46.00,6,2422.50,0,6,12,java.lang.Object,0.00,16,0,19,0,16,3,2,12,488,1
"org.apache.jackrabbit.webdav.version.report.SupportedReportSetProperty",6,0.20,1.67,31,0.33,6620.43,8,2,9,15,9,78.56,44,39,4,2,120.85,0.00,0.50,0.33,1,0.00,3,1004.08,1,2,5,org.apache.jackrabbit.webdav.property.AbstractDavProperty,0.00,9,1,10,0,9,4,0,7,225,1
"org.apache.jackrabbit.webdav.version.report.VersionTreeReport",9,0.25,2.11,51,0.61,23132.33,12,3,13,27,12,69.80,75,69,1,1,117.90,0.00,0.00,0.11,5,23.00,6,1834.20,0,4,12,java.lang.Object,0.00,18,0,19,0,18,5,2,10,386,1
"org.apache.jackrabbit.core.state.util.BLOBStore",0,0.00,0.00,1,0.02,184.37,0,0,0,0,1,171.00,5,3,1,2,171.00,0.00,0.50,0.00,0,0.00,0,64.53,0,0,0,,0.00,0,1,0,0,0,0,0,1,18,1
"org.apache.jackrabbit.core.state.util.FileSystemBLOBStore",1,0.00,1.00,3,0.03,259.37,1,0,1,1,2,116.32,5,5,0,2,134.19,0.00,0.50,0.00,0,1.00,1,94.53,0,0,2,org.apache.jackrabbit.core.persistence.util.FileSystemBLOBStore,0.00,0,1,1,0,0,1,0,1,28,1
"org.apache.jackrabbit.core.state.util.ResourceBasedBLOBStore",0,0.00,0.00,1,0.02,184.37,0,0,0,0,0,171.00,5,3,0,2,171.00,0.00,0.50,0.00,0,0.00,0,64.53,0,0,0,,0.00,0,1,0,0,0,0,0,1,18,1
"org.apache.jackrabbit.core.state.util.Serializer",6,0.00,1.00,13,0.29,3683.73,6,0,5,8,5,138.05,29,30,0,1,137.81,0.00,0.00,0.00,0,6.00,1,863.86,0,0,5,java.lang.Object,0.00,2,0,6,0,2,6,0,13,197,2
"org.apache.jackrabbit.lock.Locked",6,1.00,3.17,57,0.75,42079.27,7,1,16,29,6,144.15,130,83,1,1,104.85,0.00,0.00,0.17,4,10.00,13,2258.03,0,5,5,java.lang.Object,0.00,23,0,19,0,23,1,0,22,402,2
"org.apache.jackrabbit.lock.Locked$EventListener",1,0.00,1.00,4,0.02,212.76,1,0,16,2,0,130.21,0,6,0,1,130.21,0.00,0.00,0.00,0,1.00,1,65.36,0,0,0,java.lang.Object,0.00,1,0,1,0,1,1,0,0,20,0
"org.apache.jackrabbit.core.value.BLOBFileValue",8,0.00,1.25,17,0.16,3968.58,8,0,4,10,17,106.27,54,24,17,1,138.49,0.00,0.00,0.00,1,8.00,3,470.65,0,2,0,java.lang.Object,0.00,2,0,10,5,2,6,0,9,118,2
"org.apache.jackrabbit.core.value.BLOBInDataStore",12,0.05,1.17,43,0.44,9295.70,16,4,8,29,7,170.30,27,59,2,2,130.42,0.00,0.50,0.21,1,36.00,2,1306.92,0,5,5,org.apache.jackrabbit.core.value.BLOBFileValue,0.60,17,1,14,0,17,7,0,9,316,1
"org.apache.jackrabbit.core.value.BLOBInMemory",11,0.04,1.64,64,0.75,44096.30,16,5,6,26,4,84.22,67,78,2,2,116.44,0.00,0.50,0.24,0,20.00,4,2255.11,0,4,2,org.apache.jackrabbit.core.value.BLOBFileValue,0.63,15,1,18,0,15,7,0,19,461,1
"org.apache.jackrabbit.core.value.BLOBInResource",9,0.00,1.67,36,0.38,9605.03,13,4,7,23,5,106.70,53,58,2,2,124.58,0.00,0.50,0.25,0,15.00,3,1132.32,0,3,3,org.apache.jackrabbit.core.value.BLOBFileValue,0.71,14,1,15,0,14,6,0,16,264,1
"org.apache.jackrabbit.core.value.BLOBInTempFile",11,0.00,1.91,58,0.60,23395.81,15,4,9,25,4,118.81,54,85,2,2,118.57,0.00,0.50,0.25,1,22.00,7,1804.65,0,4,2,org.apache.jackrabbit.core.value.BLOBFileValue,0.63,14,1,21,0,14,7,0,14,389,1
"org.apache.jackrabbit.core.value.BLOBValue",11,0.31,3.73,119,1.30,57385.93,18,7,15,43,6,66.56,139,164,2,2,104.12,0.00,0.50,0.43,0,0.00,6,3902.25,0,2,4,org.apache.jackrabbit.core.value.BLOBFileValue,0.63,32,1,41,0,32,9,0,49,790,1
"org.apache.jackrabbit.core.value.InternalValue",48,0.04,1.71,253,3.17,122372.65,55,7,30,109,86,138.59,180,376,60,1,117.98,0.00,0.00,0.18,3,240.00,7,9523.86,0,29,26,java.lang.Object,0.00,61,0,82,0,61,19,0,44,1953,1
"org.apache.jackrabbit.jcr.AbstractLockTest",20,0.12,1.45,139,1.48,30514.36,25,5,10,56,4,137.43,75,177,2,4,116.82,0.67,0.50,0.31,1,0.00,3,4440.02,2,0,2,org.apache.jackrabbit.test.AbstractJCRTest,0.22,36,3,29,2,36,20,0,45,951,2
"org.apache.jackrabbit.jcr.DeepLockTest",14,0.14,1.36,64,0.67,10621.05,20,6,8,34,3,125.79,8,88,1,4,125.79,0.00,0.75,0.30,0,0.00,4,2004.00,2,0,2,org.apache.jackrabbit.test.AbstractJCRTest,0.26,20,3,19,0,20,14,0,6,456,1
"org.apache.jackrabbit.jcr.DefaultLockManager",8,1.00,1.00,15,0.15,1663.15,9,1,7,10,2,152.75,7,24,0,1,152.75,0.00,0.00,0.00,0,8.00,1,443.82,0,3,2,java.lang.Object,0.00,2,0,8,0,2,5,1,5,120,1
"org.apache.jackrabbit.jcr.LockManager",8,0.00,1.00,9,0.08,373.66,8,0,4,8,7,109.75,68,11,6,1,157.85,0.00,0.00,0.00,0,8.00,1,238.76,0,3,1,,0.00,0,0,8,0,0,5,0,9,77,1
"org.apache.jackrabbit.jcr.LockManagerImpl",17,0.02,2.88,166,1.96,67567.13,22,5,30,65,20,58.34,183,209,1,1,106.82,0.00,0.00,0.22,6,43.00,9,5865.61,0,4,19,java.lang.Object,0.00,48,0,49,0,48,13,2,79,1161,1
"org.apache.jackrabbit.jcr.LockManagerImpl$LockImpl",13,0.08,1.69,53,0.43,7771.02,16,3,30,24,2,108.68,70,76,0,1,126.56,0.00,0.00,0.26,4,24.00,4,1301.42,0,4,2,java.lang.Object,0.00,11,0,22,0,11,9,2,30,318,1
"org.apache.jackrabbit.jcr.LockManagerImpl$LockState",9,0.04,2.44,54,0.50,8737.57,12,3,30,22,11,118.48,41,80,0,1,118.24,0.00,0.00,0.37,3,1.00,5,1495.48,0,0,11,java.lang.Object,0.00,13,0,22,0,13,9,1,19,339,1
"org.apache.jackrabbit.jcr.LockManagerImpl$LockTokenListener",2,0.00,1.00,3,0.02,87.00,2,0,30,2,0,125.88,12,4,0,1,158.10,0.00,0.00,0.00,0,2.00,1,58.00,0,0,0,,0.00,0,0,2,0,0,2,0,2,21,1
"org.apache.jackrabbit.jcr.OpenScopedLockTest",9,1.00,1.56,84,0.99,22786.69,10,1,6,35,2,129.12,28,114,1,5,108.50,0.00,0.80,0.00,0,0.00,3,2973.25,0,0,1,org.apache.jackrabbit.jcr2spi.lock.AbstractLockTest,0.11,26,4,14,0,26,9,0,22,602,1
"org.apache.jackrabbit.jcr.SessionScopedLockTest",3,1.00,1.33,24,0.30,5301.98,4,1,6,17,2,132.29,11,30,1,5,111.67,0.00,0.80,0.00,0,1.00,2,892.14,0,0,1,org.apache.jackrabbit.jcr2spi.lock.AbstractLockTest,0.12,14,4,4,0,14,3,0,5,183,1
"org.apache.jackrabbit.jcr.TestAll",1,0.00,1.00,7,0.06,1740.69,1,0,3,3,3,134.57,3,9,0,2,113.96,0.00,0.50,0.00,0,1.00,1,186.48,0,1,3,junit.framework.TestCase,0.00,2,1,1,0,2,0,0,1,47,1
"org.apache.jackrabbit.core.state.obj.ObjectPersistenceManager",0,0.00,0.00,1,0.03,257.00,0,0,1,0,2,171.00,5,4,0,3,171.00,0.00,0.67,0.00,0,0.00,0,76.15,0,0,2,org.apache.jackrabbit.core.persistence.obj.ObjectPersistenceManager,0.00,0,2,0,0,0,0,1,1,20,1
"org.apache.jackrabbit.webdav.jcr.transaction.TransactionListener",2,0.00,1.00,3,0.02,111.87,2,0,1,2,5,109.13,17,4,4,1,157.24,0.00,0.00,0.00,0,2.00,1,74.58,0,0,1,,0.00,0,0,2,0,0,2,0,3,24,1
"org.apache.jackrabbit.webdav.jcr.transaction.TxLockManagerImpl",18,0.18,2.67,155,2.25,99563.72,21,3,32,73,23,59.14,183,209,3,1,107.61,0.00,0.00,0.17,8,106.00,9,6740.89,0,8,20,java.lang.Object,0.00,55,0,48,0,55,10,1,36,1293,1
"org.apache.jackrabbit.webdav.jcr.transaction.TxLockManagerImpl$AbstractTransaction",5,0.12,1.60,21,0.19,3492.44,7,2,32,12,4,165.92,12,30,0,2,126.04,0.00,0.50,0.40,1,9.00,4,562.78,0,3,4,org.apache.jackrabbit.webdav.jcr.transaction.TransactionMap,0.00,7,1,8,0,7,2,1,4,136,3
"org.apache.jackrabbit.webdav.jcr.transaction.TxLockManagerImpl$GlobalTransaction",8,0.57,1.62,36,0.43,9045.73,9,1,32,22,6,174.39,9,53,0,2,124.39,0.00,0.50,0.50,2,8.00,2,1285.72,1,2,6,org.apache.jackrabbit.webdav.jcr.transaction.AbstractTransaction,0.00,14,1,13,0,14,6,0,1,286,2
"org.apache.jackrabbit.webdav.jcr.transaction.TxLockManagerImpl$LocalTransaction",7,0.00,1.57,24,0.29,5433.15,7,0,32,17,7,130.34,1,39,0,2,130.34,0.00,0.50,0.00,1,12.00,3,876.77,0,2,7,org.apache.jackrabbit.webdav.jcr.transaction.AbstractTransaction,0.00,10,1,11,0,10,5,0,1,201,3
"org.apache.jackrabbit.webdav.jcr.transaction.TxLockManagerImpl$Transaction",8,0.00,1.00,9,0.04,170.51,8,0,32,8,4,160.77,35,10,0,1,160.54,0.00,0.00,0.00,0,8.00,1,129.51,0,3,4,,0.00,0,0,8,0,0,5,0,7,51,1
"org.apache.jackrabbit.webdav.jcr.transaction.TxLockManagerImpl$TransactionMap",2,0.00,1.50,8,0.07,1458.86,2,0,32,3,1,125.90,1,12,0,2,125.90,0.00,0.50,0.00,0,2.00,2,223.61,2,2,1,java.util.HashMap,0.00,1,1,3,0,1,0,0,1,59,2
"org.apache.jackrabbit.webdav.jcr.transaction.TxLockManagerImpl$XidImpl",4,1.00,1.00,10,0.06,728.11,5,1,32,5,0,142.21,18,15,0,1,141.97,0.00,0.00,0.25,0,6.00,1,190.21,0,0,0,java.lang.Object,0.00,1,0,4,0,1,4,1,5,57,2
"org.apache.jackrabbit.webdav.jcr.nodetype.ItemDefinitionImpl",9,0.05,1.22,41,0.40,8524.34,16,7,8,22,5,145.67,34,52,3,1,125.06,0.00,0.00,0.19,6,41.00,2,1212.75,0,4,2,java.lang.Object,0.00,13,0,11,2,13,5,3,11,268,2
"org.apache.jackrabbit.webdav.jcr.nodetype.NodeDefinitionImpl",7,0.04,1.43,40,0.39,11432.82,11,4,7,18,5,140.16,27,48,3,2,119.54,0.00,0.50,0.21,3,25.00,3,1157.81,1,5,2,org.apache.jackrabbit.webdav.jcr.nodetype.ItemDefinitionImpl,0.12,11,1,10,0,11,2,1,10,250,2
"org.apache.jackrabbit.webdav.jcr.nodetype.NodeTypeConstants",0,0.00,0.00,33,0.45,7981.07,32,32,2,0,5,171.00,39,34,3,1,171.00,0.00,0.00,0.00,0,0.00,0,1364.11,0,0,2,,0.00,0,0,0,0,0,0,0,29,219,1
"org.apache.jackrabbit.webdav.jcr.nodetype.NodeTypeProperty",8,0.00,2.50,62,0.76,21350.19,10,2,14,31,7,152.17,23,75,2,2,112.28,0.00,0.50,0.50,2,0.00,5,2265.72,1,3,5,org.apache.jackrabbit.webdav.property.AbstractDavProperty,0.00,23,1,20,0,23,5,1,6,458,1
"org.apache.jackrabbit.webdav.jcr.nodetype.PropertyDefinitionImpl",8,0.03,1.62,55,0.58,21897.66,13,5,9,23,5,135.41,31,64,3,2,114.79,0.00,0.50,0.22,4,34.00,5,1746.32,1,5,2,org.apache.jackrabbit.webdav.jcr.nodetype.ItemDefinitionImpl,0.12,15,1,13,0,15,3,1,12,347,2
"org.apache.jackrabbit.BaseException",2,0.00,1.00,5,0.03,239.29,2,0,0,2,12,99.28,22,8,12,2,143.41,18.00,0.05,0.00,0,2.00,1,92.84,0,0,0,java.lang.Exception,0.00,0,1,2,18,0,2,0,3,30,2
"org.apache.jackrabbit.JcrConstants",0,0.00,0.00,70,1.50,23398.94,69,69,1,0,12,171.00,214,71,12,1,171.00,0.00,0.00,0.00,0,0.00,0,4499.80,0,0,0,,0.00,0,0,0,0,0,0,0,70,625,1
"org.apache.jackrabbit.core.nodetype.compact.CompactNodeTypeDefReader",24,0.09,4.00,295,3.71,146693.50,29,5,29,85,24,52.13,249,369,3,1,100.61,0.00,0.00,0.28,17,0.00,15,11131.77,0,3,21,java.lang.Object,0.00,61,0,96,0,61,21,0,36,2096,1
"org.apache.jackrabbit.core.nodetype.compact.CompactNodeTypeDefTest",2,0.71,2.00,74,1.23,38763.21,19,17,22,53,17,118.47,4,81,1,2,78.58,0.00,0.50,0.41,0,0.00,3,3695.30,0,0,16,junit.framework.TestCase,0.00,51,1,4,0,51,2,0,4,631,1
"org.apache.jackrabbit.core.nodetype.compact.CompactNodeTypeDefWriter",19,0.02,3.05,200,2.47,93131.12,25,6,20,77,13,72.16,123,237,3,1,104.38,0.00,0.00,0.18,14,0.00,8,7399.10,0,2,10,java.lang.Object,0.00,58,0,58,0,58,17,0,28,1444,1
"org.apache.jackrabbit.core.nodetype.compact.Lexer",5,0.12,1.80,82,1.75,45127.49,44,39,3,18,2,134.69,13,103,1,1,94.80,0.00,0.00,0.12,1,0.00,5,5256.96,0,1,1,java.lang.Object,0.00,13,0,9,0,13,4,0,3,830,1
"org.apache.jackrabbit.core.nodetype.compact.ParseException",6,0.20,1.67,46,0.43,15682.01,9,3,0,10,4,70.16,43,57,4,2,112.45,0.00,0.50,0.17,0,10.00,5,1299.94,2,2,0,java.lang.Exception,0.00,4,1,10,0,4,4,0,11,297,1
"org.apache.jackrabbit.core.nodetype.compact.TestAll",1,0.00,1.00,5,0.06,1131.01,1,0,3,3,1,72.40,10,7,0,2,120.88,0.00,0.50,0.00,0,1.00,1,180.51,0,1,1,junit.framework.TestCase,0.00,2,1,1,0,2,0,0,2,43,1
