Name, No. Methods, LCOM, AVCC, NOS, HBUG, HEFF, UWCS, INST, PACK, RFC, CBO, MI, CCML, NLOC, F-IN, DIT, MINC, S-R, R-R, COH, LMC, LCOM2, MAXCC, HVOL, HIER, NQU, FOUT, Superclass, SIX, EXT, NSUP, TCC, NSUB, MPC, NCO, INTR, CCOM, HLTH, MOD
"org.apache.jackrabbit.webdav.search.QueryGrammerSet",5,0.25,1.60,31,0.36,13070.93,6,1,9,15,8,72.66,36,37,3,2,114.95,0.00,0.50,0.80,0,0.00,3,1082.80,1,3,5,org.apache.jackrabbit.webdav.property.AbstractDavProperty,0.00,10,1,8,0,10,2,1,6,232,1
"org.apache.jackrabbit.webdav.search.QueryGrammerSet$Grammer",3,0.17,1.67,16,0.12,1760.30,6,3,9,6,2,123.01,0,22,0,1,123.01,0.00,0.00,0.22,0,1.00,3,361.13,0,0,2,java.lang.Object,0.00,3,0,5,0,3,3,0,0,95,1
"org.apache.jackrabbit.webdav.search.SearchConstants",0,0.00,0.00,9,0.15,3100.00,8,8,3,2,6,171.00,51,10,3,1,171.00,0.00,0.00,0.00,0,0.00,0,440.00,0,0,3,,0.00,2,0,0,0,2,0,0,12,88,1
"org.apache.jackrabbit.webdav.search.SearchInfo",8,0.05,1.62,57,0.70,25989.14,14,6,17,29,13,61.71,77,66,6,1,111.71,0.00,0.00,0.21,0,24.00,5,2103.92,0,6,7,java.lang.Object,0.00,21,0,13,0,21,2,2,11,429,1
"org.apache.jackrabbit.webdav.search.SearchResource",2,2.00,1.00,5,0.03,256.09,4,2,2,2,10,123.03,29,6,6,1,143.18,0.00,0.00,0.00,0,2.00,1,102.41,0,2,4,,0.00,0,0,2,0,0,0,0,5,32,1
"org.apache.jackrabbit.server.AbstractWebdavServlet",44,0.48,3.16,405,5.81,203869.33,46,2,64,159,54,56.27,414,582,2,2,106.27,2.00,0.25,0.03,6,280.00,31,17442.47,1,6,52,javax.servlet.http.HttpServlet,0.00,115,1,139,2,115,38,1,83,3218,2
"org.apache.jackrabbit.server.BasicCredentialsProvider",2,1.00,4.00,30,0.47,30854.18,3,1,9,17,5,111.96,36,43,2,1,93.83,0.00,0.00,0.50,0,2.00,7,1400.27,0,1,3,java.lang.Object,0.00,15,0,8,0,15,1,1,4,243,1
"org.apache.jackrabbit.server.CredentialsProvider",1,0.00,1.00,2,0.01,78.44,1,0,4,1,3,100.72,11,4,3,1,144.85,0.00,0.00,0.00,0,1.00,1,41.22,0,1,0,,0.00,0,0,1,0,0,0,0,2,14,1
"org.apache.jackrabbit.server.SessionProvider",2,0.00,1.00,3,0.03,158.68,2,0,6,2,4,106.04,19,5,4,1,156.04,0.00,0.00,0.00,0,2.00,1,86.25,0,1,0,,0.00,0,0,2,0,0,1,0,3,26,1
"org.apache.jackrabbit.server.SessionProviderImpl",3,1.00,1.00,9,0.09,1142.19,4,1,7,6,4,115.01,16,15,2,1,132.88,0.00,0.00,0.33,0,4.00,1,262.99,0,1,2,java.lang.Object,0.00,3,0,3,0,3,2,1,5,67,1
"org.apache.jackrabbit.test.api.query.AbstractOrderByTest",7,0.00,2.14,73,0.93,27001.38,9,2,11,23,6,87.41,41,73,5,5,105.28,1.25,0.40,0.50,1,0.00,3,2799.41,1,0,1,org.apache.jackrabbit.test.api.query.AbstractQueryTest,0.17,16,4,15,5,16,7,0,10,543,0
"org.apache.jackrabbit.test.api.query.AbstractQueryLevel2Test",5,0.00,1.80,41,0.63,18024.37,5,0,8,23,4,61.06,44,57,2,5,109.17,0.50,0.57,0.00,0,2.00,3,1887.82,0,0,2,org.apache.jackrabbit.test.api.query.AbstractQueryTest,0.00,18,4,9,2,18,5,0,9,373,2
"org.apache.jackrabbit.test.api.query.AbstractQueryTest",12,0.13,2.42,108,1.38,49928.80,17,5,15,49,25,58.22,122,127,22,4,106.70,9.67,0.09,0.08,3,36.00,8,4148.07,2,5,3,org.apache.jackrabbit.test.AbstractJCRTest,0.18,37,3,29,29,37,7,0,24,816,2
"org.apache.jackrabbit.test.api.query.DerefQueryLevel1Test",8,0.29,2.50,75,1.03,35572.91,9,1,10,33,4,74.24,54,95,1,5,106.47,0.00,0.80,0.75,2,0.00,6,3103.89,3,1,3,org.apache.jackrabbit.test.api.query.AbstractQueryTest,0.33,25,4,20,0,25,7,0,12,599,1
"org.apache.jackrabbit.test.api.query.ElementTest",8,0.00,1.12,61,0.96,24485.56,8,0,3,13,3,79.78,48,71,1,5,112.00,0.00,0.80,0.00,0,0.00,2,2887.95,1,0,2,org.apache.jackrabbit.test.api.query.AbstractQueryTest,0.00,5,4,9,0,5,8,0,9,568,1
"org.apache.jackrabbit.test.api.query.GetLanguageTest",3,0.00,1.33,15,0.16,2198.85,4,1,3,12,2,90.08,19,20,1,5,122.30,0.00,0.80,1.00,0,0.00,2,473.03,2,0,1,org.apache.jackrabbit.test.api.query.AbstractQueryTest,0.40,9,4,4,0,9,3,0,5,111,1
"org.apache.jackrabbit.test.api.query.GetPersistentQueryPathLevel1Test",3,0.00,1.67,17,0.17,2515.19,4,1,4,12,2,89.57,20,24,1,5,121.79,0.00,0.80,1.00,0,0.00,2,506.53,2,0,1,org.apache.jackrabbit.test.api.query.AbstractQueryTest,0.40,9,4,5,0,9,3,0,6,116,1
"org.apache.jackrabbit.test.api.query.GetPersistentQueryPathTest",1,0.00,2.00,10,0.15,3678.06,1,0,4,10,3,138.84,20,16,1,5,105.46,0.00,0.80,0.00,0,0.00,2,451.91,0,0,2,org.apache.jackrabbit.test.api.query.AbstractQueryTest,0.00,9,4,2,0,9,1,0,3,88,1
"org.apache.jackrabbit.test.api.query.GetPropertyNamesTest",3,0.50,2.00,30,0.40,12152.00,4,1,8,23,2,57.02,25,34,1,5,105.13,0.00,0.80,0.67,0,2.00,3,1188.91,2,0,1,org.apache.jackrabbit.test.api.query.AbstractQueryTest,0.40,20,4,6,0,20,3,0,10,223,1
"org.apache.jackrabbit.test.api.query.GetStatementTest",3,0.00,1.33,15,0.16,2153.32,4,1,3,12,2,90.15,19,22,1,5,122.37,0.00,0.80,1.00,0,0.00,2,475.46,2,0,1,org.apache.jackrabbit.test.api.query.AbstractQueryTest,0.40,9,4,4,0,9,3,0,5,111,1
"org.apache.jackrabbit.test.api.query.GetSupportedQueryLanguagesTest",3,0.00,1.67,16,0.18,2488.41,4,1,7,13,2,79.53,22,24,1,5,121.82,0.00,0.80,1.00,0,0.00,2,540.53,3,0,1,org.apache.jackrabbit.test.api.query.AbstractQueryTest,0.40,10,4,5,0,10,3,0,7,123,1
"org.apache.jackrabbit.test.api.query.OrderByDateTest",4,0.00,1.00,46,0.78,25291.98,4,0,2,7,2,54.12,32,51,1,6,102.22,0.00,0.83,0.00,0,0.00,1,2328.29,2,0,1,org.apache.jackrabbit.test.api.query.AbstractOrderByTest,0.00,3,5,4,0,3,4,0,5,453,1
"org.apache.jackrabbit.test.api.query.OrderByDoubleTest",2,0.00,1.00,7,0.09,1050.04,2,0,0,2,2,87.65,23,10,1,6,131.78,0.00,0.83,0.00,0,0.00,1,270.26,2,0,1,org.apache.jackrabbit.test.api.query.AbstractOrderByTest,0.00,0,5,2,0,0,2,0,3,64,1
"org.apache.jackrabbit.test.api.query.OrderByLongTest",1,0.00,1.00,4,0.05,604.38,1,0,0,1,2,160.02,20,6,1,6,126.64,0.00,0.83,0.00,0,0.00,1,149.29,2,0,1,org.apache.jackrabbit.test.api.query.AbstractOrderByTest,0.00,0,5,1,0,0,1,0,2,36,1
"org.apache.jackrabbit.test.api.query.OrderByMultiTypeTest",1,0.00,4.00,41,0.95,64082.02,1,0,3,8,2,119.94,23,58,1,6,72.67,0.00,0.83,0.00,0,0.00,4,2852.27,1,0,1,org.apache.jackrabbit.test.api.query.AbstractOrderByTest,0.00,7,5,4,0,7,1,0,5,472,1
"org.apache.jackrabbit.test.api.query.OrderByStringTest",1,0.00,1.00,4,0.05,508.68,1,0,0,1,2,160.61,20,6,1,6,127.23,0.00,0.83,0.00,0,0.00,1,142.89,2,0,1,org.apache.jackrabbit.test.api.query.AbstractOrderByTest,0.00,0,5,1,0,0,1,0,2,35,1
"org.apache.jackrabbit.test.api.query.PredicatesTest",7,0.28,1.86,40,0.61,10006.73,10,3,5,17,2,77.65,50,59,1,5,119.94,0.00,0.80,0.57,0,0.00,2,1828.23,2,0,1,org.apache.jackrabbit.test.api.query.AbstractQueryTest,0.34,10,4,13,0,10,7,0,11,377,1
"org.apache.jackrabbit.test.api.query.QueryResultNodeIteratorTest",6,0.00,2.50,56,0.65,19280.76,6,0,6,20,3,65.29,44,75,1,5,107.58,0.00,0.80,0.00,0,0.00,5,1960.83,2,0,2,org.apache.jackrabbit.test.api.query.AbstractQueryTest,0.18,14,4,15,0,14,6,0,17,393,1
"org.apache.jackrabbit.test.api.query.SQLJcrPathTest",3,0.00,1.33,17,0.21,3000.51,4,1,6,17,3,89.01,19,23,1,5,121.24,0.00,0.80,1.00,0,0.00,2,640.41,2,0,2,org.apache.jackrabbit.test.api.query.AbstractQueryTest,0.40,14,4,4,0,14,3,0,6,139,1
"org.apache.jackrabbit.test.api.query.SQLJoinTest",4,0.00,1.25,62,1.09,39100.67,4,0,3,14,3,47.55,32,68,1,5,95.66,0.00,0.80,0.00,0,0.00,2,3271.91,1,0,2,org.apache.jackrabbit.test.api.query.AbstractQueryTest,0.00,10,4,5,0,10,4,0,5,608,1
"org.apache.jackrabbit.test.api.query.SQLOrderByTest",4,0.00,1.00,20,0.24,4452.21,5,1,1,9,3,70.94,37,25,1,5,120.94,0.00,0.80,1.00,0,0.00,1,732.37,3,0,2,org.apache.jackrabbit.test.api.query.AbstractQueryTest,0.19,5,4,4,0,5,4,0,7,164,1
"org.apache.jackrabbit.test.api.query.SQLPathTest",10,0.22,1.80,66,0.83,20449.61,11,1,7,27,2,97.89,54,79,1,5,115.77,0.00,0.80,0.80,1,0.00,4,2494.15,4,2,1,org.apache.jackrabbit.test.api.query.AbstractQueryTest,0.31,17,4,18,0,17,8,0,17,511,1
"org.apache.jackrabbit.test.api.query.SQLPathTest$TraversingItemVisitor.Default",1,0.00,2.00,4,0.06,896.15,1,0,7,5,0,125.13,0,6,0,1,125.13,0.00,0.00,0.00,0,1.00,2,173.83,0,0,0,java.lang.Object,0.00,4,0,2,0,4,1,0,0,41,0
"org.apache.jackrabbit.test.api.query.SQLPathTest$TraversingItemVisitor.Default_0",1,0.00,2.00,4,0.04,553.13,1,0,7,3,0,126.78,0,7,0,1,126.78,0.00,0.00,0.00,0,1.00,2,125.96,0,0,0,java.lang.Object,0.00,2,0,2,0,2,1,0,0,32,0
"org.apache.jackrabbit.test.api.query.SQLQueryLevel2Test",8,0.00,1.50,67,0.79,16811.58,8,0,5,20,3,68.76,56,80,1,6,111.06,0.00,0.83,0.00,3,0.00,4,2370.07,7,0,2,org.apache.jackrabbit.test.api.query.AbstractQueryLevel2Test,0.00,12,5,12,0,12,8,0,19,497,1
"org.apache.jackrabbit.test.api.query.SaveTest",9,0.12,2.67,84,1.23,31956.37,10,1,13,35,3,57.22,81,118,1,4,107.22,0.00,0.75,0.89,1,0.00,5,3693.50,1,0,2,org.apache.jackrabbit.test.AbstractJCRTest,0.21,26,3,24,0,26,9,0,26,693,1
"org.apache.jackrabbit.test.api.query.SimpleSelectionTest",3,0.00,1.67,20,0.29,5612.37,4,1,6,22,3,67.98,26,28,1,5,116.09,0.00,0.80,1.00,0,0.00,2,863.28,2,0,2,org.apache.jackrabbit.test.api.query.AbstractQueryTest,0.40,19,4,5,0,19,3,0,7,172,1
"org.apache.jackrabbit.test.api.query.Statement",3,0.25,1.33,12,0.08,2004.82,5,2,0,4,7,108.36,17,17,7,1,126.23,0.00,0.00,0.33,0,5.00,2,239.93,0,2,0,java.lang.Object,0.00,1,0,4,0,1,1,0,4,65,0
"org.apache.jackrabbit.test.api.query.TestAll",1,0.00,1.00,32,0.44,18061.84,1,0,3,3,29,43.77,12,34,1,2,81.33,0.00,0.50,0.00,0,1.00,1,1323.24,0,1,28,junit.framework.TestCase,0.00,2,1,1,0,2,0,0,3,247,1
"org.apache.jackrabbit.test.api.query.TextNodeTest",5,0.62,1.40,48,0.71,22815.13,7,2,4,13,3,58.41,40,57,1,5,106.51,0.00,0.80,1.00,0,0.00,3,2127.48,2,0,2,org.apache.jackrabbit.test.api.query.AbstractQueryTest,0.19,8,4,7,0,8,5,0,6,413,1
"org.apache.jackrabbit.test.api.query.XPathDocOrderTest",6,0.00,2.00,57,0.75,17410.29,6,0,6,18,4,65.69,46,60,1,5,107.98,0.00,0.80,0.00,1,0.00,4,2261.18,3,0,3,org.apache.jackrabbit.test.api.query.AbstractQueryTest,0.18,12,4,12,0,12,6,0,8,437,1
"org.apache.jackrabbit.test.api.query.XPathJcrPathTest",3,0.00,1.33,17,0.22,3053.52,4,1,6,17,3,88.95,19,23,1,5,121.18,0.00,0.80,1.00,0,0.00,2,653.64,2,0,2,org.apache.jackrabbit.test.api.query.AbstractQueryTest,0.40,14,4,4,0,14,3,0,6,141,1
"org.apache.jackrabbit.test.api.query.XPathOrderByTest",4,0.00,1.00,21,0.23,4132.42,5,1,1,9,3,73.09,34,26,1,5,121.19,0.00,0.80,1.00,0,0.00,1,700.49,3,0,2,org.apache.jackrabbit.test.api.query.AbstractQueryTest,0.19,5,4,4,0,5,4,0,6,158,1
"org.apache.jackrabbit.test.api.query.XPathPosIndexTest",3,0.00,2.00,23,0.29,7356.34,3,0,6,13,4,64.15,31,29,1,5,112.62,0.00,0.80,0.00,1,2.00,4,859.79,3,0,3,org.apache.jackrabbit.test.api.query.AbstractQueryTest,0.20,10,4,6,0,10,3,0,5,170,1
"org.apache.jackrabbit.test.api.query.XPathQueryLevel2Test",8,0.00,1.50,56,0.65,12309.51,8,0,6,22,3,82.06,55,69,1,6,114.28,0.00,0.83,0.00,3,8.00,4,1952.21,7,0,2,org.apache.jackrabbit.test.api.query.AbstractQueryLevel2Test,0.00,14,5,12,0,14,8,0,19,419,1
"org.apache.jackrabbit.rmi.remote.ArrayIterator",4,0.33,2.00,29,0.27,10725.40,6,2,2,7,2,64.21,33,38,1,1,112.32,0.00,0.00,0.75,0,0.00,3,801.39,0,1,1,java.lang.Object,0.00,3,0,8,0,3,3,2,7,176,1
"org.apache.jackrabbit.rmi.remote.BufferIterator",4,0.11,2.00,29,0.30,13246.12,7,3,3,9,2,61.60,39,38,1,1,111.60,0.00,0.00,0.42,0,6.00,4,912.13,0,1,1,java.lang.Object,0.00,5,0,8,0,5,3,2,8,198,1
"org.apache.jackrabbit.rmi.remote.RemoteEventCollection",2,0.00,1.00,4,0.03,202.57,2,0,2,2,7,114.60,27,5,7,2,143.98,0.00,0.50,0.00,0,2.00,1,77.16,0,0,0,,0.00,0,1,2,0,0,2,0,4,27,1
"org.apache.jackrabbit.rmi.remote.RemoteEventCollection$RemoteEvent",3,0.00,1.00,4,0.02,125.94,3,0,2,3,0,126.00,18,5,0,2,158.22,0.00,0.50,0.00,0,3.00,1,68.99,0,2,0,,0.00,0,1,3,0,0,1,0,3,26,2
"org.apache.jackrabbit.rmi.remote.RemoteItem",10,0.00,1.00,11,0.07,345.17,10,0,3,10,14,108.89,98,14,14,2,158.89,0.00,0.50,0.00,0,10.00,1,224.08,0,3,1,,0.00,0,1,10,0,0,7,0,11,79,1
"org.apache.jackrabbit.rmi.remote.RemoteItemDefinition",6,0.00,1.00,7,0.04,175.78,6,0,2,6,8,121.89,72,8,7,2,159.45,0.00,0.50,0.00,0,6.00,1,111.15,0,2,1,,0.00,0,1,6,0,0,4,0,7,43,1
"org.apache.jackrabbit.rmi.remote.RemoteIterator",3,0.00,1.00,4,0.03,150.25,3,0,3,3,21,120.05,38,5,21,2,157.62,0.00,0.50,0.00,0,3.00,1,86.13,0,1,0,,0.00,0,1,3,0,0,2,0,4,30,1
"org.apache.jackrabbit.rmi.remote.RemoteLock",6,0.00,1.00,7,0.04,188.20,6,0,3,6,10,110.74,63,8,10,2,159.22,0.00,0.50,0.00,0,6.00,1,119.44,0,2,0,,0.00,0,1,6,0,0,4,0,7,45,1
"org.apache.jackrabbit.rmi.remote.RemoteNamespaceRegistry",6,0.00,1.00,7,0.06,334.83,6,0,3,6,10,119.68,77,10,10,2,157.25,0.00,0.50,0.00,0,6.00,1,185.17,0,4,0,,0.00,0,1,6,0,0,2,0,7,61,1
"org.apache.jackrabbit.rmi.remote.RemoteNode",47,0.00,1.00,48,0.44,2107.78,47,0,3,47,24,107.99,468,71,17,2,157.99,0.00,0.50,0.00,0,47.00,1,1332.81,0,17,8,,0.00,0,1,47,0,0,30,0,48,423,1
"org.apache.jackrabbit.rmi.remote.RemoteNodeDefinition",3,0.00,1.00,4,0.02,122.02,3,0,1,3,12,147.97,46,5,12,2,158.33,0.00,0.50,0.00,0,3.00,1,68.77,0,0,1,,0.00,0,1,3,0,0,3,0,4,26,1
"org.apache.jackrabbit.rmi.remote.RemoteNodeType",16,0.00,1.00,17,0.12,654.48,16,0,3,16,25,109.83,163,18,24,2,158.31,0.00,0.50,0.00,0,16.00,1,373.02,0,8,2,,0.00,0,1,16,0,0,8,0,17,128,1
"org.apache.jackrabbit.rmi.remote.RemoteNodeTypeManager",4,0.00,1.00,5,0.04,167.42,4,0,3,4,14,147.87,61,10,12,2,158.23,0.00,0.50,0.00,0,4.00,1,105.58,0,0,2,,0.00,0,1,4,0,0,4,0,5,37,1
"org.apache.jackrabbit.rmi.remote.RemoteObservationManager",3,0.00,1.00,4,0.06,349.47,3,0,3,3,10,202.00,70,10,9,2,154.73,0.00,0.50,0.00,0,3.00,1,168.33,0,0,1,,0.00,0,1,3,0,0,3,0,4,47,1
"org.apache.jackrabbit.rmi.remote.RemoteProperty",8,0.00,1.00,9,0.07,359.33,8,0,3,8,13,120.43,98,11,12,2,157.99,0.00,0.50,0.00,0,8.00,1,206.45,0,2,1,,0.00,0,1,8,0,0,6,0,9,70,1
"org.apache.jackrabbit.rmi.remote.RemotePropertyDefinition",4,0.00,1.00,5,0.03,161.32,4,0,2,4,12,138.21,57,6,12,2,158.36,0.00,0.50,0.00,0,4.00,1,88.42,0,2,0,,0.00,0,1,4,0,0,2,0,5,33,1
"org.apache.jackrabbit.rmi.remote.RemoteQuery",5,0.00,1.00,6,0.04,184.47,5,0,3,5,12,108.66,47,7,10,2,158.66,0.00,0.50,0.00,0,5.00,1,116.95,0,4,2,,0.00,0,1,5,0,0,1,0,6,42,1
"org.apache.jackrabbit.rmi.remote.RemoteQueryManager",3,0.00,1.00,4,0.04,189.63,3,0,3,3,11,119.26,38,8,10,2,156.82,0.00,0.50,0.00,0,3.00,1,107.17,0,3,1,,0.00,0,1,3,0,0,0,0,4,35,1
"org.apache.jackrabbit.rmi.remote.RemoteQueryResult",3,0.00,1.00,4,0.03,143.14,3,0,3,3,10,113.65,34,5,9,2,157.78,0.00,0.50,0.00,0,3.00,1,81.40,0,1,1,,0.00,0,1,3,0,0,2,0,4,29,1
"org.apache.jackrabbit.rmi.remote.RemoteRepository",6,0.00,1.00,7,0.06,289.75,6,0,4,6,10,120.18,77,11,9,2,157.74,0.00,0.50,0.00,0,6.00,1,174.97,0,2,1,,0.00,0,1,6,0,0,4,0,7,58,1
"org.apache.jackrabbit.rmi.remote.RemoteRow",2,0.00,1.00,3,0.02,126.98,2,0,4,2,8,136.66,28,5,8,2,156.80,0.00,0.50,0.00,0,2.00,1,70.62,0,2,0,,0.00,0,1,2,0,0,0,0,3,24,1
"org.apache.jackrabbit.rmi.remote.RemoteSession",26,0.00,1.00,27,0.25,1327.29,26,0,6,26,14,109.07,282,39,11,2,157.55,0.00,0.50,0.00,0,26.00,1,758.46,0,9,3,,0.00,0,1,26,0,0,17,0,27,240,1
"org.apache.jackrabbit.rmi.remote.RemoteVersion",4,0.00,1.00,5,0.04,191.14,4,0,3,4,14,147.42,62,6,14,2,157.78,0.00,0.50,0.00,0,4.00,1,105.40,0,4,1,,0.00,0,1,4,0,0,0,0,7,37,1
"org.apache.jackrabbit.rmi.remote.RemoteVersionHistory",12,0.00,1.00,13,0.12,602.99,12,0,2,12,13,120.04,153,21,12,2,157.60,0.00,0.50,0.00,0,12.00,1,358.54,0,3,2,,0.00,0,1,12,0,0,9,0,15,115,1
"org.apache.jackrabbit.rmi.remote.RemoteWorkspace",11,0.00,1.00,12,0.12,652.09,11,0,4,11,15,112.91,128,23,11,2,157.04,0.00,0.50,0.00,0,11.00,1,368.38,0,3,4,,0.00,0,1,11,0,0,8,0,12,114,1
"org.apache.jackrabbit.core.config.AccessManagerConfig",1,0.00,1.00,3,0.02,106.02,1,0,0,1,6,126.90,15,5,5,2,137.25,0.00,0.50,0.00,0,1.00,1,45.51,0,0,1,org.apache.jackrabbit.core.config.BeanConfig,0.00,0,1,1,0,0,1,0,2,16,1
"org.apache.jackrabbit.core.config.BeanConfig",9,0.09,1.56,37,0.43,15083.09,13,4,3,21,9,74.57,92,61,8,1,123.05,0.00,0.00,0.17,1,43.00,6,1294.56,0,5,1,java.lang.Object,0.00,12,0,14,6,12,4,0,15,280,1
"org.apache.jackrabbit.core.config.ClusterConfig",4,0.11,1.00,14,0.09,1063.86,7,3,0,4,6,86.00,34,19,5,1,134.11,0.00,0.00,0.25,0,10.00,1,260.02,0,2,1,java.lang.Object,0.00,0,0,4,0,0,2,0,8,74,1
"org.apache.jackrabbit.core.config.ConfigurationEntityResolver",1,0.00,2.00,10,0.13,2705.68,4,3,5,6,1,138.42,31,18,1,1,106.51,0.00,0.00,1.00,0,0.00,2,376.34,0,1,0,java.lang.Object,0.00,5,0,2,0,5,0,1,5,82,0
"org.apache.jackrabbit.core.config.ConfigurationException",2,0.00,1.00,5,0.03,159.64,2,0,1,2,11,102.50,14,7,11,2,144.79,0.00,0.50,0.00,0,2.00,1,81.40,0,0,0,javax.jcr.RepositoryException,0.00,0,1,2,0,0,2,0,3,28,1
"org.apache.jackrabbit.core.config.ConfigurationParser",10,0.09,2.30,74,0.94,31607.80,15,5,13,30,6,74.16,124,111,2,1,111.72,0.00,0.00,0.12,3,38.00,5,2827.20,0,9,4,java.lang.Object,0.00,20,0,23,1,20,1,0,19,568,1
"org.apache.jackrabbit.core.config.FileSystemConfig",2,0.00,2.00,10,0.10,2898.08,2,0,2,4,10,71.77,16,19,6,2,119.87,0.00,0.50,0.00,0,2.00,3,299.33,1,1,4,org.apache.jackrabbit.core.config.BeanConfig,0.00,2,1,4,0,2,1,0,3,70,1
"org.apache.jackrabbit.core.config.JournalConfig",1,0.00,1.00,3,0.02,106.02,1,0,0,1,3,99.69,12,5,2,2,137.25,0.00,0.50,0.00,0,1.00,1,45.51,0,0,1,org.apache.jackrabbit.core.config.BeanConfig,0.00,0,1,1,0,0,1,0,2,16,1
"org.apache.jackrabbit.core.config.LoginModuleConfig",2,0.00,1.50,9,0.07,1774.34,2,0,1,3,6,82.94,15,14,4,2,125.23,0.00,0.50,0.00,0,2.00,2,210.51,1,1,2,org.apache.jackrabbit.core.config.BeanConfig,0.00,1,1,3,0,1,1,0,2,53,1
"org.apache.jackrabbit.core.config.PersistenceManagerConfig",1,0.00,1.00,3,0.02,106.02,1,0,0,1,6,126.90,15,5,5,2,137.25,0.00,0.50,0.00,0,1.00,1,45.51,0,0,1,org.apache.jackrabbit.core.config.BeanConfig,0.00,0,1,1,0,0,1,0,2,16,1
"org.apache.jackrabbit.core.config.RepositoryConfig",26,0.02,2.27,203,2.53,119774.58,41,15,29,82,23,72.88,321,318,10,1,110.44,0.00,0.00,0.08,5,422.00,14,7605.00,0,18,14,java.lang.Object,0.00,56,0,59,0,56,8,0,68,1410,1
"org.apache.jackrabbit.core.config.RepositoryConfigTest",11,0.45,2.18,102,1.20,29564.66,13,2,10,50,5,148.11,25,150,1,2,108.22,0.00,0.50,0.91,1,0.00,4,3608.88,0,0,4,junit.framework.TestCase,0.00,39,1,24,0,39,11,0,10,741,1
"org.apache.jackrabbit.core.config.RepositoryConfigTest$InputStream",1,0.00,1.00,3,0.02,208.76,1,0,10,2,0,134.94,0,4,0,1,134.94,0.00,0.00,0.00,0,1.00,1,52.97,0,0,0,java.lang.Object,0.00,1,0,1,0,1,1,0,0,17,0
"org.apache.jackrabbit.core.config.RepositoryConfigurationParser",12,0.06,1.50,111,1.70,42025.71,35,23,6,42,15,156.68,289,157,3,2,107.40,0.00,0.50,0.10,9,88.00,4,5085.74,7,7,13,org.apache.jackrabbit.core.config.ConfigurationParser,0.00,30,1,18,0,30,5,0,59,939,1
"org.apache.jackrabbit.core.config.SearchConfig",3,1.00,1.00,9,0.06,628.32,4,1,1,3,7,90.80,33,14,5,2,134.92,0.00,0.50,0.33,0,4.00,1,174.56,1,2,2,org.apache.jackrabbit.core.config.BeanConfig,0.00,0,1,3,0,0,1,0,5,50,1
"org.apache.jackrabbit.core.config.SecurityConfig",4,0.11,1.00,14,0.09,1063.86,7,3,0,4,4,84.11,37,20,2,1,134.11,0.00,0.00,0.25,0,10.00,1,260.02,0,3,2,java.lang.Object,0.00,0,0,4,0,0,1,0,8,74,1
"org.apache.jackrabbit.core.config.TestAll",1,0.00,1.00,6,0.05,1283.53,1,0,3,3,2,79.93,12,8,0,2,117.50,0.00,0.50,0.00,0,1.00,1,150.40,0,1,2,junit.framework.TestCase,0.00,2,1,1,0,2,0,0,2,39,1
"org.apache.jackrabbit.core.config.VersioningConfig",4,0.11,1.00,14,0.09,1143.34,7,3,1,5,6,85.38,41,20,4,1,133.86,0.00,0.00,0.25,0,10.00,1,270.88,0,2,2,java.lang.Object,0.00,1,0,4,0,1,2,0,8,77,1
"org.apache.jackrabbit.core.config.WorkspaceConfig",7,0.03,1.00,26,0.17,2441.66,13,6,0,7,13,83.18,68,36,10,1,133.18,0.00,0.00,0.14,0,37.00,1,519.18,0,2,3,java.lang.Object,0.00,0,0,7,0,0,5,0,14,137,1
"org.apache.jackrabbit.core.config.WorkspaceConfigTest",2,0.00,1.00,21,0.33,6255.77,3,1,4,23,5,106.41,9,30,1,2,106.17,0.00,0.50,1.00,0,0.00,1,985.73,0,0,4,junit.framework.TestCase,0.00,21,1,2,0,21,2,0,2,186,1
"org.apache.jackrabbit.webdav.jcr.version.VersionHistoryItemCollection",5,1.00,2.60,42,0.62,15800.22,6,1,21,31,15,61.43,42,65,1,4,109.53,0.00,0.75,0.20,0,2.00,4,1847.72,6,2,14,org.apache.jackrabbit.webdav.jcr.DefaultItemCollection,0.08,26,3,13,0,26,3,1,13,369,1
"org.apache.jackrabbit.webdav.jcr.version.VersionItemCollection",7,1.00,3.00,62,0.96,28694.33,8,1,29,46,19,60.51,61,89,1,4,108.61,0.00,0.75,0.14,1,15.00,6,2876.57,6,3,18,org.apache.jackrabbit.webdav.jcr.DefaultItemCollection,0.12,39,3,21,0,39,4,1,20,533,1
"org.apache.jackrabbit.core.state.mem.InMemPersistenceManager",0,0.00,0.00,1,0.03,257.00,0,0,1,0,2,171.00,5,4,0,3,171.00,0.00,0.67,0.00,0,0.00,0,76.15,0,0,2,org.apache.jackrabbit.core.persistence.mem.InMemPersistenceManager,0.00,0,2,0,0,0,0,1,1,20,1
"org.apache.jackrabbit.test.rmi.RemoteAdapterTest",24,0.37,1.46,227,2.38,52379.85,29,5,48,87,23,66.73,184,254,0,2,109.02,0.00,0.50,0.55,5,0.00,6,7136.20,0,1,23,junit.framework.TestCase,0.00,63,1,35,0,63,23,0,80,1468,1
"org.apache.jackrabbit.webdav.jcr.nodetype.ItemDefinitionImpl",9,0.05,1.22,41,0.40,8524.34,16,7,8,22,5,145.67,34,52,3,1,125.06,0.00,0.00,0.19,6,41.00,2,1212.75,0,4,2,java.lang.Object,0.00,13,0,11,2,13,5,3,11,268,2
"org.apache.jackrabbit.webdav.jcr.nodetype.NodeDefinitionImpl",7,0.04,1.43,40,0.39,11432.82,11,4,7,18,5,140.16,27,48,3,2,119.54,0.00,0.50,0.21,3,25.00,3,1157.81,1,5,2,org.apache.jackrabbit.webdav.jcr.nodetype.ItemDefinitionImpl,0.12,11,1,10,0,11,2,1,10,250,2
"org.apache.jackrabbit.webdav.jcr.nodetype.NodeTypeConstants",0,0.00,0.00,33,0.45,7981.07,32,32,2,0,5,171.00,39,34,3,1,171.00,0.00,0.00,0.00,0,0.00,0,1364.11,0,0,2,,0.00,0,0,0,0,0,0,0,29,219,1
"org.apache.jackrabbit.webdav.jcr.nodetype.NodeTypeProperty",8,0.00,2.50,62,0.76,21350.19,10,2,14,31,7,152.17,23,75,2,2,112.28,0.00,0.50,0.50,2,0.00,5,2265.72,1,3,5,org.apache.jackrabbit.webdav.property.AbstractDavProperty,0.00,23,1,20,0,23,5,1,6,458,1
"org.apache.jackrabbit.webdav.jcr.nodetype.PropertyDefinitionImpl",8,0.03,1.62,55,0.58,21897.66,13,5,9,23,5,135.41,31,64,3,2,114.79,0.00,0.50,0.22,4,34.00,5,1746.32,1,5,2,org.apache.jackrabbit.webdav.jcr.nodetype.ItemDefinitionImpl,0.12,15,1,13,0,15,3,1,12,347,2
"org.apache.jackrabbit.test.AbstractJCRTest",10,0.10,4.50,214,3.17,190671.06,52,42,15,60,107,126.93,214,258,103,3,87.63,110.50,0.01,0.11,5,26.00,18,9499.21,3,4,4,org.apache.jackrabbit.test.JUnitTest,0.00,50,2,45,221,50,6,0,65,1549,2
"org.apache.jackrabbit.test.ISO8601",2,0.33,11.00,114,1.89,230909.02,5,3,4,25,2,17.54,105,137,2,1,65.09,0.00,0.00,0.50,0,2.00,17,5656.60,0,2,0,java.lang.Object,0.00,23,0,22,0,23,0,0,47,910,2
"org.apache.jackrabbit.test.JCRTestResult",18,0.00,1.33,67,0.77,24472.17,22,4,9,48,4,149.08,64,101,3,2,128.46,0.00,0.50,0.25,2,0.00,3,2312.03,0,3,1,junit.framework.TestResult,0.00,30,1,24,0,30,15,0,13,540,1
"org.apache.jackrabbit.test.JCRTestSuite",1,0.00,1.00,10,0.21,5956.16,1,0,1,9,8,124.59,3,12,1,2,103.97,0.00,0.50,0.00,0,1.00,1,635.37,0,0,7,junit.framework.TestSuite,0.00,8,1,1,0,8,1,0,1,145,1
"org.apache.jackrabbit.test.JNDIRepositoryStub",2,0.00,3.00,17,0.22,8528.71,4,2,5,8,2,90.60,10,25,0,2,108.48,0.00,0.50,0.50,0,2.00,5,661.04,0,1,2,org.apache.jackrabbit.test.RepositoryStub,0.22,6,1,6,0,6,1,0,3,133,1
"org.apache.jackrabbit.test.JUnitTest",0,0.00,0.00,3,0.05,1295.46,2,2,3,2,2,171.00,9,4,1,2,171.00,222.00,0.00,0.00,0,0.00,0,144.95,0,0,1,junit.framework.TestCase,0.00,2,1,0,222,2,0,0,3,33,2
"org.apache.jackrabbit.test.LogPrintWriter",11,0.20,1.36,43,0.35,5553.15,13,2,4,21,3,152.46,43,60,3,2,131.84,0.00,0.50,0.32,1,16.00,4,1047.02,2,0,0,java.io.PrintWriter,0.00,10,1,15,0,10,11,0,13,262,1
"org.apache.jackrabbit.test.LogPrintWriter$NullWriter",3,0.00,1.00,4,0.04,273.44,3,0,4,3,0,205.57,3,8,0,2,155.57,0.00,0.50,0.00,0,3.00,1,110.76,0,0,0,java.io.Writer,0.00,0,1,3,0,0,3,0,3,35,2
"org.apache.jackrabbit.test.NotExecutableException",2,0.00,1.00,4,0.02,118.02,2,0,0,2,86,95.83,18,7,86,2,145.83,0.00,0.50,0.00,0,2.00,1,53.51,0,0,0,java.lang.Exception,0.00,0,1,2,0,0,2,0,3,20,1
"org.apache.jackrabbit.test.RepositoryHelper",13,0.12,1.15,33,0.28,4560.33,15,2,6,23,3,97.41,99,50,1,1,139.70,0.00,0.00,0.38,4,0.00,3,853.30,0,11,2,java.lang.Object,0.00,10,0,15,0,10,2,0,17,226,1
"org.apache.jackrabbit.test.RepositoryStub",7,0.08,3.00,76,1.31,68104.16,31,24,11,26,6,64.48,85,106,5,1,102.04,0.00,0.00,0.11,0,21.00,14,3921.97,0,6,1,java.lang.Object,0.00,19,0,21,2,19,1,0,9,687,2
"org.apache.jackrabbit.test.RepositoryStubException",1,0.00,1.00,3,0.02,106.02,1,0,0,1,4,157.87,3,5,4,2,137.25,0.00,0.50,0.00,0,1.00,1,45.51,0,0,0,java.lang.Exception,0.00,0,1,1,0,0,1,0,1,16,1
"org.apache.jackrabbit.test.TestAll",1,0.00,1.00,3,0.02,158.91,1,0,3,2,1,156.48,3,5,0,2,135.87,0.00,0.50,0.00,0,1.00,1,52.05,0,1,1,junit.framework.TestCase,0.00,1,1,1,0,1,0,0,1,17,1
"org.apache.jackrabbit.test.XMLChar",21,0.03,1.95,724,20.15,1282085.56,30,9,1,23,2,117.51,615,757,2,1,76.03,0.00,0.00,0.08,4,61.00,6,60456.28,0,0,0,java.lang.Object,0.00,2,0,41,0,2,21,0,463,6924,1
"org.apache.jackrabbit.core.persistence.db.DatabasePersistenceManager",38,0.07,3.18,476,5.98,269659.08,71,33,40,129,23,57.86,277,675,3,2,100.15,9.00,0.09,0.10,15,74.00,11,17946.85,2,8,20,org.apache.jackrabbit.core.persistence.AbstractPersistenceManager,0.00,91,1,121,9,91,30,0,126,3263,2
"org.apache.jackrabbit.core.persistence.db.DatabasePersistenceManager$DbBLOBStore",4,0.00,1.75,30,0.39,11695.04,4,0,40,18,2,94.18,20,39,0,1,112.05,0.00,0.00,0.00,0,10.00,3,1172.64,0,2,2,java.lang.Object,0.00,14,0,7,0,14,2,1,9,238,0
"org.apache.jackrabbit.core.persistence.db.DatabasePersistenceManager$DbBLOBStore$FilterInputStream",1,0.00,1.00,4,0.02,218.17,1,0,40,3,0,180.12,1,5,0,1,130.12,0.00,0.00,0.00,0,1.00,1,68.97,0,0,0,java.lang.Object,0.00,2,0,1,0,2,1,0,1,21,0
"org.apache.jackrabbit.core.persistence.db.DatabasePersistenceManager$SizedInputStream",7,0.08,1.00,22,0.17,2593.31,9,2,40,7,0,132.97,0,30,0,2,132.97,0.00,0.50,0.43,0,0.00,1,512.17,2,0,0,java.io.FilterInputStream,0.00,0,1,7,0,0,7,0,0,134,0
"org.apache.jackrabbit.core.persistence.db.DerbyPersistenceManager",4,0.00,1.75,24,0.24,5393.52,6,2,5,14,1,116.73,66,33,0,4,117.20,0.33,0.60,0.50,0,0.00,4,709.00,0,0,1,org.apache.jackrabbit.core.persistence.db.SimpleDbPersistenceManager,0.00,10,3,7,1,10,4,0,16,152,1
"org.apache.jackrabbit.core.persistence.db.JNDIDatabasePersistenceManager",3,0.50,1.00,10,0.08,1276.06,4,1,5,6,1,88.37,35,14,0,3,132.50,0.50,0.50,0.67,0,1.00,1,241.45,0,2,1,org.apache.jackrabbit.core.persistence.db.DatabasePersistenceManager,0.06,3,2,3,1,3,1,0,7,64,1
"org.apache.jackrabbit.core.persistence.db.OraclePersistenceManager",8,0.11,4.00,123,1.90,86190.44,12,4,24,58,9,84.70,121,176,0,4,95.06,0.33,0.60,0.34,1,0.00,7,5713.45,6,1,9,org.apache.jackrabbit.core.persistence.db.SimpleDbPersistenceManager,0.06,50,3,32,1,50,7,0,45,991,1
"org.apache.jackrabbit.core.persistence.db.OraclePersistenceManager$OracleBLOBStore",1,0.00,4.00,14,0.19,7266.34,1,0,24,6,0,97.76,4,22,0,2,97.52,0.00,0.50,0.00,0,1.00,4,555.96,0,0,0,org.apache.jackrabbit.core.persistence.db.DbBLOBStore,0.00,5,1,4,0,5,1,0,2,103,0
"org.apache.jackrabbit.core.persistence.db.SimpleDbPersistenceManager",9,0.03,1.00,25,0.16,2012.94,13,4,4,11,4,92.79,96,35,2,3,141.27,2.50,0.25,0.22,0,28.00,1,493.12,0,5,2,org.apache.jackrabbit.core.persistence.db.DatabasePersistenceManager,0.05,2,2,9,5,2,4,0,4,138,1
"org.apache.jackrabbit.test.api.AbstractImportXmlTest",13,0.09,2.23,205,2.74,76199.57,52,39,41,79,3,49.17,112,254,1,4,97.27,0.33,0.60,0.11,4,16.00,4,8210.40,2,5,2,org.apache.jackrabbit.test.AbstractJCRTest,0.35,66,3,29,1,66,8,0,34,1466,1
"org.apache.jackrabbit.test.api.AbstractPropertyTest",4,0.00,1.75,28,0.30,7228.59,8,4,6,14,12,113.93,17,37,9,4,113.70,3.00,0.23,0.25,2,4.00,3,913.74,3,0,3,org.apache.jackrabbit.test.AbstractJCRTest,0.86,10,3,7,9,10,4,0,8,189,1
"org.apache.jackrabbit.test.api.AbstractWorkspaceCopyBetweenTest",4,0.28,2.50,43,0.46,11878.25,10,6,6,23,7,63.85,29,53,5,5,106.14,4.25,0.18,0.38,2,0.00,4,1378.33,3,1,2,org.apache.jackrabbit.test.api.AbstractWorkspaceCopyTest,0.59,19,4,10,17,19,3,0,13,291,1
"org.apache.jackrabbit.test.api.AbstractWorkspaceCopyTest",3,0.00,1.67,18,0.16,2779.16,6,3,4,8,4,86.27,18,26,3,4,118.49,6.67,0.12,0.33,1,5.00,3,478.45,2,0,1,org.apache.jackrabbit.test.AbstractJCRTest,0.62,5,3,5,20,5,3,0,7,114,1
"org.apache.jackrabbit.test.api.AbstractWorkspaceReferenceableTest",2,0.00,2.50,14,0.16,4322.66,2,0,6,9,6,80.78,12,21,4,6,113.01,0.80,0.50,0.00,0,0.00,3,474.19,1,1,2,org.apache.jackrabbit.test.api.AbstractWorkspaceCopyBetweenTest,0.32,7,5,5,4,7,1,0,4,103,1
"org.apache.jackrabbit.test.api.AbstractWorkspaceSameNameSibsTest",1,0.00,9.00,36,0.43,24727.37,5,4,5,9,6,121.79,22,42,4,6,77.85,0.80,0.50,1.00,0,0.00,9,1277.49,2,0,2,org.apache.jackrabbit.test.api.AbstractWorkspaceCopyBetweenTest,0.33,8,5,9,4,8,1,0,10,229,1
"org.apache.jackrabbit.test.api.AbstractWorkspaceVersionableTest",2,0.00,2.50,15,0.18,4853.42,2,0,6,10,6,94.74,10,22,4,6,112.61,0.80,0.50,0.00,0,0.00,3,530.69,1,1,2,org.apache.jackrabbit.test.api.AbstractWorkspaceCopyBetweenTest,0.32,8,5,5,4,8,1,0,4,113,1
"org.apache.jackrabbit.test.api.AddNodeTest",11,0.00,1.73,69,0.80,15677.06,11,0,8,26,2,84.79,72,101,1,4,117.01,0.00,0.75,0.00,0,0.00,3,2395.23,0,0,1,org.apache.jackrabbit.test.AbstractJCRTest,0.00,15,3,19,0,15,11,0,30,517,1
"org.apache.jackrabbit.test.api.Base64",11,0.12,2.27,108,1.78,229742.97,15,4,7,18,2,58.91,86,135,2,1,101.20,0.00,0.00,0.14,2,39.00,8,5351.38,0,0,0,java.lang.Object,0.00,7,0,25,0,7,11,0,23,993,1
"org.apache.jackrabbit.test.api.BinaryPropertyTest",12,0.00,3.25,113,1.32,44337.54,12,0,7,46,4,74.82,72,182,1,5,107.04,0.00,0.80,0.00,0,0.00,6,3955.19,0,0,3,org.apache.jackrabbit.test.api.AbstractPropertyTest,0.19,34,4,39,0,34,12,0,24,779,1
"org.apache.jackrabbit.test.api.BooleanPropertyTest",11,0.00,2.82,87,1.00,34090.07,11,0,7,37,3,93.87,63,144,1,5,111.75,0.00,0.80,0.00,0,0.00,6,3013.72,0,0,2,org.apache.jackrabbit.test.api.AbstractPropertyTest,0.20,26,4,31,0,26,11,0,24,596,1
"org.apache.jackrabbit.test.api.CheckPermissionTest",3,0.00,2.67,27,0.33,9596.22,3,0,3,10,2,59.47,26,39,1,4,107.58,0.00,0.75,0.00,2,0.00,5,991.56,0,0,1,org.apache.jackrabbit.test.AbstractJCRTest,0.00,7,3,8,0,7,3,0,7,202,1
"org.apache.jackrabbit.test.api.DatePropertyTest",11,0.00,2.64,88,1.04,34503.01,11,0,8,38,3,91.68,64,140,1,5,109.56,0.00,0.80,0.00,0,0.00,6,3118.62,0,0,2,org.apache.jackrabbit.test.api.AbstractPropertyTest,0.20,27,4,29,0,27,11,0,26,618,1
"org.apache.jackrabbit.test.api.DocumentViewImportTest",21,0.01,2.05,149,1.82,51415.21,25,4,13,47,3,94.75,120,229,1,5,112.62,0.00,0.80,0.26,11,136.00,6,5474.38,6,0,2,org.apache.jackrabbit.test.api.AbstractImportXmlTest,0.23,26,4,43,0,26,21,0,47,1066,1
"org.apache.jackrabbit.test.api.DoublePropertyTest",11,0.00,2.64,87,1.03,35376.40,11,0,8,40,3,93.76,61,137,1,5,111.63,0.00,0.80,0.00,0,0.00,6,3094.48,0,0,2,org.apache.jackrabbit.test.api.AbstractPropertyTest,0.20,29,4,29,0,29,11,0,22,614,1
"org.apache.jackrabbit.test.api.EscapeJCRUtil",7,0.22,2.57,73,0.80,43331.10,10,3,1,18,2,124.24,27,89,1,1,103.62,0.00,0.00,0.14,5,17.00,7,2403.89,0,6,1,java.lang.Object,0.00,11,0,18,0,11,1,0,8,491,1
"org.apache.jackrabbit.test.api.ExportDocViewTest",39,0.04,3.05,434,5.94,254647.70,59,20,40,145,5,51.86,361,596,1,4,101.86,0.00,0.75,0.09,23,700.00,10,17818.37,3,11,4,org.apache.jackrabbit.test.AbstractJCRTest,0.16,106,3,119,0,106,28,0,100,3303,1
"org.apache.jackrabbit.test.api.ExportDocViewTest$AttributeSeparator",4,0.33,1.75,30,0.26,5803.98,10,6,40,13,0,114.45,1,35,0,1,114.45,0.00,0.00,0.42,1,0.00,4,786.84,0,2,0,java.lang.Object,0.00,9,0,7,0,9,2,0,1,174,1
"org.apache.jackrabbit.test.api.ExportDocViewTest$StackEntry",0,0.00,0.00,3,0.02,129.73,2,2,40,0,0,171.00,2,4,0,1,171.00,0.00,0.00,0.00,0,0.00,0,51.89,0,0,0,java.lang.Object,0.00,0,0,0,0,0,0,0,2,15,1
"org.apache.jackrabbit.test.api.ExportSysViewTest",12,0.19,1.17,45,0.49,7798.54,19,7,15,25,3,170.90,24,72,1,4,131.02,0.00,0.75,0.32,2,4.00,2,1466.45,2,0,2,org.apache.jackrabbit.test.AbstractJCRTest,0.36,13,3,14,0,13,12,0,4,335,1
"org.apache.jackrabbit.test.api.ExportSysViewTest$SysViewParser",2,0.00,1.50,18,0.18,3600.12,7,5,15,9,1,159.68,3,24,0,1,109.68,0.00,0.00,0.20,0,0.00,2,551.08,0,0,1,java.lang.Object,0.00,7,0,3,0,7,2,0,3,122,1
"org.apache.jackrabbit.test.api.ImpersonateTest",1,0.00,7.00,24,0.36,16253.98,1,0,9,12,3,104.04,18,36,1,4,85.91,0.00,0.75,0.00,0,0.00,7,1092.03,0,0,2,org.apache.jackrabbit.test.AbstractJCRTest,0.00,11,3,7,0,11,1,0,8,189,1
"org.apache.jackrabbit.test.api.LongPropertyTest",11,0.00,2.64,85,1.01,32758.26,11,0,8,39,3,94.02,60,137,1,5,111.90,0.00,0.80,0.00,0,0.00,6,3015.21,0,0,2,org.apache.jackrabbit.test.api.AbstractPropertyTest,0.20,28,4,29,0,28,11,0,22,600,1
"org.apache.jackrabbit.test.api.NamePropertyTest",8,0.00,1.88,37,0.38,6498.83,8,0,4,20,3,83.19,58,67,1,5,125.48,0.00,0.80,0.00,0,0.00,4,1129.15,0,0,2,org.apache.jackrabbit.test.api.AbstractPropertyTest,0.23,12,4,15,0,12,8,0,15,255,1
"org.apache.jackrabbit.test.api.NamespaceRegistryReadMethodsTest",6,0.25,2.17,59,0.71,18182.25,10,4,10,21,3,75.59,37,71,1,4,107.81,0.00,0.75,0.46,0,0.00,3,2137.52,2,0,2,org.apache.jackrabbit.test.AbstractJCRTest,0.50,15,3,13,0,15,6,0,12,421,1
"org.apache.jackrabbit.test.api.NamespaceRegistryTest",8,0.24,2.62,71,0.79,18283.93,14,6,7,29,2,68.35,57,100,1,4,110.64,0.00,0.75,0.38,0,0.00,5,2358.74,2,2,1,org.apache.jackrabbit.test.AbstractJCRTest,0.44,21,3,21,0,21,6,0,27,499,1
"org.apache.jackrabbit.test.api.NamespaceRemappingTest",11,0.10,1.82,84,0.97,21013.87,13,2,10,38,2,81.28,73,114,1,4,113.50,0.00,0.75,0.59,2,0.00,3,2896.23,2,2,1,org.apache.jackrabbit.test.AbstractJCRTest,0.38,27,3,20,0,27,9,0,29,602,1
"org.apache.jackrabbit.test.api.NodeAddMixinTest",6,0.00,3.67,81,1.15,36735.13,6,0,12,39,4,55.20,70,124,1,4,99.33,0.00,0.75,0.00,1,0.00,6,3435.71,0,0,3,org.apache.jackrabbit.test.AbstractJCRTest,0.00,33,3,22,0,33,6,0,31,610,1
"org.apache.jackrabbit.test.api.NodeCanAddMixinTest",3,0.00,4.00,46,0.66,21497.75,3,0,8,23,4,46.45,29,71,1,4,96.45,0.00,0.75,0.00,0,0.00,5,1985.48,0,0,3,org.apache.jackrabbit.test.AbstractJCRTest,0.00,20,3,12,0,20,3,0,11,350,1
"org.apache.jackrabbit.test.api.NodeDiscoveringNodeTypesTest",6,0.10,2.83,63,0.83,27652.95,8,2,9,29,3,56.50,49,100,1,4,104.61,0.00,0.75,0.42,1,2.00,5,2495.48,2,1,2,org.apache.jackrabbit.test.AbstractJCRTest,0.50,23,3,17,0,23,5,0,14,476,1
"org.apache.jackrabbit.test.api.NodeItemIsModifiedTest",4,0.00,1.00,23,0.29,3640.74,4,0,4,12,2,84.06,49,28,1,4,121.62,0.00,0.75,0.00,0,0.00,1,875.35,0,0,1,org.apache.jackrabbit.test.AbstractJCRTest,0.00,8,3,4,0,8,4,0,11,188,1
"org.apache.jackrabbit.test.api.NodeItemIsNewTest",2,0.00,1.00,10,0.13,1491.05,2,0,4,9,2,92.93,26,13,1,4,122.31,0.00,0.75,0.00,0,0.00,1,380.20,0,0,1,org.apache.jackrabbit.test.AbstractJCRTest,0.00,7,3,2,0,7,2,0,5,85,1
"org.apache.jackrabbit.test.api.NodeIteratorTest",5,0.00,2.80,45,0.45,14239.92,5,0,5,13,3,75.74,30,63,1,4,107.96,0.00,0.75,0.00,0,0.00,5,1336.28,1,0,2,org.apache.jackrabbit.test.AbstractJCRTest,0.27,8,3,14,0,8,5,0,11,280,1
"org.apache.jackrabbit.test.api.NodeMixinUtil",2,0.00,2.50,16,0.22,4860.58,2,0,5,12,3,92.57,10,24,3,1,110.44,0.00,0.00,0.00,0,2.00,3,660.97,0,2,0,java.lang.Object,0.00,10,0,5,0,10,0,0,3,134,1
"org.apache.jackrabbit.test.api.NodeOrderableChildNodesTest",9,0.46,1.44,79,1.02,17590.65,12,3,9,26,3,67.18,101,107,1,4,111.31,0.00,0.75,0.74,2,0.00,2,3071.62,1,0,2,org.apache.jackrabbit.test.AbstractJCRTest,0.00,17,3,13,0,17,9,0,42,621,1
"org.apache.jackrabbit.test.api.NodeReadMethodsTest",36,0.39,3.44,416,5.99,385960.43,38,2,16,106,3,67.91,230,631,1,4,100.13,0.00,0.75,0.12,6,0.00,14,17972.30,3,6,2,org.apache.jackrabbit.test.AbstractJCRTest,0.17,70,3,124,0,70,30,0,89,3227,1
"org.apache.jackrabbit.test.api.NodeReadMethodsTest$ItemVisitor",2,0.00,1.00,5,0.04,319.50,2,0,16,5,0,142.42,0,8,0,1,142.42,0.00,0.00,0.00,0,2.00,1,114.87,0,0,0,java.lang.Object,0.00,3,0,2,0,3,2,0,0,33,0
"org.apache.jackrabbit.test.api.NodeRemoveMixinTest",4,0.00,5.00,78,1.10,41066.65,4,0,12,27,4,80.98,60,119,1,4,91.34,0.00,0.75,0.00,0,0.00,6,3308.12,0,0,3,org.apache.jackrabbit.test.AbstractJCRTest,0.00,23,3,20,0,23,4,0,26,572,1
"org.apache.jackrabbit.test.api.NodeTest",37,0.89,1.76,340,4.62,105185.83,38,1,15,83,3,63.95,428,459,1,4,108.08,0.00,0.75,0.14,0,0.00,5,13848.41,5,0,2,org.apache.jackrabbit.test.AbstractJCRTest,0.17,46,3,65,0,46,37,0,230,2718,1
"org.apache.jackrabbit.test.api.NodeUUIDTest",3,0.00,1.67,31,0.41,9351.39,3,0,7,18,3,145.37,65,41,1,4,106.07,0.00,0.75,0.00,1,0.00,2,1233.02,0,0,2,org.apache.jackrabbit.test.AbstractJCRTest,0.00,15,3,5,0,15,3,0,23,241,1
"org.apache.jackrabbit.test.api.PathPropertyTest",8,0.00,1.88,37,0.38,6498.83,8,0,4,20,3,107.61,45,67,1,5,125.48,0.00,0.80,0.00,0,0.00,4,1129.15,0,0,2,org.apache.jackrabbit.test.api.AbstractPropertyTest,0.23,12,4,15,0,12,8,0,15,255,1
"org.apache.jackrabbit.test.api.PropertyItemIsModifiedTest",5,0.00,1.20,30,0.36,4845.13,6,1,5,16,2,68.42,46,38,1,4,118.41,0.00,0.75,1.00,0,0.00,2,1076.51,1,0,1,org.apache.jackrabbit.test.AbstractJCRTest,0.27,11,3,6,0,11,5,0,10,233,1
"org.apache.jackrabbit.test.api.PropertyItemIsNewTest",3,0.00,1.33,17,0.20,2739.90,4,1,5,13,2,73.07,30,23,1,4,121.55,0.00,0.75,1.00,0,0.00,2,596.27,1,0,1,org.apache.jackrabbit.test.AbstractJCRTest,0.31,10,3,4,0,10,3,0,6,132,1
"org.apache.jackrabbit.test.api.PropertyReadMethodsTest",19,0.11,1.79,98,1.11,24946.29,21,2,12,54,4,102.36,98,161,1,4,120.24,0.00,0.75,0.39,0,0.00,4,3333.16,2,0,3,org.apache.jackrabbit.test.AbstractJCRTest,0.28,35,3,34,0,35,19,0,31,716,1
"org.apache.jackrabbit.test.api.PropertyReadMethodsTest$ItemVisitor",2,0.00,1.00,5,0.04,319.50,2,0,12,5,0,142.42,0,9,0,1,142.42,0.00,0.00,0.00,0,2.00,1,114.87,0,0,0,java.lang.Object,0.00,3,0,2,0,3,2,0,0,33,0
"org.apache.jackrabbit.test.api.PropertyTest",1,0.00,1.00,11,0.15,2874.20,1,0,5,11,2,154.92,25,17,1,4,104.92,0.00,0.75,0.00,0,0.00,1,438.34,0,0,1,org.apache.jackrabbit.test.AbstractJCRTest,0.00,10,3,1,0,10,1,0,5,86,1
"org.apache.jackrabbit.test.api.PropertyTypeTest",3,0.00,2.67,31,0.40,15808.15,3,0,8,20,2,71.94,18,49,1,4,104.16,0.00,0.75,0.00,1,5.00,6,1206.42,1,0,1,org.apache.jackrabbit.test.AbstractJCRTest,0.31,17,3,8,0,17,3,0,3,225,1
"org.apache.jackrabbit.test.api.PropertyUtil",13,0.05,4.15,189,2.53,107047.95,29,16,16,41,13,54.79,100,280,13,1,97.08,0.00,0.00,0.01,1,46.00,8,7589.65,0,5,0,java.lang.Object,0.00,28,0,54,0,28,8,0,23,1376,1
"org.apache.jackrabbit.test.api.ReferencePropertyTest",11,0.70,1.64,50,0.58,10255.38,12,1,7,35,3,107.17,56,83,1,5,125.04,0.00,0.80,0.36,0,0.00,4,1749.05,1,0,2,org.apache.jackrabbit.test.api.AbstractPropertyTest,0.40,24,4,18,0,24,11,0,19,378,1
"org.apache.jackrabbit.test.api.ReferenceableRootNodesTest",3,0.75,3.00,27,0.29,7477.19,5,2,5,14,3,60.30,26,39,1,4,108.40,0.00,0.75,1.00,0,0.00,3,866.42,2,0,2,org.apache.jackrabbit.test.AbstractJCRTest,0.62,11,3,9,0,11,3,0,8,185,1
"org.apache.jackrabbit.test.api.ReferencesTest",3,0.00,6.00,88,1.35,85919.86,3,0,2,28,2,30.94,28,106,1,4,80.94,0.00,0.75,0.00,0,0.00,10,4064.84,0,0,1,org.apache.jackrabbit.test.AbstractJCRTest,0.00,25,3,18,0,25,3,0,15,725,1
"org.apache.jackrabbit.test.api.RepositoryDescriptorTest",4,0.00,1.75,42,0.43,8198.44,6,2,8,15,2,89.62,22,47,1,4,107.49,0.00,0.75,0.50,0,0.00,2,1291.25,2,0,1,org.apache.jackrabbit.test.AbstractJCRTest,0.57,11,3,7,0,11,4,0,6,290,1
"org.apache.jackrabbit.test.api.RepositoryLoginTest",4,0.56,1.25,29,0.28,4550.11,7,3,6,14,2,83.14,25,50,1,4,115.36,0.00,0.75,0.75,0,0.00,2,825.10,1,0,1,org.apache.jackrabbit.test.AbstractJCRTest,0.29,10,3,5,0,10,4,0,6,182,1
"org.apache.jackrabbit.test.api.RootNodeTest",6,0.10,1.33,22,0.18,2075.96,8,2,5,15,2,133.38,29,32,1,4,133.14,0.00,0.75,0.58,0,0.00,2,549.08,2,0,1,org.apache.jackrabbit.test.AbstractJCRTest,0.50,9,3,8,0,9,6,0,10,140,1
"org.apache.jackrabbit.test.api.SerializationContext",2,0.96,1.50,61,0.65,10501.89,29,27,2,4,3,126.40,5,65,2,1,86.51,0.00,0.00,0.52,0,0.00,2,1941.30,0,1,1,java.lang.Object,0.00,2,0,3,0,2,1,0,2,351,0
"org.apache.jackrabbit.test.api.SerializationTest",58,0.16,1.53,309,3.57,86046.75,70,12,29,105,5,159.74,156,460,1,4,119.86,0.00,0.75,0.24,11,234.00,5,10705.67,3,1,4,org.apache.jackrabbit.test.AbstractJCRTest,0.12,47,3,89,0,47,57,0,55,2189,1
"org.apache.jackrabbit.test.api.SessionReadMethodsTest",13,0.04,2.00,83,0.89,23733.63,15,2,9,41,3,98.26,67,121,1,4,116.13,0.00,0.75,0.46,2,0.00,4,2672.37,2,2,2,org.apache.jackrabbit.test.AbstractJCRTest,0.35,28,3,26,0,28,11,0,19,577,1
"org.apache.jackrabbit.test.api.SessionTest",15,0.00,1.80,183,2.64,71237.89,15,0,12,42,3,110.79,262,235,1,4,101.66,0.00,0.75,0.00,0,0.00,5,7919.83,0,0,2,org.apache.jackrabbit.test.AbstractJCRTest,0.00,27,3,27,0,27,15,0,142,1512,1
"org.apache.jackrabbit.test.api.SessionUUIDTest",2,0.00,2.50,29,0.42,14426.28,2,0,6,15,3,129.56,63,38,1,4,97.65,0.00,0.75,0.00,0,0.00,3,1255.11,0,0,2,org.apache.jackrabbit.test.AbstractJCRTest,0.00,13,3,5,0,13,2,0,22,232,1
"org.apache.jackrabbit.test.api.SetPropertyAssumeTypeTest",11,0.29,1.82,189,3.38,128970.35,29,18,14,31,5,50.63,81,358,1,4,92.92,0.00,0.75,0.32,1,0.00,4,10141.75,1,0,4,org.apache.jackrabbit.test.AbstractJCRTest,0.19,20,3,20,0,20,11,0,27,1862,1
"org.apache.jackrabbit.test.api.SetPropertyBooleanTest",7,0.00,1.00,37,0.38,4866.78,8,1,3,16,2,104.67,35,55,1,4,122.55,0.00,0.75,1.00,0,0.00,1,1135.78,1,0,1,org.apache.jackrabbit.test.AbstractJCRTest,0.24,9,3,7,0,9,7,0,7,268,1
"org.apache.jackrabbit.test.api.SetPropertyCalendarTest",7,0.54,1.00,41,0.48,6310.47,11,4,5,19,2,103.78,35,59,1,4,121.66,0.00,0.75,0.71,0,0.00,1,1452.05,1,0,1,org.apache.jackrabbit.test.AbstractJCRTest,0.24,12,3,7,0,12,7,0,7,326,1
"org.apache.jackrabbit.test.api.SetPropertyConstraintViolationExceptionTest",6,0.00,6.67,148,2.26,111155.23,6,0,14,32,4,75.11,95,254,1,4,85.47,0.00,0.75,0.00,0,0.00,9,6767.96,0,0,3,org.apache.jackrabbit.test.AbstractJCRTest,0.00,26,3,40,0,26,6,0,56,1147,1
"org.apache.jackrabbit.test.api.SetPropertyDoubleTest",7,0.44,1.00,39,0.44,6348.70,10,3,3,17,2,103.76,35,57,1,4,121.64,0.00,0.75,0.71,0,0.00,1,1326.80,1,0,1,org.apache.jackrabbit.test.AbstractJCRTest,0.24,10,3,7,0,10,7,0,7,306,1
"org.apache.jackrabbit.test.api.SetPropertyInputStreamTest",8,0.31,1.50,72,0.81,23490.57,13,5,4,20,2,90.13,41,101,1,4,108.00,0.00,0.75,0.48,0,0.00,5,2418.80,1,0,1,org.apache.jackrabbit.test.AbstractJCRTest,0.22,12,3,12,0,12,8,0,11,506,1
"org.apache.jackrabbit.test.api.SetPropertyLongTest",7,0.44,1.00,39,0.44,6432.14,10,3,3,17,2,103.72,35,57,1,4,121.59,0.00,0.75,0.71,0,0.00,1,1333.08,1,0,1,org.apache.jackrabbit.test.AbstractJCRTest,0.24,10,3,7,0,10,7,0,7,307,1
"org.apache.jackrabbit.test.api.SetPropertyNodeTest",7,0.56,1.29,46,0.53,10336.16,10,3,3,19,3,84.74,42,66,1,4,116.96,0.00,0.75,0.81,0,0.00,3,1603.74,1,0,2,org.apache.jackrabbit.test.AbstractJCRTest,0.24,12,3,9,0,12,7,0,8,359,1
"org.apache.jackrabbit.test.api.SetPropertyStringTest",29,0.23,1.14,177,2.28,38552.46,37,8,6,45,2,117.58,138,257,1,4,117.35,0.00,0.75,0.34,0,0.00,3,6827.50,1,0,1,org.apache.jackrabbit.test.AbstractJCRTest,0.10,16,3,33,0,16,29,0,35,1495,1
"org.apache.jackrabbit.test.api.SetPropertyValueTest",32,0.19,1.19,187,2.45,42432.65,40,8,6,48,2,102.43,160,276,1,4,120.30,0.00,0.75,0.31,0,0.00,3,7359.25,1,0,1,org.apache.jackrabbit.test.AbstractJCRTest,0.10,16,3,38,0,16,32,0,38,1611,1
"org.apache.jackrabbit.test.api.SetValueBinaryTest",6,0.45,1.67,51,0.55,11664.41,10,4,8,24,2,69.01,47,67,1,4,111.30,0.00,0.75,0.62,1,0.00,3,1638.49,1,0,1,org.apache.jackrabbit.test.AbstractJCRTest,0.25,18,3,10,0,18,6,0,15,346,1
"org.apache.jackrabbit.test.api.SetValueBooleanTest",5,0.58,1.40,30,0.31,3625.32,8,3,6,18,2,71.27,43,40,1,4,119.37,0.00,0.75,0.80,0,0.00,2,920.91,1,0,1,org.apache.jackrabbit.test.AbstractJCRTest,0.27,13,3,7,0,13,5,0,13,210,1
"org.apache.jackrabbit.test.api.SetValueConstraintViolationExceptionTest",12,0.00,6.92,331,5.04,256322.30,12,0,15,39,4,62.93,177,526,1,4,83.07,0.00,0.75,0.00,0,0.00,9,15110.96,0,0,3,org.apache.jackrabbit.test.AbstractJCRTest,0.00,27,3,83,0,27,12,0,120,2512,1
"org.apache.jackrabbit.test.api.SetValueDateTest",5,0.58,1.40,33,0.35,4327.15,8,3,8,19,2,70.66,43,43,1,4,118.77,0.00,0.75,0.80,0,0.00,2,1042.79,1,0,1,org.apache.jackrabbit.test.AbstractJCRTest,0.27,14,3,7,0,14,5,0,13,230,1
"org.apache.jackrabbit.test.api.SetValueDoubleTest",5,0.58,1.40,30,0.31,3658.70,8,3,6,18,2,71.23,43,40,1,4,119.34,0.00,0.75,0.80,0,0.00,2,934.79,1,0,1,org.apache.jackrabbit.test.AbstractJCRTest,0.27,13,3,7,0,13,5,0,13,212,1
"org.apache.jackrabbit.test.api.SetValueLongTest",5,0.58,1.40,30,0.31,3625.32,8,3,6,18,2,71.27,43,40,1,4,119.37,0.00,0.75,0.80,0,0.00,2,920.91,1,0,1,org.apache.jackrabbit.test.AbstractJCRTest,0.27,13,3,7,0,13,5,0,13,210,1
"org.apache.jackrabbit.test.api.SetValueReferenceTest",6,0.33,1.67,39,0.39,6077.67,9,3,7,25,3,69.71,63,52,1,4,118.19,0.00,0.75,0.61,1,0.00,3,1162.00,1,0,2,org.apache.jackrabbit.test.AbstractJCRTest,0.25,19,3,10,0,19,6,0,17,261,1
"org.apache.jackrabbit.test.api.SetValueStringTest",24,0.18,1.58,152,1.63,28546.63,33,9,10,41,2,99.78,131,197,1,4,117.65,0.00,0.75,0.28,0,0.00,2,4903.50,1,0,1,org.apache.jackrabbit.test.AbstractJCRTest,0.12,17,3,38,0,17,24,0,47,1049,1
"org.apache.jackrabbit.test.api.SetValueValueFormatExceptionTest",12,0.00,2.50,86,1.20,36631.58,12,0,12,28,4,79.60,76,158,1,4,111.82,0.00,0.75,0.00,1,38.00,7,3592.27,0,1,3,org.apache.jackrabbit.test.AbstractJCRTest,0.00,16,3,30,0,16,11,0,24,696,1
"org.apache.jackrabbit.test.api.SetValueVersionExceptionTest",12,0.24,2.33,97,1.07,25165.54,18,6,12,29,3,78.74,75,167,1,4,110.96,0.00,0.75,0.39,0,0.00,4,3212.75,3,0,2,org.apache.jackrabbit.test.AbstractJCRTest,0.36,17,3,28,0,17,12,0,29,645,1
"org.apache.jackrabbit.test.api.StringPropertyTest",11,0.00,2.82,91,1.08,31249.41,11,0,7,42,4,61.77,92,147,1,5,109.88,0.00,0.80,0.00,0,0.00,5,3237.50,0,0,3,org.apache.jackrabbit.test.api.AbstractPropertyTest,0.20,31,4,31,0,31,11,0,24,640,1
"org.apache.jackrabbit.test.api.SysViewContentHandler",13,0.12,4.92,290,4.68,289257.61,35,22,27,90,4,37.85,138,411,2,2,86.32,0.00,0.50,0.16,5,57.00,16,14052.08,0,1,2,org.xml.sax.helpers.DefaultHandler,0.00,77,1,64,0,77,12,0,90,2303,0
"org.apache.jackrabbit.test.api.SysViewContentHandler$ChildNodeElem",0,0.00,0.00,3,0.01,82.42,2,2,27,0,0,171.00,0,4,0,1,171.00,0.00,0.00,0.00,0,0.00,0,41.21,0,0,0,java.lang.Object,0.00,0,0,0,0,0,0,0,0,13,1
"org.apache.jackrabbit.test.api.SysViewContentHandler$ConditionException",1,0.00,1.00,3,0.02,106.02,1,0,27,1,0,137.25,0,5,0,2,137.25,0.00,0.50,0.00,0,1.00,1,45.51,0,0,0,org.xml.sax.SAXException,0.00,0,1,1,0,0,1,0,0,16,1
"org.apache.jackrabbit.test.api.SysViewContentHandler$NodeElemData",0,0.00,0.00,8,0.06,805.37,7,7,27,2,0,171.00,10,9,0,1,171.00,0.00,0.00,0.00,0,0.00,0,191.76,0,0,0,java.lang.Object,0.00,2,0,0,0,2,0,0,10,43,1
"org.apache.jackrabbit.test.api.SysViewContentHandler$PropElemData",0,0.00,0.00,5,0.03,169.39,4,4,27,0,0,171.00,0,6,0,1,171.00,0.00,0.00,0.00,0,0.00,0,75.28,0,0,0,java.lang.Object,0.00,0,0,0,0,0,0,0,0,21,1
"org.apache.jackrabbit.test.api.TestAll",1,0.00,1.00,86,1.49,64614.96,1,0,3,3,83,40.82,14,88,1,2,60.96,0.00,0.50,0.00,0,1.00,1,4457.25,0,1,82,junit.framework.TestCase,0.00,2,1,1,0,2,0,0,5,679,1
"org.apache.jackrabbit.test.api.TreeComparator",22,0.03,3.23,260,3.77,153887.17,36,14,17,69,3,59.32,157,352,1,4,101.61,0.00,0.75,0.10,11,118.00,11,11307.79,1,2,2,org.apache.jackrabbit.test.AbstractJCRTest,0.00,47,3,71,0,47,20,0,53,1995,0
"org.apache.jackrabbit.test.api.UndefinedPropertyTest",2,0.00,1.00,10,0.11,1573.10,2,0,6,8,4,79.83,15,15,1,4,122.12,0.00,0.75,0.00,0,2.00,1,315.80,1,0,3,org.apache.jackrabbit.test.AbstractJCRTest,0.33,6,3,2,0,6,2,0,3,72,1
"org.apache.jackrabbit.test.api.ValueFactoryTest",4,0.40,8.00,130,2.26,260255.34,23,19,15,30,3,26.47,37,207,1,4,76.47,0.00,0.75,0.36,0,0.00,14,6777.92,1,1,2,org.apache.jackrabbit.test.AbstractJCRTest,0.29,26,3,32,0,26,3,0,15,1147,1
"org.apache.jackrabbit.test.api.WorkspaceCloneReferenceableTest",4,0.00,1.75,35,0.54,12098.51,4,0,4,16,3,65.65,44,44,1,7,109.77,0.00,0.86,0.00,0,0.00,3,1615.15,1,0,2,org.apache.jackrabbit.test.api.AbstractWorkspaceReferenceableTest,0.00,12,6,7,0,12,4,0,20,330,1
"org.apache.jackrabbit.test.api.WorkspaceCloneSameNameSibsTest",2,0.00,2.50,22,0.33,8568.30,2,0,4,15,2,83.20,29,26,1,7,103.34,0.00,0.86,0.00,0,0.00,3,989.13,0,0,1,org.apache.jackrabbit.test.api.AbstractWorkspaceSameNameSibsTest,0.00,13,6,5,0,13,2,0,10,188,1
"org.apache.jackrabbit.test.api.WorkspaceCloneTest",8,0.00,2.00,60,0.95,21529.78,8,0,8,29,2,64.20,64,87,1,6,112.31,0.00,0.83,0.00,0,0.00,3,2835.04,1,0,1,org.apache.jackrabbit.test.api.AbstractWorkspaceCopyBetweenTest,0.00,21,5,16,0,21,8,0,30,563,1
"org.apache.jackrabbit.test.api.WorkspaceCloneVersionableTest",1,0.00,3.00,12,0.20,6491.04,1,0,2,8,2,144.41,22,18,1,7,100.47,0.00,0.86,0.00,0,0.00,3,600.57,1,0,1,org.apache.jackrabbit.test.api.AbstractWorkspaceVersionableTest,0.00,7,6,3,0,7,1,0,10,121,1
"org.apache.jackrabbit.test.api.WorkspaceCopyBetweenWorkspacesReferenceableTest",1,0.00,1.00,9,0.13,2539.78,1,0,2,9,2,108.12,16,11,1,7,108.59,0.00,0.86,0.00,0,0.00,1,388.43,1,0,1,org.apache.jackrabbit.test.api.AbstractWorkspaceReferenceableTest,0.00,8,6,1,0,8,1,0,5,82,1
"org.apache.jackrabbit.test.api.WorkspaceCopyBetweenWorkspacesSameNameSibsTest",2,0.00,2.50,22,0.32,8710.08,2,0,4,14,2,83.14,29,26,1,7,103.29,0.00,0.86,0.00,0,0.00,3,965.47,0,0,1,org.apache.jackrabbit.test.api.AbstractWorkspaceSameNameSibsTest,0.00,12,6,5,0,12,2,0,10,186,1
"org.apache.jackrabbit.test.api.WorkspaceCopyBetweenWorkspacesTest",7,0.00,2.29,54,0.84,20353.12,7,0,10,29,3,63.91,57,81,1,6,112.01,0.00,0.83,0.00,0,0.00,4,2514.66,1,0,2,org.apache.jackrabbit.test.api.AbstractWorkspaceCopyBetweenTest,0.00,22,5,16,0,22,7,0,26,495,1
"org.apache.jackrabbit.test.api.WorkspaceCopyBetweenWorkspacesVersionableTest",1,0.00,3.00,12,0.19,6579.88,1,0,2,7,2,144.37,22,18,1,7,100.42,0.00,0.86,0.00,0,0.00,3,580.51,1,0,1,org.apache.jackrabbit.test.api.AbstractWorkspaceVersionableTest,0.00,6,6,3,0,6,1,0,10,119,1
"org.apache.jackrabbit.test.api.WorkspaceCopyReferenceableTest",3,0.00,1.00,12,0.14,2565.27,3,0,3,11,3,107.58,17,16,1,7,125.45,0.00,0.86,0.00,0,1.00,1,431.54,1,1,2,org.apache.jackrabbit.test.api.AbstractWorkspaceReferenceableTest,0.64,8,6,3,0,8,2,0,6,98,1
"org.apache.jackrabbit.test.api.WorkspaceCopySameNameSibsTest",4,0.00,1.75,25,0.33,8387.67,4,0,5,16,3,73.40,30,31,1,7,115.69,0.00,0.86,0.00,0,0.00,3,983.15,0,1,2,org.apache.jackrabbit.test.api.AbstractWorkspaceSameNameSibsTest,0.64,12,6,7,0,12,3,0,11,198,1
"org.apache.jackrabbit.test.api.WorkspaceCopyTest",6,0.00,2.17,50,0.70,16560.19,6,0,7,27,2,61.93,53,75,1,5,110.04,0.00,0.80,0.00,0,0.00,3,2110.56,0,0,1,org.apache.jackrabbit.test.api.AbstractWorkspaceCopyTest,0.00,21,4,13,0,21,6,0,24,419,1
"org.apache.jackrabbit.test.api.WorkspaceCopyVersionableTest",3,0.00,1.67,15,0.19,5808.89,3,0,3,9,3,76.63,23,23,1,7,118.93,0.00,0.86,0.00,0,1.00,3,577.36,1,1,2,org.apache.jackrabbit.test.api.AbstractWorkspaceVersionableTest,0.64,6,6,5,0,6,2,0,11,127,1
"org.apache.jackrabbit.test.api.WorkspaceMoveReferenceableTest",3,0.00,1.00,12,0.14,2565.27,3,0,3,11,3,93.23,18,16,1,7,125.45,0.00,0.86,0.00,0,1.00,1,431.54,1,1,2,org.apache.jackrabbit.test.api.AbstractWorkspaceReferenceableTest,0.64,8,6,3,0,8,2,0,7,98,1
"org.apache.jackrabbit.test.api.WorkspaceMoveSameNameSibsTest",4,0.00,1.75,27,0.36,9319.12,4,0,5,17,3,73.04,31,33,1,7,115.33,0.00,0.86,0.00,0,0.00,3,1085.44,0,1,2,org.apache.jackrabbit.test.api.AbstractWorkspaceSameNameSibsTest,0.64,13,6,7,0,13,3,0,12,213,1
"org.apache.jackrabbit.test.api.WorkspaceMoveTest",6,0.00,2.17,50,0.70,16560.19,6,0,7,27,2,61.93,52,75,1,5,110.04,0.00,0.80,0.00,0,0.00,3,2110.56,0,0,1,org.apache.jackrabbit.test.api.AbstractWorkspaceCopyTest,0.00,21,4,13,0,21,6,0,23,419,1
"org.apache.jackrabbit.test.api.WorkspaceMoveVersionableTest",3,0.00,1.67,15,0.19,5594.59,3,0,3,10,3,76.76,23,23,1,7,119.05,0.00,0.86,0.00,0,1.00,3,582.14,1,1,2,org.apache.jackrabbit.test.api.AbstractWorkspaceVersionableTest,0.64,7,6,5,0,7,2,0,11,127,1
"org.apache.jackrabbit.test.api.WorkspaceReadMethodsTest",5,0.00,1.40,33,0.33,7639.24,5,0,4,18,2,98.95,29,48,1,4,116.82,0.00,0.75,0.00,0,0.00,2,988.92,1,0,1,org.apache.jackrabbit.test.AbstractJCRTest,0.27,13,3,7,0,13,5,0,7,217,1
"org.apache.jackrabbit.name.AbstractNamespaceResolver",9,0.38,2.33,74,0.68,25083.96,10,1,3,20,16,61.88,78,86,9,1,109.99,0.00,0.00,0.67,0,0.00,4,2053.70,0,2,7,java.lang.Object,0.00,11,0,21,7,11,7,1,17,427,2
"org.apache.jackrabbit.name.IllegalNameException",2,0.00,1.00,5,0.03,221.18,2,0,0,2,35,99.55,22,8,34,4,143.68,0.00,0.75,0.00,0,2.00,1,88.69,0,0,1,org.apache.jackrabbit.name.NameException,0.00,0,3,2,0,0,2,0,3,29,1
"org.apache.jackrabbit.name.MalformedPathException",2,0.00,1.00,5,0.03,221.18,2,0,0,2,36,95.20,21,8,35,4,143.68,0.00,0.75,0.00,0,2.00,1,88.69,0,0,1,org.apache.jackrabbit.name.NameException,0.00,0,3,2,0,0,2,0,3,29,1
"org.apache.jackrabbit.name.NameCache",4,0.00,1.00,5,0.03,131.16,4,0,0,4,5,116.77,30,6,4,1,159.06,0.00,0.00,0.00,0,4.00,1,87.44,0,2,1,,0.00,0,0,4,0,0,2,0,5,32,1
"org.apache.jackrabbit.name.NameException",2,0.00,1.00,5,0.03,221.18,2,0,1,2,12,95.57,16,8,11,3,143.68,2.00,0.29,0.00,0,2.00,1,88.69,0,0,1,org.apache.jackrabbit.BaseException,0.00,0,2,2,4,0,2,0,3,29,1
"org.apache.jackrabbit.name.NameFormat",9,1.00,3.44,118,1.45,88116.87,10,1,4,34,57,97.26,149,155,51,1,97.74,0.00,0.00,0.00,3,9.00,6,4364.50,0,6,7,java.lang.Object,0.00,25,0,31,0,25,3,0,25,851,1
"org.apache.jackrabbit.name.NameFormat$ThreadLocal",1,0.00,1.00,3,0.02,136.54,1,0,4,1,0,136.39,0,4,0,1,136.39,0.00,0.00,0.00,0,0.00,1,49.51,0,1,0,java.lang.Object,0.00,0,0,1,0,0,0,0,0,16,0
"org.apache.jackrabbit.name.NamespaceListener",3,0.00,1.00,4,0.03,159.82,3,0,0,3,3,109.30,24,5,3,1,157.40,0.00,0.00,0.00,0,3.00,1,89.52,0,0,0,,0.00,0,0,3,0,0,3,0,4,31,1
"org.apache.jackrabbit.name.NamespaceResolver",4,0.00,1.00,5,0.04,222.72,4,0,1,4,75,108.78,41,7,72,1,157.25,0.00,0.00,0.00,0,4.00,1,116.67,0,4,4,,0.00,0,0,4,0,0,0,0,5,40,1
"org.apache.jackrabbit.name.NoPrefixDeclaredException",2,0.00,1.00,5,0.03,221.18,2,0,0,2,48,93.68,18,8,47,4,143.68,0.00,0.75,0.00,0,2.00,1,88.69,0,0,1,org.apache.jackrabbit.name.NameException,0.00,0,3,2,0,0,2,0,3,29,1
"org.apache.jackrabbit.name.Path",29,0.02,2.69,253,2.86,162332.68,41,12,4,79,65,87.43,423,316,61,1,107.57,0.00,0.00,0.06,6,226.00,9,8587.38,0,13,5,java.lang.Object,0.00,50,0,78,0,50,16,0,67,1701,2
"org.apache.jackrabbit.name.Path$CurrentElement",8,0.57,1.00,18,0.11,991.67,9,1,4,10,3,143.52,37,27,0,2,143.29,0.00,0.50,0.50,0,8.00,1,330.84,0,2,3,org.apache.jackrabbit.name.PathElement,0.00,2,1,8,0,2,6,0,7,98,3
"org.apache.jackrabbit.name.Path$NameElement",5,0.00,1.00,11,0.05,427.16,5,0,4,5,1,144.80,24,17,0,2,144.56,0.00,0.50,0.00,0,5.00,1,163.19,0,0,1,org.apache.jackrabbit.name.PathElement,0.00,0,1,5,0,0,5,0,4,53,3
"org.apache.jackrabbit.name.Path$ParentElement",8,0.57,1.00,18,0.11,991.67,9,1,4,10,3,143.52,37,27,0,2,143.29,0.00,0.50,0.50,0,8.00,1,330.84,0,2,3,org.apache.jackrabbit.name.PathElement,0.00,2,1,8,0,2,6,0,7,98,3
"org.apache.jackrabbit.name.Path$PathBuilder",12,0.09,1.25,45,0.43,10628.10,15,3,4,24,3,97.72,72,58,0,1,129.94,0.00,0.00,0.25,3,38.00,2,1279.75,0,0,3,java.lang.Object,0.00,12,0,15,0,12,12,1,17,316,3
"org.apache.jackrabbit.name.Path$PathElement",16,0.23,2.25,94,1.06,42566.13,18,2,4,32,4,67.77,154,127,0,1,117.77,0.00,0.00,0.28,2,60.00,9,3181.36,0,6,4,java.lang.Object,0.00,16,0,36,0,16,10,0,26,664,3
"org.apache.jackrabbit.name.Path$RootElement",8,1.00,1.00,17,0.10,775.10,9,1,4,8,3,144.37,39,26,0,2,144.13,0.00,0.50,0.12,0,14.00,1,285.93,0,2,3,org.apache.jackrabbit.name.PathElement,0.00,0,1,8,0,0,6,0,9,88,3
"org.apache.jackrabbit.name.PathFormat",5,1.00,5.20,88,1.31,117292.93,6,1,5,30,36,123.69,103,122,29,1,90.31,0.00,0.00,0.00,2,5.00,18,3916.08,0,1,8,java.lang.Object,0.00,25,0,26,0,25,4,0,39,655,1
"org.apache.jackrabbit.name.PathFormat$ThreadLocal",1,0.00,1.00,3,0.02,136.54,1,0,5,1,0,136.39,0,4,0,1,136.39,0.00,0.00,0.00,0,0.00,1,49.51,0,1,0,java.lang.Object,0.00,0,0,1,0,0,0,0,0,16,0
"org.apache.jackrabbit.name.PathTest",10,0.11,4.90,279,4.64,279029.93,16,6,5,49,9,122.12,26,287,1,2,82.23,0.00,0.50,0.27,2,0.00,9,13918.98,0,2,8,junit.framework.TestCase,0.00,39,1,49,0,39,8,0,21,2424,1
"org.apache.jackrabbit.name.PathTest$AbstractNamespaceResolver",2,0.00,1.00,5,0.02,262.00,2,0,5,2,0,143.10,0,7,0,1,143.10,0.00,0.00,0.00,0,2.00,1,68.00,0,2,0,java.lang.Object,0.00,0,0,2,0,0,0,0,0,24,0
"org.apache.jackrabbit.name.PathTest$Test",7,0.11,1.71,29,0.28,6645.82,10,3,5,13,0,174.97,8,41,0,1,124.97,0.00,0.00,0.24,3,16.00,5,851.01,0,1,0,java.lang.Object,0.00,6,0,12,0,6,6,0,2,205,2
"org.apache.jackrabbit.name.QName",14,0.00,1.86,164,3.71,175301.16,113,99,1,28,167,131.65,441,195,164,1,99.74,0.00,0.00,0.01,0,26.00,5,11140.75,1,8,5,java.lang.Object,0.00,14,0,26,0,14,6,3,128,1641,2
"org.apache.jackrabbit.name.QNameTest",3,0.67,4.33,69,0.97,40869.29,6,3,2,18,6,107.93,11,73,1,2,87.31,0.00,0.50,0.78,0,0.00,7,2902.75,0,0,5,junit.framework.TestCase,0.00,15,1,13,0,15,3,0,6,527,1
"org.apache.jackrabbit.name.QNameTest$AbstractNamespaceResolver",2,0.00,1.00,5,0.02,262.00,2,0,2,2,0,143.10,0,7,0,1,143.10,0.00,0.00,0.00,0,2.00,1,68.00,0,2,0,java.lang.Object,0.00,0,0,2,0,0,0,0,0,24,0
"org.apache.jackrabbit.name.QNameTest$Test",4,0.22,1.25,17,0.12,2171.09,7,3,2,7,0,126.96,0,23,0,1,126.96,0.00,0.00,0.17,1,8.00,2,373.83,0,1,0,java.lang.Object,0.00,3,0,5,0,3,3,0,0,103,2
"org.apache.jackrabbit.name.SessionNamespaceResolver",3,0.50,1.67,12,0.11,2384.80,4,1,3,6,3,93.36,19,20,2,2,125.58,0.00,0.50,0.67,0,1.00,2,340.69,0,2,1,org.apache.jackrabbit.name.AbstractNamespaceResolver,0.00,3,1,5,0,3,1,0,7,84,1
"org.apache.jackrabbit.name.TestAll",1,0.00,1.00,6,0.05,1283.53,1,0,3,3,2,69.02,10,8,0,2,117.50,0.00,0.50,0.00,0,1.00,1,150.40,0,1,2,junit.framework.TestCase,0.00,2,1,1,0,2,0,0,2,39,1
"org.apache.jackrabbit.name.UnknownPrefixException",2,0.00,1.00,5,0.03,221.18,2,0,0,2,32,95.57,17,8,31,4,143.68,0.00,0.75,0.00,0,2.00,1,88.69,0,0,1,org.apache.jackrabbit.name.NameException,0.00,0,3,2,0,0,2,0,3,29,1
"org.apache.jackrabbit.core.jndi.BindableRepository",15,0.02,1.13,53,0.54,9192.92,22,7,16,35,6,82.75,151,83,3,1,131.22,0.00,0.00,0.16,2,0.00,2,1633.70,0,10,4,java.lang.Object,0.00,20,0,17,0,20,5,3,32,396,0
"org.apache.jackrabbit.core.jndi.BindableRepository$Thread",1,0.00,1.00,3,0.01,56.92,1,0,16,2,0,139.38,0,4,0,1,139.38,0.00,0.00,0.00,0,1.00,1,30.46,0,0,0,java.lang.Object,0.00,1,0,1,0,1,1,0,0,12,0
"org.apache.jackrabbit.core.jndi.BindableRepositoryFactory",3,0.50,1.67,18,0.24,6776.82,4,1,8,11,2,67.34,25,30,2,1,115.44,0.00,0.00,0.67,1,1.00,3,709.46,0,2,1,java.lang.Object,0.00,8,0,5,0,8,1,1,6,150,1
"org.apache.jackrabbit.core.jndi.RegistryHelper",3,0.00,1.33,11,0.13,2518.63,3,0,3,9,3,92.55,36,21,1,1,130.11,0.00,0.00,0.00,0,3.00,2,376.66,0,0,2,java.lang.Object,0.00,6,0,4,0,6,3,0,7,87,1
"org.apache.jackrabbit.test.api.nodetype.CanAddChildNodeCallWithNodeTypeTest",7,0.25,2.14,58,0.86,23257.63,9,2,7,22,4,77.19,47,95,1,4,109.41,0.00,0.75,0.71,0,0.00,3,2576.09,2,0,3,org.apache.jackrabbit.test.AbstractJCRTest,0.47,15,3,15,0,15,7,0,10,496,1
"org.apache.jackrabbit.test.api.nodetype.CanAddChildNodeCallWithoutNodeTypeTest",7,0.00,1.86,43,0.59,13139.80,8,1,6,17,4,83.83,44,78,1,4,116.05,0.00,0.75,1.00,0,0.00,2,1760.23,2,0,3,org.apache.jackrabbit.test.AbstractJCRTest,0.47,10,3,13,0,10,7,0,9,357,1
"org.apache.jackrabbit.test.api.nodetype.CanRemoveItemTest",8,0.00,1.88,46,0.61,13007.73,9,1,7,20,4,101.62,44,86,1,4,119.50,0.00,0.75,1.00,0,0.00,2,1817.81,2,0,3,org.apache.jackrabbit.test.AbstractJCRTest,0.44,12,3,15,0,12,8,0,10,375,1
"org.apache.jackrabbit.test.api.nodetype.CanSetPropertyBinaryTest",6,0.00,2.17,79,1.61,82149.29,7,1,9,17,4,78.82,35,143,1,4,96.70,0.00,0.75,1.00,0,0.00,3,4834.83,2,0,3,org.apache.jackrabbit.test.AbstractJCRTest,0.50,11,3,13,0,11,6,0,8,845,1
"org.apache.jackrabbit.test.api.nodetype.CanSetPropertyBooleanTest",6,0.00,2.17,79,1.63,82837.42,7,1,9,17,4,64.45,36,144,1,4,96.67,0.00,0.75,1.00,0,0.00,3,4897.04,2,0,3,org.apache.jackrabbit.test.AbstractJCRTest,0.50,11,3,13,0,11,6,0,8,852,1
"org.apache.jackrabbit.test.api.nodetype.CanSetPropertyDateTest",6,0.00,2.17,89,2.08,113021.16,7,1,9,20,4,62.18,37,173,1,4,94.40,0.00,0.75,1.00,0,0.00,3,6234.75,2,0,3,org.apache.jackrabbit.test.AbstractJCRTest,0.50,14,3,13,0,14,6,0,10,1040,1
"org.apache.jackrabbit.test.api.nodetype.CanSetPropertyDoubleTest",6,0.00,2.17,89,2.07,114462.69,7,1,9,20,4,76.49,35,173,1,4,94.36,0.00,0.75,1.00,0,0.00,3,6219.04,2,0,3,org.apache.jackrabbit.test.AbstractJCRTest,0.50,14,3,13,0,14,6,0,8,1040,1
"org.apache.jackrabbit.test.api.nodetype.CanSetPropertyLongTest",6,0.00,2.17,89,2.08,114181.06,7,1,9,20,4,76.50,35,173,1,4,94.37,0.00,0.75,1.00,0,0.00,3,6225.43,2,0,3,org.apache.jackrabbit.test.AbstractJCRTest,0.50,14,3,13,0,14,6,0,8,1040,1
"org.apache.jackrabbit.test.api.nodetype.CanSetPropertyMultipleTest",5,0.00,1.80,32,0.49,13415.75,6,1,7,17,4,82.62,31,56,1,4,114.84,0.00,0.75,1.00,0,0.00,2,1477.33,2,0,3,org.apache.jackrabbit.test.AbstractJCRTest,0.53,12,3,9,0,12,5,0,8,294,1
"org.apache.jackrabbit.test.api.nodetype.CanSetPropertyNameTest",6,0.00,2.17,94,2.21,118754.53,7,1,9,19,4,75.24,35,182,1,4,93.12,0.00,0.75,1.00,0,0.00,3,6638.54,2,0,3,org.apache.jackrabbit.test.AbstractJCRTest,0.50,13,3,13,0,13,6,0,8,1091,1
"org.apache.jackrabbit.test.api.nodetype.CanSetPropertyPathTest",6,0.00,2.17,91,2.08,111767.56,7,1,9,19,4,75.45,35,173,1,4,93.32,0.00,0.75,1.00,0,0.00,3,6237.28,2,0,3,org.apache.jackrabbit.test.AbstractJCRTest,0.50,13,3,13,0,13,6,0,8,1040,1
"org.apache.jackrabbit.test.api.nodetype.CanSetPropertyStringTest",6,0.00,2.17,79,1.63,80620.38,7,1,9,17,4,78.89,35,145,1,4,96.76,0.00,0.75,1.00,0,0.00,3,4892.08,2,0,3,org.apache.jackrabbit.test.AbstractJCRTest,0.50,11,3,13,0,11,6,0,8,849,1
"org.apache.jackrabbit.test.api.nodetype.CanSetPropertyTest",5,0.00,1.80,30,0.45,10751.93,6,1,7,17,4,83.37,31,54,1,4,115.60,0.00,0.75,1.00,0,0.00,2,1346.56,2,0,3,org.apache.jackrabbit.test.AbstractJCRTest,0.53,12,3,9,0,12,5,0,8,272,1
"org.apache.jackrabbit.test.api.nodetype.NodeDefTest",10,0.04,3.30,116,1.31,43257.35,13,3,11,37,3,60.95,76,145,1,4,103.25,0.00,0.75,0.30,3,22.00,5,3920.12,2,0,2,org.apache.jackrabbit.test.AbstractJCRTest,0.40,27,3,33,0,27,10,0,28,761,1
"org.apache.jackrabbit.test.api.nodetype.NodeTypeManagerTest",6,0.10,1.83,35,0.45,9255.93,8,2,7,27,2,87.46,37,59,1,4,119.68,0.00,0.75,0.58,0,0.00,3,1355.64,3,0,1,org.apache.jackrabbit.test.AbstractJCRTest,0.50,21,3,11,0,21,6,0,12,290,1
"org.apache.jackrabbit.test.api.nodetype.NodeTypeTest",14,0.00,3.50,162,1.91,64077.86,17,3,12,49,3,70.82,87,240,1,4,103.04,0.00,0.75,0.33,2,0.00,6,5731.50,3,2,2,org.apache.jackrabbit.test.AbstractJCRTest,0.33,35,3,49,0,35,12,0,26,1088,1
"org.apache.jackrabbit.test.api.nodetype.NodeTypeUtil",11,1.00,12.45,468,6.25,1339370.13,12,1,14,58,18,40.44,144,586,17,1,69.82,0.00,0.00,0.09,3,20.00,71,18759.95,0,10,1,java.lang.Object,0.00,47,0,137,0,47,1,0,63,2990,1
"org.apache.jackrabbit.test.api.nodetype.PredefinedNodeTypeTest",27,0.42,1.78,186,2.43,132908.47,29,2,20,89,3,113.00,108,237,1,4,112.77,0.00,0.75,0.09,5,111.00,7,7300.34,2,4,2,org.apache.jackrabbit.test.AbstractJCRTest,0.22,62,3,48,0,62,23,0,36,1345,1
"org.apache.jackrabbit.test.api.nodetype.PredefinedNodeTypeTest$Comparator",1,0.00,3.00,10,0.14,6990.64,1,0,20,4,0,103.17,0,12,0,1,103.17,0.00,0.00,0.00,0,1.00,3,416.66,0,0,0,java.lang.Object,0.00,3,0,3,0,3,1,0,0,92,0
"org.apache.jackrabbit.test.api.nodetype.PredefinedNodeTypeTest$Comparator_0",1,0.00,6.00,17,0.22,14237.38,1,0,20,5,0,91.98,0,21,0,1,91.98,0.00,0.00,0.00,0,1.00,6,668.69,0,0,0,java.lang.Object,0.00,4,0,6,0,4,1,0,0,140,0
"org.apache.jackrabbit.test.api.nodetype.PredefinedNodeTypeTest$Comparator_1",1,0.00,3.00,10,0.11,4798.70,1,0,20,4,0,104.46,0,12,0,1,104.46,0.00,0.00,0.00,0,1.00,3,338.12,0,0,0,java.lang.Object,0.00,3,0,3,0,3,1,0,0,76,0
"org.apache.jackrabbit.test.api.nodetype.PropertyDefTest",11,0.06,4.36,163,2.29,113822.37,19,8,16,46,4,46.29,104,235,1,4,96.29,0.00,0.75,0.18,3,21.00,16,6857.91,2,0,3,org.apache.jackrabbit.test.AbstractJCRTest,0.38,35,3,48,0,35,11,0,35,1223,1
"org.apache.jackrabbit.test.api.nodetype.TestAll",1,0.00,1.00,22,0.28,10800.80,1,0,3,3,19,51.60,12,24,1,2,89.16,0.00,0.50,0.00,0,1.00,1,827.66,0,1,18,junit.framework.TestCase,0.00,2,1,1,0,2,0,0,3,167,1
"org.apache.jackrabbit.jca.JCAConnectionManager",1,0.00,1.00,4,0.05,759.37,1,0,5,3,1,83.57,7,7,1,1,125.86,0.00,0.00,0.00,0,1.00,1,144.99,0,1,0,java.lang.Object,0.00,2,0,1,0,2,0,1,2,36,2
"org.apache.jackrabbit.jca.JCAConnectionRequestInfo",12,0.27,2.17,66,0.62,20575.09,14,2,5,24,5,139.90,46,85,5,1,119.28,0.00,0.00,0.25,2,32.00,4,1874.43,0,3,0,java.lang.Object,0.00,12,0,26,0,12,9,1,15,446,2
"org.apache.jackrabbit.jca.JCAManagedConnection",33,0.08,1.48,134,1.21,24924.74,40,7,16,69,6,146.40,129,202,3,1,125.79,0.00,0.00,0.07,8,426.00,7,3630.12,0,12,6,java.lang.Object,0.00,36,0,49,0,36,21,2,42,860,2
"org.apache.jackrabbit.jca.JCAManagedConnectionFactory",23,0.07,1.74,100,0.98,25398.49,28,5,13,42,9,145.07,86,148,4,1,124.45,0.00,0.00,0.13,6,169.00,5,2947.84,0,11,7,java.lang.Object,0.00,19,0,40,0,19,12,1,29,674,2
"org.apache.jackrabbit.jca.JCARepositoryHandle",10,0.19,1.50,37,0.36,10914.20,13,3,11,17,3,129.42,42,57,2,1,129.19,0.00,0.00,0.17,1,30.00,6,1090.80,0,8,2,java.lang.Object,0.00,7,0,15,0,7,2,3,14,262,2
"org.apache.jackrabbit.jca.JCARepositoryManager",8,0.18,1.38,36,0.34,7216.00,12,4,8,20,5,92.98,49,50,3,1,125.20,0.00,0.00,0.09,2,26.00,2,1012.16,0,3,2,java.lang.Object,0.00,12,0,11,0,12,5,0,12,242,2
"org.apache.jackrabbit.jca.JCARepositoryManager$Reference",7,0.06,2.29,43,0.43,12033.71,10,3,8,19,2,116.54,33,59,0,1,116.31,0.00,0.00,0.38,1,11.00,4,1288.44,0,1,2,java.lang.Object,0.00,12,0,16,0,12,6,0,10,297,2
"org.apache.jackrabbit.jca.JCAResourceAdapter",5,1.00,1.00,10,0.10,1041.10,6,1,7,8,1,181.40,10,16,0,1,141.51,0.00,0.00,0.20,0,8.00,1,302.22,0,1,1,java.lang.Object,0.00,3,0,5,0,3,4,1,3,83,1
"org.apache.jackrabbit.jca.JCASessionHandle",35,0.94,1.00,72,0.76,9667.86,36,1,27,65,2,161.16,111,136,2,1,140.55,0.00,0.00,0.09,1,122.00,1,2292.09,0,16,1,java.lang.Object,0.00,30,0,35,0,30,19,1,37,609,2
"org.apache.jackrabbit.jca.TransactionBoundXAResource",11,0.00,1.09,33,0.30,4832.93,14,3,3,22,1,132.37,1,49,1,1,132.37,0.00,0.00,0.33,0,0.00,2,908.37,0,1,1,java.lang.Object,0.00,11,0,12,0,11,10,1,1,234,1
"org.apache.jackrabbit.init.ExportDocViewTestData",15,0.15,1.20,123,1.53,33281.84,27,12,10,34,2,111.16,62,143,1,4,110.92,0.00,0.75,0.23,13,52.00,4,4599.47,1,0,1,org.apache.jackrabbit.test.AbstractJCRTest,0.16,19,3,18,0,19,15,0,27,944,1
"org.apache.jackrabbit.init.NodeTestData",2,1.43,2.50,48,0.75,30310.03,9,7,10,26,2,37.91,20,54,1,4,86.38,0.00,0.75,0.86,0,0.00,4,2256.95,1,0,1,org.apache.jackrabbit.test.AbstractJCRTest,0.33,24,3,5,0,24,2,0,13,392,1
"org.apache.jackrabbit.init.PropertyTestData",1,0.00,4.00,23,0.37,12698.59,2,1,7,16,2,39.09,10,28,1,4,87.57,0.00,0.75,1.00,0,0.00,4,1122.91,0,0,1,org.apache.jackrabbit.test.AbstractJCRTest,0.00,15,3,4,0,15,1,0,5,194,1
"org.apache.jackrabbit.init.QueryTestData",1,0.00,4.00,27,0.41,20673.72,2,1,4,14,2,45.74,12,32,1,4,83.31,0.00,0.75,1.00,0,0.00,4,1231.03,0,0,1,org.apache.jackrabbit.test.AbstractJCRTest,0.00,13,3,4,0,13,1,0,5,223,1
"org.apache.jackrabbit.init.TestAll",1,0.00,1.00,8,0.07,2228.14,1,0,3,3,4,73.39,12,10,0,2,110.95,0.00,0.50,0.00,0,1.00,1,223.66,0,1,4,junit.framework.TestCase,0.00,2,1,1,0,2,0,0,2,55,1
"org.apache.jackrabbit.webdav.jcr.lock.JcrActiveLock",13,0.19,1.46,43,0.40,7169.46,16,3,12,28,9,113.65,74,64,2,2,131.53,0.00,0.50,0.15,1,55.00,3,1192.82,0,4,7,org.apache.jackrabbit.webdav.lock.AbstractActiveLock,0.00,15,1,19,0,15,9,2,16,292,1
"org.apache.jackrabbit.webdav.jcr.lock.SessionScopedLockEntry",2,1.00,1.00,6,0.05,693.12,3,1,7,3,6,100.98,12,9,1,2,133.20,0.00,0.50,0.00,0,2.00,1,144.92,0,2,5,org.apache.jackrabbit.webdav.lock.AbstractLockEntry,0.00,1,1,2,0,1,0,0,3,40,1
"org.apache.jackrabbit.webdav.security.report.AbstractSecurityReport",3,1.00,2.67,20,0.26,9087.70,4,1,10,11,11,72.04,22,26,3,1,114.33,0.00,0.00,0.33,0,4.00,4,783.57,0,1,8,java.lang.Object,0.00,8,0,8,3,8,2,1,4,163,2
"org.apache.jackrabbit.webdav.security.report.AclPrincipalReport",2,0.50,2.50,22,0.45,17623.88,4,2,15,25,12,80.73,29,28,0,2,100.88,0.00,0.50,0.25,0,2.00,4,1347.77,1,1,12,org.apache.jackrabbit.webdav.security.report.AbstractSecurityReport,0.00,23,1,5,0,23,1,0,7,234,1
"org.apache.jackrabbit.webdav.security.report.PrincipalMatchReport",4,0.07,1.50,21,0.26,6077.65,9,5,11,10,11,82.22,49,27,0,2,119.78,0.00,0.50,0.25,0,6.00,3,783.64,1,2,11,org.apache.jackrabbit.webdav.security.report.AbstractSecurityReport,0.00,6,1,6,0,6,2,0,8,167,1
"org.apache.jackrabbit.webdav.security.report.PrincipalSearchReport",5,0.06,1.60,33,0.49,16025.98,13,8,17,19,13,84.88,69,42,0,2,114.26,0.00,0.50,0.18,0,9.00,4,1474.70,1,2,13,org.apache.jackrabbit.webdav.security.report.AbstractSecurityReport,0.00,14,1,8,0,14,3,0,12,282,1
"org.apache.jackrabbit.webdav.security.report.PrincipalSearchReport$SearchArgument",3,0.25,1.00,10,0.09,1016.28,5,2,17,6,4,173.17,7,14,0,1,133.28,0.00,0.00,0.67,0,0.00,1,257.08,0,2,4,java.lang.Object,0.00,3,0,3,0,3,1,0,2,67,1
"org.apache.jackrabbit.webdav.security.report.SearchablePropertyReport",5,0.06,1.80,26,0.39,10244.97,9,4,18,19,13,81.15,61,37,0,1,118.71,0.00,0.00,0.20,0,10.00,4,1165.88,0,2,13,java.lang.Object,0.00,14,0,9,0,14,3,1,13,246,1
"org.apache.jackrabbit.webdav.security.report.SearchablePropertyReport$PrincipalSearchProperty",4,0.24,2.25,34,0.36,8728.00,11,7,18,13,6,160.83,6,46,0,1,110.83,0.00,0.00,0.32,0,0.00,3,1081.03,0,1,6,java.lang.Object,0.00,9,0,9,0,9,3,1,4,234,1
"org.apache.jackrabbit.test.api.observation.AbstractObservationTest",11,0.40,1.45,49,0.63,15674.70,13,2,10,30,17,75.51,97,75,16,4,123.62,5.33,0.15,0.14,2,35.00,3,1885.48,1,1,1,org.apache.jackrabbit.test.AbstractJCRTest,0.19,19,3,16,16,19,10,0,14,414,2
"org.apache.jackrabbit.test.api.observation.AddEventListenerTest",7,0.00,1.29,81,1.21,34794.01,7,0,5,23,4,60.70,53,111,1,5,102.99,0.00,0.80,0.00,0,0.00,2,3630.81,3,1,3,org.apache.jackrabbit.test.api.observation.AbstractObservationTest,0.00,16,4,9,0,16,6,0,10,673,1
"org.apache.jackrabbit.test.api.observation.EventIteratorTest",3,0.00,1.67,47,0.59,15877.45,3,0,5,15,4,53.56,33,54,1,5,97.69,0.00,0.80,0.00,0,0.00,2,1770.04,2,0,3,org.apache.jackrabbit.test.api.observation.AbstractObservationTest,0.00,12,4,5,0,12,3,0,8,328,1
"org.apache.jackrabbit.test.api.observation.EventResult",5,0.00,2.00,30,0.28,5463.78,8,3,8,16,16,73.76,56,43,16,1,117.89,0.00,0.00,0.33,2,2.00,3,845.75,0,3,0,java.lang.Object,0.00,11,0,10,0,11,2,1,11,195,1
"org.apache.jackrabbit.test.api.observation.EventTest",3,0.00,1.00,33,0.42,8149.26,3,0,3,13,3,62.82,22,37,1,5,105.11,0.00,0.80,0.00,0,0.00,1,1256.61,2,0,2,org.apache.jackrabbit.test.api.observation.AbstractObservationTest,0.00,10,4,3,0,10,3,0,4,243,1
"org.apache.jackrabbit.test.api.observation.GetRegisteredEventListenersTest",2,0.00,1.00,21,0.24,6030.45,2,0,2,5,3,74.08,12,24,1,5,106.30,0.00,0.80,0.00,0,0.00,1,725.25,3,0,2,org.apache.jackrabbit.test.api.observation.AbstractObservationTest,0.00,3,4,2,0,3,2,0,2,152,1
"org.apache.jackrabbit.test.api.observation.LockingTest",3,0.00,2.67,56,0.76,26224.52,3,0,5,18,3,48.78,33,54,1,5,92.91,0.00,0.80,0.00,1,0.00,3,2285.30,2,1,2,org.apache.jackrabbit.test.api.observation.AbstractObservationTest,0.00,15,4,8,0,15,2,0,6,397,1
"org.apache.jackrabbit.test.api.observation.NodeAddedTest",4,0.00,1.00,37,0.45,9306.06,4,0,3,9,3,66.60,29,42,1,5,108.89,0.00,0.80,0.00,0,0.00,1,1340.86,3,0,2,org.apache.jackrabbit.test.api.observation.AbstractObservationTest,0.00,5,4,4,0,5,4,0,5,272,1
"org.apache.jackrabbit.test.api.observation.NodeMovedTest",3,0.00,1.00,51,0.75,22884.22,3,0,3,10,3,133.83,64,55,1,5,94.53,0.00,0.80,0.00,0,0.00,1,2244.95,4,0,2,org.apache.jackrabbit.test.api.observation.AbstractObservationTest,0.00,7,4,3,0,7,3,0,9,415,1
"org.apache.jackrabbit.test.api.observation.NodeRemovedTest",2,0.00,1.00,22,0.26,5683.06,2,0,3,7,3,60.83,22,25,1,5,104.96,0.00,0.80,0.00,0,0.00,1,780.98,3,0,2,org.apache.jackrabbit.test.api.observation.AbstractObservationTest,0.00,5,4,2,0,5,2,0,3,157,1
"org.apache.jackrabbit.test.api.observation.NodeReorderTest",3,0.00,5.67,101,1.49,91431.72,3,0,4,17,4,92.43,102,113,1,5,78.65,0.00,0.80,0.00,0,0.00,6,4466.80,4,0,3,org.apache.jackrabbit.test.api.observation.AbstractObservationTest,0.00,14,4,17,0,14,3,0,36,739,1
"org.apache.jackrabbit.test.api.observation.PropertyAddedTest",3,0.00,1.33,37,0.48,12114.70,3,0,5,13,3,52.28,28,40,1,5,102.28,0.00,0.80,0.00,0,0.00,2,1451.08,3,0,2,org.apache.jackrabbit.test.api.observation.AbstractObservationTest,0.00,10,4,4,0,10,3,0,4,274,1
"org.apache.jackrabbit.test.api.observation.PropertyChangedTest",4,0.00,1.75,65,1.06,47696.82,4,0,7,24,4,45.38,43,72,1,5,93.85,0.00,0.80,0.00,0,0.00,4,3181.32,3,0,3,org.apache.jackrabbit.test.api.observation.AbstractObservationTest,0.00,20,4,7,0,20,4,0,7,548,1
"org.apache.jackrabbit.test.api.observation.PropertyRemovedTest",2,0.00,1.00,26,0.35,8251.55,2,0,4,8,3,56.85,23,30,1,5,100.98,0.00,0.80,0.00,0,0.00,1,1046.31,3,0,2,org.apache.jackrabbit.test.api.observation.AbstractObservationTest,0.00,6,4,2,0,6,2,0,3,199,1
"org.apache.jackrabbit.test.api.observation.TestAll",1,0.00,1.00,17,0.20,7463.72,1,0,3,3,14,46.13,10,19,1,2,94.60,0.00,0.50,0.00,0,1.00,1,597.20,0,1,13,junit.framework.TestCase,0.00,2,1,1,0,2,0,0,2,127,1
"org.apache.jackrabbit.test.api.observation.WorkspaceOperationTest",3,0.00,1.00,44,0.66,18361.59,3,0,3,11,3,48.43,28,48,1,5,98.43,0.00,0.80,0.00,0,0.00,1,1975.37,4,0,2,org.apache.jackrabbit.test.api.observation.AbstractObservationTest,0.00,8,4,3,0,8,3,0,4,367,1
"org.apache.jackrabbit.webdav.simple.DavResourceImpl",47,0.01,2.81,344,4.51,154547.90,61,14,63,150,48,93.67,243,492,1,1,111.54,0.00,0.00,0.08,19,972.00,11,13528.65,0,25,47,java.lang.Object,0.00,103,0,132,0,103,22,2,88,2596,1
"org.apache.jackrabbit.webdav.simple.DavResourceImpl$PropertyExportCtx",9,0.00,1.89,43,0.47,10467.33,9,0,63,18,6,124.25,2,61,0,2,124.25,0.00,0.50,0.00,2,0.00,4,1399.81,0,1,6,org.apache.jackrabbit.server.io.AbstractExportContext,0.00,9,1,17,0,9,8,1,2,314,1
"org.apache.jackrabbit.webdav.simple.DavResourceImpl$ProperyImportCtx",8,0.14,1.12,22,0.13,1392.85,11,3,63,11,3,181.98,17,32,0,1,142.10,0.00,0.00,0.21,1,32.00,2,400.28,0,3,3,java.lang.Object,0.00,3,0,9,0,3,5,1,5,113,1
"org.apache.jackrabbit.webdav.simple.DavSessionImpl",6,0.60,1.00,16,0.13,1742.92,7,1,4,12,3,140.61,24,23,1,2,140.37,0.00,0.50,0.50,0,6.00,1,401.76,2,1,2,org.apache.jackrabbit.webdav.jcr.JcrDavSession,0.15,6,1,6,0,6,5,0,8,112,1
"org.apache.jackrabbit.webdav.simple.DavSessionProviderImpl",3,0.33,3.33,37,0.51,19201.65,6,3,15,19,10,80.35,43,46,1,1,100.49,0.00,0.00,0.56,0,1.00,6,1532.96,0,0,9,java.lang.Object,0.00,16,0,10,0,16,3,1,12,286,1
"org.apache.jackrabbit.webdav.simple.DefaultItemFilter",9,0.00,2.44,60,0.64,16964.88,13,4,9,25,2,116.21,41,77,1,1,115.98,0.00,0.00,0.25,1,27.00,4,1931.70,0,0,1,java.lang.Object,0.00,16,0,22,0,16,9,1,13,414,1
"org.apache.jackrabbit.webdav.simple.ItemFilter",5,0.00,1.00,6,0.04,228.27,5,0,2,5,3,115.64,35,7,3,1,157.93,0.00,0.00,0.00,0,5.00,1,128.18,0,0,0,,0.00,0,0,5,0,0,5,0,6,44,1
"org.apache.jackrabbit.webdav.simple.LocatorFactoryImpl",4,0.50,2.25,23,0.34,14951.84,6,2,5,15,3,156.49,8,33,0,1,116.61,0.00,0.00,0.12,1,6.00,6,1024.40,0,3,3,java.lang.Object,0.00,11,0,9,0,11,1,1,6,216,1
"org.apache.jackrabbit.webdav.simple.LocatorFactoryImpl$Locator",13,0.12,1.23,40,0.34,7000.65,17,4,5,21,3,181.65,21,56,0,1,131.65,0.00,0.00,0.13,4,74.00,2,1011.17,0,7,3,java.lang.Object,0.00,8,0,16,0,8,6,1,5,257,1
"org.apache.jackrabbit.webdav.simple.LocatorFactoryImplEx",3,1.00,2.67,16,0.19,7057.35,4,1,3,8,2,100.28,17,23,1,2,118.15,0.00,0.50,0.00,0,3.00,4,564.46,0,2,1,org.apache.jackrabbit.webdav.AbstractLocatorFactory,0.00,5,1,8,0,5,1,0,4,128,1
"org.apache.jackrabbit.webdav.simple.ResourceConfig",8,0.21,5.00,142,1.94,107099.27,14,6,23,39,13,49.94,63,181,3,1,92.23,0.00,0.00,0.35,3,0.00,18,5812.36,0,5,10,java.lang.Object,0.00,31,0,40,0,31,3,0,14,1018,1
"org.apache.jackrabbit.webdav.simple.ResourceFactoryImpl",4,0.33,1.50,18,0.22,4894.06,6,2,9,12,12,74.14,38,25,1,1,124.13,0.00,0.00,0.25,1,6.00,2,652.19,0,2,11,java.lang.Object,0.00,8,0,6,0,8,2,1,5,151,1
"org.apache.jackrabbit.rmi.client.iterator.ClientIterator",9,0.18,2.33,60,0.58,23827.83,14,5,7,16,9,66.35,97,85,5,1,114.82,0.00,0.00,0.36,2,7.00,6,1735.08,0,2,4,org.apache.jackrabbit.rmi.client.ClientObject,0.00,7,1,21,5,7,7,1,16,374,2
"org.apache.jackrabbit.rmi.client.iterator.ClientNodeIterator",3,1.00,1.00,9,0.07,845.72,4,1,6,3,5,85.80,24,15,1,2,133.91,0.00,0.50,0.33,0,4.00,1,218.74,2,2,4,org.apache.jackrabbit.rmi.client.iterator.ClientIterator,0.00,0,2,3,0,0,1,1,5,61,1
"org.apache.jackrabbit.rmi.client.iterator.ClientNodeTypeIterator",3,0.00,1.00,7,0.05,528.94,3,0,5,4,5,99.79,22,13,1,2,142.08,0.00,0.50,0.00,0,3.00,1,161.13,2,2,4,org.apache.jackrabbit.rmi.client.iterator.ClientIterator,0.00,1,2,3,0,1,1,1,4,49,1
"org.apache.jackrabbit.rmi.client.iterator.ClientPropertyIterator",3,1.00,1.00,9,0.08,929.67,4,1,6,4,5,85.48,24,16,1,2,133.58,0.00,0.50,0.33,0,4.00,1,233.46,2,2,4,org.apache.jackrabbit.rmi.client.iterator.ClientIterator,0.00,1,2,3,0,1,1,1,5,64,1
"org.apache.jackrabbit.rmi.client.iterator.ClientRowIterator",3,0.00,1.00,7,0.05,528.94,3,0,5,4,5,99.79,22,12,1,2,142.08,0.00,0.50,0.00,0,3.00,1,161.13,2,2,4,org.apache.jackrabbit.rmi.client.iterator.ClientIterator,0.00,1,2,3,0,1,1,1,4,49,1
"org.apache.jackrabbit.rmi.client.iterator.ClientVersionIterator",3,1.00,1.00,9,0.08,929.67,4,1,6,4,5,85.48,24,16,1,2,133.58,0.00,0.50,0.33,0,4.00,1,233.46,2,2,4,org.apache.jackrabbit.rmi.client.iterator.ClientIterator,0.00,1,2,3,0,1,1,1,5,64,1
"org.apache.jackrabbit.webdav.jcr.property.LengthsProperty",3,0.50,1.33,16,0.15,3065.42,4,1,5,6,4,88.94,19,18,1,2,121.16,0.00,0.50,0.67,0,2.00,2,436.03,1,2,3,org.apache.jackrabbit.webdav.property.AbstractDavProperty,0.00,3,1,4,0,3,1,1,4,99,1
"org.apache.jackrabbit.webdav.jcr.property.NamespacesProperty",6,0.10,2.17,46,0.66,18241.82,8,2,18,28,8,161.87,8,57,1,2,111.87,0.00,0.50,0.58,0,0.00,5,1971.00,1,3,7,org.apache.jackrabbit.webdav.property.AbstractDavProperty,0.00,22,1,13,0,22,3,1,4,382,1
"org.apache.jackrabbit.webdav.jcr.property.ValuesProperty",13,0.08,2.38,82,1.19,47415.44,15,2,20,42,10,81.50,88,105,2,2,113.72,0.00,0.50,0.42,2,0.00,8,3579.59,1,7,8,org.apache.jackrabbit.webdav.property.AbstractDavProperty,0.00,29,1,31,0,29,6,1,21,694,1
"org.apache.jackrabbit.core.security.AMContext",6,0.04,1.00,22,0.15,1838.37,11,5,4,6,6,83.62,55,33,4,1,133.62,0.00,0.00,0.17,0,26.00,1,445.88,0,5,2,java.lang.Object,0.00,0,0,6,0,0,1,0,12,118,1
"org.apache.jackrabbit.core.security.AccessManager",5,3.00,1.00,9,0.08,496.43,8,3,5,5,10,135.13,72,13,8,1,155.27,0.00,0.00,0.00,0,5.00,1,238.75,0,0,2,,0.00,0,0,5,0,0,5,0,9,70,1
"org.apache.jackrabbit.core.security.AnonymousPrincipal",5,0.75,1.40,15,0.09,1176.27,6,1,2,6,2,174.34,10,23,2,1,134.45,0.00,0.00,0.40,0,7.00,3,268.38,0,2,0,java.lang.Object,0.00,1,0,7,0,1,3,2,4,76,1
"org.apache.jackrabbit.core.security.AuthContext",3,0.00,1.00,6,0.04,452.16,3,0,7,3,5,105.06,37,7,5,1,142.62,0.00,0.00,0.00,0,3.00,1,123.74,0,1,0,java.lang.Object,0.00,0,0,3,2,0,2,0,6,41,2
"org.apache.jackrabbit.core.security.AuthContext$JAAS",4,0.33,1.00,10,0.09,1085.23,5,1,7,9,2,140.84,16,15,0,2,140.61,0.00,0.50,0.75,0,0.00,1,257.11,0,1,2,org.apache.jackrabbit.core.security.AuthContext,0.86,5,1,4,0,5,3,0,4,71,2
"org.apache.jackrabbit.core.security.AuthContext$Local",4,0.25,2.00,28,0.28,8638.75,8,4,7,11,2,113.29,17,42,0,2,113.06,0.00,0.50,0.06,1,6.00,4,830.30,0,1,2,org.apache.jackrabbit.core.security.AuthContext,0.86,7,1,8,0,7,3,0,4,184,2
"org.apache.jackrabbit.core.security.CredentialsCallback",3,1.00,1.00,7,0.04,385.42,4,1,3,3,2,125.29,16,11,2,1,143.16,0.00,0.00,0.33,0,4.00,1,118.49,0,1,0,java.lang.Object,0.00,0,0,3,0,0,2,2,4,37,1
"org.apache.jackrabbit.core.security.CredentialsCallbackHandler",2,1.00,3.00,22,0.27,16399.83,3,1,8,8,3,58.79,15,27,2,1,101.08,0.00,0.00,0.50,0,2.00,5,820.12,0,0,1,java.lang.Object,0.00,6,0,6,0,6,2,1,7,161,1
"org.apache.jackrabbit.core.security.SecurityConstants",0,0.00,0.00,2,0.01,87.17,1,1,0,0,2,171.00,10,4,2,1,171.00,0.00,0.00,0.00,0,0.00,0,34.87,0,0,0,,0.00,0,0,0,0,0,0,0,2,11,1
"org.apache.jackrabbit.core.security.SimpleAccessManager",6,0.36,2.67,41,0.40,9221.09,11,5,7,12,6,84.43,36,63,0,1,116.65,0.00,0.00,0.50,0,0.00,5,1211.05,0,0,6,java.lang.Object,0.00,6,0,16,0,6,6,1,18,262,1
"org.apache.jackrabbit.core.security.SimpleLoginModule",10,0.08,2.30,75,0.83,35339.36,18,8,12,32,4,69.05,75,100,0,1,111.34,0.00,0.00,0.20,1,18.00,10,2479.58,0,2,4,java.lang.Object,0.00,22,0,23,0,22,8,1,34,484,1
"org.apache.jackrabbit.core.security.SystemPrincipal",5,0.75,1.40,15,0.09,1176.27,6,1,2,6,2,174.34,10,23,2,1,134.45,0.00,0.00,0.40,0,7.00,3,268.38,0,2,0,java.lang.Object,0.00,1,0,7,0,1,3,2,4,76,1
"org.apache.jackrabbit.core.security.UserPrincipal",5,0.25,1.60,19,0.14,3004.05,6,1,2,8,2,171.10,13,28,2,1,131.21,0.00,0.00,0.80,0,0.00,3,427.63,0,2,0,java.lang.Object,0.00,3,0,8,0,3,3,2,4,110,1
"org.apache.jackrabbit.core.nodetype.virtual.VirtualNodeTypeStateManager",8,0.14,2.25,70,1.05,25074.87,16,8,20,37,15,59.60,79,121,1,1,109.59,0.00,0.00,0.25,4,14.00,4,3145.94,0,1,14,java.lang.Object,0.00,29,0,18,0,29,7,1,23,631,1
"org.apache.jackrabbit.core.nodetype.virtual.VirtualNodeTypeStateProvider",12,1.00,2.17,112,2.07,96397.59,13,1,21,66,16,72.26,79,146,1,2,104.48,0.00,0.50,0.08,4,28.00,4,6213.34,2,6,15,org.apache.jackrabbit.core.virtual.AbstractVISProvider,0.05,54,1,26,0,54,6,0,26,1109,1
"org.apache.jackrabbit.core.value.BLOBFileValue",20,0.10,3.20,176,1.98,84934.12,30,10,22,63,23,60.00,206,269,19,1,108.48,0.00,0.00,0.20,3,36.00,7,5935.45,0,4,4,java.lang.Object,0.00,43,0,64,0,43,16,1,66,1193,1
"org.apache.jackrabbit.core.value.InternalValue",34,0.02,1.56,168,2.21,87630.47,39,5,29,81,83,121.81,146,261,61,1,121.58,0.00,0.00,0.18,0,110.00,9,6639.34,0,22,22,java.lang.Object,0.00,47,0,53,0,47,12,0,37,1356,1
"org.apache.jackrabbit.BaseException",2,0.00,1.00,5,0.03,239.29,2,0,0,2,8,94.93,20,8,8,2,143.41,15.00,0.06,0.00,0,2.00,1,92.84,0,0,0,java.lang.Exception,0.00,0,1,2,15,0,2,0,3,30,2
"org.apache.jackrabbit.JcrConstants",0,0.00,0.00,70,1.50,23398.94,69,69,1,0,7,171.00,214,71,7,1,171.00,0.00,0.00,0.00,0,0.00,0,4499.80,0,0,0,,0.00,0,0,0,0,0,0,0,70,625,1
"org.apache.jackrabbit.webdav.observation.DefaultEventType",6,0.07,1.67,32,0.40,11744.41,9,3,10,24,9,70.78,50,43,3,1,118.89,0.00,0.00,0.28,1,14.00,3,1187.54,0,5,6,java.lang.Object,0.00,18,0,10,0,18,1,1,9,250,1
"org.apache.jackrabbit.webdav.observation.EventBundle",0,0.00,0.00,1,0.01,31.02,0,0,1,0,5,171.00,6,2,4,2,171.00,0.00,0.50,0.00,0,0.00,0,15.51,0,0,1,,0.00,0,1,0,0,0,0,0,1,6,1
"org.apache.jackrabbit.webdav.observation.EventDiscovery",4,0.17,1.50,17,0.18,3080.14,6,2,9,13,13,77.61,35,24,9,1,125.72,0.00,0.00,0.38,1,0.00,2,532.76,0,2,4,java.lang.Object,0.00,9,0,6,0,9,2,2,5,126,1
"org.apache.jackrabbit.webdav.observation.EventType",2,0.00,1.00,3,0.01,65.85,2,0,2,2,5,209.05,3,4,3,2,159.05,0.00,0.50,0.00,0,2.00,1,38.73,0,2,2,,0.00,0,1,2,0,0,0,0,1,16,1
"org.apache.jackrabbit.webdav.observation.Filter",7,0.17,1.29,26,0.25,5243.97,11,4,7,15,5,130.51,3,35,2,1,130.51,0.00,0.00,0.39,0,0.00,2,757.29,0,4,3,java.lang.Object,0.00,8,0,9,0,8,3,1,1,184,1
"org.apache.jackrabbit.webdav.observation.ObservationConstants",0,0.00,0.00,17,0.29,5600.00,16,16,2,2,13,171.00,28,18,11,1,171.00,0.00,0.00,0.00,0,0.00,0,882.42,0,0,2,,0.00,2,0,0,0,2,0,0,9,158,1
"org.apache.jackrabbit.webdav.observation.ObservationDavServletRequest",2,0.00,1.00,3,0.02,87.74,2,0,2,2,3,108.07,19,4,0,2,158.07,0.00,0.50,0.00,0,2.00,1,46.77,0,2,3,,0.00,0,1,2,0,0,0,0,3,18,1
"org.apache.jackrabbit.webdav.observation.ObservationDavServletResponse",2,0.00,1.00,3,0.02,145.14,2,0,2,2,4,108.24,17,4,1,2,156.35,0.00,0.50,0.00,0,2.00,1,72.57,0,0,3,,0.00,0,1,2,0,0,2,0,3,24,1
"org.apache.jackrabbit.webdav.observation.ObservationResource",4,2.00,1.00,7,0.06,473.45,6,2,2,4,12,104.68,36,8,7,2,154.67,0.00,0.50,0.00,0,4.00,1,188.77,0,2,6,,0.00,0,1,4,0,0,2,0,5,56,1
"org.apache.jackrabbit.webdav.observation.Subscription",1,0.00,1.00,2,0.01,48.43,1,0,1,1,13,136.14,15,3,12,2,146.50,0.00,0.50,0.00,0,1.00,1,27.12,0,1,1,,0.00,0,1,1,0,0,0,0,2,11,1
"org.apache.jackrabbit.webdav.observation.SubscriptionDiscovery",5,0.75,2.00,34,0.39,12153.08,6,1,9,20,13,82.93,31,42,6,2,115.15,0.00,0.50,0.40,0,7.00,3,1182.11,1,3,7,org.apache.jackrabbit.webdav.property.AbstractDavProperty,0.00,15,1,10,0,15,2,0,7,248,1
"org.apache.jackrabbit.webdav.observation.SubscriptionDiscovery$Subscription",2,0.00,1.50,8,0.09,1537.07,2,0,9,5,3,146.34,6,11,0,1,125.72,0.00,0.00,0.00,0,2.00,2,260.90,0,2,3,java.lang.Object,0.00,3,0,3,0,3,0,0,2,63,0
"org.apache.jackrabbit.webdav.observation.SubscriptionInfo",10,0.02,2.30,81,1.00,42865.52,16,6,14,31,21,58.52,93,96,9,1,108.52,0.00,0.00,0.18,0,46.00,6,2990.99,0,1,12,java.lang.Object,0.00,21,0,23,0,21,9,2,11,581,1
"org.apache.jackrabbit.webdav.observation.SubscriptionManager",4,0.00,1.00,5,0.05,289.90,4,0,1,4,10,108.25,33,10,5,1,156.35,0.00,0.00,0.00,0,4.00,1,151.86,0,2,6,,0.00,0,0,4,0,0,2,0,5,46,1
"org.apache.jackrabbit.core.version.AbstractVersionManager",21,0.23,2.10,139,1.80,87912.54,24,3,18,66,21,65.18,169,199,7,1,113.28,0.00,0.00,0.11,8,107.00,7,5393.13,0,6,15,java.lang.Object,0.00,45,0,44,2,45,15,1,43,1024,1
"org.apache.jackrabbit.core.version.AbstractVersionManager$ReentrantWriterPreferenceReadWriteLock",1,0.00,1.00,3,0.02,314.05,1,0,18,2,0,133.77,4,5,0,1,133.54,0.00,0.00,0.00,0,1.00,1,72.73,0,0,0,java.lang.Object,0.00,1,0,1,0,1,1,0,1,21,0
"org.apache.jackrabbit.core.version.AbstractVersionManager$WriteOperation",2,0.00,1.50,10,0.06,706.42,3,1,18,3,1,82.48,15,16,0,1,124.77,0.00,0.00,1.00,0,0.00,2,187.24,0,0,1,java.lang.Object,0.00,1,0,3,0,1,2,0,4,50,1
"org.apache.jackrabbit.core.version.DateVersionSelector",9,0.19,1.67,46,0.46,16923.93,11,2,5,19,4,69.03,82,62,3,1,119.03,0.00,0.00,0.33,0,17.00,5,1380.76,0,4,1,java.lang.Object,0.00,10,0,15,0,10,5,1,13,306,1
"org.apache.jackrabbit.core.version.InternalFreeze",1,0.00,1.00,2,0.01,44.19,1,0,1,1,5,96.82,9,3,4,2,146.81,0.00,0.50,0.00,0,1.00,1,26.09,0,1,1,,0.00,0,1,1,0,0,0,0,2,11,1
"org.apache.jackrabbit.core.version.InternalFreezeImpl",2,1.00,1.00,7,0.05,622.75,3,1,0,2,7,91.28,15,11,2,2,133.57,2.00,0.25,0.50,0,2.00,1,157.85,0,1,5,org.apache.jackrabbit.core.version.InternalVersionItemImpl,0.33,0,1,2,2,0,1,1,4,43,1
"org.apache.jackrabbit.core.version.InternalFrozenNode",6,0.00,1.00,7,0.03,141.83,6,0,4,6,9,127.96,38,8,5,2,160.18,0.00,0.50,0.00,0,6.00,1,92.48,0,4,4,,0.00,0,1,6,0,0,2,0,7,38,1
"org.apache.jackrabbit.core.version.InternalFrozenNodeImpl",11,0.01,4.00,130,2.18,173133.21,19,8,20,59,19,48.79,104,184,2,3,98.78,0.00,0.67,0.14,2,73.00,17,6545.49,0,6,17,org.apache.jackrabbit.core.version.InternalFreezeImpl,0.18,48,2,44,0,48,5,1,37,1095,0
"org.apache.jackrabbit.core.version.InternalFrozenVHImpl",7,0.00,1.29,20,0.20,3347.11,7,0,5,15,11,159.23,26,38,1,3,138.61,0.00,0.67,0.00,2,9.00,2,611.31,0,6,10,org.apache.jackrabbit.core.version.InternalFreezeImpl,0.23,8,2,9,0,8,1,1,8,155,0
"org.apache.jackrabbit.core.version.InternalFrozenVersionHistory",4,0.00,1.00,5,0.02,98.72,4,0,2,4,6,117.74,30,7,3,2,160.04,0.00,0.50,0.00,0,4.00,1,65.11,0,3,3,,0.00,0,1,4,0,0,1,0,5,27,1
"org.apache.jackrabbit.core.version.InternalVersion",10,0.00,1.00,11,0.04,159.45,10,0,3,10,14,129.31,61,12,12,2,161.53,0.00,0.50,0.00,0,10.00,1,123.94,0,7,3,,0.00,0,1,10,0,0,3,0,11,54,1
"org.apache.jackrabbit.core.version.InternalVersionHistory",11,0.00,1.00,12,0.05,191.64,11,0,5,11,13,129.00,67,13,10,2,161.23,0.00,0.50,0.00,0,11.00,1,155.74,0,4,4,,0.00,0,1,11,0,0,7,0,12,64,1
"org.apache.jackrabbit.core.version.InternalVersionHistoryImpl",21,0.05,2.52,200,2.95,143796.69,29,8,20,96,22,62.70,161,249,8,2,104.99,0.00,0.50,0.17,3,123.00,11,8858.29,0,7,16,org.apache.jackrabbit.core.version.InternalVersionItemImpl,0.16,75,1,53,0,75,14,1,62,1571,0
"org.apache.jackrabbit.core.version.InternalVersionImpl",28,0.10,1.82,164,1.71,46339.69,33,5,12,74,14,101.57,149,201,3,2,119.44,0.00,0.50,0.11,7,336.00,3,5136.17,0,10,12,org.apache.jackrabbit.core.version.InternalVersionItemImpl,0.12,46,1,51,0,46,18,1,43,1096,0
"org.apache.jackrabbit.core.version.InternalVersionItem",2,0.00,1.00,3,0.01,31.00,2,0,1,2,11,113.52,16,4,10,1,161.63,0.00,0.00,0.00,0,2.00,1,26.00,0,2,1,,0.00,0,0,2,0,0,0,0,3,13,1
"org.apache.jackrabbit.core.version.InternalVersionItemImpl",4,0.50,1.00,10,0.06,749.51,6,2,1,4,8,99.58,29,13,4,1,141.87,0.00,0.00,0.12,0,6.00,1,193.33,0,2,4,java.lang.Object,0.00,0,0,4,5,0,2,1,7,58,1
"org.apache.jackrabbit.core.version.LabelVersionSelector",6,0.60,1.17,21,0.17,2984.06,7,1,4,10,2,83.83,51,32,1,1,131.93,0.00,0.00,0.50,1,6.00,2,510.00,0,4,1,java.lang.Object,0.00,4,0,7,0,4,2,1,8,132,1
"org.apache.jackrabbit.core.version.NodeStateEx",28,0.08,2.32,234,3.14,109334.73,32,4,23,99,26,66.54,216,302,10,1,108.84,0.00,0.00,0.33,8,0.00,6,9431.82,0,13,16,java.lang.Object,0.00,71,0,65,0,71,15,0,53,1842,0
"org.apache.jackrabbit.core.version.VersionHistoryImpl",18,0.88,2.39,105,1.57,46610.19,19,1,24,53,19,118.08,81,174,5,3,117.85,0.00,0.67,0.17,2,0.00,4,4710.78,0,9,15,org.apache.jackrabbit.core.NodeImpl,0.00,35,2,43,0,35,9,1,22,960,1
"org.apache.jackrabbit.core.version.VersionImpl",12,0.82,1.42,53,0.62,16412.52,13,1,17,32,12,105.89,71,70,6,3,123.77,0.00,0.67,0.25,1,48.00,3,1849.83,1,5,8,org.apache.jackrabbit.core.NodeImpl,0.00,20,2,17,0,20,7,1,18,417,1
"org.apache.jackrabbit.core.version.VersionItemStateProvider",16,0.05,1.06,42,0.42,6886.30,20,4,15,31,14,139.25,68,67,1,1,139.02,0.00,0.00,0.20,0,86.00,2,1263.74,0,5,14,java.lang.Object,0.00,15,0,17,0,15,11,2,25,323,0
"org.apache.jackrabbit.core.version.VersionIteratorImpl",9,0.00,1.56,41,0.35,7996.45,13,4,9,22,4,93.00,54,54,1,1,125.22,0.00,0.00,0.25,2,19.00,3,1058.20,0,2,3,java.lang.Object,0.00,13,0,14,0,13,7,1,15,247,0
"org.apache.jackrabbit.core.version.VersionManager",11,0.00,1.00,12,0.10,420.25,11,0,9,11,14,110.44,95,19,7,1,158.54,0.00,0.00,0.00,0,11.00,1,287.99,0,7,7,,0.00,0,0,11,0,0,4,0,12,95,1
"org.apache.jackrabbit.core.version.VersionManagerImpl",23,0.01,1.91,175,2.39,87644.35,32,9,42,106,42,78.91,150,257,4,2,111.13,0.00,0.50,0.11,3,282.00,9,7178.51,4,9,39,org.apache.jackrabbit.core.version.AbstractVersionManager,0.00,83,1,44,0,83,14,2,42,1366,1
"org.apache.jackrabbit.core.version.VersionManagerImpl$DynamicESCFactory",4,0.33,1.25,16,0.14,2648.81,6,2,42,7,4,78.17,33,26,0,1,126.28,0.00,0.00,0.25,1,8.00,2,415.98,0,3,4,java.lang.Object,0.00,3,0,5,0,3,1,1,6,104,3
"org.apache.jackrabbit.core.version.VersionManagerImpl$SourcedTarget",1,0.00,1.00,3,0.02,136.54,1,0,42,2,0,136.39,0,4,0,1,136.39,0.00,0.00,0.00,0,1.00,1,49.51,0,1,0,java.lang.Object,0.00,1,0,1,0,1,0,0,0,16,0
"org.apache.jackrabbit.core.version.VersionManagerImpl$SourcedTarget_0",1,0.00,1.00,4,0.06,729.74,1,0,42,6,3,126.00,0,6,0,1,126.00,0.00,0.00,0.00,0,1.00,1,166.32,0,1,3,java.lang.Object,0.00,5,0,1,0,5,0,0,0,39,0
"org.apache.jackrabbit.core.version.VersionManagerImpl$SourcedTarget_1",1,0.00,1.00,5,0.04,512.39,1,0,42,3,1,123.59,0,7,0,1,123.59,0.00,0.00,0.00,0,1.00,1,112.25,0,1,1,java.lang.Object,0.00,2,0,1,0,2,0,0,0,29,0
"org.apache.jackrabbit.core.version.VersionManagerImpl$SourcedTarget_2",1,0.00,1.00,4,0.04,576.73,1,0,42,3,2,126.80,0,6,0,1,126.80,0.00,0.00,0.00,0,1.00,1,129.01,0,1,2,java.lang.Object,0.00,2,0,1,0,2,0,0,0,32,0
"org.apache.jackrabbit.core.version.VersionManagerImpl$SourcedTarget_3",1,0.00,1.00,2,0.01,83.22,1,0,42,1,0,144.65,0,3,0,1,144.65,0.00,0.00,0.00,0,1.00,1,35.61,0,1,0,java.lang.Object,0.00,0,0,1,0,0,0,0,0,13,2
"org.apache.jackrabbit.core.version.VersionManagerImpl$VersionItemStateManager",2,0.00,2.50,13,0.15,3178.21,2,0,42,7,8,156.44,4,21,0,2,116.55,0.00,0.50,0.00,0,2.00,4,448.33,0,0,8,org.apache.jackrabbit.core.state.SharedItemStateManager,0.00,5,1,5,0,5,2,0,4,97,0
"org.apache.jackrabbit.core.version.VersionSelector",1,0.00,1.00,2,0.01,51.00,1,0,4,1,4,140.55,37,3,4,1,146.32,0.00,0.00,0.00,0,1.00,1,34.00,0,1,1,,0.00,0,0,1,0,0,0,0,2,13,1
"org.apache.jackrabbit.core.version.XAVersionManager",36,0.03,1.69,178,2.10,51495.76,43,7,32,93,35,123.81,173,263,2,2,123.57,0.00,0.50,0.12,5,282.00,4,6300.34,6,13,33,org.apache.jackrabbit.core.version.AbstractVersionManager,0.07,57,1,61,0,57,23,3,51,1373,1
"org.apache.jackrabbit.webdav.property.AbstractDavProperty",6,0.27,3.00,53,0.66,41318.72,9,3,9,18,25,58.36,62,64,21,1,106.84,0.00,0.00,0.11,1,14.00,10,1980.42,0,2,4,java.lang.Object,0.00,12,0,18,21,12,4,1,8,399,2
"org.apache.jackrabbit.webdav.property.DavProperty",3,0.00,1.00,4,0.02,91.55,3,0,2,3,33,139.17,42,5,30,3,159.31,0.00,0.67,0.00,0,3.00,1,54.48,0,2,3,,0.00,0,2,3,0,0,1,0,4,22,1
"org.apache.jackrabbit.webdav.property.DavPropertyIterator",1,0.00,1.00,2,0.01,70.32,1,0,2,1,6,96.75,10,3,5,2,145.23,0.00,0.50,0.00,0,1.00,1,35.16,0,1,1,,0.00,0,1,1,0,0,0,0,2,13,1
"org.apache.jackrabbit.webdav.property.DavPropertyName",10,0.01,1.70,58,0.79,28053.69,25,15,7,26,53,69.55,80,76,49,1,117.65,0.00,0.00,0.07,1,14.00,4,2379.52,0,7,4,java.lang.Object,0.00,16,0,17,0,16,3,2,20,496,1
"org.apache.jackrabbit.webdav.property.DavPropertyNameIterator",1,0.00,1.00,2,0.01,48.43,1,0,1,1,7,167.12,3,3,6,2,146.50,0.00,0.50,0.00,0,1.00,1,27.12,0,1,1,,0.00,0,1,1,0,0,0,0,1,11,1
"org.apache.jackrabbit.webdav.property.DavPropertyNameSet",12,0.18,1.25,34,0.31,5319.96,14,2,8,30,28,121.00,67,50,23,2,138.88,0.00,0.50,0.33,2,18.00,3,935.16,0,1,5,org.apache.jackrabbit.webdav.property.PropContainer,0.33,18,1,15,0,18,11,0,16,236,1
"org.apache.jackrabbit.webdav.property.DavPropertyNameSet$PropertyNameIterator",5,0.25,1.00,12,0.07,762.99,6,1,8,8,2,142.58,0,18,0,1,142.58,0.00,0.00,0.80,0,0.00,1,222.77,0,2,2,java.lang.Object,0.00,3,0,5,0,3,3,1,0,69,1
"org.apache.jackrabbit.webdav.property.DavPropertySet",16,0.20,1.06,41,0.40,6029.47,18,2,9,35,16,97.18,114,59,11,2,139.47,0.00,0.50,0.31,3,12.00,2,1187.48,0,1,5,org.apache.jackrabbit.webdav.property.PropContainer,0.36,19,1,17,0,19,15,0,21,312,1
"org.apache.jackrabbit.webdav.property.DavPropertySet$PropIter",7,0.06,1.43,28,0.21,3713.41,10,3,9,14,3,147.62,25,39,0,1,127.00,0.00,0.00,0.29,2,11.00,3,618.73,0,1,3,java.lang.Object,0.00,7,0,10,0,7,6,1,10,159,1
"org.apache.jackrabbit.webdav.property.DefaultDavProperty",6,0.50,1.67,33,0.34,10346.87,8,2,7,16,16,70.84,65,44,12,2,119.32,0.00,0.50,0.08,0,10.00,5,1022.88,0,2,4,org.apache.jackrabbit.webdav.property.AbstractDavProperty,0.00,10,1,10,0,10,4,0,9,223,1
"org.apache.jackrabbit.webdav.property.HrefProperty",6,0.20,2.83,53,0.72,33377.66,8,2,9,27,17,59.10,63,66,13,2,107.58,1.00,0.33,0.33,1,6.00,8,2171.06,1,3,4,org.apache.jackrabbit.webdav.property.AbstractDavProperty,0.00,21,1,17,1,21,3,0,9,419,1
"org.apache.jackrabbit.webdav.property.PropContainer",6,1.00,1.33,17,0.18,3762.07,7,1,9,13,7,95.39,47,21,3,1,137.68,0.00,0.00,0.17,1,10.00,3,549.46,0,2,4,java.lang.Object,0.00,7,0,8,2,7,4,2,7,128,2
"org.apache.jackrabbit.webdav.property.ResourceType",6,0.00,2.33,52,0.61,20780.06,13,7,10,17,11,65.12,71,62,5,2,109.25,0.00,0.50,0.14,0,6.00,4,1818.03,0,1,6,org.apache.jackrabbit.webdav.property.AbstractDavProperty,0.00,11,1,14,0,11,5,0,17,389,1
"org.apache.jackrabbit.webdav.property.ResourceType$TypeName",4,0.11,1.25,16,0.14,2075.55,7,3,10,7,3,127.11,0,22,0,1,127.11,0.00,0.00,0.42,0,0.00,2,410.07,0,1,3,java.lang.Object,0.00,3,0,5,0,3,3,1,0,107,2
"org.apache.jackrabbit.api.JackrabbitNodeTypeManager",3,2.00,1.00,6,0.06,429.53,5,2,7,3,8,122.65,42,9,8,2,142.79,0.00,0.50,0.00,0,3.00,1,170.55,0,2,0,,0.00,0,1,3,0,0,1,0,6,49,1
"org.apache.jackrabbit.api.JackrabbitRepository",1,0.00,1.00,2,0.01,44.19,1,0,1,1,2,126.67,14,3,2,2,146.81,0.00,0.50,0.00,0,1.00,1,26.09,0,0,0,,0.00,0,1,1,0,0,1,0,2,11,1
"org.apache.jackrabbit.api.JackrabbitWorkspace",2,0.00,1.00,3,0.03,136.06,2,0,4,2,6,127.19,26,6,6,2,156.57,0.00,0.50,0.00,0,2.00,1,84.68,0,0,0,,0.00,0,1,2,0,0,2,0,3,27,1
"org.apache.jackrabbit.core.query.lucene.AbstractIndex",16,0.08,2.62,124,1.23,37313.77,29,13,12,47,8,64.63,129,171,2,1,112.73,0.00,0.00,0.15,5,2.00,9,3689.39,0,3,6,java.lang.Object,0.00,31,0,42,2,31,13,0,41,785,1
"org.apache.jackrabbit.core.query.lucene.AbstractIndex$LoggingPrintStream",3,0.50,1.00,10,0.08,928.25,4,1,12,8,0,133.59,2,17,0,2,133.59,0.00,0.50,0.67,0,1.00,1,239.79,0,0,0,java.io.PrintStream,0.00,5,1,3,0,5,3,0,2,65,3
"org.apache.jackrabbit.core.query.lucene.AbstractIndex$LoggingPrintStream$OutputStream",1,0.00,1.00,2,0.01,41.48,1,0,12,1,0,147.03,0,0,0,1,147.03,0.00,0.00,0.00,0,1.00,1,27.65,0,0,0,java.lang.Object,0.00,0,0,1,0,0,1,0,0,11,0
"org.apache.jackrabbit.core.query.lucene.CachingIndexReader",5,0.05,3.80,62,0.77,39035.76,10,5,10,26,9,108.92,85,87,6,2,99.78,0.00,0.50,0.24,1,16.00,10,2324.41,1,1,4,org.apache.lucene.index.FilterIndexReader,0.00,21,1,19,0,21,4,0,31,433,0
"org.apache.jackrabbit.core.query.lucene.CachingIndexReader$TermDocs",8,0.00,1.00,14,0.07,606.01,8,0,10,8,0,156.20,0,22,0,1,156.20,0.00,0.00,0.00,0,8.00,1,221.62,0,0,0,java.lang.Object,0.00,0,0,8,0,0,8,0,0,73,0
"org.apache.jackrabbit.core.query.lucene.CachingMultiReader",7,0.17,2.57,66,0.83,48378.39,12,5,6,26,9,60.82,79,82,3,2,104.95,0.00,0.50,0.34,2,9.00,6,2501.30,2,1,6,org.apache.lucene.index.MultiReader,0.00,19,1,18,0,19,6,1,26,495,2
"org.apache.jackrabbit.core.query.lucene.CachingMultiReader$OffsetReader",1,2.00,1.00,6,0.04,488.07,3,2,6,1,1,83.24,12,8,0,1,120.80,0.00,0.00,0.00,0,1.00,1,128.00,0,0,1,java.lang.Object,0.00,0,0,1,0,0,1,0,3,37,3
"org.apache.jackrabbit.core.query.lucene.CaseTermQuery",2,1.00,1.00,10,0.09,1352.89,3,1,11,3,3,104.77,11,13,2,2,122.64,2.00,0.25,0.00,0,2.00,1,265.13,0,1,1,org.apache.lucene.search.MultiTermQuery,0.00,1,1,2,2,1,1,1,3,67,1
"org.apache.jackrabbit.core.query.lucene.CaseTermQuery$CaseTermEnum",4,0.11,2.75,60,0.97,88248.51,7,3,11,39,3,113.31,15,72,0,2,92.69,0.00,0.50,0.25,0,6.00,8,2913.84,0,0,3,org.apache.lucene.search.FilteredTermEnum,0.00,35,1,11,0,35,4,0,15,482,2
"org.apache.jackrabbit.core.query.lucene.CaseTermQuery$CaseTermEnum$TermEnum",5,0.25,1.40,14,0.11,1552.38,6,1,11,9,0,140.07,1,21,0,1,140.07,0.00,0.00,0.80,1,0.00,2,324.73,0,1,0,java.lang.Object,0.00,4,0,7,0,4,4,0,1,88,0
"org.apache.jackrabbit.core.query.lucene.CaseTermQuery$Lower",1,0.00,1.00,3,0.02,110.15,1,0,11,1,1,137.12,0,5,0,3,137.12,0.00,0.67,0.00,0,0.00,1,52.46,0,0,1,org.apache.jackrabbit.core.query.lucene.CaseTermQuery,0.00,0,2,1,0,0,1,0,0,18,2
"org.apache.jackrabbit.core.query.lucene.CaseTermQuery$Upper",1,0.00,1.00,3,0.02,110.15,1,0,11,1,1,137.12,0,5,0,3,137.12,0.00,0.67,0.00,0,0.00,1,52.46,0,0,1,org.apache.jackrabbit.core.query.lucene.CaseTermQuery,0.00,0,2,1,0,0,1,0,0,18,2
"org.apache.jackrabbit.core.query.lucene.ChildAxisQuery",4,6.00,1.00,20,0.17,2062.54,10,6,23,5,8,123.10,65,24,2,2,123.57,0.00,0.50,0.00,0,4.00,1,512.64,0,2,6,org.apache.lucene.search.Query,0.00,1,1,4,0,1,2,0,15,127,0
"org.apache.jackrabbit.core.query.lucene.ChildAxisQuery$ChildAxisScorer",7,0.04,3.57,85,1.32,127171.18,11,4,23,38,6,54.62,53,113,0,2,96.91,0.00,0.50,0.29,1,7.00,19,3953.92,0,1,6,org.apache.lucene.search.Scorer,0.00,31,1,25,0,31,6,0,27,656,1
"org.apache.jackrabbit.core.query.lucene.ChildAxisQuery$ChildAxisScorer$HitCollector",1,0.00,1.00,3,0.02,168.11,1,0,23,1,0,135.68,0,4,0,1,135.68,0.00,0.00,0.00,0,0.00,1,63.51,0,0,0,java.lang.Object,0.00,0,0,1,0,0,1,0,0,19,0
"org.apache.jackrabbit.core.query.lucene.ChildAxisQuery$ChildAxisScorer$HitCollector_0",1,0.00,1.00,3,0.02,168.11,1,0,23,2,0,135.68,0,4,0,1,135.68,0.00,0.00,0.00,0,1.00,1,63.51,0,0,0,java.lang.Object,0.00,1,0,1,0,1,1,0,0,19,0
"org.apache.jackrabbit.core.query.lucene.ChildAxisQuery$ChildAxisWeight",7,1.00,1.14,18,0.18,3155.98,8,1,23,14,2,139.08,33,27,0,1,138.84,0.00,0.00,0.14,0,12.00,2,532.50,0,3,2,java.lang.Object,0.00,7,0,8,0,7,4,1,8,133,1
"org.apache.jackrabbit.core.query.lucene.CommittableIndexReader",2,0.00,1.00,5,0.02,122.27,2,0,3,3,1,103.41,14,8,1,2,145.70,0.00,0.50,0.00,0,2.00,1,66.20,0,0,0,org.apache.lucene.index.FilterIndexReader,0.00,1,1,2,0,1,2,0,3,24,0
"org.apache.jackrabbit.core.query.lucene.ConsistencyCheck",6,0.12,5.00,119,1.74,140664.56,11,5,16,51,10,59.14,80,141,2,1,88.52,0.00,0.00,0.30,0,6.00,13,5234.09,0,3,8,java.lang.Object,0.00,45,0,30,0,45,3,0,23,890,0
"org.apache.jackrabbit.core.query.lucene.ConsistencyCheck$MissingAncestor",3,1.00,2.00,19,0.27,9320.94,4,1,16,9,5,154.20,8,27,0,2,114.31,0.00,0.50,0.33,0,4.00,4,802.27,0,0,5,org.apache.jackrabbit.core.query.lucene.ConsistencyCheckError,0.57,6,1,6,0,6,3,0,2,161,1
"org.apache.jackrabbit.core.query.lucene.ConsistencyCheck$MultipleEntries",3,0.00,1.67,15,0.19,4729.35,3,0,16,8,5,140.24,11,22,0,2,119.63,0.00,0.50,0.00,0,4.00,3,576.96,0,0,5,org.apache.jackrabbit.core.query.lucene.ConsistencyCheckError,0.57,5,1,5,0,5,3,0,4,121,1
"org.apache.jackrabbit.core.query.lucene.ConsistencyCheck$NodeDeleted",3,0.00,1.00,8,0.06,546.87,3,0,16,3,2,181.85,8,12,0,2,141.97,0.00,0.50,0.00,0,4.00,1,172.60,0,0,2,org.apache.jackrabbit.core.query.lucene.ConsistencyCheckError,0.57,0,1,3,0,0,3,0,2,50,1
"org.apache.jackrabbit.core.query.lucene.ConsistencyCheck$UnknownParent",3,0.00,1.00,7,0.06,591.07,3,0,16,3,2,181.59,7,11,0,2,141.70,0.00,0.50,0.00,0,4.00,1,174.04,0,0,2,org.apache.jackrabbit.core.query.lucene.ConsistencyCheckError,0.57,0,1,3,0,0,3,0,2,50,1
"org.apache.jackrabbit.core.query.lucene.ConsistencyCheckError",4,0.50,1.00,10,0.06,584.03,6,2,2,4,7,124.85,21,13,6,1,142.73,0.00,0.00,0.12,0,6.00,1,176.34,0,1,1,java.lang.Object,0.00,0,0,4,4,0,3,0,6,55,1
"org.apache.jackrabbit.core.query.lucene.DateField",5,0.12,1.80,34,0.43,14282.50,9,4,1,15,2,72.33,36,44,2,1,114.62,0.00,0.00,0.15,2,7.00,5,1285.31,0,3,0,java.lang.Object,0.00,10,0,9,0,10,2,0,11,274,0
"org.apache.jackrabbit.core.query.lucene.DerefQuery",3,5.00,1.00,16,0.12,1652.59,8,5,16,4,2,122.87,49,20,2,2,123.34,0.00,0.50,0.00,0,3.00,1,367.74,0,2,0,org.apache.lucene.search.Query,0.00,1,1,3,0,1,1,0,13,95,0
"org.apache.jackrabbit.core.query.lucene.DerefQuery$DerefScorer",7,0.04,2.29,55,0.65,31856.87,11,4,16,30,1,78.26,43,65,0,2,110.48,0.00,0.50,0.29,1,7.00,10,1936.99,0,1,1,org.apache.lucene.search.Scorer,0.00,23,1,16,0,23,6,0,17,365,1
"org.apache.jackrabbit.core.query.lucene.DerefQuery$DerefScorer$HitCollector",1,0.00,1.00,3,0.02,168.11,1,0,16,1,0,135.68,0,4,0,1,135.68,0.00,0.00,0.00,0,0.00,1,63.51,0,0,0,java.lang.Object,0.00,0,0,1,0,0,1,0,0,19,0
"org.apache.jackrabbit.core.query.lucene.DerefQuery$DerefScorer$HitCollector_0",1,0.00,1.00,3,0.02,168.11,1,0,16,2,0,135.68,0,4,0,1,135.68,0.00,0.00,0.00,0,1.00,1,63.51,0,0,0,java.lang.Object,0.00,1,0,1,0,1,1,0,0,19,0
"org.apache.jackrabbit.core.query.lucene.DerefQuery$DerefWeight",7,1.00,1.14,18,0.18,3155.98,8,1,16,14,2,139.08,33,27,0,1,138.84,0.00,0.00,0.14,0,12.00,2,532.50,0,3,2,java.lang.Object,0.00,7,0,8,0,7,4,1,8,133,1
"org.apache.jackrabbit.core.query.lucene.DescendantSelfAxisQuery",4,6.00,1.00,19,0.17,2948.70,10,6,12,6,2,115.60,63,24,2,2,125.96,0.00,0.50,0.00,0,4.00,1,500.50,0,2,0,org.apache.lucene.search.Query,0.00,2,1,4,0,2,2,0,15,122,0
"org.apache.jackrabbit.core.query.lucene.DescendantSelfAxisQuery$DescendantSelfAxisScorer",7,0.08,2.14,46,0.47,14847.39,13,6,12,21,1,73.31,55,64,0,2,115.60,0.00,0.50,0.24,2,4.00,6,1407.48,0,1,1,org.apache.lucene.search.Scorer,0.00,14,1,15,0,14,6,0,22,308,1
"org.apache.jackrabbit.core.query.lucene.DescendantSelfAxisQuery$DescendantSelfAxisScorer$HitCollector",1,0.00,1.00,3,0.02,168.11,1,0,12,1,0,135.68,0,4,0,1,135.68,0.00,0.00,0.00,0,0.00,1,63.51,0,0,0,java.lang.Object,0.00,0,0,1,0,0,1,0,0,19,0
"org.apache.jackrabbit.core.query.lucene.DescendantSelfAxisQuery$DescendantSelfAxisScorer$HitCollector_0",1,0.00,2.00,5,0.06,860.57,1,0,12,3,0,121.66,0,7,0,1,121.66,0.00,0.00,0.00,0,0.00,2,173.00,0,0,0,java.lang.Object,0.00,2,0,2,0,2,1,0,0,41,0
"org.apache.jackrabbit.core.query.lucene.DescendantSelfAxisQuery$DescendantSelfAxisWeight",7,1.00,1.00,18,0.16,2655.34,8,1,12,11,2,139.70,33,26,0,1,139.46,0.00,0.00,0.14,0,12.00,1,484.57,0,3,2,java.lang.Object,0.00,4,0,7,0,4,4,1,8,126,1
"org.apache.jackrabbit.core.query.lucene.DocId",5,0.00,1.00,12,0.09,1772.07,5,0,7,8,9,91.22,52,15,9,1,139.69,0.00,0.00,0.00,0,5.00,1,278.89,0,3,0,java.lang.Object,0.00,3,0,5,2,3,2,0,10,80,1
"org.apache.jackrabbit.core.query.lucene.DocId$DocId",3,0.00,1.00,7,0.04,292.26,3,0,7,3,1,126.24,15,10,0,1,144.11,0.00,0.00,0.00,0,3.00,1,112.49,0,1,1,java.lang.Object,0.00,0,0,3,0,0,2,0,3,35,0
"org.apache.jackrabbit.core.query.lucene.DocId$PlainDocId",5,0.25,1.00,12,0.08,833.20,6,1,7,7,1,142.51,22,18,0,2,142.27,0.00,0.50,0.80,0,0.00,1,253.72,0,2,1,org.apache.jackrabbit.core.query.lucene.DocId,0.20,2,1,5,0,2,3,0,6,74,3
"org.apache.jackrabbit.core.query.lucene.DocId$UUIDDocId",5,0.17,1.40,27,0.25,8985.50,8,3,7,12,2,76.93,36,39,0,2,119.22,0.00,0.50,0.20,0,7.00,3,757.25,0,2,2,org.apache.jackrabbit.core.query.lucene.DocId,0.20,7,1,7,0,7,3,0,8,166,3
"org.apache.jackrabbit.core.query.lucene.DocNumberCache",4,0.33,4.00,67,0.90,51655.45,12,8,3,22,5,73.25,57,82,5,1,93.39,0.00,0.00,0.38,0,0.00,6,2691.75,0,0,1,java.lang.Object,0.00,18,0,16,0,18,4,0,18,493,1
"org.apache.jackrabbit.core.query.lucene.DocNumberCache$Entry",1,2.00,1.00,6,0.04,467.31,3,2,3,1,1,88.73,6,8,0,1,120.95,0.00,0.00,0.00,0,1.00,1,121.08,0,0,1,java.lang.Object,0.00,0,0,1,0,0,1,0,2,35,3
"org.apache.jackrabbit.core.query.lucene.DocOrderNodeIteratorImpl",11,0.00,1.64,58,0.61,28504.74,15,4,12,32,8,100.06,60,75,2,1,117.93,0.00,0.00,0.25,2,0.00,7,1815.93,0,3,6,java.lang.Object,0.00,21,0,18,0,21,8,1,21,377,0
"org.apache.jackrabbit.core.query.lucene.DocOrderNodeIteratorImpl$Comparator",1,0.00,11.00,49,0.78,89284.90,1,0,12,12,2,48.27,14,59,0,1,68.41,0.00,0.00,0.00,0,0.00,11,2350.04,0,0,2,java.lang.Object,0.00,11,0,11,0,11,1,0,14,380,0
"org.apache.jackrabbit.core.query.lucene.DocOrderNodeIteratorImpl$SortFailedException",0,0.00,0.00,1,0.01,72.00,0,0,12,0,0,171.00,0,2,0,2,171.00,0.00,0.50,0.00,0,0.00,0,24.00,0,0,0,java.lang.RuntimeException,0.00,0,1,0,0,0,0,0,0,8,3
"org.apache.jackrabbit.core.query.lucene.DoubleField",3,0.25,2.67,30,0.44,23224.30,5,2,0,14,2,103.08,13,39,2,1,102.85,0.00,0.00,0.33,0,4.00,4,1306.56,0,1,0,java.lang.Object,0.00,11,0,8,0,11,2,0,9,257,1
"org.apache.jackrabbit.core.query.lucene.FSDirectory",13,0.03,1.15,45,0.52,12060.85,18,5,9,33,2,97.58,79,76,2,2,129.80,0.00,0.50,0.23,0,0.00,2,1556.88,0,5,0,org.apache.lucene.store.Directory,0.00,20,1,15,0,20,8,0,20,363,0
"org.apache.jackrabbit.core.query.lucene.FSDirectory$Lock",4,0.00,1.75,15,0.08,858.09,4,0,9,7,0,134.71,0,22,0,1,134.71,0.00,0.00,0.00,0,0.00,2,243.32,0,1,0,java.lang.Object,0.00,3,0,7,0,3,3,0,0,68,0
"org.apache.jackrabbit.core.query.lucene.FieldNames",3,7.00,1.00,13,0.18,3660.85,10,7,0,5,32,133.37,52,17,32,1,124.24,0.00,0.00,0.00,0,3.00,1,534.90,0,1,0,java.lang.Object,0.00,2,0,3,0,2,2,0,11,123,1
"org.apache.jackrabbit.core.query.lucene.FileBasedNamespaceMappings",6,0.28,2.33,60,0.78,29735.28,11,5,21,33,9,66.84,77,84,1,2,104.40,0.00,0.50,0.43,2,0.00,4,2340.87,0,3,8,org.apache.jackrabbit.name.AbstractNamespaceResolver,0.00,27,1,14,0,27,3,1,20,461,1
"org.apache.jackrabbit.core.query.lucene.HierarchyResolver",1,0.00,1.00,2,0.01,57.11,1,0,1,1,6,116.56,13,3,6,1,145.94,0.00,0.00,0.00,0,1.00,1,32.46,0,0,0,,0.00,0,0,1,0,0,1,0,2,13,1
"org.apache.jackrabbit.core.query.lucene.IndexInfos",12,0.22,1.50,69,0.70,22230.47,17,5,12,40,1,86.88,81,86,1,1,119.10,0.00,0.00,0.40,1,0.00,5,2111.09,0,3,0,java.lang.Object,0.00,28,0,18,0,28,9,0,20,448,0
"org.apache.jackrabbit.core.query.lucene.IndexListener",1,0.00,1.00,2,0.01,30.51,1,0,1,1,3,99.60,10,3,3,1,148.08,0.00,0.00,0.00,0,1.00,1,25.51,0,0,0,,0.00,0,0,1,0,0,1,0,2,11,1
"org.apache.jackrabbit.core.query.lucene.IndexMerger",8,0.14,3.88,141,1.94,129511.66,19,11,14,57,4,71.50,112,166,1,2,91.64,0.00,0.50,0.22,0,8.00,12,5834.73,0,0,4,java.lang.Thread,0.00,49,1,31,0,49,8,1,55,982,0
"org.apache.jackrabbit.core.query.lucene.IndexMerger$Index",3,0.25,2.00,15,0.15,5434.41,5,2,14,4,0,71.01,24,20,0,1,119.11,0.00,0.00,0.67,0,1.00,4,449.18,0,1,0,java.lang.Object,0.00,1,0,6,0,1,2,1,5,108,3
"org.apache.jackrabbit.core.query.lucene.IndexMerger$IndexBucket",3,0.00,1.00,12,0.09,1247.41,6,3,14,3,0,77.92,28,16,0,2,127.92,0.00,0.50,0.33,0,5.00,1,270.94,0,0,0,java.util.ArrayList,0.00,0,1,3,0,0,3,0,6,75,3
"org.apache.jackrabbit.core.query.lucene.IndexMerger$Merge",1,1.00,1.00,5,0.05,1051.93,2,1,14,2,0,88.91,6,7,0,1,121.13,0.00,0.00,0.00,0,1.00,1,164.30,0,0,0,java.lang.Object,0.00,1,0,1,0,1,1,0,1,44,3
"org.apache.jackrabbit.core.query.lucene.LazyQueryResultImpl",7,0.14,2.86,77,1.03,45086.31,21,14,21,31,17,91.56,107,105,1,1,101.92,0.00,0.00,0.19,2,21.00,10,3093.42,0,4,17,java.lang.Object,0.00,24,0,20,0,24,3,1,30,568,1
"org.apache.jackrabbit.core.query.lucene.LazyQueryResultImpl$LazyScoreNodeIterator",11,0.10,2.27,72,0.69,27531.85,14,3,21,19,3,115.26,46,102,0,1,115.02,0.00,0.00,0.24,3,39.00,7,2072.16,0,3,3,java.lang.Object,0.00,8,0,25,0,8,8,1,19,427,2
"org.apache.jackrabbit.core.query.lucene.LongField",3,1.00,2.67,28,0.37,21108.14,4,1,0,12,2,105.12,14,38,2,1,104.88,0.00,0.00,0.33,0,4.00,4,1112.35,0,1,0,java.lang.Object,0.00,9,0,8,0,9,2,0,13,226,1
"org.apache.jackrabbit.core.query.lucene.LuceneQueryBuilder",18,0.02,8.28,545,9.79,1388134.26,26,8,52,137,46,28.45,184,684,2,1,76.93,0.00,0.00,0.15,0,50.00,44,29378.72,0,17,44,java.lang.Object,0.00,119,0,149,0,119,1,1,118,4518,1
"org.apache.jackrabbit.core.query.lucene.LuceneQueryBuilder$DefaultQueryNodeVisitor",1,0.00,3.00,7,0.09,2263.54,1,0,52,3,2,112.81,0,9,0,1,112.81,0.00,0.00,0.00,0,1.00,3,260.17,0,1,2,java.lang.Object,0.00,2,0,3,0,2,0,0,0,59,0
"org.apache.jackrabbit.core.query.lucene.MatchAllQuery",3,1.00,1.33,10,0.08,1274.68,4,1,3,6,2,90.15,23,15,1,2,132.44,0.00,0.50,0.33,0,4.00,2,240.50,0,2,1,org.apache.lucene.search.Query,0.00,3,1,4,0,3,1,0,4,64,0
"org.apache.jackrabbit.core.query.lucene.MatchAllScorer",8,0.03,1.38,40,0.45,11899.92,13,5,10,24,2,77.58,56,62,1,2,119.87,0.00,0.50,0.22,3,24.00,3,1364.97,0,1,1,org.apache.lucene.search.Scorer,0.00,16,1,11,0,16,7,0,15,298,0
"org.apache.jackrabbit.core.query.lucene.MatchAllWeight",7,0.06,1.00,26,0.24,3647.64,13,6,8,14,2,99.59,45,35,1,1,131.81,0.00,0.00,0.21,0,24.00,1,720.43,0,3,1,java.lang.Object,0.00,7,0,7,0,7,4,1,18,182,0
"org.apache.jackrabbit.core.query.lucene.MultiIndex",28,0.09,3.29,394,5.10,203504.84,51,23,26,152,31,77.42,406,489,13,1,97.57,0.00,0.00,0.13,11,270.00,8,15314.82,0,8,21,java.lang.Object,0.00,124,0,92,0,124,20,0,126,2723,1
"org.apache.jackrabbit.core.query.lucene.MultiIndex$Action",7,0.04,2.71,65,0.95,58896.79,26,19,26,21,1,84.12,104,77,0,1,104.27,0.00,0.00,0.02,0,17.00,13,2844.63,0,2,1,java.lang.Object,0.00,14,0,19,0,14,5,0,27,518,3
"org.apache.jackrabbit.core.query.lucene.MultiIndex$AddIndex",4,0.67,1.25,20,0.21,4388.10,5,1,26,15,2,78.64,29,26,0,2,120.93,0.00,0.50,0.50,0,4.00,2,639.20,0,2,2,org.apache.jackrabbit.core.query.lucene.Action,0.00,11,1,5,0,11,2,0,6,153,2
"org.apache.jackrabbit.core.query.lucene.MultiIndex$AddNode",5,0.08,1.80,29,0.37,8287.70,8,3,26,21,5,71.33,42,43,0,2,119.44,0.00,0.50,0.27,0,7.00,4,1111.76,0,2,5,org.apache.jackrabbit.core.query.lucene.Action,0.00,16,1,9,0,16,3,0,10,248,2
"org.apache.jackrabbit.core.query.lucene.MultiIndex$Commit",4,0.00,1.00,9,0.09,930.52,4,0,26,8,1,123.26,21,14,0,2,141.13,0.00,0.50,0.00,0,4.00,1,258.76,0,2,1,org.apache.jackrabbit.core.query.lucene.Action,0.00,4,1,4,0,4,2,0,4,72,2
"org.apache.jackrabbit.core.query.lucene.MultiIndex$CreateIndex",6,0.10,1.17,26,0.25,4389.88,8,2,26,16,2,83.66,45,34,0,2,125.95,0.00,0.50,0.42,0,0.00,2,745.84,0,3,2,org.apache.jackrabbit.core.query.lucene.Action,0.00,10,1,7,0,10,3,0,10,184,2
"org.apache.jackrabbit.core.query.lucene.MultiIndex$DeleteIndex",4,0.67,1.50,25,0.23,4873.40,5,1,26,15,2,75.29,28,29,0,2,117.58,0.00,0.50,0.50,0,4.00,3,700.25,0,2,2,org.apache.jackrabbit.core.query.lucene.Action,0.00,11,1,6,0,11,2,0,6,164,2
"org.apache.jackrabbit.core.query.lucene.MultiIndex$DeleteNode",4,0.17,2.25,31,0.41,12916.84,6,2,26,22,5,63.55,34,41,0,2,111.66,0.00,0.50,0.38,0,4.00,5,1242.91,0,2,5,org.apache.jackrabbit.core.query.lucene.Action,0.00,18,1,9,0,18,2,0,10,260,2
"org.apache.jackrabbit.core.query.lucene.MultiIndex$Start",4,0.00,1.00,9,0.08,897.29,4,0,26,7,1,123.39,21,14,0,2,141.26,0.00,0.50,0.00,0,4.00,1,249.35,0,2,1,org.apache.jackrabbit.core.query.lucene.Action,0.00,3,1,4,0,3,2,0,4,70,2
"org.apache.jackrabbit.core.query.lucene.MultiIndex$Timer.Task",1,0.00,1.00,3,0.01,75.94,1,0,26,2,0,138.39,0,4,0,1,138.39,0.00,0.00,0.00,0,1.00,1,37.97,0,0,0,java.lang.Object,0.00,1,0,1,0,1,1,0,0,14,0
"org.apache.jackrabbit.core.query.lucene.MultiIndex$VolatileCommit",4,0.67,1.00,20,0.19,3584.11,5,1,26,14,3,89.46,24,25,0,2,121.68,0.00,0.50,0.50,0,4.00,1,581.57,0,2,3,org.apache.jackrabbit.core.query.lucene.Action,0.00,10,1,4,0,10,2,0,5,142,2
"org.apache.jackrabbit.core.query.lucene.NSRegistryBasedNamespaceMappings",4,0.67,1.50,16,0.19,4354.21,5,1,9,12,10,92.31,25,29,1,2,124.53,0.00,0.50,0.50,0,4.00,2,560.10,0,3,9,org.apache.jackrabbit.name.AbstractNamespaceResolver,0.00,8,1,6,0,8,1,1,10,129,1
"org.apache.jackrabbit.core.query.lucene.NamespaceMappings",1,0.00,1.00,2,0.02,125.91,1,0,3,1,9,113.85,13,5,6,2,143.23,0.00,0.50,0.00,0,1.00,1,57.02,0,1,3,,0.00,0,1,1,0,0,0,0,2,18,1
"org.apache.jackrabbit.core.query.lucene.NodeIndexer",16,0.05,2.88,149,3.04,135038.80,21,5,27,66,20,60.12,182,248,2,1,104.24,0.00,0.00,0.15,4,46.00,11,9114.55,0,2,18,java.lang.Object,0.00,50,0,46,0,50,14,0,43,1626,1
"org.apache.jackrabbit.core.query.lucene.NodeIteratorImpl",11,0.08,1.64,51,0.49,13161.47,17,6,7,20,6,81.90,80,73,2,1,124.19,0.00,0.00,0.24,3,22.00,4,1461.15,0,3,4,java.lang.Object,0.00,9,0,18,0,9,8,1,21,329,0
"org.apache.jackrabbit.core.query.lucene.NotQuery",3,2.00,1.00,11,0.07,870.32,5,2,8,4,2,83.81,29,15,2,2,133.81,0.00,0.50,0.00,0,3.00,1,220.93,0,2,0,org.apache.lucene.search.Query,0.00,1,1,3,0,1,1,0,8,62,0
"org.apache.jackrabbit.core.query.lucene.NotQuery$NotQueryScorer",6,0.00,2.00,35,0.32,15909.81,9,3,8,10,0,99.94,31,48,0,2,117.81,0.00,0.50,0.33,1,6.00,5,969.11,0,1,0,org.apache.lucene.search.Scorer,0.00,4,1,12,0,4,5,0,12,221,1
"org.apache.jackrabbit.core.query.lucene.NotQuery$NotQueryWeight",7,1.00,1.00,16,0.12,1428.89,8,1,8,10,1,162.20,25,24,0,1,141.58,0.00,0.00,0.14,0,12.00,1,362.03,0,3,1,java.lang.Object,0.00,3,0,7,0,3,4,1,8,101,1
"org.apache.jackrabbit.core.query.lucene.OffsetCharSequence",8,0.14,2.00,53,0.53,17562.25,11,3,0,21,6,83.28,53,61,5,1,115.50,0.00,0.00,0.46,2,2.00,4,1586.48,0,2,1,java.lang.Object,0.00,13,0,16,0,13,6,3,14,356,1
"org.apache.jackrabbit.core.query.lucene.ParentAxisQuery",3,4.00,1.00,14,0.12,1956.24,7,4,14,5,2,106.24,44,18,2,2,126.38,0.00,0.50,0.00,0,3.00,1,355.69,0,2,0,org.apache.lucene.search.Query,0.00,2,1,3,0,2,1,0,12,88,0
"org.apache.jackrabbit.core.query.lucene.ParentAxisQuery$ParentAxisScorer",7,0.07,1.86,43,0.47,17254.45,12,5,14,21,2,82.90,45,56,0,2,115.12,0.00,0.50,0.26,1,0.00,6,1409.29,0,1,2,org.apache.lucene.search.Scorer,0.00,14,1,13,0,14,6,0,12,296,1
"org.apache.jackrabbit.core.query.lucene.ParentAxisQuery$ParentAxisScorer$HitCollector",1,0.00,4.00,9,0.11,2980.29,1,0,14,3,0,107.73,0,14,0,1,107.73,0.00,0.00,0.00,0,0.00,4,338.69,0,0,0,java.lang.Object,0.00,2,0,4,0,2,1,0,0,69,0
"org.apache.jackrabbit.core.query.lucene.ParentAxisQuery$ParentAxisWeight",7,1.00,1.00,17,0.14,2035.48,8,1,14,11,2,140.61,33,25,0,1,140.37,0.00,0.00,0.14,0,12.00,1,424.65,0,3,2,java.lang.Object,0.00,4,0,7,0,4,4,1,8,114,1
"org.apache.jackrabbit.core.query.lucene.PersistentIndex",10,0.06,1.70,68,0.77,23733.30,16,6,11,32,12,67.17,89,92,7,2,115.27,0.00,0.50,0.12,1,38.00,5,2308.74,5,1,5,org.apache.jackrabbit.core.query.lucene.AbstractIndex,0.00,22,1,17,0,22,9,0,23,471,0
"org.apache.jackrabbit.core.query.lucene.QueryHits",6,0.07,1.00,18,0.15,2345.36,9,3,4,11,2,84.69,50,25,2,1,132.79,0.00,0.00,0.28,0,14.00,1,453.05,0,1,0,java.lang.Object,0.00,5,0,6,0,5,5,0,10,124,1
"org.apache.jackrabbit.core.query.lucene.QueryImpl",5,0.19,3.00,70,1.10,50598.41,13,8,24,43,18,86.10,78,90,2,1,96.45,0.00,0.00,0.28,0,6.00,7,3296.40,0,2,18,java.lang.Object,0.00,38,0,15,0,38,3,1,21,594,1
"org.apache.jackrabbit.core.query.lucene.QueryImpl$DefaultQueryNodeVisitor",1,0.00,1.00,4,0.03,474.00,1,0,24,2,1,127.47,0,5,0,1,127.47,0.00,0.00,0.00,0,1.00,1,92.00,0,1,1,java.lang.Object,0.00,1,0,1,0,1,0,0,0,25,0
"org.apache.jackrabbit.core.query.lucene.QueryResultImpl",5,0.17,1.80,39,0.43,13581.68,11,6,13,15,12,62.30,45,49,1,1,112.30,0.00,0.00,0.30,1,9.00,3,1294.82,0,4,11,java.lang.Object,0.00,10,0,9,0,10,1,1,12,272,1
"org.apache.jackrabbit.core.query.lucene.RangeQuery",5,0.21,3.40,48,0.64,24739.08,11,6,21,21,3,85.89,72,63,2,2,106.03,0.00,0.50,0.33,1,2.00,7,1917.85,0,4,1,org.apache.lucene.search.Query,0.00,16,1,17,0,16,1,1,20,387,1
"org.apache.jackrabbit.core.query.lucene.RangeQuery$RangeQueryScorer",8,0.14,3.38,112,1.56,134004.47,14,6,21,46,2,44.71,74,140,0,2,94.70,0.00,0.50,0.29,2,4.00,15,4668.76,0,1,2,org.apache.lucene.search.Scorer,0.00,38,1,27,0,38,7,0,32,793,2
"org.apache.jackrabbit.core.query.lucene.RangeQuery$RangeQueryWeight",7,1.00,1.00,15,0.11,1124.81,8,1,21,10,1,142.64,33,23,0,1,142.40,0.00,0.00,0.14,0,12.00,1,321.74,0,3,1,java.lang.Object,0.00,3,0,7,0,3,4,1,8,93,1
"org.apache.jackrabbit.core.query.lucene.RangeScan",4,0.17,1.25,15,0.12,1762.46,6,2,4,7,2,172.22,9,21,2,2,132.33,0.00,0.50,0.38,0,4.00,2,351.15,0,0,0,org.apache.lucene.search.FilteredTermEnum,0.00,3,1,5,0,3,4,0,2,90,0
"org.apache.jackrabbit.core.query.lucene.ReadOnlyIndexReader",13,0.29,1.08,37,0.31,4752.49,15,2,6,24,8,97.28,99,54,5,2,139.57,0.00,0.50,0.23,1,51.00,2,943.42,2,3,3,org.apache.lucene.index.FilterIndexReader,0.00,11,1,14,0,11,10,0,23,249,0
"org.apache.jackrabbit.core.query.lucene.ReadOnlyIndexReader$FilteredTermDocs",4,0.00,1.75,22,0.20,6124.40,4,0,6,4,0,140.33,14,27,0,2,119.72,0.00,0.50,0.00,0,4.00,2,600.32,2,0,0,FilterTermDocs,0.00,0,1,7,0,0,4,0,4,142,1
"org.apache.jackrabbit.core.query.lucene.ReadOnlyIndexReader$FilteredTermPositions",2,0.00,1.00,5,0.04,432.57,2,0,6,3,0,141.62,8,9,0,2,141.38,0.00,0.50,0.00,0,2.00,1,125.14,0,0,0,org.apache.jackrabbit.core.query.lucene.FilteredTermDocs,0.00,1,1,2,0,1,2,1,2,37,2
"org.apache.jackrabbit.core.query.lucene.Recovery",3,0.12,5.67,68,0.99,110106.23,7,4,7,25,3,84.11,49,73,2,1,84.58,0.00,0.00,0.33,0,5.00,14,2955.33,0,0,2,java.lang.Object,0.00,22,0,17,0,22,3,0,17,516,0
"org.apache.jackrabbit.core.query.lucene.RedoLog",9,0.09,1.89,52,0.52,11883.14,13,4,15,33,2,70.21,81,74,2,1,120.21,0.00,0.00,0.33,2,6.00,5,1555.83,0,1,0,java.lang.Object,0.00,24,0,17,0,24,8,0,19,339,0
"org.apache.jackrabbit.core.query.lucene.RedoLog$ActionCollector",1,0.00,1.00,3,0.02,141.06,1,0,15,1,0,136.28,0,4,0,1,136.28,0.00,0.00,0.00,0,0.00,1,51.02,0,0,0,java.lang.Object,0.00,0,0,1,0,0,1,0,0,16,0
"org.apache.jackrabbit.core.query.lucene.RedoLog$ActionCollector_0",1,0.00,1.00,3,0.02,165.64,1,0,15,2,0,135.73,0,4,0,1,135.73,0.00,0.00,0.00,0,1.00,1,61.77,0,0,0,java.lang.Object,0.00,1,0,1,0,1,1,0,0,19,0
"org.apache.jackrabbit.core.query.lucene.RedoLog$ActionCollector_1",1,0.00,1.00,2,0.01,42.34,1,0,15,1,0,196.96,1,3,0,1,146.96,0.00,0.00,0.00,0,1.00,1,30.34,0,0,0,,0.00,0,0,1,0,0,1,0,1,12,0
"org.apache.jackrabbit.core.query.lucene.RowIteratorImpl",8,0.14,1.00,23,0.18,2264.49,11,3,21,16,14,90.46,73,32,3,1,140.46,0.00,0.00,0.21,1,0.00,1,534.74,0,2,11,java.lang.Object,0.00,8,0,8,0,8,6,1,14,147,0
"org.apache.jackrabbit.core.query.lucene.RowIteratorImpl$RowImpl",3,0.38,6.00,59,0.85,42722.71,7,4,21,28,9,70.04,44,74,0,1,90.18,0.00,0.00,0.50,0,1.00,9,2535.92,0,2,9,java.lang.Object,0.00,25,0,18,0,25,1,1,12,448,0
"org.apache.jackrabbit.core.query.lucene.ScoreNode",3,0.25,1.00,10,0.06,554.14,5,2,1,3,7,93.06,22,14,6,1,135.35,0.00,0.00,0.33,0,5.00,1,166.88,0,1,1,java.lang.Object,0.00,0,0,3,0,0,2,0,6,51,1
"org.apache.jackrabbit.core.query.lucene.ScoreNodeIterator",2,0.00,1.00,3,0.01,52.19,2,0,2,2,9,111.37,21,4,8,2,159.84,0.00,0.50,0.00,0,2.00,1,34.09,0,1,1,,0.00,0,1,2,0,0,1,0,3,15,1
"org.apache.jackrabbit.core.query.lucene.SearchIndex",45,0.00,1.47,211,2.39,77240.20,69,24,38,107,30,80.69,326,288,6,2,122.98,0.00,0.50,0.04,3,1421.00,10,7162.97,1,11,26,org.apache.jackrabbit.core.query.AbstractQueryHandler,0.04,62,1,66,0,62,34,0,76,1428,1
"org.apache.jackrabbit.core.query.lucene.SearchIndex$AbstractIteratorDecorator",1,0.00,1.00,3,0.02,229.13,1,0,38,2,1,134.62,0,4,0,1,134.62,0.00,0.00,0.00,0,1.00,1,70.42,1,1,1,java.lang.Object,0.00,1,0,1,0,1,0,0,0,22,0
"org.apache.jackrabbit.core.query.lucene.SearchIndex$AbstractIteratorDecorator_0",1,0.00,3.00,10,0.11,2994.26,1,0,38,3,1,106.07,0,15,0,1,106.07,0.00,0.00,0.00,0,0.00,3,330.56,1,1,1,java.lang.Object,0.00,2,0,3,0,2,0,0,0,70,0
"org.apache.jackrabbit.core.query.lucene.SearchIndex$CombinedIndexReader",3,0.75,2.67,35,0.39,26075.61,5,2,38,7,3,68.69,20,40,0,2,100.91,0.00,0.50,1.00,1,0.00,5,1165.83,0,0,3,org.apache.lucene.index.MultiReader,0.00,4,1,8,0,4,3,1,8,245,3
"org.apache.jackrabbit.core.query.lucene.SharedFieldCache",4,0.33,3.75,57,0.83,64009.30,6,2,12,34,0,57.27,49,84,0,1,94.84,0.00,0.00,0.25,2,4.00,10,2498.43,0,3,0,java.lang.Object,0.00,30,0,15,0,30,1,0,14,443,0
"org.apache.jackrabbit.core.query.lucene.SharedFieldCache$Key",3,0.50,1.33,15,0.16,3616.70,6,3,12,7,0,141.21,10,22,0,1,120.60,0.00,0.00,0.67,0,1.00,2,469.53,0,0,0,java.lang.Object,0.00,4,0,4,0,4,3,0,3,120,1
"org.apache.jackrabbit.core.query.lucene.SharedFieldSortComparator",4,0.22,1.00,14,0.16,2600.29,7,3,7,9,3,93.49,50,24,2,2,131.05,0.00,0.50,0.17,0,6.00,1,473.83,0,2,1,org.apache.lucene.search.SortComparator,0.00,5,1,4,0,5,2,0,9,113,1
"org.apache.jackrabbit.core.query.lucene.SharedFieldSortComparator$ScoreDocComparator",3,0.00,2.00,17,0.16,5443.00,3,0,7,3,0,158.99,8,22,0,1,119.11,0.00,0.00,0.00,0,3.00,3,477.28,0,1,0,java.lang.Object,0.00,0,0,6,0,0,2,0,2,109,0
"org.apache.jackrabbit.core.query.lucene.SharedIndexReader",7,0.17,1.29,22,0.19,2746.49,9,2,7,13,4,82.72,65,32,2,2,132.72,0.00,0.50,0.36,1,10.00,2,579.12,1,3,2,org.apache.lucene.index.FilterIndexReader,0.00,6,1,9,0,6,4,0,10,149,0
"org.apache.jackrabbit.core.query.lucene.SingleTermDocs",9,0.31,1.11,27,0.19,3693.09,11,2,4,10,2,132.84,39,38,2,1,132.60,0.00,0.00,0.22,0,22.00,2,567.23,0,0,0,java.lang.Object,0.00,1,0,10,0,1,9,1,12,152,0
"org.apache.jackrabbit.core.query.lucene.TextPlainTextFilter",2,0.00,2.50,19,0.23,8351.29,2,0,10,10,6,62.55,22,26,1,1,106.68,0.00,0.00,0.00,0,2.00,4,680.79,0,1,5,java.lang.Object,0.00,8,0,5,0,8,1,1,5,132,1
"org.apache.jackrabbit.core.query.lucene.TransformConstants",0,0.00,0.00,4,0.04,478.59,3,3,0,0,7,171.00,12,5,7,1,171.00,0.00,0.00,0.00,0,0.00,0,109.39,0,0,0,,0.00,0,0,0,0,0,0,0,4,28,1
"org.apache.jackrabbit.core.query.lucene.VolatileIndex",9,0.02,1.78,54,0.53,10798.62,14,5,13,24,4,69.49,75,66,2,2,117.59,0.00,0.50,0.18,2,28.00,4,1579.22,4,1,2,org.apache.jackrabbit.core.query.lucene.AbstractIndex,0.16,15,1,16,0,15,8,0,17,348,0
"org.apache.jackrabbit.core.query.lucene.WildcardQuery",5,0.08,1.20,26,0.28,5680.14,11,6,20,13,3,100.68,74,34,2,2,120.82,0.00,0.50,0.10,0,14.00,2,854.89,0,3,1,org.apache.lucene.search.Query,0.00,8,1,6,0,8,2,1,15,195,1
"org.apache.jackrabbit.core.query.lucene.WildcardQuery$Term",1,0.00,1.00,3,0.03,347.00,1,0,20,2,1,133.20,0,4,0,1,133.20,0.00,0.00,0.00,0,0.00,1,101.66,0,1,1,java.lang.Object,0.00,1,0,1,0,1,0,0,0,27,0
"org.apache.jackrabbit.core.query.lucene.WildcardQuery$WildcardQueryScorer",7,0.19,1.86,55,0.56,16418.43,13,6,20,22,1,80.57,47,76,0,2,112.79,0.00,0.50,0.33,1,0.00,5,1687.03,0,1,1,org.apache.lucene.search.Scorer,0.00,15,1,13,0,15,6,0,16,343,2
"org.apache.jackrabbit.core.query.lucene.WildcardQuery$WildcardQueryWeight",7,1.00,1.00,15,0.11,1173.44,8,1,20,10,1,142.49,33,23,0,1,142.25,0.00,0.00,0.14,0,12.00,1,326.73,0,3,1,java.lang.Object,0.00,3,0,7,0,3,4,1,8,94,1
"org.apache.jackrabbit.core.query.lucene.WildcardTermEnum",5,0.17,3.80,71,0.86,52820.28,11,6,12,28,5,58.69,62,95,2,2,96.25,0.00,0.50,0.30,0,6.00,9,2580.15,0,1,3,org.apache.lucene.search.FilteredTermEnum,0.00,23,1,19,0,23,4,1,19,486,0
"org.apache.jackrabbit.core.query.lucene.WildcardTermEnum$LowerUpperCaseTermEnum",6,0.13,2.67,66,1.14,106375.86,9,3,12,42,3,80.60,34,86,0,2,98.47,0.00,0.50,0.44,1,0.00,9,3416.52,0,1,3,org.apache.lucene.index.TermEnum,0.00,36,1,16,0,36,5,0,17,565,1
"org.apache.jackrabbit.core.query.lucene.WorkspaceTraversalResult",5,0.00,1.40,27,0.26,7587.52,8,3,17,10,8,71.69,44,34,1,1,119.80,0.00,0.00,0.33,1,10.00,3,788.03,0,4,7,java.lang.Object,0.00,5,0,7,0,5,1,1,11,180,1
"org.apache.jackrabbit.core.query.lucene.WorkspaceTraversalResult$Offset_0",1,0.00,1.00,4,0.02,242.00,1,0,17,2,0,87.48,7,6,0,1,129.77,0.00,0.00,0.00,0,1.00,1,47.00,0,0,0,,0.00,1,0,1,0,1,1,0,2,17,0
"org.apache.jackrabbit.core.query.lucene.WorkspaceTraversalResult$Offset_0$Offset_1",1,0.00,1.00,3,0.01,72.00,1,0,17,1,0,138.58,0,4,0,1,138.58,0.00,0.00,0.00,0,1.00,1,32.00,0,0,0,java.lang.Object,0.00,0,0,1,0,0,1,0,0,12,0
"org.apache.jackrabbit.core.query.lucene.WorkspaceTraversalResult$TraversingNodeIterator",12,0.07,1.42,50,0.38,7397.97,16,4,17,25,2,126.73,59,68,0,1,126.49,0.00,0.00,0.19,6,38.00,4,1150.80,0,3,2,java.lang.Object,0.00,13,0,17,0,13,9,2,18,275,1
"org.apache.jackrabbit.core.query.lucene.WorkspaceTraversalResult$TraversingNodeIterator$Offset",1,0.00,1.00,3,0.02,268.87,1,0,17,2,0,134.07,0,4,0,1,134.07,0.00,0.00,0.00,0,1.00,1,70.91,0,0,0,java.lang.Object,0.00,1,0,1,0,1,1,0,0,21,0
"org.apache.jackrabbit.core.lock.AbstractLockInfo",10,0.00,1.40,44,0.33,6887.11,16,6,3,16,10,93.89,69,60,7,1,126.12,0.00,0.00,0.17,0,42.00,4,986.77,0,4,3,java.lang.Object,0.00,6,0,14,2,6,6,0,17,245,1
"org.apache.jackrabbit.core.lock.LockImpl",8,0.07,1.38,25,0.18,2479.39,10,2,4,13,3,115.64,41,38,2,1,133.51,0.00,0.00,0.44,1,0.00,3,543.11,0,3,1,java.lang.Object,0.00,5,0,11,1,5,5,1,13,147,0
"org.apache.jackrabbit.core.lock.LockManager",10,0.00,1.00,11,0.10,447.97,10,0,7,10,10,109.89,87,15,9,1,158.00,0.00,0.00,0.00,0,10.00,1,309.47,0,2,3,,0.00,0,0,10,0,0,8,0,11,98,1
"org.apache.jackrabbit.core.lock.LockManagerImpl",34,0.03,3.21,344,4.69,162698.72,43,9,40,129,28,86.58,199,508,5,1,104.45,0.00,0.00,0.14,11,170.00,7,14083.29,0,4,23,java.lang.Object,0.00,95,0,109,0,95,30,4,61,2612,1
"org.apache.jackrabbit.core.lock.LockManagerImpl$HierarchyEvent",5,0.10,1.20,24,0.16,3222.39,10,5,40,5,2,76.38,45,31,0,1,126.38,0.00,0.00,0.28,0,5.00,2,491.12,0,2,2,java.lang.Object,0.00,0,0,6,0,0,3,0,10,128,1
"org.apache.jackrabbit.core.lock.LockManagerImpl$LockInfo",3,0.00,2.67,19,0.22,5240.33,3,0,40,9,5,73.92,21,31,0,2,116.22,0.00,0.50,0.00,0,4.00,6,647.13,3,0,5,org.apache.jackrabbit.core.lock.AbstractLockInfo,0.00,6,1,8,0,6,3,1,4,134,0
"org.apache.jackrabbit.core.lock.LockManagerImpl$PathMap.ElementVisitor",1,0.00,2.00,5,0.05,772.48,1,0,40,3,0,122.03,0,7,0,1,122.03,0.00,0.00,0.00,0,1.00,2,151.44,0,0,0,java.lang.Object,0.00,2,0,2,0,2,1,0,0,38,0
"org.apache.jackrabbit.core.lock.LockManagerImpl$PathMap.ElementVisitor_0",1,0.00,1.00,4,0.04,421.02,1,0,40,3,0,127.88,0,5,0,1,127.88,0.00,0.00,0.00,0,1.00,1,115.51,0,0,0,java.lang.Object,0.00,2,0,1,0,2,1,0,0,31,0
"org.apache.jackrabbit.core.lock.LockManagerImpl$PathMap.ElementVisitor_1",1,0.00,3.00,17,0.19,7649.85,1,0,40,8,0,94.27,0,17,0,1,94.27,0.00,0.00,0.00,0,1.00,3,578.13,0,0,0,java.lang.Object,0.00,7,0,3,0,7,1,0,0,114,0
"org.apache.jackrabbit.core.lock.LockToken",4,1.00,3.25,47,0.58,48664.61,5,1,1,15,7,67.49,26,56,6,1,99.71,0.00,0.00,0.25,1,6.00,8,1749.55,0,2,1,java.lang.Object,0.00,11,0,13,0,11,2,0,6,340,0
"org.apache.jackrabbit.core.lock.XAEnvironment",12,0.19,3.08,121,1.43,54577.26,19,7,13,54,9,56.53,96,162,2,1,104.63,0.00,0.00,0.32,3,0.00,7,4294.60,0,2,7,java.lang.Object,0.00,42,0,37,0,42,10,0,29,827,0
"org.apache.jackrabbit.core.lock.XAEnvironment$LockInfo",7,0.17,1.43,28,0.24,3436.79,9,2,13,7,4,109.40,37,41,0,2,127.27,0.00,0.50,0.36,0,15.00,2,725.12,1,0,4,org.apache.jackrabbit.core.lock.AbstractLockInfo,0.12,0,1,10,0,0,7,0,9,180,0
"org.apache.jackrabbit.core.lock.XALock",2,1.00,2.00,10,0.09,1265.31,3,1,3,5,4,74.60,16,15,1,2,122.71,0.00,0.50,0.50,0,2.00,3,275.76,1,0,4,org.apache.jackrabbit.core.lock.LockImpl,0.20,3,1,4,0,3,2,0,4,69,0
"org.apache.jackrabbit.core.lock.XALockManager",19,0.11,1.89,100,1.08,27310.18,22,3,10,47,12,120.15,80,141,2,1,119.91,0.00,0.00,0.44,2,0.00,3,3251.02,0,2,11,java.lang.Object,0.00,28,0,36,0,28,17,2,25,719,1
"org.apache.jackrabbit.core.query.AbstractQueryHandler",4,1.00,1.50,13,0.11,1644.45,5,1,5,8,5,84.42,33,20,0,1,132.52,0.00,0.00,0.25,1,6.00,3,343.83,0,0,5,java.lang.Object,0.00,4,0,6,1,4,4,1,6,88,2
"org.apache.jackrabbit.core.query.AbstractQueryImpl",2,0.00,1.00,3,0.05,422.11,2,0,6,2,5,115.13,25,12,2,1,152.70,0.00,0.00,0.00,0,2.00,1,162.71,0,0,3,java.lang.Object,0.00,0,0,2,1,0,2,1,3,42,2
"org.apache.jackrabbit.core.query.AbstractQueryTest",6,0.00,2.83,73,0.91,33369.38,6,0,13,34,16,58.72,47,75,15,4,101.01,5.00,0.16,0.00,1,14.00,5,2719.85,0,1,1,org.apache.jackrabbit.test.AbstractJCRTest,0.00,28,3,17,15,28,5,0,11,519,1
"org.apache.jackrabbit.core.query.AndQueryNode",5,0.00,1.20,13,0.09,1174.79,5,0,0,6,10,108.84,30,20,8,3,141.06,0.00,0.67,0.00,0,5.00,2,278.00,1,1,3,org.apache.jackrabbit.core.query.NAryQueryNode,0.16,1,2,6,0,1,4,0,6,80,1
"org.apache.jackrabbit.core.query.ChildAxisQueryTest",7,0.00,1.00,148,2.98,135147.86,7,0,7,18,2,137.93,7,180,1,5,87.93,0.00,0.80,0.00,0,0.00,1,8935.74,1,0,1,org.apache.jackrabbit.core.query.AbstractQueryTest,0.00,11,4,7,0,11,7,0,2,1584,1
"org.apache.jackrabbit.core.query.ConcurrentQueryTest",4,0.50,4.25,88,0.98,39485.27,6,2,12,25,1,39.14,39,73,0,4,89.14,0.00,0.75,0.12,0,6.00,8,2953.73,2,0,1,org.apache.jackrabbit.test.AbstractJCRTest,0.57,21,3,17,0,21,4,0,17,528,1
"org.apache.jackrabbit.core.query.ConcurrentQueryTest$QueryWorker",3,0.33,3.00,40,0.46,17149.25,9,6,12,16,0,99.61,2,50,0,2,99.61,0.00,0.50,0.39,0,1.00,7,1379.93,0,0,0,org.apache.jackrabbit.core.query.Thread,0.00,13,1,9,0,13,3,0,2,256,3
"org.apache.jackrabbit.core.query.ConcurrentQueryTest$Thread",1,0.00,5.00,20,0.17,5957.41,1,0,12,6,0,92.37,0,17,0,1,92.37,0.00,0.00,0.00,0,1.00,5,524.99,0,0,0,java.lang.Object,0.00,5,0,5,0,5,1,0,0,104,0
"org.apache.jackrabbit.core.query.ConcurrentQueryTest$Thread_0",1,0.00,5.00,20,0.17,5994.86,1,0,12,6,0,92.35,0,17,0,1,92.35,0.00,0.00,0.00,0,1.00,5,506.57,0,0,0,java.lang.Object,0.00,5,0,5,0,5,1,0,0,102,0
"org.apache.jackrabbit.core.query.DefaultQueryNodeVisitor",13,0.00,1.00,27,0.18,1844.79,13,0,0,13,17,142.82,4,41,3,1,142.82,0.00,0.00,0.00,0,13.00,1,533.73,0,13,14,java.lang.Object,0.00,0,0,13,0,0,0,1,1,162,1
"org.apache.jackrabbit.core.query.DerefQueryNode",6,0.60,1.33,17,0.15,4012.70,7,1,1,8,11,119.58,33,26,8,4,137.46,0.00,0.75,0.50,0,10.00,3,458.48,1,2,4,org.apache.jackrabbit.core.query.LocationStepQueryNode,0.12,2,3,8,0,2,4,0,8,119,1
"org.apache.jackrabbit.core.query.DerefTest",3,0.50,1.33,56,0.86,21104.56,12,9,7,22,2,45.34,31,70,1,5,93.81,0.00,0.80,0.44,0,0.00,2,2577.17,2,0,1,org.apache.jackrabbit.core.query.AbstractQueryTest,0.26,19,4,4,0,19,3,0,6,474,1
"org.apache.jackrabbit.core.query.ExactQueryNode",6,0.20,1.67,22,0.22,7488.45,8,2,1,9,10,96.48,36,32,8,2,128.70,1.00,0.33,0.33,0,10.00,4,656.02,0,3,3,org.apache.jackrabbit.core.query.QueryNode,0.17,3,1,10,1,3,3,0,9,161,1
"org.apache.jackrabbit.core.query.ExecutableQuery",1,0.00,1.00,2,0.01,38.26,1,0,2,1,3,103.18,11,3,3,1,147.31,0.00,0.00,0.00,0,1.00,1,25.51,0,1,0,,0.00,0,0,1,0,0,0,0,2,11,1
"org.apache.jackrabbit.core.query.FulltextQueryTest",13,0.00,1.23,159,2.73,69190.59,13,0,4,29,2,151.35,16,196,1,5,101.35,0.00,0.80,0.00,1,0.00,4,8195.02,1,0,1,org.apache.jackrabbit.core.query.AbstractQueryTest,0.00,16,4,16,0,16,13,0,7,1504,1
"org.apache.jackrabbit.core.query.HTMLParser",5,0.50,2.00,38,0.35,14612.76,6,1,7,13,1,162.02,8,50,1,2,112.02,0.00,0.50,0.60,1,2.00,6,1063.82,2,2,0,org.apache.xerces.parsers.AbstractSAXParser,0.00,8,1,10,0,8,3,0,2,225,1
"org.apache.jackrabbit.core.query.HTMLTextFilter",3,0.17,2.33,26,0.29,7665.80,6,3,19,15,8,62.18,24,36,1,1,110.29,0.00,0.00,0.44,1,1.00,3,882.69,0,1,7,java.lang.Object,0.00,12,0,7,0,12,2,1,5,181,1
"org.apache.jackrabbit.core.query.HTMLTextFilter$LazyReader",1,0.00,3.00,13,0.16,4315.96,1,0,19,8,0,100.57,0,21,0,1,100.57,0.00,0.00,0.00,0,0.00,3,473.29,0,0,0,java.lang.Object,0.00,7,0,3,0,7,1,0,0,94,0
"org.apache.jackrabbit.core.query.LazyReader",3,0.00,2.33,19,0.22,6937.05,5,2,4,10,8,66.81,31,28,8,2,115.29,0.00,0.50,0.50,1,1.00,4,654.35,0,0,0,java.io.Reader,0.00,7,1,7,0,7,3,0,10,141,2
"org.apache.jackrabbit.core.query.LazyReader$Reader",2,0.00,1.00,4,0.03,303.54,2,0,4,2,0,142.59,0,6,0,1,142.59,0.00,0.00,0.00,0,2.00,1,80.53,0,0,0,java.lang.Object,0.00,0,0,2,0,0,2,0,0,25,0
"org.apache.jackrabbit.core.query.LocationStepQueryNode",13,0.06,1.23,44,0.44,11428.59,20,7,1,18,18,87.68,95,63,15,3,129.97,0.50,0.50,0.09,0,67.00,3,1315.38,2,3,4,org.apache.jackrabbit.core.query.NAryQueryNode,0.11,5,2,16,1,5,10,0,21,316,1
"org.apache.jackrabbit.core.query.MassiveRangeTest",1,0.00,3.00,19,0.21,5401.07,1,0,5,8,1,51.36,7,17,0,5,93.65,0.00,0.80,0.00,0,0.00,3,643.18,1,0,1,org.apache.jackrabbit.core.query.AbstractQueryTest,0.00,7,4,3,0,7,1,0,3,119,1
"org.apache.jackrabbit.core.query.MassiveWildcardTest",1,0.00,3.00,23,0.29,9165.09,1,0,5,8,1,46.46,7,21,0,5,88.75,0.00,0.80,0.00,0,0.00,3,867.73,1,0,1,org.apache.jackrabbit.core.query.AbstractQueryTest,0.00,7,4,3,0,7,1,0,3,157,1
"org.apache.jackrabbit.core.query.MixinTest",1,0.00,1.00,13,0.18,4412.28,1,0,4,8,2,68.53,6,15,1,5,100.75,0.00,0.80,0.00,0,0.00,1,554.74,1,0,1,org.apache.jackrabbit.core.query.AbstractQueryTest,0.00,7,4,1,0,7,1,0,4,106,1
"org.apache.jackrabbit.core.query.MsExcelTextFilter",2,0.00,1.50,15,0.16,4353.69,2,0,17,9,7,64.62,20,20,1,1,113.10,0.00,0.00,0.00,0,2.00,2,470.55,0,1,6,java.lang.Object,0.00,7,0,3,0,7,1,1,5,101,1
"org.apache.jackrabbit.core.query.MsExcelTextFilter$LazyReader",1,0.00,10.00,32,0.48,30692.29,1,0,17,21,0,78.99,0,42,0,1,78.99,0.00,0.00,0.00,0,1.00,10,1453.09,0,0,0,java.lang.Object,0.00,20,0,10,0,20,1,0,0,236,0
"org.apache.jackrabbit.core.query.MsPowerPointTextFilter",2,0.00,1.50,16,0.17,4481.24,2,0,18,10,7,90.69,28,24,1,1,110.84,0.00,0.00,0.00,0,2.00,2,521.74,0,1,6,java.lang.Object,0.00,8,0,3,0,8,1,1,6,113,1
"org.apache.jackrabbit.core.query.MsPowerPointTextFilter$LazyReader",1,0.00,2.00,14,0.15,4299.19,1,0,18,13,0,99.48,0,20,0,1,99.48,0.00,0.00,0.00,0,1.00,2,464.51,0,0,0,java.lang.Object,0.00,12,0,2,0,12,1,0,0,93,0
"org.apache.jackrabbit.core.query.MsPowerPointTextFilter$MsPowerPointListener",2,1.00,3.00,19,0.28,14365.90,3,1,18,10,0,104.78,0,24,0,1,104.78,0.00,0.00,0.50,0,2.00,5,848.74,0,0,0,java.lang.Object,0.00,8,0,6,0,8,2,1,0,158,1
"org.apache.jackrabbit.core.query.MsWordTextFilter",2,0.00,1.50,15,0.17,4558.76,2,0,11,10,7,64.46,21,22,1,1,112.94,0.00,0.00,0.00,0,2.00,2,496.51,0,1,6,java.lang.Object,0.00,8,0,3,0,8,1,1,5,107,1
"org.apache.jackrabbit.core.query.MsWordTextFilter$LazyReader",1,0.00,3.00,12,0.13,3843.42,1,0,11,8,0,152.26,1,18,0,1,102.26,0.00,0.00,0.00,0,1.00,3,399.38,0,0,0,java.lang.Object,0.00,7,0,3,0,7,1,0,1,83,0
"org.apache.jackrabbit.core.query.NAryQueryNode",8,0.07,2.25,45,0.46,13410.26,10,2,3,18,11,77.06,56,60,9,2,119.35,8.00,0.10,0.44,0,0.00,4,1370.10,0,1,2,org.apache.jackrabbit.core.query.QueryNode,0.00,10,1,18,8,10,7,0,11,308,2
"org.apache.jackrabbit.core.query.NodeTypeQueryNode",4,0.00,1.25,11,0.09,1118.61,4,0,1,5,12,122.58,23,17,9,3,140.45,0.00,0.67,0.00,0,4.00,2,258.85,1,1,4,org.apache.jackrabbit.core.query.ExactQueryNode,0.19,1,2,5,0,1,3,0,8,72,1
"org.apache.jackrabbit.core.query.NotQueryNode",5,0.00,1.20,13,0.10,1306.33,5,0,0,6,10,122.82,25,22,8,3,140.69,0.00,0.67,0.00,0,5.00,2,290.31,1,1,3,org.apache.jackrabbit.core.query.NAryQueryNode,0.16,1,2,6,0,1,4,0,6,83,1
"org.apache.jackrabbit.core.query.OOoContentHandler",5,0.25,1.40,16,0.17,2399.68,7,2,3,10,1,132.01,3,30,1,2,132.01,0.00,0.50,0.70,0,0.00,2,511.51,0,1,0,org.xml.sax.helpers.DefaultHandler,0.00,5,1,7,0,5,4,0,1,127,1
"org.apache.jackrabbit.core.query.OpenOfficeTextFilter",3,0.50,2.00,25,0.32,8944.08,4,1,17,16,7,159.79,4,39,1,1,109.79,0.00,0.00,0.67,1,1.00,3,962.85,0,1,6,java.lang.Object,0.00,13,0,6,0,13,2,1,2,199,1
"org.apache.jackrabbit.core.query.OpenOfficeTextFilter$LazyReader",1,0.00,4.00,19,0.24,8829.49,1,0,17,12,1,91.91,0,28,0,1,91.91,0.00,0.00,0.00,0,0.00,4,724.27,0,0,1,java.lang.Object,0.00,11,0,4,0,11,1,0,0,136,0
"org.apache.jackrabbit.core.query.OrQueryNode",5,0.00,1.20,13,0.09,1174.79,5,0,0,6,10,123.19,29,20,8,3,141.06,0.00,0.67,0.00,0,5.00,2,278.00,1,1,3,org.apache.jackrabbit.core.query.NAryQueryNode,0.16,1,2,6,0,1,4,0,6,80,1
"org.apache.jackrabbit.core.query.OrderByTest",1,0.00,1.00,20,0.31,7386.85,1,0,4,8,2,112.62,3,23,1,5,92.01,0.00,0.80,0.00,0,0.00,1,924.17,1,0,1,org.apache.jackrabbit.core.query.AbstractQueryTest,0.00,7,4,1,0,7,1,0,1,167,1
"org.apache.jackrabbit.core.query.OrderQueryNode",8,0.43,1.12,22,0.21,3293.50,9,1,3,16,13,96.86,56,32,11,2,139.15,0.00,0.50,0.62,0,0.00,2,631.46,0,1,3,org.apache.jackrabbit.core.query.QueryNode,0.14,8,1,9,0,8,7,0,12,166,1
"org.apache.jackrabbit.core.query.OrderQueryNode$OrderSpec",5,0.12,1.40,17,0.15,4217.72,7,2,3,6,1,87.79,38,25,0,1,130.08,0.00,0.00,0.40,0,6.00,3,443.69,0,1,1,java.lang.Object,0.00,1,0,7,0,1,4,0,7,114,3
"org.apache.jackrabbit.core.query.PathQueryNode",8,0.36,1.25,25,0.21,4265.94,10,2,0,11,13,99.46,49,36,10,3,131.68,0.50,0.50,0.19,0,22.00,2,633.61,2,1,4,org.apache.jackrabbit.core.query.NAryQueryNode,0.14,3,2,10,1,3,7,0,11,164,1
"org.apache.jackrabbit.core.query.PdfTextFilter",2,0.00,1.50,15,0.16,4353.69,2,0,15,9,7,64.62,20,20,1,1,113.10,0.00,0.00,0.00,0,2.00,2,470.55,0,1,6,java.lang.Object,0.00,7,0,3,0,7,1,1,5,101,1
"org.apache.jackrabbit.core.query.PdfTextFilter$LazyReader",1,0.00,3.00,20,0.23,7248.02,1,0,15,16,0,131.70,2,28,0,1,91.82,0.00,0.00,0.00,0,1.00,3,693.77,0,0,0,java.lang.Object,0.00,15,0,3,0,15,1,0,2,132,0
"org.apache.jackrabbit.core.query.PropertyFunctionQueryNode",5,0.12,1.40,26,0.23,4216.70,9,4,3,9,12,71.81,47,36,11,2,121.81,0.00,0.50,0.15,0,10.00,2,680.18,0,2,2,org.apache.jackrabbit.core.query.QueryNode,0.18,4,1,7,0,4,3,0,10,168,1
"org.apache.jackrabbit.core.query.PropertyTypeRegistry",6,0.05,3.00,74,0.93,49215.20,10,4,15,30,8,81.80,35,85,3,1,99.67,0.00,0.00,0.29,3,6.00,7,2789.57,0,0,5,java.lang.Object,0.00,24,0,18,0,24,6,1,14,521,1
"org.apache.jackrabbit.core.query.PropertyTypeRegistry$TypeMapping",1,3.00,1.00,8,0.06,883.86,4,3,15,1,1,134.73,3,10,0,1,114.11,0.00,0.00,0.00,0,1.00,1,188.02,0,0,1,java.lang.Object,0.00,0,0,1,0,0,1,0,3,50,2
"org.apache.jackrabbit.core.query.QueryConstants",0,0.00,0.00,25,0.32,7913.69,24,24,0,0,7,171.00,79,26,7,1,171.00,0.00,0.00,0.00,0,0.00,0,967.23,0,0,0,,0.00,0,0,0,0,0,0,0,24,183,1
"org.apache.jackrabbit.core.query.QueryHandler",7,0.00,1.00,8,0.07,303.62,7,0,9,7,13,110.00,60,13,6,1,158.11,0.00,0.00,0.00,0,7.00,1,199.90,0,1,8,,0.00,0,0,7,0,0,6,0,8,65,1
"org.apache.jackrabbit.core.query.QueryHandlerContext",10,0.01,1.00,37,0.26,4064.80,18,8,5,13,10,82.66,90,54,4,1,132.66,0.00,0.00,0.14,0,74.00,1,794.97,0,6,7,java.lang.Object,0.00,3,0,10,0,3,4,0,19,199,1
"org.apache.jackrabbit.core.query.QueryImpl",9,0.12,2.00,74,1.01,32093.94,17,8,23,38,13,76.96,62,112,1,2,109.18,0.00,0.50,0.24,2,12.00,4,3036.86,0,5,12,org.apache.jackrabbit.core.query.AbstractQueryImpl,0.00,29,1,18,0,29,4,0,20,585,1
"org.apache.jackrabbit.core.query.QueryManagerImpl",5,0.20,1.20,21,0.25,4187.90,10,5,11,12,5,77.38,42,33,1,1,125.48,0.00,0.00,0.36,1,5.00,2,743.56,0,3,4,java.lang.Object,0.00,7,0,6,0,7,2,1,11,173,1
"org.apache.jackrabbit.core.query.QueryNode",6,0.07,1.00,26,0.30,5400.93,20,14,0,9,23,76.80,60,30,22,1,125.28,0.00,0.00,0.01,0,10.00,1,897.41,0,3,2,java.lang.Object,0.00,3,0,6,15,3,3,0,21,196,2
"org.apache.jackrabbit.core.query.QueryNodeVisitor",13,0.00,1.00,14,0.10,365.36,13,0,0,13,19,159.59,3,15,19,1,159.59,0.00,0.00,0.00,0,13.00,1,301.96,0,13,13,,0.00,0,0,13,0,0,0,0,1,109,1
"org.apache.jackrabbit.core.query.QueryParser",3,0.00,1.00,8,0.10,1804.45,3,0,2,6,5,108.50,39,18,1,1,137.89,0.00,0.00,0.00,0,3.00,1,290.40,0,1,4,java.lang.Object,0.00,3,0,3,0,3,2,0,4,70,1
"org.apache.jackrabbit.core.query.QueryResultTest",10,0.67,2.90,164,2.19,61233.07,11,1,6,31,2,135.90,20,164,1,5,96.02,0.00,0.80,0.40,0,0.00,4,6560.08,1,0,1,org.apache.jackrabbit.core.query.AbstractQueryTest,0.19,21,4,29,0,21,10,0,17,1155,1
"org.apache.jackrabbit.core.query.QueryRootNode",10,0.11,1.30,27,0.27,8291.73,13,3,3,18,17,118.85,59,41,13,2,136.73,0.00,0.50,0.23,0,30.00,4,808.11,0,4,5,org.apache.jackrabbit.core.query.QueryNode,0.12,8,1,13,0,8,6,0,14,207,1
"org.apache.jackrabbit.core.query.QueryTreeBuilder",4,0.00,1.00,5,0.03,147.58,4,0,2,4,5,108.66,36,8,3,1,158.66,0.00,0.00,0.00,0,4.00,1,103.56,0,2,2,,0.00,0,0,4,0,0,2,0,5,36,1
"org.apache.jackrabbit.core.query.QueryTreeBuilderRegistry",2,0.00,2.00,25,0.33,9203.40,5,3,11,9,3,72.36,26,33,2,1,101.74,0.00,0.00,0.33,0,2.00,3,979.04,0,1,1,java.lang.Object,0.00,7,0,4,0,7,1,0,6,202,1
"org.apache.jackrabbit.core.query.QueryTreeDump",16,0.24,3.56,247,3.35,158866.42,19,3,3,59,19,145.36,25,266,2,1,95.36,0.00,0.00,0.56,1,0.00,27,10049.06,0,13,18,java.lang.Object,0.00,43,0,57,0,43,3,1,9,1808,1
"org.apache.jackrabbit.core.query.RTFTextFilter",2,2.00,1.50,15,0.17,4804.26,4,2,13,11,7,62.76,19,20,1,1,112.76,0.00,0.00,0.00,0,2.00,2,521.81,0,1,6,java.lang.Object,0.00,9,0,3,0,9,1,1,4,110,1
"org.apache.jackrabbit.core.query.RTFTextFilter$LazyReader",1,0.00,3.00,13,0.16,5043.16,1,0,13,6,0,100.04,0,19,0,1,100.04,0.00,0.00,0.00,0,0.00,3,490.15,0,0,0,java.lang.Object,0.00,5,0,3,0,5,1,0,0,98,0
"org.apache.jackrabbit.core.query.RelationQueryNode",26,0.02,1.46,100,0.99,25413.60,36,10,4,41,15,87.28,199,142,9,3,129.57,0.00,0.67,0.12,0,358.00,5,2974.70,0,5,7,org.apache.jackrabbit.core.query.NAryQueryNode,0.08,15,2,38,0,15,21,1,41,697,1
"org.apache.jackrabbit.core.query.SQLTest",3,0.00,1.00,25,0.40,7450.25,3,0,3,10,2,110.58,2,33,1,5,110.58,0.00,0.80,0.00,0,0.00,1,1207.63,1,0,1,org.apache.jackrabbit.core.query.AbstractQueryTest,0.00,7,4,3,0,7,3,0,1,230,1
"org.apache.jackrabbit.core.query.SelectClauseTest",3,0.00,1.00,57,0.98,27451.34,3,0,4,10,2,142.10,3,70,1,5,92.10,0.00,0.80,0.00,0,0.00,1,2925.14,1,0,1,org.apache.jackrabbit.core.query.AbstractQueryTest,0.00,7,4,3,0,7,3,0,1,526,1
"org.apache.jackrabbit.core.query.SimpleQueryTest",19,0.00,1.00,365,6.33,287874.31,19,0,4,32,2,90.38,16,396,1,5,90.38,0.00,0.80,0.00,0,0.00,1,18996.83,1,0,1,org.apache.jackrabbit.core.query.AbstractQueryTest,0.00,13,4,19,0,13,19,0,14,3416,1
"org.apache.jackrabbit.core.query.SkipDeletedNodesTest",7,0.08,2.57,105,1.32,33618.65,9,2,8,25,2,55.63,50,122,1,5,97.92,0.00,0.80,0.57,0,0.00,3,3969.31,2,0,1,org.apache.jackrabbit.core.query.AbstractQueryTest,0.43,18,4,18,0,18,7,0,26,715,1
"org.apache.jackrabbit.core.query.TestAll",1,0.00,1.00,17,0.20,7463.72,1,0,3,3,13,74.46,14,19,0,2,94.60,0.00,0.50,0.00,0,1.00,1,597.20,0,1,13,junit.framework.TestCase,0.00,2,1,1,0,2,0,0,6,127,1
"org.apache.jackrabbit.core.query.TextFilter",2,0.00,1.00,3,0.02,80.34,2,0,3,2,13,157.90,32,5,12,1,158.37,0.00,0.00,0.00,0,2.00,1,58.73,0,1,1,,0.00,0,0,2,0,0,1,0,3,21,1
"org.apache.jackrabbit.core.query.TextsearchQueryNode",13,0.08,1.69,49,0.51,13448.86,16,3,3,25,13,87.05,101,73,9,2,129.34,0.00,0.50,0.26,0,49.00,4,1526.46,0,4,5,org.apache.jackrabbit.core.query.QueryNode,0.11,12,1,22,0,12,9,0,20,362,1
"org.apache.jackrabbit.core.query.UpperLowerCaseQueryTest",10,0.00,1.90,106,1.94,76726.73,10,0,6,24,2,152.96,19,177,1,5,102.96,0.00,0.80,0.00,1,18.00,8,5829.47,2,0,1,org.apache.jackrabbit.core.query.AbstractQueryTest,0.00,14,4,19,0,14,10,0,16,1094,1
"org.apache.jackrabbit.core.query.VersionStoreQueryTest",1,0.00,1.00,16,0.26,8681.74,1,0,3,11,2,46.96,8,19,1,5,95.07,0.00,0.80,0.00,0,0.00,1,770.92,1,0,1,org.apache.jackrabbit.core.query.AbstractQueryTest,0.00,10,4,1,0,10,1,0,3,147,1
"org.apache.jackrabbit.core.query.XMLTextFilter",2,0.00,1.50,14,0.16,4429.88,2,0,20,9,8,75.48,24,19,2,1,113.04,0.00,0.00,0.00,0,2.00,2,481.81,0,1,6,java.lang.Object,0.00,7,0,3,0,7,1,1,5,101,1
"org.apache.jackrabbit.core.query.XMLTextFilter$LazyReader",1,0.00,4.00,20,0.28,8558.80,1,0,20,18,0,91.18,0,28,0,1,91.18,0.00,0.00,0.00,0,1.00,4,844.59,0,0,0,java.lang.Object,0.00,17,0,4,0,17,1,0,0,153,0
"org.apache.jackrabbit.core.query.XMLTextFilter$XMLParser",6,1.00,1.83,29,0.27,8468.05,7,1,20,11,0,123.60,1,36,0,2,123.60,0.00,0.50,0.17,1,10.00,5,816.19,0,0,0,org.xml.sax.helpers.DefaultHandler,0.00,5,1,11,0,5,6,1,1,184,2
"org.apache.jackrabbit.core.query.XPathAxisTest",30,0.14,1.00,104,1.21,17838.96,36,6,2,34,2,131.36,3,135,1,5,131.36,0.00,0.80,0.31,0,0.00,1,3620.19,3,0,1,org.apache.jackrabbit.core.query.AbstractQueryTest,0.11,4,4,30,0,4,30,0,1,828,1
"org.apache.jackrabbit.webdav.xml.DomUtil",35,2.00,2.03,201,2.33,67854.97,37,2,14,85,89,70.77,303,252,87,1,118.88,0.00,0.00,0.00,9,35.00,5,6986.67,0,24,3,java.lang.Object,0.00,50,0,71,0,50,11,0,40,1521,1
"org.apache.jackrabbit.webdav.xml.ElementIterator",8,0.00,1.62,42,0.37,8579.86,12,4,7,17,25,103.08,46,53,24,1,120.95,0.00,0.00,0.25,2,8.00,3,1099.17,0,2,2,java.lang.Object,0.00,9,0,13,0,9,6,1,10,253,1
"org.apache.jackrabbit.webdav.xml.Namespace",8,0.05,1.50,32,0.31,7229.56,14,6,2,15,37,125.17,3,45,37,1,125.17,0.00,0.00,0.12,1,20.00,3,933.16,0,4,0,java.lang.Object,0.00,7,0,12,0,7,4,0,1,227,1
"org.apache.jackrabbit.webdav.xml.XmlSerializable",1,0.00,1.00,2,0.01,41.48,1,0,2,1,24,109.47,12,3,24,1,147.03,0.00,0.00,0.00,0,1.00,1,27.65,0,1,0,,0.00,0,0,1,0,0,0,0,2,11,1
"org.apache.jackrabbit.webdav.jcr.version.report.AbstractJcrReport",3,0.25,2.67,21,0.32,12839.56,5,2,9,10,15,78.43,19,30,7,1,110.65,0.00,0.00,0.67,0,0.00,6,951.12,0,2,8,java.lang.Object,0.00,7,0,8,7,7,1,1,5,183,2
"org.apache.jackrabbit.webdav.jcr.version.report.ExportViewReport",4,0.00,3.00,39,0.67,24041.24,8,4,24,28,11,67.83,49,54,1,2,105.39,0.00,0.50,0.25,0,6.00,7,2008.53,3,2,10,org.apache.jackrabbit.webdav.jcr.version.report.AbstractJcrReport,0.00,24,1,12,0,24,2,0,13,364,1
"org.apache.jackrabbit.webdav.jcr.version.report.JcrPrivilegeReport",5,0.00,1.80,36,0.58,16461.57,10,5,22,31,16,79.42,34,48,1,2,111.64,0.00,0.50,0.20,1,10.00,4,1744.97,2,2,15,org.apache.jackrabbit.webdav.jcr.version.report.AbstractJcrReport,0.00,26,1,9,0,26,3,0,12,335,1
"org.apache.jackrabbit.webdav.jcr.version.report.LocateByUuidReport",4,0.08,1.50,25,0.42,11679.18,8,4,18,26,15,64.59,38,33,2,2,114.59,0.00,0.50,0.19,0,6.00,3,1264.01,2,2,13,org.apache.jackrabbit.webdav.jcr.version.report.AbstractJcrReport,0.00,22,1,6,0,22,2,0,9,238,1
"org.apache.jackrabbit.webdav.jcr.version.report.LocateCorrespondingNodeReport",5,0.19,1.80,34,0.56,16256.85,9,4,21,28,15,70.05,56,45,1,2,114.18,0.00,0.50,0.10,0,11.00,3,1675.53,1,3,14,org.apache.jackrabbit.webdav.jcr.version.report.AbstractJcrReport,0.00,23,1,9,0,23,2,0,10,323,1
"org.apache.jackrabbit.webdav.jcr.version.report.NodeTypesReport",5,0.17,4.20,71,1.10,49739.07,8,3,27,45,14,58.87,63,83,1,2,96.44,0.00,0.50,0.20,0,13.00,8,3312.64,2,3,13,org.apache.jackrabbit.webdav.jcr.version.report.AbstractJcrReport,0.00,40,1,21,0,40,2,1,21,578,1
"org.apache.jackrabbit.webdav.jcr.version.report.RegisteredNamespacesReport",4,0.00,1.75,26,0.33,9629.00,7,3,14,15,10,71.09,46,33,1,2,115.22,0.00,0.50,0.33,0,6.00,3,1003.83,1,2,9,org.apache.jackrabbit.webdav.jcr.version.report.AbstractJcrReport,0.00,11,1,7,0,11,2,1,8,205,1
"org.apache.jackrabbit.webdav.jcr.version.report.RepositoryDescriptorsReport",4,0.50,1.25,21,0.26,6975.76,6,2,12,11,9,75.22,45,24,1,2,119.35,0.00,0.50,0.12,0,8.00,2,783.79,2,2,8,org.apache.jackrabbit.webdav.jcr.version.report.AbstractJcrReport,0.00,7,1,5,0,7,2,1,7,167,1
"org.apache.jackrabbit.util.Base64",11,0.12,2.27,108,1.78,229531.04,15,4,7,18,4,53.10,97,140,4,1,101.20,0.00,0.00,0.14,2,39.00,8,5341.87,0,0,0,java.lang.Object,0.00,7,0,25,0,7,11,0,24,991,1
"org.apache.jackrabbit.util.ChildrenCollector",3,0.17,1.67,15,0.15,2436.59,6,3,5,4,0,79.61,21,23,0,2,121.90,0.00,0.50,0.44,0,1.00,2,463.16,0,0,0,TraversingItemVisitor.Default,0.00,1,1,5,0,1,3,0,4,111,1
"org.apache.jackrabbit.util.ChildrenCollectorFilter",5,0.12,4.60,55,0.60,36591.66,11,6,6,13,1,81.23,73,83,1,2,101.37,0.00,0.50,0.27,2,13.00,13,1811.59,0,0,0,TraversingItemVisitor.Default,0.00,8,1,23,0,8,5,0,14,380,1
"org.apache.jackrabbit.util.ISO8601",2,0.33,11.00,114,1.89,230909.02,5,3,4,25,9,17.54,105,137,9,1,65.09,0.00,0.00,0.50,0,2.00,17,5656.60,0,2,0,java.lang.Object,0.00,23,0,22,0,23,0,0,47,910,2
"org.apache.jackrabbit.util.ISO9075",7,0.22,3.00,68,0.95,54868.01,10,3,3,29,9,54.49,64,90,7,1,104.49,0.00,0.00,0.14,3,22.00,9,2850.62,0,4,2,java.lang.Object,0.00,22,0,21,0,22,3,0,21,571,1
"org.apache.jackrabbit.util.ISO9075Test",3,0.00,2.00,41,0.58,18620.60,3,0,2,18,4,99.66,14,48,1,2,99.42,0.00,0.50,0.00,0,3.00,4,1730.56,0,0,3,junit.framework.TestCase,0.00,15,1,6,0,15,3,0,3,333,1
"org.apache.jackrabbit.util.IteratorHelper",11,0.02,1.09,34,0.24,3872.17,16,5,9,17,3,133.36,47,49,3,1,133.13,0.00,0.00,0.18,1,38.00,2,716.41,0,4,0,java.lang.Object,0.00,6,0,12,0,6,7,3,15,193,1
"org.apache.jackrabbit.util.LazyFileInputStream",13,0.03,1.54,54,0.44,9099.72,16,3,6,28,3,108.17,65,77,3,2,126.04,1.00,0.33,0.36,1,0.00,4,1329.86,0,0,0,java.io.InputStream,0.00,15,1,20,1,15,13,0,18,333,1
"org.apache.jackrabbit.util.Locked",6,1.00,3.17,57,0.75,42351.26,7,1,15,28,9,144.13,130,83,5,1,104.83,0.00,0.00,0.17,4,10.00,13,2240.55,0,5,4,java.lang.Object,0.00,22,0,19,0,22,1,0,22,400,2
"org.apache.jackrabbit.util.Locked$EventListener",1,0.00,1.00,4,0.03,297.46,1,0,15,2,1,129.06,0,6,0,1,129.06,0.00,0.00,0.00,0,1.00,1,82.01,0,0,1,java.lang.Object,0.00,1,0,1,0,1,1,0,0,24,0
"org.apache.jackrabbit.util.PathMap",5,0.25,2.40,48,0.48,17291.19,6,1,7,13,5,57.34,46,52,2,1,107.34,0.00,0.00,0.80,1,0.00,4,1427.67,0,0,3,java.lang.Object,0.00,8,0,12,0,8,5,0,9,301,1
"org.apache.jackrabbit.util.PathMap$Element",28,0.02,2.46,187,1.96,74905.20,34,6,7,62,3,82.55,180,242,0,1,114.78,0.00,0.00,0.19,6,260.00,8,5871.77,0,11,3,java.lang.Object,0.00,34,0,69,0,34,17,0,39,1244,2
"org.apache.jackrabbit.util.PathMap$ElementVisitor",1,0.00,1.00,2,0.01,30.51,1,0,7,1,0,148.32,4,3,0,1,148.08,0.00,0.00,0.00,0,1.00,1,25.51,0,0,0,,0.00,0,0,1,0,0,1,0,1,11,1
"org.apache.jackrabbit.util.TestAll",1,0.00,1.00,6,0.05,1283.53,1,0,3,3,2,69.02,10,8,0,2,117.50,0.00,0.50,0.00,0,1.00,1,150.40,0,1,2,junit.framework.TestCase,0.00,2,1,1,0,2,0,0,2,39,1
"org.apache.jackrabbit.util.Text",30,0.30,2.87,276,3.85,249028.48,33,3,7,64,26,55.82,323,350,26,1,104.30,0.00,0.00,0.04,7,82.00,13,11549.12,0,26,0,java.lang.Object,0.00,34,0,86,0,34,4,0,46,2236,1
"org.apache.jackrabbit.util.TextTest",2,0.00,1.50,27,0.20,2746.99,2,0,3,7,4,104.88,8,32,1,2,104.64,0.00,0.50,0.00,1,2.00,2,597.98,0,0,3,junit.framework.TestCase,0.00,5,1,3,0,5,2,0,6,131,1
"org.apache.jackrabbit.util.Timer",4,0.44,2.25,27,0.25,6559.15,7,3,1,9,3,96.33,58,40,3,1,116.47,0.00,0.00,0.67,0,0.00,4,760.78,0,0,0,java.lang.Object,0.00,5,0,9,0,5,4,0,9,168,1
"org.apache.jackrabbit.util.Timer$Task",2,1.00,1.50,9,0.07,1275.30,3,1,1,3,1,108.49,11,13,0,2,126.36,0.00,0.50,0.50,0,2.00,2,199.58,1,0,1,java.util.TimerTask,0.00,1,1,3,0,1,2,0,3,53,3
"org.apache.jackrabbit.util.TransientFileFactory",3,0.12,1.67,23,0.24,5517.68,7,4,8,17,6,139.93,58,32,6,1,113.65,0.00,0.00,0.33,0,6.00,2,716.71,0,2,0,java.lang.Object,0.00,14,0,5,0,14,1,0,17,159,1
"org.apache.jackrabbit.util.TransientFileFactory$MoribundFileReference",2,1.00,1.00,7,0.05,515.63,3,1,8,5,0,91.92,15,10,0,2,134.21,0.00,0.50,0.50,0,2.00,1,158.01,0,0,0,java.lang.ref.PhantomReference,0.00,3,1,2,0,3,2,0,3,45,1
"org.apache.jackrabbit.util.TransientFileFactory$ReaperThread",2,0.00,2.00,12,0.09,1670.29,2,0,8,4,0,139.42,7,18,0,2,118.81,0.00,0.50,0.00,0,2.00,3,260.49,0,0,0,org.apache.jackrabbit.util.Thread,0.00,2,1,4,0,2,2,0,4,64,1
"org.apache.jackrabbit.util.TransientFileFactory$Thread",1,0.00,2.00,9,0.06,1000.61,1,0,8,3,0,132.23,3,9,0,1,111.62,0.00,0.00,0.00,0,0.00,2,177.92,0,0,0,java.lang.Object,0.00,2,0,2,0,2,1,0,3,44,0
"org.apache.jackrabbit.util.WeakIdentityCollection",16,0.05,2.00,97,0.96,32032.48,20,4,7,33,2,83.59,111,115,2,1,115.82,0.00,0.00,0.30,2,16.00,4,2885.32,0,3,0,java.lang.Object,0.00,17,0,32,0,17,13,1,25,619,1
"org.apache.jackrabbit.util.WeakIdentityCollection$Iter",3,0.33,1.33,12,0.10,1648.60,6,3,7,6,1,94.68,18,17,0,1,126.90,0.00,0.00,0.56,0,1.00,2,307.64,0,1,1,java.lang.Object,0.00,3,0,4,0,3,2,1,6,77,2
"org.apache.jackrabbit.util.WeakIdentityCollection$WeakRef",1,1.00,1.00,5,0.04,427.96,2,1,7,1,0,74.21,9,7,0,2,124.21,0.00,0.50,0.00,0,0.00,1,115.52,0,0,0,java.lang.ref.WeakReference,0.00,0,1,1,0,0,1,0,2,32,2
"org.apache.jackrabbit.util.XMLChar",21,0.03,1.95,724,20.15,1282085.56,30,9,1,23,7,117.51,615,757,7,1,76.03,0.00,0.00,0.08,4,61.00,6,60456.28,0,0,0,java.lang.Object,0.00,2,0,41,0,2,21,0,463,6924,1
"org.apache.jackrabbit.webdav.header.CodedUrlHeader",6,0.20,2.00,36,0.42,19606.68,9,3,3,15,7,81.92,37,45,6,1,114.14,0.00,0.00,0.17,1,14.00,5,1255.80,0,5,1,java.lang.Object,0.00,9,0,12,0,9,1,1,6,272,1
"org.apache.jackrabbit.webdav.header.DepthHeader",7,0.42,2.00,36,0.38,11574.69,9,2,4,14,10,87.20,47,48,8,1,119.42,0.00,0.00,0.14,1,24.00,4,1136.93,0,3,2,java.lang.Object,0.00,7,0,14,0,7,4,2,8,256,1
"org.apache.jackrabbit.webdav.header.Header",2,0.00,1.00,3,0.01,46.83,2,0,0,2,10,210.22,3,4,10,1,160.22,0.00,0.00,0.00,0,2.00,1,31.22,0,2,0,,0.00,0,0,2,0,0,0,0,1,14,1
"org.apache.jackrabbit.webdav.header.IfHeader",15,0.07,3.60,170,1.89,84200.93,20,5,12,47,4,120.47,281,221,2,1,102.33,0.00,0.00,0.27,4,40.00,16,5678.49,0,5,2,java.lang.Object,0.00,32,0,54,0,32,10,1,61,1070,1
"org.apache.jackrabbit.webdav.header.IfHeader$IfHeaderInterface",1,0.00,1.00,2,0.02,92.96,1,0,12,1,0,133.91,15,3,0,1,144.27,0.00,0.00,0.00,0,1.00,1,46.48,0,0,0,,0.00,0,0,1,0,0,1,0,1,16,2
"org.apache.jackrabbit.webdav.header.IfHeader$IfHeaderList",1,0.00,3.00,12,0.13,3616.66,1,0,12,3,0,102.00,16,13,0,2,102.47,0.00,0.50,0.00,0,0.00,3,381.64,0,0,0,java.util.ArrayList,0.00,2,1,3,0,2,1,1,2,79,2
"org.apache.jackrabbit.webdav.header.IfHeader$IfHeaderMap",1,0.00,2.00,9,0.12,3416.54,1,0,12,3,0,78.04,13,12,0,2,107.42,0.00,0.50,0.00,0,0.00,2,349.16,0,0,0,java.util.HashMap,0.00,2,1,2,0,2,1,1,1,75,2
"org.apache.jackrabbit.webdav.header.IfHeader$IfList",5,0.00,1.40,20,0.21,5317.98,5,0,12,9,0,74.63,49,25,0,2,124.63,0.00,0.50,0.00,0,8.00,3,634.37,1,0,0,java.util.ArrayList,0.00,4,1,7,0,4,5,0,6,144,2
"org.apache.jackrabbit.webdav.header.IfHeader$IfListEntry",6,0.07,1.33,17,0.14,2148.17,9,3,12,7,0,91.12,64,23,0,1,139.59,0.00,0.00,0.28,0,10.00,3,430.78,0,3,0,java.lang.Object,0.00,1,0,8,0,1,3,0,9,115,3
"org.apache.jackrabbit.webdav.header.IfHeader$IfListEntryEtag",3,0.00,1.00,7,0.05,450.34,3,0,12,3,0,94.53,25,11,0,2,142.63,0.00,0.50,0.00,0,3.00,1,141.86,1,1,0,org.apache.jackrabbit.webdav.header.IfListEntry,0.00,0,1,3,0,0,2,0,3,44,2
"org.apache.jackrabbit.webdav.header.IfHeader$IfListEntryToken",3,0.00,1.00,7,0.05,450.34,3,0,12,3,0,94.53,25,11,0,2,142.63,0.00,0.50,0.00,0,3.00,1,141.86,1,1,0,org.apache.jackrabbit.webdav.header.IfListEntry,0.00,0,1,3,0,0,2,0,3,44,2
"org.apache.jackrabbit.webdav.header.LabelHeader",5,0.38,1.40,19,0.16,3227.18,7,2,5,11,6,131.00,3,27,2,1,131.00,0.00,0.00,0.20,0,7.00,2,490.68,0,4,4,java.lang.Object,0.00,6,0,7,0,6,1,1,1,120,1
"org.apache.jackrabbit.webdav.header.OverwriteHeader",5,0.06,1.40,17,0.16,2423.22,9,4,4,8,5,131.98,3,24,3,1,131.98,0.00,0.00,0.30,0,2.00,2,474.82,0,2,2,java.lang.Object,0.00,3,0,7,0,3,3,1,1,117,1
"org.apache.jackrabbit.webdav.header.TimeoutHeader",6,0.30,1.83,30,0.36,16046.94,8,2,4,16,7,118.03,27,42,5,1,117.80,0.00,0.00,0.25,1,18.00,6,1080.31,0,3,2,java.lang.Object,0.00,10,0,11,0,10,3,2,5,222,1
"org.apache.jackrabbit.uuid.Constants",0,0.00,0.00,33,0.42,8853.20,32,32,0,1,6,171.00,114,34,6,1,171.00,0.00,0.00,0.00,0,0.00,0,1267.81,0,0,0,,0.00,1,0,0,0,1,0,0,39,209,1
"org.apache.jackrabbit.uuid.UUID",13,0.17,2.15,116,1.72,104826.28,17,4,3,22,42,64.08,102,150,41,1,106.37,0.00,0.00,0.40,0,0.00,9,5173.72,0,3,2,java.lang.Object,0.00,9,0,28,0,9,10,3,20,1011,1
"org.apache.jackrabbit.uuid.VersionFourGenerator",5,0.06,2.40,36,0.37,14941.75,9,4,4,9,3,91.76,74,50,2,1,111.91,0.00,0.00,0.20,1,8.00,7,1097.04,0,3,2,java.lang.Object,0.00,4,0,12,0,4,2,1,21,229,2
"org.apache.jackrabbit.webdav.jcr.AbstractItemResource",18,0.10,3.00,151,2.27,84229.81,21,3,36,86,30,65.87,141,215,2,2,108.16,5.00,0.14,0.24,3,102.00,10,6820.29,9,8,28,org.apache.jackrabbit.webdav.jcr.AbstractResource,0.13,68,1,54,5,68,10,2,42,1262,1
"org.apache.jackrabbit.webdav.jcr.AbstractResource",44,0.03,1.68,201,2.60,74997.77,55,11,62,116,57,90.75,290,300,4,1,122.97,0.00,0.00,0.06,11,878.00,5,7814.76,0,27,53,java.lang.Object,0.00,72,0,74,8,72,17,4,74,1638,1
"org.apache.jackrabbit.webdav.jcr.AbstractResource$EListener",2,0.00,2.50,16,0.23,5155.98,5,3,62,9,6,150.12,5,23,0,1,110.24,0.00,0.00,0.33,0,2.00,4,691.99,0,0,6,java.lang.Object,0.00,7,0,5,0,7,2,1,3,145,0
"org.apache.jackrabbit.webdav.jcr.DavLocatorFactoryImpl",3,0.50,3.33,29,0.31,11701.27,4,1,3,15,3,58.74,26,39,1,2,106.85,0.00,0.50,0.67,0,1.00,5,942.47,0,2,2,org.apache.jackrabbit.webdav.AbstractLocatorFactory,0.00,12,1,10,0,12,1,0,7,196,1
"org.apache.jackrabbit.webdav.jcr.DavResourceFactoryImpl",6,0.07,4.00,75,1.19,55416.15,9,3,25,40,24,55.07,66,103,1,1,99.20,0.00,0.00,0.39,1,6.00,10,3565.99,0,4,23,java.lang.Object,0.00,34,0,24,0,34,2,1,14,634,1
"org.apache.jackrabbit.webdav.jcr.DefaultItemCollection",29,0.30,4.34,352,5.12,198837.94,31,2,68,160,42,51.72,315,490,3,3,100.20,1.50,0.33,0.21,8,61.00,14,15347.15,22,10,39,org.apache.jackrabbit.webdav.jcr.AbstractItemResource,0.16,131,2,126,3,131,19,1,86,2793,1
"org.apache.jackrabbit.webdav.jcr.DefaultItemResource",14,0.77,2.71,106,1.50,53090.74,15,1,42,65,26,62.96,121,148,1,3,111.06,0.00,0.67,0.29,2,38.00,8,4501.53,9,3,25,org.apache.jackrabbit.webdav.jcr.AbstractItemResource,0.04,51,2,38,0,51,11,0,24,851,1
"org.apache.jackrabbit.webdav.jcr.ItemResourceConstants",0,0.00,0.00,44,1.21,41677.09,43,43,9,4,28,171.00,69,45,20,1,171.00,0.00,0.00,0.00,0,0.00,0,3632.41,0,0,8,,0.00,4,0,0,0,4,0,0,24,541,1
"org.apache.jackrabbit.webdav.jcr.JcrDavException",4,0.00,1.25,40,0.72,23720.71,7,3,28,17,25,53.94,37,47,20,3,103.93,0.00,0.67,0.33,0,6.00,2,2160.82,0,1,5,org.apache.jackrabbit.webdav.DavException,0.23,13,2,5,0,13,3,0,6,444,1
"org.apache.jackrabbit.webdav.jcr.JcrDavSession",7,0.25,1.14,19,0.18,3149.66,9,2,6,13,21,106.63,48,28,18,1,138.85,0.00,0.00,0.29,1,3.00,2,525.97,0,3,3,java.lang.Object,0.00,6,0,8,2,6,4,1,9,137,2
"org.apache.jackrabbit.webdav.jcr.RootCollection",13,1.00,1.23,47,0.47,11146.16,14,1,18,32,14,97.83,85,63,1,2,130.06,0.00,0.50,0.08,2,24.00,4,1406.31,4,5,13,org.apache.jackrabbit.webdav.jcr.AbstractResource,0.07,19,1,16,0,19,8,0,18,320,1
"org.apache.jackrabbit.webdav.jcr.VersionControlledItemCollection",17,0.88,4.53,222,3.33,175212.82,18,1,38,86,27,59.94,205,300,1,4,97.50,0.00,0.75,0.18,4,0.00,17,9987.39,13,7,26,org.apache.jackrabbit.webdav.jcr.DefaultItemCollection,0.11,69,3,77,0,69,10,1,74,1766,1
"org.apache.jackrabbit.webdav.jcr.WorkspaceResourceImpl",25,0.83,1.72,140,1.82,72140.74,26,1,41,81,29,99.68,138,184,1,2,117.55,0.00,0.50,0.20,4,123.00,7,5450.69,9,10,28,org.apache.jackrabbit.webdav.jcr.AbstractResource,0.12,56,1,43,0,56,15,2,43,1063,1
"org.apache.jackrabbit.jca.test.AbstractTestCase",1,4.00,1.00,11,0.16,3622.63,7,6,4,5,2,154.12,25,17,1,2,104.13,1.00,0.33,0.33,0,0.00,1,471.00,0,0,1,junit.framework.TestCase,0.00,4,1,1,1,4,1,0,9,100,2
"org.apache.jackrabbit.jca.test.ConnectionFactoryTest",3,0.00,1.00,32,0.40,16027.98,3,0,9,14,4,56.24,24,37,0,3,104.34,0.00,0.67,0.00,0,0.00,1,1205.67,0,0,4,org.apache.jackrabbit.jca.test.AbstractTestCase,0.00,11,2,3,0,11,3,0,16,245,2
"org.apache.jackrabbit.webdav.io.InputContext",7,0.00,1.00,8,0.03,152.68,7,0,1,7,9,128.24,42,9,9,1,160.46,0.00,0.00,0.00,0,7.00,1,95.75,0,4,0,,0.00,0,0,7,0,0,3,0,8,41,1
"org.apache.jackrabbit.webdav.io.InputContextImpl",8,0.10,1.12,24,0.21,3268.16,11,3,6,15,3,182.61,14,34,1,1,132.61,0.00,0.00,0.25,0,16.00,2,633.69,0,4,2,java.lang.Object,0.00,7,0,9,0,7,4,1,3,162,1
"org.apache.jackrabbit.webdav.io.OutputContext",8,0.00,1.00,9,0.05,242.82,8,0,1,8,10,141.46,44,10,10,1,159.33,0.00,0.00,0.00,0,8.00,1,156.48,0,1,0,,0.00,0,0,8,0,0,7,0,9,58,1
"org.apache.jackrabbit.webdav.io.OutputContextImpl",9,0.04,1.78,32,0.30,5164.87,12,3,5,16,3,131.34,3,49,1,1,131.34,0.00,0.00,0.30,0,1.00,2,901.67,0,1,2,java.lang.Object,0.00,7,0,16,0,7,8,1,1,223,1
"org.apache.jackrabbit.core.query.lucene.fulltext.FastCharStream",13,0.00,1.15,38,0.26,5794.44,16,3,1,17,0,139.11,57,51,0,1,138.88,0.00,0.00,0.33,1,9.00,2,767.62,0,1,0,java.lang.Object,0.00,4,0,15,0,4,12,1,17,204,2
"org.apache.jackrabbit.core.util.DOMBuilder",8,0.11,1.25,32,0.34,5701.03,12,4,13,25,1,83.73,62,47,1,1,126.02,0.00,0.00,0.34,4,0.00,3,1028.15,0,0,0,java.lang.Object,0.00,17,0,10,0,17,8,0,13,248,2
"org.apache.jackrabbit.core.util.DOMWalker",8,0.10,2.62,69,0.77,23852.86,11,3,12,38,2,61.25,85,87,2,1,109.73,0.00,0.00,0.42,0,0.00,5,2301.70,0,4,0,java.lang.Object,0.00,30,0,21,0,30,4,0,12,478,2
"org.apache.jackrabbit.core.util.Dumpable",1,0.00,1.00,2,0.01,30.51,1,0,1,1,6,110.52,12,3,6,1,148.08,0.00,0.00,0.00,0,1.00,1,25.51,0,0,0,,0.00,0,0,1,0,0,1,0,2,11,1
"org.apache.jackrabbit.core.util.ReferenceChangeTracker",6,0.00,1.00,15,0.11,1477.31,8,2,4,14,5,98.65,45,22,4,1,140.94,0.00,0.00,0.50,0,2.00,1,341.15,0,2,1,java.lang.Object,0.00,8,0,6,0,8,4,0,9,99,1
"org.apache.jackrabbit.core.fs.local.FileUtil",3,0.00,5.00,45,0.58,43930.82,3,0,4,21,1,45.85,25,55,1,1,93.96,0.00,0.00,0.00,2,3.00,10,1739.07,0,0,0,java.lang.Object,0.00,18,0,15,0,18,3,0,8,316,2
"org.apache.jackrabbit.core.fs.local.HandleMonitor",6,0.00,1.50,29,0.31,6179.36,8,2,10,20,3,82.43,43,38,2,1,124.72,0.00,0.00,0.50,1,0.00,2,916.08,0,1,1,java.lang.Object,0.00,14,0,9,0,14,5,0,10,216,1
"org.apache.jackrabbit.core.fs.local.HandleMonitor$Handle",5,0.12,1.60,25,0.26,5536.58,7,2,10,16,1,102.97,29,35,0,1,120.85,0.00,0.00,0.60,1,2.00,3,794.92,0,1,1,java.lang.Object,0.00,11,0,8,0,11,4,0,8,184,1
"org.apache.jackrabbit.core.fs.local.HandleMonitor$Handle$MonitoredInputStream",3,1.00,1.00,9,0.07,820.15,4,1,10,5,1,134.25,13,13,0,3,134.01,0.00,0.67,0.33,0,4.00,1,213.99,1,0,1,org.apache.jackrabbit.util.LazyFileInputStream,0.19,2,2,3,0,2,3,0,5,60,1
"org.apache.jackrabbit.core.fs.local.LocalFileSystem",30,0.11,2.27,208,2.54,100680.83,33,3,14,68,12,134.63,101,286,5,1,114.02,0.00,0.00,0.44,3,0.00,6,7628.73,0,9,7,java.lang.Object,0.00,38,0,68,0,38,21,1,32,1571,1
"org.apache.jackrabbit.core.fs.local.LocalFileSystem$FileFilter",1,0.00,1.00,3,0.02,173.90,1,0,14,2,0,135.56,0,4,0,1,135.56,0.00,0.00,0.00,0,1.00,1,52.97,0,0,0,java.lang.Object,0.00,1,0,1,0,1,1,0,0,17,0
"org.apache.jackrabbit.core.fs.local.LocalFileSystem$FileFilter_0",1,0.00,1.00,3,0.02,173.90,1,0,14,2,0,135.56,0,4,0,1,135.56,0.00,0.00,0.00,0,1.00,1,52.97,0,0,0,java.lang.Object,0.00,1,0,1,0,1,1,0,0,17,0
"org.apache.jackrabbit.core.fs.local.RAFOutputStream",9,0.12,1.11,39,0.37,7311.79,15,6,3,14,2,93.38,59,50,1,3,125.60,0.00,0.67,0.28,2,17.00,2,1095.68,0,0,1,org.apache.jackrabbit.core.fs.RandomAccessOutputStream,0.30,5,2,10,0,5,9,0,17,260,0
"org.apache.jackrabbit.webdav.AbstractLocatorFactory",6,0.50,2.67,41,0.57,34923.76,8,2,3,20,6,130.23,110,55,3,1,112.10,0.00,0.00,0.08,1,10.00,10,1698.49,0,5,3,java.lang.Object,0.00,14,0,16,2,14,1,1,18,338,2
"org.apache.jackrabbit.webdav.AbstractLocatorFactory$DavResourceLocatorImpl",13,0.07,1.69,52,0.55,17056.71,18,5,3,28,4,81.58,100,72,0,1,123.87,0.00,0.00,0.14,4,92.00,4,1656.22,0,6,4,java.lang.Object,0.00,15,0,22,0,15,7,1,16,377,1
"org.apache.jackrabbit.webdav.DavCompliance",1,17.00,3.00,28,0.40,10777.39,18,17,2,5,3,35.01,9,29,3,1,85.01,0.00,0.00,0.00,0,1.00,3,1186.13,0,1,0,java.lang.Object,0.00,4,0,3,0,4,0,0,6,221,2
"org.apache.jackrabbit.webdav.DavConstants",0,0.00,0.00,71,1.58,35461.70,70,70,3,2,66,171.00,33,72,64,1,171.00,0.00,0.00,0.00,0,0.00,0,4728.23,0,0,2,,0.00,2,0,0,0,2,0,0,16,649,1
"org.apache.jackrabbit.webdav.DavException",9,0.02,1.22,40,0.42,7800.64,14,5,8,18,103,83.07,71,55,100,2,125.36,1.00,0.33,0.18,2,46.00,3,1264.72,0,3,4,java.lang.Exception,0.00,9,1,11,1,9,6,1,10,295,1
"org.apache.jackrabbit.webdav.DavLocatorFactory",3,0.00,1.00,4,0.04,214.66,3,0,0,3,11,136.25,43,5,11,1,156.40,0.00,0.00,0.00,0,3.00,1,114.84,0,3,1,,0.00,0,0,3,0,0,0,0,4,37,1
"org.apache.jackrabbit.webdav.DavMethods",6,0.01,1.83,129,2.16,77023.20,70,64,3,14,33,138.67,158,143,32,1,89.19,0.00,0.00,0.03,2,22.00,3,6494.58,0,0,1,java.lang.Object,0.00,8,0,11,0,8,6,0,41,1040,1
"org.apache.jackrabbit.webdav.DavResource",33,2.00,1.00,36,0.26,1586.50,35,2,13,33,74,115.46,246,37,61,1,157.76,0.00,0.00,0.00,0,33.00,1,780.30,0,14,17,,0.00,0,0,33,0,0,19,0,36,261,1
"org.apache.jackrabbit.webdav.DavResourceFactory",2,0.00,1.00,3,0.03,184.32,2,0,0,2,21,111.40,22,4,16,1,155.53,0.00,0.00,0.00,0,2.00,1,94.16,0,2,6,,0.00,0,0,2,0,0,0,0,3,28,1
"org.apache.jackrabbit.webdav.DavResourceIterator",2,0.00,1.00,3,0.01,65.85,2,0,1,2,14,126.83,13,4,14,2,159.05,0.00,0.50,0.00,0,2.00,1,38.73,0,1,1,,0.00,0,1,2,0,0,1,0,3,16,1
"org.apache.jackrabbit.webdav.DavResourceIteratorImpl",6,0.07,1.00,17,0.12,1618.56,9,3,4,12,7,140.86,26,24,5,1,140.63,0.00,0.00,0.28,1,6.00,1,363.10,0,2,2,java.lang.Object,0.00,6,0,6,0,6,4,1,7,102,1
"org.apache.jackrabbit.webdav.DavResourceLocator",10,0.00,1.00,11,0.05,222.33,10,0,0,10,37,118.10,75,12,37,1,160.39,0.00,0.00,0.00,0,10.00,1,148.22,0,6,1,,0.00,0,0,10,0,0,4,0,11,60,1
"org.apache.jackrabbit.webdav.DavServletRequest",18,0.00,1.00,19,0.11,592.92,18,0,8,18,15,110.94,160,20,6,2,159.05,0.00,0.50,0.00,0,18.00,1,326.60,0,9,9,,0.00,0,1,18,0,0,9,0,19,122,1
"org.apache.jackrabbit.webdav.DavServletResponse",5,6.00,1.00,12,0.12,1085.81,11,6,4,5,93,140.90,83,13,90,2,141.37,0.00,0.50,0.00,0,5.00,1,345.73,0,0,4,,0.00,0,1,5,0,0,5,0,12,91,1
"org.apache.jackrabbit.webdav.DavSession",5,0.00,1.00,6,0.03,160.93,5,0,0,5,15,126.91,31,7,15,1,159.13,0.00,0.00,0.00,0,5.00,1,102.12,0,1,0,,0.00,0,0,5,0,0,4,0,6,38,1
"org.apache.jackrabbit.webdav.DavSessionProvider",2,0.00,1.00,3,0.02,98.54,2,0,0,2,7,120.11,24,4,5,1,157.67,0.00,0.00,0.00,0,2.00,1,56.18,0,0,2,,0.00,0,0,2,0,0,2,0,3,20,1
"org.apache.jackrabbit.webdav.MultiStatus",9,0.25,1.89,45,0.61,16236.90,11,2,9,34,28,69.14,81,65,20,1,119.14,0.00,0.00,0.28,3,31.00,3,1817.74,0,3,8,java.lang.Object,0.00,25,0,17,0,25,6,2,13,388,1
"org.apache.jackrabbit.webdav.MultiStatusResponse",21,0.00,2.33,175,2.17,93094.60,28,7,15,67,34,60.30,175,217,20,1,108.40,0.00,0.00,0.14,4,145.00,7,6521.78,0,8,15,java.lang.Object,0.00,46,0,49,0,46,13,2,38,1261,1
"org.apache.jackrabbit.webdav.Status",5,0.12,2.80,53,0.69,43470.93,9,4,6,19,7,123.06,18,70,3,1,102.44,0.00,0.00,0.35,0,9.00,10,2073.30,0,2,4,java.lang.Object,0.00,14,0,14,0,14,3,2,8,387,1
"org.apache.jackrabbit.webdav.WebdavRequest",0,0.00,0.00,1,0.01,66.44,0,0,4,0,13,171.00,7,4,9,6,171.00,0.00,0.83,0.00,0,0.00,0,33.22,0,0,4,,0.00,0,5,0,0,0,0,0,1,10,1
"org.apache.jackrabbit.webdav.WebdavRequestImpl",86,0.00,1.67,370,3.88,122459.58,97,11,54,209,37,163.48,234,514,1,1,123.59,0.00,0.00,0.09,10,0.00,10,11641.03,0,60,36,java.lang.Object,0.00,123,0,144,0,123,26,2,58,2524,1
"org.apache.jackrabbit.webdav.WebdavResponse",0,0.00,0.00,1,0.01,39.30,0,0,1,0,6,171.00,7,3,5,3,171.00,0.00,0.67,0.00,0,0.00,0,19.65,0,0,1,,0.00,0,2,0,0,0,0,0,1,7,1
"org.apache.jackrabbit.webdav.WebdavResponseImpl",39,0.05,1.13,114,1.18,22014.27,41,2,24,95,16,188.07,72,160,1,1,138.07,0.00,0.00,0.45,2,0.00,3,3527.50,0,8,15,java.lang.Object,0.00,56,0,44,0,56,31,1,15,842,1
"org.apache.jackrabbit.core.state.xml.XMLPersistenceManager",0,0.00,0.00,1,0.03,257.00,0,0,1,0,2,171.00,5,4,0,3,171.00,0.00,0.67,0.00,0,0.00,0,76.15,0,0,2,org.apache.jackrabbit.core.persistence.xml.XMLPersistenceManager,0.00,0,2,0,0,0,0,1,1,20,1
"org.apache.jackrabbit.webdav.lock.AbstractActiveLock",1,0.00,4.00,15,0.24,8497.48,1,0,4,14,5,95.40,16,20,2,1,95.87,0.00,0.00,0.00,0,0.00,4,705.82,0,1,3,java.lang.Object,0.00,13,0,4,3,13,0,2,8,137,2
"org.apache.jackrabbit.webdav.lock.AbstractLockEntry",1,1.00,1.00,7,0.09,1748.72,2,1,6,7,5,65.46,10,9,2,1,113.94,0.00,0.00,0.00,0,0.00,1,274.40,0,1,3,java.lang.Object,0.00,6,0,1,3,6,0,2,2,65,2
"org.apache.jackrabbit.webdav.lock.ActiveLock",11,0.00,1.00,12,0.06,270.83,11,0,1,11,18,142.17,64,13,16,2,160.04,0.00,0.50,0.00,0,11.00,1,175.38,0,3,2,,0.00,0,1,11,0,0,8,0,12,69,1
"org.apache.jackrabbit.webdav.lock.DefaultActiveLock",13,0.08,1.23,36,0.34,6149.55,17,4,2,25,7,138.89,60,53,1,2,138.66,1.00,0.33,0.17,1,77.00,3,1022.08,0,4,6,org.apache.jackrabbit.webdav.lock.AbstractActiveLock,0.00,12,1,16,1,12,9,0,16,251,1
"org.apache.jackrabbit.webdav.lock.LockDiscovery",7,0.67,1.71,36,0.38,8856.86,8,1,10,22,11,78.08,55,46,5,2,120.37,0.00,0.50,0.43,1,10.00,3,1151.41,1,3,6,org.apache.jackrabbit.webdav.property.AbstractDavProperty,0.00,15,1,12,0,15,4,0,11,254,1
"org.apache.jackrabbit.webdav.lock.LockDiscovery$ALockImpl",13,0.50,1.38,46,0.43,7648.56,14,1,10,27,5,131.32,2,65,0,1,131.32,0.00,0.00,0.54,1,6.00,3,1304.15,0,5,5,java.lang.Object,0.00,14,0,18,0,14,8,1,2,317,2
"org.apache.jackrabbit.webdav.lock.LockEntry",2,0.00,1.00,3,0.01,65.85,2,0,1,2,6,126.83,13,4,3,2,159.05,0.00,0.50,0.00,0,2.00,1,38.73,0,2,3,,0.00,0,1,2,0,0,0,0,3,16,1
"org.apache.jackrabbit.webdav.lock.LockInfo",12,0.04,2.08,68,0.75,25973.41,19,7,10,29,20,70.39,100,89,13,1,118.49,0.00,0.00,0.18,0,64.00,9,2245.87,0,3,7,java.lang.Object,0.00,17,0,25,0,17,9,2,15,454,1
"org.apache.jackrabbit.webdav.lock.LockManager",5,0.00,1.00,6,0.07,360.30,5,0,2,5,12,107.89,51,10,7,1,156.37,0.00,0.00,0.00,0,5.00,1,198.80,0,3,6,,0.00,0,0,5,0,0,2,0,6,59,1
"org.apache.jackrabbit.webdav.lock.Scope",5,0.00,2.00,35,0.46,13558.49,10,5,8,23,28,69.99,36,46,24,1,112.28,0.00,0.00,0.20,1,10.00,3,1367.76,0,3,4,java.lang.Object,0.00,18,0,10,0,18,2,1,7,295,1
"org.apache.jackrabbit.webdav.lock.SimpleLockManager",7,0.50,4.14,69,1.13,54880.31,8,1,7,36,12,54.41,64,101,1,1,104.41,0.00,0.00,0.57,1,3.00,9,3395.61,0,4,11,java.lang.Object,0.00,29,0,29,0,29,3,1,17,644,1
"org.apache.jackrabbit.webdav.lock.SupportedLock",7,0.17,1.57,29,0.30,5532.01,8,1,6,19,6,83.33,52,41,2,2,125.62,0.00,0.50,0.86,0,0.00,3,913.94,1,3,4,org.apache.jackrabbit.webdav.property.AbstractDavProperty,0.00,12,1,11,0,12,4,0,10,213,1
"org.apache.jackrabbit.webdav.lock.SupportedLock$WriteLockEntry",3,1.00,1.67,12,0.13,3382.38,4,1,6,7,2,92.17,19,18,0,2,124.39,0.00,0.50,0.33,0,4.00,3,379.23,0,1,2,org.apache.jackrabbit.webdav.lock.AbstractLockEntry,0.00,4,1,5,0,4,2,0,4,92,3
"org.apache.jackrabbit.webdav.lock.Type",5,0.00,2.00,34,0.42,12158.88,9,4,8,23,23,72.86,35,45,19,1,115.15,0.00,0.00,0.25,1,10.00,3,1273.82,0,3,4,java.lang.Object,0.00,18,0,10,0,18,2,1,7,276,1
"org.apache.jackrabbit.core.observation.ChangeLogBasedHierarchyMgr",2,0.00,1.00,9,0.10,1165.82,3,1,19,6,15,126.29,32,20,1,2,126.76,0.00,0.50,1.00,0,0.00,1,304.74,0,1,14,org.apache.jackrabbit.core.HierarchyManagerImpl,0.00,4,1,2,0,4,1,0,5,75,0
"org.apache.jackrabbit.core.observation.ChangeLogBasedHierarchyMgr$AtticItemStateManager",5,0.50,1.40,21,0.19,3846.96,6,1,19,13,8,93.52,33,27,0,1,125.74,0.00,0.00,0.60,0,2.00,2,574.21,0,2,8,java.lang.Object,0.00,8,0,7,0,8,3,1,6,138,2
"org.apache.jackrabbit.core.observation.ChangeLogBasedHierarchyMgr$ChangeLogItemStateManager",5,0.12,1.80,22,0.20,4078.84,7,2,19,9,8,77.37,42,35,0,1,125.48,0.00,0.00,0.40,0,7.00,3,601.53,0,2,8,java.lang.Object,0.00,4,0,9,0,4,3,1,11,145,2
"org.apache.jackrabbit.core.observation.DelegatingObservationDispatcher",7,0.25,1.29,29,0.31,8036.99,9,2,7,21,10,82.10,49,43,4,2,124.39,0.00,0.50,0.29,1,10.00,3,929.51,0,0,6,org.apache.jackrabbit.core.observation.EventDispatcher,0.40,14,1,9,0,14,7,0,13,210,1
"org.apache.jackrabbit.core.observation.DispatchAction",3,0.25,1.00,10,0.05,504.44,5,2,1,3,2,85.68,27,14,1,1,135.68,0.00,0.00,0.33,0,5.00,1,154.86,0,1,1,java.lang.Object,0.00,0,0,3,0,0,2,0,6,48,0
"org.apache.jackrabbit.core.observation.EventConsumer",8,0.21,4.00,84,1.09,37288.68,14,6,17,34,12,66.93,98,121,4,1,104.49,0.00,0.00,0.35,0,0.00,8,3257.95,0,2,8,java.lang.Object,0.00,26,0,32,0,26,6,0,24,620,0
"org.apache.jackrabbit.core.observation.EventDispatcher",3,0.00,1.00,4,0.03,113.75,3,0,1,3,4,116.28,22,5,3,1,158.57,0.00,0.00,0.00,0,3.00,1,75.83,0,0,2,java.lang.Object,0.00,0,0,3,2,0,3,0,4,27,1
"org.apache.jackrabbit.core.observation.EventFilter",4,0.15,4.25,70,0.92,67307.65,13,9,10,24,11,138.76,92,88,4,1,91.49,0.00,0.00,0.22,0,6.00,14,2769.94,0,2,7,java.lang.Object,0.00,20,0,17,1,20,2,0,27,482,0
"org.apache.jackrabbit.core.observation.EventFilter$BlockAllFilter",2,0.00,1.00,5,0.03,264.06,2,0,10,2,2,143.31,8,8,0,2,143.07,0.00,0.50,0.00,0,2.00,1,97.53,0,0,2,org.apache.jackrabbit.core.observation.EventFilter,0.33,0,1,2,0,0,2,0,2,32,3
"org.apache.jackrabbit.core.observation.EventImpl",9,0.06,1.78,51,0.61,22232.83,13,4,10,31,11,75.79,70,72,4,1,118.08,0.00,0.00,0.31,4,0.00,4,1828.10,0,5,7,java.lang.Object,0.00,22,0,16,0,22,4,1,16,391,2
"org.apache.jackrabbit.core.observation.EventListenerIteratorImpl",9,0.06,1.78,44,0.35,7894.05,13,4,7,19,2,93.01,61,62,1,1,125.23,0.00,0.00,0.19,3,21.00,4,1062.49,0,2,1,java.lang.Object,0.00,10,0,16,0,10,7,1,15,253,0
"org.apache.jackrabbit.core.observation.EventState",21,0.02,1.81,117,1.38,42818.43,33,12,15,40,16,70.25,223,223,10,1,118.73,0.00,0.00,0.10,2,196.00,6,4125.18,0,17,6,java.lang.Object,0.00,19,0,38,0,19,4,0,37,876,1
"org.apache.jackrabbit.core.observation.EventStateCollection",15,0.01,3.20,196,3.65,588386.88,20,5,26,73,37,55.44,192,304,21,1,93.01,0.00,0.00,0.21,5,113.00,26,10948.12,0,9,17,java.lang.Object,0.00,58,0,48,0,58,6,0,75,1722,2
"org.apache.jackrabbit.core.observation.EventStateCollectionFactory",1,0.00,1.00,2,0.01,38.26,1,0,1,1,9,97.31,9,3,8,1,147.31,0.00,0.00,0.00,0,1.00,1,25.51,0,0,1,,0.00,0,0,1,0,0,1,0,2,11,1
"org.apache.jackrabbit.core.observation.FilteredEventIterator",9,0.02,1.67,41,0.38,9837.27,15,6,8,20,5,82.20,64,60,1,1,124.50,0.00,0.00,0.19,2,24.00,5,1139.47,0,2,4,java.lang.Object,0.00,11,0,15,0,11,7,1,17,260,0
"org.apache.jackrabbit.core.observation.MixinTest",5,0.00,1.20,67,0.98,31253.22,5,0,6,18,3,81.64,27,81,1,5,99.51,0.00,0.80,0.00,1,0.00,2,2925.22,2,0,2,org.apache.jackrabbit.test.api.observation.AbstractObservationTest,0.00,13,4,6,0,13,5,0,7,555,1
"org.apache.jackrabbit.core.observation.ObservationDispatcher",10,0.17,2.30,95,1.01,22154.34,19,9,10,41,9,60.76,83,117,4,2,108.87,0.00,0.50,0.27,2,34.00,4,3018.89,0,2,5,org.apache.jackrabbit.core.observation.EventDispatcher,0.31,31,1,23,0,31,8,1,32,620,2
"org.apache.jackrabbit.core.observation.ObservationManagerImpl",6,0.25,2.50,57,0.72,34950.81,10,4,14,26,15,57.44,51,92,1,1,105.54,0.00,0.00,0.46,2,0.00,6,2167.78,0,1,14,java.lang.Object,0.00,20,0,15,0,20,5,2,15,417,1
"org.apache.jackrabbit.core.observation.ReorderTest",1,0.00,3.00,26,0.41,18040.07,1,0,6,13,4,98.23,34,31,1,5,84.45,0.00,0.80,0.00,0,0.00,3,1234.58,4,0,3,org.apache.jackrabbit.test.api.observation.AbstractObservationTest,0.00,12,4,3,0,12,1,0,6,215,1
"org.apache.jackrabbit.core.observation.SynchronousEventListener",0,0.00,0.00,1,0.01,31.02,0,0,1,0,0,171.00,8,2,0,2,171.00,0.00,0.50,0.00,0,0.00,0,15.51,0,0,0,,0.00,0,1,0,0,0,0,0,1,6,1
"org.apache.jackrabbit.core.observation.TestAll",1,0.00,1.00,7,0.06,1740.69,1,0,3,3,3,69.83,11,9,0,2,113.96,0.00,0.50,0.00,0,1.00,1,186.48,0,1,3,junit.framework.TestCase,0.00,2,1,1,0,2,0,0,2,47,1
"org.apache.jackrabbit.core.observation.VersionEventsTest",5,0.00,2.00,109,1.60,53265.73,5,0,12,30,4,47.51,35,108,1,5,89.80,0.00,0.80,0.00,0,0.00,2,4788.47,2,0,3,org.apache.jackrabbit.test.api.observation.AbstractObservationTest,0.00,25,4,10,0,25,5,0,17,812,1
"org.apache.jackrabbit.webdav.client.methods.AclMethod",3,1.00,1.00,9,0.08,986.02,4,1,6,4,4,133.62,13,13,0,3,133.38,0.00,0.67,0.00,0,3.00,1,231.63,1,1,4,org.apache.jackrabbit.webdav.client.methods.DavMethodBase,0.29,1,2,3,0,1,2,0,5,62,1
"org.apache.jackrabbit.webdav.client.methods.BaselineControlMethod",4,1.00,1.50,17,0.20,4536.91,5,1,10,12,5,145.01,15,25,0,3,124.39,0.00,0.67,0.00,0,6.00,3,588.62,1,1,5,org.apache.jackrabbit.webdav.client.methods.DavMethodBase,0.27,8,2,6,0,8,3,0,8,129,1
"org.apache.jackrabbit.webdav.client.methods.CheckinMethod",4,1.00,1.00,11,0.09,1052.69,5,1,5,8,4,161.33,13,16,0,3,140.71,0.00,0.67,0.00,0,4.00,1,261.63,0,2,4,org.apache.jackrabbit.webdav.client.methods.DavMethodBase,0.27,4,2,4,0,4,2,0,5,72,1
"org.apache.jackrabbit.webdav.client.methods.CheckoutMethod",3,1.00,1.00,8,0.07,852.87,4,1,4,4,3,140.68,13,12,0,3,140.45,0.00,0.67,0.00,0,3.00,1,195.03,0,1,3,org.apache.jackrabbit.webdav.client.methods.DavMethodBase,0.29,1,2,3,0,1,2,0,5,54,1
"org.apache.jackrabbit.webdav.client.methods.CopyMethod",4,1.00,1.25,14,0.14,2186.13,5,1,7,7,6,99.37,27,20,0,3,131.59,0.00,0.67,0.00,0,4.00,2,432.39,1,1,6,org.apache.jackrabbit.webdav.client.methods.DavMethodBase,0.27,3,2,5,0,3,3,0,7,108,1
"org.apache.jackrabbit.webdav.client.methods.DavMethod",7,0.00,1.00,8,0.05,281.99,7,0,6,7,4,116.07,55,9,1,2,158.36,0.00,0.50,0.00,0,7.00,1,153.73,0,3,3,,0.00,0,1,7,0,0,4,0,8,55,1
"org.apache.jackrabbit.webdav.client.methods.DavMethodBase",18,0.07,1.72,84,0.82,20637.41,23,5,23,40,36,106.45,97,118,27,2,124.32,27.00,0.03,0.13,7,98.00,5,2450.84,1,5,9,org.apache.commons.httpclient.methods.EntityEnclosingMethod,0.00,22,1,31,27,22,13,2,29,550,2
"org.apache.jackrabbit.webdav.client.methods.DeleteMethod",3,1.00,1.00,8,0.07,852.87,4,1,4,4,3,190.45,3,12,0,3,140.45,0.00,0.67,0.00,0,3.00,1,195.03,0,1,3,org.apache.jackrabbit.webdav.client.methods.DavMethodBase,0.29,1,2,3,0,1,2,0,1,54,1
"org.apache.jackrabbit.webdav.client.methods.LabelMethod",5,1.00,1.00,14,0.15,2114.30,6,1,7,9,5,106.87,34,21,0,3,139.09,0.00,0.67,0.00,0,5.00,1,459.83,2,1,5,org.apache.jackrabbit.webdav.client.methods.DavMethodBase,0.26,4,2,5,0,4,4,0,8,117,1
"org.apache.jackrabbit.webdav.client.methods.LockMethod",10,0.11,1.90,68,0.70,16423.17,13,3,21,32,14,68.40,82,89,0,3,116.50,0.00,0.67,0.23,2,38.00,3,2095.43,6,3,14,org.apache.jackrabbit.webdav.client.methods.DavMethodBase,0.32,22,2,19,0,22,7,0,23,451,1
"org.apache.jackrabbit.webdav.client.methods.MergeMethod",3,1.00,1.00,9,0.08,986.02,4,1,6,4,4,133.62,14,13,0,3,133.38,0.00,0.67,0.00,0,3.00,1,231.63,1,1,4,org.apache.jackrabbit.webdav.client.methods.DavMethodBase,0.29,1,2,3,0,1,2,0,6,62,1
"org.apache.jackrabbit.webdav.client.methods.MkActivityMethod",3,1.00,1.00,8,0.07,852.87,4,1,4,4,3,140.68,12,12,0,3,140.45,0.00,0.67,0.00,0,3.00,1,195.03,0,1,3,org.apache.jackrabbit.webdav.client.methods.DavMethodBase,0.29,1,2,3,0,1,2,0,5,54,1
"org.apache.jackrabbit.webdav.client.methods.MkColMethod",3,1.00,1.00,8,0.07,852.87,4,1,4,4,3,140.68,13,12,0,3,140.45,0.00,0.67,0.00,0,3.00,1,195.03,0,1,3,org.apache.jackrabbit.webdav.client.methods.DavMethodBase,0.29,1,2,3,0,1,2,0,5,54,1
"org.apache.jackrabbit.webdav.client.methods.MkWorkspaceMethod",3,1.00,1.00,8,0.07,852.87,4,1,4,4,3,140.68,13,12,0,3,140.45,0.00,0.67,0.00,0,3.00,1,195.03,0,1,3,org.apache.jackrabbit.webdav.client.methods.DavMethodBase,0.29,1,2,3,0,1,2,0,5,54,1
"org.apache.jackrabbit.webdav.client.methods.MoveMethod",3,1.00,1.00,10,0.10,1512.24,4,1,6,5,5,132.16,14,14,0,3,131.92,0.00,0.67,0.00,0,3.00,1,305.81,1,1,5,org.apache.jackrabbit.webdav.client.methods.DavMethodBase,0.29,2,2,3,0,2,2,0,5,78,1
"org.apache.jackrabbit.webdav.client.methods.OptionsMethod",9,0.38,1.44,37,0.36,6996.76,11,2,13,24,5,125.93,42,48,0,3,125.69,0.00,0.67,0.17,0,18.00,3,1084.63,2,3,5,org.apache.jackrabbit.webdav.client.methods.DavMethodBase,0.22,15,2,13,0,15,6,0,10,255,1
"org.apache.jackrabbit.webdav.client.methods.OrderPatchMethod",5,1.00,1.40,21,0.27,6213.14,6,1,8,9,6,74.10,45,27,0,3,124.10,0.00,0.67,0.00,0,5.00,2,822.48,1,1,6,org.apache.jackrabbit.webdav.client.methods.DavMethodBase,0.26,4,2,7,0,4,4,0,8,183,1
"org.apache.jackrabbit.webdav.client.methods.PollMethod",6,0.20,2.00,38,0.37,7973.71,8,2,17,18,10,117.45,25,52,0,3,117.22,0.00,0.67,0.33,1,10.00,3,1116.24,5,2,10,org.apache.jackrabbit.webdav.client.methods.DavMethodBase,0.25,12,2,12,0,12,4,1,8,241,1
"org.apache.jackrabbit.webdav.client.methods.PollMethod$EventBundle",1,0.00,1.00,3,0.02,254.64,1,0,17,2,0,134.26,0,4,0,1,134.26,0.00,0.00,0.00,0,1.00,1,70.91,0,1,0,java.lang.Object,0.00,1,0,1,0,1,0,0,0,21,0
"org.apache.jackrabbit.webdav.client.methods.PropFindMethod",6,1.00,1.83,32,0.43,17471.01,7,1,11,19,6,157.39,17,49,0,3,117.51,0.00,0.67,0.00,0,14.00,6,1291.97,2,1,6,org.apache.jackrabbit.webdav.client.methods.DavMethodBase,0.25,13,2,11,0,13,5,0,9,257,1
"org.apache.jackrabbit.webdav.client.methods.PropPatchMethod",7,0.00,4.57,108,1.55,84388.99,10,3,23,47,14,62.42,43,135,0,3,94.64,0.00,0.67,0.33,0,8.00,10,4639.40,3,3,14,org.apache.jackrabbit.webdav.client.methods.DavMethodBase,0.36,40,2,32,0,40,4,1,17,798,1
"org.apache.jackrabbit.webdav.client.methods.PutMethod",3,1.00,1.00,8,0.07,1087.83,4,1,4,4,3,139.85,14,12,0,3,139.62,0.00,0.67,0.00,0,3.00,1,221.36,0,1,3,org.apache.jackrabbit.webdav.client.methods.DavMethodBase,0.29,1,2,3,0,1,2,0,5,60,1
"org.apache.jackrabbit.webdav.client.methods.ReportMethod",3,0.25,1.33,16,0.16,3318.58,5,2,8,6,6,103.02,16,21,0,3,120.89,0.00,0.67,0.33,0,1.00,2,483.01,2,1,6,org.apache.jackrabbit.webdav.client.methods.DavMethodBase,0.29,3,2,4,0,3,2,0,5,113,1
"org.apache.jackrabbit.webdav.client.methods.SearchMethod",5,1.00,1.20,16,0.17,3122.64,6,1,7,7,5,171.03,14,23,0,3,131.15,0.00,0.67,0.00,0,5.00,2,503.67,1,1,5,org.apache.jackrabbit.webdav.client.methods.DavMethodBase,0.26,2,2,6,0,2,4,0,6,125,1
"org.apache.jackrabbit.webdav.client.methods.SubscribeMethod",8,0.29,2.25,55,0.61,15079.74,10,2,20,30,13,83.77,52,76,0,3,115.99,0.00,0.67,0.25,1,26.00,4,1839.45,6,3,13,org.apache.jackrabbit.webdav.client.methods.DavMethodBase,0.23,22,2,18,0,22,5,1,13,384,1
"org.apache.jackrabbit.webdav.client.methods.UnLockMethod",3,1.00,1.00,10,0.09,1315.22,4,1,8,5,6,132.63,14,14,0,3,132.40,0.00,0.67,0.00,0,3.00,1,277.61,1,1,6,org.apache.jackrabbit.webdav.client.methods.DavMethodBase,0.29,2,2,3,0,2,2,0,5,71,1
"org.apache.jackrabbit.webdav.client.methods.UnSubscribeMethod",3,1.00,1.00,9,0.08,1019.55,4,1,5,4,4,183.27,5,13,0,3,133.27,0.00,0.67,0.00,0,3.00,1,235.33,1,1,4,org.apache.jackrabbit.webdav.client.methods.DavMethodBase,0.29,1,2,3,0,1,2,0,3,63,1
"org.apache.jackrabbit.webdav.client.methods.UncheckoutMethod",3,1.00,1.00,8,0.07,852.87,4,1,4,4,3,140.68,13,12,0,3,140.45,0.00,0.67,0.00,0,3.00,1,195.03,0,1,3,org.apache.jackrabbit.webdav.client.methods.DavMethodBase,0.29,1,2,3,0,1,2,0,5,54,1
"org.apache.jackrabbit.webdav.client.methods.UpdateMethod",3,1.00,1.00,9,0.08,986.02,4,1,6,4,4,133.62,13,13,0,3,133.38,0.00,0.67,0.00,0,3.00,1,231.63,1,1,4,org.apache.jackrabbit.webdav.client.methods.DavMethodBase,0.29,1,2,3,0,1,2,0,5,62,1
"org.apache.jackrabbit.webdav.client.methods.VersionControlMethod",3,1.00,1.00,8,0.07,852.87,4,1,4,4,3,140.68,13,12,0,3,140.45,0.00,0.67,0.00,0,3.00,1,195.03,0,1,3,org.apache.jackrabbit.webdav.client.methods.DavMethodBase,0.29,1,2,3,0,1,2,0,5,54,1
"org.apache.jackrabbit.webdav.client.methods.XmlRequestEntity",5,0.00,1.00,19,0.19,3227.35,7,2,10,18,1,131.08,3,25,1,1,131.08,0.00,0.00,0.50,0,0.00,1,580.84,0,1,0,java.lang.Object,0.00,13,0,5,0,13,4,1,1,138,1
"org.apache.jackrabbit.core.query.xpath.QueryBuilder",4,0.00,1.00,9,0.09,1185.23,4,0,5,7,4,140.54,16,17,0,1,140.31,0.00,0.00,0.00,0,4.00,1,278.72,0,3,4,java.lang.Object,0.00,3,0,4,0,3,1,1,5,75,1
"org.apache.jackrabbit.core.query.xpath.QueryFormat",17,0.17,4.82,310,4.53,267091.47,20,3,28,83,25,130.65,40,363,2,1,90.77,0.00,0.00,0.49,1,0.00,22,13594.69,0,15,24,java.lang.Object,0.00,66,0,82,0,66,2,2,11,2339,0
"org.apache.jackrabbit.core.query.xpath.SimpleNode",20,0.06,1.45,68,0.59,15165.52,25,5,0,27,2,130.44,17,90,2,1,130.44,0.00,0.00,0.14,3,204.00,4,1780.14,0,5,0,java.lang.Object,0.00,7,0,29,0,7,15,1,6,430,1
"org.apache.jackrabbit.core.query.xpath.XPathQueryBuilder",15,0.06,10.33,485,9.45,948086.65,50,35,32,125,30,94.65,276,631,3,1,76.51,0.00,0.00,0.09,7,20.00,55,28341.86,0,9,28,java.lang.Object,0.00,110,0,155,0,110,6,2,101,4246,1
"org.apache.jackrabbit.core.query.xpath.XPathQueryBuilder$DefaultQueryNodeVisitor",1,0.00,2.00,7,0.11,2802.00,1,0,32,5,2,112.17,0,11,0,1,112.17,0.00,0.00,0.00,0,0.00,2,318.00,0,1,2,java.lang.Object,0.00,4,0,2,0,4,0,0,0,66,0
"org.apache.jackrabbit.core.fs.db.DB2FileSystem",2,0.00,1.00,12,0.12,1751.23,2,0,0,2,1,145.09,39,29,0,3,118.80,0.00,0.67,0.00,0,0.00,1,371.78,1,0,1,org.apache.jackrabbit.core.fs.db.DbFileSystem,0.05,0,2,2,0,0,2,0,5,88,1
"org.apache.jackrabbit.core.fs.db.DatabaseFileSystem",44,0.07,3.57,610,8.07,367455.86,71,27,29,123,9,80.40,263,920,3,1,98.27,0.00,0.00,0.10,23,0.00,10,24196.56,0,10,7,java.lang.Object,0.00,79,0,157,5,79,34,1,97,4367,1
"org.apache.jackrabbit.core.fs.db.DatabaseFileSystem$FileOutputStream",1,0.00,4.00,19,0.28,16150.94,1,0,29,12,0,139.84,1,41,0,1,89.84,0.00,0.00,0.00,0,0.00,4,825.06,1,0,0,java.lang.Object,0.00,11,0,4,0,11,1,0,1,154,0
"org.apache.jackrabbit.core.fs.db.DatabaseFileSystem$FilterInputStream",1,0.00,1.00,4,0.02,218.17,1,0,29,2,0,180.12,1,5,0,1,130.12,0.00,0.00,0.00,0,1.00,1,68.97,1,0,0,java.lang.Object,0.00,1,0,1,0,1,1,0,1,21,0
"org.apache.jackrabbit.core.fs.db.DatabaseFileSystem$RandomAccessOutputStream",6,0.20,1.50,29,0.38,17577.46,7,1,29,21,0,121.15,3,57,0,1,121.15,0.00,0.00,0.83,0,0.00,4,1137.18,0,0,0,java.lang.Object,0.00,15,0,9,0,15,6,0,3,238,0
"org.apache.jackrabbit.core.fs.db.DatabaseFileSystem$SizedInputStream",7,0.08,1.00,22,0.17,2593.31,9,2,29,7,0,132.97,0,30,0,2,132.97,0.00,0.50,0.43,0,0.00,1,512.17,2,0,0,org.apache.jackrabbit.core.fs.db.FilterInputStream,0.00,0,1,7,0,0,7,0,0,134,0
"org.apache.jackrabbit.core.fs.db.DbFileSystem",11,0.02,1.64,34,0.36,16891.87,15,4,3,14,5,79.89,97,53,5,2,128.00,3.00,0.20,0.27,0,29.00,8,1089.54,1,5,1,org.apache.jackrabbit.core.fs.db.DatabaseFileSystem,0.07,3,1,18,3,3,6,0,11,264,1
"org.apache.jackrabbit.core.fs.db.DerbyFileSystem",4,0.00,1.75,24,0.24,5393.52,6,2,5,14,1,97.06,58,33,0,3,117.20,0.00,0.67,0.50,0,0.00,4,709.00,0,0,1,org.apache.jackrabbit.core.fs.db.DbFileSystem,0.00,10,2,7,0,10,4,0,16,152,1
"org.apache.jackrabbit.core.fs.db.JNDIDatabaseFileSystem",3,0.50,1.00,10,0.08,1276.06,4,1,5,6,1,88.37,33,14,0,2,132.50,0.00,0.50,0.67,0,1.00,1,241.45,0,2,1,org.apache.jackrabbit.core.fs.db.DatabaseFileSystem,0.04,3,1,3,0,3,1,0,7,64,1
"org.apache.jackrabbit.core.fs.db.OracleFileSystem",8,0.11,3.38,135,2.19,90486.50,12,4,24,55,6,64.50,110,234,0,3,93.88,0.00,0.67,0.34,0,0.00,7,6564.10,6,3,6,org.apache.jackrabbit.core.fs.db.DbFileSystem,0.14,47,2,27,0,47,5,0,25,1133,1
"org.apache.jackrabbit.core.fs.db.OracleFileSystem$FileOutputStream",1,0.00,7.00,26,0.34,21199.20,1,0,24,12,0,133.70,1,53,0,1,83.70,0.00,0.00,0.00,0,1.00,7,1028.07,1,0,0,java.lang.Object,0.00,11,0,7,0,11,1,0,1,187,0
"org.apache.jackrabbit.core.fs.db.OracleFileSystem$RandomAccessOutputStream",6,0.20,2.00,36,0.45,22625.71,7,1,24,21,0,113.65,3,69,0,1,113.65,0.00,0.00,0.83,0,0.00,7,1340.19,0,0,0,java.lang.Object,0.00,15,0,12,0,15,6,0,3,271,0
"org.apache.jackrabbit.rmi.client.ClientAdapterFactory",25,0.00,1.00,51,0.49,5385.97,25,0,51,50,49,123.52,137,84,2,1,141.40,0.00,0.00,0.00,0,25.00,1,1472.03,0,25,47,java.lang.Object,0.00,25,0,25,1,25,0,1,26,398,1
"org.apache.jackrabbit.rmi.client.ClientItem",15,0.14,1.87,61,0.54,10599.67,17,2,7,31,8,126.20,65,99,3,1,125.96,0.00,0.00,0.37,3,0.00,4,1605.61,2,5,5,org.apache.jackrabbit.rmi.client.ClientObject,0.00,16,1,28,4,16,10,1,18,391,1
"org.apache.jackrabbit.rmi.client.ClientItemDefinition",7,0.17,2.00,33,0.27,5776.31,8,1,5,15,8,146.03,27,54,3,1,125.42,0.00,0.00,0.86,0,0.00,3,802.19,1,2,5,org.apache.jackrabbit.rmi.client.ClientObject,0.00,8,1,14,2,8,5,1,9,196,1
"org.apache.jackrabbit.rmi.client.ClientLock",8,0.07,1.75,32,0.25,4610.01,10,2,5,16,4,147.29,29,53,1,1,126.67,0.00,0.00,0.44,0,0.00,2,747.66,0,3,3,java.lang.Object,0.00,8,0,14,0,8,5,1,11,191,1
"org.apache.jackrabbit.rmi.client.ClientNamespaceRegistry",7,0.17,1.86,29,0.28,6048.57,8,1,4,14,5,145.89,24,52,1,1,125.27,0.00,0.00,0.86,0,0.00,2,841.90,0,4,4,org.apache.jackrabbit.rmi.client.ClientObject,0.00,7,1,13,0,7,3,1,9,202,1
"org.apache.jackrabbit.rmi.client.ClientNode",60,0.22,1.93,261,3.07,75411.04,61,1,21,115,10,173.98,87,444,3,2,123.98,2.00,0.25,0.78,2,0.00,3,9208.95,4,35,7,org.apache.jackrabbit.rmi.client.ClientItem,0.02,55,2,116,2,55,25,1,62,2060,1
"org.apache.jackrabbit.rmi.client.ClientNodeDefinition",4,0.33,2.00,21,0.18,4058.46,5,1,5,9,6,103.22,20,33,1,2,121.09,0.00,0.50,0.75,0,0.00,3,534.47,2,2,5,org.apache.jackrabbit.rmi.client.ClientItemDefinition,0.00,5,2,8,0,5,2,1,6,128,1
"org.apache.jackrabbit.rmi.client.ClientNodeType",19,0.17,2.05,92,0.87,24024.84,20,1,9,38,8,163.84,55,143,1,1,123.95,0.00,0.00,0.84,2,0.00,3,2616.03,1,10,7,org.apache.jackrabbit.rmi.client.ClientObject,0.00,19,1,39,0,19,9,1,23,607,1
"org.apache.jackrabbit.rmi.client.ClientNodeTypeManager",5,0.25,1.80,21,0.22,4300.41,6,1,6,12,5,125.53,22,37,1,1,125.30,0.00,0.00,0.80,0,0.00,2,664.49,1,4,4,org.apache.jackrabbit.rmi.client.ClientObject,0.00,7,1,9,1,7,1,1,7,158,1
"org.apache.jackrabbit.rmi.client.ClientObject",5,0.25,2.20,31,0.28,9762.21,6,1,10,11,19,71.75,57,38,12,1,115.88,0.00,0.00,0.80,1,0.00,3,840.77,0,4,7,java.lang.Object,0.00,6,0,11,26,6,1,0,8,196,1
"org.apache.jackrabbit.rmi.client.ClientObservationManager",5,0.08,1.60,25,0.28,6185.99,8,3,9,15,6,72.36,42,43,1,1,120.47,0.00,0.00,0.40,1,1.00,2,844.74,0,2,5,org.apache.jackrabbit.rmi.client.ClientObject,0.00,10,1,8,0,10,3,1,10,190,1
"org.apache.jackrabbit.rmi.client.ClientProperty",25,0.71,1.64,96,0.96,22749.91,26,1,12,46,6,130.02,124,145,1,2,129.79,0.00,0.50,0.32,3,97.00,3,2872.28,2,7,5,org.apache.jackrabbit.rmi.client.ClientItem,0.00,21,2,41,0,21,18,1,27,686,1
"org.apache.jackrabbit.rmi.client.ClientPropertyDefinition",5,0.25,1.80,21,0.17,3273.31,6,1,4,10,5,126.47,21,36,1,2,126.23,0.00,0.50,0.80,0,0.00,2,513.29,0,2,4,org.apache.jackrabbit.rmi.client.ClientItemDefinition,0.00,5,2,9,0,5,3,1,7,130,1
"org.apache.jackrabbit.rmi.client.ClientQuery",6,0.10,1.83,27,0.25,4721.00,8,2,7,14,6,125.83,24,45,1,1,125.60,0.00,0.00,0.58,0,0.00,2,753.79,2,5,5,org.apache.jackrabbit.rmi.client.ClientObject,0.00,8,1,11,0,8,1,1,9,182,1
"org.apache.jackrabbit.rmi.client.ClientQueryManager",4,0.17,1.75,21,0.23,4995.83,6,2,8,11,7,102.54,22,35,1,1,120.41,0.00,0.00,0.62,0,0.00,2,691.38,1,3,6,org.apache.jackrabbit.rmi.client.ClientObject,0.00,7,1,7,0,7,1,1,8,157,1
"org.apache.jackrabbit.rmi.client.ClientQueryResult",4,0.00,1.75,19,0.19,3460.84,6,2,7,10,5,107.41,22,32,1,1,125.28,0.00,0.00,0.50,0,0.00,2,559.34,1,3,4,org.apache.jackrabbit.rmi.client.ClientObject,0.00,6,1,7,0,6,1,1,7,134,1
"org.apache.jackrabbit.rmi.client.ClientRepository",7,0.17,1.86,33,0.36,7866.13,8,1,7,13,7,144.99,23,55,1,1,124.38,0.00,0.00,0.86,0,0.00,2,1078.16,1,6,6,org.apache.jackrabbit.rmi.client.ClientObject,0.00,6,1,13,0,6,1,1,9,243,1
"org.apache.jackrabbit.rmi.client.ClientRepositoryFactory",5,0.38,1.80,22,0.26,5586.40,7,2,13,15,4,80.28,58,37,1,1,124.40,0.00,0.00,0.20,1,11.00,4,782.70,0,3,3,java.lang.Object,0.00,10,0,9,0,10,2,1,8,175,1
"org.apache.jackrabbit.rmi.client.ClientRow",3,0.50,1.67,12,0.11,2092.92,4,1,5,6,3,108.16,17,20,1,1,126.03,0.00,0.00,0.67,0,1.00,2,316.43,0,2,2,java.lang.Object,0.00,3,0,5,0,3,1,1,5,79,1
"org.apache.jackrabbit.rmi.client.ClientSession",32,0.01,2.16,158,1.82,45736.65,36,4,28,75,8,144.13,105,273,1,1,123.52,0.00,0.00,0.26,1,0.00,5,5471.50,2,15,7,org.apache.jackrabbit.rmi.client.ClientObject,0.00,43,1,69,0,43,17,1,39,1182,1
"org.apache.jackrabbit.rmi.client.ClientVersion",6,0.40,2.00,32,0.32,9448.27,7,1,7,13,5,101.72,33,47,1,3,119.59,0.00,0.67,0.67,1,0.00,3,963.49,2,5,4,org.apache.jackrabbit.rmi.client.ClientNode,0.00,7,3,12,0,7,1,1,9,220,1
"org.apache.jackrabbit.rmi.client.ClientVersionHistory",13,0.08,1.92,55,0.62,13113.42,14,1,9,27,5,164.62,32,102,1,3,124.74,0.00,0.67,0.92,0,0.00,2,1871.35,2,7,4,org.apache.jackrabbit.rmi.client.ClientNode,0.00,14,3,25,0,14,6,1,17,427,1
"org.apache.jackrabbit.rmi.client.ClientWorkspace",15,0.02,1.87,70,0.77,19551.70,18,3,19,36,10,144.48,46,119,1,1,123.87,0.00,0.00,0.31,0,0.00,3,2298.12,1,8,9,org.apache.jackrabbit.rmi.client.ClientObject,0.00,21,1,28,1,21,7,1,20,514,1
"org.apache.jackrabbit.rmi.client.LocalAdapterFactory",25,0.00,1.00,26,0.18,530.10,25,0,46,25,50,112.45,202,28,29,1,160.55,0.00,0.00,0.00,0,25.00,1,525.10,0,25,21,,0.00,0,0,25,0,0,0,0,26,185,1
"org.apache.jackrabbit.rmi.client.RemoteRepositoryException",1,0.00,1.00,3,0.02,106.02,1,0,2,1,18,126.90,15,5,18,2,137.25,0.00,0.50,0.00,0,1.00,1,45.51,0,0,0,javax.jcr.RepositoryException,0.00,0,1,1,0,0,1,0,2,16,1
"org.apache.jackrabbit.rmi.client.RemoteRuntimeException",1,0.00,1.00,3,0.02,106.02,1,0,1,1,12,126.90,15,5,12,2,137.25,0.00,0.50,0.00,0,1.00,1,45.51,0,0,0,java.lang.RuntimeException,0.00,0,1,1,0,0,1,0,2,16,1
"org.apache.jackrabbit.core.cluster.ClusterContext",4,0.00,1.00,5,0.03,160.95,4,0,3,4,5,126.14,27,6,3,1,158.36,0.00,0.00,0.00,0,4.00,1,88.28,0,2,2,,0.00,0,0,4,0,0,2,0,5,32,1
"org.apache.jackrabbit.core.cluster.ClusterException",2,0.00,1.00,5,0.03,221.18,2,0,1,2,4,93.68,18,8,3,3,143.68,0.50,0.50,0.00,0,2.00,1,88.69,0,0,1,org.apache.jackrabbit.BaseException,0.00,0,2,2,1,0,2,0,3,29,1
"org.apache.jackrabbit.core.cluster.ClusterNode",22,0.08,2.73,199,2.17,65817.07,39,17,21,58,23,65.51,165,275,3,1,107.80,0.00,0.00,0.14,3,94.00,5,6515.88,0,4,20,java.lang.Object,0.00,36,0,60,0,36,18,4,45,1285,1
"org.apache.jackrabbit.core.cluster.ClusterNode$SyncListener",9,0.03,3.78,108,1.35,53174.23,13,4,21,25,11,100.97,42,162,0,1,100.74,0.00,0.00,0.28,0,0.00,7,4057.76,0,1,11,java.lang.Object,0.00,16,0,34,0,16,8,1,13,790,0
"org.apache.jackrabbit.core.cluster.ClusterNode$WorkspaceLockChannel",4,0.33,1.25,12,0.11,1299.16,5,1,21,6,4,133.61,17,18,0,1,133.37,0.00,0.00,0.75,0,0.00,2,325.76,0,0,4,java.lang.Object,0.00,2,0,5,0,2,4,1,5,87,0
"org.apache.jackrabbit.core.cluster.ClusterNode$WorkspaceUpdateChannel",6,0.80,1.17,16,0.12,1412.53,7,1,21,10,5,161.67,23,24,0,1,141.06,0.00,0.00,0.33,0,10.00,2,366.86,0,0,5,java.lang.Object,0.00,4,0,7,0,4,6,1,7,104,0
"org.apache.jackrabbit.core.cluster.ClusterSession",32,1.00,1.00,63,0.51,6332.92,33,1,11,33,1,173.53,105,100,1,1,152.92,0.00,0.00,0.03,0,62.00,1,1526.03,0,15,0,java.lang.Object,0.00,1,0,32,0,1,17,1,34,429,0
"org.apache.jackrabbit.core.cluster.FileJournal",25,0.08,3.24,322,4.48,217928.40,45,20,26,135,31,57.15,182,416,0,1,99.44,0.00,0.00,0.12,4,187.00,16,13444.71,0,3,31,java.lang.Object,0.00,110,0,81,0,110,22,1,46,2376,1
"org.apache.jackrabbit.core.cluster.FileJournal$Comparator",1,0.00,1.00,5,0.04,805.33,1,0,26,2,0,122.04,0,6,0,1,122.04,0.00,0.00,0.00,0,1.00,1,128.00,0,0,0,java.lang.Object,0.00,1,0,1,0,1,1,0,0,34,0
"org.apache.jackrabbit.core.cluster.FileJournal$Comparator_1",1,0.00,1.00,5,0.04,805.33,1,0,26,2,0,122.04,0,6,0,1,122.04,0.00,0.00,0.00,0,1.00,1,128.00,0,0,0,java.lang.Object,0.00,1,0,1,0,1,1,0,0,34,0
"org.apache.jackrabbit.core.cluster.FileJournal$FilenameFilter",1,0.00,1.00,3,0.03,292.00,1,0,26,2,0,133.79,0,4,0,1,133.79,0.00,0.00,0.00,0,0.00,1,80.00,0,0,0,java.lang.Object,0.00,1,0,1,0,1,1,0,0,22,0
"org.apache.jackrabbit.core.cluster.FileJournal$FilenameFilter_0",1,0.00,1.00,3,0.03,292.00,1,0,26,2,0,133.79,0,4,0,1,133.79,0.00,0.00,0.00,0,0.00,1,80.00,0,0,0,java.lang.Object,0.00,1,0,1,0,1,1,0,0,22,0
"org.apache.jackrabbit.core.cluster.FileRecord",13,0.06,1.46,67,0.62,15515.21,23,10,10,32,6,72.51,109,90,5,1,120.61,0.00,0.00,0.15,2,67.00,5,1871.94,0,2,3,java.lang.Object,0.00,19,0,19,0,19,11,0,25,421,0
"org.apache.jackrabbit.core.cluster.FileRecord$UTFByteCounter",17,0.31,1.00,43,0.34,4801.96,19,2,10,20,0,180.36,34,67,0,1,140.47,0.00,0.00,0.21,0,53.00,1,1027.90,0,2,0,java.lang.Object,0.00,3,0,17,0,3,15,1,8,274,1
"org.apache.jackrabbit.core.cluster.FileRecordCursor",5,0.10,2.60,42,0.38,13558.50,10,5,2,15,3,60.06,49,53,1,1,110.06,0.00,0.00,0.28,0,9.00,6,1133.25,0,0,2,java.lang.Object,0.00,10,0,13,0,10,5,0,11,247,0
"org.apache.jackrabbit.core.cluster.FileRecordInput",14,0.04,1.50,76,0.71,17698.59,18,4,20,36,17,78.12,99,97,2,1,120.41,0.00,0.00,0.21,5,70.00,4,2140.26,0,7,16,java.lang.Object,0.00,22,0,21,0,22,7,0,19,474,0
"org.apache.jackrabbit.core.cluster.FileRecordLog",9,0.15,1.89,53,0.48,14631.27,14,5,7,25,3,77.20,71,76,2,1,119.49,0.00,0.00,0.33,1,8.00,5,1443.53,0,1,1,java.lang.Object,0.00,16,0,17,0,16,8,0,15,320,0
"org.apache.jackrabbit.core.cluster.FileRecordOutput",15,0.01,1.33,77,0.67,11719.37,20,5,14,40,12,79.79,110,100,2,1,122.08,0.00,0.00,0.19,7,71.00,3,2007.79,0,0,11,java.lang.Object,0.00,25,0,20,0,25,15,0,21,473,0
"org.apache.jackrabbit.core.cluster.FileRevision",5,0.35,3.60,55,0.66,25071.38,10,5,6,21,2,54.62,43,85,1,1,102.72,0.00,0.00,0.48,2,0.00,6,1988.41,0,0,1,java.lang.Object,0.00,16,0,18,0,16,5,0,11,394,0
"org.apache.jackrabbit.core.cluster.ItemOperation",3,0.25,1.00,10,0.08,1238.13,7,4,1,3,11,82.61,28,13,10,1,132.60,0.00,0.00,0.08,0,4.00,1,246.32,0,0,1,java.lang.Object,0.00,0,0,3,8,0,3,0,8,66,2
"org.apache.jackrabbit.core.cluster.Journal",11,0.00,1.00,12,0.11,702.67,11,0,5,11,8,124.56,70,14,2,1,156.78,0.00,0.00,0.00,0,11.00,1,343.39,0,0,6,,0.00,0,0,11,0,0,11,0,12,107,1
"org.apache.jackrabbit.core.cluster.JournalException",2,0.00,1.00,5,0.03,221.18,2,0,0,2,5,93.68,18,8,4,4,143.68,0.00,0.75,0.00,0,2.00,1,88.69,0,0,1,org.apache.jackrabbit.core.cluster.ClusterException,0.00,0,3,2,0,0,2,0,3,29,1
"org.apache.jackrabbit.core.cluster.LockEventChannel",3,0.00,1.00,4,0.03,128.04,3,0,1,3,7,125.94,20,5,5,1,158.16,0.00,0.00,0.00,0,3.00,1,85.36,0,0,2,,0.00,0,0,3,0,0,3,0,4,29,1
"org.apache.jackrabbit.core.cluster.LockEventListener",2,0.00,1.00,3,0.03,165.27,2,0,2,2,5,105.90,18,4,4,1,155.90,0.00,0.00,0.00,0,2.00,1,84.64,0,0,1,,0.00,0,0,2,0,0,2,0,3,26,1
"org.apache.jackrabbit.core.cluster.NamespaceEventChannel",2,0.00,1.00,3,0.02,111.22,2,0,0,2,3,114.97,15,4,2,1,157.26,0.00,0.00,0.00,0,2.00,1,62.52,0,0,1,,0.00,0,0,2,0,0,2,0,3,22,1
"org.apache.jackrabbit.core.cluster.NamespaceEventListener",1,0.00,1.00,2,0.02,127.64,1,0,1,1,3,99.06,11,4,3,1,143.19,0.00,0.00,0.00,0,1.00,1,52.97,0,0,0,,0.00,0,0,1,0,0,1,0,2,17,1
"org.apache.jackrabbit.core.cluster.NodeAddedOperation",3,0.00,1.00,11,0.10,1672.92,3,0,2,9,6,113.70,16,15,3,3,131.58,0.00,0.67,0.00,0,3.00,1,311.05,1,1,4,org.apache.jackrabbit.core.cluster.NodeOperation,0.00,6,2,3,0,6,2,0,5,79,1
"org.apache.jackrabbit.core.cluster.NodeDeletedOperation",3,0.00,1.00,11,0.10,1672.92,3,0,2,9,6,113.70,15,15,3,3,131.58,0.00,0.67,0.00,0,3.00,1,311.05,1,1,4,org.apache.jackrabbit.core.cluster.NodeOperation,0.00,6,2,3,0,6,2,0,4,79,1
"org.apache.jackrabbit.core.cluster.NodeModifiedOperation",3,0.00,1.00,11,0.10,1672.92,3,0,2,9,6,113.70,16,15,3,3,131.58,0.00,0.67,0.00,0,3.00,1,311.05,1,1,4,org.apache.jackrabbit.core.cluster.NodeOperation,0.00,6,2,3,0,6,2,0,5,79,1
"org.apache.jackrabbit.core.cluster.NodeOperation",8,0.29,1.00,23,0.17,2362.66,10,2,2,12,8,108.10,52,37,5,2,140.32,3.00,0.20,0.25,0,30.00,1,499.70,0,3,6,org.apache.jackrabbit.core.cluster.ItemOperation,0.00,4,1,8,3,4,5,0,11,133,1
"org.apache.jackrabbit.core.cluster.NodeTypeEventChannel",2,0.00,1.00,3,0.02,70.95,2,0,1,2,3,126.57,13,4,2,1,158.79,0.00,0.00,0.00,0,2.00,1,47.30,0,0,1,,0.00,0,0,2,0,0,2,0,3,18,1
"org.apache.jackrabbit.core.cluster.NodeTypeEventListener",1,0.00,1.00,2,0.01,78.44,1,0,3,1,4,96.37,10,4,3,1,144.85,0.00,0.00,0.00,0,1.00,1,41.22,0,0,1,,0.00,0,0,1,0,0,1,0,2,14,1
"org.apache.jackrabbit.core.cluster.PropertyAddedOperation",3,0.00,1.00,11,0.10,1593.38,3,0,2,9,6,113.87,16,15,3,3,131.74,0.00,0.67,0.00,0,3.00,1,299.89,1,1,4,org.apache.jackrabbit.core.cluster.PropertyOperation,0.00,6,2,3,0,6,2,0,5,77,1
"org.apache.jackrabbit.core.cluster.PropertyDeletedOperation",3,0.00,1.00,11,0.10,1593.38,3,0,2,9,6,113.87,15,15,3,3,131.74,0.00,0.67,0.00,0,3.00,1,299.89,1,0,4,org.apache.jackrabbit.core.cluster.PropertyOperation,0.00,6,2,3,0,6,3,0,4,77,1
"org.apache.jackrabbit.core.cluster.PropertyModifiedOperation",3,0.00,1.00,11,0.10,1593.38,3,0,2,9,6,113.87,16,15,3,3,131.74,0.00,0.67,0.00,0,3.00,1,299.89,1,1,4,org.apache.jackrabbit.core.cluster.PropertyOperation,0.00,6,2,3,0,6,2,0,5,77,1
"org.apache.jackrabbit.core.cluster.PropertyOperation",17,0.09,1.00,44,0.32,4094.45,22,5,3,25,9,123.14,93,67,5,2,141.02,3.00,0.20,0.12,0,162.00,1,946.51,0,4,7,org.apache.jackrabbit.core.cluster.ItemOperation,0.00,8,1,17,3,8,13,0,23,256,1
"org.apache.jackrabbit.core.cluster.RecordProcessor",8,0.00,1.00,9,0.09,499.96,8,0,5,8,7,124.64,51,11,3,1,156.86,0.00,0.00,0.00,0,8.00,1,272.16,0,0,4,,0.00,0,0,8,0,0,8,0,9,82,1
"org.apache.jackrabbit.core.cluster.UpdateEventChannel",5,0.00,1.00,6,0.03,136.51,5,0,2,5,9,159.93,23,7,6,1,159.69,0.00,0.00,0.00,0,5.00,1,91.01,0,0,3,,0.00,0,0,5,0,0,5,0,6,35,1
"org.apache.jackrabbit.core.cluster.UpdateEventListener",1,0.00,1.00,2,0.02,88.11,1,0,3,1,8,95.98,10,3,7,1,144.45,0.00,0.00,0.00,0,1.00,1,46.05,0,0,1,,0.00,0,0,1,0,0,1,0,2,15,1
"org.apache.jackrabbit.rmi.server.RemoteAdapterFactory",26,0.00,1.00,27,0.21,964.83,26,0,49,26,53,110.54,213,44,31,1,158.64,0.00,0.00,0.00,0,26.00,1,643.22,0,26,22,,0.00,0,0,26,0,0,0,0,27,215,1
"org.apache.jackrabbit.rmi.server.ServerAdapterFactory",30,0.38,1.13,79,0.92,22328.93,32,2,60,71,54,119.25,150,145,4,1,137.13,0.00,0.00,0.13,1,142.00,4,2746.11,0,27,51,java.lang.Object,0.00,41,0,34,1,41,3,1,34,646,1
"org.apache.jackrabbit.rmi.server.ServerEventCollection",3,0.25,1.00,12,0.09,1493.67,5,2,2,3,3,89.74,38,18,1,2,127.30,0.00,0.50,0.33,0,5.00,1,281.63,0,1,2,org.apache.jackrabbit.rmi.server.ServerObject,0.00,0,2,3,0,0,2,1,7,73,1
"org.apache.jackrabbit.rmi.server.ServerEventCollection$ServerEvent",4,0.11,1.00,15,0.11,1437.66,7,3,2,4,1,133.31,16,20,0,2,133.08,0.00,0.50,0.25,0,10.00,1,317.25,0,2,1,org.apache.jackrabbit.rmi.server.ServerObject,0.00,0,2,4,0,0,2,1,7,84,2
"org.apache.jackrabbit.rmi.server.ServerItem",11,0.10,1.73,41,0.37,6995.17,12,1,5,21,7,170.89,31,72,3,2,131.00,4.00,0.17,0.91,0,0.00,2,1101.01,3,4,4,org.apache.jackrabbit.rmi.server.ServerObject,0.00,10,2,19,4,10,7,1,13,274,1
"org.apache.jackrabbit.rmi.server.ServerItemDefinition",7,0.17,1.14,21,0.17,2690.33,8,1,5,14,7,133.05,29,31,3,2,132.82,2.00,0.25,0.86,0,0.00,2,496.55,1,2,4,org.apache.jackrabbit.rmi.server.ServerObject,0.00,7,2,8,2,7,5,1,9,132,1
"org.apache.jackrabbit.rmi.server.ServerLock",7,0.17,1.00,16,0.12,1568.76,8,1,5,13,2,161.88,23,24,1,1,141.26,0.00,0.00,0.86,0,0.00,1,371.85,0,2,1,java.rmi.server.UnicastRemoteObject,0.00,6,1,7,0,6,5,1,9,106,1
"org.apache.jackrabbit.rmi.server.ServerNamespaceRegistry",7,0.17,1.86,29,0.28,5980.53,8,1,4,13,4,145.93,26,56,1,2,125.31,0.00,0.50,0.86,0,0.00,2,840.22,1,4,3,org.apache.jackrabbit.rmi.server.ServerObject,0.00,6,2,13,0,6,3,1,9,204,1
"org.apache.jackrabbit.rmi.server.ServerNode",49,0.02,2.02,209,2.27,50108.31,50,1,17,99,14,174.68,81,393,3,3,124.68,1.00,0.40,0.98,1,0.00,3,6799.01,5,26,11,org.apache.jackrabbit.rmi.server.ServerItem,0.00,50,3,99,2,50,23,1,57,1568,1
"org.apache.jackrabbit.rmi.server.ServerNodeDefinition",4,0.33,1.25,15,0.13,2442.93,5,1,5,8,5,113.34,22,22,1,3,131.21,0.00,0.67,0.75,0,0.00,2,392.74,2,2,4,org.apache.jackrabbit.rmi.server.ServerItemDefinition,0.00,4,3,5,0,4,2,1,6,100,1
"org.apache.jackrabbit.rmi.server.ServerNodeType",19,0.28,1.21,61,0.60,16855.76,20,1,8,34,6,150.56,59,88,1,2,129.94,0.00,0.50,0.74,4,0.00,3,1804.62,1,10,5,org.apache.jackrabbit.rmi.server.ServerObject,0.00,15,2,23,0,15,9,1,23,439,1
"org.apache.jackrabbit.rmi.server.ServerNodeTypeManager",5,0.25,1.80,21,0.22,4191.09,6,1,6,11,6,125.62,24,45,1,2,125.39,1.00,0.33,0.80,0,0.00,2,669.14,2,4,5,org.apache.jackrabbit.rmi.server.ServerObject,0.00,6,2,9,1,6,1,1,7,160,1
"org.apache.jackrabbit.rmi.server.ServerObject",6,0.40,5.00,70,0.79,43690.71,7,1,30,32,19,57.24,69,82,15,1,101.37,0.00,0.00,0.67,1,0.00,19,2376.12,0,5,4,java.rmi.server.UnicastRemoteObject,0.00,26,1,30,29,26,1,0,9,501,1
"org.apache.jackrabbit.rmi.server.ServerObservationManager",6,0.07,2.17,41,0.42,11436.92,9,3,9,16,7,65.97,56,66,1,2,115.96,0.00,0.50,0.39,1,10.00,3,1248.78,1,2,6,org.apache.jackrabbit.rmi.server.ServerObject,0.00,10,2,13,0,10,4,1,19,267,1
"org.apache.jackrabbit.rmi.server.ServerProperty",9,0.12,1.89,37,0.36,7355.31,10,1,7,19,6,146.08,27,67,1,3,125.46,0.00,0.67,0.89,0,0.00,2,1086.84,2,3,5,org.apache.jackrabbit.rmi.server.ServerItem,0.00,10,3,17,0,10,6,1,11,262,1
"org.apache.jackrabbit.rmi.server.ServerPropertyDefinition",5,0.25,1.00,13,0.11,1558.13,6,1,5,10,5,140.37,24,21,1,3,140.13,0.00,0.67,0.80,0,0.00,1,337.32,0,2,4,org.apache.jackrabbit.rmi.server.ServerItemDefinition,0.00,5,3,5,0,5,3,1,7,92,1
"org.apache.jackrabbit.rmi.server.ServerQuery",6,0.20,1.00,15,0.14,1807.56,7,1,6,12,7,160.86,23,26,1,2,140.25,0.00,0.50,0.83,0,0.00,1,413.34,1,5,6,org.apache.jackrabbit.rmi.server.ServerObject,0.00,6,2,6,0,6,1,1,8,111,1
"org.apache.jackrabbit.rmi.server.ServerQueryManager",4,0.33,1.75,19,0.20,4313.58,5,1,7,8,4,106.66,23,36,1,2,124.53,0.00,0.50,0.75,0,0.00,2,613.48,2,3,4,org.apache.jackrabbit.rmi.server.ServerObject,0.00,4,2,7,0,4,1,1,7,141,1
"org.apache.jackrabbit.rmi.server.ServerQueryResult",4,0.33,1.00,11,0.11,1384.30,5,1,5,9,6,121.90,21,19,2,2,139.78,0.00,0.50,0.75,0,0.00,1,324.93,1,3,4,org.apache.jackrabbit.rmi.server.ServerObject,0.00,5,2,4,0,5,1,1,6,86,1
"org.apache.jackrabbit.rmi.server.ServerRepository",7,0.17,1.57,29,0.32,6558.95,8,1,7,11,5,145.65,25,50,1,2,125.04,0.00,0.50,0.86,0,0.00,2,947.88,2,6,4,org.apache.jackrabbit.rmi.server.ServerObject,0.00,4,2,11,0,4,1,1,9,219,1
"org.apache.jackrabbit.rmi.server.ServerRow",3,0.50,1.00,9,0.09,1237.83,4,1,6,7,5,100.38,20,15,1,2,132.61,0.00,0.50,0.67,0,1.00,1,282.97,0,2,4,org.apache.jackrabbit.rmi.server.ServerObject,0.00,4,2,3,0,4,1,1,5,73,1
"org.apache.jackrabbit.rmi.server.ServerSession",27,0.00,1.59,95,0.99,21289.66,29,2,12,58,7,180.28,51,173,1,2,130.28,0.00,0.50,0.50,0,0.00,2,2976.73,4,12,6,org.apache.jackrabbit.rmi.server.ServerObject,0.00,31,2,43,0,31,15,1,30,709,1
"org.apache.jackrabbit.rmi.server.ServerVersion",6,0.40,2.00,32,0.31,9777.06,7,1,6,12,5,77.18,43,48,1,4,119.47,0.00,0.75,0.67,1,0.00,3,937.06,2,5,4,org.apache.jackrabbit.rmi.server.ServerNode,0.00,6,4,12,0,6,1,1,18,216,1
"org.apache.jackrabbit.rmi.server.ServerVersionHistory",13,0.08,1.77,52,0.57,12521.79,14,1,7,26,6,164.80,32,97,1,4,124.91,0.00,0.75,0.92,0,0.00,3,1716.76,3,7,5,org.apache.jackrabbit.rmi.server.ServerNode,0.00,13,4,23,0,13,6,1,16,399,1
"org.apache.jackrabbit.rmi.server.ServerWorkspace",12,0.09,1.92,54,0.59,13328.98,14,2,14,26,8,164.29,35,103,1,2,124.41,1.00,0.33,0.42,2,0.00,3,1778.27,2,6,7,org.apache.jackrabbit.rmi.server.ServerObject,0.00,14,2,23,1,14,6,1,15,408,1
"org.apache.jackrabbit.core.persistence.util.BLOBStore",4,0.00,1.00,5,0.04,175.53,4,0,2,4,3,109.59,41,6,2,1,158.07,0.00,0.00,0.00,0,4.00,1,125.02,0,2,1,,0.00,0,0,4,0,0,2,0,5,41,1
"org.apache.jackrabbit.core.persistence.util.FileSystemBLOBStore",6,0.60,2.00,47,0.56,23633.05,7,1,7,24,9,93.13,35,60,4,1,111.00,0.00,0.00,0.50,1,6.00,4,1683.16,0,3,5,java.lang.Object,0.00,18,0,12,1,18,3,1,16,335,1
"org.apache.jackrabbit.core.persistence.util.ResourceBasedBLOBStore",1,0.00,1.00,2,0.01,72.19,1,0,2,1,5,107.57,12,3,3,2,145.14,0.00,0.50,0.00,0,1.00,1,42.09,0,1,2,,0.00,0,1,1,0,0,0,0,2,15,1
"org.apache.jackrabbit.core.persistence.util.Serializer",6,0.20,4.33,162,2.35,135869.23,8,2,23,79,19,132.25,149,182,5,1,82.98,0.00,0.00,0.33,0,14.00,6,7040.89,0,0,14,java.lang.Object,0.00,73,0,26,0,73,6,0,81,1203,2
"org.apache.jackrabbit.core.jndi.provider.DummyContext",34,0.42,1.41,121,1.23,26112.70,36,2,17,57,2,151.02,113,169,2,2,130.40,0.00,0.50,0.09,14,198.00,3,3702.92,1,21,0,java.util.Hashtable,0.00,23,1,48,0,23,13,2,39,879,0
"org.apache.jackrabbit.core.jndi.provider.DummyContext$BindingEnum",2,0.00,1.00,6,0.05,692.27,2,0,17,5,0,133.21,0,9,0,2,133.21,0.00,0.50,0.00,0,2.00,1,143.20,0,1,0,org.apache.jackrabbit.core.jndi.provider.NamingEnum,0.00,3,1,2,0,3,1,0,0,41,0
"org.apache.jackrabbit.core.jndi.provider.DummyContext$FlatNameParser",1,0.00,1.00,7,0.06,832.71,2,1,17,3,0,137.09,3,10,0,1,116.48,0.00,0.00,1.00,0,0.00,1,180.99,0,1,0,java.lang.Object,0.00,2,0,1,0,2,0,1,1,49,1
"org.apache.jackrabbit.core.jndi.provider.DummyContext$NamingEnum",6,0.20,1.00,17,0.13,1732.88,8,2,17,13,0,140.39,0,24,0,1,140.39,0.00,0.00,0.33,2,6.00,1,398.94,0,2,0,java.lang.Object,0.00,7,0,6,0,7,4,1,0,110,0
"org.apache.jackrabbit.core.jndi.provider.DummyInitialContextFactory",1,0.00,3.00,12,0.15,6408.85,2,1,5,7,2,50.52,9,17,1,1,100.51,0.00,0.00,1.00,0,0.00,3,443.66,0,1,1,java.lang.Object,0.00,6,0,3,0,6,0,1,3,94,1
"org.apache.jackrabbit.core.fs.mem.MemoryFile",3,1.00,1.00,8,0.06,741.03,4,1,0,3,2,140.93,0,12,1,2,140.93,0.00,0.50,0.33,0,4.00,1,167.44,0,0,1,org.apache.jackrabbit.core.fs.mem.MemoryFileSystemEntry,0.29,0,1,3,0,0,3,0,0,48,1
"org.apache.jackrabbit.core.fs.mem.MemoryFileSystem",27,0.73,1.59,127,1.35,38382.96,28,1,14,58,7,123.61,1,172,1,1,123.61,0.00,0.00,0.30,11,115.00,4,4048.17,0,9,6,java.lang.Object,0.00,31,0,43,0,31,18,1,1,898,1
"org.apache.jackrabbit.core.fs.mem.MemoryFileSystem$ByteArrayOutputStream",1,0.00,1.00,4,0.03,354.66,1,0,14,4,0,128.46,0,5,0,1,128.46,0.00,0.00,0.00,0,1.00,1,99.38,0,0,0,java.lang.Object,0.00,3,0,1,0,3,1,0,0,28,0
"org.apache.jackrabbit.core.fs.mem.MemoryFileSystemEntry",4,0.67,1.00,9,0.05,446.31,5,1,0,5,3,143.65,0,13,3,1,143.65,0.00,0.00,0.50,0,4.00,1,157.94,0,0,0,java.lang.Object,0.00,1,0,4,2,1,4,0,0,49,2
"org.apache.jackrabbit.core.fs.mem.MemoryFileSystemTest",17,0.25,1.12,97,1.01,20016.64,19,2,7,45,3,120.72,4,119,0,2,120.72,0.00,0.50,0.74,2,0.00,2,3020.14,1,0,3,junit.framework.TestCase,0.00,28,1,19,0,28,17,0,4,687,1
"org.apache.jackrabbit.core.fs.mem.MemoryFolder",1,0.00,1.00,3,0.01,91.02,1,0,0,1,2,137.77,0,5,1,2,137.77,0.00,0.50,0.00,0,1.00,1,39.51,0,0,1,org.apache.jackrabbit.core.fs.mem.MemoryFileSystemEntry,0.40,0,1,1,0,0,1,0,0,14,1
"org.apache.jackrabbit.webdav.jcr.observation.SubscriptionImpl",20,0.04,2.20,135,1.56,47449.26,33,13,31,68,20,65.21,185,178,2,1,115.21,0.00,0.00,0.12,3,256.00,7,4678.49,0,9,18,java.lang.Object,0.00,48,0,44,0,48,11,3,40,954,1
"org.apache.jackrabbit.webdav.jcr.observation.SubscriptionImpl$EventBundleImpl",3,0.25,2.00,25,0.42,14890.71,5,2,31,17,2,158.05,4,33,0,1,108.05,0.00,0.00,0.33,0,4.00,4,1252.99,0,1,2,java.lang.Object,0.00,14,0,6,0,14,2,1,4,230,1
"org.apache.jackrabbit.webdav.jcr.observation.SubscriptionImpl$TransactionEvent",3,0.00,1.00,4,0.03,141.35,3,0,31,3,1,207.82,3,9,0,1,157.82,0.00,0.00,0.00,0,3.00,1,94.23,0,0,1,java.lang.Object,0.00,0,0,3,0,0,3,0,3,31,0
"org.apache.jackrabbit.webdav.jcr.observation.SubscriptionImpl$TransactionEvent_0",3,0.50,2.67,20,0.26,4153.22,4,1,31,9,4,117.25,13,35,0,1,117.01,0.00,0.00,0.67,0,0.00,3,767.88,0,0,4,java.lang.Object,0.00,6,0,8,0,6,3,2,7,163,1
"org.apache.jackrabbit.webdav.jcr.observation.SubscriptionManagerImpl",10,0.07,1.90,80,1.03,27299.60,13,3,27,54,15,61.63,102,108,1,1,110.11,0.00,0.00,0.27,4,34.00,4,3089.56,0,5,14,java.lang.Object,0.00,44,0,19,0,44,5,2,22,625,1
"org.apache.jackrabbit.webdav.jcr.observation.SubscriptionManagerImpl$SubscriptionMap",6,0.30,1.67,35,0.41,12060.73,8,2,27,23,3,118.80,0,46,0,1,118.80,0.00,0.00,0.75,0,0.00,3,1240.36,0,3,3,java.lang.Object,0.00,17,0,10,0,17,3,0,0,272,1
"org.apache.jackrabbit.webdav.jcr.observation.SubscriptionManagerImpl$WrappedSubscription",3,1.00,1.00,8,0.05,565.02,4,1,27,4,1,141.86,2,12,0,1,141.86,0.00,0.00,0.33,0,4.00,1,151.98,0,2,1,java.lang.Object,0.00,1,0,3,0,1,1,1,2,46,1
"org.apache.jackrabbit.test.api.version.AbstractMergeTest",3,0.31,3.00,37,0.41,11046.19,11,8,8,10,8,64.85,37,48,7,4,102.41,2.33,0.27,0.33,1,1.00,5,1226.63,3,0,1,org.apache.jackrabbit.test.AbstractJCRTest,0.62,7,3,9,7,7,3,0,17,241,2
"org.apache.jackrabbit.test.api.version.AbstractOnParentVersionTest",2,0.60,2.50,21,0.28,5937.39,7,5,5,13,6,56.14,19,27,5,5,106.14,1.25,0.40,0.50,0,0.00,3,842.14,1,1,1,org.apache.jackrabbit.test.api.version.AbstractVersionTest,0.31,11,4,5,5,11,1,0,5,171,2
"org.apache.jackrabbit.test.api.version.AbstractVersionTest",4,0.13,3.75,49,0.62,20126.89,9,5,7,18,18,69.07,27,72,17,4,101.29,7.67,0.11,0.30,0,2.00,10,1864.43,4,1,1,org.apache.jackrabbit.test.AbstractJCRTest,0.57,14,3,15,23,14,3,0,8,352,1
"org.apache.jackrabbit.test.api.version.CheckinTest",10,0.00,1.30,44,0.49,7676.11,10,0,6,27,2,93.54,60,61,1,5,125.76,0.00,0.80,0.00,0,0.00,2,1458.09,2,0,1,org.apache.jackrabbit.test.api.version.AbstractVersionTest,0.21,17,4,13,0,17,10,0,13,336,1
"org.apache.jackrabbit.test.api.version.CheckoutTest",6,0.00,2.50,42,0.42,12786.55,6,0,7,18,2,95.18,31,60,1,5,113.05,0.00,0.80,0.00,0,2.00,5,1251.54,1,0,1,org.apache.jackrabbit.test.api.version.AbstractVersionTest,0.25,12,4,15,0,12,6,0,10,267,1
"org.apache.jackrabbit.test.api.version.FrozenNodeTest",9,0.00,1.00,60,0.85,12019.46,9,0,3,22,1,137.97,32,70,0,5,117.36,0.00,0.80,0.00,0,0.00,1,2550.30,1,0,1,org.apache.jackrabbit.test.api.version.AbstractVersionTest,0.22,13,4,9,0,13,9,0,9,525,1
"org.apache.jackrabbit.test.api.version.GetContainingHistoryTest",1,0.00,1.00,5,0.06,832.44,1,0,2,7,2,101.79,14,9,1,5,121.93,0.00,0.80,0.00,0,0.00,1,180.51,0,0,1,org.apache.jackrabbit.test.api.version.AbstractVersionTest,0.00,6,4,1,0,6,1,0,3,43,1
"org.apache.jackrabbit.test.api.version.GetCreatedTest",2,0.00,1.00,13,0.16,2111.18,2,0,4,13,2,68.17,19,16,1,5,118.16,0.00,0.80,0.00,0,0.00,1,473.38,0,0,1,org.apache.jackrabbit.test.api.version.AbstractVersionTest,0.00,11,4,2,0,11,2,0,5,104,1
"org.apache.jackrabbit.test.api.version.GetPredecessorsTest",1,0.00,1.00,5,0.05,679.73,1,0,2,5,2,122.15,16,7,1,5,122.62,0.00,0.80,0.00,0,0.00,1,156.06,0,0,1,org.apache.jackrabbit.test.api.version.AbstractVersionTest,0.00,4,4,1,0,4,1,0,3,38,1
"org.apache.jackrabbit.test.api.version.GetReferencesNodeTest",3,0.50,2.00,34,0.35,6752.56,7,4,6,17,2,57.12,31,41,1,4,105.60,0.00,0.75,0.58,1,0.00,3,1042.17,1,0,1,org.apache.jackrabbit.test.AbstractJCRTest,0.31,14,3,6,0,14,3,0,11,217,1
"org.apache.jackrabbit.test.api.version.GetVersionableUUIDTest",1,0.00,1.00,5,0.06,682.63,1,0,2,7,2,102.47,14,9,1,5,122.61,0.00,0.80,0.00,0,0.00,1,166.78,0,0,1,org.apache.jackrabbit.test.api.version.AbstractVersionTest,0.00,6,4,1,0,6,1,0,3,41,1
"org.apache.jackrabbit.test.api.version.MergeCancelMergeTest",3,0.50,1.67,38,0.56,17840.44,4,1,5,26,2,56.78,34,41,1,5,100.91,0.00,0.80,0.67,0,0.00,3,1690.79,1,0,1,org.apache.jackrabbit.test.api.version.AbstractMergeTest,0.62,23,4,5,0,23,3,0,18,315,1
"org.apache.jackrabbit.test.api.version.MergeCheckedoutSubNodeTest",4,0.33,1.25,33,0.46,8808.59,5,1,3,23,2,62.46,40,40,1,5,110.94,0.00,0.80,0.75,0,0.00,2,1389.51,1,0,1,org.apache.jackrabbit.test.api.version.AbstractMergeTest,0.59,19,4,5,0,19,4,0,20,281,1
"org.apache.jackrabbit.test.api.version.MergeDoneMergeTest",3,0.50,1.67,36,0.52,14031.74,4,1,5,26,2,57.60,33,39,1,5,101.73,0.00,0.80,0.67,0,0.00,3,1555.59,1,0,1,org.apache.jackrabbit.test.api.version.AbstractMergeTest,0.62,23,4,5,0,23,3,0,17,293,1
"org.apache.jackrabbit.test.api.version.MergeNodeIteratorTest",2,0.00,3.50,53,0.73,30267.17,3,1,5,21,2,94.15,35,63,1,5,85.01,0.00,0.80,1.00,0,0.00,6,2193.55,0,0,1,org.apache.jackrabbit.test.api.version.AbstractMergeTest,0.33,19,4,7,0,19,2,0,21,399,1
"org.apache.jackrabbit.test.api.version.MergeNodeTest",11,0.10,2.18,107,1.34,31766.09,12,1,12,51,3,57.98,105,141,1,5,107.97,0.00,0.80,0.91,0,0.00,5,4009.47,2,0,2,org.apache.jackrabbit.test.api.version.AbstractMergeTest,0.42,40,4,24,0,40,11,0,64,774,1
"org.apache.jackrabbit.test.api.version.MergeNonVersionableSubNodeTest",5,0.00,1.00,47,0.75,15328.37,5,0,2,24,2,57.95,48,53,1,5,107.95,0.00,0.80,0.00,0,0.00,1,2251.81,1,0,1,org.apache.jackrabbit.test.api.version.AbstractMergeTest,0.56,19,4,5,0,19,5,0,27,434,1
"org.apache.jackrabbit.test.api.version.MergeSubNodeTest",7,0.17,1.29,72,1.00,20654.67,8,1,3,32,2,57.84,71,79,1,5,106.32,0.00,0.80,0.86,0,0.00,3,3012.64,1,0,1,org.apache.jackrabbit.test.api.version.AbstractMergeTest,0.50,25,4,9,0,25,7,0,36,597,1
"org.apache.jackrabbit.test.api.version.OnParentVersionAbortTest",3,0.00,1.67,15,0.13,1576.55,3,0,4,9,3,81.09,23,23,1,6,123.39,0.00,0.83,0.00,0,2.00,2,375.63,2,0,2,org.apache.jackrabbit.test.api.version.AbstractOnParentVersionTest,0.32,6,5,5,0,6,3,0,6,91,1
"org.apache.jackrabbit.test.api.version.OnParentVersionComputeTest",2,0.00,1.00,13,0.12,1811.76,2,0,4,10,2,76.40,14,16,1,6,118.69,0.00,0.83,0.00,0,2.00,1,366.07,1,0,1,org.apache.jackrabbit.test.api.version.AbstractOnParentVersionTest,0.33,8,5,2,0,8,2,0,2,84,1
"org.apache.jackrabbit.test.api.version.OnParentVersionCopyTest",3,1.00,1.33,20,0.19,3512.10,4,1,4,14,2,75.45,23,25,1,6,117.74,0.00,0.83,0.33,0,2.00,2,574.32,2,0,1,org.apache.jackrabbit.test.api.version.AbstractOnParentVersionTest,0.32,11,5,4,0,11,3,0,7,127,1
"org.apache.jackrabbit.test.api.version.OnParentVersionIgnoreTest",3,0.00,1.33,22,0.22,3656.27,3,0,4,15,2,82.89,20,27,1,6,115.11,0.00,0.83,0.00,0,2.00,2,654.51,2,0,1,org.apache.jackrabbit.test.api.version.AbstractOnParentVersionTest,0.32,12,5,4,0,12,3,0,4,144,1
"org.apache.jackrabbit.test.api.version.OnParentVersionInitializeTest",2,0.00,1.00,13,0.12,1811.76,2,0,4,10,2,76.40,14,16,1,6,118.69,0.00,0.83,0.00,0,2.00,1,366.07,1,0,1,org.apache.jackrabbit.test.api.version.AbstractOnParentVersionTest,0.33,8,5,2,0,8,2,0,2,84,1
"org.apache.jackrabbit.test.api.version.RemoveVersionTest",10,0.17,2.70,95,1.08,29558.77,14,4,12,40,3,75.62,69,127,1,5,107.85,0.00,0.80,0.40,0,0.00,5,3242.83,2,0,2,org.apache.jackrabbit.test.api.version.AbstractVersionTest,0.42,30,4,27,0,30,10,0,26,647,1
"org.apache.jackrabbit.test.api.version.RestoreTest",20,0.01,2.00,200,2.54,74291.30,24,4,12,60,4,73.20,139,251,2,5,105.43,0.25,0.67,0.24,0,0.00,4,7629.30,3,0,2,org.apache.jackrabbit.test.api.version.AbstractVersionTest,0.29,40,4,40,1,40,20,0,59,1469,1
"org.apache.jackrabbit.test.api.version.SessionMoveVersionExceptionTest",2,0.00,2.00,15,0.18,3143.35,2,0,3,10,2,84.77,27,24,1,5,114.15,0.00,0.80,0.00,0,0.00,2,538.64,0,0,1,org.apache.jackrabbit.test.api.version.AbstractVersionTest,0.00,8,4,4,0,8,2,0,11,114,1
"org.apache.jackrabbit.test.api.version.TestAll",1,0.00,1.00,33,0.46,18822.70,1,0,3,3,30,36.57,11,35,1,2,80.69,0.00,0.50,0.00,0,1.00,1,1374.91,0,1,29,junit.framework.TestCase,0.00,2,1,1,0,2,0,0,2,255,1
"org.apache.jackrabbit.test.api.version.VersionGraphTest",4,0.00,1.50,20,0.25,4040.19,4,0,5,16,2,73.07,34,28,1,5,121.18,0.00,0.80,0.00,0,0.00,2,753.57,0,0,1,org.apache.jackrabbit.test.api.version.AbstractVersionTest,0.00,12,4,6,0,12,4,0,6,163,1
"org.apache.jackrabbit.test.api.version.VersionHistoryTest",58,0.05,1.91,295,3.25,85137.51,60,2,21,153,2,120.08,263,443,1,5,119.84,0.00,0.80,0.55,0,0.00,13,9764.24,2,0,1,org.apache.jackrabbit.test.api.version.AbstractVersionTest,0.07,95,4,111,0,95,58,0,64,2078,1
"org.apache.jackrabbit.test.api.version.VersionHistoryTest$ItemVisitorTest",3,0.50,1.00,7,0.06,477.71,4,1,21,5,0,142.43,0,11,0,1,142.43,0.00,0.00,0.67,0,1.00,1,165.42,0,0,0,java.lang.Object,0.00,2,0,3,0,2,3,1,0,48,1
"org.apache.jackrabbit.test.api.version.VersionLabelTest",17,0.44,2.00,128,1.55,36732.49,22,5,8,45,2,70.77,126,161,1,5,113.06,0.00,0.80,0.61,0,0.00,3,4639.17,3,0,1,org.apache.jackrabbit.test.api.version.AbstractVersionTest,0.32,28,4,34,0,28,17,0,26,946,1
"org.apache.jackrabbit.test.api.version.VersionStorageTest",3,0.50,1.67,18,0.22,3938.95,4,1,5,15,2,69.19,26,28,1,5,117.30,0.00,0.80,0.67,0,2.00,2,664.87,1,0,1,org.apache.jackrabbit.test.api.version.AbstractVersionTest,0.29,12,4,5,0,12,3,0,11,143,1
"org.apache.jackrabbit.test.api.version.VersionTest",53,0.03,1.81,249,2.77,72438.43,55,2,19,136,2,123.95,222,384,1,5,123.71,0.00,0.80,0.53,0,0.00,13,8309.86,2,0,1,org.apache.jackrabbit.test.api.version.AbstractVersionTest,0.15,83,4,96,0,83,53,0,58,1789,1
"org.apache.jackrabbit.test.api.version.VersionTest$ItemVisitorTest",3,0.50,1.00,7,0.06,477.71,4,1,19,5,0,142.43,0,11,0,1,142.43,0.00,0.00,0.67,0,1.00,1,165.42,0,0,0,java.lang.Object,0.00,2,0,3,0,2,3,1,0,48,1
"org.apache.jackrabbit.test.api.version.WorkspaceMoveVersionExceptionTest",2,0.00,2.00,13,0.17,2838.02,2,0,3,10,2,87.61,26,22,1,5,116.99,0.00,0.80,0.00,0,0.00,2,522.03,0,0,1,org.apache.jackrabbit.test.api.version.AbstractVersionTest,0.00,8,4,4,0,8,2,0,10,110,1
"org.apache.jackrabbit.test.api.version.WorkspaceRestoreTest",9,0.25,2.67,93,1.23,34842.53,15,6,11,36,3,73.00,60,123,1,6,105.22,0.00,0.83,0.39,0,0.00,7,3679.86,2,0,2,org.apache.jackrabbit.test.api.version.RestoreTest,0.28,27,5,24,0,27,9,0,29,707,1
"org.apache.jackrabbit.core.state.obj.ObjectPersistenceManager",0,0.00,0.00,1,0.03,257.00,0,0,1,0,2,171.00,5,4,0,3,171.00,0.00,0.67,0.00,0,0.00,0,76.15,0,0,2,org.apache.jackrabbit.core.persistence.obj.ObjectPersistenceManager,0.00,0,2,0,0,0,0,1,1,20,1
"org.apache.jackrabbit.core.query.test.AbstractTextFilterTest",1,0.00,3.00,20,0.33,11745.77,1,0,9,13,13,90.17,0,21,8,1,90.17,0.00,0.00,0.00,0,1.00,3,980.64,0,0,5,java.lang.Object,0.00,12,0,3,8,12,1,0,0,168,1
"org.apache.jackrabbit.core.query.test.HTMLTest",1,0.00,1.00,5,0.06,1199.76,1,0,2,5,3,120.68,0,7,1,2,120.68,0.00,0.50,0.00,0,1.00,1,180.51,0,0,2,org.apache.jackrabbit.core.query.test.AbstractTextFilterTest,0.00,4,1,1,0,4,1,0,0,43,1
"org.apache.jackrabbit.core.query.test.MSExcelTest",1,0.00,1.00,5,0.06,1199.76,1,0,2,5,3,120.68,0,7,1,2,120.68,0.00,0.50,0.00,0,1.00,1,180.51,0,0,2,org.apache.jackrabbit.core.query.test.AbstractTextFilterTest,0.00,4,1,1,0,4,1,0,0,43,1
"org.apache.jackrabbit.core.query.test.MSPowerPointTest",1,0.00,1.00,5,0.06,1199.76,1,0,2,5,3,120.68,0,7,1,2,120.68,0.00,0.50,0.00,0,1.00,1,180.51,0,0,2,org.apache.jackrabbit.core.query.test.AbstractTextFilterTest,0.00,4,1,1,0,4,1,0,0,43,1
"org.apache.jackrabbit.core.query.test.MsWordTest",1,0.00,1.00,5,0.06,1199.76,1,0,2,5,3,120.68,0,7,1,2,120.68,0.00,0.50,0.00,0,1.00,1,180.51,0,0,2,org.apache.jackrabbit.core.query.test.AbstractTextFilterTest,0.00,4,1,1,0,4,1,0,0,43,1
"org.apache.jackrabbit.core.query.test.OpenOfficeTest",1,0.00,1.00,5,0.06,1199.76,1,0,2,5,3,120.68,0,7,1,2,120.68,0.00,0.50,0.00,0,1.00,1,180.51,0,0,2,org.apache.jackrabbit.core.query.test.AbstractTextFilterTest,0.00,4,1,1,0,4,1,0,0,43,1
"org.apache.jackrabbit.core.query.test.PdfTest",1,0.00,1.00,5,0.06,1199.76,1,0,2,5,3,120.68,0,7,1,2,120.68,0.00,0.50,0.00,0,1.00,1,180.51,0,0,2,org.apache.jackrabbit.core.query.test.AbstractTextFilterTest,0.00,4,1,1,0,4,1,0,0,43,1
"org.apache.jackrabbit.core.query.test.RTFTest",1,0.00,1.00,5,0.06,1199.76,1,0,2,5,3,120.68,0,7,1,2,120.68,0.00,0.50,0.00,0,1.00,1,180.51,0,0,2,org.apache.jackrabbit.core.query.test.AbstractTextFilterTest,0.00,4,1,1,0,4,1,0,0,43,1
"org.apache.jackrabbit.core.query.test.XMLTest",1,0.00,1.00,5,0.06,1199.76,1,0,2,5,3,120.68,0,7,1,2,120.68,0.00,0.50,0.00,0,1.00,1,180.51,0,0,2,org.apache.jackrabbit.core.query.test.AbstractTextFilterTest,0.00,4,1,1,0,4,1,0,0,43,1
"org.apache.jackrabbit.core.query.test.XMLTextFilterTest",3,0.00,1.33,31,0.54,11810.49,3,0,14,21,9,105.32,0,36,0,2,105.32,0.00,0.50,0.00,1,3.00,2,1614.43,0,1,9,junit.framework.TestCase,0.00,18,1,4,0,18,2,0,0,298,1
"org.apache.jackrabbit.core.persistence.AbstractPersistenceManager",9,0.00,2.00,41,0.45,19476.38,9,0,9,20,12,89.90,55,55,3,1,122.12,0.00,0.00,0.00,2,9.00,10,1359.55,0,2,9,java.lang.Object,0.00,11,0,18,17,11,7,1,10,299,2
"org.apache.jackrabbit.core.persistence.PMContext",6,0.04,1.00,22,0.15,1838.37,11,5,6,6,10,85.52,52,33,7,1,133.62,0.00,0.00,0.17,0,26.00,1,445.88,0,5,4,java.lang.Object,0.00,0,0,6,1,0,1,0,12,118,1
"org.apache.jackrabbit.core.persistence.PersistenceManager",11,0.00,1.00,12,0.09,377.67,11,0,10,11,16,114.78,126,16,6,1,158.91,0.00,0.00,0.00,0,11.00,1,262.12,0,5,10,,0.00,0,0,11,0,0,6,0,12,90,1
"org.apache.jackrabbit.webdav.util.HttpDateFormat",1,0.00,1.00,5,0.05,718.04,2,1,3,2,0,143.05,3,7,0,2,122.44,0.00,0.50,1.00,0,0.00,1,147.97,1,0,0,java.text.SimpleDateFormat,0.00,1,1,1,0,1,1,0,1,38,1
"org.apache.jackrabbit.core.persistence.mem.InMemPersistenceManager",27,0.10,2.56,273,3.39,162014.54,42,15,34,108,21,85.86,140,354,0,2,103.73,1.00,0.33,0.16,2,0.00,6,10164.49,1,6,21,org.apache.jackrabbit.core.persistence.AbstractPersistenceManager,0.00,81,1,69,1,81,21,0,81,1908,1
"org.apache.jackrabbit.rmi.iterator.ArrayEventIterator",2,0.00,1.00,5,0.03,278.97,2,0,2,2,2,100.59,14,8,1,2,142.88,0.00,0.50,0.00,0,2.00,1,91.87,1,1,1,org.apache.jackrabbit.rmi.iterator.ArrayIterator,0.00,0,1,2,0,0,1,1,3,30,1
"org.apache.jackrabbit.rmi.iterator.ArrayEventListenerIterator",2,0.00,1.00,5,0.03,278.97,2,0,2,2,2,100.59,14,9,1,2,142.88,0.00,0.50,0.00,0,2.00,1,91.87,1,1,1,org.apache.jackrabbit.rmi.iterator.ArrayIterator,0.00,0,1,2,0,0,1,1,3,30,1
"org.apache.jackrabbit.rmi.iterator.ArrayIterator",7,0.00,1.00,18,0.11,1249.98,9,2,1,8,2,162.65,22,26,2,1,142.04,0.00,0.00,0.50,0,0.00,1,343.33,0,1,0,java.lang.Object,0.00,1,0,7,2,1,6,1,10,99,1
"org.apache.jackrabbit.test.rmi.value.SerialValueFactoryTest",2,0.00,1.00,22,0.31,5662.05,3,1,8,15,1,154.97,3,28,0,2,104.97,0.00,0.50,1.00,0,0.00,1,918.45,0,0,1,junit.framework.TestCase,0.00,13,1,2,0,13,2,0,1,185,1
"org.apache.jackrabbit.core.query.sql.ASTContainsExpression",7,0.42,1.00,17,0.11,1129.61,9,2,1,8,4,142.38,3,25,2,2,142.38,0.00,0.50,0.14,0,17.00,1,331.40,0,3,2,SimpleNode,0.00,1,1,7,0,1,4,0,1,98,1
"org.apache.jackrabbit.core.query.sql.ASTIdentifier",6,0.80,1.00,14,0.10,1044.12,7,1,1,7,8,142.13,1,21,6,2,142.13,0.00,0.50,0.33,0,10.00,1,295.38,1,3,2,SimpleNode,0.08,1,1,6,0,1,3,0,1,87,1
"org.apache.jackrabbit.core.query.sql.ASTLiteral",8,0.29,1.00,19,0.13,1418.97,10,2,0,9,4,142.06,3,28,3,2,142.06,0.00,0.50,0.25,0,18.00,1,403.74,1,3,1,SimpleNode,0.14,1,1,8,0,1,5,0,1,117,1
"org.apache.jackrabbit.core.query.sql.ASTPredicate",14,0.12,1.00,34,0.24,2461.65,19,5,1,15,4,142.09,1,49,2,2,142.09,0.00,0.50,0.09,0,70.00,1,709.22,1,5,2,SimpleNode,0.06,1,1,14,0,1,9,0,1,199,1
"org.apache.jackrabbit.core.query.sql.DefaultParserVisitor",19,0.00,1.00,39,0.26,2668.31,19,0,0,19,6,142.86,4,59,1,1,142.86,0.00,0.00,0.00,0,19.00,1,769.01,0,19,5,java.lang.Object,0.00,0,0,19,0,0,0,1,1,233,0
"org.apache.jackrabbit.core.query.sql.JCRSQLQueryBuilder",26,0.08,3.27,327,4.65,330686.45,34,8,36,142,32,80.28,151,412,2,1,98.15,0.00,0.00,0.05,3,158.00,14,13937.00,0,24,30,java.lang.Object,0.00,116,0,85,0,116,2,1,59,2459,1
"org.apache.jackrabbit.core.query.sql.JCRSQLQueryBuilder$DefaultParserVisitor",1,0.00,1.00,4,0.03,341.81,1,0,36,2,1,128.59,0,5,0,1,128.59,0.00,0.00,0.00,0,0.00,1,87.95,0,1,1,java.lang.Object,0.00,1,0,1,0,1,0,0,0,25,0
"org.apache.jackrabbit.core.query.sql.JCRSQLQueryBuilder$DefaultParserVisitor_0",1,0.00,2.00,6,0.07,1619.60,1,0,36,4,3,166.54,1,9,0,1,116.54,0.00,0.00,0.00,0,0.00,2,207.04,0,1,3,java.lang.Object,0.00,3,0,2,0,3,0,0,1,48,0
"org.apache.jackrabbit.core.query.sql.JCRSQLQueryBuilder$DefaultParserVisitor_1",5,0.00,2.20,25,0.25,7597.13,5,0,36,8,3,119.69,0,34,0,1,119.69,0.00,0.00,0.00,1,5.00,5,740.78,0,4,3,java.lang.Object,0.00,3,0,11,0,3,1,0,0,174,0
"org.apache.jackrabbit.core.query.sql.JCRSQLQueryBuilder$DefaultParserVisitor_2",1,0.00,1.00,4,0.03,474.00,1,0,36,2,1,127.47,0,5,0,1,127.47,0.00,0.00,0.00,0,1.00,1,92.00,0,1,1,java.lang.Object,0.00,1,0,1,0,1,0,0,0,25,0
"org.apache.jackrabbit.core.query.sql.JCRSQLQueryBuilder$MergingPathQueryNode",5,0.75,6.00,101,1.44,155355.11,6,1,36,26,3,49.12,61,113,0,4,86.68,0.00,0.75,0.40,2,6.00,13,4330.26,0,3,3,org.apache.jackrabbit.core.query.PathQueryNode,0.00,21,3,30,0,21,2,0,15,758,2
"org.apache.jackrabbit.core.query.sql.QueryBuilder",4,0.00,1.00,9,0.09,1185.23,4,0,5,7,4,140.54,16,17,0,1,140.31,0.00,0.00,0.00,0,4.00,1,278.72,0,3,4,java.lang.Object,0.00,3,0,4,0,3,1,1,5,75,1
"org.apache.jackrabbit.core.query.sql.QueryFormat",20,0.01,4.60,340,4.82,367161.35,24,4,28,87,24,111.79,75,404,2,1,91.17,0.00,0.00,0.26,4,30.00,14,14472.00,0,15,22,java.lang.Object,0.00,67,0,92,0,67,5,2,25,2561,0
"org.apache.jackrabbit.core.nodetype.BooleanConstraint",4,0.67,2.25,28,0.32,8714.71,5,1,22,13,14,113.00,1,45,1,2,113.00,0.00,0.50,0.50,1,0.00,3,950.72,0,0,14,org.apache.jackrabbit.core.nodetype.ValueConstraint,0.00,9,1,9,0,9,4,0,1,203,0
"org.apache.jackrabbit.core.nodetype.CyclicNodeTypeRegistrationTest",5,0.31,2.40,101,1.60,80295.18,9,4,8,33,9,59.77,66,117,0,4,89.15,0.00,0.75,0.50,0,0.00,3,4799.49,2,0,9,org.apache.jackrabbit.test.AbstractJCRTest,0.53,28,3,12,0,28,5,0,18,863,1
"org.apache.jackrabbit.core.nodetype.DateConstraint",3,0.62,7.00,70,0.99,73548.63,7,4,22,20,14,135.19,5,112,1,2,85.19,0.00,0.50,0.67,0,0.00,10,2977.54,0,0,14,org.apache.jackrabbit.core.nodetype.ValueConstraint,0.00,17,1,21,0,17,3,0,5,546,0
"org.apache.jackrabbit.core.nodetype.EffectiveNodeType",37,0.03,5.19,578,8.22,744924.13,43,6,15,105,22,50.57,263,766,14,1,92.86,0.00,0.00,0.19,8,270.00,27,24649.07,0,18,10,java.lang.Object,0.00,68,0,192,0,68,19,1,119,4465,1
"org.apache.jackrabbit.core.nodetype.EffectiveNodeTypeCache",12,0.14,1.33,50,0.47,8821.21,14,2,11,31,5,108.03,66,67,3,1,125.90,0.00,0.00,0.62,1,0.00,4,1402.45,0,3,3,java.lang.Object,0.00,19,0,16,0,19,9,2,20,342,0
"org.apache.jackrabbit.core.nodetype.EffectiveNodeTypeCache$WeightedKey",12,0.05,1.75,68,0.65,23305.57,14,2,11,26,1,139.52,39,77,0,1,118.90,0.00,0.00,0.46,0,0.00,5,1952.92,0,3,1,java.lang.Object,0.00,14,0,21,0,14,9,1,15,439,1
"org.apache.jackrabbit.core.nodetype.InvalidConstraintException",2,0.00,1.00,5,0.03,221.18,2,0,1,2,11,93.68,18,8,10,3,143.68,0.00,0.67,0.00,0,2.00,1,88.69,0,0,1,org.apache.jackrabbit.BaseException,0.00,0,2,2,0,0,2,0,3,29,1
"org.apache.jackrabbit.core.nodetype.InvalidNodeTypeDefException",2,0.00,1.00,5,0.03,221.18,2,0,1,2,9,93.68,18,8,8,3,143.68,0.00,0.67,0.00,0,2.00,1,88.69,0,0,1,org.apache.jackrabbit.BaseException,0.00,0,2,2,0,0,2,0,3,29,1
"org.apache.jackrabbit.core.nodetype.ItemDef",8,2.00,1.00,11,0.05,622.13,10,2,1,9,7,123.89,54,12,6,1,156.11,0.00,0.00,0.00,0,8.00,1,161.67,0,2,1,,0.00,1,0,8,0,1,6,0,10,57,1
"org.apache.jackrabbit.core.nodetype.ItemDefImpl",16,0.03,1.38,47,0.44,12733.70,22,6,2,18,5,104.63,105,75,3,1,136.85,0.00,0.00,0.14,0,96.00,5,1325.21,0,2,2,java.lang.Object,0.00,2,0,22,2,2,14,1,25,324,2
"org.apache.jackrabbit.core.nodetype.ItemDefinitionImpl",11,0.08,1.45,43,0.37,6486.21,16,5,9,25,9,99.08,68,64,3,1,131.30,0.00,0.00,0.27,0,0.00,3,1104.58,0,3,6,java.lang.Object,0.00,14,0,16,2,14,8,1,21,273,1
"org.apache.jackrabbit.core.nodetype.NameConstraint",3,0.00,2.67,28,0.35,11901.51,4,1,22,14,14,106.84,2,49,1,2,106.84,0.00,0.50,1.00,0,0.00,3,1048.18,0,1,14,org.apache.jackrabbit.core.nodetype.ValueConstraint,0.00,11,1,8,0,11,2,0,2,212,0
"org.apache.jackrabbit.core.nodetype.NodeDef",4,1.00,1.00,6,0.03,407.08,5,1,1,4,25,122.97,27,7,24,2,155.19,0.00,0.50,0.00,0,4.00,1,96.55,0,2,2,,0.00,0,1,4,0,0,2,0,5,34,1
"org.apache.jackrabbit.core.nodetype.NodeDefId",6,0.20,2.17,43,0.43,16773.45,8,2,3,20,16,64.05,50,54,15,1,112.16,0.00,0.00,0.33,0,0.00,5,1300.83,0,2,2,java.lang.Object,0.00,14,0,13,0,14,4,1,14,271,1
"org.apache.jackrabbit.core.nodetype.NodeDefImpl",17,0.05,1.35,64,0.53,11562.22,21,4,3,29,10,98.61,105,93,6,2,130.83,0.00,0.50,0.29,0,0.00,4,1596.85,7,2,4,org.apache.jackrabbit.core.nodetype.ItemDefImpl,0.30,12,1,23,0,12,15,1,35,396,1
"org.apache.jackrabbit.core.nodetype.NodeDefinitionImpl",5,0.75,2.00,31,0.34,14233.83,6,1,7,11,8,82.39,34,42,4,2,114.61,0.00,0.50,0.40,0,0.00,4,1021.39,0,2,5,org.apache.jackrabbit.core.nodetype.ItemDefinitionImpl,0.00,6,1,10,0,6,3,1,11,219,1
"org.apache.jackrabbit.core.nodetype.NodeTypeConflictException",2,0.00,1.00,5,0.03,221.18,2,0,1,2,8,93.68,18,8,7,3,143.68,0.00,0.67,0.00,0,2.00,1,88.69,0,0,1,org.apache.jackrabbit.BaseException,0.00,0,2,2,0,0,2,0,3,29,1
"org.apache.jackrabbit.core.nodetype.NodeTypeDef",20,0.10,1.95,121,1.32,52029.30,28,8,9,46,24,82.70,122,153,19,1,114.93,0.00,0.00,0.22,3,122.00,11,3946.43,0,5,5,java.lang.Object,0.00,26,0,39,0,26,15,1,30,838,1
"org.apache.jackrabbit.core.nodetype.NodeTypeDefDiff",13,0.15,2.46,124,1.51,85191.50,22,9,7,38,8,61.02,143,145,3,1,105.14,0.00,0.00,0.25,3,6.00,7,4516.89,0,1,5,java.lang.Object,0.00,25,0,32,0,25,12,0,33,877,1
"org.apache.jackrabbit.core.nodetype.NodeTypeDefDiff$ChildItemDefDiff",6,0.27,2.17,38,0.31,10096.89,9,3,7,11,1,156.28,14,54,0,1,116.39,0.00,0.00,0.56,3,0.00,8,929.80,0,0,1,java.lang.Object,0.00,5,0,13,0,5,6,0,11,221,1
"org.apache.jackrabbit.core.nodetype.NodeTypeDefDiff$ChildNodeDefDiff",4,0.00,2.25,22,0.23,7277.90,4,0,7,10,1,158.95,10,32,0,2,119.07,0.00,0.50,0.00,2,10.00,6,693.70,1,0,1,org.apache.jackrabbit.core.nodetype.ChildItemDefDiff,0.00,6,1,9,0,6,4,0,5,152,1
"org.apache.jackrabbit.core.nodetype.NodeTypeDefDiff$PropDefDiff",4,0.00,3.50,43,0.48,30773.69,4,0,7,13,2,103.04,17,51,0,2,102.81,0.00,0.50,0.00,2,10.00,11,1448.00,1,0,2,org.apache.jackrabbit.core.nodetype.ChildItemDefDiff,0.00,9,1,14,0,9,4,0,9,273,1
"org.apache.jackrabbit.core.nodetype.NodeTypeDefStore",9,0.12,1.11,26,0.26,4164.83,10,1,11,22,6,138.99,39,38,1,1,138.76,0.00,0.00,0.89,1,0.00,2,787.58,0,2,5,java.lang.Object,0.00,13,0,10,0,13,7,0,11,196,1
"org.apache.jackrabbit.core.nodetype.NodeTypeImpl",25,0.22,2.96,248,2.93,131098.19,30,5,22,74,24,73.64,168,305,10,1,105.86,0.00,0.00,0.41,2,0.00,15,8776.22,0,14,15,java.lang.Object,0.00,49,0,74,0,49,11,1,70,1711,1
"org.apache.jackrabbit.core.nodetype.NodeTypeManagerImpl",19,0.09,2.95,195,2.69,116206.61,27,8,37,92,32,61.34,140,264,9,1,103.63,0.00,0.00,0.21,3,36.00,14,8074.02,0,12,26,java.lang.Object,0.00,73,0,56,0,73,7,3,42,1503,1
"org.apache.jackrabbit.core.nodetype.NodeTypeRegistry",42,0.05,4.88,827,12.25,1478800.13,57,15,31,190,45,66.99,597,1022,23,1,87.13,0.00,0.00,0.11,17,702.00,52,36750.03,0,3,23,java.lang.Object,0.00,148,0,205,0,148,39,2,183,6030,1
"org.apache.jackrabbit.core.nodetype.NodeTypeRegistryListener",3,0.00,1.00,4,0.02,61.53,3,0,1,3,3,118.38,22,5,2,1,160.67,0.00,0.00,0.00,0,3.00,1,56.53,0,0,1,,0.00,0,0,3,0,0,3,0,4,23,1
"org.apache.jackrabbit.core.nodetype.NumericConstraint",5,0.19,4.80,82,1.10,70656.86,9,4,22,24,14,143.04,5,129,1,2,93.04,0.00,0.50,0.40,1,0.00,9,3310.31,0,0,14,org.apache.jackrabbit.core.nodetype.ValueConstraint,0.00,19,1,24,0,19,5,0,5,613,0
"org.apache.jackrabbit.core.nodetype.PathConstraint",3,0.75,4.67,45,0.57,26589.47,5,2,22,19,14,135.57,6,76,1,2,95.69,0.00,0.50,1.00,0,0.00,7,1712.15,0,1,14,org.apache.jackrabbit.core.nodetype.ValueConstraint,0.00,16,1,14,0,16,2,0,6,321,0
"org.apache.jackrabbit.core.nodetype.PropDef",5,1.00,1.00,7,0.04,424.50,6,1,1,5,30,123.59,32,8,28,2,155.81,0.00,0.50,0.00,0,5.00,1,108.16,0,3,3,,0.00,0,1,5,0,0,2,0,6,39,1
"org.apache.jackrabbit.core.nodetype.PropDefId",6,0.20,2.00,35,0.35,11217.10,8,2,1,20,12,70.90,51,47,12,1,119.00,0.00,0.00,0.33,0,0.00,4,1062.85,0,2,1,java.lang.Object,0.00,14,0,12,0,14,4,1,12,236,1
"org.apache.jackrabbit.core.nodetype.PropDefImpl",19,0.00,1.26,66,0.53,10952.91,24,5,4,21,11,99.19,117,95,5,2,131.41,0.00,0.50,0.20,0,55.00,3,1597.33,7,1,6,org.apache.jackrabbit.core.nodetype.ItemDefImpl,0.29,2,1,24,0,2,18,1,39,399,1
"org.apache.jackrabbit.core.nodetype.PropertyDefinitionImpl",6,1.00,2.00,36,0.41,17820.40,7,1,7,14,10,96.59,35,47,5,2,114.47,0.00,0.50,0.17,0,0.00,5,1229.73,1,2,6,org.apache.jackrabbit.core.nodetype.ItemDefinitionImpl,0.00,8,1,12,0,8,4,1,10,260,1
"org.apache.jackrabbit.core.nodetype.ReferenceConstraint",4,0.33,2.00,27,0.30,8762.65,5,1,22,13,16,155.39,11,45,3,2,115.51,0.00,0.50,0.75,0,0.00,3,887.32,0,2,14,org.apache.jackrabbit.core.nodetype.ValueConstraint,0.00,9,1,8,0,9,2,0,4,188,0
"org.apache.jackrabbit.core.nodetype.StringConstraint",3,0.50,2.33,24,0.30,8993.93,4,1,22,13,14,109.74,1,40,1,2,109.74,0.00,0.50,0.67,0,0.00,3,890.28,0,0,14,org.apache.jackrabbit.core.nodetype.ValueConstraint,0.00,10,1,7,0,10,3,0,1,186,0
"org.apache.jackrabbit.core.nodetype.ValueConstraint",7,0.17,1.43,33,0.42,14532.23,10,3,22,19,34,142.95,22,56,21,1,122.34,0.00,0.00,0.19,0,3.00,3,1272.17,0,3,20,java.lang.Object,0.00,12,0,10,7,12,4,0,4,267,2
"org.apache.jackrabbit.server.io.AbstractExportContext",7,0.00,1.29,23,0.19,3616.06,12,5,3,10,7,131.78,4,32,4,1,131.78,0.00,0.00,0.20,0,30.00,2,560.01,0,2,3,java.lang.Object,0.00,3,0,9,3,3,5,1,1,140,2
"org.apache.jackrabbit.server.io.BoundedInputStream",14,0.14,1.50,54,0.52,15774.65,19,5,2,23,2,129.31,57,74,2,2,129.08,0.00,0.50,0.33,1,0.00,4,1553.34,0,1,0,java.io.InputStream,0.00,9,1,21,0,9,13,0,19,368,1
"org.apache.jackrabbit.server.io.DefaultHandler",31,0.15,2.87,251,3.63,151032.22,36,5,27,128,19,59.93,255,357,4,1,108.03,0.00,0.00,0.05,12,239.00,9,10876.85,0,10,15,java.lang.Object,0.00,97,0,89,2,97,21,2,75,2065,1
"org.apache.jackrabbit.server.io.DefaultIOListener",4,0.00,1.50,11,0.17,2386.13,6,2,2,9,8,138.06,16,16,5,1,137.82,0.00,0.00,0.50,0,0.00,2,498.31,0,0,3,java.lang.Object,0.00,5,0,6,0,5,4,1,5,119,1
"org.apache.jackrabbit.server.io.DefaultIOManager",3,1.00,1.33,12,0.09,1165.89,4,1,2,8,6,79.98,24,17,1,2,128.08,0.00,0.50,0.00,1,3.00,2,261.42,1,0,5,org.apache.jackrabbit.server.io.IOManagerImpl,0.00,5,1,4,0,5,3,0,4,73,1
"org.apache.jackrabbit.server.io.DirListingExportHandler",17,0.44,1.76,132,1.88,90625.34,19,2,15,54,12,110.23,75,165,2,1,110.00,0.00,0.00,0.09,2,58.00,7,5641.54,0,3,10,java.lang.Object,0.00,37,0,30,0,37,14,2,25,987,1
"org.apache.jackrabbit.server.io.ExportContext",9,0.00,1.00,10,0.06,310.43,9,0,2,9,10,141.02,52,11,10,2,158.89,0.00,0.50,0.00,0,9.00,1,190.99,0,2,0,,0.00,0,1,9,0,0,7,0,10,69,1
"org.apache.jackrabbit.server.io.ExportContextImpl",10,0.09,2.60,62,0.77,21489.56,15,5,15,36,6,83.29,61,91,1,2,115.51,0.00,0.50,0.28,0,0.00,11,2322.15,2,1,5,org.apache.jackrabbit.server.io.AbstractExportContext,0.12,26,1,26,0,26,9,0,22,467,1
"org.apache.jackrabbit.server.io.IOContext",4,0.00,1.00,5,0.02,93.72,4,0,0,4,2,142.34,23,6,2,1,160.21,0.00,0.00,0.00,0,4.00,1,62.48,0,1,1,,0.00,0,0,4,0,0,3,0,5,26,1
"org.apache.jackrabbit.server.io.IOHandler",11,0.00,1.00,12,0.10,581.83,11,0,2,11,10,119.87,134,13,7,1,157.43,0.00,0.00,0.00,0,11.00,1,311.12,0,2,4,,0.00,0,0,11,0,0,9,0,12,101,1
"org.apache.jackrabbit.server.io.IOListener",3,0.00,1.00,4,0.04,168.96,3,0,0,3,8,109.11,25,5,7,1,157.21,0.00,0.00,0.00,0,3.00,1,112.64,0,0,2,,0.00,0,0,3,0,0,3,0,4,35,1
"org.apache.jackrabbit.server.io.IOManager",6,0.00,1.00,7,0.06,395.24,6,0,2,6,11,112.55,67,8,8,1,156.68,0.00,0.00,0.00,0,6.00,1,192.35,0,0,4,,0.00,0,0,6,0,0,6,0,7,61,1
"org.apache.jackrabbit.server.io.IOManagerImpl",7,0.08,3.43,83,0.99,54846.69,9,2,6,25,8,101.44,30,96,1,1,101.21,0.00,0.00,0.43,1,9.00,5,2983.60,0,1,7,java.lang.Object,0.00,18,0,24,1,18,6,1,8,567,1
"org.apache.jackrabbit.server.io.IOUtil",8,4.00,2.50,62,0.76,29249.66,12,4,12,26,15,62.73,83,81,12,1,111.21,0.00,0.00,0.00,0,8.00,3,2290.96,0,7,3,java.lang.Object,0.00,18,0,20,0,18,1,0,20,480,1
"org.apache.jackrabbit.server.io.ImportContext",9,0.00,1.00,10,0.04,206.52,9,0,2,9,10,128.06,58,11,10,2,160.28,0.00,0.50,0.00,0,9.00,1,126.48,0,7,0,,0.00,0,1,9,0,0,2,0,10,53,1
"org.apache.jackrabbit.server.io.ImportContextImpl",17,0.02,1.82,62,0.61,14024.05,24,7,9,35,7,130.33,83,86,2,1,130.10,0.00,0.00,0.13,3,163.00,3,1826.89,0,8,5,java.lang.Object,0.00,18,0,31,1,18,9,1,19,439,1
"org.apache.jackrabbit.server.io.MimeResolver",4,0.00,1.50,16,0.16,2476.04,6,2,3,14,2,94.24,26,24,1,1,126.46,0.00,0.00,0.50,0,2.00,2,465.76,0,2,1,java.lang.Object,0.00,10,0,6,0,10,2,0,8,114,1
"org.apache.jackrabbit.server.io.PropertyExportContext",0,0.00,0.00,1,0.01,31.02,0,0,0,0,7,171.00,5,2,7,2,171.00,0.00,0.50,0.00,0,0.00,0,15.51,0,0,0,,0.00,0,1,0,0,0,0,0,1,6,1
"org.apache.jackrabbit.server.io.PropertyHandler",4,0.00,1.00,5,0.05,270.57,4,0,2,4,7,119.02,51,6,5,1,156.59,0.00,0.00,0.00,0,4.00,1,136.59,0,1,2,,0.00,0,0,4,0,0,3,0,5,44,1
"org.apache.jackrabbit.server.io.PropertyImportContext",2,0.00,1.00,3,0.01,65.85,2,0,2,2,7,110.94,17,4,7,2,159.05,0.00,0.50,0.00,0,2.00,1,38.73,0,2,0,,0.00,0,1,2,0,0,0,0,3,16,1
"org.apache.jackrabbit.server.io.PropertyManager",4,0.00,1.00,5,0.04,233.87,4,0,2,4,6,124.86,25,6,3,1,157.09,0.00,0.00,0.00,0,4.00,1,117.76,0,2,3,,0.00,0,0,4,0,0,2,0,5,39,1
"org.apache.jackrabbit.server.io.PropertyManagerImpl",6,0.20,2.17,46,0.50,19772.32,9,3,7,27,10,111.83,26,54,2,1,111.60,0.00,0.00,0.17,1,14.00,4,1511.48,0,2,8,java.lang.Object,0.00,21,0,13,0,21,4,1,7,317,1
"org.apache.jackrabbit.server.io.XmlHandler",9,0.44,2.11,48,0.68,15565.41,11,2,10,34,7,76.97,63,74,2,2,119.26,0.00,0.50,0.11,0,19.00,4,2042.60,5,0,5,org.apache.jackrabbit.server.io.DefaultHandler,0.00,25,1,19,0,25,9,0,19,429,1
"org.apache.jackrabbit.server.io.ZipHandler",11,0.20,2.64,95,1.32,46884.07,14,3,15,59,10,60.03,110,124,2,2,108.51,0.00,0.50,0.15,1,39.00,6,3953.80,5,1,8,org.apache.jackrabbit.server.io.DefaultHandler,0.05,48,1,29,0,48,10,0,27,760,1
"org.apache.jackrabbit.server.io.ZipHandler$ZipEntryExportContext",9,0.25,1.56,24,0.25,4759.29,11,2,15,17,2,188.22,11,39,0,2,138.22,0.00,0.50,0.28,0,20.00,3,743.58,0,1,2,org.apache.jackrabbit.server.io.AbstractExportContext,0.00,8,1,14,0,8,8,0,6,181,1
"org.apache.jackrabbit.server.io.ZipHandler$ZipEntryImportContext",4,0.00,1.00,14,0.17,2319.86,6,2,15,12,5,131.44,0,19,0,2,131.44,0.00,0.50,0.50,0,4.00,1,504.63,0,1,5,org.apache.jackrabbit.server.io.ImportContextImpl,0.29,8,1,4,0,8,3,0,0,116,1
"org.apache.jackrabbit.test.api.lock.LockTest",23,0.00,1.48,271,3.54,79254.11,23,0,8,72,3,56.10,202,353,1,4,104.21,0.00,0.75,0.00,0,0.00,4,10632.11,0,0,2,org.apache.jackrabbit.test.AbstractJCRTest,0.00,49,3,34,0,49,23,0,136,2062,1
"org.apache.jackrabbit.test.api.lock.SetValueLockExceptionTest",5,0.41,5.00,116,1.70,75820.00,28,23,13,29,3,38.81,42,151,1,4,86.91,0.00,0.75,0.37,1,0.00,15,5109.32,2,1,2,org.apache.jackrabbit.test.AbstractJCRTest,0.53,24,3,25,0,24,4,0,15,854,1
"org.apache.jackrabbit.test.api.lock.TestAll",1,0.00,1.00,6,0.05,1283.53,1,0,3,3,3,73.37,11,8,1,2,117.50,0.00,0.50,0.00,0,1.00,1,150.40,0,1,2,junit.framework.TestCase,0.00,2,1,1,0,2,0,0,2,39,1
"org.apache.jackrabbit.core.BatchedItemOperations",37,0.09,4.27,537,9.47,588669.14,49,12,43,179,33,128.21,769,841,3,2,94.83,0.00,0.50,0.17,17,0.00,24,28403.68,2,17,30,org.apache.jackrabbit.core.ItemValidator,0.00,142,1,158,0,142,20,0,207,4666,1
"org.apache.jackrabbit.core.CachingHierarchyManager",28,0.05,3.21,252,3.35,115598.62,37,9,22,98,16,64.37,207,362,2,2,106.66,0.00,0.50,0.16,10,158.00,7,10058.55,6,6,14,org.apache.jackrabbit.core.HierarchyManagerImpl,0.00,70,1,90,0,70,22,2,56,1970,1
"org.apache.jackrabbit.core.CachingHierarchyManager$LRUEntry",8,0.04,1.62,39,0.24,5561.83,12,4,22,8,1,93.83,48,53,0,1,126.05,0.00,0.00,0.22,2,28.00,5,716.06,0,3,1,java.lang.Object,0.00,0,0,13,0,0,5,0,12,190,1
"org.apache.jackrabbit.core.CachingHierarchyManager$PathMap.ElementVisitor",1,0.00,1.00,3,0.03,231.96,1,0,22,3,0,134.58,0,4,0,1,134.58,0.00,0.00,0.00,0,1.00,1,87.85,0,0,0,java.lang.Object,0.00,2,0,1,0,2,1,0,0,25,0
"org.apache.jackrabbit.core.CachingHierarchyManager$PathMap.ElementVisitor_0",1,0.00,1.00,3,0.03,231.96,1,0,22,3,0,134.58,0,4,0,1,134.58,0.00,0.00,0.00,0,1.00,1,87.85,0,0,0,java.lang.Object,0.00,2,0,1,0,2,1,0,0,25,0
"org.apache.jackrabbit.core.CachingHierarchyManager$PathMap.ElementVisitor_1",1,0.00,3.00,17,0.19,7649.85,1,0,22,8,0,94.27,0,17,0,1,94.27,0.00,0.00,0.00,0,1.00,3,578.13,0,0,0,java.lang.Object,0.00,7,0,3,0,7,1,0,0,114,0
"org.apache.jackrabbit.core.CachingNamespaceResolver",13,0.06,1.00,34,0.31,4116.06,16,3,12,23,10,140.32,63,51,1,1,140.08,0.00,0.00,0.28,1,53.00,1,927.81,0,6,9,java.lang.Object,0.00,10,0,13,0,10,7,3,21,248,0
"org.apache.jackrabbit.core.ConcurrencyTest",3,0.00,2.67,40,0.44,22647.86,7,4,7,14,1,138.57,8,42,0,4,98.68,0.00,0.75,0.25,0,4.00,6,1310.14,2,0,1,org.apache.jackrabbit.test.AbstractJCRTest,0.62,11,3,8,0,11,3,0,6,246,1
"org.apache.jackrabbit.core.ConcurrencyTest$TestSession",3,0.33,3.00,51,0.57,25876.47,6,3,7,17,0,143.86,3,62,0,1,93.86,0.00,0.00,0.56,1,0.00,6,1711.16,0,0,0,java.lang.Object,0.00,14,0,9,0,14,3,1,3,304,0
"org.apache.jackrabbit.core.ConcurrentLoginTest",1,2.00,6.00,25,0.27,11976.42,3,2,7,11,2,75.97,15,24,1,4,86.33,0.00,0.75,0.00,0,1.00,6,811.19,0,0,1,org.apache.jackrabbit.test.AbstractJCRTest,0.00,10,3,6,0,10,1,0,6,155,1
"org.apache.jackrabbit.core.ConcurrentLoginTest$Runnable",1,0.00,3.00,12,0.10,2650.80,1,0,7,5,0,153.53,1,13,0,1,103.53,0.00,0.00,0.00,0,1.00,3,300.30,0,0,0,java.lang.Object,0.00,4,0,3,0,4,1,0,1,63,0
"org.apache.jackrabbit.core.ConcurrentNodeModificationTest",1,1.00,6.00,36,0.43,23262.01,5,4,7,13,1,40.59,12,34,0,4,78.15,0.00,0.75,0.75,0,0.00,6,1287.41,0,0,1,org.apache.jackrabbit.test.AbstractJCRTest,0.00,12,3,6,0,12,1,0,5,228,1
"org.apache.jackrabbit.core.ConcurrentNodeModificationTest$TestSession",3,0.33,2.33,43,0.49,18557.12,6,3,7,15,0,98.20,2,51,0,1,98.20,0.00,0.00,0.56,1,0.00,4,1456.13,0,0,0,java.lang.Object,0.00,12,0,7,0,12,3,1,2,265,0
"org.apache.jackrabbit.core.ConcurrentSaveTest",3,0.12,2.00,27,0.25,6124.89,7,4,8,15,1,129.79,9,36,0,4,109.18,0.00,0.75,0.33,0,2.00,3,761.94,2,0,1,org.apache.jackrabbit.test.AbstractJCRTest,0.62,12,3,6,0,12,3,0,3,170,1
"org.apache.jackrabbit.core.ConcurrentSaveTest$Thread",1,0.00,3.00,15,0.16,3935.02,1,0,8,7,0,148.57,1,16,0,1,98.57,0.00,0.00,0.00,0,0.00,3,465.69,0,0,0,java.lang.Object,0.00,6,0,3,0,6,1,0,1,90,0
"org.apache.jackrabbit.core.ConcurrentSaveTest$Thread_0",1,0.00,4.00,16,0.19,6143.03,1,0,8,7,0,135.82,2,18,0,1,95.93,0.00,0.00,0.00,0,0.00,4,573.66,0,0,0,java.lang.Object,0.00,6,0,4,0,6,1,0,2,107,0
"org.apache.jackrabbit.core.HierarchyManager",6,0.00,1.00,7,0.07,293.54,6,0,5,6,15,113.57,70,10,11,1,157.70,0.00,0.00,0.00,0,6.00,1,195.70,0,3,4,,0.00,0,0,6,0,0,3,0,7,62,1
"org.apache.jackrabbit.core.HierarchyManagerImpl",19,0.01,3.11,197,2.49,119560.59,24,5,16,57,19,61.23,150,286,3,1,103.52,0.00,0.00,0.21,7,53.00,7,7470.43,0,11,16,java.lang.Object,0.00,38,0,59,3,38,8,1,41,1427,1
"org.apache.jackrabbit.core.InternalXAResource",6,0.00,1.00,7,0.04,169.53,6,0,0,6,6,127.35,37,8,5,1,159.57,0.00,0.00,0.00,0,6.00,1,128.53,0,0,2,,0.00,0,0,6,0,0,6,0,7,47,1
"org.apache.jackrabbit.core.ItemId",1,1.00,1.00,3,0.03,343.57,2,1,1,1,49,113.09,14,4,49,1,133.23,0.00,0.00,0.00,0,1.00,1,78.02,0,0,0,java.lang.Object,0.00,0,0,1,2,0,1,1,3,22,2
"org.apache.jackrabbit.core.ItemImpl",43,0.06,3.72,549,7.69,549648.94,56,13,51,181,29,49.63,470,757,6,1,98.10,0.00,0.00,0.14,20,586.00,24,23079.55,0,13,28,java.lang.Object,0.00,138,0,160,4,138,30,2,207,3958,2
"org.apache.jackrabbit.core.ItemLifeCycleListener",3,0.00,1.00,4,0.02,78.51,3,0,0,3,7,115.71,35,5,6,1,159.84,0.00,0.00,0.00,0,3.00,1,73.51,0,0,2,,0.00,0,0,3,0,0,3,0,4,27,1
"org.apache.jackrabbit.core.ItemManager",34,0.05,2.53,261,3.47,94433.80,41,7,35,113,43,69.85,243,377,20,1,112.14,0.00,0.00,0.19,11,122.00,6,10417.85,0,18,30,java.lang.Object,0.00,79,0,86,0,79,16,3,85,2059,1
"org.apache.jackrabbit.core.ItemValidator",6,0.15,3.33,78,1.13,56216.55,10,4,20,38,16,87.54,94,105,1,1,97.89,0.00,0.00,0.38,2,0.00,7,3394.96,0,3,15,java.lang.Object,0.00,32,0,20,1,32,3,0,22,631,1
"org.apache.jackrabbit.core.JackrabbitRepositoryStub",2,0.67,2.50,29,0.40,15537.71,8,6,8,13,3,136.70,42,36,0,2,97.40,0.00,0.50,0.50,0,2.00,4,1203.49,0,1,3,org.apache.jackrabbit.test.RepositoryStub,0.22,11,1,5,0,11,1,0,13,231,1
"org.apache.jackrabbit.core.LazyItemIterator",10,0.11,2.10,62,0.60,23470.93,15,5,12,21,3,67.16,82,85,2,1,115.26,0.00,0.00,0.30,2,6.00,8,1788.53,0,3,2,java.lang.Object,0.00,11,0,21,0,11,7,2,34,380,0
"org.apache.jackrabbit.core.LocalNamespaceMappings",13,0.42,3.00,96,1.17,44343.71,16,3,11,44,8,63.30,112,138,1,2,111.40,0.00,0.50,0.72,2,0.00,9,3509.58,1,5,7,org.apache.jackrabbit.name.AbstractNamespaceResolver,0.00,31,1,39,0,31,8,2,53,731,0
"org.apache.jackrabbit.core.LockTest",3,3.00,5.00,72,0.74,24317.84,6,3,10,15,2,56.14,19,64,0,4,88.36,0.00,0.75,0.00,0,0.00,5,2209.51,0,0,2,org.apache.jackrabbit.test.AbstractJCRTest,0.00,12,3,15,0,12,3,0,4,410,1
"org.apache.jackrabbit.core.LockTest$Thread",1,1.00,5.00,18,0.23,7228.62,2,1,10,14,1,143.42,1,23,0,1,93.42,0.00,0.00,0.00,0,1.00,5,697.78,0,0,1,java.lang.Object,0.00,13,0,5,0,13,1,0,1,130,0
"org.apache.jackrabbit.core.LockTest$Thread$Locked",1,0.00,2.00,10,0.10,2338.99,1,0,10,7,0,107.01,0,12,0,1,107.01,0.00,0.00,0.00,0,0.00,2,310.21,0,1,0,java.lang.Object,0.00,6,0,2,0,6,0,0,0,65,0
"org.apache.jackrabbit.core.LockTest$Thread_0",1,0.00,5.00,20,0.28,9047.99,2,1,10,13,1,140.94,1,24,0,1,90.94,0.00,0.00,1.00,0,0.00,5,853.33,0,0,1,java.lang.Object,0.00,12,0,5,0,12,1,0,1,153,0
"org.apache.jackrabbit.core.LockTest$Thread_0$Locked_1",1,0.00,1.00,7,0.07,1442.31,1,0,10,6,0,114.60,0,8,0,1,114.60,0.00,0.00,0.00,0,1.00,1,212.33,0,1,0,java.lang.Object,0.00,5,0,1,0,5,0,0,0,48,0
"org.apache.jackrabbit.core.LockTest$Thread_2",1,0.00,6.00,24,0.36,15205.44,2,1,10,14,1,126.06,2,29,0,1,86.17,0.00,0.00,1.00,0,0.00,6,1070.96,0,0,1,java.lang.Object,0.00,13,0,6,0,13,1,0,2,183,0
"org.apache.jackrabbit.core.LockTest$Thread_2$Locked_3",1,0.00,1.00,7,0.07,1442.31,1,0,10,6,0,114.60,0,8,0,1,114.60,0.00,0.00,0.00,0,1.00,1,212.33,0,1,0,java.lang.Object,0.00,5,0,1,0,5,0,0,0,48,0
"org.apache.jackrabbit.core.NamespaceRegistryImpl",22,0.07,2.68,224,2.93,133023.09,35,13,21,70,17,61.40,168,317,8,2,103.69,0.00,0.50,0.14,7,158.00,12,8801.12,2,8,9,org.apache.jackrabbit.name.AbstractNamespaceResolver,0.00,48,1,59,0,48,14,3,77,1684,1
"org.apache.jackrabbit.core.NamespaceRegistryImplTest",4,0.44,2.75,34,0.35,7160.30,10,6,5,13,4,132.08,14,54,1,2,111.46,0.00,0.50,0.50,1,0.00,5,1055.24,0,0,3,junit.framework.TestCase,0.00,9,1,11,0,9,4,0,5,238,1
"org.apache.jackrabbit.core.NodeId",7,0.17,1.57,27,0.21,4279.21,10,3,1,13,109,88.87,50,39,107,2,131.16,0.00,0.50,0.19,0,15.00,3,637.33,0,3,2,org.apache.jackrabbit.core.ItemId,0.25,6,1,11,0,6,4,0,12,162,1
"org.apache.jackrabbit.core.NodeIdIterator",1,0.00,1.00,2,0.01,59.45,1,0,2,1,5,97.32,10,3,4,2,145.80,0.00,0.50,0.00,0,1.00,1,33.60,0,0,1,,0.00,0,1,1,0,0,1,0,2,13,1
"org.apache.jackrabbit.core.NodeImpl",127,0.11,3.76,1682,24.99,1370930.22,131,4,80,437,72,47.38,1246,2433,32,2,97.38,2.00,0.25,0.15,47,3678.00,38,74976.13,9,62,47,org.apache.jackrabbit.core.ItemImpl,0.07,310,1,478,2,310,65,1,579,12963,1
"org.apache.jackrabbit.core.PropertyId",8,0.04,1.75,42,0.42,14761.94,12,4,1,18,41,76.79,59,58,38,2,119.08,0.00,0.50,0.22,0,18.00,3,1262.46,0,3,3,org.apache.jackrabbit.core.ItemId,0.22,10,1,14,0,10,5,0,14,282,1
"org.apache.jackrabbit.core.PropertyImpl",39,0.04,3.36,486,6.35,253784.07,41,2,37,114,28,58.14,304,687,7,2,100.44,0.00,0.50,0.46,6,0.00,11,19059.99,3,13,24,org.apache.jackrabbit.core.ItemImpl,0.15,75,1,131,0,75,26,1,172,3514,1
"org.apache.jackrabbit.core.RepositoryImpl",51,0.03,2.27,429,5.75,211108.47,81,30,78,205,65,60.16,522,656,22,1,108.64,0.00,0.00,0.06,19,1089.00,10,17254.65,0,31,48,java.lang.Object,0.00,154,0,116,0,154,20,3,158,3184,1
"org.apache.jackrabbit.core.RepositoryImpl$ExternalEventListener",4,0.00,1.00,9,0.06,571.24,4,0,78,9,3,163.42,14,14,0,1,142.80,0.00,0.00,0.00,0,4.00,1,180.83,0,2,3,java.lang.Object,0.00,5,0,4,0,5,2,1,6,55,0
"org.apache.jackrabbit.core.RepositoryImpl$WorkspaceInfo",19,0.11,2.89,181,2.06,69249.25,33,14,78,62,19,58.64,195,288,0,1,107.11,0.00,0.00,0.18,5,133.00,10,6173.18,0,9,19,java.lang.Object,0.00,43,0,55,0,43,10,1,61,1156,1
"org.apache.jackrabbit.core.RepositoryImpl$WorkspaceJanitor",2,0.50,3.50,32,0.32,10626.24,4,2,78,9,2,95.99,33,39,0,1,96.46,0.00,0.00,0.75,0,0.00,6,957.01,0,0,2,java.lang.Object,0.00,7,0,7,0,7,2,1,11,185,1
"org.apache.jackrabbit.core.SearchManager",9,0.14,4.11,145,2.12,109547.43,33,24,37,61,29,111.72,169,202,5,1,93.59,0.00,0.00,0.17,4,0.00,16,6374.32,0,3,24,java.lang.Object,0.00,52,0,37,0,52,6,1,48,1081,1
"org.apache.jackrabbit.core.SearchManager$NodeIdIterator",4,0.67,1.00,10,0.07,749.95,5,1,37,8,1,141.87,0,14,0,1,141.87,0.00,0.00,0.50,1,4.00,1,202.85,0,1,1,java.lang.Object,0.00,4,0,4,0,4,3,0,0,60,0
"org.apache.jackrabbit.core.SearchManager$NodeStateIterator",4,0.67,1.25,15,0.13,2213.32,5,1,37,8,3,131.55,0,21,0,1,131.55,0.00,0.00,0.50,1,4.00,2,384.10,0,2,3,java.lang.Object,0.00,4,0,5,0,4,2,0,0,95,0
"org.apache.jackrabbit.core.SearchManager$Timer.Task",1,0.00,4.00,10,0.11,2681.15,1,0,37,4,0,106.38,0,16,0,1,106.38,0.00,0.00,0.00,0,0.00,4,333.53,0,0,0,java.lang.Object,0.00,3,0,4,0,3,1,0,0,68,0
"org.apache.jackrabbit.core.SearchManager$WeakHashMap",0,0.00,0.00,1,0.00,12.00,0,0,37,0,0,171.00,0,1,0,1,171.00,0.00,0.00,0.00,0,0.00,0,8.00,0,0,0,java.lang.Object,0.00,0,0,0,0,0,0,0,0,4,0
"org.apache.jackrabbit.core.SessionImpl",60,0.01,2.52,502,6.81,362328.72,82,22,78,218,73,65.04,440,727,44,1,107.33,0.00,0.00,0.06,14,2052.00,22,20432.61,0,29,37,java.lang.Object,0.00,158,0,151,2,158,31,2,174,3713,1
"org.apache.jackrabbit.core.SessionListener",2,0.00,1.00,3,0.01,46.02,2,0,0,2,5,110.28,19,4,5,1,160.28,0.00,0.00,0.00,0,2.00,1,41.02,0,0,1,,0.00,0,0,2,0,0,2,0,3,17,1
"org.apache.jackrabbit.core.SystemSession",3,0.00,1.00,11,0.13,2138.77,3,0,12,9,9,86.61,34,22,3,2,130.74,0.00,0.50,0.00,0,3.00,1,401.72,0,2,7,org.apache.jackrabbit.core.SessionImpl,0.00,6,1,3,0,6,1,0,8,95,0
"org.apache.jackrabbit.core.SystemSession$SystemAccessManager",6,0.00,1.00,9,0.08,563.02,6,0,12,6,3,137.60,35,21,0,1,155.47,0.00,0.00,0.00,0,6.00,1,230.54,0,0,3,java.lang.Object,0.00,0,0,6,0,0,6,1,10,68,1
"org.apache.jackrabbit.core.TestAll",1,0.00,1.00,8,0.07,2228.14,1,0,3,3,4,90.81,14,10,0,2,110.95,0.00,0.50,0.00,0,1.00,1,223.66,0,1,4,junit.framework.TestCase,0.00,2,1,1,0,2,0,0,6,55,1
"org.apache.jackrabbit.core.TestRepository",4,0.08,2.25,27,0.36,10875.69,8,4,10,15,8,104.38,61,46,5,1,114.74,0.00,0.00,0.31,0,4.00,6,1066.64,0,2,3,java.lang.Object,0.00,11,0,9,0,11,2,0,11,217,1
"org.apache.jackrabbit.core.TestRepository$Repository",6,0.00,1.00,13,0.11,1577.78,6,0,10,9,0,140.71,0,21,0,1,140.71,0.00,0.00,0.00,0,6.00,1,342.72,0,6,0,java.lang.Object,0.00,3,0,6,0,3,0,0,0,96,0
"org.apache.jackrabbit.core.TransactionContext",10,0.13,3.00,102,1.00,46240.87,15,5,6,26,8,56.48,87,126,7,1,104.58,0.00,0.00,0.32,4,18.00,7,2996.24,0,1,2,java.lang.Object,0.00,16,0,30,0,16,9,1,21,592,1
"org.apache.jackrabbit.core.TransactionException",2,0.00,1.00,5,0.03,221.18,2,0,1,2,9,95.57,16,8,8,3,143.68,0.00,0.67,0.00,0,2.00,1,88.69,0,0,1,org.apache.jackrabbit.BaseException,0.00,0,2,2,0,0,2,0,3,29,1
"org.apache.jackrabbit.core.TransientRepository",15,0.05,1.40,82,0.89,19404.44,26,11,20,44,11,82.78,188,162,5,1,120.34,0.00,0.00,0.14,3,48.00,3,2659.11,0,6,6,java.lang.Object,0.00,29,0,21,0,29,9,2,44,580,1
"org.apache.jackrabbit.core.TransientRepository$RepositoryFactory",1,0.00,1.00,2,0.01,38.26,1,0,20,1,1,105.02,7,3,0,1,147.31,0.00,0.00,0.00,0,1.00,1,25.51,0,0,1,,0.00,0,0,1,0,0,1,0,1,11,1
"org.apache.jackrabbit.core.TransientRepository$RepositoryFactory_0",1,0.00,1.00,3,0.02,222.80,1,0,20,2,1,134.71,0,0,0,1,134.71,0.00,0.00,0.00,0,1.00,1,58.19,0,0,1,java.lang.Object,0.00,1,0,1,0,1,1,0,0,18,0
"org.apache.jackrabbit.core.TransientRepository$RepositoryFactory_1",1,0.00,6.00,25,0.36,22234.03,1,0,20,13,4,84.21,0,0,0,1,84.21,0.00,0.00,0.00,0,0.00,6,1093.32,0,0,4,java.lang.Object,0.00,12,0,6,0,12,1,0,0,187,0
"org.apache.jackrabbit.core.TransientRepositoryTest",3,0.00,1.00,12,0.10,1198.92,4,1,5,10,2,95.83,19,17,1,2,128.05,0.00,0.50,1.00,0,0.00,1,297.84,0,0,1,junit.framework.TestCase,0.00,7,1,3,0,7,3,0,5,76,1
"org.apache.jackrabbit.core.TransientRepositoryTest$TransientRepository.RepositoryFactory",1,0.00,1.00,3,0.02,176.32,1,0,5,2,1,135.51,0,4,0,1,135.51,0.00,0.00,0.00,0,1.00,1,57.02,0,1,1,java.lang.Object,0.00,1,0,1,0,1,0,0,0,18,0
"org.apache.jackrabbit.core.UserTransactionImpl",7,0.25,2.29,56,0.71,27087.72,11,4,11,21,2,76.65,42,84,2,1,108.87,0.00,0.00,0.46,0,0.00,4,2120.21,0,0,0,java.lang.Object,0.00,14,0,16,0,14,7,1,13,414,1
"org.apache.jackrabbit.core.UserTransactionImpl$XidImpl",4,1.00,1.00,10,0.06,808.47,5,1,11,4,0,162.23,15,15,0,1,141.61,0.00,0.00,0.25,0,6.00,1,193.11,0,0,0,java.lang.Object,0.00,0,0,4,0,0,4,1,5,57,0
"org.apache.jackrabbit.core.WorkspaceImpl",26,0.10,2.62,250,3.36,146428.12,35,9,49,105,28,57.54,222,387,6,1,105.65,0.00,0.00,0.21,6,42.00,12,10073.18,0,13,25,java.lang.Object,0.00,79,0,68,1,79,13,2,88,1816,1
"org.apache.jackrabbit.core.WorkspaceImpl$VersionSelector",1,0.00,2.00,6,0.06,1535.64,1,0,49,4,1,156.61,2,8,0,1,116.72,0.00,0.00,0.00,0,1.00,2,190.84,0,1,1,java.lang.Object,0.00,3,0,2,0,3,0,0,2,45,0
"org.apache.jackrabbit.core.XASession",1,0.00,1.00,2,0.01,44.19,1,0,2,1,3,173.10,19,3,3,2,146.81,0.00,0.50,0.00,0,1.00,1,26.09,0,1,0,,0.00,0,1,1,0,0,0,0,2,11,1
"org.apache.jackrabbit.core.XASessionImpl",22,0.04,1.91,121,1.35,37543.34,29,7,21,49,18,87.10,148,172,2,2,119.33,0.00,0.50,0.10,5,214.00,8,4045.71,2,5,17,org.apache.jackrabbit.core.SessionImpl,0.07,27,1,42,0,27,17,2,34,876,1
"org.apache.jackrabbit.core.XATest",30,0.83,1.97,496,6.28,255484.17,31,1,13,86,3,50.85,335,569,1,4,94.98,0.00,0.75,0.20,1,0.00,5,18843.50,4,0,2,org.apache.jackrabbit.test.AbstractJCRTest,0.20,56,3,59,0,56,30,0,237,3452,1
"org.apache.jackrabbit.core.XAWorkspace",4,1.00,1.00,10,0.09,1082.27,5,1,5,8,9,98.33,31,18,1,2,140.62,0.00,0.50,0.00,0,6.00,1,273.71,0,3,8,org.apache.jackrabbit.core.WorkspaceImpl,0.00,4,1,4,0,4,1,0,6,73,1
"org.apache.jackrabbit.core.XAWorkspace$InternalXAResource",6,0.00,1.17,12,0.11,1832.29,6,0,5,11,2,140.17,0,22,0,1,140.17,0.00,0.00,0.00,0,10.00,2,344.30,0,0,2,java.lang.Object,0.00,5,0,7,0,5,6,0,0,88,0
"org.apache.jackrabbit.core.XAWorkspace$InternalXAResource_0",6,0.00,1.33,15,0.14,2264.94,6,0,5,9,2,139.41,0,27,0,1,139.41,0.00,0.00,0.00,0,10.00,2,423.72,0,0,2,java.lang.Object,0.00,3,0,8,0,3,6,0,0,110,0
"org.apache.jackrabbit.core.ZombieHierarchyManager",6,0.80,2.17,31,0.38,9033.24,7,1,8,18,12,71.62,48,55,2,2,119.73,0.00,0.50,0.33,0,10.00,3,1142.61,4,3,10,org.apache.jackrabbit.core.HierarchyManagerImpl,0.00,12,1,13,0,12,3,0,19,262,1
"org.apache.jackrabbit.core.nodetype.xml.AdditionalNamespaceResolver",5,0.12,1.80,31,0.32,8555.78,7,2,6,13,4,98.50,27,41,3,2,116.38,0.00,0.50,0.40,1,6.00,2,949.71,0,2,1,org.apache.jackrabbit.name.AbstractNamespaceResolver,0.00,8,1,9,0,8,3,0,8,218,1
"org.apache.jackrabbit.core.nodetype.xml.Constants",0,0.00,0.00,25,0.29,3144.19,24,24,0,0,2,171.00,27,26,2,1,171.00,0.00,0.00,0.00,0,0.00,0,861.42,0,0,0,,0.00,0,0,0,0,0,0,0,25,149,1
"org.apache.jackrabbit.core.nodetype.xml.NodeTypeReader",7,0.17,3.86,107,2.17,116737.85,10,3,25,64,24,56.01,84,186,4,1,93.57,0.00,0.00,0.48,3,4.00,9,6511.09,0,6,20,java.lang.Object,0.00,57,0,27,0,57,1,0,21,1083,1
"org.apache.jackrabbit.core.nodetype.xml.NodeTypeWriter",6,0.30,3.67,109,1.66,81983.68,8,2,17,52,15,47.18,71,148,3,1,91.31,0.00,0.00,0.75,2,0.00,6,4989.44,0,0,12,java.lang.Object,0.00,46,0,22,0,46,6,0,20,873,2
"org.apache.jackrabbit.core.nodetype.xml.SimpleNamespaceRegistry",7,0.08,1.14,24,0.26,4048.42,9,2,3,15,2,171.31,15,33,1,1,131.42,0.00,0.00,0.57,1,0.00,2,766.08,0,4,1,java.lang.Object,0.00,8,0,8,0,8,3,1,10,200,0
"org.apache.jackrabbit.core.nodetype.xml.TestAll",39,0.10,1.33,231,3.20,60966.21,45,6,22,90,14,159.59,98,386,1,2,119.71,0.00,0.50,0.07,3,371.00,4,9589.94,0,4,13,junit.framework.TestCase,0.00,51,1,52,0,51,35,0,49,1977,1
"org.apache.jackrabbit.webdav.transaction.TransactionConstants",0,0.00,0.00,13,0.24,5843.66,12,12,4,3,10,171.00,76,14,6,1,171.00,0.00,0.00,0.00,0,0.00,0,724.21,0,0,4,,0.00,3,0,0,0,3,0,0,16,138,1
"org.apache.jackrabbit.webdav.transaction.TransactionDavServletRequest",2,0.00,1.00,3,0.02,87.74,2,0,2,2,5,113.94,23,4,2,2,158.07,0.00,0.50,0.00,0,2.00,1,46.77,0,2,3,,0.00,0,1,2,0,0,0,0,3,18,1
"org.apache.jackrabbit.webdav.transaction.TransactionInfo",4,0.00,1.75,23,0.28,8103.38,6,2,8,13,12,70.28,41,30,7,1,118.76,0.00,0.00,0.50,0,0.00,3,836.00,0,1,5,java.lang.Object,0.00,9,0,7,0,9,3,2,7,178,1
"org.apache.jackrabbit.webdav.transaction.TransactionResource",3,2.00,1.00,6,0.06,623.66,5,2,2,3,16,91.52,28,7,13,2,141.52,0.00,0.50,0.00,0,3.00,1,169.57,0,1,4,,0.00,0,1,3,0,0,2,0,4,49,1
"org.apache.jackrabbit.webdav.transaction.TxActiveLock",4,0.17,2.00,23,0.23,6822.88,6,2,4,12,10,77.03,30,32,5,3,119.32,0.00,0.67,0.38,0,2.00,5,691.92,2,2,5,org.apache.jackrabbit.webdav.lock.DefaultActiveLock,0.50,8,2,8,0,8,2,1,7,150,1
"org.apache.jackrabbit.webdav.transaction.TxLockEntry",3,0.25,1.33,12,0.08,1314.56,5,2,5,4,5,79.57,26,17,1,2,127.67,0.00,0.50,0.33,0,2.00,2,249.39,0,2,4,org.apache.jackrabbit.webdav.lock.AbstractLockEntry,0.00,1,1,4,0,1,1,1,4,65,2
"org.apache.jackrabbit.webdav.transaction.TxLockManager",2,0.00,1.00,3,0.03,184.31,2,0,5,2,9,145.17,30,5,3,2,155.53,0.00,0.50,0.00,0,2.00,1,101.67,0,1,7,,0.00,0,1,2,0,0,1,0,3,30,1
"org.apache.jackrabbit.webdav.version.ActivityResource",0,0.00,0.00,5,0.11,3438.72,4,4,1,1,4,171.00,66,6,2,2,171.00,0.00,0.50,0.00,0,0.00,0,320.95,0,0,2,,0.00,1,1,0,0,1,0,0,5,70,1
"org.apache.jackrabbit.webdav.version.BaselineResource",1,2.00,1.00,4,0.06,1353.17,3,2,3,2,5,74.93,51,5,1,2,123.88,0.00,0.50,0.00,0,1.00,1,183.88,0,1,4,,0.00,1,1,1,0,1,0,0,4,45,1
"org.apache.jackrabbit.webdav.version.DeltaVConstants",0,0.00,0.00,44,0.95,21563.97,43,43,3,1,29,171.00,248,45,26,1,171.00,0.00,0.00,0.00,0,0.00,0,2837.36,0,0,3,,0.00,1,0,0,0,1,0,0,34,428,1
"org.apache.jackrabbit.webdav.version.DeltaVResource",4,3.00,1.00,8,0.07,613.42,7,3,5,4,16,160.69,73,9,10,2,142.56,0.00,0.50,0.00,0,4.00,1,215.42,0,2,7,,0.00,0,1,4,0,0,2,0,8,62,1
"org.apache.jackrabbit.webdav.version.DeltaVServletRequest",6,0.00,1.00,7,0.04,244.95,6,0,3,6,8,110.21,48,8,1,2,158.31,0.00,0.50,0.00,0,6.00,1,125.38,0,5,7,,0.00,0,1,6,0,0,1,0,7,46,1
"org.apache.jackrabbit.webdav.version.LabelInfo",9,0.03,2.11,67,0.79,33295.91,17,8,9,20,15,78.98,61,84,9,1,111.21,0.00,0.00,0.15,0,38.00,5,2377.15,0,2,6,java.lang.Object,0.00,11,0,19,0,11,7,2,7,473,1
"org.apache.jackrabbit.webdav.version.LabelSetProperty",3,0.25,1.33,16,0.15,3326.12,5,2,6,6,5,121.12,12,18,1,2,120.88,0.00,0.50,0.33,0,1.00,2,463.19,1,2,4,org.apache.jackrabbit.webdav.property.AbstractDavProperty,0.00,3,1,4,0,3,1,0,3,106,1
"org.apache.jackrabbit.webdav.version.MergeInfo",8,0.05,2.12,51,0.63,19273.59,11,3,13,30,15,67.06,71,66,7,1,115.17,0.00,0.00,0.38,0,0.00,4,1899.91,0,5,8,java.lang.Object,0.00,22,0,17,0,22,3,2,10,391,1
"org.apache.jackrabbit.webdav.version.OptionsInfo",5,0.25,2.20,31,0.38,9261.60,7,2,13,21,14,67.58,51,39,7,1,116.06,0.00,0.00,0.30,0,10.00,3,1136.76,0,2,7,java.lang.Object,0.00,16,0,11,0,16,3,1,7,241,1
"org.apache.jackrabbit.webdav.version.OptionsResponse",4,0.17,2.50,38,0.59,18664.29,6,2,14,31,11,68.74,49,46,5,1,106.30,0.00,0.00,0.38,0,0.00,4,1763.22,0,3,6,java.lang.Object,0.00,27,0,10,0,27,1,2,5,344,1
"org.apache.jackrabbit.webdav.version.OptionsResponse$Entry",1,3.00,1.00,8,0.07,1245.95,4,3,14,1,1,112.94,0,10,0,1,112.94,0.00,0.00,0.00,0,1.00,1,199.22,0,0,1,java.lang.Object,0.00,0,0,1,0,0,1,0,0,53,2
"org.apache.jackrabbit.webdav.version.SupportedMethodSetProperty",3,0.25,1.33,17,0.18,4242.03,5,2,6,7,4,120.29,12,19,1,2,120.05,0.00,0.50,0.33,0,1.00,2,535.69,1,2,3,org.apache.jackrabbit.webdav.property.AbstractDavProperty,0.00,4,1,4,0,4,1,1,3,119,1
"org.apache.jackrabbit.webdav.version.UpdateInfo",9,0.25,3.33,89,1.29,69739.23,17,8,13,34,15,56.40,77,115,7,1,104.50,0.00,0.00,0.35,0,0.00,8,3868.36,0,7,8,java.lang.Object,0.00,25,0,30,0,25,2,2,13,706,1
"org.apache.jackrabbit.webdav.version.VersionControlledResource",7,16.00,1.00,24,0.51,19334.90,23,16,3,8,15,92.39,294,25,7,2,126.10,0.00,0.50,0.00,0,7.00,1,1526.92,0,3,8,,0.00,1,1,7,0,1,4,0,24,299,1
"org.apache.jackrabbit.webdav.version.VersionHistoryResource",1,4.00,1.00,6,0.09,2077.38,5,4,3,2,12,82.14,42,7,8,2,115.85,0.00,0.50,0.00,0,1.00,1,280.76,0,1,5,,0.00,1,1,1,0,1,0,0,6,64,1
"org.apache.jackrabbit.webdav.version.VersionResource",2,11.00,1.00,14,0.32,11920.17,13,11,2,3,13,159.64,164,15,9,2,109.75,0.00,0.50,0.00,0,2.00,1,962.56,0,0,5,,0.00,1,1,2,0,1,2,0,14,189,1
"org.apache.jackrabbit.webdav.version.VersionableResource",1,2.00,1.00,4,0.04,432.22,3,2,1,1,3,98.81,41,5,2,2,127.79,0.00,0.50,0.00,0,1.00,1,105.60,0,0,1,,0.00,0,1,1,0,0,1,0,4,29,1
"org.apache.jackrabbit.webdav.version.WorkspaceResource",0,0.00,0.00,4,0.08,2307.76,3,3,1,1,3,171.00,61,5,1,2,171.00,0.00,0.50,0.00,0,0.00,0,240.81,0,0,2,,0.00,1,1,0,0,1,0,0,4,54,1
"org.apache.jackrabbit.core.state.db.DatabasePersistenceManager",0,0.00,0.00,1,0.03,323.05,0,0,1,0,2,171.00,5,4,0,3,171.00,0.00,0.67,0.00,0,0.00,0,82.04,0,0,2,org.apache.jackrabbit.core.persistence.db.DatabasePersistenceManager,0.00,0,2,0,0,0,0,1,1,21,2
"org.apache.jackrabbit.core.state.db.DerbyPersistenceManager",0,0.00,0.00,1,0.03,257.00,0,0,1,0,2,171.00,5,4,0,5,171.00,0.00,0.80,0.00,0,0.00,0,76.15,0,0,2,org.apache.jackrabbit.core.persistence.db.DerbyPersistenceManager,0.00,0,4,0,0,0,0,1,1,20,1
"org.apache.jackrabbit.core.state.db.JNDIDatabasePersistenceManager",0,0.00,0.00,1,0.03,257.00,0,0,1,0,2,171.00,5,4,0,4,171.00,0.00,0.75,0.00,0,0.00,0,76.15,0,0,2,org.apache.jackrabbit.core.persistence.db.JNDIDatabasePersistenceManager,0.00,0,3,0,0,0,0,1,1,20,1
"org.apache.jackrabbit.core.state.db.OraclePersistenceManager",0,0.00,0.00,1,0.03,257.00,0,0,1,0,2,171.00,5,4,0,5,171.00,0.00,0.80,0.00,0,0.00,0,76.15,0,0,2,org.apache.jackrabbit.core.persistence.db.OraclePersistenceManager,0.00,0,4,0,0,0,0,1,1,20,1
"org.apache.jackrabbit.core.state.db.SimpleDbPersistenceManager",0,0.00,0.00,1,0.03,257.00,0,0,1,0,2,171.00,5,4,0,4,171.00,0.00,0.75,0.00,0,0.00,0,76.15,0,0,2,org.apache.jackrabbit.core.persistence.db.SimpleDbPersistenceManager,0.00,0,3,0,0,0,0,1,1,20,1
"org.apache.jackrabbit.rmi.jackrabbit.ClientJackrabbitNodeTypeManager",4,0.67,2.25,32,0.39,17356.89,5,1,13,14,7,108.48,0,46,1,2,108.48,0.00,0.50,0.50,1,6.00,4,1184.05,0,2,6,org.apache.jackrabbit.rmi.client.ClientNodeTypeManager,0.00,10,2,9,0,10,2,1,0,234,1
"org.apache.jackrabbit.rmi.jackrabbit.ClientJackrabbitWorkspace",3,0.50,2.33,23,0.29,9831.23,4,1,11,12,6,111.60,0,39,1,2,111.60,0.00,0.50,0.67,0,1.00,4,872.69,0,0,5,org.apache.jackrabbit.rmi.client.ClientWorkspace,0.00,9,2,7,0,9,3,1,0,176,1
"org.apache.jackrabbit.rmi.jackrabbit.JackrabbitClientAdapterFactory",2,0.00,2.00,11,0.10,2367.09,2,0,9,4,10,76.44,22,18,0,2,120.57,0.00,0.50,0.00,0,2.00,2,296.04,2,2,10,org.apache.jackrabbit.rmi.client.ClientAdapterFactory,0.00,2,1,4,0,2,0,0,3,72,1
"org.apache.jackrabbit.rmi.jackrabbit.JackrabbitServerAdapterFactory",2,0.00,2.00,11,0.10,2471.47,2,0,9,4,8,82.86,25,20,0,2,120.42,0.00,0.50,0.00,0,2.00,2,300.76,2,2,8,org.apache.jackrabbit.rmi.server.ServerAdapterFactory,0.00,2,1,4,0,2,0,0,3,72,1
"org.apache.jackrabbit.rmi.jackrabbit.RemoteJackrabbitNodeTypeManager",2,0.00,1.00,3,0.03,172.19,2,0,5,2,6,107.29,21,6,3,2,155.76,0.00,0.50,0.00,0,2.00,1,93.23,0,1,3,,0.00,0,1,2,0,0,1,0,3,29,1
"org.apache.jackrabbit.rmi.jackrabbit.RemoteJackrabbitWorkspace",1,0.00,1.00,2,0.02,122.23,1,0,4,1,5,99.21,11,4,3,2,143.33,0.00,0.50,0.00,0,1.00,1,61.11,0,0,2,,0.00,0,1,1,0,0,1,0,2,19,1
"org.apache.jackrabbit.rmi.jackrabbit.ServerJackrabbitNodeTypeManager",3,0.50,1.67,19,0.22,7631.61,4,1,10,8,6,115.04,0,27,1,3,115.04,0.00,0.67,0.67,0,1.00,3,654.88,0,1,5,org.apache.jackrabbit.rmi.server.ServerNodeTypeManager,0.00,5,3,5,0,5,2,1,0,139,1
"org.apache.jackrabbit.rmi.jackrabbit.ServerJackrabbitWorkspace",2,1.00,2.00,13,0.14,4072.78,3,1,8,5,5,115.76,0,23,1,3,115.76,0.00,0.67,0.50,0,2.00,3,408.64,1,0,4,org.apache.jackrabbit.rmi.server.ServerWorkspace,0.00,3,3,4,0,3,2,1,0,91,1
"org.apache.jackrabbit.test.api.util.TestAll",1,0.00,1.00,4,0.03,457.63,1,0,3,2,1,90.03,12,6,1,2,127.59,0.00,0.50,0.00,0,1.00,1,76.45,0,1,0,junit.framework.TestCase,0.00,1,1,1,0,1,0,0,3,23,1
"org.apache.jackrabbit.core.nodetype.compact.CompactNodeTypeDefReader",24,0.10,4.00,290,3.63,144374.07,28,4,26,79,22,52.19,246,364,3,1,100.66,0.00,0.00,0.34,17,0.00,15,10879.81,0,3,19,java.lang.Object,0.00,55,0,96,0,55,21,0,35,2052,1
"org.apache.jackrabbit.core.nodetype.compact.CompactNodeTypeDefTest",2,0.75,2.00,70,1.11,34506.44,18,16,17,48,13,119.76,4,75,1,2,79.88,0.00,0.50,0.44,0,0.00,3,3330.65,0,0,12,junit.framework.TestCase,0.00,46,1,4,0,46,2,0,4,582,1
"org.apache.jackrabbit.core.nodetype.compact.CompactNodeTypeDefWriter",19,0.03,3.05,194,2.39,89992.92,24,5,17,76,10,72.28,118,231,3,1,104.50,0.00,0.00,0.23,14,0.00,7,7181.30,0,2,7,java.lang.Object,0.00,57,0,58,0,57,17,0,27,1411,1
"org.apache.jackrabbit.core.nodetype.compact.Lexer",5,0.12,1.80,82,1.75,45127.49,44,39,3,18,2,134.69,13,103,1,1,94.80,0.00,0.00,0.12,1,0.00,5,5256.96,0,1,1,java.lang.Object,0.00,13,0,9,0,13,4,0,3,830,1
"org.apache.jackrabbit.core.nodetype.compact.ParseException",6,0.20,1.67,46,0.43,15682.01,9,3,0,10,5,70.16,43,57,5,2,112.45,0.00,0.50,0.17,0,10.00,5,1299.94,2,2,0,java.lang.Exception,0.00,4,1,10,0,4,4,0,11,297,1
"org.apache.jackrabbit.core.nodetype.compact.TestAll",1,0.00,1.00,5,0.06,1131.01,1,0,3,3,1,72.40,10,7,0,2,120.88,0.00,0.50,0.00,0,1.00,1,180.51,0,1,1,junit.framework.TestCase,0.00,2,1,1,0,2,0,0,2,43,1
"org.apache.jackrabbit.rmi.server.iterator.ServerIterator",5,0.00,2.00,28,0.30,8495.21,8,3,7,15,8,81.77,61,44,5,2,119.33,5.00,0.14,0.33,1,2.00,4,892.03,0,2,3,org.apache.jackrabbit.rmi.server.ServerObject,0.00,10,2,10,5,10,3,1,9,201,2
"org.apache.jackrabbit.rmi.server.iterator.ServerNodeIterator",2,0.00,1.00,5,0.05,488.90,2,0,4,2,3,90.97,19,10,1,3,140.96,0.00,0.67,0.00,0,2.00,1,141.40,1,1,2,org.apache.jackrabbit.rmi.server.iterator.ServerIterator,0.00,0,3,2,0,0,1,0,3,40,1
"org.apache.jackrabbit.rmi.server.iterator.ServerNodeTypeIterator",2,0.00,1.00,5,0.05,584.99,2,0,4,3,3,90.35,19,10,1,3,140.35,0.00,0.67,0.00,0,2.00,1,156.38,1,1,2,org.apache.jackrabbit.rmi.server.iterator.ServerIterator,0.00,1,3,2,0,1,1,0,3,43,1
"org.apache.jackrabbit.rmi.server.iterator.ServerPropertyIterator",2,0.00,1.00,5,0.05,584.99,2,0,4,3,3,90.35,19,10,1,3,140.35,0.00,0.67,0.00,0,2.00,1,156.38,1,1,2,org.apache.jackrabbit.rmi.server.iterator.ServerIterator,0.00,1,3,2,0,1,1,0,3,43,1
"org.apache.jackrabbit.rmi.server.iterator.ServerRowIterator",2,0.00,1.00,5,0.05,584.99,2,0,4,3,3,90.35,19,10,1,3,140.35,0.00,0.67,0.00,0,2.00,1,156.38,1,1,2,org.apache.jackrabbit.rmi.server.iterator.ServerIterator,0.00,1,3,2,0,1,1,0,3,43,1
"org.apache.jackrabbit.rmi.server.iterator.ServerVersionIterator",2,0.00,1.00,5,0.05,584.99,2,0,4,3,3,90.35,19,10,1,3,140.35,0.00,0.67,0.00,0,2.00,1,156.38,1,1,2,org.apache.jackrabbit.rmi.server.iterator.ServerIterator,0.00,1,3,2,0,1,1,0,3,43,1
"org.apache.jackrabbit.util.name.NamespaceAdder",3,0.00,1.33,16,0.18,3073.66,4,1,6,7,1,121.15,0,20,0,1,121.15,0.00,0.00,1.00,0,0.00,2,538.40,0,0,1,java.lang.Object,0.00,4,0,4,0,4,3,0,0,119,1
"org.apache.jackrabbit.util.name.NamespaceExtractor",2,0.00,1.50,16,0.18,3818.27,6,4,12,12,1,73.82,24,21,0,1,111.38,0.00,0.00,0.25,0,2.00,2,543.83,0,1,1,java.lang.Object,0.00,10,0,3,0,10,1,0,4,116,1
"org.apache.jackrabbit.util.name.NamespaceExtractor$NamespaceHandler",1,0.00,6.00,19,0.25,12230.03,1,0,12,5,0,130.59,2,26,0,2,90.70,0.00,0.50,0.00,0,0.00,6,752.53,0,0,0,org.xml.sax.helpers.DefaultHandler,0.00,4,1,6,0,4,1,0,2,141,1
"org.apache.jackrabbit.util.name.NamespaceMapping",10,0.00,2.10,58,0.62,19055.06,13,3,8,26,8,101.05,50,76,6,2,118.93,0.00,0.50,0.33,2,10.00,5,1848.24,0,5,2,org.apache.jackrabbit.name.AbstractNamespaceResolver,0.00,16,1,21,0,16,5,0,15,415,1
"org.apache.jackrabbit.core.xml.AbstractSAXEventGenerator",13,0.05,2.23,116,1.53,61564.20,27,14,18,40,7,70.62,165,155,2,1,108.19,0.00,0.00,0.12,7,39.00,8,4600.61,0,0,5,java.lang.Object,0.00,27,0,29,2,27,13,0,56,868,1
"org.apache.jackrabbit.core.xml.AbstractSAXEventGenerator$NamespaceStack",3,0.00,1.67,16,0.13,3146.15,5,2,18,7,0,72.92,25,21,0,1,121.02,0.00,0.00,0.50,0,1.00,3,377.35,0,1,0,java.lang.Object,0.00,4,0,5,0,4,2,0,7,99,2
"org.apache.jackrabbit.core.xml.BufferedStringValue",9,0.38,3.67,128,1.55,71159.27,17,8,21,40,9,48.78,95,171,2,1,97.25,0.00,0.00,0.46,2,0.00,5,4652.04,0,4,7,java.lang.Object,0.00,31,0,33,0,31,5,1,42,874,0
"org.apache.jackrabbit.core.xml.BufferedStringValue$OutputStreamWriter",1,0.00,1.00,4,0.03,271.16,1,0,21,3,0,169.27,2,5,0,1,129.38,0.00,0.00,0.00,0,1.00,1,85.62,1,0,0,java.lang.Object,0.00,2,0,1,0,2,1,0,2,25,0
"org.apache.jackrabbit.core.xml.DocViewImportHandler",8,0.10,3.50,101,1.44,80564.16,11,3,15,41,13,61.37,97,143,1,3,98.93,0.00,0.67,0.25,2,10.00,10,4323.84,0,1,12,org.apache.jackrabbit.core.xml.TargetImportHandler,0.00,33,2,28,0,33,7,0,41,762,0
"org.apache.jackrabbit.core.xml.DocViewSAXEventGenerator",8,0.10,2.25,64,0.97,36169.95,11,3,17,39,7,60.24,68,98,1,2,108.34,0.00,0.50,0.25,1,16.00,8,2910.26,1,1,6,org.apache.jackrabbit.core.xml.AbstractSAXEventGenerator,0.00,31,1,18,0,31,7,0,39,529,1
"org.apache.jackrabbit.core.xml.DocumentViewTest",5,0.00,1.60,38,0.59,13107.29,7,2,18,34,5,64.34,41,61,1,2,112.45,0.00,0.50,0.50,0,0.00,2,1763.55,3,0,4,junit.framework.TestCase,0.00,29,1,8,0,29,5,0,11,335,1
"org.apache.jackrabbit.core.xml.ImportHandler",12,0.04,1.42,55,0.66,14559.78,19,7,13,35,9,91.95,82,83,2,2,124.18,0.00,0.50,0.18,0,42.00,3,1992.51,0,0,7,org.xml.sax.helpers.DefaultHandler,0.00,23,1,17,0,23,12,0,26,444,1
"org.apache.jackrabbit.core.xml.Importer",4,0.00,1.00,5,0.03,147.36,4,0,2,4,8,110.19,40,7,7,1,158.67,0.00,0.00,0.00,0,4.00,1,98.24,0,0,1,,0.00,0,0,4,0,0,4,0,5,35,1
"org.apache.jackrabbit.core.xml.NamespaceContext",6,0.07,1.83,35,0.38,12092.62,9,3,10,18,8,70.66,49,46,2,1,118.77,0.00,0.00,0.39,0,2.00,3,1144.52,0,5,6,java.lang.Object,0.00,12,0,11,0,12,1,1,11,260,0
"org.apache.jackrabbit.core.xml.NodeInfo",5,0.06,1.00,18,0.12,2090.55,9,4,2,5,7,82.56,49,25,5,1,132.56,0.00,0.00,0.20,0,17.00,1,355.50,0,4,2,java.lang.Object,0.00,0,0,5,0,0,1,0,10,99,1
"org.apache.jackrabbit.core.xml.PropInfo",6,0.35,4.00,84,1.20,71307.74,10,4,20,37,17,45.84,56,110,4,1,95.84,0.00,0.00,0.54,2,0.00,8,3599.15,0,1,13,java.lang.Object,0.00,31,0,24,0,31,5,0,31,634,1
"org.apache.jackrabbit.core.xml.SessionImporter",7,0.17,5.29,137,2.04,124684.28,13,6,21,66,10,40.97,71,182,1,1,89.44,0.00,0.00,0.31,0,0.00,11,6114.65,0,2,10,java.lang.Object,0.00,59,0,37,0,59,5,1,41,1056,1
"org.apache.jackrabbit.core.xml.StringValue",4,0.00,2.00,24,0.33,9965.69,6,2,11,13,7,97.19,23,38,1,1,115.07,0.00,0.00,0.50,0,4.00,3,1001.49,0,2,6,java.lang.Object,0.00,9,0,8,0,9,2,1,16,206,0
"org.apache.jackrabbit.core.xml.SysViewImportHandler",6,0.24,7.67,125,2.09,139553.76,11,5,14,42,13,39.14,63,187,1,3,87.61,0.00,0.67,0.40,1,2.00,17,6281.29,0,0,12,org.apache.jackrabbit.core.xml.TargetImportHandler,0.00,36,2,46,0,36,6,0,41,1048,0
"org.apache.jackrabbit.core.xml.SysViewImportHandler$ImportState",0,0.00,0.00,7,0.05,531.67,6,6,14,1,1,171.00,18,8,0,1,171.00,0.00,0.00,0.00,0,0.00,0,141.78,0,0,1,java.lang.Object,0.00,1,0,0,0,1,0,0,6,34,0
"org.apache.jackrabbit.core.xml.SysViewSAXEventGenerator",7,0.17,2.00,67,1.07,52410.20,19,12,12,25,5,56.63,56,106,2,2,104.74,0.00,0.50,0.23,0,3.00,7,3210.90,1,0,3,org.apache.jackrabbit.core.xml.AbstractSAXEventGenerator,0.00,18,1,14,0,18,7,0,29,577,1
"org.apache.jackrabbit.core.xml.SysViewSAXEventGenerator$Writer",3,0.00,1.33,7,0.07,1447.36,3,0,12,6,0,138.57,2,12,0,1,138.57,0.00,0.00,0.00,0,3.00,2,205.45,0,0,0,java.lang.Object,0.00,3,0,4,0,3,3,0,2,52,0
"org.apache.jackrabbit.core.xml.TargetImportHandler",5,0.00,1.40,18,0.14,2372.06,7,2,4,10,5,89.76,39,28,3,2,132.05,2.00,0.25,0.50,0,1.00,2,434.47,0,0,2,org.xml.sax.helpers.DefaultHandler,0.00,5,1,7,2,5,5,0,6,112,1
"org.apache.jackrabbit.core.xml.TestAll",1,0.00,1.00,5,0.04,864.35,1,0,3,3,1,71.80,9,7,0,2,121.80,0.00,0.50,0.00,0,1.00,1,115.51,0,1,1,junit.framework.TestCase,0.00,2,1,1,0,2,0,0,2,31,1
"org.apache.jackrabbit.core.xml.TextValue",3,0.00,1.00,4,0.03,122.87,3,0,5,3,7,178.92,9,7,5,1,158.30,0.00,0.00,0.00,0,3.00,1,84.58,0,2,2,,0.00,0,0,3,0,0,1,0,2,29,1
"org.apache.jackrabbit.core.xml.WorkspaceImporter",9,0.29,5.44,233,3.78,259773.55,21,12,36,91,23,116.72,180,347,1,1,83.34,0.00,0.00,0.34,3,0.00,15,11329.04,0,1,23,java.lang.Object,0.00,82,0,49,0,82,8,1,99,1864,1
"org.apache.jackrabbit.core.xml.WorkspaceImporterTest",3,0.75,1.67,21,0.38,7743.45,5,2,9,22,2,133.11,9,54,0,2,112.49,0.00,0.50,1.00,0,0.00,3,1141.26,0,0,2,junit.framework.TestCase,0.00,19,1,5,0,19,3,0,2,216,1
"org.apache.jackrabbit.value.BaseValue",11,0.03,1.64,52,0.49,10232.76,18,7,8,21,10,92.83,72,86,9,1,125.05,0.00,0.00,0.12,3,43.00,3,1471.16,0,4,1,java.lang.Object,0.00,10,0,18,9,10,7,1,14,334,2
"org.apache.jackrabbit.value.BinaryValue",7,0.17,3.43,65,0.71,41463.54,10,3,8,19,6,57.31,56,98,5,2,105.41,0.00,0.50,0.48,0,1.00,10,2123.19,2,2,1,org.apache.jackrabbit.value.BaseValue,0.22,12,1,24,0,12,5,0,16,431,1
"org.apache.jackrabbit.value.BinaryValueTest",1,0.00,1.00,10,0.19,7055.59,2,1,2,9,3,124.01,3,16,1,4,103.39,0.00,0.75,1.00,0,0.00,1,559.24,0,0,2,org.apache.jackrabbit.test.AbstractJCRTest,0.00,8,3,1,0,8,1,0,1,132,1
"org.apache.jackrabbit.value.BooleanValue",10,0.28,1.60,43,0.36,8970.26,12,2,4,16,5,107.31,57,67,4,2,125.18,0.00,0.50,0.25,0,34.00,5,1081.04,1,3,1,org.apache.jackrabbit.value.BaseValue,0.48,6,1,16,0,6,7,0,13,263,1
"org.apache.jackrabbit.value.DateValue",9,0.12,2.22,56,0.49,13851.36,11,2,5,15,14,74.40,67,84,12,2,116.69,0.00,0.50,0.39,0,0.00,5,1476.62,1,3,2,org.apache.jackrabbit.value.BaseValue,0.50,6,1,20,0,6,6,0,12,331,1
"org.apache.jackrabbit.value.DoubleValue",10,0.17,1.90,53,0.47,12466.98,12,2,5,21,5,88.18,60,81,4,2,120.40,0.00,0.50,0.35,0,22.00,5,1402.76,1,3,1,org.apache.jackrabbit.value.BaseValue,0.48,11,1,19,0,11,7,0,14,323,1
"org.apache.jackrabbit.value.LongValue",10,0.17,1.90,53,0.47,12466.98,12,2,5,21,7,88.18,60,81,6,2,120.40,0.00,0.50,0.35,0,22.00,5,1402.76,1,3,1,org.apache.jackrabbit.value.BaseValue,0.48,11,1,19,0,11,7,0,14,323,1
"org.apache.jackrabbit.value.NameValue",9,0.38,1.78,43,0.36,10275.85,11,2,6,14,6,92.11,59,68,3,2,124.33,0.00,0.50,0.17,0,26.00,5,1094.77,1,3,3,org.apache.jackrabbit.value.BaseValue,0.50,5,1,16,0,5,6,0,12,260,1
"org.apache.jackrabbit.value.PathValue",9,0.38,1.78,43,0.36,10275.85,11,2,6,14,8,92.11,60,68,5,2,124.33,0.00,0.50,0.17,0,26.00,5,1094.77,1,3,3,org.apache.jackrabbit.value.BaseValue,0.50,5,1,16,0,5,6,0,12,260,1
"org.apache.jackrabbit.value.ReferenceValue",10,0.33,1.80,48,0.41,11089.72,12,2,7,16,6,92.21,68,76,4,2,124.43,0.00,0.50,0.20,0,34.00,5,1233.73,1,3,2,org.apache.jackrabbit.value.BaseValue,0.48,6,1,18,0,6,7,0,13,291,1
"org.apache.jackrabbit.value.StringValue",4,0.17,2.25,23,0.19,6243.19,6,2,2,6,6,77.30,31,32,5,2,119.59,0.00,0.50,0.38,0,6.00,5,573.39,0,1,1,org.apache.jackrabbit.value.BaseValue,0.13,2,1,9,0,2,3,0,6,136,1
"org.apache.jackrabbit.value.TestAll",1,0.00,1.00,5,0.04,864.35,1,0,3,3,1,73.32,10,7,0,2,121.80,0.00,0.50,0.00,0,1.00,1,115.51,0,1,1,junit.framework.TestCase,0.00,2,1,1,0,2,0,0,2,31,1
"org.apache.jackrabbit.value.ValueFactoryImpl",10,1.00,1.90,42,0.44,16659.30,11,1,8,26,17,143.64,37,65,8,1,123.02,0.00,0.00,0.10,0,18.00,10,1321.77,0,9,9,java.lang.Object,0.00,16,0,19,0,16,1,1,13,286,1
"org.apache.jackrabbit.value.ValueHelper",22,0.00,3.18,215,3.41,372586.71,22,0,18,55,16,72.46,301,382,11,1,101.84,0.00,0.00,0.00,4,22.00,16,10225.42,0,20,5,java.lang.Object,0.00,33,0,70,0,33,2,0,79,1882,1
"org.apache.jackrabbit.value.ValueHelper$FileInputStream",1,0.00,1.00,4,0.02,230.72,1,0,18,3,0,179.93,1,5,0,1,129.93,0.00,0.00,0.00,0,1.00,1,72.55,0,0,0,java.lang.Object,0.00,2,0,1,0,2,1,0,1,22,0
"org.apache.jackrabbit.webdav.version.report.CompareBaselineReport",6,0.09,3.33,82,1.31,61861.25,15,9,19,42,15,65.35,38,98,0,1,97.57,0.00,0.00,0.19,2,14.00,6,3925.24,0,3,15,java.lang.Object,0.00,36,0,20,0,36,3,1,19,697,1
"org.apache.jackrabbit.webdav.version.report.ExpandPropertyReport",9,0.16,2.11,57,0.74,27496.84,13,4,22,32,18,70.23,103,76,1,1,114.36,0.00,0.00,0.11,5,29.00,6,2214.50,0,4,18,java.lang.Object,0.00,23,0,19,0,23,5,2,16,440,1
"org.apache.jackrabbit.webdav.version.report.ExpandPropertyReport$ExpandProperty",2,0.00,2.00,15,0.17,4134.50,3,1,22,10,7,80.99,12,18,0,2,113.21,0.00,0.50,1.00,0,0.00,3,512.91,0,1,7,org.apache.jackrabbit.webdav.property.AbstractDavProperty,0.00,8,1,4,0,8,1,0,3,105,1
"org.apache.jackrabbit.webdav.version.report.LatestActivityVersionReport",5,0.08,2.60,49,0.69,23986.75,11,6,16,30,14,58.09,43,61,0,1,106.20,0.00,0.00,0.23,1,13.00,6,2061.04,0,3,14,java.lang.Object,0.00,25,0,13,0,25,2,1,15,390,1
"org.apache.jackrabbit.webdav.version.report.LocateByHistoryReport",7,0.08,2.57,47,0.65,22105.22,11,4,17,30,15,66.09,60,68,1,1,114.20,0.00,0.00,0.18,3,18.00,7,1950.05,0,3,15,java.lang.Object,0.00,23,0,18,0,23,4,2,10,383,1
"org.apache.jackrabbit.webdav.version.report.Report",3,0.00,1.00,4,0.03,141.96,3,0,4,3,27,109.33,31,5,23,2,157.81,0.00,0.50,0.00,0,3.00,1,76.78,0,1,6,,0.00,0,1,3,0,0,2,0,4,27,1
"org.apache.jackrabbit.webdav.version.report.ReportInfo",12,0.03,2.33,81,0.99,28872.45,18,6,16,41,36,72.86,88,109,28,1,115.15,0.00,0.00,0.19,1,40.00,5,2956.08,0,5,9,java.lang.Object,0.00,29,0,28,0,29,7,1,14,603,1
"org.apache.jackrabbit.webdav.version.report.ReportType",9,0.01,2.11,58,0.81,30232.91,18,9,12,25,30,71.74,64,80,23,1,114.03,0.00,0.00,0.10,1,46.00,6,2422.50,0,6,12,java.lang.Object,0.00,16,0,19,0,16,3,2,12,488,1
"org.apache.jackrabbit.webdav.version.report.SupportedReportSetProperty",6,0.20,1.67,31,0.33,6620.43,8,2,9,15,7,78.56,44,39,2,2,120.85,0.00,0.50,0.33,1,0.00,3,1004.08,1,2,5,org.apache.jackrabbit.webdav.property.AbstractDavProperty,0.00,9,1,10,0,9,4,0,7,225,1
"org.apache.jackrabbit.webdav.version.report.VersionTreeReport",9,0.25,2.11,51,0.61,23132.33,12,3,13,27,12,69.80,75,69,1,1,117.90,0.00,0.00,0.11,5,23.00,6,1834.20,0,4,12,java.lang.Object,0.00,18,0,19,0,18,5,2,10,386,1
"org.apache.jackrabbit.j.ClientFactoryDelegater",1,0.00,1.00,2,0.02,119.55,1,0,14,1,3,143.41,0,4,2,1,143.41,0.00,0.00,0.00,0,1.00,1,51.02,0,1,1,java.lang.Object,0.00,0,0,1,1,0,0,0,0,16,1
"org.apache.jackrabbit.j.JCRWebdavServerServlet",10,0.10,1.70,63,0.73,19114.32,22,12,23,38,18,66.01,94,85,0,3,116.01,0.00,0.67,0.18,0,42.00,4,2202.67,1,5,18,org.apache.jackrabbit.server.AbstractWebdavServlet,0.22,28,2,17,0,28,5,1,23,449,1
"org.apache.jackrabbit.j.LoggingServlet",4,1.00,3.00,40,0.50,16019.02,5,1,20,29,0,114.21,68,62,0,2,105.08,0.00,0.50,0.25,3,6.00,6,1497.97,0,0,0,javax.servlet.http.HttpServlet,0.00,25,1,12,0,25,4,0,12,293,1
"org.apache.jackrabbit.j.LoggingServlet$ContextResolver",1,0.00,4.00,13,0.17,5567.46,1,0,20,11,0,99.63,0,20,0,1,99.63,0.00,0.00,0.00,0,1.00,4,505.13,0,1,0,java.lang.Object,0.00,10,0,4,0,10,0,1,0,98,1
"org.apache.jackrabbit.j.RMIClientFactoryDelegater",1,1.00,1.00,5,0.06,803.46,2,1,14,5,2,172.05,1,8,0,2,122.05,0.00,0.50,0.00,0,1.00,1,181.42,0,1,2,org.apache.jackrabbit.j2ee.ClientFactoryDelegater,0.00,4,1,1,0,4,0,0,1,44,0
"org.apache.jackrabbit.j.RMIRemoteFactoryDelegater",1,1.00,1.00,4,0.05,580.38,2,1,31,4,4,176.78,1,7,0,2,126.78,0.00,0.50,0.00,0,1.00,1,135.05,0,1,4,org.apache.jackrabbit.j2ee.RemoteFactoryDelegater,0.00,3,1,1,0,3,0,0,1,35,0
"org.apache.jackrabbit.j.RemoteFactoryDelegater",1,0.00,1.00,2,0.01,95.05,1,0,31,1,5,144.20,0,4,2,1,144.20,0.00,0.00,0.00,0,1.00,1,41.22,0,1,3,java.lang.Object,0.00,0,0,1,1,0,0,0,0,14,1
"org.apache.jackrabbit.j.RepositoryAccessServlet",6,0.23,3.33,80,1.01,34815.44,13,7,14,29,4,57.24,43,105,2,2,99.53,0.00,0.50,0.33,0,0.00,5,3041.23,0,5,2,javax.servlet.http.HttpServlet,0.00,23,1,20,0,23,1,0,19,587,1
"org.apache.jackrabbit.j.RepositoryStartupServlet",11,0.09,4.64,181,2.58,163135.18,24,13,31,58,4,119.17,211,251,0,2,92.88,0.00,0.50,0.16,7,19.00,22,7752.43,2,3,4,javax.servlet.http.HttpServlet,0.00,47,1,51,0,47,8,0,70,1310,1
"org.apache.jackrabbit.j.RepositoryStartupServlet$RMIServerSocketFactory",1,0.00,1.00,3,0.03,373.67,1,0,31,2,0,132.94,0,4,0,1,132.94,0.00,0.00,0.00,0,1.00,1,78.32,0,1,0,java.lang.Object,0.00,1,0,1,0,1,0,0,0,22,0
"org.apache.jackrabbit.j.SimpleWebdavServlet",19,0.00,1.63,87,0.88,22674.49,34,15,21,41,16,74.20,179,124,0,3,124.20,0.00,0.67,0.07,2,182.00,6,2643.36,1,10,16,org.apache.jackrabbit.server.AbstractWebdavServlet,0.19,22,2,31,0,22,9,0,36,571,1
"org.apache.jackrabbit.webdav.security.AclProperty",6,1.00,1.50,25,0.36,9112.73,7,1,13,18,16,81.10,43,34,5,2,123.39,0.00,0.50,0.17,0,10.00,3,1068.99,0,2,12,org.apache.jackrabbit.webdav.property.AbstractDavProperty,0.00,12,1,9,0,12,4,0,6,230,1
"org.apache.jackrabbit.webdav.security.AclProperty$Ace",11,0.11,2.09,87,1.20,56651.20,23,12,13,31,9,149.96,23,109,0,1,110.08,0.00,0.00,0.18,0,56.00,6,3612.76,0,3,9,java.lang.Object,0.00,20,0,23,0,20,8,2,3,681,2
"org.apache.jackrabbit.webdav.security.AclResource",2,2.00,1.00,5,0.04,367.86,4,2,6,2,9,168.22,38,6,3,2,141.94,0.00,0.50,0.00,0,2.00,1,131.07,0,1,7,,0.00,0,1,2,0,0,1,0,5,38,1
"org.apache.jackrabbit.webdav.security.AclRestrictionsProperty",7,0.10,1.57,35,0.32,6334.71,14,7,5,12,5,142.16,25,47,0,2,121.54,0.00,0.50,0.22,0,16.00,5,948.16,1,2,5,org.apache.jackrabbit.webdav.property.AbstractDavProperty,0.00,5,1,11,0,5,5,0,6,221,1
"org.apache.jackrabbit.webdav.security.CurrentUserPrivilegeSetProperty",3,0.50,3.67,28,0.34,12290.41,4,1,10,12,8,64.37,21,36,2,2,106.66,0.00,0.50,0.67,0,1.00,7,1026.70,1,1,6,org.apache.jackrabbit.webdav.property.AbstractDavProperty,0.00,9,1,11,0,9,2,0,5,202,1
"org.apache.jackrabbit.webdav.security.Principal",13,0.08,2.31,92,1.13,38185.10,33,20,10,31,11,161.97,22,118,4,1,111.97,0.00,0.00,0.12,2,106.00,8,3395.28,0,10,7,java.lang.Object,0.00,18,0,30,0,18,3,2,7,668,1
"org.apache.jackrabbit.webdav.security.Privilege",6,0.01,1.67,44,0.67,23971.11,21,15,9,20,14,129.13,110,55,8,1,111.00,0.00,0.00,0.08,1,14.00,4,2024.78,0,5,6,java.lang.Object,0.00,14,0,10,0,14,1,1,20,399,1
"org.apache.jackrabbit.webdav.security.SecurityConstants",0,0.00,0.00,15,0.36,11418.95,14,14,6,2,20,171.00,65,16,14,1,171.00,0.00,0.00,0.00,0,0.00,0,1070.05,0,0,6,,0.00,2,0,0,0,2,0,0,17,196,1
"org.apache.jackrabbit.webdav.security.SupportedPrivilege",2,0.75,4.00,33,0.40,13848.28,10,8,5,9,7,53.23,14,41,2,1,95.52,0.00,0.00,0.50,0,2.00,6,1198.46,0,1,5,java.lang.Object,0.00,7,0,8,0,7,1,1,3,239,1
"org.apache.jackrabbit.webdav.security.SupportedPrivilegeSetProperty",2,1.00,1.50,7,0.07,1018.77,3,1,3,4,3,94.23,24,10,0,2,131.79,0.00,0.50,0.50,0,2.00,2,210.58,0,1,3,org.apache.jackrabbit.webdav.property.AbstractDavProperty,0.00,2,1,3,0,2,1,0,3,54,1
"org.apache.jackrabbit.core.state.AbstractPersistenceManager",0,0.00,0.00,1,0.02,289.36,0,0,0,0,2,171.00,5,4,0,2,171.00,0.00,0.50,0.00,0,0.00,0,72.34,0,0,2,org.apache.jackrabbit.core.persistence.AbstractPersistenceManager,0.00,0,1,0,0,0,0,1,1,19,2
"org.apache.jackrabbit.core.state.Cache",6,0.00,1.00,7,0.02,78.02,6,0,0,6,4,162.46,27,8,4,1,162.23,0.00,0.00,0.00,0,6.00,1,73.02,0,0,1,,0.00,0,0,6,0,0,6,0,7,33,1
"org.apache.jackrabbit.core.state.CacheAccessListener",2,1.00,1.00,4,0.02,168.81,3,1,0,2,3,112.38,13,5,3,1,144.60,0.00,0.00,0.00,0,2.00,1,65.02,0,0,1,,0.00,0,0,2,0,0,2,0,4,22,1
"org.apache.jackrabbit.core.state.CacheManager",5,0.12,3.60,93,1.27,134244.01,13,8,5,29,3,51.44,61,97,1,1,89.00,0.00,0.00,0.22,2,5.00,12,3806.41,0,0,2,java.lang.Object,0.00,24,0,18,0,24,5,1,30,658,1
"org.apache.jackrabbit.core.state.CacheManager$CacheInfo",7,0.03,1.00,25,0.16,2214.50,12,5,5,11,1,183.51,7,33,0,1,133.51,0.00,0.00,0.23,0,25.00,1,480.16,0,1,1,java.lang.Object,0.00,4,0,7,0,4,6,0,7,129,2
"org.apache.jackrabbit.core.state.ChangeLog",19,0.15,2.32,136,1.58,58647.78,23,4,4,55,41,69.51,135,183,34,1,111.80,0.00,0.00,0.39,2,10.00,7,4734.35,0,5,7,java.lang.Object,0.00,36,0,44,0,36,14,0,33,1056,1
"org.apache.jackrabbit.core.state.ChangeLogTest",3,0.00,2.00,40,0.57,16190.16,3,0,6,20,9,82.03,16,45,1,4,99.90,0.00,0.75,0.00,0,3.00,4,1700.98,0,0,8,org.apache.jackrabbit.test.AbstractJCRTest,0.00,17,3,6,0,17,3,0,4,321,1
"org.apache.jackrabbit.core.state.ItemState",32,0.03,1.47,115,1.02,22646.56,46,14,8,44,50,112.80,188,176,48,1,130.67,0.00,0.00,0.10,4,374.00,3,3073.11,0,4,3,java.lang.Object,0.00,12,0,47,4,12,28,1,53,714,2
"org.apache.jackrabbit.core.state.ItemStateCache",11,0.00,1.00,12,0.05,140.55,11,0,3,11,7,130.07,70,13,5,1,162.29,0.00,0.00,0.00,0,11.00,1,135.55,0,2,2,,0.00,0,0,11,0,0,9,0,12,59,1
"org.apache.jackrabbit.core.state.ItemStateCacheFactory",1,0.00,1.00,2,0.01,23.00,1,0,0,1,10,100.94,8,3,9,1,149.05,0.00,0.00,0.00,0,1.00,1,18.00,0,0,1,,0.00,0,0,1,0,0,1,0,2,9,1
"org.apache.jackrabbit.core.state.ItemStateException",2,0.00,1.00,5,0.03,221.18,2,0,1,2,50,93.68,18,8,49,3,143.68,1.00,0.40,0.00,0,2.00,1,88.69,0,0,1,org.apache.jackrabbit.BaseException,0.00,0,2,2,2,0,2,0,3,29,1
"org.apache.jackrabbit.core.state.ItemStateListener",4,0.00,1.00,5,0.02,77.04,4,0,0,4,10,118.59,29,6,10,1,160.88,0.00,0.00,0.00,0,4.00,1,72.04,0,0,1,,0.00,0,0,4,0,0,4,0,5,29,1
"org.apache.jackrabbit.core.state.ItemStateManager",4,0.00,1.00,5,0.03,131.61,4,0,1,4,24,110.95,32,8,18,1,159.05,0.00,0.00,0.00,0,4.00,1,98.08,0,2,6,,0.00,0,0,4,0,0,2,0,5,35,1
"org.apache.jackrabbit.core.state.ItemStateMap",13,0.12,1.85,54,0.56,12373.54,15,2,11,34,6,145.56,47,78,2,1,124.95,0.00,0.00,0.38,3,0.00,10,1687.55,0,3,4,java.lang.Object,0.00,21,0,24,1,21,10,2,17,383,1
"org.apache.jackrabbit.core.state.ItemStateReferenceCache",14,0.10,1.07,43,0.36,4977.40,17,3,8,39,9,100.88,92,59,2,1,133.10,0.00,0.00,0.43,0,0.00,2,1073.65,0,2,7,java.lang.Object,0.00,25,0,15,0,25,12,2,34,284,1
"org.apache.jackrabbit.core.state.ItemStateReferenceMap",1,0.00,1.00,3,0.02,263.49,1,0,1,2,2,90.01,11,5,1,2,134.14,0.00,0.50,0.00,0,1.00,1,70.86,0,0,1,org.apache.jackrabbit.core.state.ItemStateMap,0.00,1,1,1,0,1,1,0,2,22,1
"org.apache.jackrabbit.core.state.ItemStateStore",9,0.00,1.00,10,0.04,117.04,9,0,3,9,4,119.94,63,11,2,1,162.23,0.00,0.00,0.00,0,9.00,1,112.04,0,2,2,,0.00,0,0,9,0,0,7,0,10,49,1
"org.apache.jackrabbit.core.state.LRUItemStateCache",13,0.00,1.08,32,0.27,3574.02,16,3,7,28,5,140.78,55,47,2,1,140.55,0.00,0.00,0.33,0,0.00,2,802.05,0,2,3,java.lang.Object,0.00,15,0,14,0,15,11,1,20,217,1
"org.apache.jackrabbit.core.state.LocalItemStateManager",27,0.15,2.11,165,1.70,40927.42,33,6,7,79,27,74.46,198,239,6,1,116.75,0.00,0.00,0.31,1,0.00,5,5109.78,0,3,21,java.lang.Object,0.00,52,0,57,1,52,24,2,70,1123,1
"org.apache.jackrabbit.core.state.MLRUItemStateCache",21,0.06,1.52,111,1.02,24497.69,29,8,10,46,7,120.91,85,159,1,1,120.68,0.00,0.00,0.18,3,0.00,3,3064.07,0,3,6,java.lang.Object,0.00,25,0,32,0,25,18,2,32,686,1
"org.apache.jackrabbit.core.state.MLRUItemStateCache$Entry",2,0.00,1.00,8,0.06,829.00,4,2,10,3,1,127.93,0,11,0,1,127.93,0.00,0.00,0.50,0,2.00,1,194.73,0,0,1,java.lang.Object,0.00,1,0,2,0,1,2,0,0,53,2
"org.apache.jackrabbit.core.state.ManagedMLRUItemStateCacheFactory",2,1.00,1.00,9,0.06,1012.34,3,1,0,5,4,84.95,14,12,0,1,127.25,0.00,0.00,0.50,0,2.00,1,181.89,0,1,4,java.lang.Object,0.00,3,0,2,0,3,1,1,4,50,1
"org.apache.jackrabbit.core.state.NoSuchItemStateException",2,0.00,1.00,5,0.03,221.18,2,0,0,2,28,93.68,18,8,27,4,143.68,0.00,0.75,0.00,0,2.00,1,88.69,0,0,1,org.apache.jackrabbit.core.state.ItemStateException,0.00,0,3,2,0,0,2,0,3,29,1
"org.apache.jackrabbit.core.state.NodeReferences",9,0.08,1.00,22,0.16,1947.28,12,3,6,17,31,109.16,56,32,28,1,141.38,0.00,0.00,0.26,0,14.00,1,481.53,0,3,3,java.lang.Object,0.00,8,0,9,0,8,6,1,13,135,1
"org.apache.jackrabbit.core.state.NodeReferencesId",7,0.17,1.57,25,0.21,4376.54,9,2,3,15,24,88.79,51,37,22,1,131.08,0.00,0.00,0.36,0,0.00,3,643.61,0,3,2,java.lang.Object,0.00,8,0,11,0,8,4,1,10,163,1
"org.apache.jackrabbit.core.state.NodeState",46,0.02,1.85,251,2.52,120047.49,57,11,20,85,63,69.78,382,334,57,2,117.88,1.00,0.33,0.11,3,758.00,15,7550.81,3,14,7,org.apache.jackrabbit.core.state.ItemState,0.13,39,1,85,1,39,32,0,87,1652,1
"org.apache.jackrabbit.core.state.NodeState$ChildNodeEntries",38,0.18,2.13,234,2.50,106928.23,40,2,20,102,3,154.52,94,307,0,1,114.64,0.00,0.00,0.33,6,126.00,9,7485.88,0,13,3,java.lang.Object,0.00,64,0,81,0,64,25,3,48,1591,2
"org.apache.jackrabbit.core.state.NodeState$ChildNodeEntries$ChildNodeEntry",7,0.25,1.86,39,0.36,10784.59,11,4,20,13,2,119.68,3,54,0,1,119.68,0.00,0.00,0.46,0,0.00,4,1071.94,0,3,2,java.lang.Object,0.00,6,0,13,0,6,4,0,3,251,3
"org.apache.jackrabbit.core.state.NodeState$ChildNodeEntries$EntriesIterator",10,0.33,1.00,24,0.16,1743.43,11,1,20,17,0,142.12,0,35,0,1,142.12,0.00,0.00,0.70,0,0.00,1,488.46,0,2,0,java.lang.Object,0.00,7,0,10,0,7,8,1,0,143,0
"org.apache.jackrabbit.core.state.NodeStateIterator",1,0.00,1.00,2,0.01,59.45,1,0,2,1,5,95.80,9,3,4,2,145.80,0.00,0.50,0.00,0,1.00,1,33.60,0,0,1,,0.00,0,1,1,0,0,1,0,2,13,1
"org.apache.jackrabbit.core.state.NodeStateListener",4,0.00,1.00,5,0.05,153.25,4,0,2,4,6,110.43,35,7,4,2,158.53,0.00,0.50,0.00,0,4.00,1,135.15,0,0,3,,0.00,0,1,4,0,0,4,0,5,43,1
"org.apache.jackrabbit.core.state.NodeStateMerger",1,0.00,23.00,83,1.26,138085.71,1,0,6,31,6,47.48,62,99,2,1,58.22,0.00,0.00,0.00,0,1.00,23,3769.44,0,0,4,java.lang.Object,0.00,30,0,23,0,30,1,0,33,617,0
"org.apache.jackrabbit.core.state.NodeStateMerger$MergeContext",2,0.00,1.00,3,0.01,46.02,2,0,6,2,1,160.28,0,4,0,1,160.28,0.00,0.00,0.00,0,2.00,1,41.02,0,0,1,,0.00,0,0,2,0,0,2,0,0,17,1
"org.apache.jackrabbit.core.state.PMContext",1,0.00,1.00,3,0.05,410.77,1,0,5,1,4,114.75,5,6,0,2,132.62,0.00,0.50,0.00,0,1.00,1,143.35,0,0,4,org.apache.jackrabbit.core.persistence.PMContext,0.00,0,1,1,0,0,1,0,1,38,1
"org.apache.jackrabbit.core.state.PersistenceManager",0,0.00,0.00,1,0.02,161.44,0,0,0,0,2,171.00,5,3,2,2,171.00,0.00,0.50,0.00,0,0.00,0,55.35,0,0,0,,0.00,0,1,0,0,0,0,0,1,16,1
"org.apache.jackrabbit.core.state.PropertyState",19,0.07,1.47,102,1.03,43126.59,25,6,13,47,55,86.19,129,129,47,2,118.41,1.00,0.33,0.24,0,64.00,7,3102.47,1,6,8,org.apache.jackrabbit.core.state.ItemState,0.20,28,1,28,1,28,13,0,35,631,1
"org.apache.jackrabbit.core.state.PropertyState$InputStream",4,0.33,2.25,25,0.24,11423.11,5,1,13,6,0,164.57,4,34,0,1,114.57,0.00,0.00,0.75,0,0.00,3,714.93,0,0,0,java.lang.Object,0.00,2,0,9,0,2,4,0,4,161,0
"org.apache.jackrabbit.core.state.SessionItemStateManager",43,0.07,2.12,282,3.37,144869.58,50,7,22,130,28,65.92,356,403,2,1,114.02,0.00,0.00,0.22,6,267.00,11,10106.23,0,8,26,java.lang.Object,0.00,87,0,91,0,87,35,3,120,2058,1
"org.apache.jackrabbit.core.state.SessionItemStateManager$AtticItemStateManager",4,0.00,1.25,13,0.11,2329.66,4,0,22,7,7,151.99,14,21,0,1,131.38,0.00,0.00,0.00,0,4.00,2,338.65,0,1,7,java.lang.Object,0.00,3,0,5,0,3,3,1,6,85,1
"org.apache.jackrabbit.core.state.SessionItemStateManager$NodeStateMerger.MergeContext",2,0.00,1.00,6,0.07,1105.11,2,0,22,3,2,131.61,0,9,0,1,131.61,0.00,0.00,0.00,0,2.00,1,197.47,0,0,2,java.lang.Object,0.00,1,0,2,0,1,2,0,0,50,0
"org.apache.jackrabbit.core.state.SharedItemStateManager",33,0.00,3.33,402,5.09,308060.64,43,10,33,145,43,61.64,402,535,11,1,99.20,0.00,0.00,0.10,13,389.00,21,15268.51,0,3,33,java.lang.Object,0.00,112,0,110,1,112,30,3,130,2840,1
"org.apache.jackrabbit.core.state.SharedItemStateManager$ReentrantWriterPreferenceReadWriteLock",1,0.00,1.00,3,0.03,351.34,1,0,33,2,0,100.93,6,6,0,1,133.16,0.00,0.00,0.00,0,0.00,1,82.23,0,0,0,java.lang.Object,0.00,1,0,1,0,1,1,0,1,23,0
"org.apache.jackrabbit.core.state.SharedItemStateManager$Update",4,0.43,8.75,158,1.90,123022.55,11,7,33,42,12,102.09,78,177,0,1,75.81,0.00,0.00,0.46,1,0.00,18,5702.65,0,0,12,java.lang.Object,0.00,38,0,35,0,38,4,0,33,929,0
"org.apache.jackrabbit.core.state.SharedItemStateManager$Update$NodeStateMerger.MergeContext",2,0.00,1.50,8,0.08,1657.10,2,0,33,3,3,125.47,0,13,0,1,125.47,0.00,0.00,0.00,0,0.00,2,253.72,0,0,3,java.lang.Object,0.00,1,0,3,0,1,2,0,0,60,0
"org.apache.jackrabbit.core.state.StaleItemStateException",2,0.00,1.00,5,0.03,221.18,2,0,0,2,8,93.68,19,8,7,4,143.68,0.00,0.75,0.00,0,2.00,1,88.69,0,0,1,org.apache.jackrabbit.core.state.ItemStateException,0.00,0,3,2,0,0,2,0,3,29,1
"org.apache.jackrabbit.core.state.StateChangeDispatcher",10,0.11,2.00,45,0.55,8465.26,12,2,5,24,9,107.46,56,66,3,1,125.33,0.00,0.00,0.60,0,0.00,2,1640.60,0,0,6,java.lang.Object,0.00,14,0,20,0,14,10,0,13,383,1
"org.apache.jackrabbit.core.state.TestAll",1,0.00,1.00,5,0.04,864.35,1,0,3,3,1,73.32,10,7,0,2,121.80,0.00,0.50,0.00,0,1.00,1,115.51,0,1,1,junit.framework.TestCase,0.00,2,1,1,0,2,0,0,2,31,1
"org.apache.jackrabbit.core.state.UpdatableItemStateManager",9,0.00,1.00,10,0.07,333.40,9,0,3,9,11,110.54,76,15,4,2,158.65,0.00,0.50,0.00,0,9.00,1,216.38,0,2,7,,0.00,0,1,9,0,0,7,0,10,74,1
"org.apache.jackrabbit.core.state.XAItemStateManager",18,0.03,3.44,173,2.10,131464.80,24,6,15,52,23,72.47,125,231,3,2,104.70,0.00,0.50,0.19,5,118.00,15,6301.23,5,1,20,org.apache.jackrabbit.core.state.LocalItemStateManager,0.00,34,1,62,0,34,17,1,27,1250,1
"org.apache.jackrabbit.core.virtual.AbstractVISProvider",28,0.02,2.14,175,2.08,67382.21,34,6,26,91,23,97.30,167,240,1,1,115.17,0.00,0.00,0.14,11,238.00,6,6250.65,0,11,23,java.lang.Object,0.00,63,0,60,1,63,17,2,49,1288,2
"org.apache.jackrabbit.core.virtual.VirtualItemStateProvider",7,0.00,1.00,8,0.07,306.13,7,0,7,7,17,115.79,50,14,10,2,158.08,0.00,0.50,0.00,0,7.00,1,199.91,0,2,8,,0.00,0,1,7,0,0,5,0,8,65,1
"org.apache.jackrabbit.core.virtual.VirtualNodeState",11,0.20,1.55,57,0.67,16900.07,14,3,10,24,12,71.63,88,80,5,3,119.73,0.00,0.67,0.15,5,35.00,3,2023.55,3,5,9,org.apache.jackrabbit.core.state.NodeState,0.00,13,2,17,0,13,6,0,16,443,1
"org.apache.jackrabbit.core.virtual.VirtualPropertyState",4,0.67,1.50,13,0.11,2728.81,5,1,4,5,10,112.92,23,19,5,3,130.79,0.00,0.67,0.50,0,4.00,3,327.00,2,2,5,org.apache.jackrabbit.core.state.PropertyState,0.05,1,2,6,0,1,2,0,6,85,1
"org.apache.jackrabbit.core.virtual.VirtualValueProvider",1,0.00,1.00,2,0.01,44.48,1,0,2,1,3,96.79,9,3,1,1,146.79,0.00,0.00,0.00,0,1.00,1,29.65,0,1,2,,0.00,0,0,1,0,0,0,0,2,12,1
"org.apache.jackrabbit.rmi.value.BaseNonStreamValue",7,0.00,1.00,14,0.13,1516.96,7,0,4,11,9,91.38,68,23,8,1,141.38,0.00,0.00,0.00,1,7.00,1,383.16,0,3,1,java.lang.Object,0.00,4,0,7,8,4,4,1,8,105,2
"org.apache.jackrabbit.rmi.value.BinaryValue",12,0.41,1.42,48,0.48,14075.47,14,2,14,25,2,74.29,118,65,1,1,124.29,0.00,0.00,0.12,1,30.00,3,1454.09,0,4,1,java.lang.Object,0.00,13,0,17,0,13,8,2,19,329,1
"org.apache.jackrabbit.rmi.value.BinaryValue$FileInputStream",2,0.00,1.50,11,0.08,1054.87,3,1,14,3,0,123.40,0,16,0,1,123.40,0.00,0.00,1.00,0,0.00,2,229.83,2,0,0,java.lang.Object,0.00,1,0,3,0,1,2,0,0,59,0
"org.apache.jackrabbit.rmi.value.BooleanValue",6,0.40,1.00,15,0.12,1338.76,8,2,2,9,4,123.40,34,23,2,2,141.28,0.00,0.50,0.17,1,10.00,1,347.12,0,1,2,org.apache.jackrabbit.rmi.value.BaseNonStreamValue,0.15,3,1,6,0,3,5,2,9,96,1
"org.apache.jackrabbit.rmi.value.DateValue",7,0.25,1.00,17,0.13,1497.52,9,2,7,11,4,109.20,47,26,1,2,141.42,0.00,0.50,0.29,0,3.00,1,392.02,0,2,3,org.apache.jackrabbit.rmi.value.BaseNonStreamValue,0.43,4,1,7,0,4,5,2,10,109,1
"org.apache.jackrabbit.rmi.value.DoubleValue",8,0.29,1.12,23,0.19,2986.45,10,2,4,14,4,121.62,45,35,2,2,139.49,0.00,0.50,0.25,1,8.00,2,570.14,0,2,2,org.apache.jackrabbit.rmi.value.BaseNonStreamValue,0.40,6,1,9,0,6,6,2,11,149,1
"org.apache.jackrabbit.rmi.value.ISO8601",2,0.33,11.00,114,1.88,230715.49,5,3,7,25,2,41.34,80,137,2,1,65.09,0.00,0.00,0.50,0,2.00,17,5649.13,0,2,0,java.lang.Object,0.00,23,0,22,0,23,0,0,46,909,1
"org.apache.jackrabbit.rmi.value.InitialValue",9,0.17,1.89,68,0.73,19079.86,12,3,8,29,4,75.57,116,85,1,1,113.14,0.00,0.00,0.48,2,0.00,3,2183.60,0,4,4,java.lang.Object,0.00,20,0,17,0,20,5,2,18,460,1
"org.apache.jackrabbit.rmi.value.LongValue",8,0.29,1.12,23,0.19,2999.64,10,2,4,14,4,121.60,45,35,2,2,139.47,0.00,0.50,0.25,1,8.00,2,562.27,0,2,2,org.apache.jackrabbit.rmi.value.BaseNonStreamValue,0.40,6,1,9,0,6,6,2,11,147,1
"org.apache.jackrabbit.rmi.value.NameValue",4,0.50,1.00,11,0.09,1320.49,6,2,4,4,3,97.65,30,17,1,2,139.94,0.00,0.50,0.12,0,6.00,1,283.50,0,2,2,org.apache.jackrabbit.rmi.value.BaseNonStreamValue,0.00,0,1,4,0,0,2,2,8,75,1
"org.apache.jackrabbit.rmi.value.PathValue",4,0.50,1.00,11,0.09,1235.98,6,2,4,4,3,97.87,30,17,1,2,140.16,0.00,0.50,0.12,0,6.00,1,277.40,0,2,2,org.apache.jackrabbit.rmi.value.BaseNonStreamValue,0.00,0,1,4,0,0,2,2,8,74,1
"org.apache.jackrabbit.rmi.value.ReferenceValue",4,0.50,1.00,11,0.09,1320.49,6,2,4,4,3,97.65,31,17,1,2,139.94,0.00,0.50,0.12,0,6.00,1,283.50,0,2,2,org.apache.jackrabbit.rmi.value.BaseNonStreamValue,0.00,0,1,4,0,0,2,2,8,75,1
"org.apache.jackrabbit.rmi.value.SerialValue",9,0.08,1.00,23,0.19,2417.31,12,3,6,17,3,103.08,109,39,2,1,140.64,0.00,0.00,0.26,0,0.00,1,584.64,0,3,2,java.lang.Object,0.00,8,0,9,0,8,6,2,13,158,1
"org.apache.jackrabbit.rmi.value.SerialValueFactory",26,1.00,1.46,85,0.82,26290.02,27,1,8,40,22,81.35,216,126,11,1,129.45,0.00,0.00,0.04,7,50.00,10,2457.78,0,22,12,java.lang.Object,0.00,14,0,38,0,14,4,1,32,585,1
"org.apache.jackrabbit.rmi.value.StatefulValue",0,0.00,0.00,1,0.01,39.30,0,0,2,0,14,171.00,18,2,14,3,171.00,0.00,0.67,0.00,0,0.00,0,19.65,0,0,0,,0.00,0,2,0,0,0,0,0,1,7,1
"org.apache.jackrabbit.rmi.value.StatefulValueAdapter",10,0.06,2.20,53,0.64,27871.20,12,2,10,32,2,85.39,63,82,1,1,117.62,0.00,0.00,0.45,7,0.00,12,1933.57,0,3,2,java.lang.Object,0.00,22,0,22,0,22,7,2,17,384,1
"org.apache.jackrabbit.rmi.value.StringValue",7,0.17,1.00,17,0.13,1601.81,9,2,4,11,8,108.97,43,26,2,2,141.19,0.00,0.50,0.36,0,0.00,1,402.06,0,2,6,org.apache.jackrabbit.rmi.value.BaseNonStreamValue,0.57,4,1,7,0,4,5,2,10,109,1
"org.apache.jackrabbit.rmi.xml.ImportContentHandler",13,0.00,1.08,32,0.33,4913.98,15,2,7,29,2,179.34,37,53,2,1,139.46,0.00,0.00,0.50,1,0.00,2,1002.08,0,0,0,java.lang.Object,0.00,16,0,14,2,16,13,1,16,264,2
"org.apache.jackrabbit.rmi.xml.SessionImportContentHandler",2,0.33,1.00,10,0.09,1242.94,5,3,2,4,2,102.79,28,14,1,2,122.93,0.00,0.50,0.50,0,2.00,1,275.18,0,0,1,org.apache.jackrabbit.rmi.xml.ImportContentHandler,0.13,2,1,2,0,2,2,0,6,70,1
"org.apache.jackrabbit.rmi.xml.WorkspaceImportContentHandler",2,0.33,1.00,10,0.09,1299.15,5,3,2,4,2,102.64,28,13,1,2,122.78,0.00,0.50,0.50,0,2.00,1,272.40,0,0,1,org.apache.jackrabbit.rmi.xml.ImportContentHandler,0.13,2,1,2,0,2,2,0,6,70,1
"org.apache.jackrabbit.server.jcr.JCRWebdavServer",3,0.25,1.33,20,0.20,4071.29,7,4,18,9,9,87.86,41,26,1,1,117.24,0.00,0.00,0.08,0,4.00,2,610.62,0,0,8,java.lang.Object,0.00,6,0,4,0,6,3,1,14,139,1
"org.apache.jackrabbit.server.jcr.JCRWebdavServer$DavSessionImpl",3,0.00,1.00,7,0.05,428.90,3,0,18,3,1,110.58,18,11,0,2,142.80,0.00,0.50,0.00,0,1.00,1,142.37,0,0,1,org.apache.jackrabbit.webdav.jcr.JcrDavSession,0.00,0,1,3,0,0,3,0,3,44,1
"org.apache.jackrabbit.server.jcr.JCRWebdavServer$SessionCache",7,0.00,3.14,71,0.96,36587.02,9,2,18,35,5,61.86,53,96,0,1,104.15,0.00,0.00,0.50,3,0.00,6,2876.24,0,4,5,java.lang.Object,0.00,28,0,22,0,28,3,0,13,549,1
"org.apache.jackrabbit.server.jcr.JCRWebdavServer$SessionMap",3,0.00,1.00,7,0.07,955.13,3,0,18,3,1,140.06,0,11,0,2,140.06,0.00,0.50,0.00,0,3.00,1,198.47,3,3,1,java.util.HashMap,0.00,0,1,3,0,0,0,0,0,58,2
"org.apache.jackrabbit.webdav.jcr.transaction.TransactionListener",2,0.00,1.00,3,0.02,111.87,2,0,1,2,5,109.13,17,4,4,1,157.24,0.00,0.00,0.00,0,2.00,1,74.58,0,0,1,,0.00,0,0,2,0,0,2,0,3,24,1
"org.apache.jackrabbit.webdav.jcr.transaction.TxLockManagerImpl",18,0.18,2.67,155,2.25,99563.72,21,3,32,73,23,59.14,183,209,3,1,107.61,0.00,0.00,0.17,8,106.00,9,6740.89,0,8,20,java.lang.Object,0.00,55,0,48,0,55,10,1,36,1293,1
"org.apache.jackrabbit.webdav.jcr.transaction.TxLockManagerImpl$AbstractTransaction",5,0.12,1.60,21,0.19,3492.44,7,2,32,12,4,165.92,12,30,0,2,126.04,0.00,0.50,0.40,1,9.00,4,562.78,0,3,4,org.apache.jackrabbit.webdav.jcr.transaction.TransactionMap,0.00,7,1,8,0,7,2,1,4,136,3
"org.apache.jackrabbit.webdav.jcr.transaction.TxLockManagerImpl$GlobalTransaction",8,0.57,1.62,36,0.43,9045.73,9,1,32,22,6,174.39,9,53,0,2,124.39,0.00,0.50,0.50,2,8.00,2,1285.72,1,2,6,org.apache.jackrabbit.webdav.jcr.transaction.AbstractTransaction,0.00,14,1,13,0,14,6,0,1,286,2
"org.apache.jackrabbit.webdav.jcr.transaction.TxLockManagerImpl$LocalTransaction",7,0.00,1.57,24,0.29,5433.15,7,0,32,17,7,130.34,1,39,0,2,130.34,0.00,0.50,0.00,1,12.00,3,876.77,0,2,7,org.apache.jackrabbit.webdav.jcr.transaction.AbstractTransaction,0.00,10,1,11,0,10,5,0,1,201,3
"org.apache.jackrabbit.webdav.jcr.transaction.TxLockManagerImpl$Transaction",8,0.00,1.00,9,0.04,170.51,8,0,32,8,4,160.77,35,10,0,1,160.54,0.00,0.00,0.00,0,8.00,1,129.51,0,3,4,,0.00,0,0,8,0,0,5,0,7,51,1
"org.apache.jackrabbit.webdav.jcr.transaction.TxLockManagerImpl$TransactionMap",2,0.00,1.50,8,0.07,1458.86,2,0,32,3,1,125.90,1,12,0,2,125.90,0.00,0.50,0.00,0,2.00,2,223.61,2,2,1,java.util.HashMap,0.00,1,1,3,0,1,0,0,1,59,2
"org.apache.jackrabbit.webdav.jcr.transaction.TxLockManagerImpl$XidImpl",4,1.00,1.00,10,0.06,728.11,5,1,32,5,0,142.21,18,15,0,1,141.97,0.00,0.00,0.25,0,6.00,1,190.21,0,0,0,java.lang.Object,0.00,1,0,4,0,1,4,1,5,57,2
"org.apache.jackrabbit.rmi.observation.ClientEventPoll",7,0.07,2.29,58,0.70,20498.11,16,9,12,25,4,118.95,124,78,1,2,109.82,0.00,0.50,0.17,1,8.00,6,2113.96,0,2,3,java.lang.Thread,0.00,18,1,16,0,18,5,0,29,428,1
"org.apache.jackrabbit.rmi.observation.ClientEventPoll$JCREvent",4,0.22,1.00,14,0.10,1136.56,7,3,12,7,0,154.50,15,19,0,1,133.88,0.00,0.00,0.50,0,0.00,1,296.45,0,2,0,java.lang.Object,0.00,3,0,4,0,3,2,1,7,80,2
"org.apache.jackrabbit.rmi.observation.Queue",3,0.00,1.67,15,0.11,1823.67,4,1,1,9,2,85.32,36,23,2,1,122.89,0.00,0.00,1.00,0,0.00,3,323.22,0,1,0,java.lang.Object,0.00,6,0,5,0,6,2,0,8,84,1
"org.apache.jackrabbit.rmi.observation.ServerEventListenerProxy",5,0.12,1.80,26,0.26,5539.95,9,4,7,10,5,100.67,71,37,2,1,120.82,0.00,0.00,0.35,0,0.00,3,792.67,0,1,3,java.lang.Object,0.00,5,0,9,0,5,4,1,11,182,1
"org.apache.jackrabbit.rmi.server.jmx.JCRServer",11,0.06,1.36,49,0.44,10867.92,16,5,8,23,4,164.77,30,68,0,1,124.89,0.00,0.00,0.15,1,53.00,4,1332.05,0,5,4,java.lang.Object,0.00,12,0,15,0,12,6,1,11,304,1
"org.apache.jackrabbit.rmi.server.jmx.JCRServerMBean",10,0.00,1.00,11,0.06,278.17,10,0,0,10,1,159.63,0,12,1,1,159.63,0.00,0.00,0.00,0,10.00,1,172.35,0,4,0,,0.00,0,0,10,0,0,6,0,0,66,1
"org.apache.jackrabbit.webdav.ordering.OrderPatch",6,0.07,2.00,50,0.70,33985.01,9,3,12,28,15,59.12,61,61,7,1,107.60,0.00,0.00,0.28,0,10.00,5,2090.55,0,4,8,java.lang.Object,0.00,22,0,12,0,22,2,2,17,392,1
"org.apache.jackrabbit.webdav.ordering.OrderPatch$Member",4,0.00,1.00,15,0.12,1744.76,6,2,12,8,3,114.54,22,20,0,1,132.42,0.00,0.00,0.50,0,2.00,1,358.30,0,2,3,java.lang.Object,0.00,4,0,4,0,4,2,1,5,93,2
"org.apache.jackrabbit.webdav.ordering.OrderingConstants",0,0.00,0.00,18,0.33,7696.03,17,17,3,1,9,171.00,55,19,6,1,171.00,0.00,0.00,0.00,0,0.00,0,999.83,0,0,3,,0.00,1,0,0,0,1,0,0,13,180,1
"org.apache.jackrabbit.webdav.ordering.OrderingDavServletRequest",3,0.00,1.00,4,0.02,105.15,3,0,2,3,4,110.73,25,5,0,2,158.84,0.00,0.50,0.00,0,3.00,1,58.38,0,2,4,,0.00,0,1,3,0,0,1,0,4,23,1
"org.apache.jackrabbit.webdav.ordering.OrderingResource",2,2.00,1.00,5,0.04,328.22,4,2,2,2,5,94.22,17,6,2,2,142.33,0.00,0.50,0.00,0,2.00,1,114.15,0,0,3,,0.00,0,1,2,0,0,2,0,3,34,1
"org.apache.jackrabbit.webdav.ordering.OrderingType",2,0.00,1.50,5,0.04,429.68,2,0,1,2,3,97.19,22,8,1,3,141.31,0.00,0.67,0.00,0,2.00,2,120.69,0,0,2,org.apache.jackrabbit.webdav.property.HrefProperty,0.00,0,2,3,0,0,2,1,4,35,1
"org.apache.jackrabbit.webdav.ordering.Position",6,0.00,2.17,45,0.53,15671.80,10,4,9,20,11,68.26,66,60,7,1,112.39,0.00,0.00,0.25,0,14.00,3,1590.00,0,4,4,java.lang.Object,0.00,14,0,13,0,14,2,2,11,342,1
"org.apache.jackrabbit.webdav.jcr.search.SearchResourceImpl",6,0.07,3.33,91,1.33,61228.38,9,3,28,62,15,47.18,53,108,1,1,95.28,0.00,0.00,0.28,3,14.00,10,3989.78,0,5,14,java.lang.Object,0.00,56,0,20,0,56,1,1,17,681,1
"org.apache.jackrabbit.webdav.jcr.search.SearchResultProperty",7,0.20,2.43,66,1.01,37706.54,12,5,18,38,7,57.34,75,84,1,2,105.82,0.00,0.50,0.37,1,2.00,6,3018.93,1,4,6,org.apache.jackrabbit.webdav.property.AbstractDavProperty,0.00,31,1,17,0,31,3,1,8,554,1
"org.apache.jackrabbit.core.persistence.xml.XMLPersistenceManager",22,0.13,4.91,462,7.82,433324.01,51,29,42,153,25,55.27,145,629,0,2,87.50,1.00,0.33,0.16,5,0.00,13,23452.66,1,7,25,org.apache.jackrabbit.core.persistence.AbstractPersistenceManager,0.00,131,1,108,1,131,15,0,98,3799,1
"org.apache.jackrabbit.core.state.util.BLOBStore",0,0.00,0.00,1,0.02,184.37,0,0,0,0,1,171.00,5,3,1,2,171.00,0.00,0.50,0.00,0,0.00,0,64.53,0,0,0,,0.00,0,1,0,0,0,0,0,1,18,1
"org.apache.jackrabbit.core.state.util.FileSystemBLOBStore",1,0.00,1.00,3,0.03,259.37,1,0,1,1,2,116.32,5,5,0,2,134.19,0.00,0.50,0.00,0,1.00,1,94.53,0,0,2,org.apache.jackrabbit.core.persistence.util.FileSystemBLOBStore,0.00,0,1,1,0,0,1,0,1,28,1
"org.apache.jackrabbit.core.state.util.ResourceBasedBLOBStore",0,0.00,0.00,1,0.02,184.37,0,0,0,0,0,171.00,5,3,0,2,171.00,0.00,0.50,0.00,0,0.00,0,64.53,0,0,0,,0.00,0,1,0,0,0,0,0,1,18,1
"org.apache.jackrabbit.core.state.util.Serializer",6,0.00,1.00,13,0.29,3683.73,6,0,5,8,5,138.05,29,30,0,1,137.81,0.00,0.00,0.00,0,6.00,1,863.86,0,0,5,java.lang.Object,0.00,2,0,6,0,2,6,0,13,197,2
"org.apache.jackrabbit.core.fs.BasedFileSystem",22,0.02,1.36,64,0.69,14640.18,24,2,2,46,6,158.08,72,96,3,1,137.47,0.00,0.00,0.48,1,0.00,6,2081.62,0,6,3,java.lang.Object,0.00,24,0,30,0,24,16,1,25,516,1
"org.apache.jackrabbit.core.fs.FileSystem",20,2.00,1.00,23,0.18,987.13,22,2,2,20,27,109.56,178,25,25,1,157.67,0.00,0.00,0.00,0,20.00,1,552.89,0,5,2,,0.00,0,0,20,0,0,15,0,23,181,1
"org.apache.jackrabbit.core.fs.FileSystemException",2,0.00,1.00,5,0.03,221.18,2,0,1,2,20,95.20,20,8,19,3,143.68,0.00,0.67,0.00,0,2.00,1,88.69,0,0,1,org.apache.jackrabbit.BaseException,0.00,0,2,2,0,0,2,0,3,29,1
"org.apache.jackrabbit.core.fs.FileSystemPathUtil",9,0.12,2.44,92,1.05,52070.47,13,4,2,31,8,53.87,84,102,6,1,103.86,0.00,0.00,0.14,1,33.00,7,3155.43,0,6,2,java.lang.Object,0.00,22,0,22,0,22,3,0,20,629,2
"org.apache.jackrabbit.core.fs.FileSystemResource",20,0.18,1.55,69,0.67,18051.14,22,2,3,38,17,130.06,98,107,13,1,129.83,0.00,0.00,0.68,3,0.00,5,2019.04,0,7,4,java.lang.Object,0.00,18,0,31,0,18,13,0,23,485,1
"org.apache.jackrabbit.core.fs.RandomAccessOutputStream",1,0.00,1.00,2,0.02,132.18,1,0,2,1,7,105.50,12,3,7,2,143.07,1.00,0.33,0.00,0,1.00,1,52.87,0,0,0,java.io.OutputStream,0.00,0,1,1,1,0,1,0,2,17,2
"org.apache.jackrabbit.core.persistence.obj.ObjectPersistenceManager",19,0.21,3.37,247,3.22,134958.33,27,8,29,76,20,99.07,78,340,0,2,98.84,1.00,0.33,0.32,4,0.00,8,9656.32,1,7,20,org.apache.jackrabbit.core.persistence.AbstractPersistenceManager,0.00,57,1,64,1,57,12,0,34,1783,1
