Name, No. Methods, LCOM, AVCC, NOS, HBUG, HEFF, UWCS, INST, PACK, RFC, CBO, MI, CCML, NLOC, F-IN, DIT, MINC, S-R, R-R, COH, LMC, LCOM2, MAXCC, HVOL, HIER, NQU, FOUT, Superclass, SIX, EXT, NSUP, TCC, NSUB, MPC, NCO, INTR, CCOM, HLTH, MOD
"org.apache.jackrabbit.webdav.version.ActivityResource",0,0.00,0.00,5,0.11,3438.72,4,4,1,1,4,171.00,66,6,2,2,171.00,0.00,0.50,0.00,0,0.00,0,320.95,0,0,2,,0.00,1,1,0,0,1,0,0,5,70,1
"org.apache.jackrabbit.webdav.version.BaselineResource",1,2.00,1.00,4,0.06,1353.17,3,2,3,2,5,74.93,51,5,1,2,123.88,0.00,0.50,0.00,0,1.00,1,183.88,0,1,4,,0.00,1,1,1,0,1,0,0,4,45,1
"org.apache.jackrabbit.webdav.version.DeltaVConstants",0,0.00,0.00,44,0.95,21563.97,43,43,3,1,31,171.00,248,45,28,1,171.00,0.00,0.00,0.00,0,0.00,0,2837.36,0,0,3,,0.00,1,0,0,0,1,0,0,34,428,1
"org.apache.jackrabbit.webdav.version.DeltaVResource",4,3.00,1.00,8,0.07,613.42,7,3,5,4,17,160.69,73,9,11,2,142.56,0.00,0.50,0.00,0,4.00,1,215.42,0,2,7,,0.00,0,1,4,0,0,2,0,8,62,1
"org.apache.jackrabbit.webdav.version.DeltaVServletRequest",6,0.00,1.00,7,0.04,244.95,6,0,3,6,8,110.21,48,8,1,2,158.31,0.00,0.50,0.00,0,6.00,1,125.38,0,5,7,,0.00,0,1,6,0,0,1,0,7,46,1
"org.apache.jackrabbit.webdav.version.LabelInfo",9,0.03,2.11,67,0.79,33295.91,17,8,9,20,18,78.98,61,84,12,1,111.21,0.00,0.00,0.15,0,38.00,5,2377.15,0,2,6,java.lang.Object,0.00,11,0,19,0,11,7,2,7,473,1
"org.apache.jackrabbit.webdav.version.LabelSetProperty",3,0.25,1.33,16,0.15,3326.12,5,2,6,6,6,121.12,12,18,2,2,120.88,0.00,0.50,0.33,0,1.00,2,463.19,1,2,4,org.apache.jackrabbit.webdav.property.AbstractDavProperty,0.00,3,1,4,0,3,1,0,3,106,1
"org.apache.jackrabbit.webdav.version.MergeInfo",8,0.05,2.12,51,0.63,19273.59,11,3,13,30,17,67.06,71,66,9,1,115.17,0.00,0.00,0.38,0,0.00,4,1899.91,0,5,8,java.lang.Object,0.00,22,0,17,0,22,3,2,10,391,1
"org.apache.jackrabbit.webdav.version.OptionsInfo",5,0.25,2.20,31,0.38,9261.60,7,2,13,21,15,67.58,51,39,8,1,116.06,0.00,0.00,0.30,0,10.00,3,1136.76,0,2,7,java.lang.Object,0.00,16,0,11,0,16,3,1,7,241,1
"org.apache.jackrabbit.webdav.version.OptionsResponse",4,0.17,2.50,38,0.59,18664.29,6,2,14,31,12,68.74,49,46,6,1,106.30,0.00,0.00,0.38,0,0.00,4,1763.22,0,3,6,java.lang.Object,0.00,27,0,10,0,27,1,2,5,344,1
"org.apache.jackrabbit.webdav.version.OptionsResponse$Entry",1,3.00,1.00,8,0.07,1245.95,4,3,14,1,1,112.94,0,10,0,1,112.94,0.00,0.00,0.00,0,1.00,1,199.22,0,0,1,java.lang.Object,0.00,0,0,1,0,0,1,0,0,53,2
"org.apache.jackrabbit.webdav.version.SupportedMethodSetProperty",3,0.25,1.33,17,0.18,4242.03,5,2,6,7,4,120.29,12,19,1,2,120.05,0.00,0.50,0.33,0,1.00,2,535.69,1,2,3,org.apache.jackrabbit.webdav.property.AbstractDavProperty,0.00,4,1,4,0,4,1,1,3,119,1
"org.apache.jackrabbit.webdav.version.UpdateInfo",9,0.25,3.33,89,1.29,69739.23,17,8,13,34,17,56.40,77,115,9,1,104.50,0.00,0.00,0.35,0,0.00,8,3868.36,0,7,8,java.lang.Object,0.00,25,0,30,0,25,2,2,13,706,1
"org.apache.jackrabbit.webdav.version.VersionControlledResource",7,16.00,1.00,24,0.51,19334.90,23,16,3,8,17,92.39,294,25,9,2,126.10,0.00,0.50,0.00,0,7.00,1,1526.92,0,3,8,,0.00,1,1,7,0,1,4,0,24,299,1
"org.apache.jackrabbit.webdav.version.VersionHistoryResource",1,4.00,1.00,6,0.09,2077.38,5,4,3,2,15,82.14,42,7,11,2,115.85,0.00,0.50,0.00,0,1.00,1,280.76,0,1,5,,0.00,1,1,1,0,1,0,0,6,64,1
"org.apache.jackrabbit.webdav.version.VersionResource",2,11.00,1.00,14,0.32,11920.17,13,11,2,3,16,159.64,164,15,12,2,109.75,0.00,0.50,0.00,0,2.00,1,962.56,0,0,5,,0.00,1,1,2,0,1,2,0,14,189,1
"org.apache.jackrabbit.webdav.version.VersionableResource",1,2.00,1.00,4,0.04,432.22,3,2,1,1,4,98.81,41,5,3,2,127.79,0.00,0.50,0.00,0,1.00,1,105.60,0,0,1,,0.00,0,1,1,0,0,1,0,4,29,1
"org.apache.jackrabbit.webdav.version.WorkspaceResource",0,0.00,0.00,4,0.08,2307.76,3,3,1,1,3,171.00,61,5,1,2,171.00,0.00,0.50,0.00,0,0.00,0,240.81,0,0,2,,0.00,1,1,0,0,1,0,0,4,54,1
"org.apache.jackrabbit.command.fs.ExportFileSystem",9,0.16,2.11,59,0.87,31338.34,13,4,16,37,2,71.62,68,95,0,1,113.91,0.00,0.00,0.11,2,37.00,5,2595.49,0,3,2,java.lang.Object,0.00,28,0,19,0,28,6,1,18,494,1
"org.apache.jackrabbit.command.fs.ExportPropertyToFile",10,0.11,1.70,60,0.82,31841.84,15,5,20,44,2,96.39,59,84,0,1,114.27,0.00,0.00,0.10,1,50.00,6,2450.18,0,4,2,java.lang.Object,0.00,34,0,17,0,34,6,1,19,467,1
"org.apache.jackrabbit.command.fs.FileToInputStream",5,0.17,1.00,19,0.21,3976.95,8,3,8,13,0,170.25,11,26,0,1,130.36,0.00,0.00,0.20,0,14.00,1,643.41,0,2,0,java.lang.Object,0.00,8,0,5,0,8,3,1,6,146,1
"org.apache.jackrabbit.command.fs.ImportFileSystem",6,0.20,2.50,61,0.77,25076.57,9,3,13,27,2,56.87,48,85,0,1,104.97,0.00,0.00,0.17,3,18.00,5,2316.83,0,2,2,java.lang.Object,0.00,21,0,15,0,21,4,1,11,454,1
"org.apache.jackrabbit.command.ext.ConnectToJNDIServer",3,0.25,1.33,17,0.21,4548.86,5,2,9,12,3,101.94,16,22,0,1,119.81,0.00,0.00,0.33,0,5.00,2,627.64,0,1,3,java.lang.Object,0.00,9,0,4,0,9,2,1,7,132,1
"org.apache.jackrabbit.command.ext.ConnectToRmiServer",3,0.25,1.33,15,0.17,3535.76,5,2,7,10,2,102.80,16,20,0,1,120.67,0.00,0.00,0.33,0,5.00,2,519.44,0,1,2,java.lang.Object,0.00,7,0,4,0,7,2,1,7,114,1
"org.apache.jackrabbit.command.ext.CreateWorkspace",3,0.00,1.67,18,0.23,5531.01,6,3,8,13,2,83.92,18,25,0,1,116.14,0.00,0.00,0.33,0,5.00,3,681.02,0,1,2,java.lang.Object,0.00,10,0,5,0,10,2,1,8,141,1
"org.apache.jackrabbit.command.ext.RegisterNodeType",7,0.17,1.43,39,0.43,12382.28,10,3,12,18,5,159.16,14,50,0,1,119.27,0.00,0.00,0.19,0,23.00,4,1303.53,0,3,5,java.lang.Object,0.00,11,0,10,0,11,4,1,10,261,1
"org.apache.jackrabbit.command.ext.StartJackrabbit",5,0.17,1.20,21,0.25,5113.67,8,3,8,12,3,125.03,23,30,0,1,124.80,0.00,0.00,0.20,0,14.00,2,735.30,0,2,3,java.lang.Object,0.00,7,0,6,0,7,3,1,9,162,1
"org.apache.jackrabbit.command.ext.StartJackrabbitSingleton",5,0.06,1.60,32,0.40,14500.37,9,4,10,17,3,96.73,29,46,0,1,114.60,0.00,0.00,0.20,0,14.00,4,1201.46,0,2,3,java.lang.Object,0.00,12,0,8,0,12,3,1,10,236,1
"org.apache.jackrabbit.command.ext.StopJackrabbit",1,0.00,4.00,13,0.15,4740.14,2,1,6,8,2,57.89,7,19,0,1,100.18,0.00,0.00,1.00,0,0.00,4,461.56,0,0,2,java.lang.Object,0.00,7,0,4,0,7,1,1,3,95,1
"org.apache.jackrabbit.core.query.sql.ASTContainsExpression",7,0.42,1.00,17,0.11,1129.61,9,2,1,8,4,142.38,3,25,2,2,142.38,0.00,0.50,0.14,0,17.00,1,331.40,0,3,2,SimpleNode,0.00,1,1,7,0,1,4,0,1,98,1
"org.apache.jackrabbit.core.query.sql.ASTIdentifier",6,0.80,1.00,14,0.10,1044.12,7,1,1,7,8,142.13,1,21,6,2,142.13,0.00,0.50,0.33,0,10.00,1,295.38,1,3,2,SimpleNode,0.08,1,1,6,0,1,3,0,1,87,1
"org.apache.jackrabbit.core.query.sql.ASTLiteral",8,0.29,1.00,19,0.13,1418.97,10,2,0,9,4,142.06,3,28,3,2,142.06,0.00,0.50,0.25,0,18.00,1,403.74,1,3,1,SimpleNode,0.14,1,1,8,0,1,5,0,1,117,1
"org.apache.jackrabbit.core.query.sql.ASTPredicate",14,0.12,1.00,34,0.24,2461.65,19,5,1,15,4,142.09,1,49,2,2,142.09,0.00,0.50,0.09,0,70.00,1,709.22,1,5,2,SimpleNode,0.06,1,1,14,0,1,9,0,1,199,1
"org.apache.jackrabbit.core.query.sql.DefaultParserVisitor",20,0.00,1.00,41,0.27,2807.83,20,0,0,20,6,142.86,4,62,1,1,142.86,0.00,0.00,0.00,0,20.00,1,808.87,0,20,5,java.lang.Object,0.00,0,0,20,0,0,0,1,1,245,0
"org.apache.jackrabbit.core.query.sql.JCRSQLQueryBuilder",27,0.02,3.30,363,5.27,398171.87,37,10,36,155,32,64.12,162,457,2,1,96.35,0.00,0.00,0.09,3,149.00,14,15800.99,0,25,30,java.lang.Object,0.00,128,0,89,0,128,2,1,64,2732,1
"org.apache.jackrabbit.core.query.sql.JCRSQLQueryBuilder$DefaultParserVisitor",2,0.00,1.00,7,0.06,788.16,2,0,36,4,2,132.76,0,9,0,1,132.76,0.00,0.00,0.00,0,0.00,1,186.05,0,2,2,java.lang.Object,0.00,2,0,2,0,2,0,0,0,49,0
"org.apache.jackrabbit.core.query.sql.JCRSQLQueryBuilder$DefaultParserVisitor_0",1,0.00,2.00,5,0.05,958.23,1,0,36,3,2,171.29,1,7,0,1,121.29,0.00,0.00,0.00,0,0.00,2,148.18,0,1,2,java.lang.Object,0.00,2,0,2,0,2,0,0,1,37,0
"org.apache.jackrabbit.core.query.sql.JCRSQLQueryBuilder$DefaultParserVisitor_1",5,0.00,2.20,25,0.25,7597.13,5,0,36,8,4,119.69,0,34,0,1,119.69,0.00,0.00,0.00,1,5.00,5,740.78,0,4,4,java.lang.Object,0.00,3,0,11,0,3,1,0,0,174,0
"org.apache.jackrabbit.core.query.sql.JCRSQLQueryBuilder$DefaultParserVisitor_2",1,0.00,1.00,4,0.03,474.00,1,0,36,2,1,127.47,0,5,0,1,127.47,0.00,0.00,0.00,0,1.00,1,92.00,0,1,1,java.lang.Object,0.00,1,0,1,0,1,0,0,0,25,0
"org.apache.jackrabbit.core.query.sql.JCRSQLQueryBuilder$MergingPathQueryNode",5,0.75,6.00,101,1.46,155232.17,6,1,36,26,3,49.12,63,114,0,4,86.68,0.00,0.75,0.40,2,6.00,13,4367.68,0,3,3,org.apache.jackrabbit.core.query.PathQueryNode,0.00,21,3,30,0,21,2,0,15,763,2
"org.apache.jackrabbit.core.query.sql.QueryBuilder",4,0.00,1.00,9,0.10,1268.78,4,0,6,7,5,140.31,16,18,0,1,140.07,0.00,0.00,0.00,0,4.00,1,294.46,0,3,5,java.lang.Object,0.00,3,0,4,0,3,1,1,5,78,1
"org.apache.jackrabbit.core.query.sql.QueryFormat",20,0.01,4.75,346,4.96,388103.27,24,4,28,88,24,111.59,77,411,2,1,90.98,0.00,0.00,0.26,4,30.00,14,14873.79,0,15,22,java.lang.Object,0.00,68,0,95,0,68,5,2,27,2622,0
"org.apache.jackrabbit.commons.iterator.EventIteratorAdapter",4,0.00,1.00,9,0.06,556.05,4,0,6,5,2,110.67,26,15,0,2,142.89,0.00,0.50,0.00,0,4.00,1,183.56,1,1,2,org.apache.jackrabbit.commons.iterator.RangeIteratorDecorator,0.00,1,1,4,0,1,3,1,6,57,1
"org.apache.jackrabbit.commons.iterator.EventListenerIteratorAdapter",4,0.00,1.00,9,0.06,504.11,4,0,6,5,2,111.01,26,15,0,2,143.23,0.00,0.50,0.00,0,4.00,1,173.37,1,1,2,org.apache.jackrabbit.commons.iterator.RangeIteratorDecorator,0.00,1,1,4,0,1,3,1,6,55,1
"org.apache.jackrabbit.commons.iterator.NodeIteratorAdapter",4,0.00,1.00,9,0.06,556.05,4,0,6,5,2,110.67,26,15,0,2,142.89,0.00,0.50,0.00,0,4.00,1,183.56,1,1,2,org.apache.jackrabbit.commons.iterator.RangeIteratorDecorator,0.00,1,1,4,0,1,3,1,6,57,1
"org.apache.jackrabbit.commons.iterator.NodeTypeIteratorAdapter",4,0.00,1.00,9,0.06,556.05,4,0,6,5,2,110.67,26,15,0,2,142.89,0.00,0.50,0.00,0,4.00,1,183.56,1,1,2,org.apache.jackrabbit.commons.iterator.RangeIteratorDecorator,0.00,1,1,4,0,1,3,1,6,57,1
"org.apache.jackrabbit.commons.iterator.PropertyIteratorAdapter",4,0.00,1.00,9,0.06,504.11,4,0,6,5,2,111.01,26,15,0,2,143.23,0.00,0.50,0.00,0,4.00,1,173.37,1,1,2,org.apache.jackrabbit.commons.iterator.RangeIteratorDecorator,0.00,1,1,4,0,1,3,1,6,55,1
"org.apache.jackrabbit.commons.iterator.RangeIteratorAdapter",9,0.08,1.78,44,0.32,7936.67,12,3,4,15,7,77.11,72,61,7,1,125.22,0.00,0.00,0.41,1,8.00,3,956.67,0,1,0,java.lang.Object,0.00,6,0,16,0,6,8,1,15,235,1
"org.apache.jackrabbit.commons.iterator.RangeIteratorDecorator",7,0.17,1.00,16,0.11,1357.60,8,1,2,13,7,109.53,48,25,7,1,141.76,0.00,0.00,0.86,0,0.00,1,328.05,0,1,0,java.lang.Object,0.00,6,0,7,7,6,6,1,11,98,1
"org.apache.jackrabbit.commons.iterator.RowIteratorAdapter",4,0.00,1.00,9,0.06,504.11,4,0,6,5,2,111.01,26,15,0,2,143.23,0.00,0.50,0.00,0,4.00,1,173.37,1,1,2,org.apache.jackrabbit.commons.iterator.RangeIteratorDecorator,0.00,1,1,4,0,1,3,1,6,55,1
"org.apache.jackrabbit.commons.iterator.VersionIteratorAdapter",4,0.00,1.00,9,0.06,504.11,4,0,6,5,2,111.01,26,15,0,2,143.23,0.00,0.50,0.00,0,4.00,1,173.37,1,1,2,org.apache.jackrabbit.commons.iterator.RangeIteratorDecorator,0.00,1,1,4,0,1,3,1,6,55,1
"org.apache.jackrabbit.jcrlog.test.unit.TestAPI",8,0.00,1.12,40,0.41,5699.29,8,0,9,28,4,172.44,8,54,2,2,122.44,0.00,0.50,0.00,5,8.00,2,1241.54,0,1,2,junit.framework.TestCase,0.00,20,1,9,0,20,7,0,3,279,1
"org.apache.jackrabbit.webdav.jcr.lock.JcrActiveLock",13,0.19,1.46,43,0.40,7169.46,16,3,12,28,9,113.65,74,64,2,2,131.53,0.00,0.50,0.15,1,55.00,3,1192.82,0,4,7,org.apache.jackrabbit.webdav.lock.AbstractActiveLock,0.00,15,1,19,0,15,9,2,16,292,1
"org.apache.jackrabbit.webdav.jcr.lock.SessionScopedLockEntry",2,1.00,1.00,6,0.05,693.12,3,1,7,3,6,100.98,12,9,1,2,133.20,0.00,0.50,0.00,0,2.00,1,144.92,0,2,5,org.apache.jackrabbit.webdav.lock.AbstractLockEntry,0.00,1,1,2,0,1,0,0,3,40,1
"org.apache.jackrabbit.ocm.manager.objectconverter.impl.BeanLazyLoader",2,0.40,1.00,13,0.13,2184.61,7,5,5,4,2,118.05,0,19,1,1,118.05,0.00,0.00,0.40,0,2.00,1,386.20,0,1,1,java.lang.Object,0.00,2,0,2,0,2,1,1,0,91,1
"org.apache.jackrabbit.ocm.manager.objectconverter.impl.CollectionLazyLoader",2,0.50,1.00,16,0.16,2714.36,8,6,8,4,4,112.64,0,20,1,1,112.64,0.00,0.00,0.42,0,2.00,1,487.38,0,1,3,java.lang.Object,0.00,2,0,2,0,2,1,1,0,110,1
"org.apache.jackrabbit.ocm.manager.objectconverter.impl.ObjectConverterImpl",27,0.03,3.78,341,5.97,255761.24,34,7,32,121,26,99.36,133,501,2,1,99.12,0.00,0.00,0.12,16,191.00,11,17903.79,0,5,24,java.lang.Object,0.00,94,0,102,0,94,22,1,29,3145,1
"org.apache.jackrabbit.ocm.manager.objectconverter.impl.ProxyManagerImpl",2,1.00,2.50,15,0.25,6414.89,3,1,13,11,11,111.89,8,25,2,1,111.66,0.00,0.00,0.00,0,2.00,3,763.52,0,2,9,java.lang.Object,0.00,9,0,5,0,9,0,1,2,152,1
"org.apache.jackrabbit.ocm.manager.objectconverter.impl.SimpleFieldsHelper",10,0.30,5.10,139,2.28,103200.12,13,3,23,58,11,49.36,84,226,2,1,97.47,0.00,0.00,0.07,5,26.00,10,6833.58,0,5,9,java.lang.Object,0.00,48,0,51,0,48,5,0,31,1220,1
"org.apache.jackrabbit.rmi.repository.AbstractRemoteRepositoryFactory",3,1.00,1.00,7,0.05,651.65,4,1,5,4,6,91.37,29,12,3,1,141.37,0.00,0.00,0.33,1,4.00,1,164.24,0,2,3,java.lang.Object,0.00,1,0,3,3,1,1,1,5,48,2
"org.apache.jackrabbit.rmi.repository.JNDIRemoteRepository",3,0.00,1.00,7,0.07,644.73,3,0,6,6,5,92.93,32,12,1,3,141.40,0.00,0.67,0.00,0,3.00,1,198.98,0,0,4,org.apache.jackrabbit.commons.repository.ProxyRepository,0.00,3,2,3,0,3,3,0,4,56,1
"org.apache.jackrabbit.rmi.repository.JNDIRemoteRepositoryFactory",2,0.00,2.50,17,0.20,7096.78,4,2,5,6,4,71.58,24,33,1,2,109.15,0.00,0.50,0.50,0,2.00,4,588.79,0,1,3,org.apache.jackrabbit.rmi.repository.AbstractRemoteRepositoryFactory,0.40,4,1,5,0,4,1,0,5,126,1
"org.apache.jackrabbit.rmi.repository.RMIRemoteRepository",2,0.00,1.00,5,0.04,344.94,2,0,3,4,5,98.03,22,8,1,3,142.16,0.00,0.67,0.00,0,2.00,1,116.05,0,0,4,org.apache.jackrabbit.commons.repository.ProxyRepository,0.00,2,2,2,0,2,2,0,3,35,1
"org.apache.jackrabbit.rmi.repository.RMIRemoteRepositoryFactory",2,1.00,3.00,12,0.15,4793.84,3,1,7,4,4,66.63,21,22,1,2,115.11,0.00,0.50,0.50,0,2.00,5,459.98,0,1,3,org.apache.jackrabbit.rmi.repository.AbstractRemoteRepositoryFactory,0.40,2,1,6,0,2,1,0,4,104,1
"org.apache.jackrabbit.rmi.repository.URLRemoteRepository",3,0.00,1.00,7,0.06,533.15,3,0,5,6,5,93.58,30,11,1,3,142.05,0.00,0.67,0.00,0,3.00,1,169.83,0,0,4,org.apache.jackrabbit.commons.repository.ProxyRepository,0.00,3,2,3,0,3,3,0,4,50,1
"org.apache.jackrabbit.rmi.repository.URLRemoteRepositoryFactory",2,1.00,3.00,19,0.24,11468.48,3,1,6,9,4,57.08,20,39,1,2,105.55,0.00,0.50,0.50,0,2.00,5,734.95,0,1,3,org.apache.jackrabbit.rmi.repository.AbstractRemoteRepositoryFactory,0.40,7,1,6,0,7,1,0,4,147,1
"org.apache.jackrabbit.command.cli.AbstractParameter",14,0.12,1.07,38,0.27,4336.16,20,6,2,15,8,140.37,58,51,7,1,140.14,0.00,0.00,0.06,0,74.00,2,819.35,0,7,1,java.lang.Object,0.00,1,0,15,3,1,7,1,21,223,2
"org.apache.jackrabbit.command.cli.Argument",3,1.00,1.00,11,0.07,1315.42,4,1,0,4,6,114.52,16,15,5,3,132.40,0.00,0.67,0.33,1,4.00,1,215.93,0,1,1,org.apache.jackrabbit.command.cli.Option,0.12,1,2,3,0,1,2,0,5,61,1
"org.apache.jackrabbit.command.cli.CliTest",2,0.00,4.50,30,0.47,12858.78,3,1,11,17,5,146.79,2,61,1,2,96.79,0.00,0.50,1.00,0,0.00,6,1401.57,0,0,4,junit.framework.TestCase,0.00,15,1,9,0,15,2,0,2,267,1
"org.apache.jackrabbit.command.cli.CommandLine",27,0.07,1.37,105,1.22,29882.25,35,8,10,67,11,149.77,106,147,7,1,129.16,0.00,0.00,0.06,6,286.00,4,3674.26,0,14,4,java.lang.Object,0.00,40,0,37,0,40,13,2,42,839,1
"org.apache.jackrabbit.command.cli.CommandLine$Predicate",1,0.00,1.00,4,0.03,392.74,1,0,10,2,1,128.11,0,5,0,1,128.11,0.00,0.00,0.00,0,1.00,1,84.15,0,0,1,java.lang.Object,0.00,1,0,1,0,1,1,0,0,24,0
"org.apache.jackrabbit.command.cli.CommandLine$Predicate_0",1,0.00,1.00,4,0.03,392.74,1,0,10,2,1,128.11,0,5,0,1,128.11,0.00,0.00,0.00,0,1.00,1,84.15,0,0,1,java.lang.Object,0.00,1,0,1,0,1,1,0,0,24,0
"org.apache.jackrabbit.command.cli.CommandLineFactory",5,0.21,3.00,58,0.80,27872.61,12,7,17,38,10,54.30,40,82,6,1,102.40,0.00,0.00,0.31,0,1.00,6,2411.96,0,2,4,java.lang.Object,0.00,33,0,15,0,33,3,0,21,460,1
"org.apache.jackrabbit.command.cli.CommandsTest",28,0.17,1.00,233,3.34,62612.04,33,5,19,94,3,160.94,30,302,1,2,110.94,0.00,0.50,0.36,2,0.00,1,10019.18,2,3,2,junit.framework.TestCase,0.00,66,1,28,0,66,25,0,28,2011,1
"org.apache.jackrabbit.command.cli.ConfigurationException",4,1.00,1.00,10,0.08,824.84,5,1,1,4,3,99.26,30,16,2,3,141.55,0.00,0.67,0.00,0,4.00,1,241.63,0,0,1,org.apache.jackrabbit.command.CommandException,0.00,0,2,4,0,0,4,0,6,69,1
"org.apache.jackrabbit.command.cli.Flag",8,0.71,1.12,24,0.18,3100.34,9,1,0,12,5,153.41,31,34,4,2,132.79,0.00,0.50,0.38,1,20.00,2,543.89,2,4,1,org.apache.jackrabbit.command.cli.AbstractParameter,0.36,4,1,9,0,4,4,0,10,146,1
"org.apache.jackrabbit.command.cli.I18nTest",2,0.00,4.00,21,0.35,9747.85,2,0,4,14,5,154.34,3,51,1,2,104.34,0.00,0.50,0.00,0,2.00,5,1053.33,0,0,4,junit.framework.TestCase,0.00,12,1,8,0,12,2,0,1,205,1
"org.apache.jackrabbit.command.cli.JcrClient",12,0.00,2.67,122,1.79,76112.90,17,5,31,73,9,55.42,98,168,2,1,103.53,0.00,0.00,0.20,8,44.00,8,5366.63,0,1,7,java.lang.Object,0.00,61,0,32,0,61,11,0,34,999,1
"org.apache.jackrabbit.command.cli.JcrClient$JcrChildrenCompletor",1,0.00,6.00,18,0.24,8872.45,1,0,31,9,3,92.67,0,25,0,1,92.67,0.00,0.00,0.00,0,0.00,6,708.59,0,0,3,java.lang.Object,0.00,8,0,6,0,8,1,1,0,127,1
"org.apache.jackrabbit.command.cli.JcrParser",8,0.00,3.88,117,1.61,98169.34,12,4,12,52,9,45.74,72,157,1,1,95.74,0.00,0.00,0.25,3,16.00,10,4818.16,0,2,8,java.lang.Object,0.00,44,0,31,0,44,6,0,29,886,1
"org.apache.jackrabbit.command.cli.JcrParserException",4,1.00,1.00,10,0.08,824.84,5,1,1,4,4,123.67,22,16,3,3,141.55,0.00,0.67,0.00,0,4.00,1,241.63,0,0,1,org.apache.jackrabbit.command.CommandException,0.00,0,2,4,0,0,4,0,6,69,1
"org.apache.jackrabbit.command.cli.JcrRmiServer",1,0.00,1.00,10,0.13,2259.48,4,3,11,6,5,75.06,6,14,0,1,107.29,0.00,0.00,1.00,0,0.00,1,396.63,0,0,5,java.lang.Object,0.00,5,0,1,0,5,1,0,4,84,1
"org.apache.jackrabbit.command.cli.Option",8,0.43,1.00,23,0.17,2240.86,10,2,0,10,7,140.73,32,32,6,2,140.50,1.00,0.33,0.12,2,28.00,1,502.15,2,4,1,org.apache.jackrabbit.command.cli.AbstractParameter,0.27,2,1,8,1,2,4,0,11,140,1
"org.apache.jackrabbit.command.cli.SourceCommand",3,0.25,1.67,20,0.28,9056.38,5,2,9,17,3,96.58,16,29,0,1,114.45,0.00,0.00,0.33,0,5.00,3,847.20,0,1,3,java.lang.Object,0.00,14,0,5,0,14,2,1,7,164,1
"org.apache.jackrabbit.command.cli.TestAll",1,0.00,1.00,7,0.06,1721.67,1,0,2,3,3,153.88,2,12,0,1,113.99,0.00,0.00,0.00,0,1.00,1,178.97,0,1,3,java.lang.Object,0.00,2,0,1,0,2,0,0,2,45,1
"org.apache.jackrabbit.test.api.util.TestAll",1,0.00,1.00,4,0.03,457.63,1,0,3,2,2,90.03,12,6,2,2,127.59,0.00,0.50,0.00,0,1.00,1,76.45,0,1,0,junit.framework.TestCase,0.00,1,1,1,0,1,0,0,3,23,1
"org.apache.jackrabbit.ocm.testmodel.interfaces.AnotherInterface",0,0.00,0.00,1,0.00,12.00,0,0,0,0,2,171.00,0,3,2,1,171.00,0.00,0.00,0.00,0,0.00,0,8.00,0,0,0,,0.00,0,0,0,0,0,0,0,0,4,1
"org.apache.jackrabbit.ocm.testmodel.interfaces.CmsObject",6,0.00,1.00,7,0.03,152.68,6,0,0,6,5,159.93,0,8,5,1,159.93,0.00,0.00,0.00,0,6.00,1,101.78,0,3,1,,0.00,0,0,6,0,0,3,0,0,40,1
"org.apache.jackrabbit.ocm.testmodel.interfaces.Content",0,0.00,0.00,1,0.01,31.02,0,0,0,0,2,171.00,0,2,2,1,171.00,0.00,0.00,0.00,0,0.00,0,15.51,0,0,0,,0.00,0,1,0,0,0,0,0,0,6,1
"org.apache.jackrabbit.ocm.testmodel.interfaces.Document",6,0.00,1.00,7,0.04,171.69,6,0,1,6,5,159.53,0,8,4,2,159.53,0.00,0.50,0.00,0,6.00,1,109.29,0,2,1,,0.00,0,1,6,0,0,4,0,0,42,1
"org.apache.jackrabbit.ocm.testmodel.interfaces.Folder",3,0.00,1.00,4,0.02,107.39,3,0,1,3,5,158.76,0,5,5,1,158.76,0.00,0.00,0.00,0,3.00,1,66.42,0,1,1,,0.00,0,1,3,0,0,2,0,0,25,1
"org.apache.jackrabbit.ocm.testmodel.interfaces.Interface",0,0.00,0.00,1,0.00,12.00,0,0,0,0,3,171.00,0,3,3,1,171.00,0.00,0.00,0.00,0,0.00,0,8.00,0,0,0,,0.00,0,0,0,0,0,0,0,0,4,1
"org.apache.jackrabbit.core.persistence.obj.ObjectPersistenceManager",19,0.21,3.37,247,3.21,134535.87,27,8,29,76,20,99.09,78,340,0,2,98.85,1.00,0.33,0.32,4,0.00,8,9644.42,1,7,20,org.apache.jackrabbit.core.persistence.AbstractPersistenceManager,0.00,57,1,64,1,57,12,0,34,1781,1
"org.apache.jackrabbit.ocm.query.impl.FilterImpl",23,0.10,1.30,102,1.20,29172.24,30,7,7,34,5,163.93,62,154,2,1,124.04,0.00,0.00,0.04,4,124.00,3,3588.76,0,20,3,java.lang.Object,0.00,11,0,30,0,11,3,1,18,810,1
"org.apache.jackrabbit.ocm.query.impl.QueryImpl",7,0.11,1.43,29,0.27,5668.62,10,3,6,15,5,146.17,22,51,1,1,125.56,0.00,0.00,0.24,1,16.00,4,815.88,0,3,4,java.lang.Object,0.00,8,0,10,0,8,4,1,5,195,1
"org.apache.jackrabbit.ocm.query.impl.QueryManagerImpl",6,0.00,2.17,46,0.66,20418.18,9,3,9,29,10,161.49,7,67,2,1,111.49,0.00,0.00,0.33,3,0.00,4,1977.04,0,5,8,java.lang.Object,0.00,23,0,13,0,23,1,1,7,392,1
"org.apache.jackrabbit.core.query.lucene.AbstractExcerpt",7,0.04,3.43,105,1.46,95395.10,11,4,23,55,7,44.29,66,139,2,1,94.29,0.00,0.00,0.29,3,7.00,9,4392.47,0,5,6,java.lang.Object,0.00,48,0,24,2,48,2,1,26,769,2
"org.apache.jackrabbit.core.query.lucene.AbstractExcerpt$TermPositionVector",8,0.43,1.50,34,0.34,10255.97,9,1,23,13,0,123.97,0,40,0,1,123.97,0.00,0.00,0.62,0,0.00,2,1005.34,0,3,0,java.lang.Object,0.00,5,0,12,0,5,5,0,0,240,0
"org.apache.jackrabbit.core.query.lucene.AbstractIndex",20,0.05,3.05,178,1.91,65695.80,34,14,15,73,10,61.26,169,236,2,1,109.36,0.00,0.00,0.12,8,76.00,9,5721.96,0,7,8,java.lang.Object,0.00,53,0,61,2,53,13,0,53,1187,1
"org.apache.jackrabbit.core.query.lucene.AbstractIndex$LoggingPrintStream",3,0.50,1.00,10,0.08,928.25,4,1,15,8,0,133.59,2,17,0,2,133.59,0.00,0.50,0.67,0,1.00,1,239.79,0,0,0,java.io.PrintStream,0.00,5,1,3,0,5,3,0,2,65,3
"org.apache.jackrabbit.core.query.lucene.AbstractIndex$LoggingPrintStream$OutputStream",1,0.00,1.00,2,0.01,41.48,1,0,15,1,0,147.03,0,0,0,1,147.03,0.00,0.00,0.00,0,1.00,1,27.65,0,0,0,java.lang.Object,0.00,0,0,1,0,0,1,0,0,11,0
"org.apache.jackrabbit.core.query.lucene.AbstractQueryImpl",4,0.20,1.00,16,0.13,2046.58,9,5,4,4,8,97.83,54,23,4,1,127.21,0.00,0.00,0.05,0,6.00,1,400.38,0,0,5,java.lang.Object,0.00,0,0,4,2,0,4,1,10,101,2
"org.apache.jackrabbit.core.query.lucene.AbstractWeight",3,1.00,2.00,27,0.29,21636.92,4,1,5,7,5,54.87,27,27,3,1,104.86,0.00,0.00,0.33,1,4.00,4,865.12,0,2,2,java.lang.Object,0.00,4,0,6,3,4,1,1,5,176,1
"org.apache.jackrabbit.core.query.lucene.AggregateRule",2,0.00,1.00,3,0.02,131.10,2,0,3,2,6,127.31,27,6,4,1,156.69,0.00,0.00,0.00,0,2.00,1,64.00,0,2,2,,0.00,0,0,2,0,0,0,0,3,23,1
"org.apache.jackrabbit.core.query.lucene.AggregateRuleImpl",6,0.00,3.00,72,0.97,34582.27,11,5,21,36,15,80.73,85,85,1,1,100.88,0.00,0.00,0.20,1,14.00,6,2922.37,0,4,14,java.lang.Object,0.00,30,0,18,0,30,2,1,14,550,0
"org.apache.jackrabbit.core.query.lucene.AggregateRuleImpl$Rule",4,0.00,3.50,55,0.69,28317.53,6,2,21,22,5,69.46,52,64,0,1,98.84,0.00,0.00,0.50,1,4.00,6,2076.43,0,2,5,java.lang.Object,0.00,18,0,14,0,18,2,0,17,394,2
"org.apache.jackrabbit.core.query.lucene.CachingIndexReader",5,0.05,3.80,62,0.77,39035.76,10,5,10,26,9,108.92,85,87,6,2,99.78,0.00,0.50,0.24,1,16.00,10,2324.41,1,1,4,org.apache.lucene.index.FilterIndexReader,0.00,21,1,19,0,21,4,0,31,433,0
"org.apache.jackrabbit.core.query.lucene.CachingIndexReader$TermDocs",8,0.00,1.00,14,0.07,606.01,8,0,10,8,0,156.20,0,22,0,1,156.20,0.00,0.00,0.00,0,8.00,1,221.62,0,0,0,java.lang.Object,0.00,0,0,8,0,0,8,0,0,73,0
"org.apache.jackrabbit.core.query.lucene.CachingMultiReader",8,0.14,2.38,70,0.88,49600.10,13,5,7,28,10,58.77,83,89,3,2,107.25,0.00,0.50,0.32,2,10.00,6,2639.49,2,2,7,org.apache.lucene.index.MultiReader,0.00,20,1,19,0,20,6,2,28,528,2
"org.apache.jackrabbit.core.query.lucene.CachingMultiReader$OffsetReader",1,2.00,1.00,6,0.04,488.07,3,2,7,1,1,83.24,12,8,0,1,120.80,0.00,0.00,0.00,0,1.00,1,128.00,0,0,1,java.lang.Object,0.00,0,0,1,0,0,1,0,3,37,3
"org.apache.jackrabbit.core.query.lucene.CaseTermQuery",2,1.00,1.00,10,0.09,1352.89,3,1,11,3,3,104.77,11,13,2,2,122.64,2.00,0.25,0.00,0,2.00,1,265.13,0,1,1,org.apache.lucene.search.MultiTermQuery,0.00,1,1,2,2,1,1,1,3,67,1
"org.apache.jackrabbit.core.query.lucene.CaseTermQuery$CaseTermEnum",4,0.11,2.75,60,0.97,88248.51,7,3,11,39,3,113.31,15,72,0,2,92.69,0.00,0.50,0.25,0,6.00,8,2913.84,0,0,3,org.apache.lucene.search.FilteredTermEnum,0.00,35,1,11,0,35,4,0,15,482,2
"org.apache.jackrabbit.core.query.lucene.CaseTermQuery$CaseTermEnum$TermEnum",5,0.25,1.40,14,0.11,1552.38,6,1,11,9,0,140.07,1,21,0,1,140.07,0.00,0.00,0.80,1,0.00,2,324.73,0,1,0,java.lang.Object,0.00,4,0,7,0,4,4,0,1,88,0
"org.apache.jackrabbit.core.query.lucene.CaseTermQuery$Lower",1,0.00,1.00,3,0.02,110.15,1,0,11,1,1,137.12,0,5,0,3,137.12,0.00,0.67,0.00,0,0.00,1,52.46,0,0,1,org.apache.jackrabbit.core.query.lucene.CaseTermQuery,0.00,0,2,1,0,0,1,0,0,18,2
"org.apache.jackrabbit.core.query.lucene.CaseTermQuery$Upper",1,0.00,1.00,3,0.02,110.15,1,0,11,1,1,137.12,0,5,0,3,137.12,0.00,0.67,0.00,0,0.00,1,52.46,0,0,1,org.apache.jackrabbit.core.query.lucene.CaseTermQuery,0.00,0,2,1,0,0,1,0,0,18,2
"org.apache.jackrabbit.core.query.lucene.ChildAxisQuery",6,0.03,1.17,28,0.24,3763.01,12,6,27,10,13,82.35,71,35,3,2,126.48,0.00,0.50,0.14,0,10.00,2,725.59,0,3,10,org.apache.lucene.search.Query,0.00,4,1,7,0,4,3,0,17,177,0
"org.apache.jackrabbit.core.query.lucene.ChildAxisQuery$ChildAxisScorer",8,0.00,3.12,84,1.16,67475.52,11,3,27,37,10,84.65,46,118,0,2,102.52,0.00,0.50,0.33,1,14.00,12,3482.30,0,1,10,org.apache.lucene.search.Scorer,0.00,29,1,25,0,29,7,0,22,630,1
"org.apache.jackrabbit.core.query.lucene.ChildAxisQuery$ChildAxisScorer$HitCollector",1,0.00,1.00,3,0.02,168.11,1,0,27,2,0,135.68,0,4,0,1,135.68,0.00,0.00,0.00,0,1.00,1,63.51,0,0,0,java.lang.Object,0.00,1,0,1,0,1,1,0,0,19,0
"org.apache.jackrabbit.core.query.lucene.ChildAxisQuery$ChildAxisWeight",7,1.00,1.14,18,0.18,3155.98,8,1,27,14,2,139.08,33,27,0,1,138.84,0.00,0.00,0.14,0,12.00,2,532.50,0,3,2,java.lang.Object,0.00,7,0,8,0,7,4,1,8,133,1
"org.apache.jackrabbit.core.query.lucene.CommittableIndexReader",2,0.00,1.00,5,0.02,122.27,2,0,3,3,1,103.41,14,8,1,2,145.70,0.00,0.50,0.00,0,2.00,1,66.20,0,0,0,org.apache.lucene.index.FilterIndexReader,0.00,1,1,2,0,1,2,0,3,24,0
"org.apache.jackrabbit.core.query.lucene.ConsistencyCheck",6,0.12,5.00,119,1.74,140664.56,11,5,16,51,10,59.14,80,141,2,1,88.52,0.00,0.00,0.30,0,6.00,13,5234.09,0,3,8,java.lang.Object,0.00,45,0,30,0,45,3,0,23,890,0
"org.apache.jackrabbit.core.query.lucene.ConsistencyCheck$MissingAncestor",3,1.00,2.00,19,0.27,9320.94,4,1,16,9,5,154.20,8,27,0,2,114.31,0.00,0.50,0.33,0,4.00,4,802.27,0,0,5,org.apache.jackrabbit.core.query.lucene.ConsistencyCheckError,0.57,6,1,6,0,6,3,0,2,161,1
"org.apache.jackrabbit.core.query.lucene.ConsistencyCheck$MultipleEntries",3,0.00,1.67,15,0.19,4729.35,3,0,16,8,5,140.24,11,22,0,2,119.63,0.00,0.50,0.00,0,4.00,3,576.96,0,0,5,org.apache.jackrabbit.core.query.lucene.ConsistencyCheckError,0.57,5,1,5,0,5,3,0,4,121,1
"org.apache.jackrabbit.core.query.lucene.ConsistencyCheck$NodeDeleted",3,0.00,1.00,8,0.06,546.87,3,0,16,3,2,181.85,8,12,0,2,141.97,0.00,0.50,0.00,0,4.00,1,172.60,0,0,2,org.apache.jackrabbit.core.query.lucene.ConsistencyCheckError,0.57,0,1,3,0,0,3,0,2,50,1
"org.apache.jackrabbit.core.query.lucene.ConsistencyCheck$UnknownParent",3,0.00,1.00,7,0.06,591.07,3,0,16,3,2,181.59,7,11,0,2,141.70,0.00,0.50,0.00,0,4.00,1,174.04,0,0,2,org.apache.jackrabbit.core.query.lucene.ConsistencyCheckError,0.57,0,1,3,0,0,3,0,2,50,1
"org.apache.jackrabbit.core.query.lucene.ConsistencyCheckError",4,0.50,1.00,10,0.06,584.03,6,2,2,4,7,124.85,21,13,6,1,142.73,0.00,0.00,0.12,0,6.00,1,176.34,0,1,1,java.lang.Object,0.00,0,0,4,4,0,3,0,6,55,1
"org.apache.jackrabbit.core.query.lucene.DateField",5,0.12,1.80,34,0.43,14324.50,9,4,1,15,3,72.32,36,44,3,1,114.61,0.00,0.00,0.15,2,7.00,5,1290.31,0,3,0,java.lang.Object,0.00,10,0,9,0,10,2,0,11,275,1
"org.apache.jackrabbit.core.query.lucene.DefaultHTMLExcerpt",1,0.00,1.00,3,0.06,906.92,1,0,2,2,3,100.53,13,10,1,2,129.91,0.00,0.50,0.00,0,1.00,1,181.93,0,1,2,org.apache.jackrabbit.core.query.lucene.AbstractExcerpt,0.00,1,1,1,0,1,0,0,2,41,1
"org.apache.jackrabbit.core.query.lucene.DefaultHighlighter",5,0.04,8.60,187,2.95,658781.98,11,6,10,43,3,71.22,81,242,2,1,71.69,0.00,0.00,0.20,2,11.00,35,8864.25,0,4,1,java.lang.Object,0.00,38,0,43,0,38,1,0,22,1371,0
"org.apache.jackrabbit.core.query.lucene.DefaultHighlighter$FragmentInfo",7,0.23,1.43,37,0.28,5048.45,12,5,10,14,0,122.34,0,45,0,1,122.34,0.00,0.00,0.40,0,0.00,3,847.62,0,1,0,java.lang.Object,0.00,7,0,10,0,7,6,0,0,201,2
"org.apache.jackrabbit.core.query.lucene.DefaultHighlighter$FragmentInfoPositionSorter",2,0.00,2.00,9,0.10,3308.36,2,0,10,3,0,123.04,0,14,0,1,123.04,0.00,0.00,0.00,0,2.00,3,299.01,0,0,0,java.lang.Object,0.00,1,0,4,0,1,2,1,0,71,2
"org.apache.jackrabbit.core.query.lucene.DefaultHighlighter$FragmentInfoScoreSorter",2,0.00,2.50,9,0.13,6309.90,2,0,10,4,0,120.78,0,14,0,1,120.78,0.00,0.00,0.00,0,2.00,4,390.19,0,0,0,java.lang.Object,0.00,2,0,5,0,2,2,1,0,90,2
"org.apache.jackrabbit.core.query.lucene.DefaultHighlighter$TermVectorOffsetInfoSorter",2,0.00,2.00,9,0.10,3308.36,2,0,10,3,0,123.04,0,14,0,1,123.04,0.00,0.00,0.00,0,2.00,3,299.01,0,0,0,java.lang.Object,0.00,1,0,4,0,1,2,1,0,71,2
"org.apache.jackrabbit.core.query.lucene.DefaultXMLExcerpt",1,0.00,1.00,3,0.05,816.31,1,0,2,2,2,119.92,15,10,1,2,130.27,0.00,0.50,0.00,0,1.00,1,155.74,0,1,2,org.apache.jackrabbit.core.query.lucene.AbstractExcerpt,0.00,1,1,1,0,1,0,0,2,37,1
"org.apache.jackrabbit.core.query.lucene.DerefQuery",5,0.10,1.20,23,0.18,3234.06,10,5,17,8,3,82.24,56,30,3,2,126.37,0.00,0.50,0.12,0,8.00,2,554.76,0,3,0,org.apache.lucene.search.Query,0.00,3,1,6,0,3,2,0,16,139,0
"org.apache.jackrabbit.core.query.lucene.DerefQuery$DerefScorer",7,0.04,2.29,56,0.65,31934.02,11,4,17,30,1,76.09,43,66,0,2,108.31,0.00,0.50,0.29,1,7.00,10,1951.66,0,1,1,org.apache.lucene.search.Scorer,0.00,23,1,16,0,23,6,0,17,368,1
"org.apache.jackrabbit.core.query.lucene.DerefQuery$DerefScorer$HitCollector",1,0.00,1.00,3,0.02,168.11,1,0,17,1,0,135.68,0,4,0,1,135.68,0.00,0.00,0.00,0,0.00,1,63.51,0,0,0,java.lang.Object,0.00,0,0,1,0,0,1,0,0,19,0
"org.apache.jackrabbit.core.query.lucene.DerefQuery$DerefScorer$HitCollector_0",1,0.00,1.00,3,0.02,168.11,1,0,17,2,0,135.68,0,4,0,1,135.68,0.00,0.00,0.00,0,1.00,1,63.51,0,0,0,java.lang.Object,0.00,1,0,1,0,1,1,0,0,19,0
"org.apache.jackrabbit.core.query.lucene.DerefQuery$DerefWeight",7,1.00,1.14,18,0.18,3155.98,8,1,17,14,2,139.08,33,27,0,1,138.84,0.00,0.00,0.14,0,12.00,2,532.50,0,3,2,java.lang.Object,0.00,7,0,8,0,7,4,1,8,133,1
"org.apache.jackrabbit.core.query.lucene.DescendantSelfAxisQuery",6,0.04,1.17,28,0.24,5168.35,11,5,14,10,3,81.26,66,36,3,2,125.39,0.00,0.50,0.17,0,10.00,2,721.65,0,3,0,org.apache.lucene.search.Query,0.00,4,1,7,0,4,3,0,16,179,0
"org.apache.jackrabbit.core.query.lucene.DescendantSelfAxisQuery$DescendantSelfAxisScorer",8,0.19,2.50,56,0.56,18838.27,11,3,14,21,1,80.49,50,75,0,2,112.71,0.00,0.50,0.17,3,16.00,6,1667.95,0,1,1,org.apache.lucene.search.Scorer,0.00,13,1,20,0,13,7,0,19,356,1
"org.apache.jackrabbit.core.query.lucene.DescendantSelfAxisQuery$DescendantSelfAxisScorer$HitCollector",1,0.00,1.00,3,0.02,168.11,1,0,14,1,0,135.68,0,4,0,1,135.68,0.00,0.00,0.00,0,0.00,1,63.51,0,0,0,java.lang.Object,0.00,0,0,1,0,0,1,0,0,19,0
"org.apache.jackrabbit.core.query.lucene.DescendantSelfAxisQuery$DescendantSelfAxisWeight",7,1.00,1.00,18,0.16,2655.34,8,1,14,11,2,139.70,33,26,0,1,139.46,0.00,0.00,0.14,0,12.00,1,484.57,0,3,2,java.lang.Object,0.00,4,0,7,0,4,4,1,8,126,1
"org.apache.jackrabbit.core.query.lucene.DocId",5,0.00,1.00,12,0.09,1772.07,5,0,7,8,9,91.22,52,15,9,1,139.69,0.00,0.00,0.00,0,5.00,1,278.89,0,3,0,java.lang.Object,0.00,3,0,5,2,3,2,0,10,80,1
"org.apache.jackrabbit.core.query.lucene.DocId$DocId",3,0.00,1.00,7,0.04,292.26,3,0,7,3,1,126.24,15,10,0,1,144.11,0.00,0.00,0.00,0,3.00,1,112.49,0,1,1,java.lang.Object,0.00,0,0,3,0,0,2,0,3,35,0
"org.apache.jackrabbit.core.query.lucene.DocId$PlainDocId",5,0.25,1.00,12,0.08,833.20,6,1,7,7,1,142.51,22,18,0,2,142.27,0.00,0.50,0.80,0,0.00,1,253.72,0,2,1,org.apache.jackrabbit.core.query.lucene.DocId,0.20,2,1,5,0,2,3,0,6,74,3
"org.apache.jackrabbit.core.query.lucene.DocId$UUIDDocId",5,0.17,1.40,27,0.26,8453.12,8,3,7,13,2,77.14,36,39,0,2,119.43,0.00,0.50,0.20,0,7.00,3,767.74,0,2,2,org.apache.jackrabbit.core.query.lucene.DocId,0.20,8,1,7,0,8,3,0,8,168,3
"org.apache.jackrabbit.core.query.lucene.DocNumberCache",4,0.33,4.00,67,0.90,51655.45,12,8,3,22,5,73.25,57,82,5,1,93.39,0.00,0.00,0.38,0,0.00,6,2691.75,0,0,1,java.lang.Object,0.00,18,0,16,0,18,4,0,18,493,1
"org.apache.jackrabbit.core.query.lucene.DocNumberCache$Entry",1,2.00,1.00,6,0.04,467.31,3,2,3,1,1,88.73,6,8,0,1,120.95,0.00,0.00,0.00,0,1.00,1,121.08,0,0,1,java.lang.Object,0.00,0,0,1,0,0,1,0,2,35,3
"org.apache.jackrabbit.core.query.lucene.DocOrderNodeIteratorImpl",11,0.00,1.64,58,0.61,28504.74,15,4,12,32,7,100.06,60,75,1,1,117.93,0.00,0.00,0.25,2,0.00,7,1815.93,0,3,6,java.lang.Object,0.00,21,0,18,0,21,8,1,21,377,0
"org.apache.jackrabbit.core.query.lucene.DocOrderNodeIteratorImpl$Comparator",1,0.00,11.00,49,0.78,89284.90,1,0,12,12,2,48.27,14,59,0,1,68.41,0.00,0.00,0.00,0,0.00,11,2350.04,0,0,2,java.lang.Object,0.00,11,0,11,0,11,1,0,14,380,0
"org.apache.jackrabbit.core.query.lucene.DocOrderNodeIteratorImpl$SortFailedException",0,0.00,0.00,1,0.01,72.00,0,0,12,0,0,171.00,0,2,0,2,171.00,0.00,0.50,0.00,0,0.00,0,24.00,0,0,0,java.lang.RuntimeException,0.00,0,1,0,0,0,0,0,0,8,3
"org.apache.jackrabbit.core.query.lucene.DoubleField",3,0.25,2.67,30,0.44,23224.30,5,2,0,14,3,103.08,13,39,3,1,102.85,0.00,0.00,0.33,0,4.00,4,1306.56,0,1,0,java.lang.Object,0.00,11,0,8,0,11,2,0,9,257,1
"org.apache.jackrabbit.core.query.lucene.ExcerptProvider",2,1.00,1.00,4,0.05,612.72,3,1,4,3,6,102.63,25,6,4,1,140.19,0.00,0.00,0.00,0,2.00,1,153.19,0,1,3,,0.00,1,0,2,0,1,1,0,4,42,1
"org.apache.jackrabbit.core.query.lucene.FSDirectory",13,0.03,1.15,45,0.52,12060.85,18,5,9,33,2,97.58,79,76,2,2,129.80,0.00,0.50,0.23,0,0.00,2,1556.88,0,5,0,org.apache.lucene.store.Directory,0.00,20,1,15,0,20,8,0,20,363,0
"org.apache.jackrabbit.core.query.lucene.FSDirectory$Lock",4,0.00,1.75,15,0.08,858.09,4,0,9,7,0,134.71,0,22,0,1,134.71,0.00,0.00,0.00,0,0.00,2,243.32,0,1,0,java.lang.Object,0.00,3,0,7,0,3,3,0,0,68,0
"org.apache.jackrabbit.core.query.lucene.FieldNames",3,8.00,1.00,14,0.20,4233.74,11,8,0,5,31,141.87,56,18,31,1,123.74,0.00,0.00,0.00,0,3.00,1,601.67,0,1,0,java.lang.Object,0.00,2,0,3,0,2,2,0,12,135,1
"org.apache.jackrabbit.core.query.lucene.FileBasedNamespaceMappings",6,0.28,2.33,60,0.78,29735.28,11,5,21,33,9,66.84,77,84,1,2,104.40,0.00,0.50,0.43,2,0.00,4,2340.87,0,3,8,org.apache.jackrabbit.name.AbstractNamespaceResolver,0.00,27,1,14,0,27,3,1,20,461,1
"org.apache.jackrabbit.core.query.lucene.HierarchyResolver",1,0.00,1.00,2,0.01,57.11,1,0,1,1,6,116.56,13,3,6,1,145.94,0.00,0.00,0.00,0,1.00,1,32.46,0,0,0,,0.00,0,0,1,0,0,1,0,2,13,1
"org.apache.jackrabbit.core.query.lucene.HighlightingExcerptProvider",1,0.00,1.00,2,0.01,98.52,1,0,1,1,2,106.51,12,4,2,2,144.07,0.00,0.50,0.00,0,1.00,1,42.51,0,1,0,,0.00,0,1,1,0,0,0,0,2,15,1
"org.apache.jackrabbit.core.query.lucene.IndexInfos",12,0.22,1.50,69,0.70,22230.47,17,5,12,40,1,86.88,81,86,1,1,119.10,0.00,0.00,0.40,1,0.00,5,2111.09,0,3,0,java.lang.Object,0.00,28,0,18,0,28,9,0,20,448,0
"org.apache.jackrabbit.core.query.lucene.IndexListener",1,0.00,1.00,2,0.01,30.51,1,0,1,1,3,99.60,10,3,3,1,148.08,0.00,0.00,0.00,0,1.00,1,25.51,0,0,0,,0.00,0,0,1,0,0,1,0,2,11,1
"org.apache.jackrabbit.core.query.lucene.IndexMerger",9,0.14,4.00,158,2.15,141948.96,21,12,14,60,4,62.34,122,190,1,2,91.73,0.00,0.50,0.20,0,15.00,13,6451.01,0,0,4,java.lang.Thread,0.00,51,1,36,0,51,9,1,59,1081,0
"org.apache.jackrabbit.core.query.lucene.IndexMerger$Index",3,0.25,2.00,15,0.15,5434.41,5,2,14,4,0,71.01,24,20,0,1,119.11,0.00,0.00,0.67,0,1.00,4,449.18,0,1,0,java.lang.Object,0.00,1,0,6,0,1,2,1,5,108,3
"org.apache.jackrabbit.core.query.lucene.IndexMerger$IndexBucket",3,0.00,1.00,12,0.09,1247.41,6,3,14,3,0,77.92,28,16,0,2,127.92,0.00,0.50,0.33,0,5.00,1,270.94,0,0,0,java.util.ArrayList,0.00,0,1,3,0,0,3,0,6,75,3
"org.apache.jackrabbit.core.query.lucene.IndexMerger$Merge",1,1.00,1.00,5,0.05,1051.93,2,1,14,2,0,88.91,6,7,0,1,121.13,0.00,0.00,0.00,0,1.00,1,164.30,0,0,0,java.lang.Object,0.00,1,0,1,0,1,1,0,1,44,3
"org.apache.jackrabbit.core.query.lucene.IndexingConfiguration",7,1.00,1.00,9,0.07,387.65,8,1,5,7,9,107.27,69,10,4,1,157.27,0.00,0.00,0.00,0,7.00,1,211.61,0,2,5,,0.00,0,0,7,0,0,5,0,9,68,1
"org.apache.jackrabbit.core.query.lucene.IndexingConfigurationEntityResolver",1,0.00,3.00,9,0.10,2122.42,3,2,5,5,1,79.57,13,15,1,1,108.95,0.00,0.00,1.00,0,0.00,3,307.52,0,1,0,java.lang.Object,0.00,4,0,3,0,4,0,1,4,69,1
"org.apache.jackrabbit.core.query.lucene.IndexingConfigurationImpl",12,0.01,4.75,214,3.32,202658.85,20,8,41,87,29,47.32,138,264,1,1,91.45,0.00,0.00,0.14,3,64.00,16,9973.62,0,5,28,java.lang.Object,0.00,75,0,57,0,75,7,1,37,1650,1
"org.apache.jackrabbit.core.query.lucene.IndexingConfigurationImpl$IndexingRule",9,0.06,1.67,44,0.41,6656.16,13,4,41,20,6,77.73,79,63,0,1,125.83,0.00,0.00,0.19,0,42.00,3,1222.73,0,2,6,java.lang.Object,0.00,11,0,15,0,11,7,0,15,285,1
"org.apache.jackrabbit.core.query.lucene.IndexingConfigurationImpl$PathExpression",2,0.78,8.50,55,0.75,47245.27,11,9,41,16,6,40.38,14,75,0,1,82.68,0.00,0.00,0.50,0,2.00,16,2253.71,0,0,6,java.lang.Object,0.00,14,0,17,0,14,2,0,6,398,1
"org.apache.jackrabbit.core.query.lucene.IndexingConfigurationImpl$PathExpression$AbstractIteratorDecorator",1,0.00,2.00,6,0.08,1581.58,1,0,41,3,2,116.62,0,11,0,1,116.62,0.00,0.00,0.00,0,0.00,2,227.51,1,1,2,java.lang.Object,0.00,2,0,2,0,2,0,0,0,54,0
"org.apache.jackrabbit.core.query.lucene.IndexingConfigurationImpl$PathExpression$Iterator",3,0.50,1.67,15,0.12,3421.16,4,1,41,6,2,120.74,0,22,0,1,120.74,0.00,0.00,0.67,0,1.00,3,372.96,0,1,2,java.lang.Object,0.00,3,0,5,0,3,2,0,0,92,0
"org.apache.jackrabbit.core.query.lucene.IndexingConfigurationImpl$PropertyConfig",1,2.00,1.00,6,0.04,417.53,3,2,41,1,0,79.04,7,8,0,1,121.34,0.00,0.00,0.00,0,1.00,1,112.24,0,0,0,java.lang.Object,0.00,0,0,1,0,0,1,0,2,33,1
"org.apache.jackrabbit.core.query.lucene.IndexingQueue",6,0.33,2.50,56,0.70,20171.63,9,3,12,32,9,57.42,59,69,4,1,107.42,0.00,0.00,0.61,0,0.00,5,2101.93,0,3,6,java.lang.Object,0.00,26,0,15,0,26,3,0,14,420,0
"org.apache.jackrabbit.core.query.lucene.IndexingQueueStore",9,0.19,2.56,75,0.93,32574.97,17,8,14,43,5,60.60,90,107,2,1,109.07,0.00,0.00,0.29,3,2.00,7,2785.92,0,2,3,java.lang.Object,0.00,34,0,23,0,34,7,0,25,553,0
"org.apache.jackrabbit.core.query.lucene.JQOM2LuceneQueryBuilder",30,0.06,1.90,204,3.09,127053.90,41,11,66,115,54,133.88,111,296,2,1,113.26,0.00,0.00,0.03,0,174.00,9,9280.36,0,29,52,java.lang.Object,0.00,85,0,57,0,85,1,1,46,1727,1
"org.apache.jackrabbit.core.query.lucene.JQOM2LuceneQueryBuilder$DefaultTraversingQOMTreeVisitor",8,0.00,1.88,62,1.08,57724.69,8,0,66,30,15,108.95,4,96,0,1,108.95,0.00,0.00,0.00,1,14.00,3,3239.19,1,8,15,java.lang.Object,0.00,22,0,15,0,22,0,0,4,602,0
"org.apache.jackrabbit.core.query.lucene.JackrabbitAnalyzer",3,0.00,1.67,13,0.13,2601.73,5,2,4,6,3,75.29,27,19,2,2,125.29,0.00,0.50,0.50,0,1.00,3,381.66,0,1,1,org.apache.lucene.analysis.Analyzer,0.00,3,1,5,0,3,2,0,6,94,1
"org.apache.jackrabbit.core.query.lucene.JackrabbitTextExtractor",3,0.75,5.00,42,0.64,23896.59,7,4,17,27,7,138.64,87,63,1,1,97.16,0.00,0.00,0.75,0,0.00,9,1916.60,0,2,6,java.lang.Object,0.00,24,0,15,0,24,1,1,10,355,1
"org.apache.jackrabbit.core.query.lucene.LongField",3,1.00,2.67,28,0.37,21108.14,4,1,0,12,3,105.12,14,38,3,1,104.88,0.00,0.00,0.33,0,4.00,4,1112.35,0,1,0,java.lang.Object,0.00,9,0,8,0,9,2,0,13,226,1
"org.apache.jackrabbit.core.query.lucene.LuceneQueryBuilder",18,0.04,8.72,581,10.75,1539396.75,28,10,58,149,54,31.39,206,743,2,1,75.52,0.00,0.00,0.14,0,50.00,55,32237.26,0,17,52,java.lang.Object,0.00,131,0,157,0,131,1,1,128,4834,1
"org.apache.jackrabbit.core.query.lucene.LuceneQueryBuilder$DefaultQueryNodeVisitor",1,0.00,3.00,7,0.09,2263.54,1,0,58,3,2,112.81,0,9,0,1,112.81,0.00,0.00,0.00,0,1.00,3,260.17,0,1,2,java.lang.Object,0.00,2,0,3,0,2,0,0,0,59,0
"org.apache.jackrabbit.core.query.lucene.MatchAllQuery",4,1.00,1.25,11,0.09,1304.15,5,1,4,7,4,107.71,26,17,3,2,139.93,0.00,0.50,0.25,0,6.00,2,260.16,0,2,1,org.apache.lucene.search.Query,0.00,3,1,5,0,3,2,0,5,71,0
"org.apache.jackrabbit.core.query.lucene.MatchAllScorer",8,0.03,1.62,50,0.63,25092.18,13,5,12,31,4,72.04,58,74,2,2,114.33,0.00,0.50,0.22,3,24.00,5,1880.22,0,1,2,org.apache.lucene.search.Scorer,0.00,23,1,13,0,23,7,0,19,377,0
"org.apache.jackrabbit.core.query.lucene.MatchAllWeight",7,0.03,1.00,25,0.23,3450.88,12,5,7,14,3,89.71,49,34,1,2,132.00,0.00,0.50,0.23,0,24.00,1,685.25,0,3,2,org.apache.jackrabbit.core.query.lucene.AbstractWeight,0.00,7,1,7,0,7,4,0,18,174,0
"org.apache.jackrabbit.core.query.lucene.MoreLikeThis",36,0.00,2.08,275,3.58,174001.91,58,22,30,98,2,72.73,432,344,2,1,110.29,0.00,0.00,0.05,6,578.00,9,10741.84,0,14,0,java.lang.Object,0.00,62,0,75,0,62,22,0,84,1996,2
"org.apache.jackrabbit.core.query.lucene.MoreLikeThis$FreqQ",2,0.00,1.00,9,0.10,2686.20,2,0,30,4,0,123.91,0,12,0,2,123.91,0.00,0.50,0.00,0,2.00,1,293.69,0,0,0,org.apache.lucene.util.PriorityQueue,0.00,2,1,2,0,2,2,0,0,73,2
"org.apache.jackrabbit.core.query.lucene.MoreLikeThis$Int",1,0.00,1.00,4,0.02,114.30,2,1,30,1,0,132.34,0,6,0,1,132.34,0.00,0.00,1.00,0,0.00,1,49.65,0,0,0,java.lang.Object,0.00,0,0,1,0,0,1,0,0,17,2
"org.apache.jackrabbit.core.query.lucene.MultiIndex",33,0.08,3.30,455,5.78,227535.47,58,25,28,177,35,69.56,445,572,14,1,98.95,0.00,0.00,0.12,13,383.00,9,17330.39,0,9,25,java.lang.Object,0.00,144,0,109,0,144,24,0,142,3102,1
"org.apache.jackrabbit.core.query.lucene.MultiIndex$Action",7,0.04,2.71,66,0.97,59485.37,27,20,28,21,1,93.88,107,78,0,1,104.23,0.00,0.00,0.01,0,17.00,13,2900.18,0,2,1,java.lang.Object,0.00,14,0,19,0,14,5,0,28,527,3
"org.apache.jackrabbit.core.query.lucene.MultiIndex$AddIndex",4,0.67,1.25,20,0.21,4388.10,5,1,28,15,2,78.64,29,26,0,2,120.93,0.00,0.50,0.50,0,4.00,2,639.20,0,2,2,org.apache.jackrabbit.core.query.lucene.Action,0.00,11,1,5,0,11,2,0,6,153,2
"org.apache.jackrabbit.core.query.lucene.MultiIndex$AddNode",5,0.08,1.80,29,0.37,8287.70,8,3,28,21,5,71.33,42,43,0,2,119.44,0.00,0.50,0.27,0,7.00,4,1111.76,0,2,5,org.apache.jackrabbit.core.query.lucene.Action,0.00,16,1,9,0,16,3,0,10,248,2
"org.apache.jackrabbit.core.query.lucene.MultiIndex$Commit",4,0.00,1.00,9,0.09,930.52,4,0,28,8,1,123.26,21,14,0,2,141.13,0.00,0.50,0.00,0,4.00,1,258.76,0,2,1,org.apache.jackrabbit.core.query.lucene.Action,0.00,4,1,4,0,4,2,0,4,72,2
"org.apache.jackrabbit.core.query.lucene.MultiIndex$CreateIndex",6,0.10,1.17,27,0.26,4557.45,8,2,28,17,2,83.53,45,35,0,2,125.82,0.00,0.50,0.42,0,0.00,2,770.13,0,3,2,org.apache.jackrabbit.core.query.lucene.Action,0.00,11,1,7,0,11,3,0,10,189,2
"org.apache.jackrabbit.core.query.lucene.MultiIndex$DeleteIndex",4,0.67,1.50,25,0.23,4873.40,5,1,28,15,2,75.29,28,29,0,2,117.58,0.00,0.50,0.50,0,4.00,3,700.25,0,2,2,org.apache.jackrabbit.core.query.lucene.Action,0.00,11,1,6,0,11,2,0,6,164,2
"org.apache.jackrabbit.core.query.lucene.MultiIndex$DeleteNode",4,0.17,2.50,35,0.48,16216.86,6,2,28,24,6,58.69,36,46,0,2,108.69,0.00,0.50,0.38,0,4.00,6,1430.59,0,2,6,org.apache.jackrabbit.core.query.lucene.Action,0.00,20,1,10,0,20,2,0,12,288,2
"org.apache.jackrabbit.core.query.lucene.MultiIndex$Start",4,0.00,1.00,9,0.08,897.29,4,0,28,7,1,123.39,21,14,0,2,141.26,0.00,0.50,0.00,0,4.00,1,249.35,0,2,1,org.apache.jackrabbit.core.query.lucene.Action,0.00,3,1,4,0,3,2,0,4,70,2
"org.apache.jackrabbit.core.query.lucene.MultiIndex$Timer.Task",1,0.00,1.00,4,0.02,97.02,1,0,28,3,0,172.78,2,5,0,1,132.90,0.00,0.00,0.00,0,1.00,1,48.51,0,0,0,java.lang.Object,0.00,2,0,1,0,2,1,0,2,17,0
"org.apache.jackrabbit.core.query.lucene.MultiIndex$VolatileCommit",4,0.67,1.00,20,0.19,3584.11,5,1,28,14,3,89.46,24,25,0,2,121.68,0.00,0.50,0.50,0,4.00,1,581.57,0,2,3,org.apache.jackrabbit.core.query.lucene.Action,0.00,10,1,4,0,10,2,0,5,142,2
"org.apache.jackrabbit.core.query.lucene.MultiIndexReader",1,0.00,1.00,2,0.01,43.02,1,0,1,1,4,98.80,8,3,4,1,146.91,0.00,0.00,0.00,0,1.00,1,23.51,0,1,0,,0.00,0,0,1,0,0,0,0,2,10,1
"org.apache.jackrabbit.core.query.lucene.MultiScorer",7,0.38,2.29,48,0.47,24819.45,11,4,4,12,1,65.72,56,63,1,2,113.83,0.00,0.50,0.57,1,0.00,5,1422.49,0,1,0,org.apache.lucene.search.Scorer,0.00,5,1,16,0,5,6,0,21,316,0
"org.apache.jackrabbit.core.query.lucene.NSRegistryBasedNamespaceMappings",4,0.67,1.50,16,0.19,4354.21,5,1,9,12,10,92.31,25,29,1,2,124.53,0.00,0.50,0.50,0,4.00,2,560.10,0,3,9,org.apache.jackrabbit.name.AbstractNamespaceResolver,0.00,8,1,6,0,8,1,1,10,129,1
"org.apache.jackrabbit.core.query.lucene.NamespaceMappings",1,0.00,1.00,2,0.02,125.91,1,0,3,1,12,113.85,13,5,9,2,143.23,0.00,0.50,0.00,0,1.00,1,57.02,0,1,3,,0.00,0,1,1,0,0,0,0,2,18,1
"org.apache.jackrabbit.core.query.lucene.NodeIndexer",27,0.02,2.96,221,3.52,161752.58,35,8,29,96,23,58.84,274,338,1,1,107.32,0.00,0.00,0.14,17,253.00,21,10547.56,0,6,22,java.lang.Object,0.00,69,0,80,0,69,21,0,62,1939,1
"org.apache.jackrabbit.core.query.lucene.NodeIteratorImpl",11,0.08,1.64,51,0.49,13161.47,17,6,7,20,5,81.90,80,73,1,1,124.19,0.00,0.00,0.24,3,22.00,4,1461.15,0,3,4,java.lang.Object,0.00,9,0,18,0,9,8,1,21,329,0
"org.apache.jackrabbit.core.query.lucene.NotQuery",5,0.38,1.20,19,0.14,2558.77,7,2,9,9,4,89.54,35,26,4,2,131.83,0.00,0.50,0.20,0,7.00,2,417.85,0,3,0,org.apache.lucene.search.Query,0.00,4,1,6,0,4,2,0,10,110,0
"org.apache.jackrabbit.core.query.lucene.NotQuery$NotQueryScorer",6,0.00,2.00,35,0.32,15909.81,9,3,9,10,0,99.94,31,48,0,2,117.81,0.00,0.50,0.33,1,6.00,5,969.11,0,1,0,org.apache.lucene.search.Scorer,0.00,4,1,12,0,4,5,0,12,221,1
"org.apache.jackrabbit.core.query.lucene.NotQuery$NotQueryWeight",7,1.00,1.00,16,0.12,1428.89,8,1,9,10,1,162.20,25,24,0,1,141.58,0.00,0.00,0.14,0,12.00,1,362.03,0,3,1,java.lang.Object,0.00,3,0,7,0,3,4,1,8,101,1
"org.apache.jackrabbit.core.query.lucene.OffsetCharSequence",8,0.14,2.00,53,0.53,17562.25,11,3,0,21,6,83.28,53,61,5,1,115.50,0.00,0.00,0.46,2,2.00,4,1586.48,0,2,1,java.lang.Object,0.00,13,0,16,0,13,6,3,14,356,1
"org.apache.jackrabbit.core.query.lucene.ParentAxisQuery",5,0.12,1.20,22,0.19,3648.57,9,4,15,10,3,77.48,50,29,3,2,125.95,0.00,0.50,0.15,0,7.00,2,559.42,0,3,0,org.apache.lucene.search.Query,0.00,5,1,6,0,5,2,0,14,137,0
"org.apache.jackrabbit.core.query.lucene.ParentAxisQuery$ParentAxisScorer",7,0.07,1.86,44,0.47,17331.60,12,5,15,21,2,82.88,45,57,0,2,115.11,0.00,0.50,0.26,1,0.00,6,1423.96,0,1,2,org.apache.lucene.search.Scorer,0.00,14,1,13,0,14,6,0,12,299,1
"org.apache.jackrabbit.core.query.lucene.ParentAxisQuery$ParentAxisScorer$HitCollector",1,0.00,4.00,9,0.11,2980.29,1,0,15,3,0,107.73,0,14,0,1,107.73,0.00,0.00,0.00,0,0.00,4,338.69,0,0,0,java.lang.Object,0.00,2,0,4,0,2,1,0,0,69,0
"org.apache.jackrabbit.core.query.lucene.ParentAxisQuery$ParentAxisWeight",7,1.00,1.00,17,0.14,2035.48,8,1,15,11,2,140.61,33,25,0,1,140.37,0.00,0.00,0.14,0,12.00,1,424.65,0,3,2,java.lang.Object,0.00,4,0,7,0,4,4,1,8,114,1
"org.apache.jackrabbit.core.query.lucene.PerQueryCache",5,0.12,1.20,17,0.15,3040.34,7,2,2,13,5,83.13,43,24,5,1,131.24,0.00,0.00,0.40,0,9.00,2,460.92,0,3,0,java.lang.Object,0.00,8,0,6,0,8,2,0,9,121,0
"org.apache.jackrabbit.core.query.lucene.PerQueryCache$Key",3,0.25,1.33,13,0.12,2678.31,5,2,2,6,0,93.02,18,18,0,1,125.24,0.00,0.00,0.67,0,1.00,2,353.55,0,0,0,java.lang.Object,0.00,3,0,4,0,3,3,0,5,92,3
"org.apache.jackrabbit.core.query.lucene.PersistentIndex",10,0.06,1.70,68,0.77,23736.45,16,6,11,32,13,65.27,90,94,7,2,115.27,0.00,0.50,0.12,1,38.00,5,2323.28,5,1,6,org.apache.jackrabbit.core.query.lucene.AbstractIndex,0.00,22,1,17,0,22,9,0,23,472,0
"org.apache.jackrabbit.core.query.lucene.PooledTextExtractor",4,0.08,1.50,31,0.30,6881.47,8,4,10,17,4,63.90,39,45,1,1,113.90,0.00,0.00,0.31,0,2.00,2,907.33,0,2,3,java.lang.Object,0.00,13,0,6,0,13,2,1,9,200,1
"org.apache.jackrabbit.core.query.lucene.PooledTextExtractor$PooledExecutor.BlockedExecutionHandler",1,0.00,1.00,5,0.04,496.72,1,0,10,3,0,173.70,1,7,0,1,123.70,0.00,0.00,0.00,0,0.00,1,128.10,0,0,0,java.lang.Object,0.00,2,0,1,0,2,1,0,1,33,0
"org.apache.jackrabbit.core.query.lucene.PreparedQueryImpl",5,0.00,1.80,37,0.54,17213.70,8,3,19,25,15,67.36,59,56,1,2,111.49,0.00,0.50,0.33,1,6.00,3,1606.60,0,1,15,org.apache.jackrabbit.core.query.lucene.AbstractQueryImpl,0.22,20,1,9,0,20,4,1,15,308,1
"org.apache.jackrabbit.core.query.lucene.PreparedQueryImpl$DefaultTraversingQOMTreeVisitor",1,0.00,1.00,4,0.03,341.81,1,0,19,3,1,128.59,0,5,0,1,128.59,0.00,0.00,0.00,0,1.00,1,87.95,0,1,1,java.lang.Object,0.00,2,0,1,0,2,0,0,0,25,0
"org.apache.jackrabbit.core.query.lucene.QueryHits",6,0.07,1.00,19,0.16,2468.42,9,3,4,13,3,84.51,50,26,2,1,132.62,0.00,0.00,0.28,0,14.00,1,488.03,0,1,1,java.lang.Object,0.00,7,0,6,0,7,5,0,10,132,1
"org.apache.jackrabbit.core.query.lucene.QueryImpl",5,0.00,3.00,66,1.10,51339.12,8,3,26,51,21,60.04,61,89,1,2,97.61,0.00,0.50,0.33,1,6.00,7,3314.36,0,3,21,org.apache.jackrabbit.core.query.lucene.AbstractQueryImpl,0.22,46,1,15,0,46,2,0,17,587,1
"org.apache.jackrabbit.core.query.lucene.QueryImpl$DefaultQueryNodeVisitor",2,0.00,1.00,6,0.05,743.60,2,0,26,4,2,132.96,0,8,0,1,132.96,0.00,0.00,0.00,0,2.00,1,154.91,0,2,2,java.lang.Object,0.00,2,0,2,0,2,0,0,0,42,0
"org.apache.jackrabbit.core.query.lucene.QueryResultImpl",8,0.15,3.00,93,1.22,56286.25,25,17,21,33,20,91.25,125,129,3,1,101.60,0.00,0.00,0.19,2,26.00,11,3663.95,0,5,17,java.lang.Object,0.00,25,0,24,0,25,3,1,35,663,1
"org.apache.jackrabbit.core.query.lucene.QueryResultImpl$LazyScoreNodeIterator",11,0.10,2.36,76,0.72,28518.60,14,3,21,20,3,115.13,46,107,0,1,114.89,0.00,0.00,0.24,3,47.00,7,2170.63,0,3,3,java.lang.Object,0.00,9,0,26,0,9,8,1,19,448,2
"org.apache.jackrabbit.core.query.lucene.RangeQuery",8,0.10,2.62,56,0.70,25444.63,14,6,21,24,4,63.20,86,75,3,2,111.67,0.00,0.50,0.25,1,16.00,7,2088.18,0,4,1,org.apache.lucene.search.Query,0.00,16,1,21,0,16,4,1,23,435,1
"org.apache.jackrabbit.core.query.lucene.RangeQuery$RangeQueryScorer",8,0.14,3.38,111,1.59,133933.22,14,6,21,49,3,45.91,74,138,0,2,95.91,0.00,0.50,0.29,2,4.00,15,4756.16,0,1,3,org.apache.lucene.search.Scorer,0.00,41,1,27,0,41,7,0,32,808,2
"org.apache.jackrabbit.core.query.lucene.RangeQuery$RangeQueryWeight",7,0.00,1.00,14,0.09,890.16,7,0,21,10,2,143.44,29,22,0,2,143.20,0.00,0.50,0.00,0,12.00,1,282.90,0,3,2,org.apache.jackrabbit.core.query.lucene.AbstractWeight,0.00,3,1,7,0,3,4,0,7,85,1
"org.apache.jackrabbit.core.query.lucene.RangeScan",4,0.17,1.25,15,0.12,1762.46,6,2,4,7,2,172.22,9,21,2,2,132.33,0.00,0.50,0.38,0,4.00,2,351.15,0,0,0,org.apache.lucene.search.FilteredTermEnum,0.00,3,1,5,0,3,4,0,2,90,0
"org.apache.jackrabbit.core.query.lucene.ReadOnlyIndexReader",13,0.29,1.08,37,0.31,4752.49,15,2,6,24,9,97.28,99,54,6,2,139.57,0.00,0.50,0.23,1,51.00,2,943.42,2,3,3,org.apache.lucene.index.FilterIndexReader,0.00,11,1,14,0,11,10,0,23,249,0
"org.apache.jackrabbit.core.query.lucene.ReadOnlyIndexReader$FilteredTermDocs",4,0.00,1.75,22,0.20,6124.40,4,0,6,4,0,140.33,14,27,0,2,119.72,0.00,0.50,0.00,0,4.00,2,600.32,2,0,0,FilterTermDocs,0.00,0,1,7,0,0,4,0,4,142,1
"org.apache.jackrabbit.core.query.lucene.ReadOnlyIndexReader$FilteredTermPositions",5,0.00,1.00,11,0.10,1357.37,5,0,6,9,0,161.22,17,18,0,2,140.61,0.00,0.50,0.00,0,5.00,1,314.15,0,0,0,org.apache.jackrabbit.core.query.lucene.FilteredTermDocs,0.00,4,1,5,0,4,5,1,5,89,2
"org.apache.jackrabbit.core.query.lucene.Recovery",3,0.12,6.33,72,1.05,128147.91,7,4,7,25,3,100.76,55,79,2,1,82.63,0.00,0.00,0.33,0,5.00,16,3156.07,0,0,2,java.lang.Object,0.00,22,0,19,0,22,3,0,23,546,0
"org.apache.jackrabbit.core.query.lucene.RedoLog",9,0.09,1.89,52,0.52,11883.14,13,4,15,33,2,70.21,81,74,2,1,120.21,0.00,0.00,0.33,2,6.00,5,1555.83,0,1,0,java.lang.Object,0.00,24,0,17,0,24,8,0,19,339,0
"org.apache.jackrabbit.core.query.lucene.RedoLog$ActionCollector",1,0.00,1.00,3,0.02,141.06,1,0,15,1,0,136.28,0,4,0,1,136.28,0.00,0.00,0.00,0,0.00,1,51.02,0,0,0,java.lang.Object,0.00,0,0,1,0,0,1,0,0,16,0
"org.apache.jackrabbit.core.query.lucene.RedoLog$ActionCollector_0",1,0.00,1.00,3,0.02,165.64,1,0,15,2,0,135.73,0,4,0,1,135.73,0.00,0.00,0.00,0,1.00,1,61.77,0,0,0,java.lang.Object,0.00,1,0,1,0,1,1,0,0,19,0
"org.apache.jackrabbit.core.query.lucene.RedoLog$ActionCollector_1",1,0.00,1.00,2,0.01,42.34,1,0,15,1,0,196.96,1,3,0,1,146.96,0.00,0.00,0.00,0,1.00,1,30.34,0,0,0,,0.00,0,0,1,0,0,1,0,1,12,0
"org.apache.jackrabbit.core.query.lucene.RowIteratorImpl",9,0.07,1.00,30,0.30,4993.47,16,7,27,19,16,83.12,97,43,2,1,131.59,0.00,0.00,0.08,1,4.00,1,892.94,0,2,14,java.lang.Object,0.00,10,0,9,0,10,7,1,19,217,0
"org.apache.jackrabbit.core.query.lucene.RowIteratorImpl$RowImpl",9,0.03,4.00,114,1.53,66688.43,13,4,27,52,12,49.95,87,154,0,1,99.95,0.00,0.00,0.22,4,29.00,11,4598.96,0,6,12,java.lang.Object,0.00,43,0,36,0,43,3,1,23,838,0
"org.apache.jackrabbit.core.query.lucene.ScoreNode",3,0.25,1.00,10,0.06,554.14,5,2,1,3,6,93.06,22,14,5,1,135.35,0.00,0.00,0.33,0,5.00,1,166.88,0,1,1,java.lang.Object,0.00,0,0,3,0,0,2,0,6,51,1
"org.apache.jackrabbit.core.query.lucene.ScoreNodeIterator",2,0.00,1.00,3,0.01,52.19,2,0,2,2,8,111.37,21,4,7,2,159.84,0.00,0.50,0.00,0,2.00,1,34.09,0,1,1,,0.00,0,1,2,0,0,1,0,3,15,1
"org.apache.jackrabbit.core.query.lucene.SearchIndex",77,0.01,1.79,434,5.14,190520.07,119,42,53,190,50,75.78,580,631,11,2,118.07,0.00,0.50,0.03,7,4301.00,11,15425.13,1,24,44,org.apache.jackrabbit.core.query.AbstractQueryHandler,0.02,113,1,138,0,113,53,0,134,2937,1
"org.apache.jackrabbit.core.query.lucene.SearchIndex$AbstractIteratorDecorator",1,0.00,1.00,5,0.04,571.22,1,0,53,3,1,123.22,0,6,0,1,123.22,0.00,0.00,0.00,0,1.00,1,117.10,1,1,1,java.lang.Object,0.00,2,0,1,0,2,0,0,0,32,0
"org.apache.jackrabbit.core.query.lucene.SearchIndex$AbstractIteratorDecorator_0",1,0.00,3.00,13,0.16,4453.21,1,0,53,6,1,100.46,0,18,0,1,100.46,0.00,0.00,0.00,0,0.00,3,466.56,1,1,1,java.lang.Object,0.00,5,0,3,0,5,0,0,0,93,0
"org.apache.jackrabbit.core.query.lucene.SearchIndex$AbstractIteratorDecorator_1",1,0.00,1.00,3,0.03,277.72,1,0,53,2,1,133.96,0,5,0,1,133.96,0.00,0.00,0.00,0,1.00,1,91.81,1,1,1,java.lang.Object,0.00,1,0,1,0,1,0,0,0,28,0
"org.apache.jackrabbit.core.query.lucene.SearchIndex$AbstractIteratorDecorator_2",1,0.00,2.00,7,0.09,1608.33,1,0,53,4,1,114.07,0,11,0,1,114.07,0.00,0.00,0.00,0,0.00,2,268.02,1,1,1,java.lang.Object,0.00,3,0,2,0,3,0,0,0,61,0
"org.apache.jackrabbit.core.query.lucene.SearchIndex$CombinedIndexReader",6,0.30,2.17,52,0.54,31252.30,8,2,53,13,4,108.10,25,61,0,2,107.87,0.00,0.50,0.75,1,0.00,5,1628.86,0,1,4,org.apache.lucene.index.MultiReader,0.00,7,1,13,0,7,5,2,11,354,3
"org.apache.jackrabbit.core.query.lucene.SharedFieldCache",4,0.33,4.00,58,0.88,71862.66,6,2,11,35,3,56.86,51,86,2,1,94.43,0.00,0.00,0.25,2,4.00,11,2626.72,0,3,1,java.lang.Object,0.00,31,0,16,0,31,1,0,14,466,0
"org.apache.jackrabbit.core.query.lucene.SharedFieldCache$Key",3,0.50,1.33,15,0.16,3616.70,6,3,11,7,0,141.21,10,22,0,1,120.60,0.00,0.00,0.67,0,1.00,2,469.53,0,0,0,java.lang.Object,0.00,4,0,4,0,4,3,0,3,120,1
"org.apache.jackrabbit.core.query.lucene.SharedFieldCache$StringIndex",1,2.00,1.00,6,0.05,894.86,3,2,11,1,0,68.73,9,8,0,1,118.73,0.00,0.00,0.00,0,1.00,1,144.60,0,0,0,java.lang.Object,0.00,0,0,1,0,0,1,0,3,41,2
"org.apache.jackrabbit.core.query.lucene.SharedFieldSortComparator",5,0.25,1.60,37,0.44,18059.86,8,3,9,16,5,67.22,58,42,2,2,111.35,0.00,0.50,0.13,1,8.00,3,1327.72,0,2,3,org.apache.lucene.search.SortComparator,0.00,11,1,8,0,11,3,0,9,270,1
"org.apache.jackrabbit.core.query.lucene.SharedFieldSortComparator$ScoreDocComparator",4,0.00,3.00,33,0.39,25677.50,4,0,9,6,0,127.69,15,41,0,1,107.08,0.00,0.00,0.00,1,6.00,5,1184.57,0,1,0,java.lang.Object,0.00,2,0,12,0,2,3,0,3,248,0
"org.apache.jackrabbit.core.query.lucene.SharedIndexReader",7,0.17,1.29,22,0.19,2746.49,9,2,7,13,4,82.72,65,32,2,2,132.72,0.00,0.50,0.36,1,10.00,2,579.12,1,3,2,org.apache.lucene.index.FilterIndexReader,0.00,6,1,9,0,6,4,0,10,149,0
"org.apache.jackrabbit.core.query.lucene.SimilarityQuery",3,0.00,1.67,23,0.27,8921.69,5,2,7,15,3,94.13,17,31,1,2,112.01,0.00,0.50,0.50,0,1.00,3,816.33,0,2,2,org.apache.lucene.search.Query,0.00,12,1,5,0,12,1,0,6,167,1
"org.apache.jackrabbit.core.query.lucene.SimpleExcerptProvider",2,0.00,4.00,32,0.47,28915.87,3,1,12,16,11,44.90,17,38,1,1,93.01,0.00,0.00,1.00,0,0.00,7,1399.55,0,1,10,java.lang.Object,0.00,14,0,8,0,14,1,1,5,239,1
"org.apache.jackrabbit.core.query.lucene.SingleTermDocs",9,0.31,1.11,27,0.19,3693.09,11,2,4,10,2,132.84,39,38,2,1,132.60,0.00,0.00,0.22,0,22.00,2,567.23,0,0,0,java.lang.Object,0.00,1,0,10,0,1,9,1,12,152,0
"org.apache.jackrabbit.core.query.lucene.SynonymProvider",1,0.00,1.00,2,0.01,71.89,1,0,0,1,3,107.59,12,3,3,1,145.15,0.00,0.00,0.00,0,1.00,1,30.46,0,1,0,,0.00,0,0,1,0,0,0,0,2,12,1
"org.apache.jackrabbit.core.query.lucene.TextExtractorFilter",3,0.50,2.67,30,0.34,12444.35,4,1,10,13,7,84.84,42,40,1,1,104.98,0.00,0.00,0.67,0,1.00,4,1029.26,0,1,6,java.lang.Object,0.00,10,0,8,1,10,2,1,6,200,1
"org.apache.jackrabbit.core.query.lucene.TextExtractorJob",6,0.07,3.33,61,0.71,29669.95,12,6,17,29,4,66.77,76,96,2,2,104.33,0.00,0.50,0.22,0,18.00,10,2127.02,0,3,2,EDU.oswego.cs.dl.util.concurrent.FutureResult,0.00,23,1,20,0,23,3,1,27,415,1
"org.apache.jackrabbit.core.query.lucene.TextExtractorJob$Callable",1,0.00,4.00,10,0.08,1945.76,1,0,17,3,0,157.48,1,13,0,1,107.48,0.00,0.00,0.00,0,0.00,4,247.72,0,1,0,java.lang.Object,0.00,2,0,4,0,2,0,0,1,55,0
"org.apache.jackrabbit.core.query.lucene.TextExtractorJob$InputStreamReader",1,0.00,2.00,5,0.04,525.58,1,0,17,3,0,173.34,1,7,0,1,123.34,0.00,0.00,0.00,0,1.00,2,113.18,1,0,0,java.lang.Object,0.00,2,0,2,0,2,1,0,1,31,0
"org.apache.jackrabbit.core.query.lucene.TextExtractorReader",4,0.44,3.25,39,0.40,12256.45,10,6,5,12,3,87.54,56,55,2,2,107.68,0.00,0.50,0.50,0,0.00,5,1194.04,0,0,1,java.io.Reader,0.00,8,1,13,0,8,4,0,21,251,0
"org.apache.jackrabbit.core.query.lucene.TextFilterExtractor",4,0.33,1.50,25,0.29,8950.96,6,2,13,13,8,67.02,43,34,1,1,115.50,0.00,0.00,0.25,0,8.00,3,877.28,0,2,7,java.lang.Object,0.00,9,0,6,0,9,2,1,7,179,1
"org.apache.jackrabbit.core.query.lucene.TextFilterExtractor$FilterReader",1,0.00,1.00,4,0.03,280.89,1,0,13,3,0,129.26,0,5,0,1,129.26,0.00,0.00,0.00,0,1.00,1,92.10,1,0,0,java.lang.Object,0.00,2,0,1,0,2,1,0,0,27,0
"org.apache.jackrabbit.core.query.lucene.TextPlainTextFilter",1,0.00,1.00,3,0.02,106.02,1,0,1,2,2,87.25,9,5,0,2,137.25,0.00,0.50,0.00,0,1.00,1,45.51,0,0,2,org.apache.jackrabbit.core.query.lucene.TextExtractorFilter,0.00,1,1,1,0,1,1,0,2,16,1
"org.apache.jackrabbit.core.query.lucene.TransformConstants",0,0.00,0.00,4,0.04,478.59,3,3,0,0,6,171.00,12,5,6,1,171.00,0.00,0.00,0.00,0,0.00,0,109.39,0,0,0,,0.00,0,0,0,0,0,0,0,4,28,1
"org.apache.jackrabbit.core.query.lucene.Transformable",1,0.00,1.00,2,0.01,60.50,1,0,0,1,3,116.36,13,3,3,2,145.74,0.00,0.50,0.00,0,1.00,1,35.16,0,0,0,,0.00,0,1,1,0,0,1,0,2,13,1
"org.apache.jackrabbit.core.query.lucene.Util",2,1.00,4.00,23,0.24,6754.73,3,1,6,9,5,55.57,20,27,4,1,104.05,0.00,0.00,0.50,0,2.00,4,726.32,0,0,1,java.lang.Object,0.00,7,0,8,0,7,2,0,4,152,1
"org.apache.jackrabbit.core.query.lucene.VolatileIndex",8,0.04,1.50,43,0.40,7554.43,12,4,9,19,6,73.30,67,53,2,2,121.41,0.00,0.50,0.22,1,16.00,3,1214.89,4,1,4,org.apache.jackrabbit.core.query.lucene.AbstractIndex,0.14,11,1,12,0,11,7,0,15,275,0
"org.apache.jackrabbit.core.query.lucene.WildcardQuery",7,0.06,1.29,32,0.32,6114.84,13,6,20,15,4,81.19,80,43,3,2,125.32,0.00,0.50,0.12,0,18.00,2,961.75,0,3,1,org.apache.lucene.search.Query,0.00,8,1,9,0,8,4,1,17,226,1
"org.apache.jackrabbit.core.query.lucene.WildcardQuery$Term",1,0.00,1.00,3,0.03,347.00,1,0,20,2,1,133.20,0,4,0,1,133.20,0.00,0.00,0.00,0,0.00,1,101.66,0,1,1,java.lang.Object,0.00,1,0,1,0,1,0,0,0,27,0
"org.apache.jackrabbit.core.query.lucene.WildcardQuery$WildcardQueryScorer",7,0.19,1.86,54,0.57,16150.48,13,6,20,25,2,80.63,47,72,0,2,112.85,0.00,0.50,0.33,1,0.00,5,1719.12,0,1,2,org.apache.lucene.search.Scorer,0.00,18,1,13,0,18,6,0,16,349,2
"org.apache.jackrabbit.core.query.lucene.WildcardQuery$WildcardQueryWeight",7,0.00,1.00,14,0.09,897.38,7,0,20,10,2,143.41,29,22,0,2,143.17,0.00,0.50,0.00,0,12.00,1,281.24,0,3,2,org.apache.jackrabbit.core.query.lucene.AbstractWeight,0.00,3,1,7,0,3,4,0,7,84,1
"org.apache.jackrabbit.core.query.lucene.WildcardTermEnum",5,0.17,3.80,71,0.86,52820.28,11,6,12,28,5,58.69,62,95,2,2,96.25,0.00,0.50,0.30,0,6.00,9,2580.15,0,1,3,org.apache.lucene.search.FilteredTermEnum,0.00,23,1,19,0,23,4,1,19,486,0
"org.apache.jackrabbit.core.query.lucene.WildcardTermEnum$LowerUpperCaseTermEnum",6,0.13,2.67,66,1.14,106375.86,9,3,12,42,3,80.60,34,86,0,2,98.47,0.00,0.50,0.44,1,0.00,9,3416.52,0,1,3,org.apache.lucene.index.TermEnum,0.00,36,1,16,0,36,5,0,17,565,1
"org.apache.jackrabbit.core.query.lucene.WorkspaceTraversalResult",5,0.00,1.40,27,0.26,7587.52,8,3,17,10,8,71.69,44,34,1,1,119.80,0.00,0.00,0.33,1,10.00,3,788.03,0,4,7,java.lang.Object,0.00,5,0,7,0,5,1,1,11,180,1
"org.apache.jackrabbit.core.query.lucene.WorkspaceTraversalResult$Offset_0",1,0.00,1.00,4,0.02,242.00,1,0,17,2,0,87.48,7,6,0,1,129.77,0.00,0.00,0.00,0,1.00,1,47.00,0,0,0,,0.00,1,0,1,0,1,1,0,2,17,0
"org.apache.jackrabbit.core.query.lucene.WorkspaceTraversalResult$Offset_0$Offset_1",1,0.00,1.00,3,0.01,72.00,1,0,17,1,0,138.58,0,4,0,1,138.58,0.00,0.00,0.00,0,1.00,1,32.00,0,0,0,java.lang.Object,0.00,0,0,1,0,0,1,0,0,12,0
"org.apache.jackrabbit.core.query.lucene.WorkspaceTraversalResult$TraversingNodeIterator",12,0.07,1.42,50,0.38,7397.97,16,4,17,25,2,126.73,59,68,0,1,126.49,0.00,0.00,0.19,6,38.00,4,1150.80,0,3,2,java.lang.Object,0.00,13,0,17,0,13,9,2,18,275,1
"org.apache.jackrabbit.core.query.lucene.WorkspaceTraversalResult$TraversingNodeIterator$Offset",1,0.00,1.00,3,0.02,268.87,1,0,17,2,0,134.07,0,4,0,1,134.07,0.00,0.00,0.00,0,1.00,1,70.91,0,0,0,java.lang.Object,0.00,1,0,1,0,1,1,0,0,21,0
"org.apache.jackrabbit.webdav.transaction.TransactionConstants",0,0.00,0.00,13,0.24,5843.66,12,12,4,3,12,171.00,76,14,8,1,171.00,0.00,0.00,0.00,0,0.00,0,724.21,0,0,4,,0.00,3,0,0,0,3,0,0,16,138,1
"org.apache.jackrabbit.webdav.transaction.TransactionDavServletRequest",2,0.00,1.00,3,0.02,87.74,2,0,2,2,5,113.94,23,4,2,2,158.07,0.00,0.50,0.00,0,2.00,1,46.77,0,2,3,,0.00,0,1,2,0,0,0,0,3,18,1
"org.apache.jackrabbit.webdav.transaction.TransactionInfo",4,0.00,1.75,23,0.28,8103.38,6,2,8,13,14,70.28,41,30,9,1,118.76,0.00,0.00,0.50,0,0.00,3,836.00,0,1,5,java.lang.Object,0.00,9,0,7,0,9,3,2,7,178,1
"org.apache.jackrabbit.webdav.transaction.TransactionResource",3,2.00,1.00,6,0.06,623.66,5,2,2,3,16,91.52,28,7,13,2,141.52,0.00,0.50,0.00,0,3.00,1,169.57,0,1,4,,0.00,0,1,3,0,0,2,0,4,49,1
"org.apache.jackrabbit.webdav.transaction.TxActiveLock",4,0.17,2.00,23,0.23,6822.88,6,2,4,12,10,77.03,30,32,5,3,119.32,0.00,0.67,0.38,0,2.00,5,691.92,2,2,5,org.apache.jackrabbit.webdav.lock.DefaultActiveLock,0.50,8,2,8,0,8,2,1,7,150,1
"org.apache.jackrabbit.webdav.transaction.TxLockEntry",3,0.25,1.33,12,0.08,1314.56,5,2,5,4,5,79.57,26,17,1,2,127.67,0.00,0.50,0.33,0,2.00,2,249.39,0,2,4,org.apache.jackrabbit.webdav.lock.AbstractLockEntry,0.00,1,1,4,0,1,1,1,4,65,2
"org.apache.jackrabbit.webdav.transaction.TxLockManager",2,0.00,1.00,3,0.03,184.31,2,0,5,2,9,145.17,30,5,3,2,155.53,0.00,0.50,0.00,0,2.00,1,101.67,0,1,7,,0.00,0,1,2,0,0,1,0,3,30,1
"org.apache.jackrabbit.value.BaseValue",11,0.03,1.64,52,0.49,10232.76,18,7,8,21,10,92.83,72,86,9,1,125.05,0.00,0.00,0.12,3,43.00,3,1471.16,0,4,1,java.lang.Object,0.00,10,0,18,10,10,7,1,14,334,2
"org.apache.jackrabbit.value.BinaryValue",7,0.17,3.43,65,0.71,41463.54,10,3,8,19,6,57.31,56,98,5,2,105.41,0.00,0.50,0.48,0,1.00,10,2123.19,2,2,1,org.apache.jackrabbit.value.BaseValue,0.22,12,1,24,0,12,5,0,16,431,1
"org.apache.jackrabbit.value.BinaryValueTest",1,0.00,1.00,5,0.07,1102.26,2,1,2,6,2,91.59,13,7,1,2,120.97,0.00,0.50,1.00,0,0.00,1,203.23,0,0,1,junit.framework.TestCase,0.00,5,1,1,0,5,1,0,11,50,1
"org.apache.jackrabbit.value.BooleanValue",10,0.28,1.60,43,0.36,8970.26,12,2,4,16,5,107.31,57,67,4,2,125.18,0.00,0.50,0.25,0,34.00,5,1081.04,1,3,1,org.apache.jackrabbit.value.BaseValue,0.48,6,1,16,0,6,7,0,13,263,1
"org.apache.jackrabbit.value.DateValue",9,0.12,2.22,56,0.50,14241.11,11,2,5,15,15,74.30,67,84,13,2,116.60,0.00,0.50,0.39,0,0.00,5,1488.23,1,3,2,org.apache.jackrabbit.value.BaseValue,0.50,6,1,20,0,6,6,0,12,333,1
"org.apache.jackrabbit.value.DoubleValue",10,0.17,1.90,53,0.47,12466.98,12,2,5,21,5,88.18,60,81,4,2,120.40,0.00,0.50,0.35,0,22.00,5,1402.76,1,3,1,org.apache.jackrabbit.value.BaseValue,0.48,11,1,19,0,11,7,0,14,323,1
"org.apache.jackrabbit.value.LongValue",10,0.17,1.90,53,0.47,12466.98,12,2,5,21,7,88.18,60,81,6,2,120.40,0.00,0.50,0.35,0,22.00,5,1402.76,1,3,1,org.apache.jackrabbit.value.BaseValue,0.48,11,1,19,0,11,7,0,14,323,1
"org.apache.jackrabbit.value.NameValue",10,0.39,1.80,47,0.42,11795.76,12,2,9,17,9,81.93,72,76,3,2,124.22,0.00,0.50,0.15,0,30.00,5,1273.59,1,4,6,org.apache.jackrabbit.value.BaseValue,0.48,7,1,18,0,7,6,0,13,299,1
"org.apache.jackrabbit.value.PathValue",9,0.38,1.78,43,0.36,10275.85,11,2,6,14,8,92.11,60,68,5,2,124.33,0.00,0.50,0.17,0,26.00,5,1094.77,1,3,3,org.apache.jackrabbit.value.BaseValue,0.50,5,1,16,0,5,6,0,12,260,1
"org.apache.jackrabbit.value.QValueFactoryImpl",9,1.00,1.78,45,0.56,16138.51,10,1,24,20,12,119.41,43,73,6,1,119.17,0.00,0.00,0.11,0,16.00,2,1670.62,0,8,6,java.lang.Object,0.00,11,0,16,0,11,1,1,16,360,2
"org.apache.jackrabbit.value.QValueFactoryImpl$BinaryQValue",18,0.05,2.72,151,1.64,72687.21,24,6,24,53,4,60.58,157,211,0,1,108.68,0.00,0.00,0.21,1,18.00,5,4932.24,0,6,4,java.lang.Object,0.00,35,0,49,0,35,12,2,56,991,2
"org.apache.jackrabbit.value.QValueFactoryImpl$DateQValue",5,0.00,1.40,19,0.15,2592.99,6,1,24,9,1,152.36,16,27,0,2,131.75,0.00,0.50,1.00,0,0.00,3,454.35,0,1,1,org.apache.jackrabbit.value.QValueImpl,0.00,4,1,7,0,4,4,0,3,117,2
"org.apache.jackrabbit.value.QValueFactoryImpl$QValueImpl",18,0.12,1.39,64,0.55,10214.27,21,3,24,30,4,171.33,46,91,0,1,131.44,0.00,0.00,0.44,1,0.00,3,1656.62,0,6,4,java.lang.Object,0.00,12,0,25,0,12,12,2,16,409,2
"org.apache.jackrabbit.value.QValueTest",21,0.10,1.48,124,1.60,43845.81,24,3,22,58,7,168.70,24,163,0,2,118.70,0.00,0.50,0.43,1,0.00,4,4808.09,0,0,7,junit.framework.TestCase,0.00,37,1,31,0,37,21,0,19,1013,1
"org.apache.jackrabbit.value.ReferenceValue",10,0.33,1.80,48,0.41,11089.72,12,2,7,16,8,92.21,68,76,6,2,124.43,1.00,0.33,0.20,0,34.00,5,1233.73,1,3,2,org.apache.jackrabbit.value.BaseValue,0.48,6,1,18,1,6,7,0,13,291,1
"org.apache.jackrabbit.value.StringValue",4,0.17,2.25,23,0.19,6243.19,6,2,2,6,6,77.30,31,32,5,2,119.59,0.00,0.50,0.38,0,6.00,5,573.39,0,1,1,org.apache.jackrabbit.value.BaseValue,0.13,2,1,9,0,2,3,0,6,136,1
"org.apache.jackrabbit.value.TestAll",1,0.00,1.00,5,0.04,864.35,1,0,3,3,1,73.32,10,7,0,2,121.80,0.00,0.50,0.00,0,1.00,1,115.51,0,1,1,junit.framework.TestCase,0.00,2,1,1,0,2,0,0,2,31,1
"org.apache.jackrabbit.value.ValueFactoryImpl",10,1.00,1.90,42,0.44,16659.30,11,1,8,26,19,143.64,37,65,10,1,123.02,0.00,0.00,0.10,0,18.00,10,1321.77,0,9,9,java.lang.Object,0.00,16,0,19,1,16,1,1,13,286,1
"org.apache.jackrabbit.value.ValueFactoryImplEx",4,1.00,1.25,15,0.15,3524.01,5,1,6,7,5,150.57,12,23,3,2,129.96,0.00,0.50,0.25,0,6.00,2,446.21,1,3,2,org.apache.jackrabbit.value.ValueFactoryImpl,0.00,3,1,5,0,3,1,0,3,106,1
"org.apache.jackrabbit.value.ValueFactoryImplEx$ReferenceValue",3,0.00,1.33,10,0.11,2627.91,3,0,6,6,1,87.67,21,15,0,3,129.96,0.00,0.67,0.00,0,3.00,2,338.09,0,1,1,org.apache.jackrabbit.value.ReferenceValue,0.00,3,2,4,0,3,2,0,2,82,2
"org.apache.jackrabbit.value.ValueFormat",4,0.00,6.00,64,1.04,52767.63,4,0,16,28,26,45.12,35,110,17,1,93.23,0.00,0.00,0.00,1,4.00,8,3130.69,0,4,9,java.lang.Object,0.00,24,0,24,0,24,0,0,7,560,1
"org.apache.jackrabbit.value.ValueHelper",23,0.00,3.13,221,3.50,376005.30,23,0,18,57,22,72.58,305,393,17,1,101.96,0.00,0.00,0.00,4,23.00,16,10514.71,0,20,5,java.lang.Object,0.00,34,0,72,0,34,3,0,80,1935,1
"org.apache.jackrabbit.value.ValueHelper$FileInputStream",1,0.00,1.00,4,0.02,230.72,1,0,18,3,0,179.93,1,5,0,1,129.93,0.00,0.00,0.00,0,1.00,1,72.55,0,0,0,java.lang.Object,0.00,2,0,1,0,2,1,0,1,22,0
"org.apache.jackrabbit.core.config.AccessManagerConfig",1,0.00,1.00,3,0.02,106.02,1,0,0,1,6,126.90,15,5,5,2,137.25,0.00,0.50,0.00,0,1.00,1,45.51,0,0,1,org.apache.jackrabbit.core.config.BeanConfig,0.00,0,1,1,0,0,1,0,2,16,1
"org.apache.jackrabbit.core.config.BeanConfig",9,0.09,1.56,37,0.43,15083.09,13,4,3,21,10,74.57,92,61,9,1,123.05,0.00,0.00,0.17,1,43.00,6,1294.56,0,5,1,java.lang.Object,0.00,12,0,14,7,12,4,0,15,280,1
"org.apache.jackrabbit.core.config.ClusterConfig",4,0.11,1.00,14,0.09,1063.86,7,3,0,4,6,86.00,35,19,5,1,134.11,0.00,0.00,0.25,0,10.00,1,260.02,0,2,1,java.lang.Object,0.00,0,0,4,0,0,2,0,8,74,1
"org.apache.jackrabbit.core.config.ConfigurationEntityResolver",2,0.67,3.00,22,0.24,8435.40,5,3,7,9,1,136.74,41,39,1,1,103.35,0.00,0.00,0.67,0,0.00,5,722.10,0,1,0,java.lang.Object,0.00,7,0,6,0,7,1,1,8,162,0
"org.apache.jackrabbit.core.config.ConfigurationException",2,0.00,1.00,5,0.03,159.64,2,0,1,2,16,102.50,14,7,16,2,144.79,0.00,0.50,0.00,0,2.00,1,81.40,0,0,0,javax.jcr.RepositoryException,0.00,0,1,2,0,0,2,0,3,28,1
"org.apache.jackrabbit.core.config.ConfigurationParser",10,0.09,2.30,74,0.94,31577.37,15,5,13,29,6,74.17,124,111,2,1,111.73,0.00,0.00,0.12,3,38.00,5,2830.60,0,9,4,java.lang.Object,0.00,19,0,23,2,19,1,0,19,568,1
"org.apache.jackrabbit.core.config.DataStoreConfig",1,0.00,1.00,3,0.02,106.02,1,0,0,1,4,89.15,8,5,3,2,137.25,0.00,0.50,0.00,0,1.00,1,45.51,0,0,1,org.apache.jackrabbit.core.config.BeanConfig,0.00,0,1,1,0,0,1,0,2,16,1
"org.apache.jackrabbit.core.config.FileSystemConfig",2,0.00,2.00,10,0.10,2898.08,2,0,2,4,10,71.77,16,19,6,2,119.87,0.00,0.50,0.00,0,2.00,3,299.33,1,1,4,org.apache.jackrabbit.core.config.BeanConfig,0.00,2,1,4,0,2,1,0,3,70,1
"org.apache.jackrabbit.core.config.JournalConfig",1,0.00,1.00,3,0.02,106.02,1,0,0,1,4,99.69,12,5,3,2,137.25,0.00,0.50,0.00,0,1.00,1,45.51,0,0,1,org.apache.jackrabbit.core.config.BeanConfig,0.00,0,1,1,0,0,1,0,2,16,1
"org.apache.jackrabbit.core.config.LoginModuleConfig",2,0.00,1.50,9,0.07,1774.34,2,0,1,3,6,82.94,15,14,4,2,125.23,0.00,0.50,0.00,0,2.00,2,210.51,1,1,2,org.apache.jackrabbit.core.config.BeanConfig,0.00,1,1,3,0,1,1,0,2,53,1
"org.apache.jackrabbit.core.config.PersistenceManagerConfig",1,0.00,1.00,3,0.02,106.02,1,0,0,1,6,126.90,15,5,5,2,137.25,0.00,0.50,0.00,0,1.00,1,45.51,0,0,1,org.apache.jackrabbit.core.config.BeanConfig,0.00,0,1,1,0,0,1,0,2,16,1
"org.apache.jackrabbit.core.config.RepositoryConfig",27,0.01,2.22,207,2.57,120472.85,43,16,29,83,36,72.99,328,323,22,1,110.55,0.00,0.00,0.08,5,469.00,14,7718.64,0,19,15,java.lang.Object,0.00,56,0,60,0,56,8,0,70,1432,1
"org.apache.jackrabbit.core.config.RepositoryConfigTest",11,0.45,2.18,102,1.20,29564.66,13,2,10,50,5,148.11,25,150,1,2,108.22,0.00,0.50,0.91,1,0.00,4,3608.88,0,0,4,junit.framework.TestCase,0.00,39,1,24,0,39,11,0,10,741,1
"org.apache.jackrabbit.core.config.RepositoryConfigTest$InputStream",1,0.00,1.00,3,0.02,208.76,1,0,10,2,0,134.94,0,4,0,1,134.94,0.00,0.00,0.00,0,1.00,1,52.97,0,0,0,java.lang.Object,0.00,1,0,1,0,1,1,0,0,17,0
"org.apache.jackrabbit.core.config.RepositoryConfigurationParser",13,0.05,1.62,125,1.90,48111.18,38,25,6,45,16,154.46,308,174,3,2,107.19,0.00,0.50,0.09,10,110.00,4,5694.62,7,8,14,org.apache.jackrabbit.core.config.ConfigurationParser,0.00,32,1,21,0,32,5,0,63,1045,1
"org.apache.jackrabbit.core.config.SearchConfig",3,1.00,1.00,9,0.06,628.32,4,1,1,3,7,90.80,33,14,5,2,134.92,0.00,0.50,0.33,0,4.00,1,174.56,1,2,2,org.apache.jackrabbit.core.config.BeanConfig,0.00,0,1,3,0,0,1,0,5,50,1
"org.apache.jackrabbit.core.config.SecurityConfig",4,0.11,1.00,14,0.09,1063.86,7,3,0,4,4,84.11,37,20,2,1,134.11,0.00,0.00,0.25,0,10.00,1,260.02,0,3,2,java.lang.Object,0.00,0,0,4,0,0,1,0,8,74,1
"org.apache.jackrabbit.core.config.TestAll",1,0.00,1.00,6,0.05,1283.53,1,0,3,3,2,79.93,12,8,0,2,117.50,0.00,0.50,0.00,0,1.00,1,150.40,0,1,2,junit.framework.TestCase,0.00,2,1,1,0,2,0,0,2,39,1
"org.apache.jackrabbit.core.config.VersioningConfig",4,0.11,1.00,14,0.09,1143.34,7,3,1,5,7,85.38,41,20,5,1,133.86,0.00,0.00,0.25,0,10.00,1,270.88,0,2,2,java.lang.Object,0.00,1,0,4,0,1,2,0,8,77,1
"org.apache.jackrabbit.core.config.WorkspaceConfig",7,0.03,1.00,26,0.17,2441.66,13,6,0,7,15,83.18,68,36,12,1,133.18,0.00,0.00,0.14,0,37.00,1,519.18,0,2,3,java.lang.Object,0.00,0,0,7,0,0,5,0,14,137,1
"org.apache.jackrabbit.core.config.WorkspaceConfigTest",2,0.00,1.00,21,0.33,6255.77,3,1,4,23,5,106.41,9,30,1,2,106.17,0.00,0.50,1.00,0,0.00,1,985.73,0,0,4,junit.framework.TestCase,0.00,21,1,2,0,21,2,0,2,186,1
"org.apache.jackrabbit.sanitycheck.inconsistency.impl.AbstractChildNodeInconsistency",2,1.00,1.00,6,0.04,456.11,3,1,1,2,4,174.52,4,13,2,2,134.63,2.00,0.25,0.50,0,2.00,1,120.78,0,1,2,org.apache.jackrabbit.sanitycheck.inconsistency.impl.AbstractNodeInconsistency,0.00,0,1,2,2,0,1,1,2,35,2
"org.apache.jackrabbit.sanitycheck.inconsistency.impl.AbstractChildPropertyInconsistency",2,1.00,1.00,6,0.04,456.11,3,1,2,2,4,174.52,4,13,2,2,134.63,2.00,0.25,0.50,0,2.00,1,120.78,0,1,2,org.apache.jackrabbit.sanitycheck.inconsistency.impl.AbstractNodeInconsistency,0.00,0,1,2,2,0,1,1,2,35,2
"org.apache.jackrabbit.sanitycheck.inconsistency.impl.AbstractNodeInconsistency",6,0.20,1.00,16,0.10,1021.72,9,3,3,6,7,192.20,6,30,4,1,142.20,0.00,0.00,0.17,0,18.00,1,294.50,0,3,3,java.lang.Object,0.00,0,0,6,11,0,3,1,4,85,2
"org.apache.jackrabbit.sanitycheck.inconsistency.impl.AbstractPropertyInconsistency",3,1.00,1.00,8,0.06,596.92,4,1,4,4,5,181.55,6,17,1,2,141.67,3.00,0.20,0.33,1,4.00,1,165.95,0,2,4,org.apache.jackrabbit.sanitycheck.inconsistency.impl.AbstractNodeInconsistency,0.00,1,1,3,3,1,1,2,2,48,2
"org.apache.jackrabbit.sanitycheck.inconsistency.impl.AbstractValueInconsistency",2,1.00,1.00,6,0.04,530.18,3,1,1,2,4,184.12,3,13,2,3,134.12,1.00,0.40,0.50,0,2.00,1,131.48,0,0,2,org.apache.jackrabbit.sanitycheck.inconsistency.impl.AbstractPropertyInconsistency,0.00,0,2,2,2,0,2,1,1,37,2
"org.apache.jackrabbit.sanitycheck.inconsistency.impl.NoSuchChildInconsistency",1,0.00,1.00,9,0.09,1846.65,1,0,1,5,3,61.58,8,13,1,3,109.68,0.00,0.67,0.00,0,0.00,1,269.70,1,1,2,org.apache.jackrabbit.sanitycheck.inconsistency.impl.AbstractChildNodeInconsistency,0.00,4,2,1,0,4,0,0,2,63,1
"org.apache.jackrabbit.sanitycheck.inconsistency.impl.NoSuchParentInconsistency",3,0.50,1.00,15,0.14,2646.25,5,2,4,8,4,161.62,8,24,1,2,121.73,0.00,0.50,0.17,0,5.00,1,429.15,0,2,3,org.apache.jackrabbit.sanitycheck.inconsistency.impl.AbstractNodeInconsistency,0.00,5,1,3,0,5,1,1,2,103,1
"org.apache.jackrabbit.sanitycheck.inconsistency.impl.NoSuchPropertyInconsistency",1,0.00,1.00,9,0.09,2018.65,1,0,1,6,3,129.99,3,13,1,3,109.38,0.00,0.67,0.00,0,0.00,1,283.08,1,1,2,org.apache.jackrabbit.sanitycheck.inconsistency.impl.AbstractChildPropertyInconsistency,0.00,5,2,1,0,5,0,0,1,66,1
"org.apache.jackrabbit.sanitycheck.inconsistency.impl.NoSuchReferencedNodeInconsistency",1,0.00,1.00,14,0.17,5359.59,1,0,1,10,2,56.59,7,19,1,4,98.88,0.00,0.75,0.00,0,1.00,1,515.47,2,1,1,org.apache.jackrabbit.sanitycheck.inconsistency.impl.AbstractValueInconsistency,0.00,9,3,1,0,9,0,0,2,110,1
"org.apache.jackrabbit.sanitycheck.inconsistency.impl.NotReferenceableInconsistency",3,1.00,1.00,19,0.20,5687.08,4,1,2,12,2,156.05,6,28,0,4,116.16,0.00,0.75,0.33,0,4.00,1,605.48,2,2,2,org.apache.jackrabbit.sanitycheck.inconsistency.impl.AbstractValueInconsistency,0.00,9,3,3,0,9,1,0,2,136,1
"org.apache.jackrabbit.sanitycheck.inconsistency.impl.UnableToReadNodeInconsistency",1,0.00,1.00,8,0.08,1615.73,1,0,0,5,2,79.83,6,12,1,3,112.05,0.00,0.67,0.00,0,1.00,1,231.61,1,1,1,org.apache.jackrabbit.sanitycheck.inconsistency.impl.AbstractChildNodeInconsistency,0.00,4,2,1,0,4,0,0,2,56,1
"org.apache.jackrabbit.sanitycheck.inconsistency.impl.UnableToReadPropertyInconsistency",1,0.00,1.00,9,0.09,2018.65,1,0,1,6,3,129.99,3,13,1,3,109.38,0.00,0.67,0.00,0,0.00,1,283.08,1,1,2,org.apache.jackrabbit.sanitycheck.inconsistency.impl.AbstractChildPropertyInconsistency,0.00,5,2,1,0,5,0,0,1,66,1
"org.apache.jackrabbit.ntdoc.model.ItemDef",18,0.05,1.06,53,0.48,8094.92,33,15,0,18,6,139.10,87,77,6,1,138.87,0.00,0.00,0.01,1,66.00,2,1444.21,0,2,1,java.lang.Object,0.00,0,0,19,2,0,16,1,29,346,2
"org.apache.jackrabbit.ntdoc.model.NodeDef",7,2.00,1.29,19,0.20,2911.69,9,2,1,14,5,139.32,30,28,4,2,139.09,0.00,0.50,0.00,1,7.00,2,585.66,0,2,1,org.apache.jackrabbit.ntdoc.model.ItemDef,0.00,7,1,9,0,7,5,0,10,154,2
"org.apache.jackrabbit.ntdoc.model.NodeType",28,0.14,1.36,102,1.04,20968.94,35,7,1,42,9,151.11,108,130,7,1,130.50,0.00,0.00,0.01,7,54.00,4,3114.01,0,13,4,java.lang.Object,0.00,14,0,38,0,14,15,1,36,748,2
"org.apache.jackrabbit.ntdoc.model.NodeTypeSet",13,1.00,1.69,62,0.62,18058.35,14,1,1,31,5,144.29,45,75,5,1,123.67,0.00,0.00,0.00,5,13.00,4,1848.52,0,7,1,java.lang.Object,0.00,18,0,22,0,18,6,0,15,420,2
"org.apache.jackrabbit.ntdoc.model.PropertyDef",12,0.06,1.33,47,0.61,11687.59,26,14,1,19,5,129.84,54,66,4,2,129.60,0.00,0.50,0.02,2,32.00,2,1816.98,0,3,1,org.apache.jackrabbit.ntdoc.model.ItemDef,0.00,7,1,16,0,7,9,0,18,406,2
"org.apache.jackrabbit.core.persistence.AbstractPersistenceManager",9,0.00,2.00,41,0.45,19476.38,9,0,9,20,12,89.90,55,55,3,1,122.12,0.00,0.00,0.00,2,9.00,10,1359.55,0,2,9,java.lang.Object,0.00,11,0,18,18,11,7,1,10,299,2
"org.apache.jackrabbit.core.persistence.PMContext",7,0.03,1.00,26,0.18,2285.83,13,6,7,7,22,85.30,60,39,18,1,133.41,0.00,0.00,0.14,0,37.00,1,542.32,0,6,5,java.lang.Object,0.00,0,0,7,1,0,1,0,14,140,1
"org.apache.jackrabbit.core.persistence.PersistenceManager",11,0.00,1.00,12,0.09,377.67,11,0,10,11,19,114.78,126,16,9,1,158.91,0.00,0.00,0.00,0,11.00,1,262.12,0,5,10,,0.00,0,0,11,0,0,6,0,12,90,1
"org.apache.jackrabbit.command.collect.AbstractCollect",11,0.12,1.36,42,0.55,18205.88,16,5,9,25,5,128.02,54,59,3,1,127.78,0.00,0.00,0.09,0,56.00,5,1654.98,0,4,2,java.lang.Object,0.00,14,0,15,3,14,7,1,18,332,2
"org.apache.jackrabbit.command.collect.CollectItems",2,0.00,1.00,5,0.02,151.02,2,0,0,2,1,145.22,9,8,0,2,144.98,0.00,0.50,0.00,0,2.00,1,63.51,0,0,1,org.apache.jackrabbit.command.collect.AbstractCollect,0.31,0,1,2,0,0,2,0,3,22,1
"org.apache.jackrabbit.command.collect.CollectNodes",2,0.00,1.00,5,0.02,151.02,2,0,0,2,1,145.22,9,8,0,2,144.98,0.00,0.50,0.00,0,2.00,1,63.51,0,0,1,org.apache.jackrabbit.command.collect.AbstractCollect,0.31,0,1,2,0,0,2,0,3,22,1
"org.apache.jackrabbit.command.collect.CollectProperties",2,0.00,1.00,5,0.02,151.02,2,0,0,2,1,145.22,9,8,0,2,144.98,0.00,0.50,0.00,0,2.00,1,63.51,0,0,1,org.apache.jackrabbit.command.collect.AbstractCollect,0.31,0,1,2,0,0,2,0,3,22,1
"org.apache.jackrabbit.ocm.manager.collectionconverter.impl.AbstractCollectionConverterImpl",10,3.00,2.30,41,1.03,28879.45,13,3,16,17,15,160.98,26,88,7,1,121.10,0.00,0.00,0.00,4,10.00,7,3102.54,0,3,8,java.lang.Object,0.00,7,0,23,7,7,7,1,6,613,2
"org.apache.jackrabbit.ocm.manager.collectionconverter.impl.BeanReferenceCollectionConverterImpl",6,0.00,2.67,55,0.89,35782.59,6,0,23,32,11,105.68,29,91,0,2,105.45,0.00,0.50,0.00,1,14.00,6,2681.68,1,1,11,org.apache.jackrabbit.ocm.manager.collectionconverter.impl.AbstractCollectionConverterImpl,0.00,26,1,16,0,26,5,0,7,470,1
"org.apache.jackrabbit.ocm.manager.collectionconverter.impl.DefaultCollectionConverterImpl",5,0.75,4.60,83,1.30,56082.78,6,1,17,40,10,49.71,58,127,1,2,93.84,0.00,0.50,0.40,1,2.00,12,3890.39,1,1,9,org.apache.jackrabbit.ocm.manager.collectionconverter.impl.AbstractCollectionConverterImpl,0.00,35,1,23,0,35,4,0,14,655,1
"org.apache.jackrabbit.ocm.manager.collectionconverter.impl.ManageableArrayList",3,0.00,1.00,7,0.05,410.42,3,0,3,6,2,110.73,19,15,1,2,142.95,0.00,0.50,0.00,0,3.00,1,142.06,0,1,1,java.util.ArrayList,0.00,3,1,3,0,3,2,1,4,43,1
"org.apache.jackrabbit.ocm.manager.collectionconverter.impl.ManageableSet",5,0.00,1.00,10,0.05,365.69,5,0,4,8,2,184.98,12,16,1,2,145.09,0.00,0.50,0.00,0,5.00,1,150.87,0,1,1,java.util.HashSet,0.00,3,1,5,0,3,4,1,4,51,1
"org.apache.jackrabbit.ocm.manager.collectionconverter.impl.ManageableVector",3,0.00,1.00,7,0.05,410.42,3,0,3,6,2,110.73,18,15,1,2,142.95,0.00,0.50,0.00,0,3.00,1,142.06,0,1,1,java.util.Vector,0.00,3,1,3,0,3,2,1,4,43,1
"org.apache.jackrabbit.ocm.manager.collectionconverter.impl.ManagedHashMap",7,0.00,1.00,14,0.08,630.76,7,0,4,11,4,144.38,5,22,3,2,144.38,0.00,0.50,0.00,0,7.00,1,240.09,0,1,1,java.util.HashMap,0.00,4,1,7,0,4,6,1,1,78,1
"org.apache.jackrabbit.ocm.manager.collectionconverter.impl.MultiValueCollectionConverterImpl",5,0.00,3.00,60,0.92,35622.13,5,0,17,26,9,67.93,31,94,0,2,100.15,0.00,0.50,0.00,0,2.00,4,2767.00,1,1,9,org.apache.jackrabbit.ocm.manager.collectionconverter.impl.AbstractCollectionConverterImpl,0.00,21,1,15,0,21,4,0,8,483,1
"org.apache.jackrabbit.ocm.manager.collectionconverter.impl.NTCollectionConverterImpl",8,0.36,3.00,83,1.47,50382.87,10,2,28,42,9,61.24,63,143,0,2,103.53,0.00,0.50,0.19,3,8.00,9,4398.72,0,3,9,org.apache.jackrabbit.ocm.manager.collectionconverter.impl.AbstractCollectionConverterImpl,0.00,34,1,24,0,34,5,0,10,789,1
"org.apache.jackrabbit.ocm.manager.collectionconverter.impl.ReferenceCollectionConverterImpl",6,0.00,2.50,48,0.71,25513.78,6,0,20,22,7,108.76,28,81,0,2,108.53,0.00,0.50,0.00,1,6.00,4,2139.56,1,1,7,org.apache.jackrabbit.ocm.manager.collectionconverter.impl.AbstractCollectionConverterImpl,0.00,16,1,15,0,16,5,0,7,394,1
"org.apache.jackrabbit.ocm.manager.collectionconverter.impl.ResidualNodesCollectionConverterImpl",5,0.00,3.80,70,1.03,43960.28,5,0,17,36,7,64.66,32,92,0,2,96.88,0.00,0.50,0.00,0,2.00,8,3094.70,1,1,7,org.apache.jackrabbit.ocm.manager.collectionconverter.impl.AbstractCollectionConverterImpl,0.00,31,1,19,0,31,4,0,10,538,1
"org.apache.jackrabbit.ocm.manager.collectionconverter.impl.ResidualPropertiesCollectionConverterImpl",7,0.00,3.43,88,1.37,73764.72,7,0,20,44,9,66.56,47,128,0,2,98.78,0.00,0.50,0.00,2,12.00,10,4096.69,1,2,9,org.apache.jackrabbit.ocm.manager.collectionconverter.impl.AbstractCollectionConverterImpl,0.00,37,1,24,0,37,5,0,14,687,1
"org.apache.jackrabbit.spi.commons.ChildInfoImpl",4,0.11,1.00,14,0.09,1169.64,7,3,3,4,4,91.49,29,19,2,1,133.78,0.00,0.00,0.25,0,10.00,1,278.61,0,2,2,java.lang.Object,0.00,0,0,4,1,0,2,2,8,77,1
"org.apache.jackrabbit.spi.commons.EventBundleImpl",4,0.11,1.00,14,0.10,1243.48,7,3,4,5,4,91.28,28,19,3,1,133.57,0.00,0.00,0.25,0,10.00,1,289.61,0,2,1,java.lang.Object,0.00,1,0,4,0,1,2,2,8,80,1
"org.apache.jackrabbit.spi.commons.EventFilterImpl",8,0.07,2.88,63,0.71,28998.43,14,6,11,28,8,78.98,52,91,3,1,111.20,0.00,0.00,0.23,0,30.00,12,2131.60,0,3,5,java.lang.Object,0.00,20,0,23,0,20,5,2,23,417,1
"org.apache.jackrabbit.spi.commons.EventImpl",8,0.02,1.00,32,0.26,4796.51,15,7,6,9,7,94.45,50,43,2,1,126.67,0.00,0.00,0.12,0,50.00,1,776.07,0,6,5,java.lang.Object,0.00,1,0,8,1,1,2,2,16,191,1
"org.apache.jackrabbit.spi.commons.ItemInfoImpl",5,0.06,1.00,18,0.13,1690.93,9,4,5,5,6,90.99,38,24,2,1,133.29,0.00,0.00,0.20,0,17.00,1,375.93,0,3,4,java.lang.Object,0.00,0,0,5,4,0,2,2,10,100,2
"org.apache.jackrabbit.spi.commons.LockInfoImpl",6,0.04,1.00,22,0.15,2359.43,11,5,3,6,3,90.48,43,30,1,1,132.77,0.00,0.00,0.17,0,26.00,1,447.20,0,3,2,java.lang.Object,0.00,0,0,6,1,0,3,2,12,121,1
"org.apache.jackrabbit.spi.commons.NodeInfoImpl",8,0.05,1.62,53,0.70,33372.06,14,6,11,31,10,71.06,61,73,2,2,113.35,1.00,0.33,0.12,0,44.00,4,2095.97,0,6,8,org.apache.jackrabbit.spi.commons.ItemInfoImpl,0.00,23,1,13,1,23,2,1,16,425,1
"org.apache.jackrabbit.spi.commons.NodeInfoImpl$IteratorHelper",1,0.00,1.00,6,0.08,1180.33,1,0,11,7,2,117.78,0,9,0,1,117.78,0.00,0.00,0.00,0,1.00,1,228.90,1,1,2,java.lang.Object,0.00,6,0,1,0,6,0,0,0,55,0
"org.apache.jackrabbit.spi.commons.PropertyInfoImpl",6,0.10,1.17,29,0.34,8549.57,10,4,8,20,10,81.38,45,44,2,2,123.67,1.00,0.33,0.17,0,22.00,2,1017.77,0,3,8,org.apache.jackrabbit.spi.commons.ItemInfoImpl,0.00,14,1,7,1,14,3,1,11,226,1
"org.apache.jackrabbit.spi.commons.QItemDefinitionImpl",10,0.06,1.40,38,0.42,11632.69,18,8,5,18,6,86.69,77,59,2,1,128.98,0.00,0.00,0.18,0,42.00,5,1268.01,0,2,4,java.lang.Object,0.00,8,0,14,4,8,8,2,21,285,2
"org.apache.jackrabbit.spi.commons.QNodeDefinitionImpl",8,0.10,1.88,47,0.56,22048.71,11,3,4,27,5,75.40,60,76,2,2,117.69,1.00,0.33,0.25,1,26.00,5,1675.03,4,2,3,org.apache.jackrabbit.spi.commons.QItemDefinitionImpl,0.11,19,1,15,1,19,6,1,16,362,1
"org.apache.jackrabbit.spi.commons.QNodeTypeDefinitionImpl",12,0.00,2.25,99,1.06,61221.27,20,8,9,31,7,65.64,92,116,1,1,107.93,0.00,0.00,0.12,0,76.00,12,3187.73,0,8,6,java.lang.Object,0.00,19,0,27,1,19,4,2,28,666,1
"org.apache.jackrabbit.spi.commons.QPropertyDefinitionImpl",9,0.03,1.67,47,0.56,17807.02,13,4,4,26,6,70.75,74,77,2,2,118.85,1.00,0.33,0.22,2,35.00,4,1681.24,4,2,4,org.apache.jackrabbit.spi.commons.QItemDefinitionImpl,0.11,17,1,15,1,17,7,1,17,369,1
"org.apache.jackrabbit.spi.commons.SerializableBatch",12,0.09,1.08,41,0.49,8497.76,14,2,20,23,9,170.63,24,60,3,1,130.74,0.00,0.00,0.42,0,0.00,2,1479.38,0,1,6,java.lang.Object,0.00,11,0,13,0,11,11,2,6,344,1
"org.apache.jackrabbit.spi.commons.SerializableBatch$AddNode",2,0.50,1.00,12,0.11,1497.16,6,4,20,3,3,169.34,3,15,0,1,119.34,0.00,0.00,0.50,0,2.00,1,329.26,0,0,3,java.lang.Object,0.00,1,0,2,0,1,2,1,1,84,2
"org.apache.jackrabbit.spi.commons.SerializableBatch$AddProperty",2,0.50,1.50,15,0.14,2432.83,6,4,20,3,4,165.09,3,20,0,1,115.09,0.00,0.00,0.50,0,2.00,2,420.06,0,0,4,java.lang.Object,0.00,1,0,3,0,1,2,1,1,101,2
"org.apache.jackrabbit.spi.commons.SerializableBatch$Move",2,0.33,1.00,10,0.09,1155.23,5,3,20,3,3,173.18,3,13,0,1,123.18,0.00,0.00,0.50,0,2.00,1,258.40,0,0,3,java.lang.Object,0.00,1,0,2,0,1,2,1,1,69,2
"org.apache.jackrabbit.spi.commons.SerializableBatch$Operation",1,0.00,1.00,2,0.01,88.08,1,0,20,1,1,102.16,7,3,0,2,144.46,0.00,0.50,0.00,0,1.00,1,44.04,0,0,1,,0.00,0,1,1,0,0,1,0,1,15,1
"org.apache.jackrabbit.spi.commons.SerializableBatch$Remove",2,1.00,1.00,6,0.05,478.47,3,1,20,3,2,184.47,3,9,0,1,134.47,0.00,0.00,0.50,0,2.00,1,135.35,0,0,2,java.lang.Object,0.00,1,0,2,0,1,2,1,1,39,2
"org.apache.jackrabbit.spi.commons.SerializableBatch$ReorderNodes",2,0.33,1.00,10,0.08,1275.81,5,3,20,3,2,172.84,3,13,0,1,122.84,0.00,0.00,0.50,0,2.00,1,252.33,0,0,2,java.lang.Object,0.00,1,0,2,0,1,2,1,1,69,2
"org.apache.jackrabbit.spi.commons.SerializableBatch$SetMixins",2,0.00,1.00,8,0.07,904.53,4,2,20,3,3,177.63,3,11,0,1,127.63,0.00,0.00,0.50,0,2.00,1,208.76,0,0,3,java.lang.Object,0.00,1,0,2,0,1,2,1,1,56,2
"org.apache.jackrabbit.spi.commons.SerializableBatch$SetValue",2,0.33,1.50,13,0.11,1944.51,5,3,20,3,3,168.35,3,17,0,1,118.35,0.00,0.00,0.50,0,2.00,2,342.29,0,0,3,java.lang.Object,0.00,1,0,3,0,1,2,1,1,85,2
"org.apache.jackrabbit.core.fs.BasedFileSystem",22,0.02,1.36,64,0.69,14640.18,24,2,2,46,7,158.08,72,96,4,1,137.47,0.00,0.00,0.48,1,0.00,6,2081.62,0,6,3,java.lang.Object,0.00,24,0,30,0,24,16,1,25,516,1
"org.apache.jackrabbit.core.fs.FileSystem",20,2.00,1.00,23,0.18,987.13,22,2,2,20,33,109.56,178,25,31,1,157.67,0.00,0.00,0.00,0,20.00,1,552.89,0,5,2,,0.00,0,0,20,0,0,15,0,23,181,1
"org.apache.jackrabbit.core.fs.FileSystemException",2,0.00,1.00,5,0.03,221.18,2,0,1,2,25,95.20,20,8,24,3,143.68,0.00,0.67,0.00,0,2.00,1,88.69,0,0,1,org.apache.jackrabbit.BaseException,0.00,0,2,2,0,0,2,0,3,29,1
"org.apache.jackrabbit.core.fs.FileSystemPathUtil",9,0.12,2.44,92,1.05,52070.47,13,4,2,31,8,53.87,84,102,6,1,103.86,0.00,0.00,0.14,1,33.00,7,3155.43,0,6,2,java.lang.Object,0.00,22,0,22,0,22,3,0,20,629,2
"org.apache.jackrabbit.core.fs.FileSystemResource",20,0.18,1.55,69,0.67,18051.14,22,2,3,38,21,130.06,98,107,17,1,129.83,0.00,0.00,0.68,3,0.00,5,2019.04,0,7,4,java.lang.Object,0.00,18,0,31,0,18,13,0,23,485,1
"org.apache.jackrabbit.core.fs.RandomAccessOutputStream",1,0.00,1.00,2,0.02,132.18,1,0,2,1,10,105.50,12,3,10,2,143.07,2.00,0.25,0.00,0,1.00,1,52.87,0,0,0,java.io.OutputStream,0.00,0,1,1,2,0,1,0,2,17,2
"org.apache.jackrabbit.examples.FSImport",5,0.00,3.20,75,1.09,42612.69,5,0,10,43,1,63.69,34,87,0,1,95.91,0.00,0.00,0.00,4,5.00,7,3259.73,0,1,1,java.lang.Object,0.00,38,0,16,0,38,4,0,6,589,1
"org.apache.jackrabbit.examples.FirstSteps",3,1.00,3.67,45,0.67,26436.92,4,1,11,33,1,96.00,12,59,1,1,95.76,0.00,0.00,0.33,1,4.00,6,1997.33,0,0,0,java.lang.Object,0.00,30,0,11,0,30,3,0,3,356,1
"org.apache.jackrabbit.examples.JackrabbitTest",5,0.12,4.00,106,1.52,60408.64,7,2,5,28,0,89.21,3,193,0,2,89.21,0.00,0.50,0.40,4,7.00,6,4567.07,0,1,0,javax.servlet.http.HttpServlet,0.00,23,1,20,0,23,4,0,3,804,1
"org.apache.jackrabbit.examples.Main",2,0.00,1.50,14,0.16,3565.33,2,0,5,10,2,114.02,9,20,0,1,113.78,0.00,0.00,0.00,1,2.00,2,490.77,0,1,2,java.lang.Object,0.00,8,0,3,0,8,1,0,2,104,1
"org.apache.jackrabbit.core.fs.local.FileUtil",3,0.00,5.00,45,0.58,43930.82,3,0,4,21,1,45.85,25,55,1,1,93.96,0.00,0.00,0.00,2,3.00,10,1739.07,0,0,0,java.lang.Object,0.00,18,0,15,0,18,3,0,8,316,2
"org.apache.jackrabbit.core.fs.local.HandleMonitor",6,0.00,1.50,29,0.31,6179.36,8,2,10,20,3,82.43,43,38,2,1,124.72,0.00,0.00,0.50,1,0.00,2,916.08,0,1,1,java.lang.Object,0.00,14,0,9,0,14,5,0,10,216,1
"org.apache.jackrabbit.core.fs.local.HandleMonitor$Handle",5,0.12,1.60,25,0.26,5536.58,7,2,10,16,1,102.97,29,35,0,1,120.85,0.00,0.00,0.60,1,2.00,3,794.92,0,1,1,java.lang.Object,0.00,11,0,8,0,11,4,0,8,184,1
"org.apache.jackrabbit.core.fs.local.HandleMonitor$Handle$MonitoredInputStream",3,1.00,1.00,9,0.07,820.15,4,1,10,5,1,134.25,13,13,0,3,134.01,0.00,0.67,0.33,0,4.00,1,213.99,1,0,1,org.apache.jackrabbit.util.LazyFileInputStream,0.19,2,2,3,0,2,3,0,5,60,1
"org.apache.jackrabbit.core.fs.local.LocalFileSystem",30,0.11,2.27,208,2.54,100680.83,33,3,14,68,16,134.63,101,286,9,1,114.02,0.00,0.00,0.44,3,0.00,6,7628.73,0,9,7,java.lang.Object,0.00,38,0,68,0,38,21,1,32,1571,1
"org.apache.jackrabbit.core.fs.local.LocalFileSystem$FileFilter",1,0.00,1.00,3,0.02,173.90,1,0,14,2,0,135.56,0,4,0,1,135.56,0.00,0.00,0.00,0,1.00,1,52.97,0,0,0,java.lang.Object,0.00,1,0,1,0,1,1,0,0,17,0
"org.apache.jackrabbit.core.fs.local.LocalFileSystem$FileFilter_0",1,0.00,1.00,3,0.02,173.90,1,0,14,2,0,135.56,0,4,0,1,135.56,0.00,0.00,0.00,0,1.00,1,52.97,0,0,0,java.lang.Object,0.00,1,0,1,0,1,1,0,0,17,0
"org.apache.jackrabbit.core.fs.local.RAFOutputStream",9,0.12,1.11,39,0.37,7311.79,15,6,3,14,2,93.38,59,50,1,3,125.60,0.00,0.67,0.28,2,17.00,2,1095.68,0,0,1,org.apache.jackrabbit.core.fs.RandomAccessOutputStream,0.30,5,2,10,0,5,9,0,17,260,0
"org.apache.jackrabbit.session.SessionHelper",6,0.40,2.17,29,0.33,9527.59,7,1,6,18,7,73.16,59,48,6,1,123.16,0.00,0.00,0.67,2,0.00,4,1002.86,0,3,1,java.lang.Object,0.00,12,0,13,0,12,3,0,8,223,2
"org.apache.jackrabbit.session.SessionNamespaceRegistry",7,0.21,2.43,55,0.64,21609.39,11,4,9,31,0,129.93,126,75,0,1,111.79,0.00,0.00,0.43,1,0.00,8,1910.70,0,4,0,java.lang.Object,0.00,24,0,17,0,24,3,1,12,398,2
"org.apache.jackrabbit.ocm.annotation.model.unstructured.Node",4,0.33,1.00,11,0.07,898.83,6,2,2,4,0,191.25,5,23,0,1,141.25,0.00,0.00,0.25,0,8.00,1,221.84,0,2,0,java.lang.Object,0.00,0,0,4,0,0,2,0,1,65,1
"org.apache.jackrabbit.core.nodetype.BitsetENTCacheImpl",13,0.08,1.77,86,0.90,26587.80,19,6,7,42,5,83.55,90,107,2,1,115.77,0.00,0.00,0.24,5,5.00,4,2708.43,0,4,3,java.lang.Object,0.00,29,0,23,0,29,9,1,27,603,1
"org.apache.jackrabbit.core.nodetype.BitsetENTCacheImpl$BitsetKey",12,0.09,3.42,124,1.60,103573.30,15,3,7,20,2,70.20,79,149,0,1,102.42,0.00,0.00,0.42,1,0.00,8,4804.37,0,3,2,java.lang.Object,0.00,8,0,41,0,8,9,1,18,958,1
"org.apache.jackrabbit.core.nodetype.BooleanConstraint",3,0.50,2.33,24,0.27,7698.32,4,1,21,11,13,110.27,1,38,1,2,110.27,0.00,0.50,0.67,0,0.00,3,803.43,0,0,13,org.apache.jackrabbit.core.nodetype.ValueConstraint,0.00,8,1,7,0,8,3,0,1,170,0
"org.apache.jackrabbit.core.nodetype.CyclicNodeTypeRegistrationTest",5,0.31,2.40,101,1.60,80295.18,9,4,8,33,9,59.77,66,117,0,4,89.15,0.00,0.75,0.50,0,0.00,3,4799.49,2,0,9,org.apache.jackrabbit.test.AbstractJCRTest,0.36,28,3,12,0,28,5,0,18,863,1
"org.apache.jackrabbit.core.nodetype.DateConstraint",3,0.62,7.00,70,0.99,73470.11,7,4,21,20,13,135.19,5,112,1,2,85.19,0.00,0.50,0.67,0,0.00,10,2964.23,0,0,13,org.apache.jackrabbit.core.nodetype.ValueConstraint,0.00,17,1,21,0,17,3,0,5,544,0
"org.apache.jackrabbit.core.nodetype.EffectiveNodeType",37,0.03,5.19,579,8.23,745997.85,43,6,15,105,24,50.56,263,768,16,1,92.85,0.00,0.00,0.19,8,270.00,27,24691.07,0,18,10,java.lang.Object,0.00,68,0,192,0,68,19,1,119,4470,1
"org.apache.jackrabbit.core.nodetype.EffectiveNodeTypeCache",8,0.00,1.00,10,0.06,224.51,8,0,2,8,6,127.37,53,11,4,3,159.60,0.00,0.67,0.00,0,8.00,1,168.83,0,1,3,,0.00,0,2,8,0,0,7,0,10,62,1
"org.apache.jackrabbit.core.nodetype.EffectiveNodeTypeCache$Key",3,0.00,1.00,4,0.02,72.40,3,0,2,3,1,117.82,22,5,0,2,160.11,0.00,0.50,0.00,0,3.00,1,54.98,0,2,1,,0.00,0,1,3,0,0,1,0,3,23,0
"org.apache.jackrabbit.core.nodetype.EffectiveNodeTypeCacheImpl",11,0.10,1.82,63,0.60,12933.92,13,2,10,32,4,72.51,91,81,1,1,120.61,0.00,0.00,0.59,4,0.00,4,1796.26,0,1,3,java.lang.Object,0.00,21,0,20,0,21,10,1,33,418,1
"org.apache.jackrabbit.core.nodetype.EffectiveNodeTypeCacheImpl$WeightedKey",11,0.05,1.82,68,0.68,24613.45,13,2,10,25,1,115.69,51,76,0,1,115.46,0.00,0.00,0.45,0,0.00,5,2032.43,0,2,1,java.lang.Object,0.00,14,0,20,0,14,9,1,19,450,2
"org.apache.jackrabbit.core.nodetype.InvalidConstraintException",2,0.00,1.00,5,0.03,221.18,2,0,1,2,11,93.68,18,8,10,3,143.68,0.00,0.67,0.00,0,2.00,1,88.69,0,0,1,org.apache.jackrabbit.BaseException,0.00,0,2,2,0,0,2,0,3,29,1
"org.apache.jackrabbit.core.nodetype.InvalidNodeTypeDefException",2,0.00,1.00,5,0.03,221.18,2,0,1,2,16,93.68,18,8,15,3,143.68,0.00,0.67,0.00,0,2.00,1,88.69,0,0,1,org.apache.jackrabbit.BaseException,0.00,0,2,2,0,0,2,0,3,29,1
"org.apache.jackrabbit.core.nodetype.ItemDef",8,2.00,1.00,11,0.05,622.13,10,2,1,9,11,123.89,54,12,10,1,156.11,0.00,0.00,0.00,0,8.00,1,161.67,0,2,1,,0.00,1,0,8,0,1,6,0,10,57,1
"org.apache.jackrabbit.core.nodetype.ItemDefImpl",16,0.03,1.38,47,0.44,12733.70,22,6,2,18,5,104.63,105,75,3,1,136.85,0.00,0.00,0.14,0,96.00,5,1325.21,0,2,2,java.lang.Object,0.00,2,0,22,2,2,14,1,25,324,2
"org.apache.jackrabbit.core.nodetype.ItemDefinitionImpl",11,0.08,1.45,43,0.37,6486.21,16,5,9,25,9,99.08,68,64,3,1,131.30,0.00,0.00,0.27,0,0.00,3,1104.58,0,3,6,java.lang.Object,0.00,14,0,16,2,14,8,1,21,273,1
"org.apache.jackrabbit.core.nodetype.NameConstraint",3,0.00,2.33,25,0.30,9447.92,4,1,21,14,13,109.57,2,44,1,2,109.57,0.00,0.50,1.00,0,0.00,3,909.32,0,1,13,org.apache.jackrabbit.core.nodetype.ValueConstraint,0.00,11,1,7,0,11,2,0,2,185,0
"org.apache.jackrabbit.core.nodetype.NodeDef",4,1.00,1.00,6,0.03,407.08,5,1,1,4,29,122.97,27,7,28,2,155.19,0.00,0.50,0.00,0,4.00,1,96.55,0,2,2,,0.00,0,1,4,0,0,2,0,5,34,1
"org.apache.jackrabbit.core.nodetype.NodeDefId",6,0.20,2.17,43,0.43,16773.45,8,2,3,20,20,64.05,50,54,19,1,112.16,0.00,0.00,0.33,0,0.00,5,1300.83,0,2,2,java.lang.Object,0.00,14,0,13,0,14,4,1,14,271,1
"org.apache.jackrabbit.core.nodetype.NodeDefImpl",17,0.05,1.35,64,0.53,11562.22,21,4,3,29,13,98.61,105,93,9,2,130.83,0.00,0.50,0.29,0,0.00,4,1596.85,7,2,4,org.apache.jackrabbit.core.nodetype.ItemDefImpl,0.30,12,1,23,0,12,15,1,35,396,1
"org.apache.jackrabbit.core.nodetype.NodeDefinitionImpl",5,0.75,2.00,31,0.34,14233.83,6,1,7,11,9,82.39,34,42,5,2,114.61,0.00,0.50,0.40,0,0.00,4,1021.39,0,2,5,org.apache.jackrabbit.core.nodetype.ItemDefinitionImpl,0.00,6,1,10,0,6,3,1,11,219,1
"org.apache.jackrabbit.core.nodetype.NodeTypeConflictException",2,0.00,1.00,5,0.03,221.18,2,0,1,2,8,93.68,18,8,7,3,143.68,0.00,0.67,0.00,0,2.00,1,88.69,0,0,1,org.apache.jackrabbit.BaseException,0.00,0,2,2,0,0,2,0,3,29,1
"org.apache.jackrabbit.core.nodetype.NodeTypeDef",20,0.10,1.95,121,1.32,52029.30,28,8,9,46,38,82.70,122,153,33,1,114.93,0.00,0.00,0.22,3,122.00,11,3946.43,0,5,5,java.lang.Object,0.00,26,0,39,0,26,15,1,30,838,1
"org.apache.jackrabbit.core.nodetype.NodeTypeDefDiff",15,0.17,2.87,160,1.79,93144.71,24,9,7,44,8,53.59,140,188,3,1,103.59,0.00,0.00,0.27,3,0.00,7,5384.37,0,4,5,java.lang.Object,0.00,29,0,43,0,29,11,0,32,1057,1
"org.apache.jackrabbit.core.nodetype.NodeTypeDefDiff$ChildItemDefDiff",7,0.28,2.57,51,0.46,14393.06,10,3,7,15,1,153.05,14,71,0,1,113.17,0.00,0.00,0.57,5,0.00,8,1383.02,0,1,1,java.lang.Object,0.00,8,0,18,0,8,6,0,11,308,1
"org.apache.jackrabbit.core.nodetype.NodeTypeDefDiff$ChildNodeDefDiff",4,0.00,2.25,22,0.23,7277.90,4,0,7,10,1,158.95,10,32,0,2,119.07,0.00,0.50,0.00,2,10.00,6,693.70,1,0,1,org.apache.jackrabbit.core.nodetype.ChildItemDefDiff,0.00,6,1,9,0,6,4,0,5,152,1
"org.apache.jackrabbit.core.nodetype.NodeTypeDefDiff$PropDefDiff",4,0.00,3.50,43,0.48,30773.69,4,0,7,13,2,103.04,17,51,0,2,102.81,0.00,0.50,0.00,2,10.00,11,1448.00,1,0,2,org.apache.jackrabbit.core.nodetype.ChildItemDefDiff,0.00,9,1,14,0,9,4,0,9,273,1
"org.apache.jackrabbit.core.nodetype.NodeTypeDefStore",9,0.12,1.11,26,0.26,4164.83,10,1,11,22,6,138.99,39,38,1,1,138.76,0.00,0.00,0.89,1,0.00,2,787.58,0,2,5,java.lang.Object,0.00,13,0,10,0,13,7,0,11,196,1
"org.apache.jackrabbit.core.nodetype.NodeTypeImpl",25,0.19,2.92,248,2.93,130908.54,31,6,21,74,23,73.65,168,304,10,1,105.87,0.00,0.00,0.35,2,0.00,15,8794.67,0,14,14,java.lang.Object,0.00,49,0,73,0,49,11,1,70,1712,1
"org.apache.jackrabbit.core.nodetype.NodeTypeManagerImpl",19,0.09,2.89,196,2.69,114735.09,28,9,37,92,44,61.39,145,264,21,1,103.68,0.00,0.00,0.19,3,36.00,13,8082.18,0,12,26,java.lang.Object,0.00,73,0,55,0,73,7,3,42,1506,1
"org.apache.jackrabbit.core.nodetype.NodeTypeRegistry",47,0.03,4.26,785,11.79,1444300.28,62,15,30,193,54,61.03,637,1001,31,1,90.41,0.00,0.00,0.10,18,842.00,52,35371.59,0,3,24,java.lang.Object,0.00,146,0,200,0,146,44,2,198,5821,1
"org.apache.jackrabbit.core.nodetype.NodeTypeRegistryListener",3,0.00,1.00,4,0.02,61.53,3,0,1,3,3,118.38,22,5,2,1,160.67,0.00,0.00,0.00,0,3.00,1,56.53,0,0,1,,0.00,0,0,3,0,0,3,0,4,23,1
"org.apache.jackrabbit.core.nodetype.NumericConstraint",3,0.62,6.67,74,1.00,67633.50,7,4,21,23,13,134.80,5,115,1,2,84.80,0.00,0.50,0.67,1,0.00,9,3008.49,0,0,13,org.apache.jackrabbit.core.nodetype.ValueConstraint,0.00,20,1,20,0,20,3,0,5,545,0
"org.apache.jackrabbit.core.nodetype.PathConstraint",3,0.75,4.67,45,0.57,26083.73,5,2,21,19,13,135.64,6,76,1,2,95.75,0.00,0.50,1.00,0,0.00,7,1700.70,0,1,13,org.apache.jackrabbit.core.nodetype.ValueConstraint,0.00,16,1,14,0,16,2,0,6,319,0
"org.apache.jackrabbit.core.nodetype.PropDef",5,1.00,1.00,7,0.04,424.50,6,1,1,5,34,123.59,32,8,32,2,155.81,0.00,0.50,0.00,0,5.00,1,108.16,0,3,3,,0.00,0,1,5,0,0,2,0,6,39,1
"org.apache.jackrabbit.core.nodetype.PropDefId",6,0.20,2.00,35,0.35,11217.10,8,2,1,20,17,70.90,51,47,17,1,119.00,0.00,0.00,0.33,0,0.00,4,1062.85,0,2,1,java.lang.Object,0.00,14,0,12,0,14,4,1,12,236,1
"org.apache.jackrabbit.core.nodetype.PropDefImpl",19,0.00,1.26,66,0.53,10952.91,24,5,4,21,13,99.19,117,95,7,2,131.41,0.00,0.50,0.20,0,55.00,3,1597.33,7,1,6,org.apache.jackrabbit.core.nodetype.ItemDefImpl,0.29,2,1,24,0,2,18,1,39,399,1
"org.apache.jackrabbit.core.nodetype.PropertyDefinitionImpl",6,1.00,2.00,36,0.41,17820.40,7,1,7,14,10,96.59,35,47,5,2,114.47,0.00,0.50,0.17,0,0.00,5,1229.73,1,2,6,org.apache.jackrabbit.core.nodetype.ItemDefinitionImpl,0.00,8,1,12,0,8,4,1,10,260,1
"org.apache.jackrabbit.core.nodetype.ReferenceConstraint",4,0.33,1.75,24,0.25,6700.67,5,1,21,13,15,156.34,11,40,3,2,116.46,0.00,0.50,0.75,0,0.00,2,760.82,0,2,13,org.apache.jackrabbit.core.nodetype.ValueConstraint,0.00,9,1,7,0,9,2,0,4,163,0
"org.apache.jackrabbit.core.nodetype.StringConstraint",3,0.50,2.33,24,0.30,8993.93,4,1,21,13,13,109.74,1,40,1,2,109.74,0.00,0.50,0.67,0,0.00,3,890.28,0,0,13,org.apache.jackrabbit.core.nodetype.ValueConstraint,0.00,10,1,7,0,10,3,0,1,186,0
"org.apache.jackrabbit.core.nodetype.ValueConstraint",7,0.17,1.43,33,0.42,14532.23,10,3,21,19,35,142.95,22,56,23,1,122.34,0.00,0.00,0.19,0,3.00,3,1272.17,0,3,19,java.lang.Object,0.00,12,0,10,7,12,4,0,4,267,2
"org.apache.portals.graffito.jcr.spring.test.components.ArticleService",2,0.00,1.00,3,0.01,58.89,2,0,2,2,2,180.05,7,5,1,1,159.43,0.00,0.00,0.00,0,2.00,1,39.26,0,1,1,,0.00,0,0,2,0,0,1,0,1,16,1
"org.apache.portals.graffito.jcr.spring.test.components.NewsService",2,0.00,1.00,3,0.01,58.89,2,0,2,2,3,180.05,7,5,2,1,159.43,0.00,0.00,0.00,0,2.00,1,39.26,0,1,1,,0.00,0,0,2,0,0,1,0,1,16,1
"org.apache.jackrabbit.test.api.lock.LockTest",24,0.00,2.83,309,4.03,110488.97,24,0,9,73,3,53.55,211,432,1,4,101.66,0.00,0.75,0.00,1,0.00,6,12099.78,1,1,2,org.apache.jackrabbit.test.AbstractJCRTest,0.00,49,3,68,0,49,23,0,143,2312,1
"org.apache.jackrabbit.test.api.lock.SetValueLockExceptionTest",5,0.39,5.20,122,1.85,89321.19,26,21,13,29,3,37.55,41,159,1,4,85.65,0.00,0.75,0.36,1,0.00,15,5547.17,4,1,2,org.apache.jackrabbit.test.AbstractJCRTest,0.36,24,3,26,0,24,4,0,15,920,1
"org.apache.jackrabbit.test.api.lock.TestAll",1,0.00,1.00,6,0.05,1283.53,1,0,3,3,4,73.37,11,8,2,2,117.50,0.00,0.50,0.00,0,1.00,1,150.40,0,1,2,junit.framework.TestCase,0.00,2,1,1,0,2,0,0,2,39,1
"org.apache.jackrabbit.ocm.annotation.mapper.AnnotatedObjectMapper",1,0.00,1.00,4,0.04,494.55,1,0,3,2,3,85.03,7,7,0,2,127.33,0.00,0.50,0.00,0,0.00,1,109.84,1,0,3,org.apache.jackrabbit.ocm.mapper.impl.AbstractMapperImpl,0.00,1,1,1,0,1,1,1,1,29,1
"org.apache.jackrabbit.ocm.annotation.mapper.AnnotationDescriptorReader",6,1.00,3.50,120,2.01,110898.77,7,1,16,120,8,138.58,9,158,1,1,88.58,0.00,0.00,0.00,4,6.00,6,6025.37,0,2,7,java.lang.Object,0.00,114,0,21,0,114,4,1,4,1001,1
"org.apache.jackrabbit.command.lock.AddLockToken",3,0.25,1.33,14,0.16,2768.67,5,2,6,9,2,92.90,18,21,1,1,125.13,0.00,0.00,0.33,0,5.00,2,466.06,0,1,1,java.lang.Object,0.00,6,0,4,0,6,2,1,7,105,1
"org.apache.jackrabbit.command.lock.Lock",7,0.12,1.14,25,0.30,6685.78,11,4,5,15,1,111.83,37,37,0,1,129.70,0.00,0.00,0.14,0,27.00,2,914.96,0,3,1,java.lang.Object,0.00,8,0,8,0,8,4,1,13,204,1
"org.apache.jackrabbit.command.lock.RefreshLock",3,0.25,1.33,14,0.16,2775.93,5,2,6,10,1,107.24,16,19,0,1,125.12,0.00,0.00,0.33,0,5.00,2,472.64,0,1,1,java.lang.Object,0.00,7,0,4,0,7,2,1,7,106,1
"org.apache.jackrabbit.command.lock.RemoveLockToken",3,0.25,1.33,14,0.16,2714.94,5,2,6,9,2,92.97,19,20,0,1,125.19,0.00,0.00,0.33,0,5.00,2,468.05,0,1,2,java.lang.Object,0.00,6,0,4,0,6,2,1,7,105,1
"org.apache.jackrabbit.command.lock.Unlock",3,0.25,1.33,13,0.14,2488.53,5,2,5,9,1,107.62,16,18,0,1,125.49,0.00,0.00,0.33,0,5.00,2,424.03,0,1,1,java.lang.Object,0.00,6,0,4,0,6,2,1,7,98,1
"org.apache.jackrabbit.rmi.value.BaseNonStreamValue",7,0.00,1.00,14,0.13,1516.96,7,0,4,11,9,91.38,66,23,8,1,141.38,0.00,0.00,0.00,1,7.00,1,383.16,0,3,1,java.lang.Object,0.00,4,0,7,8,4,4,1,8,105,2
"org.apache.jackrabbit.rmi.value.BinaryValue",12,0.41,1.42,48,0.48,14075.47,14,2,14,25,2,74.29,118,65,1,1,124.29,0.00,0.00,0.12,1,30.00,3,1454.09,0,4,1,java.lang.Object,0.00,13,0,17,0,13,8,2,19,329,1
"org.apache.jackrabbit.rmi.value.BinaryValue$FileInputStream",2,0.00,1.50,11,0.08,1054.87,3,1,14,3,0,123.40,0,16,0,1,123.40,0.00,0.00,1.00,0,0.00,2,229.83,2,0,0,java.lang.Object,0.00,1,0,3,0,1,2,0,0,59,0
"org.apache.jackrabbit.rmi.value.BooleanValue",6,0.40,1.00,15,0.12,1338.76,8,2,2,9,4,123.40,34,23,2,2,141.28,0.00,0.50,0.17,1,10.00,1,347.12,0,1,2,org.apache.jackrabbit.rmi.value.BaseNonStreamValue,0.15,3,1,6,0,3,5,2,9,96,1
"org.apache.jackrabbit.rmi.value.DateValue",7,0.25,1.00,17,0.13,1497.52,9,2,7,11,4,109.20,47,26,1,2,141.42,0.00,0.50,0.29,0,3.00,1,392.02,0,2,3,org.apache.jackrabbit.rmi.value.BaseNonStreamValue,0.43,4,1,7,0,4,5,2,10,109,1
"org.apache.jackrabbit.rmi.value.DoubleValue",8,0.29,1.12,23,0.19,2986.45,10,2,4,14,4,121.62,45,35,2,2,139.49,0.00,0.50,0.25,1,8.00,2,570.14,0,2,2,org.apache.jackrabbit.rmi.value.BaseNonStreamValue,0.40,6,1,9,0,6,6,2,11,149,1
"org.apache.jackrabbit.rmi.value.ISO8601",2,0.33,11.00,114,1.88,230715.49,5,3,7,25,2,41.34,80,137,2,1,65.09,0.00,0.00,0.50,0,2.00,17,5649.13,0,2,0,java.lang.Object,0.00,23,0,22,0,23,0,0,46,909,1
"org.apache.jackrabbit.rmi.value.InitialValue",9,0.17,1.89,68,0.73,19079.86,12,3,8,29,4,75.57,116,85,1,1,113.14,0.00,0.00,0.48,2,0.00,3,2183.60,0,4,4,java.lang.Object,0.00,20,0,17,0,20,5,2,18,460,1
"org.apache.jackrabbit.rmi.value.LongValue",8,0.29,1.12,23,0.19,2999.64,10,2,4,14,4,121.60,45,35,2,2,139.47,0.00,0.50,0.25,1,8.00,2,562.27,0,2,2,org.apache.jackrabbit.rmi.value.BaseNonStreamValue,0.40,6,1,9,0,6,6,2,11,147,1
"org.apache.jackrabbit.rmi.value.NameValue",4,0.50,1.00,11,0.09,1320.49,6,2,4,4,3,97.65,29,17,1,2,139.94,0.00,0.50,0.12,0,6.00,1,283.50,0,2,2,org.apache.jackrabbit.rmi.value.BaseNonStreamValue,0.00,0,1,4,0,0,2,2,8,75,1
"org.apache.jackrabbit.rmi.value.PathValue",4,0.50,1.00,11,0.09,1235.98,6,2,4,4,3,97.87,29,17,1,2,140.16,0.00,0.50,0.12,0,6.00,1,277.40,0,2,2,org.apache.jackrabbit.rmi.value.BaseNonStreamValue,0.00,0,1,4,0,0,2,2,8,74,1
"org.apache.jackrabbit.rmi.value.ReferenceValue",4,0.50,1.00,11,0.09,1320.49,6,2,4,4,3,97.65,30,17,1,2,139.94,0.00,0.50,0.12,0,6.00,1,283.50,0,2,2,org.apache.jackrabbit.rmi.value.BaseNonStreamValue,0.00,0,1,4,0,0,2,2,8,75,1
"org.apache.jackrabbit.rmi.value.SerialValue",9,0.08,1.00,23,0.19,2417.31,12,3,6,17,3,103.08,109,39,2,1,140.64,0.00,0.00,0.26,0,0.00,1,584.64,0,3,2,java.lang.Object,0.00,8,0,9,0,8,6,2,13,158,1
"org.apache.jackrabbit.rmi.value.SerialValueFactory",26,1.00,1.46,85,0.83,26747.96,27,1,8,40,22,81.29,213,126,11,1,129.39,0.00,0.00,0.04,7,50.00,10,2481.41,0,22,12,java.lang.Object,0.00,14,0,38,0,14,4,1,31,589,1
"org.apache.jackrabbit.rmi.value.StatefulValue",0,0.00,0.00,1,0.01,39.30,0,0,2,0,14,171.00,16,2,14,3,171.00,0.00,0.67,0.00,0,0.00,0,19.65,0,0,0,,0.00,0,2,0,0,0,0,0,1,7,1
"org.apache.jackrabbit.rmi.value.StatefulValueAdapter",10,0.06,2.20,53,0.64,27871.20,12,2,10,32,2,85.39,62,82,1,1,117.62,0.00,0.00,0.45,7,0.00,12,1933.57,0,3,2,java.lang.Object,0.00,22,0,22,0,22,7,2,17,384,1
"org.apache.jackrabbit.rmi.value.StringValue",7,0.17,1.00,17,0.13,1601.81,9,2,4,11,8,108.97,43,26,2,2,141.19,0.00,0.50,0.36,0,0.00,1,402.06,0,2,6,org.apache.jackrabbit.rmi.value.BaseNonStreamValue,0.57,4,1,7,0,4,5,2,10,109,1
"org.apache.jackrabbit.extractor.AbstractTextExtractor",2,1.00,1.00,7,0.07,1406.72,3,1,0,3,10,98.56,12,10,9,1,130.78,0.00,0.00,0.50,0,2.00,1,208.34,0,1,1,java.lang.Object,0.00,1,0,2,9,1,1,1,4,55,2
"org.apache.jackrabbit.extractor.CompositeTextExtractor",3,0.00,1.67,19,0.21,5004.25,4,1,7,13,4,68.00,32,23,3,1,116.48,0.00,0.00,1.00,0,0.00,2,620.58,0,2,1,java.lang.Object,0.00,10,0,5,1,10,1,1,6,139,1
"org.apache.jackrabbit.extractor.CompositeTextExtractorTest",5,0.00,1.00,25,0.32,4843.09,6,1,7,21,4,103.54,28,43,0,2,121.41,0.00,0.50,1.00,0,0.00,1,973.89,1,0,4,junit.framework.TestCase,0.00,16,1,5,0,16,5,0,7,215,1
"org.apache.jackrabbit.extractor.DefaultTextExtractor",1,0.00,1.00,4,0.02,189.52,1,0,0,3,4,82.50,8,6,1,2,130.61,0.00,0.50,0.00,0,1.00,1,66.23,1,0,3,org.apache.jackrabbit.extractor.CompositeTextExtractor,0.00,2,1,1,0,2,1,0,2,22,1
"org.apache.jackrabbit.extractor.DelegatingTextExtractor",1,0.00,1.00,2,0.01,51.70,1,0,0,1,2,172.56,19,3,1,2,146.28,0.00,0.50,0.00,0,1.00,1,33.60,0,0,1,,0.00,0,1,1,0,0,1,0,2,13,1
"org.apache.jackrabbit.extractor.EmptyTextExtractor",4,1.00,1.00,11,0.09,1199.34,5,1,4,6,3,92.16,34,17,2,1,140.27,0.00,0.00,0.25,0,6.00,1,268.56,0,2,1,java.lang.Object,0.00,2,0,4,0,2,2,1,7,73,1
"org.apache.jackrabbit.extractor.EmptyTextExtractorTest",3,0.00,1.00,14,0.16,2058.20,4,1,7,16,3,108.33,17,23,0,2,126.21,0.00,0.50,1.00,0,0.00,1,489.07,1,0,3,junit.framework.TestCase,0.00,13,1,3,0,13,3,0,5,111,1
"org.apache.jackrabbit.extractor.ExtractorHandler",6,0.20,1.83,32,0.32,11102.03,9,3,7,13,1,74.93,67,42,1,2,119.06,0.00,0.50,0.17,1,10.00,5,968.65,0,0,0,org.xml.sax.helpers.DefaultHandler,0.00,7,1,11,0,7,6,1,12,209,0
"org.apache.jackrabbit.extractor.ExtractorHelper",2,0.00,1.50,14,0.14,6855.48,2,0,3,9,4,79.32,13,22,4,1,111.55,0.00,0.00,0.00,0,2.00,2,432.52,0,1,0,java.lang.Object,0.00,7,0,3,0,7,1,0,3,92,0
"org.apache.jackrabbit.extractor.HTMLParser",5,0.50,2.00,38,0.35,14612.76,6,1,7,13,1,162.02,8,50,1,2,112.02,0.00,0.50,0.60,1,2.00,6,1063.82,2,2,0,org.apache.xerces.parsers.AbstractSAXParser,0.00,8,1,10,0,8,3,0,2,225,1
"org.apache.jackrabbit.extractor.HTMLTextExtractor",2,0.00,2.00,15,0.21,5472.83,2,0,12,13,2,94.38,10,24,0,2,112.25,0.00,0.50,0.00,0,2.00,3,621.57,0,1,2,org.apache.jackrabbit.extractor.AbstractTextExtractor,0.00,11,1,4,0,11,1,0,4,123,1
"org.apache.jackrabbit.extractor.MsExcelTextExtractor",2,0.00,5.00,32,0.46,27201.86,2,0,11,19,1,60.94,13,45,0,2,93.16,0.00,0.50,0.00,0,2.00,9,1375.65,0,1,1,org.apache.jackrabbit.extractor.AbstractTextExtractor,0.00,17,1,10,0,17,1,0,5,238,1
"org.apache.jackrabbit.extractor.MsPowerPointTextExtractor",2,0.00,1.00,15,0.15,3207.45,2,0,12,11,1,66.13,17,25,0,2,114.24,0.00,0.50,0.00,0,2.00,1,448.72,0,1,1,org.apache.jackrabbit.extractor.AbstractTextExtractor,0.00,9,1,2,0,9,1,0,7,102,1
"org.apache.jackrabbit.extractor.MsPowerPointTextExtractor$MsPowerPointListener",2,1.00,3.00,20,0.28,14469.93,3,1,12,10,0,103.05,0,25,0,1,103.05,0.00,0.00,0.50,0,2.00,5,854.46,0,0,0,java.lang.Object,0.00,8,0,6,0,8,2,1,0,159,1
"org.apache.jackrabbit.extractor.MsWordTextExtractor",2,0.00,1.50,12,0.12,2725.73,2,0,5,6,1,69.09,16,21,0,2,117.20,0.00,0.50,0.00,0,2.00,2,351.89,0,1,1,org.apache.jackrabbit.extractor.AbstractTextExtractor,0.00,4,1,3,0,4,1,0,6,83,1
"org.apache.jackrabbit.extractor.OpenOfficeTextExtractor",2,0.00,2.50,25,0.35,11653.54,2,0,14,17,1,83.01,11,43,0,2,100.88,0.00,0.50,0.00,0,2.00,4,1051.06,0,1,1,org.apache.jackrabbit.extractor.AbstractTextExtractor,0.00,15,1,5,0,15,1,0,5,192,1
"org.apache.jackrabbit.extractor.OpenOfficeTextExtractor$OpenOfficeContentHandler",5,0.25,1.40,16,0.17,2365.97,7,2,14,10,0,132.06,3,30,0,2,132.06,0.00,0.50,0.70,0,0.00,2,509.50,0,1,0,org.xml.sax.helpers.DefaultHandler,0.00,5,1,7,0,5,4,0,1,127,1
"org.apache.jackrabbit.extractor.PdfTextExtractor",2,0.00,2.50,22,0.25,8163.26,2,0,10,15,1,55.40,16,36,0,2,103.51,0.00,0.50,0.00,0,2.00,4,757.87,0,1,1,org.apache.jackrabbit.extractor.AbstractTextExtractor,0.00,13,1,5,0,13,1,0,8,150,1
"org.apache.jackrabbit.extractor.PlainTextExtractor",2,0.00,2.00,11,0.10,2533.78,2,0,6,5,5,71.86,20,18,4,2,120.33,0.00,0.50,0.00,0,2.00,3,305.36,0,1,1,org.apache.jackrabbit.extractor.AbstractTextExtractor,0.00,3,1,4,0,3,1,0,4,70,1
"org.apache.jackrabbit.extractor.PlainTextExtractorTest",5,0.00,1.20,23,0.29,4144.33,6,1,8,19,3,107.64,27,39,0,2,125.52,0.00,0.50,1.00,0,0.00,2,879.47,1,0,3,junit.framework.TestCase,0.00,14,1,6,0,14,5,0,7,192,1
"org.apache.jackrabbit.extractor.RTFTextExtractor",2,0.00,1.50,12,0.15,4366.82,2,0,7,11,1,97.71,10,20,0,2,115.59,0.00,0.50,0.00,0,2.00,2,455.44,0,1,1,org.apache.jackrabbit.extractor.AbstractTextExtractor,0.00,9,1,3,0,9,1,0,4,96,1
"org.apache.jackrabbit.extractor.TextExtractor",2,0.00,1.00,3,0.02,102.47,2,0,3,2,14,190.92,41,5,14,1,157.54,0.00,0.00,0.00,0,2.00,1,63.12,0,2,0,,0.00,0,0,2,0,0,0,0,3,22,1
"org.apache.jackrabbit.extractor.XMLTextExtractor",2,0.00,2.50,20,0.26,8376.81,2,0,13,17,5,94.61,31,29,3,2,104.96,0.00,0.50,0.00,0,2.00,4,788.54,0,1,2,org.apache.jackrabbit.extractor.AbstractTextExtractor,0.00,15,1,5,0,15,1,0,9,148,1
"org.apache.jackrabbit.extractor.XMLTextExtractor$FilterInputStream",1,0.00,1.00,2,0.01,34.83,1,0,13,1,0,147.63,0,3,0,1,147.63,0.00,0.00,0.00,0,1.00,1,23.22,0,0,0,java.lang.Object,0.00,0,0,1,0,0,1,0,0,10,0
"org.apache.jackrabbit.extractor.XMLTextExtractorTest",6,0.00,1.67,33,0.41,6091.01,7,1,8,20,3,121.37,27,58,0,2,121.13,0.00,0.50,1.00,0,0.00,3,1243.04,1,0,3,junit.framework.TestCase,0.00,14,1,10,0,14,6,0,8,264,1
"org.apache.jackrabbit.jcr.AbstractSAXEventGenerator",13,0.05,2.23,116,1.53,61564.20,27,14,18,40,7,70.62,165,155,2,1,108.19,0.00,0.00,0.12,7,39.00,8,4600.61,0,0,5,java.lang.Object,0.00,27,0,29,2,27,13,0,56,868,1
"org.apache.jackrabbit.jcr.AbstractSAXEventGenerator$NamespaceStack",3,0.00,1.67,16,0.13,3146.15,5,2,18,7,0,72.92,25,21,0,1,121.02,0.00,0.00,0.50,0,1.00,3,377.35,0,1,0,java.lang.Object,0.00,4,0,5,0,4,2,0,7,99,2
"org.apache.jackrabbit.jcr.DocViewImportHandler",8,0.10,3.50,100,1.49,85539.87,11,3,15,40,8,61.17,98,140,1,3,98.73,0.00,0.67,0.25,2,14.00,10,4464.70,0,1,7,org.apache.jackrabbit.jcr2spi.xml.TargetImportHandler,0.00,32,2,28,0,32,7,0,41,787,0
"org.apache.jackrabbit.jcr.DocViewSAXEventGenerator",8,0.10,2.25,64,0.97,36169.95,11,3,17,39,7,60.24,68,98,1,2,108.34,0.00,0.50,0.25,1,16.00,8,2910.26,1,1,6,org.apache.jackrabbit.jcr2spi.xml.AbstractSAXEventGenerator,0.00,31,1,18,0,31,7,0,39,529,1
"org.apache.jackrabbit.jcr.ImportHandler",13,0.11,1.69,81,0.91,22475.71,23,10,15,39,7,68.25,105,114,1,2,116.36,0.00,0.50,0.20,0,38.00,5,2723.05,0,1,6,org.xml.sax.helpers.DefaultHandler,0.00,26,1,22,0,26,12,0,44,578,1
"org.apache.jackrabbit.jcr.ImportHandler$NamespaceContext",7,0.25,1.86,32,0.28,7589.69,9,2,15,17,2,164.38,16,45,0,2,124.50,0.00,0.50,0.71,0,0.00,4,841.34,0,2,2,org.apache.jackrabbit.name.AbstractNamespaceResolver,0.00,10,1,13,0,10,5,0,5,201,0
"org.apache.jackrabbit.jcr.Importer",4,0.00,1.00,8,0.05,273.86,4,0,6,4,8,113.10,24,10,6,1,145.32,0.00,0.00,0.00,0,4.00,1,148.76,0,0,2,,0.00,0,0,4,0,0,4,0,7,48,1
"org.apache.jackrabbit.jcr.Importer$NodeInfo",6,0.10,1.00,20,0.13,2262.30,10,4,6,6,1,132.91,0,27,0,1,132.91,0.00,0.00,0.17,0,22.00,1,396.66,0,4,1,java.lang.Object,0.00,0,0,6,0,0,2,0,0,111,1
"org.apache.jackrabbit.jcr.Importer$PropInfo",4,0.11,1.00,14,0.09,1305.18,7,3,6,4,1,133.41,0,19,0,1,133.41,0.00,0.00,0.25,0,10.00,1,277.40,0,1,1,java.lang.Object,0.00,0,0,4,0,0,3,0,0,77,1
"org.apache.jackrabbit.jcr.Importer$TextValue",3,0.00,1.00,4,0.02,76.13,3,0,6,3,0,127.72,18,5,0,1,159.94,0.00,0.00,0.00,0,3.00,1,52.87,0,2,0,,0.00,0,0,3,0,0,1,0,3,22,0
"org.apache.jackrabbit.jcr.SessionImporter",16,0.10,4.38,266,4.33,247100.10,25,9,58,132,36,48.63,183,358,1,1,92.76,0.00,0.00,0.20,6,78.00,13,12982.49,0,4,36,java.lang.Object,0.00,116,0,70,0,116,12,2,98,2137,1
"org.apache.jackrabbit.jcr.SysViewImportHandler",6,0.24,7.67,125,2.14,143888.44,11,5,14,41,9,39.03,63,182,1,3,87.51,0.00,0.67,0.40,1,0.00,17,6426.83,1,0,8,org.apache.jackrabbit.jcr2spi.xml.TargetImportHandler,0.00,35,2,46,0,35,6,0,41,1069,0
"org.apache.jackrabbit.jcr.SysViewImportHandler$ImportState",0,0.00,0.00,7,0.05,531.67,6,6,14,1,1,171.00,18,8,0,1,171.00,0.00,0.00,0.00,0,0.00,0,141.78,0,0,1,java.lang.Object,0.00,1,0,0,0,1,0,0,6,34,0
"org.apache.jackrabbit.jcr.SysViewSAXEventGenerator",7,0.17,2.71,97,1.58,88913.75,25,18,13,30,5,48.80,56,139,2,2,96.90,0.00,0.50,0.20,0,3.00,12,4748.41,1,0,3,org.apache.jackrabbit.jcr2spi.xml.AbstractSAXEventGenerator,0.00,23,1,19,0,23,7,0,29,806,1
"org.apache.jackrabbit.jcr.SysViewSAXEventGenerator$Writer",3,0.00,1.33,7,0.07,1447.36,3,0,13,6,0,138.57,2,12,0,1,138.57,0.00,0.00,0.00,0,3.00,2,205.45,0,0,0,java.lang.Object,0.00,3,0,4,0,3,3,0,2,52,0
"org.apache.jackrabbit.jcr.TargetImportHandler",4,0.11,2.25,28,0.29,8169.59,7,3,15,11,5,75.66,48,38,2,2,113.22,2.00,0.25,0.25,0,6.00,4,881.42,0,0,3,org.xml.sax.helpers.DefaultHandler,0.00,7,1,9,2,7,4,0,10,192,1
"org.apache.jackrabbit.jcr.TargetImportHandler$AppendableValue",3,0.00,1.00,4,0.03,218.89,3,0,15,3,0,114.04,21,6,0,2,156.33,0.00,0.50,0.00,0,3.00,1,104.62,0,0,0,,0.00,0,1,3,0,0,3,0,3,34,1
"org.apache.jackrabbit.jcr.TargetImportHandler$BufferedStringValue",7,0.61,3.29,85,0.90,41599.25,13,6,15,25,1,58.46,51,106,0,1,100.75,0.00,0.00,0.69,0,0.00,5,2691.00,0,2,1,java.lang.Object,0.00,18,0,23,0,18,5,1,23,533,1
"org.apache.jackrabbit.jcr.TargetImportHandler$BufferedStringValue$OutputStreamWriter",1,0.00,1.00,4,0.03,271.16,1,0,15,3,0,169.27,2,5,0,1,129.38,0.00,0.00,0.00,0,1.00,1,85.62,1,0,0,java.lang.Object,0.00,2,0,1,0,2,1,0,2,25,0
"org.apache.jackrabbit.jcr.TargetImportHandler$StringValue",4,0.33,1.00,10,0.06,695.71,5,1,15,6,0,142.36,16,15,0,1,142.13,0.00,0.00,0.75,0,0.00,1,187.08,0,2,0,java.lang.Object,0.00,2,0,4,0,2,2,1,5,56,1
"org.apache.jackrabbit.jcr.WorkspaceContentHandler",12,0.06,1.42,48,0.61,14177.03,18,6,19,36,2,124.27,3,69,1,2,124.27,0.00,0.50,0.22,0,0.00,4,1831.71,0,0,1,org.xml.sax.helpers.DefaultHandler,0.00,24,1,17,0,24,12,0,1,407,1
"org.apache.jackrabbit.webdav.security.report.AbstractSecurityReport",3,1.00,2.67,20,0.26,9087.70,4,1,10,11,11,72.04,22,26,3,1,114.33,0.00,0.00,0.33,0,4.00,4,783.57,0,1,8,java.lang.Object,0.00,8,0,8,3,8,2,1,4,163,2
"org.apache.jackrabbit.webdav.security.report.AclPrincipalReport",2,0.50,2.50,22,0.45,17623.88,4,2,15,25,12,80.73,29,28,0,2,100.88,0.00,0.50,0.25,0,2.00,4,1347.77,1,1,12,org.apache.jackrabbit.webdav.security.report.AbstractSecurityReport,0.00,23,1,5,0,23,1,0,7,234,1
"org.apache.jackrabbit.webdav.security.report.PrincipalMatchReport",4,0.07,1.50,21,0.26,6077.65,9,5,11,10,11,82.22,49,27,0,2,119.78,0.00,0.50,0.25,0,6.00,3,783.64,1,2,11,org.apache.jackrabbit.webdav.security.report.AbstractSecurityReport,0.00,6,1,6,0,6,2,0,8,167,1
"org.apache.jackrabbit.webdav.security.report.PrincipalSearchReport",5,0.06,1.60,33,0.49,16025.98,13,8,17,19,13,84.88,69,42,0,2,114.26,0.00,0.50,0.18,0,9.00,4,1474.70,1,2,13,org.apache.jackrabbit.webdav.security.report.AbstractSecurityReport,0.00,14,1,8,0,14,3,0,12,282,1
"org.apache.jackrabbit.webdav.security.report.PrincipalSearchReport$SearchArgument",3,0.25,1.00,10,0.09,1016.28,5,2,17,6,4,173.17,7,14,0,1,133.28,0.00,0.00,0.67,0,0.00,1,257.08,0,2,4,java.lang.Object,0.00,3,0,3,0,3,1,0,2,67,1
"org.apache.jackrabbit.webdav.security.report.SearchablePropertyReport",5,0.06,1.80,26,0.39,10244.97,9,4,18,19,13,81.15,61,37,0,1,118.71,0.00,0.00,0.20,0,10.00,4,1165.88,0,2,13,java.lang.Object,0.00,14,0,9,0,14,3,1,13,246,1
"org.apache.jackrabbit.webdav.security.report.SearchablePropertyReport$PrincipalSearchProperty",4,0.24,2.25,34,0.36,8728.00,11,7,18,13,6,160.83,6,46,0,1,110.83,0.00,0.00,0.32,0,0.00,3,1081.03,0,1,6,java.lang.Object,0.00,9,0,9,0,9,3,1,4,234,1
"org.apache.jackrabbit.spi.Batch",9,0.00,1.00,10,0.17,1136.16,9,0,10,9,21,203.73,218,11,16,1,154.45,0.00,0.00,0.00,0,9.00,1,499.66,0,0,5,,0.00,0,0,9,0,0,9,0,10,132,1
"org.apache.jackrabbit.spi.ChildInfo",3,0.00,1.00,4,0.01,64.24,3,0,1,3,5,112.42,24,5,4,1,160.52,0.00,0.00,0.00,0,3.00,1,42.83,0,2,1,,0.00,0,0,3,0,0,1,0,4,19,1
"org.apache.jackrabbit.spi.Event",7,6.00,1.00,14,0.20,9980.07,13,6,2,7,16,86.83,61,16,12,1,134.93,0.00,0.00,0.00,0,7.00,1,586.51,0,5,4,,0.00,0,0,7,0,0,2,0,14,152,1
"org.apache.jackrabbit.spi.EventBundle",3,0.00,1.00,4,0.01,64.24,3,0,1,3,15,112.42,25,5,15,1,160.52,0.00,0.00,0.00,0,3.00,1,42.83,0,2,0,,0.00,0,0,3,0,0,1,0,4,19,1
"org.apache.jackrabbit.spi.EventFilter",1,0.00,1.00,2,0.01,79.62,1,0,1,1,15,178.18,20,3,14,2,144.80,0.00,0.50,0.00,0,1.00,1,42.51,0,0,1,,0.00,0,1,1,0,0,1,0,2,15,1
"org.apache.jackrabbit.spi.IdFactory",4,0.00,1.00,5,0.04,175.67,4,0,2,4,23,108.07,37,6,19,1,158.06,0.00,0.00,0.00,0,4.00,1,111.71,0,1,4,,0.00,0,0,4,0,0,3,0,5,38,1
"org.apache.jackrabbit.spi.ItemId",3,0.00,1.00,4,0.01,64.24,3,0,1,3,34,131.14,41,5,33,1,160.52,0.00,0.00,0.00,0,3.00,1,42.83,0,2,1,,0.00,0,0,3,0,0,1,0,4,19,1
"org.apache.jackrabbit.spi.ItemInfo",4,0.00,1.00,5,0.02,81.66,4,0,2,4,5,128.46,27,6,2,1,160.68,0.00,0.00,0.00,0,4.00,1,54.44,0,2,3,,0.00,0,0,4,0,0,2,0,5,24,1
"org.apache.jackrabbit.spi.LockInfo",5,0.00,1.00,6,0.02,99.07,5,0,0,5,18,118.50,37,7,17,1,160.79,0.00,0.00,0.00,0,5.00,1,66.05,0,2,1,,0.00,0,0,5,0,0,3,0,6,29,1
"org.apache.jackrabbit.spi.NodeId",0,0.00,0.00,1,0.01,31.02,0,0,0,0,97,171.00,4,2,97,2,171.00,0.00,0.50,0.00,0,0.00,0,15.51,0,0,0,,0.00,0,1,0,0,0,0,0,1,6,1
"org.apache.jackrabbit.spi.NodeInfo",6,0.00,1.00,7,0.03,162.72,6,0,2,6,14,127.49,38,8,11,2,159.71,0.00,0.50,0.00,0,6.00,1,92.97,0,4,3,,0.00,0,1,6,0,0,2,0,7,38,1
"org.apache.jackrabbit.spi.PropertyId",2,0.00,1.00,3,0.01,65.85,2,0,1,2,44,126.83,13,4,42,2,159.05,0.00,0.50,0.00,0,2.00,1,38.73,0,1,2,,0.00,0,1,2,0,0,1,0,3,16,1
"org.apache.jackrabbit.spi.PropertyInfo",4,0.00,1.00,5,0.02,114.28,4,0,0,4,13,127.31,25,6,11,2,159.53,0.00,0.50,0.00,0,4.00,1,65.85,0,0,2,,0.00,0,1,4,0,0,4,0,5,27,1
"org.apache.jackrabbit.spi.QItemDefinition",8,1.00,1.00,10,0.05,596.40,9,1,2,8,8,124.03,53,11,7,1,156.25,0.00,0.00,0.00,0,8.00,1,153.82,0,2,1,,0.00,0,0,8,0,0,6,0,10,57,1
"org.apache.jackrabbit.spi.QNodeDefinition",3,1.00,1.00,5,0.04,608.40,4,1,2,3,36,104.73,25,6,35,2,152.83,0.00,0.50,0.00,0,3.00,1,111.07,0,2,1,,0.00,0,1,3,0,0,1,0,5,35,1
"org.apache.jackrabbit.spi.QNodeTypeDefinition",8,0.00,1.00,9,0.04,192.13,8,0,2,8,20,112.02,65,10,17,1,160.13,0.00,0.00,0.00,0,8.00,1,112.58,0,4,3,,0.00,0,0,8,0,0,4,0,9,47,1
"org.apache.jackrabbit.spi.QPropertyDefinition",4,1.00,1.00,6,0.04,639.42,5,1,1,4,39,105.54,32,7,38,2,153.65,0.00,0.50,0.00,0,4.00,1,126.58,0,1,1,,0.00,0,1,4,0,0,3,0,6,41,1
"org.apache.jackrabbit.spi.QValue",8,1.00,1.00,10,0.07,727.73,9,1,7,8,57,107.47,69,11,55,1,155.57,0.00,0.00,0.00,0,8.00,1,202.07,0,5,2,,0.00,0,0,8,0,0,3,0,9,69,1
"org.apache.jackrabbit.spi.QValueFactory",7,0.00,1.00,8,0.06,314.72,7,0,7,7,29,109.88,56,9,26,1,157.98,0.00,0.00,0.00,0,7.00,1,181.23,0,7,3,,0.00,0,0,7,0,0,0,0,8,61,1
"org.apache.jackrabbit.spi.QueryInfo",2,0.00,1.00,3,0.01,60.43,2,0,3,2,14,110.87,20,4,13,1,159.34,0.00,0.00,0.00,0,2.00,1,35.12,0,2,1,,0.00,0,0,2,0,0,0,0,3,15,1
"org.apache.jackrabbit.spi.QueryResultRow",3,0.00,1.00,4,0.02,77.85,3,0,0,3,7,117.57,23,5,5,1,159.86,0.00,0.00,0.00,0,3.00,1,46.73,0,1,2,,0.00,0,0,3,0,0,2,0,4,20,1
"org.apache.jackrabbit.spi.RepositoryService",49,0.00,1.00,50,0.91,5930.54,49,0,27,49,35,154.13,791,61,18,1,154.60,0.00,0.00,0.00,0,49.00,1,2736.90,0,11,17,,0.00,0,0,49,0,0,38,0,65,707,1
"org.apache.jackrabbit.spi.SessionInfo",7,0.00,1.00,8,0.04,183.69,7,0,0,7,20,111.35,76,9,20,1,159.83,0.00,0.00,0.00,0,7.00,1,117.29,0,4,0,,0.00,0,0,7,0,0,3,0,8,46,1
"org.apache.jackrabbit.spi.XASessionInfo",1,0.00,1.00,2,0.01,48.43,1,0,1,1,3,102.37,11,3,3,2,146.50,0.00,0.50,0.00,0,1.00,1,27.12,0,1,0,,0.00,0,1,1,0,0,0,0,2,11,1
"org.apache.jackrabbit.ocm.manager.query.AllTests",2,0.00,1.00,11,0.10,2673.03,2,0,3,5,7,140.93,7,14,1,1,120.31,0.00,0.00,0.00,1,2.00,1,303.33,0,2,6,java.lang.Object,0.00,3,0,2,0,3,0,0,3,74,1
"org.apache.jackrabbit.ocm.manager.query.ObjectContentManagerAtomicQueryTest",5,0.50,1.80,118,2.04,139384.25,7,2,16,48,9,124.95,14,142,2,3,85.06,0.00,0.67,0.10,1,8.00,4,6123.78,4,1,7,org.apache.jackrabbit.ocm.TestBase,0.17,43,2,9,0,43,4,0,7,976,1
"org.apache.jackrabbit.ocm.manager.query.ObjectContentManagerIteratorQueryTest",6,1.00,1.67,85,1.17,52236.15,7,1,20,35,12,117.72,18,114,2,3,97.10,0.00,0.67,0.00,1,6.00,3,3518.61,4,1,10,org.apache.jackrabbit.ocm.TestBase,0.32,29,2,10,0,29,5,0,6,636,1
"org.apache.jackrabbit.ocm.manager.query.ObjectContentManagerMultiValueQueryTest",6,1.00,1.50,74,0.91,28020.99,7,1,16,35,10,141.64,13,101,2,3,101.76,0.00,0.67,0.00,1,6.00,2,2737.78,4,1,8,org.apache.jackrabbit.ocm.TestBase,0.32,29,2,9,0,29,5,0,4,511,1
"org.apache.jackrabbit.ocm.manager.query.ObjectContentManagerScopeQueryTest",6,1.00,1.50,116,1.66,86522.02,7,1,19,34,12,111.07,21,143,2,3,90.46,0.00,0.67,0.00,1,6.00,2,4985.76,5,1,10,org.apache.jackrabbit.ocm.TestBase,0.32,28,2,9,0,28,5,0,9,873,1
"org.apache.jackrabbit.ocm.manager.query.ObjectContentManagerSimpleQueryTest",10,1.00,1.50,103,1.56,40655.78,11,1,15,44,11,125.80,36,151,2,3,105.18,0.00,0.67,0.00,1,10.00,2,4684.66,4,1,9,org.apache.jackrabbit.ocm.TestBase,0.26,34,2,15,0,34,9,0,14,860,1
"org.apache.jackrabbit.webdav.jcr.observation.SubscriptionImpl",20,0.04,2.30,139,1.62,50103.36,33,13,31,71,22,65.02,188,185,4,1,115.02,0.00,0.00,0.12,3,256.00,7,4849.59,0,9,18,java.lang.Object,0.00,51,0,46,0,51,11,3,41,981,1
"org.apache.jackrabbit.webdav.jcr.observation.SubscriptionImpl$EventBundleImpl",3,0.25,2.00,25,0.42,14890.71,5,2,31,17,2,158.05,4,33,0,1,108.05,0.00,0.00,0.33,0,4.00,4,1252.99,0,1,2,java.lang.Object,0.00,14,0,6,0,14,2,1,4,230,1
"org.apache.jackrabbit.webdav.jcr.observation.SubscriptionImpl$TransactionEvent",3,0.00,1.00,4,0.03,141.35,3,0,31,3,1,207.82,3,9,0,1,157.82,0.00,0.00,0.00,0,3.00,1,94.23,0,0,1,java.lang.Object,0.00,0,0,3,0,0,3,0,3,31,0
"org.apache.jackrabbit.webdav.jcr.observation.SubscriptionImpl$TransactionEvent_0",3,0.50,2.67,22,0.28,4799.11,4,1,31,10,5,114.26,13,38,0,1,114.02,0.00,0.00,0.67,0,0.00,3,838.48,0,0,5,java.lang.Object,0.00,7,0,8,0,7,3,2,7,176,1
"org.apache.jackrabbit.webdav.jcr.observation.SubscriptionManagerImpl",10,0.07,1.90,80,1.04,27402.26,13,3,27,54,15,61.62,103,108,1,1,110.09,0.00,0.00,0.27,4,34.00,4,3106.35,0,5,14,java.lang.Object,0.00,44,0,19,0,44,5,2,22,628,1
"org.apache.jackrabbit.webdav.jcr.observation.SubscriptionManagerImpl$SubscriptionMap",6,0.30,1.67,35,0.41,12060.73,8,2,27,23,3,118.80,0,46,0,1,118.80,0.00,0.00,0.75,0,0.00,3,1240.36,0,3,3,java.lang.Object,0.00,17,0,10,0,17,3,0,0,272,1
"org.apache.jackrabbit.webdav.jcr.observation.SubscriptionManagerImpl$WrappedSubscription",3,1.00,1.00,8,0.05,565.02,4,1,27,4,1,141.86,2,12,0,1,141.86,0.00,0.00,0.33,0,4.00,1,151.98,0,2,1,java.lang.Object,0.00,1,0,3,0,1,1,1,2,46,1
"org.apache.jackrabbit.spi.BatchReadConfig",2,0.67,2.00,13,0.15,2823.87,5,3,3,9,4,72.88,23,18,3,1,117.01,0.00,0.00,0.67,0,0.00,2,438.20,0,0,1,java.lang.Object,0.00,7,0,4,0,7,2,0,3,101,1
"org.apache.jackrabbit.spi.ChildInfoImpl",2,0.00,1.50,8,0.11,1715.31,2,0,7,6,6,87.79,24,15,1,2,125.35,0.00,0.50,0.00,0,2.00,2,324.36,0,1,5,org.apache.jackrabbit.spi.commons.ChildInfoImpl,0.00,4,1,3,0,4,1,0,4,78,0
"org.apache.jackrabbit.spi.EventSubscription",6,0.00,3.50,87,1.45,77521.75,12,6,26,43,18,63.36,38,117,1,1,95.58,0.00,0.00,0.17,1,10.00,8,4339.35,0,3,17,java.lang.Object,0.00,37,0,21,0,37,3,1,12,743,0
"org.apache.jackrabbit.spi.EventSubscription$EventListener",1,0.00,1.00,3,0.03,202.37,1,0,26,2,0,135.04,0,4,0,1,135.04,0.00,0.00,0.00,0,1.00,1,76.53,0,0,0,java.lang.Object,0.00,1,0,1,0,1,1,0,0,22,0
"org.apache.jackrabbit.spi.IdFactoryImpl",4,1.00,3.00,42,0.52,25995.75,5,1,14,19,16,85.55,23,61,6,2,103.42,0.00,0.50,0.25,2,6.00,8,1548.28,0,3,10,org.apache.jackrabbit.identifier.AbstractIdFactory,0.00,15,1,12,0,15,1,0,5,287,0
"org.apache.jackrabbit.spi.LockInfoImpl",1,0.00,1.00,3,0.08,889.32,1,0,3,7,5,109.84,14,10,2,2,129.98,0.00,0.50,0.00,0,1.00,1,225.52,0,0,3,org.apache.jackrabbit.spi.commons.LockInfoImpl,0.00,6,1,1,0,6,1,0,2,55,0
"org.apache.jackrabbit.spi.NodeInfoImpl",3,0.00,2.33,17,0.41,11877.07,3,0,14,22,10,72.27,34,35,1,3,116.40,0.00,0.67,0.00,0,3.00,3,1224.90,0,2,9,org.apache.jackrabbit.spi.commons.NodeInfoImpl,0.00,19,2,7,0,19,1,0,4,245,0
"org.apache.jackrabbit.spi.PropertyInfoImpl",2,0.00,2.00,17,0.31,11156.68,2,0,12,15,12,70.09,24,34,1,3,107.65,0.00,0.67,0.00,0,2.00,3,944.51,0,1,11,org.apache.jackrabbit.spi.commons.PropertyInfoImpl,0.00,13,2,4,0,13,1,0,4,188,0
"org.apache.jackrabbit.spi.QNodeDefinitionImpl",2,0.00,3.00,12,0.30,9069.92,2,0,7,16,8,75.36,25,24,2,3,112.93,0.00,0.67,0.00,0,2.00,4,905.13,0,1,6,org.apache.jackrabbit.spi.commons.QNodeDefinitionImpl,0.00,14,2,6,0,14,1,0,3,187,0
"org.apache.jackrabbit.spi.QNodeTypeDefinitionImpl",4,0.00,2.00,28,0.44,14921.12,4,0,12,15,12,91.05,57,43,1,2,111.19,0.00,0.50,0.00,0,4.00,2,1326.32,0,3,11,org.apache.jackrabbit.spi.commons.QNodeTypeDefinitionImpl,0.00,11,1,8,0,11,1,0,5,273,0
"org.apache.jackrabbit.spi.QPropertyDefinitionImpl",3,0.00,3.00,22,0.46,18318.89,3,0,11,19,10,71.85,37,44,2,3,109.41,0.00,0.67,0.00,0,4.00,4,1369.23,0,2,8,org.apache.jackrabbit.spi.commons.QPropertyDefinitionImpl,0.00,16,2,9,0,16,1,0,4,271,0
"org.apache.jackrabbit.spi.QueryInfoImpl",3,0.00,2.00,37,0.45,16411.69,11,8,16,13,9,81.01,44,47,1,1,101.15,0.00,0.00,0.12,0,2.00,3,1360.20,0,2,8,java.lang.Object,0.00,10,0,6,0,10,1,1,12,270,0
"org.apache.jackrabbit.spi.QueryInfoImpl$Iterator",3,0.00,1.33,11,0.11,1941.98,3,0,16,9,1,131.00,0,18,0,1,131.00,0.00,0.00,0.00,0,4.00,2,317.87,0,1,1,java.lang.Object,0.00,6,0,4,0,6,2,0,0,74,0
"org.apache.jackrabbit.spi.QueryResultRowImpl",4,0.00,1.75,30,0.39,17252.12,7,3,12,13,11,62.62,35,42,1,1,110.72,0.00,0.00,0.33,0,8.00,4,1162.98,0,2,10,java.lang.Object,0.00,9,0,7,0,9,2,1,8,224,0
"org.apache.jackrabbit.spi.RepositoryServiceImpl",59,0.15,1.81,386,5.45,155964.60,64,5,82,170,42,135.50,189,591,2,1,114.89,0.00,0.00,0.05,8,635.00,7,16339.12,0,35,40,java.lang.Object,0.00,111,0,107,0,111,24,1,69,3236,1
"org.apache.jackrabbit.spi.RepositoryServiceImpl$BatchImpl",15,0.26,1.67,76,0.98,33159.74,18,3,82,40,11,118.47,7,122,0,1,118.47,0.00,0.00,0.09,1,50.00,6,2931.21,0,3,11,java.lang.Object,0.00,25,0,25,0,25,12,1,4,615,2
"org.apache.jackrabbit.spi.RepositoryServiceImpl$BatchImpl$Callable_15",1,0.00,4.00,18,0.22,8470.68,1,0,82,11,0,92.93,0,23,0,1,92.93,0.00,0.00,0.00,0,0.00,4,672.61,0,1,0,java.lang.Object,0.00,10,0,4,0,10,0,0,0,123,0
"org.apache.jackrabbit.spi.RepositoryServiceImpl$BatchImpl$Callable_16",1,0.00,1.00,7,0.09,1264.60,1,0,82,6,1,115.05,0,9,0,1,115.05,0.00,0.00,0.00,0,0.00,1,263.16,0,1,1,java.lang.Object,0.00,5,0,1,0,5,0,0,0,56,0
"org.apache.jackrabbit.spi.RepositoryServiceImpl$BatchImpl$Callable_17",1,0.00,2.00,12,0.15,4346.03,1,0,82,6,1,101.94,0,12,0,1,101.94,0.00,0.00,0.00,0,0.00,2,441.40,0,1,1,java.lang.Object,0.00,5,0,2,0,5,0,0,0,86,0
"org.apache.jackrabbit.spi.RepositoryServiceImpl$BatchImpl$Callable_18",1,0.00,1.00,6,0.07,1023.12,1,0,82,5,1,118.27,0,8,0,1,118.27,0.00,0.00,0.00,0,0.00,1,214.82,0,1,1,java.lang.Object,0.00,4,0,1,0,4,0,0,0,48,0
"org.apache.jackrabbit.spi.RepositoryServiceImpl$BatchImpl$Callable_19",1,0.00,2.00,11,0.13,3937.07,1,0,82,5,1,103.68,0,11,0,1,103.68,0.00,0.00,0.00,0,0.00,2,387.57,0,1,1,java.lang.Object,0.00,4,0,2,0,4,0,0,0,78,0
"org.apache.jackrabbit.spi.RepositoryServiceImpl$BatchImpl$Callable_20",1,0.00,4.00,11,0.12,3582.00,1,0,82,7,2,104.08,4,16,0,1,103.85,0.00,0.00,0.00,0,0.00,4,348.00,0,1,2,java.lang.Object,0.00,6,0,4,0,6,0,0,4,72,0
"org.apache.jackrabbit.spi.RepositoryServiceImpl$BatchImpl$Callable_21",1,0.00,5.00,17,0.20,9413.96,1,0,82,6,0,93.44,0,22,0,1,93.44,0.00,0.00,0.00,0,0.00,5,612.88,0,1,0,java.lang.Object,0.00,5,0,5,0,5,0,0,0,121,0
"org.apache.jackrabbit.spi.RepositoryServiceImpl$BatchImpl$Callable_22",1,0.00,5.00,30,0.31,13392.02,1,0,82,11,0,83.03,0,23,0,1,83.03,0.00,0.00,0.00,0,0.00,5,941.17,0,1,0,java.lang.Object,0.00,10,0,5,0,10,0,0,0,172,0
"org.apache.jackrabbit.spi.RepositoryServiceImpl$BatchImpl$Callable_23",1,0.00,2.00,9,0.09,2216.31,1,0,82,4,0,108.90,0,11,0,1,108.90,0.00,0.00,0.00,0,0.00,2,275.19,0,1,0,java.lang.Object,0.00,3,0,2,0,3,0,0,0,59,0
"org.apache.jackrabbit.spi.RepositoryServiceImpl$BatchImpl$Callable_24",1,0.00,1.00,5,0.02,162.57,1,0,82,3,0,127.52,0,5,0,1,127.52,0.00,0.00,0.00,0,0.00,1,58.19,0,1,0,java.lang.Object,0.00,2,0,1,0,2,0,0,0,18,0
"org.apache.jackrabbit.spi.RepositoryServiceImpl$BatchImpl$Callable_24$Callable_25",1,0.00,1.00,4,0.03,251.86,1,0,82,2,0,129.63,0,5,0,1,129.63,0.00,0.00,0.00,0,0.00,1,76.53,0,1,0,java.lang.Object,0.00,1,0,1,0,1,0,0,0,22,0
"org.apache.jackrabbit.spi.RepositoryServiceImpl$Callable",1,0.00,2.00,7,0.08,1860.32,1,0,82,7,0,113.57,0,10,0,1,113.57,0.00,0.00,0.00,0,1.00,2,246.04,0,1,0,java.lang.Object,0.00,6,0,2,0,6,0,0,0,53,0
"org.apache.jackrabbit.spi.RepositoryServiceImpl$Callable_0",1,0.00,3.00,11,0.17,5194.34,1,0,82,13,2,102.64,0,15,0,1,102.64,0.00,0.00,0.00,0,1.00,3,495.54,0,1,2,java.lang.Object,0.00,12,0,3,0,12,0,0,0,95,0
"org.apache.jackrabbit.spi.RepositoryServiceImpl$Callable_1",1,0.00,2.00,14,0.16,5137.21,1,0,82,11,1,148.87,1,18,0,1,98.87,0.00,0.00,0.00,0,1.00,2,490.81,0,1,1,java.lang.Object,0.00,10,0,2,0,10,0,0,1,96,0
"org.apache.jackrabbit.spi.RepositoryServiceImpl$Callable_10",1,0.00,3.00,14,0.16,7500.66,1,0,82,7,0,97.48,0,15,0,1,97.48,0.00,0.00,0.00,0,1.00,3,467.83,0,1,0,java.lang.Object,0.00,6,0,3,0,6,0,0,0,91,0
"org.apache.jackrabbit.spi.RepositoryServiceImpl$Callable_11",1,0.00,2.00,8,0.11,1983.70,1,0,82,8,0,111.19,0,11,0,1,111.19,0.00,0.00,0.00,0,0.00,2,320.75,0,1,0,java.lang.Object,0.00,7,0,2,0,7,0,0,0,66,0
"org.apache.jackrabbit.spi.RepositoryServiceImpl$Callable_12",1,0.00,6.00,34,0.49,29592.00,1,0,82,18,4,78.25,0,35,0,1,78.25,0.00,0.00,0.00,0,0.00,6,1473.43,0,1,4,java.lang.Object,0.00,17,0,6,0,17,0,0,0,240,0
"org.apache.jackrabbit.spi.RepositoryServiceImpl$Callable_13",1,0.00,3.00,13,0.16,5366.92,1,0,82,8,2,99.82,0,18,0,1,99.82,0.00,0.00,0.00,0,1.00,3,465.69,0,1,2,java.lang.Object,0.00,7,0,3,0,7,0,0,0,90,0
"org.apache.jackrabbit.spi.RepositoryServiceImpl$Callable_14",1,0.00,3.00,12,0.13,4190.41,1,0,82,7,2,101.97,0,16,0,1,101.97,0.00,0.00,0.00,0,1.00,3,385.40,0,1,2,java.lang.Object,0.00,6,0,3,0,6,0,0,0,77,0
"org.apache.jackrabbit.spi.RepositoryServiceImpl$Callable_2",1,0.00,1.00,4,0.03,278.00,1,0,82,3,0,129.30,0,5,0,1,129.30,0.00,0.00,0.00,0,1.00,1,84.00,0,1,0,java.lang.Object,0.00,2,0,1,0,2,0,0,0,23,0
"org.apache.jackrabbit.spi.RepositoryServiceImpl$Callable_26",1,0.00,1.00,2,0.01,51.30,1,0,82,1,0,146.30,0,3,0,1,146.30,0.00,0.00,0.00,0,1.00,1,27.65,0,1,0,,0.00,0,0,1,0,0,0,0,0,11,1
"org.apache.jackrabbit.spi.RepositoryServiceImpl$Callable_3",1,0.00,1.00,10,0.11,2209.22,1,0,82,9,1,107.36,0,13,0,1,107.36,0.00,0.00,0.00,0,1.00,1,344.05,0,1,1,java.lang.Object,0.00,8,0,1,0,8,0,0,0,69,0
"org.apache.jackrabbit.spi.RepositoryServiceImpl$Callable_4",1,0.00,1.00,5,0.06,952.83,1,0,82,5,1,121.47,0,6,0,1,121.47,0.00,0.00,0.00,0,0.00,1,173.06,0,1,1,java.lang.Object,0.00,4,0,1,0,4,0,0,0,40,0
"org.apache.jackrabbit.spi.RepositoryServiceImpl$Callable_5",1,0.00,1.00,4,0.03,258.13,1,0,82,3,0,129.55,0,5,0,1,129.55,0.00,0.00,0.00,0,1.00,1,78.32,0,1,0,java.lang.Object,0.00,2,0,1,0,2,0,0,0,22,0
"org.apache.jackrabbit.spi.RepositoryServiceImpl$Callable_6",1,0.00,1.00,4,0.03,292.00,1,0,82,3,0,129.13,0,5,0,1,129.13,0.00,0.00,0.00,0,1.00,1,88.00,0,1,0,java.lang.Object,0.00,2,0,1,0,2,0,0,0,24,0
"org.apache.jackrabbit.spi.RepositoryServiceImpl$Callable_7",1,0.00,1.00,4,0.03,292.00,1,0,82,3,0,129.13,0,5,0,1,129.13,0.00,0.00,0.00,0,1.00,1,88.00,0,1,0,java.lang.Object,0.00,2,0,1,0,2,0,0,0,24,0
"org.apache.jackrabbit.spi.RepositoryServiceImpl$Callable_8",1,0.00,2.00,9,0.09,2503.49,1,0,82,5,0,108.48,0,11,0,1,108.48,0.00,0.00,0.00,0,1.00,2,257.98,0,1,0,java.lang.Object,0.00,4,0,2,0,4,0,0,0,56,0
"org.apache.jackrabbit.spi.RepositoryServiceImpl$Callable_9",1,0.00,9.00,30,0.45,36429.86,1,0,82,14,5,129.47,1,39,0,1,79.47,0.00,0.00,0.00,0,0.00,9,1358.00,0,1,5,java.lang.Object,0.00,13,0,9,0,13,0,0,1,229,0
"org.apache.jackrabbit.spi.RepositoryServiceImpl$TraversingItemVisitor",4,0.00,1.50,11,0.15,2284.01,4,0,82,9,3,137.97,2,19,0,1,137.97,0.00,0.00,0.00,0,4.00,2,437.05,0,0,3,java.lang.Object,0.00,5,0,6,0,5,4,0,2,102,0
"org.apache.jackrabbit.spi.SessionInfoImpl",12,0.05,1.17,41,0.33,8181.46,16,4,10,28,5,112.98,64,58,2,1,130.85,0.00,0.00,0.21,1,48.00,3,992.96,0,8,3,java.lang.Object,0.00,16,0,14,0,16,4,1,19,247,0
"org.apache.jackrabbit.ocm.manager.collectionconverter.AllTests",2,0.00,1.00,13,0.13,3725.62,2,0,3,5,9,136.84,7,16,1,1,116.22,0.00,0.00,0.00,1,2.00,1,383.19,0,2,8,java.lang.Object,0.00,3,0,2,0,3,0,0,3,90,1
"org.apache.jackrabbit.ocm.manager.collectionconverter.ArrayListTest",4,1.00,1.50,62,0.83,38205.69,5,1,11,33,8,53.40,30,79,2,3,95.69,0.00,0.67,0.00,0,4.00,2,2502.41,2,1,6,org.apache.jackrabbit.ocm.TestBase,0.18,29,2,6,0,29,3,0,23,444,1
"org.apache.jackrabbit.ocm.manager.collectionconverter.CollectionConverter",4,0.00,1.00,5,0.08,480.83,4,0,4,4,7,117.06,48,11,4,1,154.62,0.00,0.00,0.00,0,4.00,1,242.41,0,1,3,,0.00,0,0,4,0,0,3,0,5,64,1
"org.apache.jackrabbit.ocm.manager.collectionconverter.DefaultCollectionConverterImplTest",6,1.00,1.67,137,1.97,79569.03,7,1,11,36,7,39.87,61,168,2,3,88.34,0.00,0.67,0.00,0,6.00,2,5904.51,3,1,5,org.apache.jackrabbit.ocm.TestBase,0.16,30,2,10,0,30,5,0,52,1007,1
"org.apache.jackrabbit.ocm.manager.collectionconverter.HashMapTest",4,1.00,1.50,62,0.84,40176.30,5,1,10,33,8,53.23,31,79,2,3,95.52,0.00,0.67,0.00,0,4.00,2,2508.89,2,1,6,org.apache.jackrabbit.ocm.TestBase,0.18,29,2,6,0,29,3,0,22,455,1
"org.apache.jackrabbit.ocm.manager.collectionconverter.ManageableCollection",3,0.00,1.00,4,0.02,76.31,3,0,1,3,19,142.06,17,6,19,1,159.93,0.00,0.00,0.00,0,3.00,1,50.87,0,1,0,,0.00,0,0,3,0,0,2,0,4,21,1
"org.apache.jackrabbit.ocm.manager.collectionconverter.ManageableCollectionUtil",3,0.00,6.33,47,0.67,44464.93,3,0,11,16,15,45.75,26,78,9,1,93.86,0.00,0.00,0.00,0,3.00,9,2000.80,0,3,6,java.lang.Object,0.00,13,0,19,0,13,0,0,4,378,1
"org.apache.jackrabbit.ocm.manager.collectionconverter.MultiValueCollectionConverterImplTest",4,1.00,1.50,45,0.60,24350.22,5,1,14,30,10,70.04,25,62,2,3,102.26,0.00,0.67,0.00,0,4.00,2,1805.43,2,1,8,org.apache.jackrabbit.ocm.TestBase,0.18,26,2,6,0,26,3,0,16,341,1
"org.apache.jackrabbit.ocm.manager.collectionconverter.NTCollectionConverterImplTest",4,1.00,1.50,50,0.79,35811.42,5,1,13,33,9,51.42,34,68,2,3,99.53,0.00,0.67,0.00,0,4.00,2,2370.65,3,1,7,org.apache.jackrabbit.ocm.TestBase,0.18,29,2,6,0,29,3,0,25,426,1
"org.apache.jackrabbit.ocm.manager.collectionconverter.ResidualNodesCollectionConverterImplTest",4,1.00,1.50,53,0.85,41918.58,5,1,10,30,8,49.59,32,70,2,3,97.69,0.00,0.67,0.00,0,4.00,2,2563.61,2,1,6,org.apache.jackrabbit.ocm.TestBase,0.18,26,2,6,0,26,3,0,22,449,1
"org.apache.jackrabbit.ocm.manager.collectionconverter.ResidualPropertiesCollectionConverterImplTest",4,1.00,1.50,62,1.13,66646.20,5,1,11,30,7,45.69,32,79,2,3,93.79,0.00,0.67,0.00,0,4.00,2,3390.11,2,1,5,org.apache.jackrabbit.ocm.TestBase,0.18,26,2,6,0,26,3,0,22,562,1
"org.apache.jackrabbit.ocm.manager.objectconverter.ObjectConverter",9,0.00,1.00,10,0.13,746.93,9,0,3,9,21,105.89,81,12,20,1,155.89,0.00,0.00,0.00,0,9.00,1,392.11,0,3,1,,0.00,0,0,9,0,0,6,0,10,111,1
"org.apache.jackrabbit.ocm.manager.objectconverter.ProxyManager",2,0.00,1.00,3,0.04,246.61,2,0,4,2,4,154.53,0,8,1,1,154.53,0.00,0.00,0.00,0,2.00,1,125.30,0,2,3,,0.00,0,0,2,0,0,0,0,0,34,1
"org.apache.jackrabbit.jca.test.AbstractTestCase",1,4.00,1.00,11,0.16,3622.63,7,6,4,5,2,154.12,25,17,1,2,104.13,1.00,0.33,0.33,0,0.00,1,471.00,0,0,1,junit.framework.TestCase,0.00,4,1,1,1,4,1,0,9,100,2
"org.apache.jackrabbit.jca.test.ConnectionFactoryTest",3,0.00,1.00,32,0.40,16027.98,3,0,9,14,4,56.24,24,37,0,3,104.34,0.00,0.67,0.00,0,0.00,1,1205.67,0,0,4,org.apache.jackrabbit.jca.test.AbstractTestCase,0.00,11,2,3,0,11,3,0,16,245,2
"org.apache.jackrabbit.ocm.manager.beanconverter.AllTests",2,0.00,1.00,7,0.05,899.31,2,0,3,5,3,152.93,7,10,1,1,132.31,0.00,0.00,0.00,1,2.00,1,155.16,0,2,2,java.lang.Object,0.00,3,0,2,0,3,0,0,3,42,1
"org.apache.jackrabbit.ocm.manager.beanconverter.BeanConverter",5,0.00,1.00,6,0.14,693.14,5,0,8,5,12,172.27,93,12,8,1,154.13,0.00,0.00,0.00,0,5.00,1,423.23,0,2,6,,0.00,0,0,5,0,0,3,0,6,103,1
"org.apache.jackrabbit.ocm.manager.beanconverter.BeanDescriptorTest",9,0.00,1.56,140,1.91,83627.31,9,0,16,70,13,116.39,34,165,2,3,95.78,0.00,0.67,0.00,1,18.00,3,5740.59,4,1,11,org.apache.jackrabbit.ocm.TestBase,0.27,61,2,14,0,61,8,0,25,1064,1
"org.apache.jackrabbit.ocm.manager.beanconverter.FakeBeanConverter",6,0.20,1.67,23,0.41,8067.38,7,1,15,11,12,168.33,14,46,1,2,128.45,0.00,0.50,0.83,0,0.00,2,1223.42,0,2,11,org.apache.jackrabbit.ocm.manager.beanconverter.impl.AbstractBeanConverterImpl,0.00,5,1,10,0,5,4,1,6,250,1
"org.apache.jackrabbit.test.api.observation.AbstractObservationTest",11,0.40,1.55,51,0.65,16279.61,13,2,12,31,18,75.37,97,80,16,4,123.48,5.33,0.15,0.14,2,35.00,3,1957.85,1,1,2,org.apache.jackrabbit.test.AbstractJCRTest,0.14,20,3,17,16,20,10,0,14,427,2
"org.apache.jackrabbit.test.api.observation.AddEventListenerTest",7,0.00,1.29,82,1.22,35028.85,7,0,5,23,5,60.67,54,112,2,5,102.96,0.00,0.80,0.00,0,0.00,2,3655.93,3,1,3,org.apache.jackrabbit.test.api.observation.AbstractObservationTest,0.00,16,4,9,0,16,6,0,11,678,1
"org.apache.jackrabbit.test.api.observation.EventIteratorTest",3,0.00,1.67,47,0.59,15877.45,3,0,5,15,5,53.56,33,54,2,5,97.69,0.00,0.80,0.00,0,0.00,2,1770.04,2,0,3,org.apache.jackrabbit.test.api.observation.AbstractObservationTest,0.00,12,4,5,0,12,3,0,8,328,1
"org.apache.jackrabbit.test.api.observation.EventResult",5,0.00,2.00,30,0.28,5463.78,8,3,8,16,16,73.76,56,43,16,1,117.89,0.00,0.00,0.33,2,2.00,3,845.75,0,3,0,java.lang.Object,0.00,11,0,10,0,11,2,1,11,195,1
"org.apache.jackrabbit.test.api.observation.EventTest",3,0.00,1.00,33,0.42,8149.26,3,0,3,13,4,62.82,22,37,2,5,105.11,0.00,0.80,0.00,0,0.00,1,1256.61,2,0,2,org.apache.jackrabbit.test.api.observation.AbstractObservationTest,0.00,10,4,3,0,10,3,0,4,243,1
"org.apache.jackrabbit.test.api.observation.GetRegisteredEventListenersTest",2,0.00,1.00,21,0.24,6030.45,2,0,2,5,4,74.08,12,24,2,5,106.30,0.00,0.80,0.00,0,0.00,1,725.25,3,0,2,org.apache.jackrabbit.test.api.observation.AbstractObservationTest,0.00,3,4,2,0,3,2,0,2,152,1
"org.apache.jackrabbit.test.api.observation.LockingTest",3,0.00,2.67,56,0.76,26224.52,3,0,5,18,4,48.78,33,54,2,5,92.91,0.00,0.80,0.00,1,0.00,3,2285.30,2,1,2,org.apache.jackrabbit.test.api.observation.AbstractObservationTest,0.00,15,4,8,0,15,2,0,6,397,1
"org.apache.jackrabbit.test.api.observation.NodeAddedTest",4,0.00,1.00,37,0.45,9306.06,4,0,3,9,4,66.60,29,42,2,5,108.89,0.00,0.80,0.00,0,0.00,1,1340.86,3,0,2,org.apache.jackrabbit.test.api.observation.AbstractObservationTest,0.00,5,4,4,0,5,4,0,5,272,1
"org.apache.jackrabbit.test.api.observation.NodeMovedTest",3,0.00,1.00,51,0.75,22884.22,3,0,3,10,4,133.83,64,55,2,5,94.53,0.00,0.80,0.00,0,0.00,1,2244.95,4,0,2,org.apache.jackrabbit.test.api.observation.AbstractObservationTest,0.00,7,4,3,0,7,3,0,9,415,1
"org.apache.jackrabbit.test.api.observation.NodeRemovedTest",2,0.00,1.00,22,0.26,5683.06,2,0,3,7,4,60.83,22,25,2,5,104.96,0.00,0.80,0.00,0,0.00,1,780.98,3,0,2,org.apache.jackrabbit.test.api.observation.AbstractObservationTest,0.00,5,4,2,0,5,2,0,3,157,1
"org.apache.jackrabbit.test.api.observation.NodeReorderTest",3,0.00,5.67,101,1.49,91431.72,3,0,4,17,5,92.43,102,113,2,5,78.65,0.00,0.80,0.00,0,0.00,6,4466.80,4,0,3,org.apache.jackrabbit.test.api.observation.AbstractObservationTest,0.00,14,4,17,0,14,3,0,36,739,1
"org.apache.jackrabbit.test.api.observation.PropertyAddedTest",3,0.00,1.33,37,0.48,12114.70,3,0,5,13,4,52.28,28,40,2,5,102.28,0.00,0.80,0.00,0,0.00,2,1451.08,3,0,2,org.apache.jackrabbit.test.api.observation.AbstractObservationTest,0.00,10,4,4,0,10,3,0,4,274,1
"org.apache.jackrabbit.test.api.observation.PropertyChangedTest",4,0.00,1.75,65,1.06,47696.82,4,0,7,24,5,45.38,43,72,2,5,93.85,0.00,0.80,0.00,0,0.00,4,3181.32,3,0,3,org.apache.jackrabbit.test.api.observation.AbstractObservationTest,0.00,20,4,7,0,20,4,0,7,548,1
"org.apache.jackrabbit.test.api.observation.PropertyRemovedTest",2,0.00,1.00,26,0.35,8251.55,2,0,4,8,4,56.85,23,30,2,5,100.98,0.00,0.80,0.00,0,0.00,1,1046.31,3,0,2,org.apache.jackrabbit.test.api.observation.AbstractObservationTest,0.00,6,4,2,0,6,2,0,3,199,1
"org.apache.jackrabbit.test.api.observation.TestAll",1,0.00,1.00,17,0.20,7463.72,1,0,3,3,15,46.13,10,19,2,2,94.60,0.00,0.50,0.00,0,1.00,1,597.20,0,1,13,junit.framework.TestCase,0.00,2,1,1,0,2,0,0,2,127,1
"org.apache.jackrabbit.test.api.observation.WorkspaceOperationTest",3,0.00,1.00,44,0.66,18361.59,3,0,3,11,4,48.43,28,48,2,5,98.43,0.00,0.80,0.00,0,0.00,1,1975.37,4,0,2,org.apache.jackrabbit.test.api.observation.AbstractObservationTest,0.00,8,4,3,0,8,3,0,4,367,1
"org.apache.jackrabbit.webdav.jcr.property.LengthsProperty",3,0.50,1.33,16,0.15,3065.42,4,1,5,6,4,88.94,19,18,1,2,121.16,0.00,0.50,0.67,0,2.00,2,436.03,1,2,3,org.apache.jackrabbit.webdav.property.AbstractDavProperty,0.00,3,1,4,0,3,1,1,4,99,1
"org.apache.jackrabbit.webdav.jcr.property.NamespacesProperty",6,0.10,2.17,46,0.66,18241.82,8,2,18,28,9,161.87,8,57,2,2,111.87,0.00,0.50,0.58,0,0.00,5,1971.00,1,3,7,org.apache.jackrabbit.webdav.property.AbstractDavProperty,0.00,22,1,13,0,22,3,1,4,382,1
"org.apache.jackrabbit.webdav.jcr.property.ValuesProperty",13,0.08,2.38,82,1.19,47415.44,15,2,20,42,12,81.50,88,105,4,2,113.72,0.00,0.50,0.42,2,0.00,8,3579.59,1,7,8,org.apache.jackrabbit.webdav.property.AbstractDavProperty,0.00,29,1,31,0,29,6,1,21,694,1
"org.apache.jackrabbit.server.AbstractWebdavServlet",44,0.48,3.16,405,5.82,204086.40,46,2,64,160,54,56.27,414,583,2,2,106.27,2.00,0.25,0.03,6,280.00,31,17464.79,1,6,52,javax.servlet.http.HttpServlet,0.00,116,1,139,2,116,38,1,83,3222,2
"org.apache.jackrabbit.server.BasicCredentialsProvider",2,1.00,4.00,30,0.47,30854.18,3,1,9,17,5,111.96,36,43,2,1,93.83,0.00,0.00,0.50,0,2.00,7,1400.27,0,1,3,java.lang.Object,0.00,15,0,8,0,15,1,1,4,243,1
"org.apache.jackrabbit.server.CredentialsProvider",1,0.00,1.00,2,0.01,78.44,1,0,4,1,4,100.72,11,4,4,1,144.85,0.00,0.00,0.00,0,1.00,1,41.22,0,1,0,,0.00,0,0,1,0,0,0,0,2,14,1
"org.apache.jackrabbit.server.RepositorySetup",5,0.17,1.80,37,0.42,11365.07,11,6,18,20,8,64.43,53,49,2,1,112.91,0.00,0.00,0.03,0,8.00,3,1269.08,0,1,6,java.lang.Object,0.00,15,0,9,0,15,4,0,13,270,1
"org.apache.jackrabbit.server.RepositorySetup$CreateTestWorkspace",1,0.00,2.00,5,0.07,1174.53,1,0,18,5,1,141.21,3,8,0,1,120.59,0.00,0.00,0.00,0,0.00,2,214.16,0,0,1,java.lang.Object,0.00,4,0,2,0,4,1,1,1,50,2
"org.apache.jackrabbit.server.RepositorySetup$ImportTestContent",1,0.00,5.00,10,0.14,3911.82,1,0,18,7,0,105.27,4,20,0,1,105.04,0.00,0.00,0.00,0,0.00,5,410.36,0,0,0,java.lang.Object,0.00,6,0,5,0,6,1,1,2,82,2
"org.apache.jackrabbit.server.RepositorySetup$RegisterNamespaces",1,0.00,4.00,11,0.12,3619.13,1,0,18,8,0,104.05,4,19,0,1,103.81,0.00,0.00,0.00,0,0.00,4,359.65,0,0,0,java.lang.Object,0.00,7,0,4,0,7,1,1,2,75,2
"org.apache.jackrabbit.server.RepositorySetup$RegisterNodeTypes",1,0.00,7.00,22,0.31,13693.36,1,0,18,15,4,70.03,5,31,0,1,87.90,0.00,0.00,0.00,0,0.00,7,919.79,0,0,4,java.lang.Object,0.00,14,0,7,0,14,1,1,3,162,2
"org.apache.jackrabbit.server.RepositorySetup$Task",1,0.00,1.00,2,0.01,51.30,1,0,18,1,0,114.08,6,3,0,1,146.30,0.00,0.00,0.00,0,1.00,1,27.65,0,0,0,,0.00,0,0,1,0,0,1,0,1,11,1
"org.apache.jackrabbit.server.RepositoryStartupServlet",6,0.28,3.67,91,1.22,47938.11,14,8,18,41,4,47.62,61,121,1,2,96.10,0.00,0.50,0.35,4,0.00,9,3670.90,2,0,3,javax.servlet.http.HttpServlet,0.00,35,1,22,0,35,6,0,22,670,1
"org.apache.jackrabbit.server.SessionProvider",2,0.00,1.00,3,0.03,158.68,2,0,6,2,4,106.04,19,5,4,1,156.04,0.00,0.00,0.00,0,2.00,1,86.25,0,1,0,,0.00,0,0,2,0,0,1,0,3,26,1
"org.apache.jackrabbit.server.SessionProviderImpl",3,1.00,1.33,12,0.11,2236.10,4,1,7,6,4,107.98,16,19,2,1,125.86,0.00,0.00,0.33,0,4.00,2,342.21,0,1,2,java.lang.Object,0.00,3,0,4,0,3,2,1,5,82,1
"org.apache.jackrabbit.test.api.AbstractImportXmlTest",13,0.09,2.46,212,2.80,80518.52,52,39,39,78,3,47.91,112,265,1,4,96.02,0.33,0.60,0.11,4,16.00,4,8404.78,2,5,2,org.apache.jackrabbit.test.AbstractJCRTest,0.27,65,3,32,1,65,8,0,34,1498,1
"org.apache.jackrabbit.test.api.AbstractPropertyTest",5,0.06,1.60,29,0.31,7330.65,9,4,6,15,12,120.12,21,38,9,4,119.89,3.00,0.23,0.20,2,7.00,3,944.00,3,1,3,org.apache.jackrabbit.test.AbstractJCRTest,0.55,10,3,8,9,10,4,0,9,197,1
"org.apache.jackrabbit.test.api.AbstractWorkspaceCopyBetweenTest",4,0.28,2.50,43,0.46,11878.25,10,6,6,23,7,63.85,29,53,5,5,106.14,4.25,0.18,0.38,2,0.00,4,1378.33,3,1,2,org.apache.jackrabbit.test.api.AbstractWorkspaceCopyTest,0.42,19,4,10,17,19,3,0,13,291,1
"org.apache.jackrabbit.test.api.AbstractWorkspaceCopyTest",3,0.00,1.67,18,0.16,2779.16,6,3,4,8,4,86.27,18,26,3,4,118.49,6.67,0.12,0.33,1,5.00,3,478.45,2,0,1,org.apache.jackrabbit.test.AbstractJCRTest,0.40,5,3,5,20,5,3,0,7,114,1
"org.apache.jackrabbit.test.api.AbstractWorkspaceReferenceableTest",2,0.00,2.50,14,0.16,4322.66,2,0,6,9,6,80.78,12,21,4,6,113.01,0.80,0.50,0.00,0,0.00,3,474.19,1,1,2,org.apache.jackrabbit.test.api.AbstractWorkspaceCopyBetweenTest,0.23,7,5,5,4,7,1,0,4,103,1
"org.apache.jackrabbit.test.api.AbstractWorkspaceSameNameSibsTest",1,0.00,9.00,36,0.43,24727.37,5,4,5,9,6,121.79,22,42,4,6,77.85,0.80,0.50,1.00,0,0.00,9,1277.49,2,0,2,org.apache.jackrabbit.test.api.AbstractWorkspaceCopyBetweenTest,0.24,8,5,9,4,8,1,0,10,229,1
"org.apache.jackrabbit.test.api.AbstractWorkspaceVersionableTest",2,0.00,2.50,15,0.18,4853.42,2,0,6,10,6,94.74,10,22,4,6,112.61,0.80,0.50,0.00,0,0.00,3,530.69,1,1,2,org.apache.jackrabbit.test.api.AbstractWorkspaceCopyBetweenTest,0.23,8,5,5,4,8,1,0,4,113,1
"org.apache.jackrabbit.test.api.AddNodeTest",11,0.00,1.73,69,0.80,15677.06,11,0,8,26,3,84.79,72,101,2,4,117.01,0.00,0.75,0.00,0,0.00,3,2395.23,0,0,1,org.apache.jackrabbit.test.AbstractJCRTest,0.00,15,3,19,0,15,11,0,30,517,1
"org.apache.jackrabbit.test.api.Base64",11,0.12,2.27,108,1.78,229742.97,15,4,7,18,2,58.91,86,135,2,1,101.20,0.00,0.00,0.14,2,39.00,8,5351.38,0,0,0,java.lang.Object,0.00,7,0,25,0,7,11,0,23,993,1
"org.apache.jackrabbit.test.api.BinaryPropertyTest",13,0.00,3.08,115,1.33,44397.54,13,0,7,47,5,91.36,76,185,2,5,109.23,0.00,0.80,0.00,0,0.00,6,3979.19,0,1,3,org.apache.jackrabbit.test.api.AbstractPropertyTest,0.29,34,4,40,0,34,12,0,25,787,1
"org.apache.jackrabbit.test.api.BooleanPropertyTest",12,0.00,2.67,89,1.01,34150.07,12,0,7,38,4,94.18,67,147,2,5,112.05,0.00,0.80,0.00,0,0.00,6,3037.72,0,1,2,org.apache.jackrabbit.test.api.AbstractPropertyTest,0.29,26,4,32,0,26,11,0,25,604,1
"org.apache.jackrabbit.test.api.CheckPermissionTest",3,0.00,2.67,27,0.33,9623.48,3,0,3,10,3,59.46,26,39,2,4,107.57,0.00,0.75,0.00,2,0.00,5,998.73,0,0,1,org.apache.jackrabbit.test.AbstractJCRTest,0.00,7,3,8,0,7,3,0,7,203,1
"org.apache.jackrabbit.test.api.DatePropertyTest",12,0.00,2.50,90,1.05,34563.01,12,0,8,39,4,94.15,68,143,2,5,112.02,0.00,0.80,0.00,0,0.00,6,3142.62,0,1,2,org.apache.jackrabbit.test.api.AbstractPropertyTest,0.29,27,4,30,0,27,11,0,27,626,1
"org.apache.jackrabbit.test.api.DocumentViewImportTest",21,0.01,2.05,149,1.82,51415.21,25,4,13,47,4,94.75,120,229,2,5,112.62,0.00,0.80,0.26,11,136.00,6,5474.38,6,0,2,org.apache.jackrabbit.test.api.AbstractImportXmlTest,0.20,26,4,43,0,26,21,0,47,1066,1
"org.apache.jackrabbit.test.api.DoublePropertyTest",12,0.00,2.50,89,1.04,35436.40,12,0,8,41,4,94.06,65,140,2,5,111.94,0.00,0.80,0.00,0,0.00,6,3118.48,0,1,2,org.apache.jackrabbit.test.api.AbstractPropertyTest,0.29,29,4,30,0,29,11,0,23,622,1
"org.apache.jackrabbit.test.api.EscapeJCRUtil",7,0.22,2.57,73,0.80,43331.10,10,3,1,18,2,124.24,27,89,1,1,103.62,0.00,0.00,0.14,5,17.00,7,2403.89,0,6,1,java.lang.Object,0.00,11,0,18,0,11,1,0,8,491,1
"org.apache.jackrabbit.test.api.ExportDocViewTest",39,0.04,3.05,434,5.94,254647.70,59,20,40,145,6,51.86,361,596,2,4,101.86,0.00,0.75,0.09,23,700.00,10,17818.37,3,11,4,org.apache.jackrabbit.test.AbstractJCRTest,0.14,106,3,119,0,106,28,0,100,3303,1
"org.apache.jackrabbit.test.api.ExportDocViewTest$AttributeSeparator",4,0.33,1.75,30,0.26,5803.98,10,6,40,13,0,114.45,1,35,0,1,114.45,0.00,0.00,0.42,1,0.00,4,786.84,0,2,0,java.lang.Object,0.00,9,0,7,0,9,2,0,1,174,1
"org.apache.jackrabbit.test.api.ExportDocViewTest$StackEntry",0,0.00,0.00,3,0.02,129.73,2,2,40,0,0,171.00,2,4,0,1,171.00,0.00,0.00,0.00,0,0.00,0,51.89,0,0,0,java.lang.Object,0.00,0,0,0,0,0,0,0,2,15,1
"org.apache.jackrabbit.test.api.ExportSysViewTest",12,0.19,1.17,45,0.49,7798.54,19,7,15,25,4,170.90,24,72,2,4,131.02,0.00,0.75,0.32,2,4.00,2,1466.45,2,0,2,org.apache.jackrabbit.test.AbstractJCRTest,0.28,13,3,14,0,13,12,0,4,335,1
"org.apache.jackrabbit.test.api.ExportSysViewTest$SysViewParser",2,0.00,1.50,18,0.18,3600.12,7,5,15,9,1,159.68,3,24,0,1,109.68,0.00,0.00,0.20,0,0.00,2,551.08,0,0,1,java.lang.Object,0.00,7,0,3,0,7,2,0,3,122,1
"org.apache.jackrabbit.test.api.ImpersonateTest",1,0.00,7.00,25,0.37,17717.28,1,0,9,12,4,103.08,18,39,2,4,84.95,0.00,0.75,0.00,0,0.00,7,1120.10,0,0,2,org.apache.jackrabbit.test.AbstractJCRTest,0.00,11,3,7,0,11,1,0,8,193,1
"org.apache.jackrabbit.test.api.LongPropertyTest",12,0.00,2.50,87,1.01,32818.26,12,0,8,40,4,94.33,64,140,2,5,112.20,0.00,0.80,0.00,0,0.00,6,3039.21,0,1,2,org.apache.jackrabbit.test.api.AbstractPropertyTest,0.29,28,4,30,0,28,11,0,23,608,1
"org.apache.jackrabbit.test.api.NamePropertyTest",9,0.00,1.78,39,0.38,6558.83,9,0,4,21,4,93.65,62,70,2,5,125.87,0.00,0.80,0.00,0,0.00,4,1153.15,0,1,2,org.apache.jackrabbit.test.api.AbstractPropertyTest,0.32,12,4,16,0,12,8,0,16,263,1
"org.apache.jackrabbit.test.api.NamespaceRegistryReadMethodsTest",6,0.25,2.17,59,0.71,18182.25,10,4,10,21,4,75.59,37,71,2,4,107.81,0.00,0.75,0.46,0,0.00,3,2137.52,2,0,2,org.apache.jackrabbit.test.AbstractJCRTest,0.35,15,3,13,0,15,6,0,12,421,1
"org.apache.jackrabbit.test.api.NamespaceRegistryTest",8,0.24,2.75,76,0.87,21480.05,14,6,8,33,3,65.88,58,108,2,4,108.17,0.00,0.75,0.38,0,0.00,5,2607.96,2,2,1,org.apache.jackrabbit.test.AbstractJCRTest,0.32,25,3,22,0,25,6,0,28,540,1
"org.apache.jackrabbit.test.api.NamespaceRemappingTest",11,0.10,1.82,84,0.97,21013.87,13,2,10,38,3,81.28,73,114,2,4,113.50,0.00,0.75,0.59,2,0.00,3,2896.23,2,2,1,org.apache.jackrabbit.test.AbstractJCRTest,0.29,27,3,20,0,27,9,0,29,602,1
"org.apache.jackrabbit.test.api.NodeAddMixinTest",6,0.00,4.17,93,1.26,46408.35,6,0,12,39,5,52.05,71,129,2,4,96.18,0.00,0.75,0.00,1,0.00,6,3784.14,1,0,3,org.apache.jackrabbit.test.AbstractJCRTest,0.00,33,3,25,0,33,6,0,32,665,1
"org.apache.jackrabbit.test.api.NodeCanAddMixinTest",3,0.00,4.00,47,0.68,22056.97,3,0,8,24,5,46.36,29,72,2,4,96.36,0.00,0.75,0.00,0,0.00,5,2036.69,0,0,3,org.apache.jackrabbit.test.AbstractJCRTest,0.00,21,3,12,0,21,3,0,11,357,1
"org.apache.jackrabbit.test.api.NodeDiscoveringNodeTypesTest",6,0.10,2.83,63,0.83,27652.95,8,2,9,29,4,56.50,49,100,2,4,104.61,0.00,0.75,0.42,1,2.00,5,2495.48,2,1,2,org.apache.jackrabbit.test.AbstractJCRTest,0.35,23,3,17,0,23,5,0,14,476,1
"org.apache.jackrabbit.test.api.NodeItemIsModifiedTest",4,0.00,1.00,23,0.29,3640.74,4,0,4,12,3,84.06,49,28,2,4,121.62,0.00,0.75,0.00,0,0.00,1,875.35,0,0,1,org.apache.jackrabbit.test.AbstractJCRTest,0.00,8,3,4,0,8,4,0,11,188,1
"org.apache.jackrabbit.test.api.NodeItemIsNewTest",2,0.00,1.00,10,0.13,1491.05,2,0,4,9,3,92.93,26,13,2,4,122.31,0.00,0.75,0.00,0,0.00,1,380.20,0,0,1,org.apache.jackrabbit.test.AbstractJCRTest,0.00,7,3,2,0,7,2,0,5,85,1
"org.apache.jackrabbit.test.api.NodeIteratorTest",5,0.00,2.80,45,0.45,14239.92,5,0,5,13,4,75.74,30,63,2,4,107.96,0.00,0.75,0.00,0,0.00,5,1336.28,1,0,2,org.apache.jackrabbit.test.AbstractJCRTest,0.18,8,3,14,0,8,5,0,11,280,1
"org.apache.jackrabbit.test.api.NodeMixinUtil",2,0.00,2.50,16,0.22,4860.58,2,0,5,12,3,92.57,10,24,3,1,110.44,0.00,0.00,0.00,0,2.00,3,660.97,0,2,0,java.lang.Object,0.00,10,0,5,0,10,0,0,3,134,1
"org.apache.jackrabbit.test.api.NodeOrderableChildNodesTest",9,0.46,1.44,79,1.02,17590.65,12,3,9,26,4,67.18,101,107,2,4,111.31,0.00,0.75,0.74,2,0.00,2,3071.62,1,0,2,org.apache.jackrabbit.test.AbstractJCRTest,0.00,17,3,13,0,17,9,0,42,621,1
"org.apache.jackrabbit.test.api.NodeReadMethodsTest",36,0.39,3.44,416,5.99,386156.92,38,2,16,106,4,67.91,230,631,2,4,100.13,0.00,0.75,0.12,6,0.00,14,17968.85,3,6,2,org.apache.jackrabbit.test.AbstractJCRTest,0.15,70,3,124,0,70,30,0,89,3227,1
"org.apache.jackrabbit.test.api.NodeReadMethodsTest$ItemVisitor",2,0.00,1.00,5,0.04,319.50,2,0,16,5,0,142.42,0,8,0,1,142.42,0.00,0.00,0.00,0,2.00,1,114.87,0,0,0,java.lang.Object,0.00,3,0,2,0,3,2,0,0,33,0
"org.apache.jackrabbit.test.api.NodeRemoveMixinTest",4,0.00,5.00,78,1.10,41066.65,4,0,12,27,5,80.98,60,119,2,4,91.34,0.00,0.75,0.00,0,0.00,6,3308.12,0,0,3,org.apache.jackrabbit.test.AbstractJCRTest,0.00,23,3,20,0,23,4,0,26,572,1
"org.apache.jackrabbit.test.api.NodeTest",37,0.89,1.78,345,4.70,107059.61,38,1,15,83,4,63.89,432,465,2,4,108.01,0.00,0.75,0.14,0,0.00,5,14095.15,6,0,2,org.apache.jackrabbit.test.AbstractJCRTest,0.15,46,3,66,0,46,37,0,234,2755,1
"org.apache.jackrabbit.test.api.NodeUUIDTest",3,0.00,2.00,33,0.46,11040.72,3,0,8,21,4,151.18,70,45,2,4,103.91,0.00,0.75,0.00,1,0.00,2,1381.18,1,0,2,org.apache.jackrabbit.test.AbstractJCRTest,0.00,18,3,6,0,18,3,0,26,264,1
"org.apache.jackrabbit.test.api.PathPropertyTest",9,0.00,1.78,39,0.38,6558.83,9,0,4,21,4,107.99,49,70,2,5,125.87,0.00,0.80,0.00,0,0.00,4,1153.15,0,1,2,org.apache.jackrabbit.test.api.AbstractPropertyTest,0.32,12,4,16,0,12,8,0,16,263,1
"org.apache.jackrabbit.test.api.PropertyItemIsModifiedTest",5,0.00,1.20,30,0.36,4845.13,6,1,5,16,3,68.42,46,38,2,4,118.41,0.00,0.75,1.00,0,0.00,2,1076.51,1,0,1,org.apache.jackrabbit.test.AbstractJCRTest,0.18,11,3,6,0,11,5,0,10,233,1
"org.apache.jackrabbit.test.api.PropertyItemIsNewTest",3,0.00,1.33,17,0.20,2739.90,4,1,5,13,3,73.07,30,23,2,4,121.55,0.00,0.75,1.00,0,0.00,2,596.27,1,0,1,org.apache.jackrabbit.test.AbstractJCRTest,0.20,10,3,4,0,10,3,0,6,132,1
"org.apache.jackrabbit.test.api.PropertyReadMethodsTest",19,0.11,1.79,100,1.13,25545.10,21,2,12,54,5,102.28,98,166,2,4,120.16,0.00,0.75,0.39,0,0.00,4,3384.16,2,0,3,org.apache.jackrabbit.test.AbstractJCRTest,0.22,35,3,34,0,35,19,0,31,725,1
"org.apache.jackrabbit.test.api.PropertyReadMethodsTest$ItemVisitor",2,0.00,1.00,5,0.04,319.50,2,0,12,5,0,142.42,0,9,0,1,142.42,0.00,0.00,0.00,0,2.00,1,114.87,0,0,0,java.lang.Object,0.00,3,0,2,0,3,2,0,0,33,0
"org.apache.jackrabbit.test.api.PropertyTest",1,0.00,1.00,11,0.15,2874.20,1,0,5,11,3,154.92,25,17,2,4,104.92,0.00,0.75,0.00,0,0.00,1,438.34,0,0,1,org.apache.jackrabbit.test.AbstractJCRTest,0.00,10,3,1,0,10,1,0,5,86,1
"org.apache.jackrabbit.test.api.PropertyTypeTest",3,0.00,2.67,31,0.40,15808.15,3,0,8,20,3,71.94,18,49,2,4,104.16,0.00,0.75,0.00,1,5.00,6,1206.42,1,0,1,org.apache.jackrabbit.test.AbstractJCRTest,0.20,17,3,8,0,17,3,0,3,225,1
"org.apache.jackrabbit.test.api.PropertyUtil",13,0.05,4.15,189,2.58,110779.16,29,16,16,42,16,54.68,101,280,16,1,96.97,0.00,0.00,0.01,1,46.00,8,7735.36,0,5,0,java.lang.Object,0.00,29,0,54,0,29,8,0,23,1397,1
"org.apache.jackrabbit.test.api.ReferencePropertyTest",12,0.73,1.58,52,0.59,10382.18,13,1,7,36,4,107.43,60,86,2,5,125.31,0.00,0.80,0.33,0,0.00,4,1780.75,1,1,2,org.apache.jackrabbit.test.api.AbstractPropertyTest,0.44,24,4,19,0,24,11,0,20,388,1
"org.apache.jackrabbit.test.api.ReferenceableRootNodesTest",3,0.75,3.00,27,0.29,7477.19,5,2,5,14,4,60.30,26,39,2,4,108.40,0.00,0.75,1.00,0,0.00,3,866.42,2,0,2,org.apache.jackrabbit.test.AbstractJCRTest,0.40,11,3,9,0,11,3,0,8,185,1
"org.apache.jackrabbit.test.api.ReferencesTest",3,0.00,7.33,100,1.62,95811.17,3,0,3,31,4,40.87,37,122,2,4,78.43,0.00,0.75,0.00,0,0.00,11,4860.32,2,0,2,org.apache.jackrabbit.test.AbstractJCRTest,0.00,28,3,22,0,28,3,0,24,836,1
"org.apache.jackrabbit.test.api.RepositoryDescriptorTest",4,0.00,1.75,42,0.43,8198.44,6,2,8,15,3,89.62,22,47,2,4,107.49,0.00,0.75,0.50,0,0.00,2,1291.25,2,0,1,org.apache.jackrabbit.test.AbstractJCRTest,0.38,11,3,7,0,11,4,0,6,290,1
"org.apache.jackrabbit.test.api.RepositoryLoginTest",4,0.56,1.50,32,0.31,6452.74,7,3,6,14,3,79.74,25,55,2,4,111.96,0.00,0.75,0.75,0,0.00,3,928.64,1,0,1,org.apache.jackrabbit.test.AbstractJCRTest,0.19,10,3,6,0,10,4,0,6,201,1
"org.apache.jackrabbit.test.api.RootNodeTest",6,0.10,1.33,22,0.18,2075.96,8,2,5,15,3,133.38,29,32,2,4,133.14,0.00,0.75,0.58,0,0.00,2,549.08,2,0,1,org.apache.jackrabbit.test.AbstractJCRTest,0.35,9,3,8,0,9,6,0,10,140,1
"org.apache.jackrabbit.test.api.SerializationContext",2,0.96,1.50,61,0.65,10501.89,29,27,2,4,3,126.40,5,65,2,1,86.51,0.00,0.00,0.52,0,0.00,2,1941.30,0,1,1,java.lang.Object,0.00,2,0,3,0,2,1,0,2,351,0
"org.apache.jackrabbit.test.api.SerializationTest",59,0.16,1.61,310,3.47,85765.76,71,12,29,108,6,159.80,163,465,2,4,119.91,0.00,0.75,0.24,12,260.00,5,10404.41,3,2,4,org.apache.jackrabbit.test.AbstractJCRTest,0.11,49,3,95,0,49,57,0,56,2169,1
"org.apache.jackrabbit.test.api.SessionReadMethodsTest",13,0.04,2.00,83,0.89,23733.63,15,2,9,41,4,98.26,67,121,2,4,116.13,0.00,0.75,0.46,2,0.00,4,2672.37,2,2,2,org.apache.jackrabbit.test.AbstractJCRTest,0.27,28,3,26,0,28,11,0,19,577,1
"org.apache.jackrabbit.test.api.SessionTest",15,0.00,1.80,184,2.65,72399.86,15,0,12,42,4,110.73,262,237,2,4,101.60,0.00,0.75,0.00,0,0.00,5,7947.70,0,0,2,org.apache.jackrabbit.test.AbstractJCRTest,0.00,27,3,27,0,27,15,0,142,1516,1
"org.apache.jackrabbit.test.api.SessionUUIDTest",2,0.00,3.00,31,0.47,16744.54,2,0,7,18,4,109.77,68,42,2,4,95.99,0.00,0.75,0.00,0,0.00,3,1407.24,1,0,2,org.apache.jackrabbit.test.AbstractJCRTest,0.00,16,3,6,0,16,2,0,25,255,1
"org.apache.jackrabbit.test.api.SetPropertyAssumeTypeTest",11,0.32,1.55,173,3.05,114783.25,29,18,14,31,6,63.16,76,336,2,4,95.38,0.00,0.75,0.34,1,0.00,3,9149.92,1,0,4,org.apache.jackrabbit.test.AbstractJCRTest,0.14,20,3,17,0,20,11,0,22,1705,1
"org.apache.jackrabbit.test.api.SetPropertyBooleanTest",7,0.00,1.00,37,0.38,4866.78,8,1,3,16,3,104.67,35,55,2,4,122.55,0.00,0.75,1.00,0,0.00,1,1135.78,1,0,1,org.apache.jackrabbit.test.AbstractJCRTest,0.17,9,3,7,0,9,7,0,7,268,1
"org.apache.jackrabbit.test.api.SetPropertyCalendarTest",7,0.54,1.00,41,0.48,6310.47,11,4,5,19,3,103.78,35,59,2,4,121.66,0.00,0.75,0.71,0,0.00,1,1452.05,1,0,1,org.apache.jackrabbit.test.AbstractJCRTest,0.17,12,3,7,0,12,7,0,7,326,1
"org.apache.jackrabbit.test.api.SetPropertyConstraintViolationExceptionTest",6,0.00,6.67,148,2.26,111155.23,6,0,14,32,5,75.11,95,254,2,4,85.47,0.00,0.75,0.00,0,0.00,9,6767.96,0,0,3,org.apache.jackrabbit.test.AbstractJCRTest,0.00,26,3,40,0,26,6,0,56,1147,1
"org.apache.jackrabbit.test.api.SetPropertyDoubleTest",7,0.44,1.00,40,0.47,6715.03,10,3,3,20,3,103.57,37,58,2,4,121.44,0.00,0.75,0.71,0,0.00,1,1407.80,2,0,1,org.apache.jackrabbit.test.AbstractJCRTest,0.17,13,3,7,0,13,7,0,9,322,1
"org.apache.jackrabbit.test.api.SetPropertyInputStreamTest",8,0.31,1.88,81,1.05,31865.90,13,5,6,29,4,87.33,43,114,2,4,105.20,0.00,0.75,0.48,0,0.00,5,3135.39,1,0,2,org.apache.jackrabbit.test.AbstractJCRTest,0.16,21,3,15,0,21,8,0,13,630,1
"org.apache.jackrabbit.test.api.SetPropertyLongTest",7,0.44,1.00,39,0.44,6432.14,10,3,3,17,3,103.72,35,57,2,4,121.59,0.00,0.75,0.71,0,0.00,1,1333.08,1,0,1,org.apache.jackrabbit.test.AbstractJCRTest,0.17,10,3,7,0,10,7,0,7,307,1
"org.apache.jackrabbit.test.api.SetPropertyNodeTest",7,0.56,1.29,47,0.57,11297.52,10,3,3,22,4,84.43,44,67,2,4,116.65,0.00,0.75,0.81,0,0.00,3,1705.94,2,0,2,org.apache.jackrabbit.test.AbstractJCRTest,0.17,15,3,9,0,15,7,0,10,375,1
"org.apache.jackrabbit.test.api.SetPropertyStringTest",29,0.23,1.14,177,2.28,38552.46,37,8,6,45,3,117.58,138,257,2,4,117.35,0.00,0.75,0.34,0,0.00,3,6827.50,1,0,1,org.apache.jackrabbit.test.AbstractJCRTest,0.09,16,3,33,0,16,29,0,35,1495,1
"org.apache.jackrabbit.test.api.SetPropertyValueTest",32,0.19,1.19,187,2.45,42432.65,40,8,6,48,3,102.43,160,276,2,4,120.30,0.00,0.75,0.31,0,0.00,3,7359.25,1,0,1,org.apache.jackrabbit.test.AbstractJCRTest,0.08,16,3,38,0,16,32,0,38,1611,1
"org.apache.jackrabbit.test.api.SetValueBinaryTest",6,0.45,2.17,58,0.76,19994.86,10,4,9,34,4,59.38,52,78,2,4,107.49,0.00,0.75,0.62,1,0.00,3,2281.80,1,0,2,org.apache.jackrabbit.test.AbstractJCRTest,0.17,28,3,13,0,28,6,0,17,454,1
"org.apache.jackrabbit.test.api.SetValueBooleanTest",5,0.58,1.40,30,0.31,3625.32,8,3,6,18,3,71.27,43,40,2,4,119.37,0.00,0.75,0.80,0,0.00,2,920.91,1,0,1,org.apache.jackrabbit.test.AbstractJCRTest,0.18,13,3,7,0,13,5,0,13,210,1
"org.apache.jackrabbit.test.api.SetValueConstraintViolationExceptionTest",12,0.00,6.92,333,5.06,259076.23,12,0,15,39,5,62.89,179,528,2,4,83.03,0.00,0.75,0.00,0,0.00,9,15176.04,0,0,3,org.apache.jackrabbit.test.AbstractJCRTest,0.00,27,3,83,0,27,12,0,122,2522,1
"org.apache.jackrabbit.test.api.SetValueDateTest",5,0.58,1.40,33,0.35,4327.15,8,3,8,19,3,70.66,43,43,2,4,118.77,0.00,0.75,0.80,0,0.00,2,1042.79,1,0,1,org.apache.jackrabbit.test.AbstractJCRTest,0.18,14,3,7,0,14,5,0,13,230,1
"org.apache.jackrabbit.test.api.SetValueDoubleTest",5,0.58,1.40,31,0.34,4272.72,8,3,6,20,3,68.81,45,41,2,4,118.81,0.00,0.75,0.80,0,0.00,2,1016.63,2,0,1,org.apache.jackrabbit.test.AbstractJCRTest,0.18,15,3,7,0,15,5,0,15,228,1
"org.apache.jackrabbit.test.api.SetValueLongTest",5,0.58,1.40,30,0.31,3625.32,8,3,6,18,3,71.27,43,40,2,4,119.37,0.00,0.75,0.80,0,0.00,2,920.91,1,0,1,org.apache.jackrabbit.test.AbstractJCRTest,0.18,13,3,7,0,13,5,0,13,210,1
"org.apache.jackrabbit.test.api.SetValueReferenceTest",6,0.33,1.67,39,0.39,6077.67,9,3,7,25,4,69.71,63,52,2,4,118.19,0.00,0.75,0.61,1,0.00,3,1162.00,1,0,2,org.apache.jackrabbit.test.AbstractJCRTest,0.17,19,3,10,0,19,6,0,17,261,1
"org.apache.jackrabbit.test.api.SetValueStringTest",24,0.18,1.58,152,1.63,28546.63,33,9,10,41,3,99.78,131,197,2,4,117.65,0.00,0.75,0.28,0,0.00,2,4903.50,1,0,1,org.apache.jackrabbit.test.AbstractJCRTest,0.10,17,3,38,0,17,24,0,47,1049,1
"org.apache.jackrabbit.test.api.SetValueValueFormatExceptionTest",12,0.00,2.58,90,1.25,38503.13,12,0,12,30,5,79.42,79,163,2,4,111.65,0.00,0.75,0.00,1,38.00,7,3757.98,1,1,3,org.apache.jackrabbit.test.AbstractJCRTest,0.00,18,3,31,0,18,11,0,27,723,1
"org.apache.jackrabbit.test.api.SetValueVersionExceptionTest",12,0.24,2.58,104,1.21,36810.46,18,6,12,31,4,77.42,77,180,2,4,109.64,0.00,0.75,0.39,0,0.00,7,3624.69,4,0,2,org.apache.jackrabbit.test.AbstractJCRTest,0.28,19,3,31,0,19,12,0,31,709,1
"org.apache.jackrabbit.test.api.StringPropertyTest",12,0.00,2.67,93,1.09,31309.41,12,0,7,43,5,64.24,96,150,2,5,112.35,0.00,0.80,0.00,0,0.00,5,3261.50,0,1,3,org.apache.jackrabbit.test.api.AbstractPropertyTest,0.29,31,4,32,0,31,11,0,25,648,1
"org.apache.jackrabbit.test.api.SysViewContentHandler",13,0.12,4.92,290,4.68,289257.61,35,22,27,90,4,37.85,138,411,2,2,86.32,0.00,0.50,0.16,5,57.00,16,14052.08,0,1,2,org.xml.sax.helpers.DefaultHandler,0.00,77,1,64,0,77,12,0,90,2303,0
"org.apache.jackrabbit.test.api.SysViewContentHandler$ChildNodeElem",0,0.00,0.00,3,0.01,82.42,2,2,27,0,0,171.00,0,4,0,1,171.00,0.00,0.00,0.00,0,0.00,0,41.21,0,0,0,java.lang.Object,0.00,0,0,0,0,0,0,0,0,13,1
"org.apache.jackrabbit.test.api.SysViewContentHandler$ConditionException",1,0.00,1.00,3,0.02,106.02,1,0,27,1,0,137.25,0,5,0,2,137.25,0.00,0.50,0.00,0,1.00,1,45.51,0,0,0,org.xml.sax.SAXException,0.00,0,1,1,0,0,1,0,0,16,1
"org.apache.jackrabbit.test.api.SysViewContentHandler$NodeElemData",0,0.00,0.00,8,0.06,805.37,7,7,27,2,0,171.00,10,9,0,1,171.00,0.00,0.00,0.00,0,0.00,0,191.76,0,0,0,java.lang.Object,0.00,2,0,0,0,2,0,0,10,43,1
"org.apache.jackrabbit.test.api.SysViewContentHandler$PropElemData",0,0.00,0.00,5,0.03,169.39,4,4,27,0,0,171.00,0,6,0,1,171.00,0.00,0.00,0.00,0,0.00,0,75.28,0,0,0,java.lang.Object,0.00,0,0,0,0,0,0,0,0,21,1
"org.apache.jackrabbit.test.api.TestAll",1,0.00,1.00,86,1.49,64614.96,1,0,3,3,84,40.82,14,88,2,2,60.96,0.00,0.50,0.00,0,1.00,1,4457.25,0,1,82,junit.framework.TestCase,0.00,2,1,1,0,2,0,0,5,679,1
"org.apache.jackrabbit.test.api.TreeComparator",23,0.03,3.17,264,3.81,161237.70,37,14,17,70,3,69.38,158,358,1,4,101.60,0.00,0.75,0.10,11,134.00,12,11431.08,2,2,2,org.apache.jackrabbit.test.AbstractJCRTest,0.10,47,3,73,0,47,21,0,54,2018,0
"org.apache.jackrabbit.test.api.UndefinedPropertyTest",3,0.00,1.00,12,0.12,1661.57,3,0,6,9,5,94.72,19,18,2,4,126.94,0.00,0.75,0.00,0,5.00,1,347.13,1,1,3,org.apache.jackrabbit.test.AbstractJCRTest,0.20,6,3,3,0,6,2,0,4,81,1
"org.apache.jackrabbit.test.api.ValueFactoryTest",5,0.30,6.80,134,2.29,260730.05,24,19,15,32,4,38.34,37,213,2,4,80.63,0.00,0.75,0.29,0,0.00,14,6876.04,2,1,2,org.apache.jackrabbit.test.AbstractJCRTest,0.36,27,3,34,0,27,4,0,15,1171,1
"org.apache.jackrabbit.test.api.WorkspaceCloneReferenceableTest",4,0.00,1.75,35,0.54,12098.51,4,0,4,16,4,65.65,44,44,2,7,109.77,0.00,0.86,0.00,0,0.00,3,1615.15,1,0,2,org.apache.jackrabbit.test.api.AbstractWorkspaceReferenceableTest,0.00,12,6,7,0,12,4,0,20,330,1
"org.apache.jackrabbit.test.api.WorkspaceCloneSameNameSibsTest",2,0.00,2.50,22,0.33,8568.30,2,0,4,15,3,83.20,29,26,2,7,103.34,0.00,0.86,0.00,0,0.00,3,989.13,0,0,1,org.apache.jackrabbit.test.api.AbstractWorkspaceSameNameSibsTest,0.00,13,6,5,0,13,2,0,10,188,1
"org.apache.jackrabbit.test.api.WorkspaceCloneTest",8,0.00,2.00,60,0.95,21529.78,8,0,8,29,3,64.20,64,87,2,6,112.31,0.00,0.83,0.00,0,0.00,3,2835.04,1,0,1,org.apache.jackrabbit.test.api.AbstractWorkspaceCopyBetweenTest,0.00,21,5,16,0,21,8,0,30,563,1
"org.apache.jackrabbit.test.api.WorkspaceCloneVersionableTest",1,0.00,3.00,12,0.20,6491.04,1,0,2,8,3,144.41,22,18,2,7,100.47,0.00,0.86,0.00,0,0.00,3,600.57,1,0,1,org.apache.jackrabbit.test.api.AbstractWorkspaceVersionableTest,0.00,7,6,3,0,7,1,0,10,121,1
"org.apache.jackrabbit.test.api.WorkspaceCopyBetweenWorkspacesReferenceableTest",1,0.00,1.00,9,0.13,2539.78,1,0,2,9,3,108.12,16,11,2,7,108.59,0.00,0.86,0.00,0,0.00,1,388.43,1,0,1,org.apache.jackrabbit.test.api.AbstractWorkspaceReferenceableTest,0.00,8,6,1,0,8,1,0,5,82,1
"org.apache.jackrabbit.test.api.WorkspaceCopyBetweenWorkspacesSameNameSibsTest",2,0.00,2.50,22,0.32,8710.08,2,0,4,14,3,83.14,29,26,2,7,103.29,0.00,0.86,0.00,0,0.00,3,965.47,0,0,1,org.apache.jackrabbit.test.api.AbstractWorkspaceSameNameSibsTest,0.00,12,6,5,0,12,2,0,10,186,1
"org.apache.jackrabbit.test.api.WorkspaceCopyBetweenWorkspacesTest",7,0.00,2.29,54,0.84,20353.12,7,0,10,29,4,63.91,57,81,2,6,112.01,0.00,0.83,0.00,0,0.00,4,2514.66,1,0,2,org.apache.jackrabbit.test.api.AbstractWorkspaceCopyBetweenTest,0.00,22,5,16,0,22,7,0,26,495,1
"org.apache.jackrabbit.test.api.WorkspaceCopyBetweenWorkspacesVersionableTest",1,0.00,3.00,12,0.19,6579.88,1,0,2,7,3,144.37,22,18,2,7,100.42,0.00,0.86,0.00,0,0.00,3,580.51,1,0,1,org.apache.jackrabbit.test.api.AbstractWorkspaceVersionableTest,0.00,6,6,3,0,6,1,0,10,119,1
"org.apache.jackrabbit.test.api.WorkspaceCopyReferenceableTest",3,0.00,1.00,12,0.14,2565.27,3,0,3,11,4,107.58,17,16,2,7,125.45,0.00,0.86,0.00,0,1.00,1,431.54,1,1,2,org.apache.jackrabbit.test.api.AbstractWorkspaceReferenceableTest,0.48,8,6,3,0,8,2,0,6,98,1
"org.apache.jackrabbit.test.api.WorkspaceCopySameNameSibsTest",4,0.00,1.75,25,0.33,8387.67,4,0,5,16,4,73.40,30,31,2,7,115.69,0.00,0.86,0.00,0,0.00,3,983.15,0,1,2,org.apache.jackrabbit.test.api.AbstractWorkspaceSameNameSibsTest,0.48,12,6,7,0,12,3,0,11,198,1
"org.apache.jackrabbit.test.api.WorkspaceCopyTest",6,0.00,2.33,51,0.73,17887.52,6,0,7,27,3,61.65,53,76,2,5,109.76,0.00,0.80,0.00,0,0.00,3,2182.67,0,0,1,org.apache.jackrabbit.test.api.AbstractWorkspaceCopyTest,0.00,21,4,14,0,21,6,0,24,430,1
"org.apache.jackrabbit.test.api.WorkspaceCopyVersionableTest",3,0.00,2.00,17,0.24,8035.12,3,0,4,11,4,75.48,23,28,2,7,117.77,0.00,0.86,0.00,0,1.00,4,706.90,1,1,2,org.apache.jackrabbit.test.api.AbstractWorkspaceVersionableTest,0.48,8,6,6,0,8,2,0,11,146,1
"org.apache.jackrabbit.test.api.WorkspaceMoveReferenceableTest",3,0.00,1.00,12,0.14,2565.27,3,0,3,11,4,93.23,18,16,2,7,125.45,0.00,0.86,0.00,0,1.00,1,431.54,1,1,2,org.apache.jackrabbit.test.api.AbstractWorkspaceReferenceableTest,0.48,8,6,3,0,8,2,0,7,98,1
"org.apache.jackrabbit.test.api.WorkspaceMoveSameNameSibsTest",4,0.00,1.75,27,0.36,9319.12,4,0,5,17,4,73.04,31,33,2,7,115.33,0.00,0.86,0.00,0,0.00,3,1085.44,0,1,2,org.apache.jackrabbit.test.api.AbstractWorkspaceSameNameSibsTest,0.48,13,6,7,0,13,3,0,12,213,1
"org.apache.jackrabbit.test.api.WorkspaceMoveTest",6,0.00,2.33,51,0.73,17887.52,6,0,7,27,3,61.65,52,76,2,5,109.76,0.00,0.80,0.00,0,0.00,3,2182.67,0,0,1,org.apache.jackrabbit.test.api.AbstractWorkspaceCopyTest,0.00,21,4,14,0,21,6,0,23,430,1
"org.apache.jackrabbit.test.api.WorkspaceMoveVersionableTest",3,0.00,2.00,17,0.24,7790.45,3,0,4,12,4,75.59,23,28,2,7,117.88,0.00,0.86,0.00,0,1.00,4,711.52,1,1,2,org.apache.jackrabbit.test.api.AbstractWorkspaceVersionableTest,0.48,9,6,6,0,9,2,0,11,146,1
"org.apache.jackrabbit.test.api.WorkspaceReadMethodsTest",5,0.00,1.40,33,0.33,7639.24,5,0,4,18,3,98.95,29,48,2,4,116.82,0.00,0.75,0.00,0,0.00,2,988.92,1,0,1,org.apache.jackrabbit.test.AbstractJCRTest,0.18,13,3,7,0,13,5,0,7,217,1
"org.apache.jackrabbit.core.query.qom.AbstractQOMNode",4,0.67,2.00,17,0.14,2807.20,5,1,4,8,12,93.75,27,27,8,1,125.97,0.00,0.00,0.50,0,4.00,3,423.77,0,3,4,java.lang.Object,0.00,4,0,8,32,4,1,0,5,107,2
"org.apache.jackrabbit.core.query.qom.AbstractQOMTest",1,0.00,1.00,6,0.06,704.03,2,1,3,4,5,140.16,3,8,2,5,119.55,0.50,0.57,1.00,0,0.00,1,169.98,1,0,3,org.apache.jackrabbit.test.api.query.AbstractQueryTest,0.16,3,4,1,2,3,1,0,1,43,1
"org.apache.jackrabbit.core.query.qom.AndImpl",4,0.33,1.00,13,0.10,1257.96,6,2,3,5,9,101.31,26,18,5,3,133.53,0.00,0.67,0.25,0,8.00,1,293.91,0,3,5,org.apache.jackrabbit.core.query.qom.ConstraintImpl,0.00,1,2,4,0,1,1,1,7,80,1
"org.apache.jackrabbit.core.query.qom.BindVariableValueImpl",4,0.67,1.00,11,0.08,921.37,5,1,3,5,9,108.95,24,18,5,3,141.17,0.00,0.67,0.50,0,4.00,1,242.68,1,3,5,org.apache.jackrabbit.core.query.qom.StaticOperandImpl,0.00,1,2,4,0,1,1,1,7,68,1
"org.apache.jackrabbit.core.query.qom.ChildNodeImpl",4,0.33,1.00,13,0.10,1224.88,6,2,4,5,9,101.40,26,18,4,3,133.63,0.00,0.67,0.25,0,8.00,1,310.95,2,3,6,org.apache.jackrabbit.core.query.qom.ConstraintImpl,0.00,1,2,4,0,1,1,1,7,84,1
"org.apache.jackrabbit.core.query.qom.ChildNodeJoinConditionImpl",4,0.33,1.00,13,0.10,1304.73,6,2,3,5,8,101.19,26,22,4,3,133.41,0.00,0.67,0.25,0,8.00,1,306.29,1,3,5,org.apache.jackrabbit.core.query.qom.JoinConditionImpl,0.00,1,2,4,0,1,1,1,7,84,1
"org.apache.jackrabbit.core.query.qom.ColumnImpl",8,0.07,1.00,24,0.18,2957.60,12,4,3,9,11,90.69,59,36,7,2,132.98,0.00,0.50,0.19,0,32.00,1,538.27,1,7,5,org.apache.jackrabbit.core.query.qom.AbstractQOMNode,0.00,1,1,8,0,1,1,1,14,145,1
"org.apache.jackrabbit.core.query.qom.ComparisonImpl",5,0.17,1.00,17,0.13,1562.33,8,3,4,6,12,85.45,41,26,5,3,133.56,0.00,0.67,0.20,0,14.00,1,384.50,0,3,8,org.apache.jackrabbit.core.query.qom.ConstraintImpl,0.00,1,2,5,0,1,2,1,9,102,1
"org.apache.jackrabbit.core.query.qom.ConstraintImpl",1,0.00,1.00,3,0.02,160.59,1,0,2,1,16,136.07,4,7,13,2,135.83,9.00,0.09,0.00,0,1.00,1,58.53,0,0,3,org.apache.jackrabbit.core.query.qom.AbstractQOMNode,0.00,0,1,1,9,0,1,1,1,19,2
"org.apache.jackrabbit.core.query.qom.DefaultQOMTreeVisitor",27,0.00,1.00,55,0.46,5451.48,27,0,0,27,29,162.23,85,83,1,1,141.62,0.00,0.00,0.00,0,27.00,1,1370.63,0,27,28,java.lang.Object,0.00,0,0,27,1,0,0,1,28,384,1
"org.apache.jackrabbit.core.query.qom.DefaultTraversingQOMTreeVisitor",10,0.00,1.30,51,0.63,17511.38,10,0,0,32,20,119.56,40,59,2,2,119.33,0.00,0.50,0.00,0,10.00,4,1895.93,0,10,18,org.apache.jackrabbit.core.query.qom.DefaultQOMTreeVisitor,0.00,22,1,13,0,22,0,0,11,428,1
"org.apache.jackrabbit.core.query.qom.DescendantNodeImpl",4,0.33,1.00,13,0.10,1224.88,6,2,4,5,9,101.40,26,22,4,3,133.63,0.00,0.67,0.25,0,8.00,1,310.95,2,3,6,org.apache.jackrabbit.core.query.qom.ConstraintImpl,0.00,1,2,4,0,1,1,1,7,84,1
"org.apache.jackrabbit.core.query.qom.DescendantNodeJoinConditionImpl",4,0.33,1.00,13,0.10,1304.73,6,2,3,5,8,101.19,26,22,4,3,133.41,0.00,0.67,0.25,0,8.00,1,306.29,1,3,5,org.apache.jackrabbit.core.query.qom.JoinConditionImpl,0.00,1,2,4,0,1,1,1,7,84,1
"org.apache.jackrabbit.core.query.qom.DynamicOperandImpl",1,0.00,1.00,3,0.02,160.59,1,0,2,1,14,156.45,3,7,11,2,135.83,7.00,0.11,0.00,0,1.00,1,58.53,0,0,3,org.apache.jackrabbit.core.query.qom.AbstractQOMNode,0.00,0,1,1,7,0,1,1,1,19,2
"org.apache.jackrabbit.core.query.qom.EquiJoinConditionImpl",6,0.10,1.00,21,0.16,2379.37,10,4,3,7,8,90.45,42,34,4,3,132.74,0.00,0.67,0.17,0,22.00,1,489.21,1,5,5,org.apache.jackrabbit.core.query.qom.JoinConditionImpl,0.00,1,2,6,0,1,1,1,11,132,1
"org.apache.jackrabbit.core.query.qom.FullTextSearchImpl",7,0.11,1.00,21,0.15,1808.37,10,3,3,8,8,91.92,49,34,4,3,134.21,0.00,0.67,0.24,0,24.00,1,442.56,1,6,5,org.apache.jackrabbit.core.query.qom.ConstraintImpl,0.00,1,2,7,0,1,1,1,12,122,1
"org.apache.jackrabbit.core.query.qom.FullTextSearchScoreImpl",3,1.00,1.00,9,0.07,861.37,4,1,3,4,9,101.62,18,15,5,3,133.85,0.00,0.67,0.33,0,4.00,1,218.68,1,2,5,org.apache.jackrabbit.core.query.qom.DynamicOperandImpl,0.00,1,2,3,0,1,1,1,5,60,1
"org.apache.jackrabbit.core.query.qom.JoinConditionImpl",1,0.00,1.00,3,0.02,160.59,1,0,2,1,10,156.45,3,7,7,2,135.83,4.00,0.17,0.00,0,1.00,1,58.53,0,0,3,org.apache.jackrabbit.core.query.qom.AbstractQOMNode,0.00,0,1,1,4,0,1,1,1,19,2
"org.apache.jackrabbit.core.query.qom.JoinImpl",6,0.10,1.00,21,0.16,2109.54,10,4,4,7,11,90.86,45,32,5,3,133.15,0.00,0.67,0.17,0,22.00,1,468.62,0,4,7,org.apache.jackrabbit.core.query.qom.SourceImpl,0.00,1,2,6,0,1,2,1,11,124,1
"org.apache.jackrabbit.core.query.qom.LengthImpl",3,1.00,1.00,9,0.07,842.12,4,1,3,4,11,101.70,18,13,6,3,133.92,0.00,0.67,0.33,0,4.00,1,210.98,0,2,6,org.apache.jackrabbit.core.query.qom.DynamicOperandImpl,0.00,1,2,3,0,1,1,1,5,58,1
"org.apache.jackrabbit.core.query.qom.LiteralImpl",3,1.00,1.00,9,0.07,909.92,4,1,3,4,7,133.89,13,13,4,3,133.66,0.00,0.67,0.33,0,4.00,1,216.64,0,2,4,org.apache.jackrabbit.core.query.qom.StaticOperandImpl,0.00,1,2,3,0,1,1,1,4,59,1
"org.apache.jackrabbit.core.query.qom.LowerCaseImpl",3,1.00,1.00,9,0.07,885.84,4,1,3,4,10,101.53,18,13,6,3,133.75,0.00,0.67,0.33,0,4.00,1,209.36,0,2,5,org.apache.jackrabbit.core.query.qom.DynamicOperandImpl,0.00,1,2,3,0,1,1,1,5,58,1
"org.apache.jackrabbit.core.query.qom.NodeLocalNameImpl",3,1.00,1.00,9,0.07,861.37,4,1,3,4,9,101.62,18,15,5,3,133.85,0.00,0.67,0.33,0,4.00,1,218.68,1,2,5,org.apache.jackrabbit.core.query.qom.DynamicOperandImpl,0.00,1,2,3,0,1,1,1,5,60,1
"org.apache.jackrabbit.core.query.qom.NodeNameImpl",3,1.00,1.00,9,0.07,861.37,4,1,3,4,9,101.62,18,13,5,3,133.85,0.00,0.67,0.33,0,4.00,1,218.68,1,2,5,org.apache.jackrabbit.core.query.qom.DynamicOperandImpl,0.00,1,2,3,0,1,1,1,5,60,1
"org.apache.jackrabbit.core.query.qom.NotImpl",3,1.00,1.00,9,0.07,885.84,4,1,3,4,9,101.53,18,13,5,3,133.75,0.00,0.67,0.33,0,4.00,1,209.36,0,2,5,org.apache.jackrabbit.core.query.qom.ConstraintImpl,0.00,1,2,3,0,1,1,1,5,58,1
"org.apache.jackrabbit.core.query.qom.OrImpl",4,0.33,1.00,13,0.10,1257.96,6,2,3,5,9,101.31,26,18,5,3,133.53,0.00,0.67,0.25,0,8.00,1,293.91,0,3,5,org.apache.jackrabbit.core.query.qom.ConstraintImpl,0.00,1,2,4,0,1,1,1,7,80,1
"org.apache.jackrabbit.core.query.qom.OrderingImpl",4,0.22,1.00,14,0.12,1936.78,7,3,3,5,12,89.77,31,21,7,2,132.06,0.00,0.50,0.17,0,8.00,1,362.36,0,2,6,org.apache.jackrabbit.core.query.qom.AbstractQOMNode,0.00,1,1,4,0,1,2,1,8,93,1
"org.apache.jackrabbit.core.query.qom.PropertyExistenceImpl",6,0.20,1.00,17,0.12,1424.73,8,2,3,7,8,108.84,37,28,4,3,141.06,0.00,0.67,0.33,0,14.00,1,354.29,1,5,5,org.apache.jackrabbit.core.query.qom.ConstraintImpl,0.00,1,2,6,0,1,1,1,10,100,1
"org.apache.jackrabbit.core.query.qom.PropertyValueImpl",6,0.20,1.00,17,0.12,1424.73,8,2,3,7,11,108.84,37,28,7,3,141.06,0.00,0.67,0.33,0,14.00,1,354.29,1,5,5,org.apache.jackrabbit.core.query.qom.DynamicOperandImpl,0.00,1,2,6,0,1,1,1,10,100,1
"org.apache.jackrabbit.core.query.qom.QOMTreeVisitor",27,0.00,1.00,28,0.33,2314.10,27,0,0,27,29,155.78,3,29,29,1,155.78,0.00,0.00,0.00,0,27.00,1,994.61,0,27,27,,0.00,0,0,27,0,0,0,0,1,301,1
"org.apache.jackrabbit.core.query.qom.QueryObjectModelFactoryImpl",48,0.00,2.06,244,3.21,117217.89,54,6,45,83,74,69.61,522,468,1,1,118.08,0.00,0.00,0.17,2,0.00,10,9642.53,0,47,73,java.lang.Object,0.00,35,0,99,0,35,1,1,74,2054,1
"org.apache.jackrabbit.core.query.qom.QueryObjectModelFactoryTest",49,0.07,1.04,287,4.12,77804.98,56,7,37,142,34,140.33,148,342,0,6,119.71,0.00,0.83,0.08,0,0.00,2,12361.81,0,0,34,org.apache.jackrabbit.core.query.qom.AbstractQOMTest,0.00,93,5,51,0,93,49,0,49,2589,1
"org.apache.jackrabbit.core.query.qom.QueryObjectModelImpl",4,0.00,1.00,9,0.06,711.01,4,0,6,8,7,109.83,24,16,1,4,142.05,0.00,0.75,0.00,0,0.00,1,173.46,0,4,6,org.apache.jackrabbit.core.query.PreparedQueryImpl,0.00,4,3,4,0,4,0,1,6,54,1
"org.apache.jackrabbit.core.query.qom.QueryObjectModelTree",7,0.12,1.00,27,0.25,5000.58,11,4,2,9,19,88.44,49,40,13,2,130.73,0.00,0.50,0.14,1,27.00,1,758.57,0,5,7,org.apache.jackrabbit.core.query.qom.AbstractQOMNode,0.00,2,1,7,0,2,2,0,13,187,1
"org.apache.jackrabbit.core.query.qom.SameNodeImpl",4,0.33,1.00,13,0.10,1224.88,6,2,4,5,9,101.40,26,20,4,3,133.63,0.00,0.67,0.25,0,8.00,1,310.95,2,3,6,org.apache.jackrabbit.core.query.qom.ConstraintImpl,0.00,1,2,4,0,1,1,1,7,84,1
"org.apache.jackrabbit.core.query.qom.SameNodeJoinConditionImpl",5,0.17,1.00,17,0.13,1707.62,8,3,4,6,9,101.03,34,28,4,3,133.25,0.00,0.67,0.20,0,14.00,1,402.26,2,4,6,org.apache.jackrabbit.core.query.qom.JoinConditionImpl,0.00,1,2,5,0,1,1,1,9,108,1
"org.apache.jackrabbit.core.query.qom.SelectorImpl",6,0.20,1.00,17,0.12,1424.73,8,2,3,7,8,98.77,43,26,4,3,141.06,0.00,0.67,0.33,0,14.00,1,354.29,1,5,5,org.apache.jackrabbit.core.query.qom.SourceImpl,0.00,1,2,6,0,1,1,1,10,100,1
"org.apache.jackrabbit.core.query.qom.SelectorQueryTest",1,0.00,2.00,8,0.11,1823.15,1,0,3,10,1,111.71,4,12,0,6,111.48,0.00,0.83,0.00,0,0.00,2,337.53,0,0,1,org.apache.jackrabbit.core.query.qom.AbstractQOMTest,0.00,9,5,2,0,9,1,0,2,71,1
"org.apache.jackrabbit.core.query.qom.SourceImpl",1,0.00,1.00,3,0.02,160.59,1,0,2,1,8,156.45,3,5,5,2,135.83,2.00,0.25,0.00,0,1.00,1,58.53,0,0,3,org.apache.jackrabbit.core.query.qom.AbstractQOMNode,0.00,0,1,1,2,0,1,1,1,19,2
"org.apache.jackrabbit.core.query.qom.StaticOperandImpl",1,0.00,1.00,3,0.02,160.59,1,0,2,1,9,156.45,3,7,6,2,135.83,2.00,0.25,0.00,0,1.00,1,58.53,0,0,3,org.apache.jackrabbit.core.query.qom.AbstractQOMNode,0.00,0,1,1,2,0,1,1,1,19,2
"org.apache.jackrabbit.core.query.qom.UpperCaseImpl",3,1.00,1.00,9,0.07,885.84,4,1,3,4,10,101.53,18,13,6,3,133.75,0.00,0.67,0.33,0,4.00,1,209.36,0,2,5,org.apache.jackrabbit.core.query.qom.DynamicOperandImpl,0.00,1,2,3,0,1,1,1,5,58,1
"org.apache.jackrabbit.extension.ExtensionDescriptor",22,0.04,2.64,173,2.22,101546.39,39,17,14,63,9,109.93,365,250,7,1,110.40,0.00,0.00,0.10,9,242.00,9,6664.81,0,16,4,java.lang.Object,0.00,41,0,58,0,41,6,1,65,1283,1
"org.apache.jackrabbit.extension.ExtensionException",3,1.00,1.00,8,0.05,522.16,4,1,0,3,6,94.02,26,12,6,2,142.13,0.00,0.50,0.00,0,3.00,1,160.30,0,0,0,java.lang.Exception,0.00,0,1,3,0,0,3,0,5,48,1
"org.apache.jackrabbit.extension.ExtensionFindTest",6,0.00,1.83,41,0.64,18670.07,7,1,2,27,5,114.33,0,56,1,3,114.33,0.00,0.67,1.00,0,0.00,4,1932.19,4,0,4,org.apache.jackrabbit.extension.ExtensionFrameworkTestBase,0.30,21,2,11,0,21,6,0,0,372,1
"org.apache.jackrabbit.extension.ExtensionFrameworkTestBase",14,0.00,2.07,128,1.76,57956.97,24,10,27,60,8,156.75,24,166,3,2,106.75,3.00,0.20,0.10,7,82.00,5,5271.28,2,2,5,junit.framework.TestCase,0.00,46,1,29,3,46,12,0,20,1008,1
"org.apache.jackrabbit.extension.ExtensionIterator",6,0.00,1.67,31,0.27,4898.11,10,4,7,13,3,71.88,54,43,1,1,121.88,0.00,0.00,0.25,2,6.00,4,817.39,0,2,3,java.lang.Object,0.00,7,0,10,0,7,4,1,13,188,1
"org.apache.jackrabbit.extension.ExtensionManager",7,0.03,2.71,54,0.69,20907.43,12,5,14,31,8,161.16,173,84,4,1,111.88,0.00,0.00,0.17,2,23.00,6,2071.01,0,5,5,java.lang.Object,0.00,24,0,19,0,24,2,0,31,425,2
"org.apache.jackrabbit.extension.ExtensionNodeTypeTest",1,0.00,1.00,5,0.05,645.40,1,0,2,5,4,90.58,6,7,1,3,122.80,0.00,0.67,0.00,0,0.00,1,158.13,0,0,3,org.apache.jackrabbit.extension.ExtensionFrameworkTestBase,0.00,4,2,1,0,4,1,0,2,39,1
"org.apache.jackrabbit.extension.ExtensionType",11,0.06,2.55,90,1.14,48099.91,18,7,12,39,6,126.56,201,121,4,1,108.43,0.00,0.00,0.19,3,31.00,7,3409.31,0,6,5,java.lang.Object,0.00,28,0,28,0,28,5,0,36,667,1
"org.apache.jackrabbit.extension.NodeTypeSupport",1,0.00,8.00,28,0.44,15454.40,4,3,14,12,7,40.41,54,45,2,1,83.55,0.00,0.00,1.00,0,0.00,8,1305.48,0,0,5,java.lang.Object,0.00,11,0,8,0,11,1,0,20,226,0
"org.apache.jackrabbit.extension.TestAll",1,0.00,1.00,9,0.09,2643.06,1,0,3,5,4,66.17,7,11,0,1,108.46,0.00,0.00,0.00,0,1.00,1,271.11,0,1,4,java.lang.Object,0.00,4,0,1,0,4,0,0,1,63,1
"org.apache.jackrabbit.test.api.query.AbstractOrderByTest",7,0.00,2.14,73,0.95,27562.27,9,2,11,23,6,87.34,41,73,5,5,105.21,1.25,0.40,0.50,1,0.00,3,2838.93,1,0,1,org.apache.jackrabbit.test.api.query.AbstractQueryTest,0.14,16,4,15,5,16,7,0,10,549,0
"org.apache.jackrabbit.test.api.query.AbstractQueryLevel2Test",5,0.00,1.80,41,0.63,18024.37,5,0,8,23,4,61.06,44,57,2,5,109.17,0.50,0.57,0.00,0,2.00,3,1887.82,0,0,2,org.apache.jackrabbit.test.api.query.AbstractQueryTest,0.00,18,4,9,2,18,5,0,9,373,2
"org.apache.jackrabbit.test.api.query.AbstractQueryTest",13,0.13,2.54,119,1.48,53837.19,18,5,15,52,26,56.71,127,142,23,4,106.71,11.00,0.08,0.08,3,41.00,8,4454.78,2,6,3,org.apache.jackrabbit.test.AbstractJCRTest,0.13,39,3,33,33,39,7,0,26,878,2
"org.apache.jackrabbit.test.api.query.DerefQueryLevel1Test",8,0.29,2.50,75,1.05,35786.95,9,1,10,33,5,74.22,54,95,2,5,106.45,0.00,0.80,0.75,2,0.00,6,3144.89,3,1,3,org.apache.jackrabbit.test.api.query.AbstractQueryTest,0.26,25,4,20,0,25,7,0,12,605,1
"org.apache.jackrabbit.test.api.query.ElementTest",8,0.00,1.12,61,0.96,24485.56,8,0,3,13,4,79.78,48,71,2,5,112.00,0.00,0.80,0.00,0,0.00,2,2887.95,1,0,2,org.apache.jackrabbit.test.api.query.AbstractQueryTest,0.00,5,4,9,0,5,8,0,9,568,1
"org.apache.jackrabbit.test.api.query.GetLanguageTest",3,0.00,1.33,15,0.16,2198.85,4,1,3,12,3,90.08,19,20,2,5,122.30,0.00,0.80,1.00,0,0.00,2,473.03,2,0,1,org.apache.jackrabbit.test.api.query.AbstractQueryTest,0.30,9,4,4,0,9,3,0,5,111,1
"org.apache.jackrabbit.test.api.query.GetPersistentQueryPathLevel1Test",3,0.00,1.67,17,0.17,2515.19,4,1,4,12,3,89.57,20,24,2,5,121.79,0.00,0.80,1.00,0,0.00,2,506.53,2,0,1,org.apache.jackrabbit.test.api.query.AbstractQueryTest,0.30,9,4,5,0,9,3,0,6,116,1
"org.apache.jackrabbit.test.api.query.GetPersistentQueryPathTest",1,0.00,2.00,10,0.15,3678.06,1,0,4,10,4,138.84,20,16,2,5,105.46,0.00,0.80,0.00,0,0.00,2,451.91,0,0,2,org.apache.jackrabbit.test.api.query.AbstractQueryTest,0.00,9,4,2,0,9,1,0,3,88,1
"org.apache.jackrabbit.test.api.query.GetPropertyNamesTest",3,0.50,2.00,30,0.40,12152.00,4,1,8,23,3,57.02,25,34,2,5,105.13,0.00,0.80,0.67,0,2.00,3,1188.91,2,0,1,org.apache.jackrabbit.test.api.query.AbstractQueryTest,0.30,20,4,6,0,20,3,0,10,223,1
"org.apache.jackrabbit.test.api.query.GetStatementTest",3,0.00,1.33,15,0.16,2153.32,4,1,3,12,3,90.15,19,22,2,5,122.37,0.00,0.80,1.00,0,0.00,2,475.46,2,0,1,org.apache.jackrabbit.test.api.query.AbstractQueryTest,0.30,9,4,4,0,9,3,0,5,111,1
"org.apache.jackrabbit.test.api.query.GetSupportedQueryLanguagesTest",3,0.00,1.67,16,0.18,2488.41,4,1,7,13,3,79.53,22,24,2,5,121.82,0.00,0.80,1.00,0,0.00,2,540.53,3,0,1,org.apache.jackrabbit.test.api.query.AbstractQueryTest,0.30,10,4,5,0,10,3,0,7,123,1
"org.apache.jackrabbit.test.api.query.OrderByDateTest",4,0.00,1.00,46,0.78,25291.98,4,0,2,7,3,54.12,32,51,2,6,102.22,0.00,0.83,0.00,0,0.00,1,2328.29,2,0,1,org.apache.jackrabbit.test.api.query.AbstractOrderByTest,0.00,3,5,4,0,3,4,0,5,453,1
"org.apache.jackrabbit.test.api.query.OrderByDoubleTest",2,0.00,1.00,7,0.09,1050.04,2,0,0,2,3,87.65,23,10,2,6,131.78,0.00,0.83,0.00,0,0.00,1,270.26,2,0,1,org.apache.jackrabbit.test.api.query.AbstractOrderByTest,0.00,0,5,2,0,0,2,0,3,64,1
"org.apache.jackrabbit.test.api.query.OrderByLongTest",1,0.00,1.00,4,0.05,604.38,1,0,0,1,3,160.02,20,6,2,6,126.64,0.00,0.83,0.00,0,0.00,1,149.29,2,0,1,org.apache.jackrabbit.test.api.query.AbstractOrderByTest,0.00,0,5,1,0,0,1,0,2,36,1
"org.apache.jackrabbit.test.api.query.OrderByMultiTypeTest",1,0.00,4.00,41,0.95,64082.02,1,0,3,8,3,119.94,23,58,2,6,72.67,0.00,0.83,0.00,0,0.00,4,2852.27,1,0,1,org.apache.jackrabbit.test.api.query.AbstractOrderByTest,0.00,7,5,4,0,7,1,0,5,472,1
"org.apache.jackrabbit.test.api.query.OrderByStringTest",1,0.00,1.00,4,0.05,508.68,1,0,0,1,3,160.61,20,6,2,6,127.23,0.00,0.83,0.00,0,0.00,1,142.89,2,0,1,org.apache.jackrabbit.test.api.query.AbstractOrderByTest,0.00,0,5,1,0,0,1,0,2,35,1
"org.apache.jackrabbit.test.api.query.PredicatesTest",7,0.28,1.86,40,0.61,10006.73,10,3,5,17,3,77.65,50,59,2,5,119.94,0.00,0.80,0.57,0,0.00,2,1828.23,2,0,1,org.apache.jackrabbit.test.api.query.AbstractQueryTest,0.27,10,4,13,0,10,7,0,11,377,1
"org.apache.jackrabbit.test.api.query.QueryResultNodeIteratorTest",6,0.00,2.50,56,0.65,19280.76,6,0,6,20,4,65.29,44,75,2,5,107.58,0.00,0.80,0.00,0,0.00,5,1960.83,2,0,2,org.apache.jackrabbit.test.api.query.AbstractQueryTest,0.14,14,4,15,0,14,6,0,17,393,1
"org.apache.jackrabbit.test.api.query.SQLJcrPathTest",3,0.00,1.33,17,0.21,3000.51,4,1,6,17,4,89.01,19,23,2,5,121.24,0.00,0.80,1.00,0,0.00,2,640.41,2,0,2,org.apache.jackrabbit.test.api.query.AbstractQueryTest,0.30,14,4,4,0,14,3,0,6,139,1
"org.apache.jackrabbit.test.api.query.SQLJoinTest",4,0.00,3.00,79,1.37,57644.69,4,0,3,17,4,42.19,32,94,2,5,90.30,0.00,0.80,0.00,0,0.00,3,4110.28,2,0,2,org.apache.jackrabbit.test.api.query.AbstractQueryTest,0.00,13,4,12,0,13,4,0,5,733,1
"org.apache.jackrabbit.test.api.query.SQLOrderByTest",4,0.00,1.00,20,0.26,4935.77,5,1,1,9,4,70.58,37,25,2,5,120.58,0.00,0.80,1.00,0,0.00,1,774.28,4,0,2,org.apache.jackrabbit.test.api.query.AbstractQueryTest,0.15,5,4,4,0,5,4,0,7,172,1
"org.apache.jackrabbit.test.api.query.SQLPathTest",10,0.22,1.80,66,0.83,20449.61,11,1,7,27,3,97.89,54,79,2,5,115.77,0.00,0.80,0.80,1,0.00,4,2494.15,4,2,1,org.apache.jackrabbit.test.api.query.AbstractQueryTest,0.25,17,4,18,0,17,8,0,17,511,1
"org.apache.jackrabbit.test.api.query.SQLPathTest$TraversingItemVisitor.Default",1,0.00,2.00,4,0.06,896.15,1,0,7,5,0,125.13,0,6,0,1,125.13,0.00,0.00,0.00,0,1.00,2,173.83,0,0,0,java.lang.Object,0.00,4,0,2,0,4,1,0,0,41,0
"org.apache.jackrabbit.test.api.query.SQLPathTest$TraversingItemVisitor.Default_0",1,0.00,2.00,4,0.04,553.13,1,0,7,3,0,126.78,0,7,0,1,126.78,0.00,0.00,0.00,0,1.00,2,125.96,0,0,0,java.lang.Object,0.00,2,0,2,0,2,1,0,0,32,0
"org.apache.jackrabbit.test.api.query.SQLQueryLevel2Test",8,0.00,1.50,67,0.83,18095.68,8,0,5,20,4,68.51,56,80,2,6,110.80,0.00,0.83,0.00,3,0.00,4,2480.00,8,0,2,org.apache.jackrabbit.test.api.query.AbstractQueryLevel2Test,0.00,12,5,12,0,12,8,0,19,517,1
"org.apache.jackrabbit.test.api.query.SaveTest",9,0.12,2.67,84,1.23,31956.37,10,1,13,35,4,57.22,81,118,2,4,107.22,0.00,0.75,0.89,1,0.00,5,3693.50,1,0,2,org.apache.jackrabbit.test.AbstractJCRTest,0.15,26,3,24,0,26,9,0,26,693,1
"org.apache.jackrabbit.test.api.query.SimpleSelectionTest",3,0.00,1.67,20,0.29,5612.37,4,1,6,22,4,67.98,26,28,2,5,116.09,0.00,0.80,1.00,0,0.00,2,863.28,2,0,2,org.apache.jackrabbit.test.api.query.AbstractQueryTest,0.30,19,4,5,0,19,3,0,7,172,1
"org.apache.jackrabbit.test.api.query.Statement",3,0.25,1.33,12,0.08,2004.82,5,2,0,4,7,108.36,17,17,7,1,126.23,0.00,0.00,0.33,0,5.00,2,239.93,0,2,0,java.lang.Object,0.00,1,0,4,0,1,1,0,4,65,0
"org.apache.jackrabbit.test.api.query.TestAll",1,0.00,1.00,32,0.44,18061.84,1,0,3,3,30,43.77,12,34,2,2,81.33,0.00,0.50,0.00,0,1.00,1,1323.24,0,1,28,junit.framework.TestCase,0.00,2,1,1,0,2,0,0,3,247,1
"org.apache.jackrabbit.test.api.query.TextNodeTest",5,0.62,1.40,48,0.71,22815.13,7,2,4,13,4,58.41,40,57,2,5,106.51,0.00,0.80,1.00,0,0.00,3,2127.48,2,0,2,org.apache.jackrabbit.test.api.query.AbstractQueryTest,0.14,8,4,7,0,8,5,0,6,413,1
"org.apache.jackrabbit.test.api.query.XPathDocOrderTest",6,0.00,2.00,57,0.75,17410.29,6,0,6,18,5,65.69,46,60,2,5,107.98,0.00,0.80,0.00,1,0.00,4,2261.18,3,0,3,org.apache.jackrabbit.test.api.query.AbstractQueryTest,0.14,12,4,12,0,12,6,0,8,437,1
"org.apache.jackrabbit.test.api.query.XPathJcrPathTest",3,0.00,1.33,17,0.22,3053.52,4,1,6,17,4,88.95,19,23,2,5,121.18,0.00,0.80,1.00,0,0.00,2,653.64,2,0,2,org.apache.jackrabbit.test.api.query.AbstractQueryTest,0.30,14,4,4,0,14,3,0,6,141,1
"org.apache.jackrabbit.test.api.query.XPathOrderByTest",4,0.00,1.00,21,0.23,4132.42,5,1,1,9,4,73.09,34,26,2,5,121.19,0.00,0.80,1.00,0,0.00,1,700.49,3,0,2,org.apache.jackrabbit.test.api.query.AbstractQueryTest,0.15,5,4,4,0,5,4,0,6,158,1
"org.apache.jackrabbit.test.api.query.XPathPosIndexTest",3,0.00,2.00,23,0.29,7356.34,3,0,6,13,5,64.15,31,29,2,5,112.62,0.00,0.80,0.00,1,2.00,4,859.79,3,0,3,org.apache.jackrabbit.test.api.query.AbstractQueryTest,0.15,10,4,6,0,10,3,0,5,170,1
"org.apache.jackrabbit.test.api.query.XPathQueryLevel2Test",8,0.00,1.50,56,0.65,12309.51,8,0,6,22,4,82.06,55,69,2,6,114.28,0.00,0.83,0.00,3,8.00,4,1952.21,7,0,2,org.apache.jackrabbit.test.api.query.AbstractQueryLevel2Test,0.00,14,5,12,0,14,8,0,19,419,1
"org.apache.jackrabbit.core.version.AbstractVersionManager",22,0.24,2.00,139,1.78,73992.54,25,3,18,67,21,64.04,211,202,7,1,114.04,0.00,0.00,0.11,9,114.00,5,5328.24,0,7,15,java.lang.Object,0.00,45,0,44,2,45,15,1,44,1035,1
"org.apache.jackrabbit.core.version.AbstractVersionManager$ReentrantWriterPreferenceReadWriteLock",1,0.00,1.00,3,0.02,314.05,1,0,18,2,0,133.77,4,5,0,1,133.54,0.00,0.00,0.00,0,1.00,1,72.73,0,0,0,java.lang.Object,0.00,1,0,1,0,1,1,0,1,21,0
"org.apache.jackrabbit.core.version.AbstractVersionManager$WriteOperation",2,0.00,1.50,10,0.06,706.42,3,1,18,3,1,82.48,15,16,0,1,124.77,0.00,0.00,1.00,0,0.00,2,187.24,0,0,1,java.lang.Object,0.00,1,0,3,0,1,2,0,4,50,1
"org.apache.jackrabbit.core.version.DateVersionSelector",9,0.19,1.67,46,0.46,16923.93,11,2,5,19,4,69.03,82,62,3,1,119.03,0.00,0.00,0.33,0,17.00,5,1380.76,0,4,1,java.lang.Object,0.00,10,0,15,0,10,5,1,13,306,1
"org.apache.jackrabbit.core.version.InternalFreeze",1,0.00,1.00,2,0.01,44.19,1,0,1,1,5,96.82,9,3,4,2,146.81,0.00,0.50,0.00,0,1.00,1,26.09,0,1,1,,0.00,0,1,1,0,0,0,0,2,11,1
"org.apache.jackrabbit.core.version.InternalFreezeImpl",2,1.00,1.00,7,0.05,622.75,3,1,0,2,7,91.28,15,11,2,2,133.57,2.00,0.25,0.50,0,2.00,1,157.85,0,1,5,org.apache.jackrabbit.core.version.InternalVersionItemImpl,0.33,0,1,2,2,0,1,1,4,43,1
"org.apache.jackrabbit.core.version.InternalFrozenNode",6,0.00,1.00,7,0.03,141.83,6,0,4,6,10,127.96,38,8,6,2,160.18,0.00,0.50,0.00,0,6.00,1,92.48,0,4,4,,0.00,0,1,6,0,0,2,0,7,38,1
"org.apache.jackrabbit.core.version.InternalFrozenNodeImpl",11,0.01,4.00,130,2.17,171191.82,19,8,20,59,19,48.82,104,184,2,3,98.82,0.00,0.67,0.14,2,73.00,17,6503.18,0,6,17,org.apache.jackrabbit.core.version.InternalFreezeImpl,0.18,48,2,44,0,48,5,1,37,1088,0
"org.apache.jackrabbit.core.version.InternalFrozenVHImpl",7,0.00,1.29,20,0.20,3279.42,7,0,4,15,10,159.30,26,36,1,3,138.68,0.00,0.67,0.00,2,9.00,2,591.70,0,6,9,org.apache.jackrabbit.core.version.InternalFreezeImpl,0.23,8,2,9,0,8,1,1,8,151,0
"org.apache.jackrabbit.core.version.InternalFrozenVersionHistory",4,0.00,1.00,5,0.02,98.72,4,0,2,4,6,117.74,30,7,3,2,160.04,0.00,0.50,0.00,0,4.00,1,65.11,0,3,3,,0.00,0,1,4,0,0,1,0,5,27,1
"org.apache.jackrabbit.core.version.InternalVersion",10,0.00,1.00,11,0.04,159.45,10,0,3,10,16,129.31,61,12,14,2,161.53,0.00,0.50,0.00,0,10.00,1,123.94,0,7,3,,0.00,0,1,10,0,0,3,0,11,54,1
"org.apache.jackrabbit.core.version.InternalVersionHistory",11,0.00,1.00,12,0.05,191.64,11,0,5,11,14,129.00,67,13,11,2,161.23,0.00,0.50,0.00,0,11.00,1,155.74,0,4,4,,0.00,0,1,11,0,0,7,0,12,64,1
"org.apache.jackrabbit.core.version.InternalVersionHistoryImpl",21,0.05,2.52,200,2.95,143149.79,29,8,20,96,22,62.71,161,249,8,2,105.00,0.00,0.50,0.17,3,123.00,11,8845.27,0,7,16,org.apache.jackrabbit.core.version.InternalVersionItemImpl,0.16,75,1,53,0,75,14,1,62,1569,0
"org.apache.jackrabbit.core.version.InternalVersionImpl",28,0.10,1.82,164,1.69,46100.90,33,5,11,75,13,101.59,149,201,3,2,119.46,0.00,0.50,0.11,7,336.00,3,5081.80,0,10,11,org.apache.jackrabbit.core.version.InternalVersionItemImpl,0.12,47,1,51,0,47,18,1,43,1088,0
"org.apache.jackrabbit.core.version.InternalVersionItem",2,0.00,1.00,3,0.01,31.00,2,0,1,2,12,113.52,16,4,11,1,161.63,0.00,0.00,0.00,0,2.00,1,26.00,0,2,1,,0.00,0,0,2,0,0,0,0,3,13,1
"org.apache.jackrabbit.core.version.InternalVersionItemImpl",4,0.50,1.00,10,0.06,749.51,6,2,1,4,8,99.58,29,13,4,1,141.87,0.00,0.00,0.12,0,6.00,1,193.33,0,2,4,java.lang.Object,0.00,0,0,4,5,0,2,1,7,58,1
"org.apache.jackrabbit.core.version.LabelVersionSelector",6,0.60,1.17,21,0.17,2984.06,7,1,4,10,2,83.83,51,32,1,1,131.93,0.00,0.00,0.50,1,6.00,2,510.00,0,4,1,java.lang.Object,0.00,4,0,7,0,4,2,1,8,132,1
"org.apache.jackrabbit.core.version.NodeStateEx",28,0.08,2.32,234,3.15,109401.51,32,4,23,99,26,66.54,216,302,10,1,108.83,0.00,0.00,0.33,8,0.00,6,9438.21,0,13,16,java.lang.Object,0.00,71,0,65,0,71,15,0,53,1843,1
"org.apache.jackrabbit.core.version.VersionHistoryImpl",18,0.88,1.89,94,1.27,34160.27,19,1,21,51,16,119.20,81,150,5,3,118.97,0.00,0.67,0.17,2,0.00,3,3805.65,0,9,12,org.apache.jackrabbit.core.NodeImpl,0.00,33,2,34,0,33,9,1,22,805,1
"org.apache.jackrabbit.core.version.VersionImpl",12,0.82,1.42,53,0.62,16412.52,13,1,17,32,12,105.89,71,70,6,3,123.77,0.00,0.67,0.25,1,48.00,3,1849.83,1,5,8,org.apache.jackrabbit.core.NodeImpl,0.00,20,2,17,0,20,7,1,18,417,1
"org.apache.jackrabbit.core.version.VersionItemStateManager",3,0.50,3.00,30,0.38,10343.64,5,2,13,21,11,73.37,20,43,2,2,105.59,0.00,0.50,0.17,0,4.00,4,1154.23,0,0,9,org.apache.jackrabbit.core.state.SharedItemStateManager,0.00,18,1,9,0,18,3,0,9,230,1
"org.apache.jackrabbit.core.version.VersionItemStateProvider",16,0.07,1.06,40,0.40,6479.86,19,3,14,30,14,139.46,65,66,1,1,139.22,0.00,0.00,0.27,0,62.00,2,1191.74,0,5,13,java.lang.Object,0.00,14,0,17,0,14,11,2,24,308,0
"org.apache.jackrabbit.core.version.VersionIteratorImpl",9,0.00,1.67,45,0.42,11937.50,13,4,9,22,5,88.00,54,59,2,1,120.22,0.00,0.00,0.25,2,19.00,4,1248.14,0,2,3,java.lang.Object,0.00,13,0,15,0,13,7,1,15,280,0
"org.apache.jackrabbit.core.version.VersionIteratorImplTest",1,0.00,3.00,16,0.19,6237.17,2,1,5,8,5,95.95,0,16,0,2,95.95,0.00,0.50,1.00,0,0.00,3,556.99,0,0,5,junit.framework.TestCase,0.00,7,1,3,0,7,1,0,0,111,1
"org.apache.jackrabbit.core.version.VersionIteratorImplTest$DummyInternalVersion",13,0.46,1.00,30,0.16,1627.57,15,2,5,13,6,143.25,0,24,0,1,143.25,0.00,0.00,0.08,0,35.00,1,465.85,0,9,6,java.lang.Object,0.00,0,0,13,0,0,4,1,0,143,2
"org.apache.jackrabbit.core.version.VersionManager",11,0.00,1.00,12,0.10,420.25,11,0,9,11,14,110.44,95,19,7,1,158.54,0.00,0.00,0.00,0,11.00,1,287.99,0,7,7,,0.00,0,0,11,0,0,4,0,12,95,1
"org.apache.jackrabbit.core.version.VersionManagerImpl",22,0.01,1.82,156,2.16,79643.73,31,9,41,98,43,79.09,140,233,3,2,111.31,0.00,0.50,0.10,3,242.00,9,6492.82,2,9,40,org.apache.jackrabbit.core.version.AbstractVersionManager,0.00,76,1,40,0,76,13,2,39,1242,1
"org.apache.jackrabbit.core.version.VersionManagerImpl$DynamicESCFactory",4,0.33,1.25,16,0.14,2648.81,6,2,41,7,4,78.17,33,26,0,1,126.28,0.00,0.00,0.25,1,8.00,2,415.98,0,3,4,java.lang.Object,0.00,3,0,5,0,3,1,1,6,104,3
"org.apache.jackrabbit.core.version.VersionManagerImpl$SourcedTarget",1,0.00,1.00,3,0.02,136.54,1,0,41,2,0,136.39,0,4,0,1,136.39,0.00,0.00,0.00,0,1.00,1,49.51,0,1,0,java.lang.Object,0.00,1,0,1,0,1,0,0,0,16,0
"org.apache.jackrabbit.core.version.VersionManagerImpl$SourcedTarget_0",1,0.00,1.00,4,0.06,729.74,1,0,41,6,3,126.00,0,6,0,1,126.00,0.00,0.00,0.00,0,1.00,1,166.32,0,1,3,java.lang.Object,0.00,5,0,1,0,5,0,0,0,39,0
"org.apache.jackrabbit.core.version.VersionManagerImpl$SourcedTarget_1",1,0.00,1.00,5,0.04,512.39,1,0,41,3,1,123.59,0,7,0,1,123.59,0.00,0.00,0.00,0,1.00,1,112.25,0,1,1,java.lang.Object,0.00,2,0,1,0,2,0,0,0,29,0
"org.apache.jackrabbit.core.version.VersionManagerImpl$SourcedTarget_2",1,0.00,1.00,4,0.04,576.73,1,0,41,3,2,126.80,0,6,0,1,126.80,0.00,0.00,0.00,0,1.00,1,129.01,0,1,2,java.lang.Object,0.00,2,0,1,0,2,0,0,0,32,0
"org.apache.jackrabbit.core.version.VersionManagerImpl$SourcedTarget_3",1,0.00,1.00,2,0.01,83.22,1,0,41,1,0,144.65,0,3,0,1,144.65,0.00,0.00,0.00,0,1.00,1,35.61,0,1,0,java.lang.Object,0.00,0,0,1,0,0,0,0,0,13,2
"org.apache.jackrabbit.core.version.VersionSelector",1,0.00,1.00,2,0.01,51.00,1,0,4,1,4,140.55,37,3,4,1,146.32,0.00,0.00,0.00,0,1.00,1,34.00,0,1,1,,0.00,0,0,1,0,0,0,0,2,13,1
"org.apache.jackrabbit.core.version.XAVersionManager",38,0.05,1.63,172,2.02,50006.55,45,7,32,94,35,124.10,187,258,2,2,123.87,0.00,0.50,0.09,5,406.00,4,6048.27,6,15,33,org.apache.jackrabbit.core.version.AbstractVersionManager,0.07,56,1,62,0,56,23,3,53,1329,1
"org.apache.jackrabbit.core.version.XAVersionManager$InternalXAResource",6,0.00,1.17,12,0.10,1220.92,6,0,32,9,1,141.56,0,19,0,1,141.56,0.00,0.00,0.00,0,10.00,2,305.29,0,0,1,java.lang.Object,0.00,3,0,7,0,3,6,0,0,83,0
"org.apache.jackrabbit.core.version.XAVersionManager$InternalXAResource_0",7,0.00,1.14,14,0.09,764.36,7,0,32,8,1,143.69,0,22,0,1,143.69,0.00,0.00,0.00,1,12.00,2,255.49,0,0,1,java.lang.Object,0.00,1,0,8,0,1,7,0,0,79,0
"org.apache.jackrabbit.ocm.manager.proxy.AllTests",2,0.00,1.00,7,0.05,899.31,2,0,3,5,3,152.93,7,10,1,1,132.31,0.00,0.00,0.00,1,2.00,1,155.16,0,2,2,java.lang.Object,0.00,3,0,2,0,3,0,0,3,42,1
"org.apache.jackrabbit.ocm.manager.proxy.ProxyTest",6,1.00,1.83,125,1.58,72894.08,7,1,13,46,9,42.06,52,137,2,3,90.16,0.00,0.67,0.00,0,6.00,3,4731.45,3,1,7,org.apache.jackrabbit.ocm.TestBase,0.16,40,2,11,0,40,5,0,45,835,1
"org.apache.jmeter.protocol.java.control.gui.ChainTestSamplerGui",6,0.30,1.00,26,0.20,2537.68,8,2,6,19,2,148.48,18,40,0,2,127.86,0.00,0.50,0.25,2,6.00,1,585.02,1,2,2,org.apache.jmeter.samplers.gui.AbstractSamplerGui,0.00,13,1,6,0,13,4,0,8,150,1
"org.apache.jackrabbit.core.state.orm.ojb.OJBNodeState",13,0.17,1.00,35,0.25,3351.74,17,4,7,16,4,140.78,4,49,1,2,140.78,0.00,0.50,0.10,0,64.00,1,756.73,1,5,3,org.apache.jackrabbit.core.state.orm.ORMNodeState,0.22,3,1,13,0,3,8,1,1,212,1
"org.apache.jackrabbit.core.state.orm.ojb.OJBPersistenceManager",18,0.35,3.61,227,3.55,179444.04,20,2,30,104,19,119.58,66,425,0,1,98.96,0.00,0.00,0.17,3,74.00,14,10654.64,0,5,19,java.lang.Object,0.00,86,0,65,0,86,13,1,27,1892,1
"org.apache.jackrabbit.core.state.orm.ojb.ValuesToStringFieldConversion",4,0.17,1.75,24,0.28,9358.67,6,2,5,15,2,165.31,4,30,1,1,115.31,0.00,0.00,0.38,0,4.00,3,833.05,0,2,1,java.lang.Object,0.00,11,0,7,0,11,2,1,1,179,1
"org.apache.jackrabbit.ocm.AllTests",2,0.00,1.00,22,0.64,52709.87,2,0,2,21,17,137.23,5,25,0,1,97.34,0.00,0.00,0.00,1,2.00,1,1908.11,0,2,17,java.lang.Object,0.00,19,0,2,0,19,0,0,1,368,1
"org.apache.jackrabbit.ocm.RepositoryLifecycleTestSetup",3,0.00,1.00,11,0.09,838.10,3,0,3,6,58,154.55,11,16,57,2,133.94,0.00,0.50,0.00,0,3.00,1,270.73,2,0,1,junit.extensions.TestSetup,0.00,3,1,3,0,3,3,0,3,70,1
"org.apache.jackrabbit.ocm.TestBase",13,0.08,2.08,90,1.06,23792.67,18,5,32,52,44,156.00,37,165,33,2,116.11,37.00,0.03,0.12,3,66.00,4,3181.32,2,3,11,junit.framework.TestCase,0.00,39,1,27,37,39,10,0,8,641,2
"org.apache.jackrabbit.rmi.server.jmx.JCRServer",11,0.06,1.36,49,0.44,10867.92,16,5,8,23,4,164.77,30,68,0,1,124.89,0.00,0.00,0.15,1,53.00,4,1332.05,0,5,4,java.lang.Object,0.00,12,0,15,0,12,6,1,11,304,1
"org.apache.jackrabbit.rmi.server.jmx.JCRServerMBean",10,0.00,1.00,11,0.06,278.17,10,0,0,10,1,159.63,0,12,1,1,159.63,0.00,0.00,0.00,0,10.00,1,172.35,0,4,0,,0.00,0,0,10,0,0,6,0,0,66,1
"org.apache.jackrabbit.webdav.AbstractLocatorFactory",6,0.50,2.67,41,0.57,34923.76,8,2,3,20,6,130.23,110,55,3,1,112.10,0.00,0.00,0.08,1,10.00,10,1698.49,0,5,3,java.lang.Object,0.00,14,0,16,2,14,1,1,18,338,2
"org.apache.jackrabbit.webdav.AbstractLocatorFactory$DavResourceLocatorImpl",13,0.07,1.69,52,0.55,17056.71,18,5,3,28,4,81.58,100,72,0,1,123.87,0.00,0.00,0.14,4,92.00,4,1656.22,0,6,4,java.lang.Object,0.00,15,0,22,0,15,7,1,16,377,1
"org.apache.jackrabbit.webdav.DavCompliance",1,17.00,3.00,28,0.40,10777.39,18,17,2,5,4,35.01,9,29,4,1,85.01,0.00,0.00,0.00,0,1.00,3,1186.13,0,1,0,java.lang.Object,0.00,4,0,3,0,4,0,0,6,221,2
"org.apache.jackrabbit.webdav.DavConstants",0,0.00,0.00,71,1.58,35461.70,70,70,3,2,71,171.00,33,72,69,1,171.00,0.00,0.00,0.00,0,0.00,0,4728.23,0,0,2,,0.00,2,0,0,0,2,0,0,16,649,1
"org.apache.jackrabbit.webdav.DavException",9,0.02,1.22,40,0.42,7800.64,14,5,8,18,112,83.07,71,55,109,2,125.36,1.00,0.33,0.18,2,46.00,3,1264.72,0,3,4,java.lang.Exception,0.00,9,1,11,1,9,6,1,10,295,1
"org.apache.jackrabbit.webdav.DavLocatorFactory",3,0.00,1.00,4,0.04,214.66,3,0,0,3,12,136.25,43,5,12,1,156.40,0.00,0.00,0.00,0,3.00,1,114.84,0,3,1,,0.00,0,0,3,0,0,0,0,4,37,1
"org.apache.jackrabbit.webdav.DavMethods",6,0.01,1.83,129,2.16,77023.20,70,64,3,14,35,138.67,158,143,34,1,89.19,0.00,0.00,0.03,2,22.00,3,6494.58,0,0,1,java.lang.Object,0.00,8,0,11,0,8,6,0,41,1040,1
"org.apache.jackrabbit.webdav.DavResource",33,2.00,1.00,36,0.26,1586.50,35,2,13,33,80,115.46,246,37,67,1,157.76,0.00,0.00,0.00,0,33.00,1,780.30,0,14,17,,0.00,0,0,33,0,0,19,0,36,261,1
"org.apache.jackrabbit.webdav.DavResourceFactory",2,0.00,1.00,3,0.03,184.32,2,0,0,2,25,111.40,22,4,20,1,155.53,0.00,0.00,0.00,0,2.00,1,94.16,0,2,6,,0.00,0,0,2,0,0,0,0,3,28,1
"org.apache.jackrabbit.webdav.DavResourceIterator",2,0.00,1.00,3,0.01,65.85,2,0,1,2,16,126.83,13,4,16,2,159.05,0.00,0.50,0.00,0,2.00,1,38.73,0,1,1,,0.00,0,1,2,0,0,1,0,3,16,1
"org.apache.jackrabbit.webdav.DavResourceIteratorImpl",6,0.07,1.00,17,0.12,1618.56,9,3,4,12,9,140.86,26,24,7,1,140.63,0.00,0.00,0.28,1,6.00,1,363.10,0,2,2,java.lang.Object,0.00,6,0,6,0,6,4,1,7,102,1
"org.apache.jackrabbit.webdav.DavResourceLocator",10,0.00,1.00,11,0.05,222.33,10,0,0,10,41,118.10,75,12,41,1,160.39,0.00,0.00,0.00,0,10.00,1,148.22,0,6,1,,0.00,0,0,10,0,0,4,0,11,60,1
"org.apache.jackrabbit.webdav.DavServletRequest",18,0.00,1.00,19,0.11,592.92,18,0,8,18,15,110.94,160,20,6,2,159.05,0.00,0.50,0.00,0,18.00,1,326.60,0,9,9,,0.00,0,1,18,0,0,9,0,19,122,1
"org.apache.jackrabbit.webdav.DavServletResponse",5,6.00,1.00,12,0.12,1085.81,11,6,4,5,100,140.90,83,13,97,2,141.37,0.00,0.50,0.00,0,5.00,1,345.73,0,0,4,,0.00,0,1,5,0,0,5,0,12,91,1
"org.apache.jackrabbit.webdav.DavSession",5,0.00,1.00,6,0.03,160.93,5,0,0,5,19,126.91,31,7,19,1,159.13,0.00,0.00,0.00,0,5.00,1,102.12,0,1,0,,0.00,0,0,5,0,0,4,0,6,38,1
"org.apache.jackrabbit.webdav.DavSessionProvider",2,0.00,1.00,3,0.02,98.54,2,0,0,2,7,120.11,24,4,5,1,157.67,0.00,0.00,0.00,0,2.00,1,56.18,0,0,2,,0.00,0,0,2,0,0,2,0,3,20,1
"org.apache.jackrabbit.webdav.MultiStatus",9,0.25,1.89,45,0.61,16236.90,11,2,9,34,32,69.14,81,65,24,1,119.14,0.00,0.00,0.28,3,31.00,3,1817.74,0,3,8,java.lang.Object,0.00,25,0,17,0,25,6,2,13,388,1
"org.apache.jackrabbit.webdav.MultiStatusResponse",21,0.00,2.33,175,2.17,93094.60,28,7,15,67,39,60.30,175,217,25,1,108.40,0.00,0.00,0.14,4,145.00,7,6521.78,0,8,15,java.lang.Object,0.00,46,0,49,0,46,13,2,38,1261,1
"org.apache.jackrabbit.webdav.Status",5,0.12,2.80,53,0.69,43470.93,9,4,6,19,7,123.06,18,70,3,1,102.44,0.00,0.00,0.35,0,9.00,10,2073.30,0,2,4,java.lang.Object,0.00,14,0,14,0,14,3,2,8,387,1
"org.apache.jackrabbit.webdav.WebdavRequest",0,0.00,0.00,1,0.01,66.44,0,0,4,0,13,171.00,7,4,9,6,171.00,0.00,0.83,0.00,0,0.00,0,33.22,0,0,4,,0.00,0,5,0,0,0,0,0,1,10,1
"org.apache.jackrabbit.webdav.WebdavRequestImpl",87,0.00,1.67,372,3.90,122637.20,98,11,55,211,38,163.51,237,517,1,1,123.63,0.00,0.00,0.09,10,0.00,10,11700.24,0,60,37,java.lang.Object,0.00,124,0,145,0,124,27,2,59,2540,1
"org.apache.jackrabbit.webdav.WebdavResponse",0,0.00,0.00,1,0.01,39.30,0,0,1,0,6,171.00,7,3,5,3,171.00,0.00,0.67,0.00,0,0.00,0,19.65,0,0,1,,0.00,0,2,0,0,0,0,0,1,7,1
"org.apache.jackrabbit.webdav.WebdavResponseImpl",39,0.05,1.13,114,1.18,22014.27,41,2,24,95,16,188.07,72,160,1,1,138.07,0.00,0.00,0.45,2,0.00,3,3527.50,0,8,15,java.lang.Object,0.00,56,0,44,0,56,31,1,15,842,1
"org.apache.jackrabbit.sanitycheck.console.SanityCheckRunner",8,0.14,2.75,76,0.95,35620.38,12,4,9,29,3,74.22,52,124,0,1,106.44,0.00,0.00,0.12,5,32.00,5,2857.74,0,3,3,java.lang.Object,0.00,21,0,22,0,21,5,0,10,567,1
"org.apache.jackrabbit.webdav.observation.DefaultEventType",6,0.07,1.67,32,0.40,11744.41,9,3,10,24,10,70.78,50,43,4,1,118.89,0.00,0.00,0.28,1,14.00,3,1187.54,0,5,6,java.lang.Object,0.00,18,0,10,0,18,1,1,9,250,1
"org.apache.jackrabbit.webdav.observation.EventBundle",0,0.00,0.00,1,0.01,31.02,0,0,1,0,5,171.00,6,2,4,2,171.00,0.00,0.50,0.00,0,0.00,0,15.51,0,0,1,,0.00,0,1,0,0,0,0,0,1,6,1
"org.apache.jackrabbit.webdav.observation.EventDiscovery",4,0.17,1.50,17,0.18,3080.14,6,2,9,13,14,77.61,35,24,10,1,125.72,0.00,0.00,0.38,1,0.00,2,532.76,0,2,4,java.lang.Object,0.00,9,0,6,0,9,2,2,5,126,1
"org.apache.jackrabbit.webdav.observation.EventType",2,0.00,1.00,3,0.01,65.85,2,0,2,2,6,209.05,3,4,4,2,159.05,0.00,0.50,0.00,0,2.00,1,38.73,0,2,2,,0.00,0,1,2,0,0,0,0,1,16,1
"org.apache.jackrabbit.webdav.observation.Filter",7,0.17,1.29,26,0.25,5243.97,11,4,7,15,5,130.51,3,35,2,1,130.51,0.00,0.00,0.39,0,0.00,2,757.29,0,4,3,java.lang.Object,0.00,8,0,9,0,8,3,1,1,184,1
"org.apache.jackrabbit.webdav.observation.ObservationConstants",0,0.00,0.00,18,0.31,5999.97,17,17,2,2,15,171.00,31,19,13,1,171.00,0.00,0.00,0.00,0,0.00,0,942.52,0,0,2,,0.00,2,0,0,0,2,0,0,10,167,1
"org.apache.jackrabbit.webdav.observation.ObservationDavServletRequest",3,0.00,1.00,4,0.02,105.15,3,0,2,3,3,110.73,25,5,0,2,158.84,0.00,0.50,0.00,0,3.00,1,58.38,0,2,3,,0.00,0,1,3,0,0,1,0,4,23,1
"org.apache.jackrabbit.webdav.observation.ObservationDavServletResponse",2,0.00,1.00,3,0.02,145.14,2,0,2,2,4,108.24,17,4,1,2,156.35,0.00,0.50,0.00,0,2.00,1,72.57,0,0,3,,0.00,0,1,2,0,0,2,0,3,24,1
"org.apache.jackrabbit.webdav.observation.ObservationResource",4,2.00,1.00,7,0.07,492.50,6,2,2,4,12,104.54,39,8,7,2,154.54,0.00,0.50,0.00,0,4.00,1,198.30,0,2,6,,0.00,0,1,4,0,0,2,0,5,58,1
"org.apache.jackrabbit.webdav.observation.Subscription",1,0.00,1.00,2,0.01,48.43,1,0,1,1,13,136.14,15,3,12,2,146.50,0.00,0.50,0.00,0,1.00,1,27.12,0,1,1,,0.00,0,1,1,0,0,0,0,2,11,1
"org.apache.jackrabbit.webdav.observation.SubscriptionDiscovery",5,0.75,2.00,34,0.39,12153.08,6,1,9,20,13,82.93,31,42,6,2,115.15,0.00,0.50,0.40,0,7.00,3,1182.11,1,3,7,org.apache.jackrabbit.webdav.property.AbstractDavProperty,0.00,15,1,10,0,15,2,0,7,248,1
"org.apache.jackrabbit.webdav.observation.SubscriptionDiscovery$Subscription",2,0.00,1.50,8,0.09,1537.07,2,0,9,5,3,146.34,6,11,0,1,125.72,0.00,0.00,0.00,0,2.00,2,260.90,0,2,3,java.lang.Object,0.00,3,0,3,0,3,0,0,2,63,0
"org.apache.jackrabbit.webdav.observation.SubscriptionInfo",10,0.02,2.30,81,1.00,42865.52,16,6,14,31,22,58.52,93,96,10,1,108.52,0.00,0.00,0.18,0,46.00,6,2990.99,0,1,12,java.lang.Object,0.00,21,0,23,0,21,9,2,11,581,1
"org.apache.jackrabbit.webdav.observation.SubscriptionManager",4,0.00,1.00,5,0.05,310.01,4,0,1,4,10,108.02,35,10,5,1,156.12,0.00,0.00,0.00,0,4.00,1,161.92,0,2,6,,0.00,0,0,4,0,0,2,0,5,48,1
"org.apache.jackrabbit.core.query.jsr.And",2,0.00,1.00,3,0.01,65.85,2,0,0,2,5,109.05,18,5,4,2,159.05,0.00,0.50,0.00,0,2.00,1,38.73,0,2,1,,0.00,0,1,2,0,0,0,0,3,16,1
"org.apache.jackrabbit.core.query.jsr.BindVariableValue",1,0.00,1.00,2,0.01,48.43,1,0,0,1,4,146.03,16,4,4,2,146.50,0.00,0.50,0.00,0,1.00,1,27.12,0,1,0,,0.00,0,1,1,0,0,0,0,2,11,1
"org.apache.jackrabbit.core.query.jsr.ChildNode",2,0.00,1.00,3,0.01,65.85,2,0,0,2,4,158.58,32,5,4,2,159.05,0.00,0.50,0.00,0,2.00,1,38.73,0,2,0,,0.00,0,1,2,0,0,0,0,3,16,1
"org.apache.jackrabbit.core.query.jsr.ChildNodeJoinCondition",2,0.00,1.00,3,0.01,65.85,2,0,0,2,4,148.69,31,5,4,2,159.05,0.00,0.50,0.00,0,2.00,1,38.73,0,2,0,,0.00,0,1,2,0,0,0,0,3,16,1
"org.apache.jackrabbit.core.query.jsr.Column",3,0.00,1.00,4,0.01,64.24,3,0,0,3,6,186.80,57,5,6,1,160.52,0.00,0.00,0.00,0,3.00,1,42.83,0,3,0,,0.00,0,0,3,0,0,0,0,4,19,1
"org.apache.jackrabbit.core.query.jsr.Comparison",3,0.00,1.00,4,0.02,83.26,3,0,0,3,6,173.42,104,6,4,2,159.63,0.00,0.50,0.00,0,3.00,1,50.34,0,0,2,,0.00,0,1,3,0,0,3,0,4,21,1
"org.apache.jackrabbit.core.query.jsr.Constraint",0,0.00,0.00,1,0.00,12.00,0,0,0,0,12,171.00,9,2,12,1,171.00,0.00,0.00,0.00,0,0.00,0,8.00,0,0,0,,0.00,0,0,0,0,0,0,0,1,4,1
"org.apache.jackrabbit.core.query.jsr.DescendantNode",2,0.00,1.00,3,0.01,65.85,2,0,0,2,4,168.18,34,5,4,2,159.05,0.00,0.50,0.00,0,2.00,1,38.73,0,2,0,,0.00,0,1,2,0,0,0,0,3,16,1
"org.apache.jackrabbit.core.query.jsr.DescendantNodeJoinCondition",2,0.00,1.00,3,0.01,65.85,2,0,0,2,4,168.18,34,5,4,2,159.05,0.00,0.50,0.00,0,2.00,1,38.73,0,2,0,,0.00,0,1,2,0,0,0,0,3,16,1
"org.apache.jackrabbit.core.query.jsr.DynamicOperand",0,0.00,0.00,1,0.01,31.02,0,0,0,0,12,171.00,5,3,12,2,171.00,0.00,0.50,0.00,0,0.00,0,15.51,0,0,0,,0.00,0,1,0,0,0,0,0,1,6,1
"org.apache.jackrabbit.core.query.jsr.EquiJoinCondition",4,0.00,1.00,5,0.02,100.68,4,0,0,4,4,139.83,56,7,4,2,159.97,0.00,0.50,0.00,0,4.00,1,61.95,0,4,0,,0.00,0,1,4,0,0,0,0,5,26,1
"org.apache.jackrabbit.core.query.jsr.FullTextSearch",3,0.00,1.00,4,0.02,83.26,3,0,0,3,4,201.12,89,6,4,2,159.63,0.00,0.50,0.00,0,3.00,1,50.34,0,3,0,,0.00,0,1,3,0,0,0,0,4,21,1
"org.apache.jackrabbit.core.query.jsr.FullTextSearchScore",1,0.00,1.00,2,0.01,48.43,1,0,0,1,4,190.44,22,4,4,2,146.50,0.00,0.50,0.00,0,1.00,1,27.12,0,1,0,,0.00,0,1,1,0,0,0,0,2,11,1
"org.apache.jackrabbit.core.query.jsr.Join",4,0.00,1.00,5,0.02,100.68,4,0,0,4,6,111.86,33,7,4,2,159.97,0.00,0.50,0.00,0,4.00,1,61.95,0,3,2,,0.00,0,1,4,0,0,1,0,5,26,1
"org.apache.jackrabbit.core.query.jsr.JoinCondition",0,0.00,0.00,1,0.00,12.00,0,0,0,0,6,171.00,5,2,6,1,171.00,0.00,0.00,0.00,0,0.00,0,8.00,0,0,0,,0.00,0,0,0,0,0,0,0,1,4,1
"org.apache.jackrabbit.core.query.jsr.Length",1,0.00,1.00,2,0.01,48.43,1,0,0,1,5,155.63,17,4,4,2,146.50,0.00,0.50,0.00,0,1.00,1,27.12,0,0,1,,0.00,0,1,1,0,0,1,0,2,11,1
"org.apache.jackrabbit.core.query.jsr.Literal",0,0.00,0.00,1,0.01,31.02,0,0,0,0,3,171.00,3,2,3,2,171.00,0.00,0.50,0.00,0,0.00,0,15.51,0,0,0,,0.00,0,1,0,0,0,0,0,1,6,1
"org.apache.jackrabbit.core.query.jsr.LowerCase",1,0.00,1.00,2,0.01,48.43,1,0,0,1,5,172.78,19,4,4,2,146.50,0.00,0.50,0.00,0,1.00,1,27.12,0,0,1,,0.00,0,1,1,0,0,1,0,2,11,1
"org.apache.jackrabbit.core.query.jsr.NodeLocalName",1,0.00,1.00,2,0.01,48.43,1,0,0,1,4,126.36,14,4,4,2,146.50,0.00,0.50,0.00,0,1.00,1,27.12,0,1,0,,0.00,0,1,1,0,0,0,0,2,11,1
"org.apache.jackrabbit.core.query.jsr.NodeName",1,0.00,1.00,2,0.01,48.43,1,0,0,1,4,126.36,14,4,4,2,146.50,0.00,0.50,0.00,0,1.00,1,27.12,0,1,0,,0.00,0,1,1,0,0,0,0,2,11,1
"org.apache.jackrabbit.core.query.jsr.Not",1,0.00,1.00,2,0.01,48.43,1,0,0,1,5,117.12,13,4,4,2,146.50,0.00,0.50,0.00,0,1.00,1,27.12,0,0,1,,0.00,0,1,1,0,0,1,0,2,11,1
"org.apache.jackrabbit.core.query.jsr.Operand",0,0.00,0.00,1,0.00,12.00,0,0,0,0,0,171.00,5,2,0,1,171.00,0.00,0.00,0.00,0,0.00,0,8.00,0,0,0,,0.00,0,0,0,0,0,0,0,1,4,1
"org.apache.jackrabbit.core.query.jsr.Or",2,0.00,1.00,3,0.01,65.85,2,0,0,2,5,121.49,25,5,4,2,159.05,0.00,0.50,0.00,0,2.00,1,38.73,0,0,1,,0.00,0,1,2,0,0,2,0,3,16,1
"org.apache.jackrabbit.core.query.jsr.Ordering",2,0.00,1.00,3,0.01,46.83,2,0,0,2,7,205.34,56,4,6,1,160.22,0.00,0.00,0.00,0,2.00,1,31.22,0,1,1,,0.00,0,0,2,0,0,1,0,3,14,1
"org.apache.jackrabbit.core.query.jsr.PropertyExistence",2,0.00,1.00,3,0.01,65.85,2,0,0,2,4,129.67,26,5,4,2,159.05,0.00,0.50,0.00,0,2.00,1,38.73,0,2,0,,0.00,0,1,2,0,0,0,0,3,16,1
"org.apache.jackrabbit.core.query.jsr.PropertyValue",2,0.00,1.00,3,0.01,65.85,2,0,0,2,6,129.67,27,5,6,2,159.05,0.00,0.50,0.00,0,2.00,1,38.73,0,2,0,,0.00,0,1,2,0,0,0,0,3,16,1
"org.apache.jackrabbit.core.query.jsr.QueryObjectModel",4,0.00,1.00,5,0.02,127.89,4,0,1,4,10,139.01,57,7,5,2,159.15,0.00,0.50,0.00,0,4.00,1,69.75,0,2,5,,0.00,0,1,4,0,0,2,0,5,28,1
"org.apache.jackrabbit.core.query.jsr.QueryObjectModelConstants",0,0.00,0.00,13,0.19,2814.00,12,12,0,0,4,171.00,41,14,4,1,171.00,0.00,0.00,0.00,0,0.00,0,564.97,0,0,0,,0.00,0,0,0,0,0,0,0,13,112,1
"org.apache.jackrabbit.core.query.jsr.QueryObjectModelFactory",42,0.00,1.00,43,0.57,3749.62,42,0,3,42,36,111.51,477,112,4,2,155.64,0.00,0.50,0.00,0,42.00,1,1697.87,0,19,32,,0.00,0,1,42,0,0,23,0,67,490,1
"org.apache.jackrabbit.core.query.jsr.SameNode",2,0.00,1.00,3,0.01,65.85,2,0,0,2,4,158.58,32,5,4,2,159.05,0.00,0.50,0.00,0,2.00,1,38.73,0,2,0,,0.00,0,1,2,0,0,0,0,3,16,1
"org.apache.jackrabbit.core.query.jsr.SameNodeJoinCondition",3,0.00,1.00,4,0.02,83.26,3,0,0,3,4,177.77,54,6,4,2,159.63,0.00,0.50,0.00,0,3.00,1,50.34,0,3,0,,0.00,0,1,3,0,0,0,0,4,21,1
"org.apache.jackrabbit.core.query.jsr.Selector",2,0.00,1.00,3,0.01,65.85,2,0,0,2,4,198.35,42,5,4,2,159.05,0.00,0.50,0.00,0,2.00,1,38.73,0,2,0,,0.00,0,1,2,0,0,0,0,3,16,1
"org.apache.jackrabbit.core.query.jsr.Source",0,0.00,0.00,1,0.00,12.00,0,0,0,0,8,171.00,5,2,8,1,171.00,0.00,0.00,0.00,0,0.00,0,8.00,0,0,0,,0.00,0,0,0,0,0,0,0,1,4,1
"org.apache.jackrabbit.core.query.jsr.StaticOperand",0,0.00,0.00,1,0.01,31.02,0,0,0,0,6,171.00,6,3,6,2,171.00,0.00,0.50,0.00,0,0.00,0,15.51,0,0,0,,0.00,0,1,0,0,0,0,0,1,6,1
"org.apache.jackrabbit.core.query.jsr.UpperCase",1,0.00,1.00,2,0.01,48.43,1,0,0,1,5,172.78,19,4,4,2,146.50,0.00,0.50,0.00,0,1.00,1,27.12,0,0,1,,0.00,0,1,1,0,0,1,0,2,11,1
"org.apache.jackrabbit.command.xml.AbstractExportViewToFile",13,0.10,1.23,49,0.60,15844.30,19,6,14,27,4,110.98,65,77,2,1,128.85,0.00,0.00,0.08,2,79.00,3,1810.16,0,6,2,java.lang.Object,0.00,14,0,16,2,14,7,1,21,388,2
"org.apache.jackrabbit.command.xml.ExportDocViewToFile",1,0.00,1.00,3,0.05,621.35,1,0,5,4,1,88.91,7,11,0,2,131.21,0.00,0.50,0.00,0,1.00,1,156.06,0,0,1,org.apache.jackrabbit.command.xml.AbstractExportViewToFile,0.00,3,1,1,0,3,1,0,2,38,1
"org.apache.jackrabbit.command.xml.ExportSysViewToFile",1,0.00,1.00,3,0.05,621.35,1,0,5,4,1,88.91,7,11,0,2,131.21,0.00,0.50,0.00,0,1.00,1,156.06,0,0,1,org.apache.jackrabbit.command.xml.AbstractExportViewToFile,0.00,3,1,1,0,3,1,0,2,38,1
"org.apache.jackrabbit.command.xml.ImportXmlFromInputStream",9,0.16,1.11,34,0.41,11755.88,13,4,7,21,1,128.88,39,47,0,1,128.64,0.00,0.00,0.11,0,37.00,2,1228.82,0,4,1,java.lang.Object,0.00,12,0,10,0,12,5,1,15,261,1
"org.apache.jackrabbit.taglib.test.BeanFactoryTest",2,0.00,2.00,12,0.12,2244.38,2,0,5,9,3,167.80,3,18,0,2,117.80,0.00,0.50,0.00,0,2.00,2,358.89,0,0,3,junit.framework.TestCase,0.00,7,1,4,0,7,2,0,1,83,1
"org.apache.jackrabbit.core.persistence.db.DatabasePersistenceManager",38,0.07,3.26,483,6.15,276490.11,71,33,40,135,23,57.77,278,687,3,2,100.06,9.00,0.09,0.10,15,46.00,11,18436.66,2,8,20,org.apache.jackrabbit.core.persistence.AbstractPersistenceManager,0.00,97,1,124,9,97,30,0,127,3336,2
"org.apache.jackrabbit.core.persistence.db.DatabasePersistenceManager$DbBLOBStore",4,0.00,1.75,30,0.39,11695.04,4,0,40,18,2,94.18,20,39,0,1,112.05,0.00,0.00,0.00,0,10.00,3,1172.64,0,2,2,java.lang.Object,0.00,14,0,7,0,14,2,1,9,238,0
"org.apache.jackrabbit.core.persistence.db.DatabasePersistenceManager$DbBLOBStore$FilterInputStream",1,0.00,1.00,4,0.02,218.17,1,0,40,3,0,180.12,1,5,0,1,130.12,0.00,0.00,0.00,0,1.00,1,68.97,0,0,0,java.lang.Object,0.00,2,0,1,0,2,1,0,1,21,0
"org.apache.jackrabbit.core.persistence.db.DatabasePersistenceManager$SizedInputStream",7,0.08,1.00,22,0.17,2593.31,9,2,40,7,0,132.97,0,30,0,2,132.97,0.00,0.50,0.43,0,0.00,1,512.17,2,0,0,java.io.FilterInputStream,0.00,0,1,7,0,0,7,0,0,134,0
"org.apache.jackrabbit.core.persistence.db.DerbyPersistenceManager",4,0.00,1.75,24,0.24,5393.52,6,2,5,14,1,116.73,66,33,0,4,117.20,0.33,0.60,0.50,0,0.00,4,709.00,0,0,1,org.apache.jackrabbit.core.persistence.db.SimpleDbPersistenceManager,0.00,10,3,7,1,10,4,0,16,152,1
"org.apache.jackrabbit.core.persistence.db.JNDIDatabasePersistenceManager",3,0.50,1.00,10,0.08,1276.06,4,1,5,6,1,88.37,35,14,0,3,132.50,0.50,0.50,0.67,0,1.00,1,241.45,0,2,1,org.apache.jackrabbit.core.persistence.db.DatabasePersistenceManager,0.06,3,2,3,1,3,1,0,7,64,1
"org.apache.jackrabbit.core.persistence.db.OraclePersistenceManager",10,0.07,3.60,138,2.08,96417.74,16,6,24,63,9,68.40,134,196,0,4,97.78,0.33,0.60,0.23,1,14.00,8,6225.28,6,2,9,org.apache.jackrabbit.core.persistence.db.SimpleDbPersistenceManager,0.06,53,3,36,1,53,8,0,50,1083,1
"org.apache.jackrabbit.core.persistence.db.OraclePersistenceManager$OracleBLOBStore",1,0.00,4.00,14,0.19,7266.34,1,0,24,6,0,97.76,4,22,0,2,97.52,0.00,0.50,0.00,0,1.00,4,555.96,0,0,0,org.apache.jackrabbit.core.persistence.db.DbBLOBStore,0.00,5,1,4,0,5,1,0,2,103,0
"org.apache.jackrabbit.core.persistence.db.SimpleDbPersistenceManager",9,0.03,1.00,25,0.16,2012.94,13,4,4,11,4,92.79,96,35,2,3,141.27,2.50,0.25,0.22,0,28.00,1,493.12,0,5,2,org.apache.jackrabbit.core.persistence.db.DatabasePersistenceManager,0.05,2,2,9,5,2,4,0,4,138,1
"org.apache.jackrabbit.rmi.server.iterator.ServerIterator",5,0.00,2.00,28,0.30,8495.21,8,3,7,15,8,81.77,61,44,5,2,119.33,5.00,0.14,0.33,1,2.00,4,892.03,0,2,3,org.apache.jackrabbit.rmi.server.ServerObject,0.00,10,2,10,5,10,3,1,9,201,2
"org.apache.jackrabbit.rmi.server.iterator.ServerNodeIterator",2,0.00,1.00,5,0.05,488.90,2,0,4,2,3,90.97,19,10,1,3,140.96,0.00,0.67,0.00,0,2.00,1,141.40,1,1,2,org.apache.jackrabbit.rmi.server.iterator.ServerIterator,0.00,0,3,2,0,0,1,0,3,40,1
"org.apache.jackrabbit.rmi.server.iterator.ServerNodeTypeIterator",2,0.00,1.00,5,0.05,584.99,2,0,4,3,3,90.35,19,10,1,3,140.35,0.00,0.67,0.00,0,2.00,1,156.38,1,1,2,org.apache.jackrabbit.rmi.server.iterator.ServerIterator,0.00,1,3,2,0,1,1,0,3,43,1
"org.apache.jackrabbit.rmi.server.iterator.ServerPropertyIterator",2,0.00,1.00,5,0.05,584.99,2,0,4,3,3,90.35,19,10,1,3,140.35,0.00,0.67,0.00,0,2.00,1,156.38,1,1,2,org.apache.jackrabbit.rmi.server.iterator.ServerIterator,0.00,1,3,2,0,1,1,0,3,43,1
"org.apache.jackrabbit.rmi.server.iterator.ServerRowIterator",2,0.00,1.00,5,0.05,584.99,2,0,4,3,3,90.35,19,10,1,3,140.35,0.00,0.67,0.00,0,2.00,1,156.38,1,1,2,org.apache.jackrabbit.rmi.server.iterator.ServerIterator,0.00,1,3,2,0,1,1,0,3,43,1
"org.apache.jackrabbit.rmi.server.iterator.ServerVersionIterator",2,0.00,1.00,5,0.05,584.99,2,0,4,3,3,90.35,19,10,1,3,140.35,0.00,0.67,0.00,0,2.00,1,156.38,1,1,2,org.apache.jackrabbit.rmi.server.iterator.ServerIterator,0.00,1,3,2,0,1,1,0,3,43,1
"org.apache.jackrabbit.ocm.annotation.model.Node",10,0.11,1.00,26,0.19,2564.94,15,5,2,10,0,140.80,5,43,0,1,140.80,0.00,0.00,0.10,0,50.00,1,582.43,0,5,0,java.lang.Object,0.00,0,0,10,0,0,5,0,1,161,1
"org.apache.jackrabbit.init.ExportDocViewTestData",15,0.15,1.20,123,1.53,33281.84,27,12,10,34,2,111.16,62,143,1,4,110.92,0.00,0.75,0.23,13,52.00,4,4599.47,1,0,1,org.apache.jackrabbit.test.AbstractJCRTest,0.12,19,3,18,0,19,15,0,27,944,1
"org.apache.jackrabbit.init.NodeTestData",2,1.43,2.50,48,0.75,30310.03,9,7,10,26,2,37.91,20,54,1,4,86.38,0.00,0.75,0.86,0,0.00,4,2256.95,1,0,1,org.apache.jackrabbit.test.AbstractJCRTest,0.21,24,3,5,0,24,2,0,13,392,1
"org.apache.jackrabbit.init.PropertyTestData",1,0.00,4.00,23,0.37,12698.59,2,1,7,16,2,39.09,10,28,1,4,87.57,0.00,0.75,1.00,0,0.00,4,1122.91,0,0,1,org.apache.jackrabbit.test.AbstractJCRTest,0.00,15,3,4,0,15,1,0,5,194,1
"org.apache.jackrabbit.init.QueryTestData",1,0.00,4.00,27,0.41,20673.72,2,1,4,14,2,45.74,12,32,1,4,83.31,0.00,0.75,1.00,0,0.00,4,1231.03,0,0,1,org.apache.jackrabbit.test.AbstractJCRTest,0.00,13,3,4,0,13,1,0,5,223,1
"org.apache.jackrabbit.init.TestAll",1,0.00,1.00,8,0.07,2228.14,1,0,3,3,4,73.39,12,10,0,2,110.95,0.00,0.50,0.00,0,1.00,1,223.66,0,1,4,junit.framework.TestCase,0.00,2,1,1,0,2,0,0,2,55,1
"org.apache.jackrabbit.ocm.nodemanagement.impl.BaseNamespaceHelper",1,1.00,1.00,3,0.02,212.76,2,1,0,1,0,86.39,10,5,0,1,134.87,0.00,0.00,0.00,0,1.00,1,58.19,0,0,0,java.lang.Object,0.00,0,0,1,1,0,1,0,5,18,2
"org.apache.jackrabbit.ocm.nodemanagement.impl.JackrabbitRepositorySession",2,0.00,1.00,8,0.10,1830.90,2,0,4,9,4,125.46,8,18,1,1,125.22,0.00,0.00,0.00,0,2.00,1,302.14,0,1,3,java.lang.Object,0.00,7,0,2,0,7,1,1,3,70,1
"org.apache.jackrabbit.ocm.nodemanagement.impl.JeceiraRepositorySession",2,0.00,1.00,5,0.03,339.94,2,0,2,2,3,98.08,23,12,1,1,142.21,0.00,0.00,0.00,0,2.00,1,97.74,0,1,2,java.lang.Object,0.00,0,0,2,0,0,1,1,13,29,1
"org.apache.jackrabbit.ocm.nodemanagement.impl.RepositoryConfiguration",13,0.10,1.00,32,0.18,1972.77,19,6,0,13,5,192.59,17,60,5,1,142.59,0.00,0.00,0.08,0,79.00,1,551.29,0,5,0,java.lang.Object,0.00,0,0,13,0,0,8,0,8,164,1
"org.apache.jackrabbit.ocm.nodemanagement.impl.RepositorySessionFactory",2,0.33,3.00,13,0.15,5328.16,5,3,1,6,4,72.45,15,28,1,1,114.75,0.00,0.00,0.50,0,2.00,5,456.51,0,1,3,java.lang.Object,0.00,4,0,6,0,4,1,0,3,102,1
"org.apache.jackrabbit.ocm.lock.Lock",8,0.14,1.25,22,0.17,2769.65,9,1,2,16,4,139.72,6,43,3,1,139.72,0.00,0.00,0.88,0,0.00,2,508.89,0,3,1,java.lang.Object,0.00,8,0,10,0,8,5,0,1,143,1
"org.apache.jackrabbit.core.fs.db.DB2FileSystem",2,0.00,1.00,12,0.12,1751.23,2,0,0,2,1,145.09,39,29,0,3,118.80,0.00,0.67,0.00,0,0.00,1,371.78,1,0,1,org.apache.jackrabbit.core.fs.db.DbFileSystem,0.05,0,2,2,0,0,2,0,5,88,1
"org.apache.jackrabbit.core.fs.db.DatabaseFileSystem",44,0.07,3.57,609,8.06,368504.28,71,27,29,122,9,80.39,263,919,3,1,98.26,0.00,0.00,0.10,23,0.00,10,24177.31,0,10,7,java.lang.Object,0.00,78,0,157,5,78,34,1,97,4363,1
"org.apache.jackrabbit.core.fs.db.DatabaseFileSystem$FileOutputStream",1,0.00,4.00,19,0.28,16150.94,1,0,29,12,0,139.84,1,41,0,1,89.84,0.00,0.00,0.00,0,0.00,4,825.06,1,0,0,java.lang.Object,0.00,11,0,4,0,11,1,0,1,154,0
"org.apache.jackrabbit.core.fs.db.DatabaseFileSystem$FilterInputStream",1,0.00,1.00,4,0.02,218.17,1,0,29,2,0,180.12,1,5,0,1,130.12,0.00,0.00,0.00,0,1.00,1,68.97,1,0,0,java.lang.Object,0.00,1,0,1,0,1,1,0,1,21,0
"org.apache.jackrabbit.core.fs.db.DatabaseFileSystem$RandomAccessOutputStream",6,0.20,1.50,29,0.38,17577.46,7,1,29,21,0,121.15,3,57,0,1,121.15,0.00,0.00,0.83,0,0.00,4,1137.18,0,0,0,java.lang.Object,0.00,15,0,9,0,15,6,0,3,238,0
"org.apache.jackrabbit.core.fs.db.DatabaseFileSystem$SizedInputStream",7,0.08,1.00,22,0.17,2593.31,9,2,29,7,0,132.97,0,30,0,2,132.97,0.00,0.50,0.43,0,0.00,1,512.17,2,0,0,org.apache.jackrabbit.core.fs.db.FilterInputStream,0.00,0,1,7,0,0,7,0,0,134,0
"org.apache.jackrabbit.core.fs.db.DbFileSystem",11,0.02,1.64,34,0.36,16891.87,15,4,3,14,5,79.89,97,53,5,2,128.00,3.00,0.20,0.27,0,29.00,8,1089.54,1,5,1,org.apache.jackrabbit.core.fs.db.DatabaseFileSystem,0.07,3,1,18,3,3,6,0,11,264,1
"org.apache.jackrabbit.core.fs.db.DerbyFileSystem",4,0.00,1.75,24,0.24,5393.52,6,2,5,14,1,97.06,58,33,0,3,117.20,0.00,0.67,0.50,0,0.00,4,709.00,0,0,1,org.apache.jackrabbit.core.fs.db.DbFileSystem,0.00,10,2,7,0,10,4,0,16,152,1
"org.apache.jackrabbit.core.fs.db.JNDIDatabaseFileSystem",3,0.50,1.00,10,0.08,1276.06,4,1,5,6,1,88.37,33,14,0,2,132.50,0.00,0.50,0.67,0,1.00,1,241.45,0,2,1,org.apache.jackrabbit.core.fs.db.DatabaseFileSystem,0.04,3,1,3,0,3,1,0,7,64,1
"org.apache.jackrabbit.core.fs.db.OracleFileSystem",10,0.07,3.10,150,2.36,102397.04,16,6,24,60,7,57.73,123,254,1,3,95.29,0.00,0.67,0.23,0,18.00,8,7085.09,6,4,6,org.apache.jackrabbit.core.fs.db.DbFileSystem,0.14,50,2,31,0,50,6,0,30,1226,1
"org.apache.jackrabbit.core.fs.db.OracleFileSystem$FileOutputStream",1,0.00,7.00,26,0.34,21199.20,1,0,24,12,0,133.70,1,53,0,1,83.70,0.00,0.00,0.00,0,1.00,7,1028.07,1,0,0,java.lang.Object,0.00,11,0,7,0,11,1,0,1,187,0
"org.apache.jackrabbit.core.fs.db.OracleFileSystem$RandomAccessOutputStream",6,0.20,2.00,36,0.45,22625.71,7,1,24,21,0,113.65,3,69,0,1,113.65,0.00,0.00,0.83,0,0.00,7,1340.19,0,0,0,java.lang.Object,0.00,15,0,12,0,15,6,0,3,271,0
"org.apache.jackrabbit.spi.rmi.common.ItemInfoImpl",5,0.06,1.00,18,0.12,1599.64,9,4,5,5,4,91.18,38,24,0,1,133.48,0.00,0.00,0.20,0,17.00,1,369.27,0,3,4,java.lang.Object,0.00,0,0,5,0,0,2,2,10,99,1
"org.apache.jackrabbit.spi.rmi.common.QueryResultRowImpl",4,0.11,1.00,16,0.13,2515.38,7,3,4,5,5,84.21,31,21,2,1,126.50,0.00,0.00,0.25,0,10.00,1,398.37,0,2,3,java.lang.Object,0.00,1,0,4,0,1,2,2,8,103,1
"org.apache.jackrabbit.spi.rmi.common.SerializableInputStream",12,0.09,1.33,45,0.46,13393.29,13,1,9,27,1,111.26,62,61,1,2,129.14,0.00,0.50,0.92,0,0.00,3,1375.10,0,0,0,java.io.InputStream,0.00,15,1,16,0,15,12,1,19,317,1
"org.apache.jackrabbit.spi.rmi.common.SerializableInputStream$FileInputStream",2,0.00,1.50,11,0.08,1054.87,3,1,9,3,0,123.40,0,16,0,1,123.40,0.00,0.00,1.00,0,0.00,2,229.83,2,0,0,java.lang.Object,0.00,1,0,3,0,1,2,0,0,59,0
"org.apache.jackrabbit.core.xml.AbstractSAXEventGenerator",13,0.05,2.23,116,1.53,61564.20,27,14,18,40,7,70.62,165,155,2,1,108.19,0.00,0.00,0.12,7,39.00,8,4600.61,0,0,5,java.lang.Object,0.00,27,0,29,2,27,13,0,56,868,1
"org.apache.jackrabbit.core.xml.AbstractSAXEventGenerator$NamespaceStack",3,0.00,1.67,16,0.13,3146.15,5,2,18,7,0,72.92,25,21,0,1,121.02,0.00,0.00,0.50,0,1.00,3,377.35,0,1,0,java.lang.Object,0.00,4,0,5,0,4,2,0,7,99,2
"org.apache.jackrabbit.core.xml.BufferedStringValue",9,0.38,3.78,133,1.64,78791.22,17,8,22,42,9,48.42,95,178,2,1,96.90,0.00,0.00,0.46,3,0.00,5,4927.00,0,4,7,java.lang.Object,0.00,33,0,34,0,33,5,1,42,915,0
"org.apache.jackrabbit.core.xml.BufferedStringValue$Base64ReaderInputStream",3,0.71,2.00,29,0.27,5837.17,10,7,22,8,1,109.34,0,36,0,2,109.34,0.00,0.50,0.62,1,0.00,3,816.91,0,0,1,java.io.InputStream,0.00,5,1,6,0,5,3,0,0,176,2
"org.apache.jackrabbit.core.xml.BufferedStringValue$OutputStreamWriter",1,0.00,1.00,4,0.03,271.16,1,0,22,3,0,169.27,2,5,0,1,129.38,0.00,0.00,0.00,0,1.00,1,85.62,1,0,0,java.lang.Object,0.00,2,0,1,0,2,1,0,2,25,0
"org.apache.jackrabbit.core.xml.DocViewImportHandler",9,0.08,3.44,109,1.53,82972.53,12,3,16,46,14,61.68,110,157,1,3,99.24,0.00,0.67,0.26,2,15.00,10,4591.40,0,2,13,org.apache.jackrabbit.core.xml.TargetImportHandler,0.00,37,2,31,0,37,7,0,47,820,0
"org.apache.jackrabbit.core.xml.DocViewSAXEventGenerator",8,0.10,2.25,64,0.97,36169.95,11,3,17,39,7,60.24,68,98,1,2,108.34,0.00,0.50,0.25,1,16.00,8,2910.26,1,1,6,org.apache.jackrabbit.core.xml.AbstractSAXEventGenerator,0.00,31,1,18,0,31,7,0,39,529,1
"org.apache.jackrabbit.core.xml.DocumentViewTest",5,0.00,1.60,38,0.59,13107.29,7,2,18,34,5,64.34,41,61,1,2,112.45,0.00,0.50,0.50,0,0.00,2,1763.55,3,0,4,junit.framework.TestCase,0.00,29,1,8,0,29,5,0,11,335,1
"org.apache.jackrabbit.core.xml.ImportHandler",12,0.04,1.42,55,0.66,14559.78,19,7,13,35,9,91.95,82,83,2,2,124.18,0.00,0.50,0.18,0,42.00,3,1992.51,0,0,7,org.xml.sax.helpers.DefaultHandler,0.00,23,1,17,0,23,12,0,26,444,1
"org.apache.jackrabbit.core.xml.Importer",4,0.00,1.00,5,0.03,147.36,4,0,2,4,8,110.19,40,7,7,1,158.67,0.00,0.00,0.00,0,4.00,1,98.24,0,0,1,,0.00,0,0,4,0,0,4,0,5,35,1
"org.apache.jackrabbit.core.xml.NamespaceContext",6,0.07,1.83,35,0.38,12092.62,9,3,10,18,8,70.66,49,46,2,1,118.77,0.00,0.00,0.39,0,2.00,3,1144.52,0,5,6,java.lang.Object,0.00,12,0,11,0,12,1,1,11,260,0
"org.apache.jackrabbit.core.xml.NodeInfo",5,0.06,1.00,18,0.12,2090.55,9,4,2,5,7,82.56,49,25,5,1,132.56,0.00,0.00,0.20,0,17.00,1,355.50,0,4,2,java.lang.Object,0.00,0,0,5,0,0,1,0,10,99,1
"org.apache.jackrabbit.core.xml.PropInfo",6,0.35,4.00,84,1.20,71307.74,10,4,20,37,17,45.84,56,110,4,1,95.84,0.00,0.00,0.54,2,0.00,8,3599.15,0,1,13,java.lang.Object,0.00,31,0,24,0,31,5,0,31,634,1
"org.apache.jackrabbit.core.xml.SAXParserProvider",1,0.00,2.00,12,0.15,3861.98,3,2,6,10,2,52.34,9,16,2,1,102.34,0.00,0.00,1.00,0,0.00,2,447.03,0,1,0,java.lang.Object,0.00,9,0,2,0,9,0,0,4,93,1
"org.apache.jackrabbit.core.xml.SessionImporter",7,0.19,5.43,137,2.10,130502.77,13,6,21,69,10,40.80,73,184,1,1,89.28,0.00,0.00,0.33,0,0.00,12,6289.06,0,2,10,java.lang.Object,0.00,62,0,38,0,62,5,1,43,1078,1
"org.apache.jackrabbit.core.xml.StringValue",4,0.00,2.00,24,0.33,9965.69,6,2,11,13,7,97.19,23,38,1,1,115.07,0.00,0.00,0.50,0,4.00,3,1001.49,0,2,6,java.lang.Object,0.00,9,0,8,0,9,2,1,16,206,0
"org.apache.jackrabbit.core.xml.SysViewImportHandler",7,0.17,6.14,125,2.00,128410.52,12,5,13,42,11,42.63,71,185,1,3,91.11,0.00,0.67,0.34,2,8.00,15,5999.87,0,1,10,org.apache.jackrabbit.core.xml.TargetImportHandler,0.00,35,2,43,0,35,6,0,42,1016,0
"org.apache.jackrabbit.core.xml.SysViewImportHandler$ImportState",0,0.00,0.00,7,0.05,531.67,6,6,13,1,1,171.00,18,8,0,1,171.00,0.00,0.00,0.00,0,0.00,0,141.78,0,0,1,java.lang.Object,0.00,1,0,0,0,1,0,0,6,34,0
"org.apache.jackrabbit.core.xml.SysViewSAXEventGenerator",10,0.04,2.20,92,1.38,69407.86,19,9,16,37,7,56.87,83,132,2,2,104.97,0.00,0.50,0.14,3,22.00,12,4126.32,1,0,5,org.apache.jackrabbit.core.xml.AbstractSAXEventGenerator,0.00,27,1,22,0,27,10,0,33,743,1
"org.apache.jackrabbit.core.xml.SysViewSAXEventGenerator$Writer",3,0.00,1.33,7,0.07,1447.36,3,0,16,6,0,138.57,2,12,0,1,138.57,0.00,0.00,0.00,0,3.00,2,205.45,0,0,0,java.lang.Object,0.00,3,0,4,0,3,3,0,2,52,0
"org.apache.jackrabbit.core.xml.TargetImportHandler",5,0.00,1.40,18,0.14,2372.06,7,2,4,10,5,89.76,39,28,3,2,132.05,2.00,0.25,0.50,0,1.00,2,434.47,0,0,2,org.xml.sax.helpers.DefaultHandler,0.00,5,1,7,2,5,5,0,6,112,1
"org.apache.jackrabbit.core.xml.TestAll",1,0.00,1.00,5,0.04,864.35,1,0,3,3,1,71.80,9,7,0,2,121.80,0.00,0.50,0.00,0,1.00,1,115.51,0,1,1,junit.framework.TestCase,0.00,2,1,1,0,2,0,0,2,31,1
"org.apache.jackrabbit.core.xml.TextValue",3,0.00,1.00,4,0.03,122.87,3,0,5,3,7,178.92,9,7,5,1,158.30,0.00,0.00,0.00,0,3.00,1,84.58,0,2,2,,0.00,0,0,3,0,0,1,0,2,29,1
"org.apache.jackrabbit.core.xml.WorkspaceImporter",9,0.30,5.89,249,4.14,303590.54,21,12,37,99,23,120.84,193,366,1,1,81.54,0.00,0.00,0.35,3,0.00,16,12434.30,0,1,23,java.lang.Object,0.00,90,0,53,0,90,8,1,112,2005,1
"org.apache.jackrabbit.core.xml.WorkspaceImporterTest",3,0.75,1.67,21,0.38,7743.45,5,2,9,22,2,133.11,9,54,0,2,112.49,0.00,0.50,1.00,0,0.00,3,1141.26,0,0,2,junit.framework.TestCase,0.00,19,1,5,0,19,3,0,2,216,1
"org.apache.jackrabbit.core.util.DOMBuilder",8,0.11,1.25,32,0.34,5701.03,12,4,13,25,1,83.73,62,47,1,1,126.02,0.00,0.00,0.34,4,0.00,3,1028.15,0,0,0,java.lang.Object,0.00,17,0,10,0,17,8,0,13,248,2
"org.apache.jackrabbit.core.util.DOMWalker",8,0.10,2.62,69,0.77,23852.86,11,3,12,38,2,61.25,85,87,2,1,109.73,0.00,0.00,0.42,0,0.00,5,2301.70,0,4,0,java.lang.Object,0.00,30,0,21,0,30,4,0,12,478,2
"org.apache.jackrabbit.core.util.Dumpable",1,0.00,1.00,2,0.01,30.51,1,0,1,1,6,110.52,12,3,6,1,148.08,0.00,0.00,0.00,0,1.00,1,25.51,0,0,0,,0.00,0,0,1,0,0,1,0,2,11,1
"org.apache.jackrabbit.core.util.ReferenceChangeTracker",6,0.00,1.00,15,0.11,1477.31,8,2,4,14,5,98.65,45,22,4,1,140.94,0.00,0.00,0.50,0,2.00,1,341.15,0,2,1,java.lang.Object,0.00,8,0,6,0,8,4,0,9,99,1
"org.apache.jackrabbit.core.util.RepositoryLock",3,0.92,4.67,43,0.62,22733.84,9,6,9,25,3,136.64,65,78,3,1,97.34,0.00,0.00,0.78,0,0.00,7,1866.79,0,0,0,java.lang.Object,0.00,22,0,14,0,22,3,0,22,355,1
"org.apache.jackrabbit.core.util.RepositoryLockTest",6,0.20,1.67,42,0.41,10991.71,7,1,5,19,2,95.79,34,56,1,2,113.66,0.00,0.50,0.83,1,0.00,3,1242.39,0,0,1,junit.framework.TestCase,0.00,13,1,10,0,13,6,0,8,279,1
"org.apache.jackrabbit.core.util.TestAll",1,0.00,1.00,5,0.04,864.35,1,0,3,3,1,73.70,8,7,0,2,121.80,0.00,0.50,0.00,0,1.00,1,115.51,0,1,1,junit.framework.TestCase,0.00,2,1,1,0,2,0,0,2,31,1
"org.apache.jackrabbit.core.nodetype.xml.AdditionalNamespaceResolver",5,0.12,1.80,31,0.32,8555.78,7,2,6,13,5,98.50,27,41,4,2,116.38,0.00,0.50,0.40,1,6.00,2,949.71,0,2,1,org.apache.jackrabbit.name.AbstractNamespaceResolver,0.00,8,1,9,0,8,3,0,8,218,1
"org.apache.jackrabbit.core.nodetype.xml.Constants",0,0.00,0.00,25,0.29,3144.19,24,24,0,0,2,171.00,27,26,2,1,171.00,0.00,0.00,0.00,0,0.00,0,861.42,0,0,0,,0.00,0,0,0,0,0,0,0,25,149,1
"org.apache.jackrabbit.core.nodetype.xml.NodeTypeReader",7,0.17,3.71,106,2.14,115992.31,10,3,24,64,29,45.12,75,179,10,1,93.60,0.00,0.00,0.48,3,4.00,9,6408.43,0,6,19,java.lang.Object,0.00,57,0,26,0,57,1,0,21,1067,1
"org.apache.jackrabbit.core.nodetype.xml.NodeTypeWriter",6,0.30,3.67,109,1.66,81983.68,8,2,17,52,17,47.18,71,148,5,1,91.31,0.00,0.00,0.75,2,0.00,6,4989.44,0,0,12,java.lang.Object,0.00,46,0,22,0,46,6,0,20,873,2
"org.apache.jackrabbit.core.nodetype.xml.SimpleNamespaceRegistry",7,0.08,1.14,24,0.26,4048.42,9,2,3,15,2,171.31,15,33,1,1,131.42,0.00,0.00,0.57,1,0.00,2,766.08,0,4,1,java.lang.Object,0.00,8,0,8,0,8,3,1,10,200,0
"org.apache.jackrabbit.core.nodetype.xml.TestAll",39,0.10,1.33,231,3.20,60966.21,45,6,22,90,14,159.59,98,386,1,2,119.71,0.00,0.50,0.07,3,371.00,4,9589.94,0,4,13,junit.framework.TestCase,0.00,51,1,52,0,51,35,0,49,1977,1
"org.apache.jackrabbit.webdav.jcr.version.report.AbstractJcrReport",3,0.25,2.67,21,0.32,12839.56,5,2,9,10,15,78.43,19,30,7,1,110.65,0.00,0.00,0.67,0,0.00,6,951.12,0,2,8,java.lang.Object,0.00,7,0,8,7,7,1,1,5,183,2
"org.apache.jackrabbit.webdav.jcr.version.report.ExportViewReport",4,0.00,3.00,39,0.67,24041.24,8,4,24,28,11,67.83,49,54,1,2,105.39,0.00,0.50,0.25,0,6.00,7,2008.53,3,2,10,org.apache.jackrabbit.webdav.jcr.version.report.AbstractJcrReport,0.00,24,1,12,0,24,2,0,13,364,1
"org.apache.jackrabbit.webdav.jcr.version.report.JcrPrivilegeReport",5,0.00,1.80,36,0.58,16461.57,10,5,22,31,17,79.42,34,48,2,2,111.64,0.00,0.50,0.20,1,10.00,4,1744.97,2,2,15,org.apache.jackrabbit.webdav.jcr.version.report.AbstractJcrReport,0.00,26,1,9,0,26,3,0,12,335,1
"org.apache.jackrabbit.webdav.jcr.version.report.LocateByUuidReport",4,0.08,1.50,25,0.42,11679.18,8,4,18,26,16,64.59,38,33,3,2,114.59,0.00,0.50,0.19,0,6.00,3,1264.01,2,2,13,org.apache.jackrabbit.webdav.jcr.version.report.AbstractJcrReport,0.00,22,1,6,0,22,2,0,9,238,1
"org.apache.jackrabbit.webdav.jcr.version.report.LocateCorrespondingNodeReport",5,0.19,1.80,34,0.56,16256.85,9,4,21,28,15,70.05,56,45,1,2,114.18,0.00,0.50,0.10,0,11.00,3,1675.53,1,3,14,org.apache.jackrabbit.webdav.jcr.version.report.AbstractJcrReport,0.00,23,1,9,0,23,2,0,10,323,1
"org.apache.jackrabbit.webdav.jcr.version.report.NodeTypesReport",5,0.17,4.20,71,1.10,49739.07,8,3,27,45,15,58.87,63,83,2,2,96.44,0.00,0.50,0.20,0,13.00,8,3312.64,2,3,13,org.apache.jackrabbit.webdav.jcr.version.report.AbstractJcrReport,0.00,40,1,21,0,40,2,1,21,578,1
"org.apache.jackrabbit.webdav.jcr.version.report.RegisteredNamespacesReport",4,0.00,1.75,26,0.33,9629.00,7,3,14,15,11,71.09,46,33,2,2,115.22,0.00,0.50,0.33,0,6.00,3,1003.83,1,2,9,org.apache.jackrabbit.webdav.jcr.version.report.AbstractJcrReport,0.00,11,1,7,0,11,2,1,8,205,1
"org.apache.jackrabbit.webdav.jcr.version.report.RepositoryDescriptorsReport",4,0.50,1.25,21,0.26,6975.76,6,2,12,11,10,75.22,45,24,2,2,119.35,0.00,0.50,0.12,0,8.00,2,783.79,2,2,8,org.apache.jackrabbit.webdav.jcr.version.report.AbstractJcrReport,0.00,7,1,5,0,7,2,1,7,167,1
"org.apache.jackrabbit.ocm.repository.AllTests",2,0.00,1.00,7,0.05,899.31,2,0,3,5,3,152.93,7,10,1,1,132.31,0.00,0.00,0.00,1,2.00,1,155.16,0,2,2,java.lang.Object,0.00,3,0,2,0,3,0,0,3,42,1
"org.apache.jackrabbit.ocm.repository.RepositoryUtil",9,0.09,2.78,85,1.17,45919.95,13,4,14,37,16,55.97,81,149,10,1,105.97,0.00,0.00,0.17,0,25.00,6,3499.70,0,5,6,java.lang.Object,0.00,28,0,25,0,28,4,0,16,685,1
"org.apache.jackrabbit.ocm.repository.RepositoryUtilTest",10,2.00,1.50,87,0.99,25453.63,12,2,14,38,4,131.02,37,135,2,2,110.40,0.00,0.50,0.00,0,10.00,2,2980.08,2,1,2,junit.framework.TestCase,0.00,28,1,15,0,28,9,0,14,600,1
"org.apache.jackrabbit.ocm.repository.RepositoryUtilTest$TestSetup",2,0.00,1.00,7,0.05,506.24,2,0,14,4,1,134.28,0,9,0,1,134.28,0.00,0.00,0.00,0,2.00,1,156.36,2,0,1,java.lang.Object,0.00,2,0,2,0,2,2,0,0,43,0
"org.apache.jackrabbit.api.JackrabbitNodeTypeManager",3,2.00,1.00,6,0.06,429.53,5,2,7,3,10,122.65,42,9,10,2,142.79,0.00,0.50,0.00,0,3.00,1,170.55,0,2,0,,0.00,0,1,3,0,0,1,0,6,49,1
"org.apache.jackrabbit.api.JackrabbitRepository",1,0.00,1.00,2,0.01,44.19,1,0,1,1,4,126.67,14,3,4,2,146.81,0.00,0.50,0.00,0,1.00,1,26.09,0,0,0,,0.00,0,1,1,0,0,1,0,2,11,1
"org.apache.jackrabbit.api.JackrabbitWorkspace",2,0.00,1.00,3,0.03,136.06,2,0,4,2,7,127.19,26,6,7,2,156.57,0.00,0.50,0.00,0,2.00,1,84.68,0,0,0,,0.00,0,1,2,0,0,2,0,3,27,1
"org.apache.jackrabbit.api.XASession",1,0.00,1.00,2,0.01,44.19,1,0,2,1,4,180.20,20,3,4,2,146.81,0.00,0.50,0.00,0,1.00,1,26.09,0,1,0,,0.00,0,1,1,0,0,0,0,2,11,1
"org.apache.jackrabbit.jcrlog.samples.FirstHop",1,0.00,1.00,9,0.13,3072.66,1,0,3,7,1,78.56,13,14,0,1,107.94,0.00,0.00,0.00,0,1.00,1,383.08,0,0,1,java.lang.Object,0.00,6,0,1,0,6,1,0,5,76,1
"org.apache.jackrabbit.jcrlog.samples.SecondHop",1,0.00,1.00,16,0.25,7122.73,1,0,5,16,1,104.88,17,22,0,1,95.75,0.00,0.00,0.00,0,1.00,1,760.46,0,0,1,java.lang.Object,0.00,15,0,1,0,15,1,0,8,136,1
"org.apache.jackrabbit.jcrlog.samples.ThirdHop",2,0.00,4.00,35,0.52,20340.60,2,0,12,29,1,49.10,22,47,0,1,93.23,0.00,0.00,0.00,1,2.00,6,1557.97,0,0,1,java.lang.Object,0.00,27,0,8,0,27,2,0,19,275,1
"org.apache.jackrabbit.server.io.AbstractExportContext",7,0.00,1.29,23,0.19,3616.06,12,5,3,10,7,131.78,4,32,4,1,131.78,0.00,0.00,0.20,0,30.00,2,560.01,0,2,3,java.lang.Object,0.00,3,0,9,3,3,5,1,1,140,2
"org.apache.jackrabbit.server.io.BoundedInputStream",14,0.14,1.50,54,0.52,15774.65,19,5,2,23,2,129.31,57,74,2,2,129.08,0.00,0.50,0.33,1,0.00,4,1553.34,0,1,0,java.io.InputStream,0.00,9,1,21,0,9,13,0,19,368,1
"org.apache.jackrabbit.server.io.DefaultHandler",32,0.15,2.88,258,3.76,157573.57,37,5,27,132,20,59.89,256,370,5,1,107.99,0.00,0.00,0.05,13,248.00,9,11289.46,0,10,15,java.lang.Object,0.00,100,0,92,3,100,22,2,76,2146,1
"org.apache.jackrabbit.server.io.DefaultIOListener",4,0.00,1.50,11,0.17,2386.13,6,2,2,8,8,138.06,16,16,5,1,137.82,0.00,0.00,0.50,0,0.00,2,498.31,0,0,3,java.lang.Object,0.00,4,0,6,0,4,4,1,5,119,1
"org.apache.jackrabbit.server.io.DefaultIOManager",3,1.00,1.33,14,0.11,1549.75,4,1,2,10,8,79.01,26,19,1,2,127.11,0.00,0.50,0.00,1,3.00,2,322.93,1,0,7,org.apache.jackrabbit.server.io.IOManagerImpl,0.00,7,1,4,0,7,3,0,4,87,1
"org.apache.jackrabbit.server.io.DirListingExportHandler",17,0.44,1.76,132,1.88,90625.34,19,2,15,54,12,110.23,75,165,2,1,110.00,0.00,0.00,0.09,2,58.00,7,5641.54,0,3,10,java.lang.Object,0.00,37,0,30,0,37,14,2,25,987,1
"org.apache.jackrabbit.server.io.ExportContext",9,0.00,1.00,10,0.06,310.43,9,0,2,9,12,141.02,52,11,12,2,158.89,0.00,0.50,0.00,0,9.00,1,190.99,0,2,0,,0.00,0,1,9,0,0,7,0,10,69,1
"org.apache.jackrabbit.server.io.ExportContextImpl",10,0.09,2.60,62,0.77,21489.56,15,5,15,36,6,83.29,61,91,1,2,115.51,0.00,0.50,0.28,0,0.00,11,2322.15,2,1,5,org.apache.jackrabbit.server.io.AbstractExportContext,0.12,26,1,26,0,26,9,0,22,467,1
"org.apache.jackrabbit.server.io.IOContext",4,0.00,1.00,5,0.02,93.72,4,0,0,4,2,142.34,23,6,2,1,160.21,0.00,0.00,0.00,0,4.00,1,62.48,0,1,1,,0.00,0,0,4,0,0,3,0,5,26,1
"org.apache.jackrabbit.server.io.IOHandler",11,0.00,1.00,12,0.10,581.83,11,0,2,11,12,119.87,136,13,9,1,157.43,0.00,0.00,0.00,0,11.00,1,311.12,0,2,4,,0.00,0,0,11,0,0,9,0,12,101,1
"org.apache.jackrabbit.server.io.IOListener",3,0.00,1.00,4,0.04,168.96,3,0,0,3,8,109.11,25,5,7,1,157.21,0.00,0.00,0.00,0,3.00,1,112.64,0,0,2,,0.00,0,0,3,0,0,3,0,4,35,1
"org.apache.jackrabbit.server.io.IOManager",6,0.00,1.00,7,0.06,395.24,6,0,2,6,13,112.55,67,8,10,1,156.68,0.00,0.00,0.00,0,6.00,1,192.35,0,0,4,,0.00,0,0,6,0,0,6,0,7,61,1
"org.apache.jackrabbit.server.io.IOManagerImpl",7,0.08,3.43,83,0.99,54846.69,9,2,6,25,8,101.44,30,96,1,1,101.21,0.00,0.00,0.43,1,9.00,5,2983.60,0,1,7,java.lang.Object,0.00,18,0,24,1,18,6,1,8,567,1
"org.apache.jackrabbit.server.io.IOUtil",8,4.00,2.50,62,0.76,29249.66,12,4,12,26,16,62.73,83,81,13,1,111.21,0.00,0.00,0.00,0,8.00,3,2290.96,0,7,3,java.lang.Object,0.00,18,0,20,0,18,1,0,20,480,1
"org.apache.jackrabbit.server.io.ImportContext",9,0.00,1.00,10,0.04,206.52,9,0,2,9,12,128.06,58,11,12,2,160.28,0.00,0.50,0.00,0,9.00,1,126.48,0,7,0,,0.00,0,1,9,0,0,2,0,10,53,1
"org.apache.jackrabbit.server.io.ImportContextImpl",17,0.00,1.88,68,0.65,15150.44,24,7,9,37,7,125.40,83,93,2,1,125.17,0.00,0.00,0.14,3,147.00,3,1955.19,0,8,5,java.lang.Object,0.00,20,0,32,1,20,9,1,19,466,1
"org.apache.jackrabbit.server.io.MimeResolver",4,0.00,1.50,16,0.16,2476.04,6,2,3,14,2,94.24,26,24,1,1,126.46,0.00,0.00,0.50,0,2.00,2,465.76,0,2,1,java.lang.Object,0.00,10,0,6,0,10,2,0,8,114,1
"org.apache.jackrabbit.server.io.PropertyExportContext",0,0.00,0.00,1,0.01,31.02,0,0,0,0,9,171.00,5,2,9,2,171.00,0.00,0.50,0.00,0,0.00,0,15.51,0,0,0,,0.00,0,1,0,0,0,0,0,1,6,1
"org.apache.jackrabbit.server.io.PropertyHandler",4,0.00,1.00,5,0.05,270.57,4,0,2,4,8,127.21,52,6,6,1,156.59,0.00,0.00,0.00,0,4.00,1,136.59,0,1,2,,0.00,0,0,4,0,0,3,0,5,44,1
"org.apache.jackrabbit.server.io.PropertyImportContext",2,0.00,1.00,3,0.01,65.85,2,0,2,2,9,110.94,17,4,9,2,159.05,0.00,0.50,0.00,0,2.00,1,38.73,0,2,0,,0.00,0,1,2,0,0,0,0,3,16,1
"org.apache.jackrabbit.server.io.PropertyManager",4,0.00,1.00,5,0.04,233.87,4,0,2,4,6,124.86,25,6,3,1,157.09,0.00,0.00,0.00,0,4.00,1,117.76,0,2,3,,0.00,0,0,4,0,0,2,0,5,39,1
"org.apache.jackrabbit.server.io.PropertyManagerImpl",6,0.20,2.17,46,0.50,19772.32,9,3,7,27,10,111.83,26,54,2,1,111.60,0.00,0.00,0.17,1,14.00,4,1511.48,0,2,8,java.lang.Object,0.00,21,0,13,0,21,4,1,7,317,1
"org.apache.jackrabbit.server.io.VersionHandler",12,1.00,1.42,40,0.40,8339.32,13,1,9,17,10,170.63,31,59,1,2,130.74,0.00,0.50,0.00,2,12.00,3,1188.62,0,2,9,org.apache.jackrabbit.server.io.DefaultHandler,0.23,5,1,17,0,5,10,1,15,282,1
"org.apache.jackrabbit.server.io.VersionHistoryHandler",18,0.50,1.28,54,0.48,7570.50,20,2,8,26,10,132.48,9,78,1,1,132.48,0.00,0.00,0.03,2,34.00,2,1425.86,0,3,9,java.lang.Object,0.00,8,0,23,0,8,15,2,7,357,1
"org.apache.jackrabbit.server.io.XmlHandler",9,0.44,2.11,48,0.69,16150.61,11,2,10,35,7,76.84,63,77,2,2,119.13,0.00,0.50,0.11,0,19.00,4,2084.43,5,0,5,org.apache.jackrabbit.server.io.DefaultHandler,0.00,26,1,19,0,26,9,0,19,436,1
"org.apache.jackrabbit.server.io.ZipHandler",11,0.20,2.64,95,1.32,46884.07,14,3,15,59,10,60.03,110,124,2,2,108.51,0.00,0.50,0.15,1,39.00,6,3953.80,5,1,8,org.apache.jackrabbit.server.io.DefaultHandler,0.05,48,1,29,0,48,10,0,27,760,1
"org.apache.jackrabbit.server.io.ZipHandler$ZipEntryExportContext",9,0.25,1.56,24,0.25,4759.29,11,2,15,17,2,188.22,11,39,0,2,138.22,0.00,0.50,0.28,0,20.00,3,743.58,0,1,2,org.apache.jackrabbit.server.io.AbstractExportContext,0.00,8,1,14,0,8,8,0,6,181,1
"org.apache.jackrabbit.server.io.ZipHandler$ZipEntryImportContext",4,0.00,1.00,14,0.17,2319.86,6,2,15,12,5,131.44,0,19,0,2,131.44,0.00,0.50,0.50,0,4.00,1,504.63,0,1,5,org.apache.jackrabbit.server.io.ImportContextImpl,0.29,8,1,4,0,8,3,0,0,116,1
"org.apache.jackrabbit.servlet.AbstractRepositoryServlet",6,0.00,1.67,36,0.45,18562.91,6,0,7,24,2,123.50,102,49,2,2,114.37,7.00,0.11,0.00,2,6.00,4,1340.42,0,3,0,javax.servlet.http.HttpServlet,0.00,18,1,10,7,18,3,0,8,263,2
"org.apache.jackrabbit.servlet.ContextRepositoryFactory",2,0.00,2.00,14,0.17,5656.89,4,2,4,7,3,82.76,26,25,2,1,112.14,0.00,0.00,0.50,0,2.00,3,518.31,0,1,1,java.lang.Object,0.00,5,0,4,0,5,1,1,5,114,1
"org.apache.jackrabbit.servlet.ContextRepositoryServlet",1,1.00,4.00,16,0.22,10615.64,2,1,5,10,5,70.31,40,23,0,3,94.06,0.00,0.67,0.00,0,1.00,4,666.44,2,1,5,org.apache.jackrabbit.servlet.AbstractRepositoryServlet,0.43,9,2,4,0,9,0,0,3,128,1
"org.apache.jackrabbit.servlet.CrossContextRepositoryFactory",2,0.00,1.50,13,0.15,3552.95,5,3,4,7,3,125.42,35,21,1,1,116.29,0.00,0.00,0.33,0,2.00,2,437.49,0,1,2,java.lang.Object,0.00,5,0,3,0,5,1,1,6,103,1
"org.apache.jackrabbit.servlet.JNDIBindingServlet",2,0.67,3.50,21,0.29,9924.21,5,3,8,15,1,143.61,42,31,0,2,104.31,0.00,0.50,0.67,0,0.00,5,870.42,0,0,1,javax.servlet.http.HttpServlet,0.00,13,1,7,0,13,2,0,6,171,1
"org.apache.jackrabbit.servlet.JNDIRepositoryServlet",1,1.00,5.00,15,0.23,9761.93,2,1,7,11,2,89.57,37,23,0,3,95.34,0.00,0.67,0.00,0,1.00,5,675.70,0,1,2,org.apache.jackrabbit.servlet.AbstractRepositoryServlet,0.43,10,2,5,0,10,0,0,3,129,1
"org.apache.jackrabbit.servlet.ServletRepository",1,0.00,1.00,3,0.02,160.57,1,0,2,2,4,112.09,40,5,2,3,135.83,0.00,0.67,0.00,0,1.00,1,58.69,0,0,2,org.apache.jackrabbit.commons.repository.ProxyRepository,0.00,1,2,1,0,1,1,0,2,19,1
"org.apache.jackrabbit.servlet.ServletRepositoryFactory",2,1.00,2.50,16,0.23,10708.69,3,1,5,10,2,134.02,38,27,1,1,107.74,0.00,0.00,0.50,0,2.00,4,678.63,0,1,1,java.lang.Object,0.00,8,0,5,0,8,1,1,4,137,1
"org.apache.jackrabbit.command.query.AbstractQuery",6,0.30,1.00,19,0.20,3179.16,8,2,6,14,3,131.99,26,26,2,1,131.75,0.00,0.00,0.25,1,14.00,1,606.44,0,3,1,java.lang.Object,0.00,8,0,6,2,8,3,1,10,141,2
"org.apache.jackrabbit.command.query.SQLQuery",1,0.00,1.00,3,0.02,130.68,1,0,1,1,1,104.32,6,5,0,2,136.54,0.00,0.50,0.00,0,1.00,1,48.73,0,1,1,org.apache.jackrabbit.command.query.AbstractQuery,0.29,0,1,1,0,0,0,0,2,16,1
"org.apache.jackrabbit.command.query.XPathQuery",1,0.00,1.00,3,0.02,130.68,1,0,1,1,1,104.32,6,5,0,2,136.54,0.00,0.50,0.00,0,1.00,1,48.73,0,1,1,org.apache.jackrabbit.command.query.AbstractQuery,0.29,0,1,1,0,0,0,0,2,16,1
"org.apache.jackrabbit.webdav.io.InputContext",7,0.00,1.00,8,0.03,152.68,7,0,1,7,11,128.24,42,9,11,1,160.46,0.00,0.00,0.00,0,7.00,1,95.75,0,4,0,,0.00,0,0,7,0,0,3,0,8,41,1
"org.apache.jackrabbit.webdav.io.InputContextImpl",8,0.10,1.12,24,0.21,3268.16,11,3,6,15,3,182.61,14,34,1,1,132.61,0.00,0.00,0.25,0,16.00,2,633.69,0,4,2,java.lang.Object,0.00,7,0,9,0,7,4,1,3,162,1
"org.apache.jackrabbit.webdav.io.OutputContext",8,0.00,1.00,9,0.05,242.82,8,0,1,8,10,141.46,44,10,10,1,159.33,0.00,0.00,0.00,0,8.00,1,156.48,0,1,0,,0.00,0,0,8,0,0,7,0,9,58,1
"org.apache.jackrabbit.webdav.io.OutputContextImpl",9,0.04,1.78,32,0.30,5164.87,12,3,5,16,3,131.34,3,49,1,1,131.34,0.00,0.00,0.30,0,1.00,2,901.67,0,1,2,java.lang.Object,0.00,7,0,16,0,7,8,1,1,223,1
"org.apache.portals.graffito.jcr.spring.JackrabbitSessionFactory",1,0.00,7.00,18,0.22,10556.82,1,0,5,8,0,131.34,21,33,0,2,92.04,0.00,0.50,0.00,0,1.00,7,673.37,1,0,0,org.springmodules.jcr.JcrSessionFactory,0.00,7,1,7,0,7,1,0,10,128,1
"org.apache.portals.graffito.jcr.spring.JcrMappingCallback",1,0.00,1.00,2,0.01,69.06,1,0,2,1,2,178.67,20,3,2,1,145.29,0.00,0.00,0.00,0,1.00,1,36.53,0,1,0,,0.00,0,0,1,0,0,0,0,2,13,1
"org.apache.portals.graffito.jcr.spring.JcrMappingOperations",6,0.00,1.00,7,0.08,532.19,6,0,3,6,2,137.79,33,8,1,1,155.66,0.00,0.00,0.00,0,6.00,1,226.58,0,3,1,,0.00,0,0,6,0,0,3,0,7,69,1
"org.apache.portals.graffito.jcr.spring.JcrMappingTemplate",16,0.80,1.19,62,0.67,15240.69,17,1,31,36,4,111.83,85,80,2,2,129.70,0.00,0.50,0.25,4,48.00,2,2019.95,2,9,2,org.springmodules.jcr.JcrTemplate,0.00,20,1,19,0,20,7,1,21,452,1
"org.apache.portals.graffito.jcr.spring.JcrMappingTemplate$JcrCallback",1,0.00,2.00,5,0.05,790.64,1,0,31,4,0,142.56,3,8,0,1,121.95,0.00,0.00,0.00,0,1.00,2,139.77,0,1,0,java.lang.Object,0.00,3,0,2,0,3,0,0,1,34,0
"org.apache.portals.graffito.jcr.spring.JcrMappingTemplate$JcrMappingCallback",1,0.00,1.00,4,0.03,288.90,1,0,31,2,0,129.16,0,5,0,1,129.16,0.00,0.00,0.00,0,1.00,1,78.32,0,1,0,java.lang.Object,0.00,1,0,1,0,1,0,0,0,22,0
"org.apache.portals.graffito.jcr.spring.JcrMappingTemplate$JcrMappingCallback_0",1,0.00,1.00,4,0.03,288.90,1,0,31,2,0,129.16,0,5,0,1,129.16,0.00,0.00,0.00,0,1.00,1,78.32,0,1,0,java.lang.Object,0.00,1,0,1,0,1,0,0,0,22,0
"org.apache.portals.graffito.jcr.spring.JcrMappingTemplate$JcrMappingCallback_1",1,0.00,1.00,4,0.03,288.90,1,0,31,2,0,129.16,0,5,0,1,129.16,0.00,0.00,0.00,0,1.00,1,78.32,0,1,0,java.lang.Object,0.00,1,0,1,0,1,0,0,0,22,0
"org.apache.portals.graffito.jcr.spring.JcrMappingTemplate$JcrMappingCallback_2",1,0.00,1.00,3,0.02,255.67,1,0,31,2,0,134.24,0,4,0,1,134.24,0.00,0.00,0.00,0,1.00,1,68.92,0,1,0,java.lang.Object,0.00,1,0,1,0,1,0,0,0,20,0
"org.apache.portals.graffito.jcr.spring.JcrMappingTemplate$JcrMappingCallback_3",1,0.00,1.00,3,0.02,255.67,1,0,31,2,0,134.24,0,4,0,1,134.24,0.00,0.00,0.00,0,1.00,1,68.92,0,1,0,java.lang.Object,0.00,1,0,1,0,1,0,0,0,20,0
"org.apache.portals.graffito.jcr.spring.MappingDescriptorFactoryBean",7,0.06,1.71,32,0.36,9018.44,10,3,11,16,0,124.16,31,38,0,1,123.93,0.00,0.00,0.29,1,11.00,4,1091.15,0,3,0,java.lang.Object,0.00,9,0,12,0,9,4,2,10,232,1
"org.apache.portals.graffito.jcr.spring.SimpleTest",5,0.00,1.40,31,0.39,9470.91,5,0,14,24,5,136.70,17,47,1,2,116.09,0.00,0.50,0.00,0,5.00,3,1165.33,2,1,4,junit.framework.TestCase,0.00,19,1,7,0,19,4,0,6,222,1
"org.apache.jackrabbit.ocm.testmodel.uuid.A",6,0.20,1.00,16,0.09,967.56,9,3,0,6,3,142.39,5,26,3,1,142.39,0.00,0.00,0.17,0,18.00,1,270.03,0,3,0,java.lang.Object,0.00,0,0,6,0,0,3,0,1,82,1
"org.apache.jackrabbit.ocm.testmodel.uuid.Ancestor",4,0.33,1.00,11,0.06,636.45,6,2,0,4,1,192.43,5,19,1,1,142.43,0.00,0.00,0.25,0,8.00,1,182.32,0,2,0,java.lang.Object,0.00,0,0,4,1,0,2,0,1,56,1
"org.apache.jackrabbit.ocm.testmodel.uuid.B",6,0.20,1.00,16,0.09,938.37,9,3,1,6,1,192.49,7,28,1,1,142.49,0.00,0.00,0.17,0,18.00,1,272.65,0,3,0,java.lang.Object,0.00,0,0,6,0,0,3,0,3,82,1
"org.apache.jackrabbit.ocm.testmodel.uuid.B2",6,0.20,1.00,16,0.09,916.94,9,3,1,6,2,192.57,7,26,1,1,142.57,0.00,0.00,0.17,0,18.00,1,275.03,0,2,1,java.lang.Object,0.00,0,0,6,0,0,4,0,3,82,1
"org.apache.jackrabbit.ocm.testmodel.uuid.Descendant",2,1.00,1.00,6,0.04,358.51,3,1,0,2,2,175.34,5,10,1,2,135.46,0.00,0.50,0.50,0,2.00,1,105.51,0,1,1,org.apache.jackrabbit.ocm.testmodel.uuid.Ancestor,0.00,0,1,2,0,0,1,0,1,32,1
"org.apache.jackrabbit.core.query.lucene.hits.AdaptingHits",6,0.17,2.00,37,0.38,17744.50,12,6,3,15,5,96.61,34,52,2,1,114.48,0.00,0.00,0.31,0,0.00,7,1148.41,0,1,3,java.lang.Object,0.00,9,0,12,0,9,5,1,11,240,1
"org.apache.jackrabbit.core.query.lucene.hits.ArrayHits",6,0.40,2.00,39,0.33,9634.05,10,4,1,9,2,156.46,17,50,1,1,116.57,0.00,0.00,0.58,2,0.00,3,975.11,0,0,1,java.lang.Object,0.00,3,0,12,0,3,6,1,4,223,1
"org.apache.jackrabbit.core.query.lucene.hits.BitSetHits",4,0.33,1.00,15,0.10,1251.29,6,2,1,7,2,154.17,14,20,1,1,133.55,0.00,0.00,0.75,1,0.00,1,290.73,0,0,1,java.lang.Object,0.00,3,0,4,0,3,4,1,4,81,1
"org.apache.jackrabbit.core.query.lucene.hits.Hits",3,0.00,1.00,4,0.02,95.88,3,0,1,3,7,141.28,16,5,7,1,159.15,0.00,0.00,0.00,0,3.00,1,63.48,0,0,0,,0.00,0,0,3,0,0,3,0,4,25,1
"org.apache.jackrabbit.core.query.lucene.hits.HitsIntersection",4,0.33,2.00,31,0.28,16792.68,8,4,1,7,3,131.40,12,40,2,1,110.79,0.00,0.00,0.50,1,4.00,4,850.41,0,0,1,java.lang.Object,0.00,3,0,8,0,3,4,1,4,195,1
"org.apache.jackrabbit.core.query.lucene.hits.ScorerHits",4,0.67,1.50,16,0.12,2073.91,5,1,2,8,3,147.69,12,23,2,1,127.07,0.00,0.00,0.50,0,4.00,2,345.43,0,0,1,java.lang.Object,0.00,4,0,6,0,4,4,1,4,91,1
"org.apache.jackrabbit.commons.repository.EmptyRepository",3,0.00,1.00,7,0.05,577.63,3,0,4,4,1,99.49,23,12,0,2,141.78,0.00,0.50,0.00,0,3.00,1,153.49,0,3,1,org.apache.jackrabbit.commons.AbstractRepository,0.00,1,1,3,0,1,0,0,4,45,1
"org.apache.jackrabbit.commons.repository.JNDIRepository",1,0.00,1.00,3,0.02,215.39,1,0,1,2,3,124.47,15,5,1,3,134.83,0.00,0.67,0.00,0,1.00,1,72.87,0,0,2,org.apache.jackrabbit.commons.repository.ProxyRepository,0.00,1,2,1,0,1,1,0,2,22,1
"org.apache.jackrabbit.commons.repository.JNDIRepositoryFactory",2,0.00,2.50,16,0.19,6983.23,4,2,4,6,2,65.07,23,29,1,1,109.20,0.00,0.00,0.50,0,2.00,4,558.91,0,1,1,java.lang.Object,0.00,4,0,5,0,4,1,1,5,120,1
"org.apache.jackrabbit.commons.repository.ProxyRepository",4,0.17,1.50,17,0.18,3070.76,6,2,6,10,8,77.25,42,28,6,2,125.73,5.00,0.14,0.62,0,0.00,2,538.25,0,3,2,org.apache.jackrabbit.commons.AbstractRepository,0.00,6,1,6,5,6,1,0,7,130,1
"org.apache.jackrabbit.commons.repository.RepositoryFactory",1,0.00,1.00,2,0.01,38.26,1,0,2,1,7,103.18,11,3,7,1,147.31,0.00,0.00,0.00,0,1.00,1,25.51,0,1,0,,0.00,0,0,1,0,0,0,0,2,11,1
"org.apache.jackrabbit.extension.configuration.ConfigurationIODelegate",10,0.11,2.60,77,0.77,28599.02,13,3,13,31,2,74.48,129,111,2,1,112.04,0.00,0.00,0.23,4,18.00,7,2320.43,0,2,0,java.lang.Object,0.00,21,0,26,0,21,8,0,28,471,1
"org.apache.jackrabbit.extension.configuration.ItemConfiguration",15,0.12,3.40,140,1.82,75474.94,19,4,21,73,4,149.92,340,199,2,2,105.97,0.00,0.50,0.13,8,65.00,14,5468.30,0,3,3,org.apache.commons.configuration.HierarchicalConfiguration,0.00,58,1,51,0,58,12,1,65,1032,1
"org.apache.jackrabbit.extension.configuration.ItemConfiguration$ItemBuilderVisitor",4,0.67,4.75,63,0.98,55263.94,5,1,21,31,0,50.04,44,80,0,2,94.17,0.00,0.50,0.50,1,4.00,10,2925.44,0,1,0,BuilderVisitor,0.00,27,1,19,0,27,3,0,18,512,2
"org.apache.jackrabbit.extension.configuration.ItemConfiguration$ItemNode",2,1.00,3.50,18,0.19,5086.11,3,1,21,12,1,58.30,18,23,0,2,108.30,0.00,0.50,0.00,0,2.00,6,584.29,0,0,1,Node,0.00,10,1,7,0,10,2,0,5,123,1
"org.apache.jackrabbit.extension.configuration.ItemConfiguration$NodeVisitor",1,0.00,1.00,3,0.02,178.52,1,0,21,2,1,135.47,0,4,0,1,135.47,0.00,0.00,0.00,0,1.00,1,67.21,0,0,1,java.lang.Object,0.00,1,0,1,0,1,1,0,0,20,0
"org.apache.jackrabbit.extension.configuration.ItemConfigurationTest",9,0.04,1.44,107,1.41,41590.09,12,3,15,32,3,70.99,61,113,1,3,103.21,0.00,0.67,0.30,1,1.00,3,4243.87,3,2,2,org.apache.jackrabbit.extension.ExtensionFrameworkTestBase,0.26,23,2,13,0,23,7,0,61,803,1
"org.apache.jackrabbit.extension.configuration.PropertiesNodeConfiguration",11,0.50,1.00,27,0.22,2465.32,12,1,4,17,2,91.26,105,43,0,2,141.26,0.00,0.50,0.55,2,5.00,1,658.86,0,1,2,org.apache.commons.configuration.PropertiesConfiguration,0.00,6,1,11,0,6,10,1,13,182,1
"org.apache.jackrabbit.extension.configuration.RepositoryConfiguration",6,0.00,1.00,7,0.04,178.23,6,0,3,6,4,149.04,95,8,4,2,159.40,0.00,0.50,0.00,0,6.00,1,120.62,0,1,0,,0.00,0,1,6,0,0,5,0,7,45,1
"org.apache.jackrabbit.extension.configuration.XMLNodeConfiguration",11,0.50,1.00,27,0.22,2748.46,12,1,4,16,2,92.78,92,44,0,2,140.89,0.00,0.50,0.55,2,5.00,1,673.25,0,1,2,org.apache.commons.configuration.XMLConfiguration,0.00,5,1,11,0,5,10,1,14,185,1
"org.apache.jackrabbit.rmi.client.iterator.ClientIterator",9,0.18,2.33,60,0.58,23827.83,14,5,7,16,9,66.35,97,85,5,1,114.82,0.00,0.00,0.36,2,7.00,6,1735.08,0,2,4,org.apache.jackrabbit.rmi.client.ClientObject,0.00,7,1,21,5,7,7,1,16,374,2
"org.apache.jackrabbit.rmi.client.iterator.ClientNodeIterator",3,1.00,1.00,9,0.07,845.72,4,1,6,3,5,85.80,24,15,1,2,133.91,0.00,0.50,0.33,0,4.00,1,218.74,2,2,4,org.apache.jackrabbit.rmi.client.iterator.ClientIterator,0.00,0,2,3,0,0,1,1,5,61,1
"org.apache.jackrabbit.rmi.client.iterator.ClientNodeTypeIterator",3,0.00,1.00,7,0.05,528.94,3,0,5,4,5,99.79,22,13,1,2,142.08,0.00,0.50,0.00,0,3.00,1,161.13,2,2,4,org.apache.jackrabbit.rmi.client.iterator.ClientIterator,0.00,1,2,3,0,1,1,1,4,49,1
"org.apache.jackrabbit.rmi.client.iterator.ClientPropertyIterator",3,1.00,1.00,9,0.08,929.67,4,1,6,4,5,85.48,24,16,1,2,133.58,0.00,0.50,0.33,0,4.00,1,233.46,2,2,4,org.apache.jackrabbit.rmi.client.iterator.ClientIterator,0.00,1,2,3,0,1,1,1,5,64,1
"org.apache.jackrabbit.rmi.client.iterator.ClientRowIterator",3,0.00,1.00,7,0.05,528.94,3,0,5,4,5,99.79,22,12,1,2,142.08,0.00,0.50,0.00,0,3.00,1,161.13,2,2,4,org.apache.jackrabbit.rmi.client.iterator.ClientIterator,0.00,1,2,3,0,1,1,1,4,49,1
"org.apache.jackrabbit.rmi.client.iterator.ClientVersionIterator",3,1.00,1.00,9,0.08,929.67,4,1,6,4,5,85.48,24,16,1,2,133.58,0.00,0.50,0.33,0,4.00,1,233.46,2,2,4,org.apache.jackrabbit.rmi.client.iterator.ClientIterator,0.00,1,2,3,0,1,1,1,5,64,1
"org.apache.jackrabbit.uuid.Constants",0,0.00,0.00,33,0.42,8853.20,32,32,0,1,7,171.00,114,34,7,1,171.00,0.00,0.00,0.00,0,0.00,0,1267.81,0,0,0,,0.00,1,0,0,0,1,0,0,39,209,1
"org.apache.jackrabbit.uuid.UUID",13,0.17,2.38,117,1.73,106090.70,17,4,3,22,52,62.11,102,153,51,1,104.40,0.00,0.00,0.40,0,0.00,9,5202.08,0,3,2,java.lang.Object,0.00,9,0,31,0,9,10,3,20,1016,1
"org.apache.jackrabbit.uuid.VersionFourGenerator",5,0.06,2.40,36,0.37,14941.75,9,4,4,9,3,91.76,74,50,2,1,111.91,0.00,0.00,0.20,1,8.00,7,1097.04,0,3,2,java.lang.Object,0.00,4,0,12,0,4,2,1,21,229,2
"org.apache.jackrabbit.test.rmi.value.SerialValueFactoryTest",2,0.00,1.00,22,0.31,5662.05,3,1,8,15,1,154.97,3,28,0,2,104.97,0.00,0.50,1.00,0,0.00,1,918.45,0,0,1,junit.framework.TestCase,0.00,13,1,2,0,13,2,0,1,185,1
"org.apache.jackrabbit.identifier.AbstractIdFactory",4,0.00,1.50,16,0.17,2932.25,4,0,8,8,8,108.01,20,25,1,1,125.89,0.00,0.00,0.00,0,4.00,2,522.01,0,4,7,java.lang.Object,0.00,4,0,6,2,4,0,1,6,127,2
"org.apache.jackrabbit.identifier.AbstractIdFactory$ItemIdImpl",9,0.08,2.11,43,0.45,13804.45,12,3,8,22,5,163.17,19,61,0,1,123.28,0.00,0.00,0.26,1,24.00,3,1355.48,0,3,5,java.lang.Object,0.00,13,0,19,0,13,6,2,4,316,3
"org.apache.jackrabbit.identifier.AbstractIdFactory$NodeIdImpl",5,0.00,1.60,15,0.14,2494.80,5,0,8,8,3,131.85,0,23,0,2,131.85,0.00,0.50,0.00,0,5.00,3,434.88,1,0,3,org.apache.jackrabbit.identifier.ItemIdImpl,0.00,3,1,8,0,3,5,1,0,112,2
"org.apache.jackrabbit.identifier.AbstractIdFactory$PropertyIdImpl",5,1.00,1.40,17,0.13,1920.88,6,1,8,8,4,132.77,0,25,0,2,132.77,0.00,0.50,0.20,0,8.00,3,379.22,1,2,4,org.apache.jackrabbit.identifier.ItemIdImpl,0.00,3,1,7,0,3,3,1,0,101,2
"org.apache.jackrabbit.identifier.IdFactoryImpl",2,1.00,1.00,5,0.04,628.67,3,1,1,3,4,190.10,3,7,2,2,140.10,0.00,0.50,0.00,0,2.00,1,116.38,0,1,2,org.apache.jackrabbit.identifier.AbstractIdFactory,0.00,1,1,2,0,1,1,0,1,33,2
"org.apache.jackrabbit.spi.CredentialsWrapper",3,0.00,1.67,19,0.18,4761.26,6,3,5,9,2,166.65,4,24,2,1,116.65,0.00,0.00,0.33,0,2.00,3,545.38,0,2,0,java.lang.Object,0.00,6,0,5,0,6,1,0,2,124,0
"org.apache.jackrabbit.spi.EventImpl",2,0.00,1.00,11,0.23,10298.60,2,0,7,4,8,136.31,6,27,1,2,115.70,0.00,0.50,0.00,1,2.00,1,691.61,0,0,7,org.apache.jackrabbit.spi.commons.EventImpl,0.00,2,1,2,0,2,2,1,4,151,1
"org.apache.jackrabbit.spi.ExceptionConverter",3,1.00,4.33,35,0.65,50292.71,4,1,17,22,10,138.44,8,52,3,1,98.55,0.00,0.00,0.00,1,3.00,11,1964.59,0,2,7,java.lang.Object,0.00,19,0,13,0,19,1,0,6,330,1
"org.apache.jackrabbit.spi.IdURICache",9,0.16,1.44,38,0.42,8399.53,13,4,5,21,2,125.07,3,52,1,1,125.07,0.00,0.00,0.39,1,0.00,2,1266.31,0,3,1,java.lang.Object,0.00,12,0,13,0,12,6,0,1,294,0
"org.apache.jackrabbit.spi.ItemInfoImpl",3,0.00,1.00,13,0.14,2030.37,6,3,11,8,11,176.25,4,18,2,1,126.25,0.00,0.00,0.33,0,2.00,1,424.11,0,2,9,java.lang.Object,0.00,5,0,3,2,5,1,1,2,97,1
"org.apache.jackrabbit.spi.LockInfoImpl",6,0.07,1.00,17,0.13,1887.55,9,3,6,11,5,140.10,3,24,1,1,140.10,0.00,0.00,0.28,0,2.00,1,398.04,0,3,4,java.lang.Object,0.00,5,0,6,0,5,3,1,1,108,1
"org.apache.jackrabbit.spi.NamespaceResolverImpl",5,0.17,1.40,22,0.22,5695.68,8,3,8,12,4,164.28,11,30,2,2,124.39,0.00,0.50,0.47,0,0.00,2,674.51,0,3,2,org.apache.jackrabbit.name.AbstractNamespaceResolver,0.00,7,1,7,0,7,2,0,5,164,0
"org.apache.jackrabbit.spi.NodeInfoImpl",11,0.02,1.91,71,1.03,68813.60,19,8,20,35,16,161.93,13,95,2,2,111.93,0.00,0.50,0.15,0,77.00,11,3097.98,0,6,14,org.apache.jackrabbit.spi2dav.ItemInfoImpl,0.00,24,1,21,0,24,5,1,11,548,1
"org.apache.jackrabbit.spi.PropertyInfoImpl",7,0.03,1.71,48,0.63,27761.52,12,5,20,20,16,163.51,9,61,2,2,113.51,0.00,0.50,0.23,0,21.00,6,1883.31,0,3,14,org.apache.jackrabbit.spi2dav.ItemInfoImpl,0.00,13,1,12,0,13,4,1,7,343,1
"org.apache.jackrabbit.spi.QItemDefinitionImpl",11,0.12,2.27,68,0.89,46712.69,19,8,11,29,10,80.99,76,99,2,1,113.21,0.00,0.00,0.24,1,33.00,11,2683.87,0,2,8,java.lang.Object,0.00,18,0,25,2,18,9,2,23,511,2
"org.apache.jackrabbit.spi.QNodeDefinitionImpl",7,0.11,2.71,61,0.76,33917.06,10,3,13,34,10,59.96,56,84,2,2,108.06,0.00,0.50,0.43,1,9.00,6,2289.56,4,2,8,org.apache.jackrabbit.spi2dav.QItemDefinitionImpl,0.11,27,1,19,0,27,5,1,17,442,1
"org.apache.jackrabbit.spi.QNodeTypeDefinitionImpl",11,0.18,3.27,113,1.59,96129.08,20,9,22,47,14,102.62,51,143,1,1,102.39,0.00,0.00,0.27,1,17.00,12,4764.46,0,6,13,java.lang.Object,0.00,36,0,36,0,36,5,2,25,864,1
"org.apache.jackrabbit.spi.QPropertyDefinitionImpl",8,0.11,2.75,77,1.11,53253.40,13,5,18,36,12,62.77,63,104,2,2,105.06,0.00,0.50,0.30,2,14.00,10,3322.60,4,2,10,org.apache.jackrabbit.spi2dav.QItemDefinitionImpl,0.11,28,1,22,0,28,6,1,23,598,1
"org.apache.jackrabbit.spi.QueryInfoImpl",3,0.20,3.67,49,0.77,44646.07,8,5,27,23,20,60.70,18,56,1,1,92.93,0.00,0.00,0.33,0,1.00,9,2308.34,0,2,19,java.lang.Object,0.00,20,0,11,0,20,1,1,7,376,1
"org.apache.jackrabbit.spi.QueryInfoImpl$QueryResultRowIterator",8,0.21,1.12,23,0.17,2119.87,10,2,27,13,3,180.55,20,33,0,1,140.66,0.00,0.00,0.31,1,14.00,2,496.36,0,2,3,java.lang.Object,0.00,5,0,9,0,5,6,1,8,135,1
"org.apache.jackrabbit.spi.QueryInfoImpl$QueryResultRowIterator$QueryResultRow",3,0.00,1.67,14,0.12,3021.37,3,0,27,5,2,145.39,9,19,0,1,124.78,0.00,0.00,0.00,0,4.00,3,345.13,0,2,2,java.lang.Object,0.00,2,0,5,0,2,1,0,3,79,0
"org.apache.jackrabbit.spi.RepositoryServiceImpl",75,0.01,3.52,1003,16.70,873248.24,94,19,159,312,124,117.75,248,1317,2,1,97.14,0.00,0.00,0.04,25,1640.00,16,50108.89,0,40,123,java.lang.Object,0.00,237,0,264,0,237,35,2,128,8515,1
"org.apache.jackrabbit.spi.RepositoryServiceImpl$BatchImpl",18,0.13,2.33,178,2.59,91455.13,24,6,159,67,36,126.64,58,220,0,1,106.03,0.00,0.00,0.29,4,0.00,5,7783.42,0,2,36,java.lang.Object,0.00,49,0,42,0,49,16,1,29,1417,1
"org.apache.jackrabbit.spi.RepositoryServiceImpl$NamespaceCache",5,0.25,1.40,23,0.22,6313.82,7,2,159,10,1,124.04,1,31,0,2,124.04,0.00,0.50,0.70,0,0.00,2,655.26,0,3,1,org.apache.jackrabbit.name.AbstractNamespaceResolver,0.00,5,1,7,0,5,2,0,1,160,2
"org.apache.jackrabbit.spi.RepositoryServiceImpl$NamespaceResolverImpl",5,0.75,1.40,18,0.17,3420.23,6,1,159,10,7,151.41,17,28,0,1,130.80,0.00,0.00,0.40,0,7.00,2,511.83,0,4,7,java.lang.Object,0.00,5,0,7,0,5,1,1,5,126,1
"org.apache.jackrabbit.spi.SessionInfoImpl",13,0.04,1.00,37,0.27,4232.31,20,7,5,20,7,140.22,53,51,5,1,139.98,0.00,0.00,0.11,0,103.00,1,811.15,0,8,2,java.lang.Object,0.00,7,0,13,0,7,5,1,15,217,1
"org.apache.jackrabbit.spi.URIResolver",3,0.00,1.00,4,0.04,155.83,3,0,5,3,6,207.49,3,5,2,1,157.49,0.00,0.00,0.00,0,3.00,1,106.00,0,3,4,,0.00,0,0,3,0,0,0,0,1,34,0
"org.apache.jackrabbit.spi.URIResolverImpl",12,0.02,3.67,156,2.43,118954.99,18,6,36,79,31,137.56,29,212,1,1,97.68,0.00,0.00,0.18,6,36.00,13,7297.76,0,9,31,java.lang.Object,0.00,67,0,44,0,67,3,1,21,1275,0
"org.apache.jackrabbit.webdav.jcr.AbstractItemResource",18,0.10,3.00,151,2.28,84311.88,21,3,36,86,30,65.86,141,215,2,2,108.15,5.00,0.14,0.24,3,102.00,10,6835.56,9,8,28,org.apache.jackrabbit.webdav.jcr.AbstractResource,0.13,68,1,54,5,68,10,2,42,1265,1
"org.apache.jackrabbit.webdav.jcr.AbstractResource",44,0.03,1.68,201,2.60,74997.77,55,11,62,116,57,90.75,290,300,4,1,122.97,0.00,0.00,0.06,11,878.00,5,7814.76,0,27,53,java.lang.Object,0.00,72,0,74,8,72,17,4,74,1638,1
"org.apache.jackrabbit.webdav.jcr.AbstractResource$EListener",2,0.00,2.50,16,0.23,5155.98,5,3,62,9,6,150.12,5,23,0,1,110.24,0.00,0.00,0.33,0,2.00,4,691.99,0,0,6,java.lang.Object,0.00,7,0,5,0,7,2,1,3,145,0
"org.apache.jackrabbit.webdav.jcr.DavLocatorFactoryImpl",3,0.50,3.33,29,0.31,11701.27,4,1,3,15,3,58.74,26,39,1,2,106.85,0.00,0.50,0.67,0,1.00,5,942.47,0,2,2,org.apache.jackrabbit.webdav.AbstractLocatorFactory,0.00,12,1,10,0,12,1,0,7,196,1
"org.apache.jackrabbit.webdav.jcr.DavResourceFactoryImpl",6,0.07,4.00,75,1.19,55416.15,9,3,25,40,24,55.07,66,103,1,1,99.20,0.00,0.00,0.39,1,6.00,10,3565.99,0,4,23,java.lang.Object,0.00,34,0,24,0,34,2,1,14,634,1
"org.apache.jackrabbit.webdav.jcr.DefaultItemCollection",29,0.30,4.41,359,5.24,209259.48,31,2,68,163,42,51.54,318,500,3,3,100.02,1.50,0.33,0.21,8,61.00,16,15732.29,22,10,39,org.apache.jackrabbit.webdav.jcr.AbstractItemResource,0.16,134,2,128,3,134,19,1,86,2845,1
"org.apache.jackrabbit.webdav.jcr.DefaultItemResource",14,0.77,2.71,106,1.50,53090.74,15,1,42,65,26,62.96,121,148,1,3,111.06,0.00,0.67,0.29,2,38.00,8,4501.53,9,3,25,org.apache.jackrabbit.webdav.jcr.AbstractItemResource,0.04,51,2,38,0,51,11,0,24,851,1
"org.apache.jackrabbit.webdav.jcr.ItemResourceConstants",0,0.00,0.00,45,1.24,42238.42,44,44,9,4,35,171.00,69,46,27,1,171.00,0.00,0.00,0.00,0,0.00,0,3707.81,0,0,8,,0.00,4,0,0,0,4,0,0,24,550,1
"org.apache.jackrabbit.webdav.jcr.JcrDavException",4,0.00,1.25,40,0.72,23720.71,7,3,28,17,28,53.94,37,47,23,3,103.93,0.00,0.67,0.33,0,6.00,2,2160.82,0,1,5,org.apache.jackrabbit.webdav.DavException,0.23,13,2,5,0,13,3,0,6,444,1
"org.apache.jackrabbit.webdav.jcr.JcrDavSession",8,0.10,1.25,27,0.28,5361.04,11,3,8,21,23,98.67,54,38,19,1,130.90,0.00,0.00,0.25,2,12.00,2,830.31,0,4,4,java.lang.Object,0.00,13,0,10,2,13,4,1,12,208,2
"org.apache.jackrabbit.webdav.jcr.RootCollection",13,1.00,1.23,47,0.47,11146.16,14,1,18,32,14,97.83,85,63,1,2,130.06,0.00,0.50,0.08,2,24.00,4,1406.31,4,5,13,org.apache.jackrabbit.webdav.jcr.AbstractResource,0.07,19,1,16,0,19,8,0,18,320,1
"org.apache.jackrabbit.webdav.jcr.VersionControlledItemCollection",17,0.88,4.53,222,3.33,175212.82,18,1,38,86,27,59.94,205,300,1,4,97.50,0.00,0.75,0.18,4,0.00,17,9987.39,13,7,26,org.apache.jackrabbit.webdav.jcr.DefaultItemCollection,0.11,69,3,77,0,69,10,1,74,1766,1
"org.apache.jackrabbit.webdav.jcr.WorkspaceResourceImpl",25,0.83,1.72,140,1.82,72140.74,26,1,41,81,29,99.68,138,184,1,2,117.55,0.00,0.50,0.20,4,123.00,7,5450.69,9,10,28,org.apache.jackrabbit.webdav.jcr.AbstractResource,0.12,56,1,43,0,56,15,2,43,1063,1
"org.apache.jackrabbit.spi.xml.TestAll",1,0.00,1.00,3,0.02,158.91,1,0,3,2,1,156.48,3,5,0,2,135.87,0.00,0.50,0.00,0,1.00,1,52.05,0,1,1,junit.framework.TestCase,0.00,1,1,1,0,1,0,0,1,17,1
"org.apache.jackrabbit.spi.xml.XMLIdFactory",5,1.00,1.80,22,0.21,4443.72,6,1,5,10,8,125.19,1,34,1,1,125.19,0.00,0.00,0.20,1,8.00,3,620.20,0,4,7,java.lang.Object,0.00,5,0,9,0,5,1,1,1,146,1
"org.apache.jackrabbit.spi.xml.XMLItemInfo",5,0.50,1.00,12,0.07,773.26,6,1,4,8,7,142.53,2,18,2,1,142.53,0.00,0.00,0.60,0,2.00,1,211.66,0,3,5,java.lang.Object,0.00,3,0,5,2,3,2,1,2,65,1
"org.apache.jackrabbit.spi.xml.XMLNodeId",15,0.21,2.67,115,1.27,57485.02,16,1,12,49,14,111.03,9,144,7,1,111.03,0.00,0.00,0.80,2,0.00,10,3806.03,0,10,8,java.lang.Object,0.00,34,0,40,0,34,5,3,5,771,1
"org.apache.jackrabbit.spi.xml.XMLNodeInfo",7,0.00,1.00,15,0.09,957.30,7,0,5,9,7,142.95,1,23,1,2,142.95,0.00,0.50,0.00,0,10.00,1,255.84,0,5,6,org.apache.jackrabbit.spi.xml.XMLItemInfo,0.00,2,1,7,0,2,2,1,1,81,1
"org.apache.jackrabbit.spi.xml.XMLPrimaryTypeId",8,0.57,1.12,20,0.16,2496.63,9,1,5,13,8,140.10,2,32,3,1,140.10,0.00,0.00,0.50,0,8.00,2,475.31,0,4,5,java.lang.Object,0.00,5,0,9,0,5,4,1,2,129,1
"org.apache.jackrabbit.spi.xml.XMLPrimaryTypeInfo",9,0.88,1.00,21,0.13,1549.85,10,1,9,12,9,142.16,2,31,1,1,142.16,0.00,0.00,0.22,0,19.00,1,389.75,0,5,8,java.lang.Object,0.00,3,0,9,0,3,4,1,2,114,1
"org.apache.jackrabbit.spi.xml.XMLPropertyIdIterator",6,0.07,1.50,27,0.19,3062.81,9,3,4,11,2,127.12,1,37,1,1,127.12,0.00,0.00,0.28,2,10.00,3,570.04,0,1,2,java.lang.Object,0.00,5,0,9,0,5,5,1,1,145,1
"org.apache.jackrabbit.spi.xml.XMLPropertyInfo",5,0.00,1.00,12,0.09,1042.82,5,0,6,7,8,141.51,1,18,1,2,141.51,0.00,0.50,0.00,0,7.00,1,262.66,0,2,7,org.apache.jackrabbit.spi.xml.XMLItemInfo,0.00,2,1,5,0,2,3,1,1,74,1
"org.apache.jackrabbit.spi.xml.XMLRepositoryConfig",6,1.00,1.00,14,0.07,713.96,7,1,6,7,6,143.43,0,21,1,1,143.43,0.00,0.00,0.17,0,10.00,1,223.14,0,4,5,java.lang.Object,0.00,1,0,6,0,1,2,1,0,69,1
"org.apache.jackrabbit.spi.xml.XMLRepositoryFactory",5,0.75,1.60,27,0.38,11204.96,6,1,19,21,10,118.43,0,43,2,1,118.43,0.00,0.00,0.40,1,7.00,4,1133.57,0,4,8,java.lang.Object,0.00,16,0,8,0,16,1,0,0,236,1
"org.apache.jackrabbit.spi.xml.XMLRepositoryService",53,0.17,1.40,193,2.78,79285.55,58,5,54,103,28,168.01,147,345,2,1,128.12,0.00,0.00,0.03,1,437.00,5,8341.49,0,30,26,java.lang.Object,0.00,50,0,74,0,50,23,1,68,1746,1
"org.apache.jackrabbit.spi.xml.XMLRepositoryStub",2,1.00,2.00,11,0.11,3212.88,3,1,5,7,4,71.42,17,19,1,2,119.52,0.00,0.50,0.50,0,2.00,3,331.51,0,1,3,org.apache.jackrabbit.test.RepositoryStub,0.22,5,1,4,0,5,1,0,4,75,1
"org.apache.jackrabbit.spi.xml.XMLSessionInfo",8,1.00,1.00,15,0.08,678.70,9,1,1,8,2,195.70,21,24,1,1,155.81,0.00,0.00,0.12,0,14.00,1,240.86,0,4,1,java.lang.Object,0.00,0,0,8,0,0,4,1,11,78,1
"org.apache.jackrabbit.core.state.orm.hibernate.HibernateNodeState",19,0.15,1.00,47,0.32,3754.82,23,4,9,23,4,141.69,6,67,1,2,141.69,0.00,0.50,0.11,0,139.00,1,947.53,1,8,3,org.apache.jackrabbit.core.state.orm.ORMNodeState,0.19,4,1,19,0,4,11,0,3,273,1
"org.apache.jackrabbit.core.state.orm.hibernate.HibernatePersistenceManager",18,0.06,4.94,299,4.77,243144.51,20,2,33,111,19,113.80,62,515,0,1,93.19,0.00,0.00,0.56,2,0.00,17,14323.88,0,5,19,java.lang.Object,0.00,93,0,89,0,93,13,1,23,2430,1
"org.apache.jmeter.protocol.java.config.gui.ChainConfigGui",10,0.04,2.30,88,1.36,54592.96,16,6,24,72,1,75.47,63,142,1,2,107.69,0.00,0.50,0.20,4,22.00,11,4089.01,1,4,0,org.apache.jmeter.config.gui.AbstractConfigGui,0.00,62,1,23,0,62,6,1,24,737,1
"org.apache.jackrabbit.ocm.nodemanagement.NodeTypeManager",13,0.00,1.00,14,0.16,753.77,13,0,9,13,6,109.01,114,30,0,1,157.11,0.00,0.00,0.00,0,13.00,1,472.44,0,2,6,,0.00,0,0,13,0,0,11,0,14,141,1
"org.apache.jackrabbit.ocm.nodemanagement.RepositorySession",1,0.00,1.00,2,0.01,51.23,1,0,2,1,3,102.18,11,5,2,1,146.31,0.00,0.00,0.00,0,1.00,1,41.70,0,1,1,,0.00,0,0,1,0,0,0,0,2,15,1
"org.apache.jackrabbit.ocm.nodemanagement.TestBase",3,1.00,2.33,20,0.21,6210.49,4,1,5,10,3,73.37,22,34,1,2,115.67,1.00,0.33,0.33,0,4.00,4,615.78,0,0,2,junit.framework.TestCase,0.00,7,1,7,1,7,3,0,5,133,1
"org.apache.jackrabbit.core.jndi.BindableRepository",15,0.02,1.13,53,0.55,9488.23,22,7,16,35,6,82.64,151,83,3,1,131.12,0.00,0.00,0.16,2,0.00,2,1651.11,0,10,4,java.lang.Object,0.00,20,0,17,0,20,5,3,32,399,1
"org.apache.jackrabbit.core.jndi.BindableRepository$Thread",1,0.00,1.00,3,0.01,56.92,1,0,16,2,0,139.38,0,4,0,1,139.38,0.00,0.00,0.00,0,1.00,1,30.46,0,0,0,java.lang.Object,0.00,1,0,1,0,1,1,0,0,12,0
"org.apache.jackrabbit.core.jndi.BindableRepositoryFactory",3,0.50,1.67,18,0.24,6776.82,4,1,8,11,2,67.34,25,30,2,1,115.44,0.00,0.00,0.67,1,1.00,3,709.46,0,2,1,java.lang.Object,0.00,8,0,5,0,8,1,1,6,150,1
"org.apache.jackrabbit.core.jndi.RegistryHelper",3,0.00,1.33,11,0.13,2518.63,3,0,3,9,7,92.55,36,21,5,1,130.11,0.00,0.00,0.00,0,3.00,2,376.66,0,0,2,java.lang.Object,0.00,6,0,4,0,6,3,0,7,87,1
"org.apache.jackrabbit.core.lock.AbstractLockInfo",10,0.00,1.40,44,0.33,7009.10,16,6,3,16,10,93.83,69,60,7,1,126.06,0.00,0.00,0.17,0,42.00,4,994.08,0,4,3,java.lang.Object,0.00,6,0,14,2,6,6,0,17,246,2
"org.apache.jackrabbit.core.lock.LockImpl",8,0.07,1.38,25,0.18,2479.39,10,2,4,13,3,115.64,41,38,2,1,133.51,0.00,0.00,0.44,1,0.00,3,543.11,0,3,1,java.lang.Object,0.00,5,0,11,1,5,5,1,13,147,0
"org.apache.jackrabbit.core.lock.LockManager",11,0.00,1.00,12,0.11,505.02,11,0,7,11,10,109.81,94,16,9,1,157.91,0.00,0.00,0.00,0,11.00,1,337.99,0,3,3,,0.00,0,0,11,0,0,8,0,12,107,1
"org.apache.jackrabbit.core.lock.LockManagerImpl",36,0.03,3.17,373,5.04,179365.84,45,9,41,133,29,86.44,210,540,5,1,104.32,0.00,0.00,0.14,12,186.00,8,15121.01,0,5,24,java.lang.Object,0.00,97,0,114,0,97,31,4,64,2801,1
"org.apache.jackrabbit.core.lock.LockManagerImpl$HierarchyEvent",5,0.10,1.20,24,0.16,3222.39,10,5,41,5,2,76.38,45,31,0,1,126.38,0.00,0.00,0.28,0,5.00,2,491.12,0,2,2,java.lang.Object,0.00,0,0,6,0,0,3,0,10,128,1
"org.apache.jackrabbit.core.lock.LockManagerImpl$LockInfo",3,0.00,2.67,19,0.22,5240.33,3,0,41,9,5,73.92,21,31,0,2,116.22,0.00,0.50,0.00,0,4.00,6,647.13,3,0,5,org.apache.jackrabbit.core.lock.AbstractLockInfo,0.00,6,1,8,0,6,3,1,4,134,0
"org.apache.jackrabbit.core.lock.LockManagerImpl$PathMap.ElementVisitor",1,0.00,2.00,5,0.05,772.48,1,0,41,3,1,122.03,0,7,0,1,122.03,0.00,0.00,0.00,0,1.00,2,151.44,0,0,1,java.lang.Object,0.00,2,0,2,0,2,1,0,0,38,0
"org.apache.jackrabbit.core.lock.LockManagerImpl$PathMap.ElementVisitor_0",1,0.00,2.00,5,0.07,1023.56,1,0,41,6,1,121.06,0,7,0,1,121.06,0.00,0.00,0.00,0,0.00,2,198.35,0,0,1,java.lang.Object,0.00,5,0,2,0,5,1,0,0,47,0
"org.apache.jackrabbit.core.lock.LockManagerImpl$PathMap.ElementVisitor_1",1,0.00,1.00,4,0.04,421.02,1,0,41,3,1,127.88,0,5,0,1,127.88,0.00,0.00,0.00,0,1.00,1,115.51,0,0,1,java.lang.Object,0.00,2,0,1,0,2,1,0,0,31,0
"org.apache.jackrabbit.core.lock.LockManagerImpl$PathMap.ElementVisitor_2",1,0.00,3.00,17,0.19,7649.85,1,0,41,8,0,94.27,0,17,0,1,94.27,0.00,0.00,0.00,0,1.00,3,578.13,0,0,0,java.lang.Object,0.00,7,0,3,0,7,1,0,0,114,0
"org.apache.jackrabbit.core.lock.LockToken",4,1.00,3.25,47,0.58,48664.61,5,1,1,15,7,67.49,26,56,6,1,99.71,0.00,0.00,0.25,1,6.00,8,1749.55,0,2,1,java.lang.Object,0.00,11,0,13,0,11,2,0,6,340,0
"org.apache.jackrabbit.core.lock.XAEnvironment",13,0.20,3.08,133,1.59,61102.37,20,7,13,61,9,56.42,106,175,2,1,104.52,0.00,0.00,0.33,3,0.00,7,4782.66,0,3,7,java.lang.Object,0.00,48,0,40,0,48,10,0,33,920,0
"org.apache.jackrabbit.core.lock.XAEnvironment$LockInfo",7,0.17,1.43,28,0.24,3436.79,9,2,13,7,4,109.40,37,41,0,2,127.27,0.00,0.50,0.36,0,15.00,2,725.12,1,0,4,org.apache.jackrabbit.core.lock.AbstractLockInfo,0.12,0,1,10,0,0,7,0,9,180,0
"org.apache.jackrabbit.core.lock.XALock",2,1.00,2.00,10,0.09,1265.31,3,1,3,5,4,74.60,16,15,1,2,122.71,0.00,0.50,0.50,0,2.00,3,275.76,1,0,4,org.apache.jackrabbit.core.lock.LockImpl,0.20,3,1,4,0,3,2,0,4,69,0
"org.apache.jackrabbit.core.lock.XALockManager",20,0.12,1.95,115,1.26,35228.37,23,3,10,50,12,119.45,83,156,2,1,119.21,0.00,0.00,0.45,2,0.00,3,3790.13,0,3,11,java.lang.Object,0.00,30,0,39,0,30,17,2,26,821,1
"org.apache.jackrabbit.base.nodetype.BaseItemDefinition",6,0.00,1.00,13,0.06,500.87,6,0,3,7,2,184.52,12,20,2,1,144.64,0.00,0.00,0.00,0,6.00,1,184.13,0,2,0,java.lang.Object,0.00,1,0,6,3,1,4,1,7,60,1
"org.apache.jackrabbit.base.nodetype.BaseNodeDefinition",3,0.00,1.00,7,0.04,401.13,3,0,2,4,1,182.91,6,11,0,2,143.03,0.00,0.50,0.00,0,3.00,1,119.56,0,2,1,org.apache.jackrabbit.base.nodetype.BaseItemDefinition,0.00,1,1,3,0,1,1,1,4,38,1
"org.apache.jackrabbit.base.nodetype.BaseNodeType",18,0.00,1.94,106,0.98,28377.38,18,0,8,33,1,101.72,93,126,1,1,119.59,0.00,0.00,0.00,9,18.00,4,2945.44,0,10,0,java.lang.Object,0.00,15,0,35,1,15,8,1,21,654,1
"org.apache.jackrabbit.base.nodetype.BaseNodeTypeManager",4,0.00,2.50,26,0.28,7006.73,4,0,10,12,2,66.22,39,37,1,1,116.22,0.00,0.00,0.00,1,4.00,3,841.75,0,4,1,java.lang.Object,0.00,8,0,10,2,8,0,1,5,183,1
"org.apache.jackrabbit.base.nodetype.BasePropertyDefinition",4,0.00,1.00,9,0.05,390.83,4,0,3,4,1,194.10,7,15,0,2,144.10,1.00,0.33,0.00,0,4.00,1,138.28,0,2,1,org.apache.jackrabbit.base.nodetype.BaseItemDefinition,0.00,0,1,4,1,0,2,1,5,44,1
"org.apache.jackrabbit.ntdoc.util.CssWriter",6,1.00,1.00,17,0.14,1669.20,7,1,1,8,3,140.76,24,24,3,1,140.52,0.00,0.00,0.00,2,6.00,1,406.49,0,3,0,java.lang.Object,0.00,2,0,6,0,2,3,0,8,112,2
"org.apache.jackrabbit.ntdoc.util.HtmlWriter",11,3.00,1.55,52,0.42,6886.32,14,3,2,17,3,126.65,45,70,3,1,126.42,0.00,0.00,0.00,6,11.00,3,1263.48,0,6,0,java.lang.Object,0.00,6,0,17,0,6,5,0,15,311,2
"org.apache.jackrabbit.j.AbstractConfig",6,0.13,2.33,47,0.65,19633.65,9,3,9,32,4,161.60,10,61,3,1,111.60,0.00,0.00,0.44,1,10.00,4,1962.86,0,1,1,java.lang.Object,0.00,26,0,14,3,26,5,0,3,393,2
"org.apache.jackrabbit.j.BootstrapConfig",12,0.04,1.17,40,0.28,4197.02,17,5,3,22,5,183.14,15,55,4,2,133.14,0.00,0.50,0.23,0,42.00,3,839.56,2,4,3,org.apache.jackrabbit.j2ee.AbstractConfig,0.22,10,1,14,0,10,8,0,1,229,1
"org.apache.jackrabbit.j.Installer",4,0.31,3.75,75,1.03,38309.92,17,13,11,27,1,110.65,72,95,1,1,92.52,0.00,0.00,0.31,2,0.00,10,3093.51,0,0,0,java.lang.Object,0.00,23,0,15,0,23,4,0,20,556,1
"org.apache.jackrabbit.j.JCRWebdavServerServlet",10,0.10,1.70,63,0.73,19114.32,22,12,23,38,18,66.01,94,85,0,3,116.01,0.00,0.67,0.18,0,42.00,4,2202.67,1,5,18,org.apache.jackrabbit.server.AbstractWebdavServlet,0.22,28,2,17,0,28,5,1,23,449,1
"org.apache.jackrabbit.j.JNDIConfig",10,0.03,1.50,38,0.37,6417.74,14,4,5,25,3,181.00,16,54,2,2,131.00,0.00,0.50,0.22,0,38.00,3,1121.64,1,3,2,org.apache.jackrabbit.j2ee.AbstractConfig,0.12,15,1,15,0,15,7,0,4,263,1
"org.apache.jackrabbit.j.LoggingServlet",4,1.00,3.00,40,0.50,16019.02,5,1,20,29,0,114.21,68,62,0,2,105.08,0.00,0.50,0.25,3,6.00,6,1497.97,0,0,0,javax.servlet.http.HttpServlet,0.00,25,1,12,0,25,4,0,12,293,1
"org.apache.jackrabbit.j.LoggingServlet$ContextResolver",1,0.00,4.00,13,0.17,5567.46,1,0,20,11,0,99.63,0,20,0,1,99.63,0.00,0.00,0.00,0,1.00,4,505.13,0,1,0,java.lang.Object,0.00,10,0,4,0,10,0,1,0,98,1
"org.apache.jackrabbit.j.RMIConfig",15,0.02,1.53,62,0.68,30784.38,22,7,7,30,3,162.25,32,86,2,2,122.36,0.00,0.50,0.16,0,72.00,9,2032.85,1,5,2,org.apache.jackrabbit.j2ee.AbstractConfig,0.10,15,1,23,0,15,10,0,15,428,1
"org.apache.jackrabbit.j.RepositoryAccessServlet",10,0.10,3.90,120,1.48,60514.52,17,7,18,51,5,50.65,99,171,3,2,100.65,0.00,0.50,0.23,4,0.00,10,4450.89,0,8,2,javax.servlet.http.HttpServlet,0.00,41,1,39,0,41,2,0,32,850,1
"org.apache.jackrabbit.j.RepositoryAccessServlet$ClientFactoryDelegater",1,0.00,1.00,2,0.02,146.32,1,0,18,1,0,142.72,0,4,0,1,142.72,0.00,0.00,0.00,0,1.00,1,58.53,0,1,0,java.lang.Object,0.00,0,0,1,0,0,0,0,0,18,3
"org.apache.jackrabbit.j.RepositoryAccessServlet$RMIClientFactoryDelegater",1,1.00,1.00,5,0.06,878.60,2,1,18,5,1,171.75,1,8,0,2,121.75,0.00,0.50,0.00,0,1.00,1,190.92,0,1,1,org.apache.jackrabbit.j2ee.ClientFactoryDelegater,0.00,4,1,1,0,4,0,0,1,46,2
"org.apache.jackrabbit.j.RepositoryStartupServlet",20,0.07,3.40,204,2.72,130408.12,28,8,33,90,10,83.24,289,304,1,2,103.38,0.00,0.50,0.19,11,46.00,13,8167.23,2,5,9,javax.servlet.http.HttpServlet,0.00,70,1,68,0,70,15,0,66,1496,1
"org.apache.jackrabbit.j.RepositoryStartupServlet$RMIRemoteFactoryDelegater",1,0.00,1.00,4,0.04,639.67,2,1,33,3,2,126.45,0,8,0,2,126.45,0.00,0.50,1.00,0,0.00,1,132.92,0,1,2,org.apache.jackrabbit.j2ee.RemoteFactoryDelegater,0.00,2,1,1,0,2,0,0,0,34,2
"org.apache.jackrabbit.j.RepositoryStartupServlet$RMIServerSocketFactory",1,0.00,1.00,3,0.03,373.67,1,0,33,2,0,132.94,0,4,0,1,132.94,0.00,0.00,0.00,0,1.00,1,78.32,0,1,0,java.lang.Object,0.00,1,0,1,0,1,0,0,0,22,0
"org.apache.jackrabbit.j.RepositoryStartupServlet$RemoteFactoryDelegater",1,0.00,1.00,2,0.02,121.82,1,0,33,1,0,143.35,0,4,0,1,143.35,0.00,0.00,0.00,0,1.00,1,48.73,0,1,0,java.lang.Object,0.00,0,0,1,0,0,0,0,0,16,3
"org.apache.jackrabbit.j.SimpleWebdavServlet",20,0.00,1.60,89,0.89,22719.06,35,15,22,42,17,74.37,189,124,0,3,124.37,0.00,0.67,0.07,3,212.00,6,2667.75,1,11,17,org.apache.jackrabbit.server.AbstractWebdavServlet,0.19,22,2,32,0,22,9,0,37,580,1
"org.apache.jackrabbit.ocm.annotation.basic.AllTests",2,0.00,1.00,7,0.05,899.31,2,0,3,5,2,152.93,7,10,0,1,132.31,0.00,0.00,0.00,1,2.00,1,155.16,0,2,2,java.lang.Object,0.00,3,0,2,0,3,0,0,3,42,1
"org.apache.jackrabbit.ocm.annotation.basic.ObjectContentManagerTest",5,1.00,1.40,70,1.07,48513.27,6,1,14,42,5,117.39,18,81,2,3,96.77,0.00,0.67,0.00,0,5.00,2,3199.03,3,1,3,org.apache.jackrabbit.ocm.TestBase,0.17,37,2,7,0,37,4,0,14,542,1
"org.apache.jackrabbit.spi.rmi.client.ClientBatch",12,0.05,1.00,28,0.26,3120.47,14,2,8,20,9,161.37,43,50,1,1,140.75,0.00,0.00,0.46,0,0.00,1,793.92,0,2,8,java.lang.Object,0.00,8,0,12,0,8,10,1,14,217,0
"org.apache.jackrabbit.spi.rmi.client.ClientIterator",8,0.23,2.50,58,0.55,23141.18,13,5,4,15,4,63.53,83,82,2,1,112.01,0.00,0.00,0.40,1,0.00,6,1638.41,0,1,2,java.lang.Object,0.00,7,0,20,0,7,7,1,15,354,0
"org.apache.jackrabbit.spi.rmi.client.ClientQueryInfo",3,0.50,1.67,12,0.09,1699.22,4,1,5,7,6,94.52,18,20,1,1,126.74,0.00,0.00,0.67,0,1.00,2,283.96,0,2,5,java.lang.Object,0.00,4,0,5,0,4,1,1,5,74,0
"org.apache.jackrabbit.spi.rmi.client.ClientRepositoryService",51,0.02,1.98,215,3.15,71866.87,54,3,50,110,32,144.20,169,488,2,1,123.59,0.00,0.00,0.31,1,0.00,3,9438.33,0,28,30,java.lang.Object,0.00,59,0,101,0,59,23,1,55,1992,1
"org.apache.jackrabbit.spi.rmi.client.ClientSessionInfo",9,0.12,1.78,34,0.27,4970.39,10,1,3,17,4,131.71,43,58,1,1,131.48,0.00,0.00,0.89,0,0.00,2,805.06,0,5,3,java.lang.Object,0.00,8,0,16,0,8,4,1,11,205,0
"org.apache.jackrabbit.spi.rmi.client.RemoteRepositoryException",1,0.00,1.00,3,0.02,106.02,1,0,2,1,1,137.49,4,5,1,2,137.25,0.00,0.50,0.00,0,1.00,1,45.51,0,0,0,javax.jcr.RepositoryException,0.00,0,1,1,0,0,1,0,1,16,1
"org.apache.jackrabbit.spi.rmi.client.RemoteRuntimeException",1,0.00,1.00,3,0.02,106.02,1,0,1,1,3,89.15,8,5,3,2,137.25,0.00,0.50,0.00,0,1.00,1,45.51,0,0,0,java.lang.RuntimeException,0.00,0,1,1,0,0,1,0,2,16,1
"org.apache.jackrabbit.core.persistence.bundle.util.BundleBinding",7,0.17,12.57,370,6.16,746019.27,9,2,23,102,17,66.34,114,496,2,2,66.82,0.00,0.50,0.36,2,0.00,26,18473.89,9,1,15,org.apache.jackrabbit.core.persistence.bundle.util.ItemStateBinding,0.00,95,1,88,0,95,6,0,65,2789,1
"org.apache.jackrabbit.core.persistence.bundle.util.BundleCache",8,0.16,1.88,55,0.65,28737.49,15,7,4,20,3,63.83,73,70,1,1,113.83,0.00,0.00,0.29,0,0.00,5,1959.26,0,0,2,java.lang.Object,0.00,12,0,15,0,12,8,0,19,405,1
"org.apache.jackrabbit.core.persistence.bundle.util.BundleCache$Entry",1,2.00,1.00,6,0.04,560.40,3,2,4,1,1,82.77,12,8,0,1,120.33,0.00,0.00,0.00,0,1.00,1,127.05,0,0,1,java.lang.Object,0.00,0,0,1,0,0,1,0,3,36,3
"org.apache.jackrabbit.core.persistence.bundle.util.ConnectionRecoveryManager",12,0.08,3.08,130,1.47,48720.64,24,12,11,47,4,75.64,156,175,4,1,105.02,0.00,0.00,0.15,6,34.00,7,4397.34,0,5,0,java.lang.Object,0.00,35,0,37,0,35,7,0,34,871,1
"org.apache.jackrabbit.core.persistence.bundle.util.ConnectionRecoveryManager$StreamWrapper",1,2.00,1.00,6,0.04,562.20,3,2,11,1,0,72.21,8,8,0,1,120.32,0.00,0.00,0.00,0,1.00,1,134.95,0,0,0,java.lang.Object,0.00,0,0,1,0,0,1,0,1,37,2
"org.apache.jackrabbit.core.persistence.bundle.util.DbNameIndex",9,0.09,2.56,79,0.88,29739.60,16,7,4,24,7,67.09,67,110,5,1,109.38,0.00,0.00,0.22,3,18.00,4,2643.71,0,2,2,java.lang.Object,0.00,15,0,23,2,15,7,1,20,534,1
"org.apache.jackrabbit.core.persistence.bundle.util.ErrorHandling",4,0.11,1.75,21,0.20,4947.14,7,3,2,13,4,88.23,27,28,4,1,120.45,0.00,0.00,0.42,0,0.00,3,600.67,0,1,0,java.lang.Object,0.00,9,0,7,0,9,3,0,8,142,2
"org.apache.jackrabbit.core.persistence.bundle.util.HashMapIndex",5,0.29,2.80,58,0.69,23733.02,11,6,8,30,4,58.84,57,77,1,1,102.97,0.00,0.00,0.40,2,0.00,5,2068.80,0,1,3,java.lang.Object,0.00,25,0,14,0,25,4,1,12,419,1
"org.apache.jackrabbit.core.persistence.bundle.util.ItemStateBinding",20,0.05,1.95,172,2.07,70277.16,29,9,18,73,14,59.24,187,196,1,1,109.24,0.00,0.00,0.07,11,100.00,6,6199.58,0,7,13,java.lang.Object,0.00,53,0,39,1,53,13,0,58,1227,1
"org.apache.jackrabbit.core.persistence.bundle.util.LRUNodeIdCache",4,0.28,2.00,26,0.31,8400.39,10,6,4,13,2,67.17,41,35,1,1,115.65,0.00,0.00,0.38,0,0.00,3,943.77,0,0,1,java.lang.Object,0.00,9,0,8,0,9,4,0,11,202,1
"org.apache.jackrabbit.core.persistence.bundle.util.NGKDbNameIndex",3,1.00,1.33,15,0.16,3095.22,4,1,2,5,3,71.13,27,24,1,2,121.13,0.00,0.50,0.00,0,1.00,2,493.28,2,0,2,org.apache.jackrabbit.core.persistence.bundle.util.DbNameIndex,0.00,2,1,4,0,2,3,0,6,111,1
"org.apache.jackrabbit.core.persistence.bundle.util.NamespaceIndex",3,0.25,1.67,13,0.14,2394.51,5,2,2,7,3,83.28,21,21,1,1,125.57,0.00,0.00,0.33,0,1.00,2,405.27,0,1,2,java.lang.Object,0.00,4,0,5,0,4,2,1,6,96,1
"org.apache.jackrabbit.core.persistence.bundle.util.NodePropBundle",32,0.03,1.28,126,1.36,26263.35,44,12,16,90,17,97.97,200,171,8,1,130.20,0.00,0.00,0.11,4,436.00,4,4090.96,0,10,9,java.lang.Object,0.00,58,0,41,0,58,22,0,68,897,1
"org.apache.jackrabbit.core.persistence.bundle.util.NodePropBundle$ChildNodeEntry",3,0.25,1.00,10,0.06,727.65,5,2,16,3,2,102.20,19,14,0,1,134.42,0.00,0.00,0.33,0,5.00,1,180.64,0,2,2,java.lang.Object,0.00,0,0,3,0,0,1,0,5,53,2
"org.apache.jackrabbit.core.persistence.bundle.util.NodePropBundle$PropertyEntry",18,0.01,1.17,56,0.45,7058.89,25,7,16,27,5,114.87,96,75,0,1,132.74,0.00,0.00,0.13,0,146.00,3,1339.16,0,5,5,java.lang.Object,0.00,9,0,21,0,9,13,0,26,333,2
"org.apache.jackrabbit.core.persistence.bundle.util.PostgreSQLNameIndex",4,0.67,1.75,24,0.25,5628.10,5,1,2,10,3,84.83,26,38,1,2,117.05,0.00,0.50,0.50,1,0.00,3,745.12,0,0,2,org.apache.jackrabbit.core.persistence.bundle.util.DbNameIndex,0.00,6,1,7,0,6,4,0,5,163,1
"org.apache.jackrabbit.core.persistence.bundle.util.StringIndex",2,1.00,1.00,4,0.03,204.25,3,1,0,2,7,95.47,20,5,7,1,143.95,0.00,0.00,0.00,0,2.00,1,80.82,0,1,0,,0.00,0,0,2,0,0,1,0,4,26,1
"org.apache.jackrabbit.core.persistence.bundle.util.TrackingInputStream",11,0.18,1.36,41,0.33,8185.48,15,4,2,18,2,130.75,50,57,2,2,130.52,0.00,0.50,0.41,0,0.00,2,991.73,0,0,0,java.io.InputStream,0.00,7,1,15,0,7,11,0,16,249,1
"org.apache.jackrabbit.core.security.AMContext",7,0.03,1.00,26,0.18,2362.67,13,6,5,7,9,83.29,64,39,6,1,133.29,0.00,0.00,0.14,0,37.00,1,538.66,0,6,3,java.lang.Object,0.00,0,0,7,0,0,1,0,14,140,1
"org.apache.jackrabbit.core.security.AccessManager",5,3.00,1.00,9,0.08,496.43,8,3,5,5,11,135.13,72,13,9,1,155.27,0.00,0.00,0.00,0,5.00,1,238.75,0,0,2,,0.00,0,0,5,0,0,5,0,9,70,1
"org.apache.jackrabbit.core.security.AnonymousPrincipal",5,0.75,1.40,15,0.09,1176.27,6,1,2,6,4,174.34,10,23,4,1,134.45,0.00,0.00,0.40,0,7.00,3,268.38,0,2,0,java.lang.Object,0.00,1,0,7,0,1,3,2,4,76,1
"org.apache.jackrabbit.core.security.AuthContext",3,0.00,1.00,6,0.04,452.16,3,0,7,3,5,105.06,37,7,5,1,142.62,0.00,0.00,0.00,0,3.00,1,123.74,0,1,0,java.lang.Object,0.00,0,0,3,2,0,2,0,6,41,2
"org.apache.jackrabbit.core.security.AuthContext$JAAS",4,0.33,1.00,10,0.09,1085.23,5,1,7,9,2,140.84,16,15,0,2,140.61,0.00,0.50,0.75,0,0.00,1,257.11,0,1,2,org.apache.jackrabbit.core.security.AuthContext,0.86,5,1,4,0,5,3,0,4,71,2
"org.apache.jackrabbit.core.security.AuthContext$Local",4,0.25,2.00,28,0.28,8638.75,8,4,7,11,2,113.29,17,42,0,2,113.06,0.00,0.50,0.06,1,6.00,4,830.30,0,1,2,org.apache.jackrabbit.core.security.AuthContext,0.86,7,1,8,0,7,3,0,4,184,2
"org.apache.jackrabbit.core.security.CredentialsCallback",3,1.00,1.00,7,0.04,385.42,4,1,3,3,3,125.29,16,11,3,1,143.16,0.00,0.00,0.33,0,4.00,1,118.49,0,1,0,java.lang.Object,0.00,0,0,3,0,0,2,2,4,37,1
"org.apache.jackrabbit.core.security.CredentialsCallbackHandler",2,1.00,3.00,22,0.27,16399.83,3,1,8,8,3,58.79,15,27,2,1,101.08,0.00,0.00,0.50,0,2.00,5,820.12,0,0,1,java.lang.Object,0.00,6,0,6,0,6,2,1,7,161,1
"org.apache.jackrabbit.core.security.SecurityConstants",0,0.00,0.00,2,0.01,87.17,1,1,0,0,3,171.00,10,4,3,1,171.00,0.00,0.00,0.00,0,0.00,0,34.87,0,0,0,,0.00,0,0,0,0,0,0,0,2,11,1
"org.apache.jackrabbit.core.security.SimpleAccessManager",6,0.36,2.67,41,0.40,9221.09,11,5,7,12,6,84.43,36,63,0,1,116.65,0.00,0.00,0.50,0,0.00,5,1211.05,0,0,6,java.lang.Object,0.00,6,0,16,0,6,6,1,18,262,1
"org.apache.jackrabbit.core.security.SimpleJBossAccessManager",5,0.17,1.80,31,0.48,15853.39,8,3,11,24,3,134.88,17,47,0,1,114.27,0.00,0.00,0.47,0,2.00,4,1442.30,0,0,3,java.lang.Object,0.00,19,0,9,0,19,5,1,6,275,1
"org.apache.jackrabbit.core.security.SimpleLoginModule",10,0.08,2.30,75,0.83,35339.36,18,8,12,32,4,69.05,75,100,0,1,111.34,0.00,0.00,0.20,1,18.00,10,2479.58,0,2,4,java.lang.Object,0.00,22,0,23,0,22,8,1,34,484,1
"org.apache.jackrabbit.core.security.SystemPrincipal",5,0.75,1.40,15,0.09,1176.27,6,1,2,6,3,174.34,10,23,3,1,134.45,0.00,0.00,0.40,0,7.00,3,268.38,0,2,0,java.lang.Object,0.00,1,0,7,0,1,3,2,4,76,1
"org.apache.jackrabbit.core.security.UserPrincipal",5,0.25,1.60,19,0.14,3004.05,6,1,2,8,3,171.10,13,28,3,1,131.21,0.00,0.00,0.80,0,0.00,3,427.63,0,2,0,java.lang.Object,0.00,3,0,8,0,3,3,2,4,110,1
"org.apache.jackrabbit.jcr.DefaultVersionManager",13,1.00,1.00,28,0.31,3541.55,14,1,10,17,5,140.59,4,42,0,1,140.59,0.00,0.00,0.08,0,24.00,1,935.42,0,3,5,java.lang.Object,0.00,4,0,13,0,4,10,1,2,236,1
"org.apache.jackrabbit.jcr.LabelTest",5,0.00,1.00,32,0.44,6611.24,5,0,5,17,2,117.39,0,38,1,6,117.39,0.00,0.83,0.00,0,0.00,1,1327.53,0,0,1,org.apache.jackrabbit.test.api.version.VersionLabelTest,0.00,12,5,5,0,12,5,0,0,282,1
"org.apache.jackrabbit.jcr.TestAll",1,0.00,1.00,5,0.04,864.35,1,0,3,3,1,142.42,3,7,0,2,121.80,0.00,0.50,0.00,0,1.00,1,115.51,0,1,1,junit.framework.TestCase,0.00,2,1,1,0,2,0,0,1,31,1
"org.apache.jackrabbit.jcr.VersionHistoryImpl",22,0.17,1.95,157,1.97,55726.44,25,3,30,64,15,70.23,163,195,2,3,112.52,0.00,0.67,0.17,6,138.00,4,5917.36,5,11,13,org.apache.jackrabbit.jcr2spi.NodeImpl,0.04,42,2,43,0,42,11,1,38,1194,1
"org.apache.jackrabbit.jcr.VersionImpl",9,1.00,1.56,43,0.44,15050.85,10,1,17,19,8,90.84,59,57,2,3,123.06,0.00,0.67,0.11,1,23.00,4,1330.36,6,5,6,org.apache.jackrabbit.jcr2spi.NodeImpl,0.05,10,2,14,0,10,4,1,16,295,1
"org.apache.jackrabbit.jcr.VersionManager",13,0.00,1.00,14,0.23,1440.55,13,0,16,13,13,104.90,122,15,9,1,154.90,0.00,0.00,0.00,0,13.00,1,676.41,0,3,4,,0.00,0,0,13,0,0,10,0,14,181,1
"org.apache.jackrabbit.jcr.VersionManagerImpl",14,0.12,1.71,83,1.26,46513.49,16,2,24,45,20,167.07,22,106,1,1,117.07,0.00,0.00,0.39,0,0.00,6,3776.93,0,3,19,java.lang.Object,0.00,31,0,24,0,31,11,1,13,747,1
"org.apache.jackrabbit.ocm.manager.version.AllTests",2,0.00,1.00,7,0.05,899.31,2,0,3,5,3,152.93,7,10,1,1,132.31,0.00,0.00,0.00,1,2.00,1,155.16,0,2,2,java.lang.Object,0.00,3,0,2,0,3,0,0,3,42,1
"org.apache.jackrabbit.ocm.manager.version.ObjectContentManagerBasicVersionningTest",5,0.50,1.60,78,1.22,47316.44,7,2,12,42,9,135.60,13,103,2,3,95.71,0.00,0.67,0.10,0,8.00,3,3649.93,2,1,7,org.apache.jackrabbit.ocm.TestBase,0.17,37,2,8,0,37,4,0,6,628,1
"org.apache.jackrabbit.core.query.AbstractQueryHandler",5,1.00,1.40,15,0.14,1921.75,6,1,9,10,9,90.48,38,27,0,1,132.77,0.00,0.00,0.20,1,8.00,3,423.06,0,1,9,java.lang.Object,0.00,5,0,7,1,5,4,1,7,107,2
"org.apache.jackrabbit.core.query.AbstractQueryImpl",3,0.00,1.00,4,0.08,609.76,3,0,7,3,6,115.26,36,17,2,1,152.82,0.00,0.00,0.00,0,3.00,1,237.77,0,0,4,java.lang.Object,0.00,0,0,3,3,0,3,1,4,60,2
"org.apache.jackrabbit.core.query.AbstractQueryTest",6,0.00,2.83,73,0.91,33369.38,6,0,13,34,19,58.72,47,75,18,4,101.01,6.00,0.14,0.00,1,14.00,5,2719.85,0,1,1,org.apache.jackrabbit.test.AbstractJCRTest,0.00,28,3,17,18,28,5,0,11,519,1
"org.apache.jackrabbit.core.query.AndQueryNode",4,0.00,1.25,11,0.08,988.76,4,0,0,5,12,123.00,22,17,10,3,140.87,0.00,0.67,0.00,0,4.00,2,231.50,1,1,3,org.apache.jackrabbit.core.query.NAryQueryNode,0.15,1,2,5,0,1,3,0,5,66,1
"org.apache.jackrabbit.core.query.ChildAxisQueryTest",8,0.00,1.00,154,3.05,136602.06,8,0,7,19,2,89.97,7,187,1,5,89.97,0.00,0.80,0.00,0,0.00,1,9147.26,2,0,1,org.apache.jackrabbit.core.query.AbstractQueryTest,0.00,11,4,8,0,11,8,0,2,1629,1
"org.apache.jackrabbit.core.query.ConcurrentQueryTest",4,0.50,4.25,88,0.98,39485.27,6,2,12,25,1,39.14,39,73,0,4,89.14,0.00,0.75,0.12,0,6.00,8,2953.73,2,0,1,org.apache.jackrabbit.test.AbstractJCRTest,0.38,21,3,17,0,21,4,0,17,528,1
"org.apache.jackrabbit.core.query.ConcurrentQueryTest$QueryWorker",3,0.33,3.00,40,0.46,17149.25,9,6,12,16,0,99.61,2,50,0,2,99.61,0.00,0.50,0.39,0,1.00,7,1379.93,0,0,0,org.apache.jackrabbit.core.query.Thread,0.00,13,1,9,0,13,3,0,2,256,3
"org.apache.jackrabbit.core.query.ConcurrentQueryTest$Thread",1,0.00,5.00,20,0.17,5957.41,1,0,12,6,0,92.37,0,17,0,1,92.37,0.00,0.00,0.00,0,1.00,5,524.99,0,0,0,java.lang.Object,0.00,5,0,5,0,5,1,0,0,104,0
"org.apache.jackrabbit.core.query.ConcurrentQueryTest$Thread_0",1,0.00,5.00,20,0.17,5994.86,1,0,12,6,0,92.35,0,17,0,1,92.35,0.00,0.00,0.00,0,1.00,5,506.57,0,0,0,java.lang.Object,0.00,5,0,5,0,5,1,0,0,102,0
"org.apache.jackrabbit.core.query.DefaultQueryNodeFactory",13,1.00,1.00,29,0.23,3031.32,14,1,2,25,17,161.74,46,49,2,1,141.13,0.00,0.00,0.08,0,24.00,1,689.54,0,4,15,java.lang.Object,0.00,12,0,13,0,12,9,1,15,199,1
"org.apache.jackrabbit.core.query.DefaultQueryNodeVisitor",13,0.00,1.00,27,0.18,1844.79,13,0,0,13,18,142.82,4,41,4,1,142.82,0.00,0.00,0.00,0,13.00,1,533.73,0,13,14,java.lang.Object,0.00,0,0,13,0,0,0,1,1,162,1
"org.apache.jackrabbit.core.query.DerefQueryNode",7,0.67,1.29,21,0.17,4132.74,8,1,1,9,13,113.45,38,31,10,4,131.32,0.00,0.75,0.43,0,15.00,3,508.88,3,2,4,org.apache.jackrabbit.core.query.LocationStepQueryNode,0.23,2,3,9,0,2,5,0,11,133,1
"org.apache.jackrabbit.core.query.DerefTest",3,0.50,1.33,56,0.86,21104.56,12,9,7,22,2,45.34,31,70,1,5,93.81,0.00,0.80,0.44,0,0.00,2,2577.17,2,0,1,org.apache.jackrabbit.core.query.AbstractQueryTest,0.19,19,4,4,0,19,3,0,6,474,1
"org.apache.jackrabbit.core.query.ExactQueryNode",7,0.25,1.57,24,0.23,7548.45,9,2,1,10,10,111.34,39,35,8,2,129.22,1.00,0.33,0.29,0,14.00,4,680.02,0,3,3,org.apache.jackrabbit.core.query.QueryNode,0.29,3,1,11,1,3,4,0,10,169,1
"org.apache.jackrabbit.core.query.ExecutablePreparedQuery",1,0.00,1.00,2,0.02,117.06,1,0,3,1,5,123.34,14,4,4,2,143.48,0.00,0.50,0.00,0,1.00,1,58.53,0,0,1,,0.00,0,1,1,0,0,1,0,2,18,1
"org.apache.jackrabbit.core.query.ExecutableQuery",1,0.00,1.00,2,0.01,70.47,1,0,2,1,3,115.84,13,3,3,1,145.22,0.00,0.00,0.00,0,1.00,1,41.70,0,1,0,,0.00,0,0,1,0,0,0,0,2,15,1
"org.apache.jackrabbit.core.query.FnNameQueryTest",2,0.00,1.00,22,0.36,12019.26,2,0,2,5,2,152.40,3,32,1,5,102.40,0.00,0.80,0.00,0,0.00,1,1090.24,1,0,1,org.apache.jackrabbit.core.query.AbstractQueryTest,0.00,3,4,2,0,3,2,0,1,213,1
"org.apache.jackrabbit.core.query.FulltextQueryTest",14,0.00,1.21,162,2.76,69425.00,14,0,5,30,3,153.01,16,200,1,5,103.01,0.00,0.80,0.00,1,0.00,4,8265.35,1,0,2,org.apache.jackrabbit.core.query.AbstractQueryTest,0.00,16,4,17,0,16,14,0,7,1522,1
"org.apache.jackrabbit.core.query.LimitAndOffsetTest",7,0.50,1.00,73,0.84,24332.99,11,4,8,23,3,105.81,0,82,0,5,105.81,0.00,0.80,0.68,0,0.00,1,2523.41,2,1,3,org.apache.jackrabbit.core.query.AbstractQueryTest,0.17,16,4,7,0,16,6,0,0,544,1
"org.apache.jackrabbit.core.query.LocationStepQueryNode",12,0.05,1.25,40,0.40,10960.59,19,7,1,17,20,87.55,86,58,17,3,129.84,0.50,0.50,0.10,0,60.00,3,1211.38,2,3,4,org.apache.jackrabbit.core.query.NAryQueryNode,0.11,5,2,15,1,5,9,0,20,290,1
"org.apache.jackrabbit.core.query.MassiveRangeTest",1,0.00,3.00,19,0.21,5401.07,1,0,5,8,1,51.36,7,17,0,5,93.65,0.00,0.80,0.00,0,0.00,3,643.18,1,0,1,org.apache.jackrabbit.core.query.AbstractQueryTest,0.00,7,4,3,0,7,1,0,3,119,1
"org.apache.jackrabbit.core.query.MassiveWildcardTest",1,0.00,3.00,23,0.29,9165.09,1,0,5,8,1,46.46,7,21,0,5,88.75,0.00,0.80,0.00,0,0.00,3,867.73,1,0,1,org.apache.jackrabbit.core.query.AbstractQueryTest,0.00,7,4,3,0,7,1,0,3,157,1
"org.apache.jackrabbit.core.query.MixinTest",1,0.00,1.00,13,0.18,4412.28,1,0,4,8,2,68.53,6,15,1,5,100.75,0.00,0.80,0.00,0,0.00,1,554.74,1,0,1,org.apache.jackrabbit.core.query.AbstractQueryTest,0.00,7,4,1,0,7,1,0,4,106,1
"org.apache.jackrabbit.core.query.NAryQueryNode",9,0.06,2.44,55,0.54,15219.69,11,2,4,21,11,84.12,59,71,9,2,116.35,8.00,0.10,0.44,0,0.00,4,1605.32,0,1,2,org.apache.jackrabbit.core.query.QueryNode,0.12,12,1,22,8,12,8,0,12,360,2
"org.apache.jackrabbit.core.query.NodeTypeQueryNode",4,0.00,1.25,11,0.09,1118.61,4,0,1,5,16,122.58,23,17,13,3,140.45,0.00,0.67,0.00,0,4.00,2,258.85,1,1,4,org.apache.jackrabbit.core.query.ExactQueryNode,0.17,1,2,5,0,1,3,0,8,72,1
"org.apache.jackrabbit.core.query.NotQueryNode",4,0.00,1.25,11,0.08,988.76,4,0,0,5,12,141.11,19,17,10,3,140.87,0.00,0.67,0.00,0,4.00,2,231.50,1,1,3,org.apache.jackrabbit.core.query.NAryQueryNode,0.15,1,2,5,0,1,3,0,5,66,1
"org.apache.jackrabbit.core.query.OrQueryNode",4,0.00,1.25,11,0.08,988.76,4,0,0,5,11,123.00,21,17,9,3,140.87,0.00,0.67,0.00,0,4.00,2,231.50,1,1,3,org.apache.jackrabbit.core.query.NAryQueryNode,0.15,1,2,5,0,1,3,0,5,66,1
"org.apache.jackrabbit.core.query.OrderByTest",1,0.00,1.00,20,0.31,7386.85,1,0,4,8,2,112.62,3,23,1,5,92.01,0.00,0.80,0.00,0,0.00,1,924.17,1,0,1,org.apache.jackrabbit.core.query.AbstractQueryTest,0.00,7,4,1,0,7,1,0,1,167,1
"org.apache.jackrabbit.core.query.OrderQueryNode",9,0.50,1.11,24,0.22,3353.50,10,1,3,17,15,107.28,59,35,13,2,139.50,0.00,0.50,0.56,0,4.00,2,655.46,0,1,3,org.apache.jackrabbit.core.query.QueryNode,0.25,8,1,10,0,8,8,0,13,174,1
"org.apache.jackrabbit.core.query.OrderQueryNode$OrderSpec",5,0.12,1.40,17,0.15,4217.72,7,2,3,6,1,87.79,38,25,0,1,130.08,0.00,0.00,0.40,0,6.00,3,443.69,0,1,1,java.lang.Object,0.00,1,0,7,0,1,4,0,7,114,3
"org.apache.jackrabbit.core.query.PathQueryNode",10,0.19,2.10,51,0.55,20106.48,13,3,2,19,18,76.45,71,74,13,3,118.74,0.50,0.50,0.17,1,42.00,10,1635.94,3,2,6,org.apache.jackrabbit.core.query.NAryQueryNode,0.23,9,2,21,1,9,8,0,24,354,1
"org.apache.jackrabbit.core.query.PathQueryNodeTest",2,0.00,1.00,24,0.32,9193.06,3,1,5,9,6,101.90,0,28,1,2,101.90,0.00,0.50,1.00,0,0.00,1,954.87,0,0,5,junit.framework.TestCase,0.00,7,1,2,0,7,2,0,0,209,1
"org.apache.jackrabbit.core.query.PathQueryNodeTest$NamespaceResolver",4,0.00,1.50,11,0.10,1334.74,4,0,5,7,1,139.81,0,17,0,1,139.81,0.00,0.00,0.00,0,4.00,3,286.21,0,4,1,java.lang.Object,0.00,3,0,6,0,3,0,0,0,78,0
"org.apache.jackrabbit.core.query.PreparedQueryImpl",6,0.50,1.33,40,0.52,12169.30,8,2,10,16,10,73.57,45,68,1,3,115.86,0.50,0.50,0.08,1,14.00,2,1551.82,2,1,9,org.apache.jackrabbit.core.query.QueryImpl,0.00,10,2,8,1,10,5,1,12,326,1
"org.apache.jackrabbit.core.query.PropertyFunctionQueryNode",6,0.15,1.33,28,0.23,4276.70,10,4,3,10,14,77.90,50,39,13,2,126.01,0.00,0.50,0.12,0,14.00,2,704.18,0,2,2,org.apache.jackrabbit.core.query.QueryNode,0.31,4,1,8,0,4,4,0,11,176,1
"org.apache.jackrabbit.core.query.PropertyTypeRegistry",6,0.05,3.00,74,0.93,49215.20,10,4,15,30,11,81.80,35,85,6,1,99.67,0.00,0.00,0.29,3,6.00,7,2789.57,0,0,5,java.lang.Object,0.00,24,0,18,0,24,6,1,14,521,1
"org.apache.jackrabbit.core.query.PropertyTypeRegistry$TypeMapping",1,3.00,1.00,8,0.06,883.86,4,3,15,1,1,134.73,3,10,0,1,114.11,0.00,0.00,0.00,0,1.00,1,188.02,0,0,1,java.lang.Object,0.00,0,0,1,0,0,1,0,3,50,2
"org.apache.jackrabbit.core.query.QueryConstants",0,0.00,0.00,26,0.34,8430.87,25,25,0,0,7,171.00,84,27,7,1,171.00,0.00,0.00,0.00,0,0.00,0,1016.49,0,0,0,,0.00,0,0,0,0,0,0,0,25,191,1
"org.apache.jackrabbit.core.query.QueryHandler",8,0.00,1.00,9,0.08,368.15,8,0,10,8,16,107.91,72,17,7,1,157.90,0.00,0.00,0.00,0,8.00,1,242.92,0,2,10,,0.00,0,0,8,0,0,6,0,9,77,1
"org.apache.jackrabbit.core.query.QueryHandlerContext",10,0.01,1.00,37,0.26,4064.80,18,8,5,13,12,82.66,90,54,6,1,132.66,0.00,0.00,0.14,0,74.00,1,794.97,0,6,7,java.lang.Object,0.00,3,0,10,0,3,4,0,19,199,1
"org.apache.jackrabbit.core.query.QueryImpl",13,0.03,1.54,82,1.02,27233.53,25,12,20,42,13,73.43,98,126,4,2,115.72,2.00,0.25,0.12,3,64.00,3,3061.77,0,5,9,org.apache.jackrabbit.core.query.AbstractQueryImpl,0.00,29,1,20,2,29,8,0,28,615,1
"org.apache.jackrabbit.core.query.QueryManagerImpl",7,0.17,1.14,28,0.32,5459.28,13,6,14,16,9,77.26,72,43,2,1,125.74,0.00,0.00,0.31,1,13.00,2,955.56,0,5,7,java.lang.Object,0.00,9,0,8,0,9,2,1,16,222,1
"org.apache.jackrabbit.core.query.QueryNode",7,0.07,1.00,27,0.30,5431.95,21,14,0,10,25,80.45,67,31,24,1,130.45,0.00,0.00,0.01,0,12.00,1,912.92,0,3,2,java.lang.Object,0.00,3,0,7,15,3,4,0,22,202,2
"org.apache.jackrabbit.core.query.QueryNodeFactory",12,0.00,1.00,13,0.10,434.53,12,0,1,12,22,126.50,80,25,8,1,158.72,0.00,0.00,0.00,0,12.00,1,289.69,0,9,14,,0.00,0,0,12,0,0,3,0,13,98,1
"org.apache.jackrabbit.core.query.QueryNodeVisitor",13,0.00,1.00,14,0.10,365.36,13,0,0,13,19,159.59,3,15,19,1,159.59,0.00,0.00,0.00,0,13.00,1,301.96,0,13,13,,0.00,0,0,13,0,0,0,0,1,109,1
"org.apache.jackrabbit.core.query.QueryParser",3,0.00,1.00,8,0.10,1925.19,3,0,2,6,6,108.28,40,19,1,1,137.66,0.00,0.00,0.00,0,3.00,1,308.05,0,1,5,java.lang.Object,0.00,3,0,3,0,3,2,0,4,73,1
"org.apache.jackrabbit.core.query.QueryResultTest",10,0.67,2.90,164,2.19,61233.07,11,1,6,31,2,135.90,20,164,1,5,96.02,0.00,0.80,0.40,0,0.00,4,6560.08,1,0,1,org.apache.jackrabbit.core.query.AbstractQueryTest,0.15,21,4,29,0,21,10,0,17,1155,1
"org.apache.jackrabbit.core.query.QueryRootNode",11,0.07,1.27,29,0.30,9182.65,14,3,3,21,21,118.84,62,44,17,2,136.71,0.00,0.50,0.27,0,33.00,4,907.10,0,4,5,org.apache.jackrabbit.core.query.QueryNode,0.22,10,1,14,0,10,7,0,15,233,1
"org.apache.jackrabbit.core.query.QueryTreeBuilder",4,0.00,1.00,5,0.04,162.28,4,0,2,4,6,108.34,38,10,3,1,158.34,0.00,0.00,0.00,0,4.00,1,113.36,0,2,3,,0.00,0,0,4,0,0,2,0,5,38,1
"org.apache.jackrabbit.core.query.QueryTreeBuilderRegistry",2,0.00,2.00,25,0.33,9203.40,5,3,11,9,3,72.36,26,33,2,1,101.74,0.00,0.00,0.33,0,2.00,3,979.04,0,1,1,java.lang.Object,0.00,7,0,4,0,7,1,0,6,202,1
"org.apache.jackrabbit.core.query.QueryTreeDump",16,0.24,3.62,249,3.40,162272.90,19,3,3,59,19,145.29,25,268,2,1,95.29,0.00,0.00,0.56,1,0.00,28,10186.56,0,13,18,java.lang.Object,0.00,43,0,58,0,43,3,1,9,1826,1
"org.apache.jackrabbit.core.query.RelationQueryNode",22,0.04,1.55,76,0.76,22005.45,32,10,4,37,17,87.19,163,114,11,3,129.48,0.00,0.67,0.14,0,206.00,5,2283.19,0,5,7,org.apache.jackrabbit.core.query.NAryQueryNode,0.08,15,2,34,0,15,17,1,37,537,1
"org.apache.jackrabbit.core.query.SQLTest",3,0.00,1.00,25,0.40,7450.25,3,0,3,10,2,110.58,2,33,1,5,110.58,0.00,0.80,0.00,0,0.00,1,1207.63,1,0,1,org.apache.jackrabbit.core.query.AbstractQueryTest,0.00,7,4,3,0,7,3,0,1,230,1
"org.apache.jackrabbit.core.query.SelectClauseTest",3,0.00,1.00,57,0.98,27451.34,3,0,4,10,2,142.10,3,70,1,5,92.10,0.00,0.80,0.00,0,0.00,1,2925.14,1,0,1,org.apache.jackrabbit.core.query.AbstractQueryTest,0.00,7,4,3,0,7,3,0,1,526,1
"org.apache.jackrabbit.core.query.SimpleQueryTest",19,0.00,1.00,366,6.35,288282.02,19,0,4,32,2,90.37,17,397,1,5,90.37,0.00,0.80,0.00,0,0.00,1,19038.39,1,0,1,org.apache.jackrabbit.core.query.AbstractQueryTest,0.00,13,4,19,0,13,19,0,15,3423,1
"org.apache.jackrabbit.core.query.SkipDeletedNodesTest",7,0.08,2.57,105,1.32,33618.65,9,2,8,25,2,55.63,50,122,1,5,97.92,0.00,0.80,0.57,0,0.00,3,3969.31,2,0,1,org.apache.jackrabbit.core.query.AbstractQueryTest,0.33,18,4,18,0,18,7,0,26,715,1
"org.apache.jackrabbit.core.query.TestAll",1,0.00,1.00,19,0.23,8770.19,1,0,3,3,15,72.11,14,21,0,2,92.25,0.00,0.50,0.00,0,1.00,1,687.75,0,1,15,junit.framework.TestCase,0.00,2,1,1,0,2,0,0,6,143,1
"org.apache.jackrabbit.core.query.TextExtractorTest",4,0.17,3.00,60,0.80,30207.11,6,2,7,26,1,116.95,14,72,0,5,96.34,0.00,0.80,0.38,2,2.00,5,2410.38,1,1,1,org.apache.jackrabbit.core.query.AbstractQueryTest,0.00,22,4,12,0,22,3,0,6,444,1
"org.apache.jackrabbit.core.query.TextFilter",2,0.00,1.00,3,0.02,80.34,2,0,3,2,3,167.50,35,5,2,1,158.37,0.00,0.00,0.00,0,2.00,1,58.73,0,1,1,,0.00,0,0,2,0,0,1,0,3,21,1
"org.apache.jackrabbit.core.query.TextsearchQueryNode",13,0.08,1.69,49,0.49,13200.62,16,3,3,25,15,87.11,92,73,11,2,129.40,0.00,0.50,0.26,0,49.00,4,1477.53,0,4,5,org.apache.jackrabbit.core.query.QueryNode,0.20,12,1,22,0,12,9,0,20,351,1
"org.apache.jackrabbit.core.query.UpperLowerCaseQueryTest",10,0.00,1.90,106,1.94,76726.73,10,0,6,24,2,152.96,19,177,1,5,102.96,0.00,0.80,0.00,1,18.00,8,5829.47,2,0,1,org.apache.jackrabbit.core.query.AbstractQueryTest,0.00,14,4,19,0,14,10,0,16,1094,1
"org.apache.jackrabbit.core.query.VersionStoreQueryTest",1,0.00,1.00,16,0.26,8681.74,1,0,3,11,2,46.96,8,19,1,5,95.07,0.00,0.80,0.00,0,0.00,1,770.92,1,0,1,org.apache.jackrabbit.core.query.AbstractQueryTest,0.00,10,4,1,0,10,1,0,3,147,1
"org.apache.jackrabbit.core.query.XPathAxisTest",30,0.14,1.00,104,1.21,17838.96,36,6,2,34,2,131.36,3,135,1,5,131.36,0.00,0.80,0.31,0,0.00,1,3620.19,3,0,1,org.apache.jackrabbit.core.query.AbstractQueryTest,0.09,4,4,30,0,4,30,0,1,828,1
"org.apache.jackrabbit.taglib.template.SimpleTemplateEngine",2,1.00,3.00,17,0.24,8443.71,3,1,5,15,1,129.13,6,34,0,1,108.51,0.00,0.00,0.50,0,2.00,5,729.98,0,0,1,java.lang.Object,0.00,13,0,6,0,13,2,1,2,145,1
"org.apache.jackrabbit.taglib.template.TemplateEngine",2,0.00,1.00,3,0.02,54.51,2,0,2,2,2,109.70,18,5,2,1,159.70,0.00,0.00,0.00,0,2.00,1,49.51,0,0,0,,0.00,0,0,2,0,0,2,0,3,19,1
"org.apache.jackrabbit.core.data.AbstractDataRecord",5,0.25,1.00,12,0.09,1318.70,6,1,0,9,3,98.41,37,19,1,1,140.70,0.00,0.00,0.80,0,0.00,1,277.88,0,1,2,java.lang.Object,0.00,4,0,5,1,4,4,1,7,80,2
"org.apache.jackrabbit.core.data.DataIdentifier",5,0.08,1.20,21,0.25,8547.46,8,3,1,10,7,74.94,44,26,7,1,123.04,0.00,0.00,0.27,0,5.00,2,741.12,0,1,0,java.lang.Object,0.00,5,0,6,0,5,4,1,10,168,2
"org.apache.jackrabbit.core.data.DataRecord",3,0.00,1.00,4,0.02,69.53,3,0,2,3,5,128.03,20,5,4,1,160.25,0.00,0.00,0.00,0,3.00,1,49.02,0,2,1,,0.00,0,0,3,0,0,1,0,4,21,1
"org.apache.jackrabbit.core.data.DataStore",7,0.00,1.00,8,0.04,149.53,7,0,3,7,14,112.05,72,9,12,1,160.53,0.00,0.00,0.00,0,7.00,1,120.53,0,1,2,,0.00,0,0,7,0,0,6,0,8,47,1
"org.apache.jackrabbit.core.data.ExportImportTest",4,0.00,2.75,61,0.84,38461.80,4,0,10,31,2,145.53,4,71,1,4,95.53,0.00,0.75,0.00,3,6.00,4,2511.78,0,0,1,org.apache.jackrabbit.test.AbstractJCRTest,0.00,27,3,11,0,27,4,0,1,450,1
"org.apache.jackrabbit.core.data.FileDataRecord",3,0.50,1.00,10,0.07,874.63,4,1,4,6,3,91.50,23,14,1,2,133.79,0.00,0.50,0.67,0,1.00,1,213.45,0,1,2,org.apache.jackrabbit.core.data.AbstractDataRecord,0.00,3,1,3,0,3,2,0,5,59,0
"org.apache.jackrabbit.core.data.FileDataStore",15,0.02,2.33,119,1.43,67660.77,22,7,10,50,4,62.40,127,146,0,1,110.50,0.00,0.00,0.12,4,97.00,9,4299.59,0,4,4,java.lang.Object,0.00,35,0,35,0,35,11,1,27,832,1
"org.apache.jackrabbit.core.data.GarbageCollector",10,0.02,2.50,78,0.82,29378.69,16,6,19,40,5,79.73,62,96,1,1,111.96,0.00,0.00,0.18,4,34.00,11,2456.18,0,0,4,java.lang.Object,0.00,30,0,25,0,30,10,0,13,483,1
"org.apache.jackrabbit.core.data.GarbageCollector$Listener",3,0.33,3.33,27,0.29,5494.56,6,3,19,13,1,109.43,2,44,0,1,109.43,0.00,0.00,0.56,0,0.00,7,867.03,0,0,1,java.lang.Object,0.00,10,0,10,0,10,3,1,2,181,0
"org.apache.jackrabbit.core.data.GarbageCollectorTest",8,0.57,1.88,72,0.86,23314.50,9,1,10,39,7,107.98,4,85,1,4,107.98,0.00,0.75,0.50,4,10.00,3,2594.98,0,0,6,org.apache.jackrabbit.test.AbstractJCRTest,0.00,31,3,15,0,31,8,1,2,503,1
"org.apache.jackrabbit.core.data.NodeTypeTest",2,0.00,3.00,33,0.55,17890.30,2,0,14,29,6,134.60,4,45,1,4,94.71,0.00,0.75,0.00,1,0.00,5,1638.26,0,0,5,org.apache.jackrabbit.test.AbstractJCRTest,0.00,27,3,6,0,27,2,0,1,271,1
"org.apache.jackrabbit.core.data.RandomInputStream",13,0.11,1.62,67,0.59,18440.01,23,10,1,13,1,120.00,0,85,1,2,120.00,0.00,0.50,0.20,4,7.00,4,1760.90,0,1,0,java.io.InputStream,0.00,0,1,21,0,0,12,0,0,407,1
"org.apache.jackrabbit.core.data.ScanEventListener",3,0.00,1.00,4,0.02,116.19,3,0,3,3,2,158.73,12,5,2,2,158.49,0.00,0.50,0.00,0,3.00,1,74.09,0,0,0,,0.00,0,1,3,0,0,3,0,4,27,1
"org.apache.jackrabbit.core.data.TestAll",1,0.00,1.00,7,0.06,1740.69,1,0,3,3,3,65.85,8,9,0,2,113.96,0.00,0.50,0.00,0,1.00,1,186.48,0,1,3,junit.framework.TestCase,0.00,2,1,1,0,2,0,0,2,47,1
"org.apache.jackrabbit.test.AbstractJCRTest",17,0.05,3.59,253,3.83,215360.51,60,43,19,80,113,75.50,244,308,108,3,95.65,143.00,0.01,0.07,7,82.00,18,11502.08,3,4,5,org.apache.jackrabbit.test.JUnitTest,0.00,63,2,61,286,63,13,0,71,1942,2
"org.apache.jackrabbit.test.ISO8601",2,0.33,11.00,114,1.89,230909.02,5,3,4,25,2,17.54,105,137,2,1,65.09,0.00,0.00,0.50,0,2.00,17,5656.60,0,2,0,java.lang.Object,0.00,23,0,22,0,23,0,0,47,910,2
"org.apache.jackrabbit.test.JCRTestResult",18,0.00,1.33,67,0.77,24472.17,22,4,9,48,4,149.08,64,101,3,2,128.46,0.00,0.50,0.25,2,0.00,3,2312.03,0,3,1,junit.framework.TestResult,0.00,30,1,24,0,30,15,0,13,540,1
"org.apache.jackrabbit.test.JCRTestSuite",1,0.00,1.00,10,0.21,5956.16,1,0,1,9,9,124.59,3,12,2,2,103.97,0.00,0.50,0.00,0,1.00,1,635.37,0,0,7,junit.framework.TestSuite,0.00,8,1,1,0,8,1,0,1,145,1
"org.apache.jackrabbit.test.JNDIRepositoryStub",2,0.00,3.00,17,0.22,8528.71,4,2,5,8,3,90.60,10,25,1,2,108.48,0.00,0.50,0.50,0,2.00,5,661.04,0,1,2,org.apache.jackrabbit.test.RepositoryStub,0.22,6,1,6,0,6,1,0,3,133,1
"org.apache.jackrabbit.test.JUnitTest",0,0.00,0.00,3,0.05,1295.46,2,2,3,2,2,171.00,9,4,1,2,171.00,288.00,0.00,0.00,0,0.00,0,144.95,0,0,1,junit.framework.TestCase,0.00,2,1,0,288,2,0,0,3,33,2
"org.apache.jackrabbit.test.LogPrintWriter",11,0.20,1.36,43,0.35,5553.15,13,2,4,21,3,152.46,43,60,3,2,131.84,0.00,0.50,0.32,1,16.00,4,1047.02,2,0,0,java.io.PrintWriter,0.00,10,1,15,0,10,11,0,13,262,1
"org.apache.jackrabbit.test.LogPrintWriter$NullWriter",3,0.00,1.00,4,0.04,273.44,3,0,4,3,0,205.57,3,8,0,2,155.57,0.00,0.50,0.00,0,3.00,1,110.76,0,0,0,java.io.Writer,0.00,0,1,3,0,0,3,0,3,35,2
"org.apache.jackrabbit.test.NotExecutableException",2,0.00,1.00,4,0.02,118.02,2,0,0,2,121,95.83,18,7,121,2,145.83,0.00,0.50,0.00,0,2.00,1,53.51,0,0,0,java.lang.Exception,0.00,0,1,2,0,0,2,0,3,20,1
"org.apache.jackrabbit.test.RepositoryHelper",13,0.12,1.15,33,0.28,4560.33,15,2,6,23,4,97.41,99,50,2,1,139.70,0.00,0.00,0.38,4,0.00,3,853.30,0,11,2,java.lang.Object,0.00,10,0,15,0,10,2,0,17,226,1
"org.apache.jackrabbit.test.RepositoryStub",7,0.07,3.00,77,1.33,68578.69,32,25,11,26,7,62.91,85,107,6,1,100.47,0.00,0.00,0.10,0,21.00,14,3985.40,0,6,1,java.lang.Object,0.00,19,0,21,9,19,1,0,9,696,2
"org.apache.jackrabbit.test.RepositoryStubException",1,0.00,1.00,3,0.02,106.02,1,0,0,1,11,157.87,3,5,11,2,137.25,0.00,0.50,0.00,0,1.00,1,45.51,0,0,0,java.lang.Exception,0.00,0,1,1,0,0,1,0,1,16,1
"org.apache.jackrabbit.test.TestAll",1,0.00,1.00,3,0.02,158.91,1,0,3,2,1,156.48,3,5,0,2,135.87,0.00,0.50,0.00,0,1.00,1,52.05,0,1,1,junit.framework.TestCase,0.00,1,1,1,0,1,0,0,1,17,1
"org.apache.jackrabbit.test.TestAll$JCRTestSuite",1,0.00,1.00,10,0.21,5974.27,1,0,3,9,7,103.96,0,12,0,2,103.96,0.00,0.50,0.00,0,1.00,1,639.51,0,0,7,junit.framework.TestSuite,0.00,8,1,1,0,8,1,0,0,146,2
"org.apache.jackrabbit.test.TestGeneralRead",1,1.00,1.00,14,0.16,5421.70,2,1,14,4,9,119.46,3,16,0,2,98.84,0.00,0.50,0.00,0,1.00,1,488.06,0,1,9,junit.framework.TestCase,0.00,3,1,1,0,3,0,0,1,109,1
"org.apache.jackrabbit.test.TestGeneralWrite",1,1.00,1.00,28,0.38,14782.26,2,1,28,4,23,104.80,3,30,0,2,84.18,0.00,0.50,0.00,0,1.00,1,1134.83,0,1,23,junit.framework.TestCase,0.00,3,1,1,0,3,0,0,1,221,1
"org.apache.jackrabbit.test.TestNodeRead",1,1.00,1.00,10,0.11,3176.52,2,1,10,4,5,126.74,3,12,0,2,106.12,0.00,0.50,0.00,0,1.00,1,326.35,0,1,5,junit.framework.TestCase,0.00,3,1,1,0,3,0,0,1,77,1
"org.apache.jackrabbit.test.TestNodeWrite",1,1.00,1.00,15,0.18,6022.27,2,1,15,4,10,117.98,3,17,0,2,97.36,0.00,0.50,0.00,0,1.00,1,530.45,0,1,10,junit.framework.TestCase,0.00,3,1,1,0,3,0,0,1,117,1
"org.apache.jackrabbit.test.TestObservation",1,0.00,1.00,17,0.20,7444.70,1,0,15,3,13,115.23,3,19,0,1,94.61,0.00,0.00,0.00,0,1.00,1,589.69,0,1,13,java.lang.Object,0.00,2,0,1,0,2,0,0,1,125,1
"org.apache.jackrabbit.test.TestPropertyRead",1,1.00,1.00,17,0.21,7261.96,2,1,17,4,12,115.31,3,19,0,2,94.70,0.00,0.50,0.00,0,1.00,1,617.30,0,1,12,junit.framework.TestCase,0.00,3,1,1,0,3,0,0,1,133,1
"org.apache.jackrabbit.test.TestPropertyWrite",1,1.00,1.00,28,0.38,14782.26,2,1,28,4,23,104.80,3,30,0,2,84.18,0.00,0.50,0.00,0,1.00,1,1134.83,0,1,23,junit.framework.TestCase,0.00,3,1,1,0,3,0,0,1,221,1
"org.apache.jackrabbit.test.TestQuery",1,0.00,1.00,32,0.44,18042.82,1,0,30,3,28,101.95,3,34,0,1,81.34,0.00,0.00,0.00,0,1.00,1,1315.73,0,1,28,java.lang.Object,0.00,2,0,1,0,2,0,0,1,245,1
"org.apache.jackrabbit.test.XMLChar",21,0.03,1.95,724,20.15,1282085.56,30,9,1,23,2,117.51,615,757,2,1,76.03,0.00,0.00,0.08,4,61.00,6,60456.28,0,0,0,java.lang.Object,0.00,2,0,41,0,2,21,0,463,6924,1
"org.apache.jackrabbit.command.web.JcrCommandServlet",2,0.59,8.00,84,1.49,62442.24,24,22,21,46,3,118.52,44,117,1,2,74.58,0.00,0.50,0.34,0,0.00,11,4471.41,1,0,2,javax.servlet.http.HttpServlet,0.00,44,1,16,0,44,2,0,22,719,1
"org.apache.jackrabbit.command.web.JcrServletWebContext",2,0.33,6.50,32,0.45,21873.32,5,3,7,13,3,75.98,11,51,2,2,93.85,0.00,0.50,0.17,0,2.00,11,1341.45,1,1,1,org.apache.commons.chain.web.servlet.ServletWebContext,0.00,11,1,13,0,11,1,0,7,268,1
"org.apache.jackrabbit.ocm.manager.inheritance.AllTests",2,0.00,1.00,8,0.06,1287.47,2,0,3,5,4,147.04,7,11,1,1,126.42,0.00,0.00,0.00,1,2.00,1,190.58,0,2,3,java.lang.Object,0.00,3,0,2,0,3,0,0,3,50,1
"org.apache.jackrabbit.ocm.manager.inheritance.ObjectContentManagerInheritanceConcreteClassTest",6,1.00,1.50,187,3.09,185119.64,7,1,17,52,14,31.82,49,195,2,3,79.92,0.00,0.67,0.17,0,10.00,3,9271.74,4,1,12,org.apache.jackrabbit.ocm.TestBase,0.16,46,2,9,0,46,5,0,42,1485,1
"org.apache.jackrabbit.ocm.manager.inheritance.ObjectContentManagerInheritanceHierarchyTest",5,1.00,1.20,122,1.88,94699.37,6,1,16,45,13,43.50,37,131,2,3,85.79,0.00,0.67,0.00,0,5.00,2,5626.94,4,1,11,org.apache.jackrabbit.ocm.TestBase,0.17,40,2,6,0,40,4,0,30,943,1
"org.apache.jackrabbit.core.state.db.DatabasePersistenceManager",0,0.00,0.00,1,0.03,323.05,0,0,1,0,2,171.00,5,4,0,3,171.00,0.00,0.67,0.00,0,0.00,0,82.04,0,0,2,org.apache.jackrabbit.core.persistence.db.DatabasePersistenceManager,0.00,0,2,0,0,0,0,1,1,21,2
"org.apache.jackrabbit.core.state.db.DerbyPersistenceManager",0,0.00,0.00,1,0.03,257.00,0,0,1,0,2,171.00,5,4,0,5,171.00,0.00,0.80,0.00,0,0.00,0,76.15,0,0,2,org.apache.jackrabbit.core.persistence.db.DerbyPersistenceManager,0.00,0,4,0,0,0,0,1,1,20,1
"org.apache.jackrabbit.core.state.db.JNDIDatabasePersistenceManager",0,0.00,0.00,1,0.03,257.00,0,0,1,0,2,171.00,5,4,0,4,171.00,0.00,0.75,0.00,0,0.00,0,76.15,0,0,2,org.apache.jackrabbit.core.persistence.db.JNDIDatabasePersistenceManager,0.00,0,3,0,0,0,0,1,1,20,1
"org.apache.jackrabbit.core.state.db.OraclePersistenceManager",0,0.00,0.00,1,0.03,257.00,0,0,1,0,2,171.00,5,4,0,5,171.00,0.00,0.80,0.00,0,0.00,0,76.15,0,0,2,org.apache.jackrabbit.core.persistence.db.OraclePersistenceManager,0.00,0,4,0,0,0,0,1,1,20,1
"org.apache.jackrabbit.core.state.db.SimpleDbPersistenceManager",0,0.00,0.00,1,0.03,257.00,0,0,1,0,2,171.00,5,4,0,4,171.00,0.00,0.75,0.00,0,0.00,0,76.15,0,0,2,org.apache.jackrabbit.core.persistence.db.SimpleDbPersistenceManager,0.00,0,3,0,0,0,0,1,1,20,1
"org.apache.jackrabbit.state.nodetype.ItemDefinitionState",13,0.03,2.23,56,0.68,36584.66,18,5,2,15,6,121.43,60,76,5,1,121.19,0.00,0.00,0.23,1,49.00,10,2030.53,0,1,1,java.lang.Object,0.00,2,0,29,2,2,12,1,17,457,1
"org.apache.jackrabbit.state.nodetype.NodeDefinitionState",8,0.10,1.38,29,0.29,10575.91,11,3,2,12,9,128.79,37,37,7,2,128.55,0.00,0.50,0.25,0,20.00,4,881.41,1,2,3,org.apache.jackrabbit.state.nodetype.ItemDefinitionState,0.10,4,1,11,0,4,6,0,10,210,1
"org.apache.jackrabbit.state.nodetype.NodeTypeManagerState",2,1.00,1.00,6,0.04,426.61,3,1,0,2,6,92.57,15,9,5,1,134.86,0.00,0.00,0.50,0,2.00,1,110.42,0,0,1,java.lang.Object,0.00,0,0,2,0,0,2,0,4,33,1
"org.apache.jackrabbit.state.nodetype.NodeTypeState",16,0.06,1.19,44,0.40,8691.08,23,7,1,19,10,120.32,81,66,7,1,138.19,0.00,0.00,0.09,0,116.00,4,1192.24,0,4,4,java.lang.Object,0.00,3,0,19,0,3,12,0,22,305,1
"org.apache.jackrabbit.state.nodetype.PropertyDefinitionState",6,0.20,1.50,24,0.22,5842.87,8,2,1,6,9,125.15,26,34,8,2,124.92,0.00,0.50,0.33,0,10.00,3,653.71,2,0,1,org.apache.jackrabbit.state.nodetype.ItemDefinitionState,0.11,0,1,9,0,0,6,0,7,159,1
"org.apache.jackrabbit.state.nodetype.StateComparator",9,0.00,4.89,87,1.23,75981.53,9,0,2,29,5,104.12,3,105,2,1,104.12,0.00,0.00,0.00,8,9.00,9,3703.21,0,0,5,java.lang.Object,0.00,20,0,44,0,20,9,1,1,795,0
"org.apache.jackrabbit.ocm.testmodel.inheritance.impl.CmsObjectImpl",6,0.20,1.00,16,0.09,1013.09,9,3,2,6,7,124.36,31,24,5,1,142.23,0.00,0.00,0.17,0,18.00,1,284.63,0,3,2,java.lang.Object,0.00,0,0,6,3,0,3,1,7,84,1
"org.apache.jackrabbit.ocm.testmodel.inheritance.impl.ContentImpl",0,0.00,0.00,1,0.01,85.59,0,0,1,0,4,171.00,6,3,2,2,171.00,1.00,0.33,0.00,0,0.00,0,28.53,0,0,2,org.apache.jackrabbit.ocm.testmodel.inheritance.impl.CmsObjectImpl,0.00,0,1,0,1,0,0,1,1,9,2
"org.apache.jackrabbit.ocm.testmodel.inheritance.impl.DocumentImpl",6,0.20,1.00,17,0.13,1926.56,10,4,3,7,7,122.16,30,29,4,3,140.03,0.00,0.67,0.08,0,14.00,1,392.60,0,2,3,org.apache.jackrabbit.ocm.testmodel.inheritance.impl.ContentImpl,0.00,1,2,6,0,1,4,1,7,103,1
"org.apache.jackrabbit.ocm.testmodel.inheritance.impl.DocumentStream",7,0.08,1.00,19,0.13,1857.05,11,4,4,9,5,161.30,21,33,5,1,140.68,0.00,0.00,0.18,0,20.00,1,398.26,0,3,0,java.lang.Object,0.00,2,0,7,0,2,4,0,6,109,1
"org.apache.jackrabbit.ocm.testmodel.inheritance.impl.FolderImpl",3,0.50,1.00,8,0.06,720.06,4,1,4,5,6,108.81,18,14,3,2,141.03,0.00,0.50,0.67,0,1.00,1,181.95,0,1,3,org.apache.jackrabbit.ocm.testmodel.inheritance.impl.CmsObjectImpl,0.00,2,1,3,0,2,2,1,4,51,1
"org.apache.jackrabbit.webdav.xml.DomUtil",35,2.00,2.03,201,2.33,67854.97,37,2,14,85,97,70.77,303,252,95,1,118.88,0.00,0.00,0.00,9,35.00,5,6986.67,0,24,3,java.lang.Object,0.00,50,0,71,0,50,11,0,40,1521,1
"org.apache.jackrabbit.webdav.xml.ElementIterator",8,0.00,1.62,42,0.37,8579.86,12,4,7,17,29,103.08,46,53,28,1,120.95,0.00,0.00,0.25,2,8.00,3,1099.17,0,2,2,java.lang.Object,0.00,9,0,13,0,9,6,1,10,253,1
"org.apache.jackrabbit.webdav.xml.Namespace",8,0.05,1.50,32,0.31,7229.56,14,6,2,15,38,125.17,3,45,38,1,125.17,0.00,0.00,0.12,1,20.00,3,933.16,0,4,0,java.lang.Object,0.00,7,0,12,0,7,4,0,1,227,1
"org.apache.jackrabbit.webdav.xml.XmlSerializable",1,0.00,1.00,2,0.01,41.48,1,0,2,1,24,109.47,12,3,24,1,147.03,0.00,0.00,0.00,0,1.00,1,27.65,0,1,0,,0.00,0,0,1,0,0,0,0,2,11,1
"org.apache.jackrabbit.ocm.manager.lock.AllTests",2,0.00,1.00,7,0.05,899.31,2,0,3,5,3,152.93,7,10,1,1,132.31,0.00,0.00,0.00,1,2.00,1,155.16,0,2,2,java.lang.Object,0.00,3,0,2,0,3,0,0,3,42,1
"org.apache.jackrabbit.ocm.manager.lock.ObjectContentManagerLockTest",5,1.00,1.60,85,1.15,39919.99,6,1,14,47,10,74.12,71,110,2,3,94.26,0.00,0.67,0.00,0,5.00,2,3460.47,2,1,8,org.apache.jackrabbit.ocm.TestBase,0.17,42,2,8,0,42,4,0,59,606,1
"org.apache.jackrabbit.rmi.iterator.ArrayEventIterator",2,0.00,1.00,5,0.03,278.97,2,0,2,2,2,110.66,12,8,1,2,142.88,0.00,0.50,0.00,0,2.00,1,91.87,1,1,1,org.apache.jackrabbit.rmi.iterator.ArrayIterator,0.00,0,1,2,0,0,1,1,3,30,1
"org.apache.jackrabbit.rmi.iterator.ArrayEventListenerIterator",2,0.00,1.00,5,0.03,278.97,2,0,2,2,2,110.66,12,9,1,2,142.88,0.00,0.50,0.00,0,2.00,1,91.87,1,1,1,org.apache.jackrabbit.rmi.iterator.ArrayIterator,0.00,0,1,2,0,0,1,1,3,30,1
"org.apache.jackrabbit.rmi.iterator.ArrayIterator",7,0.00,1.00,18,0.11,1249.98,9,2,1,8,2,181.92,20,26,2,1,142.04,0.00,0.00,0.50,0,0.00,1,343.33,0,1,0,java.lang.Object,0.00,1,0,7,2,1,6,1,10,99,1
"org.apache.jackrabbit.spi.logger.LogAnalyzer",3,0.50,3.33,37,0.51,19550.63,5,2,20,23,1,62.87,38,53,1,1,100.43,0.00,0.00,0.17,0,4.00,5,1516.24,0,0,0,java.lang.Object,0.00,20,0,10,0,20,3,0,11,294,1
"org.apache.jackrabbit.spi.logger.LogAnalyzer$Report",5,0.08,2.40,72,1.08,62701.32,8,3,20,32,0,63.55,32,78,0,1,95.77,0.00,0.00,0.27,0,7.00,7,3244.74,0,0,0,java.lang.Object,0.00,27,0,12,0,27,5,0,8,538,3
"org.apache.jackrabbit.spi.logger.LogAnalyzer$Report$Comparator",1,0.00,1.00,5,0.06,1070.78,1,0,20,3,0,121.07,0,6,0,1,121.07,0.00,0.00,0.00,0,1.00,1,166.46,0,0,0,java.lang.Object,0.00,2,0,1,0,2,1,0,0,42,0
"org.apache.jackrabbit.spi.logger.LogAnalyzer$Timing",4,0.11,2.25,23,0.26,9394.91,7,3,20,7,0,158.08,9,31,0,1,118.20,0.00,0.00,0.25,0,8.00,5,787.90,0,0,0,java.lang.Object,0.00,3,0,9,0,3,4,1,3,184,3
"org.apache.jackrabbit.spi.logger.RepositoryServiceLogger",51,0.50,1.16,202,2.74,74399.56,53,2,42,66,18,128.25,5,328,0,1,128.25,0.00,0.00,0.01,1,100.00,6,8226.41,0,28,18,java.lang.Object,0.00,15,0,59,0,15,23,1,2,1756,1
"org.apache.jackrabbit.spi.logger.RepositoryServiceLogger$Callable",1,0.00,1.00,3,0.01,121.62,1,0,42,1,0,136.78,0,4,0,1,136.78,0.00,0.00,0.00,0,0.00,1,44.54,0,1,0,java.lang.Object,0.00,0,0,1,0,0,0,0,0,15,0
"org.apache.jackrabbit.spi.logger.RepositoryServiceLogger$Callable_0",1,0.00,1.00,3,0.01,121.62,1,0,42,1,0,136.78,0,4,0,1,136.78,0.00,0.00,0.00,0,0.00,1,44.54,0,1,0,java.lang.Object,0.00,0,0,1,0,0,0,0,0,15,0
"org.apache.jackrabbit.spi.logger.RepositoryServiceLogger$Callable_1",1,0.00,1.00,3,0.02,175.12,1,0,42,1,0,135.54,0,4,0,1,135.54,0.00,0.00,0.00,0,0.00,1,54.60,0,1,0,java.lang.Object,0.00,0,0,1,0,0,0,0,0,17,0
"org.apache.jackrabbit.spi.logger.RepositoryServiceLogger$Callable_10",1,0.00,1.00,3,0.02,211.89,1,0,42,1,0,134.88,0,4,0,1,134.88,0.00,0.00,0.00,0,0.00,1,65.11,0,1,0,java.lang.Object,0.00,0,0,1,0,0,0,0,0,19,0
"org.apache.jackrabbit.spi.logger.RepositoryServiceLogger$Callable_11",1,0.00,1.00,3,0.03,300.00,1,0,42,2,0,133.70,0,4,0,1,133.70,0.00,0.00,0.00,0,0.00,1,80.00,0,1,0,java.lang.Object,0.00,1,0,1,0,1,0,0,0,22,0
"org.apache.jackrabbit.spi.logger.RepositoryServiceLogger$Callable_12",1,0.00,1.00,3,0.02,211.89,1,0,42,1,0,134.88,0,4,0,1,134.88,0.00,0.00,0.00,0,0.00,1,65.11,0,1,0,java.lang.Object,0.00,0,0,1,0,0,0,0,0,19,0
"org.apache.jackrabbit.spi.logger.RepositoryServiceLogger$Callable_13",1,0.00,1.00,3,0.02,211.89,1,0,42,1,0,134.88,0,4,0,1,134.88,0.00,0.00,0.00,0,0.00,1,65.11,0,1,0,java.lang.Object,0.00,0,0,1,0,0,0,0,0,19,0
"org.apache.jackrabbit.spi.logger.RepositoryServiceLogger$Callable_14",1,0.00,1.00,3,0.02,211.89,1,0,42,1,0,134.88,0,4,0,1,134.88,0.00,0.00,0.00,0,0.00,1,65.11,0,1,0,java.lang.Object,0.00,0,0,1,0,0,0,0,0,19,0
"org.apache.jackrabbit.spi.logger.RepositoryServiceLogger$Callable_15",1,0.00,1.00,3,0.02,211.89,1,0,42,1,0,134.88,0,4,0,1,134.88,0.00,0.00,0.00,0,0.00,1,65.11,0,1,0,java.lang.Object,0.00,0,0,1,0,0,0,0,0,19,0
"org.apache.jackrabbit.spi.logger.RepositoryServiceLogger$Callable_16",1,0.00,1.00,3,0.02,211.89,1,0,42,1,0,134.88,0,4,0,1,134.88,0.00,0.00,0.00,0,0.00,1,65.11,0,1,0,java.lang.Object,0.00,0,0,1,0,0,0,0,0,19,0
"org.apache.jackrabbit.spi.logger.RepositoryServiceLogger$Callable_17",1,0.00,1.00,4,0.02,225.21,1,0,42,1,0,130.02,0,5,0,1,130.02,0.00,0.00,0.00,0,0.00,1,68.92,0,1,0,java.lang.Object,0.00,0,0,1,0,0,0,0,0,20,0
"org.apache.jackrabbit.spi.logger.RepositoryServiceLogger$Callable_18",1,0.00,1.00,4,0.03,283.82,1,0,42,1,0,129.22,0,5,0,1,129.22,0.00,0.00,0.00,0,0.00,1,85.66,0,1,0,java.lang.Object,0.00,0,0,1,0,0,0,0,0,23,0
"org.apache.jackrabbit.spi.logger.RepositoryServiceLogger$Callable_19",1,0.00,1.00,4,0.03,283.82,1,0,42,1,0,129.22,0,5,0,1,129.22,0.00,0.00,0.00,0,0.00,1,85.66,0,1,0,java.lang.Object,0.00,0,0,1,0,0,0,0,0,23,0
"org.apache.jackrabbit.spi.logger.RepositoryServiceLogger$Callable_2",1,0.00,1.00,3,0.02,211.89,1,0,42,1,0,134.88,0,4,0,1,134.88,0.00,0.00,0.00,0,0.00,1,65.11,0,1,0,java.lang.Object,0.00,0,0,1,0,0,0,0,0,19,0
"org.apache.jackrabbit.spi.logger.RepositoryServiceLogger$Callable_20",1,0.00,1.00,4,0.03,303.89,1,0,42,1,0,128.99,0,5,0,1,128.99,0.00,0.00,0.00,0,0.00,1,91.40,0,1,0,java.lang.Object,0.00,0,0,1,0,0,0,0,0,24,0
"org.apache.jackrabbit.spi.logger.RepositoryServiceLogger$Callable_21",1,0.00,1.00,4,0.03,264.00,1,0,42,1,0,129.47,0,5,0,1,129.47,0.00,0.00,0.00,0,0.00,1,80.00,0,1,0,java.lang.Object,0.00,0,0,1,0,0,0,0,0,22,0
"org.apache.jackrabbit.spi.logger.RepositoryServiceLogger$Callable_22",1,0.00,1.00,4,0.03,324.22,1,0,42,1,0,128.77,0,5,0,1,128.77,0.00,0.00,0.00,0,0.00,1,97.21,0,1,0,java.lang.Object,0.00,0,0,1,0,0,0,0,0,25,0
"org.apache.jackrabbit.spi.logger.RepositoryServiceLogger$Callable_23",1,0.00,1.00,3,0.02,211.89,1,0,42,1,0,134.88,0,4,0,1,134.88,0.00,0.00,0.00,0,0.00,1,65.11,0,1,0,java.lang.Object,0.00,0,0,1,0,0,0,0,0,19,0
"org.apache.jackrabbit.spi.logger.RepositoryServiceLogger$Callable_24",1,0.00,1.00,3,0.03,250.00,1,0,42,1,0,134.32,0,4,0,1,134.32,0.00,0.00,0.00,0,0.00,1,76.00,0,1,0,java.lang.Object,0.00,0,0,1,0,0,0,0,0,21,0
"org.apache.jackrabbit.spi.logger.RepositoryServiceLogger$Callable_25",1,0.00,1.00,4,0.02,244.46,1,0,42,1,0,129.74,0,5,0,1,129.74,0.00,0.00,0.00,0,0.00,1,74.42,0,1,0,java.lang.Object,0.00,0,0,1,0,0,0,0,0,21,0
"org.apache.jackrabbit.spi.logger.RepositoryServiceLogger$Callable_26",1,0.00,1.00,4,0.02,244.46,1,0,42,1,0,129.74,0,5,0,1,129.74,0.00,0.00,0.00,0,0.00,1,74.42,0,1,0,java.lang.Object,0.00,0,0,1,0,0,0,0,0,21,0
"org.apache.jackrabbit.spi.logger.RepositoryServiceLogger$Callable_27",1,0.00,1.00,4,0.02,244.46,1,0,42,1,0,129.74,0,5,0,1,129.74,0.00,0.00,0.00,0,0.00,1,74.42,0,1,0,java.lang.Object,0.00,0,0,1,0,0,0,0,0,21,0
"org.apache.jackrabbit.spi.logger.RepositoryServiceLogger$Callable_28",1,0.00,1.00,4,0.02,244.46,1,0,42,1,0,129.74,0,5,0,1,129.74,0.00,0.00,0.00,0,0.00,1,74.42,0,1,0,java.lang.Object,0.00,0,0,1,0,0,0,0,0,21,0
"org.apache.jackrabbit.spi.logger.RepositoryServiceLogger$Callable_29",1,0.00,1.00,4,0.03,264.00,1,0,42,1,0,129.47,0,5,0,1,129.47,0.00,0.00,0.00,0,0.00,1,80.00,0,1,0,java.lang.Object,0.00,0,0,1,0,0,0,0,0,22,0
"org.apache.jackrabbit.spi.logger.RepositoryServiceLogger$Callable_3",1,0.00,1.00,3,0.02,211.89,1,0,42,1,0,134.88,0,4,0,1,134.88,0.00,0.00,0.00,0,0.00,1,65.11,0,1,0,java.lang.Object,0.00,0,0,1,0,0,0,0,0,19,0
"org.apache.jackrabbit.spi.logger.RepositoryServiceLogger$Callable_30",1,0.00,1.00,4,0.03,283.82,1,0,42,1,0,129.22,0,5,0,1,129.22,0.00,0.00,0.00,0,0.00,1,85.66,0,1,0,java.lang.Object,0.00,0,0,1,0,0,0,0,0,23,0
"org.apache.jackrabbit.spi.logger.RepositoryServiceLogger$Callable_31",1,0.00,1.00,4,0.03,264.00,1,0,42,1,0,129.47,0,5,0,1,129.47,0.00,0.00,0.00,0,0.00,1,80.00,0,1,0,java.lang.Object,0.00,0,0,1,0,0,0,0,0,22,0
"org.apache.jackrabbit.spi.logger.RepositoryServiceLogger$Callable_32",1,0.00,1.00,3,0.03,250.00,1,0,42,1,0,134.32,0,4,0,1,134.32,0.00,0.00,0.00,0,0.00,1,76.00,0,1,0,java.lang.Object,0.00,0,0,1,0,0,0,0,0,21,0
"org.apache.jackrabbit.spi.logger.RepositoryServiceLogger$Callable_33",1,0.00,1.00,4,0.03,283.82,1,0,42,1,0,129.22,0,5,0,1,129.22,0.00,0.00,0.00,0,0.00,1,85.66,0,1,0,java.lang.Object,0.00,0,0,1,0,0,0,0,0,23,0
"org.apache.jackrabbit.spi.logger.RepositoryServiceLogger$Callable_34",1,0.00,1.00,4,0.03,303.89,1,0,42,1,0,128.99,0,5,0,1,128.99,0.00,0.00,0.00,0,0.00,1,91.40,0,1,0,java.lang.Object,0.00,0,0,1,0,0,0,0,0,24,0
"org.apache.jackrabbit.spi.logger.RepositoryServiceLogger$Callable_35",1,0.00,1.00,4,0.03,283.82,1,0,42,1,0,129.22,0,5,0,1,129.22,0.00,0.00,0.00,0,0.00,1,85.66,0,1,0,java.lang.Object,0.00,0,0,1,0,0,0,0,0,23,0
"org.apache.jackrabbit.spi.logger.RepositoryServiceLogger$Callable_36",1,0.00,1.00,3,0.02,193.32,1,0,42,1,0,135.20,0,4,0,1,135.20,0.00,0.00,0.00,0,0.00,1,59.81,0,1,0,java.lang.Object,0.00,0,0,1,0,0,0,0,0,18,0
"org.apache.jackrabbit.spi.logger.RepositoryServiceLogger$Callable_37",1,0.00,1.00,4,0.03,283.82,1,0,42,1,0,129.22,0,5,0,1,129.22,0.00,0.00,0.00,0,0.00,1,85.66,0,1,0,java.lang.Object,0.00,0,0,1,0,0,0,0,0,23,0
"org.apache.jackrabbit.spi.logger.RepositoryServiceLogger$Callable_38",1,0.00,1.00,3,0.03,250.00,1,0,42,1,0,134.32,0,4,0,1,134.32,0.00,0.00,0.00,0,0.00,1,76.00,0,1,0,java.lang.Object,0.00,0,0,1,0,0,0,0,0,21,0
"org.apache.jackrabbit.spi.logger.RepositoryServiceLogger$Callable_39",1,0.00,1.00,3,0.03,309.35,1,0,42,1,0,133.59,0,4,0,1,133.59,0.00,0.00,0.00,0,0.00,1,92.96,0,1,0,java.lang.Object,0.00,0,0,1,0,0,0,0,0,24,0
"org.apache.jackrabbit.spi.logger.RepositoryServiceLogger$Callable_4",1,0.00,1.00,3,0.02,211.89,1,0,42,1,0,134.88,0,4,0,1,134.88,0.00,0.00,0.00,0,0.00,1,65.11,0,1,0,java.lang.Object,0.00,0,0,1,0,0,0,0,0,19,0
"org.apache.jackrabbit.spi.logger.RepositoryServiceLogger$Callable_40",1,0.00,2.00,6,0.05,881.03,1,0,42,1,0,118.62,0,9,0,1,118.62,0.00,0.00,0.00,0,0.00,2,154.72,0,1,0,java.lang.Object,0.00,0,0,2,0,0,0,0,0,36,0
"org.apache.jackrabbit.spi.logger.RepositoryServiceLogger$Callable_41",1,0.00,1.00,3,0.02,193.32,1,0,42,1,0,135.20,0,4,0,1,135.20,0.00,0.00,0.00,0,0.00,1,59.81,0,1,0,java.lang.Object,0.00,0,0,1,0,0,0,0,0,18,0
"org.apache.jackrabbit.spi.logger.RepositoryServiceLogger$Callable_42",1,0.00,1.00,3,0.02,211.89,1,0,42,1,0,134.88,0,4,0,1,134.88,0.00,0.00,0.00,0,0.00,1,65.11,0,1,0,java.lang.Object,0.00,0,0,1,0,0,0,0,0,19,0
"org.apache.jackrabbit.spi.logger.RepositoryServiceLogger$Callable_43",1,0.00,1.00,3,0.02,211.89,1,0,42,1,0,134.88,0,4,0,1,134.88,0.00,0.00,0.00,0,0.00,1,65.11,0,1,0,java.lang.Object,0.00,0,0,1,0,0,0,0,0,19,0
"org.apache.jackrabbit.spi.logger.RepositoryServiceLogger$Callable_44",1,0.00,1.00,4,0.03,264.00,1,0,42,1,0,129.47,0,5,0,1,129.47,0.00,0.00,0.00,0,0.00,1,80.00,0,1,0,java.lang.Object,0.00,0,0,1,0,0,0,0,0,22,0
"org.apache.jackrabbit.spi.logger.RepositoryServiceLogger$Callable_45",1,0.00,1.00,4,0.02,244.46,1,0,42,1,0,129.74,0,5,0,1,129.74,0.00,0.00,0.00,0,0.00,1,74.42,0,1,0,java.lang.Object,0.00,0,0,1,0,0,0,0,0,21,0
"org.apache.jackrabbit.spi.logger.RepositoryServiceLogger$Callable_46",1,0.00,1.00,3,0.02,193.32,1,0,42,1,0,135.20,0,4,0,1,135.20,0.00,0.00,0.00,0,0.00,1,59.81,0,1,0,java.lang.Object,0.00,0,0,1,0,0,0,0,0,18,0
"org.apache.jackrabbit.spi.logger.RepositoryServiceLogger$Callable_47",1,0.00,1.00,3,0.02,211.89,1,0,42,1,0,134.88,0,4,0,1,134.88,0.00,0.00,0.00,0,0.00,1,65.11,0,1,0,java.lang.Object,0.00,0,0,1,0,0,0,0,0,19,0
"org.apache.jackrabbit.spi.logger.RepositoryServiceLogger$Callable_48",1,0.00,1.00,2,0.01,51.30,1,0,42,1,0,146.30,0,3,0,1,146.30,0.00,0.00,0.00,0,1.00,1,27.65,0,1,0,,0.00,0,0,1,0,0,0,0,0,11,1
"org.apache.jackrabbit.spi.logger.RepositoryServiceLogger$Callable_5",1,0.00,1.00,4,0.02,225.21,1,0,42,1,0,130.02,0,5,0,1,130.02,0.00,0.00,0.00,0,0.00,1,68.92,0,1,0,java.lang.Object,0.00,0,0,1,0,0,0,0,0,20,0
"org.apache.jackrabbit.spi.logger.RepositoryServiceLogger$Callable_6",1,0.00,1.00,3,0.02,193.32,1,0,42,1,0,135.20,0,4,0,1,135.20,0.00,0.00,0.00,0,0.00,1,59.81,0,1,0,java.lang.Object,0.00,0,0,1,0,0,0,0,0,18,0
"org.apache.jackrabbit.spi.logger.RepositoryServiceLogger$Callable_7",1,0.00,1.00,3,0.03,322.65,1,0,42,2,0,133.45,0,4,0,1,133.45,0.00,0.00,0.00,0,0.00,1,85.66,0,1,0,java.lang.Object,0.00,1,0,1,0,1,0,0,0,23,0
"org.apache.jackrabbit.spi.logger.RepositoryServiceLogger$Callable_8",1,0.00,1.00,3,0.02,193.32,1,0,42,1,0,135.20,0,4,0,1,135.20,0.00,0.00,0.00,0,0.00,1,59.81,0,1,0,java.lang.Object,0.00,0,0,1,0,0,0,0,0,18,0
"org.apache.jackrabbit.spi.logger.RepositoryServiceLogger$Callable_9",1,0.00,1.00,3,0.02,211.89,1,0,42,1,0,134.88,0,4,0,1,134.88,0.00,0.00,0.00,0,0.00,1,65.11,0,1,0,java.lang.Object,0.00,0,0,1,0,0,0,0,0,19,0
"org.apache.jackrabbit.ocm.mapper.model.BeanDescriptor",33,0.03,1.00,84,0.55,6684.46,50,17,1,33,17,162.22,101,118,15,1,141.61,0.00,0.00,0.03,0,498.00,1,1660.49,0,8,4,java.lang.Object,0.00,0,0,33,0,0,25,2,25,448,1
"org.apache.jackrabbit.ocm.mapper.model.ChildNodeDefDescriptor",8,0.00,1.00,9,0.02,79.00,8,0,0,8,3,183.78,30,10,3,1,163.17,0.00,0.00,0.00,0,8.00,1,74.00,0,4,0,,0.00,0,0,8,0,0,4,0,9,37,1
"org.apache.jackrabbit.ocm.mapper.model.ClassDescriptor",54,0.02,1.61,224,2.28,53285.68,78,24,10,94,32,164.74,132,317,29,1,124.85,0.00,0.00,0.02,14,1006.00,5,6827.07,0,20,7,java.lang.Object,0.00,40,0,87,0,40,34,0,37,1562,1
"org.apache.jackrabbit.ocm.mapper.model.CollectionDescriptor",37,0.03,1.00,93,0.60,7490.86,55,18,0,37,21,162.22,117,156,19,1,141.61,0.00,0.00,0.03,1,667.00,1,1814.53,0,10,3,java.lang.Object,0.00,0,0,37,0,0,27,2,29,494,1
"org.apache.jackrabbit.ocm.mapper.model.FieldDescriptor",32,0.04,1.06,82,0.58,8640.85,47,15,0,35,11,161.23,103,118,10,1,140.61,0.00,0.00,0.03,1,482.00,2,1751.43,0,9,2,java.lang.Object,0.00,3,0,34,0,3,23,1,27,465,1
"org.apache.jackrabbit.ocm.mapper.model.ImplementDescriptor",3,1.00,1.00,8,0.05,466.95,4,1,0,3,2,182.39,8,12,2,1,142.51,0.00,0.00,0.33,0,4.00,1,138.99,0,2,0,java.lang.Object,0.00,0,0,3,0,0,1,0,1,42,1
"org.apache.jackrabbit.ocm.mapper.model.MappingDescriptor",9,0.02,1.33,32,0.42,11939.05,14,5,8,23,9,168.43,24,49,7,1,128.55,0.00,0.00,0.18,0,15.00,4,1255.63,0,4,3,java.lang.Object,0.00,14,0,12,0,14,5,0,5,283,1
"org.apache.jackrabbit.ocm.mapper.model.PropertyDefDescriptor",7,0.00,1.00,8,0.02,71.00,7,0,0,7,4,183.69,27,9,4,1,163.08,0.00,0.00,0.00,0,7.00,1,66.00,0,3,0,,0.00,0,0,7,0,0,4,0,8,33,1
"org.apache.jackrabbit.browser.iframeio.IFrameIOFilter",3,0.25,1.00,14,0.17,3086.66,5,2,9,10,1,145.44,11,19,0,1,124.82,0.00,0.00,0.33,0,4.00,1,502.61,0,0,1,java.lang.Object,0.00,7,0,3,0,7,3,1,5,112,1
"org.apache.jackrabbit.browser.iframeio.IFrameIOFilterOutputStream",4,0.00,1.00,10,0.09,1242.03,5,1,4,6,1,140.15,3,15,1,2,140.15,0.00,0.50,1.00,0,0.00,1,282.50,0,0,0,javax.servlet.ServletOutputStream,0.00,2,1,4,0,2,4,0,1,77,1
"org.apache.jackrabbit.browser.iframeio.IFrameIOResponseWrapper",8,0.14,1.00,23,0.15,1580.13,11,3,5,12,2,141.69,0,32,1,2,141.69,0.00,0.50,0.21,1,26.00,1,447.17,2,3,1,javax.servlet.http.HttpServletResponseWrapper,0.00,4,1,8,0,4,5,0,0,127,1
"org.apache.jackrabbit.core.nodetype.virtual.VirtualNodeTypeStateManager",8,0.14,2.25,70,1.05,25074.87,16,8,20,37,15,59.60,79,121,1,1,109.59,0.00,0.00,0.25,4,14.00,4,3145.94,0,1,14,java.lang.Object,0.00,29,0,18,0,29,7,1,23,631,1
"org.apache.jackrabbit.core.nodetype.virtual.VirtualNodeTypeStateProvider",12,1.00,2.17,112,2.07,96397.59,13,1,21,66,16,72.26,79,146,1,2,104.48,0.00,0.50,0.08,4,28.00,4,6213.34,2,6,15,org.apache.jackrabbit.core.virtual.AbstractVISProvider,0.05,54,1,26,0,54,6,0,26,1109,1
"org.apache.jackrabbit.core.state.xml.XMLPersistenceManager",0,0.00,0.00,1,0.03,257.00,0,0,1,0,2,171.00,5,4,0,3,171.00,0.00,0.67,0.00,0,0.00,0,76.15,0,0,2,org.apache.jackrabbit.core.persistence.xml.XMLPersistenceManager,0.00,0,2,0,0,0,0,1,1,20,1
"org.apache.jackrabbit.taglib.size.AbstractSizeCalculator",2,0.50,1.00,15,0.20,5922.07,4,2,1,5,2,69.85,14,28,1,1,112.14,0.00,0.00,0.25,0,2.00,1,593.39,0,0,1,java.lang.Object,0.00,3,0,2,1,3,2,1,5,124,2
"org.apache.jackrabbit.taglib.size.SimpleSizeCalculator",5,0.75,3.60,57,0.67,28469.42,6,1,7,16,1,102.52,23,89,0,2,102.29,0.00,0.50,0.40,3,7.00,8,2013.56,1,0,1,org.apache.jackrabbit.taglib.size.AbstractSizeCalculator,0.00,11,1,18,0,11,5,0,7,392,1
"org.apache.jackrabbit.taglib.size.SizeCalculator",3,5.00,1.00,9,0.06,523.40,8,5,2,3,2,93.26,23,11,2,1,135.55,0.00,0.00,0.00,0,3.00,1,189.59,0,0,0,,0.00,0,0,3,0,0,3,0,4,53,1
"org.apache.jackrabbit.webdav.client.methods.AclMethod",3,1.00,1.00,9,0.08,986.02,4,1,6,4,4,133.62,13,13,0,3,133.38,0.00,0.67,0.00,0,3.00,1,231.63,1,1,4,org.apache.jackrabbit.webdav.client.methods.DavMethodBase,0.29,1,2,3,0,1,2,0,5,62,1
"org.apache.jackrabbit.webdav.client.methods.BaselineControlMethod",4,1.00,1.50,17,0.20,4536.91,5,1,10,12,5,145.01,15,25,0,3,124.39,0.00,0.67,0.00,0,6.00,3,588.62,1,1,5,org.apache.jackrabbit.webdav.client.methods.DavMethodBase,0.27,8,2,6,0,8,3,0,8,129,1
"org.apache.jackrabbit.webdav.client.methods.CheckinMethod",4,1.00,1.00,11,0.09,1052.69,5,1,5,8,5,161.33,13,16,1,3,140.71,0.00,0.67,0.00,0,4.00,1,261.63,0,2,4,org.apache.jackrabbit.webdav.client.methods.DavMethodBase,0.27,4,2,4,0,4,2,0,5,72,1
"org.apache.jackrabbit.webdav.client.methods.CheckoutMethod",3,1.00,1.00,8,0.07,852.87,4,1,4,4,4,140.68,13,12,1,3,140.45,0.00,0.67,0.00,0,3.00,1,195.03,0,1,3,org.apache.jackrabbit.webdav.client.methods.DavMethodBase,0.29,1,2,3,0,1,2,0,5,54,1
"org.apache.jackrabbit.webdav.client.methods.CopyMethod",4,1.00,1.25,14,0.14,2186.13,5,1,7,7,7,99.37,27,20,1,3,131.59,0.00,0.67,0.00,0,4.00,2,432.39,1,1,6,org.apache.jackrabbit.webdav.client.methods.DavMethodBase,0.27,3,2,5,0,3,3,0,7,108,1
"org.apache.jackrabbit.webdav.client.methods.DavMethod",7,0.00,1.00,8,0.05,281.99,7,0,6,7,6,116.07,55,9,3,2,158.36,0.00,0.50,0.00,0,7.00,1,153.73,0,3,3,,0.00,0,1,7,0,0,4,0,8,55,1
"org.apache.jackrabbit.webdav.client.methods.DavMethodBase",18,0.07,1.72,84,0.82,20637.41,23,5,23,40,38,106.45,97,118,29,2,124.32,27.00,0.03,0.13,7,98.00,5,2450.84,1,5,9,org.apache.commons.httpclient.methods.EntityEnclosingMethod,0.00,22,1,31,27,22,13,2,29,550,2
"org.apache.jackrabbit.webdav.client.methods.DeleteMethod",3,1.00,1.00,8,0.07,852.87,4,1,4,4,6,190.45,3,12,3,3,140.45,0.00,0.67,0.00,0,3.00,1,195.03,0,1,3,org.apache.jackrabbit.webdav.client.methods.DavMethodBase,0.29,1,2,3,0,1,2,0,1,54,1
"org.apache.jackrabbit.webdav.client.methods.LabelMethod",5,1.00,1.00,14,0.15,2114.30,6,1,7,9,6,106.87,34,21,1,3,139.09,0.00,0.67,0.00,0,5.00,1,459.83,2,1,5,org.apache.jackrabbit.webdav.client.methods.DavMethodBase,0.26,4,2,5,0,4,4,0,8,117,1
"org.apache.jackrabbit.webdav.client.methods.LockMethod",10,0.11,1.90,68,0.70,16423.17,13,3,21,32,16,68.40,82,89,2,3,116.50,0.00,0.67,0.23,2,38.00,3,2095.43,6,3,14,org.apache.jackrabbit.webdav.client.methods.DavMethodBase,0.32,22,2,19,0,22,7,0,23,451,1
"org.apache.jackrabbit.webdav.client.methods.MergeMethod",3,1.00,1.00,9,0.08,986.02,4,1,6,4,5,133.62,14,13,1,3,133.38,0.00,0.67,0.00,0,3.00,1,231.63,1,1,4,org.apache.jackrabbit.webdav.client.methods.DavMethodBase,0.29,1,2,3,0,1,2,0,6,62,1
"org.apache.jackrabbit.webdav.client.methods.MkActivityMethod",3,1.00,1.00,8,0.07,852.87,4,1,4,4,3,140.68,12,12,0,3,140.45,0.00,0.67,0.00,0,3.00,1,195.03,0,1,3,org.apache.jackrabbit.webdav.client.methods.DavMethodBase,0.29,1,2,3,0,1,2,0,5,54,1
"org.apache.jackrabbit.webdav.client.methods.MkColMethod",3,1.00,1.00,8,0.07,852.87,4,1,4,4,6,140.68,13,12,3,3,140.45,0.00,0.67,0.00,0,3.00,1,195.03,0,1,3,org.apache.jackrabbit.webdav.client.methods.DavMethodBase,0.29,1,2,3,0,1,2,0,5,54,1
"org.apache.jackrabbit.webdav.client.methods.MkWorkspaceMethod",3,1.00,1.00,8,0.07,852.87,4,1,4,4,3,140.68,13,12,0,3,140.45,0.00,0.67,0.00,0,3.00,1,195.03,0,1,3,org.apache.jackrabbit.webdav.client.methods.DavMethodBase,0.29,1,2,3,0,1,2,0,5,54,1
"org.apache.jackrabbit.webdav.client.methods.MoveMethod",3,1.00,1.00,10,0.10,1512.24,4,1,6,5,7,132.16,14,14,2,3,131.92,0.00,0.67,0.00,0,3.00,1,305.81,1,1,5,org.apache.jackrabbit.webdav.client.methods.DavMethodBase,0.29,2,2,3,0,2,2,0,5,78,1
"org.apache.jackrabbit.webdav.client.methods.OptionsMethod",9,0.38,1.44,37,0.36,6996.76,11,2,13,24,6,125.93,42,48,1,3,125.69,0.00,0.67,0.17,0,18.00,3,1084.63,2,3,5,org.apache.jackrabbit.webdav.client.methods.DavMethodBase,0.22,15,2,13,0,15,6,0,10,255,1
"org.apache.jackrabbit.webdav.client.methods.OrderPatchMethod",5,1.00,1.40,21,0.27,6213.14,6,1,8,9,8,74.10,45,27,2,3,124.10,0.00,0.67,0.00,0,5.00,2,822.48,1,1,6,org.apache.jackrabbit.webdav.client.methods.DavMethodBase,0.26,4,2,7,0,4,4,0,8,183,1
"org.apache.jackrabbit.webdav.client.methods.PollMethod",7,0.25,2.00,42,0.41,8753.22,9,2,17,20,11,138.04,25,58,1,3,117.43,0.00,0.67,0.29,1,14.00,3,1239.39,5,2,10,org.apache.jackrabbit.webdav.client.methods.DavMethodBase,0.24,13,2,14,0,13,5,1,8,270,1
"org.apache.jackrabbit.webdav.client.methods.PollMethod$EventBundle",1,0.00,1.00,3,0.02,254.64,1,0,17,2,0,134.26,0,4,0,1,134.26,0.00,0.00,0.00,0,1.00,1,70.91,0,1,0,java.lang.Object,0.00,1,0,1,0,1,0,0,0,21,0
"org.apache.jackrabbit.webdav.client.methods.PropFindMethod",6,1.00,1.83,32,0.43,17471.01,7,1,11,19,8,157.39,17,49,2,3,117.51,0.00,0.67,0.00,0,14.00,6,1291.97,2,1,6,org.apache.jackrabbit.webdav.client.methods.DavMethodBase,0.25,13,2,11,0,13,5,0,9,257,1
"org.apache.jackrabbit.webdav.client.methods.PropPatchMethod",7,0.00,4.57,108,1.55,84388.99,10,3,23,47,16,62.42,43,135,2,3,94.64,0.00,0.67,0.33,0,8.00,10,4639.40,3,3,14,org.apache.jackrabbit.webdav.client.methods.DavMethodBase,0.36,40,2,32,0,40,4,1,17,798,1
"org.apache.jackrabbit.webdav.client.methods.PutMethod",3,1.00,1.00,8,0.07,1087.83,4,1,4,4,5,139.85,14,12,2,3,139.62,0.00,0.67,0.00,0,3.00,1,221.36,0,1,3,org.apache.jackrabbit.webdav.client.methods.DavMethodBase,0.29,1,2,3,0,1,2,0,5,60,1
"org.apache.jackrabbit.webdav.client.methods.ReportMethod",3,0.25,1.33,16,0.16,3318.58,5,2,8,6,8,103.02,16,21,2,3,120.89,0.00,0.67,0.33,0,1.00,2,483.01,2,1,6,org.apache.jackrabbit.webdav.client.methods.DavMethodBase,0.29,3,2,4,0,3,2,0,5,113,1
"org.apache.jackrabbit.webdav.client.methods.SearchMethod",5,1.00,1.20,16,0.17,3122.64,6,1,7,7,6,171.03,14,23,1,3,131.15,0.00,0.67,0.00,0,5.00,2,503.67,1,1,5,org.apache.jackrabbit.webdav.client.methods.DavMethodBase,0.26,2,2,6,0,2,4,0,6,125,1
"org.apache.jackrabbit.webdav.client.methods.SubscribeMethod",8,0.29,2.25,55,0.61,15079.74,10,2,20,30,14,83.77,52,76,1,3,115.99,0.00,0.67,0.25,1,26.00,4,1839.45,6,3,13,org.apache.jackrabbit.webdav.client.methods.DavMethodBase,0.23,22,2,18,0,22,5,1,13,384,1
"org.apache.jackrabbit.webdav.client.methods.UnLockMethod",3,1.00,1.00,10,0.09,1315.22,4,1,8,5,8,132.63,14,14,2,3,132.40,0.00,0.67,0.00,0,3.00,1,277.61,1,1,6,org.apache.jackrabbit.webdav.client.methods.DavMethodBase,0.29,2,2,3,0,2,2,0,5,71,1
"org.apache.jackrabbit.webdav.client.methods.UnSubscribeMethod",3,1.00,1.00,9,0.08,1019.55,4,1,5,4,5,183.27,5,13,1,3,133.27,0.00,0.67,0.00,0,3.00,1,235.33,1,1,4,org.apache.jackrabbit.webdav.client.methods.DavMethodBase,0.29,1,2,3,0,1,2,0,3,63,1
"org.apache.jackrabbit.webdav.client.methods.UncheckoutMethod",3,1.00,1.00,8,0.07,852.87,4,1,4,4,3,140.68,13,12,0,3,140.45,0.00,0.67,0.00,0,3.00,1,195.03,0,1,3,org.apache.jackrabbit.webdav.client.methods.DavMethodBase,0.29,1,2,3,0,1,2,0,5,54,1
"org.apache.jackrabbit.webdav.client.methods.UpdateMethod",3,1.00,1.00,9,0.08,986.02,4,1,6,4,5,133.62,13,13,1,3,133.38,0.00,0.67,0.00,0,3.00,1,231.63,1,1,4,org.apache.jackrabbit.webdav.client.methods.DavMethodBase,0.29,1,2,3,0,1,2,0,5,62,1
"org.apache.jackrabbit.webdav.client.methods.VersionControlMethod",3,1.00,1.00,8,0.07,852.87,4,1,4,4,3,140.68,13,12,0,3,140.45,0.00,0.67,0.00,0,3.00,1,195.03,0,1,3,org.apache.jackrabbit.webdav.client.methods.DavMethodBase,0.29,1,2,3,0,1,2,0,5,54,1
"org.apache.jackrabbit.webdav.client.methods.XmlRequestEntity",5,0.00,1.00,19,0.19,3227.35,7,2,10,18,1,131.08,3,25,1,1,131.08,0.00,0.00,0.50,0,0.00,1,580.84,0,1,0,java.lang.Object,0.00,13,0,5,0,13,4,1,1,138,1
"org.apache.jackrabbit.core.virtual.AbstractVISProvider",28,0.02,2.14,175,2.08,67382.21,34,6,26,91,23,97.30,167,240,1,1,115.17,0.00,0.00,0.14,11,238.00,6,6250.65,0,11,23,java.lang.Object,0.00,63,0,60,1,63,17,2,49,1288,2
"org.apache.jackrabbit.core.virtual.VirtualItemStateProvider",7,0.00,1.00,8,0.07,306.13,7,0,7,7,17,115.79,50,14,10,2,158.08,0.00,0.50,0.00,0,7.00,1,199.91,0,2,8,,0.00,0,1,7,0,0,5,0,8,65,1
"org.apache.jackrabbit.core.virtual.VirtualNodeState",11,0.20,1.55,57,0.67,16900.07,14,3,10,24,12,71.63,88,80,5,3,119.73,0.00,0.67,0.15,5,35.00,3,2023.55,3,5,9,org.apache.jackrabbit.core.state.NodeState,0.00,13,2,17,0,13,6,0,16,443,1
"org.apache.jackrabbit.core.virtual.VirtualPropertyState",4,0.67,1.50,13,0.11,2728.81,5,1,4,5,10,112.92,23,19,5,3,130.79,0.00,0.67,0.50,0,4.00,3,327.00,2,2,5,org.apache.jackrabbit.core.state.PropertyState,0.05,1,2,6,0,1,2,0,6,85,1
"org.apache.jackrabbit.core.virtual.VirtualValueProvider",1,0.00,1.00,2,0.01,44.48,1,0,2,1,3,96.79,9,3,1,1,146.79,0.00,0.00,0.00,0,1.00,1,29.65,0,1,2,,0.00,0,0,1,0,0,0,0,2,12,1
"org.apache.jackrabbit.ocm.nodemanagement.exception.BaseNodeManagementException",7,1.00,1.29,23,0.17,3360.14,8,1,2,10,4,152.65,21,47,4,2,132.03,4.00,0.17,0.14,2,12.00,2,507.07,1,1,0,java.lang.Exception,0.00,3,1,9,4,3,6,0,7,136,1
"org.apache.jackrabbit.ocm.nodemanagement.exception.NamespaceCreationException",2,0.00,1.00,4,0.02,118.02,2,0,0,2,5,146.06,8,10,4,3,145.83,0.00,0.67,0.00,0,2.00,1,53.51,1,0,1,org.apache.jackrabbit.ocm.nodemanagement.exception.BaseNodeManagementException,0.00,0,2,2,0,0,2,0,3,20,1
"org.apache.jackrabbit.ocm.nodemanagement.exception.NodeTypeCreationException",3,0.00,1.00,6,0.03,193.02,3,0,0,3,5,166.14,9,14,4,3,145.53,0.00,0.67,0.00,0,3.00,1,83.51,1,0,1,org.apache.jackrabbit.ocm.nodemanagement.exception.BaseNodeManagementException,0.00,0,2,3,0,0,3,0,4,30,1
"org.apache.jackrabbit.ocm.nodemanagement.exception.NodeTypeRemovalException",2,0.00,1.00,4,0.02,118.02,2,0,0,2,4,146.06,8,10,3,3,145.83,0.00,0.67,0.00,0,2.00,1,53.51,1,0,1,org.apache.jackrabbit.ocm.nodemanagement.exception.BaseNodeManagementException,0.00,0,2,2,0,0,2,0,3,20,1
"org.apache.jackrabbit.ocm.nodemanagement.exception.OperationNotSupportedException",2,0.00,1.00,4,0.02,118.02,2,0,0,2,4,146.06,9,10,3,3,145.83,0.00,0.67,0.00,0,2.00,1,53.51,1,0,1,org.apache.jackrabbit.ocm.nodemanagement.exception.BaseNodeManagementException,0.00,0,2,2,0,0,2,0,3,20,1
"org.apache.portals.graffito.jcr.spring.test.components.impl.ArticleServiceImpl",6,0.07,1.00,25,0.25,3906.31,9,3,12,21,5,166.27,12,36,0,1,126.39,0.00,0.00,0.28,0,6.00,1,747.36,0,3,5,java.lang.Object,0.00,15,0,6,0,15,3,1,3,174,1
"org.apache.portals.graffito.jcr.spring.test.components.impl.NewsServiceImpl",4,0.17,1.00,15,0.14,2082.25,6,2,9,11,3,152.43,12,22,0,1,131.81,0.00,0.00,0.38,0,0.00,1,423.96,0,2,3,java.lang.Object,0.00,7,0,4,0,7,2,1,3,105,1
"org.apache.jackrabbit.ocm.manager.atomic.AllTests",2,0.00,1.00,8,0.06,1287.47,2,0,3,5,4,147.04,7,11,1,1,126.42,0.00,0.00,0.00,1,2.00,1,190.58,0,2,3,java.lang.Object,0.00,3,0,2,0,3,0,0,3,50,1
"org.apache.jackrabbit.ocm.manager.atomic.AtomicTest",4,1.00,1.75,86,1.59,67114.83,5,1,12,66,6,45.99,30,110,2,3,88.28,0.00,0.67,0.25,0,6.00,4,4777.96,3,1,4,org.apache.jackrabbit.ocm.TestBase,0.18,62,2,7,0,62,3,0,23,704,1
"org.apache.jackrabbit.ocm.manager.atomic.DefaultValueTest",5,1.00,1.40,42,0.50,10819.29,6,1,9,29,5,93.10,25,63,1,3,110.97,0.00,0.67,0.00,0,5.00,2,1508.43,3,1,4,org.apache.jackrabbit.ocm.TestBase,0.17,24,2,7,0,24,4,0,20,297,1
"org.apache.jackrabbit.ocm.manager.atomic.Int2BooleanTypeConverterImpl",3,0.00,2.67,19,0.20,4540.09,3,0,4,9,2,84.48,18,40,0,1,116.71,0.00,0.00,0.00,0,3.00,3,602.32,0,3,2,java.lang.Object,0.00,6,0,8,0,6,0,1,4,131,1
"org.apache.jackrabbit.ocm.manager.atomic.NullAtomicTest",4,1.00,1.25,44,0.67,19874.99,5,1,11,46,6,103.23,16,58,2,3,103.00,0.00,0.67,0.00,0,4.00,2,2023.59,3,1,4,org.apache.jackrabbit.ocm.TestBase,0.18,42,2,5,0,42,3,0,9,341,1
"org.apache.jackrabbit.test.api.version.AbstractMergeTest",3,0.31,3.00,37,0.41,11046.19,11,8,8,10,8,64.85,37,48,7,4,102.41,2.33,0.27,0.33,1,1.00,5,1226.63,3,0,1,org.apache.jackrabbit.test.AbstractJCRTest,0.40,7,3,9,7,7,3,0,17,241,2
"org.apache.jackrabbit.test.api.version.AbstractOnParentVersionTest",2,0.60,2.50,21,0.28,5937.39,7,5,5,13,6,56.14,19,27,5,5,106.14,1.25,0.40,0.50,0,0.00,3,842.14,1,1,1,org.apache.jackrabbit.test.api.version.AbstractVersionTest,0.22,11,4,5,5,11,1,0,5,171,2
"org.apache.jackrabbit.test.api.version.AbstractVersionTest",4,0.13,3.75,49,0.62,20126.89,9,5,7,18,19,69.07,27,72,18,4,101.29,8.00,0.11,0.30,0,2.00,10,1864.43,4,1,1,org.apache.jackrabbit.test.AbstractJCRTest,0.38,14,3,15,24,14,3,0,8,352,1
"org.apache.jackrabbit.test.api.version.CheckinTest",10,0.00,1.30,44,0.49,7676.11,10,0,6,27,2,93.54,60,61,1,5,125.76,0.00,0.80,0.00,0,0.00,2,1458.09,2,0,1,org.apache.jackrabbit.test.api.version.AbstractVersionTest,0.16,17,4,13,0,17,10,0,13,336,1
"org.apache.jackrabbit.test.api.version.CheckoutTest",6,0.00,2.50,42,0.42,12786.55,6,0,7,18,2,95.18,31,60,1,5,113.05,0.00,0.80,0.00,0,2.00,5,1251.54,1,0,1,org.apache.jackrabbit.test.api.version.AbstractVersionTest,0.19,12,4,15,0,12,6,0,10,267,1
"org.apache.jackrabbit.test.api.version.FrozenNodeTest",9,0.00,1.00,60,0.85,12019.46,9,0,3,22,1,137.97,32,70,0,5,117.36,0.00,0.80,0.00,0,0.00,1,2550.30,1,0,1,org.apache.jackrabbit.test.api.version.AbstractVersionTest,0.17,13,4,9,0,13,9,0,9,525,1
"org.apache.jackrabbit.test.api.version.GetContainingHistoryTest",1,0.00,1.00,5,0.06,832.44,1,0,2,7,2,101.79,14,9,1,5,121.93,0.00,0.80,0.00,0,0.00,1,180.51,0,0,1,org.apache.jackrabbit.test.api.version.AbstractVersionTest,0.00,6,4,1,0,6,1,0,3,43,1
"org.apache.jackrabbit.test.api.version.GetCreatedTest",2,0.00,1.00,13,0.16,2111.18,2,0,4,13,2,68.17,19,16,1,5,118.16,0.00,0.80,0.00,0,0.00,1,473.38,0,0,1,org.apache.jackrabbit.test.api.version.AbstractVersionTest,0.00,11,4,2,0,11,2,0,5,104,1
"org.apache.jackrabbit.test.api.version.GetPredecessorsTest",1,0.00,1.00,5,0.05,679.73,1,0,2,5,2,122.15,16,7,1,5,122.62,0.00,0.80,0.00,0,0.00,1,156.06,0,0,1,org.apache.jackrabbit.test.api.version.AbstractVersionTest,0.00,4,4,1,0,4,1,0,3,38,1
"org.apache.jackrabbit.test.api.version.GetReferencesNodeTest",3,0.50,2.00,33,0.32,5972.21,7,4,6,14,3,57.54,30,40,1,4,106.02,0.00,0.75,0.58,1,0.00,2,967.93,3,0,2,org.apache.jackrabbit.test.AbstractJCRTest,0.20,11,3,6,0,11,3,0,10,203,1
"org.apache.jackrabbit.test.api.version.GetVersionableUUIDTest",1,0.00,1.00,5,0.06,682.63,1,0,2,7,2,102.47,14,9,1,5,122.61,0.00,0.80,0.00,0,0.00,1,166.78,0,0,1,org.apache.jackrabbit.test.api.version.AbstractVersionTest,0.00,6,4,1,0,6,1,0,3,41,1
"org.apache.jackrabbit.test.api.version.MergeCancelMergeTest",3,0.50,1.67,38,0.56,17840.44,4,1,5,26,2,56.78,34,41,1,5,100.91,0.00,0.80,0.67,0,0.00,3,1690.79,1,0,1,org.apache.jackrabbit.test.api.version.AbstractMergeTest,0.43,23,4,5,0,23,3,0,18,315,1
"org.apache.jackrabbit.test.api.version.MergeCheckedoutSubNodeTest",4,0.33,1.25,33,0.46,8808.59,5,1,3,23,2,62.46,40,40,1,5,110.94,0.00,0.80,0.75,0,0.00,2,1389.51,1,0,1,org.apache.jackrabbit.test.api.version.AbstractMergeTest,0.42,19,4,5,0,19,4,0,20,281,1
"org.apache.jackrabbit.test.api.version.MergeDoneMergeTest",3,0.50,1.67,36,0.52,14031.74,4,1,5,26,2,57.60,33,39,1,5,101.73,0.00,0.80,0.67,0,0.00,3,1555.59,1,0,1,org.apache.jackrabbit.test.api.version.AbstractMergeTest,0.43,23,4,5,0,23,3,0,17,293,1
"org.apache.jackrabbit.test.api.version.MergeNodeIteratorTest",2,0.00,3.50,53,0.73,30267.17,3,1,5,21,2,94.15,35,63,1,5,85.01,0.00,0.80,1.00,0,0.00,6,2193.55,0,0,1,org.apache.jackrabbit.test.api.version.AbstractMergeTest,0.23,19,4,7,0,19,2,0,21,399,1
"org.apache.jackrabbit.test.api.version.MergeNodeTest",11,0.10,2.18,107,1.34,31766.09,12,1,12,51,3,57.98,105,141,1,5,107.97,0.00,0.80,0.91,0,0.00,5,4009.47,2,0,2,org.apache.jackrabbit.test.api.version.AbstractMergeTest,0.32,40,4,24,0,40,11,0,64,774,1
"org.apache.jackrabbit.test.api.version.MergeNonVersionableSubNodeTest",5,0.00,1.00,47,0.75,15328.37,5,0,2,24,2,57.95,48,53,1,5,107.95,0.00,0.80,0.00,0,0.00,1,2251.81,1,0,1,org.apache.jackrabbit.test.api.version.AbstractMergeTest,0.40,19,4,5,0,19,5,0,27,434,1
"org.apache.jackrabbit.test.api.version.MergeSubNodeTest",7,0.17,1.29,72,1.00,20654.67,8,1,3,32,2,57.84,71,79,1,5,106.32,0.00,0.80,0.86,0,0.00,3,3012.64,1,0,1,org.apache.jackrabbit.test.api.version.AbstractMergeTest,0.37,25,4,9,0,25,7,0,36,597,1
"org.apache.jackrabbit.test.api.version.OnParentVersionAbortTest",3,0.00,1.67,15,0.13,1576.55,3,0,4,9,3,81.09,23,23,1,6,123.39,0.00,0.83,0.00,0,2.00,2,375.63,2,0,2,org.apache.jackrabbit.test.api.version.AbstractOnParentVersionTest,0.23,6,5,5,0,6,3,0,6,91,1
"org.apache.jackrabbit.test.api.version.OnParentVersionComputeTest",2,0.00,1.00,13,0.12,1811.76,2,0,4,10,2,76.40,14,16,1,6,118.69,0.00,0.83,0.00,0,2.00,1,366.07,1,0,1,org.apache.jackrabbit.test.api.version.AbstractOnParentVersionTest,0.24,8,5,2,0,8,2,0,2,84,1
"org.apache.jackrabbit.test.api.version.OnParentVersionCopyTest",3,1.00,1.33,20,0.19,3512.10,4,1,4,14,2,75.45,23,25,1,6,117.74,0.00,0.83,0.33,0,2.00,2,574.32,2,0,1,org.apache.jackrabbit.test.api.version.AbstractOnParentVersionTest,0.23,11,5,4,0,11,3,0,7,127,1
"org.apache.jackrabbit.test.api.version.OnParentVersionIgnoreTest",3,0.00,1.33,22,0.22,3656.27,3,0,4,15,2,82.89,20,27,1,6,115.11,0.00,0.83,0.00,0,2.00,2,654.51,2,0,1,org.apache.jackrabbit.test.api.version.AbstractOnParentVersionTest,0.23,12,5,4,0,12,3,0,4,144,1
"org.apache.jackrabbit.test.api.version.OnParentVersionInitializeTest",2,0.00,1.00,13,0.12,1811.76,2,0,4,10,2,76.40,14,16,1,6,118.69,0.00,0.83,0.00,0,2.00,1,366.07,1,0,1,org.apache.jackrabbit.test.api.version.AbstractOnParentVersionTest,0.24,8,5,2,0,8,2,0,2,84,1
"org.apache.jackrabbit.test.api.version.RemoveVersionTest",10,0.17,2.70,97,1.11,30197.36,14,4,13,40,3,75.55,69,129,1,5,107.77,0.00,0.80,0.40,0,0.00,5,3315.62,3,0,2,org.apache.jackrabbit.test.api.version.AbstractVersionTest,0.32,30,4,27,0,30,10,0,26,659,1
"org.apache.jackrabbit.test.api.version.RestoreTest",20,0.03,1.95,186,2.29,63976.96,24,4,12,60,3,75.43,133,237,1,5,107.65,0.00,0.80,0.22,0,0.00,4,6859.64,3,0,2,org.apache.jackrabbit.test.api.version.AbstractVersionTest,0.24,40,4,39,0,40,20,0,53,1341,1
"org.apache.jackrabbit.test.api.version.SessionMoveVersionExceptionTest",2,0.00,2.00,15,0.18,3143.35,2,0,3,10,2,84.77,27,24,1,5,114.15,0.00,0.80,0.00,0,0.00,2,538.64,0,0,1,org.apache.jackrabbit.test.api.version.AbstractVersionTest,0.00,8,4,4,0,8,2,0,11,114,1
"org.apache.jackrabbit.test.api.version.TestAll",1,0.00,1.00,33,0.46,18822.70,1,0,3,3,31,36.57,11,35,2,2,80.69,0.00,0.50,0.00,0,1.00,1,1374.91,0,1,29,junit.framework.TestCase,0.00,2,1,1,0,2,0,0,2,255,1
"org.apache.jackrabbit.test.api.version.VersionGraphTest",4,0.00,1.50,20,0.25,4040.19,4,0,5,16,2,73.07,34,28,1,5,121.18,0.00,0.80,0.00,0,0.00,2,753.57,0,0,1,org.apache.jackrabbit.test.api.version.AbstractVersionTest,0.00,12,4,6,0,12,4,0,6,163,1
"org.apache.jackrabbit.test.api.version.VersionHistoryTest",58,0.05,1.91,295,3.25,85137.51,60,2,21,153,2,120.08,263,443,1,5,119.84,0.00,0.80,0.55,0,0.00,13,9764.24,2,0,1,org.apache.jackrabbit.test.api.version.AbstractVersionTest,0.06,95,4,111,0,95,58,0,64,2078,1
"org.apache.jackrabbit.test.api.version.VersionHistoryTest$ItemVisitorTest",3,0.50,1.00,7,0.06,477.71,4,1,21,5,0,142.43,0,11,0,1,142.43,0.00,0.00,0.67,0,1.00,1,165.42,0,0,0,java.lang.Object,0.00,2,0,3,0,2,3,1,0,48,1
"org.apache.jackrabbit.test.api.version.VersionLabelTest",17,0.44,2.00,128,1.55,36732.49,22,5,8,45,2,70.77,126,161,1,5,113.06,0.25,0.67,0.61,0,0.00,3,4639.17,3,0,1,org.apache.jackrabbit.test.api.version.AbstractVersionTest,0.26,28,4,34,1,28,17,0,26,946,1
"org.apache.jackrabbit.test.api.version.VersionStorageTest",3,0.50,1.67,18,0.22,3938.95,4,1,5,15,2,69.19,26,28,1,5,117.30,0.00,0.80,0.67,0,2.00,2,664.87,1,0,1,org.apache.jackrabbit.test.api.version.AbstractVersionTest,0.21,12,4,5,0,12,3,0,11,143,1
"org.apache.jackrabbit.test.api.version.VersionTest",53,0.03,1.81,249,2.77,72438.43,55,2,19,136,2,123.95,222,384,1,5,123.71,0.00,0.80,0.53,0,0.00,13,8309.86,2,0,1,org.apache.jackrabbit.test.api.version.AbstractVersionTest,0.14,83,4,96,0,83,53,0,58,1789,1
"org.apache.jackrabbit.test.api.version.VersionTest$ItemVisitorTest",3,0.50,1.00,7,0.06,477.71,4,1,19,5,0,142.43,0,11,0,1,142.43,0.00,0.00,0.67,0,1.00,1,165.42,0,0,0,java.lang.Object,0.00,2,0,3,0,2,3,1,0,48,1
"org.apache.jackrabbit.test.api.version.WorkspaceMoveVersionExceptionTest",2,0.00,2.00,13,0.17,2838.02,2,0,3,10,2,87.61,26,22,1,5,116.99,0.00,0.80,0.00,0,0.00,2,522.03,0,0,1,org.apache.jackrabbit.test.api.version.AbstractVersionTest,0.00,8,4,4,0,8,2,0,10,110,1
"org.apache.jackrabbit.test.api.version.WorkspaceRestoreTest",9,0.24,2.78,106,1.39,41590.76,19,10,11,38,3,70.84,61,138,1,5,103.06,0.00,0.80,0.31,0,0.00,8,4171.10,2,0,2,org.apache.jackrabbit.test.api.version.AbstractVersionTest,0.33,29,4,25,0,29,9,0,30,786,1
"org.apache.jackrabbit.ntdoc.parser.CNDNodeTypeParser",24,0.00,3.38,261,3.14,83559.06,49,25,4,61,6,73.31,150,357,1,2,105.53,0.00,0.50,0.04,19,90.00,13,9422.41,4,10,5,org.apache.jackrabbit.ntdoc.parser.NodeTypeParser,0.06,37,1,81,0,37,14,0,50,1808,2
"org.apache.jackrabbit.ntdoc.parser.NodeTypeParser",12,4.00,1.25,40,0.34,6731.14,16,4,3,21,6,131.74,51,57,4,1,131.50,0.00,0.00,0.00,4,12.00,3,1032.21,0,5,2,java.lang.Object,0.00,9,0,15,2,9,7,0,17,261,2
"org.apache.jackrabbit.ntdoc.parser.NodeTypeParserFactory",3,0.00,2.00,18,0.22,6453.68,3,0,1,13,4,115.81,12,26,1,1,115.57,0.00,0.00,0.00,1,3.00,3,657.15,0,3,3,java.lang.Object,0.00,10,0,6,0,10,0,0,4,142,2
"org.apache.jackrabbit.ntdoc.parser.XMLNodeTypeParser",11,1.00,3.64,127,1.85,58133.30,12,1,5,62,6,123.15,39,152,1,2,102.54,0.00,0.50,0.09,10,20.00,10,5548.51,3,3,5,org.apache.jackrabbit.ntdoc.parser.NodeTypeParser,0.09,51,1,40,0,51,8,0,13,1065,2
"org.apache.jackrabbit.servlet.remote.JNDIRemoteBindingServlet",2,0.67,3.50,21,0.31,11939.90,5,3,10,14,4,153.67,50,33,0,3,103.67,0.00,0.67,0.67,0,0.00,5,928.84,0,0,4,org.apache.jackrabbit.servlet.remote.RemoteBindingServlet,0.00,12,2,7,0,12,2,0,6,181,1
"org.apache.jackrabbit.servlet.remote.JNDIRemoteRepositoryServlet",1,1.00,5.00,15,0.26,12507.36,2,1,11,11,6,50.01,45,26,0,4,94.49,0.00,0.75,0.00,0,1.00,5,787.02,1,1,6,org.apache.jackrabbit.servlet.remote.RemoteRepositoryServlet,0.50,10,3,5,0,10,0,0,3,145,1
"org.apache.jackrabbit.servlet.remote.RMIRemoteBindingServlet",2,0.00,4.50,18,0.22,6549.79,4,2,7,6,2,140.76,40,32,0,3,107.38,0.00,0.67,0.50,0,0.00,5,670.22,0,0,2,org.apache.jackrabbit.servlet.remote.RemoteBindingServlet,0.00,4,2,9,0,4,2,0,5,144,1
"org.apache.jackrabbit.servlet.remote.RMIRemoteRepositoryServlet",1,1.00,1.00,4,0.04,503.13,2,1,5,2,4,115.20,38,8,0,4,127.27,0.00,0.75,0.00,0,1.00,1,127.43,1,1,4,org.apache.jackrabbit.servlet.remote.RemoteRepositoryServlet,0.50,1,3,1,0,1,0,0,3,33,1
"org.apache.jackrabbit.servlet.remote.RemoteBindingServlet",3,0.50,3.33,26,0.36,13157.05,5,2,12,17,7,117.49,53,48,3,2,108.36,3.00,0.20,0.17,2,4.00,6,1092.86,0,2,4,javax.servlet.http.HttpServlet,0.00,14,1,10,3,14,1,0,6,222,1
"org.apache.jackrabbit.servlet.remote.RemoteRepositoryServlet",1,0.00,5.00,10,0.18,7230.12,1,0,4,5,6,134.84,31,25,3,3,102.94,1.50,0.33,0.00,0,1.00,5,532.58,1,1,3,org.apache.jackrabbit.servlet.AbstractRepositoryServlet,0.00,4,2,5,3,4,0,0,2,107,2
"org.apache.jackrabbit.servlet.remote.URLRemoteBindingServlet",1,1.00,4.00,13,0.17,5789.08,2,1,6,9,2,106.76,35,22,0,3,99.50,0.00,0.67,0.00,0,1.00,4,520.75,1,0,2,org.apache.jackrabbit.servlet.remote.RemoteBindingServlet,0.00,8,2,4,0,8,1,0,3,104,1
"org.apache.jackrabbit.servlet.remote.URLRemoteRepositoryServlet",1,1.00,3.00,9,0.10,2780.23,2,1,7,4,4,102.26,37,15,0,4,108.03,0.00,0.75,0.00,0,1.00,3,314.58,2,1,4,org.apache.jackrabbit.servlet.remote.RemoteRepositoryServlet,0.50,3,3,3,0,3,0,0,3,68,1
"org.apache.jackrabbit.jcr.AddMixinTest",6,0.30,2.33,60,0.78,25352.55,8,2,10,26,3,87.08,31,73,1,4,104.95,0.00,0.75,0.25,0,0.00,4,2341.09,2,0,2,org.apache.jackrabbit.test.AbstractJCRTest,0.35,20,3,14,0,20,6,0,5,454,1
"org.apache.jackrabbit.jcr.BitsetENTCacheImpl",14,0.10,1.71,90,0.92,26597.96,20,6,7,46,7,83.81,93,112,4,1,116.03,0.00,0.00,0.26,5,0.00,4,2766.73,0,4,3,java.lang.Object,0.00,32,0,24,0,32,10,1,28,622,0
"org.apache.jackrabbit.jcr.BitsetENTCacheImpl$BitsetKey",12,0.09,3.42,124,1.60,103573.30,15,3,7,20,2,70.20,79,149,0,1,102.42,0.00,0.00,0.42,1,0.00,8,4804.37,0,3,2,java.lang.Object,0.00,8,0,41,0,8,9,1,18,958,1
"org.apache.jackrabbit.jcr.BooleanConstraint",2,0.00,3.00,23,0.29,9707.43,3,1,23,12,15,142.76,4,34,1,2,102.87,0.00,0.50,1.00,0,0.00,3,871.14,0,0,15,org.apache.jackrabbit.jcr2spi.nodetype.ValueConstraint,0.00,10,1,6,0,10,2,0,2,172,0
"org.apache.jackrabbit.jcr.DateConstraint",3,0.62,7.00,70,1.00,75889.18,7,4,23,20,15,124.97,8,110,1,2,85.08,0.00,0.50,0.67,0,0.00,10,3005.96,0,0,15,org.apache.jackrabbit.jcr2spi.nodetype.ValueConstraint,0.00,17,1,21,0,17,3,0,6,551,0
"org.apache.jackrabbit.jcr.DefinitionValidator",6,0.00,11.33,280,4.70,774486.19,9,3,17,63,12,117.66,160,342,1,1,68.17,0.00,0.00,0.33,4,10.00,42,14085.66,0,1,11,java.lang.Object,0.00,57,0,68,0,57,5,0,54,2150,0
"org.apache.jackrabbit.jcr.EffectiveNodeType",18,0.00,1.00,19,0.13,774.98,18,0,5,18,18,208.13,35,22,15,1,158.13,0.00,0.00,0.00,0,18.00,1,388.65,0,13,4,,0.00,0,0,18,0,0,5,0,6,135,1
"org.apache.jackrabbit.jcr.EffectiveNodeTypeCache",9,0.00,1.00,11,0.06,232.51,9,0,2,9,5,127.66,56,12,2,3,159.88,0.00,0.67,0.00,0,9.00,1,176.83,0,1,3,,0.00,0,2,9,0,0,8,0,11,66,1
"org.apache.jackrabbit.jcr.EffectiveNodeTypeCache$Key",3,0.00,1.00,4,0.02,72.40,3,0,2,3,1,117.82,22,5,0,2,160.11,0.00,0.50,0.00,0,3.00,1,54.98,0,2,1,,0.00,0,1,3,0,0,1,0,3,23,0
"org.apache.jackrabbit.jcr.EffectiveNodeTypeImpl",27,0.07,4.93,419,6.25,605514.48,33,6,18,94,12,60.28,187,549,3,1,92.50,0.00,0.00,0.23,3,134.00,27,18751.29,0,19,9,java.lang.Object,0.00,67,0,133,0,67,8,2,96,3336,1
"org.apache.jackrabbit.jcr.EffectiveNodeTypeProvider",4,0.00,1.00,5,0.05,350.90,4,0,5,4,14,107.59,35,10,10,1,155.70,0.00,0.00,0.00,0,4.00,1,155.91,0,0,4,,0.00,0,0,4,0,0,4,0,5,47,1
"org.apache.jackrabbit.jcr.InvalidConstraintException",2,0.00,1.00,5,0.03,221.18,2,0,1,2,10,93.68,18,8,9,3,143.68,0.00,0.67,0.00,0,2.00,1,88.69,0,0,1,org.apache.jackrabbit.BaseException,0.00,0,2,2,0,0,2,0,3,29,1
"org.apache.jackrabbit.jcr.InvalidNodeTypeDefException",2,0.00,1.00,5,0.03,221.18,2,0,1,2,4,93.68,18,8,3,3,143.68,0.00,0.67,0.00,0,2.00,1,88.69,0,0,1,org.apache.jackrabbit.BaseException,0.00,0,2,2,0,0,2,0,3,29,1
"org.apache.jackrabbit.jcr.ItemDefinitionImpl",9,0.10,1.56,39,0.35,6150.35,14,5,9,23,8,93.90,56,58,3,1,126.12,0.00,0.00,0.29,0,0.00,3,1036.18,0,2,5,java.lang.Object,0.00,14,0,14,2,14,7,1,19,251,1
"org.apache.jackrabbit.jcr.ItemDefinitionProvider",8,0.00,1.00,9,0.12,766.66,8,0,8,8,17,106.92,83,19,14,1,155.40,0.00,0.00,0.00,0,8.00,1,368.14,0,8,6,,0.00,0,0,8,0,0,0,0,6,103,1
"org.apache.jackrabbit.jcr.ItemDefinitionProviderImpl",15,0.01,3.40,146,1.93,117700.30,20,5,15,44,14,62.16,108,215,1,1,104.45,0.00,0.00,0.19,5,27.00,10,5780.89,0,13,13,java.lang.Object,0.00,29,0,51,0,29,2,1,50,1145,1
"org.apache.jackrabbit.jcr.NameConstraint",5,0.00,2.00,33,0.38,12089.45,6,1,23,18,15,135.79,18,54,1,2,115.17,0.00,0.50,1.00,1,0.00,3,1154.68,0,2,15,org.apache.jackrabbit.jcr2spi.nodetype.ValueConstraint,0.14,13,1,10,0,13,3,0,6,242,0
"org.apache.jackrabbit.jcr.NodeDefinitionImpl",4,0.67,2.25,29,0.33,14133.83,5,1,8,10,5,69.06,29,39,1,2,111.35,0.00,0.50,0.50,0,0.00,4,991.39,0,2,5,org.apache.jackrabbit.jcr2spi.nodetype.ItemDefinitionImpl,0.00,6,1,9,0,6,2,1,10,209,1
"org.apache.jackrabbit.jcr.NodeTypeCache",8,0.36,2.12,63,0.73,35124.48,10,2,12,29,7,92.75,44,88,3,1,110.62,0.00,0.00,0.19,0,22.00,6,2188.45,0,3,4,java.lang.Object,0.00,21,0,17,0,21,5,0,10,441,1
"org.apache.jackrabbit.jcr.NodeTypeCache$NodeTypeStorage",5,0.00,1.00,11,0.13,1700.07,5,0,12,10,3,139.84,0,20,0,1,139.84,0.00,0.00,0.00,0,5.00,1,393.04,0,2,3,java.lang.Object,0.00,5,0,5,0,5,3,0,0,101,0
"org.apache.jackrabbit.jcr.NodeTypeConflictException",2,0.00,1.00,5,0.03,221.18,2,0,1,2,8,93.68,18,8,7,3,143.68,0.00,0.67,0.00,0,2.00,1,88.69,0,0,1,org.apache.jackrabbit.BaseException,0.00,0,2,2,0,0,2,0,3,29,1
"org.apache.jackrabbit.jcr.NodeTypeImpl",25,0.04,2.56,193,2.25,93418.94,30,5,27,65,20,93.25,144,252,2,1,111.13,0.00,0.00,0.24,5,205.00,14,6754.93,0,13,19,java.lang.Object,0.00,40,0,64,0,40,12,1,57,1342,1
"org.apache.jackrabbit.jcr.NodeTypeManagerImpl",16,0.09,3.31,216,3.16,242966.60,23,7,31,85,22,78.37,94,259,6,1,96.24,0.00,0.00,0.22,3,66.00,17,9494.88,0,9,19,java.lang.Object,0.00,69,0,53,0,69,7,3,30,1647,1
"org.apache.jackrabbit.jcr.NodeTypeRegistry",10,0.00,1.00,11,0.09,499.39,10,0,5,10,10,113.50,110,19,5,1,157.63,0.00,0.00,0.00,0,10.00,1,275.46,0,2,5,,0.00,0,0,10,0,0,8,0,11,90,1
"org.apache.jackrabbit.jcr.NodeTypeRegistryImpl",27,0.09,2.56,278,3.34,167243.95,35,8,27,108,23,71.40,168,328,2,1,103.62,0.00,0.00,0.21,7,113.00,10,10006.30,0,3,21,java.lang.Object,0.00,81,0,69,0,81,24,3,88,1938,1
"org.apache.jackrabbit.jcr.NodeTypeRegistryImpl$NodeTypeDefinitionMap",15,0.29,2.87,139,2.20,206593.79,16,1,27,78,6,152.57,26,164,0,1,102.57,0.00,0.00,0.73,3,0.00,19,6602.13,0,7,6,java.lang.Object,0.00,63,0,43,0,63,8,2,16,1116,1
"org.apache.jackrabbit.jcr.NodeTypeRegistryListener",3,0.00,1.00,4,0.02,61.53,3,0,1,3,4,118.38,22,5,3,1,160.67,0.00,0.00,0.00,0,3.00,1,56.53,0,0,1,,0.00,0,0,3,0,0,3,0,4,23,1
"org.apache.jackrabbit.jcr.NodeTypeStorage",5,0.00,1.00,6,0.06,431.84,5,0,5,5,5,176.37,19,7,3,1,155.75,0.00,0.00,0.00,0,5.00,1,179.87,0,2,2,,0.00,0,0,5,0,0,3,0,3,55,1
"org.apache.jackrabbit.jcr.NumericConstraint",3,0.62,6.67,73,1.01,69325.30,7,4,23,23,15,124.60,8,114,1,2,84.72,0.00,0.50,0.67,1,0.00,9,3044.34,0,0,15,org.apache.jackrabbit.jcr2spi.nodetype.ValueConstraint,0.00,20,1,20,0,20,3,0,6,551,0
"org.apache.jackrabbit.jcr.PathConstraint",5,0.50,3.20,51,0.62,27508.38,7,2,23,23,15,104.21,22,81,1,2,103.97,0.00,0.50,0.90,1,0.00,7,1857.74,0,2,15,org.apache.jackrabbit.jcr2spi.nodetype.ValueConstraint,0.14,18,1,16,0,18,3,0,10,360,0
"org.apache.jackrabbit.jcr.PropertyDefinitionImpl",5,0.25,2.40,42,0.52,24208.28,7,2,10,16,8,75.87,30,51,1,2,108.09,0.00,0.50,0.30,0,0.00,5,1566.73,1,2,8,org.apache.jackrabbit.jcr2spi.nodetype.ItemDefinitionImpl,0.00,11,1,12,0,11,3,1,9,309,1
"org.apache.jackrabbit.jcr.ReferenceConstraint",5,0.25,1.80,30,0.33,9134.83,6,1,23,16,15,136.77,18,47,1,2,116.15,0.00,0.50,0.80,1,0.00,3,979.34,0,2,15,org.apache.jackrabbit.jcr2spi.nodetype.ValueConstraint,0.14,11,1,9,0,11,3,0,7,212,0
"org.apache.jackrabbit.jcr.RemoveMixinTest",4,0.00,1.75,40,0.51,12365.55,6,2,9,20,3,88.21,22,51,1,4,106.09,0.00,0.75,0.50,0,0.00,2,1527.45,1,0,2,org.apache.jackrabbit.test.AbstractJCRTest,0.19,16,3,7,0,16,4,0,4,304,1
"org.apache.jackrabbit.jcr.StringConstraint",2,0.00,2.50,21,0.28,9970.91,3,1,23,12,15,144.25,4,31,1,2,104.37,0.00,0.50,1.00,0,0.00,3,834.30,0,0,15,org.apache.jackrabbit.jcr2spi.nodetype.ValueConstraint,0.00,10,1,5,0,10,2,0,2,165,0
"org.apache.jackrabbit.jcr.TestAll",1,0.00,1.00,6,0.05,1283.53,1,0,3,3,2,138.11,3,8,0,2,117.50,0.00,0.50,0.00,0,1.00,1,150.40,0,1,2,junit.framework.TestCase,0.00,2,1,1,0,2,0,0,1,39,1
"org.apache.jackrabbit.jcr.ValueConstraint",9,0.21,2.33,71,1.02,55221.41,12,3,23,28,26,61.35,77,113,12,1,109.45,0.00,0.00,0.15,0,13.00,9,3064.90,0,4,21,java.lang.Object,0.00,19,0,21,7,19,5,0,17,582,2
"org.apache.jackrabbit.commons.AbstractItem",3,0.00,4.00,36,0.42,28344.66,3,0,4,12,2,117.25,54,52,2,1,99.12,0.00,0.00,0.00,0,3.00,7,1264.29,1,2,0,java.lang.Object,0.00,9,0,12,2,9,1,1,5,248,2
"org.apache.jackrabbit.commons.AbstractNode",32,0.00,1.91,184,2.23,74638.46,32,0,20,81,2,88.88,436,252,0,2,118.26,0.00,0.50,0.00,8,32.00,8,6680.37,0,19,2,org.apache.jackrabbit.commons.AbstractItem,0.00,49,1,61,0,49,13,1,44,1408,2
"org.apache.jackrabbit.commons.AbstractProperty",25,0.00,1.24,80,0.86,22242.92,25,0,11,54,1,81.45,269,115,0,2,129.93,0.00,0.50,0.00,1,25.00,4,2583.76,0,5,1,org.apache.jackrabbit.commons.AbstractItem,0.00,29,1,31,0,29,20,2,29,610,2
"org.apache.jackrabbit.commons.AbstractRepository",3,0.00,1.00,7,0.06,673.66,3,0,4,3,3,92.78,30,11,3,1,141.25,0.00,0.00,0.00,1,3.00,1,170.39,0,3,0,java.lang.Object,0.00,0,0,3,7,0,0,1,4,50,2
"org.apache.jackrabbit.commons.AbstractRepositoryTest",5,0.00,1.00,32,0.30,5321.55,5,0,4,8,2,85.91,30,38,0,3,118.14,0.00,0.67,0.00,0,5.00,1,893.01,3,0,2,org.apache.jackrabbit.commons.MockCase,0.00,3,2,5,0,3,5,0,6,206,1
"org.apache.jackrabbit.commons.AbstractSession",7,0.00,2.71,55,0.69,22282.76,7,0,18,28,1,82.28,96,95,0,1,111.66,0.00,0.00,0.00,4,7.00,4,2063.27,0,3,1,java.lang.Object,0.00,21,0,19,0,21,4,1,9,415,2
"org.apache.jackrabbit.commons.AbstractWorkspace",1,0.00,1.00,4,0.05,759.63,1,0,5,4,1,105.72,14,9,0,1,125.86,0.00,0.00,0.00,0,1.00,1,159.88,0,0,1,java.lang.Object,0.00,3,0,1,0,3,1,1,2,38,2
"org.apache.jackrabbit.commons.DefaultContentHandler",13,0.17,1.38,42,0.48,11766.72,14,1,14,33,2,87.55,95,72,2,2,129.84,0.00,0.50,0.85,0,0.00,6,1447.17,0,0,0,org.xml.sax.helpers.DefaultHandler,0.00,20,1,18,0,20,13,0,16,335,0
"org.apache.jackrabbit.commons.MockCase",4,0.11,1.50,25,0.27,6941.08,7,3,7,18,1,72.24,47,35,1,2,116.37,1.00,0.33,0.42,0,2.00,3,816.71,0,2,0,junit.framework.TestCase,0.00,14,1,6,1,14,2,1,11,175,1
"org.apache.jackrabbit.commons.MockCase$MethodCall",2,2.00,1.00,9,0.09,1223.90,4,2,7,5,0,76.60,18,12,0,1,126.60,0.00,0.00,0.00,0,2.00,1,256.69,0,0,0,java.lang.Object,0.00,3,0,2,0,3,2,0,4,67,2
"org.apache.jackrabbit.ocm.transaction.jackrabbit.UserTransactionImpl",7,0.25,2.29,50,0.62,20864.25,11,4,12,18,2,79.70,42,77,1,1,111.93,0.00,0.00,0.46,0,0.00,4,1860.98,0,0,1,java.lang.Object,0.00,11,0,16,0,11,7,1,13,371,1
"org.apache.jackrabbit.ocm.transaction.jackrabbit.UserTransactionImpl$XidImpl",4,1.00,1.00,10,0.06,808.47,5,1,12,4,0,162.23,15,15,0,1,141.61,0.00,0.00,0.25,0,6.00,1,193.11,0,0,0,java.lang.Object,0.00,0,0,4,0,0,4,1,5,57,0
"org.apache.jackrabbit.server.jcr.JCRWebdavServer",3,0.25,1.33,20,0.20,4071.29,7,4,19,9,9,87.86,41,26,1,1,117.24,0.00,0.00,0.08,0,4.00,2,610.62,0,0,8,java.lang.Object,0.00,6,0,4,0,6,3,1,14,139,1
"org.apache.jackrabbit.server.jcr.JCRWebdavServer$DavSessionImpl",3,0.00,1.00,7,0.05,428.90,3,0,19,3,1,110.58,18,11,0,2,142.80,0.00,0.50,0.00,0,1.00,1,142.37,0,0,1,org.apache.jackrabbit.webdav.jcr.JcrDavSession,0.00,0,1,3,0,0,3,0,3,44,1
"org.apache.jackrabbit.server.jcr.JCRWebdavServer$SessionCache",7,0.00,3.43,79,1.03,40224.91,9,2,19,38,5,59.97,54,103,0,1,102.27,0.00,0.00,0.50,4,0.00,8,3085.30,0,4,5,java.lang.Object,0.00,31,0,24,0,31,3,0,14,580,1
"org.apache.jackrabbit.server.jcr.JCRWebdavServer$SessionMap",3,0.00,1.00,7,0.07,955.13,3,0,19,3,1,140.06,0,11,0,2,140.06,0.00,0.50,0.00,0,3.00,1,198.47,3,3,1,java.util.HashMap,0.00,0,1,3,0,0,0,0,0,58,2
"org.apache.jackrabbit.decorator.AbstractDecorator",1,2.00,1.00,6,0.04,607.65,3,2,1,1,10,153.44,20,8,9,1,120.05,0.00,0.00,0.00,0,1.00,1,132.64,0,0,1,java.lang.Object,0.00,0,0,1,17,0,1,0,4,37,2
"org.apache.jackrabbit.decorator.DecoratingNodeIterator",2,0.00,1.00,5,0.04,327.74,2,0,3,2,4,93.86,20,10,2,3,142.33,0.00,0.67,0.00,0,2.00,1,114.36,1,1,2,org.apache.jackrabbit.decorator.DecoratingRangeIterator,0.00,0,2,2,0,0,1,1,3,35,1
"org.apache.jackrabbit.decorator.DecoratingPropertyIterator",2,0.00,1.00,5,0.04,327.74,2,0,3,2,3,110.11,12,11,1,3,142.33,0.00,0.67,0.00,0,2.00,1,114.36,1,1,2,org.apache.jackrabbit.decorator.DecoratingRangeIterator,0.00,0,2,2,0,0,1,1,3,35,1
"org.apache.jackrabbit.decorator.DecoratingRangeIterator",7,0.17,1.71,29,0.28,9698.74,8,1,7,19,4,81.39,55,40,2,2,123.68,3.00,0.20,0.86,0,0.00,6,840.13,0,1,2,org.apache.jackrabbit.decorator.AbstractDecorator,0.00,12,1,12,3,12,6,1,9,198,1
"org.apache.jackrabbit.decorator.DecoratingVersionIterator",2,0.00,1.00,5,0.04,327.74,2,0,5,2,3,110.11,12,11,1,3,142.33,0.00,0.67,0.00,0,2.00,1,114.36,1,1,2,org.apache.jackrabbit.decorator.DecoratingRangeIterator,0.00,0,2,2,0,0,1,1,3,35,1
"org.apache.jackrabbit.decorator.DecoratorFactory",14,0.00,1.00,15,0.11,383.93,14,0,14,14,21,109.68,129,17,21,1,159.67,0.00,0.00,0.00,0,14.00,1,315.90,0,14,0,,0.00,0,0,14,0,0,0,0,15,115,1
"org.apache.jackrabbit.decorator.DefaultDecoratorFactory",14,0.00,1.43,43,0.44,8714.94,14,0,14,28,16,151.73,46,65,1,1,131.12,0.00,0.00,0.00,4,14.00,5,1321.00,0,14,15,java.lang.Object,0.00,14,0,20,1,14,0,1,15,333,1
"org.apache.jackrabbit.decorator.ItemDecorator",19,0.17,1.16,52,0.45,8462.58,20,1,12,40,6,178.76,39,82,4,2,138.88,5.00,0.14,0.84,1,0.00,3,1348.05,0,7,2,org.apache.jackrabbit.decorator.AbstractDecorator,0.00,21,1,22,5,21,12,1,18,352,1
"org.apache.jackrabbit.decorator.ItemVisitorDecorator",3,0.50,1.00,9,0.10,1179.49,4,1,5,6,3,172.66,8,14,1,2,132.77,0.00,0.50,0.67,0,1.00,1,288.51,0,0,2,org.apache.jackrabbit.decorator.AbstractDecorator,0.00,3,1,3,0,3,3,1,3,75,1
"org.apache.jackrabbit.decorator.LockDecorator",8,0.14,1.00,19,0.14,1723.80,9,1,5,16,3,162.01,24,28,1,2,141.40,0.00,0.50,0.88,0,0.00,1,419.02,0,3,2,org.apache.jackrabbit.decorator.AbstractDecorator,0.00,8,1,8,0,8,5,1,8,121,1
"org.apache.jackrabbit.decorator.NodeDecorator",59,0.03,1.03,150,2.04,32564.47,60,1,28,110,12,158.79,180,294,8,3,138.17,1.50,0.33,0.97,0,0.00,3,6107.46,0,36,5,org.apache.jackrabbit.decorator.ItemDecorator,0.00,51,2,61,3,51,23,1,58,1435,1
"org.apache.jackrabbit.decorator.PropertyDecorator",24,0.04,1.00,51,0.53,6494.65,25,1,12,40,4,180.50,71,98,1,3,140.62,0.00,0.67,0.96,0,0.00,1,1604.25,0,7,3,org.apache.jackrabbit.decorator.ItemDecorator,0.00,16,2,24,0,16,17,1,24,419,1
"org.apache.jackrabbit.decorator.QueryDecorator",6,0.20,1.00,16,0.16,2103.95,7,1,13,13,3,179.62,17,23,1,2,139.73,0.00,0.50,0.83,0,0.00,1,467.41,0,5,2,org.apache.jackrabbit.decorator.AbstractDecorator,0.00,7,1,6,0,7,1,1,6,121,1
"org.apache.jackrabbit.decorator.QueryManagerDecorator",4,0.33,1.00,12,0.14,2067.20,5,1,8,9,4,171.72,11,20,1,2,131.84,0.00,0.50,0.75,0,0.00,1,422.83,0,3,3,org.apache.jackrabbit.decorator.AbstractDecorator,0.00,5,1,4,0,5,1,1,4,105,1
"org.apache.jackrabbit.decorator.QueryResultDecorator",4,0.33,1.00,12,0.11,1635.87,5,1,7,8,4,172.52,11,18,1,2,132.64,0.00,0.50,0.75,0,0.00,1,321.41,0,3,3,org.apache.jackrabbit.decorator.AbstractDecorator,0.00,4,1,4,0,4,1,1,4,85,1
"org.apache.jackrabbit.decorator.RepositoryDecorator",7,0.25,1.00,19,0.18,2474.79,9,2,6,11,2,139.94,33,32,1,1,139.70,0.00,0.00,0.29,1,10.00,1,534.89,0,6,1,java.lang.Object,0.00,4,0,7,0,4,1,1,7,142,1
"org.apache.jackrabbit.decorator.SessionDecorator",32,0.06,1.00,74,0.80,10856.48,35,3,27,65,2,160.46,111,141,1,1,139.84,0.00,0.00,0.40,0,0.00,1,2399.12,0,15,1,java.lang.Object,0.00,33,0,32,0,33,17,1,31,618,1
"org.apache.jackrabbit.decorator.TrussDecoratorFactory",1,1.00,3.00,10,0.11,2722.21,2,1,8,3,1,96.04,15,13,0,2,106.40,0.00,0.50,0.00,0,1.00,3,328.38,2,1,1,org.apache.jackrabbit.decorator.DefaultDecoratorFactory,0.00,2,1,3,0,2,0,0,3,77,1
"org.apache.jackrabbit.decorator.TrussDecoratorFactory$TrussNodeDecorator",4,0.00,1.00,12,0.16,2156.80,4,0,8,5,2,171.58,9,19,0,4,131.69,0.00,0.75,0.00,0,0.00,1,486.34,2,3,2,org.apache.jackrabbit.decorator.NodeDecorator,0.05,1,3,4,0,1,1,0,3,117,3
"org.apache.jackrabbit.decorator.ValueFactoryDecorator",9,0.12,1.00,21,0.19,2526.05,10,1,8,11,4,180.38,26,33,1,2,140.49,0.00,0.50,0.89,0,0.00,1,575.20,0,8,3,org.apache.jackrabbit.decorator.AbstractDecorator,0.00,2,1,9,0,2,1,1,9,158,1
"org.apache.jackrabbit.decorator.VersionDecorator",6,0.40,1.67,34,0.31,9732.19,7,1,7,14,6,140.15,23,41,5,4,119.53,0.00,0.75,0.67,0,0.00,3,924.49,0,5,2,org.apache.jackrabbit.decorator.NodeDecorator,0.00,8,3,10,0,8,1,1,6,216,1
"org.apache.jackrabbit.decorator.VersionHistoryDecorator",13,0.08,1.00,32,0.36,5219.69,14,1,13,26,5,179.15,38,56,1,4,139.27,0.00,0.75,0.92,0,0.00,1,1089.16,0,7,4,org.apache.jackrabbit.decorator.NodeDecorator,0.00,13,3,13,0,13,6,1,13,276,1
"org.apache.jackrabbit.decorator.WorkspaceDecorator",15,0.14,1.07,39,0.48,7937.67,16,1,21,29,4,158.92,51,78,1,2,138.31,0.00,0.50,0.87,0,0.00,2,1450.18,0,8,3,org.apache.jackrabbit.decorator.AbstractDecorator,0.00,14,1,16,0,14,7,1,17,346,1
"org.apache.jackrabbit.webdav.simple.DavResourceImpl",50,0.00,2.78,365,4.85,168414.13,63,13,60,156,47,93.59,269,522,2,1,111.46,0.00,0.00,0.08,20,1114.00,11,14545.07,0,25,45,java.lang.Object,0.00,106,0,139,4,106,25,2,94,2781,1
"org.apache.jackrabbit.webdav.simple.DavResourceImpl$PropertyExportCtx",9,0.00,1.89,43,0.47,10467.33,9,0,60,18,6,124.25,2,61,0,2,124.25,0.00,0.50,0.00,2,0.00,4,1399.81,0,1,6,org.apache.jackrabbit.server.io.AbstractExportContext,0.00,9,1,17,0,9,8,1,2,314,1
"org.apache.jackrabbit.webdav.simple.DavResourceImpl$ProperyImportCtx",8,0.14,1.12,22,0.13,1392.85,11,3,60,11,3,181.98,17,32,0,1,142.10,0.00,0.00,0.21,1,32.00,2,400.28,0,3,3,java.lang.Object,0.00,3,0,9,0,3,5,1,5,113,1
"org.apache.jackrabbit.webdav.simple.DavSessionImpl",6,0.60,1.00,16,0.13,1742.92,7,1,4,12,3,140.61,24,23,1,2,140.37,0.00,0.50,0.50,0,6.00,1,401.76,2,1,2,org.apache.jackrabbit.webdav.jcr.JcrDavSession,0.14,6,1,6,0,6,5,0,8,112,1
"org.apache.jackrabbit.webdav.simple.DavSessionProviderImpl",3,0.33,3.33,37,0.51,19201.65,6,3,15,19,10,80.35,43,46,1,1,100.49,0.00,0.00,0.56,0,1.00,6,1532.96,0,0,9,java.lang.Object,0.00,16,0,10,0,16,3,1,12,286,1
"org.apache.jackrabbit.webdav.simple.DefaultItemFilter",9,0.00,2.44,60,0.64,16964.88,13,4,9,25,2,116.21,41,77,1,1,115.98,0.00,0.00,0.25,1,27.00,4,1931.70,0,0,1,java.lang.Object,0.00,16,0,22,0,16,9,1,13,414,1
"org.apache.jackrabbit.webdav.simple.DeltaVResourceImpl",13,0.38,2.15,80,1.04,30675.83,15,2,28,41,25,97.36,76,114,3,2,115.24,3.00,0.20,0.15,3,45.00,4,3128.83,6,8,22,org.apache.jackrabbit.webdav.simple.DavResourceImpl,0.06,28,1,28,3,28,5,1,17,651,1
"org.apache.jackrabbit.webdav.simple.ItemFilter",5,0.00,1.00,6,0.04,228.27,5,0,2,5,3,115.64,35,7,3,1,157.93,0.00,0.00,0.00,0,5.00,1,128.18,0,0,0,,0.00,0,0,5,0,0,5,0,6,44,1
"org.apache.jackrabbit.webdav.simple.LocatorFactoryImpl",4,0.50,2.25,23,0.34,14951.84,6,2,5,15,3,156.49,8,33,0,1,116.61,0.00,0.00,0.12,1,6.00,6,1024.40,0,3,3,java.lang.Object,0.00,11,0,9,0,11,1,1,6,216,1
"org.apache.jackrabbit.webdav.simple.LocatorFactoryImpl$Locator",13,0.12,1.23,40,0.34,7000.65,17,4,5,21,3,181.65,21,56,0,1,131.65,0.00,0.00,0.13,4,74.00,2,1011.17,0,7,3,java.lang.Object,0.00,8,0,16,0,8,6,1,5,257,1
"org.apache.jackrabbit.webdav.simple.LocatorFactoryImplEx",4,1.00,2.50,21,0.23,7858.38,5,1,3,10,2,119.02,17,30,1,2,118.78,0.00,0.50,0.00,1,4.00,4,691.05,0,2,1,org.apache.jackrabbit.webdav.AbstractLocatorFactory,0.00,6,1,10,0,6,2,0,4,157,1
"org.apache.jackrabbit.webdav.simple.ResourceConfig",8,0.21,5.00,142,1.94,107099.27,14,6,23,39,17,49.94,63,181,7,1,92.23,0.00,0.00,0.35,3,0.00,18,5812.36,0,5,10,java.lang.Object,0.00,31,0,40,0,31,3,0,14,1018,1
"org.apache.jackrabbit.webdav.simple.ResourceFactoryImpl",8,0.14,2.25,64,0.80,26100.11,11,3,20,28,16,59.46,75,89,1,1,109.46,0.00,0.00,0.21,3,24.00,4,2391.09,0,5,15,java.lang.Object,0.00,20,0,18,0,20,3,1,12,490,1
"org.apache.jackrabbit.webdav.simple.VersionControlledResourceImpl",14,0.85,3.29,121,1.61,55074.24,15,1,29,46,24,58.73,134,174,1,3,108.73,0.00,0.67,0.21,2,58.00,7,4823.75,10,5,23,org.apache.jackrabbit.webdav.simple.DeltaVResourceImpl,0.12,32,2,46,0,32,9,1,37,935,1
"org.apache.jackrabbit.webdav.simple.VersionHistoryResourceImpl",10,1.00,2.60,70,1.11,32664.46,11,1,29,42,23,69.29,71,102,1,3,111.58,0.00,0.67,0.10,0,18.00,5,3315.45,8,4,22,org.apache.jackrabbit.webdav.simple.DeltaVResourceImpl,0.08,32,2,26,0,32,6,1,25,632,1
"org.apache.jackrabbit.webdav.simple.VersionResourceImpl",14,1.00,2.07,78,1.17,36442.23,15,1,36,50,27,75.57,101,110,1,3,117.86,0.00,0.67,0.07,1,38.00,6,3523.59,7,5,26,org.apache.jackrabbit.webdav.simple.DeltaVResourceImpl,0.16,36,2,29,0,36,9,1,27,675,1
"org.apache.jackrabbit.core.observation.ChangeLogBasedHierarchyMgr",2,0.00,1.00,9,0.10,1102.63,3,1,19,6,15,126.48,32,19,1,2,126.95,0.00,0.50,1.00,0,0.00,1,302.74,0,1,14,org.apache.jackrabbit.core.HierarchyManagerImpl,0.00,4,1,2,0,4,1,0,5,74,0
"org.apache.jackrabbit.core.observation.ChangeLogBasedHierarchyMgr$AtticItemStateManager",5,0.50,1.40,21,0.19,3846.96,6,1,19,13,8,93.52,33,27,0,1,125.74,0.00,0.00,0.60,0,2.00,2,574.21,0,2,8,java.lang.Object,0.00,8,0,7,0,8,3,1,6,138,2
"org.apache.jackrabbit.core.observation.ChangeLogBasedHierarchyMgr$ChangeLogItemStateManager",5,0.12,1.80,22,0.20,4078.84,7,2,19,9,8,77.37,42,35,0,1,125.48,0.00,0.00,0.40,0,7.00,3,601.53,0,2,8,java.lang.Object,0.00,4,0,9,0,4,3,1,11,145,2
"org.apache.jackrabbit.core.observation.DelegatingObservationDispatcher",7,0.25,1.29,29,0.31,8036.99,9,2,7,21,10,82.10,49,43,4,2,124.39,0.00,0.50,0.29,1,10.00,3,929.51,0,0,6,org.apache.jackrabbit.core.observation.EventDispatcher,0.40,14,1,9,0,14,7,0,13,210,1
"org.apache.jackrabbit.core.observation.DispatchAction",3,0.25,1.00,10,0.05,504.44,5,2,1,3,2,85.68,27,14,1,1,135.68,0.00,0.00,0.33,0,5.00,1,154.86,0,1,1,java.lang.Object,0.00,0,0,3,0,0,2,0,6,48,0
"org.apache.jackrabbit.core.observation.EventConsumer",8,0.21,4.00,84,1.09,37288.68,14,6,17,34,12,66.93,98,121,4,1,104.49,0.00,0.00,0.35,0,0.00,8,3257.95,0,2,8,java.lang.Object,0.00,26,0,32,0,26,6,0,24,620,0
"org.apache.jackrabbit.core.observation.EventDispatcher",3,0.00,1.00,4,0.03,113.75,3,0,1,3,4,116.28,22,5,3,1,158.57,0.00,0.00,0.00,0,3.00,1,75.83,0,0,2,java.lang.Object,0.00,0,0,3,2,0,3,0,4,27,1
"org.apache.jackrabbit.core.observation.EventFilter",4,0.15,4.25,70,0.92,67307.65,13,9,10,24,11,138.76,92,88,4,1,91.49,0.00,0.00,0.22,0,6.00,14,2769.94,0,2,7,java.lang.Object,0.00,20,0,17,1,20,2,0,27,482,0
"org.apache.jackrabbit.core.observation.EventFilter$BlockAllFilter",2,0.00,1.00,5,0.03,264.06,2,0,10,2,2,143.31,8,8,0,2,143.07,0.00,0.50,0.00,0,2.00,1,97.53,0,0,2,org.apache.jackrabbit.core.observation.EventFilter,0.33,0,1,2,0,0,2,0,2,32,3
"org.apache.jackrabbit.core.observation.EventImpl",11,0.02,1.55,53,0.57,17458.46,15,4,8,33,10,80.95,84,74,5,1,123.24,0.00,0.00,0.27,5,0.00,3,1714.83,0,6,5,java.lang.Object,0.00,22,0,17,0,22,5,1,20,380,2
"org.apache.jackrabbit.core.observation.EventListenerIteratorImpl",9,0.06,1.78,44,0.35,7894.05,13,4,7,19,2,93.01,61,62,1,1,125.23,0.00,0.00,0.19,3,21.00,4,1062.49,0,2,1,java.lang.Object,0.00,10,0,16,0,10,7,1,15,253,0
"org.apache.jackrabbit.core.observation.EventState",27,0.00,1.63,131,1.68,48532.62,40,13,15,46,15,78.67,310,245,9,1,122.80,0.00,0.00,0.07,7,305.00,6,5048.18,0,22,6,java.lang.Object,0.00,19,0,44,0,19,5,0,44,1073,1
"org.apache.jackrabbit.core.observation.EventStateCollection",15,0.01,3.13,192,3.58,576871.60,20,5,26,71,35,56.81,192,298,19,1,94.38,0.00,0.00,0.21,5,113.00,25,10744.89,0,9,17,java.lang.Object,0.00,56,0,47,0,56,6,0,75,1697,2
"org.apache.jackrabbit.core.observation.EventStateCollectionFactory",1,0.00,1.00,2,0.01,38.26,1,0,1,1,9,97.31,9,3,8,1,147.31,0.00,0.00,0.00,0,1.00,1,25.51,0,0,1,,0.00,0,0,1,0,0,1,0,2,11,1
"org.apache.jackrabbit.core.observation.FilteredEventIterator",9,0.02,1.67,41,0.38,9837.27,15,6,8,20,5,82.20,64,60,1,1,124.50,0.00,0.00,0.19,2,24.00,5,1139.47,0,2,4,java.lang.Object,0.00,11,0,15,0,11,7,1,17,260,0
"org.apache.jackrabbit.core.observation.MixinTest",5,0.00,1.20,67,0.98,31253.22,5,0,6,18,3,81.64,27,81,1,5,99.51,0.00,0.80,0.00,1,0.00,2,2925.22,2,0,2,org.apache.jackrabbit.test.api.observation.AbstractObservationTest,0.00,13,4,6,0,13,5,0,7,555,1
"org.apache.jackrabbit.core.observation.ObservationDispatcher",10,0.17,2.30,95,1.01,22154.34,19,9,10,41,9,60.76,83,117,4,2,108.87,0.00,0.50,0.27,2,34.00,4,3018.89,0,2,5,org.apache.jackrabbit.core.observation.EventDispatcher,0.31,31,1,23,0,31,8,1,32,620,2
"org.apache.jackrabbit.core.observation.ObservationManagerImpl",6,0.25,2.50,57,0.71,34900.83,10,4,13,25,14,57.44,51,92,1,1,105.55,0.00,0.00,0.46,2,0.00,6,2134.64,0,1,13,java.lang.Object,0.00,19,0,15,0,19,5,2,15,413,1
"org.apache.jackrabbit.core.observation.ReorderTest",1,0.00,3.00,26,0.41,18040.07,1,0,6,13,4,98.23,34,31,1,5,84.45,0.00,0.80,0.00,0,0.00,3,1234.58,4,0,3,org.apache.jackrabbit.test.api.observation.AbstractObservationTest,0.00,12,4,3,0,12,1,0,6,215,1
"org.apache.jackrabbit.core.observation.SynchronousEventListener",0,0.00,0.00,1,0.01,31.02,0,0,1,0,0,171.00,8,2,0,2,171.00,0.00,0.50,0.00,0,0.00,0,15.51,0,0,0,,0.00,0,1,0,0,0,0,0,1,6,1
"org.apache.jackrabbit.core.observation.TestAll",1,0.00,1.00,7,0.06,1740.69,1,0,3,3,3,69.83,11,9,0,2,113.96,0.00,0.50,0.00,0,1.00,1,186.48,0,1,3,junit.framework.TestCase,0.00,2,1,1,0,2,0,0,2,47,1
"org.apache.jackrabbit.core.observation.VersionEventsTest",5,0.00,2.00,109,1.60,53265.73,5,0,12,30,4,47.51,35,108,1,5,89.80,0.00,0.80,0.00,0,0.00,2,4788.47,2,0,3,org.apache.jackrabbit.test.api.observation.AbstractObservationTest,0.00,25,4,10,0,25,5,0,17,812,1
"org.apache.jackrabbit.core.persistence.bdb.BerkeleyDBPersistenceManager",15,0.39,3.20,202,3.12,109277.83,23,8,29,81,20,148.76,19,264,0,2,98.76,0.00,0.50,0.49,0,0.00,8,9357.26,1,3,20,org.apache.jackrabbit.core.persistence.AbstractPersistenceManager,0.00,66,1,48,0,66,12,0,16,1707,1
"org.apache.jackrabbit.core.persistence.bdb.NodeReferencesTupleBinding",4,0.17,1.50,20,0.20,3877.37,6,2,8,10,4,171.32,4,29,1,2,121.32,0.00,0.50,0.38,0,4.00,2,590.79,0,1,3,com.sleepycat.bind.tuple.TupleBinding,0.00,6,1,6,0,6,3,0,4,133,1
"org.apache.jackrabbit.core.persistence.bdb.NodeStateTupleBinding",4,0.17,1.50,20,0.21,4193.60,6,2,8,10,4,171.05,4,29,1,2,121.05,0.00,0.50,0.38,0,4.00,2,629.51,0,1,3,com.sleepycat.bind.tuple.TupleBinding,0.00,6,1,6,0,6,3,0,4,139,1
"org.apache.jackrabbit.core.persistence.bdb.PropertyStateTupleBinding",4,0.11,1.50,23,0.24,4587.58,7,3,9,10,5,170.74,4,32,1,2,120.74,0.00,0.50,0.42,0,4.00,2,721.07,0,1,4,com.sleepycat.bind.tuple.TupleBinding,0.00,6,1,6,0,6,3,0,4,160,1
"org.apache.jackrabbit.sanitycheck.fix.FixContext",2,0.50,1.00,7,0.05,608.88,4,2,2,2,7,133.88,9,13,6,2,133.65,0.00,0.50,0.25,0,2.00,1,148.97,0,1,1,org.apache.commons.chain.impl.ContextBase,0.00,0,1,2,0,0,1,0,3,41,1
"org.apache.jackrabbit.sanitycheck.fix.RemoveChildNodeEntry",1,0.00,4.00,18,0.29,9737.78,1,0,9,17,6,60.23,6,33,0,1,92.45,0.00,0.00,0.00,0,1.00,4,876.93,0,0,6,java.lang.Object,0.00,16,0,4,0,16,1,1,2,155,1
"org.apache.jackrabbit.sanitycheck.fix.RemoveParentEntry",1,0.00,2.00,12,0.15,3926.86,1,0,7,10,6,70.06,6,21,0,1,102.28,0.00,0.00,0.00,0,1.00,2,442.68,0,0,6,java.lang.Object,0.00,9,0,2,0,9,1,1,2,88,1
"org.apache.jackrabbit.sanitycheck.fix.RemoveProperty",1,0.00,2.00,11,0.13,3352.12,1,0,7,8,6,72.01,6,20,0,1,104.23,0.00,0.00,0.00,0,1.00,2,389.95,0,0,6,java.lang.Object,0.00,7,0,2,0,7,1,1,2,79,1
"org.apache.jackrabbit.sanitycheck.fix.RemovePropertyEntry",3,1.00,2.00,22,0.30,9511.34,4,1,8,17,6,151.63,7,40,0,1,111.75,0.00,0.00,0.33,0,4.00,4,904.04,0,0,6,java.lang.Object,0.00,14,0,6,0,14,3,1,2,173,1
"org.apache.jackrabbit.sanitycheck.fix.RemoveValue",1,0.00,5.00,23,0.33,17602.54,1,0,10,14,7,57.02,13,33,0,1,86.40,0.00,0.00,0.00,0,1.00,5,978.33,0,0,7,java.lang.Object,0.00,13,0,5,0,13,1,1,5,169,1
"org.apache.jackrabbit.spi.rmi.server.ServerIterator",5,0.00,2.00,29,0.30,8548.03,8,3,6,16,4,70.83,53,44,2,2,119.31,0.00,0.50,0.33,0,2.00,4,907.84,0,1,2,org.apache.jackrabbit.spi.rmi.server.ServerObject,0.00,11,2,10,0,11,4,1,9,207,0
"org.apache.jackrabbit.spi.rmi.server.ServerIterator$IteratorAdapter",7,0.17,1.14,20,0.12,1599.47,9,2,6,10,0,141.16,0,29,0,1,141.16,0.00,0.00,0.36,1,11.00,2,372.52,0,1,0,java.lang.Object,0.00,3,0,8,0,3,6,1,0,107,3
"org.apache.jackrabbit.spi.rmi.server.ServerObject",2,0.00,10.00,42,0.52,33685.13,2,0,21,22,4,39.76,17,47,4,1,87.87,0.00,0.00,0.00,0,2.00,19,1561.39,0,1,0,java.rmi.server.UnicastRemoteObject,0.00,20,1,20,4,20,1,0,2,319,0
"org.apache.jackrabbit.spi.rmi.server.ServerQueryInfo",3,0.17,1.00,13,0.11,1557.40,6,3,10,6,12,94.94,18,19,1,2,127.16,0.00,0.50,0.22,0,5.00,1,316.79,0,2,11,org.apache.jackrabbit.spi.rmi.server.ServerObject,0.00,3,2,3,0,3,1,1,6,82,0
"org.apache.jackrabbit.spi.rmi.server.ServerQueryInfo$IteratorHelper",1,0.00,1.00,6,0.09,1550.36,1,0,10,7,3,116.85,0,9,0,1,116.85,0.00,0.00,0.00,0,0.00,1,257.68,1,1,3,java.lang.Object,0.00,6,0,1,0,6,0,0,0,60,0
"org.apache.jackrabbit.spi.rmi.server.ServerRepositoryService",51,0.06,2.29,309,4.39,147029.04,55,4,54,159,44,135.15,194,597,2,2,114.54,0.00,0.50,0.31,3,0.00,6,13169.37,1,27,42,org.apache.jackrabbit.spi.rmi.server.ServerObject,0.00,108,2,117,0,108,24,1,59,2642,1
"org.apache.jackrabbit.spi.rmi.server.ServerRepositoryService$IteratorHelper",1,0.00,2.00,7,0.07,1783.35,1,0,54,5,2,113.71,0,10,0,1,113.71,0.00,0.00,0.00,0,1.00,2,200.48,1,1,2,java.lang.Object,0.00,4,0,2,0,4,0,0,0,48,0
"org.apache.jackrabbit.spi.rmi.server.ServerSessionInfo",9,0.12,1.00,20,0.15,1934.85,10,1,3,16,4,191.40,16,31,1,2,141.40,0.00,0.50,0.89,0,0.00,1,462.88,0,5,3,org.apache.jackrabbit.spi.rmi.server.ServerObject,0.00,7,2,9,0,7,4,1,5,132,0
"org.apache.jackrabbit.util.name.NamespaceAdder",3,0.00,1.33,16,0.18,3073.66,4,1,6,7,1,121.15,0,20,0,1,121.15,0.00,0.00,1.00,0,0.00,2,538.40,0,0,1,java.lang.Object,0.00,4,0,4,0,4,3,0,0,119,1
"org.apache.jackrabbit.util.name.NamespaceExtractor",2,0.00,1.50,16,0.18,3818.27,6,4,12,12,2,73.82,24,21,1,1,111.38,0.00,0.00,0.25,0,2.00,2,543.83,0,1,1,java.lang.Object,0.00,10,0,3,0,10,1,0,4,116,1
"org.apache.jackrabbit.util.name.NamespaceExtractor$NamespaceHandler",1,0.00,6.00,19,0.25,12230.03,1,0,12,5,0,130.59,2,26,0,2,90.70,0.00,0.50,0.00,0,0.00,6,752.53,0,0,0,org.xml.sax.helpers.DefaultHandler,0.00,4,1,6,0,4,1,0,2,141,1
"org.apache.jackrabbit.util.name.NamespaceMapping",10,0.00,2.10,58,0.62,19055.06,13,3,8,26,9,101.05,50,76,7,2,118.93,0.00,0.50,0.33,2,10.00,5,1848.24,0,5,2,org.apache.jackrabbit.name.AbstractNamespaceResolver,0.00,16,1,21,0,16,5,0,15,415,1
"org.apache.jackrabbit.net.FileParts",13,0.19,2.15,79,0.99,43003.05,17,4,4,35,5,69.95,144,113,4,1,114.08,0.00,0.00,0.08,6,57.00,6,2984.19,0,9,2,java.lang.Object,0.00,22,0,28,0,22,4,0,31,634,0
"org.apache.jackrabbit.net.JCRJarURLConnection",5,0.38,3.00,58,0.68,29057.02,7,2,9,19,2,150.09,135,83,1,3,102.26,0.00,0.67,0.20,2,8.00,8,2035.88,13,3,2,org.apache.jackrabbit.net.JCRURLConnection,0.21,14,2,15,0,14,2,0,26,374,1
"org.apache.jackrabbit.net.JCRJarURLHandler",7,0.00,3.71,69,1.13,64556.98,7,0,5,22,4,130.16,135,99,3,3,103.88,0.00,0.67,0.00,1,7.00,7,3393.62,1,4,2,org.apache.jackrabbit.net.JCRURLHandler,0.00,15,2,26,0,15,3,0,25,657,0
"org.apache.jackrabbit.net.JCRURLConnection",24,0.06,2.38,174,1.94,55222.68,39,15,18,57,5,130.94,432,243,3,2,112.80,1.00,0.33,0.12,11,170.00,8,5824.36,0,14,3,java.net.URLConnection,0.00,33,1,57,1,33,10,0,52,1163,1
"org.apache.jackrabbit.net.JCRURLHandler",4,0.67,2.75,23,0.35,16011.35,5,1,4,14,4,134.46,73,40,3,2,116.33,1.00,0.33,0.50,0,4.00,7,1060.97,1,2,2,java.net.URLStreamHandler,0.00,10,1,11,1,10,2,0,10,213,0
"org.apache.jackrabbit.net.URLFactory",3,0.25,1.33,12,0.18,4892.75,5,2,3,9,7,112.82,46,21,5,1,123.18,0.00,0.00,0.33,1,5.00,2,531.48,0,2,3,java.lang.Object,0.00,6,0,4,0,6,1,0,7,117,2
"org.apache.jackrabbit.rmi.jackrabbit.ClientJackrabbitNodeTypeManager",4,0.67,2.25,32,0.39,17356.89,5,1,13,14,7,108.48,0,46,1,2,108.48,0.00,0.50,0.50,1,6.00,4,1184.05,0,2,6,org.apache.jackrabbit.rmi.client.ClientNodeTypeManager,0.00,10,2,9,0,10,2,1,0,234,1
"org.apache.jackrabbit.rmi.jackrabbit.ClientJackrabbitWorkspace",3,0.50,2.33,23,0.29,9831.23,4,1,11,12,6,111.60,0,39,1,2,111.60,0.00,0.50,0.67,0,1.00,4,872.69,0,0,5,org.apache.jackrabbit.rmi.client.ClientWorkspace,0.00,9,2,7,0,9,3,1,0,176,1
"org.apache.jackrabbit.rmi.jackrabbit.JackrabbitClientAdapterFactory",2,0.00,2.00,11,0.10,2367.09,2,0,9,4,14,76.44,22,18,4,2,120.57,0.00,0.50,0.00,0,2.00,2,296.04,2,2,10,org.apache.jackrabbit.rmi.client.ClientAdapterFactory,0.00,2,1,4,0,2,0,0,3,72,1
"org.apache.jackrabbit.rmi.jackrabbit.JackrabbitServerAdapterFactory",2,0.00,2.00,11,0.10,2471.47,2,0,9,4,9,82.86,25,20,1,2,120.42,0.00,0.50,0.00,0,2.00,2,300.76,2,2,8,org.apache.jackrabbit.rmi.server.ServerAdapterFactory,0.00,2,1,4,0,2,0,0,3,72,1
"org.apache.jackrabbit.rmi.jackrabbit.RemoteJackrabbitNodeTypeManager",2,0.00,1.00,3,0.03,172.19,2,0,5,2,6,107.29,21,6,3,2,155.76,0.00,0.50,0.00,0,2.00,1,93.23,0,1,3,,0.00,0,1,2,0,0,1,0,3,29,1
"org.apache.jackrabbit.rmi.jackrabbit.RemoteJackrabbitWorkspace",1,0.00,1.00,2,0.02,122.23,1,0,4,1,5,99.21,11,4,3,2,143.33,0.00,0.50,0.00,0,1.00,1,61.11,0,0,2,,0.00,0,1,1,0,0,1,0,2,19,1
"org.apache.jackrabbit.rmi.jackrabbit.ServerJackrabbitNodeTypeManager",3,0.50,1.67,19,0.22,7631.61,4,1,10,8,6,115.04,0,27,1,3,115.04,0.00,0.67,0.67,0,1.00,3,654.88,0,1,5,org.apache.jackrabbit.rmi.server.ServerNodeTypeManager,0.00,5,3,5,0,5,2,1,0,139,1
"org.apache.jackrabbit.rmi.jackrabbit.ServerJackrabbitWorkspace",2,1.00,2.00,13,0.14,4072.78,3,1,8,5,5,115.76,0,23,1,3,115.76,0.00,0.67,0.50,0,2.00,3,408.64,1,0,4,org.apache.jackrabbit.rmi.server.ServerWorkspace,0.00,3,3,4,0,3,2,1,0,91,1
"org.apache.jackrabbit.webdav.ordering.OrderPatch",6,0.07,2.00,50,0.70,33985.01,9,3,12,28,15,59.12,61,61,7,1,107.60,0.00,0.00,0.28,0,10.00,5,2090.55,0,4,8,java.lang.Object,0.00,22,0,12,0,22,2,2,17,392,1
"org.apache.jackrabbit.webdav.ordering.OrderPatch$Member",4,0.00,1.00,15,0.12,1744.76,6,2,12,8,3,114.54,22,20,0,1,132.42,0.00,0.00,0.50,0,2.00,1,358.30,0,2,3,java.lang.Object,0.00,4,0,4,0,4,2,1,5,93,2
"org.apache.jackrabbit.webdav.ordering.OrderingConstants",0,0.00,0.00,18,0.33,7696.03,17,17,3,1,11,171.00,55,19,8,1,171.00,0.00,0.00,0.00,0,0.00,0,999.83,0,0,3,,0.00,1,0,0,0,1,0,0,13,180,1
"org.apache.jackrabbit.webdav.ordering.OrderingDavServletRequest",3,0.00,1.00,4,0.02,105.15,3,0,2,3,4,110.73,25,5,0,2,158.84,0.00,0.50,0.00,0,3.00,1,58.38,0,2,4,,0.00,0,1,3,0,0,1,0,4,23,1
"org.apache.jackrabbit.webdav.ordering.OrderingResource",2,2.00,1.00,5,0.04,328.22,4,2,2,2,5,94.22,17,6,2,2,142.33,0.00,0.50,0.00,0,2.00,1,114.15,0,0,3,,0.00,0,1,2,0,0,2,0,3,34,1
"org.apache.jackrabbit.webdav.ordering.OrderingType",2,0.00,1.50,5,0.04,429.68,2,0,1,2,3,97.19,22,8,1,3,141.31,0.00,0.67,0.00,0,2.00,2,120.69,0,0,2,org.apache.jackrabbit.webdav.property.HrefProperty,0.00,0,2,3,0,0,2,1,4,35,1
"org.apache.jackrabbit.webdav.ordering.Position",6,0.00,2.17,45,0.53,15671.80,10,4,9,20,11,68.26,66,60,7,1,112.39,0.00,0.00,0.25,0,14.00,3,1590.00,0,4,4,java.lang.Object,0.00,14,0,13,0,14,2,2,11,342,1
"org.apache.jackrabbit.ocm.mapper.AllTests",2,0.00,1.00,7,0.05,899.31,2,0,3,5,3,152.93,7,10,1,1,132.31,0.00,0.00,0.00,1,2.00,1,155.16,0,2,2,java.lang.Object,0.00,3,0,2,0,3,0,0,3,42,1
"org.apache.jackrabbit.ocm.mapper.DescriptorReader",1,0.00,1.00,2,0.01,43.02,1,0,2,1,3,98.43,10,3,2,1,146.91,0.00,0.00,0.00,0,1.00,1,23.51,0,1,2,,0.00,0,0,1,0,0,0,0,1,10,1
"org.apache.jackrabbit.ocm.mapper.DigesterMapperImplTest",11,0.00,1.82,248,4.08,166553.92,11,0,25,77,24,88.11,46,352,2,2,87.87,0.00,0.50,0.00,0,11.00,2,12235.47,0,1,22,junit.framework.TestCase,0.00,66,1,20,0,66,10,0,14,2011,1
"org.apache.jackrabbit.ocm.mapper.Mapper",2,0.00,1.00,3,0.02,108.00,2,0,1,2,22,109.25,16,5,21,1,157.36,0.00,0.00,0.00,0,2.00,1,56.00,0,2,1,,0.00,0,0,2,0,0,0,0,3,20,1
"org.apache.jackrabbit.test.api.nodetype.CanAddChildNodeCallWithNodeTypeTest",7,0.25,2.14,58,0.86,23257.63,9,2,7,22,4,77.19,47,95,1,4,109.41,0.00,0.75,0.71,0,0.00,3,2576.09,2,0,3,org.apache.jackrabbit.test.AbstractJCRTest,0.33,15,3,15,0,15,7,0,10,496,1
"org.apache.jackrabbit.test.api.nodetype.CanAddChildNodeCallWithoutNodeTypeTest",7,0.00,1.86,43,0.59,13139.80,8,1,6,17,4,83.83,44,78,1,4,116.05,0.00,0.75,1.00,0,0.00,2,1760.23,2,0,3,org.apache.jackrabbit.test.AbstractJCRTest,0.33,10,3,13,0,10,7,0,9,357,1
"org.apache.jackrabbit.test.api.nodetype.CanRemoveItemTest",8,0.00,1.88,46,0.61,13007.73,9,1,7,20,4,101.62,44,86,1,4,119.50,0.00,0.75,1.00,0,0.00,2,1817.81,2,0,3,org.apache.jackrabbit.test.AbstractJCRTest,0.32,12,3,15,0,12,8,0,10,375,1
"org.apache.jackrabbit.test.api.nodetype.CanSetPropertyBinaryTest",6,0.00,2.17,79,1.61,82149.29,7,1,9,17,4,78.82,35,143,1,4,96.70,0.00,0.75,1.00,0,0.00,3,4834.83,2,0,3,org.apache.jackrabbit.test.AbstractJCRTest,0.35,11,3,13,0,11,6,0,8,845,1
"org.apache.jackrabbit.test.api.nodetype.CanSetPropertyBooleanTest",6,0.00,2.17,79,1.63,82837.42,7,1,9,17,4,64.45,36,144,1,4,96.67,0.00,0.75,1.00,0,0.00,3,4897.04,2,0,3,org.apache.jackrabbit.test.AbstractJCRTest,0.35,11,3,13,0,11,6,0,8,852,1
"org.apache.jackrabbit.test.api.nodetype.CanSetPropertyDateTest",6,0.00,2.17,89,2.08,113021.16,7,1,9,20,4,62.18,37,173,1,4,94.40,0.00,0.75,1.00,0,0.00,3,6234.75,2,0,3,org.apache.jackrabbit.test.AbstractJCRTest,0.35,14,3,13,0,14,6,0,10,1040,1
"org.apache.jackrabbit.test.api.nodetype.CanSetPropertyDoubleTest",6,0.00,2.17,89,2.07,114462.69,7,1,9,20,4,76.49,35,173,1,4,94.36,0.00,0.75,1.00,0,0.00,3,6219.04,2,0,3,org.apache.jackrabbit.test.AbstractJCRTest,0.35,14,3,13,0,14,6,0,8,1040,1
"org.apache.jackrabbit.test.api.nodetype.CanSetPropertyLongTest",6,0.00,2.17,89,2.08,114181.06,7,1,9,20,4,76.50,35,173,1,4,94.37,0.00,0.75,1.00,0,0.00,3,6225.43,2,0,3,org.apache.jackrabbit.test.AbstractJCRTest,0.35,14,3,13,0,14,6,0,8,1040,1
"org.apache.jackrabbit.test.api.nodetype.CanSetPropertyMultipleTest",5,0.00,1.80,32,0.49,13415.75,6,1,7,17,4,82.62,31,56,1,4,114.84,0.00,0.75,1.00,0,0.00,2,1477.33,2,0,3,org.apache.jackrabbit.test.AbstractJCRTest,0.36,12,3,9,0,12,5,0,8,294,1
"org.apache.jackrabbit.test.api.nodetype.CanSetPropertyNameTest",6,0.00,2.17,94,2.21,118754.53,7,1,9,19,4,75.24,35,182,1,4,93.12,0.00,0.75,1.00,0,0.00,3,6638.54,2,0,3,org.apache.jackrabbit.test.AbstractJCRTest,0.35,13,3,13,0,13,6,0,8,1091,1
"org.apache.jackrabbit.test.api.nodetype.CanSetPropertyPathTest",6,0.00,2.17,91,2.08,111767.56,7,1,9,19,4,75.45,35,173,1,4,93.32,0.00,0.75,1.00,0,0.00,3,6237.28,2,0,3,org.apache.jackrabbit.test.AbstractJCRTest,0.35,13,3,13,0,13,6,0,8,1040,1
"org.apache.jackrabbit.test.api.nodetype.CanSetPropertyStringTest",6,0.00,2.17,79,1.63,80620.38,7,1,9,17,4,78.89,35,145,1,4,96.76,0.00,0.75,1.00,0,0.00,3,4892.08,2,0,3,org.apache.jackrabbit.test.AbstractJCRTest,0.35,11,3,13,0,11,6,0,8,849,1
"org.apache.jackrabbit.test.api.nodetype.CanSetPropertyTest",5,0.00,1.80,30,0.45,10751.93,6,1,7,17,4,83.37,31,54,1,4,115.60,0.00,0.75,1.00,0,0.00,2,1346.56,2,0,3,org.apache.jackrabbit.test.AbstractJCRTest,0.36,12,3,9,0,12,5,0,8,272,1
"org.apache.jackrabbit.test.api.nodetype.NodeDefTest",10,0.04,3.30,116,1.31,43257.35,13,3,11,37,3,60.95,76,145,1,4,103.25,0.00,0.75,0.30,3,22.00,5,3920.12,2,0,2,org.apache.jackrabbit.test.AbstractJCRTest,0.30,27,3,33,0,27,10,0,28,761,1
"org.apache.jackrabbit.test.api.nodetype.NodeTypeManagerTest",6,0.10,1.83,35,0.45,9255.93,8,2,7,27,2,87.46,37,59,1,4,119.68,0.00,0.75,0.58,0,0.00,3,1355.64,3,0,1,org.apache.jackrabbit.test.AbstractJCRTest,0.35,21,3,11,0,21,6,0,12,290,1
"org.apache.jackrabbit.test.api.nodetype.NodeTypeTest",14,0.00,3.50,162,1.91,64077.86,17,3,12,49,3,70.82,87,240,1,4,103.04,0.00,0.75,0.33,2,0.00,6,5731.50,3,2,2,org.apache.jackrabbit.test.AbstractJCRTest,0.26,35,3,49,0,35,12,0,26,1088,1
"org.apache.jackrabbit.test.api.nodetype.NodeTypeUtil",11,1.00,12.45,468,6.25,1339370.13,12,1,14,58,18,40.44,144,586,17,1,69.82,0.00,0.00,0.09,3,20.00,71,18759.95,0,10,1,java.lang.Object,0.00,47,0,137,0,47,1,0,63,2990,1
"org.apache.jackrabbit.test.api.nodetype.PredefinedNodeTypeTest",27,0.42,1.78,187,2.45,128788.80,29,2,20,89,3,113.11,108,238,1,4,112.87,0.00,0.75,0.09,5,111.00,7,7343.40,2,4,2,org.apache.jackrabbit.test.AbstractJCRTest,0.18,62,3,48,0,62,23,0,36,1349,1
"org.apache.jackrabbit.test.api.nodetype.PredefinedNodeTypeTest$Comparator",1,0.00,3.00,10,0.14,6990.64,1,0,20,4,0,103.17,0,12,0,1,103.17,0.00,0.00,0.00,0,1.00,3,416.66,0,0,0,java.lang.Object,0.00,3,0,3,0,3,1,0,0,92,0
"org.apache.jackrabbit.test.api.nodetype.PredefinedNodeTypeTest$Comparator_0",1,0.00,6.00,17,0.22,14237.38,1,0,20,5,0,91.98,0,21,0,1,91.98,0.00,0.00,0.00,0,1.00,6,668.69,0,0,0,java.lang.Object,0.00,4,0,6,0,4,1,0,0,140,0
"org.apache.jackrabbit.test.api.nodetype.PredefinedNodeTypeTest$Comparator_1",1,0.00,3.00,10,0.11,4798.70,1,0,20,4,0,104.46,0,12,0,1,104.46,0.00,0.00,0.00,0,1.00,3,338.12,0,0,0,java.lang.Object,0.00,3,0,3,0,3,1,0,0,76,0
"org.apache.jackrabbit.test.api.nodetype.PropertyDefTest",11,0.06,4.36,163,2.29,113822.37,19,8,16,46,4,46.29,104,235,1,4,96.29,0.00,0.75,0.18,3,21.00,16,6857.91,2,0,3,org.apache.jackrabbit.test.AbstractJCRTest,0.29,35,3,48,0,35,11,0,35,1223,1
"org.apache.jackrabbit.test.api.nodetype.TestAll",1,0.00,1.00,22,0.28,10800.80,1,0,3,3,20,51.60,12,24,2,2,89.16,0.00,0.50,0.00,0,1.00,1,827.66,0,1,18,junit.framework.TestCase,0.00,2,1,1,0,2,0,0,3,167,1
"org.apache.jackrabbit.ntdoc.reporter.Reporter",3,0.00,1.00,4,0.02,100.43,3,0,0,3,2,159.23,12,5,2,1,158.99,0.00,0.00,0.00,0,3.00,1,66.95,0,0,0,,0.00,0,0,3,0,0,3,0,4,25,1
"org.apache.jackrabbit.ntdoc.reporter.ReporterDelegator",5,1.00,1.60,15,0.13,1872.91,6,1,0,5,3,133.06,21,25,2,1,132.83,0.00,0.00,0.00,3,5.00,2,375.77,0,1,1,java.lang.Object,0.00,0,0,8,4,0,4,1,7,103,1
"org.apache.jackrabbit.ntdoc.reporter.SimpleReporter",5,1.00,1.20,13,0.11,1382.00,6,1,1,6,2,140.74,21,21,1,1,140.50,0.00,0.00,0.00,1,5.00,2,336.11,0,0,1,java.lang.Object,0.00,1,0,6,0,1,5,1,7,92,2
"org.apache.jackrabbit.taglib.traverser.AbstractTraverser",13,0.14,1.23,40,0.38,7932.76,19,6,10,23,8,151.83,44,72,6,1,131.22,0.00,0.00,0.04,2,46.00,3,1130.56,0,3,2,java.lang.Object,0.00,10,0,16,6,10,10,1,13,273,2
"org.apache.jackrabbit.taglib.traverser.AncestorsTraverser",3,0.00,1.33,8,0.11,2267.84,3,0,2,6,1,137.27,14,19,0,2,137.04,0.00,0.50,0.00,1,3.00,2,321.37,1,0,1,org.apache.jackrabbit.taglib.traverser.AbstractTraverser,0.12,3,1,4,0,3,3,0,4,79,1
"org.apache.jackrabbit.taglib.traverser.DepthExceededException",4,1.00,1.00,10,0.06,508.57,5,1,0,4,5,125.33,21,20,5,2,143.20,0.00,0.50,0.00,0,4.00,1,173.09,0,0,0,java.lang.Exception,0.00,0,1,4,0,0,4,0,6,54,0
"org.apache.jackrabbit.taglib.traverser.ExpandedNodeTraverser",5,0.75,2.60,31,0.45,16182.14,6,1,7,17,2,96.24,29,69,0,2,114.11,0.00,0.50,0.40,3,10.00,5,1351.24,2,1,2,org.apache.jackrabbit.taglib.traverser.AbstractTraverser,0.11,12,1,13,0,12,4,0,5,279,1
"org.apache.jackrabbit.taglib.traverser.ExpandedNodesTraverser",6,1.00,2.50,34,0.45,13976.19,7,1,8,16,2,70.09,48,72,0,2,118.20,0.00,0.50,0.17,3,14.00,4,1350.29,2,1,2,org.apache.jackrabbit.taglib.traverser.AbstractTraverser,0.11,10,1,15,0,10,5,0,8,291,1
"org.apache.jackrabbit.taglib.traverser.LevelByLevelTraverser",1,1.00,1.00,4,0.03,402.29,2,1,3,3,1,79.55,10,8,0,2,128.03,0.00,0.50,0.00,0,1.00,1,98.62,0,0,1,org.apache.jackrabbit.taglib.traverser.AbstractTraverser,0.14,2,1,1,0,2,1,0,2,27,1
"org.apache.jackrabbit.taglib.traverser.PostorderTraverser",2,0.00,2.00,11,0.13,2939.11,2,0,5,6,2,71.72,17,23,0,2,119.83,0.00,0.50,0.00,1,2.00,3,404.28,2,0,2,org.apache.jackrabbit.taglib.traverser.AbstractTraverser,0.13,4,1,4,0,4,2,0,4,88,1
"org.apache.jackrabbit.taglib.traverser.PreorderTraverser",2,0.00,2.00,9,0.09,1835.43,2,0,3,3,3,76.95,16,21,1,2,125.05,0.00,0.50,0.00,1,2.00,3,284.78,2,0,2,org.apache.jackrabbit.taglib.traverser.AbstractTraverser,0.13,1,1,4,0,1,2,0,4,68,1
"org.apache.jackrabbit.taglib.traverser.Traverser",7,0.00,1.00,8,0.05,216.10,7,0,5,7,5,141.40,39,10,5,1,159.27,0.00,0.00,0.00,0,7.00,1,137.52,0,1,0,,0.00,0,0,7,0,0,6,0,8,51,1
"org.apache.jackrabbit.ocm.testmodel.A",15,0.07,1.07,40,0.25,2906.29,22,7,2,17,10,191.74,29,72,9,1,141.74,0.00,0.00,0.08,0,115.00,2,740.99,0,5,2,java.lang.Object,0.00,2,0,16,0,2,10,0,9,211,1
"org.apache.jackrabbit.ocm.testmodel.Atomic",36,0.03,1.00,91,0.58,6225.72,54,18,5,36,10,142.15,7,162,10,1,142.15,0.00,0.00,0.03,0,648.00,1,1755.00,0,13,0,java.lang.Object,0.00,0,0,36,0,0,23,0,2,475,1
"org.apache.jackrabbit.ocm.testmodel.B",6,0.20,1.00,16,0.09,938.37,9,3,0,6,8,182.38,17,28,8,1,142.49,0.00,0.00,0.17,0,18.00,1,272.65,0,3,1,java.lang.Object,0.00,0,0,6,0,0,3,0,5,82,1
"org.apache.jackrabbit.ocm.testmodel.C",4,0.33,1.00,11,0.06,636.45,6,2,0,4,9,142.67,17,21,9,1,142.43,0.00,0.00,0.25,0,8.00,1,182.32,0,2,0,java.lang.Object,0.00,0,0,4,0,0,2,0,5,56,1
"org.apache.jackrabbit.ocm.testmodel.D",6,0.33,1.00,16,0.10,966.14,9,3,0,6,3,163.01,21,23,2,1,142.39,0.00,0.00,0.06,0,10.00,1,294.35,0,2,1,java.lang.Object,0.00,0,0,6,1,0,4,0,7,86,1
"org.apache.jackrabbit.ocm.testmodel.DFull",8,0.18,1.00,21,0.12,1320.78,12,4,0,8,1,162.92,27,30,1,1,142.31,0.00,0.00,0.09,0,26.00,1,369.77,0,4,0,java.lang.Object,0.00,0,0,8,0,0,4,0,9,110,1
"org.apache.jackrabbit.ocm.testmodel.Default",12,0.09,1.00,31,0.18,2004.43,18,6,0,12,1,182.15,33,44,1,1,142.27,0.00,0.00,0.08,0,72.00,1,539.65,0,6,0,java.lang.Object,0.00,0,0,12,0,0,6,0,11,160,1
"org.apache.jackrabbit.ocm.testmodel.Discriminator",4,0.33,1.00,11,0.06,636.45,6,2,0,4,1,142.43,3,16,1,1,142.43,0.00,0.00,0.25,0,8.00,1,182.32,0,2,0,java.lang.Object,0.00,0,0,4,0,0,2,0,1,56,1
"org.apache.jackrabbit.ocm.testmodel.E",0,0.00,0.00,1,0.01,31.02,0,0,0,0,2,171.00,3,2,1,2,171.00,0.00,0.50,0.00,0,0.00,0,15.51,0,0,1,org.apache.jackrabbit.ocm.testmodel.D,0.00,0,1,0,0,0,0,0,1,6,1
"org.apache.jackrabbit.ocm.testmodel.File",4,0.33,1.00,11,0.07,669.85,6,2,0,4,3,192.26,5,21,1,2,142.26,0.00,0.50,0.25,0,8.00,1,195.30,0,2,2,org.apache.jackrabbit.ocm.testmodel.HierarchyNode,0.00,0,1,4,0,0,2,0,1,58,1
"org.apache.jackrabbit.ocm.testmodel.Folder",5,0.25,1.20,15,0.10,1302.13,7,2,2,7,2,184.14,6,29,1,2,134.14,0.00,0.50,0.30,0,10.00,2,297.49,0,2,1,org.apache.jackrabbit.ocm.testmodel.HierarchyNode,0.00,2,1,6,0,2,3,0,2,83,1
"org.apache.jackrabbit.ocm.testmodel.HierarchyNode",2,1.00,1.00,6,0.03,316.38,3,1,1,2,2,175.77,5,12,2,1,135.88,0.00,0.00,0.50,0,2.00,1,95.97,0,1,0,java.lang.Object,0.00,0,0,2,2,0,1,0,1,30,1
"org.apache.jackrabbit.ocm.testmodel.Lockable",8,0.14,1.00,21,0.12,1306.89,12,4,0,8,1,182.23,17,37,1,1,142.34,0.00,0.00,0.12,0,32.00,1,358.92,0,4,0,java.lang.Object,0.00,0,0,8,0,0,4,0,5,108,1
"org.apache.jackrabbit.ocm.testmodel.MultiValue",8,0.14,1.00,21,0.12,1272.09,12,4,1,8,2,163.05,28,37,2,1,142.44,0.00,0.00,0.12,0,32.00,1,361.93,0,4,0,java.lang.Object,0.00,0,0,8,0,0,4,0,7,108,1
"org.apache.jackrabbit.ocm.testmodel.Page",7,0.17,1.14,20,0.12,1510.70,10,3,2,9,9,181.25,17,38,9,1,141.36,0.00,0.00,0.19,0,23.00,2,365.58,0,3,1,java.lang.Object,0.00,2,0,8,0,2,4,0,5,105,1
"org.apache.jackrabbit.ocm.testmodel.Paragraph",8,0.24,1.00,20,0.12,1217.41,11,3,0,8,10,192.59,12,37,10,1,142.59,0.00,0.00,0.12,0,26.00,1,345.73,0,3,1,java.lang.Object,0.00,0,0,8,0,0,5,0,4,104,1
"org.apache.jackrabbit.ocm.testmodel.PropertyTest",16,0.07,1.00,41,0.24,2695.90,24,8,0,16,2,142.24,5,61,2,1,142.24,0.00,0.00,0.06,0,128.00,1,725.32,0,8,0,java.lang.Object,0.00,0,0,16,0,0,8,0,1,212,1
"org.apache.jackrabbit.ocm.testmodel.Residual",5,0.38,1.00,14,0.08,989.50,7,2,1,5,5,181.57,11,20,4,1,141.69,0.00,0.00,0.20,0,11.00,1,252.55,0,2,1,java.lang.Object,0.00,0,0,5,2,0,3,0,3,74,1
"org.apache.jackrabbit.ocm.testmodel.Residual$ResidualNodes",0,0.00,0.00,1,0.01,49.13,0,0,1,0,1,171.00,0,1,0,2,171.00,0.00,0.50,0.00,0,0.00,0,19.65,0,0,1,org.apache.jackrabbit.ocm.testmodel.Residual,0.00,0,1,0,0,0,0,0,0,7,2
"org.apache.jackrabbit.ocm.testmodel.Residual$ResidualProperties",0,0.00,0.00,1,0.01,49.13,0,0,1,0,1,171.00,0,1,0,2,171.00,0.00,0.50,0.00,0,0.00,0,19.65,0,0,1,org.apache.jackrabbit.ocm.testmodel.Residual,0.00,0,1,0,0,0,0,0,0,7,2
"org.apache.jackrabbit.ocm.testmodel.Resource",8,0.14,1.00,21,0.12,1245.32,12,4,2,8,2,142.51,5,39,2,1,142.51,0.00,0.00,0.12,0,32.00,1,364.70,0,4,0,java.lang.Object,0.00,0,0,8,0,0,4,0,1,108,1
"org.apache.jackrabbit.ocm.manager.interfaces.AllTests",2,0.00,1.00,8,0.06,1287.47,2,0,3,5,4,147.04,7,11,1,1,126.42,0.00,0.00,0.00,1,2.00,1,190.58,0,2,3,java.lang.Object,0.00,3,0,2,0,3,0,0,3,50,1
"org.apache.jackrabbit.ocm.manager.interfaces.ObjectContentManagerInterfaceConcreteClassTest",6,1.00,1.50,197,3.34,203487.33,7,1,20,59,17,30.98,49,205,2,3,79.09,0.00,0.67,0.17,0,10.00,3,10015.58,4,1,15,org.apache.jackrabbit.ocm.TestBase,0.16,53,2,9,0,53,5,0,42,1579,1
"org.apache.jackrabbit.ocm.manager.interfaces.ObjectContentManagerInterfaceHierarchyTest",5,1.00,1.20,87,1.20,43289.78,6,1,17,40,14,76.18,25,96,2,3,94.05,0.00,0.67,0.00,0,5.00,2,3614.57,4,1,12,org.apache.jackrabbit.ocm.TestBase,0.17,35,2,6,0,35,4,0,18,625,1
"org.apache.jackrabbit.webdav.util.HttpDateFormat",1,0.00,1.00,5,0.05,718.04,2,1,3,2,0,143.05,3,7,0,2,122.44,0.00,0.50,1.00,0,0.00,1,147.97,1,0,0,java.text.SimpleDateFormat,0.00,1,1,1,0,1,1,0,1,38,1
"org.apache.jackrabbit.core.state.AbstractPersistenceManager",0,0.00,0.00,1,0.02,289.36,0,0,0,0,2,171.00,5,4,0,2,171.00,0.00,0.50,0.00,0,0.00,0,72.34,0,0,2,org.apache.jackrabbit.core.persistence.AbstractPersistenceManager,0.00,0,1,0,0,0,0,1,1,19,2
"org.apache.jackrabbit.core.state.Cache",6,0.00,1.00,7,0.02,78.02,6,0,0,6,4,162.46,27,8,4,1,162.23,0.00,0.00,0.00,0,6.00,1,73.02,0,0,1,,0.00,0,0,6,0,0,6,0,7,33,1
"org.apache.jackrabbit.core.state.CacheAccessListener",2,1.00,1.00,4,0.02,168.81,3,1,0,2,3,112.38,13,5,3,1,144.60,0.00,0.00,0.00,0,2.00,1,65.02,0,0,1,,0.00,0,0,2,0,0,2,0,4,22,1
"org.apache.jackrabbit.core.state.CacheManager",11,0.01,2.18,108,1.38,137418.83,22,11,5,34,4,85.09,64,118,2,1,102.97,0.00,0.00,0.10,2,50.00,12,4153.33,0,0,2,java.lang.Object,0.00,23,0,24,0,23,11,1,33,745,1
"org.apache.jackrabbit.core.state.CacheManager$CacheInfo",7,0.03,1.00,25,0.16,2214.50,12,5,5,11,1,183.51,7,33,0,1,133.51,0.00,0.00,0.23,0,25.00,1,480.16,0,1,1,java.lang.Object,0.00,4,0,7,0,4,6,0,7,129,2
"org.apache.jackrabbit.core.state.ChangeLog",19,0.15,2.32,136,1.58,58647.78,23,4,4,55,54,69.51,135,183,47,1,111.80,0.00,0.00,0.39,2,10.00,7,4734.35,0,5,7,java.lang.Object,0.00,36,0,44,0,36,14,0,33,1056,1
"org.apache.jackrabbit.core.state.ChangeLogTest",3,0.00,2.00,40,0.57,16190.16,3,0,6,20,9,82.03,16,45,1,4,99.90,0.00,0.75,0.00,0,3.00,4,1700.98,0,0,8,org.apache.jackrabbit.test.AbstractJCRTest,0.00,17,3,6,0,17,3,0,4,321,1
"org.apache.jackrabbit.core.state.DefaultISMLocking",3,1.00,1.00,11,0.10,1364.09,4,1,4,7,4,89.98,22,17,1,1,132.27,0.00,0.00,0.00,0,3.00,1,295.58,0,0,3,java.lang.Object,0.00,4,0,3,0,4,3,1,6,74,1
"org.apache.jackrabbit.core.state.DefaultISMLocking$ReadLockImpl",2,1.00,1.00,7,0.05,722.82,3,1,4,4,0,183.06,3,10,0,1,133.06,0.00,0.00,0.50,0,2.00,1,156.14,0,0,0,java.lang.Object,0.00,2,0,2,0,2,2,1,1,45,3
"org.apache.jackrabbit.core.state.DefaultISMLocking$ReentrantWriterPreferenceReadWriteLock",1,0.00,1.00,3,0.03,351.34,1,0,4,2,0,133.39,4,6,0,1,133.16,0.00,0.00,0.00,0,0.00,1,82.23,0,0,0,java.lang.Object,0.00,1,0,1,0,1,1,0,1,23,0
"org.apache.jackrabbit.core.state.DefaultISMLocking$WriteLock",2,0.00,1.00,8,0.06,783.61,2,0,4,7,0,148.74,6,12,0,1,128.12,0.00,0.00,0.00,1,2.00,1,180.52,0,0,0,java.lang.Object,0.00,5,0,2,0,5,2,0,2,50,0
"org.apache.jackrabbit.core.state.FineGrainedISMLocking",5,0.19,3.20,73,0.73,23252.18,13,8,14,28,9,50.62,50,88,1,1,99.10,0.00,0.00,0.28,0,6.00,4,2195.06,0,1,8,java.lang.Object,0.00,23,0,16,0,23,4,1,24,434,1
"org.apache.jackrabbit.core.state.FineGrainedISMLocking$LockMap",5,0.25,3.80,63,0.63,23751.76,7,2,14,19,6,83.61,28,79,0,1,101.48,0.00,0.00,0.70,0,0.00,6,1904.23,0,0,6,java.lang.Object,0.00,14,0,19,0,14,5,0,6,383,3
"org.apache.jackrabbit.core.state.FineGrainedISMLocking$ReadLockImpl",3,1.00,2.00,21,0.14,2826.80,4,1,14,8,1,165.90,3,27,0,1,115.90,0.00,0.00,0.33,0,4.00,4,414.55,0,0,1,java.lang.Object,0.00,5,0,6,0,5,3,1,3,96,2
"org.apache.jackrabbit.core.state.FineGrainedISMLocking$WriteLockImpl",3,1.00,2.33,37,0.23,4596.59,4,1,14,8,1,155.47,5,45,0,1,105.47,0.00,0.00,0.00,0,1.00,3,690.32,0,0,1,java.lang.Object,0.00,5,0,7,0,5,3,1,5,150,2
"org.apache.jackrabbit.core.state.ISMLocking",2,0.00,1.00,5,0.03,160.65,2,0,1,2,5,153.90,35,7,3,1,144.77,0.00,0.00,0.00,0,2.00,1,88.08,0,1,2,,0.00,0,0,2,0,0,1,0,3,30,1
"org.apache.jackrabbit.core.state.ISMLocking$ReadLock",1,0.00,1.00,2,0.01,29.41,1,0,1,1,0,168.82,3,3,0,1,148.21,0.00,0.00,0.00,0,1.00,1,19.61,0,0,0,,0.00,0,0,1,0,0,1,0,1,9,1
"org.apache.jackrabbit.core.state.ISMLocking$WriteLock",2,0.00,1.00,3,0.01,68.72,2,0,1,2,0,126.68,12,4,0,1,158.90,0.00,0.00,0.00,0,2.00,1,39.26,0,1,0,,0.00,0,0,2,0,0,1,0,2,16,1
"org.apache.jackrabbit.core.state.ItemState",32,0.04,1.50,118,1.07,24450.67,46,14,8,45,51,112.53,189,180,49,1,130.40,0.00,0.00,0.11,4,374.00,3,3206.55,0,4,3,java.lang.Object,0.00,13,0,48,4,13,28,1,54,738,2
"org.apache.jackrabbit.core.state.ItemStateCache",11,0.00,1.00,12,0.05,140.55,11,0,3,11,7,130.07,70,13,5,1,162.29,0.00,0.00,0.00,0,11.00,1,135.55,0,2,2,,0.00,0,0,11,0,0,9,0,12,59,1
"org.apache.jackrabbit.core.state.ItemStateCacheFactory",1,0.00,1.00,2,0.01,23.00,1,0,0,1,10,100.94,8,3,9,1,149.05,0.00,0.00,0.00,0,1.00,1,18.00,0,0,1,,0.00,0,0,1,0,0,1,0,2,9,1
"org.apache.jackrabbit.core.state.ItemStateException",2,0.00,1.00,5,0.03,221.18,2,0,1,2,75,93.68,18,8,74,3,143.68,1.00,0.40,0.00,0,2.00,1,88.69,0,0,1,org.apache.jackrabbit.BaseException,0.00,0,2,2,2,0,2,0,3,29,1
"org.apache.jackrabbit.core.state.ItemStateListener",4,0.00,1.00,5,0.02,77.04,4,0,0,4,10,118.59,29,6,10,1,160.88,0.00,0.00,0.00,0,4.00,1,72.04,0,0,1,,0.00,0,0,4,0,0,4,0,5,29,1
"org.apache.jackrabbit.core.state.ItemStateManager",4,0.00,1.00,5,0.03,131.61,4,0,1,4,27,110.95,32,8,21,1,159.05,0.00,0.00,0.00,0,4.00,1,98.08,0,2,6,,0.00,0,0,4,0,0,2,0,5,35,1
"org.apache.jackrabbit.core.state.ItemStateMap",13,0.12,1.85,54,0.56,12373.54,15,2,11,34,6,145.56,47,78,2,1,124.95,0.00,0.00,0.38,3,0.00,10,1687.55,0,3,4,java.lang.Object,0.00,21,0,24,1,21,10,2,17,383,1
"org.apache.jackrabbit.core.state.ItemStateReferenceCache",14,0.10,1.07,43,0.36,5051.08,17,3,8,39,8,100.83,92,59,2,1,133.05,0.00,0.00,0.43,0,0.00,2,1071.43,0,2,6,java.lang.Object,0.00,25,0,15,0,25,12,2,34,284,1
"org.apache.jackrabbit.core.state.ItemStateReferenceMap",1,0.00,1.00,3,0.02,263.49,1,0,1,2,2,90.01,11,5,1,2,134.14,0.00,0.50,0.00,0,1.00,1,70.86,0,0,1,org.apache.jackrabbit.core.state.ItemStateMap,0.00,1,1,1,0,1,1,0,2,22,1
"org.apache.jackrabbit.core.state.ItemStateStore",9,0.00,1.00,10,0.04,117.04,9,0,3,9,4,119.94,63,11,2,1,162.23,0.00,0.00,0.00,0,9.00,1,112.04,0,2,2,,0.00,0,0,9,0,0,7,0,10,49,1
"org.apache.jackrabbit.core.state.LocalItemStateManager",27,0.15,2.15,169,1.75,44223.96,33,6,6,79,27,74.19,200,242,6,1,116.49,0.00,0.00,0.31,1,0.00,5,5253.41,0,3,21,java.lang.Object,0.00,52,0,58,1,52,24,2,72,1146,1
"org.apache.jackrabbit.core.state.MLRUItemStateCache",21,0.06,1.52,111,1.02,24620.75,29,8,9,46,6,120.90,89,159,1,1,120.66,0.00,0.00,0.18,3,0.00,3,3060.90,0,3,5,java.lang.Object,0.00,25,0,32,0,25,18,2,32,686,1
"org.apache.jackrabbit.core.state.MLRUItemStateCache$Entry",2,0.00,1.00,8,0.06,829.00,4,2,9,3,1,127.93,0,11,0,1,127.93,0.00,0.00,0.50,0,2.00,1,194.73,0,0,1,java.lang.Object,0.00,1,0,2,0,1,2,0,0,53,2
"org.apache.jackrabbit.core.state.ManagedMLRUItemStateCacheFactory",2,1.00,1.00,9,0.06,1012.34,3,1,0,5,4,84.95,14,12,0,1,127.25,0.00,0.00,0.50,0,2.00,1,181.89,0,1,4,java.lang.Object,0.00,3,0,2,0,3,1,1,4,50,1
"org.apache.jackrabbit.core.state.NoSuchItemStateException",2,0.00,1.00,5,0.03,221.18,2,0,0,2,39,93.68,18,8,38,4,143.68,0.00,0.75,0.00,0,2.00,1,88.69,0,0,1,org.apache.jackrabbit.core.state.ItemStateException,0.00,0,3,2,0,0,2,0,3,29,1
"org.apache.jackrabbit.core.state.NodeReferences",9,0.08,1.00,22,0.16,1947.28,12,3,6,17,40,109.16,56,32,37,1,141.38,0.00,0.00,0.26,0,14.00,1,481.53,0,3,3,java.lang.Object,0.00,8,0,9,0,8,6,1,13,135,1
"org.apache.jackrabbit.core.state.NodeReferencesId",7,0.17,1.57,25,0.21,4376.54,9,2,3,15,33,88.79,51,37,31,1,131.08,0.00,0.00,0.36,0,0.00,3,643.61,0,3,2,java.lang.Object,0.00,8,0,11,0,8,4,1,10,163,1
"org.apache.jackrabbit.core.state.NodeState",47,0.02,1.94,270,2.74,130047.34,58,11,20,87,98,69.56,391,357,92,2,117.67,1.00,0.33,0.11,3,765.00,15,8214.07,3,15,7,org.apache.jackrabbit.core.state.ItemState,0.13,40,1,91,1,40,32,0,91,1775,1
"org.apache.jackrabbit.core.state.NodeState$ChildNodeEntries",38,0.18,2.13,234,2.50,106928.23,40,2,20,102,3,154.52,94,307,0,1,114.64,0.00,0.00,0.33,6,126.00,9,7485.88,0,13,3,java.lang.Object,0.00,64,0,81,0,64,25,3,48,1591,2
"org.apache.jackrabbit.core.state.NodeState$ChildNodeEntries$ChildNodeEntry",7,0.25,1.86,39,0.36,10784.59,11,4,20,13,2,119.68,3,54,0,1,119.68,0.00,0.00,0.46,0,0.00,4,1071.94,0,3,2,java.lang.Object,0.00,6,0,13,0,6,4,0,3,251,3
"org.apache.jackrabbit.core.state.NodeState$ChildNodeEntries$EntriesIterator",10,0.33,1.00,24,0.16,1743.43,11,1,20,17,0,142.12,0,35,0,1,142.12,0.00,0.00,0.70,0,0.00,1,488.46,0,2,0,java.lang.Object,0.00,7,0,10,0,7,8,1,0,143,0
"org.apache.jackrabbit.core.state.NodeStateIterator",1,0.00,1.00,2,0.01,59.45,1,0,2,1,5,95.80,9,3,4,2,145.80,0.00,0.50,0.00,0,1.00,1,33.60,0,0,1,,0.00,0,1,1,0,0,1,0,2,13,1
"org.apache.jackrabbit.core.state.NodeStateListener",4,0.00,1.00,5,0.05,153.25,4,0,2,4,6,110.43,35,7,4,2,158.53,0.00,0.50,0.00,0,4.00,1,135.15,0,0,3,,0.00,0,1,4,0,0,4,0,5,43,1
"org.apache.jackrabbit.core.state.NodeStateMerger",1,0.00,23.00,83,1.26,138085.71,1,0,6,31,6,47.48,62,99,2,1,58.22,0.00,0.00,0.00,0,1.00,23,3769.44,0,0,4,java.lang.Object,0.00,30,0,23,0,30,1,0,33,617,0
"org.apache.jackrabbit.core.state.NodeStateMerger$MergeContext",2,0.00,1.00,3,0.01,46.02,2,0,6,2,1,160.28,0,4,0,1,160.28,0.00,0.00,0.00,0,2.00,1,41.02,0,0,1,,0.00,0,0,2,0,0,2,0,0,17,1
"org.apache.jackrabbit.core.state.PMContext",1,0.00,1.00,3,0.05,459.29,1,0,6,1,8,114.37,5,6,3,2,132.24,0.00,0.50,0.00,0,1.00,1,159.60,0,0,5,org.apache.jackrabbit.core.persistence.PMContext,0.00,0,1,1,0,0,1,0,1,41,1
"org.apache.jackrabbit.core.state.PersistenceManager",0,0.00,0.00,1,0.02,161.44,0,0,0,0,10,171.00,5,3,10,2,171.00,0.00,0.50,0.00,0,0.00,0,55.35,0,0,0,,0.00,0,1,0,0,0,0,0,1,16,1
"org.apache.jackrabbit.core.state.PropertyState",19,0.07,1.47,101,1.03,42578.19,25,6,13,47,63,86.23,129,129,55,2,118.45,1.00,0.33,0.24,0,64.00,7,3080.72,1,6,8,org.apache.jackrabbit.core.state.ItemState,0.20,28,1,28,1,28,13,0,35,628,1
"org.apache.jackrabbit.core.state.PropertyState$InputStream",4,0.33,2.25,25,0.24,11423.11,5,1,13,6,0,164.57,4,34,0,1,114.57,0.00,0.00,0.75,0,0.00,3,714.93,0,0,0,java.lang.Object,0.00,2,0,9,0,2,4,0,4,161,0
"org.apache.jackrabbit.core.state.SessionItemStateManager",46,0.07,2.04,288,3.40,144546.86,53,7,22,131,28,66.16,373,409,2,1,114.27,0.00,0.00,0.21,6,382.00,11,10203.74,0,9,26,java.lang.Object,0.00,85,0,94,0,85,37,3,123,2093,1
"org.apache.jackrabbit.core.state.SessionItemStateManager$AtticItemStateManager",4,0.00,1.25,13,0.11,2329.66,4,0,22,7,7,151.99,14,21,0,1,131.38,0.00,0.00,0.00,0,4.00,2,338.65,0,2,7,java.lang.Object,0.00,3,0,5,0,3,2,1,6,85,1
"org.apache.jackrabbit.core.state.SessionItemStateManager$NodeStateMerger.MergeContext",2,0.00,1.00,6,0.07,1105.11,2,0,22,3,2,131.61,0,9,0,1,131.61,0.00,0.00,0.00,0,2.00,1,197.47,0,0,2,java.lang.Object,0.00,1,0,2,0,1,2,0,0,50,0
"org.apache.jackrabbit.core.state.SharedItemStateManager",34,0.01,3.47,414,5.28,316908.77,44,10,32,151,45,55.07,407,554,10,1,99.20,0.00,0.00,0.11,12,478.00,21,15847.79,0,5,36,java.lang.Object,0.00,117,0,118,1,117,29,3,131,2945,1
"org.apache.jackrabbit.core.state.SharedItemStateManager$Update",8,0.16,5.50,174,2.11,142380.42,16,8,32,47,13,43.69,94,203,0,1,87.82,0.00,0.00,0.27,1,18.00,19,6334.39,0,3,13,java.lang.Object,0.00,39,0,44,0,39,5,1,38,1050,0
"org.apache.jackrabbit.core.state.SharedItemStateManager$Update$NodeStateMerger.MergeContext",2,0.00,1.50,8,0.08,1657.10,2,0,32,3,3,125.47,0,13,0,1,125.47,0.00,0.00,0.00,0,0.00,2,253.72,0,0,3,java.lang.Object,0.00,1,0,3,0,1,2,0,0,60,0
"org.apache.jackrabbit.core.state.StaleItemStateException",2,0.00,1.00,5,0.03,221.18,2,0,0,2,9,93.68,19,8,8,4,143.68,0.00,0.75,0.00,0,2.00,1,88.69,0,0,1,org.apache.jackrabbit.core.state.ItemStateException,0.00,0,3,2,0,0,2,0,3,29,1
"org.apache.jackrabbit.core.state.StateChangeDispatcher",10,0.11,2.00,45,0.55,8465.26,12,2,5,24,9,107.46,56,66,3,1,125.33,0.00,0.00,0.60,0,0.00,2,1640.60,0,0,6,java.lang.Object,0.00,14,0,20,0,14,10,0,13,383,1
"org.apache.jackrabbit.core.state.TestAll",1,0.00,1.00,5,0.04,864.35,1,0,3,3,1,73.32,10,7,0,2,121.80,0.00,0.50,0.00,0,1.00,1,115.51,0,1,1,junit.framework.TestCase,0.00,2,1,1,0,2,0,0,2,31,1
"org.apache.jackrabbit.core.state.UpdatableItemStateManager",9,0.00,1.00,10,0.07,333.40,9,0,3,9,11,110.54,76,15,4,2,158.65,0.00,0.50,0.00,0,9.00,1,216.38,0,2,7,,0.00,0,1,9,0,0,7,0,10,74,1
"org.apache.jackrabbit.core.state.XAItemStateManager",18,0.03,3.44,173,2.08,127597.59,24,6,15,52,23,72.58,125,231,3,2,104.80,0.00,0.50,0.19,5,118.00,15,6254.56,5,1,20,org.apache.jackrabbit.core.state.LocalItemStateManager,0.00,34,1,62,0,34,17,1,27,1242,1
"org.apache.jackrabbit.browser.JcrLoginFilter",4,1.00,2.00,26,0.40,13845.63,5,1,14,20,1,163.94,7,49,0,1,113.94,0.00,0.00,0.25,1,6.00,3,1189.35,0,1,1,java.lang.Object,0.00,16,0,8,0,16,3,1,4,232,1
"org.apache.jackrabbit.browser.JcrSessionListener",2,0.00,1.50,6,0.06,844.21,2,0,4,5,1,132.43,0,11,0,1,132.43,0.00,0.00,0.00,0,2.00,2,182.11,0,0,1,java.lang.Object,0.00,3,0,3,0,3,2,1,0,47,1
"org.apache.jackrabbit.ocm.query.Filter",17,0.00,1.00,18,0.11,361.37,17,0,0,17,18,210.55,28,20,18,1,160.55,0.00,0.00,0.00,0,17.00,1,338.06,0,16,0,,0.00,0,0,17,0,0,1,0,4,123,1
"org.apache.jackrabbit.ocm.query.Query",4,0.00,1.00,5,0.03,117.85,4,0,0,4,17,141.56,22,7,16,1,159.43,0.00,0.00,0.00,0,4.00,1,78.56,0,0,1,,0.00,0,0,4,0,0,4,0,5,30,1
"org.apache.jackrabbit.ocm.query.QueryManager",3,0.00,1.00,4,0.02,100.43,3,0,0,3,17,116.70,22,6,15,1,158.99,0.00,0.00,0.00,0,3.00,1,66.95,0,2,2,,0.00,0,0,3,0,0,1,0,4,25,1
"org.apache.jackrabbit.rmi.client.BrokenRemoteRepository",9,0.38,1.00,20,0.14,1329.56,10,1,4,10,3,100.40,65,31,1,1,142.69,0.00,0.00,0.67,0,0.00,1,406.69,0,6,2,java.lang.Object,0.00,1,0,9,0,1,3,1,12,118,1
"org.apache.jackrabbit.rmi.client.ClientAdapterFactory",26,0.00,1.04,56,0.53,6442.54,26,0,54,53,54,123.04,139,92,3,1,140.91,0.00,0.00,0.00,0,26.00,2,1600.95,0,26,51,java.lang.Object,0.00,27,0,27,1,27,0,1,27,429,1
"org.apache.jackrabbit.rmi.client.ClientItem",15,0.14,1.87,61,0.54,10599.67,17,2,7,31,8,126.20,64,99,3,1,125.96,0.00,0.00,0.37,3,0.00,4,1605.61,2,5,5,org.apache.jackrabbit.rmi.client.ClientObject,0.00,16,1,28,4,16,10,1,18,391,1
"org.apache.jackrabbit.rmi.client.ClientItemDefinition",7,0.17,2.00,33,0.27,5776.31,8,1,5,15,8,146.03,26,54,3,1,125.42,0.00,0.00,0.86,0,0.00,3,802.19,1,2,5,org.apache.jackrabbit.rmi.client.ClientObject,0.00,8,1,14,2,8,5,1,9,196,1
"org.apache.jackrabbit.rmi.client.ClientLock",8,0.07,1.75,32,0.25,4610.01,10,2,5,16,4,147.29,28,53,1,1,126.67,0.00,0.00,0.44,0,0.00,2,747.66,0,3,3,java.lang.Object,0.00,8,0,14,0,8,5,1,11,191,1
"org.apache.jackrabbit.rmi.client.ClientNamespaceRegistry",7,0.17,1.86,29,0.28,6048.57,8,1,4,14,5,145.89,23,52,1,1,125.27,0.00,0.00,0.86,0,0.00,2,841.90,0,4,4,org.apache.jackrabbit.rmi.client.ClientObject,0.00,7,1,13,0,7,3,1,9,202,1
"org.apache.jackrabbit.rmi.client.ClientNode",60,0.22,1.93,261,3.07,75411.04,61,1,21,115,10,173.98,86,444,3,2,123.98,2.00,0.25,0.78,2,0.00,3,9208.95,4,35,7,org.apache.jackrabbit.rmi.client.ClientItem,0.02,55,2,116,2,55,25,1,62,2060,1
"org.apache.jackrabbit.rmi.client.ClientNodeDefinition",4,0.33,2.00,21,0.18,4058.46,5,1,5,9,6,121.33,19,33,1,2,121.09,0.00,0.50,0.75,0,0.00,3,534.47,2,2,5,org.apache.jackrabbit.rmi.client.ClientItemDefinition,0.00,5,2,8,0,5,2,1,6,128,1
"org.apache.jackrabbit.rmi.client.ClientNodeType",19,0.17,2.05,92,0.87,24024.84,20,1,9,38,8,163.84,54,143,1,1,123.95,0.00,0.00,0.84,2,0.00,3,2616.03,1,10,7,org.apache.jackrabbit.rmi.client.ClientObject,0.00,19,1,39,0,19,9,1,23,607,1
"org.apache.jackrabbit.rmi.client.ClientNodeTypeManager",5,0.25,1.80,21,0.22,4300.41,6,1,6,12,5,125.53,21,37,1,1,125.30,0.00,0.00,0.80,0,0.00,2,664.49,1,4,4,org.apache.jackrabbit.rmi.client.ClientObject,0.00,7,1,9,1,7,1,1,7,158,1
"org.apache.jackrabbit.rmi.client.ClientObject",5,0.25,2.20,31,0.28,9762.21,6,1,10,11,20,71.75,55,38,13,1,115.88,0.00,0.00,0.80,1,0.00,3,840.77,0,4,7,java.lang.Object,0.00,6,0,11,28,6,1,0,8,196,1
"org.apache.jackrabbit.rmi.client.ClientObservationManager",5,0.08,1.60,25,0.28,6185.99,8,3,9,15,6,72.36,40,43,1,1,120.47,0.00,0.00,0.40,1,1.00,2,844.74,0,2,5,org.apache.jackrabbit.rmi.client.ClientObject,0.00,10,1,8,0,10,3,1,10,190,1
"org.apache.jackrabbit.rmi.client.ClientProperty",25,0.71,1.64,96,0.96,22749.91,26,1,12,46,6,130.02,123,145,1,2,129.79,0.00,0.50,0.32,3,97.00,3,2872.28,2,7,5,org.apache.jackrabbit.rmi.client.ClientItem,0.00,21,2,41,0,21,18,1,27,686,1
"org.apache.jackrabbit.rmi.client.ClientPropertyDefinition",5,0.25,1.80,21,0.17,3273.31,6,1,4,10,5,126.47,20,36,1,2,126.23,0.00,0.50,0.80,0,0.00,2,513.29,0,2,4,org.apache.jackrabbit.rmi.client.ClientItemDefinition,0.00,5,2,9,0,5,3,1,7,130,1
"org.apache.jackrabbit.rmi.client.ClientQuery",6,0.10,1.83,27,0.25,4721.00,8,2,7,14,6,146.21,23,45,1,1,125.60,0.00,0.00,0.58,0,0.00,2,753.79,2,5,5,org.apache.jackrabbit.rmi.client.ClientObject,0.00,8,1,11,0,8,1,1,9,182,1
"org.apache.jackrabbit.rmi.client.ClientQueryManager",4,0.17,1.75,21,0.23,4995.83,6,2,8,11,7,102.54,21,35,1,1,120.41,0.00,0.00,0.62,0,0.00,2,691.38,1,3,6,org.apache.jackrabbit.rmi.client.ClientObject,0.00,7,1,7,0,7,1,1,8,157,1
"org.apache.jackrabbit.rmi.client.ClientQueryResult",4,0.00,1.75,19,0.19,3460.84,6,2,7,10,5,107.41,21,32,1,1,125.28,0.00,0.00,0.50,0,0.00,2,559.34,1,3,4,org.apache.jackrabbit.rmi.client.ClientObject,0.00,6,1,7,0,6,1,1,7,134,1
"org.apache.jackrabbit.rmi.client.ClientRepository",7,0.17,1.86,33,0.36,7866.13,8,1,7,13,7,144.99,22,55,1,1,124.38,0.00,0.00,0.86,0,0.00,2,1078.16,1,6,6,org.apache.jackrabbit.rmi.client.ClientObject,0.00,6,1,13,0,6,1,1,9,243,1
"org.apache.jackrabbit.rmi.client.ClientRepositoryFactory",4,0.50,1.75,18,0.19,4674.34,6,2,12,9,7,86.69,50,30,3,1,124.26,0.00,0.00,0.12,1,6.00,4,574.76,0,2,4,java.lang.Object,0.00,5,0,7,0,5,2,1,7,129,1
"org.apache.jackrabbit.rmi.client.ClientRepositoryFactory$SafeClientRepository",1,0.00,4.00,7,0.10,3232.39,1,0,12,3,1,111.52,0,13,0,1,111.52,0.00,0.00,0.00,0,1.00,4,290.24,0,1,1,java.lang.Object,0.00,2,0,4,0,2,0,0,0,65,0
"org.apache.jackrabbit.rmi.client.ClientRow",3,0.50,1.67,12,0.11,2092.92,4,1,5,6,3,108.16,16,20,1,1,126.03,0.00,0.00,0.67,0,1.00,2,316.43,0,2,2,java.lang.Object,0.00,3,0,5,0,3,1,1,5,79,1
"org.apache.jackrabbit.rmi.client.ClientSession",32,0.01,2.16,158,1.82,45736.65,36,4,28,75,9,144.13,104,273,2,1,123.52,0.00,0.00,0.26,1,0.00,5,5471.50,2,15,7,org.apache.jackrabbit.rmi.client.ClientObject,0.00,43,1,69,1,43,17,1,39,1182,1
"org.apache.jackrabbit.rmi.client.ClientVersion",6,0.40,2.00,32,0.32,9448.27,7,1,7,13,5,101.72,32,47,1,3,119.59,0.00,0.67,0.67,1,0.00,3,963.49,2,5,4,org.apache.jackrabbit.rmi.client.ClientNode,0.00,7,3,12,0,7,1,1,9,220,1
"org.apache.jackrabbit.rmi.client.ClientVersionHistory",13,0.08,1.92,55,0.62,13113.42,14,1,9,27,5,164.62,31,102,1,3,124.74,0.00,0.67,0.92,0,0.00,2,1871.35,2,7,4,org.apache.jackrabbit.rmi.client.ClientNode,0.00,14,3,25,0,14,6,1,17,427,1
"org.apache.jackrabbit.rmi.client.ClientWorkspace",15,0.02,1.87,70,0.77,19551.70,18,3,19,36,10,163.75,44,119,1,1,123.87,0.00,0.00,0.31,0,0.00,3,2298.12,1,8,9,org.apache.jackrabbit.rmi.client.ClientObject,0.00,21,1,28,1,21,7,1,20,514,1
"org.apache.jackrabbit.rmi.client.ClientXAResource",12,0.18,1.75,46,0.45,8570.51,13,1,5,23,3,180.60,17,78,2,1,130.60,0.00,0.00,0.83,1,0.00,2,1343.74,0,2,1,java.lang.Object,0.00,11,0,21,0,11,10,1,4,324,1
"org.apache.jackrabbit.rmi.client.ClientXASession",2,1.00,1.50,9,0.08,1410.91,3,1,5,5,6,83.73,14,16,1,2,126.02,0.00,0.50,0.50,0,2.00,2,251.09,1,1,5,org.apache.jackrabbit.rmi.client.ClientSession,0.00,3,2,3,0,3,1,1,3,64,1
"org.apache.jackrabbit.rmi.client.LocalAdapterFactory",26,0.00,1.00,27,0.18,545.61,26,0,48,26,62,118.30,206,29,40,1,160.59,0.00,0.00,0.00,0,26.00,1,540.61,0,26,22,,0.00,0,0,26,0,0,0,0,27,191,1
"org.apache.jackrabbit.rmi.client.RemoteRepositoryException",1,0.00,1.00,3,0.02,106.02,1,0,2,1,19,107.87,13,5,19,2,137.25,0.00,0.50,0.00,0,1.00,1,45.51,0,0,0,javax.jcr.RepositoryException,0.00,0,1,1,0,0,1,0,2,16,1
"org.apache.jackrabbit.rmi.client.RemoteRuntimeException",1,0.00,1.00,3,0.02,106.02,1,0,1,1,14,107.87,13,5,14,2,137.25,0.00,0.50,0.00,0,1.00,1,45.51,0,0,0,java.lang.RuntimeException,0.00,0,1,1,0,0,1,0,2,16,1
"org.apache.jackrabbit.rmi.client.SafeClientRepository",9,0.62,1.78,41,0.41,11205.73,10,1,7,16,8,144.65,31,69,1,1,124.04,0.00,0.00,0.44,2,13.00,3,1224.74,1,8,7,org.apache.jackrabbit.rmi.client.ClientObject,0.00,7,1,16,0,7,1,1,10,287,2
"org.apache.jackrabbit.core.persistence.xml.XMLPersistenceManager",24,0.12,4.58,467,7.86,434227.90,54,30,42,156,25,57.20,167,636,0,2,89.42,1.00,0.33,0.15,5,0.00,13,23572.69,1,8,25,org.apache.jackrabbit.core.persistence.AbstractPersistenceManager,0.00,132,1,110,1,132,16,0,101,3830,1
"org.apache.jackrabbit.webdav.jcr.version.VersionHistoryItemCollection",5,1.00,2.60,42,0.62,15800.22,6,1,21,31,15,61.43,42,65,1,4,109.53,0.00,0.75,0.20,0,2.00,4,1847.72,6,2,14,org.apache.jackrabbit.webdav.jcr.DefaultItemCollection,0.08,26,3,13,0,26,3,1,13,369,1
"org.apache.jackrabbit.webdav.jcr.version.VersionItemCollection",7,1.00,3.00,62,0.96,28694.33,8,1,29,46,19,60.51,61,89,1,4,108.61,0.00,0.75,0.14,1,15.00,6,2876.57,6,3,18,org.apache.jackrabbit.webdav.jcr.DefaultItemCollection,0.12,39,3,21,0,39,4,1,20,533,1
"org.apache.jackrabbit.jcr.NodeIteratorImpl",10,0.10,1.80,65,0.60,15875.40,19,9,12,25,7,66.63,96,86,1,1,116.63,0.00,0.00,0.20,2,26.00,4,1790.98,0,2,6,java.lang.Object,0.00,15,0,18,0,15,8,1,28,384,1
"org.apache.jackrabbit.jcr.QueryImpl",7,0.21,2.14,62,0.95,34872.95,15,8,24,33,13,59.54,70,92,1,1,108.02,0.00,0.00,0.30,0,0.00,5,2851.68,0,5,12,java.lang.Object,0.00,26,0,15,0,26,2,1,17,539,1
"org.apache.jackrabbit.jcr.QueryManagerImpl",5,0.35,1.20,25,0.25,3868.95,10,5,10,9,6,72.14,45,38,1,1,122.14,0.00,0.00,0.48,1,0.00,2,744.67,0,3,5,java.lang.Object,0.00,4,0,6,0,4,2,1,12,176,1
"org.apache.jackrabbit.jcr.QueryResultImpl",5,0.17,1.40,32,0.33,9329.46,11,6,14,12,11,66.14,45,40,1,1,116.14,0.00,0.00,0.30,1,2.00,3,990.48,0,4,10,java.lang.Object,0.00,7,0,7,0,7,1,1,12,217,0
"org.apache.jackrabbit.jcr.QueryTest",2,0.00,2.50,30,0.41,15712.87,2,0,7,16,2,116.86,6,31,1,5,96.24,0.00,0.80,0.00,0,0.00,3,1222.97,1,0,1,org.apache.jackrabbit.test.api.query.AbstractQueryTest,0.00,14,4,5,0,14,2,0,2,223,1
"org.apache.jackrabbit.jcr.RowIteratorImpl",8,0.11,1.00,25,0.20,2311.21,12,4,20,17,10,85.35,83,34,1,1,133.82,0.00,0.00,0.16,1,0.00,1,613.09,0,2,9,java.lang.Object,0.00,9,0,8,0,9,6,1,17,162,0
"org.apache.jackrabbit.jcr.RowIteratorImpl$RowImpl",3,0.17,4.00,41,0.49,25129.42,6,3,20,15,7,78.09,43,50,0,1,98.24,0.00,0.00,0.44,1,1.00,7,1467.71,0,2,7,java.lang.Object,0.00,12,0,12,0,12,1,1,10,281,0
"org.apache.jackrabbit.jcr.ScoreNodeIterator",1,0.00,1.00,2,0.01,48.43,1,0,1,1,2,117.12,13,3,2,2,146.50,0.00,0.50,0.00,0,1.00,1,27.12,0,0,0,,0.00,0,1,1,0,0,1,0,2,11,1
"org.apache.jackrabbit.jcr.TestAll",1,0.00,1.00,5,0.04,864.35,1,0,3,3,1,142.42,3,7,0,2,121.80,0.00,0.50,0.00,0,1.00,1,115.51,0,1,1,junit.framework.TestCase,0.00,2,1,1,0,2,0,0,1,31,1
"org.apache.jackrabbit.spi.rmi.remote.RemoteIterator",3,0.00,1.00,4,0.03,141.55,3,0,3,3,7,109.34,30,5,7,2,157.82,0.00,0.50,0.00,0,3.00,1,81.79,0,1,0,,0.00,0,1,3,0,0,2,0,4,29,1
"org.apache.jackrabbit.spi.rmi.remote.RemoteQueryInfo",2,0.00,1.00,3,0.02,130.32,2,0,3,2,7,124.49,12,4,5,2,156.72,0.00,0.50,0.00,0,2.00,1,59.16,0,2,2,,0.00,0,1,2,0,0,0,0,3,21,1
"org.apache.jackrabbit.spi.rmi.remote.RemoteRepositoryService",46,0.00,1.00,47,0.79,5192.09,46,0,20,46,21,104.84,445,155,4,2,154.84,0.00,0.50,0.00,0,46.00,1,2362.59,0,18,17,,0.00,0,1,46,0,0,28,0,47,632,1
"org.apache.jackrabbit.spi.rmi.remote.RemoteSessionInfo",7,0.00,1.00,8,0.06,380.10,7,0,2,7,6,177.95,24,9,6,2,157.34,0.00,0.50,0.00,0,7.00,1,184.05,0,4,0,,0.00,0,1,7,0,0,3,0,8,62,1
"org.apache.jackrabbit.core.jndi.provider.DummyContext",34,0.42,1.41,121,1.23,26112.70,36,2,17,57,2,151.02,113,169,2,2,130.40,0.00,0.50,0.09,14,198.00,3,3702.92,1,21,0,java.util.Hashtable,0.00,23,1,48,0,23,13,2,39,879,0
"org.apache.jackrabbit.core.jndi.provider.DummyContext$BindingEnum",2,0.00,1.00,6,0.05,692.27,2,0,17,5,0,133.21,0,9,0,2,133.21,0.00,0.50,0.00,0,2.00,1,143.20,0,1,0,org.apache.jackrabbit.core.jndi.provider.NamingEnum,0.00,3,1,2,0,3,1,0,0,41,0
"org.apache.jackrabbit.core.jndi.provider.DummyContext$FlatNameParser",1,0.00,1.00,7,0.06,832.71,2,1,17,3,0,137.09,3,10,0,1,116.48,0.00,0.00,1.00,0,0.00,1,180.99,0,1,0,java.lang.Object,0.00,2,0,1,0,2,0,1,1,49,1
"org.apache.jackrabbit.core.jndi.provider.DummyContext$NamingEnum",6,0.20,1.00,17,0.13,1732.88,8,2,17,13,0,140.39,0,24,0,1,140.39,0.00,0.00,0.33,2,6.00,1,398.94,0,2,0,java.lang.Object,0.00,7,0,6,0,7,4,1,0,110,0
"org.apache.jackrabbit.core.jndi.provider.DummyInitialContextFactory",1,0.00,3.00,12,0.15,6408.85,2,1,5,7,4,50.52,9,17,3,1,100.51,0.00,0.00,1.00,0,0.00,3,443.66,0,1,1,java.lang.Object,0.00,6,0,3,0,6,0,1,3,94,1
"org.apache.jackrabbit.core.fs.mem.MemoryFile",3,1.00,1.00,8,0.06,741.03,4,1,0,3,2,140.93,0,12,1,2,140.93,0.00,0.50,0.33,0,4.00,1,167.44,0,0,1,org.apache.jackrabbit.core.fs.mem.MemoryFileSystemEntry,0.29,0,1,3,0,0,3,0,0,48,1
"org.apache.jackrabbit.core.fs.mem.MemoryFileSystem",27,0.73,1.59,127,1.35,38382.96,28,1,14,58,7,123.61,1,172,1,1,123.61,0.00,0.00,0.30,11,115.00,4,4048.17,0,9,6,java.lang.Object,0.00,31,0,43,0,31,18,1,1,898,1
"org.apache.jackrabbit.core.fs.mem.MemoryFileSystem$ByteArrayOutputStream",1,0.00,1.00,4,0.03,354.66,1,0,14,4,0,128.46,0,5,0,1,128.46,0.00,0.00,0.00,0,1.00,1,99.38,0,0,0,java.lang.Object,0.00,3,0,1,0,3,1,0,0,28,0
"org.apache.jackrabbit.core.fs.mem.MemoryFileSystemEntry",4,0.67,1.00,9,0.05,446.31,5,1,0,5,3,143.65,0,13,3,1,143.65,0.00,0.00,0.50,0,4.00,1,157.94,0,0,0,java.lang.Object,0.00,1,0,4,2,1,4,0,0,49,2
"org.apache.jackrabbit.core.fs.mem.MemoryFileSystemTest",17,0.25,1.12,97,1.01,20016.64,19,2,7,45,3,120.72,4,119,0,2,120.72,0.00,0.50,0.74,2,0.00,2,3020.14,1,0,3,junit.framework.TestCase,0.00,28,1,19,0,28,17,0,4,687,1
"org.apache.jackrabbit.core.fs.mem.MemoryFolder",1,0.00,1.00,3,0.01,91.02,1,0,0,1,2,137.77,0,5,1,2,137.77,0.00,0.50,0.00,0,1.00,1,39.51,0,0,1,org.apache.jackrabbit.core.fs.mem.MemoryFileSystemEntry,0.40,0,1,1,0,0,1,0,0,14,1
"org.apache.jackrabbit.core.journal.AbstractJournal",18,0.05,1.72,97,1.05,29174.23,24,6,9,45,11,87.30,119,144,4,1,119.53,0.00,0.00,0.12,6,138.00,6,3141.81,0,2,9,java.lang.Object,0.00,27,0,31,3,27,16,1,28,668,2
"org.apache.jackrabbit.core.journal.AbstractRecord",14,0.04,2.21,102,1.14,34041.04,18,4,22,50,21,112.87,60,140,2,1,112.63,0.00,0.00,0.21,4,54.00,4,3420.00,0,6,19,java.lang.Object,0.00,36,0,31,2,36,8,1,19,710,2
"org.apache.jackrabbit.core.journal.AppendRecord",24,0.03,1.92,148,1.44,36238.80,37,13,11,54,6,117.03,105,214,4,2,116.79,0.00,0.50,0.11,5,120.00,6,4307.36,0,4,3,org.apache.jackrabbit.core.journal.AbstractRecord,0.00,30,1,46,0,30,20,0,32,908,1
"org.apache.jackrabbit.core.journal.DatabaseJournal",35,0.03,2.14,246,2.65,92391.00,53,18,15,84,9,80.14,216,358,3,2,112.36,1.00,0.33,0.09,7,585.00,8,7936.34,1,10,7,org.apache.jackrabbit.core.journal.AbstractJournal,0.11,49,1,75,1,49,25,0,49,1585,1
"org.apache.jackrabbit.core.journal.DatabaseRecordIterator",6,0.23,2.33,49,0.47,10351.48,12,6,8,19,6,69.34,47,67,1,1,111.63,0.00,0.00,0.36,2,0.00,3,1424.89,0,0,6,java.lang.Object,0.00,13,0,14,0,13,6,1,13,305,0
"org.apache.jackrabbit.core.journal.DefaultRecordProducer",3,0.00,1.33,17,0.13,2872.50,5,2,0,7,5,79.09,23,24,1,1,121.38,0.00,0.00,0.50,0,1.00,2,400.29,0,1,5,java.lang.Object,0.00,4,0,4,0,4,2,1,6,98,1
"org.apache.jackrabbit.core.journal.FileJournal",14,0.07,1.86,88,1.07,37384.43,25,11,9,47,8,96.97,79,118,0,2,114.85,0.00,0.50,0.16,2,66.00,5,3210.68,2,2,8,org.apache.jackrabbit.core.journal.AbstractJournal,0.19,33,1,26,0,33,12,0,22,629,1
"org.apache.jackrabbit.core.journal.FileJournal$Comparator",1,0.00,1.00,5,0.04,805.33,1,0,9,2,0,122.04,0,6,0,1,122.04,0.00,0.00,0.00,0,1.00,1,128.00,0,0,0,java.lang.Object,0.00,1,0,1,0,1,1,0,0,34,0
"org.apache.jackrabbit.core.journal.FileJournal$Comparator_1",1,0.00,1.00,5,0.04,805.33,1,0,9,2,0,122.04,0,6,0,1,122.04,0.00,0.00,0.00,0,1.00,1,128.00,0,0,0,java.lang.Object,0.00,1,0,1,0,1,1,0,0,34,0
"org.apache.jackrabbit.core.journal.FileJournal$FilenameFilter",1,0.00,1.00,3,0.03,292.00,1,0,9,2,0,133.79,0,4,0,1,133.79,0.00,0.00,0.00,0,0.00,1,80.00,0,0,0,java.lang.Object,0.00,1,0,1,0,1,1,0,0,22,0
"org.apache.jackrabbit.core.journal.FileJournal$FilenameFilter_0",1,0.00,1.00,3,0.03,292.00,1,0,9,2,0,133.79,0,4,0,1,133.79,0.00,0.00,0.00,0,0.00,1,80.00,0,0,0,java.lang.Object,0.00,1,0,1,0,1,1,0,0,22,0
"org.apache.jackrabbit.core.journal.FileRecordIterator",5,0.12,3.20,54,0.52,27069.93,11,6,4,15,7,54.03,45,72,1,1,104.03,0.00,0.00,0.27,1,9.00,9,1558.60,0,1,6,java.lang.Object,0.00,10,0,16,0,10,4,1,12,322,0
"org.apache.jackrabbit.core.journal.FileRecordLog",16,0.10,2.19,139,1.59,56762.74,29,13,12,52,4,61.07,132,182,2,1,109.18,0.00,0.00,0.17,4,80.00,4,4772.60,0,1,2,java.lang.Object,0.00,36,0,35,0,36,15,0,30,957,0
"org.apache.jackrabbit.core.journal.FileRevision",3,0.17,2.67,26,0.29,8033.15,6,3,5,14,2,61.62,30,38,1,1,110.09,0.00,0.00,0.44,1,0.00,4,867.30,0,0,1,java.lang.Object,0.00,11,0,8,0,11,3,0,7,183,1
"org.apache.jackrabbit.core.journal.Journal",6,0.00,1.00,7,0.05,288.42,6,0,1,6,6,125.53,40,8,2,1,157.76,0.00,0.00,0.00,0,6.00,1,154.03,0,0,4,,0.00,0,0,6,0,0,6,0,7,52,1
"org.apache.jackrabbit.core.journal.JournalException",2,0.00,1.00,5,0.03,221.18,2,0,1,2,21,93.68,18,8,20,3,143.68,0.00,0.67,0.00,0,2.00,1,88.69,0,0,1,org.apache.jackrabbit.BaseException,0.00,0,2,2,0,0,2,0,3,29,1
"org.apache.jackrabbit.core.journal.LockableFileRevision",5,0.35,3.80,57,0.66,25317.94,10,5,6,21,2,54.57,43,86,1,1,102.68,0.00,0.00,0.48,2,0.00,6,1994.68,0,0,1,java.lang.Object,0.00,16,0,19,0,16,5,0,11,396,0
"org.apache.jackrabbit.core.journal.OracleDatabaseJournal",3,0.00,1.67,18,0.16,4301.40,5,2,1,7,2,74.71,21,25,0,3,117.00,0.00,0.67,0.50,0,1.00,2,475.96,1,2,2,org.apache.jackrabbit.core.journal.DatabaseJournal,0.00,4,2,5,0,4,1,0,8,112,1
"org.apache.jackrabbit.core.journal.ReadRecord",22,0.02,1.55,96,0.82,20535.04,28,6,4,32,7,145.67,66,140,3,2,125.05,0.00,0.50,0.14,2,130.00,4,2450.86,0,3,4,org.apache.jackrabbit.core.journal.AbstractRecord,0.00,10,1,34,0,10,19,0,20,572,0
"org.apache.jackrabbit.core.journal.Record",29,0.00,1.00,30,0.23,1417.13,29,0,5,29,19,139.83,172,31,13,1,157.70,0.00,0.00,0.00,0,29.00,1,688.92,0,9,6,,0.00,0,0,29,0,0,20,0,30,231,1
"org.apache.jackrabbit.core.journal.RecordConsumer",4,0.00,1.00,5,0.02,105.78,4,0,0,4,4,127.58,24,6,3,1,159.80,0.00,0.00,0.00,0,4.00,1,70.52,0,1,1,,0.00,0,0,4,0,0,3,0,5,28,1
"org.apache.jackrabbit.core.journal.RecordIterator",3,0.00,1.00,4,0.02,94.83,3,0,1,3,7,116.90,21,5,5,1,159.19,0.00,0.00,0.00,0,3.00,1,55.22,0,0,2,,0.00,0,0,3,0,0,3,0,4,22,1
"org.apache.jackrabbit.core.journal.RecordProducer",1,0.00,1.00,2,0.01,51.30,1,0,0,1,5,102.18,11,3,3,1,146.30,0.00,0.00,0.00,0,1.00,1,27.65,0,0,2,,0.00,0,0,1,0,0,1,0,2,11,1
"org.apache.jackrabbit.servlet.jackrabbit.JackrabbitRepositoryServlet",4,0.17,2.25,35,0.44,16534.64,6,2,12,21,4,98.29,60,58,0,3,108.65,0.00,0.67,0.38,1,0.00,4,1310.84,3,1,4,org.apache.jackrabbit.servlet.AbstractRepositoryServlet,0.90,17,2,9,0,17,3,0,7,257,1
"org.apache.portals.graffito.jcr.spring.test.model.Article",12,0.08,1.00,32,0.21,3027.84,19,7,3,13,3,140.86,6,58,3,1,140.86,0.00,0.00,0.07,0,72.00,1,635.49,0,6,0,java.lang.Object,0.00,1,0,12,0,1,6,0,1,175,1
"org.apache.portals.graffito.jcr.spring.test.model.News",6,0.15,1.00,17,0.12,1628.33,10,4,3,7,4,190.61,6,31,4,1,140.61,0.00,0.00,0.12,0,18.00,1,353.86,0,3,0,java.lang.Object,0.00,1,0,6,0,1,3,0,1,97,1
"org.apache.jackrabbit.base.BaseItem",14,0.00,1.50,46,0.39,10029.78,14,0,7,23,2,170.51,37,69,2,1,130.63,0.00,0.00,0.00,4,14.00,4,1156.39,0,5,0,java.lang.Object,0.00,9,0,21,3,9,9,1,15,284,1
"org.apache.jackrabbit.base.BaseNamespaceRegistry",6,0.00,1.67,27,0.31,8576.79,8,2,4,10,1,75.10,61,40,1,1,123.58,0.00,0.00,0.50,0,2.00,3,924.27,0,4,0,java.lang.Object,0.00,4,0,10,1,4,2,1,9,206,1
"org.apache.jackrabbit.base.BaseNode",61,0.00,1.28,216,2.64,64041.05,61,0,41,95,8,149.97,207,368,0,2,129.36,1.00,0.33,0.00,9,61.00,4,7907.94,2,37,8,org.apache.jackrabbit.base.BaseItem,0.05,34,1,78,1,34,24,1,65,1740,1
"org.apache.jackrabbit.base.BaseProperty",26,0.00,1.08,62,0.67,9784.51,26,0,14,40,1,160.09,95,100,0,2,139.47,0.00,0.50,0.00,4,26.00,2,2021.10,1,7,1,org.apache.jackrabbit.base.BaseItem,0.05,14,1,28,0,14,19,1,27,507,1
"org.apache.jackrabbit.base.BaseRepository",6,0.00,1.00,13,0.10,1159.42,6,0,5,7,0,93.29,63,21,0,1,141.77,0.00,0.00,0.00,1,6.00,1,300.32,0,6,0,java.lang.Object,0.00,1,0,6,1,1,0,1,7,87,1
"org.apache.jackrabbit.base.BaseSession",31,1.00,1.55,120,1.48,39412.43,32,1,35,74,3,80.18,314,207,0,1,128.66,0.00,0.00,0.03,8,60.00,4,4445.19,0,15,3,java.lang.Object,0.00,43,0,48,1,43,16,1,33,948,1
"org.apache.jackrabbit.base.BaseWorkspace",14,1.00,1.14,36,0.48,7893.29,15,1,27,24,1,177.96,30,81,0,1,138.08,0.00,0.00,0.07,3,26.00,3,1454.72,0,8,1,java.lang.Object,0.00,10,0,16,1,10,6,1,15,330,1
"org.apache.jackrabbit.jcr.ChildNodeAttic",8,0.36,2.38,51,0.42,7867.24,10,2,8,21,3,158.09,16,59,1,1,118.21,0.00,0.00,0.19,0,14.00,4,1265.65,0,3,3,java.lang.Object,0.00,13,0,19,0,13,5,0,5,290,0
"org.apache.jackrabbit.jcr.ChildNodeEntries",13,2.00,1.00,16,0.10,558.26,15,2,8,13,6,110.04,106,17,2,1,158.14,0.00,0.00,0.00,0,13.00,1,300.77,0,2,4,,0.00,0,0,13,0,0,11,0,14,105,1
"org.apache.jackrabbit.jcr.ChildNodeEntriesImpl",16,0.04,3.25,171,2.09,95514.78,22,6,20,58,9,61.40,124,201,1,1,103.69,0.00,0.00,0.21,5,42.00,10,6281.22,0,8,8,java.lang.Object,0.00,42,0,52,0,42,8,1,53,1211,1
"org.apache.jackrabbit.jcr.ChildNodeEntriesImpl$LinkedEntries",8,0.00,1.50,37,0.29,5276.95,8,0,20,16,2,94.03,55,48,0,2,126.25,0.00,0.50,0.00,1,8.00,3,861.28,0,4,2,org.apache.commons.collections.list.AbstractLinkedList,0.00,8,1,12,0,8,4,0,13,217,2
"org.apache.jackrabbit.jcr.ChildNodeEntriesImpl$LinkedEntries$LinkNode",7,0.67,1.29,23,0.22,5077.41,8,1,20,12,3,180.62,11,32,0,2,130.62,0.00,0.50,0.43,1,10.00,3,650.40,3,3,3,Node,0.00,5,1,9,0,5,4,0,5,161,2
"org.apache.jackrabbit.jcr.ChildNodeEntriesImpl$LinkedEntries$LinkNodeIterator",4,0.17,1.50,18,0.14,2317.91,6,2,20,9,0,126.69,0,25,0,1,126.69,0.00,0.00,0.38,1,6.00,2,421.41,0,1,0,java.lang.Object,0.00,5,0,6,0,5,3,1,0,106,1
"org.apache.jackrabbit.jcr.ChildNodeEntriesImpl$LinkedEntries$NameMap",9,0.06,3.11,85,0.99,39101.34,11,2,20,26,3,106.73,40,108,0,1,106.50,0.00,0.00,0.56,2,0.00,5,2962.40,0,6,3,java.lang.Object,0.00,17,0,28,0,17,3,0,15,615,2
"org.apache.jackrabbit.jcr.ChildPropertyEntries",7,0.00,1.00,8,0.04,194.22,7,0,2,7,4,127.41,45,9,2,1,159.64,0.00,0.00,0.00,0,7.00,1,129.48,0,2,2,,0.00,0,0,7,0,0,5,0,8,49,1
"org.apache.jackrabbit.jcr.ChildPropertyEntriesImpl",8,0.04,1.62,45,0.43,8279.46,12,4,12,24,6,141.69,26,54,1,1,121.07,0.00,0.00,0.28,2,0.00,3,1279.57,0,2,5,java.lang.Object,0.00,16,0,13,0,16,6,1,10,294,1
"org.apache.jackrabbit.jcr.EntryFactory",8,0.09,1.25,30,0.28,5393.36,13,5,5,15,11,170.76,17,41,6,1,130.88,0.00,0.00,0.12,0,34.00,2,847.70,0,3,7,java.lang.Object,0.00,7,0,10,0,7,5,0,6,206,1
"org.apache.jackrabbit.jcr.EntryFactory$NodeEntryListener",2,0.00,1.00,3,0.02,84.27,2,0,5,2,1,158.21,0,4,0,1,158.21,0.00,0.00,0.00,0,2.00,1,56.18,0,0,1,,0.00,0,0,2,0,0,2,0,0,20,1
"org.apache.jackrabbit.jcr.EntryValidation",3,1.00,4.00,28,0.27,7742.32,4,1,5,10,3,78.84,39,43,1,1,108.22,0.00,0.00,0.00,0,3.00,5,796.59,0,0,2,java.lang.Object,0.00,7,0,12,0,7,3,0,14,177,1
"org.apache.jackrabbit.jcr.HierarchyEntry",15,0.00,1.00,16,0.10,541.64,15,0,8,15,19,110.63,122,17,15,1,158.73,0.00,0.00,0.00,0,15.00,1,297.85,0,4,6,,0.00,0,0,15,0,0,11,0,16,107,1
"org.apache.jackrabbit.jcr.HierarchyEntryImpl",19,0.13,2.53,119,1.35,47247.17,24,5,11,42,12,72.73,145,179,3,1,115.02,0.00,0.00,0.07,6,109.00,7,4036.31,0,8,10,java.lang.Object,0.00,23,0,48,2,23,11,1,50,836,1
"org.apache.jackrabbit.jcr.HierarchyEventListener",5,0.08,4.80,75,0.98,71420.11,8,3,18,25,10,45.57,51,86,1,1,94.05,0.00,0.00,0.27,2,10.00,15,2944.20,0,2,10,java.lang.Object,0.00,20,0,24,0,20,3,1,21,529,1
"org.apache.jackrabbit.jcr.HierarchyManager",8,0.00,1.00,9,0.08,428.10,8,0,6,8,19,109.28,70,10,14,1,157.39,0.00,0.00,0.00,0,8.00,1,226.77,0,4,5,,0.00,0,0,8,0,0,4,0,9,73,1
"org.apache.jackrabbit.jcr.HierarchyManagerImpl",9,0.06,2.33,73,0.76,22036.15,13,4,11,30,12,131.05,31,97,1,1,110.43,0.00,0.00,0.31,2,15.00,4,2289.32,0,4,11,java.lang.Object,0.00,21,0,21,0,21,5,1,12,487,1
"org.apache.jackrabbit.jcr.NodeEntry",27,0.00,1.00,28,0.25,1444.66,27,0,15,27,59,109.28,227,29,51,2,157.39,0.00,0.50,0.00,0,27.00,1,759.90,0,18,10,,0.00,0,1,27,0,0,9,0,28,240,1
"org.apache.jackrabbit.jcr.NodeEntryImpl",63,0.03,3.25,588,7.49,328084.77,70,7,35,226,31,63.57,470,744,6,2,105.87,0.00,0.50,0.11,19,1740.00,15,22484.51,11,23,28,org.apache.jackrabbit.jcr2spi.hierarchy.HierarchyEntryImpl,0.15,163,1,205,0,163,40,1,190,4309,1
"org.apache.jackrabbit.jcr.NodeEntryImpl$RevertInfo",7,0.08,3.71,72,0.79,23569.64,11,4,35,31,6,145.51,14,93,0,1,105.62,0.00,0.00,0.18,1,21.00,7,2359.15,0,0,6,java.lang.Object,0.00,24,0,26,0,24,7,1,12,479,1
"org.apache.jackrabbit.jcr.PropertyEntry",3,0.00,1.00,4,0.02,113.85,3,0,4,3,29,116.27,22,5,28,2,158.56,0.00,0.50,0.00,0,3.00,1,62.73,0,3,2,,0.00,0,1,3,0,0,0,0,4,24,1
"org.apache.jackrabbit.jcr.PropertyEntryImpl",9,0.00,1.22,27,0.29,4934.53,9,0,9,18,12,113.71,51,40,2,2,131.59,0.00,0.50,0.00,1,12.00,2,879.43,4,5,11,org.apache.jackrabbit.jcr2spi.hierarchy.HierarchyEntryImpl,0.14,9,1,11,0,9,4,1,14,215,1
"org.apache.jackrabbit.jcr.UniqueIdResolver",9,0.04,3.00,69,0.80,24113.98,12,3,14,34,9,94.36,45,95,1,1,112.23,0.00,0.00,0.30,2,0.00,8,2411.30,0,2,8,java.lang.Object,0.00,25,0,27,0,25,7,2,15,504,1
"org.apache.jackrabbit.ocm.querymanager.AllTests",2,0.00,1.00,7,0.05,899.31,2,0,3,5,3,152.93,7,10,1,1,132.31,0.00,0.00,0.00,1,2.00,1,155.16,0,2,2,java.lang.Object,0.00,3,0,2,0,3,0,0,3,42,1
"org.apache.jackrabbit.ocm.querymanager.QueryManagerTest",4,1.00,1.50,29,0.40,8400.39,5,1,10,19,8,153.11,10,52,2,3,113.22,0.00,0.67,0.00,0,4.00,2,1201.05,1,1,6,org.apache.jackrabbit.ocm.TestBase,0.00,15,2,6,0,15,3,0,3,234,1
"org.apache.jackrabbit.ocm.testmodel.proxy.Detail",4,0.33,1.00,11,0.06,636.45,6,2,0,4,2,142.43,0,17,2,1,142.43,0.00,0.00,0.25,0,8.00,1,182.32,0,2,0,java.lang.Object,0.00,0,0,4,0,0,2,0,0,56,1
"org.apache.jackrabbit.ocm.testmodel.proxy.Main",12,0.09,1.00,31,0.18,1925.02,18,6,1,12,3,142.40,0,45,2,1,142.40,0.00,0.00,0.08,0,72.00,1,546.67,0,3,1,java.lang.Object,0.00,0,0,12,0,0,9,0,0,160,1
"org.apache.jackrabbit.ocm.testmodel.proxy.NTDetail",4,0.33,1.00,11,0.06,636.45,6,2,0,4,1,142.43,0,17,1,1,142.43,0.00,0.00,0.25,0,8.00,1,182.32,0,2,0,java.lang.Object,0.00,0,0,4,0,0,2,0,0,56,1
"org.apache.jackrabbit.ocm.testmodel.proxy.NTMain",4,0.33,1.00,11,0.06,614.04,6,2,1,4,1,142.56,1,17,1,1,142.56,0.00,0.00,0.25,0,8.00,1,184.45,0,2,0,java.lang.Object,0.00,0,0,4,0,0,2,0,1,56,1
"org.apache.jackrabbit.lite.LiteNamespaceRegistry",6,0.20,1.50,27,0.33,8100.71,7,1,7,19,1,123.80,3,40,0,2,123.80,0.00,0.50,0.83,1,0.00,3,1000.63,0,4,1,org.apache.jackrabbit.base.BaseNamespaceRegistry,0.33,13,1,9,0,13,2,1,1,228,1
"org.apache.jackrabbit.lite.LiteNode",2,1.00,1.00,6,0.04,451.66,3,1,4,2,1,184.67,3,9,0,3,134.67,0.00,0.67,0.50,0,2.00,1,124.80,0,1,1,org.apache.jackrabbit.base.BaseNode,0.04,0,2,2,0,0,1,1,1,36,1
"org.apache.jackrabbit.lite.LiteRepository",4,0.33,1.00,12,0.13,2000.79,5,1,5,11,1,114.07,22,19,0,2,131.95,0.00,0.50,0.75,1,0.00,1,386.75,0,2,1,org.apache.jackrabbit.base.BaseRepository,0.20,7,1,4,0,7,2,1,4,100,1
"org.apache.jackrabbit.lite.LiteSession",14,0.04,1.00,35,0.29,3929.07,20,6,8,25,1,140.73,68,51,0,2,140.49,0.00,0.50,0.13,0,118.00,1,878.28,0,6,1,org.apache.jackrabbit.base.BaseSession,0.31,11,1,14,0,11,8,1,16,233,1
"org.apache.jackrabbit.lite.LiteWorkspace",6,0.20,1.00,16,0.10,1068.65,9,3,5,6,1,142.05,3,23,0,2,142.05,0.00,0.50,0.17,0,18.00,1,298.92,0,3,1,org.apache.jackrabbit.base.BaseWorkspace,0.30,0,1,6,0,0,3,1,1,86,1
"org.apache.jackrabbit.ocm.manager.auto.AllTests",2,0.00,1.00,7,0.05,899.31,2,0,3,5,3,152.93,7,10,1,1,132.31,0.00,0.00,0.00,1,2.00,1,155.16,0,2,2,java.lang.Object,0.00,3,0,2,0,3,0,0,3,42,1
"org.apache.jackrabbit.ocm.manager.auto.ObjectContentManagerAutoTest",5,1.00,1.00,56,0.80,26698.21,6,1,16,35,12,70.58,34,64,2,3,102.80,0.00,0.67,0.00,0,8.00,1,2400.91,4,1,10,org.apache.jackrabbit.ocm.TestBase,0.33,30,2,5,0,30,4,0,27,439,1
"org.apache.jackrabbit.jcrlog.player.Arg",6,0.15,2.00,40,0.32,11777.69,10,4,1,12,4,165.88,6,47,2,1,115.88,0.00,0.00,0.38,0,0.00,5,968.28,0,3,3,java.lang.Object,0.00,6,0,12,0,6,3,0,1,228,0
"org.apache.jackrabbit.jcrlog.player.Parser",11,0.12,5.00,197,2.57,183085.65,21,10,3,47,5,141.49,15,255,2,1,91.49,0.00,0.00,0.21,6,27.00,17,7703.11,0,3,4,java.lang.Object,0.00,36,0,55,0,36,8,0,10,1315,0
"org.apache.jackrabbit.jcrlog.player.Player",12,0.01,3.08,110,1.43,76654.53,19,7,4,44,7,155.18,23,145,5,1,105.18,0.00,0.00,0.13,5,76.00,14,4277.38,0,3,4,java.lang.Object,0.00,32,0,37,0,32,9,0,3,793,1
"org.apache.jackrabbit.jcrlog.player.Statement",10,0.12,3.30,124,1.42,85161.31,25,15,4,41,3,149.52,10,149,3,1,99.52,0.00,0.00,0.17,0,26.00,11,4266.44,0,4,2,java.lang.Object,0.00,31,0,33,0,31,6,0,5,787,0
"org.apache.jackrabbit.jcr.EventImpl",6,0.05,2.33,43,0.46,11702.01,10,4,7,18,5,71.08,46,56,1,1,113.37,0.00,0.00,0.29,4,6.00,6,1387.26,0,4,4,java.lang.Object,0.00,12,0,14,0,12,2,1,12,300,1
"org.apache.jackrabbit.jcr.FilteredEventIterator",9,0.00,1.44,40,0.37,7568.35,16,7,9,17,6,83.13,67,55,1,1,125.43,0.00,0.00,0.14,2,21.00,3,1116.08,0,2,5,java.lang.Object,0.00,8,0,13,0,8,7,1,17,261,0
"org.apache.jackrabbit.jcr.InternalEventListener",2,0.00,1.00,3,0.01,58.89,2,0,3,2,5,109.43,19,4,3,1,159.43,0.00,0.00,0.00,0,2.00,1,39.26,0,1,2,,0.00,0,0,2,0,0,1,0,3,16,1
"org.apache.jackrabbit.jcr.ObservationManagerImpl",7,0.26,2.57,76,0.89,36864.59,14,7,24,32,15,61.88,51,104,1,1,104.17,0.00,0.00,0.37,1,0.00,7,2672.97,0,2,14,java.lang.Object,0.00,25,0,18,0,25,5,2,18,506,1
"org.apache.jackrabbit.jcr.ObservationManagerImpl$ListenerIterator",2,0.00,1.00,5,0.03,301.27,2,0,24,2,1,142.62,0,9,0,2,142.62,0.00,0.50,0.00,0,2.00,1,96.22,1,1,1,org.apache.jackrabbit.util.IteratorHelper,0.00,0,1,2,0,0,1,1,0,31,3
"org.apache.jackrabbit.rmi.observation.ClientEventPoll",7,0.07,2.29,58,0.70,20498.11,16,9,12,25,4,118.95,123,78,1,2,109.82,0.00,0.50,0.17,1,8.00,6,2113.96,0,2,3,java.lang.Thread,0.00,18,1,16,0,18,5,0,29,428,1
"org.apache.jackrabbit.rmi.observation.ClientEventPoll$JCREvent",4,0.22,1.00,14,0.10,1136.56,7,3,12,7,0,154.50,15,19,0,1,133.88,0.00,0.00,0.50,0,0.00,1,296.45,0,2,0,java.lang.Object,0.00,3,0,4,0,3,2,1,7,80,2
"org.apache.jackrabbit.rmi.observation.Queue",3,0.00,1.67,15,0.11,1823.67,4,1,1,9,2,78.76,34,23,2,1,122.89,0.00,0.00,1.00,0,0.00,3,323.22,0,1,0,java.lang.Object,0.00,6,0,5,0,6,2,0,8,84,1
"org.apache.jackrabbit.rmi.observation.ServerEventListenerProxy",5,0.12,1.80,26,0.26,5539.95,9,4,7,10,5,91.44,69,37,2,1,120.82,0.00,0.00,0.35,0,0.00,3,792.67,0,1,3,java.lang.Object,0.00,5,0,9,0,5,4,1,11,182,1
"org.apache.jackrabbit.core.query.xpath.QueryBuilder",4,0.00,1.00,9,0.10,1268.78,4,0,6,7,5,140.31,16,18,0,1,140.07,0.00,0.00,0.00,0,4.00,1,294.46,0,3,5,java.lang.Object,0.00,3,0,4,0,3,1,1,5,78,1
"org.apache.jackrabbit.core.query.xpath.QueryFormat",17,0.12,5.00,315,4.63,287870.91,20,3,29,85,26,130.39,42,370,2,1,90.51,0.00,0.00,0.45,1,0.00,22,13894.92,0,15,25,java.lang.Object,0.00,68,0,85,0,68,2,2,13,2372,0
"org.apache.jackrabbit.core.query.xpath.QueryFormat$DefaultQueryNodeVisitor",1,0.00,1.00,4,0.03,474.00,1,0,29,2,1,127.47,0,5,0,1,127.47,0.00,0.00,0.00,0,1.00,1,92.00,0,1,1,java.lang.Object,0.00,1,0,1,0,1,0,0,0,25,0
"org.apache.jackrabbit.core.query.xpath.SimpleNode",20,0.06,1.45,68,0.59,15165.52,25,5,0,27,3,130.44,17,90,2,1,130.44,0.00,0.00,0.14,3,204.00,4,1780.14,0,5,1,java.lang.Object,0.00,7,0,29,0,7,15,1,6,430,1
"org.apache.jackrabbit.core.query.xpath.XPathQueryBuilder",16,0.07,10.19,530,10.25,1058030.63,54,38,31,131,31,94.00,300,693,4,1,75.86,0.00,0.00,0.09,8,26.00,59,30742.55,0,9,28,java.lang.Object,0.00,115,0,163,0,115,7,2,111,4547,1
"org.apache.jackrabbit.core.query.xpath.XPathQueryBuilder$DefaultQueryNodeVisitor",1,0.00,2.00,7,0.11,2802.00,1,0,31,5,2,112.17,0,11,0,1,112.17,0.00,0.00,0.00,0,0.00,2,318.00,0,1,2,java.lang.Object,0.00,4,0,2,0,4,0,0,0,66,0
"org.apache.jackrabbit.ocm.manager.cache.ObjectCache",4,0.00,1.00,5,0.02,78.02,4,0,0,4,3,200.73,8,7,3,1,160.84,0.00,0.00,0.00,0,4.00,1,73.02,0,1,0,,0.00,0,0,4,0,0,3,0,1,29,1
"org.apache.jackrabbit.core.state.orm.ORMBlobValue",15,0.06,1.33,48,0.37,9115.44,21,6,1,22,3,131.22,4,72,3,1,131.22,0.00,0.00,0.11,1,90.00,6,1102.76,0,5,0,java.lang.Object,0.00,7,0,20,0,7,10,1,2,278,1
"org.apache.jackrabbit.core.state.orm.ORMChildNodeEntry",19,0.07,1.16,59,0.56,12066.69,26,7,2,32,2,131.10,5,86,2,1,131.10,0.00,0.00,0.08,4,143.00,3,1673.05,0,6,1,java.lang.Object,0.00,13,0,22,0,13,13,2,3,417,1
"org.apache.jackrabbit.core.state.orm.ORMNodeMixinType",12,0.18,1.17,36,0.24,4056.85,16,4,1,15,2,133.25,3,52,2,1,133.25,0.00,0.00,0.08,1,52.00,3,724.78,0,3,1,java.lang.Object,0.00,3,0,14,0,3,9,1,1,199,1
"org.apache.jackrabbit.core.state.orm.ORMNodeParent",12,0.18,1.17,36,0.24,4229.28,16,4,1,15,2,133.11,3,52,1,1,133.11,0.00,0.00,0.08,1,52.00,3,721.61,0,3,1,java.lang.Object,0.00,3,0,14,0,3,9,1,1,199,1
"org.apache.jackrabbit.core.state.orm.ORMNodeReference",12,0.18,1.17,36,0.28,6193.15,16,4,1,17,3,131.80,4,54,3,1,131.80,0.00,0.00,0.08,1,52.00,3,849.40,0,4,0,java.lang.Object,0.00,5,0,14,0,5,8,1,1,226,1
"org.apache.jackrabbit.core.state.orm.ORMNodeState",23,0.11,1.52,98,1.31,46881.12,28,5,12,64,10,122.39,4,130,5,1,122.39,0.00,0.00,0.10,9,142.00,7,3943.54,0,8,8,java.lang.Object,0.00,41,0,35,2,41,15,1,1,772,2
"org.apache.jackrabbit.core.state.orm.ORMPropertyEntry",12,0.18,1.17,36,0.25,4163.87,16,4,2,16,3,133.16,5,52,2,1,133.16,0.00,0.00,0.08,1,52.00,3,745.17,0,3,2,java.lang.Object,0.00,4,0,14,0,4,9,1,1,203,1
"org.apache.jackrabbit.core.state.orm.ORMPropertyState",21,0.03,1.38,81,0.80,18684.01,28,7,10,50,10,129.90,3,113,3,1,129.90,0.00,0.00,0.12,5,182.00,5,2402.82,0,7,7,java.lang.Object,0.00,29,0,29,0,29,14,1,1,544,1
"org.apache.jackrabbit.sanitycheck.inconsistency.ChildNodeEntryInconsistency",1,0.00,1.00,2,0.01,44.19,1,0,0,1,2,167.43,3,4,2,2,146.81,0.00,0.50,0.00,0,1.00,1,26.09,0,1,0,,0.00,0,1,1,0,0,0,0,1,11,1
"org.apache.jackrabbit.sanitycheck.inconsistency.NodeInconsistency",4,0.00,1.00,5,0.02,81.66,4,0,2,4,6,142.81,21,7,4,1,160.68,0.00,0.00,0.00,0,4.00,1,54.44,0,4,2,,0.00,0,0,4,0,0,0,0,5,24,1
"org.apache.jackrabbit.sanitycheck.inconsistency.ParentEntryInconsistency",1,0.00,1.00,2,0.01,44.19,1,0,0,1,2,167.43,3,4,2,2,146.81,0.00,0.50,0.00,0,1.00,1,26.09,0,1,0,,0.00,0,1,1,0,0,0,0,1,11,1
"org.apache.jackrabbit.sanitycheck.inconsistency.PropertyEntryInconsistency",1,0.00,1.00,2,0.01,44.19,1,0,1,1,1,167.43,3,4,1,2,146.81,0.00,0.50,0.00,0,1.00,1,26.09,0,1,0,,0.00,0,1,1,0,0,0,0,1,11,1
"org.apache.jackrabbit.sanitycheck.inconsistency.PropertyInconsistency",1,0.00,1.00,2,0.01,48.43,1,0,1,1,2,167.12,3,4,1,2,146.50,0.00,0.50,0.00,0,1.00,1,27.12,0,1,1,,0.00,0,1,1,0,0,0,0,1,11,1
"org.apache.jackrabbit.sanitycheck.inconsistency.ValueInconsistency",1,0.00,1.00,2,0.01,48.43,1,0,0,1,1,167.12,3,4,1,2,146.50,0.00,0.50,0.00,0,1.00,1,27.12,0,0,0,,0.00,0,1,1,0,0,1,0,1,11,1
"org.apache.jackrabbit.webdav.lock.AbstractActiveLock",1,0.00,4.00,15,0.24,8497.48,1,0,4,14,5,95.40,16,20,2,1,95.87,0.00,0.00,0.00,0,0.00,4,705.82,0,1,3,java.lang.Object,0.00,13,0,4,3,13,0,2,8,137,2
"org.apache.jackrabbit.webdav.lock.AbstractLockEntry",1,1.00,1.00,7,0.09,1748.72,2,1,6,7,5,65.46,10,9,2,1,113.94,0.00,0.00,0.00,0,0.00,1,274.40,0,1,3,java.lang.Object,0.00,6,0,1,3,6,0,2,2,65,2
"org.apache.jackrabbit.webdav.lock.ActiveLock",11,0.00,1.00,12,0.06,270.83,11,0,1,11,20,142.17,64,13,18,2,160.04,0.00,0.50,0.00,0,11.00,1,175.38,0,3,2,,0.00,0,1,11,0,0,8,0,12,69,1
"org.apache.jackrabbit.webdav.lock.DefaultActiveLock",13,0.08,1.23,36,0.34,6149.55,17,4,2,25,7,138.89,60,53,1,2,138.66,1.00,0.33,0.17,1,77.00,3,1022.08,0,4,6,org.apache.jackrabbit.webdav.lock.AbstractActiveLock,0.00,12,1,16,1,12,9,0,16,251,1
"org.apache.jackrabbit.webdav.lock.LockDiscovery",7,0.67,1.71,36,0.38,8856.86,8,1,10,22,12,78.08,55,46,6,2,120.37,0.00,0.50,0.43,1,10.00,3,1151.41,1,3,6,org.apache.jackrabbit.webdav.property.AbstractDavProperty,0.00,15,1,12,0,15,4,0,11,254,1
"org.apache.jackrabbit.webdav.lock.LockDiscovery$ALockImpl",13,0.50,1.38,46,0.43,7648.56,14,1,10,27,5,131.32,2,65,0,1,131.32,0.00,0.00,0.54,1,6.00,3,1304.15,0,5,5,java.lang.Object,0.00,14,0,18,0,14,8,1,2,317,2
"org.apache.jackrabbit.webdav.lock.LockEntry",2,0.00,1.00,3,0.01,65.85,2,0,1,2,6,126.83,13,4,3,2,159.05,0.00,0.50,0.00,0,2.00,1,38.73,0,2,3,,0.00,0,1,2,0,0,0,0,3,16,1
"org.apache.jackrabbit.webdav.lock.LockInfo",12,0.04,2.08,68,0.75,25973.41,19,7,10,29,20,70.39,100,89,13,1,118.49,0.00,0.00,0.18,0,64.00,9,2245.87,0,3,7,java.lang.Object,0.00,17,0,25,0,17,9,2,15,454,1
"org.apache.jackrabbit.webdav.lock.LockManager",5,0.00,1.00,6,0.07,360.30,5,0,2,5,12,107.89,51,10,7,1,156.37,0.00,0.00,0.00,0,5.00,1,198.80,0,3,6,,0.00,0,0,5,0,0,2,0,6,59,1
"org.apache.jackrabbit.webdav.lock.Scope",5,0.00,2.00,35,0.46,13558.49,10,5,8,23,29,69.99,36,46,25,1,112.28,0.00,0.00,0.20,1,10.00,3,1367.76,0,3,4,java.lang.Object,0.00,18,0,10,0,18,2,1,7,295,1
"org.apache.jackrabbit.webdav.lock.SimpleLockManager",7,0.50,4.14,69,1.13,54880.31,8,1,7,36,12,54.41,64,101,1,1,104.41,0.00,0.00,0.57,1,3.00,9,3395.61,0,4,11,java.lang.Object,0.00,29,0,29,0,29,3,1,17,644,1
"org.apache.jackrabbit.webdav.lock.SupportedLock",7,0.17,1.57,29,0.30,5532.01,8,1,6,19,6,83.33,52,41,2,2,125.62,0.00,0.50,0.86,0,0.00,3,913.94,1,3,4,org.apache.jackrabbit.webdav.property.AbstractDavProperty,0.00,12,1,11,0,12,4,0,10,213,1
"org.apache.jackrabbit.webdav.lock.SupportedLock$WriteLockEntry",3,1.00,1.67,12,0.13,3382.38,4,1,6,7,2,92.17,19,18,0,2,124.39,0.00,0.50,0.33,0,4.00,3,379.23,0,1,2,org.apache.jackrabbit.webdav.lock.AbstractLockEntry,0.00,4,1,5,0,4,2,0,4,92,3
"org.apache.jackrabbit.webdav.lock.Type",5,0.00,2.00,34,0.42,12158.88,9,4,8,23,24,72.86,35,45,20,1,115.15,0.00,0.00,0.25,1,10.00,3,1273.82,0,3,4,java.lang.Object,0.00,18,0,10,0,18,2,1,7,276,1
"org.apache.jackrabbit.webdav.property.AbstractDavProperty",6,0.27,3.00,53,0.66,41318.72,9,3,9,18,25,58.36,62,64,21,1,106.84,0.00,0.00,0.11,1,14.00,10,1980.42,0,2,4,java.lang.Object,0.00,12,0,18,21,12,4,1,8,399,2
"org.apache.jackrabbit.webdav.property.DavProperty",3,0.00,1.00,4,0.02,91.55,3,0,2,3,40,139.17,42,5,37,3,159.31,0.00,0.67,0.00,0,3.00,1,54.48,0,2,3,,0.00,0,2,3,0,0,1,0,4,22,1
"org.apache.jackrabbit.webdav.property.DavPropertyIterator",1,0.00,1.00,2,0.01,70.32,1,0,2,1,6,96.75,10,3,5,2,145.23,0.00,0.50,0.00,0,1.00,1,35.16,0,1,1,,0.00,0,1,1,0,0,0,0,2,13,1
"org.apache.jackrabbit.webdav.property.DavPropertyName",10,0.01,1.70,58,0.79,28053.69,25,15,7,26,57,69.55,80,76,53,1,117.65,0.00,0.00,0.07,1,14.00,4,2379.52,0,7,4,java.lang.Object,0.00,16,0,17,0,16,3,2,20,496,1
"org.apache.jackrabbit.webdav.property.DavPropertyNameIterator",1,0.00,1.00,2,0.01,48.43,1,0,1,1,7,167.12,3,3,6,2,146.50,0.00,0.50,0.00,0,1.00,1,27.12,0,1,1,,0.00,0,1,1,0,0,0,0,1,11,1
"org.apache.jackrabbit.webdav.property.DavPropertyNameSet",12,0.18,1.25,34,0.31,5319.96,14,2,8,30,33,121.00,67,50,28,2,138.88,0.00,0.50,0.33,2,18.00,3,935.16,0,1,5,org.apache.jackrabbit.webdav.property.PropContainer,0.33,18,1,15,0,18,11,0,16,236,1
"org.apache.jackrabbit.webdav.property.DavPropertyNameSet$PropertyNameIterator",5,0.25,1.00,12,0.07,762.99,6,1,8,8,2,142.58,0,18,0,1,142.58,0.00,0.00,0.80,0,0.00,1,222.77,0,2,2,java.lang.Object,0.00,3,0,5,0,3,3,1,0,69,1
"org.apache.jackrabbit.webdav.property.DavPropertySet",16,0.20,1.06,41,0.40,6029.47,18,2,9,35,25,97.18,114,59,20,2,139.47,0.00,0.50,0.31,3,12.00,2,1187.48,0,1,5,org.apache.jackrabbit.webdav.property.PropContainer,0.36,19,1,17,0,19,15,0,21,312,1
"org.apache.jackrabbit.webdav.property.DavPropertySet$PropIter",7,0.06,1.43,28,0.21,3713.41,10,3,9,14,3,147.62,25,39,0,1,127.00,0.00,0.00,0.29,2,11.00,3,618.73,0,1,3,java.lang.Object,0.00,7,0,10,0,7,6,1,10,159,1
"org.apache.jackrabbit.webdav.property.DefaultDavProperty",6,0.50,1.67,33,0.34,10346.87,8,2,7,16,18,70.84,65,44,14,2,119.32,0.00,0.50,0.08,0,10.00,5,1022.88,0,2,4,org.apache.jackrabbit.webdav.property.AbstractDavProperty,0.00,10,1,10,0,10,4,0,9,223,1
"org.apache.jackrabbit.webdav.property.HrefProperty",6,0.20,2.83,53,0.72,33377.66,8,2,9,27,22,59.10,63,66,18,2,107.58,1.00,0.33,0.33,1,6.00,8,2171.06,1,3,4,org.apache.jackrabbit.webdav.property.AbstractDavProperty,0.00,21,1,17,1,21,3,0,9,419,1
"org.apache.jackrabbit.webdav.property.PropContainer",6,1.00,1.33,17,0.18,3762.07,7,1,9,13,7,95.39,47,21,3,1,137.68,0.00,0.00,0.17,1,10.00,3,549.46,0,2,4,java.lang.Object,0.00,7,0,8,2,7,4,2,7,128,2
"org.apache.jackrabbit.webdav.property.ResourceType",6,0.00,2.33,52,0.61,20780.06,13,7,10,17,12,65.12,71,62,6,2,109.25,0.00,0.50,0.14,0,6.00,4,1818.03,0,1,6,org.apache.jackrabbit.webdav.property.AbstractDavProperty,0.00,11,1,14,0,11,5,0,17,389,1
"org.apache.jackrabbit.webdav.property.ResourceType$TypeName",4,0.11,1.25,16,0.14,2075.55,7,3,10,7,3,127.11,0,22,0,1,127.11,0.00,0.00,0.42,0,0.00,2,410.07,0,1,3,java.lang.Object,0.00,3,0,5,0,3,3,1,0,107,2
"org.apache.jackrabbit.core.query.lucene.fulltext.FastCharStream",13,0.00,1.15,38,0.26,5794.44,16,3,1,17,0,139.11,57,51,0,1,138.88,0.00,0.00,0.33,1,9.00,2,767.62,0,1,0,java.lang.Object,0.00,4,0,15,0,4,12,1,17,204,2
"org.apache.jackrabbit.classloader.ArchiveClassPathEntry",11,0.02,2.82,99,1.13,59208.90,16,5,14,32,6,114.92,194,147,4,2,105.79,1.00,0.33,0.22,1,6.00,7,3381.66,0,8,3,org.apache.jackrabbit.classloader.ClassPathEntry,0.21,21,1,31,1,21,3,0,42,658,0
"org.apache.jackrabbit.classloader.ArchiveClassPathEntry$ArchiveClassPathResource",9,0.88,1.56,37,0.36,10642.44,10,1,14,21,2,76.14,73,59,0,2,124.24,0.00,0.50,0.22,1,29.00,5,1079.02,3,5,2,org.apache.jackrabbit.classloader.ClassLoaderResource,0.48,12,1,14,0,12,4,0,17,251,2
"org.apache.jackrabbit.classloader.ClassLoaderResource",20,0.07,1.95,113,1.18,81233.07,27,7,11,43,9,66.36,183,161,7,1,116.36,0.00,0.00,0.08,7,160.00,9,3546.15,0,12,3,java.lang.Object,0.00,23,0,39,1,23,8,0,39,741,0
"org.apache.jackrabbit.classloader.ClassLoaderTestBase",16,0.01,4.88,246,3.40,195682.53,24,8,33,96,7,144.58,21,338,4,2,94.58,3.00,0.20,0.12,9,100.00,25,10190.24,2,4,3,junit.framework.TestCase,0.00,80,1,78,3,80,12,0,16,1762,1
"org.apache.jackrabbit.classloader.ClassPathEntry",8,0.00,3.12,61,0.76,31864.40,12,4,15,30,9,81.48,108,102,7,1,110.86,0.00,0.00,0.25,0,16.00,16,2274.00,1,6,6,java.lang.Object,0.00,22,0,25,3,22,2,0,33,439,1
"org.apache.jackrabbit.classloader.DirectoryClassPathEntry",3,1.00,2.00,16,0.19,5999.59,4,1,6,9,3,98.63,44,27,1,2,118.77,0.00,0.50,0.33,0,4.00,4,571.09,0,0,3,org.apache.jackrabbit.classloader.ClassPathEntry,0.18,6,1,6,0,6,3,0,6,121,0
"org.apache.jackrabbit.classloader.DynamicPatternPath",7,0.28,3.29,68,0.69,15864.67,10,3,9,26,3,108.24,117,97,2,2,108.71,0.00,0.50,0.57,3,0.00,5,2066.60,2,0,1,org.apache.jackrabbit.classloader.PatternPath,0.00,19,1,23,0,19,7,1,32,426,0
"org.apache.jackrabbit.classloader.DynamicPatternPath$Listener",1,0.00,1.00,2,0.01,22.17,1,0,9,1,0,131.30,5,3,0,1,149.17,0.00,0.00,0.00,0,1.00,1,16.36,0,0,0,,0.00,0,0,1,0,0,1,0,1,8,0
"org.apache.jackrabbit.classloader.DynamicRepositoryClassLoader",21,0.08,2.14,162,1.73,47090.93,25,4,14,58,6,102.56,319,224,2,3,112.91,0.00,0.67,0.32,10,0.00,5,5187.62,13,3,4,org.apache.jackrabbit.classloader.RepositoryClassLoader,0.24,37,2,45,0,37,18,2,63,1081,1
"org.apache.jackrabbit.classloader.DynamicRepositoryClassLoaderTest",6,0.23,1.17,37,0.44,8263.30,13,7,3,19,3,167.22,10,45,1,3,117.22,0.00,0.67,0.33,0,0.00,2,1332.61,3,0,2,org.apache.jackrabbit.classloader.ClassLoaderTestBase,0.27,13,2,7,0,13,6,0,2,295,1
"org.apache.jackrabbit.classloader.ExpandingArchiveClassPathEntry",9,0.02,4.11,114,1.59,74740.95,14,5,18,58,8,138.86,193,169,4,3,99.56,0.00,0.67,0.18,4,18.00,9,4777.10,2,3,5,org.apache.jackrabbit.classloader.ArchiveClassPathEntry,0.11,49,2,37,0,49,6,0,48,872,0
"org.apache.jackrabbit.classloader.ExpandingArchiveClassPathEntry$ClassLoaderResource",4,0.00,1.00,9,0.07,675.09,4,0,18,9,1,142.23,0,13,0,1,142.23,0.00,0.00,0.00,0,4.00,1,202.89,0,4,1,java.lang.Object,0.00,5,0,4,0,5,0,0,0,61,0
"org.apache.jackrabbit.classloader.ExpandingArchiveClassPathEntryTest",4,0.00,1.75,43,0.65,13880.68,7,3,8,33,6,105.69,3,54,1,3,105.69,0.00,0.67,0.33,0,0.00,2,1958.03,4,0,5,org.apache.jackrabbit.classloader.ClassLoaderTestBase,0.30,29,2,7,0,29,4,0,3,375,1
"org.apache.jackrabbit.classloader.NodeTypeSupport",1,0.00,5.00,19,0.25,8333.98,3,2,8,8,3,73.97,39,30,2,1,92.05,0.00,0.00,1.00,0,0.00,5,756.62,0,0,1,java.lang.Object,0.00,7,0,5,0,7,1,0,8,144,0
"org.apache.jackrabbit.classloader.PatternPath",10,0.07,2.80,99,1.10,44233.84,13,3,13,36,4,105.99,160,111,3,1,106.46,0.00,0.00,0.27,2,22.00,7,3294.04,1,4,1,java.lang.Object,0.00,26,0,28,1,26,6,0,38,647,0
"org.apache.jackrabbit.classloader.PatternPathTest",5,0.00,2.80,82,0.90,24628.40,9,4,14,27,3,117.38,19,88,1,3,96.77,0.00,0.67,0.25,0,0.00,3,2686.60,4,0,2,org.apache.jackrabbit.classloader.ClassLoaderTestBase,0.29,22,2,14,0,22,5,0,15,539,1
"org.apache.jackrabbit.classloader.RepositoryClassLoader",28,0.03,2.82,274,3.10,122156.26,35,7,24,95,9,77.12,366,348,3,2,106.50,1.00,0.33,0.17,10,134.00,8,9292.64,0,11,6,java.net.URLClassLoader,0.00,67,1,79,1,67,17,0,79,1810,1
"org.apache.jackrabbit.classloader.RepositoryClassLoader$ClassLoaderResource",1,0.00,1.00,3,0.01,96.19,1,0,24,1,0,137.59,0,4,0,1,137.59,0.00,0.00,0.00,0,1.00,1,42.09,0,0,0,java.lang.Object,0.00,0,0,1,0,0,1,0,0,15,0
"org.apache.jackrabbit.classloader.RepositoryClassLoader$Enumeration",2,0.00,1.00,5,0.02,181.62,2,0,24,3,0,144.35,0,7,0,1,144.35,0.00,0.00,0.00,0,2.00,1,68.54,0,1,0,java.lang.Object,0.00,1,0,2,0,1,1,0,0,23,0
"org.apache.jackrabbit.classloader.RepositoryClassLoader$PrivilegedExceptionAction",1,0.00,1.00,3,0.02,136.54,1,0,24,2,0,136.39,0,4,0,1,136.39,0.00,0.00,0.00,0,1.00,1,49.51,0,1,0,java.lang.Object,0.00,1,0,1,0,1,0,0,0,16,0
"org.apache.jackrabbit.classloader.TestAll",1,0.00,1.00,9,0.09,2643.06,1,0,2,5,4,148.34,2,11,0,1,108.46,0.00,0.00,0.00,0,1.00,1,271.11,0,1,4,java.lang.Object,0.00,4,0,1,0,4,0,0,2,63,1
"org.apache.jackrabbit.classloader.Util",3,1.00,2.33,20,0.28,7782.98,4,1,11,18,6,148.28,62,31,6,1,114.89,0.00,0.00,0.33,1,4.00,4,828.60,0,1,0,java.lang.Object,0.00,15,0,7,0,15,2,0,9,169,1
"org.apache.jackrabbit.rmi.xml.ImportContentHandler",13,0.00,1.08,32,0.33,4913.98,15,2,7,29,2,179.34,35,53,2,1,139.46,0.00,0.00,0.50,1,0.00,2,1002.08,0,0,0,java.lang.Object,0.00,16,0,14,2,16,13,1,16,264,2
"org.apache.jackrabbit.rmi.xml.SessionImportContentHandler",2,0.33,1.00,10,0.09,1242.94,5,3,2,4,2,93.55,26,14,1,2,122.93,0.00,0.50,0.50,0,2.00,1,275.18,0,0,1,org.apache.jackrabbit.rmi.xml.ImportContentHandler,0.13,2,1,2,0,2,2,0,6,70,1
"org.apache.jackrabbit.rmi.xml.WorkspaceImportContentHandler",2,0.33,1.00,10,0.09,1299.15,5,3,2,4,2,93.40,26,13,1,2,122.78,0.00,0.50,0.50,0,2.00,1,272.40,0,0,1,org.apache.jackrabbit.rmi.xml.ImportContentHandler,0.13,2,1,2,0,2,2,0,6,70,1
"org.apache.jackrabbit.session.nodetype.SessionItemDefinition",9,0.17,1.22,33,0.29,7421.56,12,3,4,21,5,80.19,89,47,3,1,130.19,0.00,0.00,0.48,0,0.00,3,871.99,0,2,2,java.lang.Object,0.00,12,0,11,2,12,7,1,13,226,0
"org.apache.jackrabbit.session.nodetype.SessionNodeDefinition",4,0.17,1.25,20,0.20,4209.85,6,2,7,12,5,76.95,46,25,1,2,121.08,0.00,0.50,0.62,0,0.00,2,598.04,0,2,4,org.apache.jackrabbit.session.nodetype.SessionItemDefinition,0.00,8,1,5,0,8,2,1,7,140,1
"org.apache.jackrabbit.session.nodetype.SessionNodeType",10,0.22,1.60,58,0.60,15427.71,13,3,11,29,10,75.58,111,70,2,2,119.71,0.00,0.50,0.53,0,0.00,3,1795.45,0,5,8,org.apache.jackrabbit.base.nodetype.BaseNodeType,0.50,19,1,16,0,19,5,1,14,403,1
"org.apache.jackrabbit.session.nodetype.SessionNodeTypeManager",4,0.33,1.75,27,0.26,6889.86,6,2,9,13,7,78.80,50,34,1,2,116.36,0.00,0.50,0.75,0,0.00,3,784.94,0,1,6,org.apache.jackrabbit.base.nodetype.BaseNodeTypeManager,0.25,9,1,7,0,9,3,1,7,182,2
"org.apache.jackrabbit.session.nodetype.SessionPropertyDefinition",5,0.75,1.00,13,0.09,1026.90,6,1,5,7,4,91.56,45,21,1,2,141.56,0.00,0.50,0.40,0,7.00,1,262.94,0,2,3,org.apache.jackrabbit.session.nodetype.SessionItemDefinition,0.00,2,1,5,0,2,3,1,9,76,1
"org.apache.jackrabbit.ocm.version.Version",5,0.25,1.80,20,0.17,3117.62,6,1,3,10,5,176.40,6,52,4,1,126.40,0.00,0.00,0.80,0,0.00,2,522.91,0,4,1,java.lang.Object,0.00,5,0,9,0,5,1,0,1,133,1
"org.apache.jackrabbit.ocm.version.VersionIterator",5,0.25,1.20,15,0.13,2011.86,6,1,2,10,4,132.89,22,32,3,1,132.65,0.00,0.00,0.80,0,0.00,2,403.59,0,1,1,java.lang.Object,0.00,5,0,6,0,5,4,1,5,106,1
"org.apache.jackrabbit.command.CommandException",5,0.33,1.40,23,0.24,5690.00,8,3,3,11,22,82.11,37,32,22,2,124.40,3.00,0.20,0.07,0,8.00,3,705.18,0,1,1,java.lang.Exception,0.00,6,1,7,3,6,4,0,9,164,1
"org.apache.jackrabbit.command.CommandHelper",17,0.05,2.18,104,1.21,38195.03,23,6,13,40,74,65.40,160,155,74,1,115.40,0.00,0.00,0.12,4,154.00,5,3637.87,0,11,1,java.lang.Object,0.00,23,0,37,0,23,6,0,24,780,2
"org.apache.jackrabbit.taglib.utils.JCRTagConstants",0,0.00,0.00,14,0.18,2354.77,13,13,0,0,12,171.00,7,16,12,1,171.00,0.00,0.00,0.00,0,0.00,0,549.45,0,0,0,,0.00,0,0,0,0,0,0,0,3,108,1
"org.apache.jackrabbit.taglib.utils.JCRTagUtils",7,0.08,2.43,58,0.84,30348.21,9,2,15,31,12,60.36,61,106,10,1,108.47,0.00,0.00,0.43,2,0.00,4,2534.01,0,7,2,java.lang.Object,0.00,24,0,17,0,24,0,0,10,495,1
"org.apache.jackrabbit.tck.TckHelper",1,0.00,4.00,10,0.08,2307.49,1,0,0,1,2,127.51,3,16,1,1,106.90,0.00,0.00,0.00,0,1.00,4,244.84,0,1,1,java.lang.Object,0.00,0,0,4,0,0,0,0,1,55,1
"org.apache.jackrabbit.tck.TckTestRunner",14,0.06,1.71,80,0.82,29050.41,26,12,9,33,4,118.92,59,109,1,2,118.68,0.00,0.50,0.14,1,62.00,9,2473.02,0,1,3,junit.runner.BaseTestRunner,0.00,19,1,24,0,19,13,0,21,510,1
"org.apache.jackrabbit.tck.TestFinder",7,0.06,3.29,83,1.04,51229.05,10,3,12,42,1,53.34,62,116,1,1,101.45,0.00,0.00,0.38,1,8.00,8,3112.63,0,4,0,java.lang.Object,0.00,35,0,23,0,35,3,0,24,563,1
"org.apache.jackrabbit.tck.TestResult",9,0.08,1.00,26,0.19,2384.31,17,8,1,9,3,190.69,12,36,3,1,140.69,0.00,0.00,0.06,0,37.00,1,562.52,0,2,0,java.lang.Object,0.00,0,0,9,0,0,7,0,10,148,1
"org.apache.jackrabbit.tck.TestResultParser",4,0.40,3.00,39,0.47,10803.75,9,5,11,20,0,158.13,4,50,0,2,108.13,0.00,0.50,0.50,0,0.00,6,1424.55,0,1,0,org.xml.sax.helpers.DefaultHandler,0.00,16,1,12,0,16,3,0,1,291,1
"org.apache.jackrabbit.tck.Tester",7,0.14,2.86,87,1.22,40431.75,14,7,19,52,6,52.78,61,109,0,1,100.88,0.00,0.00,0.27,2,18.00,7,3648.44,0,2,6,java.lang.Object,0.00,45,0,20,0,45,5,0,19,674,1
"org.apache.jackrabbit.tck.WebAppTestConfig",9,1.00,3.11,95,1.60,59334.61,10,1,16,46,5,61.07,70,144,2,1,103.36,0.00,0.00,0.00,5,9.00,6,4790.45,0,5,3,java.lang.Object,0.00,37,0,28,0,37,4,0,22,936,1
"org.apache.jmeter.functions.Jexl",4,0.07,1.75,33,0.45,13340.30,9,5,13,18,0,109.68,16,56,0,2,109.44,0.00,0.50,0.25,0,8.00,3,1342.87,0,3,0,AbstractFunction,0.00,14,1,7,0,14,1,1,3,257,1
"org.apache.jackrabbit.xml.nodetype.NamespaceExtractor",5,1.00,2.80,49,0.50,16077.68,6,1,7,23,7,107.55,0,53,2,1,107.55,0.00,0.00,0.20,2,8.00,6,1487.03,0,1,5,java.lang.Object,0.00,18,0,14,0,18,4,0,0,320,0
"org.apache.jackrabbit.xml.nodetype.NodeTypeXML",9,0.00,1.00,42,0.52,10505.73,9,0,23,27,3,124.39,7,64,0,1,124.39,0.00,0.00,0.00,1,9.00,1,1567.84,0,4,3,java.lang.Object,0.00,18,0,9,0,18,5,0,5,345,1
"org.apache.jackrabbit.xml.nodetype.NodeTypeXMLReader",15,0.09,3.33,137,2.01,71103.49,28,13,14,69,9,106.18,4,177,1,2,106.18,0.00,0.50,0.16,3,9.00,14,6038.92,0,7,8,org.xml.sax.helpers.DefaultHandler,0.00,54,1,50,0,54,8,0,2,1134,0
"org.apache.jackrabbit.xml.nodetype.NodeTypeXMLWriter",14,0.15,2.07,131,1.61,69177.00,17,3,14,62,7,106.15,6,158,1,1,106.15,0.00,0.00,0.19,6,54.00,6,4844.42,0,1,6,java.lang.Object,0.00,48,0,29,0,48,13,0,4,931,0
"org.apache.jackrabbit.xml.nodetype.SAXNamespaceResolver",10,0.22,1.50,38,0.44,12557.81,11,1,10,28,6,128.71,3,54,1,1,128.71,0.00,0.00,0.80,0,0.00,4,1332.62,0,4,5,java.lang.Object,0.00,18,0,15,0,18,6,1,1,304,1
"org.apache.jackrabbit.name.AbstractNamespaceResolver",9,0.38,2.33,74,0.68,25083.96,10,1,3,20,15,61.88,78,86,8,1,109.99,0.00,0.00,0.67,0,0.00,4,2053.70,0,2,7,java.lang.Object,0.00,11,0,21,12,11,7,1,17,427,2
"org.apache.jackrabbit.name.CachingNameResolver",4,0.00,1.50,20,0.19,4650.67,6,2,1,9,6,72.22,43,28,2,1,120.69,0.00,0.00,0.50,0,4.00,2,573.35,0,2,4,java.lang.Object,0.00,5,0,6,0,5,2,1,8,140,1
"org.apache.jackrabbit.name.CachingPathResolver",4,0.00,1.50,20,0.19,4650.67,6,2,1,9,5,72.22,43,27,1,1,120.69,0.00,0.00,0.50,0,4.00,2,573.35,0,1,4,java.lang.Object,0.00,5,0,6,0,5,3,1,8,140,1
"org.apache.jackrabbit.name.DummyNamespaceResolver",4,0.00,1.25,12,0.09,1874.80,4,0,2,7,5,84.01,33,18,2,1,132.12,0.00,0.00,0.00,0,4.00,2,269.43,0,4,3,java.lang.Object,0.00,3,0,5,0,3,0,1,5,73,0
"org.apache.jackrabbit.name.GenerationalCache",5,0.16,2.40,39,0.45,16199.18,13,8,3,16,2,91.49,71,52,2,1,111.63,0.00,0.00,0.25,1,13.00,6,1347.19,0,1,0,java.lang.Object,0.00,11,0,12,0,11,4,0,14,285,0
"org.apache.jackrabbit.name.IllegalNameException",2,0.00,1.00,5,0.03,221.18,2,0,0,2,37,99.55,22,8,36,4,143.68,0.00,0.75,0.00,0,2.00,1,88.69,0,0,1,org.apache.jackrabbit.name.NameException,0.00,0,3,2,0,0,2,0,3,29,1
"org.apache.jackrabbit.name.MalformedPathException",2,0.00,1.00,5,0.03,221.18,2,0,0,2,67,95.20,21,8,66,4,143.68,0.00,0.75,0.00,0,2.00,1,88.69,0,0,1,org.apache.jackrabbit.name.NameException,0.00,0,3,2,0,0,2,0,3,29,1
"org.apache.jackrabbit.name.NameCache",4,0.00,1.00,5,0.03,131.16,4,0,0,4,4,116.77,30,6,3,1,159.06,0.00,0.00,0.00,0,4.00,1,87.44,0,2,1,,0.00,0,0,4,0,0,2,0,5,32,1
"org.apache.jackrabbit.name.NameException",2,0.00,1.00,5,0.03,221.18,2,0,1,2,67,95.57,16,8,66,3,143.68,2.00,0.29,0.00,0,2.00,1,88.69,0,0,1,org.apache.jackrabbit.BaseException,0.00,0,2,2,4,0,2,0,3,29,1
"org.apache.jackrabbit.name.NameFormat",9,1.00,3.44,118,1.45,88116.87,10,1,4,34,98,97.26,149,155,92,1,97.74,0.00,0.00,0.00,3,9.00,6,4364.50,0,6,7,java.lang.Object,0.00,25,0,31,0,25,3,0,25,851,1
"org.apache.jackrabbit.name.NameFormat$ThreadLocal",1,0.00,1.00,3,0.02,136.54,1,0,4,1,0,136.39,0,4,0,1,136.39,0.00,0.00,0.00,0,0.00,1,49.51,0,1,0,java.lang.Object,0.00,0,0,1,0,0,0,0,0,16,0
"org.apache.jackrabbit.name.NamePathResolver",0,0.00,0.00,1,0.01,39.30,0,0,0,0,35,171.00,5,2,35,3,171.00,0.00,0.67,0.00,0,0.00,0,19.65,0,0,0,,0.00,0,2,0,0,0,0,0,1,7,1
"org.apache.jackrabbit.name.NameResolver",2,0.00,1.00,3,0.02,93.79,2,0,1,2,10,107.84,19,4,8,1,157.84,0.00,0.00,0.00,0,2.00,1,62.53,0,1,2,,0.00,0,0,2,0,0,1,0,3,22,1
"org.apache.jackrabbit.name.NamespaceListener",3,0.00,1.00,4,0.03,159.82,3,0,0,3,4,109.30,24,5,4,1,157.40,0.00,0.00,0.00,0,3.00,1,89.52,0,0,0,,0.00,0,0,3,0,0,3,0,4,31,1
"org.apache.jackrabbit.name.NamespaceResolver",4,0.00,1.00,5,0.04,222.72,4,0,1,4,128,108.78,41,7,125,1,157.25,0.00,0.00,0.00,0,4.00,1,116.67,0,4,4,,0.00,0,0,4,0,0,0,0,5,40,1
"org.apache.jackrabbit.name.NoPrefixDeclaredException",2,0.00,1.00,5,0.03,221.18,2,0,0,2,66,93.68,18,8,65,4,143.68,0.00,0.75,0.00,0,2.00,1,88.69,0,0,1,org.apache.jackrabbit.name.NameException,0.00,0,3,2,0,0,2,0,3,29,1
"org.apache.jackrabbit.name.ParsingNameResolver",5,0.25,2.80,55,0.67,44677.52,7,2,2,16,13,56.68,56,66,7,1,100.80,0.00,0.00,0.30,1,10.00,8,2022.45,0,2,6,java.lang.Object,0.00,11,0,14,0,11,3,1,14,404,1
"org.apache.jackrabbit.name.ParsingNameResolverTest",4,0.67,2.00,40,0.34,5488.62,5,1,2,12,5,76.61,25,52,0,2,108.83,0.00,0.50,0.50,2,4.00,3,1030.07,0,0,5,junit.framework.TestCase,0.00,8,1,8,0,8,4,0,6,233,1
"org.apache.jackrabbit.name.ParsingPathResolver",4,0.67,4.75,66,1.02,89562.22,5,1,1,25,10,42.99,41,80,4,1,91.47,0.00,0.00,0.50,1,4.00,7,3051.33,0,3,6,java.lang.Object,0.00,21,0,19,0,21,1,1,7,551,1
"org.apache.jackrabbit.name.ParsingPathResolverTest",4,0.67,2.00,65,0.49,6263.04,5,1,2,11,6,82.89,23,77,0,2,100.77,0.00,0.50,0.50,2,4.00,3,1482.51,0,0,6,junit.framework.TestCase,0.00,7,1,8,0,7,4,0,7,310,1
"org.apache.jackrabbit.name.Path",29,0.02,2.69,254,2.90,163976.34,42,13,5,79,161,87.39,423,317,157,1,107.54,0.00,0.00,0.06,6,226.00,9,8691.29,0,13,5,java.lang.Object,0.00,50,0,78,0,50,16,1,67,1715,2
"org.apache.jackrabbit.name.Path$CurrentElement",8,0.57,1.00,18,0.11,991.67,9,1,5,10,3,143.52,37,27,0,2,143.29,0.00,0.50,0.50,0,8.00,1,330.84,0,2,3,org.apache.jackrabbit.name.PathElement,0.00,2,1,8,0,2,6,0,7,98,3
"org.apache.jackrabbit.name.Path$NameElement",5,0.00,1.00,11,0.05,427.16,5,0,5,5,1,144.80,24,17,0,2,144.56,0.00,0.50,0.00,0,5.00,1,163.19,0,0,1,org.apache.jackrabbit.name.PathElement,0.00,0,1,5,0,0,5,0,4,53,3
"org.apache.jackrabbit.name.Path$ParentElement",8,0.57,1.00,18,0.11,991.67,9,1,5,10,3,143.52,37,27,0,2,143.29,0.00,0.50,0.50,0,8.00,1,330.84,0,2,3,org.apache.jackrabbit.name.PathElement,0.00,2,1,8,0,2,6,0,7,98,3
"org.apache.jackrabbit.name.Path$PathBuilder",12,0.09,1.25,45,0.43,10628.10,15,3,5,24,3,97.72,72,58,0,1,129.94,0.00,0.00,0.25,3,38.00,2,1279.75,0,0,3,java.lang.Object,0.00,12,0,15,0,12,12,1,17,316,3
"org.apache.jackrabbit.name.Path$PathElement",17,0.25,2.24,96,1.10,43485.08,19,2,5,33,5,67.91,159,130,0,1,117.91,0.00,0.00,0.26,2,71.00,9,3303.11,0,6,5,java.lang.Object,0.00,16,0,38,0,16,11,1,25,692,3
"org.apache.jackrabbit.name.Path$RootElement",8,1.00,1.00,17,0.10,775.10,9,1,5,8,3,144.37,39,26,0,2,144.13,0.00,0.50,0.12,0,14.00,1,285.93,0,2,3,org.apache.jackrabbit.name.PathElement,0.00,0,1,8,0,0,6,0,9,88,3
"org.apache.jackrabbit.name.PathFormat",5,1.00,5.20,88,1.31,117292.93,6,1,5,30,42,123.69,103,122,35,1,90.31,0.00,0.00,0.00,2,5.00,18,3916.08,0,1,8,java.lang.Object,0.00,25,0,26,0,25,4,0,39,655,1
"org.apache.jackrabbit.name.PathFormat$ThreadLocal",1,0.00,1.00,3,0.02,136.54,1,0,5,1,0,136.39,0,4,0,1,136.39,0.00,0.00,0.00,0,0.00,1,49.51,0,1,0,java.lang.Object,0.00,0,0,1,0,0,0,0,0,16,0
"org.apache.jackrabbit.name.PathResolver",2,0.00,1.00,3,0.02,93.79,2,0,1,2,13,107.84,18,4,11,1,157.84,0.00,0.00,0.00,0,2.00,1,62.53,0,2,2,,0.00,0,0,2,0,0,0,0,3,22,1
"org.apache.jackrabbit.name.PathTest",10,0.11,4.90,279,4.64,279029.93,16,6,5,49,9,122.12,26,287,1,2,82.23,0.00,0.50,0.27,2,0.00,9,13918.98,0,2,8,junit.framework.TestCase,0.00,39,1,49,0,39,8,0,21,2424,1
"org.apache.jackrabbit.name.PathTest$AbstractNamespaceResolver",2,0.00,1.00,5,0.02,262.00,2,0,5,2,0,143.10,0,7,0,1,143.10,0.00,0.00,0.00,0,2.00,1,68.00,0,2,0,java.lang.Object,0.00,0,0,2,0,0,0,0,0,24,0
"org.apache.jackrabbit.name.PathTest$Test",7,0.11,1.71,29,0.28,6645.82,10,3,5,13,0,174.97,8,41,0,1,124.97,0.00,0.00,0.24,3,16.00,5,851.01,0,1,0,java.lang.Object,0.00,6,0,12,0,6,6,0,2,205,2
"org.apache.jackrabbit.name.QName",14,0.00,1.86,169,3.91,186153.41,118,104,1,28,403,124.36,457,200,400,1,98.13,0.00,0.00,0.01,0,26.00,5,11718.24,1,8,5,java.lang.Object,0.00,14,0,26,0,14,6,3,134,1706,2
"org.apache.jackrabbit.name.QNameTest",3,0.67,4.33,69,0.97,40869.29,6,3,2,18,6,107.93,11,73,1,2,87.31,0.00,0.50,0.78,0,0.00,7,2902.75,0,0,5,junit.framework.TestCase,0.00,15,1,13,0,15,3,0,6,527,1
"org.apache.jackrabbit.name.QNameTest$AbstractNamespaceResolver",2,0.00,1.00,5,0.02,262.00,2,0,2,2,0,143.10,0,7,0,1,143.10,0.00,0.00,0.00,0,2.00,1,68.00,0,2,0,java.lang.Object,0.00,0,0,2,0,0,0,0,0,24,0
"org.apache.jackrabbit.name.QNameTest$Test",4,0.22,1.25,17,0.12,2171.09,7,3,2,7,0,126.96,0,23,0,1,126.96,0.00,0.00,0.17,1,8.00,2,373.83,0,1,0,java.lang.Object,0.00,3,0,5,0,3,3,0,0,103,2
"org.apache.jackrabbit.name.SessionNamespaceResolver",3,0.50,1.67,12,0.11,2384.80,4,1,3,6,7,93.36,19,20,6,2,125.58,0.00,0.50,0.67,0,1.00,2,340.69,0,2,1,org.apache.jackrabbit.name.AbstractNamespaceResolver,0.00,3,1,5,0,3,1,0,7,84,1
"org.apache.jackrabbit.name.TestAll",1,0.00,1.00,6,0.05,1283.53,1,0,3,3,2,69.02,10,8,0,2,117.50,0.00,0.50,0.00,0,1.00,1,150.40,0,1,2,junit.framework.TestCase,0.00,2,1,1,0,2,0,0,2,39,1
"org.apache.jackrabbit.name.UnknownPrefixException",2,0.00,1.00,5,0.03,221.18,2,0,0,2,32,95.57,17,8,31,4,143.68,0.00,0.75,0.00,0,2.00,1,88.69,0,0,1,org.apache.jackrabbit.name.NameException,0.00,0,3,2,0,0,2,0,3,29,1
"org.apache.jackrabbit.ocm.manager.basic.AllTests",2,0.00,1.00,11,0.10,2673.03,2,0,3,5,7,140.93,7,14,1,1,120.31,0.00,0.00,0.00,1,2.00,1,303.33,0,2,6,java.lang.Object,0.00,3,0,2,0,3,0,0,3,74,1
"org.apache.jackrabbit.ocm.manager.basic.ObjectContentManagerAvoidRecursiveLoopTest",5,1.00,1.40,54,0.72,26652.50,6,1,14,38,9,86.40,25,74,2,3,104.27,0.00,0.67,0.00,0,8.00,2,2173.60,2,1,7,org.apache.jackrabbit.ocm.TestBase,0.33,33,2,7,0,33,4,0,14,400,1
"org.apache.jackrabbit.ocm.manager.basic.ObjectContentManagerCopyMoveTest",7,1.00,1.86,110,1.41,40098.16,8,1,14,46,9,49.29,59,150,2,3,97.39,0.00,0.67,0.00,0,10.00,4,4244.37,3,1,7,org.apache.jackrabbit.ocm.TestBase,0.30,39,2,13,0,39,6,0,50,737,1
"org.apache.jackrabbit.ocm.manager.basic.ObjectContentManagerRemoveTest",6,0.50,1.67,64,0.88,31108.75,8,2,16,47,9,144.21,13,91,2,3,104.33,0.00,0.67,0.08,1,10.00,4,2637.70,5,1,7,org.apache.jackrabbit.ocm.TestBase,0.32,41,2,10,0,41,5,0,4,467,1
"org.apache.jackrabbit.ocm.manager.basic.ObjectContentManagerSameNameSiblingTest",7,0.50,1.71,100,1.37,50472.82,9,2,28,60,18,137.63,15,135,2,3,97.74,0.00,0.67,0.07,1,17.00,4,4117.95,4,1,16,org.apache.jackrabbit.ocm.TestBase,0.30,53,2,12,0,53,6,0,8,727,1
"org.apache.jackrabbit.ocm.manager.basic.ObjectContentManagerTest",6,1.00,1.50,82,1.11,37862.18,7,1,13,48,9,67.21,41,109,2,3,99.43,0.00,0.67,0.00,0,6.00,2,3343.11,2,1,7,org.apache.jackrabbit.ocm.TestBase,0.16,42,2,9,0,42,5,0,29,599,1
"org.apache.jackrabbit.lite.nodetype.LiteNodeTypeManager",2,0.00,1.00,6,0.06,698.94,3,1,8,5,2,133.17,0,10,0,2,133.17,0.00,0.50,1.00,0,0.00,1,165.15,0,1,2,org.apache.jackrabbit.base.nodetype.BaseNodeTypeManager,0.33,3,1,2,0,3,1,1,0,44,1
"org.apache.jackrabbit.lite.nodetype.LitePropertyDefinition",14,0.08,1.00,36,0.22,2592.78,21,7,3,14,1,141.91,0,52,0,3,141.91,0.00,0.67,0.07,0,98.00,1,668.65,0,1,1,org.apache.jackrabbit.base.nodetype.BasePropertyDefinition,0.88,0,2,14,0,0,13,1,0,190,1
"org.apache.jackrabbit.spi.xml.nodetype.XMLQItemDefinition",9,0.12,1.00,20,0.12,1410.64,10,1,3,17,5,142.48,1,30,2,1,142.48,0.00,0.00,0.89,0,0.00,1,362.00,0,2,3,java.lang.Object,0.00,8,0,9,2,8,7,1,1,112,1
"org.apache.jackrabbit.spi.xml.nodetype.XMLQNodeDefinition",4,0.33,1.00,11,0.07,937.89,5,1,3,7,5,141.11,1,17,1,2,141.11,0.00,0.50,0.75,0,0.00,1,216.76,0,2,4,org.apache.jackrabbit.spi.xml.nodetype.XMLQItemDefinition,0.00,3,1,4,0,3,2,1,1,64,1
"org.apache.jackrabbit.spi.xml.nodetype.XMLQNodeTypeDefinition",9,0.12,1.22,34,0.27,7780.67,10,1,8,19,10,130.03,1,40,1,1,130.03,0.00,0.00,0.89,0,0.00,2,805.55,0,6,9,java.lang.Object,0.00,10,0,11,0,10,3,1,1,203,1
"org.apache.jackrabbit.spi.xml.nodetype.XMLQPropertyDefinition",6,0.40,1.67,39,0.52,20268.15,7,1,13,20,12,114.07,4,56,1,2,114.07,0.00,0.50,0.67,0,0.00,3,1574.92,0,3,11,org.apache.jackrabbit.spi.xml.nodetype.XMLQItemDefinition,0.00,14,1,10,0,14,3,1,2,324,1
"org.apache.jackrabbit.jcr.LocalNamespaceMappings",14,0.38,2.86,98,1.19,46724.70,17,3,13,45,10,63.38,115,141,3,2,111.49,0.00,0.50,0.69,2,0.00,9,3583.95,1,6,8,org.apache.jackrabbit.name.AbstractNamespaceResolver,0.00,31,1,40,0,31,8,2,54,747,1
"org.apache.jackrabbit.jcr.NamespaceCache",17,0.05,2.82,201,2.49,100382.37,26,9,18,61,8,53.74,181,251,3,1,102.22,0.00,0.00,0.16,8,118.00,12,7470.83,0,5,5,java.lang.Object,0.00,44,0,48,0,44,12,0,46,1499,1
"org.apache.jackrabbit.jcr.NamespaceRegistryImpl",15,0.05,1.33,47,0.48,8237.96,19,4,18,32,17,131.80,64,75,3,2,131.56,0.00,0.50,0.30,0,29.00,3,1453.09,0,8,14,org.apache.jackrabbit.name.AbstractNamespaceResolver,0.00,17,1,20,0,17,7,2,23,353,1
"org.apache.jackrabbit.jcr.NamespaceRegistryTest",8,0.29,1.75,85,1.10,29012.52,14,6,12,30,3,87.67,47,111,1,4,105.54,0.00,0.75,0.42,2,0.00,2,3308.24,1,2,2,org.apache.jackrabbit.test.AbstractJCRTest,0.16,22,3,14,0,22,6,0,12,648,1
"org.apache.jackrabbit.jcr.NamespaceStorage",5,0.00,1.00,6,0.06,404.62,5,0,5,5,3,155.97,3,7,3,1,155.97,0.00,0.00,0.00,0,5.00,1,185.88,0,3,0,,0.00,0,0,5,0,0,2,0,1,57,1
"org.apache.jackrabbit.jcr.TestAll",1,0.00,1.00,5,0.04,864.35,1,0,3,3,1,142.42,3,7,0,2,121.80,0.00,0.50,0.00,0,1.00,1,115.51,0,1,1,junit.framework.TestCase,0.00,2,1,1,0,2,0,0,1,31,1
"org.apache.jackrabbit.ocm.security.SimpleAccessManager",6,0.30,2.67,42,0.43,10172.85,12,6,12,13,6,81.60,36,76,0,1,113.82,0.00,0.00,0.42,0,0.00,5,1290.66,0,0,6,java.lang.Object,0.00,7,0,16,0,7,6,1,18,276,1
"org.apache.jackrabbit.ocm.security.SimpleLoginModule",6,0.09,2.83,64,0.76,31200.84,15,9,17,28,4,61.90,46,115,0,1,104.20,0.00,0.00,0.19,1,0.00,9,2268.14,0,0,4,java.lang.Object,0.00,22,0,17,0,22,6,1,26,429,1
"org.apache.jackrabbit.ocm.annotation.atomic.AllTests",2,0.00,1.00,7,0.05,899.31,2,0,3,5,2,152.93,7,10,0,1,132.31,0.00,0.00,0.00,1,2.00,1,155.16,0,2,2,java.lang.Object,0.00,3,0,2,0,3,0,0,3,42,1
"org.apache.jackrabbit.ocm.annotation.atomic.AtomicTest",4,1.00,1.75,88,1.67,87185.82,5,1,15,69,6,54.41,26,111,2,3,86.63,0.00,0.67,0.25,0,6.00,4,5020.88,3,1,4,org.apache.jackrabbit.ocm.TestBase,0.18,65,2,7,0,65,3,0,22,729,1
"org.apache.jackrabbit.ocm.annotation.atomic.Int2BooleanTypeConverterImpl",3,0.00,2.67,19,0.20,4540.09,3,0,4,9,2,84.48,18,40,0,1,116.71,0.00,0.00,0.00,0,3.00,3,602.32,0,3,2,java.lang.Object,0.00,6,0,8,0,6,0,1,4,131,1
"org.apache.jackrabbit.core.state.mem.InMemPersistenceManager",0,0.00,0.00,1,0.03,257.00,0,0,1,0,2,171.00,5,4,0,3,171.00,0.00,0.67,0.00,0,0.00,0,76.15,0,0,2,org.apache.jackrabbit.core.persistence.mem.InMemPersistenceManager,0.00,0,2,0,0,0,0,1,1,20,1
"org.apache.jackrabbit.rmi.server.RemoteAdapterFactory",27,0.00,1.00,28,0.22,1000.83,27,0,51,27,58,110.54,218,46,35,1,158.64,0.00,0.00,0.00,0,27.00,1,667.22,0,27,23,,0.00,0,0,27,0,0,0,0,28,223,1
"org.apache.jackrabbit.rmi.server.ServerAdapterFactory",30,0.41,1.17,82,0.95,23447.70,32,2,63,73,58,119.08,151,150,4,1,136.95,0.00,0.00,0.10,1,138.00,4,2864.70,0,28,55,java.lang.Object,0.00,43,0,35,1,43,2,1,34,672,1
"org.apache.jackrabbit.rmi.server.ServerEventCollection",3,0.25,1.00,12,0.09,1493.67,5,2,2,3,3,89.74,36,18,1,2,127.30,0.00,0.50,0.33,0,5.00,1,281.63,0,1,2,org.apache.jackrabbit.rmi.server.ServerObject,0.00,0,2,3,0,0,2,1,7,73,1
"org.apache.jackrabbit.rmi.server.ServerEventCollection$ServerEvent",4,0.11,1.00,15,0.11,1437.66,7,3,2,4,1,133.31,16,20,0,2,133.08,0.00,0.50,0.25,0,10.00,1,317.25,0,2,1,org.apache.jackrabbit.rmi.server.ServerObject,0.00,0,2,4,0,0,2,1,7,84,2
"org.apache.jackrabbit.rmi.server.ServerItem",11,0.10,1.73,41,0.37,6995.17,12,1,5,21,7,170.89,30,72,3,2,131.00,4.00,0.17,0.91,0,0.00,2,1101.01,3,4,4,org.apache.jackrabbit.rmi.server.ServerObject,0.00,10,2,19,4,10,7,1,13,274,1
"org.apache.jackrabbit.rmi.server.ServerItemDefinition",7,0.17,1.14,21,0.17,2690.33,8,1,5,14,7,133.05,28,31,3,2,132.82,2.00,0.25,0.86,0,0.00,2,496.55,1,2,4,org.apache.jackrabbit.rmi.server.ServerObject,0.00,7,2,8,2,7,5,1,9,132,1
"org.apache.jackrabbit.rmi.server.ServerLock",7,0.17,1.00,16,0.12,1568.76,8,1,5,13,2,161.88,22,24,1,1,141.26,0.00,0.00,0.86,0,0.00,1,371.85,0,2,1,java.rmi.server.UnicastRemoteObject,0.00,6,1,7,0,6,5,1,9,106,1
"org.apache.jackrabbit.rmi.server.ServerNamespaceRegistry",7,0.17,1.86,29,0.28,5980.53,8,1,4,13,4,145.93,25,56,1,2,125.31,0.00,0.50,0.86,0,0.00,2,840.22,1,4,3,org.apache.jackrabbit.rmi.server.ServerObject,0.00,6,2,13,0,6,3,1,9,204,1
"org.apache.jackrabbit.rmi.server.ServerNode",49,0.02,2.02,209,2.27,50108.31,50,1,17,99,14,174.68,80,393,3,3,124.68,1.00,0.40,0.98,1,0.00,3,6799.01,5,26,11,org.apache.jackrabbit.rmi.server.ServerItem,0.00,50,3,99,2,50,23,1,57,1568,1
"org.apache.jackrabbit.rmi.server.ServerNodeDefinition",4,0.33,1.25,15,0.13,2442.93,5,1,5,8,5,113.34,21,22,1,3,131.21,0.00,0.67,0.75,0,0.00,2,392.74,2,2,4,org.apache.jackrabbit.rmi.server.ServerItemDefinition,0.00,4,3,5,0,4,2,1,6,100,1
"org.apache.jackrabbit.rmi.server.ServerNodeType",19,0.28,1.21,61,0.60,16855.76,20,1,8,34,6,150.56,58,88,1,2,129.94,0.00,0.50,0.74,4,0.00,3,1804.62,1,10,5,org.apache.jackrabbit.rmi.server.ServerObject,0.00,15,2,23,0,15,9,1,23,439,1
"org.apache.jackrabbit.rmi.server.ServerNodeTypeManager",5,0.25,1.80,21,0.22,4191.09,6,1,6,11,6,125.62,23,45,1,2,125.39,1.00,0.33,0.80,0,0.00,2,669.14,2,4,5,org.apache.jackrabbit.rmi.server.ServerObject,0.00,6,2,9,1,6,1,1,7,160,1
"org.apache.jackrabbit.rmi.server.ServerObject",6,0.40,5.00,70,0.79,43690.71,7,1,30,32,19,57.24,69,82,15,1,101.37,0.00,0.00,0.67,1,0.00,19,2376.12,0,5,4,java.rmi.server.UnicastRemoteObject,0.00,26,1,30,30,26,1,0,9,501,1
"org.apache.jackrabbit.rmi.server.ServerObservationManager",6,0.07,2.17,41,0.42,11436.92,9,3,9,16,7,67.86,50,66,1,2,115.96,0.00,0.50,0.39,1,10.00,3,1248.78,1,2,6,org.apache.jackrabbit.rmi.server.ServerObject,0.00,10,2,13,0,10,4,1,18,267,1
"org.apache.jackrabbit.rmi.server.ServerProperty",9,0.12,1.89,37,0.36,7355.31,10,1,7,19,6,165.35,26,67,1,3,125.46,0.00,0.67,0.89,0,0.00,2,1086.84,2,3,5,org.apache.jackrabbit.rmi.server.ServerItem,0.00,10,3,17,0,10,6,1,11,262,1
"org.apache.jackrabbit.rmi.server.ServerPropertyDefinition",5,0.25,1.00,13,0.11,1558.13,6,1,5,10,5,140.37,23,21,1,3,140.13,0.00,0.67,0.80,0,0.00,1,337.32,0,2,4,org.apache.jackrabbit.rmi.server.ServerItemDefinition,0.00,5,3,5,0,5,3,1,7,92,1
"org.apache.jackrabbit.rmi.server.ServerQuery",6,0.20,1.00,15,0.14,1807.56,7,1,6,12,7,160.86,22,26,1,2,140.25,0.00,0.50,0.83,0,0.00,1,413.34,1,5,6,org.apache.jackrabbit.rmi.server.ServerObject,0.00,6,2,6,0,6,1,1,8,111,1
"org.apache.jackrabbit.rmi.server.ServerQueryManager",4,0.33,1.75,19,0.20,4313.58,5,1,7,8,4,106.66,22,36,1,2,124.53,0.00,0.50,0.75,0,0.00,2,613.48,2,3,4,org.apache.jackrabbit.rmi.server.ServerObject,0.00,4,2,7,0,4,1,1,7,141,1
"org.apache.jackrabbit.rmi.server.ServerQueryResult",4,0.33,1.00,11,0.11,1384.30,5,1,5,9,6,121.90,20,19,2,2,139.78,0.00,0.50,0.75,0,0.00,1,324.93,1,3,4,org.apache.jackrabbit.rmi.server.ServerObject,0.00,5,2,4,0,5,1,1,6,86,1
"org.apache.jackrabbit.rmi.server.ServerRepository",7,0.17,1.57,29,0.32,6558.95,8,1,7,11,5,145.65,24,50,1,2,125.04,0.00,0.50,0.86,0,0.00,2,947.88,2,6,4,org.apache.jackrabbit.rmi.server.ServerObject,0.00,4,2,11,0,4,1,1,9,219,1
"org.apache.jackrabbit.rmi.server.ServerRow",3,0.50,1.00,9,0.09,1237.83,4,1,6,7,5,100.38,19,15,1,2,132.61,0.00,0.50,0.67,0,1.00,1,282.97,0,2,4,org.apache.jackrabbit.rmi.server.ServerObject,0.00,4,2,3,0,4,1,1,5,73,1
"org.apache.jackrabbit.rmi.server.ServerSession",27,0.00,1.59,95,0.99,21289.66,29,2,12,58,8,180.28,50,173,2,2,130.28,1.00,0.33,0.50,0,0.00,2,2976.73,4,12,6,org.apache.jackrabbit.rmi.server.ServerObject,0.00,31,2,43,1,31,15,1,30,709,1
"org.apache.jackrabbit.rmi.server.ServerVersion",6,0.40,2.00,32,0.31,9777.06,7,1,6,12,5,77.18,42,48,1,4,119.47,0.00,0.75,0.67,1,0.00,3,937.06,2,5,4,org.apache.jackrabbit.rmi.server.ServerNode,0.00,6,4,12,0,6,1,1,18,216,1
"org.apache.jackrabbit.rmi.server.ServerVersionHistory",13,0.08,1.77,52,0.57,12521.79,14,1,7,26,6,164.80,31,97,1,4,124.91,0.00,0.75,0.92,0,0.00,3,1716.76,3,7,5,org.apache.jackrabbit.rmi.server.ServerNode,0.00,13,4,23,0,13,6,1,16,399,1
"org.apache.jackrabbit.rmi.server.ServerWorkspace",12,0.09,1.92,54,0.59,13328.98,14,2,14,26,8,164.29,35,103,1,2,124.41,1.00,0.33,0.42,2,0.00,3,1778.27,2,6,7,org.apache.jackrabbit.rmi.server.ServerObject,0.00,14,2,23,1,14,6,1,15,408,1
"org.apache.jackrabbit.rmi.server.ServerXAResource",11,0.20,1.82,42,0.41,8423.84,12,1,6,22,2,180.35,11,73,1,1,130.35,0.00,0.00,0.82,1,0.00,2,1217.48,0,2,1,java.rmi.server.UnicastRemoteObject,0.00,11,1,20,0,11,9,1,3,298,1
"org.apache.jackrabbit.rmi.server.ServerXASession",2,1.00,1.00,7,0.07,865.83,3,1,4,4,6,100.22,12,11,1,3,132.44,0.00,0.67,0.50,0,2.00,1,195.26,1,1,5,org.apache.jackrabbit.rmi.server.ServerSession,0.00,2,3,2,0,2,1,1,3,52,1
"org.apache.jmeter.protocol.java.sampler.ChainSampler",15,0.07,1.40,71,0.86,17363.97,20,5,16,58,3,92.12,97,123,2,2,124.34,0.00,0.50,0.13,7,54.00,3,2566.03,0,5,1,org.apache.jmeter.samplers.AbstractSampler,0.00,43,1,21,0,43,10,1,23,549,1
"org.apache.jmeter.protocol.java.sampler.JMeterContextAdapter",14,0.77,1.21,41,0.37,10350.75,15,1,5,21,1,137.13,9,77,1,1,137.13,0.00,0.00,0.29,1,38.00,2,1118.70,0,6,0,java.lang.Object,0.00,7,0,17,0,7,8,1,3,280,0
"org.apache.jackrabbit.jcr.AbstractItemStateFactory",4,0.17,1.25,20,0.19,3816.01,6,2,4,12,5,103.54,23,26,2,1,121.41,0.00,0.00,0.38,1,0.00,2,559.80,0,0,3,java.lang.Object,0.00,8,0,5,2,8,4,1,9,136,2
"org.apache.jackrabbit.jcr.ChangeLog",22,0.12,2.32,145,1.60,51559.42,28,6,16,66,19,72.95,161,196,12,1,115.24,0.00,0.00,0.28,3,50.00,12,4797.45,0,5,9,java.lang.Object,0.00,44,0,51,0,44,17,0,49,1010,1
"org.apache.jackrabbit.jcr.EmptyNodeReferences",4,0.50,1.25,12,0.08,1229.96,6,2,4,6,5,133.56,3,18,3,1,133.56,0.00,0.00,0.12,0,6.00,2,241.37,0,1,2,java.lang.Object,0.00,2,0,5,0,2,3,1,1,67,0
"org.apache.jackrabbit.jcr.ItemState",21,0.07,1.90,106,1.21,44685.07,27,6,17,51,46,70.47,174,153,35,1,118.57,0.00,0.00,0.10,7,128.00,7,3638.21,0,7,15,java.lang.Object,0.00,30,0,40,2,30,14,0,42,751,2
"org.apache.jackrabbit.jcr.ItemStateCreationListener",1,0.00,1.00,2,0.01,60.50,1,0,0,1,5,103.45,7,3,4,2,145.74,0.00,0.50,0.00,0,1.00,1,35.16,0,0,1,,0.00,0,1,1,0,0,1,0,2,13,1
"org.apache.jackrabbit.jcr.ItemStateFactory",9,0.00,1.00,10,0.10,577.47,9,0,7,9,17,108.66,79,14,11,1,156.77,0.00,0.00,0.00,0,9.00,1,305.47,0,2,8,,0.00,0,0,9,0,0,7,0,10,93,1
"org.apache.jackrabbit.jcr.ItemStateLifeCycleListener",1,0.00,1.00,2,0.01,54.79,1,0,0,1,1,101.95,11,3,1,1,146.08,0.00,0.00,0.00,0,1.00,1,36.53,0,0,1,,0.00,0,0,1,0,0,1,0,2,13,1
"org.apache.jackrabbit.jcr.ItemStateValidator",16,0.06,3.31,143,2.33,88796.94,25,9,24,68,20,133.83,304,220,5,1,107.55,0.00,0.00,0.17,8,4.00,7,6985.76,0,1,15,java.lang.Object,0.00,52,0,53,0,52,15,0,63,1311,1
"org.apache.jackrabbit.jcr.NodeReferences",2,0.00,1.00,3,0.01,46.83,2,0,1,2,7,117.92,14,4,7,1,160.22,0.00,0.00,0.00,0,2.00,1,31.22,0,1,0,,0.00,0,0,2,0,0,1,0,3,14,1
"org.apache.jackrabbit.jcr.NodeState",26,0.18,2.42,189,2.56,134367.15,30,4,20,95,67,61.93,225,249,58,2,110.03,0.00,0.50,0.08,6,174.00,20,7691.14,2,11,15,org.apache.jackrabbit.jcr2spi.state.ItemState,0.21,69,1,63,0,69,15,0,68,1434,1
"org.apache.jackrabbit.jcr.PropertyState",16,0.08,2.38,105,1.15,45187.30,21,5,14,41,32,66.49,142,138,24,2,114.60,0.00,0.50,0.12,3,74.00,6,3445.05,4,5,11,org.apache.jackrabbit.jcr2spi.state.ItemState,0.27,25,1,38,0,25,11,0,31,727,1
"org.apache.jackrabbit.jcr.PropertyState$TransientData",3,0.50,2.33,18,0.16,4278.73,5,2,14,5,1,166.94,5,22,0,1,116.94,0.00,0.00,0.17,2,4.00,4,490.67,0,0,1,java.lang.Object,0.00,2,0,7,0,2,3,0,5,116,1
"org.apache.jackrabbit.jcr.SessionItemStateManager",38,0.02,1.95,263,4.21,158906.92,44,6,57,141,47,81.08,264,356,2,1,113.30,0.00,0.00,0.15,7,246.00,10,12637.32,0,4,45,java.lang.Object,0.00,103,0,74,0,103,34,2,100,2350,1
"org.apache.jackrabbit.jcr.Status",7,0.21,3.00,67,0.78,37419.05,18,11,0,8,24,114.93,123,111,24,1,105.79,0.00,0.00,0.27,0,13.00,7,2344.06,0,1,0,java.lang.Object,0.00,1,0,21,0,1,6,0,34,481,2
"org.apache.jackrabbit.jcr.TransientISFactory",12,0.06,1.08,41,0.44,7417.88,15,3,13,26,19,131.44,53,60,1,2,131.20,0.00,0.50,0.28,0,24.00,2,1307.00,1,1,18,org.apache.jackrabbit.jcr2spi.state.AbstractItemStateFactory,0.00,14,1,13,0,14,11,2,21,318,2
"org.apache.jackrabbit.jcr.TransientItemStateFactory",2,0.00,1.00,3,0.03,130.89,2,0,5,2,11,108.22,20,7,4,2,156.70,0.00,0.50,0.00,0,2.00,1,82.09,0,0,7,,0.00,0,1,2,0,0,2,0,3,26,1
"org.apache.jackrabbit.jcr.TransientItemStateManager",10,0.11,1.40,35,0.43,8615.65,12,2,12,26,13,81.90,87,63,1,1,130.01,0.00,0.00,0.40,0,0.00,4,1300.45,0,1,12,java.lang.Object,0.00,16,0,14,0,16,9,1,22,297,1
"org.apache.jackrabbit.jcr.UpdatableItemStateManager",3,0.00,1.00,4,0.02,134.12,3,0,2,3,5,125.78,19,5,3,1,158.00,0.00,0.00,0.00,0,3.00,1,73.06,0,0,2,,0.00,0,0,3,0,0,3,0,4,26,1
"org.apache.jackrabbit.jcr.WorkspaceItemStateFactory",16,0.03,2.88,160,2.22,89277.00,20,4,27,72,22,53.95,145,218,1,2,103.95,0.00,0.50,0.28,7,50.00,6,6652.71,1,3,21,org.apache.jackrabbit.jcr2spi.state.AbstractItemStateFactory,0.00,56,1,46,0,56,13,1,55,1252,1
"org.apache.jackrabbit.jcr.WorkspaceItemStateFactory$NodeReferencesImpl",3,0.50,1.33,13,0.12,2330.64,4,1,27,9,2,125.95,12,18,0,1,125.71,0.00,0.00,0.67,0,1.00,2,360.05,0,1,2,java.lang.Object,0.00,6,0,4,0,6,2,1,4,87,1
"org.apache.jackrabbit.ocm.nodemanagement.impl.jeceira.NodeTypeManagerImpl",15,1.00,1.00,19,0.23,1808.21,16,1,12,16,7,154.61,14,62,0,1,154.61,0.00,0.00,0.00,0,15.00,1,684.87,0,2,7,java.lang.Object,0.00,1,0,15,0,1,13,1,5,191,1
"org.apache.jackrabbit.taglib.filter.ItemFilter",1,0.00,1.00,2,0.01,51.70,1,0,1,1,5,102.15,11,4,5,2,146.28,0.00,0.50,0.00,0,1.00,1,33.60,0,0,0,,0.00,0,1,1,0,0,1,0,2,13,1
"org.apache.jackrabbit.taglib.filter.JEXLItemFilter",2,0.33,2.50,17,0.23,4823.46,5,3,6,13,1,60.47,19,33,0,1,110.47,0.00,0.00,0.50,1,0.00,3,698.83,0,0,1,java.lang.Object,0.00,11,0,5,0,11,2,1,8,146,1
"org.apache.jackrabbit.jcrlog.DoNothing",3,0.00,1.00,4,0.03,127.73,3,0,5,3,1,110.07,24,8,1,1,158.17,0.00,0.00,0.00,0,3.00,1,78.61,0,0,0,java.lang.Object,0.00,0,0,3,0,0,3,2,7,28,1
"org.apache.jackrabbit.jcrlog.DoNothingContentHandler",11,0.00,1.00,12,0.14,966.48,11,0,4,11,0,155.69,5,24,0,1,155.69,0.00,0.00,0.00,0,11.00,1,408.70,0,0,0,java.lang.Object,0.00,0,0,11,0,0,11,1,1,123,1
"org.apache.jackrabbit.jcrlog.JcrUtils",14,1.00,1.86,74,1.02,40512.47,15,1,25,48,7,117.76,65,105,2,1,117.53,0.00,0.00,0.00,1,14.00,5,3045.38,0,12,7,java.lang.Object,0.00,34,0,26,0,34,2,0,14,612,1
"org.apache.jackrabbit.jcrlog.Log",19,0.00,1.84,95,0.84,20713.67,31,12,6,38,2,120.87,8,134,2,1,120.87,0.00,0.00,0.08,5,178.00,4,2522.06,0,2,0,java.lang.Object,0.00,19,0,35,0,19,17,0,3,566,0
"org.apache.jackrabbit.jcrlog.LogInputStream",13,0.01,1.38,69,0.65,18276.17,19,6,5,34,3,120.06,6,90,2,2,120.06,0.00,0.50,0.18,1,0.00,4,1959.41,0,2,1,java.io.InputStream,0.00,21,1,18,0,21,11,0,1,442,0
"org.apache.jackrabbit.jcrlog.LogObject",23,0.01,2.65,259,3.49,144680.45,38,15,43,79,8,102.02,18,319,4,1,102.02,0.00,0.00,0.08,11,204.00,11,10472.26,0,10,6,java.lang.Object,0.00,56,0,61,1,56,13,1,7,1934,1
"org.apache.jackrabbit.jcrlog.LogObject$InterfaceDef",0,0.00,0.00,7,0.04,287.07,6,6,43,0,0,171.00,0,8,0,1,171.00,0.00,0.00,0.00,0,0.00,0,110.41,0,0,0,java.lang.Object,0.00,0,0,0,0,0,0,0,0,29,1
"org.apache.jackrabbit.jcrlog.RepositoryFactory",1,1.00,5.00,18,0.22,10221.06,2,1,4,10,7,81.87,15,25,6,1,92.23,0.00,0.00,0.00,0,1.00,5,651.58,0,1,2,java.lang.Object,0.00,9,0,5,0,9,0,0,2,130,1
"org.apache.jackrabbit.jcrlog.RepositoryLogger",11,0.50,2.27,115,1.63,67520.58,12,1,6,40,6,124.29,41,159,2,1,103.68,0.00,0.00,0.55,3,5.00,5,4879.80,8,9,5,org.apache.jackrabbit.jcrlog.LogObject,0.00,29,1,25,0,29,2,1,10,923,1
"org.apache.jackrabbit.jcrlog.StringUtils",22,0.95,4.95,337,4.39,289042.28,23,1,15,66,8,134.21,60,414,8,1,94.33,0.00,0.00,0.09,13,58.00,26,13167.13,0,19,2,java.lang.Object,0.00,44,0,109,0,44,3,0,34,2356,1
"org.apache.jackrabbit.core.persistence.util.BLOBStore",4,0.00,1.00,5,0.04,175.53,4,0,2,4,8,109.59,41,6,7,1,158.07,0.00,0.00,0.00,0,4.00,1,125.02,0,2,1,,0.00,0,0,4,0,0,2,0,5,41,1
"org.apache.jackrabbit.core.persistence.util.FileSystemBLOBStore",6,0.60,2.00,47,0.56,23633.05,7,1,7,24,14,93.13,35,60,9,1,111.00,0.00,0.00,0.50,1,6.00,4,1683.16,0,3,5,java.lang.Object,0.00,18,0,12,3,18,3,1,16,335,1
"org.apache.jackrabbit.core.persistence.util.ResourceBasedBLOBStore",1,0.00,1.00,2,0.01,72.19,1,0,2,1,6,107.57,12,3,4,2,145.14,0.00,0.50,0.00,0,1.00,1,42.09,0,1,2,,0.00,0,1,1,0,0,0,0,2,15,1
"org.apache.jackrabbit.core.persistence.util.Serializer",6,0.20,4.33,162,2.34,135495.12,8,2,23,79,25,132.26,149,182,11,1,82.98,0.00,0.00,0.33,0,14.00,6,7005.93,0,0,14,java.lang.Object,0.00,73,0,26,0,73,6,0,81,1199,2
"org.apache.jackrabbit.webdav.security.AclProperty",6,1.00,1.50,25,0.36,9112.73,7,1,13,18,16,81.10,43,34,5,2,123.39,0.00,0.50,0.17,0,10.00,3,1068.99,0,2,12,org.apache.jackrabbit.webdav.property.AbstractDavProperty,0.00,12,1,9,0,12,4,0,6,230,1
"org.apache.jackrabbit.webdav.security.AclProperty$Ace",11,0.11,2.09,87,1.20,56651.20,23,12,13,31,9,149.96,23,109,0,1,110.08,0.00,0.00,0.18,0,56.00,6,3612.76,0,3,9,java.lang.Object,0.00,20,0,23,0,20,8,2,3,681,2
"org.apache.jackrabbit.webdav.security.AclResource",2,2.00,1.00,5,0.04,367.86,4,2,6,2,9,168.22,38,6,3,2,141.94,0.00,0.50,0.00,0,2.00,1,131.07,0,1,7,,0.00,0,1,2,0,0,1,0,5,38,1
"org.apache.jackrabbit.webdav.security.AclRestrictionsProperty",7,0.10,1.57,35,0.32,6334.71,14,7,5,12,5,142.16,25,47,0,2,121.54,0.00,0.50,0.22,0,16.00,5,948.16,1,2,5,org.apache.jackrabbit.webdav.property.AbstractDavProperty,0.00,5,1,11,0,5,5,0,6,221,1
"org.apache.jackrabbit.webdav.security.CurrentUserPrivilegeSetProperty",3,0.50,3.67,28,0.34,12290.41,4,1,10,12,9,64.37,21,36,3,2,106.66,0.00,0.50,0.67,0,1.00,7,1026.70,1,1,6,org.apache.jackrabbit.webdav.property.AbstractDavProperty,0.00,9,1,11,0,9,2,0,5,202,1
"org.apache.jackrabbit.webdav.security.Principal",13,0.08,2.31,92,1.13,38185.10,33,20,10,31,11,161.97,22,118,4,1,111.97,0.00,0.00,0.12,2,106.00,8,3395.28,0,10,7,java.lang.Object,0.00,18,0,30,0,18,3,2,7,668,1
"org.apache.jackrabbit.webdav.security.Privilege",6,0.01,1.67,44,0.67,23971.11,21,15,9,20,15,129.13,110,55,9,1,111.00,0.00,0.00,0.08,1,14.00,4,2024.78,0,5,6,java.lang.Object,0.00,14,0,10,0,14,1,1,20,399,1
"org.apache.jackrabbit.webdav.security.SecurityConstants",0,0.00,0.00,15,0.36,11418.95,14,14,6,2,21,171.00,65,16,15,1,171.00,0.00,0.00,0.00,0,0.00,0,1070.05,0,0,6,,0.00,2,0,0,0,2,0,0,17,196,1
"org.apache.jackrabbit.webdav.security.SupportedPrivilege",2,0.75,4.00,33,0.40,13848.28,10,8,5,9,7,53.23,14,41,2,1,95.52,0.00,0.00,0.50,0,2.00,6,1198.46,0,1,5,java.lang.Object,0.00,7,0,8,0,7,1,1,3,239,1
"org.apache.jackrabbit.webdav.security.SupportedPrivilegeSetProperty",2,1.00,1.50,7,0.07,1018.77,3,1,3,4,3,94.23,24,10,0,2,131.79,0.00,0.50,0.50,0,2.00,2,210.58,0,1,3,org.apache.jackrabbit.webdav.property.AbstractDavProperty,0.00,2,1,3,0,2,1,0,3,54,1
"org.apache.jackrabbit.jcr.CacheBehaviour",1,2.00,1.00,4,0.03,1028.34,3,2,0,2,11,158.21,20,6,11,1,124.82,0.00,0.00,0.00,0,1.00,1,104.79,0,0,0,java.lang.Object,0.00,1,0,1,0,1,1,0,3,31,2
"org.apache.jackrabbit.jcr.RepositoryConfig",4,0.00,1.00,5,0.02,125.43,4,0,3,4,7,199.10,8,6,5,1,159.22,0.00,0.00,0.00,0,4.00,1,70.52,0,4,2,,0.00,0,0,4,0,0,0,0,1,28,1
"org.apache.jackrabbit.ocm.manager.cache.impl.RequestObjectCacheImpl",4,0.00,1.00,10,0.08,893.34,5,1,3,9,3,181.16,8,20,2,1,141.27,0.00,0.00,1.00,0,0.00,1,246.70,0,1,1,java.lang.Object,0.00,5,0,4,0,5,3,1,1,69,1
"org.apache.jackrabbit.command.info.AbstractLs",10,0.09,1.30,34,0.39,6773.09,15,5,7,21,4,112.98,55,49,3,1,130.85,0.00,0.00,0.12,1,46.00,3,1165.40,0,1,1,java.lang.Object,0.00,11,0,13,9,11,9,1,16,274,2
"org.apache.jackrabbit.command.info.AbstractLsItems",2,0.33,3.00,36,0.67,40835.76,5,3,10,21,6,69.84,28,53,2,2,89.98,2.00,0.25,0.50,1,2.00,5,1999.02,3,1,4,org.apache.jackrabbit.command.info.AbstractLs,0.00,19,1,6,2,19,1,0,15,329,2
"org.apache.jackrabbit.command.info.AbstractLsNodes",32,0.03,2.09,215,3.15,187503.04,52,20,11,78,7,79.91,200,281,2,2,112.13,2.00,0.25,0.02,3,482.00,21,9455.39,2,15,5,org.apache.jackrabbit.command.info.AbstractLs,0.00,46,1,67,2,46,17,0,89,1670,2
"org.apache.jackrabbit.command.info.AbstractLsNodes$OptionHolder",16,0.06,1.06,66,0.51,7117.65,31,15,11,20,0,127.91,64,84,0,1,127.67,0.00,0.00,0.12,0,184.00,2,1526.34,0,0,0,java.lang.Object,0.00,4,0,17,0,4,16,0,30,358,1
"org.apache.jackrabbit.command.info.AbstractLsProperties",4,0.17,2.75,56,0.93,52628.06,6,2,11,29,5,53.29,30,70,2,2,95.58,2.00,0.25,0.38,3,4.00,6,2804.88,2,3,3,org.apache.jackrabbit.command.info.AbstractLs,0.00,25,1,11,2,25,1,0,9,476,2
"org.apache.jackrabbit.command.info.Cat",8,0.43,1.75,42,0.55,11838.31,10,2,15,29,2,77.54,56,67,0,1,119.83,0.00,0.00,0.12,3,20.00,3,1637.51,0,2,2,java.lang.Object,0.00,21,0,14,0,21,6,1,11,341,1
"org.apache.jackrabbit.command.info.Describe",1,0.00,1.00,3,0.02,212.34,1,0,2,2,0,102.66,6,5,0,1,134.88,0.00,0.00,0.00,0,1.00,1,67.32,0,0,0,java.lang.Object,0.00,1,0,1,0,1,1,1,2,20,1
"org.apache.jackrabbit.command.info.Dump",4,1.00,2.25,32,0.40,15768.46,5,1,10,20,1,90.94,22,39,0,1,108.81,0.00,0.00,0.25,1,6.00,6,1194.70,0,1,1,java.lang.Object,0.00,16,0,9,0,16,3,1,6,233,1
"org.apache.jackrabbit.command.info.Help",7,0.04,3.14,93,1.61,71120.88,11,4,16,46,9,65.41,45,126,0,1,97.63,0.00,0.00,0.21,4,19.00,9,4837.71,0,2,9,java.lang.Object,0.00,39,0,22,0,39,5,1,20,858,1
"org.apache.jackrabbit.command.info.Info",1,0.00,5.00,29,0.35,14387.77,1,0,6,13,2,83.34,0,37,0,1,83.34,0.00,0.00,0.00,0,1.00,5,1037.05,0,0,2,java.lang.Object,0.00,12,0,5,0,12,1,1,0,187,1
"org.apache.jackrabbit.command.info.JcrInfoCommandException",4,1.00,1.00,10,0.08,824.84,5,1,1,4,4,99.26,30,16,3,3,141.55,0.00,0.67,0.00,0,4.00,1,241.63,0,0,1,org.apache.jackrabbit.command.CommandException,0.00,0,2,4,0,0,4,0,6,69,1
"org.apache.jackrabbit.command.info.LsCollectedItems",3,0.50,1.33,12,0.13,3650.25,4,1,4,5,3,91.96,18,21,0,3,124.18,0.00,0.67,0.67,0,1.00,2,394.65,1,2,3,org.apache.jackrabbit.command.info.AbstractLsItems,0.00,2,2,4,0,2,1,0,6,89,1
"org.apache.jackrabbit.command.info.LsCollectedNodes",3,0.50,1.33,12,0.13,3650.25,4,1,4,5,3,106.31,17,21,0,3,124.18,0.00,0.67,0.67,0,1.00,2,394.65,1,2,3,org.apache.jackrabbit.command.info.AbstractLsNodes,0.00,2,2,4,0,2,1,0,5,89,1
"org.apache.jackrabbit.command.info.LsCollectedProperties",3,0.50,1.33,12,0.13,3431.52,4,1,4,5,3,106.52,17,21,0,3,124.39,0.00,0.67,0.67,0,1.00,2,382.93,1,2,3,org.apache.jackrabbit.command.info.AbstractLsProperties,0.00,2,2,4,0,2,1,0,6,87,1
"org.apache.jackrabbit.command.info.LsItems",3,1.00,1.00,10,0.10,1523.76,4,1,6,6,3,89.60,23,15,0,3,131.89,0.00,0.67,0.33,0,4.00,1,302.68,0,2,3,org.apache.jackrabbit.command.info.AbstractLsItems,0.00,3,2,3,0,3,1,0,5,75,1
"org.apache.jackrabbit.command.info.LsNamespaces",1,0.00,1.00,3,0.02,212.34,1,0,2,2,0,102.66,6,5,0,1,134.88,0.00,0.00,0.00,0,1.00,1,67.32,0,0,0,java.lang.Object,0.00,1,0,1,0,1,1,1,2,20,1
"org.apache.jackrabbit.command.info.LsNodes",3,1.00,1.00,10,0.10,1549.53,4,1,6,6,3,113.96,15,15,0,3,131.84,0.00,0.67,0.33,0,4.00,1,301.04,0,2,3,org.apache.jackrabbit.command.info.AbstractLsNodes,0.00,3,2,3,0,3,1,0,5,75,1
"org.apache.jackrabbit.command.info.LsProperties",3,1.00,1.00,10,0.10,1523.76,4,1,6,6,3,89.60,22,15,0,3,131.89,0.00,0.67,0.33,0,4.00,1,302.68,0,2,3,org.apache.jackrabbit.command.info.AbstractLsProperties,0.00,3,2,3,0,3,1,0,5,75,1
"org.apache.jackrabbit.command.info.LsReferences",3,0.25,1.33,21,0.33,9468.40,5,2,7,15,2,79.63,19,33,0,1,111.85,0.00,0.00,0.33,0,5.00,2,983.71,0,1,2,java.lang.Object,0.00,12,0,4,0,12,2,1,10,188,1
"org.apache.jackrabbit.command.info.LsVersions",3,0.25,1.33,22,0.34,8673.32,5,2,10,17,2,79.93,18,32,0,1,112.15,0.00,0.00,0.33,0,5.00,2,1026.56,0,1,2,java.lang.Object,0.00,14,0,4,0,14,2,1,9,193,1
"org.apache.jackrabbit.command.info.PrintHelper",7,0.00,3.71,95,1.15,85621.86,7,0,6,24,8,48.85,57,109,6,1,96.96,0.00,0.00,0.00,2,7.00,9,3438.75,0,0,2,java.lang.Object,0.00,17,0,26,0,17,7,0,10,633,1
"org.apache.jackrabbit.webdav.search.QueryGrammerSet",5,0.25,1.60,31,0.36,13070.93,6,1,9,15,8,72.66,36,37,3,2,114.95,0.00,0.50,0.80,0,0.00,3,1082.80,1,3,5,org.apache.jackrabbit.webdav.property.AbstractDavProperty,0.00,10,1,8,0,10,2,1,6,232,1
"org.apache.jackrabbit.webdav.search.QueryGrammerSet$Grammer",3,0.17,1.67,16,0.12,1760.30,6,3,9,6,2,123.01,0,22,0,1,123.01,0.00,0.00,0.22,0,1.00,3,361.13,0,0,2,java.lang.Object,0.00,3,0,5,0,3,3,0,0,95,1
"org.apache.jackrabbit.webdav.search.SearchConstants",0,0.00,0.00,9,0.15,3100.00,8,8,3,2,7,171.00,51,10,4,1,171.00,0.00,0.00,0.00,0,0.00,0,440.00,0,0,3,,0.00,2,0,0,0,2,0,0,12,88,1
"org.apache.jackrabbit.webdav.search.SearchInfo",8,0.05,1.62,57,0.70,25989.14,14,6,17,29,14,61.71,77,66,7,1,111.71,0.00,0.00,0.21,0,24.00,5,2103.92,0,6,7,java.lang.Object,0.00,21,0,13,0,21,2,2,11,429,1
"org.apache.jackrabbit.webdav.search.SearchResource",2,2.00,1.00,5,0.03,256.09,4,2,2,2,10,123.03,29,6,6,1,143.18,0.00,0.00,0.00,0,2.00,1,102.41,0,2,4,,0.00,0,0,2,0,0,0,0,5,32,1
"org.apache.jackrabbit.tck.j.RepositoryServlet",13,0.08,1.92,113,1.48,64893.31,35,22,10,37,3,75.82,90,145,1,2,108.04,0.00,0.50,0.12,2,96.00,10,4454.02,2,9,2,javax.servlet.http.HttpServlet,0.00,24,1,25,0,24,4,0,48,797,1
"org.apache.jackrabbit.rmi.remote.ArrayIterator",4,0.33,2.00,29,0.27,10725.40,6,2,2,7,2,64.21,33,38,1,1,112.32,0.00,0.00,0.75,0,0.00,3,801.39,0,1,1,java.lang.Object,0.00,3,0,8,0,3,3,2,7,176,1
"org.apache.jackrabbit.rmi.remote.BufferIterator",4,0.11,2.00,29,0.30,13246.12,7,3,3,9,2,61.60,39,38,1,1,111.60,0.00,0.00,0.42,0,6.00,4,912.13,0,1,1,java.lang.Object,0.00,5,0,8,0,5,3,2,8,198,1
"org.apache.jackrabbit.rmi.remote.RemoteEventCollection",2,0.00,1.00,4,0.03,202.57,2,0,2,2,7,106.42,25,5,7,2,143.98,0.00,0.50,0.00,0,2.00,1,77.16,0,0,0,,0.00,0,1,2,0,0,2,0,4,27,1
"org.apache.jackrabbit.rmi.remote.RemoteEventCollection$RemoteEvent",3,0.00,1.00,4,0.02,125.94,3,0,2,3,0,126.00,18,5,0,2,158.22,0.00,0.50,0.00,0,3.00,1,68.99,0,2,0,,0.00,0,1,3,0,0,1,0,3,26,2
"org.apache.jackrabbit.rmi.remote.RemoteItem",10,0.00,1.00,11,0.07,345.17,10,0,3,10,14,108.89,97,14,14,2,158.89,0.00,0.50,0.00,0,10.00,1,224.08,0,3,1,,0.00,0,1,10,0,0,7,0,11,79,1
"org.apache.jackrabbit.rmi.remote.RemoteItemDefinition",6,0.00,1.00,7,0.04,175.78,6,0,2,6,8,115.32,71,8,7,2,159.45,0.00,0.50,0.00,0,6.00,1,111.15,0,2,1,,0.00,0,1,6,0,0,4,0,7,43,1
"org.apache.jackrabbit.rmi.remote.RemoteIterator",3,0.00,1.00,4,0.03,150.25,3,0,3,3,21,120.05,38,5,21,2,157.62,0.00,0.50,0.00,0,3.00,1,86.13,0,1,0,,0.00,0,1,3,0,0,2,0,4,30,1
"org.apache.jackrabbit.rmi.remote.RemoteLock",6,0.00,1.00,7,0.04,188.20,6,0,3,6,10,110.74,62,8,10,2,159.22,0.00,0.50,0.00,0,6.00,1,119.44,0,2,0,,0.00,0,1,6,0,0,4,0,7,45,1
"org.apache.jackrabbit.rmi.remote.RemoteNamespaceRegistry",6,0.00,1.00,7,0.06,334.83,6,0,3,6,10,119.68,76,10,10,2,157.25,0.00,0.50,0.00,0,6.00,1,185.17,0,4,0,,0.00,0,1,6,0,0,2,0,7,61,1
"org.apache.jackrabbit.rmi.remote.RemoteNode",47,0.00,1.00,48,0.44,2107.78,47,0,3,47,24,107.99,467,71,17,2,157.99,0.00,0.50,0.00,0,47.00,1,1332.81,0,17,8,,0.00,0,1,47,0,0,30,0,48,423,1
"org.apache.jackrabbit.rmi.remote.RemoteNodeDefinition",3,0.00,1.00,4,0.02,122.02,3,0,1,3,12,147.97,45,5,12,2,158.33,0.00,0.50,0.00,0,3.00,1,68.77,0,0,1,,0.00,0,1,3,0,0,3,0,4,26,1
"org.apache.jackrabbit.rmi.remote.RemoteNodeType",16,0.00,1.00,17,0.12,654.48,16,0,3,16,25,109.83,162,18,24,2,158.31,0.00,0.50,0.00,0,16.00,1,373.02,0,8,2,,0.00,0,1,16,0,0,8,0,17,128,1
"org.apache.jackrabbit.rmi.remote.RemoteNodeTypeManager",4,0.00,1.00,5,0.04,167.42,4,0,3,4,14,147.87,60,10,12,2,158.23,0.00,0.50,0.00,0,4.00,1,105.58,0,0,2,,0.00,0,1,4,0,0,4,0,5,37,1
"org.apache.jackrabbit.rmi.remote.RemoteObservationManager",3,0.00,1.00,4,0.06,349.47,3,0,3,3,10,198.67,68,10,9,2,154.73,0.00,0.50,0.00,0,3.00,1,168.33,0,0,1,,0.00,0,1,3,0,0,3,0,4,47,1
"org.apache.jackrabbit.rmi.remote.RemoteProperty",8,0.00,1.00,9,0.07,359.33,8,0,3,8,13,120.43,97,11,12,2,157.99,0.00,0.50,0.00,0,8.00,1,206.45,0,2,1,,0.00,0,1,8,0,0,6,0,9,70,1
"org.apache.jackrabbit.rmi.remote.RemotePropertyDefinition",4,0.00,1.00,5,0.03,161.32,4,0,2,4,12,138.21,56,6,12,2,158.36,0.00,0.50,0.00,0,4.00,1,88.42,0,2,0,,0.00,0,1,4,0,0,2,0,5,33,1
"org.apache.jackrabbit.rmi.remote.RemoteQuery",5,0.00,1.00,6,0.04,184.47,5,0,3,5,12,108.66,46,7,10,2,158.66,0.00,0.50,0.00,0,5.00,1,116.95,0,4,2,,0.00,0,1,5,0,0,1,0,6,42,1
"org.apache.jackrabbit.rmi.remote.RemoteQueryManager",3,0.00,1.00,4,0.04,189.63,3,0,3,3,11,119.26,37,8,10,2,156.82,0.00,0.50,0.00,0,3.00,1,107.17,0,3,1,,0.00,0,1,3,0,0,0,0,4,35,1
"org.apache.jackrabbit.rmi.remote.RemoteQueryResult",3,0.00,1.00,4,0.03,143.14,3,0,3,3,10,113.65,33,5,9,2,157.78,0.00,0.50,0.00,0,3.00,1,81.40,0,1,1,,0.00,0,1,3,0,0,2,0,4,29,1
"org.apache.jackrabbit.rmi.remote.RemoteRepository",6,0.00,1.00,7,0.06,289.75,6,0,4,6,19,120.18,76,11,18,2,157.74,0.00,0.50,0.00,0,6.00,1,174.97,0,2,1,,0.00,0,1,6,0,0,4,0,7,58,1
"org.apache.jackrabbit.rmi.remote.RemoteRow",2,0.00,1.00,3,0.02,126.98,2,0,4,2,8,127.42,27,5,8,2,156.80,0.00,0.50,0.00,0,2.00,1,70.62,0,2,0,,0.00,0,1,2,0,0,0,0,3,24,1
"org.apache.jackrabbit.rmi.remote.RemoteSession",26,0.00,1.00,27,0.25,1327.29,26,0,6,26,16,109.07,281,39,13,2,157.55,0.00,0.50,0.00,0,26.00,1,758.46,0,9,3,,0.00,0,1,26,0,0,17,0,27,240,1
"org.apache.jackrabbit.rmi.remote.RemoteVersion",4,0.00,1.00,5,0.04,191.14,4,0,3,4,14,147.42,61,6,14,2,157.78,0.00,0.50,0.00,0,4.00,1,105.40,0,4,1,,0.00,0,1,4,0,0,0,0,7,37,1
"org.apache.jackrabbit.rmi.remote.RemoteVersionHistory",12,0.00,1.00,13,0.12,602.99,12,0,2,12,13,120.04,152,21,12,2,157.60,0.00,0.50,0.00,0,12.00,1,358.54,0,3,2,,0.00,0,1,12,0,0,9,0,15,115,1
"org.apache.jackrabbit.rmi.remote.RemoteWorkspace",11,0.00,1.00,12,0.12,652.09,11,0,4,11,15,112.91,127,23,11,2,157.04,0.00,0.50,0.00,0,11.00,1,368.38,0,3,4,,0.00,0,1,11,0,0,8,0,12,114,1
"org.apache.jackrabbit.rmi.remote.RemoteXAResource",9,0.00,1.00,10,0.10,474.52,9,0,4,9,8,157.68,41,12,8,2,157.44,0.00,0.50,0.00,0,9.00,1,299.24,0,1,0,,0.00,0,1,9,0,0,8,0,10,93,1
"org.apache.jackrabbit.rmi.remote.RemoteXASession",1,0.00,1.00,2,0.01,68.18,1,0,2,1,4,96.85,10,3,3,3,145.33,0.00,0.67,0.00,0,1.00,1,37.97,0,1,1,,0.00,0,2,1,0,0,0,0,2,14,1
"org.apache.jackrabbit.ocm.manager.impl.CustomNodeTypeCreatorImpl",6,0.50,1.00,14,0.10,1322.97,8,2,5,7,4,123.44,34,27,0,1,141.32,0.00,0.00,0.08,0,10.00,1,293.72,0,1,4,java.lang.Object,0.00,1,0,6,0,1,5,1,11,83,1
"org.apache.jackrabbit.ocm.manager.impl.ObjectContentManagerImpl",49,0.05,3.63,436,8.04,265561.59,55,6,45,132,35,107.85,240,813,9,1,107.61,0.00,0.00,0.21,9,0.00,11,24128.63,0,19,26,java.lang.Object,0.00,83,0,178,0,83,30,1,68,4412,1
"org.apache.jackrabbit.ocm.manager.impl.ObjectContentManagerUtil",1,0.00,3.00,8,0.10,3870.50,1,0,5,4,5,90.93,5,19,2,1,108.81,0.00,0.00,0.00,0,1.00,3,310.63,0,1,3,java.lang.Object,0.00,3,0,3,0,3,0,0,1,63,1
"org.apache.jackrabbit.ocm.manager.impl.ObjectIterator",5,0.20,2.20,33,0.31,6665.65,10,5,10,12,3,117.42,22,48,1,1,117.18,0.00,0.00,0.36,1,1.00,6,932.61,0,1,2,java.lang.Object,0.00,7,0,11,0,7,4,1,4,202,1
"org.apache.jackrabbit.core.AbstractConcurrencyTest",2,0.00,5.00,47,0.51,23158.86,2,0,4,12,6,39.36,20,43,5,4,87.83,1.67,0.33,0.00,0,0.00,5,1517.34,0,0,1,org.apache.jackrabbit.test.AbstractJCRTest,0.00,10,3,10,5,10,2,0,3,285,2
"org.apache.jackrabbit.core.AbstractConcurrencyTest$Executor",2,0.33,1.50,13,0.11,1601.97,5,3,4,5,0,119.01,0,19,0,1,119.01,0.00,0.00,0.50,0,2.00,2,333.55,0,0,0,java.lang.Object,0.00,3,0,3,0,3,2,1,0,84,2
"org.apache.jackrabbit.core.AbstractConcurrencyTest$Task",1,0.00,1.00,2,0.02,119.55,1,0,4,1,0,143.41,0,4,0,1,143.41,0.00,0.00,0.00,0,1.00,1,51.02,0,0,0,,0.00,0,0,1,0,0,1,0,0,16,1
"org.apache.jackrabbit.core.BatchedItemOperations",37,0.09,4.27,537,9.44,587613.18,49,12,42,178,32,128.22,768,840,3,2,94.83,0.00,0.50,0.17,17,0.00,24,28333.59,2,17,29,org.apache.jackrabbit.core.ItemValidator,0.00,141,1,158,0,141,20,0,207,4656,1
"org.apache.jackrabbit.core.CachingHierarchyManager",28,0.06,3.29,261,3.51,124962.52,37,9,21,97,16,64.10,217,376,2,2,106.39,0.00,0.50,0.17,8,134.00,7,10530.49,6,6,14,org.apache.jackrabbit.core.HierarchyManagerImpl,0.00,69,1,92,0,69,22,2,60,2043,1
"org.apache.jackrabbit.core.CachingHierarchyManager$LRUEntry",9,0.03,1.56,41,0.25,5701.31,13,4,21,10,1,108.50,51,56,0,1,126.38,0.00,0.00,0.22,2,38.00,5,750.92,0,4,1,java.lang.Object,0.00,1,0,14,0,1,5,0,13,201,1
"org.apache.jackrabbit.core.CachingHierarchyManager$PathMap.ElementVisitor",1,0.00,1.00,3,0.03,231.96,1,0,21,3,0,134.58,0,4,0,1,134.58,0.00,0.00,0.00,0,1.00,1,87.85,0,0,0,java.lang.Object,0.00,2,0,1,0,2,1,0,0,25,0
"org.apache.jackrabbit.core.CachingHierarchyManager$PathMap.ElementVisitor_0",1,0.00,1.00,3,0.03,231.96,1,0,21,3,0,134.58,0,4,0,1,134.58,0.00,0.00,0.00,0,1.00,1,87.85,0,0,0,java.lang.Object,0.00,2,0,1,0,2,1,0,0,25,0
"org.apache.jackrabbit.core.CachingHierarchyManager$PathMap.ElementVisitor_1",1,0.00,3.00,17,0.19,7649.85,1,0,21,8,0,94.27,0,17,0,1,94.27,0.00,0.00,0.00,0,1.00,3,578.13,0,0,0,java.lang.Object,0.00,7,0,3,0,7,1,0,0,114,0
"org.apache.jackrabbit.core.ConcurrencyTest",3,0.00,2.67,40,0.44,22647.86,7,4,7,14,2,138.57,8,42,1,4,98.68,0.00,0.75,0.25,0,4.00,6,1310.14,2,0,1,org.apache.jackrabbit.test.AbstractJCRTest,0.40,11,3,8,0,11,3,0,6,246,1
"org.apache.jackrabbit.core.ConcurrencyTest$TestSession",3,0.33,3.00,51,0.57,25876.47,6,3,7,17,0,143.86,3,62,0,1,93.86,0.00,0.00,0.56,1,0.00,6,1711.16,0,0,0,java.lang.Object,0.00,14,0,9,0,14,3,1,3,304,0
"org.apache.jackrabbit.core.ConcurrentCheckinMixedTransactionTest",1,1.00,2.00,10,0.12,2803.71,3,2,8,6,3,74.17,6,15,2,5,106.39,0.00,0.80,0.50,0,0.00,2,366.00,0,0,1,org.apache.jackrabbit.core.AbstractConcurrencyTest,0.00,5,4,2,0,5,1,0,3,78,1
"org.apache.jackrabbit.core.ConcurrentCheckinMixedTransactionTest$Runnable",1,0.00,2.00,6,0.03,331.82,1,0,8,4,0,121.96,0,8,0,1,121.96,0.00,0.00,0.00,0,0.00,2,87.95,0,0,0,java.lang.Object,0.00,3,0,2,0,3,1,0,0,25,0
"org.apache.jackrabbit.core.ConcurrentCheckinMixedTransactionTest$Runnable$Task",1,0.00,9.00,24,0.33,19445.46,1,0,8,10,2,85.24,0,36,0,1,85.24,0.00,0.00,0.00,0,1.00,9,986.28,0,0,2,java.lang.Object,0.00,9,0,9,0,9,1,0,0,171,0
"org.apache.jackrabbit.core.ConcurrentLoginTest",1,2.00,6.00,25,0.27,11976.42,3,2,7,11,2,75.97,15,24,1,4,86.33,0.00,0.75,0.00,0,1.00,6,811.19,0,0,1,org.apache.jackrabbit.test.AbstractJCRTest,0.00,10,3,6,0,10,1,0,6,155,1
"org.apache.jackrabbit.core.ConcurrentLoginTest$Runnable",1,0.00,3.00,12,0.10,2650.80,1,0,7,5,0,153.53,1,13,0,1,103.53,0.00,0.00,0.00,0,1.00,3,300.30,0,0,0,java.lang.Object,0.00,4,0,3,0,4,1,0,1,63,0
"org.apache.jackrabbit.core.ConcurrentNodeModificationTest",1,1.00,6.00,36,0.43,23262.01,5,4,7,13,2,40.59,12,34,1,4,78.15,0.00,0.75,0.75,0,0.00,6,1287.41,0,0,1,org.apache.jackrabbit.test.AbstractJCRTest,0.00,12,3,6,0,12,1,0,5,228,1
"org.apache.jackrabbit.core.ConcurrentNodeModificationTest$TestSession",3,0.33,2.33,43,0.49,18557.12,6,3,7,15,0,98.20,2,51,0,1,98.20,0.00,0.00,0.56,1,0.00,4,1456.13,0,0,0,java.lang.Object,0.00,12,0,7,0,12,3,1,2,265,0
"org.apache.jackrabbit.core.ConcurrentReadWriteTest",1,3.00,4.00,30,0.41,17496.42,4,3,9,20,2,82.40,4,32,1,5,82.17,0.00,0.80,0.00,0,0.00,4,1244.89,0,0,1,org.apache.jackrabbit.core.AbstractConcurrencyTest,0.00,19,4,4,0,19,1,0,1,218,1
"org.apache.jackrabbit.core.ConcurrentReadWriteTest$Runnable",1,0.00,2.00,6,0.03,350.43,1,0,9,4,0,121.78,0,8,0,1,121.78,0.00,0.00,0.00,0,0.00,2,93.95,0,0,0,java.lang.Object,0.00,3,0,2,0,3,1,0,0,26,0
"org.apache.jackrabbit.core.ConcurrentReadWriteTest$Runnable$Task",1,0.00,6.00,22,0.30,15108.07,1,0,9,13,0,137.60,1,28,0,1,87.60,0.00,0.00,0.00,0,1.00,6,901.13,0,0,0,java.lang.Object,0.00,12,0,6,0,12,1,0,1,154,0
"org.apache.jackrabbit.core.ConcurrentSaveTest",3,0.12,2.00,27,0.25,6124.89,7,4,8,15,2,129.79,9,36,1,4,109.18,0.00,0.75,0.33,0,2.00,3,761.94,2,0,1,org.apache.jackrabbit.test.AbstractJCRTest,0.40,12,3,6,0,12,3,0,3,170,1
"org.apache.jackrabbit.core.ConcurrentSaveTest$Thread",1,0.00,3.00,15,0.16,3935.02,1,0,8,7,0,148.57,1,16,0,1,98.57,0.00,0.00,0.00,0,0.00,3,465.69,0,0,0,java.lang.Object,0.00,6,0,3,0,6,1,0,1,90,0
"org.apache.jackrabbit.core.ConcurrentSaveTest$Thread_0",1,0.00,4.00,16,0.19,6143.03,1,0,8,7,0,135.82,2,18,0,1,95.93,0.00,0.00,0.00,0,0.00,4,573.66,0,0,0,java.lang.Object,0.00,6,0,4,0,6,1,0,2,107,0
"org.apache.jackrabbit.core.ConcurrentVersioningTest",4,0.00,1.00,15,0.08,859.13,6,2,7,5,2,174.72,11,16,1,5,134.84,0.00,0.80,0.50,0,0.00,1,242.16,1,0,1,org.apache.jackrabbit.core.AbstractConcurrencyTest,0.00,1,4,4,0,1,4,0,3,68,1
"org.apache.jackrabbit.core.ConcurrentVersioningTest$Task",1,0.00,2.00,9,0.08,2015.65,1,0,7,4,0,159.22,1,8,0,1,109.22,0.00,0.00,0.00,0,1.00,2,248.44,0,0,0,java.lang.Object,0.00,3,0,2,0,3,1,0,1,53,0
"org.apache.jackrabbit.core.ConcurrentVersioningTest$Task_0",1,0.00,2.00,12,0.11,2546.07,1,0,7,6,0,103.76,0,11,0,1,103.76,0.00,0.00,0.00,0,1.00,2,315.16,0,0,0,java.lang.Object,0.00,5,0,2,0,5,1,0,0,66,0
"org.apache.jackrabbit.core.ConcurrentVersioningTest$Task_1",1,0.00,2.00,12,0.11,2988.00,1,0,7,6,0,153.22,1,11,0,1,103.22,0.00,0.00,0.00,0,1.00,2,328.00,0,0,0,java.lang.Object,0.00,5,0,2,0,5,1,0,1,68,0
"org.apache.jackrabbit.core.ConcurrentVersioningTest$Task_2",1,0.00,3.00,20,0.22,6623.70,1,0,7,13,0,132.01,2,17,0,1,92.13,0.00,0.00,0.00,0,1.00,3,665.30,0,0,0,java.lang.Object,0.00,12,0,3,0,12,1,0,2,123,0
"org.apache.jackrabbit.core.ConcurrentVersioningWithTransactionsTest",5,0.12,1.20,20,0.13,2132.07,7,2,9,8,4,167.68,12,28,2,5,127.79,0.00,0.80,0.40,0,0.00,2,377.54,1,1,2,org.apache.jackrabbit.core.AbstractConcurrencyTest,0.00,3,4,6,0,3,4,0,4,101,1
"org.apache.jackrabbit.core.ConcurrentVersioningWithTransactionsTest$Task",1,0.00,4.00,23,0.32,19233.17,1,0,9,14,2,126.04,2,27,0,1,86.15,0.00,0.00,0.00,0,1.00,4,969.06,0,0,2,java.lang.Object,0.00,13,0,4,0,13,1,0,2,163,0
"org.apache.jackrabbit.core.ConcurrentVersioningWithTransactionsTest$Task_0",1,0.00,4.00,22,0.30,15439.21,1,0,9,15,1,137.62,1,25,0,1,87.62,0.00,0.00,0.00,0,1.00,4,892.64,0,0,1,java.lang.Object,0.00,14,0,4,0,14,1,0,1,152,0
"org.apache.jackrabbit.core.ConcurrentVersioningWithTransactionsTest$Task_1",1,0.00,4.00,21,0.29,14996.60,1,0,9,15,1,128.36,2,24,0,1,88.47,0.00,0.00,0.00,0,1.00,4,880.68,0,0,1,java.lang.Object,0.00,14,0,4,0,14,1,0,2,150,0
"org.apache.jackrabbit.core.ConcurrentVersioningWithTransactionsTest$Task_2",1,0.00,5.00,27,0.38,20615.41,1,0,9,18,0,103.88,3,28,0,1,83.26,0.00,0.00,0.00,0,1.00,5,1127.25,0,0,0,java.lang.Object,0.00,17,0,5,0,17,1,0,3,186,0
"org.apache.jackrabbit.core.HierarchyManager",6,0.00,1.00,7,0.07,293.54,6,0,4,6,18,113.57,70,10,14,1,157.70,0.00,0.00,0.00,0,6.00,1,195.70,0,3,4,,0.00,0,0,6,0,0,3,0,7,62,1
"org.apache.jackrabbit.core.HierarchyManagerImpl",18,0.01,3.22,195,2.47,119162.27,23,5,15,56,20,55.24,152,283,6,1,103.34,0.00,0.00,0.21,7,26.00,7,7407.91,0,10,14,java.lang.Object,0.00,38,0,58,3,38,8,1,41,1412,1
"org.apache.jackrabbit.core.InternalXAResource",6,0.00,1.00,7,0.04,169.53,6,0,0,6,5,127.35,37,8,4,1,159.57,0.00,0.00,0.00,0,6.00,1,128.53,0,0,2,,0.00,0,0,6,0,0,6,0,7,47,1
"org.apache.jackrabbit.core.ItemId",1,1.00,1.00,3,0.03,343.57,2,1,1,1,60,113.09,14,4,60,1,133.23,0.00,0.00,0.00,0,1.00,1,78.02,0,0,0,java.lang.Object,0.00,0,0,1,2,0,1,1,3,22,2
"org.apache.jackrabbit.core.ItemImpl",43,0.06,3.77,559,8.13,623414.51,56,13,51,192,31,52.25,479,779,7,1,96.37,0.00,0.00,0.14,20,606.00,26,24375.23,0,13,29,java.lang.Object,0.00,149,0,162,4,149,30,2,210,4088,2
"org.apache.jackrabbit.core.ItemLifeCycleListener",3,0.00,1.00,4,0.02,78.51,3,0,0,3,7,115.71,35,5,6,1,159.84,0.00,0.00,0.00,0,3.00,1,73.51,0,0,2,,0.00,0,0,3,0,0,3,0,4,27,1
"org.apache.jackrabbit.core.ItemManager",35,0.05,2.54,275,3.64,101991.38,42,7,34,114,44,69.69,255,401,23,1,111.98,0.00,0.00,0.19,11,124.00,6,10923.55,0,19,28,java.lang.Object,0.00,79,0,89,0,79,16,3,91,2156,1
"org.apache.jackrabbit.core.ItemValidator",6,0.15,3.33,78,1.12,55878.23,10,4,19,38,15,87.56,91,105,2,1,97.91,0.00,0.00,0.38,2,0.00,7,3356.44,0,3,13,java.lang.Object,0.00,32,0,20,1,32,3,0,22,624,1
"org.apache.jackrabbit.core.JackrabbitRepositoryStub",2,0.67,2.50,29,0.40,15537.71,8,6,8,13,3,136.70,42,36,0,2,97.40,0.00,0.50,0.50,0,2.00,4,1203.49,0,1,3,org.apache.jackrabbit.test.RepositoryStub,0.22,11,1,5,0,11,1,0,13,231,1
"org.apache.jackrabbit.core.LazyItemIterator",10,0.11,2.10,62,0.60,23470.93,15,5,12,21,3,67.16,82,85,2,1,115.26,0.00,0.00,0.30,2,6.00,8,1788.53,0,3,2,java.lang.Object,0.00,11,0,21,0,11,7,2,34,380,0
"org.apache.jackrabbit.core.LocalNamespaceMappings",15,0.17,2.87,108,1.21,44539.23,20,5,16,47,13,69.60,112,154,1,2,111.89,0.00,0.50,0.36,3,0.00,9,3641.22,1,7,12,org.apache.jackrabbit.name.AbstractNamespaceResolver,0.00,32,1,43,0,32,8,2,53,768,0
"org.apache.jackrabbit.core.LockTest",3,3.00,5.00,72,0.74,24317.84,6,3,10,15,3,56.14,19,64,1,4,88.36,0.00,0.75,0.00,0,0.00,5,2209.51,0,0,2,org.apache.jackrabbit.test.AbstractJCRTest,0.00,12,3,15,0,12,3,0,4,410,1
"org.apache.jackrabbit.core.LockTest$Thread",1,1.00,5.00,18,0.23,7228.62,2,1,10,14,1,143.42,1,23,0,1,93.42,0.00,0.00,0.00,0,1.00,5,697.78,0,0,1,java.lang.Object,0.00,13,0,5,0,13,1,0,1,130,0
"org.apache.jackrabbit.core.LockTest$Thread$Locked",1,0.00,2.00,10,0.10,2338.99,1,0,10,7,0,107.01,0,12,0,1,107.01,0.00,0.00,0.00,0,0.00,2,310.21,0,1,0,java.lang.Object,0.00,6,0,2,0,6,0,0,0,65,0
"org.apache.jackrabbit.core.LockTest$Thread_0",1,0.00,5.00,20,0.28,9047.99,2,1,10,13,1,140.94,1,24,0,1,90.94,0.00,0.00,1.00,0,0.00,5,853.33,0,0,1,java.lang.Object,0.00,12,0,5,0,12,1,0,1,153,0
"org.apache.jackrabbit.core.LockTest$Thread_0$Locked_1",1,0.00,1.00,7,0.07,1442.31,1,0,10,6,0,114.60,0,8,0,1,114.60,0.00,0.00,0.00,0,1.00,1,212.33,0,1,0,java.lang.Object,0.00,5,0,1,0,5,0,0,0,48,0
"org.apache.jackrabbit.core.LockTest$Thread_2",1,0.00,6.00,24,0.36,15205.44,2,1,10,14,1,126.06,2,29,0,1,86.17,0.00,0.00,1.00,0,0.00,6,1070.96,0,0,1,java.lang.Object,0.00,13,0,6,0,13,1,0,2,183,0
"org.apache.jackrabbit.core.LockTest$Thread_2$Locked_3",1,0.00,1.00,7,0.07,1442.31,1,0,10,6,0,114.60,0,8,0,1,114.60,0.00,0.00,0.00,0,1.00,1,212.33,0,1,0,java.lang.Object,0.00,5,0,1,0,5,0,0,0,48,0
"org.apache.jackrabbit.core.MultiThreadingTests",1,0.00,1.00,14,0.16,5586.62,1,0,3,3,10,98.97,4,16,0,2,98.74,0.00,0.50,0.00,0,1.00,1,465.96,0,1,10,junit.framework.TestCase,0.00,2,1,1,0,2,0,0,1,103,1
"org.apache.jackrabbit.core.NamespaceRegistryImpl",24,0.05,2.67,236,3.03,136828.14,38,14,28,74,27,63.31,168,337,12,2,105.60,0.00,0.50,0.12,8,210.00,12,9088.31,2,10,15,org.apache.jackrabbit.name.AbstractNamespaceResolver,0.00,50,1,64,0,50,14,3,75,1743,1
"org.apache.jackrabbit.core.NamespaceRegistryImplTest",4,0.44,2.75,34,0.35,7160.30,10,6,5,13,4,132.08,14,54,1,2,111.46,0.00,0.50,0.50,1,0.00,5,1055.24,0,0,3,junit.framework.TestCase,0.00,9,1,11,0,9,4,0,5,238,1
"org.apache.jackrabbit.core.NodeId",7,0.17,1.57,27,0.21,4279.21,10,3,1,13,137,88.87,50,39,135,2,131.16,0.00,0.50,0.19,0,15.00,3,637.33,0,3,2,org.apache.jackrabbit.core.ItemId,0.25,6,1,11,0,6,4,0,12,162,1
"org.apache.jackrabbit.core.NodeIdIterator",1,0.00,1.00,2,0.01,59.45,1,0,2,1,5,97.32,10,3,4,2,145.80,0.00,0.50,0.00,0,1.00,1,33.60,0,0,1,,0.00,0,1,1,0,0,1,0,2,13,1
"org.apache.jackrabbit.core.NodeImpl",131,0.11,3.70,1713,25.39,1433878.66,135,4,76,460,70,48.86,1357,2472,35,2,97.34,2.00,0.25,0.14,48,3997.00,38,76172.35,9,66,42,org.apache.jackrabbit.core.ItemImpl,0.07,329,1,485,2,329,65,1,598,13155,1
"org.apache.jackrabbit.core.PropertyId",8,0.04,1.75,42,0.42,14761.94,12,4,1,18,62,76.79,59,58,59,2,119.08,0.00,0.50,0.22,0,18.00,3,1262.46,0,3,3,org.apache.jackrabbit.core.ItemId,0.22,10,1,14,0,10,5,0,14,282,1
"org.apache.jackrabbit.core.PropertyImpl",39,0.07,3.28,473,6.22,242001.09,41,2,34,118,25,58.31,301,665,7,2,100.60,0.00,0.50,0.44,6,0.00,11,18667.97,3,13,21,org.apache.jackrabbit.core.ItemImpl,0.15,79,1,128,0,79,26,1,169,3443,1
"org.apache.jackrabbit.core.ReadVersionsWhileModified",1,1.00,3.00,14,0.18,4453.72,2,1,5,11,2,51.16,8,18,1,5,99.26,0.00,0.80,0.00,0,0.00,3,546.73,0,0,1,org.apache.jackrabbit.core.AbstractConcurrencyTest,0.00,10,4,3,0,10,1,0,2,107,1
"org.apache.jackrabbit.core.ReadVersionsWhileModified$Runnable",1,0.00,3.00,10,0.12,3179.38,1,0,5,8,0,105.87,0,15,0,1,105.87,0.00,0.00,0.00,0,0.00,3,356.06,0,0,0,java.lang.Object,0.00,7,0,3,0,7,1,0,0,73,0
"org.apache.jackrabbit.core.ReadWhileSaveTest",2,0.00,3.00,34,0.40,11994.24,2,0,14,20,1,115.71,6,38,0,4,95.10,0.00,0.75,0.00,1,0.00,4,1210.59,0,1,1,org.apache.jackrabbit.test.AbstractJCRTest,0.00,18,3,6,0,18,1,0,3,219,1
"org.apache.jackrabbit.core.ReadWhileSaveTest$Runnable",1,0.00,4.00,15,0.15,4391.71,1,0,14,10,0,98.13,0,18,0,1,98.13,0.00,0.00,0.00,0,1.00,4,443.99,0,0,0,java.lang.Object,0.00,9,0,4,0,9,1,0,0,89,0
"org.apache.jackrabbit.core.RepositoryImpl",52,0.02,2.12,415,5.52,205026.96,82,30,77,201,87,62.51,526,628,42,1,110.99,0.00,0.00,0.06,17,1206.00,10,16572.49,0,34,50,java.lang.Object,0.00,149,0,110,0,149,18,3,158,3053,1
"org.apache.jackrabbit.core.RepositoryImpl$ExternalEventListener",5,0.00,1.00,11,0.07,733.18,5,0,77,11,5,163.33,17,17,0,1,142.71,0.00,0.00,0.00,0,5.00,1,224.01,0,3,5,java.lang.Object,0.00,6,0,5,0,6,2,1,7,68,0
"org.apache.jackrabbit.core.RepositoryImpl$WorkspaceInfo",21,0.09,2.71,185,2.02,60875.95,35,14,77,64,19,59.82,202,295,0,1,109.82,0.00,0.00,0.16,7,181.00,8,6065.62,0,9,19,java.lang.Object,0.00,43,0,57,0,43,12,1,63,1190,1
"org.apache.jackrabbit.core.RepositoryImpl$WorkspaceJanitor",2,0.50,3.50,32,0.32,10626.24,4,2,77,9,2,95.99,33,39,0,1,96.46,0.00,0.00,0.75,0,0.00,6,957.01,0,0,2,java.lang.Object,0.00,7,0,7,0,7,2,1,11,185,1
"org.apache.jackrabbit.core.SearchManager",12,0.10,3.75,163,2.38,117198.98,36,24,40,68,34,97.25,196,239,7,1,97.73,0.00,0.00,0.13,4,8.00,14,7129.20,0,6,27,java.lang.Object,0.00,56,0,45,0,56,6,1,52,1254,1
"org.apache.jackrabbit.core.SearchManager$NodeIdIterator",4,0.67,1.00,10,0.07,749.95,5,1,40,8,1,141.87,0,14,0,1,141.87,0.00,0.00,0.50,1,4.00,1,202.85,0,1,1,java.lang.Object,0.00,4,0,4,0,4,3,0,0,60,0
"org.apache.jackrabbit.core.SearchManager$NodeStateIterator",4,0.67,1.50,19,0.20,5911.16,5,1,40,11,4,123.49,2,26,0,1,123.49,0.00,0.00,0.50,1,4.00,3,611.36,0,2,4,java.lang.Object,0.00,7,0,6,0,7,2,0,2,133,0
"org.apache.jackrabbit.core.SessionImpl",71,0.01,2.38,541,7.15,367686.55,93,22,83,237,84,67.74,537,797,54,1,110.03,0.00,0.00,0.06,19,2739.00,22,21461.24,0,37,38,java.lang.Object,0.00,166,0,169,2,166,34,3,197,3986,1
"org.apache.jackrabbit.core.SessionListener",2,0.00,1.00,3,0.01,46.02,2,0,0,2,5,110.28,19,4,5,1,160.28,0.00,0.00,0.00,0,2.00,1,41.02,0,0,1,,0.00,0,0,2,0,0,2,0,3,17,1
"org.apache.jackrabbit.core.SystemSession",3,0.00,1.00,11,0.13,2138.77,3,0,12,9,9,86.61,34,22,3,2,130.74,0.00,0.50,0.00,0,3.00,1,401.72,0,2,7,org.apache.jackrabbit.core.SessionImpl,0.00,6,1,3,0,6,1,0,8,95,0
"org.apache.jackrabbit.core.SystemSession$SystemAccessManager",6,0.00,1.00,9,0.08,563.02,6,0,12,6,3,137.60,35,21,0,1,155.47,0.00,0.00,0.00,0,6.00,1,230.54,0,0,3,java.lang.Object,0.00,0,0,6,0,0,6,1,10,68,1
"org.apache.jackrabbit.core.TestAll",1,0.00,1.00,7,0.06,1740.69,1,0,3,3,3,71.66,7,9,0,2,113.96,0.00,0.50,0.00,0,1.00,1,186.48,0,1,3,junit.framework.TestCase,0.00,2,1,1,0,2,0,0,2,47,1
"org.apache.jackrabbit.core.TestRepository",4,0.08,2.25,27,0.36,10875.69,8,4,10,15,8,104.38,61,46,5,1,114.74,0.00,0.00,0.31,0,4.00,6,1066.64,0,2,3,java.lang.Object,0.00,11,0,9,0,11,2,0,11,217,1
"org.apache.jackrabbit.core.TestRepository$Repository",6,0.00,1.00,13,0.11,1577.78,6,0,10,9,0,140.71,0,21,0,1,140.71,0.00,0.00,0.00,0,6.00,1,342.72,0,6,0,java.lang.Object,0.00,3,0,6,0,3,0,0,0,96,0
"org.apache.jackrabbit.core.TransactionContext",12,0.08,2.58,109,1.06,47768.11,19,7,7,28,9,58.73,103,133,7,2,106.84,0.00,0.50,0.21,4,48.00,7,3176.23,0,1,3,Timer.Task,0.00,16,1,31,0,16,11,0,27,629,1
"org.apache.jackrabbit.core.TransactionException",2,0.00,1.00,5,0.03,221.18,2,0,1,2,8,95.57,16,8,7,3,143.68,0.00,0.67,0.00,0,2.00,1,88.69,0,0,1,org.apache.jackrabbit.BaseException,0.00,0,2,2,0,0,2,0,3,29,1
"org.apache.jackrabbit.core.TransientRepository",15,0.05,1.40,82,0.89,19404.44,26,11,20,44,14,82.78,188,162,8,1,120.34,0.00,0.00,0.14,3,48.00,3,2659.11,0,6,6,java.lang.Object,0.00,29,0,21,0,29,9,2,44,580,1
"org.apache.jackrabbit.core.TransientRepository$RepositoryFactory",1,0.00,1.00,2,0.01,38.26,1,0,20,1,1,105.02,7,3,0,1,147.31,0.00,0.00,0.00,0,1.00,1,25.51,0,0,1,,0.00,0,0,1,0,0,1,0,1,11,1
"org.apache.jackrabbit.core.TransientRepository$RepositoryFactory_0",1,0.00,1.00,3,0.02,222.80,1,0,20,2,1,134.71,0,0,0,1,134.71,0.00,0.00,0.00,0,1.00,1,58.19,0,0,1,java.lang.Object,0.00,1,0,1,0,1,1,0,0,18,0
"org.apache.jackrabbit.core.TransientRepository$RepositoryFactory_1",1,0.00,6.00,25,0.36,22234.03,1,0,20,13,4,84.21,0,0,0,1,84.21,0.00,0.00,0.00,0,0.00,6,1093.32,0,0,4,java.lang.Object,0.00,12,0,6,0,12,1,0,0,187,0
"org.apache.jackrabbit.core.TransientRepositoryTest",3,0.00,1.00,12,0.10,1198.92,4,1,5,10,2,95.83,19,17,1,2,128.05,0.00,0.50,1.00,0,0.00,1,297.84,0,0,1,junit.framework.TestCase,0.00,7,1,3,0,7,3,0,5,76,1
"org.apache.jackrabbit.core.TransientRepositoryTest$TransientRepository.RepositoryFactory",1,0.00,1.00,3,0.02,176.32,1,0,5,2,1,135.51,0,4,0,1,135.51,0.00,0.00,0.00,0,1.00,1,57.02,0,1,1,java.lang.Object,0.00,1,0,1,0,1,0,0,0,18,0
"org.apache.jackrabbit.core.UserTransactionImpl",7,0.25,2.29,56,0.71,27087.72,11,4,12,21,7,76.65,42,84,6,1,108.87,0.00,0.00,0.46,0,0.00,4,2120.21,0,0,1,java.lang.Object,0.00,14,0,16,0,14,7,1,13,414,1
"org.apache.jackrabbit.core.UserTransactionImpl$XidImpl",4,1.00,1.00,10,0.06,808.47,5,1,12,4,0,162.23,15,15,0,1,141.61,0.00,0.00,0.25,0,6.00,1,193.11,0,0,0,java.lang.Object,0.00,0,0,4,0,0,4,1,5,57,0
"org.apache.jackrabbit.core.WorkspaceImpl",28,0.10,2.54,259,3.38,144934.50,37,9,47,107,34,57.47,296,403,12,1,105.94,0.00,0.00,0.21,6,32.00,12,10149.88,0,13,25,java.lang.Object,0.00,79,0,71,1,79,15,2,97,1856,1
"org.apache.jackrabbit.core.WorkspaceImpl$VersionSelector",1,0.00,2.00,6,0.06,1535.64,1,0,47,4,1,156.61,2,8,0,1,116.72,0.00,0.00,0.00,0,1.00,2,190.84,0,1,1,java.lang.Object,0.00,3,0,2,0,3,0,0,2,45,0
"org.apache.jackrabbit.core.XASession",0,0.00,0.00,1,0.02,139.52,0,0,0,0,3,171.00,3,2,3,2,171.00,0.00,0.50,0.00,0,0.00,0,46.51,0,0,0,,0.00,0,1,0,0,0,0,0,1,14,1
"org.apache.jackrabbit.core.XASessionImpl",22,0.04,2.09,131,1.45,42281.00,29,7,21,51,18,76.61,159,185,2,2,118.90,0.00,0.50,0.10,5,214.00,9,4347.25,2,5,17,org.apache.jackrabbit.core.SessionImpl,0.06,29,1,46,0,29,17,2,34,925,1
"org.apache.jackrabbit.core.XATest",30,0.83,1.97,496,6.28,255484.17,31,1,13,86,3,50.85,335,569,1,4,94.98,0.00,0.75,0.20,1,0.00,5,18843.50,4,0,2,org.apache.jackrabbit.test.AbstractJCRTest,0.17,56,3,59,0,56,30,0,237,3452,1
"org.apache.jackrabbit.core.XAWorkspace",2,0.00,1.00,5,0.05,510.47,2,0,4,4,8,98.53,14,10,1,2,140.82,0.00,0.50,0.00,0,2.00,1,158.17,0,1,7,org.apache.jackrabbit.core.WorkspaceImpl,0.00,2,1,2,0,2,1,0,3,43,1
"org.apache.jackrabbit.core.ZombieHierarchyManager",6,0.80,2.17,31,0.38,9090.84,7,1,7,19,11,71.60,48,54,2,2,119.70,0.00,0.50,0.33,0,10.00,3,1154.61,4,3,9,org.apache.jackrabbit.core.HierarchyManagerImpl,0.00,13,1,13,0,13,3,0,19,265,1
"org.apache.jackrabbit.test.rmi.RemoteAdapterTest",24,0.37,1.46,227,2.38,52379.85,29,5,48,87,23,66.73,184,254,0,2,109.02,0.00,0.50,0.55,5,0.00,6,7136.20,0,1,23,junit.framework.TestCase,0.00,63,1,35,0,63,23,0,80,1468,1
"org.apache.jackrabbit.ocm.nodemanagement.impl.jackrabbit.NamespaceHelper",5,1.00,2.00,25,0.25,9458.56,6,1,4,11,4,101.09,26,53,1,2,118.96,0.00,0.50,0.20,1,11.00,5,751.38,0,3,3,org.apache.jackrabbit.ocm.nodemanagement.impl.BaseNamespaceHelper,0.00,6,1,10,0,6,2,0,8,167,1
"org.apache.jackrabbit.ocm.nodemanagement.impl.jackrabbit.NodeTypeManagerImpl",27,0.35,2.33,211,3.38,164528.38,29,2,34,128,24,130.09,106,386,1,1,109.48,0.00,0.00,0.17,12,140.00,13,10135.99,0,8,23,java.lang.Object,0.00,101,0,63,0,101,19,1,27,1883,1
"org.apache.jackrabbit.ocm.nodemanagement.impl.jackrabbit.NodeTypeManagerImplTest",23,1.00,1.52,330,4.18,108721.01,24,1,14,78,9,119.83,69,399,1,3,99.21,0.00,0.67,0.04,5,0.00,3,12550.47,1,4,8,org.apache.jackrabbit.ocm.nodemanagement.TestBase,0.00,55,2,35,0,55,19,0,30,2326,1
"org.apache.jackrabbit.ocm.exception.CustomNodeTypeCreationException",3,1.00,1.00,8,0.05,522.16,4,1,0,3,3,99.83,23,12,2,4,142.13,0.00,0.75,0.00,0,3.00,1,160.30,0,0,1,org.apache.jackrabbit.ocm.exception.JcrMappingException,0.00,0,3,3,0,0,3,0,5,48,1
"org.apache.jackrabbit.ocm.exception.IllegalUnlockException",3,0.17,1.00,12,0.08,1173.43,6,3,0,3,3,110.25,15,16,2,5,128.13,0.00,0.80,0.22,0,5.00,1,240.82,0,2,1,org.apache.jackrabbit.ocm.exception.LockingException,0.00,0,4,3,0,0,1,0,4,66,1
"org.apache.jackrabbit.ocm.exception.IncorrectAtomicTypeException",3,1.00,1.00,8,0.05,522.16,4,1,0,3,19,182.01,7,12,18,4,142.13,0.00,0.75,0.00,0,3.00,1,160.30,0,0,1,org.apache.jackrabbit.ocm.exception.JcrMappingException,0.00,0,3,3,0,0,3,0,2,48,1
"org.apache.jackrabbit.ocm.exception.IncorrectPersistentClassException",3,0.00,1.00,7,0.04,296.18,3,0,0,3,3,194.07,5,11,2,4,144.07,0.00,0.75,0.00,0,3.00,1,118.69,0,0,1,org.apache.jackrabbit.ocm.exception.JcrMappingException,0.00,0,3,3,0,0,3,0,1,39,1
"org.apache.jackrabbit.ocm.exception.InitMapperException",3,1.00,1.00,8,0.05,522.16,4,1,0,3,3,99.83,23,12,2,4,142.13,0.00,0.75,0.00,0,3.00,1,160.30,0,0,1,org.apache.jackrabbit.ocm.exception.JcrMappingException,0.00,0,3,3,0,0,3,0,5,48,1
"org.apache.jackrabbit.ocm.exception.InvalidQueryException",1,0.00,1.00,3,0.03,287.09,1,0,0,2,2,123.49,15,5,1,4,133.85,0.00,0.75,0.00,0,1.00,1,87.21,0,0,1,org.apache.jackrabbit.ocm.exception.ObjectContentManagerException,0.00,1,3,1,0,1,1,0,2,26,1
"org.apache.jackrabbit.ocm.exception.JcrMappingException",3,1.00,1.00,8,0.06,577.71,4,1,0,3,26,93.67,24,12,25,3,141.78,2.00,0.29,0.00,0,3.00,1,165.70,0,0,1,org.apache.jackrabbit.ocm.exception.NestableRuntimeException,0.00,0,2,3,4,0,3,0,5,49,1
"org.apache.jackrabbit.ocm.exception.LockedException",3,0.25,1.00,11,0.06,885.75,5,2,0,3,3,133.99,13,15,2,5,133.75,0.00,0.80,0.33,0,5.00,1,194.98,0,2,1,org.apache.jackrabbit.ocm.exception.LockingException,0.00,0,4,3,0,0,1,0,3,57,1
"org.apache.jackrabbit.ocm.exception.LockingException",0,0.00,0.00,1,0.01,49.13,0,0,0,0,3,171.00,5,2,2,4,171.00,0.67,0.50,0.00,0,0.00,0,19.65,0,0,1,org.apache.jackrabbit.ocm.exception.ObjectContentManagerException,0.00,0,3,0,2,0,0,0,1,7,2
"org.apache.jackrabbit.ocm.exception.NestableRuntimeException",8,2.00,1.50,30,0.26,4971.34,10,2,2,14,3,113.24,45,45,3,2,131.11,12.00,0.07,0.00,1,8.00,2,787.31,2,2,0,java.lang.RuntimeException,0.00,6,1,12,12,6,6,0,15,200,1
"org.apache.jackrabbit.ocm.exception.ObjectContentManagerException",4,1.00,1.00,9,0.06,589.71,5,1,0,4,26,110.47,26,14,25,3,142.69,2.00,0.29,0.00,0,4.00,1,173.70,0,0,1,org.apache.jackrabbit.ocm.exception.NestableRuntimeException,0.00,0,2,4,4,0,4,0,6,53,1
"org.apache.jackrabbit.ocm.exception.RepositoryException",4,1.00,1.00,9,0.06,534.16,5,1,0,4,17,110.81,26,14,16,3,143.03,0.50,0.50,0.00,0,4.00,1,168.30,0,0,1,org.apache.jackrabbit.ocm.exception.NestableRuntimeException,0.00,0,2,4,1,0,4,0,6,52,1
"org.apache.jackrabbit.ocm.exception.VersionException",3,1.00,1.00,8,0.06,577.71,4,1,0,3,3,99.49,23,12,2,4,141.78,0.00,0.75,0.00,0,3.00,1,165.70,0,0,1,org.apache.jackrabbit.ocm.exception.RepositoryException,0.00,0,3,3,0,0,3,0,5,49,1
"org.apache.jackrabbit.ntdoc.producer.HtmlProducer",2,0.00,1.00,5,0.05,636.27,2,0,2,4,4,140.30,9,11,1,3,140.06,0.50,0.50,0.00,0,2.00,1,145.47,1,2,3,org.apache.jackrabbit.ntdoc.producer.Producer,0.00,2,2,2,1,2,0,0,3,41,2
"org.apache.jackrabbit.ntdoc.producer.Producer",9,3.00,1.00,23,0.18,2257.59,12,3,3,13,4,141.11,39,35,2,2,140.88,2.00,0.25,0.00,1,9.00,1,525.97,0,5,2,org.apache.jackrabbit.ntdoc.reporter.ReporterDelegator,0.00,4,1,9,2,4,4,0,13,145,2
"org.apache.jackrabbit.ntdoc.producer.StandardProducer",29,0.00,1.83,300,4.19,114185.14,29,0,3,81,7,125.86,95,361,1,4,105.25,0.00,0.75,0.00,24,29.00,5,12577.49,3,1,6,org.apache.jackrabbit.ntdoc.producer.HtmlProducer,0.09,52,3,53,0,52,28,0,35,2457,2
"org.apache.jackrabbit.jcr.AccessManager",5,6.00,1.00,12,0.14,1778.07,11,6,6,5,8,95.55,55,13,5,1,139.68,0.00,0.00,0.00,0,5.00,1,419.79,0,0,3,,0.00,0,0,5,0,0,5,0,7,109,1
"org.apache.jackrabbit.jcr.SecurityConstants",0,0.00,0.00,2,0.01,87.17,1,1,0,0,0,171.00,10,4,0,1,171.00,0.00,0.00,0.00,0,0.00,0,34.87,0,0,0,,0.00,0,0,0,0,0,0,0,2,11,1
"org.apache.jackrabbit.browser.command.DateTimeToISO8601",7,0.07,1.00,37,0.53,15814.44,12,5,7,16,1,139.13,24,45,0,1,118.52,0.00,0.00,0.14,0,27.00,1,1575.70,0,3,1,java.lang.Object,0.00,9,0,7,0,9,4,1,7,320,1
"org.apache.jackrabbit.browser.command.FileItemToInputStream",5,0.25,1.00,15,0.12,1605.06,7,2,3,8,0,154.08,18,21,0,1,133.46,0.00,0.00,0.30,0,10.00,1,370.17,0,2,0,java.lang.Object,0.00,3,0,5,0,3,3,1,6,97,1
"org.apache.jackrabbit.browser.command.ReadMultipartRequest",3,1.00,1.67,20,0.26,6623.08,4,1,9,16,1,115.76,13,26,0,1,115.52,0.00,0.00,0.33,0,4.00,3,767.36,0,1,1,java.lang.Object,0.00,13,0,5,0,13,2,1,6,152,1
"org.apache.jackrabbit.core.persistence.bundle.AbstractBundlePersistenceManager",28,0.00,3.00,273,3.99,310107.95,43,15,31,107,27,55.20,234,368,2,1,103.30,0.00,0.00,0.07,11,284.00,27,11968.12,0,15,25,java.lang.Object,0.00,79,0,84,9,79,13,2,67,2210,2
"org.apache.jackrabbit.core.persistence.bundle.BundleDbPersistenceManager",59,0.02,2.34,483,6.43,311442.03,91,32,46,193,30,75.58,381,661,7,2,107.80,7.00,0.11,0.05,16,1623.00,21,19277.97,3,19,23,org.apache.jackrabbit.core.persistence.bundle.AbstractBundlePersistenceManager,0.02,134,1,138,7,134,40,0,114,3499,1
"org.apache.jackrabbit.core.persistence.bundle.BundleDbPersistenceManager$CloseableBLOBStore",1,0.00,1.00,2,0.01,64.15,1,0,46,1,0,145.54,0,3,0,2,145.54,0.00,0.50,0.00,0,1.00,1,30.46,0,0,0,,0.00,0,1,1,0,0,1,0,0,12,2
"org.apache.jackrabbit.core.persistence.bundle.BundleDbPersistenceManager$DbBlobStore",6,0.16,1.50,45,0.60,15626.31,11,5,46,26,1,133.10,21,55,0,1,112.48,0.00,0.00,0.33,0,0.00,3,1788.25,0,2,1,java.lang.Object,0.00,20,0,9,0,20,4,1,10,370,1
"org.apache.jackrabbit.core.persistence.bundle.BundleDbPersistenceManager$DbBlobStore$FilterInputStream",1,0.00,1.00,4,0.02,218.17,1,0,46,3,0,180.12,1,5,0,1,130.12,0.00,0.00,0.00,0,1.00,1,68.97,0,0,0,java.lang.Object,0.00,2,0,1,0,2,1,0,1,21,0
"org.apache.jackrabbit.core.persistence.bundle.BundleDbPersistenceManager$FSBlobStore",3,1.00,1.33,11,0.09,1127.40,4,1,46,6,3,132.86,1,17,0,2,132.86,0.00,0.50,0.33,0,4.00,2,256.14,0,1,3,org.apache.jackrabbit.core.persistence.util.FileSystemBLOBStore,0.00,3,1,4,0,3,2,1,1,69,1
"org.apache.jackrabbit.core.persistence.bundle.BundleFsPersistenceManager",34,0.01,1.85,213,2.70,85353.84,50,16,26,91,19,72.77,257,294,1,2,115.06,0.00,0.50,0.07,5,578.00,5,8085.58,2,12,18,org.apache.jackrabbit.core.persistence.bundle.AbstractBundlePersistenceManager,0.00,57,1,63,0,57,22,0,62,1593,1
"org.apache.jackrabbit.core.persistence.bundle.BundleFsPersistenceManager$CloseableBLOBStore",1,0.00,1.00,2,0.01,64.15,1,0,26,1,0,145.54,0,3,0,2,145.54,0.00,0.50,0.00,0,1.00,1,30.46,0,0,0,,0.00,0,1,1,0,0,1,0,0,12,2
"org.apache.jackrabbit.core.persistence.bundle.BundleFsPersistenceManager$FSBlobStore",3,1.00,1.33,11,0.09,1158.56,4,1,26,6,3,132.77,1,17,0,2,132.77,0.00,0.50,0.33,0,4.00,2,265.04,0,1,3,org.apache.jackrabbit.core.persistence.util.FileSystemBLOBStore,0.00,3,1,4,0,3,2,1,1,71,1
"org.apache.jackrabbit.core.persistence.bundle.CachingPersistenceManager",1,0.00,1.00,2,0.01,41.48,1,0,1,1,3,98.55,10,3,2,1,147.03,0.00,0.00,0.00,0,1.00,1,27.65,0,0,1,,0.00,0,0,1,0,0,1,0,2,11,1
"org.apache.jackrabbit.core.persistence.bundle.DerbyPersistenceManager",14,0.00,1.71,69,0.84,18414.48,22,8,7,33,2,86.29,179,106,0,3,123.86,0.00,0.67,0.12,0,78.00,7,2513.54,15,5,2,org.apache.jackrabbit.core.persistence.bundle.BundleDbPersistenceManager,0.09,19,2,24,0,19,9,0,34,533,1
"org.apache.jackrabbit.core.persistence.bundle.H2PersistenceManager",6,0.40,2.33,36,0.37,6734.84,8,2,4,16,2,75.47,43,53,0,3,117.76,0.00,0.67,0.17,0,10.00,7,1122.24,15,1,2,org.apache.jackrabbit.core.persistence.bundle.BundleDbPersistenceManager,0.06,10,2,14,0,10,5,0,12,241,1
"org.apache.jackrabbit.core.persistence.bundle.MSSqlPersistenceManager",1,1.00,3.00,8,0.07,1007.30,2,1,1,1,2,157.35,22,12,0,3,113.41,0.00,0.67,0.00,0,1.00,3,214.32,5,0,2,org.apache.jackrabbit.core.persistence.bundle.BundleDbPersistenceManager,0.00,0,2,3,0,0,1,0,4,51,1
"org.apache.jackrabbit.core.persistence.bundle.MySqlPersistenceManager",1,1.00,3.00,8,0.07,1007.30,2,1,1,1,2,157.35,22,12,0,3,113.41,0.00,0.67,0.00,0,1.00,3,214.32,5,0,2,org.apache.jackrabbit.core.persistence.bundle.BundleDbPersistenceManager,0.00,0,2,3,0,0,1,0,4,51,1
"org.apache.jackrabbit.core.persistence.bundle.Oracle9PersistenceManager",7,0.07,2.57,71,1.18,49937.38,12,5,19,39,6,54.66,73,103,0,4,103.14,0.00,0.75,0.26,1,0.00,6,3542.35,3,2,6,org.apache.jackrabbit.core.persistence.bundle.OraclePersistenceManager,0.00,32,3,18,0,32,5,0,23,633,1
"org.apache.jackrabbit.core.persistence.bundle.Oracle9PersistenceManager$OracleBLOBStore",2,0.00,2.50,15,0.20,7702.17,2,0,19,7,0,150.92,4,24,0,2,111.03,0.00,0.50,0.00,0,2.00,4,596.79,0,0,0,org.apache.jackrabbit.core.persistence.bundle.DbBlobStore,0.00,5,1,5,0,5,2,0,2,113,0
"org.apache.jackrabbit.core.persistence.bundle.OraclePersistenceManager",8,0.14,2.50,61,0.70,20416.63,12,4,8,29,6,70.15,62,83,1,3,112.44,0.50,0.50,0.12,0,14.00,9,2096.20,14,3,5,org.apache.jackrabbit.core.persistence.bundle.BundleDbPersistenceManager,0.09,21,2,20,1,21,5,0,18,413,1
"org.apache.jackrabbit.core.persistence.bundle.PostgreSQLPersistenceManager",4,1.00,2.00,32,0.38,12572.86,5,1,14,20,8,61.51,33,48,0,3,109.61,0.00,0.67,0.25,0,6.00,3,1137.16,5,2,8,org.apache.jackrabbit.core.persistence.bundle.BundleDbPersistenceManager,0.07,16,2,8,0,16,2,0,6,220,1
"org.apache.jackrabbit.ocm.testmodel.crossreference.A",13,0.08,1.08,35,0.22,2557.30,19,6,3,15,3,181.58,29,61,2,1,141.69,0.00,0.00,0.09,0,86.00,2,648.86,0,5,2,java.lang.Object,0.00,2,0,14,0,2,8,0,9,185,1
"org.apache.jackrabbit.ocm.testmodel.crossreference.B",6,0.20,1.00,16,0.09,938.37,9,3,0,6,2,182.38,17,28,2,1,142.49,0.00,0.00,0.17,0,18.00,1,272.65,0,3,1,java.lang.Object,0.00,0,0,6,0,0,3,0,5,82,1
"org.apache.jackrabbit.jca.AnonymousConnection",21,0.30,1.05,47,0.43,5913.36,24,3,11,23,1,180.36,54,70,1,1,140.47,0.00,0.00,0.05,0,59.00,2,1292.55,0,6,0,java.lang.Object,0.00,2,0,22,0,2,15,2,21,339,1
"org.apache.jackrabbit.jca.JCAConnectionManager",1,0.00,1.00,4,0.05,759.37,1,0,5,3,1,83.57,7,7,1,1,125.86,0.00,0.00,0.00,0,1.00,1,144.99,0,1,0,java.lang.Object,0.00,2,0,1,0,2,0,1,2,36,2
"org.apache.jackrabbit.jca.JCAConnectionRequestInfo",12,0.27,2.17,66,0.62,20575.09,14,2,5,24,5,139.90,46,85,5,1,119.28,0.00,0.00,0.25,2,32.00,4,1874.43,0,3,0,java.lang.Object,0.00,12,0,26,0,12,9,1,15,446,2
"org.apache.jackrabbit.jca.JCAManagedConnection",33,0.08,1.48,136,1.23,25713.03,40,7,16,70,6,146.29,129,205,3,1,125.68,0.00,0.00,0.07,8,426.00,7,3684.20,0,12,6,java.lang.Object,0.00,37,0,49,0,37,21,2,42,870,2
"org.apache.jackrabbit.jca.JCAManagedConnectionFactory",23,0.07,1.78,106,1.04,28168.59,28,5,13,44,10,124.33,93,155,4,1,124.09,0.00,0.00,0.13,6,169.00,5,3131.73,0,11,8,java.lang.Object,0.00,21,0,41,0,21,12,1,29,707,2
"org.apache.jackrabbit.jca.JCARepositoryHandle",10,0.19,1.50,37,0.36,10914.20,13,3,11,17,3,129.42,42,57,2,1,129.19,0.00,0.00,0.17,1,30.00,6,1090.80,0,8,2,java.lang.Object,0.00,7,0,15,0,7,2,3,14,262,2
"org.apache.jackrabbit.jca.JCARepositoryManager",8,0.18,1.38,36,0.34,7216.00,12,4,8,20,5,92.98,49,50,3,1,125.20,0.00,0.00,0.09,2,26.00,2,1012.16,0,3,2,java.lang.Object,0.00,12,0,11,0,12,5,0,12,242,2
"org.apache.jackrabbit.jca.JCARepositoryManager$Reference",7,0.06,2.43,44,0.44,12224.30,10,3,8,19,2,116.47,33,61,0,1,116.24,0.00,0.00,0.38,1,11.00,4,1313.79,0,1,2,java.lang.Object,0.00,12,0,17,0,12,6,0,10,303,2
"org.apache.jackrabbit.jca.JCAResourceAdapter",5,1.00,1.00,10,0.10,1041.10,6,1,7,8,1,181.40,10,16,0,1,141.51,0.00,0.00,0.20,0,8.00,1,302.22,0,1,1,java.lang.Object,0.00,3,0,5,0,3,4,1,3,83,1
"org.apache.jackrabbit.jca.JCASessionHandle",35,0.94,1.00,72,0.76,9667.86,36,1,27,65,2,161.16,111,136,2,1,140.55,0.00,0.00,0.09,1,122.00,1,2292.09,0,16,1,java.lang.Object,0.00,30,0,35,0,30,19,1,37,609,2
"org.apache.jackrabbit.jca.TransactionBoundXAResource",11,0.00,1.09,33,0.30,4832.93,14,3,3,22,1,132.37,1,49,1,1,132.37,0.00,0.00,0.33,0,0.00,2,908.37,0,1,1,java.lang.Object,0.00,11,0,12,0,11,10,1,1,234,1
"org.apache.jackrabbit.core.cluster.AbstractClusterOperation",5,0.17,1.00,15,0.10,1268.23,8,3,2,6,5,91.98,38,21,2,1,134.27,0.00,0.00,0.20,0,14.00,1,309.08,0,2,4,java.lang.Object,0.00,1,0,5,1,1,3,1,9,87,1
"org.apache.jackrabbit.core.cluster.ClusterContext",4,0.00,1.00,5,0.03,160.95,4,0,3,4,5,126.14,27,6,3,1,158.36,0.00,0.00,0.00,0,4.00,1,88.28,0,2,2,,0.00,0,0,4,0,0,2,0,5,32,1
"org.apache.jackrabbit.core.cluster.ClusterException",2,0.00,1.00,5,0.03,221.18,2,0,1,2,3,93.68,18,8,2,3,143.68,0.00,0.67,0.00,0,2.00,1,88.69,0,0,1,org.apache.jackrabbit.BaseException,0.00,0,2,2,0,0,2,0,3,29,1
"org.apache.jackrabbit.core.cluster.ClusterNode",39,0.04,3.33,486,6.34,297644.75,67,28,34,166,43,67.67,256,653,4,1,99.89,0.00,0.00,0.07,8,561.00,18,19024.88,0,7,40,java.lang.Object,0.00,127,0,130,0,127,32,4,67,3465,1
"org.apache.jackrabbit.core.cluster.ClusterNode$WorkspaceLockChannel",4,0.33,2.75,34,0.40,10846.25,5,1,34,7,8,110.28,17,50,0,1,110.04,0.00,0.00,0.75,0,0.00,4,1203.81,0,2,8,java.lang.Object,0.00,3,0,11,0,3,2,1,5,237,0
"org.apache.jackrabbit.core.cluster.ClusterNode$WorkspaceUpdateChannel",6,0.00,3.67,73,0.82,28417.65,8,2,34,19,7,101.74,26,101,0,1,101.50,0.00,0.00,0.50,0,0.00,6,2466.74,0,0,7,java.lang.Object,0.00,13,0,22,0,13,6,1,8,472,0
"org.apache.jackrabbit.core.cluster.ClusterOperation",1,0.00,1.00,2,0.01,41.48,1,0,0,1,4,102.90,11,3,4,1,147.03,0.00,0.00,0.00,0,1.00,1,27.65,0,0,0,,0.00,0,0,1,0,0,1,0,2,11,1
"org.apache.jackrabbit.core.cluster.ClusterSession",32,1.00,1.00,63,0.51,6332.92,33,1,11,33,1,173.53,105,100,1,1,152.92,0.00,0.00,0.03,0,62.00,1,1526.03,0,15,0,java.lang.Object,0.00,1,0,32,0,1,17,1,34,429,0
"org.apache.jackrabbit.core.cluster.ItemOperation",3,0.25,1.00,10,0.08,1238.13,7,4,1,3,10,82.61,28,13,9,1,132.60,0.00,0.00,0.08,0,4.00,1,246.32,0,0,1,java.lang.Object,0.00,0,0,3,8,0,3,0,8,66,2
"org.apache.jackrabbit.core.cluster.LockEventChannel",3,0.00,1.00,4,0.03,128.04,3,0,1,3,8,108.16,27,5,5,1,158.16,0.00,0.00,0.00,0,3.00,1,85.36,0,2,3,,0.00,0,0,3,0,0,1,0,4,29,1
"org.apache.jackrabbit.core.cluster.LockEventListener",2,0.00,1.00,3,0.03,165.27,2,0,2,2,5,105.90,18,4,4,1,155.90,0.00,0.00,0.00,0,2.00,1,84.64,0,0,1,,0.00,0,0,2,0,0,2,0,3,26,1
"org.apache.jackrabbit.core.cluster.LockOperation",7,0.08,1.14,30,0.23,3023.96,11,4,3,11,6,85.47,52,42,1,2,127.76,0.00,0.50,0.32,0,13.00,2,690.49,0,2,5,org.apache.jackrabbit.core.cluster.AbstractClusterOperation,0.17,4,1,8,0,4,5,0,12,172,0
"org.apache.jackrabbit.core.cluster.NamespaceEventChannel",2,0.00,1.00,3,0.02,111.22,2,0,0,2,3,114.97,15,4,2,1,157.26,0.00,0.00,0.00,0,2.00,1,62.52,0,0,1,,0.00,0,0,2,0,0,2,0,3,22,1
"org.apache.jackrabbit.core.cluster.NamespaceEventListener",1,0.00,1.00,2,0.02,127.64,1,0,1,1,3,99.06,11,4,3,1,143.19,0.00,0.00,0.00,0,1.00,1,52.97,0,0,0,,0.00,0,0,1,0,0,1,0,2,17,1
"org.apache.jackrabbit.core.cluster.NodeAddedOperation",3,0.00,1.00,11,0.10,1672.92,3,0,2,9,6,113.70,16,15,3,3,131.58,0.00,0.67,0.00,0,3.00,1,311.05,1,1,4,org.apache.jackrabbit.core.cluster.NodeOperation,0.00,6,2,3,0,6,2,0,5,79,1
"org.apache.jackrabbit.core.cluster.NodeDeletedOperation",3,0.00,1.00,11,0.10,1672.92,3,0,2,9,6,113.70,15,15,3,3,131.58,0.00,0.67,0.00,0,3.00,1,311.05,1,1,4,org.apache.jackrabbit.core.cluster.NodeOperation,0.00,6,2,3,0,6,2,0,4,79,1
"org.apache.jackrabbit.core.cluster.NodeModifiedOperation",3,0.00,1.00,11,0.10,1672.92,3,0,2,9,6,113.70,16,15,3,3,131.58,0.00,0.67,0.00,0,3.00,1,311.05,1,1,4,org.apache.jackrabbit.core.cluster.NodeOperation,0.00,6,2,3,0,6,2,0,5,79,1
"org.apache.jackrabbit.core.cluster.NodeOperation",8,0.29,1.00,23,0.17,2362.66,10,2,2,12,8,108.10,52,37,5,2,140.32,3.00,0.20,0.25,0,30.00,1,499.70,0,3,6,org.apache.jackrabbit.core.cluster.ItemOperation,0.00,4,1,8,3,4,5,0,11,133,1
"org.apache.jackrabbit.core.cluster.NodeTypeEventChannel",4,0.00,1.00,5,0.03,129.91,4,0,2,4,4,141.22,23,6,2,1,159.10,0.00,0.00,0.00,0,4.00,1,86.61,0,0,2,,0.00,0,0,4,0,0,4,0,5,32,1
"org.apache.jackrabbit.core.cluster.NodeTypeEventListener",3,0.00,1.00,4,0.04,220.98,3,0,5,3,5,108.19,25,8,3,1,156.30,0.00,0.00,0.00,0,3.00,1,112.49,0,0,2,,0.00,0,0,3,0,0,3,0,4,35,1
"org.apache.jackrabbit.core.cluster.PropertyAddedOperation",3,0.00,1.00,11,0.10,1593.38,3,0,2,9,6,113.87,16,15,3,3,131.74,0.00,0.67,0.00,0,3.00,1,299.89,1,1,4,org.apache.jackrabbit.core.cluster.PropertyOperation,0.00,6,2,3,0,6,2,0,5,77,1
"org.apache.jackrabbit.core.cluster.PropertyDeletedOperation",3,0.00,1.00,11,0.10,1593.38,3,0,2,9,6,113.87,15,15,3,3,131.74,0.00,0.67,0.00,0,3.00,1,299.89,1,0,4,org.apache.jackrabbit.core.cluster.PropertyOperation,0.00,6,2,3,0,6,3,0,4,77,1
"org.apache.jackrabbit.core.cluster.PropertyModifiedOperation",3,0.00,1.00,11,0.10,1593.38,3,0,2,9,6,113.87,16,15,3,3,131.74,0.00,0.67,0.00,0,3.00,1,299.89,1,1,4,org.apache.jackrabbit.core.cluster.PropertyOperation,0.00,6,2,3,0,6,2,0,5,77,1
"org.apache.jackrabbit.core.cluster.PropertyOperation",17,0.09,1.00,44,0.32,4094.45,22,5,3,25,9,123.14,93,67,5,2,141.02,3.00,0.20,0.12,0,162.00,1,946.51,0,4,7,org.apache.jackrabbit.core.cluster.ItemOperation,0.00,8,1,17,3,8,13,0,23,256,1
"org.apache.jackrabbit.core.cluster.Update",4,0.00,1.00,5,0.03,119.10,4,0,2,4,5,127.17,25,6,3,1,159.39,0.00,0.00,0.00,0,4.00,1,79.40,0,3,2,,0.00,0,0,4,0,0,1,0,5,30,1
"org.apache.jackrabbit.core.cluster.UpdateEventChannel",5,0.00,1.00,6,0.04,159.39,5,0,0,5,8,141.29,28,7,6,1,159.16,0.00,0.00,0.00,0,5.00,1,106.26,0,0,2,,0.00,0,0,5,0,0,5,0,6,39,1
"org.apache.jackrabbit.core.cluster.UpdateEventListener",1,0.00,1.00,2,0.02,88.11,1,0,3,1,7,95.98,10,3,6,1,144.45,0.00,0.00,0.00,0,1.00,1,46.05,0,0,1,,0.00,0,0,1,0,0,1,0,2,15,1
"org.apache.jackrabbit.core.query.wordnet.WordNetSynonyms",1,0.00,2.00,13,0.11,2327.87,2,1,4,3,1,73.39,13,19,0,1,102.77,0.00,0.00,1.00,0,0.00,2,320.73,0,1,1,java.lang.Object,0.00,2,0,2,0,2,0,1,4,78,1
"org.apache.jackrabbit.ocm.mapper.impl.AbstractMapperImpl",6,0.10,3.33,78,1.04,42276.61,10,4,14,39,8,99.10,24,112,1,1,98.87,0.00,0.00,0.33,0,6.00,7,3113.30,0,5,7,java.lang.Object,0.00,33,0,20,2,33,1,1,6,585,2
"org.apache.jackrabbit.ocm.mapper.impl.DigesterDescriptorReader",7,0.17,2.00,63,0.77,32392.78,10,3,16,28,9,106.62,31,92,1,1,106.38,0.00,0.00,0.19,0,3.00,4,2323.40,0,1,8,java.lang.Object,0.00,21,0,14,0,21,6,1,18,436,1
"org.apache.jackrabbit.ocm.mapper.impl.DigesterMapperImpl",5,0.00,1.00,14,0.11,1298.94,5,0,6,6,8,108.53,33,20,3,2,140.76,0.00,0.50,0.00,0,0.00,1,317.53,1,0,5,org.apache.jackrabbit.ocm.mapper.impl.AbstractMapperImpl,0.00,1,1,5,0,1,5,1,6,86,1
"org.apache.jackrabbit.jcr.AbstractCopy",6,0.00,1.33,30,0.39,9944.26,11,5,11,22,10,140.12,19,41,2,2,119.51,2.00,0.25,0.20,0,26.00,3,1168.35,0,4,8,org.apache.jackrabbit.jcr2spi.operation.AbstractOperation,0.00,16,1,8,2,16,2,0,8,235,2
"org.apache.jackrabbit.jcr.AbstractOperation",4,0.67,1.50,13,0.16,3372.90,5,1,11,14,27,87.78,29,19,20,1,130.07,0.00,0.00,0.50,0,4.00,2,470.15,0,3,7,java.lang.Object,0.00,10,0,6,23,10,1,1,6,112,2
"org.apache.jackrabbit.jcr.AddLabel",8,0.03,1.25,30,0.32,5299.38,13,5,14,18,13,131.17,33,42,6,2,130.94,0.00,0.50,0.18,0,30.00,3,948.62,0,4,8,org.apache.jackrabbit.jcr2spi.operation.AbstractOperation,0.00,10,1,10,0,10,4,0,8,225,1
"org.apache.jackrabbit.jcr.AddNode",9,0.08,1.00,31,0.27,4337.95,15,6,13,14,13,182.07,15,42,8,2,132.07,0.00,0.50,0.09,0,44.00,1,809.91,1,5,6,org.apache.jackrabbit.jcr2spi.operation.AbstractOperation,0.00,5,1,9,0,5,4,0,6,200,1
"org.apache.jackrabbit.jcr.AddProperty",11,0.07,1.00,36,0.31,4491.14,17,6,13,16,15,172.53,24,49,8,2,132.64,0.00,0.50,0.11,0,70.00,1,915.57,1,5,8,org.apache.jackrabbit.jcr2spi.operation.AbstractOperation,0.00,5,1,11,0,5,6,0,7,226,1
"org.apache.jackrabbit.jcr.Checkin",5,0.08,1.40,22,0.26,4477.52,8,3,15,17,13,107.34,25,31,6,2,125.22,0.00,0.50,0.27,0,7.00,3,786.18,0,1,8,org.apache.jackrabbit.jcr2spi.operation.AbstractOperation,0.00,12,1,7,0,12,4,0,9,179,1
"org.apache.jackrabbit.jcr.Checkout",5,0.08,1.40,23,0.26,4571.64,8,3,15,18,13,145.76,17,32,6,2,125.15,0.00,0.50,0.27,0,7.00,3,794.62,0,2,8,org.apache.jackrabbit.jcr2spi.operation.AbstractOperation,0.00,13,1,7,0,13,3,0,8,180,1
"org.apache.jackrabbit.jcr.Clone",5,0.38,1.40,21,0.26,4716.46,7,2,13,11,11,164.93,14,37,6,3,125.04,0.00,0.67,0.20,0,7.00,3,767.51,1,1,6,org.apache.jackrabbit.jcr2spi.operation.AbstractCopy,0.20,6,2,7,0,6,4,0,7,174,1
"org.apache.jackrabbit.jcr.Copy",3,0.00,1.00,8,0.13,1926.32,3,0,10,5,10,158.28,9,18,6,3,137.66,0.00,0.67,0.00,0,3.00,1,380.51,0,1,5,org.apache.jackrabbit.jcr2spi.operation.AbstractCopy,0.00,2,2,3,0,2,2,0,4,89,1
"org.apache.jackrabbit.jcr.LockOperation",9,0.12,1.33,32,0.27,4664.13,13,4,10,16,10,171.65,22,45,6,2,131.76,0.00,0.50,0.14,0,40.00,3,799.74,0,3,5,org.apache.jackrabbit.jcr2spi.operation.AbstractOperation,0.00,7,1,12,0,7,6,0,9,205,1
"org.apache.jackrabbit.jcr.LockRefresh",5,1.00,1.00,12,0.10,1203.82,6,1,9,8,10,161.63,19,18,6,2,141.02,0.00,0.50,0.20,0,8.00,1,289.40,0,1,5,org.apache.jackrabbit.jcr2spi.operation.AbstractOperation,0.00,3,1,5,0,3,4,0,9,80,1
"org.apache.jackrabbit.jcr.LockRelease",5,0.75,1.20,18,0.17,2383.02,6,1,12,13,12,132.31,22,25,6,2,132.07,0.00,0.50,0.40,0,7.00,2,500.76,0,1,7,org.apache.jackrabbit.jcr2spi.operation.AbstractOperation,0.00,8,1,6,0,8,4,0,9,125,1
"org.apache.jackrabbit.jcr.Merge",9,0.04,1.44,37,0.37,6134.32,15,6,13,21,10,166.03,21,52,6,2,126.14,0.00,0.50,0.13,0,40.00,3,1096.81,0,4,5,org.apache.jackrabbit.jcr2spi.operation.AbstractOperation,0.00,12,1,13,0,12,5,0,8,261,1
"org.apache.jackrabbit.jcr.Move",10,0.03,2.00,73,1.04,60446.43,17,7,20,36,18,149.42,28,98,7,2,109.54,0.00,0.50,0.17,0,54.00,10,3133.31,2,6,12,org.apache.jackrabbit.jcr2spi.operation.AbstractOperation,0.00,26,1,20,0,26,4,0,17,579,1
"org.apache.jackrabbit.jcr.Operation",4,0.00,1.00,5,0.03,181.45,4,0,9,4,38,140.08,22,6,36,1,157.95,0.00,0.00,0.00,0,4.00,1,101.43,0,2,2,,0.00,0,0,4,0,0,2,0,5,34,1
"org.apache.jackrabbit.jcr.OperationVisitor",22,0.00,1.00,23,0.31,1850.71,22,0,12,22,26,155.84,3,24,26,1,155.84,0.00,0.00,0.00,0,22.00,1,927.35,0,0,22,,0.00,0,0,22,0,0,22,0,1,261,1
"org.apache.jackrabbit.jcr.Remove",7,0.22,1.00,22,0.16,2192.75,10,3,7,12,13,173.43,14,30,8,2,133.55,1.00,0.33,0.14,0,22.00,1,487.14,1,4,6,org.apache.jackrabbit.jcr2spi.operation.AbstractOperation,0.00,5,1,7,1,5,3,0,6,131,1
"org.apache.jackrabbit.jcr.RemoveLabel",7,0.08,1.29,26,0.28,4678.99,11,4,14,17,13,131.13,31,37,6,2,130.90,0.00,0.50,0.18,0,23.00,3,840.97,0,4,8,org.apache.jackrabbit.jcr2spi.operation.AbstractOperation,0.00,10,1,9,0,10,3,0,8,200,1
"org.apache.jackrabbit.jcr.RemoveVersion",5,0.25,1.60,23,0.26,4594.61,7,2,13,18,14,145.71,18,33,6,3,125.10,0.00,0.67,0.30,0,6.00,3,783.87,0,1,9,org.apache.jackrabbit.jcr2spi.operation.Remove,0.56,13,2,8,0,13,4,0,9,180,1
"org.apache.jackrabbit.jcr.ReorderNodes",10,0.07,1.20,35,0.35,9486.35,16,6,9,17,11,179.72,15,47,6,2,129.72,0.00,0.50,0.10,0,58.00,2,1043.62,1,7,6,org.apache.jackrabbit.jcr2spi.operation.AbstractOperation,0.00,7,1,12,0,7,3,0,6,252,1
"org.apache.jackrabbit.jcr.ResolveMergeConflict",8,0.11,1.12,29,0.28,4698.36,12,4,12,17,12,171.26,23,39,6,2,131.37,0.00,0.50,0.16,0,34.00,2,853.62,0,3,7,org.apache.jackrabbit.jcr2spi.operation.AbstractOperation,0.00,9,1,9,0,9,5,0,9,212,1
"org.apache.jackrabbit.jcr.Restore",9,0.06,1.78,46,0.49,15426.84,13,4,13,16,12,119.56,44,57,6,2,119.33,0.00,0.50,0.19,0,32.00,4,1471.25,0,3,7,org.apache.jackrabbit.jcr2spi.operation.AbstractOperation,0.00,7,1,16,0,7,6,0,14,334,1
"org.apache.jackrabbit.jcr.SetMixin",7,0.22,1.14,24,0.20,3493.38,10,3,8,12,13,171.81,20,34,8,2,131.92,0.00,0.50,0.14,0,22.00,2,612.17,1,3,6,org.apache.jackrabbit.jcr2spi.operation.AbstractOperation,0.00,5,1,8,0,5,4,0,10,154,1
"org.apache.jackrabbit.jcr.SetPropertyValue",9,0.09,1.22,36,0.34,8686.11,13,4,13,18,12,174.99,17,46,7,2,124.99,0.00,0.50,0.17,0,43.00,3,1008.98,1,4,6,org.apache.jackrabbit.jcr2spi.operation.AbstractOperation,0.00,9,1,11,0,9,5,0,7,234,1
"org.apache.jackrabbit.jcr.Update",6,0.30,1.00,17,0.15,1770.06,8,2,9,12,10,160.94,22,24,6,2,140.32,0.00,0.50,0.25,0,14.00,1,436.38,0,3,5,org.apache.jackrabbit.jcr2spi.operation.AbstractOperation,0.00,6,1,6,0,6,3,0,8,117,1
"org.apache.jackrabbit.jcr.WorkspaceImport",7,0.11,1.43,29,0.28,6496.59,10,3,12,15,11,145.71,25,41,6,2,125.09,0.00,0.50,0.24,0,19.00,3,829.51,0,2,6,org.apache.jackrabbit.jcr2spi.operation.AbstractOperation,0.00,8,1,10,0,8,5,0,11,197,1
"org.apache.jackrabbit.tools.importexport.JcrImportExportTool",12,0.18,4.58,248,3.74,207281.88,22,10,36,82,9,68.61,176,286,1,1,88.75,0.00,0.00,0.27,7,0.00,12,11207.97,0,3,8,java.lang.Object,0.00,70,0,55,0,70,9,0,40,1926,1
"org.apache.jackrabbit.tools.importexport.JcrImportExportTool$UncloseableInputStream",16,0.07,1.00,33,0.25,3349.28,17,1,36,28,0,141.49,2,50,0,2,141.49,0.00,0.50,0.94,0,0.00,1,754.63,0,2,0,java.io.InputStream,0.00,12,1,16,0,12,14,0,2,219,1
"org.apache.jackrabbit.core.persistence.mem.InMemPersistenceManager",27,0.10,2.56,273,3.38,161707.78,42,15,34,108,21,85.86,140,354,0,2,103.74,1.00,0.33,0.16,2,0.00,6,10153.50,1,6,21,org.apache.jackrabbit.core.persistence.AbstractPersistenceManager,0.00,81,1,69,1,81,21,0,81,1906,1
"org.apache.jackrabbit.taglib.bean.BeanFactory",1,0.00,1.00,2,0.01,30.51,1,0,0,1,2,115.86,6,4,2,1,148.08,0.00,0.00,0.00,0,1.00,1,25.51,0,1,0,,0.00,0,0,1,0,0,0,0,2,11,1
"org.apache.jackrabbit.taglib.bean.SimpleBeanFactory",1,0.00,2.00,9,0.10,2113.49,2,1,1,5,2,60.58,10,17,1,1,109.06,0.00,0.00,1.00,0,0.00,2,291.76,0,1,1,java.lang.Object,0.00,4,0,2,0,4,0,1,2,66,1
"org.apache.jackrabbit.ocm.annotation.AllTests",2,0.00,1.00,8,0.06,1287.47,2,0,3,5,3,147.04,7,11,0,1,126.42,0.00,0.00,0.00,1,2.00,1,190.58,0,2,3,java.lang.Object,0.00,3,0,2,0,3,0,0,3,50,1
"org.apache.jackrabbit.ocm.annotation.CollectionTest",5,0.00,1.00,9,0.06,625.37,5,0,4,7,4,116.92,62,16,2,3,154.49,0.00,0.67,0.00,0,5.00,1,189.40,1,1,2,org.apache.jackrabbit.ocm.TestBase,0.17,2,2,5,0,2,4,0,5,59,1
"org.apache.jackrabbit.ocm.annotation.UnstructuredMappingTest",5,0.00,1.00,74,1.04,42585.38,5,0,9,36,6,55.01,39,82,3,3,97.30,0.00,0.67,0.00,0,7.00,1,3133.84,3,1,3,org.apache.jackrabbit.ocm.TestBase,0.17,31,2,5,0,31,4,0,32,550,1
"org.apache.jackrabbit.ocm.reflection.ReflectionUtils",11,0.90,2.09,47,0.58,18229.72,12,1,5,24,13,143.64,43,100,12,1,123.02,0.00,0.00,0.18,2,25.00,5,1726.30,0,8,1,java.lang.Object,0.00,13,0,23,0,13,3,0,9,386,2
"org.apache.jackrabbit.core.query.jsr.PreparedQuery",1,0.00,1.00,2,0.02,117.06,1,0,3,1,3,123.34,14,4,3,2,143.48,0.00,0.50,0.00,0,1.00,1,58.53,0,0,0,,0.00,0,1,1,0,0,1,0,2,18,1
"org.apache.jackrabbit.xml.DocumentViewExportVisitor",12,0.02,4.33,188,2.55,166462.30,18,6,23,64,2,120.46,233,222,1,1,94.17,0.00,0.00,0.15,5,32.00,13,7651.26,0,4,1,java.lang.Object,0.00,52,0,52,0,52,8,1,28,1338,1
"org.apache.jackrabbit.xml.DocumentViewImportContentHandler",15,0.12,1.80,76,1.03,50532.18,19,4,9,41,0,156.90,34,109,0,1,117.01,0.00,0.00,0.13,2,64.00,6,3076.72,0,2,0,java.lang.Object,0.00,26,0,27,0,26,13,1,14,624,1
"org.apache.jackrabbit.xml.SystemViewExportVisitor",8,0.16,3.25,107,1.53,51791.58,27,19,16,48,1,148.65,212,140,1,1,99.16,0.00,0.00,0.19,5,10.00,9,4584.30,0,1,0,java.lang.Object,0.00,40,0,26,0,40,7,1,36,843,1
"org.apache.jackrabbit.xml.SystemViewImportContentHandler",14,0.01,1.71,66,0.84,29369.78,21,7,11,42,0,162.15,34,94,0,1,122.26,0.00,0.00,0.13,2,62.00,6,2506.00,0,1,0,java.lang.Object,0.00,28,0,24,0,28,13,1,14,516,1
"org.apache.jackrabbit.util.Base64",11,0.12,2.27,108,1.78,229531.04,15,4,7,18,6,53.10,97,140,6,1,101.20,0.00,0.00,0.14,2,39.00,8,5341.87,0,0,0,java.lang.Object,0.00,7,0,25,0,7,11,0,24,991,1
"org.apache.jackrabbit.util.ChildrenCollector",3,0.17,1.67,15,0.15,2436.59,6,3,5,4,0,79.61,21,23,0,2,121.90,0.00,0.50,0.44,0,1.00,2,463.16,0,0,0,TraversingItemVisitor.Default,0.00,1,1,5,0,1,3,0,4,111,1
"org.apache.jackrabbit.util.ChildrenCollectorFilter",5,0.12,4.60,55,0.60,36591.66,11,6,6,13,6,81.23,73,83,6,2,101.37,0.00,0.50,0.27,2,13.00,13,1811.59,0,0,0,TraversingItemVisitor.Default,0.00,8,1,23,0,8,5,0,14,380,1
"org.apache.jackrabbit.util.ISO8601",2,0.33,11.00,114,1.89,230909.02,5,3,4,25,12,17.54,105,137,12,1,65.09,0.00,0.00,0.50,0,2.00,17,5656.60,0,2,0,java.lang.Object,0.00,23,0,22,0,23,0,0,47,910,2
"org.apache.jackrabbit.util.ISO9075",7,0.22,3.00,68,0.95,54868.01,10,3,3,29,19,54.49,64,90,17,1,104.49,0.00,0.00,0.14,3,22.00,9,2850.62,0,4,2,java.lang.Object,0.00,22,0,21,0,22,3,0,21,571,1
"org.apache.jackrabbit.util.ISO9075Test",3,0.00,2.00,41,0.58,18620.60,3,0,2,18,4,99.66,14,48,1,2,99.42,0.00,0.50,0.00,0,3.00,4,1730.56,0,0,3,junit.framework.TestCase,0.00,15,1,6,0,15,3,0,3,333,1
"org.apache.jackrabbit.util.IteratorHelper",11,0.02,1.09,34,0.24,3872.17,16,5,9,17,10,133.36,47,49,10,1,133.13,0.00,0.00,0.18,1,38.00,2,716.41,0,4,0,java.lang.Object,0.00,6,0,12,1,6,7,3,15,193,1
"org.apache.jackrabbit.util.LazyFileInputStream",13,0.03,1.54,54,0.44,9099.72,16,3,6,28,4,108.17,65,77,4,2,126.04,1.00,0.33,0.36,1,0.00,4,1329.86,0,0,0,java.io.InputStream,0.00,15,1,20,1,15,13,0,18,333,1
"org.apache.jackrabbit.util.Locked",6,1.00,3.17,57,0.75,42351.26,7,1,15,28,9,144.13,130,83,5,1,104.83,0.00,0.00,0.17,4,10.00,13,2240.55,0,5,4,java.lang.Object,0.00,22,0,19,0,22,1,0,22,400,2
"org.apache.jackrabbit.util.Locked$EventListener",1,0.00,1.00,4,0.03,297.46,1,0,15,2,1,129.06,0,6,0,1,129.06,0.00,0.00,0.00,0,1.00,1,82.01,0,0,1,java.lang.Object,0.00,1,0,1,0,1,1,0,0,24,0
"org.apache.jackrabbit.util.PathMap",5,0.25,2.40,48,0.48,17291.19,6,1,7,13,5,57.34,46,52,2,1,107.34,0.00,0.00,0.80,1,0.00,4,1427.67,0,0,3,java.lang.Object,0.00,8,0,12,0,8,5,0,9,301,1
"org.apache.jackrabbit.util.PathMap$Element",29,0.04,2.45,197,2.06,77387.73,35,6,7,63,3,82.56,195,256,0,1,114.79,0.00,0.00,0.20,6,253.00,8,6178.56,0,11,3,java.lang.Object,0.00,34,0,71,0,34,18,0,42,1306,2
"org.apache.jackrabbit.util.PathMap$ElementVisitor",1,0.00,1.00,2,0.01,30.51,1,0,7,1,0,148.32,4,3,0,1,148.08,0.00,0.00,0.00,0,1.00,1,25.51,0,0,0,,0.00,0,0,1,0,0,1,0,1,11,1
"org.apache.jackrabbit.util.TestAll",1,0.00,1.00,6,0.05,1283.53,1,0,3,3,2,69.02,10,8,0,2,117.50,0.00,0.50,0.00,0,1.00,1,150.40,0,1,2,junit.framework.TestCase,0.00,2,1,1,0,2,0,0,2,39,1
"org.apache.jackrabbit.util.Text",30,0.30,2.87,276,3.85,249028.48,33,3,7,64,44,55.82,323,350,44,1,104.30,0.00,0.00,0.04,7,82.00,13,11549.12,0,26,0,java.lang.Object,0.00,34,0,86,0,34,4,0,46,2236,1
"org.apache.jackrabbit.util.TextTest",2,0.00,1.50,27,0.20,2746.99,2,0,3,7,4,104.88,8,32,1,2,104.64,0.00,0.50,0.00,1,2.00,2,597.98,0,0,3,junit.framework.TestCase,0.00,5,1,3,0,5,2,0,6,131,1
"org.apache.jackrabbit.util.Timer",4,0.44,2.25,27,0.25,6559.15,7,3,1,9,3,96.33,58,40,3,1,116.47,0.00,0.00,0.67,0,0.00,4,760.78,0,0,0,java.lang.Object,0.00,5,0,9,0,5,4,0,9,168,1
"org.apache.jackrabbit.util.Timer$Task",2,1.00,1.50,9,0.07,1275.30,3,1,1,3,1,108.49,11,13,0,2,126.36,0.00,0.50,0.50,0,2.00,2,199.58,1,0,1,java.util.TimerTask,0.00,1,1,3,0,1,2,0,3,53,3
"org.apache.jackrabbit.util.TransientFileFactory",3,0.12,1.67,23,0.24,5517.68,7,4,8,17,10,139.93,58,32,10,1,113.65,0.00,0.00,0.33,0,6.00,2,716.71,0,2,0,java.lang.Object,0.00,14,0,5,0,14,1,0,17,159,1
"org.apache.jackrabbit.util.TransientFileFactory$MoribundFileReference",2,1.00,1.00,7,0.05,515.63,3,1,8,5,0,91.92,15,10,0,2,134.21,0.00,0.50,0.50,0,2.00,1,158.01,0,0,0,java.lang.ref.PhantomReference,0.00,3,1,2,0,3,2,0,3,45,1
"org.apache.jackrabbit.util.TransientFileFactory$ReaperThread",2,0.00,2.00,12,0.09,1670.29,2,0,8,4,0,139.42,7,18,0,2,118.81,0.00,0.50,0.00,0,2.00,3,260.49,0,0,0,org.apache.jackrabbit.util.Thread,0.00,2,1,4,0,2,2,0,4,64,1
"org.apache.jackrabbit.util.TransientFileFactory$Thread",1,0.00,2.00,9,0.06,1000.61,1,0,8,3,0,132.23,3,9,0,1,111.62,0.00,0.00,0.00,0,0.00,2,177.92,0,0,0,java.lang.Object,0.00,2,0,2,0,2,1,0,3,44,0
"org.apache.jackrabbit.util.WeakIdentityCollection",16,0.05,2.00,97,0.96,32032.48,20,4,7,33,2,83.59,111,115,2,1,115.82,0.00,0.00,0.30,2,16.00,4,2885.32,0,3,0,java.lang.Object,0.00,17,0,32,0,17,13,1,25,619,1
"org.apache.jackrabbit.util.WeakIdentityCollection$Iter",3,0.33,1.33,12,0.10,1648.60,6,3,7,6,1,94.68,18,17,0,1,126.90,0.00,0.00,0.56,0,1.00,2,307.64,0,1,1,java.lang.Object,0.00,3,0,4,0,3,2,1,6,77,2
"org.apache.jackrabbit.util.WeakIdentityCollection$WeakRef",1,1.00,1.00,5,0.04,427.96,2,1,7,1,0,74.21,9,7,0,2,124.21,0.00,0.50,0.00,0,0.00,1,115.52,0,0,0,java.lang.ref.WeakReference,0.00,0,1,1,0,0,1,0,2,32,2
"org.apache.jackrabbit.util.XMLChar",21,0.03,1.95,724,20.15,1282085.56,30,9,1,23,10,117.51,615,757,10,1,76.03,0.00,0.00,0.08,4,61.00,6,60456.28,0,0,0,java.lang.Object,0.00,2,0,41,0,2,21,0,463,6924,1
"org.apache.jackrabbit.sanitycheck.check.AbstractNodeCheck",3,0.00,2.00,20,0.29,7871.76,3,0,9,14,8,82.67,20,39,2,1,114.89,0.00,0.00,0.00,2,3.00,4,871.07,0,0,6,java.lang.Object,0.00,11,0,6,3,11,3,1,6,173,2
"org.apache.jackrabbit.sanitycheck.check.AbstractPropertyCheck",2,0.00,2.00,10,0.17,4433.30,2,0,6,11,8,76.13,15,27,1,2,118.42,1.00,0.33,0.00,1,2.00,3,515.76,0,0,7,org.apache.jackrabbit.sanitycheck.check.AbstractNodeCheck,0.00,9,1,4,1,9,2,0,4,106,2
"org.apache.jackrabbit.sanitycheck.check.CheckParentsExist",1,0.00,4.00,15,0.22,6136.83,1,0,8,15,9,64.76,6,30,0,2,96.98,0.00,0.50,0.00,0,1.00,4,656.24,0,0,9,org.apache.jackrabbit.sanitycheck.check.AbstractNodeCheck,0.00,14,1,4,0,14,1,0,2,122,1
"org.apache.jackrabbit.sanitycheck.check.CheckReferenceProperty",1,0.00,7.00,28,0.48,22758.83,2,1,13,23,11,108.49,32,55,0,3,82.26,0.00,0.67,1.00,0,0.00,7,1439.87,0,0,11,org.apache.jackrabbit.sanitycheck.check.AbstractPropertyCheck,0.00,22,2,7,0,22,1,0,22,239,1
"org.apache.jackrabbit.sanitycheck.check.CheckTree",2,0.00,5.00,50,0.80,43094.17,2,0,15,41,12,34.36,19,80,0,1,84.36,0.00,0.00,0.00,1,2.00,8,2395.30,0,0,12,java.lang.Object,0.00,39,0,10,0,39,2,1,8,416,1
"org.apache.jackrabbit.sanitycheck.check.SanityCheckContext",10,0.09,1.00,27,0.19,2452.24,16,6,5,12,8,123.08,56,49,6,2,140.95,0.00,0.50,0.08,1,50.00,1,564.84,0,5,2,org.apache.commons.chain.impl.ContextBase,0.00,2,1,10,0,2,5,0,17,152,1
"org.apache.jackrabbit.webdav.header.CodedUrlHeader",6,0.20,2.00,36,0.42,19606.68,9,3,3,15,8,81.92,37,45,7,1,114.14,0.00,0.00,0.17,1,14.00,5,1255.80,0,5,1,java.lang.Object,0.00,9,0,12,0,9,1,1,6,272,1
"org.apache.jackrabbit.webdav.header.DepthHeader",7,0.42,2.00,36,0.38,11574.69,9,2,4,14,10,87.20,47,48,8,1,119.42,0.00,0.00,0.14,1,24.00,4,1136.93,0,3,2,java.lang.Object,0.00,7,0,14,0,7,4,2,8,256,1
"org.apache.jackrabbit.webdav.header.Header",2,0.00,1.00,3,0.01,46.83,2,0,0,2,10,210.22,3,4,10,1,160.22,0.00,0.00,0.00,0,2.00,1,31.22,0,2,0,,0.00,0,0,2,0,0,0,0,1,14,1
"org.apache.jackrabbit.webdav.header.IfHeader",15,0.07,3.60,170,1.89,84200.93,20,5,12,47,7,120.47,281,221,5,1,102.33,0.00,0.00,0.27,4,40.00,16,5678.49,0,5,2,java.lang.Object,0.00,32,0,54,0,32,10,1,61,1070,1
"org.apache.jackrabbit.webdav.header.IfHeader$IfHeaderInterface",1,0.00,1.00,2,0.02,92.96,1,0,12,1,0,133.91,15,3,0,1,144.27,0.00,0.00,0.00,0,1.00,1,46.48,0,0,0,,0.00,0,0,1,0,0,1,0,1,16,2
"org.apache.jackrabbit.webdav.header.IfHeader$IfHeaderList",1,0.00,3.00,12,0.13,3616.66,1,0,12,3,0,102.00,16,13,0,2,102.47,0.00,0.50,0.00,0,0.00,3,381.64,0,0,0,java.util.ArrayList,0.00,2,1,3,0,2,1,1,2,79,2
"org.apache.jackrabbit.webdav.header.IfHeader$IfHeaderMap",1,0.00,2.00,9,0.12,3416.54,1,0,12,3,0,78.04,13,12,0,2,107.42,0.00,0.50,0.00,0,0.00,2,349.16,0,0,0,java.util.HashMap,0.00,2,1,2,0,2,1,1,1,75,2
"org.apache.jackrabbit.webdav.header.IfHeader$IfList",5,0.00,1.40,20,0.21,5317.98,5,0,12,9,0,74.63,49,25,0,2,124.63,0.00,0.50,0.00,0,8.00,3,634.37,1,0,0,java.util.ArrayList,0.00,4,1,7,0,4,5,0,6,144,2
"org.apache.jackrabbit.webdav.header.IfHeader$IfListEntry",6,0.07,1.33,17,0.14,2148.17,9,3,12,7,0,91.12,64,23,0,1,139.59,0.00,0.00,0.28,0,10.00,3,430.78,0,3,0,java.lang.Object,0.00,1,0,8,0,1,3,0,9,115,3
"org.apache.jackrabbit.webdav.header.IfHeader$IfListEntryEtag",3,0.00,1.00,7,0.05,450.34,3,0,12,3,0,94.53,25,11,0,2,142.63,0.00,0.50,0.00,0,3.00,1,141.86,1,1,0,org.apache.jackrabbit.webdav.header.IfListEntry,0.00,0,1,3,0,0,2,0,3,44,2
"org.apache.jackrabbit.webdav.header.IfHeader$IfListEntryToken",3,0.00,1.00,7,0.05,450.34,3,0,12,3,0,94.53,25,11,0,2,142.63,0.00,0.50,0.00,0,3.00,1,141.86,1,1,0,org.apache.jackrabbit.webdav.header.IfListEntry,0.00,0,1,3,0,0,2,0,3,44,2
"org.apache.jackrabbit.webdav.header.LabelHeader",5,0.38,1.40,19,0.16,3227.18,7,2,5,11,6,131.00,3,27,2,1,131.00,0.00,0.00,0.20,0,7.00,2,490.68,0,4,4,java.lang.Object,0.00,6,0,7,0,6,1,1,1,120,1
"org.apache.jackrabbit.webdav.header.OverwriteHeader",5,0.06,1.40,17,0.16,2423.22,9,4,4,8,5,131.98,3,24,3,1,131.98,0.00,0.00,0.30,0,2.00,2,474.82,0,2,2,java.lang.Object,0.00,3,0,7,0,3,3,1,1,117,1
"org.apache.jackrabbit.webdav.header.PollTimeoutHeader",3,0.00,1.00,9,0.08,1232.20,3,0,2,5,5,132.86,13,13,3,2,132.62,0.00,0.50,0.00,0,3.00,1,234.81,1,2,2,org.apache.jackrabbit.webdav.header.TimeoutHeader,0.22,2,1,3,0,2,1,0,2,61,1
"org.apache.jackrabbit.webdav.header.TimeoutHeader",6,0.30,2.00,33,0.38,16458.02,8,2,4,15,8,117.93,27,46,6,1,117.69,0.00,0.00,0.25,1,14.00,6,1138.55,0,3,2,java.lang.Object,0.00,9,0,12,1,9,3,2,5,234,1
"org.apache.jackrabbit.jcr.Dumpable",1,0.00,1.00,2,0.01,30.51,1,0,1,1,0,110.52,12,3,0,1,148.08,0.00,0.00,0.00,0,1.00,1,25.51,0,0,0,,0.00,0,0,1,0,0,1,0,2,11,1
"org.apache.jackrabbit.jcr.LogUtil",3,0.00,2.00,18,0.24,4669.92,4,1,11,13,16,66.68,29,28,8,1,116.68,0.00,0.00,1.00,1,0.00,2,706.80,0,3,8,java.lang.Object,0.00,10,0,6,0,10,0,0,5,153,1
"org.apache.jackrabbit.jcr.ReferenceChangeTracker",6,0.07,1.83,27,0.31,6851.63,9,3,10,23,5,92.10,41,40,2,1,124.32,0.00,0.00,0.39,0,2.00,4,915.83,0,2,3,java.lang.Object,0.00,17,0,11,0,17,4,0,10,207,1
"org.apache.jackrabbit.jcr.StateUtility",3,1.00,2.67,25,0.29,12093.31,4,1,9,14,8,108.93,12,32,3,1,108.70,0.00,0.00,0.00,0,3.00,5,868.56,0,1,6,java.lang.Object,0.00,11,0,8,0,11,2,0,4,180,1
"org.apache.jackrabbit.ocm.manager.uuid.AllTests",2,0.00,1.00,7,0.05,899.31,2,0,3,5,3,152.93,7,10,1,1,132.31,0.00,0.00,0.00,1,2.00,1,155.16,0,2,2,java.lang.Object,0.00,3,0,2,0,3,0,0,3,42,1
"org.apache.jackrabbit.ocm.manager.uuid.ObjectContentManagerUuidTest",9,1.00,2.44,209,2.68,101477.30,10,1,13,54,9,97.22,153,283,2,3,88.09,0.00,0.67,0.00,0,9.00,5,8048.50,3,1,7,org.apache.jackrabbit.ocm.TestBase,0.14,45,2,22,0,45,8,0,118,1441,1
"org.apache.jackrabbit.jcr.AbstractMoveTest",3,0.10,1.33,19,0.21,3941.12,8,5,9,10,7,157.24,7,24,6,4,117.35,2.33,0.27,0.27,1,5.00,2,625.78,1,0,1,org.apache.jackrabbit.test.AbstractJCRTest,0.20,7,3,4,7,7,3,0,5,140,1
"org.apache.jackrabbit.jcr.AbstractMoveTreeTest",4,0.12,1.50,29,0.33,6728.77,12,8,10,12,3,113.98,3,34,2,4,113.98,0.67,0.50,0.22,3,4.00,3,993.22,1,0,1,org.apache.jackrabbit.test.AbstractJCRTest,0.19,8,3,6,2,8,4,0,1,209,1
"org.apache.jackrabbit.jcr.AbstractRepositoryConfig",3,1.00,1.00,8,0.06,900.70,4,1,7,5,7,190.26,3,12,4,1,140.26,0.00,0.00,0.00,0,3.00,1,188.14,0,3,3,java.lang.Object,0.00,2,0,3,0,2,0,1,1,52,2
"org.apache.jackrabbit.jcr.AccessByRelativePathTest",14,0.00,1.57,66,0.81,18299.02,17,3,10,34,4,81.61,98,95,1,4,123.90,0.00,0.75,0.33,0,0.00,4,2421.39,0,0,3,org.apache.jackrabbit.test.AbstractJCRTest,0.00,20,3,22,0,20,14,0,19,525,1
"org.apache.jackrabbit.jcr.AddNewPropertyTest",5,0.25,1.80,26,0.29,5233.46,7,2,11,14,3,103.14,26,39,1,4,121.01,0.00,0.75,0.30,0,0.00,2,872.73,2,0,2,org.apache.jackrabbit.test.AbstractJCRTest,0.36,9,3,9,0,9,5,0,6,194,1
"org.apache.jackrabbit.jcr.DefaultRepositoryStub",2,0.17,2.50,33,0.49,20845.72,8,6,9,16,7,138.17,44,42,3,2,94.23,3.00,0.20,0.08,0,2.00,4,1456.67,1,1,4,org.apache.jackrabbit.test.RepositoryStub,0.22,14,1,5,3,14,1,0,14,268,1
"org.apache.jackrabbit.jcr.ItemImpl",30,0.02,2.07,159,1.92,55131.25,35,5,34,83,21,76.76,228,214,4,1,119.05,0.00,0.00,0.22,7,210.00,7,5746.39,0,9,17,java.lang.Object,0.00,53,0,62,4,53,21,2,71,1207,2
"org.apache.jackrabbit.jcr.ItemLifeCycleListener",3,0.00,1.00,4,0.02,72.50,3,0,1,3,6,115.98,33,5,6,1,160.11,0.00,0.00,0.00,0,3.00,1,58.67,0,0,0,,0.00,0,0,3,0,0,3,0,4,23,1
"org.apache.jackrabbit.jcr.ItemManager",9,0.00,1.00,10,0.10,564.03,9,0,10,9,16,106.85,85,17,13,2,156.85,0.00,0.50,0.00,0,9.00,1,294.74,0,4,3,,0.00,0,1,9,0,0,5,0,10,91,1
"org.apache.jackrabbit.jcr.ItemManagerImpl",21,0.05,2.43,144,1.73,42700.03,25,4,26,65,20,83.50,130,205,2,1,115.72,0.00,0.00,0.30,5,62.00,5,5192.16,0,7,20,java.lang.Object,0.00,44,0,51,0,44,14,2,58,1082,1
"org.apache.jackrabbit.jcr.JCR2SPI2JCROverRMIRepositoryStub",2,1.00,2.50,18,0.20,7821.21,3,1,9,9,8,56.91,18,25,0,4,106.91,0.00,0.75,0.50,0,2.00,4,587.49,1,1,8,org.apache.jackrabbit.jcr2spi.JCR2SPI2JCRRepositoryStub,0.29,7,3,5,0,7,1,0,4,121,1
"org.apache.jackrabbit.jcr.JCR2SPI2JCROverRMIRepositoryStub$AbstractRepositoryConfig",1,0.00,1.00,3,0.01,72.00,1,0,9,1,1,138.58,0,4,0,1,138.58,0.00,0.00,0.00,0,1.00,1,32.00,0,1,1,java.lang.Object,0.00,0,0,1,0,0,0,0,0,12,0
"org.apache.jackrabbit.jcr.JCR2SPI2JCRRepositoryStub",3,1.00,1.67,19,0.19,5154.84,4,1,8,11,9,68.27,24,26,1,3,116.38,0.50,0.50,0.33,1,4.00,3,580.07,1,2,8,org.apache.jackrabbit.jcr2spi.DefaultRepositoryStub,0.25,8,2,5,1,8,1,0,6,129,1
"org.apache.jackrabbit.jcr.JCR2SPI2JCRRepositoryStub$AbstractRepositoryConfig",1,0.00,1.00,3,0.01,72.00,1,0,8,1,1,138.58,0,4,0,1,138.58,0.00,0.00,0.00,0,1.00,1,32.00,0,1,1,java.lang.Object,0.00,0,0,1,0,0,0,0,0,12,0
"org.apache.jackrabbit.jcr.JCR2SPIOverRMIRepositoryStub",2,0.00,2.00,18,0.21,5656.11,4,2,11,10,8,75.84,13,25,0,2,108.07,0.00,0.50,0.50,0,2.00,3,635.00,0,1,8,org.apache.jackrabbit.test.RepositoryStub,0.22,8,1,4,0,8,1,0,4,132,1
"org.apache.jackrabbit.jcr.JCR2SPIOverRMIRepositoryStub$AbstractRepositoryConfig",1,0.00,1.00,3,0.01,72.00,1,0,11,1,1,138.58,0,4,0,1,138.58,0.00,0.00,0.00,0,1.00,1,32.00,0,1,1,java.lang.Object,0.00,0,0,1,0,0,0,0,0,12,0
"org.apache.jackrabbit.jcr.JCR2SPIRepositoryStub",2,0.00,2.00,19,0.22,5820.09,5,3,12,10,10,59.86,17,26,0,2,107.97,0.00,0.50,0.33,0,2.00,3,659.43,0,1,10,org.apache.jackrabbit.test.RepositoryStub,0.22,8,1,4,0,8,1,0,5,139,1
"org.apache.jackrabbit.jcr.JCR2SPIRepositoryStub$AbstractRepositoryConfig",3,0.00,1.00,8,0.04,425.57,3,0,12,4,1,142.83,0,11,0,1,142.83,0.00,0.00,0.00,0,4.00,1,118.91,0,3,1,java.lang.Object,0.00,1,0,3,0,1,0,0,0,37,0
"org.apache.jackrabbit.jcr.LazyItemIterator",12,0.05,1.83,66,0.65,17898.96,18,6,19,24,8,77.50,89,92,4,1,119.80,0.00,0.00,0.21,1,22.00,6,1957.18,0,5,4,java.lang.Object,0.00,12,0,22,0,12,7,3,33,423,1
"org.apache.jackrabbit.jcr.ManagerProvider",9,0.00,1.00,10,0.04,212.51,9,0,10,9,17,200.07,26,11,9,1,160.19,0.00,0.00,0.00,0,9.00,1,128.57,0,9,8,,0.00,0,0,9,0,0,0,0,4,53,1
"org.apache.jackrabbit.jcr.MoveMultipleTest",11,0.25,1.09,126,2.07,54791.96,13,2,14,40,3,103.25,47,142,1,5,103.02,0.00,0.80,0.27,0,0.00,2,6222.52,2,0,2,org.apache.jackrabbit.jcr2spi.AbstractMoveTest,0.32,29,4,12,0,29,11,0,21,1183,1
"org.apache.jackrabbit.jcr.MoveNewTreeTest",8,1.00,1.50,42,0.46,9436.44,9,1,5,21,2,160.53,18,59,1,5,120.64,0.00,0.80,0.00,0,0.00,4,1387.72,0,0,1,org.apache.jackrabbit.jcr2spi.AbstractMoveTreeTest,0.34,13,4,12,0,13,8,0,7,318,1
"org.apache.jackrabbit.jcr.MoveReferenceableTest",6,1.00,1.17,32,0.36,5797.77,7,1,5,18,3,121.62,25,40,1,5,121.38,0.00,0.80,0.00,0,0.00,2,1075.58,2,0,2,org.apache.jackrabbit.jcr2spi.AbstractMoveTest,0.38,12,4,7,0,12,6,0,12,240,1
"org.apache.jackrabbit.jcr.MoveSNSTest",8,0.00,2.12,68,0.77,15880.80,11,3,8,24,3,93.30,44,82,1,5,111.17,0.00,0.80,0.33,0,0.00,4,2318.69,2,0,2,org.apache.jackrabbit.jcr2spi.AbstractMoveTest,0.36,16,4,17,0,16,8,0,15,471,1
"org.apache.jackrabbit.jcr.MoveTest",13,1.00,2.15,92,1.13,27971.30,14,1,10,31,4,95.18,71,128,2,5,113.05,0.25,0.67,0.00,0,0.00,4,3397.27,1,0,2,org.apache.jackrabbit.jcr2spi.AbstractMoveTest,0.15,18,4,28,1,18,13,0,31,689,1
"org.apache.jackrabbit.jcr.MoveTreeTest",7,1.00,1.57,40,0.47,10748.45,8,1,5,18,2,169.73,7,56,1,5,119.73,0.00,0.80,0.00,0,0.00,4,1423.78,0,0,1,org.apache.jackrabbit.jcr2spi.AbstractMoveTreeTest,0.36,11,4,11,0,11,7,0,5,320,1
"org.apache.jackrabbit.jcr.MultiValuedPropertyTest",7,1.00,3.00,57,0.56,13656.42,8,1,8,18,4,68.86,51,92,1,4,111.15,0.00,0.75,0.00,0,0.00,3,1682.35,0,0,3,org.apache.jackrabbit.test.AbstractJCRTest,0.00,11,3,21,0,11,7,0,15,347,1
"org.apache.jackrabbit.jcr.NodeImpl",88,0.36,2.45,690,9.76,343059.58,90,2,69,259,45,78.77,534,928,5,2,110.99,2.00,0.25,0.15,33,178.00,8,29265.00,5,52,41,org.apache.jackrabbit.jcr2spi.ItemImpl,0.05,171,1,216,2,171,36,1,227,5576,1
"org.apache.jackrabbit.jcr.NodeOrderTest",5,0.12,1.80,42,0.55,14611.80,7,2,8,21,3,130.50,15,56,1,4,109.89,0.00,0.75,0.40,1,0.00,4,1647.95,1,0,2,org.apache.jackrabbit.test.AbstractJCRTest,0.18,16,3,9,0,16,5,0,4,340,1
"org.apache.jackrabbit.jcr.PropertyImpl",38,0.49,1.92,224,2.74,88381.69,40,2,27,84,16,118.50,175,286,2,2,118.27,0.00,0.50,0.03,13,106.00,9,8206.94,5,12,15,org.apache.jackrabbit.jcr2spi.ItemImpl,0.09,46,1,73,0,46,26,1,62,1679,1
"org.apache.jackrabbit.jcr.PropertyLengthTest",12,1.00,2.25,81,1.08,46479.55,13,1,12,42,3,113.53,3,109,0,4,113.53,0.00,0.75,0.08,2,22.00,13,3252.46,0,1,3,org.apache.jackrabbit.test.AbstractJCRTest,0.00,30,3,27,0,30,11,0,1,620,1
"org.apache.jackrabbit.jcr.RMIRepositoryStub",4,0.33,1.50,23,0.23,4581.35,6,2,8,12,3,72.64,35,32,0,3,120.75,0.00,0.67,0.25,1,8.00,2,685.80,0,3,3,org.apache.jackrabbit.jcr2spi.DefaultRepositoryStub,0.23,8,2,6,0,8,1,0,10,159,1
"org.apache.jackrabbit.jcr.RMIRepositoryStub$ClientFactoryDelegater",1,0.00,1.00,2,0.02,146.32,1,0,8,1,0,142.72,0,4,0,1,142.72,0.00,0.00,0.00,0,1.00,1,58.53,0,1,0,java.lang.Object,0.00,0,0,1,0,0,0,0,0,18,3
"org.apache.jackrabbit.jcr.RMIRepositoryStub$RMIClientFactoryDelegater",1,1.00,1.00,5,0.06,878.60,2,1,8,5,1,171.75,1,7,0,2,121.75,0.00,0.50,0.00,0,1.00,1,190.92,0,1,1,org.apache.jackrabbit.jcr2spi.ClientFactoryDelegater,0.00,4,1,1,0,4,0,0,1,46,2
"org.apache.jackrabbit.jcr.RefreshFalseTest",5,0.00,2.00,45,0.54,10167.23,7,2,11,24,3,149.08,10,59,1,4,109.19,0.00,0.75,0.50,0,0.00,3,1624.17,1,0,2,org.apache.jackrabbit.test.AbstractJCRTest,0.18,19,3,10,0,19,5,0,8,331,1
"org.apache.jackrabbit.jcr.RefreshMovedTest",4,0.33,1.25,29,0.38,6656.88,8,4,7,19,2,96.19,23,36,1,4,114.06,0.00,0.75,0.50,0,0.00,2,1138.44,2,0,1,org.apache.jackrabbit.test.AbstractJCRTest,0.38,15,3,5,0,15,4,0,11,242,1
"org.apache.jackrabbit.jcr.RefreshTrueTest",3,0.00,1.67,24,0.29,5212.88,5,2,11,21,3,151.57,6,31,1,4,111.68,0.00,0.75,0.50,0,0.00,2,876.18,1,0,2,org.apache.jackrabbit.test.AbstractJCRTest,0.20,18,3,5,0,18,3,0,4,186,1
"org.apache.jackrabbit.jcr.RemoveItemTest",10,0.07,1.80,57,0.49,7483.02,13,3,13,21,4,122.39,42,83,2,4,122.16,1.67,0.33,0.40,0,0.00,4,1482.86,1,1,2,org.apache.jackrabbit.test.AbstractJCRTest,0.15,11,3,18,5,11,9,0,18,348,2
"org.apache.jackrabbit.jcr.RemoveNewNodeTest",5,0.00,2.40,36,0.33,6309.96,7,2,8,20,2,115.09,23,55,0,4,114.85,0.00,0.75,0.50,0,0.00,6,1004.85,1,0,2,org.apache.jackrabbit.test.AbstractJCRTest,0.18,15,3,12,0,15,5,0,12,226,1
"org.apache.jackrabbit.jcr.RemoveNodeTest",6,1.00,2.33,52,0.56,11026.74,7,1,9,25,6,93.54,30,76,4,5,111.41,0.75,0.50,0.00,0,0.00,3,1693.17,0,1,2,org.apache.jackrabbit.jcr2spi.RemoveItemTest,0.15,19,4,14,3,19,5,0,16,355,1
"org.apache.jackrabbit.jcr.RemovePropertyTest",5,1.00,2.60,40,0.41,8823.21,6,1,13,18,3,93.65,27,60,1,5,111.53,0.00,0.80,0.00,0,0.00,3,1241.37,0,1,2,org.apache.jackrabbit.jcr2spi.RemoveItemTest,0.16,13,4,13,0,13,4,0,13,268,1
"org.apache.jackrabbit.jcr.RemoveReferenceableNodeTest",3,0.00,2.33,23,0.24,5077.23,5,2,7,13,3,95.98,16,33,1,6,113.86,0.00,0.83,0.50,0,0.00,3,719.84,1,1,2,org.apache.jackrabbit.jcr2spi.RemoveNodeTest,0.17,10,5,7,0,10,2,0,8,156,1
"org.apache.jackrabbit.jcr.RemoveReferenceableTest",3,0.00,2.33,23,0.24,5077.23,5,2,7,13,3,95.98,16,33,1,6,113.86,0.00,0.83,0.50,0,0.00,3,719.84,1,1,2,org.apache.jackrabbit.jcr2spi.RemoveNodeTest,0.17,10,5,7,0,10,2,0,8,156,1
"org.apache.jackrabbit.jcr.RemoveSNSTest",5,0.25,2.20,40,0.45,7905.88,8,3,7,18,3,79.72,32,56,1,6,111.94,0.00,0.83,0.53,0,0.00,3,1336.35,0,1,2,org.apache.jackrabbit.jcr2spi.RemoveNodeTest,0.16,13,5,11,0,13,4,0,14,278,1
"org.apache.jackrabbit.jcr.RenameTest",4,0.22,1.00,20,0.19,2634.01,7,3,3,10,2,122.73,3,25,1,5,122.73,0.00,0.80,0.50,0,0.00,1,574.05,2,0,1,org.apache.jackrabbit.jcr2spi.AbstractMoveTest,0.42,6,4,4,0,6,4,0,1,138,1
"org.apache.jackrabbit.jcr.ReorderMixedTest",1,1.00,1.00,8,0.11,1902.39,2,1,8,4,2,132.10,3,10,1,5,111.49,0.00,0.80,0.00,0,0.00,1,326.12,0,0,1,org.apache.jackrabbit.jcr2spi.ReorderTest,0.17,3,4,1,0,3,1,0,1,73,1
"org.apache.jackrabbit.jcr.ReorderMoveTest",12,0.25,1.50,109,1.87,53665.96,16,4,10,36,5,106.80,53,129,1,4,106.56,0.00,0.75,0.48,3,0.00,3,5597.10,1,2,4,org.apache.jackrabbit.test.AbstractJCRTest,0.14,24,3,18,0,24,10,0,25,1095,1
"org.apache.jackrabbit.jcr.ReorderNewAndSavedTest",1,1.00,1.00,8,0.11,1789.71,2,1,8,4,2,132.31,3,10,1,5,111.70,0.00,0.80,0.00,0,0.00,1,332.01,0,0,1,org.apache.jackrabbit.jcr2spi.ReorderTest,0.17,3,4,1,0,3,1,0,1,73,1
"org.apache.jackrabbit.jcr.ReorderNewSNSTest",1,1.00,1.00,7,0.10,1796.59,2,1,8,3,2,134.46,3,9,1,5,113.85,0.00,0.80,0.00,0,0.00,1,297.13,0,0,1,org.apache.jackrabbit.jcr2spi.ReorderTest,0.17,2,4,1,0,2,1,0,1,68,1
"org.apache.jackrabbit.jcr.ReorderNewTest",1,1.00,1.00,7,0.10,1630.40,2,1,8,3,2,134.79,3,9,1,5,114.18,0.00,0.80,0.00,0,0.00,1,305.62,0,0,1,org.apache.jackrabbit.jcr2spi.ReorderTest,0.17,2,4,1,0,2,1,0,1,68,1
"org.apache.jackrabbit.jcr.ReorderReferenceableSNSTest",1,1.00,3.00,17,0.21,9429.89,2,1,5,7,3,114.17,3,18,1,5,93.55,0.00,0.80,0.00,0,0.00,3,616.57,0,0,2,org.apache.jackrabbit.jcr2spi.ReorderTest,0.17,6,4,3,0,6,1,0,1,123,1
"org.apache.jackrabbit.jcr.ReorderSNSTest",3,1.00,1.00,27,0.37,8040.38,4,1,9,13,2,158.41,3,31,1,5,108.41,0.00,0.80,0.00,0,0.00,1,1110.44,1,0,1,org.apache.jackrabbit.jcr2spi.ReorderTest,0.16,10,4,3,0,10,3,0,1,242,1
"org.apache.jackrabbit.jcr.ReorderTest",12,0.36,1.33,74,0.98,24779.29,17,5,14,31,9,115.80,3,93,7,4,115.80,2.00,0.30,0.53,3,0.00,3,2942.08,2,1,2,org.apache.jackrabbit.test.AbstractJCRTest,0.28,19,3,16,6,19,11,0,1,639,1
"org.apache.jackrabbit.jcr.ReplaceNode",3,0.50,2.67,30,0.39,8859.90,6,3,7,17,3,88.27,17,41,1,4,106.14,0.00,0.75,0.67,0,0.00,4,1160.35,1,0,2,org.apache.jackrabbit.test.AbstractJCRTest,0.20,14,3,8,0,14,3,0,15,236,1
"org.apache.jackrabbit.jcr.RepositoryImpl",9,0.09,1.67,47,0.64,22321.31,13,4,22,32,15,85.86,59,61,10,1,118.08,0.00,0.00,0.17,1,28.00,4,1913.48,0,8,5,java.lang.Object,0.00,23,0,15,0,23,1,2,14,401,1
"org.apache.jackrabbit.jcr.RepositoryImpl$Factory",1,0.00,9.00,37,0.67,46999.74,3,2,22,16,2,125.21,1,46,0,1,75.21,0.00,0.00,1.00,0,0.00,9,2012.76,0,1,2,java.lang.Object,0.00,15,0,9,0,15,0,1,1,336,2
"org.apache.jackrabbit.jcr.RepositorySetup",5,0.17,1.80,37,0.42,11365.07,11,6,19,20,9,64.43,53,49,3,1,112.91,0.00,0.00,0.03,0,8.00,3,1269.08,0,1,6,java.lang.Object,0.00,15,0,9,0,15,4,0,13,270,1
"org.apache.jackrabbit.jcr.RepositorySetup$CreateTestWorkspace",1,0.00,2.00,5,0.07,1174.53,1,0,19,5,1,141.21,3,8,0,1,120.59,0.00,0.00,0.00,0,0.00,2,214.16,0,0,1,java.lang.Object,0.00,4,0,2,0,4,1,1,1,50,2
"org.apache.jackrabbit.jcr.RepositorySetup$ImportTestContent",1,0.00,6.00,14,0.19,6040.59,1,0,19,8,0,98.30,4,25,0,1,98.06,0.00,0.00,0.00,0,0.00,6,558.88,0,0,0,java.lang.Object,0.00,7,0,6,0,7,1,1,2,107,2
"org.apache.jackrabbit.jcr.RepositorySetup$RegisterNamespaces",1,0.00,4.00,11,0.12,3619.13,1,0,19,8,0,104.05,4,19,0,1,103.81,0.00,0.00,0.00,0,0.00,4,359.65,0,0,0,java.lang.Object,0.00,7,0,4,0,7,1,1,2,75,2
"org.apache.jackrabbit.jcr.RepositorySetup$RegisterNodeTypes",1,0.00,7.00,22,0.31,13693.36,1,0,19,15,4,70.03,5,31,0,1,87.90,0.00,0.00,0.00,0,0.00,7,919.79,0,0,4,java.lang.Object,0.00,14,0,7,0,14,1,1,3,162,2
"org.apache.jackrabbit.jcr.RepositorySetup$Task",1,0.00,1.00,2,0.01,51.30,1,0,19,1,0,114.08,6,3,0,1,146.30,0.00,0.00,0.00,0,1.00,1,27.65,0,0,0,,0.00,0,0,1,0,0,1,0,1,11,1
"org.apache.jackrabbit.jcr.RevertMoveTest",3,1.00,1.33,18,0.22,3721.30,4,1,4,14,2,99.67,17,24,1,5,117.55,0.00,0.80,0.00,0,1.00,2,654.70,1,0,1,org.apache.jackrabbit.jcr2spi.AbstractMoveTest,0.22,11,4,4,0,11,3,0,4,144,1
"org.apache.jackrabbit.jcr.SNSIndexTest",11,0.09,1.64,88,1.04,31463.37,19,8,9,26,3,149.87,31,111,1,4,109.98,0.00,0.75,0.20,2,48.00,3,3106.19,2,1,2,org.apache.jackrabbit.test.AbstractJCRTest,0.29,15,3,18,0,15,10,0,12,647,1
"org.apache.jackrabbit.jcr.SPIServer",3,0.40,2.33,39,0.52,10470.80,8,5,13,22,9,101.59,12,52,1,1,101.35,0.00,0.00,0.47,0,1.00,3,1561.73,0,0,8,java.lang.Object,0.00,19,0,7,0,19,3,0,9,307,1
"org.apache.jackrabbit.jcr.SessionImpl",64,0.00,1.66,317,3.71,103697.58,76,12,78,177,50,123.39,279,430,12,1,123.15,0.00,0.00,0.08,19,2280.00,7,11141.44,0,36,44,java.lang.Object,0.00,113,0,106,1,113,28,2,99,2328,1
"org.apache.jackrabbit.jcr.SessionListener",2,0.00,1.00,3,0.01,46.02,2,0,1,2,3,110.28,19,4,3,1,160.28,0.00,0.00,0.00,0,2.00,1,41.02,0,0,0,,0.00,0,0,2,0,0,2,0,3,17,1
"org.apache.jackrabbit.jcr.SingleValuedPropertyTest",1,1.00,3.00,9,0.10,2154.06,2,1,8,6,4,66.61,7,14,1,4,108.90,0.00,0.75,0.00,0,0.00,3,298.61,0,0,3,org.apache.jackrabbit.test.AbstractJCRTest,0.00,5,3,3,0,5,1,0,3,65,1
"org.apache.jackrabbit.jcr.TestAll",1,1.00,1.00,38,0.55,22355.31,2,1,5,4,33,33.69,11,40,0,2,77.82,0.00,0.50,0.00,0,1.00,1,1649.37,0,1,33,junit.framework.TestCase,0.00,3,1,1,0,3,0,0,9,301,1
"org.apache.jackrabbit.jcr.TestConnect",1,0.00,2.00,8,0.09,1553.91,1,0,3,5,1,132.64,3,8,0,4,112.02,0.00,0.75,0.00,0,0.00,2,261.63,0,0,1,org.apache.jackrabbit.test.AbstractJCRTest,0.00,4,3,2,0,4,1,0,1,59,1
"org.apache.jackrabbit.jcr.UpdateTest",10,0.04,2.80,98,1.20,34849.15,13,3,19,35,3,157.27,19,136,1,4,107.27,0.00,0.75,0.30,1,0.00,6,3593.00,1,1,2,org.apache.jackrabbit.test.AbstractJCRTest,0.15,25,3,28,0,25,9,0,17,700,1
"org.apache.jackrabbit.jcr.WorkspaceImpl",35,0.03,1.31,163,2.00,47598.24,43,8,56,86,37,144.42,137,225,3,1,123.80,0.00,0.00,0.15,7,0.00,3,6013.46,0,26,35,java.lang.Object,0.00,51,0,46,0,51,9,2,59,1228,1
"org.apache.jackrabbit.jcr.WorkspaceManager",40,0.06,1.58,202,2.25,62656.79,52,12,93,107,71,101.79,215,275,7,1,119.66,0.00,0.00,0.14,5,172.00,11,6746.49,0,23,65,java.lang.Object,0.00,67,0,63,0,67,17,3,57,1414,1
"org.apache.jackrabbit.jcr.WorkspaceManager$ChangePolling",2,1.00,5.50,34,0.50,29311.90,3,1,93,9,3,59.68,13,48,0,1,91.90,0.00,0.00,0.50,0,2.00,10,1489.25,0,0,3,java.lang.Object,0.00,7,0,11,0,7,2,1,7,256,2
"org.apache.jackrabbit.jcr.WorkspaceManager$NodeTypeStorage",5,0.00,1.00,11,0.11,1354.49,5,0,93,6,2,140.61,0,16,0,1,140.61,0.00,0.00,0.00,0,7.00,1,341.47,0,2,2,java.lang.Object,0.00,1,0,5,0,1,3,0,0,88,0
"org.apache.jackrabbit.jcr.WorkspaceManager$OperationVisitorImpl",25,0.00,1.28,111,1.65,31048.21,27,2,93,102,35,144.73,99,146,0,1,124.12,0.00,0.00,0.50,0,0.00,3,4941.31,0,0,35,java.lang.Object,0.00,77,0,32,0,77,25,1,27,1052,2
"org.apache.jackrabbit.jcr.WorkspaceMoveTest",4,1.00,2.00,23,0.25,5764.07,5,1,6,11,3,120.13,17,36,1,6,119.89,0.00,0.83,0.00,0,4.00,3,756.16,2,0,2,org.apache.jackrabbit.jcr2spi.MoveTest,0.49,7,5,8,0,7,4,0,10,163,1
"org.apache.jackrabbit.jcr.XASession",1,0.00,1.00,2,0.01,44.19,1,0,2,1,1,173.10,19,3,1,2,146.81,0.00,0.50,0.00,0,1.00,1,26.09,0,1,0,,0.00,0,1,1,0,0,0,0,2,11,1
"org.apache.jackrabbit.jcr.XASessionImpl",2,1.00,1.00,7,0.06,760.70,3,1,5,3,5,84.41,20,11,2,2,132.88,0.00,0.50,0.50,0,2.00,1,178.68,0,1,4,org.apache.jackrabbit.jcr2spi.SessionImpl,0.00,1,1,2,0,1,1,1,5,48,1
"org.apache.jackrabbit.jcrlog.doodle.MyDoodle",3,0.00,1.00,11,0.12,1521.36,3,0,2,11,2,99.68,20,15,1,1,131.90,0.00,0.00,0.00,0,3.00,1,362.98,0,0,1,java.lang.Object,0.00,8,0,3,0,8,3,0,15,86,1
"org.apache.jackrabbit.jcrlog.doodle.MyItemVisitor",4,0.00,1.00,9,0.15,1834.97,4,0,5,7,1,188.81,6,18,0,2,138.81,0.00,0.50,0.00,0,4.00,1,457.29,0,0,1,javax.jcr.util.TraversingItemVisitor,0.00,3,1,4,0,3,4,0,1,110,1
"org.apache.jackrabbit.webdav.jcr.search.SearchResourceImpl",6,0.07,3.33,91,1.33,61228.38,9,3,28,62,15,47.18,53,108,1,1,95.28,0.00,0.00,0.28,3,14.00,10,3989.78,0,5,14,java.lang.Object,0.00,56,0,20,0,56,1,1,17,681,1
"org.apache.jackrabbit.webdav.jcr.search.SearchResultProperty",7,0.20,2.43,66,1.01,37706.54,12,5,18,38,8,57.34,75,84,2,2,105.82,0.00,0.50,0.37,1,2.00,6,3018.93,1,4,6,org.apache.jackrabbit.webdav.property.AbstractDavProperty,0.00,31,1,17,0,31,3,1,8,554,1
"org.apache.jackrabbit.test.orm.BlobTest",2,0.00,3.00,34,0.50,24881.43,4,2,7,18,2,142.60,3,39,1,4,92.60,0.00,0.75,0.50,0,2.00,5,1497.45,0,0,1,org.apache.jackrabbit.test.AbstractJCRTest,0.00,16,3,6,0,16,2,0,1,252,1
"org.apache.jackrabbit.test.orm.TestAll",1,0.00,1.00,6,0.05,1283.53,1,0,3,3,2,73.37,11,8,0,2,117.50,0.00,0.50,0.00,0,1.00,1,150.40,0,1,2,junit.framework.TestCase,0.00,2,1,1,0,2,0,0,2,39,1
"org.apache.jackrabbit.test.orm.XMLImportSpeedTest",4,0.22,3.25,68,0.94,37032.37,10,6,13,30,2,143.59,5,87,1,4,93.60,0.00,0.75,0.33,2,2.00,5,2826.80,0,0,1,org.apache.jackrabbit.test.AbstractJCRTest,0.00,26,3,13,0,26,4,0,3,505,1
"org.apache.jackrabbit.ocm.testmodel.inheritance.Ancestor",6,0.20,1.00,16,0.09,967.56,9,3,0,6,4,142.39,0,24,4,1,142.39,0.00,0.00,0.17,0,18.00,1,270.03,0,3,0,java.lang.Object,0.00,0,0,6,3,0,3,0,0,82,1
"org.apache.jackrabbit.ocm.testmodel.inheritance.AnotherDescendant",2,1.00,1.00,6,0.04,412.00,3,1,1,2,5,134.98,0,9,3,2,134.98,0.00,0.50,0.50,0,2.00,1,115.58,0,1,2,org.apache.jackrabbit.ocm.testmodel.inheritance.Ancestor,0.00,0,1,2,0,0,1,1,0,34,1
"org.apache.jackrabbit.ocm.testmodel.inheritance.Descendant",4,0.33,1.00,11,0.07,737.63,6,2,1,4,6,141.93,0,16,4,2,141.93,1.00,0.33,0.25,0,8.00,1,206.48,0,1,2,org.apache.jackrabbit.ocm.testmodel.inheritance.Ancestor,0.00,0,1,4,1,0,3,1,0,60,1
"org.apache.jackrabbit.ocm.testmodel.inheritance.SubDescendant",2,1.00,1.00,6,0.04,358.51,3,1,0,2,4,135.46,0,9,3,3,135.46,0.00,0.67,0.50,0,2.00,1,105.51,0,1,1,org.apache.jackrabbit.ocm.testmodel.inheritance.Descendant,0.00,0,2,2,0,0,1,0,0,32,1
"org.apache.jackrabbit.command.namespace.RegisterNamespace",5,0.17,1.20,19,0.22,4301.59,8,3,5,13,1,130.29,24,27,0,1,130.05,0.00,0.00,0.20,0,14.00,2,660.57,0,2,1,java.lang.Object,0.00,8,0,6,0,8,3,1,10,150,1
"org.apache.jackrabbit.command.namespace.SetNamespacePrefix",5,0.17,1.20,19,0.21,4107.39,8,3,5,11,1,130.44,24,26,0,1,130.21,0.00,0.00,0.20,0,14.00,2,624.17,0,2,1,java.lang.Object,0.00,6,0,6,0,6,3,1,10,144,1
"org.apache.jackrabbit.command.namespace.UnregisterNamespace",3,0.25,1.33,13,0.15,2672.18,5,2,5,11,1,107.37,16,19,0,1,125.25,0.00,0.00,0.33,0,5.00,2,458.45,0,1,1,java.lang.Object,0.00,8,0,4,0,8,2,1,7,104,1
"org.apache.jackrabbit.webdav.version.report.CompareBaselineReport",6,0.09,3.33,82,1.31,61861.25,15,9,19,42,15,65.35,38,98,0,1,97.57,0.00,0.00,0.19,2,14.00,6,3925.24,0,3,15,java.lang.Object,0.00,36,0,20,0,36,3,1,19,697,1
"org.apache.jackrabbit.webdav.version.report.ExpandPropertyReport",9,0.16,2.11,57,0.74,27496.84,13,4,22,32,18,70.23,103,76,1,1,114.36,0.00,0.00,0.11,5,29.00,6,2214.50,0,4,18,java.lang.Object,0.00,23,0,19,0,23,5,2,16,440,1
"org.apache.jackrabbit.webdav.version.report.ExpandPropertyReport$ExpandProperty",2,0.00,2.00,15,0.17,4134.50,3,1,22,10,7,80.99,12,18,0,2,113.21,0.00,0.50,1.00,0,0.00,3,512.91,0,1,7,org.apache.jackrabbit.webdav.property.AbstractDavProperty,0.00,8,1,4,0,8,1,0,3,105,1
"org.apache.jackrabbit.webdav.version.report.LatestActivityVersionReport",5,0.08,2.60,49,0.69,23986.75,11,6,16,30,14,58.09,43,61,0,1,106.20,0.00,0.00,0.23,1,13.00,6,2061.04,0,3,14,java.lang.Object,0.00,25,0,13,0,25,2,1,15,390,1
"org.apache.jackrabbit.webdav.version.report.LocateByHistoryReport",7,0.08,2.57,47,0.65,22105.22,11,4,17,30,15,66.09,60,68,1,1,114.20,0.00,0.00,0.18,3,18.00,7,1950.05,0,3,15,java.lang.Object,0.00,23,0,18,0,23,4,2,10,383,1
"org.apache.jackrabbit.webdav.version.report.Report",3,0.00,1.00,4,0.03,141.96,3,0,4,3,28,109.33,31,5,24,2,157.81,0.00,0.50,0.00,0,3.00,1,76.78,0,1,6,,0.00,0,1,3,0,0,2,0,4,27,1
"org.apache.jackrabbit.webdav.version.report.ReportInfo",12,0.03,2.33,81,0.99,28872.45,18,6,16,41,39,72.86,88,109,31,1,115.15,0.00,0.00,0.19,1,40.00,5,2956.08,0,5,9,java.lang.Object,0.00,29,0,28,0,29,7,1,14,603,1
"org.apache.jackrabbit.webdav.version.report.ReportType",9,0.01,2.11,58,0.81,30232.91,18,9,12,25,33,71.74,64,80,26,1,114.03,0.00,0.00,0.10,1,46.00,6,2422.50,0,6,12,java.lang.Object,0.00,16,0,19,0,16,3,2,12,488,1
"org.apache.jackrabbit.webdav.version.report.SupportedReportSetProperty",6,0.20,1.67,31,0.33,6620.43,8,2,9,15,9,78.56,44,39,4,2,120.85,0.00,0.50,0.33,1,0.00,3,1004.08,1,2,5,org.apache.jackrabbit.webdav.property.AbstractDavProperty,0.00,9,1,10,0,9,4,0,7,225,1
"org.apache.jackrabbit.webdav.version.report.VersionTreeReport",9,0.25,2.11,51,0.61,23132.33,12,3,13,27,12,69.80,75,69,1,1,117.90,0.00,0.00,0.11,5,23.00,6,1834.20,0,4,12,java.lang.Object,0.00,18,0,19,0,18,5,2,10,386,1
"org.apache.jackrabbit.command.version.AddVersionLabel",9,0.10,1.11,31,0.36,7819.58,14,5,5,18,1,130.27,40,45,0,1,130.03,0.00,0.00,0.11,0,44.00,2,1087.47,0,4,1,java.lang.Object,0.00,9,0,10,0,9,5,1,16,242,1
"org.apache.jackrabbit.command.version.Checkin",5,0.17,1.20,19,0.21,3661.17,8,3,6,13,1,151.22,17,26,0,1,130.60,0.00,0.00,0.20,0,14.00,2,615.17,0,2,1,java.lang.Object,0.00,8,0,6,0,8,3,1,8,141,1
"org.apache.jackrabbit.command.version.Checkout",3,0.25,1.33,13,0.14,2488.53,5,2,5,9,1,107.62,16,18,0,1,125.49,0.00,0.00,0.33,0,5.00,2,424.03,0,1,1,java.lang.Object,0.00,6,0,4,0,6,2,1,7,98,1
"org.apache.jackrabbit.command.version.Merge",7,0.12,1.14,25,0.29,6104.75,11,4,5,15,1,130.25,32,36,0,1,130.02,0.00,0.00,0.14,0,27.00,2,876.86,0,3,1,java.lang.Object,0.00,8,0,8,0,8,4,1,13,197,1
"org.apache.jackrabbit.command.version.RemoveVersion",5,0.17,1.20,19,0.21,4178.32,8,3,5,12,1,130.39,24,27,0,1,130.15,0.00,0.00,0.20,0,14.00,2,643.92,0,2,1,java.lang.Object,0.00,7,0,6,0,7,3,1,10,147,1
"org.apache.jackrabbit.command.version.RemoveVersionByLabel",5,0.17,1.20,21,0.25,4983.02,8,3,7,14,1,107.01,25,30,0,1,124.89,0.00,0.00,0.20,0,14.00,2,750.73,0,2,1,java.lang.Object,0.00,9,0,6,0,9,3,1,10,164,1
"org.apache.jackrabbit.command.version.RemoveVersionLabel",5,0.17,1.20,19,0.21,4178.32,8,3,5,12,1,130.39,24,27,0,1,130.15,0.00,0.00,0.20,0,14.00,2,643.92,0,2,1,java.lang.Object,0.00,7,0,6,0,7,3,1,10,147,1
"org.apache.jackrabbit.command.version.Restore",7,0.12,1.14,25,0.29,6078.98,11,4,5,15,1,130.27,32,36,0,1,130.03,0.00,0.00,0.14,0,27.00,2,878.49,0,3,1,java.lang.Object,0.00,8,0,8,0,8,4,1,13,197,1
"org.apache.jackrabbit.command.version.RestoreByLabel",7,0.12,1.14,25,0.29,6078.98,11,4,5,15,1,130.27,33,37,0,1,130.03,0.00,0.00,0.14,0,27.00,2,878.49,0,3,1,java.lang.Object,0.00,8,0,8,0,8,4,1,13,197,1
"org.apache.jackrabbit.core.state.util.BLOBStore",0,0.00,0.00,1,0.02,184.37,0,0,0,0,1,171.00,5,3,1,2,171.00,0.00,0.50,0.00,0,0.00,0,64.53,0,0,0,,0.00,0,1,0,0,0,0,0,1,18,1
"org.apache.jackrabbit.core.state.util.FileSystemBLOBStore",1,0.00,1.00,3,0.03,259.37,1,0,1,1,2,116.32,5,5,0,2,134.19,0.00,0.50,0.00,0,1.00,1,94.53,0,0,2,org.apache.jackrabbit.core.persistence.util.FileSystemBLOBStore,0.00,0,1,1,0,0,1,0,1,28,1
"org.apache.jackrabbit.core.state.util.ResourceBasedBLOBStore",0,0.00,0.00,1,0.02,184.37,0,0,0,0,0,171.00,5,3,0,2,171.00,0.00,0.50,0.00,0,0.00,0,64.53,0,0,0,,0.00,0,1,0,0,0,0,0,1,18,1
"org.apache.jackrabbit.core.state.util.Serializer",6,0.00,1.00,13,0.29,3683.73,6,0,5,8,5,138.05,29,30,0,1,137.81,0.00,0.00,0.00,0,6.00,1,863.86,0,0,5,java.lang.Object,0.00,2,0,6,0,2,6,0,13,197,2
"org.apache.jackrabbit.core.fs.vfs.VFSFileSystem",33,0.12,1.91,175,2.99,100577.34,39,6,21,86,5,99.47,175,367,1,1,117.34,0.00,0.00,0.05,6,257.00,5,8980.99,0,12,4,java.lang.Object,0.00,53,0,63,0,53,21,1,43,1830,1
"org.apache.jackrabbit.core.fs.vfs.VFSFileSystemTest",4,0.26,1.00,72,1.02,48429.78,13,9,5,45,3,71.88,58,83,0,3,92.02,0.00,0.67,0.31,1,0.00,1,3062.85,2,1,3,org.apache.jackrabbit.test.JUnitTest,0.00,41,2,4,0,41,3,0,17,564,1
"org.apache.jackrabbit.core.fs.vfs.VFSRAFOutputStream",8,0.12,1.25,41,0.40,8573.83,15,7,5,15,2,121.25,39,66,1,3,121.01,0.00,0.67,0.25,2,18.00,2,1208.95,0,0,1,org.apache.jackrabbit.core.fs.RandomAccessOutputStream,0.33,7,2,10,0,7,8,0,11,275,0
"org.apache.jackrabbit.taglib.comparator.ItemComparator",2,0.00,1.00,3,0.02,89.97,2,0,1,2,3,125.76,12,5,3,2,157.98,0.00,0.50,0.00,0,2.00,1,54.81,0,0,0,,0.00,0,1,2,0,0,2,0,3,20,1
"org.apache.jackrabbit.taglib.comparator.JEXLItemComparator",4,0.00,1.75,27,0.33,7873.69,8,4,6,14,1,83.68,27,49,0,1,115.90,0.00,0.00,0.25,1,6.00,3,988.97,0,1,1,java.lang.Object,0.00,10,0,7,0,10,3,1,11,213,1
"org.apache.jackrabbit.ocm.manager.CustomNodeTypeCreator",3,0.00,1.00,4,0.02,77.04,3,0,2,3,3,127.68,19,5,1,1,159.90,0.00,0.00,0.00,0,3.00,1,56.53,0,0,2,,0.00,0,0,3,0,0,3,0,4,23,1
"org.apache.jackrabbit.ocm.manager.ManagerConstant",0,0.00,0.00,6,0.07,971.36,5,5,0,0,4,171.00,7,8,4,1,171.00,0.00,0.00,0.00,0,0.00,0,208.15,0,0,0,,0.00,0,0,0,0,0,0,0,1,49,1
"org.apache.jackrabbit.ocm.manager.ObjectContentManager",38,0.00,1.00,39,0.38,2421.16,38,0,12,38,45,114.50,282,41,37,1,156.79,0.00,0.00,0.00,0,38.00,1,1129.00,0,18,8,,0.00,0,0,38,0,0,20,0,39,356,1
"org.apache.jackrabbit.core.value.BLOBFileValue",8,0.00,1.25,17,0.16,3968.58,8,0,4,10,21,106.27,54,24,21,1,138.49,0.00,0.00,0.00,1,8.00,3,470.65,0,2,0,java.lang.Object,0.00,2,0,10,5,2,6,0,9,118,2
"org.apache.jackrabbit.core.value.BLOBInDataStore",12,0.05,1.25,45,0.46,9994.29,16,4,8,30,6,170.04,27,63,2,2,130.15,0.00,0.50,0.21,1,36.00,2,1368.85,0,5,4,org.apache.jackrabbit.core.value.BLOBFileValue,0.60,18,1,15,0,18,7,0,9,329,1
"org.apache.jackrabbit.core.value.BLOBInMemory",11,0.04,1.64,64,0.75,44096.30,16,5,6,26,4,84.22,67,78,2,2,116.44,0.00,0.50,0.24,0,20.00,4,2255.11,0,4,2,org.apache.jackrabbit.core.value.BLOBFileValue,0.63,15,1,18,0,15,7,0,19,461,1
"org.apache.jackrabbit.core.value.BLOBInResource",9,0.00,1.67,36,0.38,9605.03,13,4,7,23,5,106.70,53,58,2,2,124.58,0.00,0.50,0.25,0,15.00,3,1132.32,0,3,3,org.apache.jackrabbit.core.value.BLOBFileValue,0.71,14,1,15,0,14,6,0,16,264,1
"org.apache.jackrabbit.core.value.BLOBInTempFile",11,0.00,1.64,54,0.53,17018.02,15,4,9,25,4,123.55,52,76,2,2,123.31,0.00,0.50,0.25,1,22.00,4,1600.49,0,4,2,org.apache.jackrabbit.core.value.BLOBFileValue,0.63,14,1,18,0,14,7,0,13,356,1
"org.apache.jackrabbit.core.value.BLOBValue",11,0.31,3.73,119,1.30,57385.93,18,7,15,43,6,66.56,139,164,2,2,104.12,0.00,0.50,0.43,0,0.00,6,3902.25,0,2,4,org.apache.jackrabbit.core.value.BLOBFileValue,0.63,32,1,41,0,32,9,0,49,790,1
"org.apache.jackrabbit.core.value.InternalValue",48,0.04,1.69,251,3.15,120535.56,55,7,31,108,95,138.65,181,372,68,1,118.03,0.00,0.00,0.18,3,240.00,8,9436.15,0,29,27,java.lang.Object,0.00,60,0,81,0,60,19,0,45,1935,1
"org.apache.jackrabbit.ocm.manager.jcrnodetype.AllTests",2,0.00,1.00,8,0.06,1287.47,2,0,3,5,4,147.04,7,11,1,1,126.42,0.00,0.00,0.00,1,2.00,1,190.58,0,2,3,java.lang.Object,0.00,3,0,2,0,3,0,0,3,50,1
"org.apache.jackrabbit.ocm.manager.jcrnodetype.ObjectContentManagerJcrNodeTypeTest",4,1.00,1.25,32,0.45,11165.76,5,1,12,34,8,110.36,17,44,2,3,110.13,0.00,0.67,0.00,0,4.00,2,1339.50,3,1,6,org.apache.jackrabbit.ocm.TestBase,0.18,30,2,5,0,30,3,0,10,250,1
"org.apache.jackrabbit.ocm.manager.jcrnodetype.ObjectContentManagerJcrPropertyTest",4,1.00,2.25,51,0.64,21600.21,5,1,8,28,6,58.87,31,82,2,3,101.17,0.00,0.67,0.00,0,4.00,6,1929.41,3,1,4,org.apache.jackrabbit.ocm.TestBase,0.18,24,2,9,0,24,3,0,24,353,1
"org.apache.jackrabbit.command.mixin.AddMixin",5,0.17,1.20,19,0.21,4081.62,8,3,5,11,1,130.47,24,26,0,1,130.23,0.00,0.00,0.20,0,14.00,2,625.80,0,2,1,java.lang.Object,0.00,6,0,6,0,6,3,1,10,144,1
"org.apache.jackrabbit.command.mixin.RemoveMixin",5,0.17,1.20,19,0.21,4081.62,8,3,5,11,1,130.47,24,26,0,1,130.23,0.00,0.00,0.20,0,14.00,2,625.80,0,2,1,java.lang.Object,0.00,6,0,6,0,6,3,1,10,144,1
"org.apache.jackrabbit.jcr.AbstractLockTest",20,0.09,1.45,135,1.45,29553.68,25,5,10,56,4,137.54,75,173,2,4,116.93,0.67,0.50,0.29,1,0.00,3,4357.20,2,0,2,org.apache.jackrabbit.test.AbstractJCRTest,0.22,36,3,29,2,36,20,0,45,935,2
"org.apache.jackrabbit.jcr.DeepLockTest",14,0.12,1.36,61,0.65,10040.55,20,6,8,34,3,125.98,8,85,1,4,125.98,0.00,0.75,0.27,0,0.00,4,1940.62,2,0,2,org.apache.jackrabbit.test.AbstractJCRTest,0.26,20,3,19,0,20,14,0,6,444,1
"org.apache.jackrabbit.jcr.DefaultLockManager",8,1.00,1.00,15,0.15,1663.15,9,1,7,10,2,152.75,7,24,0,1,152.75,0.00,0.00,0.00,0,8.00,1,443.82,0,3,2,java.lang.Object,0.00,2,0,8,0,2,5,1,5,120,1
"org.apache.jackrabbit.jcr.LockManager",8,0.00,1.00,9,0.08,373.66,8,0,4,8,7,109.75,68,11,6,1,157.85,0.00,0.00,0.00,0,8.00,1,238.76,0,3,1,,0.00,0,0,8,0,0,5,0,9,77,1
"org.apache.jackrabbit.jcr.LockManagerImpl",17,0.02,2.88,167,1.97,67717.12,22,5,30,66,20,58.33,185,211,1,1,106.81,0.00,0.00,0.22,6,43.00,9,5901.82,0,4,19,java.lang.Object,0.00,49,0,49,0,49,13,2,79,1166,1
"org.apache.jackrabbit.jcr.LockManagerImpl$LockImpl",13,0.08,1.77,53,0.45,7704.49,16,3,30,25,2,108.70,72,77,0,1,126.58,0.00,0.00,0.26,4,24.00,4,1337.78,0,4,2,java.lang.Object,0.00,12,0,23,0,12,9,2,30,325,1
"org.apache.jackrabbit.jcr.LockManagerImpl$LockState",9,0.04,2.33,50,0.47,7554.89,12,3,30,20,11,121.94,37,75,0,1,121.71,0.00,0.00,0.37,2,1.00,5,1395.25,0,0,11,java.lang.Object,0.00,11,0,21,0,11,9,1,14,319,1
"org.apache.jackrabbit.jcr.LockManagerImpl$LockTokenListener",2,0.00,1.00,3,0.02,100.59,2,0,30,2,0,125.38,12,4,0,1,157.60,0.00,0.00,0.00,0,2.00,1,67.06,0,0,0,,0.00,0,0,2,0,0,2,0,2,23,1
"org.apache.jackrabbit.jcr.OpenScopedLockTest",9,1.00,1.56,84,0.99,22786.69,10,1,6,35,2,129.12,28,114,1,5,108.50,0.00,0.80,0.00,0,0.00,3,2973.25,0,0,1,org.apache.jackrabbit.jcr2spi.lock.AbstractLockTest,0.11,26,4,14,0,26,9,0,22,602,1
"org.apache.jackrabbit.jcr.SessionScopedLockTest",3,1.00,1.33,24,0.30,5301.98,4,1,6,17,2,132.29,11,30,1,5,111.67,0.00,0.80,0.00,0,1.00,2,892.14,0,0,1,org.apache.jackrabbit.jcr2spi.lock.AbstractLockTest,0.12,14,4,4,0,14,3,0,5,183,1
"org.apache.jackrabbit.jcr.TestAll",1,0.00,1.00,7,0.06,1740.69,1,0,3,3,3,134.57,3,9,0,2,113.96,0.00,0.50,0.00,0,1.00,1,186.48,0,1,3,junit.framework.TestCase,0.00,2,1,1,0,2,0,0,1,47,1
"org.apache.jackrabbit.ocm.manager.atomictypeconverter.AtomicTypeConverter",3,0.00,1.00,4,0.03,127.07,3,0,2,3,7,109.71,32,6,7,1,158.19,0.00,0.00,0.00,0,3.00,1,84.71,0,3,0,,0.00,0,0,3,0,0,0,0,4,29,1
"org.apache.jackrabbit.ocm.manager.atomictypeconverter.AtomicTypeConverterProvider",2,0.00,1.00,3,0.01,38.51,2,0,1,2,10,110.89,18,4,9,1,160.88,0.00,0.00,0.00,0,2.00,1,33.51,0,1,1,,0.00,0,0,2,0,0,1,0,3,15,1
"org.apache.jackrabbit.sanitycheck.SanityCheckException",4,1.00,1.00,10,0.06,558.35,5,1,0,4,11,143.12,19,20,11,2,142.88,0.00,0.50,0.00,0,4.00,1,178.39,0,0,0,java.lang.Exception,0.00,0,1,4,0,0,4,0,6,55,1
"org.apache.jackrabbit.sanitycheck.SanityCheckHelper",8,0.09,2.12,88,1.41,42727.11,18,10,22,59,12,54.15,81,186,2,1,102.63,0.00,0.00,0.18,4,24.00,3,4230.22,0,6,10,java.lang.Object,0.00,51,0,17,0,51,2,0,41,795,1
"org.apache.jackrabbit.xsd.SchemaConversionException",4,0.00,1.00,9,0.05,332.37,4,0,0,4,1,112.43,27,14,1,2,144.65,0.00,0.50,0.00,0,4.00,1,136.79,0,0,0,java.lang.Exception,0.00,0,1,4,0,0,4,0,5,46,1
"org.apache.jackrabbit.xsd.SchemaConverter",17,0.16,3.47,275,4.32,187211.46,21,4,32,100,10,45.86,152,355,1,1,93.97,0.00,0.00,0.10,14,76.00,12,12955.91,0,9,9,java.lang.Object,0.00,83,0,59,0,83,8,0,116,2246,1
"org.apache.jackrabbit.xsd.SchemaConverterTest",2,0.50,3.00,36,0.54,17729.29,6,4,11,24,7,74.96,10,41,1,2,92.84,0.00,0.50,0.50,1,2.00,4,1622.90,0,0,6,junit.framework.TestCase,0.00,22,1,6,0,22,2,0,1,298,1
"org.apache.jackrabbit.xsd.TestAll",1,0.00,1.00,5,0.04,864.35,1,0,3,3,1,73.32,10,7,0,2,121.80,0.00,0.50,0.00,0,1.00,1,115.51,0,1,1,junit.framework.TestCase,0.00,2,1,1,0,2,0,0,2,31,1
"org.apache.jackrabbit.core.state.obj.ObjectPersistenceManager",0,0.00,0.00,1,0.03,257.00,0,0,1,0,2,171.00,5,4,0,3,171.00,0.00,0.67,0.00,0,0.00,0,76.15,0,0,2,org.apache.jackrabbit.core.persistence.obj.ObjectPersistenceManager,0.00,0,2,0,0,0,0,1,1,20,1
"org.apache.jackrabbit.iterator.ArrayIterator",7,0.08,1.29,23,0.17,3268.78,9,2,2,10,3,89.83,53,33,3,1,132.12,0.00,0.00,0.57,0,0.00,3,523.93,0,1,0,java.lang.Object,0.00,3,0,9,3,3,6,1,10,135,0
"org.apache.jackrabbit.iterator.ArrayNodeIterator",3,0.00,1.00,7,0.06,716.81,3,0,3,5,2,108.82,20,11,1,2,141.04,0.00,0.50,0.00,0,3.00,1,179.44,1,1,1,org.apache.jackrabbit.iterator.ArrayIterator,0.00,2,1,3,0,2,2,1,4,53,1
"org.apache.jackrabbit.iterator.ArrayNodeTypeIterator",3,0.00,1.00,7,0.06,716.81,3,0,3,5,4,108.82,20,12,3,2,141.04,0.00,0.50,0.00,0,3.00,1,179.44,1,1,1,org.apache.jackrabbit.iterator.ArrayIterator,0.00,2,1,3,0,2,2,1,4,53,1
"org.apache.jackrabbit.iterator.ArrayPropertyIterator",3,0.00,1.00,7,0.06,716.81,3,0,3,5,2,108.82,20,12,1,2,141.04,0.00,0.50,0.00,0,3.00,1,179.44,1,1,1,org.apache.jackrabbit.iterator.ArrayIterator,0.00,2,1,3,0,2,2,1,4,53,1
"org.apache.jackrabbit.webdav.jcr.transaction.TransactionListener",2,0.00,1.00,3,0.02,111.87,2,0,1,2,5,109.13,17,4,4,1,157.24,0.00,0.00,0.00,0,2.00,1,74.58,0,0,1,,0.00,0,0,2,0,0,2,0,3,24,1
"org.apache.jackrabbit.webdav.jcr.transaction.TxLockManagerImpl",18,0.18,2.67,155,2.25,99563.72,21,3,32,73,23,59.14,183,209,3,1,107.61,0.00,0.00,0.17,8,106.00,9,6740.89,0,8,20,java.lang.Object,0.00,55,0,48,0,55,10,1,36,1293,1
"org.apache.jackrabbit.webdav.jcr.transaction.TxLockManagerImpl$AbstractTransaction",5,0.12,1.60,21,0.19,3492.44,7,2,32,12,4,165.92,12,30,0,2,126.04,0.00,0.50,0.40,1,9.00,4,562.78,0,3,4,org.apache.jackrabbit.webdav.jcr.transaction.TransactionMap,0.00,7,1,8,0,7,2,1,4,136,3
"org.apache.jackrabbit.webdav.jcr.transaction.TxLockManagerImpl$GlobalTransaction",8,0.57,1.62,36,0.43,9045.73,9,1,32,22,6,174.39,9,53,0,2,124.39,0.00,0.50,0.50,2,8.00,2,1285.72,1,2,6,org.apache.jackrabbit.webdav.jcr.transaction.AbstractTransaction,0.00,14,1,13,0,14,6,0,1,286,2
"org.apache.jackrabbit.webdav.jcr.transaction.TxLockManagerImpl$LocalTransaction",7,0.00,1.57,24,0.29,5433.15,7,0,32,17,7,130.34,1,39,0,2,130.34,0.00,0.50,0.00,1,12.00,3,876.77,0,2,7,org.apache.jackrabbit.webdav.jcr.transaction.AbstractTransaction,0.00,10,1,11,0,10,5,0,1,201,3
"org.apache.jackrabbit.webdav.jcr.transaction.TxLockManagerImpl$Transaction",8,0.00,1.00,9,0.04,170.51,8,0,32,8,4,160.77,35,10,0,1,160.54,0.00,0.00,0.00,0,8.00,1,129.51,0,3,4,,0.00,0,0,8,0,0,5,0,7,51,1
"org.apache.jackrabbit.webdav.jcr.transaction.TxLockManagerImpl$TransactionMap",2,0.00,1.50,8,0.07,1458.86,2,0,32,3,1,125.90,1,12,0,2,125.90,0.00,0.50,0.00,0,2.00,2,223.61,2,2,1,java.util.HashMap,0.00,1,1,3,0,1,0,0,1,59,2
"org.apache.jackrabbit.webdav.jcr.transaction.TxLockManagerImpl$XidImpl",4,1.00,1.00,10,0.06,728.11,5,1,32,5,0,142.21,18,15,0,1,141.97,0.00,0.00,0.25,0,6.00,1,190.21,0,0,0,java.lang.Object,0.00,1,0,4,0,1,4,1,5,57,2
"org.apache.jmeter.protocol.java.test.SleepChainTest",3,0.50,1.00,9,0.06,664.00,4,1,2,4,0,134.97,13,17,0,1,134.74,0.00,0.00,0.67,0,1.00,1,187.58,0,0,0,java.lang.Object,0.00,1,0,3,0,1,3,1,2,52,1
"org.apache.jackrabbit.ocm.testmodel.collection.ArrayListElement",3,0.00,1.33,8,0.06,604.78,3,0,3,6,3,162.17,11,18,2,2,141.56,0.00,0.50,0.00,0,3.00,2,169.42,0,1,1,java.util.ArrayList,0.00,3,1,4,0,3,2,1,3,49,1
"org.apache.jackrabbit.ocm.testmodel.collection.Element",4,0.33,1.00,11,0.06,636.45,6,2,0,4,3,142.67,17,21,3,1,142.43,0.00,0.00,0.25,0,8.00,1,182.32,0,2,0,java.lang.Object,0.00,0,0,4,0,0,2,0,5,56,1
"org.apache.jackrabbit.ocm.testmodel.collection.HashMapElement",3,0.00,1.33,8,0.07,848.21,3,0,3,8,4,161.02,11,18,2,2,140.40,0.00,0.50,0.00,0,3.00,2,210.55,0,1,2,java.util.HashMap,0.00,5,1,4,0,5,2,1,3,59,1
"org.apache.jackrabbit.ocm.testmodel.collection.Main",8,0.14,1.00,21,0.12,1245.32,12,4,0,8,4,182.39,17,37,2,1,142.51,0.00,0.00,0.12,0,32.00,1,364.70,0,2,2,java.lang.Object,0.00,0,0,8,0,0,6,0,5,108,1
"org.apache.jackrabbit.backup.AllWorkspacesBackup",4,0.00,1.75,33,0.58,20597.08,4,0,9,23,6,75.73,27,40,0,2,107.95,0.00,0.50,0.00,0,4.00,3,1752.70,4,0,6,org.apache.jackrabbit.backup.Backup,0.22,19,1,7,0,19,4,0,10,325,1
"org.apache.jackrabbit.backup.Backup",14,0.23,1.00,36,0.35,5756.87,18,4,7,18,13,139.42,60,50,11,1,139.19,0.00,0.00,0.04,0,38.00,1,1061.63,0,4,3,java.lang.Object,0.00,4,0,14,9,4,10,0,8,270,2
"org.apache.jackrabbit.backup.BackupConfig",7,0.17,1.14,28,0.29,6616.52,11,4,9,17,16,125.32,32,38,13,1,125.08,0.00,0.00,0.11,0,22.00,2,874.43,0,5,5,java.lang.Object,0.00,10,0,8,0,10,2,0,6,203,1
"org.apache.jackrabbit.backup.BackupConfigurationBackup",4,0.00,1.00,11,0.12,1459.71,4,0,6,8,6,121.72,23,18,2,2,139.59,0.00,0.50,0.00,0,4.00,1,346.87,1,0,4,org.apache.jackrabbit.backup.Backup,0.22,4,1,4,0,4,4,0,4,88,1
"org.apache.jackrabbit.backup.BackupConfigurationParser",4,0.07,2.25,42,0.59,17147.18,9,5,13,21,4,75.53,55,54,1,2,104.91,0.00,0.50,0.25,2,8.00,4,1773.55,2,3,4,org.apache.jackrabbit.core.config.ConfigurationParser,0.00,17,1,9,0,17,1,0,13,342,1
"org.apache.jackrabbit.backup.BackupIOHandler",6,0.00,1.00,7,0.06,319.88,6,0,5,6,12,157.40,5,8,12,1,157.40,0.00,0.00,0.00,0,6.00,1,187.84,0,1,0,,0.00,0,0,6,0,0,5,0,1,60,1
"org.apache.jackrabbit.backup.BackupManager",6,0.00,1.50,34,0.47,9611.08,6,0,6,21,8,69.60,54,50,2,2,119.60,0.00,0.50,0.00,1,6.00,2,1403.55,3,1,6,org.apache.jackrabbit.backup.Backup,0.20,15,1,9,0,15,5,0,9,298,1
"org.apache.jackrabbit.backup.BackupTest",3,0.00,3.00,80,1.29,62307.59,3,0,14,42,12,46.40,38,94,0,1,83.97,0.00,0.00,0.00,2,3.00,4,3864.09,0,0,12,java.lang.Object,0.00,39,0,9,0,39,3,0,33,604,1
"org.apache.jackrabbit.backup.LaunchBackup",7,0.14,3.29,90,1.29,118549.06,13,6,8,30,11,106.30,124,118,2,1,97.17,0.00,0.00,0.05,4,13.00,14,3882.38,0,0,9,java.lang.Object,0.00,23,0,23,0,23,7,0,32,702,1
"org.apache.jackrabbit.backup.NamespaceBackup",4,1.00,1.75,41,0.56,17090.63,5,1,15,24,5,62.69,30,44,0,2,104.98,0.00,0.50,0.00,0,4.00,3,1671.20,1,0,5,org.apache.jackrabbit.backup.Backup,0.22,20,1,7,0,20,4,1,6,310,1
"org.apache.jackrabbit.backup.NamespaceBackup$Namespaces",4,0.00,1.00,12,0.11,1670.19,6,2,15,9,0,132.56,0,17,0,1,132.56,0.00,0.00,0.50,0,0.00,1,334.55,0,2,0,java.lang.Object,0.00,5,0,4,0,5,2,1,0,90,1
"org.apache.jackrabbit.backup.NodeTypeBackup",5,0.00,2.20,46,0.64,22563.99,5,0,22,25,13,106.68,22,55,0,2,106.45,0.00,0.50,0.00,1,5.00,6,1914.63,2,1,13,org.apache.jackrabbit.backup.Backup,0.21,20,1,11,0,20,4,0,5,354,1
"org.apache.jackrabbit.backup.NodeVersionHistoriesBackup",5,0.00,1.80,37,0.54,13385.33,5,0,38,29,19,126.13,171,55,0,2,112.35,0.00,0.50,0.00,1,5.00,3,1621.80,2,0,19,org.apache.jackrabbit.backup.Backup,0.21,24,1,9,0,24,5,0,11,313,1
"org.apache.jackrabbit.backup.RepositoryBackup",5,2.00,1.00,19,0.20,3048.44,7,2,26,11,16,113.40,27,25,2,2,131.27,0.00,0.50,0.00,0,5.00,1,612.17,2,0,14,org.apache.jackrabbit.backup.Backup,0.21,6,1,5,0,6,5,0,8,148,1
"org.apache.jackrabbit.backup.WorkspaceBackup",4,1.00,2.25,48,0.86,33048.60,5,1,30,29,8,81.84,23,61,1,2,99.71,0.00,0.50,0.00,0,4.00,4,2571.18,5,0,7,org.apache.jackrabbit.backup.Backup,0.22,25,1,9,0,25,4,0,11,447,1
"org.apache.jackrabbit.backup.WorkspaceBackup$SysViewSAXEventGenerator",1,0.00,2.00,4,0.06,798.24,1,0,30,3,0,125.53,0,8,0,1,125.53,0.00,0.00,0.00,0,1.00,2,168.85,1,0,0,java.lang.Object,0.00,2,0,2,0,2,1,0,0,42,0
"org.apache.jackrabbit.backup.WorkspaceConfigBackup",5,1.00,1.00,20,0.30,5140.33,6,1,11,13,9,145.44,17,27,1,2,124.82,0.00,0.50,0.00,0,5.00,1,897.78,4,0,8,org.apache.jackrabbit.backup.Backup,0.21,8,1,5,0,8,5,0,5,194,1
"org.apache.jackrabbit.backup.ZipBackupIOHandler",7,0.05,1.86,77,1.04,29182.37,14,7,17,33,2,85.63,38,92,1,1,103.50,0.00,0.00,0.18,0,0.00,2,3122.09,0,1,1,java.lang.Object,0.00,26,0,13,0,26,6,1,13,599,1
"org.apache.jackrabbit.webdav.jcr.nodetype.ItemDefinitionImpl",9,0.05,1.22,41,0.40,8524.34,16,7,8,22,5,145.67,34,52,3,1,125.06,0.00,0.00,0.19,6,41.00,2,1212.75,0,4,2,java.lang.Object,0.00,13,0,11,2,13,5,3,11,268,2
"org.apache.jackrabbit.webdav.jcr.nodetype.NodeDefinitionImpl",7,0.04,1.43,40,0.39,11432.82,11,4,7,18,5,140.16,27,48,3,2,119.54,0.00,0.50,0.21,3,25.00,3,1157.81,1,5,2,org.apache.jackrabbit.webdav.jcr.nodetype.ItemDefinitionImpl,0.12,11,1,10,0,11,2,1,10,250,2
"org.apache.jackrabbit.webdav.jcr.nodetype.NodeTypeConstants",0,0.00,0.00,33,0.45,7981.07,32,32,2,0,6,171.00,39,34,4,1,171.00,0.00,0.00,0.00,0,0.00,0,1364.11,0,0,2,,0.00,0,0,0,0,0,0,0,29,219,1
"org.apache.jackrabbit.webdav.jcr.nodetype.NodeTypeProperty",8,0.00,2.50,62,0.76,21350.19,10,2,14,31,9,152.17,23,75,4,2,112.28,0.00,0.50,0.50,2,0.00,5,2265.72,1,3,5,org.apache.jackrabbit.webdav.property.AbstractDavProperty,0.00,23,1,20,0,23,5,1,6,458,1
"org.apache.jackrabbit.webdav.jcr.nodetype.PropertyDefinitionImpl",8,0.03,1.62,55,0.58,21897.66,13,5,9,23,5,135.41,31,64,3,2,114.79,0.00,0.50,0.22,4,34.00,5,1746.32,1,5,2,org.apache.jackrabbit.webdav.jcr.nodetype.ItemDefinitionImpl,0.12,15,1,13,0,15,3,1,12,347,2
"org.apache.jackrabbit.BaseException",2,0.00,1.00,5,0.03,239.29,2,0,0,2,11,94.93,20,8,11,2,143.41,18.00,0.05,0.00,0,2.00,1,92.84,0,0,0,java.lang.Exception,0.00,0,1,2,18,0,2,0,3,30,2
"org.apache.jackrabbit.JcrConstants",0,0.00,0.00,70,1.50,23398.94,69,69,1,0,13,171.00,214,71,13,1,171.00,0.00,0.00,0.00,0,0.00,0,4499.80,0,0,0,,0.00,0,0,0,0,0,0,0,70,625,1
"org.apache.jackrabbit.ocm.manager.atomictypeconverter.impl.AtomicTypeConverterProviderImpl",5,0.12,1.80,29,0.29,10149.56,7,2,6,11,4,100.87,26,39,1,1,118.75,0.00,0.00,0.40,0,2.00,4,856.42,0,2,3,java.lang.Object,0.00,6,0,9,1,6,3,1,6,189,1
"org.apache.jackrabbit.ocm.manager.atomictypeconverter.impl.BinaryTypeConverterImpl",3,0.00,1.67,11,0.11,1844.96,3,0,6,7,3,98.90,19,26,1,1,131.12,0.00,0.00,0.00,0,3.00,2,323.54,0,3,2,java.lang.Object,0.00,4,0,5,0,4,0,1,4,80,1
"org.apache.jackrabbit.ocm.manager.atomictypeconverter.impl.BooleanTypeConverterImpl",3,0.00,2.00,12,0.14,2535.27,3,0,4,9,3,93.11,18,27,1,1,125.33,0.00,0.00,0.00,0,3.00,2,421.45,0,3,2,java.lang.Object,0.00,6,0,6,0,6,0,1,4,99,1
"org.apache.jackrabbit.ocm.manager.atomictypeconverter.impl.ByteArrayTypeConverterImpl",4,0.00,1.75,20,0.23,5911.67,4,0,9,12,3,120.07,19,37,1,1,119.84,0.00,0.00,0.00,1,4.00,2,678.09,0,3,2,java.lang.Object,0.00,8,0,7,0,8,1,1,4,152,1
"org.apache.jackrabbit.ocm.manager.atomictypeconverter.impl.CalendarTypeConverterImpl",3,0.00,1.67,14,0.16,3213.76,3,0,6,13,3,92.34,18,29,1,1,124.56,0.00,0.00,0.00,0,3.00,2,479.94,0,3,2,java.lang.Object,0.00,10,0,5,0,10,0,1,4,111,1
"org.apache.jackrabbit.ocm.manager.atomictypeconverter.impl.Date2LongTypeConverterImpl",3,0.00,1.67,12,0.16,2746.22,3,0,6,11,2,92.88,18,27,0,1,125.10,0.00,0.00,0.00,0,3.00,2,471.47,0,3,2,java.lang.Object,0.00,8,0,5,0,8,0,1,4,109,1
"org.apache.jackrabbit.ocm.manager.atomictypeconverter.impl.DefaultAtomicTypeConverterProvider",4,0.00,1.00,26,0.37,10977.00,4,0,7,7,13,115.13,18,31,2,2,114.90,0.00,0.50,0.00,0,0.00,1,1102.64,0,1,11,org.apache.jackrabbit.ocm.manager.atomictypeconverter.impl.AtomicTypeConverterProviderImpl,0.00,3,1,4,0,3,3,0,4,224,1
"org.apache.jackrabbit.ocm.manager.atomictypeconverter.impl.DoubleTypeConverterImpl",3,0.00,1.67,13,0.14,2686.82,3,0,5,10,3,92.96,18,28,1,1,125.18,0.00,0.00,0.00,0,3.00,2,414.89,0,3,2,java.lang.Object,0.00,7,0,5,0,7,0,1,4,97,1
"org.apache.jackrabbit.ocm.manager.atomictypeconverter.impl.IntTypeConverterImpl",3,0.00,1.67,13,0.14,2849.71,3,0,5,10,3,92.75,18,28,1,1,124.98,0.00,0.00,0.00,0,3.00,2,424.18,0,3,2,java.lang.Object,0.00,7,0,5,0,7,0,1,4,99,1
"org.apache.jackrabbit.ocm.manager.atomictypeconverter.impl.LongTypeConverterImpl",3,0.00,1.67,13,0.14,2686.82,3,0,5,10,3,92.96,19,28,1,1,125.18,0.00,0.00,0.00,0,3.00,2,414.89,0,3,2,java.lang.Object,0.00,7,0,5,0,7,0,1,4,97,1
"org.apache.jackrabbit.ocm.manager.atomictypeconverter.impl.NameTypeConverterImpl",3,0.00,2.00,13,0.16,3488.23,3,0,6,8,2,92.02,19,33,0,1,124.24,0.00,0.00,0.00,0,3.00,3,468.34,0,3,2,java.lang.Object,0.00,5,0,6,0,5,0,1,4,106,1
"org.apache.jackrabbit.ocm.manager.atomictypeconverter.impl.NullTypeConverterImpl",3,0.00,1.00,7,0.04,329.17,3,0,3,3,2,125.83,17,11,1,1,143.70,0.00,0.00,0.00,0,3.00,1,134.77,0,3,1,java.lang.Object,0.00,0,0,3,0,0,0,1,4,40,1
"org.apache.jackrabbit.ocm.manager.atomictypeconverter.impl.PathTypeConverterImpl",3,0.00,2.00,13,0.15,3257.43,3,0,6,7,2,92.25,19,33,0,1,124.48,0.00,0.00,0.00,0,3.00,3,454.69,0,3,2,java.lang.Object,0.00,4,0,6,0,4,0,1,4,103,1
"org.apache.jackrabbit.ocm.manager.atomictypeconverter.impl.ReferenceTypeConverterImpl",3,0.00,2.00,13,0.15,3257.43,3,0,6,7,2,92.25,20,33,0,1,124.48,0.00,0.00,0.00,0,3.00,3,454.69,0,3,2,java.lang.Object,0.00,4,0,6,0,4,0,1,4,103,1
"org.apache.jackrabbit.ocm.manager.atomictypeconverter.impl.StringTypeConverterImpl",3,0.00,1.67,11,0.11,1998.39,3,0,5,8,3,98.63,19,26,1,1,130.85,0.00,0.00,0.00,0,3.00,2,340.66,0,3,2,java.lang.Object,0.00,5,0,5,0,5,0,1,4,84,1
"org.apache.jackrabbit.ocm.manager.atomictypeconverter.impl.TimestampTypeConverterImpl",3,0.00,1.67,12,0.15,2846.19,3,0,6,11,3,92.76,19,26,1,1,124.98,0.00,0.00,0.00,0,3.00,2,453.09,0,3,2,java.lang.Object,0.00,8,0,5,0,8,0,1,4,105,1
"org.apache.jackrabbit.ocm.manager.atomictypeconverter.impl.UndefinedTypeConverterImpl",3,0.00,8.00,53,0.87,51907.13,3,0,10,23,2,59.03,19,106,0,1,91.25,0.00,0.00,0.00,0,3.00,12,2605.97,0,3,2,java.lang.Object,0.00,20,0,24,0,20,0,1,4,494,1
"org.apache.jackrabbit.ocm.manager.atomictypeconverter.impl.UtilDateTypeConverterImpl",3,0.00,2.00,18,0.22,4827.21,3,0,7,11,3,84.34,18,38,1,1,116.56,0.00,0.00,0.00,0,3.00,2,646.67,0,3,2,java.lang.Object,0.00,8,0,6,0,8,0,1,4,140,1
"org.apache.jackrabbit.command.core.AbstractSetProperty",8,0.14,1.00,21,0.14,1752.44,12,4,1,8,3,141.58,39,30,3,1,141.34,0.00,0.00,0.12,0,32.00,1,424.57,0,4,0,java.lang.Object,0.00,0,0,8,3,0,4,1,14,119,2
"org.apache.jackrabbit.command.core.AddNode",5,0.17,1.60,26,0.31,8294.37,8,3,6,16,1,101.59,25,35,0,1,119.46,0.00,0.00,0.20,0,14.00,4,919.82,0,2,1,java.lang.Object,0.00,11,0,8,0,11,3,1,11,193,1
"org.apache.jackrabbit.command.core.ClearWorkspace",1,0.00,6.00,18,0.29,8643.05,2,1,11,18,2,44.66,8,26,0,1,92.76,0.00,0.00,1.00,0,0.00,6,884.23,0,0,2,java.lang.Object,0.00,17,0,6,0,17,1,1,4,164,1
"org.apache.jackrabbit.command.core.Clone",9,0.10,1.11,32,0.39,8679.20,14,5,6,19,1,129.91,44,46,0,1,129.68,0.00,0.00,0.11,0,44.00,2,1175.77,0,4,1,java.lang.Object,0.00,10,0,10,0,10,5,1,16,256,1
"org.apache.jackrabbit.command.core.Copy",7,0.12,1.43,31,0.40,10885.55,11,4,7,18,1,91.10,44,43,0,1,123.33,0.00,0.00,0.14,0,27.00,4,1198.82,0,3,1,java.lang.Object,0.00,11,0,10,0,11,4,1,13,250,1
"org.apache.jackrabbit.command.core.CurrentNode",3,0.25,1.33,14,0.16,3009.30,5,2,6,10,1,106.97,16,19,0,1,124.84,0.00,0.00,0.33,0,5.00,2,480.92,0,1,1,java.lang.Object,0.00,7,0,4,0,7,2,1,7,108,1
"org.apache.jackrabbit.command.core.Login",7,0.12,1.57,39,0.50,20512.16,11,4,10,21,1,117.76,32,52,0,1,117.52,0.00,0.00,0.14,0,27.00,5,1492.44,0,3,1,java.lang.Object,0.00,14,0,11,0,14,4,1,13,291,1
"org.apache.jackrabbit.command.core.Logout",1,0.00,2.00,10,0.12,2542.81,2,1,6,9,1,64.43,7,13,0,1,106.72,0.00,0.00,1.00,0,0.00,2,361.76,0,0,1,java.lang.Object,0.00,8,0,2,0,8,1,1,3,78,1
"org.apache.jackrabbit.command.core.Move",7,0.07,1.57,35,0.49,16178.51,12,5,8,24,1,138.95,26,52,0,1,118.33,0.00,0.00,0.14,0,27.00,5,1455.89,0,3,1,java.lang.Object,0.00,17,0,11,0,17,4,1,12,286,1
"org.apache.jackrabbit.command.core.OrderBefore",7,0.12,1.14,26,0.31,6805.69,11,4,6,14,1,129.88,32,38,0,1,129.64,0.00,0.00,0.14,0,27.00,2,921.80,0,3,1,java.lang.Object,0.00,7,0,8,0,7,4,1,13,205,1
"org.apache.jackrabbit.command.core.ReadValue",7,0.12,1.43,31,0.41,12298.61,11,4,6,21,1,123.14,33,44,0,1,122.91,0.00,0.00,0.14,0,27.00,4,1238.96,0,3,1,java.lang.Object,0.00,14,0,10,0,14,4,1,13,254,1
"org.apache.jackrabbit.command.core.Refresh",5,0.17,1.40,24,0.27,6647.62,8,3,7,15,1,105.99,25,33,0,1,123.87,0.00,0.00,0.20,0,14.00,3,817.68,0,2,1,java.lang.Object,0.00,10,0,7,0,10,3,1,10,175,1
"org.apache.jackrabbit.command.core.RemoveItem",3,0.25,1.67,16,0.21,4955.24,5,2,6,14,1,101.60,16,23,0,1,119.47,0.00,0.00,0.33,0,5.00,3,624.49,0,1,1,java.lang.Object,0.00,11,0,5,0,11,2,1,7,132,1
"org.apache.jackrabbit.command.core.RemoveItems",5,0.17,1.60,28,0.40,11949.38,8,3,11,22,2,100.34,25,40,0,1,118.21,0.00,0.00,0.20,0,14.00,4,1193.21,0,2,2,java.lang.Object,0.00,17,0,8,0,17,3,1,10,230,1
"org.apache.jackrabbit.command.core.Rename",7,0.12,1.57,36,0.48,16687.15,11,4,7,22,1,138.84,27,51,0,1,118.23,0.00,0.00,0.14,0,27.00,5,1453.56,0,3,1,java.lang.Object,0.00,15,0,11,0,15,4,1,11,293,1
"org.apache.jackrabbit.command.core.Save",3,0.25,1.33,17,0.18,4235.47,5,2,6,10,1,102.18,17,22,0,1,120.06,0.00,0.00,0.33,0,5.00,2,544.88,0,1,1,java.lang.Object,0.00,7,0,4,0,7,2,1,7,119,1
"org.apache.jackrabbit.command.core.SetBinaryProperty",1,0.00,2.00,11,0.19,4695.00,2,1,6,8,2,60.79,7,15,0,2,103.08,0.00,0.50,1.00,0,0.00,2,573.31,0,0,2,org.apache.jackrabbit.command.core.AbstractSetProperty,0.00,7,1,2,0,7,1,0,3,114,1
"org.apache.jackrabbit.command.core.SetMultivalueProperty",3,0.25,1.67,22,0.35,12795.83,5,2,6,12,2,78.55,18,30,0,2,110.77,0.00,0.50,0.33,0,5.00,3,1052.82,0,1,2,org.apache.jackrabbit.command.core.AbstractSetProperty,0.00,9,1,5,0,9,2,0,7,202,1
"org.apache.jackrabbit.command.core.SetProperty",1,0.00,3.00,15,0.26,8786.84,2,1,6,9,2,47.71,8,21,0,2,95.82,0.00,0.50,1.00,0,0.00,3,773.35,0,0,2,org.apache.jackrabbit.command.core.AbstractSetProperty,0.00,8,1,3,0,8,1,0,3,147,1
"org.apache.jackrabbit.ocm.manager.beanconverter.impl.AbstractBeanConverterImpl",6,3.00,1.00,14,0.23,2534.90,9,3,12,7,15,178.98,12,24,5,1,139.09,0.00,0.00,0.00,0,6.00,1,700.19,0,2,10,java.lang.Object,0.00,1,0,6,5,1,4,1,2,166,2
"org.apache.jackrabbit.ocm.manager.beanconverter.impl.DefaultBeanConverterImpl",5,1.00,1.80,21,0.41,9895.42,6,1,13,14,10,172.45,8,49,0,2,122.45,0.00,0.50,0.00,0,2.00,3,1240.73,1,1,10,org.apache.jackrabbit.ocm.manager.beanconverter.impl.AbstractBeanConverterImpl,0.00,9,1,9,0,9,4,1,1,255,1
"org.apache.jackrabbit.ocm.manager.beanconverter.impl.InlineBeanConverterImpl",5,0.25,1.00,13,0.25,3036.06,6,1,12,8,11,187.85,8,24,0,2,137.85,0.00,0.50,0.80,0,0.00,1,738.99,0,1,11,org.apache.jackrabbit.ocm.manager.beanconverter.impl.AbstractBeanConverterImpl,0.00,3,1,5,0,3,4,1,1,165,1
"org.apache.jackrabbit.ocm.manager.beanconverter.impl.ParentBeanConverterImpl",6,1.00,1.67,21,0.36,7356.75,7,1,13,13,10,168.65,14,51,0,2,128.76,0.00,0.50,0.00,0,10.00,3,1076.29,0,2,10,org.apache.jackrabbit.ocm.manager.beanconverter.impl.AbstractBeanConverterImpl,0.00,7,1,10,0,7,4,1,2,229,1
"org.apache.jackrabbit.ocm.manager.beanconverter.impl.ReferenceBeanConverterImpl",6,1.00,1.67,26,0.48,9840.01,7,1,17,20,12,173.11,9,50,0,2,123.11,0.00,0.50,0.00,1,10.00,4,1445.41,0,1,12,org.apache.jackrabbit.ocm.manager.beanconverter.impl.AbstractBeanConverterImpl,0.00,14,1,10,0,14,5,1,1,293,1
"org.apache.jackrabbit.core.nodetype.compact.CompactNodeTypeDefReader",24,0.10,3.96,288,3.60,143288.19,28,4,26,80,27,52.22,246,361,8,1,100.69,0.00,0.00,0.34,17,0.00,15,10811.59,0,3,19,java.lang.Object,0.00,56,0,95,0,56,21,0,35,2037,1
"org.apache.jackrabbit.core.nodetype.compact.CompactNodeTypeDefTest",2,0.75,2.00,71,1.14,34946.44,18,16,18,51,13,119.72,4,78,1,2,79.84,0.00,0.50,0.44,0,0.00,3,3424.64,0,0,12,junit.framework.TestCase,0.00,49,1,4,0,49,2,0,4,595,1
"org.apache.jackrabbit.core.nodetype.compact.CompactNodeTypeDefWriter",19,0.02,3.05,197,2.42,91377.69,24,5,19,78,12,72.22,118,234,3,1,104.45,0.00,0.00,0.22,14,0.00,8,7256.17,0,2,9,java.lang.Object,0.00,59,0,58,0,59,17,0,27,1419,1
"org.apache.jackrabbit.core.nodetype.compact.Lexer",5,0.12,1.80,82,1.75,45127.49,44,39,3,18,2,134.69,13,103,1,1,94.80,0.00,0.00,0.12,1,0.00,5,5256.96,0,1,1,java.lang.Object,0.00,13,0,9,0,13,4,0,3,830,1
"org.apache.jackrabbit.core.nodetype.compact.ParseException",6,0.20,1.67,46,0.43,15682.01,9,3,0,10,6,70.16,43,57,6,2,112.45,0.00,0.50,0.17,0,10.00,5,1299.94,2,2,0,java.lang.Exception,0.00,4,1,10,0,4,4,0,11,297,1
"org.apache.jackrabbit.core.nodetype.compact.TestAll",1,0.00,1.00,5,0.06,1131.01,1,0,3,3,1,72.40,10,7,0,2,120.88,0.00,0.50,0.00,0,1.00,1,180.51,0,1,1,junit.framework.TestCase,0.00,2,1,1,0,2,0,0,2,43,1
"org.apache.jackrabbit.ntdoc.Main",4,0.00,2.25,37,0.43,17656.40,4,0,2,21,2,127.13,15,43,0,1,106.52,0.00,0.00,0.00,2,4.00,4,1296.41,0,0,2,java.lang.Object,0.00,17,0,9,0,17,4,0,5,259,2
"org.apache.jackrabbit.ntdoc.NTDoc",13,0.25,1.31,57,0.52,11197.95,17,4,5,28,7,125.60,54,75,1,2,125.37,0.00,0.50,0.02,6,24.00,2,1555.88,3,5,6,org.apache.jackrabbit.ntdoc.reporter.ReporterDelegator,0.00,15,1,17,0,15,8,0,18,368,2
"org.apache.jackrabbit.taglib.CdTag",7,0.00,1.14,22,0.16,2746.05,7,0,5,9,2,114.87,35,40,0,3,132.75,0.00,0.67,0.00,1,7.00,2,491.31,4,1,2,org.apache.jackrabbit.taglib.SetTag,0.83,2,2,8,0,2,6,0,10,131,1
"org.apache.jackrabbit.taglib.CountTag",12,0.09,1.42,66,0.85,27794.67,21,9,15,33,4,70.24,96,114,0,2,118.35,0.00,0.50,0.03,2,28.00,5,2541.20,1,1,4,javax.servlet.jsp.tagext.TagSupport,0.00,21,1,17,0,21,11,0,26,510,1
"org.apache.jackrabbit.taglib.IfPresentTag",8,0.14,1.50,42,0.48,16310.35,14,6,11,15,2,86.55,53,74,0,2,118.77,0.00,0.50,0.04,1,14.00,5,1430.02,1,0,2,javax.servlet.jsp.jstl.core.ConditionalTagSupport,0.00,7,1,12,0,7,8,0,17,303,1
"org.apache.jackrabbit.taglib.InitServlet",4,0.50,2.00,44,0.65,19775.12,6,2,14,31,1,152.90,7,58,0,2,102.90,0.00,0.50,0.12,2,6.00,4,1954.22,0,1,1,javax.servlet.http.HttpServlet,0.00,27,1,8,0,27,3,0,5,342,1
"org.apache.jackrabbit.taglib.NodesTag",18,0.06,1.33,90,1.10,32728.89,31,13,16,41,6,76.90,133,154,1,2,119.19,1.00,0.33,0.02,3,90.00,6,3285.49,1,3,5,javax.servlet.jsp.jstl.core.LoopTagSupport,0.00,23,1,24,1,23,15,0,37,677,1
"org.apache.jackrabbit.taglib.OutTag",9,0.12,1.33,47,0.55,18307.06,16,7,11,20,3,76.52,64,79,0,2,118.81,0.00,0.50,0.03,1,16.00,4,1654.67,1,0,3,javax.servlet.jsp.tagext.TagSupport,0.00,11,1,12,0,11,9,0,20,350,1
"org.apache.jackrabbit.taglib.PropertiesTag",13,0.09,1.38,67,0.84,27294.70,23,10,17,29,4,76.40,91,113,0,2,118.69,0.00,0.50,0.02,3,24.00,6,2520.44,1,1,4,javax.servlet.jsp.jstl.core.LoopTagSupport,0.00,16,1,18,0,16,12,0,30,513,1
"org.apache.jackrabbit.taglib.QueryTag",11,0.10,1.36,49,0.55,12267.77,17,6,12,26,2,92.25,67,86,0,2,124.47,0.00,0.50,0.08,3,39.00,3,1661.10,1,3,2,javax.servlet.jsp.jstl.core.LoopTagSupport,0.00,15,1,15,0,15,8,0,19,369,1
"org.apache.jackrabbit.taglib.SessionTag",13,0.04,2.23,100,1.23,48952.70,23,10,18,39,2,63.03,105,164,0,2,111.13,0.00,0.50,0.06,3,28.00,7,3689.28,1,2,2,javax.servlet.jsp.tagext.TagSupport,0.00,26,1,29,0,26,11,0,34,734,1
"org.apache.jackrabbit.taglib.SetTag",11,0.13,1.18,45,0.46,10873.03,18,7,11,20,3,92.70,73,77,1,2,124.92,1.00,0.33,0.03,2,29.00,3,1393.98,1,1,2,javax.servlet.jsp.tagext.TagSupport,0.00,9,1,13,1,9,10,0,22,321,1
"org.apache.jackrabbit.taglib.SizeTag",16,0.06,1.69,103,1.32,46926.19,29,13,19,42,5,72.26,124,173,0,2,114.55,0.00,0.50,0.02,3,54.00,6,3954.14,1,2,5,javax.servlet.jsp.tagext.TagSupport,0.00,26,1,27,0,26,14,0,38,773,1
"org.apache.jackrabbit.taglib.VersionsTag",1,1.00,2.00,10,0.13,2718.32,3,2,4,7,2,64.20,7,14,0,3,106.49,0.00,0.67,0.50,0,0.00,2,391.54,1,0,2,org.apache.jackrabbit.taglib.NodesTag,0.16,6,2,2,0,6,1,0,3,84,1
